Wavelength (nm),Sum(calc),C I (1.2e-2),C II (6.8e-4),C III (2.7e-12),Na I (2.5e-5),Na II (5.2e-4),Na III (1.9e-22),Mg I (6.9e-5),Mg II (5.7e-4),Mg III (3.4e-7),Al I (8.5e-2),Al II (5.7e-1),Al III (1.7e-5),Si I (2.1e-2),Si II (3.9e-2),Si III (1.8e-6),K I (1.1e-5),K II (3.6e-4),K III (1.0e-14),Ca I (4.3e-5),Ca II (1.1e-3),Ca III (1.5e-5),Ti I (2.0e-3),Ti II (3.4e-2),Ti III (6.9e-5),Cr I (7.8e-5),Cr II (8.0e-4),Mn I (3.1e-5),Mn II (2.5e-4),Fe I (2.7e-2),Fe II (1.5e-1),Fe III (2.0e-5),Zn I (8.0e-6),Zn II (1.3e-5),Y I (1.2e-4),Y II (3.4e-3),La I (7.6e-5),La II (3.4e-3),Ce I (6.3e-5),Ce II (3.4e-3),Pr II (3.3e-3),Nd I (4.3e-5),Nd II (3.5e-3),Sm I (4.8e-5),Sm II (3.4e-3),Eu I (7.9e-5),Eu II (3.4e-3),Tb II (3.3e-3),Dy I (8.9e-5),Dy II (3.5e-3),Ho I (1.8e-4),Ho II (3.3e-3),Er I (1.2e-4),Er II (3.4e-3),Tm I (1.1e-4),Tm II (3.4e-3),Yb I (1.1e-4),Yb II (3.4e-3),Lu I (1.8e-4),Lu II (3.4e-3)
198.51,5.074e-29,,2.009e-34,,,,,,,,,,,,,,,,,,,,,,,,,,,,,5.074e-29,,,,,,,,,,,,,,,,,,,,,,,,,,,,
198.54,1.033e-21,,1.716e-33,,,,,,,,,,,,,,,,,,,,,,,,,,,,1.033e-21,4.211e-28,,,,,,,,,,,,,,,,,,,,,,,,,,,,
198.56,4.292e-21,,6.997e-33,,,,,,,,,,,,,,,,,,,,,,,,,,,,4.292e-21,1.685e-27,,,,,,,,,,,,,,,,,,,,,,,,,,,,
198.59,3.509e-20,,5.560e-32,,,,,,,,,,,,,,,,,,,3.840e-40,,,,,,,,,3.509e-20,1.302e-26,,,,,,,,,,,,,,,,,,,,,,,,,,,,
198.61,1.390e-19,,2.162e-31,,,,,,,,,,,,,7.591e-37,,,,,,1.595e-39,,,,,,,,,1.390e-19,4.973e-26,,,,,,,,,,,,,,,,,,,,,,,,,,,,
198.63,5.404e-19,,8.247e-31,,,,,,,,,,,,,3.152e-36,,,,,,6.499e-39,,,,,,,,,5.404e-19,1.862e-25,,,,,,,,,,,,,,,,,,,,,,,,,,,,
198.66,3.996e-18,,5.927e-30,,,,,,,,,,,,,2.573e-35,,,,,,5.157e-38,,,,,,,,,3.996e-18,1.301e-24,,,,,,,,,,,,,,,,,,,,,,,,,,,,
198.68,1.481e-17,,2.155e-29,,,,,,,,,,,,,1.018e-34,,,,,,2.003e-37,,,,,,,2.492e-26,,1.481e-17,4.644e-24,,,,,,,,,,,,,,,,,,,,,,,,,,,,
198.71,1.019e-16,,1.442e-28,,,,,,,,,,,,,7.739e-34,,,,,,1.480e-36,,,,,,,2.120e-25,,1.019e-16,3.021e-23,,,,,,,,,,,,,,,,,,,,,,,,,,,,
198.73,3.600e-16,,4.999e-28,,,,,,,,,,,,,2.920e-33,,,,,,5.480e-36,,,,,,,8.625e-25,,3.600e-16,1.028e-22,,,,,,,,,,,,,,,,,,,,,,,,,,,,
198.76,2.306e-15,,3.113e-27,,,,,,,,,,,,,2.066e-32,,,,,,3.768e-35,,,,,,,6.830e-24,,2.306e-15,6.225e-22,,,,,,,,,,,,,,,,,,,,,,,,,,,,
198.78,7.768e-15,,1.029e-26,,,,,,,,,,,,,7.432e-32,,,,,,1.330e-34,,,,,,,2.650e-23,,7.768e-15,2.019e-21,,,,,,,,,,,,,,,,,,,,,,,,,,,,
198.81,4.632e-14,,5.963e-26,,,,,,,,,,,,,4.893e-31,,,,,,8.513e-34,,,,,,,1.953e-22,,4.632e-14,1.138e-20,,,,,,,,,,,,,,,,,,,,,,,,,,,,
198.83,1.487e-13,,1.878e-25,,,,,,,,,,,,,1.678e-30,,,,,,2.865e-33,,,,,,,7.224e-22,,1.487e-13,3.521e-20,,,,,,,,,,,,,,,,,,,,,,,,,,,,
198.86,8.254e-13,,1.013e-24,,,,,,,,,,,,,1.029e-29,,,,,,1.707e-32,,,,,,,4.957e-21,,8.254e-13,1.848e-19,,,,,,,,,,,,,,,,,,,,,,,,,,,,
198.88,2.526e-12,,3.044e-24,,,,,,,,,,,,,3.363e-29,,,,,,5.477e-32,,,,,,,1.748e-20,,2.526e-12,5.450e-19,,,,,,,,,,,,,,,,,,,,,,,,,,,,
198.91,1.305e-11,,1.528e-23,,,,1.177e-66,,,,,,,,,1.919e-28,,,,,,3.037e-31,,,,,,,1.117e-19,,1.305e-11,2.664e-18,,,,,,,,,,,,,,,,,,,,,,,,,,,,
198.93,3.808e-11,,4.376e-23,,,,4.911e-66,,,,,,,,,5.982e-28,,,,,,9.291e-31,,,,,,,3.754e-19,,3.808e-11,7.490e-18,,,,,,,,,,,,,,,,,,,,,,,,,,,,
198.96,1.831e-10,,2.045e-22,,,,4.040e-65,,,,,,,,,3.176e-27,,,,,,4.796e-30,,,,,,,2.232e-18,,1.831e-10,3.408e-17,,,,,,,,,,,,,,,,,,,,,,,,,,,,
198.98,5.094e-10,,5.583e-22,,,,1.607e-64,,,4.342e-52,,,,,,9.440e-27,,,,,,1.399e-29,,,,,,,7.154e-18,,5.094e-10,9.139e-17,,,,,,,,,,,,,,,,,,,,,,,,,,,,
199,1.390e-9,,1.495e-21,,,,6.276e-64,,,1.810e-51,,,,,2.342e-26,2.753e-26,,,,,,4.002e-29,,,,,,,2.250e-17,,1.390e-9,2.405e-16,,,,,,,,,,,,,,,,,,,,,,,,,,,,
199.03,6.047e-9,,6.320e-21,,,,7.659e-63,,,1.487e-50,,,,,1.952e-25,1.322e-25,,,,,,1.868e-28,,,,,,,1.210e-16,,6.047e-9,9.905e-16,,,,,,,,,,,,,,,,,,,,,,,,,,,,
199.05,1.573e-8,,1.613e-20,,,,2.961e-62,,,5.912e-50,,,,,7.832e-25,3.675e-25,,,,,,5.096e-28,,,,,,,3.628e-16,,1.573e-8,2.486e-15,,,,,,,,,,,,,,,,,,,,,,,,,,,,
199.08,6.368e-8,,6.348e-20,,,,2.180e-61,,,4.522e-49,,,,,6.076e-24,1.643e-24,,,,,,2.215e-27,,,,,,,1.817e-15,,6.368e-8,9.537e-15,,,,,,,,,,,,,,,,,,,,,,,,,,,,
199.1,1.579e-7,,1.545e-19,,,,8.077e-61,,,1.714e-48,,,,,2.325e-23,4.355e-24,,,,,,5.759e-27,,,,,,,5.192e-15,,1.579e-7,2.283e-14,,,,,,,,,,,,,,,,,,,,,,,,,,,,
199.13,5.952e-7,,5.658e-19,,,,5.583e-60,,,1.221e-47,,,,,1.679e-22,1.813e-23,,,,,,2.330e-26,,,,,,,2.421e-14,,5.952e-7,8.162e-14,,,,,,,,,,,,,,,,,,,,,,,,,,,,
199.15,1.407e-6,,1.313e-18,,,,1.984e-59,,,4.413e-47,,,,,6.128e-22,4.579e-23,,,,,,5.776e-26,,,,,,,6.596e-14,,1.407e-6,1.864e-13,,,,,,,,,,,,,,,,,,,,,,,,,,,,
199.18,4.936e-6,,4.475e-18,,,,1.287e-58,,,2.927e-46,,,,,4.121e-21,1.774e-22,,,,,,2.175e-25,,,,,,,2.862e-13,,4.936e-6,6.212e-13,,,,,,,,,,,,,,,,,,,,,,,,,,,,
199.2,1.113e-5,,9.897e-18,,,,4.384e-58,,,1.009e-45,,,,,1.434e-20,4.273e-22,,,,,,5.140e-25,,,,,,,7.436e-13,,1.113e-5,1.354e-12,,,,,,,,,,,,,,,,,,,,,,,,,,,,
199.23,3.632e-5,,3.140e-17,,,,2.670e-57,,,6.228e-45,,,,,8.979e-20,1.541e-21,,,,,,1.802e-24,,,1.577e-28,,,,3.004e-12,,3.632e-5,4.207e-12,,,,,,,,,,,,,,,,,,,,,,,,,,,,
199.25,7.805e-5,,6.621e-17,,,,8.719e-57,,,2.047e-44,,,,,2.979e-19,3.538e-21,,,,,,4.059e-24,,,7.115e-28,,,,7.440e-12,,7.805e-5,8.754e-12,,,,,,,,,,,,,,,,,,,,,,,,,,,,
199.28,2.372e-4,,1.956e-16,,,,4.982e-56,,,1.177e-43,,,,,1.737e-18,1.188e-20,,,,,,1.325e-23,,,5.827e-27,,,,2.798e-11,,2.372e-4,2.538e-11,,,,,,,,,,,,,,,,,,,,,,,,,,,,
199.3,4.859e-4,,3.931e-16,,,,1.559e-55,,,3.688e-43,,,,,5.495e-18,2.600e-20,,,,,,2.845e-23,,,2.312e-26,,,,6.607e-11,,4.859e-4,5.044e-11,,,,,,,,,,,,,,,,,,,,,,,,,,,,
199.33,1.374e-3,,1.081e-15,,,,8.355e-55,,,1.974e-42,,,,,2.983e-17,8.126e-20,,,,,,8.641e-23,,,1.764e-25,,,,2.313e-10,,1.374e-3,1.366e-10,,,,,,,,,,,,,,,,,,,,,,,,,,,,
199.35,2.684e-3,,2.070e-15,,,,2.504e-54,,,5.898e-42,,,,,8.998e-17,1.696e-19,,,,,,1.769e-22,,,6.676e-25,,,,5.207e-10,,2.684e-3,2.593e-10,,,,,,,,,,,,,,,,,,,,,,,,,,,,
199.37,5.142e-3,,3.892e-15,,,,7.376e-54,,,1.729e-41,,,,,2.663e-16,3.472e-19,,,,,,3.555e-22,,,2.479e-24,,,,1.150e-9,,5.142e-3,4.837e-10,,,,,,,,,,,,,,,,,,,,,,,,,,,,
199.4,1.316e-2,,9.677e-15,,,,3.609e-53,,,8.376e-41,,,,,1.308e-15,9.814e-19,,,,,,9.766e-22,,,1.712e-23,,,,3.642e-9,,1.316e-2,1.192e-9,,,,,,,,,,,,,,,,,,,,,,,,,,,,
199.42,2.403e-2,,1.734e-14,2.476e-46,,,1.018e-52,,,2.341e-40,,,,,3.692e-15,1.916e-18,,,,,,1.870e-21,,,6.062e-23,,,,7.669e-9,,2.403e-2,2.126e-9,,,,,,,,,,,,,,,,,,,,,,,,,,,,
199.45,5.722e-2,,4.014e-14,2.823e-45,,,4.662e-52,,,1.056e-39,,,,,1.689e-14,5.040e-18,,,,,,4.783e-21,,,3.899e-22,,,,2.261e-8,,5.722e-2,4.902e-9,,,,,,,,,,,,,,,,,,,,,,,,,,,,
199.47,9.962e-2,,6.857e-14,1.146e-44,,,1.258e-51,,,2.815e-39,,,,,4.544e-14,9.379e-18,,,,,,8.733e-21,,,1.317e-21,,,,4.539e-8,,9.962e-2,8.372e-9,,,,,,,,,,,,,,,,,,,,,,,,,,,,
199.5,2.208e-1,,1.477e-13,9.167e-44,,,5.390e-51,,,1.182e-38,,,,,1.935e-13,2.297e-17,,,,,,2.079e-20,,,7.888e-21,,,,1.246e-7,,2.208e-1,1.810e-8,,,,,,,,,,,,,,,,,,,,,,,,,,,,
199.52,3.665e-1,,2.406e-13,3.552e-43,,,1.391e-50,,,3.004e-38,,,,,4.966e-13,4.075e-17,,,,,,3.619e-20,,,2.541e-20,,,,2.384e-7,,3.665e-1,2.962e-8,,,,,,,,,,,,,,,,,,,,,,,,,,,,
199.55,7.563e-1,,4.823e-13,2.616e-42,,,5.572e-50,,,1.175e-37,,,,,1.969e-12,9.291e-17,,,,,,8.019e-20,,,1.418e-19,,,,6.091e-7,,7.563e-1,6.011e-8,,,,,,,,,,,,,,,,,,,,,,,,,,,,
199.57,1.197e+0,,7.488e-13,9.673e-42,,,1.374e-49,,,2.847e-37,,,,,4.818e-12,1.571e-16,,,,,,1.331e-19,,,4.355e-19,,,,1.111e-6,,1.197e+0,9.438e-8,,,,,,,,,,,,,,,,,,,,,,,,,,,,
199.6,2.298e+0,,1.398e-12,6.641e-41,,,5.143e-49,,,1.036e-36,,,,,1.779e-11,3.335e-16,,,,,,2.745e-19,,,2.263e-18,,,,2.643e-6,,2.298e+0,1.801e-7,,,,,,,,,,,,,,,,,,,,,,,,,,,,
199.62,3.467e+0,,2.069e-12,2.343e-40,,,1.212e-48,,,2.395e-36,,,,,4.150e-11,5.377e-16,,,,,,4.344e-19,,,6.629e-18,,,,4.599e-6,,3.467e+0,2.716e-7,,,,,,,,,,,,,,,,,,,,,,,,,,,,
199.65,6.197e+0,,3.593e-12,1.500e-39,,,4.236e-48,,,8.118e-36,,,,,1.427e-10,1.062e-15,,,,,,8.342e-19,,,3.208e-17,,,,1.018e-5,,6.197e+0,4.883e-7,,,,,,,,,,,,,,,,,,,,,,,,,,,,
199.67,8.912e+0,,5.070e-12,5.051e-39,,,9.534e-48,,,1.789e-35,,,,,3.174e-10,1.633e-15,,,,,,1.258e-18,,,8.965e-17,,,,1.689e-5,,8.912e+0,7.080e-7,,,,,,,,,,,,,,,,,,,,,,,,,,,,
199.7,1.483e+1,,8.198e-12,3.014e-38,,,3.110e-47,,,5.646e-35,,,,,1.016e-9,3.002e-15,,,,,,2.250e-18,,,4.041e-16,,,,3.480e-5,,1.483e+1,1.201e-6,,,,,,,,,,,,,,,,,,,,,,,,,,,,
199.72,2.033e+1,,1.103e-11,9.688e-38,,,6.684e-47,,,1.186e-34,,,,,2.155e-9,4.400e-15,,,,,,3.236e-18,,,1.077e-15,,,,5.503e-5,,2.033e+1,1.676e-6,,,,,,,,,,,,,,,,,,,,,,,,,,,,
199.75,3.148e+1,,1.660e-11,5.391e-37,,,2.034e-46,,,3.486e-34,,,,,6.423e-9,7.530e-15,,,,,,5.388e-18,,,4.521e-15,,,,1.056e-4,,3.148e+1,2.686e-6,,,,,,,,,,,,,,,,,,,,,,,,,,,,
199.77,4.115e+1,,2.128e-11,1.654e-36,,,4.173e-46,,,6.984e-34,,,,,1.299e-8,1.052e-14,,,,,,7.391e-18,,,1.149e-14,,,,1.592e-4,,4.115e+1,3.611e-6,,,,,,,,,,,,,,,,,,,,,,,,,,,,
199.79,5.276e+1,,2.677e-11,4.979e-36,,,8.403e-46,,,1.373e-33,,,,,2.578e-8,1.442e-14,,,,,,9.947e-18,,,2.866e-14,,,,2.354e-4,,5.276e+1,4.784e-6,,,,,,,,,,,,,,,,,,,,,,,,,,,,
199.82,7.391e+1,,3.644e-11,2.512e-35,,,2.319e-45,,,3.650e-33,,,,,6.952e-8,2.233e-14,,,,,,1.499e-17,,,1.089e-13,,,,4.086e-4,,7.391e+1,7.100e-6,,,,,,,,,,,,,,,,,,,,,,,,,,,,
199.84,9.034e+1,,4.370e-11,7.220e-35,,,4.456e-45,,,6.842e-33,,,,,1.315e-7,2.917e-14,,,,,,1.925e-17,,,2.591e-13,,,,5.762e-4,,9.034e+1,9.076e-6,,,,,,,,,,,,,,,,,,,,,,,,,,,,
199.87,1.178e+2,,5.537e-11,3.397e-34,,,1.146e-44,,,1.694e-32,,,,,3.304e-7,4.205e-14,,,,,,2.703e-17,,,9.171e-13,,,,9.309e-4,,1.178e+2,1.278e-5,,,,,,,,,,,,,,,,,,,,,,,,,,,,
199.89,1.373e+2,,6.331e-11,9.321e-34,,,2.102e-44,,,3.028e-32,,,,,5.960e-7,5.238e-14,,,,,,3.311e-17,,,2.080e-12,,,,1.251e-3,,1.373e+2,1.578e-5,,,,,,,,,,,,,,,,,,,,,,,,,,,,
199.92,1.666e+2,,7.466e-11,4.091e-33,,,5.038e-44,,,6.980e-32,,,,,1.394e-6,7.027e-14,,,,,,4.335e-17,,,6.860e-12,,,,1.882e-3,,1.666e+2,2.114e-5,,,,,,,,,,,,,,,,,,,,,,,,,,,,
199.94,1.851e+2,,8.137e-11,1.071e-32,,,8.815e-44,,,1.189e-31,,,,,2.398e-6,8.346e-14,,,,,,5.070e-17,,,1.484e-11,,,,2.413e-3,,1.851e+2,2.528e-5,,,,,,,,,,,,,,,,,,,,,,,,,,,,
199.97,2.091e+2,,8.932e-11,4.386e-32,,,1.969e-43,,,2.553e-31,,,,,5.220e-6,1.042e-13,,,,,,6.197e-17,,,4.558e-11,,,,3.378e-3,,2.091e+2,3.235e-5,,,,,,,,,,,,,,,,,,,,,,,,,,,,
199.99,2.214e+2,,9.280e-11,1.097e-31,,,3.286e-43,,,4.149e-31,,,,,8.563e-6,1.180e-13,,,,,,6.926e-17,,,9.405e-11,,,,4.128e-3,,2.214e+2,3.762e-5,,,,,,,,,,,,,,,,,,,,,,,,,,,,
200.02,2.328e+2,,9.482e-11,4.187e-31,,,6.838e-43,,,8.291e-31,,,,,1.736e-5,1.372e-13,,,,,,7.915e-17,,,2.690e-10,,,,5.380e-3,,2.328e+2,4.629e-5,,,,,,,,,,,,,,,,,,,,,,,,,,,,
200.04,2.350e+2,,9.392e-11,9.996e-31,,,1.089e-42,,,1.285e-30,,,,,2.715e-5,1.481e-13,,,,,,8.465e-17,,,5.294e-10,,,,6.267e-3,,2.350e+2,5.257e-5,,,,,,,,,,,,,,,,,,,,,,,,,,,,
200.07,2.300e+2,,8.932e-11,3.561e-30,,,2.110e-42,,,2.391e-30,,,,,5.125e-5,1.602e-13,,,,,,9.069e-17,,,1.411e-9,,,,7.604e-3,,2.300e+2,6.271e-5,,,,,,,,,,,,,,,,,,,,,,,,,,,,
200.09,2.214e+2,,8.434e-11,8.118e-30,,,3.204e-42,,,3.532e-30,,2.663e-24,,,7.644e-5,1.649e-13,,,,,,9.301e-17,,,2.647e-9,,,,8.446e-3,,2.214e+2,6.994e-5,,,,,,,,,,,,,,,,,,,,,,,,,,,,
200.12,2.017e+2,,7.466e-11,2.699e-29,,,5.786e-42,,,6.120e-30,,3.271e-23,,,1.344e-4,1.660e-13,,,,,,9.378e-17,,,6.570e-9,,,,9.539e-3,,2.017e+2,8.148e-5,,,,,,,,,,,,,,,,,,,,,,,,,,,,
200.14,1.851e+2,,6.720e-11,5.874e-29,,,8.380e-42,,,8.621e-30,,1.323e-22,,,1.911e-4,1.629e-13,,,,,,9.252e-17,,,1.176e-8,,,,1.010e-2,,1.851e+2,8.964e-5,,,,,,,,,,,,,,,,,,,,,,,,,,,,
200.16,1.666e+2,,5.935e-11,1.255e-28,,,1.191e-41,,,1.192e-29,,5.248e-22,,,2.666e-4,1.568e-13,,,,,,8.996e-17,,,2.066e-8,,,,1.049e-2,,1.666e+2,9.813e-5,,,,,,,,,,,,,,,,,,,,,,,,,,,,
200.19,1.373e+2,,4.752e-11,3.788e-28,,,1.946e-41,,,1.868e-29,,4.004e-21,,,4.240e-4,1.428e-13,,,,,,8.410e-17,,,4.642e-8,,,,1.072e-2,,1.373e+2,1.114e-4,,,,,,,,,,,,,,,,,,,,,,,,,,,,
200.21,1.179e+2,,4.000e-11,7.731e-28,,,2.638e-41,,,2.462e-29,,1.516e-20,,,5.641e-4,1.311e-13,,,,,,7.913e-17,,,7.776e-8,,,,1.062e-2,,1.179e+2,1.204e-4,,,,,,,,,,,,,,,,,,,,,,,,,,,,
200.24,9.049e+1,,2.981e-11,2.177e-27,,,4.016e-41,,,3.594e-29,,1.078e-19,,,8.354e-4,1.112e-13,,,,,,7.067e-17,,,1.627e-7,,,,1.010e-2,,9.048e+1,1.340e-4,,,,,,,,,,,,,,,,,,,,,,,,,,,,
200.26,7.413e+1,,2.393e-11,4.244e-27,,,5.190e-41,,,4.517e-29,,3.893e-19,,,1.060e-3,9.725e-14,,,,,,6.465e-17,,,2.600e-7,,,,9.539e-3,,7.412e+1,1.427e-4,,,,,,,,,,,,,,,,,,,,,,,,,,,,
200.29,5.316e+1,,1.660e-11,1.116e-26,,,7.358e-41,,,6.140e-29,,2.580e-18,,,1.461e-3,7.678e-14,,,,,,5.553e-17,,,5.069e-7,,,,8.446e-3,,5.315e+1,1.549e-4,,,,,,,,,,,,,,,,,,,,,,,,,,,,
200.31,4.173e+1,,1.270e-11,2.078e-26,,,9.069e-41,,,7.357e-29,,8.891e-18,,,1.768e-3,6.406e-14,,,,,,4.958e-17,,,7.725e-7,,,,7.604e-3,,4.172e+1,1.621e-4,,,,,,,,,,,,,,,,,,,,,,,,,,,,
200.34,2.833e+1,,8.198e-12,5.101e-26,,,1.197e-40,,,9.311e-29,,5.491e-17,,,2.269e-3,4.713e-14,,,,,,4.113e-17,,,1.403e-6,,,,6.267e-3,,2.832e+1,1.711e-4,,,,,,,,,,,,,,,,,,,,,,,,,,,,
200.36,2.170e+1,,5.979e-12,9.072e-26,,,1.407e-40,,,1.064e-28,,1.806e-16,,,2.618e-3,3.755e-14,,,,,,3.590e-17,,,2.039e-6,,,,5.380e-3,,2.169e+1,1.756e-4,,,,,,,,,,,,,,,,,,,,,,,,,,,,
200.39,1.475e+1,,3.593e-12,2.080e-25,,,1.730e-40,,,1.254e-28,,1.040e-15,,,3.129e-3,2.590e-14,,,,,,2.877e-17,,,3.449e-6,,,,4.128e-3,,1.474e+1,1.799e-4,,,,,,,,,,,,,,,,,,,,,,,,,,,,
200.41,1.181e+1,,2.499e-12,3.534e-25,,,1.939e-40,,,1.366e-28,,3.262e-15,,,3.441e-3,1.991e-14,,,,,,2.452e-17,,,4.782e-6,,,,3.378e-3,,1.180e+1,1.813e-4,,,,,,,,,,,,,,,,,,,,,,,,,,,,
200.44,9.413e+0,,1.398e-12,7.564e-25,,,2.220e-40,,,1.499e-28,,1.750e-14,,,3.830e-3,1.338e-14,,,,,,1.890e-17,,,7.535e-6,,,,2.413e-3,,9.407e+0,1.811e-4,,,,,,,,,,,,,,,,,,,,,,,,,,,,
200.46,8.902e+0,,9.264e-13,1.228e-24,,,2.373e-40,,,1.557e-28,,5.239e-14,,,4.017e-3,1.052e-14,,,,,,1.566e-17,,,9.965e-6,,,,1.882e-3,,8.895e+0,1.799e-4,,,,,,,,,,,,,,,,,,,,,,,,,,,,
200.49,9.365e+0,,4.823e-13,2.455e-24,,,2.530e-40,,,1.591e-28,,2.620e-13,,,4.163e-3,8.277e-15,,,,,,1.154e-17,,,1.463e-5,,,,1.251e-3,,9.360e+0,1.767e-4,,,,,,,,,,,,,,,,,,,,,,,,,,,,
200.51,1.030e+1,,3.048e-13,3.809e-24,,,2.578e-40,,,1.575e-28,,7.483e-13,,,4.163e-3,8.074e-15,,,,,,9.255e-18,,,1.846e-5,,,,9.309e-4,,1.030e+1,1.742e-4,,,,,,,,,,,,,,,,,,,,,,,,,,,,
200.53,1.160e+1,,1.889e-13,5.803e-24,,,2.578e-40,,,1.531e-28,,2.098e-12,,,4.084e-3,8.909e-15,,,,,,7.318e-18,,,2.286e-5,,,,6.793e-4,,1.160e+1,1.716e-4,,,,,,,,,,,,,,,,,,,,,,,,,,,,
200.56,1.402e+1,,8.898e-14,1.055e-23,,,2.488e-40,,,1.415e-28,,9.507e-12,,,3.830e-3,1.225e-14,,,,,,5.002e-18,,,3.042e-5,,,,4.086e-4,,1.402e+1,1.682e-4,,,,,,,,,,,,,,,,,,,,,,,,,,,,
200.58,1.582e+1,,5.258e-14,1.535e-23,,,2.373e-40,,,1.312e-28,,2.543e-11,,,3.583e-3,1.603e-14,,,,,,3.805e-18,,,3.597e-5,,,,2.843e-4,,1.582e+1,1.665e-4,,,,,,,,,,,,,,,,,,,,,,,,,,,,
200.61,1.864e+1,,2.305e-14,2.607e-23,,,2.132e-40,,,1.129e-28,,1.074e-10,,,3.129e-3,2.443e-14,,,,,,2.448e-18,,,4.468e-5,,,,1.592e-4,,1.863e+1,1.652e-4,,,,,,,,,,,,,,,,,,,,,,,,,,,,
200.63,2.052e+1,,1.299e-14,3.627e-23,,,1.939e-40,,,9.977e-29,,2.741e-10,,,2.791e-3,3.211e-14,,,,,,1.787e-18,,,5.048e-5,,,,1.056e-4,,2.052e+1,1.652e-4,,,,,,,,,,,,,,,,,,,,,,,,,,,,
200.66,2.333e+1,,5.298e-15,5.754e-23,,,1.623e-40,,,7.996e-29,,1.079e-9,,,2.269e-3,4.712e-14,,,,,,1.078e-18,,,5.865e-5,,,,5.503e-5,,2.332e+1,1.663e-4,,,,,,,,,,,,,,,,,,,,,,,,,,,,
200.68,2.522e+1,,2.846e-15,7.651e-23,,,1.408e-40,,,6.737e-29,,2.628e-9,,,1.930e-3,5.961e-14,,,,,,7.528e-19,,,6.347e-5,,,,3.480e-5,,2.522e+1,1.675e-4,,,,,,,,,,,,,,,,,,,,,,,,,,,,
200.71,2.830e+1,,1.081e-15,1.134e-22,,,1.099e-40,,,5.027e-29,,9.642e-9,,,1.461e-3,8.206e-14,,,,,,4.248e-19,,,6.935e-5,,,,1.689e-5,,2.830e+1,1.694e-4,,,,,,,,,,,,,,,,,,,,,,,,,,,,
200.73,3.070e+1,,5.534e-16,1.441e-22,,,9.095e-41,,,4.039e-29,,2.241e-8,,,1.185e-3,9.929e-14,,,,,,2.835e-19,,,7.222e-5,,,,1.018e-5,,3.070e+1,1.703e-4,,,,,,,,,,,,,,,,,,,,,,,,,,,,
200.76,3.522e+1,,1.962e-16,1.996e-22,,,6.619e-41,,,2.806e-29,,7.663e-8,,,8.354e-4,1.277e-13,,,,,,1.493e-19,,,7.492e-5,,,,4.599e-6,,3.522e+1,1.701e-4,,,,,,,,,,,,,,,,,,,,,,,,,,,,
200.78,3.914e+1,,9.716e-17,2.425e-22,,,5.236e-41,,,2.150e-29,,1.699e-7,,,6.462e-4,1.477e-13,,,,,,9.518e-20,,,7.577e-5,,,,2.643e-6,,3.913e+1,1.686e-4,,,,,,,,,,,,,,,,,,,,,,,,,,,,
200.81,4.681e+1,,3.840e-17,3.138e-22,,,3.567e-41,,,1.391e-29,,5.416e-7,,,4.243e-4,1.775e-13,,,,,,4.676e-20,,,7.600e-5,,,,1.111e-6,,4.681e+1,1.635e-4,,,,,,,,,,,,,,,,,,,,,,,,,,,,
200.83,5.333e+1,,3.214e-17,3.643e-22,,,2.706e-41,,,1.016e-29,,1.146e-6,,,3.132e-4,1.961e-13,,,,,,2.844e-20,,,7.576e-5,,,,6.091e-7,,5.333e+1,1.582e-4,,,,,,,,,,,,,,,,,,,,,,,,,,,,
200.86,6.541e+1,,7.166e-17,4.405e-22,,,1.744e-41,,,6.120e-30,,3.404e-6,,,1.924e-4,2.203e-13,,,,,,1.302e-20,,,7.539e-5,,,,2.384e-7,,6.540e+1,1.474e-4,,,,,,,,,,,,,,,,,,,,,,,,,,,,
200.88,7.490e+1,,1.628e-16,4.888e-22,,,1.286e-41,,,4.262e-30,,6.873e-6,,,1.367e-4,2.327e-13,,,,,,7.554e-21,,,7.543e-5,,,,1.246e-7,,7.490e+1,1.386e-4,,,,,,,,,,,,,,,,,,,,,,,,,,,,
200.9,8.536e+1,,3.787e-16,5.326e-22,,,9.466e-42,,,2.913e-30,,1.362e-5,,,9.683e-5,2.415e-13,,,,,,4.301e-21,,,7.588e-5,,,,6.385e-8,,8.536e+1,1.288e-4,,,,,,,,,,,,,,,,,,,,,,,,,,,,
200.93,1.022e+2,,1.315e-15,5.857e-22,,,6.096e-42,,,1.588e-30,,3.667e-5,,,6.061e-5,2.468e-13,,,,,,1.783e-21,,,7.741e-5,,,,2.261e-8,,1.022e+2,1.131e-4,,,,,,,,,,,,,,,,,,,,,,,,,,,,
200.95,1.136e+2,,2.950e-15,6.099e-22,,,4.713e-42,,,1.035e-30,,6.932e-5,,,4.944e-5,2.450e-13,,,,,,9.682e-22,,,7.895e-5,,,,1.105e-8,,1.136e+2,1.025e-4,,,,,,,,,,,,,,,,,,,,,,,,,,,,
200.98,1.295e+2,,9.578e-15,6.266e-22,,,3.543e-42,,,5.251e-31,,1.740e-4,,,5.049e-5,2.342e-13,,,,,,3.744e-22,,,8.169e-5,,,,3.642e-9,,1.295e+2,8.731e-5,,,,,,,,,,,,,,,,,,,,,,,,,,,,
201,1.387e+2,,2.052e-14,6.236e-22,,,3.186e-42,,,3.262e-31,,3.139e-4,,,6.408e-5,2.223e-13,,,,,,1.950e-22,,,8.348e-5,,,,1.697e-9,,1.387e+2,7.816e-5,,,,,,,,,,,,,,,,,,,,,,,,,,,,
201.03,1.489e+2,,6.219e-14,5.984e-22,,,3.059e-42,,,1.542e-31,,7.343e-4,,,1.098e-4,1.989e-13,,,,,,7.441e-23,,,8.546e-5,,,,5.207e-10,,1.489e+2,6.639e-5,,9.096e-23,,,,,,,,,,,,,,,,,,,,,,,,,,
201.05,1.528e+2,,1.273e-13,5.691e-22,,,3.147e-42,,,9.133e-32,,1.264e-3,,,1.634e-4,1.807e-13,,,,,,4.491e-23,,,8.594e-5,,,,2.313e-10,,1.528e+2,6.000e-5,,3.719e-22,,,,,,,,,,,,,,,,,,,,,,,,,,
201.08,1.537e+2,,3.600e-13,5.102e-22,,,3.412e-42,2.867e-22,,4.019e-32,,2.756e-3,,,2.957e-4,1.513e-13,,,,,,4.433e-23,,,8.486e-5,,,,6.607e-11,,1.537e+2,5.259e-5,,2.969e-21,,,,,,,,,,,,,,,,,,,,,,,,,,
201.1,1.509e+2,,7.036e-13,4.636e-22,,,3.621e-42,1.150e-21,,2.270e-32,,4.528e-3,,,4.321e-4,1.315e-13,,,,,,7.371e-23,,,8.276e-5,,,,2.798e-11,,1.509e+2,4.896e-5,,1.159e-20,,,,,,,,,,,,,,,,,,,,,,,,,,
201.13,1.421e+2,,1.858e-12,3.881e-22,,,3.909e-42,8.920e-21,,9.300e-33,,9.203e-3,,,7.404e-4,1.031e-13,,,,,,1.995e-22,,,7.750e-5,,,,7.440e-12,,1.421e+2,4.513e-5,,8.624e-20,,,,,,,,,,,,,,,,,,,,,,,,,,
201.15,1.337e+2,,3.468e-12,3.370e-22,,,4.054e-42,3.415e-20,,5.010e-33,,1.442e-2,,,1.038e-3,8.577e-14,,,,,,3.933e-22,,,7.270e-5,,,,3.004e-12,,1.337e+2,4.336e-5,,3.212e-19,,,,,,,,,,,,,,,,,,,,,,,,,,
201.18,1.186e+2,,8.548e-12,2.634e-22,,,4.160e-42,2.470e-19,,1.911e-33,,2.733e-2,,,1.667e-3,6.297e-14,,,,,,1.060e-21,,,6.396e-5,,,,7.436e-13,,1.186e+2,4.144e-5,,2.229e-18,,,,,,,,,,,,,,,,,,,,,,,,,,
201.2,1.078e+2,,1.524e-11,2.185e-22,,,4.145e-42,9.026e-19,,9.815e-34,,4.088e-2,,,2.238e-3,5.014e-14,,,,,,2.006e-21,,,5.745e-5,,,,2.862e-13,,1.078e+2,4.041e-5,,7.924e-18,,,,,,,,,,,,,,,,,,,,,,,,,,
201.23,9.191e+1,,3.508e-11,1.595e-22,,,3.989e-42,6.088e-18,,3.486e-34,,7.220e-2,,,3.374e-3,3.447e-14,,,,,,5.045e-21,,,4.727e-5,,,,6.596e-14,,9.184e+1,3.890e-5,,5.129e-17,,,,,,,,,,,,,,,,,,,,,,,,,,
201.25,8.239e+1,,5.975e-11,1.264e-22,,,3.801e-42,2.123e-17,,1.707e-34,,1.030e-1,,,4.346e-3,2.627e-14,,,,,,9.115e-21,,,4.057e-5,,,,2.421e-14,,8.228e+1,3.782e-5,,1.740e-16,,,,,,,,,,,,,,,,,,,,,,,,,,
201.27,7.428e+1,,9.995e-11,9.830e-23,,,3.557e-42,7.269e-17,,8.203e-35,,1.444e-1,,,5.510e-3,1.967e-14,,,,,,1.616e-20,,,3.418e-5,,,,8.716e-15,,7.413e+1,3.662e-5,,5.795e-16,,,,,,,,,,,,,,,,,,,,,,,,,,
201.3,6.550e+1,,2.089e-10,6.516e-23,,,3.111e-42,4.446e-16,,2.636e-35,,2.311e-1,,,7.638e-3,1.234e-14,,,,,,3.684e-20,,,2.552e-5,,,,1.817e-15,,6.526e+1,3.460e-5,,3.400e-15,,,,,,,,,,,,,,,,,,,,,,,,,,
201.32,6.217e+1,,3.338e-10,4.841e-23,,,2.781e-42,1.452e-15,,1.208e-35,,3.089e-1,,,9.319e-3,8.843e-15,,,,,,6.232e-20,,,2.052e-5,,,,6.236e-16,,6.186e+1,3.314e-5,,1.081e-14,,,,,,,,,,,,,,,,,,,,,,,,,,
201.35,6.107e+1,,6.516e-10,2.995e-23,,,2.270e-42,8.283e-15,,3.615e-36,,4.609e-1,,,1.222e-2,5.192e-15,,,,,,1.324e-19,,,1.428e-5,,,,1.210e-16,,6.060e+1,3.089e-5,,5.914e-14,,,,,,,,,,,,,,,,,,,,,,,,,,
201.37,6.274e+1,,9.948e-10,2.125e-23,,,1.939e-42,2.583e-14,,1.579e-36,,5.879e-1,,,1.440e-2,3.561e-15,,,,,,2.137e-19,,,1.095e-5,,,,3.961e-17,,6.214e+1,2.941e-5,,1.794e-13,,,,,,,,,,,,,,,,,,,,,,,,,,
201.4,6.822e+1,,1.813e-9,1.227e-23,,,1.479e-42,1.374e-13,,4.400e-37,,8.177e-1,,,1.794e-2,1.957e-15,,,,,,4.230e-19,,,7.103e-6,,,,7.154e-18,,6.739e+1,2.732e-5,,9.153e-13,,,,,,,,,,,,,,,,,,,,,,,,,,
201.42,7.335e+1,,2.645e-9,8.312e-24,,,1.209e-42,4.089e-13,,1.833e-37,,9.954e-1,,,2.045e-2,1.284e-15,,,,,,6.515e-19,,,5.198e-6,,,,2.232e-18,,7.234e+1,2.606e-5,,2.650e-12,,,,,,,,,,,,,,,,,,,,,,,,,,
201.45,8.228e+1,,4.501e-9,4.478e-24,,,8.656e-43,2.027e-12,,4.755e-38,,1.291e+0,,,2.433e-2,6.605e-16,,,,,,1.202e-18,,,3.140e-6,,,,3.754e-19,,8.097e+1,2.438e-5,,1.261e-11,,,,,,,,,,,,,,,,,,,,,,,,,,
201.47,8.847e+1,,6.273e-9,2.897e-24,,,6.796e-43,5.760e-12,,1.889e-38,,1.499e+0,,,2.690e-2,4.146e-16,,,,,,1.767e-18,,,2.192e-6,,,,1.117e-19,,8.695e+1,2.341e-5,,3.484e-11,,,,,,,,,,,,,,,,,,,,,,,,,,
201.5,9.725e+1,,9.971e-9,1.456e-24,,,4.612e-43,2.663e-11,,4.563e-39,,1.812e+0,,,3.060e-2,1.995e-16,,,,,,3.038e-18,,,1.233e-6,,,,1.748e-20,,9.541e+1,2.216e-5,,1.546e-10,,,,,,,,,,,,,,,,,,,,,,,,,,
201.52,1.024e+2,,1.327e-8,8.989e-25,,,3.518e-43,7.222e-11,,1.728e-39,,2.009e+0,,,3.286e-2,1.197e-16,,,,,,4.260e-18,,,8.211e-7,,,,4.957e-21,,1.004e+2,2.144e-5,,4.077e-10,,,,,,,,,,,,,,,,,,,,,,,,,,
201.55,1.087e+2,,1.971e-8,4.214e-25,,,2.324e-43,3.114e-10,,3.887e-40,,2.263e+0,,,3.577e-2,5.386e-17,,,,,,6.828e-18,,,4.304e-7,,,,7.224e-22,,1.064e+2,2.048e-5,,1.686e-9,,,,,,,,,,,,,,,,,,,,,,,,,,
201.57,1.121e+2,,2.507e-8,2.484e-25,,,1.769e-43,8.058e-10,,1.404e-40,,2.394e+0,,,3.729e-2,3.092e-17,,,,,,9.135e-18,,,2.733e-7,,,,1.953e-22,,1.097e+2,1.990e-5,,4.245e-9,,,,,,,,,,,,,,,,,,,,,,,,,,
201.6,1.162e+2,,3.475e-8,1.086e-25,,,1.206e-43,3.240e-9,,2.940e-41,,2.515e+0,,,3.878e-2,1.300e-17,,,,,,1.365e-17,,,1.335e-7,,,,2.650e-23,,1.136e+2,1.909e-5,,1.637e-8,,,,,,,,,,,,,,,,,,,,,,,,,,
201.62,1.187e+2,,4.224e-8,6.111e-26,,,9.620e-44,8.003e-9,,1.012e-41,,2.539e+0,,,3.917e-2,7.131e-18,,,,,,1.742e-17,,,8.082e-8,,,,6.830e-24,,1.161e+2,1.858e-5,,3.934e-8,,,,,,,,,,,,,,,,,,,,,,,,,,
201.65,1.230e+2,,5.468e-8,2.491e-26,,,7.293e-44,3.000e-8,,1.974e-42,,2.487e+0,,,3.878e-2,2.801e-18,,,,,,2.425e-17,,,3.676e-8,,,,8.625e-25,,1.204e+2,1.782e-5,,1.415e-7,,,,,,,,,,,,,,,,,,,,,,,,,,
201.67,1.266e+2,,6.349e-8,1.338e-26,,,6.337e-44,7.073e-8,,6.481e-43,,2.396e+0,,,3.786e-2,1.469e-18,,,,,,2.954e-17,,,2.124e-8,,,,2.120e-25,,1.242e+2,1.732e-5,,3.245e-7,,,,,,,,,,,,,,,,,,,,,,,,,,
201.69,1.311e+2,,7.239e-8,7.055e-27,,,5.686e-44,1.637e-7,,2.088e-43,,2.266e+0,,,3.642e-2,7.560e-19,,,,,,3.531e-17,,,1.204e-8,,,,4.497e-25,,1.288e+2,1.680e-5,,7.304e-7,,,,,,,,,,,,,,,,,,,,,,,,,,
201.72,1.400e+2,,8.516e-8,2.607e-27,,,5.072e-44,5.564e-7,,3.684e-44,,2.012e+0,,,3.342e-2,2.698e-19,,,,,,4.454e-17,,,4.957e-9,,,,8.062e-25,,1.380e+2,1.598e-5,,2.382e-6,,,,,,,,,,,,,,,,,,,,,,,,,,
201.74,1.473e+2,,9.275e-8,1.312e-27,,,4.818e-44,1.229e-6,,1.132e-44,,1.817e+0,,,3.095e-2,1.327e-19,,,,,,5.080e-17,,,2.680e-9,,,,1.044e-24,,1.455e+2,1.540e-5,,5.117e-6,,,,,,,,,,,,,,,,,,,,,,,,,,
201.77,1.599e+2,,1.019e-7,4.521e-28,,,4.608e-44,3.896e-6,,1.859e-45,,1.508e+0,,,2.676e-2,4.422e-20,,,,,,5.973e-17,,,1.028e-9,,,,1.400e-24,,1.584e+2,1.446e-5,,1.556e-5,,,,,,,,,,,,,,,,,,,,,,,,,,
201.79,1.690e+2,,1.060e-7,2.170e-28,,,4.584e-44,8.213e-6,,5.446e-46,,1.303e+0,,,2.380e-2,2.077e-20,,,,,,6.499e-17,,,5.301e-10,,,,1.638e-24,,1.677e+2,1.377e-5,,3.191e-5,,,,,,,,,,,,,,,,,,,,,,,,,,
201.82,1.826e+2,,1.088e-7,6.972e-29,,,4.773e-44,2.427e-5,,8.331e-47,,1.015e+0,,,1.934e-2,6.458e-21,,,,,,7.122e-17,,,1.894e-10,,,,1.995e-24,,1.816e+2,1.265e-5,,9.046e-5,,,,,,,,,,,,,,,,,,,,,,,,,,
201.84,1.911e+2,,1.081e-7,3.194e-29,,,5.101e-44,4.884e-5,,2.327e-47,,8.457e-1,,,1.648e-2,2.897e-21,,,,,,7.395e-17,,,9.317e-11,,,,2.232e-24,,1.902e+2,1.186e-5,,1.770e-4,,,,,,,,,,,,,,,,,,,,,,,,,,
201.87,2.018e+2,,1.035e-7,9.564e-30,,,6.006e-44,1.346e-4,,3.314e-48,,6.328e-1,,,1.255e-2,8.404e-22,,,,,,7.553e-17,,,3.101e-11,,,,2.589e-24,,2.011e+2,1.060e-5,,4.681e-4,,,,,,,,,,,,,,,,,,,,,,,,,,
201.89,2.070e+2,,9.832e-8,4.181e-30,,,6.955e-44,2.585e-4,,8.826e-49,,5.214e-1,,,1.024e-2,3.598e-22,,,,,,7.482e-17,,,1.455e-11,,,,2.827e-24,,2.065e+2,9.746e-6,,8.743e-4,,,,,,,,,,,,,,,,,,,,,,,,,,
201.92,2.115e+2,,8.790e-8,1.167e-30,,,9.013e-44,6.644e-4,,1.170e-49,,4.010e-1,,,7.291e-3,9.737e-23,,,,,,7.123e-17,,,4.511e-12,,,,3.183e-24,,2.111e+2,8.479e-6,,2.155e-3,,,,,,,,,,,,,,,,,,,,,,,,,,
201.94,2.120e+2,,7.973e-8,4.867e-31,,,1.087e-43,1.218e-3,,2.972e-50,,3.504e-1,,,5.685e-3,3.980e-23,,6.019e-33,,,,6.733e-17,,,2.018e-12,,,,3.421e-24,,2.117e+2,7.675e-6,,3.842e-3,,,,,,,,,,,,,,,,,,,,,,,,,,
201.97,2.091e+2,,6.655e-8,1.266e-31,,,1.443e-43,2.919e-3,,3.670e-51,,3.145e-1,,,3.783e-3,1.004e-23,,4.916e-32,,,,5.973e-17,,,5.829e-13,,,,3.778e-24,,2.087e+2,6.585e-6,,8.832e-3,,,,,,,,,,,,,,,,,,,,,,,,,,
201.99,2.047e+2,,5.766e-8,5.038e-32,,,1.735e-43,5.106e-3,,4.012e-51,,3.138e-1,,,2.819e-3,3.918e-24,,1.948e-31,,,,5.388e-17,,,2.487e-13,,,,4.015e-24,,2.044e+2,5.967e-6,,1.503e-2,,,,,,,,,,,,,,,,,,,,,,,,,,
202.02,1.948e+2,,4.492e-8,1.221e-32,,,2.248e-43,1.141e-2,,4.526e-51,,3.408e-1,,,1.751e-3,9.219e-25,,1.727e-30,,,,4.456e-17,,,6.692e-14,,,,4.372e-24,,1.945e+2,5.249e-6,,3.221e-2,,,,,,,,,,,,,,,,,,,,,,,,,,
202.04,1.863e+2,,3.717e-8,4.637e-33,,,2.634e-43,1.905e-2,,4.868e-51,,3.730e-1,,,1.246e-3,3.432e-25,,6.594e-30,,,,3.837e-17,,,2.724e-14,,,,4.609e-24,,1.859e+2,4.932e-6,,5.231e-2,,,,,,,,,,,,,,,,,,,,,,,,,,
202.06,1.765e+2,,3.020e-8,1.728e-33,,,3.046e-43,3.123e-2,,5.210e-51,,4.130e-1,,,8.700e-4,1.254e-25,,2.473e-29,,,,3.244e-17,,,1.088e-14,,,,4.847e-24,,1.760e+2,4.758e-6,,8.339e-2,,,,,,,,,,,,,,,,,,,,,,,,,,
202.09,1.598e+2,,2.136e-8,3.794e-34,,,3.688e-43,6.328e-2,,5.724e-51,,4.805e-1,,,4.904e-4,2.675e-26,,1.737e-28,,,,2.440e-17,,,2.650e-15,,,,5.204e-24,,1.591e+2,4.775e-6,,1.621e-1,,,,,,,,,,,,,,,,,,,,,,,,,,
202.11,1.476e+2,,1.657e-8,1.349e-34,,,4.114e-43,9.899e-2,,6.066e-51,,5.258e-1,,,3.269e-4,9.325e-27,,6.231e-28,,,,1.977e-17,,,1.009e-15,,,,5.441e-24,,1.468e+2,4.972e-6,,2.466e-1,,,,,,,,,,,,,,,,,,,,,,,,,,
202.14,1.286e+2,,1.094e-8,2.759e-35,,,4.710e-43,1.870e-1,,6.580e-51,,5.865e-1,,,1.718e-4,1.854e-27,,4.092e-27,,,,1.410e-17,,,2.290e-16,,,,5.798e-24,,1.273e+2,5.538e-6,,4.468e-1,,,,,,,,,,,,,,,,,,,,,,,,,,
202.16,1.157e+2,,8.107e-9,9.357e-36,,,5.057e-43,2.793e-1,,6.922e-51,,6.183e-1,,,1.093e-4,6.166e-28,,1.404e-26,,,,1.120e-17,,,8.321e-17,,,,6.036e-24,,1.141e+2,6.083e-6,,6.489e-1,,,,,,,,,,,,,,,,,,,,,,,,,,
202.19,9.676e+1,,4.994e-9,1.784e-36,,,5.464e-43,4.920e-1,,7.436e-51,,6.478e-1,,,5.356e-5,1.142e-28,,8.623e-26,,,,8.124e-18,,,1.759e-17,,,,6.392e-24,,9.452e+1,7.131e-6,,1.096e+0,,,,,,,,,,,,,,,,,,,,,,,,,,
202.21,8.483e+1,,3.533e-9,5.771e-37,,,5.642e-43,7.012e-1,,7.778e-51,,6.533e-1,,,3.252e-5,3.625e-29,,2.829e-25,,,,6.912e-18,,,6.094e-18,,,,6.630e-24,,8.196e+1,7.969e-6,,1.520e+0,,,,,,,,,,,,,,,,,,,,,,,,,,
202.24,6.860e+1,,2.031e-9,1.025e-37,,,5.747e-43,1.152e+0,,8.291e-51,,6.393e-1,,,1.485e-5,6.258e-30,,1.626e-24,,,,6.306e-18,,,1.200e-18,,,,5.791e-23,,6.442e+1,9.420e-6,,2.394e+0,,,,,,,,,,,,,,,,,,,,,,,,,,
202.26,5.919e+1,,1.372e-9,3.164e-38,,,5.706e-43,1.567e+0,,8.634e-51,,6.157e-1,,,8.604e-6,1.895e-30,,5.102e-24,,,,6.706e-18,,,3.966e-19,,,,2.271e-22,,5.384e+1,1.051e-5,,3.167e+0,,,,,,,,,,,,,,,,,,,,,,,,,,
202.29,4.757e+1,,7.358e-10,5.236e-39,,,5.481e-43,2.400e+0,,9.147e-51,,5.619e-1,,,3.662e-6,3.048e-31,,2.744e-23,,,,8.538e-18,,,7.273e-20,,,,1.704e-21,,3.995e+1,1.234e-5,,4.653e+0,,,,,,,,,,,,,,,,,,,,,,,,,,
202.31,4.159e+1,,4.746e-10,1.541e-39,,,5.234e-43,3.116e+0,,9.490e-51,,5.165e-1,,,2.024e-6,8.803e-32,,8.238e-23,,,,1.062e-17,,,2.293e-20,,,,6.382e-21,,3.209e+1,1.369e-5,,5.875e+0,,,,,,,,,,,,,,,,,,,,,,,,,,
202.34,3.532e+1,,2.374e-10,2.377e-40,,,4.750e-43,4.451e+0,,1.000e-50,,4.395e-1,,,8.031e-7,1.319e-32,,4.147e-22,,,,1.509e-17,,,3.917e-21,,,,4.470e-20,,2.238e+1,1.591e-5,,8.048e+0,,,,,,,,,,,,,,,,,,,,,,,,,,
202.36,3.284e+1,,1.462e-10,6.674e-41,,,4.378e-43,5.516e+0,,1.035e-50,,3.855e-1,,,4.236e-7,3.635e-33,,1.191e-21,,,,1.900e-17,,,1.178e-21,,,,1.599e-19,,1.724e+1,1.753e-5,,9.698e+0,,,,,,,,,,,,,,,,,,,,,,,,,,
202.39,3.131e+1,,6.824e-11,9.587e-42,,,3.793e-43,7.347e+0,,1.086e-50,,3.058e-1,,,1.566e-7,5.076e-34,,5.614e-21,,,,2.624e-17,,,1.874e-22,,,,1.045e-18,,1.127e+1,2.012e-5,,1.239e+1,,,,,,,,,,,,,,,,,,,,,,,,,,
202.41,3.150e+1,,4.011e-11,2.568e-42,,,3.417e-43,8.689e+0,,1.120e-50,,2.560e-1,,,7.880e-8,1.321e-34,,1.544e-20,,,,3.192e-17,,,5.374e-23,,,,3.572e-18,,8.308e+0,2.193e-5,,1.425e+1,,,,,,,,,,,,,,,,,,,,,,,,,,
202.43,3.240e+1,,2.315e-11,6.746e-43,,,3.078e-43,1.009e+1,,1.154e-50,,2.103e-1,,,3.891e-8,3.411e-35,,4.171e-20,,,,3.816e-17,,,1.512e-23,,,,1.198e-17,,6.015e+0,2.376e-5,,1.608e+1,,,,,,,,,,,,,,,,,,,,,,,,,,
202.46,3.455e+1,,9.800e-12,8.622e-44,,,2.691e-43,1.218e+1,,9.206e-50,,1.512e-1,,,1.303e-8,4.317e-36,,1.792e-19,,,,4.822e-17,,,2.179e-24,,,,7.112e-17,,3.582e+0,2.641e-5,,1.863e+1,,,,,,,,,,,,,,,,,,,,,,,,,,
202.48,3.617e+1,,5.399e-12,2.164e-44,,,2.546e-43,1.350e+1,,3.591e-49,,1.186e-1,,,6.141e-9,5.195e-36,,4.636e-19,,,,5.510e-17,,,5.848e-25,,,,2.279e-16,,2.479e+0,2.801e-5,,2.007e+1,,,,,,,,,,,,,,,,,,,,,,,,,,
202.51,3.834e+1,,2.132e-12,2.107e-44,,,2.554e-43,1.520e+1,,2.673e-48,,7.949e-2,,,1.917e-9,6.512e-36,,1.866e-18,,,,6.501e-17,,,7.848e-26,,,,1.263e-15,,1.379e+0,3.000e-5,,2.168e+1,,,,,,,,,,,,,,,,,,,,,,,,,,
202.53,3.934e+1,,1.121e-12,2.069e-44,,,2.741e-43,1.608e+1,,9.959e-48,,5.948e-2,,,8.616e-10,7.391e-36,,4.619e-18,,,,7.093e-17,,,2.009e-26,,,,3.865e-15,,9.125e-1,3.093e-5,,2.229e+1,,,,,,,,,,,,,,,,,,,,,,,,,,
202.56,3.984e+1,,4.128e-13,2.012e-44,,,3.345e-43,1.688e+1,,6.919e-47,,3.717e-2,,,2.506e-10,8.708e-36,,1.741e-17,,,,7.809e-17,,,2.512e-27,,,,1.999e-14,,4.760e-1,3.159e-5,,2.245e+1,,,,,,,,,,,,,,,,,,,,,,,,,,
202.58,3.941e+1,,2.072e-13,1.974e-44,,,3.987e-43,1.704e+1,,2.462e-46,,2.654e-2,,,1.075e-10,9.586e-36,,4.127e-17,,,,8.136e-17,,,6.133e-28,,,,5.843e-14,,3.040e-1,3.148e-5,,2.203e+1,,,,,,,,,,,,,,,,,,,,,,,,,,
202.61,3.755e+1,,7.116e-14,1.917e-44,,,5.337e-43,1.669e+1,,1.596e-45,,1.546e-2,,,2.914e-11,1.090e-35,,1.457e-16,,,,8.357e-17,,,6.142e-28,,,,2.821e-13,,1.579e-1,3.046e-5,,2.069e+1,,,,,,,,,,,,,,,,,,,,,,,,,,
202.63,3.558e+1,,3.409e-14,1.879e-44,,,6.498e-43,1.608e+1,,5.425e-45,,1.053e-2,,,1.192e-11,1.178e-35,,3.306e-16,,,,8.314e-17,,,6.147e-28,,,,7.878e-13,,1.108e-1,2.925e-5,,1.938e+1,,,,,,,,,,,,,,,,,,,,,,,,,,
202.66,3.175e+1,,1.092e-14,1.822e-44,,,8.611e-43,1.468e+1,,3.283e-44,,5.720e-3,,,3.012e-12,1.310e-35,,1.093e-15,,,,7.970e-17,,,6.156e-28,,,,3.551e-12,,9.341e-2,2.676e-5,,1.697e+1,,,,,,,,,,,,,,,,,,,,,,,,,,
202.68,2.879e+1,,4.992e-15,1.784e-44,,,1.024e-42,1.350e+1,,1.066e-43,,3.719e-3,,,1.176e-12,1.398e-35,,2.375e-15,,,,7.572e-17,,,6.162e-28,,,,9.469e-12,,1.143e-1,2.476e-5,,1.517e+1,,,,,,,,,,,,,,,,,,,,,,,,,,
202.71,2.409e+1,,1.491e-15,1.727e-44,,,1.291e-42,1.149e+1,,6.019e-43,,1.883e-3,,,2.767e-13,1.530e-35,,7.356e-15,,,,6.774e-17,,,6.171e-28,,,,3.985e-11,,2.050e-1,2.149e-5,,1.239e+1,,,,,,,,,,,,,,,,,,,,,,,,,,
202.73,2.098e+1,,6.506e-16,1.689e-44,,,1.477e-42,1.009e+1,,1.866e-42,,1.168e-3,,,1.031e-13,1.617e-35,,1.529e-14,,,,6.146e-17,,,6.177e-28,,,,1.015e-10,,3.216e-1,1.926e-5,,1.057e+1,,,,,,,,,,,,,,,,,,,,,,,,,,
202.76,1.669e+1,,1.811e-16,1.632e-44,,,1.755e-42,8.009e+0,,9.837e-42,,5.514e-4,,,2.261e-14,1.749e-35,,4.437e-14,,,,5.135e-17,,,6.185e-28,,,,3.987e-10,,6.313e-1,1.606e-5,,8.048e+0,,,,,,,,,,,,,,,,,,,,,,,,,,
202.78,1.424e+1,,7.545e-17,1.594e-44,,,1.930e-42,6.709e+0,,2.912e-41,,3.265e-4,,,8.032e-15,1.837e-35,,8.829e-14,,,,4.454e-17,,,6.191e-28,,,,9.701e-10,,9.736e-1,1.411e-5,,6.555e+0,,,,,,,,,,,,,,,,,,,,,,,,,,
202.8,1.223e+1,,3.085e-17,1.556e-44,,,2.090e-42,5.516e+0,,8.464e-41,,1.898e-4,,,2.801e-15,1.925e-35,,1.727e-13,,,,3.798e-17,,,6.197e-28,,,,2.318e-9,,1.476e+0,1.236e-5,,5.240e+0,,,,,,,,,,,,,,,,,,,,,,,,,,
202.83,1.025e+1,,7.786e-18,1.500e-44,,,2.291e-42,3.971e+0,,4.051e-40,,8.117e-5,,,5.566e-16,2.057e-35,,4.569e-13,,,,2.903e-17,,,6.206e-28,,,,8.268e-9,,2.663e+0,1.017e-5,,3.617e+0,,,,,,,,,,,,,,,,,,,,,,,,,,
202.85,9.733e+0,,3.038e-18,1.462e-44,,,2.394e-42,3.116e+0,,1.125e-39,,4.502e-5,,,1.852e-16,2.144e-35,,8.551e-13,,,,2.389e-17,,,6.211e-28,,,,1.887e-8,,3.857e+0,9.006e-6,,2.760e+0,,,,,,,,,,,,,,,,,,,,,,,,,,
202.88,1.036e+1,,7.162e-19,1.405e-44,,,2.497e-42,2.092e+0,,5.024e-39,,1.795e-5,,,3.429e-17,2.276e-35,,2.118e-12,,,,1.766e-17,,,6.220e-28,,,,6.284e-8,,6.494e+0,7.655e-6,,1.776e+0,,,,,,,,,,,,,,,,,,,,,,,,,,
202.9,1.184e+1,,2.696e-19,1.367e-44,,,2.532e-42,1.567e+0,,1.332e-38,,9.502e-6,,,1.088e-17,2.364e-35,,3.794e-12,,,,1.459e-17,,,6.226e-28,,,,1.370e-7,,8.981e+0,6.978e-6,,1.294e+0,,,,,,,,,,,,,,,,,,,,,,,,,,
202.93,1.586e+1,,7.201e-20,1.310e-44,,,2.537e-42,9.808e-1,,5.554e-38,,3.532e-6,,,1.878e-18,2.496e-35,,8.799e-12,,,,1.171e-17,,,6.235e-28,,,,4.259e-7,,1.411e+1,6.214e-6,,7.765e-1,,,,,,,,,,,,,,,,,,,,,,,,,,
202.95,1.987e+1,,5.404e-20,1.272e-44,,,2.515e-42,7.012e-1,,1.406e-37,,1.784e-6,,,5.687e-19,2.583e-35,,1.508e-11,,,,1.100e-17,,,6.241e-28,,,,8.869e-7,,1.862e+1,5.827e-6,,5.397e-1,,,,,,,,,,,,,,,,,,,,,,,,,,
202.98,2.800e+1,,1.273e-19,1.215e-44,,,2.448e-42,4.093e-1,,5.473e-37,,6.183e-7,,,9.146e-20,2.715e-35,,3.273e-11,,,,1.184e-17,,,6.249e-28,,,,2.575e-6,,2.729e+1,5.360e-6,,3.020e-1,,,,,,,,,,,,,,,,,,,,,,,,,,
203,3.489e+1,,2.888e-19,1.177e-44,,,2.387e-42,2.793e-1,,1.323e-36,,2.980e-7,,,2.642e-20,2.803e-35,,5.367e-11,,,,1.377e-17,,,6.255e-28,,,,5.121e-6,,3.441e+1,5.101e-6,,2.004e-1,,,,,,,,,,,,,,,,,,,,,,,,,,
203.03,4.729e+1,,9.919e-19,1.120e-44,,,2.276e-42,1.520e-1,,4.807e-36,,9.628e-8,,,3.960e-21,2.935e-35,,1.090e-10,,,,1.891e-17,,,6.264e-28,,,,1.388e-5,,4.704e+1,4.777e-6,,1.046e-1,,,,,,,,,,,,,,,,,,,,,,,,,,
203.05,5.678e+1,,2.214e-18,1.082e-44,,,2.190e-42,9.899e-2,,1.110e-35,,4.428e-8,,,1.091e-21,3.023e-35,,1.710e-10,,,,2.395e-17,,,6.270e-28,,,,2.637e-5,,5.662e+1,4.614e-6,,6.620e-2,,,,,,,,,,,,,,,,,,,,,,,,,,
203.08,7.230e+1,,7.135e-18,1.025e-44,,,2.047e-42,5.024e-2,,3.764e-35,,1.334e-8,,,1.524e-22,3.154e-35,,3.250e-10,,,,3.409e-17,,,6.279e-28,,,,6.673e-5,,7.222e+1,4.495e-6,,3.221e-2,,,,,,,,,,,,,,,,,,,,,,,,,,
203.1,8.306e+1,,1.522e-17,9.871e-45,,,1.942e-42,3.123e-2,,8.302e-35,,5.854e-9,,,4.008e-23,3.242e-35,,4.877e-10,,,,4.262e-17,,,6.284e-28,,,,1.211e-4,,8.301e+1,4.540e-6,,1.947e-2,,,,,,,,,,,,,,,,,,,,,,,,,,
203.13,9.885e+1,,4.583e-17,9.301e-45,,,1.770e-42,1.478e-2,,2.627e-34,,1.644e-9,,,5.216e-24,3.374e-35,,8.672e-10,,,,5.792e-17,,,6.293e-28,,,,2.862e-4,,9.883e+1,4.884e-6,,8.832e-3,,,,,,,,,,,,,,,,,,,,,,,,,,
203.15,1.085e+2,,9.343e-17,8.922e-45,,,1.646e-42,8.769e-3,,5.534e-34,,6.885e-10,,,1.308e-24,3.462e-35,,1.245e-9,,,,6.958e-17,,,6.299e-28,,,,4.962e-4,,1.085e+2,5.356e-6,,5.095e-3,,,,,,,,,,,,,,,,,,,,,,,,,,
203.17,1.170e+2,,1.871e-16,8.542e-45,,,1.517e-42,5.106e-3,,1.144e-33,,2.830e-10,,,3.221e-25,3.550e-35,,1.756e-9,,,,8.213e-17,,,6.305e-28,,,,8.447e-4,,1.170e+2,6.074e-6,,2.884e-3,,,,,,,,,,,,,,,,,,,,,,,,,,
203.2,1.266e+2,,5.123e-16,7.972e-45,,,1.317e-42,2.191e-3,,3.288e-33,,7.203e-11,,,3.190e-25,3.681e-35,,2.845e-9,,,,1.018e-16,,,6.313e-28,,,,1.813e-3,,1.266e+2,7.703e-6,,1.187e-3,,,,,,,,,,,,,,,,,,,,,,,,,,
203.22,1.305e+2,,9.807e-16,7.593e-45,,,1.185e-42,1.218e-3,,6.494e-33,,2.826e-11,,,3.169e-25,3.769e-35,,3.839e-9,,,,1.148e-16,,,6.319e-28,,,,2.949e-3,,1.305e+2,9.211e-6,,6.412e-4,,,,,,,,,,,,,,,,,,,,,,,,,,
203.25,1.323e+2,,2.511e-15,7.023e-45,,,9.953e-43,4.873e-4,,1.742e-32,,6.704e-12,,,3.137e-25,3.901e-35,,5.822e-9,,,,1.328e-16,,,6.328e-28,,,,5.909e-3,,1.323e+2,1.218e-5,,2.459e-4,,,,,,,,,,,,,,,,,,,,,,,,,,
203.27,1.308e+2,,4.595e-15,6.644e-45,,,8.803e-43,2.585e-4,,3.285e-32,,2.510e-12,,,3.116e-25,3.989e-35,,7.519e-9,,,,1.430e-16,,,6.334e-28,,,,9.181e-3,,1.308e+2,1.465e-5,,1.268e-4,,,,,,,,,,,,,,,,,,,,,,,,,,
203.3,1.249e+2,,1.100e-14,6.074e-45,,,7.330e-43,9.646e-5,,8.222e-32,,5.551e-13,,,3.085e-25,4.121e-35,,1.068e-8,,,,1.543e-16,,,6.343e-28,,,,1.718e-2,,1.249e+2,1.909e-5,,4.537e-5,,,,,,,,,,,,,,,,,,,,,,,,,,
203.32,1.191e+2,,1.926e-14,5.695e-45,,,6.554e-43,4.884e-5,,1.481e-31,,1.983e-13,,,3.064e-25,4.208e-35,,1.320e-8,,,,1.587e-16,,,6.348e-28,,,,2.550e-2,,1.191e+2,2.252e-5,,2.233e-5,,,,,,,,,,,,,,,,,,,,,,,,,,
203.35,1.086e+2,,4.315e-14,5.125e-45,,,5.741e-43,1.699e-5,,3.460e-31,,4.089e-14,,,3.032e-25,4.340e-35,,1.757e-8,,,,1.598e-16,,,6.357e-28,,,,4.457e-2,,1.086e+2,2.827e-5,,7.448e-6,,,,,,,,,,,,,,,,,,,,,,,,,,
203.37,1.012e+2,,7.227e-14,4.746e-45,,,5.442e-43,8.213e-6,,5.954e-31,,1.394e-14,,,3.011e-25,4.428e-35,,2.080e-8,,,,1.569e-16,,,6.363e-28,,,,6.321e-2,,1.011e+2,3.242e-5,,3.499e-6,,,,,,,,,,,,,,,,,,,,,,,,,,
203.4,9.053e+1,,1.516e-13,4.176e-45,,,5.342e-43,2.664e-6,,1.298e-30,,2.679e-15,,,2.980e-25,4.560e-35,,2.597e-8,,,,1.474e-16,,,6.372e-28,,,,1.032e-1,,9.043e+1,3.897e-5,,1.088e-6,,,,,,,,,,,,,,,,,,,,,,,,,,
203.42,8.438e+1,,2.429e-13,3.797e-45,,,5.484e-43,1.229e-6,,2.133e-30,,8.718e-16,,,2.959e-25,4.647e-35,,2.948e-8,,,,1.382e-16,,,6.378e-28,,,,1.398e-1,,8.424e+1,4.343e-5,,4.880e-7,,,,,,,,,,,,,,,,,,,,,,,,,,
203.45,7.724e+1,,4.772e-13,3.227e-45,,,5.949e-43,3.718e-7,,4.341e-30,,1.562e-16,,,2.928e-25,4.779e-35,,3.458e-8,,,,1.213e-16,,,6.386e-28,,,,2.131e-1,,7.703e+1,5.010e-5,,1.415e-7,,,,,,,,,,,,,,,,,,,,,,,,,,
203.47,7.407e+1,,7.323e-13,2.848e-45,,,6.379e-43,1.637e-7,,6.813e-30,,4.850e-17,,,2.907e-25,1.925e-34,,3.768e-8,,,,1.089e-16,,,6.392e-28,,,,2.759e-1,,7.380e+1,5.440e-5,,6.056e-8,,,,,,,,,,,,,,,,,,,,,,,,,,
203.5,7.167e+1,,1.348e-12,2.278e-45,,,7.120e-43,4.617e-8,,1.294e-29,,8.101e-18,,,2.875e-25,1.503e-33,,4.160e-8,,,,8.994e-17,,,6.401e-28,,,,3.930e-1,,7.127e+1,6.051e-5,,1.637e-8,,,,,,,,,,,,,,,,,,,,,,,,,,
203.52,7.140e+1,,1.982e-12,1.899e-45,,,7.625e-43,1.940e-8,,1.939e-29,,2.400e-18,,,2.854e-25,5.784e-33,,4.357e-8,,,,7.815e-17,,,6.407e-28,,,,4.864e-1,,7.092e+1,6.427e-5,,6.689e-9,,,,,,,,,,,,,,,,,,,,,,,,,,
203.55,7.241e+1,,3.421e-12,1.329e-45,,,8.318e-43,5.104e-9,,3.438e-29,,3.738e-19,,,2.823e-25,4.219e-32,,4.538e-8,,,,6.349e-17,,,6.415e-28,,,,6.476e-1,,7.176e+1,6.935e-5,,1.686e-9,,,,,,,,,,,,,,,,,,,,,,,,,,
203.57,7.358e+1,,4.820e-12,9.496e-46,,,8.698e-43,2.047e-9,,4.922e-29,,1.057e-19,,,2.802e-25,1.551e-31,,4.577e-8,,,,5.700e-17,,,6.421e-28,,,,7.664e-1,,7.282e+1,7.232e-5,,6.575e-10,,,,,,,,,,,,,,,,,,,,,,,,,,
203.59,7.482e+1,,6.676e-12,5.700e-46,,,8.987e-43,8.058e-10,,6.917e-29,,2.933e-20,,,2.781e-25,5.600e-31,,4.549e-8,,,,5.442e-17,,,6.427e-28,,,,8.912e-1,,7.393e+1,7.496e-5,,2.516e-10,,,,,,,,,,,,,,,,,,,,,,,,,,
203.62,7.631e+1,,1.055e-11,5.965e-49,,,9.224e-43,1.922e-10,,1.113e-28,,4.139e-21,,,2.750e-25,3.713e-30,,4.389e-8,,,,6.149e-17,,,6.436e-28,,,,1.081e+0,,7.523e+1,7.824e-5,,5.752e-11,,,,,,,,,,,,,,,,,,,,,,,,,,
203.64,7.684e+1,,1.401e-11,2.397e-48,,,9.243e-43,7.222e-11,,1.494e-28,,1.096e-21,,,2.729e-25,1.281e-29,,4.212e-8,,,,7.699e-17,,,6.442e-28,,,,1.203e+0,,7.563e+1,7.999e-5,,2.101e-11,,,,,,,,,,,,,,,,,,,,,,,,,,
203.67,7.689e+1,,2.079e-11,1.865e-47,,,9.070e-43,1.606e-11,,2.245e-28,,1.442e-22,,,2.697e-25,7.930e-29,,3.860e-8,,,,1.256e-16,,,6.450e-28,,,,1.369e+0,,7.553e+1,8.198e-5,,4.478e-12,,,,,,,,,,,,,,,,,,,,,,,,,,
203.69,7.662e+1,,2.650e-11,7.162e-47,,,8.836e-43,5.760e-12,,2.878e-28,,3.645e-23,,,2.676e-25,2.614e-28,,3.582e-8,,,,1.830e-16,,,6.456e-28,,,,1.461e+0,,7.516e+1,8.290e-5,,1.561e-12,,,,,,,,,,,,,,,,,,,,,,,,,,
203.72,7.639e+1,,3.696e-11,5.207e-46,,,8.344e-43,1.195e-12,,4.035e-28,,4.471e-24,,,2.645e-25,1.512e-27,,3.124e-8,,,,3.260e-16,,,6.465e-28,,,,1.562e+0,,7.483e+1,8.371e-5,,3.103e-13,,,,,,,,,,,,,,,,,,,,,,,,,,
203.74,7.687e+1,,4.520e-11,1.910e-45,,,7.951e-43,4.089e-13,,4.940e-28,,5.152e-24,,,2.624e-25,4.761e-27,,2.807e-8,,,,4.749e-16,,,6.471e-28,,,,1.603e+0,,7.527e+1,8.390e-5,,1.032e-13,,,,,,,,,,,,,,,,,,,,,,,,,,
203.77,7.960e+1,,5.928e-11,1.297e-44,,,7.324e-43,7.907e-14,,6.465e-28,,6.173e-24,,,2.592e-25,2.571e-26,,2.333e-8,,,,8.136e-16,,,6.480e-28,,,,1.620e+0,,7.798e+1,8.374e-5,,1.913e-14,,,,,,,,,,,,,,,,,,,,,,,,,,
203.79,8.335e+1,,6.960e-11,4.548e-44,,,6.918e-43,2.583e-14,,7.559e-28,,6.854e-24,,,2.571e-25,7.738e-26,,2.030e-8,,,,1.141e-15,,,6.485e-28,,,,1.604e+0,,8.175e+1,8.338e-5,,6.076e-15,,,,,,,,,,,,,,,,,,,,,,,,,,
203.82,9.276e+1,,8.587e-11,2.885e-43,,,6.402e-43,4.658e-15,,9.233e-28,,7.876e-24,,,2.540e-25,3.904e-25,,1.607e-8,,,,1.833e-15,,,6.494e-28,,,,1.544e+0,,9.122e+1,8.251e-5,,1.050e-15,,,,,,,,,,,,,,,,,,,,,,,,,,
203.84,1.019e+2,,9.679e-11,9.665e-43,,,6.166e-43,1.452e-15,,1.031e-27,,8.557e-24,,,2.519e-25,1.122e-24,,1.353e-8,,,,2.459e-15,,,6.500e-28,,,,1.485e+0,,1.004e+2,8.174e-5,,3.183e-16,,,,,,,,,,,,,,,,,,,,,,,,,,
203.87,1.199e+2,,1.123e-10,5.727e-42,,,6.066e-43,2.442e-16,,1.175e-27,,9.579e-24,,,2.488e-25,5.289e-24,,1.019e-8,,,,3.690e-15,,,6.509e-28,,,,1.375e+0,,1.185e+2,8.032e-5,,5.129e-17,,,,,,,,,,,,,,,,,,,,,,,,,,
203.89,1.344e+2,,1.216e-10,1.833e-41,,,6.226e-43,7.269e-17,,1.254e-27,,1.026e-23,,,2.467e-25,1.453e-23,,8.297e-9,,,,4.728e-15,,,6.515e-28,,,,1.293e+0,,1.331e+2,7.918e-5,,1.484e-17,,,,,,,,,,,,,,,,,,,,,,,,,,
203.92,1.591e+2,,1.327e-10,1.015e-40,,,6.915e-43,1.140e-17,,1.334e-27,,1.128e-23,,,2.435e-25,6.395e-23,,5.939e-9,,,,6.625e-15,,,6.523e-28,,,,1.165e+0,,1.580e+2,7.715e-5,,2.229e-18,,,,,,,,,,,,,,,,,,,,,,,,,,
203.94,1.765e+2,,1.379e-10,3.104e-40,,,7.739e-43,3.237e-18,,1.359e-27,,1.196e-23,,,2.414e-25,1.679e-22,,4.675e-9,,,,8.107e-15,,,6.529e-28,,,,1.080e+0,,1.755e+2,7.553e-5,,6.155e-19,,,,,,,,,,,,,,,,,,,,,,,,,,
203.96,1.937e+2,,1.409e-10,9.324e-40,,,8.908e-43,9.026e-19,,1.359e-27,,1.264e-23,,,2.393e-25,4.327e-22,,3.639e-9,,,,9.741e-15,,,6.535e-28,,,,9.957e-1,,1.927e+2,7.367e-5,,1.668e-19,,,,,,,,,,,,,,,,,,,,,,,,,,
203.99,2.173e+2,,1.411e-10,4.691e-39,,,1.141e-42,1.283e-19,,1.313e-27,,1.366e-23,,,2.362e-25,1.731e-21,,2.471e-9,,,,1.239e-14,,,6.544e-28,,,,8.743e-1,,2.164e+2,7.039e-5,,2.273e-20,,,,,,,,,,,,,,,,,,,,,,,,,,
204.01,2.301e+2,,1.384e-10,1.346e-38,,,1.362e-42,3.415e-20,,1.254e-27,,1.435e-23,,,2.341e-25,4.263e-21,,1.923e-9,,,,1.422e-14,,,6.550e-28,,,,7.969e-1,,2.293e+2,6.786e-5,,5.878e-21,,,,,,,,,,,,,,,,,,,,,,,,,,
204.04,2.433e+2,,1.303e-10,6.328e-38,,,1.784e-42,4.527e-21,,1.130e-27,,1.537e-23,,,2.310e-25,1.592e-20,,1.413e-9,,,,1.690e-14,,,6.558e-28,,1.982e-21,,6.860e-1,,2.426e+2,6.360e-5,,7.468e-22,,,,,,,,,,,,,,,,,,,,,,,,,,
204.06,2.471e+2,,1.225e-10,1.736e-37,,,2.126e-42,1.150e-21,,1.031e-27,,1.605e-23,,,2.289e-25,3.747e-20,,1.271e-9,,,,1.852e-14,,,6.564e-28,,7.777e-21,,6.156e-1,,2.465e+2,6.054e-5,,7.253e-22,,,,,,,,,,,,,,,,,,,,,,,,,,
204.09,2.448e+2,,1.083e-10,7.619e-37,,,2.728e-42,1.422e-22,,8.677e-28,,1.707e-23,,,2.257e-25,1.307e-19,,1.363e-9,,,,2.054e-14,,,6.573e-28,,5.844e-20,,5.150e-1,,2.443e+2,5.582e-5,,6.930e-22,,,,,,,,,,,,,,,,,,,,,,,,,,
204.11,2.379e+2,,9.770e-11,1.997e-36,,,3.182e-42,1.422e-22,,7.559e-28,,1.775e-23,,,2.236e-25,2.940e-19,,1.650e-9,,,,2.150e-14,,,6.579e-28,,2.192e-19,,4.516e-1,,2.375e+2,5.277e-5,,6.715e-22,,,,,,,,,,,,,,,,,,,,,,,,,,
204.14,2.203e+2,,8.106e-11,8.189e-36,,,3.923e-42,1.422e-22,,5.938e-28,,1.877e-23,,,2.205e-25,9.581e-19,,2.491e-9,,,,2.225e-14,,,6.587e-28,,1.539e-18,,3.630e-1,,2.200e+2,4.871e-5,,6.393e-22,,,,,,,,,,,,,,,,,,,,,,,,,,
204.16,2.046e+2,,7.006e-11,2.051e-35,,,4.441e-42,1.423e-22,,4.940e-28,,1.945e-23,,,2.184e-25,2.059e-18,,3.386e-9,,,,2.225e-14,,,6.593e-28,,5.517e-18,,3.088e-1,,2.043e+2,4.657e-5,,6.178e-22,,,,,,,,,,,,,,,,,,,,,,,,,,
204.19,1.770e+2,,5.451e-11,7.856e-35,,,5.218e-42,1.423e-22,,3.622e-28,,2.047e-23,,,2.152e-25,6.266e-18,,5.364e-9,,,,2.150e-14,,,6.602e-28,,3.619e-17,,2.361e-1,,1.767e+2,4.457e-5,,5.855e-22,,,,,,,,,,,,,,,,,,,,,,,,,,
204.21,1.570e+2,,4.513e-11,1.880e-34,,,5.711e-42,1.424e-22,,2.878e-28,,2.116e-23,,,2.132e-25,1.286e-17,,7.194e-9,,,,2.054e-14,,,6.608e-28,,1.240e-16,,1.938e-1,,1.568e+2,4.423e-5,,5.640e-22,,,,,,,,,,,,,,,,,,,,,,,,,,
204.24,1.268e+2,,3.292e-11,6.727e-34,,,6.368e-42,1.424e-22,,1.969e-28,,2.218e-23,,,2.100e-25,3.657e-17,,1.086e-8,,,,1.853e-14,,,6.617e-28,,7.601e-16,,1.399e-1,,1.266e+2,4.538e-5,,5.318e-22,,,,,,,,,,,,,,,,,,,,,,,,,,
204.26,1.074e+2,,2.609e-11,1.538e-33,,,6.724e-42,1.425e-22,,1.494e-28,,2.286e-23,,,2.079e-25,7.173e-17,,1.398e-8,,,,1.691e-14,,,6.622e-28,,2.489e-15,,1.103e-1,,1.073e+2,4.727e-5,,5.103e-22,,,,,,,,,,,,,,,,,,,,,,,,,,
204.29,8.099e+1,,1.782e-11,5.142e-33,,,7.097e-42,1.425e-22,,9.544e-29,,2.388e-23,,8.325e-21,2.048e-25,1.904e-16,,1.977e-8,,,,1.424e-14,,,6.631e-28,,1.425e-14,,7.479e-2,,8.091e+1,5.166e-5,,4.781e-22,,,,,,,,,,,,,,,,,,,,,,,,,,
204.31,6.556e+1,,1.353e-11,1.124e-32,,,7.223e-42,1.426e-22,,6.917e-29,,2.456e-23,,3.256e-20,2.027e-25,3.570e-16,,2.434e-8,,,,1.242e-14,,,6.637e-28,,4.461e-14,,5.651e-2,,6.550e+1,5.543e-5,,4.566e-22,,,,,,,,,,,,,,,,,,,,,,,,,,
204.33,5.210e+1,,1.008e-11,2.411e-32,,,7.242e-42,1.426e-22,,4.922e-29,,2.524e-23,,1.251e-19,2.006e-25,6.570e-16,,2.944e-8,,,,1.063e-14,,,6.643e-28,,1.371e-13,,4.196e-2,,5.206e+1,5.967e-5,,4.351e-22,,,,,,,,,,,,,,,,,,,,,,,,,,
204.36,3.566e+1,,6.279e-12,7.325e-32,,,7.071e-42,1.427e-22,,2.854e-29,,2.626e-23,,9.103e-19,1.974e-25,1.585e-15,,3.785e-8,,,,8.145e-15,,,6.652e-28,,7.140e-13,,2.597e-2,,3.564e+1,6.638e-5,,4.028e-22,,,,,,,,,,,,,,,,,,,,,,,,,,
204.38,2.707e+1,,4.478e-12,1.502e-31,,,6.833e-42,1.427e-22,,1.939e-29,,2.694e-23,,3.342e-18,1.953e-25,2.788e-15,,4.375e-8,,,,6.671e-15,,,6.657e-28,,2.097e-12,,1.844e-2,,2.705e+1,7.072e-5,,3.813e-22,,,,,,,,,,,,,,,,,,,,,,,,,,
204.41,1.730e+1,,2.610e-12,4.262e-31,,,6.318e-42,1.427e-22,,1.050e-29,,2.797e-23,,2.273e-17,1.922e-25,6.283e-15,,5.253e-8,,,,4.789e-15,,,6.666e-28,,1.020e-11,,1.067e-2,,1.729e+1,7.637e-5,,3.491e-22,,,,,,,,,,,,,,,,,,,,,,,,,,
204.43,1.255e+1,,1.782e-12,8.351e-31,,,5.893e-42,1.428e-22,,6.813e-30,,2.865e-23,,7.977e-17,1.901e-25,1.056e-14,,5.801e-8,,,,3.762e-15,,,6.672e-28,,2.865e-11,,7.246e-3,,1.254e+1,7.922e-5,,3.276e-22,,,,,,,,,,,,,,,,,,,,,,,,,,
204.46,7.493e+0,,9.768e-13,2.214e-30,,,5.176e-42,1.428e-22,,3.441e-30,,2.967e-23,,5.070e-16,1.870e-25,2.222e-14,,6.505e-8,,,,2.548e-15,,,6.681e-28,,1.302e-10,,3.918e-3,,7.489e+0,8.165e-5,,2.953e-22,,,,,,,,,,,,,,,,,,,,,,,,,,
204.48,5.203e+0,,6.468e-13,4.145e-30,,,4.671e-42,1.429e-22,,2.133e-30,,3.035e-23,,1.701e-15,1.849e-25,3.568e-14,,6.864e-8,,,,1.934e-15,,,6.687e-28,,3.494e-10,,2.542e-3,,5.200e+0,8.187e-5,,2.739e-22,,,,,,,,,,,,,,,,,,,,,,,,,,
204.51,2.938e+0,,3.596e-13,1.026e-29,,,3.917e-42,1.429e-22,,1.006e-30,,3.137e-23,,1.010e-14,1.817e-25,7.015e-14,,7.189e-8,,,,1.258e-15,,,6.695e-28,,1.484e-9,,1.283e-3,,2.937e+0,8.001e-5,,2.416e-22,,,,,,,,,,,,,,,,,,,,,,,,,,
204.53,2.000e+0,,2.700e-13,1.836e-29,,,3.435e-42,1.430e-22,,5.954e-31,,3.205e-23,,3.239e-14,1.796e-25,1.076e-13,,7.247e-8,,,,9.397e-16,,,6.701e-28,,3.806e-9,,7.954e-4,,2.000e+0,7.739e-5,,2.201e-22,,,,,,,,,,,,,,,,,,,,,,,,,,
204.56,1.191e+0,,2.620e-13,4.247e-29,,,2.770e-42,1.430e-22,,2.620e-31,,3.307e-23,,1.798e-13,1.765e-25,1.976e-13,,7.089e-8,,,,6.117e-16,,,6.710e-28,,1.511e-8,,3.750e-4,,1.190e+0,7.170e-5,,1.879e-22,,,,,,,,,,,,,,,,,,,,,,,,,,
204.58,9.493e-1,,3.489e-13,7.261e-29,,,2.374e-42,1.431e-22,,1.481e-31,,3.375e-23,,5.509e-13,1.744e-25,2.897e-13,,6.829e-8,,,,4.670e-16,,,6.716e-28,,3.703e-8,,2.220e-4,,9.490e-1,6.701e-5,,1.664e-22,,,,,,,,,,,,,,,,,,,,,,,,,,
204.61,9.476e-1,,6.812e-13,1.569e-28,,,1.859e-42,1.431e-22,,6.084e-32,,3.478e-23,,2.858e-12,1.713e-25,4.968e-13,,6.238e-8,,,,3.251e-16,,,6.724e-28,,1.373e-7,,9.770e-5,,9.474e-1,5.918e-5,,1.341e-22,,,,,,,,,,,,,,,,,,,,,,,,,,
204.63,1.180e+0,,1.114e-12,2.563e-28,,,1.569e-42,1.432e-22,,3.286e-32,,3.546e-23,,8.371e-12,1.692e-25,6.958e-13,,5.741e-8,,,,2.646e-16,,,6.730e-28,,3.216e-7,,5.524e-5,,1.180e+0,5.378e-5,,1.126e-22,,,,,,,,,,,,,,,,,,,,,,,,,,
204.66,1.937e+0,,2.316e-12,5.172e-28,,,1.209e-42,1.432e-22,,1.261e-32,,3.648e-23,,4.058e-11,1.660e-25,1.115e-12,,4.898e-8,,,,2.048e-16,,,6.739e-28,,1.114e-6,,2.269e-5,,1.937e+0,4.597e-5,,8.039e-23,,,,,,,,,,,,,,,,,,,,,,,,,,
204.68,2.789e+0,,3.709e-12,8.075e-28,,,1.016e-42,1.432e-22,,6.534e-33,,3.716e-23,,1.136e-10,1.639e-25,1.492e-12,,4.306e-8,,,,1.777e-16,,,6.745e-28,,2.495e-6,,1.226e-5,,2.789e+0,4.124e-5,,3.185e-22,,,,,,,,,,,,,,,,,,,,,,,,,,
204.7,4.006e+0,,5.839e-12,1.238e-27,,,8.555e-43,1.433e-22,,3.374e-33,,3.784e-23,,3.125e-10,6.493e-25,1.960e-12,,3.718e-8,,,,1.566e-16,,,6.751e-28,,5.484e-6,,6.499e-6,,4.006e+0,3.706e-5,,1.239e-21,,,,,,,,,,,,,,,,,,,,,,,,,,
204.73,6.740e+0,,1.116e-11,2.271e-27,,,6.681e-43,1.433e-22,,1.413e-33,,3.886e-23,,1.377e-9,4.948e-24,2.854e-12,,2.882e-8,,,,1.310e-16,,,6.759e-28,,1.728e-5,,2.424e-6,,6.740e+0,3.204e-5,,9.198e-21,,,,,,,,,,,,,,,,,,,,,,,,,,
204.75,9.341e+0,,1.682e-11,3.326e-27,,,5.731e-43,1.434e-22,,1.112e-33,,3.954e-23,,3.621e-9,1.874e-23,3.583e-12,,2.377e-8,,,,1.162e-16,,,6.765e-28,,3.631e-5,,1.228e-6,,9.341e+0,2.957e-5,,3.422e-20,,,,,,,,,,,,,,,,,,,,,,,,,,
204.78,1.475e+1,,3.008e-11,5.700e-27,,,4.663e-43,1.434e-22,,1.802e-33,,4.057e-23,,1.492e-8,1.335e-22,4.872e-12,,1.721e-8,,,,9.598e-17,,,6.774e-28,,1.069e-4,,4.275e-7,,1.475e+1,2.713e-5,,2.374e-19,,,,,,,,,,,,,,,,,,,,,,,,,,
204.8,1.955e+1,,4.335e-11,7.978e-27,,,4.139e-43,1.435e-22,,3.311e-33,,4.125e-23,,3.748e-8,4.832e-22,5.845e-12,,1.356e-8,,,,8.343e-17,,,6.780e-28,,2.146e-4,,2.068e-7,,1.955e+1,2.624e-5,,8.442e-19,,,,,,,,,,,,,,,,,,,,,,,,,,
204.83,2.883e+1,,7.253e-11,1.277e-26,,,3.563e-43,1.435e-22,,8.785e-33,,4.227e-23,,1.443e-7,3.218e-21,7.423e-12,,9.168e-9,,,,6.607e-17,,,6.789e-28,,5.904e-4,,6.720e-8,,2.883e+1,2.574e-5,,5.474e-18,,,,,,,,,,,,,,,,,,,,,,,,,,
204.85,3.653e+1,,9.998e-11,1.708e-26,,,3.282e-43,1.436e-22,,1.667e-32,,4.295e-23,,3.465e-7,1.114e-20,8.509e-12,,6.903e-9,,,,5.560e-17,,,6.794e-28,,1.133e-3,,3.105e-8,,3.653e+1,2.578e-5,,1.861e-17,,,,,,,,,,,,,,,,,,,,,,,,,,
204.88,5.034e+1,,1.565e-10,2.554e-26,,,2.965e-43,1.436e-22,,4.225e-32,,4.397e-23,,1.247e-6,6.932e-20,1.009e-11,,4.358e-9,,,,4.176e-17,,,6.803e-28,,2.912e-3,,9.417e-9,,5.033e+1,2.603e-5,,1.128e-16,,,,,,,,,,,,,,,,,,,,,,,,,,
204.9,6.093e+1,,2.064e-10,3.264e-26,,,2.801e-43,1.437e-22,,7.681e-32,,4.465e-23,,2.862e-6,2.294e-19,1.106e-11,,3.134e-9,,,,3.386e-17,,,6.809e-28,,5.341e-3,,4.155e-9,,6.093e+1,2.614e-5,,3.667e-16,,,,,,,,,,,,,,,,,,,,,,,,,,
204.93,7.844e+1,,3.023e-10,4.559e-26,,,2.604e-43,1.437e-22,,1.820e-31,,4.567e-23,,9.621e-6,1.335e-18,1.225e-11,,1.848e-9,,,,2.401e-17,,,6.818e-28,,1.283e-2,,1.176e-9,,7.843e+1,2.596e-5,,2.077e-15,,,,,,,,,,,,,,,,,,,,,,,,,,
204.95,9.075e+1,,3.814e-10,5.568e-26,,,2.496e-43,1.437e-22,,3.161e-31,,4.635e-23,,2.111e-5,4.222e-18,1.282e-11,,1.270e-9,,,,1.872e-17,,,6.823e-28,,2.249e-2,,4.957e-10,,9.072e+1,2.551e-5,,6.455e-15,,,,,,,,,,,,,,,,,,,,,,,,,,
204.98,1.092e+2,,5.229e-10,7.264e-26,,,2.364e-43,1.438e-22,,6.998e-31,,4.738e-23,,6.633e-5,2.296e-17,1.326e-11,,6.989e-10,,,,1.251e-17,,,6.832e-28,,5.045e-2,,1.310e-10,,1.091e+2,2.424e-5,,3.419e-14,,,,,,,,,,,,,,,,,,,,,,,,,,
205,1.207e+2,,6.312e-10,8.478e-26,,,2.295e-43,1.438e-22,,1.162e-30,,4.806e-23,,1.391e-4,6.943e-17,1.326e-11,,4.589e-10,,,,9.374e-18,,,6.838e-28,,8.453e-2,,5.272e-11,,1.206e+2,2.300e-5,,1.016e-13,,,,,,,,,,,,,,,,,,,,,,,,,,
205.03,1.357e+2,,8.102e-10,1.033e-25,,,2.218e-43,1.439e-22,,2.403e-30,,4.908e-23,,4.084e-4,3.530e-16,1.282e-11,,2.359e-10,,,,5.896e-18,,,6.847e-28,,1.772e-1,,1.300e-11,,1.356e+2,2.064e-5,,5.027e-13,,,,,,,,,,,,,,,,,,,,,,,,,,
205.05,1.436e+2,,9.361e-10,1.152e-25,,,2.185e-43,1.439e-22,,3.814e-30,,4.976e-23,,8.188e-4,1.021e-15,1.225e-11,,1.479e-10,,,,4.240e-18,,,6.853e-28,,2.838e-1,,4.999e-12,,1.433e+2,1.883e-5,,1.428e-12,,,,,,,,,,,,,,,,,,,,,,,,,,
205.07,1.492e+2,,1.063e-9,1.262e-25,,,2.165e-43,1.440e-22,,5.944e-30,,5.044e-23,,1.612e-3,2.898e-15,1.149e-11,,9.111e-11,,,,3.000e-18,,,6.858e-28,,4.462e-1,,1.886e-12,,1.488e+2,1.691e-5,,3.982e-12,,,,,,,,,,,,,,,,,,,,,,,,,,
205.1,1.532e+2,,1.244e-9,1.398e-25,,,2.156e-43,1.440e-22,,1.118e-29,,5.146e-23,,4.305e-3,1.340e-14,1.009e-11,,4.255e-11,,,,1.730e-18,,,6.867e-28,,8.506e-1,,4.225e-13,,1.524e+2,1.403e-5,,1.794e-11,,,,,,,,,,,,,,,,,,,,,,,,,,
205.12,1.528e+2,,1.353e-9,1.463e-25,,,2.160e-43,1.441e-22,,1.665e-29,,5.214e-23,,8.101e-3,3.638e-14,9.048e-12,,2.503e-11,,,,1.174e-18,,,6.873e-28,,1.278e+0,,1.523e-13,,1.515e+2,1.223e-5,,4.783e-11,,,,,,,,,,,,,,,,,,,,,,,,,,
205.15,1.479e+2,,1.484e-9,1.513e-25,,,2.174e-43,1.441e-22,,2.926e-29,,5.316e-23,,2.022e-2,1.573e-13,7.423e-12,,1.092e-11,,,,6.357e-19,,,6.882e-28,,2.277e+0,,3.183e-14,,1.457e+2,9.891e-6,,2.014e-10,,,,,,,,,,,,,,,,,,,,,,,,,,
205.17,1.425e+2,,1.545e-9,1.513e-25,,,2.187e-43,1.442e-22,,4.165e-29,,5.385e-23,,3.636e-2,4.083e-13,6.358e-12,,6.136e-12,,,,4.135e-19,,,6.888e-28,,3.271e+0,,1.096e-14,,1.392e+2,8.690e-6,,5.133e-10,,,,,,,,,,,,,,,,,,,,,,,,,,
205.2,1.322e+2,,1.588e-9,1.463e-25,,,2.209e-43,1.442e-22,,6.838e-29,,5.487e-23,,8.480e-2,1.650e-12,4.872e-12,,2.499e-12,,,,2.101e-19,,,6.896e-28,,5.443e+0,,2.138e-15,,1.266e+2,7.592e-6,,2.020e-9,,,,,,,,,,,,,,,,,,,,,,,,,,
205.22,1.248e+2,,1.584e-9,1.398e-25,,,2.228e-43,1.442e-22,,9.304e-29,,5.555e-23,,1.458e-1,4.094e-12,3.987e-12,,1.342e-12,,,,1.310e-19,,,6.902e-28,,7.473e+0,,7.028e-16,,1.172e+2,7.426e-6,,4.923e-9,,,,,,,,,,,,,,,,,,,,,,,,,,
205.25,1.149e+2,,1.527e-9,1.262e-25,,,2.270e-43,1.443e-22,,1.427e-28,,5.657e-23,,3.177e-1,1.547e-11,2.854e-12,,5.102e-13,,,,6.239e-20,,,6.911e-28,,1.162e+1,,1.280e-16,,1.029e+2,8.195e-6,,1.811e-8,,,,,,,,,,,,,,,,,,,,,,,,,,
205.27,1.098e+2,,1.459e-9,1.152e-25,,,2.311e-43,1.443e-22,,1.856e-28,,5.725e-23,,5.222e-1,3.669e-11,2.232e-12,,2.617e-13,,,,3.724e-20,,,6.917e-28,,1.525e+1,,4.019e-17,,9.404e+1,9.496e-6,,4.220e-8,,,,,,,,,,,,,,,,,,,,,,,,,,
205.3,1.059e+2,,1.320e-9,9.716e-26,,,2.403e-43,1.444e-22,,2.660e-28,,5.827e-23,,1.063e+0,1.296e-10,1.492e-12,,9.292e-14,,,,1.663e-20,,,6.925e-28,,2.215e+1,,6.831e-18,,8.272e+1,1.283e-5,,1.451e-7,,,,,,,,,,,,,,,,,,,,,,,,,,
205.32,1.064e+2,,1.209e-9,8.478e-26,,,2.487e-43,1.444e-22,,3.305e-28,,5.895e-23,,1.671e+0,2.938e-10,1.115e-12,,4.554e-14,,,,9.503e-21,,,6.931e-28,,2.778e+1,,2.048e-18,,7.693e+1,1.610e-5,,3.232e-7,,,,,,,,,,,,,,,,,,,,,,,,,,
205.35,1.121e+2,,1.028e-9,6.678e-26,,,2.648e-43,1.445e-22,,4.427e-28,,5.997e-23,,3.179e+0,9.699e-10,6.958e-13,,1.510e-14,,,,3.974e-21,,,6.940e-28,,3.770e+1,,3.250e-19,,7.120e+1,2.278e-5,,1.039e-6,,,,,,,,,,,,,,,,,,,,,,,,,,
205.37,1.192e+2,,9.027e-10,5.568e-26,,,2.776e-43,1.445e-22,,5.258e-28,,6.066e-23,,4.774e+0,2.102e-9,4.968e-13,,7.068e-15,,,,2.175e-21,,,6.946e-28,,4.519e+1,,9.308e-20,,6.928e+1,2.851e-5,,2.212e-6,,,,,,,,,,,,,,,,,,,,,,,,,,
205.4,1.346e+2,,7.206e-10,4.097e-26,,,2.987e-43,1.446e-22,,6.578e-28,,6.168e-23,,8.490e+0,6.488e-9,2.897e-13,,2.188e-15,,,,8.557e-22,,,6.955e-28,,5.731e+1,,1.378e-20,,6.880e+1,3.911e-5,,6.645e-6,,,,,,,,,,,,,,,,,,,,,,,,,,
205.42,1.475e+2,,6.075e-10,3.264e-26,,,3.128e-43,1.446e-22,,7.468e-28,,6.236e-23,,1.219e+1,1.345e-8,1.976e-13,,9.787e-16,,,,4.552e-22,,,6.960e-28,,6.565e+1,,3.770e-21,,6.966e+1,4.752e-5,,1.353e-5,,,,,,,,,,,,,,,,,,,,,,,,,,
205.44,1.621e+2,,5.038e-10,2.554e-26,,,3.259e-43,1.447e-22,,8.325e-28,,6.304e-23,,1.717e+1,2.737e-8,1.324e-13,,4.298e-16,,,,2.490e-22,,,6.966e-28,,7.385e+1,,1.013e-21,,7.104e+1,5.693e-5,,2.705e-5,,,,,,,,,,,,,,,,,,,,,,,,,,
205.47,1.863e+2,,3.691e-10,1.708e-26,,,3.418e-43,1.447e-22,,9.471e-28,,6.406e-23,,2.778e+1,7.684e-8,7.015e-14,,1.209e-16,,,,1.375e-22,,,6.975e-28,,8.517e+1,,1.361e-22,,7.330e+1,7.271e-5,,7.393e-5,,,,,,,,,,,,,,,,,,,,,,,,,,
205.49,2.034e+2,,2.939e-10,1.277e-26,,,3.487e-43,1.447e-22,,1.009e-27,,6.474e-23,,3.743e+1,1.495e-7,4.490e-14,,5.071e-17,,,,1.487e-22,,,6.981e-28,,9.157e+1,,3.492e-23,,7.441e+1,8.413e-5,,1.413e-4,,,,,,,,,,,,,,,,,,,,,,,,,,
205.52,2.301e+2,,2.027e-10,7.978e-27,,,3.521e-43,1.448e-22,,1.073e-27,,6.576e-23,,5.658e+1,3.924e-7,2.222e-14,,1.332e-17,,,,2.982e-22,,,6.990e-28,,9.868e+1,,4.382e-24,,7.480e+1,1.022e-4,,3.611e-4,,,,,,,,,,,,,,,,,,,,,,,,,,
205.54,2.482e+2,,1.551e-10,5.700e-27,,,3.495e-43,1.448e-22,,1.092e-27,,6.644e-23,,7.286e+1,7.300e-7,1.359e-14,,5.338e-18,,,,5.361e-22,,,6.995e-28,,1.014e+2,,4.480e-24,,7.391e+1,1.145e-4,,6.598e-4,,,,,,,,,,,,,,,,,,,,,,,,,,
205.57,2.757e+2,,1.008e-10,3.326e-27,,,3.389e-43,1.449e-22,,1.085e-27,,6.747e-23,,1.029e+2,1.791e-6,6.283e-15,,1.309e-18,,,,1.302e-21,,,7.004e-28,,1.021e+2,,4.627e-24,,7.065e+1,1.334e-4,,1.576e-3,,,,,,,,,,,,,,,,,,,,,,,,,,
205.59,2.942e+2,,7.412e-11,2.271e-27,,,3.283e-43,1.449e-22,,1.056e-27,,6.815e-23,,1.267e+2,3.185e-6,3.672e-15,,5.012e-19,,,,2.312e-21,,,7.010e-28,,1.003e+2,,4.724e-24,,6.721e+1,1.461e-4,,2.753e-3,,,,,,,,,,,,,,,,,,,,,,,,,,
205.62,3.221e+2,,4.540e-11,1.238e-27,,,3.096e-43,1.450e-22,,9.799e-28,,6.917e-23,,1.673e+2,7.304e-6,1.585e-15,,1.147e-19,,,,5.301e-21,,,7.019e-28,,9.441e+1,,4.871e-24,,6.044e+1,1.662e-4,,6.146e-3,,,,,,,,,,,,,,,,,,,,,,,,,,
205.64,3.406e+2,,3.211e-11,8.075e-28,,,2.969e-43,1.450e-22,,9.114e-28,,6.985e-23,,1.968e+2,1.242e-5,8.852e-16,,4.197e-20,,,,9.013e-21,,,7.025e-28,,8.869e+1,,4.969e-24,,5.511e+1,1.811e-4,,1.026e-2,,,,,,,,,,,,,,,,,,,,,,,,,,
205.67,3.674e+2,,1.855e-11,4.112e-28,,,2.808e-43,1.451e-22,,7.902e-28,,7.087e-23,,2.428e+2,2.662e-5,3.570e-16,,8.973e-21,,,,1.932e-20,,,7.033e-28,,7.814e+1,,5.116e-24,,4.643e+1,2.084e-4,,2.142e-2,,,,,,,,,,,,,,,,,,,,,,,,,,
205.69,3.839e+2,,1.262e-11,2.563e-28,,,2.737e-43,1.451e-22,,7.025e-28,,7.155e-23,,2.730e+2,4.327e-5,1.904e-16,,3.136e-21,,,,3.141e-20,,,7.039e-28,,7.032e+1,,5.213e-24,,4.051e+1,2.322e-4,,3.420e-2,,,,,,,,,,,,,,,,,,,,,,,,,,
205.72,4.050e+2,,6.879e-12,1.219e-28,,,2.706e-43,1.452e-22,,5.691e-28,,7.257e-23,,3.148e+2,8.670e-5,7.173e-17,,6.260e-22,,,,6.293e-20,,,7.048e-28,,5.829e+1,,5.360e-24,,3.192e+1,2.826e-4,,6.671e-2,,,,,,,,,,,,,,,,,,,,,,,,,,
205.74,4.156e+2,,4.502e-12,7.262e-29,,,2.746e-43,1.452e-22,,4.835e-28,,7.325e-23,,3.383e+2,1.347e-4,3.657e-17,,2.090e-22,,,,9.779e-20,,,7.054e-28,,5.057e+1,,5.458e-24,,2.663e+1,3.309e-4,,1.018e-1,,,,,,,,,,,,,,,,,,,,,,,,,,
205.77,4.245e+2,,2.315e-12,3.228e-29,,,2.900e-43,1.453e-22,,3.660e-28,,7.428e-23,,3.645e+2,2.523e-4,1.286e-17,,3.895e-23,,,,1.832e-19,,,7.062e-28,,4.019e+1,,5.604e-24,,1.963e+1,4.362e-4,,1.857e-1,,,,,,,,,,,,,,,,,,,,,,,,,,
205.79,4.249e+2,,1.458e-12,1.840e-29,,,3.064e-43,1.453e-22,,2.973e-28,,7.496e-23,,3.745e+2,3.749e-4,6.266e-18,,1.242e-23,,,,2.721e-19,,,7.068e-28,,3.439e+1,,5.702e-24,,1.568e+1,5.361e-4,,2.709e-1,,,,,,,,,,,,,,,,,,,,,,,,,,
205.82,4.162e+2,,7.071e-13,7.707e-30,,,3.387e-43,1.454e-22,,2.104e-28,,7.598e-23,4.989e-33,3.771e+2,6.563e-4,2.059e-18,,2.162e-24,,,,4.764e-19,,,7.077e-28,,2.780e+1,,5.849e-24,,1.085e+1,7.459e-4,,4.617e-1,,,,,,,,,,,,,,,,,,,,,,,,,,
205.84,4.043e+2,,4.281e-13,4.300e-30,,,3.641e-43,1.454e-22,,1.635e-28,,7.666e-23,1.951e-32,3.703e+2,9.322e-4,9.581e-19,,6.587e-25,,,,6.767e-19,,,7.083e-28,,2.495e+1,,5.947e-24,,8.356e+0,9.353e-4,,6.441e-1,,,,,,,,,,,,,,,,,,,,,,,,,,
205.86,3.878e+2,,2.551e-13,2.489e-30,,,3.914e-43,1.454e-22,,1.251e-28,,7.734e-23,7.494e-32,3.572e+2,1.300e-3,4.379e-19,,1.971e-25,,,,9.440e-19,,,7.089e-28,,2.339e+1,,6.044e-24,,6.387e+0,1.172e-3,,8.826e-1,,,,,,,,,,,,,,,,,,,,,,,,,,
205.89,3.562e+2,,1.140e-13,1.465e-30,,,4.333e-43,1.455e-22,,8.169e-29,,5.916e-22,5.458e-31,3.271e+2,2.071e-3,1.307e-19,,3.116e-26,,,,1.504e-18,,,7.097e-28,,2.346e+1,,6.191e-24,,4.331e+0,1.627e-3,,1.369e+0,,,,,,,,,,,,,,,,,,,,,,,,,,
205.91,3.319e+2,,6.529e-14,1.496e-30,,,4.599e-43,1.455e-22,,6.119e-29,,2.246e-21,2.005e-30,3.015e+2,2.762e-3,5.710e-20,,8.904e-27,,,,2.005e-18,,,7.103e-28,,2.506e+1,,6.289e-24,,3.497e+0,2.002e-3,,1.793e+0,,,,,,,,,,,,,,,,,,,,,,,,,,
205.94,2.931e+2,,2.747e-14,2.439e-30,,,4.952e-43,1.456e-22,,4.133e-29,,1.607e-20,1.366e-29,2.580e+2,4.113e-3,1.592e-20,,1.315e-27,,,,2.986e-18,,,7.112e-28,,2.953e+1,,6.435e-24,,2.974e+0,2.673e-3,,2.598e+0,,,,,,,,,,,,,,,,,,,,,,,,,,
205.96,2.675e+2,,1.512e-14,3.789e-30,,,5.139e-43,1.456e-22,,3.465e-29,,5.837e-20,4.802e-29,2.274e+2,5.244e-3,6.644e-21,,3.589e-28,,,,3.807e-18,,,7.118e-28,,3.372e+1,,6.533e-24,,3.094e+0,3.187e-3,,3.254e+0,,,,,,,,,,,,,,,,,,,,,,,,,,
205.99,2.316e+2,,5.988e-15,7.455e-30,,,5.332e-43,1.457e-22,,3.427e-29,,3.907e-19,3.060e-28,1.818e+2,7.299e-3,1.731e-21,,4.947e-29,,,,5.299e-18,,,7.127e-28,,4.135e+1,,6.680e-24,,4.002e+0,4.032e-3,,4.409e+0,,,,,,,,,,,,,,,,,,,,,,,,,,
206.01,2.106e+2,,3.165e-15,1.155e-29,,,5.394e-43,1.457e-22,,4.106e-29,,1.357e-18,1.029e-27,1.532e+2,8.896e-3,6.900e-22,,1.289e-29,,,,6.459e-18,,,7.132e-28,,4.702e+1,,6.778e-24,,5.138e+0,4.624e-3,,5.278e+0,,,,,,,,,,,,,,,,,,,,,,,,,,
206.04,1.847e+2,,1.179e-15,2.157e-29,,,5.390e-43,1.458e-22,,6.454e-29,,8.499e-18,6.135e-27,1.145e+2,1.157e-2,1.679e-22,,1.659e-30,,,,8.403e-18,,,7.141e-28,,5.579e+1,,6.924e-24,,7.763e+0,5.507e-3,,6.685e+0,,,,,,,,,,,,,,,,,,,,,,,,,,
206.06,1.714e+2,,5.978e-16,3.201e-29,,,5.328e-43,1.458e-22,,9.174e-29,,2.824e-17,1.973e-26,9.215e+1,1.349e-2,6.395e-23,,2.634e-32,,,,9.792e-18,,,7.147e-28,,6.141e+1,,7.022e-24,,1.022e+1,6.058e-3,,7.651e+0,,,,,,,,,,,,,,,,,,,,,,,,,,
206.09,1.574e+2,,2.093e-16,5.596e-29,,,5.174e-43,1.459e-22,,1.566e-28,,1.654e-16,1.100e-25,6.435e+1,1.640e-2,1.453e-23,,2.203e-31,,,,1.191e-17,,,7.156e-28,,6.884e+1,,7.169e-24,,1.510e+1,6.767e-3,,9.058e+0,,,,,,,,,,,,,,,,,,,,,,,,,,
206.11,1.515e+2,,1.018e-16,7.941e-29,,,5.053e-43,1.459e-22,,2.210e-28,,5.257e-16,3.385e-25,4.952e+1,1.827e-2,5.289e-24,,3.496e-31,,,,1.327e-17,,,7.162e-28,,7.278e+1,,2.763e-23,,1.924e+1,7.128e-3,,9.911e+0,,,,,,,,,,,,,,,,,,,,,,,,,,
206.14,1.469e+2,,3.345e-17,1.298e-28,,,4.895e-43,1.459e-22,,3.601e-28,,2.881e-15,1.766e-24,3.232e+1,2.077e-2,1.122e-24,,5.436e-31,,,,1.508e-17,,,7.170e-28,,7.673e+1,,2.022e-22,,2.682e+1,7.457e-3,,1.097e+1,,,,,,,,,,,,,,,,,,,,,,,,,,
206.16,1.459e+2,,1.560e-17,1.761e-28,,,4.848e-43,1.460e-22,,4.882e-28,,8.756e-15,5.196e-24,2.377e+1,2.212e-2,3.904e-25,,2.112e-30,,,,1.606e-17,,,7.176e-28,,7.790e+1,,7.453e-22,,3.275e+1,7.517e-3,,1.147e+1,,,,,,,,,,,,,,,,,,,,,,,,,,
206.19,1.467e+2,,4.810e-18,2.691e-28,,,4.954e-43,1.460e-22,,7.457e-28,,4.489e-14,2.537e-23,1.450e+1,2.351e-2,7.741e-26,,1.565e-29,,,,1.707e-17,,,7.185e-28,,7.748e+1,,5.103e-21,,4.280e+1,7.359e-3,,1.187e+1,,,,,,,,,,,,,,,,,,,,,,,,,,
206.21,1.481e+2,,2.149e-18,3.491e-28,,,5.212e-43,1.461e-22,,9.672e-28,,1.305e-13,7.139e-23,1.019e+1,2.393e-2,2.583e-26,,5.815e-29,,,,1.738e-17,,,7.191e-28,,7.588e+1,,1.800e-20,,5.009e+1,7.096e-3,,1.187e+1,,,,,,,,,,,,,,,,,,,,,,,,,,
206.23,1.498e+2,,9.438e-19,4.448e-28,,,5.687e-43,1.461e-22,,1.232e-27,,3.728e-13,1.974e-22,7.039e+0,2.393e-2,8.741e-27,,2.123e-28,,,,1.738e-17,,,7.197e-28,,7.343e+1,,6.235e-20,,5.762e+1,6.723e-3,,1.166e+1,,,,,,,,,,,,,,,,,,,,,,,,,,
206.26,1.525e+2,,2.659e-19,6.185e-28,,,6.968e-43,1.462e-22,,1.714e-27,,1.741e-12,8.776e-22,3.905e+0,2.314e-2,3.385e-27,,1.433e-27,,,,1.680e-17,,,7.205e-28,,6.867e+1,,3.889e-19,,6.893e+1,5.997e-3,,1.098e+1,,,,,,,,,,,,,,,,,,,,,,,,,,
206.28,1.542e+2,,1.118e-19,7.535e-28,,,8.329e-43,1.462e-22,,2.088e-27,,4.755e-12,2.321e-21,2.577e+0,2.212e-2,6.079e-27,,5.005e-27,,,,1.606e-17,,,7.211e-28,,6.518e+1,,1.289e-18,,7.611e+1,5.437e-3,,1.031e+1,,,,,,,,,,,,,,,,,,,,,,,,,,
206.31,1.563e+2,,2.953e-20,9.797e-28,,,1.139e-42,1.463e-22,,2.714e-27,,2.077e-11,9.654e-21,1.336e+0,1.999e-2,2.816e-26,,3.160e-26,,,,1.451e-17,,,7.220e-28,,6.014e+1,,7.521e-18,,8.574e+1,4.548e-3,,9.075e+0,,,,,,,,,,,,,,,,,,,,,,,,,,
206.33,1.574e+2,,1.189e-20,1.141e-27,,,1.427e-42,1.463e-22,,3.162e-27,,5.428e-11,2.442e-20,8.428e-1,1.827e-2,8.042e-26,,1.056e-25,,,,1.327e-17,,,7.226e-28,,5.724e+1,,2.384e-17,,9.110e+1,3.958e-3,,8.151e+0,,,,,,,,,,,,,,,,,,,,,,,,,,
206.36,1.583e+2,,2.939e-21,1.387e-27,,,2.014e-42,1.464e-22,,3.843e-27,,2.218e-10,9.503e-20,4.083e-1,1.544e-2,3.767e-25,,6.239e-25,,,,1.121e-17,,,7.234e-28,,5.401e+1,,1.302e-16,,9.717e+1,3.135e-3,,6.708e+0,,,,,,,,,,,,,,,,,,,,,,,,,,
206.38,1.585e+2,,1.133e-21,1.545e-27,,,2.524e-42,1.464e-22,,4.280e-27,,5.543e-10,2.299e-19,2.462e-1,1.349e-2,1.032e-24,,1.994e-24,,,,9.792e-18,,,7.240e-28,,5.272e+1,,3.948e-16,,9.980e+1,2.653e-3,,5.761e+0,,,,,,,,,,,,,,,,,,,,,,,,,,
206.41,1.582e+2,,2.621e-22,1.755e-27,,,3.483e-42,1.465e-22,,4.864e-27,,2.119e-9,8.370e-19,1.114e-1,1.065e-2,4.522e-24,,1.102e-23,,,,7.732e-18,,,7.249e-28,,5.203e+1,,2.017e-15,,1.016e+2,2.068e-3,,4.435e+0,,,,,,,,,,,,,,,,,,,,,,,,,,
206.43,1.576e+2,,9.665e-23,1.869e-27,,,4.254e-42,1.465e-22,,5.179e-27,,5.066e-9,1.937e-18,6.424e-2,8.903e-3,1.185e-23,,3.371e-23,,,,6.459e-18,,,7.255e-28,,5.226e+1,,5.851e-15,,1.016e+2,1.786e-3,,3.643e+0,,,,,,,,,,,,,,,,,,,,,,,,,,
206.46,1.561e+2,,2.093e-23,1.986e-27,,,5.593e-42,1.465e-22,,5.502e-27,,1.811e-8,6.598e-18,2.717e-2,6.586e-3,4.858e-23,,1.743e-22,,,,4.767e-18,,,7.264e-28,,5.324e+1,,2.796e-14,,1.002e+2,1.545e-3,,2.624e+0,,,,,,,,,,,,,,,,,,,,,,,,,,
206.48,1.547e+2,,7.385e-24,2.022e-27,,,6.586e-42,1.466e-22,,5.602e-27,,4.142e-8,1.461e-17,1.497e-2,5.281e-3,1.218e-22,,5.100e-22,,,,3.807e-18,,,7.269e-28,,5.400e+1,,7.760e-14,,9.857e+1,1.514e-3,,2.062e+0,,,,,,,,,,,,,,,,,,,,,,,,,,
206.51,1.519e+2,,1.496e-24,2.008e-27,,,8.164e-42,1.466e-22,,5.564e-27,,1.385e-7,4.653e-17,5.918e-3,3.714e-3,4.672e-22,,2.468e-21,,,,2.627e-18,,,7.278e-28,,5.480e+1,,3.470e-13,,9.575e+1,1.673e-3,,1.390e+0,,,,,,,,,,,,,,,,,,,,,,,,,,
206.53,1.498e+2,,5.049e-25,1.955e-27,,,9.227e-42,1.467e-22,,5.417e-27,,3.030e-7,9.854e-17,3.117e-3,2.940e-3,1.120e-21,,6.906e-21,,,,2.005e-18,,,7.284e-28,,5.482e+1,,9.211e-13,,9.390e+1,1.923e-3,,1.046e+0,,,,,,,,,,,,,,,,,,,,,,,,,,
206.56,1.460e+2,,9.571e-26,1.816e-27,,,1.074e-41,1.467e-22,,5.030e-27,,9.482e-7,2.937e-16,1.151e-3,2.213e-3,4.020e-21,,3.127e-20,,,,1.293e-18,,,7.293e-28,,5.375e+1,,3.854e-12,,9.160e+1,2.517e-3,,6.610e-1,,,,,,,,,,,,,,,,,,,,,,,,,,
206.58,1.432e+2,,3.088e-26,1.690e-27,,,1.162e-41,1.468e-22,,4.682e-27,,1.984e-6,5.949e-16,5.796e-4,2.063e-3,9.219e-21,,8.370e-20,,,,9.440e-19,,,7.299e-28,,5.219e+1,,9.786e-12,,9.052e+1,3.058e-3,,4.765e-1,,,,,,,,,,,,,,,,,,,,,,,,,,
206.6,1.401e+2,,9.790e-27,1.545e-27,,,1.237e-41,1.468e-22,,4.280e-27,,4.078e-6,1.184e-15,2.865e-4,2.259e-3,2.077e-20,,2.201e-19,,,,6.767e-19,,,7.304e-28,,4.994e+1,,2.441e-11,,8.986e+1,3.710e-3,,3.378e-1,,,,,,,,,,,,,,,,,,,,,,,,,,
206.63,1.352e+2,,1.689e-27,1.306e-27,,,1.313e-41,1.469e-22,,3.617e-27,,1.162e-5,3.214e-15,9.627e-5,3.496e-3,6.792e-20,,9.080e-19,,,,3.971e-19,,,7.313e-28,,4.539e+1,,9.305e-11,,8.956e+1,4.873e-3,,1.954e-1,,,,,,,,,,,,,,,,,,,,,,,,,,
206.65,1.316e+2,,5.121e-28,1.141e-27,,,1.337e-41,1.469e-22,,3.162e-27,,2.285e-5,6.117e-15,4.549e-5,5.288e-3,1.464e-19,,2.284e-18,,,,2.721e-19,,,7.319e-28,,4.173e+1,,2.220e-10,,8.970e+1,5.747e-3,,1.330e-1,,,,,,,,,,,,,,,,,,,,,,,,,,
206.68,1.258e+2,,8.263e-29,9.016e-28,,,1.328e-41,1.470e-22,,2.498e-27,,6.091e-5,1.554e-14,1.428e-5,1.044e-2,4.479e-19,,8.816e-18,,,,1.493e-19,,,7.328e-28,,3.563e+1,,7.918e-10,,9.009e+1,7.144e-3,,7.247e-2,,,,,,,,,,,,,,,,,,,,,,,,,,
206.7,1.217e+2,,2.395e-29,7.535e-28,,,1.294e-41,1.470e-22,,2.088e-27,,1.145e-4,2.828e-14,6.451e-6,1.647e-2,9.233e-19,,2.122e-17,,,,9.784e-20,,,7.333e-28,,3.138e+1,,1.808e-9,,9.024e+1,8.088e-3,,4.745e-2,,,,,,,,,,,,,,,,,,,,,,,,,,
206.73,1.150e+2,,3.611e-30,5.566e-28,,,1.203e-41,1.470e-22,,1.542e-27,,2.857e-4,6.720e-14,1.893e-6,3.196e-2,2.643e-18,,7.662e-17,,,,5.027e-20,,,7.342e-28,,2.510e+1,,6.030e-9,,8.988e+1,9.429e-3,,2.446e-2,,,,,,,,,,,,,,,,,,,,,,,,,,
206.75,1.103e+2,,1.001e-30,4.448e-28,,,1.121e-41,1.471e-22,,1.232e-27,,5.138e-4,1.170e-13,8.173e-7,4.881e-2,5.212e-18,,1.764e-16,,,,3.166e-20,,,7.348e-28,,2.115e+1,,1.317e-8,,8.906e+1,1.022e-2,,1.546e-2,,,,,,,,,,,,,,,,,,,,,,,,,,
206.78,1.026e+2,,1.406e-31,3.072e-28,,,9.749e-42,1.471e-22,,8.511e-28,,1.199e-3,2.601e-13,2.241e-7,8.933e-2,1.396e-17,,5.961e-16,,,,1.570e-20,,,7.357e-28,,1.583e+1,,4.111e-8,,8.669e+1,1.115e-2,,7.579e-3,,,,,,,,,,,,,,,,,,,,,,,,,,
206.8,9.718e+1,,3.719e-32,2.347e-28,,,8.688e-42,1.472e-22,,6.502e-28,,2.062e-3,4.333e-13,9.248e-8,1.309e-1,2.634e-17,,1.313e-15,,,,1.021e-20,,,7.363e-28,,1.276e+1,,8.587e-8,,8.427e+1,1.155e-2,,4.642e-3,,,,,,,,,,,,,,,,,,,,,,,,,,
206.83,8.857e+1,,4.545e-33,1.515e-28,,,7.073e-42,1.472e-22,,4.199e-28,,4.501e-3,9.011e-13,2.370e-8,2.248e-1,6.600e-17,,4.151e-15,,,,6.943e-21,,,7.371e-28,,8.934e+0,,2.508e-7,,7.939e+1,1.179e-2,,2.180e-3,,,,,,,,,,,,,,,,,,,,,,,,,,
206.85,8.260e+1,,1.155e-33,1.107e-28,,,6.033e-42,1.473e-22,,3.067e-28,,7.407e-3,1.436e-12,9.347e-9,3.156e-1,1.191e-16,,8.747e-15,,,,7.443e-21,,,7.377e-28,,6.887e+0,,5.011e-7,,7.538e+1,1.169e-2,,1.300e-3,,,,,,,,,,,,,,,,,,,,,,,,,,
206.88,7.353e+1,,2.319e-33,6.681e-29,,,4.603e-42,1.473e-22,,1.851e-28,,1.512e-2,2.793e-12,2.238e-9,5.087e-1,2.792e-16,,2.588e-14,,,,1.262e-20,,,7.386e-28,,4.508e+0,,1.369e-6,,6.848e+1,1.116e-2,,5.885e-4,,,,,,,,,,,,,,,,,,,,,,,,,,
206.9,6.752e+1,,3.096e-33,4.666e-29,,,3.766e-42,1.474e-22,,1.293e-28,,2.380e-2,4.257e-12,8.439e-10,6.845e-1,4.820e-16,,5.216e-14,,,,2.021e-20,,,7.392e-28,,3.323e+0,,2.617e-6,,6.348e+1,1.058e-2,,3.432e-4,,,,,,,,,,,,,,,,,,,,,,,,,,
206.93,5.882e+1,,4.260e-33,2.634e-29,,,2.711e-42,1.474e-22,,7.298e-29,,4.546e-2,7.747e-12,1.888e-10,1.035e+0,1.057e-15,,1.444e-13,,,,4.201e-20,,,7.401e-28,,2.034e+0,,6.691e-6,,5.570e+1,9.443e-3,,1.505e-4,,,,,,,,,,,,,,,,,,,,,,,,,,
206.95,5.336e+1,,5.037e-33,1.759e-29,,,2.144e-42,1.475e-22,,4.873e-29,,6.844e-2,1.129e-11,6.805e-11,1.335e+0,1.746e-15,,2.785e-13,,,,6.765e-20,,,7.406e-28,,1.433e+0,,1.223e-5,,5.052e+1,8.564e-3,,8.599e-5,,,,,,,,,,,,,,,,,,,,,,,,,,
206.97,4.826e+1,,5.813e-33,1.153e-29,,,1.683e-42,1.475e-22,,3.197e-29,,1.012e-1,1.617e-11,2.408e-11,1.694e+0,2.832e-15,,5.278e-13,,,,1.073e-19,,,7.412e-28,,9.924e-1,,2.198e-5,,4.547e+1,7.630e-3,,4.873e-5,,,,,,,,,,,,,,,,,,,,,,,,,,
207,4.140e+1,,6.978e-33,5.924e-30,,,1.171e-42,1.475e-22,,1.642e-29,,1.761e-1,2.681e-11,4.902e-12,2.344e+0,5.659e-15,,1.332e-12,,,,2.075e-19,,,7.421e-28,,5.528e-1,,5.118e-5,,3.833e+1,6.207e-3,,2.046e-5,,,,,,,,,,,,,,,,,,,,,,,,,,
207.02,3.740e+1,,7.754e-33,3.715e-30,,,9.339e-43,1.476e-22,,1.030e-29,,2.491e-1,3.673e-11,1.658e-12,2.849e+0,8.781e-15,,2.414e-12,,,,3.150e-19,,,7.427e-28,,3.659e-1,,8.795e-5,,3.393e+1,5.291e-3,,1.134e-5,,,,,,,,,,,,,,,,,,,,,,,,,,
207.05,3.227e+1,,8.919e-33,1.784e-30,,,7.051e-43,1.476e-22,,4.944e-30,,4.054e-1,5.696e-11,3.154e-13,3.701e+0,1.642e-14,,5.702e-12,,,,5.701e-19,,,7.435e-28,,1.906e-1,,1.916e-4,,2.797e+1,4.030e-3,,4.590e-6,,,,,,,,,,,,,,,,,,,,,,,,,,
207.07,2.941e+1,,9.695e-33,1.070e-30,,,6.200e-43,1.477e-22,,2.965e-30,,5.486e-1,7.464e-11,1.020e-13,4.314e+0,2.437e-14,,9.893e-12,,,,8.280e-19,,,7.441e-28,,1.206e-1,,3.150e-4,,2.442e+1,3.288e-3,,2.478e-6,,,,,,,,,,,,,,,,,,,,,,,,,,
207.1,2.586e+1,,1.086e-32,4.802e-31,,,5.663e-43,1.477e-22,,1.331e-30,,8.351e-1,1.083e-10,1.813e-14,5.261e+0,4.263e-14,,2.188e-11,,,,1.402e-18,,,7.450e-28,,5.873e-2,,6.422e-4,,1.971e+1,2.346e-3,,9.615e-7,,,,,,,,,,,,,,,,,,,,,,,,,,
207.12,2.394e+1,,1.164e-32,2.753e-31,,,5.658e-43,1.478e-22,,7.631e-31,,1.081e+0,1.357e-10,5.603e-15,5.880e+0,6.053e-14,,3.633e-11,,,,1.948e-18,,,7.456e-28,,3.555e-2,,1.010e-3,,1.695e+1,1.833e-3,,5.033e-7,,,,,,,,,,,,,,,,,,,,,,,,,,
207.15,2.162e+1,,1.280e-32,1.156e-31,,,5.968e-43,1.478e-22,,3.203e-31,,1.539e+0,1.842e-10,9.307e-16,6.730e+0,9.907e-14,,7.523e-11,,,,3.086e-18,,,7.465e-28,,1.618e-2,,1.926e-3,,1.333e+1,1.227e-3,,1.858e-7,,,,,,,,,,,,,,,,,,,,,,,,,,
207.17,2.037e+1,,1.358e-32,6.334e-32,,,6.286e-43,1.479e-22,,1.756e-31,,1.906e+0,2.209e-10,2.750e-16,7.212e+0,1.346e-13,,1.196e-10,,,,4.102e-18,,,7.470e-28,,9.364e-3,,2.897e-3,,1.124e+1,9.190e-4,,9.394e-8,,,,,,,,,,,,,,,,,,,,,,,,,,
207.2,1.885e+1,,1.474e-32,2.485e-32,,,6.786e-43,1.479e-22,,6.890e-32,,2.539e+0,2.804e-10,4.268e-17,7.750e+0,2.061e-13,,2.321e-10,,,,6.081e-18,,,7.479e-28,,3.986e-3,,5.170e-3,,8.550e+0,5.782e-4,,3.282e-8,,,,,,,,,,,,,,,,,,,,,,,,,,
207.22,1.801e+1,,1.552e-32,1.303e-32,,,7.068e-43,1.480e-22,,3.611e-32,,3.006e+0,3.216e-10,1.205e-17,7.961e+0,2.677e-13,,3.533e-10,,,,7.734e-18,,,7.485e-28,,2.205e-3,,7.439e-3,,7.028e+0,4.164e-4,,1.597e-8,,,,,,,,,,,,,,,,,,,,,,,,,,
207.25,1.691e+1,,1.668e-32,4.779e-33,,,7.334e-43,1.480e-22,,1.325e-32,,3.746e+0,3.820e-10,1.748e-18,8.031e+0,3.836e-13,,6.429e-10,,,,1.073e-17,,,7.494e-28,,8.775e-4,,1.242e-2,,5.121e+0,2.481e-4,,5.257e-9,,,,,,,,,,,,,,,,,,,,,,,,,,
207.27,1.625e+1,,1.746e-32,2.395e-33,,,7.375e-43,1.480e-22,,6.639e-33,,4.243e+0,4.191e-10,4.719e-19,7.909e+0,4.767e-13,,9.380e-10,,,,1.307e-17,,,7.500e-28,,4.642e-4,,1.710e-2,,4.080e+0,1.735e-4,,2.456e-9,,,,,,,,,,,,,,,,,,,,,,,,,,
207.3,1.529e+1,,1.862e-32,8.213e-34,,,7.210e-43,1.481e-22,,2.277e-33,,4.947e+0,4.657e-10,6.396e-20,7.488e+0,6.390e-13,,1.602e-9,,,,1.699e-17,,,7.508e-28,,1.727e-4,,2.671e-2,,2.826e+0,1.020e-4,,7.598e-10,,,,,,,,,,,,,,,,,,,,,,,,,,
207.32,1.464e+1,,1.940e-32,3.935e-34,,,6.952e-43,1.481e-22,,1.091e-33,,5.359e+0,4.886e-10,1.650e-20,7.070e+0,7.598e-13,,2.242e-9,,,,1.981e-17,,,7.514e-28,,8.737e-5,,3.516e-2,,2.173e+0,7.443e-5,,3.402e-10,,,,,,,,,,,,,,,,,,,,,,,,,,
207.34,1.396e+1,,2.018e-32,1.852e-34,,,6.587e-43,1.482e-22,,5.134e-34,,5.703e+0,5.037e-10,4.181e-21,6.562e+0,8.875e-13,,3.086e-9,,,,2.273e-17,,,7.520e-28,,4.341e-5,,4.549e-2,,1.645e+0,5.921e-5,,1.498e-10,,,,,,,,,,,,,,,,,,,,,,,,,,
207.37,1.286e+1,,2.134e-32,5.780e-35,,,5.878e-43,1.482e-22,,1.603e-34,,6.056e+0,5.099e-10,4.183e-21,5.684e+0,1.084e-12,,4.837e-9,,,,2.710e-17,,,7.529e-28,,1.470e-5,,6.473e-2,,1.056e+0,5.641e-5,,4.233e-11,,,,,,,,,,,,,,,,,,,,,,,,,,
207.39,1.208e+1,,2.212e-32,2.601e-35,,,5.329e-43,1.483e-22,,7.212e-35,,6.165e+0,5.027e-10,4.184e-21,5.057e+0,1.211e-12,,6.398e-9,,,,2.991e-17,,,7.535e-28,,6.983e-6,,8.009e-2,,7.731e-1,6.799e-5,,1.784e-11,,,,,,,,,,,,,,,,,,,,,,,,,,
207.42,1.082e+1,,2.328e-32,7.589e-36,,,4.449e-43,1.483e-22,,2.105e-35,,6.124e+0,4.760e-10,4.186e-21,4.111e+0,1.383e-12,,9.457e-9,,,,3.381e-17,,,7.543e-28,,2.211e-6,,1.066e-1,,4.807e-1,1.100e-4,,4.722e-12,,,,,,,,,,,,,,,,,,,,,,,,,,
207.44,9.950e+0,,2.406e-32,3.265e-36,,,3.858e-43,1.484e-22,,9.055e-36,,5.962e+0,4.490e-10,4.187e-21,3.505e+0,1.479e-12,,1.204e-8,,,,3.616e-17,,,7.549e-28,,1.004e-6,,1.262e-1,,3.570e-1,1.598e-4,,1.904e-12,,,,,,,,,,,,,,,,,,,,,,,,,,
207.47,8.630e+0,,2.522e-32,8.907e-37,,,3.013e-43,1.484e-22,,2.471e-36,,5.541e+0,3.977e-10,4.189e-21,2.672e+0,1.580e-12,,1.684e-8,,,,3.940e-17,,,7.558e-28,,2.972e-7,,1.572e-1,,2.592e-1,2.816e-4,,4.717e-13,,,,,,,,,,,,,,,,,,,,,,,,,,
207.49,7.769e+0,,2.600e-32,3.664e-37,,,2.499e-43,1.485e-22,,1.017e-36,,5.160e+0,3.588e-10,4.190e-21,2.183e+0,1.616e-12,,2.069e-8,,,,4.151e-17,,,7.564e-28,,1.291e-7,,1.780e-1,,2.478e-1,4.059e-4,,1.820e-13,,,,,,,,,,,,,,,,,,,,,,,,,,
207.52,6.571e+0,,2.716e-32,9.345e-38,,,1.826e-43,1.485e-22,,2.641e-37,,4.485e+0,2.974e-10,4.192e-21,1.561e+0,1.616e-12,,2.747e-8,,,,4.498e-17,,,7.572e-28,,3.573e-8,,2.075e-1,,3.160e-1,6.833e-4,,4.216e-14,,,,,,,,,,,,,,,,,,,,,,,,,,
207.54,5.873e+0,,2.794e-32,3.675e-38,,,1.448e-43,1.485e-22,,1.144e-37,,3.996e+0,2.566e-10,4.193e-21,1.222e+0,1.581e-12,,3.266e-8,,,,4.785e-17,,,7.578e-28,,1.484e-8,,2.247e-1,,4.300e-1,9.470e-4,,1.556e-14,,,,,,,,,,,,,,,,,,,,,,,,,,
207.57,5.057e+0,,2.911e-32,8.764e-39,,,9.898e-44,1.486e-22,,7.309e-38,,3.249e+0,1.990e-10,4.195e-21,8.195e-1,1.479e-12,,4.137e-8,,,,5.368e-17,,,7.587e-28,,3.839e-9,,2.451e-1,,7.415e-1,1.496e-3,,3.371e-15,,,,,,,,,,,,,,,,,,,,,,,,,,
207.59,4.716e+0,,1.115e-31,3.296e-39,,,7.510e-44,1.486e-22,,1.277e-37,,2.769e+0,1.642e-10,4.196e-21,6.145e-1,1.384e-12,,4.772e-8,,,,5.902e-17,,,7.593e-28,,1.524e-9,,2.539e-1,,1.077e+0,1.985e-3,,1.189e-15,,,,,,,,,,,,,,,,,,,,,,,,,,
207.62,4.606e+0,,8.790e-31,7.350e-40,,,4.800e-44,1.487e-22,,4.367e-37,,2.106e+0,1.191e-10,4.198e-21,3.863e-1,1.211e-12,,5.787e-8,,,,6.991e-17,,,7.602e-28,,3.687e-10,,2.590e-1,,1.851e+0,2.936e-3,,2.410e-16,,,,,,,,,,,,,,,,,,,,,,,,,,
207.64,4.863e+0,,3.235e-30,2.651e-40,,,3.484e-44,1.487e-22,,1.012e-36,,1.716e+0,9.404e-11,4.199e-21,2.774e-1,1.084e-12,,6.491e-8,,,,7.940e-17,,,7.607e-28,,1.400e-10,,2.568e-1,,2.609e+0,3.729e-3,,8.130e-17,,,,,,,,,,,,,,,,,,,,,,,,,,
207.67,5.865e+0,,2.212e-29,6.040e-41,,,2.083e-44,1.488e-22,,3.470e-36,,1.221e+0,6.381e-11,4.201e-21,1.635e-1,8.879e-13,,7.558e-8,,,,9.720e-17,,,7.616e-28,,3.166e-11,,2.451e-1,,4.230e+0,5.162e-3,,1.540e-17,,,,,,,,,,,,,,,,,,,,,,,,,,
207.69,7.015e+0,,7.793e-29,3.534e-41,,,1.446e-44,1.488e-22,,7.725e-36,,9.522e-1,4.819e-11,4.202e-21,1.124e-1,7.602e-13,,8.254e-8,,,,1.114e-16,,,7.622e-28,,1.149e-11,,2.324e-1,,5.712e+0,6.271e-3,,4.969e-18,,,,,,,,,,,,,,,,,,,,,,,,,,
207.72,9.584e+0,,4.991e-28,8.935e-41,,,8.086e-45,1.489e-22,,2.482e-35,,6.339e-1,3.059e-11,4.204e-21,6.209e-2,5.825e-13,,9.234e-8,,,,1.354e-16,,,7.631e-28,,2.431e-12,,2.075e-1,,8.672e+0,8.124e-3,,8.802e-19,,,,,,,,,,,,,,,,,,,,,,,,,,
207.74,1.192e+1,,1.684e-27,2.535e-40,,,5.368e-45,1.489e-22,,5.288e-35,,4.726e-1,2.210e-11,4.205e-21,4.089e-2,4.771e-13,,9.816e-8,,,,1.526e-16,,,7.637e-28,,8.436e-13,,1.882e-1,,1.121e+1,9.444e-3,,2.714e-19,,,,,,,,,,,,,,,,,,,,,,,,,,
207.76,1.478e+1,,5.585e-27,7.304e-40,,,3.501e-45,1.490e-22,,1.107e-34,,3.462e-1,1.568e-11,4.206e-21,2.647e-2,3.839e-13,,1.032e-7,,,,1.700e-16,,,7.642e-28,,2.876e-13,,1.677e-1,,1.423e+1,1.078e-2,,8.221e-20,,,,,,,,,,,,,,,,,,,,,,,,,,
207.79,2.006e+1,,3.265e-26,3.479e-39,,,1.783e-45,1.490e-22,,3.243e-34,,2.099e-1,9.069e-12,4.208e-21,1.334e-2,2.680e-13,,1.089e-7,,,,1.951e-16,,,7.651e-28,,5.535e-14,,1.364e-1,,1.969e+1,1.273e-2,,1.325e-20,,,,,,,,,,,,,,,,,,,,,,,,,,
207.81,2.420e+1,,1.037e-25,9.641e-39,,,1.112e-45,1.490e-22,,6.496e-34,,1.471e-1,6.156e-12,4.209e-21,8.266e-3,2.062e-13,,1.111e-7,,,,2.099e-16,,,7.657e-28,,1.804e-14,,1.163e-1,,2.392e+1,1.391e-2,,3.839e-21,,,,,,,,,,,,,,,,,,,,,,,,,,
207.84,3.117e+1,,5.680e-25,4.306e-38,,,5.299e-46,1.491e-22,,1.782e-33,,8.342e-2,3.330e-12,4.211e-21,3.902e-3,1.347e-13,,1.120e-7,,,,2.274e-16,,,7.666e-28,,3.247e-15,,8.855e-2,,3.098e+1,1.537e-2,,5.787e-22,,,,,,,,,,,,,,,,,,,,,,,,,,
207.86,3.615e+1,,1.727e-24,1.143e-37,,,3.161e-46,1.491e-22,,3.415e-33,,5.591e-2,2.162e-12,4.212e-21,2.315e-3,9.918e-14,,1.108e-7,,,,2.350e-16,,,7.672e-28,,1.012e-15,,7.224e-2,,3.600e+1,1.606e-2,,1.603e-22,,,,,,,,,,,,,,,,,,,,,,,,,,
207.89,4.373e+1,,8.869e-24,4.787e-37,,,1.409e-46,1.492e-22,,8.771e-33,,2.966e-2,1.094e-12,4.214e-21,1.023e-3,6.061e-14,,1.063e-7,,,,2.391e-16,,,7.680e-28,,1.702e-16,,5.155e-2,,4.363e+1,1.660e-2,,2.258e-23,,,,,,,,,,,,,,,,,,,,,,,,,,
207.91,4.859e+1,,2.583e-23,1.217e-36,,,8.039e-47,1.492e-22,,1.609e-32,,1.901e-2,6.797e-13,4.215e-21,5.811e-4,4.268e-14,,1.017e-7,,,,2.368e-16,,,7.686e-28,,5.073e-17,,4.036e-2,,4.852e+1,1.660e-2,,5.979e-24,,,,,,,,,,,,,,,,,,,,,,,,,,
207.94,5.509e+1,,1.243e-22,4.783e-36,,,3.351e-47,1.493e-22,,3.868e-32,,9.438e-3,3.218e-13,4.217e-21,2.406e-4,2.440e-14,,9.267e-8,,,,2.258e-16,,,7.695e-28,,7.980e-18,,2.728e-2,,5.503e+1,1.606e-2,,7.876e-25,,,,,,,,,,,,,,,,,,,,,,,,,,
207.96,5.859e+1,,3.466e-22,1.166e-35,,,1.829e-47,1.493e-22,,6.790e-32,,5.787e-3,1.912e-13,4.218e-21,1.307e-4,1.644e-14,,8.565e-8,,,,2.140e-16,,,7.701e-28,,2.274e-18,,2.084e-2,,5.855e+1,1.537e-2,,7.782e-25,,,,,,,,,,,,,,,,,,,,,,,,,,
207.99,6.218e+1,,1.563e-21,4.303e-35,,,7.131e-48,1.494e-22,,1.528e-31,,2.687e-3,8.469e-14,4.220e-21,5.067e-5,8.794e-15,,7.420e-8,,,,1.911e-16,,,7.709e-28,,3.344e-19,,1.419e-2,,6.215e+1,1.391e-2,,7.641e-25,,,,,,,,,,,,,,,,,,,,,,,,,,
208.01,6.328e+1,,4.175e-21,1.006e-34,,,3.722e-48,1.494e-22,,2.567e-31,,1.576e-3,4.815e-14,4.221e-21,2.635e-5,5.668e-15,,6.636e-8,,,,1.733e-16,,,7.715e-28,,9.111e-20,,1.157e-2,,6.326e+1,1.274e-2,,7.547e-25,,,,,,,,,,,,,,,,,,,,,,,,,,
208.04,6.286e+1,,1.764e-20,3.492e-34,,,1.358e-48,1.495e-22,,5.409e-31,,6.845e-4,2.003e-14,4.223e-21,9.562e-6,2.836e-15,,5.491e-8,,,,1.449e-16,,,7.724e-28,,1.253e-20,,1.010e-2,,6.284e+1,1.079e-2,,7.406e-25,,,,,,,,,,,,,,,,,,,,,,,,,,
208.06,6.122e+1,,4.514e-20,7.848e-34,,,6.778e-49,1.495e-22,,8.697e-31,,3.840e-4,1.104e-14,4.224e-21,4.759e-6,1.749e-15,,4.778e-8,,,,1.257e-16,,,7.730e-28,,3.263e-21,,1.073e-2,,6.120e+1,9.456e-3,,7.312e-25,,,,,,,,,,,,,,,,,,,,,,,,,,
208.09,5.692e+1,,1.788e-19,2.568e-33,,,2.312e-49,1.496e-22,,1.715e-30,,1.560e-4,4.805e-15,4.226e-21,1.616e-6,8.188e-16,,3.823e-8,,,,9.834e-17,,,7.739e-28,,3.266e-21,,1.422e-2,,5.690e+1,7.506e-3,,7.171e-25,,,,,,,,,,,,,,,,,,,,,,,,,,
208.11,5.304e+1,,4.382e-19,5.554e-33,,,1.104e-49,1.496e-22,,2.639e-30,,8.371e-5,3.424e-15,4.227e-21,7.697e-7,4.829e-16,,3.276e-8,,,,8.166e-17,,,7.744e-28,,3.267e-21,,1.843e-2,,5.302e+1,6.298e-3,,7.077e-25,,,,,,,,,,,,,,,,,,,,,,,,,,
208.13,4.857e+1,,1.055e-18,1.184e-32,,,5.179e-50,1.496e-22,,3.990e-30,,4.412e-5,3.615e-15,4.228e-21,3.601e-7,2.798e-16,,2.806e-8,,,,6.661e-17,,,7.750e-28,,3.269e-21,,2.439e-2,,4.855e+1,5.197e-3,,6.983e-25,,,,,,,,,,,,,,,,,,,,,,,,,,
208.16,4.121e+1,,3.819e-18,3.591e-32,,,1.609e-50,1.497e-22,,7.176e-30,,1.633e-5,7.318e-15,4.230e-21,1.115e-7,1.193e-16,,2.243e-8,,,,4.748e-17,,,7.759e-28,,3.271e-21,,3.710e-2,,4.117e+1,3.781e-3,,6.842e-25,,,,,,,,,,,,,,,,,,,,,,,,,,
208.18,3.615e+1,,8.810e-18,7.403e-32,,,7.220e-51,1.497e-22,,1.038e-29,,8.233e-6,1.355e-14,4.231e-21,4.991e-8,6.614e-17,,1.956e-8,,,,3.705e-17,,,3.014e-27,,3.272e-21,,4.846e-2,,3.610e+1,3.002e-3,,6.748e-25,,,,,,,,,,,,,,,,,,,,,,,,,,
208.21,2.882e+1,,2.989e-17,2.142e-31,,,2.098e-51,1.498e-22,,1.748e-29,,2.851e-6,3.473e-14,4.233e-21,1.446e-8,2.639e-17,,1.643e-8,,,,2.471e-17,,,2.233e-26,,3.275e-21,,7.036e-2,,2.875e+1,2.075e-3,,6.607e-25,,,,,,,,,,,,,,,,,,,,,,,,,,
208.23,2.433e+1,,6.605e-17,4.288e-31,,,9.004e-52,1.498e-22,,2.420e-29,,1.375e-6,6.405e-14,4.234e-21,6.194e-9,1.399e-17,,1.503e-8,,,,1.845e-17,,,8.303e-26,,3.276e-21,,8.838e-2,,2.424e+1,1.605e-3,,6.513e-25,,,,,,,,,,,,,,,,,,,,,,,,,,
208.26,1.850e+1,,2.101e-16,1.192e-30,,,2.448e-52,1.499e-22,,3.815e-29,,4.452e-7,1.555e-13,4.236e-21,1.679e-9,5.225e-18,,1.375e-8,,,,1.152e-17,,,5.763e-25,,3.278e-21,,1.205e-1,,1.838e+1,1.087e-3,,6.373e-25,,,,,,,,,,,,,,,,,,,,,,,,,,
208.28,1.533e+1,,4.447e-16,2.330e-30,,,1.005e-52,1.499e-22,,5.055e-29,,2.054e-7,2.750e-13,4.237e-21,6.882e-10,2.650e-18,,1.336e-8,,,,8.227e-18,,,2.052e-24,,3.280e-21,,1.449e-1,,1.518e+1,8.456e-4,,6.279e-25,,,,,,,,,,,,,,,,,,,,,,,,,,
208.31,1.180e+1,,1.326e-15,6.269e-30,,,2.556e-53,1.500e-22,,7.459e-29,,6.222e-8,6.254e-13,4.239e-21,1.746e-10,9.257e-19,,1.328e-8,,,,4.805e-18,,,1.334e-23,,3.282e-21,,1.850e-1,,1.161e+1,6.019e-4,,6.138e-25,,,,,,,,,,,,,,,,,,,,,,,,,,
208.33,1.032e+1,,2.689e-15,1.201e-29,,,1.005e-53,1.500e-22,,9.458e-29,,2.746e-8,1.058e-12,4.240e-21,6.844e-11,4.491e-19,,1.348e-8,,,,3.284e-18,,,4.549e-23,,3.283e-21,,2.130e-1,,1.010e+1,4.990e-4,,6.044e-25,,,,,,,,,,,,,,,,,,,,,,,,,,
208.36,9.470e+0,,7.521e-15,3.144e-29,,,2.501e-54,1.501e-22,,1.307e-28,,7.821e-9,2.254e-12,4.242e-21,1.625e-11,1.468e-19,,1.402e-8,,,,1.795e-18,,,2.771e-22,,3.286e-21,,2.547e-1,,9.215e+0,4.053e-4,,5.903e-25,,,,,,,,,,,,,,,,,,,,,,,,,,
208.38,9.874e+0,,1.461e-14,5.919e-29,,,1.201e-54,1.501e-22,,1.586e-28,,3.385e-9,3.650e-12,4.243e-21,6.093e-12,6.812e-20,,1.446e-8,,,,1.173e-18,,,9.045e-22,,3.287e-21,,2.806e-1,,9.593e+0,3.700e-4,,5.809e-25,,,,,,,,,,,,,,,,,,,,,,,,,,
208.41,1.203e+1,,3.832e-14,1.509e-28,,,1.463e-54,1.502e-22,,2.051e-28,,1.267e-9,7.280e-12,4.245e-21,1.354e-12,2.083e-20,,1.509e-8,,,,6.001e-19,,,5.162e-21,,3.289e-21,,3.141e-1,,1.172e+1,3.405e-4,,5.668e-25,,,,,,,,,,,,,,,,,,,,,,,,,,
208.43,1.458e+1,,7.132e-14,2.788e-28,,,3.257e-54,1.502e-22,,2.381e-28,,1.312e-9,1.128e-11,4.246e-21,4.855e-13,9.247e-21,,1.542e-8,,,,3.754e-19,,,1.613e-20,,3.291e-21,,3.314e-1,,1.425e+1,3.292e-4,,5.574e-25,,,,,,,,,,,,,,,,,,,,,,,,,,
208.46,2.018e+1,,1.754e-13,6.891e-28,,,1.235e-53,1.502e-22,,2.883e-28,,3.596e-9,2.107e-11,4.248e-21,1.009e-13,2.645e-21,,1.569e-8,,,,1.796e-19,,,8.626e-20,,3.293e-21,,3.475e-1,,1.984e+1,3.167e-4,,4.163e-24,,,,,,,,,,,,,,,,,,,,,,,,,,
208.48,2.516e+1,,3.128e-13,1.245e-27,,,2.975e-53,1.503e-22,,3.204e-28,,8.179e-9,3.127e-11,4.249e-21,3.463e-14,1.123e-21,,1.567e-8,,,,1.075e-19,,,2.581e-19,,3.295e-21,,3.511e-1,,2.481e+1,3.085e-4,,1.556e-23,,,,,,,,,,,,,,,,,,,,,,,,,,
208.5,3.115e+1,,5.485e-13,2.226e-27,,,7.052e-53,1.503e-22,,3.499e-28,,1.860e-8,4.558e-11,4.250e-21,1.167e-14,4.687e-22,,1.547e-8,,,,6.320e-20,,,7.589e-19,,3.296e-21,,3.487e-1,,3.080e+1,2.992e-4,,5.719e-23,,,,,,,,,,,,,,,,,,,,,,,,,,
208.53,4.194e+1,,1.233e-12,5.212e-27,,,2.491e-52,1.504e-22,,3.863e-28,,6.202e-8,7.765e-11,4.252e-21,2.210e-15,1.222e-22,,1.484e-8,,,,2.756e-20,,,3.704e-18,,3.298e-21,,3.346e-1,,4.160e+1,2.831e-4,,3.899e-22,,,,,,,,,,,,,,,,,,,,,,,,,,
208.55,5.020e+1,,2.072e-12,9.050e-27,,,5.653e-52,1.504e-22,,4.038e-28,,1.355e-7,1.084e-10,4.253e-21,7.127e-16,4.875e-23,,1.423e-8,,,,1.550e-20,,,1.043e-17,,3.300e-21,,3.190e-1,,4.988e+1,2.710e-4,,1.372e-21,,,,,,,,,,,,,,,,,,,,,,,,,,
208.58,6.379e+1,,4.369e-12,2.020e-26,,,1.871e-51,1.505e-22,,4.176e-28,,4.241e-7,1.729e-10,4.255e-21,1.262e-16,1.189e-23,,1.313e-8,,,,6.326e-21,,,4.767e-17,,3.302e-21,,2.885e-1,,6.350e+1,2.524e-4,,8.765e-21,,,,,,,,,,,,,,,,,,,,,,,,,,
208.6,7.328e+1,,7.034e-12,3.391e-26,,,4.064e-51,1.505e-22,,4.180e-28,,8.878e-7,2.309e-10,4.256e-21,3.894e-17,4.538e-24,,1.235e-8,,,,3.404e-21,,,1.285e-16,,3.304e-21,,2.650e-1,,7.302e+1,2.405e-4,,2.953e-20,,,,,,,,,,,,,,,,,,,,,,,,,,
208.63,8.739e+1,,1.392e-11,7.176e-26,,,1.260e-50,1.506e-22,,4.054e-28,,2.604e-6,3.450e-10,4.258e-21,6.452e-18,1.035e-24,,1.125e-8,,,,1.300e-21,,,5.504e-16,,3.306e-21,,2.280e-1,,8.716e+1,2.252e-4,,1.768e-19,,,,,,,,,,,,,,,,,,,,,,,,,,
208.65,9.617e+1,,2.148e-11,1.160e-25,,,2.620e-50,1.506e-22,,3.892e-28,,5.223e-6,4.413e-10,4.259e-21,1.904e-18,3.781e-25,,1.067e-8,,,,6.692e-22,,,1.420e-15,,3.307e-21,,2.037e-1,,9.596e+1,2.174e-4,,5.703e-19,,,,,,,,,,,,,,,,,,,,,,,,,,
208.68,1.075e+2,,3.987e-11,2.318e-25,,,7.608e-50,1.507e-22,,3.559e-28,,1.437e-5,6.179e-10,4.261e-21,2.951e-19,8.071e-26,,1.017e-8,,,,2.391e-22,,,5.700e-15,,3.309e-21,,1.701e-1,,1.073e+2,2.106e-4,,3.199e-18,,,,,,,,,,,,,,,,,,,,,,,,,,
208.7,1.132e+2,,5.896e-11,3.603e-25,,,1.515e-49,1.507e-22,,3.298e-28,,2.761e-5,7.568e-10,4.262e-21,8.329e-20,2.819e-26,,1.017e-8,,,,1.178e-22,,,1.408e-14,,3.311e-21,,1.505e-1,,1.131e+2,2.097e-4,,9.881e-18,,,,,,,,,,,,,,,,,,,,,,,,,,
208.73,1.185e+2,,1.027e-10,6.772e-25,,,4.120e-49,1.507e-22,,2.894e-28,,7.121e-5,9.937e-10,4.264e-21,1.208e-20,5.631e-27,,1.077e-8,,,,3.938e-23,,,5.295e-14,,3.313e-21,,1.261e-1,,1.184e+2,2.145e-4,,5.193e-17,,,,,,,,,,,,,,,,,,,,,,,,,,
208.75,1.195e+2,,1.456e-10,1.010e-24,,,7.854e-49,1.508e-22,,2.646e-28,,1.311e-4,1.167e-9,4.265e-21,3.261e-21,1.882e-27,,1.159e-8,,,5.211e-23,1.856e-23,,,1.253e-13,,3.315e-21,,1.134e-1,,1.194e+2,2.219e-4,,1.536e-16,,,,,,,,,,,,,,,,,,,,,,,,,,
208.78,1.172e+2,,2.381e-10,1.784e-24,,,2.001e-48,1.508e-22,,2.359e-28,,3.172e-4,1.439e-9,4.267e-21,4.400e-22,3.516e-28,,1.344e-8,,,3.918e-22,5.809e-24,,,4.411e-13,,3.317e-21,,9.905e-2,,1.171e+2,2.393e-4,,7.565e-16,,,,,,,,,,,,,,,,,,,,,,,,,,
208.8,1.131e+2,,3.236e-10,2.551e-24,,,3.651e-48,1.509e-22,,2.257e-28,,5.595e-4,1.622e-9,4.268e-21,1.136e-22,1.124e-28,,1.505e-8,,,1.471e-21,2.625e-24,,,9.992e-13,,3.318e-21,,9.220e-2,,1.130e+2,2.550e-4,,2.143e-15,,,,,,,,,,,,,,,,,,,,,,,,,,
208.83,1.038e+2,,4.967e-10,4.227e-24,,,8.713e-48,1.509e-22,,2.290e-28,,1.270e-3,1.885e-9,4.270e-21,1.134e-22,1.965e-29,,1.788e-8,,,1.037e-20,7.947e-25,,,3.297e-12,,3.321e-21,,8.483e-2,,1.038e+2,2.836e-4,,9.887e-15,,,,,,,,,,,,,,,,,,,,,,,,,,
208.85,9.597e+1,,6.471e-10,5.794e-24,,,1.522e-47,1.510e-22,,2.469e-28,,2.147e-3,2.046e-9,4.271e-21,1.132e-22,6.007e-30,,1.992e-8,,,3.729e-20,3.986e-25,,,7.150e-12,,3.322e-21,,8.117e-2,,9.589e+1,3.055e-4,,2.682e-14,,,,,,,,,,,,,,,,,,,,,,,,,,
208.87,8.718e+1,,8.292e-10,7.806e-24,,,2.614e-47,1.510e-22,,2.796e-28,,3.568e-3,2.191e-9,4.272e-21,1.130e-22,1.805e-30,,2.199e-8,,,1.318e-19,3.009e-25,,,1.524e-11,,3.324e-21,,7.799e-2,,8.710e+1,3.287e-4,,7.148e-14,,,,,,,,,,,,,,,,,,,,,,,,,,
208.9,7.307e+1,,1.165e-9,1.182e-23,,,5.691e-47,1.511e-22,,3.605e-28,,7.406e-3,2.375e-9,4.274e-21,1.127e-22,2.874e-31,,2.491e-8,,,8.483e-19,6.030e-25,,,4.589e-11,,3.326e-21,,7.333e-2,,7.299e+1,3.640e-4,,3.011e-13,,,,,,,,,,,,,,,,,,,,,,,,,,
208.92,6.360e+1,,1.432e-9,1.525e-23,,,9.354e-47,1.511e-22,,4.375e-28,,1.180e-2,2.474e-9,4.275e-21,1.125e-22,8.259e-32,,2.658e-8,,,2.872e-18,1.295e-24,,,9.365e-11,,3.327e-21,,6.991e-2,,6.352e+1,3.864e-4,,7.685e-13,,,,,,,,,,,,,,,,,,,,,,,,,,
208.95,5.009e+1,,1.891e-9,2.163e-23,,,1.908e-46,1.512e-22,,5.895e-28,,2.298e-2,2.597e-9,4.277e-21,1.123e-22,1.231e-32,,2.844e-8,,,1.732e-17,4.221e-24,,,2.642e-10,,3.330e-21,,6.395e-2,,5.000e+1,4.153e-4,,3.033e-12,,,,,,,,,,,,,,,,,,,,,,,,,,
208.97,4.190e+1,,2.229e-9,2.673e-23,,,3.002e-46,1.512e-22,,7.147e-28,,3.508e-2,2.667e-9,4.278e-21,1.121e-22,3.383e-33,,2.915e-8,,,5.615e-17,9.140e-24,,,5.162e-10,,3.331e-21,,5.938e-2,,4.181e+1,4.300e-4,,7.414e-12,,,,,,,,,,,,,,,,,,,,,,,,,,
209,3.127e+1,,2.766e-9,3.553e-23,,,5.736e-46,1.512e-22,,9.347e-28,,6.412e-2,2.774e-9,4.280e-21,1.118e-22,4.715e-34,,2.930e-8,,,3.173e-16,2.821e-23,,,1.365e-9,,3.333e-21,,5.175e-2,,3.116e+1,4.425e-4,,2.742e-11,,,,,,,,,,,,,,,,,,,,,,,,,,
209.02,2.542e+1,,3.130e-9,4.203e-23,,,8.641e-46,1.513e-22,,1.099e-27,,9.385e-2,2.856e-9,4.281e-21,1.116e-22,1.240e-34,,2.877e-8,,,9.854e-16,5.853e-23,,,2.552e-9,,3.335e-21,,4.633e-2,,2.528e+1,4.437e-4,,6.417e-11,,,,,,,,,,,,,,,,,,,,,,,,,,
209.05,1.853e+1,,3.652e-9,5.233e-23,,,1.546e-45,1.513e-22,,1.359e-27,,1.610e-1,3.010e-9,4.283e-21,1.113e-22,1.617e-35,,2.710e-8,,,5.219e-15,1.693e-22,,,6.321e-9,,3.337e-21,,3.810e-2,,1.833e+1,4.338e-4,,2.224e-10,,,,,,,,,,,,,,,,,,,,,,,,,,
209.07,1.515e+1,,3.966e-9,5.927e-23,,,2.230e-45,1.514e-22,,1.534e-27,,2.259e-1,3.140e-9,4.284e-21,1.111e-22,1.614e-35,,2.549e-8,,,1.552e-14,3.363e-22,,,1.132e-8,,3.338e-21,,3.276e-2,,1.489e+1,4.196e-4,,4.983e-10,,,,,,,,,,,,,,,,,,,,,,,,,,
209.1,1.172e+1,,4.355e-9,6.914e-23,,,3.739e-45,1.514e-22,,1.782e-27,,3.639e-1,3.378e-9,4.286e-21,1.109e-22,1.609e-35,,2.249e-8,,,7.704e-14,9.114e-22,,,2.626e-8,,3.341e-21,,2.532e-2,,1.133e+1,3.882e-4,,1.618e-9,,,,,,,,,,,,,,,,,,,,,,,,,,
209.12,1.040e+1,,4.543e-9,7.497e-23,,,5.162e-45,1.515e-22,,1.927e-27,,4.896e-1,3.560e-9,4.287e-21,1.107e-22,1.606e-35,,2.025e-8,,,2.194e-13,1.733e-21,,,4.504e-8,,3.342e-21,,2.089e-2,,9.885e+0,3.616e-4,,3.472e-9,,,,,,,,,,,,,,,,,,,,,,,,,,
209.15,9.583e+0,,4.698e-9,8.192e-23,,,8.105e-45,1.515e-22,,2.098e-27,,7.403e-1,3.851e-9,4.289e-21,1.104e-22,1.601e-35,,1.673e-8,,,1.021e-12,4.401e-21,,,9.789e-8,,3.344e-21,,1.521e-2,,8.828e+0,3.161e-4,,1.056e-8,,,,,,,,,,,,,,,,,,,,,,,,,,
209.17,9.677e+0,,4.711e-9,8.503e-23,,,1.071e-44,1.516e-22,,2.173e-27,,9.550e-1,4.041e-9,4.290e-21,1.102e-22,1.598e-35,,1.442e-8,,,2.783e-12,8.016e-21,,,1.607e-7,,3.346e-21,,1.212e-2,,8.710e+0,2.837e-4,,2.171e-8,,,,,,,,,,,,,,,,,,,,,,,,,,
209.2,1.052e+1,,4.595e-9,8.703e-23,,,1.576e-44,1.516e-22,,2.216e-27,,1.356e+0,4.289e-9,4.292e-21,1.099e-22,1.593e-35,,1.116e-8,,,1.214e-11,1.907e-20,,,3.273e-7,,3.348e-21,,8.536e-3,,9.155e+0,2.348e-4,,6.188e-8,,,,,,,,,,,,,,,,,,,,,,,,,,
209.22,1.141e+1,,4.432e-9,8.648e-23,,,1.994e-44,1.517e-22,,2.197e-27,,1.678e+0,4.411e-9,4.293e-21,1.098e-22,1.590e-35,,9.203e-9,,,3.170e-11,3.325e-20,,,5.145e-7,,3.350e-21,,6.842e-3,,9.726e+0,2.036e-4,,1.218e-7,,,,,,,,,,,,,,,,,,,,,,,,,,
209.24,1.246e+1,,4.211e-9,8.445e-23,,,2.480e-44,1.517e-22,,2.140e-27,,2.041e+0,4.486e-9,4.294e-21,1.096e-22,1.587e-35,,7.458e-9,,,8.136e-11,5.698e-20,,,7.949e-7,,3.351e-21,,5.699e-3,,1.041e+1,1.746e-4,,2.354e-7,,,,,,,,,,,,,,,,,,,,,,,,,,
209.27,1.415e+1,,3.792e-9,7.887e-23,,,3.329e-44,1.517e-22,,1.993e-27,,2.655e+0,4.488e-9,4.296e-21,1.093e-22,1.582e-35,,5.265e-9,,,3.240e-10,1.237e-19,,,1.477e-6,,3.353e-21,,5.042e-3,,1.149e+1,1.366e-4,,6.127e-7,,,,,,,,,,,,,,,,,,,,,,,,,,
209.29,1.523e+1,,3.472e-9,7.373e-23,,,3.963e-44,1.518e-22,,1.859e-27,,3.098e+0,4.410e-9,4.297e-21,1.091e-22,1.579e-35,,4.084e-9,,,7.964e-10,2.030e-19,,,2.186e-6,,3.355e-21,,5.365e-3,,1.213e+1,1.158e-4,,1.135e-6,,,,,,,,,,,,,,,,,,,,,,,,,,
209.32,1.665e+1,,2.959e-9,6.449e-23,,,4.984e-44,1.518e-22,,1.623e-27,,3.784e+0,4.174e-9,4.299e-21,1.088e-22,1.574e-35,,2.700e-9,,,2.972e-9,4.131e-19,,,3.807e-6,,3.357e-21,,7.186e-3,,1.286e+1,9.236e-5,,2.767e-6,,,,,,,,,,,,,,,,,,,,,,,,,,
209.34,1.737e+1,,2.614e-9,5.771e-23,,,5.682e-44,1.519e-22,,1.452e-27,,4.236e+0,3.945e-9,4.300e-21,1.087e-22,1.571e-35,,2.004e-9,,,6.996e-9,6.490e-19,,,5.393e-6,,3.359e-21,,9.478e-3,,1.312e+1,8.227e-5,,4.905e-6,,,,,,,,,,,,,,,,,,,,,,,,,,
209.37,1.800e+1,,2.113e-9,4.729e-23,,,6.697e-44,1.519e-22,,1.193e-27,,4.861e+0,3.514e-9,4.302e-21,1.084e-22,1.566e-35,,1.241e-9,,,2.447e-8,1.237e-18,,,8.801e-6,,3.361e-21,,1.498e-2,,1.313e+1,7.611e-5,,1.121e-5,,,,,,,,,,,,,,,,,,,,,,,,,,
209.39,1.810e+1,,1.802e-9,4.051e-23,,,7.314e-44,1.520e-22,,1.028e-27,,5.218e+0,3.186e-9,4.303e-21,1.082e-22,1.563e-35,,8.816e-10,,,5.516e-8,1.861e-18,,,1.194e-5,,3.362e-21,,2.036e-2,,1.286e+1,7.835e-5,,1.903e-5,,,,,,,,,,,,,,,,,,,,,,,,,,
209.42,1.774e+1,,1.385e-9,3.109e-23,,,8.088e-44,1.520e-22,,8.042e-28,,5.626e+0,2.664e-9,4.305e-21,1.079e-22,1.558e-35,,5.110e-10,,,1.808e-7,3.323e-18,,,1.827e-5,,3.365e-21,,3.164e-2,,1.209e+1,9.195e-5,,4.075e-5,,,,,,,,,,,,,,,,,,,,,,,,,,
209.44,1.718e+1,,1.142e-9,2.550e-23,,,8.472e-44,1.521e-22,,6.770e-28,,5.793e+0,2.314e-9,4.306e-21,1.077e-22,1.555e-35,,3.476e-10,,,3.904e-7,4.787e-18,,,2.373e-5,,3.366e-21,,4.169e-2,,1.135e+1,1.083e-4,,6.624e-5,,,,,,,,,,,,,,,,,,,,,,,,,,
209.47,1.593e+1,,8.350e-10,1.833e-23,,,8.816e-44,1.521e-22,,5.243e-28,,5.868e+0,1.814e-9,4.308e-21,1.075e-22,1.550e-35,,1.887e-10,,,1.199e-6,8.010e-18,,,3.404e-5,,3.368e-21,,6.117e-2,,9.999e+0,1.443e-4,,1.329e-4,,,,,,,,,,,,,,,,,,,,,,,,,,
209.49,1.487e+1,,6.668e-10,1.439e-23,,,8.885e-44,1.522e-22,,4.494e-28,,5.797e+0,1.509e-9,4.309e-21,1.073e-22,1.547e-35,,1.228e-10,,,2.480e-6,1.105e-17,,,4.239e-5,,3.370e-21,,7.733e-2,,8.993e+0,1.763e-4,,2.069e-4,,,,,,,,,,,,,,,,,,,,,,,,,,
209.52,1.305e+1,,4.644e-10,9.686e-24,,,8.772e-44,1.522e-22,,3.768e-28,,5.517e+0,1.109e-9,4.311e-21,1.070e-22,1.542e-35,,6.243e-11,,,7.138e-6,1.732e-17,,,5.704e-5,,3.372e-21,,1.064e-1,,7.426e+0,2.360e-4,,3.889e-4,,,,,,,,,,,,,,,,,,,,,,,,,,
209.54,1.175e+1,,3.591e-10,7.280e-24,,,8.582e-44,1.522e-22,,3.531e-28,,5.228e+0,8.834e-10,4.312e-21,1.068e-22,1.539e-35,,3.890e-11,,,1.414e-5,2.287e-17,,,6.808e-5,,3.373e-21,,1.289e-1,,6.397e+0,2.831e-4,,5.797e-4,,,,,,,,,,,,,,,,,,,,,,,,,,
209.57,9.793e+0,,2.384e-10,4.591e-24,,,8.211e-44,1.523e-22,,3.503e-28,,4.674e+0,6.080e-10,4.314e-21,1.065e-22,1.534e-35,,1.852e-11,,,3.814e-5,3.359e-17,,,8.605e-5,,3.376e-21,,1.662e-1,,4.951e+0,3.626e-4,,1.021e-3,,,,,,,,,,,,,,,,,,,,,,,,,,
209.59,8.529e+0,,1.785e-10,3.303e-24,,,7.968e-44,1.523e-22,,3.668e-28,,4.249e+0,4.637e-10,4.315e-21,1.063e-22,1.531e-35,,1.104e-11,,,7.232e-5,4.247e-17,,,9.855e-5,,3.377e-21,,1.927e-1,,4.085e+0,4.197e-4,,1.458e-3,,,,,,,,,,,,,,,,,,,,,,,,,,
209.62,6.771e+0,,1.129e-10,1.951e-24,,,7.735e-44,1.524e-22,,4.123e-28,,3.570e+0,2.989e-10,4.317e-21,1.061e-22,1.527e-35,,4.922e-12,,,1.829e-4,5.844e-17,,,1.172e-4,,3.379e-21,,2.328e-1,,2.965e+0,5.074e-4,,2.406e-3,,,,,,,,,,,,,,,,,,,,,,,,,,
209.64,5.721e+0,,8.179e-11,1.344e-24,,,7.743e-44,1.524e-22,,4.521e-28,,3.113e+0,2.182e-10,4.318e-21,1.059e-22,1.523e-35,,2.810e-12,,,3.321e-4,7.075e-17,,,1.290e-4,,3.381e-21,,2.584e-1,,2.346e+0,5.641e-4,,3.289e-3,,,,,,,,,,,,,,,,,,,,,,,,,,
209.66,4.784e+0,,5.848e-11,9.105e-25,,,7.940e-44,1.525e-22,,4.959e-28,,2.669e+0,1.566e-10,4.319e-21,1.057e-22,1.520e-35,,1.576e-12,,,5.929e-4,8.418e-17,,,1.398e-4,,3.382e-21,,2.819e-1,,1.827e+0,6.167e-4,,4.419e-3,,,,,,,,,,,,,,,,,,,,,,,,,,
209.69,3.598e+0,,3.447e-11,4.918e-25,,,8.687e-44,1.525e-22,,5.626e-28,,2.055e+0,9.209e-11,4.321e-21,1.054e-22,1.515e-35,,6.407e-13,,,1.369e-3,1.057e-16,,,1.535e-4,,3.385e-21,,3.110e-1,,1.224e+0,6.832e-4,,6.661e-3,,,,,,,,,,,,,,,,,,,,,,,,,,
209.71,2.952e+0,,2.381e-11,3.199e-25,,,9.536e-44,1.526e-22,,6.033e-28,,1.690e+0,6.325e-11,4.322e-21,1.052e-22,1.512e-35,,3.440e-13,,,2.340e-3,1.205e-16,,,1.606e-4,,3.386e-21,,3.249e-1,,9.246e-1,7.161e-4,,8.570e-3,,,,,,,,,,,,,,,,,,,,,,,,,,
209.74,2.181e+0,,1.332e-11,1.639e-25,,,1.139e-43,1.526e-22,,6.522e-28,,1.222e+0,3.484e-11,4.324e-21,1.050e-22,1.507e-35,,1.310e-13,,,5.064e-3,1.418e-16,,,1.677e-4,,3.388e-21,,3.359e-1,,6.048e-1,7.444e-4,,1.211e-2,,,,,,,,,,,,,,,,,,,,,,,,,,
209.76,1.787e+0,,8.879e-12,1.041e-25,,,1.302e-43,1.527e-22,,6.737e-28,,9.643e-1,2.291e-11,4.325e-21,1.048e-22,1.504e-35,,6.729e-14,,,8.291e-3,1.546e-16,,,1.700e-4,,3.390e-21,,3.362e-1,,4.622e-1,7.478e-4,,1.492e-2,,,,,,,,,,,,,,,,,,,,,,,,,,
209.79,1.349e+0,,4.702e-12,5.355e-26,,,1.602e-43,1.527e-22,,6.858e-28,,6.550e-1,1.182e-11,4.327e-21,1.045e-22,1.499e-35,,2.399e-14,,,1.681e-2,1.705e-16,,,1.701e-4,,3.392e-21,,3.261e-1,,3.304e-1,7.292e-4,,1.976e-2,,,,,,,,,,,,,,,,,,,,,,,,,,
209.81,1.145e+0,,3.021e-12,3.597e-26,,,1.836e-43,1.528e-22,,6.794e-28,,4.956e-1,7.438e-12,4.328e-21,1.043e-22,1.496e-35,,1.180e-14,,,2.636e-2,1.781e-16,,,1.682e-4,,3.394e-21,,3.130e-1,,2.855e-1,7.018e-4,,2.333e-2,,,,,,,,,,,,,,,,,,,,,,,,,,
209.84,9.476e-1,,1.512e-12,2.302e-26,,,2.227e-43,1.528e-22,,6.488e-28,,3.162e-1,3.594e-12,4.330e-21,1.040e-22,1.492e-35,,3.939e-15,,,5.011e-2,1.840e-16,,,1.629e-4,,3.396e-21,,2.856e-1,,2.660e-1,6.418e-4,,2.898e-2,,,,,,,,,,,,,,,,,,,,,,,,,,
209.86,8.794e-1,,9.345e-13,1.960e-26,,,2.508e-43,1.528e-22,,6.157e-28,,2.295e-1,2.165e-12,4.331e-21,1.039e-22,1.488e-35,,1.854e-15,,,7.524e-2,1.840e-16,,,1.582e-4,,3.397e-21,,2.636e-1,,2.776e-1,5.918e-4,,3.278e-2,,,,,,,,,,,,,,,,,,,,,,,,,,
209.89,8.603e-1,,4.411e-13,1.850e-26,,,2.952e-43,1.529e-22,,5.510e-28,,1.375e-1,9.799e-13,4.333e-21,1.036e-22,1.484e-35,,5.796e-16,,,1.340e-1,1.781e-16,,,1.498e-4,,3.399e-21,,2.281e-1,,3.219e-1,5.075e-4,,3.820e-2,,,,,,,,,,,,,,,,,,,,,,,,,,
209.91,8.997e-1,,2.622e-13,1.918e-26,,,3.257e-43,1.529e-22,,5.007e-28,,9.566e-2,5.651e-13,4.334e-21,1.034e-22,1.480e-35,,2.612e-16,,,1.927e-1,1.705e-16,,,1.436e-4,,3.401e-21,,2.042e-1,,3.651e-1,4.483e-4,,4.142e-2,,,,,,,,,,,,,,,,,,,,,,,,,,
209.94,1.036e+0,,1.166e-13,2.105e-26,,,3.728e-43,1.530e-22,,4.199e-28,,5.381e-2,2.395e-13,4.336e-21,1.031e-22,1.476e-35,,7.645e-17,,,3.217e-1,1.546e-16,,,1.337e-4,,3.403e-21,,1.710e-1,,4.440e-1,3.604e-4,,4.532e-2,,,,,,,,,,,,,,,,,,,,,,,,,,
209.96,1.181e+0,,6.654e-14,2.241e-26,,,4.053e-43,1.530e-22,,3.654e-28,,3.591e-2,1.322e-13,4.337e-21,1.029e-22,1.472e-35,,3.297e-17,,,4.431e-1,1.418e-16,,,1.268e-4,,3.405e-21,,1.517e-1,,5.029e-1,3.050e-4,,4.714e-2,,,,,,,,,,,,,,,,,,,,,,,,,,
209.99,1.486e+0,,2.782e-14,2.416e-26,,,4.564e-43,1.531e-22,,2.871e-28,,1.896e-2,5.250e-14,4.338e-21,1.027e-22,1.468e-35,,9.038e-18,,,6.932e-1,1.205e-16,,,1.161e-4,,3.407e-21,,1.288e-1,,5.959e-1,2.299e-4,,4.850e-2,,,,,,,,,,,,,,,,,,,,,,,,,,
210.01,1.751e+0,,1.524e-14,2.495e-26,,,4.928e-43,1.531e-22,,2.392e-28,,1.213e-2,2.774e-14,4.340e-21,1.025e-22,1.464e-35,,3.731e-18,,,9.142e-1,1.057e-16,,,1.088e-4,,3.408e-21,,1.179e-1,,6.582e-1,1.864e-4,,4.844e-2,,,,,,,,,,,,,,,,,,,,,,,,,,
210.03,2.070e+0,,8.211e-15,2.535e-26,,,5.316e-43,1.532e-22,,1.958e-28,,7.632e-3,1.441e-14,4.341e-21,1.023e-22,1.461e-35,,1.513e-18,,,1.185e+0,9.122e-17,,,1.013e-4,,3.410e-21,,1.106e-1,,7.190e-1,1.485e-4,,4.763e-2,,,,,,,,,,,,,,,,,,,,,,,,,,
210.06,2.652e+0,,3.147e-15,2.517e-26,,,5.952e-43,1.532e-22,,1.404e-28,,3.689e-3,5.218e-15,4.343e-21,1.020e-22,1.457e-35,,3.784e-19,,,1.693e+0,7.075e-17,,,9.015e-5,,3.412e-21,,1.062e-1,,8.039e-1,1.023e-4,,4.511e-2,,,,,,,,,,,,,,,,,,,,,,,,,,
210.08,3.108e+0,,1.626e-15,2.452e-26,,,6.412e-43,1.533e-22,,1.101e-28,,2.225e-3,2.594e-15,4.344e-21,1.018e-22,1.453e-35,,1.469e-19,,,2.102e+0,5.844e-17,,,8.284e-5,,3.414e-21,,1.070e-1,,8.546e-1,7.815e-5,,4.270e-2,,,,,,,,,,,,,,,,,,,,,,,,,,
210.11,3.886e+0,,5.848e-16,2.282e-26,,,7.147e-43,1.533e-22,,7.397e-29,,1.009e-3,8.799e-16,4.346e-21,1.015e-22,1.449e-35,,3.439e-20,,,2.814e+0,4.247e-17,,,7.246e-5,,3.416e-21,,1.124e-1,,9.197e-1,5.055e-5,,3.829e-2,,,,,,,,,,,,,,,,,,,,,,,,3.822e-20,,
210.13,4.454e+0,,2.896e-16,2.129e-26,,,7.652e-43,1.533e-22,,5.552e-29,,5.835e-4,4.187e-16,4.347e-21,1.014e-22,1.445e-35,,1.278e-20,,,3.345e+0,3.360e-17,,,6.617e-5,,3.417e-21,,1.179e-1,,9.554e-1,3.706e-5,,3.499e-2,,,,,,,,,,,,,,,,,,,,,,,,1.436e-19,,
210.16,5.353e+0,,9.774e-17,1.857e-26,,,8.393e-43,1.534e-22,,3.495e-29,,2.484e-4,1.330e-16,4.349e-21,1.011e-22,1.441e-35,,2.802e-21,,,4.198e+0,2.289e-17,,,5.808e-5,,3.420e-21,,1.271e-1,,9.979e-1,2.266e-5,,2.985e-2,,,,,,,,,,,,,,,,,,,,,,,,1.013e-18,,
210.18,5.960e+0,,4.638e-17,1.659e-26,,,8.847e-43,1.534e-22,,2.512e-29,,1.376e-4,6.060e-17,4.350e-21,1.009e-22,1.437e-35,,9.966e-22,,,4.780e+0,1.735e-17,,,5.381e-5,,3.421e-21,,1.330e-1,,1.020e+0,1.612e-5,,2.645e-2,,,,,,,,,,,,,,,,,,,,,,,,3.646e-18,,
210.21,6.832e+0,,1.468e-17,1.356e-26,,,9.409e-43,1.535e-22,,1.481e-29,,5.499e-5,1.803e-17,4.352e-21,1.006e-22,1.433e-35,,2.046e-22,,,5.621e+0,1.111e-17,,,4.934e-5,,3.423e-21,,1.397e-1,,1.049e+0,9.706e-6,,2.160e-2,,,,,,,,,,,,,,,,,,,,,,,,2.412e-17,,
210.23,7.360e+0,,6.673e-18,1.160e-26,,,9.670e-43,1.535e-22,,1.019e-29,,2.920e-5,7.862e-18,4.353e-21,1.004e-22,1.429e-35,,6.965e-23,,,6.129e+0,8.107e-18,,,4.772e-5,,3.425e-21,,1.421e-1,,1.070e+0,7.144e-6,,1.863e-2,,,,,,,,,,,,,,,,,,,,,,,,8.320e-17,,
210.26,8.024e+0,,1.980e-18,8.888e-27,,,9.845e-43,1.536e-22,,5.632e-30,2.183e-20,1.094e-5,2.191e-18,4.355e-21,1.002e-22,1.425e-35,,1.339e-23,,,6.755e+0,4.965e-18,,,4.728e-5,,3.427e-21,,1.420e-1,,1.112e+0,5.179e-6,,1.468e-2,,,,,,,,,,,,,,,,,,,,,,,,5.162e-16,,
210.28,8.361e+0,,8.621e-19,7.281e-27,,,9.796e-43,1.536e-22,,3.710e-30,8.256e-20,5.570e-6,9.146e-19,4.356e-21,9.998e-23,1.422e-35,,4.363e-24,,,7.054e+0,3.584e-18,,,4.819e-5,,3.428e-21,,1.391e-1,,1.156e+0,4.864e-6,,1.238e-2,,,,,,,,,,,,,,,,,,,,,,,,1.706e-15,,
210.31,8.693e+0,,2.398e-19,5.225e-27,,,9.464e-43,1.537e-22,,1.921e-30,5.880e-19,1.958e-6,2.387e-19,4.357e-21,9.970e-23,1.417e-35,,7.854e-25,,,7.286e+0,2.306e-18,,,5.103e-5,,3.431e-21,,1.309e-1,,1.266e+0,5.654e-6,,9.460e-3,,,,,,,,,,,,,,,,,,,,,,,,9.930e-15,,
210.33,8.801e+0,,1.000e-19,4.099e-27,,,9.075e-43,1.537e-22,,1.212e-30,2.131e-18,9.549e-7,9.539e-20,4.359e-21,9.952e-23,1.414e-35,,2.450e-25,,,7.286e+0,1.860e-18,,,5.364e-5,,3.432e-21,,1.231e-1,,1.384e+0,6.993e-6,,7.832e-3,,,,,,,,,,,,,,,,,,,,,,,,3.145e-14,,
210.36,8.832e+0,,2.630e-20,2.756e-27,,,8.275e-43,1.538e-22,,5.876e-31,1.423e-17,3.149e-7,2.332e-20,4.360e-21,9.924e-23,1.409e-35,,4.129e-26,,,7.054e+0,1.647e-18,,,5.807e-5,,3.434e-21,,1.087e-1,,1.664e+0,1.032e-5,,5.818e-3,,,,,,,,,,,,,,,,,,,,,,,,1.717e-13,,
210.38,8.803e+0,,1.101e-20,2.070e-27,,,7.627e-43,1.538e-22,,3.549e-31,4.943e-17,1.472e-7,8.919e-21,4.362e-21,9.906e-23,1.406e-35,,1.233e-26,,,6.755e+0,1.751e-18,,,6.103e-5,,3.436e-21,,9.796e-2,,1.945e+0,1.353e-5,,4.727e-3,,,,,,,,,,,,,,,,,,,,,,,,5.210e-13,,
210.4,8.776e+0,,5.587e-21,1.528e-27,,,6.916e-43,1.538e-22,,2.107e-31,1.687e-16,6.759e-8,3.352e-21,4.363e-21,9.887e-23,1.402e-35,,3.616e-27,,,6.359e+0,2.021e-18,,,6.374e-5,,3.437e-21,,8.676e-2,,2.327e+0,1.765e-5,,3.810e-3,,,,,,,,,,,,,,,,,,,,,,,,1.554e-12,,
210.43,8.838e+0,,6.719e-21,9.384e-28,,,5.790e-43,1.539e-22,,9.341e-32,1.031e-15,2.038e-8,7.476e-22,4.365e-21,9.859e-23,1.398e-35,,5.560e-28,,,5.621e+0,2.705e-18,,,6.687e-5,,3.440e-21,,7.002e-2,,3.144e+0,2.581e-5,,2.712e-3,,,,,,,,,,,,,,,,,,,,,,,,7.757e-12,,
210.45,9.021e+0,,1.412e-20,6.634e-28,,,5.037e-43,1.539e-22,,5.331e-32,3.371e-15,8.968e-9,2.690e-22,4.366e-21,9.841e-23,1.394e-35,,1.561e-28,,,5.067e+0,3.331e-18,,,6.809e-5,,3.441e-21,,5.940e-2,,3.892e+0,3.270e-5,,2.136e-3,,,,,,,,,,,,,,,,,,,,,,,,2.217e-11,,
210.48,9.635e+0,,4.940e-20,3.816e-28,,,3.960e-43,1.540e-22,,2.285e-32,1.932e-14,2.535e-9,5.619e-23,4.368e-21,9.813e-23,1.390e-35,,2.247e-29,,,4.198e+0,4.503e-18,,,6.833e-5,,3.443e-21,,4.493e-2,,5.390e+0,4.536e-5,,1.464e-3,,,,,,,,,,,,,,,,,,,,,,,,1.038e-10,,
210.5,1.034e+1,,1.131e-19,2.583e-28,,,3.304e-43,1.540e-22,,1.368e-32,6.056e-14,1.069e-9,1.935e-23,4.369e-21,9.795e-23,1.387e-35,,6.040e-30,,,3.624e+0,5.422e-18,,,6.733e-5,,3.445e-21,,3.650e-2,,6.682e+0,5.535e-5,,1.122e-3,,,,,,,,,,,,,,,,,,,,,,,,2.843e-10,,
210.53,1.196e+1,,3.804e-19,1.393e-28,,,2.439e-43,1.541e-22,,9.242e-33,3.255e-13,2.834e-10,3.786e-24,4.371e-21,9.767e-23,1.382e-35,,8.143e-31,,,2.814e+0,6.960e-18,,,6.412e-5,,3.447e-21,,2.587e-2,,9.117e+0,7.243e-5,,7.358e-4,,,,,,,,,,,,,,,,,,,,,,,,1.248e-9,,
210.55,1.345e+1,,8.357e-19,9.027e-29,,,1.952e-43,1.541e-22,,1.108e-32,9.777e-13,1.145e-10,1.248e-24,4.372e-21,9.749e-23,1.379e-35,,8.000e-31,,,2.327e+0,8.053e-18,,,6.093e-5,,3.449e-21,,2.013e-2,,1.110e+1,8.492e-5,,5.462e-4,,,,,,,,,,,,,,,,,,,,,,,,3.276e-9,,
210.58,1.634e+1,,2.636e-18,4.560e-29,,,1.354e-43,1.542e-22,,2.260e-32,4.930e-12,2.845e-11,2.287e-25,4.373e-21,9.721e-23,1.374e-35,,7.787e-31,,,1.693e+0,9.710e-18,,,5.485e-5,,3.451e-21,,1.337e-2,,1.463e+1,1.046e-4,,3.403e-4,,,,,,,,,,,,,,,,,,,,,,,,1.349e-8,,
210.6,1.870e+1,,5.548e-18,2.830e-29,,,1.039e-43,1.542e-22,,3.968e-32,1.419e-11,1.101e-11,7.219e-26,4.375e-21,9.702e-23,1.371e-35,,7.644e-31,,,1.341e+0,1.077e-17,,,5.016e-5,,3.452e-21,,9.965e-3,,1.735e+1,1.177e-4,,2.438e-4,,,,,,,,,,,,,,,,,,,,,,,,3.393e-8,,
210.63,2.286e+1,,1.641e-17,1.340e-29,,,6.782e-44,1.543e-22,,9.241e-32,6.712e-11,2.565e-12,1.239e-26,4.376e-21,9.675e-23,1.366e-35,,7.431e-31,,,9.158e-1,1.217e-17,,,4.259e-5,,3.454e-21,,6.205e-3,,2.194e+1,1.361e-4,,1.437e-4,,,,,,,,,,,,,,,,,,,,,,,,1.311e-7,,
210.65,2.601e+1,,3.310e-17,7.961e-30,,,5.006e-44,1.543e-22,,1.598e-31,1.851e-10,9.507e-13,3.743e-27,4.378e-21,9.656e-23,1.363e-35,,7.288e-31,,,6.959e-1,1.293e-17,,,3.744e-5,,3.456e-21,,4.428e-3,,2.531e+1,1.469e-4,,9.907e-5,,,,,,,,,,,,,,,,,,,,,,,,3.159e-7,,
210.68,3.116e+1,,9.182e-17,3.531e-30,,,3.093e-44,1.544e-22,,3.521e-31,8.214e-10,2.077e-13,6.015e-28,4.379e-21,9.629e-23,1.358e-35,,7.075e-31,,,4.491e-1,1.371e-17,,,2.994e-5,,3.458e-21,,2.588e-3,,3.071e+1,1.597e-4,,5.505e-5,,,,,,,,,,,,,,,,,,,,,,,,1.144e-6,,
210.7,3.483e+1,,1.774e-16,2.010e-30,,,2.211e-44,1.544e-22,,5.838e-31,2.171e-9,7.374e-14,1.740e-28,4.381e-21,9.610e-23,1.355e-35,,6.932e-31,,,3.317e-1,1.395e-17,,,2.527e-5,,3.460e-21,,1.774e-3,,3.449e+1,1.652e-4,,3.646e-5,,,,,,,,,,,,,,,,,,,,,,,,2.643e-6,,
210.73,4.053e+1,,4.616e-16,8.352e-31,,,1.320e-44,1.545e-22,,1.207e-30,9.037e-9,1.510e-14,2.619e-29,4.382e-21,9.582e-23,1.350e-35,,6.719e-31,,,2.135e-1,1.387e-17,,,1.901e-5,,3.462e-21,,9.876e-4,,4.031e+1,1.685e-4,,1.906e-5,,,,,,,,,,,,,,,,,,,,,,,,8.980e-6,,
210.75,4.439e+1,,8.548e-16,4.551e-31,,,9.361e-45,1.545e-22,,1.918e-30,2.289e-8,5.135e-15,7.250e-30,1.647e-20,9.564e-23,1.347e-35,,6.576e-31,,,1.671e-1,1.354e-17,,,1.541e-5,,3.463e-21,,6.713e-4,,4.422e+1,1.671e-4,,1.211e-5,,,,,,,,,,,,,,,,,,,,,,,,1.987e-5,,
210.77,4.825e+1,,1.556e-15,2.438e-31,,,6.724e-45,1.545e-22,,2.994e-30,5.700e-8,1.716e-15,1.972e-30,6.089e-20,9.545e-23,1.344e-35,,6.434e-31,,,1.433e-1,1.300e-17,,,1.228e-5,,3.465e-21,,4.751e-4,,4.810e+1,1.630e-4,,7.569e-6,,,,,,,,,,,,,,,,,,,,,,,,4.322e-5,,
210.8,5.393e+1,,3.700e-15,9.249e-32,,,4.327e-45,1.546e-22,,5.658e-30,2.169e-7,3.210e-16,2.709e-31,4.191e-19,9.518e-23,1.339e-35,,6.220e-31,,,1.480e-1,1.189e-17,,,8.469e-6,,3.467e-21,,3.547e-4,,5.378e+1,1.521e-4,,3.623e-6,,,,,,,,,,,,,,,,,,,,,,,,1.343e-4,,
210.82,5.759e+1,,6.452e-15,4.744e-32,,,3.427e-45,1.546e-22,,8.465e-30,5.176e-7,1.028e-16,7.054e-32,1.485e-18,9.499e-23,1.336e-35,,6.078e-31,,,1.794e-1,1.103e-17,,,6.474e-6,,3.469e-21,,3.767e-4,,5.741e+1,1.422e-4,,2.171e-6,,,,,,,,,,,,,,,,,,,,,,,,2.799e-4,,
210.85,6.277e+1,,1.439e-14,1.687e-32,,,2.716e-45,1.547e-22,,1.500e-29,1.848e-6,1.802e-17,7.085e-32,9.764e-18,9.472e-23,1.331e-35,,5.864e-31,,,2.772e-1,9.745e-18,,,4.193e-6,,3.471e-21,,5.787e-4,,6.249e+1,1.245e-4,,9.748e-7,,,,,,,,,,,,,,,,,,,,,,,,8.155e-4,,
210.87,6.597e+1,,2.404e-14,8.283e-33,,,2.513e-45,1.547e-22,,2.150e-29,4.225e-6,5.524e-18,7.105e-32,3.321e-17,9.453e-23,1.328e-35,,5.722e-31,,,3.843e-1,9.010e-18,,,3.074e-6,,3.472e-21,,8.606e-4,,6.558e+1,1.116e-4,,5.596e-7,,,,,,,,,,,,,,,,,,,,,,,,1.629e-3,,
210.9,7.026e+1,,5.029e-14,2.759e-33,,,2.443e-45,1.548e-22,,3.573e-29,1.415e-5,9.078e-19,7.136e-32,2.018e-16,9.425e-23,1.323e-35,,5.508e-31,,,6.275e-1,8.380e-18,,,1.869e-6,,3.475e-21,,1.616e-3,,6.963e+1,9.177e-5,,2.357e-7,,,,,,,,,,,,,,,,,,,,,,,,4.452e-3,,
210.92,7.271e+1,,8.051e-14,1.298e-33,,,2.495e-45,1.548e-22,,4.906e-29,3.100e-5,2.665e-19,7.157e-32,6.582e-16,9.407e-23,1.320e-35,,5.366e-31,,,8.592e-1,8.489e-18,,,1.313e-6,,3.476e-21,,2.443e-3,,7.184e+1,7.888e-5,,1.296e-7,,,,,,,,,,,,,,,,,,,,,,,,8.519e-3,,
210.95,7.563e+1,,1.579e-13,4.051e-34,,,2.668e-45,1.549e-22,,7.644e-29,9.738e-5,4.105e-20,7.187e-32,3.756e-15,9.379e-23,1.315e-35,,5.152e-31,,,1.339e+0,9.939e-18,,,7.494e-7,,3.478e-21,,4.427e-3,,7.427e+1,6.094e-5,,5.118e-8,,,,,,,,,,,,,,,,,,,,,,,,2.184e-2,,
210.97,7.700e+1,,2.423e-13,1.824e-34,,,2.837e-45,1.549e-22,,1.006e-28,2.045e-4,1.154e-20,7.208e-32,1.175e-14,9.361e-23,1.312e-35,,5.010e-31,,,1.763e+0,1.215e-17,,,5.047e-7,,3.480e-21,,6.449e-3,,7.519e+1,5.027e-5,,2.696e-8,,,,,,,,,,,,,,,,,,,,,,,,4.005e-2,,
211,7.804e+1,,4.457e-13,5.336e-35,,,3.175e-45,1.550e-22,,1.469e-28,6.025e-4,1.655e-21,7.239e-32,6.297e-14,9.333e-23,1.307e-35,,4.796e-31,,,2.582e+0,1.824e-17,,,2.702e-7,,3.482e-21,,1.099e-2,,7.535e+1,3.658e-5,,9.979e-9,,,,,,,,,,,,,,,,,,,,,,,,9.630e-2,,
211.02,7.802e+1,,6.550e-13,2.301e-35,,,3.468e-45,1.550e-22,,1.852e-28,1.212e-3,4.458e-22,7.259e-32,1.889e-13,9.315e-23,1.304e-35,,4.654e-31,,,3.261e+0,2.481e-17,,,1.744e-7,,3.483e-21,,1.534e-2,,7.458e+1,2.904e-5,,5.034e-9,,,,,,,,,,,,,,,,,,,,,,,,1.692e-1,,
211.05,7.693e+1,,1.130e-12,6.306e-36,,,4.045e-45,1.550e-22,,2.538e-28,3.351e-3,5.154e-23,7.290e-32,9.509e-13,9.287e-23,1.299e-35,,4.440e-31,,,4.480e+0,3.993e-17,,,8.755e-8,,3.486e-21,,2.451e-2,,7.204e+1,2.005e-5,,1.747e-9,,,,,,,,,,,,,,,,,,,,,,,,3.816e-1,,
211.07,7.553e+1,,1.591e-12,2.604e-36,,,4.549e-45,1.551e-22,,3.064e-28,6.461e-3,1.335e-23,7.310e-32,2.736e-12,9.269e-23,1.296e-35,,4.298e-31,,,5.420e+0,5.452e-17,,,5.414e-8,,3.487e-21,,3.280e-2,,6.943e+1,1.546e-5,,8.439e-10,,,,,,,,,,,,,,,,,,,,,,,,6.425e-1,,
211.1,7.266e+1,,2.575e-12,6.687e-37,,,5.563e-45,1.551e-22,,3.938e-28,1.675e-2,1.484e-23,7.341e-32,1.294e-11,9.241e-23,1.291e-35,,4.084e-31,,,6.985e+0,8.517e-17,,,2.550e-8,,3.489e-21,,4.915e-2,,6.425e+1,1.038e-5,,2.744e-10,,,,,,,,,,,,,,,,,,,,,,,,1.359e+0,,
211.12,7.046e+1,,3.474e-12,2.644e-37,,,6.481e-45,1.552e-22,,4.555e-28,3.095e-2,1.583e-23,7.362e-32,3.573e-11,9.222e-23,1.288e-35,,3.942e-31,,,8.098e+0,1.126e-16,,,1.511e-8,,3.491e-21,,6.300e-2,,6.008e+1,8.005e-6,,1.270e-10,,,,,,,,,,,,,,,,,,,,,,,,2.193e+0,,
211.14,6.829e+1,,4.607e-12,1.027e-37,,,7.677e-45,1.552e-22,,5.180e-28,5.622e-2,1.683e-23,7.382e-32,9.703e-11,9.204e-23,1.285e-35,,3.799e-31,,,9.228e+0,1.466e-16,,,8.798e-9,,3.492e-21,,7.938e-2,,5.544e+1,6.288e-6,,5.775e-11,,,,,,,,,,,,,,,,,,,,,,,,3.478e+0,,
211.17,6.578e+1,,6.815e-12,2.409e-38,,,1.024e-44,1.553e-22,,6.083e-28,1.333e-1,1.832e-23,7.413e-32,4.210e-10,9.176e-23,1.280e-35,,3.586e-31,,,1.087e+1,2.112e-16,,,3.787e-9,,3.495e-21,,1.087e-1,,4.794e+1,4.683e-6,,1.715e-11,,,,,,,,,,,,,,,,,,,,,,,,6.726e+0,,
211.19,6.523e+1,,8.659e-12,8.964e-39,,,1.270e-44,1.553e-22,,6.628e-28,2.320e-1,1.931e-23,7.433e-32,1.097e-9,9.158e-23,1.277e-35,,3.443e-31,,,1.187e+1,2.637e-16,,,2.113e-9,,3.496e-21,,1.313e-1,,4.277e+1,4.112e-6,,7.467e-12,,,,,,,,,,,,,,,,,,,,,,,,1.022e+1,,
211.22,6.748e+1,,1.201e-11,1.970e-39,,,1.813e-44,1.554e-22,,7.299e-28,5.160e-1,2.080e-23,7.464e-32,4.476e-9,9.130e-23,1.272e-35,,3.230e-31,,,1.312e+1,3.565e-16,,,8.528e-10,,3.498e-21,,1.686e-1,,3.514e+1,3.799e-6,,2.078e-12,,,,,,,,,,,,,,,,,,,,,,,,1.854e+1,,
211.24,7.210e+1,,1.462e-11,7.018e-40,,,2.341e-44,1.554e-22,,7.618e-28,8.606e-1,2.179e-23,7.485e-32,1.120e-8,9.112e-23,1.269e-35,,3.087e-31,,,1.373e+1,4.267e-16,,,4.559e-10,,3.500e-21,,1.950e-1,,3.032e+1,3.863e-6,,8.667e-13,,,,,,,,,,,,,,,,,,,,,,,,2.700e+1,,
211.27,8.598e+1,,1.903e-11,1.445e-40,,,3.490e-44,1.555e-22,,7.867e-28,1.796e+0,2.328e-23,7.516e-32,4.299e-8,9.084e-23,1.264e-35,,2.874e-31,,,1.423e+1,5.410e-16,,,1.725e-10,,3.502e-21,,2.350e-1,,2.378e+1,4.260e-6,,2.260e-13,,,,,,,,,,,,,,,,,,,,,,,,4.594e+1,,
211.29,1.015e+2,,2.219e-11,4.929e-41,,,4.577e-44,1.555e-22,,7.867e-28,2.870e+0,2.428e-23,7.536e-32,1.033e-7,9.065e-23,1.261e-35,,2.731e-31,,,1.426e+1,6.204e-16,,,8.833e-11,,3.504e-21,,2.604e-1,,2.002e+1,4.686e-6,,9.027e-14,,,,,,,,,,,,,,,,,,,,,,,,6.410e+1,,
211.32,1.375e+2,,2.708e-11,9.509e-42,,,6.849e-44,1.555e-22,,7.618e-28,5.616e+0,2.577e-23,7.567e-32,3.734e-7,9.038e-23,1.256e-35,,2.518e-31,,,1.386e+1,7.377e-16,,,3.134e-11,,3.506e-21,,2.942e-1,,1.541e+1,5.531e-6,,2.206e-14,,,,,,,,,,,,,,,,,,,,,,,,1.023e+2,,
211.34,1.721e+2,,3.026e-11,3.107e-42,,,8.895e-44,1.556e-22,,7.299e-28,8.602e+0,2.676e-23,7.587e-32,8.620e-7,9.019e-23,1.253e-35,,2.375e-31,,,1.332e+1,8.106e-16,,,1.537e-11,,3.507e-21,,3.124e-1,,1.307e+1,6.228e-6,,8.438e-15,,,,,,,,,,,,,,,,,,,,,,,,1.368e+2,,
211.37,2.437e+2,,3.463e-11,5.616e-43,,,1.293e-43,1.556e-22,,6.628e-28,1.579e+1,2.825e-23,7.618e-32,2.935e-6,8.992e-23,1.248e-35,,1.722e-30,,,1.214e+1,9.040e-16,,,5.114e-12,,3.510e-21,,3.310e-1,,1.070e+1,7.487e-6,,1.932e-15,,,,,,,,,,,,,,,,,,,,,,,,2.047e+2,,
211.39,3.068e+2,,3.708e-11,1.757e-43,,,1.636e-43,1.557e-22,,6.083e-28,2.318e+1,2.924e-23,7.639e-32,6.512e-6,8.973e-23,1.245e-35,,6.317e-30,,,1.118e+1,9.516e-16,,,2.403e-12,,3.511e-21,,3.368e-1,,9.867e+0,8.480e-6,,7.079e-16,,,,,,,,,,,,,,,,,,,,,,,,2.623e+2,,
211.42,4.278e+2,,3.979e-11,2.976e-44,,,2.267e-43,1.557e-22,,5.180e-28,3.991e+1,3.073e-23,7.669e-32,2.090e-5,8.945e-23,1.240e-35,,4.299e-29,,,9.559e+0,9.954e-16,,,7.494e-13,,3.513e-21,,3.348e-1,,9.684e+0,1.023e-5,,1.519e-16,,,,,,,,,,,,,,,,,,,,,,,,3.683e+2,,
211.44,5.272e+2,,4.083e-11,8.915e-45,,,2.768e-43,1.558e-22,,4.555e-28,5.613e+1,3.173e-23,7.690e-32,4.460e-5,8.927e-23,1.237e-35,,1.512e-28,,,8.431e+0,1.004e-15,,,3.373e-13,,3.515e-21,,3.264e-1,,1.022e+1,1.157e-5,,5.329e-17,,,,,,,,,,,,,,,,,,,,,,,,4.521e+2,,
211.47,7.050e+2,,4.109e-11,1.415e-45,,,3.625e-43,1.558e-22,,3.637e-28,9.068e+1,3.322e-23,7.721e-32,1.350e-4,8.899e-23,1.232e-35,,9.659e-28,,,6.763e+0,9.848e-16,,,9.863e-14,,3.517e-21,,3.046e-1,,1.191e+1,1.384e-5,,1.072e-17,,,,,,,,,,,,,,,,,,,,,,,,5.954e+2,,
211.49,8.420e+2,,4.040e-11,4.059e-46,,,4.253e-43,1.559e-22,,3.064e-28,1.222e+2,3.421e-23,7.741e-32,2.772e-4,8.881e-23,1.229e-35,,3.256e-27,,,5.716e+0,9.516e-16,,,4.252e-14,,3.518e-21,,2.850e-1,,1.353e+1,1.551e-5,,3.600e-18,,,,,,,,,,,,,,,,,,,,,,,,7.003e+2,,
211.52,1.071e+3,,3.813e-11,6.037e-47,,,5.242e-43,1.559e-22,,2.295e-28,1.852e+2,3.570e-23,7.772e-32,7.922e-4,8.853e-23,1.224e-35,,1.953e-26,,,4.301e+0,8.755e-16,,,1.166e-14,,3.521e-21,,2.503e-1,,1.654e+1,1.820e-5,,6.786e-19,,,,,,,,,,,,,,,,,,,,,,,,8.651e+2,,
211.54,1.237e+3,,3.591e-11,1.658e-47,,,5.902e-43,1.560e-22,,1.852e-28,2.392e+2,3.670e-23,7.792e-32,1.565e-3,8.835e-23,1.221e-35,,6.311e-26,,,3.483e+0,8.106e-16,,,4.814e-15,,3.522e-21,,2.252e-1,,1.881e+1,2.005e-5,,2.183e-19,,,,,,,,,,,,,,,,,,,,,,,,9.749e+2,,
211.56,1.408e+3,,3.325e-11,4.477e-48,,,6.534e-43,1.560e-22,,1.469e-28,3.037e+2,3.769e-23,7.813e-32,3.047e-3,8.816e-23,1.218e-35,,2.006e-25,,,2.773e+0,7.378e-16,,,1.954e-15,,3.524e-21,,2.000e-1,,2.117e+1,2.191e-5,,6.902e-20,,,,,,,,,,,,,,,,,,,,,,,,1.080e+3,,
211.59,1.667e+3,,2.869e-11,6.078e-49,,,7.374e-43,1.560e-22,,1.006e-28,4.208e+2,3.918e-23,7.844e-32,8.042e-3,8.788e-23,1.213e-35,,1.101e-24,,,1.908e+0,6.204e-16,,,4.894e-16,,3.526e-21,,1.640e-1,,2.465e+1,2.458e-5,,1.188e-20,,,,,,,,,,,,,,,,,,,,,,,,1.220e+3,,
211.61,1.835e+3,,2.545e-11,5.645e-47,,,7.826e-43,1.561e-22,,7.644e-29,5.120e+2,4.017e-23,7.864e-32,1.507e-2,8.770e-23,1.210e-35,,3.353e-24,,,1.455e+0,5.410e-16,,,1.903e-16,,3.527e-21,,1.426e-1,7.445e-22,2.678e+1,2.621e-5,,3.597e-21,,,,,,,,,,,,,,,,,,,,,,,,1.295e+3,,
211.64,2.068e+3,,2.059e-11,1.402e-46,,,8.288e-43,1.561e-22,,4.906e-29,6.655e+2,4.166e-23,7.895e-32,3.761e-2,8.742e-23,1.205e-35,,1.728e-23,,,9.392e-1,4.268e-16,,,4.467e-17,,3.530e-21,,1.160e-1,5.438e-21,2.942e+1,2.832e-5,,5.801e-22,,,,,,,,,,,,,,,,,,,,,,,,1.372e+3,,
211.66,2.203e+3,,1.750e-11,1.960e-46,,,8.430e-43,1.562e-22,,3.573e-29,7.759e+2,4.266e-23,7.916e-32,6.792e-2,8.724e-23,1.202e-35,,5.046e-23,,,6.866e-1,3.567e-16,,,1.664e-17,,3.531e-21,,1.026e-1,2.005e-20,3.068e+1,2.943e-5,,1.682e-22,,,,,,,,,,,,,,,,,,,,,,,,1.395e+3,,
211.69,2.365e+3,,1.328e-11,2.798e-46,,,8.375e-43,1.562e-22,,2.150e-29,9.462e+2,4.415e-23,7.946e-32,1.603e-1,8.696e-23,1.197e-35,,2.440e-22,,,4.156e-1,2.642e-16,,,3.662e-18,,3.533e-21,,8.976e-2,1.375e-19,3.166e+1,3.058e-5,,2.542e-23,,,,,,,,,,,,,,,,,,,,,,,,1.387e+3,,
211.71,2.441e+3,,1.082e-11,3.356e-46,,,8.163e-43,1.563e-22,,1.500e-29,1.057e+3,4.514e-23,7.967e-32,2.789e-1,8.678e-23,1.194e-35,,6.832e-22,,,2.911e-1,2.120e-16,,,1.307e-18,,3.535e-21,,8.602e-2,4.859e-19,3.166e+1,3.097e-5,,7.059e-24,,,,,,,,,,,,,,,,,,,,,,,,1.352e+3,,
211.74,2.501e+3,,7.698e-12,4.194e-46,,,7.608e-43,1.563e-22,,8.465e-30,1.210e+3,4.663e-23,7.998e-32,6.226e-1,8.650e-23,1.189e-35,,3.101e-21,,,1.653e-1,1.485e-16,,,2.696e-19,,3.537e-21,,8.729e-2,3.128e-18,3.066e+1,3.100e-5,,9.998e-25,,,,,,,,,,,,,,,,,,,,,,,,1.260e+3,,
211.76,2.503e+3,,6.007e-12,4.752e-46,,,7.107e-43,1.564e-22,,5.658e-30,1.296e+3,4.762e-23,8.018e-32,1.044e+0,8.632e-23,1.186e-35,,8.325e-21,,,1.110e-1,1.156e-16,,,9.213e-20,,3.539e-21,,9.225e-2,1.060e-17,2.937e+1,3.064e-5,,2.658e-25,,,,,,,,,,,,,,,,,,,,,,,,1.176e+3,,
211.79,2.450e+3,,4.009e-12,5.590e-46,,,6.214e-43,1.564e-22,,2.994e-30,1.393e+3,4.911e-23,8.049e-32,2.204e+0,8.604e-23,1.181e-35,,3.547e-20,,,5.912e-2,7.952e-17,,,1.782e-20,,3.541e-21,,1.047e-1,6.408e-17,2.668e+1,2.957e-5,,2.670e-25,,,,,,,,,,,,,,,,,,,,,,,,1.028e+3,,
211.81,2.380e+3,,2.997e-12,6.148e-46,,,5.562e-43,1.565e-22,,1.917e-30,1.431e+3,5.011e-23,8.069e-32,3.561e+0,8.585e-23,1.178e-35,,9.129e-20,,,3.803e-2,6.359e-17,,,5.833e-21,,3.542e-21,,1.156e-1,2.082e-16,2.450e+1,2.854e-5,,2.677e-25,,,,,,,,,,,,,,,,,,,,,,,,9.203e+2,,
211.84,2.230e+3,,1.876e-12,6.986e-46,,,4.564e-43,1.565e-22,,9.516e-31,1.447e+3,5.160e-23,8.100e-32,7.112e+0,8.558e-23,1.173e-35,,3.651e-19,,,1.900e-2,5.092e-17,,,1.058e-21,,3.544e-21,,1.340e-1,1.181e-15,2.088e+1,2.659e-5,,2.689e-25,,,,,,,,,,,,,,,,,,,,,,,,7.546e+2,,
211.86,2.107e+3,,1.344e-12,7.544e-46,,,3.916e-43,1.565e-22,,5.838e-31,1.430e+3,5.259e-23,8.121e-32,1.107e+1,8.539e-23,1.170e-35,,9.008e-19,,,1.171e-2,4.968e-17,,,3.316e-22,,3.546e-21,,1.466e-1,3.680e-15,1.837e+1,2.505e-5,,2.696e-25,,,,,,,,,,,,,,,,,,,,,,,,6.471e+2,,
211.89,1.902e+3,,7.890e-13,8.382e-46,,,3.016e-43,1.566e-22,,2.717e-31,1.369e+3,5.408e-23,8.152e-32,2.089e+1,8.511e-23,1.165e-35,,3.382e-18,,,5.491e-3,5.894e-17,,,5.637e-23,,3.548e-21,,1.643e-1,1.961e-14,1.468e+1,2.249e-5,,2.708e-25,,,,,,,,,,,,,,,,,,,,,,,,4.976e+2,,
211.91,1.762e+3,,5.415e-13,8.940e-46,,,2.482e-43,1.566e-22,,1.597e-31,1.309e+3,5.507e-23,8.172e-32,3.131e+1,8.493e-23,1.162e-35,,8.000e-18,,,3.244e-3,7.315e-17,,,1.693e-23,,3.550e-21,,1.743e-1,5.856e-14,1.238e+1,2.067e-5,,2.715e-25,,,,,,,,,,,,,,,,,,,,,,,,4.089e+2,,
211.93,1.627e+3,,3.653e-13,9.499e-46,,,2.010e-43,1.567e-22,,9.226e-32,1.240e+3,5.607e-23,8.193e-32,4.622e+1,8.475e-23,1.159e-35,,1.860e-17,,,1.884e-3,9.461e-17,,,4.998e-24,,3.551e-21,,1.821e-1,1.720e-13,1.026e+1,1.879e-5,,2.723e-25,,,,,,,,,,,,,,,,,,,,,,,,3.303e+2,,
211.96,1.454e+3,,1.960e-13,1.034e-45,,,1.421e-43,1.567e-22,,3.924e-32,1.134e+3,5.756e-23,8.223e-32,8.057e+1,8.447e-23,1.154e-35,,6.393e-17,,,8.076e-4,1.425e-16,,,7.761e-25,,3.553e-21,,1.887e-1,8.388e-13,7.496e+0,1.596e-5,,2.734e-25,,,,,,,,,,,,,,,,,,,,,,,,2.322e+2,,
211.98,1.370e+3,,1.267e-13,1.089e-45,,,1.106e-43,1.568e-22,,2.172e-32,1.070e+3,5.855e-23,8.244e-32,1.145e+2,8.428e-23,1.151e-35,,1.425e-16,,,4.494e-4,1.864e-16,,,2.194e-25,,3.555e-21,,1.894e-1,2.362e-12,5.954e+0,1.413e-5,,2.742e-25,,,,,,,,,,,,,,,,,,,,,,,,1.798e+2,,
212.01,1.311e+3,,6.377e-14,1.173e-45,,,7.395e-44,1.568e-22,,8.663e-33,1.000e+3,6.004e-23,8.275e-32,1.883e+2,8.401e-23,1.146e-35,,4.598e-16,,,1.807e-4,2.730e-16,,,3.194e-26,,3.557e-21,,1.845e-1,1.081e-11,4.084e+0,1.155e-5,,2.753e-25,,,,,,,,,,,,,,,,,,,,,,,,1.186e+2,,
212.03,1.329e+3,,3.949e-14,1.229e-45,,,5.569e-44,1.569e-22,,4.594e-33,9.800e+2,6.103e-23,8.295e-32,2.574e+2,8.382e-23,1.143e-35,,9.829e-16,,,9.640e-5,3.456e-16,,,8.652e-27,,3.559e-21,,1.776e-1,2.920e-11,3.112e+0,9.991e-6,,2.760e-25,,,,,,,,,,,,,,,,,,,,,,,,8.799e+1,,
212.06,1.456e+3,,1.864e-14,1.313e-45,,,3.585e-44,1.569e-22,,1.718e-33,1.000e+3,6.252e-23,8.326e-32,3.993e+2,8.355e-23,1.138e-35,,2.976e-15,,,3.637e-5,4.776e-16,,,1.012e-27,,3.561e-21,,1.625e-1,1.255e-10,2.010e+0,7.943e-6,,2.772e-25,,,,,,,,,,,,,,,,,,,,,,,,5.454e+1,,
212.08,1.617e+3,,1.106e-14,1.369e-45,,,2.669e-44,1.570e-22,,8.730e-34,1.052e+3,6.352e-23,8.346e-32,5.248e+2,8.336e-23,1.135e-35,,6.100e-15,,,1.859e-5,5.804e-16,,,1.018e-27,,3.562e-21,,1.500e-1,3.249e-10,1.476e+0,6.799e-6,,2.779e-25,,,,,,,,,,,,,,,,,,,,,,,,3.891e+1,,
212.11,1.981e+3,,4.896e-15,1.452e-45,,,1.763e-44,1.570e-22,,3.062e-34,1.189e+3,6.501e-23,8.377e-32,7.674e+2,8.308e-23,1.130e-35,,1.734e-14,,,6.579e-6,7.534e-16,,,1.026e-27,,3.565e-21,,1.288e-1,1.311e-9,9.136e-1,5.432e-6,,2.791e-25,,,,,,,,,,,,,,,,,,,,,,,,2.297e+1,,
212.13,2.305e+3,,2.784e-15,1.508e-45,,,1.404e-44,1.570e-22,,1.490e-34,1.319e+3,6.600e-23,8.398e-32,9.693e+2,8.290e-23,1.127e-35,,3.407e-14,,,3.223e-6,8.777e-16,,,1.032e-27,,3.566e-21,,1.140e-1,3.254e-9,6.640e-1,4.750e-6,,2.798e-25,,,,,,,,,,,,,,,,,,,,,,,,1.614e+1,,
212.16,2.907e+3,,1.156e-15,1.592e-45,,,1.152e-44,1.571e-22,,4.901e-35,1.561e+3,6.749e-23,8.428e-32,1.335e+3,8.262e-23,1.122e-35,,9.093e-14,,,1.070e-6,1.069e-15,,,1.040e-27,,3.568e-21,,9.186e-2,1.233e-8,4.292e-1,4.048e-6,,2.809e-25,,,,,,,,,,,,,,,,,,,,,,,,1.000e+1,,
212.18,3.375e+3,,6.295e-16,1.648e-45,,,1.148e-44,1.571e-22,,2.286e-35,1.746e+3,6.849e-23,8.449e-32,1.620e+3,8.244e-23,1.119e-35,,1.713e-13,,,5.024e-7,1.194e-15,,,1.046e-27,,3.570e-21,,7.790e-2,2.933e-8,3.437e-1,3.768e-6,,2.817e-25,,,,,,,,,,,,,,,,,,,,,,,,8.003e+0,,
212.21,4.148e+3,,2.451e-16,1.732e-45,,,1.378e-44,1.572e-22,,7.049e-36,2.039e+3,6.998e-23,8.480e-32,2.101e+3,8.216e-23,1.115e-35,,4.292e-13,,,1.565e-7,1.365e-15,,,1.054e-27,,3.572e-21,,5.893e-2,1.043e-7,2.934e-1,3.575e-6,,2.828e-25,,,,,,,,,,,,,,,,,,,,,,,,7.484e+0,,
212.23,4.689e+3,,1.279e-16,1.787e-45,,,1.699e-44,1.572e-22,,3.150e-36,2.232e+3,7.097e-23,8.500e-32,2.448e+3,8.198e-23,1.111e-35,,7.754e-13,,,7.041e-8,1.461e-15,,,1.060e-27,,3.573e-21,,4.790e-2,2.380e-7,3.005e-1,3.561e-6,,2.836e-25,,,,,,,,,,,,,,,,,,,,,,,,8.631e+0,,
212.26,5.493e+3,,4.671e-17,1.871e-45,,,2.478e-44,1.573e-22,,9.118e-37,2.493e+3,7.246e-23,8.531e-32,2.986e+3,8.170e-23,1.107e-35,,1.824e-12,,,2.058e-8,1.567e-15,,,1.068e-27,,3.576e-21,,3.401e-2,7.949e-7,3.593e-1,3.647e-6,,2.847e-25,,,,,,,,,,,,,,,,,,,,,,,,1.266e+1,,
212.28,5.994e+3,,2.336e-17,1.927e-45,,,3.239e-44,1.573e-22,,3.924e-37,2.636e+3,7.345e-23,8.552e-32,3.341e+3,8.151e-23,1.103e-35,,3.160e-12,,,8.874e-9,1.607e-15,,,1.074e-27,,3.577e-21,,2.650e-2,1.739e-6,4.259e-1,3.739e-6,9.958e-22,2.855e-25,,,,,,,,,,,,,,,,,,,,,,,,1.709e+1,,
212.3,6.443e+3,,1.148e-17,1.983e-45,,,4.234e-44,1.574e-22,,1.705e-37,2.743e+3,7.445e-23,8.572e-32,3.676e+3,8.133e-23,1.100e-35,,5.382e-12,,,3.762e-9,1.621e-15,,,1.080e-27,,3.579e-21,,2.030e-2,3.740e-6,5.126e-1,3.831e-6,3.703e-21,2.862e-25,,,,,,,,,,,,,,,,,,,,,,,,2.318e+1,,
212.33,6.977e+3,,3.832e-18,2.067e-45,,,6.255e-44,1.574e-22,,6.860e-38,2.825e+3,7.594e-23,8.603e-32,4.114e+3,8.105e-23,1.095e-35,,1.159e-11,,,1.006e-9,1.590e-15,,,1.088e-27,,3.581e-21,,1.318e-2,1.143e-5,6.785e-1,3.929e-6,2.574e-20,2.874e-25,,,,,,,,,,,,,,,,,,,,,,,,3.604e+1,,
212.35,7.216e+3,,1.805e-18,2.122e-45,,,8.015e-44,1.575e-22,,7.899e-38,2.823e+3,7.693e-23,8.623e-32,4.345e+3,8.087e-23,1.092e-35,,1.894e-11,,,4.085e-10,1.537e-15,,,1.094e-27,,3.582e-21,,9.680e-3,2.358e-5,8.131e-1,3.946e-6,9.178e-20,2.881e-25,,,,,,,,,,,,,,,,,,,,,,,,4.755e+1,,
212.38,7.375e+3,,5.650e-19,2.206e-45,,,1.136e-43,1.575e-22,,2.310e-37,2.734e+3,7.842e-23,8.654e-32,4.571e+3,8.059e-23,1.087e-35,,3.832e-11,,,1.025e-10,1.416e-15,,,1.102e-27,,3.585e-21,,5.900e-3,6.767e-5,1.053e+0,3.877e-6,5.991e-19,2.893e-25,,,,,,,,,,,,,,,,,,,,,,,,6.994e+1,,
212.4,7.341e+3,,2.550e-19,2.262e-45,,,1.410e-43,1.575e-22,,5.312e-37,2.620e+3,7.941e-23,8.675e-32,4.631e+3,8.041e-23,1.084e-35,,6.003e-11,,,3.989e-11,1.312e-15,,,1.108e-27,,3.586e-21,,4.152e-3,1.338e-4,1.241e+0,3.763e-6,2.049e-18,2.900e-25,,,,,,,,,,,,,,,,,,,,,,,,8.862e+1,,
212.43,7.085e+3,,7.493e-20,2.346e-45,,,1.898e-43,1.576e-22,,1.832e-36,2.384e+3,8.090e-23,8.705e-32,4.577e+3,8.013e-23,1.080e-35,,1.141e-10,,,9.389e-12,1.135e-15,,,1.116e-27,,3.588e-21,,2.375e-3,3.605e-4,1.571e+0,3.495e-6,1.256e-17,2.911e-25,,,,,,,,,,,,,,,,,,,,,,,,1.225e+2,,
212.45,6.792e+3,,3.261e-20,2.402e-45,,,2.272e-43,1.576e-22,,4.104e-36,2.192e+3,8.190e-23,8.726e-32,4.449e+3,7.994e-23,1.076e-35,,1.715e-10,,,3.503e-12,1.009e-15,,,1.122e-27,,3.590e-21,,1.602e-3,6.835e-4,1.829e+0,3.262e-6,4.120e-17,2.919e-25,,,,,,,,,,,,,,,,,,,,,,,,1.487e+2,,
212.48,6.203e+3,,1.013e-20,2.485e-45,,,2.891e-43,1.577e-22,,1.333e-35,1.877e+3,8.339e-23,8.757e-32,4.131e+3,7.967e-23,1.072e-35,,3.063e-10,,,7.736e-13,8.215e-16,,,1.130e-27,,3.592e-21,,8.598e-4,1.729e-3,2.285e+0,2.852e-6,2.372e-16,2.930e-25,,,,,,,,,,,,,,,,,,,,,,,,1.929e+2,,
212.5,5.739e+3,,7.191e-21,2.541e-45,,,3.330e-43,1.577e-22,,2.864e-35,1.661e+3,8.438e-23,8.777e-32,3.850e+3,7.948e-23,1.068e-35,,4.417e-10,,,2.767e-13,7.031e-16,,,1.136e-27,,3.594e-21,,5.559e-4,3.142e-3,2.643e+0,2.554e-6,7.462e-16,2.938e-25,,,,,,,,,,,,,,,,,,,,,,,,2.247e+2,,
212.53,4.984e+3,,1.739e-20,2.625e-45,,,3.998e-43,1.578e-22,,8.735e-35,1.350e+3,8.587e-23,8.808e-32,3.358e+3,7.921e-23,1.064e-35,,7.416e-10,,,5.732e-14,5.434e-16,,,1.144e-27,,3.596e-21,,2.801e-4,7.462e-3,3.277e+0,2.101e-6,4.035e-15,2.949e-25,,,,,,,,,,,,,,,,,,,,,,,,2.735e+2,,
212.55,4.471e+3,,4.554e-20,2.681e-45,,,4.428e-43,1.578e-22,,1.799e-34,1.161e+3,8.686e-23,8.829e-32,3.001e+3,7.902e-23,1.060e-35,,1.026e-9,,,1.965e-14,4.522e-16,,,1.150e-27,,3.597e-21,,1.737e-4,1.301e-2,3.774e+0,1.808e-6,1.217e-14,2.957e-25,,,,,,,,,,,,,,,,,,,,,,,,3.053e+2,,
212.58,3.732e+3,,1.994e-19,2.765e-45,,,5.008e-43,1.579e-22,,5.152e-34,9.206e+2,8.835e-23,8.859e-32,2.458e+3,7.874e-23,1.056e-35,,1.621e-9,,,3.819e-15,3.415e-16,,,1.158e-27,,3.599e-21,,8.251e-5,2.899e-2,4.642e+0,1.403e-6,6.182e-14,2.968e-25,,,,,,,,,,,,,,,,,,,,,,,,3.488e+2,,
212.6,3.280e+3,,5.254e-19,2.820e-45,,,5.329e-43,1.579e-22,,1.017e-33,7.949e+2,8.935e-23,8.880e-32,2.106e+3,7.856e-23,1.052e-35,,2.153e-9,,,1.255e-15,2.856e-16,,,1.164e-27,,3.601e-21,,4.970e-5,4.845e-2,5.308e+0,1.166e-6,1.789e-13,2.976e-25,,,,,,,,,,,,,,,,,,,,,,,,3.732e+2,,
212.63,2.691e+3,,2.180e-18,2.904e-45,,,5.676e-43,1.580e-22,,2.736e-33,6.652e+2,9.084e-23,8.911e-32,1.620e+3,7.828e-23,1.048e-35,,3.200e-9,,,2.289e-16,2.278e-16,,,1.172e-27,,3.603e-21,,2.413e-5,1.014e-1,6.439e+0,8.665e-7,8.531e-13,2.987e-25,,,,,,,,,,,,,,,,,,,,,,,,4.002e+2,,
212.65,2.369e+3,,5.512e-18,2.960e-45,,,5.801e-43,1.580e-22,,5.181e-33,6.199e+2,9.183e-23,8.931e-32,1.331e+3,7.810e-23,1.045e-35,,4.085e-9,,,7.207e-17,2.054e-16,,,1.178e-27,,3.605e-21,,1.690e-5,1.625e-1,7.277e+0,7.067e-7,2.367e-12,2.994e-25,,,,,,,,,,,,,,,,,,,,,,,,4.105e+2,,
212.67,2.106e+3,,1.371e-17,3.016e-45,,,5.834e-43,1.580e-22,,9.647e-33,6.079e+2,9.283e-23,8.952e-32,1.075e+3,7.791e-23,1.041e-35,,5.133e-9,,,2.231e-17,1.946e-16,,,1.183e-27,,3.606e-21,,1.511e-5,2.559e-1,8.180e+0,5.784e-7,6.459e-12,3.002e-25,,,,,,,,,,,,,,,,,,,,,,,,4.139e+2,,
212.7,1.824e+3,,5.216e-17,3.100e-45,,,5.709e-43,1.581e-22,,2.375e-32,6.506e+2,9.432e-23,8.982e-32,7.568e+2,7.764e-23,1.037e-35,,7.018e-9,,,3.722e-18,1.969e-16,,,1.192e-27,,3.608e-21,,2.182e-5,4.904e-1,9.639e+0,4.409e-7,2.822e-11,3.013e-25,,,,,,,,,,,,,,,,,,,,,,,,4.061e+2,,
212.72,1.707e+3,,1.245e-16,3.155e-45,,,5.514e-43,1.581e-22,,4.241e-32,7.171e+2,9.531e-23,9.003e-32,5.863e+2,7.745e-23,1.033e-35,,8.479e-9,,,1.104e-18,2.086e-16,,,1.197e-27,,3.610e-21,,3.408e-5,7.407e-1,1.067e+1,3.820e-7,7.385e-11,3.021e-25,,,,,,,,,,,,,,,,,,,,,,,,3.926e+2,,
212.75,1.630e+3,,4.453e-16,3.239e-45,,,5.079e-43,1.582e-22,,9.803e-32,8.677e+2,9.680e-23,9.034e-32,3.873e+2,7.718e-23,1.029e-35,,1.094e-8,,,1.729e-19,2.372e-16,,,1.206e-27,,3.612e-21,,7.133e-5,1.332e+0,1.230e+1,3.351e-7,3.030e-10,3.032e-25,,,,,,,,,,,,,,,,,,,,,,,,3.616e+2,,
212.77,1.635e+3,,1.020e-15,3.295e-45,,,4.712e-43,1.582e-22,,1.678e-31,9.965e+2,9.779e-23,9.054e-32,2.877e+2,7.699e-23,1.025e-35,,1.272e-8,,,4.917e-20,2.612e-16,,,1.211e-27,,3.614e-21,,1.165e-4,1.930e+0,1.343e+1,3.262e-7,7.604e-10,3.040e-25,,,,,,,,,,,,,,,,,,,,,,,,3.350e+2,,
212.8,1.707e+3,,3.429e-15,3.379e-45,,,4.087e-43,1.583e-22,,3.643e-31,1.221e+3,9.928e-23,9.085e-32,1.784e+2,7.671e-23,1.021e-35,,1.551e-8,,,7.224e-21,3.004e-16,,,1.220e-27,,3.616e-21,,2.370e-4,3.258e+0,1.517e+1,3.380e-7,2.930e-9,3.051e-25,,,,,,,,,,,,,,,,,,,,,,,,2.896e+2,,
212.82,1.787e+3,,7.538e-15,3.435e-45,,,3.643e-43,1.583e-22,,5.980e-31,1.382e+3,1.003e-22,9.105e-32,1.270e+2,7.653e-23,1.017e-35,,1.738e-8,,,1.969e-21,3.261e-16,,,1.225e-27,,3.617e-21,,3.730e-4,4.524e+0,1.635e+1,3.577e-7,7.053e-9,3.059e-25,,,,,,,,,,,,,,,,,,,,,,,,2.572e+2,,
212.85,1.934e+3,,2.382e-14,3.518e-45,,,2.976e-43,1.584e-22,,1.219e-30,1.626e+3,1.018e-22,9.136e-32,7.390e+1,7.625e-23,1.013e-35,,2.008e-8,,,2.714e-22,3.604e-16,,,1.234e-27,,3.620e-21,,7.140e-4,7.173e+0,1.813e+1,3.973e-7,2.552e-8,3.070e-25,,,,,,,,,,,,,,,,,,,,,,,,2.086e+2,,
212.87,2.037e+3,,5.026e-14,3.574e-45,,,2.549e-43,1.584e-22,,1.918e-30,1.780e+3,1.028e-22,9.157e-32,5.043e+1,7.607e-23,1.010e-35,,2.171e-8,,,3.258e-23,3.784e-16,,,1.239e-27,,3.621e-21,,1.078e-3,9.550e+0,1.930e+1,4.264e-7,5.892e-8,3.077e-25,,,,,,,,,,,,,,,,,,,,,,,,1.777e+2,,
212.9,2.178e+3,,1.493e-13,3.658e-45,,,1.962e-43,1.585e-22,,3.671e-30,1.980e+3,1.043e-22,9.188e-32,2.755e+1,7.579e-23,1.005e-35,,2.381e-8,,,3.254e-23,3.958e-16,,,1.248e-27,,3.623e-21,,1.937e-3,1.421e+1,2.099e+1,4.681e-7,2.003e-7,3.089e-25,,,,,,,,,,,,,,,,,,,,,,,,1.352e+2,,
212.92,2.252e+3,,3.024e-13,3.714e-45,,,1.616e-43,1.585e-22,,5.541e-30,2.084e+3,1.052e-22,9.208e-32,1.802e+1,7.561e-23,1.002e-35,,2.491e-8,,,3.251e-23,4.001e-16,,,1.253e-27,,3.625e-21,,2.804e-3,1.814e+1,2.202e+1,4.922e-7,4.433e-7,3.096e-25,,,,,,,,,,,,,,,,,,,,,,,,1.104e+2,,
212.95,2.320e+3,,8.449e-13,3.798e-45,,,1.173e-43,1.586e-22,,9.955e-30,2.183e+3,1.067e-22,9.239e-32,9.238e+0,7.533e-23,9.968e-36,,2.603e-8,,,3.247e-23,3.955e-16,,,1.262e-27,,3.627e-21,,4.732e-3,2.535e+1,2.335e+1,5.203e-7,1.415e-6,3.108e-25,,,,,,,,,,,,,,,,,,,,,,,,7.887e+1,,
212.97,2.332e+3,,1.642e-12,3.853e-45,,,9.285e-44,1.586e-22,,1.441e-29,2.209e+3,1.077e-22,9.259e-32,5.793e+0,7.514e-23,9.936e-36,,2.640e-8,,,3.244e-23,3.856e-16,,,1.267e-27,,3.628e-21,,6.568e-3,3.103e+1,2.402e+1,5.337e-7,3.005e-6,3.115e-25,,,,,,,,,,,,,,,,,,,,,,,,6.171e+1,,
213,2.296e+3,,4.314e-12,3.937e-45,,,6.355e-44,1.587e-22,,2.431e-29,2.186e+3,1.092e-22,9.290e-32,2.787e+0,7.487e-23,9.888e-36,,2.639e-8,,,3.240e-23,3.628e-16,,,1.276e-27,,3.631e-21,,1.041e-2,4.070e+1,2.463e+1,5.485e-7,9.008e-6,3.127e-25,,,,,,,,,,,,,,,,,,,,,,,,4.138e+1,,
213.02,2.240e+3,,8.047e-12,3.993e-45,,,4.841e-44,1.587e-22,,3.373e-29,2.135e+3,1.102e-22,9.311e-32,1.675e+0,7.468e-23,9.857e-36,,2.604e-8,,,3.237e-23,3.441e-16,,,1.281e-27,,3.632e-21,,1.385e-2,4.776e+1,2.471e+1,5.582e-7,1.834e-5,3.134e-25,,,,,,,,,,,,,,,,,,,,,,,,3.104e+1,,
213.04,2.163e+3,,1.477e-11,4.049e-45,,,3.632e-44,1.587e-22,,4.602e-29,2.059e+3,1.112e-22,9.331e-32,9.900e-1,7.450e-23,9.825e-36,,2.544e-8,,,3.234e-23,3.242e-16,,,1.287e-27,,3.634e-21,,1.812e-2,5.511e+1,2.451e+1,5.720e-7,3.673e-5,3.142e-25,,,,,,,,,,,,,,,,,,,,,,,,2.289e+1,,
213.07,2.023e+3,,3.560e-11,4.133e-45,,,2.292e-44,1.588e-22,,7.109e-29,1.919e+3,1.127e-22,9.362e-32,4.357e-1,7.422e-23,9.777e-36,,2.415e-8,,,3.230e-23,2.958e-16,,,1.295e-27,,3.636e-21,,2.629e-2,6.618e+1,2.365e+1,6.115e-7,1.008e-4,3.153e-25,,,,,,,,,,,,,,,,,,,,,,,,1.404e+1,,
213.09,1.925e+3,,6.271e-11,4.188e-45,,,1.655e-44,1.588e-22,,9.301e-29,1.819e+3,1.137e-22,9.382e-32,2.468e-1,7.404e-23,9.745e-36,,2.309e-8,,,3.227e-23,2.800e-16,,,1.301e-27,,3.637e-21,,3.299e-2,7.322e+1,2.273e+1,6.592e-7,1.937e-4,3.161e-25,,,,,,,,,,,,,,,,,,,,,,,,9.929e+0,,
213.12,1.796e+3,,1.422e-10,4.272e-45,,,9.865e-45,1.589e-22,,1.349e-28,1.686e+3,1.152e-22,9.413e-32,1.020e-1,7.376e-23,9.697e-36,,2.133e-8,,,3.223e-23,2.643e-16,,,1.309e-27,,3.640e-21,,4.493e-2,8.255e+1,2.086e+1,7.815e-7,4.995e-4,3.172e-25,,,,,,,,,,,,,,,,,,,,,,,,5.717e+0,,
213.14,1.734e+3,,2.404e-10,4.328e-45,,,6.856e-45,1.589e-22,,1.692e-28,1.623e+3,1.162e-22,9.434e-32,5.536e-2,7.357e-23,9.666e-36,,2.008e-8,,,3.220e-23,2.606e-16,,,1.315e-27,,3.641e-21,,5.405e-2,8.756e+1,1.937e+1,9.089e-7,9.198e-4,3.179e-25,,,,,,,,,,,,,,,,,,,,,,,,3.874e+0,,
213.17,1.699e+3,,5.126e-10,4.412e-45,,,3.861e-45,1.590e-22,,2.305e-28,1.587e+3,1.177e-22,9.464e-32,2.146e-2,7.330e-23,9.618e-36,,1.820e-8,,,3.216e-23,2.666e-16,,,1.323e-27,,3.643e-21,,6.912e-2,9.267e+1,1.689e+1,1.191e-6,2.228e-3,3.191e-25,,,,,,,,,,,,,,,,,,,,,,,,2.094e+0,,
213.19,1.724e+3,,8.320e-10,4.468e-45,,,2.585e-45,1.590e-22,,2.772e-28,1.613e+3,1.187e-22,9.485e-32,1.117e-2,7.311e-23,9.586e-36,,1.697e-8,,,3.213e-23,2.784e-16,,,1.329e-27,,3.645e-21,,7.973e-2,9.425e+1,1.518e+1,1.451e-6,3.935e-3,3.198e-25,,,,,,,,,,,,,,,,,,,,,,,,1.360e+0,,
213.22,1.846e+3,,1.669e-9,4.551e-45,,,1.381e-45,1.591e-22,,3.545e-28,1.738e+3,1.201e-22,9.516e-32,4.062e-3,7.284e-23,9.538e-36,,1.520e-8,,,3.209e-23,3.065e-16,,,1.337e-27,,3.647e-21,,9.573e-2,9.365e+1,1.266e+1,1.971e-6,8.952e-3,3.210e-25,,,,,,,,,,,,,,,,,,,,,,,,6.899e-1,,
213.24,1.985e+3,,2.600e-9,4.607e-45,,,8.990e-46,1.591e-22,,4.089e-28,1.882e+3,1.211e-22,9.536e-32,2.026e-3,7.265e-23,9.507e-36,,1.408e-8,,,3.206e-23,3.309e-16,,,1.343e-27,,3.649e-21,,1.059e-1,9.132e+1,1.110e+1,2.412e-6,1.516e-2,3.217e-25,,,,,,,,,,,,,,,,,,,,,,,,4.296e-1,,
213.27,2.275e+3,,4.905e-9,4.691e-45,,,4.830e-46,1.592e-22,,4.908e-28,2.181e+3,1.226e-22,9.567e-32,6.917e-4,7.237e-23,9.459e-36,,1.250e-8,,,3.202e-23,3.723e-16,,,1.351e-27,,3.651e-21,,1.194e-1,8.519e+1,9.100e+0,3.225e-6,3.240e-2,3.228e-25,,,,,,,,,,,,,,,,,,,,,,,,2.045e-1,,
213.29,2.515e+3,,7.337e-9,4.747e-45,,,3.494e-46,1.592e-22,,5.429e-28,2.427e+3,1.236e-22,9.588e-32,3.307e-4,7.219e-23,9.427e-36,,1.151e-8,,,3.199e-23,4.008e-16,,,1.357e-27,,3.652e-21,,1.266e-1,7.965e+1,8.042e+0,3.868e-6,5.263e-2,3.236e-25,,,,,,,,,,,,,,,,,,,,,,,,1.221e-1,,
213.32,2.923e+3,,1.302e-8,4.831e-45,,,3.224e-46,1.593e-22,,6.120e-28,2.846e+3,1.251e-22,9.618e-32,1.059e-4,7.191e-23,9.379e-36,,1.009e-8,,,3.195e-23,4.405e-16,,,1.365e-27,,3.654e-21,,1.340e-1,6.976e+1,6.950e+0,4.979e-6,1.056e-1,3.247e-25,,,,,,,,,,,,,,,,,,,,,,,,5.454e-2,,
213.34,3.209e+3,,1.870e-8,4.886e-45,,,4.333e-46,1.593e-22,,6.490e-28,3.139e+3,1.261e-22,9.639e-32,4.855e-5,7.173e-23,9.348e-36,,9.183e-9,,,3.192e-23,4.624e-16,,,1.371e-27,,3.656e-21,,1.363e-1,6.253e+1,6.579e+0,5.809e-6,1.645e-1,3.255e-25,,,,,,,,,,,,,,,,,,,,,,,,3.121e-2,,
213.37,3.625e+3,,3.120e-8,4.970e-45,,,9.053e-46,1.593e-22,,6.869e-28,3.567e+3,1.276e-22,9.670e-32,1.459e-5,7.145e-23,9.300e-36,,7.883e-9,,,3.188e-23,4.848e-16,,,1.379e-27,,3.658e-21,,1.354e-1,5.141e+1,6.575e+0,7.170e-6,3.100e-1,3.266e-25,,,,,,,,,,,,,,,,,,,,,,,,1.309e-2,,
213.39,3.873e+3,,4.302e-8,5.026e-45,,,1.569e-45,1.594e-22,,6.985e-28,3.822e+3,1.286e-22,9.690e-32,6.411e-6,7.127e-23,9.268e-36,,7.053e-9,,,3.185e-23,4.912e-16,,,1.385e-27,,3.660e-21,,1.320e-1,4.419e+1,6.935e+0,8.143e-6,4.632e-1,3.274e-25,,,,,,,,,,,,,,,,,,,,,,,,7.177e-3,,
213.42,4.169e+3,,6.754e-8,5.110e-45,,,3.576e-45,1.594e-22,,6.941e-28,4.126e+3,1.301e-22,9.721e-32,1.808e-6,7.099e-23,9.220e-36,,5.873e-9,,,3.180e-23,4.865e-16,,,1.393e-27,,3.662e-21,,1.232e-1,3.411e+1,7.976e+0,9.676e-6,8.199e-1,3.285e-25,,,,,,,,,,,,,,,,,,,,,,,,2.824e-3,,
213.44,4.298e+3,,8.940e-8,5.166e-45,,,6.097e-45,1.595e-22,,6.769e-28,4.259e+3,1.311e-22,9.741e-32,7.614e-7,7.080e-23,9.188e-36,,5.137e-9,,,3.178e-23,4.739e-16,,,1.399e-27,,3.663e-21,,1.152e-1,2.811e+1,8.964e+0,1.074e-5,1.175e+0,3.293e-25,,,,,,,,,,,,,,,,,,,,,,,,1.485e-3,,
213.46,4.362e+3,,1.164e-7,5.221e-45,,,1.023e-44,1.595e-22,,6.490e-28,4.328e+3,1.321e-22,9.762e-32,3.152e-7,7.062e-23,9.157e-36,,4.452e-9,,,3.175e-23,4.542e-16,,,1.404e-27,,3.665e-21,,1.059e-1,2.277e+1,1.014e+1,1.182e-5,1.656e+0,3.300e-25,,,,,,,,,,,,,,,,,,,,,,,,7.677e-4,,
213.49,4.331e+3,,1.678e-7,5.305e-45,,,2.159e-44,1.596e-22,,5.905e-28,4.300e+3,1.336e-22,9.793e-32,8.134e-8,7.034e-23,9.109e-36,,3.535e-9,,8.827e-24,3.171e-23,4.135e-16,,,1.413e-27,,3.667e-21,,9.045e-2,1.609e+1,1.216e+1,1.348e-5,2.684e+0,3.312e-25,,,,,,,,,,,,,,,,,,,,,,,,2.764e-4,,
213.51,4.223e+3,,2.097e-7,5.361e-45,,,3.478e-44,1.596e-22,,5.429e-28,4.194e+3,1.346e-22,9.813e-32,3.228e-8,7.016e-23,9.077e-36,,3.010e-9,,3.261e-23,3.168e-23,3.807e-16,,,1.418e-27,,3.669e-21,,7.973e-2,1.250e+1,1.359e+1,1.459e-5,3.627e+0,3.319e-25,,,,,,,,,,,,,,,,,,,,,,,,1.370e-4,,
213.54,3.946e+3,,2.844e-7,5.445e-45,,,6.892e-44,1.597e-22,,4.638e-28,3.916e+3,1.360e-22,9.844e-32,7.815e-9,6.988e-23,9.029e-36,,2.367e-9,,2.245e-22,3.163e-23,3.269e-16,,,1.427e-27,,3.671e-21,,6.395e-2,8.294e+0,1.570e+1,1.625e-5,5.522e+0,3.330e-25,,,,,,,,,,,,,,,,,,,,,,,,4.630e-5,,
213.56,3.694e+3,,3.413e-7,5.501e-45,,,1.065e-43,1.597e-22,,4.089e-28,3.664e+3,1.370e-22,9.865e-32,2.972e-9,6.970e-23,8.998e-36,,2.043e-9,,7.956e-22,3.161e-23,2.902e-16,,,1.432e-27,,3.672e-21,,5.405e-2,6.178e+0,1.699e+1,1.734e-5,7.157e+0,3.338e-25,,,,,,,,,,,,,,,,,,,,,,,,2.199e-5,,
213.59,3.246e+3,,4.352e-7,5.584e-45,,,1.983e-43,1.598e-22,,3.280e-28,3.214e+3,1.385e-22,9.895e-32,6.754e-10,6.942e-23,8.950e-36,,1.719e-9,,5.147e-21,3.156e-23,2.375e-16,,,1.441e-27,,3.675e-21,,4.070e-2,3.848e+0,1.858e+1,1.889e-5,1.023e+1,3.349e-25,,,,,,,,,,,,,,,,,,,,,,,,6.976e-6,,
213.61,2.919e+3,,5.015e-7,5.640e-45,,,2.939e-43,1.598e-22,,2.772e-28,2.884e+3,1.395e-22,9.916e-32,2.462e-10,6.924e-23,8.918e-36,,1.615e-9,,1.751e-20,3.154e-23,2.060e-16,,,1.446e-27,,3.676e-21,,3.299e-2,2.748e+0,1.933e+1,1.983e-5,1.272e+1,3.357e-25,,,,,,,,,,,,,,,,,,,,,,,,3.176e-6,,
213.64,2.414e+3,,6.015e-7,5.724e-45,,,5.141e-43,1.598e-22,,2.088e-28,2.375e+3,1.410e-22,9.947e-32,5.250e-11,6.896e-23,8.870e-36,,1.623e-9,,1.064e-19,3.149e-23,1.669e-16,,,1.455e-27,,3.678e-21,,2.332e-2,1.607e+0,1.990e+1,2.103e-5,1.708e+1,3.368e-25,,,,,,,,,,,,,,,,,,,,,,,,9.456e-7,,
213.66,2.085e+3,,6.653e-7,5.780e-45,,,7.310e-43,1.599e-22,,1.692e-28,2.044e+3,1.420e-22,9.967e-32,1.834e-11,6.877e-23,8.838e-36,,1.735e-9,,3.473e-19,3.147e-23,1.474e-16,,,1.460e-27,,3.680e-21,,1.812e-2,1.100e+0,1.988e+1,2.164e-5,2.036e+1,3.376e-25,,,,,,,,,,,,,,,,,,,,,,,,4.128e-7,,
213.69,1.627e+3,,7.507e-7,5.864e-45,,,1.201e-42,1.599e-22,,1.197e-28,1.581e+3,1.435e-22,9.998e-32,3.670e-12,6.850e-23,8.791e-36,,2.052e-9,,1.985e-18,3.142e-23,1.299e-16,,,1.469e-27,,3.682e-21,,1.203e-2,6.040e-1,1.924e+1,2.218e-5,2.569e+1,3.387e-25,,,,,,,,,,,,,,,,,,,,,,,,1.153e-7,,
213.71,1.353e+3,,7.972e-7,5.919e-45,,,1.638e-42,1.600e-22,,9.301e-29,1.305e+3,1.445e-22,1.002e-31,1.229e-12,6.831e-23,8.759e-36,,2.352e-9,,6.215e-18,3.139e-23,1.265e-16,,,1.474e-27,,3.683e-21,,8.964e-3,3.965e-1,1.844e+1,2.225e-5,2.936e+1,3.395e-25,,,,,,,,,,,,,,,,,,,,,,,,4.825e-8,,
213.74,9.993e+2,,8.460e-7,6.003e-45,,,2.529e-42,1.600e-22,,6.176e-29,9.476e+2,1.460e-22,1.005e-31,2.308e-13,6.804e-23,8.711e-36,,2.913e-9,,3.338e-17,3.135e-23,1.345e-16,,,1.483e-27,,3.686e-21,,5.587e-3,2.043e-1,1.676e+1,2.186e-5,3.478e+1,3.406e-25,,,,,,,,,,,,,,,,,,,,,,,,1.265e-8,,
213.76,8.034e+2,,8.624e-7,6.059e-45,,,3.309e-42,1.601e-22,,4.602e-29,7.498e+2,1.470e-22,1.007e-31,7.408e-14,6.785e-23,8.679e-36,,3.343e-9,,1.003e-16,3.132e-23,1.486e-16,,,1.488e-27,,3.687e-21,,3.992e-3,1.286e-1,1.541e+1,2.128e-5,3.814e+1,3.413e-25,,,,,,,,,,,,,,,,,,,,,,,,5.075e-9,,
213.79,5.670e+2,,8.607e-7,6.143e-45,,,4.799e-42,1.601e-22,,2.869e-29,5.114e+2,1.485e-22,1.010e-31,1.305e-14,6.757e-23,8.632e-36,,4.031e-9,,5.062e-16,3.128e-23,1.824e-16,,,1.497e-27,,3.689e-21,,2.336e-3,6.223e-2,1.316e+1,1.992e-5,4.243e+1,3.425e-25,,,,,,,,,,,,,,,,,,,,,,,,1.249e-9,,
213.81,4.442e+2,,8.422e-7,6.199e-45,,,6.023e-42,1.602e-22,,2.050e-29,3.880e+2,1.495e-22,1.012e-31,4.016e-15,6.739e-23,8.600e-36,,4.494e-9,,1.459e-15,3.125e-23,2.127e-16,,,1.502e-27,,3.691e-21,,1.600e-3,3.756e-2,1.160e+1,1.875e-5,4.461e+1,3.432e-25,,,,,,,,,,,,,,,,,,,,,,,,4.802e-10,,
213.83,3.457e+2,,8.108e-7,6.254e-45,,,7.435e-42,1.602e-22,,1.441e-29,2.895e+2,1.504e-22,1.014e-31,1.215e-15,6.720e-23,8.568e-36,,4.940e-9,,4.137e-15,3.122e-23,2.484e-16,,,1.508e-27,,3.692e-21,,1.078e-3,2.229e-2,1.005e+1,1.741e-5,4.613e+1,3.440e-25,,,,,,,,,,,,,,,,,,,,,,,,1.815e-10,,
213.86,2.358e+2,,7.426e-7,6.338e-45,,,9.885e-42,1.603e-22,,8.223e-30,1.809e+2,1.519e-22,1.017e-31,1.958e-16,6.693e-23,8.520e-36,,5.534e-9,,1.914e-14,3.118e-23,3.101e-16,,,1.516e-27,,3.695e-21,,5.775e-4,9.872e-3,7.862e+0,1.519e-5,4.701e+1,3.451e-25,,,,,,,,,,,,,,,,,,,,,,,,4.087e-11,,
213.88,1.827e+2,,6.862e-7,6.394e-45,,,1.171e-41,1.603e-22,,5.541e-30,1.295e+2,1.529e-22,1.019e-31,5.677e-17,6.674e-23,8.488e-36,,5.858e-9,,5.208e-14,3.115e-23,3.547e-16,,,1.522e-27,,3.696e-21,,3.730e-4,5.617e-3,6.536e+0,1.365e-5,4.662e+1,3.459e-25,,,,,,,,,,,,,,,,,,,,,,,,1.481e-11,,
213.91,1.257e+2,,5.911e-7,6.478e-45,,,1.463e-41,1.603e-22,,2.969e-30,7.632e+1,1.544e-22,1.022e-31,8.587e-18,6.647e-23,8.441e-36,,6.205e-9,,2.265e-13,3.111e-23,4.229e-16,,,1.530e-27,,3.698e-21,,1.876e-4,2.336e-3,4.801e+0,1.144e-5,4.461e+1,3.470e-25,,,,,,,,,,,,,,,,,,,,,,,,3.130e-12,,
213.93,9.910e+1,,5.242e-7,6.534e-45,,,1.663e-41,1.604e-22,,1.918e-30,5.284e+1,1.554e-22,1.024e-31,2.386e-18,6.628e-23,8.409e-36,,6.336e-9,,5.913e-13,3.108e-23,4.666e-16,,,1.536e-27,,3.700e-21,,1.162e-4,1.274e-3,3.828e+0,1.010e-5,4.243e+1,3.478e-25,,,,,,,,,,,,,,,,,,,,,,,,1.087e-12,,
213.96,7.117e+1,,4.246e-7,6.617e-45,,,1.956e-41,1.604e-22,,9.653e-31,3.039e+1,1.569e-22,1.027e-31,3.387e-19,6.600e-23,8.361e-36,,6.386e-9,,2.417e-12,3.104e-23,5.250e-16,,,1.544e-27,,3.702e-21,,5.487e-5,4.974e-4,2.641e+0,8.447e-6,3.814e+1,3.489e-25,,,,,,,,,,,,,,,,,,,,,,,,2.157e-13,,
213.98,5.850e+1,,3.615e-7,6.673e-45,,,2.135e-41,1.605e-22,,5.980e-31,2.170e+1,1.579e-22,1.030e-31,9.022e-20,6.582e-23,8.329e-36,,6.337e-9,,6.053e-12,3.101e-23,5.565e-16,,,1.550e-27,,3.704e-21,,3.259e-5,2.602e-4,2.019e+0,7.652e-6,3.478e+1,3.496e-25,,,,,,,,,,,,,,,,,,,,,,,,7.182e-14,,
214.01,4.618e+1,,2.753e-7,6.757e-45,,,2.365e-41,1.605e-22,,2.825e-31,1.551e+1,1.594e-22,1.033e-31,8.974e-20,6.554e-23,8.282e-36,,6.188e-9,,2.326e-11,3.097e-23,5.889e-16,,,1.558e-27,,3.706e-21,,1.445e-5,9.535e-5,1.308e+0,7.029e-6,2.936e+1,3.508e-25,,,,,,,,,,,,,,,,,,,,,,,,1.337e-14,,
214.03,4.182e+1,,2.249e-7,6.813e-45,,,2.483e-41,1.606e-22,,1.678e-31,1.517e+1,1.604e-22,1.035e-31,8.941e-20,6.536e-23,8.250e-36,,6.079e-9,,5.589e-11,3.094e-23,5.992e-16,,,1.564e-27,,3.707e-21,,8.228e-6,4.782e-5,9.595e-1,7.045e-6,2.569e+1,3.515e-25,,,,,,,,,,,,,,,,,,,,,,,,4.268e-15,,
214.06,4.109e+1,,1.611e-7,6.897e-45,,,2.599e-41,1.606e-22,,7.445e-32,2.014e+1,1.619e-22,1.038e-31,8.893e-20,6.508e-23,8.202e-36,,5.983e-9,,2.018e-10,3.090e-23,5.963e-16,,,1.572e-27,,3.710e-21,,3.425e-6,1.645e-5,5.844e-1,7.786e-6,2.036e+1,3.527e-25,,,,,,,,,,,,,,,,,,,,,,,,7.456e-16,,
214.08,4.507e+1,,1.263e-7,6.952e-45,,,2.632e-41,1.607e-22,,4.241e-32,2.758e+1,1.629e-22,1.040e-31,8.860e-20,6.490e-23,8.170e-36,,6.022e-9,,4.653e-10,3.087e-23,5.823e-16,,,1.578e-27,,3.711e-21,,1.870e-6,7.911e-6,4.119e-1,8.789e-6,1.708e+1,3.534e-25,,,,,,,,,,,,,,,,,,,,,,,,2.281e-16,,
214.11,5.980e+1,,8.503e-8,7.036e-45,,,2.620e-41,1.607e-22,,1.766e-32,4.684e+1,1.644e-22,1.043e-31,8.812e-20,6.462e-23,8.123e-36,,6.336e-9,,1.579e-9,3.083e-23,5.452e-16,,,1.586e-27,,3.713e-21,,7.310e-7,2.556e-6,2.381e-1,1.108e-5,1.272e+1,3.546e-25,,,,,,,,,,,,,,,,,,,,,,,,3.741e-17,,
214.13,7.721e+1,,6.399e-8,7.092e-45,,,2.575e-41,1.608e-22,,9.647e-33,6.682e+1,1.653e-22,1.045e-31,8.779e-20,6.443e-23,8.091e-36,,6.773e-9,,3.494e-9,3.080e-23,5.114e-16,,,1.592e-27,,3.715e-21,,3.827e-7,1.178e-6,1.643e-1,1.313e-5,1.023e+1,3.553e-25,,,,,,,,,,,,,,,,,,,,,,,,1.097e-17,,
214.16,1.187e+2,,4.050e-8,7.176e-45,,,2.467e-41,1.608e-22,,3.773e-33,1.115e+2,1.668e-22,1.048e-31,8.731e-20,6.416e-23,8.043e-36,,7.862e-9,,1.114e-8,3.076e-23,4.510e-16,,,1.600e-27,,3.717e-21,,1.404e-7,3.573e-7,9.831e-2,1.696e-5,7.157e+0,3.564e-25,,,,,,,,,,,,,,,,,,,,,,,,1.689e-18,,
214.18,1.596e+2,,2.925e-8,7.232e-45,,,2.378e-41,1.608e-22,,1.976e-33,1.540e+2,1.678e-22,1.050e-31,8.698e-20,6.397e-23,8.011e-36,,8.916e-9,,2.365e-8,3.073e-23,4.068e-16,,,1.606e-27,,3.718e-21,,7.050e-8,1.579e-7,7.703e-2,1.995e-5,5.522e+0,3.572e-25,,,,,,,,,,,,,,,,,,,,,,,,4.747e-19,,
214.2,2.136e+2,,2.078e-8,7.288e-45,,,2.284e-41,1.609e-22,,1.017e-33,2.094e+2,1.688e-22,1.052e-31,8.666e-20,6.379e-23,7.979e-36,,1.025e-8,,4.938e-8,3.070e-23,3.615e-16,,,1.612e-27,,3.720e-21,,3.480e-8,6.864e-8,7.076e-2,2.325e-5,4.190e+0,3.580e-25,,,,,,,,,,,,,,,,,,,,,,,,1.312e-19,,
214.23,3.246e+2,,1.206e-8,7.371e-45,,,2.150e-41,1.609e-22,,3.643e-34,3.218e+2,1.703e-22,1.055e-31,8.617e-20,6.351e-23,7.932e-36,,1.279e-8,,1.444e-7,3.066e-23,2.948e-16,,,1.620e-27,,3.722e-21,,1.169e-8,1.906e-8,8.871e-2,2.858e-5,2.684e+0,3.591e-25,,,,,,,,,,,,,,,,,,,,,,,,1.848e-20,,
214.25,4.219e+2,,8.220e-9,7.427e-45,,,2.073e-41,1.610e-22,,1.799e-34,4.198e+2,1.713e-22,1.057e-31,8.585e-20,6.333e-23,7.900e-36,,1.482e-8,,2.893e-7,3.063e-23,2.529e-16,,,1.626e-27,,3.724e-21,,5.533e-9,7.941e-9,1.216e-1,3.228e-5,1.953e+0,3.598e-25,,,,,,,,,,,,,,,,,,,,,,,,1.847e-20,,
214.28,6.078e+2,,4.485e-9,7.511e-45,,,1.986e-41,1.610e-22,,6.048e-35,6.065e+2,1.728e-22,1.060e-31,8.536e-20,6.305e-23,7.852e-36,,1.828e-8,,7.952e-7,3.059e-23,1.964e-16,,,1.634e-27,,3.726e-21,,1.746e-9,2.070e-9,2.132e-1,3.779e-5,1.175e+0,3.610e-25,,,,,,,,,,,,,,,,,,,,,,,,1.846e-20,,
214.3,7.602e+2,,2.933e-9,7.567e-45,,,1.948e-41,1.611e-22,,2.864e-35,7.590e+2,1.738e-22,1.062e-31,8.504e-20,6.287e-23,7.820e-36,,2.078e-8,,1.528e-6,3.056e-23,1.637e-16,,,1.640e-27,,3.727e-21,,7.921e-10,8.269e-10,3.131e-1,4.127e-5,8.199e-1,3.617e-25,,,,,,,,,,,,,,,,,,,,,,,,1.845e-20,,
214.33,1.031e+3,,1.504e-9,7.650e-45,,,1.918e-41,1.611e-22,,9.040e-36,1.030e+3,1.753e-22,1.065e-31,8.455e-20,6.259e-23,7.773e-36,,2.463e-8,,3.948e-6,3.052e-23,1.224e-16,,,1.648e-27,,3.730e-21,,2.346e-10,2.023e-10,5.482e-1,4.597e-5,4.632e-1,3.629e-25,,,,,,,,,,,,,,,,,,,,,,,,1.843e-20,,
214.35,1.238e+3,,9.441e-10,7.706e-45,,,1.911e-41,1.612e-22,,4.104e-36,1.237e+3,1.763e-22,1.067e-31,8.423e-20,6.240e-23,7.741e-36,,2.712e-8,,7.281e-6,3.049e-23,9.998e-17,,,1.654e-27,,3.731e-21,,1.021e-10,7.751e-11,7.825e-1,4.861e-5,3.100e-1,3.636e-25,,,,,,,,,,,,,,,,,,,,,,,,1.842e-20,,
214.38,1.579e+3,,4.550e-10,7.790e-45,,,1.909e-41,1.612e-22,,1.216e-36,1.577e+3,1.778e-22,1.071e-31,8.374e-20,6.213e-23,7.693e-36,,3.051e-8,,1.768e-5,3.045e-23,7.319e-17,,,1.662e-27,,3.733e-21,,2.839e-11,1.781e-11,1.296e+0,5.164e-5,1.645e-1,3.647e-25,,,,,,,,,,,,,,,,,,,,,,,,1.841e-20,,
214.4,1.819e+3,,2.740e-10,7.846e-45,,,1.904e-41,1.613e-22,,5.295e-37,1.817e+3,1.788e-22,1.073e-31,8.342e-20,6.194e-23,7.661e-36,,3.239e-8,,3.128e-5,3.042e-23,5.929e-17,,,1.668e-27,,3.735e-21,,1.184e-11,6.540e-12,1.777e+0,5.298e-5,1.056e-1,3.655e-25,,,,,,,,,,,,,,,,,,,,,,,,1.840e-20,,
214.43,2.181e+3,,1.241e-10,7.930e-45,,,1.881e-41,1.613e-22,,1.474e-37,2.178e+3,1.802e-22,1.076e-31,8.293e-20,6.167e-23,7.614e-36,,3.441e-8,,7.138e-5,3.038e-23,4.324e-17,,,1.676e-27,,3.737e-21,,3.093e-12,1.410e-12,2.770e+0,5.390e-5,5.263e-2,3.666e-25,,,,,,,,,,,,,,,,,,,,,,,,1.838e-20,,
214.45,2.411e+3,,7.170e-11,7.985e-45,,,1.847e-41,1.613e-22,,6.151e-38,2.407e+3,1.812e-22,1.078e-31,8.261e-20,6.148e-23,7.582e-36,,3.512e-8,,1.212e-4,3.035e-23,3.511e-17,,,1.682e-27,,3.739e-21,,1.237e-12,4.967e-13,3.649e+0,5.380e-5,3.240e-2,3.674e-25,,,,,,,,,,,,,,,,,,,,,,,,1.837e-20,,
214.48,2.717e+3,,3.052e-11,8.069e-45,,,1.765e-41,1.614e-22,,1.607e-38,2.712e+3,1.827e-22,1.081e-31,8.212e-20,6.120e-23,7.534e-36,,3.515e-8,,2.599e-4,3.031e-23,2.580e-17,,,1.690e-27,,3.741e-21,,3.033e-13,1.006e-13,5.354e+0,5.263e-5,1.516e-2,3.685e-25,,,,,,,,,,,,,,,,,,,,,,,,1.836e-20,,
214.5,2.883e+3,,1.692e-11,8.125e-45,,,1.686e-41,1.614e-22,,6.433e-39,2.877e+3,1.837e-22,1.083e-31,8.180e-20,6.102e-23,7.502e-36,,3.447e-8,,4.234e-4,3.028e-23,2.106e-17,,,1.696e-27,,3.742e-21,,1.163e-13,3.396e-14,6.777e+0,5.125e-5,8.952e-3,3.693e-25,,,,,,,,,,,,,,,,,,,,,,,,1.835e-20,,
214.53,3.059e+3,,6.767e-12,8.209e-45,,,1.537e-41,1.615e-22,,1.578e-39,3.049e+3,1.852e-22,1.086e-31,8.131e-20,6.074e-23,7.454e-36,,3.247e-8,,8.533e-4,3.024e-23,1.554e-17,,,1.704e-27,,3.744e-21,,2.678e-14,6.455e-15,9.371e+0,4.839e-5,3.935e-3,3.704e-25,,,,,,,,,,,,,,,,,,,,,,,,1.833e-20,,
214.55,3.120e+3,,3.598e-12,8.265e-45,,,1.420e-41,1.615e-22,,6.057e-40,3.108e+3,1.862e-22,1.088e-31,8.099e-20,6.056e-23,7.423e-36,,3.058e-8,,1.334e-3,3.021e-23,1.268e-17,,,1.710e-27,,3.746e-21,,9.849e-15,2.090e-15,1.141e+1,4.606e-5,2.228e-3,3.712e-25,,,,,,,,,,,,,,,,,,,,,,,,1.832e-20,,
214.57,3.134e+3,,1.882e-12,8.321e-45,,,1.293e-41,1.616e-22,,2.286e-40,3.120e+3,1.872e-22,1.090e-31,8.066e-20,6.037e-23,7.391e-36,,2.833e-8,,2.051e-3,3.018e-23,1.032e-17,,,1.715e-27,,3.747e-21,,3.562e-15,6.651e-16,1.369e+1,4.346e-5,1.240e-3,3.719e-25,,,,,,,,,,,,,,,,,,,,,,,,1.831e-20,,
214.6,3.072e+3,,6.899e-13,8.404e-45,,,1.094e-41,1.616e-22,,5.135e-41,3.055e+3,1.887e-22,1.093e-31,8.018e-20,6.010e-23,7.343e-36,,2.449e-8,,3.789e-3,3.014e-23,7.550e-18,,,1.724e-27,,3.750e-21,,7.506e-16,1.157e-16,1.750e+1,3.919e-5,4.995e-4,3.731e-25,,,,,,,,,,,,,,,,,,,,,,,,1.830e-20,,
214.62,2.983e+3,,3.462e-13,8.460e-45,,,9.615e-42,1.617e-22,,1.858e-41,2.962e+3,1.897e-22,1.095e-31,7.985e-20,5.991e-23,7.311e-36,,2.177e-8,,5.590e-3,3.011e-23,6.146e-18,,,1.729e-27,,3.751e-21,,2.603e-16,3.532e-17,2.026e+1,3.618e-5,2.667e-4,3.738e-25,,,,,,,,,,,,,,,,,,,,,,,,1.829e-20,,
214.65,2.798e+3,,1.193e-13,8.544e-45,,,7.719e-42,1.617e-22,,3.919e-42,2.773e+3,1.912e-22,1.098e-31,7.937e-20,5.963e-23,7.264e-36,,1.770e-8,,9.708e-3,3.007e-23,4.645e-18,,,1.738e-27,,3.753e-21,,5.150e-17,5.771e-18,2.463e+1,3.155e-5,1.008e-4,3.749e-25,,,,,,,,,,,,,,,,,,,,,,,,1.827e-20,,
214.67,2.657e+3,,5.748e-14,8.600e-45,,,6.562e-42,1.618e-22,,1.360e-42,2.629e+3,1.922e-22,1.100e-31,7.904e-20,5.945e-23,7.232e-36,,1.510e-8,,1.374e-2,3.004e-23,4.053e-18,,,1.743e-27,,3.755e-21,,1.712e-17,1.689e-18,2.764e+1,2.846e-5,5.164e-5,3.757e-25,,,,,,,,,,,,,,,,,,,,,,,,1.826e-20,,
214.7,2.452e+3,,1.880e-14,8.683e-45,,,5.039e-42,1.618e-22,,2.693e-43,2.420e+3,1.937e-22,1.103e-31,7.856e-20,5.917e-23,7.184e-36,,1.153e-8,,2.243e-2,2.999e-23,3.858e-18,,,1.752e-27,,3.757e-21,,3.181e-18,2.590e-19,3.220e+1,2.397e-5,1.834e-5,3.768e-25,,,,,,,,,,,,,,,,,,,,,,,,1.825e-20,,
214.72,2.339e+3,,8.997e-15,3.161e-44,,,4.179e-42,1.618e-22,,8.959e-44,2.304e+3,1.947e-22,1.105e-31,7.823e-20,5.899e-23,7.152e-36,,9.441e-9,,3.046e-2,2.997e-23,4.289e-18,,,1.757e-27,,3.759e-21,,1.014e-18,7.266e-20,3.523e+1,2.112e-5,9.008e-6,3.776e-25,,,,,,,,,,,,,,,,,,,,,,,,1.824e-20,,
214.75,2.239e+3,,3.671e-15,2.130e-43,,,3.125e-42,1.619e-22,,1.666e-44,2.199e+3,1.961e-22,1.109e-31,7.775e-20,5.871e-23,7.105e-36,,6.779e-9,,4.673e-2,2.992e-23,6.064e-18,,,1.766e-27,,3.761e-21,,1.769e-19,1.046e-20,3.975e+1,1.718e-5,3.005e-6,3.787e-25,,,,,,,,,,,,,,,,,,,,,,,,1.822e-20,,
214.77,2.234e+3,,3.087e-15,7.442e-43,,,2.570e-42,1.619e-22,,5.315e-45,2.191e+3,1.971e-22,1.111e-31,7.742e-20,5.853e-23,7.073e-36,,5.324e-9,,6.089e-2,2.990e-23,8.255e-18,,,1.771e-27,,3.762e-21,,5.407e-20,2.814e-21,4.275e+1,1.483e-5,1.415e-6,3.795e-25,,,,,,,,,,,,,,,,,,,,,,,,1.821e-20,,
214.8,2.341e+3,,4.927e-15,4.715e-42,,,1.932e-42,1.620e-22,,9.279e-46,2.294e+3,1.986e-22,1.114e-31,7.694e-20,5.825e-23,7.025e-36,,3.592e-9,,8.780e-2,2.985e-23,1.368e-17,,,1.780e-27,,3.765e-21,,8.856e-21,5.862e-21,4.728e+1,1.179e-5,4.433e-7,3.806e-25,,,,,,,,,,,,,,,,,,,,,,,,1.820e-20,,
214.82,2.495e+3,,8.174e-15,1.582e-41,,,1.615e-42,1.620e-22,,2.838e-46,2.444e+3,1.996e-22,1.116e-31,7.661e-20,5.806e-23,6.993e-36,,2.707e-9,,1.098e-1,2.982e-23,1.919e-17,,,1.785e-27,,3.766e-21,,2.596e-21,7.893e-21,5.036e+1,1.012e-5,2.003e-7,3.814e-25,,,,,,,,,,,,,,,,,,,,,,,,1.819e-20,,
214.85,2.850e+3,,1.806e-14,9.426e-41,,,1.267e-42,1.621e-22,,4.653e-47,2.795e+3,2.011e-22,1.119e-31,7.613e-20,5.779e-23,6.945e-36,,1.716e-9,,1.488e-1,2.978e-23,3.138e-17,,,1.794e-27,,3.768e-21,,3.991e-22,1.094e-20,5.510e+1,8.187e-6,5.892e-8,3.825e-25,,,,,,,,,,,,,,,,,,,,,,,,1.817e-20,,
214.87,3.162e+3,,3.031e-14,3.036e-40,,,1.101e-42,1.621e-22,,1.365e-47,3.104e+3,2.021e-22,1.121e-31,7.580e-20,5.760e-23,6.914e-36,,1.240e-9,,1.784e-1,2.975e-23,4.283e-17,,,1.799e-27,,3.770e-21,,1.122e-22,1.297e-20,5.834e+1,7.286e-6,2.552e-8,3.832e-25,,,,,,,,,,,,,,,,,,,,,,,,1.816e-20,,
214.9,3.720e+3,,6.411e-14,1.701e-39,,,9.212e-43,1.622e-22,,2.101e-48,3.656e+3,2.036e-22,1.124e-31,7.532e-20,5.733e-23,6.866e-36,,7.389e-10,,2.273e-1,2.971e-23,6.638e-17,,,1.808e-27,,3.772e-21,,1.619e-23,1.602e-20,6.326e+1,6.508e-6,7.053e-9,3.844e-25,,,,,,,,,,,,,,,,,,,,,,,,1.815e-20,,
214.92,4.130e+3,,1.036e-13,5.259e-39,,,8.344e-43,1.622e-22,,5.908e-49,4.063e+3,2.046e-22,1.126e-31,7.499e-20,5.714e-23,6.834e-36,,5.124e-10,,2.616e-1,2.968e-23,8.713e-17,,,1.813e-27,,3.773e-21,,4.364e-24,1.805e-20,6.647e+1,6.353e-6,2.930e-9,3.851e-25,,,,,,,,,,,,,,,,,,,,,,,,1.814e-20,,
214.94,4.551e+3,,1.650e-13,1.599e-38,,,7.659e-43,1.623e-22,,1.634e-49,4.481e+3,2.056e-22,1.128e-31,7.467e-20,5.696e-23,6.802e-36,,3.494e-10,,2.961e-1,2.966e-23,1.125e-16,,,1.819e-27,,3.775e-21,,4.429e-24,2.008e-20,6.950e+1,6.466e-6,1.197e-9,3.859e-25,,,,,,,,,,,,,,,,,,,,,,,,1.813e-20,,
214.97,5.159e+3,,3.221e-13,8.225e-38,,,6.873e-43,1.623e-22,,2.302e-50,5.085e+3,2.071e-22,1.131e-31,7.418e-20,5.668e-23,6.755e-36,,1.908e-10,,3.458e-1,2.961e-23,1.602e-16,,,1.827e-27,,3.777e-21,,4.528e-24,2.313e-20,7.345e+1,7.076e-6,3.030e-10,3.870e-25,,,,,,,,,,,,,,,,,,,,,,,,1.811e-20,,
214.99,5.519e+3,,4.935e-13,2.401e-37,,,6.460e-43,1.623e-22,,6.106e-51,5.443e+3,2.081e-22,1.133e-31,7.386e-20,5.649e-23,6.723e-36,,1.248e-10,,3.756e-1,2.958e-23,1.985e-16,,,1.833e-27,,3.779e-21,,4.594e-24,2.516e-20,7.546e+1,7.724e-6,1.187e-10,3.878e-25,,,,,,,,,,,,,,,,,,,,,,,,1.810e-20,,
215.02,5.944e+3,,9.097e-13,1.162e-36,,,5.956e-43,1.624e-22,,6.260e-51,5.866e+3,2.096e-22,1.136e-31,7.337e-20,5.622e-23,6.675e-36,,6.402e-11,,4.123e-1,2.954e-23,2.656e-16,,,1.841e-27,,3.781e-21,,4.692e-24,2.821e-20,7.720e+1,8.951e-6,2.822e-11,3.889e-25,,,,,,,,,,,,,,,,,,,,,,,,1.809e-20,,
215.04,6.128e+3,,1.342e-12,3.255e-36,,,5.676e-43,1.624e-22,,6.364e-51,6.050e+3,2.106e-22,1.138e-31,7.305e-20,5.603e-23,6.643e-36,,4.018e-11,,4.297e-1,2.951e-23,3.159e-16,,,1.847e-27,,3.782e-21,,4.758e-24,3.024e-20,7.733e+1,9.869e-6,1.060e-11,3.897e-25,,,,,,,,,,,,,,,,,,,,,,,,1.808e-20,,
215.07,6.227e+3,,2.338e-12,1.481e-35,,,5.318e-43,1.625e-22,,6.519e-51,6.151e+3,2.120e-22,1.141e-31,7.256e-20,5.576e-23,6.595e-36,,1.936e-11,,4.432e-1,2.947e-23,3.972e-16,,,1.855e-27,,3.785e-21,,4.857e-24,3.329e-20,7.578e+1,1.127e-5,2.367e-12,3.908e-25,,,,,,,,,,,,,,,,,,,,,,,,1.806e-20,,
215.09,6.170e+3,,3.323e-12,3.983e-35,,,5.106e-43,1.625e-22,,6.622e-51,6.096e+3,2.130e-22,1.143e-31,7.224e-20,5.557e-23,6.564e-36,,1.166e-11,,4.432e-1,2.944e-23,4.533e-16,,,1.861e-27,,3.786e-21,,4.923e-24,1.226e-19,7.355e+1,1.214e-5,8.531e-13,3.915e-25,,,,,,,,,,,,,,,,,,,,,,,,1.805e-20,,
215.12,5.902e+3,,5.475e-12,1.704e-34,,,4.810e-43,1.626e-22,,6.777e-51,5.833e+3,2.145e-22,1.146e-31,7.175e-20,5.529e-23,6.516e-36,,5.279e-12,,4.297e-1,2.940e-23,5.358e-16,,,1.869e-27,,3.788e-21,,5.021e-24,8.407e-19,6.852e+1,1.323e-5,1.789e-13,3.927e-25,,,,,,,,,,,,,,,,,,,,,,,,1.804e-20,,
215.14,5.613e+3,,7.497e-12,4.401e-34,,,4.614e-43,1.626e-22,,6.880e-51,5.549e+3,2.155e-22,1.149e-31,7.143e-20,5.511e-23,6.484e-36,,3.049e-12,,4.123e-1,2.937e-23,5.868e-16,,,1.875e-27,,3.790e-21,,5.087e-24,2.973e-18,6.418e+1,1.375e-5,6.182e-14,3.934e-25,,,,,,,,,,,,,,,,,,,,,,,,1.803e-20,,
215.17,5.049e+3,,1.169e-11,1.771e-33,,,4.306e-43,1.627e-22,,7.035e-51,4.992e+3,2.170e-22,1.152e-31,7.094e-20,5.483e-23,6.436e-36,,1.297e-12,,3.756e-1,2.933e-23,6.519e-16,,,1.883e-27,,3.792e-21,,5.186e-24,1.918e-17,5.657e+1,1.415e-5,1.217e-14,3.946e-25,,,,,,,,,,,,,,,,,,,,,,,,1.802e-20,,
215.19,4.609e+3,,1.544e-11,4.390e-33,,,4.083e-43,1.627e-22,,7.138e-51,4.558e+3,2.180e-22,1.154e-31,7.062e-20,5.465e-23,6.405e-36,,7.185e-13,,3.458e-1,2.930e-23,6.850e-16,,,1.889e-27,,3.794e-21,,5.251e-24,6.511e-17,5.101e+1,1.414e-5,4.035e-15,3.953e-25,,,,,,,,,,,,,,,,,,,,,,,,1.801e-20,,
215.22,3.897e+3,,2.280e-11,1.662e-32,,,3.714e-43,1.628e-22,,7.293e-51,3.854e+3,2.195e-22,1.157e-31,7.013e-20,5.437e-23,6.357e-36,,2.872e-13,,2.961e-1,2.926e-23,7.154e-16,,,1.897e-27,,3.796e-21,,5.350e-24,3.951e-16,4.241e+1,1.370e-5,7.462e-16,3.965e-25,,,,,,,,,,,,,,,,,,,,,,,,1.799e-20,,
215.24,3.414e+3,,2.904e-11,3.954e-32,,,3.445e-43,1.628e-22,,7.396e-51,3.376e+3,2.205e-22,1.159e-31,6.981e-20,5.419e-23,6.325e-36,,1.526e-13,,2.616e-1,2.923e-23,7.213e-16,,,1.903e-27,,3.797e-21,,5.416e-24,1.288e-15,3.677e+1,1.315e-5,2.372e-16,3.972e-25,,,,,,,,,,,,,,,,,,,,,,,,1.798e-20,,
215.27,2.713e+3,,4.064e-11,1.407e-31,,,3.013e-43,1.629e-22,,7.551e-51,2.684e+3,2.220e-22,1.162e-31,6.932e-20,5.391e-23,6.277e-36,,5.732e-14,,2.105e-1,2.919e-23,7.080e-16,,,1.911e-27,,3.799e-21,,5.515e-24,7.351e-15,2.879e+1,1.198e-5,4.120e-17,3.983e-25,,,,,,,,,,,,,,,,,,,,,,,,1.797e-20,,
215.29,2.280e+3,,4.995e-11,3.215e-31,,,2.712e-43,1.629e-22,,7.654e-51,2.256e+3,2.230e-22,1.164e-31,6.900e-20,5.373e-23,6.246e-36,,2.922e-14,,1.784e-1,2.916e-23,6.850e-16,,,1.917e-27,,3.801e-21,,5.580e-24,2.301e-14,2.397e+1,1.103e-5,1.256e-17,3.991e-25,,,,,,,,,,,,,,,,,,,,,,,,1.796e-20,,
215.32,1.703e+3,,6.629e-11,1.076e-30,,,2.259e-43,1.630e-22,,7.809e-51,1.685e+3,2.245e-22,1.167e-31,6.851e-20,5.345e-23,6.198e-36,,1.031e-14,,1.350e-1,2.912e-23,6.320e-16,,,1.925e-27,,3.803e-21,,5.679e-24,1.235e-13,1.766e+1,9.451e-6,2.049e-18,4.002e-25,,,,,,,,,,,,,,,,,,,,,,,,1.794e-20,,
215.34,1.373e+3,,7.867e-11,2.360e-30,,,1.964e-43,1.630e-22,,7.912e-51,1.359e+3,2.255e-22,1.169e-31,6.819e-20,5.326e-23,6.166e-36,,5.042e-15,,1.098e-1,2.909e-23,5.868e-16,,,1.931e-27,,3.805e-21,,5.745e-24,3.712e-13,1.412e+1,8.354e-6,5.991e-19,4.010e-25,,,,,,,,,,,,,,,,,,,,,,,,1.793e-20,,
215.36,1.089e+3,,9.206e-11,5.090e-30,,,1.682e-43,1.630e-22,,8.016e-51,1.078e+3,2.264e-22,1.171e-31,6.786e-20,5.308e-23,6.134e-36,,2.425e-15,,8.780e-2,2.906e-23,5.358e-16,,,1.936e-27,,3.806e-21,,5.810e-24,1.097e-12,1.110e+1,7.267e-6,1.722e-19,4.017e-25,,,,,,,,,,,,,,,,,,,,,,,,1.792e-20,,
215.39,7.461e+2,,1.135e-10,1.564e-29,,,1.297e-43,1.631e-22,,8.171e-51,7.385e+2,2.279e-22,1.174e-31,6.738e-20,5.280e-23,6.086e-36,,7.840e-16,,6.089e-2,2.902e-23,4.533e-16,,,1.945e-27,,3.808e-21,,5.909e-24,5.408e-12,7.505e+0,5.726e-6,2.574e-20,4.029e-25,,,,,,,,,,,,,,,,,,,,,,,,1.791e-20,,
215.41,5.678e+2,,1.283e-10,3.238e-29,,,1.069e-43,1.631e-22,,8.274e-51,5.621e+2,2.289e-22,1.176e-31,6.705e-20,5.262e-23,6.055e-36,,3.617e-16,,4.673e-2,2.899e-23,3.972e-16,,,1.950e-27,,3.810e-21,,5.975e-24,1.535e-11,5.664e+0,4.795e-6,7.097e-21,4.036e-25,,,,,,,,,,,,,,,,,,,,,,,,1.790e-20,,
215.44,3.655e+2,,1.502e-10,9.357e-29,,,7.770e-44,1.632e-22,,8.429e-51,3.619e+2,2.304e-22,1.179e-31,6.657e-20,5.234e-23,6.007e-36,,1.099e-16,,3.046e-2,2.895e-23,3.159e-16,,,1.959e-27,,3.812e-21,,6.074e-24,7.117e-11,3.603e+0,3.586e-6,9.958e-22,4.048e-25,,,,,,,,,,,,,,,,,,,,,,,,1.788e-20,,
215.46,2.669e+2,,1.639e-10,1.860e-28,,,6.159e-44,1.632e-22,,8.532e-51,2.643e+2,2.314e-22,1.181e-31,6.624e-20,5.216e-23,2.185e-35,,4.863e-17,,2.243e-2,2.892e-23,2.656e-16,,,1.964e-27,,3.814e-21,,6.139e-24,1.939e-10,2.613e+0,2.918e-6,9.966e-22,4.055e-25,,,,,,,,,,,,,,,,,,,,,,,,1.787e-20,,
215.49,1.615e+2,,1.822e-10,5.055e-28,,,4.222e-44,1.633e-22,,8.687e-51,1.599e+2,2.329e-22,1.184e-31,6.576e-20,5.188e-23,1.471e-34,,1.388e-17,,1.374e-2,2.888e-23,1.985e-16,,,1.973e-27,,3.816e-21,,6.238e-24,8.458e-10,1.572e+0,2.128e-6,9.977e-22,4.066e-25,,,,,,,,,,,,,,,,,,,,,,,,1.786e-20,,
215.51,1.131e+2,,1.921e-10,9.645e-28,,,3.223e-44,1.633e-22,,8.790e-51,1.120e+2,2.339e-22,1.186e-31,6.543e-20,5.169e-23,5.137e-34,,5.892e-18,,9.708e-3,2.885e-23,1.601e-16,,,1.978e-27,,3.817e-21,,6.304e-24,2.213e-9,1.107e+0,1.737e-6,9.985e-22,4.074e-25,,,,,,,,,,,,,,,,,,,,,,,,1.785e-20,,
215.54,6.437e+1,,2.026e-10,2.465e-27,,,2.096e-44,1.634e-22,,8.945e-51,6.371e+1,2.354e-22,1.190e-31,6.495e-20,5.142e-23,3.257e-33,,1.580e-18,,5.590e-3,2.881e-23,1.125e-16,,,1.987e-27,,3.820e-21,,6.402e-24,9.079e-9,6.625e-1,1.338e-6,9.996e-22,4.085e-25,,,,,,,,,,,,,,,,,,,,,,,,1.783e-20,,
215.56,4.333e+1,,2.063e-10,4.515e-27,,,1.554e-44,1.634e-22,,9.048e-51,4.283e+1,2.364e-22,1.192e-31,6.462e-20,5.123e-23,1.092e-32,,6.433e-19,,3.789e-3,2.878e-23,8.710e-17,,,1.992e-27,,3.821e-21,,6.468e-24,2.280e-8,4.954e-1,1.184e-6,1.000e-21,4.093e-25,,,,,,,,,,,,,,,,,,,,,,,,1.782e-20,,
215.59,2.329e+1,,2.064e-10,1.085e-26,,,9.862e-45,1.635e-22,,9.203e-51,2.289e+1,2.379e-22,1.195e-31,6.414e-20,5.096e-23,6.511e-32,,1.621e-19,,2.051e-3,2.874e-23,5.752e-17,,,2.001e-27,,3.823e-21,,6.567e-24,8.802e-8,3.989e-1,1.095e-6,1.002e-21,4.104e-25,,,,,,,,,,,,,,,,,,,,,,,,1.781e-20,,
215.61,1.520e+1,,2.029e-10,1.908e-26,,,7.366e-45,1.635e-22,,9.306e-51,1.477e+1,2.389e-22,1.197e-31,6.381e-20,5.077e-23,2.097e-31,,6.331e-20,,1.334e-3,2.871e-23,4.273e-17,,,2.006e-27,,3.825e-21,,6.633e-24,2.122e-7,4.297e-1,1.115e-6,1.002e-21,4.112e-25,,,,,,,,,,,,,,,,,,,,,,,,1.780e-20,,
215.64,8.052e+0,,1.926e-10,4.315e-26,,,5.039e-45,1.636e-22,,9.461e-51,7.417e+0,2.404e-22,1.200e-31,6.333e-20,5.049e-23,1.176e-30,,1.499e-20,,6.783e-4,2.867e-23,2.652e-17,,,2.015e-27,,3.827e-21,,6.731e-24,7.707e-7,6.345e-1,1.240e-6,1.003e-21,4.123e-25,,,,,,,,,,,,,,,,,,,,,,,,1.778e-20,,
215.66,5.496e+0,,1.827e-10,7.282e-26,,,4.191e-45,1.636e-22,,9.564e-51,4.590e+0,2.413e-22,1.202e-31,6.300e-20,5.031e-23,3.637e-30,,5.616e-21,,4.234e-4,2.864e-23,1.891e-17,,,2.020e-27,,3.828e-21,,6.797e-24,1.784e-6,9.047e-1,1.372e-6,1.004e-21,4.131e-25,,,,,,,,,,,,,,,,,,,,,,,,1.777e-20,,
215.69,3.763e+0,,1.643e-10,1.548e-25,,,3.653e-45,1.636e-22,,9.719e-51,2.167e+0,2.428e-22,1.205e-31,6.252e-20,5.003e-23,1.919e-29,,1.249e-21,,2.024e-4,2.859e-23,1.104e-17,,,2.029e-27,,3.831e-21,,6.896e-24,6.094e-6,1.596e+0,1.618e-6,1.005e-21,4.142e-25,,,,,,,,,,,,,,,,,,,,,,,,1.776e-20,,
215.71,3.609e+0,,1.504e-10,2.509e-25,,,3.643e-45,1.637e-22,,9.822e-51,1.287e+0,2.438e-22,1.207e-31,6.219e-20,4.985e-23,5.700e-29,,4.489e-22,,1.212e-4,2.857e-23,7.558e-18,,,2.034e-27,,3.832e-21,,6.961e-24,1.354e-5,2.322e+0,1.798e-6,1.006e-21,4.150e-25,,,,,,,,,,,,,,,,,,,,,,,,1.775e-20,,
215.73,4.094e+0,,1.356e-10,3.999e-25,,,3.823e-45,1.637e-22,,9.926e-51,7.517e-1,2.448e-22,1.209e-31,6.187e-20,4.966e-23,1.666e-28,,1.587e-22,,7.138e-5,2.854e-23,5.101e-18,,,2.040e-27,,3.834e-21,,7.027e-24,2.962e-5,3.342e+0,1.980e-6,1.007e-21,4.157e-25,,,,,,,,,,,,,,,,,,,,,,,,1.774e-20,,
215.76,5.949e+0,,1.130e-10,7.803e-25,,,4.334e-45,1.638e-22,,1.008e-50,3.253e-1,2.463e-22,1.212e-31,6.138e-20,4.939e-23,8.072e-28,,3.234e-23,,3.128e-5,2.850e-23,2.769e-18,,,2.048e-27,,3.836e-21,,7.126e-24,9.287e-5,5.623e+0,2.236e-6,1.008e-21,4.168e-25,,,,,,,,,,,,,,,,,,,,,,,,1.772e-20,,
215.78,7.991e+0,,9.823e-11,1.194e-24,,,4.775e-45,1.638e-22,,1.018e-50,1.823e-1,2.473e-22,1.214e-31,6.106e-20,4.920e-23,2.265e-27,,1.097e-23,,1.768e-5,2.847e-23,1.840e-18,,,2.054e-27,,3.837e-21,,7.192e-24,1.950e-4,7.809e+0,2.382e-6,1.009e-21,4.176e-25,,,,,,,,,,,,,,,,,,,,,,,,1.771e-20,,
215.81,1.249e+1,,7.743e-11,2.191e-24,,,5.517e-45,1.639e-22,,1.034e-50,7.417e-2,2.488e-22,1.217e-31,6.057e-20,4.892e-23,1.033e-26,,2.100e-24,,7.281e-6,2.843e-23,1.051e-18,,,2.062e-27,,3.840e-21,,7.290e-24,5.751e-4,1.242e+1,2.544e-6,1.010e-21,4.187e-25,,,,,,,,,,,,,,,,,,,,,,,,1.770e-20,,
215.83,1.664e+1,,6.484e-11,3.218e-24,,,6.039e-45,1.639e-22,,1.044e-50,3.989e-2,2.498e-22,1.219e-31,6.025e-20,4.874e-23,2.783e-26,,6.832e-25,,3.948e-6,2.840e-23,8.064e-19,,,2.068e-27,,3.841e-21,,7.356e-24,1.159e-3,1.660e+1,2.606e-6,1.011e-21,4.195e-25,,,,,,,,,,,,,,,,,,,,,,,,1.769e-20,,
215.86,2.493e+1,,4.831e-11,5.555e-24,,,6.852e-45,1.640e-22,,1.060e-50,1.525e-2,2.513e-22,1.222e-31,5.976e-20,4.846e-23,1.194e-25,,1.229e-25,,1.528e-6,2.835e-23,7.361e-19,,,2.076e-27,,3.843e-21,,7.455e-24,3.217e-3,2.491e+1,2.620e-6,1.012e-21,4.206e-25,,,,,,,,,,,,,,,,,,,,,,,,1.767e-20,,
215.88,3.205e+1,,3.896e-11,7.831e-24,,,7.424e-45,1.640e-22,,1.070e-50,7.875e-3,2.523e-22,1.224e-31,5.944e-20,4.828e-23,3.090e-25,,3.835e-26,,7.952e-7,2.833e-23,8.555e-19,,,2.082e-27,,3.845e-21,,7.520e-24,6.224e-3,3.203e+1,2.577e-6,1.013e-21,4.214e-25,,,,,,,,,,,,,,,,,,,,,,,,1.766e-20,,
215.91,4.538e+1,,2.742e-11,1.271e-23,,,8.378e-45,1.641e-22,,1.085e-50,2.850e-3,2.538e-22,1.228e-31,5.895e-20,4.800e-23,1.248e-24,,6.481e-27,,2.893e-7,2.828e-23,1.280e-18,,,2.090e-27,,3.847e-21,,7.619e-24,1.625e-2,4.536e+1,2.438e-6,1.014e-21,4.225e-25,,,,,,,,,,,,,,,,,,,,,,,,1.765e-20,,
215.93,5.614e+1,,2.128e-11,1.721e-23,,,9.130e-45,1.641e-22,,1.096e-50,1.450e-3,2.548e-22,1.230e-31,5.863e-20,4.782e-23,3.101e-24,,1.940e-27,,1.444e-7,2.826e-23,1.747e-18,,,2.096e-27,,3.849e-21,,7.685e-24,3.018e-2,5.611e+1,2.302e-6,1.014e-21,4.233e-25,,,,,,,,,,,,,,,,,,,,,,,,1.764e-20,,
215.96,7.504e+1,,1.413e-11,2.627e-23,,,1.055e-44,1.641e-22,,1.111e-50,6.310e-4,2.562e-22,1.233e-31,5.814e-20,4.754e-23,1.179e-23,,3.080e-28,,4.938e-8,2.821e-23,2.789e-18,,,2.104e-27,,3.851e-21,,7.783e-24,7.412e-2,7.496e+1,2.048e-6,1.016e-21,4.244e-25,,,,,,,,,,,,,,,,,,,,,,,,1.762e-20,,
215.98,8.931e+1,,1.055e-11,3.413e-23,,,1.178e-44,1.642e-22,,1.122e-50,5.565e-4,2.572e-22,1.235e-31,5.782e-20,4.736e-23,2.813e-23,,8.846e-29,,2.365e-8,2.818e-23,3.760e-18,,,2.110e-27,,3.852e-21,,7.849e-24,1.322e-1,8.917e+1,1.855e-6,1.016e-21,4.251e-25,,,,,,,,,,,,,,,,,,,,,,,,1.761e-20,,
216.01,1.127e+2,,6.612e-12,4.901e-23,,,1.419e-44,1.642e-22,,1.137e-50,1.049e-3,2.587e-22,1.238e-31,5.733e-20,4.708e-23,1.006e-22,,1.320e-29,,7.602e-9,2.814e-23,5.730e-18,,,2.118e-27,,3.855e-21,,7.948e-24,3.054e-1,1.124e+2,1.552e-6,1.017e-21,4.263e-25,,,,,,,,,,,,,,,,,,,,,,,,1.760e-20,,
216.03,1.290e+2,,4.748e-12,6.112e-23,,,1.627e-44,1.643e-22,,1.147e-50,2.000e-3,2.597e-22,1.240e-31,5.701e-20,4.689e-23,2.307e-22,,3.635e-30,,3.494e-9,2.811e-23,7.441e-18,,,2.124e-27,,3.856e-21,,8.014e-24,5.230e-1,1.285e+2,1.350e-6,1.018e-21,4.270e-25,,,,,,,,,,,,,,,,,,,,,,,,1.759e-20,,
216.06,1.538e+2,,2.805e-12,8.255e-23,,,2.020e-44,1.643e-22,,1.163e-50,5.458e-3,2.612e-22,1.243e-31,5.652e-20,4.662e-23,7.766e-22,,3.789e-30,,1.055e-9,2.807e-23,1.068e-17,,,2.132e-27,,3.858e-21,,8.112e-24,1.136e+0,1.527e+2,1.061e-6,1.019e-21,4.282e-25,,,,,,,,,,,,,,,,,,,,,,,,1.757e-20,,
216.08,1.698e+2,,1.936e-12,9.883e-23,,,2.339e-44,1.644e-22,,1.173e-50,1.053e-2,2.622e-22,1.245e-31,5.620e-20,4.643e-23,1.710e-21,,3.892e-30,,4.653e-10,2.804e-23,1.332e-17,,,2.138e-27,,3.860e-21,,8.178e-24,1.868e+0,1.679e+2,8.860e-7,1.020e-21,4.289e-25,,,,,,,,,,,,,,,,,,,,,,,,1.757e-20,,
216.1,1.848e+2,,1.316e-12,1.164e-22,,,2.703e-44,1.644e-22,,1.184e-50,2.002e-2,2.632e-22,1.247e-31,5.587e-20,4.625e-23,3.704e-21,,3.995e-30,,2.018e-10,2.801e-23,1.634e-17,,,2.144e-27,,3.861e-21,,8.244e-24,3.022e+0,1.818e+2,7.275e-7,1.021e-21,4.297e-25,,,,,,,,,,,,,,,,,,,,,,,,1.756e-20,,
216.13,2.049e+2,,7.152e-13,1.443e-22,,,3.323e-44,1.645e-22,,1.199e-50,5.091e-2,2.647e-22,1.250e-31,5.539e-20,4.597e-23,1.146e-20,,4.149e-30,,5.589e-11,2.797e-23,2.153e-17,,,2.152e-27,,3.863e-21,,8.342e-24,6.028e+0,1.988e+2,5.249e-7,1.022e-21,4.308e-25,,,,,,,,,,,,,,,,,,,,,,,,1.754e-20,,
216.15,2.164e+2,,4.670e-13,1.631e-22,,,3.773e-44,1.645e-22,,1.209e-50,9.294e-2,2.657e-22,1.252e-31,5.506e-20,4.579e-23,2.385e-20,,4.252e-30,,2.326e-11,2.794e-23,2.535e-17,,,2.158e-27,,3.865e-21,,8.408e-24,9.361e+0,2.069e+2,4.137e-7,1.023e-21,4.316e-25,,,,,,,,,,,,,,,,,,,,,,,,1.753e-20,,
216.18,2.311e+2,,2.391e-13,1.901e-22,,,4.471e-44,1.646e-22,,8.435e-50,2.224e-1,2.672e-22,1.255e-31,5.458e-20,4.551e-23,6.947e-20,,4.406e-30,,6.053e-12,2.790e-23,3.142e-17,,,2.166e-27,,3.867e-21,,8.507e-24,1.757e+1,2.133e+2,2.806e-7,1.024e-21,4.327e-25,,,,,,,,,,,,,,,,,,,,,,,,1.752e-20,,
216.2,2.400e+2,,1.500e-13,2.063e-22,,,4.927e-44,1.646e-22,,3.018e-49,3.898e-1,2.682e-22,1.257e-31,5.425e-20,4.532e-23,1.389e-19,,4.509e-30,,2.417e-12,2.787e-23,3.552e-17,,,2.172e-27,,3.869e-21,,8.573e-24,2.619e+1,2.134e+2,2.123e-7,1.025e-21,4.334e-25,,,,,,,,,,,,,,,,,,,,,,,,1.751e-20,,
216.23,2.545e+2,,7.232e-14,2.262e-22,,,5.554e-44,1.646e-22,,1.981e-48,8.773e-1,2.697e-22,1.260e-31,5.377e-20,4.505e-23,3.810e-19,,4.663e-30,,5.913e-13,2.783e-23,4.140e-17,,,2.180e-27,,3.871e-21,,8.671e-24,4.624e+1,2.074e+2,1.354e-7,1.026e-21,4.346e-25,,,,,,,,,,,,,,,,,,,,,,,,1.749e-20,,
216.25,2.672e+2,,4.359e-14,2.356e-22,,,5.906e-44,1.647e-22,,6.807e-48,1.477e+0,2.707e-22,1.262e-31,5.344e-20,4.486e-23,7.318e-19,,4.766e-30,,2.265e-13,2.780e-23,4.493e-17,,,2.186e-27,,3.872e-21,,8.737e-24,6.618e+1,1.995e+2,9.830e-8,1.027e-21,4.353e-25,,,,,,,,,,,,,,,,,,,,,,,,1.748e-20,,
216.28,2.959e+2,,1.981e-14,2.430e-22,,,6.294e-44,1.647e-22,,4.207e-47,3.127e+0,2.721e-22,1.265e-31,5.296e-20,4.459e-23,1.891e-18,,4.920e-30,,5.208e-14,2.776e-23,4.926e-17,,,2.194e-27,,3.875e-21,,8.836e-24,1.099e+2,1.829e+2,5.896e-8,1.028e-21,4.365e-25,,,,,,,,,,,,,,,,,,,,,,,,1.747e-20,,
216.3,3.254e+2,,1.152e-14,2.430e-22,,,6.439e-44,1.648e-22,,1.388e-46,5.053e+0,2.731e-22,1.268e-31,5.263e-20,4.440e-23,3.490e-18,,5.023e-30,,1.914e-14,2.773e-23,5.131e-17,,,2.200e-27,,3.876e-21,,8.901e-24,1.510e+2,1.693e+2,4.108e-8,1.029e-21,4.372e-25,,,,,,,,,,,,,,,,,,,,,,,,1.746e-20,,
216.33,3.928e+2,,5.159e-15,2.356e-22,,,6.468e-44,1.648e-22,,8.075e-46,1.007e+1,2.746e-22,1.271e-31,5.215e-20,4.412e-23,8.496e-18,,5.177e-30,,4.137e-15,2.769e-23,5.291e-17,,,2.208e-27,,3.878e-21,,9.000e-24,2.359e+2,1.468e+2,2.317e-8,1.030e-21,4.384e-25,,,,,,,,,,,,,,,,,,,,,,,,1.744e-20,,
216.35,4.580e+2,,3.350e-15,2.262e-22,,,6.359e-44,1.649e-22,,2.560e-45,1.562e+1,2.756e-22,1.273e-31,5.182e-20,4.394e-23,1.507e-17,,5.280e-30,,1.459e-15,2.766e-23,5.291e-17,,,2.214e-27,,3.880e-21,,9.066e-24,3.113e+2,1.311e+2,1.549e-8,1.030e-21,4.391e-25,,,,,,,,,,,,,,,,,,,,,,,,1.743e-20,,
216.38,5.949e+2,,3.296e-15,2.063e-22,,,6.016e-44,1.649e-22,,1.402e-44,2.928e+1,2.771e-22,1.276e-31,5.134e-20,4.366e-23,3.458e-17,,5.434e-30,,2.963e-16,2.762e-23,5.132e-17,,,2.222e-27,,3.882e-21,,9.164e-24,4.575e+2,1.082e+2,8.215e-9,1.032e-21,4.402e-25,,,,,,,,,,,,,,,,,,,,,,,,1.742e-20,,
216.4,7.169e+2,,5.550e-15,1.901e-22,,,5.682e-44,1.650e-22,,4.267e-44,4.361e+1,2.781e-22,1.278e-31,5.101e-20,4.348e-23,5.898e-17,,5.537e-30,,1.003e-16,2.759e-23,4.926e-17,,,2.228e-27,,3.884e-21,,9.230e-24,5.794e+2,9.391e+1,5.273e-9,1.032e-21,4.410e-25,,,,,,,,,,,,,,,,,,,,,,,,1.741e-20,,
216.43,9.530e+2,,1.653e-14,1.631e-22,,,5.063e-44,1.650e-22,,2.199e-43,7.691e+1,2.796e-22,1.281e-31,5.053e-20,4.320e-23,1.276e-16,,5.691e-30,,1.914e-17,2.755e-23,4.494e-17,,,2.236e-27,,3.886e-21,,9.329e-24,8.011e+2,7.502e+1,2.629e-9,1.033e-21,4.421e-25,,,,,,,,,,,,,,,,,,,,,,,,1.739e-20,,
216.45,1.149e+3,,3.542e-14,1.443e-22,,,4.597e-44,1.651e-22,,6.430e-43,1.100e+2,2.806e-22,1.283e-31,5.020e-20,4.302e-23,2.093e-16,,5.794e-30,,6.215e-18,2.752e-23,4.142e-17,,,2.242e-27,,3.887e-21,,9.395e-24,9.741e+2,6.442e+1,1.619e-9,1.034e-21,4.429e-25,,,,,,,,,,,,,,,,,,,,,,,,1.738e-20,,
216.47,1.376e+3,,7.527e-14,1.255e-22,,,4.112e-44,1.651e-22,,1.850e-42,1.548e+2,2.816e-22,1.285e-31,4.988e-20,4.283e-23,3.380e-16,,5.897e-30,,1.985e-18,2.749e-23,3.756e-17,,,2.247e-27,,3.889e-21,,9.460e-24,1.165e+3,5.555e+1,9.814e-10,1.035e-21,4.436e-25,,,,,,,,,,,,,,,,,,,,,,,,1.737e-20,,
216.5,1.775e+3,,2.269e-13,9.883e-23,,,3.389e-44,1.651e-22,,8.761e-42,2.507e+2,2.831e-22,1.288e-31,4.939e-20,4.255e-23,6.738e-16,,6.051e-30,,3.473e-19,2.745e-23,3.147e-17,,,2.256e-27,,3.891e-21,,9.559e-24,1.479e+3,4.549e+1,4.492e-10,1.036e-21,4.448e-25,,,,,,,,,,,,,,,,,,,,,,,,1.736e-20,,
216.52,2.078e+3,,4.643e-13,8.255e-23,,,2.934e-44,1.652e-22,,2.421e-41,3.387e+2,2.841e-22,1.290e-31,4.907e-20,4.237e-23,1.047e-15,,6.154e-30,,1.064e-19,2.742e-23,2.743e-17,,,2.261e-27,,3.892e-21,,9.625e-24,1.699e+3,4.082e+1,2.619e-10,1.037e-21,4.455e-25,,,,,,,,,,,,,,,,,,,,,,,,1.735e-20,,
216.55,2.581e+3,,1.318e-12,6.112e-23,,,2.329e-44,1.652e-22,,1.079e-40,5.159e+2,2.856e-22,1.293e-31,4.858e-20,4.209e-23,1.971e-15,,6.308e-30,,1.751e-20,2.738e-23,2.172e-17,,,2.270e-27,,3.895e-21,,9.723e-24,2.028e+3,3.647e+1,1.149e-10,1.038e-21,4.467e-25,,,,,,,,,,,,,,,,,,,,,,,,1.733e-20,,
216.57,2.941e+3,,2.591e-12,4.901e-23,,,1.992e-44,1.653e-22,,2.864e-40,6.693e+2,2.865e-22,1.295e-31,4.826e-20,4.191e-23,2.948e-15,,6.411e-30,,5.147e-21,2.735e-23,1.829e-17,,,2.275e-27,,3.896e-21,,9.789e-24,2.237e+3,3.502e+1,6.807e-11,1.039e-21,4.474e-25,,,,,,,,,,,,,,,,,,,,,,,,1.732e-20,,
216.6,3.506e+3,,6.926e-12,3.413e-23,,,1.607e-44,1.653e-22,,1.202e-39,9.592e+2,2.880e-22,1.298e-31,4.777e-20,4.163e-23,5.241e-15,,6.565e-30,,7.956e-22,2.731e-23,1.392e-17,,,2.284e-27,,3.898e-21,,9.888e-24,2.512e+3,3.447e+1,4.114e-11,1.040e-21,4.485e-25,,,,,,,,,,,,,,,,,,,,,,,,1.731e-20,,
216.62,3.889e+3,,1.307e-11,2.627e-23,,,1.435e-44,1.654e-22,,3.064e-39,1.195e+3,2.890e-22,1.300e-31,4.745e-20,4.145e-23,7.549e-15,,6.668e-30,,2.245e-22,2.728e-23,1.162e-17,,,2.289e-27,,3.900e-21,,9.954e-24,2.660e+3,3.483e+1,4.525e-11,1.041e-21,4.493e-25,,,,,,,,,,,,,,,,,,,,,,,,1.730e-20,,
216.65,4.457e+3,,3.290e-11,1.721e-23,,,1.312e-44,1.654e-22,,1.210e-38,1.611e+3,2.905e-22,1.303e-31,4.696e-20,4.117e-23,1.269e-14,,6.822e-30,,3.261e-23,2.724e-23,9.217e-18,,,2.298e-27,,3.902e-21,,1.005e-23,2.810e+3,3.593e+1,9.241e-11,1.042e-21,4.504e-25,,,,,,,,,,,,,,,,,,,,,,,,1.728e-20,,
216.67,4.820e+3,,5.966e-11,1.271e-23,,,1.319e-44,1.655e-22,,2.962e-38,1.927e+3,2.915e-22,1.305e-31,4.664e-20,4.098e-23,1.761e-14,,6.925e-30,,3.268e-23,2.721e-23,8.385e-18,,,2.303e-27,,3.904e-21,,1.012e-23,2.856e+3,3.675e+1,1.707e-10,1.043e-21,4.512e-25,,,,,,,,,,,,,,,,,,,,,,,,1.727e-20,,
216.7,5.321e+3,,1.413e-10,7.831e-24,,,1.457e-44,1.655e-22,,1.101e-37,2.445e+3,2.930e-22,1.309e-31,4.615e-20,4.071e-23,2.802e-14,,7.079e-30,,3.279e-23,2.717e-23,8.468e-18,,,2.312e-27,,3.906e-21,,1.022e-23,2.839e+3,3.770e+1,4.365e-10,1.044e-21,4.523e-25,,,,,,,,,,,,,,,,,,,,,,,,1.726e-20,,
216.72,5.615e+3,,2.461e-10,5.555e-24,,,1.629e-44,1.656e-22,,2.590e-37,2.807e+3,2.940e-22,1.311e-31,4.583e-20,4.052e-23,3.748e-14,,7.182e-30,,3.287e-23,2.714e-23,9.546e-18,,,2.317e-27,,3.907e-21,,1.028e-23,2.770e+3,3.798e+1,8.060e-10,1.044e-21,4.531e-25,,,,,,,,,,,,,,,,,,,,,,,,1.725e-20,,
216.75,5.979e+3,,5.489e-10,3.218e-24,,,1.990e-44,1.656e-22,,9.062e-37,3.351e+3,2.955e-22,1.314e-31,4.534e-20,4.025e-23,5.646e-14,,7.336e-30,,3.298e-23,2.710e-23,1.302e-17,,,2.326e-27,,3.910e-21,,1.038e-23,2.590e+3,3.767e+1,1.965e-9,1.046e-21,4.542e-25,,,,,,,,,,,,,,,,,,,,,,,,1.723e-20,,
216.77,6.159e+3,,9.182e-10,2.191e-24,,,2.290e-44,1.656e-22,,2.047e-36,3.696e+3,2.965e-22,1.316e-31,4.502e-20,4.006e-23,7.287e-14,,7.439e-30,,3.305e-23,2.707e-23,1.681e-17,,,2.331e-27,,3.911e-21,,1.045e-23,2.427e+3,3.693e+1,3.491e-9,1.046e-21,4.550e-25,,,,,,,,,,,,,,,,,,,,,,,,1.722e-20,,
216.8,6.322e+3,,1.928e-9,1.194e-24,,,2.802e-44,1.657e-22,,6.742e-36,4.152e+3,2.980e-22,1.319e-31,4.453e-20,3.978e-23,1.040e-13,,7.593e-30,,3.316e-23,2.703e-23,2.522e-17,,,2.340e-27,,3.913e-21,,1.055e-23,2.134e+3,3.500e+1,8.015e-9,1.048e-21,4.561e-25,,,,,,,,,,,,,,,,,,,,,,,,1.721e-20,,
216.82,6.351e+3,,3.098e-9,7.803e-25,,,3.168e-44,1.657e-22,,1.463e-35,4.398e+3,2.990e-22,1.321e-31,4.421e-20,3.960e-23,1.296e-13,,7.696e-30,,3.323e-23,2.700e-23,3.296e-17,,,2.345e-27,,3.915e-21,,1.061e-23,1.920e+3,3.322e+1,1.367e-8,1.048e-21,4.569e-25,,,,,,,,,,,,,,,,,,,,,,,,1.720e-20,,
216.84,6.315e+3,,4.898e-9,5.017e-25,,,3.539e-44,1.658e-22,,3.122e-35,4.586e+3,3.000e-22,1.323e-31,4.388e-20,3.942e-23,1.591e-13,,7.799e-30,,3.331e-23,2.697e-23,4.265e-17,,,2.351e-27,,3.916e-21,,1.068e-23,1.699e+3,3.112e+1,2.294e-8,1.049e-21,4.576e-25,,,,,,,,,,,,,,,,,,,,,,,,1.719e-20,,
216.87,6.139e+3,,9.450e-9,2.509e-25,,,4.076e-44,1.658e-22,,9.448e-35,4.740e+3,3.015e-22,1.326e-31,4.340e-20,3.914e-23,2.109e-13,,7.953e-30,,3.342e-23,2.693e-23,6.128e-17,,,2.359e-27,,3.918e-21,,1.078e-23,1.372e+3,2.750e+1,4.839e-8,1.050e-21,4.587e-25,,,,,,,,,,,,,,,,,,,,,,,,1.717e-20,,
216.89,5.944e+3,,1.435e-8,1.549e-25,,,4.404e-44,1.659e-22,,1.937e-34,4.753e+3,3.024e-22,1.328e-31,4.307e-20,3.895e-23,2.502e-13,,8.056e-30,,3.349e-23,2.690e-23,7.661e-17,,,2.365e-27,,3.920e-21,,1.084e-23,1.165e+3,2.490e+1,7.799e-8,1.051e-21,4.595e-25,,,,,,,,,,,,,,,,,,,,,,,,1.716e-20,,
216.92,5.551e+3,,2.607e-8,7.295e-26,,,4.825e-44,1.659e-22,,5.518e-34,4.645e+3,3.039e-22,1.331e-31,4.259e-20,3.868e-23,3.147e-13,,8.210e-30,,3.360e-23,2.686e-23,1.040e-16,,,2.373e-27,,3.922e-21,,1.094e-23,8.852e+2,2.093e+1,1.548e-7,1.052e-21,4.606e-25,,,,,,,,,,,,,,,,,,,,,,,,1.715e-20,,
216.94,5.238e+3,,3.803e-8,4.339e-26,,,5.053e-44,1.660e-22,,1.087e-33,4.497e+3,3.049e-22,1.333e-31,4.226e-20,3.849e-23,3.605e-13,,8.313e-30,,3.368e-23,2.683e-23,1.250e-16,,,2.379e-27,,3.924e-21,,1.101e-23,7.220e+2,1.835e+1,2.396e-7,1.053e-21,4.614e-25,,,,,,,,,,,,,,,,,,,,,,,,1.714e-20,,
216.97,4.723e+3,,6.503e-8,1.969e-26,,,5.321e-44,1.660e-22,,2.914e-33,4.193e+3,3.064e-22,1.336e-31,4.178e-20,3.822e-23,4.307e-13,,8.467e-30,,3.379e-23,2.678e-23,1.598e-16,,,2.387e-27,,3.926e-21,,1.110e-23,5.159e+2,1.476e+1,4.477e-7,1.054e-21,4.625e-25,,,,,,,,,,,,,,,,,,,,,,,,1.712e-20,,
216.99,4.374e+3,,9.114e-8,1.194e-26,,,5.465e-44,1.661e-22,,5.511e-33,3.957e+3,3.074e-22,1.338e-31,4.145e-20,3.803e-23,4.765e-13,,8.570e-30,,3.386e-23,2.676e-23,1.845e-16,,,2.393e-27,,3.927e-21,,1.117e-23,4.040e+2,1.265e+1,6.655e-7,1.055e-21,4.633e-25,,,,,,,,,,,,,,,,,,,,,,,,6.118e-20,,
217.02,3.884e+3,,1.467e-7,7.033e-27,,,5.679e-44,1.661e-22,,1.391e-32,3.602e+3,3.089e-22,1.341e-31,4.097e-20,3.775e-23,5.406e-13,,8.724e-30,,3.397e-23,2.671e-23,2.220e-16,,,2.401e-27,,3.930e-21,,1.127e-23,2.716e+2,1.002e+1,1.170e-6,1.056e-21,4.644e-25,,,,,,,,,,,,,,,,,,,,,,,,4.010e-19,,
217.04,3.606e+3,,1.975e-7,6.789e-27,,,5.861e-44,1.661e-22,,2.527e-32,3.393e+3,3.099e-22,1.343e-31,4.064e-20,3.757e-23,5.779e-13,,8.827e-30,,3.404e-23,2.669e-23,2.462e-16,,,2.407e-27,,3.931e-21,,1.133e-23,2.042e+2,8.694e+0,1.670e-6,1.057e-21,4.652e-25,,,,,,,,,,,,,,,,,,,,,,,,1.376e-18,,
217.07,3.306e+3,,2.993e-7,1.041e-26,,,6.287e-44,1.662e-22,,6.002e-32,3.170e+3,3.114e-22,1.346e-31,4.016e-20,3.729e-23,6.228e-13,,8.981e-30,,3.416e-23,2.664e-23,2.789e-16,,,2.415e-27,,3.933e-21,,1.143e-23,1.291e+2,7.436e+0,2.764e-6,1.058e-21,4.663e-25,,,,,,,,,,,,,,,,,,,,,,,,8.494e-18,,
217.09,3.206e+3,,3.871e-7,1.608e-26,,,6.736e-44,1.662e-22,,1.047e-31,3.106e+3,3.124e-22,1.349e-31,3.983e-20,3.711e-23,6.437e-13,,9.084e-30,,3.423e-23,2.662e-23,2.969e-16,,,2.421e-27,,3.935e-21,,1.150e-23,9.318e+1,7.149e+0,3.789e-6,1.059e-21,4.670e-25,,,,,,,,,,,,,,,,,,,,,,,,2.801e-17,,
217.12,3.235e+3,,5.523e-7,3.220e-26,,,7.771e-44,1.663e-22,,2.342e-31,3.172e+3,3.139e-22,1.352e-31,3.935e-20,3.683e-23,6.599e-13,,9.238e-30,,3.434e-23,2.657e-23,3.165e-16,,,2.429e-27,,3.937e-21,,1.160e-23,5.543e+1,7.667e+0,5.900e-6,1.060e-21,4.682e-25,,,,,,,,,,,,,,,,,,,,,,,,1.628e-16,,
217.14,3.384e+3,,6.861e-7,5.082e-26,,,8.767e-44,1.663e-22,,3.925e-31,3.337e+3,3.149e-22,1.354e-31,3.902e-20,3.665e-23,6.604e-13,,9.341e-30,,3.441e-23,2.654e-23,3.237e-16,,,2.435e-27,,3.939e-21,,1.166e-23,3.841e+1,8.732e+0,7.769e-6,1.060e-21,4.689e-25,,,,,,,,,,,,,,,,,,,,,,,,5.158e-16,,
217.17,3.807e+3,,9.217e-7,9.817e-26,,,1.081e-43,1.664e-22,,8.261e-31,3.773e+3,3.164e-22,1.357e-31,3.854e-20,3.637e-23,6.471e-13,,9.495e-30,,3.452e-23,2.650e-23,3.247e-16,,,2.443e-27,,3.941e-21,,1.176e-23,2.149e+1,1.159e+1,1.139e-5,1.062e-21,4.701e-25,,,,,,,,,,,,,,,,,,,,,,,,2.823e-15,,
217.19,4.215e+3,,1.100e-6,1.494e-25,,,1.257e-43,1.664e-22,,1.330e-30,4.186e+3,3.173e-22,1.359e-31,3.821e-20,3.618e-23,6.305e-13,,9.598e-30,,3.460e-23,2.647e-23,3.189e-16,,,2.449e-27,,3.942e-21,,1.183e-23,1.430e+1,1.444e+1,1.440e-5,1.062e-21,4.708e-25,,,,,,,,,,,,,,,,,,,,,,,,8.593e-15,,
217.22,4.989e+3,,1.391e-6,2.720e-25,,,1.583e-43,1.665e-22,,2.634e-30,4.961e+3,3.188e-22,1.362e-31,3.773e-20,3.591e-23,5.985e-13,,9.752e-30,,3.471e-23,2.643e-23,3.011e-16,,,2.457e-27,,3.944e-21,,1.193e-23,7.527e+0,2.037e+1,1.986e-5,1.063e-21,4.719e-25,,,,,,,,,,,,,,,,,,,,,,,,4.428e-14,,
217.24,5.587e+3,,1.595e-6,3.974e-25,,,1.839e-43,1.665e-22,,4.073e-30,5.557e+3,3.198e-22,1.364e-31,3.740e-20,3.572e-23,5.760e-13,,9.855e-30,,3.478e-23,2.640e-23,2.840e-16,,,2.463e-27,,3.946e-21,,1.199e-23,4.808e+0,2.552e+1,2.411e-5,1.064e-21,4.727e-25,,,,,,,,,,,,,,,,,,,,,,,,1.295e-13,,
217.26,6.225e+3,,1.799e-6,5.715e-25,,,2.119e-43,1.666e-22,,6.195e-30,6.190e+3,3.208e-22,1.366e-31,3.708e-20,3.554e-23,5.558e-13,,9.958e-30,,3.486e-23,2.637e-23,2.636e-16,,,2.468e-27,,3.947e-21,,1.206e-23,3.022e+0,3.169e+1,2.881e-5,1.065e-21,4.735e-25,,,,,,,,,,,,,,,,,,,,,,,,3.727e-13,,
217.29,7.196e+3,,2.091e-6,9.562e-25,,,2.572e-43,1.666e-22,,1.128e-29,7.152e+3,3.223e-22,1.369e-31,3.659e-20,3.526e-23,5.368e-13,,1.011e-29,,3.497e-23,2.633e-23,2.288e-16,,,2.477e-27,,3.950e-21,,1.216e-23,1.460e+0,4.290e+1,3.650e-5,1.066e-21,4.746e-25,,,,,,,,,,,,,,,,,,,,,,,,1.766e-12,,
217.31,7.811e+3,,2.266e-6,1.321e-24,,,2.881e-43,1.666e-22,,1.648e-29,7.759e+3,3.233e-22,1.371e-31,3.627e-20,3.508e-23,5.366e-13,,1.021e-29,,3.504e-23,2.630e-23,2.040e-16,,,2.482e-27,,3.951e-21,,1.222e-23,8.810e-1,5.163e+1,4.188e-5,1.067e-21,4.753e-25,,,,,,,,,,,,,,,,,,,,,,,,4.884e-12,,
217.34,8.611e+3,,2.480e-6,2.080e-24,,,3.329e-43,1.667e-22,,2.823e-29,8.544e+3,3.248e-22,1.374e-31,3.578e-20,3.480e-23,5.630e-13,,1.037e-29,,3.515e-23,2.626e-23,1.669e-16,,,2.491e-27,,3.953e-21,,1.232e-23,4.005e-1,6.635e+1,4.994e-5,1.068e-21,4.765e-25,,,,,,,,,,,,,,,,,,,,,,,,2.179e-11,,
217.36,9.023e+3,,2.581e-6,2.759e-24,,,3.599e-43,1.667e-22,,3.962e-29,8.946e+3,3.258e-22,1.376e-31,3.546e-20,3.461e-23,6.028e-13,,1.047e-29,,3.522e-23,2.623e-23,1.433e-16,,,2.496e-27,,3.955e-21,,1.239e-23,2.320e-1,7.699e+1,5.503e-5,1.069e-21,4.772e-25,,,,,,,,,,,,,,,,,,,,,,,,5.789e-11,,
217.39,9.407e+3,,2.660e-6,4.089e-24,,,3.931e-43,1.668e-22,,6.390e-29,9.313e+3,3.273e-22,1.379e-31,3.497e-20,3.434e-23,7.019e-13,,1.063e-29,,3.533e-23,2.619e-23,1.111e-16,,,2.505e-27,,3.957e-21,,1.249e-23,9.919e-2,9.357e+1,6.175e-5,1.070e-21,4.784e-25,,,,,,,,,,,,,,,,,,,,,,,,2.432e-10,,
217.41,9.485e+3,,2.660e-6,5.210e-24,,,4.089e-43,1.668e-22,,8.613e-29,9.380e+3,3.283e-22,1.381e-31,3.465e-20,3.415e-23,7.964e-13,,1.073e-29,,3.541e-23,2.616e-23,9.240e-17,,,2.510e-27,,3.959e-21,,1.255e-23,5.517e-2,1.046e+2,6.535e-5,1.071e-21,4.791e-25,,,,,,,,,,,,,,,,,,,,,,,,6.208e-10,,
217.44,9.324e+3,,2.581e-6,7.269e-24,,,4.211e-43,1.669e-22,,1.308e-28,9.204e+3,3.298e-22,1.384e-31,3.416e-20,3.388e-23,9.820e-13,,1.088e-29,,3.552e-23,2.612e-23,6.932e-17,,,2.519e-27,,3.961e-21,,1.265e-23,2.219e-2,1.201e+2,6.902e-5,1.072e-21,4.803e-25,,,,,,,,,,,,,,,,,,,,,,,,2.456e-9,,
217.46,9.037e+3,,2.479e-6,8.894e-24,,,4.209e-43,1.669e-22,,1.693e-28,8.908e+3,3.308e-22,1.386e-31,3.384e-20,3.369e-23,1.134e-12,,1.099e-29,,3.559e-23,2.609e-23,5.737e-17,,,2.524e-27,,3.962e-21,,1.272e-23,1.185e-2,1.291e+2,7.015e-5,1.073e-21,4.810e-25,,,,,,,,,,,,,,,,,,,,,,,,6.023e-9,,
217.49,8.369e+3,,2.265e-6,1.168e-23,,,4.083e-43,1.670e-22,,2.419e-28,8.229e+3,3.322e-22,1.390e-31,3.335e-20,3.341e-23,1.396e-12,,1.114e-29,,3.570e-23,2.605e-23,4.463e-17,,,2.533e-27,,3.965e-21,,1.281e-23,4.483e-3,1.400e+2,6.972e-5,1.074e-21,4.821e-25,,,,,,,,,,,,,,,,,,,,,,,,2.244e-8,,
217.51,7.795e+3,,2.090e-6,1.373e-23,,,3.923e-43,1.670e-22,,3.008e-28,7.650e+3,3.332e-22,1.392e-31,3.303e-20,3.323e-23,1.588e-12,,1.124e-29,,3.578e-23,2.602e-23,3.949e-17,,,2.538e-27,,3.966e-21,,1.288e-23,2.298e-3,1.450e+2,6.805e-5,1.074e-21,4.829e-25,,,,,,,,,,,,,,,,,,,,,,,,5.288e-8,,
217.54,6.801e+3,,1.798e-6,1.697e-23,,,3.588e-43,1.671e-22,,4.046e-28,6.653e+3,3.347e-22,1.395e-31,3.254e-20,3.295e-23,1.889e-12,,1.140e-29,,3.589e-23,2.598e-23,3.651e-17,,,2.547e-27,,3.968e-21,,1.298e-23,8.181e-4,1.485e+2,6.366e-5,1.076e-21,4.840e-25,,,,,,,,,,,,,,,,,,,,,,,,1.855e-7,,
217.56,6.088e+3,,1.594e-6,1.915e-23,,,3.318e-43,1.671e-22,,4.831e-28,5.940e+3,3.357e-22,1.397e-31,3.222e-20,3.277e-23,2.088e-12,,1.150e-29,,3.596e-23,2.595e-23,3.748e-17,,,2.552e-27,,3.970e-21,,1.304e-23,4.026e-4,1.480e+2,5.967e-5,1.076e-21,4.848e-25,,,,,,,,,,,,,,,,,,,,,,,,4.200e-7,,
217.59,5.004e+3,,1.291e-6,2.228e-23,,,2.878e-43,1.672e-22,,6.117e-28,4.861e+3,3.372e-22,1.400e-31,3.173e-20,3.249e-23,2.365e-12,,1.165e-29,,3.607e-23,2.591e-23,4.295e-17,,,2.561e-27,,3.972e-21,,1.314e-23,1.348e-4,1.432e+2,5.253e-5,1.078e-21,4.859e-25,,,,,,,,,,,,,,,,,,,,,,,,1.388e-6,,
217.61,4.306e+3,,1.100e-6,2.415e-23,,,2.585e-43,1.672e-22,,7.016e-28,4.168e+3,3.382e-22,1.402e-31,3.141e-20,3.231e-23,2.526e-12,,1.176e-29,,3.614e-23,2.588e-23,4.901e-17,,,2.566e-27,,3.973e-21,,1.321e-23,6.371e-5,1.374e+2,4.729e-5,1.078e-21,4.867e-25,,,,,,,,,,,,,,,,,,,,,,,,3.018e-6,,
217.63,3.647e+3,,9.216e-7,2.577e-23,,,2.315e-43,1.672e-22,,7.919e-28,3.517e+3,3.392e-22,1.404e-31,3.108e-20,3.212e-23,2.660e-12,,1.186e-29,,3.622e-23,2.585e-23,5.676e-17,,,2.572e-27,,3.975e-21,,1.327e-23,2.962e-5,1.299e+2,4.188e-5,1.079e-21,4.874e-25,,,,,,,,,,,,,,,,,,,,,,,,6.458e-6,,
217.66,2.760e+3,,6.861e-7,2.754e-23,,,1.999e-43,1.673e-22,,9.212e-28,2.644e+3,3.407e-22,1.407e-31,3.060e-20,3.184e-23,2.800e-12,,1.201e-29,,3.633e-23,2.581e-23,7.100e-17,,,2.580e-27,,3.977e-21,,1.337e-23,9.104e-6,1.160e+2,3.387e-5,1.080e-21,4.886e-25,,,,,,,,,,,,,,,,,,,,,,,,1.962e-5,,
217.68,2.248e+3,,5.524e-7,2.822e-23,,,1.890e-43,1.673e-22,,9.986e-28,2.142e+3,1.208e-21,1.409e-31,3.027e-20,3.166e-23,2.849e-12,,1.212e-29,,3.640e-23,2.578e-23,8.179e-17,,,2.586e-27,,3.979e-21,,1.344e-23,4.063e-6,1.056e+2,2.881e-5,1.081e-21,4.893e-25,,,,,,,,,,,,,,,,,,,,,,,,4.034e-5,,
217.71,1.605e+3,,3.873e-7,2.839e-23,,,1.974e-43,1.674e-22,,1.094e-27,1.515e+3,7.821e-21,1.412e-31,2.979e-20,3.138e-23,2.857e-12,,1.227e-29,,3.651e-23,2.574e-23,9.903e-17,,,2.594e-27,,3.981e-21,,1.354e-23,1.175e-6,8.913e+1,2.193e-5,1.082e-21,4.904e-25,,,,,,,,,,,,,,,,,,,,,,,,1.154e-4,,
217.73,1.257e+3,,2.995e-7,2.793e-23,,,2.275e-43,1.674e-22,,1.139e-27,1.179e+3,2.664e-20,1.414e-31,2.946e-20,3.120e-23,2.821e-12,,1.237e-29,,3.659e-23,2.571e-23,1.106e-16,,,2.600e-27,,3.982e-21,,1.360e-23,5.035e-7,7.813e+1,1.791e-5,1.083e-21,4.912e-25,,,,,,,,,,,,,,,,,,,,,,,,2.279e-4,,
217.76,8.474e+2,,1.977e-7,2.645e-23,,,3.293e-43,1.675e-22,,1.173e-27,7.851e+2,1.625e-19,1.417e-31,2.898e-20,3.092e-23,2.720e-12,,1.253e-29,,3.670e-23,2.567e-23,1.271e-16,,,2.608e-27,,3.985e-21,,1.370e-23,1.370e-7,6.235e+1,1.283e-5,1.084e-21,4.923e-25,,,,,,,,,,,,,,,,,,,,,,,,6.141e-4,,
217.78,6.393e+2,,1.469e-7,2.500e-23,,,4.516e-43,1.675e-22,,1.173e-27,5.866e+2,5.320e-19,1.419e-31,2.865e-20,3.074e-23,2.631e-12,,1.263e-29,,3.677e-23,2.564e-23,1.368e-16,,,2.614e-27,,3.986e-21,,1.377e-23,5.634e-8,5.265e+1,1.006e-5,1.085e-21,4.931e-25,,,,,,,,,,,,,,,,,,,,,,,,1.165e-3,,
217.81,4.073e+2,,9.132e-8,2.228e-23,,,7.571e-43,1.676e-22,,1.139e-27,3.676e+2,3.058e-18,1.422e-31,2.817e-20,3.046e-23,2.487e-12,,1.279e-29,,3.688e-23,2.560e-23,1.484e-16,,,2.622e-27,,3.988e-21,,1.387e-23,1.442e-8,3.974e+1,6.784e-6,1.086e-21,4.942e-25,,,,,,,,,,,,,,,,,,,,,,,,2.957e-3,,
217.83,2.961e+2,,6.519e-8,2.022e-23,,,1.074e-42,1.676e-22,,1.094e-27,2.638e+2,9.619e-18,1.424e-31,2.784e-20,3.028e-23,2.397e-12,,1.289e-29,,3.696e-23,2.557e-23,1.538e-16,,,2.628e-27,,3.990e-21,,1.393e-23,5.695e-9,3.235e+1,5.111e-6,1.087e-21,4.950e-25,,,,,,,,,,,,,,,,,,,,,,,,5.391e-3,,
217.86,1.787e+2,,3.815e-8,1.697e-23,,,1.789e-42,1.677e-22,,9.986e-28,1.555e+2,5.209e-17,1.428e-31,2.736e-20,3.000e-23,2.289e-12,,1.304e-29,,3.707e-23,2.553e-23,1.577e-16,,,2.636e-27,,3.992e-21,,1.403e-23,1.372e-9,2.313e+1,3.243e-6,1.088e-21,4.961e-25,,,,,,,,,,,,,,,,,,,,,,,,1.288e-2,,
217.88,1.254e+2,,2.616e-8,1.479e-23,,,2.477e-42,1.677e-22,,9.212e-28,1.072e+2,1.575e-16,1.430e-31,2.703e-20,2.981e-23,2.244e-12,,1.314e-29,,3.714e-23,2.550e-23,1.575e-16,,,2.642e-27,,3.994e-21,,1.410e-23,5.219e-10,1.818e+1,2.346e-6,1.089e-21,4.969e-25,,,,,,,,,,,,,,,,,,,,,,,,2.256e-2,,
217.91,7.190e+1,,1.442e-8,1.168e-23,,,3.928e-42,1.678e-22,,7.919e-28,5.948e+1,8.032e-16,1.433e-31,2.655e-20,2.954e-23,2.227e-12,,1.330e-29,,3.725e-23,2.546e-23,1.531e-16,,,2.650e-27,,3.996e-21,,1.420e-23,1.276e-10,1.237e+1,1.401e-6,1.090e-21,4.980e-25,,,,,,,,,,,,,,,,,,,,,,,,5.076e-2,,
217.93,4.890e+1,,9.499e-9,9.781e-24,,,5.241e-42,1.678e-22,,7.016e-28,3.936e+1,2.333e-15,1.435e-31,2.622e-20,2.935e-23,2.250e-12,,1.340e-29,,3.732e-23,2.543e-23,1.477e-16,,,2.656e-27,,3.997e-21,,1.426e-23,6.989e-11,9.457e+0,9.733e-7,1.090e-21,4.988e-25,,,,,,,,,,,,,,,,,,,,,,,,8.542e-2,,7.763e-21
217.96,2.701e+1,,4.929e-9,7.272e-24,,,7.842e-42,1.679e-22,,5.677e-28,2.056e+1,1.121e-14,1.438e-31,2.574e-20,2.908e-23,2.331e-12,,1.356e-29,,3.743e-23,2.538e-23,1.369e-16,,,2.664e-27,,4.000e-21,,1.436e-23,1.274e-10,6.276e+0,5.469e-7,1.092e-21,4.999e-25,,,,,,,,,,,,,,,,,,,,,,,,1.810e-1,,5.310e-20
217.98,1.817e+1,,3.120e-9,5.849e-24,,,1.006e-41,1.679e-22,,4.831e-28,1.307e+1,3.130e-14,1.440e-31,2.541e-20,2.889e-23,2.410e-12,,1.366e-29,,3.751e-23,2.536e-23,1.284e-16,,,2.670e-27,,4.001e-21,,1.443e-23,3.131e-10,4.817e+0,3.650e-7,1.092e-21,5.006e-25,,,,,,,,,,,,,,,,,,,,,,,,2.926e-1,,1.876e-19
218,1.243e+1,,1.943e-9,4.629e-24,,,1.269e-41,1.679e-22,,4.046e-28,8.170e+0,8.600e-14,1.442e-31,2.509e-20,2.871e-23,2.501e-12,,1.376e-29,,3.758e-23,2.533e-23,1.193e-16,,,2.676e-27,,4.002e-21,,1.449e-23,8.006e-10,3.791e+0,2.396e-7,1.093e-21,5.014e-25,,,,,,,,,,,,,,,,,,,,,,,,4.656e-1,,6.521e-19
218.03,7.741e+0,,9.270e-10,3.164e-24,,,1.746e-41,1.680e-22,,3.008e-28,3.919e+0,3.802e-13,1.445e-31,2.460e-20,2.843e-23,2.645e-12,,1.392e-29,,3.769e-23,2.529e-23,1.053e-16,,,2.684e-27,,4.005e-21,,1.459e-23,3.215e-9,2.915e+0,1.237e-7,1.094e-21,5.025e-25,,,,,,,,,,,,,,,,,,,,,,,,9.070e-1,,4.103e-18
218.05,6.430e+0,,5.547e-10,2.406e-24,,,2.118e-41,1.680e-22,,2.419e-28,2.354e+0,1.004e-12,1.447e-31,2.428e-20,2.824e-23,2.735e-12,,1.402e-29,,3.777e-23,2.526e-23,9.632e-17,,,2.690e-27,,4.006e-21,,1.466e-23,7.970e-9,2.690e+0,7.799e-8,1.095e-21,5.033e-25,,,,,,,,,,,,,,,,,,,,,,,,1.387e+0,,1.371e-17
218.08,6.392e+0,,2.492e-10,1.550e-24,,,2.743e-41,1.681e-22,,1.693e-28,1.063e+0,4.180e-12,1.450e-31,2.379e-20,2.797e-23,2.841e-12,,1.417e-29,,3.788e-23,2.522e-23,8.379e-17,,,2.698e-27,,4.008e-21,,1.475e-23,3.019e-8,2.786e+0,3.789e-8,1.096e-21,5.044e-25,,,,,,,,,,,,,,,,,,,,,,,,2.543e+0,,8.129e-17
218.1,7.440e+0,,1.432e-10,1.134e-24,,,3.196e-41,1.681e-22,,1.308e-28,6.128e-1,1.061e-11,1.452e-31,2.347e-20,2.778e-23,2.883e-12,,1.428e-29,,3.795e-23,2.519e-23,7.630e-17,,,2.704e-27,,4.010e-21,,1.482e-23,7.193e-8,3.092e+0,2.294e-8,1.097e-21,5.052e-25,,,,,,,,,,,,,,,,,,,,,,,,3.735e+0,,2.611e-16
218.13,1.056e+1,,6.064e-11,6.904e-25,,,3.898e-41,1.682e-22,,8.613e-29,2.603e-1,4.161e-11,1.455e-31,2.298e-20,2.751e-23,2.893e-12,,1.443e-29,,3.806e-23,2.514e-23,6.649e-17,,,2.712e-27,,4.012e-21,,1.492e-23,2.567e-7,3.850e+0,1.049e-8,1.098e-21,5.063e-25,,,,,,,,,,,,,,,,,,,,,,,,6.452e+0,,1.458e-15
218.15,1.377e+1,,3.358e-11,4.873e-25,,,4.362e-41,1.682e-22,,6.390e-29,1.442e-1,1.015e-10,1.457e-31,2.266e-20,2.732e-23,2.859e-12,,1.453e-29,,3.813e-23,2.512e-23,6.085e-17,,,2.718e-27,,4.014e-21,,1.498e-23,5.877e-7,4.523e+0,6.100e-9,1.099e-21,5.071e-25,,,,,,,,,,,,,,,,,,,,,,,,9.105e+0,,4.501e-15
218.18,2.060e+1,,1.361e-11,2.823e-25,,,5.010e-41,1.683e-22,,3.962e-29,5.765e-2,3.750e-10,1.460e-31,2.217e-20,2.704e-23,2.747e-12,,1.469e-29,,3.824e-23,1.711e-22,5.351e-17,,,2.726e-27,,4.016e-21,,1.508e-23,1.976e-6,5.729e+0,2.624e-9,1.100e-21,5.082e-25,,,,,,,,,,,,,,,,,,,,,,,,1.481e+1,,2.369e-14
218.2,2.674e+1,,7.553e-12,1.937e-25,,,5.385e-41,1.683e-22,,2.823e-29,3.066e-2,8.788e-10,1.462e-31,2.185e-20,2.686e-23,2.634e-12,,1.479e-29,,3.832e-23,6.029e-22,4.920e-17,,,2.732e-27,,4.017e-21,,1.515e-23,4.346e-6,6.629e+0,1.466e-9,1.101e-21,5.089e-25,,,,,,,,,,,,,,,,,,,,,,,,2.008e+1,,7.028e-14
218.23,3.882e+1,,3.683e-12,1.088e-25,,,5.824e-41,1.684e-22,,1.648e-29,1.154e-2,3.060e-9,1.465e-31,2.136e-20,2.658e-23,2.414e-12,,1.494e-29,,3.843e-23,3.870e-21,4.335e-17,,,2.740e-27,,4.020e-21,,1.525e-23,1.376e-5,8.051e+0,5.935e-10,1.102e-21,5.101e-25,,,,,,,,,,,,,,,,,,,,,,,,3.076e+1,,3.485e-13
218.25,4.907e+1,,3.025e-12,7.399e-26,,,6.014e-41,1.684e-22,,1.128e-29,5.893e-3,6.891e-9,1.468e-31,2.104e-20,2.640e-23,2.242e-12,,1.505e-29,,3.850e-23,1.311e-20,3.970e-17,,,2.746e-27,,4.021e-21,,1.531e-23,2.910e-5,9.001e+0,3.183e-10,1.103e-21,5.108e-25,,,,,,,,,,,,,,,,,,,,,,,,4.006e+1,,9.937e-13
218.28,6.813e+1,,3.831e-12,4.199e-26,,,6.124e-41,1.684e-22,,6.195e-30,2.087e-3,2.261e-8,1.471e-31,2.055e-20,2.612e-23,1.957e-12,,1.520e-29,,3.861e-23,7.929e-20,3.447e-17,,,2.754e-27,,4.023e-21,,1.541e-23,8.681e-5,1.034e+1,1.213e-10,1.104e-21,5.120e-25,,,,,,,,,,,,,,,,,,,,,,,,5.779e+1,,4.643e-12
218.3,8.344e+1,,5.460e-12,2.931e-26,,,6.075e-41,1.685e-22,,4.073e-30,1.024e-3,4.892e-8,1.473e-31,2.023e-20,2.594e-23,1.759e-12,,1.530e-29,,3.869e-23,2.581e-19,3.108e-17,,,2.760e-27,,4.025e-21,,1.548e-23,1.764e-4,1.113e+1,6.249e-11,1.104e-21,5.127e-25,,,,,,,,,,,,,,,,,,,,,,,,7.231e+1,,1.272e-11
218.33,1.103e+2,,9.943e-12,1.785e-26,,,5.824e-41,1.685e-22,,2.106e-30,3.411e-4,1.512e-7,1.476e-31,1.974e-20,2.566e-23,1.461e-12,,1.546e-29,,3.880e-23,1.471e-18,2.614e-17,,,1.853e-26,,4.027e-21,,1.558e-23,4.956e-4,1.207e+1,2.241e-11,1.106e-21,5.138e-25,,,,,,,,,,,,,,,,,,,,,,,,9.823e+1,,5.601e-11
218.35,1.306e+2,,1.481e-11,1.327e-26,,,5.550e-41,1.686e-22,,1.330e-30,1.607e-4,3.145e-7,1.478e-31,1.942e-20,2.547e-23,1.269e-12,,1.556e-29,,3.887e-23,4.603e-18,2.297e-17,,,6.468e-26,,4.029e-21,,1.564e-23,9.675e-4,1.251e+1,1.109e-11,1.106e-21,5.146e-25,,,,,,,,,,,,,,,,,,,,,,,,1.181e+2,,1.475e-10
218.37,1.525e+2,,2.179e-11,1.013e-26,,,5.205e-41,1.686e-22,,8.261e-31,7.448e-5,6.438e-7,1.480e-31,1.909e-20,2.529e-23,1.088e-12,,1.566e-29,,3.894e-23,1.418e-17,1.994e-17,,,2.222e-25,,4.030e-21,,1.571e-23,1.859e-3,1.277e+1,5.396e-12,1.107e-21,5.154e-25,,,,,,,,,,,,,,,,,,,,,,,,1.397e+2,,3.823e-10
218.4,1.873e+2,,3.781e-11,7.036e-27,,,4.587e-41,1.687e-22,,3.925e-31,2.280e-5,1.830e-6,1.483e-31,1.861e-20,2.501e-23,8.413e-13,,1.582e-29,,3.906e-23,7.436e-17,1.574e-17,,,1.373e-24,,4.032e-21,,1.581e-23,4.805e-3,1.281e+1,1.778e-12,1.108e-21,5.165e-25,,,,,,,,,,,,,,,,,,,,,,,,1.745e+2,,1.549e-9
218.42,2.110e+2,,5.354e-11,5.615e-27,,,4.132e-41,1.687e-22,,2.342e-31,1.015e-5,3.601e-6,1.485e-31,1.828e-20,2.483e-23,6.966e-13,,1.592e-29,,3.913e-23,2.201e-16,1.321e-17,,,4.534e-24,,4.034e-21,,1.587e-23,8.872e-3,1.262e+1,8.310e-13,1.109e-21,5.172e-25,,,,,,,,,,,,,,,,,,,,,,,,1.984e+2,,3.858e-9
218.45,2.453e+2,,8.759e-11,4.040e-27,,,3.429e-41,1.688e-22,,1.047e-31,2.923e-6,9.645e-6,1.488e-31,1.780e-20,2.455e-23,5.114e-13,,1.607e-29,,3.924e-23,1.088e-15,9.879e-18,,,2.641e-23,,4.036e-21,,1.597e-23,2.160e-2,1.204e+1,2.577e-13,1.110e-21,5.184e-25,,,,,,,,,,,,,,,,,,,,,,,,2.333e+2,,1.472e-8
218.47,2.663e+2,,1.192e-10,3.237e-27,,,2.968e-41,1.688e-22,,6.002e-32,1.250e-6,1.824e-5,1.490e-31,1.747e-20,2.437e-23,4.088e-13,,1.618e-29,,1.400e-22,3.095e-15,7.992e-18,,,8.381e-23,,4.037e-21,,1.604e-23,3.833e-2,1.150e+1,1.157e-13,1.111e-21,5.191e-25,,,,,,,,,,,,,,,,,,,,,,,,2.548e+2,,3.525e-8
218.5,2.928e+2,,1.838e-10,2.290e-27,,,2.319e-41,1.689e-22,,2.527e-32,3.388e-7,4.603e-5,1.493e-31,1.699e-20,2.409e-23,2.845e-13,,1.633e-29,,9.157e-22,1.442e-14,5.655e-18,,,4.600e-22,,4.040e-21,,1.614e-23,8.793e-2,1.052e+1,3.375e-14,1.112e-21,5.203e-25,,,,,,,,,,,,,,,,,,,,,,,,2.821e+2,,1.268e-7
218.52,3.060e+2,,2.404e-10,1.795e-27,,,1.928e-41,1.689e-22,,1.391e-32,1.391e-7,8.366e-5,1.495e-31,1.666e-20,2.391e-23,2.195e-13,,1.643e-29,,3.140e-21,3.943e-14,4.410e-18,,,1.403e-21,,4.041e-21,,1.620e-23,1.499e-1,9.809e+0,1.455e-14,1.113e-21,5.210e-25,,,,,,,,,,,,,,,,,,,,,,,,2.960e+2,,2.917e-7
218.55,3.178e+2,,3.492e-10,1.217e-27,,,1.418e-41,1.689e-22,,5.511e-33,3.548e-8,1.990e-4,1.498e-31,1.618e-20,2.363e-23,1.447e-13,,1.659e-29,,1.936e-20,1.731e-13,2.963e-18,,,7.259e-21,,4.043e-21,,1.630e-23,3.239e-1,8.727e+0,3.996e-15,1.114e-21,5.222e-25,,,,,,,,,,,,,,,,,,,,,,,,3.087e+2,,9.883e-7
218.57,3.198e+2,,4.390e-10,9.223e-28,,,1.133e-41,1.690e-22,,2.914e-33,1.399e-8,3.475e-4,1.500e-31,1.585e-20,2.344e-23,1.076e-13,,1.669e-29,,6.381e-20,4.548e-13,2.245e-18,,,2.129e-20,,4.045e-21,,1.637e-23,5.308e-1,8.035e+0,1.654e-15,1.115e-21,5.229e-25,,,,,,,,,,,,,,,,,,,,,,,,3.112e+2,,2.186e-6
218.6,3.138e+2,,6.007e-10,5.920e-28,,,7.848e-42,1.690e-22,,1.087e-33,3.358e-9,7.789e-4,1.503e-31,1.537e-20,2.317e-23,6.718e-14,,1.685e-29,,3.708e-19,1.881e-12,1.480e-18,,,1.038e-19,,4.047e-21,,1.646e-23,1.080e+0,7.086e+0,4.276e-16,1.116e-21,5.240e-25,,,,,,,,,,,,,,,,,,,,,,,,3.057e+2,,6.978e-6
218.62,3.043e+2,,7.258e-10,4.322e-28,,,6.023e-42,1.691e-22,,5.518e-34,1.271e-9,1.308e-3,1.505e-31,1.504e-20,2.298e-23,4.819e-14,,1.695e-29,,1.175e-18,4.753e-12,1.145e-18,,,2.925e-19,,4.049e-21,,1.653e-23,1.701e+0,6.530e+0,1.700e-16,1.117e-21,5.248e-25,,,,,,,,,,,,,,,,,,,,,,,,2.960e+2,,1.483e-5
218.65,2.829e+2,,9.358e-10,2.618e-28,,,3.930e-42,1.691e-22,,1.937e-34,2.873e-10,2.763e-3,1.509e-31,1.456e-20,2.271e-23,2.854e-14,,1.710e-29,,6.434e-18,1.852e-11,8.638e-19,,,1.344e-18,,4.051e-21,,1.663e-23,3.262e+0,5.820e+0,4.135e-17,1.118e-21,5.259e-25,,,,,,,,,,,,,,,,,,,,,,,,2.738e+2,,4.461e-5
218.67,2.651e+2,,1.087e-9,1.838e-28,,,2.898e-42,1.692e-22,,9.448e-35,1.045e-10,4.459e-3,1.511e-31,1.423e-20,2.252e-23,1.985e-14,,1.721e-29,,1.960e-17,4.498e-11,8.061e-19,,,3.641e-18,,4.052e-21,,1.669e-23,4.935e+0,5.426e+0,1.579e-17,1.119e-21,5.267e-25,,,,,,,,,,,,,,,,,,,,,,,,2.548e+2,,9.113e-5
218.7,2.357e+2,,1.320e-9,1.049e-28,,,1.782e-42,1.692e-22,,3.122e-35,2.221e-11,8.879e-3,1.514e-31,1.374e-20,2.224e-23,1.140e-14,,1.736e-29,,1.011e-16,1.652e-10,9.009e-19,,,1.576e-17,,4.055e-21,,1.679e-23,8.915e+0,4.941e+0,3.615e-18,1.120e-21,5.278e-25,,,,,,,,,,,,,,,,,,,,,,,,2.219e+2,,2.583e-4
218.72,2.160e+2,,1.473e-9,7.073e-29,,,1.263e-42,1.693e-22,,1.463e-35,7.755e-12,1.378e-2,1.516e-31,1.342e-20,2.206e-23,7.974e-15,,1.746e-29,,2.962e-16,3.856e-10,1.086e-18,,,4.105e-17,,4.056e-21,,1.686e-23,1.296e+1,4.679e+0,1.326e-18,1.120e-21,5.286e-25,,,,,,,,,,,,,,,,,,,,,,,,1.984e+2,,5.071e-4
218.74,1.975e+2,,1.619e-9,4.695e-29,,,8.824e-43,1.693e-22,,6.742e-36,2.664e-12,2.105e-2,1.518e-31,1.310e-20,2.187e-23,5.792e-15,,1.757e-29,,8.536e-16,8.857e-10,1.376e-18,,,1.052e-16,,4.058e-21,,1.692e-23,1.855e+1,4.462e+0,4.783e-19,1.121e-21,5.293e-25,,,,,,,,,,,,,,,,,,,,,,,,1.745e+2,,9.798e-4
218.77,1.748e+2,,1.809e-9,2.464e-29,,,5.012e-43,1.694e-22,,2.047e-36,5.204e-13,3.861e-2,1.521e-31,1.261e-20,2.160e-23,4.207e-15,,1.772e-29,,4.055e-15,2.994e-9,2.027e-18,,,4.192e-16,,4.060e-21,,1.702e-23,3.082e+1,4.218e+0,1.006e-19,1.122e-21,5.305e-25,,,,,,,,,,,,,,,,,,,,,,,,1.397e+2,,2.555e-3
218.79,1.647e+2,,1.910e-9,1.571e-29,,,3.382e-43,1.694e-22,,9.062e-37,1.717e-13,5.674e-2,1.523e-31,1.229e-20,2.141e-23,3.988e-15,,1.782e-29,,1.123e-14,6.610e-9,2.624e-18,,,1.033e-15,,4.061e-21,,1.709e-23,4.238e+1,4.114e+0,3.485e-20,1.123e-21,5.312e-25,,,,,,,,,,,,,,,,,,,,,,,,1.181e+2,,4.745e-3
218.82,1.596e+2,,2.011e-9,7.761e-30,,,1.840e-43,1.694e-22,,2.590e-37,3.156e-14,9.816e-2,1.526e-31,1.180e-20,2.114e-23,4.633e-15,,1.798e-29,,5.029e-14,2.105e-8,3.792e-18,,,3.879e-15,,4.063e-21,,1.719e-23,6.633e+1,4.067e+0,6.897e-21,1.124e-21,5.323e-25,,,,,,,,,,,,,,,,,,,,,,,,8.905e+1,,1.166e-2
218.84,1.643e+2,,2.041e-9,4.754e-30,,,1.219e-43,1.695e-22,,1.101e-37,9.999e-15,1.388e-1,1.528e-31,1.148e-20,2.095e-23,5.631e-15,,1.808e-29,,1.339e-13,4.468e-8,4.768e-18,,,9.186e-15,,4.065e-21,,1.725e-23,8.766e+1,4.128e+0,2.295e-21,1.125e-21,5.331e-25,,,,,,,,,,,,,,,,,,,,,,,,7.231e+1,,2.081e-2
218.87,1.853e+2,,2.025e-9,2.212e-30,,,6.668e-44,1.695e-22,,2.962e-38,1.731e-15,2.266e-1,1.531e-31,1.099e-20,2.067e-23,7.937e-15,,1.823e-29,,5.652e-13,1.341e-7,6.537e-18,,,3.251e-14,,4.067e-21,,1.735e-23,1.292e+2,4.396e+0,4.274e-22,1.126e-21,5.342e-25,,,,,,,,,,,,,,,,,,,,,,,,5.135e+1,,4.817e-2
218.89,2.093e+2,,1.975e-9,1.301e-30,,,4.592e-44,1.696e-22,,1.210e-38,5.301e-16,3.083e-1,1.533e-31,1.067e-20,2.049e-23,1.002e-14,,1.834e-29,,1.447e-12,2.735e-7,7.912e-18,,,7.400e-14,,4.069e-21,,1.742e-23,1.641e+2,4.718e+0,1.366e-22,1.127e-21,5.350e-25,,,,,,,,,,,,,,,,,,,,,,,,4.006e+1,,8.263e-2
218.92,2.609e+2,,1.847e-9,5.700e-31,,,2.871e-44,1.696e-22,,3.064e-39,1.097e-16,4.754e-1,1.536e-31,1.018e-20,2.021e-23,1.396e-14,,1.849e-29,,5.754e-12,7.735e-7,1.023e-17,,,2.468e-13,,4.071e-21,,1.752e-23,2.280e+2,5.452e+0,2.394e-23,1.128e-21,5.361e-25,,,,,,,,,,,,,,,,,,,,,,,,2.679e+1,,1.802e-1
218.94,3.053e+2,,1.731e-9,3.222e-31,,,2.278e-44,1.697e-22,,1.202e-39,1.058e-16,6.228e-1,1.538e-31,9.856e-21,2.003e-23,1.714e-14,,1.859e-29,,1.416e-11,1.516e-6,1.190e-17,,,5.400e-13,,4.072e-21,,1.758e-23,2.782e+2,6.122e+0,7.349e-24,1.129e-21,5.369e-25,,,,,,,,,,,,,,,,,,,,,,,,2.008e+1,,2.971e-1
218.97,3.857e+2,,1.526e-9,1.329e-31,,,1.824e-44,1.697e-22,,2.864e-40,4.867e-16,9.081e-1,1.541e-31,9.370e-21,1.975e-23,2.267e-14,,1.875e-29,,5.307e-11,4.041e-6,1.449e-17,,,1.697e-12,,4.075e-21,,1.768e-23,3.641e+2,7.403e+0,1.212e-24,1.130e-21,5.380e-25,,,,,,,,,,,,,,,,,,,,,,,,1.264e+1,,6.106e-1
218.99,4.467e+2,,1.374e-9,7.215e-32,,,1.677e-44,1.698e-22,,1.079e-40,1.560e-15,1.146e+0,1.543e-31,9.046e-21,1.957e-23,2.678e-14,,1.885e-29,,1.256e-10,7.616e-6,1.620e-17,,,3.570e-12,,4.076e-21,,1.775e-23,4.271e+2,8.428e+0,3.573e-25,1.131e-21,5.388e-25,,,,,,,,,,,,,,,,,,,,,,,,9.105e+0,,9.676e-1
219.02,5.456e+2,,1.141e-9,2.801e-32,,,1.555e-44,1.698e-22,,2.421e-41,8.787e-15,1.582e+0,1.547e-31,8.560e-21,1.929e-23,3.340e-14,,1.901e-29,,4.435e-10,1.913e-5,1.859e-17,,,1.057e-11,,4.078e-21,,1.785e-23,5.266e+2,1.017e+1,5.548e-26,1.132e-21,5.399e-25,,,,,,,,,,,,,,,,,,,,,,,,5.399e+0,,1.873e+0
219.04,6.137e+2,,9.882e-10,1.461e-32,,,1.497e-44,1.699e-22,,8.761e-42,2.728e-14,1.927e+0,1.549e-31,8.236e-21,1.910e-23,3.794e-14,,1.911e-29,,1.009e-9,3.464e-5,1.997e-17,,,2.137e-11,,4.080e-21,,1.791e-23,5.937e+2,1.143e+1,1.570e-26,1.133e-21,5.407e-25,,,,,,,,,,,,,,,,,,,,,,,,3.735e+0,,2.853e+0
219.07,7.133e+2,,7.730e-10,5.342e-33,,,1.409e-44,1.699e-22,,1.850e-42,1.449e-13,2.522e+0,1.552e-31,7.750e-21,1.883e-23,4.458e-14,,1.926e-29,,3.358e-9,8.198e-5,2.159e-17,,,5.966e-11,,4.082e-21,,1.801e-23,6.901e+2,1.334e+1,2.294e-27,1.134e-21,5.418e-25,,,,,,,,,,,,,,,,,,,,,,,,2.086e+0,,5.205e+0
219.09,7.747e+2,,6.434e-10,2.677e-33,,,1.341e-44,1.699e-22,,6.430e-43,4.326e-13,2.966e+0,1.554e-31,7.426e-21,1.864e-23,4.866e-14,,1.936e-29,,7.339e-9,1.427e-4,2.229e-17,,,1.159e-10,,4.084e-21,,1.808e-23,7.482e+2,1.457e+1,2.067e-27,1.135e-21,5.425e-25,,,,,,,,,,,,,,,,,,,,,,,,1.387e+0,,7.619e+0
219.11,8.296e+2,,5.271e-10,1.320e-33,,,1.266e-44,1.700e-22,,2.199e-43,1.271e-12,3.441e+0,1.556e-31,7.102e-21,1.846e-23,5.227e-14,,1.947e-29,,1.579e-8,2.446e-4,2.264e-17,,,2.218e-10,,4.085e-21,,1.814e-23,7.986e+2,1.569e+1,1.841e-27,1.135e-21,5.433e-25,,,,,,,,,,,,,,,,,,,,,,,,9.070e-1,,1.098e+1
219.14,8.961e+2,,3.795e-10,4.443e-34,,,1.143e-44,1.700e-22,,4.267e-44,6.217e-12,4.197e+0,1.559e-31,6.616e-21,1.818e-23,5.649e-14,,1.962e-29,,4.839e-8,5.326e-4,2.251e-17,,,5.697e-10,,4.087e-21,,1.824e-23,8.559e+2,1.708e+1,1.500e-27,1.136e-21,5.444e-25,,,,,,,,,,,,,,,,,,,,,,,,4.656e-1,,1.842e+1
219.16,9.280e+2,,2.988e-10,2.121e-34,,,1.062e-44,1.701e-22,,1.402e-44,1.756e-11,4.714e+0,1.561e-31,6.292e-21,1.800e-23,5.832e-14,,1.972e-29,,1.001e-7,8.772e-4,2.198e-17,,,1.047e-9,,4.089e-21,,1.831e-23,8.798e+2,1.773e+1,1.273e-27,1.137e-21,5.452e-25,,,,,,,,,,,,,,,,,,,,,,,,2.926e-1,,2.551e+1
219.19,9.565e+2,,2.027e-10,7.359e-35,,,9.561e-45,1.701e-22,,2.560e-45,8.097e-11,5.486e+0,1.564e-31,4.261e-20,1.772e-23,5.937e-14,,1.988e-29,,2.890e-7,1.800e-3,2.058e-17,,,2.536e-9,,4.091e-21,,1.840e-23,8.923e+2,1.824e+1,9.329e-28,1.138e-21,5.463e-25,,,,,,,,,,,,,,,,,,,,,,,,1.415e-1,,4.034e+1
219.21,9.633e+2,,1.534e-10,4.659e-35,,,9.042e-45,1.702e-22,,8.075e-46,2.199e-10,5.979e+0,1.566e-31,1.496e-19,1.754e-23,5.890e-14,,1.998e-29,,5.747e-7,2.850e-3,1.931e-17,,,4.481e-9,,4.092e-21,,1.847e-23,8.854e+2,1.822e+1,7.060e-28,1.139e-21,5.471e-25,,,,,,,,,,,,,,,,,,,,,,,,8.542e-2,,5.368e+1
219.24,9.590e+2,,9.806e-11,6.397e-35,,,8.699e-45,1.702e-22,,1.388e-46,9.558e-10,6.662e+0,1.569e-31,9.551e-19,1.726e-23,5.649e-14,,2.014e-29,,1.564e-6,5.510e-3,1.703e-17,,,1.022e-8,,4.095e-21,,1.857e-23,8.546e+2,1.767e+1,3.656e-28,1.140e-21,5.482e-25,,,,,,,,,,,,,,,,,,,,,,,,3.889e-2,,7.999e+1
219.26,9.494e+2,,7.133e-11,1.249e-34,,,8.844e-45,1.703e-22,,4.207e-47,2.496e-9,7.063e+0,1.571e-31,3.224e-18,1.707e-23,5.386e-14,,2.024e-29,,2.990e-6,8.385e-3,1.536e-17,,,1.737e-8,,4.096e-21,,1.863e-23,8.231e+2,1.698e+1,1.387e-28,1.141e-21,5.490e-25,,,,,,,,,,,,,,,,,,,,,,,,2.256e-2,,1.023e+2
219.29,9.318e+2,,4.297e-11,3.844e-34,,,9.742e-45,1.703e-22,,6.807e-48,1.023e-8,7.562e+0,1.574e-31,1.941e-17,1.680e-23,4.866e-14,,2.039e-29,,7.669e-6,1.528e-2,1.276e-17,,,3.734e-8,,4.098e-21,,1.873e-23,7.650e+2,1.553e+1,9.267e-28,1.142e-21,5.501e-25,,,,,,,,,,,,,,,,,,,,,,,,9.672e-3,,1.436e+2
219.31,9.217e+2,,3.004e-11,8.112e-34,,,1.085e-44,1.704e-22,,1.981e-48,2.567e-8,7.817e+0,1.576e-31,6.298e-17,1.661e-23,4.458e-14,,2.050e-29,,1.409e-5,2.235e-2,1.105e-17,,,6.097e-8,,4.100e-21,,1.880e-23,7.230e+2,1.435e+1,3.224e-27,1.143e-21,5.508e-25,,,,,,,,,,,,,,,,,,,,,,,,5.391e-3,,1.766e+2
219.34,9.153e+2,,1.705e-11,2.422e-33,,,1.333e-44,1.704e-22,,3.018e-49,9.915e-8,8.072e+0,1.579e-31,3.575e-16,1.633e-23,3.794e-14,,2.065e-29,,3.406e-5,3.837e-2,8.651e-18,,,1.235e-7,,4.102e-21,,1.890e-23,6.613e+2,1.239e+1,2.032e-26,1.144e-21,5.520e-25,,,,,,,,,,,,,,,,,,,,,,,,2.176e-3,,2.335e+2
219.36,9.195e+2,,1.146e-11,4.925e-33,,,1.554e-44,1.704e-22,,8.435e-50,2.393e-7,8.154e+0,5.534e-31,1.116e-15,1.615e-23,3.340e-14,,2.075e-29,,6.016e-5,5.394e-2,7.203e-18,,,1.939e-7,,4.104e-21,,1.896e-23,6.244e+2,1.103e+1,6.797e-26,1.145e-21,5.527e-25,,,,,,,,,,,,,,,,,,,,,,,,1.165e-3,,2.759e+2
219.39,9.408e+2,,6.131e-12,1.387e-32,,,1.967e-44,1.705e-22,,8.445e-50,8.713e-7,8.144e+0,3.525e-30,5.970e-15,1.587e-23,2.678e-14,,2.091e-29,,1.371e-4,8.727e-2,5.310e-18,,,3.702e-7,,4.106e-21,,1.906e-23,5.796e+2,9.037e+0,4.038e-25,1.146e-21,5.539e-25,,,,,,,,,,,,,,,,,,,,,,,,4.431e-4,,3.439e+2
219.41,9.647e+2,,3.961e-12,2.711e-32,,,2.291e-44,1.705e-22,,8.451e-50,2.022e-6,8.050e+0,1.188e-29,1.791e-14,1.569e-23,2.265e-14,,2.101e-29,,2.327e-4,1.179e-1,4.248e-18,,,5.585e-7,,4.107e-21,,1.913e-23,5.583e+2,7.800e+0,1.299e-24,1.147e-21,5.546e-25,,,,,,,,,,,,,,,,,,,,,,,,2.279e-4,,3.904e+2
219.44,1.012e+3,,1.996e-12,7.193e-32,,,2.848e-44,1.706e-22,,8.461e-50,6.940e-6,7.788e+0,7.132e-29,9.039e-14,1.541e-23,1.711e-14,,2.116e-29,,4.997e-4,1.798e-1,2.951e-18,,,1.005e-6,,4.110e-21,,1.923e-23,5.395e+2,6.174e+0,7.278e-24,1.148e-21,5.557e-25,,,,,,,,,,,,,,,,,,,,,,,,8.161e-5,,4.585e+2
219.46,1.048e+3,,1.240e-12,1.352e-31,,,3.267e-44,1.706e-22,,8.467e-50,1.548e-5,7.538e+0,2.311e-28,2.607e-13,1.523e-23,1.391e-14,,2.127e-29,,8.155e-4,2.335e-1,2.269e-18,,,1.457e-6,,4.111e-21,,1.929e-23,5.350e+2,5.283e+0,2.251e-23,1.149e-21,5.565e-25,,,,,,,,,,,,,,,,,,,,,,,,4.034e-5,,5.004e+2
219.49,1.103e+3,,5.888e-13,3.382e-31,,,3.998e-44,1.707e-22,,8.477e-50,5.009e-5,7.062e+0,1.309e-27,1.241e-12,1.495e-23,9.896e-15,,2.142e-29,,1.651e-3,3.355e-1,1.485e-18,,,2.471e-6,,4.113e-21,,1.939e-23,5.372e+2,4.286e+0,1.189e-22,1.150e-21,5.576e-25,,,,,,,,,,,,,,,,,,,,,,,,1.360e-5,,5.536e+2
219.51,1.134e+3,,3.514e-13,6.109e-31,,,4.605e-44,1.707e-22,,8.483e-50,1.074e-4,6.689e+0,4.077e-27,3.441e-12,1.477e-23,7.731e-15,,2.152e-29,,2.589e-3,4.188e-1,1.097e-18,,,3.445e-6,,4.115e-21,,1.946e-23,5.424e+2,3.865e+0,3.537e-22,1.150e-21,5.584e-25,,,,,,,,,,,,,,,,,,,,,,,,6.458e-6,,5.806e+2
219.53,1.158e+3,,2.065e-13,1.087e-30,,,5.394e-44,1.708e-22,,8.490e-50,2.269e-4,6.277e+0,1.250e-26,9.396e-12,1.458e-23,5.945e-15,,2.163e-29,,3.998e-3,5.145e-1,7.988e-19,,,4.728e-6,,4.116e-21,,1.952e-23,5.485e+2,3.649e+0,1.035e-21,1.151e-21,5.591e-25,,,,,,,,,,,,,,,,,,,,,,,,3.018e-6,,5.994e+2
219.56,1.176e+3,,9.025e-14,2.502e-30,,,7.267e-44,1.708e-22,,8.500e-50,6.758e-4,5.608e+0,6.521e-26,4.117e-11,1.430e-23,3.890e-15,,2.178e-29,,7.448e-3,6.802e-1,4.835e-19,,,7.377e-6,,4.118e-21,,1.962e-23,5.556e+2,3.718e+0,5.037e-21,1.152e-21,5.603e-25,,,,,,,,,,,,,,,,,,,,,,,,9.354e-7,,6.102e+2
219.58,1.172e+3,,5.096e-14,4.277e-30,,,9.395e-44,1.709e-22,,8.506e-50,1.372e-3,5.139e+0,1.923e-25,1.081e-10,1.412e-23,2.875e-15,,2.188e-29,,1.106e-2,8.033e-1,3.416e-19,,,9.730e-6,,4.120e-21,,1.969e-23,5.568e+2,4.029e+0,1.418e-20,1.153e-21,5.610e-25,,,,,,,,,,,,,,,,,,,,,,,,4.200e-7,,6.053e+2
219.61,1.142e+3,,2.099e-14,9.283e-30,,,1.524e-43,1.709e-22,,8.516e-50,3.852e-3,4.422e+0,9.457e-25,4.465e-10,1.384e-23,1.772e-15,,2.204e-29,,1.941e-2,1.001e+0,2.040e-19,,,1.431e-5,,4.122e-21,,1.979e-23,5.512e+2,4.893e+0,6.505e-20,1.154e-21,5.622e-25,,,,,,,,,,,,,,,,,,,,,,,,1.226e-7,,5.806e+2
219.63,1.106e+3,,1.139e-14,1.526e-29,,,2.230e-43,1.709e-22,,8.522e-50,7.518e-3,3.948e+0,2.682e-24,1.127e-9,1.366e-23,1.258e-15,,2.214e-29,,2.770e-2,1.136e+0,1.505e-19,,,1.814e-5,,4.124e-21,,1.985e-23,5.417e+2,5.731e+0,1.761e-19,1.155e-21,5.629e-25,,,,,,,,,,,,,,,,,,,,,,,,5.288e-8,,5.536e+2
219.66,1.032e+3,,4.423e-15,3.121e-29,,,4.165e-43,1.710e-22,,8.532e-50,1.990e-2,3.262e+0,1.244e-23,4.390e-9,1.338e-23,7.307e-16,,2.229e-29,,4.583e-2,1.334e+0,1.146e-19,,,2.514e-5,,4.126e-21,,1.995e-23,5.198e+2,7.369e+0,7.616e-19,1.156e-21,5.641e-25,,,,,,,,,,,,,,,,,,,,,,,,1.454e-8,,5.004e+2
219.68,9.728e+2,,2.307e-15,4.931e-29,,,6.431e-43,1.710e-22,,8.538e-50,3.734e-2,2.831e+0,3.391e-23,1.066e-8,1.320e-23,4.986e-16,,2.240e-29,,6.286e-2,1.455e+0,1.170e-19,,,3.064e-5,,4.127e-21,,2.002e-23,5.011e+2,8.704e+0,1.982e-18,1.157e-21,5.648e-25,,,,,,,,,,,,,,,,,,,,,,,,6.023e-9,,4.585e+2
219.71,8.758e+2,,8.441e-16,9.508e-29,,,1.236e-42,1.711e-22,,8.548e-50,9.318e-2,2.239e+0,1.483e-22,3.913e-8,1.292e-23,2.728e-16,,2.255e-29,,9.803e-2,1.610e+0,1.616e-19,,,4.001e-5,,4.130e-21,,2.011e-23,4.703e+2,1.104e+1,8.084e-18,1.158e-21,5.659e-25,,,,,,,,,,,,,,,,,,,,,,,,1.559e-9,,3.904e+2
219.73,8.106e+2,,4.233e-16,1.444e-28,,,1.897e-42,1.711e-22,,8.555e-50,1.681e-1,1.885e+0,3.888e-22,9.133e-8,1.273e-23,1.788e-16,,2.265e-29,,1.292e-1,1.688e+0,2.244e-19,,,4.687e-5,,4.131e-21,,2.018e-23,4.500e+2,1.280e+1,2.023e-17,1.159e-21,5.667e-25,,,,,,,,,,,,,,,,,,,,,,,,6.208e-10,,3.439e+2
219.76,7.195e+2,,1.459e-16,2.625e-28,,,3.534e-42,1.712e-22,,8.564e-50,3.954e-1,1.423e+0,1.603e-21,3.162e-7,1.246e-23,9.217e-17,,2.281e-29,,1.900e-1,1.760e+0,3.863e-19,,,5.769e-5,,4.133e-21,,2.028e-23,4.241e+2,1.569e+1,7.780e-17,1.160e-21,5.678e-25,,,,,,,,,,,,,,,,,,,,,,,,1.513e-10,,2.759e+2
219.78,6.671e+2,,7.033e-17,3.832e-28,,,5.264e-42,1.712e-22,,8.571e-50,6.858e-1,1.160e+0,4.041e-21,7.096e-7,1.227e-23,5.808e-17,,2.291e-29,,2.408e-1,1.774e+0,5.556e-19,,,6.496e-5,,4.135e-21,,2.034e-23,4.120e+2,1.774e+1,1.872e-16,1.161e-21,5.686e-25,,,,,,,,,,,,,,,,,,,,,,,,5.789e-11,,2.335e+2
219.81,6.060e+2,,2.285e-17,6.565e-28,,,9.315e-42,1.713e-22,,8.580e-50,1.521e+0,8.336e-1,1.571e-20,2.316e-6,1.200e-23,2.819e-17,,2.307e-29,,3.335e-1,1.742e+0,9.406e-19,,,7.534e-5,,4.137e-21,,2.044e-23,4.041e+2,2.096e+1,6.788e-16,1.162e-21,5.697e-25,,,,,,,,,,,,,,,,,,,,,,,,1.329e-11,,1.766e+2
219.83,5.788e+2,,1.059e-17,9.216e-28,,,1.338e-41,1.713e-22,,8.587e-50,2.536e+0,6.574e-1,3.809e-20,4.998e-6,1.181e-23,1.707e-17,,2.317e-29,,4.063e-1,1.688e+0,1.314e-18,,,8.155e-5,,4.139e-21,,2.051e-23,4.067e+2,2.316e+1,1.571e-15,1.163e-21,5.705e-25,,,,,,,,,,,,,,,,,,,,,,,,4.884e-12,,1.436e+2
219.86,5.590e+2,,3.240e-18,1.488e-27,,,2.236e-41,1.714e-22,,8.597e-50,5.301e+0,4.487e-1,1.396e-19,1.538e-5,1.153e-23,7.807e-18,,2.332e-29,,5.305e-1,1.563e+0,2.110e-18,,,8.914e-5,,4.141e-21,,2.061e-23,4.224e+2,2.645e+1,5.370e-15,1.164e-21,5.716e-25,,,,,,,,,,,,,,,,,,,,,,,,1.056e-12,,1.023e+2
219.88,5.593e+2,,1.443e-18,2.008e-27,,,3.088e-41,1.714e-22,,8.603e-50,8.497e+0,3.418e-1,3.254e-19,3.192e-5,1.135e-23,4.543e-18,,2.343e-29,,6.213e-1,1.455e+0,2.841e-18,,,9.273e-5,,4.142e-21,,2.067e-23,4.398e+2,2.861e+1,1.195e-14,1.165e-21,5.724e-25,,,,,,,,,,,,,,,,,,,,,,,,3.727e-13,,7.999e+1
219.9,5.696e+2,,6.325e-19,2.667e-27,,,4.199e-41,1.714e-22,,8.610e-50,1.341e+1,2.567e-1,7.469e-19,6.519e-5,1.116e-23,2.602e-18,,2.353e-29,,7.162e-1,1.334e+0,3.769e-18,,,9.496e-5,,4.144e-21,,2.074e-23,4.616e+2,3.070e+1,2.617e-14,1.165e-21,5.731e-25,,,,,,,,,,,,,,,,,,,,,,,,1.295e-13,,6.156e+1
219.93,6.011e+2,,1.782e-19,3.964e-27,,,6.465e-41,1.715e-22,,8.619e-50,2.581e+1,1.626e-1,2.521e-18,1.848e-4,1.089e-23,1.094e-18,,2.368e-29,,8.606e-1,1.136e+0,5.603e-18,,,9.552e-5,,4.146e-21,,2.084e-23,4.992e+2,3.364e+1,8.240e-14,1.166e-21,5.742e-25,,,,,,,,,,,,,,,,,,,,,,,,2.574e-14,,4.034e+1
219.95,6.313e+2,,7.508e-20,5.062e-27,,,8.452e-41,1.715e-22,,8.626e-50,3.915e+1,1.178e-1,5.564e-18,3.629e-4,1.070e-23,6.023e-19,,2.379e-29,,9.537e-1,1.001e+0,7.166e-18,,,9.402e-5,,4.147e-21,,2.090e-23,5.248e+2,3.543e+1,1.736e-13,1.167e-21,5.750e-25,,,,,,,,,,,,,,,,,,,,,,,,8.593e-15,,2.984e+1
219.98,6.885e+2,,1.993e-20,7.092e-27,,,1.227e-40,1.716e-22,,8.635e-50,7.104e+1,7.065e-2,1.771e-17,9.697e-4,1.043e-23,2.386e-19,,2.394e-29,,1.080e+0,8.033e-1,1.009e-17,,,8.914e-5,,4.150e-21,,2.100e-23,5.594e+2,3.777e+1,5.152e-13,1.168e-21,5.761e-25,,,,,,,,,,,,,,,,,,,,,,,,1.608e-15,,1.842e+1
220,7.348e+2,,8.071e-21,8.706e-27,,,1.542e-40,1.716e-22,,8.642e-50,1.036e+2,4.932e-2,3.759e-17,1.831e-3,1.024e-23,1.262e-19,,2.404e-29,,1.150e+0,6.802e-1,1.245e-17,,,8.433e-5,,4.151e-21,,2.107e-23,5.772e+2,3.905e+1,1.043e-12,1.169e-21,5.769e-25,,,,,,,,,,,,,,,,,,,,,,,,5.158e-16,,1.310e+1
220.03,8.194e+2,,2.019e-21,1.150e-26,,,2.109e-40,1.717e-22,,8.652e-50,1.772e+2,2.798e-2,1.128e-16,4.614e-3,9.965e-24,4.711e-20,,2.420e-29,,1.228e+0,5.145e-1,1.664e-17,,,7.534e-5,,4.153e-21,,2.117e-23,5.924e+2,4.047e+1,2.920e-12,1.170e-21,5.780e-25,,,,,,,,,,,,,,,,,,,,,,,,9.091e-17,,7.619e+0
220.05,8.896e+2,,7.860e-22,1.357e-26,,,2.549e-40,1.717e-22,,8.658e-50,2.485e+2,1.881e-2,2.302e-16,8.377e-3,9.780e-24,2.394e-20,,2.430e-29,,1.257e+0,4.188e-1,1.985e-17,,,6.852e-5,,4.155e-21,,2.123e-23,5.932e+2,4.104e+1,5.687e-12,1.171e-21,5.788e-25,,,,,,,,,,,,,,,,,,,,,,,,2.801e-17,,5.205e+0
220.08,1.026e+3,,1.853e-22,1.689e-26,,,3.287e-40,1.718e-22,,8.668e-50,4.007e+2,1.008e-2,6.515e-16,1.990e-2,9.503e-24,8.419e-21,,2.445e-29,,1.265e+0,2.985e-1,2.523e-17,,,5.769e-5,,4.157e-21,,2.133e-23,5.793e+2,4.126e+1,1.501e-11,1.172e-21,5.799e-25,,,,,,,,,,,,,,,,,,,,,,,,4.649e-18,,2.853e+0
220.1,1.145e+3,,6.932e-23,1.916e-26,,,3.818e-40,1.718e-22,,8.674e-50,5.402e+2,6.529e-3,1.278e-15,3.474e-2,9.318e-24,4.112e-21,,2.456e-29,,1.245e+0,2.335e-1,2.913e-17,,,5.043e-5,,4.159e-21,,2.140e-23,5.600e+2,4.098e+1,2.810e-11,1.173e-21,5.807e-25,,,,,,,,,,,,,,,,,,,,,,,,1.376e-18,,1.873e+0
220.13,1.381e+3,,1.540e-23,2.248e-26,,,4.641e-40,1.719e-22,,8.684e-50,8.210e+2,3.305e-3,3.411e-15,7.782e-2,9.041e-24,1.362e-21,,2.471e-29,,1.180e+0,1.569e-1,3.531e-17,,,4.001e-5,,4.161e-21,,2.150e-23,5.176e+2,3.993e+1,6.993e-11,1.174e-21,5.818e-25,,,,,,,,,,,,,,,,,,,,,,,,2.151e-19,,9.676e-1
220.15,1.587e+3,,5.538e-24,2.451e-26,,,5.182e-40,1.719e-22,,8.690e-50,1.064e+3,2.059e-3,6.436e-15,1.306e-1,8.857e-24,6.392e-22,,2.481e-29,,1.117e+0,1.181e-1,3.955e-17,,,3.362e-5,,4.162e-21,,2.156e-23,4.820e+2,3.884e+1,1.259e-10,1.175e-21,5.826e-25,,,,,,,,,,,,,,,,,,,,,,,,6.118e-20,,6.106e-1
220.18,1.984e+3,,1.159e-24,2.711e-26,,,5.937e-40,1.720e-22,,8.700e-50,1.525e+3,9.840e-4,1.619e-14,2.759e-1,8.580e-24,1.995e-22,,2.497e-29,,9.980e-1,7.504e-2,4.587e-17,,,2.514e-5,,4.165e-21,,2.166e-23,4.208e+2,3.677e+1,2.954e-10,1.176e-21,5.837e-25,,,,,,,,,,,,,,,,,,,,,,,,9.005e-21,,2.971e-1
220.2,2.314e+3,,4.007e-25,2.842e-26,,,6.374e-40,1.720e-22,,8.706e-50,1.900e+3,5.899e-4,2.938e-14,4.453e-1,8.395e-24,8.995e-23,,2.507e-29,,9.077e-1,5.463e-2,4.993e-17,,,2.031e-5,,4.166e-21,,2.173e-23,3.770e+2,3.519e+1,5.115e-10,1.177e-21,5.844e-25,,,,,,,,,,,,,,,,,,,,,,,,9.531e-21,,1.802e-1
220.23,2.912e+3,,7.904e-26,2.962e-26,,,6.883e-40,1.721e-22,,8.716e-50,2.566e+3,2.660e-4,6.971e-14,8.868e-1,8.118e-24,2.644e-23,,2.523e-29,,7.644e-1,3.364e-2,5.556e-17,,,1.431e-5,,4.168e-21,,2.182e-23,3.105e+2,3.276e+1,1.131e-9,1.178e-21,5.856e-25,,,,,,,,,,,,,,,,,,,,,,,,1.032e-20,,8.263e-2
220.25,3.376e+3,,2.626e-26,2.985e-26,,,7.104e-40,1.721e-22,,8.723e-50,3.075e+3,1.534e-4,1.216e-13,1.376e+0,7.934e-24,1.146e-23,,2.533e-29,,6.684e-1,2.474e-2,5.887e-17,,,1.111e-5,,4.170e-21,,2.189e-23,2.676e+2,3.126e+1,1.884e-9,1.179e-21,5.863e-25,,,,,,,,,,,,,,,,,,,,,,,,1.084e-20,,4.817e-2
220.27,3.886e+3,,8.587e-27,2.962e-26,,,7.217e-40,1.721e-22,,8.729e-50,3.627e+3,8.707e-5,2.088e-13,2.103e+0,7.749e-24,4.888e-24,,2.543e-29,,5.752e-1,1.911e-2,6.174e-17,,,8.489e-6,,4.171e-21,,2.196e-23,2.270e+2,2.999e+1,3.087e-9,1.179e-21,5.871e-25,,,,,,,,,,,,,,,,,,,,,,,,1.137e-20,,2.763e-2
220.3,4.715e+3,,1.559e-27,2.842e-26,,,7.174e-40,1.722e-22,,8.739e-50,4.510e+3,3.617e-5,4.563e-13,3.858e+0,7.472e-24,1.322e-24,,2.558e-29,,4.459e-1,1.592e-2,6.505e-17,,,5.505e-6,,4.174e-21,,2.205e-23,1.723e+2,2.876e+1,6.289e-9,1.180e-21,5.882e-25,,,,,,,,,,,,,,,,,,,,,,,,1.216e-20,,1.166e-2
220.32,5.289e+3,,4.899e-28,2.711e-26,,,7.006e-40,1.722e-22,,8.745e-50,5.114e+3,1.975e-5,7.535e-13,5.670e+0,7.287e-24,5.417e-25,,2.569e-29,,3.689e-1,1.711e-2,6.651e-17,,,4.044e-6,,4.175e-21,,2.212e-23,1.406e+2,2.854e+1,9.911e-9,1.181e-21,5.890e-25,,,,,,,,,,,,,,,,,,,,,,,,1.268e-20,,6.428e-3
220.35,6.137e+3,,8.379e-29,2.451e-26,,,6.565e-40,1.723e-22,,8.755e-50,5.997e+3,7.734e-6,1.553e-12,9.809e+0,7.010e-24,1.380e-25,,2.584e-29,,2.695e-1,2.437e-2,6.744e-17,,,2.471e-6,,4.177e-21,,2.222e-23,1.006e+2,2.932e+1,1.904e-8,1.182e-21,5.901e-25,,,,,,,,,,,,,,,,,,,,,,,,1.347e-20,,2.555e-3
220.37,6.662e+3,,2.531e-29,2.248e-26,,,6.164e-40,1.723e-22,,8.761e-50,6.539e+3,4.060e-6,2.465e-12,1.386e+1,6.826e-24,5.435e-26,,2.594e-29,,2.143e-1,3.365e-2,6.720e-17,,,1.745e-6,,4.179e-21,,2.228e-23,7.893e+1,3.067e+1,2.885e-8,1.183e-21,5.909e-25,,,,,,,,,,,,,,,,,,,,,,,,1.400e-20,,1.354e-3
220.4,7.341e+3,,4.079e-30,1.916e-26,,,5.444e-40,1.724e-22,,8.771e-50,7.230e+3,1.499e-6,4.790e-12,2.263e+1,6.549e-24,1.304e-26,,2.610e-29,,1.475e-1,5.658e-2,6.554e-17,,,1.005e-6,,4.181e-21,,2.238e-23,5.327e+1,3.397e+1,5.225e-8,1.184e-21,5.920e-25,,,,,,,,,,,,,,,,,,,,,,,,1.478e-20,,5.071e-4
220.42,7.692e+3,,1.184e-30,1.689e-26,,,4.914e-40,1.724e-22,,8.778e-50,7.584e+3,7.567e-7,7.314e-12,3.077e+1,6.364e-24,4.936e-27,,2.620e-29,,1.128e-1,7.981e-2,6.358e-17,,,6.820e-7,,4.182e-21,,2.245e-23,4.019e+1,3.700e+1,7.613e-8,1.185e-21,5.927e-25,,,,,,,,,,,,,,,,,,,,,,,,1.531e-20,,2.583e-4
220.45,8.031e+3,,1.317e-31,1.357e-26,,,4.091e-40,1.725e-22,,8.787e-50,7.915e+3,2.634e-7,1.340e-11,4.739e+1,6.087e-24,1.116e-27,,2.636e-29,,7.318e-2,1.309e-1,5.950e-17,,,3.702e-7,,4.185e-21,,2.255e-23,2.558e+1,4.268e+1,1.300e-7,1.186e-21,5.939e-25,,,,,,,,,,,,,,,,,,,,,,,,1.610e-20,,9.113e-5
220.47,8.121e+3,,3.699e-32,1.150e-26,,,3.550e-40,1.725e-22,,8.794e-50,7.993e+3,1.278e-7,1.967e-11,6.202e+1,5.902e-24,4.058e-28,,2.646e-29,,5.378e-2,1.790e-1,5.611e-17,,,2.415e-7,,4.186e-21,,2.261e-23,1.856e+1,4.709e+1,1.821e-7,1.187e-21,5.946e-25,,,,,,,,,,,,,,,,,,,,,,,,1.662e-20,,4.461e-5
220.5,8.049e+3,,3.645e-32,8.706e-27,,,2.785e-40,1.726e-22,,8.803e-50,7.893e+3,4.193e-8,3.398e-11,9.024e+1,5.625e-24,8.640e-29,,2.661e-29,,3.289e-2,2.781e-1,5.025e-17,,,1.235e-7,,4.188e-21,,2.271e-23,1.113e+1,5.438e+1,2.933e-7,1.188e-21,5.958e-25,,,,,,,,,,,,,,,,,,,,,,,,1.741e-20,,1.483e-5
220.52,7.874e+3,,3.608e-32,7.092e-27,,,2.324e-40,1.726e-22,,8.810e-50,7.693e+3,1.956e-8,4.798e-11,1.137e+2,5.441e-24,3.020e-29,,2.672e-29,,2.323e-2,3.659e-1,4.597e-17,,,7.745e-8,,4.190e-21,,2.278e-23,7.768e+0,5.952e+1,3.951e-7,1.189e-21,5.965e-25,,,,,,,,,,,,,,,,,,,,,,,,1.793e-20,,6.978e-6
220.55,7.463e+3,,3.554e-32,5.062e-27,,,1.719e-40,1.727e-22,,8.820e-50,7.234e+3,6.048e-9,7.815e-11,1.565e+2,5.164e-24,6.058e-30,,2.687e-29,,1.339e-2,5.363e-1,3.928e-17,,,3.734e-8,,4.192e-21,,2.288e-23,4.396e+0,6.735e+1,5.998e-7,1.190e-21,5.976e-25,,,,,,,,,,,,,,,,,,,,,,,,1.872e-20,,2.186e-6
220.57,7.122e+3,,3.518e-32,3.964e-27,,,1.378e-40,1.727e-22,,8.826e-50,6.856e+3,2.711e-9,1.061e-10,1.902e+2,4.979e-24,2.035e-30,,2.697e-29,,9.093e-3,6.786e-1,3.480e-17,,,2.250e-8,,4.194e-21,,2.294e-23,2.949e+0,7.249e+1,7.770e-7,1.191e-21,5.984e-25,,,,,,,,,,,,,,,,,,,,,,,,1.925e-20,,9.883e-7
220.6,6.578e+3,,3.463e-32,2.667e-27,,,9.612e-41,1.727e-22,,8.836e-50,6.247e+3,7.901e-10,1.630e-10,2.482e+2,4.702e-24,3.847e-31,,2.713e-29,,4.939e-3,9.378e-1,2.829e-17,,,1.022e-8,,4.196e-21,,2.304e-23,1.573e+0,7.986e+1,1.112e-6,1.192e-21,5.995e-25,,,,,,,,,,,,,,,,,,,,,,,,2.004e-20,,2.917e-7
220.62,6.237e+3,,3.427e-32,2.008e-27,,,7.412e-41,1.728e-22,,8.842e-50,5.859e+3,3.405e-10,2.127e-10,2.914e+2,4.518e-24,1.247e-31,,2.723e-29,,3.224e-3,1.141e+0,2.422e-17,,,5.923e-9,,4.197e-21,,2.311e-23,1.015e+0,8.444e+1,1.385e-6,1.193e-21,6.003e-25,,,,,,,,,,,,,,,,,,,,,,,,2.056e-20,,1.268e-7
220.64,5.951e+3,,3.390e-32,1.488e-27,,,5.627e-41,1.728e-22,,8.849e-50,5.522e+3,1.444e-10,2.734e-10,3.378e+2,4.333e-24,4.144e-32,,2.733e-29,,2.071e-3,1.367e+0,2.045e-17,,,3.378e-9,,4.199e-21,,2.317e-23,6.447e-1,8.868e+1,1.699e-6,1.193e-21,6.010e-25,,,,,,,,,,,,,,,,,,,,,,,,2.109e-20,,5.422e-8
220.67,5.685e+3,,3.336e-32,9.216e-28,,,3.615e-41,1.729e-22,,8.858e-50,5.176e+3,3.873e-11,3.869e-10,4.120e+2,4.056e-24,1.900e-32,,2.749e-29,,1.036e-3,1.739e+0,1.545e-17,,,1.412e-9,,4.201e-21,,2.327e-23,3.168e-1,9.433e+1,2.240e-6,1.195e-21,6.022e-25,,,,,,,,,,,,,,,,,,,,,,,,2.187e-20,,1.472e-8
220.69,5.654e+3,,3.299e-32,6.565e-28,,,2.641e-41,1.729e-22,,8.865e-50,5.090e+3,1.579e-11,4.782e-10,4.638e+2,3.871e-24,4.154e-32,,2.759e-29,,6.397e-4,2.003e+0,1.258e-17,,,7.740e-10,,4.203e-21,,2.334e-23,1.935e-1,9.755e+1,2.640e-6,1.195e-21,6.029e-25,,,,,,,,,,,,,,,,,,,,,,,,2.240e-20,,6.053e-9
220.72,5.874e+3,,3.245e-32,3.832e-28,,,1.603e-41,1.730e-22,,8.875e-50,5.226e+3,3.991e-12,6.384e-10,5.436e+2,3.594e-24,2.246e-31,,2.774e-29,,3.014e-4,2.404e+0,8.997e-18,,,3.049e-10,,4.205e-21,,2.344e-23,8.967e-2,1.015e+2,3.282e-6,1.196e-21,6.041e-25,,,,,,,,,,,,,,,,,,,,,,,,2.319e-20,,1.549e-9
220.74,6.216e+3,,3.208e-32,2.625e-28,,,1.129e-41,1.730e-22,,8.881e-50,5.512e+3,1.564e-12,7.591e-10,5.978e+2,3.410e-24,7.009e-31,,2.785e-29,,1.790e-4,2.662e+0,7.063e-18,,,1.607e-10,,4.206e-21,,2.350e-23,5.266e-2,1.034e+2,3.721e-6,1.197e-21,6.048e-25,,,,,,,,,,,,,,,,,,,,,,,,2.371e-20,,6.119e-10
220.77,7.028e+3,,3.154e-32,1.444e-28,,,6.517e-42,1.731e-22,,8.891e-50,6.240e+3,3.724e-13,9.562e-10,6.802e+2,3.133e-24,3.760e-30,,2.800e-29,,7.948e-5,3.012e+0,4.777e-18,,,5.966e-11,,4.208e-21,,2.360e-23,2.301e-2,1.052e+2,4.362e-6,1.198e-21,6.060e-25,,,,,,,,,,,,,,,,,,,,,,,,2.450e-20,,1.475e-10
220.79,7.759e+3,,3.118e-32,9.508e-29,,,4.468e-42,1.731e-22,,8.897e-50,6.914e+3,1.403e-13,1.094e-9,7.360e+2,2.948e-24,1.130e-29,,2.810e-29,,4.536e-5,3.207e+0,3.612e-18,,,3.021e-11,,4.210e-21,,2.367e-23,1.300e-2,1.056e+2,4.754e-6,1.199e-21,6.067e-25,,,,,,,,,,,,,,,,,,,,,,,,2.503e-20,,5.601e-11
220.82,9.096e+3,,3.063e-32,4.931e-29,,,2.544e-42,1.732e-22,,8.907e-50,8.165e+3,3.147e-14,1.303e-9,8.222e+2,2.671e-24,5.720e-29,,2.826e-29,,1.898e-5,3.421e+0,2.308e-18,,,1.057e-11,,4.212e-21,,2.376e-23,5.355e-3,1.048e+2,5.254e-6,1.200e-21,6.078e-25,,,,,,,,,,,,,,,,,,,,,,,,2.581e-20,,1.272e-11
220.84,1.011e+4,,3.027e-32,3.121e-29,,,1.799e-42,1.732e-22,,8.913e-50,9.119e+3,1.139e-14,1.436e-9,8.820e+2,2.486e-24,1.654e-28,,2.836e-29,,1.042e-5,3.503e+0,1.679e-18,,,5.147e-12,,4.214e-21,,2.383e-23,2.908e-3,1.033e+2,5.507e-6,1.201e-21,6.086e-25,,,,,,,,,,,,,,,,,,,,,,,,9.033e-20,,4.643e-12
220.87,1.172e+4,,2.972e-32,1.526e-29,,,1.230e-42,1.732e-22,,8.923e-50,1.064e+4,2.409e-15,1.619e-9,9.760e+2,2.210e-24,7.901e-28,,2.851e-29,,4.109e-6,3.523e+0,1.013e-18,,,1.697e-12,,4.216e-21,,2.393e-23,1.130e-3,9.973e+1,5.739e-6,1.202e-21,6.097e-25,,,,,,,,,,,,,,,,,,,,,,,,5.744e-19,,9.937e-13
220.89,1.279e+4,,2.936e-32,9.283e-30,,,1.127e-42,1.733e-22,,8.929e-50,1.165e+4,8.380e-16,1.724e-9,1.042e+3,2.025e-24,2.198e-27,,2.862e-29,,2.167e-6,3.468e+0,7.094e-19,,,7.941e-13,,4.217e-21,,2.399e-23,5.901e-4,9.651e+1,5.784e-6,1.203e-21,6.105e-25,,,,,,,,,,,,,,,,,,,,,,,,1.934e-18,,3.485e-13
220.92,1.429e+4,,2.881e-32,4.277e-30,,,1.323e-42,1.733e-22,,8.939e-50,1.305e+4,1.669e-16,1.849e-9,1.145e+3,1.316e-23,9.905e-27,,2.877e-29,,8.056e-7,3.290e+0,4.039e-19,,,2.468e-13,,4.220e-21,,2.409e-23,2.162e-4,9.078e+1,5.683e-6,1.204e-21,6.116e-25,,,,,,,,,,,,,,,,,,,,,,,,1.160e-17,,7.028e-14
220.94,1.514e+4,,2.845e-32,2.502e-30,,,1.691e-42,1.734e-22,,8.946e-50,1.384e+4,5.582e-17,1.909e-9,1.215e+3,4.496e-23,2.651e-26,,2.887e-29,,4.084e-7,3.114e+0,2.721e-19,,,1.110e-13,,4.221e-21,,2.416e-23,1.086e-4,8.663e+1,5.507e-6,1.205e-21,6.124e-25,,,,,,,,,,,,,,,,,,,,,,,,3.758e-17,,2.369e-14
220.97,1.611e+4,,2.790e-32,1.087e-30,,,2.666e-42,1.734e-22,,8.955e-50,1.471e+4,1.048e-17,1.968e-9,1.319e+3,2.758e-22,1.127e-25,,2.903e-29,,1.431e-7,2.785e+0,1.461e-19,,,3.251e-14,,4.223e-21,,2.426e-23,3.751e-5,8.057e+1,5.102e-6,1.206e-21,6.135e-25,,,,,,,,,,,,,,,,,,,,,,,,2.128e-16,,4.501e-15
220.99,1.650e+4,,2.754e-32,6.109e-31,,,3.668e-42,1.735e-22,,8.962e-50,1.504e+4,3.368e-18,1.988e-9,1.384e+3,9.063e-22,2.902e-25,,2.913e-29,,6.973e-8,2.534e+0,9.466e-20,,,1.405e-14,,4.225e-21,,2.432e-23,1.811e-5,7.708e+1,4.754e-6,1.207e-21,6.143e-25,,,,,,,,,,,,,,,,,,,,,,,,6.632e-16,,1.458e-15
221.01,1.666e+4,,2.718e-32,3.382e-31,,,5.028e-42,1.735e-22,,8.968e-50,1.514e+4,1.065e-18,1.999e-9,1.442e+3,2.933e-21,7.355e-25,,2.923e-29,,3.345e-8,2.271e+0,6.038e-20,,,5.981e-15,,4.226e-21,,2.439e-23,8.609e-6,7.441e+1,4.362e-6,1.207e-21,6.150e-25,,,,,,,,,,,,,,,,,,,,,,,,2.035e-15,,4.651e-16
221.04,1.645e+4,,2.663e-32,1.352e-31,,,7.915e-42,1.736e-22,,8.978e-50,1.487e+4,1.840e-19,2.009e-9,1.512e+3,1.659e-20,2.883e-24,,2.939e-29,,1.079e-8,1.870e+0,2.987e-20,,,1.612e-15,,4.229e-21,,2.449e-23,2.740e-6,7.267e+1,3.721e-6,1.209e-21,6.161e-25,,,,,,,,,,,,,,,,,,,,,,,,1.062e-14,,8.129e-17
221.06,1.602e+4,,2.627e-32,7.193e-32,,,1.054e-41,1.736e-22,,8.984e-50,1.440e+4,5.591e-20,2.020e-9,1.542e+3,5.165e-20,7.031e-24,,2.949e-29,,4.974e-9,1.611e+0,1.833e-20,,,6.594e-16,,4.230e-21,,2.455e-23,1.252e-6,7.348e+1,3.282e-6,1.209e-21,6.169e-25,,,,,,,,,,,,,,,,,,,,,,,,3.136e-14,,2.491e-17
221.09,1.498e+4,,2.572e-32,2.711e-32,,,1.574e-41,1.737e-22,,8.994e-50,1.334e+4,9.099e-21,2.055e-9,1.559e+3,2.757e-19,2.601e-23,,2.965e-29,,1.512e-9,1.251e+0,8.552e-21,,,1.675e-16,,4.232e-21,,2.465e-23,3.758e-7,7.829e+1,2.640e-6,1.211e-21,6.180e-25,,,,,,,,,,,,,,,,,,,,,,,,1.545e-13,,4.103e-18
221.11,1.407e+4,,2.536e-32,1.387e-32,,,2.020e-41,1.737e-22,,9.001e-50,1.243e+4,2.659e-21,2.099e-9,1.549e+3,8.258e-19,6.101e-23,,2.975e-29,,6.701e-10,1.036e+0,5.048e-21,,,6.585e-17,,4.234e-21,,2.472e-23,1.652e-7,8.416e+1,2.240e-6,1.211e-21,6.188e-25,,,,,,,,,,,,,,,,,,,,,,,,4.388e-13,,1.209e-18
221.14,1.246e+4,,2.481e-32,4.925e-33,,,2.851e-41,1.737e-22,,9.010e-50,1.086e+4,4.076e-22,2.201e-9,1.500e+3,4.160e-18,2.129e-22,,2.990e-29,,1.920e-10,7.588e-1,2.234e-21,,,1.576e-17,,4.236e-21,,2.482e-23,4.673e-8,9.710e+1,1.699e-6,1.212e-21,6.199e-25,,,,,,,,,,,,,,,,,,,,,,,,2.040e-12,,1.876e-19
221.16,1.129e+4,,2.445e-32,2.422e-33,,,3.519e-41,1.738e-22,,9.017e-50,9.732e+3,1.145e-22,2.295e-9,1.448e+3,1.199e-17,4.805e-22,,3.001e-29,,8.179e-11,6.045e-1,1.289e-21,,,5.957e-18,,4.237e-21,,2.488e-23,1.975e-8,1.084e+2,1.385e-6,1.213e-21,6.207e-25,,,,,,,,,,,,,,,,,,,,,,,,5.574e-12,,5.310e-20
221.19,9.489e+3,,2.390e-32,8.107e-34,,,4.687e-41,1.738e-22,,9.026e-50,8.016e+3,1.127e-22,2.469e-9,1.343e+3,5.698e-17,1.582e-21,,3.016e-29,,2.208e-11,4.173e-1,6.021e-22,,,1.344e-18,,4.240e-21,,2.498e-23,5.269e-9,1.288e+2,9.908e-7,1.214e-21,6.218e-25,,,,,,,,,,,,,,,,,,,,,,,,2.446e-11,,5.556e-20
221.21,8.313e+3,,2.354e-32,3.833e-34,,,5.564e-41,1.739e-22,,9.033e-50,6.908e+3,1.115e-22,2.601e-9,1.261e+3,1.580e-16,3.435e-21,,3.026e-29,,9.045e-12,3.196e-1,4.330e-22,,,4.882e-19,,4.241e-21,,2.505e-23,2.141e-9,1.442e+2,7.770e-7,1.215e-21,6.226e-25,,,,,,,,,,,,,,,,,,,,,,,,6.429e-11,,5.719e-20
221.24,6.663e+3,,2.299e-32,1.209e-34,,,6.990e-41,1.739e-22,,9.043e-50,5.366e+3,1.097e-22,2.804e-9,1.129e+3,7.088e-16,1.067e-20,,3.042e-29,,2.301e-12,2.080e-1,4.735e-22,,,1.038e-19,,4.243e-21,,2.515e-23,5.387e-10,1.688e+2,5.240e-7,1.216e-21,6.237e-25,,,,,,,,,,,,,,,,,,,,,,,,2.662e-10,,5.965e-20
221.26,5.673e+3,,2.263e-32,5.496e-35,,,7.982e-41,1.740e-22,,9.049e-50,4.446e+3,1.085e-22,2.931e-9,1.042e+3,1.891e-15,2.229e-20,,3.052e-29,,9.061e-13,1.532e-1,7.018e-22,,,3.624e-20,,4.245e-21,,2.521e-23,2.105e-10,1.853e+2,3.951e-7,1.217e-21,6.245e-25,,,,,,,,,,,,,,,,,,,,,,,,6.731e-10,,6.129e-20
221.29,4.389e+3,,2.208e-32,1.635e-35,,,9.458e-41,1.740e-22,,9.059e-50,3.257e+3,1.068e-22,3.088e-9,9.233e+2,8.004e-15,6.536e-20,,3.067e-29,,2.173e-13,9.402e-2,1.501e-21,,,7.259e-21,,4.247e-21,,2.531e-23,4.993e-11,2.087e+2,2.512e-7,1.218e-21,6.256e-25,,,,,,,,,,,,,,,,,,,,,,,,2.630e-9,,6.375e-20
221.31,3.677e+3,,2.172e-32,7.142e-36,,,1.039e-40,1.741e-22,,9.065e-50,2.595e+3,1.056e-22,3.159e-9,8.593e+2,2.054e-14,1.313e-19,,3.078e-29,,8.224e-14,6.658e-2,2.539e-21,,,2.437e-21,,4.249e-21,,2.538e-23,1.876e-11,2.225e+2,1.821e-7,1.219e-21,6.263e-25,,,,,,,,,,,,,,,,,,,,,,,,6.399e-9,,6.539e-20
221.34,2.827e+3,,2.118e-32,2.002e-36,,,1.161e-40,1.741e-22,,9.075e-50,1.792e+3,1.038e-22,3.198e-9,7.956e+2,8.207e-14,3.633e-19,,3.093e-29,,1.859e-14,3.853e-2,5.489e-21,,,4.600e-22,,4.251e-21,,2.547e-23,4.196e-12,2.391e+2,1.092e-7,1.220e-21,6.275e-25,,,,,,,,,,,,,,,,,,,,,,,,2.359e-8,,6.784e-20
221.36,2.399e+3,,2.081e-32,8.409e-37,,,1.226e-40,1.742e-22,,9.081e-50,1.373e+3,1.026e-22,3.173e-9,7.792e+2,2.027e-13,7.022e-19,,3.103e-29,,6.763e-15,2.623e-2,9.018e-21,,,1.484e-22,,4.252e-21,,2.554e-23,1.516e-12,2.467e+2,7.613e-8,1.221e-21,6.282e-25,,,,,,,,,,,,,,,,,,,,,,,,5.522e-8,,6.948e-20
221.39,1.946e+3,,2.027e-32,2.222e-37,,,1.292e-40,1.742e-22,,9.091e-50,8.942e+2,1.008e-22,3.058e-9,7.994e+2,7.640e-13,1.833e-18,,3.119e-29,,1.441e-15,1.431e-2,1.845e-20,,,2.641e-23,,4.255e-21,,1.653e-22,3.197e-13,2.522e+2,4.303e-8,1.222e-21,6.294e-25,,,,,,,,,,,,,,,,,,,,,,,,1.921e-7,,7.194e-20
221.41,1.755e+3,,1.990e-32,8.971e-38,,,1.313e-40,1.742e-22,,9.098e-50,6.588e+2,9.964e-23,2.930e-9,8.442e+2,1.815e-12,3.408e-18,,3.129e-29,,5.038e-16,9.371e-3,2.918e-20,,,8.189e-24,,4.256e-21,,5.631e-22,1.111e-13,2.519e+2,2.885e-8,1.223e-21,6.301e-25,,,,,,,,,,,,,,,,,,,,,,,,4.327e-7,,7.358e-20
221.43,1.640e+3,,1.954e-32,3.565e-38,,,1.313e-40,1.743e-22,,9.104e-50,4.779e+2,9.845e-23,2.767e-9,9.139e+2,4.246e-12,6.239e-18,,3.139e-29,,1.734e-16,6.040e-3,4.542e-20,,,2.500e-24,,4.258e-21,,1.889e-21,3.799e-14,2.484e+2,1.904e-8,1.223e-21,6.309e-25,,,,,,,,,,,,,,,,,,,,,,,,9.595e-7,,7.522e-20
221.46,1.587e+3,,1.899e-32,8.672e-39,,,1.275e-40,1.743e-22,,9.114e-50,2.866e+2,9.667e-23,2.469e-9,1.062e+3,1.476e-11,1.501e-17,,3.155e-29,,3.400e-17,3.035e-3,8.568e-20,,,4.093e-25,,4.260e-21,,1.128e-20,7.378e-15,2.379e+2,9.911e-9,1.225e-21,6.320e-25,,,,,,,,,,,,,,,,,,,,,,,,3.078e-6,,7.767e-20
221.48,1.614e+3,,1.863e-32,3.313e-39,,,1.226e-40,1.744e-22,,9.120e-50,1.999e+2,9.548e-23,2.245e-9,1.186e+3,3.322e-11,2.644e-17,,3.165e-29,,1.125e-17,1.881e-3,1.283e-19,,,1.201e-25,,4.261e-21,,3.640e-20,2.426e-15,2.280e+2,6.289e-9,1.225e-21,6.328e-25,,,,,,,,,,,,,,,,,,,,,,,,6.566e-6,,7.931e-20
221.51,1.723e+3,,1.808e-32,7.597e-40,,,1.123e-40,1.744e-22,,9.130e-50,1.131e+2,9.370e-23,1.892e-9,1.399e+3,1.090e-10,6.004e-17,,3.180e-29,,2.079e-18,8.910e-4,2.283e-19,,,1.853e-26,,4.263e-21,,2.052e-19,4.443e-16,2.102e+2,3.087e-9,1.226e-21,6.339e-25,,,,,,,,,,,,,,,,,,,,,,,,1.988e-5,,8.177e-20
221.53,1.826e+3,,1.772e-32,2.790e-40,,,1.039e-40,1.745e-22,,9.136e-50,7.584e+1,9.251e-23,1.656e-9,1.552e+3,2.360e-10,1.017e-16,,3.191e-29,,6.613e-19,5.310e-4,3.289e-19,,,5.227e-27,,4.265e-21,,6.373e-19,1.405e-16,1.972e+2,1.884e-9,1.227e-21,6.346e-25,,,,,,,,,,,,,,,,,,,,,,,,4.080e-5,,8.341e-20
221.56,2.001e+3,,1.718e-32,6.030e-41,,,8.972e-41,1.745e-22,,9.146e-50,4.045e+1,9.073e-23,1.317e-9,1.783e+3,7.306e-10,2.179e-16,,3.206e-29,,1.152e-19,2.372e-4,5.522e-19,,,5.114e-27,,4.267e-21,,3.390e-18,2.425e-17,1.779e+2,8.718e-10,1.228e-21,6.358e-25,,,,,,,,,,,,,,,,,,,,,,,,1.165e-4,,8.587e-20
221.58,2.120e+3,,1.681e-32,2.129e-41,,,7.981e-41,1.746e-22,,9.152e-50,2.608e+1,8.954e-23,1.109e-9,1.928e+3,1.522e-9,3.552e-16,,3.216e-29,,3.522e-20,1.359e-4,7.652e-19,,,5.039e-27,,4.269e-21,,1.013e-17,7.374e-18,1.660e+2,5.115e-10,1.229e-21,6.365e-25,,,,,,,,,,,,,,,,,,,,,,,,2.301e-4,,8.751e-20
221.61,2.282e+3,,1.627e-32,4.337e-42,,,6.503e-41,1.746e-22,,9.162e-50,1.312e+1,8.776e-23,8.321e-10,2.118e+3,4.447e-9,7.181e-16,,3.232e-29,,5.780e-21,5.724e-5,1.212e-18,,,4.927e-27,,4.271e-21,,5.089e-17,1.200e-18,1.512e+2,2.232e-10,1.230e-21,6.377e-25,,,,,,,,,,,,,,,,,,,,,,,,6.203e-4,,8.996e-20
221.63,2.369e+3,,1.590e-32,1.472e-42,,,5.563e-41,1.747e-22,,9.169e-50,8.135e+0,8.657e-23,6.739e-10,2.216e+3,8.913e-9,1.126e-15,,3.242e-29,,1.699e-21,3.153e-5,1.615e-18,,,4.852e-27,,4.272e-21,,1.464e-16,3.509e-19,1.441e+2,1.259e-10,1.231e-21,6.384e-25,,,,,,,,,,,,,,,,,,,,,,,,1.178e-3,,9.160e-20
221.66,2.455e+3,,1.536e-32,2.826e-43,,,4.275e-41,1.747e-22,,9.178e-50,3.858e+0,8.479e-23,4.769e-10,2.312e+3,2.457e-8,2.148e-15,,3.258e-29,,2.628e-22,1.252e-5,2.414e-18,,,4.739e-27,,4.275e-21,,6.940e-16,5.386e-20,1.387e+2,5.181e-11,1.232e-21,6.395e-25,,,,,,,,,,,,,,,,,,,,,,,,2.998e-3,,9.406e-20
221.68,2.479e+3,,1.499e-32,9.222e-44,,,3.518e-41,1.747e-22,,9.185e-50,2.300e+0,8.360e-23,3.715e-10,2.337e+3,4.739e-8,3.240e-15,,3.268e-29,,7.426e-23,6.634e-6,3.095e-18,,,4.664e-27,,4.276e-21,,1.921e-15,1.192e-20,1.392e+2,2.810e-11,1.233e-21,6.403e-25,,,,,,,,,,,,,,,,,,,,,,,,5.479e-3,,9.570e-20
221.71,2.460e+3,,1.445e-32,1.669e-44,,,2.550e-41,1.748e-22,,9.195e-50,1.029e+0,8.182e-23,2.480e-10,2.313e+3,1.233e-7,5.831e-15,,3.283e-29,,7.463e-23,2.484e-6,4.364e-18,,,4.551e-27,,4.278e-21,,8.597e-15,1.188e-20,1.464e+2,1.090e-11,1.234e-21,6.414e-25,,,,,,,,,,,,,,,,,,,,,,,,1.315e-2,,9.816e-20
221.73,2.413e+3,,1.408e-32,5.235e-45,,,2.017e-41,1.748e-22,,9.201e-50,5.899e-1,8.063e-23,1.857e-10,2.256e+3,2.288e-7,8.462e-15,,3.294e-29,,7.488e-23,1.265e-6,5.382e-18,,,4.476e-27,,4.280e-21,,2.290e-14,1.185e-20,1.557e+2,5.687e-12,1.235e-21,6.422e-25,,,,,,,,,,,,,,,,,,,,,,,,2.313e-2,,9.979e-20
221.76,2.295e+3,,1.354e-32,8.930e-46,,,1.379e-41,1.749e-22,,9.211e-50,2.487e-1,7.885e-23,1.169e-10,2.118e+3,5.616e-7,1.437e-14,,3.309e-29,,7.525e-23,4.467e-7,7.159e-18,,,4.363e-27,,4.282e-21,,9.673e-14,1.181e-20,1.765e+2,2.080e-12,1.236e-21,6.433e-25,,,,,,,,,,,,,,,,,,,,,,,,5.239e-2,,1.023e-19
221.78,2.190e+3,,1.318e-32,2.693e-46,,,1.050e-41,1.749e-22,,9.217e-50,1.371e-1,7.766e-23,8.424e-11,1.996e+3,1.003e-6,2.006e-14,,3.319e-29,,7.550e-23,2.188e-7,8.493e-18,,,4.288e-27,,4.284e-21,,2.480e-13,1.179e-20,1.946e+2,1.043e-12,1.237e-21,6.441e-25,,,,,,,,,,,,,,,,,,,,,,,,8.862e-2,,1.039e-19
221.8,2.070e+3,,1.281e-32,7.994e-47,,,7.870e-42,1.750e-22,,9.224e-50,7.444e-2,7.647e-23,5.974e-11,1.854e+3,1.762e-6,2.757e-14,,3.330e-29,,7.574e-23,1.055e-7,9.919e-18,,,4.213e-27,,4.285e-21,,6.259e-13,1.176e-20,2.159e+2,5.152e-13,1.237e-21,6.448e-25,,,,,,,,,,,,,,,,,,,,,,,,1.476e-1,,1.055e-19
221.83,1.872e+3,,1.227e-32,1.255e-47,,,4.967e-42,1.750e-22,,9.233e-50,2.891e-2,7.469e-23,3.465e-11,1.619e+3,3.990e-6,4.317e-14,,3.345e-29,,7.612e-23,3.430e-8,1.216e-17,,,4.100e-27,,4.287e-21,,2.439e-12,1.172e-20,2.526e+2,1.736e-13,1.239e-21,6.460e-25,,,,,,,,,,,,,,,,,,,,,,,,3.083e-1,,1.080e-19
221.85,1.734e+3,,1.190e-32,3.582e-48,,,3.594e-42,1.751e-22,,9.240e-50,1.509e-2,7.350e-23,2.363e-11,1.454e+3,6.747e-6,5.709e-14,,3.355e-29,,7.636e-23,1.590e-8,1.366e-17,,,4.025e-27,,4.289e-21,,5.924e-12,1.169e-20,2.795e+2,8.249e-14,1.239e-21,6.467e-25,,,,,,,,,,,,,,,,,,,,,,,,4.941e-1,,1.096e-19
221.88,1.529e+3,,1.136e-32,5.141e-37,,,2.178e-42,1.751e-22,,9.249e-50,5.526e-3,7.172e-23,1.293e-11,1.207e+3,1.441e-5,8.432e-14,,3.371e-29,,7.673e-23,4.875e-9,1.580e-17,,,3.912e-27,,4.291e-21,,2.179e-11,1.165e-20,3.215e+2,2.650e-14,1.241e-21,6.479e-25,,,,,,,,,,,,,,,,,,,,,,,,9.739e-1,,1.121e-19
221.9,1.400e+3,,1.099e-32,8.568e-37,,,1.568e-42,1.752e-22,,9.256e-50,2.774e-3,7.053e-23,8.480e-12,1.049e+3,2.345e-5,1.073e-13,,3.381e-29,,7.698e-23,2.173e-9,1.708e-17,,,3.837e-27,,4.292e-21,,5.094e-11,1.162e-20,3.496e+2,1.267e-14,1.241e-21,6.486e-25,,,,,,,,,,,,,,,,,,,,,,,,1.502e+0,,1.137e-19
221.93,1.221e+3,,1.045e-32,1.371e-36,,,1.038e-42,1.752e-22,,9.266e-50,9.578e-4,6.875e-23,4.375e-12,8.285e+2,4.728e-5,1.495e-13,,3.396e-29,,7.735e-23,6.282e-10,1.864e-17,,,3.725e-27,,4.295e-21,,1.769e-10,1.158e-20,3.893e+2,5.895e-15,1.242e-21,6.497e-25,,,,,,,,,,,,,,,,,,,,,,,,2.793e+0,,1.162e-19
221.95,1.114e+3,,1.008e-32,1.714e-36,,,9.024e-43,1.752e-22,,9.272e-50,4.623e-4,6.756e-23,2.760e-12,6.967e+2,7.402e-5,1.830e-13,,3.407e-29,,7.760e-23,2.693e-10,1.938e-17,,,3.650e-27,,4.296e-21,,3.978e-10,1.156e-20,4.129e+2,6.534e-15,1.243e-21,6.505e-25,,,,,,,,,,,,,,,,,,,,,,,,4.143e+0,,1.178e-19
221.98,9.736e+2,,9.539e-33,2.228e-36,,,1.019e-42,1.753e-22,,9.282e-50,1.505e-4,6.578e-23,1.343e-12,5.244e+2,1.408e-4,2.407e-13,,3.422e-29,,7.797e-23,7.339e-11,1.995e-17,,,3.537e-27,,4.298e-21,,1.304e-9,1.152e-20,4.419e+2,1.557e-14,1.244e-21,6.516e-25,,,,,,,,,,,,,,,,,,,,,,,,7.270e+0,,1.203e-19
222,8.934e+2,,9.175e-33,2.570e-36,,,1.343e-42,1.753e-22,,9.288e-50,6.986e-5,6.459e-23,8.147e-13,4.271e+2,2.121e-4,2.833e-13,,3.432e-29,,7.822e-23,3.025e-11,1.995e-17,,,3.462e-27,,4.300e-21,,2.823e-9,1.149e-20,4.559e+2,3.138e-14,1.245e-21,6.524e-25,,,,,,,,,,,,,,,,,,,,,,,,1.038e+1,,1.219e-19
222.03,7.915e+2,,8.630e-33,3.085e-36,,,2.345e-42,1.754e-22,,9.298e-50,2.145e-5,6.281e-23,3.739e-13,3.066e+2,3.808e-4,3.516e-13,,3.448e-29,,7.859e-23,7.772e-12,1.938e-17,,,3.349e-27,,4.302e-21,,8.734e-9,1.145e-20,4.677e+2,8.977e-14,1.246e-21,6.535e-25,,,,,,,,,,,,,,,,,,,,,,,,1.718e+1,,1.244e-19
222.05,7.346e+2,,8.266e-33,3.427e-36,,,3.501e-42,1.754e-22,,9.304e-50,9.572e-6,6.162e-23,2.181e-13,2.419e+2,5.518e-4,3.982e-13,,3.458e-29,,7.884e-23,3.080e-12,1.864e-17,,,3.274e-27,,4.304e-21,,1.819e-8,1.142e-20,4.691e+2,1.780e-13,1.247e-21,6.543e-25,,,,,,,,,,,,,,,,,,,,,,,,2.359e+1,,1.260e-19
222.08,6.642e+2,,7.720e-33,3.941e-36,,,6.352e-42,1.755e-22,,9.314e-50,2.771e-6,5.984e-23,9.440e-14,1.656e+2,9.349e-4,4.663e-13,,3.473e-29,,7.921e-23,7.463e-13,1.708e-17,,,3.161e-27,,4.306e-21,,5.314e-8,1.138e-20,4.617e+2,4.834e-13,1.248e-21,6.554e-25,,,,,,,,,,,,,,,,,,,,,,,,3.687e+1,,1.285e-19
222.1,6.261e+2,,7.357e-33,4.284e-36,,,9.322e-42,1.755e-22,,9.321e-50,1.189e-6,5.865e-23,5.297e-14,1.267e+2,1.303e-3,5.081e-13,,3.484e-29,,7.946e-23,2.844e-13,1.580e-17,,,3.086e-27,,4.307e-21,,1.065e-7,1.135e-20,4.508e+2,9.229e-13,1.249e-21,6.562e-25,,,,,,,,,,,,,,,,,,,,,,,,4.871e+1,,1.301e-19
222.13,5.815e+2,,6.811e-33,4.798e-36,,,1.614e-41,1.756e-22,,9.330e-50,3.246e-7,5.687e-23,2.162e-14,8.271e+1,2.084e-3,5.613e-13,,3.499e-29,,7.983e-23,6.497e-14,1.366e-17,,,2.973e-27,,4.310e-21,,2.937e-7,1.131e-20,4.269e+2,2.365e-12,1.250e-21,6.573e-25,,,,,,,,,,,,,,,,,,,,,,,,7.184e+1,,1.326e-19
222.15,5.596e+2,,6.448e-33,5.141e-36,,,2.284e-41,1.756e-22,,9.337e-50,1.340e-7,5.568e-23,1.167e-14,6.128e+1,2.795e-3,5.884e-13,,3.509e-29,,8.007e-23,2.381e-14,1.216e-17,,,1.041e-26,,4.311e-21,,5.665e-7,1.129e-20,4.070e+2,4.345e-12,1.251e-21,6.580e-25,,,,,,,,,,,,,,,,,,,,,,,,9.129e+1,,1.342e-19
222.17,5.439e+2,,6.084e-33,5.484e-36,,,3.183e-41,1.757e-22,,9.343e-50,5.442e-8,5.450e-23,6.198e-15,4.483e+1,3.692e-3,6.073e-13,,3.520e-29,,8.032e-23,8.588e-15,1.066e-17,,,3.589e-26,,4.313e-21,,1.076e-6,1.126e-20,3.848e+2,7.861e-12,1.252e-21,6.588e-25,,,,,,,,,,,,,,,,,,,,,,,,1.142e+2,,1.358e-19
222.2,5.317e+2,,5.539e-33,5.998e-36,,,5.088e-41,1.757e-22,,9.353e-50,1.368e-8,5.271e-23,2.330e-15,2.738e+1,5.443e-3,6.186e-13,,3.535e-29,,8.069e-23,1.807e-15,8.493e-18,,,2.233e-25,,4.315e-21,,2.737e-6,1.122e-20,3.490e+2,1.858e-11,1.253e-21,6.599e-25,,,,,,,,,,,,,,,,,,,,,,,,1.553e+2,,1.383e-19
222.22,5.309e+2,,5.175e-33,6.340e-36,,,6.824e-41,1.757e-22,,9.359e-50,5.346e-9,5.153e-23,1.191e-15,1.939e+1,6.916e-3,6.142e-13,,3.545e-29,,8.094e-23,6.267e-16,7.159e-18,,,7.409e-25,,4.316e-21,,5.004e-6,1.119e-20,3.245e+2,3.235e-11,1.253e-21,6.607e-25,,,,,,,,,,,,,,,,,,,,,,,,1.870e+2,,1.399e-19
222.25,5.395e+2,,4.629e-33,6.854e-36,,,1.030e-40,1.758e-22,,9.369e-50,1.267e-9,4.974e-23,4.223e-16,1.128e+1,9.623e-3,5.903e-13,,3.561e-29,,8.131e-23,1.243e-16,5.382e-18,,,4.353e-24,,4.318e-21,,1.202e-5,1.115e-20,2.882e+2,7.218e-11,1.255e-21,6.618e-25,,,,,,,,,,,,,,,,,,,,,,,,2.400e+2,,1.424e-19
222.27,5.508e+2,,4.266e-33,7.197e-36,,,1.329e-40,1.758e-22,,9.376e-50,4.761e-10,4.856e-23,2.075e-16,7.732e+0,1.176e-2,5.639e-13,,3.571e-29,,8.156e-23,4.146e-17,4.364e-18,,,1.390e-23,,4.320e-21,,2.114e-5,1.112e-20,2.651e+2,1.209e-10,1.255e-21,6.626e-25,,,,,,,,,,,,,,,,,,,,,,,,2.780e+2,,1.440e-19
222.3,5.734e+2,,3.720e-33,7.711e-36,,,1.892e-40,1.759e-22,,9.385e-50,1.064e-10,4.677e-23,6.939e-17,4.279e+0,1.545e-2,5.113e-13,,3.587e-29,,8.193e-23,7.754e-18,3.095e-18,,,7.713e-23,,4.322e-21,,4.793e-5,1.108e-20,2.325e+2,2.546e-10,1.256e-21,6.637e-25,,,,,,,,,,,,,,,,,,,,,,,,3.366e+2,,1.465e-19
222.32,5.905e+2,,3.357e-33,8.054e-36,,,2.350e-40,1.759e-22,,9.392e-50,3.845e-11,4.559e-23,3.279e-17,2.836e+0,1.817e-2,4.699e-13,,3.597e-29,,8.218e-23,2.486e-18,2.414e-18,,,2.371e-22,,4.324e-21,,8.114e-5,1.106e-20,2.125e+2,4.104e-10,1.257e-21,6.645e-25,,,,,,,,,,,,,,,,,,,,,,,,3.751e+2,,1.481e-19
222.35,6.153e+2,,2.811e-33,8.568e-36,,,3.159e-40,1.760e-22,,9.401e-50,8.105e-12,4.380e-23,1.034e-17,1.492e+0,2.251e-2,4.021e-13,,3.612e-29,,8.255e-23,4.385e-19,1.615e-18,,,1.242e-21,,4.326e-21,,1.737e-4,1.102e-20,1.852e+2,8.159e-10,1.258e-21,6.656e-25,,,,,,,,,,,,,,,,,,,,,,,,4.286e+2,,1.506e-19
222.37,6.291e+2,,2.448e-33,8.911e-36,,,3.776e-40,1.760e-22,,9.408e-50,2.815e-12,4.262e-23,4.700e-18,9.551e-1,2.548e-2,3.554e-13,,3.623e-29,,8.280e-23,1.352e-19,1.212e-18,,,3.676e-21,,4.327e-21,,2.830e-4,1.099e-20,1.687e+2,1.265e-9,1.259e-21,6.664e-25,,,,,,,,,,,,,,,,,,,,,,,,4.595e+2,,1.522e-19
222.4,6.422e+2,,1.902e-33,9.425e-36,,,4.797e-40,1.761e-22,,9.418e-50,5.596e-13,4.083e-23,1.398e-18,4.768e-1,2.979e-2,2.870e-13,,3.638e-29,,8.317e-23,2.248e-20,7.652e-19,,,1.818e-20,,4.330e-21,,5.719e-4,1.095e-20,1.463e+2,2.374e-9,1.260e-21,6.675e-25,,,,,,,,,,,,,,,,,,,,,,,,4.954e+2,,1.547e-19
222.42,6.442e+2,,1.539e-33,9.768e-36,,,5.522e-40,1.761e-22,,9.424e-50,1.869e-13,3.965e-23,6.111e-19,2.948e-1,3.243e-2,2.441e-13,,3.648e-29,,8.342e-23,6.665e-21,5.522e-19,,,5.179e-20,,4.331e-21,,8.969e-4,1.092e-20,1.329e+2,3.543e-9,1.261e-21,6.682e-25,,,,,,,,,,,,,,,,,,,,,,,,5.110e+2,,1.563e-19
222.45,6.351e+2,,9.930e-34,1.028e-35,,,6.635e-40,1.762e-22,,9.434e-50,3.503e-14,3.786e-23,1.715e-19,1.395e-1,3.579e-2,1.859e-13,,3.664e-29,,8.379e-23,1.045e-21,3.289e-19,,,2.419e-19,,4.333e-21,,1.712e-3,1.088e-20,1.150e+2,6.275e-9,1.262e-21,6.694e-25,,,,,,,,,,,,,,,,,,,,,,,,5.200e+2,,1.588e-19
222.47,6.206e+2,,4.460e-33,1.062e-35,,,7.366e-40,1.762e-22,,9.440e-50,1.125e-14,3.668e-23,7.207e-20,8.322e-2,3.749e-2,1.521e-13,,3.674e-29,,8.403e-23,2.979e-22,2.283e-19,,,6.633e-19,,4.335e-21,,2.583e-3,1.085e-20,1.045e+2,9.011e-9,1.263e-21,6.701e-25,,,,,,,,,,,,,,,,,,,,,,,,5.160e+2,,1.604e-19
222.5,5.866e+2,,2.838e-32,1.114e-35,,,8.398e-40,1.763e-22,,9.450e-50,1.989e-15,3.490e-23,1.907e-20,3.731e-2,3.904e-2,1.094e-13,,3.689e-29,,8.440e-23,4.795e-22,1.283e-19,,,2.926e-18,,4.337e-21,,4.656e-3,1.081e-20,9.104e+1,1.506e-8,1.264e-21,6.713e-25,,,,,,,,,,,,,,,,,,,,,,,,4.954e+2,,1.629e-19
222.52,5.566e+2,,9.563e-32,1.148e-35,,,9.019e-40,1.763e-22,,9.456e-50,6.142e-16,3.371e-23,7.708e-21,2.146e-2,3.934e-2,8.608e-14,,3.700e-29,,8.465e-23,6.006e-22,8.568e-20,,,7.720e-18,,4.339e-21,,6.765e-3,1.079e-20,8.360e+1,2.082e-8,1.265e-21,6.720e-25,,,,,,,,,,,,,,,,,,,,,,,,4.730e+2,,1.645e-19
222.54,5.221e+2,,3.174e-31,1.182e-35,,,9.572e-40,1.763e-22,,9.463e-50,1.867e-16,3.252e-23,3.067e-21,1.216e-2,3.904e-2,6.671e-14,,3.710e-29,,8.490e-23,7.217e-22,5.634e-20,,,2.006e-17,,4.340e-21,,9.681e-3,1.076e-20,7.743e+1,2.832e-8,1.266e-21,6.728e-25,,,,,,,,,,,,,,,,,,,,,,,,4.446e+2,,1.662e-19
222.57,4.642e+2,,1.869e-30,1.234e-35,,,1.027e-39,1.764e-22,,9.472e-50,3.040e-17,3.074e-23,7.478e-22,5.048e-3,3.749e-2,4.421e-14,,3.725e-29,,8.527e-23,9.033e-22,2.918e-20,,,8.168e-17,,4.342e-21,,1.611e-2,1.072e-20,7.051e+1,4.367e-8,1.267e-21,6.739e-25,,,,,,,,,,,,,,,,,,,,,,,,3.936e+2,,1.686e-19
222.59,4.235e+2,,5.973e-30,1.268e-35,,,1.065e-39,1.764e-22,,9.479e-50,8.887e-18,2.955e-23,2.862e-22,2.757e-3,3.580e-2,3.296e-14,,3.736e-29,,8.552e-23,1.024e-21,1.845e-20,,,2.043e-16,,4.344e-21,,2.219e-2,1.069e-20,6.741e+1,5.718e-8,1.267e-21,6.747e-25,,,,,,,,,,,,,,,,,,,,,,,,3.560e+2,,1.702e-19
222.62,3.623e+2,,3.316e-29,1.319e-35,,,1.117e-39,1.765e-22,,9.489e-50,1.364e-18,2.777e-23,6.580e-23,1.082e-3,3.244e-2,2.061e-14,,3.751e-29,,8.589e-23,1.206e-21,9.016e-21,,,7.854e-16,,4.346e-21,,3.489e-2,1.065e-20,6.484e+1,8.322e-8,1.269e-21,6.758e-25,,,,,,,,,,,,,,,,,,,,,,,,2.974e+2,,1.727e-19
222.64,3.232e+2,,1.020e-28,1.354e-35,,,1.151e-39,1.765e-22,,9.495e-50,1.347e-18,2.658e-23,2.422e-23,5.691e-4,2.981e-2,1.478e-14,,3.761e-29,,8.614e-23,1.327e-21,5.486e-21,,,1.891e-15,,4.347e-21,,4.629e-2,1.062e-20,6.433e+1,1.048e-7,1.269e-21,6.765e-25,,,,,,,,,,,,,,,,,,,,,,,,2.588e+2,,1.743e-19
222.67,2.691e+2,,5.352e-28,1.405e-35,,,1.213e-39,1.766e-22,,9.505e-50,1.320e-18,2.480e-23,5.251e-24,2.110e-4,2.551e-2,8.724e-15,,3.777e-29,,8.651e-23,1.509e-21,2.529e-21,,,6.865e-15,,4.350e-21,,6.878e-2,1.058e-20,6.497e+1,1.440e-7,1.271e-21,6.777e-25,,,,,,,,,,,,,,,,,,,,,,,,2.040e+2,,1.768e-19
222.69,2.369e+2,,1.585e-27,1.439e-35,,,1.270e-39,1.766e-22,,9.511e-50,1.303e-18,8.500e-23,1.859e-24,1.069e-4,2.256e-2,6.020e-15,,3.787e-29,,8.676e-23,1.630e-21,1.480e-21,,,1.591e-14,,4.351e-21,,8.790e-2,1.056e-20,6.605e+1,1.746e-7,1.271e-21,6.784e-25,,,,,,,,,,,,,,,,,,,,,,,,1.708e+2,,1.784e-19
222.72,1.954e+2,,7.855e-27,1.491e-35,,,1.390e-39,1.767e-22,,9.521e-50,1.277e-18,5.243e-22,3.801e-25,3.746e-5,1.826e-2,3.352e-15,,3.802e-29,,8.713e-23,1.811e-21,6.436e-22,,,5.454e-14,,4.353e-21,,1.235e-1,1.052e-20,6.817e+1,2.264e-7,1.272e-21,6.796e-25,,,,,,,,,,,,,,,,,,,,,,,,1.271e+2,,1.809e-19
222.74,1.721e+2,,2.240e-26,1.525e-35,,,1.501e-39,1.767e-22,,9.527e-50,1.259e-18,1.730e-21,1.294e-25,1.826e-5,1.558e-2,2.225e-15,,3.813e-29,,8.737e-23,1.932e-21,3.623e-22,,,1.216e-13,,4.355e-21,,1.521e-1,1.049e-20,6.964e+1,2.641e-7,1.273e-21,6.803e-25,,,,,,,,,,,,,,,,,,,,,,,,1.023e+2,,1.825e-19
222.77,1.436e+2,,1.049e-25,1.577e-35,,,1.723e-39,1.768e-22,,9.537e-50,1.233e-18,1.008e-20,2.495e-26,6.043e-6,1.200e-2,1.169e-15,,3.828e-29,,8.775e-23,2.114e-21,1.486e-22,,,3.938e-13,,4.357e-21,,2.022e-1,1.045e-20,7.152e+1,3.232e-7,1.274e-21,6.814e-25,,,,,,,,,,,,,,,,,,,,,,,,7.184e+1,,1.850e-19
222.79,1.283e+2,,2.879e-25,1.611e-35,,,1.912e-39,1.768e-22,,9.544e-50,1.215e-18,3.202e-20,8.169e-27,2.836e-6,9.964e-3,7.465e-16,,3.838e-29,,8.799e-23,2.235e-21,8.049e-23,,,8.454e-13,,4.359e-21,,2.401e-1,1.042e-20,7.235e+1,3.628e-7,1.275e-21,6.822e-25,,,,,,,,,,,,,,,,,,,,,,,,5.566e+1,,1.866e-19
222.82,1.099e+2,,1.273e-24,1.662e-35,,,2.254e-39,1.769e-22,,9.553e-50,1.189e-18,1.762e-19,1.486e-27,8.861e-7,7.485e-3,3.701e-16,,3.854e-29,,8.836e-23,2.417e-21,3.116e-23,,,2.584e-12,,4.361e-21,,3.023e-1,1.038e-20,7.276e+1,4.191e-7,1.276e-21,6.833e-25,,,,,,,,,,,,,,,,,,,,,,,,3.687e+1,,1.891e-19
222.84,1.003e+2,,3.366e-24,1.696e-35,,,2.517e-39,1.769e-22,,9.560e-50,1.172e-18,5.388e-19,4.678e-28,4.002e-7,6.229e-3,2.274e-16,,3.864e-29,,8.861e-23,2.538e-21,1.623e-23,,,5.340e-12,,4.362e-21,,3.462e-1,1.035e-20,7.242e+1,4.527e-7,1.277e-21,6.841e-25,,,,,,,,,,,,,,,,,,,,,,,,2.749e+1,,1.907e-19
222.87,8.867e+1,,1.406e-23,1.748e-35,,,2.950e-39,1.770e-22,,9.569e-50,1.145e-18,2.801e-18,8.025e-29,1.180e-7,4.930e-3,1.064e-16,,3.880e-29,,8.898e-23,2.719e-21,5.927e-24,,,1.542e-11,,4.365e-21,,4.133e-1,1.031e-20,7.106e+1,4.936e-7,1.278e-21,6.852e-25,,,,,,,,,,,,,,,,,,,,,,,,1.718e+1,,1.932e-19
222.89,8.248e+1,,3.580e-23,1.782e-35,,,3.250e-39,1.770e-22,,9.576e-50,1.128e-18,8.246e-18,2.430e-29,5.129e-8,4.440e-3,6.286e-17,,3.890e-29,,8.923e-23,2.840e-21,2.970e-24,,,3.066e-11,,4.366e-21,,4.571e-1,1.029e-20,6.969e+1,5.130e-7,1.279e-21,6.860e-25,,,,,,,,,,,,,,,,,,,,,,,,1.232e+1,,1.948e-19
222.91,7.728e+1,,8.976e-23,1.816e-35,,,3.549e-39,1.770e-22,,9.582e-50,1.110e-18,2.391e-17,7.243e-30,2.195e-8,4.236e-3,3.658e-17,,3.900e-29,,8.948e-23,2.961e-21,1.465e-24,,,6.006e-11,,4.368e-21,,4.986e-1,1.026e-20,6.808e+1,5.250e-7,1.280e-21,6.867e-25,,,,,,,,,,,,,,,,,,,,,,,,8.702e+0,,1.965e-19
222.94,7.111e+1,,3.464e-22,1.868e-35,,,3.967e-39,1.771e-22,,9.592e-50,1.084e-18,1.147e-16,1.145e-30,5.970e-9,4.431e-3,1.578e-17,,3.916e-29,,8.985e-23,3.143e-21,4.931e-25,,,1.600e-10,,4.370e-21,,5.538e-1,1.022e-20,6.553e+1,5.280e-7,1.281e-21,6.879e-25,,,,,,,,,,,,,,,,,,,,,,,,5.016e+0,,1.989e-19
222.96,6.801e+1,,8.363e-22,1.902e-35,,,4.209e-39,1.771e-22,,9.599e-50,1.067e-18,3.203e-16,3.281e-31,2.458e-9,4.873e-3,8.832e-18,,3.926e-29,,9.010e-23,3.264e-21,2.340e-25,,,3.017e-10,,4.371e-21,,5.841e-1,1.019e-20,6.401e+1,5.200e-7,1.282e-21,6.886e-25,,,,,,,,,,,,,,,,,,,,,,,,3.408e+0,,2.006e-19
222.99,6.494e+1,,3.049e-21,1.954e-35,,,4.490e-39,1.772e-22,,9.608e-50,1.040e-18,1.452e-15,3.273e-31,6.308e-10,5.957e-3,3.594e-18,,3.941e-29,,9.047e-23,3.446e-21,7.431e-26,,,7.589e-10,,4.374e-21,,6.175e-1,1.015e-20,6.247e+1,4.936e-7,1.283e-21,6.898e-25,,,,,,,,,,,,,,,,,,,,,,,,1.854e+0,,2.030e-19
223.01,6.406e+1,,7.088e-21,1.988e-35,,,4.610e-39,1.772e-22,,9.615e-50,1.023e-18,3.902e-15,3.267e-31,2.499e-10,6.929e-3,1.936e-18,,3.952e-29,,9.071e-23,3.567e-21,3.392e-26,,,1.377e-9,,4.375e-21,,6.307e-1,1.012e-20,6.221e+1,4.677e-7,1.283e-21,6.905e-25,,,,,,,,,,,,,,,,,,,,,,,,1.212e+0,,2.047e-19
223.04,6.471e+1,,2.442e-20,2.039e-35,,,4.675e-39,1.773e-22,,9.624e-50,9.965e-19,1.671e-14,3.259e-31,6.051e-11,8.697e-3,7.433e-19,,3.967e-29,,9.109e-23,3.748e-21,1.016e-26,,,3.272e-9,,4.377e-21,,6.360e-1,1.008e-20,6.344e+1,4.191e-7,1.285e-21,6.916e-25,,,,,,,,,,,,,,,,,,,,,,,,6.219e-1,,2.071e-19
223.06,6.660e+1,,5.467e-20,2.073e-35,,,4.639e-39,1.773e-22,,9.631e-50,9.790e-19,4.322e-14,3.253e-31,2.306e-11,1.003e-2,3.852e-19,,3.977e-29,,9.133e-23,3.870e-21,4.463e-27,,,5.715e-9,,4.379e-21,,6.298e-1,1.006e-20,6.557e+1,3.822e-7,1.285e-21,6.924e-25,,,,,,,,,,,,,,,,,,,,,,,,3.911e-1,,2.088e-19
223.09,7.184e+1,,1.780e-19,2.125e-35,,,4.468e-39,1.774e-22,,9.641e-50,9.527e-19,1.748e-13,3.245e-31,5.269e-12,1.218e-2,1.396e-19,,3.993e-29,,9.170e-23,4.051e-21,1.261e-27,,,1.282e-8,,4.381e-21,,6.071e-1,1.002e-20,7.103e+1,3.233e-7,1.286e-21,6.935e-25,,,,,,,,,,,,,,,,,,,,,,,,1.894e-1,,2.112e-19
223.11,7.700e+1,,3.837e-19,2.159e-35,,,4.284e-39,1.774e-22,,9.647e-50,9.352e-19,4.353e-13,3.239e-31,1.931e-12,1.363e-2,6.957e-20,,4.003e-29,,9.195e-23,4.172e-21,5.327e-28,,,2.156e-8,,4.382e-21,,5.839e-1,9.989e-21,7.629e+1,2.836e-7,1.287e-21,6.943e-25,,,,,,,,,,,,,,,,,,,,,,,,1.146e-1,,2.128e-19
223.14,8.723e+1,,1.181e-18,2.211e-35,,,3.921e-39,1.775e-22,,9.657e-50,9.090e-19,1.663e-12,3.231e-31,4.164e-13,1.570e-2,2.379e-20,,4.018e-29,,9.232e-23,4.354e-21,1.421e-28,,,4.566e-8,,4.385e-21,,5.391e-1,9.949e-21,8.662e+1,2.265e-7,1.288e-21,6.954e-25,,,,,,,,,,,,,,,,,,,,,,,,5.239e-2,,2.153e-19
223.16,9.559e+1,,2.451e-18,2.245e-35,,,3.636e-39,1.775e-22,,9.663e-50,8.915e-19,3.987e-12,3.225e-31,1.468e-13,1.695e-2,1.141e-20,,4.029e-29,,9.257e-23,4.475e-21,5.772e-29,,,7.389e-8,,4.386e-21,,5.041e-1,9.922e-21,9.504e+1,1.913e-7,1.289e-21,6.962e-25,,,,,,,,,,,,,,,,,,,,,,,,3.049e-2,,2.169e-19
223.19,1.101e+2,,7.128e-18,2.296e-35,,,3.169e-39,1.775e-22,,9.673e-50,8.652e-19,1.439e-11,3.217e-31,2.986e-14,1.847e-2,3.680e-21,,4.044e-29,,9.294e-23,4.657e-21,1.452e-29,,,1.478e-7,,4.388e-21,,4.465e-1,9.881e-21,1.096e+2,1.445e-7,1.290e-21,6.973e-25,,,,,,,,,,,,,,,,,,,,,,,,1.315e-2,,2.194e-19
223.21,1.207e+2,,1.425e-17,2.331e-35,,,2.846e-39,1.776e-22,,9.679e-50,8.477e-19,3.321e-11,3.211e-31,1.013e-14,1.918e-2,1.698e-21,,4.054e-29,,9.319e-23,4.778e-21,5.675e-30,,,2.302e-7,,4.390e-21,,4.063e-1,9.854e-21,1.202e+2,1.177e-7,1.291e-21,6.981e-25,,,,,,,,,,,,,,,,,,,,,,,,7.364e-3,,2.210e-19
223.24,1.372e+2,,3.918e-17,2.382e-35,,,2.367e-39,1.776e-22,,9.689e-50,8.214e-19,1.132e-10,3.203e-31,1.944e-15,1.974e-2,5.169e-22,,4.070e-29,,9.356e-23,4.959e-21,1.347e-30,,,4.349e-7,,4.392e-21,,3.455e-1,9.814e-21,1.368e+2,8.466e-8,1.292e-21,6.992e-25,,,,,,,,,,,,,,,,,,,,,,,,2.998e-3,,2.235e-19
223.26,1.480e+2,,7.545e-17,2.416e-35,,,2.062e-39,1.777e-22,,9.695e-50,8.039e-19,2.515e-10,3.197e-31,6.341e-16,1.974e-2,2.294e-22,,4.080e-29,,9.381e-23,5.080e-21,5.064e-31,,,6.520e-7,,4.394e-21,,3.060e-1,9.787e-21,1.477e+2,6.728e-8,1.293e-21,6.999e-25,,,,,,,,,,,,,,,,,,,,,,,,1.615e-3,,2.251e-19
223.29,1.631e+2,,1.961e-16,2.468e-35,,,1.641e-39,1.777e-22,,9.705e-50,7.777e-19,8.097e-10,3.189e-31,1.148e-16,1.918e-2,6.590e-23,,4.095e-29,,9.418e-23,5.262e-21,1.134e-31,,,1.163e-6,,4.396e-21,,2.498e-1,9.746e-21,1.628e+2,4.783e-8,1.294e-21,7.011e-25,,,,,,,,,,,,,,,,,,,,,,,,6.203e-4,,2.276e-19
223.31,1.717e+2,,3.637e-16,2.502e-35,,,1.390e-39,1.778e-22,,9.712e-50,7.601e-19,1.732e-9,3.183e-31,3.599e-17,1.846e-2,2.814e-23,,4.106e-29,,9.443e-23,5.383e-21,4.100e-32,,,1.678e-6,,4.397e-21,,2.152e-1,9.719e-21,1.715e+2,3.904e-8,1.295e-21,7.018e-25,,,,,,,,,,,,,,,,,,,,,,,,3.215e-4,,2.292e-19
223.33,1.787e+2,,6.647e-16,2.536e-35,,,1.165e-39,1.778e-22,,9.718e-50,7.426e-19,3.649e-9,3.177e-31,1.112e-17,1.749e-2,1.183e-23,,4.116e-29,,9.467e-23,5.504e-21,1.460e-32,,,2.385e-6,,4.399e-21,,1.834e-1,9.692e-21,1.785e+2,3.340e-8,1.296e-21,7.026e-25,,,,,,,,,,,,,,,,,,,,,,,,1.641e-4,,2.309e-19
223.36,1.855e+2,,1.597e-15,2.588e-35,,,8.759e-40,1.779e-22,,9.728e-50,7.164e-19,1.085e-8,3.169e-31,1.856e-18,1.568e-2,3.133e-24,,4.131e-29,,9.504e-23,5.686e-21,3.013e-33,,,3.927e-6,,4.401e-21,,1.411e-1,9.652e-21,1.854e+2,3.070e-8,1.297e-21,7.037e-25,,,,,,,,,,,,,,,,,,,,,,,,5.811e-5,,2.333e-19
223.38,1.873e+2,,2.812e-15,2.622e-35,,,7.154e-40,1.779e-22,,9.734e-50,6.989e-19,2.200e-8,3.163e-31,5.517e-19,1.430e-2,1.267e-24,,4.142e-29,,9.529e-23,5.807e-21,1.032e-33,,,5.371e-6,,4.403e-21,,1.168e-1,9.625e-21,1.871e+2,3.278e-8,1.298e-21,7.045e-25,,,,,,,,,,,,,,,,,,,,,,,,2.853e-5,,2.350e-19
223.41,1.856e+2,,6.390e-15,2.673e-35,,,5.192e-40,1.780e-22,,9.744e-50,6.726e-19,6.177e-8,3.155e-31,8.684e-20,1.210e-2,3.167e-25,,4.157e-29,,9.566e-23,5.988e-21,2.009e-34,,,8.350e-6,,4.405e-21,,8.598e-2,9.584e-21,1.855e+2,4.217e-8,1.299e-21,7.056e-25,,,,,,,,,,,,,,,,,,,,,,,,9.535e-6,,2.374e-19
223.43,1.817e+2,,1.084e-14,2.708e-35,,,4.152e-40,1.780e-22,,9.750e-50,6.551e-19,1.206e-7,3.149e-31,2.483e-20,1.062e-2,1.233e-25,,4.167e-29,,9.591e-23,6.109e-21,6.620e-35,,,1.099e-5,,4.406e-21,,6.904e-2,9.557e-21,1.816e+2,5.304e-8,1.299e-21,7.064e-25,,,,,,,,,,,,,,,,,,,,,,,,4.504e-6,,2.391e-19
223.46,1.722e+2,,2.330e-14,2.759e-35,,,2.941e-40,1.780e-22,,9.760e-50,6.288e-19,3.198e-7,3.141e-31,2.481e-20,8.485e-3,2.907e-26,,4.183e-29,,9.628e-23,6.291e-21,1.216e-35,,,1.614e-5,,4.408e-21,,4.851e-2,9.517e-21,1.721e+2,7.735e-8,1.301e-21,7.075e-25,,,,,,,,,,,,,,,,,,,,,,,,1.421e-6,,2.415e-19
223.48,1.639e+2,,3.810e-14,2.793e-35,,,2.335e-40,1.781e-22,,9.767e-50,6.113e-19,6.012e-7,3.135e-31,2.480e-20,7.167e-3,1.088e-26,,4.193e-29,,9.653e-23,6.412e-21,3.854e-36,,,2.045e-5,,4.410e-21,,3.773e-2,9.490e-21,1.639e+2,9.960e-8,1.301e-21,7.083e-25,,,,,,,,,,,,,,,,,,,,,,,,6.456e-7,,2.432e-19
223.51,1.497e+2,,7.747e-14,2.845e-35,,,1.683e-40,1.781e-22,,9.776e-50,5.851e-19,1.506e-6,3.127e-31,2.478e-20,5.405e-3,2.423e-27,,4.209e-29,,9.690e-23,6.594e-21,6.679e-37,,,2.835e-5,,4.412e-21,,2.525e-2,9.449e-21,1.496e+2,1.433e-7,1.302e-21,7.094e-25,,,,,,,,,,,,,,,,,,,,,,,,1.921e-7,,2.456e-19
223.53,1.396e+2,,1.221e-13,2.879e-35,,,1.395e-40,1.782e-22,,9.783e-50,5.675e-19,2.725e-6,3.121e-31,2.477e-20,4.393e-3,8.753e-28,,4.219e-29,,9.715e-23,6.715e-21,2.036e-37,,,3.458e-5,,4.414e-21,,1.900e-2,9.422e-21,1.396e+2,1.800e-7,1.303e-21,7.101e-25,,,,,,,,,,,,,,,,,,,,,,,,8.400e-8,,2.473e-19
223.56,1.247e+2,,2.350e-13,2.930e-35,,,1.155e-40,1.782e-22,,9.792e-50,5.413e-19,6.448e-6,3.113e-31,2.476e-20,3.128e-3,1.982e-28,,4.234e-29,,9.752e-23,6.896e-21,3.329e-38,,,4.527e-5,,4.416e-21,,1.209e-2,9.382e-21,1.247e+2,2.471e-7,1.304e-21,7.113e-25,,,,,,,,,,,,,,,,,,,,,,,,2.359e-8,,2.497e-19
223.58,1.155e+2,,3.570e-13,2.965e-35,,,1.108e-40,1.783e-22,,9.799e-50,5.238e-19,1.123e-5,3.107e-31,2.475e-20,2.447e-3,1.054e-28,,4.245e-29,,9.777e-23,7.017e-21,9.762e-39,,,5.315e-5,,4.417e-21,,8.791e-3,9.355e-21,1.155e+2,2.999e-7,1.305e-21,7.120e-25,,,,,,,,,,,,,,,,,,,,,,,,9.923e-9,,2.514e-19
223.61,1.035e+2,,6.505e-13,3.016e-35,,,1.192e-40,1.783e-22,,9.809e-50,4.975e-19,2.510e-5,3.099e-31,2.473e-20,1.645e-3,2.011e-28,,4.260e-29,,9.814e-23,7.199e-21,1.506e-39,,,6.570e-5,,4.420e-21,,5.308e-3,9.314e-21,1.035e+2,3.906e-7,1.306e-21,7.132e-25,,,,,,,,,,,,,,,,,,,,,,,,2.630e-9,,2.538e-19
223.63,9.698e+1,,9.529e-13,3.050e-35,,,1.344e-40,1.784e-22,,9.815e-50,4.800e-19,4.210e-5,3.093e-31,2.472e-20,1.238e-3,5.082e-28,,4.270e-29,,9.839e-23,7.320e-21,1.762e-39,,,7.425e-5,,4.421e-21,,3.725e-3,9.287e-21,9.697e+1,4.578e-7,1.307e-21,7.139e-25,,,,,,,,,,,,,,,,,,,,,,,,1.064e-9,,2.554e-19
223.66,8.958e+1,,1.644e-12,3.102e-35,,,1.711e-40,1.784e-22,,9.825e-50,4.537e-19,8.888e-5,3.085e-31,2.470e-20,7.856e-4,2.142e-27,,4.286e-29,,9.876e-23,7.502e-21,2.147e-39,,,8.667e-5,,4.423e-21,,2.132e-3,9.246e-21,8.958e+1,5.665e-7,1.308e-21,7.150e-25,,,,,,,,,,,,,,,,,,,,,,,,2.662e-10,,2.579e-19
223.68,8.618e+1,,2.323e-12,3.136e-35,,,2.043e-40,1.785e-22,,9.831e-50,4.362e-19,1.435e-4,3.079e-31,2.469e-20,5.691e-4,5.510e-27,,4.296e-29,,9.900e-23,7.623e-21,2.404e-39,,,9.427e-5,,4.425e-21,,1.443e-3,9.219e-21,8.618e+1,6.425e-7,1.309e-21,7.158e-25,,,,,,,,,,,,,,,,,,,,,,,,1.036e-10,,2.595e-19
223.7,8.386e+1,,3.235e-12,3.170e-35,,,2.439e-40,1.785e-22,,9.838e-50,4.187e-19,2.282e-4,3.073e-31,2.468e-20,4.060e-4,1.397e-26,,4.306e-29,,9.925e-23,7.744e-21,2.661e-39,,,1.010e-4,,4.426e-21,,9.627e-4,9.192e-21,8.386e+1,7.199e-7,1.310e-21,7.166e-25,,,,,,,,,,,,,,,,,,,,,,,,3.973e-11,,2.612e-19
223.73,8.198e+1,,5.176e-12,3.222e-35,,,3.142e-40,1.785e-22,1.622e-25,9.847e-50,3.925e-19,4.447e-4,3.065e-31,2.466e-20,2.377e-4,5.480e-26,,4.322e-29,,9.962e-23,7.925e-21,3.046e-39,,,1.088e-4,,4.429e-21,,5.103e-4,9.152e-21,8.198e+1,8.363e-7,1.311e-21,7.177e-25,,,,,,,,,,,,,,,,,,,,,,,,9.161e-12,,2.636e-19
223.75,8.147e+1,,6.955e-12,3.256e-35,,,3.669e-40,1.786e-22,5.618e-25,9.854e-50,3.749e-19,6.808e-4,3.059e-31,2.465e-20,1.632e-4,1.338e-25,,4.332e-29,,9.987e-23,8.047e-21,3.302e-39,,,1.122e-4,,4.430e-21,,3.281e-4,9.125e-21,8.147e+1,9.128e-7,1.312e-21,7.184e-25,,,,,,,,,,,,,,,,,,,,,,,,3.379e-12,,2.653e-19
223.78,8.126e+1,,1.055e-11,3.307e-35,,,4.517e-40,1.786e-22,3.523e-24,9.864e-50,3.487e-19,1.253e-3,3.051e-31,2.463e-20,9.017e-5,4.959e-25,,4.347e-29,,1.002e-22,8.228e-21,3.687e-39,,,1.141e-4,,4.432e-21,,1.645e-4,9.084e-21,8.126e+1,1.025e-6,1.313e-21,7.196e-25,,,,,,,,,,,,,,,,,,,,,,,,7.352e-13,,2.677e-19
223.8,8.118e+1,,1.368e-11,3.342e-35,,,5.098e-40,1.787e-22,1.175e-23,9.870e-50,3.312e-19,1.847e-3,3.045e-31,2.462e-20,5.957e-5,1.166e-24,,4.358e-29,,1.005e-22,8.349e-21,3.944e-39,,,1.132e-4,,4.434e-21,,1.019e-4,9.057e-21,8.118e+1,1.098e-6,1.313e-21,7.203e-25,,,,,,,,,,,,,,,,,,,,,,,,2.609e-13,,2.694e-19
223.83,8.073e+1,,1.967e-11,3.393e-35,,,5.944e-40,1.787e-22,6.965e-23,9.880e-50,3.049e-19,3.212e-3,3.037e-31,2.460e-20,3.108e-5,4.083e-24,,4.373e-29,,1.009e-22,8.531e-21,4.329e-39,,,1.088e-4,,4.436e-21,,4.827e-5,9.017e-21,8.073e+1,1.208e-6,1.315e-21,7.215e-25,,,,,,,,,,,,,,,,,,,,,,,,5.357e-14,,2.718e-19
223.85,8.004e+1,,2.462e-11,3.427e-35,,,6.462e-40,1.788e-22,2.238e-22,9.886e-50,2.874e-19,4.557e-3,3.031e-31,2.459e-20,1.976e-5,9.240e-24,,4.383e-29,,1.011e-22,8.652e-21,4.585e-39,,,1.039e-4,,4.437e-21,,2.879e-5,8.990e-21,8.004e+1,1.283e-6,1.315e-21,7.222e-25,,,,,,,,,,,,,,,,,,,,,,,,1.829e-14,,2.735e-19
223.88,7.827e+1,,3.359e-11,3.479e-35,,,7.121e-40,1.788e-22,1.253e-21,9.896e-50,2.611e-19,7.484e-3,3.023e-31,2.458e-20,9.733e-6,3.058e-23,,4.399e-29,,1.015e-22,8.834e-21,4.970e-39,,,9.427e-5,,4.440e-21,,1.289e-5,8.949e-21,7.826e+1,1.404e-6,1.317e-21,7.233e-25,,,,,,,,,,,,,,,,,,,,,,,,3.544e-15,,2.759e-19
223.9,7.658e+1,,4.059e-11,3.513e-35,,,7.454e-40,1.789e-22,3.879e-21,9.902e-50,2.436e-19,1.022e-2,3.017e-31,2.456e-20,5.955e-6,6.664e-23,,4.409e-29,,1.017e-22,8.955e-21,5.227e-39,,,8.667e-5,,4.441e-21,,7.405e-6,8.922e-21,7.657e+1,1.492e-6,1.317e-21,7.241e-25,,,,,,,,,,,,,,,,,,,,,,,,1.164e-15,,2.776e-19
223.93,7.337e+1,,5.255e-11,3.564e-35,,,7.758e-40,1.789e-22,2.053e-20,9.912e-50,2.174e-19,1.586e-2,3.009e-31,2.455e-20,2.769e-6,2.084e-22,,4.424e-29,,1.021e-22,9.136e-21,5.612e-39,,,7.425e-5,,4.443e-21,,3.132e-6,8.882e-21,7.335e+1,1.640e-6,1.318e-21,7.252e-25,,,,,,,,,,,,,,,,,,,,,,,,2.128e-16,,2.800e-19
223.95,7.089e+1,,6.134e-11,3.599e-35,,,7.818e-40,1.790e-22,6.119e-20,9.918e-50,1.999e-19,2.085e-2,3.003e-31,2.454e-20,1.631e-6,4.373e-22,,4.435e-29,,1.023e-22,9.257e-21,5.869e-39,,,6.570e-5,,4.445e-21,,1.732e-6,8.855e-21,7.087e+1,1.749e-6,1.319e-21,7.260e-25,,,,,,,,,,,,,,,,,,,,,,,,6.725e-17,,2.817e-19
223.98,6.686e+1,,7.537e-11,3.650e-35,,,7.687e-40,1.790e-22,3.061e-19,9.928e-50,1.736e-19,3.056e-2,2.995e-31,2.452e-20,7.158e-7,1.292e-21,,4.450e-29,,1.027e-22,9.439e-21,6.254e-39,,,5.315e-5,,4.447e-21,,6.920e-7,8.814e-21,6.683e+1,1.926e-6,1.320e-21,7.271e-25,,,,,,,,,,,,,,,,,,,,,,,,1.160e-17,,2.841e-19
224,6.411e+1,,8.499e-11,3.684e-35,,,7.457e-40,1.790e-22,8.785e-19,9.935e-50,1.561e-19,3.868e-2,2.989e-31,2.451e-20,4.056e-7,2.611e-21,,4.460e-29,,1.030e-22,9.560e-21,6.510e-39,,,4.527e-5,,4.449e-21,,3.683e-7,8.787e-21,6.407e+1,2.051e-6,1.321e-21,7.279e-25,,,,,,,,,,,,,,,,,,,,,,,,3.528e-18,,2.858e-19
224.03,6.011e+1,,9.916e-11,3.736e-35,,,6.928e-40,1.791e-22,4.153e-18,9.944e-50,1.298e-19,5.354e-2,2.981e-31,2.449e-20,1.681e-7,7.288e-21,,4.476e-29,,1.033e-22,9.742e-21,6.895e-39,,,3.458e-5,,4.451e-21,,1.390e-7,8.747e-21,6.005e+1,2.238e-6,1.322e-21,7.290e-25,,,,,,,,,,,,,,,,,,,,,,,,5.744e-19,,2.882e-19
224.05,5.763e+1,,1.080e-10,3.770e-35,,,6.475e-40,1.791e-22,1.148e-17,9.951e-50,1.123e-19,6.525e-2,2.975e-31,2.448e-20,9.166e-8,1.418e-20,,4.486e-29,,1.036e-22,9.863e-21,7.152e-39,,,2.835e-5,,4.452e-21,,7.120e-8,8.720e-21,5.757e+1,2.356e-6,1.323e-21,7.298e-25,,,,,,,,,,,,,,,,,,,,,,,,1.680e-19,,2.899e-19
224.07,5.540e+1,,1.161e-10,3.804e-35,,,5.964e-40,1.792e-22,3.126e-17,9.957e-50,9.480e-20,7.831e-2,2.969e-31,2.447e-20,4.922e-8,2.717e-20,,4.496e-29,,1.038e-22,9.984e-21,7.409e-39,,,2.289e-5,,4.454e-21,,3.592e-8,8.693e-21,5.532e+1,2.463e-6,1.324e-21,7.305e-25,,,,,,,,,,,,,,,,,,,,,,,,4.838e-20,,2.915e-19
224.1,5.263e+1,,1.260e-10,3.856e-35,,,5.137e-40,1.792e-22,1.365e-16,9.967e-50,6.854e-20,1.001e-1,2.961e-31,2.445e-20,1.882e-8,7.006e-20,,4.512e-29,,1.042e-22,1.017e-20,7.793e-39,,,1.614e-5,,4.456e-21,,1.251e-8,8.652e-21,5.253e+1,2.589e-6,1.325e-21,7.317e-25,,,,,,,,,,,,,,,,,,,,,,,,4.894e-20,,2.940e-19
224.12,5.123e+1,,1.308e-10,3.890e-35,,,4.578e-40,1.793e-22,3.580e-16,9.973e-50,5.103e-20,1.156e-1,2.955e-31,2.444e-20,9.725e-9,1.293e-19,,4.522e-29,,1.044e-22,1.029e-20,8.050e-39,,,1.254e-5,,4.458e-21,,6.073e-9,8.625e-21,5.112e+1,2.642e-6,1.326e-21,7.324e-25,,,,,,,,,,,,,,,,,,,,,,,,4.932e-20,,2.956e-19
224.15,4.996e+1,,1.348e-10,3.941e-35,,,3.780e-40,1.793e-22,1.478e-15,9.983e-50,2.477e-20,1.396e-1,2.947e-31,2.442e-20,3.510e-9,3.150e-19,,4.538e-29,,1.048e-22,1.047e-20,8.435e-39,,,8.350e-6,,4.460e-21,,1.997e-9,8.585e-21,4.982e+1,2.666e-6,1.327e-21,7.335e-25,,,,,,,,,,,,,,,,,,,,,,,,4.988e-20,,2.981e-19
224.17,4.972e+1,,1.352e-10,3.976e-35,,,3.304e-40,1.794e-22,3.732e-15,9.990e-50,8.479e-20,1.553e-1,2.941e-31,2.441e-20,1.746e-9,5.596e-19,,4.548e-29,,1.051e-22,1.059e-20,8.692e-39,,,6.246e-6,,4.461e-21,,9.331e-10,8.558e-21,4.957e+1,2.640e-6,1.328e-21,7.343e-25,,,,,,,,,,,,,,,,,,,,,,,,5.025e-20,,2.997e-19
224.2,5.045e+1,,1.324e-10,4.027e-35,,,2.717e-40,1.794e-22,1.456e-14,9.999e-50,5.221e-19,1.770e-1,2.933e-31,2.440e-20,5.948e-10,1.288e-18,,4.563e-29,,1.054e-22,1.077e-20,9.077e-39,,,3.927e-6,,4.463e-21,,2.896e-10,8.517e-21,5.028e+1,2.539e-6,1.329e-21,7.354e-25,,,,,,,,,,,,,,,,,,,,,,,,5.081e-20,,3.021e-19
224.22,5.175e+1,,1.283e-10,4.061e-35,,,2.434e-40,1.795e-22,3.540e-14,1.001e-49,1.722e-18,1.896e-1,2.927e-31,2.438e-20,2.847e-10,2.204e-18,,4.574e-29,,1.057e-22,1.089e-20,9.333e-39,,,2.827e-6,,4.465e-21,,1.303e-10,8.490e-21,5.156e+1,2.432e-6,1.329e-21,7.362e-25,,,,,,,,,,,,,,,,,,,,,,,,5.119e-20,,3.038e-19
224.25,5.508e+1,,1.192e-10,4.113e-35,,,2.204e-40,1.795e-22,1.305e-13,1.002e-49,1.002e-17,2.041e-1,2.919e-31,2.437e-20,9.157e-11,4.794e-18,,4.589e-29,,1.061e-22,1.107e-20,9.718e-39,,,1.678e-6,,4.467e-21,,3.817e-11,8.449e-21,5.488e+1,2.220e-6,1.331e-21,7.373e-25,,,,,,,,,,,,,,,,,,,,,,,,5.175e-20,,3.062e-19
224.27,5.831e+1,,1.116e-10,4.147e-35,,,2.199e-40,1.795e-22,3.057e-13,1.002e-49,3.183e-17,2.104e-1,2.913e-31,2.436e-20,4.217e-11,7.897e-18,,4.599e-29,,1.063e-22,1.119e-20,9.975e-39,,,1.163e-6,,4.469e-21,,1.652e-11,8.422e-21,5.810e+1,2.052e-6,1.331e-21,7.381e-25,,,,,,,,,,,,,,,,,,,,,,,,5.212e-20,,3.079e-19
224.3,6.479e+1,,9.850e-11,4.198e-35,,,2.445e-40,1.796e-22,1.065e-12,1.003e-49,1.752e-16,2.141e-1,2.905e-31,2.434e-20,1.281e-11,1.623e-17,,4.615e-29,,1.067e-22,1.138e-20,1.036e-38,,,6.520e-7,,4.471e-21,,4.570e-12,8.382e-21,6.457e+1,1.774e-6,1.332e-21,7.392e-25,,,,,,,,,,,,,,,,,,,,,,,,5.268e-20,,3.103e-19
224.32,7.023e+1,,8.905e-11,4.233e-35,,,2.793e-40,1.796e-22,2.403e-12,1.004e-49,5.358e-16,2.125e-1,2.899e-31,2.433e-20,5.677e-12,2.574e-17,,4.625e-29,,1.069e-22,1.150e-20,1.062e-38,,,4.349e-7,,4.472e-21,,1.904e-12,2.865e-20,7.001e+1,1.580e-6,1.333e-21,7.400e-25,,,,,,,,,,,,,,,,,,,,,,,,5.306e-20,,3.120e-19
224.35,8.005e+1,,7.458e-11,4.284e-35,,,3.617e-40,1.797e-22,7.913e-12,1.005e-49,2.787e-15,2.041e-1,2.891e-31,2.431e-20,1.628e-12,4.999e-17,,4.640e-29,,1.073e-22,1.168e-20,1.100e-38,,,2.302e-7,,4.475e-21,,4.972e-13,1.760e-19,7.985e+1,1.292e-6,1.334e-21,7.411e-25,,,,,,,,,,,,,,,,,,,,,,,,5.362e-20,,3.144e-19
224.37,8.765e+1,,6.511e-11,4.318e-35,,,4.378e-40,1.797e-22,1.719e-11,1.005e-49,8.212e-15,1.950e-1,2.885e-31,2.430e-20,6.942e-13,7.635e-17,,4.651e-29,,1.075e-22,1.180e-20,1.126e-38,,,1.478e-7,,4.476e-21,,1.993e-13,5.794e-19,8.746e+1,1.108e-6,1.335e-21,7.418e-25,,,,,,,,,,,,,,,,,,,,,,,,5.399e-20,,3.161e-19
224.4,1.004e+2,,5.173e-11,4.370e-35,,,5.844e-40,1.798e-22,5.349e-11,1.006e-49,4.038e-14,1.770e-1,2.877e-31,2.428e-20,1.879e-13,1.401e-16,,4.666e-29,,1.079e-22,1.198e-20,1.164e-38,,,7.389e-8,,4.478e-21,,4.913e-14,3.365e-18,1.003e+2,8.565e-7,1.336e-21,7.430e-25,,,,,,,,,,,,,,,,,,,,,,,,5.455e-20,,3.185e-19
224.42,1.097e+2,,4.360e-11,4.404e-35,,,7.033e-40,1.798e-22,1.119e-10,1.007e-49,1.146e-13,1.628e-1,2.871e-31,2.427e-20,7.712e-14,2.060e-16,,4.676e-29,,1.082e-22,1.210e-20,1.190e-38,,,4.566e-8,,4.480e-21,,1.895e-14,1.067e-17,1.095e+2,7.078e-7,1.337e-21,7.437e-25,,,,,,,,,,,,,,,,,,,,,,,,5.493e-20,,3.202e-19
224.44,1.194e+2,,3.623e-11,4.438e-35,,,8.378e-40,1.799e-22,2.306e-10,1.008e-49,3.203e-13,1.475e-1,2.865e-31,2.426e-20,3.117e-14,2.984e-16,,4.687e-29,,1.084e-22,1.222e-20,1.216e-38,,,2.779e-8,,4.481e-21,,7.199e-15,3.333e-17,1.193e+2,5.761e-7,1.338e-21,7.445e-25,,,,,,,,,,,,,,,,,,,,,,,,5.530e-20,,3.218e-19
224.47,1.345e+2,,2.672e-11,4.490e-35,,,1.064e-39,1.799e-22,6.631e-10,1.009e-49,1.456e-12,1.236e-1,2.857e-31,2.424e-20,7.784e-15,5.057e-16,,4.702e-29,,1.088e-22,1.241e-20,1.254e-38,,,1.282e-8,,4.484e-21,,1.637e-15,1.790e-16,1.344e+2,4.112e-7,1.339e-21,7.456e-25,,,,,,,,,,,,,,,,,,,,,,,,5.586e-20,,3.243e-19
224.49,1.447e+2,,2.143e-11,4.524e-35,,,1.227e-39,1.800e-22,1.316e-9,1.009e-49,3.920e-12,1.078e-1,2.851e-31,2.423e-20,3.028e-15,7.054e-16,,4.712e-29,,1.090e-22,1.253e-20,1.280e-38,,,7.510e-9,,4.485e-21,,5.985e-16,5.385e-16,1.446e+2,3.222e-7,1.340e-21,7.464e-25,,,,,,,,,,,,,,,,,,,,,,,,5.623e-20,,3.259e-19
224.52,1.597e+2,,1.498e-11,4.575e-35,,,1.478e-39,1.800e-22,3.576e-9,1.010e-49,1.684e-11,8.530e-2,2.843e-31,2.422e-20,7.138e-16,1.130e-15,,4.728e-29,,1.094e-22,1.271e-20,1.318e-38,,,3.272e-9,,4.487e-21,,1.285e-16,2.733e-15,1.596e+2,2.172e-7,1.341e-21,7.475e-25,,,,,,,,,,,,,,,,,,,,,,,,5.680e-20,,3.284e-19
224.54,1.694e+2,,1.159e-11,4.610e-35,,,1.643e-39,1.800e-22,6.835e-9,1.011e-49,4.367e-11,7.162e-2,2.837e-31,2.420e-20,2.672e-16,1.517e-15,,4.738e-29,,1.096e-22,1.283e-20,1.344e-38,,,1.845e-9,,4.489e-21,,4.521e-17,7.920e-15,1.694e+2,1.639e-7,1.342e-21,7.483e-25,,,,,,,,,,,,,,,,,,,,,,,,5.717e-20,,3.300e-19
224.57,1.833e+2,,7.676e-12,4.661e-35,,,1.873e-39,1.801e-22,1.755e-8,1.012e-49,1.773e-10,5.354e-2,2.829e-31,2.419e-20,5.947e-17,2.295e-15,,4.753e-29,,1.100e-22,1.301e-20,1.382e-38,,,7.589e-10,,4.491e-21,,9.165e-18,3.800e-14,1.832e+2,1.044e-7,1.343e-21,7.494e-25,,,,,,,,,,,,,,,,,,,,,,,,5.773e-20,,3.325e-19
224.59,1.919e+2,,5.727e-12,4.695e-35,,,2.005e-39,1.801e-22,3.231e-8,1.013e-49,4.430e-10,4.327e-2,2.823e-31,2.418e-20,2.142e-17,2.968e-15,,4.764e-29,,1.103e-22,1.313e-20,1.408e-38,,,4.119e-10,,4.492e-21,,3.102e-18,1.061e-13,1.918e+2,7.579e-8,1.343e-21,7.502e-25,,,,,,,,,,,,,,,,,,,,,,,,5.810e-20,,3.341e-19
224.62,2.036e+2,,3.593e-12,4.747e-35,,,2.161e-39,1.802e-22,7.843e-8,1.014e-49,1.700e-9,3.056e-2,2.815e-31,2.416e-20,4.501e-18,4.243e-15,,4.779e-29,,1.106e-22,1.331e-20,1.447e-38,,,1.600e-10,,4.495e-21,,5.937e-19,4.811e-13,2.036e+2,4.559e-8,1.345e-21,7.513e-25,,,,,,,,,,,,,,,,,,,,,,,,5.867e-20,,3.366e-19
224.64,2.107e+2,,2.585e-12,4.781e-35,,,2.229e-39,1.802e-22,1.390e-7,1.014e-49,4.091e-9,2.378e-2,2.809e-31,2.415e-20,1.560e-18,5.284e-15,,4.789e-29,,1.109e-22,1.343e-20,1.472e-38,,,8.358e-11,,4.496e-21,,1.934e-19,1.294e-12,2.107e+2,3.187e-8,1.345e-21,7.520e-25,,,,,,,,,,,,,,,,,,,,,,,,5.904e-20,,3.382e-19
224.67,2.200e+2,,1.535e-12,4.832e-35,,,2.272e-39,1.803e-22,3.189e-7,1.015e-49,1.484e-8,1.586e-2,2.801e-31,2.413e-20,3.095e-19,7.137e-15,,4.805e-29,,1.113e-22,1.362e-20,1.511e-38,,,3.066e-11,,4.498e-21,,3.493e-20,5.547e-12,2.200e+2,1.811e-8,1.347e-21,7.532e-25,,,,,,,,,,,,,,,,,,,,,,,,5.960e-20,,3.407e-19
224.69,2.254e+2,,1.065e-12,4.867e-35,,,2.260e-39,1.803e-22,5.444e-7,1.016e-49,3.440e-8,1.188e-2,2.795e-31,2.412e-20,1.033e-19,8.557e-15,,4.815e-29,,1.115e-22,1.374e-20,1.536e-38,,,1.542e-11,,4.500e-21,,1.095e-20,1.437e-11,2.254e+2,1.219e-8,1.347e-21,7.539e-25,,,,,,,,,,,,,,,,,,,,,,,,5.997e-20,,3.423e-19
224.72,2.320e+2,,5.992e-13,4.918e-35,,,2.183e-39,1.804e-22,1.180e-6,1.017e-49,1.180e-7,7.484e-3,2.787e-31,2.410e-20,1.933e-20,1.092e-14,,4.831e-29,,1.119e-22,1.392e-20,1.575e-38,,,5.340e-12,,4.502e-21,,1.868e-21,5.823e-11,2.320e+2,6.540e-9,1.348e-21,7.551e-25,,,,,,,,,,,,,,,,,,,,,,,,6.054e-20,,3.447e-19
224.74,2.355e+2,,4.015e-13,4.952e-35,,,2.097e-39,1.804e-22,1.940e-6,1.017e-49,2.633e-7,5.397e-3,2.781e-31,2.409e-20,6.208e-21,1.261e-14,,4.841e-29,,1.121e-22,1.404e-20,1.601e-38,7.524e-22,,2.584e-12,,4.504e-21,,5.634e-22,1.453e-10,2.355e+2,4.237e-9,1.349e-21,7.558e-25,,,,,,,,,,,,,,,,,,,,,,,,6.091e-20,,3.464e-19
224.77,2.393e+2,,2.160e-13,5.004e-35,,,1.927e-39,1.805e-22,3.975e-6,1.018e-49,8.538e-7,3.212e-3,2.772e-31,2.407e-20,1.097e-21,1.520e-14,,4.856e-29,,1.125e-22,1.422e-20,1.639e-38,4.746e-21,,8.454e-13,,4.506e-21,,9.070e-23,5.567e-10,2.393e+2,2.148e-9,1.350e-21,7.569e-25,,,,,,,,,,,,,,,,,,,,,,,,6.147e-20,,3.488e-19
224.79,2.409e+2,,1.429e-13,5.038e-35,,,1.796e-39,1.805e-22,6.294e-6,1.019e-49,1.835e-6,2.230e-3,2.767e-31,2.406e-20,3.390e-22,1.690e-14,,4.867e-29,,1.127e-22,1.434e-20,1.665e-38,1.590e-20,,3.938e-13,,4.507e-21,,2.633e-23,1.338e-9,2.409e+2,1.339e-9,1.351e-21,7.577e-25,,,,,,,,,,,,,,,,,,,,,,,,6.184e-20,,3.505e-19
224.81,2.418e+2,,9.719e-14,5.072e-35,,,1.657e-39,1.805e-22,9.815e-6,1.020e-49,3.887e-6,1.524e-3,2.761e-31,2.405e-20,1.032e-22,1.851e-14,,4.877e-29,,1.130e-22,1.446e-20,1.690e-38,5.250e-20,,1.806e-13,,4.509e-21,,7.527e-24,3.167e-9,2.418e+2,8.228e-10,1.352e-21,7.585e-25,,,,,,,,,,,,,,,,,,,,,,,,6.222e-20,,3.521e-19
224.84,2.422e+2,,6.587e-14,5.124e-35,,,1.448e-39,1.806e-22,1.858e-5,1.021e-49,1.165e-5,8.376e-4,2.753e-31,2.403e-20,1.682e-23,2.061e-14,,4.892e-29,,1.134e-22,1.464e-20,1.729e-38,3.062e-19,,5.454e-14,,4.511e-21,,7.618e-24,1.122e-8,2.422e+2,3.850e-10,1.353e-21,7.596e-25,,,,,,,,,,,,,,,,,,,,,,,,6.278e-20,,3.546e-19
224.86,2.418e+2,,6.534e-14,5.158e-35,,,1.318e-39,1.806e-22,2.791e-5,1.021e-49,2.376e-5,5.513e-4,2.747e-31,2.402e-20,4.926e-24,2.173e-14,,4.903e-29,,1.136e-22,1.477e-20,1.755e-38,9.737e-19,,2.408e-14,,4.513e-21,,7.679e-24,2.558e-8,2.418e+2,2.276e-10,1.354e-21,7.603e-25,,,,,,,,,,,,,,,,,,,,,,,,6.315e-20,,3.562e-19
224.89,2.408e+2,,9.657e-14,5.209e-35,,,1.145e-39,1.807e-22,4.993e-5,1.022e-49,6.730e-5,2.861e-4,2.739e-31,2.401e-20,7.584e-25,2.287e-14,,4.918e-29,,1.140e-22,1.495e-20,1.793e-38,5.369e-18,,6.865e-15,,4.515e-21,,7.770e-24,8.564e-8,2.408e+2,1.006e-10,1.355e-21,7.615e-25,,,,,,,,,,,,,,,,,,,,,,,,6.371e-20,,3.587e-19
224.91,2.400e+2,,1.455e-13,5.244e-35,,,1.051e-39,1.807e-22,7.222e-5,1.023e-49,1.322e-4,1.813e-4,2.733e-31,2.400e-20,7.559e-25,2.322e-14,,4.928e-29,,1.142e-22,1.507e-20,1.819e-38,1.645e-17,,2.917e-15,,4.516e-21,,7.830e-24,1.881e-7,2.400e+2,5.726e-11,1.356e-21,7.622e-25,,,,,,,,,,,,,,,,,,,,,,,,6.409e-20,,3.603e-19
224.94,2.389e+2,,2.860e-13,5.295e-35,,,9.441e-40,1.808e-22,1.221e-4,1.024e-49,3.540e-4,8.888e-5,2.725e-31,2.398e-20,7.522e-25,2.309e-14,,4.944e-29,,1.146e-22,1.525e-20,1.857e-38,8.578e-17,,7.854e-16,,4.519e-21,,7.921e-24,5.954e-7,2.389e+2,2.390e-11,1.357e-21,7.634e-25,,,,,,,,,,,,,,,,,,,,,,,,6.465e-20,,3.628e-19
224.96,2.386e+2,,4.493e-13,5.329e-35,,,8.968e-40,1.808e-22,1.701e-4,1.024e-49,6.700e-4,5.422e-5,2.719e-31,2.397e-20,7.497e-25,2.257e-14,,4.954e-29,,1.148e-22,1.537e-20,1.883e-38,2.532e-16,,3.213e-16,,4.520e-21,,7.982e-24,1.260e-6,2.386e+2,1.310e-11,1.358e-21,7.641e-25,,,,,,,,,,,,,,,,,,,,,,,,6.502e-20,,3.644e-19
224.99,2.387e+2,,8.680e-13,5.381e-35,,,8.581e-40,1.809e-22,2.718e-4,1.025e-49,1.696e-3,2.510e-5,2.711e-31,2.395e-20,7.459e-25,2.121e-14,,4.969e-29,,1.152e-22,1.555e-20,1.921e-38,1.248e-15,,8.168e-17,,4.522e-21,,8.073e-24,3.769e-6,2.387e+2,5.163e-12,1.359e-21,7.652e-25,,,,,,,,,,,,,,,,,,,,,,,,6.558e-20,,3.669e-19
225.01,2.392e+2,,1.325e-12,5.415e-35,,,8.501e-40,1.809e-22,3.647e-4,1.026e-49,3.091e-3,1.474e-5,2.705e-31,2.394e-20,7.434e-25,1.996e-14,,4.980e-29,,1.155e-22,1.567e-20,1.947e-38,3.549e-15,,3.216e-17,,4.524e-21,,8.134e-24,7.681e-6,2.392e+2,2.723e-12,1.359e-21,7.660e-25,,,,,,,,,,,,,,,,,,,,,,,,6.596e-20,,3.685e-19
225.04,2.405e+2,,2.434e-12,5.466e-35,,,8.569e-40,1.810e-22,5.508e-4,1.027e-49,7.395e-3,6.448e-6,2.697e-31,2.392e-20,7.397e-25,1.772e-14,,4.995e-29,,1.158e-22,1.586e-20,1.986e-38,1.655e-14,,7.720e-18,,4.526e-21,,8.225e-24,2.173e-5,2.405e+2,1.014e-12,1.361e-21,7.671e-25,,,,,,,,,,,,,,,,,,,,,,,,6.652e-20,,3.710e-19
225.06,2.414e+2,,3.588e-12,5.501e-35,,,8.686e-40,1.810e-22,7.115e-4,1.028e-49,1.298e-2,3.645e-6,2.691e-31,2.391e-20,7.372e-25,1.606e-14,,5.005e-29,,1.161e-22,1.598e-20,2.011e-38,4.533e-14,,2.926e-18,,4.527e-21,,8.285e-24,4.265e-5,2.414e+2,5.149e-13,1.361e-21,7.679e-25,,,,,,,,,,,,,,,,,,,,,,,,6.689e-20,,3.726e-19
225.09,2.425e+2,,6.251e-12,5.552e-35,,,8.876e-40,1.811e-22,1.016e-3,1.029e-49,2.936e-2,1.506e-6,2.683e-31,2.389e-20,7.334e-25,1.347e-14,,5.021e-29,,1.164e-22,1.616e-20,2.050e-38,1.998e-13,,6.633e-19,,4.530e-21,,8.376e-24,1.140e-4,2.425e+2,1.811e-13,1.362e-21,7.690e-25,,,,,,,,,,,,,,,,,,,,,,,,6.745e-20,,3.751e-19
225.11,2.427e+2,,8.894e-12,5.586e-35,,,8.965e-40,1.811e-22,1.263e-3,1.029e-49,4.964e-2,8.196e-7,2.677e-31,2.388e-20,7.309e-25,1.176e-14,,5.031e-29,,1.167e-22,1.628e-20,2.075e-38,5.273e-13,,2.419e-19,,4.531e-21,,8.437e-24,2.156e-4,2.426e+2,8.861e-14,1.363e-21,7.698e-25,,,,,,,,,,,,,,,,,,,,,,,,6.783e-20,,3.767e-19
225.14,2.415e+2,,1.470e-11,5.638e-35,,,8.973e-40,1.812e-22,1.704e-3,1.030e-49,1.061e-1,3.198e-7,2.668e-31,2.387e-20,7.272e-25,9.317e-15,,5.046e-29,,1.171e-22,1.646e-20,2.114e-38,2.198e-12,,5.179e-20,,4.533e-21,,8.528e-24,5.451e-4,2.414e+2,2.964e-14,1.364e-21,7.709e-25,,,,,,,,,,,,,,,,,,,,,,,,6.839e-20,,3.792e-19
225.16,2.396e+2,,2.018e-11,5.672e-35,,,8.868e-40,1.812e-22,2.042e-3,1.031e-49,1.728e-1,1.676e-7,2.663e-31,2.385e-20,7.247e-25,7.829e-15,,5.057e-29,,1.173e-22,1.658e-20,2.140e-38,5.587e-12,,1.818e-20,,4.535e-21,,8.589e-24,9.927e-4,2.394e+2,1.426e-14,1.365e-21,7.717e-25,,,,,,,,,,,,,,,,,,,,,,,,6.876e-20,,3.808e-19
225.19,2.348e+2,,3.162e-11,5.723e-35,,,8.523e-40,1.812e-22,2.604e-3,1.032e-49,3.493e-1,6.177e-8,2.654e-31,2.384e-20,7.209e-25,5.863e-15,,5.072e-29,,1.177e-22,1.676e-20,2.178e-38,2.202e-11,,3.676e-21,,4.537e-21,,8.680e-24,2.372e-3,2.344e+2,5.319e-15,1.366e-21,7.728e-25,,,,,,,,,,,,,,,,,,,,,,,,6.932e-20,,3.833e-19
225.21,2.304e+2,,4.191e-11,5.758e-35,,,8.167e-40,1.813e-22,3.004e-3,1.033e-49,5.479e-1,3.116e-8,2.649e-31,2.383e-20,7.184e-25,4.744e-15,,5.082e-29,,1.179e-22,1.688e-20,2.204e-38,5.393e-11,,1.242e-21,,4.539e-21,,8.740e-24,4.161e-3,2.299e+2,3.646e-15,1.367e-21,7.736e-25,,,,,,,,,,,,,,,,,,,,,,,,6.970e-20,,3.849e-19
225.23,2.254e+2,,5.476e-11,5.792e-35,,,7.721e-40,1.813e-22,3.414e-3,1.033e-49,8.467e-1,1.548e-8,2.643e-31,2.381e-20,7.159e-25,3.781e-15,,5.093e-29,,1.182e-22,1.701e-20,2.229e-38,1.301e-10,,4.134e-22,,4.540e-21,,8.801e-24,7.192e-3,2.245e+2,3.716e-15,1.368e-21,7.743e-25,,,,,,,,,,,,,,,,,,,,,,,,7.007e-20,,3.865e-19
225.26,2.172e+2,,7.964e-11,5.843e-35,,,6.911e-40,1.814e-22,4.022e-3,1.034e-49,1.581e+0,5.267e-9,2.635e-31,2.380e-20,7.122e-25,2.615e-15,,5.108e-29,,1.186e-22,1.719e-20,2.268e-38,4.742e-10,,7.713e-23,,4.542e-21,,8.892e-24,1.589e-2,2.156e+2,6.319e-15,1.369e-21,7.754e-25,,,,,,,,,,,,,,,,,,,,,,,,7.063e-20,,3.890e-19
225.28,2.119e+2,,1.004e-10,5.878e-35,,,6.304e-40,1.814e-22,4.403e-3,1.035e-49,2.354e+0,2.519e-9,2.629e-31,2.379e-20,7.097e-25,2.007e-15,,5.118e-29,,1.188e-22,1.731e-20,2.294e-38,1.102e-9,,2.471e-23,,4.544e-21,,8.953e-24,2.644e-2,2.095e+2,9.983e-15,1.370e-21,7.762e-25,,,,,,,,,,,,,,,,,,,,,,,,7.101e-20,,3.906e-19
225.31,2.055e+2,,1.385e-10,5.929e-35,,,5.343e-40,1.815e-22,4.901e-3,1.036e-49,4.155e+0,8.097e-10,2.621e-31,2.377e-20,7.059e-25,1.311e-15,,5.134e-29,,1.192e-22,1.749e-20,2.332e-38,3.798e-9,,4.353e-24,,4.546e-21,,9.044e-24,5.522e-2,2.012e+2,1.997e-14,1.371e-21,7.773e-25,,,,,,,,,,,,,,,,,,,,,,,,7.157e-20,,3.931e-19
225.33,2.028e+2,,1.686e-10,5.963e-35,,,4.697e-40,1.815e-22,5.167e-3,1.036e-49,5.957e+0,3.728e-10,2.615e-31,2.376e-20,7.034e-25,9.691e-16,,5.144e-29,,1.194e-22,1.761e-20,2.358e-38,8.504e-9,,1.342e-24,,4.548e-21,,9.104e-24,8.853e-2,1.968e+2,3.128e-14,1.372e-21,7.781e-25,,,,,,,,,,,,,,,,,,,,,,,,7.194e-20,,3.947e-19
225.36,2.026e+2,,2.204e-10,6.015e-35,,,3.764e-40,1.816e-22,5.436e-3,1.037e-49,9.942e+0,1.132e-10,2.607e-31,2.374e-20,6.997e-25,5.984e-16,,5.160e-29,,1.198e-22,1.779e-20,2.396e-38,2.771e-8,,2.233e-25,,4.550e-21,,9.195e-24,1.748e-1,1.925e+2,5.971e-14,1.373e-21,7.792e-25,,,,,,,,,,,,,,,,,,,,,,,,7.250e-20,,3.972e-19
225.38,2.055e+2,,2.589e-10,6.049e-35,,,3.188e-40,1.816e-22,5.519e-3,1.038e-49,1.373e+1,5.017e-11,2.601e-31,2.373e-20,6.972e-25,4.258e-16,,5.170e-29,,1.200e-22,1.791e-20,2.422e-38,5.978e-8,,6.626e-26,,4.551e-21,,9.256e-24,2.699e-1,1.915e+2,9.020e-14,1.373e-21,7.800e-25,,,,,,,,,,,,,,,,,,,,,,,,7.288e-20,,3.988e-19
225.41,2.150e+2,,3.208e-10,6.100e-35,,,2.415e-40,1.817e-22,5.488e-3,1.039e-49,2.166e+1,1.439e-11,2.593e-31,2.371e-20,6.934e-25,2.484e-16,,5.185e-29,,1.204e-22,1.810e-20,2.460e-38,1.842e-7,,1.041e-26,,4.553e-21,,9.347e-24,5.037e-1,1.929e+2,1.628e-13,1.375e-21,7.811e-25,,,,,,,,,,,,,,,,,,,,,,,,7.344e-20,,4.013e-19
225.43,2.250e+2,,3.636e-10,6.135e-35,,,1.970e-40,1.817e-22,5.365e-3,1.040e-49,2.880e+1,6.139e-12,2.587e-31,2.370e-20,6.909e-25,1.702e-16,,5.196e-29,,1.207e-22,1.822e-20,2.486e-38,3.827e-7,,1.690e-26,,4.555e-21,,9.408e-24,7.493e-1,1.955e+2,2.370e-13,1.375e-21,7.819e-25,,,,,,,,,,,,,,,,,,,,,,,,7.381e-20,,4.029e-19
225.46,2.456e+2,,4.271e-10,6.186e-35,,,1.410e-40,1.817e-22,5.042e-3,1.041e-49,4.295e+1,1.663e-12,2.579e-31,2.369e-20,6.872e-25,9.382e-17,,5.211e-29,,1.210e-22,1.840e-20,2.524e-38,1.115e-6,,2.664e-26,,4.557e-21,,9.499e-24,1.322e+0,2.013e+2,4.046e-13,1.377e-21,7.830e-25,,,,,,,,,,,,,,,,,,,,,,,,7.437e-20,,4.054e-19
225.48,2.629e+2,,4.670e-10,6.220e-35,,,1.108e-40,1.818e-22,4.747e-3,1.041e-49,5.503e+1,6.831e-13,2.573e-31,2.367e-20,6.847e-25,6.190e-17,,5.221e-29,,1.213e-22,1.852e-20,2.550e-38,2.232e-6,,3.313e-26,,4.559e-21,,9.559e-24,1.894e+0,2.060e+2,5.673e-13,1.377e-21,7.837e-25,,,,,,,,,,,,,,,,,,,,,,,,7.475e-20,,4.070e-19
225.51,2.935e+2,,5.199e-10,6.272e-35,,,7.495e-41,1.818e-22,4.216e-3,1.042e-49,7.758e+1,1.748e-13,2.564e-31,2.366e-20,6.809e-25,3.224e-17,,5.237e-29,,1.216e-22,1.870e-20,2.589e-38,6.148e-6,,4.287e-26,,4.561e-21,,9.650e-24,3.159e+0,2.128e+2,9.161e-13,1.378e-21,7.849e-25,,,,,,,,,,,,,,,,,,,,,,,,7.531e-20,,4.095e-19
225.53,3.167e+2,,5.485e-10,6.306e-35,,,5.669e-41,1.819e-22,3.823e-3,1.043e-49,9.573e+1,6.912e-14,2.559e-31,2.365e-20,6.784e-25,2.048e-17,,5.247e-29,,1.219e-22,1.882e-20,2.614e-38,1.186e-5,,4.936e-26,,4.562e-21,,9.711e-24,4.360e+0,2.166e+2,1.238e-12,1.379e-21,7.856e-25,,,,,,,,,,,,,,,,,,,,,,,,7.568e-20,,4.111e-19
225.56,3.547e+2,,5.786e-10,6.357e-35,,,3.625e-41,1.819e-22,3.209e-3,1.044e-49,1.276e+2,1.671e-14,2.550e-31,2.363e-20,6.747e-25,1.008e-17,,5.262e-29,,1.223e-22,1.900e-20,2.653e-38,3.089e-5,,5.910e-26,,4.565e-21,,9.802e-24,6.874e+0,2.202e+2,1.892e-12,1.380e-21,7.868e-25,,,,,,,,,,,,,,,,,,,,,,,,7.624e-20,,4.136e-19
225.58,3.815e+2,,5.889e-10,6.392e-35,,,2.640e-41,1.820e-22,2.802e-3,1.045e-49,1.517e+2,6.360e-15,2.545e-31,2.362e-20,6.722e-25,6.164e-18,,5.273e-29,,1.225e-22,1.912e-20,2.678e-38,5.739e-5,,6.559e-26,,4.566e-21,,9.863e-24,9.138e+0,2.206e+2,2.464e-12,1.381e-21,7.875e-25,,,,,,,,,,,,,,,,,,,,,,,,7.662e-20,,4.152e-19
225.6,4.090e+2,,5.908e-10,6.426e-35,,,1.894e-41,1.820e-22,2.410e-3,1.045e-49,1.778e+2,2.385e-15,2.539e-31,2.361e-20,6.697e-25,3.714e-18,,5.283e-29,,1.228e-22,1.925e-20,2.704e-38,1.050e-4,,7.209e-26,,4.568e-21,,9.924e-24,1.197e+1,2.192e+2,3.164e-12,1.382e-21,7.883e-25,,,,,,,,,,,,,,,,,,,,,,,,7.699e-20,,4.168e-19
225.63,4.502e+2,,5.778e-10,6.477e-35,,,1.119e-41,1.821e-22,1.869e-3,1.046e-49,2.193e+2,5.321e-16,2.531e-31,2.359e-20,6.659e-25,1.688e-18,,5.298e-29,,1.231e-22,1.943e-20,2.743e-38,2.530e-4,,8.182e-26,,4.570e-21,,1.001e-23,1.744e+1,2.135e+2,4.481e-12,1.383e-21,7.894e-25,,,,,,,,,,,,,,,,,,,,,,,,7.755e-20,,4.193e-19
225.65,4.770e+2,,5.591e-10,6.512e-35,,,7.729e-42,1.821e-22,1.548e-3,1.047e-49,2.478e+2,1.921e-16,2.525e-31,2.358e-20,6.634e-25,9.794e-19,,5.309e-29,,1.234e-22,1.955e-20,2.768e-38,4.461e-4,,8.832e-26,,4.571e-21,,1.008e-23,2.200e+1,2.072e+2,5.552e-12,1.384e-21,7.902e-25,,,,,,,,,,,,,,,,,,,,,,,,7.793e-20,,4.209e-19
225.68,5.148e+2,,5.179e-10,6.563e-35,,,4.314e-42,1.822e-22,1.135e-3,1.048e-49,2.900e+2,4.048e-17,2.517e-31,2.356e-20,6.597e-25,4.206e-19,,5.324e-29,,1.237e-22,1.973e-20,2.807e-38,1.016e-3,,9.806e-26,,4.574e-21,,1.017e-23,3.031e+1,1.946e+2,7.461e-12,1.385e-21,7.913e-25,,,,,,,,,,,,,,,,,,,,,,,,7.849e-20,,4.234e-19
225.7,5.379e+2,,4.834e-10,6.597e-35,,,2.870e-42,1.822e-22,9.054e-4,1.048e-49,3.167e+2,1.407e-17,2.511e-31,2.355e-20,6.572e-25,2.350e-19,,5.334e-29,,1.240e-22,1.985e-20,2.832e-38,1.726e-3,,1.045e-25,,4.575e-21,,1.023e-23,3.683e+1,1.843e+2,8.932e-12,1.386e-21,7.921e-25,,,,,,,,,,,,,,,,,,,,,,,,7.886e-20,,4.250e-19
225.73,5.685e+2,,4.241e-10,6.649e-35,,,1.514e-42,1.822e-22,6.272e-4,1.049e-49,3.535e+2,2.801e-18,2.503e-31,2.353e-20,6.534e-25,9.535e-20,,5.350e-29,,1.244e-22,2.003e-20,2.871e-38,3.716e-3,,1.143e-25,,4.577e-21,,1.032e-23,4.797e+1,1.670e+2,1.141e-11,1.387e-21,7.932e-25,,,,,,,,,,,,,,,,,,,,,,,,7.942e-20,,4.275e-19
225.75,5.864e+2,,3.817e-10,6.683e-35,,,9.699e-43,1.823e-22,4.818e-4,1.050e-49,3.756e+2,9.369e-19,2.497e-31,2.352e-20,6.509e-25,5.129e-20,,5.360e-29,,1.246e-22,2.015e-20,2.897e-38,6.082e-3,,1.208e-25,,4.579e-21,,1.038e-23,5.614e+1,1.546e+2,1.323e-11,1.388e-21,7.939e-25,,,,,,,,,,,,,,,,,,,,,,,,7.980e-20,,4.291e-19
225.78,6.107e+2,,3.171e-10,6.734e-35,,,4.834e-43,1.823e-22,3.154e-4,1.051e-49,4.060e+2,1.762e-19,2.489e-31,2.350e-20,6.472e-25,1.966e-20,,5.375e-29,,1.250e-22,2.034e-20,2.935e-38,1.238e-2,,1.305e-25,,4.581e-21,,1.047e-23,6.912e+1,1.356e+2,1.615e-11,1.389e-21,7.951e-25,,,,,,,,,,,,,,,,,,,,,,,,8.036e-20,,4.316e-19
225.8,6.270e+2,,2.752e-10,6.769e-35,,,2.982e-43,1.824e-22,2.334e-4,1.052e-49,4.260e+2,5.674e-20,2.483e-31,2.349e-20,6.447e-25,1.018e-20,,5.386e-29,,1.252e-22,2.046e-20,2.961e-38,1.952e-2,,1.370e-25,,4.582e-21,,1.053e-23,7.793e+1,1.231e+2,1.818e-11,1.389e-21,7.958e-25,,,,,,,,,,,,,,,,,,,,,,,,8.073e-20,,4.332e-19
225.83,6.570e+2,,2.165e-10,6.820e-35,,,1.405e-43,1.824e-22,1.444e-4,1.053e-49,4.611e+2,1.008e-20,2.474e-31,2.348e-20,6.409e-25,3.690e-21,,5.401e-29,,1.256e-22,2.064e-20,2.999e-38,3.758e-2,,1.467e-25,,4.585e-21,,1.062e-23,9.070e+1,1.052e+2,2.131e-11,1.391e-21,7.970e-25,,,,,,,,,,,,,,,,,,,,,,,,8.129e-20,,4.357e-19
225.85,6.854e+2,,1.812e-10,6.854e-35,,,8.345e-44,1.825e-22,1.029e-4,1.053e-49,4.928e+2,3.125e-21,2.469e-31,2.347e-20,6.384e-25,1.840e-21,,5.411e-29,,1.259e-22,2.076e-20,3.025e-38,5.708e-2,,1.532e-25,,4.586e-21,,1.068e-23,9.849e+1,9.406e+1,2.343e-11,1.391e-21,7.977e-25,,,,,,,,,,,,,,,,,,,,,,,,8.167e-20,,4.373e-19
225.88,7.522e+2,,1.349e-10,6.906e-35,,,3.714e-44,1.825e-22,6.016e-5,1.054e-49,5.646e+2,5.243e-22,2.460e-31,2.345e-20,6.347e-25,6.299e-22,,5.427e-29,,1.262e-22,2.094e-20,3.063e-38,1.039e-1,,1.630e-25,,4.588e-21,,1.077e-23,1.084e+2,7.910e+1,2.661e-11,1.392e-21,7.988e-25,,,,,,,,,,,,,,,,,,,,,,,,8.223e-20,,4.398e-19
225.9,8.218e+2,,1.088e-10,6.940e-35,,,2.125e-44,1.826e-22,4.129e-5,1.055e-49,6.380e+2,1.565e-22,2.455e-31,2.344e-20,6.322e-25,3.025e-22,,5.437e-29,,4.304e-22,2.106e-20,3.089e-38,1.520e-1,,1.695e-25,,4.590e-21,,1.083e-23,1.133e+2,7.038e+1,2.875e-11,1.393e-21,7.996e-25,,,,,,,,,,,,,,,,,,,,,,,,8.260e-20,,4.414e-19
225.93,9.832e+2,,7.673e-11,6.992e-35,,,8.936e-45,1.826e-22,2.281e-5,1.056e-49,8.057e+2,2.480e-23,2.446e-31,2.342e-20,6.284e-25,9.783e-23,,5.453e-29,,2.636e-21,2.124e-20,3.128e-38,2.617e-1,,1.792e-25,,4.592e-21,,1.092e-23,1.179e+2,5.936e+1,3.199e-11,1.394e-21,8.007e-25,,,,,,,,,,,,,,,,,,,,,,,,8.316e-20,,4.439e-19
225.95,1.142e+3,,5.968e-11,7.026e-35,,,4.923e-45,1.827e-22,1.508e-5,1.056e-49,9.694e+2,7.125e-24,2.441e-31,2.341e-20,6.259e-25,4.523e-23,,5.463e-29,,8.660e-21,2.136e-20,3.153e-38,3.689e-1,,1.857e-25,,4.594e-21,,1.099e-23,1.188e+2,5.344e+1,3.420e-11,1.395e-21,8.015e-25,,,,,,,,,,,,,,,,,,,,,,,,8.354e-20,,4.455e-19
225.97,1.354e+3,,4.573e-11,7.060e-35,,,2.671e-45,1.827e-22,9.815e-6,1.057e-49,1.187e+3,7.214e-24,2.435e-31,2.340e-20,6.234e-25,2.060e-23,,5.473e-29,,2.804e-20,2.149e-20,3.179e-38,5.123e-1,,1.922e-25,,4.595e-21,,1.105e-23,1.179e+2,4.869e+1,3.650e-11,1.396e-21,8.022e-25,,,,,,,,,,,,,,,,,,,,,,,,8.391e-20,,4.472e-19
226,1.794e+3,,2.985e-11,7.111e-35,,,1.038e-45,1.828e-22,5.011e-6,1.058e-49,1.636e+3,7.346e-24,2.427e-31,2.338e-20,6.197e-25,6.154e-24,,5.489e-29,,1.589e-19,2.167e-20,3.217e-38,8.153e-1,,2.019e-25,,4.597e-21,,1.114e-23,1.133e+2,4.382e+1,4.015e-11,1.397e-21,8.034e-25,,,,,,,,,,,,,,,,,,,,,,,,8.447e-20,,4.496e-19
226.02,2.184e+3,,2.205e-11,7.146e-35,,,5.423e-46,1.828e-22,3.142e-6,1.059e-49,2.033e+3,7.434e-24,2.421e-31,2.337e-20,6.172e-25,2.699e-24,,5.499e-29,,4.958e-19,2.179e-20,1.080e-37,1.091e+0,,2.084e-25,,4.599e-21,,1.120e-23,1.084e+2,4.207e+1,4.276e-11,1.398e-21,8.041e-25,,,,,,,,,,,,,,,,,,,,,,,,8.484e-20,,4.512e-19
226.05,2.938e+3,,1.362e-11,7.197e-35,,,1.991e-46,1.828e-22,1.516e-6,1.060e-49,2.796e+3,7.566e-24,2.413e-31,2.335e-20,6.134e-25,7.618e-25,,5.514e-29,,2.658e-18,2.197e-20,6.457e-37,1.641e+0,,2.182e-25,,4.601e-21,,1.129e-23,9.849e+1,4.172e+1,4.699e-11,1.399e-21,8.053e-25,,,,,,,,,,,,,,,,,,,,,,,,8.541e-20,,4.537e-19
226.07,3.561e+3,,9.706e-12,7.231e-35,,,1.002e-46,1.829e-22,9.153e-7,1.060e-49,3.425e+3,7.655e-24,2.407e-31,2.334e-20,6.109e-25,3.217e-25,,5.525e-29,,7.993e-18,2.209e-20,2.088e-36,2.116e+0,,2.247e-25,,4.603e-21,,1.135e-23,9.070e+1,4.298e+1,5.003e-11,1.400e-21,8.060e-25,,,,,,,,,,,,,,,,,,,,,,,,8.578e-20,,4.553e-19
226.1,4.682e+3,,5.686e-12,7.283e-35,,,3.476e-47,1.829e-22,4.174e-7,1.061e-49,4.554e+3,7.787e-24,2.399e-31,2.332e-20,6.072e-25,8.579e-26,,5.540e-29,,4.054e-17,2.227e-20,1.181e-35,3.010e+0,,2.344e-25,,4.605e-21,,1.144e-23,7.793e+1,4.706e+1,5.488e-11,1.401e-21,8.071e-25,,,,,,,,,,,,,,,,,,,,,,,,8.634e-20,,4.578e-19
226.12,5.547e+3,,3.920e-12,7.317e-35,,,1.684e-47,1.830e-22,2.427e-7,1.062e-49,5.423e+3,7.875e-24,2.393e-31,2.331e-20,6.047e-25,3.488e-26,,5.550e-29,,1.175e-16,2.239e-20,3.683e-35,3.738e+0,,2.409e-25,,4.606e-21,,1.150e-23,6.912e+1,5.116e+1,5.828e-11,1.402e-21,8.079e-25,,,,,,,,,,,,,,,,,,,,,,,,8.671e-20,,4.594e-19
226.15,6.995e+3,,2.214e-12,7.369e-35,,,5.523e-48,1.830e-22,1.046e-7,1.063e-49,6.874e+3,8.008e-24,2.385e-31,2.330e-20,6.009e-25,8.790e-27,,5.566e-29,,5.639e-16,2.258e-20,1.971e-34,5.029e+0,,2.506e-25,,4.608e-21,,1.159e-23,5.614e+1,5.918e+1,6.352e-11,1.403e-21,8.090e-25,,,,,,,,,,,,,,,,,,,,,,,,8.728e-20,,4.619e-19
226.17,8.033e+3,,1.524e-12,7.403e-35,,,2.577e-48,1.831e-22,5.858e-8,1.064e-49,7.913e+3,8.096e-24,2.379e-31,2.328e-20,5.985e-25,3.441e-27,,5.576e-29,,1.575e-15,2.270e-20,5.922e-34,6.016e+0,,2.571e-25,,4.610e-21,,1.165e-23,4.797e+1,6.560e+1,6.703e-11,1.404e-21,8.098e-25,,,,,,,,,,,,,,,,,,,,,,,,8.765e-20,,4.635e-19
226.2,9.635e+3,,9.460e-13,7.454e-35,,,7.984e-49,1.831e-22,2.386e-8,1.065e-49,9.514e+3,8.228e-24,2.370e-31,2.327e-20,5.947e-25,8.194e-28,,5.591e-29,,7.150e-15,2.288e-20,2.999e-33,7.653e+0,,2.669e-25,,4.612e-21,,1.174e-23,3.683e+1,7.646e+1,7.217e-11,1.405e-21,8.109e-25,,,,,,,,,,,,,,,,,,,,,,,,8.821e-20,,4.660e-19
226.22,1.069e+4,,7.874e-13,7.488e-35,,,3.587e-49,1.832e-22,1.287e-8,1.065e-49,1.056e+4,8.316e-24,2.365e-31,2.326e-20,5.922e-25,3.089e-28,,5.602e-29,,1.924e-14,2.300e-20,8.684e-33,8.819e+0,,2.733e-25,,4.614e-21,,1.180e-23,3.031e+1,8.422e+1,7.540e-11,1.405e-21,8.117e-25,,,,,,,,,,,,,,,,,,,,,,,,8.858e-20,,4.676e-19
226.25,1.215e+4,,8.246e-13,7.540e-35,,,1.050e-49,1.832e-22,4.953e-9,1.066e-49,1.203e+4,8.449e-24,2.356e-31,2.324e-20,5.885e-25,6.949e-29,,5.617e-29,,8.266e-14,2.318e-20,4.161e-32,1.061e+1,,2.831e-25,,4.616e-21,,1.190e-23,2.200e+1,9.609e+1,7.979e-11,1.407e-21,8.128e-25,,,,,,,,,,,,,,,,,,,,,,,,8.915e-20,,4.701e-19
226.27,1.301e+4,,1.029e-12,7.574e-35,,,4.544e-50,1.833e-22,2.572e-9,1.067e-49,1.287e+4,8.537e-24,2.351e-31,2.323e-20,5.860e-25,2.522e-29,,5.627e-29,,2.144e-13,2.330e-20,1.161e-31,1.178e+1,,2.896e-25,,4.617e-21,,1.196e-23,1.744e+1,1.038e+2,8.229e-11,1.407e-21,8.136e-25,,,,,,,,,,,,,,,,,,,,,,,,8.952e-20,,4.717e-19
226.3,1.401e+4,,1.655e-12,7.626e-35,,,1.257e-50,1.833e-22,9.359e-10,1.068e-49,1.387e+4,8.669e-24,2.342e-31,2.321e-20,5.822e-25,5.362e-30,,5.643e-29,,8.714e-13,2.348e-20,5.264e-31,1.339e+1,,2.993e-25,,4.620e-21,,1.205e-23,1.197e+1,1.143e+2,8.522e-11,1.408e-21,8.147e-25,,,,,,,,,,,,,,,,,,,,,,,,9.008e-20,,4.742e-19
226.32,1.445e+4,,2.346e-12,7.660e-35,,,5.238e-51,1.833e-22,4.681e-10,1.068e-49,1.431e+4,8.758e-24,2.337e-31,2.320e-20,5.797e-25,1.874e-30,,5.653e-29,,2.178e-12,2.360e-20,1.416e-30,1.433e+1,,3.058e-25,,4.621e-21,,1.211e-23,9.138e+0,1.204e+2,8.652e-11,1.409e-21,8.155e-25,,,,,,,,,,,,,,,,,,,,,,,,9.045e-20,,4.758e-19
226.34,1.470e+4,,3.332e-12,7.694e-35,,,2.150e-51,1.834e-22,2.306e-10,1.069e-49,1.456e+4,8.846e-24,2.331e-31,2.319e-20,5.772e-25,6.451e-31,,5.663e-29,,5.366e-12,2.373e-20,3.751e-30,1.509e+1,,3.123e-25,,4.623e-21,,1.217e-23,6.874e+0,1.253e+2,8.722e-11,1.410e-21,8.162e-25,,,,,,,,,,,,,,,,,,,,,,,,9.083e-20,,4.775e-19
226.37,1.469e+4,,5.568e-12,7.746e-35,,,5.494e-52,1.834e-22,7.752e-11,1.070e-49,1.454e+4,8.978e-24,2.323e-31,2.317e-20,5.735e-25,1.267e-31,,5.679e-29,,2.018e-11,2.391e-20,1.574e-29,1.587e+1,,3.220e-25,,4.625e-21,,1.226e-23,4.360e+0,1.303e+2,8.702e-11,1.411e-21,8.173e-25,,,,,,,,,,,,,,,,,,,,,,,,9.139e-20,,4.799e-19
226.39,1.444e+4,,7.741e-12,7.780e-35,,,2.171e-52,1.835e-22,3.678e-11,1.071e-49,1.429e+4,9.066e-24,2.317e-31,2.316e-20,5.710e-25,4.199e-32,,5.689e-29,,4.790e-11,2.403e-20,4.019e-29,1.611e+1,,3.285e-25,,4.626e-21,,1.232e-23,3.159e+0,1.318e+2,8.600e-11,1.412e-21,8.181e-25,,,,,,,,,,,,,,,,,,,,,,,,9.176e-20,,4.816e-19
226.42,1.373e+4,,1.243e-11,7.831e-35,,,5.246e-53,1.835e-22,1.168e-11,1.072e-49,1.358e+4,9.199e-24,2.309e-31,2.314e-20,5.672e-25,7.789e-33,,5.704e-29,,1.704e-10,2.421e-20,1.595e-28,1.602e+1,,3.383e-25,,4.629e-21,,1.241e-23,1.894e+0,1.311e+2,8.309e-11,1.413e-21,8.192e-25,,,,,,,,,,,,,,,,,,,,,,,,9.232e-20,,4.840e-19
226.44,1.309e+4,,1.680e-11,7.865e-35,,,2.002e-53,1.836e-22,5.339e-12,1.072e-49,1.295e+4,9.287e-24,2.303e-31,2.313e-20,5.647e-25,2.486e-33,,5.715e-29,,3.899e-10,2.433e-20,3.927e-28,1.567e+1,,3.448e-25,,4.630e-21,,1.247e-23,1.322e+0,1.287e+2,8.025e-11,1.414e-21,8.200e-25,,,,,,,,,,,,,,,,,,,,,,,,9.270e-20,,4.857e-19
226.47,1.198e+4,,2.585e-11,7.917e-35,,,4.838e-54,1.836e-22,1.603e-12,1.073e-49,1.184e+4,9.419e-24,2.295e-31,2.312e-20,5.610e-25,4.358e-34,,5.730e-29,,1.312e-9,2.451e-20,1.475e-27,1.473e+1,,3.545e-25,,4.632e-21,,1.256e-23,7.493e-1,1.223e+2,7.473e-11,1.415e-21,8.211e-25,,,,,,,,,,,,,,,,,,,,,,,,9.326e-20,,4.881e-19
226.49,1.121e+4,,3.399e-11,7.951e-35,,,2.441e-54,1.837e-22,7.053e-13,1.074e-49,1.108e+4,9.508e-24,2.289e-31,2.310e-20,5.585e-25,1.339e-34,,5.740e-29,,2.893e-9,2.463e-20,3.498e-27,1.388e+1,,3.610e-25,,4.634e-21,,1.262e-23,5.037e-1,1.165e+2,7.031e-11,1.416e-21,8.219e-25,,,,,,,,,,,,,,,,,,,,,,,,9.363e-20,,4.898e-19
226.52,1.013e+4,,5.020e-11,8.003e-35,,,3.737e-54,1.837e-22,2.001e-13,1.075e-49,1.002e+4,9.640e-24,2.280e-31,2.309e-20,5.547e-25,2.218e-35,,5.756e-29,,9.213e-9,2.482e-20,1.243e-26,1.234e+1,,3.707e-25,,4.636e-21,,1.271e-23,2.699e-1,1.057e+2,6.281e-11,1.417e-21,8.230e-25,,,,,,,,,,,,,,,,,,,,,,,,9.419e-20,,4.922e-19
226.54,9.544e+3,,6.424e-11,8.037e-35,,,8.995e-54,1.838e-22,8.482e-14,1.076e-49,9.435e+3,9.728e-24,2.275e-31,2.308e-20,5.522e-25,6.565e-36,,5.766e-29,,1.958e-8,2.494e-20,2.842e-26,1.120e+1,,3.772e-25,,4.637e-21,,1.277e-23,1.748e-1,9.760e+1,5.741e-11,1.418e-21,8.238e-25,,,,,,,,,,,,,,,,,,,,,,,,9.457e-20,,4.938e-19
226.57,8.967e+3,,9.118e-11,8.088e-35,,,3.674e-53,1.838e-22,2.275e-14,1.077e-49,8.873e+3,9.860e-24,2.266e-31,2.306e-20,5.485e-25,8.097e-36,,5.782e-29,,5.898e-8,2.512e-20,9.554e-26,9.414e+0,,3.870e-25,,4.640e-21,,1.287e-23,8.853e-2,8.453e+1,4.903e-11,1.419e-21,8.249e-25,,,,,,,,,,,,,,,,,,,,,,,,9.513e-20,,4.963e-19
226.59,8.841e+3,,1.137e-10,8.123e-35,,,9.292e-53,1.838e-22,9.283e-15,1.077e-49,8.758e+3,9.949e-24,2.261e-31,2.305e-20,5.460e-25,9.118e-36,,5.792e-29,,1.208e-7,2.524e-20,2.105e-25,8.230e+0,,3.935e-25,,4.641e-21,,1.293e-23,5.522e-2,7.560e+1,4.345e-11,1.419e-21,8.256e-25,,,,,,,,,,,,,,,,,,,,,,,,9.550e-20,,4.979e-19
226.62,9.112e+3,,1.551e-10,8.174e-35,,,3.639e-52,1.839e-22,2.353e-15,1.078e-49,9.043e+3,1.008e-23,2.252e-31,2.303e-20,5.422e-25,1.065e-35,,5.807e-29,,3.442e-7,2.542e-20,6.696e-25,6.542e+0,,4.032e-25,,4.643e-21,,1.302e-23,2.645e-2,6.246e+1,3.538e-11,1.421e-21,8.268e-25,,,,,,,,,,,,,,,,,,,,,,,,9.606e-20,,5.004e-19
226.64,9.619e+3,,1.883e-10,8.208e-35,,,8.878e-52,1.839e-22,9.247e-16,1.079e-49,9.559e+3,1.017e-23,2.247e-31,2.302e-20,5.397e-25,1.167e-35,,5.818e-29,,6.793e-7,2.554e-20,1.422e-24,5.510e+0,,4.097e-25,,4.645e-21,,1.308e-23,1.589e-2,5.414e+1,3.036e-11,1.421e-21,8.275e-25,,,,,,,,,,,,,,,,,,,,,,,,9.644e-20,,5.020e-19
226.67,1.087e+4,,2.471e-10,8.260e-35,,,3.290e-51,1.840e-22,2.215e-16,1.080e-49,1.082e+4,1.030e-23,2.238e-31,2.300e-20,5.360e-25,1.320e-35,,5.833e-29,,1.832e-6,2.572e-20,4.279e-24,4.142e+0,,4.194e-25,,4.647e-21,,1.317e-23,7.212e-3,4.269e+1,2.357e-11,1.423e-21,8.287e-25,,,,,,,,,,,,,,,,,,,,,,,,9.700e-20,,5.045e-19
226.69,1.201e+4,,2.923e-10,8.294e-35,,,7.737e-51,1.840e-22,8.383e-17,1.080e-49,1.197e+4,1.039e-23,2.233e-31,2.299e-20,5.335e-25,1.422e-35,,5.843e-29,,3.484e-6,2.584e-20,8.756e-24,3.361e+0,,4.259e-25,,4.649e-21,,1.323e-23,4.201e-3,3.589e+1,1.962e-11,1.423e-21,8.294e-25,,,,,,,,,,,,,,,,,,,,,,,,9.737e-20,,5.061e-19
226.71,1.335e+4,,3.419e-10,8.328e-35,,,1.792e-50,1.841e-22,3.126e-17,1.081e-49,1.332e+4,1.048e-23,2.227e-31,2.298e-20,5.310e-25,1.525e-35,,5.854e-29,,6.529e-6,2.597e-20,1.766e-23,2.686e+0,,4.324e-25,,4.650e-21,,1.329e-23,2.449e-3,2.984e+1,1.617e-11,1.424e-21,8.302e-25,,,,,,,,,,,,,,,,,,,,,,,,9.775e-20,,5.078e-19
226.74,1.566e+4,,4.240e-10,8.380e-35,,,6.149e-50,1.841e-22,6.917e-18,1.082e-49,1.563e+4,1.061e-23,2.219e-31,2.296e-20,5.272e-25,1.678e-35,,5.869e-29,,1.629e-5,2.615e-20,4.918e-23,1.867e+0,,4.421e-25,,4.652e-21,,1.338e-23,1.196e-3,2.219e+1,1.197e-11,1.425e-21,8.313e-25,,,,,,,,,,,,,,,,,,,,,,,,9.831e-20,,5.102e-19
226.76,1.731e+4,,4.826e-10,8.414e-35,,,1.373e-49,1.842e-22,2.484e-18,1.083e-49,1.729e+4,1.070e-23,2.213e-31,2.295e-20,5.247e-25,1.780e-35,,5.879e-29,,2.942e-5,2.627e-20,9.557e-23,1.438e+0,,4.486e-25,,4.654e-21,,1.344e-23,9.265e-4,1.802e+1,9.807e-12,1.426e-21,8.321e-25,,,,,,,,,,,,,,,,,,,,,,,,9.868e-20,,5.119e-19
226.79,1.978e+4,,5.737e-10,8.465e-35,,,4.456e-49,1.842e-22,5.195e-19,1.084e-49,1.977e+4,1.083e-23,2.205e-31,2.294e-20,5.210e-25,1.933e-35,,5.895e-29,,6.947e-5,2.645e-20,2.518e-22,9.449e-1,,4.584e-25,,4.656e-21,,1.353e-23,1.167e-3,1.304e+1,7.511e-12,1.427e-21,8.332e-25,,,,,,,,,,,,,,,,,,,,,,,,9.924e-20,,5.143e-19
226.81,2.133e+4,,6.346e-10,8.500e-35,,,9.591e-49,1.843e-22,1.796e-19,1.084e-49,2.132e+4,1.092e-23,2.199e-31,2.292e-20,5.185e-25,2.035e-35,,5.905e-29,,1.209e-4,2.657e-20,4.717e-22,7.010e-1,,4.649e-25,,4.658e-21,,1.359e-23,1.832e-3,1.048e+1,6.591e-12,1.428e-21,8.340e-25,,,,,,,,,,,,,,,,,,,,,,,,9.962e-20,,5.160e-19
226.84,2.333e+4,,7.222e-10,8.551e-35,,,2.946e-48,1.843e-22,3.551e-20,1.085e-49,2.332e+4,1.105e-23,2.191e-31,2.291e-20,5.147e-25,2.188e-35,,5.920e-29,,2.700e-4,2.675e-20,1.176e-21,4.357e-1,,4.746e-25,,4.660e-21,,1.368e-23,4.096e-3,7.605e+0,6.104e-12,1.429e-21,8.351e-25,,,,,,,,,,,,,,,,,,,,,,,,1.002e-19,,5.184e-19
226.86,2.435e+4,,7.754e-10,8.585e-35,,,6.110e-48,1.843e-22,1.183e-20,1.086e-49,2.434e+4,1.114e-23,2.185e-31,2.290e-20,5.122e-25,2.290e-35,,5.931e-29,,4.530e-4,2.687e-20,2.123e-21,3.116e-1,,4.811e-25,,4.661e-21,,1.375e-23,7.075e-3,6.223e+0,6.370e-12,1.430e-21,8.358e-25,,,,,,,,,,,,,,,,,,,,,,,,1.006e-19,,5.201e-19
226.89,2.528e+4,,8.431e-10,8.637e-35,,,1.776e-47,1.844e-22,2.209e-21,1.087e-49,2.528e+4,1.127e-23,2.176e-31,2.288e-20,5.085e-25,2.444e-35,,5.946e-29,,9.572e-4,2.705e-20,5.007e-21,1.838e-1,,4.908e-25,,4.664e-21,,1.384e-23,1.576e-2,4.769e+0,7.663e-12,1.431e-21,8.370e-25,,,,,,,,,,,,,,,,,,,,,,,,1.011e-19,,5.225e-19
226.91,2.547e+4,,8.778e-10,8.671e-35,,,3.550e-47,1.844e-22,7.085e-22,1.088e-49,2.546e+4,1.136e-23,2.171e-31,2.287e-20,5.060e-25,2.546e-35,,5.956e-29,,1.547e-3,2.718e-20,8.711e-21,1.275e-1,,4.973e-25,,4.665e-21,,1.390e-23,2.641e-2,4.120e+0,9.137e-12,1.432e-21,8.377e-25,,,,,,,,,,,,,,,,,,,,,,,,1.015e-19,,5.242e-19
226.94,2.505e+4,,9.106e-10,8.722e-35,,,9.762e-47,1.845e-22,1.251e-22,1.088e-49,2.505e+4,1.149e-23,2.162e-31,2.285e-20,5.022e-25,2.699e-35,,5.972e-29,,3.093e-3,2.736e-20,1.944e-20,7.347e-2,,5.071e-25,,4.667e-21,,1.399e-23,5.579e-2,3.485e+0,1.229e-11,1.433e-21,8.389e-25,,,,,,,,,,,,,,,,,,,,,,,,1.020e-19,,5.266e-19
226.96,2.433e+4,,9.183e-10,8.757e-35,,,1.881e-46,1.845e-22,3.864e-23,1.089e-49,2.433e+4,1.158e-23,2.157e-31,2.284e-20,4.997e-25,2.801e-35,,5.982e-29,,4.819e-3,2.748e-20,3.260e-20,5.238e-2,,5.136e-25,,4.669e-21,,1.405e-23,9.016e-2,3.222e+0,1.504e-11,1.434e-21,8.396e-25,,,,,,,,,,,,,,,,,,,,,,,,1.024e-19,,5.283e-19
226.99,2.265e+4,,9.075e-10,8.808e-35,,,4.895e-46,1.846e-22,6.447e-24,1.090e-49,2.265e+4,1.171e-23,2.148e-31,2.282e-20,4.960e-25,2.954e-35,,5.997e-29,,9.115e-3,2.766e-20,6.883e-20,3.728e-2,,5.233e-25,,4.671e-21,,1.414e-23,1.802e-1,2.979e+0,2.011e-11,1.435e-21,8.407e-25,,,,,,,,,,,,,,,,,,,,,,,,1.030e-19,,5.307e-19
227.01,2.120e+4,,8.858e-10,8.842e-35,,,9.091e-46,1.846e-22,1.918e-24,1.091e-49,2.120e+4,1.180e-23,2.143e-31,2.281e-20,4.935e-25,3.056e-35,,6.008e-29,,1.369e-2,2.778e-20,1.112e-19,3.674e-2,,5.298e-25,,4.672e-21,,1.420e-23,2.806e-1,2.879e+0,2.409e-11,1.435e-21,8.415e-25,,,,,,,,,,,,,,,,,,,,,,,,1.034e-19,,5.324e-19
227.04,1.867e+4,,8.330e-10,8.894e-35,,,2.238e-45,1.847e-22,3.024e-25,1.092e-49,1.867e+4,1.193e-23,2.134e-31,2.279e-20,4.897e-25,3.209e-35,,6.023e-29,,2.449e-2,2.796e-20,2.222e-19,5.095e-2,,5.395e-25,,4.675e-21,,1.429e-23,5.306e-1,2.776e+0,3.083e-11,1.437e-21,8.426e-25,,,,,,,,,,,,,,,,,,,,,,,,1.039e-19,,5.348e-19
227.06,1.684e+4,,7.863e-10,8.928e-35,,,4.006e-45,1.847e-22,3.040e-25,1.092e-49,1.683e+4,1.202e-23,2.129e-31,2.278e-20,4.872e-25,3.312e-35,,6.033e-29,,3.544e-2,2.808e-20,3.460e-19,7.306e-2,,5.460e-25,,4.676e-21,,1.435e-23,7.966e-1,2.722e+0,3.571e-11,1.437e-21,8.434e-25,,,,,,,,,,,,,,,,,,,,,,,,1.043e-19,,5.364e-19
227.09,1.403e+4,,7.030e-10,8.979e-35,,,9.334e-45,1.848e-22,3.063e-25,1.093e-49,1.402e+4,1.215e-23,2.120e-31,2.277e-20,4.835e-25,3.465e-35,,6.049e-29,,5.999e-2,2.827e-20,6.541e-19,1.342e-1,,5.558e-25,,4.678e-21,,1.444e-23,1.425e+0,2.648e+0,4.335e-11,1.438e-21,8.445e-25,,,,,,,,,,,,,,,,,,,,,,,,1.049e-19,,5.389e-19
227.11,1.219e+4,,6.414e-10,9.014e-35,,,1.610e-44,1.848e-22,3.079e-25,1.094e-49,1.218e+4,1.224e-23,2.115e-31,2.275e-20,4.810e-25,3.567e-35,,6.059e-29,,8.366e-2,2.839e-20,9.817e-19,2.024e-1,,5.623e-25,,4.680e-21,,1.450e-23,2.061e+0,2.599e+0,4.843e-11,1.439e-21,8.453e-25,,,,,,,,,,,,,,,,,,,,,,,,1.052e-19,,5.405e-19
227.13,1.044e+4,,5.772e-10,9.048e-35,,,2.738e-44,1.848e-22,3.095e-25,1.095e-49,1.043e+4,1.233e-23,2.109e-31,2.274e-20,4.785e-25,3.669e-35,,6.069e-29,,1.149e-1,2.851e-20,1.452e-18,3.025e-1,,5.687e-25,,4.681e-21,,1.456e-23,2.939e+0,2.551e+0,5.332e-11,1.440e-21,8.460e-25,,,,,,,,,,,,,,,,,,,,,,,,1.056e-19,,5.422e-19
227.16,8.046e+3,,4.802e-10,9.099e-35,,,5.903e-44,1.849e-22,3.118e-25,1.096e-49,8.038e+3,1.246e-23,2.101e-31,2.273e-20,4.747e-25,3.822e-35,,6.085e-29,,1.801e-1,2.869e-20,2.540e-18,5.399e-1,,5.785e-25,,4.684e-21,,1.466e-23,4.865e+0,2.488e+0,5.992e-11,1.441e-21,8.472e-25,,,,,,,,,,,,,,,,,,,,,,,,1.062e-19,,5.446e-19
227.18,6.641e+3,,4.174e-10,9.134e-35,,,9.672e-44,1.849e-22,3.134e-25,1.096e-49,6.631e+3,1.255e-23,2.095e-31,2.272e-20,4.722e-25,3.924e-35,,6.095e-29,,2.384e-1,2.881e-20,3.620e-18,7.807e-1,,5.850e-25,,4.685e-21,,1.472e-23,6.683e+0,2.455e+0,6.357e-11,1.442e-21,8.479e-25,,,,,,,,,,,,,,,,,,,,,,,,1.065e-19,,5.463e-19
227.21,4.847e+3,,3.296e-10,9.185e-35,,,1.973e-43,1.850e-22,3.157e-25,1.097e-49,4.833e+3,1.268e-23,2.087e-31,2.270e-20,4.685e-25,4.078e-35,,6.111e-29,,3.534e-1,2.899e-20,5.991e-18,1.321e+0,,5.947e-25,,4.687e-21,,1.481e-23,1.047e+1,2.427e+0,6.758e-11,1.443e-21,8.490e-25,,,,,,,,,,,,,,,,,,,,,,,,1.071e-19,,5.487e-19
227.23,3.860e+3,,2.767e-10,9.219e-35,,,3.116e-43,1.850e-22,3.173e-25,1.098e-49,3.841e+3,1.277e-23,2.081e-31,2.269e-20,4.660e-25,4.180e-35,,6.121e-29,,4.510e-1,2.911e-20,8.229e-18,1.841e+0,,6.012e-25,,4.689e-21,,1.487e-23,1.386e+1,2.425e+0,6.910e-11,1.444e-21,8.498e-25,,,,,,,,,,,,,,,,,,,,,,,,1.075e-19,,5.504e-19
227.26,2.674e+3,,2.073e-10,9.271e-35,,,6.016e-43,1.851e-22,3.196e-25,1.099e-49,2.648e+3,1.290e-23,2.072e-31,2.267e-20,4.622e-25,4.333e-35,,6.136e-29,,6.324e-1,2.929e-20,1.289e-17,2.949e+0,,6.109e-25,,4.691e-21,,1.496e-23,2.054e+1,2.453e+0,6.948e-11,1.445e-21,8.509e-25,,,,,,,,,,,,,,,,,,,,,,,,1.080e-19,,5.528e-19
227.28,2.061e+3,,1.680e-10,9.305e-35,,,9.157e-43,1.851e-22,3.212e-25,1.099e-49,2.028e+3,1.299e-23,2.067e-31,2.266e-20,4.597e-25,4.435e-35,,6.147e-29,,7.777e-1,2.942e-20,1.706e-17,3.962e+0,,6.174e-25,,4.693e-21,,1.502e-23,2.620e+1,2.493e+0,6.846e-11,1.446e-21,8.517e-25,,,,,,,,,,,,,,,,,,,,,,,,1.084e-19,,5.545e-19
227.31,1.368e+3,,1.194e-10,9.356e-35,,,1.673e-42,1.852e-22,3.236e-25,1.100e-49,1.322e+3,1.313e-23,2.058e-31,2.264e-20,4.560e-25,4.588e-35,,6.162e-29,,1.032e+0,2.960e-20,2.527e-17,6.005e+0,,6.272e-25,,4.695e-21,,1.511e-23,3.674e+1,2.587e+0,6.512e-11,1.447e-21,8.528e-25,,,,,,,,,,,,,,,,,,,,,,,,1.090e-19,,5.569e-19
227.33,1.033e+3,,9.338e-11,9.391e-35,,,2.454e-42,1.852e-22,3.251e-25,1.101e-49,9.757e+2,1.321e-23,2.053e-31,2.263e-20,4.535e-25,4.690e-35,,6.172e-29,,1.223e+0,2.972e-20,3.225e-17,7.779e+0,,6.337e-25,,4.696e-21,,1.517e-23,4.518e+1,2.676e+0,6.183e-11,1.448e-21,8.536e-25,,,,,,,,,,,,,,,,,,,,,,,,1.093e-19,,5.586e-19
227.36,6.771e+2,,6.291e-11,9.442e-35,,,4.241e-42,1.853e-22,3.275e-25,1.102e-49,6.016e+2,1.335e-23,2.044e-31,2.261e-20,4.497e-25,4.843e-35,,6.188e-29,,1.535e+0,2.990e-20,4.520e-17,1.116e+1,,6.434e-25,,4.698e-21,,1.526e-23,5.992e+1,2.867e+0,5.563e-11,1.449e-21,8.547e-25,,,,,,,,,,,,,,,,,,,,,,,,1.099e-19,,5.610e-19
227.38,5.175e+2,,4.750e-11,9.476e-35,,,5.997e-42,1.853e-22,3.291e-25,1.103e-49,4.278e+2,1.343e-23,2.039e-31,2.260e-20,4.472e-25,4.946e-35,,6.198e-29,,1.753e+0,3.002e-20,5.558e-17,1.394e+1,,6.499e-25,,4.700e-21,,1.532e-23,7.102e+1,3.051e+0,5.090e-11,1.449e-21,8.555e-25,,,,,,,,,,,,,,,,,,,,,,,,1.103e-19,,5.627e-19
227.41,3.631e+2,,3.033e-11,9.528e-35,,,9.809e-42,1.854e-22,3.314e-25,1.104e-49,2.495e+2,1.357e-23,2.030e-31,2.259e-20,4.435e-25,5.099e-35,,6.213e-29,,2.082e+0,3.020e-20,7.372e-17,1.893e+1,,6.596e-25,,4.702e-21,,1.541e-23,8.913e+1,3.470e+0,4.333e-11,1.451e-21,8.566e-25,,,,,,,,,,,,,,,,,,,,,,,,1.108e-19,,5.651e-19
227.43,3.017e+2,,2.210e-11,9.562e-35,,,1.337e-41,1.854e-22,3.330e-25,1.104e-49,1.709e+2,1.365e-23,2.025e-31,2.257e-20,4.410e-25,5.201e-35,,6.224e-29,,2.292e+0,3.032e-20,8.736e-17,2.280e+1,,6.661e-25,,4.704e-21,,1.547e-23,1.018e+2,3.901e+0,3.820e-11,1.451e-21,8.574e-25,,,,,,,,,,,,,,,,,,,,,,,,1.112e-19,,5.668e-19
227.46,2.520e+2,,1.338e-11,9.613e-35,,,2.069e-41,1.855e-22,3.353e-25,1.105e-49,9.428e+1,1.379e-23,2.016e-31,2.256e-20,4.373e-25,5.354e-35,,6.239e-29,,2.575e+0,3.051e-20,1.096e-16,2.934e+1,,6.759e-25,,4.706e-21,,1.557e-23,1.209e+2,4.918e+0,3.076e-11,1.453e-21,8.585e-25,,,,,,,,,,,,,,,,,,,,,,,,1.118e-19,,5.692e-19
227.48,2.381e+2,,9.402e-12,9.648e-35,,,2.717e-41,1.855e-22,3.369e-25,1.106e-49,6.224e+1,1.387e-23,2.011e-31,2.255e-20,4.348e-25,5.456e-35,,6.249e-29,,2.731e+0,3.063e-20,1.252e-16,3.410e+1,,6.824e-25,,4.707e-21,,1.563e-23,1.331e+2,5.967e+0,2.613e-11,1.453e-21,8.592e-25,,,,,,,,,,,,,,,,,,,,,,,,1.121e-19,,5.709e-19
227.5,2.342e+2,,6.514e-12,9.682e-35,,,3.517e-41,1.855e-22,3.385e-25,1.107e-49,4.049e+1,1.396e-23,2.005e-31,2.253e-20,4.323e-25,5.558e-35,,6.260e-29,,2.855e+0,3.075e-20,1.409e-16,3.909e+1,,6.889e-25,,4.709e-21,,1.569e-23,1.443e+2,7.442e+0,2.188e-11,1.454e-21,8.600e-25,,,,,,,,,,,,,,,,,,,,,,,,1.125e-19,,5.725e-19
227.53,2.397e+2,,3.657e-12,9.733e-35,,,5.037e-41,1.856e-22,3.408e-25,1.108e-49,2.066e+1,1.410e-23,1.997e-31,2.252e-20,4.285e-25,5.711e-35,,6.275e-29,,2.968e+0,3.093e-20,1.636e-16,4.675e+1,,6.986e-25,,4.711e-21,,1.578e-23,1.586e+2,1.078e+1,1.630e-11,1.455e-21,8.611e-25,,,,,,,,,,,,,,,,,,,,,,,,1.131e-19,,5.750e-19
227.55,2.475e+2,,2.444e-12,9.768e-35,,,6.284e-41,1.856e-22,3.424e-25,1.108e-49,1.295e+1,1.418e-23,1.991e-31,2.251e-20,4.260e-25,5.814e-35,,6.285e-29,,2.990e+0,3.105e-20,1.775e-16,5.179e+1,,7.051e-25,,4.713e-21,,1.584e-23,1.657e+2,1.402e+1,1.315e-11,1.456e-21,8.619e-25,,,,,,,,,,,,,,,,,,,,,,,,1.135e-19,,5.766e-19
227.58,2.614e+2,,1.300e-12,9.819e-35,,,8.517e-41,1.857e-22,3.447e-25,1.109e-49,6.247e+0,1.432e-23,1.982e-31,2.249e-20,4.223e-25,5.967e-35,,6.301e-29,,2.941e+0,3.123e-20,1.950e-16,5.895e+1,,7.148e-25,,4.715e-21,,1.593e-23,1.723e+2,2.096e+1,9.263e-12,1.457e-21,8.630e-25,,,,,,,,,,,,,,,,,,,,,,,,1.140e-19,,5.791e-19
227.6,2.708e+2,,8.382e-13,9.853e-35,,,1.024e-40,1.857e-22,3.463e-25,1.110e-49,3.772e+0,1.440e-23,1.977e-31,2.248e-20,4.198e-25,6.069e-35,,6.311e-29,,2.855e+0,3.135e-20,2.038e-16,6.327e+1,,7.213e-25,,4.716e-21,,1.599e-23,1.736e+2,2.735e+1,7.200e-12,1.458e-21,8.638e-25,,,,,,,,,,,,,,,,,,,,,,,,1.144e-19,,5.807e-19
227.63,2.842e+2,,4.223e-13,9.905e-35,,,1.313e-40,1.858e-22,3.487e-25,1.111e-49,1.722e+0,1.454e-23,1.968e-31,2.246e-20,4.160e-25,6.222e-35,,6.326e-29,,2.657e+0,3.153e-20,2.119e-16,6.883e+1,,7.310e-25,,4.719e-21,,1.608e-23,1.707e+2,4.026e+1,4.800e-12,1.459e-21,8.649e-25,,,,,,,,,,,,,,,,,,,,,,,,1.150e-19,,5.831e-19
227.65,2.926e+2,,2.626e-13,9.939e-35,,,1.522e-40,1.858e-22,3.502e-25,1.111e-49,1.002e+0,1.462e-23,1.963e-31,2.245e-20,4.135e-25,6.324e-35,,6.337e-29,,2.486e+0,3.166e-20,2.134e-16,7.184e+1,,7.375e-25,,4.720e-21,,1.614e-23,1.657e+2,5.150e+1,3.595e-12,1.460e-21,8.657e-25,,,,,,,,,,,,,,,,,,,,,,,,1.153e-19,,5.848e-19
227.68,3.050e+2,,1.254e-13,9.990e-35,,,1.847e-40,1.859e-22,3.526e-25,1.112e-49,4.325e-1,1.476e-23,1.954e-31,2.243e-20,4.098e-25,6.477e-35,,6.352e-29,,2.188e+0,3.184e-20,2.099e-16,7.524e+1,,7.473e-25,,4.722e-21,,1.623e-23,1.542e+2,7.292e+1,2.267e-12,1.461e-21,8.668e-25,,,,,,,,,,,,,,,,,,,,,,,,1.159e-19,,5.872e-19
227.7,3.139e+2,,7.519e-14,1.002e-34,,,2.062e-40,1.859e-22,3.541e-25,1.113e-49,2.425e-1,1.485e-23,1.949e-31,2.242e-20,4.073e-25,6.579e-35,,6.362e-29,,1.973e+0,3.196e-20,2.038e-16,7.681e+1,,7.538e-25,,4.724e-21,,1.629e-23,1.443e+2,9.051e+1,1.636e-12,1.462e-21,8.675e-25,,,,,,,,,,,,,,,,,,,,,,,,1.163e-19,,5.889e-19
227.73,3.291e+2,,3.399e-14,1.008e-34,,,2.368e-40,1.860e-22,3.565e-25,1.114e-49,9.899e-2,1.498e-23,1.940e-31,2.240e-20,4.035e-25,6.733e-35,,6.378e-29,,1.643e+0,3.214e-20,1.897e-16,7.825e+1,,7.635e-25,,4.726e-21,,1.638e-23,1.271e+2,1.221e+2,9.761e-13,1.463e-21,8.687e-25,,,,,,,,,,,,,,,,,,,,,,,,1.168e-19,,5.913e-19
227.75,3.413e+2,,1.966e-14,1.011e-34,,,2.549e-40,1.860e-22,3.581e-25,1.115e-49,5.348e-2,1.507e-23,1.935e-31,2.239e-20,4.010e-25,6.835e-35,,6.388e-29,,1.428e+0,3.226e-20,1.775e-16,7.873e+1,,7.700e-25,,4.727e-21,,1.645e-23,1.146e+2,1.464e+2,6.789e-13,1.464e-21,8.694e-25,,,,,,,,,,,,,,,,,,,,,,,,1.172e-19,,5.930e-19
227.78,3.630e+2,,8.418e-15,1.016e-34,,,2.770e-40,1.860e-22,3.604e-25,1.116e-49,2.065e-2,1.520e-23,1.926e-31,2.238e-20,3.973e-25,6.988e-35,,6.404e-29,,1.125e+0,3.244e-20,1.562e-16,7.900e+1,,7.797e-25,,4.730e-21,,1.654e-23,9.551e+1,1.874e+2,3.831e-13,1.465e-21,8.706e-25,,,,,,,,,,,,,,,,,,,,,,,,1.178e-19,,5.954e-19
227.8,3.800e+2,,4.696e-15,1.020e-34,,,2.874e-40,1.861e-22,3.620e-25,1.116e-49,1.075e-2,1.529e-23,1.921e-31,2.237e-20,3.948e-25,7.090e-35,,6.414e-29,,9.425e-1,3.256e-20,1.409e-16,7.900e+1,,7.862e-25,,4.731e-21,,1.660e-23,8.307e+1,2.169e+2,2.568e-13,1.465e-21,8.713e-25,,,,,,,,,,,,,,,,,,,,,,,,1.181e-19,,5.971e-19
227.83,4.082e+2,,1.904e-15,1.025e-34,,,2.955e-40,1.861e-22,3.643e-25,1.117e-49,3.926e-3,1.542e-23,1.912e-31,2.235e-20,3.910e-25,7.243e-35,,6.429e-29,,7.026e-1,3.275e-20,1.174e-16,7.892e+1,,7.960e-25,,4.733e-21,,1.669e-23,6.561e+1,2.630e+2,1.371e-13,1.467e-21,8.725e-25,,,,,,,,,,,,,,,,,,,,,,,,1.187e-19,,5.995e-19
227.85,4.282e+2,,1.024e-15,1.028e-34,,,2.955e-40,1.862e-22,3.659e-25,1.118e-49,1.969e-3,1.551e-23,1.907e-31,2.234e-20,3.885e-25,7.345e-35,,6.440e-29,,5.671e-1,3.287e-20,1.020e-16,7.886e+1,,8.025e-25,,4.735e-21,,1.675e-23,5.513e+1,2.937e+2,8.852e-14,1.467e-21,8.732e-25,,,,,,,,,,,,,,,,,,,,,,,,1.191e-19,,6.012e-19
227.87,4.481e+2,,5.430e-16,1.032e-34,,,2.912e-40,1.862e-22,3.675e-25,1.119e-49,9.731e-4,1.560e-23,1.901e-31,2.233e-20,3.860e-25,7.447e-35,,6.450e-29,,4.510e-1,3.299e-20,8.737e-17,7.879e+1,,8.090e-25,,4.736e-21,,1.681e-23,4.576e+1,3.231e+2,5.634e-14,1.468e-21,8.740e-25,,,,,,,,,,,,,,,,,,,,,,,,1.194e-19,,6.028e-19
227.9,4.758e+2,,2.040e-16,1.037e-34,,,2.771e-40,1.863e-22,3.698e-25,1.120e-49,3.287e-4,1.573e-23,1.893e-31,2.231e-20,3.823e-25,4.566e-34,,6.465e-29,,3.111e-1,3.317e-20,6.736e-17,7.858e+1,,8.187e-25,,4.739e-21,,1.690e-23,3.399e+1,3.630e+2,2.782e-14,1.469e-21,8.751e-25,,,,,,,,,,,,,,,,,,,,,,,,1.200e-19,,6.053e-19
227.92,4.913e+2,,1.043e-16,1.040e-34,,,2.632e-40,1.863e-22,3.714e-25,1.120e-49,1.565e-4,1.582e-23,1.887e-31,2.230e-20,3.798e-25,1.502e-33,,6.476e-29,,2.384e-1,3.329e-20,5.560e-17,7.826e+1,,8.252e-25,,4.740e-21,,1.696e-23,2.771e+1,3.851e+2,1.706e-14,1.470e-21,8.759e-25,,,,,,,,,,,,,,,,,,,,,,,,1.204e-19,,6.069e-19
227.95,5.077e+2,,3.709e-17,1.045e-34,,,2.370e-40,1.864e-22,3.737e-25,1.121e-49,5.002e-5,1.595e-23,1.878e-31,2.228e-20,3.760e-25,8.722e-33,,6.491e-29,,1.556e-1,3.347e-20,4.056e-17,7.729e+1,,8.349e-25,,4.742e-21,,1.705e-23,2.062e+1,4.097e+2,7.969e-15,1.471e-21,8.770e-25,,,,,,,,,,,,,,,,,,,,,,,,1.209e-19,,6.094e-19
227.97,5.130e+2,,1.828e-17,1.049e-34,,,2.171e-40,1.864e-22,3.753e-25,1.122e-49,2.295e-5,1.604e-23,1.873e-31,2.227e-20,3.735e-25,2.767e-32,,6.501e-29,,1.149e-1,3.359e-20,3.227e-17,7.617e+1,,8.414e-25,,4.744e-21,,1.711e-23,1.739e+1,4.193e+2,4.710e-15,1.472e-21,8.777e-25,,,,,,,,,,,,,,,,,,,,,,,,1.213e-19,,6.110e-19
228,5.109e+2,,6.156e-18,1.054e-34,,,1.852e-40,1.865e-22,3.777e-25,1.123e-49,6.935e-6,1.617e-23,1.864e-31,2.225e-20,3.698e-25,1.521e-31,,6.517e-29,,7.097e-2,3.377e-20,2.228e-17,7.356e+1,,8.512e-25,,4.746e-21,,1.720e-23,1.469e+1,4.226e+2,2.081e-15,1.473e-21,8.789e-25,,,,,,,,,,,,,,,,,,,,,,,,1.219e-19,,6.135e-19
228.02,5.028e+2,,2.926e-18,3.564e-34,,,1.636e-40,1.865e-22,3.792e-25,1.123e-49,3.066e-6,1.626e-23,1.859e-31,2.224e-20,3.673e-25,4.655e-31,,6.527e-29,,5.052e-2,3.390e-20,1.709e-17,7.114e+1,,8.576e-25,,4.748e-21,,1.726e-23,1.425e+1,4.174e+2,1.185e-15,1.474e-21,8.796e-25,,,,,,,,,,,,,,,,,,,,,,,,1.222e-19,,6.151e-19
228.05,4.812e+2,,9.327e-19,2.157e-33,,,1.325e-40,1.865e-22,3.816e-25,1.124e-49,8.763e-7,1.639e-23,1.850e-31,2.222e-20,3.635e-25,2.424e-30,,6.542e-29,,2.951e-2,3.408e-20,1.118e-17,6.643e+1,,8.674e-25,,4.750e-21,,1.736e-23,1.557e+1,3.992e+2,4.954e-16,1.475e-21,8.808e-25,,,,,,,,,,,,,,,,,,,,,,,,1.228e-19,,6.176e-19
228.07,4.613e+2,,4.274e-19,7.033e-33,,,1.134e-40,1.866e-22,3.832e-25,1.125e-49,3.733e-7,1.648e-23,1.845e-31,2.221e-20,3.610e-25,7.151e-30,,6.553e-29,,2.025e-2,3.420e-20,8.272e-18,6.262e+1,,8.739e-25,,4.751e-21,,1.742e-23,1.774e+1,3.809e+2,2.720e-16,1.476e-21,8.815e-25,,,,,,,,,,,,,,,,,,,,,,,,1.232e-19,,6.192e-19
228.1,4.255e+2,,1.290e-19,4.031e-32,,,8.802e-41,1.866e-22,3.855e-25,1.126e-49,1.009e-7,1.661e-23,1.836e-31,2.220e-20,3.573e-25,3.526e-29,,6.568e-29,,1.119e-2,3.438e-20,5.130e-18,5.605e+1,,8.836e-25,,4.753e-21,,1.751e-23,2.291e+1,3.466e+2,1.080e-16,1.477e-21,8.826e-25,,,,,,,,,,,,,,,,,,,,,,,,1.237e-19,,6.217e-19
228.12,3.993e+2,,5.697e-20,1.268e-31,,,7.374e-41,1.867e-22,3.871e-25,1.127e-49,4.142e-8,1.670e-23,1.831e-31,2.219e-20,3.548e-25,1.003e-28,,6.578e-29,,7.398e-3,3.450e-20,3.668e-18,5.126e+1,,8.901e-25,,4.755e-21,,1.757e-23,2.762e+1,3.204e+2,5.806e-17,1.478e-21,8.834e-25,,,,,,,,,,,,,,,,,,,,,,,,1.241e-19,,6.233e-19
228.15,3.591e+2,,1.627e-20,6.881e-31,,,5.666e-41,1.867e-22,3.894e-25,1.128e-49,1.059e-8,1.683e-23,1.822e-31,2.217e-20,3.510e-25,4.685e-28,,6.594e-29,,3.868e-3,3.468e-20,2.164e-18,4.375e+1,,8.998e-25,,4.757e-21,,1.766e-23,3.653e+1,2.788e+2,2.567e-17,1.479e-21,8.845e-25,,,,,,,,,,,,,,,,,,,,,,,,1.247e-19,,6.257e-19
228.17,3.333e+2,,6.931e-21,2.087e-30,,,4.823e-41,1.868e-22,3.910e-25,1.128e-49,4.188e-9,1.692e-23,1.817e-31,2.216e-20,3.485e-25,1.285e-27,,6.604e-29,,2.465e-3,3.480e-20,1.500e-18,3.871e+1,,9.063e-25,,4.759e-21,,1.772e-23,4.363e+1,2.509e+2,2.103e-17,1.480e-21,8.853e-25,,,,,,,,,,,,,,,,,,,,,,,,1.250e-19,,6.274e-19
228.2,2.982e+2,,1.874e-21,1.073e-29,,,3.999e-41,1.868e-22,3.933e-25,1.129e-49,1.013e-9,1.705e-23,1.808e-31,2.214e-20,3.448e-25,5.684e-27,,6.619e-29,,1.219e-3,3.499e-20,8.493e-19,3.140e+1,,9.161e-25,,4.761e-21,,1.781e-23,5.581e+1,2.110e+2,3.863e-17,1.481e-21,8.864e-25,,,,,,,,,,,,,,,,,,,,,,,,1.256e-19,,6.298e-19
228.22,2.781e+2,,7.694e-22,3.138e-29,,,3.734e-41,1.869e-22,3.949e-25,1.130e-49,3.860e-10,1.714e-23,1.803e-31,2.213e-20,3.423e-25,1.504e-26,,6.630e-29,,7.487e-4,3.511e-20,5.755e-19,2.683e+1,,9.226e-25,,4.762e-21,,1.787e-23,6.476e+1,1.865e+2,7.935e-17,1.481e-21,8.872e-25,,,,,,,,,,,,,,,,,,,,,,,,1.260e-19,,6.315e-19
228.24,2.612e+2,,3.113e-22,9.048e-29,,,3.685e-41,1.869e-22,3.965e-25,1.130e-49,1.449e-10,1.723e-23,1.797e-31,2.212e-20,3.398e-25,3.922e-26,,6.640e-29,,4.530e-4,3.523e-20,3.880e-19,2.261e+1,,9.291e-25,,4.764e-21,,1.793e-23,7.420e+1,1.644e+2,1.709e-16,1.482e-21,8.879e-25,,,,,,,,,,,,,,,,,,,,,,,,1.264e-19,,6.331e-19
228.27,2.416e+2,,7.793e-23,4.310e-28,,,3.992e-41,1.870e-22,3.988e-25,1.131e-49,3.242e-11,1.736e-23,1.788e-31,2.210e-20,3.360e-25,1.607e-25,,6.655e-29,,2.074e-4,3.541e-20,2.144e-19,1.702e+1,,9.388e-25,,4.766e-21,,1.802e-23,8.880e+1,1.358e+2,5.379e-16,1.483e-21,8.891e-25,,,,,,,,,,,,,,,,,,,,,,,,1.269e-19,,6.356e-19
228.29,2.322e+2,,3.039e-23,1.198e-27,,,4.431e-41,1.870e-22,4.004e-25,1.132e-49,1.173e-11,1.745e-23,5.945e-31,2.209e-20,3.335e-25,4.041e-25,,6.666e-29,,1.209e-4,3.553e-20,1.452e-19,1.384e+1,,9.453e-25,,4.768e-21,,1.808e-23,9.851e+1,1.199e+2,1.138e-15,1.484e-21,8.898e-25,,,,,,,,,,,,,,,,,,,,,,,,1.273e-19,,6.372e-19
228.32,2.228e+2,,7.201e-24,5.406e-27,,,5.400e-41,1.870e-22,4.028e-25,1.133e-49,2.481e-12,1.758e-23,3.507e-30,2.207e-20,3.298e-25,1.568e-24,,6.681e-29,,5.236e-5,3.571e-20,8.246e-20,9.871e+0,,9.550e-25,,4.770e-21,,1.817e-23,1.125e+2,1.005e+2,3.407e-15,1.485e-21,8.909e-25,,,,,,,,,,,,,,,,,,,,,,,,1.279e-19,,6.397e-19
228.34,2.189e+2,,2.707e-24,1.450e-26,,,6.226e-41,1.871e-22,4.043e-25,1.134e-49,8.648e-13,1.767e-23,1.124e-29,2.206e-20,3.273e-25,3.803e-24,,6.691e-29,,2.942e-5,3.583e-20,5.766e-20,7.738e+0,,9.615e-25,,4.771e-21,,1.824e-23,1.210e+2,9.012e+1,6.951e-15,1.486e-21,8.917e-25,,,,,,,,,,,,,,,,,,,,,,,,1.282e-19,,6.413e-19
228.37,2.153e+2,,6.071e-25,6.193e-26,,,7.676e-41,1.871e-22,4.067e-25,1.135e-49,1.731e-13,1.780e-23,6.281e-29,2.204e-20,3.235e-25,1.397e-23,,6.707e-29,,1.206e-5,3.601e-20,3.493e-20,5.225e+0,,9.713e-25,,4.774e-21,,1.833e-23,1.324e+2,7.768e+1,1.971e-14,1.487e-21,8.928e-25,,,,,,,,,,,,,,,,,,,,,,,,1.288e-19,,6.438e-19
228.39,2.136e+2,,2.200e-25,1.601e-25,,,8.742e-41,1.872e-22,4.082e-25,1.135e-49,5.813e-14,1.789e-23,1.942e-28,2.203e-20,3.210e-25,3.268e-23,,6.717e-29,,6.529e-6,3.614e-20,2.560e-20,3.949e+0,,9.778e-25,,4.775e-21,,1.839e-23,1.387e+2,7.097e+1,3.879e-14,1.488e-21,8.936e-25,,,,,,,,,,,,,,,,,,,,,,,,1.292e-19,,6.454e-19
228.42,2.113e+2,,4.668e-26,6.480e-25,,,1.040e-40,1.872e-22,4.106e-25,1.136e-49,1.100e-14,1.802e-23,1.028e-27,2.202e-20,3.173e-25,1.137e-22,,6.733e-29,,2.531e-6,3.632e-20,1.652e-20,2.524e+0,,9.875e-25,,4.777e-21,,1.848e-23,1.463e+2,6.251e+1,1.042e-13,1.489e-21,8.947e-25,,,,,,,,,,,,,,,,,,,,,,,,1.297e-19,,6.479e-19
228.44,2.096e+2,,1.631e-26,1.616e-24,,,1.150e-40,1.873e-22,4.122e-25,1.137e-49,3.560e-15,1.811e-23,3.065e-27,2.200e-20,3.148e-25,2.565e-22,,6.743e-29,,1.321e-6,3.644e-20,1.250e-20,1.839e+0,,9.940e-25,,4.779e-21,,1.854e-23,1.501e+2,5.759e+1,1.976e-13,1.490e-21,8.955e-25,,,,,,,,,,,,,,,,,,,,,,,,1.301e-19,,6.495e-19
228.47,2.061e+2,,3.275e-27,6.193e-24,,,1.302e-40,1.873e-22,4.145e-25,1.138e-49,6.374e-16,1.824e-23,1.536e-26,2.199e-20,3.110e-25,8.453e-22,,6.758e-29,,4.845e-7,3.662e-20,8.283e-21,1.113e+0,,1.004e-24,,4.781e-21,,1.863e-23,1.542e+2,5.080e+1,5.025e-13,1.491e-21,8.966e-25,,,,,,,,,,,,,,,,,,,,,,,,1.307e-19,,6.520e-19
228.49,2.033e+2,,1.102e-27,1.489e-23,,,1.390e-40,1.874e-22,4.161e-25,1.139e-49,1.987e-16,1.833e-23,4.419e-26,2.198e-20,3.085e-25,1.838e-21,,6.769e-29,,2.437e-7,3.674e-20,6.288e-21,7.815e-1,,1.010e-24,,4.782e-21,,1.869e-23,1.560e+2,4.652e+1,9.194e-13,1.492e-21,8.974e-25,,,,,,,,,,,,,,,,,,,,,,,,1.310e-19,,6.536e-19
228.52,1.983e+2,,2.095e-28,5.405e-23,,,1.492e-40,1.874e-22,4.184e-25,1.140e-49,3.365e-17,1.846e-23,2.098e-25,2.196e-20,3.048e-25,5.737e-21,,6.784e-29,,8.455e-8,3.692e-20,4.115e-21,4.475e-1,,1.020e-24,,4.785e-21,,1.878e-23,1.576e+2,4.030e+1,2.214e-12,1.493e-21,8.985e-25,,,,,,,,,,,,,,,,,,,,,,,,1.316e-19,,6.561e-19
228.54,1.947e+2,,6.798e-29,1.254e-22,,,1.536e-40,1.875e-22,4.200e-25,1.140e-49,1.011e-17,1.855e-23,5.819e-25,2.195e-20,3.023e-25,1.203e-20,,6.794e-29,,4.099e-8,3.704e-20,3.070e-21,3.029e-1,,1.026e-24,,4.786e-21,,1.884e-23,1.581e+2,3.629e+1,3.907e-12,1.494e-21,8.993e-25,,,,,,,,,,,,,,,,,,,,,,,,1.320e-19,,6.577e-19
228.57,1.891e+2,,1.222e-29,4.309e-22,,,1.561e-40,1.875e-22,4.224e-25,1.141e-49,2.768e-19,1.868e-23,2.617e-24,2.193e-20,2.985e-25,3.556e-20,,6.810e-29,,1.345e-8,3.722e-20,1.938e-21,1.641e-1,,1.036e-24,,4.788e-21,,1.893e-23,1.584e+2,3.054e+1,8.910e-12,1.495e-21,9.004e-25,,,,,,,,,,,,,,,,,,,,,,,,1.325e-19,,6.602e-19
228.59,1.852e+2,,3.823e-30,9.638e-22,,,1.550e-40,1.875e-22,4.239e-25,1.142e-49,2.799e-19,1.877e-23,7.001e-24,2.192e-20,2.960e-25,7.192e-20,,6.820e-29,,6.285e-9,3.735e-20,1.405e-21,1.071e-1,,1.043e-24,,4.790e-21,,1.899e-23,1.582e+2,2.695e+1,1.516e-11,1.495e-21,9.011e-25,,,,,,,,,,,,,,,,,,,,,,,,1.329e-19,,6.618e-19
228.61,1.813e+2,,1.175e-30,2.125e-21,,,1.516e-40,1.876e-22,4.255e-25,1.142e-49,2.829e-19,1.886e-23,1.846e-23,2.191e-20,2.935e-25,1.434e-19,,6.830e-29,,2.893e-9,3.747e-20,1.005e-21,6.887e-2,,1.049e-24,,4.791e-21,,1.905e-23,1.576e+2,2.361e+1,2.543e-11,1.496e-21,9.019e-25,,,,,,,,,,,,,,,,,,,,,,,,1.333e-19,,6.634e-19
228.64,1.752e+2,,1.825e-31,6.767e-21,,,1.427e-40,1.876e-22,4.278e-25,1.143e-49,2.875e-19,1.899e-23,7.694e-23,1.356e-19,2.898e-25,3.926e-19,,6.846e-29,,8.788e-10,3.765e-20,5.932e-22,3.454e-2,,1.059e-24,,4.794e-21,,1.915e-23,1.560e+2,1.914e+1,5.376e-11,1.497e-21,9.030e-25,,,,,,,,,,,,,,,,,,,,,,,,1.338e-19,,6.659e-19
228.66,1.709e+2,,5.436e-32,1.439e-20,,,1.346e-40,1.877e-22,4.294e-25,1.144e-49,2.905e-19,1.908e-23,1.957e-22,4.492e-19,2.873e-25,7.547e-19,,6.856e-29,,3.899e-10,3.777e-20,4.102e-22,2.141e-2,,1.065e-24,,4.795e-21,,1.921e-23,1.543e+2,1.656e+1,8.698e-11,1.498e-21,9.038e-25,,,,,,,,,,,,,,,,,,,,,,,,1.342e-19,,6.675e-19
228.69,1.636e+2,,8.990e-32,4.340e-20,,,1.199e-40,1.877e-22,4.318e-25,1.145e-49,2.951e-19,1.921e-23,7.725e-22,2.634e-18,2.835e-25,1.957e-18,,6.871e-29,,1.120e-10,3.795e-20,2.296e-22,1.016e-2,,1.075e-24,,4.797e-21,,1.930e-23,1.502e+2,1.331e+1,1.742e-10,1.499e-21,9.049e-25,,,,,,,,,,,,,,,,,,,,,,,,1.348e-19,,6.700e-19
228.71,1.580e+2,,1.136e-31,8.898e-20,,,1.090e-40,1.878e-22,4.333e-25,1.146e-49,2.982e-19,1.930e-23,1.895e-21,8.415e-18,2.810e-25,3.628e-18,,6.882e-29,,4.790e-11,3.807e-20,1.531e-22,6.070e-3,,1.082e-24,,4.799e-21,,1.936e-23,1.464e+2,1.155e+1,2.720e-10,1.500e-21,9.057e-25,,,,,,,,,,,,,,,,,,,,,,,,1.351e-19,,6.716e-19
228.74,1.483e+2,,1.492e-31,2.542e-19,,,9.198e-41,1.878e-22,4.357e-25,1.147e-49,3.028e-19,1.943e-23,7.085e-21,4.676e-17,2.773e-25,8.911e-18,,6.897e-29,,1.302e-11,3.825e-20,8.119e-23,2.726e-3,,1.091e-24,,4.801e-21,,1.945e-23,1.389e+2,9.457e+0,5.164e-10,1.501e-21,9.068e-25,,,,,,,,,,,,,,,,,,,,,,,,1.357e-19,,6.741e-19
228.76,1.409e+2,,1.729e-31,5.026e-19,,,8.062e-41,1.879e-22,4.372e-25,1.147e-49,3.058e-19,1.952e-23,1.676e-20,1.441e-16,2.748e-25,1.593e-17,,6.907e-29,,5.366e-12,3.838e-20,5.222e-23,1.570e-3,,1.098e-24,,4.803e-21,,1.951e-23,1.325e+2,8.382e+0,7.780e-10,1.502e-21,9.076e-25,,,,,,,,,,,,,,,,,,,,,,,,1.361e-19,,6.757e-19
228.79,1.284e+2,,2.084e-31,1.360e-18,,,6.436e-41,1.879e-22,4.396e-25,1.148e-49,3.104e-19,1.965e-23,5.936e-20,7.583e-16,2.711e-25,3.705e-17,,6.923e-29,,1.380e-12,3.856e-20,2.621e-23,6.671e-4,,1.108e-24,,4.805e-21,,1.960e-23,1.212e+2,7.155e+0,1.401e-9,1.503e-21,9.087e-25,,,,,,,,,,,,,,,,,,,,,,,,1.366e-19,,6.782e-19
228.81,1.192e+2,,2.321e-31,2.593e-18,,,5.438e-41,1.880e-22,4.412e-25,1.149e-49,3.135e-19,1.974e-23,1.354e-19,2.254e-15,2.686e-25,6.387e-17,,6.933e-29,,5.481e-13,3.868e-20,1.625e-23,3.703e-4,,1.114e-24,,4.806e-21,,1.966e-23,1.127e+2,6.540e+0,2.039e-9,1.504e-21,9.094e-25,,,,,,,,,,,,,,,,,,,,,,,,1.370e-19,,6.798e-19
228.84,1.046e+2,,2.676e-31,6.645e-18,,,4.110e-41,1.880e-22,4.435e-25,1.150e-49,3.180e-19,1.987e-23,4.543e-19,1.124e-14,2.648e-25,1.407e-16,,6.948e-29,,1.334e-13,3.886e-20,7.721e-24,1.489e-4,,1.124e-24,,4.809e-21,,1.975e-23,9.873e+1,5.832e+0,3.488e-9,1.505e-21,9.106e-25,,,,,,,,,,,,,,,,,,,,,,,,1.376e-19,,6.823e-19
228.86,9.447e+1,,2.913e-31,1.222e-17,,,3.348e-41,1.880e-22,4.451e-25,1.151e-49,3.211e-19,1.996e-23,9.998e-19,3.221e-14,2.623e-25,2.339e-16,,6.959e-29,,5.104e-14,3.898e-20,4.616e-24,7.967e-5,,1.130e-24,,4.810e-21,,1.981e-23,8.901e+1,5.461e+0,4.906e-9,1.506e-21,9.113e-25,,,,,,,,,,,,,,,,,,,,,,,,1.380e-19,,6.839e-19
228.89,7.937e+1,,3.269e-31,2.965e-17,,,2.395e-41,1.881e-22,4.474e-25,1.152e-49,3.257e-19,2.010e-23,3.177e-18,1.522e-13,2.586e-25,4.878e-16,,6.974e-29,,1.175e-14,3.916e-20,2.076e-24,3.033e-5,,1.140e-24,,4.812e-21,,1.990e-23,7.436e+1,5.006e+0,7.984e-9,1.507e-21,9.125e-25,,,,,,,,,,,,,,,,,,,,,,,,1.385e-19,,6.864e-19
228.91,6.962e+1,,3.506e-31,5.259e-17,,,1.881e-41,1.881e-22,4.490e-25,1.152e-49,3.287e-19,2.018e-23,6.742e-18,4.208e-13,2.561e-25,7.820e-16,,6.984e-29,,4.334e-15,3.928e-20,1.197e-24,1.566e-5,,1.147e-24,,4.814e-21,,1.996e-23,6.487e+1,4.751e+0,1.087e-8,1.508e-21,9.132e-25,,,,,,,,,,,,,,,,,,,,,,,,1.389e-19,,6.880e-19
228.94,5.595e+1,,3.861e-31,1.209e-16,,,1.273e-41,1.882e-22,4.514e-25,1.153e-49,3.333e-19,2.032e-23,2.029e-17,1.883e-12,2.523e-25,1.545e-15,,7.000e-29,,9.441e-16,3.946e-20,5.112e-25,5.713e-6,,1.156e-24,,4.816e-21,,2.006e-23,5.151e+1,4.435e+0,1.688e-8,1.509e-21,9.144e-25,,,,,,,,,,,,,,,,,,,,,,,,1.394e-19,,6.905e-19
228.96,4.769e+1,,4.098e-31,2.067e-16,,,9.640e-42,1.882e-22,4.529e-25,1.154e-49,3.364e-19,2.040e-23,4.153e-17,5.022e-12,2.498e-25,2.388e-15,,7.010e-29,,3.355e-16,3.959e-20,2.872e-25,2.973e-6,,1.163e-24,,4.817e-21,,2.012e-23,4.342e+1,4.278e+0,2.231e-8,1.510e-21,9.151e-25,,,,,,,,,,,,,,,,,,,,,,,,1.398e-19,,6.921e-19
228.99,3.687e+1,,4.454e-31,4.500e-16,,,6.178e-42,1.883e-22,4.553e-25,1.155e-49,3.410e-19,2.054e-23,1.184e-16,2.129e-11,2.461e-25,4.467e-15,,7.026e-29,,6.915e-17,3.977e-20,1.254e-25,1.481e-6,,1.173e-24,,4.820e-21,,2.021e-23,3.272e+1,4.153e+0,3.318e-8,1.511e-21,9.162e-25,,,,,,,,,,,,,,,,,,,,,,,,1.404e-19,,6.946e-19
229.01,3.080e+1,,4.691e-31,7.422e-16,,,4.509e-42,1.883e-22,4.568e-25,1.155e-49,3.440e-19,2.062e-23,2.337e-16,5.477e-11,2.436e-25,6.659e-15,,7.036e-29,,2.368e-17,3.989e-20,8.217e-26,1.535e-6,,1.179e-24,,4.821e-21,,2.027e-23,2.662e+1,4.174e+0,4.269e-8,1.511e-21,9.170e-25,,,,,,,,,,,,,,,,,,,,,,,,1.408e-19,,6.962e-19
229.03,2.567e+1,,4.928e-31,1.206e-15,,,3.243e-42,1.884e-22,4.584e-25,1.156e-49,3.471e-19,2.071e-23,4.548e-16,1.389e-10,2.411e-25,9.785e-15,,7.046e-29,,7.993e-18,4.001e-20,7.035e-26,2.391e-6,,1.186e-24,,4.823e-21,,2.033e-23,2.136e+1,4.307e+0,5.439e-8,1.512e-21,9.178e-25,,,,,,,,,,,,,,,,,,,,,,,,1.411e-19,,6.978e-19
229.06,1.974e+1,,5.283e-31,2.434e-15,,,1.925e-42,1.884e-22,4.608e-25,1.157e-49,3.517e-19,2.085e-23,1.202e-15,5.459e-10,2.373e-25,1.696e-14,,7.062e-29,,1.524e-18,4.019e-20,1.016e-25,6.133e-6,,1.195e-24,,4.825e-21,,2.042e-23,1.496e+1,4.782e+0,7.697e-8,1.513e-21,9.189e-25,,,,,,,,,,,,,,,,,,,,,,,,1.417e-19,,7.003e-19
229.08,1.693e+1,,5.520e-31,3.815e-15,,,1.335e-42,1.885e-22,4.623e-25,1.158e-49,3.547e-19,2.093e-23,2.255e-15,1.335e-9,2.348e-25,2.403e-14,,7.072e-29,,4.958e-19,4.031e-20,1.616e-25,1.183e-5,,1.202e-24,,4.826e-21,,2.048e-23,1.160e+1,5.327e+0,9.608e-8,1.514e-21,9.196e-25,,,,,,,,,,,,,,,,,,,,,,,,1.421e-19,,7.019e-19
229.11,1.433e+1,,5.876e-31,7.288e-15,,,7.497e-43,1.885e-22,4.647e-25,1.159e-49,3.593e-19,2.107e-23,5.642e-15,4.971e-9,2.311e-25,3.945e-14,,7.087e-29,,8.946e-20,4.049e-20,3.476e-25,3.117e-5,,1.211e-24,,4.829e-21,,2.057e-23,7.766e+0,6.568e+0,1.323e-7,1.515e-21,9.208e-25,,,,,,,,,,,,,,,,,,,,,,,,1.426e-19,,7.044e-19
229.13,1.362e+1,,6.113e-31,1.102e-14,,,5.011e-43,1.885e-22,4.663e-25,1.159e-49,3.623e-19,2.115e-23,1.021e-14,1.173e-8,2.286e-25,5.390e-14,,7.098e-29,,2.804e-20,4.061e-20,5.788e-25,5.846e-5,,1.218e-24,,4.830e-21,,2.063e-23,5.902e+0,7.720e+0,1.626e-7,1.516e-21,9.215e-25,,,,,,,,,,,,,,,,,,,,,,,,1.430e-19,,7.060e-19
229.16,1.398e+1,,6.468e-31,1.993e-14,,,2.664e-43,1.886e-22,4.686e-25,1.160e-49,3.669e-19,2.129e-23,2.421e-14,4.137e-8,2.248e-25,8.379e-14,,7.113e-29,,4.786e-21,4.080e-20,1.216e-24,1.462e-4,,1.228e-24,,4.832e-21,,2.072e-23,3.981e+0,1.000e+1,2.195e-7,1.517e-21,9.227e-25,,,,,,,,,,,,,,,,,,,,,,,,1.436e-19,,7.085e-19
229.18,1.512e+1,,6.705e-31,2.907e-14,,,1.717e-43,1.886e-22,4.702e-25,1.161e-49,3.700e-19,2.137e-23,4.226e-14,9.415e-8,7.510e-25,1.104e-13,,7.123e-29,,1.446e-21,4.092e-20,1.962e-24,2.646e-4,,1.234e-24,,4.834e-21,,2.078e-23,3.213e+0,1.191e+1,2.665e-7,1.518e-21,9.234e-25,,,,,,,,,,,,,,,,,,,,,,,,1.439e-19,,7.101e-19
229.21,1.814e+1,,7.061e-31,4.980e-14,,,8.642e-44,1.887e-22,4.725e-25,1.162e-49,3.746e-19,2.151e-23,9.487e-14,3.146e-7,4.463e-24,1.625e-13,,7.139e-29,,2.335e-22,4.110e-20,3.910e-24,6.270e-4,,1.244e-24,,4.836e-21,,2.087e-23,2.766e+0,1.537e+1,3.538e-7,1.519e-21,9.245e-25,,,,,,,,,,,,,,,,,,,,,,,,1.445e-19,,7.126e-19
229.23,2.101e+1,,7.298e-31,7.003e-14,,,5.369e-44,1.887e-22,4.741e-25,1.162e-49,3.776e-19,2.160e-23,1.597e-13,6.906e-7,1.438e-23,2.065e-13,,7.149e-29,,2.334e-22,4.122e-20,6.082e-24,1.094e-3,,1.250e-24,,4.838e-21,,2.093e-23,2.947e+0,1.806e+1,4.250e-7,1.520e-21,9.253e-25,,,,,,,,,,,,,,,,,,,,,,,,1.449e-19,,7.142e-19
229.26,2.665e+1,,7.653e-31,1.136e-13,,,2.558e-44,1.888e-22,4.764e-25,1.163e-49,3.822e-19,2.173e-23,3.396e-13,2.186e-6,8.099e-23,2.879e-13,,7.164e-29,,2.331e-22,4.140e-20,1.148e-23,2.456e-3,,1.260e-24,,4.840e-21,,2.103e-23,4.057e+0,2.259e+1,5.547e-7,1.521e-21,9.264e-25,,,,,,,,,,,,,,,,,,,,,,,,1.454e-19,,7.167e-19
229.28,3.137e+1,,7.890e-31,1.541e-13,,,1.532e-44,1.888e-22,4.780e-25,1.164e-49,3.853e-19,2.182e-23,5.515e-13,4.629e-6,2.518e-22,3.528e-13,,7.175e-29,,2.330e-22,4.152e-20,1.723e-23,4.134e-3,,1.267e-24,,4.841e-21,,2.109e-23,5.491e+0,2.588e+1,6.580e-7,1.522e-21,9.272e-25,,,,,,,,,,,,,,,,,,,,,,,,1.458e-19,,7.183e-19
229.31,4.010e+1,,8.246e-31,2.368e-13,,,6.908e-45,1.889e-22,4.804e-25,1.165e-49,3.898e-19,2.195e-23,1.111e-12,1.388e-5,1.344e-21,4.658e-13,,7.190e-29,,2.328e-22,4.170e-20,3.081e-23,8.789e-3,,1.276e-24,,4.843e-21,,2.118e-23,9.061e+0,3.104e+1,8.401e-7,1.523e-21,9.283e-25,,,,,,,,,,,,,,,,,,,,,,,,1.464e-19,,7.208e-19
229.33,4.722e+1,,8.483e-31,3.097e-13,,,3.988e-45,1.889e-22,4.819e-25,1.166e-49,3.929e-19,2.204e-23,1.740e-12,2.835e-5,4.030e-21,5.504e-13,,7.200e-29,,2.326e-22,4.183e-20,4.457e-23,1.427e-2,,1.283e-24,,4.845e-21,,2.124e-23,1.270e+1,3.451e+1,9.798e-7,1.524e-21,9.291e-25,,,,,,,,,,,,,,,,,,,,,,,,1.467e-19,,7.224e-19
229.36,6.034e+1,,8.838e-31,4.507e-13,,,1.702e-45,1.890e-22,4.843e-25,1.167e-49,3.975e-19,2.217e-23,3.318e-12,8.053e-5,2.038e-20,6.881e-13,,7.216e-29,,2.324e-22,4.201e-20,7.549e-23,2.873e-2,,1.293e-24,,4.847e-21,,2.133e-23,2.076e+1,3.955e+1,1.215e-6,1.525e-21,9.302e-25,,,,,,,,,,,,,,,,,,,,,,,,1.473e-19,,7.249e-19
229.38,7.110e+1,,9.075e-31,5.685e-13,,,9.476e-46,1.890e-22,4.859e-25,1.167e-49,4.005e-19,2.226e-23,5.013e-12,1.587e-4,5.897e-20,7.842e-13,,7.226e-29,,2.323e-22,4.213e-20,1.053e-22,4.500e-2,,1.299e-24,,4.849e-21,,2.139e-23,2.839e+1,4.267e+1,1.387e-6,1.525e-21,9.310e-25,,,,,,,,,,,,,,,,,,,,,,,,1.477e-19,,7.265e-19
229.4,8.387e+1,,9.312e-31,7.066e-13,,,5.198e-46,1.891e-22,4.874e-25,1.168e-49,4.036e-19,2.235e-23,7.463e-12,3.081e-4,1.682e-19,8.808e-13,,7.236e-29,,2.321e-22,4.225e-20,1.449e-22,6.946e-2,,1.306e-24,,4.850e-21,,2.145e-23,3.831e+1,4.550e+1,1.567e-6,1.526e-21,9.317e-25,,,,,,,,,,,,,,,,,,,,,,,,1.480e-19,,7.282e-19
229.43,1.077e+2,,9.668e-31,9.530e-13,,,2.054e-46,1.891e-22,4.898e-25,1.169e-49,4.082e-19,2.248e-23,1.319e-11,8.114e-4,7.887e-19,1.020e-12,,7.252e-29,,2.319e-22,4.243e-20,2.274e-22,1.297e-1,,1.315e-24,,4.852e-21,,2.154e-23,5.850e+1,4.904e+1,1.844e-6,1.527e-21,9.328e-25,,,,,,,,,,,,,,,,,,,,,,,,1.486e-19,,7.306e-19
229.45,1.273e+2,,9.905e-31,1.142e-12,,,1.086e-46,1.891e-22,4.913e-25,1.170e-49,4.112e-19,2.257e-23,1.895e-11,1.520e-3,2.170e-18,1.105e-12,,7.262e-29,,2.317e-22,4.255e-20,3.016e-22,1.931e-1,,1.322e-24,,4.854e-21,,2.160e-23,7.622e+1,5.086e+1,2.026e-6,1.528e-21,9.336e-25,,,,,,,,,,,,,,,,,,,,,,,,1.490e-19,,7.322e-19
229.48,1.635e+2,,1.026e-30,1.459e-12,,,4.064e-47,1.892e-22,4.937e-25,1.171e-49,4.158e-19,2.270e-23,3.173e-11,3.792e-3,9.644e-18,1.212e-12,,7.277e-29,,2.315e-22,4.273e-20,4.485e-22,3.414e-1,,1.332e-24,,4.856e-21,,2.169e-23,1.104e+2,5.275e+1,2.282e-6,1.529e-21,9.347e-25,,,,,,,,,,,,,,,,,,,,,,,,1.495e-19,,7.347e-19
229.5,1.927e+2,,1.050e-30,1.687e-12,,,2.072e-47,1.892e-22,4.953e-25,1.171e-49,4.189e-19,2.279e-23,4.394e-11,6.850e-3,2.560e-17,1.266e-12,,7.288e-29,,2.314e-22,4.285e-20,5.737e-22,4.903e-1,,1.338e-24,,4.858e-21,,2.175e-23,1.388e+2,5.344e+1,2.431e-6,1.530e-21,9.355e-25,,,,,,,,,,,,,,,,,,,,,,,,1.499e-19,,7.363e-19
229.53,2.450e+2,,1.085e-30,2.041e-12,,,7.337e-48,1.893e-22,4.976e-25,1.172e-49,4.235e-19,2.292e-23,6.970e-11,1.619e-2,1.078e-16,1.316e-12,,7.303e-29,,2.312e-22,4.304e-20,8.078e-22,8.215e-1,,1.348e-24,,4.860e-21,,2.184e-23,1.905e+2,5.373e+1,2.610e-6,1.531e-21,9.366e-25,,,,,,,,,,,,,,,,,,,,,,,,1.505e-19,,7.388e-19
229.55,2.857e+2,,1.109e-30,2.275e-12,,,3.606e-48,1.893e-22,4.992e-25,1.173e-49,4.265e-19,2.301e-23,9.309e-11,2.821e-2,2.761e-16,1.325e-12,,7.313e-29,,2.310e-22,4.316e-20,9.966e-22,1.138e+0,,1.354e-24,,4.861e-21,,2.191e-23,2.311e+2,5.351e+1,2.692e-6,1.532e-21,9.374e-25,,,,,,,,,,,,,,,,,,,,,,,,1.509e-19,,7.404e-19
229.58,3.552e+2,,1.145e-30,2.607e-12,,,1.209e-48,1.894e-22,5.015e-25,1.174e-49,4.311e-19,2.314e-23,1.399e-10,6.318e-2,1.102e-15,1.304e-12,,7.329e-29,,2.308e-22,4.334e-20,1.329e-21,1.807e+0,,1.364e-24,,4.864e-21,,2.200e-23,3.006e+2,5.270e+1,2.748e-6,1.533e-21,9.385e-25,,,,,,,,,,,,,,,,,,,,,,,,1.514e-19,,7.429e-19
229.6,4.063e+2,,1.168e-30,2.803e-12,,,5.727e-49,1.894e-22,5.031e-25,1.174e-49,4.341e-19,2.323e-23,1.802e-10,1.062e-1,2.722e-15,1.266e-12,,7.339e-29,,2.306e-22,4.346e-20,1.581e-21,2.416e+0,,1.371e-24,,4.865e-21,,2.206e-23,3.518e+2,5.196e+1,2.739e-6,1.534e-21,9.393e-25,,,,,,,,,,,,,,,,,,,,,,,,1.518e-19,,7.445e-19
229.63,4.883e+2,,1.204e-30,3.041e-12,,,1.817e-49,1.895e-22,5.055e-25,1.175e-49,4.387e-19,2.336e-23,2.564e-10,2.253e-1,1.029e-14,1.180e-12,,7.355e-29,,2.304e-22,4.364e-20,1.997e-21,3.636e+0,,1.380e-24,,4.867e-21,,2.215e-23,4.338e+2,5.069e+1,2.655e-6,1.535e-21,9.404e-25,,,,,,,,,,,,,,,,,,,,,,,,1.523e-19,,7.470e-19
229.65,5.448e+2,,1.227e-30,3.153e-12,,,8.300e-50,1.895e-22,5.070e-25,1.176e-49,4.418e-19,2.345e-23,3.185e-10,3.652e-1,2.453e-14,1.105e-12,,7.365e-29,,2.303e-22,4.376e-20,2.292e-21,4.691e+0,,1.387e-24,,4.869e-21,,2.221e-23,4.899e+2,4.982e+1,2.555e-6,1.536e-21,9.412e-25,,,,,,,,,,,,,,,,,,,,,,,,1.527e-19,,7.486e-19
229.68,6.284e+2,,1.263e-30,3.240e-12,,,2.494e-50,1.896e-22,5.094e-25,1.177e-49,4.464e-19,2.358e-23,4.293e-10,7.339e-1,8.788e-14,9.750e-13,,7.380e-29,,2.301e-22,4.394e-20,2.742e-21,6.695e+0,,1.397e-24,,4.871e-21,,2.230e-23,5.725e+2,4.852e+1,2.349e-6,1.537e-21,9.423e-25,,,,,,,,,,,,,,,,,,,,,,,,1.533e-19,,7.511e-19
229.7,6.810e+2,,1.287e-30,3.240e-12,,,1.100e-50,1.896e-22,5.109e-25,1.178e-49,4.494e-19,2.367e-23,5.145e-10,1.148e+0,2.021e-13,8.808e-13,,7.391e-29,,2.299e-22,4.407e-20,3.035e-21,8.340e+0,,1.403e-24,,4.872e-21,,2.236e-23,6.238e+2,4.768e+1,2.182e-6,1.538e-21,9.430e-25,,,,,,,,,,,,,,,,,,,,,,,,1.537e-19,,7.527e-19
229.73,7.507e+2,,1.322e-30,3.153e-12,,,3.226e-51,1.897e-22,5.133e-25,1.179e-49,4.540e-19,2.380e-23,6.568e-10,2.185e+0,6.861e-13,7.359e-13,,7.406e-29,,2.297e-22,4.425e-20,3.439e-21,1.130e+1,,1.413e-24,,4.875e-21,,2.245e-23,6.908e+2,4.639e+1,1.902e-6,1.539e-21,9.442e-25,,,,,,,,,,,,,,,,,,,,,,,,1.542e-19,,7.552e-19
229.75,7.886e+2,,1.346e-30,3.041e-12,,,1.587e-51,1.897e-22,5.149e-25,1.179e-49,4.571e-19,2.389e-23,7.591e-10,3.296e+0,1.522e-12,6.411e-13,,7.416e-29,,2.295e-22,4.437e-20,3.670e-21,1.360e+1,,1.419e-24,,4.876e-21,,2.251e-23,7.263e+2,4.548e+1,1.704e-6,1.540e-21,9.449e-25,,,,,,,,,,,,,,,,,,,,,,,,1.546e-19,,7.568e-19
229.77,8.182e+2,,1.370e-30,2.891e-12,,,1.193e-51,1.897e-22,5.164e-25,1.180e-49,4.601e-19,2.398e-23,8.647e-10,4.901e+0,3.329e-12,5.504e-13,,7.427e-29,,2.294e-22,4.449e-20,3.861e-21,1.614e+1,,1.426e-24,,4.878e-21,,2.257e-23,7.527e+2,4.446e+1,1.506e-6,1.540e-21,9.457e-25,,,,,,,,,,,,,,,,,,,,,,,,1.550e-19,,7.585e-19
229.8,8.448e+2,,1.405e-30,2.607e-12,,,2.504e-51,1.898e-22,5.188e-25,1.181e-49,4.647e-19,2.411e-23,1.023e-9,8.650e+0,1.048e-11,4.261e-13,,7.442e-29,,2.292e-22,4.467e-20,4.055e-21,2.037e+1,,1.435e-24,,4.880e-21,,2.266e-23,7.732e+2,4.266e+1,1.217e-6,1.541e-21,9.468e-25,,,,,,,,,,,,,,,,,,,,,,,,1.555e-19,,7.609e-19
229.82,8.502e+2,,1.429e-30,2.390e-12,,,5.595e-51,1.898e-22,5.204e-25,1.182e-49,4.678e-19,2.420e-23,1.124e-9,1.241e+1,2.211e-11,3.528e-13,,7.452e-29,,2.290e-22,4.479e-20,4.114e-21,2.341e+1,,1.442e-24,,4.881e-21,,2.272e-23,7.731e+2,4.123e+1,1.037e-6,1.542e-21,9.476e-25,,,,,,,,,,,,,,,,,,,,,,,,1.559e-19,,7.626e-19
229.85,8.402e+2,,1.464e-30,2.041e-12,,,1.939e-50,1.899e-22,5.227e-25,1.183e-49,4.723e-19,2.433e-23,1.260e-9,2.074e+1,6.596e-11,2.587e-13,,7.468e-29,,2.288e-22,4.497e-20,4.092e-21,2.816e+1,,1.452e-24,,4.884e-21,,2.282e-23,7.526e+2,3.867e+1,7.937e-7,1.543e-21,9.487e-25,,,,,,,,,,,,,,,,,,,,,,,,1.565e-19,,7.650e-19
229.87,8.228e+2,,1.488e-30,1.804e-12,,,4.389e-50,1.899e-22,5.243e-25,1.183e-49,4.754e-19,2.442e-23,1.335e-9,2.870e+1,1.343e-10,2.065e-13,,7.478e-29,,2.287e-22,4.509e-20,4.004e-21,3.137e+1,,1.458e-24,,4.885e-21,,2.288e-23,7.261e+2,3.670e+1,6.523e-7,1.544e-21,9.495e-25,,,,,,,,,,,,,,,,,,,,,,,,1.568e-19,,7.667e-19
229.9,7.847e+2,,1.524e-30,1.459e-12,,,1.456e-49,1.900e-22,5.266e-25,1.184e-49,4.800e-19,2.455e-23,1.417e-9,4.545e+1,3.796e-10,1.434e-13,,7.493e-29,,2.284e-22,4.528e-20,3.771e-21,3.611e+1,,1.468e-24,,4.887e-21,,2.297e-23,6.698e+2,3.338e+1,4.730e-7,1.545e-21,9.506e-25,,,,,,,,,,,,,,,,,,,,,,,,1.574e-19,,7.691e-19
229.92,7.542e+2,,1.547e-30,1.244e-12,,,3.181e-49,1.900e-22,5.282e-25,1.185e-49,4.830e-19,2.464e-23,1.448e-9,6.065e+1,7.454e-10,1.104e-13,,7.504e-29,,2.283e-22,4.540e-20,3.559e-21,3.913e+1,,1.474e-24,,4.889e-21,,2.303e-23,6.234e+2,3.099e+1,3.749e-7,1.546e-21,9.513e-25,,,,,,,,,,,,,,,,,,,,,,,,1.578e-19,,7.708e-19
229.95,7.065e+2,,1.583e-30,9.530e-13,,,1.000e-48,1.901e-22,5.305e-25,1.186e-49,4.876e-19,2.477e-23,1.456e-9,9.100e+1,1.997e-9,7.262e-14,,7.519e-29,,2.281e-22,4.558e-20,3.175e-21,4.332e+1,,1.484e-24,,4.891e-21,,2.312e-23,5.449e+2,2.726e+1,2.575e-7,1.547e-21,9.525e-25,,,,,,,,,,,,,,,,,,,,,,,,1.583e-19,,7.732e-19
229.97,6.771e+2,,1.607e-30,7.835e-13,,,2.108e-48,1.901e-22,5.321e-25,1.186e-49,4.907e-19,2.486e-23,1.435e-9,1.171e+2,3.783e-9,5.395e-14,,7.529e-29,,2.279e-22,4.570e-20,2.890e-21,4.583e+1,,1.491e-24,,4.893e-21,,2.318e-23,4.894e+2,2.478e+1,1.968e-7,1.548e-21,9.532e-25,,,,,,,,,,,,,,,,,,,,,,,,1.587e-19,,7.748e-19
230,6.423e+2,,1.642e-30,5.685e-13,,,6.279e-48,1.902e-22,5.345e-25,1.187e-49,4.953e-19,2.499e-23,1.367e-9,1.665e+2,9.602e-9,3.366e-14,,7.545e-29,,2.277e-22,4.588e-20,2.442e-21,4.915e+1,,1.500e-24,,4.895e-21,,2.327e-23,4.054e+2,2.125e+1,1.280e-7,1.549e-21,9.544e-25,,,,,,,,,,,,,,,,,,,,,,,,1.593e-19,,7.773e-19
230.02,6.281e+2,,1.666e-30,4.507e-13,,,1.277e-47,1.902e-22,5.360e-25,1.188e-49,4.983e-19,2.508e-23,1.299e-9,2.067e+2,1.755e-8,2.419e-14,,7.555e-29,,2.276e-22,4.600e-20,2.144e-21,5.104e+1,,1.507e-24,,4.896e-21,,2.333e-23,3.512e+2,1.913e+1,9.437e-8,1.550e-21,9.551e-25,,,,,,,,,,,,,,,,,,,,,,,,1.596e-19,,7.789e-19
230.05,6.239e+2,,1.701e-30,3.097e-13,,,3.605e-47,1.903e-22,5.384e-25,1.189e-49,5.029e-19,2.521e-23,1.172e-9,2.784e+2,4.222e-8,1.448e-14,,7.570e-29,,2.273e-22,4.618e-20,1.716e-21,5.345e+1,,1.517e-24,,4.898e-21,,2.342e-23,2.757e+2,1.645e+1,5.813e-8,1.551e-21,9.563e-25,,,,,,,,,,,,,,,,,,,,,,,,1.602e-19,,7.814e-19
230.07,6.337e+2,,1.725e-30,2.368e-13,,,7.073e-47,1.903e-22,5.400e-25,1.190e-49,5.059e-19,2.530e-23,1.074e-9,3.334e+2,7.444e-8,1.026e-14,,7.581e-29,,2.272e-22,4.631e-20,1.454e-21,5.480e+1,,1.523e-24,,4.900e-21,,2.348e-23,2.304e+2,1.509e+1,4.132e-8,1.552e-21,9.570e-25,,,,,,,,,,,,,,,,,,,,,,,,1.606e-19,,7.830e-19
230.1,6.670e+2,,1.761e-30,1.541e-13,,,1.892e-46,1.903e-22,5.423e-25,1.191e-49,5.105e-19,2.543e-23,9.179e-10,4.253e+2,1.697e-7,6.369e-15,,7.596e-29,,2.270e-22,4.649e-20,1.106e-21,5.649e+1,,1.533e-24,,4.902e-21,,2.357e-23,1.714e+2,1.383e+1,2.411e-8,1.553e-21,9.581e-25,,,,,,,,,,,,,,,,,,,,,,,,1.611e-19,,7.855e-19
230.12,7.004e+2,,1.784e-30,1.136e-13,,,3.582e-46,1.904e-22,5.439e-25,1.191e-49,5.136e-19,2.552e-23,8.116e-10,4.912e+2,2.887e-7,5.003e-15,,7.606e-29,,2.268e-22,4.661e-20,9.092e-22,5.745e+1,,1.539e-24,,4.904e-21,,2.363e-23,1.382e+2,1.356e+1,1.653e-8,1.554e-21,9.589e-25,,,,,,,,,,,,,,,,,,,,,,,,1.615e-19,,7.871e-19
230.14,7.413e+2,,1.808e-30,8.259e-14,,,6.684e-46,1.904e-22,5.454e-25,1.192e-49,5.166e-19,2.561e-23,7.074e-10,5.594e+2,4.842e-7,4.424e-15,,7.617e-29,,2.267e-22,4.673e-20,7.451e-22,5.828e+1,,1.546e-24,,4.905e-21,,2.370e-23,1.098e+2,1.378e+1,1.117e-8,1.554e-21,9.597e-25,,,,,,,,,,,,,,,,,,,,,,,,1.619e-19,,7.888e-19
230.17,8.116e+2,,1.844e-30,4.980e-14,,,1.659e-45,1.905e-22,5.478e-25,1.193e-49,5.212e-19,2.574e-23,5.601e-10,6.615e+2,1.024e-6,4.869e-15,,7.632e-29,,2.265e-22,4.691e-20,5.727e-22,5.934e+1,,1.556e-24,,4.907e-21,,2.379e-23,7.576e+1,1.505e+1,6.037e-9,1.555e-21,9.608e-25,,,,,,,,,,,,,,,,,,,,,,,,1.624e-19,,7.912e-19
230.19,8.611e+2,,1.867e-30,3.491e-14,,,2.986e-45,1.905e-22,5.494e-25,1.194e-49,5.243e-19,2.583e-23,4.708e-10,7.265e+2,1.657e-6,6.056e-15,,7.642e-29,,2.263e-22,4.703e-20,5.255e-22,5.994e+1,,1.562e-24,,4.909e-21,,2.385e-23,5.809e+1,1.654e+1,3.934e-9,1.556e-21,9.615e-25,,,,,,,,,,,,,,,,,,,,,,,,1.628e-19,,7.929e-19
230.22,9.323e+2,,1.903e-30,1.993e-14,,,7.021e-45,1.906e-22,5.517e-25,1.194e-49,5.289e-19,2.596e-23,3.531e-10,8.139e+2,3.321e-6,9.423e-15,,7.658e-29,,2.261e-22,4.721e-20,6.331e-22,6.067e+1,,1.572e-24,,4.911e-21,,2.394e-23,3.797e+1,1.969e+1,2.014e-9,1.557e-21,9.627e-25,,,,,,,,,,,,,,,,,,,,,,,,1.634e-19,,7.953e-19
230.24,9.738e+2,,1.927e-30,1.347e-14,,,1.220e-44,1.906e-22,5.533e-25,1.195e-49,5.319e-19,2.605e-23,2.863e-10,8.623e+2,5.186e-6,1.301e-14,,7.668e-29,,2.259e-22,4.733e-20,9.261e-22,6.106e+1,,1.578e-24,,4.913e-21,,2.400e-23,2.809e+1,2.236e+1,1.266e-9,1.558e-21,9.634e-25,,,,,,,,,,,,,,,,,,,,,,,,1.638e-19,,7.970e-19
230.27,1.021e+3,,1.962e-30,7.288e-15,,,2.717e-44,1.907e-22,5.556e-25,1.196e-49,5.365e-19,2.618e-23,2.034e-10,9.152e+2,9.855e-6,2.117e-14,,7.684e-29,,2.257e-22,4.752e-20,2.091e-21,6.151e+1,,1.588e-24,,4.915e-21,,2.409e-23,1.739e+1,2.707e+1,6.135e-10,1.559e-21,9.646e-25,,,,,,,,,,,,,,,,,,,,,,,,1.643e-19,,7.994e-19
230.29,1.040e+3,,1.986e-30,4.751e-15,,,4.554e-44,1.907e-22,5.572e-25,1.197e-49,5.396e-19,2.627e-23,1.590e-10,9.352e+2,1.485e-5,2.908e-14,,7.694e-29,,2.256e-22,4.764e-20,3.841e-21,6.172e+1,,1.595e-24,,4.916e-21,,2.415e-23,1.241e+1,3.059e+1,3.718e-10,1.560e-21,9.653e-25,,,,,,,,,,,,,,,,,,,,,,,,1.647e-19,,8.011e-19
230.32,1.046e+3,,2.021e-30,2.434e-15,,,9.616e-44,1.908e-22,5.596e-25,1.198e-49,5.441e-19,2.640e-23,1.070e-10,9.402e+2,2.677e-5,4.606e-14,,7.709e-29,,2.253e-22,4.782e-20,9.692e-21,6.196e+1,,1.604e-24,,4.919e-21,,2.424e-23,7.283e+0,3.621e+1,1.707e-10,1.561e-21,9.664e-25,,,,,,,,,,,,,,,,,,,,,,,,1.653e-19,,8.035e-19
230.34,1.034e+3,,2.045e-30,1.530e-15,,,1.555e-43,1.908e-22,5.611e-25,1.198e-49,5.472e-19,2.649e-23,8.070e-11,9.268e+2,3.896e-5,6.183e-14,,7.720e-29,,2.252e-22,4.794e-20,1.783e-20,6.208e+1,,1.611e-24,,4.920e-21,,2.430e-23,5.013e+0,4.004e+1,9.976e-11,1.562e-21,9.672e-25,,,,,,,,,,,,,,,,,,,,,,,,1.656e-19,,8.052e-19
230.37,9.934e+2,,2.081e-30,7.422e-16,,,3.111e-43,1.908e-22,5.635e-25,1.199e-49,5.518e-19,2.662e-23,5.143e-11,8.827e+2,6.666e-5,9.434e-14,,7.735e-29,,2.250e-22,4.812e-20,4.356e-20,6.223e+1,,1.620e-24,,4.922e-21,,1.464e-22,2.787e+0,4.562e+1,4.337e-11,1.563e-21,9.683e-25,,,,,,,,,,,,,,,,,,,,,,,,1.662e-19,,8.076e-19
230.39,9.525e+2,,2.104e-30,4.500e-16,,,4.852e-43,1.909e-22,5.650e-25,1.200e-49,5.548e-19,2.671e-23,3.741e-11,8.393e+2,9.373e-5,1.234e-13,,7.745e-29,,2.248e-22,4.824e-20,7.778e-20,6.232e+1,,1.627e-24,,4.924e-21,,4.763e-22,1.851e+0,4.908e+1,2.445e-11,1.564e-21,9.691e-25,,,,,,,,,,,,,,,,,,,,,,,,1.666e-19,,8.093e-19
230.42,8.743e+2,,2.140e-30,2.067e-16,,,9.202e-43,1.909e-22,5.674e-25,1.201e-49,5.594e-19,2.684e-23,2.258e-11,7.573e+2,1.524e-4,1.811e-13,,7.761e-29,,2.246e-22,4.842e-20,1.811e-19,6.241e+1,,1.637e-24,,4.926e-21,,2.721e-21,9.750e-1,5.364e+1,1.007e-11,1.565e-21,9.702e-25,,,,,,,,,,,,,,,,,,,,,,,,1.671e-19,,8.117e-19
230.44,8.136e+2,,2.164e-30,1.209e-16,,,1.385e-42,1.910e-22,5.690e-25,1.202e-49,5.625e-19,2.693e-23,1.584e-11,6.945e+2,2.073e-4,2.307e-13,,7.771e-29,,2.245e-22,4.855e-20,3.129e-19,6.240e+1,,1.643e-24,,4.927e-21,,8.543e-21,6.247e-1,5.613e+1,5.471e-12,1.566e-21,9.710e-25,,,,,,,,,,,,,,,,,,,,,,,,1.675e-19,,8.134e-19
230.47,7.151e+2,,2.199e-30,5.259e-17,,,2.488e-42,1.910e-22,5.713e-25,1.203e-49,5.671e-19,2.707e-23,9.057e-12,5.937e+2,3.210e-4,3.249e-13,,7.786e-29,,2.242e-22,4.873e-20,6.929e-19,6.218e+1,,1.653e-24,,4.930e-21,,4.627e-20,3.122e-1,5.893e+1,2.133e-12,1.567e-21,9.721e-25,,,,,,,,,,,,,,,,,,,,,,,,1.681e-19,,8.158e-19
230.49,6.473e+2,,2.223e-30,2.965e-17,,,3.613e-42,1.911e-22,5.729e-25,1.203e-49,5.701e-19,2.715e-23,6.127e-12,5.251e+2,4.230e-4,4.025e-13,,7.797e-29,,2.241e-22,4.885e-20,1.157e-18,6.182e+1,,1.659e-24,,4.931e-21,,1.402e-19,1.935e-1,6.012e+1,1.118e-12,1.568e-21,9.729e-25,,,,,,,,,,,,,,,,,,,,,,,,1.684e-19,,8.174e-19
230.51,5.800e+2,,2.247e-30,1.648e-17,,,5.170e-42,1.911e-22,5.745e-25,1.204e-49,5.732e-19,2.724e-23,4.086e-12,4.579e+2,5.509e-4,4.930e-13,,7.807e-29,,2.240e-22,4.897e-20,1.908e-18,6.122e+1,,1.666e-24,,4.933e-21,,4.188e-19,1.190e-1,6.077e+1,5.776e-13,1.568e-21,9.736e-25,,,,,,,,,,,,,,,,,,,,,,,,1.688e-19,,8.191e-19
230.54,4.835e+2,,2.282e-30,6.645e-18,,,8.618e-42,1.912e-22,5.768e-25,1.205e-49,5.777e-19,2.737e-23,2.165e-12,3.629e+2,8.020e-4,6.536e-13,,7.822e-29,,2.237e-22,4.915e-20,3.934e-18,5.973e+1,,1.676e-24,,4.935e-21,,2.105e-18,5.829e-2,6.082e+1,2.087e-13,1.570e-21,9.747e-25,,,,,,,,,,,,,,,,,,,,,,,,1.694e-19,,8.215e-19
230.56,4.238e+2,,2.306e-30,3.562e-18,,,1.190e-41,1.912e-22,5.784e-25,1.205e-49,5.808e-19,2.746e-23,1.393e-12,3.052e+2,1.017e-3,7.771e-13,,7.833e-29,,2.236e-22,4.927e-20,6.266e-18,5.828e+1,,1.682e-24,,4.936e-21,,6.069e-18,3.881e-2,6.029e+1,1.040e-13,1.570e-21,9.755e-25,,,,,,,,,,,,,,,,,,,,,,,,1.697e-19,,8.232e-19
230.59,3.433e+2,,2.341e-30,1.360e-18,,,1.879e-41,1.913e-22,5.807e-25,1.206e-49,5.854e-19,2.759e-23,6.990e-13,2.291e+2,1.427e-3,9.845e-13,,7.848e-29,,2.234e-22,4.945e-20,1.227e-17,5.533e+1,,1.692e-24,,4.939e-21,,2.893e-17,2.921e-2,5.886e+1,3.557e-14,1.571e-21,9.766e-25,,,,,,,,,,,,,,,,,,,,,,,,1.703e-19,,8.256e-19
230.61,2.963e+2,,2.365e-30,7.030e-19,,,2.504e-41,1.913e-22,5.823e-25,1.207e-49,5.884e-19,2.768e-23,4.336e-13,1.859e+2,1.770e-3,1.135e-12,,7.858e-29,,2.232e-22,4.957e-20,1.889e-17,5.285e+1,,1.698e-24,,4.940e-21,,8.048e-17,3.323e-2,5.758e+1,1.709e-14,1.572e-21,9.774e-25,,,,,,,,,,,,,,,,,,,,,,,,1.707e-19,,8.273e-19
230.64,2.360e+2,,2.401e-30,2.542e-19,,,3.747e-41,1.913e-22,5.846e-25,1.208e-49,5.930e-19,2.782e-23,2.061e-13,1.322e+2,2.417e-3,1.372e-12,,7.874e-29,,2.230e-22,4.976e-20,3.513e-17,4.840e+1,,1.708e-24,,4.942e-21,,3.637e-16,5.605e-2,5.537e+1,5.539e-15,1.573e-21,9.785e-25,,,,,,,,,,,,,,,,,,,,,,,,1.712e-19,,8.297e-19
230.66,2.024e+2,,2.424e-30,1.267e-19,,,4.816e-41,1.914e-22,5.862e-25,1.209e-49,5.961e-19,2.790e-23,1.233e-13,1.034e+2,2.954e-3,1.532e-12,,7.884e-29,,2.229e-22,4.988e-20,5.221e-17,4.502e+1,,1.715e-24,,4.944e-21,,9.764e-16,8.638e-2,5.381e+1,2.569e-15,1.574e-21,9.793e-25,,,,,,,,,,,,,,,,,,,,,,,,1.716e-19,,8.314e-19
230.69,1.609e+2,,2.460e-30,4.340e-20,,,6.832e-41,1.914e-22,5.886e-25,1.210e-49,6.007e-19,2.804e-23,5.553e-14,6.968e+1,3.964e-3,1.763e-12,,7.899e-29,,2.226e-22,5.006e-20,9.217e-17,3.951e+1,,1.724e-24,,4.946e-21,,4.183e-15,1.678e-1,5.150e+1,8.001e-16,1.575e-21,9.804e-25,,,,,,,,,,,,,,,,,,,,,,,,1.722e-19,,8.338e-19
230.71,1.386e+2,,2.484e-30,2.086e-20,,,8.471e-41,1.915e-22,5.901e-25,1.210e-49,6.037e-19,2.812e-23,3.204e-14,5.260e+1,4.807e-3,1.905e-12,,7.910e-29,,2.225e-22,5.018e-20,1.323e-16,3.566e+1,,1.731e-24,,4.948e-21,,1.084e-14,2.589e-1,5.004e+1,3.821e-16,1.576e-21,9.812e-25,,,,,,,,,,,,,,,,,,,,,,,,1.725e-19,,8.355e-19
230.74,1.120e+2,,2.519e-30,6.767e-21,,,1.139e-40,1.915e-22,5.925e-25,1.211e-49,6.083e-19,1.703e-22,1.367e-14,3.357e+1,6.397e-3,2.087e-12,,7.925e-29,,2.223e-22,5.036e-20,2.216e-16,2.986e+1,,1.741e-24,,4.950e-21,,4.403e-14,4.843e-1,4.808e+1,2.108e-16,1.577e-21,9.823e-25,,,,,,,,,,,,,,,,,,,,,,,,1.731e-19,,8.379e-19
230.76,9.824e+1,,2.543e-30,3.137e-21,,,1.362e-40,1.916e-22,5.941e-25,1.212e-49,6.114e-19,5.557e-22,7.605e-15,2.444e+1,7.726e-3,2.180e-12,,7.935e-29,,2.221e-22,5.048e-20,3.071e-16,2.610e+1,,1.747e-24,,4.951e-21,,1.101e-13,7.227e-1,4.697e+1,2.935e-16,1.578e-21,9.831e-25,,,,,,,,,,,,,,,,,,,,,,,,1.735e-19,,8.396e-19
230.79,8.248e+1,,2.578e-30,9.638e-22,,,1.735e-40,1.916e-22,5.964e-25,1.213e-49,6.159e-19,3.190e-21,3.072e-15,1.478e+1,1.023e-2,2.269e-12,,7.951e-29,,2.219e-22,5.066e-20,4.880e-16,2.079e+1,,1.757e-24,,4.953e-21,,4.241e-13,1.283e+0,4.562e+1,8.585e-16,1.579e-21,9.842e-25,,,,,,,,,,,,,,,,,,,,,,,,1.740e-19,,8.420e-19
230.81,7.477e+1,,2.602e-30,4.309e-22,,,2.003e-40,1.917e-22,5.980e-25,1.214e-49,6.190e-19,1.005e-20,1.649e-15,1.038e+1,1.230e-2,2.291e-12,,7.961e-29,,2.218e-22,5.079e-20,6.530e-16,1.756e+1,,1.763e-24,,4.955e-21,,1.024e-12,1.847e+0,4.496e+1,1.882e-15,1.580e-21,9.849e-25,,,,,,,,,,,,,,,,,,,,,,,,1.744e-19,,8.437e-19
230.84,6.672e+1,,2.638e-30,1.254e-22,,,2.417e-40,1.917e-22,6.003e-25,1.215e-49,6.236e-19,5.473e-20,6.310e-16,5.945e+0,1.614e-2,2.265e-12,,7.977e-29,,2.215e-22,5.097e-20,9.841e-16,1.329e+1,,1.773e-24,,4.957e-21,,3.737e-12,3.108e+0,4.436e+1,6.040e-15,1.581e-21,9.861e-25,,,,,,,,,,,,,,,,,,,,,,,,1.750e-19,,8.461e-19
230.86,6.343e+1,,2.661e-30,5.405e-23,,,2.692e-40,1.918e-22,6.019e-25,1.215e-49,6.266e-19,1.664e-19,3.266e-16,4.027e+0,1.924e-2,2.209e-12,,7.987e-29,,2.214e-22,5.109e-20,1.271e-15,1.085e+1,,1.780e-24,,4.959e-21,,8.705e-12,4.318e+0,4.422e+1,1.293e-14,1.582e-21,9.868e-25,,,,,,,,,,,,,,,,,,,,,,,,1.753e-19,,8.478e-19
230.89,6.129e+1,,2.697e-30,1.489e-23,,,3.079e-40,1.918e-22,6.042e-25,1.216e-49,6.312e-19,8.591e-19,1.184e-16,2.185e+0,2.477e-2,2.073e-12,,8.002e-29,,2.212e-22,5.127e-20,1.817e-15,7.787e+0,,1.789e-24,,4.961e-21,,3.013e-11,6.885e+0,4.441e+1,3.942e-14,1.583e-21,9.880e-25,,,,,,,,,,,,,,,,,,,,,,,,1.759e-19,,8.502e-19
230.91,6.162e+1,,2.720e-30,6.193e-24,,,3.308e-40,1.918e-22,6.058e-25,1.217e-49,6.343e-19,2.521e-18,5.910e-17,1.428e+0,2.906e-2,1.952e-12,,8.013e-29,,2.210e-22,5.139e-20,2.265e-15,6.135e+0,,1.796e-24,,4.962e-21,,6.774e-11,9.231e+0,4.480e+1,8.142e-14,1.584e-21,9.887e-25,,,,,,,,,,,,,,,,,,,,,,,,1.763e-19,,8.519e-19
230.93,6.330e+1,,2.744e-30,2.538e-24,,,3.503e-40,1.919e-22,6.074e-25,1.217e-49,6.373e-19,7.295e-18,2.908e-17,9.195e-1,3.382e-2,1.813e-12,,8.023e-29,,2.209e-22,5.151e-20,2.783e-15,4.765e+0,,1.802e-24,,4.964e-21,,1.501e-10,1.220e+1,4.538e+1,1.658e-13,1.584e-21,9.895e-25,,,,,,,,,,,,,,,,,,,,,,,,1.767e-19,,8.535e-19
230.96,6.830e+1,,2.780e-30,6.480e-25,,,3.717e-40,1.919e-22,6.097e-25,1.218e-49,6.419e-19,3.496e-17,9.769e-18,4.626e-1,4.170e-2,1.580e-12,,8.038e-29,,2.206e-22,5.169e-20,3.693e-15,3.175e+0,,1.812e-24,,4.966e-21,,4.824e-10,1.805e+1,4.658e+1,4.693e-13,1.586e-21,9.906e-25,,,,,,,,,,,,,,,,,,,,,,,,1.772e-19,,8.560e-19
230.98,7.327e+1,,2.803e-30,2.561e-25,,,3.798e-40,1.920e-22,6.113e-25,1.219e-49,6.450e-19,9.764e-17,4.636e-18,2.873e-1,4.734e-2,1.416e-12,,8.049e-29,,2.205e-22,5.181e-20,4.380e-15,2.380e+0,,1.819e-24,,4.968e-21,,1.032e-9,2.301e+1,4.754e+1,9.224e-13,1.586e-21,9.914e-25,,,,,,,,,,,,,,,,,,,,,,,,1.776e-19,,8.576e-19
231.01,8.310e+1,,2.839e-30,6.193e-26,,,3.818e-40,1.920e-22,6.137e-25,1.220e-49,6.495e-19,4.438e-16,1.475e-18,1.369e-1,5.606e-2,1.170e-12,,8.064e-29,,2.203e-22,5.200e-20,5.509e-15,1.503e+0,,1.828e-24,,4.970e-21,,3.143e-9,3.226e+1,4.914e+1,2.475e-12,1.587e-21,9.925e-25,,,,,,,,,,,,,,,,,,,,,,,,1.782e-19,,8.600e-19
231.03,9.115e+1,,2.863e-30,2.361e-26,,,3.764e-40,1.921e-22,6.152e-25,1.221e-49,6.526e-19,1.196e-15,6.752e-19,8.206e-2,6.182e-2,1.013e-12,,8.074e-29,,2.201e-22,5.212e-20,6.307e-15,1.087e+0,,1.835e-24,,4.971e-21,,6.488e-9,3.970e+1,5.023e+1,4.694e-12,1.588e-21,9.932e-25,,,,,,,,,,,,,,,,,,,,,,,,1.785e-19,,8.617e-19
231.06,1.053e+2,,2.898e-30,5.406e-27,,,3.586e-40,1.921e-22,6.176e-25,1.222e-49,6.572e-19,5.156e-15,2.035e-19,3.705e-2,6.994e-2,7.935e-13,,8.090e-29,,2.199e-22,5.230e-20,7.520e-15,6.508e-1,,1.844e-24,,4.974e-21,,1.874e-8,5.275e+1,5.176e+1,1.194e-11,1.589e-21,9.944e-25,,,,,,,,,,,,,,,,,,,,,,,,1.791e-19,,8.641e-19
231.08,1.158e+2,,2.922e-30,1.987e-27,,,3.411e-40,1.922e-22,6.191e-25,1.222e-49,6.602e-19,1.342e-14,8.983e-20,2.141e-2,7.472e-2,6.625e-13,,8.100e-29,,2.198e-22,5.242e-20,8.307e-15,4.541e-1,,1.851e-24,,4.975e-21,,3.733e-8,6.262e+1,5.263e+1,2.186e-11,1.590e-21,9.951e-25,,,,,,,,,,,,,,,,,,,,,,,,1.795e-19,,8.658e-19
231.11,1.328e+2,,2.957e-30,4.310e-28,,,3.079e-40,1.922e-22,6.215e-25,1.223e-49,6.648e-19,5.483e-14,2.564e-20,9.158e-3,8.048e-2,4.921e-13,,8.115e-29,,2.195e-22,5.260e-20,9.391e-15,2.576e-1,,1.861e-24,,4.977e-21,,1.022e-7,7.887e+1,5.357e+1,5.270e-11,1.591e-21,9.963e-25,,,,,,,,,,,,,,,,,,,,,,,,1.800e-19,,8.682e-19
231.13,1.445e+2,,2.981e-30,1.528e-28,,,2.825e-40,1.923e-22,6.231e-25,1.224e-49,6.679e-19,1.377e-13,1.092e-20,5.105e-3,8.316e-2,3.965e-13,,8.126e-29,,2.194e-22,5.272e-20,1.001e-14,1.734e-1,,1.867e-24,,4.979e-21,,1.965e-7,9.034e+1,5.389e+1,9.310e-11,1.592e-21,9.970e-25,,,,,,,,,,,,,,,,,,,,,,,,1.804e-19,,8.699e-19
231.16,1.618e+2,,3.017e-30,3.138e-29,,,2.417e-40,1.923e-22,6.254e-25,1.225e-49,6.725e-19,5.338e-13,2.952e-21,2.069e-3,8.512e-2,2.792e-13,,8.141e-29,,2.192e-22,5.290e-20,1.073e-14,9.318e-2,,1.877e-24,,4.981e-21,,5.102e-7,1.078e+2,5.383e+1,2.128e-10,1.593e-21,9.982e-25,,,,,,,,,,,,,,,,,,,,,,,,1.810e-19,,8.723e-19
231.18,1.727e+2,,3.040e-30,1.073e-29,,,2.140e-40,1.923e-22,6.270e-25,1.226e-49,6.755e-19,1.294e-12,1.212e-21,1.112e-3,8.497e-2,2.170e-13,,8.151e-29,,2.190e-22,5.302e-20,1.103e-14,6.050e-2,,1.883e-24,,4.982e-21,,9.467e-7,1.192e+2,5.340e+1,3.629e-10,1.594e-21,9.989e-25,,,,,,,,,,,,,,,,,,,,,,,,1.813e-19,,8.740e-19
231.21,1.871e+2,,3.076e-30,2.087e-30,,,1.735e-40,1.924e-22,6.293e-25,1.226e-49,6.801e-19,4.756e-12,3.104e-22,4.270e-4,8.255e-2,1.448e-13,,8.167e-29,,2.188e-22,5.321e-20,1.121e-14,3.081e-2,,1.893e-24,,4.985e-21,,2.330e-6,1.348e+2,5.217e+1,7.865e-10,1.595e-21,1.000e-24,,,,,,,,,,,,,,,,,,,,,,,,1.819e-19,,8.764e-19
231.23,1.949e+2,,3.100e-30,6.881e-31,,,1.482e-40,1.924e-22,6.309e-25,1.227e-49,6.832e-19,1.113e-11,1.229e-22,2.215e-4,7.957e-2,1.086e-13,,8.177e-29,,2.187e-22,5.333e-20,1.112e-14,1.930e-2,,1.900e-24,,4.986e-21,,4.173e-6,1.438e+2,5.097e+1,1.294e-9,1.596e-21,1.001e-24,,,,,,,,,,,,,,,,,,,,,,,,1.823e-19,,8.781e-19
231.26,2.029e+2,,3.135e-30,1.268e-31,,,1.139e-40,1.925e-22,6.333e-25,1.228e-49,6.877e-19,3.880e-11,2.982e-23,8.053e-5,7.333e-2,6.870e-14,,8.192e-29,,2.184e-22,5.351e-20,1.071e-14,9.312e-3,,1.909e-24,,4.988e-21,,9.737e-6,1.542e+2,4.866e+1,2.659e-9,1.597e-21,1.002e-24,,,,,,,,,,,,,,,,,,,,,,,,1.828e-19,,8.805e-19
231.28,2.056e+2,,3.159e-30,4.031e-32,,,9.383e-41,1.925e-22,2.085e-24,1.229e-49,6.908e-19,8.763e-11,1.139e-23,4.029e-5,6.822e-2,4.971e-14,,8.203e-29,,2.183e-22,5.363e-20,1.025e-14,5.627e-3,,1.916e-24,,4.990e-21,,1.683e-5,1.587e+2,4.683e+1,4.222e-9,1.598e-21,1.003e-24,,,,,,,,,,,,,,,,,,,,,,,,1.832e-19,,8.822e-19
231.3,2.058e+2,,3.183e-30,1.263e-32,,,7.621e-41,1.926e-22,6.766e-24,1.229e-49,6.938e-19,1.951e-10,4.288e-24,1.987e-5,6.258e-2,3.547e-14,,8.213e-29,,2.182e-22,5.375e-20,9.681e-15,3.351e-3,,1.922e-24,,4.991e-21,,2.867e-5,1.610e+2,4.481e+1,6.609e-9,1.598e-21,1.003e-24,,,,,,,,,,,,,,,,,,,,,,,,1.836e-19,,8.838e-19
231.33,2.017e+2,,3.218e-30,2.157e-33,,,5.431e-41,1.926e-22,3.853e-23,1.230e-49,6.984e-19,6.316e-10,9.640e-25,6.699e-6,5.353e-2,2.080e-14,,8.228e-29,,2.179e-22,5.393e-20,8.647e-15,1.499e-3,,1.932e-24,,4.994e-21,,6.210e-5,1.601e+2,4.152e+1,1.260e-8,1.600e-21,1.005e-24,,,,,,,,,,,,,,,,,,,,,,,,1.841e-19,,8.863e-19
231.35,1.960e+2,,3.242e-30,6.518e-34,,,4.256e-41,1.927e-22,1.207e-22,1.231e-49,7.015e-19,1.358e-9,3.500e-25,3.187e-6,4.738e-2,1.432e-14,,8.239e-29,,2.178e-22,5.405e-20,7.877e-15,8.615e-4,,1.939e-24,,4.995e-21,,1.021e-4,1.567e+2,3.923e+1,1.904e-8,1.600e-21,1.005e-24,,,,,,,,,,,,,,,,,,,,,,,,1.845e-19,,8.879e-19
231.38,1.836e+2,,3.277e-30,6.512e-34,,,2.874e-41,1.927e-22,6.521e-22,1.232e-49,7.061e-19,4.167e-9,7.453e-26,1.018e-6,3.842e-2,7.959e-15,,8.254e-29,,2.176e-22,5.424e-20,6.668e-15,3.652e-4,,1.948e-24,,4.997e-21,,2.097e-4,1.478e+2,3.575e+1,3.442e-8,1.601e-21,1.006e-24,,,,,,,,,,,,,,,,,,,,,,,,1.851e-19,,8.904e-19
231.4,1.732e+2,,3.301e-30,6.507e-34,,,2.173e-41,1.928e-22,1.972e-21,1.233e-49,7.091e-19,8.647e-9,2.610e-26,4.669e-7,3.282e-2,5.285e-15,,8.264e-29,,2.174e-22,5.436e-20,5.861e-15,2.024e-4,,1.955e-24,,4.999e-21,,3.328e-4,1.397e+2,3.346e+1,5.018e-8,1.602e-21,1.007e-24,,,,,,,,,,,,,,,,,,,,,,,,1.854e-19,,8.920e-19
231.43,1.552e+2,,3.337e-30,6.501e-34,,,1.391e-41,1.928e-22,1.011e-20,1.234e-49,7.137e-19,2.517e-8,5.264e-27,1.413e-7,2.522e-2,2.784e-15,,8.280e-29,,2.172e-22,5.454e-20,4.702e-15,8.130e-5,,1.965e-24,,5.001e-21,,6.479e-4,1.250e+2,3.017e+1,8.600e-8,1.603e-21,1.008e-24,,,,,,,,,,,,,,,,,,,,,,,,1.860e-19,,8.945e-19
231.45,1.423e+2,,3.360e-30,6.497e-34,,,1.014e-41,1.928e-22,2.951e-20,1.234e-49,7.168e-19,5.043e-8,1.778e-27,6.252e-8,2.079e-2,1.783e-15,,8.290e-29,,2.170e-22,5.466e-20,3.988e-15,4.347e-5,,6.455e-24,,5.003e-21,,9.923e-4,1.141e+2,2.812e+1,1.210e-7,1.604e-21,1.009e-24,,,,,,,,,,,,,,,,,,,,,,,,1.864e-19,,8.961e-19
231.48,1.225e+2,,3.396e-30,6.491e-34,,,6.152e-42,1.929e-22,1.434e-19,1.235e-49,7.213e-19,1.392e-7,3.397e-28,1.792e-8,1.514e-2,8.901e-16,,8.306e-29,,2.168e-22,5.484e-20,3.032e-15,1.654e-5,,4.048e-23,,5.005e-21,,1.832e-3,9.718e+1,2.531e+1,1.966e-7,1.605e-21,1.010e-24,,,,,,,,,,,,,,,,,,,,,,,,1.869e-19,,8.986e-19
231.5,1.097e+2,,3.420e-30,6.486e-34,,,4.330e-42,1.929e-22,4.042e-19,1.236e-49,7.244e-19,2.692e-7,1.107e-28,7.650e-9,1.204e-2,5.501e-16,,8.316e-29,,2.167e-22,5.496e-20,2.482e-15,8.531e-6,,1.287e-22,,5.006e-21,,2.707e-3,8.604e+1,2.365e+1,2.670e-7,1.606e-21,1.011e-24,,,,,,,,,,,,,,,,,,,,,,,,1.873e-19,,9.002e-19
231.53,9.197e+1,,3.455e-30,6.480e-34,,,2.488e-42,1.930e-22,1.863e-18,1.237e-49,7.290e-19,7.051e-7,2.002e-29,2.077e-9,8.312e-3,2.602e-16,,8.331e-29,,2.165e-22,5.514e-20,1.788e-15,3.076e-6,,7.104e-22,,5.009e-21,,4.738e-3,7.045e+1,2.150e+1,4.112e-7,1.607e-21,1.012e-24,,,,,,,,,,,,,,,,,,,,,,,,1.879e-19,,9.027e-19
231.55,8.157e+1,,3.479e-30,6.476e-34,,,1.690e-42,1.930e-22,5.070e-18,1.237e-49,7.320e-19,1.316e-6,6.290e-30,8.553e-10,6.378e-3,1.551e-16,,8.342e-29,,2.163e-22,5.526e-20,1.412e-15,1.530e-6,,2.180e-21,,5.010e-21,,6.759e-3,6.126e+1,2.029e+1,5.389e-7,1.608e-21,1.013e-24,,,,,,,,,,,,,,,,,,,,,,,,1.883e-19,,9.043e-19
231.58,6.875e+1,,3.514e-30,6.469e-34,,,9.202e-43,1.931e-22,2.217e-17,1.238e-49,7.366e-19,3.270e-6,1.078e-30,2.200e-10,4.173e-3,6.953e-17,,8.357e-29,,2.161e-22,5.545e-20,9.645e-16,5.227e-7,,1.142e-20,,5.012e-21,,1.121e-2,4.992e+1,1.882e+1,7.870e-7,1.609e-21,1.014e-24,,,,,,,,,,,,,,,,,,,,,,,,1.888e-19,,9.067e-19
231.6,6.234e+1,,3.538e-30,6.465e-34,,,6.028e-43,1.931e-22,5.823e-17,1.239e-49,7.397e-19,5.894e-6,3.267e-31,8.738e-11,3.089e-3,4.000e-17,,8.367e-29,,2.159e-22,5.557e-20,7.348e-16,2.509e-7,,3.385e-20,,5.014e-21,,1.544e-2,4.427e+1,1.805e+1,9.952e-7,1.610e-21,1.015e-24,,,,,,,,,,,,,,,,,,,,,,,,1.892e-19,,9.084e-19
231.63,5.630e+1,,3.574e-30,6.459e-34,,,3.111e-43,1.932e-22,2.415e-16,1.240e-49,7.443e-19,1.389e-5,2.126e-32,2.129e-11,1.916e-3,1.699e-17,,8.383e-29,,2.157e-22,5.575e-20,4.757e-16,8.120e-8,,1.682e-19,,5.016e-21,,2.429e-2,3.910e+1,1.718e+1,1.378e-6,1.611e-21,1.016e-24,,,,,,,,,,,,,,,,,,,,,,,,1.897e-19,,9.108e-19
231.65,5.482e+1,,3.597e-30,6.455e-34,,,1.966e-43,1.932e-22,6.123e-16,1.241e-49,7.473e-19,2.417e-5,2.128e-32,8.157e-12,1.368e-3,9.427e-18,,8.393e-29,,2.156e-22,5.587e-20,3.496e-16,3.759e-8,,4.814e-19,,5.017e-21,,3.227e-2,3.802e+1,1.677e+1,1.682e-6,1.612e-21,1.017e-24,,,,,,,,,,,,,,,,,,,,,,,,1.901e-19,,9.125e-19
231.67,5.548e+1,,3.621e-30,6.450e-34,,,1.225e-43,1.933e-22,1.531e-15,1.241e-49,7.504e-19,4.148e-5,2.130e-32,3.081e-12,9.634e-4,5.157e-18,,8.403e-29,,2.154e-22,5.599e-20,2.534e-16,1.716e-8,,1.358e-18,,5.019e-21,,4.228e-2,3.895e+1,1.648e+1,2.023e-6,1.612e-21,1.017e-24,,,,,,,,,,,,,,,,,,,,,,,,1.905e-19,,9.141e-19
231.7,6.063e+1,,3.657e-30,6.444e-34,,,5.863e-44,1.933e-22,5.896e-15,1.242e-49,7.550e-19,9.083e-5,2.134e-32,6.959e-13,5.541e-4,2.031e-18,,8.419e-29,,2.152e-22,5.617e-20,1.521e-16,5.148e-9,,6.272e-18,,5.021e-21,,6.172e-2,4.430e+1,1.627e+1,2.600e-6,1.614e-21,1.019e-24,,,,,,,,,,,,,,,,,,,,,,,,1.911e-19,,9.166e-19
231.72,6.690e+1,,3.680e-30,6.440e-34,,,3.524e-44,1.933e-22,1.423e-14,1.243e-49,7.580e-19,1.505e-4,2.137e-32,2.535e-13,3.765e-4,1.072e-18,,8.429e-29,,2.151e-22,5.629e-20,1.064e-16,2.267e-9,,1.709e-17,,5.023e-21,,7.803e-2,5.055e+1,1.627e+1,3.019e-6,1.614e-21,1.019e-24,,,,,,,,,,,,,,,,,,,,,,,,1.914e-19,,9.182e-19
231.75,8.059e+1,,3.716e-30,6.434e-34,,,1.599e-44,1.934e-22,5.198e-14,1.244e-49,7.626e-19,3.128e-4,2.140e-32,5.424e-14,2.052e-4,4.000e-19,,8.444e-29,,2.148e-22,5.648e-20,6.054e-17,6.444e-10,,7.487e-17,,5.025e-21,,1.080e-1,6.397e+1,1.651e+1,3.677e-6,1.616e-21,1.020e-24,,,,,,,,,,,,,,,,,,,,,,,,1.920e-19,,9.207e-19
231.77,9.252e+1,,3.740e-30,6.429e-34,,,9.270e-45,1.934e-22,1.211e-13,1.245e-49,7.656e-19,5.005e-4,2.143e-32,1.906e-14,1.345e-4,2.037e-19,,8.455e-29,,2.147e-22,5.660e-20,4.084e-17,2.737e-10,,1.970e-16,,5.026e-21,,1.318e-1,7.555e+1,1.684e+1,4.121e-6,1.616e-21,1.021e-24,,,,,,,,,,,,,,,,,,,,,,,,1.924e-19,,9.223e-19
231.8,1.144e+2,,3.775e-30,6.423e-34,,,3.985e-45,1.935e-22,4.197e-13,1.246e-49,7.702e-19,9.871e-4,2.146e-32,3.864e-15,6.949e-5,7.203e-20,,8.470e-29,,2.145e-22,5.678e-20,2.203e-17,7.372e-11,,8.188e-16,,5.029e-21,,1.729e-1,9.654e+1,1.765e+1,4.759e-6,1.617e-21,1.022e-24,,,,,,,,,,,,,,,,,,,,,,,,1.929e-19,,9.248e-19
231.82,1.313e+2,,3.799e-30,6.419e-34,,,2.229e-45,1.935e-22,9.441e-13,1.246e-49,7.733e-19,1.526e-3,2.149e-32,1.310e-15,4.395e-5,3.538e-20,,8.480e-29,,2.143e-22,5.690e-20,1.434e-17,3.020e-11,,2.080e-15,,5.030e-21,,2.036e-1,1.126e+2,1.843e+1,5.146e-6,1.618e-21,1.023e-24,,,,,,,,,,,,,,,,,,,,,,,,1.933e-19,,9.264e-19
231.85,1.594e+2,,3.834e-30,6.413e-34,,,9.082e-46,1.936e-22,3.102e-12,1.247e-49,7.779e-19,2.857e-3,2.152e-32,2.515e-16,2.152e-5,1.188e-20,,8.496e-29,,2.141e-22,5.708e-20,7.331e-18,7.708e-12,,8.205e-15,,5.032e-21,,2.534e-1,1.391e+2,2.004e+1,5.635e-6,1.619e-21,1.024e-24,,,,,,,,,,,,,,,,,,,,,,,,1.939e-19,,9.289e-19
231.87,1.794e+2,,3.858e-30,6.408e-34,,,4.902e-46,1.936e-22,6.737e-12,1.248e-49,7.809e-19,4.266e-3,2.155e-32,8.222e-17,1.313e-5,5.668e-21,,8.506e-29,,2.140e-22,5.720e-20,4.606e-18,3.046e-12,,2.013e-14,,5.034e-21,,2.879e-1,1.577e+2,2.144e+1,5.881e-6,1.620e-21,1.025e-24,,,,,,,,,,,,,,,,,,,,,,,,1.942e-19,,9.305e-19
231.9,2.100e+2,,3.894e-30,6.402e-34,,,1.892e-46,1.937e-22,2.100e-11,1.249e-49,7.855e-19,7.586e-3,2.159e-32,1.496e-17,6.093e-6,1.946e-21,,8.521e-29,,2.137e-22,5.738e-20,2.234e-18,7.366e-13,,7.533e-14,,5.036e-21,,3.397e-1,1.856e+2,2.407e+1,6.104e-6,1.621e-21,1.026e-24,,,,,,,,,,,,,,,,,,,,,,,,1.948e-19,,9.330e-19
231.92,2.300e+2,,3.917e-30,6.398e-34,,,9.855e-47,1.937e-22,4.402e-11,1.249e-49,7.886e-19,1.095e-2,2.161e-32,4.717e-18,3.587e-6,1.163e-21,,8.532e-29,,2.136e-22,5.750e-20,1.356e-18,2.808e-13,,1.784e-13,,5.038e-21,,3.725e-1,2.034e+2,2.619e+1,6.148e-6,1.622e-21,1.027e-24,,,,,,,,,,,,,,,,,,,,,,,,1.952e-19,,9.346e-19
231.95,2.577e+2,,3.953e-30,6.391e-34,,,3.605e-47,1.938e-22,1.301e-10,1.250e-49,7.931e-19,1.849e-2,2.165e-32,8.130e-19,1.577e-6,1.306e-21,,8.547e-29,,2.134e-22,5.769e-20,6.270e-19,6.434e-14,,6.337e-13,,5.040e-21,,4.167e-1,2.274e+2,2.987e+1,6.050e-6,1.623e-21,1.028e-24,,,,,,,,,,,,,,,,,,,,,,,,1.957e-19,,9.371e-19
231.97,2.737e+2,,3.977e-30,6.387e-34,,,1.811e-47,1.938e-22,2.634e-10,1.251e-49,7.962e-19,2.579e-2,2.167e-32,2.473e-19,8.960e-7,2.300e-21,,8.557e-29,,2.132e-22,5.781e-20,3.702e-19,2.366e-14,,1.450e-12,,5.041e-21,,4.410e-1,2.406e+2,3.263e+1,5.881e-6,1.624e-21,1.029e-24,,,,,,,,,,,,,,,,,,,,,,,,1.961e-19,,9.387e-19
232,2.928e+2,,4.012e-30,6.381e-34,,,6.279e-48,1.939e-22,7.385e-10,1.252e-49,8.008e-19,4.142e-2,2.171e-32,2.467e-19,3.734e-7,6.374e-21,,8.573e-29,,2.130e-22,5.799e-20,1.668e-19,5.136e-15,,4.885e-12,,5.043e-21,,4.677e-1,2.551e+2,3.711e+1,5.487e-6,1.625e-21,1.030e-24,,,,,,,,,,,,,,,,,,,,,,,,1.967e-19,,9.412e-19
232.02,3.014e+2,,4.036e-30,6.377e-34,,,3.044e-48,1.939e-22,1.443e-9,1.253e-49,8.038e-19,5.585e-2,2.173e-32,2.463e-19,2.047e-7,1.267e-20,,8.583e-29,,2.129e-22,5.811e-20,9.893e-20,1.822e-15,,1.079e-11,,5.045e-21,,4.777e-1,2.606e+2,4.024e+1,5.147e-6,1.626e-21,1.031e-24,,,,,,,,,,,,,,,,,,,,,,,,1.970e-19,,9.428e-19
232.04,3.064e+2,,4.059e-30,6.372e-34,,,1.454e-48,1.939e-22,2.779e-9,1.253e-49,8.069e-19,7.432e-2,2.176e-32,2.460e-19,1.106e-7,2.490e-20,,8.593e-29,,2.127e-22,5.823e-20,6.033e-20,6.371e-16,,2.350e-11,,5.046e-21,,4.812e-1,2.625e+2,4.341e+1,4.760e-6,1.627e-21,1.031e-24,,,,,,,,,,,,,,,,,,,,,,,,1.974e-19,,9.444e-19
232.07,3.070e+2,,4.095e-30,6.366e-34,,,4.676e-49,1.940e-22,7.237e-9,1.254e-49,8.115e-19,1.113e-1,2.179e-32,2.454e-19,4.275e-8,6.689e-20,,8.609e-29,,2.125e-22,5.841e-20,3.208e-20,1.282e-16,,7.359e-11,,5.049e-21,,4.735e-1,2.583e+2,4.812e+1,4.122e-6,1.628e-21,1.033e-24,,,,,,,,,,,,,,,,,,,,,,,,1.980e-19,,9.469e-19
232.09,3.029e+2,,4.119e-30,6.362e-34,,,2.156e-49,1.940e-22,1.346e-8,1.255e-49,8.145e-19,1.433e-1,2.182e-32,2.450e-19,2.228e-8,1.270e-19,,8.619e-29,,2.123e-22,5.853e-20,2.359e-20,4.325e-17,,1.548e-10,,5.050e-21,,4.603e-1,2.511e+2,5.119e+1,3.679e-6,1.628e-21,1.033e-24,,,,,,,,,,,,,,,,,,,,,,,,1.983e-19,,9.485e-19
232.12,2.906e+2,,4.154e-30,6.356e-34,,,6.569e-50,1.941e-22,3.324e-8,1.256e-49,8.191e-19,2.043e-1,2.185e-32,2.444e-19,8.164e-9,3.237e-19,,8.635e-29,,2.121e-22,5.872e-20,1.794e-20,8.249e-18,,4.599e-10,,5.052e-21,,4.294e-1,2.343e+2,5.571e+1,3.021e-6,1.630e-21,1.034e-24,,,,,,,,,,,,,,,,,,,,,,,,1.989e-19,,9.510e-19
232.14,2.792e+2,,4.178e-30,6.351e-34,,,2.922e-50,1.941e-22,5.967e-8,1.257e-49,8.222e-19,2.546e-1,2.188e-32,2.441e-19,4.106e-9,5.935e-19,,8.645e-29,,2.120e-22,5.884e-20,1.647e-20,2.684e-18,,9.342e-10,,5.054e-21,,4.028e-1,2.197e+2,5.880e+1,2.604e-6,1.630e-21,1.035e-24,,,,,,,,,,,,,,,,,,,,,,,,1.993e-19,,9.526e-19
232.17,2.591e+2,,4.214e-30,6.345e-34,,,8.436e-51,1.942e-22,1.398e-7,1.258e-49,8.268e-19,3.459e-1,2.191e-32,2.435e-19,1.426e-9,1.435e-18,,8.660e-29,,2.118e-22,5.902e-20,1.565e-20,4.849e-19,,2.634e-9,,5.056e-21,,3.564e-1,1.944e+2,6.400e+1,2.030e-6,1.631e-21,1.036e-24,,,,,,,,,,,,,,,,,,,,,,,,1.998e-19,,9.551e-19
232.19,2.451e+2,,4.237e-30,6.341e-34,,,3.620e-51,1.942e-22,2.423e-7,1.258e-49,8.298e-19,4.177e-1,2.194e-32,2.431e-19,6.919e-10,2.539e-18,,8.671e-29,,2.116e-22,5.914e-20,1.546e-20,1.522e-19,,5.167e-9,,5.058e-21,,3.226e-1,1.760e+2,6.833e+1,1.691e-6,1.632e-21,1.037e-24,,,,,,,,,,,,,,,,,,,,,,,,2.002e-19,,9.567e-19
232.22,2.258e+2,,4.273e-30,6.334e-34,,,9.905e-52,1.943e-22,5.383e-7,1.259e-49,8.344e-19,5.416e-1,2.198e-32,2.426e-19,2.277e-10,5.823e-18,,8.686e-29,,2.114e-22,5.932e-20,1.525e-20,2.606e-20,,1.383e-8,,5.060e-21,,2.706e-1,1.476e+2,7.736e+1,1.256e-6,1.633e-21,1.038e-24,,,,,,,,,,,,,,,,,,,,,,,,2.008e-19,,9.592e-19
232.24,2.159e+2,,4.296e-30,6.330e-34,,,4.101e-52,1.943e-22,9.006e-7,1.260e-49,8.374e-19,6.341e-1,2.200e-32,2.422e-19,1.066e-10,9.948e-18,,8.696e-29,,2.112e-22,5.944e-20,1.504e-20,7.890e-21,,2.619e-8,,5.061e-21,,2.364e-1,1.290e+2,8.608e+1,1.017e-6,1.634e-21,1.039e-24,,,,,,,,,,,,,,,,,,,,,,,,2.012e-19,,9.608e-19
232.27,2.091e+2,,4.332e-30,6.324e-34,,,1.063e-52,1.944e-22,1.898e-6,1.261e-49,8.420e-19,7.854e-1,2.204e-32,2.416e-19,3.325e-11,2.164e-17,,8.712e-29,,2.110e-22,5.962e-20,1.456e-20,7.841e-21,,6.651e-8,,5.064e-21,,1.880e-1,1.025e+2,1.056e+2,7.302e-7,1.635e-21,1.040e-24,,,,,,,,,,,,,,,,,,,,,,,,2.017e-19,,9.633e-19
232.29,2.120e+2,,4.356e-30,6.320e-34,,,4.247e-53,1.944e-22,3.066e-6,1.261e-49,8.451e-19,8.924e-1,2.206e-32,2.412e-19,1.502e-11,3.569e-17,,8.722e-29,,2.109e-22,5.974e-20,1.411e-20,7.809e-21,,1.217e-7,,5.065e-21,,1.585e-1,8.647e+1,1.245e+2,5.845e-7,1.636e-21,1.041e-24,,,,,,,,,,,,,,,,,,,,,,,,2.021e-19,,9.649e-19
232.32,2.317e+2,,4.391e-30,6.313e-34,,,1.044e-53,1.945e-22,6.128e-6,1.262e-49,8.497e-19,1.057e+0,2.210e-32,2.407e-19,4.439e-12,7.362e-17,,8.737e-29,,2.107e-22,5.993e-20,1.325e-20,7.760e-21,,2.932e-7,,5.067e-21,,1.195e-1,6.519e+1,1.654e+2,4.263e-7,1.637e-21,1.042e-24,,,,,,,,,,,,,,,,,,,,,,,,2.027e-19,,9.674e-19
232.34,2.576e+2,,4.415e-30,6.309e-34,,,4.021e-54,1.945e-22,9.555e-6,1.263e-49,8.527e-19,1.167e+0,2.212e-32,2.403e-19,1.935e-12,1.172e-16,,8.748e-29,,2.105e-22,6.005e-20,1.256e-20,7.727e-21,,5.180e-7,,5.069e-21,,9.726e-2,5.305e+1,2.033e+2,3.563e-7,1.638e-21,1.043e-24,,,,,,,,,,,,,,,,,,,,,,,,2.030e-19,,9.690e-19
232.37,3.197e+2,,4.451e-30,6.303e-34,,,9.365e-55,1.946e-22,1.812e-5,1.264e-49,8.573e-19,1.325e+0,2.216e-32,2.397e-19,5.419e-13,2.294e-16,,8.763e-29,,2.103e-22,6.023e-20,1.141e-20,7.678e-21,,1.185e-6,,5.071e-21,,6.952e-2,3.792e+1,2.804e+2,2.964e-7,1.639e-21,1.044e-24,,,,,,,,,,,,,,,,,,,,,,,,2.036e-19,,9.715e-19
232.39,3.791e+2,,4.474e-30,6.299e-34,,,3.482e-55,1.946e-22,2.727e-5,1.265e-49,8.604e-19,1.423e+0,2.218e-32,2.394e-19,2.279e-13,3.526e-16,,8.773e-29,,2.101e-22,6.035e-20,1.057e-20,7.646e-21,,2.021e-6,,5.072e-21,,5.460e-2,2.978e+1,3.478e+2,2.822e-7,1.640e-21,1.045e-24,,,,,,,,,,,,,,,,,,,,,,,,2.040e-19,,9.731e-19
232.41,4.545e+2,,4.498e-30,6.294e-34,,,1.276e-55,1.946e-22,4.047e-5,1.265e-49,8.634e-19,1.511e+0,2.221e-32,2.390e-19,9.447e-14,5.344e-16,,8.784e-29,,2.100e-22,6.047e-20,9.692e-21,7.613e-21,,3.400e-6,,5.074e-21,,4.228e-2,2.306e+1,4.299e+2,2.856e-7,1.641e-21,1.045e-24,,,,,,,,,,,,,,,,,,,,,,,,2.043e-19,,9.747e-19
232.44,6.003e+2,,4.533e-30,6.288e-34,,,2.756e-56,1.947e-22,7.126e-5,1.266e-49,8.680e-19,1.620e+0,2.224e-32,2.384e-19,2.455e-14,9.710e-16,,8.799e-29,,2.098e-22,6.065e-20,8.353e-21,7.564e-21,,7.229e-6,,5.076e-21,,2.805e-2,1.530e+1,5.834e+2,3.190e-7,1.642e-21,1.046e-24,,,,,,,,,,,,,,,,,,,,,,,,2.049e-19,,9.772e-19
232.46,7.201e+2,,4.557e-30,6.284e-34,,,9.744e-57,1.947e-22,1.021e-4,1.267e-49,8.711e-19,1.674e+0,2.227e-32,2.380e-19,9.818e-15,1.421e-15,,8.809e-29,,2.096e-22,6.077e-20,7.464e-21,7.531e-21,,1.175e-5,,5.078e-21,,2.096e-2,1.143e+1,7.069e+2,3.576e-7,1.642e-21,1.047e-24,,,,,,,,,,,,,,,,,,,,,,,,2.053e-19,,9.788e-19
232.49,9.330e+2,,4.593e-30,6.278e-34,,,1.994e-57,1.948e-22,1.705e-4,1.268e-49,8.756e-19,1.726e+0,2.230e-32,2.375e-19,2.418e-15,2.449e-15,,8.825e-29,,2.094e-22,6.096e-20,6.176e-21,7.482e-21,,2.370e-5,,5.080e-21,,1.319e-2,7.190e+0,9.241e+2,4.364e-7,1.644e-21,1.048e-24,,,,,,,,,,,,,,,,,,,,,,,,2.058e-19,,9.813e-19
232.51,1.095e+3,,4.616e-30,6.273e-34,,,6.803e-58,1.948e-22,2.358e-4,1.269e-49,8.787e-19,1.739e+0,2.233e-32,2.371e-19,9.330e-16,3.459e-15,,8.835e-29,,2.093e-22,6.108e-20,5.367e-21,7.450e-21,,3.719e-5,,5.081e-21,,9.514e-3,5.185e+0,1.089e+3,5.013e-7,1.644e-21,1.049e-24,,,,,,,,,,,,,,,,,,,,,,,,2.062e-19,,9.829e-19
232.54,1.364e+3,,4.652e-30,6.267e-34,,,1.319e-58,1.949e-22,3.735e-4,1.269e-49,8.833e-19,1.724e+0,2.237e-32,2.365e-19,2.177e-16,5.655e-15,,8.850e-29,,2.090e-22,6.126e-20,4.252e-21,7.401e-21,,7.122e-5,,5.084e-21,,5.685e-3,3.092e+0,1.360e+3,6.153e-7,1.646e-21,1.050e-24,,,,,,,,,,,,,,,,,,,,,,,,2.068e-19,,9.854e-19
232.56,1.556e+3,,4.676e-30,6.263e-34,,,4.342e-59,1.949e-22,4.987e-4,1.270e-49,8.863e-19,1.693e+0,2.239e-32,2.361e-19,8.107e-17,7.711e-15,,8.861e-29,,2.089e-22,6.138e-20,3.586e-21,7.368e-21,,1.079e-4,,5.085e-21,,3.971e-3,2.152e+0,1.552e+3,7.015e-7,1.646e-21,1.051e-24,,,,,,,,,,,,,,,,,,,,,,,,2.071e-19,,9.870e-19
232.59,1.850e+3,,4.711e-30,6.256e-34,,,7.981e-60,1.950e-22,7.493e-4,1.271e-49,8.909e-19,1.616e+0,2.243e-32,2.356e-19,1.793e-17,1.196e-14,,8.876e-29,,2.087e-22,6.156e-20,2.714e-21,7.319e-21,,1.962e-4,,5.087e-21,,2.281e-3,1.217e+0,1.847e+3,8.459e-7,1.647e-21,1.052e-24,,,,,,,,,,,,,,,,,,,,,,,,2.077e-19,,9.895e-19
232.61,2.043e+3,,4.735e-30,6.252e-34,,,2.534e-60,1.950e-22,9.658e-4,1.272e-49,8.940e-19,1.547e+0,2.245e-32,2.352e-19,6.441e-18,1.574e-14,,8.886e-29,,2.085e-22,6.168e-20,2.218e-21,7.287e-21,,2.872e-4,,5.089e-21,,1.576e-3,8.173e-1,2.041e+3,9.523e-7,1.648e-21,1.053e-24,,,,,,,,,,,,,,,,,,,,,,,,2.081e-19,,9.911e-19
232.64,2.316e+3,,4.770e-30,6.246e-34,,,4.414e-61,1.951e-22,1.376e-3,1.273e-49,8.986e-19,1.421e+0,2.249e-32,2.346e-19,1.350e-18,2.315e-14,,8.902e-29,,2.083e-22,6.186e-20,1.600e-21,7.238e-21,,4.955e-4,,5.091e-21,,9.487e-4,4.381e-1,2.314e+3,1.128e-6,1.649e-21,1.054e-24,,,,,,,,,,,,,,,,,,,,,,,,2.086e-19,,9.936e-19
232.66,2.479e+3,,4.794e-30,6.242e-34,,,1.352e-61,1.951e-22,1.713e-3,1.273e-49,9.016e-19,1.325e+0,2.251e-32,2.343e-19,4.680e-19,2.942e-14,,8.912e-29,,2.082e-22,6.198e-20,1.267e-21,7.205e-21,,7.005e-4,,5.093e-21,,7.376e-4,2.840e-1,2.478e+3,1.257e-6,1.650e-21,1.055e-24,,,,,,,,,,,,,,,,,,,,,,,,2.090e-19,,9.952e-19
232.69,2.686e+3,,4.830e-30,6.235e-34,,,1.343e-61,1.951e-22,2.315e-3,1.274e-49,9.062e-19,1.171e+0,2.255e-32,2.337e-19,9.297e-20,4.105e-14,,8.928e-29,,2.079e-22,6.217e-20,8.698e-22,7.156e-21,,1.147e-3,,5.095e-21,,6.493e-4,1.443e-1,2.684e+3,1.470e-6,1.651e-21,1.056e-24,,,,,,,,,,,,,,,,,,,,,,,,2.096e-19,,9.977e-19
232.71,2.794e+3,,4.853e-30,6.231e-34,,,1.337e-61,1.952e-22,2.781e-3,1.275e-49,9.092e-19,1.064e+0,2.257e-32,2.333e-19,3.109e-20,5.035e-14,,8.938e-29,,2.078e-22,6.229e-20,6.658e-22,7.123e-21,,1.567e-3,,5.096e-21,,7.197e-4,9.029e-2,2.792e+3,1.625e-6,1.652e-21,1.057e-24,,,,,,,,,,,,,,,,,,,,,,,,2.099e-19,,9.993e-19
232.74,2.910e+3,,4.889e-30,6.225e-34,,,1.328e-61,1.952e-22,3.565e-3,1.276e-49,9.138e-19,9.034e-1,2.261e-32,2.327e-19,5.853e-21,6.663e-14,,8.953e-29,,2.076e-22,6.247e-20,4.348e-22,7.074e-21,,2.436e-3,,5.098e-21,,1.014e-3,4.351e-2,2.909e+3,1.879e-6,1.653e-21,1.058e-24,,,,,,,,,,,,,,,,,,,,,,,,2.105e-19,,1.002e-18
232.76,2.959e+3,,4.913e-30,6.221e-34,,,1.322e-61,1.953e-22,4.134e-3,1.277e-49,9.169e-19,7.991e-1,2.263e-32,2.324e-19,1.889e-21,7.891e-14,,8.964e-29,,2.074e-22,6.259e-20,3.219e-22,7.042e-21,,3.214e-3,,5.100e-21,,1.348e-3,2.627e-2,2.958e+3,2.061e-6,1.654e-21,1.059e-24,,,,,,,,,,,,,,,,,,,,,,,,2.109e-19,,1.003e-18
232.79,3.001e+3,,4.948e-30,6.214e-34,,,1.313e-61,1.953e-22,5.027e-3,1.278e-49,9.215e-19,6.510e-1,2.267e-32,2.318e-19,3.370e-22,9.905e-14,,8.979e-29,,2.072e-22,6.277e-20,2.000e-22,6.993e-21,,4.745e-3,,5.102e-21,,2.105e-3,1.200e-2,3.000e+3,2.349e-6,1.655e-21,1.060e-24,,,,,,,,,,,,,,,,,,,,,,,,2.114e-19,,1.006e-18
232.81,3.018e+3,,4.972e-30,6.210e-34,,,1.306e-61,1.954e-22,5.628e-3,1.278e-49,9.245e-19,5.600e-1,2.269e-32,2.314e-19,1.049e-22,1.132e-13,,8.989e-29,,2.071e-22,6.289e-20,1.434e-22,6.960e-21,,6.048e-3,,5.104e-21,,2.817e-3,6.993e-3,3.017e+3,2.546e-6,1.656e-21,1.060e-24,,,,,,,,,,,,,,,,,,,,,,,,2.118e-19,,1.008e-18
232.83,3.035e+3,,4.996e-30,6.206e-34,,,1.300e-61,1.954e-22,6.211e-3,1.279e-49,9.276e-19,4.763e-1,2.272e-32,2.310e-19,3.220e-23,1.277e-13,,9.000e-29,,2.069e-22,6.301e-20,1.018e-22,6.928e-21,,7.603e-3,,5.105e-21,,3.732e-3,4.017e-3,3.034e+3,2.744e-6,1.657e-21,1.061e-24,,,,,,,,,,,,,,,,,,,,,,,,2.122e-19,,1.009e-18
232.86,3.083e+3,,5.031e-30,6.199e-34,,,1.291e-61,1.955e-22,7.015e-3,1.280e-49,9.322e-19,3.655e-1,2.276e-32,2.305e-19,3.216e-23,1.488e-13,,9.015e-29,,2.067e-22,6.319e-20,6.038e-23,6.879e-21,,1.045e-2,,5.107e-21,,5.562e-3,1.703e-3,3.083e+3,3.028e-6,1.658e-21,1.062e-24,,,,,,,,,,,,,,,,,,,,,,,,2.127e-19,,1.012e-18
232.88,3.146e+3,,5.055e-30,6.195e-34,,,1.285e-61,1.955e-22,7.474e-3,1.280e-49,9.352e-19,3.019e-1,2.278e-32,2.301e-19,3.213e-23,1.619e-13,,9.025e-29,,2.065e-22,6.332e-20,4.320e-23,6.846e-21,,1.269e-2,,5.109e-21,,7.142e-3,9.444e-4,3.145e+3,3.200e-6,1.658e-21,1.063e-24,,,,,,,,,,,,,,,,,,,,,,,,2.131e-19,,1.013e-18
232.91,3.310e+3,,5.090e-30,6.189e-34,,,1.276e-61,1.956e-22,8.006e-3,1.281e-49,9.398e-19,2.216e-1,2.282e-32,2.295e-19,3.209e-23,1.790e-13,,9.041e-29,,2.063e-22,6.350e-20,2.866e-23,6.797e-21,,1.657e-2,,5.111e-21,,1.014e-2,3.796e-4,3.310e+3,3.417e-6,1.660e-21,1.064e-24,,,,,,,,,,,,,,,,,,,,,,,,2.137e-19,,1.016e-18
232.93,3.479e+3,,5.114e-30,6.185e-34,,,1.270e-61,1.956e-22,8.235e-3,1.282e-49,9.429e-19,1.777e-1,2.284e-32,2.292e-19,3.207e-23,1.881e-13,,9.051e-29,,2.062e-22,6.362e-20,2.485e-23,6.764e-21,,1.946e-2,,5.113e-21,,1.260e-2,2.031e-4,3.479e+3,3.525e-6,1.660e-21,1.065e-24,,,,,,,,,,,,,,,,,,,,,,,,2.141e-19,,1.017e-18
232.96,3.839e+3,,5.150e-30,6.178e-34,,,1.261e-61,1.956e-22,8.366e-3,1.283e-49,9.474e-19,1.246e-1,2.288e-32,2.286e-19,3.203e-23,1.973e-13,,9.066e-29,,2.060e-22,6.380e-20,2.665e-23,6.715e-21,,2.416e-2,,5.115e-21,,1.702e-2,7.742e-5,3.839e+3,3.618e-6,1.661e-21,1.066e-24,,,,,,,,,,,,,,,,,,,,,,,,2.146e-19,,1.020e-18
232.98,4.155e+3,,5.173e-30,6.174e-34,,,1.254e-61,1.957e-22,8.308e-3,1.284e-49,9.505e-19,9.687e-2,2.290e-32,2.282e-19,3.200e-23,2.001e-13,,9.077e-29,,2.058e-22,6.392e-20,3.283e-23,6.683e-21,,2.745e-2,,5.116e-21,,2.047e-2,3.998e-5,4.155e+3,3.629e-6,1.662e-21,1.067e-24,,,,,,,,,,,,,,,,,,,,,,,,2.150e-19,,1.021e-18
233.01,4.744e+3,,5.209e-30,6.168e-34,,,1.245e-61,1.957e-22,8.006e-3,1.285e-49,9.551e-19,6.485e-2,2.294e-32,2.277e-19,3.196e-23,1.990e-13,,9.092e-29,,2.056e-22,6.410e-20,5.070e-23,6.634e-21,,3.244e-2,,5.119e-21,,2.633e-2,1.445e-5,4.743e+3,3.563e-6,1.663e-21,1.068e-24,,,,,,,,,,,,,,,,,,,,,,,,2.156e-19,,1.024e-18
233.03,5.206e+3,,5.233e-30,6.164e-34,,,1.239e-61,1.958e-22,7.674e-3,1.285e-49,9.581e-19,4.885e-2,2.296e-32,2.273e-19,3.194e-23,1.948e-13,,9.102e-29,,2.054e-22,6.422e-20,6.966e-23,6.601e-21,,3.569e-2,,5.120e-21,,3.064e-2,7.199e-6,5.206e+3,3.466e-6,1.664e-21,1.069e-24,,,,,,,,,,,,,,,,,,,,,,,,2.159e-19,,1.026e-18
233.06,5.983e+3,,5.268e-30,6.157e-34,,,1.230e-61,1.958e-22,7.015e-3,1.286e-49,9.627e-19,3.118e-2,2.300e-32,2.267e-19,3.190e-23,1.838e-13,,9.118e-29,,2.052e-22,6.441e-20,1.120e-22,6.552e-21,,4.024e-2,,5.122e-21,,3.754e-2,2.466e-6,5.983e+3,3.245e-6,1.665e-21,1.070e-24,,,,,,,,,,,,,,,,,,,,,,,,2.165e-19,,1.028e-18
233.08,6.539e+3,,5.292e-30,6.153e-34,,,1.224e-61,1.959e-22,6.491e-3,1.287e-49,9.658e-19,2.274e-2,2.302e-32,2.263e-19,3.187e-23,1.738e-13,,9.128e-29,,2.051e-22,6.453e-20,1.520e-22,6.520e-21,,4.293e-2,,5.124e-21,,4.229e-2,1.186e-6,6.539e+3,3.054e-6,1.666e-21,1.071e-24,,,,,,,,,,,,,,,,,,,,,,,,2.169e-19,,1.030e-18
233.11,7.390e+3,,5.327e-30,6.147e-34,,,1.215e-61,1.959e-22,5.628e-3,1.288e-49,9.704e-19,1.383e-2,2.306e-32,2.258e-19,3.184e-23,1.555e-13,,9.143e-29,,2.049e-22,6.471e-20,2.349e-22,6.471e-21,,4.628e-2,,5.126e-21,,4.937e-2,3.853e-7,7.390e+3,2.721e-6,1.667e-21,1.072e-24,,,,,,,,,,,,,,,,,,,,,,,,2.174e-19,,1.032e-18
233.13,7.942e+3,,5.351e-30,6.143e-34,,,1.209e-61,1.960e-22,5.027e-3,1.289e-49,9.734e-19,9.765e-3,2.308e-32,2.254e-19,3.181e-23,1.419e-13,,9.154e-29,,2.047e-22,6.483e-20,3.088e-22,6.438e-21,,4.798e-2,,5.127e-21,,5.386e-2,1.789e-7,7.942e+3,2.477e-6,1.668e-21,1.073e-24,,,,,,,,,,,,,,,,,,,,,,,,2.178e-19,,1.034e-18
233.16,8.699e+3,,5.387e-30,6.136e-34,,,1.199e-61,1.960e-22,4.134e-3,1.290e-49,9.780e-19,5.653e-3,2.312e-32,2.248e-19,3.177e-23,1.204e-13,,9.169e-29,,2.045e-22,6.501e-20,4.536e-22,6.389e-21,,4.966e-2,,5.130e-21,,5.993e-2,5.508e-8,8.699e+3,2.097e-6,1.669e-21,1.074e-24,,,,,,,,,,,,,,,,,,,,,,,,2.184e-19,,1.036e-18
233.18,9.128e+3,,5.410e-30,6.132e-34,,,1.193e-61,1.961e-22,3.565e-3,1.290e-49,9.810e-19,3.862e-3,2.315e-32,2.244e-19,3.175e-23,1.061e-13,,9.179e-29,,2.043e-22,6.513e-20,5.760e-22,6.356e-21,,5.019e-2,,5.131e-21,,6.334e-2,2.468e-8,9.128e+3,1.846e-6,1.670e-21,1.074e-24,,,,,,,,,,,,,,,,,,,,,,,,2.187e-19,,1.038e-18
233.2,9.476e+3,,5.434e-30,6.128e-34,,,1.187e-61,1.961e-22,3.031e-3,1.291e-49,9.841e-19,2.604e-3,2.317e-32,2.241e-19,3.172e-23,9.215e-14,,9.190e-29,,2.042e-22,6.525e-20,7.215e-22,6.324e-21,,5.026e-2,,5.133e-21,,6.609e-2,1.090e-8,9.476e+3,1.602e-6,1.671e-21,1.075e-24,,,,,,,,,,,,,,,,,,,,,,,,2.191e-19,,1.039e-18
233.23,9.813e+3,,5.470e-30,6.121e-34,,,1.178e-61,1.961e-22,2.315e-3,1.292e-49,9.887e-19,1.406e-3,2.321e-32,2.235e-19,3.168e-23,7.264e-14,,9.205e-29,,2.040e-22,6.543e-20,9.854e-22,6.275e-21,,4.960e-2,,5.135e-21,,6.879e-2,3.115e-9,9.813e+3,1.264e-6,1.672e-21,1.076e-24,,,,,,,,,,,,,,,,,,,,,,,,2.197e-19,,1.042e-18
233.25,9.901e+3,,5.493e-30,6.117e-34,,,1.172e-61,1.962e-22,1.900e-3,1.292e-49,9.917e-19,9.163e-4,2.323e-32,2.231e-19,3.166e-23,6.091e-14,,9.215e-29,,2.038e-22,6.556e-20,1.192e-21,6.242e-21,,4.870e-2,,5.136e-21,,6.955e-2,1.328e-9,9.901e+3,1.063e-6,1.673e-21,1.077e-24,,,,,,,,,,,,,,,,,,,,,,,,2.200e-19,,1.044e-18
233.28,9.815e+3,,5.529e-30,6.111e-34,,,1.163e-61,1.962e-22,1.376e-3,1.293e-49,9.963e-19,4.703e-4,2.327e-32,2.226e-19,3.162e-23,4.554e-14,,9.231e-29,,2.036e-22,6.574e-20,1.547e-21,6.193e-21,,4.682e-2,,5.139e-21,,6.906e-2,3.598e-10,9.815e+3,8.024e-7,1.674e-21,1.078e-24,,,,,,,,,,,,,,,,,,,,,,,,2.206e-19,,1.046e-18
233.3,9.616e+3,,5.553e-30,6.107e-34,,,1.157e-61,1.963e-22,1.091e-3,1.294e-49,9.994e-19,2.964e-4,2.329e-32,2.222e-19,3.159e-23,3.686e-14,,9.241e-29,,2.035e-22,6.586e-20,1.809e-21,6.160e-21,,4.529e-2,,5.140e-21,,6.765e-2,1.480e-10,9.615e+3,6.592e-7,1.674e-21,1.079e-24,,,,,,,,,,,,,,,,,,,,,,,,2.210e-19,,1.048e-18
233.33,9.121e+3,,5.588e-30,6.100e-34,,,1.147e-61,1.963e-22,7.493e-4,1.295e-49,1.004e-18,1.446e-4,2.333e-32,2.216e-19,3.155e-23,2.614e-14,,9.257e-29,,2.032e-22,6.604e-20,2.231e-21,6.112e-21,,4.271e-2,,5.142e-21,,6.408e-2,3.802e-11,9.121e+3,4.913e-7,1.676e-21,1.080e-24,,,,,,,,,,,,,,,,,,,,,,,,2.215e-19,,1.050e-18
233.35,8.682e+3,,5.612e-30,6.096e-34,,,1.141e-61,1.964e-22,5.732e-4,1.296e-49,1.007e-18,8.810e-5,2.335e-32,2.212e-19,3.153e-23,2.043e-14,,9.267e-29,,2.031e-22,6.616e-20,2.524e-21,6.079e-21,,4.088e-2,,5.144e-21,,6.083e-2,1.510e-11,8.682e+3,4.111e-7,1.676e-21,1.081e-24,,,,,,,,,,,,,,,,,,,,,,,,2.219e-19,,1.052e-18
233.38,7.903e+3,,5.647e-30,6.090e-34,,,1.132e-61,1.964e-22,3.735e-4,1.297e-49,1.012e-18,4.083e-5,2.339e-32,2.207e-19,3.149e-23,1.374e-14,,9.282e-29,,2.029e-22,6.634e-20,2.964e-21,6.030e-21,,3.804e-2,,5.146e-21,,5.496e-2,3.677e-12,7.903e+3,3.388e-7,1.677e-21,1.082e-24,,,,,,,,,,,,,,,,,,,,,,,,2.225e-19,,1.054e-18
233.4,7.333e+3,,5.671e-30,6.086e-34,,,1.126e-61,1.965e-22,2.758e-4,1.297e-49,1.015e-18,2.404e-5,2.341e-32,2.203e-19,3.146e-23,1.037e-14,,9.293e-29,,2.027e-22,6.646e-20,3.249e-21,5.997e-21,,3.614e-2,,5.148e-21,,5.057e-2,1.409e-12,7.333e+3,3.238e-7,1.678e-21,1.083e-24,,,,,,,,,,,,,,,,,,,,,,,,2.228e-19,,1.056e-18
233.43,6.461e+3,,5.707e-30,6.079e-34,,,1.117e-61,1.965e-22,1.705e-4,1.298e-49,1.019e-18,1.058e-5,2.345e-32,2.197e-19,3.142e-23,6.615e-15,,9.308e-29,,2.025e-22,6.665e-20,3.646e-21,5.948e-21,,3.336e-2,,5.150e-21,,4.358e-2,3.253e-13,6.461e+3,3.548e-7,1.679e-21,1.084e-24,,,,,,,,,,,,,,,,,,,,,,,,2.234e-19,,1.058e-18
233.45,5.898e+3,,5.730e-30,6.075e-34,,,1.111e-61,1.966e-22,1.215e-4,1.299e-49,1.022e-18,6.019e-6,2.347e-32,2.193e-19,3.140e-23,4.817e-15,,9.318e-29,,2.024e-22,6.677e-20,3.882e-21,5.916e-21,,3.158e-2,,5.151e-21,,3.885e-2,1.203e-13,5.898e+3,4.149e-7,1.680e-21,1.085e-24,,,,,,,,,,,,,,,,,,,,,,,,2.238e-19,,1.060e-18
233.48,5.131e+3,,5.766e-30,6.069e-34,,,1.102e-61,1.966e-22,7.126e-5,1.300e-49,1.027e-18,2.516e-6,2.351e-32,2.188e-19,3.136e-23,2.916e-15,,9.334e-29,,2.021e-22,6.695e-20,4.185e-21,5.867e-21,,2.912e-2,,5.154e-21,,3.194e-2,2.634e-14,5.131e+3,5.739e-7,1.681e-21,1.086e-24,,,,,,,,,,,,,,,,,,,,,,,,2.243e-19,,1.062e-18
233.5,4.693e+3,,5.790e-30,6.064e-34,,,1.096e-61,1.966e-22,4.904e-5,1.300e-49,1.030e-18,1.383e-6,2.354e-32,2.184e-19,3.133e-23,2.050e-15,,9.344e-29,,2.020e-22,6.707e-20,4.350e-21,5.834e-21,,2.768e-2,,5.155e-21,,2.758e-2,9.400e-15,4.693e+3,7.327e-7,1.682e-21,1.086e-24,,,,,,,,,,,,,,,,,,,,,,,,2.247e-19,,1.064e-18
233.53,4.177e+3,,5.825e-30,6.058e-34,,,1.086e-61,1.967e-22,2.727e-5,1.301e-49,1.035e-18,5.487e-7,2.357e-32,2.178e-19,3.130e-23,1.177e-15,,9.359e-29,,2.018e-22,6.725e-20,4.545e-21,5.785e-21,,2.590e-2,,5.157e-21,,2.162e-2,1.951e-15,4.177e+3,1.065e-6,1.683e-21,1.088e-24,,,,,,,,,,,,,,,,,,,,,,,,2.253e-19,,1.066e-18
233.55,3.934e+3,,5.849e-30,6.054e-34,,,1.080e-61,1.967e-22,1.812e-5,1.302e-49,1.038e-18,2.912e-7,2.360e-32,2.175e-19,3.127e-23,7.985e-16,,9.370e-29,,2.016e-22,6.737e-20,4.646e-21,5.752e-21,,2.506e-2,,5.159e-21,,1.809e-2,6.721e-16,3.934e+3,1.357e-6,1.684e-21,1.088e-24,,,,,,,,,,,,,,,,,,,,,,,,2.257e-19,,1.068e-18
233.57,3.774e+3,,5.872e-30,6.050e-34,,,1.074e-61,1.968e-22,1.187e-5,1.303e-49,1.041e-18,1.524e-7,2.362e-32,2.171e-19,3.124e-23,5.344e-16,,9.380e-29,,2.015e-22,6.749e-20,4.728e-21,5.720e-21,,2.454e-2,,5.160e-21,,1.494e-2,2.282e-16,3.774e+3,1.713e-6,1.685e-21,1.089e-24,,,,,,,,,,,,,,,,,,,,,,,,2.260e-19,,1.070e-18
233.6,3.680e+3,,5.908e-30,6.043e-34,,,1.065e-61,1.968e-22,6.128e-6,1.304e-49,1.045e-18,5.624e-8,2.366e-32,2.165e-19,3.121e-23,2.849e-16,,9.395e-29,,2.013e-22,6.767e-20,4.835e-21,5.671e-21,,2.446e-2,,5.162e-21,,1.095e-2,4.397e-17,3.680e+3,2.376e-6,1.686e-21,1.090e-24,,,,,,,,,,,,,,,,,,,,,,,,2.266e-19,,1.072e-18
233.62,3.704e+3,,5.932e-30,6.039e-34,,,1.059e-61,1.969e-22,3.875e-6,1.304e-49,1.048e-18,2.843e-8,2.368e-32,2.161e-19,3.118e-23,1.840e-16,,9.406e-29,,2.011e-22,6.780e-20,4.904e-21,5.638e-21,,2.494e-2,,5.164e-21,,8.757e-3,1.441e-17,3.704e+3,2.907e-6,1.687e-21,1.091e-24,,,,,,,,,,,,,,,,,,,,,,,,2.270e-19,,1.074e-18
233.65,3.839e+3,,5.967e-30,6.033e-34,,,1.050e-61,1.969e-22,1.898e-6,1.305e-49,1.053e-18,9.956e-9,2.372e-32,2.156e-19,3.114e-23,9.306e-17,,9.421e-29,,2.009e-22,6.798e-20,5.023e-21,5.589e-21,,2.646e-2,,5.166e-21,,6.114e-3,2.632e-18,3.839e+3,3.836e-6,1.688e-21,1.092e-24,,,,,,,,,,,,,,,,,,,,,,,,2.275e-19,,1.076e-18
233.67,3.975e+3,,5.991e-30,6.029e-34,,,1.044e-61,1.970e-22,1.159e-6,1.306e-49,1.056e-18,4.860e-9,2.374e-32,2.152e-19,3.112e-23,5.804e-17,,9.431e-29,,2.007e-22,6.810e-20,5.119e-21,5.557e-21,,2.802e-2,,5.168e-21,,4.734e-3,8.323e-19,3.975e+3,4.537e-6,1.688e-21,1.093e-24,,,,,,,,,,,,,,,,,,,,,,,,2.279e-19,,1.078e-18
233.7,4.211e+3,,6.027e-30,6.022e-34,,,1.034e-61,1.970e-22,5.383e-7,1.307e-49,1.060e-18,1.615e-9,2.378e-32,2.146e-19,3.108e-23,2.784e-17,,9.447e-29,,2.005e-22,6.828e-20,5.297e-21,5.508e-21,,3.106e-2,,5.170e-21,,3.147e-3,1.441e-19,4.211e+3,5.683e-6,1.690e-21,1.094e-24,,,,,,,,,,,,,,,,,,,,,,,,2.285e-19,,1.080e-18
233.72,4.367e+3,,6.050e-30,6.018e-34,,,1.028e-61,1.971e-22,3.173e-7,1.308e-49,1.064e-18,7.613e-10,2.380e-32,2.143e-19,3.105e-23,1.676e-17,,9.457e-29,,2.004e-22,6.840e-20,5.438e-21,5.475e-21,,3.348e-2,3.338e-23,5.171e-21,,2.358e-3,4.400e-20,4.367e+3,6.491e-6,1.690e-21,1.095e-24,,,,,,,,,,,,,,,,,,,,,,,,2.288e-19,,1.082e-18
233.75,4.566e+3,,6.086e-30,6.012e-34,,,1.019e-61,1.971e-22,1.398e-7,1.309e-49,1.068e-18,2.400e-10,2.384e-32,2.137e-19,3.101e-23,7.624e-18,,9.472e-29,,2.002e-22,6.858e-20,5.676e-21,5.426e-21,,3.746e-2,1.930e-22,5.174e-21,,1.493e-3,4.386e-20,4.566e+3,7.717e-6,1.692e-21,1.096e-24,,,,,,,,,,,,,,,,,,,,,,,,2.294e-19,,1.085e-18
233.77,4.661e+3,,6.109e-30,6.008e-34,,,1.013e-61,1.971e-22,7.953e-8,1.309e-49,1.071e-18,1.093e-10,2.386e-32,2.133e-19,3.099e-23,4.431e-18,,9.483e-29,,2.000e-22,6.870e-20,5.846e-21,5.393e-21,,4.018e-2,6.114e-22,5.175e-21,,1.082e-3,4.376e-20,4.661e+3,8.511e-6,1.692e-21,1.097e-24,,,,,,,,,,,,,,,,,,,,,,,,2.298e-19,,1.086e-18
233.8,4.729e+3,,6.145e-30,6.001e-34,,,1.004e-61,1.972e-22,3.324e-8,1.310e-49,1.076e-18,3.269e-11,2.390e-32,2.127e-19,3.095e-23,1.912e-18,,9.498e-29,,1.998e-22,6.889e-20,6.101e-21,5.344e-21,,4.407e-2,3.357e-21,5.177e-21,,6.517e-4,4.362e-20,4.729e+3,9.602e-6,1.693e-21,1.098e-24,,,,,,,,,,,,,,,,,,,,,,,,2.303e-19,,1.089e-18
233.82,4.722e+3,,6.169e-30,5.997e-34,,,9.977e-62,1.972e-22,1.826e-8,1.311e-49,1.079e-18,1.437e-11,2.393e-32,2.124e-19,3.092e-23,1.073e-18,,9.508e-29,,1.996e-22,6.901e-20,6.261e-21,5.312e-21,,4.635e-2,1.027e-20,5.179e-21,,4.570e-4,4.353e-20,4.722e+3,1.023e-5,1.694e-21,1.099e-24,,,,,,,,,,,,,,,,,,,,,,,,2.307e-19,,1.090e-18
233.85,4.642e+3,,6.204e-30,5.991e-34,,,9.886e-62,1.973e-22,7.237e-9,1.312e-49,1.083e-18,4.077e-12,2.396e-32,2.118e-19,3.089e-23,4.391e-19,,9.524e-29,,1.994e-22,6.919e-20,6.472e-21,5.263e-21,,4.900e-2,5.356e-20,5.181e-21,,2.618e-4,4.338e-20,4.642e+3,1.095e-5,1.695e-21,1.100e-24,,,,,,,,,,,,,,,,,,,,,,,,2.313e-19,,1.093e-18
233.87,4.553e+3,,6.228e-30,5.986e-34,,,9.825e-62,1.973e-22,3.837e-9,1.312e-49,1.086e-18,1.730e-12,2.399e-32,2.114e-19,3.086e-23,2.378e-19,,9.534e-29,,1.993e-22,6.931e-20,6.586e-21,5.230e-21,,5.011e-2,1.583e-19,5.183e-21,,1.775e-4,4.329e-20,4.553e+3,1.126e-5,1.696e-21,1.100e-24,,,,,,,,,,,,,,,,,,,,,,,,2.316e-19,,1.094e-18
233.9,4.400e+3,,6.263e-30,5.980e-34,,,9.733e-62,1.974e-22,1.443e-9,1.313e-49,1.091e-18,4.658e-13,2.402e-32,2.109e-19,3.082e-23,9.234e-20,,9.550e-29,,1.991e-22,6.949e-20,6.708e-21,5.181e-21,,5.062e-2,7.838e-19,5.185e-21,,9.668e-5,4.315e-20,4.400e+3,1.144e-5,1.697e-21,1.102e-24,,,,,,,,,,,,,,,,,,,,,,,,2.322e-19,,1.097e-18
233.92,4.308e+3,,6.287e-30,5.976e-34,,,9.672e-62,1.974e-22,7.385e-10,1.314e-49,1.094e-18,1.908e-13,2.405e-32,2.105e-19,3.080e-23,4.828e-20,,9.560e-29,,1.989e-22,6.961e-20,6.758e-21,5.149e-21,,5.014e-2,2.238e-18,5.186e-21,,6.340e-5,4.306e-20,4.308e+3,1.136e-5,1.698e-21,1.102e-24,,,,,,,,,,,,,,,,,,,,,,,,2.326e-19,,1.098e-18
233.94,4.248e+3,,6.311e-30,5.972e-34,,,9.611e-62,1.975e-22,3.727e-10,1.315e-49,1.097e-18,7.709e-14,2.407e-32,2.101e-19,3.077e-23,2.489e-20,,9.570e-29,,1.988e-22,6.973e-20,6.782e-21,5.116e-21,,4.902e-2,6.303e-18,5.188e-21,,4.101e-5,4.296e-20,4.248e+3,1.112e-5,1.699e-21,1.103e-24,,,,,,,,,,,,,,,,,,,,,,,,2.329e-19,,1.100e-18
233.97,4.262e+3,,6.346e-30,5.965e-34,,,9.519e-62,1.975e-22,1.301e-10,1.316e-49,1.102e-18,1.928e-14,2.411e-32,2.095e-19,3.073e-23,8.975e-21,,9.586e-29,,1.985e-22,6.991e-20,6.779e-21,5.067e-21,,4.620e-2,2.903e-17,5.190e-21,,2.080e-5,4.282e-20,4.261e+3,1.050e-5,1.700e-21,1.104e-24,,,,,,,,,,,,,,,,,,,,,,,,2.335e-19,,1.103e-18
233.99,4.371e+3,,6.370e-30,5.961e-34,,,9.458e-62,1.976e-22,6.340e-11,1.316e-49,1.105e-18,7.519e-15,2.413e-32,2.092e-19,3.071e-23,4.467e-21,,9.596e-29,,1.984e-22,7.004e-20,6.756e-21,5.034e-21,,4.366e-2,7.897e-17,5.191e-21,,1.301e-5,4.273e-20,4.371e+3,9.926e-6,1.701e-21,1.105e-24,,,,,,,,,,,,,,,,,,,,,,,,2.339e-19,,1.104e-18
234.02,4.738e+3,,6.406e-30,5.955e-34,,,9.366e-62,1.976e-22,2.100e-11,1.317e-49,1.109e-18,1.784e-15,2.417e-32,2.086e-19,3.067e-23,1.528e-21,,9.611e-29,,1.982e-22,7.022e-20,6.699e-21,4.985e-21,,3.910e-2,3.453e-16,5.194e-21,,6.267e-6,4.258e-20,4.738e+3,8.891e-6,1.702e-21,1.106e-24,,,,,,,,,,,,,,,,,,,,,,,,2.344e-19,,1.107e-18
234.04,5.141e+3,,6.429e-30,5.951e-34,,,9.305e-62,1.976e-22,9.875e-12,1.318e-49,1.112e-18,6.715e-16,2.419e-32,2.082e-19,3.064e-23,7.340e-22,,9.622e-29,,1.980e-22,7.034e-20,6.652e-21,4.953e-21,,3.572e-2,9.076e-16,5.195e-21,,3.787e-6,4.249e-20,5.141e+3,8.118e-6,1.703e-21,1.107e-24,,,,,,,,,,,,,,,,,,,,,,,,2.348e-19,,1.108e-18
234.07,6.016e+3,,6.465e-30,5.944e-34,,,9.213e-62,1.977e-22,3.102e-12,1.319e-49,1.117e-18,1.511e-16,2.423e-32,2.076e-19,3.060e-23,2.381e-22,,9.637e-29,,1.978e-22,7.052e-20,6.573e-21,4.904e-21,,3.043e-2,3.769e-15,5.197e-21,,1.734e-6,4.235e-20,6.016e+3,6.900e-6,1.704e-21,1.108e-24,,,,,,,,,,,,,,,,,,,,,,,,2.354e-19,,1.111e-18
234.09,6.788e+3,,6.489e-30,5.940e-34,,,9.152e-62,1.977e-22,1.408e-12,1.320e-49,1.120e-18,5.492e-17,2.425e-32,2.073e-19,3.058e-23,1.104e-22,,9.647e-29,,1.977e-22,7.064e-20,6.517e-21,4.871e-21,,2.692e-2,9.569e-15,5.199e-21,,1.012e-6,4.225e-20,6.788e+3,6.084e-6,1.704e-21,1.109e-24,,,,,,,,,,,,,,,,,,,,,,,,2.357e-19,,1.112e-18
234.12,8.225e+3,,6.524e-30,5.934e-34,,,9.061e-62,1.978e-22,4.197e-13,1.321e-49,1.125e-18,1.172e-17,2.429e-32,2.067e-19,3.054e-23,3.398e-23,,9.663e-29,,1.974e-22,7.082e-20,6.428e-21,4.822e-21,,2.192e-2,3.773e-14,5.201e-21,,4.400e-7,4.211e-20,8.225e+3,4.907e-6,1.706e-21,1.110e-24,,,,,,,,,,,,,,,,,,,,,,,,2.363e-19,,1.115e-18
234.14,9.352e+3,,6.548e-30,5.929e-34,,,8.999e-62,1.978e-22,1.839e-13,1.321e-49,1.128e-18,4.113e-18,2.432e-32,2.063e-19,3.051e-23,1.521e-23,,9.673e-29,,1.973e-22,7.094e-20,6.364e-21,4.790e-21,,1.890e-2,9.255e-14,5.203e-21,,2.482e-7,4.202e-20,9.352e+3,4.178e-6,1.706e-21,1.111e-24,,,,,,,,,,,,,,,,,,,,,,,,2.367e-19,,1.116e-18
234.17,1.125e+4,,6.583e-30,5.923e-34,,,8.908e-62,1.979e-22,5.198e-14,1.322e-49,1.132e-18,8.325e-19,2.435e-32,2.058e-19,3.047e-23,4.440e-24,,9.688e-29,,1.971e-22,7.113e-20,6.256e-21,4.741e-21,,1.502e-2,3.465e-13,5.205e-21,,1.025e-7,4.188e-20,1.125e+4,3.197e-6,1.707e-21,1.112e-24,,,,,,,,,,,,,,,,,,,,,,,,2.372e-19,,1.119e-18
234.19,1.260e+4,,6.607e-30,5.919e-34,,,8.847e-62,1.979e-22,2.200e-14,1.323e-49,1.135e-18,2.820e-19,2.438e-32,2.054e-19,3.045e-23,1.919e-24,,9.699e-29,,1.969e-22,7.125e-20,6.174e-21,4.708e-21,,1.293e-2,8.212e-13,5.206e-21,,5.583e-8,4.178e-20,1.260e+4,2.629e-6,1.708e-21,1.113e-24,,,,,,,,,,,,,,,,,,,,,,,,2.376e-19,,1.121e-18
234.22,1.469e+4,,6.643e-30,5.913e-34,,,8.755e-62,1.980e-22,5.896e-15,1.324e-49,1.140e-18,5.414e-20,2.441e-32,2.048e-19,3.041e-23,5.313e-25,,9.714e-29,,1.967e-22,7.143e-20,6.031e-21,4.659e-21,,1.067e-2,2.919e-12,5.209e-21,,2.188e-8,4.164e-20,1.469e+4,1.909e-6,1.709e-21,1.114e-24,,,,,,,,,,,,,,,,,,,,,,,,2.382e-19,,1.123e-18
234.24,1.604e+4,,6.666e-30,5.908e-34,,,8.694e-62,1.980e-22,2.408e-15,1.324e-49,1.143e-18,1.770e-20,2.444e-32,2.044e-19,3.038e-23,2.217e-25,,9.724e-29,,1.966e-22,7.155e-20,5.922e-21,4.626e-21,,9.787e-3,6.683e-12,5.210e-21,,1.152e-8,4.155e-20,1.604e+4,1.515e-6,1.710e-21,1.114e-24,,,,,,,,,,,,,,,,,,,,,,,,2.386e-19,,1.125e-18
234.27,1.792e+4,,6.702e-30,5.902e-34,,,8.602e-62,1.981e-22,6.123e-16,1.325e-49,1.148e-18,3.212e-21,2.447e-32,2.039e-19,3.035e-23,5.821e-26,,9.740e-29,,1.963e-22,7.173e-20,5.740e-21,4.577e-21,,9.469e-3,2.256e-11,5.212e-21,,4.284e-9,4.141e-20,1.792e+4,1.044e-6,1.711e-21,1.116e-24,,,,,,,,,,,,,,,,,,,,,,,,2.391e-19,,1.127e-18
234.29,1.901e+4,,6.726e-30,5.898e-34,,,8.541e-62,1.981e-22,2.415e-16,1.326e-49,1.151e-18,1.014e-21,2.450e-32,2.035e-19,3.032e-23,2.345e-26,,9.750e-29,,1.962e-22,7.185e-20,5.614e-21,4.545e-21,,9.965e-3,4.990e-11,5.214e-21,,2.178e-9,4.131e-20,1.901e+4,8.006e-7,1.712e-21,1.116e-24,,,,,,,,,,,,,,,,,,,,,,,,2.395e-19,,1.129e-18
234.31,1.991e+4,,6.749e-30,5.894e-34,,,8.480e-62,1.981e-22,9.388e-17,1.327e-49,1.154e-18,3.157e-22,2.452e-32,2.031e-19,3.029e-23,9.316e-27,,9.760e-29,,1.960e-22,7.197e-20,5.497e-21,4.512e-21,,1.106e-2,1.089e-10,5.215e-21,,1.092e-9,4.122e-20,1.991e+4,6.052e-7,1.713e-21,1.117e-24,,,,,,,,,,,,,,,,,,,,,,,,2.399e-19,,1.130e-18
234.34,2.086e+4,,6.785e-30,5.887e-34,,,8.388e-62,1.982e-22,2.217e-17,1.328e-49,1.158e-18,4.847e-23,2.456e-32,2.026e-19,3.026e-23,2.271e-27,,9.776e-29,,1.958e-22,7.215e-20,5.388e-21,4.463e-21,,1.386e-2,3.418e-10,5.217e-21,,3.776e-10,4.108e-20,2.086e+4,3.875e-7,1.714e-21,1.118e-24,,,,,,,,,,,,,,,,,,,,,,,,2.404e-19,,1.133e-18
234.36,2.120e+4,,6.809e-30,5.883e-34,,,8.327e-62,1.982e-22,8.319e-18,1.328e-49,1.161e-18,4.912e-23,2.458e-32,2.022e-19,3.023e-23,8.711e-28,,9.786e-29,,1.957e-22,7.228e-20,5.416e-21,4.431e-21,,1.654e-2,7.202e-10,5.219e-21,,1.828e-10,4.098e-20,2.120e+4,2.829e-7,1.715e-21,1.119e-24,,,,,,,,,,,,,,,,,,,,,,,,2.408e-19,,1.134e-18
234.39,2.124e+4,,6.844e-30,5.877e-34,,,8.235e-62,1.983e-22,1.863e-18,1.329e-49,1.166e-18,5.011e-23,2.462e-32,2.016e-19,3.019e-23,2.015e-28,,9.801e-29,,1.955e-22,7.246e-20,5.788e-21,4.382e-21,,2.177e-2,2.147e-9,5.221e-21,,6.000e-11,4.084e-20,2.124e+4,1.719e-7,1.716e-21,1.120e-24,,,,,,,,,,,,,,,,,,,,,,,,2.414e-19,,1.137e-18
234.41,2.098e+4,,6.868e-30,5.873e-34,,,8.174e-62,1.983e-22,6.751e-19,1.330e-49,1.169e-18,5.076e-23,2.464e-32,2.012e-19,3.017e-23,7.458e-29,,9.812e-29,,1.953e-22,7.258e-20,6.438e-21,4.349e-21,,2.606e-2,4.371e-9,5.223e-21,,2.806e-11,4.075e-20,2.098e+4,1.212e-7,1.717e-21,1.121e-24,,,,,,,,,,,,,,,,,,,,,,,,2.417e-19,,1.139e-18
234.44,2.020e+4,,6.903e-30,5.866e-34,,,8.083e-62,1.984e-22,1.434e-19,1.331e-49,1.174e-18,5.174e-23,2.468e-32,2.007e-19,3.013e-23,1.636e-29,,9.827e-29,,1.951e-22,7.276e-20,8.548e-21,4.300e-21,,3.361e-2,1.237e-8,5.225e-21,,8.738e-12,4.061e-20,2.020e+4,6.985e-8,1.718e-21,1.122e-24,,,,,,,,,,,,,,,,,,,,,,,,2.423e-19,,1.141e-18
234.46,1.947e+4,,6.927e-30,5.862e-34,,,8.022e-62,1.984e-22,5.016e-20,1.332e-49,1.177e-18,5.240e-23,2.471e-32,2.003e-19,3.010e-23,5.847e-30,,9.837e-29,,1.949e-22,7.288e-20,1.123e-20,4.267e-21,,3.928e-2,2.434e-8,5.226e-21,,3.945e-12,4.051e-20,1.947e+4,4.755e-8,1.718e-21,1.123e-24,,,,,,,,,,,,,,,,,,,,,,,,2.427e-19,,1.143e-18
234.49,1.819e+4,,6.963e-30,5.856e-34,,,7.930e-62,1.985e-22,1.011e-20,1.332e-49,1.181e-18,5.338e-23,2.474e-32,1.997e-19,3.006e-23,1.216e-30,,9.853e-29,,1.947e-22,7.306e-20,1.857e-20,4.218e-21,,4.849e-2,6.542e-8,5.229e-21,,1.166e-12,4.037e-20,1.819e+4,2.601e-8,1.720e-21,1.124e-24,,,,,,,,,,,,,,,,,,,,,,,,2.432e-19,,1.145e-18
234.51,1.727e+4,,6.986e-30,5.851e-34,,,7.869e-62,1.985e-22,3.412e-21,1.333e-49,1.184e-18,5.404e-23,2.477e-32,1.993e-19,3.004e-23,4.197e-31,,9.863e-29,,1.946e-22,7.318e-20,2.700e-20,4.186e-21,,5.490e-2,1.243e-7,5.230e-21,,5.084e-13,4.028e-20,1.727e+4,1.710e-8,1.720e-21,1.125e-24,,,,,,,,,,,,,,,,,,,,,,,,2.436e-19,,1.147e-18
234.54,1.591e+4,,7.022e-30,5.845e-34,,,7.777e-62,1.986e-22,6.521e-22,1.334e-49,1.189e-18,5.502e-23,2.480e-32,1.988e-19,3.000e-23,8.283e-32,,9.879e-29,,1.944e-22,7.337e-20,4.835e-20,4.137e-21,,6.447e-2,3.173e-7,5.232e-21,,1.426e-13,4.013e-20,1.591e+4,8.876e-9,1.722e-21,1.126e-24,,,,,,,,,,,,,,,,,,,,,,,,2.442e-19,,1.149e-18
234.56,1.508e+4,,7.046e-30,5.841e-34,,,7.716e-62,1.986e-22,2.126e-22,1.335e-49,1.192e-18,5.568e-23,2.483e-32,1.984e-19,2.997e-23,2.759e-32,,9.889e-29,,1.942e-22,7.349e-20,7.135e-20,4.104e-21,,7.055e-2,5.825e-7,5.234e-21,,6.003e-14,4.004e-20,1.508e+4,5.634e-9,1.722e-21,1.126e-24,,,,,,,,,,,,,,,,,,,,,,,,2.445e-19,,1.151e-18
234.59,1.403e+4,,7.081e-30,5.835e-34,,,7.624e-62,1.987e-22,3.853e-23,1.336e-49,1.196e-18,5.666e-23,2.486e-32,1.978e-19,2.993e-23,5.164e-33,,9.904e-29,,1.940e-22,7.367e-20,1.264e-19,4.055e-21,,7.869e-2,1.412e-6,5.236e-21,,1.597e-14,3.990e-20,1.403e+4,2.775e-9,1.723e-21,1.128e-24,,,,,,,,,,,,,,,,,,,,,,,,2.451e-19,,1.153e-18
234.61,1.349e+4,,7.105e-30,5.830e-34,,,7.563e-62,1.987e-22,1.212e-23,1.336e-49,1.200e-18,5.732e-23,2.489e-32,1.975e-19,2.991e-23,1.660e-33,,9.915e-29,,1.938e-22,7.379e-20,1.827e-19,4.023e-21,,8.318e-2,2.504e-6,5.238e-21,,6.493e-15,3.981e-20,1.349e+4,1.701e-9,1.724e-21,1.128e-24,,,,,,,,,,,,,,,,,,,,,,,,2.455e-19,,1.155e-18
234.64,1.294e+4,,7.140e-30,5.824e-34,,,7.471e-62,1.988e-22,2.085e-24,1.337e-49,1.204e-18,5.830e-23,2.493e-32,1.969e-19,2.987e-23,2.948e-34,,9.930e-29,,1.936e-22,7.397e-20,3.107e-19,3.974e-21,,8.808e-2,5.761e-6,5.240e-21,,1.639e-15,3.966e-20,1.294e+4,7.950e-10,1.725e-21,1.130e-24,,,,,,,,,,,,,,,,,,,,,,,,2.460e-19,,1.157e-18
234.66,1.273e+4,,7.164e-30,5.820e-34,,,7.410e-62,1.988e-22,2.081e-24,1.338e-49,1.207e-18,5.895e-23,2.495e-32,1.965e-19,2.984e-23,9.151e-35,,9.940e-29,,1.935e-22,7.409e-20,4.355e-19,3.941e-21,,8.993e-2,9.871e-6,5.241e-21,,6.435e-16,3.957e-20,1.273e+4,4.705e-10,1.726e-21,1.130e-24,,,,,,,,,,,,,,,,,,,,,,,,2.464e-19,,1.159e-18
234.68,1.263e+4,,7.188e-30,5.816e-34,,,7.349e-62,1.988e-22,2.078e-24,1.339e-49,1.210e-18,5.961e-23,2.497e-32,1.961e-19,2.982e-23,2.801e-35,,9.951e-29,,1.933e-22,7.421e-20,6.024e-19,3.908e-21,,9.056e-2,1.668e-5,5.243e-21,,2.491e-16,3.948e-20,1.263e+4,2.746e-10,1.727e-21,1.131e-24,,,,,,,,,,,,,,,,,,,,,,,,2.468e-19,,1.161e-18
234.71,1.264e+4,,7.223e-30,5.809e-34,,,7.258e-62,1.989e-22,2.073e-24,1.340e-49,1.215e-18,6.059e-23,2.501e-32,1.956e-19,2.978e-23,2.825e-35,,9.966e-29,,1.931e-22,7.439e-20,9.555e-19,3.859e-21,,8.915e-2,3.570e-5,5.245e-21,,5.842e-17,3.933e-20,1.264e+4,1.193e-10,1.728e-21,1.132e-24,,,,,,,,,,,,,,,,,,,,,,,,2.473e-19,,1.163e-18
234.73,1.271e+4,,7.247e-30,5.805e-34,,,7.196e-62,1.989e-22,2.070e-24,1.340e-49,1.218e-18,6.125e-23,2.503e-32,1.952e-19,2.975e-23,2.840e-35,,9.976e-29,,1.930e-22,7.452e-20,1.278e-18,3.827e-21,,8.671e-2,5.828e-5,5.246e-21,,2.183e-17,3.924e-20,1.271e+4,6.722e-11,1.729e-21,1.133e-24,,,,,,,,,,,,,,,,,,,,,,,,2.477e-19,,1.165e-18
234.76,1.281e+4,,7.283e-30,5.799e-34,,,7.105e-62,1.990e-22,2.065e-24,1.341e-49,1.222e-18,6.223e-23,2.507e-32,1.946e-19,2.972e-23,2.864e-35,,9.992e-29,,1.927e-22,7.470e-20,1.925e-18,3.778e-21,,8.103e-2,1.185e-4,5.249e-21,,4.859e-18,3.910e-20,1.281e+4,2.770e-11,1.730e-21,1.134e-24,,,,,,,,,,,,,,,,,,,,,,,,2.483e-19,,1.167e-18
234.78,1.283e+4,,7.306e-30,5.794e-34,,,7.044e-62,1.990e-22,2.061e-24,1.342e-49,1.225e-18,6.289e-23,2.510e-32,1.943e-19,2.969e-23,2.880e-35,,1.000e-28,,1.926e-22,7.482e-20,2.486e-18,3.745e-21,,7.612e-2,1.868e-4,5.250e-21,,1.753e-18,3.900e-20,1.283e+4,1.508e-11,1.731e-21,1.135e-24,,,,,,,,,,,,,,,,,,,,,,,,2.487e-19,,1.169e-18
234.81,1.273e+4,,7.342e-30,5.788e-34,,,6.952e-62,1.991e-22,2.056e-24,1.343e-49,1.230e-18,6.387e-23,2.513e-32,1.937e-19,2.965e-23,2.904e-35,,1.002e-28,,1.924e-22,7.500e-20,3.557e-18,3.696e-21,,6.752e-2,3.605e-4,5.252e-21,,3.701e-19,3.886e-20,1.273e+4,5.896e-12,1.732e-21,1.136e-24,,,,,,,,,,,,,,,,,,,,,,,,2.492e-19,,1.171e-18
234.83,1.254e+4,,7.365e-30,5.784e-34,,,6.891e-62,1.991e-22,2.053e-24,1.343e-49,1.233e-18,6.453e-23,2.516e-32,1.933e-19,2.963e-23,2.920e-35,,1.003e-28,,1.922e-22,7.512e-20,4.438e-18,3.664e-21,,6.127e-2,5.493e-4,5.254e-21,,1.290e-19,3.877e-20,1.254e+4,3.098e-12,1.733e-21,1.137e-24,,,,,,,,,,,,,,,,,,,,,,,,2.496e-19,,1.173e-18
234.86,1.206e+4,,7.401e-30,5.778e-34,,,6.799e-62,1.992e-22,2.048e-24,1.344e-49,1.238e-18,6.551e-23,2.519e-32,1.927e-19,2.959e-23,2.944e-35,,1.004e-28,,1.920e-22,7.530e-20,6.028e-18,3.615e-21,,5.159e-2,1.007e-3,5.256e-21,,2.583e-20,3.863e-20,1.206e+4,1.150e-12,1.734e-21,1.138e-24,,,,,,,,,,,,,,,,,,,,,,,,2.501e-19,,1.175e-18
234.88,1.160e+4,,7.425e-30,5.773e-34,,,6.738e-62,1.992e-22,2.045e-24,1.345e-49,1.241e-18,6.616e-23,2.522e-32,1.924e-19,2.956e-23,2.960e-35,,1.005e-28,,1.919e-22,7.542e-20,7.267e-18,3.582e-21,,4.521e-2,1.482e-3,5.258e-21,,8.689e-21,3.853e-20,1.160e+4,5.835e-13,1.734e-21,1.139e-24,,,,,,,,,,,,,,,,,,,,,,,,2.505e-19,,1.177e-18
234.91,1.071e+4,,7.460e-30,5.767e-34,,,6.646e-62,1.993e-22,2.040e-24,1.346e-49,1.245e-18,6.715e-23,2.525e-32,1.918e-19,2.952e-23,2.983e-35,,1.007e-28,,1.916e-22,7.560e-20,9.371e-18,3.533e-21,,3.613e-2,2.578e-3,5.260e-21,,1.648e-21,3.839e-20,1.071e+4,2.055e-13,1.736e-21,1.140e-24,,,,,,,,,,,,,,,,,,,,,,,,2.511e-19,,1.180e-18
234.93,1.002e+4,,7.484e-30,5.763e-34,,,6.585e-62,1.993e-22,2.036e-24,1.347e-49,1.248e-18,6.780e-23,2.528e-32,1.914e-19,2.950e-23,2.999e-35,,1.008e-28,,1.915e-22,7.573e-20,1.091e-17,3.500e-21,,3.059e-2,3.666e-3,5.261e-21,,5.352e-22,3.830e-20,1.002e+4,1.007e-13,1.736e-21,1.140e-24,,,,,,,,,,,,,,,,,,,,,,,,2.515e-19,,1.181e-18
234.96,8.866e+3,,7.520e-30,5.756e-34,,,6.494e-62,1.994e-22,2.031e-24,1.348e-49,1.253e-18,6.879e-23,2.532e-32,1.909e-19,2.946e-23,3.023e-35,,1.009e-28,,1.913e-22,7.591e-20,1.336e-17,3.451e-21,,2.321e-2,6.057e-3,5.264e-21,,1.023e-22,3.816e-20,8.866e+3,3.364e-14,1.737e-21,1.142e-24,,,,,,,,,,,,,,,,,,,,,,,,2.520e-19,,1.184e-18
234.98,8.057e+3,,7.543e-30,5.752e-34,,,6.432e-62,1.994e-22,2.028e-24,1.348e-49,1.256e-18,6.944e-23,2.534e-32,1.905e-19,2.943e-23,3.039e-35,,1.010e-28,,1.911e-22,7.603e-20,1.503e-17,3.419e-21,,1.897e-2,8.321e-3,5.265e-21,,4.908e-23,3.806e-20,8.056e+3,1.592e-14,1.738e-21,1.142e-24,,,,,,,,,,,,,,,,,,,,,,,,2.524e-19,,1.185e-18
235.01,6.836e+3,,7.579e-30,5.746e-34,,,6.341e-62,1.994e-22,2.023e-24,1.349e-49,7.276e-18,7.042e-23,2.538e-32,1.899e-19,2.939e-23,3.063e-35,,1.012e-28,,1.909e-22,7.621e-20,1.747e-17,3.370e-21,,1.366e-2,1.305e-2,5.267e-21,,1.120e-22,3.792e-20,6.836e+3,5.047e-15,1.739e-21,1.143e-24,,,,,,,,,,,,,,,,,,,,,,,,2.530e-19,,1.188e-18
235.03,6.048e+3,,7.602e-30,5.742e-34,,,6.280e-62,1.995e-22,2.020e-24,1.350e-49,2.307e-17,7.108e-23,2.540e-32,1.895e-19,2.937e-23,3.079e-35,,1.013e-28,,1.908e-22,7.633e-20,1.898e-17,3.337e-21,,1.079e-2,1.732e-2,5.269e-21,,3.357e-22,3.783e-20,6.048e+3,2.306e-15,1.740e-21,1.144e-24,,,,,,,,,,,,,,,,,,,,,,,,2.533e-19,,1.189e-18
235.06,4.947e+3,,7.638e-30,5.735e-34,,,6.188e-62,1.995e-22,2.015e-24,1.351e-49,1.270e-16,7.206e-23,2.544e-32,1.890e-19,2.933e-23,3.103e-35,,1.015e-28,,1.905e-22,7.651e-20,2.095e-17,3.288e-21,,7.375e-3,2.581e-2,5.271e-21,,1.802e-21,3.769e-20,4.947e+3,6.938e-16,1.741e-21,1.145e-24,,,,,,,,,,,,,,,,,,,,,,,,2.539e-19,,1.192e-18
235.08,4.286e+3,,7.662e-30,5.731e-34,,,6.127e-62,1.996e-22,2.011e-24,1.352e-49,3.891e-16,7.272e-23,2.546e-32,1.886e-19,2.930e-23,3.118e-35,,1.016e-28,,1.904e-22,7.663e-20,2.199e-17,3.256e-21,,5.625e-3,3.309e-2,5.272e-21,,5.447e-21,3.759e-20,4.286e+3,3.061e-16,1.742e-21,1.146e-24,,,,,,,,,,,,,,,,,,,,,,,,2.543e-19,,1.193e-18
235.1,3.692e+3,,7.685e-30,5.727e-34,,,6.066e-62,1.996e-22,2.008e-24,1.352e-49,1.176e-15,7.337e-23,2.549e-32,1.882e-19,2.928e-23,3.134e-35,,1.017e-28,,1.902e-22,7.676e-20,2.276e-17,3.223e-21,,4.231e-3,4.184e-2,5.274e-21,,1.625e-20,3.750e-20,3.691e+3,1.332e-16,1.743e-21,1.147e-24,,,,,,,,,,,,,,,,,,,,,,,,2.546e-19,,1.195e-18
235.13,2.936e+3,,7.721e-30,5.721e-34,,,5.974e-62,1.997e-22,2.003e-24,1.353e-49,6.026e-15,7.436e-23,2.552e-32,1.876e-19,2.924e-23,3.158e-35,,1.018e-28,,1.900e-22,7.694e-20,2.336e-17,3.174e-21,,2.689e-3,5.798e-2,5.276e-21,,8.156e-20,3.736e-20,2.936e+3,3.723e-17,1.744e-21,1.148e-24,,,,,,,,,,,,,,,,,,,,,,,,2.552e-19,,1.198e-18
235.15,2.525e+3,,7.745e-30,5.716e-34,,,5.913e-62,1.997e-22,2.000e-24,1.354e-49,1.760e-14,7.501e-23,2.555e-32,1.873e-19,2.921e-23,3.174e-35,,1.019e-28,,1.899e-22,7.706e-20,2.336e-17,3.141e-21,,1.953e-3,7.083e-2,5.278e-21,,2.351e-19,3.726e-20,2.525e+3,1.564e-17,1.745e-21,1.149e-24,,,,,,,,,,,,,,,,,,,,,,,,2.556e-19,,1.199e-18
235.18,2.039e+3,,7.780e-30,5.710e-34,,,5.821e-62,1.998e-22,1.995e-24,1.355e-49,8.568e-14,7.600e-23,2.558e-32,1.867e-19,2.918e-23,3.198e-35,,1.021e-28,,1.897e-22,7.724e-20,2.276e-17,3.092e-21,,1.178e-3,9.319e-2,5.280e-21,,1.121e-18,3.712e-20,2.039e+3,4.149e-18,1.746e-21,1.150e-24,,,,,,,,,,,,,,,,,,,,,,,,2.561e-19,,1.202e-18
235.2,1.796e+3,,7.804e-30,5.706e-34,,,5.760e-62,1.998e-22,1.991e-24,1.355e-49,2.419e-13,7.665e-23,2.561e-32,1.863e-19,2.915e-23,3.214e-35,,1.022e-28,,1.895e-22,7.736e-20,2.199e-17,3.060e-21,,8.269e-4,1.100e-1,5.281e-21,,3.123e-18,3.703e-20,1.796e+3,1.683e-18,1.747e-21,1.151e-24,,,,,,,,,,,,,,,,,,,,,,,,2.565e-19,,1.203e-18
235.23,1.538e+3,,7.839e-30,5.700e-34,,,5.668e-62,1.999e-22,1.986e-24,1.356e-49,1.119e-12,7.763e-23,2.564e-32,1.858e-19,2.911e-23,3.238e-35,,1.023e-28,,1.893e-22,7.754e-20,2.034e-17,3.011e-21,,4.735e-4,1.374e-1,5.284e-21,,1.415e-17,3.688e-20,1.538e+3,4.238e-19,1.748e-21,1.152e-24,,,,,,,,,,,,,,,,,,,,,,,,2.571e-19,,1.206e-18
235.25,1.427e+3,,7.863e-30,5.695e-34,,,5.607e-62,1.999e-22,1.983e-24,1.357e-49,3.052e-12,7.829e-23,2.567e-32,1.854e-19,2.909e-23,3.253e-35,,1.024e-28,,1.891e-22,7.766e-20,1.898e-17,2.978e-21,,3.209e-4,1.567e-1,5.285e-21,,3.809e-17,3.679e-20,1.427e+3,1.660e-19,1.749e-21,1.153e-24,,,,,,,,,,,,,,,,,,,,,,,,2.574e-19,,1.207e-18
235.28,1.336e+3,,7.899e-30,5.689e-34,,,5.516e-62,1.999e-22,1.978e-24,1.358e-49,1.341e-11,7.927e-23,2.571e-32,1.848e-19,2.905e-23,3.277e-35,,1.026e-28,,1.889e-22,7.784e-20,1.667e-17,2.929e-21,,1.744e-4,1.858e-1,5.287e-21,,1.640e-16,3.665e-20,1.336e+3,3.965e-20,1.750e-21,1.154e-24,,,,,,,,,,,,,,,,,,,,,,,,2.580e-19,,1.210e-18
235.3,1.314e+3,,7.922e-30,5.685e-34,,,5.454e-62,2.000e-22,1.975e-24,1.359e-49,3.536e-11,7.993e-23,2.573e-32,1.844e-19,2.902e-23,3.293e-35,,1.027e-28,,1.888e-22,7.797e-20,1.503e-17,2.896e-21,,1.142e-4,2.047e-1,5.289e-21,,4.266e-16,3.656e-20,1.314e+3,1.500e-20,1.750e-21,1.154e-24,,,,,,,,,,,,,,,,,,,,,,,,2.584e-19,,1.212e-18
235.33,1.326e+3,,7.958e-30,5.678e-34,,,5.363e-62,2.000e-22,1.970e-24,1.360e-49,1.476e-10,8.091e-23,2.577e-32,1.839e-19,2.898e-23,3.317e-35,,1.028e-28,,1.885e-22,7.815e-20,1.254e-17,2.848e-21,,5.891e-5,2.306e-1,5.291e-21,,1.745e-15,3.641e-20,1.326e+3,3.400e-21,1.752e-21,1.156e-24,,,,,,,,,,,,,,,,,,,,,,,,2.589e-19,,1.214e-18
235.35,1.355e+3,,7.982e-30,5.674e-34,,,5.302e-62,2.001e-22,1.966e-24,1.360e-49,3.761e-10,8.157e-23,2.579e-32,1.835e-19,2.896e-23,3.333e-35,,1.029e-28,,1.884e-22,7.827e-20,1.092e-17,2.815e-21,,3.725e-5,2.454e-1,5.293e-21,,4.387e-15,3.632e-20,1.354e+3,1.242e-21,1.752e-21,1.156e-24,,,,,,,,,,,,,,,,,,,,,,,,2.593e-19,,1.216e-18
235.38,1.417e+3,,8.017e-30,5.668e-34,,,5.210e-62,2.001e-22,1.961e-24,1.361e-49,1.491e-9,8.255e-23,2.583e-32,1.829e-19,2.892e-23,3.357e-35,,1.031e-28,,1.882e-22,7.845e-20,8.645e-18,2.766e-21,,1.824e-5,2.624e-1,5.295e-21,,1.705e-14,3.618e-20,1.416e+3,2.671e-22,1.753e-21,1.157e-24,,,,,,,,,,,,,,,,,,,,,,,,2.599e-19,,1.218e-18
235.4,1.465e+3,,8.041e-30,5.664e-34,,,5.149e-62,2.002e-22,1.958e-24,1.362e-49,3.673e-9,8.321e-23,2.585e-32,1.826e-19,2.889e-23,3.372e-35,,1.032e-28,,1.880e-22,7.857e-20,7.273e-18,2.733e-21,,1.114e-5,2.698e-1,5.296e-21,,4.142e-14,3.608e-20,1.465e+3,9.422e-23,1.754e-21,1.158e-24,,,,,,,,,,,,,,,,,,,,,,,,2.602e-19,,1.220e-18
235.43,1.541e+3,,8.076e-30,5.657e-34,,,5.057e-62,2.002e-22,1.953e-24,1.363e-49,1.384e-8,8.419e-23,2.589e-32,1.820e-19,2.885e-23,3.396e-35,,1.034e-28,,1.878e-22,7.875e-20,5.470e-18,2.684e-21,,5.179e-6,2.740e-1,5.299e-21,,1.529e-13,3.594e-20,1.541e+3,1.923e-23,1.755e-21,1.159e-24,,,,,,,,,,,,,,,,,,,,,,,,2.608e-19,,1.222e-18
235.45,1.592e+3,,8.100e-30,5.653e-34,,,4.996e-62,2.003e-22,1.949e-24,1.364e-49,3.294e-8,8.484e-23,2.591e-32,1.816e-19,2.883e-23,3.412e-35,,1.035e-28,,1.877e-22,7.887e-20,4.447e-18,2.652e-21,,3.055e-6,2.721e-1,5.300e-21,,3.591e-13,3.585e-20,1.592e+3,6.550e-24,1.756e-21,1.160e-24,,,,,,,,,,,,,,,,,,,,,,,,2.612e-19,,1.224e-18
235.47,1.643e+3,,8.124e-30,5.649e-34,,,4.935e-62,2.003e-22,1.946e-24,1.364e-49,7.735e-8,8.550e-23,2.594e-32,1.812e-19,2.880e-23,3.428e-35,,1.036e-28,,1.875e-22,7.899e-20,3.566e-18,2.619e-21,,1.777e-6,2.665e-1,5.301e-21,,8.318e-13,3.575e-20,1.643e+3,2.200e-24,1.757e-21,1.161e-24,,,,,,,,,,,,,,,,,,,,,,,,2.616e-19,,1.225e-18
235.5,1.724e+3,,8.159e-30,5.643e-34,,,4.843e-62,2.004e-22,1.941e-24,1.365e-49,2.712e-7,8.648e-23,2.597e-32,1.807e-19,2.876e-23,3.452e-35,,1.037e-28,,1.873e-22,7.918e-20,2.496e-18,2.570e-21,,7.680e-7,2.518e-1,5.304e-21,,2.858e-12,3.561e-20,1.723e+3,4.172e-25,1.758e-21,1.162e-24,,,,,,,,,,,,,,,,,,,,,,,,2.621e-19,,1.228e-18
235.52,1.784e+3,,8.183e-30,5.638e-34,,,4.782e-62,2.004e-22,1.938e-24,1.366e-49,6.155e-7,8.714e-23,2.600e-32,1.803e-19,2.874e-23,3.468e-35,,1.038e-28,,1.872e-22,7.930e-20,1.936e-18,2.537e-21,,4.314e-7,2.383e-1,5.305e-21,,6.399e-12,3.552e-20,1.784e+3,1.353e-25,1.759e-21,1.163e-24,,,,,,,,,,,,,,,,,,,,,,,,2.625e-19,,1.230e-18
235.55,1.898e+3,,8.219e-30,5.632e-34,,,4.690e-62,2.004e-22,1.933e-24,1.367e-49,2.051e-6,8.812e-23,2.603e-32,1.797e-19,2.870e-23,3.492e-35,,1.040e-28,,1.869e-22,7.948e-20,1.289e-18,2.488e-21,,1.770e-7,2.137e-1,5.307e-21,,2.089e-11,3.538e-20,1.898e+3,2.435e-26,1.760e-21,1.164e-24,,,,,,,,,,,,9.599e-23,,,,,,,,,,,,2.630e-19,,1.232e-18
235.57,1.997e+3,,8.242e-30,5.628e-34,,,4.629e-62,2.005e-22,1.929e-24,1.367e-49,4.497e-6,8.878e-23,2.606e-32,1.793e-19,2.867e-23,3.507e-35,,1.041e-28,,1.868e-22,7.960e-20,9.671e-19,2.456e-21,,9.605e-8,1.954e-1,5.309e-21,,4.519e-11,3.528e-20,1.997e+3,7.626e-27,1.761e-21,1.165e-24,,,,,,,,,,,,3.089e-22,,,,,,,,,,,,2.634e-19,,1.234e-18
235.6,2.199e+3,,8.278e-30,5.621e-34,,,4.538e-62,2.005e-22,1.924e-24,1.368e-49,1.424e-5,8.976e-23,2.610e-32,1.788e-19,2.864e-23,3.531e-35,,1.042e-28,,1.866e-22,7.978e-20,6.140e-19,2.407e-21,,3.741e-8,1.664e-1,5.311e-21,,1.402e-10,3.514e-20,2.198e+3,1.302e-27,1.762e-21,1.166e-24,,,,,,,,,,,,1.738e-21,,,,,,,,,,,,2.640e-19,,1.236e-18
235.62,2.378e+3,,8.302e-30,5.617e-34,,,4.477e-62,2.006e-22,1.921e-24,1.369e-49,3.017e-5,9.042e-23,2.612e-32,1.784e-19,2.861e-23,3.547e-35,,1.043e-28,,1.864e-22,7.990e-20,4.469e-19,2.374e-21,,1.960e-8,1.470e-1,5.313e-21,,2.931e-10,3.505e-20,2.378e+3,1.232e-27,1.763e-21,1.167e-24,,,,,,,,,,,,5.407e-21,,,,,,,,,,,,2.644e-19,,1.238e-18
235.65,2.730e+3,,8.337e-30,5.611e-34,,,4.385e-62,2.006e-22,1.916e-24,1.370e-49,9.074e-5,9.140e-23,2.616e-32,1.778e-19,2.857e-23,3.571e-35,,1.045e-28,,1.862e-22,8.008e-20,2.719e-19,2.325e-21,,7.247e-9,1.189e-1,5.315e-21,,8.637e-10,3.491e-20,2.730e+3,1.127e-27,1.764e-21,1.168e-24,,,,,,,,,,,,2.892e-20,,,,,,,,,,,,2.649e-19,,1.240e-18
235.67,3.029e+3,,8.361e-30,5.607e-34,,,4.324e-62,2.007e-22,1.913e-24,1.371e-49,1.859e-4,9.205e-23,2.618e-32,1.775e-19,2.855e-23,3.587e-35,,1.046e-28,,1.861e-22,8.021e-20,1.929e-19,2.293e-21,,3.669e-9,1.014e-1,5.316e-21,,1.745e-9,3.481e-20,3.029e+3,1.057e-27,1.764e-21,1.168e-24,,,,,,,,,,,,8.695e-20,,,,,,,,,,,,2.653e-19,,1.242e-18
235.7,3.581e+3,,8.396e-30,5.600e-34,,,4.232e-62,2.007e-22,1.908e-24,1.372e-49,5.310e-4,9.304e-23,2.622e-32,1.769e-19,2.851e-23,3.611e-35,,1.047e-28,,1.858e-22,8.039e-20,1.137e-19,2.244e-21,,1.287e-9,7.790e-2,5.319e-21,,4.886e-9,3.467e-20,3.581e+3,9.517e-28,1.766e-21,1.170e-24,,,,,,,,,,,,4.419e-19,,,,,,,,,,,,2.659e-19,,1.244e-18
235.72,4.018e+3,,8.420e-30,5.596e-34,,,4.171e-62,2.008e-22,1.904e-24,1.372e-49,1.051e-3,9.369e-23,2.624e-32,1.765e-19,2.848e-23,3.627e-35,,1.049e-28,,1.857e-22,8.051e-20,7.946e-20,2.211e-21,,6.294e-10,6.423e-2,5.320e-21,,9.542e-9,3.458e-20,4.018e+3,8.817e-28,1.766e-21,1.170e-24,,,,,,,,,,,,1.284e-18,,,,,,,,,,,,2.662e-19,,1.246e-18
235.75,4.770e+3,,8.456e-30,5.590e-34,,,4.079e-62,2.008e-22,1.899e-24,1.373e-49,2.854e-3,9.468e-23,2.628e-32,1.759e-19,2.844e-23,3.650e-35,,1.050e-28,,1.855e-22,8.069e-20,4.634e-20,2.162e-21,,2.097e-10,4.690e-2,5.322e-21,,2.538e-8,3.444e-20,4.770e+3,7.766e-28,1.768e-21,1.171e-24,,,,,,,,,,,,6.202e-18,,,,,,,,,,,,2.668e-19,,1.248e-18
235.77,5.325e+3,,8.479e-30,5.586e-34,,,4.018e-62,2.009e-22,1.896e-24,1.374e-49,5.459e-3,9.533e-23,2.630e-32,1.756e-19,2.842e-23,3.666e-35,,1.051e-28,,1.853e-22,8.081e-20,3.248e-20,2.129e-21,,9.901e-11,3.742e-2,5.324e-21,,4.790e-8,3.434e-20,5.325e+3,7.065e-28,1.768e-21,1.172e-24,,,,,,,,,,,,1.742e-17,,,,,,,,,,,,2.672e-19,,1.250e-18
235.8,6.214e+3,,4.877e-29,5.579e-34,,,3.926e-62,2.009e-22,1.891e-24,1.375e-49,1.408e-2,9.631e-23,2.634e-32,1.750e-19,2.838e-23,3.690e-35,,1.053e-28,,1.851e-22,8.099e-20,1.936e-20,2.080e-21,,3.130e-11,2.609e-2,5.326e-21,,1.211e-7,3.420e-20,6.214e+3,6.014e-28,1.769e-21,1.173e-24,,,,,,,,,,,,7.997e-17,,,,,,,,,,,,2.677e-19,,1.252e-18
235.82,6.824e+3,,1.539e-28,5.575e-34,,,3.865e-62,2.009e-22,1.888e-24,1.375e-49,2.603e-2,9.697e-23,2.636e-32,1.746e-19,2.835e-23,3.706e-35,,1.054e-28,,1.849e-22,8.111e-20,1.393e-20,2.048e-21,,1.428e-11,2.030e-2,5.328e-21,,2.208e-7,3.411e-20,6.824e+3,5.313e-28,1.770e-21,1.174e-24,,,,,,,,,,,,2.171e-16,,,,,,,,,,,,2.681e-19,,1.254e-18
235.84,7.430e+3,,4.793e-28,5.571e-34,,,3.804e-62,2.010e-22,1.884e-24,1.376e-49,4.748e-2,9.763e-23,2.639e-32,1.742e-19,2.833e-23,3.722e-35,,1.055e-28,,1.848e-22,8.123e-20,1.017e-20,2.015e-21,,6.423e-12,1.576e-2,5.329e-21,,3.972e-7,3.401e-20,7.430e+3,4.612e-28,1.771e-21,1.175e-24,,,,,,,,,,,,5.816e-16,,,,,,,,,,,,2.685e-19,,1.256e-18
235.87,8.290e+3,,2.567e-27,5.565e-34,,,3.713e-62,2.010e-22,1.879e-24,1.377e-49,1.140e-1,9.861e-23,2.642e-32,1.737e-19,2.829e-23,3.746e-35,,1.056e-28,,1.846e-22,8.142e-20,6.537e-21,1.966e-21,,1.888e-12,1.102e-2,5.331e-21,,9.344e-7,3.387e-20,8.290e+3,3.561e-28,1.772e-21,1.176e-24,,,,,,,,,,,,2.486e-15,,,,,,,,,,,,2.690e-19,,1.258e-18
235.89,8.807e+3,,7.727e-27,5.560e-34,,,3.651e-62,2.011e-22,1.876e-24,1.378e-49,2.009e-1,9.926e-23,2.645e-32,1.733e-19,2.826e-23,3.762e-35,,1.057e-28,,1.844e-22,8.154e-20,4.956e-21,1.934e-21,,8.202e-13,9.099e-3,5.333e-21,,1.625e-6,3.378e-20,8.806e+3,2.860e-28,1.773e-21,1.177e-24,,,,,,,,,,,,6.436e-15,,,,,,,,,,,,2.694e-19,,1.260e-18
235.92,9.454e+3,,3.934e-26,5.554e-34,,,3.560e-62,2.011e-22,1.871e-24,1.379e-49,4.582e-1,1.002e-22,2.649e-32,1.727e-19,2.822e-23,3.785e-35,,1.059e-28,,1.842e-22,8.172e-20,3.336e-21,1.885e-21,,2.289e-13,7.928e-3,5.335e-21,,3.631e-6,3.363e-20,9.454e+3,1.809e-28,1.774e-21,1.178e-24,,,,,,,,,,,,2.614e-14,,,,,,,,,,,,2.700e-19,,1.262e-18
235.94,9.781e+3,,1.145e-25,5.550e-34,,,3.499e-62,2.012e-22,1.868e-24,1.379e-49,7.805e-1,1.009e-22,2.651e-32,1.724e-19,2.820e-23,3.801e-35,,1.060e-28,,1.841e-22,8.184e-20,2.582e-21,1.852e-21,,9.604e-14,8.291e-3,5.336e-21,,6.102e-6,3.354e-20,9.781e+3,1.109e-28,1.775e-21,1.179e-24,,,,,,,,,,,,6.541e-14,,,,,,,,,,,,2.703e-19,,1.264e-18
235.97,1.009e+4,,5.538e-25,5.543e-34,,,3.407e-62,2.012e-22,1.863e-24,1.380e-49,1.691e+0,1.019e-22,2.655e-32,1.718e-19,2.816e-23,3.825e-35,,1.061e-28,,1.838e-22,8.202e-20,1.762e-21,1.803e-21,,2.544e-14,1.072e-2,5.339e-21,,1.296e-5,3.340e-20,1.009e+4,6.330e-28,1.776e-21,1.180e-24,,,,,,,,,,,,2.525e-13,,,,,,,,,,,,2.709e-19,,1.266e-18
235.99,1.017e+4,,1.558e-24,5.539e-34,,,3.346e-62,2.013e-22,1.859e-24,1.381e-49,2.784e+0,1.025e-22,2.657e-32,1.714e-19,2.813e-23,3.841e-35,,1.062e-28,,1.837e-22,8.214e-20,1.361e-21,1.770e-21,,1.031e-14,1.381e-2,5.340e-21,,2.104e-5,3.330e-20,1.017e+4,1.989e-27,1.777e-21,1.180e-24,,,,,,,,,,,,6.107e-13,,,,,,,,,,,,2.713e-19,,1.268e-18
236.02,1.009e+4,,7.164e-24,5.533e-34,,,3.254e-62,2.013e-22,1.854e-24,1.382e-49,5.732e+0,1.035e-22,2.661e-32,1.708e-19,2.810e-23,3.865e-35,,1.064e-28,,1.835e-22,8.232e-20,9.142e-22,1.721e-21,,2.595e-15,2.122e-2,5.342e-21,,4.244e-5,3.316e-20,1.009e+4,1.079e-26,1.778e-21,1.182e-24,,,,,,,,,,,,2.240e-12,,,,,,,,,,,,2.718e-19,,1.270e-18
236.04,9.927e+3,,1.948e-23,5.529e-34,,,3.193e-62,2.014e-22,1.851e-24,1.383e-49,9.119e+0,1.042e-22,2.663e-32,1.705e-19,2.807e-23,3.881e-35,,1.065e-28,,1.833e-22,8.245e-20,6.940e-22,1.689e-21,,1.023e-15,2.848e-2,5.344e-21,,6.661e-5,3.307e-20,9.918e+3,3.278e-26,1.779e-21,1.182e-24,,,,,,,,,,,,5.237e-12,,,,,,,,,,,,2.722e-19,,1.272e-18
236.07,9.529e+3,,8.514e-23,5.522e-34,,,3.101e-62,2.014e-22,1.846e-24,1.384e-49,1.784e+1,1.052e-22,2.667e-32,1.699e-19,2.803e-23,3.905e-35,,1.067e-28,,1.831e-22,8.263e-20,4.506e-22,1.640e-21,,2.802e-16,4.384e-2,5.346e-21,,1.277e-4,3.293e-20,9.511e+3,1.691e-25,1.780e-21,1.183e-24,,,,,,,,,,,,1.826e-11,,,,,,,,,,,,2.728e-19,,1.275e-18
236.09,9.189e+3,,2.238e-22,5.518e-34,,,3.040e-62,2.014e-22,1.843e-24,1.384e-49,2.742e+1,1.058e-22,2.669e-32,1.695e-19,2.801e-23,3.920e-35,,1.068e-28,,1.830e-22,8.275e-20,3.333e-22,1.607e-21,,1.912e-16,5.776e-2,5.348e-21,,1.936e-4,3.283e-20,9.161e+3,4.964e-25,1.780e-21,1.184e-24,,,,,,,,,,,,4.126e-11,,,,,,,,,,,,2.731e-19,,1.276e-18
236.12,8.614e+3,,9.297e-22,5.512e-34,,,2.949e-62,2.015e-22,1.838e-24,1.385e-49,5.096e+1,1.068e-22,2.673e-32,1.690e-19,2.797e-23,3.944e-35,,1.069e-28,,1.827e-22,8.293e-20,2.073e-22,1.558e-21,,4.329e-16,8.552e-2,5.350e-21,,3.525e-4,3.269e-20,8.563e+3,2.434e-24,1.782e-21,1.185e-24,,,,,,,,,,,,1.367e-10,,,,,,,,,,,,2.737e-19,,1.279e-18
236.14,8.219e+3,,2.362e-21,5.508e-34,,,2.887e-62,2.015e-22,1.834e-24,1.386e-49,7.573e+1,1.075e-22,2.675e-32,1.686e-19,2.794e-23,3.960e-35,,1.070e-28,,1.826e-22,8.305e-20,1.488e-22,1.526e-21,,1.051e-15,1.094e-1,5.351e-21,,5.168e-4,3.260e-20,8.143e+3,6.908e-24,1.782e-21,1.186e-24,,,,,,,,,,,,2.986e-10,,,,,,,,,,,,2.741e-19,,1.280e-18
236.17,7.663e+3,,9.327e-21,5.501e-34,,,2.796e-62,2.016e-22,1.829e-24,1.387e-49,1.337e+2,1.084e-22,2.679e-32,1.680e-19,2.790e-23,3.984e-35,,1.072e-28,,1.824e-22,8.323e-20,8.831e-23,1.477e-21,,4.103e-15,1.548e-1,5.354e-21,,8.940e-4,3.246e-20,7.530e+3,3.220e-23,1.783e-21,1.187e-24,,,,,,,,,,,,9.398e-10,,,,,,,,,,,,2.746e-19,,1.283e-18
236.19,7.348e+3,,2.291e-20,5.497e-34,,,2.735e-62,2.016e-22,1.826e-24,1.387e-49,1.920e+2,1.091e-22,2.681e-32,1.676e-19,2.788e-23,4.000e-35,,1.073e-28,,1.822e-22,8.335e-20,6.137e-23,1.444e-21,,1.004e-14,1.922e-1,5.355e-21,,1.266e-3,3.236e-20,7.155e+3,8.833e-23,1.784e-21,1.188e-24,,,,,,,,,,,,1.985e-9,,,,,,,,,,,,2.750e-19,,1.284e-18
236.21,7.097e+3,,5.551e-20,5.493e-34,,,2.674e-62,2.017e-22,1.823e-24,1.388e-49,2.720e+2,1.098e-22,2.684e-32,1.673e-19,2.785e-23,4.016e-35,,1.074e-28,,1.821e-22,8.347e-20,4.209e-23,1.411e-21,,2.425e-14,2.357e-1,5.357e-21,,1.770e-3,3.227e-20,6.825e+3,2.391e-22,1.785e-21,1.189e-24,,,,,,,,,,,,4.134e-9,,,,,,,,,,,,2.754e-19,,1.286e-18
236.24,6.881e+3,,2.041e-19,5.486e-34,,,2.582e-62,2.017e-22,1.818e-24,1.389e-49,4.470e+2,1.107e-22,2.688e-32,1.667e-19,2.781e-23,4.039e-35,,1.075e-28,,1.819e-22,8.366e-20,2.332e-23,1.362e-21,,8.874e-14,3.128e-1,5.359e-21,,2.850e-3,3.213e-20,6.434e+3,1.038e-21,1.786e-21,1.190e-24,,,,,,,,,,,,1.212e-8,,,,,,,,,,,,2.760e-19,,1.289e-18
236.26,6.863e+3,,4.782e-19,5.482e-34,,,2.521e-62,2.018e-22,1.814e-24,1.390e-49,6.120e+2,1.114e-22,2.690e-32,1.663e-19,2.779e-23,4.055e-35,,1.076e-28,,1.817e-22,8.378e-20,1.547e-23,1.330e-21,,2.072e-13,3.723e-1,5.360e-21,,3.849e-3,3.203e-20,6.251e+3,2.715e-21,1.787e-21,1.191e-24,,,,,,,,,,,,2.440e-8,,,,,,,,,,,,2.763e-19,,1.290e-18
236.29,7.048e+3,,1.671e-18,5.476e-34,,,2.429e-62,2.018e-22,1.809e-24,1.391e-49,9.555e+2,1.124e-22,2.694e-32,1.658e-19,2.775e-23,4.079e-35,,1.078e-28,,1.815e-22,8.396e-20,8.155e-24,1.281e-21,,7.205e-13,4.728e-1,5.362e-21,,5.888e-3,3.189e-20,6.092e+3,1.120e-20,1.788e-21,1.192e-24,,,,,,,,,,,,6.796e-8,,,,,,,,,,,,2.769e-19,,1.293e-18
236.31,7.323e+3,,3.784e-18,5.472e-34,,,2.368e-62,2.019e-22,1.806e-24,1.391e-49,1.264e+3,1.130e-22,2.696e-32,1.654e-19,2.772e-23,4.095e-35,,1.079e-28,,1.814e-22,8.408e-20,5.232e-24,1.248e-21,,1.626e-12,5.464e-1,5.364e-21,,7.684e-3,3.180e-20,6.058e+3,2.833e-20,1.789e-21,1.193e-24,,,,,,,,,,,,1.323e-7,,,,,,,,,,,,2.773e-19,,1.294e-18
236.34,7.969e+3,,1.257e-17,5.465e-34,,,2.276e-62,2.019e-22,1.801e-24,1.392e-49,1.875e+3,1.140e-22,2.700e-32,1.648e-19,2.768e-23,4.119e-35,,1.080e-28,,1.811e-22,8.426e-20,2.621e-24,1.199e-21,,5.374e-12,6.645e-1,5.366e-21,,1.117e-2,3.166e-20,6.093e+3,1.111e-19,1.790e-21,1.194e-24,,,,,,,,,,,,3.501e-7,,,,,,,,,,,,2.778e-19,,1.297e-18
236.36,8.556e+3,,2.752e-17,5.461e-34,,,2.215e-62,2.019e-22,1.798e-24,1.393e-49,2.398e+3,1.147e-22,2.702e-32,1.644e-19,2.766e-23,4.135e-35,,1.081e-28,,1.810e-22,8.438e-20,1.626e-24,1.167e-21,,1.172e-11,7.465e-1,5.368e-21,,1.409e-2,3.156e-20,6.157e+3,2.716e-19,1.791e-21,1.194e-24,,,,,,,,,,,,6.587e-7,,,,,,,,,,,,2.782e-19,,1.298e-18
236.39,9.661e+3,,8.687e-17,5.455e-34,,,2.123e-62,2.020e-22,1.793e-24,1.394e-49,3.380e+3,1.157e-22,2.706e-32,1.639e-19,2.762e-23,4.159e-35,,1.083e-28,,1.808e-22,8.456e-20,7.740e-25,1.118e-21,,3.683e-11,8.705e-1,5.370e-21,,1.945e-2,3.142e-20,6.280e+3,1.012e-18,1.792e-21,1.196e-24,,,,,,,,,,,,1.657e-6,,,,,,,,,,,,2.788e-19,,1.301e-18
236.41,1.054e+4,,1.838e-16,5.451e-34,,,2.062e-62,2.020e-22,1.789e-24,1.395e-49,4.176e+3,1.163e-22,2.708e-32,1.635e-19,2.759e-23,4.174e-35,,1.084e-28,,1.806e-22,8.469e-20,4.640e-25,1.085e-21,,7.766e-11,9.513e-1,5.371e-21,,2.371e-2,3.133e-20,6.361e+3,2.393e-18,1.793e-21,1.196e-24,,,,,,,,,,,,3.014e-6,,,,,,,,,,,,2.791e-19,,1.302e-18
236.44,1.204e+4,,5.516e-16,5.444e-34,,,1.971e-62,2.021e-22,1.784e-24,1.396e-49,5.592e+3,1.173e-22,2.712e-32,1.629e-19,2.756e-23,4.198e-35,,1.086e-28,,1.804e-22,8.487e-20,2.100e-25,1.036e-21,,2.318e-10,1.065e+0,5.374e-21,,3.111e-2,3.119e-20,6.448e+3,8.477e-18,1.794e-21,1.197e-24,,,,,,,,,,,,7.204e-6,,,,,,,,,,,,2.797e-19,,1.305e-18
236.46,1.315e+4,,1.128e-15,5.440e-34,,,1.910e-62,2.021e-22,1.781e-24,1.396e-49,6.679e+3,1.179e-22,2.714e-32,1.625e-19,2.753e-23,4.214e-35,,1.087e-28,,1.802e-22,8.499e-20,1.216e-25,1.003e-21,,4.726e-10,1.133e+0,5.375e-21,,3.665e-2,3.109e-20,6.469e+3,1.937e-17,1.794e-21,1.198e-24,,,,,,,,,,,,1.266e-5,,,,,,,,,,,,2.801e-19,,1.307e-18
236.49,1.492e+4,,3.218e-15,5.434e-34,,,1.818e-62,2.022e-22,1.776e-24,1.397e-49,8.497e+3,1.189e-22,2.718e-32,1.620e-19,2.749e-23,4.238e-35,,1.088e-28,,1.800e-22,8.517e-20,5.230e-26,9.544e-22,,1.341e-9,1.218e+0,5.377e-21,,4.568e-2,3.095e-20,6.425e+3,6.522e-17,1.796e-21,1.199e-24,,,,,,,,,,,,2.877e-5,,,,,,,,,,,,2.806e-19,,1.309e-18
236.51,1.615e+4,,6.363e-15,5.430e-34,,,1.757e-62,2.022e-22,1.773e-24,1.398e-49,9.807e+3,1.196e-22,2.720e-32,1.616e-19,2.747e-23,4.254e-35,,1.089e-28,,1.799e-22,8.529e-20,2.928e-26,9.218e-22,,2.642e-9,1.262e+0,5.379e-21,,5.201e-2,3.086e-20,6.342e+3,1.441e-16,1.796e-21,1.200e-24,,,,,,,,,,,,4.889e-5,,,,,,,,,,,,2.810e-19,,1.311e-18
236.54,1.799e+4,,1.725e-14,5.423e-34,,,1.665e-62,2.023e-22,1.768e-24,1.399e-49,1.185e+4,1.206e-22,2.724e-32,1.610e-19,2.743e-23,4.278e-35,,1.091e-28,,1.797e-22,8.547e-20,1.196e-26,8.728e-22,,7.125e-9,1.305e+0,5.381e-21,,6.160e-2,3.071e-20,6.136e+3,4.610e-16,1.798e-21,1.201e-24,,,,,,,,,,,,1.056e-4,,,,,,,,,,,,2.816e-19,,1.313e-18
236.56,1.917e+4,,3.297e-14,5.419e-34,,,1.604e-62,2.023e-22,1.764e-24,1.399e-49,1.322e+4,1.212e-22,2.727e-32,1.607e-19,2.740e-23,4.294e-35,,1.092e-28,,1.795e-22,8.559e-20,6.472e-27,8.402e-22,,1.357e-8,1.317e+0,5.383e-21,,6.779e-2,3.062e-20,5.950e+3,9.844e-16,1.798e-21,1.202e-24,,,,,,,,,,,,1.734e-4,,,,,,,,,,,,2.819e-19,,1.315e-18
236.58,2.029e+4,,6.217e-14,5.415e-34,,,1.543e-62,2.024e-22,1.761e-24,1.400e-49,1.455e+4,1.219e-22,2.729e-32,1.603e-19,2.738e-23,4.309e-35,,1.093e-28,,1.794e-22,8.571e-20,3.455e-27,8.075e-22,,2.550e-8,1.316e+0,5.384e-21,,7.359e-2,3.053e-20,5.734e+3,2.074e-15,1.799e-21,1.203e-24,,,,,,,,,,,,2.810e-4,,,,,,,,,,,,2.823e-19,,1.316e-18
236.61,2.175e+4,,1.569e-13,5.408e-34,,,1.451e-62,2.024e-22,1.756e-24,1.401e-49,1.638e+4,1.229e-22,2.733e-32,1.597e-19,2.734e-23,4.333e-35,,1.094e-28,,1.791e-22,8.590e-20,1.313e-27,7.586e-22,,6.405e-8,1.288e+0,5.386e-21,,8.116e-2,3.038e-20,5.369e+3,6.181e-15,1.800e-21,1.204e-24,,,,,,,,,,,,5.650e-4,,,,,,,,,,,,2.829e-19,,1.319e-18
236.63,2.253e+4,,2.861e-13,5.404e-34,,,1.390e-62,2.024e-22,1.753e-24,1.402e-49,1.742e+4,1.235e-22,2.735e-32,1.593e-19,2.731e-23,4.349e-35,,1.095e-28,,1.790e-22,8.602e-20,6.773e-28,7.259e-22,,1.163e-7,1.254e+0,5.388e-21,,8.519e-2,3.029e-20,5.112e+3,1.259e-14,1.801e-21,1.205e-24,,,,,,,,,,,,8.850e-4,,,,,,,,,,,,2.832e-19,,1.320e-18
236.66,2.336e+4,,6.865e-13,5.398e-34,,,1.298e-62,2.025e-22,1.748e-24,1.403e-49,1.863e+4,1.245e-22,2.739e-32,1.588e-19,2.727e-23,4.373e-35,,1.097e-28,,1.788e-22,8.620e-20,2.445e-28,6.770e-22,,2.777e-7,1.181e+0,5.390e-21,,8.935e-2,3.015e-20,4.728e+3,3.566e-14,1.802e-21,1.206e-24,,,,,,,,,,,,1.692e-3,,,,,,,,,,,,2.838e-19,,1.323e-18
236.68,2.365e+4,,1.210e-12,5.394e-34,,,1.237e-62,2.025e-22,1.744e-24,1.403e-49,1.917e+4,1.252e-22,2.741e-32,1.584e-19,2.725e-23,4.389e-35,,1.098e-28,,1.786e-22,8.632e-20,1.219e-28,6.443e-22,,4.875e-7,1.120e+0,5.391e-21,,9.075e-2,3.005e-20,4.484e+3,7.020e-14,1.803e-21,1.207e-24,,,,,,,,,,,,2.561e-3,,,,,,,,,,,,2.842e-19,,1.325e-18
236.71,2.366e+4,,2.759e-12,5.387e-34,,,1.146e-62,2.026e-22,1.739e-24,1.404e-49,1.950e+4,1.261e-22,2.745e-32,1.578e-19,2.721e-23,4.413e-35,,1.099e-28,,1.784e-22,8.650e-20,4.179e-29,5.954e-22,,1.106e-6,1.014e+0,5.394e-21,,9.074e-2,2.991e-20,4.150e+3,1.890e-13,1.804e-21,1.208e-24,,,,,,,,,,,,4.654e-3,,,,,,,,,,,,2.847e-19,,1.327e-18
236.73,2.337e+4,,4.699e-12,5.383e-34,,,1.084e-62,2.026e-22,1.736e-24,1.405e-49,1.942e+4,1.268e-22,2.747e-32,1.575e-19,2.718e-23,4.429e-35,,1.100e-28,,1.783e-22,8.662e-20,2.013e-29,1.907e-21,,1.877e-6,9.365e-1,5.395e-21,,8.940e-2,2.982e-20,3.954e+3,3.597e-13,1.805e-21,1.208e-24,,,,,,,,,,,,6.814e-3,,,,,,,,,,,,2.851e-19,,1.329e-18
236.76,2.255e+4,,1.019e-11,5.377e-34,,,9.927e-63,2.027e-22,1.731e-24,1.406e-49,1.884e+4,1.278e-22,2.751e-32,1.569e-19,2.714e-23,4.452e-35,,1.102e-28,,1.780e-22,8.680e-20,6.555e-30,1.066e-20,,4.047e-6,8.144e-1,5.397e-21,,8.575e-2,2.968e-20,3.702e+3,9.207e-13,1.806e-21,1.210e-24,,,,,,,,,,,,1.177e-2,,,,,,,,,,,,2.857e-19,,1.331e-18
236.78,2.176e+4,,1.677e-11,5.373e-34,,,9.316e-63,2.027e-22,1.728e-24,1.407e-49,1.820e+4,1.284e-22,2.753e-32,1.565e-19,2.712e-23,4.468e-35,,1.103e-28,,1.779e-22,8.693e-20,3.050e-30,3.301e-20,,6.640e-6,7.320e-1,5.399e-21,,8.255e-2,2.958e-20,3.561e+3,1.694e-12,1.807e-21,1.210e-24,,,,,,,,,,,,1.666e-2,,,,,,,,,,,,2.860e-19,,1.333e-18
236.81,2.033e+4,,3.455e-11,5.366e-34,,,8.399e-63,2.028e-22,1.723e-24,1.407e-49,1.695e+4,1.294e-22,2.757e-32,1.559e-19,2.708e-23,4.492e-35,,1.105e-28,,1.777e-22,8.711e-20,9.436e-31,1.754e-19,,1.360e-5,6.108e-1,5.401e-21,,7.733e-2,2.944e-20,3.384e+3,4.120e-12,1.808e-21,1.211e-24,,,,,,,,,,,,2.738e-2,,,,,,,,,,,,2.866e-19,,1.335e-18
236.83,1.928e+4,,5.500e-11,5.362e-34,,,7.788e-63,2.028e-22,1.719e-24,1.408e-49,1.599e+4,1.301e-22,2.759e-32,1.556e-19,2.705e-23,4.508e-35,,1.106e-28,,1.775e-22,8.723e-20,4.242e-31,5.253e-19,,2.158e-5,5.339e-1,5.403e-21,,7.412e-2,2.935e-20,3.285e+3,7.327e-12,1.809e-21,1.212e-24,,,,,,,,,,,,3.748e-2,,,,,,,,,,,,2.870e-19,,1.337e-18
236.86,1.767e+4,,1.077e-10,5.356e-34,,,6.871e-63,2.029e-22,1.714e-24,1.409e-49,1.451e+4,1.311e-22,2.763e-32,1.550e-19,2.702e-23,4.532e-35,,1.107e-28,,1.773e-22,8.741e-20,1.246e-31,2.654e-18,,4.201e-5,4.272e-1,5.405e-21,,7.080e-2,2.921e-20,3.157e+3,1.694e-11,1.810e-21,1.213e-24,,,,,,,,,,,,5.858e-2,,,,,,,,,,,,2.875e-19,,1.339e-18
236.88,1.667e+4,,1.657e-10,5.351e-34,,,6.260e-63,2.029e-22,1.711e-24,1.410e-49,1.359e+4,1.317e-22,2.766e-32,1.546e-19,2.699e-23,4.548e-35,,1.108e-28,,1.772e-22,8.753e-20,5.414e-32,7.686e-18,,6.441e-5,3.629e-1,5.406e-21,,7.027e-2,2.911e-20,3.081e+3,2.912e-11,1.810e-21,1.214e-24,,,,,,,,,,,,7.759e-2,,,,,,,,,,,,2.879e-19,,1.341e-18
236.91,1.542e+4,,3.084e-10,5.345e-34,,,5.343e-63,2.030e-22,1.706e-24,1.411e-49,1.244e+4,1.327e-22,2.769e-32,1.541e-19,2.695e-23,4.572e-35,,1.110e-28,,1.769e-22,8.771e-20,1.511e-32,3.692e-17,,1.192e-4,2.783e-1,5.409e-21,,7.332e-2,2.897e-20,2.978e+3,6.400e-11,1.812e-21,1.215e-24,,,,,,,,,,,,1.154e-1,,,,,,,,,,,,2.885e-19,,1.343e-18
236.93,1.484e+4,,4.587e-10,5.341e-34,,,4.732e-63,2.030e-22,1.703e-24,1.411e-49,1.192e+4,1.333e-22,2.772e-32,1.537e-19,2.693e-23,4.587e-35,,1.111e-28,,1.768e-22,8.783e-20,6.340e-33,1.034e-16,,1.767e-4,2.298e-1,5.410e-21,,7.871e-2,2.888e-20,2.916e+3,1.064e-10,1.812e-21,1.216e-24,,,,,,,,,,,,1.480e-1,,,,,,,,,,,,2.889e-19,,1.345e-18
236.96,1.447e+4,,8.114e-10,5.335e-34,,,3.815e-63,2.031e-22,1.698e-24,1.412e-49,1.163e+4,1.343e-22,2.775e-32,1.531e-19,2.689e-23,4.611e-35,,1.112e-28,,1.766e-22,8.801e-20,1.680e-33,4.722e-16,,3.107e-4,1.691e-1,5.412e-21,,9.318e-2,2.874e-20,2.839e+3,2.222e-10,1.813e-21,1.217e-24,,,,,,,,,,,,2.097e-1,,,,,,,,,,,,2.894e-19,,1.347e-18
236.98,1.462e+4,,1.167e-9,5.330e-34,,,1.219e-62,2.031e-22,1.694e-24,1.413e-49,1.182e+4,1.350e-22,2.778e-32,1.527e-19,2.686e-23,4.627e-35,,1.113e-28,,1.764e-22,8.814e-20,6.813e-34,1.278e-15,,4.452e-4,1.361e-1,5.414e-21,,1.078e-1,2.864e-20,2.801e+3,3.570e-10,1.814e-21,1.218e-24,,,,,,,,,,,,2.603e-1,,,,,,,,,,,,2.898e-19,,1.349e-18
237,1.512e+4,,1.655e-9,5.326e-34,,,3.843e-62,2.031e-22,1.691e-24,1.414e-49,1.234e+4,1.356e-22,2.780e-32,1.524e-19,2.684e-23,4.643e-35,,1.114e-28,,1.763e-22,8.826e-20,2.725e-34,3.414e-15,,6.291e-4,1.088e-1,5.415e-21,,1.270e-1,2.855e-20,2.778e+3,5.658e-10,1.815e-21,1.219e-24,,,,,,,,,,,,3.192e-1,,,,,,,,,,,,2.902e-19,,1.351e-18
237.03,1.656e+4,,2.726e-9,5.320e-34,,,2.098e-61,2.032e-22,1.686e-24,1.415e-49,1.378e+4,1.366e-22,2.784e-32,1.518e-19,2.680e-23,4.667e-35,,1.116e-28,,1.761e-22,8.844e-20,6.717e-35,1.453e-14,,1.031e-3,7.718e-2,5.417e-21,,1.650e-1,2.841e-20,2.786e+3,1.101e-9,1.816e-21,1.220e-24,,,,,,,,,,,,4.234e-1,,,,,,,,,,,,2.907e-19,,1.353e-18
237.05,1.799e+4,,3.739e-9,5.316e-34,,,6.395e-61,2.032e-22,1.683e-24,1.415e-49,1.517e+4,1.373e-22,2.786e-32,1.514e-19,2.677e-23,4.683e-35,,1.117e-28,,1.759e-22,8.856e-20,2.596e-35,3.753e-14,,1.408e-3,6.170e-2,5.419e-21,,1.968e-1,2.831e-20,2.824e+3,1.686e-9,1.817e-21,1.220e-24,,,,,,,,,,,,5.035e-1,,,,,,,,,,,,2.911e-19,,1.355e-18
237.08,2.079e+4,,5.853e-9,5.309e-34,,,3.319e-60,2.033e-22,1.678e-24,1.416e-49,1.785e+4,1.383e-22,2.790e-32,1.508e-19,2.673e-23,4.706e-35,,1.118e-28,,1.757e-22,8.874e-20,6.077e-36,1.519e-13,,2.192e-3,4.569e-2,5.421e-21,,2.541e-1,2.817e-20,2.945e+3,3.118e-9,1.818e-21,1.222e-24,,,,,,,,,,,,6.386e-1,,,,,,,,,,,,2.917e-19,,1.357e-18
237.1,2.305e+4,,7.760e-9,5.305e-34,,,9.785e-60,2.033e-22,1.674e-24,1.417e-49,1.997e+4,1.389e-22,2.792e-32,1.505e-19,2.671e-23,4.722e-35,,1.119e-28,,1.755e-22,8.886e-20,2.269e-36,3.792e-13,,2.894e-3,3.919e-2,5.423e-21,,2.982e-1,2.808e-20,3.072e+3,4.618e-9,1.819e-21,1.222e-24,,,,,,,,,,,,7.375e-1,,,,,,,,,,,,2.920e-19,,1.359e-18
237.13,2.686e+4,,1.155e-8,5.299e-34,,,4.830e-59,2.034e-22,1.669e-24,1.418e-49,2.352e+4,1.399e-22,2.796e-32,1.499e-19,2.667e-23,4.746e-35,,1.121e-28,,1.753e-22,8.904e-20,5.044e-37,1.459e-12,,4.282e-3,3.484e-2,5.425e-21,,3.719e-1,2.794e-20,3.336e+3,8.117e-9,1.820e-21,1.224e-24,,,,,,,,,,,,8.968e-1,,,,,,,,,,,,2.926e-19,,1.361e-18
237.15,2.959e+4,,1.480e-8,5.295e-34,,,1.377e-58,2.034e-22,1.666e-24,1.418e-49,2.602e+4,1.406e-22,2.798e-32,1.495e-19,2.664e-23,4.762e-35,,1.122e-28,,1.752e-22,8.916e-20,1.819e-37,3.523e-12,,5.467e-3,3.512e-2,5.426e-21,,4.247e-1,2.784e-20,3.561e+3,1.162e-8,1.821e-21,1.224e-24,,,,,,,,,,,,1.008e+0,,,,,,,,,,,,2.930e-19,,1.363e-18
237.18,3.373e+4,,2.093e-8,5.288e-34,,,6.461e-58,2.035e-22,1.661e-24,1.419e-49,2.976e+4,1.415e-22,2.802e-32,1.490e-19,2.660e-23,4.786e-35,,1.124e-28,,1.750e-22,8.935e-20,3.841e-38,1.289e-11,,7.687e-3,3.975e-2,5.429e-21,,5.062e-1,2.770e-20,3.963e+3,1.941e-8,1.822e-21,1.225e-24,,,,,,,,,,,,1.179e+0,,,,,,,,,,,,2.935e-19,,1.366e-18
237.2,3.638e+4,,2.592e-8,5.284e-34,,,1.781e-57,2.035e-22,1.658e-24,1.420e-49,3.212e+4,1.422e-22,2.805e-32,1.486e-19,2.658e-23,4.802e-35,,1.125e-28,,1.748e-22,8.947e-20,1.339e-38,3.008e-11,,9.485e-3,4.538e-2,5.430e-21,,5.599e-1,2.761e-20,4.267e+3,2.687e-8,1.823e-21,1.226e-24,,,,,,,,,,,,1.293e+0,,,,,,,,,,,,2.939e-19,,1.367e-18
237.23,3.996e+4,,3.485e-8,5.278e-34,,,7.948e-57,2.036e-22,1.653e-24,1.421e-49,3.520e+4,1.432e-22,2.808e-32,1.480e-19,2.654e-23,4.826e-35,,1.126e-28,,1.746e-22,8.965e-20,2.684e-39,1.046e-10,,1.268e-2,5.726e-2,5.432e-21,,6.353e-1,2.746e-20,4.755e+3,4.266e-8,1.824e-21,1.227e-24,,,,,,,,,,,,1.461e+0,,,,,,,,,,,,2.945e-19,,1.370e-18
237.25,4.194e+4,,4.173e-8,5.273e-34,,,2.118e-56,2.036e-22,1.649e-24,1.422e-49,3.685e+4,1.438e-22,2.811e-32,1.476e-19,2.651e-23,4.841e-35,,1.127e-28,,1.744e-22,8.977e-20,9.039e-40,2.362e-10,,1.512e-2,6.724e-2,5.434e-21,,6.797e-1,2.737e-20,5.087e+3,5.709e-8,1.824e-21,1.228e-24,,,,,,,,,,,,1.568e+0,,,,,,,,,,,,2.948e-19,,1.371e-18
237.28,4.408e+4,,5.331e-8,5.267e-34,,,8.989e-56,2.037e-22,1.644e-24,1.423e-49,3.852e+4,1.448e-22,2.814e-32,1.471e-19,2.648e-23,4.865e-35,,1.129e-28,,1.742e-22,8.995e-20,1.720e-40,7.811e-10,,1.920e-2,8.481e-2,5.436e-21,,7.335e-1,2.723e-20,5.565e+3,8.614e-8,1.826e-21,1.229e-24,,,,,,,,,,,,1.719e+0,,,,,,,,,,,,2.954e-19,,1.374e-18
237.3,4.488e+4,,6.171e-8,5.263e-34,,,2.317e-55,2.037e-22,1.641e-24,1.423e-49,3.903e+4,1.455e-22,2.817e-32,1.467e-19,2.645e-23,4.881e-35,,1.130e-28,,1.741e-22,9.007e-20,5.597e-41,1.705e-9,,2.214e-2,9.792e-2,5.438e-21,,7.587e-1,2.713e-20,5.855e+3,1.114e-7,1.826e-21,1.230e-24,,,,,,,,,,,,1.811e+0,,,,,,,,,,,,2.958e-19,,1.375e-18
237.33,4.505e+4,,7.494e-8,5.257e-34,,,9.349e-55,2.037e-22,1.636e-24,1.424e-49,3.883e+4,1.465e-22,2.820e-32,1.461e-19,2.641e-23,4.905e-35,,1.131e-28,,1.739e-22,9.025e-20,1.012e-41,5.361e-9,,2.673e-2,1.189e-1,5.440e-21,,7.782e-1,2.699e-20,6.216e+3,1.598e-7,1.828e-21,1.231e-24,,,,,,,,,,,,1.934e+0,,,,,,,,,,,,2.963e-19,,1.378e-18
237.35,4.445e+4,,8.386e-8,5.252e-34,,,2.330e-54,2.038e-22,1.633e-24,1.425e-49,3.806e+4,1.471e-22,2.823e-32,1.458e-19,2.639e-23,4.921e-35,,1.132e-28,,1.737e-22,9.038e-20,3.181e-42,1.131e-8,,2.980e-2,1.333e-1,5.441e-21,,7.782e-1,2.690e-20,6.394e+3,1.998e-7,1.828e-21,1.232e-24,,,,,,,,,,,,2.004e+0,,,,,,,,,,,,2.967e-19,,1.379e-18
237.37,4.332e+4,,9.258e-8,5.248e-34,,,5.730e-54,2.038e-22,1.629e-24,1.426e-49,3.681e+4,1.478e-22,2.825e-32,1.454e-19,2.636e-23,4.937e-35,,1.133e-28,,1.736e-22,9.050e-20,9.863e-43,2.356e-8,,3.276e-2,1.474e-1,5.443e-21,,7.677e-1,2.680e-20,6.512e+3,2.465e-7,1.829e-21,1.233e-24,,,,,,,,,,,,2.064e+0,,,,,,,,,,,,2.971e-19,,1.381e-18
237.4,4.072e+4,,1.047e-7,5.242e-34,,,2.155e-53,2.039e-22,1.624e-24,1.427e-49,3.415e+4,1.488e-22,2.829e-32,1.448e-19,2.632e-23,4.961e-35,,1.135e-28,,1.733e-22,9.068e-20,1.093e-39,6.901e-8,,3.683e-2,1.673e-1,5.445e-21,,7.333e-1,2.666e-20,6.569e+3,3.293e-7,1.830e-21,1.234e-24,,,,,,,,,,,,2.133e+0,,,,,,,,,,,,2.976e-19,,1.384e-18
237.42,3.847e+4,,1.117e-7,5.238e-34,,,5.123e-53,2.039e-22,1.621e-24,1.427e-49,3.194e+4,1.494e-22,2.831e-32,1.444e-19,2.630e-23,4.976e-35,,1.136e-28,,1.732e-22,9.080e-20,1.821e-39,1.389e-7,,3.915e-2,1.791e-1,5.446e-21,,6.992e-1,2.657e-20,6.524e+3,3.927e-7,1.831e-21,1.234e-24,,,,,,,,,,,,2.164e+0,,,,,,,,,,,,2.980e-19,,1.385e-18
237.45,3.454e+4,,1.201e-7,5.231e-34,,,1.832e-52,2.040e-22,1.616e-24,1.428e-49,2.820e+4,1.504e-22,2.835e-32,1.439e-19,2.626e-23,5.000e-35,,1.137e-28,,1.730e-22,9.098e-20,2.913e-39,3.871e-7,,4.183e-2,1.932e-1,5.449e-21,,6.347e-1,2.643e-20,6.338e+3,4.987e-7,1.832e-21,1.236e-24,,,,,,,,,,,,2.187e+0,,,,,,,,,,,,2.986e-19,,1.388e-18
237.47,3.168e+4,,1.239e-7,5.227e-34,,,4.212e-52,2.040e-22,1.613e-24,1.429e-49,2.553e+4,1.510e-22,2.837e-32,1.435e-19,2.623e-23,5.016e-35,,1.138e-28,,1.728e-22,9.110e-20,3.641e-39,7.535e-7,,4.298e-2,1.999e-1,5.450e-21,,5.850e-1,2.633e-20,6.143e+3,5.749e-7,1.833e-21,1.236e-24,,,,,,,,,,,,2.187e+0,,,,,,,,,,,,2.990e-19,,1.389e-18
237.5,2.724e+4,,1.266e-7,5.221e-34,,,1.432e-51,2.041e-22,1.608e-24,1.430e-49,2.148e+4,1.520e-22,2.841e-32,1.429e-19,2.619e-23,5.040e-35,,1.140e-28,,1.726e-22,9.128e-20,4.733e-39,1.996e-6,,4.364e-2,2.050e-1,5.452e-21,,5.047e-1,2.619e-20,5.766e+3,6.937e-7,1.834e-21,1.237e-24,,,,,,,,,,,,2.162e+0,,,,,,,,,,,,2.995e-19,,1.392e-18
237.52,2.432e+4,,1.262e-7,5.216e-34,,,3.184e-51,2.041e-22,1.604e-24,1.430e-49,1.884e+4,1.527e-22,2.844e-32,1.425e-19,2.617e-23,5.056e-35,,1.141e-28,,1.725e-22,9.140e-20,5.461e-39,3.756e-6,,4.334e-2,2.050e-1,5.454e-21,,4.496e-1,2.610e-20,5.473e+3,7.732e-7,1.835e-21,1.238e-24,,,,,,,,,,,,2.130e+0,,,,,,,,,,,,2.999e-19,,1.393e-18
237.55,2.016e+4,,1.225e-7,5.210e-34,,,1.030e-50,2.042e-22,1.599e-24,1.431e-49,1.515e+4,1.537e-22,2.847e-32,1.420e-19,2.613e-23,5.080e-35,,1.143e-28,,1.722e-22,9.159e-20,6.553e-39,9.459e-6,,4.183e-2,1.999e-1,5.456e-21,,3.686e-1,2.596e-20,5.003e+3,8.868e-7,1.836e-21,1.239e-24,,,,,,,,,,,,2.065e+0,,,,,,,,,,,,3.004e-19,,1.396e-18
237.57,1.762e+4,,1.181e-7,5.206e-34,,,2.213e-50,2.042e-22,1.596e-24,1.432e-49,1.293e+4,1.543e-22,2.850e-32,1.416e-19,2.610e-23,5.096e-35,,1.144e-28,,1.721e-22,9.171e-20,7.281e-39,1.722e-5,,4.016e-2,1.933e-1,5.458e-21,,3.175e-1,2.586e-20,4.691e+3,9.554e-7,1.837e-21,1.240e-24,,,,,,,,,,,,2.011e+0,,,,,,,,,,,,3.008e-19,,1.397e-18
237.6,1.428e+4,,1.090e-7,5.200e-34,,,6.805e-50,2.042e-22,1.591e-24,1.433e-49,1.002e+4,1.553e-22,2.853e-32,1.410e-19,2.606e-23,5.119e-35,,1.145e-28,,1.719e-22,9.189e-20,4.142e-38,4.122e-5,,3.683e-2,1.792e-1,5.460e-21,,2.473e-1,2.572e-20,4.258e+3,1.042e-6,1.838e-21,1.241e-24,,,,,,,,,,,,1.924e+0,,,,,,,,,,,,3.014e-19,,1.400e-18
237.62,1.239e+4,,1.016e-7,5.195e-34,,,1.415e-49,2.043e-22,1.588e-24,1.434e-49,8.374e+3,1.560e-22,2.856e-32,1.407e-19,2.604e-23,5.135e-35,,1.146e-28,,1.717e-22,9.201e-20,1.298e-37,7.254e-5,,3.418e-2,1.676e-1,5.461e-21,,2.059e-1,2.563e-20,4.016e+3,1.085e-6,1.839e-21,1.242e-24,,,,,,,,,,,,1.865e+0,,,,,,,,,,,,3.018e-19,,1.402e-18
237.65,1.012e+4,,8.910e-8,5.189e-34,,,4.136e-49,2.043e-22,1.583e-24,1.435e-49,6.355e+3,1.569e-22,2.859e-32,1.401e-19,2.600e-23,5.159e-35,,1.148e-28,,1.715e-22,9.219e-20,7.024e-37,1.651e-4,,2.980e-2,1.480e-1,5.464e-21,,1.524e-1,2.549e-20,3.758e+3,1.124e-6,1.840e-21,1.243e-24,,,,,,,,,,,,1.786e+0,,,,,,,,,,,,3.023e-19,,1.404e-18
237.67,8.970e+3,,8.027e-8,5.185e-34,,,8.314e-49,2.044e-22,1.579e-24,1.435e-49,5.288e+3,1.576e-22,2.862e-32,1.397e-19,2.597e-23,5.175e-35,,1.149e-28,,1.714e-22,9.231e-20,2.129e-36,2.810e-4,,2.673e-2,1.342e-1,5.465e-21,,1.227e-1,2.539e-20,3.680e+3,1.132e-6,1.840e-21,1.244e-24,,,,,,,,,,,,1.744e+0,,,,,,,,,,,,3.027e-19,,1.406e-18
237.7,7.798e+3,,6.691e-8,5.179e-34,,,2.311e-48,2.044e-22,1.574e-24,1.436e-49,4.053e+3,1.586e-22,2.866e-32,1.391e-19,2.594e-23,5.199e-35,,1.150e-28,,1.711e-22,9.249e-20,1.096e-35,6.081e-4,,2.214e-2,1.135e-1,5.467e-21,,8.631e-2,2.525e-20,3.743e+3,1.115e-6,1.842e-21,1.245e-24,,,,,,,,,,,,1.703e+0,,,,,,,,,,,,3.033e-19,,1.408e-18
237.72,7.372e+3,,5.827e-8,5.174e-34,,,4.493e-48,2.045e-22,1.571e-24,1.437e-49,3.439e+3,1.592e-22,2.868e-32,1.388e-19,2.591e-23,5.215e-35,,1.151e-28,,1.710e-22,9.262e-20,3.212e-35,1.001e-3,,1.920e-2,1.006e-1,5.469e-21,,6.713e-2,2.516e-20,3.931e+3,1.085e-6,1.842e-21,1.246e-24,,,,,,,,,,,,1.695e+0,,,,,,,,,,,,3.036e-19,,1.410e-18
237.74,7.220e+3,,5.006e-8,5.170e-34,,,8.618e-48,2.045e-22,1.568e-24,1.438e-49,2.962e+3,1.599e-22,2.870e-32,1.384e-19,2.588e-23,5.231e-35,,1.152e-28,,1.708e-22,9.274e-20,9.291e-35,1.624e-3,,1.643e-2,8.873e-2,5.470e-21,,5.151e-2,2.506e-20,4.257e+3,1.042e-6,1.843e-21,1.247e-24,,,,,,,,,,,,1.702e+0,,,,,,,,,,,,3.040e-19,,1.411e-18
237.77,7.496e+3,,3.887e-8,5.164e-34,,,2.232e-47,2.046e-22,1.563e-24,1.439e-49,2.447e+3,1.609e-22,2.874e-32,1.378e-19,2.585e-23,5.254e-35,,1.154e-28,,1.706e-22,9.292e-20,4.458e-34,3.276e-3,,1.268e-2,7.419e-2,5.473e-21,,3.375e-2,2.492e-20,5.047e+3,9.554e-7,1.844e-21,1.248e-24,,,,,,,,,,,,1.741e+0,,,,,,,,,,,,3.046e-19,,1.414e-18
237.79,8.012e+3,,3.228e-8,5.160e-34,,,4.141e-47,2.046e-22,1.559e-24,4.591e-49,2.204e+3,1.615e-22,2.876e-32,1.374e-19,2.582e-23,5.270e-35,,1.155e-28,,1.705e-22,9.304e-20,1.247e-33,5.142e-3,,1.048e-2,6.727e-2,5.474e-21,,2.503e-2,2.483e-20,5.806e+3,8.868e-7,1.845e-21,1.248e-24,,,,,,,,,,,,1.784e+0,,,,,,,,,,,,3.049e-19,,1.415e-18
237.82,9.286e+3,,2.382e-8,5.153e-34,,,1.020e-46,2.047e-22,1.554e-24,2.553e-48,1.940e+3,1.625e-22,2.880e-32,1.369e-19,2.578e-23,5.294e-35,,1.156e-28,,1.703e-22,9.322e-20,5.691e-33,9.859e-3,,7.687e-3,6.222e-2,5.476e-21,,1.558e-2,2.469e-20,7.345e+3,7.732e-7,1.846e-21,1.250e-24,,,,,,,,,,,,1.866e+0,,,,,,,,,,,,3.055e-19,,1.418e-18
237.84,1.048e+4,,1.912e-8,5.149e-34,,,1.829e-46,2.047e-22,1.551e-24,7.879e-48,1.806e+3,1.632e-22,2.883e-32,1.365e-19,2.576e-23,5.310e-35,,1.157e-28,,1.701e-22,9.334e-20,1.540e-32,1.496e-2,,6.145e-3,6.317e-2,5.478e-21,,1.117e-2,2.459e-20,8.668e+3,6.937e-7,1.847e-21,1.250e-24,,,,,,,,,,,,1.927e+0,,,,,,,,,,,,3.059e-19,,1.420e-18
237.87,1.278e+4,,1.341e-8,5.143e-34,,,4.285e-46,2.047e-22,1.546e-24,4.167e-47,1.639e+3,1.642e-22,2.886e-32,1.359e-19,2.572e-23,5.334e-35,,1.159e-28,,1.699e-22,9.352e-20,6.684e-32,2.728e-2,,4.282e-3,7.257e-2,5.480e-21,,6.611e-3,2.445e-20,1.114e+4,5.749e-7,1.848e-21,1.251e-24,,,,,,,,,,,,2.015e+0,,,,,,,,,,,,3.064e-19,,1.422e-18
237.89,1.468e+4,,1.041e-8,5.138e-34,,,7.431e-46,2.048e-22,1.543e-24,1.244e-46,1.538e+3,1.648e-22,2.889e-32,1.356e-19,2.569e-23,5.350e-35,,1.160e-28,,1.697e-22,9.364e-20,1.749e-31,4.003e-2,,3.309e-3,8.516e-2,5.481e-21,,4.581e-3,2.436e-20,1.314e+4,4.987e-7,1.849e-21,1.252e-24,,,,,,,,,,,,2.064e+0,,,,,,,,,,,,3.068e-19,,1.424e-18
237.92,1.804e+4,,6.937e-9,5.132e-34,,,1.655e-45,2.048e-22,1.538e-24,6.259e-46,1.388e+3,1.658e-22,2.892e-32,1.350e-19,2.565e-23,5.373e-35,,1.162e-28,,1.695e-22,9.383e-20,7.220e-31,6.939e-2,,2.192e-3,1.156e-1,5.484e-21,,2.576e-3,2.421e-20,1.665e+4,3.927e-7,1.850e-21,1.253e-24,,,,,,,,,,,,2.114e+0,,,,,,,,,,,,3.074e-19,,1.426e-18
237.94,2.061e+4,,5.205e-9,5.128e-34,,,2.776e-45,2.049e-22,1.534e-24,1.807e-45,1.286e+3,1.664e-22,2.895e-32,1.346e-19,2.563e-23,5.389e-35,,1.163e-28,,1.694e-22,9.395e-20,1.827e-30,9.846e-2,,1.637e-3,1.448e-1,5.485e-21,,1.726e-3,2.412e-20,1.933e+4,3.293e-7,1.851e-21,1.254e-24,,,,,,,,,,,,2.125e+0,,,,,,,,,,,,3.077e-19,,1.428e-18
237.97,2.492e+4,,3.297e-9,5.122e-34,,,5.878e-45,2.049e-22,1.529e-24,8.648e-45,1.126e+3,1.674e-22,2.898e-32,1.341e-19,2.559e-23,5.413e-35,,1.164e-28,,1.692e-22,9.413e-20,7.175e-30,1.623e-1,,1.031e-3,2.044e-1,5.487e-21,,9.222e-4,2.398e-20,2.379e+4,2.465e-7,1.852e-21,1.255e-24,,,,,,,,,,,,2.102e+0,,,,,,,,,,,,3.083e-19,,1.430e-18
237.99,2.801e+4,,2.391e-9,5.117e-34,,,9.533e-45,2.050e-22,1.526e-24,2.415e-44,1.018e+3,1.681e-22,2.901e-32,1.337e-19,2.556e-23,5.429e-35,,1.165e-28,,1.690e-22,9.425e-20,1.756e-29,2.226e-1,,7.441e-4,2.560e-1,5.489e-21,,5.971e-4,2.388e-20,2.699e+4,1.998e-7,1.853e-21,1.256e-24,,,,,,,,,,,,2.059e+0,,,,,,,,,,,,3.087e-19,,1.432e-18
238.02,3.287e+4,,1.440e-9,5.111e-34,,,1.920e-44,2.050e-22,1.521e-24,1.099e-43,8.553e+2,1.691e-22,2.905e-32,1.331e-19,2.552e-23,5.453e-35,,1.167e-28,,1.688e-22,9.443e-20,6.559e-29,3.488e-1,,4.452e-4,3.531e-1,5.491e-21,,3.033e-4,2.374e-20,3.201e+4,1.422e-7,1.854e-21,1.257e-24,,,,,,,,,,,,1.952e+0,,,,,,,,,,,,3.092e-19,,1.434e-18
238.04,3.614e+4,,1.009e-9,5.107e-34,,,3.010e-44,2.051e-22,1.518e-24,2.970e-43,7.501e+2,1.697e-22,2.907e-32,1.327e-19,2.550e-23,5.469e-35,,1.168e-28,,1.686e-22,9.455e-20,1.553e-28,4.628e-1,,3.107e-4,4.316e-1,5.493e-21,,1.898e-4,2.365e-20,3.538e+4,1.114e-7,1.855e-21,1.258e-24,,,,,,,,,,,,1.855e+0,,,,,,,,,,,,3.096e-19,,1.436e-18
238.07,4.086e+4,,5.777e-10,5.100e-34,,,5.764e-44,2.051e-22,1.513e-24,1.286e-42,6.015e+2,1.707e-22,2.911e-32,1.322e-19,2.546e-23,5.493e-35,,1.169e-28,,1.684e-22,9.473e-20,5.516e-28,6.895e-1,,1.767e-4,5.704e-1,5.495e-21,,9.160e-5,2.351e-20,4.026e+4,7.536e-8,1.856e-21,1.259e-24,,,,,,,,,,,,1.678e+0,,,,,,,,,,,,3.102e-19,,1.438e-18
238.09,4.376e+4,,3.915e-10,5.096e-34,,,8.741e-44,2.052e-22,1.509e-24,3.360e-42,5.108e+2,1.714e-22,2.913e-32,1.318e-19,2.543e-23,5.508e-35,,1.170e-28,,1.683e-22,9.486e-20,1.263e-27,8.844e-1,,1.192e-4,6.764e-1,5.496e-21,,5.541e-5,2.341e-20,4.324e+4,5.710e-8,1.856e-21,1.260e-24,,,,,,,,,,,,1.545e+0,,,,,,,,,,,,3.105e-19,,1.440e-18
238.11,4.634e+4,,2.618e-10,5.092e-34,,,1.308e-43,2.052e-22,1.506e-24,8.661e-42,4.281e+2,1.720e-22,2.915e-32,1.314e-19,2.541e-23,5.524e-35,,1.171e-28,,1.681e-22,9.498e-20,2.853e-27,1.119e+0,,7.935e-5,7.919e-1,5.498e-21,,3.307e-5,2.332e-20,4.591e+4,4.268e-8,1.857e-21,1.260e-24,,,,,,,,,,,,1.404e+0,,,,,,,,,,,,3.109e-19,,1.442e-18
238.14,4.942e+4,,1.395e-10,5.086e-34,,,2.334e-43,2.052e-22,1.501e-24,3.496e-41,3.203e+2,1.730e-22,2.919e-32,1.308e-19,2.537e-23,5.548e-35,,1.173e-28,,9.490e-22,9.516e-20,9.448e-27,1.554e+0,,4.201e-5,9.796e-1,5.500e-21,,1.486e-5,2.318e-20,4.910e+4,2.692e-8,1.858e-21,1.262e-24,,,,,,,,,,,,1.186e+0,,,,,,,,,,,,3.115e-19,,1.444e-18
238.16,5.084e+4,,9.017e-11,5.081e-34,,,3.376e-43,2.053e-22,1.498e-24,8.718e-41,2.597e+2,1.737e-22,2.922e-32,1.305e-19,2.534e-23,5.564e-35,,1.174e-28,,2.959e-21,9.528e-20,2.064e-26,1.901e+0,,2.703e-5,1.111e+0,5.502e-21,,8.573e-6,2.308e-20,5.057e+4,1.949e-8,1.859e-21,1.262e-24,,,,,,,,,,,,1.042e+0,,,,,,,,,,,,3.119e-19,,1.446e-18
238.19,5.186e+4,,4.567e-11,5.075e-34,,,5.729e-43,2.053e-22,1.493e-24,3.348e-40,1.848e+2,1.746e-22,2.925e-32,1.299e-19,2.531e-23,5.588e-35,,1.175e-28,,1.589e-20,9.546e-20,6.502e-26,2.509e+0,,1.360e-5,1.311e+0,5.504e-21,,3.662e-6,2.294e-20,5.167e+4,1.180e-8,1.860e-21,1.264e-24,,,,,,,,,,,,8.377e-1,,,,,,,,,,,,3.124e-19,,1.448e-18
238.21,5.176e+4,,2.854e-11,5.071e-34,,,8.015e-43,2.054e-22,1.489e-24,8.074e-40,1.448e+2,1.753e-22,2.928e-32,1.295e-19,2.528e-23,5.604e-35,,1.177e-28,,4.793e-20,9.558e-20,1.374e-25,2.969e+0,,8.462e-6,1.441e+0,5.505e-21,,2.042e-6,2.285e-20,5.161e+4,8.405e-9,1.861e-21,1.264e-24,,,,,,,,,,,,7.121e-1,,,,,,,,,,,,3.128e-19,,1.450e-18
238.24,5.044e+4,,1.374e-11,5.065e-34,,,1.293e-42,2.054e-22,1.484e-24,2.949e-39,9.799e+1,1.763e-22,2.931e-32,1.290e-19,2.524e-23,5.628e-35,,1.178e-28,,2.448e-19,9.576e-20,4.116e-25,3.726e+0,,4.047e-6,1.622e+0,5.507e-21,,8.287e-7,2.271e-20,5.034e+4,5.217e-9,1.862e-21,1.265e-24,,,,,,,,,,,,5.442e-1,,,,,,,,,,,,3.134e-19,,1.452e-18
238.26,4.883e+4,,8.298e-12,5.060e-34,,,1.750e-42,2.055e-22,1.481e-24,6.879e-39,7.426e+1,1.769e-22,2.934e-32,1.286e-19,2.522e-23,5.643e-35,,1.179e-28,,7.143e-19,9.588e-20,8.412e-25,4.263e+0,,2.433e-6,1.730e+0,5.509e-21,,4.467e-7,2.261e-20,4.875e+4,4.074e-9,1.863e-21,1.266e-24,,,,,,,,,,,,4.473e-1,,,,,,,,,,,,3.137e-19,,1.454e-18
238.29,4.546e+4,,3.797e-12,5.054e-34,,,2.684e-42,2.055e-22,1.476e-24,2.390e-38,4.776e+1,1.779e-22,2.937e-32,1.280e-19,2.518e-23,5.667e-35,,1.181e-28,,3.472e-18,9.607e-20,2.397e-24,5.087e+0,,1.106e-6,1.864e+0,5.511e-21,,1.723e-7,2.247e-20,4.541e+4,3.571e-9,1.864e-21,1.267e-24,,,,,,,,,,,,3.250e-1,,,,,,,,,,,,3.143e-19,,1.456e-18
238.31,4.269e+4,,2.217e-12,5.050e-34,,,3.511e-42,2.056e-22,1.473e-24,5.393e-38,3.499e+1,1.786e-22,2.940e-32,1.276e-19,2.515e-23,5.683e-35,,1.182e-28,,9.797e-18,9.619e-20,4.738e-24,5.627e+0,,6.428e-7,1.930e+0,5.513e-21,,8.976e-8,2.238e-20,4.265e+4,4.014e-9,1.865e-21,1.268e-24,,,,,,,,,,,,2.583e-1,,,,,,,,,,,,3.147e-19,,1.458e-18
238.34,3.799e+4,,9.641e-13,5.044e-34,,,5.123e-42,2.056e-22,1.468e-24,1.782e-37,2.139e+1,1.796e-22,2.944e-32,1.271e-19,2.511e-23,5.707e-35,,1.183e-28,,4.530e-17,9.637e-20,1.284e-23,6.383e+0,,2.777e-7,1.994e+0,5.515e-21,,3.290e-8,2.224e-20,3.796e+4,6.025e-9,1.866e-21,1.269e-24,,,,,,,,,,,,1.784e-1,,,,,,,,,,,,3.152e-19,,1.461e-18
238.36,3.464e+4,,5.441e-13,5.039e-34,,,6.480e-42,2.057e-22,1.464e-24,3.889e-37,1.515e+1,1.802e-22,2.946e-32,1.267e-19,2.509e-23,5.723e-35,,1.184e-28,,1.237e-16,9.649e-20,2.455e-23,6.828e+0,,1.560e-7,2.010e+0,5.516e-21,,1.657e-8,2.214e-20,3.461e+4,8.518e-9,1.867e-21,1.270e-24,,,,,,,,,,,,1.371e-1,,,,,,,,,,,,3.156e-19,,1.462e-18
238.39,2.953e+4,,2.249e-13,5.033e-34,,,8.990e-42,2.057e-22,1.459e-24,1.223e-36,8.804e+0,1.812e-22,2.950e-32,1.261e-19,2.505e-23,5.747e-35,,1.186e-28,,5.439e-16,9.667e-20,6.328e-23,7.365e+0,,6.405e-8,1.997e+0,5.519e-21,,5.773e-9,2.200e-20,2.951e+4,1.472e-8,1.868e-21,1.271e-24,,,,,,,,,,,,9.001e-2,,,,,,,,,,,,3.162e-19,,1.465e-18
238.41,2.621e+4,,1.227e-13,5.029e-34,,,1.100e-41,2.057e-22,1.456e-24,2.580e-36,6.028e+0,1.819e-22,2.952e-32,1.257e-19,2.502e-23,5.763e-35,,1.187e-28,,1.436e-15,9.679e-20,1.170e-22,7.617e+0,,3.478e-8,1.965e+0,5.520e-21,,2.810e-9,2.191e-20,2.619e+4,2.113e-8,1.869e-21,1.272e-24,,,,,,,,,,,,6.686e-2,,,,,,,,,,,,3.165e-19,,1.466e-18
238.44,2.154e+4,,4.821e-14,5.022e-34,,,1.451e-41,2.058e-22,1.451e-24,7.717e-36,3.330e+0,1.828e-22,2.956e-32,1.252e-19,2.498e-23,5.786e-35,,1.188e-28,,6.010e-15,9.697e-20,2.868e-22,7.811e+0,,1.357e-8,1.886e+0,5.522e-21,,9.303e-10,2.176e-20,2.153e+4,3.569e-8,1.870e-21,1.273e-24,,,,,,,,,,,,4.174e-2,,,,,,,,,,,,3.171e-19,,1.469e-18
238.46,1.873e+4,,2.543e-14,5.018e-34,,,1.716e-41,2.058e-22,1.448e-24,1.575e-35,2.204e+0,1.835e-22,2.958e-32,1.248e-19,2.496e-23,5.802e-35,,1.189e-28,,1.535e-14,9.710e-20,5.129e-22,7.811e+0,,7.125e-9,1.817e+0,5.524e-21,,4.377e-10,2.167e-20,1.872e+4,4.986e-8,1.870e-21,1.274e-24,,,,,,,,,,,,2.997e-2,,,,,,,,,,,,3.175e-19,,1.470e-18
238.48,1.621e+4,,1.323e-14,5.014e-34,,,2.002e-41,2.059e-22,1.444e-24,3.173e-35,1.440e+0,1.841e-22,2.961e-32,1.244e-19,2.493e-23,5.818e-35,,1.190e-28,,3.869e-14,9.722e-20,9.050e-22,7.707e+0,,3.690e-9,1.737e+0,5.525e-21,,2.033e-10,2.158e-20,1.620e+4,6.875e-8,1.871e-21,1.274e-24,,,,,,,,,,,,2.124e-2,,,,,,,,,,,,3.178e-19,,1.472e-18
238.51,1.303e+4,,4.840e-15,5.008e-34,,,2.461e-41,2.059e-22,1.439e-24,8.847e-35,7.407e-1,1.851e-22,2.964e-32,1.239e-19,2.489e-23,5.842e-35,,1.192e-28,,1.510e-13,9.740e-20,2.069e-21,7.365e+0,,1.341e-9,1.605e+0,5.528e-21,,6.303e-11,2.144e-20,1.302e+4,1.086e-7,1.872e-21,1.276e-24,,,,,,,,,,,,1.235e-2,,,,,,,,,,,,3.184e-19,,1.474e-18
238.53,1.132e+4,,2.435e-15,5.003e-34,,,2.778e-41,2.060e-22,1.436e-24,1.724e-34,4.676e-1,1.858e-22,2.967e-32,1.235e-19,2.487e-23,5.858e-35,,1.193e-28,,3.681e-13,9.752e-20,3.530e-21,7.026e+0,,6.713e-10,1.511e+0,5.529e-21,,2.899e-11,2.134e-20,1.132e+4,1.448e-7,1.873e-21,1.276e-24,,,,,,,,,,,,8.458e-3,,,,,,,,,,,,3.188e-19,,1.476e-18
238.56,9.392e+3,,8.466e-16,4.997e-34,,,3.247e-41,2.060e-22,1.431e-24,4.571e-34,2.287e-1,1.868e-22,2.970e-32,1.229e-19,2.483e-23,5.882e-35,,1.195e-28,,1.367e-12,9.770e-20,7.674e-21,6.383e+0,,2.318e-10,1.369e+0,5.531e-21,,1.117e-11,2.120e-20,9.384e+3,2.176e-7,1.874e-21,1.277e-24,,,,,,,,,,,,4.675e-3,,,,,,,,,,,,3.193e-19,,1.479e-18
238.58,8.496e+3,,4.116e-16,4.993e-34,,,3.543e-41,2.061e-22,1.428e-24,8.613e-34,1.396e-1,1.874e-22,2.973e-32,1.225e-19,2.480e-23,5.898e-35,,1.196e-28,,3.223e-12,9.782e-20,1.267e-20,5.888e+0,,1.122e-10,1.276e+0,5.533e-21,,9.948e-12,2.111e-20,8.489e+3,2.807e-7,1.875e-21,1.278e-24,,,,,,,,,,,,3.096e-3,,,,,,,,,,,,3.197e-19,,1.480e-18
238.61,7.681e+3,,1.361e-16,4.987e-34,,,3.939e-41,2.061e-22,1.423e-24,2.173e-33,6.489e-2,1.884e-22,2.976e-32,1.220e-19,2.477e-23,5.921e-35,,1.197e-28,,1.138e-11,9.800e-20,2.619e-20,5.087e+0,,3.683e-11,1.145e+0,5.535e-21,,2.095e-11,2.096e-20,7.675e+3,4.011e-7,1.876e-21,1.279e-24,,,,,,,,,,,,1.627e-3,,,,,,,,,,,,3.203e-19,,1.483e-18
238.63,7.446e+3,,6.395e-17,4.982e-34,,,4.156e-41,2.062e-22,1.419e-24,3.960e-33,3.829e-2,1.891e-22,2.979e-32,1.216e-19,2.474e-23,5.937e-35,,1.198e-28,,2.596e-11,9.812e-20,4.180e-20,4.537e+0,,1.723e-11,1.065e+0,5.536e-21,,4.240e-11,2.087e-20,7.441e+3,5.003e-7,1.877e-21,1.280e-24,,,,,,,,,,,,1.042e-3,,,,,,,,,,,,3.206e-19,,1.484e-18
238.66,7.470e+3,,2.009e-17,4.976e-34,,,4.393e-41,2.062e-22,1.414e-24,9.503e-33,1.692e-2,1.900e-22,2.983e-32,1.210e-19,2.470e-23,5.961e-35,,1.200e-28,,8.725e-11,9.831e-20,8.221e-20,3.726e+0,,5.374e-12,9.566e-1,5.539e-21,,1.252e-10,2.073e-20,7.466e+3,6.798e-7,1.878e-21,1.281e-24,,,,,,,,,,,,5.202e-4,,,,,,,,,,,,3.212e-19,,1.487e-18
238.68,7.682e+3,,9.127e-18,4.972e-34,,,4.483e-41,2.062e-22,1.411e-24,1.675e-32,9.651e-3,1.907e-22,2.985e-32,1.207e-19,2.468e-23,5.977e-35,,1.201e-28,,1.925e-10,9.843e-20,1.269e-19,3.213e+0,,2.430e-12,8.941e-1,5.540e-21,,2.547e-10,2.063e-20,7.678e+3,8.201e-7,1.879e-21,1.282e-24,,,,,,,,,,,,3.220e-4,,,,,,,,,,,,3.216e-19,,1.488e-18
238.71,8.197e+3,,2.725e-18,4.965e-34,,,4.506e-41,2.063e-22,1.406e-24,3.824e-32,4.054e-3,1.917e-22,2.989e-32,1.201e-19,2.464e-23,6.001e-35,,1.202e-28,,6.154e-10,9.861e-20,2.374e-19,2.509e+0,,7.205e-13,8.148e-1,5.542e-21,,7.222e-10,2.049e-20,8.194e+3,1.060e-6,1.880e-21,1.283e-24,,,,,,,,,,,,1.529e-4,,,,,,,,,,,,3.221e-19,,1.491e-18
238.73,8.615e+3,,1.197e-18,4.961e-34,,,4.447e-41,2.063e-22,1.403e-24,6.519e-32,2.236e-3,1.923e-22,2.991e-32,1.197e-19,2.461e-23,6.017e-35,,1.203e-28,,1.313e-9,9.873e-20,3.545e-19,2.093e+0,,3.149e-13,7.713e-1,5.544e-21,,1.423e-9,2.040e-20,8.612e+3,1.236e-6,1.881e-21,1.284e-24,,,,,,,,,,,,9.148e-5,,,,,,,,,,,,3.225e-19,,1.493e-18
238.76,9.262e+3,,3.403e-19,4.955e-34,,,4.251e-41,2.064e-22,1.398e-24,1.415e-31,8.926e-4,1.933e-22,2.995e-32,1.191e-19,2.457e-23,6.040e-35,,1.205e-28,,3.994e-9,9.891e-20,6.307e-19,1.554e+0,,8.874e-14,7.190e-1,5.546e-21,,3.844e-9,2.026e-20,9.260e+3,1.519e-6,1.882e-21,1.285e-24,,,,,,,,,,,,4.129e-5,,,,,,,,,,,,3.231e-19,,1.495e-18
238.78,9.657e+3,,1.458e-19,4.951e-34,,,4.059e-41,2.064e-22,1.394e-24,2.334e-31,4.758e-4,1.940e-22,2.997e-32,1.188e-19,2.455e-23,6.056e-35,,1.206e-28,,8.246e-9,9.903e-20,9.107e-19,1.253e+0,,3.750e-14,6.916e-1,5.548e-21,,7.332e-9,2.016e-20,9.655e+3,1.714e-6,1.883e-21,1.286e-24,,,,,,,,,,,,2.389e-5,,,,,,,,,,,,3.234e-19,,1.497e-18
238.81,1.012e+4,,4.536e-20,4.944e-34,,,3.694e-41,2.065e-22,1.389e-24,4.821e-31,1.806e-4,1.950e-22,3.001e-32,1.182e-19,2.451e-23,6.080e-35,,1.207e-28,,2.386e-8,9.921e-20,1.541e-18,8.844e-1,,1.004e-14,6.590e-1,5.550e-21,,1.885e-8,2.002e-20,1.012e+4,2.003e-6,1.884e-21,1.287e-24,,,,,,,,,,,,1.025e-5,,,,,,,,,,,,3.240e-19,,1.499e-18
238.83,1.032e+4,,3.198e-20,4.940e-34,,,3.414e-41,2.065e-22,1.386e-24,7.688e-31,9.308e-5,1.956e-22,3.003e-32,1.178e-19,2.448e-23,6.096e-35,,1.208e-28,,4.764e-8,9.934e-20,2.152e-18,6.895e-1,,4.101e-15,6.412e-1,5.551e-21,,3.482e-8,1.993e-20,1.032e+4,2.185e-6,1.885e-21,1.288e-24,,,,,,,,,,,,5.732e-6,,,,,,,,,,,,3.244e-19,,1.501e-18
238.86,1.040e+4,,6.498e-20,4.934e-34,,,2.964e-41,2.066e-22,1.381e-24,1.510e-30,3.358e-5,1.966e-22,3.007e-32,1.173e-19,2.444e-23,6.120e-35,,1.210e-28,,1.311e-7,9.952e-20,3.464e-18,4.628e-1,,1.044e-15,6.175e-1,5.554e-21,,8.527e-8,1.979e-20,1.040e+4,2.428e-6,1.886e-21,1.289e-24,,,,,,,,,,,,2.338e-6,,,,,,,,,,,,3.249e-19,,1.503e-18
238.88,1.030e+4,,1.475e-19,4.930e-34,,,2.659e-41,2.066e-22,1.378e-24,2.330e-30,1.673e-5,1.973e-22,3.009e-32,1.169e-19,2.442e-23,6.136e-35,,1.211e-28,,2.533e-7,9.964e-20,4.679e-18,3.488e-1,,4.121e-16,6.018e-1,5.555e-21,,1.524e-7,1.969e-20,1.030e+4,2.562e-6,1.886e-21,1.290e-24,,,,,,,,,,,,1.264e-6,,,,,,,,,,,,3.253e-19,,1.505e-18
238.9,1.007e+4,,3.456e-19,4.925e-34,,,2.361e-41,2.067e-22,1.374e-24,3.547e-30,8.224e-6,1.979e-22,3.012e-32,1.165e-19,2.439e-23,6.152e-35,,1.212e-28,,4.828e-7,9.976e-20,6.236e-18,2.594e-1,,1.605e-16,5.851e-1,5.557e-21,,2.690e-7,1.960e-20,1.007e+4,2.667e-6,1.887e-21,1.290e-24,,,,,,,,,,,,6.743e-7,,,,,,,,,,,,3.257e-19,,1.506e-18
238.93,9.528e+3,,1.224e-18,4.919e-34,,,1.947e-41,2.067e-22,1.369e-24,6.496e-30,2.763e-6,1.989e-22,3.015e-32,1.159e-19,2.435e-23,6.175e-35,,1.214e-28,,1.239e-6,9.994e-20,9.357e-18,1.623e-1,,3.805e-17,5.561e-1,5.559e-21,,6.156e-7,1.946e-20,9.527e+3,2.763e-6,1.888e-21,1.291e-24,,,,,,,,,,,,2.562e-7,,,,,,,,,,,,3.263e-19,,1.509e-18
238.95,9.044e+3,,2.801e-18,4.915e-34,,,1.703e-41,2.067e-22,1.366e-24,9.565e-30,1.313e-6,1.995e-22,3.018e-32,1.156e-19,2.433e-23,6.191e-35,,1.215e-28,,2.285e-6,1.001e-19,1.206e-17,1.167e-1,,1.433e-17,5.334e-1,5.560e-21,,1.052e-6,1.936e-20,9.043e+3,2.781e-6,1.889e-21,1.292e-24,,,,,,,,,,,,1.321e-7,,,,,,,,,,,,3.266e-19,,1.511e-18
238.98,8.189e+3,,9.462e-18,4.909e-34,,,1.399e-41,2.068e-22,1.361e-24,1.666e-29,4.194e-7,2.005e-22,3.022e-32,1.150e-19,2.429e-23,6.215e-35,,1.216e-28,,5.580e-6,1.002e-19,1.721e-17,6.939e-2,,3.227e-18,4.937e-1,5.562e-21,,2.293e-6,1.922e-20,8.188e+3,2.740e-6,1.890e-21,1.293e-24,,,,,,,,,,,,4.771e-8,,,,,,,,,,,,3.272e-19,,1.513e-18
239,7.568e+3,,2.096e-17,4.904e-34,,,1.243e-41,2.068e-22,1.358e-24,2.373e-29,1.927e-7,2.012e-22,3.024e-32,1.146e-19,2.426e-23,6.231e-35,,1.217e-28,,9.952e-6,1.004e-19,2.146e-17,4.825e-2,,1.175e-18,4.635e-1,5.564e-21,,3.794e-6,1.913e-20,7.567e+3,2.667e-6,1.891e-21,1.294e-24,,,,,,,,,,,,2.379e-8,,,,,,,,,,,,3.276e-19,,1.515e-18
239.03,6.627e+3,,6.742e-17,4.898e-34,,,1.087e-41,2.069e-22,1.353e-24,3.933e-29,5.850e-8,2.022e-22,3.028e-32,1.140e-19,2.423e-23,6.255e-35,,1.219e-28,,2.312e-5,1.005e-19,2.913e-17,2.728e-2,,2.515e-19,4.137e-1,5.566e-21,,7.882e-6,1.899e-20,6.627e+3,2.498e-6,1.892e-21,1.295e-24,,,,,,,,,,,,8.167e-9,,,,,,,,,,,,3.281e-19,,1.517e-18
239.05,6.036e+3,,1.445e-16,4.894e-34,,,1.036e-41,2.069e-22,1.349e-24,5.417e-29,2.598e-8,2.028e-22,3.030e-32,1.137e-19,2.420e-23,6.271e-35,,1.220e-28,,3.989e-5,1.007e-19,3.512e-17,1.834e-2,,8.848e-20,3.783e-1,5.568e-21,,1.263e-5,1.889e-20,6.035e+3,2.352e-6,1.893e-21,1.296e-24,,,,,,,,,,,,3.937e-9,,,,,,,,,,,,3.285e-19,,1.519e-18
239.08,5.271e+3,,4.427e-16,4.887e-34,,,1.039e-41,2.070e-22,1.344e-24,8.539e-29,7.497e-9,2.038e-22,3.034e-32,1.131e-19,2.416e-23,6.295e-35,,1.221e-28,,8.815e-5,1.008e-19,4.535e-17,9.859e-3,,1.800e-20,3.237e-1,5.570e-21,,2.501e-5,1.875e-20,5.270e+3,2.095e-6,1.894e-21,1.297e-24,,,,,,,,,,,,1.285e-9,,,,,,,,,,,,3.291e-19,,1.521e-18
239.1,4.882e+3,,9.187e-16,4.883e-34,,,1.091e-41,2.070e-22,1.341e-24,1.137e-28,3.219e-9,2.045e-22,3.036e-32,1.127e-19,2.414e-23,6.310e-35,,1.222e-28,,1.471e-4,1.010e-19,5.288e-17,6.409e-3,,6.123e-21,2.874e-1,5.571e-21,,3.883e-5,1.866e-20,4.881e+3,1.908e-6,1.895e-21,1.298e-24,,,,,,,,,,,,5.987e-10,,,,,,,,,,,,3.294e-19,,1.523e-18
239.13,4.544e+3,,2.680e-15,4.877e-34,,,1.241e-41,2.071e-22,1.336e-24,1.706e-28,8.830e-10,2.054e-22,3.040e-32,1.122e-19,2.410e-23,6.334e-35,,1.224e-28,,3.093e-4,1.012e-19,6.494e-17,3.276e-3,,1.184e-21,2.349e-1,5.574e-21,,7.332e-5,1.851e-20,4.543e+3,1.616e-6,1.896e-21,1.299e-24,,,,,,,,,,,,1.857e-10,,,,,,,,,,,,3.300e-19,,1.525e-18
239.15,4.516e+3,,5.382e-15,4.873e-34,,,1.382e-41,2.071e-22,1.333e-24,2.198e-28,3.665e-10,2.061e-22,3.042e-32,1.118e-19,2.407e-23,6.350e-35,,1.225e-28,,4.992e-4,1.013e-19,7.323e-17,2.059e-3,,3.892e-22,2.021e-1,5.575e-21,,1.103e-4,1.842e-20,4.516e+3,1.423e-6,1.897e-21,1.300e-24,,,,,,,,,,,,8.368e-11,,,,,,,,,,,,3.304e-19,,1.527e-18
239.18,4.823e+3,,1.495e-14,4.866e-34,,,1.647e-41,2.072e-22,1.328e-24,3.135e-28,9.557e-11,2.071e-22,3.046e-32,1.112e-19,2.403e-23,6.374e-35,,1.226e-28,,9.986e-4,1.015e-19,8.554e-17,1.001e-3,,7.153e-23,1.575e-1,5.577e-21,,1.986e-4,1.828e-20,4.823e+3,1.146e-6,1.898e-21,1.301e-24,,,,,,,,,,,,2.468e-11,,,,,,,,,,,,3.309e-19,,1.529e-18
239.2,5.286e+3,,2.907e-14,4.862e-34,,,1.849e-41,2.072e-22,1.324e-24,3.906e-28,3.835e-11,2.077e-22,3.048e-32,1.108e-19,2.401e-23,6.390e-35,,1.227e-28,,1.559e-3,1.016e-19,9.330e-17,6.081e-4,,2.273e-23,1.312e-1,5.579e-21,,2.894e-4,1.819e-20,5.286e+3,9.762e-7,1.899e-21,1.302e-24,,,,,,,,,,,,1.075e-11,,,,,,,,,,,,3.313e-19,,1.531e-18
239.23,6.402e+3,,7.691e-14,4.856e-34,,,2.177e-41,2.073e-22,1.319e-24,5.300e-28,9.505e-12,2.087e-22,3.052e-32,1.103e-19,2.397e-23,6.414e-35,,1.229e-28,,2.967e-3,1.018e-19,1.037e-16,2.810e-4,,3.971e-24,9.738e-2,5.581e-21,,4.973e-4,1.804e-20,6.402e+3,7.479e-7,1.900e-21,1.303e-24,,,,,,,,,,,,3.013e-12,,,,,,,,,,,,3.319e-19,,1.533e-18
239.25,7.439e+3,,1.448e-13,4.852e-34,,,2.399e-41,2.073e-22,1.316e-24,6.388e-28,3.688e-12,2.094e-22,3.054e-32,1.099e-19,2.394e-23,6.430e-35,,1.230e-28,,4.481e-3,1.019e-19,1.093e-16,1.651e-4,,4.202e-24,7.851e-2,5.583e-21,,7.024e-4,1.795e-20,7.439e+3,6.158e-7,1.900e-21,1.304e-24,,,,,,,,,,,,1.269e-12,,,,,,,,,,,,3.322e-19,,1.535e-18
239.27,8.714e+3,,2.689e-13,4.847e-34,,,2.617e-41,2.073e-22,1.313e-24,7.598e-28,1.411e-12,2.100e-22,3.057e-32,1.095e-19,2.392e-23,6.445e-35,,1.231e-28,,6.679e-3,1.020e-19,1.138e-16,9.574e-5,,4.433e-24,6.247e-2,5.584e-21,,9.800e-4,1.786e-20,8.714e+3,5.003e-7,1.901e-21,1.304e-24,,,,,,,,,,,,5.272e-13,,,,,,,,,,,,3.326e-19,,1.537e-18
239.3,1.105e+4,,6.646e-13,4.841e-34,,,2.916e-41,2.074e-22,1.308e-24,9.611e-28,3.258e-13,2.110e-22,3.061e-32,1.090e-19,2.388e-23,6.469e-35,,1.233e-28,,1.185e-2,1.022e-19,1.179e-16,4.122e-5,,4.780e-24,4.325e-2,5.586e-21,,1.578e-3,1.771e-20,1.105e+4,3.573e-7,1.902e-21,1.305e-24,,,,,,,,,,,,1.376e-13,,,,,,,,,,,,3.332e-19,,1.539e-18
239.32,1.288e+4,,1.195e-12,4.837e-34,,,3.085e-41,2.074e-22,1.304e-24,1.106e-27,1.206e-13,2.117e-22,3.063e-32,1.086e-19,2.385e-23,6.485e-35,,1.234e-28,,1.709e-2,1.023e-19,1.187e-16,2.311e-5,,5.012e-24,3.329e-2,5.588e-21,,2.135e-3,1.762e-20,1.288e+4,2.807e-7,1.903e-21,1.306e-24,,,,,,,,,,,,5.529e-14,,,,,,,,,,,,3.335e-19,,1.541e-18
239.35,1.593e+4,,2.814e-12,4.830e-34,,,3.278e-41,2.075e-22,1.299e-24,1.330e-27,2.645e-14,2.127e-22,3.067e-32,1.080e-19,2.381e-23,6.509e-35,,1.235e-28,,2.885e-2,1.025e-19,1.169e-16,9.459e-6,,5.358e-24,2.192e-2,5.590e-21,,3.285e-3,1.748e-20,1.593e+4,1.906e-7,1.904e-21,1.307e-24,,,,,,,,,,,,1.372e-14,,,,,,,,,,,,3.341e-19,,1.543e-18
239.37,1.813e+4,,4.899e-12,4.826e-34,,,3.359e-41,2.075e-22,1.296e-24,1.480e-27,9.462e-15,2.133e-22,3.069e-32,1.076e-19,2.379e-23,6.525e-35,,1.236e-28,,4.023e-2,1.026e-19,1.138e-16,5.128e-6,,5.590e-24,1.632e-2,5.591e-21,,4.312e-3,1.738e-20,1.813e+4,1.448e-7,1.905e-21,1.308e-24,,,,,,,,,,,,5.329e-15,,,,,,,,,,,,3.345e-19,,1.545e-18
239.4,2.152e+4,,1.098e-11,4.820e-34,,,3.398e-41,2.076e-22,1.291e-24,1.694e-27,1.974e-15,2.143e-22,3.073e-32,1.071e-19,2.375e-23,6.549e-35,,1.238e-28,,6.461e-2,1.028e-19,1.066e-16,1.996e-6,,5.937e-24,1.022e-2,5.594e-21,,6.341e-3,1.724e-20,2.152e+4,9.354e-8,1.906e-21,1.309e-24,,,,,,,,,,,,1.257e-15,,,,,,,,,,,,3.350e-19,,1.547e-18
239.42,2.377e+4,,1.852e-11,4.816e-34,,,3.369e-41,2.076e-22,1.288e-24,1.823e-27,6.825e-16,2.150e-22,3.075e-32,1.067e-19,2.372e-23,6.565e-35,,1.239e-28,,8.715e-2,1.029e-19,1.004e-16,1.046e-6,,6.168e-24,7.361e-3,5.595e-21,,8.080e-3,1.715e-20,2.377e+4,6.873e-8,1.907e-21,1.310e-24,,,,,,,,,,,,4.720e-16,,,,,,,,,,,,3.354e-19,,1.549e-18
239.45,2.696e+4,,3.955e-11,4.809e-34,,,3.243e-41,2.077e-22,1.283e-24,1.985e-27,1.353e-16,2.159e-22,3.079e-32,1.061e-19,2.369e-23,6.588e-35,,1.240e-28,,1.332e-1,1.031e-19,8.948e-17,3.871e-7,,6.515e-24,4.386e-3,5.597e-21,,1.137e-2,1.701e-20,2.696e+4,4.221e-8,1.908e-21,1.311e-24,,,,,,,,,,,,1.059e-16,,,,,,,,,,,,3.360e-19,,1.551e-18
239.47,2.886e+4,,6.455e-11,4.805e-34,,,3.110e-41,2.077e-22,1.279e-24,2.066e-27,4.524e-17,2.166e-22,3.081e-32,1.057e-19,2.366e-23,6.604e-35,,1.241e-28,,1.737e-1,1.032e-19,8.150e-17,1.962e-7,,6.746e-24,3.054e-3,5.599e-21,,1.407e-2,1.691e-20,2.886e+4,3.000e-8,1.909e-21,1.312e-24,,,,,,,,,,,,3.843e-17,,,,,,,,,,,,3.364e-19,,1.553e-18
239.5,3.123e+4,,1.314e-10,4.799e-34,,,2.849e-41,2.078e-22,1.274e-24,2.140e-27,8.525e-18,2.176e-22,3.085e-32,1.052e-19,2.362e-23,6.628e-35,,1.243e-28,,2.526e-1,1.034e-19,6.908e-17,6.901e-8,,7.093e-24,1.730e-3,5.601e-21,,1.896e-2,1.677e-20,3.123e+4,1.753e-8,1.910e-21,1.313e-24,,,,,,,,,,,,8.193e-18,,,,,,,,,,,,3.369e-19,,1.556e-18
239.52,3.242e+4,,2.076e-10,4.795e-34,,,2.643e-41,2.078e-22,1.271e-24,2.154e-27,2.755e-18,2.182e-22,3.087e-32,1.048e-19,2.360e-23,6.644e-35,,1.244e-28,,3.187e-1,1.035e-19,6.084e-17,3.382e-8,,7.324e-24,1.165e-3,5.603e-21,,2.281e-2,1.668e-20,3.242e+4,1.205e-8,1.911e-21,1.314e-24,,,,,,,,,,,,2.875e-18,,,,,,,,,,,,3.373e-19,,1.557e-18
239.55,3.352e+4,,4.025e-10,4.788e-34,,,2.303e-41,2.079e-22,1.266e-24,2.122e-27,4.936e-19,2.192e-22,3.091e-32,1.042e-19,2.356e-23,6.668e-35,,1.245e-28,,4.408e-1,1.037e-19,4.905e-17,1.131e-8,,7.671e-24,6.278e-4,5.605e-21,,2.947e-2,1.654e-20,3.352e+4,6.711e-9,1.912e-21,1.315e-24,,,,,,,,,,,,5.827e-19,,,,,,,,,,,,3.378e-19,,1.560e-18
239.57,3.378e+4,,6.158e-10,4.784e-34,,,2.066e-41,2.079e-22,1.263e-24,2.066e-27,1.542e-19,2.199e-22,3.093e-32,1.039e-19,2.353e-23,6.684e-35,,1.246e-28,,5.381e-1,1.038e-19,4.178e-17,5.361e-9,,7.902e-24,4.088e-4,5.606e-21,,3.449e-2,1.644e-20,3.378e+4,4.484e-9,1.913e-21,1.316e-24,,,,,,,,,,,,1.977e-19,,,,,,,,,,,,3.382e-19,,1.561e-18
239.6,3.347e+4,,1.137e-9,4.778e-34,,,1.713e-41,2.080e-22,1.258e-24,1.936e-27,1.562e-19,2.208e-22,3.097e-32,1.033e-19,2.349e-23,6.707e-35,,1.248e-28,,7.080e-1,1.040e-19,3.204e-17,1.705e-9,,8.249e-24,2.095e-4,5.609e-21,,4.280e-2,1.630e-20,3.347e+4,2.436e-9,1.914e-21,1.317e-24,,,,,,,,,,,,3.808e-20,,,,,,,,,,,,3.388e-19,,1.564e-18
239.62,3.284e+4,,1.685e-9,4.774e-34,,,1.487e-41,2.080e-22,1.254e-24,1.823e-27,1.575e-19,2.215e-22,3.100e-32,1.029e-19,2.347e-23,6.723e-35,,1.249e-28,,8.360e-1,1.041e-19,2.640e-17,7.811e-10,,8.481e-24,1.319e-4,5.610e-21,,4.879e-2,1.621e-20,3.283e+4,1.655e-9,1.915e-21,1.317e-24,,,,,,,,,,,,1.249e-20,,,,,,,,,,,,3.392e-19,,1.565e-18
239.64,3.190e+4,,2.464e-9,4.769e-34,,,1.273e-41,2.080e-22,1.251e-24,1.694e-27,1.589e-19,2.222e-22,3.102e-32,1.025e-19,2.344e-23,6.739e-35,,1.250e-28,,9.742e-1,1.042e-19,2.146e-17,3.531e-10,,8.712e-24,8.196e-5,5.612e-21,,5.505e-2,1.611e-20,3.190e+4,1.194e-9,1.915e-21,1.318e-24,,,,,,,,,,,,4.041e-21,,,,,,,,,,,,3.395e-19,,1.567e-18
239.67,3.006e+4,,4.254e-9,4.763e-34,,,9.841e-42,2.081e-22,1.246e-24,1.480e-27,1.608e-19,2.231e-22,3.106e-32,1.020e-19,2.340e-23,6.763e-35,,1.252e-28,,1.195e+0,1.044e-19,1.534e-17,1.046e-10,,4.858e-23,3.915e-5,5.614e-21,,6.476e-2,1.597e-20,3.006e+4,9.507e-10,1.916e-21,1.319e-24,,,,,,,,,,,,7.253e-22,,,,,,,,,,,,3.401e-19,,1.570e-18
239.69,2.862e+4,,6.024e-9,4.759e-34,,,8.152e-42,2.081e-22,1.243e-24,1.330e-27,1.622e-19,2.238e-22,3.108e-32,1.016e-19,2.338e-23,6.779e-35,,1.253e-28,,1.347e+0,1.045e-19,1.206e-17,4.573e-11,,1.503e-22,2.352e-5,5.615e-21,,7.131e-2,1.588e-20,2.862e+4,1.042e-9,1.917e-21,1.320e-24,,,,,,,,,,,,2.269e-22,,,,,,,,,,,,3.405e-19,,1.571e-18
239.72,2.630e+4,,9.909e-9,4.752e-34,,,5.995e-42,2.082e-22,1.238e-24,1.106e-27,1.642e-19,2.248e-22,3.112e-32,1.010e-19,2.334e-23,6.803e-35,,1.254e-28,,1.573e+0,1.047e-19,8.201e-18,1.289e-11,,7.977e-22,1.069e-5,5.617e-21,,8.098e-2,1.574e-20,2.630e+4,1.578e-9,1.918e-21,1.321e-24,,,,,,,,,,,,2.280e-22,,,,,,,,,,,,3.410e-19,,1.574e-18
239.74,2.472e+4,,1.359e-8,4.748e-34,,,4.804e-42,2.082e-22,1.234e-24,9.611e-28,1.655e-19,2.254e-22,3.114e-32,1.006e-19,2.331e-23,6.819e-35,,1.255e-28,,1.715e+0,1.048e-19,6.236e-18,5.446e-12,,2.388e-21,6.210e-6,5.619e-21,,8.717e-2,1.564e-20,2.471e+4,2.271e-9,1.919e-21,1.322e-24,,,,,,,,,,,,2.288e-22,,,,,,,,,,,,3.414e-19,,1.575e-18
239.77,2.241e+4,,2.130e-8,4.742e-34,,,3.361e-42,2.083e-22,1.229e-24,7.598e-28,1.675e-19,2.264e-22,3.118e-32,1.001e-19,2.327e-23,6.842e-35,,1.257e-28,,1.904e+0,1.050e-19,4.033e-18,1.459e-12,,1.207e-20,2.688e-6,5.621e-21,,9.584e-2,1.550e-20,2.241e+4,4.031e-9,1.920e-21,1.323e-24,,,,,,,,,,,,2.299e-22,,,,,,,,,,,,3.420e-19,,1.578e-18
239.79,2.097e+4,,2.828e-8,4.738e-34,,,2.605e-42,2.083e-22,1.226e-24,6.388e-28,1.688e-19,2.271e-22,3.120e-32,9.970e-20,2.325e-23,6.858e-35,,1.258e-28,,2.008e+0,1.051e-19,2.966e-18,5.962e-13,,3.496e-20,1.521e-6,5.623e-21,,1.011e-1,1.541e-20,2.096e+4,5.887e-9,1.921e-21,1.324e-24,,,,,,,,,,,,2.307e-22,,,,,,,,,,,,3.423e-19,,1.579e-18
239.82,1.898e+4,,4.223e-8,4.731e-34,,,1.735e-42,2.084e-22,1.221e-24,4.804e-28,1.708e-19,2.281e-22,3.124e-32,9.914e-20,2.321e-23,6.882e-35,,1.259e-28,,2.121e+0,1.053e-19,1.824e-18,1.519e-13,,1.682e-19,6.590e-7,5.625e-21,,1.080e-1,1.526e-20,1.898e+4,1.019e-8,1.922e-21,1.325e-24,,,,,,,,,,,,2.318e-22,,,,,,,,,,,,3.429e-19,,1.582e-18
239.84,1.779e+4,,5.430e-8,4.727e-34,,,1.302e-42,2.084e-22,1.218e-24,3.906e-28,1.721e-19,2.287e-22,3.126e-32,9.876e-20,2.318e-23,6.898e-35,,1.260e-28,,2.164e+0,1.054e-19,1.298e-18,6.000e-14,,4.714e-19,4.155e-7,5.626e-21,,1.118e-1,1.517e-20,1.779e+4,1.447e-8,1.923e-21,1.326e-24,,,,,,,,,,,,2.326e-22,,,,,,,,,,,,3.433e-19,,1.583e-18
239.87,1.619e+4,,7.728e-8,4.721e-34,,,8.299e-43,2.085e-22,1.213e-24,2.794e-28,1.741e-19,2.297e-22,3.130e-32,9.819e-20,2.315e-23,6.922e-35,,1.262e-28,,2.175e+0,1.056e-19,7.591e-19,1.453e-14,,2.159e-18,3.460e-7,5.629e-21,,1.164e-1,1.503e-20,1.619e+4,2.389e-8,1.924e-21,1.327e-24,,,,,,,,,,,,2.337e-22,,,,,,,,,,,,3.438e-19,,1.586e-18
239.89,1.523e+4,,9.621e-8,4.717e-34,,,6.089e-43,2.085e-22,1.209e-24,2.198e-28,1.754e-19,2.304e-22,3.132e-32,9.782e-20,2.312e-23,6.938e-35,,1.263e-28,,2.146e+0,1.058e-19,5.222e-19,5.551e-15,,5.856e-18,4.794e-7,5.630e-21,,1.188e-1,1.494e-20,1.523e+4,3.283e-8,1.925e-21,1.328e-24,,,,,,,,,,,,2.345e-22,,,,,,,,,,,,3.442e-19,,1.588e-18
239.92,1.392e+4,,1.305e-7,4.710e-34,,,3.857e-43,2.085e-22,1.204e-24,1.495e-28,1.774e-19,2.313e-22,3.136e-32,9.725e-20,2.308e-23,6.962e-35,,1.264e-28,,2.052e+0,1.059e-19,2.906e-19,1.278e-15,,2.553e-17,1.084e-6,5.632e-21,,1.211e-1,1.479e-20,1.391e+4,5.159e-8,1.926e-21,1.329e-24,,,,,,,,,,,,2.357e-22,,,,,,,,,,,,3.448e-19,,1.590e-18
239.94,1.310e+4,,1.573e-7,4.706e-34,,,2.950e-43,2.086e-22,1.201e-24,1.137e-28,1.787e-19,2.320e-22,3.139e-32,9.687e-20,2.306e-23,6.977e-35,,1.265e-28,,1.958e+0,1.061e-19,1.933e-19,4.722e-16,,6.701e-17,1.971e-6,5.634e-21,,1.219e-1,1.470e-20,1.310e+4,6.858e-8,1.927e-21,1.330e-24,,,,,,,,,,,,2.364e-22,,,,,,,,,,,,3.451e-19,,1.592e-18
239.97,1.194e+4,,2.033e-7,4.700e-34,,,2.311e-43,2.086e-22,1.196e-24,7.361e-29,1.807e-19,2.330e-22,3.142e-32,9.631e-20,2.302e-23,7.001e-35,,1.267e-28,,1.781e+0,1.062e-19,1.023e-19,1.034e-16,,2.781e-16,4.812e-6,5.636e-21,,1.221e-1,1.456e-20,1.194e+4,1.026e-7,1.928e-21,1.331e-24,,,,,,,,,,,,2.376e-22,,,,,,,,,,,,3.457e-19,,1.594e-18
239.99,1.121e+4,,2.373e-7,4.695e-34,,,2.340e-43,2.087e-22,1.193e-24,5.417e-29,1.820e-19,2.336e-22,3.145e-32,9.593e-20,2.299e-23,7.017e-35,,1.268e-28,,1.645e+0,1.064e-19,6.584e-20,3.692e-17,,7.064e-16,8.609e-6,5.638e-21,,1.216e-1,1.446e-20,1.121e+4,1.319e-7,1.929e-21,1.331e-24,,,,,,,,,,,,2.383e-22,,,,,,,,,,,,3.461e-19,,1.596e-18
240.01,1.051e+4,,2.735e-7,4.691e-34,,,2.760e-43,2.087e-22,1.189e-24,3.933e-29,1.834e-19,2.343e-22,3.147e-32,9.555e-20,2.297e-23,7.033e-35,,1.269e-28,,1.498e+0,1.065e-19,4.180e-20,1.301e-17,,1.771e-15,1.521e-5,5.639e-21,,1.206e-1,1.437e-20,1.051e+4,1.674e-7,1.929e-21,1.332e-24,,,,,,,,,,,,2.391e-22,,,,,,,,,,,,3.464e-19,,1.597e-18
240.04,9.539e+3,,3.303e-7,4.685e-34,,,4.299e-43,2.088e-22,1.184e-24,2.373e-29,1.854e-19,2.353e-22,3.151e-32,9.499e-20,2.293e-23,7.057e-35,,1.271e-28,,1.271e+0,1.067e-19,2.063e-20,2.654e-18,,6.861e-15,3.484e-5,5.641e-21,,1.183e-1,1.423e-20,9.537e+3,2.336e-7,1.930e-21,1.333e-24,,,,,,,,,,,,2.402e-22,,,,,,,,,,,,3.470e-19,,1.600e-18
240.06,8.965e+3,,3.686e-7,4.681e-34,,,6.136e-43,2.088e-22,1.181e-24,1.666e-29,1.867e-19,2.359e-22,3.153e-32,9.461e-20,2.290e-23,7.073e-35,,1.272e-28,,1.120e+0,1.068e-19,1.267e-20,9.045e-19,,1.665e-14,5.956e-5,5.643e-21,,1.162e-1,1.413e-20,8.964e+3,2.868e-7,1.931e-21,1.334e-24,,,,,,,,,,,,2.410e-22,,,,,,,,,,,,3.474e-19,,1.601e-18
240.09,8.262e+3,,4.242e-7,4.674e-34,,,1.067e-42,2.089e-22,1.176e-24,9.565e-30,1.887e-19,2.369e-22,3.157e-32,9.404e-20,2.286e-23,7.097e-35,,1.273e-28,,9.040e-1,1.070e-19,5.944e-21,1.769e-19,,6.138e-14,1.299e-4,5.645e-21,,1.123e-1,1.399e-20,8.261e+3,3.807e-7,1.932e-21,1.335e-24,,,,,,,,,,,,2.421e-22,,,,,,,,,,,,3.479e-19,,1.604e-18
240.11,7.930e+3,,4.584e-7,4.670e-34,,,1.535e-42,2.089e-22,1.173e-24,6.496e-30,1.900e-19,2.376e-22,3.159e-32,9.367e-20,2.284e-23,2.201e-34,,1.274e-28,,7.706e-1,1.071e-19,3.530e-21,6.247e-20,,1.441e-13,2.148e-4,5.646e-21,,1.092e-1,1.390e-20,7.929e+3,4.523e-7,1.933e-21,1.336e-24,,,,,,,,,,,,2.429e-22,,,,,,,,,,,,3.483e-19,,1.606e-18
240.14,7.691e+3,,5.027e-7,4.664e-34,,,2.599e-42,2.090e-22,1.168e-24,3.547e-30,1.920e-19,2.385e-22,3.163e-32,9.310e-20,2.280e-23,1.173e-33,,1.276e-28,,5.916e-1,1.073e-19,1.576e-21,3.581e-20,,5.058e-13,4.460e-4,5.649e-21,,1.037e-1,1.376e-20,7.690e+3,5.714e-7,1.934e-21,1.337e-24,,,,,,,,,,,,2.440e-22,,,,,,,,,,,,3.489e-19,,1.608e-18
240.16,7.732e+3,,5.260e-7,4.660e-34,,,3.637e-42,2.090e-22,1.164e-24,2.330e-30,1.933e-19,2.392e-22,3.165e-32,9.272e-20,2.277e-23,3.520e-33,,1.277e-28,,4.878e-1,1.074e-19,9.050e-22,7.936e-20,,1.149e-12,7.138e-4,5.650e-21,,9.963e-2,1.366e-20,7.732e+3,6.568e-7,1.935e-21,1.338e-24,,,,,,,,,,,,2.448e-22,,,,,,,,,,,,3.493e-19,,1.610e-18
240.19,8.133e+3,,5.495e-7,4.653e-34,,,5.878e-42,2.090e-22,1.159e-24,1.210e-30,1.953e-19,2.402e-22,3.169e-32,9.216e-20,2.273e-23,1.786e-32,,1.278e-28,,3.563e-1,1.076e-19,3.842e-22,3.892e-19,,3.840e-12,1.410e-3,5.652e-21,,9.275e-2,1.352e-20,8.133e+3,7.896e-7,1.936e-21,1.339e-24,,,,,,,,,,,,2.460e-22,,,,,,,,,,,,3.498e-19,,1.612e-18
240.21,8.639e+3,,5.567e-7,4.649e-34,,,7.965e-42,2.091e-22,1.156e-24,7.688e-31,1.966e-19,2.408e-22,3.171e-32,9.178e-20,2.271e-23,5.188e-32,,1.279e-28,,2.842e-1,1.077e-19,2.134e-22,1.138e-18,,8.443e-12,2.184e-3,5.654e-21,,8.774e-2,1.343e-20,8.638e+3,8.781e-7,1.937e-21,1.340e-24,,,,,,,,,,,,2.467e-22,,,,,,,,,,,,3.502e-19,,1.614e-18
240.24,9.755e+3,,5.542e-7,4.643e-34,,,1.226e-41,2.091e-22,1.151e-24,3.798e-31,1.986e-19,2.418e-22,3.175e-32,9.121e-20,2.267e-23,2.506e-31,,1.281e-28,,1.975e-1,1.079e-19,8.619e-23,5.551e-18,,2.686e-11,4.108e-3,5.656e-21,,7.965e-2,1.329e-20,9.755e+3,1.005e-6,1.938e-21,1.341e-24,,,,,,,,,,,,2.479e-22,,,,,,,,,,,,3.507e-19,,1.616e-18
240.26,1.073e+4,,5.436e-7,4.639e-34,,,1.607e-41,2.092e-22,1.148e-24,2.334e-31,1.999e-19,2.425e-22,3.178e-32,9.083e-20,2.264e-23,7.046e-31,,1.282e-28,,1.524e-1,1.080e-19,4.630e-23,1.571e-17,,5.715e-11,6.156e-3,5.658e-21,,7.397e-2,1.319e-20,1.073e+4,1.081e-6,1.939e-21,1.342e-24,,,,,,,,,,,,2.486e-22,,,,,,,,,,,,3.511e-19,,1.618e-18
240.29,1.248e+4,,5.155e-7,4.632e-34,,,2.353e-41,2.092e-22,1.143e-24,1.097e-31,2.019e-19,2.435e-22,3.181e-32,9.027e-20,2.261e-23,3.241e-30,,1.283e-28,,1.007e-1,1.082e-19,1.778e-23,7.295e-17,,1.730e-10,1.102e-2,5.660e-21,,6.517e-2,1.305e-20,1.248e+4,1.177e-6,1.940e-21,1.343e-24,,,,,,,,,,,,2.498e-22,,,,,,,,,,,,3.517e-19,,1.620e-18
240.31,1.380e+4,,4.896e-7,4.628e-34,,,2.985e-41,2.093e-22,1.139e-24,6.519e-32,2.032e-19,2.441e-22,3.184e-32,8.989e-20,2.258e-23,8.819e-30,,1.284e-28,,7.516e-2,1.083e-19,9.241e-24,1.998e-16,,3.563e-10,1.598e-2,5.661e-21,,5.924e-2,1.296e-20,1.380e+4,1.226e-6,1.941e-21,1.344e-24,,,,,,,,,,,,2.505e-22,,,,,,,,,,,,3.521e-19,,1.622e-18
240.34,1.594e+4,,4.424e-7,4.622e-34,,,4.160e-41,2.093e-22,1.134e-24,2.914e-32,2.052e-19,2.451e-22,3.187e-32,8.933e-20,2.254e-23,3.862e-29,,1.286e-28,,4.726e-2,1.085e-19,3.376e-24,8.834e-16,,1.027e-9,2.722e-2,5.664e-21,,5.043e-2,1.282e-20,1.594e+4,1.271e-6,1.942e-21,1.345e-24,,,,,,,,,,,,2.517e-22,,,,,,,,,,,,3.526e-19,,1.624e-18
240.36,1.740e+4,,4.068e-7,4.617e-34,,,5.106e-41,2.094e-22,1.131e-24,1.675e-32,2.066e-19,2.458e-22,3.190e-32,8.895e-20,2.252e-23,1.017e-28,,1.287e-28,,3.412e-2,1.086e-19,1.696e-24,2.341e-15,,2.046e-9,3.820e-2,5.665e-21,,4.474e-2,1.272e-20,1.740e+4,1.281e-6,1.943e-21,1.345e-24,,,,,,,,,,,,2.524e-22,,,,,,,,,,,,3.530e-19,,1.626e-18
240.38,1.884e+4,,3.692e-7,4.613e-34,,,6.184e-41,2.094e-22,1.128e-24,9.503e-33,2.079e-19,2.464e-22,3.192e-32,8.857e-20,2.249e-23,2.643e-28,,1.288e-28,,2.431e-2,1.087e-19,8.412e-25,6.125e-15,,4.024e-9,5.290e-2,5.667e-21,,3.929e-2,1.263e-20,1.884e+4,1.275e-6,1.943e-21,1.346e-24,,,,,,,,,,,,2.532e-22,,,,,,,,,,,,3.534e-19,,1.628e-18
240.41,2.086e+4,,3.117e-7,4.607e-34,,,8.041e-41,2.095e-22,1.123e-24,3.960e-33,2.099e-19,2.474e-22,3.196e-32,8.800e-20,2.245e-23,1.081e-27,,1.290e-28,,1.425e-2,1.089e-19,2.865e-25,2.529e-14,,1.083e-8,8.411e-2,5.669e-21,,3.168e-2,1.249e-20,2.086e+4,1.235e-6,1.945e-21,1.347e-24,,,,,,,,,,,,2.543e-22,,,,,,,,,,,,3.539e-19,,1.630e-18
240.43,2.206e+4,,2.739e-7,4.603e-34,,,9.422e-41,2.095e-22,1.119e-24,2.173e-33,2.112e-19,2.481e-22,3.198e-32,8.763e-20,2.243e-23,2.718e-27,,1.291e-28,,9.822e-3,1.090e-19,1.374e-25,6.402e-14,,2.060e-8,1.127e-1,5.670e-21,,2.708e-2,1.239e-20,2.206e+4,1.189e-6,1.945e-21,1.348e-24,,,,,,,,,,,,2.551e-22,,,,,,,,,,,,3.543e-19,,1.632e-18
240.46,2.352e+4,,2.202e-7,4.596e-34,,,1.166e-40,2.095e-22,1.114e-24,8.613e-34,2.132e-19,2.490e-22,3.202e-32,8.706e-20,2.239e-23,1.058e-26,,1.292e-28,,5.480e-3,1.092e-19,4.450e-26,2.517e-13,,5.277e-8,1.706e-1,5.673e-21,,2.094e-2,1.225e-20,2.352e+4,1.098e-6,1.946e-21,1.349e-24,,,,,,,,,,,,2.562e-22,,,,,,,,,,,,3.549e-19,,1.634e-18
240.48,2.424e+4,,1.873e-7,4.592e-34,,,1.322e-40,2.096e-22,1.111e-24,4.571e-34,2.145e-19,2.497e-22,3.204e-32,8.668e-20,2.236e-23,2.576e-26,,1.293e-28,,3.653e-3,1.093e-19,2.064e-26,6.167e-13,,9.718e-8,2.212e-1,5.674e-21,,1.739e-2,1.216e-20,2.424e+4,1.024e-6,1.947e-21,1.350e-24,,,,,,,,,,,,2.570e-22,,,,,,,,,,,,3.552e-19,,1.636e-18
240.51,2.486e+4,,1.435e-7,4.586e-34,,,1.557e-40,2.096e-22,1.106e-24,1.724e-34,2.165e-19,2.507e-22,3.208e-32,8.612e-20,2.232e-23,9.549e-26,,1.295e-28,,1.939e-3,1.095e-19,6.360e-27,2.308e-12,,2.369e-7,3.186e-1,5.676e-21,,1.287e-2,1.201e-20,2.486e+4,9.018e-7,1.948e-21,1.351e-24,,,,,,,,,,,,2.582e-22,,,,,,,,,,,,3.558e-19,,1.638e-18
240.53,2.497e+4,,1.182e-7,4.582e-34,,,1.707e-40,2.097e-22,1.103e-24,8.847e-35,2.178e-19,2.513e-22,3.210e-32,8.574e-20,2.230e-23,2.250e-25,,1.296e-28,,1.250e-3,1.096e-19,2.853e-27,5.473e-12,,4.222e-7,3.998e-1,5.678e-21,,1.037e-2,1.192e-20,2.497e+4,8.158e-7,1.949e-21,1.352e-24,,,,,,,,,,,,2.589e-22,,,,,,,,,,,,3.562e-19,,1.640e-18
240.56,2.469e+4,,8.619e-8,4.575e-34,,,1.914e-40,2.097e-22,1.098e-24,3.173e-35,2.198e-19,2.523e-22,3.214e-32,8.517e-20,2.226e-23,7.940e-25,,1.297e-28,,6.311e-4,1.098e-19,8.360e-28,1.950e-11,,9.801e-7,5.481e-1,5.680e-21,,7.332e-3,1.178e-20,2.469e+4,6.861e-7,1.950e-21,1.353e-24,,,,,,,,,,,,2.601e-22,,,,,,,,,,,,3.567e-19,,1.642e-18
240.58,2.422e+4,,6.871e-8,4.571e-34,,,2.031e-40,2.098e-22,1.094e-24,1.575e-35,2.211e-19,2.530e-22,3.217e-32,8.480e-20,2.223e-23,1.811e-24,,1.298e-28,,3.936e-4,1.099e-19,3.627e-28,4.477e-11,,1.690e-6,6.655e-1,5.681e-21,,5.730e-3,1.169e-20,2.422e+4,6.024e-7,1.951e-21,1.354e-24,,,,,,,,,,,,2.608e-22,,,,,,,,,,,,3.571e-19,,1.644e-18
240.61,2.316e+4,,4.773e-8,4.565e-34,,,2.166e-40,2.098e-22,1.089e-24,5.374e-36,2.231e-19,2.539e-22,3.220e-32,8.423e-20,2.220e-23,6.084e-24,,1.300e-28,,1.891e-4,1.101e-19,1.011e-28,1.519e-10,,3.734e-6,8.685e-1,5.684e-21,,3.867e-3,1.154e-20,2.316e+4,4.850e-7,1.952e-21,1.355e-24,,,,,,,,,,,,2.620e-22,,,,,,,,,,,,3.577e-19,,1.647e-18
240.63,2.227e+4,,3.684e-8,4.560e-34,,,2.224e-40,2.099e-22,1.086e-24,2.580e-36,2.244e-19,2.546e-22,3.223e-32,8.385e-20,2.217e-23,1.343e-23,,1.301e-28,,1.141e-4,1.102e-19,4.242e-29,3.374e-10,,6.232e-6,1.020e+0,5.685e-21,,2.928e-3,1.145e-20,2.227e+4,4.139e-7,1.953e-21,1.356e-24,,,,,,,,,,,,2.627e-22,,,,,,,,,,,,3.580e-19,,1.648e-18
240.66,2.076e+4,,2.437e-8,4.554e-34,,,2.257e-40,2.099e-22,1.081e-24,8.374e-37,2.264e-19,2.556e-22,3.226e-32,8.329e-20,2.213e-23,4.295e-23,,1.302e-28,,5.213e-5,1.104e-19,1.124e-29,1.090e-9,,1.311e-5,1.268e+0,5.687e-21,,1.884e-3,1.131e-20,2.076e+4,3.199e-7,1.954e-21,1.357e-24,,,,,,,,,,,,2.639e-22,,,,,,,,,,,,3.586e-19,,1.651e-18
240.68,1.970e+4,,1.820e-8,4.550e-34,,,2.242e-40,2.100e-22,1.078e-24,3.889e-37,2.278e-19,2.562e-22,3.229e-32,8.291e-20,2.211e-23,9.174e-23,,1.303e-28,,3.042e-5,1.105e-19,4.563e-30,2.343e-9,,2.117e-5,1.441e+0,5.689e-21,,1.382e-3,1.121e-20,1.970e+4,2.661e-7,1.955e-21,1.358e-24,,,,,,,,,,,,2.646e-22,,,,,,,,,,,,3.590e-19,,1.652e-18
240.71,1.813e+4,,1.147e-8,4.544e-34,,,2.166e-40,2.100e-22,1.073e-24,1.201e-37,2.297e-19,2.572e-22,3.232e-32,8.234e-20,2.207e-23,2.794e-22,,1.305e-28,,1.322e-5,1.107e-19,1.151e-30,7.207e-9,,4.239e-5,1.704e+0,5.691e-21,,8.479e-4,1.107e-20,1.813e+4,1.982e-7,1.956e-21,1.359e-24,,,,,,,,,,,,2.658e-22,,,,,,,,,,,,3.595e-19,,1.655e-18
240.73,1.715e+4,,8.292e-9,4.539e-34,,,2.082e-40,2.100e-22,1.069e-24,5.393e-38,2.311e-19,2.579e-22,3.235e-32,8.197e-20,2.204e-23,5.776e-22,,1.306e-28,,7.464e-6,1.108e-19,4.516e-31,1.499e-8,,6.624e-5,1.874e+0,5.693e-21,,6.023e-4,1.098e-20,1.715e+4,1.611e-7,1.957e-21,1.359e-24,,,,,,,,,,,,2.665e-22,,,,,,,,,,,,3.599e-19,,1.656e-18
240.76,1.589e+4,,4.975e-9,4.533e-34,,,1.914e-40,2.101e-22,1.064e-24,1.583e-38,2.331e-19,2.589e-22,3.239e-32,8.140e-20,2.200e-23,1.675e-21,,1.308e-28,,3.087e-6,1.110e-19,1.083e-31,4.391e-8,,1.263e-4,2.109e+0,5.695e-21,,3.519e-4,1.084e-20,1.589e+4,1.163e-7,1.958e-21,1.361e-24,,,,,,,,,,,,2.677e-22,,,,,,,,,,,,3.605e-19,,1.659e-18
240.78,1.522e+4,,3.481e-9,4.529e-34,,,1.779e-40,2.101e-22,1.061e-24,6.879e-39,2.344e-19,2.595e-22,3.241e-32,8.102e-20,2.198e-23,3.352e-21,,1.309e-28,,1.686e-6,1.111e-19,4.111e-32,8.843e-8,,1.909e-4,2.245e+0,5.696e-21,,2.420e-4,1.074e-20,1.521e+4,9.277e-8,1.959e-21,1.361e-24,,,,,,,,,,,,2.685e-22,,,,,,,,,,,,3.608e-19,,1.660e-18
240.8,1.471e+4,,2.404e-9,4.525e-34,,,1.633e-40,2.102e-22,1.058e-24,2.949e-39,2.357e-19,2.602e-22,3.243e-32,8.064e-20,2.195e-23,6.618e-21,,1.310e-28,,9.082e-7,1.113e-19,1.540e-32,1.757e-7,,2.850e-4,2.358e+0,5.698e-21,,1.642e-4,1.065e-20,1.471e+4,7.349e-8,1.959e-21,1.362e-24,,,,,,,,,,,,2.692e-22,,,,,,,,,,,,3.612e-19,,1.662e-18
240.83,1.427e+4,,1.347e-9,4.518e-34,,,1.400e-40,2.102e-22,1.053e-24,8.074e-40,2.377e-19,2.612e-22,3.247e-32,8.008e-20,2.191e-23,1.792e-20,,1.311e-28,,3.503e-7,1.114e-19,3.443e-33,4.805e-7,,5.070e-4,2.477e+0,5.700e-21,,8.962e-5,1.051e-20,1.427e+4,5.125e-8,1.961e-21,1.363e-24,,,,,,,,,,,,2.704e-22,,,,,,,,,,,,3.618e-19,,1.665e-18
240.85,1.420e+4,,9.003e-10,4.514e-34,,,1.243e-40,2.103e-22,1.049e-24,3.348e-40,2.390e-19,2.618e-22,3.249e-32,7.970e-20,2.189e-23,3.424e-20,,1.312e-28,,1.826e-7,1.116e-19,1.247e-33,9.243e-7,,7.323e-4,2.518e+0,5.702e-21,,5.887e-5,1.041e-20,1.419e+4,4.003e-8,1.961e-21,1.364e-24,,,,,,,,,,,,2.711e-22,,,,,,,,,,,,3.622e-19,,1.666e-18
240.88,1.439e+4,,4.802e-10,4.508e-34,,,1.015e-40,2.103e-22,1.044e-24,8.718e-41,2.410e-19,2.628e-22,3.253e-32,7.913e-20,2.185e-23,8.828e-20,,1.314e-28,,6.699e-8,1.117e-19,2.652e-34,2.406e-6,,1.240e-3,2.518e+0,5.704e-21,,3.058e-5,1.027e-20,1.439e+4,2.738e-8,1.962e-21,1.365e-24,,,,,,,,,,,,2.723e-22,,,,,,,,,,,,3.627e-19,,1.669e-18
240.9,1.469e+4,,3.107e-10,4.504e-34,,,8.718e-41,2.104e-22,1.041e-24,3.496e-41,2.423e-19,2.635e-22,3.256e-32,7.876e-20,2.182e-23,1.633e-19,,1.315e-28,,3.377e-8,1.119e-19,9.291e-35,4.479e-6,,1.734e-3,2.476e+0,5.705e-21,,1.944e-5,1.018e-20,1.469e+4,2.113e-8,1.963e-21,1.366e-24,,,,,,,,,,,,2.730e-22,,,,,,,,,,,,3.631e-19,,1.670e-18
240.93,1.534e+4,,1.577e-10,4.497e-34,,,6.772e-41,2.104e-22,1.036e-24,8.661e-42,2.443e-19,2.644e-22,3.259e-32,7.819e-20,2.178e-23,4.008e-19,,1.316e-28,,1.179e-8,1.120e-19,1.879e-35,1.110e-5,,2.795e-3,2.357e+0,5.707e-21,,9.614e-6,1.004e-20,1.533e+4,1.420e-8,1.964e-21,1.367e-24,,,,,,,,,,,,2.742e-22,,,,,,,,,,,,3.637e-19,,1.673e-18
240.95,1.585e+4,,9.876e-11,4.493e-34,,,5.628e-41,2.105e-22,1.033e-24,3.360e-42,2.456e-19,2.651e-22,3.262e-32,7.781e-20,2.176e-23,7.174e-19,,1.317e-28,,5.749e-9,1.122e-19,6.368e-36,2.000e-5,,3.780e-3,2.243e+0,5.709e-21,,5.914e-6,9.942e-21,1.584e+4,1.083e-8,1.965e-21,1.368e-24,,,,,,,,,,,,2.749e-22,,,,,,,,,,,,3.640e-19,,1.674e-18
240.98,1.664e+4,,4.774e-11,4.487e-34,,,4.160e-41,2.105e-22,1.028e-24,7.916e-43,2.476e-19,2.661e-22,3.265e-32,7.725e-20,2.172e-23,1.677e-18,,1.319e-28,,1.909e-9,1.124e-19,1.225e-36,4.721e-5,,5.802e-3,2.032e+0,5.711e-21,,2.784e-6,9.801e-21,1.664e+4,7.146e-9,1.966e-21,1.369e-24,,,,,,,,,,,,2.761e-22,,,,,,,,,,,,3.646e-19,,1.677e-18
241,1.714e+4,,2.893e-11,4.482e-34,,,3.345e-41,2.105e-22,1.024e-24,2.970e-43,2.490e-19,2.667e-22,3.268e-32,7.687e-20,2.169e-23,2.905e-18,,1.320e-28,,9.005e-10,1.125e-19,4.014e-37,8.232e-5,,7.595e-3,1.871e+0,5.713e-21,,1.657e-6,9.707e-21,1.714e+4,5.376e-9,1.967e-21,1.370e-24,,,,,,,,,,,,2.768e-22,,,,,,,,,,,,3.650e-19,,1.678e-18
241.03,1.776e+4,,1.331e-11,4.476e-34,,,2.353e-41,2.106e-22,1.019e-24,6.656e-44,2.509e-19,2.677e-22,3.271e-32,7.630e-20,2.166e-23,6.463e-18,,1.321e-28,,2.845e-10,1.127e-19,7.345e-38,1.850e-4,,1.110e-2,1.613e+0,5.715e-21,,7.421e-7,9.565e-21,1.776e+4,3.465e-9,1.968e-21,1.371e-24,,,,,,,,,,,,2.780e-22,,,,,,,,,,,,3.655e-19,,1.681e-18
241.05,1.805e+4,,7.806e-12,4.472e-34,,,1.831e-41,2.106e-22,1.016e-24,2.415e-44,2.523e-19,2.684e-22,3.274e-32,7.593e-20,2.163e-23,1.084e-17,,1.323e-28,,1.298e-10,1.128e-19,2.328e-38,3.122e-4,,1.405e-2,1.438e+0,5.716e-21,,4.274e-7,9.471e-21,1.805e+4,2.562e-9,1.969e-21,1.371e-24,,,,,,,,,,,,2.787e-22,,,,,,,,,,,,3.659e-19,,1.683e-18
241.08,1.823e+4,,3.420e-12,4.466e-34,,,1.226e-41,2.107e-22,1.011e-24,5.149e-45,2.543e-19,2.694e-22,3.278e-32,7.536e-20,2.159e-23,2.296e-17,,1.324e-28,,3.902e-11,1.130e-19,2.145e-38,6.679e-4,,1.955e-2,1.180e+0,5.719e-21,,1.822e-7,9.330e-21,1.823e+4,1.605e-9,1.970e-21,1.373e-24,,,,,,,,,,,,2.799e-22,,,,,,,,,,,,3.665e-19,,1.685e-18
241.1,1.818e+4,,1.940e-12,4.461e-34,,,9.226e-42,2.107e-22,1.008e-24,1.807e-45,2.556e-19,2.700e-22,3.280e-32,7.498e-20,2.157e-23,3.725e-17,,1.325e-28,,1.722e-11,1.131e-19,2.023e-38,1.091e-3,,2.396e-2,1.018e+0,5.720e-21,,1.015e-7,9.236e-21,1.818e+4,1.162e-9,1.971e-21,1.373e-24,,,,,,,,,,,,2.807e-22,,,,,,,,,,,,3.668e-19,,1.687e-18
241.13,1.783e+4,,8.092e-13,4.455e-34,,,5.877e-42,2.108e-22,1.003e-24,3.665e-46,2.576e-19,2.710e-22,3.284e-32,7.442e-20,2.153e-23,7.514e-17,,1.327e-28,,4.924e-12,1.133e-19,1.840e-38,2.223e-3,,3.172e-2,7.951e-1,5.722e-21,,4.118e-8,9.094e-21,1.783e+4,7.033e-10,1.972e-21,1.374e-24,,,,,,,,,,,,2.818e-22,,,,,,,,,,,,3.674e-19,,1.689e-18
241.15,1.742e+4,,4.443e-13,4.451e-34,,,4.280e-42,2.108e-22,9.993e-25,1.244e-46,2.589e-19,2.716e-22,3.286e-32,7.404e-20,2.150e-23,1.180e-16,,1.328e-28,,2.102e-12,1.134e-19,1.718e-38,3.514e-3,,3.763e-2,6.634e-1,5.724e-21,,2.220e-8,9.000e-21,1.742e+4,4.970e-10,1.973e-21,1.375e-24,,,,,,,,,,,,2.826e-22,,,,,,,,,,,,3.678e-19,,1.691e-18
241.17,1.688e+4,,2.408e-13,4.447e-34,,,3.076e-42,2.109e-22,9.959e-25,4.167e-47,2.602e-19,2.723e-22,3.289e-32,7.366e-20,2.148e-23,1.829e-16,,1.329e-28,,8.855e-13,1.135e-19,1.596e-38,5.483e-3,,4.405e-2,5.463e-1,5.725e-21,,1.181e-8,8.906e-21,1.688e+4,3.475e-10,1.973e-21,1.376e-24,,,,,,,,,,,,2.833e-22,,,,,,,,,,,,3.681e-19,,1.692e-18
241.2,1.588e+4,,9.370e-14,4.440e-34,,,1.829e-42,2.109e-22,9.909e-25,7.879e-48,2.622e-19,2.733e-22,3.292e-32,7.310e-20,2.144e-23,3.445e-16,,1.330e-28,,2.361e-13,1.137e-19,1.414e-38,1.043e-2,,5.444e-2,3.984e-1,5.728e-21,,4.470e-9,8.765e-21,1.588e+4,1.990e-10,1.975e-21,1.377e-24,,,,,,,,,,,,2.845e-22,,,,,,,,,,,,3.687e-19,,1.695e-18
241.22,1.510e+4,,4.913e-14,4.436e-34,,,1.272e-42,2.110e-22,9.876e-25,2.553e-48,2.635e-19,2.739e-22,3.295e-32,7.272e-20,2.141e-23,5.168e-16,,1.331e-28,,9.622e-14,1.138e-19,1.292e-38,1.575e-2,,6.167e-2,3.174e-1,5.729e-21,,2.300e-9,8.671e-21,1.510e+4,1.353e-10,1.975e-21,1.378e-24,,,,,,,,,,,,2.852e-22,,,,,,,,,,,,3.691e-19,,1.696e-18
241.25,1.383e+4,,1.820e-14,4.430e-34,,,7.192e-43,2.110e-22,9.826e-25,4.591e-49,2.655e-19,2.749e-22,3.298e-32,7.215e-20,2.137e-23,9.267e-16,,1.333e-28,,2.441e-14,1.140e-19,1.109e-38,2.853e-2,,7.255e-2,2.203e-1,5.731e-21,,8.285e-10,8.529e-21,1.383e+4,7.421e-11,1.976e-21,1.379e-24,,,,,,,,,,,,2.864e-22,,,,,,,,,,,,3.696e-19,,1.699e-18
241.27,1.293e+4,,9.235e-15,4.425e-34,,,4.839e-43,2.110e-22,9.792e-25,4.577e-49,2.668e-19,2.756e-22,3.301e-32,7.177e-20,2.135e-23,1.346e-15,,1.334e-28,,9.621e-15,1.141e-19,9.867e-39,4.171e-2,,7.954e-2,1.699e-1,5.733e-21,,4.125e-10,8.435e-21,1.293e+4,4.898e-11,1.977e-21,1.380e-24,,,,,,,,,,,,2.871e-22,,,,,,,,,,,,3.700e-19,,1.701e-18
241.3,1.156e+4,,3.256e-15,4.419e-34,,,2.605e-43,2.111e-22,9.742e-25,4.558e-49,2.688e-19,2.766e-22,3.304e-32,7.121e-20,2.131e-23,2.297e-15,,1.335e-28,,2.322e-15,1.143e-19,8.038e-39,7.194e-2,,8.908e-2,1.122e-1,5.735e-21,,1.414e-10,8.294e-21,1.156e+4,2.566e-11,1.978e-21,1.381e-24,,,,,,,,,,,,2.883e-22,,,,,,,,,,,,3.706e-19,,1.703e-18
241.32,1.065e+4,,1.599e-15,4.415e-34,,,1.696e-43,2.111e-22,9.709e-25,4.544e-49,2.702e-19,2.772e-22,3.307e-32,7.083e-20,2.128e-23,3.228e-15,,1.336e-28,,8.853e-16,1.144e-19,6.819e-39,1.018e-1,,9.450e-2,8.374e-2,5.736e-21,,6.810e-11,8.199e-21,1.065e+4,1.642e-11,1.979e-21,1.382e-24,,,,,,,,,,,,2.890e-22,,,,,,,,,,,,3.709e-19,,1.705e-18
241.35,9.317e+3,,5.365e-16,4.409e-34,,,8.686e-44,2.112e-22,9.659e-25,4.525e-49,2.722e-19,2.782e-22,3.310e-32,7.027e-20,2.124e-23,5.247e-15,,1.338e-28,,2.033e-16,1.146e-19,4.990e-39,1.672e-1,,1.007e-1,5.266e-2,5.739e-21,,2.222e-11,8.058e-21,9.317e+3,8.210e-12,1.980e-21,1.383e-24,,,,,,,,,,,,2.902e-22,,,,,,,,,,,,3.715e-19,,1.707e-18
241.37,8.465e+3,,2.549e-16,4.404e-34,,,5.470e-44,2.112e-22,9.626e-25,4.511e-49,2.735e-19,2.789e-22,3.313e-32,6.989e-20,2.122e-23,7.135e-15,,1.339e-28,,7.497e-17,1.147e-19,1.549e-38,2.291e-1,,1.034e-1,3.802e-2,5.740e-21,,1.039e-11,7.964e-21,8.465e+3,5.090e-12,1.981e-21,1.384e-24,,,,,,,,,,,,2.910e-22,,,,,,,,,,,,3.719e-19,,1.709e-18
241.4,7.257e+3,,8.141e-17,4.398e-34,,,2.667e-44,2.113e-22,9.576e-25,4.492e-49,2.755e-19,2.798e-22,3.317e-32,6.932e-20,2.118e-23,1.104e-14,,1.340e-28,,1.638e-17,1.149e-19,8.271e-38,3.586e-1,,1.050e-1,2.276e-2,5.742e-21,,3.384e-12,7.823e-21,7.256e+3,2.426e-12,1.982e-21,1.385e-24,,,,,,,,,,,,2.921e-22,,,,,,,,,,,,3.724e-19,,1.711e-18
241.42,6.505e+3,,3.742e-17,4.394e-34,,,1.625e-44,2.113e-22,9.542e-25,4.478e-49,2.768e-19,2.805e-22,3.319e-32,6.894e-20,2.115e-23,1.454e-14,,1.342e-28,,5.842e-18,1.150e-19,2.486e-37,4.756e-1,,1.043e-1,1.590e-2,5.744e-21,,1.861e-12,7.728e-21,6.504e+3,1.456e-12,1.983e-21,1.385e-24,,,,,,,,,,,,2.929e-22,,,,,,,,,,,,3.728e-19,,1.713e-18
241.45,5.464e+3,,1.137e-17,4.388e-34,,,7.539e-45,2.114e-22,9.492e-25,4.459e-49,2.788e-19,2.815e-22,3.323e-32,6.838e-20,2.112e-23,2.142e-14,,1.343e-28,,1.214e-18,1.152e-19,1.264e-36,7.094e-1,,1.007e-1,9.060e-3,5.746e-21,,1.919e-12,7.587e-21,5.463e+3,6.612e-13,1.984e-21,1.387e-24,,,,,,,,,,,,2.940e-22,,,,,,,,,,,,3.734e-19,,1.715e-18
241.47,4.832e+3,,5.058e-18,4.383e-34,,,4.444e-45,2.114e-22,9.459e-25,4.445e-49,2.801e-19,2.821e-22,3.325e-32,6.800e-20,2.109e-23,2.729e-14,,1.344e-28,,4.189e-19,1.153e-19,3.679e-36,9.114e-1,,9.685e-2,6.125e-3,5.748e-21,,3.642e-12,7.493e-21,4.831e+3,3.843e-13,1.985e-21,1.387e-24,,,,,,,,,,,,2.948e-22,,,,,,,,,,,,3.737e-19,,1.717e-18
241.5,3.979e+3,,1.463e-18,4.377e-34,,,1.962e-45,2.115e-22,9.409e-25,4.426e-49,2.821e-19,2.831e-22,3.329e-32,6.743e-20,2.105e-23,3.828e-14,,1.346e-28,,8.282e-20,1.155e-19,1.782e-35,1.296e+0,,8.908e-2,3.322e-3,5.750e-21,,1.195e-11,7.352e-21,3.978e+3,1.661e-13,1.986e-21,1.388e-24,,,,,,,,,,,,2.959e-22,,,,,,,,,,,,3.743e-19,,1.719e-18
241.52,3.475e+3,,6.297e-19,4.373e-34,,,1.119e-45,2.115e-22,9.376e-25,4.412e-49,2.834e-19,2.838e-22,3.331e-32,6.706e-20,2.103e-23,4.720e-14,,1.347e-28,,2.764e-20,1.156e-19,5.021e-35,1.613e+0,,8.287e-2,2.173e-3,5.751e-21,,2.672e-11,7.257e-21,3.474e+3,9.345e-14,1.987e-21,1.389e-24,,,,,,,,,,,,2.967e-22,,,,,,,,,,,,3.747e-19,,1.721e-18
241.54,3.023e+3,,2.674e-19,4.369e-34,,,6.300e-46,2.115e-22,9.342e-25,4.399e-49,2.847e-19,2.844e-22,3.334e-32,6.668e-20,2.100e-23,5.745e-14,,1.348e-28,,9.105e-21,1.157e-19,1.396e-34,1.983e+0,,7.609e-2,1.403e-3,5.753e-21,,5.914e-11,7.163e-21,3.021e+3,5.188e-14,1.987e-21,1.390e-24,,,,,,,,,,,,2.974e-22,,,,,,,,,,,,3.751e-19,,1.723e-18
241.57,2.439e+3,,7.218e-20,4.362e-34,,,2.595e-46,2.116e-22,9.292e-25,4.379e-49,2.867e-19,2.854e-22,3.337e-32,6.611e-20,2.096e-23,7.526e-14,,1.349e-28,,1.679e-21,1.159e-19,6.320e-34,2.642e+0,,6.532e-2,7.103e-4,5.755e-21,,1.903e-10,7.022e-21,2.436e+3,2.094e-14,1.989e-21,1.391e-24,,,,,,,,,,,,2.986e-22,,,,,,,,,,,,3.756e-19,,1.725e-18
241.59,2.110e+3,,2.965e-20,4.358e-34,,,1.413e-46,2.116e-22,9.259e-25,4.366e-49,2.881e-19,2.861e-22,3.340e-32,6.574e-20,2.094e-23,8.866e-14,,1.350e-28,,5.348e-22,1.160e-19,1.702e-33,3.150e+0,,5.804e-2,4.438e-4,5.757e-21,,4.082e-10,6.928e-21,2.106e+3,1.125e-14,1.989e-21,1.392e-24,,,,,,,,,,,,2.993e-22,,,,,,,,,,,,3.760e-19,,1.727e-18
241.62,1.700e+3,,7.618e-21,4.352e-34,,,5.541e-47,2.117e-22,9.209e-25,4.346e-49,2.900e-19,2.870e-22,3.343e-32,6.517e-20,2.090e-23,1.106e-13,,1.352e-28,,5.357e-22,1.162e-19,7.338e-33,4.012e+0,,4.743e-2,2.138e-4,5.759e-21,,1.252e-9,6.786e-21,1.696e+3,4.321e-15,1.991e-21,1.393e-24,,,,,,,,,,,,3.005e-22,,,,,,,,,,,,3.766e-19,,1.729e-18
241.64,1.478e+3,,3.028e-21,4.347e-34,,,2.919e-47,2.117e-22,9.176e-25,4.333e-49,2.914e-19,2.877e-22,3.346e-32,6.479e-20,2.087e-23,1.262e-13,,1.353e-28,,5.363e-22,1.163e-19,1.913e-32,4.647e+0,,4.078e-2,1.293e-4,5.760e-21,,2.601e-9,6.692e-21,1.473e+3,2.246e-15,1.991e-21,1.394e-24,,,,,,,,,,,,3.012e-22,,,,,,,,,,,,3.769e-19,,1.731e-18
241.67,1.211e+3,,7.403e-22,4.341e-34,,,1.089e-47,2.118e-22,9.126e-25,4.313e-49,2.934e-19,2.887e-22,3.349e-32,6.423e-20,2.083e-23,1.500e-13,,1.354e-28,,5.372e-22,1.165e-19,7.857e-32,5.671e+0,,3.172e-2,5.929e-5,5.762e-21,,7.602e-9,6.551e-21,1.205e+3,8.213e-16,1.992e-21,1.395e-24,,,,,,,,,,,,3.024e-22,,,,,,,,,,,,3.775e-19,,1.733e-18
241.69,1.072e+3,,2.847e-22,4.337e-34,,,5.552e-48,2.118e-22,9.092e-25,4.300e-49,2.947e-19,2.893e-22,3.352e-32,6.385e-20,2.081e-23,1.657e-13,,1.355e-28,,5.378e-22,1.166e-19,1.983e-31,6.389e+0,,2.640e-2,3.468e-5,5.764e-21,,1.529e-8,6.457e-21,1.065e+3,4.131e-16,1.993e-21,1.396e-24,,,,,,,,,,,,3.032e-22,,,,,,,,,,,,3.779e-19,,1.735e-18
241.72,9.086e+2,,6.624e-23,4.331e-34,,,1.971e-48,2.119e-22,9.042e-25,4.280e-49,2.967e-19,2.903e-22,3.356e-32,6.328e-20,2.077e-23,1.878e-13,,1.357e-28,,5.386e-22,1.168e-19,7.758e-31,7.497e+0,,1.955e-2,1.514e-5,5.766e-21,,4.260e-8,6.315e-21,9.010e+2,1.438e-16,1.994e-21,1.397e-24,,,,,,,,,,,,3.043e-22,,,,,,,,,,,,3.784e-19,,1.737e-18
241.74,8.246e+2,,2.466e-23,4.326e-34,,,9.723e-49,2.119e-22,9.009e-25,4.267e-49,2.980e-19,2.910e-22,3.358e-32,6.291e-20,2.074e-23,2.010e-13,,1.358e-28,,5.392e-22,1.170e-19,1.896e-30,8.240e+0,,1.574e-2,8.572e-6,5.768e-21,,8.300e-8,6.221e-21,8.164e+2,6.996e-17,1.995e-21,1.398e-24,,,,,,,,,,,,3.051e-22,,,,,,,,,,,,3.788e-19,,1.739e-18
241.77,7.262e+2,,5.503e-24,4.320e-34,,,3.285e-49,2.120e-22,8.959e-25,4.247e-49,3.000e-19,2.920e-22,3.362e-32,3.472e-19,2.070e-23,2.176e-13,,1.360e-28,,5.401e-22,1.171e-19,7.065e-30,9.340e+0,,1.110e-2,3.562e-6,5.770e-21,,2.203e-7,6.080e-21,7.168e+2,2.317e-17,1.996e-21,1.399e-24,,,,,,,,,,,,3.062e-22,,,,,,,,,,,,3.794e-19,,1.742e-18
241.79,6.741e+2,,2.080e-24,4.316e-34,,,1.568e-49,2.120e-22,8.926e-25,4.234e-49,3.013e-19,2.926e-22,3.364e-32,1.067e-18,2.068e-23,2.261e-13,,1.361e-28,,5.407e-22,1.173e-19,1.671e-29,1.005e+1,,8.646e-3,1.951e-6,5.771e-21,,4.157e-7,5.986e-21,6.640e+2,1.091e-17,1.997e-21,1.399e-24,,,,,,,,,,,,3.070e-22,,,,,,,,,,,,3.797e-19,,1.743e-18
241.82,6.099e+2,,8.670e-25,4.309e-34,,,5.041e-50,2.121e-22,8.876e-25,4.214e-49,3.033e-19,2.936e-22,3.368e-32,5.609e-18,2.064e-23,2.346e-13,,1.362e-28,,5.416e-22,1.174e-19,5.934e-29,1.107e+1,,5.802e-3,7.719e-7,5.774e-21,,1.052e-6,5.844e-21,5.988e+2,3.438e-18,1.998e-21,1.401e-24,,,,,,,,,,,,3.081e-22,,,,,,,,,,,,3.803e-19,,1.746e-18
241.84,5.737e+2,,1.251e-24,4.305e-34,,,2.327e-50,2.121e-22,8.842e-25,4.201e-49,3.046e-19,2.943e-22,3.370e-32,1.669e-17,2.061e-23,2.374e-13,,1.363e-28,,5.422e-22,1.176e-19,1.359e-28,1.172e+1,,4.375e-3,4.092e-7,5.775e-21,,1.922e-6,5.750e-21,5.620e+2,1.566e-18,1.999e-21,1.401e-24,,,,,,,,,,,,3.089e-22,,,,,,,,,,,,3.807e-19,,1.747e-18
241.87,5.268e+2,,4.149e-24,4.299e-34,,,7.122e-51,2.122e-22,8.792e-25,4.181e-49,3.066e-19,2.952e-22,3.374e-32,8.360e-17,2.058e-23,2.377e-13,,1.365e-28,,5.431e-22,1.177e-19,4.597e-28,1.263e+1,,2.795e-3,1.541e-7,5.777e-21,,4.633e-6,5.609e-21,5.141e+2,4.698e-19,2.000e-21,1.402e-24,,,,,,,,,,,,3.100e-22,,,,,,,,,,,,3.812e-19,,1.750e-18
241.89,4.998e+2,,9.749e-24,4.295e-34,,,3.181e-51,2.122e-22,8.759e-25,4.168e-49,3.079e-19,2.959e-22,3.376e-32,2.409e-16,2.055e-23,2.357e-13,,1.366e-28,,5.437e-22,1.179e-19,1.019e-27,1.321e+1,,2.039e-3,7.903e-8,5.779e-21,,8.199e-6,5.515e-21,4.865e+2,2.071e-19,2.001e-21,1.403e-24,,,,,,,,,,,,3.108e-22,,,,,,,,,,,,3.816e-19,,1.751e-18
241.91,4.764e+2,,2.273e-23,4.290e-34,,,1.402e-51,2.122e-22,8.726e-25,4.155e-49,3.093e-19,2.966e-22,3.379e-32,6.850e-16,2.052e-23,2.325e-13,,1.367e-28,,5.443e-22,1.180e-19,2.231e-27,1.377e+1,,1.469e-3,4.001e-8,5.780e-21,,1.432e-5,5.420e-21,4.626e+2,9.007e-20,2.002e-21,1.404e-24,,,,,,,,,,,,3.115e-22,,,,,,,,,,,,3.820e-19,,1.753e-18
241.94,4.494e+2,,7.908e-23,4.284e-34,,,4.004e-52,2.123e-22,8.676e-25,4.135e-49,3.112e-19,2.975e-22,3.382e-32,3.207e-15,2.049e-23,2.267e-13,,1.368e-28,,5.452e-22,1.182e-19,7.050e-27,1.458e+1,,8.758e-4,1.406e-8,5.783e-21,,3.228e-5,5.279e-21,4.348e+2,2.521e-20,2.003e-21,1.405e-24,,,,,,,,,,,,3.127e-22,,,,,,,,,,,,3.825e-19,,1.755e-18
241.96,4.382e+2,,1.787e-22,4.280e-34,,,1.708e-52,2.123e-22,8.642e-25,4.122e-49,3.126e-19,2.982e-22,3.385e-32,8.830e-15,2.046e-23,2.229e-13,,1.369e-28,,5.458e-22,1.183e-19,1.494e-26,1.510e+1,,6.104e-4,6.888e-9,5.784e-21,,5.462e-5,5.185e-21,4.231e+2,1.061e-20,2.003e-21,1.406e-24,,,,,,,,,,,,3.135e-22,,,,,,,,,,,,3.829e-19,,1.757e-18
241.99,4.346e+2,,5.923e-22,4.274e-34,,,4.639e-53,2.124e-22,8.592e-25,4.102e-49,3.146e-19,2.992e-22,3.388e-32,3.939e-14,2.042e-23,2.190e-13,,1.371e-28,,5.467e-22,1.185e-19,4.497e-26,1.588e+1,,3.465e-4,2.304e-9,5.786e-21,,1.173e-4,5.044e-21,4.187e+2,2.825e-21,2.005e-21,1.407e-24,,,,,,,,,,,,3.146e-22,,,,,,,,,,,,3.835e-19,,1.760e-18
242.01,4.427e+2,,1.296e-21,4.269e-34,,,1.914e-53,2.124e-22,8.559e-25,4.089e-49,3.159e-19,2.998e-22,3.391e-32,1.050e-13,2.040e-23,2.183e-13,,1.372e-28,,5.472e-22,1.186e-19,9.226e-26,1.639e+1,,2.337e-4,1.092e-9,5.788e-21,,1.923e-4,4.949e-21,4.263e+2,1.150e-21,2.005e-21,1.408e-24,,,,,,,,,,,,3.154e-22,,,,,,,,,,,,3.838e-19,,1.761e-18
242.04,4.735e+2,,4.093e-21,4.263e-34,,,4.950e-54,2.125e-22,8.509e-25,4.069e-49,3.179e-19,3.008e-22,3.395e-32,4.463e-13,2.036e-23,2.210e-13,,1.373e-28,,5.481e-22,1.188e-19,2.646e-25,1.716e+1,,1.263e-4,3.478e-10,5.790e-21,,3.936e-4,4.808e-21,4.564e+2,2.915e-22,2.006e-21,1.409e-24,,,,,,,,,,,,3.165e-22,,,,,,,,,,,,3.844e-19,,1.764e-18
242.06,5.080e+2,,8.669e-21,4.259e-34,,,1.976e-54,2.125e-22,8.475e-25,4.056e-49,3.192e-19,3.015e-22,3.397e-32,1.152e-12,2.033e-23,2.258e-13,,1.374e-28,,5.487e-22,1.189e-19,5.255e-25,1.768e+1,,8.240e-5,1.596e-10,5.791e-21,,6.246e-4,1.502e-20,4.903e+2,1.148e-22,2.007e-21,1.410e-24,,,,,,,,,,,,3.173e-22,,,,,,,,,,,,3.848e-19,,1.765e-18
242.09,5.821e+2,,2.609e-20,4.253e-34,,,4.863e-55,2.126e-22,8.425e-25,4.036e-49,3.212e-19,3.025e-22,3.401e-32,4.665e-12,2.029e-23,2.374e-13,,1.376e-28,,5.496e-22,1.191e-19,1.436e-24,1.845e+1,,4.239e-5,4.836e-11,5.794e-21,,1.219e-3,8.097e-20,5.636e+2,2.770e-23,2.008e-21,1.411e-24,,,,,,,,,,,,3.184e-22,,,,,,,,,,,,3.853e-19,,1.768e-18
242.11,6.468e+2,,5.351e-20,4.248e-34,,,1.878e-55,2.126e-22,8.392e-25,4.022e-49,3.225e-19,3.031e-22,3.403e-32,1.166e-11,2.027e-23,2.478e-13,,1.377e-28,,5.502e-22,1.192e-19,2.760e-24,1.897e+1,,2.677e-5,2.147e-11,5.795e-21,,1.873e-3,2.449e-19,6.278e+2,1.056e-23,2.009e-21,1.411e-24,,,,,,,,,,,,3.192e-22,,,,,,,,,,,,3.857e-19,,1.769e-18
242.14,7.661e+2,,1.534e-19,4.242e-34,,,4.399e-56,2.127e-22,8.342e-25,4.003e-49,3.245e-19,3.041e-22,3.407e-32,4.498e-11,2.023e-23,2.664e-13,,1.379e-28,,5.511e-22,1.194e-19,7.184e-24,1.976e+1,,1.311e-5,6.194e-12,5.797e-21,,3.483e-3,1.258e-18,7.463e+2,2.423e-24,2.010e-21,1.413e-24,,,,,,,,,,,,3.203e-22,,,,,,,,,,,,3.863e-19,,1.772e-18
242.16,8.591e+2,,3.048e-19,4.238e-34,,,1.644e-56,2.127e-22,8.309e-25,3.989e-49,3.258e-19,3.047e-22,3.409e-32,1.089e-10,2.020e-23,2.800e-13,,1.380e-28,,5.517e-22,1.195e-19,1.337e-23,2.030e+1,,8.011e-6,2.661e-12,5.799e-21,,5.184e-3,3.685e-18,8.388e+2,8.936e-25,2.011e-21,1.413e-24,,,,,,,,,,,,3.211e-22,,,,,,,,,,,,3.867e-19,,1.774e-18
242.19,1.015e+3,,8.328e-19,4.231e-34,,,3.664e-57,2.127e-22,8.259e-25,3.970e-49,3.278e-19,3.057e-22,3.413e-32,4.001e-10,2.016e-23,3.005e-13,,1.381e-28,,5.526e-22,1.197e-19,3.315e-23,2.110e+1,,3.734e-6,7.307e-13,5.801e-21,,9.189e-3,1.804e-17,9.942e+2,1.952e-25,2.012e-21,1.415e-24,,,,,,,,,,,,3.222e-22,,,,,,,,,,,,3.872e-19,,1.776e-18
242.21,1.127e+3,,1.602e-18,4.227e-34,,,1.325e-57,2.128e-22,8.225e-25,3.956e-49,3.291e-19,3.064e-22,3.415e-32,9.377e-10,2.014e-23,3.130e-13,,1.382e-28,,5.532e-22,1.198e-19,5.976e-23,2.165e+1,,2.209e-6,3.037e-13,5.803e-21,,1.324e-2,5.135e-17,1.106e+3,6.964e-26,2.013e-21,1.415e-24,,,,,,,,,,,,3.230e-22,,,,,,,,,,,,3.876e-19,,1.778e-18
242.24,1.301e+3,,4.172e-18,4.221e-34,,,2.809e-58,2.128e-22,8.175e-25,3.937e-49,3.311e-19,3.074e-22,3.419e-32,3.284e-9,2.010e-23,3.284e-13,,1.384e-28,,5.541e-22,1.200e-19,1.411e-22,2.245e+1,6.581e-21,9.801e-7,7.941e-14,5.805e-21,,2.237e-2,2.396e-16,1.279e+3,1.448e-26,2.014e-21,1.416e-24,,,,,,,,,,,,3.241e-22,,,,,,,,,,,,3.881e-19,,1.780e-18
242.26,1.416e+3,,7.773e-18,4.217e-34,,,9.828e-59,2.129e-22,8.142e-25,3.923e-49,3.324e-19,3.080e-22,3.421e-32,7.451e-9,6.149e-23,3.354e-13,,1.385e-28,,5.547e-22,1.201e-19,2.462e-22,2.297e+1,2.052e-20,5.609e-7,3.194e-14,5.806e-21,,3.123e-2,6.584e-16,1.393e+3,4.997e-27,2.015e-21,1.417e-24,,,,,,,,,,,,3.249e-22,,,,,,,,,,,,3.885e-19,,1.782e-18
242.28,1.526e+3,,1.430e-17,4.212e-34,,,3.393e-59,2.129e-22,8.109e-25,3.910e-49,3.338e-19,3.087e-22,3.424e-32,1.669e-8,1.857e-22,3.392e-13,,1.386e-28,,5.553e-22,1.202e-19,4.242e-22,2.345e+1,6.318e-20,3.168e-7,1.268e-14,5.808e-21,,4.303e-2,1.786e-15,1.503e+3,1.702e-27,2.016e-21,1.418e-24,,,,,,,,,,,,3.257e-22,,,,,,,,,,,,3.889e-19,,1.783e-18
242.31,1.676e+3,,3.483e-17,4.206e-34,,,6.714e-60,2.130e-22,8.059e-25,3.890e-49,3.358e-19,3.097e-22,3.427e-32,5.462e-8,9.517e-22,3.381e-13,,1.387e-28,,5.561e-22,1.204e-19,9.359e-22,2.409e+1,3.331e-19,1.312e-7,3.093e-15,5.810e-21,,6.797e-2,7.792e-15,1.652e+3,3.302e-28,2.017e-21,1.419e-24,,,,,,,,,,,,3.268e-22,,,,,,,,,,,,3.895e-19,,1.786e-18
242.33,1.761e+3,,6.208e-17,4.202e-34,,,2.242e-60,2.130e-22,8.025e-25,3.877e-49,3.371e-19,3.103e-22,3.430e-32,1.185e-7,2.784e-21,3.327e-13,,1.388e-28,,5.567e-22,1.205e-19,1.561e-21,2.442e+1,9.931e-19,7.173e-8,1.188e-15,5.812e-21,,9.071e-2,2.047e-14,1.736e+3,1.088e-28,2.018e-21,1.420e-24,,,,,,,,,,,,3.276e-22,,,,,,,,,,,,3.898e-19,,1.787e-18
242.36,1.858e+3,,1.442e-16,4.196e-34,,,4.223e-61,2.131e-22,7.975e-25,3.857e-49,3.391e-19,3.113e-22,3.434e-32,3.693e-7,1.359e-20,3.180e-13,,1.390e-28,,5.576e-22,1.207e-19,3.280e-21,2.472e+1,4.990e-18,2.828e-8,2.760e-16,5.814e-21,,1.365e-1,8.511e-14,1.834e+3,2.008e-29,2.019e-21,1.421e-24,,,,,,,,,,,,3.287e-22,,,,,,,,,,,,3.904e-19,,1.790e-18
242.38,1.901e+3,,2.491e-16,4.191e-34,,,1.365e-61,2.131e-22,7.942e-25,3.844e-49,3.404e-19,3.120e-22,3.436e-32,7.756e-7,3.850e-20,3.043e-13,,1.391e-28,,5.582e-22,1.208e-19,5.296e-21,2.476e+1,1.441e-17,1.496e-8,1.026e-16,5.815e-21,,1.765e-1,2.166e-13,1.876e+3,6.404e-30,2.019e-21,1.422e-24,,,,,,,,,,,,3.295e-22,,,,,,,,,,,,3.908e-19,,1.792e-18
242.41,1.929e+3,,5.523e-16,4.185e-34,,,1.365e-61,2.132e-22,7.892e-25,3.824e-49,3.424e-19,3.129e-22,3.440e-32,2.304e-6,1.791e-19,2.791e-13,,1.392e-28,,5.591e-22,1.210e-19,1.060e-20,2.455e+1,6.898e-17,5.615e-9,2.268e-17,5.818e-21,,2.532e-1,8.582e-13,1.905e+3,1.819e-29,2.021e-21,1.423e-24,,,,,,,,,,,,3.306e-22,,,,,,,,,,,,3.913e-19,,1.794e-18
242.43,1.924e+3,,9.248e-16,4.181e-34,,,1.366e-61,2.132e-22,7.859e-25,3.811e-49,3.437e-19,3.136e-22,3.442e-32,4.685e-6,4.913e-19,2.602e-13,,1.393e-28,,5.597e-22,1.211e-19,1.658e-20,2.422e+1,1.928e-16,2.874e-9,8.159e-18,5.819e-21,,3.169e-1,2.115e-12,1.899e+3,2.605e-29,2.021e-21,1.424e-24,,,,,,,,,,,,3.314e-22,,,,,,,,,,,,3.917e-19,,1.796e-18
242.46,1.882e+3,,1.958e-15,4.174e-34,,,1.367e-61,2.133e-22,7.809e-25,3.791e-49,3.457e-19,3.146e-22,3.446e-32,1.326e-5,2.179e-18,2.309e-13,,1.395e-28,,5.606e-22,1.213e-19,3.162e-20,2.343e+1,8.800e-16,1.027e-9,1.717e-18,5.821e-21,,4.332e-1,7.989e-12,1.858e+3,3.783e-29,2.022e-21,1.425e-24,,,,,,,,,,,,3.325e-22,,,,,,,,,,,,3.923e-19,,1.798e-18
242.48,1.835e+3,,3.180e-15,4.170e-34,,,1.367e-61,2.133e-22,7.775e-25,3.778e-49,3.470e-19,3.152e-22,3.448e-32,2.611e-5,5.787e-18,2.118e-13,,1.396e-28,,5.612e-22,1.214e-19,4.784e-20,2.272e+1,2.382e-15,5.087e-10,5.977e-19,5.823e-21,,5.252e-1,1.907e-11,1.812e+3,4.569e-29,2.023e-21,1.425e-24,,,,,,,,,,,,3.333e-22,,,,,,,,,,,,3.926e-19,,1.800e-18
242.51,1.743e+3,,6.437e-15,4.164e-34,,,1.368e-61,2.133e-22,7.725e-25,3.758e-49,3.490e-19,3.162e-22,3.452e-32,7.040e-5,2.445e-17,1.860e-13,,1.398e-28,,5.621e-22,1.216e-19,8.693e-20,2.142e+1,1.036e-14,1.730e-10,1.197e-19,5.825e-21,,6.843e-1,6.866e-11,1.721e+3,5.747e-29,2.024e-21,1.427e-24,,,,,,,,,,,,3.344e-22,,,,,,,,,,,,3.932e-19,,1.802e-18
242.53,1.672e+3,,1.015e-14,4.160e-34,,,1.369e-61,2.134e-22,7.692e-25,3.745e-49,3.503e-19,3.169e-22,3.454e-32,1.342e-4,6.289e-17,1.717e-13,,1.399e-28,,5.627e-22,1.217e-19,1.274e-19,2.045e+1,2.716e-14,8.295e-11,4.033e-20,5.826e-21,,8.034e-1,1.588e-10,1.651e+3,6.533e-29,2.025e-21,1.427e-24,,,,,,,,,,,,3.352e-22,,,,,,,,,,,,3.936e-19,,1.804e-18
242.56,1.562e+3,,1.966e-14,4.153e-34,,,1.369e-61,2.134e-22,7.642e-25,3.725e-49,3.523e-19,3.179e-22,3.458e-32,3.448e-4,2.532e-16,1.564e-13,,1.400e-28,,5.636e-22,1.219e-19,2.205e-19,1.888e+1,1.125e-13,2.686e-11,7.691e-21,5.829e-21,,9.977e-1,5.450e-10,1.542e+3,7.711e-29,2.026e-21,1.428e-24,,,,,,,,,,,,3.363e-22,,,,,,,,,,,,3.941e-19,,1.806e-18
242.58,1.491e+3,,3.013e-14,4.149e-34,,,1.370e-61,2.135e-22,7.609e-25,3.712e-49,3.536e-19,3.185e-22,3.460e-32,6.364e-4,6.308e-16,1.509e-13,,1.401e-28,,5.642e-22,1.220e-19,3.127e-19,1.782e+1,2.857e-13,1.246e-11,2.507e-21,5.830e-21,,1.134e+0,1.221e-9,1.472e+3,8.497e-29,2.027e-21,1.429e-24,,,,,,,,,,,,3.371e-22,,,,,,,,,,,,3.945e-19,,1.808e-18
242.61,1.398e+3,,5.598e-14,4.143e-34,,,1.371e-61,2.135e-22,7.559e-25,3.692e-49,3.556e-19,3.195e-22,3.464e-32,1.558e-3,2.420e-15,1.509e-13,,1.403e-28,,5.650e-22,1.222e-19,5.156e-19,1.626e+1,1.128e-12,3.840e-12,2.286e-22,5.832e-21,,1.343e+0,3.996e-9,1.381e+3,9.675e-29,2.028e-21,1.430e-24,,,,,,,,,,,,3.382e-22,,,,,,,,,,,,3.951e-19,,1.810e-18
242.63,1.349e+3,,8.349e-14,4.139e-34,,,1.371e-61,2.136e-22,7.525e-25,3.679e-49,3.570e-19,3.201e-22,3.466e-32,2.784e-3,5.838e-15,1.565e-13,,1.404e-28,,5.656e-22,1.223e-19,7.081e-19,1.529e+1,2.774e-12,1.724e-12,2.276e-22,5.834e-21,,1.478e+0,8.670e-9,1.332e+3,1.046e-28,2.029e-21,1.431e-24,,,,,,,,,,,,3.390e-22,,,,,,,,,,,,3.954e-19,,1.812e-18
242.66,1.301e+3,,1.491e-13,4.132e-34,,,1.372e-61,2.136e-22,7.475e-25,3.659e-49,3.589e-19,3.211e-22,3.470e-32,6.493e-3,2.135e-14,1.737e-13,,1.405e-28,,5.665e-22,1.225e-19,1.112e-18,1.397e+1,1.044e-11,5.058e-13,2.260e-22,5.836e-21,,1.667e+0,2.707e-8,1.286e+3,1.164e-28,2.030e-21,1.432e-24,,,,,,,,,,,,3.401e-22,,,,,,,,,,,,3.960e-19,,1.814e-18
242.68,1.288e+3,,2.168e-13,4.128e-34,,,1.373e-61,2.137e-22,7.442e-25,3.646e-49,3.603e-19,3.218e-22,3.473e-32,1.124e-2,4.986e-14,1.905e-13,,1.406e-28,,5.671e-22,1.226e-19,1.479e-18,1.319e+1,2.485e-11,2.197e-13,2.249e-22,5.838e-21,,1.778e+0,5.691e-8,1.273e+3,1.243e-28,2.031e-21,1.433e-24,,,,,,,,,,,,3.409e-22,,,,,,,,,,,,3.964e-19,,1.816e-18
242.7,1.290e+3,,3.121e-13,4.124e-34,,,1.373e-61,2.137e-22,7.409e-25,3.633e-49,3.616e-19,3.224e-22,3.475e-32,1.920e-2,1.150e-13,2.114e-13,,1.407e-28,,5.677e-22,1.228e-19,1.941e-18,1.250e+1,5.841e-11,9.420e-14,2.239e-22,5.839e-21,,1.872e+0,1.182e-7,1.276e+3,1.321e-28,2.032e-21,1.434e-24,,,,,,,,,,,,3.417e-22,,,,,,,,,,,,3.967e-19,,1.818e-18
242.73,1.322e+3,,5.300e-13,4.118e-34,,,1.374e-61,2.138e-22,7.359e-25,3.613e-49,3.636e-19,3.234e-22,3.479e-32,4.184e-2,3.930e-13,2.489e-13,,1.409e-28,,5.686e-22,1.229e-19,2.848e-18,1.160e+1,2.055e-10,2.580e-14,2.223e-22,5.841e-21,,1.974e+0,3.453e-7,1.309e+3,1.439e-28,2.033e-21,1.435e-24,,,,,,,,,,,,3.428e-22,,,,,,,,,,,,3.973e-19,,1.820e-18
242.75,1.361e+3,,7.461e-13,4.113e-34,,,1.374e-61,2.138e-22,7.325e-25,3.600e-49,3.649e-19,3.241e-22,3.481e-32,6.920e-2,8.775e-13,2.770e-13,,1.410e-28,,5.692e-22,1.231e-19,3.619e-18,1.108e+1,4.676e-10,1.070e-14,2.212e-22,5.843e-21,,2.012e+0,6.948e-7,1.348e+3,1.517e-28,2.033e-21,1.436e-24,,,,,,,,,,,,3.436e-22,,,,,,,,,,,,3.977e-19,,1.822e-18
242.78,1.440e+3,,1.227e-12,4.107e-34,,,1.375e-61,2.138e-22,7.275e-25,3.580e-49,3.669e-19,3.251e-22,3.485e-32,1.437e-1,2.858e-12,3.216e-13,,1.411e-28,,5.701e-22,1.232e-19,5.059e-18,1.037e+1,1.567e-9,2.791e-15,2.196e-22,5.845e-21,,2.022e+0,1.937e-6,1.428e+3,1.635e-28,2.035e-21,1.437e-24,,,,,,,,,,,,3.447e-22,,,,,,,,,,,,3.982e-19,,1.824e-18
242.8,1.504e+3,,1.692e-12,4.103e-34,,,1.376e-61,2.139e-22,7.242e-25,3.567e-49,3.682e-19,3.257e-22,3.487e-32,2.301e-1,6.180e-12,3.516e-13,,1.412e-28,,5.707e-22,1.234e-19,6.223e-18,9.931e+0,3.455e-9,1.120e-15,2.186e-22,5.847e-21,,1.997e+0,3.779e-6,1.492e+3,1.714e-28,2.035e-21,1.438e-24,,,,,,,,,,,,3.455e-22,,,,,,,,,,,,3.986e-19,,1.826e-18
242.83,1.609e+3,,2.702e-12,4.096e-34,,,1.377e-61,2.139e-22,7.192e-25,3.547e-49,3.702e-19,3.267e-22,3.491e-32,4.553e-1,1.918e-11,3.940e-13,,1.414e-28,,5.716e-22,1.235e-19,8.287e-18,9.268e+0,1.104e-8,2.781e-16,2.170e-22,5.849e-21,,1.912e+0,1.006e-5,1.597e+3,1.832e-28,2.037e-21,1.439e-24,,,,,,,,,,,,3.466e-22,,,,,,,,,,,,3.992e-19,,1.828e-18
242.85,1.682e+3,,3.657e-12,4.092e-34,,,1.377e-61,2.140e-22,7.158e-25,3.534e-49,3.715e-19,3.274e-22,3.493e-32,7.060e-1,4.017e-11,4.192e-13,,1.415e-28,,5.722e-22,1.237e-19,9.870e-18,8.809e+0,2.356e-8,1.080e-16,2.159e-22,5.850e-21,,1.828e+0,1.903e-5,1.671e+3,1.910e-28,2.037e-21,1.439e-24,,,,,,,,,,,,3.474e-22,,,,,,,,,,,,3.996e-19,,1.830e-18
242.88,1.790e+3,,5.684e-12,4.086e-34,,,1.378e-61,2.140e-22,7.108e-25,3.514e-49,3.735e-19,3.283e-22,3.497e-32,1.331e+0,1.188e-10,4.497e-13,,1.417e-28,,5.731e-22,1.239e-19,1.252e-17,8.075e+0,7.171e-8,2.553e-17,2.143e-22,5.852e-21,,1.669e+0,4.837e-5,1.779e+3,2.028e-28,2.038e-21,1.441e-24,,,,,,,,,,,,3.485e-22,,,,,,,,,,,,4.001e-19,,1.832e-18
242.9,1.858e+3,,7.559e-12,4.082e-34,,,1.378e-61,2.141e-22,7.075e-25,3.501e-49,3.748e-19,3.290e-22,3.499e-32,1.998e+0,2.409e-10,4.640e-13,,1.418e-28,,5.736e-22,1.240e-19,1.444e-17,7.553e+0,1.482e-7,9.597e-18,2.133e-22,5.854e-21,,1.545e+0,8.873e-5,1.847e+3,2.107e-28,2.039e-21,1.441e-24,,,,,,,,,,,,3.493e-22,,,,,,,,,,,,4.005e-19,,1.834e-18
242.93,1.949e+3,,1.144e-11,4.075e-34,,,1.379e-61,2.141e-22,7.025e-25,3.481e-49,3.768e-19,3.300e-22,3.503e-32,3.589e+0,6.791e-10,4.750e-13,,1.419e-28,,5.745e-22,1.242e-19,1.745e-17,6.721e+0,4.299e-7,2.159e-18,2.117e-22,5.856e-21,,1.344e+0,2.155e-4,1.937e+3,2.225e-28,2.040e-21,1.442e-24,,,,,,,,,,,,3.504e-22,,,,,,,,,,,,4.011e-19,,1.837e-18
242.95,2.002e+3,,1.496e-11,4.071e-34,,,1.380e-61,2.142e-22,6.992e-25,3.467e-49,3.782e-19,3.306e-22,3.505e-32,5.217e+0,1.334e-9,4.748e-13,,1.420e-28,,5.751e-22,1.243e-19,1.948e-17,6.145e+0,8.606e-7,7.854e-19,2.106e-22,5.858e-21,,1.205e+0,3.836e-4,1.989e+3,2.303e-28,2.041e-21,1.443e-24,,,,,,,,,,,,3.512e-22,,,,,,,,,,,,4.014e-19,,1.838e-18
242.98,2.068e+3,,2.204e-11,4.065e-34,,,1.381e-61,2.142e-22,6.942e-25,3.448e-49,3.801e-19,3.316e-22,3.509e-32,8.927e+0,3.582e-9,4.632e-13,,1.422e-28,,5.760e-22,1.245e-19,2.242e-17,5.266e+0,2.379e-6,1.682e-19,2.090e-22,5.860e-21,,9.992e-1,8.907e-4,2.053e+3,2.421e-28,2.042e-21,1.444e-24,,,,,,,,,,,,3.524e-22,,,,,,,,,,,,4.020e-19,,1.841e-18
243,2.104e+3,,2.828e-11,4.061e-34,,,1.381e-61,2.143e-22,6.908e-25,3.434e-49,3.815e-19,3.323e-22,3.512e-32,1.257e+1,6.811e-9,4.484e-13,,1.423e-28,,5.766e-22,1.246e-19,2.423e-17,4.686e+0,4.611e-6,5.920e-20,2.080e-22,5.861e-21,,8.678e-1,1.539e-3,2.086e+3,7.404e-28,2.043e-21,1.445e-24,,,,,,,,,,,,3.531e-22,,,,,,,,,,,,4.024e-19,,1.842e-18
243.03,2.147e+3,,4.049e-11,4.054e-34,,,1.382e-61,2.143e-22,6.858e-25,3.415e-49,3.835e-19,3.333e-22,3.515e-32,2.049e+1,1.743e-8,4.168e-13,,1.424e-28,,5.775e-22,1.248e-19,2.657e-17,3.848e+0,1.215e-5,1.207e-20,2.064e-22,5.864e-21,,6.859e-1,3.418e-3,2.122e+3,3.866e-27,2.044e-21,1.446e-24,,,,,,,,,,,,3.543e-22,,,,,,,,,,,,4.029e-19,,1.845e-18
243.05,2.171e+3,,5.091e-11,4.050e-34,,,1.382e-61,2.143e-22,6.825e-25,3.401e-49,3.848e-19,3.339e-22,3.518e-32,2.792e+1,3.210e-8,3.906e-13,,1.425e-28,,5.781e-22,1.249e-19,2.780e-17,3.325e+0,2.280e-5,4.111e-21,2.053e-22,5.865e-21,,5.773e-1,5.735e-3,2.139e+3,1.145e-26,2.045e-21,1.447e-24,,,,,,,,,,,,3.550e-22,,,,,,,,,,,,4.033e-19,,1.846e-18
243.07,2.193e+3,,6.346e-11,4.046e-34,,,1.383e-61,2.144e-22,6.792e-25,3.388e-49,3.861e-19,3.346e-22,3.520e-32,3.757e+1,5.836e-8,3.614e-13,,1.426e-28,,5.787e-22,1.250e-19,2.872e-17,2.838e+0,4.225e-5,1.382e-21,2.042e-22,5.867e-21,,4.800e-1,9.511e-3,2.152e+3,3.349e-26,2.046e-21,1.448e-24,,,,,,,,,,,,3.558e-22,,,,,,,,,,,,4.037e-19,,1.848e-18
243.1,2.223e+3,,8.684e-11,4.039e-34,,,1.384e-61,2.144e-22,6.742e-25,3.368e-49,3.881e-19,3.356e-22,3.524e-32,5.724e+1,1.396e-7,3.139e-13,,1.428e-28,,5.796e-22,1.252e-19,2.943e-17,2.186e+0,1.040e-4,2.630e-22,2.027e-22,5.869e-21,,3.562e-1,1.988e-2,2.164e+3,1.635e-25,2.047e-21,1.449e-24,,,,,,,,,,,,3.569e-22,,,,,,,,,,,,4.042e-19,,1.851e-18
243.12,2.245e+3,,1.058e-10,4.035e-34,,,1.384e-61,2.145e-22,6.708e-25,3.355e-49,3.894e-19,3.362e-22,3.526e-32,7.457e+1,2.458e-7,2.811e-13,,1.429e-28,,5.802e-22,1.253e-19,2.943e-17,1.809e+0,1.867e-4,8.558e-23,2.016e-22,5.870e-21,,2.884e-1,3.204e-2,2.169e+3,4.632e-25,2.048e-21,1.450e-24,,,,,,,,,,,,3.577e-22,,,,,,,,,,,,4.046e-19,,1.852e-18
243.15,2.284e+3,,1.397e-10,4.029e-34,,,1.385e-61,2.145e-22,6.658e-25,3.335e-49,3.914e-19,3.372e-22,3.530e-32,1.082e+2,5.605e-7,2.325e-13,,1.430e-28,,5.811e-22,1.255e-19,2.872e-17,1.329e+0,4.381e-4,1.550e-23,2.000e-22,5.873e-21,,2.077e-1,6.419e-2,2.174e+3,2.156e-24,2.049e-21,1.451e-24,,,,,,,,,,,,3.588e-22,,,,,,,,,,,,4.052e-19,,1.855e-18
243.17,2.314e+3,,1.660e-10,4.025e-34,,,1.386e-61,2.146e-22,6.625e-25,3.322e-49,3.927e-19,3.378e-22,3.532e-32,1.365e+2,9.555e-7,2.016e-13,,1.431e-28,,5.817e-22,1.256e-19,2.780e-17,1.065e+0,7.613e-4,1.558e-23,1.989e-22,5.874e-21,,1.670e-1,1.006e-1,2.176e+3,5.914e-24,2.049e-21,1.452e-24,,,,,,,,,,,,3.596e-22,,,,,,,,,,,,4.055e-19,,1.856e-18
243.2,2.368e+3,,2.108e-10,4.018e-34,,,1.386e-61,2.146e-22,6.161e-24,3.302e-49,3.947e-19,3.388e-22,3.536e-32,1.888e+2,2.076e-6,1.589e-13,,1.433e-28,,5.825e-22,1.258e-19,2.585e-17,7.460e-1,1.702e-3,1.571e-23,1.974e-22,5.876e-21,,1.239e-1,1.933e-1,2.179e+3,2.624e-23,2.051e-21,1.453e-24,,,,,,,,,,,,3.607e-22,,,,,,,,,,,,4.061e-19,,1.859e-18
243.22,2.411e+3,,2.439e-10,4.014e-34,,,1.387e-61,2.147e-22,1.880e-23,3.289e-49,3.960e-19,3.395e-22,3.538e-32,2.306e+2,3.427e-6,1.334e-13,,1.434e-28,,5.831e-22,1.259e-19,2.423e-17,5.790e-1,2.865e-3,1.580e-23,1.963e-22,5.878e-21,,1.062e-1,2.947e-1,2.179e+3,6.973e-23,2.051e-21,1.453e-24,,,,,,,,,,,,3.615e-22,,,,,,,,,,,,4.065e-19,,1.860e-18
243.25,2.482e+3,,2.973e-10,4.008e-34,,,1.388e-61,2.147e-22,9.789e-23,3.269e-49,3.980e-19,3.405e-22,3.542e-32,3.039e+2,7.096e-6,1.001e-13,,1.436e-28,,5.840e-22,1.261e-19,2.146e-17,3.865e-1,6.105e-3,1.592e-23,1.947e-22,5.880e-21,,9.545e-2,5.434e-1,2.177e+3,2.949e-22,2.052e-21,1.455e-24,,,,,,,,,,,,3.626e-22,,,,,,,,,,,,4.070e-19,,1.863e-18
243.27,2.533e+3,,3.345e-10,4.004e-34,,,1.388e-61,2.148e-22,2.894e-22,3.256e-49,3.994e-19,3.411e-22,3.544e-32,3.594e+2,1.134e-5,8.136e-14,,1.437e-28,,5.846e-22,1.262e-19,1.948e-17,2.905e-1,9.949e-3,1.601e-23,1.936e-22,5.881e-21,,9.857e-2,8.064e-1,2.173e+3,7.590e-22,2.053e-21,1.455e-24,,,,,,,,,,,,3.634e-22,,,,,,,,,,,,4.074e-19,,1.864e-18
243.3,2.613e+3,,3.907e-10,3.997e-34,,,1.389e-61,2.148e-22,1.436e-21,3.236e-49,4.013e-19,3.421e-22,3.548e-32,4.512e+2,2.238e-5,5.817e-14,,1.438e-28,,5.855e-22,1.264e-19,1.643e-17,1.850e-1,2.020e-2,1.613e-23,1.921e-22,5.884e-21,,1.192e-1,1.428e+0,2.160e+3,3.060e-21,2.054e-21,1.456e-24,,,,,,,,,,,,3.646e-22,,,,,,,,,,,,4.080e-19,,1.867e-18
243.32,2.665e+3,,4.270e-10,3.993e-34,,,1.390e-61,2.148e-22,4.113e-21,3.223e-49,4.027e-19,3.428e-22,3.551e-32,5.166e+2,3.465e-5,4.577e-14,,1.439e-28,,5.861e-22,1.265e-19,1.444e-17,1.350e-1,3.188e-2,1.622e-23,1.910e-22,5.885e-21,,1.444e-1,2.064e+0,2.146e+3,7.627e-21,2.055e-21,1.457e-24,,,,,,,,,,,,3.653e-22,,,,,,,,,,,,4.083e-19,,1.869e-18
243.35,2.736e+3,,4.773e-10,3.987e-34,,,1.390e-61,2.149e-22,1.946e-20,3.203e-49,4.047e-19,3.437e-22,3.554e-32,6.179e+2,6.515e-5,3.117e-14,,1.441e-28,,5.870e-22,1.267e-19,1.160e-17,8.268e-2,6.170e-2,1.635e-23,1.894e-22,5.887e-21,,2.013e-1,3.513e+0,2.114e+3,2.931e-20,2.056e-21,1.458e-24,,,,,,,,,,,,3.665e-22,,,,,,,,,,,,4.089e-19,,1.871e-18
243.37,2.776e+3,,5.064e-10,3.983e-34,,,1.391e-61,2.149e-22,5.397e-20,3.190e-49,4.060e-19,3.444e-22,3.557e-32,6.851e+2,9.767e-5,2.374e-14,,1.442e-28,,5.876e-22,1.268e-19,9.870e-18,5.944e-2,9.429e-2,1.643e-23,1.883e-22,5.889e-21,,2.535e-1,4.943e+0,2.086e+3,7.076e-20,2.057e-21,1.459e-24,,,,,,,,,,,,3.672e-22,,,,,,,,,,,,4.093e-19,,1.873e-18
243.4,2.819e+3,,5.410e-10,3.976e-34,,,1.392e-61,2.150e-22,2.434e-19,3.170e-49,4.080e-19,3.454e-22,3.560e-32,7.807e+2,1.750e-4,1.540e-14,,1.443e-28,,5.885e-22,1.270e-19,7.557e-18,3.730e-2,1.739e-1,1.656e-23,1.868e-22,5.891e-21,,3.561e-1,8.087e+0,2.030e+3,2.592e-19,2.058e-21,1.460e-24,,,,,,,,,,,,3.684e-22,,,,,,,,,,,,4.098e-19,,1.875e-18
243.42,2.835e+3,,5.568e-10,3.972e-34,,,1.392e-61,2.150e-22,6.540e-19,3.157e-49,4.093e-19,3.460e-22,3.563e-32,8.382e+2,2.541e-4,1.136e-14,,1.444e-28,,5.891e-22,1.271e-19,6.223e-18,2.915e-2,2.573e-1,1.664e-23,1.857e-22,5.893e-21,,4.422e-1,1.108e+1,1.985e+3,6.062e-19,2.059e-21,1.461e-24,,,,,,,,,,,,3.691e-22,,,,,,,,,,,,4.102e-19,,1.877e-18
243.44,2.837e+3,,5.662e-10,3.968e-34,,,1.393e-61,2.151e-22,1.735e-18,3.144e-49,4.106e-19,3.467e-22,3.565e-32,8.883e+2,3.641e-4,8.266e-15,,1.445e-28,,5.897e-22,1.272e-19,5.059e-18,2.533e-2,3.759e-1,1.673e-23,1.846e-22,5.894e-21,,5.435e-1,1.503e+1,1.933e+3,1.400e-18,2.060e-21,1.462e-24,,,,,,,,,,,,3.699e-22,,,,,,,,,,,,4.106e-19,,1.878e-18
243.47,2.815e+3,,5.674e-10,3.961e-34,,,1.394e-61,2.151e-22,7.317e-18,3.124e-49,4.126e-19,3.477e-22,3.569e-32,9.459e+2,6.099e-4,5.010e-15,,1.447e-28,,5.905e-22,1.274e-19,3.620e-18,2.707e-2,6.480e-1,1.685e-23,1.831e-22,5.896e-21,,7.250e-1,2.326e+1,1.844e+3,4.794e-18,2.061e-21,1.463e-24,,,,,,,,,,,,3.710e-22,,,,,,,,,,,,4.111e-19,,1.881e-18
243.49,2.783e+3,,5.594e-10,3.957e-34,,,1.394e-61,2.152e-22,1.880e-17,3.111e-49,4.139e-19,3.483e-22,3.571e-32,9.707e+2,8.465e-4,3.530e-15,,1.448e-28,,5.911e-22,1.275e-19,2.851e-18,3.347e-2,9.168e-1,1.694e-23,1.820e-22,5.898e-21,,8.655e-1,3.072e+1,1.780e+3,1.072e-17,2.062e-21,1.464e-24,,,,,,,,,,,,3.718e-22,,,,,,,,,,,,4.115e-19,,1.882e-18
243.52,2.711e+3,,5.351e-10,3.951e-34,,,1.395e-61,2.152e-22,7.560e-17,3.091e-49,4.159e-19,3.493e-22,3.575e-32,9.849e+2,1.351e-3,2.038e-15,,1.449e-28,,5.920e-22,1.277e-19,1.947e-18,5.264e-2,1.506e+0,1.706e-23,1.804e-22,5.900e-21,,1.103e+0,4.571e+1,1.678e+3,3.501e-17,2.063e-21,1.465e-24,,,,,,,,,,,,3.729e-22,,,,,,,,,,,,4.121e-19,,1.885e-18
243.54,2.649e+3,,5.116e-10,3.947e-34,,,1.395e-61,2.153e-22,1.882e-16,3.078e-49,4.172e-19,3.500e-22,3.577e-32,9.785e+2,1.816e-3,1.390e-15,,1.450e-28,,5.926e-22,1.278e-19,1.488e-18,7.369e-2,2.063e+0,1.715e-23,1.793e-22,5.902e-21,,1.278e+0,5.878e+1,1.608e+3,7.583e-17,2.063e-21,1.465e-24,,,,,,,,,,,,3.737e-22,,,,,,,,,,,,4.125e-19,,1.887e-18
243.57,2.542e+3,,4.671e-10,3.940e-34,,,1.396e-61,2.153e-22,7.213e-16,3.058e-49,4.192e-19,3.510e-22,3.581e-32,9.459e+2,2.762e-3,7.644e-16,,1.452e-28,,5.935e-22,1.280e-19,9.790e-19,1.225e-1,3.230e+0,1.728e-23,1.778e-22,5.904e-21,,1.555e+0,8.400e+1,1.507e+3,2.360e-16,2.065e-21,1.467e-24,,,,,,,,,,,,3.748e-22,,,,,,,,,,,,4.130e-19,,1.889e-18
243.59,2.466e+3,,4.328e-10,3.936e-34,,,1.397e-61,2.153e-22,1.739e-15,3.045e-49,4.206e-19,3.516e-22,3.583e-32,9.100e+2,3.596e-3,5.048e-16,,1.453e-28,,5.941e-22,1.282e-19,7.375e-19,1.704e-1,4.286e+0,1.736e-23,1.767e-22,5.905e-21,,1.745e+0,1.051e+2,1.445e+3,4.951e-16,2.065e-21,1.467e-24,,,,,,,,,,,,3.756e-22,,,,,,,,,,,,4.134e-19,,1.891e-18
243.62,2.353e+3,,3.771e-10,3.930e-34,,,1.398e-61,2.154e-22,6.354e-15,3.025e-49,4.225e-19,3.526e-22,3.587e-32,8.382e+2,5.213e-3,2.644e-16,,1.455e-28,,5.950e-22,1.283e-19,4.925e-19,2.738e-1,6.393e+0,1.749e-23,1.751e-22,5.907e-21,,2.028e+0,1.443e+2,1.362e+3,1.469e-15,2.067e-21,1.468e-24,,,,,,,,,,,,3.768e-22,,,,,,,,,,,,4.140e-19,,1.893e-18
243.64,2.284e+3,,3.386e-10,3.926e-34,,,1.398e-61,2.154e-22,1.484e-14,3.012e-49,4.239e-19,3.532e-22,3.590e-32,7.807e+2,6.571e-3,1.691e-16,,1.456e-28,,5.956e-22,1.285e-19,3.941e-19,3.701e-1,8.214e+0,1.757e-23,1.740e-22,5.909e-21,,2.207e+0,1.758e+2,1.317e+3,2.985e-15,2.067e-21,1.469e-24,,,,,,,,,,,,3.775e-22,,,,,,,,,,,,4.143e-19,,1.895e-18
243.67,2.199e+3,,2.815e-10,3.919e-34,,,1.399e-61,2.155e-22,5.169e-14,2.992e-49,4.259e-19,3.542e-22,3.593e-32,6.851e+2,9.079e-3,8.435e-17,,1.457e-28,,5.965e-22,1.286e-19,3.285e-19,5.680e-1,1.168e+1,1.770e-23,1.725e-22,5.911e-21,,2.447e+0,2.315e+2,1.267e+3,8.441e-15,2.068e-21,1.470e-24,,,,,,,,,,,,3.787e-22,,,,,,,,,,,,4.149e-19,,1.897e-18
243.69,2.157e+3,,2.450e-10,3.915e-34,,,1.399e-61,2.155e-22,1.169e-13,2.979e-49,4.272e-19,3.549e-22,3.596e-32,6.179e+2,1.108e-2,5.221e-17,,1.458e-28,,5.971e-22,1.288e-19,3.353e-19,7.438e-1,1.453e+1,1.778e-23,1.714e-22,5.913e-21,,2.582e+0,2.743e+2,1.247e+3,1.661e-14,2.069e-21,1.471e-24,,,,,,,,,,,,3.794e-22,,,,,,,,,,,,4.153e-19,,1.899e-18
243.72,2.123e+3,,1.944e-10,3.909e-34,,,1.400e-61,2.156e-22,3.883e-13,2.959e-49,4.292e-19,3.559e-22,3.599e-32,5.166e+2,1.460e-2,2.481e-17,,1.460e-28,,5.980e-22,1.289e-19,4.228e-19,1.088e+0,1.968e+1,1.791e-23,1.698e-22,5.915e-21,,2.734e+0,3.468e+2,1.236e+3,4.478e-14,2.070e-21,1.472e-24,,,,,,,,,,,,3.806e-22,,,,,,,,,,,,4.158e-19,,1.901e-18
243.74,2.120e+3,,1.640e-10,3.904e-34,,,1.401e-61,2.156e-22,8.506e-13,2.946e-49,4.305e-19,3.565e-22,3.602e-32,4.512e+2,1.727e-2,1.487e-17,,1.461e-28,,5.986e-22,1.291e-19,5.382e-19,1.380e+0,2.371e+1,1.799e-23,1.687e-22,5.916e-21,,2.797e+0,3.998e+2,1.241e+3,8.537e-14,2.071e-21,1.473e-24,,,,,,,,,,,,3.813e-22,,,,,,,,,,,,4.162e-19,,1.903e-18
243.77,2.143e+3,,1.242e-10,3.898e-34,,,1.402e-61,2.157e-22,2.693e-12,2.926e-49,4.325e-19,3.575e-22,3.605e-32,3.594e+2,2.169e-2,6.733e-18,,1.462e-28,,5.994e-22,1.292e-19,8.149e-19,1.924e+0,3.061e+1,1.812e-23,1.672e-22,5.919e-21,,2.828e+0,4.851e+2,1.264e+3,2.194e-13,2.072e-21,1.474e-24,,,,,,,,,,,,3.825e-22,,,,,,,,,,,,4.168e-19,,1.905e-18
243.79,2.175e+3,,1.017e-10,3.894e-34,,,1.402e-61,2.157e-22,5.715e-12,2.912e-49,4.338e-19,3.582e-22,3.608e-32,3.039e+2,2.485e-2,3.908e-18,,1.463e-28,,6.000e-22,1.294e-19,1.084e-18,2.363e+0,3.572e+1,1.821e-23,1.661e-22,5.920e-21,,2.806e+0,5.444e+2,1.286e+3,4.050e-13,2.073e-21,1.475e-24,,,,,,,,,,,,3.832e-22,,,,,,,,,,,,4.171e-19,,1.907e-18
243.81,2.216e+3,,8.224e-11,3.890e-34,,,1.403e-61,2.158e-22,1.197e-11,2.899e-49,4.351e-19,3.588e-22,3.610e-32,2.537e+2,2.812e-2,2.243e-18,,1.464e-28,,6.006e-22,1.295e-19,1.435e-18,2.865e+0,4.114e+1,1.829e-23,1.650e-22,5.922e-21,,2.750e+0,6.044e+2,1.311e+3,7.383e-13,2.074e-21,1.476e-24,,,,,,,,,,,,3.840e-22,,,,,,,,,,,,4.175e-19,,1.909e-18
243.84,2.289e+3,,5.865e-11,3.883e-34,,,1.403e-61,2.158e-22,3.545e-11,2.879e-49,4.371e-19,3.598e-22,3.614e-32,1.888e+2,3.306e-2,9.665e-19,,1.466e-28,,6.015e-22,1.297e-19,2.148e-18,3.733e+0,4.965e+1,1.842e-23,1.634e-22,5.924e-21,,2.610e+0,6.933e+2,1.351e+3,1.774e-12,2.075e-21,1.477e-24,,,,,,,,,,,,3.851e-22,,,,,,,,,,,,4.181e-19,,1.911e-18
243.86,2.339e+3,,4.628e-11,3.879e-34,,,1.404e-61,2.158e-22,7.195e-11,2.866e-49,4.384e-19,3.605e-22,3.616e-32,1.526e+2,3.627e-2,5.662e-19,,1.467e-28,,6.021e-22,1.298e-19,2.773e-18,4.383e+0,5.538e+1,1.850e-23,1.624e-22,5.925e-21,,2.483e+0,7.501e+2,1.374e+3,3.133e-12,2.076e-21,1.478e-24,,,,,,,,,,,,3.859e-22,,,,,,,,,,,,4.184e-19,,1.913e-18
243.89,2.408e+3,,3.207e-11,3.873e-34,,,1.405e-61,2.159e-22,2.031e-10,2.846e-49,4.404e-19,3.614e-22,3.620e-32,1.082e+2,4.074e-2,3.281e-19,,1.468e-28,,6.030e-22,1.300e-19,3.974e-18,5.444e+0,6.368e+1,1.863e-23,1.608e-22,5.928e-21,,2.254e+0,8.285e+2,1.399e+3,7.175e-12,2.077e-21,1.479e-24,,,,,,,,,,,,3.871e-22,,,,,,,,,,,,4.190e-19,,1.915e-18
243.91,2.444e+3,,2.509e-11,3.869e-34,,,1.405e-61,2.159e-22,3.992e-10,2.833e-49,4.418e-19,3.621e-22,3.623e-32,8.471e+1,4.337e-2,3.413e-19,,1.470e-28,,6.036e-22,1.301e-19,4.973e-18,6.190e+0,6.879e+1,1.871e-23,1.597e-22,5.929e-21,,2.082e+0,8.749e+2,1.407e+3,1.227e-11,2.078e-21,1.479e-24,,,,,,,,,,,,3.878e-22,,,,,,,,,,,,4.194e-19,,1.917e-18
243.94,2.477e+3,,1.766e-11,3.862e-34,,,1.406e-61,2.160e-22,1.074e-9,2.813e-49,4.437e-19,3.631e-22,3.626e-32,5.724e+1,4.660e-2,6.497e-19,,1.471e-28,,6.045e-22,1.303e-19,6.798e-18,7.327e+0,7.538e+1,1.884e-23,1.581e-22,5.931e-21,,1.811e+0,9.336e+2,1.402e+3,2.679e-11,2.079e-21,1.481e-24,,,,,,,,,,,,3.890e-22,,,,,,,,,,,,4.199e-19,,1.919e-18
243.96,2.484e+3,,1.435e-11,3.858e-34,,,1.407e-61,2.160e-22,2.045e-9,2.800e-49,4.451e-19,3.637e-22,3.629e-32,4.337e+1,4.820e-2,1.168e-18,,1.472e-28,,6.051e-22,1.304e-19,8.240e-18,8.067e+0,7.885e+1,1.893e-23,1.571e-22,5.933e-21,,1.627e+0,9.647e+2,1.387e+3,4.438e-11,2.079e-21,1.481e-24,,,,,,,,,,,,3.897e-22,,,,,,,,,,,,4.203e-19,,1.921e-18
243.99,2.468e+3,,1.133e-11,3.852e-34,,,1.407e-61,2.161e-22,5.247e-9,2.780e-49,4.471e-19,3.647e-22,3.632e-32,2.792e+1,4.970e-2,2.911e-18,,1.474e-28,,6.060e-22,1.306e-19,1.073e-17,9.100e+0,8.235e+1,1.905e-23,1.555e-22,5.935e-21,,1.359e+0,9.990e+2,1.349e+3,9.236e-11,2.081e-21,1.482e-24,,,,,,,,,,,,3.909e-22,,,,,,,,,,,,4.209e-19,,1.923e-18
244.01,2.443e+3,,1.033e-11,3.848e-34,,,1.408e-61,2.161e-22,9.677e-9,2.767e-49,4.484e-19,3.654e-22,3.635e-32,2.049e+1,5.009e-2,5.315e-18,,1.475e-28,,6.066e-22,1.307e-19,1.260e-17,9.703e+0,8.341e+1,1.914e-23,1.544e-22,5.936e-21,,1.189e+0,1.014e+3,1.315e+3,1.482e-10,2.081e-21,1.483e-24,,,,,,,,,,,,3.916e-22,,,,,,,,,,,,4.212e-19,,1.925e-18
244.04,2.388e+3,,9.953e-12,3.841e-34,,,1.409e-61,2.162e-22,2.367e-8,2.747e-49,4.504e-19,3.664e-22,3.638e-32,1.257e+1,4.979e-2,1.284e-17,,1.476e-28,,6.075e-22,1.309e-19,1.565e-17,1.043e+1,8.301e+1,1.926e-23,1.528e-22,5.939e-21,,9.569e-1,1.025e+3,1.257e+3,2.940e-10,2.082e-21,1.484e-24,,,,,,,,,,,,3.928e-22,,,,,,,,,,,,4.218e-19,,1.928e-18
244.06,2.344e+3,,1.027e-11,3.837e-34,,,1.409e-61,2.162e-22,4.228e-8,2.734e-49,4.517e-19,3.670e-22,3.641e-32,8.927e+0,4.906e-2,2.275e-17,,1.477e-28,,6.080e-22,1.310e-19,1.779e-17,1.077e+1,8.143e+1,1.935e-23,1.518e-22,5.940e-21,,8.186e-1,1.025e+3,1.217e+3,4.568e-10,2.083e-21,1.485e-24,,,,,,,,,,,,3.935e-22,,,,,,,,,,,,4.222e-19,,1.929e-18
244.09,2.276e+3,,1.133e-11,3.831e-34,,,1.410e-61,2.163e-22,9.856e-8,2.714e-49,4.537e-19,3.680e-22,3.644e-32,5.217e+0,4.736e-2,5.240e-17,,1.479e-28,,6.089e-22,1.312e-19,2.105e-17,1.103e+1,7.722e+1,1.947e-23,1.502e-22,5.942e-21,,6.378e-1,1.017e+3,1.165e+3,8.638e-10,2.084e-21,1.486e-24,,,,,,,,,,,,3.947e-22,,,,,,,,,,,,4.227e-19,,1.932e-18
244.11,2.235e+3,,1.230e-11,3.826e-34,,,1.411e-61,2.163e-22,1.705e-7,2.701e-49,4.550e-19,3.687e-22,3.647e-32,3.589e+0,4.590e-2,8.996e-17,,1.480e-28,,6.095e-22,1.313e-19,2.317e-17,1.103e+1,7.335e+1,1.956e-23,1.491e-22,5.944e-21,,5.352e-1,1.007e+3,1.140e+3,1.300e-9,2.085e-21,1.487e-24,,,,,,,,,,,,3.954e-22,,,,,,,,,,,,4.231e-19,,1.933e-18
244.14,2.189e+3,,1.396e-11,3.820e-34,,,1.411e-61,2.164e-22,3.790e-7,2.681e-49,4.570e-19,3.696e-22,3.651e-32,1.998e+0,4.343e-2,1.976e-16,,1.481e-28,,6.104e-22,1.315e-19,2.613e-17,1.077e+1,6.629e+1,1.969e-23,1.475e-22,5.946e-21,,4.067e-1,9.848e+2,1.124e+3,2.343e-9,2.086e-21,1.488e-24,,,,,,,,,,,,3.966e-22,,,,,,,,,,,,4.237e-19,,1.936e-18
244.16,2.173e+3,,1.509e-11,3.816e-34,,,4.352e-61,2.164e-22,6.353e-7,2.668e-49,4.583e-19,3.703e-22,3.653e-32,1.331e+0,4.170e-2,3.286e-16,,1.482e-28,,6.110e-22,1.316e-19,2.787e-17,1.043e+1,6.098e+1,1.977e-23,1.465e-22,5.948e-21,,3.367e-1,9.666e+2,1.133e+3,3.416e-9,2.087e-21,1.489e-24,,,,,,,,,,,,3.973e-22,,,,,,,,,,,,4.241e-19,,1.937e-18
244.18,2.171e+3,,1.619e-11,3.812e-34,,,1.325e-60,2.164e-22,1.051e-6,2.655e-49,4.596e-19,3.709e-22,3.655e-32,8.750e-1,3.996e-2,5.395e-16,,1.483e-28,,6.116e-22,1.317e-19,2.933e-17,9.972e+0,5.538e+1,1.986e-23,1.454e-22,5.949e-21,,2.777e-1,9.457e+2,1.159e+3,4.916e-9,2.088e-21,1.490e-24,,,,,,,,,,,,3.981e-22,,,,,,,,,,,,4.244e-19,,1.939e-18
244.21,2.200e+3,,1.765e-11,3.805e-34,,,6.873e-60,2.165e-22,2.185e-6,2.635e-49,4.616e-19,3.719e-22,3.659e-32,4.553e-1,3.744e-2,1.108e-15,,1.485e-28,,6.125e-22,1.319e-19,3.093e-17,9.100e+0,4.678e+1,1.998e-23,1.438e-22,5.951e-21,,2.072e-1,9.090e+2,1.234e+3,8.288e-9,2.089e-21,1.491e-24,,,,,,,,,,,,3.993e-22,,,,,,,,,,,,4.250e-19,,1.941e-18
244.23,2.240e+3,,1.842e-11,3.801e-34,,,2.027e-59,2.165e-22,3.503e-6,2.622e-49,4.630e-19,3.726e-22,3.662e-32,2.898e-1,3.585e-2,1.762e-15,,1.486e-28,,6.131e-22,1.320e-19,3.153e-17,8.425e+0,4.114e+1,2.007e-23,1.428e-22,5.953e-21,,1.705e-1,8.811e+2,1.309e+3,1.155e-8,2.090e-21,1.492e-24,,,,,,,,,,,,4.000e-22,,,,,,,,,,,,4.254e-19,,1.943e-18
244.26,2.331e+3,,1.921e-11,3.795e-34,,,1.003e-58,2.166e-22,6.940e-6,2.602e-49,4.649e-19,3.736e-22,3.665e-32,1.437e-1,3.362e-2,3.451e-15,,1.488e-28,,6.140e-22,1.322e-19,3.168e-17,7.327e+0,3.313e+1,2.019e-23,1.412e-22,5.955e-21,,1.279e-1,8.335e+2,1.456e+3,1.856e-8,2.091e-21,1.493e-24,,,,,,,,,,,,4.012e-22,,,,,,,,,,,,4.259e-19,,1.946e-18
244.28,2.409e+3,,1.945e-11,3.791e-34,,,2.866e-58,2.166e-22,1.078e-5,2.589e-49,4.663e-19,3.742e-22,3.668e-32,8.857e-2,3.223e-2,5.316e-15,,1.489e-28,,6.146e-22,1.323e-19,3.127e-17,6.569e+0,2.822e+1,2.028e-23,1.401e-22,5.957e-21,,1.065e-1,7.979e+2,1.576e+3,2.506e-8,2.092e-21,1.493e-24,,,,,,,,,,,,4.019e-22,,,,,,,,,,,,4.263e-19,,1.947e-18
244.31,2.546e+3,,1.935e-11,3.784e-34,,,1.352e-57,2.167e-22,2.035e-5,2.569e-49,4.683e-19,3.752e-22,3.671e-32,4.184e-2,3.022e-2,9.925e-15,,1.490e-28,,6.155e-22,1.325e-19,2.995e-17,5.444e+0,2.166e+1,2.041e-23,1.385e-22,5.959e-21,,8.252e-2,7.388e+2,1.780e+3,3.839e-8,2.093e-21,1.495e-24,,,,,,,,,,,,4.031e-22,,,,,,,,,,,,4.269e-19,,1.950e-18
244.33,2.646e+3,,1.897e-11,3.780e-34,,,3.744e-57,2.167e-22,3.061e-5,2.556e-49,4.696e-19,3.759e-22,3.674e-32,2.497e-2,2.889e-2,1.481e-14,,1.491e-28,,6.161e-22,1.326e-19,2.864e-17,4.727e+0,1.788e+1,2.049e-23,1.375e-22,5.960e-21,,7.108e-2,6.958e+2,1.927e+3,5.020e-8,2.093e-21,1.495e-24,,,,,,,,,,,,4.038e-22,,,,,,,,,,,,4.272e-19,,1.951e-18
244.36,2.798e+3,,1.800e-11,3.774e-34,,,1.685e-56,2.168e-22,5.512e-5,2.536e-49,4.716e-19,3.768e-22,3.677e-32,1.124e-2,2.687e-2,2.636e-14,,1.493e-28,,6.169e-22,1.328e-19,2.613e-17,3.733e+0,1.312e+1,2.062e-23,1.359e-22,5.963e-21,,5.931e-2,6.270e+2,2.154e+3,7.330e-8,2.095e-21,1.496e-24,,,,,,,,,,,,4.050e-22,,,,,,,,,,,,4.278e-19,,1.954e-18
244.38,2.896e+3,,1.710e-11,3.769e-34,,,4.520e-56,2.168e-22,8.030e-5,2.523e-49,4.729e-19,3.775e-22,3.680e-32,6.493e-3,2.547e-2,3.810e-14,,1.494e-28,,6.175e-22,1.329e-19,2.420e-17,3.139e+0,1.053e+1,2.070e-23,1.348e-22,5.964e-21,,5.442e-2,5.789e+2,2.303e+3,9.284e-8,2.095e-21,1.497e-24,,,,,,,,,,,,4.057e-22,,,,,,,,,,,,4.282e-19,,1.955e-18
244.41,3.026e+3,,1.545e-11,3.763e-34,,,1.939e-55,2.169e-22,1.378e-4,2.503e-49,4.749e-19,3.785e-22,3.683e-32,2.784e-3,2.324e-2,6.463e-14,,1.495e-28,,6.184e-22,1.331e-19,2.105e-17,2.363e+0,7.457e+0,2.083e-23,1.332e-22,5.966e-21,,5.058e-2,5.050e+2,2.511e+3,1.292e-7,2.097e-21,1.498e-24,,,,,,,,,,,,4.069e-22,,,,,,,,,,,,4.287e-19,,1.958e-18
244.43,3.096e+3,,1.422e-11,3.759e-34,,,5.041e-55,2.169e-22,1.945e-4,2.490e-49,4.762e-19,3.791e-22,3.686e-32,1.558e-3,2.168e-2,9.049e-14,,1.496e-28,,6.190e-22,1.332e-19,1.887e-17,1.924e+0,5.909e+0,2.091e-23,1.322e-22,5.968e-21,,4.991e-2,4.557e+2,2.633e+3,1.585e-7,2.097e-21,1.499e-24,,,,,,,,,,,,4.076e-22,,,,,,,,,,,,4.291e-19,,1.959e-18
244.46,3.169e+3,,1.225e-11,3.753e-34,,,2.063e-54,2.170e-22,3.183e-4,2.470e-49,4.782e-19,3.801e-22,3.690e-32,6.364e-4,1.923e-2,1.464e-13,,1.498e-28,,6.199e-22,1.334e-19,1.565e-17,1.380e+0,4.248e+0,2.104e-23,1.306e-22,5.970e-21,,5.107e-2,3.835e+2,2.780e+3,2.103e-7,2.098e-21,1.500e-24,,,,,,,,,,,,4.088e-22,,,,,,,,,,,,4.297e-19,,1.962e-18
244.48,3.193e+3,,1.091e-11,3.748e-34,,,5.194e-54,2.170e-22,4.350e-4,2.457e-49,4.795e-19,3.808e-22,3.692e-32,3.448e-4,1.754e-2,1.985e-13,,1.499e-28,,6.205e-22,1.335e-19,1.359e-17,1.088e+0,3.541e+0,2.112e-23,1.295e-22,5.971e-21,,5.293e-2,3.375e+2,2.851e+3,2.499e-7,2.099e-21,1.501e-24,,,,,,,,,,,,4.096e-22,,,,,,,,,,,,4.300e-19,,1.964e-18
244.51,3.187e+3,,8.961e-12,3.742e-34,,,2.027e-53,2.170e-22,6.787e-4,2.437e-49,4.815e-19,3.818e-22,3.696e-32,1.342e-4,1.501e-2,3.061e-13,,1.500e-28,,6.214e-22,1.337e-19,1.073e-17,7.438e-1,3.028e+0,2.125e-23,1.279e-22,5.974e-21,,5.683e-2,2.732e+2,2.910e+3,3.160e-7,2.100e-21,1.502e-24,,,,,,,,,,,,4.107e-22,,,,,,,,,,,,4.306e-19,,1.966e-18
244.53,3.155e+3,,7.732e-12,3.738e-34,,,4.946e-53,2.171e-22,8.985e-4,2.424e-49,4.828e-19,3.824e-22,3.698e-32,7.040e-5,1.335e-2,4.021e-13,,1.501e-28,,6.220e-22,1.338e-19,9.028e-18,5.680e-1,3.039e+0,2.134e-23,1.269e-22,5.975e-21,,5.991e-2,2.342e+2,2.917e+3,3.637e-7,2.101e-21,1.503e-24,,,,,,,,,,,,4.115e-22,,,,,,,,,,,,4.310e-19,,1.968e-18
244.56,3.065e+3,,6.051e-12,3.731e-34,,,1.841e-52,2.171e-22,1.336e-3,2.404e-49,4.848e-19,3.834e-22,3.702e-32,2.611e-5,1.096e-2,5.910e-13,,1.503e-28,,6.229e-22,1.340e-19,6.798e-18,3.700e-1,3.594e+0,2.146e-23,1.253e-22,5.977e-21,,6.489e-2,1.822e+2,2.878e+3,4.384e-7,2.102e-21,1.504e-24,,,,,,,,,,,,4.126e-22,,,,,,,,,,,,4.315e-19,,1.970e-18
244.58,2.979e+3,,5.057e-12,3.727e-34,,,4.351e-52,2.172e-22,1.713e-3,2.391e-49,4.862e-19,3.841e-22,3.704e-32,1.326e-5,9.473e-3,7.520e-13,,1.504e-28,,6.235e-22,1.341e-19,5.536e-18,2.736e-1,4.350e+0,2.155e-23,1.242e-22,5.979e-21,,6.834e-2,1.520e+2,2.822e+3,4.886e-7,2.103e-21,1.505e-24,,,,,,,,,,,,4.134e-22,,,,,,,,,,,,4.319e-19,,1.972e-18
244.6,2.875e+3,,4.172e-12,3.723e-34,,,1.016e-51,2.172e-22,2.169e-3,2.377e-49,4.875e-19,3.847e-22,3.707e-32,6.649e-6,8.092e-3,9.448e-13,,1.505e-28,,6.241e-22,1.343e-19,4.452e-18,1.997e-1,5.448e+0,2.163e-23,1.232e-22,5.980e-21,,7.187e-2,1.254e+2,2.744e+3,5.378e-7,2.104e-21,1.505e-24,,,,,,,,,,,,4.141e-22,,,,,,,,,,,,4.323e-19,,1.973e-18
244.63,2.690e+3,,3.052e-12,3.717e-34,,,3.537e-51,2.173e-22,3.017e-3,2.357e-49,4.895e-19,3.857e-22,3.710e-32,2.304e-6,6.245e-3,1.299e-12,,1.507e-28,,6.250e-22,1.344e-19,3.134e-18,1.216e-1,7.825e+0,2.176e-23,1.216e-22,5.983e-21,,7.752e-2,9.212e+1,2.590e+3,6.062e-7,2.105e-21,1.507e-24,,,,,,,,,,,,4.153e-22,,,,,,,,,,,,4.328e-19,,1.976e-18
244.65,2.552e+3,,2.439e-12,3.713e-34,,,7.998e-51,2.173e-22,3.700e-3,2.344e-49,4.908e-19,3.864e-22,3.713e-32,1.119e-6,5.175e-3,1.581e-12,,1.508e-28,,6.255e-22,1.346e-19,2.440e-18,8.600e-2,9.966e+0,2.184e-23,1.205e-22,5.984e-21,,8.180e-2,7.398e+1,2.468e+3,6.462e-7,2.106e-21,1.507e-24,,,,,,,,,,,,4.160e-22,,,,,,,,,,,,4.332e-19,,1.977e-18
244.68,2.331e+3,,1.700e-12,3.706e-34,,,2.656e-50,2.174e-22,4.907e-3,2.324e-49,4.928e-19,3.873e-22,3.716e-32,3.693e-7,3.814e-3,2.072e-12,,1.509e-28,,6.264e-22,1.347e-19,1.637e-18,4.990e-2,1.413e+1,2.197e-23,1.189e-22,5.986e-21,,8.987e-2,5.220e+1,2.264e+3,6.943e-7,2.107e-21,1.509e-24,,,,,,,,,,,,4.172e-22,,,,,,,,,,,1.545e-20,4.338e-19,,1.980e-18
244.7,2.178e+3,,1.316e-12,3.702e-34,,,5.820e-50,2.174e-22,5.828e-3,2.311e-49,4.941e-19,3.880e-22,3.719e-32,1.736e-7,3.063e-3,2.442e-12,,1.510e-28,,6.270e-22,1.349e-19,1.235e-18,3.417e-2,1.762e+1,2.205e-23,1.179e-22,5.988e-21,,9.710e-2,4.086e+1,2.119e+3,7.169e-7,2.108e-21,1.509e-24,,,,,,,,,,,,4.179e-22,,,,,,,,,,,4.682e-20,4.341e-19,,1.982e-18
244.73,1.949e+3,,8.743e-13,3.696e-34,,,1.843e-49,2.175e-22,7.367e-3,2.291e-49,4.961e-19,3.890e-22,3.722e-32,5.462e-8,2.154e-3,3.051e-12,,1.512e-28,,6.279e-22,1.351e-19,7.893e-19,1.890e-2,2.400e+1,2.218e-23,1.163e-22,5.990e-21,,1.125e-1,2.784e+1,1.897e+3,7.342e-7,2.109e-21,1.510e-24,,,,,,,,,,,,4.191e-22,,,,,,,,,,,2.412e-19,4.347e-19,,1.984e-18
244.75,1.799e+3,,6.552e-13,3.691e-34,,,3.913e-49,2.175e-22,8.477e-3,2.278e-49,4.974e-19,3.896e-22,3.725e-32,2.486e-8,1.677e-3,3.484e-12,,1.513e-28,,6.285e-22,1.352e-19,5.765e-19,1.253e-2,2.904e+1,2.227e-23,1.152e-22,5.992e-21,,1.273e-1,2.139e+1,1.749e+3,7.342e-7,2.109e-21,1.511e-24,,,,,,,,,,,,4.198e-22,,,,,,,,,,,7.083e-19,4.351e-19,,1.986e-18
244.78,1.586e+3,,4.150e-13,3.685e-34,,,1.182e-48,2.175e-22,1.021e-2,2.258e-49,4.994e-19,3.906e-22,3.729e-32,7.451e-9,1.124e-3,4.150e-12,,1.514e-28,,6.294e-22,1.354e-19,3.513e-19,6.603e-3,3.775e+1,2.239e-23,1.136e-22,5.994e-21,,1.589e-1,1.444e+1,1.534e+3,7.169e-7,2.111e-21,1.512e-24,,,,,,,,,,,,4.210e-22,,,,,,,,,,,3.481e-18,4.356e-19,,1.988e-18
244.8,1.454e+3,,3.012e-13,3.681e-34,,,2.431e-48,2.176e-22,1.138e-2,2.245e-49,5.007e-19,3.913e-22,3.731e-32,3.284e-9,8.477e-4,4.589e-12,,1.515e-28,,6.300e-22,1.355e-19,2.485e-19,4.239e-3,4.427e+1,2.248e-23,1.126e-22,5.995e-21,,1.885e-1,1.128e+1,1.398e+3,6.943e-7,2.111e-21,1.513e-24,,,,,,,,,,,,4.218e-22,,,,,,,,,,,9.904e-18,4.360e-19,,1.990e-18
244.83,1.273e+3,,1.818e-13,3.675e-34,,,7.003e-48,2.176e-22,1.308e-2,2.225e-49,5.027e-19,3.922e-22,3.735e-32,9.377e-10,5.419e-4,5.212e-12,,1.517e-28,,6.309e-22,1.357e-19,1.443e-19,2.129e-3,5.488e+1,2.260e-23,1.110e-22,5.997e-21,,2.497e-1,8.355e+0,1.210e+3,6.462e-7,2.112e-21,1.514e-24,,,,,,,,,,,,4.229e-22,,,,,,,,,,,4.642e-17,4.366e-19,,1.992e-18
244.85,1.165e+3,,1.278e-13,3.670e-34,,,1.396e-47,2.177e-22,1.412e-2,2.212e-49,5.040e-19,3.929e-22,3.737e-32,4.001e-10,3.958e-4,5.583e-12,,1.518e-28,,6.315e-22,1.358e-19,9.883e-20,1.324e-3,6.234e+1,2.269e-23,1.099e-22,5.999e-21,,3.043e-1,7.422e+0,1.095e+3,6.062e-7,2.113e-21,1.515e-24,,,,,,,,,,,,4.237e-22,,,,,,,,,,,1.280e-16,4.370e-19,,1.994e-18
244.88,1.023e+3,,7.350e-14,3.664e-34,,,3.834e-47,2.177e-22,1.546e-2,2.192e-49,5.060e-19,3.939e-22,3.741e-32,1.089e-10,2.412e-4,6.044e-12,,1.519e-28,,6.324e-22,1.360e-19,5.470e-20,6.337e-4,7.369e+1,2.282e-23,1.083e-22,6.001e-21,,4.116e-1,7.356e+0,9.417e+2,5.378e-7,2.114e-21,1.516e-24,,,,,,,,,,,,4.248e-22,,,,,,,,,,,5.722e-16,4.375e-19,,1.996e-18
244.9,9.414e+2,,5.003e-14,3.660e-34,,,7.402e-47,2.178e-22,1.617e-2,2.179e-49,5.074e-19,3.945e-22,3.743e-32,4.498e-11,1.706e-4,6.272e-12,,1.520e-28,,6.330e-22,1.361e-19,3.629e-20,3.816e-4,8.108e+1,2.290e-23,1.073e-22,6.003e-21,,5.026e-1,8.149e+0,8.516e+2,4.886e-7,2.115e-21,1.517e-24,,,,,,,,,,,,4.256e-22,,,,,,,,,,,1.529e-15,4.379e-19,,1.998e-18
244.93,8.370e+2,,2.743e-14,3.653e-34,,,1.939e-46,2.178e-22,1.688e-2,2.159e-49,5.093e-19,3.955e-22,3.747e-32,1.166e-11,9.912e-5,6.473e-12,,1.522e-28,,6.339e-22,1.363e-19,1.914e-20,1.740e-4,9.137e+1,2.303e-23,1.057e-22,6.005e-21,,6.723e-1,1.059e+1,7.343e+2,4.132e-7,2.116e-21,1.518e-24,,,,,,,,,,,,4.267e-22,,,,,,,,,,,6.520e-15,4.384e-19,,2.000e-18
244.95,7.787e+2,,1.808e-14,3.649e-34,,,3.627e-46,2.179e-22,1.709e-2,2.146e-49,5.107e-19,3.962e-22,3.749e-32,4.665e-12,6.791e-5,6.506e-12,,1.523e-28,,6.344e-22,1.364e-19,1.230e-20,1.015e-4,9.738e+1,2.311e-23,1.046e-22,6.006e-21,,8.093e-1,1.310e+1,6.674e+2,3.637e-7,2.117e-21,1.519e-24,,,,,,,,,,,,4.275e-22,,,,,,,,,,,1.688e-14,4.388e-19,,2.002e-18
244.97,7.285e+2,,1.177e-14,3.645e-34,,,6.700e-46,2.179e-22,1.709e-2,2.133e-49,5.120e-19,3.968e-22,3.752e-32,1.842e-12,4.594e-5,6.456e-12,,1.524e-28,,6.350e-22,1.365e-19,7.799e-21,5.842e-5,1.025e+2,2.320e-23,1.036e-22,6.008e-21,,9.659e-1,1.637e+1,6.087e+2,3.160e-7,2.118e-21,1.519e-24,,,,,,,,,,,,4.282e-22,,,,,,,,,,,4.315e-14,4.392e-19,,2.004e-18
245,6.670e+2,,6.032e-15,3.639e-34,,,1.642e-45,2.180e-22,1.669e-2,2.113e-49,5.140e-19,3.978e-22,3.755e-32,4.463e-13,2.495e-5,6.232e-12,,1.526e-28,,6.359e-22,1.367e-19,3.846e-21,2.491e-5,1.080e+2,2.332e-23,1.020e-22,6.010e-21,,1.237e+0,2.280e+1,5.349e+2,2.499e-7,2.119e-21,1.521e-24,,,,,,,,,,,,4.294e-22,,,,,,,,,,,1.722e-13,4.398e-19,,2.006e-18
245.02,6.340e+2,,3.802e-15,3.634e-34,,,2.939e-45,2.180e-22,1.617e-2,6.425e-49,5.153e-19,3.985e-22,3.758e-32,1.706e-13,1.635e-5,5.990e-12,,1.527e-28,,6.365e-22,1.368e-19,2.362e-21,1.389e-5,1.101e+2,2.341e-23,1.009e-22,6.012e-21,,1.440e+0,2.820e+1,4.943e+2,2.103e-7,2.120e-21,1.521e-24,,,,,,,,,,,,4.301e-22,,,,,,,,,,,4.266e-13,4.401e-19,,2.008e-18
245.05,5.951e+2,,1.857e-15,3.628e-34,,,6.871e-45,2.180e-22,1.505e-2,3.327e-48,5.173e-19,3.995e-22,3.761e-32,3.939e-14,8.462e-6,5.512e-12,,1.528e-28,,6.374e-22,1.370e-19,1.110e-21,5.643e-6,1.106e+2,2.353e-23,9.933e-23,6.014e-21,,1.771e+0,3.805e+1,4.447e+2,1.585e-7,2.121e-21,1.522e-24,,,,,,,,,,,,4.313e-22,,,,,,,,,,,1.624e-12,4.407e-19,,2.010e-18
245.07,5.755e+2,,1.134e-15,3.624e-34,,,1.191e-44,2.181e-22,1.412e-2,9.802e-48,5.186e-19,4.001e-22,3.764e-32,1.458e-14,5.369e-6,5.133e-12,,1.529e-28,,6.380e-22,1.371e-19,6.603e-22,3.047e-6,1.092e+2,2.362e-23,9.827e-23,6.015e-21,,2.005e+0,4.582e+1,4.184e+2,1.292e-7,2.122e-21,1.523e-24,,,,,,,,,,,,4.321e-22,,,,,,,,,,,3.899e-12,4.411e-19,,2.012e-18
245.1,5.545e+2,,5.278e-16,3.618e-34,,,2.656e-44,2.181e-22,1.253e-2,4.842e-47,5.206e-19,4.011e-22,3.768e-32,3.207e-15,2.649e-6,4.503e-12,,1.531e-28,,6.389e-22,1.373e-19,2.958e-22,1.180e-6,1.046e+2,2.375e-23,9.668e-23,6.018e-21,,2.362e+0,5.922e+1,3.882e+2,9.284e-8,2.123e-21,1.524e-24,,,,,,,,,,,,4.332e-22,,,,,,,,,,,1.416e-11,4.416e-19,,2.014e-18
245.12,5.456e+2,,3.120e-16,3.613e-34,,,4.462e-44,2.182e-22,1.138e-2,1.383e-46,5.219e-19,4.018e-22,3.770e-32,1.150e-15,1.628e-6,4.061e-12,,1.532e-28,,6.395e-22,1.374e-19,1.704e-22,6.168e-7,1.000e+2,2.383e-23,9.562e-23,6.019e-21,,2.596e+0,6.923e+1,3.737e+2,7.330e-8,2.124e-21,1.525e-24,,,,,,,,,,,,4.340e-22,,,,,,,,,,,3.294e-11,4.420e-19,,2.016e-18
245.15,5.397e+2,,1.384e-16,3.607e-34,,,9.487e-44,2.182e-22,9.630e-3,6.515e-46,5.239e-19,4.027e-22,3.774e-32,2.409e-16,7.654e-7,3.396e-12,,1.533e-28,,6.404e-22,1.376e-19,7.273e-23,2.276e-7,9.137e+1,2.396e-23,9.403e-23,6.021e-21,,2.925e+0,8.560e+1,3.598e+2,5.020e-8,2.125e-21,1.526e-24,,,,,,,,,,,,4.351e-22,,,,,,,,,,,1.141e-10,4.426e-19,,2.018e-18
245.17,5.403e+2,,7.925e-17,3.603e-34,,,1.544e-43,2.183e-22,8.477e-3,1.803e-45,5.252e-19,4.034e-22,3.776e-32,8.360e-17,4.555e-7,2.967e-12,,1.534e-28,,6.410e-22,1.377e-19,4.058e-23,1.152e-7,8.464e+1,2.404e-23,9.297e-23,6.023e-21,,3.120e+0,9.721e+1,3.553e+2,3.839e-8,2.125e-21,1.527e-24,,,,,,,,,,,,4.359e-22,,,,,,,,,,,2.571e-10,4.429e-19,,2.020e-18
245.2,5.475e+2,,3.351e-17,3.596e-34,,,3.131e-43,2.183e-22,6.835e-3,8.104e-45,5.272e-19,4.044e-22,3.780e-32,1.669e-17,2.041e-7,2.365e-12,,1.536e-28,,6.419e-22,1.379e-19,1.651e-23,4.053e-8,7.369e+1,2.417e-23,9.138e-23,6.025e-21,,3.359e+0,1.152e+2,3.552e+2,2.506e-8,2.127e-21,1.528e-24,,,,,,,,,,,,4.370e-22,,,,,,,,,,,8.497e-10,4.435e-19,,2.023e-18
245.22,5.561e+2,,1.858e-17,3.592e-34,,,4.937e-43,2.184e-22,5.828e-3,2.173e-44,5.286e-19,4.050e-22,3.782e-32,5.609e-18,1.176e-7,2.002e-12,,1.537e-28,,6.425e-22,1.380e-19,8.919e-24,1.987e-8,6.612e+1,2.425e-23,9.032e-23,6.026e-21,,3.476e+0,1.274e+2,3.591e+2,1.856e-8,2.127e-21,1.529e-24,,,,,,,,,,,,4.378e-22,,,,,,,,,,,1.856e-9,4.439e-19,,2.024e-18
245.25,5.741e+2,,7.489e-18,3.586e-34,,,9.547e-43,2.184e-22,4.480e-3,9.320e-44,5.305e-19,4.060e-22,3.786e-32,1.067e-18,5.025e-8,1.521e-12,,1.538e-28,,6.433e-22,1.382e-19,3.458e-24,6.660e-9,5.488e+1,2.438e-23,8.873e-23,6.029e-21,,3.575e+0,1.453e+2,3.703e+2,1.155e-8,2.128e-21,1.530e-24,,,,,,,,,,,,4.389e-22,,,,,,,,,,,5.849e-9,4.444e-19,,2.027e-18
245.27,5.889e+2,,4.021e-18,3.582e-34,,,1.459e-42,2.185e-22,3.700e-3,2.422e-43,5.319e-19,4.067e-22,3.788e-32,3.472e-19,2.805e-8,1.247e-12,,1.539e-28,,6.439e-22,1.383e-19,1.809e-24,3.162e-9,4.770e+1,2.447e-23,8.767e-23,6.030e-21,,3.588e+0,1.570e+2,3.806e+2,8.288e-9,2.129e-21,1.531e-24,,,,,,,,,,,,4.397e-22,,,,,,,,,,,1.238e-8,4.448e-19,,2.028e-18
245.3,6.143e+2,,1.545e-18,3.575e-34,,,2.690e-42,2.185e-22,2.712e-3,9.908e-43,5.339e-19,4.077e-22,3.792e-32,3.479e-19,1.142e-8,9.035e-13,,1.541e-28,,6.448e-22,1.385e-19,6.685e-25,1.010e-9,3.774e+1,2.459e-23,8.609e-23,6.032e-21,,3.525e+0,1.737e+2,3.993e+2,4.916e-9,2.130e-21,1.532e-24,,,,,,,,,,,,4.408e-22,,,,,,,,,,,3.721e-8,4.454e-19,,2.031e-18
245.32,6.329e+2,,8.032e-19,3.571e-34,,,3.982e-42,2.185e-22,2.169e-3,2.495e-42,5.352e-19,4.083e-22,3.794e-32,3.484e-19,6.172e-9,7.174e-13,,1.542e-28,,6.454e-22,1.386e-19,3.388e-25,4.644e-10,3.178e+1,2.468e-23,8.503e-23,6.034e-21,,3.431e+0,1.844e+2,4.133e+2,3.416e-9,2.131e-21,1.533e-24,,,,,,,,,,,,4.416e-22,,,,,,,,,,,7.631e-8,4.457e-19,,2.032e-18
245.34,6.526e+2,,4.124e-19,3.567e-34,,,5.820e-42,2.186e-22,1.713e-3,6.204e-42,5.365e-19,4.090e-22,3.797e-32,3.489e-19,3.294e-9,5.623e-13,,1.543e-28,,6.460e-22,1.387e-19,1.695e-25,2.108e-10,2.642e+1,2.476e-23,8.397e-23,6.035e-21,,3.299e+0,1.950e+2,4.279e+2,2.343e-9,2.132e-21,1.533e-24,,,,,,,,,,,,4.423e-22,,,,,,,,,,,1.545e-7,4.461e-19,,2.034e-18
245.37,6.837e+2,,1.481e-19,3.561e-34,,,1.004e-41,2.186e-22,1.174e-3,2.376e-41,5.385e-19,4.099e-22,3.800e-32,3.497e-19,1.254e-9,3.811e-13,,1.545e-28,,6.469e-22,1.389e-19,5.855e-26,6.294e-11,1.955e+1,2.489e-23,8.238e-23,6.038e-21,,3.041e+0,2.109e+2,4.503e+2,1.300e-9,2.133e-21,1.535e-24,,,,,,,,,,,,4.435e-22,,,,,,,,,,,4.348e-7,4.467e-19,,2.036e-18
245.39,7.057e+2,,7.362e-20,3.556e-34,,,1.422e-41,2.187e-22,8.985e-4,5.727e-41,5.398e-19,4.106e-22,3.803e-32,3.502e-19,6.480e-10,2.894e-13,,1.546e-28,,6.475e-22,1.390e-19,2.837e-26,2.767e-11,1.574e+1,2.497e-23,8.132e-23,6.039e-21,,2.837e+0,2.220e+2,4.651e+2,8.638e-10,2.134e-21,1.535e-24,,,,,,,,,,,,4.443e-22,,,,,,,,,,,8.531e-7,4.471e-19,,2.038e-18
245.42,7.411e+2,,2.520e-20,3.550e-34,,,2.340e-41,2.187e-22,5.870e-4,2.092e-40,5.418e-19,4.116e-22,3.807e-32,3.509e-19,2.351e-10,1.869e-13,,1.547e-28,,6.484e-22,1.392e-19,9.339e-27,7.872e-12,1.111e+1,2.510e-23,7.973e-23,6.041e-21,,2.499e+0,2.405e+2,4.869e+2,4.568e-10,2.135e-21,1.536e-24,,,,,,,,,,,,4.454e-22,,,,,,,,,,,2.290e-6,4.476e-19,,2.041e-18
245.44,7.671e+2,,1.213e-20,3.546e-34,,,3.211e-41,2.188e-22,4.350e-4,4.886e-40,5.431e-19,4.122e-22,3.809e-32,3.514e-19,1.177e-10,1.375e-13,,1.548e-28,,6.490e-22,1.393e-19,4.382e-27,3.351e-12,8.662e+0,2.518e-23,7.867e-23,6.043e-21,,2.263e+0,2.546e+2,5.015e+2,2.940e-10,2.136e-21,1.537e-24,,,,,,,,,,,,4.462e-22,,,,,,,,,,,4.354e-6,4.480e-19,,2.042e-18
245.47,8.113e+2,,3.958e-21,3.540e-34,,,5.040e-41,2.188e-22,2.710e-4,1.703e-39,5.451e-19,4.132e-22,3.813e-32,3.522e-19,4.068e-11,8.468e-14,,1.550e-28,,6.499e-22,1.395e-19,1.375e-27,9.086e-13,5.826e+0,2.531e-23,7.708e-23,6.045e-21,,1.907e+0,2.794e+2,5.242e+2,1.482e-10,2.137e-21,1.538e-24,,,,,,,,,,,,4.473e-22,,,,,,,,,,,1.115e-5,4.485e-19,,2.045e-18
245.49,8.454e+2,,1.845e-21,3.535e-34,,,6.699e-41,2.189e-22,1.945e-4,3.854e-39,5.464e-19,4.139e-22,3.815e-32,3.527e-19,1.972e-11,6.033e-14,,1.551e-28,,6.505e-22,1.397e-19,6.247e-28,3.746e-13,4.402e+0,2.540e-23,7.602e-23,6.047e-21,,1.678e+0,2.987e+2,5.407e+2,9.236e-11,2.138e-21,1.539e-24,,,,,,,,,,,,4.481e-22,,,,,,,,,,,2.054e-5,4.489e-19,,2.046e-18
245.52,9.059e+2,,5.737e-22,3.529e-34,,,1.003e-40,2.189e-22,1.155e-4,1.282e-38,5.484e-19,4.149e-22,3.819e-32,3.534e-19,6.498e-12,3.542e-14,,1.552e-28,,6.514e-22,1.398e-19,1.868e-28,9.680e-14,2.822e+0,2.552e-23,7.443e-23,6.049e-21,,1.357e+0,3.322e+2,5.695e+2,4.438e-11,2.139e-21,1.540e-24,,,,,,,,,,,,4.492e-22,,,,,,,,,,,5.015e-5,4.495e-19,,2.049e-18
245.54,9.534e+2,,2.591e-22,3.525e-34,,,1.291e-40,2.190e-22,8.030e-5,2.811e-38,5.498e-19,4.155e-22,3.821e-32,3.539e-19,3.051e-12,2.444e-14,,1.553e-28,,6.519e-22,1.400e-19,8.222e-29,3.864e-14,2.065e+0,2.561e-23,7.337e-23,6.050e-21,,1.163e+0,3.574e+2,5.928e+2,2.679e-11,2.139e-21,1.541e-24,,,,,,,,,,,,4.500e-22,,,,,,,,,,,8.953e-5,4.499e-19,,2.050e-18
245.57,1.037e+3,,7.676e-23,3.518e-34,,,1.843e-40,2.190e-22,4.545e-5,8.916e-38,5.517e-19,4.165e-22,3.825e-32,3.547e-19,9.581e-13,1.368e-14,,1.555e-28,,6.528e-22,1.401e-19,2.348e-29,9.516e-15,1.263e+0,2.573e-23,7.178e-23,6.052e-21,,9.074e-1,3.990e+2,6.360e+2,1.227e-11,2.141e-21,1.542e-24,,,,,,,,,,,,4.511e-22,,,,,,,,,,,2.086e-4,4.504e-19,,2.053e-18
245.59,1.102e+3,,3.357e-23,3.514e-34,,,2.300e-40,2.191e-22,3.061e-5,1.895e-37,5.531e-19,4.172e-22,3.827e-32,3.552e-19,4.356e-13,9.145e-15,,1.556e-28,,6.534e-22,1.403e-19,1.011e-29,3.679e-15,8.950e-1,2.582e-23,7.072e-23,6.054e-21,,7.622e-1,4.283e+2,6.717e+2,7.175e-12,2.141e-21,1.543e-24,,,,,,,,,,,,4.519e-22,,,,,,,,,,,3.608e-4,4.508e-19,,2.055e-18
245.62,1.212e+3,,9.480e-24,3.508e-34,,,3.131e-40,2.191e-22,1.652e-5,5.735e-37,5.551e-19,4.181e-22,3.831e-32,3.559e-19,1.304e-13,4.880e-15,,1.557e-28,,6.543e-22,1.404e-19,3.177e-30,8.634e-16,5.216e-1,2.595e-23,6.913e-23,6.056e-21,,5.819e-1,4.731e+2,7.373e+2,3.133e-12,2.143e-21,1.544e-24,,,,,,,,,,,,4.530e-22,,,,,,,,,,,8.017e-4,4.514e-19,,2.057e-18
245.64,1.293e+3,,4.015e-24,3.504e-34,,,3.785e-40,2.191e-22,1.078e-5,1.181e-36,5.564e-19,4.188e-22,3.833e-32,3.565e-19,5.742e-14,3.160e-15,,1.558e-28,,6.549e-22,1.406e-19,2.237e-30,3.233e-16,3.581e-1,2.603e-23,6.807e-23,6.058e-21,,4.853e-1,5.023e+2,7.897e+2,1.774e-12,2.143e-21,1.545e-24,,,,,,,,,,,,4.538e-22,,,,,,,,,,,1.344e-3,4.517e-19,,2.059e-18
245.67,1.425e+3,,1.081e-24,3.497e-34,,,4.914e-40,2.192e-22,5.543e-6,3.410e-36,5.584e-19,4.198e-22,3.837e-32,3.572e-19,1.638e-14,1.607e-15,,1.560e-28,,6.558e-22,1.407e-19,4.364e-30,7.229e-17,1.990e-1,2.616e-23,6.648e-23,6.060e-21,,3.721e-1,5.426e+2,8.819e+2,7.383e-13,2.144e-21,1.546e-24,,,,,,,,,,,,4.549e-22,,,,,,,,,,,2.848e-3,4.523e-19,,2.061e-18
245.69,1.519e+3,,4.432e-25,3.493e-34,,,5.755e-40,2.192e-22,3.503e-6,6.805e-36,5.597e-19,4.204e-22,3.839e-32,3.577e-19,6.985e-15,1.008e-15,,1.561e-28,,6.564e-22,1.409e-19,9.615e-30,2.621e-17,1.323e-1,2.624e-23,6.542e-23,6.061e-21,,3.151e-1,5.661e+2,9.520e+2,4.050e-13,2.145e-21,1.547e-24,,,,,,,,,,,,4.557e-22,,,,,,,,,,,4.626e-3,4.527e-19,,2.063e-18
245.71,1.615e+3,,1.795e-25,3.489e-34,,,6.657e-40,2.193e-22,2.185e-6,1.341e-35,5.610e-19,4.211e-22,3.842e-32,3.582e-19,2.941e-15,6.248e-16,,1.562e-28,,6.570e-22,1.410e-19,2.191e-29,9.382e-18,8.690e-2,2.633e-23,6.436e-23,6.063e-21,,2.706e-1,5.861e+2,1.028e+3,2.194e-13,2.146e-21,1.547e-24,,,,,,,,,,,,4.565e-22,,,,,,,,,,,7.420e-3,4.530e-19,,2.064e-18
245.74,1.762e+3,,4.516e-26,3.483e-34,,,8.086e-40,2.193e-22,1.051e-6,3.625e-35,5.630e-19,4.221e-22,3.846e-32,3.590e-19,7.844e-16,2.983e-16,,1.564e-28,,6.579e-22,1.412e-19,7.463e-29,1.961e-18,4.515e-2,2.645e-23,6.277e-23,6.065e-21,,2.228e-1,6.087e+2,1.153e+3,8.537e-14,2.147e-21,1.549e-24,,,,,,,,,,,,4.576e-22,,,,,,,,,,,1.472e-2,4.536e-19,,2.067e-18
245.76,1.860e+3,,1.771e-26,3.478e-34,,,9.061e-40,2.194e-22,6.353e-7,6.923e-35,5.643e-19,1.283e-21,3.848e-32,3.595e-19,3.198e-16,1.803e-16,,1.565e-28,,6.585e-22,1.413e-19,1.665e-28,6.799e-19,2.872e-2,2.654e-23,6.171e-23,6.067e-21,,2.007e-1,6.189e+2,1.241e+3,4.478e-14,2.148e-21,1.549e-24,,,,,,,,,,,,4.584e-22,,,,,,,,,,,2.288e-2,4.540e-19,,2.068e-18
245.79,2.006e+3,,4.247e-27,3.472e-34,,,1.050e-39,2.194e-22,2.914e-7,1.785e-34,5.663e-19,6.638e-21,3.852e-32,3.602e-19,8.130e-17,8.551e-17,,1.566e-28,,6.594e-22,1.415e-19,5.420e-28,1.355e-19,1.423e-2,2.666e-23,6.012e-23,6.069e-21,,1.779e-1,6.277e+2,1.378e+3,1.661e-14,2.149e-21,1.550e-24,,,,,,,,,,,,4.595e-22,,,,,,,,,,,4.329e-2,4.545e-19,,2.071e-18
245.81,2.101e+3,,1.613e-27,3.468e-34,,,1.140e-39,2.195e-22,1.705e-7,3.304e-34,5.676e-19,1.955e-20,3.854e-32,3.607e-19,3.210e-17,5.470e-17,,1.567e-28,,6.600e-22,1.416e-19,1.172e-27,4.547e-20,8.767e-3,2.675e-23,5.906e-23,6.070e-21,,1.676e-1,6.306e+2,1.470e+3,8.441e-15,2.150e-21,1.551e-24,,,,,,,,,,,,4.603e-22,,,,,,,,,,,6.519e-2,4.549e-19,,2.073e-18
245.84,2.241e+3,,3.687e-28,3.461e-34,,,1.259e-39,2.195e-22,7.457e-8,8.126e-34,5.696e-19,9.656e-20,3.858e-32,3.615e-19,7.778e-18,3.628e-17,,1.569e-28,,6.608e-22,1.418e-19,3.640e-27,8.633e-21,4.140e-3,2.688e-23,5.747e-23,6.073e-21,,1.563e-1,6.337e+2,1.607e+3,2.985e-15,2.151e-21,1.552e-24,,,,,,,,,,,,4.614e-22,,,,,,,,,,,1.177e-1,4.555e-19,,2.075e-18
245.86,2.333e+3,,1.356e-28,3.457e-34,,,1.324e-39,2.196e-22,4.228e-8,1.458e-33,5.710e-19,2.757e-19,3.860e-32,3.620e-19,2.975e-18,3.689e-17,,1.570e-28,,6.614e-22,1.419e-19,7.627e-27,2.807e-21,2.471e-3,2.696e-23,5.641e-23,6.074e-21,,1.502e-1,6.372e+2,1.696e+3,1.469e-15,2.152e-21,1.553e-24,,,,,,,,,,,,4.622e-22,,,,,,,,,,,1.717e-1,4.558e-19,,2.077e-18
245.89,2.473e+3,,2.954e-29,3.451e-34,,,1.395e-39,2.196e-22,1.762e-8,3.420e-33,5.729e-19,1.299e-18,3.864e-32,3.627e-19,6.868e-19,5.472e-17,,1.571e-28,,6.623e-22,1.421e-19,2.260e-26,2.794e-21,1.112e-3,2.709e-23,5.482e-23,6.076e-21,,1.418e-1,6.496e+2,1.823e+3,4.951e-16,2.153e-21,1.554e-24,,,,,,,,,,,,4.633e-22,,,,,,,,,,,2.956e-1,4.564e-19,,2.079e-18
245.91,2.568e+3,,1.052e-29,3.447e-34,,,1.422e-39,2.196e-22,9.677e-9,5.944e-33,5.743e-19,3.595e-18,3.866e-32,3.632e-19,2.544e-19,7.977e-17,,1.572e-28,,6.629e-22,1.422e-19,4.590e-26,2.786e-21,6.431e-4,2.717e-23,5.376e-23,6.078e-21,,1.360e-1,6.652e+2,1.903e+3,2.360e-16,2.154e-21,1.555e-24,,,,,,,,,,,,4.641e-22,,,,,,,,,,,4.180e-1,4.568e-19,,2.081e-18
245.94,2.719e+3,,2.184e-30,3.440e-34,,,1.429e-39,2.197e-22,3.845e-9,1.331e-32,5.763e-19,1.617e-17,3.870e-32,3.640e-19,5.598e-20,1.456e-16,,1.574e-28,,6.638e-22,1.424e-19,1.298e-25,2.773e-21,2.760e-4,2.730e-23,5.217e-23,6.080e-21,,1.266e-1,7.043e+2,2.014e+3,7.583e-17,2.155e-21,1.556e-24,,,,,,,,,,,,4.652e-22,,,,,,,,,,,6.865e-1,4.573e-19,,2.083e-18
245.96,2.825e+3,,7.535e-31,3.436e-34,,,1.411e-39,2.197e-22,2.045e-9,2.241e-32,5.776e-19,4.336e-17,3.872e-32,3.645e-19,2.008e-20,2.169e-16,,1.575e-28,,6.644e-22,1.425e-19,2.554e-25,2.765e-21,1.546e-4,2.738e-23,5.111e-23,6.081e-21,,1.197e-1,7.429e+2,2.081e+3,3.501e-17,2.155e-21,1.557e-24,,,,,,,,,,,,4.660e-22,,,,,,,,,,,9.407e-1,4.577e-19,,2.085e-18
245.99,2.997e+3,,1.491e-31,3.430e-34,,,1.352e-39,2.198e-22,7.748e-10,4.786e-32,5.796e-19,1.861e-16,3.876e-32,3.652e-19,4.212e-21,3.867e-16,,1.576e-28,,6.653e-22,1.427e-19,6.890e-25,2.752e-21,6.325e-5,2.751e-23,4.952e-23,6.084e-21,,1.088e-1,8.220e+2,2.174e+3,1.072e-17,2.157e-21,1.558e-24,,,,,,,,,,,,4.671e-22,,,,,,,,,,,1.474e+0,4.583e-19,,2.087e-18
246.01,3.120e+3,,4.981e-32,3.426e-34,,,1.293e-39,2.198e-22,3.992e-10,7.812e-32,5.809e-19,4.837e-16,3.878e-32,3.658e-19,1.463e-21,5.604e-16,,1.577e-28,,6.659e-22,1.428e-19,1.314e-24,2.744e-21,3.431e-5,2.759e-23,4.846e-23,6.085e-21,,1.015e-1,8.893e+2,2.228e+3,4.794e-18,2.157e-21,1.559e-24,,,,,,,,,,,,4.679e-22,,,,,,,,,,,1.956e+0,4.586e-19,,2.089e-18
246.04,3.314e+3,,9.390e-33,3.419e-34,,,1.182e-39,2.199e-22,1.442e-10,1.591e-31,5.829e-19,1.981e-15,3.882e-32,3.665e-19,2.925e-22,9.550e-16,,1.579e-28,,6.668e-22,1.430e-19,3.383e-24,2.732e-21,1.338e-5,2.772e-23,4.688e-23,6.087e-21,,9.073e-2,1.011e+3,2.300e+3,1.400e-18,2.158e-21,1.560e-24,,,,,,,,,,,,4.690e-22,,,,,,,,,,,2.923e+0,4.592e-19,,2.091e-18
246.06,3.448e+3,3.493e-21,3.039e-33,3.415e-34,,,1.095e-39,2.199e-22,7.195e-11,2.517e-31,5.842e-19,4.991e-15,3.885e-32,3.670e-19,9.841e-23,1.341e-15,,1.580e-28,,6.674e-22,1.431e-19,6.254e-24,2.723e-21,7.032e-6,2.781e-23,4.582e-23,6.089e-21,,8.420e-2,1.104e+3,2.340e+3,6.062e-19,2.159e-21,1.561e-24,,,,,,,,,,,,4.698e-22,,,,,,,,,,,3.761e+0,4.596e-19,,2.093e-18
246.08,3.583e+3,1.065e-20,3.200e-33,3.411e-34,,,1.003e-39,2.200e-22,3.545e-11,3.933e-31,5.855e-19,1.242e-14,3.887e-32,3.675e-19,3.269e-23,1.860e-15,,1.581e-28,,6.680e-22,1.432e-19,1.142e-23,2.715e-21,3.648e-6,2.789e-23,4.476e-23,6.090e-21,,7.851e-2,1.204e+3,2.374e+3,2.592e-19,2.160e-21,1.561e-24,,,,,,,,,,,,4.706e-22,,,,,,,,,,,4.778e+0,4.600e-19,,2.095e-18
246.11,3.783e+3,5.539e-20,3.443e-33,3.405e-34,,,8.574e-40,2.200e-22,1.197e-11,7.499e-31,5.875e-19,4.763e-14,3.891e-32,3.683e-19,6.109e-24,2.968e-15,,1.583e-28,,6.689e-22,1.434e-19,2.752e-23,2.702e-21,1.331e-6,2.802e-23,4.317e-23,6.093e-21,,7.215e-2,1.363e+3,2.413e+3,7.076e-20,2.161e-21,1.562e-24,,,,,,,,,,,,4.717e-22,,,,,,,,,,,6.682e+0,4.605e-19,,2.097e-18
246.13,3.908e+3,1.637e-19,3.605e-33,3.400e-34,,,7.603e-40,2.201e-22,5.715e-12,1.135e-30,5.888e-19,1.149e-13,3.893e-32,3.688e-19,6.107e-24,3.990e-15,,1.584e-28,,6.694e-22,1.435e-19,4.869e-23,2.694e-21,6.688e-7,2.810e-23,1.315e-22,6.094e-21,,6.980e-2,1.469e+3,2.431e+3,2.931e-20,2.162e-21,1.563e-24,,,,,,,,,,,,4.725e-22,,,,,,,,,,,8.226e+0,4.609e-19,,2.099e-18
246.16,4.077e+3,8.125e-19,3.847e-33,3.394e-34,,,6.201e-40,2.201e-22,1.840e-12,2.065e-30,5.908e-19,4.204e-13,3.897e-32,3.695e-19,6.104e-24,6.072e-15,,1.585e-28,,6.703e-22,1.437e-19,1.120e-22,2.682e-21,2.326e-7,2.823e-23,6.836e-22,6.096e-21,,6.987e-2,1.621e+3,2.445e+3,7.627e-21,2.163e-21,1.564e-24,,,,,,,,,,,,4.736e-22,,,,,,,,,,,1.097e+1,4.614e-19,,2.101e-18
246.18,4.172e+3,2.328e-18,4.009e-33,3.390e-34,,,5.329e-40,2.201e-22,8.506e-13,3.030e-30,5.922e-19,9.828e-13,3.899e-32,3.700e-19,6.102e-24,7.909e-15,,1.586e-28,,6.709e-22,1.438e-19,1.920e-22,2.673e-21,1.132e-7,2.831e-23,2.019e-21,6.098e-21,,7.276e-2,1.712e+3,2.447e+3,3.060e-21,2.164e-21,1.565e-24,,,,,,,,,,,,4.744e-22,,,,,,,,,,,1.309e+1,4.618e-19,,2.103e-18
246.21,4.282e+3,1.103e-17,4.252e-33,3.383e-34,,,4.147e-40,2.202e-22,2.611e-13,5.258e-30,5.941e-19,3.432e-12,3.903e-32,3.708e-19,6.099e-24,1.148e-14,,1.588e-28,,6.718e-22,1.440e-19,4.213e-22,2.661e-21,3.754e-8,2.844e-23,1.002e-20,6.100e-21,,8.220e-2,1.827e+3,2.438e+3,7.590e-22,2.165e-21,1.566e-24,,,,,,,,,,,,4.755e-22,,,,,,,,,,,1.666e+1,4.624e-19,,2.105e-18
246.23,4.330e+3,3.062e-17,4.413e-33,3.379e-34,,,3.455e-40,2.202e-22,1.169e-13,7.475e-30,5.955e-19,7.777e-12,3.905e-32,3.713e-19,6.097e-24,1.449e-14,,1.589e-28,,6.724e-22,1.441e-19,7.004e-22,2.652e-21,1.770e-8,2.853e-23,2.868e-20,6.102e-21,,9.238e-2,1.884e+3,2.426e+3,2.949e-22,2.166e-21,1.567e-24,,,,,,,,,,,,4.763e-22,,,,,,,,,,,1.925e+1,4.628e-19,,2.107e-18
246.26,4.362e+3,1.384e-16,4.656e-33,3.373e-34,,,2.570e-40,2.203e-22,3.421e-14,1.238e-29,5.975e-19,2.591e-11,3.909e-32,3.720e-19,6.095e-24,2.007e-14,,1.590e-28,,6.733e-22,1.443e-19,1.467e-21,2.640e-21,5.596e-9,2.865e-23,1.358e-19,6.104e-21,,1.143e-1,1.937e+3,2.401e+3,6.973e-23,2.167e-21,1.568e-24,,,,,,,,,,,,4.774e-22,,,,,,,,,,,2.337e+1,4.633e-19,,2.109e-18
246.28,4.356e+3,3.726e-16,4.818e-33,3.369e-34,,,2.081e-40,2.203e-22,1.484e-14,1.705e-29,5.988e-19,5.692e-11,3.911e-32,3.725e-19,6.093e-24,2.455e-14,,1.591e-28,,6.739e-22,1.444e-19,2.363e-21,2.632e-21,2.556e-9,2.874e-23,3.768e-19,6.105e-21,,1.337e-1,1.949e+3,2.381e+3,2.624e-23,2.168e-21,1.569e-24,,,,,,,,,,,,4.782e-22,,,,,,,,,,,2.617e+1,4.637e-19,,2.111e-18
246.31,4.310e+3,1.608e-15,5.060e-33,3.362e-34,,,1.491e-40,2.204e-22,4.138e-15,2.693e-29,6.008e-19,1.810e-10,3.915e-32,3.733e-19,6.090e-24,3.243e-14,,1.593e-28,,6.748e-22,1.446e-19,4.722e-21,2.619e-21,7.701e-10,2.886e-23,1.702e-18,6.108e-21,,1.708e-1,1.930e+3,2.349e+3,5.914e-24,2.169e-21,1.570e-24,,,,,,,,,,,,4.793e-22,,,,,,,,,,,3.030e+1,4.643e-19,,2.113e-18
246.33,4.256e+3,4.195e-15,5.222e-33,3.358e-34,,,1.186e-40,2.204e-22,1.739e-15,3.595e-29,6.021e-19,3.853e-10,3.918e-32,3.738e-19,6.088e-24,3.843e-14,,1.594e-28,,6.754e-22,1.447e-19,7.375e-21,2.611e-21,3.407e-10,2.895e-23,4.580e-18,6.109e-21,,2.009e-1,1.895e+3,2.327e+3,2.156e-24,2.169e-21,1.571e-24,,,,,,,,,,,,4.801e-22,,,,,,,,,,,3.289e+1,4.646e-19,,2.115e-18
246.36,4.145e+3,1.727e-14,5.465e-33,3.352e-34,,,8.462e-41,2.205e-22,4.623e-16,5.417e-29,6.041e-19,1.169e-9,3.921e-32,3.745e-19,6.085e-24,4.843e-14,,1.595e-28,,6.763e-22,1.449e-19,1.406e-20,2.598e-21,9.788e-11,2.907e-23,1.975e-17,6.111e-21,,2.540e-1,1.812e+3,2.296e+3,4.632e-25,2.171e-21,1.572e-24,,,,,,,,,,,,4.812e-22,,,,,,,,,,,3.632e+1,4.652e-19,,2.118e-18
246.38,4.055e+3,4.369e-14,5.626e-33,3.348e-34,,,6.893e-41,2.205e-22,1.882e-16,7.009e-29,6.054e-19,2.412e-9,3.924e-32,3.750e-19,6.083e-24,5.562e-14,,1.596e-28,,6.769e-22,1.450e-19,2.130e-20,2.590e-21,4.194e-11,2.916e-23,5.151e-17,6.113e-21,,2.945e-1,1.740e+3,2.277e+3,1.635e-25,2.171e-21,1.573e-24,,,,,,,,,,,,4.820e-22,,,,,,,,,,,3.820e+1,4.656e-19,,2.119e-18
246.41,3.903e+3,1.717e-13,5.869e-33,3.341e-34,,,5.454e-41,2.206e-22,4.769e-17,1.007e-28,6.074e-19,6.984e-9,3.927e-32,3.758e-19,6.080e-24,6.685e-14,,1.598e-28,,6.777e-22,1.452e-19,3.877e-20,2.577e-21,1.149e-11,2.929e-23,2.120e-16,6.115e-21,,3.613e-1,1.611e+3,2.251e+3,3.349e-26,2.173e-21,1.574e-24,,,,,,,,,,,,4.832e-22,,,,,,,,,,,4.023e+1,4.661e-19,,2.122e-18
246.43,3.792e+3,4.209e-13,6.031e-33,3.337e-34,,,5.043e-41,2.206e-22,1.880e-17,1.263e-28,6.087e-19,1.397e-8,3.930e-32,3.763e-19,6.078e-24,7.440e-14,,1.599e-28,,6.783e-22,1.453e-19,5.692e-20,2.569e-21,4.768e-12,2.937e-23,5.359e-16,6.116e-21,,4.090e-1,1.516e+3,2.235e+3,1.145e-26,2.173e-21,1.575e-24,,,,,,,,,,,,4.839e-22,,,,,,,,,,,4.100e+1,4.665e-19,,2.123e-18
246.46,3.618e+3,1.579e-12,6.273e-33,3.331e-34,,,5.178e-41,2.207e-22,4.543e-18,1.732e-28,6.107e-19,3.859e-8,3.933e-32,3.771e-19,6.076e-24,8.531e-14,,1.601e-28,,6.792e-22,1.455e-19,9.895e-20,2.557e-21,1.245e-12,2.950e-23,2.104e-15,6.119e-21,,4.827e-1,1.365e+3,2.212e+3,2.236e-27,2.174e-21,1.576e-24,,,,,,,,,,,,4.851e-22,,,,,,,,,,,4.120e+1,4.671e-19,,2.126e-18
246.48,3.500e+3,3.752e-12,6.435e-33,3.326e-34,,,5.744e-41,2.207e-22,1.735e-18,2.104e-28,6.120e-19,7.481e-8,3.936e-32,3.776e-19,6.074e-24,9.200e-14,,1.602e-28,,6.798e-22,1.456e-19,1.409e-19,2.548e-21,5.006e-13,2.958e-23,5.158e-15,6.120e-21,,5.315e-1,1.264e+3,2.195e+3,7.404e-28,2.175e-21,1.576e-24,,,,,,,,,,,,4.858e-22,,,,,,,,,,,4.068e+1,4.674e-19,,2.127e-18
246.5,3.379e+3,8.806e-12,6.597e-33,3.322e-34,,,6.685e-41,2.207e-22,6.540e-19,2.525e-28,6.134e-19,1.432e-7,3.938e-32,3.781e-19,6.072e-24,9.798e-14,,1.603e-28,,6.804e-22,1.458e-19,1.981e-19,2.540e-21,1.987e-13,2.967e-23,1.248e-14,6.122e-21,,5.785e-1,1.163e+3,2.176e+3,2.421e-28,2.176e-21,1.577e-24,,,,,,,,,,,,4.866e-22,,,,,,,,,,,3.967e+1,4.678e-19,,2.129e-18
246.53,3.199e+3,3.094e-11,6.840e-33,3.316e-34,,,8.803e-41,2.208e-22,1.478e-19,3.241e-28,6.153e-19,3.706e-7,3.942e-32,3.788e-19,6.069e-24,1.052e-13,,1.604e-28,,6.813e-22,1.459e-19,3.230e-19,2.527e-21,4.853e-14,2.979e-23,4.592e-14,6.124e-21,,6.425e-1,1.019e+3,2.142e+3,2.420e-28,2.177e-21,1.578e-24,,,,,,,,,,,,4.877e-22,,,,,,,,,,,3.730e+1,4.684e-19,,2.132e-18
246.55,3.080e+3,7.039e-11,7.001e-33,3.312e-34,,,1.069e-40,2.208e-22,5.397e-20,3.769e-28,6.167e-19,6.877e-7,3.944e-32,3.793e-19,6.067e-24,1.085e-13,,1.605e-28,,6.819e-22,1.461e-19,4.407e-19,2.519e-21,1.866e-14,2.988e-23,1.078e-13,6.125e-21,,6.787e-1,9.300e+2,2.114e+3,2.419e-28,2.178e-21,1.579e-24,,,,,,,,,,,,4.885e-22,,,,,,,,,,,3.525e+1,4.687e-19,,2.133e-18
246.58,2.903e+3,2.360e-10,7.244e-33,3.305e-34,,,1.425e-40,2.209e-22,1.163e-20,4.615e-28,6.187e-19,1.698e-6,3.948e-32,3.801e-19,6.064e-24,1.111e-13,,1.607e-28,,6.828e-22,1.463e-19,6.866e-19,2.507e-21,4.344e-15,3.001e-23,3.783e-13,6.128e-21,,7.205e-1,8.083e+2,2.062e+3,2.418e-28,2.179e-21,1.580e-24,,,,,,,,,,,,4.896e-22,,,,,,,,,,,3.162e+1,4.693e-19,,2.136e-18
246.6,2.787e+3,5.205e-10,7.406e-33,3.301e-34,,,1.711e-40,2.209e-22,4.113e-21,5.200e-28,6.200e-19,3.054e-6,3.950e-32,3.806e-19,6.062e-24,1.111e-13,,1.608e-28,,6.834e-22,1.464e-19,9.092e-19,2.498e-21,1.618e-15,3.009e-23,8.604e-13,6.129e-21,,7.385e-1,7.365e+2,2.021e+3,2.418e-28,2.180e-21,1.581e-24,,,,,,,,,,,,4.904e-22,,,,,,,,,,,2.895e+1,4.697e-19,,2.137e-18
246.63,2.619e+3,1.665e-9,7.648e-33,3.295e-34,,,2.208e-40,2.210e-22,8.447e-22,6.075e-28,6.220e-19,7.196e-6,3.954e-32,3.813e-19,6.059e-24,1.085e-13,,1.609e-28,,6.843e-22,1.466e-19,1.355e-18,2.486e-21,3.592e-16,3.022e-23,2.883e-12,6.131e-21,,7.489e-1,6.438e+2,1.949e+3,2.417e-28,2.181e-21,1.582e-24,,,,,,,,,,,,4.915e-22,,,,,,,,,,,2.477e+1,4.702e-19,,2.140e-18
246.65,2.511e+3,3.560e-9,7.810e-33,3.291e-34,,,2.580e-40,2.210e-22,2.894e-22,6.634e-28,6.233e-19,1.254e-5,3.957e-32,3.818e-19,6.057e-24,1.052e-13,,1.610e-28,,6.849e-22,1.467e-19,1.742e-18,2.477e-21,1.296e-16,3.030e-23,6.356e-12,6.133e-21,,7.445e-1,5.924e+2,1.896e+3,2.416e-28,2.182e-21,1.583e-24,,,,,,,,,,,,4.923e-22,,,,,,,,,,,2.198e+1,4.706e-19,,2.141e-18
246.68,2.358e+3,1.087e-8,8.053e-33,3.284e-34,,,3.186e-40,2.211e-22,5.666e-23,7.393e-28,6.253e-19,2.821e-5,3.960e-32,3.826e-19,6.055e-24,9.798e-14,,1.612e-28,,6.858e-22,1.469e-19,2.484e-18,2.465e-21,2.742e-17,3.043e-23,2.033e-11,6.135e-21,,7.213e-1,5.307e+2,1.808e+3,2.415e-28,2.183e-21,1.584e-24,,,,,,,,,,,,4.935e-22,,,,,,,,,,,1.794e+1,4.712e-19,,2.144e-18
246.7,2.263e+3,2.253e-8,8.214e-33,3.280e-34,,,3.611e-40,2.211e-22,1.880e-23,7.823e-28,6.266e-19,4.766e-5,3.963e-32,3.831e-19,6.053e-24,9.200e-14,,1.613e-28,,6.864e-22,1.470e-19,3.103e-18,2.457e-21,9.582e-18,3.051e-23,4.344e-11,6.137e-21,,6.956e-1,4.998e+2,1.747e+3,2.415e-28,2.184e-21,1.585e-24,,,,,,,,,,,,4.942e-22,,,,,,,,,,,1.542e+1,4.715e-19,,2.145e-18
246.73,2.136e+3,6.566e-8,8.457e-33,3.274e-34,,,4.258e-40,2.212e-22,1.449e-24,8.317e-28,6.286e-19,1.023e-4,3.966e-32,3.838e-19,6.050e-24,8.177e-14,,1.614e-28,,6.872e-22,1.472e-19,4.242e-18,2.444e-21,1.933e-18,3.064e-23,1.326e-10,6.139e-21,,6.441e-1,4.680e+2,1.656e+3,2.414e-28,2.185e-21,1.586e-24,,,,,,,,,,,,4.954e-22,,,,,,,,,,,1.200e+1,4.721e-19,,2.148e-18
246.75,2.063e+3,1.319e-7,8.619e-33,3.270e-34,,,4.680e-40,2.212e-22,1.467e-24,8.529e-28,6.299e-19,1.675e-4,3.969e-32,3.843e-19,6.048e-24,7.440e-14,,1.616e-28,,6.878e-22,1.473e-19,5.153e-18,2.436e-21,6.543e-19,3.072e-23,2.747e-10,6.140e-21,,6.030e-1,4.564e+2,1.596e+3,2.413e-28,2.185e-21,1.587e-24,,,,,,,,,,,,4.961e-22,,,,,,,,,,,1.000e+1,4.725e-19,,2.150e-18
246.78,1.975e+3,3.668e-7,8.861e-33,3.263e-34,,,5.268e-40,2.213e-22,1.495e-24,8.650e-28,6.319e-19,3.429e-4,3.972e-32,3.851e-19,6.045e-24,6.307e-14,,1.617e-28,,6.887e-22,1.475e-19,6.761e-18,2.423e-21,1.258e-19,3.085e-23,8.000e-10,6.142e-21,,5.346e-1,4.531e+2,1.514e+3,2.412e-28,2.187e-21,1.588e-24,,,,,,,,,,,,4.973e-22,,,,,,,,,,,7.426e+0,4.730e-19,,2.152e-18
246.8,1.932e+3,7.143e-7,9.023e-33,3.259e-34,,,5.613e-40,2.213e-22,1.513e-24,8.596e-28,6.332e-19,5.442e-4,3.975e-32,3.856e-19,6.043e-24,5.562e-14,,1.618e-28,,6.893e-22,1.476e-19,7.997e-18,2.415e-21,4.126e-20,3.094e-23,1.607e-9,6.144e-21,,4.867e-1,4.602e+2,1.465e+3,2.412e-28,2.187e-21,1.589e-24,,,,,,,,,,,,4.980e-22,,,,,,,,,,,5.994e+0,4.734e-19,,2.154e-18
246.83,1.895e+3,1.896e-6,9.266e-33,3.253e-34,,,6.033e-40,2.213e-22,1.540e-24,8.317e-28,6.352e-19,1.063e-3,3.978e-32,3.864e-19,6.040e-24,4.498e-14,,1.620e-28,,6.902e-22,1.478e-19,1.009e-17,2.402e-21,4.119e-20,3.106e-23,4.466e-9,6.146e-21,,4.149e-1,4.856e+2,1.405e+3,2.411e-28,2.188e-21,1.590e-24,,,,,,,,,,,,4.992e-22,,,,,,,,,,,4.246e+0,4.740e-19,,2.156e-18
246.85,1.889e+3,3.579e-6,9.427e-33,3.248e-34,,,6.236e-40,2.214e-22,1.559e-24,8.010e-28,6.365e-19,1.636e-3,3.981e-32,3.869e-19,6.038e-24,3.843e-14,,1.621e-28,,6.908e-22,1.479e-19,1.163e-17,2.394e-21,4.114e-20,3.115e-23,8.694e-9,6.148e-21,,3.690e-1,5.132e+2,1.373e+3,2.410e-28,2.189e-21,1.590e-24,,,,,,,,,,,,4.999e-22,,,,,,,,,,,3.321e+0,4.744e-19,,2.158e-18
246.87,1.901e+3,6.671e-6,9.589e-33,3.244e-34,,,6.370e-40,2.214e-22,1.577e-24,7.617e-28,6.379e-19,2.486e-3,3.983e-32,3.874e-19,6.037e-24,3.243e-14,,1.622e-28,,6.914e-22,1.480e-19,1.328e-17,2.386e-21,4.109e-20,3.123e-23,1.671e-8,6.149e-21,,3.260e-1,5.500e+2,1.348e+3,2.409e-28,2.190e-21,1.591e-24,,,,,,,,,,,,5.007e-22,,,,,,,,,,,2.565e+0,4.747e-19,,2.159e-18
246.9,1.951e+3,1.659e-5,9.832e-33,3.238e-34,,,6.438e-40,2.215e-22,1.605e-24,6.899e-28,6.399e-19,4.548e-3,3.987e-32,3.881e-19,6.034e-24,2.455e-14,,1.623e-28,,6.923e-22,1.482e-19,1.592e-17,2.373e-21,4.102e-20,3.136e-23,4.353e-8,6.151e-21,,2.687e-1,6.249e+2,1.324e+3,2.408e-28,2.191e-21,1.592e-24,,,,,,,,,,,,5.018e-22,,,,,,,,,,,1.701e+0,4.753e-19,,2.162e-18
246.92,2.006e+3,2.997e-5,9.993e-33,3.234e-34,,,6.396e-40,2.215e-22,1.623e-24,6.358e-28,6.412e-19,6.699e-3,3.989e-32,3.886e-19,6.032e-24,2.007e-14,,1.624e-28,,6.929e-22,1.483e-19,1.776e-17,2.365e-21,4.098e-20,3.144e-23,8.111e-8,6.153e-21,,2.364e-1,6.895e+2,1.315e+3,2.408e-28,2.192e-21,1.593e-24,,,,,,,,,,,,5.026e-22,,,,,,,,,,,1.273e+0,4.757e-19,,2.163e-18
246.95,2.124e+3,7.112e-5,1.024e-32,3.227e-34,,,6.218e-40,2.216e-22,1.651e-24,5.494e-28,6.432e-19,1.170e-2,3.993e-32,3.894e-19,6.029e-24,1.449e-14,,1.626e-28,,6.938e-22,1.485e-19,2.058e-17,2.352e-21,4.090e-20,3.157e-23,2.016e-7,6.155e-21,,1.975e-1,8.116e+2,1.312e+3,2.407e-28,2.193e-21,1.594e-24,,,,,,,,,,,,5.037e-22,,,,,,,,,,,8.049e-1,4.762e-19,,2.166e-18
246.97,2.226e+3,1.246e-4,1.040e-32,3.223e-34,,,6.038e-40,2.216e-22,1.669e-24,4.907e-28,6.445e-19,1.670e-2,3.996e-32,3.899e-19,6.027e-24,1.148e-14,,1.627e-28,,6.944e-22,1.486e-19,2.246e-17,2.344e-21,4.086e-20,3.165e-23,3.642e-7,6.157e-21,,1.783e-1,9.113e+2,1.314e+3,2.406e-28,2.194e-21,1.595e-24,,,,,,,,,,,,5.045e-22,,,,,,,,,,,5.837e-1,4.766e-19,,2.168e-18
247,2.411e+3,2.821e-4,1.064e-32,3.217e-34,,,5.711e-40,2.217e-22,1.696e-24,4.045e-28,6.465e-19,2.782e-2,3.999e-32,3.906e-19,6.024e-24,7.909e-15,,1.628e-28,,6.952e-22,1.488e-19,2.521e-17,2.332e-21,4.079e-20,3.178e-23,8.638e-7,6.159e-21,,1.592e-1,1.090e+3,1.320e+3,2.405e-28,2.195e-21,1.596e-24,,,,,,,,,,,,5.057e-22,,,,,,,,,,,3.521e-1,4.772e-19,,2.170e-18
247.02,2.554e+3,4.790e-4,1.080e-32,3.213e-34,,,5.480e-40,2.217e-22,1.715e-24,3.501e-28,6.478e-19,3.849e-2,4.002e-32,3.911e-19,6.022e-24,6.072e-15,,1.629e-28,,6.958e-22,1.489e-19,2.696e-17,2.323e-21,4.074e-20,3.187e-23,1.513e-6,6.160e-21,,1.525e-1,1.229e+3,1.325e+3,2.405e-28,2.196e-21,1.597e-24,,,,,,,,,,,,5.064e-22,,,,,,,,,,,2.474e-1,4.775e-19,,2.172e-18
247.05,2.796e+3,1.035e-3,1.104e-32,3.206e-34,,,5.161e-40,2.218e-22,1.742e-24,2.753e-28,6.498e-19,6.119e-2,4.005e-32,3.919e-19,6.019e-24,3.990e-15,,1.631e-28,,6.967e-22,1.491e-19,2.937e-17,2.311e-21,4.067e-20,3.199e-23,3.424e-6,6.163e-21,,1.507e-1,1.465e+3,1.330e+3,2.404e-28,2.197e-21,1.598e-24,,,,,,,,,,,,5.076e-22,,,,,,,,,,,1.424e-1,4.781e-19,,2.174e-18
247.07,2.970e+3,1.704e-3,1.121e-32,3.202e-34,,,4.995e-40,2.218e-22,1.761e-24,2.309e-28,6.511e-19,8.207e-2,4.008e-32,3.924e-19,6.017e-24,2.968e-15,,1.632e-28,,6.973e-22,1.492e-19,3.080e-17,2.302e-21,4.062e-20,3.208e-23,5.812e-6,6.164e-21,,1.540e-1,1.639e+3,1.331e+3,2.403e-28,2.198e-21,1.599e-24,,,,,,,,,,,,5.083e-22,,,,,,,,,,,9.695e-2,4.785e-19,,2.176e-18
247.1,3.245e+3,3.514e-3,1.145e-32,3.196e-34,,,4.862e-40,2.218e-22,1.788e-24,1.732e-28,6.531e-19,1.245e-1,4.011e-32,3.931e-19,6.015e-24,1.860e-15,,1.634e-28,,6.982e-22,1.494e-19,3.258e-17,2.290e-21,4.055e-20,3.220e-23,1.256e-5,6.166e-21,,1.644e-1,1.917e+3,1.327e+3,2.402e-28,2.199e-21,1.600e-24,,,,,,,,,,,,5.095e-22,,,,,,,,,,,5.321e-2,4.790e-19,,2.178e-18
247.12,3.431e+3,5.606e-3,1.161e-32,3.191e-34,,,4.875e-40,2.219e-22,1.807e-24,1.408e-28,6.544e-19,1.618e-1,4.014e-32,3.936e-19,6.013e-24,1.341e-15,,1.635e-28,,6.988e-22,1.495e-19,3.350e-17,2.282e-21,4.050e-20,3.229e-23,2.066e-5,6.168e-21,,1.738e-1,2.110e+3,1.321e+3,2.401e-28,2.199e-21,1.601e-24,,,,,,,,,,,,5.102e-22,,,,,,,,,,,3.511e-2,4.794e-19,,2.180e-18
247.15,3.703e+3,1.104e-2,1.185e-32,3.185e-34,,,5.079e-40,2.219e-22,1.834e-24,1.007e-28,6.564e-19,2.343e-1,4.017e-32,3.944e-19,6.010e-24,8.020e-16,,1.636e-28,,6.997e-22,1.497e-19,3.441e-17,2.269e-21,4.043e-20,3.242e-23,4.261e-5,6.170e-21,,1.900e-1,2.397e+3,1.305e+3,2.401e-28,2.201e-21,1.602e-24,,,,,,,,,,,,5.114e-22,,,,,,,,,,,1.838e-2,4.800e-19,,2.182e-18
247.17,3.871e+3,1.707e-2,1.202e-32,3.181e-34,,,5.351e-40,2.220e-22,1.853e-24,7.935e-29,6.577e-19,2.952e-1,4.020e-32,3.949e-19,6.008e-24,5.603e-16,,1.637e-28,,7.003e-22,1.498e-19,3.468e-17,2.261e-21,4.038e-20,3.250e-23,6.796e-5,6.171e-21,,2.011e-1,2.580e+3,1.291e+3,2.400e-28,2.201e-21,1.602e-24,,,,,,,,,,,,5.121e-22,,,,,,,,,,,1.175e-2,4.803e-19,,2.184e-18
247.2,4.094e+3,3.206e-2,1.226e-32,3.175e-34,,,5.970e-40,2.220e-22,1.880e-24,5.417e-29,6.597e-19,4.078e-1,4.024e-32,3.957e-19,6.005e-24,3.196e-16,,1.639e-28,,7.012e-22,1.500e-19,3.454e-17,2.248e-21,4.031e-20,3.263e-23,1.337e-4,6.174e-21,,2.166e-1,2.828e+3,1.265e+3,2.399e-28,2.203e-21,1.604e-24,,,,,,,,,,,,5.133e-22,,,,,,,,,,,5.868e-3,4.809e-19,,2.186e-18
247.22,4.214e+3,4.806e-2,1.242e-32,3.170e-34,,,6.518e-40,2.221e-22,1.898e-24,4.135e-29,6.611e-19,4.980e-1,4.026e-32,3.962e-19,6.003e-24,2.164e-16,,1.640e-28,,7.018e-22,1.501e-19,3.409e-17,2.240e-21,4.026e-20,3.271e-23,2.068e-4,6.175e-21,,2.253e-1,2.968e+3,1.245e+3,2.398e-28,2.203e-21,1.604e-24,,,,,,,,,,,,5.140e-22,,,,,,,,,,,3.636e-3,4.813e-19,,2.188e-18
247.24,4.307e+3,7.115e-2,1.258e-32,3.166e-34,,,7.165e-40,2.221e-22,1.917e-24,3.117e-29,6.624e-19,6.006e-1,4.028e-32,3.967e-19,6.001e-24,1.448e-16,,1.641e-28,,7.024e-22,1.502e-19,3.334e-17,2.232e-21,4.022e-20,3.280e-23,3.157e-4,6.177e-21,,2.321e-1,3.083e+3,1.223e+3,2.398e-28,2.204e-21,1.605e-24,,,,,,,,,,,,5.148e-22,,,,,,,,,,,2.224e-3,4.816e-19,,2.190e-18
247.27,4.388e+3,1.252e-1,1.282e-32,3.160e-34,,,8.286e-40,2.222e-22,1.944e-24,1.992e-29,6.644e-19,7.771e-1,4.032e-32,3.974e-19,5.998e-24,7.771e-17,,1.642e-28,,7.033e-22,1.504e-19,3.171e-17,2.219e-21,4.015e-20,3.292e-23,5.820e-4,6.179e-21,,2.378e-1,3.199e+3,1.187e+3,2.397e-28,2.205e-21,1.606e-24,,,,,,,,,,,,5.160e-22,,,,,,,,,,,1.040e-3,4.822e-19,,2.192e-18
247.29,4.399e+3,1.797e-1,1.299e-32,3.156e-34,,,9.104e-40,2.222e-22,1.963e-24,1.455e-29,6.657e-19,9.084e-1,4.035e-32,3.979e-19,5.997e-24,5.088e-17,,1.643e-28,,7.039e-22,1.505e-19,3.030e-17,2.211e-21,4.010e-20,3.301e-23,8.615e-4,6.180e-21,,2.384e-1,3.235e+3,1.162e+3,2.396e-28,2.206e-21,1.607e-24,,,,,,,,,,,,5.167e-22,,,,,,,,,,,6.163e-4,4.826e-19,,2.194e-18
247.32,4.349e+3,3.018e-1,9.776e-32,3.149e-34,,,1.037e-39,2.223e-22,1.990e-24,8.871e-30,6.677e-19,1.121e+0,4.038e-32,3.987e-19,5.994e-24,2.737e-17,,1.645e-28,,7.047e-22,1.507e-19,2.780e-17,2.198e-21,4.003e-20,3.313e-23,1.516e-3,6.183e-21,,2.341e-1,3.225e+3,1.123e+3,2.395e-28,2.207e-21,1.608e-24,,,,,,,,,,,,5.179e-22,,,,,,,,,,,2.748e-4,4.831e-19,,2.196e-18
247.34,4.273e+3,4.198e-1,3.183e-31,3.145e-34,,,1.121e-39,2.223e-22,2.009e-24,6.279e-30,6.690e-19,1.271e+0,4.041e-32,3.992e-19,5.992e-24,1.915e-17,,1.646e-28,,7.053e-22,1.509e-19,2.592e-17,2.190e-21,3.998e-20,3.322e-23,2.175e-3,6.184e-21,,2.279e-1,3.176e+3,1.095e+3,2.395e-28,2.208e-21,1.609e-24,,,,,,,,,,,,5.186e-22,,,,,,,,,,,1.578e-4,4.835e-19,,2.198e-18
247.37,4.100e+3,6.729e-1,1.599e-30,3.139e-34,,,1.236e-39,2.223e-22,2.036e-24,3.653e-30,6.710e-19,1.497e+0,4.044e-32,3.999e-19,5.989e-24,1.441e-17,,1.647e-28,,7.062e-22,1.510e-19,2.289e-17,2.177e-21,3.991e-20,3.335e-23,3.651e-3,6.186e-21,,2.140e-1,3.044e+3,1.054e+3,2.394e-28,2.209e-21,1.610e-24,,,,,,,,,,,,5.198e-22,,,,,,,,,,,6.712e-5,4.841e-19,,2.200e-18
247.39,3.951e+3,9.073e-1,4.620e-30,3.135e-34,,,1.302e-39,2.224e-22,2.054e-24,2.505e-30,6.723e-19,1.644e+0,4.047e-32,4.004e-19,5.987e-24,1.546e-17,,1.648e-28,,7.068e-22,1.512e-19,2.080e-17,2.169e-21,3.986e-20,3.343e-23,5.078e-3,6.188e-21,,2.021e-1,2.923e+3,1.025e+3,2.393e-28,2.210e-21,1.611e-24,,,,,,,,,,,,5.205e-22,,,,,,,,,,,3.736e-5,4.844e-19,,2.202e-18
247.42,3.687e+3,1.388e+0,2.217e-29,3.128e-34,,,1.378e-39,2.224e-22,2.082e-24,1.390e-30,6.743e-19,1.848e+0,4.050e-32,4.012e-19,5.984e-24,2.374e-17,,1.650e-28,,7.077e-22,1.513e-19,1.764e-17,2.157e-21,3.979e-20,3.356e-23,8.138e-3,6.190e-21,,1.815e-1,2.701e+3,9.822e+2,2.392e-28,2.211e-21,1.612e-24,,,,,,,,,,,,5.217e-22,,,,,,,,,,,1.515e-5,4.850e-19,,2.204e-18
247.44,3.492e+3,1.814e+0,6.211e-29,3.124e-34,,,1.410e-39,2.225e-22,2.100e-24,9.242e-31,6.756e-19,1.967e+0,4.053e-32,4.017e-19,5.982e-24,3.506e-17,,1.651e-28,,7.083e-22,1.515e-19,1.559e-17,2.148e-21,3.974e-20,3.364e-23,1.097e-2,6.192e-21,,1.665e-1,2.535e+3,9.536e+2,2.391e-28,2.212e-21,1.613e-24,,,,,,,,,,,,5.224e-22,,,,,,,,,,,8.174e-6,4.854e-19,,2.206e-18
247.47,3.187e+3,2.648e+0,2.847e-28,3.118e-34,,,1.428e-39,2.225e-22,2.128e-24,4.892e-31,6.776e-19,2.110e+0,4.056e-32,4.024e-19,5.979e-24,6.532e-17,,1.653e-28,,7.092e-22,1.516e-19,1.269e-17,2.136e-21,3.967e-20,3.377e-23,1.678e-2,6.194e-21,,1.431e-1,2.271e+3,9.116e+2,2.390e-28,2.213e-21,1.614e-24,,,,,,,,,,,,5.236e-22,,,,,,,,,,,3.162e-6,4.859e-19,,2.209e-18
247.49,2.984e+3,3.355e+0,7.737e-28,3.113e-34,,,1.418e-39,2.226e-22,2.146e-24,3.151e-31,6.789e-19,2.177e+0,4.059e-32,4.029e-19,5.977e-24,9.875e-17,,1.654e-28,,7.098e-22,1.518e-19,1.090e-17,2.127e-21,3.963e-20,3.385e-23,2.193e-2,6.195e-21,,1.275e-1,2.094e+3,8.847e+2,2.390e-28,2.214e-21,1.615e-24,,,,,,,,,,,,5.243e-22,,,,,,,,,,,1.653e-6,4.863e-19,,2.210e-18
247.52,2.695e+3,4.675e+0,3.387e-27,3.107e-34,,8.445e-36,1.371e-39,2.226e-22,2.174e-24,1.591e-31,6.809e-19,2.229e+0,4.063e-32,4.037e-19,5.975e-24,1.805e-16,,1.655e-28,,7.107e-22,1.519e-19,8.497e-18,2.115e-21,3.955e-20,3.398e-23,3.201e-2,6.197e-21,,1.053e-1,1.840e+3,8.472e+2,2.389e-28,2.215e-21,1.616e-24,,,,,,,,,,,,5.255e-22,,,,,,,,,,,6.100e-7,4.869e-19,,2.213e-18
247.54,2.519e+3,5.741e+0,8.927e-27,3.103e-34,,2.526e-35,1.320e-39,2.227e-22,2.192e-24,9.934e-32,6.823e-19,2.229e+0,4.065e-32,4.042e-19,5.973e-24,2.660e-16,,1.656e-28,,7.113e-22,1.521e-19,7.091e-18,2.107e-21,3.951e-20,3.407e-23,4.055e-2,6.199e-21,,9.155e-2,1.686e+3,8.250e+2,2.388e-28,2.215e-21,1.616e-24,,,,,,,,,,,,5.262e-22,,,,,,,,,,,3.089e-7,4.873e-19,,2.214e-18
247.57,2.294e+3,7.634e+0,3.733e-26,3.097e-34,,1.277e-34,1.219e-39,2.227e-22,2.220e-24,4.786e-32,6.843e-19,2.177e+0,4.069e-32,4.050e-19,5.970e-24,4.656e-16,,1.658e-28,,7.122e-22,1.522e-19,5.288e-18,2.094e-21,3.944e-20,3.419e-23,5.649e-2,6.201e-21,,7.320e-2,1.487e+3,7.974e+2,2.387e-28,2.217e-21,1.618e-24,,,,,,,,,,,,5.274e-22,,,,,,,,,,,1.088e-7,4.878e-19,,2.217e-18
247.59,2.176e+3,9.089e+0,9.543e-26,3.092e-34,,3.703e-34,1.138e-39,2.228e-22,2.238e-24,2.895e-32,6.856e-19,2.110e+0,4.071e-32,4.055e-19,5.968e-24,6.662e-16,,1.659e-28,,7.127e-22,1.524e-19,4.284e-18,2.086e-21,3.939e-20,3.428e-23,6.937e-2,6.203e-21,,6.267e-2,1.381e+3,7.837e+2,2.387e-28,2.217e-21,1.618e-24,,,,,,,,,,,,5.282e-22,,,,,,,,,,,5.337e-8,4.882e-19,,2.218e-18
247.61,2.087e+3,1.069e+1,2.410e-25,3.088e-34,,1.061e-33,1.049e-39,2.228e-22,2.256e-24,1.730e-32,6.869e-19,2.020e+0,4.074e-32,4.060e-19,5.966e-24,9.420e-16,,1.660e-28,,7.133e-22,1.525e-19,3.429e-18,2.077e-21,3.934e-20,3.436e-23,8.414e-2,6.204e-21,,5.357e-2,1.300e+3,7.745e+2,2.386e-28,2.218e-21,1.619e-24,,,,,,,,,,,,5.289e-22,,,,,,,,,,,2.586e-8,4.886e-19,,2.220e-18
247.64,2.013e+3,1.331e+1,9.451e-25,3.082e-34,,5.027e-33,9.071e-40,2.228e-22,2.284e-24,7.800e-33,6.889e-19,1.848e+0,4.077e-32,4.067e-19,5.963e-24,1.549e-15,,1.661e-28,,7.142e-22,1.527e-19,2.401e-18,2.065e-21,3.927e-20,3.449e-23,1.098e-1,6.206e-21,,4.263e-2,1.228e+3,7.703e+2,2.385e-28,2.219e-21,1.620e-24,,,,,,,,,,,,5.301e-22,,,,,,,,,,,8.522e-9,4.891e-19,,2.222e-18
247.66,2.007e+3,1.517e+1,2.315e-24,3.078e-34,,1.397e-32,8.106e-40,2.229e-22,2.302e-24,4.516e-33,6.902e-19,1.715e+0,4.080e-32,4.072e-19,5.961e-24,2.126e-15,,1.662e-28,,7.148e-22,1.528e-19,1.864e-18,2.057e-21,3.922e-20,3.457e-23,1.291e-1,6.208e-21,,3.706e-2,1.215e+3,7.746e+2,2.384e-28,2.220e-21,1.621e-24,,,,,,,,,,,,5.308e-22,,,,,,,,,,,4.002e-9,4.895e-19,,2.224e-18
247.69,2.064e+3,1.803e+1,8.671e-24,3.071e-34,,6.320e-32,6.689e-40,2.229e-22,2.330e-24,1.943e-33,6.922e-19,1.497e+0,4.083e-32,4.080e-19,5.958e-24,3.343e-15,,1.664e-28,,7.157e-22,1.530e-19,1.247e-18,2.044e-21,3.915e-20,3.470e-23,1.608e-1,6.210e-21,,3.107e-2,1.252e+3,7.928e+2,2.383e-28,2.221e-21,1.622e-24,,,,,,,,,,,,5.320e-22,,,,,,,,,,,1.258e-9,4.901e-19,,2.227e-18
247.71,2.147e+3,1.992e+1,2.060e-23,3.067e-34,,1.702e-31,5.794e-40,2.230e-22,2.348e-24,1.090e-33,6.935e-19,1.346e+0,4.086e-32,4.085e-19,5.957e-24,4.456e-15,,1.665e-28,,7.163e-22,1.531e-19,9.393e-19,2.036e-21,3.910e-20,3.478e-23,1.832e-1,6.212e-21,,2.846e-2,1.313e+3,8.129e+2,2.383e-28,2.222e-21,1.623e-24,,,,,,,,,,,,5.327e-22,,,,,,,,,,,5.723e-10,4.904e-19,,2.228e-18
247.74,2.339e+3,2.260e+1,7.370e-23,3.061e-34,,7.355e-31,4.562e-40,2.230e-22,2.376e-24,4.474e-34,6.955e-19,1.121e+0,4.089e-32,4.092e-19,5.954e-24,6.709e-15,,1.666e-28,,7.172e-22,1.533e-19,6.001e-19,2.023e-21,3.903e-20,3.491e-23,2.177e-1,6.214e-21,,2.628e-2,1.460e+3,8.552e+2,2.382e-28,2.223e-21,1.624e-24,,,,,,,,,,,,5.339e-22,,,,,,,,,,,1.716e-10,4.910e-19,,2.231e-18
247.76,2.510e+3,2.420e+1,1.698e-22,3.056e-34,,1.921e-30,3.830e-40,2.231e-22,2.394e-24,2.432e-34,6.968e-19,9.775e-1,4.092e-32,4.097e-19,5.952e-24,8.687e-15,,1.667e-28,,7.178e-22,1.534e-19,4.383e-19,2.015e-21,3.899e-20,3.500e-23,2.406e-1,6.215e-21,,2.574e-2,1.593e+3,8.914e+2,2.381e-28,2.224e-21,1.625e-24,,,,,,,,,,,,5.346e-22,,,,,,,,,,,7.564e-11,4.914e-19,,2.232e-18
247.79,2.830e+3,2.620e+1,5.804e-22,3.050e-34,,7.927e-30,2.878e-40,2.231e-22,2.422e-24,9.523e-35,6.988e-19,7.771e-1,4.095e-32,4.105e-19,5.949e-24,1.253e-14,,1.669e-28,,7.187e-22,1.536e-19,2.673e-19,2.002e-21,3.891e-20,3.512e-23,2.729e-1,6.218e-21,,2.593e-2,1.846e+3,9.568e+2,2.380e-28,2.225e-21,1.626e-24,,,,,,,,,,,,5.358e-22,,,,,,,,,,,2.163e-11,4.919e-19,,2.235e-18
247.81,3.083e+3,2.720e+1,1.297e-21,3.046e-34,,2.008e-29,2.342e-40,2.232e-22,2.440e-24,5.017e-35,7.002e-19,6.565e-1,4.098e-32,4.110e-19,5.947e-24,1.577e-14,,1.670e-28,,7.193e-22,1.537e-19,1.893e-19,1.994e-21,3.887e-20,3.521e-23,2.922e-1,6.219e-21,,2.650e-2,2.048e+3,1.007e+3,2.380e-28,2.226e-21,1.627e-24,,,,,,,,,,,,5.365e-22,,,,,,,,,,,9.242e-12,4.923e-19,,2.236e-18
247.84,3.522e+3,2.810e+1,4.235e-21,3.040e-34,,7.911e-29,1.679e-40,2.232e-22,2.467e-24,1.874e-35,7.021e-19,4.980e-1,4.102e-32,4.117e-19,5.944e-24,2.181e-14,,1.672e-28,,7.202e-22,1.539e-19,1.102e-19,1.982e-21,3.880e-20,3.533e-23,3.163e-1,6.221e-21,,2.768e-2,2.402e+3,1.091e+3,2.379e-28,2.227e-21,1.628e-24,,,,,,,,,,,,5.377e-22,,,,,,,,,,,2.521e-12,4.929e-19,,2.239e-18
247.86,3.854e+3,2.828e+1,9.178e-21,3.035e-34,,1.943e-28,1.324e-40,2.233e-22,2.486e-24,9.569e-36,7.035e-19,4.078e-1,4.104e-32,4.122e-19,5.942e-24,2.670e-14,,1.673e-28,,7.208e-22,1.540e-19,7.566e-20,1.973e-21,3.875e-20,3.542e-23,3.284e-1,6.223e-21,,2.851e-2,2.673e+3,1.152e+3,2.378e-28,2.228e-21,1.629e-24,,,,,,,,,,,,5.385e-22,,,,,,,,,,,1.044e-12,4.932e-19,,2.240e-18
247.89,4.415e+3,2.788e+1,2.863e-20,3.029e-34,,7.310e-28,9.061e-41,2.233e-22,2.513e-24,3.410e-36,7.055e-19,2.952e-1,4.108e-32,4.130e-19,5.939e-24,3.544e-14,,1.674e-28,,7.216e-22,1.542e-19,4.205e-20,1.961e-21,3.868e-20,3.555e-23,3.393e-1,6.225e-21,,2.958e-2,3.137e+3,1.249e+3,2.377e-28,2.229e-21,1.630e-24,,,,,,,,,,,,5.396e-22,,,,,,,,,,,2.715e-13,4.938e-19,,2.243e-18
247.91,4.834e+3,2.720e+1,6.018e-20,3.025e-34,,1.741e-27,6.926e-41,2.233e-22,2.532e-24,1.687e-36,7.068e-19,2.343e-1,4.110e-32,4.135e-19,5.937e-24,4.224e-14,,1.675e-28,,7.222e-22,1.543e-19,2.798e-20,1.952e-21,3.863e-20,3.563e-23,3.414e-1,6.226e-21,,3.005e-2,3.490e+3,1.316e+3,2.377e-28,2.230e-21,1.630e-24,,,,,,,,,,,,5.404e-22,,,,,,,,,,,1.089e-13,4.942e-19,,2.245e-18
247.94,5.540e+3,2.560e+1,1.793e-19,3.019e-34,,6.254e-27,4.522e-41,2.234e-22,2.559e-24,5.740e-37,7.088e-19,1.618e-1,4.114e-32,4.143e-19,5.935e-24,5.390e-14,,1.677e-28,,7.231e-22,1.545e-19,1.484e-20,1.940e-21,3.856e-20,3.576e-23,3.367e-1,6.229e-21,,3.029e-2,4.096e+3,1.418e+3,2.376e-28,2.231e-21,1.632e-24,,,,,,,,,,,,5.415e-22,,,,,,,,,,,2.703e-14,4.947e-19,,2.247e-18
247.96,6.070e+3,2.420e+1,3.656e-19,3.014e-34,,1.444e-26,3.351e-41,2.234e-22,2.578e-24,2.761e-37,7.101e-19,1.245e-1,4.116e-32,4.148e-19,5.933e-24,6.261e-14,,1.678e-28,,7.237e-22,1.546e-19,9.572e-21,1.932e-21,3.851e-20,3.584e-23,3.284e-1,6.230e-21,,3.011e-2,4.560e+3,1.486e+3,2.375e-28,2.231e-21,1.632e-24,,,,,,,,,,,,5.423e-22,,,,,,,,,,,1.051e-14,4.951e-19,,2.249e-18
247.98,6.653e+3,2.260e+1,7.365e-19,3.010e-34,,3.295e-26,2.452e-41,2.235e-22,2.596e-24,1.323e-37,7.114e-19,9.459e-2,4.119e-32,4.153e-19,5.931e-24,7.200e-14,,1.679e-28,,7.243e-22,1.547e-19,6.098e-21,1.923e-21,3.846e-20,3.593e-23,3.163e-1,6.232e-21,,2.966e-2,5.078e+3,1.552e+3,2.374e-28,2.232e-21,1.633e-24,,,,,,,,,,,,5.430e-22,,,,,,,,,,,4.033e-15,4.955e-19,,2.250e-18
248.01,7.639e+3,1.992e+1,2.058e-18,3.004e-34,,1.110e-25,1.499e-41,2.235e-22,2.623e-24,4.707e-38,7.134e-19,6.119e-2,4.122e-32,4.160e-19,5.928e-24,8.717e-14,,1.680e-28,,7.252e-22,1.549e-19,3.029e-21,1.911e-21,3.839e-20,3.605e-23,2.922e-1,6.234e-21,,2.854e-2,5.971e+3,1.647e+3,2.373e-28,2.233e-21,1.634e-24,,,,,,,,,,,,5.442e-22,,,,,,,,,,,9.368e-16,4.960e-19,,2.253e-18
248.03,8.378e+3,1.803e+1,4.021e-18,3.000e-34,,2.455e-25,1.063e-41,2.236e-22,2.642e-24,2.965e-38,7.147e-19,4.506e-2,4.125e-32,4.165e-19,5.926e-24,9.786e-14,,1.681e-28,,7.258e-22,1.550e-19,1.871e-21,1.902e-21,3.835e-20,3.614e-23,2.729e-1,6.235e-21,,2.759e-2,6.652e+3,1.707e+3,2.373e-28,2.234e-21,1.635e-24,,,,,,,,,,,,5.449e-22,,,,,,,,,,,3.485e-16,4.964e-19,,2.254e-18
248.06,9.611e+3,1.517e+1,1.073e-17,2.993e-34,,7.894e-25,6.203e-42,2.236e-22,2.669e-24,3.273e-38,7.167e-19,2.782e-2,4.128e-32,4.173e-19,5.923e-24,1.144e-13,,1.683e-28,,7.267e-22,1.552e-19,8.866e-22,1.890e-21,3.827e-20,3.626e-23,2.406e-1,6.238e-21,,2.606e-2,7.809e+3,1.787e+3,2.372e-28,2.235e-21,1.636e-24,,,,,,,,,,,,5.461e-22,,,,,,,,,,,7.720e-17,4.970e-19,,2.257e-18
248.08,1.052e+4,1.331e+1,2.034e-17,2.989e-34,,1.693e-24,4.264e-42,2.237e-22,2.688e-24,5.191e-38,7.180e-19,1.986e-2,4.131e-32,4.178e-19,5.921e-24,1.256e-13,,1.684e-28,,7.273e-22,1.553e-19,5.307e-22,1.882e-21,3.823e-20,3.635e-23,2.177e-1,6.239e-21,,2.512e-2,8.668e+3,1.834e+3,2.371e-28,2.236e-21,1.637e-24,,,,,,,,,,,,5.468e-22,,,,,,,,,,,2.783e-17,4.974e-19,,2.258e-18
248.11,1.198e+4,1.069e+1,5.188e-17,2.983e-34,,5.199e-24,2.374e-42,2.237e-22,2.715e-24,1.201e-37,7.200e-19,1.170e-2,4.134e-32,4.185e-19,5.918e-24,1.421e-13,,1.685e-28,,7.282e-22,1.555e-19,2.400e-22,1.869e-21,3.816e-20,3.648e-23,1.832e-1,6.241e-21,,2.413e-2,1.008e+4,1.893e+3,2.370e-28,2.237e-21,1.638e-24,,,,,,,,,,,,5.480e-22,,,,,,,,,,,5.881e-18,4.979e-19,,2.261e-18
248.13,1.301e+4,9.089e+0,9.536e-17,2.978e-34,,1.082e-23,1.582e-42,2.238e-22,2.734e-24,2.122e-37,7.214e-19,8.092e-3,4.137e-32,4.190e-19,5.917e-24,1.528e-13,,1.686e-28,,7.288e-22,1.556e-19,1.392e-22,1.861e-21,3.811e-20,3.656e-23,1.608e-1,6.243e-21,,2.396e-2,1.108e+4,1.922e+3,2.370e-28,2.238e-21,1.639e-24,,,,,,,,,,,,5.487e-22,,,,,,,,,,,2.054e-18,4.983e-19,,2.263e-18
248.16,1.459e+4,6.964e+0,2.323e-16,2.972e-34,,3.171e-23,8.402e-43,2.238e-22,2.761e-24,4.896e-37,7.233e-19,4.548e-3,4.141e-32,4.198e-19,5.914e-24,1.680e-13,,1.688e-28,,7.297e-22,1.558e-19,6.010e-23,1.848e-21,3.804e-20,3.669e-23,1.291e-1,6.245e-21,,2.480e-2,1.263e+4,1.950e+3,2.369e-28,2.239e-21,1.640e-24,,,,,,,,,,,,5.499e-22,,,,,,,,,,,4.140e-19,4.988e-19,,2.265e-18
248.18,1.564e+4,5.741e+0,4.142e-16,2.968e-34,,6.396e-23,5.426e-43,2.238e-22,2.780e-24,8.424e-37,7.247e-19,3.050e-3,4.143e-32,4.203e-19,5.912e-24,1.773e-13,,1.689e-28,,7.302e-22,1.559e-19,3.380e-23,1.840e-21,3.799e-20,3.677e-23,1.098e-1,6.247e-21,,2.633e-2,1.368e+4,1.958e+3,2.368e-28,2.240e-21,1.641e-24,,,,,,,,,,,,5.507e-22,,,,,,,,,,,1.401e-19,4.992e-19,,2.267e-18
248.21,1.713e+4,4.199e+0,9.640e-16,2.962e-34,,1.791e-22,2.751e-43,2.239e-22,2.807e-24,1.858e-36,7.267e-19,1.636e-3,4.147e-32,4.210e-19,5.909e-24,1.899e-13,,1.691e-28,,7.311e-22,1.561e-19,1.397e-23,1.827e-21,3.792e-20,3.690e-23,8.414e-2,6.249e-21,,3.047e-2,1.518e+4,1.953e+3,2.367e-28,2.241e-21,1.642e-24,,,,,,,,,,,,5.518e-22,,,,,,,,,,,2.694e-20,4.998e-19,,2.269e-18
248.23,1.804e+4,3.355e+0,1.667e-15,2.957e-34,,3.502e-22,1.722e-43,2.239e-22,2.825e-24,3.100e-36,7.280e-19,1.063e-3,4.149e-32,4.215e-19,5.907e-24,1.972e-13,,1.692e-28,,7.317e-22,1.562e-19,7.689e-24,1.819e-21,3.787e-20,3.698e-23,6.937e-2,6.250e-21,,3.467e-2,1.609e+4,1.938e+3,2.366e-28,2.242e-21,1.643e-24,,,,,,,,,,,,5.526e-22,,,,,,,,,,,2.691e-20,5.002e-19,,2.271e-18
248.26,1.918e+4,2.342e+0,3.707e-15,2.951e-34,,9.363e-22,8.328e-44,2.240e-22,2.853e-24,6.529e-36,7.300e-19,5.442e-4,4.153e-32,4.223e-19,5.904e-24,2.066e-13,,1.693e-28,,7.326e-22,1.564e-19,3.278e-24,1.807e-21,3.780e-20,3.711e-23,5.074e-2,6.252e-21,,4.349e-2,1.728e+4,1.898e+3,2.366e-28,2.243e-21,1.644e-24,,,,,,,,,,,,5.537e-22,,,,,,,,,,,2.687e-20,5.007e-19,,2.273e-18
248.28,1.977e+4,1.814e+0,6.219e-15,2.947e-34,,1.776e-21,5.052e-44,2.240e-22,2.871e-24,1.056e-35,7.313e-19,3.429e-4,4.155e-32,4.228e-19,5.902e-24,2.117e-13,,1.694e-28,,7.332e-22,1.565e-19,2.154e-24,1.798e-21,3.775e-20,3.719e-23,4.055e-2,6.254e-21,,5.120e-2,1.790e+4,1.862e+3,2.365e-28,2.244e-21,1.644e-24,,,,,,,,,,,,5.545e-22,,,,,,,,,,,2.684e-20,5.011e-19,,2.275e-18
248.31,2.033e+4,1.208e+0,1.321e-14,2.940e-34,,4.533e-21,2.332e-44,2.241e-22,2.899e-24,2.124e-35,7.333e-19,1.675e-4,4.159e-32,4.236e-19,3.064e-23,2.178e-13,,1.696e-28,,7.341e-22,1.567e-19,2.127e-24,1.786e-21,3.768e-20,3.732e-23,2.831e-2,6.256e-21,,6.568e-2,1.854e+4,1.794e+3,2.364e-28,2.245e-21,1.646e-24,,,,,,,,,,,,5.556e-22,,,,,,,,,,,2.680e-20,5.017e-19,,2.277e-18
248.33,2.049e+4,9.073e-1,2.149e-14,2.936e-34,,8.338e-21,1.371e-44,2.241e-22,2.917e-24,3.332e-35,7.346e-19,1.023e-4,4.161e-32,4.241e-19,9.047e-23,2.207e-13,,1.697e-28,,7.347e-22,1.568e-19,3.199e-24,1.777e-21,3.764e-20,3.741e-23,2.193e-2,6.258e-21,,7.729e-2,1.874e+4,1.742e+3,2.363e-28,2.245e-21,1.646e-24,,,,,,,,,,,,5.564e-22,,,,,,,,,,,2.677e-20,5.020e-19,,2.279e-18
248.36,2.037e+4,5.767e-1,4.361e-14,2.930e-34,,2.032e-20,6.040e-45,2.242e-22,2.945e-24,6.397e-35,7.366e-19,4.766e-5,4.165e-32,4.248e-19,4.486e-22,2.236e-13,,1.698e-28,,7.356e-22,1.570e-19,7.434e-24,1.765e-21,3.756e-20,3.753e-23,1.461e-2,6.260e-21,,9.752e-2,1.872e+4,1.657e+3,2.362e-28,2.247e-21,1.647e-24,,,,,,,,,,,,5.575e-22,,,,,,,,,,,2.673e-20,5.026e-19,,2.281e-18
248.38,2.009e+4,4.198e-1,6.885e-14,2.926e-34,,3.625e-20,3.442e-45,2.242e-22,2.963e-24,9.731e-35,7.379e-19,2.821e-5,4.167e-32,4.253e-19,1.290e-21,2.244e-13,,1.699e-28,,7.362e-22,1.571e-19,1.344e-23,1.757e-21,3.752e-20,3.762e-23,1.098e-2,6.261e-21,,1.127e-1,1.849e+4,1.597e+3,2.362e-28,2.247e-21,1.648e-24,,,,,,,,,,,,5.583e-22,,,,,,,,,,,2.670e-20,5.030e-19,,2.283e-18
248.4,1.965e+4,3.018e-1,1.074e-13,2.921e-34,,6.386e-20,1.938e-45,2.243e-22,2.981e-24,1.462e-34,7.392e-19,1.649e-5,4.170e-32,4.258e-19,3.649e-21,2.245e-13,,1.700e-28,,7.368e-22,1.573e-19,2.420e-23,1.748e-21,3.747e-20,3.770e-23,8.151e-3,6.263e-21,,1.290e-1,1.811e+4,1.537e+3,2.361e-28,2.248e-21,4.982e-24,,,,,,,,,,,,5.590e-22,,,,,,,,,,,2.668e-20,5.033e-19,,2.285e-18
248.43,1.877e+4,1.797e-1,2.043e-13,2.915e-34,,1.459e-19,7.993e-46,2.243e-22,3.009e-24,2.631e-34,7.412e-19,7.196e-6,4.173e-32,4.266e-19,1.698e-20,2.229e-13,,1.702e-28,,7.377e-22,1.574e-19,5.731e-23,1.736e-21,3.740e-20,3.783e-23,5.107e-3,6.265e-21,,1.549e-1,1.732e+4,1.449e+3,2.360e-28,2.249e-21,2.559e-23,,,,,,,,,,,,5.602e-22,,,,,,,,,,,2.663e-20,5.039e-19,,2.287e-18
248.45,1.808e+4,1.252e-1,3.091e-13,2.911e-34,,2.493e-19,4.361e-46,2.243e-22,3.027e-24,3.833e-34,7.426e-19,4.077e-6,4.176e-32,4.271e-19,4.659e-20,2.207e-13,,1.703e-28,,7.383e-22,1.576e-19,1.003e-22,1.727e-21,3.735e-20,3.791e-23,3.699e-3,6.267e-21,,1.726e-1,1.668e+4,1.393e+3,2.360e-28,2.250e-21,7.504e-23,,,,,,,,,,,,5.610e-22,,,,,,,,,,,2.661e-20,5.043e-19,,2.289e-18
248.48,1.698e+4,7.115e-2,5.621e-13,2.905e-34,,5.438e-19,1.720e-46,2.244e-22,3.055e-24,6.585e-34,7.445e-19,1.698e-6,4.180e-32,4.278e-19,2.070e-19,2.157e-13,,1.704e-28,,7.391e-22,1.578e-19,2.271e-22,1.715e-21,3.728e-20,3.804e-23,2.275e-3,6.269e-21,,1.991e-1,1.566e+4,1.317e+3,2.359e-28,2.251e-21,3.682e-22,,,,,,,,,,,,5.621e-22,,,,,,,,,,,2.656e-20,5.048e-19,,2.291e-18
248.5,1.626e+4,4.806e-2,8.247e-13,2.900e-34,,9.009e-19,9.157e-47,2.244e-22,3.073e-24,9.302e-34,7.459e-19,9.324e-7,4.182e-32,4.283e-19,5.511e-19,2.111e-13,,1.705e-28,,7.397e-22,1.579e-19,3.856e-22,1.707e-21,3.723e-20,3.813e-23,1.676e-3,6.270e-21,,2.160e-1,1.499e+4,1.272e+3,2.358e-28,2.252e-21,1.047e-21,,,,,,,,,,,,5.629e-22,,,,,,,,,,,2.654e-20,5.052e-19,,2.293e-18
248.53,1.529e+4,2.607e-2,1.433e-12,2.894e-34,,1.877e-18,3.652e-47,2.245e-22,3.101e-24,1.526e-33,7.479e-19,3.706e-7,4.186e-32,4.291e-19,2.339e-18,2.023e-13,,1.707e-28,,7.406e-22,1.581e-19,8.336e-22,1.694e-21,3.716e-20,3.825e-23,1.181e-3,6.273e-21,,2.392e-1,1.407e+4,1.217e+3,2.357e-28,2.253e-21,4.907e-21,,,,,,,,,,,,5.640e-22,,,,,,,,,,,2.649e-20,5.058e-19,,2.295e-18
248.55,1.475e+4,1.707e-2,2.039e-12,2.890e-34,,3.015e-18,2.244e-47,2.245e-22,3.119e-24,2.090e-33,7.492e-19,1.972e-7,4.188e-32,4.296e-19,6.040e-18,1.951e-13,,1.708e-28,,7.412e-22,1.582e-19,1.373e-21,1.686e-21,3.711e-20,3.834e-23,1.080e-3,6.274e-21,,2.528e-1,1.357e+4,1.188e+3,2.356e-28,2.254e-21,1.353e-20,,,,,,,,,,,,5.648e-22,,,,,,,,,,,2.647e-20,5.061e-19,,2.297e-18
248.58,1.418e+4,8.833e-3,3.384e-12,2.884e-34,,5.998e-18,2.040e-47,2.246e-22,3.147e-24,3.274e-33,7.512e-19,7.481e-8,4.192e-32,4.303e-19,2.449e-17,1.825e-13,,1.710e-28,,7.421e-22,1.584e-19,2.834e-21,1.673e-21,3.704e-20,3.846e-23,1.263e-3,6.276e-21,,2.698e-1,1.302e+4,1.159e+3,2.355e-28,2.255e-21,6.059e-20,,,,,,,,,,,,5.659e-22,,,,,,,,,,,2.642e-20,5.067e-19,,2.299e-18
248.6,1.398e+4,5.606e-3,4.673e-12,2.879e-34,,9.343e-18,3.104e-47,2.246e-22,3.165e-24,4.348e-33,7.525e-19,3.859e-8,4.194e-32,4.308e-19,6.134e-17,1.729e-13,,1.711e-28,,7.427e-22,1.585e-19,4.527e-21,1.665e-21,3.700e-20,3.855e-23,1.638e-3,6.278e-21,,2.787e-1,1.283e+4,1.150e+3,2.355e-28,2.256e-21,1.621e-19,,,,,,,,,,,,5.667e-22,,,,,,,,,,,2.640e-20,5.071e-19,,2.301e-18
248.63,1.394e+4,2.769e-3,7.409e-12,2.873e-34,,1.775e-17,7.689e-47,2.247e-22,3.193e-24,6.502e-33,7.545e-19,1.397e-8,4.198e-32,4.316e-19,2.376e-16,1.571e-13,,1.712e-28,,7.436e-22,1.587e-19,8.930e-21,1.652e-21,3.692e-20,3.868e-23,2.705e-3,6.280e-21,,2.882e-1,1.279e+4,1.152e+3,2.354e-28,2.257e-21,6.931e-19,,,,,,,,,,,,5.678e-22,,,,,,,,,,,2.635e-20,5.076e-19,,2.304e-18
248.65,1.409e+4,1.704e-3,9.922e-12,2.869e-34,,2.681e-17,1.458e-46,2.247e-22,3.211e-24,8.373e-33,7.558e-19,6.984e-9,4.200e-32,4.321e-19,5.772e-16,1.458e-13,,1.713e-28,,7.442e-22,1.588e-19,1.384e-20,1.644e-21,3.688e-20,3.876e-23,3.874e-3,6.281e-21,,2.923e-1,1.293e+4,1.165e+3,2.353e-28,2.258e-21,1.798e-18,,,,,,,,,,,,5.686e-22,,,,,,,,,,,2.633e-20,5.080e-19,,2.305e-18
248.68,1.456e+4,8.031e-4,1.503e-11,2.862e-34,,4.863e-17,3.769e-46,2.248e-22,3.238e-24,1.196e-32,7.578e-19,2.412e-9,4.204e-32,4.329e-19,2.136e-15,1.281e-13,,1.715e-28,,7.451e-22,1.590e-19,2.609e-20,1.632e-21,3.681e-20,3.889e-23,6.631e-3,6.284e-21,,2.958e-1,1.336e+4,1.203e+3,2.352e-28,2.259e-21,7.346e-18,,,,,,,,,,,,5.697e-22,,,,,,,,,,,2.628e-20,5.086e-19,,2.308e-18
248.7,1.501e+4,4.790e-4,1.953e-11,2.858e-34,,7.122e-17,7.002e-46,2.248e-22,3.257e-24,1.493e-32,7.591e-19,1.169e-9,4.206e-32,4.334e-19,5.033e-15,1.161e-13,,1.716e-28,,7.457e-22,1.591e-19,3.924e-20,1.623e-21,3.676e-20,3.897e-23,9.395e-3,6.285e-21,,2.970e-1,1.377e+4,1.243e+3,2.352e-28,2.260e-21,1.849e-17,,,,,,,,,,,,5.705e-22,,,,,,,,,,,2.626e-20,5.089e-19,,2.309e-18
248.73,1.583e+4,2.155e-4,2.826e-11,2.852e-34,,1.234e-16,1.733e-45,2.249e-22,3.284e-24,2.035e-32,7.611e-19,3.853e-10,4.210e-32,4.341e-19,1.779e-14,9.831e-14,,1.717e-28,,7.466e-22,1.593e-19,7.079e-20,1.611e-21,3.669e-20,3.910e-23,1.553e-2,6.287e-21,,2.984e-1,1.451e+4,1.324e+3,2.351e-28,2.261e-21,7.212e-17,,,,,,,,,,,,5.716e-22,,,,,,,,,,,2.621e-20,5.095e-19,,2.312e-18
248.75,1.645e+4,1.246e-4,3.561e-11,2.848e-34,,1.752e-16,3.124e-45,2.249e-22,3.303e-24,2.464e-32,7.624e-19,1.810e-10,4.212e-32,4.346e-19,4.067e-14,8.686e-14,,1.718e-28,,7.472e-22,1.594e-19,1.034e-19,1.602e-21,3.664e-20,3.918e-23,2.139e-2,6.289e-21,,2.997e-1,1.506e+4,1.394e+3,2.350e-28,2.261e-21,1.760e-16,,,,,,,,,,,,5.724e-22,,,,,,,,,,,2.619e-20,5.099e-19,,2.313e-18
248.77,1.709e+4,7.112e-5,4.434e-11,2.843e-34,,2.458e-16,5.562e-45,2.249e-22,3.321e-24,2.947e-32,7.638e-19,8.396e-11,4.215e-32,4.351e-19,9.183e-14,7.593e-14,,1.719e-28,,7.477e-22,1.595e-19,1.493e-19,1.594e-21,3.659e-20,3.927e-23,2.912e-2,6.290e-21,,3.019e-1,1.562e+4,1.477e+3,2.349e-28,2.262e-21,4.245e-16,,,,,,,,,,,,5.732e-22,,,,,,,,,,,2.616e-20,5.103e-19,,2.315e-18
248.8,1.806e+4,2.997e-5,6.020e-11,2.837e-34,,3.991e-16,1.291e-44,2.250e-22,3.349e-24,3.766e-32,7.657e-19,2.591e-11,4.219e-32,4.359e-19,3.045e-13,6.079e-14,,1.721e-28,,7.486e-22,1.597e-19,2.539e-19,1.582e-21,3.652e-20,3.939e-23,4.521e-2,6.293e-21,,3.081e-1,1.643e+4,1.625e+3,2.348e-28,2.263e-21,1.553e-15,,,,,,,,,,,,5.743e-22,,,,,,,,,,,2.612e-20,5.108e-19,,2.317e-18
248.82,1.868e+4,1.659e-5,7.270e-11,2.833e-34,,5.429e-16,2.229e-44,2.250e-22,3.367e-24,4.366e-32,7.671e-19,1.165e-11,4.221e-32,4.364e-19,6.670e-13,5.169e-14,,1.722e-28,,7.492e-22,1.598e-19,3.571e-19,1.573e-21,3.647e-20,3.948e-23,5.970e-2,6.294e-21,,3.145e-1,1.694e+4,1.741e+3,2.348e-28,2.264e-21,3.632e-15,,,,,,,,,,,,5.751e-22,,,,,,,,,,,2.609e-20,5.112e-19,,2.319e-18
248.85,1.953e+4,6.671e-6,9.430e-11,2.827e-34,,8.418e-16,4.942e-44,2.251e-22,3.394e-24,5.328e-32,7.691e-19,3.432e-12,4.225e-32,4.371e-19,2.113e-12,3.967e-14,,1.723e-28,,7.501e-22,1.600e-19,5.845e-19,1.561e-21,3.640e-20,3.961e-23,8.856e-2,6.296e-21,,3.279e-1,1.759e+4,1.939e+3,2.347e-28,2.265e-21,1.269e-14,,,,,,,,,,,,5.762e-22,,,,,,,,,,,2.605e-20,5.118e-19,,2.322e-18
248.87,2.002e+4,3.579e-6,1.105e-10,2.822e-34,,1.110e-15,8.275e-44,2.251e-22,3.413e-24,5.990e-32,7.704e-19,1.496e-12,4.227e-32,4.376e-19,4.491e-12,3.277e-14,,1.724e-28,,7.507e-22,1.601e-19,8.028e-19,1.552e-21,3.636e-20,3.969e-23,1.135e-1,6.298e-21,,3.395e-1,1.794e+4,2.086e+3,2.346e-28,2.266e-21,2.879e-14,,,,,,,,,,,,5.770e-22,,,,,,,,,,,2.602e-20,5.121e-19,,2.323e-18
248.9,2.064e+4,1.374e-6,1.369e-10,2.816e-34,,1.644e-15,1.752e-43,2.252e-22,3.440e-24,6.978e-32,7.724e-19,4.204e-13,4.231e-32,2.275e-18,1.359e-11,2.408e-14,,1.726e-28,,7.516e-22,1.603e-19,1.273e-18,1.540e-21,3.628e-20,3.982e-23,1.609e-1,6.300e-21,,3.599e-1,1.830e+4,2.331e+3,2.345e-28,2.267e-21,9.613e-14,,,,,,,,,,,,5.781e-22,,,,,,,,,,,2.598e-20,5.127e-19,,2.326e-18
248.92,2.095e+4,7.143e-7,1.556e-10,2.812e-34,,2.103e-15,2.845e-43,2.252e-22,3.459e-24,7.607e-32,7.737e-19,1.776e-13,4.233e-32,6.723e-18,2.802e-11,1.932e-14,,1.727e-28,,7.522e-22,1.604e-19,1.717e-18,1.532e-21,3.624e-20,3.990e-23,2.000e-1,6.302e-21,,3.751e-1,1.844e+4,2.510e+3,2.345e-28,2.268e-21,2.115e-13,,,,,,,,,,,,5.789e-22,,,,,,,,,,,2.595e-20,5.131e-19,,2.327e-18
248.95,2.126e+4,2.617e-7,1.842e-10,2.805e-34,,2.973e-15,5.753e-43,2.253e-22,3.486e-24,8.461e-32,7.757e-19,4.763e-14,4.237e-32,3.339e-17,8.106e-11,1.358e-14,,1.729e-28,,7.531e-22,1.606e-19,2.665e-18,1.519e-21,3.617e-20,4.003e-23,2.713e-1,6.304e-21,,3.986e-1,1.846e+4,2.800e+3,2.344e-28,2.269e-21,6.744e-13,,,,,,,,,,,,5.800e-22,,,,,,,,,,,2.591e-20,5.136e-19,,2.330e-18
248.97,2.135e+4,1.319e-7,2.030e-10,2.801e-34,,3.688e-15,9.059e-43,2.253e-22,3.505e-24,8.944e-32,7.770e-19,1.950e-14,4.239e-32,9.572e-17,1.621e-10,1.057e-14,,1.730e-28,,7.537e-22,1.607e-19,3.558e-18,1.511e-21,3.612e-20,4.011e-23,3.275e-1,6.305e-21,,4.138e-1,1.834e+4,3.009e+3,2.343e-28,2.270e-21,1.439e-12,,,,,,,,,,,,5.808e-22,,,,,,,,,,,2.588e-20,5.140e-19,,2.331e-18
249,2.133e+4,4.611e-8,2.296e-10,2.795e-34,,4.979e-15,1.749e-42,2.254e-22,3.532e-24,9.499e-32,7.790e-19,4.991e-15,4.243e-32,4.541e-16,4.480e-10,7.103e-15,,1.731e-28,,7.546e-22,1.609e-19,5.479e-18,1.498e-21,3.605e-20,4.024e-23,4.251e-1,6.308e-21,,4.338e-1,1.799e+4,3.345e+3,2.342e-28,2.271e-21,4.383e-12,,,,,,,,,,,,5.819e-22,,,,,,,,,,,2.584e-20,5.146e-19,,2.334e-18
249.02,2.121e+4,2.253e-8,2.455e-10,2.791e-34,,5.988e-15,2.672e-42,2.254e-22,3.551e-24,9.736e-32,7.803e-19,1.981e-15,4.245e-32,1.263e-15,8.692e-10,5.366e-15,,1.732e-28,,7.552e-22,1.610e-19,7.313e-18,1.490e-21,3.600e-20,4.032e-23,4.987e-1,6.309e-21,,4.442e-1,1.762e+4,3.585e+3,2.342e-28,2.272e-21,9.071e-12,,,,,,,,,,,,5.827e-22,,,,,,,,,,,2.581e-20,5.149e-19,,2.336e-18
249.05,2.086e+4,7.517e-9,2.653e-10,2.784e-34,,7.719e-15,4.927e-42,2.255e-22,3.578e-24,9.872e-32,7.823e-19,4.837e-16,4.249e-32,5.724e-15,2.296e-9,3.445e-15,,1.734e-28,,7.561e-22,1.612e-19,1.133e-17,1.477e-21,3.593e-20,4.045e-23,6.206e-1,6.311e-21,,4.536e-1,1.690e+4,3.965e+3,2.341e-28,2.273e-21,2.639e-11,,,,,,,,,,,,5.838e-22,,,,,,,,,,,2.577e-20,5.155e-19,,2.338e-18
249.07,2.052e+4,3.560e-9,2.752e-10,2.780e-34,,9.003e-15,7.297e-42,2.255e-22,3.596e-24,9.811e-32,7.836e-19,1.861e-16,4.252e-32,1.544e-14,4.322e-9,2.525e-15,,1.735e-28,,7.566e-22,1.613e-19,1.525e-17,1.469e-21,3.588e-20,4.054e-23,7.084e-1,6.313e-21,,4.551e-1,1.629e+4,4.231e+3,2.340e-28,2.274e-21,5.298e-11,,,,,,,,,,,,5.846e-22,,,,,,,,,,,2.574e-20,5.159e-19,,2.340e-18
249.1,1.987e+4,1.134e-9,2.842e-10,2.774e-34,,1.108e-14,1.285e-41,2.256e-22,3.624e-24,9.499e-32,7.856e-19,4.336e-17,4.255e-32,6.686e-14,1.091e-8,1.548e-15,,1.736e-28,,7.575e-22,1.615e-19,2.398e-17,1.457e-21,3.581e-20,4.066e-23,8.470e-1,6.315e-21,,4.491e-1,1.522e+4,4.643e+3,2.339e-28,2.275e-21,1.472e-10,,,,,,,,,,,,5.857e-22,,,,,,,,,,,2.570e-20,5.164e-19,,2.342e-18
249.12,1.934e+4,5.205e-10,2.859e-10,2.770e-34,,1.253e-14,1.846e-41,2.256e-22,3.642e-24,9.153e-32,7.869e-19,1.617e-17,4.258e-32,1.750e-13,1.993e-8,1.100e-15,,1.737e-28,,7.581e-22,1.616e-19,3.258e-17,1.448e-21,3.576e-20,4.075e-23,9.424e-1,6.316e-21,,4.395e-1,1.441e+4,4.921e+3,2.338e-28,2.275e-21,2.866e-10,,,,,,,,,,,,5.865e-22,,,,,,,,,,,2.567e-20,5.168e-19,,2.344e-18
249.14,1.874e+4,2.360e-10,2.842e-10,2.765e-34,,1.400e-14,2.619e-41,2.256e-22,3.661e-24,8.713e-32,7.883e-19,5.952e-18,4.260e-32,4.523e-13,3.596e-8,7.726e-16,,1.738e-28,,7.587e-22,1.617e-19,4.440e-17,1.440e-21,3.572e-20,4.083e-23,1.039e+0,6.318e-21,,4.257e-1,1.354e+4,5.197e+3,2.338e-28,2.276e-21,5.513e-10,,,,,,,,,,,,5.873e-22,,,,,,,,,,,2.564e-20,5.172e-19,,2.345e-18
249.17,1.774e+4,7.039e-11,2.752e-10,2.759e-34,,1.616e-14,4.325e-41,2.257e-22,3.688e-24,7.906e-32,7.903e-19,1.299e-18,4.264e-32,1.837e-12,8.521e-8,4.442e-16,,1.740e-28,,7.596e-22,1.619e-19,7.077e-17,1.427e-21,3.565e-20,4.096e-23,1.182e+0,6.320e-21,,3.974e-1,1.214e+4,5.594e+3,2.337e-28,2.277e-21,1.437e-9,,,,,,,,,,,,5.884e-22,,,,,,,,,,,2.560e-20,5.177e-19,,2.348e-18
249.19,1.701e+4,3.094e-11,2.653e-10,2.755e-34,,1.750e-14,5.950e-41,2.257e-22,3.707e-24,7.297e-32,7.916e-19,4.636e-19,4.266e-32,4.607e-12,1.492e-7,3.024e-16,,1.741e-28,,7.602e-22,1.621e-19,9.651e-17,1.419e-21,3.560e-20,4.104e-23,1.275e+0,6.322e-21,,3.744e-1,1.117e+4,5.836e+3,2.336e-28,2.278e-21,2.680e-9,,,,,,,,,,,,5.892e-22,,,,,,,,,,,2.557e-20,5.181e-19,,2.349e-18
249.22,1.584e+4,8.806e-12,2.455e-10,2.749e-34,,1.928e-14,9.385e-41,2.258e-22,3.734e-24,6.322e-32,7.936e-19,9.656e-20,4.270e-32,1.788e-11,3.381e-7,1.660e-16,,1.742e-28,,7.611e-22,1.622e-19,1.529e-16,1.407e-21,3.553e-20,4.117e-23,1.409e+0,6.324e-21,,3.352e-1,9.687e+3,6.149e+3,2.335e-28,2.279e-21,6.673e-9,,,,,,,,,,,,5.903e-22,,,,,,,,,,,2.553e-20,5.187e-19,,2.352e-18
249.24,1.502e+4,3.752e-12,2.296e-10,2.744e-34,,2.026e-14,1.252e-40,2.258e-22,3.752e-24,5.658e-32,7.949e-19,3.340e-20,4.272e-32,4.348e-11,5.745e-7,1.096e-16,,1.744e-28,,7.617e-22,1.624e-19,2.066e-16,1.398e-21,3.548e-20,4.125e-23,1.495e+0,6.325e-21,,3.071e-1,8.708e+3,6.312e+3,2.335e-28,2.280e-21,1.207e-8,,,,,,,,,,,,5.911e-22,,,,,,,,,,,2.550e-20,5.190e-19,,2.354e-18
249.27,1.376e+4,1.019e-12,2.030e-10,2.738e-34,,2.131e-14,1.886e-40,2.259e-22,3.780e-24,4.680e-32,7.969e-19,6.638e-21,4.276e-32,1.612e-10,1.244e-6,5.745e-17,,1.745e-28,,7.626e-22,1.625e-19,3.208e-16,1.386e-21,3.541e-20,4.138e-23,1.617e+0,6.328e-21,,2.641e-1,7.290e+3,6.470e+3,2.334e-28,2.281e-21,2.871e-8,,,,,,,,,,,,5.922e-22,,,,,,,,,,,2.546e-20,5.196e-19,,2.356e-18
249.29,1.291e+4,4.209e-13,1.842e-10,2.734e-34,,2.171e-14,2.440e-40,2.259e-22,3.798e-24,4.061e-32,7.982e-19,2.226e-21,4.278e-32,3.804e-10,2.053e-6,3.677e-17,,1.746e-28,,7.632e-22,1.627e-19,4.260e-16,1.377e-21,3.536e-20,4.147e-23,1.696e+0,6.329e-21,,2.359e-1,6.398e+3,6.511e+3,2.333e-28,2.282e-21,5.038e-8,,,,,,,,,,,,5.930e-22,,,,,,,,,,,2.543e-20,5.200e-19,,2.358e-18
249.32,1.163e+4,1.091e-13,1.555e-10,2.727e-34,,2.181e-14,3.510e-40,2.260e-22,3.826e-24,3.208e-32,8.002e-19,4.221e-22,4.282e-32,1.347e-9,4.252e-6,1.840e-17,,1.748e-28,,7.641e-22,1.628e-19,6.414e-16,1.365e-21,3.529e-20,4.159e-23,1.810e+0,6.331e-21,,1.963e-1,5.166e+3,6.465e+3,2.332e-28,2.283e-21,1.144e-7,,,,,,,,,,,,5.941e-22,,,,,,,,,,,2.539e-20,5.205e-19,,2.360e-18
249.34,1.079e+4,4.369e-14,1.369e-10,2.723e-34,,2.154e-14,4.405e-40,2.260e-22,3.844e-24,2.699e-32,8.015e-19,4.170e-22,4.284e-32,3.084e-9,6.808e-6,1.142e-17,,1.749e-28,,7.647e-22,1.630e-19,8.325e-16,1.357e-21,3.524e-20,4.168e-23,1.886e+0,6.333e-21,,1.727e-1,4.426e+3,6.361e+3,2.331e-28,2.284e-21,1.948e-7,,,,,,,,,,,,5.949e-22,,,,,,,,,,,2.536e-20,5.209e-19,,2.362e-18
249.37,9.553e+3,1.081e-14,1.104e-10,2.717e-34,,2.067e-14,6.052e-40,2.261e-22,3.872e-24,2.035e-32,8.035e-19,4.093e-22,4.288e-32,1.044e-8,1.349e-5,5.457e-18,,1.750e-28,,7.655e-22,1.631e-19,1.207e-15,1.344e-21,3.517e-20,4.180e-23,1.999e+0,6.335e-21,,1.430e-1,3.451e+3,6.100e+3,2.331e-28,2.285e-21,4.226e-7,,,,,,,,,,,,5.960e-22,,,,,,,,,,,2.532e-20,5.215e-19,,2.364e-18
249.39,8.758e+3,4.195e-15,9.426e-11,2.713e-34,,1.980e-14,7.365e-40,2.261e-22,3.890e-24,1.660e-32,8.048e-19,4.043e-22,4.291e-32,2.317e-8,2.097e-5,3.284e-18,,1.751e-28,,7.661e-22,1.633e-19,1.526e-15,1.336e-21,3.512e-20,4.189e-23,2.075e+0,6.337e-21,,1.276e-1,2.894e+3,5.862e+3,2.330e-28,2.286e-21,6.976e-7,,,,,,,,,,,,5.968e-22,,,,,,,,,,,2.529e-20,5.218e-19,,2.366e-18
249.42,7.622e+3,9.906e-16,7.266e-11,2.706e-34,,1.813e-14,9.662e-40,2.261e-22,3.918e-24,1.196e-32,8.068e-19,3.966e-22,4.294e-32,7.490e-8,3.974e-5,1.498e-18,,1.753e-28,,7.670e-22,1.634e-19,2.124e-15,1.323e-21,3.505e-20,4.202e-23,2.190e+0,6.339e-21,,1.126e-1,2.192e+3,5.428e+3,2.329e-28,2.287e-21,1.446e-6,,,,,,,,,,,,5.979e-22,,,,,,,,,,,2.525e-20,5.224e-19,,2.368e-18
249.44,6.911e+3,3.726e-16,6.016e-11,2.702e-34,,1.684e-14,1.140e-39,2.262e-22,3.936e-24,9.458e-33,8.081e-19,3.915e-22,4.297e-32,1.613e-7,5.998e-5,8.738e-19,,1.754e-28,,7.676e-22,1.636e-19,2.609e-15,1.315e-21,3.501e-20,4.210e-23,2.265e+0,6.340e-21,,1.084e-1,1.810e+3,5.099e+3,2.328e-28,2.288e-21,2.315e-6,,,,,,,,,,,,5.987e-22,,,,,,,,,,,2.522e-20,5.228e-19,,2.370e-18
249.47,5.928e+3,8.398e-17,4.430e-11,2.696e-34,,1.473e-14,1.429e-39,2.262e-22,3.964e-24,6.502e-33,8.101e-19,3.839e-22,4.300e-32,4.982e-7,1.088e-4,3.805e-19,,1.755e-28,,7.685e-22,1.637e-19,3.477e-15,1.302e-21,3.493e-20,4.223e-23,2.374e+0,6.342e-21,,1.121e-1,1.351e+3,4.574e+3,2.327e-28,2.289e-21,4.583e-6,,,,,,,,,,,,5.998e-22,,,,,,,,,,,2.518e-20,5.233e-19,,2.372e-18
249.49,5.334e+3,3.062e-17,3.558e-11,2.692e-34,,1.327e-14,1.635e-39,2.263e-22,3.982e-24,4.987e-33,8.115e-19,3.788e-22,4.303e-32,1.041e-6,1.595e-4,2.152e-19,,1.756e-28,,7.691e-22,1.639e-19,4.148e-15,1.294e-21,3.489e-20,4.231e-23,2.441e+0,6.344e-21,,1.216e-1,1.113e+3,4.218e+3,2.327e-28,2.290e-21,7.116e-6,,,,,,,,,,,,6.006e-22,,,,,,,,,,,2.515e-20,5.237e-19,,2.374e-18
249.51,4.795e+3,1.103e-17,2.823e-11,2.687e-34,,1.180e-14,1.849e-39,2.263e-22,4.000e-24,3.779e-33,8.128e-19,3.737e-22,4.305e-32,2.148e-6,2.310e-4,1.203e-19,,1.757e-28,,7.697e-22,1.640e-19,4.890e-15,1.286e-21,3.484e-20,4.240e-23,2.500e+0,6.345e-21,,1.372e-1,9.227e+2,3.869e+3,2.326e-28,2.290e-21,1.091e-5,,,,,,,,,,,,6.014e-22,,,,,,,,,,,2.512e-20,5.241e-19,,2.376e-18
249.54,4.093e+3,2.328e-18,1.950e-11,2.681e-34,,9.678e-15,2.172e-39,2.264e-22,4.028e-24,2.435e-33,8.148e-19,3.661e-22,4.309e-32,6.223e-6,3.943e-4,4.907e-20,,1.759e-28,,7.706e-22,1.642e-19,6.119e-15,1.273e-21,3.477e-20,4.252e-23,2.569e+0,6.348e-21,,1.727e-1,7.101e+2,3.380e+3,2.325e-28,2.291e-21,2.027e-5,,,,,,,,,,,,6.025e-22,,,,,,,,,,,2.508e-20,5.247e-19,,2.378e-18
249.56,3.700e+3,8.125e-19,1.501e-11,2.677e-34,,8.349e-15,2.381e-39,2.264e-22,4.046e-24,1.789e-33,8.161e-19,3.610e-22,4.311e-32,1.246e-5,5.549e-4,2.658e-20,,1.760e-28,,7.712e-22,1.643e-19,6.999e-15,1.265e-21,3.472e-20,4.261e-23,2.598e+0,6.349e-21,,2.049e-1,6.086e+2,3.089e+3,2.325e-28,2.292e-21,3.015e-5,,,,,,,,,,,,6.033e-22,,,,,,,,,1.211e-22,,2.505e-20,5.250e-19,,2.380e-18
249.59,3.223e+3,1.637e-19,9.901e-12,2.670e-34,,6.537e-15,2.672e-39,2.265e-22,4.074e-24,1.100e-33,8.181e-19,3.533e-22,4.315e-32,3.448e-5,9.068e-4,1.035e-20,,1.761e-28,,7.721e-22,1.645e-19,8.369e-15,1.252e-21,3.465e-20,4.273e-23,2.611e+0,6.351e-21,,2.662e-1,5.027e+2,2.718e+3,2.324e-28,2.293e-21,5.347e-5,,,,,,,,,,,,6.044e-22,,,,,,,,,6.241e-22,,2.501e-20,5.256e-19,,2.382e-18
249.61,2.979e+3,5.539e-20,7.391e-12,2.666e-34,,5.468e-15,2.841e-39,2.265e-22,4.092e-24,7.839e-34,8.194e-19,3.482e-22,4.317e-32,6.695e-5,1.240e-3,5.437e-21,,1.763e-28,,7.727e-22,1.646e-19,9.286e-15,1.244e-21,3.460e-20,4.282e-23,2.597e+0,6.353e-21,,3.156e-1,4.564e+2,2.520e+3,2.323e-28,2.294e-21,7.716e-5,,,,,,,,,,,,6.052e-22,,,,,,,,,1.833e-21,,2.498e-20,5.260e-19,,2.384e-18
249.64,2.717e+3,1.065e-20,4.660e-12,2.660e-34,,4.088e-15,3.044e-39,2.266e-22,4.120e-24,4.605e-34,8.214e-19,3.406e-22,4.321e-32,1.771e-4,1.942e-3,2.022e-21,,1.764e-28,,7.736e-22,1.648e-19,1.061e-14,1.232e-21,3.453e-20,4.295e-23,2.540e+0,6.355e-21,,4.019e-1,4.144e+2,2.299e+3,2.322e-28,2.295e-21,1.307e-4,,,,,,,,,,,,6.063e-22,,,,,,,,,9.026e-21,,2.494e-20,5.265e-19,,2.386e-18
249.66,2.605e+3,1.064e-20,3.374e-12,2.656e-34,,3.316e-15,3.139e-39,2.266e-22,4.138e-24,3.180e-34,8.227e-19,3.355e-22,4.323e-32,3.335e-4,2.582e-3,1.029e-21,,1.765e-28,,7.741e-22,1.649e-19,1.142e-14,1.223e-21,3.448e-20,4.303e-23,2.479e+0,6.357e-21,,4.666e-1,4.008e+2,2.202e+3,2.321e-28,2.296e-21,1.829e-4,,,,,,,,,,,,6.071e-22,,,,,,,,,2.573e-20,,2.491e-20,5.269e-19,,2.388e-18
249.69,2.522e+3,1.064e-20,2.034e-12,2.649e-34,,2.368e-15,3.212e-39,2.266e-22,4.165e-24,1.784e-34,8.247e-19,3.279e-22,4.327e-32,8.426e-4,3.876e-3,3.654e-22,,1.767e-28,,7.750e-22,1.651e-19,1.246e-14,1.211e-21,3.441e-20,4.316e-23,2.356e+0,6.359e-21,,5.719e-1,3.975e+2,2.121e+3,2.320e-28,2.297e-21,2.960e-4,,,,,,,,,,,,6.082e-22,,,,,,,,,1.210e-19,,2.487e-20,5.275e-19,,2.390e-18
249.71,2.514e+3,1.063e-20,1.432e-12,2.645e-34,,1.862e-15,3.212e-39,2.267e-22,4.184e-24,1.195e-34,8.260e-19,3.228e-22,4.330e-32,1.540e-3,5.012e-3,1.804e-22,,1.768e-28,,7.756e-22,1.652e-19,1.300e-14,1.202e-21,3.437e-20,4.324e-23,2.257e+0,6.360e-21,,6.458e-1,4.053e+2,2.106e+3,2.320e-28,2.298e-21,4.018e-4,,,,,,,,,,,,6.090e-22,,,,,,,,,3.347e-19,,2.484e-20,5.278e-19,,2.392e-18
249.74,2.558e+3,1.062e-20,8.374e-13,2.639e-34,,1.270e-15,3.139e-39,2.267e-22,4.211e-24,6.397e-35,8.280e-19,3.152e-22,4.333e-32,3.716e-3,7.219e-3,6.112e-23,,1.769e-28,,7.765e-22,1.654e-19,1.355e-14,1.190e-21,3.429e-20,4.337e-23,2.088e+0,6.363e-21,,7.577e-1,4.310e+2,2.124e+3,2.319e-28,2.299e-21,6.211e-4,,,,,,,,,,,,6.101e-22,,,,,,,,,1.504e-18,,2.480e-20,5.284e-19,,2.394e-18
249.76,2.616e+3,1.062e-20,5.928e-13,2.635e-34,,9.684e-16,3.044e-39,2.268e-22,4.230e-24,4.154e-35,8.293e-19,3.101e-22,4.336e-32,6.586e-3,9.083e-3,2.925e-23,,1.770e-28,,7.771e-22,1.655e-19,1.372e-14,1.182e-21,3.425e-20,4.345e-23,1.968e+0,6.364e-21,,8.304e-1,4.576e+2,2.156e+3,2.318e-28,2.300e-21,8.177e-4,,,,,,,,,,,,6.109e-22,,,,,,,,,4.036e-18,,2.477e-20,5.288e-19,,2.396e-18
249.79,2.732e+3,1.061e-20,4.020e-13,2.628e-34,,6.304e-16,2.841e-39,2.268e-22,4.257e-24,2.124e-35,8.313e-19,3.024e-22,4.339e-32,1.519e-2,1.256e-2,9.462e-24,,1.772e-28,,7.780e-22,1.657e-19,1.365e-14,1.169e-21,3.418e-20,4.358e-23,1.786e+0,6.366e-21,,9.312e-1,5.124e+2,2.217e+3,2.317e-28,2.301e-21,1.207e-3,,,,,,,,,,,,6.121e-22,,,,,,,,,1.734e-17,,2.473e-20,5.293e-19,,2.399e-18
249.81,2.820e+3,1.060e-20,3.891e-13,2.624e-34,,4.662e-16,2.672e-39,2.269e-22,4.276e-24,1.337e-35,8.327e-19,2.973e-22,4.342e-32,2.611e-2,1.539e-2,4.390e-24,,1.773e-28,,7.786e-22,1.658e-19,1.340e-14,1.161e-21,3.413e-20,1.301e-22,1.668e+0,6.368e-21,,9.899e-1,5.593e+2,2.258e+3,2.317e-28,2.302e-21,1.542e-3,,,,,,,,,,,,6.128e-22,,,,,,,,,4.513e-17,,2.470e-20,5.297e-19,,2.400e-18
249.84,2.956e+3,1.059e-20,6.069e-13,2.618e-34,,2.898e-16,2.381e-39,2.269e-22,4.303e-24,6.529e-36,8.346e-19,2.897e-22,4.345e-32,5.753e-2,2.047e-2,1.356e-24,,1.774e-28,,7.795e-22,1.660e-19,1.274e-14,1.148e-21,3.406e-20,6.563e-22,1.505e+0,6.370e-21,,1.061e+0,6.452e+2,2.308e+3,2.316e-28,2.303e-21,2.174e-3,,,,,,,,,,,,6.140e-22,,,,,,,,,1.853e-16,,2.466e-20,5.303e-19,,2.403e-18
249.86,3.045e+3,1.059e-20,1.021e-12,2.614e-34,,2.079e-16,2.172e-39,2.270e-22,4.322e-24,3.986e-36,8.360e-19,2.846e-22,4.348e-32,9.593e-2,2.444e-2,6.099e-25,,1.775e-28,,7.801e-22,1.661e-19,1.213e-14,1.140e-21,3.401e-20,1.901e-21,1.410e+0,6.371e-21,,1.093e+0,7.126e+2,2.329e+3,2.315e-28,2.304e-21,2.693e-3,,,,,,,,,,,,6.147e-22,,,,,,,,,4.679e-16,,2.463e-20,5.306e-19,,2.404e-18
249.88,3.127e+3,1.058e-20,1.836e-12,2.609e-34,,1.473e-16,1.957e-39,2.270e-22,4.340e-24,2.404e-36,8.373e-19,2.795e-22,4.350e-32,1.580e-1,2.889e-2,2.710e-25,,1.776e-28,,7.807e-22,1.662e-19,1.141e-14,1.132e-21,3.396e-20,5.442e-21,1.328e+0,6.373e-21,,1.114e+0,7.873e+2,2.337e+3,2.314e-28,2.304e-21,3.295e-3,,,,,,,,,,,,6.155e-22,,,,,,,,,1.167e-15,,2.460e-20,5.310e-19,,2.406e-18
249.91,3.235e+3,1.058e-20,4.544e-12,2.603e-34,,8.585e-17,1.635e-39,2.271e-22,4.367e-24,1.100e-36,8.393e-19,2.719e-22,4.354e-32,3.266e-1,3.647e-2,7.842e-26,,1.778e-28,,7.816e-22,1.664e-19,1.017e-14,1.119e-21,3.389e-20,2.576e-20,1.233e+0,6.375e-21,,1.119e+0,9.103e+2,2.322e+3,2.314e-28,2.306e-21,4.357e-3,,,,,,,,,,,,6.166e-22,,,,,,,,,4.497e-15,,2.456e-20,5.316e-19,,2.408e-18
249.93,3.294e+3,1.057e-20,8.267e-12,2.599e-34,,5.901e-17,1.429e-39,2.271e-22,4.386e-24,6.431e-37,8.406e-19,2.668e-22,4.356e-32,5.219e-1,4.211e-2,3.378e-26,,1.779e-28,,7.822e-22,1.665e-19,9.277e-15,1.111e-21,3.384e-20,7.154e-20,1.191e+0,6.377e-21,,1.105e+0,9.970e+2,2.294e+3,2.313e-28,2.306e-21,5.171e-3,,,,,,,,,,,,6.174e-22,,,,,,,,,1.088e-14,,2.453e-20,5.319e-19,,2.410e-18
249.96,3.360e+3,1.056e-20,1.990e-11,2.592e-34,,3.293e-17,1.140e-39,2.271e-22,4.413e-24,2.810e-37,8.426e-19,2.592e-22,4.360e-32,1.031e+0,5.136e-2,9.331e-27,,1.781e-28,,7.830e-22,1.667e-19,7.897e-15,1.098e-21,1.720e-19,3.236e-19,1.160e+0,6.379e-21,,1.060e+0,1.129e+3,2.228e+3,2.312e-28,2.307e-21,6.533e-3,,,,,,,,,,,,6.185e-22,,,,,,,,,4.007e-14,,2.449e-20,5.325e-19,,2.413e-18
249.98,3.389e+3,1.056e-20,3.522e-11,2.588e-34,,2.205e-17,9.662e-40,2.272e-22,4.432e-24,1.593e-37,8.439e-19,2.541e-22,4.362e-32,1.598e+0,5.800e-2,3.897e-27,,1.782e-28,,7.836e-22,1.668e-19,6.986e-15,1.090e-21,5.006e-19,8.720e-19,1.161e+0,6.380e-21,,1.016e+0,1.214e+3,2.171e+3,2.311e-28,2.308e-21,7.519e-3,,,,,,,,,,,,6.193e-22,,,,,,,,,9.409e-14,,2.446e-20,5.329e-19,,2.414e-18
250.01,3.410e+3,1.055e-20,8.110e-11,2.582e-34,,1.198e-17,7.365e-40,2.272e-22,4.459e-24,6.645e-38,8.459e-19,2.464e-22,4.366e-32,3.014e+0,6.856e-2,1.028e-27,,1.783e-28,,7.845e-22,1.670e-19,5.680e-15,1.077e-21,2.431e-18,3.770e-18,1.195e+0,6.383e-21,,9.311e-1,1.331e+3,2.074e+3,2.310e-28,2.309e-21,9.073e-3,,,,,,,,,,,,6.204e-22,,,,,,,,,3.310e-13,,2.442e-20,5.334e-19,,2.417e-18
250.03,3.410e+3,1.054e-20,1.393e-10,2.578e-34,,8.033e-18,6.052e-40,2.273e-22,4.478e-24,3.653e-38,8.472e-19,2.413e-22,4.369e-32,4.531e+0,7.593e-2,4.161e-28,,1.784e-28,,7.851e-22,1.671e-19,4.872e-15,1.069e-21,6.866e-18,9.855e-18,1.239e+0,6.384e-21,,8.651e-1,1.397e+3,2.006e+3,2.310e-28,2.310e-21,1.013e-2,,,,,,,,,,,,6.212e-22,,,,,,,,,7.541e-13,,2.439e-20,5.338e-19,,2.418e-18
250.06,3.391e+3,1.053e-20,3.065e-10,2.571e-34,,4.717e-18,4.405e-40,2.273e-22,4.505e-24,1.455e-38,8.492e-19,2.337e-22,4.372e-32,8.166e+0,8.731e-2,1.047e-28,,1.786e-28,,7.860e-22,1.673e-19,3.783e-15,1.057e-21,3.186e-17,4.072e-17,1.334e+0,6.386e-21,,7.573e-1,1.474e+3,1.907e+3,2.309e-28,2.311e-21,1.167e-2,,,,,,,,,,,,6.223e-22,,,,,,,,,2.535e-12,,2.435e-20,5.344e-19,,2.421e-18
250.08,3.366e+3,1.053e-20,5.107e-10,2.567e-34,,3.668e-18,3.510e-40,2.274e-22,4.523e-24,7.756e-39,8.505e-19,2.286e-22,4.375e-32,1.191e+1,9.505e-2,4.112e-29,,1.787e-28,,7.866e-22,1.674e-19,3.148e-15,1.048e-21,8.733e-17,1.033e-16,1.415e+0,6.388e-21,,6.826e-1,1.506e+3,1.846e+3,2.308e-28,2.312e-21,1.264e-2,,,,,,,,,,,,6.231e-22,,,,,,,,,5.603e-12,,2.432e-20,5.348e-19,,2.422e-18
250.11,3.313e+3,1.052e-20,1.074e-9,2.561e-34,,3.249e-18,2.440e-40,2.274e-22,4.551e-24,2.949e-39,8.525e-19,2.210e-22,4.378e-32,2.051e+1,1.068e-1,9.881e-30,,1.788e-28,,7.875e-22,1.676e-19,2.334e-15,5.363e-21,3.873e-16,4.078e-16,1.560e+0,6.390e-21,,5.710e-1,1.523e+3,1.767e+3,2.307e-28,2.313e-21,1.392e-2,,,,,,,,,,,,6.243e-22,,,,,,,,,1.800e-11,,2.428e-20,5.353e-19,,2.425e-18
250.13,3.269e+3,1.051e-20,1.735e-9,2.557e-34,,3.559e-18,1.886e-40,2.275e-22,4.569e-24,1.524e-39,8.539e-19,2.159e-22,4.381e-32,2.901e+1,1.146e-1,3.761e-30,,1.789e-28,,7.881e-22,1.677e-19,1.883e-15,1.569e-20,1.030e-15,1.004e-15,1.670e+0,6.392e-21,,4.994e-1,1.513e+3,1.725e+3,2.307e-28,2.314e-21,1.461e-2,,,,,,,,,,,,6.250e-22,,,,,,,,,3.860e-11,,2.425e-20,5.357e-19,,2.426e-18
250.16,3.194e+3,1.051e-20,3.486e-9,2.550e-34,,4.776e-18,1.252e-40,2.275e-22,4.597e-24,5.535e-40,8.558e-19,2.082e-22,4.384e-32,4.773e+1,1.261e-1,8.627e-31,,1.791e-28,,7.890e-22,1.679e-19,1.334e-15,7.671e-20,4.366e-15,3.787e-15,1.849e+0,6.394e-21,,3.998e-1,1.465e+3,1.679e+3,2.306e-28,2.315e-21,1.537e-2,,,,,,,,,,,,6.262e-22,,,,,,,,,1.185e-10,,2.421e-20,5.362e-19,,2.429e-18
250.18,3.140e+3,1.050e-20,5.466e-9,2.546e-34,,6.082e-18,9.386e-41,2.276e-22,4.615e-24,2.774e-40,8.572e-19,2.032e-22,4.387e-32,6.550e+1,1.337e-1,3.183e-31,,1.792e-28,,7.896e-22,1.680e-19,1.044e-15,2.177e-19,1.127e-14,9.042e-15,1.976e+0,6.395e-21,,3.399e-1,1.414e+3,1.659e+3,2.305e-28,2.316e-21,1.565e-2,,,,,,,,,,,,6.269e-22,,,,,,,,,2.465e-10,,2.418e-20,5.366e-19,,2.431e-18
250.21,3.058e+3,1.049e-20,1.049e-8,2.540e-34,,8.851e-18,5.954e-41,2.276e-22,4.643e-24,9.616e-41,8.592e-19,1.955e-22,4.390e-32,1.029e+2,1.447e-1,6.971e-32,,1.793e-28,,7.905e-22,1.682e-19,7.059e-16,1.017e-18,4.564e-14,3.261e-14,2.168e+0,6.397e-21,,2.616e-1,1.312e+3,1.640e+3,2.304e-28,2.317e-21,1.573e-2,,,,,,,,,,,,6.281e-22,,,,,,,,,7.232e-10,,2.414e-20,5.372e-19,,2.433e-18
250.23,3.004e+3,1.049e-20,1.596e-8,2.535e-34,,1.130e-17,4.331e-41,2.276e-22,4.661e-24,4.673e-41,8.605e-19,1.904e-22,4.393e-32,1.370e+2,1.518e-1,2.494e-32,,1.794e-28,,7.911e-22,1.683e-19,5.357e-16,2.806e-18,1.143e-13,7.554e-14,2.293e+0,6.399e-21,,2.176e-1,1.230e+3,1.634e+3,2.303e-28,2.318e-21,1.554e-2,,,,,,,,,,,,6.288e-22,,,,,,,,,1.460e-9,,2.411e-20,5.376e-19,,2.435e-18
250.25,2.955e+3,1.048e-20,2.399e-8,2.531e-34,,1.430e-17,3.115e-41,2.277e-22,4.679e-24,2.243e-41,8.618e-19,1.853e-22,4.395e-32,1.802e+2,1.584e-1,8.812e-33,,1.795e-28,,7.916e-22,1.685e-19,4.016e-16,7.636e-18,2.826e-13,1.729e-13,2.413e+0,6.400e-21,,1.801e-1,1.141e+3,1.631e+3,2.303e-28,2.318e-21,1.516e-2,,,,,,,,,,,,6.296e-22,,,,,,,,,2.911e-9,,2.409e-20,5.379e-19,,2.436e-18
250.28,2.894e+3,1.047e-20,4.320e-8,2.525e-34,,1.993e-17,1.867e-41,2.277e-22,4.707e-24,7.288e-42,8.638e-19,1.777e-22,4.399e-32,2.657e+2,1.676e-1,1.808e-33,,1.797e-28,,7.925e-22,1.686e-19,2.547e-16,3.351e-17,1.075e-12,5.852e-13,2.575e+0,6.403e-21,,1.361e-1,9.990e+2,1.626e+3,2.302e-28,2.320e-21,1.428e-2,,,,,,,,,,,,6.307e-22,,,,,,,,,8.013e-9,,2.404e-20,5.385e-19,,2.439e-18
250.3,2.865e+3,1.047e-20,6.299e-8,2.521e-34,,2.451e-17,1.318e-41,2.278e-22,4.725e-24,3.392e-42,8.651e-19,1.726e-22,4.401e-32,3.389e+2,1.730e-1,6.194e-34,,1.798e-28,,7.931e-22,1.688e-19,1.851e-16,8.847e-17,2.579e-12,1.299e-12,2.666e+0,6.404e-21,,1.145e-1,9.029e+2,1.620e+3,2.301e-28,2.320e-21,1.352e-2,,,,,,,,,,,,6.315e-22,,,,,,,,,1.550e-8,,2.402e-20,5.389e-19,,2.440e-18
250.33,2.847e+3,1.046e-20,1.084e-7,2.514e-34,,3.267e-17,7.924e-42,2.278e-22,4.753e-24,1.052e-42,8.671e-19,1.650e-22,4.405e-32,4.773e+2,1.796e-1,1.213e-34,,1.800e-28,,7.940e-22,1.690e-19,1.121e-16,3.711e-16,9.372e-12,4.204e-12,2.771e+0,6.406e-21,,9.278e-2,7.628e+2,1.604e+3,2.300e-28,2.321e-21,1.217e-2,,,,,,,,,,,,6.326e-22,,,,,,,,,4.078e-8,,2.397e-20,5.394e-19,,2.443e-18
250.35,2.855e+3,1.045e-20,1.534e-7,2.510e-34,,3.899e-17,5.880e-42,2.279e-22,4.771e-24,4.749e-43,8.684e-19,1.599e-22,4.408e-32,5.907e+2,1.828e-1,4.030e-35,,1.801e-28,,7.946e-22,1.691e-19,7.906e-17,9.508e-16,2.182e-11,9.056e-12,2.816e+0,6.408e-21,,8.501e-2,6.751e+2,1.586e+3,2.300e-28,2.322e-21,1.117e-2,,,,,,,,,,,,6.334e-22,,,,,,,,,7.655e-8,,2.395e-20,5.398e-19,,2.444e-18
250.38,2.901e+3,1.045e-20,2.524e-7,2.504e-34,,4.966e-17,4.418e-42,2.279e-22,4.799e-24,1.407e-43,8.704e-19,1.522e-22,4.411e-32,7.948e+2,1.856e-1,4.899e-35,,1.802e-28,,7.955e-22,1.693e-19,4.573e-17,3.812e-15,7.579e-11,2.800e-11,2.844e+0,6.410e-21,,8.256e-2,5.562e+2,1.547e+3,2.299e-28,2.323e-21,9.601e-3,,,,,,,,,,,,6.346e-22,,,,,,,,,1.924e-7,,2.390e-20,5.404e-19,,2.447e-18
250.4,2.956e+3,1.044e-20,3.465e-7,2.500e-34,,5.748e-17,4.325e-42,2.280e-22,4.817e-24,6.155e-44,8.717e-19,1.471e-22,4.414e-32,9.540e+2,1.860e-1,5.478e-35,,1.803e-28,,7.961e-22,1.694e-19,3.127e-17,9.477e-15,1.712e-10,5.852e-11,2.835e+0,6.412e-21,,8.663e-2,4.870e+2,1.512e+3,2.298e-28,2.324e-21,8.548e-3,,,,,,,,,,,,6.353e-22,,,,,,,,,3.504e-7,,2.388e-20,5.407e-19,,2.449e-18
250.43,3.077e+3,1.043e-20,5.450e-7,2.493e-34,,6.996e-17,5.416e-42,2.280e-22,4.845e-24,1.741e-44,8.737e-19,1.395e-22,4.417e-32,1.226e+3,1.839e-1,6.347e-35,,1.805e-28,,7.970e-22,1.696e-19,1.728e-17,3.632e-14,5.684e-10,1.729e-10,2.779e+0,6.414e-21,,1.006e-1,4.000e+2,1.448e+3,2.297e-28,2.325e-21,7.019e-3,,,,,,,,,,,,6.365e-22,,,,,,,,,8.418e-7,,2.383e-20,5.413e-19,,2.451e-18
250.45,3.182e+3,1.043e-20,7.263e-7,2.489e-34,,7.854e-17,7.028e-42,2.281e-22,4.863e-24,7.386e-45,8.751e-19,1.344e-22,4.420e-32,1.428e+3,1.808e-1,6.927e-35,,1.806e-28,,7.976e-22,1.697e-19,1.145e-17,8.762e-14,1.246e-9,3.507e-10,2.717e+0,6.415e-21,,1.148e-1,3.535e+2,1.397e+3,2.296e-28,2.326e-21,6.061e-3,,,,,,,,,,,,6.372e-22,,,,,,,,,1.487e-6,,2.381e-20,5.417e-19,,2.453e-18
250.48,3.370e+3,1.042e-20,1.093e-6,2.483e-34,,9.132e-17,1.108e-41,2.281e-22,4.891e-24,1.994e-45,8.770e-19,1.268e-22,4.423e-32,1.754e+3,1.735e-1,7.796e-35,,1.807e-28,,7.985e-22,1.699e-19,6.044e-18,3.210e-13,3.953e-9,9.901e-10,2.592e+0,6.418e-21,,1.426e-1,3.008e+2,1.313e+3,2.296e-28,2.327e-21,4.754e-3,,,,,,,,,,,,6.384e-22,,,,,,,,,3.414e-6,,2.376e-20,5.422e-19,,2.455e-18
250.5,3.513e+3,1.041e-20,1.413e-6,2.479e-34,,9.945e-17,1.516e-41,2.281e-22,4.909e-24,8.205e-46,8.784e-19,1.217e-22,4.426e-32,1.981e+3,1.669e-1,8.375e-35,,1.808e-28,,7.991e-22,1.700e-19,3.887e-18,7.515e-13,8.408e-9,1.948e-9,2.491e+0,6.419e-21,,1.651e-1,2.766e+2,1.252e+3,2.295e-28,2.328e-21,3.982e-3,,,,,,,,,,,,6.391e-22,,,,,,,,,5.852e-6,,2.374e-20,5.426e-19,,2.457e-18
250.53,3.740e+3,1.040e-20,2.034e-6,2.472e-34,,1.105e-16,2.403e-41,2.282e-22,4.936e-24,2.116e-46,8.804e-19,1.141e-22,4.429e-32,2.324e+3,1.549e-1,9.244e-35,,1.810e-28,,7.999e-22,1.702e-19,1.959e-18,2.632e-12,2.549e-8,5.257e-9,2.323e+0,6.421e-21,,2.037e-1,2.558e+2,1.157e+3,2.294e-28,2.329e-21,2.983e-3,,,,,,,,,,,,6.403e-22,,,,,,,,,1.284e-5,,2.369e-20,5.432e-19,,2.459e-18
250.55,3.893e+3,1.040e-20,2.556e-6,2.468e-34,,1.167e-16,3.230e-41,2.282e-22,4.955e-24,8.439e-47,8.817e-19,1.090e-22,4.432e-32,2.546e+3,1.455e-1,9.824e-35,,1.811e-28,,8.005e-22,1.703e-19,1.221e-18,5.978e-12,5.261e-8,1.004e-8,2.206e+0,6.423e-21,,2.319e-1,2.515e+2,1.093e+3,2.293e-28,2.330e-21,2.423e-3,,,,,,,,,,,,6.410e-22,,,,,,,,,2.135e-5,,2.367e-20,5.435e-19,,2.461e-18
250.58,4.113e+3,1.039e-20,3.523e-6,2.462e-34,,1.238e-16,4.927e-41,2.283e-22,4.982e-24,2.077e-47,8.837e-19,1.013e-22,4.436e-32,2.854e+3,1.302e-1,1.069e-34,,1.812e-28,,8.014e-22,1.705e-19,5.878e-19,2.001e-11,1.525e-7,2.588e-8,2.031e+0,6.425e-21,,2.763e-1,2.586e+2,9.974e+2,2.292e-28,2.331e-21,1.734e-3,,,,,,,,,,,,6.422e-22,,,,,,,,,4.475e-5,,2.362e-20,5.441e-19,,2.463e-18
250.6,4.243e+3,1.039e-20,4.302e-6,2.457e-34,,1.269e-16,6.434e-41,2.283e-22,5.001e-24,8.035e-48,8.850e-19,9.624e-23,4.438e-32,3.033e+3,1.193e-1,1.127e-34,,1.813e-28,,8.020e-22,1.706e-19,3.555e-19,4.412e-11,3.053e-7,4.794e-8,1.921e+0,6.426e-21,,3.063e-1,2.720e+2,9.356e+2,2.292e-28,2.332e-21,1.366e-3,,,,,,,,,,,,6.429e-22,,,,,,,,,7.220e-5,,2.360e-20,5.445e-19,,2.465e-18
250.63,4.404e+3,1.038e-20,5.684e-6,2.451e-34,,1.286e-16,9.388e-41,2.284e-22,5.028e-24,1.889e-48,8.870e-19,8.860e-23,4.442e-32,3.248e+3,1.027e-1,1.214e-34,,1.815e-28,,8.029e-22,1.708e-19,1.634e-19,1.412e-10,8.455e-7,1.182e-7,1.770e+0,6.429e-21,,3.497e-1,3.050e+2,8.482e+2,2.291e-28,2.333e-21,9.340e-4,,,,,,,,,,,,6.441e-22,,,,,,,,,1.446e-4,,2.355e-20,5.450e-19,,2.467e-18
250.65,4.481e+3,1.037e-20,6.752e-6,2.447e-34,,1.279e-16,1.190e-40,2.284e-22,5.047e-24,7.083e-49,8.883e-19,8.351e-23,1.309e-31,3.349e+3,9.174e-2,1.272e-34,,1.816e-28,,8.035e-22,1.709e-19,9.585e-20,3.021e-10,1.643e-6,2.124e-7,1.682e+0,6.430e-21,,3.764e-1,3.356e+2,7.944e+2,2.290e-28,2.334e-21,7.138e-4,,,,,,,,,,,,6.448e-22,,,,,,,,,2.264e-4,,2.353e-20,5.454e-19,,2.469e-18
250.67,4.532e+3,1.037e-20,7.936e-6,2.443e-34,,1.255e-16,1.489e-40,2.285e-22,5.065e-24,2.624e-49,8.896e-19,7.842e-23,3.811e-31,3.411e+3,8.106e-2,1.330e-34,,1.817e-28,,8.041e-22,1.710e-19,5.553e-20,6.387e-10,3.153e-6,3.771e-7,1.605e+0,6.432e-21,,4.003e-1,3.735e+2,7.453e+2,2.290e-28,2.334e-21,5.388e-4,,,,,,,,,,,,6.456e-22,,,,,,,,,3.501e-4,,2.350e-20,5.458e-19,,2.471e-18
250.7,4.555e+3,1.036e-20,9.917e-6,2.436e-34,,1.194e-16,2.039e-40,2.285e-22,5.093e-24,5.781e-50,8.916e-19,7.078e-23,1.866e-30,3.427e+3,6.596e-2,1.417e-34,,1.819e-28,,8.050e-22,1.712e-19,2.393e-20,1.919e-9,8.196e-6,8.721e-7,1.513e+0,6.434e-21,,4.293e-1,4.447e+2,6.817e+2,2.289e-28,2.336e-21,3.454e-4,,,,,,,,,,,,6.468e-22,,,,,,,,,6.581e-4,,2.346e-20,5.463e-19,,2.473e-18
250.72,4.538e+3,1.035e-20,1.136e-5,2.432e-34,,1.137e-16,2.476e-40,2.286e-22,5.111e-24,2.076e-50,8.930e-19,6.569e-23,5.273e-30,3.386e+3,5.671e-2,1.475e-34,,1.820e-28,,8.056e-22,1.713e-19,1.345e-20,3.938e-9,1.526e-5,1.502e-6,1.464e+0,6.435e-21,,4.430e-1,5.023e+2,6.473e+2,2.288e-28,2.336e-21,2.529e-4,,,,,,,,,,,,6.475e-22,,,,,,,,,9.873e-4,,2.343e-20,5.467e-19,,2.475e-18
250.75,4.467e+3,1.034e-20,1.369e-5,2.426e-34,,1.033e-16,3.240e-40,2.286e-22,5.138e-24,4.367e-51,8.949e-19,5.805e-23,2.450e-29,3.251e+3,4.428e-2,1.562e-34,,1.821e-28,,8.065e-22,1.715e-19,5.535e-21,1.132e-8,3.792e-5,3.321e-6,1.407e+0,6.438e-21,,4.540e-1,6.048e+2,6.096e+2,2.287e-28,2.337e-21,1.549e-4,,,,,,,,,,,,6.487e-22,,,,,,,,,1.774e-3,,2.339e-20,5.473e-19,,2.477e-18
250.77,4.398e+3,1.034e-20,1.532e-5,2.422e-34,,9.546e-17,3.817e-40,2.286e-22,5.157e-24,1.521e-51,8.963e-19,5.296e-23,6.721e-29,3.117e+3,3.703e-2,1.620e-34,,1.822e-28,,8.071e-22,1.716e-19,3.016e-21,2.254e-8,6.852e-5,5.551e-6,1.377e+0,6.439e-21,,4.545e-1,6.841e+2,5.951e+2,2.286e-28,2.338e-21,1.100e-4,,,,,,,,,,,,6.494e-22,,,,,,,,,2.582e-3,,2.336e-20,5.477e-19,,2.479e-18
250.8,4.274e+3,1.033e-20,1.786e-5,2.415e-34,,8.288e-17,4.771e-40,2.287e-22,5.184e-24,3.055e-52,8.983e-19,4.532e-23,2.985e-28,2.862e+3,2.773e-2,1.707e-34,,1.824e-28,,8.080e-22,1.718e-19,1.186e-21,6.193e-8,1.627e-4,1.173e-5,1.338e+0,6.441e-21,,4.452e-1,8.195e+2,5.912e+2,2.285e-28,2.339e-21,6.433e-5,,,,,,,,,,,,6.506e-22,,,,,,,,,4.432e-3,,2.332e-20,5.482e-19,,2.481e-18
250.82,4.188e+3,1.032e-20,1.959e-5,2.411e-34,,7.429e-17,5.452e-40,2.287e-22,5.203e-24,1.032e-52,8.996e-19,4.023e-23,7.947e-28,2.664e+3,2.255e-2,1.765e-34,,1.825e-28,,8.085e-22,1.719e-19,6.265e-22,1.197e-7,2.852e-4,1.902e-5,1.313e+0,6.443e-21,,4.325e-1,9.200e+2,6.016e+2,2.285e-28,2.340e-21,4.431e-5,,,,,,,,,,,,6.513e-22,,,,,,,,,6.258e-3,,2.329e-20,5.486e-19,,2.483e-18
250.85,4.067e+3,1.032e-20,2.221e-5,2.405e-34,,6.167e-17,6.512e-40,2.288e-22,5.230e-24,4.684e-51,9.016e-19,2.057e-22,3.375e-27,2.343e+3,1.618e-2,1.851e-34,,1.826e-28,,8.094e-22,1.721e-19,2.352e-22,3.145e-7,6.473e-4,3.840e-5,1.272e+0,6.445e-21,,4.051e-1,1.084e+3,6.384e+2,2.284e-28,2.341e-21,2.476e-5,,,,,,,,,,,,6.525e-22,,,,,,,,,1.027e-2,,2.325e-20,5.491e-19,,2.485e-18
250.87,4.002e+3,1.031e-20,2.395e-5,2.400e-34,,5.368e-17,7.220e-40,2.288e-22,5.249e-24,7.739e-51,9.029e-19,6.015e-22,8.719e-27,2.123e+3,1.279e-2,1.909e-34,,1.827e-28,,8.100e-22,1.722e-19,1.206e-22,5.902e-7,1.101e-3,6.042e-5,1.240e+0,6.447e-21,,3.822e-1,1.200e+3,6.776e+2,2.283e-28,2.342e-21,1.654e-5,,,,,,,,,,,,6.532e-22,,,,,,,,,1.406e-2,,2.322e-20,5.495e-19,,2.487e-18
250.9,3.937e+3,1.030e-20,2.653e-5,2.394e-34,,4.270e-17,8.239e-40,2.289e-22,5.276e-24,1.232e-50,9.049e-19,2.940e-21,3.540e-26,1.800e+3,8.793e-3,1.996e-34,,1.829e-28,,8.109e-22,1.724e-19,4.322e-23,1.484e-6,2.388e-3,1.166e-4,1.183e+0,6.449e-21,,3.428e-1,1.378e+3,7.583e+2,2.282e-28,2.343e-21,8.826e-6,,,,,,,,,,,,6.544e-22,,,,,,,,,2.205e-2,,2.318e-20,5.501e-19,,2.490e-18
250.92,3.921e+3,1.030e-20,2.822e-5,2.390e-34,,3.619e-17,8.862e-40,2.289e-22,5.294e-24,1.537e-50,9.062e-19,8.343e-21,8.876e-26,1.598e+3,6.753e-3,2.054e-34,,1.830e-28,,8.115e-22,1.725e-19,2.148e-23,2.702e-6,3.942e-3,1.780e-4,1.138e+0,6.450e-21,,3.145e-1,1.495e+3,8.262e+2,2.282e-28,2.344e-21,5.719e-6,,,,,,,,,,,,6.551e-22,,,,,,,,,2.931e-2,,2.315e-20,5.505e-19,,2.491e-18
250.95,3.940e+3,1.029e-20,3.069e-5,2.384e-34,,2.784e-17,9.663e-40,2.290e-22,5.322e-24,1.996e-50,9.082e-19,3.899e-20,3.446e-25,1.328e+3,4.448e-3,2.141e-34,,1.831e-28,,8.124e-22,1.727e-19,7.357e-24,6.498e-6,8.172e-3,3.281e-4,1.063e+0,6.453e-21,,2.714e-1,1.663e+3,9.471e+2,2.281e-28,2.345e-21,2.915e-6,,,,,,,,,,,,6.563e-22,,,,,,,,,4.390e-2,,2.311e-20,5.510e-19,,2.494e-18
250.97,3.982e+3,1.028e-20,3.228e-5,2.379e-34,,2.325e-17,1.008e-39,2.290e-22,5.340e-24,2.301e-50,9.095e-19,1.074e-19,8.384e-25,1.178e+3,3.320e-3,2.199e-34,,1.832e-28,,8.130e-22,1.728e-19,3.546e-24,1.149e-5,1.309e-2,4.860e-4,1.008e+0,6.454e-21,,2.433e-1,1.765e+3,1.038e+3,2.280e-28,2.346e-21,1.832e-6,,,,,,,,,,,,6.571e-22,,,,,,,,,5.661e-2,,2.308e-20,5.514e-19,,2.495e-18
251,4.087e+3,1.027e-20,3.455e-5,2.373e-34,,1.787e-17,1.050e-39,2.291e-22,5.368e-24,2.759e-50,9.115e-19,4.797e-19,3.112e-24,1.007e+3,2.094e-3,2.286e-34,,1.834e-28,,8.139e-22,1.730e-19,1.160e-24,2.645e-5,2.593e-2,8.565e-4,9.221e-1,6.456e-21,,2.042e-1,1.892e+3,1.186e+3,2.279e-28,2.347e-21,8.921e-7,,,,,,,,,,,,6.582e-22,,,,,,,,,8.104e-2,,2.304e-20,5.520e-19,,2.498e-18
251.02,4.180e+3,1.027e-20,3.597e-5,2.369e-34,,1.529e-17,1.063e-39,2.291e-22,5.386e-24,3.064e-50,9.128e-19,1.282e-18,7.348e-24,9.329e+2,1.518e-3,2.344e-34,,1.835e-28,,8.145e-22,1.731e-19,5.421e-25,4.542e-5,4.028e-2,1.231e-3,8.648e-1,6.458e-21,,1.812e-1,1.957e+3,1.289e+3,2.279e-28,2.348e-21,5.438e-7,,,,,,,,,,,,6.590e-22,,,,,,,,,1.014e-1,,2.301e-20,5.523e-19,,2.499e-18
251.04,4.290e+3,1.026e-20,3.728e-5,2.365e-34,,1.351e-17,1.063e-39,2.291e-22,5.405e-24,3.370e-50,9.142e-19,3.385e-18,1.715e-23,8.949e+2,1.088e-3,6.965e-34,,1.836e-28,,8.151e-22,1.732e-19,2.503e-25,7.711e-5,6.184e-2,1.748e-3,8.093e-1,6.459e-21,,1.611e-1,2.003e+3,1.391e+3,2.278e-28,2.348e-21,3.274e-7,,,,,,,,,,,,6.597e-22,,,,,,,,,1.253e-1,,2.298e-20,5.527e-19,,2.501e-18
251.07,4.482e+3,1.026e-20,3.899e-5,2.358e-34,,1.233e-17,1.039e-39,2.292e-22,5.432e-24,3.828e-50,9.161e-19,1.420e-17,5.976e-23,9.107e+2,6.457e-4,3.489e-33,,1.838e-28,,8.160e-22,1.734e-19,7.676e-26,1.669e-4,1.150e-1,2.890e-3,7.327e-1,6.461e-21,,1.375e-1,2.031e+3,1.539e+3,2.277e-28,2.350e-21,1.495e-7,,,,,,,,,,,,6.609e-22,,,,,,,,,1.683e-1,,2.294e-20,5.533e-19,,2.503e-18
251.09,4.625e+3,1.025e-20,3.993e-5,2.354e-34,,1.255e-17,1.008e-39,2.292e-22,5.450e-24,4.133e-50,9.175e-19,3.640e-17,1.353e-22,9.733e+2,4.495e-4,1.006e-32,,1.839e-28,,8.166e-22,1.736e-19,3.437e-26,2.752e-4,1.713e-1,3.982e-3,6.879e-1,6.463e-21,,1.266e-1,2.021e+3,1.629e+3,2.276e-28,2.350e-21,8.732e-8,,,,,,,,,,,,6.616e-22,,,,,,,,,2.019e-1,,2.291e-20,5.536e-19,,2.505e-18
251.12,4.862e+3,1.024e-20,4.092e-5,2.348e-34,,1.443e-17,9.417e-40,2.293e-22,5.478e-24,2.106e-49,9.195e-19,1.460e-16,4.510e-22,1.151e+3,2.554e-4,4.820e-32,,1.840e-28,,8.174e-22,1.737e-19,1.007e-26,5.703e-4,3.044e-1,6.293e-3,6.323e-1,6.465e-21,,1.181e-1,1.965e+3,1.744e+3,2.275e-28,2.351e-21,3.809e-8,,,,,,,,,,,,6.628e-22,,,,,,,,,2.592e-1,,2.287e-20,5.542e-19,,2.508e-18
251.14,5.037e+3,1.024e-20,4.126e-5,2.344e-34,,1.677e-17,8.862e-40,2.293e-22,5.496e-24,6.144e-49,9.208e-19,3.631e-16,9.913e-22,1.330e+3,1.727e-4,1.349e-31,,1.841e-28,,8.180e-22,1.739e-19,4.372e-27,9.137e-4,4.399e-1,8.411e-3,6.037e-1,6.467e-21,,1.179e-1,1.902e+3,1.805e+3,2.275e-28,2.352e-21,2.157e-8,,,,,,,,,,,,6.635e-22,,,,,,,,,3.015e-1,,2.284e-20,5.546e-19,,2.509e-18
251.17,5.332e+3,1.023e-20,4.123e-5,2.337e-34,,2.201e-17,7.909e-40,2.294e-22,5.524e-24,2.993e-48,9.228e-19,1.392e-15,3.159e-21,1.692e+3,9.390e-5,6.178e-31,,1.843e-28,,8.189e-22,1.740e-19,1.223e-27,1.814e-3,7.472e-1,1.271e-2,5.734e-1,6.469e-21,,1.261e-1,1.772e+3,1.866e+3,2.274e-28,2.353e-21,8.989e-9,,,,,,,,,,,,6.647e-22,,,,,,,,,3.699e-1,,2.280e-20,5.551e-19,,2.512e-18
251.19,5.555e+3,1.022e-20,4.081e-5,2.333e-34,,2.671e-17,7.220e-40,2.294e-22,5.542e-24,8.474e-48,9.241e-19,3.361e-15,6.738e-21,2.001e+3,6.166e-5,1.678e-30,,1.844e-28,,8.195e-22,1.742e-19,5.150e-28,2.824e-3,1.048e+0,1.648e-2,5.609e-1,6.470e-21,,1.373e-1,1.666e+3,1.886e+3,2.273e-28,2.354e-21,4.938e-9,,,,,,,,,,,,6.654e-22,,,,,,,,,4.175e-1,,2.277e-20,5.555e-19,,2.513e-18
251.22,5.943e+3,1.021e-20,3.957e-5,2.327e-34,,3.568e-17,6.156e-40,2.295e-22,5.570e-24,3.947e-47,9.261e-19,1.232e-14,2.053e-20,2.567e+3,3.209e-5,7.349e-30,,1.845e-28,,8.204e-22,1.743e-19,1.376e-28,5.373e-3,1.701e+0,2.379e-2,5.516e-1,6.473e-21,,1.632e-1,1.488e+3,1.884e+3,2.272e-28,2.355e-21,1.965e-9,,,,,,,,,,,,6.666e-22,,,,,,,,,4.894e-1,,2.273e-20,5.561e-19,,2.516e-18
251.24,6.243e+3,1.021e-20,3.832e-5,2.322e-34,,4.297e-17,5.452e-40,2.295e-22,5.588e-24,1.085e-46,9.274e-19,2.886e-14,4.250e-20,3.015e+3,2.046e-5,1.937e-29,,1.846e-28,,8.210e-22,1.745e-19,5.619e-29,8.133e-3,2.314e+0,2.993e-2,5.501e-1,6.474e-21,,1.868e-1,1.362e+3,1.862e+3,2.272e-28,2.356e-21,1.047e-9,,,,,,,,,,,,6.673e-22,,,,,,,,,5.359e-1,,2.270e-20,5.564e-19,,2.517e-18
251.27,6.768e+3,1.020e-20,3.589e-5,2.316e-34,,5.582e-17,4.442e-40,2.296e-22,5.616e-24,4.831e-46,9.294e-19,1.012e-13,1.238e-19,3.791e+3,1.019e-5,8.111e-29,,1.848e-28,,8.219e-22,1.746e-19,1.434e-29,1.484e-2,3.590e+0,4.129e-2,5.517e-1,6.476e-21,,2.318e-1,1.172e+3,1.800e+3,2.271e-28,2.357e-21,3.981e-10,,,,,,,,,,,,6.685e-22,,,,,,,,,6.003e-1,,2.266e-20,5.570e-19,,2.520e-18
251.29,7.173e+3,1.020e-20,3.393e-5,2.312e-34,,6.559e-17,3.817e-40,2.296e-22,5.634e-24,1.288e-45,9.307e-19,2.299e-13,2.488e-19,4.375e+3,6.308e-6,2.075e-28,,1.849e-28,,8.225e-22,1.748e-19,5.679e-30,2.184e-2,4.739e+0,5.040e-2,5.532e-1,6.478e-21,,2.686e-1,1.048e+3,1.743e+3,2.270e-28,2.358e-21,2.058e-10,,,,,,,,,,,,6.693e-22,,,,,,,,,6.378e-1,,2.263e-20,5.574e-19,,2.521e-18
251.32,7.865e+3,1.019e-20,3.059e-5,2.306e-34,,8.179e-17,2.971e-40,2.297e-22,5.662e-24,5.486e-45,9.327e-19,7.705e-13,6.930e-19,5.339e+3,3.006e-6,8.306e-28,,1.850e-28,,8.234e-22,1.749e-19,1.384e-30,3.822e-2,7.028e+0,6.645e-2,5.532e-1,6.480e-21,,3.341e-1,8.784e+2,1.639e+3,2.269e-28,2.359e-21,7.471e-11,,,,,,,,,,,,6.704e-22,,,,,,,,,6.828e-1,,2.259e-20,5.579e-19,,2.524e-18
251.34,8.382e+3,1.018e-20,2.817e-5,2.301e-34,,9.339e-17,2.476e-40,2.297e-22,5.680e-24,1.420e-44,9.340e-19,1.700e-12,1.352e-18,6.032e+3,1.807e-6,2.063e-27,,1.851e-28,,8.240e-22,1.751e-19,5.315e-31,5.475e-2,9.001e+0,7.870e-2,5.500e-1,6.482e-21,,3.848e-1,7.788e+2,1.560e+3,2.268e-28,2.360e-21,3.745e-11,,,,,,,,,,,,6.712e-22,,,,,,,,,7.038e-1,,2.256e-20,5.583e-19,,2.526e-18
251.37,9.229e+3,1.017e-20,2.439e-5,2.295e-34,,1.114e-16,1.842e-40,2.298e-22,5.707e-24,5.781e-44,9.360e-19,5.445e-12,3.601e-18,7.124e+3,8.235e-7,7.894e-27,,1.853e-28,,8.249e-22,1.752e-19,1.237e-31,9.198e-2,1.276e+1,9.917e-2,5.386e-1,6.484e-21,,4.713e-1,6.560e+2,1.435e+3,2.267e-28,2.361e-21,1.299e-11,,,,,,,,,,,,6.723e-22,,,,,,,,,7.199e-1,,2.252e-20,5.589e-19,,2.528e-18
251.39,9.832e+3,1.017e-20,2.185e-5,2.291e-34,,1.235e-16,1.489e-40,2.298e-22,5.726e-24,1.452e-43,9.373e-19,1.166e-11,6.816e-18,7.870e+3,4.806e-7,1.903e-26,,1.854e-28,,8.255e-22,1.754e-19,4.608e-32,1.282e-1,1.585e+1,1.140e-1,5.257e-1,6.485e-21,,5.356e-1,5.944e+2,1.350e+3,2.267e-28,2.362e-21,6.315e-12,,,,,,,,,,,,6.731e-22,,,,,,,,,7.199e-1,,2.249e-20,5.592e-19,,2.530e-18
251.41,1.045e+4,1.016e-20,1.936e-5,2.287e-34,,1.352e-16,1.190e-40,2.298e-22,5.744e-24,3.605e-43,9.387e-19,2.466e-11,1.275e-17,8.616e+3,2.771e-7,4.531e-26,,1.855e-28,,8.260e-22,1.755e-19,1.696e-32,1.769e-1,1.946e+1,1.294e-1,5.085e-1,6.487e-21,,6.046e-1,5.503e+2,1.265e+3,2.266e-28,2.362e-21,3.033e-12,,,,,,,,,,,,6.738e-22,,,,,,,,,7.113e-1,,2.246e-20,5.596e-19,,2.531e-18
251.44,1.139e+4,1.015e-20,1.580e-5,2.280e-34,,1.514e-16,8.302e-41,2.299e-22,5.772e-24,1.378e-42,9.407e-19,7.419e-11,3.190e-17,9.699e+3,1.187e-7,1.628e-25,,1.857e-28,,8.269e-22,1.757e-19,3.700e-33,2.810e-1,2.589e+1,1.530e-1,4.748e-1,6.489e-21,,7.157e-1,5.189e+2,1.145e+3,2.265e-28,2.364e-21,9.866e-13,,,,,,,,,,,,6.750e-22,,,,,,,,,6.828e-1,,2.242e-20,5.602e-19,,2.534e-18
251.46,1.200e+4,1.015e-20,1.360e-5,2.276e-34,,1.608e-16,6.433e-41,2.299e-22,5.790e-24,3.320e-42,9.420e-19,1.523e-10,5.793e-17,1.037e+4,6.645e-8,3.763e-25,,1.858e-28,,8.275e-22,1.758e-19,1.321e-33,3.775e-1,3.084e+1,1.685e-1,4.476e-1,6.490e-21,,7.933e-1,5.215e+2,1.070e+3,2.265e-28,2.364e-21,4.596e-13,,,,,,,,,,,,6.757e-22,,,,,,,,,6.544e-1,,2.239e-20,5.606e-19,,2.535e-18
251.49,1.285e+4,1.014e-20,1.062e-5,2.270e-34,,1.721e-16,4.290e-41,2.300e-22,5.818e-24,1.214e-41,9.440e-19,4.380e-10,1.386e-16,1.128e+4,2.722e-8,1.293e-24,,1.859e-28,,8.284e-22,1.760e-19,2.752e-34,5.765e-1,3.921e+1,1.905e-1,4.013e-1,6.493e-21,,9.120e-1,5.604e+2,9.699e+2,2.264e-28,2.366e-21,1.428e-13,,,,,,,,,,,,6.769e-22,,,,,,,,,6.003e-1,,2.235e-20,5.611e-19,,2.538e-18
251.51,1.335e+4,1.013e-20,8.881e-6,2.265e-34,,1.774e-16,3.225e-41,2.300e-22,5.836e-24,2.838e-41,9.453e-19,8.727e-10,2.443e-16,1.178e+4,1.479e-8,2.901e-24,,1.860e-28,,8.290e-22,1.761e-19,9.525e-35,7.547e-1,4.532e+1,2.036e-1,3.679e-1,6.494e-21,,9.906e-1,6.087e+2,9.114e+2,2.263e-28,2.366e-21,6.452e-14,,,,,,,,,,,,6.776e-22,,,,,,,,,5.583e-1,,2.232e-20,5.615e-19,,2.539e-18
251.54,1.397e+4,1.013e-20,6.639e-6,2.259e-34,,1.815e-16,2.054e-41,2.301e-22,5.863e-24,9.922e-41,9.473e-19,2.399e-9,5.591e-16,1.237e+4,5.793e-9,9.529e-24,,1.862e-28,,8.299e-22,1.763e-19,1.896e-35,1.109e+0,5.506e+1,2.199e-1,3.159e-1,6.496e-21,,1.103e+0,7.121e+2,8.372e+2,2.262e-28,2.367e-21,1.915e-14,,,,,,,,,,,,6.788e-22,,,,,,,,,4.894e-1,,2.228e-20,5.621e-19,,2.542e-18
251.56,1.428e+4,1.012e-20,5.388e-6,2.255e-34,,1.815e-16,1.498e-41,2.301e-22,5.882e-24,2.251e-40,9.486e-19,4.639e-9,9.566e-16,1.262e+4,3.056e-9,2.075e-23,,1.863e-28,,8.305e-22,1.764e-19,6.363e-36,1.415e+0,6.176e+1,2.280e-1,2.813e-1,6.498e-21,,1.172e+0,7.995e+2,7.968e+2,2.262e-28,2.368e-21,8.391e-15,,,,,,,,,,,,6.796e-22,,,,,,,,,4.415e-1,,2.225e-20,5.624e-19,,2.544e-18
251.59,1.456e+4,1.011e-20,3.852e-6,2.249e-34,,1.774e-16,9.121e-42,2.302e-22,5.909e-24,7.525e-40,9.506e-19,1.220e-8,2.094e-15,1.278e+4,1.144e-9,6.516e-23,,1.864e-28,,8.314e-22,1.766e-19,6.633e-36,2.001e+0,7.171e+1,2.354e-1,2.311e-1,6.500e-21,,1.263e+0,9.532e+2,7.496e+2,2.261e-28,2.369e-21,2.379e-15,,,,,,,,,,,,6.807e-22,,,,,,,,,3.699e-1,,2.221e-20,5.630e-19,,2.546e-18
251.61,1.462e+4,1.011e-20,3.034e-6,2.244e-34,,1.721e-16,6.452e-42,2.302e-22,5.928e-24,1.657e-39,9.519e-19,2.288e-8,3.477e-15,1.274e+4,5.859e-10,1.377e-22,,1.865e-28,,8.320e-22,1.767e-19,6.812e-36,2.489e+0,7.803e+1,2.368e-1,1.998e-1,6.502e-21,,1.312e+0,1.067e+3,7.268e+2,2.260e-28,2.370e-21,1.011e-15,,,,,,,,,,,,6.815e-22,,,,,,,,,3.237e-1,,2.218e-20,5.634e-19,,2.548e-18
251.64,1.452e+4,1.010e-20,2.074e-6,2.238e-34,,1.608e-16,3.753e-42,2.303e-22,5.955e-24,5.296e-39,9.539e-19,5.751e-8,7.279e-15,1.247e+4,2.098e-10,4.134e-22,,1.867e-28,,8.329e-22,1.769e-19,7.082e-36,3.390e+0,8.660e+1,2.336e-1,1.569e-1,6.504e-21,,1.366e+0,1.249e+3,7.043e+2,2.259e-28,2.371e-21,2.738e-16,,,,,,,,,,,,6.826e-22,,,,,,,,,2.592e-1,,2.214e-20,5.639e-19,,2.550e-18
251.66,1.432e+4,1.009e-20,1.585e-6,2.234e-34,,1.514e-16,2.576e-42,2.303e-22,5.974e-24,1.132e-38,9.552e-19,1.047e-7,1.174e-14,1.216e+4,1.042e-10,8.478e-22,,1.868e-28,,8.335e-22,1.770e-19,7.262e-36,4.113e+0,9.144e+1,2.280e-1,1.316e-1,6.505e-21,,1.387e+0,1.373e+3,6.965e+2,2.258e-28,2.372e-21,1.129e-16,,,,,,,,,,,,6.834e-22,,,,,,,,,2.201e-1,,2.211e-20,5.643e-19,,2.552e-18
251.69,1.387e+4,1.008e-20,1.036e-6,2.228e-34,,1.352e-16,1.431e-42,2.304e-22,6.001e-24,3.459e-38,9.572e-19,2.516e-7,2.350e-14,1.151e+4,3.569e-11,2.434e-21,,1.869e-28,,8.344e-22,1.772e-19,7.532e-36,5.394e+0,9.700e+1,2.150e-1,9.885e-2,6.508e-21,,1.397e+0,1.556e+3,6.944e+2,2.257e-28,2.373e-21,2.919e-17,,,,,,,,,,,,6.845e-22,,,,,,,,,1.684e-1,,2.207e-20,5.649e-19,,2.554e-18
251.71,1.347e+4,1.008e-20,7.684e-7,2.223e-34,,1.234e-16,9.531e-43,2.304e-22,6.020e-24,7.175e-38,9.585e-19,4.447e-7,3.678e-14,1.099e+4,1.720e-11,4.845e-21,,1.870e-28,,8.349e-22,1.773e-19,7.712e-36,6.382e+0,9.939e+1,2.036e-1,8.045e-2,6.509e-21,,1.389e+0,1.672e+3,6.985e+2,2.257e-28,2.374e-21,1.167e-17,,,,,,,,,,,,6.853e-22,,,,,,,,,1.387e-1,,2.204e-20,5.652e-19,,2.556e-18
251.74,1.275e+4,1.007e-20,4.799e-7,2.217e-34,,1.053e-16,5.061e-43,2.304e-22,6.047e-24,2.096e-37,9.605e-19,1.021e-6,7.044e-14,1.010e+4,5.631e-12,1.330e-20,,1.872e-28,,8.358e-22,1.775e-19,7.982e-36,8.060e+0,1.008e+2,1.834e-1,5.774e-2,6.511e-21,,1.356e+0,1.831e+3,7.116e+2,2.256e-28,2.375e-21,2.884e-18,,,,,,,,,,,,6.864e-22,,,,,,,,,1.014e-1,,2.200e-20,5.658e-19,,2.558e-18
251.76,1.223e+4,1.007e-20,3.454e-7,2.213e-34,,9.333e-17,3.269e-43,2.305e-22,6.065e-24,4.220e-37,9.619e-19,1.752e-6,1.071e-13,9.466e+3,2.634e-12,2.569e-20,,1.873e-28,,8.364e-22,1.776e-19,8.162e-36,9.301e+0,1.002e+2,1.685e-1,4.560e-2,6.513e-21,,1.322e+0,1.925e+3,7.242e+2,2.255e-28,2.376e-21,1.118e-18,,,,,,,,,,,,6.872e-22,,,,,,,,,8.104e-2,,2.197e-20,5.662e-19,,2.560e-18
251.78,1.167e+4,1.006e-20,2.456e-7,2.209e-34,,8.170e-17,2.086e-43,2.305e-22,6.084e-24,8.395e-37,9.632e-19,2.969e-6,1.608e-13,8.813e+3,1.218e-12,4.902e-20,,1.874e-28,,8.370e-22,1.777e-19,8.341e-36,1.062e+1,9.851e+1,1.530e-1,3.557e-2,6.514e-21,,1.280e+0,2.009e+3,7.392e+2,2.255e-28,2.377e-21,4.283e-19,,,,,,,,,,,,6.879e-22,,,,,,,,,6.400e-2,,2.194e-20,5.665e-19,,2.562e-18
251.81,1.083e+4,1.005e-20,1.440e-7,2.202e-34,,6.542e-17,1.039e-43,2.306e-22,6.111e-24,2.303e-36,9.652e-19,6.404e-6,2.894e-13,7.833e+3,3.742e-13,1.264e-19,,1.876e-28,,8.379e-22,1.779e-19,8.611e-36,1.273e+1,9.393e+1,1.294e-1,2.397e-2,6.516e-21,,1.207e+0,2.119e+3,7.652e+2,2.254e-28,2.378e-21,9.925e-20,,,,,,,,,,,,6.891e-22,,,,,,,,,4.391e-2,,2.190e-20,5.671e-19,,2.564e-18
251.83,1.027e+4,1.005e-20,9.936e-8,2.198e-34,,5.557e-17,6.432e-44,2.306e-22,6.130e-24,4.447e-36,9.665e-19,1.053e-5,4.220e-13,7.197e+3,1.678e-13,2.341e-19,,1.877e-28,,8.385e-22,1.780e-19,8.791e-36,1.417e+1,8.972e+1,1.140e-1,1.815e-2,6.518e-21,,1.152e+0,2.184e+3,7.841e+2,2.253e-28,2.378e-21,3.688e-20,,,,,,,,,,,,6.898e-22,,,,,,,,,3.365e-2,,2.187e-20,5.675e-19,,2.566e-18
251.86,9.484e+3,1.004e-20,5.567e-8,2.192e-34,,4.252e-17,3.062e-44,2.307e-22,6.157e-24,1.167e-35,9.685e-19,2.172e-5,7.267e-13,6.292e+3,4.929e-14,5.770e-19,,1.878e-28,,8.394e-22,1.782e-19,9.061e-36,1.634e+1,8.213e+1,9.210e-2,1.172e-2,6.520e-21,,1.067e+0,2.278e+3,8.142e+2,2.252e-28,2.380e-21,8.162e-21,,,,,,,,,,,,6.910e-22,,,,,,,,,2.209e-2,,2.183e-20,5.680e-19,,2.568e-18
251.88,9.006e+3,1.003e-20,3.727e-8,2.187e-34,,3.504e-17,1.839e-44,2.307e-22,6.176e-24,2.186e-35,9.698e-19,3.466e-5,1.029e-12,5.730e+3,2.145e-14,1.037e-18,,1.879e-28,,8.400e-22,1.783e-19,9.241e-36,1.773e+1,7.653e+1,7.870e-2,8.652e-3,6.522e-21,,1.010e+0,2.345e+3,8.350e+2,2.251e-28,2.380e-21,2.941e-21,,,,,,,,,,,,6.918e-22,,,,,,,,,1.646e-2,,2.180e-20,5.684e-19,,2.570e-18
251.91,8.382e+3,1.002e-20,1.995e-8,2.181e-34,,2.563e-17,8.367e-45,2.308e-22,6.203e-24,5.483e-35,9.718e-19,6.834e-5,1.695e-12,4.962e+3,6.022e-15,2.445e-18,,1.881e-28,,8.409e-22,1.785e-19,9.511e-36,1.967e+1,6.791e+1,6.078e-2,5.441e-3,6.524e-21,,9.268e-1,2.465e+3,8.667e+2,2.250e-28,2.381e-21,6.218e-22,,,,,,,,,,,,6.929e-22,,,,,,,,,1.041e-2,,2.176e-20,5.690e-19,,2.572e-18
251.93,8.041e+3,1.002e-20,1.296e-8,2.177e-34,,2.049e-17,4.879e-45,2.308e-22,6.221e-24,9.972e-35,9.731e-19,1.058e-4,2.331e-12,4.502e+3,2.543e-15,4.265e-18,,1.882e-28,,8.415e-22,1.786e-19,9.690e-36,2.079e+1,6.240e+1,5.040e-2,4.027e-3,6.525e-21,,8.738e-1,2.567e+3,8.880e+2,2.250e-28,2.382e-21,2.173e-22,,,,,,,,,,,,6.937e-22,,,,,,,,,7.639e-3,,2.173e-20,5.693e-19,,2.574e-18
251.96,7.657e+3,1.001e-20,6.632e-9,2.171e-34,,1.432e-17,2.136e-45,2.309e-22,6.249e-24,2.392e-34,9.751e-19,1.995e-4,3.675e-12,3.892e+3,6.822e-16,9.610e-18,,1.883e-28,,8.424e-22,1.788e-19,9.960e-36,2.217e+1,5.518e+1,3.720e-2,2.748e-3,6.528e-21,,7.993e-1,2.766e+3,9.205e+2,2.249e-28,2.383e-21,4.389e-23,,,,,,,,,,,,6.948e-22,,,,,,,,,4.899e-3,,2.169e-20,5.699e-19,,2.576e-18
251.98,7.493e+3,1.000e-20,4.179e-9,2.166e-34,,1.111e-17,1.232e-45,2.309e-22,6.267e-24,4.221e-34,9.764e-19,2.999e-4,4.905e-12,3.539e+3,2.795e-16,1.627e-17,,1.884e-28,,8.430e-22,1.789e-19,1.014e-35,2.283e+1,5.147e+1,2.993e-2,2.367e-3,6.529e-21,,7.532e-1,2.936e+3,9.427e+2,2.248e-28,2.384e-21,1.488e-23,,,,,,,,,,,,6.956e-22,,,,,,,,,3.826e-3,,2.166e-20,5.703e-19,,2.578e-18
252.01,7.393e+3,9.997e-21,2.044e-9,2.160e-34,,7.420e-18,5.855e-46,2.309e-22,6.295e-24,9.679e-34,9.784e-19,5.404e-4,7.402e-12,3.086e+3,7.165e-17,3.506e-17,,1.886e-28,,8.438e-22,1.791e-19,1.041e-35,2.338e+1,4.833e+1,2.111e-2,2.457e-3,6.531e-21,,6.892e-1,3.257e+3,9.774e+2,2.247e-28,2.385e-21,2.870e-24,,,,,,,,,,,,6.967e-22,,,,,,,,,3.145e-3,,2.162e-20,5.708e-19,,2.580e-18
252.03,7.425e+3,9.991e-21,1.249e-9,2.156e-34,,5.584e-18,4.335e-46,2.310e-22,6.313e-24,1.658e-33,9.797e-19,7.883e-4,9.596e-12,2.834e+3,2.848e-17,5.761e-17,,1.887e-28,,8.444e-22,1.792e-19,1.059e-35,2.343e+1,4.829e+1,1.648e-2,2.994e-3,6.533e-21,,6.496e-1,3.516e+3,1.002e+3,2.247e-28,2.386e-21,3.013e-24,,,,,,,,,,,,6.975e-22,,,,,,,,,3.270e-3,,2.159e-20,5.712e-19,,2.582e-18
252.06,7.618e+3,9.983e-21,5.839e-10,2.149e-34,,3.564e-18,4.942e-46,2.310e-22,6.341e-24,3.635e-33,9.817e-19,1.358e-3,1.386e-11,2.531e+3,6.979e-18,1.187e-16,,1.888e-28,,8.453e-22,1.794e-19,1.086e-35,2.304e+1,5.216e+1,1.111e-2,4.705e-3,6.535e-21,,5.942e-1,3.968e+3,1.042e+3,2.246e-28,2.387e-21,3.226e-24,,,,,,,,,,,,6.986e-22,,,,,,,,,4.394e-3,,2.155e-20,5.718e-19,,2.585e-18
252.08,7.838e+3,9.977e-21,3.463e-10,2.145e-34,,2.603e-18,7.387e-46,2.311e-22,6.359e-24,6.044e-33,9.831e-19,1.923e-3,1.745e-11,2.377e+3,2.691e-18,1.892e-16,,1.889e-28,,8.459e-22,1.795e-19,1.104e-35,2.247e+1,5.787e+1,8.411e-3,6.652e-3,6.537e-21,,5.594e-1,4.308e+3,1.073e+3,2.245e-28,2.388e-21,3.369e-24,,,,,,,,,,,,6.994e-22,,,,,,,,,5.897e-3,,2.152e-20,5.721e-19,,2.586e-18
252.11,8.293e+3,9.969e-21,1.547e-10,2.139e-34,,1.588e-18,1.583e-45,2.311e-22,6.387e-24,1.267e-32,9.850e-19,3.167e-3,2.411e-11,2.216e+3,6.301e-19,3.727e-16,,1.891e-28,,8.468e-22,1.797e-19,1.131e-35,2.120e+1,7.206e+1,5.419e-3,1.131e-2,6.539e-21,,5.098e-1,4.856e+3,1.126e+3,2.244e-28,2.389e-21,3.583e-24,,,,,,,,,,,,7.005e-22,,,,,,,,,9.677e-3,,2.148e-20,5.727e-19,,2.589e-18
252.13,8.665e+3,9.964e-21,8.900e-11,2.135e-34,,1.125e-18,2.684e-45,2.312e-22,6.405e-24,2.044e-32,9.864e-19,4.351e-3,2.949e-11,2.154e+3,2.358e-19,5.769e-16,,1.892e-28,,8.474e-22,1.798e-19,1.149e-35,2.011e+1,8.583e+1,3.982e-3,1.603e-2,6.540e-21,,4.780e-1,5.236e+3,1.169e+3,2.244e-28,2.390e-21,3.725e-24,,,,,,,,,,,,7.013e-22,,,,,,,,,1.356e-2,,2.145e-20,5.731e-19,,2.590e-18
252.15,9.083e+3,9.958e-21,5.060e-11,2.130e-34,,7.874e-19,4.528e-45,2.312e-22,6.423e-24,3.260e-32,9.877e-19,5.907e-3,3.564e-11,2.127e+3,8.714e-20,8.823e-16,,1.893e-28,,8.480e-22,1.800e-19,1.167e-35,1.887e+1,1.035e+2,2.890e-3,2.250e-2,6.542e-21,,4.472e-1,5.615e+3,1.218e+3,2.243e-28,2.391e-21,3.868e-24,,,,,,,,,,,,7.021e-22,,,,,,,,,1.892e-2,,2.143e-20,5.735e-19,,2.592e-18
252.18,9.766e+3,9.950e-21,2.121e-11,2.124e-34,,4.508e-19,9.735e-45,2.313e-22,6.451e-24,6.417e-32,9.897e-19,9.135e-3,4.634e-11,2.146e+3,1.914e-20,1.632e-15,,1.895e-28,,8.489e-22,1.802e-19,1.194e-35,1.680e+1,1.380e+2,1.748e-3,3.668e-2,6.544e-21,,4.027e-1,6.157e+3,1.308e+3,2.242e-28,2.392e-21,4.082e-24,,,,,,,,,,,,7.032e-22,,,,,,,,,3.066e-2,,2.138e-20,5.740e-19,,2.594e-18
252.2,1.024e+4,9.944e-21,1.170e-11,2.120e-34,,3.063e-19,1.598e-44,2.313e-22,6.469e-24,9.930e-32,9.910e-19,1.204e-2,5.441e-11,2.194e+3,6.865e-21,2.422e-15,,1.896e-28,,8.495e-22,1.803e-19,1.212e-35,1.533e+1,1.668e+2,1.231e-3,5.007e-2,6.545e-21,,3.741e-1,6.484e+3,1.381e+3,2.241e-28,2.393e-21,4.224e-24,,,,,,,,,,,,7.040e-22,,,,,,,,,4.173e-2,,2.136e-20,5.744e-19,,2.596e-18
252.23,1.095e+4,9.936e-21,4.684e-12,2.114e-34,,1.679e-19,3.289e-44,2.314e-22,6.497e-24,1.869e-31,9.930e-19,1.780e-2,6.773e-11,2.308e+3,1.441e-21,4.283e-15,,1.897e-28,,8.504e-22,1.805e-19,1.239e-35,1.310e+1,2.192e+2,7.113e-4,7.811e-2,6.548e-21,,3.330e-1,6.898e+3,1.514e+3,2.240e-28,2.394e-21,4.438e-24,,,,,,,,,,,,7.051e-22,,,,,,,,,6.488e-2,,2.131e-20,5.750e-19,,2.598e-18
252.25,1.141e+4,9.931e-21,2.507e-12,2.109e-34,,1.111e-19,5.242e-44,2.314e-22,6.515e-24,2.807e-31,9.943e-19,2.275e-2,7.725e-11,2.406e+3,4.900e-22,6.170e-15,,1.898e-28,,8.510e-22,1.806e-19,1.257e-35,1.164e+1,2.602e+2,4.860e-4,1.035e-1,6.549e-21,,3.070e-1,7.110e+3,1.620e+3,2.240e-28,2.394e-21,4.581e-24,,,,,,,,,,,,7.059e-22,,,,,,,,,8.582e-2,,2.129e-20,5.753e-19,,2.600e-18
252.28,1.204e+4,9.922e-21,9.594e-13,2.103e-34,,5.943e-20,1.031e-43,2.314e-22,6.543e-24,5.052e-31,9.963e-19,3.216e-2,9.207e-11,2.571e+3,9.845e-23,1.043e-14,,1.900e-28,,8.519e-22,1.808e-19,1.284e-35,9.583e+0,3.307e+2,2.684e-4,1.544e-1,6.551e-21,,2.702e-1,7.318e+3,1.807e+3,2.239e-28,2.396e-21,4.795e-24,,,,,,,,,,,,7.070e-22,,,,,,,,,1.277e-1,,2.124e-20,5.759e-19,,2.603e-18
252.3,1.241e+4,9.917e-21,4.981e-13,2.099e-34,,3.979e-20,1.595e-43,2.315e-22,6.561e-24,7.364e-31,9.976e-19,3.991e-2,1.020e-10,2.684e+3,3.326e-23,1.458e-14,,1.901e-28,,8.524e-22,1.809e-19,1.302e-35,8.331e+0,3.829e+2,1.780e-4,1.986e-1,6.553e-21,,2.473e-1,7.379e+3,1.951e+3,2.238e-28,2.396e-21,4.937e-24,,,,,,,,,,,,7.078e-22,,,,,,,,,1.640e-1,,2.122e-20,5.763e-19,,2.604e-18
252.33,1.288e+4,9.909e-21,1.822e-13,2.093e-34,,2.458e-20,3.001e-43,2.315e-22,6.589e-24,1.267e-30,9.996e-19,5.394e-2,1.164e-10,2.846e+3,3.320e-23,2.358e-14,,1.902e-28,,8.533e-22,1.811e-19,1.329e-35,6.685e+0,4.675e+2,9.392e-5,2.832e-1,6.555e-21,,2.157e-1,7.359e+3,2.195e+3,2.237e-28,2.397e-21,5.151e-24,,,,,,,,,,,,7.089e-22,,,,,,,,,2.336e-1,,2.117e-20,5.768e-19,,2.607e-18
252.35,1.313e+4,9.903e-21,9.176e-14,2.088e-34,,2.142e-20,4.506e-43,2.316e-22,6.607e-24,1.793e-30,1.001e-18,6.495e-2,1.253e-10,2.941e+3,3.316e-23,3.199e-14,,1.903e-28,,8.539e-22,1.812e-19,3.882e-35,5.764e+0,5.268e+2,6.042e-5,3.534e-1,6.557e-21,,1.966e-1,7.278e+3,2.375e+3,2.237e-28,2.398e-21,5.294e-24,,,,,,,,,,,,7.097e-22,,,,,,,,,2.914e-1,,2.115e-20,5.772e-19,,2.608e-18
252.38,1.341e+4,9.895e-21,3.207e-14,2.082e-34,,2.563e-20,8.106e-43,2.316e-22,6.634e-24,2.950e-30,1.003e-18,8.392e-2,1.370e-10,3.054e+3,3.310e-23,4.944e-14,,1.905e-28,,8.548e-22,1.814e-19,1.896e-34,4.669e+0,6.169e+2,3.047e-5,4.819e-1,6.559e-21,,1.710e-1,7.073e+3,2.665e+3,2.236e-28,2.399e-21,5.508e-24,,,,,,,,,,,,7.108e-22,,,,,,,,,3.971e-1,,2.110e-20,5.778e-19,,2.611e-18
252.4,1.355e+4,9.889e-21,1.567e-14,2.078e-34,,3.504e-20,1.181e-42,2.317e-22,6.653e-24,4.050e-30,1.004e-18,9.807e-2,1.432e-10,3.107e+3,3.306e-23,6.511e-14,,1.906e-28,,8.554e-22,1.815e-19,5.377e-34,4.138e+0,6.757e+2,1.902e-5,5.837e-1,6.560e-21,,1.561e-1,6.897e+3,2.867e+3,2.235e-28,2.400e-21,5.650e-24,,,,,,,,,,,,7.116e-22,,,,,,,,,4.810e-1,,2.108e-20,5.781e-19,,2.612e-18
252.43,1.369e+4,9.881e-21,5.233e-15,2.071e-34,,6.282e-20,2.032e-42,2.317e-22,6.680e-24,6.371e-30,1.006e-18,1.211e-1,1.499e-10,3.150e+3,3.299e-23,9.621e-14,,1.907e-28,,8.563e-22,1.817e-19,2.512e-33,3.649e+0,7.584e+2,9.167e-6,7.609e-1,6.563e-21,,1.372e-1,6.602e+3,3.173e+3,2.234e-28,2.401e-21,5.864e-24,,,,,,,,,,,,7.127e-22,,,,,,,,,6.274e-1,,2.103e-20,5.787e-19,,2.615e-18
252.45,1.374e+4,9.875e-21,2.481e-15,2.067e-34,,9.456e-20,2.873e-42,2.318e-22,6.699e-24,8.489e-30,1.008e-18,1.374e-1,1.524e-10,3.156e+3,3.295e-23,1.230e-13,,1.909e-28,,8.569e-22,1.818e-19,6.917e-33,3.529e+0,8.076e+2,5.551e-6,8.945e-1,6.564e-21,,1.270e-1,6.402e+3,3.373e+3,2.233e-28,2.402e-21,6.007e-24,,,,,,,,,,,,7.135e-22,,,,,,,,,7.382e-1,,2.101e-20,5.791e-19,,2.617e-18
252.48,1.380e+4,9.867e-21,7.918e-16,2.061e-34,,1.734e-19,4.725e-42,2.318e-22,6.726e-24,1.277e-29,1.010e-18,1.623e-1,1.528e-10,3.139e+3,3.289e-23,1.737e-13,,1.910e-28,,8.578e-22,1.820e-19,3.091e-32,3.662e+0,8.688e+2,2.557e-6,1.115e+0,6.566e-21,,1.152e-1,6.127e+3,3.655e+3,2.233e-28,2.403e-21,6.220e-24,,,,,,,,,,,,7.146e-22,,,,,,,,,9.216e-1,,2.096e-20,5.796e-19,,2.619e-18
252.5,1.382e+4,9.862e-21,3.642e-16,2.057e-34,,2.568e-19,6.486e-42,2.319e-22,6.745e-24,1.651e-29,1.011e-18,1.786e-1,1.509e-10,3.116e+3,3.285e-23,2.155e-13,,1.911e-28,,8.584e-22,1.821e-19,8.263e-32,3.959e+0,8.995e+2,1.502e-6,1.272e+0,6.568e-21,,1.098e-1,5.973e+3,3.825e+3,2.232e-28,2.404e-21,6.363e-24,,,,,,,,,,,,7.154e-22,,,,,,,,,1.053e+0,,2.094e-20,5.800e-19,,2.621e-18
252.53,1.386e+4,9.853e-21,1.111e-16,2.050e-34,,4.532e-19,1.020e-41,2.319e-22,6.772e-24,2.375e-29,1.013e-18,2.016e-1,1.449e-10,3.075e+3,3.279e-23,2.911e-13,,1.913e-28,,8.593e-22,1.823e-19,3.532e-31,4.722e+0,9.279e+2,6.615e-7,1.515e+0,6.570e-21,,1.052e-1,5.804e+3,4.043e+3,2.231e-28,2.405e-21,6.577e-24,,,,,,,,,,,,7.165e-22,,,,,,,,,1.259e+0,,2.089e-20,5.806e-19,,2.623e-18
252.55,1.389e+4,9.848e-21,4.957e-17,2.046e-34,,6.522e-19,1.359e-41,2.319e-22,6.791e-24,2.981e-29,1.014e-18,2.154e-1,1.390e-10,3.051e+3,3.275e-23,3.504e-13,,1.914e-28,,8.599e-22,1.824e-19,9.166e-31,5.444e+0,9.344e+2,3.771e-7,1.678e+0,6.571e-21,,1.044e-1,5.739e+3,4.159e+3,2.230e-28,2.406e-21,6.719e-24,,,,,,,,,,,,7.173e-22,,,,,,,,,1.397e+0,,2.087e-20,5.809e-19,,2.625e-18
252.57,1.394e+4,9.842e-21,2.185e-17,2.042e-34,,9.275e-19,1.789e-41,2.320e-22,6.809e-24,3.697e-29,1.016e-18,2.273e-1,1.319e-10,3.036e+3,3.271e-23,4.169e-13,,1.915e-28,,8.605e-22,1.825e-19,2.351e-30,6.340e+0,9.309e+2,2.124e-7,1.836e+0,6.573e-21,,1.053e-1,5.713e+3,4.250e+3,2.230e-28,2.407e-21,6.862e-24,,,,,,,,,,,,7.181e-22,,,,,,,,,1.533e+0,,2.084e-20,5.813e-19,,2.626e-18
252.6,1.403e+4,9.834e-21,6.255e-18,2.036e-34,,1.538e-18,2.642e-41,2.320e-22,6.836e-24,4.993e-29,1.018e-18,2.410e-1,1.193e-10,3.037e+3,3.265e-23,5.288e-13,,1.916e-28,,8.613e-22,1.827e-19,9.442e-30,8.010e+0,9.079e+2,8.774e-8,2.054e+0,6.575e-21,,1.093e-1,5.741e+3,4.336e+3,2.229e-28,2.408e-21,7.076e-24,,,,,,,,,,,,7.192e-22,,,,,,,,,1.724e+0,,2.080e-20,5.819e-19,,2.629e-18
252.62,1.411e+4,9.829e-21,2.677e-18,2.031e-34,,2.123e-18,3.375e-41,2.321e-22,6.855e-24,6.010e-29,1.019e-18,2.468e-1,1.100e-10,3.058e+3,3.261e-23,6.105e-13,,1.917e-28,,8.619e-22,1.828e-19,2.351e-29,9.339e+0,8.819e+2,4.794e-8,2.181e+0,6.577e-21,,1.134e-1,5.798e+3,4.362e+3,2.228e-28,2.408e-21,7.218e-24,,,,,,,,,,,,7.200e-22,,,,,,,,,1.838e+0,,2.077e-20,5.822e-19,,2.630e-18
252.65,1.424e+4,9.820e-21,7.395e-19,2.025e-34,,3.368e-18,4.766e-41,2.321e-22,6.882e-24,7.761e-29,1.021e-18,2.502e-1,9.527e-11,3.120e+3,3.255e-23,7.405e-13,,1.919e-28,,8.628e-22,1.830e-19,9.032e-29,1.165e+1,8.300e+2,1.893e-8,2.333e+0,6.579e-21,,1.214e-1,5.922e+3,4.356e+3,2.227e-28,2.410e-21,7.432e-24,,,,,,,,,,,,7.211e-22,,,,,,,,,1.980e+0,,2.073e-20,5.828e-19,,2.633e-18
252.67,1.433e+4,9.815e-21,3.204e-19,2.021e-34,,4.512e-18,5.910e-41,2.322e-22,6.901e-24,9.067e-29,1.022e-18,2.487e-1,8.535e-11,3.181e+3,3.251e-23,8.296e-13,,1.920e-28,,8.634e-22,1.831e-19,2.183e-28,1.339e+1,7.891e+2,1.004e-8,2.404e+0,6.580e-21,,1.274e-1,6.018e+3,4.327e+3,2.227e-28,2.410e-21,7.575e-24,,,,,,,,,,,,7.219e-22,,,,,,,,,2.050e+0,,2.070e-20,5.832e-19,,2.635e-18
252.7,1.445e+4,9.807e-21,1.291e-19,2.014e-34,,6.842e-18,7.980e-41,2.322e-22,6.928e-24,1.120e-28,1.024e-18,2.410e-1,7.084e-11,3.293e+3,3.244e-23,9.621e-13,,1.921e-28,,8.643e-22,1.833e-19,8.024e-28,1.625e+1,7.229e+2,3.788e-9,2.458e+0,6.583e-21,,1.370e-1,6.159e+3,4.254e+3,2.226e-28,2.412e-21,7.789e-24,,,,,,,,,,,,7.230e-22,,,,,,,,,2.115e+0,,2.066e-20,5.837e-19,,2.637e-18
252.72,1.450e+4,9.801e-21,1.330e-19,2.010e-34,,8.898e-18,9.605e-41,2.323e-22,6.947e-24,1.269e-28,1.025e-18,2.325e-1,6.168e-11,3.376e+3,3.240e-23,1.046e-12,,1.922e-28,,8.649e-22,1.834e-19,1.883e-27,1.831e+1,6.781e+2,1.948e-9,2.458e+0,6.584e-21,,1.434e-1,6.236e+3,4.191e+3,2.225e-28,2.412e-21,7.931e-24,,,,,,,,,,,,7.238e-22,,,,,,,,,2.129e+0,,2.063e-20,5.841e-19,,2.639e-18
252.75,1.453e+4,9.793e-21,2.936e-19,2.004e-34,,1.290e-17,1.240e-40,2.323e-22,6.974e-24,1.499e-28,1.027e-18,2.154e-1,4.905e-11,3.498e+3,3.234e-23,1.160e-12,,1.924e-28,,8.658e-22,1.836e-19,6.619e-27,2.155e+1,6.144e+2,7.026e-10,2.404e+0,6.586e-21,,1.529e-1,6.308e+3,4.083e+3,2.224e-28,2.413e-21,8.145e-24,,,,,,,,,,,,7.249e-22,,,,,,,,,2.103e+0,,2.059e-20,5.847e-19,,2.641e-18
252.77,1.450e+4,9.787e-21,5.658e-19,2.000e-34,,1.628e-17,1.448e-40,2.324e-22,6.992e-24,1.649e-28,1.029e-18,2.016e-1,4.151e-11,3.568e+3,3.230e-23,1.224e-12,,1.925e-28,,8.664e-22,1.837e-19,1.508e-26,2.376e+1,5.766e+2,3.507e-10,2.333e+0,6.588e-21,,1.591e-1,6.316e+3,4.006e+3,2.223e-28,2.414e-21,8.288e-24,,,,,,,,,,,,7.257e-22,,,,,,,,,2.057e+0,,2.056e-20,5.851e-19,,2.643e-18
252.8,1.435e+4,9.779e-21,1.523e-18,1.993e-34,,2.258e-17,1.788e-40,2.324e-22,7.020e-24,1.861e-28,1.031e-18,1.786e-1,3.162e-11,3.641e+3,3.224e-23,1.298e-12,,1.927e-28,,8.673e-22,1.839e-19,5.071e-26,2.704e+1,5.301e+2,1.209e-10,2.181e+0,6.590e-21,,1.683e-1,6.256e+3,3.890e+3,2.222e-28,2.415e-21,8.502e-24,,,,,,,,,,,,7.268e-22,,,,,,,,,1.947e+0,,2.052e-20,5.856e-19,,2.645e-18
252.82,1.418e+4,9.774e-21,2.911e-18,1.989e-34,,2.766e-17,2.027e-40,2.324e-22,7.038e-24,1.988e-28,1.032e-18,1.623e-1,2.600e-11,3.661e+3,3.220e-23,1.329e-12,,1.928e-28,,8.679e-22,1.840e-19,1.121e-25,2.915e+1,5.072e+2,5.852e-11,2.054e+0,6.592e-21,,1.749e-1,6.163e+3,3.813e+3,2.222e-28,2.416e-21,8.644e-24,,,,,,,,,,,,7.276e-22,,,,,,,,,1.851e+0,,2.049e-20,5.860e-19,,2.647e-18
252.85,1.380e+4,9.765e-21,7.534e-18,1.983e-34,,3.668e-17,2.393e-40,2.325e-22,7.066e-24,2.145e-28,1.034e-18,1.374e-1,1.898e-11,3.638e+3,3.214e-23,1.347e-12,,1.929e-28,,8.688e-22,1.842e-19,3.607e-25,3.204e+1,4.865e+2,1.928e-11,1.836e+0,6.594e-21,,1.866e-1,5.945e+3,3.699e+3,2.221e-28,2.417e-21,8.858e-24,,,,,,,,,,,,7.287e-22,,,,,,,,,1.679e+0,,2.045e-20,5.865e-19,,2.649e-18
252.87,1.347e+4,9.760e-21,1.400e-17,1.979e-34,,4.361e-17,2.633e-40,2.325e-22,7.084e-24,2.224e-28,1.035e-18,1.211e-1,1.517e-11,3.582e+3,3.210e-23,1.339e-12,,1.930e-28,,8.694e-22,1.843e-19,7.745e-25,3.372e+1,4.818e+2,9.056e-12,1.678e+0,6.595e-21,,1.963e-1,5.748e+3,3.623e+3,2.220e-28,2.418e-21,9.001e-24,,,,,,,,,,,,7.295e-22,,,,,,,,,1.551e+0,,2.042e-20,5.869e-19,,2.651e-18
252.9,1.286e+4,9.752e-21,3.467e-17,1.972e-34,,5.529e-17,2.972e-40,2.326e-22,7.112e-24,2.295e-28,1.037e-18,9.807e-2,1.061e-11,3.439e+3,3.204e-23,1.298e-12,,1.932e-28,,8.702e-22,1.845e-19,2.383e-24,3.575e+1,4.877e+2,2.851e-12,1.434e+0,6.598e-21,,2.156e-1,5.385e+3,3.510e+3,2.219e-28,2.419e-21,9.214e-24,,,,,,,,,,,,7.307e-22,,,,,,,,,1.348e+0,,2.038e-20,5.875e-19,,2.653e-18
252.92,1.238e+4,9.746e-21,6.254e-17,1.968e-34,,6.381e-17,3.174e-40,2.326e-22,7.130e-24,2.309e-28,1.039e-18,8.392e-2,8.237e-12,3.305e+3,3.200e-23,1.253e-12,,1.933e-28,,8.708e-22,1.846e-19,4.967e-24,3.672e+1,4.994e+2,1.299e-12,1.272e+0,6.599e-21,,2.328e-1,5.104e+3,3.433e+3,2.219e-28,2.420e-21,9.357e-24,,,,,,,,,,,,7.314e-22,,,,,,,,,1.211e+0,,2.035e-20,5.879e-19,,2.655e-18
252.94,1.185e+4,9.741e-21,1.115e-16,1.964e-34,,7.276e-17,3.349e-40,2.327e-22,7.148e-24,2.295e-28,1.040e-18,7.095e-2,6.324e-12,3.144e+3,3.196e-23,1.195e-12,,1.934e-28,,8.714e-22,1.848e-19,1.023e-23,3.733e+1,5.160e+2,5.852e-13,1.115e+0,6.600e-21,,2.545e-1,4.798e+3,3.354e+3,2.218e-28,2.421e-21,9.500e-24,,,,,,,,,,,,7.322e-22,,,,,,,,,1.075e+0,,2.032e-20,5.882e-19,,2.657e-18
252.97,1.099e+4,9.732e-21,2.599e-16,1.958e-34,,8.664e-17,3.550e-40,2.327e-22,7.176e-24,2.224e-28,1.042e-18,5.394e-2,4.164e-12,2.859e+3,3.189e-23,1.091e-12,,1.935e-28,,8.723e-22,1.849e-19,2.959e-23,3.754e+1,5.481e+2,1.729e-13,8.945e-1,6.603e-21,,2.974e-1,4.307e+3,3.233e+3,2.217e-28,2.422e-21,9.713e-24,,,,,,,,,,,,7.333e-22,,,,,,,,,8.806e-1,,2.028e-20,5.888e-19,,2.659e-18
252.99,1.038e+4,9.727e-21,4.502e-16,1.953e-34,,9.590e-17,3.636e-40,2.328e-22,7.194e-24,2.145e-28,1.043e-18,4.426e-2,3.107e-12,2.648e+3,3.185e-23,1.016e-12,,1.936e-28,,8.729e-22,1.851e-19,5.916e-23,3.720e+1,5.723e+2,7.554e-14,7.609e-1,6.604e-21,,3.341e-1,3.967e+3,3.151e+3,2.216e-28,2.423e-21,9.856e-24,,,,,,,,,,,,7.341e-22,,,,,,,,,7.601e-1,,2.025e-20,5.892e-19,,2.661e-18
253.02,9.446e+3,9.718e-21,1.004e-15,1.947e-34,,1.092e-16,3.685e-40,2.328e-22,7.222e-24,1.988e-28,1.045e-18,3.216e-2,1.960e-12,2.314e+3,3.179e-23,9.053e-13,,1.938e-28,,8.738e-22,1.852e-19,1.636e-22,3.597e+1,6.098e+2,2.133e-14,5.837e-1,6.606e-21,,4.029e-1,3.455e+3,3.030e+3,2.215e-28,2.424e-21,1.007e-23,,,,,,,,,,,,7.352e-22,,,,,,,,,5.967e-1,,2.021e-20,5.897e-19,,2.663e-18
253.04,8.832e+3,9.713e-21,1.690e-15,1.943e-34,,1.173e-16,3.663e-40,2.329e-22,7.240e-24,1.861e-28,1.047e-18,2.561e-2,1.421e-12,2.088e+3,3.175e-23,8.463e-13,,1.939e-28,,8.744e-22,1.854e-19,3.177e-22,3.471e+1,6.338e+2,9.042e-15,4.819e-1,6.608e-21,,4.587e-1,3.120e+3,2.954e+3,2.215e-28,2.424e-21,1.021e-23,,,,,,,,,,,,7.360e-22,,,,,,,,,5.008e-1,,2.018e-20,5.901e-19,,2.665e-18
253.07,7.950e+3,9.705e-21,3.611e-15,1.936e-34,,1.277e-16,3.550e-40,2.329e-22,7.268e-24,1.649e-28,1.049e-18,1.780e-2,8.582e-13,1.755e+3,3.169e-23,8.198e-13,,1.940e-28,,8.753e-22,1.855e-19,8.404e-22,3.223e+1,6.657e+2,2.440e-15,3.534e-1,6.610e-21,,5.580e-1,2.640e+3,2.855e+3,2.214e-28,2.426e-21,1.043e-23,,,,,,,,,,,,7.371e-22,,,,,,,,,3.769e-1,,2.014e-20,5.907e-19,,2.667e-18
253.09,7.404e+3,9.699e-21,5.905e-15,1.932e-34,,1.332e-16,3.425e-40,2.329e-22,7.286e-24,1.499e-28,1.050e-18,1.375e-2,6.046e-13,1.544e+3,3.165e-23,8.890e-13,,1.941e-28,,8.759e-22,1.857e-19,1.584e-21,3.027e+1,6.832e+2,1.004e-15,2.832e-1,6.612e-21,,6.344e-1,2.342e+3,2.803e+3,2.213e-28,2.426e-21,1.057e-23,,,,,,,,,,,,7.379e-22,,,,,,,,,3.075e-1,,2.011e-20,5.910e-19,,2.669e-18
253.12,6.672e+3,9.691e-21,1.209e-14,1.926e-34,,1.386e-16,3.174e-40,2.330e-22,7.314e-24,1.269e-28,1.052e-18,9.135e-3,3.498e-13,1.253e+3,3.159e-23,1.284e-12,,1.943e-28,,8.768e-22,1.858e-19,4.008e-21,2.698e+1,7.023e+2,2.588e-16,1.986e-1,6.614e-21,,7.637e-1,1.936e+3,2.753e+3,2.212e-28,2.427e-21,1.078e-23,,,,,,,,,,,,7.390e-22,,,,,,,,,2.219e-1,,2.007e-20,5.916e-19,,2.671e-18
253.14,6.253e+3,9.685e-21,1.921e-14,1.922e-34,,1.403e-16,2.972e-40,2.330e-22,7.332e-24,1.120e-28,1.053e-18,6.851e-3,2.394e-13,1.078e+3,3.155e-23,1.931e-12,,1.944e-28,,8.774e-22,1.860e-19,7.334e-21,2.464e+1,7.101e+2,1.033e-16,1.545e-1,6.615e-21,,8.586e-1,1.696e+3,2.743e+3,2.212e-28,2.428e-21,1.093e-23,,,,,,,,,,,,7.398e-22,,,,,,,,,1.760e-1,,2.004e-20,5.920e-19,,2.673e-18
253.17,5.739e+3,9.677e-21,3.767e-14,1.915e-34,,1.397e-16,2.633e-40,2.331e-22,7.360e-24,9.067e-29,1.055e-18,4.351e-3,1.327e-13,8.491e+2,3.149e-23,4.139e-12,,1.946e-28,3.761e-43,8.783e-22,1.861e-19,1.775e-20,2.105e+1,7.146e+2,2.545e-17,1.036e-1,6.618e-21,,1.012e+0,1.388e+3,2.765e+3,2.211e-28,2.429e-21,1.114e-23,,,,,,,,,,,,7.409e-22,,,,,,,,,1.217e-1,,2.000e-20,5.925e-19,,2.675e-18
253.19,5.476e+3,9.672e-21,5.819e-14,1.911e-34,,1.372e-16,2.393e-40,2.331e-22,7.378e-24,7.761e-29,1.057e-18,3.167e-3,8.820e-14,7.181e+2,3.145e-23,7.195e-12,,1.947e-28,1.097e-42,8.788e-22,1.863e-19,3.154e-20,1.869e+1,7.133e+2,9.855e-18,7.832e-2,6.619e-21,,1.119e+0,1.219e+3,2.806e+3,2.210e-28,2.430e-21,1.128e-23,,,,,,,,,,,,7.417e-22,,,,,,,,,9.388e-2,,1.997e-20,5.929e-19,,2.677e-18
253.22,5.201e+3,9.663e-21,1.094e-13,1.905e-34,,1.306e-16,2.027e-40,2.332e-22,7.405e-24,6.010e-29,1.059e-18,1.923e-3,4.680e-14,5.533e+2,3.138e-23,1.671e-11,,1.948e-28,5.350e-42,8.797e-22,1.864e-19,7.302e-20,1.531e+1,7.064e+2,2.321e-18,5.047e-2,6.621e-21,,1.285e+0,1.018e+3,2.907e+3,2.209e-28,2.431e-21,1.150e-23,,,,,,,,,,,,7.429e-22,,,,,,,,,6.226e-2,,1.993e-20,5.935e-19,,2.680e-18
253.24,5.094e+3,9.658e-21,1.643e-13,1.901e-34,,1.245e-16,1.788e-40,2.332e-22,7.424e-24,4.993e-29,1.060e-18,1.358e-3,3.023e-14,4.628e+2,3.134e-23,2.917e-11,,1.949e-28,1.516e-41,8.803e-22,1.866e-19,1.259e-19,1.321e+1,6.995e+2,8.720e-19,3.727e-2,6.623e-21,,1.397e+0,9.192e+2,2.998e+3,2.209e-28,2.432e-21,1.164e-23,,,,,,,,,,,,7.436e-22,,,,,,,,,4.668e-2,,1.990e-20,5.938e-19,,2.681e-18
253.27,5.037e+3,9.650e-21,2.963e-13,1.894e-34,,1.133e-16,1.448e-40,2.333e-22,7.451e-24,3.697e-29,1.062e-18,7.883e-4,1.536e-14,3.527e+2,3.128e-23,6.611e-11,,1.951e-28,7.071e-41,8.812e-22,1.867e-19,2.789e-19,1.036e+1,6.874e+2,1.963e-19,2.354e-2,6.625e-21,,1.562e+0,8.217e+2,3.163e+3,2.208e-28,2.433e-21,1.185e-23,,,,,,,,,,,,7.448e-22,,,,,,,,,2.968e-2,,1.986e-20,5.944e-19,,2.684e-18
253.29,5.061e+3,9.644e-21,4.329e-13,1.890e-34,,1.049e-16,1.240e-40,2.333e-22,7.470e-24,2.981e-29,1.063e-18,5.404e-4,9.636e-15,2.940e+2,3.124e-23,1.126e-10,,1.952e-28,1.945e-40,8.818e-22,1.869e-19,4.669e-19,8.684e+0,6.791e+2,7.154e-20,1.751e-2,6.627e-21,,1.669e+0,7.883e+2,3.289e+3,2.207e-28,2.434e-21,1.199e-23,,,,,,,,,,,,7.455e-22,,,,,,,,,2.164e-2,,1.983e-20,5.948e-19,,2.685e-18
253.31,5.127e+3,9.639e-21,6.257e-13,1.886e-34,,9.590e-17,1.049e-40,2.334e-22,7.488e-24,2.375e-29,1.065e-18,3.660e-4,5.977e-15,2.452e+2,3.120e-23,1.895e-10,,1.953e-28,5.289e-40,8.824e-22,1.870e-19,7.725e-19,7.195e+0,6.711e+2,2.576e-20,1.340e-2,6.628e-21,,1.772e+0,7.784e+2,3.423e+3,2.206e-28,2.435e-21,1.214e-23,,,,,,,,,,,,7.463e-22,,,,,,,,,1.560e-2,,1.980e-20,5.951e-19,,2.687e-18
253.34,5.291e+3,9.630e-21,1.065e-12,1.879e-34,,8.199e-17,7.980e-41,2.334e-22,7.516e-24,1.651e-29,1.067e-18,1.995e-4,2.857e-15,1.871e+2,3.114e-23,4.048e-10,,1.954e-28,2.319e-39,8.833e-22,1.872e-19,1.608e-18,5.310e+0,6.605e+2,5.442e-21,1.007e-2,6.630e-21,,1.918e+0,8.032e+2,3.633e+3,2.205e-28,2.436e-21,1.235e-23,,,,,,,,,,,,7.474e-22,,,,,,,,,9.346e-3,,1.976e-20,5.957e-19,,2.689e-18
253.36,5.435e+3,9.625e-21,1.498e-12,1.875e-34,,7.276e-17,6.552e-41,2.334e-22,7.534e-24,1.277e-29,1.068e-18,1.311e-4,1.721e-15,1.566e+2,3.110e-23,6.618e-10,,1.955e-28,6.124e-39,8.839e-22,1.873e-19,2.583e-18,4.274e+0,6.546e+2,1.901e-21,9.377e-3,6.632e-21,,2.007e+0,8.431e+2,3.775e+3,2.205e-28,2.437e-21,1.249e-23,,,,,,,,,,,,7.482e-22,,,,,,,,,6.549e-3,,1.973e-20,5.961e-19,,2.691e-18
253.39,5.688e+3,9.617e-21,2.448e-12,1.869e-34,,5.948e-17,4.766e-41,2.335e-22,7.562e-24,8.489e-30,1.070e-18,6.834e-5,7.873e-16,1.202e+2,3.104e-23,1.353e-9,,1.957e-28,2.570e-38,8.848e-22,1.875e-19,5.142e-18,3.020e+0,6.468e+2,3.839e-22,1.030e-2,6.634e-21,,2.130e+0,9.320e+2,3.984e+3,2.204e-28,2.438e-21,1.271e-23,,,,,,,,,,,,7.493e-22,,,,,,,,,3.762e-3,,1.969e-20,5.966e-19,,2.694e-18
253.41,5.874e+3,9.611e-21,3.351e-12,1.865e-34,,5.124e-17,3.798e-41,2.335e-22,7.580e-24,6.371e-30,1.071e-18,4.359e-5,4.607e-16,1.009e+2,3.100e-23,2.147e-9,,1.958e-28,6.587e-38,8.854e-22,1.876e-19,8.017e-18,2.363e+0,6.420e+2,1.301e-22,1.214e-2,6.635e-21,,2.204e+0,1.007e+3,4.119e+3,2.203e-28,2.438e-21,1.285e-23,,,,,,,,,,,,7.501e-22,,,,,,,,,2.563e-3,,1.966e-20,5.970e-19,,2.695e-18
253.44,6.167e+3,9.603e-21,5.263e-12,1.858e-34,,4.005e-17,2.642e-41,2.336e-22,7.607e-24,4.050e-30,1.073e-18,2.172e-5,2.017e-16,7.752e+1,3.094e-23,4.198e-9,,1.959e-28,2.645e-37,8.863e-22,1.878e-19,1.527e-17,1.605e+0,6.341e+2,1.281e-22,1.678e-2,6.638e-21,,2.304e+0,1.137e+3,4.314e+3,2.202e-28,2.440e-21,1.306e-23,,,,,,,,,,,,7.512e-22,,,,,,,,,1.411e-3,,1.962e-20,5.976e-19,,2.698e-18
253.46,6.366e+3,9.597e-21,7.018e-12,1.854e-34,,3.349e-17,2.044e-41,2.336e-22,7.626e-24,2.950e-30,1.074e-18,1.345e-5,1.146e-16,6.490e+1,3.090e-23,6.469e-9,,1.960e-28,6.583e-37,8.869e-22,1.879e-19,2.311e-17,1.227e+0,6.276e+2,1.268e-22,2.124e-2,6.639e-21,,2.362e+0,1.231e+3,4.439e+3,2.202e-28,2.440e-21,1.321e-23,,,,,,,,,,,,7.520e-22,,,,,,,,,9.344e-4,,1.959e-20,5.980e-19,,2.699e-18
253.49,6.664e+3,9.589e-21,1.060e-11,1.848e-34,,2.503e-17,1.360e-41,2.337e-22,7.653e-24,1.793e-30,1.076e-18,6.404e-6,4.805e-17,4.941e+1,3.083e-23,1.210e-8,,1.962e-28,2.529e-36,8.877e-22,1.881e-19,4.210e-17,8.170e-1,6.144e+2,1.248e-22,3.022e-2,6.641e-21,,2.440e+0,1.376e+3,4.622e+3,2.201e-28,2.442e-21,1.342e-23,,,,,,,,,,,,7.532e-22,,,,,,,,,4.930e-4,,1.955e-20,5.985e-19,,2.702e-18
253.51,6.859e+3,9.584e-21,1.377e-11,1.844e-34,,2.031e-17,1.022e-41,2.337e-22,7.672e-24,1.267e-30,1.078e-18,3.847e-6,2.652e-17,4.096e+1,3.079e-23,1.810e-8,,1.963e-28,6.113e-36,8.883e-22,1.882e-19,6.188e-17,6.295e-1,6.027e+2,1.234e-22,3.792e-2,6.643e-21,,2.486e+0,1.471e+3,4.741e+3,2.200e-28,2.442e-21,1.356e-23,,,,,,,,,,,,7.539e-22,,,,,,,,,3.173e-4,,1.952e-20,5.989e-19,,2.703e-18
253.54,7.142e+3,9.575e-21,2.001e-11,1.837e-34,,1.452e-17,6.535e-42,2.338e-22,7.699e-24,7.364e-31,1.080e-18,1.752e-6,1.063e-17,3.056e+1,3.073e-23,3.239e-8,,1.965e-28,2.247e-35,8.892e-22,1.884e-19,1.078e-16,4.536e-1,5.797e+2,1.214e-22,5.232e-2,6.645e-21,,2.545e+0,1.607e+3,4.922e+3,2.199e-28,2.443e-21,1.378e-23,,,,,,,,,,,,7.551e-22,,,,,,,,,1.604e-4,,1.948e-20,5.995e-19,,2.706e-18
253.56,7.321e+3,9.570e-21,2.534e-11,1.833e-34,,1.143e-17,4.801e-42,2.338e-22,7.718e-24,5.052e-31,1.081e-18,1.021e-6,5.699e-18,2.492e+1,3.069e-23,4.703e-8,,1.966e-28,5.274e-35,8.898e-22,1.885e-19,1.538e-16,3.974e-1,5.604e+2,1.201e-22,6.397e-2,6.647e-21,,2.578e+0,1.688e+3,5.044e+3,2.198e-28,2.444e-21,1.392e-23,,,,,,,,,,,,7.558e-22,,,,,,,,,1.004e-4,,1.945e-20,5.998e-19,,2.707e-18
253.59,7.572e+3,9.561e-21,3.545e-11,1.827e-34,,7.814e-18,3.015e-42,2.339e-22,7.745e-24,2.807e-31,1.083e-18,4.447e-7,2.187e-18,1.806e+1,3.063e-23,8.049e-8,,1.967e-28,1.855e-34,8.907e-22,1.887e-19,2.564e-16,3.975e-1,5.256e+2,1.180e-22,8.464e-2,6.649e-21,,2.617e+0,1.793e+3,5.233e+3,2.198e-28,2.445e-21,1.413e-23,,,,,,,,,,,,7.570e-22,,,,,,,,,4.861e-5,,1.941e-20,6.004e-19,,2.710e-18
253.61,7.727e+3,9.556e-21,4.379e-11,1.823e-34,,5.973e-18,2.244e-42,2.339e-22,7.763e-24,1.869e-31,1.084e-18,2.516e-7,1.138e-18,1.441e+1,3.059e-23,1.135e-7,,1.968e-28,4.227e-34,8.913e-22,1.888e-19,3.551e-16,4.549e-1,4.987e+2,1.167e-22,1.005e-1,6.650e-21,,2.636e+0,1.849e+3,5.362e+3,2.197e-28,2.446e-21,1.428e-23,,,,,,,,,,,,7.577e-22,,,,,,,,,2.956e-5,,1.938e-20,6.008e-19,,2.712e-18
253.64,7.935e+3,9.548e-21,5.901e-11,1.816e-34,,3.904e-18,1.561e-42,2.340e-22,7.791e-24,9.930e-32,1.086e-18,1.047e-7,4.179e-19,1.008e+1,3.053e-23,1.858e-7,,1.970e-28,1.423e-33,8.922e-22,1.890e-19,5.662e-16,6.380e-1,4.536e+2,1.147e-22,1.273e-1,6.653e-21,,2.651e+0,1.910e+3,5.558e+3,2.196e-28,2.447e-21,1.449e-23,,,,,,,,,,,,7.589e-22,,,,,,,,,1.371e-5,,1.934e-20,6.013e-19,,2.714e-18
253.66,8.056e+3,9.542e-21,7.112e-11,1.812e-34,,2.896e-18,1.363e-42,2.340e-22,7.809e-24,6.417e-32,1.088e-18,5.751e-8,2.112e-19,7.843e+0,3.049e-23,2.543e-7,,1.971e-28,3.148e-33,8.928e-22,1.891e-19,7.613e-16,8.369e-1,4.212e+2,1.133e-22,1.468e-1,6.654e-21,,2.651e+0,1.935e+3,5.688e+3,2.195e-28,2.448e-21,1.463e-23,,,,,,,,,,,,7.596e-22,,,,,,,,,8.102e-6,,1.931e-20,6.017e-19,,2.716e-18
253.68,8.161e+3,9.537e-21,8.487e-11,1.808e-34,,2.123e-18,1.342e-42,2.340e-22,7.828e-24,4.098e-32,1.089e-18,3.121e-8,1.054e-19,6.038e+0,3.045e-23,3.439e-7,,1.972e-28,6.885e-33,8.934e-22,1.892e-19,1.012e-15,1.111e+0,3.874e+2,1.120e-22,1.672e-1,6.656e-21,,2.642e+0,1.949e+3,5.815e+3,2.195e-28,2.449e-21,1.477e-23,,,,,,,,,,,,7.604e-22,,,,,,,,,4.732e-6,,1.929e-20,6.021e-19,,2.717e-18
253.71,8.287e+3,9.528e-21,1.087e-10,1.801e-34,,1.303e-18,1.631e-42,2.341e-22,7.855e-24,2.044e-32,1.091e-18,1.220e-8,3.639e-20,3.995e+0,3.039e-23,5.292e-7,,1.973e-28,2.178e-32,8.943e-22,1.894e-19,1.516e-15,1.698e+0,3.357e+2,1.100e-22,1.990e-1,6.658e-21,,2.609e+0,1.952e+3,5.991e+3,2.194e-28,2.450e-21,1.499e-23,,,,,,,,,,,,7.615e-22,,,,,,,,,2.067e-6,,1.924e-20,6.026e-19,,2.720e-18
253.73,8.347e+3,9.523e-21,1.266e-10,1.797e-34,,9.274e-19,2.051e-42,2.341e-22,7.874e-24,1.267e-32,1.092e-18,6.422e-9,1.764e-20,2.992e+0,3.034e-23,6.948e-7,,1.974e-28,4.626e-32,8.949e-22,1.895e-19,1.955e-15,2.233e+0,3.014e+2,1.086e-22,2.201e-1,6.659e-21,,2.572e+0,1.945e+3,6.093e+3,2.193e-28,2.451e-21,1.513e-23,,,,,,,,,,,,7.623e-22,,,,,,,,,1.173e-6,,1.922e-20,6.030e-19,,2.721e-18
253.76,8.401e+3,9.515e-21,1.563e-10,1.791e-34,,5.444e-19,3.084e-42,2.342e-22,7.901e-24,6.044e-33,1.094e-18,2.399e-9,5.825e-21,1.898e+0,3.028e-23,1.023e-6,,1.976e-28,1.400e-31,8.957e-22,1.897e-19,2.802e-15,3.306e+0,2.517e+2,1.066e-22,2.506e-1,6.661e-21,,2.496e+0,1.926e+3,6.216e+3,2.192e-28,2.452e-21,1.534e-23,,,,,,,,,,,,7.634e-22,,,,,,,,,4.908e-7,,1.917e-20,6.036e-19,,2.724e-18
253.78,8.411e+3,9.509e-21,1.778e-10,1.787e-34,,3.760e-19,4.096e-42,2.342e-22,7.919e-24,3.635e-33,1.096e-18,1.226e-9,2.742e-21,1.381e+0,3.024e-23,1.304e-6,,1.977e-28,2.887e-31,8.963e-22,1.898e-19,3.510e-15,4.237e+0,2.203e+2,1.053e-22,2.692e-1,6.663e-21,,2.431e+0,1.912e+3,6.270e+3,2.192e-28,2.453e-21,1.549e-23,,,,,,,,,,,,7.642e-22,,,,,,,,,2.708e-7,,1.915e-20,6.039e-19,,2.725e-18
253.81,8.388e+3,9.501e-21,2.119e-10,1.780e-34,,2.110e-19,6.232e-42,2.343e-22,7.947e-24,1.658e-33,1.098e-18,4.380e-10,8.659e-22,8.391e-1,3.018e-23,1.835e-6,,1.978e-28,8.363e-31,8.972e-22,1.900e-19,4.811e-15,6.015e+0,1.770e+2,1.033e-22,2.932e-1,6.665e-21,,2.314e+0,1.899e+3,6.303e+3,2.191e-28,2.454e-21,1.570e-23,,,,,,,,,,,,7.654e-22,,,,,,,,,1.091e-7,,1.910e-20,6.045e-19,,2.728e-18
253.83,8.347e+3,9.495e-21,2.354e-10,1.776e-34,,1.414e-19,8.158e-42,2.343e-22,7.965e-24,9.679e-34,1.099e-18,2.172e-10,3.957e-22,5.931e-1,3.014e-23,2.271e-6,,1.979e-28,1.675e-30,8.978e-22,1.901e-19,5.850e-15,7.487e+0,1.510e+2,1.019e-22,3.060e-1,6.667e-21,,2.226e+0,1.898e+3,6.288e+3,2.190e-28,2.454e-21,1.584e-23,,,,,,,,,,,,7.661e-22,,,,,,,,,5.942e-8,,1.908e-20,6.049e-19,,2.730e-18
253.86,8.252e+3,9.487e-21,2.709e-10,1.770e-34,,7.591e-20,1.198e-41,2.344e-22,7.993e-24,4.221e-34,1.101e-18,7.419e-11,1.195e-22,3.448e-1,3.008e-23,3.058e-6,,1.981e-28,4.641e-30,8.987e-22,1.903e-19,7.671e-15,1.017e+1,1.166e+2,9.990e-23,3.192e-1,6.669e-21,,2.084e+0,1.916e+3,6.206e+3,2.189e-28,2.456e-21,1.606e-23,,,,,,,,,,,,7.673e-22,,,,,,,,,2.605e-8,,1.903e-20,6.054e-19,,2.732e-18
253.88,8.166e+3,9.482e-21,2.941e-10,1.766e-34,,4.939e-20,1.527e-41,2.344e-22,8.011e-24,2.392e-34,1.102e-18,3.571e-11,5.303e-23,2.367e-1,3.004e-23,3.675e-6,,1.982e-28,9.023e-30,8.993e-22,1.904e-19,9.054e-15,1.229e+1,9.685e+1,9.856e-23,3.238e-1,6.670e-21,,1.987e+0,1.944e+3,6.110e+3,2.188e-28,2.456e-21,1.620e-23,,,,,,,,,,,,7.680e-22,,,,,,,,,1.887e-8,,1.901e-20,6.058e-19,,2.734e-18
253.91,8.011e+3,9.473e-21,3.271e-10,1.759e-34,,2.534e-20,2.148e-41,2.345e-22,8.039e-24,9.972e-35,1.104e-18,1.166e-11,1.532e-23,1.316e-1,2.998e-23,4.733e-6,,1.984e-28,2.393e-29,9.002e-22,1.906e-19,1.136e-14,1.597e+1,7.186e+1,9.654e-23,3.242e-1,6.673e-21,,1.847e+0,2.012e+3,5.908e+3,2.187e-28,2.457e-21,1.641e-23,,,,,,,,,,,,7.692e-22,,,,,,,,,2.327e-8,,1.896e-20,6.064e-19,,2.736e-18
253.93,7.892e+3,9.468e-21,3.473e-10,1.755e-34,,1.600e-20,2.658e-41,2.345e-22,8.057e-24,5.483e-35,1.106e-18,5.445e-12,6.598e-24,8.770e-2,2.994e-23,5.521e-6,,1.985e-28,4.517e-29,9.008e-22,1.907e-19,1.301e-14,1.874e+1,5.810e+1,9.520e-23,3.202e-1,6.674e-21,,1.762e+0,2.076e+3,5.737e+3,2.187e-28,2.458e-21,1.656e-23,,,,,,,,,,,,7.699e-22,,,,,,,,,3.763e-8,,1.894e-20,6.067e-19,,2.738e-18
253.96,7.697e+3,9.460e-21,3.739e-10,1.749e-34,,7.854e-21,3.578e-41,2.346e-22,8.085e-24,2.186e-35,1.108e-18,1.700e-12,1.823e-24,4.665e-2,2.988e-23,6.802e-6,,1.986e-28,1.146e-28,9.017e-22,1.909e-19,1.561e-14,2.330e+1,4.139e+1,9.318e-23,3.089e-1,6.676e-21,,1.658e+0,2.196e+3,5.435e+3,2.186e-28,2.459e-21,1.677e-23,,,,,,,,,,,,7.711e-22,,,,,,,,,8.924e-8,,1.889e-20,6.073e-19,,2.740e-18
253.98,7.559e+3,9.454e-21,3.887e-10,1.744e-34,,4.814e-21,4.298e-41,2.346e-22,8.103e-24,1.167e-35,1.109e-18,7.705e-13,7.622e-25,3.018e-2,2.983e-23,7.703e-6,,1.987e-28,2.101e-28,9.023e-22,1.910e-19,1.737e-14,2.654e+1,3.256e+1,9.184e-23,2.983e-1,6.678e-21,,1.608e+0,2.290e+3,5.208e+3,2.185e-28,2.460e-21,4.861e-23,,,,,,,,,,,,7.718e-22,,,,,,,,,1.607e-7,,1.887e-20,6.077e-19,,2.742e-18
254.01,7.346e+3,9.446e-21,4.057e-10,1.738e-34,,2.259e-21,5.535e-41,2.347e-22,8.131e-24,4.447e-36,1.111e-18,2.299e-13,2.014e-25,1.535e-2,2.977e-23,9.079e-6,,1.989e-28,5.101e-28,9.032e-22,1.912e-19,1.994e-14,3.156e+1,2.226e+1,8.983e-23,2.798e-1,6.680e-21,,1.571e+0,2.446e+3,4.844e+3,2.184e-28,2.461e-21,2.347e-22,,,,,,,,,,,,7.730e-22,,,,,,,,,3.827e-7,,1.882e-20,6.082e-19,,2.744e-18
254.03,7.202e+3,9.440e-21,4.136e-10,1.734e-34,,1.344e-21,6.456e-41,2.347e-22,8.149e-24,2.303e-36,1.112e-18,1.012e-13,8.174e-26,9.639e-3,2.973e-23,9.981e-6,,1.990e-28,9.079e-28,9.038e-22,1.914e-19,2.153e-14,3.490e+1,1.703e+1,8.848e-23,2.666e-1,6.682e-21,,1.574e+0,2.556e+3,4.592e+3,2.184e-28,2.462e-21,6.606e-22,,,,,,,,,,,,7.737e-22,,,,,,,,,6.732e-7,,1.880e-20,6.086e-19,,2.746e-18
254.05,7.058e+3,9.435e-21,4.185e-10,1.730e-34,,7.898e-22,7.441e-41,2.347e-22,8.167e-24,1.179e-36,1.114e-18,4.397e-14,3.277e-26,5.980e-3,2.969e-23,1.084e-5,,1.991e-28,1.597e-27,9.044e-22,1.915e-19,2.298e-14,3.814e+1,1.289e+1,8.714e-23,2.536e-1,6.683e-21,,1.600e+0,2.666e+3,4.339e+3,2.183e-28,2.463e-21,1.838e-21,,,,,,,,,,,,7.745e-22,,,,,,,,,1.171e-6,,1.877e-20,6.090e-19,,2.748e-18
254.08,6.846e+3,9.427e-21,4.205e-10,1.723e-34,,3.481e-22,9.005e-41,2.348e-22,8.195e-24,4.220e-37,1.116e-18,1.232e-14,8.137e-27,2.858e-3,2.963e-23,1.201e-5,,1.992e-28,3.645e-27,9.052e-22,1.917e-19,2.478e-14,4.262e+1,8.311e+0,8.512e-23,2.364e-1,6.685e-21,,1.681e+0,2.826e+3,3.967e+3,2.182e-28,2.464e-21,8.345e-21,,,,,,,,,,,,7.757e-22,,,,,,,,,2.626e-6,,1.873e-20,6.095e-19,,2.750e-18
254.1,6.708e+3,9.421e-21,4.186e-10,1.719e-34,,1.986e-22,1.008e-40,2.348e-22,8.213e-24,2.096e-37,1.117e-18,5.198e-15,3.167e-27,1.721e-3,2.959e-23,1.267e-5,,1.993e-28,6.227e-27,9.058e-22,1.918e-19,2.568e-14,4.522e+1,6.116e+0,8.378e-23,2.274e-1,6.687e-21,,1.763e+0,2.923e+3,3.731e+3,2.181e-28,2.465e-21,2.255e-20,,,,,,,,,,,,7.764e-22,,,,,,,,,4.434e-6,,1.870e-20,6.099e-19,,2.752e-18
254.13,6.506e+3,9.413e-21,4.113e-10,1.713e-34,,8.369e-23,1.167e-40,2.349e-22,8.241e-24,7.175e-38,1.119e-18,1.392e-15,7.519e-28,7.866e-4,2.953e-23,1.342e-5,,1.995e-28,1.360e-26,9.067e-22,1.920e-19,2.649e-14,4.834e+1,3.780e+0,8.177e-23,2.194e-1,6.689e-21,,1.918e+0,3.050e+3,3.402e+3,2.180e-28,2.466e-21,9.799e-20,,,,,,,,,,,,7.776e-22,,,,,,,,,9.518e-6,,1.866e-20,6.105e-19,,2.754e-18
254.15,6.375e+3,9.407e-21,4.039e-10,1.709e-34,,4.634e-23,1.267e-40,2.349e-22,8.259e-24,3.459e-38,1.120e-18,5.700e-16,2.841e-28,4.598e-4,2.949e-23,1.374e-5,,1.996e-28,2.255e-26,9.073e-22,1.921e-19,2.665e-14,4.979e+1,2.704e+0,8.042e-23,2.183e-1,6.690e-21,,2.038e+0,3.118e+3,3.203e+3,2.180e-28,2.467e-21,2.572e-19,,,,,,,,,,,,7.783e-22,,,,,,,,,1.561e-5,,1.863e-20,6.109e-19,,2.756e-18
254.18,6.186e+3,9.399e-21,3.896e-10,1.702e-34,,1.867e-23,1.404e-40,2.350e-22,8.287e-24,1.132e-38,1.122e-18,1.460e-16,6.449e-29,2.009e-4,2.943e-23,1.393e-5,,1.997e-28,4.713e-26,9.082e-22,1.923e-19,2.630e-14,5.091e+1,1.601e+0,7.841e-23,2.239e-1,6.693e-21,,2.232e+0,3.193e+3,2.937e+3,2.179e-28,2.468e-21,1.069e-18,,,,,,,,,,,,7.795e-22,,,,,,,,,3.207e-5,,1.859e-20,6.114e-19,,2.758e-18
254.2,6.063e+3,9.393e-21,3.785e-10,1.698e-34,,1.004e-23,1.480e-40,2.350e-22,8.305e-24,5.296e-39,1.124e-18,5.801e-17,2.365e-29,1.140e-4,2.939e-23,1.384e-5,,1.998e-28,7.590e-26,9.088e-22,1.924e-19,2.568e-14,5.091e+1,1.113e+0,7.706e-23,2.325e-1,6.694e-21,,2.362e+0,3.225e+3,2.783e+3,2.178e-28,2.469e-21,2.726e-18,,,,,,,,,,,,7.802e-22,,,,,,,,,5.107e-5,,1.856e-20,6.118e-19,,2.760e-18
254.23,5.884e+3,9.385e-21,3.598e-10,1.692e-34,,3.868e-24,1.568e-40,2.351e-22,8.333e-24,1.657e-39,1.126e-18,1.420e-17,5.134e-30,4.764e-5,2.933e-23,1.342e-5,,2.000e-28,1.518e-25,9.097e-22,1.926e-19,2.424e-14,4.979e+1,6.318e-1,7.505e-23,2.526e-1,6.696e-21,,2.545e+0,3.246e+3,2.585e+3,2.177e-28,2.470e-21,1.085e-17,,,,,,,,,,,,7.814e-22,,,,,,,,,1.004e-4,,1.852e-20,6.124e-19,,2.762e-18
254.25,5.769e+3,9.380e-21,3.464e-10,1.688e-34,,2.018e-24,1.606e-40,2.351e-22,8.351e-24,7.525e-40,1.127e-18,5.477e-18,1.827e-30,2.623e-5,2.928e-23,1.295e-5,,2.001e-28,2.373e-25,9.103e-22,1.927e-19,2.298e-14,4.834e+1,4.268e-1,7.370e-23,2.703e-1,6.698e-21,,2.651e+0,3.243e+3,2.474e+3,2.177e-28,2.470e-21,2.686e-17,,,,,,,,,,,,7.821e-22,,,,,,,,,1.554e-4,,1.849e-20,6.127e-19,,2.764e-18
254.28,5.602e+3,9.371e-21,3.253e-10,1.681e-34,,7.434e-25,1.627e-40,2.352e-22,8.378e-24,2.251e-40,1.129e-18,1.282e-18,3.707e-31,1.048e-5,2.922e-23,1.201e-5,,2.003e-28,4.540e-25,9.112e-22,1.929e-19,2.075e-14,4.522e+1,2.320e-1,7.169e-23,3.018e-1,6.700e-21,,2.775e+0,3.219e+3,2.334e+3,2.176e-28,2.472e-21,1.023e-16,,,,,,,,,,,,7.833e-22,,,,,,,,,2.924e-4,,1.845e-20,6.133e-19,,2.766e-18
254.3,5.495e+3,9.366e-21,3.106e-10,1.677e-34,,3.764e-25,1.618e-40,2.352e-22,8.397e-24,9.922e-41,1.130e-18,4.797e-19,1.282e-31,5.603e-6,2.918e-23,1.125e-5,,2.004e-28,6.894e-25,9.118e-22,1.930e-19,1.910e-14,4.262e+1,1.523e-1,7.035e-23,3.252e-1,6.702e-21,,2.828e+0,3.192e+3,2.257e+3,2.175e-28,2.472e-21,2.460e-16,,,,,,,,,,,,7.840e-22,,,,,,,,,4.394e-4,,1.842e-20,6.137e-19,,2.768e-18
254.33,5.341e+3,9.358e-21,2.880e-10,1.671e-34,,1.326e-25,1.568e-40,2.352e-22,8.424e-24,2.838e-41,1.132e-18,1.074e-19,2.548e-32,2.141e-6,2.912e-23,9.981e-6,,2.005e-28,1.262e-24,9.127e-22,1.932e-19,1.649e-14,3.814e+1,7.924e-2,6.833e-23,3.618e-1,6.704e-21,,2.859e+0,3.139e+3,2.161e+3,2.174e-28,2.473e-21,8.968e-16,,,,,,,,,,,,7.852e-22,,,,,,,,,7.921e-4,,1.838e-20,6.142e-19,,2.771e-18
254.35,5.244e+3,9.352e-21,2.725e-10,1.666e-34,,6.517e-26,1.514e-40,2.353e-22,8.443e-24,1.214e-41,1.133e-18,3.899e-20,2.920e-32,1.111e-6,2.908e-23,9.079e-6,,2.006e-28,1.861e-24,9.132e-22,1.933e-19,1.474e-14,3.490e+1,5.052e-2,6.699e-23,3.860e-1,6.705e-21,,2.845e+0,3.098e+3,2.108e+3,2.174e-28,2.474e-21,2.094e-15,,,,,,,,,,,,7.859e-22,,,,,,,,,1.157e-3,,1.835e-20,6.146e-19,,2.772e-18
254.38,5.106e+3,9.344e-21,2.489e-10,1.660e-34,,2.195e-26,1.404e-40,2.353e-22,8.470e-24,3.320e-42,1.135e-18,8.343e-21,3.479e-32,4.059e-7,2.902e-23,7.703e-6,,2.008e-28,3.259e-24,9.141e-22,1.935e-19,1.218e-14,2.988e+1,2.517e-2,6.497e-23,4.199e-1,6.708e-21,,2.776e+0,3.031e+3,2.042e+3,2.173e-28,2.475e-21,7.307e-15,,,,,,,,,,,,7.871e-22,,,,,,,,,1.997e-3,,1.831e-20,6.152e-19,,2.775e-18
254.4,5.020e+3,9.338e-21,2.330e-10,1.656e-34,,1.047e-26,1.315e-40,2.354e-22,8.489e-24,1.378e-42,1.137e-18,2.940e-21,3.851e-32,2.044e-7,2.898e-23,6.803e-6,,2.009e-28,4.666e-24,9.147e-22,1.936e-19,1.056e-14,2.654e+1,1.559e-2,6.363e-23,4.398e-1,6.709e-21,,2.700e+0,2.984e+3,2.006e+3,2.172e-28,2.476e-21,1.657e-14,,,,,,,,,,,,7.879e-22,,,,,,,,,2.834e-3,,1.828e-20,6.155e-19,,2.776e-18
254.43,4.898e+3,9.330e-21,2.091e-10,1.650e-34,,3.373e-27,1.167e-40,2.354e-22,8.516e-24,3.605e-43,1.139e-18,6.015e-22,4.409e-32,7.141e-8,2.892e-23,5.521e-6,,2.010e-28,7.819e-24,9.156e-22,1.938e-19,8.346e-15,2.173e+1,7.435e-3,6.161e-23,4.643e-1,6.711e-21,,2.551e+0,2.911e+3,1.962e+3,2.171e-28,2.477e-21,5.534e-14,,,,,,,,,,,,7.890e-22,,,,,,,,,4.691e-3,,1.824e-20,6.161e-19,,2.779e-18
254.45,4.823e+3,9.325e-21,1.932e-10,1.645e-34,,1.562e-27,1.061e-40,2.355e-22,8.534e-24,1.452e-43,1.140e-18,2.057e-22,4.781e-32,3.490e-8,2.888e-23,4.733e-6,,2.011e-28,1.087e-23,9.162e-22,1.939e-19,7.029e-15,1.874e+1,4.473e-3,6.027e-23,4.765e-1,6.713e-21,,2.436e+0,2.861e+3,1.940e+3,2.170e-28,2.478e-21,1.219e-13,,,,,,,,,,,,7.898e-22,,,,,,,,,6.474e-3,,1.821e-20,6.165e-19,,2.780e-18
254.47,4.751e+3,9.319e-21,1.776e-10,1.641e-34,,7.144e-28,9.541e-41,2.355e-22,8.553e-24,5.781e-44,1.141e-18,2.461e-22,5.153e-32,1.686e-8,2.884e-23,4.010e-6,,2.012e-28,1.494e-23,9.168e-22,1.940e-19,5.850e-15,1.597e+1,2.662e-3,5.893e-23,4.853e-1,6.714e-21,,2.313e+0,2.809e+3,1.924e+3,2.170e-28,2.479e-21,2.652e-13,,,,,,,,,,,,7.905e-22,,,,,,,,,8.838e-3,,1.818e-20,6.168e-19,,2.782e-18
254.5,4.651e+3,9.311e-21,1.548e-10,1.635e-34,,2.162e-28,7.955e-41,2.356e-22,8.580e-24,1.420e-44,1.143e-18,3.067e-22,5.711e-32,5.532e-9,2.877e-23,3.058e-6,,2.014e-28,2.353e-23,9.177e-22,1.942e-19,4.344e-15,1.229e+1,1.201e-3,5.691e-23,4.926e-1,6.716e-21,,2.129e+0,2.725e+3,1.911e+3,2.169e-28,2.480e-21,8.331e-13,,,,,,,,,,,,7.917e-22,,,,,,,,,1.381e-2,,1.814e-20,6.174e-19,,2.784e-18
254.52,4.589e+3,9.305e-21,1.402e-10,1.631e-34,,9.597e-29,6.944e-41,2.356e-22,8.599e-24,5.486e-45,1.145e-18,3.471e-22,6.083e-32,2.593e-9,2.873e-23,2.516e-6,,2.015e-28,3.139e-23,9.183e-22,1.943e-19,3.510e-15,1.017e+1,7.042e-4,5.557e-23,4.943e-1,6.718e-21,,2.013e+0,2.664e+3,1.912e+3,2.168e-28,2.481e-21,1.761e-12,,,,,,,,,,,,7.924e-22,,,,,,,,,1.836e-2,,1.811e-20,6.178e-19,,2.786e-18
254.55,4.503e+3,9.297e-21,1.197e-10,1.624e-34,,2.777e-29,5.542e-41,2.357e-22,8.626e-24,1.288e-45,1.147e-18,4.077e-22,6.641e-32,8.138e-10,2.867e-23,1.835e-6,,2.016e-28,4.732e-23,9.192e-22,1.945e-19,2.493e-15,7.486e+0,3.358e-4,5.355e-23,4.936e-1,6.720e-21,,1.863e+0,2.564e+3,1.929e+3,2.167e-28,2.482e-21,5.294e-12,,,,,,,,,,,,7.936e-22,,,,,,,,,2.759e-2,,1.807e-20,6.183e-19,,2.789e-18
254.57,4.451e+3,9.292e-21,1.071e-10,1.620e-34,,1.197e-29,4.702e-41,2.357e-22,8.645e-24,4.831e-46,1.148e-18,4.481e-22,7.013e-32,3.703e-10,2.863e-23,1.465e-6,,2.017e-28,6.131e-23,9.198e-22,1.946e-19,1.955e-15,6.013e+0,2.400e-4,5.221e-23,4.923e-1,6.722e-21,,1.784e+0,2.491e+3,1.952e+3,2.167e-28,2.483e-21,1.087e-11,,,,,,,,,,,,7.943e-22,,,,,,,,,3.575e-2,,1.804e-20,6.187e-19,,2.790e-18
254.6,4.382e+3,9.283e-21,8.974e-11,1.614e-34,,3.310e-30,3.600e-41,2.357e-22,8.672e-24,1.085e-46,1.150e-18,5.087e-22,7.571e-32,1.111e-10,2.857e-23,1.023e-6,,2.019e-28,8.843e-23,9.207e-22,1.948e-19,1.329e-15,4.234e+0,2.496e-4,5.020e-23,4.919e-1,6.724e-21,,1.704e+0,2.371e+3,2.005e+3,2.166e-28,2.484e-21,3.127e-11,,,,,,,,,,,,7.955e-22,,,,,,,,,5.179e-2,,1.800e-20,6.193e-19,,2.793e-18
254.62,4.343e+3,9.278e-21,7.937e-11,1.609e-34,,1.385e-30,2.978e-41,2.358e-22,8.690e-24,3.947e-47,1.151e-18,5.491e-22,7.943e-32,4.907e-11,2.853e-23,7.929e-7,,2.020e-28,1.112e-22,9.213e-22,1.949e-19,1.012e-15,3.302e+0,3.613e-4,4.885e-23,4.941e-1,6.725e-21,,1.678e+0,2.284e+3,2.054e+3,2.165e-28,2.484e-21,6.234e-11,,,,,,,,,,,,7.962e-22,,,,,,,,,6.554e-2,,1.797e-20,6.196e-19,,2.794e-18
254.65,4.298e+3,9.270e-21,6.561e-11,1.603e-34,,3.663e-31,2.214e-41,2.358e-22,8.718e-24,8.474e-48,1.153e-18,6.097e-22,8.501e-32,1.408e-11,2.847e-23,5.293e-7,,2.022e-28,1.535e-22,9.221e-22,1.951e-19,6.575e-16,2.224e+0,7.716e-4,4.684e-23,5.034e-1,6.728e-21,,1.681e+0,2.144e+3,2.149e+3,2.164e-28,2.486e-21,1.717e-10,,,,,,,,,,,,7.974e-22,,,,,,,,,9.182e-2,,1.793e-20,6.202e-19,,2.797e-18
254.67,4.277e+3,9.264e-21,5.761e-11,1.599e-34,,1.487e-31,1.814e-41,2.359e-22,8.736e-24,2.993e-48,1.155e-18,6.501e-22,8.873e-32,6.036e-12,2.843e-23,3.984e-7,,2.023e-28,1.875e-22,9.227e-22,1.952e-19,4.861e-16,1.683e+0,1.320e-3,4.549e-23,5.146e-1,6.729e-21,,1.708e+0,2.047e+3,2.225e+3,2.163e-28,2.486e-21,3.324e-10,,,,,,,,,,,,7.982e-22,,,,,,,,,1.138e-1,,1.790e-20,6.206e-19,,2.798e-18
254.7,4.261e+3,9.256e-21,4.723e-11,1.593e-34,,3.761e-32,1.375e-41,2.359e-22,8.764e-24,6.144e-49,1.157e-18,7.107e-22,9.431e-32,1.656e-12,2.837e-23,2.544e-7,,2.024e-28,2.476e-22,9.236e-22,1.954e-19,3.022e-16,1.085e+0,2.936e-3,4.348e-23,5.401e-1,6.731e-21,,1.781e+0,1.899e+3,2.358e+3,2.163e-28,2.487e-21,8.762e-10,,,,,,,,,,,,7.993e-22,,,,,,,,,1.548e-1,,1.786e-20,6.211e-19,,2.801e-18
254.72,4.261e+3,9.250e-21,4.132e-11,1.588e-34,,1.482e-32,1.187e-41,2.360e-22,8.782e-24,2.106e-49,1.158e-18,7.511e-22,9.803e-32,6.891e-13,2.833e-23,1.859e-7,,2.025e-28,2.937e-22,9.242e-22,1.955e-19,2.169e-16,7.972e-1,4.940e-3,4.214e-23,5.629e-1,6.733e-21,,1.846e+0,1.800e+3,2.457e+3,2.162e-28,2.488e-21,1.648e-9,,,,,,,,,,,,8.001e-22,,,,,,,,,1.884e-1,,1.783e-20,6.215e-19,,2.802e-18
254.75,4.274e+3,9.242e-21,3.380e-11,1.582e-34,,3.585e-33,1.064e-41,2.360e-22,8.810e-24,2.094e-49,1.160e-18,8.117e-22,1.036e-31,1.808e-13,2.827e-23,1.136e-7,,2.027e-28,3.711e-22,9.251e-22,1.957e-19,1.290e-16,4.913e-1,1.056e-2,4.012e-23,6.049e-1,6.735e-21,,1.957e+0,1.655e+3,2.615e+3,2.161e-28,2.489e-21,4.157e-9,,,,,,,,,,,,8.012e-22,,,,,,,,,2.500e-1,,1.779e-20,6.221e-19,,2.805e-18
254.77,4.290e+3,9.236e-21,2.959e-11,1.578e-34,,1.371e-33,1.094e-41,2.361e-22,8.828e-24,2.086e-49,1.161e-18,8.521e-22,1.073e-31,7.302e-14,2.822e-23,8.061e-8,,2.028e-28,4.273e-22,9.257e-22,1.958e-19,8.986e-17,3.505e-1,1.727e-2,3.878e-23,6.370e-1,6.737e-21,,2.033e+0,1.563e+3,2.724e+3,2.160e-28,2.490e-21,7.591e-9,,,,,,,,,,,,8.020e-22,,,,,,,,,2.999e-1,,1.776e-20,6.225e-19,,2.807e-18
254.8,4.320e+3,9.228e-21,2.437e-11,1.571e-34,,3.171e-34,1.330e-41,2.361e-22,8.856e-24,2.074e-49,1.163e-18,9.127e-22,1.129e-31,1.832e-14,2.816e-23,4.713e-8,,2.029e-28,5.166e-22,9.266e-22,1.960e-19,5.112e-17,2.066e-1,3.533e-2,3.676e-23,6.887e-1,6.739e-21,,2.141e+0,1.434e+3,2.882e+3,2.159e-28,2.491e-21,1.833e-8,,,,,,,,,,,,8.031e-22,,,,,,,,,3.901e-1,,1.772e-20,6.230e-19,,2.809e-18
254.82,4.339e+3,9.223e-21,2.155e-11,1.567e-34,,1.177e-34,1.635e-41,2.362e-22,8.874e-24,2.066e-49,1.165e-18,9.531e-22,1.166e-31,7.181e-15,2.812e-23,3.248e-8,,2.030e-28,5.777e-22,9.272e-22,1.961e-19,3.458e-17,1.432e-1,5.612e-2,3.542e-23,7.234e-1,6.740e-21,,2.203e+0,1.355e+3,2.981e+3,2.159e-28,2.492e-21,3.251e-8,,,,,,,,,,,,8.039e-22,,,,,,,,,4.623e-1,,1.769e-20,6.234e-19,,2.811e-18
254.84,4.354e+3,9.217e-21,1.926e-11,1.563e-34,,4.317e-35,2.079e-41,2.362e-22,8.892e-24,2.058e-49,1.166e-18,9.935e-22,1.204e-31,2.781e-15,2.808e-23,2.212e-8,,2.031e-28,6.385e-22,9.278e-22,1.963e-19,2.311e-17,9.800e-2,8.809e-2,3.408e-23,7.566e-1,6.742e-21,,2.253e+0,1.281e+3,3.069e+3,2.158e-28,2.493e-21,5.699e-8,,,,,,,,,,,,8.046e-22,,,,,,,,,5.454e-1,,1.766e-20,6.238e-19,,2.812e-18
254.87,4.359e+3,9.209e-21,1.679e-11,1.557e-34,,9.379e-36,3.066e-41,2.362e-22,8.920e-24,2.046e-49,1.168e-18,1.054e-21,1.259e-31,6.555e-16,2.802e-23,1.216e-8,,2.033e-28,7.257e-22,9.287e-22,1.964e-19,1.235e-17,5.429e-2,1.695e-1,3.206e-23,8.002e-1,6.744e-21,,2.300e+0,1.179e+3,3.175e+3,2.157e-28,2.494e-21,1.294e-7,,,,,,,,,,,,8.058e-22,,,,,,,,,6.937e-1,,1.762e-20,6.243e-19,,2.815e-18
254.89,4.346e+3,9.203e-21,1.584e-11,1.553e-34,,3.339e-36,3.981e-41,2.363e-22,8.938e-24,2.037e-49,1.169e-18,1.094e-21,1.297e-31,2.464e-16,2.798e-23,8.048e-9,,2.034e-28,7.787e-22,9.293e-22,1.966e-19,8.017e-18,3.608e-2,2.584e-1,3.072e-23,8.228e-1,6.745e-21,,2.312e+0,1.118e+3,3.224e+3,2.157e-28,2.495e-21,2.203e-7,,,,,,,,,,,,8.065e-22,,,,,,,,,8.103e-1,,1.759e-20,6.247e-19,,2.816e-18
254.92,4.292e+3,9.195e-21,1.559e-11,1.546e-34,,6.935e-37,5.830e-41,2.363e-22,8.966e-24,2.025e-49,1.171e-18,1.155e-21,1.352e-31,5.553e-17,2.792e-23,4.240e-9,,2.035e-28,8.469e-22,9.302e-22,1.967e-19,4.099e-18,1.912e-2,4.758e-1,2.870e-23,8.440e-1,6.748e-21,,2.298e+0,1.032e+3,3.256e+3,2.156e-28,2.496e-21,4.788e-7,,,,,,,,,,,,8.077e-22,,,,,,,,,1.015e+0,,1.755e-20,6.253e-19,,2.819e-18
254.94,4.230e+3,9.190e-21,1.633e-11,1.542e-34,,2.396e-37,7.437e-41,2.364e-22,8.984e-24,2.017e-49,1.173e-18,1.195e-21,1.390e-31,2.026e-17,2.788e-23,2.727e-9,,2.037e-28,8.825e-22,9.307e-22,1.969e-19,2.583e-18,1.234e-2,7.044e-1,8.302e-23,8.483e-1,6.749e-21,,2.268e+0,9.777e+2,3.248e+3,2.155e-28,2.497e-21,7.917e-7,,,,,,,,,,,,8.084e-22,,,,,,,,,1.173e+0,,1.752e-20,6.256e-19,,2.820e-18
254.97,4.093e+3,9.181e-21,1.907e-11,1.536e-34,,4.760e-38,1.051e-40,2.364e-22,9.012e-24,2.005e-49,5.840e-18,1.256e-21,1.445e-31,4.366e-18,2.782e-23,1.378e-9,,2.038e-28,9.182e-22,9.316e-22,1.970e-19,1.263e-18,6.253e-3,1.241e+0,3.996e-22,8.386e-1,6.751e-21,,2.198e+0,8.988e+2,3.188e+3,2.154e-28,2.498e-21,1.647e-6,,,,,,,,,,,,8.096e-22,,,,,,,,,1.443e+0,,1.748e-20,6.262e-19,,2.823e-18
254.99,3.971e+3,9.176e-21,2.219e-11,1.531e-34,,4.823e-38,1.305e-40,2.365e-22,9.030e-24,1.997e-49,1.679e-17,1.296e-21,1.483e-31,1.546e-18,2.778e-23,8.628e-10,,2.039e-28,9.291e-22,9.322e-22,1.972e-19,7.725e-19,3.917e-3,1.785e+0,1.123e-21,8.211e-1,6.753e-21,,2.137e+0,8.468e+2,3.117e+3,2.153e-28,2.499e-21,2.644e-6,,,,,,,,,,,,8.104e-22,,,,,,,,,1.645e+0,,1.745e-20,6.266e-19,,2.825e-18
255.02,3.742e+3,9.168e-21,2.917e-11,1.525e-34,,4.919e-38,1.767e-40,2.365e-22,9.058e-24,1.985e-49,8.006e-17,1.357e-21,1.538e-31,3.187e-19,2.771e-23,4.192e-10,,2.041e-28,9.250e-22,9.331e-22,1.973e-19,3.614e-19,1.899e-3,3.010e+0,5.173e-21,7.794e-1,6.755e-21,,2.030e+0,7.681e+2,2.966e+3,2.152e-28,2.500e-21,5.264e-6,,,,,,,,,,,,8.115e-22,,,,,,,,,1.980e+0,,1.741e-20,6.271e-19,,2.827e-18
255.04,3.563e+3,9.162e-21,3.561e-11,1.521e-34,,4.982e-38,2.131e-40,2.366e-22,9.076e-24,1.977e-49,2.236e-16,1.397e-21,1.576e-31,1.095e-19,2.767e-23,2.559e-10,,2.042e-28,9.088e-22,9.337e-22,1.975e-19,2.146e-19,1.155e-3,4.203e+0,1.412e-20,7.424e-1,6.757e-21,,1.952e+0,7.149e+2,2.839e+3,2.152e-28,2.500e-21,8.209e-6,,,,,,,,,,,,8.123e-22,,,,,,,,,2.221e+0,,1.738e-20,6.275e-19,,2.829e-18
255.07,3.260e+3,9.154e-21,4.835e-11,1.515e-34,,5.078e-38,2.763e-40,2.366e-22,9.103e-24,1.965e-49,1.021e-15,1.458e-21,1.631e-31,1.100e-19,2.761e-23,1.201e-10,,2.043e-28,8.658e-22,9.346e-22,1.976e-19,9.604e-20,5.356e-4,6.784e+0,6.229e-20,6.755e-1,6.759e-21,,1.833e+0,6.339e+2,2.614e+3,2.151e-28,2.502e-21,1.564e-5,,,,,,,,,,,,8.134e-22,,,,,,,,,2.602e+0,,1.734e-20,6.281e-19,,2.831e-18
255.09,3.041e+3,9.148e-21,5.913e-11,1.510e-34,,5.141e-38,3.237e-40,2.367e-22,9.122e-24,1.957e-49,2.769e-15,1.498e-21,1.669e-31,1.103e-19,2.757e-23,7.178e-11,,2.044e-28,8.259e-22,9.352e-22,1.978e-19,5.536e-20,3.162e-4,9.199e+0,1.651e-19,6.252e-1,6.760e-21,,1.754e+0,5.796e+2,2.447e+3,2.150e-28,2.502e-21,2.369e-5,,,,,,,,,,,,8.142e-22,,,,,,,,,2.863e+0,,1.731e-20,6.284e-19,,2.833e-18
255.12,2.697e+3,9.140e-21,7.900e-11,1.504e-34,,5.237e-38,4.016e-40,2.367e-22,9.149e-24,1.944e-49,1.210e-14,1.559e-21,1.724e-31,1.107e-19,2.751e-23,3.279e-11,,2.046e-28,7.528e-22,9.361e-22,1.979e-19,2.370e-20,1.403e-4,1.421e+1,6.975e-19,5.448e-1,6.763e-21,,1.643e+0,4.988e+2,2.179e+3,2.149e-28,2.503e-21,4.320e-5,,,,,,,,,,,,8.153e-22,,,,,,,,,3.251e+0,,1.727e-20,6.290e-19,,2.835e-18
255.14,2.466e+3,9.135e-21,9.482e-11,1.500e-34,,5.300e-38,4.569e-40,2.367e-22,9.168e-24,1.936e-49,3.189e-14,1.599e-21,1.762e-31,1.110e-19,2.747e-23,1.935e-11,,2.047e-28,6.974e-22,9.367e-22,1.981e-19,1.326e-20,8.041e-5,1.871e+1,1.796e-18,4.898e-1,6.764e-21,,1.577e+0,4.462e+2,1.995e+3,2.149e-28,2.504e-21,6.355e-5,,,,,,,,,,,,8.161e-22,,,,,,,,,3.498e+0,,1.724e-20,6.294e-19,,2.837e-18
255.17,2.125e+3,9.126e-21,1.224e-10,1.493e-34,,5.396e-38,5.424e-40,2.368e-22,9.195e-24,1.924e-49,1.335e-13,1.660e-21,1.817e-31,1.115e-19,2.741e-23,8.817e-12,,2.048e-28,6.082e-22,9.376e-22,1.983e-19,5.430e-21,3.413e-5,2.766e+1,7.264e-18,4.085e-1,6.766e-21,,1.493e+0,3.706e+2,1.721e+3,2.148e-28,2.505e-21,1.109e-4,,,,,,,,,,,,8.172e-22,,,,,,,,,3.835e+0,,1.720e-20,6.299e-19,,2.839e-18
255.19,1.908e+3,9.121e-21,1.431e-10,1.489e-34,,5.459e-38,5.993e-40,2.368e-22,9.214e-24,1.916e-49,3.417e-13,1.700e-21,1.855e-31,1.118e-19,2.737e-23,5.324e-12,,2.049e-28,5.471e-22,9.382e-22,1.984e-19,2.950e-21,1.899e-5,3.537e+1,1.817e-17,3.568e-1,6.768e-21,,1.450e+0,3.234e+2,1.543e+3,2.147e-28,2.506e-21,1.585e-4,,,,,,,,,,,,8.180e-22,,,,,,,,,4.027e+0,,1.717e-20,6.303e-19,,2.841e-18
255.21,1.704e+3,9.115e-21,1.655e-10,1.485e-34,,5.523e-38,6.545e-40,2.369e-22,9.232e-24,1.908e-49,8.644e-13,1.741e-21,1.892e-31,1.121e-19,2.733e-23,3.370e-12,,2.050e-28,4.864e-22,9.388e-22,1.985e-19,1.584e-21,1.044e-5,4.471e+1,4.494e-17,3.079e-1,6.769e-21,,1.420e+0,2.792e+2,1.374e+3,2.146e-28,2.507e-21,2.237e-4,,,,,,,,,,,,8.187e-22,,,,,,,,,4.186e+0,,1.714e-20,6.307e-19,,2.843e-18
255.24,1.428e+3,9.107e-21,2.016e-10,1.479e-34,,5.618e-38,7.306e-40,2.369e-22,9.260e-24,1.896e-49,3.404e-12,1.801e-21,1.948e-31,1.125e-19,2.727e-23,2.093e-12,,2.052e-28,3.988e-22,9.396e-22,1.987e-19,6.095e-22,4.164e-6,6.216e+1,1.710e-16,2.415e-1,6.772e-21,,1.402e+0,2.196e+2,1.140e+3,2.146e-28,2.508e-21,3.672e-4,,,,,,,,,,,,8.199e-22,,,,,,,,,4.350e+0,,1.710e-20,6.312e-19,,2.845e-18
255.26,1.267e+3,9.101e-21,2.266e-10,1.474e-34,,5.682e-38,7.747e-40,2.370e-22,9.278e-24,1.888e-49,8.366e-12,1.842e-21,1.985e-31,1.129e-19,2.723e-23,1.916e-12,,2.053e-28,3.442e-22,9.402e-22,1.988e-19,3.177e-22,2.223e-6,7.630e+1,4.107e-16,2.025e-1,6.773e-21,,1.412e+0,1.845e+2,1.001e+3,2.145e-28,2.509e-21,5.036e-4,,,,,,,,,,,,8.207e-22,,,,,,,,,4.403e+0,,1.707e-20,6.316e-19,,2.847e-18
255.29,1.064e+3,9.093e-21,2.642e-10,1.468e-34,,5.777e-38,8.276e-40,2.370e-22,9.305e-24,1.876e-49,3.154e-11,1.902e-21,2.041e-31,1.133e-19,2.716e-23,2.356e-12,,2.055e-28,2.701e-22,9.411e-22,1.990e-19,1.169e-22,8.481e-7,1.015e+2,1.496e-15,1.521e-1,6.775e-21,,1.466e+0,1.392e+2,8.173e+2,2.144e-28,2.510e-21,7.911e-4,,,,,,,,,,,,8.218e-22,,,,,,,,,4.394e+0,,1.703e-20,6.322e-19,,2.849e-18
255.31,9.541e+2,9.088e-21,2.885e-10,1.464e-34,,5.840e-38,8.522e-40,2.371e-22,9.324e-24,1.868e-49,7.531e-11,1.943e-21,2.078e-31,1.136e-19,2.712e-23,3.087e-12,,2.056e-28,2.264e-22,9.417e-22,1.991e-19,5.916e-23,4.395e-7,1.210e+2,3.491e-15,1.239e-1,6.777e-21,,1.533e+0,1.137e+2,7.134e+2,2.143e-28,2.511e-21,1.054e-3,,,,,,,,,,,,8.226e-22,,,,,,,,,4.327e+0,,1.700e-20,6.325e-19,,2.851e-18
255.34,8.265e+2,9.079e-21,3.220e-10,1.458e-34,,5.936e-38,8.712e-40,2.371e-22,9.351e-24,1.856e-49,2.718e-10,2.003e-21,2.134e-31,1.141e-19,2.706e-23,4.941e-12,,2.057e-28,1.699e-22,9.426e-22,1.993e-19,2.083e-23,1.604e-7,1.541e+2,1.218e-14,8.928e-2,6.779e-21,,1.687e+0,8.221e+1,5.843e+2,2.142e-28,2.512e-21,1.584e-3,,,,,,,,,,,,8.237e-22,,,,,,,,,4.142e+0,,1.696e-20,6.331e-19,,2.853e-18
255.36,7.646e+2,9.074e-21,3.414e-10,1.453e-34,,5.999e-38,8.712e-40,2.372e-22,9.370e-24,1.847e-49,6.305e-10,2.044e-21,2.171e-31,1.144e-19,2.702e-23,6.817e-12,,2.058e-28,1.383e-22,9.432e-22,1.994e-19,1.023e-23,8.070e-8,1.784e+2,2.760e-14,7.094e-2,6.780e-21,,1.830e+0,6.527e+1,5.151e+2,2.142e-28,2.513e-21,2.049e-3,,,,,,,,,,,,8.245e-22,,,,,,,,,3.966e+0,,1.693e-20,6.335e-19,,2.855e-18
255.39,7.024e+2,9.066e-21,3.647e-10,1.447e-34,,6.095e-38,8.522e-40,2.372e-22,9.397e-24,1.835e-49,2.179e-9,2.104e-21,2.227e-31,1.148e-19,2.696e-23,1.092e-11,,2.060e-28,9.932e-23,9.441e-22,1.996e-19,3.446e-24,2.817e-8,2.173e+2,9.215e-14,4.966e-2,6.783e-21,,2.112e+0,4.519e+1,4.340e+2,2.141e-28,2.514e-21,2.949e-3,,,,,,,,,,,,8.256e-22,,,,,,,,,3.637e+0,,1.689e-20,6.340e-19,,2.857e-18
255.41,6.783e+2,9.060e-21,3.755e-10,1.443e-34,,6.158e-38,8.276e-40,2.372e-22,9.416e-24,1.827e-49,4.909e-9,2.145e-21,2.264e-31,1.151e-19,2.692e-23,1.478e-11,,2.061e-28,7.849e-23,9.447e-22,1.997e-19,1.643e-24,1.376e-8,2.443e+2,2.029e-13,3.915e-2,6.784e-21,,2.349e+0,3.486e+1,3.933e+2,2.140e-28,2.514e-21,3.704e-3,,,,,,,,,,,,8.264e-22,,,,,,,,,3.385e+0,,1.686e-20,6.344e-19,,2.859e-18
255.44,6.627e+2,9.052e-21,3.839e-10,1.436e-34,,6.254e-38,7.747e-40,2.373e-22,9.443e-24,1.815e-49,1.624e-8,2.205e-21,2.320e-31,1.156e-19,2.686e-23,2.279e-11,,2.062e-28,5.394e-23,9.456e-22,1.999e-19,5.294e-25,4.594e-9,2.849e+2,6.487e-13,2.813e-2,6.786e-21,,2.781e+0,2.310e+1,3.489e+2,2.139e-28,2.516e-21,5.102e-3,,,,,,,,,,,,8.275e-22,,,,,,,,,2.974e+0,,1.682e-20,6.350e-19,,2.861e-18
255.46,6.627e+2,9.046e-21,3.839e-10,1.432e-34,,6.317e-38,7.306e-40,2.373e-22,9.461e-24,1.807e-49,3.555e-8,2.246e-21,2.357e-31,1.159e-19,2.682e-23,2.998e-11,,2.063e-28,4.140e-23,9.462e-22,2.000e-19,2.451e-25,2.179e-9,3.111e+2,1.387e-12,2.359e-2,6.788e-21,,3.121e+0,1.731e+1,3.284e+2,2.139e-28,2.516e-21,6.224e-3,,,,,,,,,,,,8.283e-22,,,,,,,,,2.689e+0,,1.679e-20,6.354e-19,,2.863e-18
255.49,6.726e+2,9.038e-21,3.755e-10,1.426e-34,,6.413e-38,6.545e-40,2.374e-22,9.489e-24,1.795e-49,1.126e-7,2.306e-21,2.413e-31,1.163e-19,2.676e-23,4.427e-11,,2.065e-28,2.722e-23,9.471e-22,2.002e-19,7.552e-26,6.959e-10,3.472e+2,4.246e-12,2.061e-2,6.790e-21,,3.705e+0,1.098e+1,3.084e+2,2.138e-28,2.518e-21,8.204e-3,,,,,,,,,,,,8.294e-22,,,,,,,,,2.262e+0,,1.675e-20,6.359e-19,,2.866e-18
255.51,6.829e+2,9.033e-21,3.647e-10,1.422e-34,,6.476e-38,5.994e-40,2.374e-22,9.507e-24,1.787e-49,2.394e-7,2.347e-21,2.450e-31,1.166e-19,2.672e-23,5.658e-11,,2.066e-28,2.028e-23,9.477e-22,2.003e-19,3.395e-26,3.204e-10,3.682e+2,8.823e-12,2.110e-2,6.792e-21,,4.140e+0,7.988e+0,3.006e+2,2.137e-28,2.518e-21,9.720e-3,,,,,,,,,,,,8.302e-22,,,,,,,,,1.987e+0,,1.672e-20,6.363e-19,,2.867e-18
255.54,7.000e+2,9.024e-21,3.414e-10,1.415e-34,,6.571e-38,5.139e-40,2.375e-22,9.535e-24,1.775e-49,7.262e-7,2.407e-21,2.506e-31,1.171e-19,2.665e-23,7.998e-11,,2.067e-28,1.276e-23,9.485e-22,2.005e-19,1.001e-26,9.788e-11,3.932e+2,2.585e-11,2.567e-2,6.794e-21,,4.851e+0,4.850e+0,2.954e+2,2.136e-28,2.519e-21,1.226e-2,,,,,,,,,,,,8.313e-22,,,,,,,,,1.600e+0,,1.668e-20,6.368e-19,,2.870e-18
255.56,7.107e+2,9.019e-21,3.219e-10,1.411e-34,,6.635e-38,4.570e-40,2.375e-22,9.553e-24,1.767e-49,1.500e-6,2.448e-21,2.543e-31,1.174e-19,2.661e-23,9.927e-11,,2.068e-28,9.233e-24,9.491e-22,2.006e-19,4.366e-27,4.375e-11,4.049e+2,5.218e-11,3.154e-2,6.795e-21,,5.355e+0,3.426e+0,2.956e+2,2.135e-28,2.520e-21,1.411e-2,,,,,,,,,,,,8.321e-22,,,,,,,,,1.365e+0,,1.665e-20,6.372e-19,,2.871e-18
255.58,7.199e+2,9.013e-21,3.001e-10,1.407e-34,,6.699e-38,4.018e-40,2.376e-22,9.572e-24,1.759e-49,3.061e-6,2.488e-21,2.580e-31,1.177e-19,2.657e-23,1.218e-10,,2.069e-28,6.602e-24,9.497e-22,2.007e-19,1.883e-27,1.932e-11,4.121e+2,1.041e-10,3.998e-2,6.797e-21,,5.875e+0,2.393e+0,2.983e+2,2.135e-28,2.521e-21,1.605e-2,,,,,,,,,,,,8.329e-22,,,,,,,,,1.151e+0,,1.663e-20,6.376e-19,,2.873e-18
255.61,7.306e+2,9.005e-21,2.641e-10,1.401e-34,,6.794e-38,3.241e-40,2.376e-22,9.599e-24,1.746e-49,8.736e-6,2.549e-21,2.636e-31,1.181e-19,2.651e-23,1.619e-10,,2.071e-28,3.905e-24,9.506e-22,2.009e-19,5.215e-28,5.548e-12,4.139e+2,2.870e-10,5.829e-2,6.799e-21,,6.663e+0,1.366e+0,3.077e+2,2.134e-28,2.522e-21,1.904e-2,,,,,,,,,,,,8.340e-22,,,,,,,,,8.717e-1,,1.658e-20,6.382e-19,,2.875e-18
255.63,7.361e+2,9.000e-21,2.391e-10,1.396e-34,,6.858e-38,2.769e-40,2.377e-22,9.617e-24,1.738e-49,1.732e-5,2.589e-21,2.673e-31,1.184e-19,2.647e-23,1.929e-10,,2.072e-28,2.712e-24,9.512e-22,2.010e-19,2.183e-28,2.379e-12,4.091e+2,5.562e-10,7.493e-2,6.801e-21,,7.181e+0,9.260e-1,3.181e+2,2.133e-28,2.523e-21,2.103e-2,,,,,,,,,,,,8.348e-22,,,,,,,,,7.138e-1,,1.656e-20,6.385e-19,,2.877e-18
255.66,7.443e+2,8.991e-21,2.014e-10,1.390e-34,,6.953e-38,2.142e-40,2.377e-22,9.645e-24,1.726e-49,4.733e-5,2.650e-21,2.729e-31,1.189e-19,2.641e-23,2.455e-10,,2.074e-28,1.535e-24,9.521e-22,2.012e-19,5.784e-29,6.534e-13,3.932e+2,1.468e-9,1.079e-1,6.803e-21,,7.920e+0,5.058e-1,3.420e+2,2.132e-28,2.524e-21,2.388e-2,,,,,,,,,,,,8.359e-22,,,,,,,,,5.174e-1,,1.651e-20,6.391e-19,,2.879e-18
255.68,7.518e+2,8.986e-21,1.770e-10,1.386e-34,,7.016e-38,1.783e-40,2.377e-22,9.663e-24,1.718e-49,9.118e-5,2.690e-21,2.766e-31,1.192e-19,2.637e-23,2.841e-10,,2.075e-28,1.035e-24,9.527e-22,2.013e-19,2.351e-29,2.720e-13,3.774e+2,2.764e-9,1.359e-1,6.804e-21,,8.373e+0,3.330e-1,3.651e+2,2.132e-28,2.525e-21,2.562e-2,,,,,,,,,,,,8.367e-22,,,,,,,,,4.115e-1,,1.649e-20,6.395e-19,,2.881e-18
255.71,7.713e+2,8.978e-21,1.427e-10,1.380e-34,,7.112e-38,1.333e-40,2.378e-22,9.691e-24,1.706e-49,2.385e-4,2.751e-21,2.822e-31,1.196e-19,2.631e-23,3.460e-10,,2.076e-28,5.603e-25,9.536e-22,2.015e-19,5.957e-30,7.145e-14,3.472e+2,6.985e-9,1.884e-1,6.806e-21,,8.966e+0,1.740e-1,4.144e+2,2.131e-28,2.526e-21,2.785e-2,,,,,,,,,,,,8.378e-22,,,,,,,,,2.855e-1,,1.644e-20,6.400e-19,,2.884e-18
255.73,7.934e+2,8.972e-21,1.218e-10,1.375e-34,,7.175e-38,1.091e-40,2.378e-22,9.709e-24,1.698e-49,4.463e-4,2.791e-21,2.859e-31,1.199e-19,2.627e-23,3.889e-10,,2.077e-28,3.668e-25,9.542e-22,2.016e-19,2.351e-30,2.888e-14,3.236e+2,1.277e-8,2.310e-1,6.808e-21,,9.291e+0,1.113e-1,4.599e+2,2.130e-28,2.527e-21,2.901e-2,,,,,,,,,,,,8.386e-22,,,,,,,,,2.205e-1,,1.642e-20,6.404e-19,,2.885e-18
255.76,8.479e+2,8.964e-21,9.398e-11,1.369e-34,,7.271e-38,8.108e-41,2.379e-22,9.737e-24,1.686e-49,1.118e-3,2.852e-21,2.915e-31,1.204e-19,2.621e-23,4.534e-10,,2.079e-28,1.901e-25,9.551e-22,2.018e-19,5.698e-31,7.257e-15,2.849e+2,3.090e-8,3.069e-1,6.810e-21,,9.655e+0,5.564e-2,5.528e+2,2.129e-28,2.528e-21,3.018e-2,,,,,,,,,,,,8.397e-22,,,,,,,,,1.464e-1,,1.637e-20,6.410e-19,,2.888e-18
255.78,9.034e+2,8.958e-21,7.791e-11,1.365e-34,,7.334e-38,6.758e-41,2.379e-22,9.755e-24,1.678e-49,2.032e-3,2.892e-21,2.952e-31,1.207e-19,2.617e-23,4.949e-10,,2.080e-28,1.208e-25,9.557e-22,2.019e-19,2.183e-31,2.847e-15,2.579e+2,5.490e-8,3.656e-1,6.812e-21,,9.806e+0,3.454e-2,6.351e+2,2.128e-28,2.529e-21,3.053e-2,,,,,,,,,,,,8.405e-22,,,,,,,,,1.098e-1,,1.635e-20,6.413e-19,,2.889e-18
255.81,1.025e+3,8.950e-21,5.752e-11,1.358e-34,,7.430e-38,5.456e-41,2.380e-22,9.783e-24,1.666e-49,4.872e-3,2.953e-21,3.008e-31,1.211e-19,2.610e-23,5.522e-10,,2.081e-28,5.990e-26,9.566e-22,2.021e-19,5.061e-32,6.844e-16,2.173e+2,1.272e-7,4.651e-1,6.814e-21,,9.890e+0,1.653e-2,7.967e+2,2.128e-28,2.530e-21,3.040e-2,,,,,,,,,,,,8.416e-22,,,,,,,,,6.974e-2,,1.630e-20,6.419e-19,,2.892e-18
255.83,1.136e+3,8.944e-21,4.630e-11,1.354e-34,,7.493e-38,5.045e-41,2.380e-22,9.801e-24,1.658e-49,8.603e-3,2.993e-21,3.045e-31,1.214e-19,2.606e-23,5.854e-10,,2.082e-28,3.697e-26,9.571e-22,2.022e-19,1.882e-32,2.607e-16,1.911e+2,2.194e-7,5.381e-1,6.815e-21,,9.850e+0,9.962e-3,9.347e+2,2.127e-28,2.530e-21,2.987e-2,,,,,,,,,,,,8.424e-22,,,,,,,,,5.079e-2,,1.628e-20,6.423e-19,,2.893e-18
255.86,1.360e+3,8.936e-21,3.271e-11,1.348e-34,,7.589e-38,5.089e-41,2.381e-22,9.829e-24,1.645e-49,1.975e-2,3.054e-21,3.101e-31,1.219e-19,2.600e-23,6.251e-10,,2.084e-28,1.754e-26,9.580e-22,2.024e-19,4.175e-33,5.995e-17,1.541e+2,4.867e-7,6.552e-1,6.818e-21,,9.654e+0,4.561e-3,1.195e+3,2.126e-28,2.532e-21,2.846e-2,,,,,,,,,,,,8.435e-22,,,,,,,,,3.088e-2,,1.623e-20,6.428e-19,,2.896e-18
255.88,1.551e+3,8.931e-21,2.557e-11,1.344e-34,,7.652e-38,5.557e-41,2.381e-22,9.847e-24,1.637e-49,3.388e-2,3.094e-21,3.138e-31,1.222e-19,2.596e-23,6.437e-10,,2.085e-28,1.051e-26,9.586e-22,2.025e-19,1.507e-33,2.217e-17,1.315e+2,8.158e-7,7.363e-1,6.819e-21,,9.441e+0,2.669e-3,1.410e+3,2.125e-28,2.532e-21,2.716e-2,,,,,,,,,,,,8.443e-22,,,,,,,,,2.184e-2,,1.621e-20,6.432e-19,,2.898e-18
255.91,1.911e+3,8.922e-21,1.729e-11,1.337e-34,,7.747e-38,6.930e-41,2.382e-22,9.874e-24,1.625e-49,7.447e-2,3.155e-21,3.194e-31,1.226e-19,2.590e-23,6.579e-10,,2.086e-28,4.771e-27,9.595e-22,2.027e-19,3.198e-34,4.876e-18,1.015e+2,1.732e-6,8.582e-1,6.821e-21,,9.020e+0,1.169e-3,1.800e+3,2.124e-28,2.533e-21,2.477e-2,,,,,,,,,,,,8.454e-22,,,,,,,,,1.271e-2,,1.616e-20,6.438e-19,,2.900e-18
255.93,2.203e+3,8.917e-21,1.313e-11,1.333e-34,,7.811e-38,8.313e-41,2.382e-22,9.893e-24,1.617e-49,1.241e-1,3.195e-21,3.231e-31,1.229e-19,2.586e-23,6.579e-10,,2.087e-28,2.777e-27,9.601e-22,2.029e-19,1.121e-34,1.751e-18,8.416e+1,2.820e-6,9.367e-1,6.823e-21,,8.688e+0,6.646e-4,2.109e+3,2.124e-28,2.534e-21,2.296e-2,,,,,,,,,,,,8.462e-22,,,,,,,,,8.726e-3,,1.614e-20,6.441e-19,,2.902e-18
255.95,2.537e+3,8.911e-21,9.848e-12,1.329e-34,,7.875e-38,1.009e-40,2.382e-22,9.911e-24,1.609e-49,2.043e-1,3.236e-21,3.268e-31,1.233e-19,2.582e-23,6.503e-10,,2.088e-28,1.597e-27,9.607e-22,2.030e-19,3.882e-35,6.211e-19,6.897e+1,4.539e-6,1.010e+0,6.824e-21,,8.329e+0,3.733e-4,2.458e+3,2.123e-28,2.535e-21,2.103e-2,,,,,,,,,,,,8.470e-22,,,,,,,,,5.922e-3,,1.611e-20,6.445e-19,,2.903e-18
255.98,3.119e+3,8.903e-21,6.261e-12,1.323e-34,,7.970e-38,1.353e-40,2.383e-22,9.939e-24,1.597e-49,4.226e-1,3.296e-21,3.324e-31,1.237e-19,2.576e-23,6.251e-10,,2.090e-28,6.815e-28,9.616e-22,2.032e-19,7.740e-36,1.284e-19,5.005e+1,9.069e-6,1.108e+0,6.827e-21,,7.771e+0,1.537e-4,3.060e+3,2.122e-28,2.536e-21,1.804e-2,,,,,,,,,,,,8.481e-22,,,,,,,,,3.240e-3,,1.607e-20,6.451e-19,,2.906e-18
256,3.559e+3,8.898e-21,4.562e-12,1.318e-34,,8.033e-38,1.635e-40,2.383e-22,9.957e-24,1.589e-49,6.762e-1,3.337e-21,3.361e-31,1.240e-19,2.572e-23,6.001e-10,,2.091e-28,3.806e-28,9.622e-22,2.033e-19,7.745e-36,4.422e-20,3.983e+1,1.418e-5,1.161e+0,6.828e-21,,7.407e+0,8.384e-5,3.510e+3,2.122e-28,2.537e-21,1.605e-2,,,,,,,,,,,,8.489e-22,,,,,,,,,2.135e-3,,1.604e-20,6.455e-19,,2.907e-18
256.03,4.286e+3,8.889e-21,2.775e-12,1.312e-34,,8.129e-38,2.139e-40,2.384e-22,9.985e-24,1.577e-49,1.339e+0,3.397e-21,3.417e-31,1.245e-19,2.566e-23,5.522e-10,,2.093e-28,1.554e-28,9.631e-22,2.035e-19,7.753e-36,4.311e-20,2.766e+1,2.712e-5,1.218e+0,6.830e-21,,6.905e+0,3.303e-5,4.249e+3,2.121e-28,2.538e-21,1.317e-2,,,,,,,,,,,,8.500e-22,,,,,,,,,1.118e-3,,1.600e-20,6.460e-19,,2.910e-18
256.05,4.808e+3,8.884e-21,1.964e-12,1.308e-34,,8.192e-38,2.528e-40,2.384e-22,1.000e-23,1.569e-49,2.081e+0,3.438e-21,3.454e-31,1.248e-19,2.561e-23,5.148e-10,,2.094e-28,8.428e-29,9.637e-22,2.036e-19,7.759e-36,4.237e-20,2.138e+1,4.119e-5,1.239e+0,6.832e-21,,6.616e+0,1.749e-5,4.776e+3,2.120e-28,2.539e-21,1.138e-2,,,,,,,,,,,,8.508e-22,,,,,,,,,7.154e-4,,1.597e-20,6.464e-19,,2.911e-18
256.08,5.625e+3,8.876e-21,1.143e-12,1.301e-34,,8.288e-38,3.181e-40,2.385e-22,1.003e-23,1.556e-49,3.945e+0,3.498e-21,3.510e-31,1.252e-19,2.555e-23,4.534e-10,,2.095e-28,3.292e-29,9.646e-22,2.038e-19,7.767e-36,4.127e-20,1.421e+1,7.543e-5,1.245e+0,6.834e-21,,6.276e+0,6.595e-6,5.600e+3,2.119e-28,2.540e-21,8.943e-3,,,,,,,,,,,,8.519e-22,,,,,,,,,3.584e-4,,1.593e-20,6.469e-19,,2.914e-18
256.1,6.180e+3,8.870e-21,7.857e-13,1.297e-34,,8.351e-38,3.656e-40,2.385e-22,1.005e-23,1.548e-49,5.955e+0,3.539e-21,3.547e-31,1.255e-19,2.551e-23,4.105e-10,,2.096e-28,1.734e-29,9.652e-22,2.039e-19,7.772e-36,4.053e-20,1.066e+1,1.113e-4,1.230e+0,6.835e-21,,6.121e+0,3.391e-6,6.156e+3,2.118e-28,2.541e-21,7.504e-3,,,,,,,,,,,,8.527e-22,,,,,,,,,2.227e-4,,1.590e-20,6.473e-19,,2.916e-18
256.13,6.995e+3,8.862e-21,4.378e-13,1.291e-34,,8.447e-38,4.410e-40,2.386e-22,1.008e-23,1.536e-49,1.081e+1,3.599e-21,3.603e-31,1.260e-19,2.545e-23,3.460e-10,,2.098e-28,6.480e-30,9.660e-22,2.041e-19,7.780e-36,3.942e-20,6.784e+0,1.951e-4,1.183e+0,6.838e-21,,5.999e+0,1.223e-6,6.970e+3,2.117e-28,2.542e-21,5.643e-3,,,,,,,,,,,,8.538e-22,,,,,,,,,1.068e-4,,1.586e-20,6.479e-19,,2.918e-18
256.15,7.510e+3,8.856e-21,2.921e-13,1.287e-34,,8.510e-38,4.926e-40,2.386e-22,1.009e-23,1.528e-49,1.585e+1,3.640e-21,3.640e-31,1.263e-19,2.541e-23,3.043e-10,,2.099e-28,3.314e-30,9.666e-22,2.042e-19,7.786e-36,3.868e-20,4.945e+0,2.796e-4,1.136e+0,6.839e-21,,5.992e+0,6.108e-7,7.482e+3,2.117e-28,2.543e-21,4.599e-3,,,,,,,,,,,,8.546e-22,,,,,,,,,6.444e-5,,1.583e-20,6.483e-19,,2.920e-18
256.18,8.207e+3,8.848e-21,1.558e-13,1.280e-34,,8.606e-38,5.689e-40,2.387e-22,1.012e-23,1.516e-49,2.755e+1,3.700e-21,3.696e-31,1.267e-19,2.535e-23,2.455e-10,,2.100e-28,1.185e-30,9.675e-22,2.044e-19,7.794e-36,3.757e-20,3.011e+0,4.693e-4,1.045e+0,6.841e-21,,6.078e+0,2.108e-7,8.169e+3,2.116e-28,2.544e-21,3.310e-3,,,,,,,,,,,,8.557e-22,,,,,,,,,2.956e-5,,1.579e-20,6.488e-19,,2.922e-18
256.2,8.605e+3,8.843e-21,1.009e-13,1.276e-34,,8.669e-38,6.172e-40,2.387e-22,1.014e-23,1.508e-49,3.925e+1,3.741e-21,3.733e-31,1.270e-19,2.531e-23,2.097e-10,,2.101e-28,5.884e-31,9.681e-22,2.045e-19,7.799e-36,3.684e-20,2.132e+0,6.534e-4,9.743e-1,6.843e-21,,6.188e+0,1.022e-7,8.557e+3,2.115e-28,2.544e-21,2.619e-3,,,,,,,,,,,,8.565e-22,,,,,,,,,1.732e-5,,1.576e-20,6.492e-19,,2.924e-18
256.23,9.077e+3,8.834e-21,5.155e-14,1.270e-34,,8.764e-38,6.824e-40,2.388e-22,1.017e-23,1.496e-49,6.530e+1,3.801e-21,3.789e-31,1.275e-19,2.525e-23,1.619e-10,,2.103e-28,2.014e-31,9.690e-22,2.047e-19,7.807e-36,3.573e-20,1.245e+0,1.050e-3,8.582e-1,6.845e-21,,6.404e+0,3.377e-8,9.003e+3,2.114e-28,2.546e-21,1.804e-3,,,,,,,,,,,,8.576e-22,,,,,,,,,7.604e-6,,1.572e-20,6.498e-19,,2.926e-18
256.25,9.298e+3,8.829e-21,3.250e-14,1.266e-34,,8.828e-38,7.191e-40,2.388e-22,1.019e-23,1.488e-49,9.036e+1,3.842e-21,3.826e-31,1.278e-19,2.521e-23,1.343e-10,,2.104e-28,9.708e-32,9.696e-22,2.048e-19,7.813e-36,3.499e-20,8.592e-1,1.420e-3,7.771e-1,6.847e-21,,6.565e+0,1.593e-8,9.199e+3,2.114e-28,2.546e-21,1.387e-3,,,,,,,,,,,,8.584e-22,,,,,,,,,4.328e-6,,1.569e-20,6.501e-19,,2.928e-18
256.28,9.479e+3,8.821e-21,1.610e-14,1.259e-34,,8.923e-38,7.611e-40,2.389e-22,1.021e-23,1.476e-49,1.439e+2,3.902e-21,3.882e-31,1.282e-19,2.515e-23,9.927e-11,,2.105e-28,3.179e-32,9.705e-22,2.050e-19,7.821e-36,3.388e-20,4.878e-1,2.185e-3,6.552e-1,6.849e-21,,6.795e+0,5.158e-9,9.327e+3,2.113e-28,2.548e-21,9.144e-4,,,,,,,,,,,,8.596e-22,,,,,,,,,1.818e-6,,1.565e-20,6.507e-19,,2.930e-18
256.3,9.500e+3,8.815e-21,1.022e-14,1.255e-34,,8.987e-38,7.790e-40,2.389e-22,1.023e-23,1.468e-49,1.935e+2,3.943e-21,3.919e-31,1.285e-19,2.511e-23,7.998e-11,,2.106e-28,1.488e-32,9.711e-22,2.051e-19,7.826e-36,3.315e-20,3.368e-1,2.870e-3,5.763e-1,6.850e-21,,6.923e+0,2.599e-9,9.299e+3,2.112e-28,2.548e-21,6.826e-4,,,,,,,,,,,,8.603e-22,,,,,,,,,1.005e-6,,1.562e-20,6.511e-19,,2.932e-18
256.33,9.395e+3,8.807e-21,6.022e-15,1.249e-34,,9.082e-38,7.893e-40,2.390e-22,1.026e-23,1.455e-49,2.951e+2,4.003e-21,3.975e-31,1.290e-19,2.504e-23,5.658e-11,,2.108e-28,4.662e-33,9.720e-22,2.053e-19,7.834e-36,3.204e-20,2.074e-1,4.228e-3,4.651e-1,6.853e-21,,7.047e+0,1.673e-9,9.092e+3,2.111e-28,2.549e-21,4.309e-4,,,,,,,,,,,,8.615e-22,,,,,,,,,4.038e-7,,1.558e-20,6.516e-19,,2.934e-18
256.35,9.246e+3,8.801e-21,5.591e-15,1.245e-34,,9.146e-38,7.847e-40,2.390e-22,1.028e-23,1.447e-49,3.854e+2,4.044e-21,4.012e-31,1.293e-19,2.500e-23,4.427e-11,,2.109e-28,2.119e-33,9.726e-22,2.054e-19,7.840e-36,3.130e-20,1.687e-1,5.395e-3,3.974e-1,6.854e-21,,7.070e+0,2.415e-9,8.852e+3,2.111e-28,2.550e-21,3.125e-4,,,,,,,,,,,,8.622e-22,,,,,,,,,2.167e-7,,1.555e-20,6.520e-19,,2.936e-18
256.37,9.047e+3,8.796e-21,7.142e-15,1.240e-34,,9.209e-38,7.711e-40,2.390e-22,1.030e-23,1.439e-49,4.975e+2,4.084e-21,4.049e-31,1.296e-19,2.496e-23,3.424e-11,,2.110e-28,9.521e-34,9.732e-22,2.055e-19,7.845e-36,3.056e-20,1.607e-1,6.805e-3,3.356e-1,6.856e-21,,7.039e+0,4.618e-9,8.542e+3,2.110e-28,2.551e-21,2.242e-4,,,,,,,,,,,,8.630e-22,,,,,,,,,1.150e-7,,1.552e-20,6.524e-19,,2.938e-18
256.4,8.687e+3,8.787e-21,1.512e-14,1.234e-34,,9.305e-38,7.349e-40,2.391e-22,1.032e-23,1.427e-49,7.139e+2,4.145e-21,4.105e-31,1.300e-19,2.490e-23,2.278e-11,,2.112e-28,2.804e-34,9.741e-22,2.057e-19,7.853e-36,2.945e-20,2.034e-1,9.431e-3,2.550e-1,6.858e-21,,6.881e+0,1.365e-8,7.965e+3,2.109e-28,2.552e-21,1.335e-4,,,,,,,,,,,,8.641e-22,,,,,,,,,4.344e-8,,1.548e-20,6.529e-19,,2.940e-18
256.42,8.428e+3,8.782e-21,2.723e-14,1.230e-34,,9.368e-38,7.015e-40,2.391e-22,1.034e-23,1.419e-49,8.951e+2,4.185e-21,4.142e-31,1.303e-19,2.486e-23,1.711e-11,,2.113e-28,1.223e-34,9.746e-22,2.058e-19,7.859e-36,2.872e-20,2.725e-1,1.156e-2,2.093e-1,6.859e-21,,6.701e+0,2.815e-8,7.526e+3,2.108e-28,2.553e-21,9.349e-5,,,,,,,,,,,,8.649e-22,,,,,,,,,2.238e-8,,1.545e-20,6.533e-19,,2.942e-18
256.45,8.053e+3,8.774e-21,6.679e-14,1.223e-34,,9.464e-38,6.400e-40,2.392e-22,1.037e-23,1.407e-49,1.230e+3,4.246e-21,4.198e-31,1.308e-19,2.480e-23,1.090e-11,,2.114e-28,3.448e-35,9.755e-22,2.060e-19,7.867e-36,2.761e-20,4.568e-1,1.533e-2,1.527e-1,6.861e-21,,6.326e+0,8.182e-8,6.816e+3,2.107e-28,2.554e-21,5.435e-5,,,,,,,,,,,,8.660e-22,,,,,,,,,8.091e-9,,1.541e-20,6.539e-19,,2.944e-18
256.47,7.833e+3,8.768e-21,1.205e-13,1.219e-34,,9.527e-38,5.934e-40,2.392e-22,1.039e-23,1.399e-49,1.498e+3,4.286e-21,4.235e-31,1.311e-19,2.476e-23,7.948e-12,,2.115e-28,1.460e-35,9.761e-22,2.061e-19,7.872e-36,2.687e-20,6.526e-1,1.825e-2,1.224e-1,6.863e-21,,6.014e+0,1.643e-7,6.328e+3,2.107e-28,2.555e-21,3.812e-5,,,,,,,,,,,,8.668e-22,,,,,,,,,4.047e-9,,1.538e-20,6.542e-19,,2.946e-18
256.5,7.579e+3,8.760e-21,2.862e-13,1.213e-34,,9.623e-38,5.182e-40,2.393e-22,1.042e-23,1.387e-49,1.970e+3,4.347e-21,4.291e-31,1.315e-19,2.470e-23,4.844e-12,,2.117e-28,3.938e-36,9.770e-22,2.063e-19,7.880e-36,2.576e-20,1.105e+0,2.319e-2,8.682e-2,6.865e-21,,5.474e+0,4.576e-7,5.602e+3,2.106e-28,2.556e-21,2.366e-5,,,,,,,,,,,,8.679e-22,,,,,,,,,1.400e-9,,1.534e-20,6.548e-19,,2.948e-18
256.52,7.474e+3,8.754e-21,5.024e-13,1.209e-34,,9.686e-38,4.667e-40,2.393e-22,1.043e-23,1.379e-49,2.331e+3,4.387e-21,4.328e-31,1.318e-19,2.466e-23,3.432e-12,,2.118e-28,1.620e-36,9.776e-22,2.064e-19,7.886e-36,2.503e-20,1.553e+0,2.681e-2,6.910e-2,6.867e-21,,5.079e+0,8.929e-7,5.136e+3,2.105e-28,2.557e-21,1.868e-5,,,,,,,,,,,,8.687e-22,,,,,,,,,6.802e-10,,1.531e-20,6.552e-19,,2.950e-18
256.55,7.426e+3,8.746e-21,1.143e-12,1.202e-34,,9.782e-38,3.902e-40,2.394e-22,1.046e-23,1.367e-49,2.936e+3,4.448e-21,4.384e-31,1.323e-19,2.460e-23,2.002e-12,,2.119e-28,4.179e-37,9.785e-22,2.066e-19,7.894e-36,2.392e-20,2.534e+0,3.261e-2,5.038e-2,6.869e-21,,4.457e+0,2.382e-6,4.482e+3,2.104e-28,2.558e-21,1.608e-5,,,,,,,,,,,,8.698e-22,,,,,,,,,2.252e-10,,1.527e-20,6.557e-19,,2.952e-18
256.57,7.467e+3,8.741e-21,1.950e-12,1.198e-34,,9.845e-38,3.412e-40,2.394e-22,1.048e-23,1.358e-49,3.375e+3,4.488e-21,4.422e-31,1.326e-19,2.455e-23,1.378e-12,,2.120e-28,1.669e-37,9.791e-22,2.067e-19,7.899e-36,2.318e-20,3.463e+0,3.662e-2,4.264e-2,6.870e-21,,4.038e+0,4.515e-6,4.084e+3,2.104e-28,2.559e-21,1.689e-5,,,,,,,,,,,,8.706e-22,,,,,,,,,1.062e-10,,1.524e-20,6.561e-19,,2.954e-18
256.6,7.628e+3,8.732e-21,4.252e-12,1.192e-34,,9.940e-38,2.731e-40,2.395e-22,1.051e-23,1.346e-49,4.069e+3,4.549e-21,4.477e-31,1.330e-19,2.449e-23,7.693e-13,,2.122e-28,4.120e-38,9.800e-22,2.069e-19,7.907e-36,2.207e-20,5.415e+0,4.265e-2,3.754e-2,6.873e-21,,3.423e+0,1.153e-5,3.549e+3,2.103e-28,2.560e-21,2.126e-5,,,,,,,,,,,,8.718e-22,,,,,,,,,3.366e-11,,1.520e-20,6.567e-19,,2.956e-18
256.62,7.789e+3,8.727e-21,7.046e-12,1.188e-34,,1.000e-37,2.320e-40,2.395e-22,1.053e-23,1.338e-49,4.544e+3,4.589e-21,4.515e-31,1.333e-19,2.445e-23,5.141e-13,,2.123e-28,1.598e-38,9.806e-22,2.070e-19,7.913e-36,2.133e-20,7.190e+0,4.653e-2,3.838e-2,6.874e-21,,3.033e+0,2.125e-5,3.235e+3,2.102e-28,2.560e-21,2.617e-5,,,,,,,,,,,,8.725e-22,,,,,,,,,1.542e-11,,1.517e-20,6.570e-19,,2.958e-18
256.65,8.084e+3,8.719e-21,1.471e-11,1.181e-34,,1.010e-37,1.778e-40,2.395e-22,1.055e-23,1.326e-49,5.245e+3,4.650e-21,4.570e-31,1.338e-19,2.439e-23,2.748e-13,,2.124e-28,3.774e-39,9.815e-22,2.072e-19,7.921e-36,2.023e-20,1.077e+1,5.188e-2,4.623e-2,6.876e-21,,2.493e+0,5.197e-5,2.825e+3,2.101e-28,2.562e-21,3.660e-5,,,,,,,,,,,,8.737e-22,,,,,,,,,4.675e-12,,1.513e-20,6.576e-19,,2.961e-18
256.67,8.293e+3,8.713e-21,2.369e-11,1.177e-34,,1.016e-37,1.467e-40,2.396e-22,1.057e-23,1.318e-49,5.690e+3,4.690e-21,4.608e-31,1.341e-19,2.435e-23,1.783e-13,,2.125e-28,1.421e-39,9.821e-22,2.073e-19,7.926e-36,1.949e-20,1.389e+1,5.498e-2,5.624e-2,6.878e-21,,2.170e+0,9.302e-5,2.588e+3,2.100e-28,2.562e-21,4.573e-5,,,,,,,,,,,,8.744e-22,,,,,,,,,2.079e-12,,1.510e-20,6.580e-19,,2.962e-18
256.7,8.590e+3,8.705e-21,4.736e-11,1.171e-34,,1.026e-37,1.076e-40,2.396e-22,1.060e-23,1.306e-49,6.289e+3,4.751e-21,4.663e-31,1.346e-19,2.429e-23,9.122e-14,,2.127e-28,3.212e-40,9.829e-22,2.075e-19,7.934e-36,1.838e-20,1.991e+1,5.868e-2,7.953e-2,6.880e-21,,1.745e+0,2.179e-4,2.279e+3,2.099e-28,2.563e-21,6.299e-5,,,,,,,,,,,,8.756e-22,,,,,,,,,6.034e-13,,1.506e-20,6.585e-19,,2.965e-18
256.72,8.754e+3,8.699e-21,7.408e-11,1.166e-34,,1.032e-37,8.622e-41,2.397e-22,1.062e-23,1.298e-49,6.627e+3,4.791e-21,4.701e-31,1.349e-19,2.425e-23,5.750e-14,,2.128e-28,1.175e-40,9.835e-22,2.076e-19,7.940e-36,1.764e-20,2.496e+1,6.041e-2,1.014e-1,6.882e-21,,1.503e+0,3.789e-4,2.100e+3,2.099e-28,2.564e-21,7.703e-5,,,,,,,,,,,,8.763e-22,,,,,,,,,2.606e-13,,1.503e-20,6.589e-19,,2.966e-18
256.74,8.875e+3,8.694e-21,1.146e-10,1.162e-34,,1.039e-37,6.831e-41,2.397e-22,1.064e-23,1.290e-49,6.903e+3,4.831e-21,4.738e-31,1.352e-19,2.421e-23,3.582e-14,,2.129e-28,4.244e-41,9.841e-22,2.078e-19,7.945e-36,1.691e-20,3.091e+1,6.147e-2,1.292e-1,6.883e-21,,1.294e+0,6.514e-4,1.939e+3,2.098e-28,2.565e-21,9.318e-5,,,,,,,,,,,,8.771e-22,,,,,,,,,1.113e-13,,1.500e-20,6.593e-19,,2.968e-18
256.77,8.950e+3,8.686e-21,2.156e-10,1.156e-34,,1.048e-37,4.713e-41,2.398e-22,1.066e-23,1.278e-49,7.183e+3,4.892e-21,4.794e-31,1.356e-19,2.415e-23,1.724e-14,,2.131e-28,9.018e-42,9.850e-22,2.079e-19,7.953e-36,1.580e-20,4.171e+1,6.174e-2,1.837e-1,6.885e-21,,1.041e+0,1.437e-3,1.724e+3,2.097e-28,2.566e-21,1.214e-4,,,,,,,,,,,,8.782e-22,,,,,,,,,3.049e-14,,1.496e-20,6.598e-19,,2.970e-18
256.79,8.918e+3,8.680e-21,3.239e-10,1.152e-34,,3.020e-37,3.626e-41,2.398e-22,1.068e-23,1.270e-49,7.271e+3,4.932e-21,4.831e-31,1.359e-19,2.411e-23,1.043e-14,,2.132e-28,3.164e-42,9.856e-22,2.081e-19,7.959e-36,1.506e-20,5.020e+1,6.103e-2,2.296e-1,6.887e-21,,9.106e-1,2.399e-3,1.596e+3,2.097e-28,2.567e-21,1.427e-4,,,,,,,,,,,,8.790e-22,,,,,,,,,1.294e-14,,1.493e-20,6.602e-19,,2.972e-18
256.82,8.736e+3,8.672e-21,5.837e-10,1.145e-34,,1.445e-36,2.395e-41,2.399e-22,1.071e-23,1.257e-49,7.249e+3,4.993e-21,4.887e-31,1.364e-19,2.404e-23,4.802e-15,,2.133e-28,6.433e-43,9.865e-22,2.082e-19,7.967e-36,1.395e-20,6.485e+1,5.869e-2,3.145e-1,6.889e-21,,7.698e-1,5.067e-3,1.421e+3,2.096e-28,2.568e-21,1.781e-4,,,,,,,,,,,,8.801e-22,,,,,,,,,4.636e-15,,1.489e-20,6.608e-19,,2.975e-18
256.84,8.527e+3,8.666e-21,8.521e-10,1.141e-34,,4.047e-36,1.790e-41,2.399e-22,1.073e-23,1.249e-49,7.135e+3,5.033e-21,4.924e-31,1.367e-19,2.400e-23,2.822e-15,,2.134e-28,6.429e-43,9.871e-22,2.084e-19,7.972e-36,1.321e-20,7.582e+1,5.635e-2,3.827e-1,6.890e-21,,7.122e-1,8.222e-3,1.315e+3,2.095e-28,2.569e-21,2.035e-4,,,,,,,,,,,,8.809e-22,,,,,,,,,4.536e-15,,1.486e-20,6.612e-19,,2.976e-18
256.87,8.094e+3,8.658e-21,1.471e-9,1.135e-34,,1.856e-35,1.132e-41,2.400e-22,1.076e-23,1.237e-49,6.829e+3,5.094e-21,4.980e-31,1.371e-19,2.394e-23,1.244e-15,,2.136e-28,6.421e-43,9.880e-22,2.085e-19,7.980e-36,1.211e-20,9.379e+1,5.188e-2,5.028e-1,6.893e-21,,6.830e-1,1.663e-2,1.170e+3,2.094e-28,2.570e-21,2.431e-4,,,,,,,,,,,,8.821e-22,,,,,,,,,1.185e-14,,1.482e-20,6.617e-19,,2.979e-18
256.89,7.739e+3,8.653e-21,2.086e-9,1.131e-34,,5.049e-35,8.215e-42,2.400e-22,1.077e-23,1.229e-49,6.548e+3,5.134e-21,5.017e-31,1.374e-19,2.390e-23,7.100e-16,,2.137e-28,6.417e-43,9.886e-22,2.087e-19,7.986e-36,1.137e-20,1.065e+2,4.839e-2,5.946e-1,6.894e-21,,7.072e-1,2.622e-2,1.083e+3,2.094e-28,2.571e-21,2.698e-4,,,,,,,,,,,,8.828e-22,,,,,,,,,2.674e-14,,1.479e-20,6.621e-19,,2.980e-18
256.92,7.137e+3,8.644e-21,3.448e-9,1.124e-34,,2.218e-34,4.972e-42,2.400e-22,1.080e-23,1.217e-49,6.042e+3,5.195e-21,5.073e-31,1.379e-19,2.384e-23,2.995e-16,,2.138e-28,6.409e-43,9.895e-22,2.088e-19,7.994e-36,1.026e-20,1.262e+2,4.266e-2,7.483e-1,6.896e-21,,8.268e-1,5.079e-2,9.670e+2,2.093e-28,2.572e-21,3.087e-4,,,,,,,,,,,,8.840e-22,,,,,,,,,9.144e-14,,1.475e-20,6.627e-19,,2.983e-18
256.94,6.711e+3,8.639e-21,4.751e-9,1.120e-34,,5.864e-34,3.506e-42,2.401e-22,1.082e-23,1.209e-49,5.671e+3,5.235e-21,5.110e-31,1.382e-19,2.380e-23,1.660e-16,,2.139e-28,6.405e-43,9.901e-22,2.090e-19,7.999e-36,9.524e-21,1.392e+2,3.866e-2,8.598e-1,6.898e-21,,9.798e-1,7.781e-2,8.992e+2,2.092e-28,2.573e-21,3.328e-4,,,,,,,,,,,,8.847e-22,,,,,,,,,2.051e-13,,1.472e-20,6.630e-19,,2.984e-18
256.97,6.078e+3,8.630e-21,7.520e-9,1.114e-34,,2.468e-33,2.031e-42,2.401e-22,1.085e-23,1.197e-49,5.104e+3,5.296e-21,5.166e-31,1.386e-19,2.374e-23,6.703e-17,,2.141e-28,6.397e-43,9.910e-22,2.091e-19,8.007e-36,8.416e-21,1.579e+2,3.264e-2,1.036e+0,6.900e-21,,1.367e+0,1.444e-1,8.126e+2,2.091e-28,2.574e-21,3.646e-4,,,,,,,,,,,,8.859e-22,,,,,,,,,6.749e-13,,1.468e-20,6.636e-19,,2.987e-18
256.99,5.685e+3,8.625e-21,1.007e-8,1.110e-34,,6.342e-33,1.391e-42,2.402e-22,1.087e-23,1.189e-49,4.747e+3,5.336e-21,5.203e-31,1.389e-19,2.370e-23,3.609e-17,,2.142e-28,6.393e-43,9.916e-22,2.093e-19,8.013e-36,7.678e-21,1.693e+2,2.875e-2,1.157e+0,6.902e-21,,1.770e+0,2.148e-1,7.651e+2,2.090e-28,2.575e-21,3.819e-4,,,,,,,,,,,,8.866e-22,,,,,,,,,1.472e-12,,1.465e-20,6.640e-19,,2.988e-18
257.02,5.184e+3,8.617e-21,1.526e-8,1.103e-34,,2.557e-32,7.714e-43,2.402e-22,1.089e-23,1.177e-49,4.286e+3,5.397e-21,5.259e-31,1.394e-19,2.364e-23,1.395e-17,,2.143e-28,6.385e-43,9.924e-22,2.095e-19,8.021e-36,6.571e-21,1.838e+2,2.327e-2,1.335e+0,6.904e-21,,2.690e+0,3.817e-1,7.094e+2,2.089e-28,2.576e-21,4.006e-4,,,,,,,,,,,,8.878e-22,,,,,,,,,4.639e-12,,1.461e-20,6.645e-19,,2.991e-18
257.04,4.935e+3,8.611e-21,1.985e-8,1.099e-34,,6.385e-32,5.132e-43,2.403e-22,1.091e-23,1.168e-49,4.056e+3,5.437e-21,5.296e-31,1.397e-19,2.360e-23,7.293e-18,,2.144e-28,6.381e-43,9.930e-22,2.096e-19,8.026e-36,5.833e-21,1.914e+2,1.994e-2,1.447e+0,6.905e-21,,3.590e+0,5.520e-1,6.826e+2,2.089e-28,2.576e-21,4.076e-4,,,,,,,,,,,,8.885e-22,,,,,,,,,9.829e-12,,1.458e-20,6.649e-19,,2.993e-18
257.07,4.732e+3,8.603e-21,2.882e-8,1.093e-34,,2.466e-31,2.724e-43,2.403e-22,1.094e-23,1.156e-49,3.867e+3,5.498e-21,5.352e-31,1.401e-19,2.354e-23,2.698e-18,,2.146e-28,6.373e-43,9.939e-22,2.098e-19,8.034e-36,4.726e-21,1.990e+2,1.553e-2,1.600e+0,6.908e-21,,5.546e+0,9.392e-1,6.577e+2,2.088e-28,2.578e-21,4.094e-4,,,,,,,,,,,,8.897e-22,,,,,,,,,2.968e-11,,1.454e-20,6.655e-19,,2.995e-18
257.09,4.731e+3,8.597e-21,3.642e-8,1.088e-34,,5.985e-31,1.760e-43,2.404e-22,1.096e-23,1.148e-49,3.868e+3,5.538e-21,5.389e-31,1.404e-19,2.349e-23,1.370e-18,,2.147e-28,6.369e-43,9.945e-22,2.099e-19,8.040e-36,3.987e-21,2.014e+2,1.300e-2,1.686e+0,6.909e-21,,7.380e+0,1.320e+0,6.509e+2,2.087e-28,2.578e-21,4.047e-4,,,,,,,,,,,,8.904e-22,,,,,,,,,6.111e-11,,1.451e-20,6.658e-19,,2.997e-18
257.11,4.854e+3,8.592e-21,4.550e-8,1.084e-34,,1.436e-30,1.124e-43,2.404e-22,1.098e-23,1.140e-49,3.987e+3,5.579e-21,5.426e-31,1.407e-19,2.345e-23,6.876e-19,,2.148e-28,6.364e-43,9.951e-22,2.100e-19,8.045e-36,3.249e-21,2.014e+2,1.082e-2,1.756e+0,6.911e-21,,9.763e+0,1.833e+0,6.517e+2,2.087e-28,2.579e-21,3.954e-4,,,,,,,,,,,,8.912e-22,,,,,,,,,1.244e-10,,1.448e-20,6.662e-19,,2.998e-18
257.14,5.295e+3,8.584e-21,6.217e-8,1.078e-34,,5.222e-30,5.614e-44,2.405e-22,1.100e-23,1.128e-49,4.412e+3,5.639e-21,5.482e-31,1.412e-19,2.339e-23,2.392e-19,,2.150e-28,6.357e-43,9.960e-22,2.102e-19,8.053e-36,2.142e-21,1.970e+2,8.190e-3,1.827e+0,6.913e-21,,1.464e+1,2.935e+0,6.666e+2,2.086e-28,2.580e-21,3.737e-4,,,,,,,,,,,,8.923e-22,,,,,,,,,3.536e-10,,1.444e-20,6.668e-19,,3.001e-18
257.16,5.773e+3,8.578e-21,7.546e-8,1.074e-34,,1.218e-29,3.483e-44,2.405e-22,1.102e-23,1.120e-49,4.872e+3,5.680e-21,5.519e-31,1.415e-19,2.335e-23,1.166e-19,,2.151e-28,6.352e-43,9.966e-22,2.103e-19,8.059e-36,1.404e-21,1.914e+2,6.843e-3,1.850e+0,6.914e-21,,1.896e+1,3.961e+0,6.850e+2,2.085e-28,2.581e-21,3.547e-4,,,,,,,,,,,,8.931e-22,,,,,,,,,6.995e-10,,1.441e-20,6.671e-19,,3.002e-18
257.19,6.778e+3,8.570e-21,9.874e-8,1.067e-34,,4.243e-29,1.665e-44,2.405e-22,1.105e-23,1.108e-49,5.839e+3,5.740e-21,5.575e-31,1.419e-19,2.329e-23,3.883e-20,,2.152e-28,6.345e-43,9.975e-22,2.105e-19,8.067e-36,6.860e-21,1.793e+2,5.396e-3,1.845e+0,6.916e-21,,2.744e+1,6.076e+0,7.242e+2,2.084e-28,2.582e-21,3.210e-4,,,,,,,,,,,,8.943e-22,,,,,,,,,1.905e-9,,1.437e-20,6.677e-19,,3.005e-18
257.21,7.639e+3,8.564e-21,1.164e-7,1.063e-34,,9.613e-29,1.003e-44,2.406e-22,1.107e-23,1.100e-49,6.668e+3,5.781e-21,5.612e-31,1.422e-19,2.325e-23,1.838e-20,,2.153e-28,6.340e-43,9.981e-22,2.106e-19,8.072e-36,1.948e-20,1.693e+2,4.790e-3,1.817e+0,6.918e-21,,3.465e+1,7.966e+0,7.572e+2,2.083e-28,2.583e-21,2.960e-4,,,,,,,,,,,,8.950e-22,,,,,,,,,3.662e-9,,1.434e-20,6.681e-19,,3.006e-18
257.24,9.204e+3,8.556e-21,1.459e-7,1.057e-34,,3.209e-28,4.591e-45,2.406e-22,1.110e-23,1.088e-49,8.175e+3,5.841e-21,5.668e-31,1.427e-19,2.319e-23,5.858e-21,,2.155e-28,6.333e-43,9.990e-22,2.108e-19,8.080e-36,9.121e-20,1.519e+2,4.372e-3,1.740e+0,6.920e-21,,4.820e+1,1.170e+1,8.153e+2,2.082e-28,2.584e-21,2.565e-4,,,,,,,,,,,,8.962e-22,,,,,,,,,9.551e-9,,1.430e-20,6.686e-19,,3.009e-18
257.26,1.041e+4,8.551e-21,1.672e-7,1.053e-34,,7.066e-28,2.687e-45,2.407e-22,1.111e-23,1.080e-49,9.339e+3,5.882e-21,5.705e-31,1.430e-19,2.315e-23,2.694e-21,,2.156e-28,6.328e-43,9.996e-22,2.109e-19,8.086e-36,2.517e-19,1.392e+2,4.398e-3,1.669e+0,6.922e-21,,5.923e+1,1.491e+1,8.587e+2,2.082e-28,2.585e-21,2.298e-4,,,,,,,,,,,,8.969e-22,,,,,,,,,1.784e-8,,1.427e-20,6.690e-19,,3.011e-18
257.29,1.243e+4,8.542e-21,2.007e-7,1.046e-34,,2.260e-27,1.177e-45,2.407e-22,1.114e-23,1.067e-49,1.128e+4,5.942e-21,5.761e-31,1.434e-19,2.309e-23,8.217e-22,,2.157e-28,6.321e-43,1.000e-21,2.111e-19,8.094e-36,1.129e-18,1.196e+2,4.859e-3,1.540e+0,6.924e-21,,7.902e+1,2.097e+1,9.287e+2,2.081e-28,2.586e-21,1.906e-4,,,,,,,,,,,,8.981e-22,,,,,,,,,4.458e-8,,1.423e-20,6.696e-19,,3.013e-18
257.31,1.387e+4,8.537e-21,2.234e-7,1.042e-34,,4.836e-27,6.691e-46,2.408e-22,1.116e-23,1.059e-49,1.266e+4,5.983e-21,5.798e-31,1.437e-19,2.305e-23,3.670e-22,,2.158e-28,6.316e-43,1.001e-21,2.112e-19,8.099e-36,3.029e-18,1.065e+2,5.427e-3,1.444e+0,6.925e-21,,9.442e+1,2.596e+1,9.773e+2,2.080e-28,2.587e-21,1.659e-4,,,,,,,,,,,,8.988e-22,,,,,,,,,8.092e-8,,1.420e-20,6.699e-19,,3.015e-18
257.34,1.610e+4,8.529e-21,2.567e-7,1.036e-34,,1.482e-26,2.806e-46,2.408e-22,1.119e-23,1.047e-49,1.480e+4,6.043e-21,5.854e-31,1.442e-19,2.298e-23,1.071e-22,,2.160e-28,6.309e-43,1.002e-21,2.114e-19,8.107e-36,1.302e-17,8.762e+1,6.641e-3,1.294e+0,6.928e-21,,1.207e+2,3.498e+1,1.051e+3,2.079e-28,2.588e-21,1.318e-4,,,,,,,,,,,,9.000e-22,,,,,,,,,1.937e-7,,1.416e-20,6.705e-19,,3.017e-18
257.36,1.758e+4,8.523e-21,2.777e-7,1.031e-34,,3.081e-26,1.549e-46,2.409e-22,1.121e-23,1.039e-49,1.622e+4,6.084e-21,5.891e-31,1.445e-19,2.294e-23,4.647e-23,,2.161e-28,6.304e-43,1.003e-21,2.115e-19,8.113e-36,3.394e-17,7.582e+1,7.670e-3,1.196e+0,6.929e-21,,1.402e+2,4.206e+1,1.100e+3,2.079e-28,2.589e-21,1.114e-4,,,,,,,,,,,,9.007e-22,,,,,,,,,3.416e-7,,1.413e-20,6.709e-19,,3.019e-18
257.39,1.969e+4,8.515e-21,3.056e-7,1.025e-34,,9.043e-26,6.219e-47,2.409e-22,1.123e-23,1.027e-49,1.823e+4,6.144e-21,5.947e-31,1.450e-19,2.288e-23,1.299e-23,,2.162e-28,6.297e-43,1.003e-21,2.117e-19,8.121e-36,1.398e-16,5.972e+1,9.501e-3,1.058e+0,6.931e-21,,1.718e+2,5.428e+1,1.170e+3,2.078e-28,2.590e-21,8.477e-5,,,,,,,,,,,,9.019e-22,,,,,,,,,7.833e-7,,1.409e-20,6.714e-19,,3.021e-18
257.41,2.097e+4,8.509e-21,3.211e-7,1.021e-34,,1.827e-25,3.335e-47,2.410e-22,1.125e-23,1.019e-49,1.944e+4,6.185e-21,5.984e-31,1.453e-19,2.284e-23,5.470e-24,,2.163e-28,6.292e-43,1.004e-21,2.118e-19,8.126e-36,3.541e-16,5.020e+1,1.088e-2,9.785e-1,6.933e-21,,1.938e+2,6.342e+1,1.215e+3,2.077e-28,2.590e-21,6.962e-5,,,,,,,,,,,,9.026e-22,,,,,,,,,1.343e-6,,1.406e-20,6.718e-19,,3.023e-18
257.44,2.258e+4,8.501e-21,3.385e-7,1.015e-34,,5.138e-25,1.282e-47,2.410e-22,1.128e-23,1.007e-49,2.096e+4,6.245e-21,6.040e-31,1.457e-19,2.278e-23,1.463e-24,,2.165e-28,6.285e-43,1.005e-21,2.120e-19,8.134e-36,1.397e-15,3.786e+1,1.313e-2,8.820e-1,6.935e-21,,2.274e+2,7.837e+1,1.279e+3,2.076e-28,2.592e-21,5.071e-5,,,,,,,,,,,,9.038e-22,,,,,,,,,2.949e-6,,1.402e-20,6.724e-19,,3.025e-18
257.46,2.342e+4,8.496e-21,3.456e-7,1.010e-34,,1.009e-24,6.676e-48,2.410e-22,1.130e-23,9.987e-50,2.173e+4,6.286e-21,6.077e-31,1.460e-19,2.274e-23,5.986e-25,,2.166e-28,6.280e-43,1.005e-21,2.121e-19,8.140e-36,3.441e-15,3.091e+1,1.470e-2,8.358e-1,6.937e-21,,2.494e+2,8.897e+1,1.320e+3,2.076e-28,2.592e-21,4.046e-5,,,,,,,,,,,,9.045e-22,,,,,,,,,4.912e-6,,1.399e-20,6.728e-19,,3.027e-18
257.48,2.402e+4,8.490e-21,3.488e-7,1.006e-34,,1.959e-24,3.437e-48,2.411e-22,1.132e-23,9.906e-50,2.227e+4,6.326e-21,6.114e-31,1.463e-19,2.270e-23,2.420e-25,,2.167e-28,6.275e-43,1.006e-21,2.122e-19,8.145e-36,8.375e-15,2.496e+1,1.629e-2,8.052e-1,6.938e-21,,2.704e+2,9.984e+1,1.358e+3,2.075e-28,2.593e-21,3.191e-5,,,,,,,,,,,,9.053e-22,,,,,,,,,8.088e-6,,1.397e-20,6.731e-19,,3.029e-18
257.51,2.446e+4,8.482e-21,3.461e-7,9.998e-35,,5.188e-24,1.243e-48,2.411e-22,1.134e-23,9.785e-50,2.261e+4,6.387e-21,6.170e-31,1.468e-19,2.264e-23,6.089e-26,,2.169e-28,6.268e-43,1.007e-21,2.124e-19,8.153e-36,3.113e-14,1.771e+1,1.860e-2,7.896e-1,6.940e-21,,2.987e+2,1.161e+2,1.413e+3,2.074e-28,2.594e-21,2.187e-5,,,,,,,,,,,,9.065e-22,,,,,,,,,1.673e-5,,1.392e-20,6.737e-19,,3.031e-18
257.53,2.442e+4,8.476e-21,3.393e-7,9.956e-35,,9.789e-24,6.214e-49,2.412e-22,1.136e-23,9.704e-50,2.252e+4,6.427e-21,6.207e-31,1.471e-19,2.260e-23,2.391e-26,,2.170e-28,6.263e-43,1.008e-21,2.125e-19,8.159e-36,7.364e-14,1.389e+1,2.004e-2,7.988e-1,6.942e-21,,3.146e+2,1.266e+2,1.449e+3,2.073e-28,2.595e-21,1.676e-5,,,,,,,,,,,,9.072e-22,,,,,,,,,2.676e-5,,1.390e-20,6.741e-19,,3.033e-18
257.56,2.389e+4,8.468e-21,3.224e-7,9.893e-35,,2.483e-23,2.150e-49,2.412e-22,1.139e-23,9.583e-50,2.190e+4,6.488e-21,6.263e-31,1.475e-19,2.254e-23,5.758e-27,,2.171e-28,6.256e-43,1.008e-21,2.127e-19,8.167e-36,2.623e-13,9.438e+0,2.194e-2,8.392e-1,6.944e-21,,3.329e+2,1.411e+2,1.500e+3,2.072e-28,2.596e-21,1.100e-5,,,,,,,,,,,,9.084e-22,,,,,,,,,5.302e-5,,1.385e-20,6.746e-19,,3.035e-18
257.58,2.323e+4,8.462e-21,3.072e-7,9.851e-35,,4.553e-23,1.045e-49,2.413e-22,1.141e-23,9.502e-50,2.119e+4,6.528e-21,6.300e-31,1.478e-19,2.250e-23,2.196e-27,,2.172e-28,6.251e-43,1.009e-21,2.128e-19,8.172e-36,6.030e-13,7.190e+0,2.297e-2,8.816e-1,6.945e-21,,3.407e+2,1.495e+2,1.533e+3,2.072e-28,2.597e-21,8.185e-6,,,,,,,,,,,,9.091e-22,,,,,,,,,8.244e-5,,1.383e-20,6.750e-19,,3.037e-18
257.61,2.183e+4,8.454e-21,2.795e-7,9.788e-35,,1.107e-22,3.460e-50,2.413e-22,1.143e-23,9.381e-50,1.974e+4,6.589e-21,6.356e-31,1.483e-19,2.243e-23,5.061e-28,,2.174e-28,6.244e-43,1.010e-21,2.130e-19,8.180e-36,2.058e-12,4.678e+0,2.409e-2,9.629e-1,6.948e-21,,3.453e+2,1.595e+2,1.580e+3,2.071e-28,2.598e-21,5.143e-6,,,,,,,,,,,,9.103e-22,,,,,,,,,1.564e-4,,1.378e-20,6.756e-19,,3.039e-18
257.63,2.069e+4,8.449e-21,2.587e-7,9.745e-35,,1.972e-22,1.633e-50,2.414e-22,1.145e-23,9.300e-50,1.856e+4,6.629e-21,6.393e-31,1.486e-19,2.239e-23,1.875e-28,,2.175e-28,6.239e-43,1.011e-21,2.131e-19,8.186e-36,4.598e-12,3.462e+0,2.451e-2,1.025e+0,6.949e-21,,3.434e+2,1.641e+2,1.609e+3,2.070e-28,2.599e-21,3.719e-6,,,,,,,,,,,,9.110e-22,,,,,,,,,2.364e-4,,1.376e-20,6.759e-19,,3.041e-18
257.66,1.872e+4,8.440e-21,2.255e-7,9.682e-35,,4.591e-22,5.177e-51,2.414e-22,1.148e-23,9.179e-50,1.656e+4,6.690e-21,6.449e-31,1.490e-19,2.233e-23,4.135e-29,,2.176e-28,6.232e-43,1.011e-21,2.133e-19,8.194e-36,1.503e-11,2.157e+0,2.461e-2,1.124e+0,6.951e-21,,3.333e+2,1.678e+2,1.646e+3,2.069e-28,2.600e-21,2.238e-6,,,,,,,,,,,,9.122e-22,,,,,,,,,4.297e-4,,1.371e-20,6.765e-19,,3.043e-18
257.68,1.729e+4,8.435e-21,2.027e-7,9.640e-35,,7.950e-22,2.372e-51,2.415e-22,1.150e-23,9.098e-50,1.513e+4,6.730e-21,6.486e-31,1.493e-19,2.229e-23,1.488e-29,,2.177e-28,6.227e-43,1.012e-21,2.134e-19,8.199e-36,3.265e-11,1.551e+0,2.433e-2,1.190e+0,6.953e-21,,3.221e+2,1.678e+2,1.666e+3,2.069e-28,2.601e-21,1.572e-6,,,,,,,,,,,,9.129e-22,,,,,,,,,6.309e-4,,1.369e-20,6.769e-19,,3.045e-18
257.71,1.508e+4,8.427e-21,1.692e-7,9.577e-35,,1.773e-21,7.201e-52,2.415e-22,1.153e-23,8.977e-50,1.293e+4,6.791e-21,6.542e-31,1.498e-19,2.223e-23,3.141e-30,,2.179e-28,6.220e-43,1.013e-21,2.136e-19,8.207e-36,1.023e-10,9.252e-1,2.340e-2,1.280e+0,6.955e-21,,2.995e+2,1.643e+2,1.686e+3,2.068e-28,2.602e-21,9.056e-7,,,,,,,,,,,,9.141e-22,,,,,,,,,1.099e-3,,1.364e-20,6.774e-19,,3.047e-18
257.73,1.361e+4,8.421e-21,1.478e-7,9.534e-35,,2.984e-21,3.206e-52,2.415e-22,1.154e-23,8.896e-50,1.148e+4,6.831e-21,6.579e-31,1.501e-19,2.219e-23,1.098e-30,,2.180e-28,6.215e-43,1.013e-21,2.137e-19,8.213e-36,2.159e-10,6.463e-1,2.248e-2,1.332e+0,6.957e-21,,2.812e+2,1.598e+2,1.691e+3,2.067e-28,2.603e-21,6.180e-7,,,,,,,,,,,,9.148e-22,,,,,,,,,1.567e-3,,1.362e-20,6.778e-19,,3.049e-18
257.76,1.148e+4,8.413e-21,1.182e-7,9.471e-35,,6.376e-21,9.314e-53,2.416e-22,1.157e-23,8.775e-50,9.396e+3,6.892e-21,6.635e-31,1.505e-19,2.213e-23,2.218e-31,,2.181e-28,6.208e-43,1.014e-21,2.139e-19,8.221e-36,6.480e-10,3.692e-1,2.070e-2,1.392e+0,6.959e-21,,2.505e+2,1.501e+2,1.686e+3,2.066e-28,2.604e-21,3.409e-7,,,,,,,,,,,,9.160e-22,,,,,,,,,2.614e-3,,1.357e-20,6.784e-19,,3.052e-18
257.78,1.015e+4,8.407e-21,1.003e-7,9.429e-35,,1.043e-20,4.027e-53,2.416e-22,1.159e-23,8.694e-50,8.104e+3,6.932e-21,6.672e-31,1.508e-19,2.209e-23,2.208e-31,,2.183e-28,6.203e-43,1.015e-21,2.141e-19,8.226e-36,1.329e-9,2.505e-1,1.932e-2,1.417e+0,6.960e-21,,2.286e+2,1.420e+2,1.674e+3,2.065e-28,2.605e-21,2.260e-7,,,,,,,,,,,,9.168e-22,,,,,,,,,3.625e-3,,1.355e-20,6.787e-19,,3.053e-18
257.81,8.322e+3,8.399e-21,7.677e-8,9.366e-35,,2.135e-20,1.120e-53,2.417e-22,1.162e-23,8.573e-50,6.353e+3,6.993e-21,6.728e-31,1.513e-19,2.203e-23,2.193e-31,,2.184e-28,6.196e-43,1.016e-21,2.142e-19,8.234e-36,3.823e-9,1.370e-1,1.704e-2,1.431e+0,6.963e-21,,1.951e+2,1.282e+2,1.644e+3,2.065e-28,2.606e-21,1.194e-7,,,,,,,,,,,,9.179e-22,,,,,,,,,5.792e-3,,1.350e-20,6.793e-19,,3.056e-18
257.83,7.235e+3,8.394e-21,6.332e-8,9.323e-35,,3.393e-20,4.704e-54,2.417e-22,1.164e-23,8.492e-50,5.324e+3,7.033e-21,6.765e-31,1.516e-19,2.199e-23,2.183e-31,,2.185e-28,6.191e-43,1.016e-21,2.144e-19,8.240e-36,7.621e-9,9.032e-2,1.545e-2,1.424e+0,6.964e-21,,1.731e+2,1.184e+2,1.618e+3,2.064e-28,2.606e-21,7.687e-8,,,,,,,,,,,,9.187e-22,,,,,,,,,7.803e-3,,1.348e-20,6.797e-19,,3.057e-18
257.85,6.261e+3,8.388e-21,5.162e-8,9.281e-35,,5.330e-20,1.953e-54,2.418e-22,1.166e-23,8.411e-50,4.411e+3,7.073e-21,6.802e-31,1.519e-19,2.194e-23,2.173e-31,,2.186e-28,6.187e-43,1.017e-21,2.145e-19,8.245e-36,1.502e-8,5.885e-2,1.385e-2,1.402e+0,6.966e-21,,1.518e+2,1.085e+2,1.589e+3,2.063e-28,2.607e-21,4.894e-8,,,,,,,,,,,,9.194e-22,,,,,,,,,1.039e-2,,1.345e-20,6.800e-19,,3.059e-18
257.88,5.017e+3,8.380e-21,3.719e-8,9.218e-35,,1.028e-19,5.109e-55,2.418e-22,1.168e-23,8.290e-50,3.255e+3,7.134e-21,6.858e-31,1.523e-19,2.188e-23,2.158e-31,,2.188e-28,6.179e-43,1.018e-21,2.147e-19,8.253e-36,4.069e-8,3.029e-2,1.150e-2,1.347e+0,6.968e-21,,1.221e+2,9.432e+1,1.544e+3,2.062e-28,2.608e-21,2.432e-8,,,,,,,,,,,,9.206e-22,,,,,,,,,1.564e-2,,1.341e-20,6.806e-19,,3.061e-18
257.9,4.329e+3,8.374e-21,2.946e-8,9.176e-35,,1.569e-19,2.060e-55,2.419e-22,1.170e-23,8.209e-50,2.620e+3,7.174e-21,6.895e-31,1.526e-19,2.184e-23,2.148e-31,,2.189e-28,6.175e-43,1.019e-21,2.148e-19,8.259e-36,7.795e-8,1.917e-2,1.002e-2,1.296e+0,6.969e-21,,1.041e+2,8.575e+1,1.517e+3,2.062e-28,2.609e-21,1.504e-8,,,,,,,,,,,,9.213e-22,,,,,,,,,2.024e-2,,1.338e-20,6.810e-19,,3.063e-18
257.93,3.498e+3,8.366e-21,2.032e-8,9.113e-35,,2.898e-19,5.160e-56,2.419e-22,1.173e-23,8.088e-50,1.852e+3,7.235e-21,6.951e-31,1.531e-19,2.178e-23,2.133e-31,,2.190e-28,6.167e-43,1.019e-21,2.150e-19,8.267e-36,2.023e-7,9.450e-3,7.965e-3,1.202e+0,6.972e-21,,8.030e+1,7.510e+1,1.490e+3,2.061e-28,2.610e-21,7.159e-9,,,,,,,,,,,,9.225e-22,,,,,,,,,2.917e-2,,1.334e-20,6.815e-19,,3.065e-18
257.95,3.070e+3,8.361e-21,1.564e-8,9.070e-35,,4.300e-19,2.021e-56,2.420e-22,1.175e-23,8.007e-50,1.448e+3,7.275e-21,6.988e-31,1.534e-19,2.174e-23,2.123e-31,,2.191e-28,6.163e-43,1.020e-21,2.151e-19,8.272e-36,3.767e-7,5.812e-3,6.739e-3,1.130e+0,6.973e-21,,6.661e+1,6.992e+1,1.484e+3,2.060e-28,2.611e-21,4.301e-9,,,,,,,,,,,,9.232e-22,,,,,,,,,3.668e-2,,1.331e-20,6.819e-19,,3.067e-18
257.98,2.599e+3,8.352e-21,1.033e-8,9.007e-35,,7.607e-19,4.845e-57,2.420e-22,1.177e-23,7.886e-50,9.806e+2,7.336e-21,7.044e-31,1.538e-19,2.168e-23,2.108e-31,,2.193e-28,6.155e-43,1.021e-21,2.153e-19,8.280e-36,9.366e-7,2.742e-3,5.132e-3,1.014e+0,6.975e-21,,4.933e+1,6.579e+1,1.503e+3,2.059e-28,2.612e-21,1.960e-9,,,,,,,,,,,,9.244e-22,,,,,,,,,5.064e-2,,1.327e-20,6.825e-19,,3.070e-18
258,2.389e+3,8.347e-21,7.728e-9,8.965e-35,,1.097e-18,1.843e-57,2.420e-22,1.179e-23,7.805e-50,7.452e+2,7.376e-21,7.081e-31,1.541e-19,2.164e-23,2.099e-31,,2.194e-28,6.151e-43,1.022e-21,2.154e-19,8.286e-36,1.695e-6,1.638e-3,4.219e-3,9.332e-1,6.977e-21,,3.985e+1,6.586e+1,1.537e+3,2.059e-28,2.613e-21,1.144e-9,,,,,,,,,,,,9.251e-22,,,,,,,,,6.189e-2,,1.324e-20,6.828e-19,,3.071e-18
258.03,2.211e+3,8.339e-21,4.890e-9,8.902e-35,,1.859e-18,4.230e-58,2.421e-22,1.182e-23,7.683e-50,4.832e+2,7.437e-21,7.137e-31,1.546e-19,2.158e-23,2.084e-31,,2.195e-28,6.143e-43,1.022e-21,2.156e-19,8.294e-36,4.038e-6,7.403e-4,3.077e-3,8.132e-1,6.979e-21,,2.840e+1,7.084e+1,1.628e+3,2.058e-28,2.614e-21,4.992e-10,,,,,,,,,,,,9.263e-22,,,,,,,,,8.185e-2,,1.320e-20,6.834e-19,,3.074e-18
258.05,2.177e+3,8.333e-21,3.552e-9,8.859e-35,,2.606e-18,1.563e-58,2.421e-22,1.184e-23,7.603e-50,3.568e+2,7.477e-21,7.174e-31,1.549e-19,2.154e-23,2.074e-31,,2.196e-28,6.139e-43,1.023e-21,2.157e-19,8.299e-36,7.102e-6,4.297e-4,2.458e-3,7.363e-1,6.980e-21,,2.240e+1,7.773e+1,1.719e+3,2.057e-28,2.615e-21,2.830e-10,,,,,,,,,,,,9.270e-22,,,,,,,,,9.721e-2,,1.317e-20,6.838e-19,,3.075e-18
258.08,2.237e+3,8.325e-21,2.153e-9,8.796e-35,,4.231e-18,3.434e-59,2.422e-22,1.187e-23,7.481e-50,2.216e+2,7.538e-21,7.230e-31,1.554e-19,2.148e-23,2.059e-31,,2.198e-28,6.131e-43,1.024e-21,2.159e-19,8.307e-36,1.621e-5,1.859e-4,1.717e-3,6.294e-1,6.983e-21,,1.545e+1,9.391e+1,1.905e+3,2.056e-28,2.616e-21,1.182e-10,,,,,,,,,,,,9.282e-22,,,,,,,,,1.231e-1,,1.313e-20,6.843e-19,,3.078e-18
258.1,2.347e+3,8.319e-21,1.519e-9,8.754e-35,,5.762e-18,1.232e-59,2.422e-22,1.188e-23,7.401e-50,1.590e+2,7.578e-21,7.267e-31,1.557e-19,2.144e-23,2.049e-31,,2.199e-28,6.127e-43,1.024e-21,2.160e-19,8.313e-36,2.771e-5,1.048e-4,1.332e-3,5.655e-1,6.984e-21,,1.196e+1,1.088e+2,2.067e+3,2.055e-28,2.617e-21,6.513e-11,,,,,,,,,,,,9.290e-22,,,,,,,,,1.421e-1,,1.310e-20,6.847e-19,,3.079e-18
258.13,2.610e+3,8.311e-21,8.817e-10,8.691e-35,,8.964e-18,2.592e-60,2.423e-22,1.191e-23,7.279e-50,9.456e+1,7.639e-21,7.323e-31,1.561e-19,2.137e-23,2.034e-31,,2.200e-28,6.119e-43,1.025e-21,2.162e-19,8.321e-36,6.061e-5,4.342e-5,8.912e-4,4.831e-1,6.986e-21,,8.096e+0,1.374e+2,2.369e+3,2.054e-28,2.618e-21,2.606e-11,,,,,,,,,,,,9.301e-22,,,,,,,,,1.724e-1,,1.306e-20,6.853e-19,,3.082e-18
258.15,2.848e+3,8.305e-21,6.047e-10,8.648e-35,,1.186e-17,9.034e-61,2.423e-22,1.193e-23,7.198e-50,6.593e+1,7.679e-21,7.360e-31,1.564e-19,2.133e-23,2.024e-31,,2.202e-28,6.115e-43,1.026e-21,2.163e-19,8.326e-36,1.007e-4,2.379e-5,6.720e-4,4.380e-1,6.988e-21,,6.243e+0,1.607e+2,2.614e+3,2.054e-28,2.619e-21,1.394e-11,,,,,,,,,,,,9.309e-22,,,,,,,,,1.934e-1,,1.303e-20,6.857e-19,,3.083e-18
258.18,3.298e+3,8.297e-21,3.361e-10,8.585e-35,,1.768e-17,9.015e-61,2.424e-22,1.196e-23,7.077e-50,3.756e+1,7.740e-21,7.416e-31,1.569e-19,2.127e-23,2.009e-31,,2.203e-28,6.107e-43,1.027e-21,2.165e-19,8.334e-36,2.110e-4,9.435e-6,4.305e-4,3.857e-1,6.990e-21,,4.284e+0,2.015e+2,3.054e+3,2.053e-28,2.620e-21,5.340e-12,,,,,,,,,,,,9.320e-22,,,,,,,,,2.248e-1,,1.299e-20,6.862e-19,,3.086e-18
258.2,3.661e+3,8.292e-21,2.239e-10,8.543e-35,,2.274e-17,9.002e-61,2.424e-22,1.198e-23,6.996e-50,2.544e+1,7.780e-21,7.453e-31,1.572e-19,2.123e-23,1.999e-31,,2.204e-28,6.103e-43,1.027e-21,2.166e-19,8.340e-36,3.407e-4,5.021e-6,3.154e-4,3.610e-1,6.992e-21,,3.394e+0,2.322e+2,3.399e+3,2.052e-28,2.620e-21,2.776e-12,,,,,,,,,,,,9.328e-22,,,,,,,,,2.450e-1,,1.296e-20,6.866e-19,,3.088e-18
258.23,4.300e+3,8.283e-21,1.192e-10,8.480e-35,,3.246e-17,8.982e-61,2.425e-22,1.200e-23,6.875e-50,1.388e+1,7.841e-21,7.509e-31,1.576e-19,2.117e-23,1.984e-31,,2.206e-28,6.095e-43,1.028e-21,2.168e-19,8.348e-36,6.841e-4,1.907e-6,1.935e-4,3.382e-1,6.994e-21,,2.507e+0,2.824e+2,4.001e+3,2.051e-28,2.622e-21,1.018e-12,,,,,,,,,,,,9.339e-22,,,,,,,,,2.728e-1,,1.292e-20,6.872e-19,,3.090e-18
258.25,4.792e+3,8.278e-21,7.715e-11,8.438e-35,,4.058e-17,8.969e-61,2.425e-22,1.202e-23,6.794e-50,9.138e+0,7.881e-21,7.546e-31,1.579e-19,2.113e-23,1.974e-31,,2.207e-28,6.091e-43,1.029e-21,2.169e-19,8.353e-36,1.073e-3,9.858e-7,1.377e-4,3.318e-1,6.995e-21,,2.133e+0,3.177e+2,4.462e+3,2.051e-28,2.622e-21,5.142e-13,,,,,,,,,,,,9.347e-22,,,,,,,,,2.889e-1,,1.289e-20,6.875e-19,,3.092e-18
258.27,5.334e+3,8.272e-21,4.938e-11,8.395e-35,,5.014e-17,8.956e-61,2.425e-22,1.204e-23,6.713e-50,5.946e+0,7.922e-21,7.584e-31,1.582e-19,2.109e-23,1.964e-31,,2.208e-28,6.086e-43,1.030e-21,2.170e-19,8.359e-36,1.665e-3,5.037e-7,9.690e-5,3.315e-1,6.997e-21,,1.885e+0,3.537e+2,4.972e+3,2.050e-28,2.623e-21,2.567e-13,,,,,,,,,,,,9.354e-22,,,,,,,,,3.024e-1,,1.286e-20,6.879e-19,,3.093e-18
258.3,6.241e+3,8.264e-21,2.475e-11,8.332e-35,,6.741e-17,8.937e-61,2.426e-22,1.207e-23,6.592e-50,3.055e+0,7.982e-21,7.640e-31,1.587e-19,2.103e-23,1.949e-31,,2.209e-28,6.079e-43,1.030e-21,2.172e-19,8.367e-36,3.150e-3,1.801e-7,5.596e-5,3.406e-1,6.999e-21,,1.678e+0,4.071e+2,5.829e+3,2.049e-28,2.624e-21,8.859e-14,,,,,,,,,,,,9.366e-22,,,,,,,,,3.171e-1,,1.282e-20,6.885e-19,,3.096e-18
258.32,6.904e+3,8.259e-21,1.541e-11,8.290e-35,,8.095e-17,8.924e-61,2.426e-22,1.209e-23,6.511e-50,1.931e+0,8.023e-21,7.677e-31,1.590e-19,2.099e-23,1.939e-31,,2.210e-28,6.074e-43,1.031e-21,2.173e-19,8.372e-36,4.749e-3,8.938e-8,3.825e-5,3.518e-1,7.001e-21,,1.615e+0,4.408e+2,6.459e+3,2.048e-28,2.625e-21,4.296e-14,,,,,,,,,,,,9.373e-22,,,,,,,,,3.226e-1,,1.279e-20,6.888e-19,,3.097e-18
258.35,7.970e+3,8.250e-21,7.448e-12,8.227e-35,,1.043e-16,8.904e-61,2.427e-22,1.211e-23,6.390e-50,9.503e-1,8.083e-21,7.733e-31,1.594e-19,2.093e-23,1.925e-31,,2.212e-28,6.067e-43,1.032e-21,2.175e-19,8.380e-36,8.606e-3,3.059e-8,2.116e-5,3.738e-1,7.003e-21,,1.590e+0,4.864e+2,7.480e+3,2.047e-28,2.626e-21,1.420e-14,,,,,,,,,,,,9.385e-22,,,,,,,,,3.240e-1,,1.275e-20,6.894e-19,,3.100e-18
258.37,8.715e+3,8.245e-21,4.569e-12,8.184e-35,,1.217e-16,8.891e-61,2.427e-22,1.213e-23,6.309e-50,5.838e-1,8.124e-21,7.770e-31,1.597e-19,2.088e-23,1.915e-31,,2.213e-28,6.062e-43,1.032e-21,2.176e-19,8.386e-36,1.261e-2,1.475e-8,1.405e-5,3.906e-1,7.004e-21,,1.604e+0,5.120e+2,8.201e+3,2.047e-28,2.627e-21,6.688e-15,,,,,,,,,,,,9.393e-22,,,,,,,,,3.203e-1,,1.272e-20,6.898e-19,,3.101e-18
258.4,9.857e+3,8.237e-21,2.267e-12,8.121e-35,,1.501e-16,8.872e-61,2.428e-22,1.216e-23,6.188e-50,2.751e-1,8.184e-21,7.826e-31,1.602e-19,2.082e-23,1.900e-31,,2.214e-28,6.055e-43,1.033e-21,2.178e-19,8.394e-36,2.190e-2,4.835e-9,7.444e-6,4.171e-1,7.006e-21,,1.650e+0,5.414e+2,9.312e+3,2.046e-28,2.628e-21,2.116e-15,,,,,,,,,,,,9.404e-22,,,,,,,,,3.081e-1,,1.268e-20,6.903e-19,,3.104e-18
258.42,1.061e+4,8.231e-21,1.538e-12,8.079e-35,,1.703e-16,8.859e-61,2.428e-22,1.218e-23,6.107e-50,1.642e-1,8.225e-21,7.863e-31,1.605e-19,2.078e-23,1.890e-31,,2.215e-28,6.050e-43,1.034e-21,2.179e-19,8.399e-36,3.120e-2,2.265e-9,4.804e-6,4.347e-1,7.008e-21,,1.689e+0,5.539e+2,1.005e+4,2.045e-28,2.629e-21,9.686e-16,,,,,,,,,,,,9.412e-22,,,,,,,,,2.960e-1,,1.265e-20,6.907e-19,,3.106e-18
258.45,1.169e+4,8.223e-21,1.152e-12,8.016e-35,,2.013e-16,8.839e-61,2.429e-22,1.221e-23,5.986e-50,7.414e-2,8.285e-21,7.919e-31,1.609e-19,2.072e-23,1.875e-31,,2.217e-28,6.043e-43,1.035e-21,2.181e-19,8.407e-36,5.191e-2,7.108e-10,2.437e-6,4.598e-1,7.010e-21,,1.755e+0,5.611e+2,1.112e+4,2.044e-28,2.630e-21,2.935e-16,,,,,,,,,,,,9.423e-22,,,,,,,,,2.728e-1,,1.261e-20,6.913e-19,,3.108e-18
258.47,1.234e+4,8.217e-21,1.229e-12,7.973e-35,,2.218e-16,8.826e-61,2.429e-22,1.222e-23,5.905e-50,4.301e-2,8.326e-21,7.956e-31,1.612e-19,2.068e-23,1.865e-31,,2.218e-28,6.038e-43,1.035e-21,2.182e-19,8.413e-36,7.187e-2,3.235e-10,1.528e-6,4.752e-1,7.012e-21,,1.801e+0,5.578e+2,1.178e+4,2.044e-28,2.631e-21,1.305e-16,,,,,,,,,,,,9.431e-22,,,,,,,,,2.547e-1,,1.258e-20,6.916e-19,,3.110e-18
258.5,1.318e+4,8.209e-21,1.776e-12,7.910e-35,,2.512e-16,8.807e-61,2.430e-22,1.225e-23,5.784e-50,1.859e-2,8.386e-21,8.012e-31,1.617e-19,2.062e-23,1.850e-31,,2.220e-28,6.031e-43,1.036e-21,2.184e-19,8.421e-36,1.146e-1,9.720e-11,7.423e-7,4.965e-1,7.014e-21,,1.874e+0,5.413e+2,1.264e+4,2.043e-28,2.632e-21,3.785e-17,,,,,,,,,,,,9.442e-22,,,,,,,,,2.248e-1,,1.254e-20,6.922e-19,,3.112e-18
258.52,1.362e+4,8.204e-21,2.457e-12,7.868e-35,,2.691e-16,8.794e-61,2.430e-22,1.227e-23,5.703e-50,1.048e-2,8.427e-21,8.049e-31,1.620e-19,2.058e-23,1.840e-31,,2.221e-28,6.026e-43,1.037e-21,2.185e-19,8.426e-36,1.543e-1,4.298e-11,4.522e-7,5.095e-1,7.015e-21,,1.926e+0,5.230e+2,1.309e+4,2.042e-28,2.633e-21,1.635e-17,,,,,,,,,,,,9.450e-22,,,,,,,,,2.039e-1,,1.251e-20,6.926e-19,,3.114e-18
258.55,1.405e+4,8.195e-21,4.094e-12,7.805e-35,,2.919e-16,8.774e-61,2.431e-22,1.230e-23,5.582e-50,4.340e-3,8.487e-21,8.105e-31,1.624e-19,2.052e-23,1.825e-31,,2.222e-28,6.019e-43,1.038e-21,2.187e-19,8.434e-36,2.358e-1,1.236e-11,2.104e-7,5.280e-1,7.018e-21,,2.014e+0,4.862e+2,1.356e+4,2.041e-28,2.634e-21,4.541e-18,,,,,,,,,,,,9.461e-22,,,,,,,,,1.724e-1,,1.247e-20,6.931e-19,,3.116e-18
258.57,1.417e+4,8.190e-21,5.735e-12,7.763e-35,,3.039e-16,8.761e-61,2.431e-22,1.232e-23,5.501e-50,2.377e-3,8.528e-21,8.142e-31,1.627e-19,2.048e-23,1.815e-31,,2.223e-28,6.014e-43,1.038e-21,2.188e-19,8.440e-36,3.085e-1,5.311e-12,1.245e-7,5.404e-1,7.019e-21,,2.085e+0,4.565e+2,1.371e+4,2.041e-28,2.635e-21,1.905e-18,,,,,,,,,,,,9.469e-22,,,,,,,,,1.520e-1,,1.244e-20,6.935e-19,,3.118e-18
258.6,1.410e+4,8.182e-21,9.348e-12,7.699e-35,,3.158e-16,8.742e-61,2.432e-22,1.234e-23,5.380e-50,9.429e-4,8.588e-21,8.198e-31,1.632e-19,2.042e-23,1.800e-31,,2.225e-28,6.007e-43,1.039e-21,2.190e-19,8.448e-36,4.520e-1,1.463e-12,5.549e-8,5.603e-1,7.021e-21,,2.220e+0,4.065e+2,1.369e+4,2.040e-28,2.636e-21,5.068e-19,,,,,,,,,,,,9.480e-22,,,,,,,,,1.231e-1,,1.240e-20,6.941e-19,,3.120e-18
258.62,1.387e+4,8.176e-21,1.278e-11,7.657e-35,,3.194e-16,8.729e-61,2.432e-22,1.236e-23,5.299e-50,5.018e-4,8.629e-21,8.235e-31,1.635e-19,2.038e-23,1.790e-31,,2.226e-28,6.002e-43,1.040e-21,2.191e-19,8.453e-36,5.750e-1,6.105e-13,3.191e-8,5.753e-1,7.023e-21,,2.337e+0,3.709e+2,1.350e+4,2.039e-28,2.636e-21,2.066e-19,,,,,,,,,,,,9.488e-22,,,,,,,,,1.055e-1,,1.237e-20,6.944e-19,,3.122e-18
258.64,1.351e+4,8.170e-21,1.728e-11,7.615e-35,,3.194e-16,8.716e-61,2.432e-22,1.238e-23,5.218e-50,2.640e-4,8.669e-21,8.272e-31,1.638e-19,2.033e-23,1.780e-31,,2.227e-28,5.997e-43,1.040e-21,2.193e-19,8.459e-36,7.233e-1,2.518e-13,1.814e-8,5.925e-1,7.024e-21,,2.485e+0,3.346e+2,1.318e+4,2.038e-28,2.637e-21,8.324e-20,,,,,,,,,,,,9.495e-22,,,,,,,,,8.933e-2,,1.234e-20,6.948e-19,,3.124e-18
258.67,1.275e+4,8.162e-21,2.660e-11,7.552e-35,,3.127e-16,8.697e-61,2.433e-22,1.241e-23,5.097e-50,9.858e-5,8.730e-21,8.328e-31,1.642e-19,2.027e-23,1.766e-31,,2.228e-28,5.990e-43,1.041e-21,2.194e-19,8.467e-36,9.995e-1,6.528e-14,7.608e-9,6.235e-1,7.027e-21,,2.783e+0,2.805e+2,1.246e+4,2.037e-28,2.638e-21,2.083e-20,,,,,,,,,,,,9.507e-22,,,,,,,,,6.813e-2,,1.230e-20,6.954e-19,,3.126e-18
258.69,1.211e+4,8.157e-21,3.497e-11,7.509e-35,,3.039e-16,8.684e-61,2.433e-22,1.243e-23,5.016e-50,5.040e-5,8.770e-21,8.365e-31,1.645e-19,2.023e-23,1.756e-31,,2.229e-28,5.985e-43,1.042e-21,2.196e-19,8.472e-36,1.223e+0,2.616e-14,4.202e-9,6.487e-1,7.028e-21,,3.051e+0,2.459e+2,1.186e+4,2.037e-28,2.639e-21,8.155e-21,,,,,,,,,,,,9.515e-22,,,,,,,,,5.607e-2,,1.227e-20,6.958e-19,,3.128e-18
258.72,1.101e+4,8.148e-21,5.162e-11,7.446e-35,,2.850e-16,8.664e-61,2.434e-22,1.245e-23,4.895e-50,1.803e-5,8.831e-21,8.421e-31,1.650e-19,2.017e-23,1.741e-31,,2.231e-28,5.978e-43,1.043e-21,2.197e-19,8.480e-36,1.622e+0,6.493e-15,1.688e-9,6.951e-1,7.030e-21,,3.594e+0,1.975e+2,1.081e+4,2.036e-28,2.640e-21,1.954e-21,,,,,,,,,,,,9.526e-22,,,,,,,,,4.097e-2,,1.223e-20,6.963e-19,,3.130e-18
258.74,1.021e+4,8.143e-21,6.598e-11,7.404e-35,,2.691e-16,8.651e-61,2.434e-22,1.247e-23,4.814e-50,8.955e-6,8.871e-21,8.458e-31,1.653e-19,2.013e-23,1.731e-31,,2.232e-28,5.973e-43,1.043e-21,2.199e-19,8.486e-36,1.931e+0,2.528e-15,9.057e-10,7.328e-1,7.032e-21,,4.082e+0,1.683e+2,1.004e+4,2.035e-28,2.641e-21,7.432e-22,,,,,,,,,,,,9.534e-22,,,,,,,,,3.277e-2,,1.220e-20,6.967e-19,,3.132e-18
258.77,8.976e+3,8.135e-21,9.336e-11,7.341e-35,,2.418e-16,8.632e-61,2.435e-22,1.250e-23,4.693e-50,3.068e-6,8.932e-21,8.514e-31,1.658e-19,2.007e-23,1.716e-31,,2.233e-28,5.966e-43,1.044e-21,2.200e-19,8.494e-36,2.460e+0,6.008e-16,3.484e-10,8.014e-1,7.034e-21,,5.070e+0,1.295e+2,8.838e+3,2.034e-28,2.642e-21,1.705e-22,,,,,,,,,,,,9.545e-22,,,,,,,,,2.296e-2,,1.216e-20,6.972e-19,,3.134e-18
258.79,8.155e+3,8.129e-21,1.160e-10,7.298e-35,,2.220e-16,8.619e-61,2.435e-22,1.252e-23,4.612e-50,1.481e-6,8.972e-21,8.551e-31,1.661e-19,2.003e-23,1.706e-31,,2.234e-28,5.961e-43,1.045e-21,2.202e-19,8.499e-36,2.853e+0,2.272e-16,1.817e-10,8.563e-1,7.035e-21,,5.953e+0,1.072e+2,8.038e+3,2.034e-28,2.643e-21,6.300e-23,,,,,,,,,,,,9.553e-22,,,,,,,,,1.788e-2,,1.213e-20,6.976e-19,,3.136e-18
258.82,6.977e+3,8.121e-21,1.574e-10,7.235e-35,,1.912e-16,8.599e-61,2.436e-22,1.255e-23,4.491e-50,4.860e-7,9.033e-21,8.607e-31,1.665e-19,1.997e-23,1.691e-31,,2.236e-28,5.954e-43,1.046e-21,2.203e-19,8.507e-36,3.496e+0,5.171e-17,6.693e-11,9.545e-1,7.038e-21,,7.731e+0,7.900e+1,6.885e+3,2.033e-28,2.644e-21,1.384e-23,,,,,,,,,,,,9.564e-22,,,,,,,,,1.207e-2,,1.209e-20,6.982e-19,,3.138e-18
258.84,6.251e+3,8.115e-21,1.901e-10,7.193e-35,,1.707e-16,8.586e-61,2.436e-22,1.256e-23,4.410e-50,2.280e-7,9.073e-21,8.644e-31,1.668e-19,1.993e-23,1.681e-31,,2.237e-28,5.949e-43,1.046e-21,2.205e-19,8.513e-36,3.953e+0,1.900e-17,3.390e-11,1.031e+0,7.039e-21,,9.307e+0,6.355e+1,6.173e+3,2.032e-28,2.645e-21,4.967e-24,,,,,,,,,,,,9.572e-22,,,,,,,,,9.219e-3,,1.206e-20,6.986e-19,,3.140e-18
258.87,5.283e+3,8.107e-21,2.472e-10,7.130e-35,,1.411e-16,8.567e-61,2.437e-22,1.259e-23,4.288e-50,7.167e-8,9.134e-21,8.700e-31,1.673e-19,1.987e-23,1.666e-31,,2.239e-28,5.942e-43,1.047e-21,2.206e-19,8.521e-36,4.668e+0,4.140e-18,1.196e-11,1.165e+0,7.041e-21,,1.244e+1,4.488e+1,5.220e+3,2.031e-28,2.646e-21,1.045e-24,,,,,,,,,,,,9.583e-22,,,,,,,,,6.187e-3,,1.202e-20,6.991e-19,,3.142e-18
258.89,4.729e+3,8.102e-21,2.904e-10,7.088e-35,,1.227e-16,8.554e-61,2.437e-22,1.261e-23,4.208e-50,3.266e-8,9.174e-21,8.737e-31,1.676e-19,1.982e-23,1.656e-31,,2.240e-28,5.937e-43,1.048e-21,2.208e-19,8.526e-36,5.156e+0,1.478e-18,5.888e-12,1.267e+0,7.043e-21,,1.517e+1,3.508e+1,4.672e+3,2.030e-28,2.647e-21,3.643e-25,,,,,,,,,,,,9.591e-22,,,,,,,,,4.861e-3,,1.199e-20,6.995e-19,,3.144e-18
258.92,4.046e+3,8.093e-21,3.620e-10,7.024e-35,,9.785e-17,8.534e-61,2.438e-22,1.264e-23,4.086e-50,9.835e-9,9.235e-21,8.793e-31,1.680e-19,1.976e-23,1.641e-31,,2.241e-28,5.930e-43,1.049e-21,2.210e-19,8.534e-36,5.889e+0,3.083e-19,1.989e-12,1.438e+0,7.045e-21,,2.049e+1,2.373e+1,3.994e+3,2.030e-28,2.648e-21,3.779e-25,,,,,,,,,,,,9.602e-22,,,,,,,,,3.767e-3,,1.195e-20,7.001e-19,,3.147e-18
258.94,3.688e+3,8.088e-21,4.135e-10,6.982e-35,,8.337e-17,8.521e-61,2.438e-22,1.266e-23,4.006e-50,4.356e-9,9.275e-21,8.830e-31,1.683e-19,1.972e-23,1.631e-31,,2.242e-28,5.925e-43,1.049e-21,2.211e-19,8.540e-36,6.369e+0,1.069e-19,9.513e-13,1.562e+0,7.047e-21,,2.501e+1,1.803e+1,3.637e+3,2.029e-28,2.649e-21,3.870e-25,,,,,,,,,,,,9.610e-22,,,,,,,,,3.598e-3,,1.192e-20,7.004e-19,,3.148e-18
258.97,3.290e+3,8.080e-21,4.941e-10,6.919e-35,,6.510e-17,8.502e-61,2.438e-22,1.268e-23,3.884e-50,1.256e-9,9.336e-21,8.886e-31,1.688e-19,1.966e-23,1.616e-31,,2.244e-28,5.918e-43,1.050e-21,2.213e-19,8.548e-36,7.064e+0,1.059e-19,3.079e-13,1.761e+0,7.049e-21,,3.356e+1,1.168e+1,3.236e+3,2.028e-28,2.650e-21,4.005e-25,,,,,,,,,,,,9.621e-22,,,,,,,,,4.232e-3,,1.188e-20,7.010e-19,,3.151e-18
258.99,3.108e+3,8.074e-21,5.486e-10,6.877e-35,,5.530e-17,8.489e-61,2.439e-22,1.270e-23,3.803e-50,5.406e-10,9.376e-21,8.923e-31,1.691e-19,1.962e-23,1.607e-31,,2.245e-28,5.913e-43,1.051e-21,2.214e-19,8.553e-36,7.506e+0,1.052e-19,1.430e-13,1.899e+0,7.050e-21,,4.059e+1,8.623e+0,3.050e+3,2.027e-28,2.650e-21,4.096e-25,,,,,,,,,,,,9.629e-22,,,,,,,,,5.344e-3,,1.185e-20,7.014e-19,,3.152e-18
259.01,2.984e+3,8.069e-21,6.023e-10,6.834e-35,,4.744e-17,8.476e-61,2.439e-22,1.272e-23,3.723e-50,2.300e-10,9.417e-21,8.960e-31,1.694e-19,1.958e-23,1.597e-31,,2.246e-28,5.909e-43,1.051e-21,2.215e-19,8.559e-36,7.929e+0,1.045e-19,6.570e-14,2.037e+0,7.052e-21,,4.883e+1,6.293e+0,2.919e+3,5.801e-28,2.651e-21,4.186e-25,,,,,,,,,,,,9.637e-22,,,,,,,,,7.148e-3,,1.182e-20,7.017e-19,,3.154e-18
259.04,2.888e+3,8.060e-21,6.783e-10,6.771e-35,,3.920e-17,8.456e-61,2.440e-22,1.275e-23,3.601e-50,6.246e-11,9.477e-21,9.016e-31,1.698e-19,1.952e-23,1.582e-31,,2.247e-28,5.901e-43,1.052e-21,2.217e-19,8.567e-36,8.528e+0,1.035e-19,2.001e-14,2.237e+0,7.054e-21,,6.358e+1,3.841e+0,2.810e+3,2.749e-27,2.652e-21,4.322e-25,,,,,,,,,,,,9.648e-22,,,,,,,,,1.157e-2,,1.178e-20,7.023e-19,,3.156e-18
259.06,2.870e+3,8.055e-21,7.241e-10,6.729e-35,,3.602e-17,8.443e-61,2.440e-22,1.277e-23,3.521e-50,2.582e-11,9.518e-21,9.053e-31,1.701e-19,1.948e-23,1.572e-31,,2.248e-28,5.897e-43,1.053e-21,2.218e-19,8.572e-36,8.905e+0,1.028e-19,8.930e-15,2.360e+0,7.056e-21,,7.509e+1,2.725e+0,2.781e+3,7.649e-27,2.653e-21,4.413e-25,,,,,,,,,,,,9.656e-22,,,,,,,,,1.605e-2,,1.175e-20,7.027e-19,,3.158e-18
259.09,2.888e+3,8.047e-21,7.818e-10,6.666e-35,,3.460e-17,8.424e-61,2.441e-22,1.279e-23,3.399e-50,6.717e-12,9.578e-21,9.109e-31,1.706e-19,1.942e-23,1.557e-31,,2.250e-28,5.889e-43,1.054e-21,2.220e-19,8.580e-36,9.445e+0,1.018e-19,2.605e-15,2.520e+0,7.058e-21,,9.481e+1,1.595e+0,2.780e+3,3.475e-26,2.654e-21,4.549e-25,,,,,,,,,,,,9.667e-22,,,,,,,,,2.597e-2,,1.171e-20,7.032e-19,,3.160e-18
259.11,2.919e+3,8.041e-21,8.113e-10,6.623e-35,,3.581e-17,8.411e-61,2.441e-22,1.281e-23,3.318e-50,2.698e-12,9.619e-21,9.146e-31,1.709e-19,1.938e-23,1.547e-31,,2.251e-28,5.885e-43,1.054e-21,2.221e-19,8.586e-36,9.794e+0,1.011e-19,1.129e-15,2.605e+0,7.059e-21,,1.095e+2,1.103e+0,2.796e+3,9.401e-26,2.655e-21,4.639e-25,,,,,,,,,,,,9.675e-22,,,,,,,,,3.541e-2,,1.168e-20,7.036e-19,,3.162e-18
259.14,2.974e+3,8.033e-21,8.397e-10,6.560e-35,,4.073e-17,8.391e-61,2.442e-22,1.284e-23,3.197e-50,6.723e-13,9.679e-21,9.202e-31,1.713e-19,1.932e-23,1.532e-31,,2.252e-28,5.877e-43,1.055e-21,2.223e-19,8.594e-36,1.031e+1,1.000e-19,3.155e-16,2.691e+0,7.061e-21,,1.334e+2,6.270e-1,2.827e+3,4.095e-25,2.656e-21,4.775e-25,,,,,,,,,,,,9.686e-22,,,,,,,,,5.530e-2,,1.164e-20,7.042e-19,,3.165e-18
259.16,3.009e+3,8.027e-21,8.472e-10,6.518e-35,,4.598e-17,8.379e-61,2.442e-22,1.286e-23,3.116e-50,2.624e-13,9.720e-21,9.239e-31,1.716e-19,1.927e-23,1.522e-31,,2.253e-28,5.873e-43,1.056e-21,2.224e-19,8.599e-36,1.065e+1,9.935e-20,1.329e-16,2.716e+0,7.063e-21,,1.504e+2,4.316e-1,2.845e+3,1.077e-24,2.657e-21,4.865e-25,,,,,,,,,,,,9.694e-22,,,,,,,,,7.342e-2,,1.161e-20,7.045e-19,,3.166e-18
259.19,3.048e+3,8.019e-21,8.405e-10,6.455e-35,,5.667e-17,8.359e-61,2.443e-22,1.289e-23,2.995e-50,6.264e-14,9.780e-21,9.295e-31,1.721e-19,1.921e-23,1.507e-31,,2.255e-28,5.865e-43,1.057e-21,2.226e-19,8.607e-36,1.118e+1,9.832e-20,3.556e-17,2.703e+0,7.065e-21,,1.763e+2,2.602e-1,2.857e+3,4.498e-24,2.658e-21,5.001e-25,,,,,,,,,,,,9.705e-22,,,,,,,,,1.100e-1,,1.157e-20,7.051e-19,,3.169e-18
259.21,3.062e+3,8.013e-21,8.245e-10,6.413e-35,,6.552e-17,8.346e-61,2.443e-22,1.290e-23,2.914e-50,2.376e-14,9.821e-21,9.332e-31,1.724e-19,1.917e-23,1.497e-31,,2.256e-28,5.861e-43,1.057e-21,2.227e-19,8.613e-36,1.153e+1,9.764e-20,1.456e-17,2.660e+0,7.067e-21,,1.936e+2,2.044e-1,2.854e+3,1.150e-23,2.659e-21,5.092e-25,,,,,,,,,,,,9.713e-22,,,,,,,,,1.420e-1,,1.154e-20,7.055e-19,,3.170e-18
259.24,3.068e+3,8.005e-21,7.842e-10,6.349e-35,,8.110e-17,8.327e-61,2.443e-22,1.293e-23,2.793e-50,5.432e-15,9.881e-21,9.388e-31,1.728e-19,1.911e-23,1.482e-31,,2.258e-28,5.854e-43,1.058e-21,2.229e-19,8.621e-36,1.208e+1,9.661e-20,3.730e-18,2.546e+0,7.069e-21,,2.181e+2,1.873e-1,2.835e+3,4.605e-23,2.660e-21,5.227e-25,,,,,,,,,,,,9.724e-22,,,,,,,,,2.039e-1,,1.150e-20,7.060e-19,,3.173e-18
259.26,3.067e+3,8.000e-21,7.478e-10,6.307e-35,,9.277e-17,8.314e-61,2.444e-22,1.295e-23,2.712e-50,2.002e-15,9.922e-21,9.425e-31,1.731e-19,1.907e-23,1.472e-31,,2.259e-28,5.849e-43,1.059e-21,2.230e-19,8.626e-36,1.246e+1,9.592e-20,1.483e-18,2.440e+0,7.070e-21,,2.330e+2,2.164e-1,2.818e+3,1.145e-22,2.661e-21,5.318e-25,,,,,,,,,,,,9.732e-22,,,,,,,,,2.558e-1,,1.147e-20,7.064e-19,,3.174e-18
259.29,3.069e+3,7.991e-21,6.818e-10,6.244e-35,,1.117e-16,8.294e-61,2.444e-22,1.298e-23,2.591e-50,4.385e-16,9.982e-21,9.481e-31,1.736e-19,1.901e-23,1.457e-31,,2.260e-28,5.842e-43,1.060e-21,2.232e-19,8.634e-36,1.303e+1,9.490e-20,3.640e-19,2.243e+0,7.073e-21,,2.520e+2,3.266e-1,2.801e+3,4.394e-22,2.662e-21,5.454e-25,,,,,,,,,,,,9.743e-22,,,,,,,,,3.521e-1,,1.143e-20,7.070e-19,,3.177e-18
259.31,3.085e+3,7.986e-21,6.321e-10,6.202e-35,,1.248e-16,8.281e-61,2.445e-22,1.300e-23,2.510e-50,1.571e-16,1.002e-20,9.518e-31,1.739e-19,1.897e-23,1.447e-31,,2.261e-28,5.837e-43,1.060e-21,2.233e-19,8.640e-36,1.341e+1,9.421e-20,1.406e-19,2.091e+0,7.074e-21,,2.619e+2,4.553e-1,2.807e+3,1.062e-21,2.663e-21,5.544e-25,,,,,,,,,,,,9.751e-22,,,,,,,,,4.295e-1,,1.140e-20,7.073e-19,,3.179e-18
259.34,3.162e+3,7.978e-21,5.524e-10,6.138e-35,,1.447e-16,8.262e-61,2.445e-22,1.302e-23,2.389e-50,3.295e-17,1.008e-20,9.574e-31,1.743e-19,1.891e-23,1.433e-31,,2.263e-28,5.830e-43,1.061e-21,2.235e-19,8.648e-36,1.400e+1,9.318e-20,3.305e-20,1.844e+0,7.076e-21,,2.716e+2,7.631e-1,2.873e+3,3.909e-21,2.664e-21,5.680e-25,,,,,,,,,,,,9.762e-22,,,,,,,,,5.665e-1,,1.136e-20,7.079e-19,,3.181e-18
259.36,3.268e+3,7.972e-21,4.979e-10,6.096e-35,,1.574e-16,8.249e-61,2.446e-22,1.304e-23,2.308e-50,1.147e-17,1.012e-20,9.611e-31,1.746e-19,1.887e-23,1.423e-31,,2.264e-28,5.825e-43,1.062e-21,2.236e-19,8.653e-36,1.440e+1,9.250e-20,1.241e-20,1.672e+0,7.078e-21,,2.745e+2,1.073e+0,2.976e+3,9.188e-21,2.665e-21,5.771e-25,,,,,,,,,,,,9.770e-22,,,,,,,,,6.717e-1,,1.133e-20,7.083e-19,,3.183e-18
259.38,3.439e+3,7.967e-21,4.437e-10,6.054e-35,,1.694e-16,8.236e-61,2.446e-22,1.306e-23,2.227e-50,1.415e-18,1.016e-20,9.648e-31,1.749e-19,1.883e-23,1.413e-31,,2.265e-28,5.820e-43,1.062e-21,2.237e-19,8.659e-36,1.481e+1,9.181e-20,4.604e-21,1.499e+0,7.079e-21,,2.743e+2,1.495e+0,3.146e+3,2.135e-20,2.665e-21,5.861e-25,,,,,,,,,,,,9.778e-22,,,,,,,,,7.876e-1,,1.131e-20,7.087e-19,,3.184e-18
259.41,3.858e+3,7.958e-21,3.655e-10,5.991e-35,,1.852e-16,8.216e-61,2.447e-22,1.309e-23,2.106e-50,1.423e-18,1.022e-20,9.704e-31,1.754e-19,1.876e-23,1.398e-31,,2.266e-28,5.813e-43,1.063e-21,2.239e-19,8.667e-36,1.546e+1,9.078e-20,1.018e-21,1.246e+0,7.082e-21,,2.683e+2,2.412e+0,3.569e+3,7.407e-20,2.666e-21,5.997e-25,,,,,,,,,,,,9.789e-22,,,,,,,,,9.790e-1,,1.126e-20,7.092e-19,,3.187e-18
259.43,4.279e+3,7.953e-21,3.167e-10,5.948e-35,,1.938e-16,8.203e-61,2.447e-22,1.311e-23,2.025e-50,1.429e-18,1.026e-20,9.741e-31,1.757e-19,1.872e-23,1.388e-31,,2.267e-28,5.808e-43,1.064e-21,2.240e-19,8.672e-36,1.593e+1,9.010e-20,3.672e-22,1.087e+0,7.083e-21,,2.607e+2,3.274e+0,3.996e+3,1.674e-19,2.667e-21,6.087e-25,,,,,,,,,,,,9.797e-22,,,,,,,,,1.116e+0,,1.124e-20,7.096e-19,,3.188e-18
259.46,5.183e+3,7.945e-21,2.501e-10,5.885e-35,,2.031e-16,8.184e-61,2.448e-22,1.313e-23,1.904e-50,1.437e-18,1.033e-20,9.797e-31,1.762e-19,1.866e-23,1.373e-31,,2.269e-28,5.801e-43,1.065e-21,2.242e-19,8.680e-36,1.672e+1,8.907e-20,7.779e-23,8.660e-1,7.085e-21,,2.445e+2,5.070e+0,4.914e+3,5.567e-19,2.668e-21,6.223e-25,,,,,,,,,,,,9.808e-22,,,,,,,,,1.330e+0,,1.119e-20,7.102e-19,,3.191e-18
259.48,6.005e+3,7.939e-21,2.106e-10,5.843e-35,,2.066e-16,8.171e-61,2.448e-22,1.315e-23,1.823e-50,1.443e-18,1.037e-20,9.834e-31,1.765e-19,1.862e-23,1.363e-31,,2.270e-28,5.796e-43,1.065e-21,2.243e-19,8.686e-36,1.732e+1,8.838e-20,2.725e-23,7.340e-1,7.087e-21,,2.310e+2,6.690e+0,5.748e+3,1.223e-18,2.669e-21,6.314e-25,,,,,,,,,,,,9.816e-22,,,,,,,,,1.474e+0,,1.117e-20,7.105e-19,,3.192e-18
259.51,7.631e+3,7.931e-21,1.594e-10,5.780e-35,,2.075e-16,8.151e-61,2.448e-22,1.318e-23,1.702e-50,1.451e-18,1.043e-20,9.890e-31,1.769e-19,1.856e-23,1.348e-31,,2.271e-28,5.789e-43,1.066e-21,2.245e-19,8.694e-36,1.838e+1,8.735e-20,2.744e-23,5.606e-1,7.089e-21,,2.077e+2,9.930e+0,7.393e+3,3.899e-18,2.670e-21,6.449e-25,,,,,,,,,,,,9.827e-22,,,,,,,,,1.685e+0,,1.112e-20,7.111e-19,,3.195e-18
259.53,9.012e+3,7.925e-21,1.306e-10,5.738e-35,,2.051e-16,8.138e-61,2.449e-22,1.320e-23,1.621e-50,1.457e-18,1.047e-20,9.927e-31,1.772e-19,1.852e-23,1.338e-31,,2.272e-28,5.784e-43,1.067e-21,2.246e-19,8.699e-36,1.922e+1,8.667e-20,2.757e-23,4.619e-1,7.090e-21,,1.908e+2,1.274e+1,8.787e+3,8.329e-18,2.671e-21,6.540e-25,,,,,,,,,,,,9.835e-22,,,,,,,,,1.817e+0,,1.110e-20,7.115e-19,,3.197e-18
259.56,1.158e+4,7.917e-21,9.476e-11,5.674e-35,,1.974e-16,8.119e-61,2.449e-22,1.322e-23,1.500e-50,1.465e-18,1.053e-20,9.983e-31,1.777e-19,1.846e-23,1.323e-31,,2.274e-28,5.777e-43,1.068e-21,2.248e-19,8.707e-36,2.074e+1,8.564e-20,2.775e-23,3.381e-1,7.093e-21,,1.645e+2,1.812e+1,1.137e+4,2.546e-17,2.672e-21,6.676e-25,,,,,,,,,,,,9.846e-22,,,,,,,,,1.993e+0,,1.105e-20,7.120e-19,,3.199e-18
259.58,1.363e+4,7.912e-21,7.548e-11,5.632e-35,,1.897e-16,8.106e-61,2.450e-22,1.324e-23,1.419e-50,1.471e-18,1.057e-20,1.002e-30,1.780e-19,1.842e-23,1.313e-31,,2.275e-28,5.772e-43,1.068e-21,2.249e-19,8.713e-36,2.196e+1,8.496e-20,2.788e-23,2.708e-1,7.094e-21,,1.470e+2,2.260e+1,1.344e+4,5.288e-17,2.673e-21,6.766e-25,,,,,,,,,,,,9.854e-22,,,,,,,,,2.092e+0,,1.103e-20,7.124e-19,,3.201e-18
259.61,1.726e+4,7.903e-21,5.258e-11,5.569e-35,,1.750e-16,8.086e-61,2.450e-22,1.327e-23,1.298e-50,1.479e-18,1.063e-20,1.008e-30,1.784e-19,1.836e-23,1.298e-31,,2.277e-28,5.765e-43,1.069e-21,2.251e-19,8.721e-36,2.414e+1,8.393e-20,2.807e-23,1.900e-1,7.096e-21,,1.217e+2,3.081e+1,1.708e+4,1.550e-16,2.674e-21,6.902e-25,,,,,,,,,,,,9.865e-22,,,,,,,,,2.205e+0,,1.098e-20,7.130e-19,,3.203e-18
259.63,2.002e+4,7.898e-21,4.081e-11,5.527e-35,,1.634e-16,8.073e-61,2.451e-22,1.329e-23,1.217e-50,1.485e-18,1.067e-20,1.011e-30,1.787e-19,1.832e-23,1.288e-31,,2.278e-28,5.760e-43,1.070e-21,2.253e-19,8.726e-36,2.586e+1,8.324e-20,2.820e-23,1.480e-1,7.098e-21,,1.058e+2,3.735e+1,1.985e+4,3.129e-16,2.675e-21,6.993e-25,,,,,,,,,,,,9.873e-22,,,,,,,,,2.256e+0,,1.096e-20,7.133e-19,,3.205e-18
259.66,2.463e+4,7.890e-21,2.746e-11,5.463e-35,,1.444e-16,8.054e-61,2.451e-22,1.332e-23,1.096e-50,1.493e-18,1.073e-20,1.017e-30,1.792e-19,1.825e-23,1.274e-31,,2.279e-28,5.753e-43,1.071e-21,2.254e-19,8.734e-36,2.889e+1,8.221e-20,2.839e-23,9.972e-2,7.100e-21,,8.417e+1,4.881e+1,2.446e+4,8.792e-16,2.676e-21,7.128e-25,,,,,,,,,,,,9.884e-22,,,,,,,,,2.292e+0,,1.091e-20,7.139e-19,,3.207e-18
259.68,2.796e+4,7.884e-21,2.095e-11,5.421e-35,,1.311e-16,8.041e-61,2.452e-22,1.333e-23,1.015e-50,1.499e-18,1.077e-20,1.021e-30,1.795e-19,1.821e-23,1.264e-31,,2.280e-28,5.748e-43,1.071e-21,2.256e-19,8.740e-36,3.123e+1,8.153e-20,2.851e-23,7.572e-2,7.102e-21,,7.136e+1,5.751e+1,2.780e+4,1.726e-15,2.677e-21,7.219e-25,,,,,,,,,,,,9.892e-22,,,,,,,,,2.290e+0,,1.089e-20,7.143e-19,,9.128e-18
259.71,3.323e+4,7.876e-21,1.402e-11,5.358e-35,,1.111e-16,8.022e-61,2.452e-22,1.336e-23,8.935e-51,1.507e-18,1.083e-20,1.026e-30,1.799e-19,1.815e-23,1.249e-31,,2.282e-28,5.741e-43,1.072e-21,2.257e-19,8.748e-36,3.519e+1,8.050e-20,2.870e-23,4.943e-2,7.104e-21,,5.474e+1,7.203e+1,3.306e+4,4.650e-15,2.678e-21,7.355e-25,,,,,,,,,,,,9.904e-22,,,,,,,,,2.252e+0,,1.084e-20,7.148e-19,,4.291e-17
259.73,3.682e+4,7.870e-21,1.095e-11,5.316e-35,,9.801e-17,8.009e-61,2.453e-22,1.338e-23,8.126e-51,1.513e-18,1.087e-20,1.030e-30,1.802e-19,1.811e-23,1.239e-31,,2.283e-28,5.736e-43,1.073e-21,2.259e-19,8.753e-36,3.812e+1,7.981e-20,2.883e-23,3.707e-2,7.105e-21,,4.538e+1,8.251e+1,3.665e+4,8.876e-15,2.679e-21,7.445e-25,,,,,,,,,,,,9.911e-22,,,,,,,,,2.206e+0,,1.082e-20,7.152e-19,,1.188e-16
259.75,4.039e+4,7.865e-21,8.892e-12,5.273e-35,,8.551e-17,7.996e-61,2.453e-22,1.340e-23,7.318e-51,1.518e-18,1.091e-20,1.034e-30,1.805e-19,1.807e-23,1.229e-31,,2.284e-28,5.731e-43,1.073e-21,2.260e-19,8.759e-36,4.126e+1,7.913e-20,2.895e-23,2.798e-2,7.107e-21,,3.733e+1,9.346e+1,4.022e+4,1.675e-14,2.679e-21,7.536e-25,,,,,,,,,,,,9.919e-22,,,,,,,,,2.149e+0,,1.079e-20,7.156e-19,,3.250e-16
259.78,4.552e+4,7.856e-21,7.404e-12,5.210e-35,,6.823e-17,7.976e-61,2.453e-22,1.343e-23,6.106e-51,1.527e-18,1.097e-20,1.039e-30,1.810e-19,1.801e-23,1.214e-31,,2.285e-28,5.724e-43,1.074e-21,2.262e-19,8.767e-36,4.625e+1,7.810e-20,2.914e-23,1.919e-2,7.109e-21,,2.756e+1,1.103e+2,4.534e+4,4.254e-14,2.681e-21,7.671e-25,,,,,,,,,,,,9.930e-22,,,,,,,,,2.047e+0,,1.075e-20,7.161e-19,,1.441e-15
259.8,4.866e+4,7.851e-21,7.352e-12,5.168e-35,,5.786e-17,7.963e-61,2.454e-22,1.344e-23,5.297e-51,1.532e-18,1.101e-20,1.043e-30,1.813e-19,1.797e-23,1.204e-31,,2.286e-28,5.719e-43,1.075e-21,2.263e-19,8.772e-36,4.969e+1,7.741e-20,2.927e-23,1.592e-2,7.111e-21,,2.240e+1,1.214e+2,4.847e+4,7.807e-14,2.681e-21,7.762e-25,,,,,,,,,,,,9.938e-22,,,,,,,,,1.975e+0,,1.072e-20,7.165e-19,,3.835e-15
259.83,5.274e+4,7.843e-21,8.595e-12,5.105e-35,,4.424e-17,7.944e-61,2.454e-22,1.347e-23,4.085e-51,1.541e-18,1.107e-20,1.049e-30,1.817e-19,1.791e-23,1.189e-31,,2.288e-28,5.712e-43,1.076e-21,2.265e-19,8.780e-36,5.482e+1,7.639e-20,2.946e-23,1.412e-2,7.113e-21,,1.640e+1,1.374e+2,5.253e+4,1.901e-13,2.682e-21,7.898e-25,,,,,,,,,,,,9.949e-22,,,,,,,,,1.868e+0,,1.068e-20,7.171e-19,,1.630e-14
259.85,5.491e+4,7.837e-21,1.032e-11,5.063e-35,,3.647e-17,7.931e-61,2.455e-22,1.349e-23,3.276e-51,1.546e-18,1.111e-20,1.052e-30,1.820e-19,1.787e-23,1.179e-31,,2.289e-28,5.707e-43,1.076e-21,2.266e-19,8.786e-36,5.812e+1,7.570e-20,2.958e-23,1.471e-2,7.114e-21,,1.339e+1,1.470e+2,5.469e+4,3.391e-13,2.683e-21,7.988e-25,,,,,,,,,,,,9.957e-22,,,,,,,,,1.803e+0,,1.065e-20,7.174e-19,,4.219e-14
259.88,5.719e+4,7.829e-21,1.437e-11,4.999e-35,,2.672e-17,7.911e-61,2.455e-22,1.352e-23,2.064e-51,1.555e-18,1.117e-20,1.058e-30,1.825e-19,1.781e-23,1.164e-31,,2.290e-28,5.700e-43,1.077e-21,2.268e-19,8.794e-36,6.265e+1,7.467e-20,2.977e-23,1.811e-2,7.117e-21,,1.007e+1,1.594e+2,5.696e+4,7.915e-13,2.684e-21,8.124e-25,,,,,,,,,,,,9.968e-22,,,,,,,,,1.719e+0,,1.061e-20,7.180e-19,,1.720e-13
259.9,5.799e+4,7.823e-21,1.818e-11,4.957e-35,,2.141e-17,7.898e-61,2.456e-22,1.354e-23,1.256e-51,1.560e-18,1.121e-20,1.062e-30,1.828e-19,1.777e-23,1.154e-31,,2.291e-28,5.695e-43,1.078e-21,2.269e-19,8.799e-36,6.526e+1,7.399e-20,2.990e-23,2.204e-2,7.118e-21,,8.511e+0,1.659e+2,5.775e+4,1.373e-12,2.685e-21,8.215e-25,,,,,,,,,,,,9.976e-22,,,,,,,,,1.676e+0,,1.058e-20,7.184e-19,,4.329e-13
259.93,5.803e+4,7.815e-21,2.582e-11,4.894e-35,,1.503e-17,7.879e-61,2.456e-22,1.356e-23,4.317e-53,1.569e-18,1.127e-20,1.067e-30,1.832e-19,1.770e-23,1.139e-31,,2.293e-28,5.688e-43,1.079e-21,2.271e-19,8.807e-36,6.838e+1,7.296e-20,3.009e-23,3.061e-2,7.120e-21,,6.961e+0,1.724e+2,5.778e+4,3.072e-12,2.686e-21,8.350e-25,,,,,,,,,,,,9.987e-22,,,,,,,,,1.629e+0,,1.054e-20,7.189e-19,,1.692e-12
259.95,5.729e+4,7.810e-21,3.241e-11,4.852e-35,,1.171e-17,7.866e-61,2.457e-22,1.358e-23,1.219e-52,1.574e-18,1.132e-20,1.071e-30,1.835e-19,1.766e-23,1.129e-31,,2.294e-28,5.683e-43,1.079e-21,2.272e-19,8.813e-36,6.983e+1,7.227e-20,3.021e-23,3.826e-2,7.122e-21,,6.371e+0,1.744e+2,5.703e+4,5.183e-12,2.687e-21,8.441e-25,,,,,,,,,,,,9.995e-22,,,,,,,,,1.609e+0,,1.051e-20,7.193e-19,,4.141e-12
259.98,5.507e+4,7.801e-21,4.490e-11,4.788e-35,,7.876e-18,7.846e-61,2.457e-22,1.361e-23,5.668e-52,1.583e-18,1.138e-20,1.076e-30,1.840e-19,1.760e-23,1.115e-31,,2.296e-28,5.676e-43,1.080e-21,2.274e-19,8.821e-36,7.099e+1,7.124e-20,3.040e-23,5.295e-2,7.124e-21,,6.063e+0,1.738e+2,5.481e+4,1.112e-11,2.688e-21,8.577e-25,,,,,,,,,,,,1.001e-21,,,,,,,,,1.594e+0,,1.047e-20,7.199e-19,,1.552e-11
260,5.292e+4,7.796e-21,5.517e-11,4.746e-35,,5.962e-18,7.833e-61,2.458e-22,1.363e-23,1.557e-51,1.588e-18,1.142e-20,1.080e-30,1.843e-19,1.756e-23,1.105e-31,,2.297e-28,5.671e-43,1.081e-21,2.275e-19,8.826e-36,7.107e+1,7.056e-20,3.053e-23,6.507e-2,7.125e-21,,6.222e+0,1.711e+2,5.267e+4,1.823e-11,2.689e-21,8.667e-25,,,,,,,,,,,,1.001e-21,,,,,,,,,1.590e+0,,1.044e-20,7.202e-19,,3.694e-11
260.03,4.886e+4,7.788e-21,7.384e-11,4.683e-35,,3.844e-18,7.814e-61,2.458e-22,1.366e-23,6.939e-51,1.597e-18,1.148e-20,1.086e-30,1.847e-19,1.750e-23,1.090e-31,,2.298e-28,5.664e-43,1.082e-21,2.277e-19,8.834e-36,7.022e+1,6.953e-20,3.072e-23,8.698e-2,7.128e-21,,7.029e+0,1.637e+2,4.862e+4,3.750e-11,2.690e-21,8.803e-25,,,,,,,,,,,,1.003e-21,,,,,,,,,1.587e+0,,1.040e-20,7.208e-19,,1.328e-10
260.05,4.572e+4,7.782e-21,8.863e-11,4.641e-35,,2.828e-18,7.801e-61,2.458e-22,1.367e-23,1.853e-50,1.602e-18,1.152e-20,1.089e-30,1.850e-19,1.746e-23,1.080e-31,,2.299e-28,5.659e-43,1.082e-21,2.278e-19,8.840e-36,6.910e+1,6.884e-20,3.084e-23,1.041e-1,7.129e-21,,7.983e+0,1.569e+2,4.548e+4,5.979e-11,2.691e-21,8.893e-25,,,,,,,,,,,,1.003e-21,,,,,,,,,1.583e+0,,1.037e-20,7.212e-19,,3.072e-10
260.08,4.055e+4,7.774e-21,1.145e-10,4.577e-35,,1.747e-18,7.781e-61,2.459e-22,1.370e-23,7.923e-50,1.611e-18,1.158e-20,1.095e-30,1.855e-19,1.740e-23,1.065e-31,,2.301e-28,5.652e-43,1.083e-21,2.280e-19,8.848e-36,6.682e+1,6.782e-20,3.103e-23,1.337e-1,7.131e-21,,1.015e+1,1.445e+2,4.033e+4,1.179e-10,2.692e-21,9.029e-25,,,,,,,,,,,,1.004e-21,,,,,,,,,1.567e+0,,1.033e-20,7.217e-19,,1.059e-9
260.1,3.695e+4,7.768e-21,1.343e-10,4.535e-35,,1.250e-18,7.768e-61,2.459e-22,1.372e-23,2.058e-49,1.616e-18,1.162e-20,1.099e-30,1.858e-19,1.736e-23,1.055e-31,,2.302e-28,5.647e-43,1.084e-21,2.281e-19,8.853e-36,6.507e+1,6.713e-20,3.116e-23,1.556e-1,7.133e-21,,1.218e+1,1.353e+2,3.673e+4,1.828e-10,2.693e-21,9.120e-25,,,,,,,,,,,,1.005e-21,,,,,,,,,1.548e+0,,1.030e-20,7.221e-19,,2.383e-9
260.13,3.151e+4,7.760e-21,1.675e-10,4.472e-35,,7.403e-19,7.749e-61,2.460e-22,1.375e-23,8.437e-49,1.625e-18,1.168e-20,1.104e-30,1.863e-19,1.730e-23,1.040e-31,,2.303e-28,5.640e-43,1.085e-21,2.283e-19,8.862e-36,6.242e+1,6.610e-20,3.135e-23,1.915e-1,7.135e-21,,1.626e+1,1.210e+2,3.131e+4,3.455e-10,2.694e-21,9.255e-25,,,,,,,,,,,,1.006e-21,,,,,,,,,1.501e+0,,1.026e-20,7.227e-19,,7.877e-9
260.15,2.799e+4,7.755e-21,1.919e-10,4.430e-35,,5.151e-19,7.736e-61,2.460e-22,1.377e-23,2.131e-48,1.630e-18,1.172e-20,1.108e-30,1.866e-19,1.726e-23,1.030e-31,,2.304e-28,5.635e-43,1.085e-21,2.284e-19,8.867e-36,6.085e+1,6.542e-20,3.147e-23,2.168e-1,7.137e-21,,1.979e+1,1.115e+2,2.779e+4,5.208e-10,2.695e-21,9.346e-25,,,,,,,,,,,,1.007e-21,,,,,,,,,1.457e+0,,1.023e-20,7.231e-19,,1.723e-8
260.17,2.462e+4,7.749e-21,2.179e-10,4.388e-35,,3.548e-19,7.723e-61,2.461e-22,1.378e-23,5.323e-48,1.636e-18,1.176e-20,1.112e-30,1.869e-19,1.722e-23,1.020e-31,,2.305e-28,5.631e-43,1.086e-21,2.285e-19,8.872e-36,5.958e+1,6.473e-20,3.160e-23,2.427e-1,7.138e-21,,2.407e+1,1.027e+2,2.443e+4,7.763e-10,2.695e-21,9.437e-25,,,,,,,,,,,,1.008e-21,,,,,,,,,1.402e+0,,1.020e-20,7.234e-19,,3.729e-8
260.2,1.998e+4,7.741e-21,2.591e-10,4.324e-35,,2.002e-19,7.704e-61,2.461e-22,1.381e-23,2.058e-47,1.644e-18,1.182e-20,1.117e-30,1.873e-19,1.715e-23,1.005e-31,,2.307e-28,5.624e-43,1.087e-21,2.287e-19,8.880e-36,5.848e+1,6.370e-20,3.179e-23,2.815e-1,7.140e-21,,3.204e+1,9.118e+1,1.980e+4,1.383e-9,2.696e-21,9.572e-25,,,,,,,,,,,,1.009e-21,,,,,,,,,1.301e+0,,1.016e-20,7.240e-19,,1.162e-7
260.22,1.723e+4,7.735e-21,2.875e-10,4.282e-35,,1.369e-19,7.691e-61,2.462e-22,1.383e-23,4.999e-47,1.650e-18,1.186e-20,1.121e-30,1.876e-19,1.711e-23,9.953e-32,,2.308e-28,5.619e-43,1.087e-21,2.288e-19,2.517e-35,5.843e+1,6.302e-20,3.191e-23,3.064e-1,7.142e-21,,3.848e+1,8.523e+1,1.704e+4,2.005e-9,2.697e-21,9.663e-25,,,,,,,,,,,,1.010e-21,,,,,,,,,1.223e+0,,1.013e-20,7.244e-19,,2.446e-7
260.25,1.366e+4,7.727e-21,3.305e-10,4.219e-35,,8.185e-20,7.671e-61,2.462e-22,1.386e-23,1.854e-46,1.658e-18,1.192e-20,1.127e-30,1.881e-19,1.705e-23,9.804e-32,,2.309e-28,5.612e-43,1.088e-21,2.290e-19,1.176e-34,5.948e+1,6.199e-20,3.210e-23,3.406e-1,7.144e-21,,4.994e+1,7.959e+1,1.347e+4,3.425e-9,2.698e-21,9.799e-25,,,,,,,,,,,,1.011e-21,,,,,,,,,1.093e+0,,1.009e-20,7.249e-19,,7.310e-7
260.27,1.169e+4,7.722e-21,3.586e-10,4.177e-35,,6.489e-20,7.658e-61,2.463e-22,1.388e-23,4.379e-46,1.664e-18,1.196e-20,1.130e-30,1.884e-19,1.701e-23,9.704e-32,,2.311e-28,5.607e-43,1.089e-21,2.291e-19,3.240e-34,6.094e+1,6.130e-20,3.223e-23,3.603e-1,7.146e-21,,5.879e+1,7.840e+1,1.149e+4,4.826e-9,2.699e-21,9.889e-25,,,,,,,,,,,,1.012e-21,,,,,,,,,1.002e+0,,1.006e-20,7.253e-19,,1.496e-6
260.3,9.319e+3,7.713e-21,3.986e-10,4.113e-35,,6.411e-20,7.639e-61,2.463e-22,1.390e-23,1.557e-45,1.672e-18,1.202e-20,1.136e-30,1.888e-19,1.695e-23,9.555e-32,,2.312e-28,5.600e-43,1.090e-21,2.293e-19,1.452e-33,6.422e+1,6.027e-20,3.242e-23,3.839e-1,7.148e-21,,7.378e+1,8.097e+1,9.098e+3,7.903e-9,2.700e-21,1.002e-24,,,,,,,,,,,,1.013e-21,,,,,,,,,8.608e-1,,1.002e-20,7.259e-19,,4.286e-6
260.32,8.129e+3,7.708e-21,4.229e-10,4.071e-35,,8.107e-20,7.626e-61,2.463e-22,1.392e-23,3.577e-45,1.678e-18,1.206e-20,1.140e-30,1.891e-19,1.691e-23,9.456e-32,,2.313e-28,5.595e-43,1.090e-21,2.294e-19,3.891e-33,6.700e+1,5.959e-20,3.254e-23,3.949e-1,7.149e-21,,8.481e+1,8.578e+1,7.890e+3,1.083e-8,2.701e-21,1.012e-24,,,,,,,,,,,,1.014e-21,,,,,,,,,7.676e-1,,9.991e-21,7.262e-19,,8.528e-6
260.35,6.889e+3,7.699e-21,4.543e-10,4.008e-35,,1.422e-19,7.606e-61,2.464e-22,1.395e-23,1.220e-44,1.686e-18,1.212e-20,1.145e-30,1.896e-19,1.685e-23,9.307e-32,,2.315e-28,5.588e-43,1.091e-21,2.296e-19,1.672e-32,7.179e+1,5.856e-20,3.273e-23,4.034e-1,7.151e-21,,1.025e+2,9.787e+1,6.616e+3,1.700e-8,2.702e-21,1.025e-24,,,,,,,,,,,,1.015e-21,,,,,,,,,6.332e-1,,9.949e-21,7.268e-19,,2.344e-5
260.37,6.396e+3,7.694e-21,4.712e-10,3.966e-35,,2.182e-19,7.593e-61,2.464e-22,1.397e-23,2.725e-44,1.692e-18,1.216e-20,1.149e-30,1.899e-19,1.681e-23,9.207e-32,,2.316e-28,5.583e-43,1.092e-21,2.297e-19,4.359e-32,7.518e+1,5.787e-20,3.286e-23,4.034e-1,7.153e-21,,1.149e+2,1.092e+2,6.096e+3,2.265e-8,2.703e-21,1.034e-24,,,,,,,,,,,,1.016e-21,,,,,,,,,5.493e-1,,9.921e-21,7.272e-19,,4.535e-5
260.4,6.099e+3,7.686e-21,4.893e-10,3.902e-35,,4.193e-19,7.574e-61,2.465e-22,1.400e-23,8.910e-44,1.700e-18,1.222e-20,1.155e-30,1.903e-19,1.675e-23,9.058e-32,,2.317e-28,5.576e-43,1.093e-21,2.299e-19,1.796e-31,8.017e+1,5.685e-20,3.305e-23,3.949e-1,7.155e-21,,1.336e+2,1.308e+2,5.753e+3,3.409e-8,2.704e-21,1.048e-24,,,,,,,,,,,,1.017e-21,,,,,,,,,4.347e-1,,9.879e-21,7.277e-19,,1.195e-4
260.42,6.159e+3,7.680e-21,4.960e-10,3.860e-35,,6.439e-19,7.561e-61,2.465e-22,1.401e-23,1.936e-43,1.706e-18,1.226e-20,1.158e-30,1.906e-19,1.671e-23,8.959e-32,,2.318e-28,5.571e-43,1.093e-21,2.300e-19,4.554e-31,8.318e+1,5.616e-20,3.317e-23,3.839e-1,7.157e-21,,1.457e+2,1.481e+2,5.781e+3,4.415e-8,2.705e-21,1.057e-24,,,,,,,,,,,,1.017e-21,,,,,,,,,3.667e-1,,9.851e-21,7.281e-19,,2.248e-4
260.45,6.570e+3,7.672e-21,4.974e-10,3.797e-35,,1.203e-18,7.541e-61,2.466e-22,1.404e-23,6.070e-43,1.714e-18,1.233e-20,1.164e-30,1.911e-19,1.664e-23,8.810e-32,,2.320e-28,5.564e-43,1.094e-21,2.302e-19,1.800e-30,8.686e+1,5.513e-20,3.336e-23,3.603e-1,7.159e-21,,1.628e+2,1.776e+2,6.142e+3,6.372e-8,2.706e-21,1.070e-24,,,,,,,,,,,,1.019e-21,,,,,,,,,2.782e-1,,9.809e-21,7.287e-19,,5.682e-4
260.47,7.019e+3,7.666e-21,4.926e-10,3.755e-35,,1.801e-18,7.528e-61,2.466e-22,1.406e-23,1.283e-42,1.720e-18,1.237e-20,1.168e-30,1.914e-19,1.660e-23,8.710e-32,,2.321e-28,5.559e-43,1.095e-21,2.303e-19,4.438e-30,8.856e+1,5.445e-20,3.349e-23,3.406e-1,7.160e-21,,1.729e+2,1.992e+2,6.558e+3,8.023e-8,2.707e-21,1.079e-24,,,,,,,,,,,,1.019e-21,,,,,,,,,2.282e-1,,9.781e-21,7.290e-19,,1.040e-3
260.5,7.886e+3,7.658e-21,4.769e-10,3.691e-35,,3.232e-18,7.509e-61,2.467e-22,1.409e-23,3.857e-42,1.728e-18,1.243e-20,1.173e-30,1.918e-19,1.654e-23,8.561e-32,,2.322e-28,5.552e-43,1.096e-21,2.305e-19,1.682e-29,8.973e+1,5.342e-20,3.368e-23,3.064e-1,7.163e-21,,1.853e+2,2.333e+2,7.377e+3,1.110e-7,2.708e-21,1.093e-24,,,,,,,,,,,,1.020e-21,,,,,,,,,1.660e-1,,9.739e-21,7.296e-19,,2.519e-3
260.52,8.553e+3,7.653e-21,4.611e-10,3.649e-35,,4.706e-18,7.496e-61,2.467e-22,1.411e-23,7.925e-42,1.734e-18,1.247e-20,1.177e-30,1.921e-19,1.650e-23,8.462e-32,,2.323e-28,5.547e-43,1.096e-21,2.306e-19,4.034e-29,8.951e+1,5.273e-20,3.380e-23,2.815e-1,7.164e-21,,1.915e+2,2.564e+2,8.015e+3,1.359e-7,2.709e-21,1.102e-24,,,,,,,,,,,,1.021e-21,,,,,,,,,1.324e-1,,9.711e-21,7.300e-19,,4.482e-3
260.54,9.259e+3,7.647e-21,4.416e-10,3.607e-35,,6.776e-18,7.483e-61,2.468e-22,1.412e-23,1.610e-41,1.739e-18,1.251e-20,1.181e-30,1.924e-19,1.646e-23,8.362e-32,,2.324e-28,5.542e-43,1.097e-21,2.308e-19,9.565e-29,8.849e+1,5.205e-20,3.393e-23,2.557e-1,7.166e-21,,1.957e+2,2.790e+2,8.695e+3,1.645e-7,2.709e-21,1.111e-24,,,,,,,,,,,,1.022e-21,,,,,,,,,1.044e-1,,9.683e-21,7.303e-19,,7.884e-3
260.57,1.033e+4,7.639e-21,4.063e-10,3.544e-35,,1.146e-17,7.463e-61,2.468e-22,1.415e-23,4.567e-41,1.748e-18,1.257e-20,1.186e-30,1.929e-19,1.640e-23,8.213e-32,,2.326e-28,5.535e-43,1.098e-21,2.309e-19,3.420e-28,8.554e+1,5.102e-20,3.412e-23,2.168e-1,7.168e-21,,1.982e+2,3.110e+2,9.738e+3,2.146e-7,2.711e-21,1.125e-24,,,,,,,,,,,,1.023e-21,,,,,,,,,7.156e-2,,9.641e-21,7.309e-19,,1.802e-2
260.59,1.102e+4,7.633e-21,3.797e-10,3.502e-35,,1.605e-17,7.450e-61,2.468e-22,1.417e-23,9.023e-41,1.753e-18,1.261e-20,1.190e-30,1.932e-19,1.636e-23,8.114e-32,,2.327e-28,5.530e-43,1.098e-21,2.311e-19,7.887e-28,8.276e+1,5.033e-20,3.425e-23,1.915e-1,7.169e-21,,1.971e+2,3.301e+2,1.041e+4,2.526e-7,2.711e-21,1.134e-24,,,,,,,,,,,,1.024e-21,,,,,,,,,5.486e-2,,9.613e-21,7.313e-19,,3.082e-2
260.62,1.197e+4,7.625e-21,3.366e-10,3.438e-35,,2.604e-17,7.431e-61,2.469e-22,1.420e-23,2.454e-40,1.762e-18,1.267e-20,1.195e-30,1.936e-19,1.630e-23,7.965e-32,,2.328e-28,5.523e-43,1.099e-21,2.312e-19,2.705e-27,7.767e+1,4.930e-20,3.443e-23,1.556e-1,7.172e-21,,1.916e+2,3.540e+2,1.134e+4,3.159e-7,2.712e-21,1.147e-24,,,,,,,,,,,,1.025e-21,,,,,,,,,3.605e-2,,9.571e-21,7.318e-19,,6.754e-2
260.64,1.250e+4,7.620e-21,3.068e-10,3.396e-35,,3.544e-17,7.418e-61,2.469e-22,1.422e-23,4.716e-40,1.767e-18,1.271e-20,1.199e-30,1.939e-19,1.626e-23,7.865e-32,,2.330e-28,5.518e-43,1.100e-21,2.314e-19,6.066e-27,7.391e+1,4.862e-20,3.456e-23,1.336e-1,7.173e-21,,1.856e+2,3.661e+2,1.188e+4,3.615e-7,2.713e-21,1.156e-24,,,,,,,,,,,,1.026e-21,,,,,,,,,2.686e-2,,9.543e-21,7.322e-19,,1.124e-1
260.67,1.315e+4,7.611e-21,2.619e-10,3.333e-35,,5.513e-17,7.399e-61,2.470e-22,1.424e-23,1.230e-39,1.776e-18,1.277e-20,1.205e-30,1.944e-19,1.620e-23,7.716e-32,,2.331e-28,5.511e-43,1.101e-21,2.315e-19,1.995e-26,6.817e+1,4.759e-20,3.475e-23,1.041e-1,7.175e-21,,1.733e+2,3.776e+2,1.253e+4,4.334e-7,2.714e-21,1.170e-24,,,,,,,,,,,,1.027e-21,,,,,,,,,1.692e-2,,9.501e-21,7.328e-19,,2.361e-1
260.69,1.345e+4,7.606e-21,2.327e-10,3.291e-35,,7.297e-17,7.386e-61,2.470e-22,1.426e-23,2.298e-39,1.781e-18,1.281e-20,1.209e-30,1.947e-19,1.615e-23,7.617e-32,,2.332e-28,5.506e-43,1.101e-21,2.317e-19,4.352e-26,6.457e+1,4.690e-20,3.488e-23,8.689e-2,7.177e-21,,1.635e+2,3.806e+2,1.284e+4,4.822e-7,2.715e-21,1.179e-24,,,,,,,,,,,,1.028e-21,,,,,,,,,1.226e-2,,9.473e-21,7.332e-19,,3.819e-1
260.72,1.373e+4,7.598e-21,1.913e-10,3.227e-35,,1.088e-16,7.366e-61,2.471e-22,1.429e-23,5.749e-39,1.790e-18,1.287e-20,1.214e-30,1.951e-19,1.609e-23,7.468e-32,,2.334e-28,5.499e-43,1.102e-21,2.318e-19,1.373e-25,6.001e+1,4.588e-20,3.507e-23,6.488e-2,7.179e-21,,1.470e+2,3.779e+2,1.315e+4,5.542e-7,2.716e-21,1.193e-24,,,,,,,,,,,,1.029e-21,,,,,,,,,7.399e-3,,9.431e-21,7.337e-19,,7.695e-1
260.74,1.380e+4,7.592e-21,1.657e-10,3.185e-35,,1.401e-16,7.353e-61,2.471e-22,1.431e-23,1.045e-38,1.795e-18,1.291e-20,1.218e-30,1.954e-19,1.605e-23,7.368e-32,,2.335e-28,5.494e-43,1.103e-21,2.320e-19,2.912e-25,5.778e+1,4.519e-20,3.519e-23,5.265e-2,7.180e-21,,1.353e+2,3.715e+2,1.324e+4,5.996e-7,2.717e-21,1.202e-24,,,,,,,,,,,,1.030e-21,,,,,,,,,5.211e-3,,9.403e-21,7.341e-19,,1.210e+0
260.77,1.378e+4,7.584e-21,1.312e-10,3.122e-35,,2.003e-16,7.334e-61,2.472e-22,1.434e-23,2.506e-38,1.804e-18,1.297e-20,1.223e-30,1.959e-19,1.599e-23,7.219e-32,,2.336e-28,5.487e-43,1.104e-21,2.322e-19,8.810e-25,5.606e+1,4.416e-20,3.538e-23,3.769e-2,7.183e-21,,1.174e+2,3.554e+2,1.325e+4,6.606e-7,2.718e-21,1.215e-24,,,,,,,,,,,,1.031e-21,,,,,,,,,3.015e-3,,9.361e-21,7.346e-19,,2.339e+0
260.79,1.370e+4,7.578e-21,1.109e-10,3.080e-35,,2.506e-16,7.321e-61,2.472e-22,1.435e-23,4.429e-38,1.809e-18,1.301e-20,1.227e-30,1.962e-19,1.595e-23,7.120e-32,,2.337e-28,5.482e-43,1.104e-21,2.323e-19,1.817e-24,5.616e+1,4.348e-20,3.551e-23,2.973e-2,7.184e-21,,1.057e+2,3.410e+2,1.320e+4,6.949e-7,2.719e-21,1.224e-24,,,,,,,,,,,,1.032e-21,,,,,,,,,2.064e-3,,9.333e-21,7.350e-19,,3.577e+0
260.82,1.356e+4,7.570e-21,8.485e-11,3.016e-35,,3.436e-16,7.301e-61,2.473e-22,1.438e-23,1.019e-37,1.818e-18,1.307e-20,1.233e-30,1.967e-19,1.589e-23,6.971e-32,,2.339e-28,5.475e-43,1.105e-21,2.325e-19,5.273e-24,5.840e+1,4.245e-20,3.570e-23,2.040e-2,7.186e-21,,8.906e+1,3.149e+2,1.309e+4,7.341e-7,2.720e-21,1.238e-24,,,,,,,,,,,,1.033e-21,,,,,,,,,1.145e-3,,9.291e-21,7.356e-19,,6.628e+0
260.84,1.347e+4,7.565e-21,7.029e-11,2.974e-35,,4.181e-16,7.288e-61,2.473e-22,1.440e-23,1.751e-37,1.823e-18,1.311e-20,1.236e-30,1.970e-19,1.585e-23,6.871e-32,,2.340e-28,5.470e-43,1.106e-21,2.326e-19,1.058e-23,6.131e+1,4.176e-20,3.582e-23,1.565e-2,7.188e-21,,7.879e+1,2.952e+2,1.303e+4,7.508e-7,2.721e-21,1.247e-24,,,,,,,,,,,,1.033e-21,,,,,,,,,7.619e-4,,9.263e-21,7.360e-19,,9.859e+0
260.87,1.344e+4,7.556e-21,5.244e-11,2.911e-35,,5.496e-16,7.269e-61,2.474e-22,1.443e-23,3.863e-37,1.831e-18,1.317e-20,1.242e-30,1.974e-19,1.579e-23,6.722e-32,,2.341e-28,5.463e-43,1.107e-21,2.328e-19,2.944e-23,6.776e+1,4.073e-20,3.601e-23,1.029e-2,7.190e-21,,6.496e+1,2.636e+2,1.302e+4,7.604e-7,2.722e-21,1.260e-24,,,,,,,,,,,,1.035e-21,,,,,,,,,4.050e-4,,9.221e-21,7.365e-19,,1.752e+1
260.89,1.351e+4,7.551e-21,4.301e-11,2.869e-35,,6.503e-16,7.256e-61,2.474e-22,1.445e-23,6.456e-37,1.837e-18,1.321e-20,1.246e-30,1.977e-19,1.575e-23,6.623e-32,,2.342e-28,5.458e-43,1.107e-21,2.329e-19,5.745e-23,7.332e+1,4.005e-20,3.614e-23,7.674e-3,7.192e-21,,5.686e+1,2.418e+2,1.311e+4,7.561e-7,2.723e-21,1.270e-24,,,,,,,,,,,,1.035e-21,,,,,,,,,2.620e-4,,9.193e-21,7.369e-19,,2.534e+1
260.91,1.368e+4,7.545e-21,3.534e-11,2.827e-35,,7.609e-16,7.243e-61,2.474e-22,1.446e-23,1.067e-36,1.843e-18,1.325e-20,1.249e-30,1.980e-19,1.571e-23,6.524e-32,,2.343e-28,5.453e-43,1.108e-21,2.330e-19,1.108e-22,7.974e+1,3.936e-20,3.626e-23,5.659e-3,7.193e-21,,4.969e+1,2.201e+2,1.329e+4,7.435e-7,2.723e-21,1.279e-24,,,,,,,,,,,,1.036e-21,,,,,,,,,1.676e-4,,9.165e-21,7.373e-19,,3.624e+1
260.94,1.415e+4,7.537e-21,2.674e-11,2.763e-35,,9.429e-16,7.223e-61,2.475e-22,1.449e-23,2.220e-36,1.851e-18,1.331e-20,1.255e-30,1.985e-19,1.565e-23,6.374e-32,,2.345e-28,5.446e-43,1.109e-21,2.332e-19,2.910e-22,9.060e+1,3.833e-20,3.645e-23,3.511e-3,7.195e-21,,4.059e+1,1.882e+2,1.377e+4,7.100e-7,2.725e-21,1.292e-24,,,,,,,,,,,,1.037e-21,,,,,,,,,8.396e-5,,9.123e-21,7.378e-19,,6.072e+1
260.96,1.461e+4,7.531e-21,2.267e-11,2.721e-35,,1.073e-15,7.210e-61,2.475e-22,1.451e-23,3.568e-36,1.857e-18,1.336e-20,1.259e-30,1.988e-19,1.560e-23,6.275e-32,,2.346e-28,5.441e-43,1.109e-21,2.333e-19,5.460e-22,9.834e+1,3.765e-20,3.658e-23,2.521e-3,7.197e-21,,3.555e+1,1.679e+2,1.423e+4,6.789e-7,2.725e-21,1.301e-24,,,,,,,,,,,,1.038e-21,,,,,,,,,5.221e-5,,9.095e-21,7.382e-19,,8.445e+1
260.99,1.555e+4,7.523e-21,1.858e-11,2.658e-35,,1.275e-15,7.191e-61,2.476e-22,1.454e-23,7.118e-36,1.865e-18,1.342e-20,1.264e-30,1.992e-19,1.554e-23,6.126e-32,,2.348e-28,5.434e-43,1.110e-21,2.335e-19,1.374e-21,1.101e+2,3.662e-20,3.677e-23,1.509e-3,7.199e-21,,2.932e+1,1.395e+2,1.513e+4,6.216e-7,2.726e-21,1.315e-24,,,,,,,,,,,,1.039e-21,,,,,,,,,2.507e-5,,9.053e-21,7.388e-19,,1.357e+2
261.01,1.631e+4,7.518e-21,1.695e-11,2.616e-35,,1.410e-15,7.178e-61,2.476e-22,1.456e-23,1.113e-35,1.871e-18,1.346e-20,1.268e-30,1.995e-19,1.550e-23,6.027e-32,,2.349e-28,5.429e-43,1.111e-21,2.336e-19,2.508e-21,1.176e+2,3.594e-20,3.689e-23,1.066e-3,7.201e-21,,2.593e+1,1.223e+2,1.586e+4,5.782e-7,2.727e-21,1.324e-24,,,,,,,,,,,,1.040e-21,,,,,,,,,1.516e-5,,9.025e-21,7.391e-19,,1.835e+2
261.04,1.762e+4,7.509e-21,1.576e-11,2.552e-35,,1.606e-15,7.158e-61,2.477e-22,1.458e-23,2.129e-35,1.879e-18,1.352e-20,1.274e-30,2.000e-19,1.544e-23,5.877e-32,,2.350e-28,5.422e-43,1.112e-21,2.338e-19,6.057e-21,1.278e+2,3.491e-20,3.708e-23,6.432e-4,7.203e-21,,2.176e+1,9.897e+1,1.709e+4,5.082e-7,2.728e-21,1.337e-24,,,,,,,,,,,,1.041e-21,,,,,,,,,6.975e-6,,8.983e-21,7.397e-19,,2.827e+2
261.06,1.858e+4,7.504e-21,1.560e-11,2.510e-35,,1.728e-15,7.145e-61,2.477e-22,1.460e-23,3.236e-35,1.885e-18,1.356e-20,1.277e-30,2.003e-19,1.540e-23,5.778e-32,,2.351e-28,5.417e-43,1.112e-21,2.339e-19,1.075e-20,1.334e+2,3.422e-20,3.721e-23,4.797e-4,7.204e-21,,1.946e+1,8.525e+1,1.797e+4,4.602e-7,2.729e-21,1.346e-24,,,,,,,,,,,,1.042e-21,,,,,,,,,4.101e-6,,8.955e-21,7.401e-19,,3.718e+2
261.09,2.007e+4,7.496e-21,1.601e-11,2.447e-35,,1.888e-15,7.126e-61,2.478e-22,1.463e-23,5.937e-35,1.893e-18,1.362e-20,1.283e-30,2.007e-19,1.534e-23,5.629e-32,,2.353e-28,5.410e-43,1.113e-21,2.341e-19,2.489e-20,1.398e+2,3.319e-20,3.740e-23,3.666e-4,7.206e-21,,1.656e+1,6.733e+1,1.930e+4,3.892e-7,2.730e-21,1.360e-24,,,,,,,,,,,,1.043e-21,,,,,,,,,1.814e-6,,8.913e-21,7.406e-19,,5.492e+2
261.11,2.107e+4,7.490e-21,1.658e-11,2.405e-35,,1.974e-15,7.113e-61,2.478e-22,1.465e-23,8.776e-35,1.899e-18,1.366e-20,1.287e-30,2.010e-19,1.530e-23,5.530e-32,,2.354e-28,5.405e-43,1.114e-21,2.342e-19,4.297e-20,1.423e+2,3.251e-20,3.752e-23,3.662e-4,7.208e-21,,1.491e+1,5.709e+1,2.015e+4,3.442e-7,2.731e-21,1.369e-24,,,,,,,,,,,,1.044e-21,,,,,,,,,1.045e-6,,8.885e-21,7.410e-19,,7.025e+2
261.14,2.248e+4,7.482e-21,1.766e-11,2.341e-35,,2.068e-15,7.094e-61,2.479e-22,1.467e-23,1.544e-34,1.907e-18,1.372e-20,1.292e-30,2.015e-19,1.524e-23,5.381e-32,,2.355e-28,5.398e-43,1.115e-21,2.344e-19,9.543e-20,1.432e+2,3.148e-20,3.771e-23,4.765e-4,7.210e-21,,1.273e+1,4.410e+1,2.129e+4,2.824e-7,2.732e-21,1.383e-24,,,,,,,,,,,,1.045e-21,,,,,,,,,4.677e-7,,8.843e-21,7.416e-19,,9.950e+2
261.16,2.334e+4,7.476e-21,1.846e-11,2.299e-35,,2.103e-15,7.081e-61,2.479e-22,1.469e-23,2.220e-34,1.913e-18,1.376e-20,1.296e-30,2.018e-19,1.520e-23,5.281e-32,,2.356e-28,5.394e-43,1.115e-21,2.345e-19,1.602e-19,1.419e+2,3.079e-20,3.784e-23,6.351e-4,7.212e-21,,1.143e+1,3.691e+1,2.191e+4,2.462e-7,2.733e-21,1.392e-24,,,,,,,,,,,,1.046e-21,,,,,,,,,2.998e-7,,8.815e-21,7.419e-19,,1.238e+3
261.19,2.445e+4,7.468e-21,1.970e-11,2.236e-35,,2.112e-15,7.061e-61,2.480e-22,1.472e-23,3.746e-34,1.921e-18,1.382e-20,1.302e-30,2.022e-19,1.514e-23,5.132e-32,,2.358e-28,5.386e-43,1.116e-21,2.347e-19,3.412e-19,1.370e+2,2.977e-20,3.803e-23,1.042e-3,7.214e-21,,9.672e+0,2.810e+1,2.260e+4,2.009e-7,2.734e-21,1.405e-24,,,,,,,,,,,,1.047e-21,,,,,,,,,2.388e-7,,8.773e-21,7.425e-19,,1.681e+3
261.21,2.505e+4,7.463e-21,2.055e-11,2.194e-35,,2.088e-15,7.048e-61,2.480e-22,1.474e-23,5.237e-34,1.927e-18,1.386e-20,1.305e-30,2.025e-19,1.509e-23,5.033e-32,,2.359e-28,5.382e-43,1.117e-21,2.348e-19,5.571e-19,1.321e+2,2.908e-20,3.815e-23,1.463e-3,7.215e-21,,8.607e+0,2.343e+1,2.285e+4,1.773e-7,2.735e-21,1.414e-24,,,,,,,,,,,,1.048e-21,,,,,,,,,3.051e-7,,8.745e-21,7.429e-19,,2.033e+3
261.24,2.570e+4,7.454e-21,2.198e-11,2.130e-35,,2.011e-15,7.029e-61,2.480e-22,1.477e-23,8.475e-34,1.935e-18,1.392e-20,1.311e-30,2.030e-19,1.503e-23,4.884e-32,,2.360e-28,5.374e-43,1.118e-21,2.350e-19,1.138e-18,1.224e+2,2.805e-20,3.834e-23,2.417e-3,7.218e-21,,7.164e+0,1.803e+1,2.291e+4,1.528e-7,2.736e-21,1.428e-24,,,,,,,,,,,,1.049e-21,,,,,,,,,6.135e-7,,8.703e-21,7.434e-19,,2.648e+3
261.26,2.597e+4,7.449e-21,2.319e-11,2.088e-35,,1.933e-15,7.016e-61,2.481e-22,1.478e-23,1.152e-33,1.941e-18,1.396e-20,1.315e-30,5.736e-19,1.499e-23,4.784e-32,,2.361e-28,5.370e-43,1.118e-21,2.351e-19,1.807e-18,1.147e+2,2.737e-20,3.847e-23,3.343e-3,7.219e-21,,6.305e+0,1.543e+1,2.272e+4,1.439e-7,2.737e-21,1.437e-24,,,,,,,,,,,,1.049e-21,,,,,,,,,1.045e-6,,8.675e-21,7.438e-19,,3.114e+3
261.28,2.611e+4,7.443e-21,2.482e-11,2.046e-35,,1.838e-15,7.003e-61,2.481e-22,1.480e-23,1.549e-33,1.946e-18,3.945e-20,1.318e-30,1.603e-18,1.495e-23,4.685e-32,,2.362e-28,5.365e-43,1.119e-21,2.352e-19,2.837e-18,1.063e+2,2.668e-20,3.859e-23,4.576e-3,7.221e-21,,5.532e+0,1.356e+1,2.237e+4,1.414e-7,2.738e-21,1.446e-24,,,,,,,,,,,,1.050e-21,,,,,,,,,1.789e-6,,8.647e-21,7.442e-19,,3.622e+3
261.31,2.609e+4,7.435e-21,2.865e-11,1.983e-35,,1.668e-15,6.983e-61,2.482e-22,1.483e-23,2.364e-33,1.954e-18,1.835e-19,1.324e-30,7.338e-18,1.489e-23,4.536e-32,,2.364e-28,5.358e-43,1.120e-21,2.354e-19,5.467e-18,9.294e+1,2.565e-20,3.878e-23,7.189e-3,7.223e-21,,4.542e+0,1.207e+1,2.154e+4,1.497e-7,2.739e-21,1.460e-24,,,,,,,,,,,,1.051e-21,,,,,,,,,3.960e-6,,8.605e-21,7.447e-19,,4.449e+3
261.33,2.594e+4,7.430e-21,3.272e-11,1.941e-35,,1.542e-15,6.970e-61,2.482e-22,1.485e-23,3.090e-33,1.960e-18,5.043e-19,1.328e-30,1.995e-17,1.485e-23,4.436e-32,,2.365e-28,5.353e-43,1.120e-21,2.355e-19,8.348e-18,8.379e+1,2.497e-20,3.891e-23,9.587e-3,7.224e-21,,4.001e+0,1.193e+1,2.081e+4,1.634e-7,2.739e-21,1.469e-24,,,,,,,,,,,,1.052e-21,,,,,,,,,6.641e-6,,8.577e-21,7.451e-19,,5.031e+3
261.36,2.552e+4,7.421e-21,4.260e-11,1.877e-35,,1.343e-15,6.951e-61,2.483e-22,1.488e-23,4.523e-33,1.968e-18,2.251e-18,1.333e-30,8.760e-17,1.479e-23,4.287e-32,,2.367e-28,5.346e-43,1.121e-21,2.357e-19,1.543e-17,7.027e+1,2.394e-20,3.910e-23,1.447e-2,7.227e-21,,3.375e+0,1.298e+1,1.951e+4,1.966e-7,2.741e-21,1.482e-24,,,,,,,,,,,,1.053e-21,,,,,,,,,1.413e-5,,8.535e-21,7.457e-19,,5.925e+3
261.38,2.514e+4,7.416e-21,5.292e-11,1.835e-35,,1.207e-15,6.938e-61,2.483e-22,1.490e-23,5.750e-33,1.974e-18,6.018e-18,1.337e-30,2.317e-16,1.475e-23,4.188e-32,,2.368e-28,5.341e-43,1.122e-21,2.358e-19,2.291e-17,6.165e+1,2.325e-20,3.922e-23,1.879e-2,7.228e-21,,3.085e+0,1.454e+1,1.854e+4,2.271e-7,2.741e-21,1.491e-24,,,,,,,,,,,,1.054e-21,,,,,,,,,2.305e-5,,8.507e-21,7.461e-19,,6.516e+3
261.41,2.444e+4,7.408e-21,7.689e-11,1.772e-35,,1.007e-15,6.918e-61,2.484e-22,1.492e-23,8.071e-33,1.982e-18,2.577e-17,1.342e-30,9.760e-16,1.469e-23,4.039e-32,,2.369e-28,5.334e-43,1.123e-21,2.360e-19,4.061e-17,4.968e+1,2.222e-20,3.941e-23,2.725e-2,7.230e-21,,2.843e+0,1.820e+1,1.701e+4,2.849e-7,2.742e-21,1.505e-24,,,,,,,,,,,,1.055e-21,,,,,,,,,4.705e-5,,8.465e-21,7.466e-19,,7.359e+3
261.43,2.390e+4,7.402e-21,1.008e-10,1.730e-35,,8.803e-16,6.905e-61,2.484e-22,1.494e-23,9.979e-33,1.988e-18,6.702e-17,1.346e-30,2.511e-15,1.465e-23,3.939e-32,,2.370e-28,5.329e-43,1.123e-21,2.361e-19,5.865e-17,4.248e+1,2.154e-20,3.954e-23,3.446e-2,7.232e-21,,2.809e+0,2.156e+1,1.596e+4,3.313e-7,2.743e-21,1.514e-24,,,,,,,,,,,,1.056e-21,,,,,,,,,7.467e-5,,8.437e-21,7.470e-19,,7.870e+3
261.46,2.300e+4,7.394e-21,1.534e-10,1.666e-35,,7.044e-16,6.886e-61,2.485e-22,1.497e-23,1.343e-32,1.996e-18,2.753e-16,1.352e-30,1.015e-14,1.459e-23,3.790e-32,,2.372e-28,5.322e-43,1.124e-21,2.363e-19,9.970e-17,3.302e+1,2.051e-20,3.973e-23,4.807e-2,7.234e-21,,2.947e+0,2.799e+1,1.441e+4,4.112e-7,2.744e-21,1.527e-24,,,,,,,,,,,,1.057e-21,,,,,,,,,1.462e-4,,8.395e-21,7.475e-19,,8.523e+3
261.48,2.236e+4,7.388e-21,2.034e-10,1.624e-35,,5.987e-16,6.873e-61,2.485e-22,1.499e-23,1.615e-32,2.002e-18,6.965e-16,1.355e-30,2.540e-14,1.454e-23,3.691e-32,,2.373e-28,5.317e-43,1.125e-21,2.364e-19,1.400e-16,2.765e+1,1.982e-20,3.985e-23,5.924e-2,7.235e-21,,3.159e+0,3.322e+1,1.343e+4,4.703e-7,2.745e-21,1.537e-24,,,,,,,,,,,,1.058e-21,,,,,,,,,2.256e-4,,8.367e-21,7.479e-19,,8.864e+3
261.51,2.133e+4,7.380e-21,3.087e-10,1.561e-35,,4.593e-16,6.853e-61,2.485e-22,1.501e-23,2.085e-32,2.010e-18,2.745e-15,1.361e-30,9.848e-14,1.448e-23,3.542e-32,,2.374e-28,5.310e-43,1.126e-21,2.366e-19,2.283e-16,2.102e+1,1.880e-20,4.004e-23,7.952e-2,7.238e-21,,3.647e+0,4.244e+1,1.206e+4,5.653e-7,2.746e-21,1.550e-24,,,,,,,,,,,,1.059e-21,,,,,,,,,4.236e-4,,8.325e-21,7.485e-19,,9.205e+3
261.53,2.062e+4,7.374e-21,4.044e-10,1.519e-35,,3.796e-16,6.840e-61,2.486e-22,1.503e-23,2.438e-32,2.016e-18,6.756e-15,1.365e-30,2.397e-13,1.444e-23,3.442e-32,,2.375e-28,5.305e-43,1.126e-21,2.368e-19,3.119e-16,1.751e+1,1.811e-20,4.017e-23,9.557e-2,7.239e-21,,4.076e+0,4.944e+1,1.124e+4,6.311e-7,2.747e-21,1.559e-24,,,,,,,,,,,,1.060e-21,,,,,,,,,6.358e-4,,8.297e-21,7.489e-19,,9.308e+3
261.56,1.951e+4,7.366e-21,5.968e-10,1.455e-35,,2.792e-16,6.821e-61,2.486e-22,1.506e-23,3.018e-32,2.024e-18,2.555e-14,1.370e-30,8.919e-13,1.438e-23,3.293e-32,,2.377e-28,5.298e-43,1.127e-21,2.369e-19,4.877e-16,1.352e+1,1.708e-20,4.036e-23,1.236e-1,7.241e-21,,4.854e+0,6.104e+1,1.017e+4,7.298e-7,2.748e-21,1.573e-24,,,,,,,,,,,,1.061e-21,,,,,,,,,1.145e-3,,8.255e-21,7.494e-19,,9.269e+3
261.58,1.875e+4,7.361e-21,7.647e-10,1.413e-35,,2.243e-16,6.808e-61,2.487e-22,1.508e-23,3.431e-32,2.030e-18,6.115e-14,1.374e-30,2.112e-12,1.434e-23,3.194e-32,,2.378e-28,5.293e-43,1.128e-21,2.371e-19,6.479e-16,1.164e+1,1.640e-20,4.048e-23,1.450e-1,7.243e-21,,5.447e+0,6.935e+1,9.552e+3,7.932e-7,2.749e-21,1.582e-24,,,,,,,,,,,,1.062e-21,,,,,,,,,1.671e-3,,8.227e-21,7.498e-19,,9.115e+3
261.61,1.759e+4,7.352e-21,1.088e-9,1.350e-35,,1.582e-16,6.788e-61,2.487e-22,1.511e-23,4.074e-32,2.038e-18,2.219e-13,1.380e-30,7.538e-12,1.428e-23,3.045e-32,,2.379e-28,5.286e-43,1.129e-21,2.372e-19,9.716e-16,9.862e+0,1.537e-20,4.067e-23,1.811e-1,7.245e-21,,6.413e+0,8.231e+1,8.782e+3,8.804e-7,2.750e-21,1.595e-24,,,,,,,,,,,,1.063e-21,,,,,,,,,2.887e-3,,8.185e-21,7.504e-19,,8.704e+3
261.63,1.679e+4,7.347e-21,1.358e-9,1.308e-35,,1.236e-16,6.776e-61,2.488e-22,1.512e-23,4.504e-32,2.044e-18,5.166e-13,1.383e-30,1.736e-11,1.424e-23,2.945e-32,,2.380e-28,5.281e-43,1.129e-21,2.374e-19,1.255e-15,9.301e+0,1.468e-20,4.080e-23,2.076e-1,7.247e-21,,7.086e+0,9.103e+1,8.361e+3,9.309e-7,2.751e-21,1.604e-24,,,,,,,,,,,,1.064e-21,,,,,,,,,4.099e-3,,8.157e-21,7.507e-19,,8.323e+3
261.65,1.599e+4,7.341e-21,1.677e-9,1.266e-35,,9.551e-17,6.763e-61,2.488e-22,1.514e-23,4.925e-32,2.050e-18,1.190e-12,1.387e-30,3.956e-11,1.420e-23,2.846e-32,,2.381e-28,1.480e-42,1.130e-21,2.375e-19,1.604e-15,9.179e+0,1.400e-20,4.093e-23,2.359e-1,7.248e-21,,7.762e+0,9.958e+1,8.003e+3,9.733e-7,2.752e-21,1.613e-24,,,,,,,,,,,,1.064e-21,,,,,,,,,5.755e-3,,8.129e-21,7.511e-19,,7.870e+3
261.68,1.478e+4,7.333e-21,2.256e-9,1.202e-35,,6.351e-17,6.743e-61,2.489e-22,1.517e-23,5.514e-32,2.058e-18,4.073e-12,1.393e-30,1.332e-10,1.414e-23,2.697e-32,,2.383e-28,6.799e-42,1.131e-21,2.377e-19,2.269e-15,9.716e+0,6.589e-20,4.112e-23,2.813e-1,7.250e-21,,8.741e+0,1.117e+2,7.562e+3,1.019e-6,2.753e-21,1.627e-24,,,,,,,,,,,,1.065e-21,,,,,,,,,9.377e-3,,8.087e-21,7.517e-19,,7.087e+3
261.7,1.397e+4,7.328e-21,2.710e-9,1.160e-35,,4.771e-17,6.730e-61,2.489e-22,1.519e-23,5.864e-32,2.064e-18,9.126e-12,1.396e-30,2.952e-10,1.410e-23,2.598e-32,,2.384e-28,1.853e-41,1.131e-21,2.378e-19,2.819e-15,1.049e+1,1.826e-19,4.124e-23,3.132e-1,7.252e-21,,9.344e+0,1.189e+2,7.316e+3,1.036e-6,2.753e-21,1.636e-24,,,,,,,,,,,,1.066e-21,,,,,,,,,1.280e-2,,8.059e-21,7.520e-19,,6.516e+3
261.73,1.277e+4,7.319e-21,3.497e-9,1.097e-35,,3.042e-17,6.711e-61,2.490e-22,1.522e-23,6.296e-32,2.072e-18,2.997e-11,1.402e-30,9.539e-10,1.403e-23,2.448e-32,,2.386e-28,8.170e-41,1.132e-21,2.380e-19,3.824e-15,1.215e+1,8.247e-19,4.143e-23,3.626e-1,7.254e-21,,1.013e+1,1.281e+2,6.991e+3,1.041e-6,2.755e-21,1.650e-24,,,,,,,,,,,,1.067e-21,,,,,,,,,2.001e-2,,8.017e-21,7.526e-19,,5.627e+3
261.75,1.198e+4,7.314e-21,4.087e-9,1.055e-35,,2.222e-17,6.698e-61,2.490e-22,1.523e-23,6.511e-32,2.077e-18,6.532e-11,1.406e-30,2.056e-9,1.399e-23,2.349e-32,,2.387e-28,2.166e-40,1.133e-21,2.381e-19,4.622e-15,1.353e+1,2.223e-18,4.156e-23,3.962e-1,7.256e-21,,1.054e+1,1.329e+2,6.791e+3,1.029e-6,2.755e-21,1.659e-24,,,,,,,,,,,,1.068e-21,,,,,,,,,2.657e-2,,7.989e-21,7.530e-19,,5.031e+3
261.78,1.083e+4,7.306e-21,5.058e-9,9.914e-36,,1.358e-17,6.678e-61,2.490e-22,1.526e-23,6.704e-32,2.086e-18,2.058e-10,1.411e-30,6.375e-9,1.393e-23,2.200e-32,,2.388e-28,9.164e-40,1.134e-21,2.383e-19,6.013e-15,1.589e+1,9.635e-18,4.175e-23,4.469e-1,7.258e-21,,1.098e+1,1.379e+2,6.495e+3,9.910e-7,2.756e-21,1.672e-24,,,,,,,,,,,,1.069e-21,,,,,,,,,3.983e-2,,7.947e-21,7.535e-19,,4.166e+3
261.8,1.008e+4,7.300e-21,5.749e-9,9.492e-36,,9.648e-18,6.665e-61,2.491e-22,1.528e-23,6.742e-32,2.091e-18,4.364e-10,1.415e-30,1.337e-8,1.389e-23,2.101e-32,,2.389e-28,2.364e-39,1.134e-21,2.384e-19,7.068e-15,1.759e+1,2.526e-17,4.187e-23,4.805e-1,7.259e-21,,1.113e+1,1.396e+2,6.293e+3,9.530e-7,2.757e-21,1.681e-24,,,,,,,,,,,,1.070e-21,,,,,,,,,5.145e-2,,7.919e-21,7.539e-19,,3.622e+3
261.83,9.022e+3,7.292e-21,6.824e-9,8.859e-36,,5.655e-18,6.646e-61,2.491e-22,1.531e-23,6.658e-32,2.100e-18,1.319e-9,1.421e-30,3.976e-8,1.383e-23,1.951e-32,,2.391e-28,9.596e-39,1.135e-21,2.386e-19,8.819e-15,2.018e+1,1.051e-16,4.206e-23,5.303e-1,7.262e-21,,1.113e+1,1.401e+2,5.975e+3,8.801e-7,2.758e-21,1.695e-24,,,,,,,,,,,,1.071e-21,,,,,,,,,7.396e-2,,7.877e-21,7.545e-19,,2.876e+3
261.85,8.356e+3,7.286e-21,7.544e-9,8.438e-36,,3.905e-18,6.633e-61,2.492e-22,1.533e-23,6.511e-32,2.105e-18,2.720e-9,1.424e-30,8.110e-8,1.379e-23,1.852e-32,,2.392e-28,2.408e-38,1.136e-21,2.387e-19,1.008e-14,2.188e+1,2.680e-16,4.219e-23,5.628e-1,7.263e-21,,1.098e+1,1.390e+2,5.752e+3,8.230e-7,2.759e-21,1.704e-24,,,,,,,,,,,,1.072e-21,,,,,,,,,9.291e-2,,7.849e-21,7.548e-19,,2.432e+3
261.88,7.429e+3,7.278e-21,8.587e-9,7.805e-36,,2.195e-18,6.613e-61,2.492e-22,1.535e-23,6.166e-32,2.114e-18,7.891e-9,1.430e-30,2.314e-7,1.373e-23,1.703e-32,,2.393e-28,9.378e-38,1.137e-21,2.389e-19,1.206e-14,2.422e+1,1.070e-15,4.238e-23,6.104e-1,7.265e-21,,1.054e+1,1.359e+2,5.407e+3,7.289e-7,2.760e-21,1.718e-24,,,,,,,,,,,,1.073e-21,,,,,,,,,1.281e-1,,7.807e-21,7.554e-19,,1.851e+3
261.9,6.865e+3,7.273e-21,9.232e-9,7.383e-36,,1.474e-18,6.600e-61,2.493e-22,1.537e-23,5.864e-32,2.119e-18,1.583e-8,1.434e-30,4.592e-7,1.369e-23,1.604e-32,,2.394e-28,2.290e-37,1.137e-21,2.390e-19,1.341e-14,2.559e+1,2.655e-15,4.250e-23,6.414e-1,7.267e-21,,1.013e+1,1.332e+2,5.173e+3,6.628e-7,2.761e-21,1.727e-24,,,,,,,,,,,,1.074e-21,,,,,,,,,1.565e-1,,7.779e-21,7.558e-19,,1.522e+3
261.93,6.105e+3,7.264e-21,1.008e-8,6.750e-36,,7.942e-19,6.581e-61,2.493e-22,1.540e-23,5.325e-32,2.128e-18,4.405e-8,1.439e-30,1.257e-6,1.363e-23,1.454e-32,,2.396e-28,8.556e-37,1.138e-21,2.392e-19,1.539e-14,2.722e+1,1.017e-14,4.269e-23,6.868e-1,7.269e-21,,9.348e+0,1.289e+2,4.827e+3,5.629e-7,2.762e-21,1.740e-24,,,,,,,,,,,,1.075e-21,,,,,,,,,2.070e-1,,7.737e-21,7.563e-19,,1.111e+3
261.95,5.659e+3,7.259e-21,1.054e-8,6.328e-36,,5.185e-19,6.568e-61,2.494e-22,1.542e-23,4.925e-32,2.133e-18,8.595e-8,1.443e-30,2.426e-6,1.359e-23,1.355e-32,,2.397e-28,2.032e-36,1.139e-21,2.393e-19,1.664e-14,2.798e+1,2.454e-14,4.282e-23,7.166e-1,7.270e-21,,8.749e+0,1.264e+2,4.606e+3,4.978e-7,2.763e-21,1.749e-24,,,,,,,,,,,,1.076e-21,,,,,,,,,2.460e-1,,7.709e-21,7.567e-19,,8.885e+2
261.98,5.083e+3,7.250e-21,1.103e-8,5.695e-36,,2.679e-19,6.548e-61,2.494e-22,1.545e-23,4.290e-32,2.142e-18,2.295e-7,1.448e-30,6.373e-6,1.353e-23,1.206e-32,,2.398e-28,7.287e-36,1.140e-21,2.395e-19,1.832e-14,2.857e+1,9.017e-14,4.301e-23,7.608e-1,7.273e-21,,7.780e+0,1.238e+2,4.300e+3,4.054e-7,2.764e-21,1.763e-24,,,,,,,,,,,,1.077e-21,,,,,,,,,3.120e-1,,7.667e-21,7.573e-19,,6.220e+2
262,4.761e+3,7.245e-21,1.122e-8,5.273e-36,,1.701e-19,6.535e-61,2.495e-22,1.546e-23,3.858e-32,2.147e-18,4.356e-7,1.452e-30,1.196e-5,1.348e-23,1.107e-32,,2.399e-28,1.684e-35,1.140e-21,2.396e-19,1.926e-14,2.857e+1,2.118e-13,4.313e-23,7.900e-1,7.274e-21,,7.112e+0,1.234e+2,4.117e+3,3.487e-7,2.765e-21,1.772e-24,,,,,,,,,,,,1.078e-21,,,,,,,,,3.606e-1,,7.639e-21,7.576e-19,,4.836e+2
262.03,4.369e+3,7.237e-21,1.127e-8,4.641e-36,,8.426e-20,6.516e-61,2.495e-22,1.549e-23,3.222e-32,2.156e-18,1.116e-6,1.458e-30,3.015e-5,1.342e-23,9.575e-33,,2.401e-28,5.792e-35,1.141e-21,2.398e-19,2.034e-14,2.797e+1,7.466e-13,4.332e-23,8.338e-1,7.276e-21,,6.127e+0,1.253e+2,3.883e+3,2.723e-7,2.766e-21,1.785e-24,,,,,,,,,,,,1.079e-21,,,,,,,,,4.387e-1,,7.597e-21,7.582e-19,,3.247e+2
262.05,4.165e+3,7.231e-21,1.114e-8,4.219e-36,,5.201e-20,6.503e-61,2.496e-22,1.551e-23,2.818e-32,2.161e-18,2.060e-6,1.461e-30,5.506e-5,1.338e-23,8.581e-33,,2.402e-28,1.302e-34,1.142e-21,2.399e-19,2.080e-14,2.720e+1,1.706e-12,4.345e-23,8.629e-1,7.278e-21,,5.504e+0,1.285e+2,3.757e+3,2.278e-7,2.767e-21,1.795e-24,,,,,,,,,,,,1.080e-21,,,,,,,,,4.930e-1,,7.569e-21,7.586e-19,,2.454e+2
262.07,4.005e+3,7.226e-21,1.090e-8,3.797e-36,,3.175e-20,6.490e-61,2.496e-22,1.553e-23,2.438e-32,2.167e-18,3.762e-6,1.465e-30,9.946e-5,1.334e-23,7.587e-33,,2.403e-28,2.895e-34,1.142e-21,2.400e-19,2.103e-14,2.616e+1,3.855e-12,4.357e-23,8.919e-1,7.279e-21,,4.928e+0,1.334e+2,3.656e+3,1.884e-7,2.768e-21,1.804e-24,,,,,,,,,,,,1.080e-21,,,,,,,,,5.480e-1,,7.541e-21,7.590e-19,,1.835e+2
262.1,3.843e+3,7.217e-21,1.032e-8,3.164e-36,,1.483e-20,6.470e-61,2.496e-22,1.556e-23,1.920e-32,2.175e-18,9.094e-6,1.471e-30,2.365e-4,1.328e-23,6.096e-33,,2.405e-28,9.399e-34,1.143e-21,2.402e-19,2.094e-14,2.416e+1,1.283e-11,4.376e-23,9.349e-1,7.282e-21,,4.176e+0,1.438e+2,3.554e+3,1.387e-7,2.769e-21,1.817e-24,,,,,,,,,,,,1.081e-21,,,,,,,,,6.289e-1,,7.499e-21,7.595e-19,,1.162e+2
262.12,3.784e+3,7.212e-21,9.816e-9,2.742e-36,,8.802e-21,6.457e-61,2.497e-22,1.557e-23,1.615e-32,2.181e-18,1.615e-5,1.475e-30,4.155e-4,1.324e-23,5.102e-33,,2.406e-28,2.033e-33,1.144e-21,2.403e-19,2.059e-14,2.260e+1,2.820e-11,4.389e-23,9.629e-1,7.283e-21,,3.766e+0,1.526e+2,3.519e+3,1.116e-7,2.769e-21,1.826e-24,,,,,,,,,,,,1.082e-21,,,,,,,,,6.798e-1,,7.472e-21,7.599e-19,,8.445e+1
262.15,3.765e+3,7.204e-21,8.916e-9,2.109e-36,,3.941e-21,6.438e-61,2.497e-22,1.560e-23,1.220e-32,2.189e-18,3.746e-5,1.480e-30,9.480e-4,1.318e-23,3.612e-33,,2.407e-28,6.333e-33,1.145e-21,2.405e-19,1.967e-14,2.002e+1,9.003e-11,4.408e-23,1.003e+0,7.285e-21,,3.304e+0,1.683e+2,3.520e+3,7.881e-8,2.771e-21,1.840e-24,,,,,,,,,,,,1.083e-21,,,,,,,,,7.483e-1,,7.430e-21,7.605e-19,,5.126e+1
262.17,3.797e+3,7.198e-21,8.247e-9,1.688e-36,,2.275e-21,6.425e-61,2.498e-22,1.562e-23,9.979e-33,2.195e-18,6.473e-5,1.484e-30,1.620e-3,1.314e-23,2.618e-33,,2.408e-28,1.332e-32,1.145e-21,2.406e-19,1.881e-14,1.821e+1,1.925e-10,4.420e-23,1.029e+0,7.287e-21,,3.105e+0,1.798e+2,3.558e+3,6.163e-8,2.771e-21,1.849e-24,,,,,,,,,,,,1.084e-21,,,,,,,,,7.867e-1,,7.402e-21,7.608e-19,,3.624e+1
262.2,3.911e+3,7.190e-21,7.185e-9,1.055e-36,,9.767e-22,6.406e-61,2.498e-22,1.565e-23,7.229e-33,2.203e-18,1.440e-4,1.489e-30,3.546e-3,1.308e-23,1.127e-33,,2.410e-28,3.983e-32,1.146e-21,2.408e-19,1.723e-14,1.547e+1,5.899e-10,4.439e-23,1.064e+0,7.289e-21,,2.977e+0,1.978e+2,3.671e+3,4.175e-8,2.772e-21,1.862e-24,,,,,,,,,,,,1.085e-21,,,,,,,,,8.306e-1,,7.360e-21,7.614e-19,,2.110e+1
262.22,4.031e+3,7.184e-21,6.463e-9,6.328e-37,,5.481e-22,6.393e-61,2.499e-22,1.567e-23,5.750e-33,2.209e-18,2.421e-4,1.493e-30,5.896e-3,1.304e-23,3.143e-33,,2.411e-28,8.153e-32,1.147e-21,2.409e-19,1.603e-14,1.369e+1,1.227e-9,4.452e-23,1.085e+0,7.291e-21,,3.003e+0,2.096e+2,3.788e+3,3.175e-8,2.773e-21,1.871e-24,,,,,,,,,,,,1.086e-21,,,,,,,,,8.493e-1,,7.332e-21,7.618e-19,,1.450e+1
262.25,4.280e+3,7.176e-21,5.400e-9,3.855e-49,,2.256e-22,6.373e-61,2.499e-22,1.569e-23,3.995e-33,2.217e-18,5.168e-4,1.499e-30,1.238e-2,1.297e-23,1.435e-32,,2.412e-28,2.339e-31,1.148e-21,2.411e-19,1.408e-14,1.115e+1,3.608e-9,4.471e-23,1.112e+0,7.293e-21,,3.205e+0,2.260e+2,4.030e+3,2.062e-8,2.774e-21,1.885e-24,,,,,,,,,,,,1.087e-21,,,,,,,,,8.600e-1,,7.290e-21,7.623e-19,,8.095e+0
262.27,4.493e+3,7.171e-21,4.724e-9,1.081e-48,,1.231e-22,6.360e-61,2.500e-22,1.571e-23,3.090e-33,2.223e-18,8.450e-4,1.502e-30,2.002e-2,1.293e-23,3.894e-32,,2.413e-28,4.657e-31,1.148e-21,2.412e-19,1.274e-14,9.593e+0,7.302e-9,4.483e-23,1.127e+0,7.294e-21,,3.440e+0,2.354e+2,4.237e+3,1.525e-8,2.775e-21,1.894e-24,,,,,,,,,,,,1.088e-21,,,,,,,,,8.552e-1,,7.262e-21,7.627e-19,,5.412e+0
262.3,4.882e+3,7.162e-21,3.786e-9,4.971e-48,,4.860e-23,6.341e-61,2.500e-22,1.574e-23,2.059e-33,2.231e-18,1.730e-3,1.508e-30,4.034e-2,1.287e-23,1.706e-31,,2.415e-28,1.282e-30,1.149e-21,2.414e-19,1.073e-14,7.497e+0,2.060e-8,4.502e-23,1.144e+0,7.296e-21,,3.925e+0,2.461e+2,4.619e+3,9.501e-9,2.776e-21,1.908e-24,,,,,,,,,,,,1.089e-21,,,,,,,,,8.306e-1,,7.220e-21,7.633e-19,,2.897e+0
262.32,5.187e+3,7.157e-21,3.222e-9,1.356e-47,,2.579e-23,6.328e-61,2.501e-22,1.576e-23,1.549e-33,2.237e-18,2.752e-3,1.512e-30,6.346e-2,1.283e-23,4.504e-31,,2.416e-28,2.483e-30,1.150e-21,2.415e-19,9.442e-15,6.273e+0,4.055e-8,4.515e-23,1.152e+0,7.298e-21,,4.324e+0,2.505e+2,4.922e+3,6.834e-9,2.777e-21,1.917e-24,,,,,,,,,,,,1.090e-21,,,,,,,,,8.033e-1,,7.192e-21,7.636e-19,,1.883e+0
262.35,5.710e+3,7.149e-21,2.477e-9,5.985e-47,,9.758e-24,6.308e-61,2.501e-22,1.579e-23,9.895e-34,2.245e-18,5.408e-3,1.517e-30,1.227e-1,1.277e-23,1.894e-30,,2.417e-28,6.556e-30,1.151e-21,2.417e-19,7.630e-15,4.704e+0,1.098e-7,4.534e-23,1.158e+0,7.300e-21,,5.006e+0,2.525e+2,5.444e+3,4.082e-9,2.778e-21,1.930e-24,,,,,,,,,,,,1.091e-21,,,,,,,,,7.483e-1,,7.150e-21,7.642e-19,,9.664e-1
262.37,6.097e+3,7.143e-21,2.051e-9,1.588e-46,,5.034e-24,6.295e-61,2.501e-22,1.580e-23,7.239e-34,2.251e-18,8.367e-3,1.521e-30,1.877e-1,1.273e-23,4.865e-30,,2.418e-28,1.235e-29,1.151e-21,2.418e-19,6.528e-15,3.830e+0,2.103e-7,4.546e-23,1.159e+0,7.302e-21,,5.498e+0,2.506e+2,5.835e+3,2.855e-9,2.779e-21,1.939e-24,,,,,,,,,,,,1.092e-21,,,,,,,,,7.039e-1,,7.122e-21,7.646e-19,,6.109e-1
262.4,6.727e+3,7.135e-21,1.514e-9,6.728e-46,,1.827e-24,6.276e-61,2.502e-22,1.583e-23,4.435e-34,2.259e-18,1.577e-2,1.527e-30,3.481e-1,1.267e-23,1.963e-29,,2.420e-28,3.131e-29,1.152e-21,2.420e-19,5.060e-15,2.760e+0,5.460e-7,4.565e-23,1.155e+0,7.304e-21,,6.256e+0,2.428e+2,6.473e+3,1.635e-9,2.780e-21,1.953e-24,,,,,,,,,,,,1.093e-21,,,,,,,,,6.289e-1,,7.080e-21,7.651e-19,,3.007e-1
262.42,7.170e+3,7.129e-21,1.220e-9,1.737e-45,,9.164e-25,6.263e-61,2.502e-22,1.585e-23,3.155e-34,2.265e-18,2.374e-2,1.530e-30,5.181e-1,1.263e-23,4.907e-29,,2.421e-28,5.739e-29,1.153e-21,2.421e-19,4.210e-15,2.193e+0,1.017e-6,4.578e-23,1.150e+0,7.305e-21,,6.752e+0,2.346e+2,6.924e+3,1.112e-9,2.781e-21,1.962e-24,,,,,,,,,,,,1.094e-21,,,,,,,,,5.753e-1,,7.052e-21,7.655e-19,,1.848e-1
262.44,7.626e+3,7.124e-21,9.735e-10,4.437e-45,,4.546e-25,6.250e-61,2.503e-22,1.587e-23,2.220e-34,2.270e-18,3.534e-2,1.534e-30,7.628e-1,1.259e-23,1.213e-28,,2.422e-28,1.041e-28,1.153e-21,2.423e-19,3.464e-15,1.729e+0,1.875e-6,4.590e-23,1.142e+0,7.307e-21,,7.223e+0,2.243e+2,7.390e+3,7.482e-10,2.782e-21,1.971e-24,,,,,,,,,,,,1.094e-21,,,,,,,,,5.205e-1,,7.024e-21,7.659e-19,,1.124e-1
262.47,8.316e+3,7.116e-21,6.817e-10,1.774e-44,,1.555e-25,6.230e-61,2.503e-22,1.590e-23,1.283e-34,2.279e-18,6.286e-2,1.540e-30,1.335e+0,1.253e-23,4.620e-28,,2.424e-28,2.489e-28,1.154e-21,2.424e-19,2.533e-15,1.203e+0,4.596e-6,4.609e-23,1.125e+0,7.309e-21,,7.850e+0,2.053e+2,8.099e+3,4.042e-10,2.783e-21,1.985e-24,,,,,,,,,,,,1.096e-21,,,,,,,,,4.387e-1,,6.982e-21,7.664e-19,,5.214e-2
262.49,8.772e+3,7.110e-21,5.321e-10,4.409e-44,,7.501e-26,6.217e-61,2.504e-22,1.591e-23,8.776e-35,2.284e-18,9.101e-2,1.543e-30,1.912e+0,1.249e-23,1.111e-27,,2.425e-28,4.390e-28,1.155e-21,2.426e-19,2.027e-15,9.494e-1,8.242e-6,4.622e-23,1.112e+0,7.311e-21,,8.195e+0,1.910e+2,8.568e+3,2.644e-10,2.783e-21,1.994e-24,,,,,,,,,,,,1.096e-21,,,,,,,,,3.860e-1,,6.954e-21,7.668e-19,,3.082e-2
262.52,9.433e+3,7.102e-21,3.628e-10,1.692e-43,,2.460e-26,6.198e-61,2.504e-22,1.594e-23,4.863e-35,2.293e-18,1.553e-1,1.549e-30,3.209e+0,1.242e-23,4.063e-27,,2.426e-28,1.007e-27,1.156e-21,2.427e-19,1.421e-15,6.943e-1,1.938e-5,4.641e-23,1.087e+0,7.313e-21,,8.576e+0,1.678e+2,9.251e+3,1.369e-10,2.785e-21,2.007e-24,,,,,,,,,,,,1.098e-21,,,,,,,,,3.120e-1,,6.912e-21,7.674e-19,,1.372e-2
262.54,9.853e+3,7.096e-21,2.803e-10,4.091e-43,,1.154e-26,6.185e-61,2.505e-22,1.596e-23,3.236e-35,2.298e-18,2.188e-1,1.553e-30,4.471e+0,1.238e-23,9.508e-27,,2.427e-28,1.729e-27,1.156e-21,2.429e-19,1.107e-15,5.980e-1,3.381e-5,4.653e-23,1.068e+0,7.314e-21,,8.727e+0,1.519e+2,9.686e+3,8.711e-11,2.785e-21,2.016e-24,,,,,,,,,,,,1.098e-21,,,,,,,,,2.670e-1,,6.884e-21,7.677e-19,,7.884e-3
262.57,1.044e+4,7.088e-21,1.916e-10,1.507e-42,,3.629e-27,6.165e-61,2.505e-22,1.599e-23,1.720e-35,2.307e-18,3.582e-1,1.558e-30,7.201e+0,1.232e-23,3.335e-26,,2.429e-28,3.806e-27,1.157e-21,2.430e-19,7.452e-16,5.550e-1,7.630e-5,4.672e-23,1.034e+0,7.317e-21,,8.786e+0,1.281e+2,1.030e+4,4.327e-11,2.787e-21,2.030e-24,,,,,,,,,,,,1.099e-21,,,,,,,,,2.070e-1,,6.842e-21,7.683e-19,,3.365e-3
262.59,1.081e+4,7.082e-21,1.509e-10,3.545e-42,,1.655e-27,6.152e-61,2.506e-22,1.601e-23,1.113e-35,2.312e-18,4.908e-1,1.562e-30,9.758e+0,1.228e-23,7.595e-26,,2.430e-28,6.353e-27,1.158e-21,2.432e-19,5.653e-16,5.932e-1,1.295e-4,4.685e-23,1.010e+0,7.318e-21,,8.715e+0,1.128e+2,1.068e+4,2.677e-11,2.787e-21,2.039e-24,,,,,,,,,,,,1.100e-21,,,,,,,,,1.723e-1,,6.814e-21,7.687e-19,,1.881e-3
262.62,1.133e+4,7.074e-21,1.102e-10,1.253e-41,,4.990e-28,6.133e-61,2.506e-22,1.603e-23,5.670e-36,2.321e-18,7.710e-1,1.568e-30,1.508e+1,1.222e-23,2.557e-25,,2.431e-28,1.342e-26,1.159e-21,2.434e-19,3.677e-16,7.574e-1,2.804e-4,4.704e-23,9.683e-1,7.320e-21,,8.448e+0,9.150e+1,1.121e+4,1.275e-11,2.788e-21,2.053e-24,,,,,,,,,,,,1.101e-21,,,,,,,,,1.281e-1,,6.772e-21,7.692e-19,,7.696e-4
262.64,1.166e+4,7.069e-21,9.317e-11,2.868e-41,,2.213e-28,6.120e-61,2.506e-22,1.605e-23,3.568e-36,2.326e-18,1.028e+0,1.571e-30,1.988e+1,1.218e-23,5.664e-25,,2.432e-28,2.180e-26,1.159e-21,2.435e-19,2.745e-16,9.473e-1,4.628e-4,4.716e-23,9.384e-1,7.322e-21,,8.174e+0,7.859e+1,1.155e+4,7.670e-12,2.789e-21,2.062e-24,,,,,,,,,,,,1.102e-21,,,,,,,,,1.037e-1,,6.744e-21,7.696e-19,,4.183e-4
262.67,1.214e+4,7.060e-21,7.823e-11,9.728e-41,,6.398e-29,6.101e-61,2.507e-22,1.608e-23,1.744e-36,2.335e-18,1.549e+0,1.577e-30,2.947e+1,1.212e-23,1.830e-24,,2.434e-28,4.419e-26,1.160e-21,2.437e-19,1.788e-16,1.377e+0,9.616e-4,4.735e-23,8.909e-1,7.324e-21,,7.645e+0,6.156e+1,1.204e+4,3.504e-12,2.790e-21,2.075e-24,,,,,,,,,,,,1.103e-21,,,,,,,,,7.396e-2,,6.702e-21,7.702e-19,,1.642e-4
262.69,1.247e+4,7.055e-21,7.322e-11,2.166e-40,,2.758e-29,6.088e-61,2.507e-22,1.610e-23,1.067e-36,2.340e-18,2.008e+0,1.581e-30,3.779e+1,3.368e-23,3.945e-24,,2.435e-28,6.981e-26,1.161e-21,2.438e-19,1.386e-16,1.778e+0,1.544e-3,4.748e-23,8.579e-1,7.325e-21,,7.233e+0,5.185e+1,1.237e+4,2.050e-12,2.791e-21,2.084e-24,,,,,,,,,,,,1.104e-21,,,,,,,,,5.823e-2,,6.674e-21,7.705e-19,,8.676e-5
262.72,1.300e+4,7.047e-21,7.035e-11,7.053e-40,,7.647e-30,6.068e-61,2.508e-22,1.613e-23,5.001e-37,2.349e-18,2.904e+0,1.586e-30,5.374e+1,1.529e-22,1.223e-23,,2.436e-28,1.358e-25,1.162e-21,2.440e-19,1.065e-16,2.591e+0,3.079e-3,4.767e-23,8.074e-1,7.328e-21,,6.559e+0,3.983e+1,1.289e+4,8.980e-13,2.792e-21,2.098e-24,,,,,,,,,,,,1.105e-21,,,,,,,,,3.983e-2,,6.632e-21,7.711e-19,,3.265e-5
262.74,1.338e+4,7.041e-21,7.035e-11,1.528e-39,,3.206e-30,6.055e-61,2.508e-22,1.614e-23,2.976e-37,2.354e-18,3.662e+0,1.590e-30,6.704e+1,4.135e-22,2.565e-23,,2.437e-28,2.087e-25,1.162e-21,2.441e-19,1.017e-16,3.302e+0,4.811e-3,4.780e-23,7.736e-1,7.329e-21,,6.095e+0,3.348e+1,1.326e+4,5.108e-13,2.793e-21,2.107e-24,,,,,,,,,,,,1.106e-21,,,,,,,,,3.050e-2,,6.604e-21,7.715e-19,,1.678e-5
262.77,1.402e+4,7.033e-21,7.166e-11,4.774e-39,,8.521e-31,6.036e-61,2.509e-22,1.617e-23,1.337e-37,2.363e-18,5.080e+0,1.595e-30,9.148e+1,1.802e-21,7.632e-23,,2.439e-28,3.895e-25,1.163e-21,2.443e-19,1.186e-16,4.667e+0,9.203e-3,4.798e-23,7.239e-1,7.331e-21,,5.415e+0,2.633e+1,1.389e+4,2.146e-13,2.794e-21,2.120e-24,,,,,,,,,,,,1.107e-21,,,,,,,,,2.001e-2,,6.562e-21,7.720e-19,,6.055e-6
262.79,1.450e+4,7.027e-21,7.278e-11,1.006e-38,,3.473e-31,6.023e-61,2.509e-22,1.619e-23,7.740e-38,2.368e-18,6.232e+0,1.599e-30,1.110e+2,4.742e-21,1.557e-22,,2.440e-28,5.823e-25,1.164e-21,2.444e-19,1.473e-16,5.806e+0,1.399e-2,4.811e-23,6.918e-1,7.333e-21,,4.991e+0,2.305e+1,1.435e+4,1.187e-13,2.795e-21,2.129e-24,,,,,,,,,,,,1.108e-21,,,,,,,,,1.490e-2,,6.534e-21,7.724e-19,,3.026e-6
262.81,1.504e+4,7.022e-21,7.371e-11,2.099e-38,,1.400e-31,6.010e-61,2.510e-22,1.621e-23,4.429e-38,2.374e-18,7.562e+0,1.603e-30,1.332e+2,1.234e-20,3.143e-22,,2.441e-28,8.611e-25,1.164e-21,2.445e-19,1.925e-16,7.149e+0,2.103e-2,4.824e-23,6.608e-1,7.334e-21,,4.607e+0,2.088e+1,1.486e+4,6.494e-14,2.796e-21,2.138e-24,,,,,,,,,,,,1.109e-21,,,,,,,,,1.097e-2,,6.506e-21,7.728e-19,,1.496e-6
262.84,1.593e+4,7.014e-21,7.430e-11,6.190e-38,,3.509e-32,5.990e-61,2.510e-22,1.624e-23,1.877e-38,2.382e-18,9.899e+0,1.608e-30,1.715e+2,5.078e-20,8.828e-22,,2.443e-28,1.517e-24,1.165e-21,2.447e-19,2.985e-16,9.580e+0,3.797e-2,4.843e-23,6.168e-1,7.337e-21,,4.125e+0,1.954e+1,1.571e+4,2.573e-14,2.797e-21,2.152e-24,,,,,,,,,,,,1.110e-21,,,,,,,,,6.791e-3,,6.464e-21,7.734e-19,,5.089e-7
262.86,1.658e+4,7.008e-21,7.394e-11,1.256e-37,,1.375e-32,5.977e-61,2.511e-22,1.625e-23,1.045e-38,2.388e-18,1.168e+1,1.612e-30,2.002e+2,1.286e-19,1.734e-21,,2.444e-28,2.182e-24,1.166e-21,2.448e-19,4.017e-16,1.149e+1,5.554e-2,4.855e-23,5.892e-1,7.338e-21,,3.879e+0,1.982e+1,1.633e+4,1.369e-14,2.798e-21,2.161e-24,,,,,,,,,,,,1.110e-21,,,,,,,,,4.864e-3,,6.436e-21,7.737e-19,,2.446e-7
262.89,1.762e+4,7.000e-21,7.212e-11,3.555e-37,,3.304e-33,5.958e-61,2.511e-22,1.628e-23,4.247e-39,2.396e-18,1.467e+1,1.618e-30,2.473e+2,5.079e-19,4.673e-21,,2.445e-28,3.688e-24,1.167e-21,2.450e-19,6.208e-16,1.481e+1,9.624e-2,4.874e-23,5.500e-1,7.340e-21,,3.638e+0,2.182e+1,1.731e+4,5.201e-15,2.799e-21,2.175e-24,,,,,,,,,,,,1.112e-21,,,,,,,,,2.887e-3,,6.394e-21,7.743e-19,,7.980e-8
262.91,1.833e+4,6.994e-21,7.004e-11,7.016e-37,,1.259e-33,5.945e-61,2.511e-22,1.630e-23,2.298e-39,2.402e-18,1.685e+1,1.621e-30,2.809e+2,1.252e-18,8.928e-21,,2.446e-28,5.161e-24,1.167e-21,2.451e-19,8.208e-16,1.731e+1,1.369e-1,4.887e-23,5.251e-1,7.342e-21,,3.566e+0,2.412e+1,1.799e+4,2.690e-15,2.799e-21,2.184e-24,,,,,,,,,,,,1.112e-21,,,,,,,,,2.011e-3,,6.366e-21,7.747e-19,,3.729e-8
262.94,1.941e+4,6.986e-21,6.573e-11,1.906e-36,,2.901e-34,5.925e-61,2.512e-22,1.633e-23,8.961e-40,2.410e-18,2.030e+1,1.627e-30,3.329e+2,4.744e-18,2.310e-20,,2.448e-28,8.370e-24,1.168e-21,2.453e-19,1.224e-15,2.144e+1,2.277e-1,4.906e-23,4.890e-1,7.344e-21,,3.594e+0,2.885e+1,1.900e+4,9.803e-16,2.801e-21,2.197e-24,,,,,,,,,,,,1.114e-21,,,,,,,,,1.145e-3,,6.324e-21,7.752e-19,,1.167e-8
262.96,2.009e+4,6.981e-21,6.216e-11,3.660e-36,,1.075e-34,5.912e-61,2.512e-22,1.635e-23,4.716e-40,2.416e-18,2.267e+1,1.631e-30,3.677e+2,1.138e-17,4.293e-20,,2.449e-28,1.140e-23,1.169e-21,2.454e-19,1.577e-15,2.441e+1,3.153e-1,4.918e-23,4.654e-1,7.346e-21,,3.699e+0,3.278e+1,1.964e+4,4.931e-16,2.801e-21,2.206e-24,,,,,,,,,,,,1.114e-21,,,,,,,,,7.757e-4,,6.296e-21,7.756e-19,,5.302e-9
262.99,2.102e+4,6.972e-21,5.601e-11,9.543e-36,,2.374e-35,5.893e-61,2.513e-22,1.637e-23,1.763e-40,2.424e-18,2.621e+1,1.636e-30,4.181e+2,4.139e-17,1.066e-19,,2.450e-28,1.773e-23,1.170e-21,2.456e-19,2.260e-15,2.908e+1,5.032e-1,4.937e-23,4.299e-1,7.348e-21,,3.974e+0,3.966e+1,2.050e+4,1.723e-16,2.802e-21,2.220e-24,,,,,,,,,,,,1.115e-21,,,,,,,,,4.236e-4,,6.254e-21,7.762e-19,,1.591e-9
263.01,2.153e+4,6.967e-21,5.153e-11,1.783e-35,,8.556e-36,5.880e-61,2.513e-22,1.639e-23,9.023e-41,2.430e-18,2.848e+1,1.640e-30,4.492e+2,9.658e-17,1.928e-19,,2.451e-28,2.349e-23,1.170e-21,2.457e-19,2.833e-15,3.226e+1,6.778e-1,4.950e-23,4.060e-1,7.349e-21,,4.224e+0,4.481e+1,2.097e+4,8.429e-17,2.803e-21,2.229e-24,,,,,,,,,,,,1.116e-21,,,,,,,,,2.791e-4,,6.226e-21,7.765e-19,,7.030e-10
263.04,2.209e+4,6.959e-21,4.456e-11,4.462e-35,,1.812e-36,5.860e-61,2.514e-22,1.642e-23,3.235e-41,2.438e-18,3.158e+1,1.646e-30,4.901e+2,3.372e-16,4.593e-19,,2.453e-28,3.507e-23,1.171e-21,2.459e-19,3.895e-15,3.695e+1,1.038e+0,4.969e-23,3.694e-1,7.351e-21,,4.678e+0,5.319e+1,2.147e+4,2.824e-17,2.804e-21,2.243e-24,,,,,,,,,,,,1.117e-21,,,,,,,,,1.462e-4,,6.184e-21,7.771e-19,,2.023e-10
263.06,2.228e+4,6.953e-21,3.989e-11,8.111e-35,,1.800e-36,5.847e-61,2.514e-22,1.644e-23,1.610e-41,2.444e-18,3.338e+1,1.649e-30,5.122e+2,7.657e-16,8.081e-19,,2.454e-28,4.518e-23,1.172e-21,2.460e-19,4.751e-15,3.993e+1,1.361e+0,4.981e-23,3.445e-1,7.353e-21,,5.016e+0,5.911e+1,2.163e+4,1.344e-17,2.805e-21,2.252e-24,,,,,,,,,,,,1.118e-21,,,,,,,,,9.366e-5,,6.156e-21,7.775e-19,,8.692e-11
263.09,2.228e+4,6.945e-21,3.309e-11,1.948e-34,,1.783e-36,5.828e-61,2.515e-22,1.646e-23,5.536e-42,2.452e-18,3.552e+1,1.655e-30,5.361e+2,2.566e-15,1.848e-18,,2.455e-28,6.473e-23,1.172e-21,2.462e-19,6.267e-15,4.398e+1,2.001e+0,5.000e-23,3.065e-1,7.355e-21,,5.544e+0,6.831e+1,2.159e+4,4.318e-18,2.806e-21,2.265e-24,,,,,,,,,,,,1.119e-21,,,,,,,,,4.705e-5,,6.114e-21,7.780e-19,,2.398e-11
263.11,2.207e+4,6.939e-21,2.882e-11,3.445e-34,,1.772e-36,5.815e-61,2.515e-22,1.648e-23,2.680e-42,2.458e-18,3.652e+1,1.659e-30,5.451e+2,5.670e-15,3.163e-18,,2.456e-28,8.114e-23,1.173e-21,2.463e-19,7.436e-15,4.630e+1,2.553e+0,5.013e-23,2.810e-1,7.357e-21,,5.892e+0,7.457e+1,2.135e+4,1.997e-18,2.807e-21,2.274e-24,,,,,,,,,,,,1.120e-21,,,,,,,,,2.932e-5,,6.086e-21,7.784e-19,,1.002e-11
263.14,2.141e+4,6.931e-21,2.296e-11,7.939e-34,,1.754e-36,5.796e-61,2.516e-22,1.651e-23,8.836e-43,2.466e-18,3.728e+1,1.664e-30,5.474e+2,1.824e-14,6.941e-18,,2.458e-28,1.115e-22,1.174e-21,2.465e-19,9.412e-15,4.905e+1,3.606e+0,5.032e-23,2.430e-1,7.359e-21,,6.374e+0,8.402e+1,2.068e+4,6.155e-19,2.808e-21,2.288e-24,,,,,,,,,,,,1.121e-21,,,,,,,,,1.413e-5,,6.044e-21,7.790e-19,,2.651e-12
263.16,2.076e+4,6.925e-21,1.947e-11,1.366e-33,,1.743e-36,5.783e-61,2.516e-22,1.653e-23,4.159e-43,2.472e-18,3.729e+1,1.668e-30,5.413e+2,3.921e-14,1.156e-17,,2.459e-28,1.360e-22,1.175e-21,2.466e-19,1.086e-14,5.031e+1,4.478e+0,5.044e-23,2.183e-1,7.360e-21,,6.651e+0,9.033e+1,2.003e+4,2.769e-19,2.809e-21,2.297e-24,,,,,,,,,,,,1.122e-21,,,,,,,,,8.564e-6,,6.016e-21,7.793e-19,,1.077e-12
263.18,1.994e+4,6.920e-21,1.635e-11,2.326e-33,,1.731e-36,5.770e-61,2.516e-22,1.655e-23,1.936e-43,2.477e-18,3.688e+1,1.672e-30,5.295e+2,8.337e-14,1.905e-17,,2.460e-28,1.640e-22,1.175e-21,2.467e-19,1.240e-14,5.106e+1,5.503e+0,5.057e-23,1.943e-1,7.362e-21,,6.881e+0,9.662e+1,1.922e+4,1.232e-19,2.810e-21,2.306e-24,,,,,,,,,,,,1.123e-21,,,,,,,,,5.133e-6,,5.988e-21,7.797e-19,,4.329e-13
263.21,1.846e+4,6.912e-21,1.240e-11,5.060e-33,,1.714e-36,5.750e-61,2.517e-22,1.657e-23,6.020e-44,2.486e-18,3.554e+1,1.677e-30,5.017e+2,2.532e-13,3.946e-17,,2.462e-28,2.128e-22,1.176e-21,2.469e-19,1.481e-14,5.121e+1,7.348e+0,5.076e-23,1.604e-1,7.364e-21,,7.120e+0,1.060e+2,1.775e+4,3.580e-20,2.811e-21,2.320e-24,,,,,,,,,,,,1.124e-21,,,,,,,,,2.333e-6,,5.946e-21,7.803e-19,,1.080e-13
263.23,1.733e+4,6.906e-21,1.025e-11,8.380e-33,,1.703e-36,5.737e-61,2.517e-22,1.659e-23,2.725e-44,2.491e-18,3.420e+1,1.681e-30,4.774e+2,5.239e-13,6.325e-17,,2.463e-28,2.497e-22,1.177e-21,2.470e-19,1.645e-14,5.064e+1,8.794e+0,5.088e-23,1.395e-1,7.366e-21,,7.199e+0,1.124e+2,1.663e+4,1.549e-20,2.812e-21,2.329e-24,,,,,,,,,,,,1.125e-21,,,,,,,,,1.360e-6,,5.918e-21,7.806e-19,,4.219e-14
263.26,1.547e+4,6.898e-21,7.772e-12,1.750e-32,,1.685e-36,5.718e-61,2.518e-22,1.662e-23,8.126e-45,2.500e-18,3.163e+1,1.687e-30,4.340e+2,1.528e-12,1.257e-16,,2.464e-28,3.108e-22,1.178e-21,2.472e-19,1.886e-14,4.884e+1,1.129e+1,5.107e-23,1.110e-1,7.368e-21,,7.193e+0,1.220e+2,1.482e+4,4.316e-21,2.813e-21,2.342e-24,,,,,,,,,,,,1.126e-21,,,,,,,,,5.929e-7,,5.876e-21,7.812e-19,,1.009e-14
263.28,1.417e+4,6.892e-21,6.623e-12,2.819e-32,,1.674e-36,5.705e-61,2.518e-22,1.664e-23,3.577e-45,2.505e-18,2.962e+1,1.690e-30,4.017e+2,3.075e-12,1.961e-16,,2.465e-28,3.547e-22,1.178e-21,2.473e-19,2.037e-14,4.705e+1,1.317e+1,5.120e-23,9.413e-2,7.369e-21,,7.108e+0,1.286e+2,1.355e+4,1.816e-21,2.813e-21,2.351e-24,,,,,,,,,,,,1.126e-21,,,,,,,,,3.362e-7,,5.848e-21,7.816e-19,,3.835e-15
263.31,1.220e+4,6.884e-21,5.723e-12,5.650e-32,,1.657e-36,5.685e-61,2.519e-22,1.667e-23,1.023e-45,2.514e-18,2.631e+1,1.696e-30,3.503e+2,8.606e-12,3.741e-16,,2.467e-28,4.237e-22,1.179e-21,2.475e-19,2.240e-14,4.364e+1,1.628e+1,5.139e-23,7.209e-2,7.372e-21,,6.872e+0,1.387e+2,1.162e+4,4.852e-22,2.815e-21,2.365e-24,,,,,,,,,,,,1.128e-21,,,,,,,,,1.406e-7,,5.806e-21,7.821e-19,,8.797e-16
263.33,1.091e+4,6.879e-21,5.751e-12,8.857e-32,,1.645e-36,5.672e-61,2.519e-22,1.668e-23,4.379e-46,2.519e-18,2.399e+1,1.700e-30,3.154e+2,1.686e-11,5.677e-16,,2.468e-28,4.705e-22,1.180e-21,2.476e-19,2.354e-14,4.097e+1,1.853e+1,5.151e-23,5.956e-2,7.373e-21,,6.653e+0,1.457e+2,1.036e+4,1.985e-22,2.815e-21,2.374e-24,,,,,,,,,,,,1.128e-21,,,,,,,,,7.750e-8,,5.778e-21,7.825e-19,,3.250e-16
263.36,9.055e+3,6.870e-21,6.991e-12,1.703e-31,,1.628e-36,5.653e-61,2.520e-22,1.671e-23,1.201e-46,2.528e-18,2.049e+1,1.705e-30,2.639e+2,4.528e-11,1.039e-15,,2.469e-28,5.392e-22,1.180e-21,2.478e-19,2.484e-14,3.656e+1,2.209e+1,5.170e-23,4.384e-2,7.375e-21,,6.259e+0,1.565e+2,8.549e+3,5.088e-23,2.817e-21,2.387e-24,,,,,,,,,,,,1.130e-21,,,,,,,,,3.108e-8,,5.736e-21,7.831e-19,,7.149e-17
263.38,7.904e+3,6.865e-21,8.860e-12,2.598e-31,,1.616e-36,5.640e-61,2.520e-22,1.673e-23,4.999e-47,7.026e-18,1.822e+1,1.709e-30,2.312e+2,8.631e-11,1.534e-15,,2.470e-28,5.825e-22,1.181e-21,2.480e-19,2.539e-14,3.346e+1,2.455e+1,5.183e-23,3.527e-2,7.377e-21,,5.971e+0,1.638e+2,7.427e+3,2.024e-23,2.817e-21,2.396e-24,,,,,,,,,,,,1.130e-21,,,,,,,,,1.667e-8,,5.708e-21,7.835e-19,,2.569e-17
263.41,6.337e+3,6.857e-21,1.388e-11,4.795e-31,,1.599e-36,5.620e-61,2.521e-22,1.676e-23,1.315e-47,3.190e-17,1.501e+1,1.714e-30,1.856e+2,2.225e-10,2.696e-15,,2.472e-28,6.405e-22,1.182e-21,2.481e-19,2.571e-14,2.876e+1,2.829e+1,5.202e-23,2.494e-2,7.379e-21,,5.535e+0,1.745e+2,5.900e+3,4.975e-24,2.818e-21,2.410e-24,,,,,,,,,,,,1.131e-21,,,,,,,,,6.411e-9,,5.666e-21,7.840e-19,,5.418e-18
263.43,5.411e+3,6.851e-21,1.927e-11,7.117e-31,,1.588e-36,5.607e-61,2.521e-22,1.678e-23,5.323e-48,8.630e-17,1.305e+1,1.718e-30,1.581e+2,4.127e-10,3.873e-15,,2.473e-28,6.731e-22,1.183e-21,2.483e-19,2.557e-14,2.569e+1,3.077e+1,5.214e-23,1.953e-2,7.380e-21,,5.261e+0,1.814e+2,4.997e+3,1.925e-24,2.819e-21,2.419e-24,,,,,,,,,,,,1.132e-21,,,,,,,,,3.344e-9,,5.638e-21,7.844e-19,,5.408e-18
263.46,4.207e+3,6.843e-21,3.177e-11,1.261e-30,,1.570e-36,5.588e-61,2.522e-22,1.680e-23,1.343e-48,3.762e-16,1.045e+1,1.724e-30,1.218e+2,1.021e-9,6.531e-15,,2.474e-28,7.103e-22,1.183e-21,2.484e-19,2.484e-14,2.136e+1,3.441e+1,5.233e-23,1.326e-2,7.383e-21,,4.905e+0,1.906e+2,3.823e+3,4.536e-25,2.820e-21,2.433e-24,,,,,,,,,,,,1.133e-21,,,,,,,,,1.234e-9,,5.596e-21,7.849e-19,,5.394e-18
263.48,3.527e+3,6.837e-21,4.415e-11,1.820e-30,,1.559e-36,5.575e-61,2.522e-22,1.682e-23,5.286e-49,9.904e-16,8.949e+0,1.727e-30,1.009e+2,1.843e-9,9.126e-15,,2.476e-28,7.261e-22,1.184e-21,2.486e-19,2.403e-14,1.873e+1,3.672e+1,5.246e-23,1.010e-2,2.062e-20,,4.720e+0,1.959e+2,3.161e+3,1.707e-25,2.821e-21,2.442e-24,,,,,,,,,,,,1.134e-21,,,,,,,,,6.258e-10,,5.568e-21,7.853e-19,,5.384e-18
263.51,2.681e+3,6.829e-21,7.131e-11,3.094e-30,,1.542e-36,5.555e-61,2.523e-22,1.685e-23,1.279e-49,4.145e-15,7.072e+0,1.733e-30,7.456e+1,4.378e-9,1.477e-14,,2.477e-28,7.351e-22,1.185e-21,2.487e-19,2.240e-14,1.527e+1,4.000e+1,5.265e-23,6.584e-3,9.426e-20,,4.544e+0,2.017e+2,2.337e+3,3.857e-26,2.822e-21,2.455e-24,,,,,,,,,,,,1.135e-21,,,,,,,,,2.214e-10,,5.526e-21,3.619e-18,,5.369e-18
263.53,2.223e+3,6.824e-21,9.702e-11,4.347e-30,,1.530e-36,5.542e-61,2.523e-22,1.687e-23,4.896e-50,1.062e-14,6.058e+0,1.737e-30,6.011e+1,7.687e-9,2.008e-14,,2.478e-28,7.311e-22,1.186e-21,2.489e-19,2.108e-14,1.335e+1,4.203e+1,5.277e-23,4.882e-3,2.562e-19,,4.502e+0,2.040e+2,1.893e+3,1.411e-26,2.823e-21,2.464e-24,,,,,,,,,,,,1.136e-21,,,,,,,,,1.092e-10,,5.498e-21,9.888e-18,,5.360e-18
263.55,1.841e+3,6.818e-21,1.307e-10,6.040e-30,,1.519e-36,5.529e-61,2.523e-22,1.689e-23,1.853e-50,2.691e-14,5.223e+0,1.741e-30,4.792e+1,1.335e-8,2.701e-14,,2.479e-28,7.191e-22,1.186e-21,2.490e-19,1.962e-14,1.177e+1,4.394e+1,5.290e-23,3.580e-3,6.886e-19,,4.524e+0,2.047e+2,1.523e+3,5.107e-27,2.824e-21,2.473e-24,,,,,,,,,,,,1.137e-21,,,,,,,,,5.330e-11,,5.470e-21,2.672e-17,,5.350e-18
263.58,1.392e+3,6.810e-21,2.004e-10,9.693e-30,,1.501e-36,5.510e-61,2.524e-22,1.691e-23,4.228e-51,1.064e-13,4.273e+0,1.746e-30,3.342e+1,2.995e-8,4.126e-14,,2.481e-28,6.872e-22,1.187e-21,2.492e-19,1.726e-14,1.010e+1,4.656e+1,5.309e-23,2.202e-3,2.974e-18,,4.674e+0,2.028e+2,1.090e+3,1.088e-27,2.825e-21,2.487e-24,,,,,,,,,,,,1.138e-21,,,,,,,,,1.779e-11,,5.428e-21,1.163e-16,,5.335e-18
263.6,1.162e+3,6.804e-21,2.631e-10,1.311e-29,,1.490e-36,5.497e-61,2.524e-22,1.693e-23,1.557e-51,2.624e-13,3.815e+0,1.750e-30,2.591e+1,5.061e-8,5.398e-14,,2.482e-28,6.575e-22,1.188e-21,2.493e-19,1.563e-14,9.494e+0,4.817e+1,5.321e-23,1.571e-3,7.780e-18,,4.849e+0,1.994e+2,8.705e+2,1.083e-27,2.826e-21,2.496e-24,,,,,,,,,,,,1.139e-21,,,,,,,,,8.442e-12,,5.400e-21,3.060e-16,,5.325e-18
263.63,9.018e+2,6.796e-21,3.879e-10,2.018e-29,,1.473e-36,5.478e-61,2.525e-22,1.696e-23,3.406e-52,9.956e-13,3.344e+0,1.755e-30,1.734e+1,1.089e-7,7.915e-14,,2.483e-28,6.029e-22,1.188e-21,2.495e-19,1.319e-14,9.400e+0,5.039e+1,5.340e-23,9.273e-4,3.226e-17,,5.208e+0,1.911e+2,6.250e+2,1.075e-27,2.827e-21,2.510e-24,,,,,,,,,,,,1.140e-21,,,,,,,,,2.702e-12,,5.358e-21,1.279e-15,,5.311e-18
263.65,7.732e+2,6.791e-21,4.960e-10,2.655e-29,,1.461e-36,5.465e-61,2.525e-22,1.698e-23,1.219e-52,2.390e-12,3.145e+0,1.759e-30,1.308e+1,1.792e-7,1.008e-13,,2.484e-28,5.612e-22,1.189e-21,2.496e-19,1.162e-14,9.922e+0,5.176e+1,5.353e-23,6.435e-4,8.213e-17,,5.500e+0,1.836e+2,5.062e+2,1.070e-27,2.828e-21,2.519e-24,,,,,,,,,,,,1.141e-21,,,,,,,,,1.247e-12,,5.330e-21,3.273e-15,,5.301e-18
263.68,6.319e+2,6.782e-21,7.029e-10,3.924e-29,,1.444e-36,5.445e-61,2.526e-22,1.701e-23,2.558e-53,8.706e-12,2.973e+0,1.765e-30,8.394e+0,3.702e-7,1.418e-13,,2.486e-28,4.937e-22,1.190e-21,2.498e-19,9.412e-15,1.166e+1,5.371e+1,5.372e-23,3.644e-4,3.269e-16,,5.988e+0,1.697e+2,3.794e+2,1.062e-27,2.829e-21,2.532e-24,,,,,,,,,,,,1.142e-21,,,,,,,,,3.829e-13,,5.288e-21,1.313e-14,,5.286e-18
263.7,5.640e+2,6.777e-21,8.753e-10,5.023e-29,,1.432e-36,5.432e-61,2.526e-22,1.702e-23,,2.033e-11,2.919e+0,1.768e-30,6.160e+0,5.924e-7,1.756e-13,,2.487e-28,4.471e-22,1.191e-21,2.499e-19,8.066e-15,1.349e+1,5.494e+1,5.385e-23,2.460e-4,8.101e-16,,6.331e+0,1.591e+2,3.210e+2,1.056e-27,2.829e-21,2.541e-24,,,,,,,,,,,,1.143e-21,,,,,,,,,1.719e-13,,5.260e-21,3.272e-14,,5.277e-18
263.73,4.909e+2,6.768e-21,1.193e-9,7.124e-29,,1.415e-36,5.413e-61,2.527e-22,1.705e-23,,7.112e-11,2.889e+0,1.774e-30,3.793e+0,1.175e-6,2.371e-13,,2.488e-28,3.774e-22,1.191e-21,2.501e-19,6.267e-15,1.735e+1,5.671e+1,5.403e-23,1.337e-4,3.096e-15,,6.839e+0,1.418e+2,2.615e+2,1.048e-27,2.831e-21,2.555e-24,,,,,,,,,,,,1.144e-21,,,,,,,,,5.061e-14,,5.218e-21,1.260e-13,,5.262e-18
263.75,4.562e+2,6.763e-21,1.447e-9,8.872e-29,,1.404e-36,5.400e-61,2.527e-22,1.707e-23,,1.617e-10,2.885e+0,1.778e-30,2.708e+0,1.829e-6,2.858e-13,,2.489e-28,3.325e-22,1.192e-21,2.502e-19,5.225e-15,2.069e+1,5.785e+1,5.416e-23,8.779e-5,7.466e-15,,7.156e+0,1.296e+2,2.353e+2,1.043e-27,2.831e-21,2.564e-24,,,,,,,,,,,,1.144e-21,,,,,,,,,2.209e-14,,5.190e-21,3.056e-13,,5.252e-18
263.78,4.191e+2,6.755e-21,1.895e-9,1.208e-28,,1.386e-36,5.380e-61,2.528e-22,1.710e-23,,5.428e-10,2.878e+0,1.783e-30,1.600e+0,3.482e-6,3.703e-13,,2.491e-28,2.693e-22,1.193e-21,2.504e-19,3.895e-15,2.694e+1,5.951e+1,5.435e-23,4.576e-5,2.739e-14,,7.567e+0,1.113e+2,2.093e+2,1.035e-27,2.832e-21,2.578e-24,,,,,,,,,,,,1.146e-21,,,,,,,,,6.241e-15,,5.148e-21,1.130e-12,,5.237e-18
263.8,4.015e+2,6.749e-21,2.239e-9,1.463e-28,,1.375e-36,5.367e-61,2.528e-22,1.712e-23,,1.201e-9,2.861e+0,1.787e-30,1.111e+0,5.275e-6,4.342e-13,,2.492e-28,2.308e-22,1.194e-21,2.505e-19,3.159e-15,3.193e+1,6.059e+1,5.448e-23,2.923e-5,6.428e-14,,7.785e+0,9.934e+1,1.979e+2,1.030e-27,2.833e-21,2.587e-24,,,,,,,,,,,,1.146e-21,,,,,,,,,2.650e-15,,5.120e-21,2.666e-12,,5.228e-18
263.83,3.826e+2,6.741e-21,2.819e-9,1.912e-28,,1.358e-36,5.348e-61,2.528e-22,1.714e-23,,3.871e-9,2.805e+0,1.793e-30,6.296e-1,9.637e-6,5.400e-13,,2.494e-28,1.794e-22,1.194e-21,2.507e-19,2.260e-15,4.066e+1,6.217e+1,5.466e-23,1.462e-5,2.264e-13,,8.005e+0,8.251e+1,1.859e+2,1.022e-27,2.834e-21,2.600e-24,,,,,,,,,,,,1.147e-21,,,,,,,,,7.178e-16,,5.078e-21,9.467e-12,,5.213e-18
263.85,3.738e+2,6.735e-21,3.245e-9,2.254e-28,,1.346e-36,5.335e-61,2.529e-22,1.716e-23,,8.333e-9,2.744e+0,1.796e-30,4.253e-1,1.421e-5,6.160e-13,,2.495e-28,1.496e-22,1.195e-21,2.508e-19,1.783e-15,4.727e+1,6.321e+1,5.479e-23,9.085e-6,5.172e-13,,8.071e+0,7.229e+1,1.797e+2,1.016e-27,2.835e-21,2.609e-24,,,,,,,,,,,,1.148e-21,,,,,,,,,2.964e-16,,5.050e-21,2.174e-11,,5.203e-18
263.88,3.645e+2,6.727e-21,3.930e-9,2.826e-28,,1.329e-36,5.315e-61,2.529e-22,1.719e-23,,2.579e-8,2.611e+0,1.802e-30,2.312e-1,2.491e-5,7.352e-13,,2.496e-28,1.115e-22,1.196e-21,2.510e-19,1.224e-15,5.826e+1,6.478e+1,5.498e-23,4.359e-6,1.749e-12,,8.044e+0,5.887e+1,1.717e+2,1.008e-27,2.836e-21,2.623e-24,,,,,,,,,,,,1.149e-21,,,,,,,,,7.702e-17,,5.008e-21,7.411e-11,,5.189e-18
263.9,3.605e+2,6.722e-21,4.408e-9,3.241e-28,,1.317e-36,5.302e-61,2.530e-22,1.721e-23,,5.403e-8,2.498e+0,1.806e-30,1.519e-1,3.574e-5,8.160e-13,,2.497e-28,9.046e-23,1.197e-21,2.511e-19,9.391e-16,6.621e+1,6.584e+1,5.511e-23,2.635e-6,3.888e-12,,7.939e+0,5.136e+1,1.665e+2,1.003e-27,2.837e-21,2.632e-24,,,,,,,,,,,,1.150e-21,,,,,,,,,3.093e-17,,4.980e-21,1.656e-10,,5.179e-18
263.93,3.571e+2,6.713e-21,5.135e-9,3.900e-28,,1.300e-36,5.283e-61,2.530e-22,1.724e-23,,1.605e-7,2.295e+0,1.811e-30,7.927e-2,6.015e-5,9.346e-13,,2.499e-28,6.473e-23,1.197e-21,2.513e-19,6.185e-16,7.884e+1,6.749e+1,5.529e-23,1.213e-6,1.262e-11,,7.659e+0,4.248e+1,1.583e+2,9.948e-28,2.838e-21,2.645e-24,,,,,,,,,,,,1.151e-21,,,,,,,,,7.708e-18,,4.938e-21,5.420e-10,,5.164e-18
263.95,3.565e+2,6.708e-21,5.611e-9,4.352e-28,,1.289e-36,5.270e-61,2.531e-22,1.725e-23,,3.273e-7,2.142e+0,1.815e-30,5.066e-2,8.396e-5,1.009e-12,,2.500e-28,5.107e-23,1.198e-21,2.514e-19,4.618e-16,8.759e+1,6.864e+1,5.542e-23,7.131e-7,2.730e-11,,7.397e+0,3.821e+1,1.524e+2,9.894e-28,2.839e-21,2.654e-24,,,,,,,,,,,,1.152e-21,,,,,,,,,3.010e-18,,4.910e-21,1.179e-9,,5.154e-18
263.97,3.570e+2,6.702e-21,6.069e-9,4.803e-28,,1.277e-36,5.257e-61,2.531e-22,1.727e-23,,6.601e-7,1.979e+0,1.819e-30,3.203e-2,1.159e-4,1.078e-12,,2.501e-28,3.986e-23,1.199e-21,2.515e-19,3.410e-16,9.647e+1,6.985e+1,5.555e-23,4.146e-7,5.842e-11,,7.081e+0,3.528e+1,1.463e+2,9.841e-28,2.840e-21,2.664e-24,,,,,,,,,,,,1.153e-21,,,,,,,,,1.163e-18,,4.882e-21,2.536e-9,,5.145e-18
264,3.597e+2,6.694e-21,6.696e-9,5.456e-28,,1.260e-36,5.237e-61,2.532e-22,1.730e-23,,1.852e-6,1.724e+0,1.824e-30,1.577e-2,1.842e-4,1.166e-12,,2.502e-28,2.692e-23,1.199e-21,2.517e-19,2.119e-16,1.098e+2,7.177e+1,5.574e-23,1.801e-7,1.792e-10,,6.524e+0,3.343e+1,1.365e+2,9.761e-28,2.841e-21,2.677e-24,,,,,,,,,,,,1.154e-21,,,,,,,,,2.734e-19,,4.840e-21,7.838e-9,,5.130e-18
264.02,3.629e+2,6.689e-21,7.059e-9,5.859e-28,,1.248e-36,5.224e-61,2.532e-22,1.732e-23,,3.636e-6,1.552e+0,1.828e-30,9.695e-3,2.475e-4,1.211e-12,,2.503e-28,2.044e-23,1.200e-21,2.518e-19,1.522e-16,1.186e+2,7.312e+1,5.586e-23,1.019e-7,3.731e-10,,6.110e+0,3.386e+1,1.297e+2,9.707e-28,2.842e-21,2.686e-24,,,,,,,,,,,,1.155e-21,,,,,,,,,1.027e-19,,4.812e-21,1.641e-8,,5.120e-18
264.05,3.694e+2,6.680e-21,7.495e-9,6.388e-28,,1.231e-36,5.205e-61,2.533e-22,1.735e-23,,9.795e-6,1.300e+0,1.834e-30,4.579e-3,3.775e-4,1.257e-12,,2.505e-28,1.324e-23,1.201e-21,2.520e-19,9.078e-17,1.313e+2,7.521e+1,5.605e-23,4.244e-8,1.099e-9,,5.449e+0,3.693e+1,1.192e+2,9.627e-28,2.843e-21,2.700e-24,,,,,,,,,,,,1.156e-21,,,,,,,,,2.315e-20,,4.770e-21,4.871e-8,,5.106e-18
264.07,3.749e+2,6.675e-21,7.702e-9,6.674e-28,,1.219e-36,5.192e-61,2.533e-22,1.736e-23,,1.871e-5,1.141e+0,1.837e-30,2.739e-3,4.935e-4,1.271e-12,,2.506e-28,9.780e-24,1.202e-21,2.521e-19,6.344e-17,1.394e+2,7.664e+1,5.618e-23,2.335e-8,2.226e-9,,4.994e+0,4.051e+1,1.122e+2,9.573e-28,2.844e-21,2.709e-24,,,,,,,,,,,,1.157e-21,,,,,,,,,8.459e-21,,4.742e-21,9.924e-8,,5.096e-18
264.1,3.849e+2,6.667e-21,7.872e-9,6.983e-28,,1.202e-36,5.172e-61,2.533e-22,1.739e-23,,4.839e-5,9.192e-1,1.843e-30,1.241e-3,7.226e-4,1.266e-12,,2.507e-28,6.081e-24,1.202e-21,2.523e-19,3.630e-17,1.510e+2,7.877e+1,5.637e-23,9.335e-9,6.293e-9,,4.311e+0,4.803e+1,1.019e+2,9.493e-28,2.845e-21,2.722e-24,,,,,,,,,,,,1.158e-21,,,,,,,,,1.829e-21,,4.700e-21,2.828e-7,,5.081e-18
264.12,3.926e+2,6.661e-21,7.887e-9,7.099e-28,,1.191e-36,5.160e-61,2.534e-22,1.741e-23,,8.994e-5,7.855e-1,1.847e-30,7.221e-4,9.190e-4,1.245e-12,,2.508e-28,4.369e-24,1.203e-21,2.524e-19,2.467e-17,1.583e+2,8.016e+1,5.649e-23,4.996e-9,1.241e-8,,3.867e+0,5.434e+1,9.509e+1,9.440e-28,2.845e-21,2.731e-24,,,,,,,,,,,,1.159e-21,,,,,,,,,6.500e-22,,4.672e-21,5.607e-7,,5.071e-18
264.15,4.057e+2,6.653e-21,7.762e-9,7.128e-28,,1.173e-36,5.140e-61,2.534e-22,1.744e-23,,2.233e-4,6.085e-1,1.852e-30,3.139e-4,1.292e-3,1.190e-12,,2.510e-28,2.606e-24,1.204e-21,2.526e-19,1.355e-17,1.689e+2,8.218e+1,5.668e-23,1.916e-9,3.368e-8,,3.233e+0,6.546e+1,8.529e+1,9.359e-28,2.847e-21,2.745e-24,,,,,,,,,,,,1.160e-21,,,,,,,,,6.498e-22,,4.630e-21,1.534e-6,,5.057e-18
264.17,4.154e+2,6.647e-21,7.585e-9,7.051e-28,,1.162e-36,5.127e-61,2.535e-22,1.746e-23,,4.040e-4,5.065e-1,1.856e-30,1.777e-4,1.598e-3,1.139e-12,,2.511e-28,1.822e-24,1.205e-21,2.527e-19,8.958e-18,1.758e+2,8.348e+1,5.681e-23,9.975e-10,6.465e-8,,2.840e+0,7.375e+1,7.905e+1,9.306e-28,2.847e-21,2.754e-24,,,,,,,,,,,,1.160e-21,,,,,,,,,6.497e-22,,4.602e-21,2.960e-6,,5.047e-18
264.2,4.312e+2,6.639e-21,7.192e-9,6.794e-28,,1.145e-36,5.108e-61,2.535e-22,8.111e-23,,9.631e-4,3.772e-1,1.861e-30,7.411e-5,2.156e-3,1.044e-12,,2.513e-28,1.043e-24,1.205e-21,2.529e-19,4.719e-18,1.860e+2,8.537e+1,5.700e-23,3.670e-10,1.685e-7,,2.302e+0,8.706e+1,7.016e+1,9.226e-28,2.848e-21,2.768e-24,,,,,,,,,,,,1.162e-21,,,,,,,,,6.496e-22,,4.560e-21,7.775e-6,,5.032e-18
264.22,4.426e+2,6.633e-21,6.857e-9,6.538e-28,,3.178e-36,5.095e-61,2.536e-22,2.228e-22,,1.695e-3,3.059e-1,1.865e-30,4.080e-5,2.597e-3,9.726e-13,,2.514e-28,7.091e-25,1.206e-21,2.530e-19,3.036e-18,1.929e+2,8.662e+1,5.712e-23,1.858e-10,3.147e-7,,1.981e+0,9.622e+1,6.459e+1,9.172e-28,2.849e-21,2.777e-24,,,,,,,,,,,,1.162e-21,,,,,,,,,6.495e-22,,4.532e-21,1.460e-5,,5.023e-18
264.25,4.605e+2,6.625e-21,6.267e-9,6.047e-28,,1.441e-35,5.075e-61,2.536e-22,9.942e-22,,3.880e-3,2.190e-1,1.871e-30,1.633e-5,3.362e-3,8.561e-13,,2.515e-28,3.895e-25,1.207e-21,2.532e-19,1.534e-18,2.036e+2,8.860e+1,5.731e-23,6.559e-11,7.872e-7,,1.561e+0,1.098e+2,5.678e+1,9.092e-28,2.850e-21,2.790e-24,,,,,,,,,,,,1.163e-21,,,,,,,,,6.493e-22,,4.490e-21,3.682e-5,,5.008e-18
264.27,4.729e+2,6.620e-21,5.832e-9,5.662e-28,,3.894e-35,5.062e-61,2.537e-22,2.658e-21,,6.647e-3,1.730e-1,1.874e-30,8.744e-6,3.939e-3,7.756e-13,,2.516e-28,2.576e-25,1.207e-21,2.533e-19,9.602e-19,2.110e+2,9.003e+1,5.744e-23,3.231e-11,1.431e-6,,1.320e+0,1.184e+2,5.195e+1,9.038e-28,2.851e-21,2.799e-24,,,,,,,,,,,,1.164e-21,,,,,,,,,6.492e-22,,4.462e-21,6.729e-5,,4.998e-18
264.3,4.917e+2,6.611e-21,5.141e-9,5.025e-28,,1.695e-34,5.043e-61,2.537e-22,1.139e-20,,1.460e-2,1.190e-1,1.880e-30,3.357e-6,4.896e-3,6.552e-13,,2.518e-28,1.358e-25,1.208e-21,2.535e-19,4.657e-19,2.229e+2,9.246e+1,5.763e-23,1.094e-11,3.437e-6,,1.016e+0,1.300e+2,4.528e+1,8.958e-28,2.852e-21,2.813e-24,,,,,,,,,,,,1.165e-21,,,,,,,,,6.490e-22,,4.420e-21,1.629e-4,,4.984e-18
264.32,5.041e+2,6.606e-21,4.672e-9,4.578e-28,,4.460e-34,5.030e-61,2.538e-22,2.964e-20,,2.435e-2,9.156e-2,1.884e-30,1.749e-6,5.582e-3,5.775e-13,,2.519e-28,8.738e-26,1.209e-21,2.536e-19,2.835e-19,2.311e+2,9.433e+1,5.775e-23,5.242e-12,6.080e-6,,8.502e-1,1.365e+2,4.121e+1,8.905e-28,2.853e-21,2.822e-24,,,,,,,,,,,,1.166e-21,,,,,,,,,6.489e-22,,4.392e-21,2.898e-4,,4.974e-18
264.34,5.161e+2,6.600e-21,4.205e-9,4.125e-28,,1.161e-33,5.017e-61,2.538e-22,7.632e-20,,4.016e-2,6.970e-2,1.887e-30,9.011e-7,6.295e-3,5.035e-13,,2.520e-28,5.562e-26,1.210e-21,2.538e-19,1.707e-19,2.397e+2,9.641e+1,5.788e-23,2.484e-12,1.064e-5,,7.112e-1,1.418e+2,3.745e+1,8.851e-28,2.854e-21,2.831e-24,,,,,,,,,,,,1.167e-21,,,,,,,,,6.488e-22,,4.364e-21,5.098e-4,,4.964e-18
264.37,5.328e+2,6.592e-21,3.530e-9,3.456e-28,,4.774e-33,4.997e-61,2.538e-22,3.090e-19,,8.333e-2,4.538e-2,1.893e-30,3.264e-7,7.387e-3,4.015e-13,,2.521e-28,2.766e-26,1.210e-21,2.539e-19,7.813e-20,2.528e+2,9.994e+1,5.807e-23,7.937e-13,2.414e-5,,5.492e-1,1.471e+2,3.238e+1,8.771e-28,2.855e-21,2.845e-24,,,,,,,,,,,,1.168e-21,,,,,,,,,6.487e-22,,4.322e-21,1.166e-3,,4.949e-18
264.39,5.428e+2,6.587e-21,3.105e-9,3.030e-28,,1.209e-32,4.984e-61,2.539e-22,7.743e-19,,1.337e-1,3.364e-2,1.897e-30,1.636e-7,8.106e-3,3.406e-13,,2.522e-28,1.713e-26,1.211e-21,2.541e-19,4.576e-20,2.616e+2,1.025e+2,5.819e-23,3.658e-13,4.111e-5,,4.693e-1,1.487e+2,2.937e+1,8.718e-28,2.856e-21,2.854e-24,,,,,,,,,,,,1.169e-21,,,,,,,,,6.486e-22,,4.294e-21,1.996e-3,,4.940e-18
264.42,5.552e+2,6.578e-21,2.519e-9,2.437e-28,,4.776e-32,4.965e-61,2.539e-22,3.010e-18,,2.665e-1,2.105e-2,1.902e-30,5.686e-8,9.129e-3,2.607e-13,,2.524e-28,8.175e-27,1.212e-21,2.542e-19,2.010e-20,2.744e+2,1.066e+2,5.838e-23,1.121e-13,8.953e-5,,3.868e-1,1.480e+2,2.542e+1,8.637e-28,2.857e-21,2.867e-24,,,,,,,,,,,,1.170e-21,,,,,,,,,6.484e-22,,4.252e-21,4.383e-3,,4.925e-18
264.44,5.615e+2,6.573e-21,2.167e-9,2.078e-28,,1.178e-31,4.952e-61,2.540e-22,7.342e-18,,4.162e-1,1.520e-2,1.906e-30,2.772e-8,9.748e-3,2.151e-13,,2.525e-28,4.924e-27,1.213e-21,2.544e-19,1.145e-20,2.825e+2,1.094e+2,5.851e-23,5.028e-14,1.484e-4,,3.545e-1,1.456e+2,2.315e+1,8.584e-28,2.858e-21,2.876e-24,,,,,,,,,,,,1.171e-21,,,,,,,,,6.483e-22,,4.224e-21,7.304e-3,,4.915e-18
264.47,5.672e+2,6.565e-21,1.701e-9,1.604e-28,,4.467e-31,4.932e-61,2.540e-22,2.741e-17,,7.960e-1,9.143e-3,1.912e-30,9.244e-9,1.054e-2,1.580e-13,,2.526e-28,2.255e-27,1.213e-21,2.545e-19,4.827e-21,2.933e+2,1.132e+2,5.870e-23,1.478e-14,3.103e-4,,3.360e-1,1.392e+2,2.027e+1,8.504e-28,2.859e-21,2.890e-24,,,,,,,,,,,,1.172e-21,,,,,,,,,6.481e-22,,4.182e-21,1.539e-2,,4.900e-18
264.49,5.683e+2,6.559e-21,1.432e-9,1.331e-28,,1.072e-30,4.919e-61,2.541e-22,6.507e-17,,1.210e+0,6.429e-3,1.915e-30,4.384e-9,1.095e-2,1.269e-13,,2.527e-28,1.321e-27,1.214e-21,2.547e-19,2.678e-21,2.994e+2,1.154e+2,5.882e-23,6.448e-15,5.005e-4,,3.420e-1,1.332e+2,1.871e+1,8.450e-28,2.859e-21,2.899e-24,,,,,,,,,,,,1.173e-21,,,,,,,,,6.480e-22,,4.154e-21,2.497e-2,,4.891e-18
264.52,5.657e+2,6.551e-21,1.089e-9,9.859e-29,,3.904e-30,4.900e-61,2.541e-22,2.333e-16,,2.222e+0,3.716e-3,1.921e-30,1.403e-9,1.136e-2,8.943e-14,,2.529e-28,5.806e-28,1.215e-21,2.549e-19,1.090e-21,3.062e+2,1.178e+2,5.901e-23,1.819e-15,1.005e-3,,3.758e-1,1.222e+2,1.688e+1,8.370e-28,2.861e-21,2.912e-24,,,,,,,,,,,,1.174e-21,,,,,,,,,6.479e-22,,4.112e-21,5.052e-2,,4.876e-18
264.54,5.611e+2,6.545e-21,8.979e-10,7.961e-29,,9.119e-30,4.887e-61,2.542e-22,5.391e-16,,3.286e+0,2.544e-3,1.925e-30,6.470e-10,1.149e-2,6.987e-14,,2.530e-28,3.310e-28,1.215e-21,2.550e-19,5.973e-22,3.088e+2,1.186e+2,5.914e-23,7.717e-16,1.577e-3,,4.135e-1,1.138e+2,1.600e+1,8.316e-28,2.861e-21,2.921e-24,,,,,,,,,,,,1.175e-21,,,,,,,,,6.478e-22,,4.084e-21,7.974e-2,,4.866e-18
264.57,5.500e+2,6.537e-21,6.619e-10,5.659e-29,,3.190e-29,4.867e-61,2.542e-22,1.856e-15,,5.793e+0,1.413e-3,1.930e-30,1.986e-10,1.144e-2,4.727e-14,,2.532e-28,1.395e-28,1.216e-21,2.552e-19,2.579e-22,3.097e+2,1.184e+2,5.933e-23,2.089e-16,3.040e-3,,4.905e-1,1.002e+2,1.519e+1,8.236e-28,2.863e-21,2.935e-24,,,,,,,,,,,,1.176e-21,,,,,,,,,6.476e-22,,4.042e-21,1.549e-1,,4.852e-18
264.59,5.402e+2,6.532e-21,5.347e-10,4.446e-29,,7.252e-29,4.854e-61,2.543e-22,4.174e-15,,8.340e+0,9.423e-4,1.934e-30,8.912e-11,1.125e-2,3.593e-14,,2.533e-28,7.739e-29,1.217e-21,2.553e-19,1.721e-22,3.080e+2,1.172e+2,5.945e-23,8.619e-17,4.644e-3,,5.542e-1,9.082e+1,1.498e+1,8.183e-28,2.863e-21,2.944e-24,,,,,,,,,,,,1.176e-21,,,,,,,,,6.475e-22,,4.014e-21,2.380e-1,,4.842e-18
264.62,5.226e+2,6.523e-21,3.825e-10,3.033e-29,,2.436e-28,4.835e-61,2.543e-22,1.380e-14,,1.411e+1,5.029e-4,1.940e-30,2.624e-11,1.076e-2,2.334e-14,,2.534e-28,3.131e-29,1.218e-21,2.555e-19,1.586e-22,3.018e+2,1.136e+2,5.964e-23,2.238e-17,8.592e-3,,6.657e-1,7.676e+1,1.519e+1,8.102e-28,2.864e-21,2.958e-24,,,,,,,,,,,,1.178e-21,,,,,,,,,6.473e-22,,3.972e-21,4.439e-1,,4.827e-18
264.64,5.098e+2,6.518e-21,3.030e-10,2.318e-29,,5.390e-28,4.822e-61,2.543e-22,3.021e-14,,1.977e+1,3.265e-4,1.943e-30,1.146e-11,1.030e-2,1.729e-14,,2.535e-28,1.689e-29,1.218e-21,2.556e-19,2.100e-22,2.952e+2,1.101e+2,5.977e-23,8.983e-18,1.278e-2,,7.489e-1,6.768e+1,1.567e+1,8.049e-28,2.865e-21,2.967e-24,,,,,,,,,,,,1.178e-21,,,,,,,,,6.472e-22,,3.944e-21,6.635e-1,,4.817e-18
264.67,4.909e+2,6.510e-21,2.104e-10,1.518e-29,,1.739e-27,4.803e-61,2.544e-22,9.589e-14,,3.212e+1,1.675e-4,1.949e-30,3.236e-12,9.447e-3,1.083e-14,,2.537e-28,6.556e-30,1.219e-21,2.558e-19,3.933e-22,2.816e+2,1.032e+2,5.996e-23,2.238e-18,2.269e-2,,8.837e-1,5.490e+1,1.691e+1,7.969e-28,2.866e-21,2.980e-24,,,,,,,,,,,,1.180e-21,,,,,,,,,6.471e-22,,3.902e-21,1.188e+0,,4.803e-18
264.69,4.798e+2,6.504e-21,1.634e-10,1.129e-29,,3.745e-27,4.790e-61,2.544e-22,2.043e-13,,4.380e+1,1.059e-4,1.953e-30,1.374e-12,8.799e-3,7.862e-15,,2.538e-28,3.441e-30,1.220e-21,2.559e-19,6.183e-22,2.704e+2,9.773e+1,6.008e-23,8.737e-19,3.284e-2,,9.779e-1,4.710e+1,1.807e+1,7.915e-28,2.867e-21,2.989e-24,,,,,,,,,,,,1.180e-21,,,,,,,,,6.470e-22,,3.874e-21,1.729e+0,,4.793e-18
264.71,4.713e+2,6.499e-21,1.260e-10,8.302e-30,,7.979e-27,4.777e-61,2.545e-22,4.308e-13,,5.907e+1,6.622e-5,1.956e-30,5.772e-13,8.107e-3,5.709e-15,,2.539e-28,1.786e-30,1.221e-21,2.560e-19,9.710e-22,2.575e+2,9.160e+1,6.021e-23,3.374e-19,4.700e-2,,1.074e+0,3.997e+1,1.951e+1,7.862e-28,2.868e-21,2.998e-24,,,,,,,,,,,,1.181e-21,,,,,,,,,6.469e-22,,3.846e-21,2.488e+0,,4.783e-18
264.74,4.662e+2,6.490e-21,8.398e-11,5.131e-30,,2.432e-26,4.757e-61,2.545e-22,1.292e-12,,9.064e+1,3.211e-5,1.962e-30,1.539e-13,7.024e-3,3.641e-15,,2.540e-28,6.544e-31,1.221e-21,2.562e-19,1.882e-21,2.357e+2,8.157e+1,6.040e-23,7.930e-20,7.886e-2,,1.217e+0,3.061e+1,2.213e+1,7.781e-28,2.869e-21,3.012e-24,,,,,,,,,,,,1.182e-21,,,,,,,,,6.467e-22,,3.804e-21,4.208e+0,,4.769e-18
264.76,4.701e+2,6.485e-21,6.347e-11,3.672e-30,,5.044e-26,4.744e-61,2.546e-22,2.651e-12,,1.190e+2,1.955e-5,1.966e-30,6.286e-14,6.298e-3,2.867e-15,,2.541e-28,3.305e-31,1.222e-21,2.563e-19,2.888e-21,2.199e+2,7.454e+1,6.053e-23,2.979e-20,1.099e-1,,1.308e+0,2.527e+1,2.417e+1,7.728e-28,2.870e-21,3.021e-24,,,,,,,,,,,,1.183e-21,,,,,,,,,6.466e-22,,3.776e-21,5.893e+0,,4.759e-18
264.79,4.913e+2,6.476e-21,4.110e-11,2.178e-30,,1.476e-25,4.725e-61,2.546e-22,7.635e-12,,1.753e+2,9.108e-6,1.971e-30,1.608e-14,5.239e-3,2.441e-15,,2.543e-28,1.162e-31,1.223e-21,2.565e-19,5.383e-21,1.948e+2,6.384e+1,6.071e-23,6.716e-21,1.770e-1,,1.437e+0,1.858e+1,2.758e+1,7.648e-28,2.871e-21,3.035e-24,,,,,,,,,,,,1.184e-21,,,,,,,,,6.464e-22,,3.734e-21,9.570e+0,,4.744e-18
264.81,5.181e+2,6.471e-21,3.045e-11,1.517e-30,,2.980e-25,4.712e-61,2.547e-22,1.525e-11,,2.238e+2,5.401e-6,1.975e-30,6.389e-15,4.573e-3,2.619e-15,,2.544e-28,5.706e-32,1.223e-21,2.566e-19,8.042e-21,1.777e+2,5.683e+1,6.084e-23,2.454e-21,2.399e-1,,1.515e+0,1.493e+1,3.004e+1,7.594e-28,2.872e-21,3.044e-24,,,,,,,,,,,,1.185e-21,,,,,,,,,6.463e-22,,3.706e-21,1.304e+1,,4.734e-18
264.84,5.823e+2,6.463e-21,1.914e-11,8.634e-31,,8.374e-25,4.692e-61,2.547e-22,4.217e-11,,3.166e+2,2.417e-6,1.980e-30,1.568e-15,3.658e-3,3.649e-15,,2.545e-28,1.925e-32,1.224e-21,2.568e-19,1.439e-20,1.521e+2,4.679e+1,6.103e-23,5.308e-22,3.710e-1,,1.615e+0,1.055e+1,3.390e+1,7.514e-28,2.873e-21,3.057e-24,,,,,,,,,,,,1.186e-21,,,,,,,,,6.462e-22,,3.664e-21,2.034e+1,,4.720e-18
264.86,6.435e+2,6.457e-21,1.390e-11,5.850e-31,,1.645e-24,4.679e-61,2.548e-22,8.198e-11,,3.935e+2,1.395e-6,1.984e-30,6.060e-16,3.113e-3,4.963e-15,,2.546e-28,9.199e-33,1.225e-21,2.569e-19,2.093e-20,1.355e+2,4.055e+1,6.116e-23,5.010e-22,4.895e-1,,1.670e+0,8.260e+0,3.650e+1,7.461e-28,2.874e-21,3.066e-24,,,,,,,,,,,,1.187e-21,,,,,,,,,6.461e-22,,3.636e-21,2.698e+1,,4.710e-18
264.89,7.671e+2,6.449e-21,8.467e-12,3.196e-31,,4.441e-24,4.660e-61,2.548e-22,2.177e-10,,5.343e+2,5.996e-7,1.990e-30,1.427e-16,2.406e-3,8.230e-15,,2.548e-28,2.977e-33,1.226e-21,2.571e-19,3.595e-20,1.119e+2,3.207e+1,6.134e-23,4.563e-22,7.268e-1,,1.734e+0,5.628e+0,4.031e+1,7.380e-28,2.875e-21,3.080e-24,,,,,,,,,,,,1.188e-21,,,,,,,,,6.459e-22,,3.594e-21,4.038e+1,,4.695e-18
264.91,8.726e+2,6.443e-21,6.021e-12,2.107e-31,,8.493e-24,4.647e-61,2.548e-22,4.120e-10,,6.464e+2,3.369e-7,1.993e-30,5.364e-17,2.009e-3,1.159e-14,,2.549e-28,1.384e-33,1.226e-21,2.572e-19,5.088e-20,9.734e+1,2.705e+1,6.147e-23,4.265e-22,9.332e-1,,1.764e+0,4.320e+0,4.268e+1,7.327e-28,2.875e-21,3.089e-24,,,,,,,,,,,,1.189e-21,,,,,,,,,6.458e-22,,3.566e-21,5.213e+1,,4.686e-18
264.94,1.067e+3,6.435e-21,3.554e-12,1.104e-31,,2.201e-23,4.627e-61,2.549e-22,1.051e-9,,8.426e+2,1.391e-7,1.999e-30,1.212e-17,1.529e-3,1.915e-14,,2.551e-28,4.298e-34,1.227e-21,2.574e-19,8.394e-20,7.747e+1,2.054e+1,6.166e-23,3.818e-22,1.330e+0,,1.790e+0,2.897e+0,4.586e+1,7.247e-28,2.877e-21,3.103e-24,,,,,,,,,,,,1.190e-21,,,,,,,,,6.456e-22,,3.524e-21,7.491e+1,,4.671e-18
264.96,1.222e+3,6.430e-21,2.473e-12,7.084e-32,,4.097e-23,4.614e-61,2.549e-22,1.935e-9,,9.919e+2,7.610e-8,2.003e-30,4.432e-18,1.283e-3,2.648e-14,,2.552e-28,1.944e-34,1.228e-21,2.575e-19,1.156e-19,6.570e+1,1.687e+1,6.179e-23,3.520e-22,1.662e+0,,1.796e+0,2.243e+0,4.765e+1,7.193e-28,2.877e-21,3.112e-24,,,,,,,,,,,,1.191e-21,,,,,,,,,6.455e-22,,3.496e-21,9.411e+1,,4.661e-18
264.99,1.489e+3,6.421e-21,1.412e-12,3.564e-32,,1.020e-22,4.595e-61,2.550e-22,4.739e-9,,1.241e+3,3.018e-8,2.008e-30,9.603e-19,1.023e-3,4.225e-14,,2.553e-28,5.792e-35,1.229e-21,2.577e-19,1.831e-19,5.034e+1,1.230e+1,6.197e-23,3.073e-22,2.275e+0,,1.790e+0,1.614e+0,4.969e+1,7.113e-28,2.878e-21,3.125e-24,,,,,,,,,,,,1.192e-21,,,,,,,,,6.454e-22,,3.454e-21,1.298e+2,,4.647e-18
265.01,1.689e+3,6.416e-21,9.610e-13,2.224e-32,,1.848e-22,4.582e-61,2.550e-22,8.495e-9,,1.422e+3,1.607e-8,2.012e-30,9.649e-19,9.212e-4,5.693e-14,,2.554e-28,2.549e-35,1.229e-21,2.578e-19,2.454e-19,4.161e+1,9.828e+0,6.210e-23,2.775e-22,2.767e+0,,1.779e+0,1.393e+0,5.059e+1,7.059e-28,2.879e-21,3.134e-24,,,,,,,,,,,,1.192e-21,,,,,,,,,6.453e-22,,3.426e-21,1.588e+2,,4.637e-18
265.04,2.014e+3,6.408e-21,5.303e-13,1.074e-32,,4.415e-22,4.562e-61,2.551e-22,1.998e-8,,1.709e+3,6.120e-9,2.018e-30,9.718e-19,8.770e-4,8.727e-14,,2.556e-28,7.287e-36,1.230e-21,2.580e-19,3.733e-19,3.067e+1,6.879e+0,6.229e-23,2.328e-22,3.636e+0,,1.754e+0,1.316e+0,5.118e+1,6.979e-28,2.880e-21,3.148e-24,,,,,,,,,,,,1.194e-21,,,,,,,,,6.451e-22,,3.384e-21,2.103e+2,,4.622e-18
265.06,2.244e+3,6.402e-21,3.526e-13,6.521e-33,,7.787e-22,4.549e-61,2.551e-22,3.486e-8,,1.905e+3,3.173e-9,2.021e-30,9.764e-19,9.219e-4,1.145e-13,,2.557e-28,3.119e-36,1.231e-21,2.581e-19,4.869e-19,2.471e+1,5.349e+0,6.242e-23,6.422e-22,4.304e+0,,1.735e+0,1.424e+0,5.106e+1,6.926e-28,2.881e-21,3.157e-24,,,,,,,,,,,,1.194e-21,,,,,,,,,6.450e-22,,3.356e-21,2.502e+2,,4.612e-18
265.08,2.478e+3,6.397e-21,2.323e-13,3.916e-33,,1.358e-21,4.536e-61,2.552e-22,6.017e-8,,2.101e+3,1.627e-9,2.025e-30,9.809e-19,1.030e-3,1.485e-13,,2.558e-28,1.320e-36,1.231e-21,2.582e-19,6.284e-19,1.970e+1,4.114e+0,6.254e-23,1.753e-21,5.040e+0,,1.715e+0,1.660e+0,5.054e+1,6.872e-28,2.882e-21,3.166e-24,,,,,,,,,,,,1.195e-21,,,,,,,,,6.449e-22,,3.328e-21,2.945e+2,,4.603e-18
265.11,2.828e+3,6.388e-21,1.220e-13,1.785e-33,,3.068e-21,4.517e-61,2.552e-22,1.337e-7,,2.384e+3,5.855e-10,2.031e-30,9.878e-19,1.320e-3,2.151e-13,,2.559e-28,3.563e-37,1.232e-21,2.584e-19,9.027e-19,1.375e+1,2.719e+0,6.273e-23,7.746e-21,6.257e+0,,1.689e+0,2.270e+0,4.906e+1,6.792e-28,2.883e-21,3.179e-24,,,,,,,,,,,,1.196e-21,,,,,,,,,6.447e-22,,3.286e-21,3.685e+2,,4.588e-18
265.13,3.053e+3,6.383e-21,7.843e-14,1.043e-33,,5.209e-21,4.504e-61,2.553e-22,2.246e-7,,2.559e+3,2.923e-10,2.034e-30,9.924e-19,1.607e-3,2.716e-13,,2.560e-28,1.467e-37,1.233e-21,2.585e-19,1.134e-18,1.069e+1,2.035e+0,6.286e-23,2.058e-20,7.132e+0,,1.676e+0,2.866e+0,4.766e+1,6.738e-28,2.884e-21,3.189e-24,,,,,,,,,,,,1.197e-21,,,,,,,,,6.446e-22,,3.258e-21,4.221e+2,,4.578e-18
265.16,3.362e+3,6.375e-21,3.970e-14,4.563e-34,,1.130e-20,4.485e-61,2.553e-22,4.793e-7,,2.787e+3,1.010e-10,2.040e-30,9.992e-19,2.197e-3,3.776e-13,,2.562e-28,3.799e-38,1.234e-21,2.587e-19,1.564e-18,7.207e+0,1.291e+0,6.305e-23,8.737e-20,8.505e+0,,1.668e+0,4.090e+0,4.507e+1,6.658e-28,2.885e-21,3.202e-24,,,,,,,,,,,,1.198e-21,,,,,,,,,6.445e-22,,3.216e-21,5.071e+2,,4.564e-18
265.18,3.543e+3,6.369e-21,2.491e-14,2.594e-34,,1.867e-20,4.472e-61,2.554e-22,7.837e-7,,2.911e+3,4.907e-11,2.044e-30,1.004e-18,2.708e-3,4.640e-13,,2.563e-28,1.522e-38,1.234e-21,2.588e-19,1.911e-18,5.487e+0,9.405e-1,6.317e-23,2.260e-19,9.437e+0,,1.672e+0,5.159e+0,4.308e+1,6.605e-28,2.886e-21,3.211e-24,,,,,,,,,,,,1.199e-21,,,,,,,,,6.444e-22,,3.188e-21,5.653e+2,,4.554e-18
265.21,3.761e+3,6.361e-21,1.215e-14,1.089e-34,,3.888e-20,4.452e-61,2.554e-22,1.606e-6,,3.045e+3,1.629e-11,2.049e-30,1.011e-18,3.670e-3,6.195e-13,,2.564e-28,3.782e-39,1.235e-21,2.590e-19,2.531e-18,3.616e+0,5.727e-1,6.336e-23,9.214e-19,1.081e+1,,1.698e+0,7.199e+0,3.987e+1,6.525e-28,2.887e-21,3.225e-24,,,,,,,,,,,,1.200e-21,,,,,,,,,6.442e-22,,3.146e-21,6.519e+2,,4.539e-18
265.23,3.866e+3,6.355e-21,7.431e-15,6.024e-35,,6.254e-20,4.439e-61,2.554e-22,2.556e-6,,3.096e+3,7.701e-12,2.053e-30,1.015e-18,4.451e-3,7.409e-13,,2.565e-28,1.474e-39,1.236e-21,2.592e-19,3.011e-18,2.743e+0,4.059e-1,6.349e-23,2.320e-18,1.169e+1,,1.730e+0,8.883e+0,3.765e+1,6.471e-28,2.888e-21,3.234e-24,,,,,,,,,,,,1.201e-21,,,,,,,,,6.441e-22,,3.118e-21,7.072e+2,,4.529e-18
265.26,3.955e+3,6.347e-21,3.488e-15,2.427e-35,,1.251e-19,4.420e-61,2.555e-22,5.029e-6,,3.109e+3,2.454e-12,2.059e-30,1.022e-18,5.844e-3,9.497e-13,,2.567e-28,3.513e-40,1.237e-21,2.593e-19,3.828e-18,1.858e+0,2.373e-1,6.368e-23,9.087e-18,1.288e+1,,1.802e+0,1.194e+1,3.436e+1,6.391e-28,2.889e-21,3.247e-24,,,,,,,,,,,,1.202e-21,,,,,,,,,6.440e-22,,3.076e-21,7.831e+2,,4.515e-18
265.28,3.967e+3,6.342e-21,2.080e-15,1.306e-35,,1.958e-19,4.407e-61,2.555e-22,7.791e-6,,3.076e+3,1.130e-12,2.062e-30,1.027e-18,6.923e-3,1.105e-12,,2.568e-28,1.332e-40,1.237e-21,2.595e-19,4.432e-18,1.487e+0,1.636e-1,6.380e-23,2.228e-17,1.356e+1,,1.868e+0,1.436e+1,3.225e+1,6.337e-28,2.889e-21,3.256e-24,,,,,,,,,,,,1.203e-21,,,,,,,,,6.438e-22,,3.048e-21,8.268e+2,,4.505e-18
265.31,3.912e+3,6.333e-21,9.394e-16,5.052e-36,,3.761e-19,4.387e-61,2.556e-22,1.472e-5,,2.968e+3,3.456e-13,2.068e-30,1.034e-18,8.760e-3,1.360e-12,,2.570e-28,3.047e-41,1.238e-21,2.596e-19,5.410e-18,1.175e+0,9.179e-2,6.399e-23,8.380e-17,1.439e+1,,1.995e+0,1.855e+1,2.934e+1,6.257e-28,2.891e-21,3.270e-24,,,,,,,,,,,,1.204e-21,,,,,,,,,6.437e-22,,1.410e-20,8.789e+2,,4.490e-18
265.33,3.830e+3,6.328e-21,5.459e-16,2.645e-36,,5.732e-19,4.374e-61,2.556e-22,2.220e-5,,2.859e+3,1.548e-13,2.072e-30,1.038e-18,1.012e-2,1.541e-12,,2.571e-28,1.124e-41,1.239e-21,2.598e-19,6.095e-18,1.093e+0,6.159e-2,6.412e-23,2.000e-16,1.480e+1,,2.096e+0,2.171e+1,2.760e+1,6.204e-28,2.891e-21,3.279e-24,,,,,,,,,,,,1.205e-21,,,,,,,,,6.436e-22,,3.861e-20,9.031e+2,,4.481e-18
265.36,3.644e+3,6.319e-21,2.371e-16,9.817e-37,,1.057e-18,4.355e-61,2.557e-22,4.028e-5,,2.652e+3,4.548e-14,2.077e-30,1.045e-18,1.234e-2,1.821e-12,,2.572e-28,2.467e-42,1.240e-21,2.599e-19,7.144e-18,1.116e+0,3.317e-2,6.431e-23,7.226e-16,1.516e+1,,2.272e+0,2.693e+1,2.539e+1,6.123e-28,2.893e-21,3.293e-24,,,,,,,,,,,,1.206e-21,,,,,,,,,6.434e-22,,1.715e-19,9.217e+2,,4.466e-18
265.38,3.486e+3,6.314e-21,1.342e-16,5.001e-37,,1.568e-18,4.342e-61,2.557e-22,5.912e-5,,2.490e+3,1.983e-14,2.081e-30,1.050e-18,1.391e-2,2.008e-12,,2.573e-28,8.852e-43,1.240e-21,2.601e-19,7.834e-18,1.208e+0,2.166e-2,6.443e-23,1.679e-15,1.525e+1,,2.401e+0,3.067e+1,2.419e+1,6.070e-28,2.893e-21,3.302e-24,,,,,,,,,,,,1.207e-21,,,,,,,,,6.433e-22,,4.572e-19,9.217e+2,,4.456e-18
265.41,3.208e+3,6.306e-21,5.602e-17,1.782e-37,,2.776e-18,4.322e-61,2.558e-22,1.030e-4,,2.226e+3,5.593e-15,2.086e-30,1.056e-18,1.636e-2,2.278e-12,,2.575e-28,1.864e-43,1.241e-21,2.602e-19,8.816e-18,1.437e+0,1.119e-2,6.462e-23,5.827e-15,1.518e+1,,2.608e+0,3.653e+1,2.285e+1,5.990e-28,2.894e-21,3.315e-24,,,,,,,,,,,,1.208e-21,,,,,,,,,6.432e-22,,1.951e-18,9.031e+2,,4.441e-18
265.43,3.005e+3,6.300e-21,3.088e-17,8.839e-38,,4.009e-18,4.309e-61,2.558e-22,1.471e-4,,2.044e+3,2.373e-15,2.090e-30,1.061e-18,1.803e-2,2.444e-12,,2.576e-28,1.876e-43,1.242e-21,2.604e-19,9.409e-18,1.641e+0,7.112e-3,6.475e-23,1.318e-14,1.501e+1,,2.748e+0,4.050e+1,2.226e+1,5.936e-28,2.895e-21,3.324e-24,,,,,,,,,,,,1.208e-21,,,,,,,,,6.431e-22,,5.065e-18,8.789e+2,,4.432e-18
265.45,2.795e+3,6.295e-21,1.684e-17,4.352e-38,,5.727e-18,4.296e-61,2.559e-22,2.080e-4,,1.863e+3,9.960e-16,2.094e-30,1.066e-18,1.969e-2,2.595e-12,,2.577e-28,1.888e-43,1.242e-21,2.605e-19,9.933e-18,1.878e+0,4.470e-3,6.487e-23,2.949e-14,1.477e+1,,2.886e+0,4.441e+1,2.192e+1,5.883e-28,2.896e-21,3.333e-24,,,,,,,,,,,,1.209e-21,,,,,,,,,6.429e-22,,1.301e-17,8.461e+2,,4.422e-18
265.48,2.480e+3,6.286e-21,6.651e-18,1.541e-38,,9.581e-18,4.277e-61,2.559e-22,3.423e-4,,1.605e+3,2.654e-16,2.100e-30,1.072e-18,2.216e-2,2.780e-12,,2.578e-28,1.906e-43,1.243e-21,2.607e-19,1.056e-17,2.284e+0,2.181e-3,6.506e-23,9.673e-14,1.434e+1,,3.078e+0,4.997e+1,2.189e+1,5.802e-28,2.897e-21,3.347e-24,,,,,,,,,,,,1.210e-21,,,,,,,,,6.428e-22,,5.246e-17,7.831e+2,,4.407e-18
265.5,2.280e+3,6.281e-21,3.532e-18,8.880e-39,,1.332e-17,4.264e-61,2.559e-22,4.709e-4,,1.451e+3,1.084e-16,2.103e-30,1.077e-18,2.375e-2,2.872e-12,,2.579e-28,1.918e-43,1.244e-21,2.608e-19,1.085e-17,2.580e+0,1.334e-3,6.519e-23,2.107e-13,1.404e+1,,3.189e+0,5.332e+1,2.216e+1,5.749e-28,2.898e-21,3.356e-24,,,,,,,,,,,,1.211e-21,,,,,,,,,6.427e-22,,1.312e-16,7.337e+2,,4.397e-18
265.53,2.009e+3,6.273e-21,1.340e-18,8.760e-39,,2.140e-17,4.244e-61,2.560e-22,7.445e-4,,1.256e+3,2.773e-17,2.109e-30,1.084e-18,2.605e-2,2.955e-12,,2.581e-28,1.936e-43,1.245e-21,2.610e-19,1.107e-17,3.049e+0,6.249e-4,6.538e-23,6.640e-13,1.363e+1,,3.321e+0,5.761e+1,2.301e+1,5.669e-28,2.899e-21,3.370e-24,,,,,,,,,,,,1.212e-21,,,,,,,,,6.425e-22,,5.082e-16,6.519e+2,,4.383e-18
265.55,1.856e+3,6.267e-21,6.927e-19,1.548e-38,,2.897e-17,4.231e-61,2.560e-22,9.967e-4,,1.157e+3,1.102e-17,2.113e-30,1.088e-18,2.752e-2,2.972e-12,,2.582e-28,1.948e-43,1.245e-21,2.611e-19,1.107e-17,3.368e+0,3.718e-4,6.550e-23,1.408e-12,1.342e+1,,3.380e+0,5.984e+1,2.384e+1,5.615e-28,2.900e-21,3.379e-24,,,,,,,,,,,,1.213e-21,,,,,,,,,6.424e-22,,1.237e-15,5.944e+2,,4.373e-18
265.58,1.679e+3,6.259e-21,2.524e-19,4.697e-38,,4.469e-17,4.212e-61,2.561e-22,1.513e-3,,1.064e+3,2.706e-18,2.118e-30,1.095e-18,2.965e-2,2.936e-12,,2.583e-28,1.966e-43,1.246e-21,2.613e-19,1.085e-17,3.842e+0,1.672e-4,6.569e-23,4.262e-12,1.326e+1,,3.417e+0,6.207e+1,2.543e+1,5.535e-28,2.901e-21,3.392e-24,,,,,,,,,,,,1.214e-21,,,,,,,,,6.423e-22,,4.605e-15,5.071e+2,,4.358e-18
265.6,1.602e+3,6.253e-21,1.270e-19,1.007e-37,,5.887e-17,4.199e-61,2.561e-22,1.972e-3,,1.042e+3,1.047e-18,2.122e-30,1.100e-18,3.104e-2,2.872e-12,,2.584e-28,1.979e-43,1.247e-21,2.614e-19,1.056e-17,4.146e+0,9.679e-5,6.582e-23,8.798e-12,1.326e+1,,3.405e+0,6.275e+1,2.669e+1,5.481e-28,2.902e-21,3.401e-24,,,,,,,,,,,,1.215e-21,,,,,,,,,6.422e-22,,1.091e-14,4.499e+2,,4.349e-18
265.63,1.558e+3,6.245e-21,4.444e-20,3.122e-37,,8.721e-17,4.180e-61,2.562e-22,2.875e-3,,1.077e+3,2.468e-19,2.127e-30,1.107e-18,3.314e-2,2.724e-12,,2.586e-28,1.997e-43,1.248e-21,2.616e-19,9.933e-18,4.570e+0,4.178e-5,6.601e-23,2.558e-11,1.346e+1,,3.330e+0,6.249e+1,2.880e+1,5.401e-28,2.903e-21,3.415e-24,,,,,,,,,,,,1.216e-21,,,,,,,,,6.420e-22,,3.901e-14,3.685e+2,,4.334e-18
265.65,1.580e+3,6.240e-21,2.177e-20,6.555e-37,,1.118e-16,4.167e-61,2.562e-22,3.646e-3,,1.148e+3,9.291e-20,2.131e-30,1.111e-18,3.459e-2,2.595e-12,,2.587e-28,2.009e-43,1.248e-21,2.617e-19,9.409e-18,4.825e+0,2.353e-5,6.613e-23,5.140e-11,1.371e+1,,3.244e+0,6.148e+1,3.030e+1,5.348e-28,2.904e-21,3.424e-24,,,,,,,,,,,,1.217e-21,,,,,,,,,6.419e-22,,9.001e-14,3.182e+2,,4.324e-18
265.68,1.693e+3,6.231e-21,7.315e-21,1.955e-36,,1.591e-16,4.147e-61,2.563e-22,5.104e-3,,1.329e+3,2.081e-20,2.137e-30,1.118e-18,3.690e-2,2.363e-12,,2.589e-28,2.027e-43,1.249e-21,2.619e-19,8.499e-18,5.160e+0,9.750e-6,6.632e-23,1.435e-10,1.424e+1,,3.066e+0,5.879e+1,3.259e+1,5.268e-28,2.905e-21,3.437e-24,,,,,,,,,,,,1.218e-21,,,,,,,,,6.417e-22,,3.091e-13,2.502e+2,,4.310e-18
265.7,1.823e+3,6.226e-21,3.488e-21,3.996e-36,,1.985e-16,4.134e-61,2.563e-22,6.302e-3,,1.499e+3,7.628e-21,2.140e-30,1.123e-18,3.856e-2,2.190e-12,,2.590e-28,2.039e-43,1.250e-21,2.620e-19,7.834e-18,5.352e+0,5.344e-6,6.645e-23,2.808e-10,1.466e+1,,2.919e+0,5.630e+1,3.409e+1,5.214e-28,2.905e-21,3.446e-24,,,,,,,,,,,,1.219e-21,,,,,,,,,6.416e-22,,6.944e-13,2.103e+2,,4.300e-18
265.73,2.099e+3,6.218e-21,1.125e-21,1.145e-35,,2.712e-16,4.115e-61,2.564e-22,8.472e-3,,1.829e+3,1.401e-21,2.146e-30,1.130e-18,4.125e-2,1.915e-12,,2.591e-28,2.057e-43,1.251e-21,2.622e-19,6.794e-18,5.599e+0,2.125e-6,6.664e-23,7.533e-10,1.535e+1,,2.665e+0,5.169e+1,3.621e+1,5.134e-28,2.907e-21,3.460e-24,,,,,,,,,,,,1.220e-21,,,,,,,,,6.415e-22,,2.291e-12,1.588e+2,,4.285e-18
265.75,2.335e+3,6.212e-21,5.221e-22,2.279e-35,,3.295e-16,4.102e-61,2.564e-22,1.018e-2,,2.095e+3,5.013e-22,2.150e-30,1.134e-18,4.318e-2,1.727e-12,,2.592e-28,2.069e-43,1.251e-21,2.623e-19,6.095e-18,5.743e+0,1.134e-6,6.676e-23,1.435e-9,1.581e+1,,2.480e+0,4.817e+1,3.750e+1,5.080e-28,2.907e-21,3.469e-24,,,,,,,,,,,,1.221e-21,,,,,,,,,6.414e-22,,5.010e-12,1.298e+2,,4.275e-18
265.78,2.758e+3,6.204e-21,1.617e-22,6.276e-35,,4.323e-16,4.082e-61,2.565e-22,1.314e-2,,2.557e+3,1.502e-21,2.155e-30,1.141e-18,4.623e-2,1.450e-12,,2.594e-28,2.087e-43,1.252e-21,2.625e-19,5.075e-18,5.946e+0,4.326e-7,6.695e-23,3.697e-9,1.641e+1,,2.190e+0,4.247e+1,3.922e+1,5.000e-28,2.908e-21,3.483e-24,,,,,,,,,,,,1.222e-21,,,,,,,,,6.412e-22,,1.588e-11,9.411e+1,,4.261e-18
265.8,3.078e+3,6.198e-21,7.303e-23,1.217e-34,,5.111e-16,4.069e-61,2.565e-22,1.537e-2,,2.900e+3,2.169e-21,2.159e-30,1.146e-18,4.833e-2,1.273e-12,,2.595e-28,2.099e-43,1.253e-21,2.626e-19,4.432e-18,6.088e+0,2.245e-7,6.708e-23,6.855e-9,1.672e+1,,1.995e+0,3.852e+1,4.024e+1,4.947e-28,2.909e-21,3.492e-24,,,,,,,,,,,,1.223e-21,,,,,,,,,6.411e-22,,3.380e-11,7.491e+1,,4.251e-18
265.82,3.423e+3,6.193e-21,3.262e-23,2.334e-34,,5.978e-16,4.056e-61,2.565e-22,1.779e-2,,3.264e+3,2.836e-21,2.163e-30,1.150e-18,5.041e-2,1.105e-12,,2.596e-28,2.111e-43,1.253e-21,2.627e-19,3.828e-18,6.245e+0,1.153e-7,6.721e-23,1.257e-8,1.692e+1,,1.803e+0,3.456e+1,4.120e+1,4.893e-28,2.910e-21,3.501e-24,,,,,,,,,,,,1.223e-21,,,,,,,,,6.410e-22,,7.119e-11,5.898e+1,,4.241e-18
265.85,3.970e+3,6.185e-21,9.544e-24,6.077e-34,,7.410e-16,4.037e-61,2.566e-22,2.169e-2,,3.833e+3,3.836e-21,2.168e-30,1.157e-18,5.339e-2,8.767e-13,,2.597e-28,2.129e-43,1.254e-21,2.629e-19,3.011e-18,6.537e+0,4.154e-8,6.739e-23,3.062e-8,1.699e+1,,1.530e+0,2.879e+1,4.268e+1,4.813e-28,2.911e-21,3.514e-24,,,,,,,,,,,,1.225e-21,,,,,,,,,6.408e-22,,2.133e-10,4.038e+1,,4.227e-18
265.87,4.341e+3,6.179e-21,4.149e-24,1.135e-33,,8.436e-16,4.024e-61,2.566e-22,2.443e-2,,4.216e+3,4.503e-21,2.172e-30,1.162e-18,5.517e-2,7.409e-13,,2.598e-28,2.141e-43,1.255e-21,2.630e-19,2.531e-18,6.782e+0,2.075e-8,6.752e-23,5.469e-8,1.687e+1,,1.360e+0,2.515e+1,4.386e+1,4.759e-28,2.912e-21,3.523e-24,,,,,,,,,,,,1.225e-21,,,,,,,,,6.407e-22,,4.373e-10,3.094e+1,,4.217e-18
265.9,4.883e+3,6.171e-21,1.165e-24,2.841e-33,,1.004e-15,4.004e-61,2.567e-22,2.862e-2,,4.771e+3,5.503e-21,2.178e-30,1.169e-18,5.737e-2,5.641e-13,,2.600e-28,2.159e-43,1.256e-21,2.632e-19,1.911e-18,7.247e+0,7.178e-9,6.771e-23,1.279e-7,1.641e+1,,1.130e+0,2.013e+1,4.629e+1,4.679e-28,2.913e-21,3.537e-24,,,,,,,,,,,,1.226e-21,,,,,,,,,6.406e-22,,1.259e-9,2.034e+1,,4.202e-18
265.92,5.220e+3,6.165e-21,4.929e-25,5.167e-33,,1.113e-15,3.991e-61,2.567e-22,3.137e-2,,5.115e+3,6.170e-21,2.181e-30,1.173e-18,5.842e-2,4.640e-13,,2.601e-28,2.171e-43,1.256e-21,2.633e-19,1.564e-18,7.630e+0,3.489e-9,6.784e-23,2.224e-7,1.593e+1,,9.955e-1,1.714e+1,4.867e+1,4.626e-28,2.914e-21,3.546e-24,,,,,,,,,,,,1.227e-21,,,,,,,,,6.405e-22,,2.513e-9,1.517e+1,,4.192e-18
265.95,5.667e+3,6.157e-21,1.329e-25,1.243e-32,,1.272e-15,3.972e-61,2.568e-22,3.528e-2,,5.566e+3,7.170e-21,2.187e-30,1.180e-18,5.920e-2,3.392e-13,,2.602e-28,2.189e-43,1.257e-21,2.635e-19,1.134e-18,8.315e+0,1.158e-9,6.802e-23,4.998e-7,1.497e+1,,8.215e-1,1.323e+1,5.401e+1,4.545e-28,2.915e-21,3.560e-24,,,,,,,,,,,,1.228e-21,,,,,,,,,6.403e-22,,6.946e-9,9.570e+0,,4.178e-18
265.97,5.911e+3,6.151e-21,5.470e-26,2.202e-32,,1.372e-15,3.959e-61,2.568e-22,3.765e-2,,5.810e+3,7.837e-21,2.191e-30,1.185e-18,5.913e-2,2.716e-13,,2.604e-28,2.202e-43,1.258e-21,2.636e-19,9.027e-19,8.842e+0,5.479e-10,6.815e-23,8.459e-7,1.421e+1,,7.243e-1,1.102e+1,5.921e+1,4.492e-28,2.916e-21,3.569e-24,,,,,,,,,,,,1.229e-21,,,,,,,,,6.402e-22,,1.350e-8,6.946e+0,,4.168e-18
266,6.180e+3,6.143e-21,1.415e-26,5.091e-32,,1.506e-15,3.939e-61,2.569e-22,4.066e-2,,6.074e+3,8.838e-21,2.196e-30,1.191e-18,5.807e-2,1.906e-13,,2.605e-28,2.220e-43,1.259e-21,2.638e-19,6.284e-19,9.716e+0,1.746e-10,6.834e-23,1.826e-6,1.293e+1,,6.053e-1,8.303e+0,7.037e+1,4.412e-28,2.917e-21,3.582e-24,,,,,,,,,,,,1.230e-21,,,,,,,,,6.400e-22,,3.585e-8,4.208e+0,,4.153e-18
266.02,6.286e+3,6.138e-21,5.670e-27,8.785e-32,,1.581e-15,3.926e-61,2.569e-22,4.223e-2,,6.173e+3,9.505e-21,2.200e-30,1.196e-18,5.673e-2,1.485e-13,,2.606e-28,2.232e-43,1.259e-21,2.639e-19,4.869e-19,1.034e+1,8.035e-11,6.847e-23,3.009e-6,1.202e+1,,5.427e-1,6.881e+0,8.066e+1,4.358e-28,2.918e-21,3.591e-24,,,,,,,,,,,,1.231e-21,,,,,,,,,6.399e-22,,6.783e-8,2.972e+0,,4.144e-18
266.05,6.328e+3,6.129e-21,1.408e-27,1.952e-31,,1.667e-15,3.907e-61,2.570e-22,4.380e-2,,6.197e+3,1.050e-20,2.206e-30,1.203e-18,5.381e-2,1.001e-13,,2.608e-28,2.250e-43,1.260e-21,2.641e-19,3.255e-19,1.128e+1,2.458e-11,6.865e-23,6.238e-6,1.067e+1,,4.714e-1,5.309e+0,1.014e+2,4.278e-28,2.919e-21,3.605e-24,,,,,,,,,,,,1.232e-21,,,,,,,,,6.398e-22,,1.730e-7,1.729e+0,,4.129e-18
266.07,6.278e+3,6.124e-21,5.487e-28,3.282e-31,,1.703e-15,3.894e-61,2.570e-22,4.427e-2,,6.130e+3,1.117e-20,2.209e-30,1.208e-18,5.131e-2,7.588e-14,,2.609e-28,2.262e-43,1.261e-21,2.642e-19,2.454e-19,1.189e+1,1.101e-11,6.878e-23,1.001e-5,9.822e+0,,4.374e-1,4.625e+0,1.195e+2,4.224e-28,2.919e-21,3.614e-24,,,,,,,,,,,,1.233e-21,,,,,,,,,6.397e-22,,3.188e-7,1.188e+0,,4.119e-18
266.1,6.091e+3,6.116e-21,1.308e-28,7.012e-31,,1.724e-15,3.874e-61,2.571e-22,4.409e-2,,5.911e+3,1.217e-20,2.215e-30,1.214e-18,4.689e-2,4.910e-14,,2.610e-28,2.280e-43,1.262e-21,2.644e-19,1.575e-19,1.272e+1,3.231e-12,6.897e-23,1.993e-5,8.695e+0,,4.044e-1,4.139e+0,1.539e+2,4.144e-28,2.921e-21,3.628e-24,,,,,,,,,,,,1.234e-21,,,,,,,,,6.395e-22,,7.811e-7,6.635e-1,,4.104e-18
266.12,5.900e+3,6.110e-21,4.963e-29,1.148e-30,,1.714e-15,3.862e-61,2.571e-22,4.338e-2,,5.691e+3,1.284e-20,2.219e-30,1.219e-18,4.360e-2,3.623e-14,,2.611e-28,2.292e-43,1.262e-21,2.645e-19,1.156e-19,1.318e+1,1.408e-12,6.910e-23,3.113e-5,8.086e+0,,3.932e-1,4.185e+0,1.823e+2,4.091e-28,2.921e-21,3.637e-24,,,,,,,,,,,,1.235e-21,,,,,,,,,6.394e-22,,1.401e-6,4.439e-1,,4.095e-18
266.15,5.530e+3,6.102e-21,1.131e-29,2.359e-30,,1.667e-15,3.842e-61,2.571e-22,4.149e-2,,5.269e+3,1.384e-20,2.224e-30,1.226e-18,3.834e-2,2.251e-14,,2.613e-28,2.310e-43,1.263e-21,2.647e-19,7.123e-20,1.371e+1,3.968e-13,6.928e-23,5.957e-5,7.450e+0,,3.913e-1,4.846e+0,2.340e+2,4.011e-28,2.923e-21,3.650e-24,,,,,,,,,,,,1.236e-21,,,,,,,,,6.392e-22,,3.298e-6,2.380e-1,,4.080e-18
266.17,5.240e+3,6.096e-21,4.174e-30,3.763e-30,,1.613e-15,3.829e-61,2.572e-22,3.974e-2,,4.938e+3,1.451e-20,2.228e-30,1.230e-18,3.474e-2,1.617e-14,,2.614e-28,2.322e-43,1.264e-21,2.648e-19,5.088e-20,1.391e+1,1.682e-13,6.941e-23,9.059e-5,7.245e+0,,3.998e-1,5.723e+0,2.748e+2,3.957e-28,2.923e-21,3.659e-24,,,,,,,,,,,,1.237e-21,,,,,,,,,6.391e-22,,5.757e-6,1.549e-1,,4.070e-18
266.2,4.765e+3,6.088e-21,9.173e-31,7.434e-30,,1.506e-15,3.810e-61,2.572e-22,3.650e-2,,4.390e+3,1.551e-20,2.233e-30,1.237e-18,2.937e-2,9.642e-15,,2.615e-28,2.340e-43,1.265e-21,2.650e-19,3.010e-20,1.398e+1,4.550e-14,6.960e-23,1.665e-4,7.316e+0,,4.271e-1,7.788e+0,3.454e+2,3.877e-28,2.924e-21,3.673e-24,,,,,,,,,,,,1.238e-21,,,,,,,,,6.390e-22,,1.302e-5,7.974e-2,,4.056e-18
266.22,4.435e+3,6.083e-21,3.295e-31,1.155e-29,,1.419e-15,3.797e-61,2.573e-22,3.402e-2,,4.005e+3,1.617e-20,2.237e-30,1.242e-18,2.591e-2,6.740e-15,,2.616e-28,2.352e-43,1.265e-21,2.651e-19,2.093e-20,1.386e+1,1.877e-14,6.973e-23,2.466e-4,7.637e+0,,4.556e-1,9.736e+0,3.987e+2,3.823e-28,2.925e-21,3.682e-24,,,,,,,,,,,,1.239e-21,,,,,,,,,6.389e-22,,2.213e-5,5.052e-2,,4.046e-18
266.24,4.105e+3,6.077e-21,3.275e-31,1.777e-29,,1.323e-15,3.784e-61,2.573e-22,3.137e-2,,3.614e+3,1.684e-20,2.241e-30,1.246e-18,2.262e-2,4.661e-15,,2.617e-28,2.364e-43,1.266e-21,2.653e-19,1.439e-20,1.361e+1,7.661e-15,6.985e-23,3.613e-4,8.189e+0,,4.932e-1,1.221e+1,4.566e+2,3.770e-28,2.926e-21,3.691e-24,,,,,,,,,,,,1.239e-21,,,,,,,,,6.388e-22,,3.722e-5,3.167e-2,,4.036e-18
266.27,3.627e+3,6.069e-21,3.245e-31,3.325e-29,,1.167e-15,3.764e-61,2.574e-22,2.722e-2,,3.036e+3,1.784e-20,2.246e-30,1.253e-18,1.809e-2,2.626e-15,,2.619e-28,2.382e-43,1.267e-21,2.654e-19,8.042e-21,1.299e+1,1.957e-15,7.004e-23,6.280e-4,9.463e+0,,5.685e-1,1.704e+1,5.509e+2,3.690e-28,2.927e-21,3.704e-24,,,,,,,,,,,,1.241e-21,,,,,,,,,6.386e-22,,7.955e-5,1.539e-2,,4.021e-18
266.29,3.329e+3,6.063e-21,3.225e-31,4.984e-29,,1.059e-15,3.751e-61,2.574e-22,2.443e-2,,2.666e+3,1.851e-20,2.250e-30,1.258e-18,1.538e-2,1.767e-15,,2.620e-28,2.394e-43,1.267e-21,2.656e-19,5.382e-21,1.244e+1,7.770e-16,7.017e-23,8.960e-4,1.061e+1,,6.329e-1,2.111e+1,6.176e+2,3.636e-28,2.928e-21,3.714e-24,,,,,,,,,,,,1.241e-21,,,,,,,,,6.385e-22,,1.302e-4,9.390e-3,,4.012e-18
266.32,2.926e+3,6.055e-21,3.194e-31,8.973e-29,,8.966e-16,3.732e-61,2.575e-22,2.036e-2,,2.151e+3,1.951e-20,2.256e-30,1.265e-18,1.182e-2,9.559e-16,,2.622e-28,2.412e-43,1.268e-21,2.657e-19,2.888e-21,1.145e+1,1.905e-16,7.036e-23,1.497e-3,1.276e+1,,7.531e-1,2.862e+1,7.214e+2,3.556e-28,2.929e-21,3.727e-24,,,,,,,,,,,,1.242e-21,,,,,,,,,6.383e-22,,2.674e-4,4.383e-3,,3.997e-18
266.34,2.691e+3,6.050e-21,3.174e-31,1.311e-28,,7.919e-16,3.719e-61,2.575e-22,1.779e-2,,1.839e+3,2.017e-20,2.259e-30,1.269e-18,9.786e-3,6.261e-16,,2.623e-28,2.424e-43,1.269e-21,2.659e-19,1.881e-21,1.070e+1,7.359e-17,7.048e-23,2.080e-3,1.446e+1,,8.505e-1,3.463e+1,7.913e+2,3.502e-28,2.930e-21,3.736e-24,,,,,,,,,,,,1.243e-21,,,,,,,,,6.382e-22,,4.263e-4,2.602e-3,,3.987e-18
266.37,2.392e+3,6.041e-21,3.144e-31,2.271e-28,,6.442e-16,3.699e-61,2.576e-22,1.423e-2,,1.424e+3,2.118e-20,2.265e-30,1.276e-18,7.239e-3,3.252e-16,,2.624e-28,2.443e-43,1.270e-21,2.661e-19,9.690e-22,9.514e+0,1.732e-17,7.067e-23,3.339e-3,1.736e+1,,1.024e+0,4.523e+1,8.942e+2,3.422e-28,2.931e-21,3.750e-24,,,,,,,,,,,,1.244e-21,,,,,,,,,6.381e-22,,8.408e-4,1.166e-3,,3.973e-18
266.39,2.228e+3,6.036e-21,3.124e-31,3.234e-28,,5.539e-16,3.686e-61,2.576e-22,1.210e-2,,1.185e+3,2.184e-20,2.269e-30,1.281e-18,5.854e-3,2.073e-16,,2.625e-28,2.455e-43,1.270e-21,2.662e-19,6.143e-22,8.714e+0,6.510e-18,7.080e-23,4.519e-3,1.949e+1,,1.158e+0,5.336e+1,9.597e+2,3.369e-28,2.932e-21,3.759e-24,,,,,,,,,,,,1.245e-21,,,,,,,,,6.380e-22,,1.305e-3,6.735e-4,,3.963e-18
266.42,2.030e+3,6.028e-21,3.094e-31,5.393e-28,,4.330e-16,3.667e-61,2.576e-22,9.299e-3,,8.815e+2,2.284e-20,2.274e-30,1.288e-18,4.198e-3,1.034e-16,,2.627e-28,2.473e-43,1.271e-21,2.664e-19,3.038e-22,7.558e+0,1.470e-18,7.099e-23,6.977e-3,2.288e+1,,1.386e+0,6.704e+1,1.050e+3,3.288e-28,2.933e-21,3.772e-24,,,,,,,,,,,,1.246e-21,,,,,,,,,6.378e-22,,2.472e-3,2.898e-4,,3.948e-18
266.44,1.927e+3,6.022e-21,3.074e-31,7.488e-28,,3.628e-16,3.654e-61,2.577e-22,7.697e-3,,7.140e+2,2.351e-20,2.278e-30,1.292e-18,3.344e-3,6.412e-17,,2.628e-28,2.485e-43,1.272e-21,2.665e-19,1.875e-22,6.849e+0,5.379e-19,7.111e-23,9.200e-3,2.522e+1,,1.554e+0,7.706e+1,1.103e+3,3.235e-28,2.934e-21,3.781e-24,,,,,,,,,,,,1.247e-21,,,,,,,,,6.377e-22,,3.735e-3,1.629e-4,,3.938e-18
266.47,1.808e+3,6.014e-21,3.044e-31,1.202e-27,,2.732e-16,3.634e-61,2.577e-22,5.679e-3,,5.100e+2,2.451e-20,2.284e-30,1.299e-18,2.386e-3,3.070e-17,,2.629e-28,2.503e-43,1.273e-21,2.667e-19,8.902e-23,5.928e+0,1.166e-19,7.130e-23,1.366e-2,2.873e+1,,1.824e+0,9.313e+1,1.168e+3,3.155e-28,2.935e-21,3.795e-24,,,,,,,,,,,,1.248e-21,,,,,,,,,6.375e-22,,6.797e-3,6.729e-5,,3.924e-18
266.49,1.746e+3,6.008e-21,3.024e-31,1.628e-27,,2.238e-16,3.621e-61,2.578e-22,4.575e-3,,4.020e+2,2.518e-20,2.287e-30,1.304e-18,1.932e-3,1.854e-17,,2.630e-28,2.515e-43,1.273e-21,2.668e-19,5.345e-23,5.436e+0,1.162e-19,7.143e-23,1.756e-2,3.101e+1,,2.013e+0,1.043e+2,1.201e+3,3.101e-28,2.935e-21,3.804e-24,,,,,,,,,,,,1.249e-21,,,,,,,,,6.374e-22,,9.998e-3,3.682e-5,,3.914e-18
266.52,1.672e+3,6.000e-21,2.994e-31,2.518e-27,,1.640e-16,3.602e-61,2.578e-22,3.242e-3,,2.757e+2,2.618e-20,2.293e-30,1.310e-18,1.487e-3,8.521e-18,,2.632e-28,2.533e-43,1.274e-21,2.670e-19,2.437e-23,4.916e+0,1.155e-19,7.162e-23,2.510e-2,3.423e+1,,2.299e+0,1.213e+2,1.234e+3,3.021e-28,2.937e-21,3.818e-24,,,,,,,,,,,,1.250e-21,,,,,,,,,6.373e-22,,1.748e-2,1.460e-5,,3.899e-18
266.54,1.631e+3,5.994e-21,2.973e-31,3.327e-27,,1.331e-16,3.589e-61,2.579e-22,2.542e-3,,2.116e+2,2.684e-20,2.297e-30,1.315e-18,1.325e-3,5.007e-18,,2.633e-28,2.545e-43,1.275e-21,2.671e-19,1.424e-23,4.731e+0,1.151e-19,7.174e-23,3.145e-2,3.619e+1,,2.486e+0,1.324e+2,1.243e+3,2.967e-28,2.937e-21,3.827e-24,,,,,,,,,,,,1.251e-21,,,,,,,,,6.372e-22,,2.503e-2,7.775e-6,,3.890e-18
266.57,1.572e+3,5.986e-21,2.943e-31,4.959e-27,,9.873e-17,3.569e-61,2.579e-22,1.730e-3,,1.393e+2,2.784e-20,2.302e-30,1.322e-18,1.257e-3,2.210e-18,,2.634e-28,2.563e-43,1.276e-21,2.673e-19,6.234e-24,4.719e+0,1.144e-19,7.193e-23,4.330e-2,3.877e+1,,2.749e+0,1.483e+2,1.238e+3,2.887e-28,2.938e-21,3.840e-24,,,,,,,,,,,,1.252e-21,,,,,,,,,6.370e-22,,4.204e-2,2.960e-6,,3.875e-18
266.59,1.533e+3,5.981e-21,2.923e-31,6.392e-27,,8.317e-17,3.556e-61,2.580e-22,1.320e-3,,1.041e+2,2.851e-20,2.306e-30,1.327e-18,1.315e-3,1.264e-18,,2.635e-28,2.575e-43,1.276e-21,2.674e-19,3.546e-24,4.894e+0,1.139e-19,7.206e-23,5.293e-2,4.020e+1,,2.906e+0,1.579e+2,1.223e+3,2.834e-28,2.939e-21,3.849e-24,,,,,,,,,,,,1.253e-21,,,,,,,,,6.369e-22,,5.860e-2,1.534e-6,,3.865e-18
266.61,1.491e+3,5.975e-21,2.903e-31,8.160e-27,,7.303e-17,3.544e-61,2.580e-22,9.967e-4,,7.689e+1,2.918e-20,2.310e-30,1.331e-18,1.450e-3,7.149e-19,,2.636e-28,2.587e-43,1.277e-21,2.675e-19,1.995e-24,5.217e+0,1.135e-19,7.218e-23,6.409e-2,4.140e+1,,3.043e+0,1.666e+2,1.198e+3,2.780e-28,2.940e-21,3.858e-24,,,,,,,,,,,,1.253e-21,,,,,,,,,6.368e-22,,8.083e-2,7.863e-7,,3.855e-18
266.64,1.421e+3,5.967e-21,2.873e-31,1.156e-26,,6.742e-17,3.524e-61,2.581e-22,6.408e-4,,4.785e+1,3.018e-20,2.315e-30,1.338e-18,1.787e-3,2.981e-19,,2.638e-28,2.605e-43,1.278e-21,2.677e-19,8.249e-25,5.978e+0,1.128e-19,7.237e-23,8.390e-2,4.274e+1,,3.203e+0,1.772e+2,1.144e+3,2.700e-28,2.941e-21,3.872e-24,,,,,,,,,,,,1.255e-21,,,,,,,,,6.366e-22,,1.283e-1,2.828e-7,,3.841e-18
266.66,1.368e+3,5.961e-21,2.853e-31,1.441e-26,,6.992e-17,3.511e-61,2.581e-22,4.709e-4,,3.441e+1,3.085e-20,2.319e-30,1.343e-18,2.098e-3,1.641e-19,,2.639e-28,2.617e-43,1.278e-21,2.678e-19,4.517e-25,6.660e+0,1.124e-19,7.250e-23,9.925e-2,4.334e+1,,3.276e+0,1.824e+2,1.098e+3,2.647e-28,2.942e-21,3.881e-24,,,,,,,,,,,,1.255e-21,,,,,,,,,6.365e-22,,1.723e-1,1.411e-7,,3.831e-18
266.69,1.281e+3,5.953e-21,2.823e-31,1.969e-26,,8.316e-17,3.492e-61,2.581e-22,2.907e-4,,2.056e+1,3.185e-20,2.325e-30,1.349e-18,2.689e-3,6.569e-20,,2.641e-28,2.635e-43,1.279e-21,2.680e-19,1.793e-25,7.922e+0,1.117e-19,7.269e-23,1.256e-1,4.383e+1,,3.330e+0,1.873e+2,1.018e+3,2.566e-28,2.943e-21,3.895e-24,,,,,,,,,,,,1.257e-21,,,,,,,,,6.364e-22,,2.628e-1,4.871e-8,,3.816e-18
266.71,1.217e+3,5.948e-21,2.803e-31,2.398e-26,,9.863e-17,3.479e-61,2.582e-22,2.080e-4,,1.439e+1,3.251e-20,2.328e-30,1.354e-18,3.161e-3,3.520e-20,,2.642e-28,2.647e-43,1.280e-21,2.681e-19,9.556e-26,8.900e+0,1.113e-19,7.281e-23,1.453e-1,4.393e+1,,3.330e+0,1.886e+2,9.576e+2,2.513e-28,2.944e-21,3.904e-24,,,,,,,,,,,,1.257e-21,,,,,,,,,6.363e-22,,3.435e-1,2.365e-8,,3.807e-18
266.74,1.115e+3,5.939e-21,2.773e-31,3.166e-26,,1.327e-16,3.459e-61,2.582e-22,1.233e-4,,8.258e+0,3.351e-20,2.334e-30,1.361e-18,3.978e-3,1.353e-20,,2.643e-28,2.666e-43,1.281e-21,2.683e-19,3.643e-26,1.053e+1,1.106e-19,7.300e-23,1.781e-1,4.380e+1,,3.280e+0,1.873e+2,8.613e+2,2.433e-28,2.945e-21,3.917e-24,,,,,,,,,,,,1.258e-21,,,,,,,,,6.361e-22,,5.033e-1,7.838e-9,,3.792e-18
266.76,1.044e+3,5.934e-21,2.753e-31,3.767e-26,,1.633e-16,3.446e-61,2.583e-22,8.583e-5,,5.626e+0,3.418e-20,2.338e-30,1.365e-18,4.587e-3,7.055e-21,,2.644e-28,2.678e-43,1.281e-21,2.684e-19,1.889e-26,1.168e+1,1.102e-19,7.313e-23,2.019e-1,4.359e+1,,3.218e+0,1.845e+2,7.945e+2,2.379e-28,2.946e-21,3.926e-24,,,,,,,,,,,,1.259e-21,,,,,,,,,6.360e-22,,6.405e-1,3.704e-9,,3.782e-18
266.79,9.349e+2,5.926e-21,2.722e-31,4.807e-26,,2.223e-16,3.427e-61,2.583e-22,4.886e-5,,3.100e+0,3.518e-20,2.343e-30,1.372e-18,5.576e-3,2.603e-21,,2.646e-28,2.696e-43,1.282e-21,2.686e-19,6.914e-27,1.345e+1,1.095e-19,7.332e-23,2.403e-1,4.319e+1,,3.094e+0,1.776e+2,6.933e+2,2.299e-28,2.947e-21,3.940e-24,,,,,,,,,,,,1.260e-21,,,,,,,,,6.359e-22,,9.013e-1,1.179e-9,,3.768e-18
266.81,8.623e+2,5.920e-21,2.702e-31,5.593e-26,,2.710e-16,3.414e-61,2.584e-22,3.311e-5,,2.056e+0,3.585e-20,2.347e-30,1.377e-18,6.271e-3,1.321e-21,,2.647e-28,2.708e-43,1.283e-21,2.687e-19,3.490e-27,1.461e+1,1.091e-19,7.344e-23,2.676e-1,4.292e+1,,2.999e+0,1.715e+2,6.268e+2,2.245e-28,2.948e-21,3.949e-24,,,,,,,,,,,,1.261e-21,,,,,,,,,6.357e-22,,1.117e+0,5.420e-10,,3.758e-18
266.84,7.558e+2,5.912e-21,2.672e-31,6.907e-26,,3.590e-16,3.394e-61,2.584e-22,1.810e-5,,1.088e+0,3.685e-20,2.352e-30,1.384e-18,7.334e-3,4.681e-22,,2.648e-28,2.726e-43,1.284e-21,2.689e-19,1.226e-27,1.624e+1,1.084e-19,7.363e-23,3.104e-1,4.261e+1,,2.855e+0,1.605e+2,5.307e+2,2.165e-28,2.949e-21,3.962e-24,,,,,,,,,,,,1.262e-21,,,,,,,,,6.356e-22,,1.510e+0,1.656e-10,,3.743e-18
266.86,6.878e+2,5.906e-21,2.652e-31,7.865e-26,,4.279e-16,3.381e-61,2.585e-22,1.194e-5,,7.020e-1,3.751e-20,2.356e-30,1.388e-18,8.033e-3,2.312e-22,,2.649e-28,2.738e-43,1.284e-21,2.690e-19,6.024e-28,1.721e+1,1.079e-19,7.376e-23,3.401e-1,4.251e+1,,2.768e+0,1.521e+2,4.703e+2,2.112e-28,2.950e-21,3.971e-24,,,,,,,,,,,,1.263e-21,,,,,,,,,6.355e-22,,1.821e+0,7.411e-11,,3.733e-18
266.89,5.921e+2,5.898e-21,2.622e-31,9.407e-26,,5.463e-16,3.362e-61,2.585e-22,6.268e-6,,3.567e-1,3.851e-20,2.362e-30,1.395e-18,9.027e-3,7.866e-23,,2.651e-28,2.756e-43,1.285e-21,2.692e-19,2.032e-28,1.841e+1,1.073e-19,7.395e-23,3.858e-1,4.261e+1,,2.669e+0,1.387e+2,3.866e+2,2.031e-28,2.951e-21,3.985e-24,,,,,,,,,,,,1.264e-21,,,,,,,,,6.353e-22,,2.365e+0,2.174e-11,,3.719e-18
266.91,5.333e+2,5.893e-21,2.602e-31,1.049e-25,,6.346e-16,3.349e-61,2.586e-22,4.024e-6,,2.241e-1,3.918e-20,2.366e-30,1.400e-18,9.627e-3,3.781e-23,,2.652e-28,2.768e-43,1.286e-21,2.693e-19,9.717e-29,1.901e+1,1.068e-19,7.407e-23,4.169e-1,4.285e+1,,2.633e+0,1.293e+2,3.361e+2,1.978e-28,2.951e-21,3.994e-24,,,,,,,,,,,,1.265e-21,,,,,,,,,6.352e-22,,2.777e+0,9.467e-12,,3.709e-18
266.94,4.536e+2,5.884e-21,2.572e-31,1.217e-25,,7.788e-16,3.329e-61,2.586e-22,2.029e-6,,1.093e-1,4.018e-20,2.371e-30,1.407e-18,1.039e-2,1.235e-23,,2.653e-28,2.786e-43,1.287e-21,2.695e-19,3.148e-29,1.954e+1,1.062e-19,7.426e-23,4.642e-1,4.354e+1,,2.638e+0,1.151e+2,2.687e+2,1.898e-28,2.953e-21,4.008e-24,,,,,,,,,,,,1.266e-21,,,,,,,,,6.351e-22,,3.464e+0,2.666e-12,,3.694e-18
266.96,4.063e+2,5.879e-21,2.552e-31,1.330e-25,,8.809e-16,3.316e-61,2.586e-22,1.268e-6,,6.685e-2,4.085e-20,2.375e-30,1.411e-18,1.079e-2,5.778e-24,,2.654e-28,2.798e-43,1.287e-21,2.696e-19,1.465e-29,1.965e+1,1.057e-19,7.439e-23,4.959e-1,4.420e+1,,2.685e+0,1.057e+2,2.296e+2,1.844e-28,2.953e-21,4.017e-24,,,,,,,,,,,,1.267e-21,,,,,,,,,6.350e-22,,3.961e+0,1.130e-12,,3.685e-18
266.98,3.638e+2,5.873e-21,2.532e-31,1.442e-25,,9.859e-16,3.303e-61,2.587e-22,7.837e-7,,4.044e-2,4.152e-20,2.379e-30,1.416e-18,1.109e-2,2.674e-24,,2.655e-28,2.810e-43,1.288e-21,2.697e-19,6.756e-30,1.954e+1,1.053e-19,7.452e-23,5.275e-1,4.503e+1,,2.772e+0,9.650e+1,1.949e+2,1.791e-28,2.954e-21,4.026e-24,,,,,,,,,,,,1.268e-21,,,,,,,,,6.348e-22,,4.481e+0,4.738e-13,,3.675e-18
267.01,3.087e+2,5.865e-21,2.501e-31,1.605e-25,,1.144e-15,3.284e-61,2.587e-22,3.733e-7,,1.864e-2,4.252e-20,2.384e-30,1.423e-18,1.132e-2,8.251e-25,,2.657e-28,2.828e-43,1.289e-21,2.699e-19,2.126e-30,1.899e+1,1.046e-19,7.470e-23,5.745e-1,4.651e+1,,2.976e+0,8.330e+1,1.510e+2,1.711e-28,2.955e-21,4.039e-24,,,,,,,,,,,,1.269e-21,,,,,,,,,6.347e-22,,5.283e+0,1.260e-13,,3.660e-18
267.03,2.774e+2,5.859e-21,2.481e-31,1.708e-25,,1.246e-15,3.271e-61,2.588e-22,2.246e-7,,1.098e-2,4.318e-20,2.388e-30,1.427e-18,1.132e-2,3.716e-25,,2.658e-28,2.840e-43,1.289e-21,2.700e-19,1.086e-30,1.839e+1,1.042e-19,7.483e-23,6.052e-1,4.763e+1,,3.160e+0,7.498e+1,1.268e+2,1.657e-28,2.956e-21,4.048e-24,,,,,,,,,,,,1.270e-21,,,,,,,,,6.346e-22,,5.818e+0,5.143e-14,,3.650e-18
267.06,2.377e+2,5.851e-21,2.451e-31,1.848e-25,,1.389e-15,3.251e-61,2.588e-22,1.027e-7,,4.859e-3,4.418e-20,2.393e-30,1.434e-18,1.111e-2,1.101e-25,,2.660e-28,2.858e-43,1.290e-21,2.702e-19,9.129e-31,1.718e+1,1.035e-19,7.502e-23,6.497e-1,4.938e+1,,3.501e+0,6.336e+1,9.707e+1,1.577e-28,2.957e-21,4.062e-24,,,,,,,,,,,,1.271e-21,,,,,,,,,6.344e-22,,6.590e+0,1.313e-14,,3.636e-18
267.08,2.156e+2,5.846e-21,2.431e-31,1.930e-25,,1.474e-15,3.238e-61,2.589e-22,6.017e-8,,2.784e-3,4.485e-20,2.397e-30,1.439e-18,1.083e-2,4.826e-26,,2.661e-28,2.870e-43,1.291e-21,2.703e-19,1.705e-30,1.619e+1,1.031e-19,7.515e-23,6.779e-1,5.053e+1,,3.765e+0,5.622e+1,8.118e+1,1.523e-28,2.958e-21,4.071e-24,,,,,,,,,,,,1.271e-21,,,,,,,,,6.343e-22,,7.066e+0,5.215e-15,,3.626e-18
267.11,1.880e+2,5.837e-21,2.401e-31,2.032e-25,,1.579e-15,3.219e-61,2.589e-22,2.643e-8,,1.184e-3,4.585e-20,2.403e-30,1.446e-18,1.023e-2,1.372e-26,,2.662e-28,1.301e-42,1.292e-21,2.705e-19,6.084e-30,1.452e+1,1.024e-19,7.533e-23,7.171e-1,5.209e+1,,4.199e+0,4.648e+1,6.229e+1,1.443e-28,2.959e-21,4.085e-24,,,,,,,,,,,,1.273e-21,,,,,,,,,6.342e-22,,7.688e+0,1.279e-15,,3.611e-18
267.13,1.727e+2,5.832e-21,2.381e-31,2.084e-25,,1.631e-15,3.206e-61,2.590e-22,1.506e-8,,6.602e-4,4.652e-20,2.406e-30,1.450e-18,9.736e-3,5.856e-27,,2.663e-28,3.514e-42,1.292e-21,2.707e-19,1.459e-29,1.333e+1,1.019e-19,7.546e-23,7.405e-1,5.294e+1,,4.504e+0,4.065e+1,5.246e+1,1.390e-28,2.960e-21,4.094e-24,,,,,,,,,,,,1.273e-21,,,,,,,,,6.341e-22,,8.025e+0,4.942e-16,,3.602e-18
267.16,1.533e+2,5.824e-21,2.351e-31,2.136e-25,,1.678e-15,3.187e-61,2.590e-22,6.354e-9,,2.695e-4,4.752e-20,2.412e-30,1.457e-18,8.890e-3,1.599e-27,,2.665e-28,1.530e-41,1.293e-21,2.708e-19,5.343e-29,1.149e+1,1.013e-19,7.565e-23,7.707e-1,5.378e+1,,4.965e+0,3.288e+1,4.101e+1,1.309e-28,2.961e-21,4.107e-24,,,,,,,,,,,,1.274e-21,,,,,,,,,6.339e-22,,8.388e+0,1.163e-16,,3.587e-18
267.18,1.423e+2,5.818e-21,2.331e-31,2.151e-25,,1.688e-15,3.174e-61,2.591e-22,3.525e-9,,1.463e-4,4.818e-20,2.416e-30,1.462e-18,8.289e-3,6.639e-28,,2.666e-28,4.027e-41,1.294e-21,2.710e-19,1.253e-28,1.026e+1,1.008e-19,7.578e-23,7.868e-1,5.398e+1,,5.262e+0,2.835e+1,3.515e+1,1.256e-28,2.962e-21,4.116e-24,,,,,,,,,,,,1.275e-21,,,,,,,,,6.338e-22,,8.524e+0,4.375e-17,,3.577e-18
267.21,1.281e+2,5.810e-21,2.301e-31,2.145e-25,,1.670e-15,3.154e-61,2.591e-22,1.428e-9,,5.735e-5,4.919e-20,2.421e-30,1.468e-18,7.391e-3,1.741e-28,,2.667e-28,1.685e-40,1.295e-21,2.711e-19,4.415e-28,8.499e+0,1.002e-19,7.596e-23,8.040e-1,5.365e+1,,5.674e+0,2.251e+1,2.836e+1,1.176e-28,2.963e-21,4.130e-24,,,,,,,,,,,,1.276e-21,,,,,,,,,6.336e-22,,8.558e+0,9.888e-18,,3.562e-18
267.23,1.197e+2,5.804e-21,2.280e-31,2.121e-25,,1.636e-15,3.141e-61,2.591e-22,7.711e-10,,3.030e-5,4.985e-20,2.425e-30,1.473e-18,6.829e-3,7.034e-29,,2.668e-28,4.320e-40,1.295e-21,2.713e-19,1.009e-27,7.397e+0,9.972e-20,7.609e-23,8.104e-1,5.297e+1,,5.915e+0,1.924e+1,2.487e+1,1.122e-28,2.964e-21,4.139e-24,,,,,,,,,,,,1.277e-21,,,,,,,,,6.335e-22,,8.467e+0,3.619e-18,,3.553e-18
267.26,1.083e+2,5.796e-21,2.250e-31,2.058e-25,,1.558e-15,3.122e-61,2.592e-22,2.999e-10,,1.141e-5,5.085e-20,2.431e-30,1.480e-18,6.099e-3,1.771e-29,,2.670e-28,1.738e-39,1.296e-21,2.714e-19,3.414e-27,5.895e+0,9.906e-20,7.628e-23,8.120e-1,5.123e+1,,6.210e+0,1.528e+1,2.073e+1,1.042e-28,2.965e-21,4.153e-24,,,,,,,,,,,,1.278e-21,,,,,,,,,6.334e-22,,8.166e+0,7.853e-19,,3.538e-18
267.28,1.014e+2,5.791e-21,2.230e-31,1.997e-25,,1.489e-15,3.109e-61,2.592e-22,1.577e-10,,5.867e-6,5.152e-20,2.434e-30,1.484e-18,5.721e-3,6.964e-30,,2.671e-28,4.337e-39,1.297e-21,2.716e-19,7.596e-27,5.007e+0,9.861e-20,7.641e-23,8.076e-1,4.961e+1,,6.357e+0,1.325e+1,1.853e+1,9.884e-29,2.965e-21,4.162e-24,,,,,,,,,,,,1.279e-21,,,,,,,,,6.333e-22,,7.865e+0,7.845e-19,,3.528e-18
267.31,9.194e+1,5.782e-21,2.200e-31,1.883e-25,,1.366e-15,3.089e-61,2.593e-22,5.888e-11,,2.121e-6,5.252e-20,2.440e-30,1.491e-18,5.372e-3,1.683e-30,,2.672e-28,1.677e-38,1.298e-21,2.717e-19,2.471e-26,3.860e+0,9.795e-20,7.660e-23,7.932e-1,4.652e+1,,6.492e+0,1.116e+1,1.583e+1,9.082e-29,2.967e-21,4.175e-24,,,,,,,,,,,,1.280e-21,,,,,,,,,6.331e-22,,7.287e+0,7.832e-19,,3.514e-18
267.33,8.618e+1,5.777e-21,2.180e-31,1.792e-25,,1.276e-15,3.076e-61,2.593e-22,3.013e-11,,1.062e-6,5.319e-20,2.444e-30,1.496e-18,5.314e-3,6.443e-31,,2.673e-28,4.077e-38,1.298e-21,2.719e-19,5.355e-26,3.221e+0,9.750e-20,7.672e-23,7.787e-1,4.409e+1,,6.525e+0,1.041e+1,1.432e+1,8.547e-29,2.967e-21,4.184e-24,,,,,,,,,,,,1.281e-21,,,,,,,,,6.330e-22,,6.833e+0,7.824e-19,,3.504e-18
267.35,8.092e+1,5.771e-21,2.160e-31,1.693e-25,,1.182e-15,3.063e-61,2.594e-22,1.525e-11,,5.257e-7,5.385e-20,2.447e-30,1.500e-18,5.417e-3,2.439e-31,,2.674e-28,9.806e-38,1.299e-21,2.720e-19,1.148e-25,2.682e+0,9.706e-20,7.685e-23,7.610e-1,4.141e+1,,6.512e+0,1.022e+1,1.299e+1,8.012e-29,2.968e-21,4.193e-24,,,,,,,,,,,,1.282e-21,,,,,,,,,6.329e-22,,6.339e+0,7.816e-19,,3.494e-18
267.38,7.414e+1,5.763e-21,2.130e-31,1.531e-25,,1.041e-15,3.044e-61,2.594e-22,5.381e-12,,1.795e-7,5.485e-20,2.453e-30,1.507e-18,5.911e-3,5.569e-32,,2.676e-28,3.586e-37,1.300e-21,2.722e-19,3.533e-25,2.057e+0,9.639e-20,7.704e-23,7.296e-1,3.705e+1,,6.409e+0,1.108e+1,1.126e+1,7.210e-29,2.969e-21,4.207e-24,,,,,,,,,,,,1.283e-21,,,,,,,,,6.327e-22,,5.552e+0,7.803e-19,,3.479e-18
267.4,7.053e+1,5.758e-21,2.110e-31,1.416e-25,,9.496e-16,3.031e-61,2.595e-22,2.651e-12,,8.654e-8,5.552e-20,2.457e-30,1.512e-18,6.485e-3,2.052e-32,,2.677e-28,8.401e-37,1.300e-21,2.723e-19,7.376e-25,1.760e+0,9.595e-20,7.716e-23,7.066e-1,3.400e+1,,6.290e+0,1.248e+1,1.027e+1,6.675e-29,2.970e-21,4.216e-24,,,,,,,,,,,,1.284e-21,,,,,,,,,6.326e-22,,5.014e+0,7.795e-19,,3.470e-18
267.43,6.681e+1,5.749e-21,2.080e-31,1.241e-25,,8.235e-16,3.011e-61,2.595e-22,8.983e-13,,2.838e-8,5.652e-20,2.462e-30,1.519e-18,7.739e-3,4.499e-33,,2.679e-28,2.953e-36,1.301e-21,2.725e-19,2.182e-24,1.485e+0,9.528e-20,7.735e-23,6.713e-1,2.937e+1,,6.047e+0,1.603e+1,8.980e+0,5.872e-29,2.971e-21,4.229e-24,,,,,,,,,,,,1.285e-21,,,,,,,,,6.325e-22,,4.219e+0,7.782e-19,,3.455e-18
267.45,6.568e+1,5.744e-21,2.059e-31,1.124e-25,,7.492e-16,2.998e-61,2.596e-22,4.308e-13,,1.332e-8,5.719e-20,2.466e-30,1.523e-18,8.845e-3,1.613e-33,,2.680e-28,6.738e-36,1.302e-21,2.726e-19,4.436e-24,1.416e+0,9.484e-20,7.748e-23,6.486e-1,2.631e+1,,5.848e+0,1.949e+1,8.245e+0,5.338e-29,2.972e-21,4.239e-24,,,,,,,,,,,,1.286e-21,,,,,,,,,6.324e-22,,3.709e+0,7.774e-19,,3.445e-18
267.48,6.641e+1,5.736e-21,2.029e-31,9.531e-26,,6.558e-16,2.979e-61,2.596e-22,1.402e-13,,4.193e-9,5.819e-20,2.472e-30,1.530e-18,1.091e-2,1.611e-33,,2.681e-28,2.276e-35,1.303e-21,2.728e-19,1.261e-23,1.484e+0,9.417e-20,7.767e-23,6.180e-1,2.192e+1,,5.511e+0,2.655e+1,7.319e+0,4.535e-29,2.973e-21,4.252e-24,,,,,,,,,,,,1.287e-21,,,,,,,,,6.322e-22,,2.998e+0,7.761e-19,,3.431e-18
267.5,6.874e+1,5.730e-21,2.009e-31,8.444e-26,,6.068e-16,2.966e-61,2.596e-22,6.542e-14,,1.915e-9,5.886e-20,2.475e-30,1.535e-18,1.254e-2,1.609e-33,,2.682e-28,5.058e-35,1.303e-21,2.729e-19,2.497e-23,1.649e+0,9.373e-20,7.779e-23,6.014e-1,1.917e+1,,5.267e+0,3.266e+1,6.814e+0,4.000e-29,2.974e-21,4.261e-24,,,,,,,,,,,,1.287e-21,,,,,,,,,6.321e-22,,2.566e+0,7.753e-19,,3.421e-18
267.53,7.535e+1,5.722e-21,1.979e-31,6.922e-26,,5.537e-16,2.946e-61,2.597e-22,2.044e-14,,5.791e-10,5.986e-20,2.481e-30,1.542e-18,1.533e-2,1.606e-33,,2.684e-28,1.642e-34,1.304e-21,2.731e-19,6.821e-23,2.088e+0,9.306e-20,7.798e-23,5.837e-1,1.539e+1,,4.889e+0,4.417e+1,6.219e+0,3.198e-29,2.975e-21,4.275e-24,,,,,,,,,,,,1.289e-21,,,,,,,,,6.319e-22,,1.992e+0,7.740e-19,,3.406e-18
267.55,8.199e+1,5.716e-21,1.959e-31,5.993e-26,,5.317e-16,2.933e-61,2.597e-22,9.288e-15,,2.574e-10,6.052e-20,2.485e-30,1.546e-18,1.738e-2,1.604e-33,,2.685e-28,3.554e-34,1.305e-21,2.732e-19,1.315e-22,2.519e+0,9.262e-20,7.811e-23,5.776e-1,1.313e+1,,4.637e+0,5.352e+1,5.924e+0,2.663e-29,2.976e-21,4.284e-24,,,,,,,,,,,,1.289e-21,,,,,,,,,6.318e-22,,1.660e+0,7.732e-19,,3.396e-18
267.58,9.549e+1,5.708e-21,1.929e-31,4.744e-26,,5.169e-16,2.914e-61,2.598e-22,2.787e-15,,7.474e-11,6.152e-20,2.490e-30,1.553e-18,2.066e-2,1.601e-33,,2.686e-28,1.109e-33,1.306e-21,2.734e-19,3.453e-22,3.392e+0,9.195e-20,7.830e-23,5.780e-1,1.016e+1,,4.271e+0,7.021e+1,5.624e+0,1.861e-29,2.977e-21,4.297e-24,,,,,,,,,,,,1.290e-21,,,,,,,,,6.317e-22,,1.238e+0,7.719e-19,,3.382e-18
267.6,1.069e+2,5.702e-21,1.909e-31,4.011e-26,,5.178e-16,2.901e-61,2.598e-22,1.232e-15,,3.233e-11,6.219e-20,2.494e-30,1.558e-18,2.293e-2,1.599e-33,,2.687e-28,2.338e-33,1.306e-21,2.735e-19,6.485e-22,4.139e+0,9.151e-20,7.842e-23,5.846e-1,8.454e+0,,4.042e+0,8.311e+1,5.513e+0,6.364e-29,2.978e-21,4.306e-24,,,,,,,,,,,,1.291e-21,,,,,,,,,6.316e-22,,1.005e+0,7.711e-19,,3.372e-18
267.63,1.274e+2,5.694e-21,1.879e-31,3.063e-26,,5.317e-16,2.882e-61,2.599e-22,3.551e-16,,9.016e-12,6.319e-20,2.499e-30,1.565e-18,2.631e-2,1.597e-33,,2.689e-28,7.013e-33,1.307e-21,2.737e-19,1.636e-21,5.523e+0,9.084e-20,7.861e-23,6.036e-1,6.299e+0,,3.731e+0,1.050e+2,5.474e+0,2.853e-28,2.979e-21,4.320e-24,,,,,,,,,,,,1.292e-21,,,,,,,,,6.314e-22,,7.197e-1,7.698e-19,,3.357e-18
267.65,1.432e+2,5.689e-21,1.859e-31,2.528e-26,,5.471e-16,2.869e-61,2.599e-22,1.528e-16,,3.797e-12,6.386e-20,2.503e-30,1.569e-18,2.847e-2,1.595e-33,,2.690e-28,1.439e-32,1.308e-21,2.738e-19,2.993e-21,6.631e+0,9.040e-20,7.874e-23,6.218e-1,5.112e+0,,3.550e+0,1.212e+2,5.530e+0,7.655e-28,2.980e-21,4.329e-24,,,,,,,,,,,,1.293e-21,,,,,,,,,6.313e-22,,5.685e-1,7.690e-19,,3.348e-18
267.68,1.696e+2,5.680e-21,1.828e-31,1.861e-26,,5.755e-16,2.849e-61,2.600e-22,4.229e-17,,1.017e-12,6.486e-20,2.509e-30,1.576e-18,3.144e-2,1.592e-33,,2.691e-28,4.150e-32,1.309e-21,2.740e-19,7.257e-21,8.574e+0,8.973e-20,7.893e-23,6.554e-1,3.668e+0,,3.323e+0,1.472e+2,5.740e+0,3.299e-27,2.981e-21,4.343e-24,,,,,,,,,,,,1.294e-21,,,,,,,,,6.311e-22,,3.912e-1,7.677e-19,,3.333e-18
267.7,1.886e+2,5.675e-21,1.808e-31,1.498e-26,,5.955e-16,2.836e-61,2.600e-22,1.772e-17,,4.167e-13,6.552e-20,2.512e-30,1.581e-18,3.315e-2,1.590e-33,,2.692e-28,8.295e-32,1.309e-21,2.741e-19,1.293e-20,1.005e+1,8.929e-20,7.905e-23,6.807e-1,2.903e+0,,3.204e+0,1.654e+2,5.968e+0,8.622e-27,2.981e-21,4.352e-24,,,,,,,,,,,,1.295e-21,,,,,,,,,6.310e-22,,3.009e-1,7.669e-19,,3.323e-18
267.72,2.082e+2,5.669e-21,1.788e-31,1.194e-26,,6.145e-16,2.823e-61,2.601e-22,7.342e-18,,1.689e-13,6.619e-20,2.516e-30,1.585e-18,3.459e-2,1.588e-33,,2.693e-28,1.641e-31,1.310e-21,2.742e-19,2.278e-20,1.166e+1,8.884e-20,7.918e-23,7.074e-1,2.274e+0,,3.111e+0,1.839e+2,6.275e+0,2.230e-26,2.982e-21,4.361e-24,,,,,,,,,,,,1.296e-21,,,,,,,,,6.309e-22,,2.289e-1,7.661e-19,,3.313e-18
267.75,2.381e+2,5.661e-21,1.758e-31,8.340e-27,,6.382e-16,2.804e-61,2.601e-22,1.920e-18,,4.274e-14,6.719e-20,2.522e-30,1.592e-18,3.614e-2,1.585e-33,,2.695e-28,4.475e-31,1.311e-21,2.744e-19,5.225e-20,1.429e+1,8.817e-20,7.937e-23,7.473e-1,1.547e+0,,3.020e+0,2.114e+2,6.908e+0,9.093e-26,2.983e-21,4.374e-24,,,,,,,,,,,,1.297e-21,,,,,,,,,6.308e-22,,1.489e-1,7.648e-19,,3.299e-18
267.77,2.575e+2,5.656e-21,1.738e-31,6.482e-27,,6.491e-16,2.791e-61,2.601e-22,7.743e-19,,1.687e-14,6.786e-20,2.525e-30,1.597e-18,3.672e-2,1.583e-33,,2.696e-28,8.620e-31,1.311e-21,2.745e-19,8.968e-20,1.615e+1,8.773e-20,7.949e-23,7.723e-1,1.182e+0,,2.991e+0,2.288e+2,7.466e+0,2.291e-25,2.984e-21,4.383e-24,,,,,,,,,,,,1.298e-21,,,,,,,,,6.307e-22,,1.103e-1,7.640e-19,,3.289e-18
267.8,2.849e+2,5.647e-21,1.708e-31,4.357e-27,,6.558e-16,2.771e-61,2.602e-22,1.944e-19,,4.098e-15,6.886e-20,2.531e-30,1.603e-18,3.686e-2,1.581e-33,,2.698e-28,2.260e-30,1.312e-21,2.747e-19,1.977e-19,1.902e+1,8.706e-20,7.968e-23,8.050e-1,7.738e-1,,2.988e+0,2.526e+2,8.562e+0,8.981e-25,2.985e-21,4.397e-24,,,,,,,,,,,,1.299e-21,,,,,,,,,6.305e-22,,6.892e-2,7.627e-19,,3.274e-18
267.82,3.013e+2,5.642e-21,1.688e-31,3.301e-27,,6.530e-16,2.758e-61,2.602e-22,7.632e-20,,1.574e-15,6.953e-20,2.535e-30,1.608e-18,3.647e-2,1.579e-33,,2.699e-28,4.239e-30,1.313e-21,2.748e-19,3.304e-19,2.094e+1,8.662e-20,7.981e-23,8.223e-1,5.761e-1,,3.010e+0,2.663e+2,9.506e+0,2.204e-24,2.986e-21,4.406e-24,,,,,,,,,,,,1.300e-21,,,,,,,,,6.304e-22,,4.970e-2,7.619e-19,,3.265e-18
267.85,3.219e+2,5.634e-21,1.658e-31,2.135e-27,,6.373e-16,2.739e-61,2.603e-22,1.840e-20,,3.672e-16,7.053e-20,2.540e-30,1.615e-18,3.518e-2,1.576e-33,,2.700e-28,1.068e-29,1.314e-21,2.750e-19,7.001e-19,2.370e+1,8.595e-20,8.000e-23,8.395e-1,3.631e-1,,3.072e+0,2.826e+2,1.133e+1,8.306e-24,2.987e-21,4.420e-24,,,,,,,,,,,,1.301e-21,,,,,,,,,6.302e-22,,2.983e-2,7.606e-19,,3.250e-18
267.87,3.326e+2,5.628e-21,1.638e-31,1.576e-27,,6.194e-16,2.726e-61,2.603e-22,7.032e-21,,1.373e-16,7.119e-20,2.544e-30,1.619e-18,3.389e-2,1.574e-33,,2.701e-28,1.951e-29,1.314e-21,2.751e-19,1.140e-18,2.540e+1,8.551e-20,8.012e-23,8.445e-1,2.635e-1,,3.126e+0,2.900e+2,1.289e+1,1.985e-23,2.988e-21,4.429e-24,,,,,,,,,,,,1.302e-21,,,,,,,,,6.301e-22,,2.095e-2,7.598e-19,,3.240e-18
267.9,3.434e+2,5.620e-21,1.607e-31,9.806e-28,,5.823e-16,2.706e-61,2.604e-22,1.628e-21,,3.076e-17,7.219e-20,2.550e-30,1.626e-18,3.141e-2,1.571e-33,,2.703e-28,4.725e-29,1.315e-21,2.753e-19,2.320e-18,2.762e+1,8.484e-20,8.031e-23,8.413e-1,1.598e-1,,3.216e+0,2.956e+2,1.590e+1,7.193e-23,2.989e-21,4.442e-24,,,,,,,,,,,,1.303e-21,,,,,,,,,6.300e-22,,1.208e-2,7.585e-19,,3.225e-18
267.92,3.470e+2,5.614e-21,1.587e-31,7.054e-28,,5.516e-16,2.693e-61,2.604e-22,6.055e-22,,1.119e-17,7.286e-20,2.553e-30,1.631e-18,2.946e-2,1.569e-33,,2.704e-28,8.408e-29,1.316e-21,2.754e-19,3.678e-18,2.882e+1,8.440e-20,8.044e-23,8.319e-1,1.130e-1,,3.277e+0,2.955e+2,1.844e+1,1.675e-22,2.990e-21,4.451e-24,,,,,,,,,,,,1.303e-21,,,,,,,,,6.299e-22,,8.255e-3,7.577e-19,,3.216e-18
267.95,3.471e+2,5.606e-21,1.557e-31,4.219e-28,,4.987e-16,2.674e-61,2.605e-22,1.346e-22,,1.128e-17,7.386e-20,2.559e-30,1.638e-18,2.623e-2,1.566e-33,,2.705e-28,1.957e-28,1.317e-21,2.756e-19,7.197e-18,3.012e+1,8.373e-20,8.063e-23,8.073e-1,6.592e-2,,3.360e+0,2.894e+2,2.331e+1,5.833e-22,2.991e-21,4.465e-24,,,,,,,,,,,,1.305e-21,,,,,,,,,6.297e-22,,4.572e-3,7.564e-19,,3.201e-18
267.97,3.439e+2,5.601e-21,1.537e-31,2.957e-28,,4.602e-16,2.661e-61,2.605e-22,4.874e-23,,1.134e-17,7.453e-20,2.563e-30,1.642e-18,2.396e-2,1.565e-33,,2.706e-28,3.391e-28,1.317e-21,2.757e-19,1.111e-17,3.060e+1,8.329e-20,8.075e-23,7.843e-1,4.544e-2,,3.403e+0,2.816e+2,2.741e+1,1.323e-21,2.992e-21,4.474e-24,,,,,,,,,,,,1.305e-21,,,,,,,,,6.296e-22,,3.043e-3,7.556e-19,,3.191e-18
268,3.351e+2,5.592e-21,1.507e-31,1.700e-28,,3.999e-16,2.641e-61,2.606e-22,1.677e-22,,1.142e-17,7.553e-20,2.568e-30,1.649e-18,2.049e-2,1.562e-33,,2.708e-28,7.585e-28,1.318e-21,2.759e-19,2.090e-17,3.072e+1,8.262e-20,8.094e-23,7.408e-1,2.550e-2,,3.444e+0,2.650e+2,3.513e+1,4.429e-21,2.993e-21,4.487e-24,,,,,,,,,,,,1.306e-21,,,,,,,,,6.294e-22,,1.619e-3,7.544e-19,,3.177e-18
268.02,3.272e+2,5.587e-21,1.487e-31,1.161e-28,,3.594e-16,2.628e-61,2.606e-22,2.471e-22,,1.148e-17,7.619e-20,2.572e-30,1.654e-18,1.822e-2,1.560e-33,,2.709e-28,1.280e-27,1.319e-21,2.760e-19,3.142e-17,3.040e+1,8.218e-20,8.107e-23,7.067e-1,1.713e-2,,3.452e+0,2.511e+2,4.153e+1,9.783e-21,2.994e-21,4.497e-24,,,,,,,,,,,,1.307e-21,,,,,,,,,6.293e-22,,1.049e-3,7.535e-19,,3.167e-18
268.05,3.139e+2,5.579e-21,1.457e-31,6.416e-29,,3.001e-16,2.609e-61,2.607e-22,3.661e-22,,1.157e-17,7.719e-20,2.578e-30,1.661e-18,1.498e-2,1.557e-33,,2.710e-28,2.752e-27,1.320e-21,2.762e-19,5.678e-17,2.932e+1,8.151e-20,8.126e-23,6.494e-1,9.244e-3,,3.430e+0,2.271e+2,5.336e+1,3.149e-20,2.995e-21,4.510e-24,,,,,,,,,,,,1.308e-21,,,,,,,,,6.292e-22,,5.360e-4,7.523e-19,,3.152e-18
268.07,3.047e+2,5.573e-21,1.437e-31,4.265e-29,,2.626e-16,2.596e-61,2.607e-22,4.454e-22,,1.163e-17,7.786e-20,2.581e-30,1.665e-18,1.297e-2,1.555e-33,,2.711e-28,4.524e-27,1.320e-21,2.763e-19,8.314e-17,2.825e+1,8.107e-20,8.138e-23,6.082e-1,6.049e-3,,3.394e+0,2.095e+2,6.294e+1,6.776e-20,2.995e-21,4.519e-24,,,,,,,,,,,,1.309e-21,,,,,,,,,6.291e-22,,3.381e-4,7.514e-19,,3.142e-18
268.1,2.923e+2,5.565e-21,1.407e-31,2.266e-29,,2.108e-16,2.577e-61,2.608e-22,5.644e-22,,1.171e-17,7.886e-20,2.587e-30,1.672e-18,1.024e-2,1.552e-33,,2.713e-28,9.348e-27,1.321e-21,2.765e-19,1.444e-16,2.619e+1,8.040e-20,8.157e-23,5.435e-1,3.140e-3,,3.307e+0,1.820e+2,8.021e+1,2.097e-19,2.997e-21,4.533e-24,,,,,,,,,,,,1.310e-21,,,,,,,,,6.289e-22,,1.660e-4,7.502e-19,,3.128e-18
268.12,2.856e+2,5.559e-21,1.386e-31,1.467e-29,,1.796e-16,2.564e-61,2.608e-22,6.438e-22,,1.177e-17,7.953e-20,2.591e-30,1.677e-18,8.635e-3,1.550e-33,,2.714e-28,1.497e-26,1.322e-21,2.766e-19,2.059e-16,2.456e+1,7.996e-20,8.170e-23,4.994e-1,2.002e-3,,3.230e+0,1.635e+2,9.379e+1,4.394e-19,2.997e-21,4.542e-24,,,,,,,,,,,,1.311e-21,,,,,,,,,6.288e-22,,1.019e-4,7.493e-19,,3.118e-18
268.14,2.809e+2,5.554e-21,1.366e-31,9.395e-30,,1.514e-16,2.551e-61,2.608e-22,7.231e-22,,1.183e-17,8.020e-20,2.594e-30,1.681e-18,7.203e-3,1.549e-33,,2.715e-28,2.371e-26,1.322e-21,2.768e-19,2.905e-16,2.280e+1,7.951e-20,8.183e-23,4.554e-1,1.263e-3,,3.140e+0,1.454e+2,1.091e+2,9.114e-19,2.998e-21,4.551e-24,,,,,,,,,,,,1.312e-21,,,,,,,,,6.287e-22,,6.192e-5,7.485e-19,,3.108e-18
268.17,2.783e+2,5.545e-21,1.336e-31,4.721e-30,,1.149e-16,2.531e-61,2.609e-22,8.421e-22,,1.191e-17,8.120e-20,2.600e-30,1.688e-18,5.378e-3,1.546e-33,,2.717e-28,4.634e-26,1.323e-21,2.769e-19,4.773e-16,1.998e+1,7.885e-20,8.201e-23,3.908e-1,6.207e-4,,2.988e+0,1.195e+2,1.355e+2,2.669e-18,2.999e-21,4.564e-24,,,,,,,,,,,,1.313e-21,,,,,,,,,6.285e-22,,2.874e-5,7.472e-19,,3.094e-18
268.19,2.799e+2,5.540e-21,1.316e-31,2.945e-30,,9.430e-17,2.518e-61,2.609e-22,9.215e-22,,1.197e-17,8.186e-20,2.604e-30,1.693e-18,4.368e-3,1.544e-33,,2.718e-28,7.148e-26,1.324e-21,2.771e-19,6.559e-16,1.806e+1,7.840e-20,8.214e-23,3.494e-1,3.815e-4,,2.880e+0,1.035e+2,1.552e+2,5.391e-18,3.000e-21,4.573e-24,,,,,,,,,,,,1.314e-21,,,,,,,,,6.284e-22,,1.700e-5,7.464e-19,,3.084e-18
268.22,2.876e+2,5.532e-21,1.286e-31,1.422e-30,,6.874e-17,2.499e-61,2.610e-22,1.040e-21,,1.206e-17,8.286e-20,2.609e-30,1.700e-18,3.134e-3,1.541e-33,,2.719e-28,1.343e-25,1.325e-21,2.773e-19,1.036e-15,1.521e+1,7.774e-20,8.233e-23,2.909e-1,1.803e-4,,2.715e+0,8.183e+1,1.876e+2,1.518e-17,3.001e-21,4.587e-24,,,,,,,,,,,,1.315e-21,,,,,,,,,6.283e-22,,7.577e-6,7.452e-19,,3.069e-18
268.24,2.962e+2,5.526e-21,1.266e-31,8.636e-31,,5.494e-17,2.486e-61,2.610e-22,1.120e-21,,1.212e-17,8.353e-20,2.613e-30,1.704e-18,2.478e-3,1.539e-33,,2.720e-28,2.018e-25,1.325e-21,2.774e-19,1.386e-15,1.338e+1,7.729e-20,8.246e-23,2.548e-1,1.079e-4,,2.609e+0,6.913e+1,2.108e+2,2.987e-17,3.002e-21,4.596e-24,,,,,,,,,,,,1.316e-21,,,,,,,,,6.282e-22,,4.363e-6,7.443e-19,,3.059e-18
268.27,3.135e+2,5.518e-21,1.236e-31,4.007e-31,,3.848e-17,2.466e-61,2.611e-22,1.239e-21,,1.220e-17,8.453e-20,2.618e-30,1.711e-18,1.708e-3,1.536e-33,,2.722e-28,3.643e-25,1.326e-21,2.776e-19,2.103e-15,1.083e+1,7.662e-20,8.265e-23,2.056e-1,4.902e-5,,2.462e+0,5.280e+1,2.472e+2,8.083e-17,3.003e-21,4.610e-24,,,,,,,,,,,,1.317e-21,,,,,,,,,6.280e-22,,1.868e-6,7.431e-19,,3.045e-18
268.29,3.274e+2,5.512e-21,1.216e-31,2.370e-31,,2.995e-17,2.453e-61,2.611e-22,1.318e-21,,1.226e-17,8.520e-20,2.622e-30,1.716e-18,1.315e-3,1.534e-33,,2.723e-28,5.331e-25,1.327e-21,2.777e-19,2.741e-15,9.279e+0,7.618e-20,8.277e-23,1.764e-1,2.859e-5,,2.375e+0,4.372e+1,2.718e+2,1.549e-16,3.004e-21,4.619e-24,,,,,,,,,,,,1.318e-21,,,,,,,,,6.279e-22,,1.047e-6,7.422e-19,,3.035e-18
268.32,3.505e+2,5.504e-21,1.186e-31,1.056e-31,,2.015e-17,2.434e-61,2.612e-22,1.437e-21,,1.235e-17,8.620e-20,2.628e-30,1.722e-18,8.709e-4,1.532e-33,,2.724e-28,9.251e-25,1.328e-21,2.779e-19,3.997e-15,7.214e+0,7.551e-20,8.296e-23,1.380e-1,1.248e-5,,2.265e+0,3.271e+1,3.082e+2,4.031e-16,3.005e-21,4.632e-24,,,,,,,,,,,,1.319e-21,,,,,,,,,6.278e-22,,4.309e-7,7.410e-19,,3.020e-18
268.34,3.666e+2,5.499e-21,1.166e-31,6.083e-32,,1.527e-17,2.421e-61,2.612e-22,1.516e-21,,1.240e-17,8.686e-20,2.632e-30,1.727e-18,6.529e-4,1.530e-33,,2.725e-28,1.318e-24,1.328e-21,2.780e-19,5.072e-15,6.019e+0,7.507e-20,8.309e-23,1.160e-1,7.091e-6,,2.208e+0,2.701e+1,3.312e+2,7.526e-16,3.006e-21,4.641e-24,,,,,,,,,,,,1.319e-21,,,,,,,,,6.276e-22,,2.352e-7,7.401e-19,,3.011e-18
268.37,3.899e+2,5.490e-21,1.135e-31,2.605e-32,,9.875e-18,2.401e-61,2.613e-22,1.635e-21,,1.249e-17,8.787e-20,2.637e-30,1.734e-18,4.154e-4,1.527e-33,,2.727e-28,2.199e-24,1.329e-21,2.782e-19,7.110e-15,4.496e+0,7.440e-20,8.328e-23,8.829e-2,2.976e-6,,2.143e+0,2.073e+1,3.625e+2,1.882e-15,3.007e-21,4.655e-24,,,,,,,,,,,,1.321e-21,,,,,,,,,6.275e-22,,9.293e-8,7.389e-19,,2.996e-18
268.39,4.041e+2,5.485e-21,1.115e-31,1.461e-32,,7.286e-18,2.388e-61,2.613e-22,1.715e-21,,1.255e-17,8.853e-20,2.641e-30,1.738e-18,3.032e-4,1.525e-33,,2.728e-28,3.052e-24,1.330e-21,2.783e-19,8.787e-15,3.653e+0,7.396e-20,8.340e-23,7.312e-2,1.647e-6,,2.114e+0,1.795e+1,3.803e+2,3.424e-15,3.008e-21,4.664e-24,,,,,,,,,,,,1.321e-21,,,,,,,,,6.274e-22,,4.938e-8,7.380e-19,,2.986e-18
268.42,4.216e+2,5.477e-21,1.085e-31,6.015e-33,,4.526e-18,2.369e-61,2.614e-22,1.834e-21,,1.263e-17,8.953e-20,2.646e-30,1.745e-18,1.854e-4,1.522e-33,,2.729e-28,4.893e-24,1.331e-21,2.785e-19,1.184e-14,2.622e+0,7.329e-20,8.359e-23,5.498e-2,6.643e-7,,2.088e+0,1.573e+1,4.011e+2,8.233e-15,3.009e-21,4.678e-24,,,,,,,,,,,,1.323e-21,,,,,,,,,6.272e-22,,1.874e-8,7.368e-19,,2.972e-18
268.44,4.301e+2,5.471e-21,1.065e-31,3.290e-33,,3.251e-18,2.356e-61,2.614e-22,1.913e-21,,1.269e-17,9.020e-20,2.650e-30,1.750e-18,1.317e-4,1.520e-33,,2.730e-28,6.613e-24,1.331e-21,2.786e-19,1.425e-14,2.074e+0,7.285e-20,8.372e-23,4.575e-2,3.579e-7,,2.080e+0,1.547e+1,4.105e+2,1.458e-14,3.010e-21,4.687e-24,,,,,,,,,,,,1.323e-21,,,,,,,,,6.271e-22,,9.696e-9,7.359e-19,,2.962e-18
268.47,4.374e+2,5.463e-21,1.035e-31,1.324e-33,,1.941e-18,2.336e-61,2.614e-22,2.032e-21,,1.278e-17,9.120e-20,2.656e-30,1.757e-18,7.738e-5,1.518e-33,,2.732e-28,1.019e-23,1.332e-21,2.788e-19,1.844e-14,1.430e+0,7.218e-20,8.391e-23,3.584e-2,1.388e-7,,2.077e+0,1.685e+1,4.170e+2,3.372e-14,3.011e-21,4.700e-24,,,,,,,,,,,,1.324e-21,,,,,,,,,6.270e-22,,3.536e-9,7.347e-19,,2.947e-18
268.49,4.382e+2,5.457e-21,1.015e-31,7.418e-34,,1.357e-18,2.323e-61,2.615e-22,2.112e-21,,1.284e-17,9.187e-20,2.659e-30,1.761e-18,5.355e-5,1.516e-33,,2.733e-28,1.341e-23,1.333e-21,2.789e-19,2.162e-14,1.102e+0,7.174e-20,8.403e-23,3.169e-2,7.282e-8,,2.077e+0,1.893e+1,4.161e+2,5.818e-14,3.011e-21,4.709e-24,,,,,,,,,,,,1.325e-21,,,,,,,,,6.269e-22,,1.781e-9,7.339e-19,,2.937e-18
268.51,4.359e+2,5.452e-21,9.948e-32,4.639e-34,,9.394e-19,2.310e-61,2.615e-22,2.191e-21,,1.289e-17,9.253e-20,2.663e-30,1.766e-18,3.666e-5,1.514e-33,,2.734e-28,1.747e-23,1.333e-21,2.790e-19,2.508e-14,8.396e-1,7.129e-20,8.416e-23,2.941e-2,3.781e-8,,2.078e+0,2.193e+1,4.110e+2,9.935e-14,3.012e-21,4.718e-24,,,,,,,,,,,,1.326e-21,,,,,,,,,6.267e-22,,8.872e-10,7.330e-19,,2.928e-18
268.54,4.268e+2,5.444e-21,9.646e-32,4.025e-34,,5.301e-19,2.291e-61,2.616e-22,2.310e-21,,1.298e-17,9.353e-20,2.669e-30,1.773e-18,2.036e-5,1.511e-33,,2.736e-28,2.547e-23,1.334e-21,2.792e-19,3.071e-14,5.475e-1,7.063e-20,8.435e-23,2.935e-2,1.387e-8,,2.076e+0,2.818e+1,3.959e+2,2.174e-13,3.013e-21,4.732e-24,,,,,,,,,,,,1.327e-21,,,,,,,,,6.266e-22,,3.058e-10,7.318e-19,,2.913e-18
268.56,4.174e+2,5.438e-21,9.445e-32,5.719e-34,,3.572e-19,2.278e-61,2.616e-22,2.389e-21,,1.304e-17,9.420e-20,2.672e-30,1.777e-18,1.357e-5,1.509e-33,,2.737e-28,3.231e-23,1.335e-21,2.793e-19,3.468e-14,4.063e-1,7.018e-20,8.447e-23,3.155e-2,7.011e-9,,2.072e+0,3.353e+1,3.813e+2,3.616e-13,3.014e-21,4.741e-24,,,,,,,,,,,,1.328e-21,,,,,,,,,6.265e-22,,1.483e-10,7.309e-19,,2.903e-18
268.59,3.995e+2,5.430e-21,9.144e-32,1.297e-33,,1.937e-19,2.259e-61,2.617e-22,2.508e-21,,1.312e-17,9.520e-20,2.678e-30,1.784e-18,7.242e-6,1.506e-33,,2.738e-28,4.526e-23,1.336e-21,2.795e-19,4.082e-14,2.546e-1,6.952e-20,8.466e-23,3.823e-2,2.471e-9,,2.058e+0,4.333e+1,3.538e+2,7.606e-13,3.015e-21,4.754e-24,,,,,,,,,,,,1.329e-21,,,,,,,,,6.263e-22,,4.912e-11,7.297e-19,,2.889e-18
268.61,3.857e+2,5.424e-21,8.943e-32,2.346e-33,,1.271e-19,2.246e-61,2.617e-22,2.588e-21,,1.318e-17,9.587e-20,2.682e-30,1.789e-18,4.701e-6,1.504e-33,,2.739e-28,5.592e-23,1.336e-21,2.796e-19,4.490e-14,1.840e-1,6.907e-20,8.479e-23,4.503e-2,1.217e-9,,2.045e+0,5.102e+1,3.324e+2,1.232e-12,3.016e-21,4.764e-24,,,,,,,,,,,,1.330e-21,,,,,,,,,6.262e-22,,2.320e-11,7.288e-19,,2.879e-18
268.64,3.639e+2,5.416e-21,8.642e-32,5.686e-33,,6.620e-20,2.226e-61,2.618e-22,2.707e-21,,1.327e-17,9.687e-20,2.687e-30,1.796e-18,2.410e-6,1.502e-33,,2.741e-28,7.529e-23,1.337e-21,2.798e-19,5.079e-14,1.108e-1,6.841e-20,8.498e-23,5.890e-2,4.120e-10,,2.019e+0,6.418e+1,2.976e+2,2.492e-12,3.017e-21,4.777e-24,,,,,,,,,,,,1.331e-21,,,,,,,,,6.261e-22,,7.378e-12,7.276e-19,,2.864e-18
268.66,3.494e+2,5.411e-21,8.441e-32,1.015e-32,,4.229e-20,2.213e-61,2.618e-22,2.786e-21,,1.333e-17,9.754e-20,2.691e-30,1.800e-18,1.523e-6,1.500e-33,,2.742e-28,9.059e-23,1.338e-21,2.799e-19,5.441e-14,7.792e-2,6.796e-20,8.510e-23,7.070e-2,1.975e-10,,1.999e+0,7.391e+1,2.733e+2,3.934e-12,3.018e-21,4.786e-24,,,,,,,,,,,,1.332e-21,,,,,,,,,6.260e-22,,3.392e-12,7.267e-19,,2.854e-18
268.69,3.290e+2,5.402e-21,8.140e-32,2.377e-32,,2.117e-20,2.194e-61,2.619e-22,2.905e-21,,1.341e-17,9.854e-20,2.697e-30,1.807e-18,7.501e-7,1.497e-33,,2.743e-28,1.172e-22,1.339e-21,2.801e-19,5.914e-14,4.508e-2,6.730e-20,8.529e-23,9.233e-2,6.428e-11,,1.970e+0,8.967e+1,2.372e+2,7.650e-12,3.019e-21,4.800e-24,,,,,,,,,,,,1.333e-21,,,,,,,,,6.258e-22,,1.036e-12,7.255e-19,,2.840e-18
268.71,3.170e+2,5.397e-21,7.939e-32,4.138e-32,,1.317e-20,2.181e-61,2.619e-22,2.984e-21,,1.347e-17,9.920e-20,2.700e-30,1.812e-18,4.616e-7,1.495e-33,,2.744e-28,1.374e-22,1.339e-21,2.802e-19,6.170e-14,3.088e-2,6.685e-20,8.542e-23,1.094e-1,3.001e-11,,1.953e+0,1.007e+2,2.142e+2,1.176e-11,3.020e-21,4.809e-24,,,,,,,,,,,,1.334e-21,,,,,,,,,6.257e-22,,4.639e-13,7.246e-19,,2.830e-18
268.74,3.022e+2,5.388e-21,7.637e-32,9.318e-32,,6.331e-21,2.161e-61,2.619e-22,3.103e-21,,1.356e-17,1.002e-19,2.706e-30,1.819e-18,2.184e-7,1.492e-33,,2.746e-28,1.709e-22,1.340e-21,2.804e-19,6.445e-14,1.716e-2,6.619e-20,8.561e-23,1.388e-1,9.384e-12,,1.937e+0,1.175e+2,1.826e+2,2.199e-11,3.021e-21,4.822e-24,,,,,,,,,,,,1.335e-21,,,,,,,,,6.255e-22,,1.362e-13,7.234e-19,,2.815e-18
268.76,2.950e+2,5.383e-21,7.437e-32,1.580e-31,,3.835e-21,2.148e-61,2.620e-22,3.183e-21,,1.362e-17,1.009e-19,2.710e-30,1.823e-18,1.309e-7,1.490e-33,,2.747e-28,1.950e-22,1.341e-21,2.805e-19,6.549e-14,1.145e-2,6.574e-20,8.573e-23,1.607e-1,4.266e-12,,1.933e+0,1.286e+2,1.643e+2,3.294e-11,3.022e-21,4.831e-24,,,,,,,,,,,,1.335e-21,,,,,,,,,6.254e-22,,5.934e-14,7.226e-19,,2.806e-18
268.79,2.883e+2,5.375e-21,7.135e-32,3.422e-31,,1.772e-21,2.129e-61,2.620e-22,3.302e-21,,1.370e-17,1.019e-19,2.715e-30,1.830e-18,5.950e-8,1.487e-33,,2.748e-28,2.331e-22,1.342e-21,2.807e-19,6.575e-14,6.115e-3,6.508e-20,8.592e-23,1.965e-1,1.282e-12,,1.945e+0,1.442e+2,1.419e+2,5.922e-11,3.023e-21,4.845e-24,,,,,,,,,,,,1.337e-21,,,,,,,,,6.253e-22,,1.673e-14,7.213e-19,,2.791e-18
268.81,2.867e+2,5.369e-21,6.934e-32,5.655e-31,,1.045e-21,2.116e-61,2.621e-22,3.381e-21,,1.376e-17,1.025e-19,2.719e-30,1.835e-18,3.471e-8,1.486e-33,,2.750e-28,2.591e-22,1.342e-21,2.808e-19,6.505e-14,3.972e-3,6.463e-20,8.605e-23,2.219e-1,5.673e-13,,1.966e+0,1.537e+2,1.309e+2,8.642e-11,3.024e-21,4.854e-24,,,,,,,,,,,,1.337e-21,,,,,,,,,6.252e-22,,7.098e-15,7.205e-19,,2.781e-18
268.84,2.887e+2,5.361e-21,6.633e-32,1.178e-30,,4.638e-22,2.096e-61,2.621e-22,3.500e-21,,1.385e-17,1.035e-19,2.725e-30,1.841e-18,1.516e-8,1.483e-33,,2.751e-28,2.977e-22,1.343e-21,2.810e-19,6.277e-14,2.038e-3,6.396e-20,8.624e-23,2.610e-1,1.638e-13,,2.019e+0,1.657e+2,1.207e+2,1.494e-10,3.025e-21,4.868e-24,,,,,,,,,,,,1.339e-21,,,,,,,,,6.250e-22,,1.922e-15,7.192e-19,,2.766e-18
268.86,2.927e+2,5.355e-21,6.432e-32,1.896e-30,,2.663e-22,2.083e-61,2.622e-22,3.579e-21,,1.390e-17,1.042e-19,2.728e-30,1.846e-18,8.613e-9,1.481e-33,,2.752e-28,3.223e-22,1.344e-21,2.811e-19,6.048e-14,1.289e-3,6.352e-20,8.636e-23,2.870e-1,7.059e-14,,2.071e+0,1.719e+2,1.184e+2,2.124e-10,3.026e-21,4.877e-24,,,,,,,,,,,,1.339e-21,,,,,,,,,6.249e-22,,7.940e-16,7.184e-19,,2.757e-18
268.88,2.989e+2,5.350e-21,6.231e-32,3.021e-30,,1.513e-22,2.070e-61,2.622e-22,3.659e-21,,1.396e-17,1.049e-19,2.732e-30,1.851e-18,4.841e-9,1.479e-33,,2.753e-28,3.452e-22,1.344e-21,2.812e-19,5.767e-14,8.066e-4,6.308e-20,8.649e-23,3.124e-1,3.010e-14,,2.135e+0,1.766e+2,1.199e+2,2.988e-10,3.026e-21,4.886e-24,,,,,,,,,,,,1.340e-21,,,,,,,,,6.248e-22,,3.245e-16,7.175e-19,,2.747e-18
268.91,3.117e+2,5.342e-21,5.930e-32,5.958e-30,,6.350e-23,2.051e-61,2.623e-22,3.778e-21,,1.405e-17,1.059e-19,2.738e-30,1.857e-18,1.999e-9,1.476e-33,,2.755e-28,3.752e-22,1.345e-21,2.814e-19,5.263e-14,3.914e-4,6.241e-20,8.668e-23,3.477e-1,8.216e-15,,2.255e+0,1.801e+2,1.290e+2,4.891e-10,3.027e-21,4.899e-24,,,,,,,,,,,,1.341e-21,,,,,,,,,6.246e-22,,8.307e-17,7.163e-19,,2.732e-18
268.93,3.225e+2,5.336e-21,5.729e-32,9.248e-30,,3.512e-23,2.038e-61,2.623e-22,3.857e-21,,1.411e-17,1.065e-19,2.741e-30,1.862e-18,1.094e-9,1.474e-33,,2.756e-28,3.914e-22,1.346e-21,2.815e-19,4.887e-14,2.385e-4,6.197e-20,8.680e-23,3.686e-1,3.411e-15,,2.350e+0,1.801e+2,1.397e+2,6.704e-10,3.028e-21,4.908e-24,,,,,,,,,,,,1.342e-21,,,,,,,,,6.245e-22,,3.305e-17,7.154e-19,,2.722e-18
268.96,3.416e+2,5.328e-21,2.582e-31,1.754e-29,,1.416e-23,2.018e-61,2.624e-22,3.976e-21,,1.419e-17,1.075e-19,2.747e-30,1.869e-18,4.342e-10,1.471e-33,,2.757e-28,4.088e-22,1.347e-21,2.817e-19,4.287e-14,1.112e-4,6.130e-20,8.699e-23,3.945e-1,8.945e-16,,2.513e+0,1.766e+2,1.621e+2,1.055e-9,3.029e-21,4.922e-24,,,,,,,,,,,,1.343e-21,,,,,,,,,6.244e-22,,8.127e-18,7.142e-19,,2.708e-18
268.98,3.560e+2,5.322e-21,6.954e-31,2.653e-29,,7.628e-24,2.005e-61,2.624e-22,4.055e-21,,1.425e-17,1.082e-19,2.751e-30,1.873e-18,2.313e-10,1.470e-33,,2.758e-28,4.154e-22,1.347e-21,2.819e-19,3.877e-14,6.596e-5,6.086e-20,8.712e-23,4.074e-1,3.616e-16,,2.632e+0,1.719e+2,1.810e+2,1.410e-9,3.030e-21,4.931e-24,,,,,,,,,,,,1.344e-21,,,,,,,,,6.243e-22,,3.148e-18,7.134e-19,,2.698e-18
269.01,3.797e+2,5.314e-21,3.014e-30,4.838e-29,,2.956e-24,1.986e-61,2.624e-22,4.174e-21,,1.434e-17,1.092e-19,2.756e-30,1.880e-18,8.819e-11,1.467e-33,,2.760e-28,4.170e-22,1.348e-21,2.820e-19,3.268e-14,2.955e-5,6.019e-20,8.731e-23,4.194e-1,9.111e-17,,2.824e+0,1.620e+2,2.144e+2,2.134e-9,3.031e-21,4.945e-24,,,,,,,,,,,,1.345e-21,,,,,,,,,6.241e-22,,7.436e-19,7.121e-19,,2.683e-18
269.03,3.964e+2,5.309e-21,7.909e-30,7.129e-29,,1.550e-24,1.973e-61,2.625e-22,4.254e-21,,1.439e-17,1.099e-19,2.760e-30,1.885e-18,4.575e-11,1.465e-33,,2.761e-28,4.126e-22,1.349e-21,2.822e-19,2.878e-14,1.707e-5,5.974e-20,8.743e-23,4.221e-1,3.586e-17,,2.958e+0,1.537e+2,2.394e+2,2.778e-9,3.032e-21,4.954e-24,,,,,,,,,,,,1.346e-21,,,,,,,,,6.240e-22,,2.804e-19,7.113e-19,,2.674e-18
269.06,4.223e+2,5.300e-21,3.296e-29,1.251e-28,,5.770e-25,1.953e-61,2.625e-22,4.373e-21,,1.448e-17,1.109e-19,2.765e-30,1.892e-18,1.676e-11,1.462e-33,,2.762e-28,3.982e-22,1.350e-21,2.823e-19,2.331e-14,7.347e-6,5.908e-20,8.762e-23,4.182e-1,8.681e-18,,3.160e+0,1.392e+2,2.796e+2,4.047e-9,3.033e-21,4.967e-24,,,,,,,,,,,,1.347e-21,,,,,,,,,6.238e-22,,6.363e-20,7.100e-19,,2.659e-18
269.08,4.395e+2,5.295e-21,8.427e-29,1.795e-28,,2.946e-25,1.940e-61,2.626e-22,4.452e-21,,1.454e-17,1.115e-19,2.769e-30,1.896e-18,8.466e-12,1.460e-33,,2.763e-28,3.837e-22,1.350e-21,2.825e-19,2.000e-14,4.133e-6,5.863e-20,8.775e-23,4.105e-1,3.299e-18,,3.294e+0,1.285e+2,3.073e+2,5.134e-9,3.034e-21,4.976e-24,,,,,,,,,,,,3.681e-21,,,,,,,,,6.237e-22,,2.336e-20,7.092e-19,,2.649e-18
269.11,4.642e+2,5.287e-21,3.378e-28,3.029e-28,,1.054e-25,1.921e-61,2.626e-22,4.571e-21,,1.462e-17,1.125e-19,2.775e-30,1.903e-18,2.979e-12,1.457e-33,,2.765e-28,3.559e-22,1.351e-21,2.826e-19,1.557e-14,1.709e-6,5.797e-20,8.794e-23,3.922e-1,7.677e-19,,3.487e+0,1.119e+2,3.484e+2,7.196e-9,3.035e-21,4.990e-24,,,,,,,,,,,,1.631e-20,,,,,,,,,6.236e-22,,2.409e-20,7.079e-19,,2.635e-18
269.13,4.791e+2,5.281e-21,8.412e-28,4.237e-28,,5.238e-26,1.908e-61,2.627e-22,4.650e-21,,1.468e-17,1.132e-19,2.778e-30,1.908e-18,1.465e-12,1.455e-33,,2.766e-28,3.340e-22,1.352e-21,2.828e-19,1.300e-14,9.361e-7,5.752e-20,8.806e-23,3.762e-1,2.866e-19,,3.607e+0,1.006e+2,3.745e+2,8.898e-9,3.036e-21,4.999e-24,,,,,,,,,,,,4.344e-20,,,,,,,,,6.235e-22,,2.457e-20,7.071e-19,,2.625e-18
269.16,4.981e+2,5.273e-21,3.242e-27,6.874e-28,,1.800e-26,1.889e-61,2.627e-22,4.769e-21,,1.477e-17,1.142e-19,2.784e-30,1.915e-18,4.955e-13,1.453e-33,,2.767e-28,2.977e-22,1.353e-21,2.829e-19,9.730e-15,3.720e-7,5.686e-20,8.825e-23,3.479e-1,6.406e-20,,3.768e+0,8.418e+1,4.098e+2,1.200e-8,3.037e-21,5.012e-24,,,,,,,,,,,,1.851e-19,,,,,,,,,6.233e-22,,2.530e-20,7.058e-19,,2.610e-18
269.18,5.077e+2,5.267e-21,7.868e-27,9.369e-28,,8.714e-27,1.876e-61,2.628e-22,4.849e-21,,1.483e-17,1.149e-19,2.788e-30,1.919e-18,2.373e-13,1.451e-33,,2.769e-28,2.721e-22,1.353e-21,2.831e-19,7.914e-15,1.984e-7,5.641e-20,8.838e-23,3.273e-1,2.328e-20,,3.860e+0,7.375e+1,4.297e+2,1.447e-8,3.038e-21,5.022e-24,,,,,,,,,,,,4.802e-19,,,,,,,,,6.232e-22,,2.578e-20,7.050e-19,,2.600e-18
269.21,5.164e+2,5.259e-21,2.916e-26,1.462e-27,,2.877e-27,1.856e-61,2.628e-22,4.968e-21,,1.491e-17,1.159e-19,2.793e-30,1.926e-18,7.708e-14,1.448e-33,,2.770e-28,2.331e-22,1.354e-21,2.832e-19,5.692e-15,7.574e-8,5.575e-20,8.857e-23,2.956e-1,2.315e-20,,3.970e+0,5.929e+1,4.528e+2,1.880e-8,3.039e-21,5.035e-24,,,,,,,,,,,,1.968e-18,,,,,,,,,6.230e-22,,2.651e-20,7.037e-19,,2.586e-18
269.23,5.179e+2,5.254e-21,6.894e-26,1.941e-27,,1.356e-27,1.843e-61,2.629e-22,5.047e-21,,1.497e-17,1.165e-19,2.797e-30,1.931e-18,3.594e-14,1.446e-33,,2.771e-28,2.075e-22,1.355e-21,2.834e-19,4.509e-15,3.933e-8,5.530e-20,8.869e-23,2.749e-1,2.306e-20,,4.024e+0,5.059e+1,4.630e+2,2.210e-8,3.040e-21,5.044e-24,,,,,,,,,,,,4.974e-18,,,,,,,,,6.229e-22,,2.700e-20,7.029e-19,,2.576e-18
269.25,5.156e+2,5.248e-21,1.613e-25,2.551e-27,,6.323e-28,1.830e-61,2.629e-22,5.126e-21,,1.503e-17,1.172e-19,2.801e-30,1.935e-18,1.658e-14,1.444e-33,,2.772e-28,1.828e-22,1.355e-21,2.835e-19,3.534e-15,2.021e-8,5.486e-20,8.882e-23,2.555e-1,2.297e-20,,4.059e+0,4.271e+1,4.686e+2,2.572e-8,3.040e-21,5.053e-24,,,,,,,,,,,,1.244e-17,,,,,,,,,6.228e-22,,2.748e-20,7.021e-19,,2.566e-18
269.28,5.050e+2,5.240e-21,5.660e-25,3.769e-27,,1.974e-28,1.811e-61,2.629e-22,5.245e-21,,1.511e-17,1.182e-19,2.806e-30,1.942e-18,5.093e-15,1.441e-33,,2.774e-28,1.481e-22,1.356e-21,2.837e-19,2.404e-15,7.296e-9,5.419e-20,8.901e-23,2.298e-1,2.283e-20,,4.078e+0,3.248e+1,4.682e+2,3.171e-8,3.041e-21,5.067e-24,,,,,,,,,,,,4.828e-17,,,,,,,,,6.227e-22,,2.821e-20,7.008e-19,,2.552e-18
269.3,4.931e+2,5.234e-21,1.290e-24,4.826e-27,,8.963e-29,1.798e-61,2.630e-22,5.325e-21,,1.517e-17,1.189e-19,2.810e-30,1.947e-18,2.288e-15,1.440e-33,,2.775e-28,1.271e-22,1.357e-21,2.838e-19,1.835e-15,3.651e-9,5.375e-20,8.914e-23,2.158e-1,2.275e-20,,4.067e+0,2.671e+1,4.621e+2,3.601e-8,3.042e-21,5.076e-24,,,,,,,,,,,,1.177e-16,,,,,,,,,6.226e-22,,2.869e-20,7.000e-19,,2.542e-18
269.33,4.686e+2,5.226e-21,4.353e-24,6.857e-27,,2.688e-29,1.778e-61,2.630e-22,5.444e-21,,1.526e-17,1.199e-19,2.816e-30,1.954e-18,6.752e-16,1.437e-33,,2.776e-28,9.898e-23,1.358e-21,2.840e-19,1.200e-15,1.266e-9,5.308e-20,8.933e-23,2.002e-1,2.261e-20,,4.015e+0,1.952e+1,4.449e+2,4.280e-8,3.043e-21,5.089e-24,,,,,,,,,,,,4.390e-16,,,,,,,,,6.224e-22,,2.942e-20,6.987e-19,,2.527e-18
269.35,4.483e+2,5.220e-21,9.668e-24,8.555e-27,,1.188e-29,1.765e-61,2.631e-22,5.523e-21,,1.532e-17,1.205e-19,2.819e-30,1.958e-18,2.953e-16,1.435e-33,,2.777e-28,8.270e-23,1.358e-21,2.841e-19,8.917e-16,6.169e-10,5.264e-20,8.945e-23,1.938e-1,2.252e-20,,3.959e+0,1.563e+1,4.285e+2,4.744e-8,3.044e-21,5.098e-24,,,,,,,,,,,,1.042e-15,,,,,,,,,6.223e-22,,2.990e-20,6.979e-19,,2.517e-18
269.38,4.132e+2,5.212e-21,3.137e-23,1.169e-26,,3.425e-30,1.746e-61,2.631e-22,5.642e-21,,1.540e-17,1.215e-19,2.825e-30,1.965e-18,8.373e-17,1.432e-33,,2.779e-28,6.191e-23,1.359e-21,2.843e-19,5.603e-16,2.056e-10,5.197e-20,8.964e-23,1.903e-1,2.239e-20,,3.843e+0,1.098e+1,3.981e+2,5.439e-8,3.045e-21,5.112e-24,,,,,,,,,,,,3.741e-15,,,,,,,,,6.221e-22,,3.063e-20,6.966e-19,,2.503e-18
269.4,3.874e+2,5.207e-21,6.788e-23,1.421e-26,,1.474e-30,1.733e-61,2.632e-22,5.721e-21,,1.546e-17,1.222e-19,2.829e-30,1.970e-18,3.566e-17,1.430e-33,,2.780e-28,5.037e-23,1.360e-21,2.844e-19,4.056e-16,9.753e-11,5.153e-20,8.977e-23,1.918e-1,2.230e-20,,3.749e+0,8.569e+0,3.749e+2,5.889e-8,3.046e-21,5.121e-24,,,,,,,,,,,,8.654e-15,,,,,,,,,6.220e-22,,3.112e-20,6.958e-19,,2.493e-18
269.43,3.468e+2,5.198e-21,2.118e-22,1.867e-26,,4.082e-31,1.713e-61,2.632e-22,5.840e-21,,1.555e-17,1.232e-19,2.834e-30,1.976e-18,9.714e-18,1.427e-33,,2.781e-28,3.625e-23,1.361e-21,2.846e-19,2.449e-16,3.123e-11,5.086e-20,8.996e-23,1.996e-1,2.217e-20,,3.586e+0,5.791e+0,3.372e+2,6.520e-8,3.047e-21,5.135e-24,,,,,,,,,,,,2.986e-14,,,,,,,,,6.219e-22,,3.184e-20,6.945e-19,,2.478e-18
269.45,3.193e+2,5.193e-21,4.465e-22,2.211e-26,,1.711e-31,1.700e-61,2.633e-22,5.920e-21,,1.560e-17,1.239e-19,2.838e-30,1.981e-18,4.028e-18,1.425e-33,,2.782e-28,2.872e-23,1.361e-21,2.847e-19,1.727e-16,1.443e-11,5.042e-20,9.008e-23,2.079e-1,2.208e-20,,3.468e+0,4.404e+0,3.113e+2,6.900e-8,3.048e-21,5.144e-24,,,,,,,,,,,,6.731e-14,,,,,,,,,6.218e-22,,3.233e-20,6.937e-19,,2.469e-18
269.48,2.790e+2,5.185e-21,1.340e-21,2.795e-26,,4.551e-32,1.681e-61,2.633e-22,6.039e-21,,1.569e-17,1.249e-19,2.844e-30,1.988e-18,1.054e-18,1.423e-33,,2.784e-28,1.986e-23,1.362e-21,2.849e-19,1.002e-16,4.439e-12,4.975e-20,9.027e-23,2.242e-1,2.194e-20,,3.283e+0,2.873e+0,2.726e+2,7.388e-8,3.049e-21,5.157e-24,,,,,,,,,,,,2.234e-13,,,,,,,,,6.216e-22,,3.305e-20,6.924e-19,,2.454e-18
269.5,2.533e+2,5.179e-21,2.752e-21,3.225e-26,,1.857e-32,1.668e-61,2.634e-22,6.118e-21,,1.575e-17,1.255e-19,2.847e-30,1.992e-18,4.256e-19,1.421e-33,,2.785e-28,1.533e-23,1.363e-21,2.850e-19,6.885e-17,1.996e-12,4.931e-20,9.040e-23,2.370e-1,2.186e-20,,3.160e+0,2.141e+0,2.478e+2,7.650e-8,3.050e-21,5.166e-24,,,,,,,,,,,,4.905e-13,,,,,,,,,6.215e-22,,3.354e-20,6.916e-19,,2.444e-18
269.53,2.178e+2,5.171e-21,7.941e-21,3.920e-26,,4.746e-33,1.648e-61,2.634e-22,6.237e-21,,1.584e-17,1.265e-19,2.853e-30,1.999e-18,1.070e-19,1.418e-33,,2.787e-28,1.019e-23,1.363e-21,2.852e-19,3.848e-17,5.902e-13,4.864e-20,9.059e-23,2.580e-1,2.172e-20,,2.986e+0,1.371e+0,2.132e+2,7.934e-8,3.051e-21,5.180e-24,,,,,,,,,,,,1.565e-12,,,,,,,,,6.213e-22,,3.427e-20,6.903e-19,,2.429e-18
269.55,1.964e+2,5.165e-21,1.589e-20,4.407e-26,,1.886e-33,1.635e-61,2.634e-22,6.316e-21,,1.589e-17,1.272e-19,2.857e-30,2.004e-18,4.208e-20,1.416e-33,,2.788e-28,7.659e-24,1.364e-21,2.853e-19,2.584e-17,2.585e-13,4.819e-20,9.071e-23,2.729e-1,2.163e-20,,2.881e+0,1.026e+0,1.922e+2,8.048e-8,3.052e-21,5.189e-24,,,,,,,,,,,,3.349e-12,,,,,,,,,6.212e-22,,3.475e-20,6.895e-19,,2.420e-18
269.58,1.683e+2,5.157e-21,4.409e-20,5.152e-26,,4.631e-34,1.616e-61,2.635e-22,6.435e-21,,1.598e-17,1.282e-19,2.862e-30,2.011e-18,1.017e-20,1.413e-33,,2.789e-28,4.893e-24,1.365e-21,2.855e-19,1.413e-17,7.343e-14,4.753e-20,9.090e-23,2.957e-1,2.150e-20,,2.754e+0,6.974e-1,1.645e+2,8.104e-8,3.053e-21,5.203e-24,,,,,,,,,,,,1.028e-11,,,,,,,,,6.211e-22,,3.548e-20,6.882e-19,,2.405e-18
269.6,1.522e+2,5.152e-21,8.595e-20,5.644e-26,,1.792e-34,1.603e-61,2.635e-22,6.515e-21,,1.604e-17,1.289e-19,2.866e-30,2.015e-18,3.891e-21,1.411e-33,,2.790e-28,3.581e-24,1.366e-21,2.856e-19,9.569e-18,3.131e-14,4.708e-20,9.103e-23,3.112e-1,2.141e-20,,2.695e+0,5.761e-1,1.487e+2,8.066e-8,3.054e-21,5.212e-24,,,,,,,,,,,,2.143e-11,,,,,,,,,6.210e-22,,3.596e-20,6.874e-19,,2.395e-18
269.62,1.383e+2,5.146e-21,1.658e-19,6.118e-26,,6.860e-35,1.590e-61,2.636e-22,6.594e-21,,1.610e-17,1.295e-19,2.870e-30,2.020e-18,1.474e-21,1.409e-33,,2.791e-28,2.594e-24,1.366e-21,2.857e-19,6.742e-18,1.321e-14,4.664e-20,9.115e-23,3.270e-1,2.132e-20,,2.662e+0,5.176e-1,1.348e+2,7.973e-8,3.054e-21,5.221e-24,,,,,,,,,,,,4.420e-11,,,,,,,,,6.209e-22,,3.645e-20,6.866e-19,,2.386e-18
269.65,1.210e+2,5.138e-21,4.356e-19,6.772e-26,,1.593e-35,1.571e-61,2.636e-22,6.713e-21,,1.618e-17,1.305e-19,2.875e-30,2.027e-18,3.366e-22,1.407e-33,,2.793e-28,1.568e-24,1.367e-21,2.859e-19,4.828e-18,3.548e-15,4.597e-20,9.134e-23,3.517e-1,2.119e-20,,2.671e+0,5.302e-1,1.175e+2,7.739e-8,3.056e-21,5.234e-24,,,,,,,,,,,,1.284e-10,,,,,,,,,6.207e-22,,3.718e-20,6.853e-19,,2.371e-18
269.67,1.117e+2,5.132e-21,8.188e-19,7.152e-26,,5.936e-36,1.558e-61,2.637e-22,6.792e-21,,1.624e-17,1.312e-19,2.879e-30,2.031e-18,1.241e-22,1.405e-33,,2.794e-28,1.106e-24,1.368e-21,2.860e-19,4.772e-18,1.458e-15,4.553e-20,9.147e-23,3.695e-1,2.110e-20,,2.722e+0,5.993e-1,1.080e+2,7.530e-8,3.056e-21,5.243e-24,,,,,,,,,,,,2.581e-10,,,,,,,,,6.206e-22,,3.766e-20,6.845e-19,,2.361e-18
269.7,1.007e+2,5.124e-21,2.069e-18,7.613e-26,,1.324e-36,1.538e-61,2.637e-22,6.911e-21,,1.633e-17,1.322e-19,2.884e-30,2.038e-18,2.724e-23,1.402e-33,,2.795e-28,6.423e-25,1.369e-21,2.862e-19,6.417e-18,3.762e-16,4.486e-20,9.166e-23,3.999e-1,2.096e-20,,2.879e+0,7.924e-1,9.658e+1,7.153e-8,3.057e-21,5.257e-24,,,,,,,,,,,,7.213e-10,,,,,,,,,6.204e-22,,3.839e-20,6.832e-19,,2.346e-18
269.72,9.488e+1,5.119e-21,3.788e-18,7.834e-26,,4.806e-37,1.525e-61,2.638e-22,6.991e-21,,1.638e-17,1.329e-19,2.888e-30,2.043e-18,2.710e-23,1.400e-33,,2.796e-28,4.413e-25,1.369e-21,2.863e-19,8.850e-18,1.505e-16,4.442e-20,9.178e-23,4.236e-1,2.088e-20,,3.043e+0,9.839e-1,9.043e+1,6.871e-8,3.058e-21,5.266e-24,,,,,,,,,,,,1.412e-9,,,,,,,,,6.203e-22,,3.887e-20,6.824e-19,,2.337e-18
269.75,8.820e+1,5.110e-21,9.204e-18,8.020e-26,,4.797e-37,1.506e-61,2.638e-22,7.110e-21,,1.647e-17,1.339e-19,2.894e-30,2.050e-18,2.689e-23,1.397e-33,,2.798e-28,2.463e-25,1.370e-21,2.865e-19,1.527e-17,3.732e-17,4.375e-20,9.197e-23,4.667e-1,2.074e-20,,3.387e+0,1.376e+0,8.297e+1,6.418e-8,3.059e-21,5.279e-24,,,,,,,,,,,,3.796e-9,,,,,,,,,6.202e-22,,3.960e-20,6.811e-19,,2.322e-18
269.77,8.486e+1,5.105e-21,1.642e-17,8.041e-26,,4.791e-37,1.493e-61,2.639e-22,7.189e-21,,1.653e-17,1.345e-19,2.898e-30,2.054e-18,2.674e-23,1.395e-33,,2.799e-28,1.648e-25,1.371e-21,2.866e-19,2.214e-17,1.454e-17,4.331e-20,9.210e-23,5.019e-1,2.065e-20,,3.686e+0,1.715e+0,7.896e+1,6.106e-8,3.060e-21,5.289e-24,,,,,,,,,,,,7.242e-9,,,,,,,,,6.201e-22,,4.008e-20,6.803e-19,,2.312e-18
269.8,8.130e+1,5.097e-21,3.837e-17,7.917e-26,,4.783e-37,1.473e-61,2.639e-22,7.308e-21,,1.661e-17,1.355e-19,2.903e-30,2.061e-18,2.653e-23,1.392e-33,,2.800e-28,8.844e-26,1.371e-21,2.868e-19,3.830e-17,3.464e-18,4.264e-20,9.229e-23,5.669e-1,2.052e-20,,4.246e+0,2.356e+0,7.413e+1,5.638e-8,3.061e-21,5.302e-24,,,,,,,,,,,,1.871e-8,,,,,,,,,6.199e-22,,4.081e-20,6.790e-19,,2.298e-18
269.82,7.983e+1,5.091e-21,6.669e-17,7.734e-26,,4.777e-37,1.460e-61,2.639e-22,7.387e-21,,1.667e-17,1.362e-19,2.907e-30,2.066e-18,2.639e-23,1.391e-33,,2.801e-28,5.763e-26,1.372e-21,2.869e-19,5.460e-17,1.314e-18,1.153e-19,9.241e-23,6.194e-1,2.043e-20,,4.693e+0,2.881e+0,7.164e+1,5.334e-8,3.062e-21,5.311e-24,,,,,,,,,,,,3.479e-8,,,,,,,,,6.198e-22,,4.130e-20,6.782e-19,,2.288e-18
269.85,7.904e+1,5.083e-21,1.499e-16,7.322e-26,,4.768e-37,1.441e-61,2.640e-22,7.506e-21,,1.676e-17,1.372e-19,2.912e-30,2.073e-18,2.617e-23,1.388e-33,,2.803e-28,2.972e-26,1.373e-21,2.871e-19,9.122e-17,3.007e-19,5.030e-19,9.260e-23,7.139e-1,2.030e-20,,5.474e+0,3.831e+0,6.902e+1,4.897e-8,3.063e-21,5.325e-24,,,,,,,,,,,,8.646e-8,,,,,,,,,6.196e-22,,4.202e-20,6.769e-19,,2.273e-18
269.87,7.957e+1,5.077e-21,2.538e-16,6.969e-26,,4.763e-37,1.428e-61,2.640e-22,7.586e-21,,1.682e-17,1.379e-19,2.916e-30,2.077e-18,2.603e-23,1.386e-33,,2.804e-28,1.886e-26,1.374e-21,2.872e-19,1.268e-16,1.111e-19,1.325e-18,9.273e-23,7.878e-1,2.021e-20,,6.064e+0,4.581e+0,6.814e+1,4.624e-8,3.064e-21,5.334e-24,,,,,,,,,,,,1.566e-7,,,,,,,,,6.195e-22,,4.251e-20,6.761e-19,,2.263e-18
269.9,8.228e+1,5.069e-21,5.484e-16,6.346e-26,,4.754e-37,1.408e-61,2.641e-22,7.705e-21,,1.690e-17,1.389e-19,2.922e-30,2.084e-18,2.582e-23,1.383e-33,,2.806e-28,9.348e-27,1.374e-21,2.874e-19,2.038e-16,2.443e-20,5.561e-18,9.292e-23,9.151e-1,2.007e-20,,7.042e+0,5.892e+0,6.843e+1,4.242e-8,3.065e-21,5.347e-24,,,,,,,,,,,,3.742e-7,,,,,,,,,6.194e-22,,4.323e-20,6.749e-19,,2.249e-18
269.92,8.560e+1,5.063e-21,9.048e-16,5.885e-26,,4.748e-37,1.395e-61,2.641e-22,7.784e-21,,1.696e-17,1.396e-19,2.925e-30,2.089e-18,2.568e-23,1.381e-33,,2.807e-28,5.778e-27,1.375e-21,2.875e-19,2.760e-16,2.476e-20,1.428e-17,9.304e-23,1.010e+0,1.999e-20,,7.745e+0,6.896e+0,6.995e+1,4.008e-8,3.066e-21,5.356e-24,,,,,,,,,,,,6.603e-7,,,,,,,,,6.193e-22,,4.372e-20,6.740e-19,,2.239e-18
269.95,9.335e+1,5.055e-21,1.880e-15,5.153e-26,,4.740e-37,1.376e-61,2.642e-22,7.903e-21,,1.705e-17,1.406e-19,2.931e-30,2.095e-18,2.546e-23,1.378e-33,,2.808e-28,2.752e-27,1.376e-21,2.877e-19,4.265e-16,2.526e-20,5.763e-17,9.323e-23,1.166e+0,1.985e-20,,8.853e+0,8.605e+0,7.472e+1,3.688e-8,3.067e-21,5.370e-24,,,,,,,,,,,,1.518e-6,,,,,,,,,6.191e-22,,4.445e-20,6.728e-19,,2.224e-18
269.97,1.007e+2,5.050e-21,3.022e-15,4.656e-26,,4.734e-37,1.363e-61,2.642e-22,7.983e-21,,1.710e-17,1.412e-19,2.935e-30,2.100e-18,2.532e-23,1.377e-33,,2.809e-28,1.657e-27,1.377e-21,2.878e-19,5.628e-16,2.559e-20,1.442e-16,9.336e-23,1.277e+0,1.976e-20,,9.611e+0,9.885e+0,7.990e+1,3.494e-8,3.068e-21,5.379e-24,,,,,,,,,,,,2.609e-6,,,,,,,,,6.190e-22,,4.493e-20,6.719e-19,,2.215e-18
270,1.154e+2,5.041e-21,6.040e-15,3.921e-26,,4.725e-37,1.343e-61,2.643e-22,8.102e-21,,1.719e-17,1.422e-19,2.940e-30,2.107e-18,2.511e-23,1.374e-33,,2.811e-28,7.585e-28,1.377e-21,2.880e-19,8.363e-16,2.609e-20,5.597e-16,9.355e-23,1.450e+0,1.963e-20,,1.074e+1,1.203e+1,9.122e+1,3.227e-8,3.069e-21,5.393e-24,,,,,,,,,,,,5.767e-6,,,,,,,,,6.189e-22,,4.566e-20,6.707e-19,,2.200e-18
270.02,1.281e+2,5.036e-21,9.460e-15,3.451e-26,,4.720e-37,1.330e-61,2.643e-22,8.181e-21,,1.725e-17,1.429e-19,2.944e-30,2.111e-18,2.497e-23,1.372e-33,,2.812e-28,4.447e-28,1.378e-21,2.881e-19,1.075e-15,2.642e-20,1.365e-15,9.367e-23,1.565e+0,1.954e-20,,1.148e+1,1.363e+1,1.014e+2,3.065e-8,3.070e-21,5.402e-24,,,,,,,,,,,,9.659e-6,,,,,,,,,6.187e-22,,4.614e-20,6.698e-19,,2.190e-18
270.04,1.432e+2,5.030e-21,1.466e-14,3.006e-26,,4.714e-37,1.317e-61,2.644e-22,8.260e-21,,1.731e-17,1.436e-19,2.948e-30,2.116e-18,2.482e-23,1.370e-33,,2.813e-28,2.579e-28,1.379e-21,2.883e-19,1.367e-15,2.675e-20,3.293e-15,9.380e-23,1.679e+0,1.945e-20,,1.217e+1,1.539e+1,1.140e+2,2.914e-8,3.070e-21,5.411e-24,,,,,,,,,,,,1.601e-5,,,,,,,,,6.186e-22,,4.663e-20,6.690e-19,,2.180e-18
270.07,1.707e+2,5.022e-21,2.775e-14,2.397e-26,,4.705e-37,1.298e-61,2.644e-22,8.379e-21,,1.739e-17,1.446e-19,2.953e-30,2.123e-18,2.461e-23,1.367e-33,,2.814e-28,1.117e-28,1.380e-21,2.885e-19,1.923e-15,2.725e-20,1.211e-14,9.399e-23,1.839e+0,1.932e-20,,1.312e+1,1.836e+1,1.374e+2,2.704e-8,3.071e-21,5.424e-24,,,,,,,,,,,,3.350e-5,,,,,,,,,6.185e-22,,4.735e-20,6.677e-19,,2.166e-18
270.09,1.924e+2,5.017e-21,4.190e-14,2.034e-26,,4.699e-37,1.285e-61,2.644e-22,8.459e-21,,1.745e-17,1.452e-19,2.957e-30,2.128e-18,2.447e-23,1.365e-33,,2.815e-28,6.311e-29,1.380e-21,2.886e-19,2.383e-15,2.758e-20,2.846e-14,9.411e-23,1.935e+0,1.923e-20,,1.367e+1,2.063e+1,1.561e+2,2.575e-8,3.072e-21,5.433e-24,,,,,,,,,,,,5.411e-5,,,,,,,,,6.184e-22,,4.784e-20,6.669e-19,,2.156e-18
270.12,2.298e+2,5.008e-21,7.625e-14,1.560e-26,,4.691e-37,1.266e-61,2.645e-22,8.578e-21,,1.754e-17,1.462e-19,2.963e-30,2.134e-18,2.426e-23,1.362e-33,,2.817e-28,2.627e-29,1.381e-21,2.888e-19,3.223e-15,2.808e-20,1.006e-13,9.430e-23,2.057e+0,1.909e-20,,1.435e+1,2.460e+1,1.888e+2,2.395e-8,3.073e-21,5.447e-24,,,,,,,,,,,,1.089e-4,,,,,,,,,6.182e-22,,4.857e-20,6.657e-19,,2.141e-18
270.14,2.578e+2,5.003e-21,1.122e-13,1.290e-26,,4.685e-37,1.253e-61,2.645e-22,8.657e-21,,1.759e-17,1.469e-19,2.966e-30,2.139e-18,2.411e-23,1.361e-33,,2.818e-28,1.446e-29,1.382e-21,2.889e-19,3.891e-15,2.841e-20,2.306e-13,9.443e-23,2.120e+0,1.901e-20,,1.470e+1,2.772e+1,2.133e+2,2.284e-8,3.074e-21,5.456e-24,,,,,,,,,,,,1.713e-4,,,,,,,,,6.181e-22,,4.905e-20,6.648e-19,,2.132e-18
270.17,3.041e+2,4.995e-21,1.964e-13,9.510e-27,,4.676e-37,1.233e-61,2.646e-22,8.776e-21,,1.768e-17,1.479e-19,2.972e-30,2.146e-18,2.390e-23,1.358e-33,,2.819e-28,5.784e-30,1.382e-21,2.891e-19,5.060e-15,2.890e-20,7.843e-13,9.462e-23,2.183e+0,1.887e-20,,1.506e+1,3.334e+1,2.535e+2,2.130e-8,3.075e-21,5.470e-24,,,,,,,,,,,,3.316e-4,,,,,,,,,6.180e-22,,4.978e-20,6.636e-19,,2.117e-18
270.19,3.373e+2,4.989e-21,2.815e-13,7.661e-27,,4.671e-37,1.220e-61,2.646e-22,8.855e-21,,1.774e-17,1.486e-19,2.976e-30,2.150e-18,2.376e-23,1.356e-33,,2.820e-28,3.099e-30,1.383e-21,2.892e-19,5.951e-15,2.924e-20,1.751e-12,9.474e-23,2.203e+0,1.878e-20,,1.519e+1,3.785e+1,2.820e+2,2.036e-8,3.076e-21,5.479e-24,,,,,,,,,,,,5.083e-4,,,,,,,,,6.178e-22,,5.026e-20,6.627e-19,,2.107e-18
270.22,3.895e+2,4.981e-21,4.739e-13,5.433e-27,,4.662e-37,1.201e-61,2.647e-22,8.974e-21,,1.783e-17,1.496e-19,2.981e-30,2.157e-18,2.354e-23,1.353e-33,,2.822e-28,1.192e-30,1.384e-21,2.894e-19,7.442e-15,2.973e-20,5.729e-12,9.493e-23,2.196e+0,1.865e-20,,1.525e+1,4.608e+1,3.260e+2,1.910e-8,3.077e-21,5.492e-24,,,,,,,,,,,,9.461e-4,,,,,,,,,6.177e-22,,5.099e-20,6.615e-19,,2.093e-18
270.24,4.252e+2,4.975e-21,6.619e-13,4.264e-27,,4.656e-37,1.188e-61,2.647e-22,9.054e-21,,1.788e-17,1.502e-19,2.985e-30,2.162e-18,2.340e-23,1.351e-33,,2.823e-28,6.219e-31,1.385e-21,2.895e-19,8.526e-15,3.006e-20,1.246e-11,9.506e-23,2.168e+0,1.856e-20,,1.520e+1,5.271e+1,3.552e+2,1.836e-8,3.078e-21,5.501e-24,,,,,,,,,,,,1.413e-3,,,,,,,,,6.176e-22,,5.148e-20,6.606e-19,,2.083e-18
270.27,4.790e+2,4.967e-21,1.072e-12,2.908e-27,,4.648e-37,1.168e-61,2.648e-22,9.173e-21,,1.797e-17,1.512e-19,2.991e-30,2.169e-18,2.319e-23,1.348e-33,,2.825e-28,2.298e-31,1.385e-21,2.897e-19,1.025e-14,3.056e-20,3.922e-11,9.525e-23,2.091e+0,1.843e-20,,1.503e+1,6.469e+1,3.972e+2,1.739e-8,3.079e-21,5.515e-24,,,,,,,,,,,,2.529e-3,,,,,,,,,6.174e-22,,5.220e-20,6.594e-19,,2.068e-18
270.29,5.141e+2,4.962e-21,1.459e-12,2.223e-27,,4.642e-37,1.155e-61,2.648e-22,9.252e-21,,1.803e-17,1.519e-19,2.994e-30,2.173e-18,2.305e-23,1.346e-33,,2.826e-28,1.168e-31,1.386e-21,2.898e-19,1.144e-14,3.089e-20,8.314e-11,9.538e-23,2.019e+0,1.834e-20,,1.487e+1,7.418e+1,4.230e+2,1.684e-8,3.080e-21,5.524e-24,,,,,,,,,,,,3.680e-3,,,,,,,,,6.173e-22,,5.269e-20,6.585e-19,,2.058e-18
270.32,5.643e+2,4.953e-21,2.272e-12,1.458e-27,,4.633e-37,1.136e-61,2.649e-22,9.371e-21,,1.811e-17,1.529e-19,3.000e-30,2.180e-18,1.015e-22,1.344e-33,,2.827e-28,4.150e-32,1.387e-21,2.900e-19,1.323e-14,3.139e-20,2.517e-10,9.556e-23,1.884e+0,1.820e-20,,1.461e+1,9.092e+1,4.569e+2,1.616e-8,3.081e-21,5.537e-24,,,,,,,,,,,,6.335e-3,,,,,,,,,6.172e-22,,5.341e-20,6.573e-19,,2.044e-18
270.34,5.953e+2,4.948e-21,3.013e-12,1.086e-27,,4.628e-37,1.123e-61,2.649e-22,9.450e-21,,1.817e-17,1.536e-19,3.004e-30,2.185e-18,2.694e-22,1.342e-33,,2.828e-28,2.054e-32,1.388e-21,2.901e-19,1.438e-14,3.172e-20,5.198e-10,9.569e-23,1.779e+0,1.812e-20,,1.443e+1,1.038e+2,4.753e+2,1.578e-8,3.082e-21,5.547e-24,,,,,,,,,,,,8.981e-3,,,,,,,,,6.171e-22,,5.390e-20,6.564e-19,,2.034e-18
270.37,6.372e+2,4.940e-21,4.514e-12,6.849e-28,,4.619e-37,1.103e-61,2.650e-22,9.569e-21,,1.826e-17,1.546e-19,3.009e-30,2.192e-18,1.142e-21,1.339e-33,,2.830e-28,7.013e-33,1.388e-21,2.903e-19,1.599e-14,3.222e-20,1.514e-9,9.588e-23,1.607e+0,1.798e-20,,1.419e+1,1.257e+2,4.956e+2,1.532e-8,3.083e-21,5.560e-24,,,,,,,,,,,,1.487e-2,,,,,,,,,6.169e-22,,5.463e-20,6.552e-19,,2.019e-18
270.39,6.615e+2,4.934e-21,5.835e-12,4.971e-28,,4.613e-37,1.090e-61,2.650e-22,9.649e-21,,1.832e-17,1.552e-19,3.013e-30,2.196e-18,2.953e-21,1.337e-33,,2.831e-28,3.381e-33,1.389e-21,2.904e-19,1.694e-14,3.255e-20,3.046e-9,9.601e-23,1.484e+0,1.789e-20,,1.406e+1,1.420e+2,5.039e+2,1.507e-8,3.084e-21,5.569e-24,,,,,,,,,,,,2.053e-2,,,,,,,,,6.168e-22,,5.511e-20,6.544e-19,,2.010e-18
270.41,6.826e+2,4.928e-21,7.464e-12,3.571e-28,,4.607e-37,1.077e-61,2.650e-22,9.728e-21,,1.837e-17,1.559e-19,3.017e-30,2.201e-18,7.556e-21,1.335e-33,,2.832e-28,1.613e-33,1.390e-21,2.905e-19,1.775e-14,3.288e-20,6.068e-9,9.613e-23,1.359e+0,1.780e-20,,1.396e+1,1.595e+2,5.077e+2,1.484e-8,3.084e-21,5.578e-24,,,,,,,,,,,,2.807e-2,,,,,,,,,6.167e-22,,5.560e-20,6.535e-19,,2.000e-18
270.44,7.079e+2,4.920e-21,1.059e-11,2.132e-28,,4.599e-37,1.058e-61,2.651e-22,9.847e-21,,1.846e-17,1.569e-19,3.022e-30,2.208e-18,3.034e-20,1.332e-33,,2.833e-28,5.208e-34,1.390e-21,2.907e-19,1.868e-14,3.338e-20,1.673e-8,9.632e-23,1.172e+0,1.767e-20,,1.387e+1,1.876e+2,5.053e+2,1.453e-8,3.086e-21,5.592e-24,,,,,,,,,,,,4.399e-2,,,,,,,,,6.165e-22,,5.632e-20,6.523e-19,,1.985e-18
270.46,7.207e+2,4.915e-21,1.320e-11,1.492e-28,,4.593e-37,1.045e-61,2.651e-22,9.926e-21,,1.852e-17,1.576e-19,3.026e-30,2.212e-18,7.566e-20,1.330e-33,,2.834e-28,2.419e-34,1.391e-21,2.908e-19,1.908e-14,3.371e-20,3.248e-8,9.645e-23,1.050e+0,1.758e-20,,1.385e+1,2.072e+2,4.985e+2,1.432e-8,3.086e-21,5.601e-24,,,,,,,,,,,,5.859e-2,,,,,,,,,6.164e-22,,5.681e-20,6.514e-19,,1.975e-18
270.49,7.337e+2,4.906e-21,1.803e-11,8.564e-29,,4.584e-37,1.025e-61,2.652e-22,1.005e-20,,1.860e-17,1.586e-19,3.031e-30,2.219e-18,2.923e-19,1.328e-33,,2.836e-28,7.510e-35,1.392e-21,2.910e-19,1.930e-14,3.421e-20,8.615e-8,9.664e-23,8.764e-1,1.745e-20,,1.387e+1,2.371e+2,4.817e+2,1.398e-8,3.087e-21,5.614e-24,,,,,,,,,,,,8.830e-2,,,,,,,,,6.163e-22,,5.753e-20,6.502e-19,,1.961e-18
270.51,7.386e+2,4.901e-21,2.191e-11,5.838e-29,,4.579e-37,1.012e-61,2.652e-22,1.012e-20,,1.866e-17,1.592e-19,3.035e-30,2.224e-18,7.103e-19,1.326e-33,,2.837e-28,3.398e-35,1.393e-21,2.911e-19,1.920e-14,3.454e-20,1.629e-7,9.676e-23,7.683e-1,1.736e-20,,1.391e+1,2.570e+2,4.668e+2,1.372e-8,3.088e-21,5.623e-24,,,,,,,,,,,,1.146e-1,,,,,,,,,6.162e-22,,5.802e-20,6.493e-19,,1.951e-18
270.54,7.410e+2,4.893e-21,2.879e-11,3.223e-29,,4.570e-37,9.930e-62,2.653e-22,1.024e-20,,1.875e-17,1.602e-19,3.041e-30,2.230e-18,2.639e-18,1.323e-33,,2.838e-28,1.014e-35,1.393e-21,2.913e-19,1.868e-14,3.504e-20,4.157e-7,9.695e-23,6.205e-1,1.722e-20,,1.400e+1,2.857e+2,4.404e+2,1.328e-8,3.089e-21,5.637e-24,,,,,,,,,,,,1.661e-1,,,,,,,,,6.160e-22,,5.875e-20,6.481e-19,,1.936e-18
270.56,7.396e+2,4.887e-21,3.410e-11,2.141e-29,,4.564e-37,9.800e-62,2.653e-22,1.032e-20,,1.881e-17,1.609e-19,3.044e-30,2.235e-18,6.251e-18,1.321e-33,,2.839e-28,4.467e-36,1.394e-21,2.914e-19,1.810e-14,3.537e-20,7.662e-7,9.708e-23,5.323e-1,1.714e-20,,1.408e+1,3.036e+2,4.212e+2,1.296e-8,3.090e-21,5.646e-24,,,,,,,,,,,,2.100e-1,,,,,,,,,6.159e-22,,5.923e-20,6.472e-19,,1.927e-18
270.59,7.342e+2,4.879e-21,4.312e-11,1.136e-29,,4.556e-37,9.605e-62,2.654e-22,1.044e-20,,1.889e-17,1.619e-19,3.050e-30,2.242e-18,2.234e-17,1.318e-33,,2.841e-28,1.281e-36,1.395e-21,2.916e-19,1.694e-14,3.586e-20,1.880e-6,9.727e-23,4.161e-1,1.700e-20,,1.420e+1,3.276e+2,3.916e+2,1.241e-8,3.091e-21,5.660e-24,,,,,,,,,,,,2.927e-1,,,,,,,,,6.157e-22,,5.996e-20,6.460e-19,,1.912e-18
270.61,7.287e+2,4.873e-21,4.979e-11,7.353e-30,,4.550e-37,9.475e-62,2.654e-22,1.052e-20,,1.895e-17,1.626e-19,3.054e-30,2.247e-18,5.157e-17,1.316e-33,,2.842e-28,5.496e-37,1.396e-21,2.917e-19,1.599e-14,3.620e-20,3.377e-6,9.739e-23,3.493e-1,1.691e-20,,1.428e+1,3.413e+2,3.724e+2,1.203e-8,3.092e-21,5.669e-24,,,,,,,,,,,,3.605e-1,,,,,,,,,6.156e-22,,6.044e-20,6.451e-19,,1.902e-18
270.64,7.185e+2,4.865e-21,6.062e-11,3.753e-30,,4.541e-37,9.281e-62,2.655e-22,1.064e-20,,1.904e-17,1.636e-19,3.059e-30,2.253e-18,1.774e-16,1.314e-33,,2.844e-28,1.515e-37,1.396e-21,2.919e-19,1.438e-14,3.669e-20,7.970e-6,9.758e-23,2.643e-1,1.678e-20,,1.438e+1,3.576e+2,3.458e+2,1.143e-8,3.093e-21,5.682e-24,,,,,,,,,,,,4.832e-1,,,,,,,,,6.155e-22,,6.117e-20,6.439e-19,,1.887e-18
270.66,7.109e+2,4.860e-21,6.826e-11,2.366e-30,,4.536e-37,9.151e-62,2.655e-22,1.072e-20,,1.909e-17,1.642e-19,3.063e-30,2.258e-18,3.989e-16,1.312e-33,,2.845e-28,6.331e-38,1.397e-21,2.920e-19,1.323e-14,3.702e-20,1.395e-5,9.771e-23,2.170e-1,1.669e-20,,1.445e+1,3.654e+2,3.302e+2,1.103e-8,3.094e-21,5.691e-24,,,,,,,,,,,,5.798e-1,,,,,,,,,6.154e-22,,6.166e-20,6.431e-19,,1.878e-18
270.69,6.991e+2,4.851e-21,8.003e-11,1.161e-30,,4.527e-37,8.956e-62,2.656e-22,1.084e-20,,1.918e-17,1.652e-19,3.069e-30,2.265e-18,1.320e-15,1.309e-33,,2.846e-28,1.677e-38,1.398e-21,2.922e-19,1.144e-14,3.752e-20,3.167e-5,9.790e-23,1.589e-1,1.656e-20,,1.454e+1,3.723e+2,3.114e+2,1.044e-8,3.095e-21,5.705e-24,,,,,,,,,,,,7.475e-1,,,,,,,,,6.152e-22,,6.238e-20,6.418e-19,,1.863e-18
270.71,6.914e+2,4.846e-21,8.788e-11,7.133e-31,,4.521e-37,8.826e-62,2.656e-22,1.092e-20,,1.924e-17,1.659e-19,3.072e-30,2.269e-18,2.893e-15,1.307e-33,,2.847e-28,6.826e-39,1.398e-21,2.923e-19,1.025e-14,3.785e-20,5.400e-5,9.802e-23,1.277e-1,1.647e-20,,1.460e+1,3.736e+2,3.022e+2,1.008e-8,3.096e-21,5.714e-24,,,,,,,,,,,,8.739e-1,,,,,,,,,6.151e-22,,6.287e-20,6.410e-19,,1.853e-18
270.74,6.808e+2,4.838e-21,9.925e-11,3.367e-31,,4.513e-37,8.632e-62,2.657e-22,1.104e-20,,1.932e-17,1.669e-19,3.078e-30,2.276e-18,9.206e-15,1.304e-33,,2.849e-28,1.738e-39,1.399e-21,2.925e-19,8.526e-15,3.835e-20,1.179e-4,9.821e-23,9.048e-2,1.633e-20,,1.469e+1,3.708e+2,2.942e+2,9.580e-9,3.097e-21,5.728e-24,,,,,,,,,,,,1.083e+0,,,,,,,,,6.149e-22,,6.359e-20,6.397e-19,,1.839e-18
270.76,6.750e+2,4.832e-21,1.063e-10,2.014e-31,,4.507e-37,8.502e-62,2.657e-22,1.112e-20,,1.938e-17,1.676e-19,3.082e-30,2.281e-18,1.966e-14,1.302e-33,,2.850e-28,6.888e-40,1.400e-21,2.926e-19,7.442e-15,3.868e-20,1.960e-4,9.834e-23,7.113e-2,1.625e-20,,1.474e+1,3.660e+2,2.930e+2,9.285e-9,3.098e-21,5.737e-24,,,,,,,,,,,,1.234e+0,,,,,,,,,6.148e-22,,6.408e-20,6.389e-19,,1.829e-18
270.78,6.705e+2,4.827e-21,1.128e-10,1.193e-31,,4.501e-37,8.372e-62,2.657e-22,1.120e-20,,1.944e-17,1.682e-19,3.085e-30,2.285e-18,4.157e-14,1.300e-33,,2.851e-28,2.702e-40,1.401e-21,2.927e-19,6.428e-15,3.901e-20,3.223e-4,9.846e-23,5.544e-2,1.616e-20,,1.480e+1,3.590e+2,2.953e+2,9.020e-9,3.098e-21,5.746e-24,,,,,,,,,,,,1.391e+0,,,,,,,,,6.147e-22,,6.456e-20,6.380e-19,,1.819e-18
270.81,6.673e+2,4.818e-21,1.210e-10,5.329e-32,,4.492e-37,8.177e-62,2.658e-22,1.131e-20,,1.953e-17,1.692e-19,3.091e-30,2.292e-18,1.253e-13,1.298e-33,,2.852e-28,6.507e-41,1.401e-21,2.929e-19,5.060e-15,3.951e-20,6.666e-4,9.865e-23,3.755e-2,1.602e-20,,1.489e+1,3.452e+2,3.056e+2,8.677e-9,3.100e-21,5.759e-24,,,,,,,,,,,,1.633e+0,,,,,,,,,6.146e-22,,6.529e-20,6.368e-19,,1.804e-18
270.83,6.682e+2,4.813e-21,1.252e-10,3.074e-32,,4.487e-37,8.048e-62,2.658e-22,1.139e-20,,1.958e-17,1.699e-19,3.095e-30,2.297e-18,2.582e-13,1.296e-33,,2.853e-28,2.486e-41,1.402e-21,2.931e-19,4.258e-15,3.984e-20,1.068e-3,9.878e-23,2.869e-2,1.593e-20,,1.494e+1,3.341e+2,3.174e+2,8.477e-9,3.100e-21,5.768e-24,,,,,,,,,,,,1.794e+0,4.688e-19,,,,,,,,6.145e-22,,6.578e-20,6.359e-19,,1.795e-18
270.86,6.752e+2,4.805e-21,1.296e-10,1.321e-32,,4.478e-37,7.853e-62,2.659e-22,1.151e-20,,1.967e-17,1.709e-19,3.100e-30,2.304e-18,7.489e-13,1.293e-33,,2.855e-28,5.754e-42,1.403e-21,2.932e-19,3.223e-15,4.034e-20,2.125e-3,9.897e-23,1.895e-2,1.580e-20,,1.501e+1,3.153e+2,3.428e+2,8.205e-9,3.101e-21,5.782e-24,,,,,,,,,,,,2.024e+0,2.085e-18,,,,,,,,6.143e-22,,6.650e-20,6.347e-19,,1.780e-18
270.88,6.846e+2,4.799e-21,1.310e-10,7.421e-33,,4.472e-37,7.723e-62,2.659e-22,1.159e-20,,1.973e-17,1.716e-19,3.104e-30,2.308e-18,1.503e-12,1.291e-33,,2.856e-28,2.141e-42,1.404e-21,2.934e-19,2.642e-15,4.067e-20,3.318e-3,9.909e-23,1.433e-2,1.571e-20,,1.504e+1,3.019e+2,3.655e+2,8.032e-9,3.102e-21,5.791e-24,,,,,,,,,,,,2.166e+0,5.567e-18,,,,,,,,6.142e-22,,6.699e-20,6.338e-19,,1.770e-18
270.91,7.074e+2,4.791e-21,1.308e-10,3.065e-33,,4.464e-37,7.528e-62,2.660e-22,1.171e-20,,1.982e-17,1.726e-19,3.110e-30,2.315e-18,4.195e-12,1.288e-33,,2.857e-28,4.762e-43,1.404e-21,2.935e-19,1.923e-15,4.117e-20,6.349e-3,9.928e-23,9.562e-3,1.558e-20,,1.504e+1,2.811e+2,4.089e+2,7.766e-9,3.103e-21,5.804e-24,,,,,,,,,,,,2.352e+0,2.382e-17,,,,,,,,6.140e-22,,6.771e-20,6.326e-19,,1.756e-18
270.93,7.294e+2,4.785e-21,1.291e-10,1.678e-33,,4.458e-37,7.399e-62,2.660e-22,1.179e-20,,1.987e-17,1.732e-19,3.113e-30,2.320e-18,8.208e-12,1.286e-33,,2.858e-28,4.750e-43,1.405e-21,2.937e-19,1.536e-15,4.150e-20,9.661e-3,9.941e-23,7.524e-3,1.549e-20,,1.502e+1,2.671e+2,4.448e+2,7.572e-9,3.104e-21,5.814e-24,,,,,,,,,,,,2.452e+0,6.200e-17,,,,,,,,6.139e-22,,6.820e-20,6.318e-19,,1.746e-18
270.96,7.742e+2,4.777e-21,1.245e-10,6.666e-34,,4.449e-37,7.204e-62,2.661e-22,1.191e-20,,1.996e-17,1.742e-19,3.119e-30,2.327e-18,2.203e-11,1.283e-33,,2.860e-28,4.732e-43,1.406e-21,2.938e-19,1.075e-15,4.200e-20,1.778e-2,9.960e-23,5.829e-3,1.535e-20,,1.490e+1,2.465e+2,5.102e+2,7.243e-9,3.105e-21,5.827e-24,,,,,,,,,,,,2.559e+0,2.553e-16,,,,,,,,6.138e-22,,6.893e-20,6.305e-19,2.192e-20,1.731e-18
270.98,8.131e+2,4.771e-21,1.201e-10,3.555e-34,,4.444e-37,7.074e-62,2.661e-22,1.199e-20,,2.002e-17,1.749e-19,3.123e-30,2.331e-18,4.200e-11,1.282e-33,,2.861e-28,4.720e-43,1.406e-21,2.940e-19,8.363e-16,4.233e-20,2.636e-2,9.972e-23,5.482e-3,1.527e-20,,1.478e+1,2.333e+2,5.624e+2,6.992e-9,3.106e-21,5.836e-24,,,,,,,,,,,,2.600e+0,6.475e-16,,,,,,,,6.137e-22,,6.941e-20,6.297e-19,5.878e-20,1.721e-18
271.01,8.866e+2,4.763e-21,1.120e-10,1.358e-34,,4.435e-37,6.879e-62,2.662e-22,1.211e-20,,2.010e-17,1.759e-19,3.128e-30,2.338e-18,1.085e-10,1.279e-33,,2.863e-28,4.702e-43,1.407e-21,2.941e-19,5.628e-16,4.283e-20,4.668e-2,9.991e-23,6.046e-3,1.513e-20,,1.449e+1,2.145e+2,6.550e+2,6.561e-9,3.107e-21,5.850e-24,,,,,,,,,,,,2.610e+0,2.565e-15,,,,,,,,6.135e-22,,7.014e-20,6.284e-19,2.532e-19,1.707e-18
271.03,9.466e+2,4.758e-21,1.057e-10,7.054e-35,,4.429e-37,6.750e-62,2.662e-22,1.219e-20,,2.016e-17,1.766e-19,3.132e-30,2.343e-18,2.015e-10,1.277e-33,,2.864e-28,4.689e-43,1.408e-21,2.943e-19,4.265e-16,4.316e-20,6.743e-2,1.000e-22,7.161e-3,1.504e-20,,1.423e+1,2.027e+2,7.270e+2,6.238e-9,3.108e-21,5.859e-24,,,,,,,,,,,,2.583e+0,6.341e-15,,,,,,,,6.134e-22,,7.062e-20,6.276e-19,6.617e-19,1.697e-18
271.06,1.054e+3,4.749e-21,9.527e-11,2.591e-35,,4.421e-37,6.555e-62,2.662e-22,1.231e-20,,2.025e-17,1.776e-19,3.137e-30,2.350e-18,5.006e-10,1.274e-33,,2.865e-28,4.671e-43,1.409e-21,2.944e-19,2.760e-16,4.365e-20,1.148e-1,1.002e-22,1.007e-2,1.491e-20,,1.372e+1,1.863e+2,8.516e+2,5.704e-9,3.109e-21,5.872e-24,,,,,,,,,,,,2.493e+0,2.417e-14,,,,,,,,6.132e-22,,7.135e-20,6.263e-19,2.742e-18,1.682e-18
271.08,1.138e+3,4.744e-21,8.796e-11,1.311e-35,,4.415e-37,6.425e-62,2.663e-22,1.239e-20,,2.031e-17,1.782e-19,3.141e-30,2.354e-18,9.065e-10,1.272e-33,,2.866e-28,4.659e-43,1.409e-21,2.946e-19,2.038e-16,4.399e-20,1.617e-1,1.004e-22,1.298e-2,1.482e-20,,1.331e+1,1.763e+2,9.462e+2,5.321e-9,3.110e-21,5.881e-24,,,,,,,,,,,,2.404e+0,5.823e-14,,,,,,,,6.131e-22,,7.183e-20,6.255e-19,6.985e-18,1.673e-18
271.11,1.283e+3,4.736e-21,7.679e-11,4.631e-36,,4.406e-37,6.230e-62,2.663e-22,1.250e-20,,2.039e-17,1.792e-19,3.147e-30,2.361e-18,2.166e-9,1.269e-33,,2.868e-28,4.641e-43,1.410e-21,2.947e-19,1.268e-16,4.448e-20,2.648e-1,1.005e-22,1.911e-2,1.469e-20,,1.258e+1,1.625e+2,1.105e+3,4.721e-9,3.111e-21,5.895e-24,,,,,,,,,,,,2.232e+0,2.136e-13,,,,,,,,6.130e-22,,7.256e-20,6.242e-19,2.786e-17,1.658e-18
271.13,1.391e+3,4.730e-21,6.941e-11,2.285e-36,,4.400e-37,6.101e-62,2.664e-22,1.258e-20,,2.045e-17,1.799e-19,3.150e-30,2.366e-18,3.823e-9,1.267e-33,,2.869e-28,4.629e-43,1.411e-21,2.949e-19,9.120e-17,4.481e-20,3.633e-1,1.007e-22,2.462e-2,1.460e-20,,1.203e+1,1.541e+2,1.223e+3,4.311e-9,3.112e-21,5.904e-24,,,,,,,,,,,,2.097e+0,5.015e-13,,,,,,,,6.129e-22,,7.305e-20,6.234e-19,6.916e-17,1.648e-18
271.15,1.509e+3,4.725e-21,6.221e-11,1.119e-36,,4.395e-37,5.971e-62,2.664e-22,1.266e-20,,2.051e-17,1.806e-19,3.154e-30,2.370e-18,6.676e-9,1.266e-33,,2.870e-28,4.617e-43,1.412e-21,2.950e-19,6.492e-17,4.515e-20,4.932e-1,1.008e-22,3.148e-2,1.451e-20,,1.143e+1,1.464e+2,1.348e+3,3.902e-9,3.113e-21,5.913e-24,,,,,,,,,,,,1.949e+0,1.165e-12,,,,,,,,6.128e-22,,7.353e-20,6.226e-19,1.699e-16,1.638e-18
271.18,1.699e+3,4.716e-21,5.199e-11,3.896e-37,,4.386e-37,5.776e-62,2.665e-22,1.278e-20,,2.059e-17,1.816e-19,3.160e-30,2.377e-18,1.511e-8,1.263e-33,,2.871e-28,4.598e-43,1.412e-21,2.952e-19,3.823e-17,4.564e-20,7.651e-1,1.010e-22,4.475e-2,1.438e-20,,1.046e+1,1.365e+2,1.550e+3,3.302e-9,3.114e-21,5.927e-24,,,,,,,,,,,,1.714e+0,4.050e-12,,,,,,,,6.126e-22,,7.426e-20,6.213e-19,6.421e-16,1.624e-18
271.2,1.835e+3,4.711e-21,4.565e-11,2.158e-37,,4.380e-37,5.646e-62,2.665e-22,1.286e-20,,2.065e-17,1.822e-19,3.163e-30,2.382e-18,2.572e-8,1.261e-33,,2.872e-28,4.586e-43,1.413e-21,2.953e-19,2.651e-17,4.597e-20,1.012e+0,1.011e-22,5.589e-2,1.429e-20,,9.778e+0,1.311e+2,1.691e+3,2.920e-9,3.114e-21,5.936e-24,,,,,,,,,,,,1.552e+0,9.172e-12,,,,,,,,6.125e-22,,7.474e-20,6.205e-19,1.538e-15,1.614e-18
271.23,2.046e+3,4.703e-21,3.701e-11,1.847e-37,,4.372e-37,5.452e-62,2.666e-22,1.298e-20,,2.074e-17,1.832e-19,3.169e-30,2.388e-18,5.602e-8,1.258e-33,,2.874e-28,4.568e-43,1.414e-21,2.955e-19,1.501e-17,4.647e-20,1.510e+0,1.013e-22,7.656e-2,1.415e-20,,8.722e+0,1.254e+2,1.909e+3,2.384e-9,3.116e-21,5.949e-24,,,,,,,,,,,,1.312e+0,3.067e-11,,,,,,,,6.123e-22,,7.547e-20,6.192e-19,5.591e-15,1.599e-18
271.25,2.189e+3,4.697e-21,3.185e-11,3.056e-37,,4.366e-37,5.322e-62,2.666e-22,1.306e-20,,2.080e-17,1.839e-19,3.173e-30,2.393e-18,9.290e-8,1.256e-33,,2.875e-28,4.556e-43,1.415e-21,2.956e-19,1.014e-17,4.680e-20,1.947e+0,1.014e-22,9.323e-2,1.406e-20,,8.013e+0,1.239e+2,2.054e+3,2.058e-9,3.116e-21,5.958e-24,,,,,,,,,,,,1.158e+0,6.770e-11,,,,,,,,6.122e-22,,7.596e-20,6.184e-19,1.305e-14,1.590e-18
271.28,2.402e+3,4.689e-21,2.505e-11,8.929e-37,,4.357e-37,5.127e-62,1.180e-21,1.318e-20,,2.088e-17,1.849e-19,3.178e-30,2.400e-18,1.946e-7,1.253e-33,,2.876e-28,4.538e-43,1.415e-21,2.958e-19,5.522e-18,4.730e-20,2.795e+0,1.016e-22,1.229e-1,1.393e-20,,6.966e+0,1.262e+2,2.265e+3,1.621e-9,3.117e-21,5.972e-24,,,,,,,,,,,,9.413e-1,2.178e-10,,,,,,,,6.121e-22,,7.668e-20,6.171e-19,4.565e-14,1.575e-18
271.3,2.541e+3,4.683e-21,2.113e-11,1.888e-36,,4.352e-37,4.997e-62,3.142e-21,1.326e-20,,2.094e-17,1.856e-19,3.182e-30,2.404e-18,3.146e-7,1.251e-33,,2.878e-28,4.525e-43,1.416e-21,2.959e-19,3.634e-18,4.763e-20,3.510e+0,1.017e-22,1.458e-1,1.384e-20,,6.293e+0,1.320e+2,2.398e+3,1.365e-9,3.118e-21,5.981e-24,,,,,,,,,,,,8.093e-1,4.686e-10,,,,,,,,6.120e-22,,7.717e-20,6.163e-19,1.039e-13,1.565e-18
271.33,2.736e+3,4.675e-21,1.613e-11,5.745e-36,,4.343e-37,4.803e-62,1.339e-20,1.338e-20,,2.103e-17,1.866e-19,3.188e-30,2.411e-18,6.340e-7,1.249e-33,,2.879e-28,4.507e-43,1.417e-21,2.961e-19,1.903e-18,4.813e-20,4.846e+0,1.019e-22,1.848e-1,1.371e-20,,5.343e+0,1.495e+2,2.576e+3,1.036e-9,3.119e-21,5.995e-24,,,,,,,,,,,,6.327e-1,1.450e-9,,,,,,,,6.118e-22,,7.789e-20,6.150e-19,3.496e-13,1.550e-18
271.35,2.856e+3,4.670e-21,1.334e-11,1.192e-35,,4.337e-37,4.673e-62,3.473e-20,1.346e-20,,2.108e-17,1.872e-19,3.191e-30,2.416e-18,9.987e-7,1.247e-33,,2.880e-28,4.495e-43,1.417e-21,2.962e-19,1.220e-18,4.846e-20,5.932e+0,1.021e-22,2.137e-1,1.362e-20,,4.759e+0,1.687e+2,2.676e+3,8.511e-10,3.120e-21,6.004e-24,,,,,,,,,,,,5.300e-1,3.041e-9,,,,,,,,6.117e-22,,7.838e-20,6.142e-19,7.752e-13,1.541e-18
271.38,3.018e+3,4.661e-21,9.885e-12,3.497e-35,,4.328e-37,4.478e-62,1.424e-19,1.358e-20,,2.117e-17,1.882e-19,3.197e-30,2.423e-18,1.936e-6,1.244e-33,,2.882e-28,4.477e-43,1.418e-21,2.964e-19,6.141e-19,4.896e-20,7.877e+0,1.022e-22,2.606e-1,1.348e-20,,3.971e+0,2.126e+2,2.793e+3,6.221e-10,3.121e-21,6.017e-24,,,,,,,,,,,,3.985e-1,9.058e-9,,,,,,,,6.115e-22,,7.911e-20,6.129e-19,2.511e-12,1.526e-18
271.4,3.112e+3,4.656e-21,8.013e-12,7.075e-35,,4.323e-37,4.348e-62,3.607e-19,1.366e-20,,2.123e-17,1.889e-19,3.201e-30,2.427e-18,2.972e-6,1.242e-33,,2.883e-28,4.465e-43,1.419e-21,2.965e-19,3.836e-19,1.322e-19,9.395e+0,1.024e-22,2.936e-1,1.340e-20,,3.510e+0,2.543e+2,2.844e+3,4.986e-10,3.122e-21,6.026e-24,,,,,,,,,,,,3.252e-1,1.851e-8,,,,,,,,6.114e-22,,7.959e-20,6.121e-19,5.426e-12,1.516e-18
271.43,3.235e+3,4.648e-21,5.759e-12,1.997e-34,,4.314e-37,4.154e-62,1.423e-18,1.377e-20,,2.131e-17,1.899e-19,3.206e-30,2.434e-18,5.544e-6,1.239e-33,,2.884e-28,4.446e-43,1.420e-21,2.967e-19,1.857e-19,5.757e-19,1.200e+1,1.026e-22,3.444e-1,1.326e-20,,2.921e+0,3.407e+2,2.879e+3,3.510e-10,3.123e-21,6.040e-24,,,,,,,,,,,,2.352e-1,5.305e-8,,,,,,,,6.113e-22,,8.032e-20,6.108e-19,1.691e-11,1.502e-18
271.45,3.306e+3,4.642e-21,4.574e-12,3.937e-34,,4.308e-37,4.024e-62,3.509e-18,1.385e-20,,2.137e-17,1.906e-19,3.210e-30,2.439e-18,8.293e-6,1.237e-33,,2.885e-28,4.434e-43,1.420e-21,2.968e-19,1.130e-19,1.515e-18,1.395e+1,1.027e-22,3.781e-1,1.317e-20,,2.597e+0,4.171e+2,2.872e+3,2.744e-10,3.124e-21,6.049e-24,,,,,,,,,,,,1.870e-1,1.057e-7,,,,,,,,6.112e-22,,8.080e-20,6.100e-19,3.562e-11,1.492e-18
271.48,3.401e+3,4.634e-21,3.187e-12,1.069e-33,,4.300e-37,3.829e-62,1.333e-17,1.397e-20,,2.146e-17,1.916e-19,3.216e-30,2.446e-18,1.488e-5,1.235e-33,,2.887e-28,4.416e-43,1.421e-21,2.970e-19,5.258e-20,6.350e-18,1.714e+1,1.029e-22,4.265e-1,1.304e-20,,2.213e+0,5.657e+2,2.815e+3,1.860e-10,3.125e-21,6.062e-24,,,,,,,,,,,,1.300e-1,2.913e-7,,,,,,,,6.110e-22,,8.153e-20,6.087e-19,1.068e-10,1.477e-18
271.5,3.462e+3,4.628e-21,2.479e-12,2.054e-33,,4.294e-37,3.699e-62,3.202e-17,1.405e-20,,2.152e-17,1.922e-19,3.219e-30,2.450e-18,2.169e-5,1.233e-33,,2.888e-28,4.404e-43,1.422e-21,2.971e-19,3.117e-20,1.629e-17,1.941e+1,1.030e-22,4.563e-1,1.295e-20,,2.023e+0,6.907e+2,2.749e+3,1.418e-10,3.126e-21,6.072e-24,,,,,,,,,,,,1.008e-1,5.655e-7,,,,,,,,6.109e-22,,8.201e-20,6.079e-19,2.192e-10,1.467e-18
271.52,3.524e+3,4.623e-21,1.912e-12,3.907e-33,,4.288e-37,3.569e-62,7.617e-17,1.413e-20,,2.157e-17,1.929e-19,3.223e-30,2.455e-18,3.130e-5,1.231e-33,,2.889e-28,4.392e-43,1.423e-21,2.972e-19,1.829e-20,4.138e-17,2.175e+1,1.031e-22,4.831e-1,1.286e-20,,1.882e+0,8.387e+2,2.661e+3,1.070e-10,3.127e-21,6.081e-24,,,,,,,,,,,,7.730e-2,1.086e-6,,,,,,,,6.108e-22,,8.250e-20,6.071e-19,4.455e-10,1.458e-18
271.55,3.629e+3,4.614e-21,1.274e-12,1.005e-32,,4.280e-37,3.375e-62,2.741e-16,1.425e-20,,2.166e-17,1.939e-19,3.229e-30,2.462e-18,5.320e-5,1.228e-33,,2.890e-28,4.373e-43,1.423e-21,2.974e-19,8.056e-21,1.643e-16,2.531e+1,1.033e-22,5.161e-1,1.273e-20,,1.757e+0,1.108e+3,2.494e+3,6.880e-11,3.128e-21,6.094e-24,,,,,,,,,,,,5.100e-2,2.838e-6,,,,,,,,6.106e-22,,8.323e-20,6.058e-19,1.266e-9,1.443e-18
271.57,3.714e+3,4.609e-21,9.616e-13,1.863e-32,,4.274e-37,3.245e-62,6.355e-16,1.433e-20,,2.172e-17,1.946e-19,3.232e-30,2.466e-18,7.480e-5,1.226e-33,,2.891e-28,4.361e-43,1.424e-21,2.975e-19,4.604e-21,4.067e-16,2.764e+1,1.034e-22,5.324e-1,1.264e-20,,1.726e+0,1.321e+3,2.363e+3,5.062e-11,3.128e-21,6.103e-24,,,,,,,,,,,,3.823e-2,5.315e-6,,,,,,,,6.105e-22,,8.371e-20,6.050e-19,2.506e-9,1.433e-18
271.6,3.870e+3,4.601e-21,6.201e-13,4.612e-32,,4.265e-37,3.050e-62,2.201e-15,1.445e-20,,2.180e-17,1.956e-19,3.238e-30,2.473e-18,1.223e-4,1.223e-33,,2.893e-28,4.343e-43,1.425e-21,2.977e-19,1.950e-21,1.554e-15,3.094e+1,1.036e-22,5.471e-1,1.251e-20,,1.750e+0,1.692e+3,2.145e+3,3.135e-11,3.130e-21,6.117e-24,,,,,,,,,,,,2.452e-2,1.336e-5,,,,,,,,6.104e-22,,8.444e-20,6.037e-19,6.852e-9,1.419e-18
271.62,3.999e+3,4.595e-21,4.577e-13,8.331e-32,,4.259e-37,2.920e-62,4.974e-15,1.453e-20,,2.186e-17,1.962e-19,3.242e-30,2.478e-18,1.676e-4,1.221e-33,,2.894e-28,4.331e-43,1.425e-21,2.978e-19,1.086e-21,3.750e-15,3.292e+1,1.038e-22,5.499e-1,1.242e-20,,1.806e+0,1.974e+3,1.990e+3,2.249e-11,3.130e-21,6.126e-24,,,,,,,,,,,,1.821e-2,2.438e-5,,,,,,,,6.103e-22,,8.492e-20,6.029e-19,1.322e-8,1.409e-18
271.65,4.233e+3,4.587e-21,2.854e-13,1.984e-31,,4.251e-37,2.726e-62,1.658e-14,1.465e-20,,2.195e-17,1.972e-19,3.247e-30,2.485e-18,2.637e-4,1.219e-33,,2.895e-28,4.313e-43,1.426e-21,2.980e-19,4.422e-22,1.379e-14,3.544e+1,1.039e-22,5.436e-1,1.228e-20,,1.943e+0,2.443e+3,1.751e+3,1.341e-11,3.132e-21,6.139e-24,,,,,,,,,,,,1.195e-2,5.896e-5,,,,,,,,6.101e-22,,8.565e-20,6.016e-19,3.479e-8,1.394e-18
271.67,4.416e+3,4.581e-21,2.059e-13,3.494e-31,,4.245e-37,2.596e-62,3.651e-14,1.473e-20,,2.201e-17,1.979e-19,3.251e-30,2.489e-18,3.521e-4,1.217e-33,,2.897e-28,4.301e-43,1.427e-21,2.981e-19,2.398e-22,3.243e-14,3.675e+1,1.041e-22,5.324e-1,1.219e-20,,2.063e+0,2.784e+3,1.593e+3,9.382e-12,3.132e-21,6.148e-24,,,,,,,,,,,,9.454e-3,1.049e-4,,,,,,,,6.100e-22,,8.613e-20,6.008e-19,6.544e-8,1.384e-18
271.7,4.731e+3,4.573e-21,1.240e-13,8.006e-31,,4.236e-37,2.401e-62,1.171e-13,1.485e-20,,2.209e-17,1.989e-19,3.257e-30,2.496e-18,5.329e-4,1.214e-33,,2.898e-28,4.282e-43,1.428e-21,2.983e-19,9.394e-23,1.148e-13,3.806e+1,1.043e-22,5.062e-1,1.206e-20,,2.278e+0,3.329e+3,1.362e+3,5.387e-12,3.133e-21,6.162e-24,,,,,,,,,,,,7.728e-3,2.440e-4,,,,,,,,6.099e-22,,8.686e-20,5.995e-19,1.656e-7,1.370e-18
271.72,4.963e+3,4.568e-21,8.747e-14,1.374e-30,,4.231e-37,2.271e-62,2.515e-13,1.492e-20,,2.215e-17,1.996e-19,3.260e-30,2.501e-18,6.934e-4,1.212e-33,,2.899e-28,4.270e-43,1.428e-21,2.984e-19,4.963e-23,2.631e-13,3.846e+1,1.044e-22,4.831e-1,1.197e-20,,2.438e+0,3.706e+3,1.216e+3,3.674e-12,3.134e-21,6.171e-24,,,,,,,,,,,,7.773e-3,4.230e-4,,,,,,,,6.097e-22,,8.735e-20,5.987e-19,3.037e-7,1.360e-18
271.75,5.334e+3,4.559e-21,5.095e-14,3.029e-30,,4.222e-37,2.077e-62,7.763e-13,1.504e-20,,2.224e-17,2.006e-19,3.266e-30,2.507e-18,1.010e-3,1.209e-33,,2.901e-28,4.252e-43,1.429e-21,2.986e-19,1.869e-23,8.958e-13,3.831e+1,1.046e-22,4.419e-1,1.184e-20,,2.696e+0,4.279e+3,1.013e+3,2.031e-12,3.135e-21,6.185e-24,,,,,,,,,,,,9.612e-3,9.471e-4,,,,,,,,6.096e-22,,8.807e-20,5.974e-19,7.395e-7,1.345e-18
271.77,5.587e+3,4.554e-21,3.520e-14,5.066e-30,,4.216e-37,1.947e-62,1.625e-12,1.512e-20,,2.230e-17,2.012e-19,3.270e-30,2.512e-18,1.281e-3,1.207e-33,,2.902e-28,4.240e-43,1.430e-21,2.987e-19,9.621e-24,2.002e-12,3.772e+1,1.047e-22,4.110e-1,1.175e-20,,2.873e+0,4.656e+3,8.905e+2,1.351e-12,3.136e-21,6.194e-24,,,,,,,,,,,,1.213e-2,1.600e-3,,,,,,,,6.095e-22,,8.856e-20,5.966e-19,1.322e-6,1.336e-18
271.8,5.962e+3,4.546e-21,2.013e-14,1.075e-29,,4.208e-37,1.752e-62,4.827e-12,1.524e-20,,2.238e-17,2.022e-19,3.275e-30,2.519e-18,1.794e-3,1.204e-33,,2.903e-28,4.222e-43,1.431e-21,2.989e-19,3.484e-24,6.560e-12,3.614e+1,1.049e-22,3.617e-1,1.161e-20,,3.138e+0,5.195e+3,7.271e+2,7.188e-13,3.137e-21,6.207e-24,,,,,,,,,,,,1.829e-2,3.447e-3,,,,,,,,6.093e-22,,8.929e-20,5.954e-19,3.097e-6,1.321e-18
271.82,6.197e+3,4.540e-21,1.407e-14,1.752e-29,,4.202e-37,1.622e-62,9.850e-12,1.532e-20,,2.244e-17,2.029e-19,3.279e-30,2.523e-18,2.218e-3,1.203e-33,,2.904e-28,4.209e-43,1.431e-21,2.990e-19,1.747e-24,1.429e-11,3.467e+1,1.050e-22,3.280e-1,1.153e-20,,3.309e+0,5.526e+3,6.321e+2,4.661e-13,3.138e-21,6.216e-24,,,,,,,,,,,,2.435e-2,5.677e-3,,,,,,,,6.092e-22,,8.977e-20,5.945e-19,5.393e-6,1.311e-18
271.85,6.510e+3,4.532e-21,9.096e-15,3.576e-29,,4.193e-37,1.428e-62,2.816e-11,1.544e-20,,2.253e-17,2.039e-19,3.284e-30,2.530e-18,2.990e-3,1.200e-33,,2.906e-28,4.191e-43,1.432e-21,2.992e-19,6.083e-25,4.505e-11,3.195e+1,1.052e-22,2.781e-1,1.139e-20,,3.546e+0,5.964e+3,5.102e+2,2.388e-13,3.139e-21,6.230e-24,,,,,,,,,,,,3.728e-2,1.177e-2,,,,,,,,6.091e-22,,9.050e-20,5.933e-19,1.216e-5,1.297e-18
271.87,6.684e+3,4.526e-21,7.990e-15,5.680e-29,,4.188e-37,1.298e-62,5.602e-11,1.552e-20,,2.258e-17,2.046e-19,3.288e-30,2.535e-18,3.603e-3,1.198e-33,,2.907e-28,4.179e-43,1.433e-21,2.993e-19,2.971e-25,9.565e-11,2.987e+1,1.053e-22,2.463e-1,1.130e-20,,3.687e+0,6.208e+3,4.420e+2,1.510e-13,3.140e-21,6.239e-24,,,,,,,,,,,,4.910e-2,1.888e-2,,,,,,,,6.090e-22,,9.098e-20,5.924e-19,2.064e-5,1.287e-18
271.9,6.876e+3,4.518e-21,9.549e-15,1.116e-28,,4.179e-37,1.103e-62,1.542e-10,1.564e-20,,2.267e-17,2.056e-19,3.294e-30,2.542e-18,4.675e-3,1.195e-33,,2.908e-28,4.161e-43,1.434e-21,2.995e-19,9.948e-26,2.902e-10,2.648e+1,1.055e-22,2.021e-1,1.117e-20,,3.867e+0,6.487e+3,3.577e+2,7.445e-14,3.141e-21,6.253e-24,,,,,,,,,,,,7.300e-2,3.766e-2,,,,,,,,6.088e-22,,9.171e-20,5.912e-19,4.478e-5,1.272e-18
271.92,6.952e+3,4.513e-21,1.324e-14,1.727e-28,,4.173e-37,9.735e-63,2.989e-10,1.572e-20,,2.273e-17,2.062e-19,3.297e-30,2.546e-18,5.491e-3,1.193e-33,,2.909e-28,4.149e-43,1.434e-21,2.996e-19,4.734e-26,6.006e-10,2.412e+1,1.056e-22,1.757e-1,1.108e-20,,3.962e+0,6.611e+3,3.125e+2,4.589e-14,3.142e-21,6.262e-24,,,,,,,,,,,,9.393e-2,5.890e-2,,,,,,,,6.087e-22,,9.219e-20,5.903e-19,7.409e-5,1.262e-18
271.94,6.985e+3,4.507e-21,1.997e-14,2.647e-28,,4.167e-37,8.437e-63,5.737e-10,1.580e-20,,2.279e-17,2.069e-19,3.301e-30,2.551e-18,6.386e-3,1.191e-33,,2.910e-28,4.137e-43,1.435e-21,2.998e-19,2.229e-26,1.230e-9,2.175e+1,1.058e-22,1.522e-1,1.099e-20,,4.035e+0,6.683e+3,2.752e+2,2.800e-14,3.143e-21,6.271e-24,,,,,,,,,,,,1.197e-1,9.119e-2,,,,,,,,6.086e-22,,9.268e-20,5.895e-19,1.213e-4,1.253e-18
271.97,6.948e+3,4.499e-21,3.908e-14,4.925e-28,,4.159e-37,6.490e-63,1.497e-9,1.592e-20,,2.287e-17,2.079e-19,3.307e-30,2.558e-18,7.860e-3,1.188e-33,,2.912e-28,4.118e-43,1.436e-21,3.000e-19,7.065e-27,3.538e-9,1.826e+1,1.060e-22,1.234e-1,1.086e-20,,4.101e+0,6.692e+3,2.323e+2,1.309e-14,3.144e-21,6.284e-24,,,,,,,,,,,,1.688e-1,1.723e-1,,,,,,,,6.084e-22,,9.341e-20,5.882e-19,2.494e-4,1.238e-18
271.99,6.866e+3,4.493e-21,6.145e-14,7.356e-28,,4.153e-37,5.192e-63,2.801e-9,1.600e-20,,2.293e-17,2.086e-19,3.310e-30,2.562e-18,8.916e-3,1.187e-33,,2.913e-28,4.106e-43,1.436e-21,3.001e-19,3.241e-27,7.063e-9,1.604e+1,1.061e-22,1.088e-1,1.077e-20,,4.116e+0,6.634e+3,2.116e+2,7.787e-15,3.144e-21,6.293e-24,,,,,,,,,,,,2.096e-1,2.600e-1,,,,,,,,6.083e-22,,9.389e-20,5.874e-19,3.980e-4,1.228e-18
272.02,6.665e+3,4.485e-21,1.198e-13,1.317e-27,,4.144e-37,3.245e-63,7.033e-9,1.611e-20,,2.302e-17,2.096e-19,3.316e-30,2.569e-18,1.058e-2,1.184e-33,,2.915e-28,4.088e-43,1.437e-21,3.003e-19,9.877e-28,1.955e-8,1.295e+1,1.063e-22,9.468e-2,1.064e-20,,4.097e+0,6.457e+3,1.907e+2,3.505e-15,3.146e-21,6.307e-24,,,,,,,,,,,,2.845e-1,4.726e-1,,,,,,,,6.082e-22,,9.462e-20,5.861e-19,7.872e-4,1.214e-18
272.04,6.484e+3,4.480e-21,1.848e-13,1.917e-27,,4.139e-37,1.947e-63,1.283e-8,1.619e-20,,2.307e-17,2.102e-19,3.320e-30,2.574e-18,1.171e-2,1.182e-33,,2.916e-28,4.076e-43,1.438e-21,3.004e-19,4.415e-28,3.804e-8,1.109e+1,1.064e-22,9.106e-2,1.055e-20,,4.058e+0,6.284e+3,1.830e+2,2.032e-15,3.146e-21,6.316e-24,,,,,,,,,,,,3.443e-1,6.950e-1,,,,,,,,6.081e-22,,9.510e-20,5.853e-19,1.225e-3,1.204e-18
272.07,6.151e+3,4.471e-21,3.479e-13,3.302e-27,,4.130e-37,1.545e-68,3.102e-8,1.631e-20,,2.316e-17,2.112e-19,3.325e-30,2.581e-18,1.341e-2,1.179e-33,,2.917e-28,4.058e-43,1.439e-21,3.006e-19,1.293e-28,1.013e-7,8.614e+0,1.066e-22,9.555e-2,1.041e-20,,3.966e+0,5.957e+3,1.800e+2,8.804e-16,3.147e-21,6.330e-24,,,,,,,,,,,,4.496e-1,1.216e+0,,,,,,,,6.079e-22,,9.583e-20,5.841e-19,2.330e-3,1.189e-18
272.09,5.898e+3,4.466e-21,5.237e-13,4.685e-27,,4.124e-37,4.172e-68,5.517e-8,1.639e-20,,2.322e-17,2.119e-19,3.329e-30,2.585e-18,1.451e-2,1.177e-33,,2.918e-28,4.045e-43,1.439e-21,3.007e-19,5.632e-29,1.922e-7,7.185e+0,1.067e-22,1.061e-1,2.784e-20,,3.886e+0,5.702e+3,1.834e+2,4.977e-16,3.148e-21,6.339e-24,,,,,,,,,,,,5.302e-1,1.742e+0,,,,,,,,6.078e-22,,9.631e-20,5.832e-19,3.533e-3,1.179e-18
272.12,5.487e+3,4.457e-21,9.490e-13,7.764e-27,,4.116e-37,1.817e-67,1.284e-7,1.651e-20,,2.330e-17,2.129e-19,3.335e-30,2.592e-18,1.607e-2,1.174e-33,,2.920e-28,4.027e-43,1.440e-21,3.009e-19,1.587e-29,4.925e-7,5.369e+0,1.069e-22,1.353e-1,1.194e-19,,3.743e+0,5.277e+3,1.966e+2,2.075e-16,3.149e-21,6.352e-24,,,,,,,,,,,,6.661e-1,2.933e+0,,,,,,,,6.076e-22,,9.704e-20,5.820e-19,6.470e-3,1.165e-18
272.14,5.200e+3,4.452e-21,1.393e-12,1.074e-26,,4.110e-37,4.783e-67,2.227e-7,1.659e-20,,2.336e-17,2.136e-19,3.338e-30,2.597e-18,1.703e-2,1.172e-33,,2.921e-28,4.015e-43,1.441e-21,3.010e-19,6.730e-30,9.106e-7,4.364e+0,1.070e-22,1.652e-1,3.113e-19,,3.637e+0,4.976e+3,2.109e+2,1.144e-16,3.150e-21,6.361e-24,,,,,,,,,,,,7.656e-1,4.096e+0,,,,,,,,6.075e-22,,9.753e-20,5.811e-19,9.560e-3,1.155e-18
272.17,4.766e+3,4.444e-21,2.429e-12,1.712e-26,,4.101e-37,2.005e-66,4.990e-7,1.671e-20,,2.345e-17,2.146e-19,3.344e-30,2.604e-18,1.833e-2,1.170e-33,,2.922e-28,3.997e-43,1.442e-21,3.012e-19,1.823e-30,2.246e-6,3.136e+0,1.072e-22,2.288e-1,1.285e-18,,3.468e+0,4.510e+3,2.411e+2,4.589e-17,3.151e-21,6.375e-24,,,,,,,,,,,,9.254e-1,6.634e+0,,,,,,,,6.074e-22,,9.825e-20,5.799e-19,1.684e-2,1.140e-18
272.19,4.482e+3,4.438e-21,3.475e-12,2.307e-26,,4.096e-37,5.145e-66,8.439e-7,1.679e-20,,2.351e-17,2.152e-19,3.348e-30,2.608e-18,1.909e-2,1.168e-33,,2.923e-28,3.985e-43,1.442e-21,3.013e-19,7.534e-31,4.047e-6,2.484e+0,1.073e-22,2.857e-1,3.265e-18,,3.354e+0,4.199e+3,2.676e+2,2.465e-17,3.152e-21,6.384e-24,,,,,,,,,,,,1.037e+0,9.031e+0,,,,,,,,6.073e-22,,9.874e-20,5.790e-19,2.426e-2,1.131e-18
272.22,4.078e+3,4.430e-21,5.833e-12,3.540e-26,,4.087e-37,2.075e-65,1.821e-6,1.691e-20,,2.359e-17,2.162e-19,3.353e-30,2.615e-18,2.008e-2,1.165e-33,,2.925e-28,3.966e-43,1.443e-21,3.015e-19,1.962e-31,9.606e-6,1.717e+0,1.075e-22,3.966e-1,1.297e-17,,3.183e+0,3.740e+3,3.179e+2,9.521e-18,3.153e-21,6.397e-24,,,,,,,,,,,,1.205e+0,1.407e+1,,,,,,,,6.071e-22,,9.947e-20,5.778e-19,4.112e-2,1.116e-18
272.24,3.829e+3,4.424e-21,8.135e-12,4.649e-26,,4.081e-37,5.193e-65,3.003e-6,1.699e-20,,2.365e-17,2.169e-19,3.357e-30,2.620e-18,2.066e-2,1.163e-33,,2.926e-28,3.954e-43,1.444e-21,3.016e-19,7.899e-32,1.688e-5,1.325e+0,1.077e-22,4.896e-1,3.214e-17,,3.073e+0,3.445e+3,3.592e+2,4.985e-18,3.154e-21,6.406e-24,,,,,,,,,,,,1.316e+0,1.867e+1,,,,,,,,6.070e-22,,9.995e-20,5.769e-19,5.772e-2,1.106e-18
272.27,3.494e+3,4.416e-21,1.314e-11,6.863e-26,,4.073e-37,2.016e-64,6.241e-6,1.711e-20,,2.374e-17,2.179e-19,3.363e-30,2.626e-18,2.143e-2,1.160e-33,,2.927e-28,3.936e-43,1.445e-21,3.018e-19,1.978e-32,3.854e-5,8.812e-1,1.079e-22,6.614e-1,1.229e-16,,2.918e+0,3.025e+3,4.344e+2,1.853e-18,3.155e-21,6.420e-24,,,,,,,,,,,,1.472e+0,2.799e+1,,,,,,,,6.068e-22,,1.007e-19,5.757e-19,9.416e-2,1.091e-18
272.29,3.301e+3,4.411e-21,1.787e-11,8.785e-26,,4.067e-37,4.918e-64,1.004e-5,1.719e-20,,2.379e-17,2.186e-19,3.366e-30,2.631e-18,2.192e-2,1.158e-33,,2.928e-28,3.924e-43,1.445e-21,3.019e-19,7.759e-33,6.600e-5,6.626e-1,1.080e-22,7.990e-1,2.968e-16,,2.823e+0,2.764e+3,4.943e+2,9.457e-19,3.156e-21,6.429e-24,,,,,,,,,,,,1.566e+0,3.620e+1,,,,,,,,6.067e-22,,1.012e-19,5.749e-19,1.288e-1,1.082e-18
272.31,3.134e+3,4.405e-21,2.405e-11,1.113e-25,,4.061e-37,1.187e-63,1.598e-5,1.727e-20,,2.385e-17,2.192e-19,3.370e-30,2.636e-18,2.242e-2,1.156e-33,,2.929e-28,3.912e-43,1.446e-21,3.020e-19,3.011e-33,1.119e-4,4.932e-1,1.081e-22,9.559e-1,7.093e-16,,2.735e+0,2.519e+3,5.626e+2,4.777e-19,3.157e-21,6.438e-24,,,,,,,,,,,,1.649e+0,4.633e+1,,,,,,,,6.066e-22,,1.016e-19,5.740e-19,1.744e-1,1.072e-18
272.34,2.936e+3,4.397e-21,3.683e-11,1.557e-25,,4.052e-37,4.370e-63,3.153e-5,1.738e-20,,2.394e-17,2.202e-19,3.376e-30,2.642e-18,2.323e-2,1.154e-33,,2.931e-28,3.893e-43,1.447e-21,3.022e-19,7.139e-34,2.422e-4,3.106e-1,1.083e-22,1.228e+0,2.572e-15,,2.619e+0,2.182e+3,6.823e+2,1.683e-19,3.158e-21,6.452e-24,,,,,,,,,,,,1.747e+0,6.581e+1,,,,,,,,6.065e-22,,1.024e-19,5.728e-19,2.696e-1,1.057e-18
272.36,2.840e+3,4.391e-21,4.831e-11,1.922e-25,,4.047e-37,1.028e-62,4.897e-5,1.746e-20,,2.400e-17,2.209e-19,3.379e-30,2.647e-18,2.385e-2,1.152e-33,,2.932e-28,3.881e-43,1.447e-21,3.023e-19,2.699e-34,4.001e-4,2.252e-1,1.084e-22,1.433e+0,5.992e-15,,2.554e+0,1.977e+3,7.743e+2,8.286e-20,3.158e-21,6.461e-24,,,,,,,,,,,,1.793e+0,8.209e+1,,,,,,,,6.064e-22,,1.029e-19,5.719e-19,3.558e-1,1.048e-18
272.39,2.751e+3,4.383e-21,7.122e-11,2.587e-25,,4.038e-37,3.643e-62,9.305e-5,1.758e-20,,2.408e-17,2.219e-19,3.385e-30,2.654e-18,2.495e-2,1.149e-33,,2.934e-28,3.863e-43,1.448e-21,3.025e-19,6.153e-35,8.335e-4,1.364e-1,1.086e-22,1.771e+0,2.091e-14,,2.475e+0,1.701e+3,9.314e+2,2.808e-20,3.160e-21,6.474e-24,,,,,,,,,,,,1.828e+0,1.122e+2,,,,,,,,6.062e-22,,1.036e-19,5.707e-19,5.291e-1,1.033e-18
272.41,2.728e+3,4.378e-21,9.109e-11,3.113e-25,,4.032e-37,8.359e-62,1.410e-4,1.766e-20,,2.414e-17,2.226e-19,3.389e-30,2.658e-18,2.581e-2,1.147e-33,,2.935e-28,3.851e-43,1.449e-21,3.026e-19,2.266e-35,1.342e-3,9.642e-2,1.087e-22,2.015e+0,4.749e-14,,2.437e+0,1.535e+3,1.049e+3,1.348e-20,3.160e-21,6.483e-24,,,,,,,,,,,,1.828e+0,1.364e+2,,,,,,,,6.061e-22,,1.041e-19,5.698e-19,6.806e-1,1.023e-18
272.44,2.745e+3,4.369e-21,1.292e-10,4.031e-25,,4.024e-37,2.850e-61,2.582e-4,1.778e-20,,2.423e-17,2.236e-19,3.394e-30,2.665e-18,2.729e-2,1.144e-33,,2.936e-28,3.833e-43,1.450e-21,3.028e-19,2.183e-35,2.691e-3,5.618e-2,1.089e-22,2.398e+0,1.595e-13,,2.403e+0,1.313e+3,1.245e+3,4.395e-21,3.162e-21,6.497e-24,,,,,,,,,,,,1.794e+0,1.794e+2,,,,,,,,6.059e-22,,1.048e-19,5.686e-19,9.739e-1,1.008e-18
272.46,2.788e+3,4.364e-21,1.611e-10,4.727e-25,,4.018e-37,6.375e-61,3.818e-4,1.786e-20,,2.428e-17,2.242e-19,3.398e-30,2.670e-18,2.839e-2,1.142e-33,,2.937e-28,3.821e-43,1.450e-21,3.029e-19,2.128e-35,4.225e-3,3.868e-2,1.091e-22,2.659e+0,3.532e-13,,2.397e+0,1.181e+3,1.387e+3,2.056e-21,3.162e-21,6.506e-24,,,,,,,,,,,,1.749e+0,2.125e+2,,,,,,,,6.058e-22,,1.053e-19,5.677e-19,1.221e+0,9.987e-19
272.49,2.897e+3,4.356e-21,2.201e-10,5.890e-25,,4.009e-37,2.092e-60,6.740e-4,1.798e-20,,2.437e-17,2.252e-19,3.403e-30,2.677e-18,3.017e-2,1.140e-33,,2.939e-28,3.802e-43,1.451e-21,3.031e-19,2.045e-35,8.152e-3,2.168e-2,1.092e-22,3.045e+0,1.142e-12,,2.415e+0,1.004e+3,1.615e+3,6.452e-22,3.163e-21,6.520e-24,,,,,,,,,,,,1.651e+0,2.689e+2,,,,,,,,6.057e-22,,1.060e-19,5.665e-19,1.681e+0,9.840e-19
272.51,2.995e+3,4.350e-21,2.675e-10,6.732e-25,,4.004e-37,4.562e-60,9.725e-4,1.806e-20,,2.443e-17,2.259e-19,3.407e-30,2.681e-18,3.139e-2,1.138e-33,,2.940e-28,3.790e-43,1.452e-21,3.032e-19,1.990e-35,1.247e-2,1.455e-2,1.094e-22,3.292e+0,2.465e-12,,2.446e+0,8.997e+2,1.775e+3,2.941e-22,3.164e-21,6.529e-24,,,,,,,,,,,,1.569e+0,3.105e+2,,,,,,,,6.056e-22,,1.065e-19,5.656e-19,2.054e+0,9.743e-19
272.54,3.171e+3,4.342e-21,3.517e-10,8.071e-25,,3.995e-37,1.441e-59,1.655e-3,1.818e-20,,2.452e-17,2.269e-19,3.413e-30,2.688e-18,3.316e-2,1.135e-33,,2.941e-28,3.772e-43,1.453e-21,3.034e-19,1.907e-35,2.317e-2,7.842e-3,1.096e-22,3.630e+0,7.668e-12,,2.523e+0,7.610e+2,2.022e+3,8.881e-23,3.165e-21,6.542e-24,,,,,,,,,,,,1.427e+0,3.780e+2,,,,,,,,6.054e-22,,1.072e-19,5.644e-19,2.721e+0,9.596e-19
272.56,3.303e+3,4.336e-21,4.167e-10,8.991e-25,,3.989e-37,3.063e-59,2.332e-3,1.826e-20,,2.457e-17,2.276e-19,3.416e-30,2.693e-18,3.425e-2,1.133e-33,,2.942e-28,3.760e-43,1.453e-21,3.035e-19,1.852e-35,3.456e-2,5.127e-3,1.097e-22,3.826e+0,1.614e-11,,2.595e+0,6.795e+2,2.187e+3,3.946e-23,3.166e-21,6.551e-24,,,,,,,,,,,,1.323e+0,4.255e+2,,,,,,,,6.053e-22,,1.077e-19,5.636e-19,3.240e+0,9.498e-19
272.59,3.512e+3,4.328e-21,5.274e-10,1.037e-24,,3.981e-37,9.313e-59,3.829e-3,1.838e-20,,2.466e-17,2.286e-19,3.422e-30,2.700e-18,3.561e-2,1.130e-33,,2.944e-28,3.742e-43,1.454e-21,3.037e-19,1.769e-35,6.178e-2,2.659e-3,1.099e-22,4.065e+0,4.832e-11,,2.730e+0,5.723e+2,2.429e+3,1.146e-23,3.167e-21,6.565e-24,,,,,,,,,,,,1.161e+0,4.984e+2,,,,,,,,6.051e-22,,1.084e-19,5.623e-19,4.131e+0,9.352e-19
272.61,3.652e+3,4.323e-21,6.092e-10,1.126e-24,,3.975e-37,1.930e-58,5.265e-3,1.846e-20,,2.472e-17,2.292e-19,3.426e-30,2.704e-18,3.628e-2,1.128e-33,,2.945e-28,3.729e-43,1.455e-21,3.038e-19,1.713e-35,8.984e-2,1.694e-3,1.100e-22,4.181e+0,9.913e-11,,2.836e+0,5.100e+2,2.582e+3,4.963e-24,3.168e-21,6.574e-24,,,,,,,,,,,,1.052e+0,5.467e+2,,,,,,,,6.050e-22,,1.089e-19,5.615e-19,4.794e+0,9.254e-19
272.64,3.850e+3,4.314e-21,7.421e-10,1.250e-24,,3.966e-37,5.647e-58,8.342e-3,1.857e-20,,2.480e-17,2.302e-19,3.431e-30,2.711e-18,3.681e-2,1.125e-33,,2.946e-28,3.711e-43,1.456e-21,3.040e-19,1.630e-35,1.546e-1,8.449e-4,1.102e-22,4.285e+0,2.857e-10,,3.016e+0,4.292e+2,2.790e+3,1.387e-24,3.169e-21,6.587e-24,,,,,,,,,,,,8.939e-1,6.161e+2,,,,,,,,6.049e-22,,1.096e-19,5.602e-19,5.880e+0,9.108e-19
272.66,3.968e+3,4.309e-21,8.358e-10,1.322e-24,,3.960e-37,1.141e-57,1.120e-2,1.865e-20,,2.486e-17,2.309e-19,3.435e-30,2.716e-18,3.682e-2,1.124e-33,,2.947e-28,3.699e-43,1.456e-21,3.041e-19,1.575e-35,2.192e-1,5.245e-4,1.103e-22,4.306e+0,5.714e-10,,3.144e+0,3.832e+2,2.911e+3,5.853e-25,3.170e-21,6.597e-24,,,,,,,,,,,,7.953e-1,6.587e+2,,,,,,,,6.048e-22,,1.101e-19,5.594e-19,6.652e+0,9.010e-19
272.68,4.069e+3,4.303e-21,9.318e-10,1.385e-24,,3.955e-37,2.281e-57,1.491e-2,1.873e-20,,2.492e-17,2.316e-19,3.439e-30,2.720e-18,3.652e-2,1.122e-33,,2.948e-28,3.687e-43,1.457e-21,3.042e-19,1.520e-35,3.076e-1,3.223e-4,1.104e-22,4.289e+0,1.131e-9,,3.275e+0,3.428e+2,3.013e+3,2.445e-25,3.171e-21,6.606e-24,,,,,,,,,,,,7.042e-1,6.970e+2,,,,,,,,6.047e-22,,1.106e-19,5.585e-19,7.448e+0,8.912e-19
272.71,4.182e+3,4.295e-21,1.076e-9,1.456e-24,,3.946e-37,6.327e-57,2.249e-2,1.885e-20,,2.501e-17,2.326e-19,3.444e-30,2.727e-18,3.550e-2,1.119e-33,,2.950e-28,3.669e-43,1.458e-21,3.044e-19,1.437e-35,5.017e-1,1.522e-4,1.106e-22,4.199e+0,3.090e-9,,3.467e+0,2.923e+2,3.128e+3,6.473e-26,3.172e-21,6.619e-24,,,,,,,,,,,,5.847e-1,7.443e+2,,,,,,,,6.045e-22,,1.113e-19,5.573e-19,8.656e+0,8.766e-19
272.73,4.227e+3,4.289e-21,1.170e-9,1.486e-24,,3.940e-37,1.233e-56,2.923e-2,1.893e-20,,2.506e-17,2.332e-19,3.448e-30,2.732e-18,3.444e-2,1.117e-33,,2.951e-28,3.657e-43,1.458e-21,3.046e-19,1.382e-35,6.865e-1,9.114e-5,1.108e-22,4.101e+0,5.963e-9,,3.585e+0,2.646e+2,3.177e+3,2.634e-26,3.173e-21,6.628e-24,,,,,,,,,,,,5.179e-1,7.676e+2,,,,,,,,6.044e-22,,1.118e-19,5.564e-19,9.446e+0,8.668e-19
272.76,4.245e+3,4.281e-21,1.300e-9,1.504e-24,,3.932e-37,3.293e-56,4.259e-2,1.905e-20,,2.515e-17,2.343e-19,3.454e-30,2.739e-18,3.233e-2,1.114e-33,,2.953e-28,3.638e-43,1.459e-21,3.047e-19,1.299e-35,1.078e+0,4.141e-5,1.109e-22,3.912e+0,1.568e-8,,3.735e+0,2.315e+2,3.205e+3,6.710e-27,3.174e-21,6.642e-24,,,,,,,,,,,,4.385e-1,7.886e+2,,,,,,,,6.042e-22,,1.126e-19,5.552e-19,1.056e+1,8.522e-19
272.78,4.221e+3,4.276e-21,1.378e-9,1.496e-24,,3.926e-37,6.257e-56,5.411e-2,1.913e-20,,2.521e-17,2.349e-19,3.457e-30,2.743e-18,3.063e-2,1.112e-33,,2.954e-28,3.626e-43,1.460e-21,3.049e-19,1.244e-35,1.439e+0,2.416e-5,1.111e-22,3.766e+0,2.950e-8,,3.811e+0,2.147e+2,3.193e+3,2.661e-27,3.174e-21,6.651e-24,,,,,,,,,,,,3.998e-1,7.926e+2,,,,,,,,6.041e-22,,1.130e-19,5.543e-19,1.123e+1,8.424e-19
272.81,4.135e+3,4.267e-21,1.475e-9,1.456e-24,,3.917e-37,1.608e-55,7.619e-2,1.925e-20,,2.529e-17,2.359e-19,3.463e-30,2.750e-18,2.773e-2,1.109e-33,,2.955e-28,3.608e-43,1.461e-21,3.050e-19,1.161e-35,2.175e+0,1.056e-5,1.113e-22,3.537e+0,7.467e-8,,3.878e+0,1.967e+2,3.133e+3,6.521e-28,3.176e-21,6.664e-24,,,,,,,,,,,,3.631e-1,7.835e+2,,,,,,,,6.040e-22,,1.138e-19,5.531e-19,1.209e+1,8.277e-19
272.83,4.047e+3,4.262e-21,1.523e-9,1.412e-24,,3.912e-37,2.979e-55,9.465e-2,1.933e-20,,2.535e-17,2.366e-19,3.467e-30,2.755e-18,2.563e-2,1.108e-33,,2.956e-28,3.596e-43,1.461e-21,3.052e-19,1.105e-35,2.830e+0,6.002e-6,1.114e-22,3.386e+0,1.369e-7,,3.888e+0,1.894e+2,3.067e+3,2.521e-28,3.176e-21,6.673e-24,,,,,,,,,,,,3.524e-1,7.676e+2,,,,,,,,6.039e-22,,1.143e-19,5.523e-19,1.253e+1,8.180e-19
272.86,3.873e+3,4.254e-21,1.570e-9,1.322e-24,,3.903e-37,7.368e-55,1.289e-1,1.945e-20,,2.544e-17,2.376e-19,3.472e-30,2.761e-18,2.236e-2,1.105e-33,,2.958e-28,3.578e-43,1.462e-21,3.053e-19,1.023e-35,4.122e+0,2.523e-6,1.116e-22,3.180e+0,3.336e-7,,3.844e+0,1.857e+2,2.932e+3,5.586e-29,3.177e-21,6.687e-24,,,,,,,,,,,,3.556e-1,7.300e+2,,,,,,,,6.037e-22,,1.150e-19,5.510e-19,1.297e+1,8.033e-19
272.88,3.735e+3,4.248e-21,1.581e-9,1.250e-24,,3.897e-37,1.330e-54,1.566e-1,1.953e-20,,2.550e-17,2.383e-19,3.476e-30,2.766e-18,2.015e-2,1.103e-33,,2.959e-28,3.565e-43,1.463e-21,3.055e-19,9.672e-36,5.229e+0,1.398e-6,1.117e-22,3.064e+0,5.964e-7,,3.776e+0,1.882e+2,2.824e+3,2.109e-29,3.178e-21,6.696e-24,,,,,,,,,,,,3.696e-1,6.970e+2,,,,,,,,6.036e-22,,1.155e-19,5.502e-19,1.311e+1,7.936e-19
272.91,3.505e+3,4.240e-21,1.568e-9,1.126e-24,,3.889e-37,3.168e-54,2.063e-1,1.965e-20,,2.558e-17,2.393e-19,3.482e-30,2.773e-18,1.692e-2,1.100e-33,,2.960e-28,3.547e-43,1.464e-21,3.056e-19,8.843e-36,7.336e+0,5.651e-7,1.119e-22,2.931e+0,1.398e-6,,3.616e+0,1.998e+2,2.639e+3,4.796e-30,3.179e-21,6.710e-24,,,,,,,,,,,,4.065e-1,6.379e+2,,,,,,,,6.034e-22,,1.162e-19,5.489e-19,1.306e+1,7.789e-19
272.93,3.342e+3,4.234e-21,1.540e-9,1.037e-24,,3.883e-37,5.576e-54,2.453e-1,1.972e-20,,2.564e-17,2.399e-19,3.485e-30,2.777e-18,1.487e-2,1.098e-33,,2.961e-28,3.535e-43,1.464e-21,3.058e-19,8.291e-36,9.079e+0,3.050e-7,1.120e-22,2.874e+0,2.437e-6,,3.474e+0,2.133e+2,2.506e+3,4.787e-30,3.180e-21,6.719e-24,,,,,,,,,,,,4.403e-1,5.936e+2,,,,,,,,6.033e-22,,1.167e-19,5.481e-19,1.286e+1,7.691e-19
272.96,3.094e+3,4.226e-21,1.470e-9,8.991e-25,,3.874e-37,1.278e-53,3.130e-1,1.984e-20,,2.573e-17,2.409e-19,3.491e-30,2.784e-18,1.202e-2,1.095e-33,,2.963e-28,3.517e-43,1.465e-21,3.059e-19,7.461e-36,1.227e+1,1.186e-7,1.122e-22,2.838e+0,5.501e-6,,3.215e+0,2.431e+2,2.297e+3,4.774e-30,3.181e-21,6.732e-24,,,,,,,,,,,,5.024e-1,5.226e+2,,,,,,,,6.032e-22,,1.174e-19,5.468e-19,1.232e+1,7.545e-19
272.98,2.933e+3,4.221e-21,1.408e-9,8.071e-25,,3.868e-37,2.193e-53,3.643e-1,1.992e-20,,2.578e-17,2.416e-19,3.495e-30,2.789e-18,1.030e-2,1.093e-33,,2.964e-28,3.505e-43,1.466e-21,3.061e-19,6.909e-36,1.481e+1,6.240e-8,1.123e-22,2.845e+0,9.345e-6,,3.017e+0,2.699e+2,2.156e+3,4.766e-30,3.182e-21,6.741e-24,,,,,,,,,,,,5.498e-1,4.740e+2,,,,,,,,6.031e-22,,1.179e-19,5.460e-19,1.183e+1,7.447e-19
273.01,2.706e+3,4.212e-21,1.294e-9,6.732e-25,,3.860e-37,4.836e-53,4.505e-1,2.004e-20,,2.587e-17,2.426e-19,3.500e-30,2.796e-18,8.013e-3,1.091e-33,,2.965e-28,3.486e-43,1.467e-21,3.062e-19,6.080e-36,1.930e+1,2.334e-8,1.125e-22,2.897e+0,2.030e-5,,2.696e+0,3.214e+2,1.946e+3,4.753e-30,3.183e-21,6.755e-24,,,,,,,,,,,,6.273e-1,4.016e+2,,,,,,,,6.029e-22,,1.186e-19,5.447e-19,1.091e+1,7.301e-19
273.03,2.568e+3,4.207e-21,1.208e-9,5.890e-25,,3.854e-37,8.091e-53,5.138e-1,2.012e-20,,2.593e-17,2.433e-19,3.504e-30,2.800e-18,6.692e-3,1.089e-33,,2.966e-28,3.474e-43,1.467e-21,3.064e-19,5.527e-36,2.274e+1,1.196e-8,1.126e-22,2.952e+0,3.362e-5,,2.472e+0,3.638e+2,1.810e+3,4.744e-30,3.184e-21,6.764e-24,,,,,,,,,,,,6.818e-1,3.549e+2,,,,,,,,6.028e-22,,1.191e-19,5.439e-19,1.020e+1,7.203e-19
273.05,2.444e+3,4.201e-21,1.116e-9,5.100e-25,,3.848e-37,1.340e-52,5.814e-1,2.020e-20,,2.599e-17,2.439e-19,3.508e-30,2.805e-18,5.531e-3,1.087e-33,,2.967e-28,3.462e-43,1.468e-21,3.065e-19,4.974e-36,2.653e+1,6.069e-9,1.128e-22,3.020e+0,5.511e-5,,2.245e+0,4.129e+2,1.678e+3,4.736e-30,3.185e-21,6.773e-24,,,,,,,,,,,,7.371e-1,3.105e+2,,,,,,,,6.027e-22,,1.196e-19,5.431e-19,9.446e+0,7.105e-19
273.08,2.287e+3,4.193e-21,9.728e-10,4.031e-25,,3.840e-37,2.801e-52,6.895e-1,2.032e-20,,2.607e-17,2.449e-19,3.513e-30,2.812e-18,4.077e-3,1.084e-33,,2.969e-28,3.444e-43,1.469e-21,3.067e-19,4.145e-36,3.284e+1,2.153e-9,1.130e-22,3.131e+0,1.135e-4,,1.910e+0,4.994e+2,1.491e+3,4.723e-30,3.186e-21,6.787e-24,,,,,,,,,,,,8.199e-1,2.492e+2,,,,,,,,6.025e-22,,1.203e-19,5.418e-19,8.254e+0,6.959e-19
273.1,2.204e+3,4.188e-21,8.765e-10,3.402e-25,,3.834e-37,4.522e-52,7.653e-1,2.040e-20,,2.613e-17,2.456e-19,3.517e-30,2.816e-18,3.284e-3,1.082e-33,,2.970e-28,3.432e-43,1.469e-21,3.068e-19,3.593e-36,3.740e+1,1.069e-9,1.131e-22,3.204e+0,1.814e-4,,1.695e+0,5.654e+2,1.374e+3,4.714e-30,3.187e-21,6.796e-24,,,,,,,,,,,,8.736e-1,2.125e+2,,,,,,,,6.024e-22,,1.208e-19,1.460e-18,7.448e+0,6.861e-19
273.13,2.111e+3,4.179e-21,7.355e-10,2.587e-25,,3.825e-37,9.100e-52,8.828e-1,2.052e-20,,2.622e-17,2.466e-19,3.523e-30,2.823e-18,2.329e-3,1.079e-33,,2.972e-28,3.413e-43,1.470e-21,3.070e-19,2.764e-36,4.467e+1,3.812e-10,1.133e-22,3.298e+0,3.595e-4,,1.395e+0,6.760e+2,1.213e+3,4.701e-30,3.188e-21,6.809e-24,,,,,,,,,,,,9.500e-1,1.641e+2,,,,,,,,6.023e-22,,1.215e-19,6.336e-18,6.262e+0,6.715e-19
273.15,2.071e+3,4.174e-21,6.461e-10,2.128e-25,,3.820e-37,1.432e-51,9.624e-1,2.060e-20,,2.627e-17,2.473e-19,3.526e-30,2.828e-18,1.829e-3,1.078e-33,,2.973e-28,3.401e-43,1.471e-21,3.071e-19,2.211e-36,4.970e+1,2.153e-10,1.134e-22,3.346e+0,5.600e-4,,1.212e+0,7.567e+2,1.116e+3,4.692e-30,3.188e-21,6.818e-24,,,,,,,,,,,,9.974e-1,1.364e+2,,,,,,,,6.022e-22,,1.220e-19,1.665e-17,5.508e+0,6.617e-19
273.18,2.043e+3,4.165e-21,5.219e-10,1.557e-25,,3.811e-37,2.774e-51,1.082e+0,2.072e-20,,2.636e-17,2.483e-19,3.532e-30,2.835e-18,1.248e-3,1.075e-33,,2.974e-28,3.383e-43,1.472e-21,3.073e-19,1.382e-36,5.730e+1,1.838e-10,1.136e-22,3.384e+0,1.068e-3,,9.690e-1,8.862e+2,9.873e+2,4.679e-30,3.190e-21,6.832e-24,,,,,,,,,,,,1.062e+0,1.014e+2,,,,,,,,6.020e-22,,1.227e-19,6.956e-17,4.456e+0,6.471e-19
273.2,2.045e+3,4.160e-21,4.470e-10,1.248e-25,,3.805e-37,4.256e-51,1.161e+0,2.080e-20,,2.642e-17,2.489e-19,3.536e-30,2.839e-18,9.550e-4,1.073e-33,,2.975e-28,3.371e-43,1.472e-21,3.074e-19,8.291e-37,6.228e+1,2.924e-10,1.137e-22,3.386e+0,1.622e-3,,8.284e-1,9.765e+2,9.135e+2,4.671e-30,3.190e-21,6.841e-24,,,,,,,,,,,,1.100e+0,8.209e+1,,,,,,,,6.019e-22,,1.232e-19,1.782e-16,3.819e+0,6.373e-19
273.23,2.076e+3,4.152e-21,3.477e-10,8.785e-26,,3.797e-37,7.933e-51,1.276e+0,2.091e-20,,2.651e-17,2.499e-19,3.541e-30,2.846e-18,6.270e-4,1.070e-33,,2.977e-28,3.353e-43,1.473e-21,3.076e-19,2.191e-41,6.938e+1,7.995e-10,1.139e-22,3.350e+0,2.979e-3,,6.501e-1,1.115e+3,8.233e+2,4.658e-30,3.192e-21,6.855e-24,,,,,,,,,,,,1.151e+0,5.869e+1,,,,,,,,6.018e-22,,1.239e-19,7.168e-16,2.973e+0,6.226e-19
273.25,2.115e+3,4.146e-21,2.904e-10,6.863e-26,,3.791e-37,1.186e-50,1.349e+0,2.099e-20,,2.656e-17,2.506e-19,3.545e-30,2.851e-18,4.676e-4,1.068e-33,,2.978e-28,3.341e-43,1.474e-21,3.077e-19,5.838e-41,7.372e+1,1.621e-9,1.140e-22,3.302e+0,4.410e-3,,5.524e-1,1.208e+3,7.786e+2,4.649e-30,3.192e-21,6.864e-24,,,,,,,,,,,,1.180e+0,4.633e+1,,,,,,,,6.016e-22,,1.244e-19,1.790e-15,2.484e+0,6.129e-19
273.28,2.201e+3,4.138e-21,2.174e-10,4.649e-26,,3.782e-37,2.129e-50,1.455e+0,2.111e-20,,2.665e-17,2.516e-19,3.550e-30,2.858e-18,2.954e-4,1.065e-33,,2.979e-28,3.322e-43,1.475e-21,3.079e-19,2.492e-40,7.941e+1,4.640e-9,1.142e-22,3.199e+0,7.795e-3,,4.354e-1,1.343e+3,7.380e+2,4.636e-30,3.193e-21,6.877e-24,,,,,,,,,,,,1.216e+0,3.187e+1,,,,,,,,6.015e-22,,1.252e-19,6.935e-15,1.860e+0,5.982e-19
273.3,2.275e+3,4.132e-21,1.770e-10,3.540e-26,,3.776e-37,3.104e-50,1.521e+0,2.119e-20,,2.671e-17,2.523e-19,3.554e-30,2.862e-18,2.147e-4,1.063e-33,,2.980e-28,3.310e-43,1.475e-21,3.080e-19,6.476e-40,8.254e+1,9.247e-9,1.143e-22,3.113e+0,1.125e-2,,3.755e-1,1.430e+3,7.311e+2,4.627e-30,3.194e-21,6.886e-24,,,,,,,,,,,,1.235e+0,2.452e+1,,,,,,,,6.014e-22,,1.256e-19,1.689e-14,1.515e+0,5.885e-19
273.33,2.415e+3,4.124e-21,1.276e-10,2.307e-26,,3.768e-37,5.361e-50,1.614e+0,2.131e-20,,2.679e-17,2.533e-19,3.560e-30,2.869e-18,1.305e-4,1.061e-33,,2.982e-28,3.292e-43,1.476e-21,3.082e-19,2.662e-39,8.605e+1,2.553e-8,1.145e-22,2.970e+0,1.914e-2,,3.096e-1,1.550e+3,7.557e+2,4.614e-30,3.195e-21,6.900e-24,,,,,,,,,,,,1.257e+0,1.623e+1,,,,,,,,6.012e-22,,1.264e-19,6.298e-14,1.092e+0,5.738e-19
273.35,2.528e+3,4.119e-21,1.013e-10,1.712e-26,,3.762e-37,7.619e-50,1.672e+0,2.139e-20,,2.685e-17,2.539e-19,3.563e-30,2.874e-18,9.245e-5,1.059e-33,,2.983e-28,3.280e-43,1.477e-21,3.083e-19,6.743e-39,8.753e+1,4.961e-8,1.147e-22,2.870e+0,2.692e-2,,2.799e-1,1.623e+3,7.985e+2,4.606e-30,3.196e-21,6.909e-24,,,,,,,,,,,,1.267e+0,1.217e+1,,,,,,,,6.011e-22,,1.269e-19,1.496e-13,8.664e-1,5.640e-19
273.38,2.730e+3,4.110e-21,7.034e-11,1.074e-26,,3.753e-37,1.267e-49,1.753e+0,2.151e-20,,2.694e-17,2.549e-19,3.569e-30,2.880e-18,5.407e-5,1.056e-33,,2.984e-28,3.262e-43,1.478e-21,3.085e-19,2.669e-38,8.840e+1,1.319e-7,1.148e-22,2.722e+0,4.408e-2,,2.533e-1,1.719e+3,9.087e+2,4.593e-30,3.197e-21,6.922e-24,,,,,,,,,,,,1.276e+0,7.750e+0,,,,,,,,6.010e-22,,1.276e-19,5.369e-13,6.009e-1,5.494e-19
273.4,2.890e+3,4.105e-21,5.445e-11,7.764e-27,,3.748e-37,1.755e-49,1.802e+0,2.159e-20,,2.700e-17,2.556e-19,3.573e-30,2.885e-18,3.733e-5,1.054e-33,,2.985e-28,3.249e-43,1.478e-21,3.086e-19,6.592e-38,8.808e+1,2.499e-7,1.150e-22,2.629e+0,6.046e-2,,2.459e-1,1.773e+3,1.017e+3,4.584e-30,3.198e-21,6.931e-24,,,,,,,,,,,,1.276e+0,5.664e+0,,,,,,,,6.009e-22,,1.281e-19,1.243e-12,4.647e-1,5.396e-19
273.42,3.072e+3,4.099e-21,4.173e-11,5.558e-27,,3.742e-37,2.407e-49,1.848e+0,2.167e-20,,2.705e-17,2.563e-19,3.576e-30,2.890e-18,2.551e-5,1.052e-33,,2.986e-28,3.237e-43,1.479e-21,3.087e-19,1.612e-37,8.704e+1,4.686e-7,1.151e-22,2.545e+0,8.208e-2,,2.455e-1,1.819e+3,1.155e+3,4.575e-30,3.199e-21,6.941e-24,,,,,,,,,,,,1.272e+0,4.096e+0,,,,,,,,6.007e-22,,1.286e-19,2.849e-12,3.558e-1,5.299e-19
273.45,3.393e+3,4.091e-21,2.748e-11,3.302e-27,,3.733e-37,3.792e-49,1.910e+0,2.179e-20,,2.714e-17,2.573e-19,3.582e-30,2.896e-18,1.413e-5,1.049e-33,,2.988e-28,3.219e-43,1.480e-21,3.089e-19,6.050e-37,8.422e+1,1.181e-6,1.153e-22,2.435e+0,1.274e-1,,2.560e-1,1.872e+3,1.428e+3,4.562e-30,3.200e-21,6.954e-24,,,,,,,,,,,,1.256e+0,2.472e+0,,,,,,,,6.006e-22,,1.293e-19,9.701e-12,2.338e-1,5.152e-19
273.47,3.644e+3,4.086e-21,2.055e-11,2.304e-27,,3.728e-37,5.070e-49,1.946e+0,2.187e-20,,2.720e-17,2.579e-19,3.586e-30,2.901e-18,9.411e-6,1.047e-33,,2.989e-28,3.207e-43,1.480e-21,3.090e-19,1.443e-36,8.158e+1,2.160e-6,1.154e-22,2.375e+0,1.686e-1,,2.691e-1,1.898e+3,1.657e+3,4.554e-30,3.201e-21,6.963e-24,,,,,,,,,,,,1.240e+0,1.742e+0,,,,,,,,6.005e-22,,1.298e-19,2.168e-11,1.744e-1,1.385e-18
273.5,4.084e+3,4.077e-21,1.308e-11,1.317e-27,,3.719e-37,7.690e-49,1.989e+0,2.199e-20,,2.728e-17,2.589e-19,3.591e-30,2.908e-18,5.017e-6,1.045e-33,,2.991e-28,3.189e-43,1.481e-21,3.092e-19,5.213e-36,7.664e+1,5.240e-6,1.156e-22,2.304e+0,2.518e-1,,2.958e-1,1.920e+3,2.080e+3,4.541e-30,3.202e-21,6.977e-24,,,,,,,,,,,,1.204e+0,1.012e+0,,,,,,,,6.003e-22,,1.305e-19,7.106e-11,1.103e-1,5.986e-18
273.52,4.424e+3,4.072e-21,9.605e-12,8.955e-28,,3.713e-37,1.002e-48,2.010e+0,2.206e-20,,2.734e-17,2.596e-19,3.595e-30,2.912e-18,3.256e-6,1.043e-33,,2.992e-28,3.177e-43,1.482e-21,3.093e-19,1.212e-35,7.280e+1,9.341e-6,1.157e-22,2.266e+0,3.249e-1,,3.172e-1,1.925e+3,2.419e+3,4.532e-30,3.203e-21,6.986e-24,,,,,,,,,,,,1.173e+0,6.950e-1,,,,,,,,6.002e-22,,1.310e-19,1.548e-10,8.020e-2,1.569e-17
273.55,5.012e+3,4.064e-21,6.090e-12,4.925e-28,,3.705e-37,1.463e-48,2.027e+0,2.218e-20,,2.743e-17,2.606e-19,3.601e-30,2.919e-18,1.670e-6,1.040e-33,,2.993e-28,3.158e-43,1.483e-21,3.095e-19,4.217e-35,6.644e+1,2.182e-5,1.159e-22,2.220e+0,4.671e-1,,3.530e-1,1.919e+3,3.020e+3,4.519e-30,3.204e-21,6.999e-24,,,,,,,,,,,,1.115e+0,3.882e-1,,,,,,,,6.001e-22,,1.317e-19,4.886e-10,4.878e-2,6.529e-17
273.57,5.458e+3,4.058e-21,4.647e-12,3.264e-28,,3.699e-37,1.859e-48,2.027e+0,2.226e-20,,2.749e-17,2.613e-19,3.604e-30,2.924e-18,1.056e-6,1.038e-33,,2.994e-28,3.146e-43,1.483e-21,3.096e-19,9.559e-35,6.191e+1,3.792e-5,1.160e-22,2.192e+0,5.876e-1,,3.783e-1,1.906e+3,3.484e+3,4.511e-30,3.204e-21,7.008e-24,,,,,,,,,,,,1.070e+0,2.600e-1,,,,,,,,6.000e-22,,1.322e-19,1.038e-9,3.458e-2,1.668e-16
273.6,6.213e+3,4.050e-21,3.641e-12,1.727e-28,,3.690e-37,2.612e-48,2.009e+0,2.238e-20,,2.757e-17,2.623e-19,3.610e-30,2.931e-18,5.213e-7,1.035e-33,,2.996e-28,3.128e-43,1.484e-21,3.098e-19,3.202e-34,5.490e+1,8.527e-5,1.162e-22,2.148e+0,8.131e-1,,4.167e-1,1.873e+3,4.279e+3,4.498e-30,3.206e-21,7.022e-24,,,,,,,,,,,,9.928e-1,1.397e-1,,,,,,,,5.998e-22,,1.329e-19,3.154e-9,2.024e-2,6.687e-16
273.62,6.773e+3,4.044e-21,3.768e-12,1.116e-28,,3.684e-37,3.235e-48,1.983e+0,2.246e-20,,2.763e-17,2.629e-19,3.614e-30,2.935e-18,3.214e-7,1.033e-33,,2.997e-28,3.116e-43,1.485e-21,3.099e-19,7.078e-34,5.020e+1,1.445e-4,1.164e-22,2.114e+0,9.970e-1,,4.416e-1,1.843e+3,4.873e+3,4.489e-30,3.206e-21,7.031e-24,,,,,,,,,,,,9.360e-1,9.119e-2,,,,,,,,5.997e-22,,1.334e-19,6.534e-9,1.398e-2,1.666e-15
273.65,7.694e+3,4.036e-21,5.538e-12,5.680e-29,,3.676e-37,4.375e-48,1.923e+0,2.258e-20,,2.772e-17,2.639e-19,3.619e-30,2.942e-18,1.526e-7,1.030e-33,,2.998e-28,3.098e-43,1.486e-21,3.101e-19,2.283e-33,4.327e+1,3.128e-4,1.165e-22,2.049e+0,1.328e+0,,4.764e-1,1.787e+3,5.857e+3,4.476e-30,3.207e-21,7.045e-24,,,,,,,,,,,,8.451e-1,4.716e-2,,,,,,,,5.995e-22,,1.341e-19,1.911e-8,7.874e-3,6.430e-15
273.67,8.355e+3,4.031e-21,8.288e-12,3.576e-29,,3.670e-37,5.283e-48,1.869e+0,2.266e-20,,2.777e-17,2.646e-19,3.623e-30,2.947e-18,9.168e-8,1.029e-33,,2.999e-28,3.085e-43,1.486e-21,3.102e-19,4.920e-33,3.881e+1,5.167e-4,1.167e-22,1.995e+0,1.587e+0,,4.971e-1,1.743e+3,6.567e+3,4.467e-30,3.208e-21,7.054e-24,,,,,,,,,,,,7.820e-1,2.999e-2,,,,,,,,5.994e-22,,1.346e-19,3.861e-8,5.302e-3,1.562e-14
273.7,9.406e+3,4.022e-21,1.649e-11,1.752e-29,,3.661e-37,6.877e-48,1.766e+0,2.278e-20,,2.786e-17,2.656e-19,3.629e-30,2.954e-18,4.188e-8,1.026e-33,,3.001e-28,3.067e-43,1.487e-21,3.104e-19,1.528e-32,3.250e+1,1.077e-3,1.169e-22,1.894e+0,2.035e+0,,5.231e-1,1.667e+3,7.699e+3,4.454e-30,3.209e-21,7.067e-24,,,,,,,,,,,,6.867e-1,1.492e-2,,,,,,,,5.993e-22,,1.353e-19,1.087e-7,2.873e-3,5.805e-14
273.72,1.013e+4,4.017e-21,2.646e-11,1.075e-29,,3.656e-37,8.095e-48,1.684e+0,2.286e-20,,2.792e-17,2.663e-19,3.632e-30,2.958e-18,2.452e-8,1.024e-33,,3.002e-28,3.055e-43,1.488e-21,3.105e-19,3.211e-32,2.859e+1,1.734e-3,1.170e-22,1.814e+0,2.372e+0,,5.366e-1,1.611e+3,8.485e+3,4.446e-30,3.210e-21,7.076e-24,,,,,,,,,,,,6.243e-1,9.252e-3,,,,,,,,5.992e-22,,1.358e-19,2.141e-7,1.885e-3,1.375e-13
273.75,1.124e+4,4.008e-21,5.346e-11,5.066e-30,,3.647e-37,1.014e-47,1.546e+0,2.298e-20,,2.800e-17,2.673e-19,3.638e-30,2.965e-18,1.078e-8,1.021e-33,,3.003e-28,3.037e-43,1.489e-21,3.107e-19,9.598e-32,2.325e+1,3.479e-3,1.172e-22,1.675e+0,2.927e+0,,5.504e-1,1.523e+3,9.684e+3,4.433e-30,3.211e-21,7.090e-24,,,,,,,,,,,,5.354e-1,4.429e-3,,,,,,,,5.990e-22,,1.365e-19,5.806e-7,9.831e-4,4.921e-13
273.77,1.197e+4,4.003e-21,8.464e-11,3.029e-30,,3.641e-37,1.164e-47,1.445e+0,2.306e-20,,2.806e-17,2.679e-19,3.642e-30,2.970e-18,6.152e-9,1.019e-33,,3.004e-28,3.025e-43,1.489e-21,3.108e-19,1.967e-31,2.005e+1,5.464e-3,1.173e-22,1.573e+0,3.326e+0,,5.553e-1,1.462e+3,1.048e+4,4.424e-30,3.212e-21,7.099e-24,,,,,,,,,,,,4.808e-1,2.676e-3,,,,,,,,5.989e-22,,1.370e-19,1.115e-6,6.288e-4,1.137e-12
273.8,1.302e+4,3.995e-21,1.658e-10,1.374e-30,,3.633e-37,1.403e-47,1.284e+0,2.318e-20,,2.815e-17,2.689e-19,3.647e-30,2.977e-18,2.601e-9,1.016e-33,,3.006e-28,3.006e-43,1.490e-21,3.110e-19,5.661e-31,1.582e+1,1.055e-2,1.175e-22,1.407e+0,3.952e+0,,5.560e-1,1.371e+3,1.162e+4,4.411e-30,3.213e-21,7.112e-24,,,,,,,,,,,,4.084e-1,1.233e-3,,,,,,,,5.987e-22,,1.378e-19,2.911e-6,3.155e-4,3.916e-12
273.82,1.367e+4,3.989e-21,2.564e-10,8.006e-31,,3.627e-37,1.570e-47,1.174e+0,2.326e-20,,2.821e-17,2.696e-19,3.651e-30,2.981e-18,1.447e-9,1.015e-33,,3.007e-28,2.994e-43,1.491e-21,3.112e-19,1.131e-30,1.337e+1,1.616e-2,1.176e-22,1.291e+0,4.377e+0,,5.523e-1,1.312e+3,1.233e+4,4.402e-30,3.214e-21,7.122e-24,,,,,,,,,,,,3.678e-1,7.259e-4,,,,,,,,5.986e-22,,1.382e-19,5.449e-6,1.966e-4,8.821e-12
273.84,1.427e+4,3.984e-21,3.927e-10,4.618e-31,,3.621e-37,1.738e-47,1.064e+0,2.333e-20,,2.826e-17,2.703e-19,3.655e-30,2.986e-18,7.965e-10,1.013e-33,,3.008e-28,2.982e-43,1.491e-21,3.113e-19,2.237e-30,1.120e+1,2.449e-2,1.177e-22,1.174e+0,4.801e+0,,5.456e-1,1.258e+3,1.299e+4,4.394e-30,3.215e-21,7.131e-24,,,,,,,,,,,,3.342e-1,4.230e-4,,,,,,,,5.985e-22,,1.387e-19,1.010e-5,1.213e-4,1.967e-11
273.87,1.503e+4,3.975e-21,7.308e-10,1.984e-31,,3.612e-37,1.987e-47,9.016e-1,2.345e-20,,2.835e-17,2.713e-19,3.660e-30,2.993e-18,3.191e-10,1.010e-33,,3.010e-28,2.964e-43,1.492e-21,3.115e-19,6.108e-30,8.460e+0,4.484e-2,1.179e-22,9.995e-1,5.410e+0,,5.306e-1,1.186e+3,1.383e+4,4.381e-30,3.216e-21,7.144e-24,,,,,,,,,,,,2.984e-1,1.846e-4,,,,,,,,5.984e-22,,1.395e-19,2.500e-5,5.767e-5,6.427e-11
273.89,1.544e+4,3.970e-21,1.092e-9,1.115e-31,,3.607e-37,2.145e-47,7.979e-1,2.353e-20,,2.841e-17,2.719e-19,3.664e-30,2.997e-18,1.712e-10,1.008e-33,,3.011e-28,2.952e-43,1.493e-21,3.116e-19,1.178e-29,6.941e+0,6.626e-2,1.181e-22,8.871e-1,5.787e+0,,5.178e-1,1.148e+3,1.428e+4,4.372e-30,3.217e-21,7.153e-24,,,,,,,,,,,,2.850e-1,1.049e-4,,,,,,,,5.983e-22,,1.399e-19,4.518e-5,3.468e-5,1.398e-10
273.92,1.589e+4,3.962e-21,1.959e-9,4.612e-32,,3.598e-37,2.360e-47,6.526e-1,2.365e-20,,2.850e-17,2.729e-19,3.669e-30,3.004e-18,6.600e-11,1.005e-33,,3.012e-28,2.933e-43,1.494e-21,3.118e-19,3.096e-29,5.074e+0,1.168e-1,1.183e-22,7.282e-1,6.283e+0,,4.954e-1,1.107e+3,1.477e+4,4.359e-30,3.218e-21,7.167e-24,,,,,,,,,,,,2.815e-1,4.404e-5,,,,,,,,5.981e-22,,1.407e-19,1.077e-4,1.586e-5,4.397e-10
273.94,1.607e+4,3.956e-21,2.857e-9,2.527e-32,,3.592e-37,2.483e-47,5.638e-1,2.373e-20,,2.855e-17,2.736e-19,3.673e-30,3.009e-18,3.451e-11,1.003e-33,,3.013e-28,2.921e-43,1.494e-21,3.119e-19,5.822e-29,4.073e+0,1.683e-1,1.184e-22,6.305e-1,6.557e+0,,4.788e-1,1.092e+3,1.497e+4,4.350e-30,3.219e-21,7.176e-24,,,,,,,,,,,,2.907e-1,2.438e-5,,,,,,,,5.980e-22,,1.412e-19,1.898e-4,9.297e-6,9.323e-10
273.97,1.617e+4,3.948e-21,4.940e-9,1.005e-32,,3.584e-37,2.630e-47,4.446e-1,2.385e-20,,2.864e-17,2.746e-19,3.679e-30,3.015e-18,1.280e-11,1.000e-33,,3.015e-28,2.903e-43,1.495e-21,3.121e-19,1.473e-28,2.880e+0,2.855e-1,1.186e-22,4.985e-1,6.864e+0,,4.524e-1,1.091e+3,1.506e+4,4.338e-30,3.220e-21,7.189e-24,,,,,,,,,,,,3.220e-1,9.850e-6,,,,,,,,5.978e-22,,1.419e-19,4.355e-4,4.092e-6,2.824e-9
273.99,1.612e+4,3.942e-21,7.031e-9,5.367e-33,,3.578e-37,2.697e-47,3.748e-1,2.393e-20,,2.870e-17,2.753e-19,3.682e-30,3.020e-18,6.522e-12,9.985e-34,,3.016e-28,2.891e-43,1.496e-21,3.122e-19,2.701e-28,2.260e+0,4.010e-1,1.187e-22,4.209e-1,6.994e+0,,4.340e-1,1.104e+3,1.500e+4,4.329e-30,3.220e-21,7.198e-24,,,,,,,,,,,,3.545e-1,5.315e-6,,,,,,,,5.977e-22,,1.424e-19,7.481e-4,2.337e-6,5.839e-9
274.02,1.590e+4,3.934e-21,1.172e-8,2.054e-33,,3.569e-37,2.749e-47,2.848e-1,2.405e-20,,2.878e-17,2.763e-19,3.688e-30,3.027e-18,2.327e-12,9.957e-34,,3.017e-28,2.873e-43,1.497e-21,3.124e-19,6.581e-28,1.544e+0,6.551e-1,1.189e-22,3.205e-1,7.070e+0,,4.061e-1,1.144e+3,1.474e+4,4.316e-30,3.222e-21,7.212e-24,,,,,,,,,,,,4.203e-1,2.066e-6,,,,,,,,5.976e-22,,1.431e-19,1.653e-3,9.899e-7,1.703e-8
274.04,1.566e+4,3.929e-21,1.627e-8,1.069e-33,,3.564e-37,2.749e-47,2.342e-1,2.413e-20,,2.884e-17,2.769e-19,3.692e-30,3.032e-18,1.156e-12,9.938e-34,,3.018e-28,2.861e-43,1.497e-21,3.125e-19,1.177e-27,1.184e+0,8.971e-1,1.190e-22,2.638e-1,7.042e+0,,3.875e-1,1.183e+3,1.447e+4,4.307e-30,3.222e-21,7.221e-24,,,,,,,,,,,,4.751e-1,1.086e-6,,,,,,,,5.975e-22,,1.436e-19,2.769e-3,5.511e-7,3.434e-8
274.07,1.522e+4,3.920e-21,2.615e-8,3.937e-34,,3.555e-37,2.697e-47,1.714e-1,2.425e-20,,2.893e-17,2.779e-19,3.697e-30,3.038e-18,3.969e-13,9.910e-34,,3.020e-28,2.842e-43,1.498e-21,3.127e-19,2.760e-27,7.815e-1,1.411e+0,1.192e-22,1.934e-1,6.892e+0,,3.597e-1,1.255e+3,1.395e+4,4.294e-30,3.223e-21,7.235e-24,,,,,,,,,,,,5.721e-1,4.064e-7,,,,,,,,5.973e-22,,1.443e-19,5.890e-3,2.246e-7,9.644e-8
274.09,1.488e+4,3.915e-21,3.544e-8,1.997e-34,,3.549e-37,2.630e-47,1.375e-1,2.433e-20,,2.899e-17,2.786e-19,3.701e-30,3.043e-18,1.921e-13,9.891e-34,,3.021e-28,2.830e-43,1.499e-21,3.128e-19,4.812e-27,5.854e-1,1.884e+0,1.193e-22,1.552e-1,6.727e+0,,3.416e-1,1.310e+3,1.356e+4,4.286e-30,3.224e-21,7.244e-24,,,,,,,,,,,,6.455e-1,2.083e-7,,,,,,,,5.972e-22,,1.448e-19,9.619e-3,1.218e-7,1.896e-7
274.12,1.435e+4,3.907e-21,5.490e-8,7.075e-35,,3.541e-37,2.483e-47,9.687e-2,2.445e-20,,2.907e-17,2.796e-19,3.707e-30,3.050e-18,6.346e-14,9.863e-34,,3.022e-28,2.812e-43,1.500e-21,3.130e-19,1.087e-26,3.728e-1,2.852e+0,1.195e-22,1.095e-1,6.403e+0,,3.152e-1,1.398e+3,1.294e+4,4.273e-30,3.225e-21,7.257e-24,,,,,,,,,,,,7.663e-1,7.496e-8,,,,,,,,5.970e-22,,1.455e-19,1.970e-2,4.777e-8,5.127e-7
274.14,1.400e+4,3.901e-21,7.261e-8,3.497e-35,,3.535e-37,2.360e-47,7.575e-2,2.452e-20,,2.913e-17,2.803e-19,3.710e-30,3.054e-18,2.994e-14,9.844e-34,,3.023e-28,2.800e-43,1.500e-21,3.131e-19,1.847e-26,2.726e-1,3.712e+0,1.196e-22,8.567e-2,6.149e+0,,2.983e-1,1.457e+3,1.253e+4,4.264e-30,3.226e-21,7.266e-24,,,,,,,,,,,,8.522e-1,3.744e-8,,,,,,,,5.969e-22,,1.460e-19,3.137e-2,2.526e-8,9.827e-7
274.17,1.351e+4,3.893e-21,1.084e-7,1.192e-35,,3.526e-37,2.145e-47,5.140e-2,2.464e-20,,2.922e-17,2.813e-19,3.716e-30,3.061e-18,9.515e-15,9.816e-34,,3.025e-28,2.782e-43,1.501e-21,3.133e-19,4.017e-26,1.674e-1,5.410e+0,1.198e-22,5.817e-2,5.734e+0,,2.743e-1,1.539e+3,1.195e+4,4.251e-30,3.227e-21,7.280e-24,,,,,,,,,,,,9.856e-1,1.297e-8,,,,,,,,5.968e-22,,1.467e-19,6.186e-2,9.531e-9,2.559e-6
274.19,1.322e+4,3.887e-21,1.400e-7,5.744e-36,,3.520e-37,1.987e-47,3.919e-2,2.472e-20,,2.927e-17,2.819e-19,3.720e-30,3.066e-18,4.375e-15,9.797e-34,,3.026e-28,2.769e-43,1.502e-21,3.134e-19,6.658e-26,1.195e-1,6.867e+0,1.200e-22,4.437e-2,5.450e+0,,2.593e-1,1.588e+3,1.162e+4,4.242e-30,3.228e-21,7.289e-24,,,,,,,,,,,,1.075e+0,6.312e-9,,,,,,,,5.967e-22,,1.472e-19,9.605e-2,4.913e-9,4.783e-6
274.21,1.298e+4,3.882e-21,1.789e-7,2.739e-36,,3.515e-37,1.822e-47,2.958e-2,2.480e-20,,2.933e-17,2.826e-19,3.723e-30,3.070e-18,1.991e-15,9.778e-34,,3.027e-28,2.757e-43,1.502e-21,3.135e-19,1.092e-25,8.448e-2,8.628e+0,1.201e-22,3.350e-2,5.171e+0,,2.454e-1,1.628e+3,1.134e+4,4.234e-30,3.229e-21,7.298e-24,,,,,,,,,,,,1.164e+0,3.041e-9,,,,,,,,5.966e-22,,1.477e-19,1.476e-1,2.506e-9,8.850e-6
274.24,1.272e+4,3.874e-21,2.538e-7,8.847e-37,,3.506e-37,1.570e-47,1.903e-2,2.492e-20,,2.942e-17,2.836e-19,3.729e-30,3.077e-18,5.994e-16,9.750e-34,,3.029e-28,2.739e-43,1.503e-21,3.137e-19,2.253e-25,4.929e-2,1.192e+1,1.203e-22,2.157e-2,4.777e+0,,2.267e-1,1.670e+3,1.103e+4,4.221e-30,3.230e-21,7.312e-24,,,,,,,,,,,,1.292e+0,9.978e-10,,,,,,,,5.964e-22,,1.484e-19,2.760e-1,8.959e-10,2.186e-5
274.26,1.262e+4,3.868e-21,3.166e-7,4.112e-37,,3.500e-37,1.403e-47,1.400e-2,2.500e-20,,2.948e-17,2.843e-19,3.733e-30,3.082e-18,2.658e-16,9.731e-34,,3.030e-28,2.727e-43,1.504e-21,3.138e-19,3.604e-25,3.399e-2,1.461e+1,1.204e-22,1.588e-2,4.540e+0,,2.160e-1,1.683e+3,1.092e+4,4.212e-30,3.231e-21,7.321e-24,,,,,,,,,,,,1.371e+0,4.686e-10,,,,,,,,5.963e-22,,1.489e-19,4.137e-1,4.455e-10,3.943e-5
274.29,1.261e+4,3.860e-21,4.332e-7,1.278e-37,,3.492e-37,1.164e-47,8.670e-3,2.512e-20,,2.956e-17,2.853e-19,3.738e-30,3.089e-18,7.702e-17,9.703e-34,,3.031e-28,2.709e-43,1.505e-21,3.140e-19,7.155e-25,1.911e-2,1.943e+1,1.206e-22,9.862e-3,4.233e+0,,2.028e-1,1.681e+3,1.090e+4,4.199e-30,3.232e-21,7.334e-24,,,,,,,,,,,,1.479e+0,1.479e-10,,,,,,,,5.961e-22,,1.496e-19,7.448e-1,1.532e-10,9.377e-5
274.31,1.269e+4,3.854e-21,5.274e-7,5.788e-38,,3.486e-37,1.014e-47,6.219e-3,2.520e-20,,2.962e-17,2.859e-19,3.742e-30,3.093e-18,3.329e-17,9.684e-34,,3.032e-28,2.697e-43,1.505e-21,3.141e-19,1.116e-24,1.286e-2,2.321e+1,1.207e-22,7.104e-3,4.063e+0,,1.962e-1,1.663e+3,1.100e+4,4.190e-30,3.233e-21,7.343e-24,,,,,,,,,,,,1.541e+0,6.770e-11,,,,,,,,5.960e-22,,1.501e-19,1.088e+0,7.425e-11,1.650e-4
274.34,1.296e+4,3.846e-21,6.957e-7,1.731e-38,,3.477e-37,8.095e-48,3.706e-3,2.532e-20,,2.971e-17,2.869e-19,1.631e-29,3.100e-18,9.279e-18,9.656e-34,,3.034e-28,2.678e-43,1.506e-21,3.143e-19,2.134e-24,6.963e-3,2.973e+1,1.209e-22,4.306e-3,3.858e+0,,1.895e-1,1.613e+3,1.131e+4,4.177e-30,3.234e-21,7.357e-24,,,,,,,,,,,,1.619e+0,2.056e-11,,,,,,,,5.959e-22,,1.508e-19,1.886e+0,2.457e-11,3.777e-4
274.36,1.323e+4,3.840e-21,8.266e-7,7.640e-39,,3.472e-37,6.877e-48,2.592e-3,2.540e-20,,2.976e-17,2.876e-19,4.297e-29,3.105e-18,3.909e-18,9.637e-34,,3.035e-28,2.666e-43,1.507e-21,3.144e-19,3.245e-24,4.569e-3,3.463e+1,1.210e-22,3.096e-3,3.752e+0,,1.874e-1,1.566e+3,1.163e+4,4.169e-30,3.234e-21,7.366e-24,,,,,,,,,,,,1.660e+0,9.172e-12,,,,,,,,5.958e-22,,1.513e-19,2.687e+0,1.161e-11,6.480e-4
274.39,1.380e+4,3.832e-21,1.051e-6,2.198e-39,,3.463e-37,5.283e-48,1.487e-3,2.552e-20,,2.985e-17,2.886e-19,1.804e-28,3.112e-18,1.048e-18,9.609e-34,,3.036e-28,2.648e-43,1.508e-21,3.146e-19,5.973e-24,2.383e-3,4.272e+1,1.212e-22,1.978e-3,3.628e+0,,1.877e-1,1.476e+3,1.227e+4,4.156e-30,3.236e-21,7.380e-24,,,,,,,,,,,,1.704e+0,2.681e-12,,,,,,,,5.956e-22,,1.521e-19,4.485e+0,3.696e-12,1.429e-3
274.41,1.428e+4,3.827e-21,1.219e-6,9.457e-40,,3.457e-37,4.375e-48,1.013e-3,2.560e-20,,2.991e-17,2.893e-19,4.635e-28,3.116e-18,4.304e-19,9.590e-34,,3.037e-28,2.636e-43,1.508e-21,3.147e-19,8.858e-24,1.525e-3,4.853e+1,1.213e-22,1.586e-3,3.561e+0,,1.902e-1,1.406e+3,1.281e+4,4.147e-30,3.236e-21,7.389e-24,,,,,,,,,,,,1.724e+0,1.165e-12,,,,,,,,5.955e-22,,1.525e-19,6.230e+0,1.701e-12,2.390e-3
274.44,1.514e+4,3.818e-21,1.495e-6,2.618e-40,,3.449e-37,3.235e-48,5.595e-4,2.571e-20,,2.999e-17,2.903e-19,1.874e-27,3.123e-18,1.111e-19,9.562e-34,,3.039e-28,2.618e-43,1.509e-21,3.149e-19,1.570e-23,7.659e-4,5.767e+1,1.215e-22,1.418e-3,3.473e+0,,1.972e-1,1.289e+3,1.378e+4,4.134e-30,3.238e-21,7.402e-24,,,,,,,,,,,,1.738e+0,3.277e-13,,,,,,,,5.953e-22,,1.533e-19,1.001e+1,5.213e-13,5.073e-3
274.46,1.580e+4,3.813e-21,1.692e-6,1.098e-40,,3.443e-37,2.612e-48,3.718e-4,2.579e-20,,3.005e-17,2.909e-19,4.696e-27,3.128e-18,4.444e-20,9.543e-34,,3.040e-28,2.605e-43,1.510e-21,3.150e-19,2.270e-23,4.779e-4,6.391e+1,1.217e-22,1.566e-3,3.413e+0,,2.039e-1,1.207e+3,1.451e+4,4.126e-30,3.238e-21,7.411e-24,,,,,,,,,,,,1.739e+0,1.388e-13,,,,,,,,5.952e-22,,1.538e-19,1.356e+1,2.339e-13,8.275e-3
274.49,1.693e+4,3.805e-21,2.000e-6,2.924e-41,,3.434e-37,1.859e-48,1.975e-4,2.591e-20,,3.014e-17,2.919e-19,1.828e-26,3.134e-18,1.103e-20,9.515e-34,,3.041e-28,2.587e-43,1.511e-21,3.152e-19,3.873e-23,2.311e-4,7.321e+1,1.218e-22,2.209e-3,3.312e+0,,2.168e-1,1.081e+3,1.575e+4,4.113e-30,3.239e-21,7.425e-24,,,,,,,,,,,,1.729e+0,3.756e-14,,,,,,,,5.951e-22,,1.545e-19,2.097e+1,6.895e-14,1.692e-2
274.51,1.775e+4,3.799e-21,2.209e-6,1.195e-41,,3.428e-37,1.463e-48,1.280e-4,2.599e-20,,3.020e-17,2.926e-19,4.469e-26,3.139e-18,4.302e-21,9.496e-34,,3.043e-28,2.575e-43,1.511e-21,3.153e-19,5.461e-23,1.406e-4,7.919e+1,1.220e-22,2.978e-3,3.231e+0,,2.271e-1,9.983e+2,1.664e+4,4.104e-30,3.240e-21,7.434e-24,,,,,,,,,,,,1.717e+0,1.551e-14,,,,,,,,5.950e-22,,1.550e-19,2.770e+1,3.015e-14,2.690e-2
274.54,1.907e+4,3.791e-21,2.518e-6,3.062e-42,,3.420e-37,1.002e-48,6.544e-5,2.611e-20,,3.028e-17,2.936e-19,1.676e-25,3.146e-18,1.028e-21,9.468e-34,,3.044e-28,2.557e-43,1.512e-21,3.155e-19,8.972e-23,6.546e-5,8.755e+1,1.222e-22,4.821e-3,3.082e+0,,2.450e-1,8.803e+2,1.805e+4,4.091e-30,3.241e-21,7.447e-24,,,,,,,,,,,,1.690e+0,4.038e-15,,,,,,,,5.948e-22,,1.557e-19,4.125e+1,8.553e-15,5.295e-2
274.56,1.998e+4,3.785e-21,2.714e-6,1.220e-42,,3.414e-37,7.690e-49,4.132e-5,2.619e-20,,3.034e-17,2.943e-19,3.995e-25,3.151e-18,3.906e-22,9.449e-34,,3.045e-28,2.545e-43,1.513e-21,3.156e-19,1.233e-22,3.883e-5,9.254e+1,1.223e-22,6.669e-3,2.963e+0,,2.583e-1,8.079e+2,1.902e+4,4.082e-30,3.242e-21,7.456e-24,,,,,,,,,,,,1.669e+0,1.625e-15,,,,,,,,5.947e-22,,1.562e-19,5.311e+1,3.645e-15,8.212e-2
274.58,2.092e+4,3.780e-21,2.898e-6,4.808e-43,,3.408e-37,5.840e-49,2.582e-5,2.627e-20,,3.040e-17,2.949e-19,9.427e-25,3.155e-18,1.469e-22,9.431e-34,,3.046e-28,2.532e-43,1.513e-21,3.158e-19,1.679e-22,2.280e-5,9.696e+1,1.224e-22,9.183e-3,2.828e+0,,2.726e-1,7.422e+2,2.000e+4,4.074e-30,3.243e-21,7.466e-24,,,,,,,,,,,,1.644e+0,6.475e-16,,,,,,,,5.946e-22,,1.567e-19,6.771e+1,1.538e-15,1.261e-1
274.61,2.232e+4,3.772e-21,3.138e-6,1.167e-43,,3.400e-37,3.792e-49,1.252e-5,2.639e-20,,3.048e-17,2.959e-19,3.354e-24,3.162e-18,3.325e-23,9.402e-34,,3.048e-28,2.514e-43,1.514e-21,3.159e-19,2.615e-22,1.006e-5,1.024e+2,1.226e-22,1.464e-2,2.599e+0,,2.957e-1,6.586e+2,2.146e+4,4.061e-30,3.244e-21,7.479e-24,,,,,,,,,,,,1.603e+0,1.597e-16,,,,,,,,5.944e-22,,1.574e-19,9.562e+1,4.133e-16,2.353e-1
274.63,2.323e+4,3.766e-21,3.269e-6,4.486e-44,,3.394e-37,2.808e-49,7.625e-6,2.647e-20,,3.054e-17,2.966e-19,7.720e-24,3.167e-18,3.329e-23,9.384e-34,,3.049e-28,2.502e-43,1.515e-21,3.161e-19,3.471e-22,5.760e-6,1.051e+2,1.227e-22,1.977e-2,2.430e+0,,3.121e-1,6.139e+2,2.239e+4,4.052e-30,3.245e-21,7.488e-24,,,,,,,,,,,,1.572e+0,6.200e-17,,,,,,,,5.943e-22,,1.579e-19,1.188e+2,1.699e-16,3.523e-1
274.66,2.454e+4,3.758e-21,3.413e-6,1.048e-44,,3.385e-37,1.755e-49,3.557e-6,2.659e-20,,3.063e-17,2.976e-19,2.645e-23,3.173e-18,3.334e-23,9.355e-34,,3.050e-28,2.484e-43,1.516e-21,3.162e-19,5.206e-22,2.447e-6,1.080e+2,1.229e-22,3.053e-2,2.162e+0,,3.378e-1,5.651e+2,2.370e+4,4.039e-30,3.246e-21,7.502e-24,,,,,,,,,,,,1.521e+0,1.471e-17,,,,,,,,5.942e-22,,1.586e-19,1.616e+2,4.395e-17,6.333e-1
274.68,2.534e+4,3.752e-21,3.470e-6,3.924e-45,,3.380e-37,1.267e-49,2.112e-6,2.667e-20,,3.069e-17,2.983e-19,5.938e-23,3.178e-18,3.338e-23,9.337e-34,,3.051e-28,2.472e-43,1.516e-21,3.164e-19,6.736e-22,1.366e-6,1.092e+2,1.230e-22,4.033e-2,1.977e+0,,3.555e-1,5.449e+2,2.449e+4,4.030e-30,3.247e-21,7.511e-24,,,,,,,,,,,,1.484e+0,5.567e-18,,,,,,,,5.941e-22,,1.591e-19,1.958e+2,1.761e-17,9.244e-1
274.71,2.642e+4,3.744e-21,3.492e-6,3.882e-45,,3.371e-37,7.619e-50,9.483e-7,2.679e-20,,3.077e-17,2.993e-19,1.960e-22,3.185e-18,3.344e-23,9.308e-34,,3.053e-28,2.453e-43,1.517e-21,3.165e-19,9.728e-22,5.585e-7,1.102e+2,1.232e-22,6.021e-2,1.698e+0,,3.825e-1,5.330e+2,2.551e+4,4.017e-30,3.248e-21,7.524e-24,,,,,,,,,,,,1.422e+0,1.271e-18,,,,,,,,5.939e-22,,1.598e-19,2.563e+2,4.382e-18,1.600e+0
274.73,2.703e+4,3.739e-21,3.465e-6,3.854e-45,,3.365e-37,5.361e-50,5.489e-7,2.686e-20,,3.083e-17,2.999e-19,4.290e-22,3.189e-18,3.348e-23,9.289e-34,,3.054e-28,2.441e-43,1.518e-21,3.167e-19,1.227e-21,3.038e-7,1.104e+2,1.234e-22,7.777e-2,1.516e+0,,4.005e-1,5.367e+2,2.607e+4,4.009e-30,3.249e-21,7.533e-24,,,,,,,,,,,,1.376e+0,1.270e-18,,,,,,,,5.938e-22,,1.603e-19,3.029e+2,1.712e-18,2.277e+0
274.76,2.775e+4,3.730e-21,3.362e-6,3.812e-45,,3.357e-37,3.104e-50,2.372e-7,2.698e-20,,3.092e-17,3.009e-19,1.364e-21,3.196e-18,3.353e-23,9.261e-34,,3.055e-28,2.423e-43,1.519e-21,3.168e-19,1.707e-21,1.196e-7,1.107e+2,1.235e-22,1.123e-1,1.255e+0,,4.269e-1,5.580e+2,2.669e+4,3.996e-30,3.250e-21,7.547e-24,,,,,,,,,,,,1.301e+0,1.269e-18,,,,,,,,5.937e-22,,1.610e-19,3.818e+2,4.098e-19,3.795e+0
274.78,2.809e+4,3.725e-21,3.255e-6,3.784e-45,,3.351e-37,2.129e-50,1.338e-7,2.706e-20,,3.098e-17,3.016e-19,2.911e-21,3.201e-18,3.357e-23,9.242e-34,,3.056e-28,2.411e-43,1.519e-21,3.170e-19,2.099e-21,6.342e-8,1.110e+2,1.237e-22,1.418e-1,1.093e+0,,4.437e-1,5.812e+2,2.695e+4,3.987e-30,3.250e-21,7.556e-24,,,,,,,,,,,,1.245e+0,1.268e-18,,,,,,,,5.935e-22,,1.615e-19,4.398e+2,1.560e-19,5.267e+0
274.81,2.837e+4,3.717e-21,3.044e-6,3.743e-45,,3.342e-37,1.186e-50,5.565e-8,2.718e-20,,3.106e-17,3.026e-19,8.912e-21,3.208e-18,3.363e-23,9.214e-34,,3.058e-28,2.393e-43,1.520e-21,3.171e-19,2.811e-21,2.402e-8,1.123e+2,1.239e-22,1.978e-1,8.724e-1,,4.670e-1,6.265e+2,2.708e+4,3.974e-30,3.252e-21,7.570e-24,,,,,,,,,,,,1.156e+0,1.266e-18,,,,,,,,5.934e-22,,1.622e-19,5.337e+2,3.594e-20,8.452e+0
274.83,2.839e+4,3.711e-21,2.875e-6,3.715e-45,,3.336e-37,7.933e-51,3.061e-8,2.726e-20,,3.112e-17,3.033e-19,1.856e-20,3.212e-18,3.367e-23,9.195e-34,,3.059e-28,2.381e-43,1.521e-21,3.173e-19,3.371e-21,1.242e-8,1.140e+2,1.240e-22,2.442e-1,7.412e-1,,4.807e-1,6.617e+2,2.700e+4,3.965e-30,3.252e-21,7.579e-24,,,,,,,,,,,,1.091e+0,1.265e-18,,,,,,,,5.933e-22,,1.627e-19,5.995e+2,1.333e-20,1.144e+1
274.86,2.816e+4,3.703e-21,2.592e-6,3.673e-45,,3.328e-37,4.256e-51,1.225e-8,2.738e-20,,3.121e-17,3.043e-19,5.471e-20,3.219e-18,3.372e-23,9.167e-34,,3.061e-28,2.362e-43,1.522e-21,3.174e-19,4.346e-21,4.528e-9,1.180e+2,1.242e-22,3.294e-1,5.696e-1,,4.979e-1,7.179e+2,2.660e+4,3.952e-30,3.253e-21,7.592e-24,,,,,,,,,,,,9.903e-1,1.264e-18,,,,,,,,5.931e-22,,1.635e-19,7.004e+2,1.341e-20,1.767e+1
274.88,2.783e+4,3.697e-21,2.389e-6,3.645e-45,,3.322e-37,2.774e-51,6.569e-9,2.746e-20,,3.126e-17,3.049e-19,1.111e-19,3.224e-18,3.376e-23,9.148e-34,,3.062e-28,2.350e-43,1.522e-21,3.176e-19,5.083e-21,2.282e-9,1.218e+2,1.243e-22,3.976e-1,4.719e-1,,5.066e-1,7.553e+2,2.616e+4,3.944e-30,3.254e-21,7.601e-24,,,,,,,,,,,,9.203e-1,1.263e-18,,,,,,,,5.930e-22,,1.639e-19,7.672e+2,1.347e-20,2.332e+1
274.91,2.708e+4,3.689e-21,2.076e-6,3.603e-45,,3.313e-37,1.432e-51,2.530e-9,2.758e-20,,3.135e-17,3.059e-19,3.155e-19,3.231e-18,3.382e-23,9.120e-34,,3.063e-28,2.332e-43,1.523e-21,3.177e-19,6.308e-21,8.007e-10,1.294e+2,1.245e-22,5.185e-1,3.492e-1,,5.149e-1,8.073e+2,2.525e+4,3.931e-30,3.255e-21,7.615e-24,,,,,,,,,,,,8.135e-1,1.262e-18,,,,,,,,5.929e-22,,1.647e-19,8.629e+2,1.355e-20,3.470e+1
274.93,2.642e+4,3.683e-21,1.867e-6,3.575e-45,,3.308e-37,9.100e-52,1.322e-9,2.766e-20,,3.141e-17,3.066e-19,6.248e-19,3.235e-18,3.386e-23,9.101e-34,,3.064e-28,2.320e-43,1.524e-21,3.179e-19,7.194e-21,3.933e-10,1.357e+2,1.246e-22,6.118e-1,2.821e-1,,5.169e-1,8.372e+2,2.448e+4,3.922e-30,3.256e-21,7.624e-24,,,,,,,,,,,,7.423e-1,1.261e-18,,,,,,,,5.927e-22,,1.651e-19,9.215e+2,1.360e-20,4.465e+1
274.95,2.564e+4,3.678e-21,1.663e-6,3.547e-45,,3.302e-37,5.724e-52,6.841e-10,2.774e-20,,3.147e-17,3.073e-19,1.225e-18,3.240e-18,3.389e-23,9.083e-34,,3.065e-28,2.308e-43,1.524e-21,3.180e-19,8.121e-21,1.912e-10,1.429e+2,1.247e-22,7.155e-1,2.256e-1,,5.159e-1,8.616e+2,2.360e+4,3.914e-30,3.257e-21,7.633e-24,,,,,,,,,,,,6.719e-1,1.260e-18,,,,,,,,5.926e-22,,1.656e-19,9.742e+2,1.366e-20,5.688e+1
274.98,2.427e+4,3.670e-21,1.372e-6,3.505e-45,,3.293e-37,2.801e-52,2.497e-10,2.786e-20,,3.155e-17,3.083e-19,3.300e-18,3.247e-18,3.395e-23,9.054e-34,,3.067e-28,2.289e-43,1.525e-21,3.182e-19,9.558e-21,6.360e-11,1.549e+2,1.249e-22,8.896e-1,1.583e-1,,5.086e-1,8.858e+2,2.211e+4,3.901e-30,3.258e-21,7.647e-24,,,,,,,,,,,,5.699e-1,1.258e-18,,,,,,,,5.925e-22,,1.664e-19,1.039e+3,1.374e-20,8.025e+1
275,2.325e+4,3.664e-21,1.192e-6,3.477e-45,,3.288e-37,1.718e-52,1.259e-10,2.794e-20,,3.161e-17,3.089e-19,6.311e-18,3.251e-18,3.399e-23,9.036e-34,,3.068e-28,2.277e-43,1.526e-21,3.183e-19,1.052e-20,3.014e-11,1.634e+2,1.251e-22,1.017e+0,1.234e-1,,4.999e-1,8.925e+2,2.102e+4,3.892e-30,3.259e-21,7.656e-24,,,,,,,,,,,,5.054e-1,1.257e-18,,,,,,,,5.924e-22,,1.668e-19,1.071e+3,1.379e-20,9.969e+1
275.03,2.161e+4,3.656e-21,9.480e-7,3.435e-45,,3.279e-37,8.091e-53,4.424e-11,2.805e-20,,3.170e-17,3.099e-19,1.638e-17,3.258e-18,3.405e-23,9.007e-34,,3.069e-28,2.259e-43,1.527e-21,3.185e-19,1.192e-20,9.648e-12,1.765e+2,1.252e-22,1.223e+0,8.336e-2,,4.817e-1,8.876e+2,1.931e+4,3.879e-30,3.260e-21,7.669e-24,,,,,,,,,,,,4.152e-1,1.256e-18,,,,,,,,5.922e-22,,1.676e-19,1.100e+3,1.387e-20,1.354e+2
275.05,2.047e+4,3.650e-21,8.037e-7,3.407e-45,,3.273e-37,4.836e-53,2.175e-11,2.813e-20,,3.175e-17,3.106e-19,3.054e-17,3.263e-18,3.408e-23,8.989e-34,,3.070e-28,2.247e-43,1.527e-21,3.186e-19,1.280e-20,4.457e-12,1.849e+2,1.254e-22,1.367e+0,6.337e-2,,4.663e-1,8.742e+2,1.814e+4,3.870e-30,3.261e-21,7.678e-24,,,,,,,,,,,,3.602e-1,1.255e-18,,,,,,,,5.921e-22,,1.681e-19,1.106e+3,1.393e-20,1.640e+2
275.08,1.877e+4,3.642e-21,6.158e-7,3.366e-45,,3.265e-37,2.193e-53,7.353e-12,2.825e-20,,3.184e-17,3.116e-19,7.632e-17,3.270e-18,3.414e-23,8.960e-34,,3.072e-28,2.229e-43,1.528e-21,3.188e-19,1.396e-20,1.373e-12,1.963e+2,1.256e-22,1.589e+0,4.121e-2,,4.391e-1,8.400e+2,1.643e+4,3.857e-30,3.262e-21,7.692e-24,,,,,,,,,,,,2.861e-1,1.254e-18,,,,,,,,5.920e-22,,1.688e-19,1.093e+3,1.401e-20,2.146e+2
275.1,1.768e+4,3.637e-21,5.093e-7,3.338e-45,,3.259e-37,1.278e-53,3.523e-12,2.833e-20,,3.190e-17,3.123e-19,1.388e-16,3.274e-18,3.418e-23,8.942e-34,,3.073e-28,2.217e-43,1.529e-21,3.189e-19,1.461e-20,6.183e-13,2.027e+2,1.257e-22,1.738e+0,3.054e-2,,4.190e-1,8.088e+2,1.534e+4,3.849e-30,3.263e-21,7.701e-24,,,,,,,,,,,,2.426e-1,1.253e-18,,,,,,,,5.918e-22,,1.693e-19,1.071e+3,1.406e-20,2.535e+2
275.13,1.616e+4,3.628e-21,3.760e-7,3.296e-45,,3.250e-37,5.576e-54,1.147e-12,2.845e-20,,3.198e-17,3.133e-19,3.341e-16,3.281e-18,3.424e-23,8.913e-34,,3.074e-28,2.198e-43,1.530e-21,3.191e-19,1.535e-20,1.833e-13,2.100e+2,1.259e-22,1.956e+0,1.912e-2,,3.867e-1,7.518e+2,1.385e+4,3.836e-30,3.264e-21,7.714e-24,,,,,,,,,,,,1.862e-1,1.251e-18,,,,,,,,5.917e-22,,1.700e-19,1.020e+3,1.414e-20,3.192e+2
275.15,1.526e+4,3.623e-21,3.034e-7,3.268e-45,,3.244e-37,3.168e-54,5.355e-13,2.853e-20,,3.204e-17,3.139e-19,5.926e-16,3.286e-18,3.427e-23,8.895e-34,,3.075e-28,2.186e-43,1.530e-21,3.192e-19,1.566e-20,8.047e-14,2.129e+2,1.260e-22,2.093e+0,1.381e-2,,3.646e-1,7.089e+2,1.299e+4,3.827e-30,3.264e-21,7.723e-24,,,,,,,,,,,,1.542e-1,1.250e-18,,,,,,,,5.916e-22,,1.705e-19,9.742e+2,1.420e-20,3.677e+2
275.18,1.413e+4,3.615e-21,2.158e-7,3.226e-45,,3.236e-37,1.330e-54,1.677e-13,2.865e-20,,3.213e-17,3.149e-19,1.374e-15,3.292e-18,3.433e-23,8.866e-34,,3.077e-28,2.168e-43,1.531e-21,3.194e-19,1.584e-20,2.296e-14,2.140e+2,1.262e-22,2.283e+0,8.324e-3,,3.315e-1,6.402e+2,1.193e+4,3.814e-30,3.266e-21,7.737e-24,,,,,,,,,,,,1.142e-1,1.249e-18,,,,,,,,5.914e-22,,1.712e-19,8.928e+2,1.428e-20,4.459e+2
275.2,1.355e+4,3.609e-21,1.699e-7,3.198e-45,,3.230e-37,7.368e-55,7.636e-14,2.873e-20,,3.219e-17,3.156e-19,2.377e-15,3.297e-18,3.437e-23,8.848e-34,,3.078e-28,2.156e-43,1.532e-21,3.195e-19,1.576e-20,9.824e-15,2.125e+2,1.263e-22,2.396e+0,5.864e-3,,3.102e-1,5.936e+2,1.141e+4,3.805e-30,3.266e-21,7.746e-24,,,,,,,,,,,,9.240e-2,1.248e-18,,,,,,,,5.913e-22,,1.717e-19,8.318e+2,1.433e-20,5.007e+2
275.23,1.296e+4,3.601e-21,1.164e-7,3.156e-45,,3.221e-37,2.979e-55,2.301e-14,2.885e-20,,3.227e-17,3.166e-19,5.307e-15,3.304e-18,3.443e-23,8.819e-34,,3.080e-28,2.138e-43,1.533e-21,3.197e-19,1.535e-20,2.697e-15,2.069e+2,1.265e-22,2.539e+0,3.401e-3,,2.803e-1,5.256e+2,1.091e+4,3.792e-30,3.268e-21,7.760e-24,,,,,,,,,,,,6.600e-2,1.247e-18,,,,,,,,5.912e-22,,1.724e-19,7.340e+2,1.442e-20,5.848e+2
275.25,1.277e+4,3.595e-21,8.940e-8,3.128e-45,,3.216e-37,1.608e-55,1.021e-14,2.893e-20,,3.233e-17,3.173e-19,8.953e-15,3.308e-18,3.446e-23,8.801e-34,,3.081e-28,2.125e-43,1.533e-21,3.198e-19,1.489e-20,1.125e-15,2.011e+2,1.266e-22,2.617e+0,2.336e-3,,2.622e-1,4.834e+2,1.077e+4,3.784e-30,3.268e-21,7.769e-24,,,,,,,,,,,,5.211e-2,1.246e-18,,,,,,,,5.911e-22,,1.729e-19,6.667e+2,1.447e-20,6.403e+2
275.28,1.277e+4,3.587e-21,5.903e-8,3.086e-45,,3.207e-37,6.257e-56,2.963e-15,2.905e-20,,3.242e-17,3.183e-19,1.925e-14,3.315e-18,3.452e-23,8.772e-34,,3.082e-28,2.107e-43,1.534e-21,3.200e-19,1.396e-20,2.972e-16,1.896e+2,1.268e-22,2.706e+0,1.304e-3,,2.384e-1,4.272e+2,1.086e+4,3.771e-30,3.269e-21,7.782e-24,,,,,,,,,,,,3.589e-2,1.244e-18,,,,,,,,5.909e-22,,1.736e-19,5.664e+2,1.455e-20,7.200e+2
275.3,1.295e+4,3.582e-21,4.421e-8,3.058e-45,,3.201e-37,3.293e-56,1.282e-15,2.913e-20,,3.247e-17,3.189e-19,3.168e-14,3.320e-18,3.456e-23,8.754e-34,,3.083e-28,2.095e-43,1.535e-21,3.201e-19,1.321e-20,1.208e-16,1.803e+2,1.269e-22,2.748e+0,8.734e-4,,2.251e-1,3.955e+2,1.110e+4,3.762e-30,3.270e-21,7.791e-24,,,,,,,,,,,,2.764e-2,1.243e-18,,,,,,,,5.908e-22,,1.741e-19,5.016e+2,1.460e-20,7.688e+2
275.32,1.327e+4,3.576e-21,3.278e-8,3.031e-45,,3.196e-37,1.715e-56,5.489e-16,2.921e-20,,3.253e-17,3.196e-19,5.160e-14,3.324e-18,3.460e-23,8.735e-34,,3.084e-28,2.083e-43,1.535e-21,3.202e-19,1.237e-20,4.863e-17,1.702e+2,1.271e-22,2.779e+0,5.789e-4,,2.138e-1,3.692e+2,1.148e+4,3.753e-30,3.271e-21,7.800e-24,,,,,,,,,,,,2.109e-2,1.242e-18,,,,,,,,5.907e-22,,1.746e-19,4.398e+2,1.466e-20,8.126e+2
275.35,1.395e+4,3.568e-21,2.055e-8,2.989e-45,,3.187e-37,6.327e-57,1.509e-16,2.932e-20,,3.262e-17,3.206e-19,1.053e-13,3.331e-18,3.465e-23,8.707e-34,,3.086e-28,2.065e-43,1.536e-21,3.204e-19,1.100e-20,1.218e-17,1.539e+2,1.273e-22,2.806e+0,3.065e-4,,2.010e-1,3.402e+2,1.224e+4,3.740e-30,3.272e-21,7.814e-24,,,,,,,,,,,,1.379e-2,1.241e-18,,,,,,,,5.905e-22,,1.753e-19,3.543e+2,1.474e-20,8.666e+2
275.37,1.451e+4,3.562e-21,1.486e-8,2.961e-45,,3.181e-37,3.213e-57,6.299e-17,2.940e-20,,3.268e-17,3.213e-19,1.672e-13,3.336e-18,3.469e-23,8.688e-34,,3.087e-28,2.052e-43,1.537e-21,3.205e-19,1.004e-20,4.778e-18,1.426e+2,1.274e-22,2.816e+0,1.980e-4,,1.950e-1,3.279e+2,1.284e+4,3.732e-30,3.273e-21,7.823e-24,,,,,,,,,,,,1.026e-2,1.240e-18,,,,,,,,5.904e-22,,1.758e-19,3.029e+2,1.479e-20,8.932e+2
275.4,1.545e+4,3.554e-21,8.971e-9,2.919e-45,,3.173e-37,1.141e-57,1.667e-17,2.952e-20,,3.276e-17,3.223e-19,3.287e-13,3.343e-18,3.475e-23,8.660e-34,,3.088e-28,2.034e-43,1.538e-21,3.207e-19,8.596e-21,1.152e-18,1.259e+2,1.276e-22,2.823e+0,1.009e-4,,1.900e-1,3.197e+2,1.385e+4,3.719e-30,3.274e-21,7.837e-24,,,,,,,,,,,,6.464e-3,1.239e-18,,,,,,,,5.903e-22,,1.765e-19,2.349e+2,1.487e-20,9.172e+2
275.42,1.609e+4,3.548e-21,6.328e-9,2.891e-45,,3.167e-37,5.647e-58,6.782e-18,2.960e-20,,3.282e-17,3.229e-19,5.092e-13,3.347e-18,3.479e-23,8.641e-34,,3.089e-28,2.022e-43,1.538e-21,3.208e-19,7.653e-21,4.403e-19,1.152e+2,1.277e-22,2.828e+0,6.358e-5,,1.889e-1,3.204e+2,1.453e+4,3.710e-30,3.275e-21,7.846e-24,,,,,,,,,,,,4.692e-3,1.238e-18,,,,,,,,5.902e-22,,1.770e-19,1.958e+2,1.493e-20,9.219e+2
275.45,1.701e+4,3.540e-21,3.680e-9,2.849e-45,,3.158e-37,1.930e-58,1.727e-18,2.972e-20,,3.291e-17,3.239e-19,9.637e-13,3.354e-18,3.484e-23,8.613e-34,,3.091e-28,2.004e-43,1.539e-21,3.210e-19,6.308e-21,1.021e-19,1.003e+2,1.279e-22,2.839e+0,3.119e-5,,1.907e-1,3.291e+2,1.552e+4,3.697e-30,3.276e-21,7.859e-24,,,,,,,,,,,,2.847e-3,1.236e-18,,,,,,,,5.900e-22,,1.778e-19,1.462e+2,1.501e-20,9.115e+2
275.47,1.755e+4,3.535e-21,2.532e-9,2.821e-45,,3.152e-37,9.313e-59,6.849e-19,2.980e-20,,3.296e-17,3.246e-19,1.456e-12,3.359e-18,3.488e-23,8.594e-34,,3.092e-28,1.992e-43,1.540e-21,3.211e-19,5.476e-21,3.807e-20,9.148e+1,1.280e-22,2.851e+0,1.916e-5,,1.939e-1,3.390e+2,1.610e+4,3.689e-30,3.277e-21,7.868e-24,,,,,,,,,,,,2.015e-3,1.235e-18,,,,,,,,5.899e-22,,1.782e-19,1.188e+2,1.506e-20,8.932e+2
275.5,1.819e+4,3.526e-21,1.418e-9,2.779e-45,,3.144e-37,3.063e-59,1.679e-19,2.992e-20,,3.305e-17,3.256e-19,2.654e-12,3.366e-18,3.494e-23,8.566e-34,,3.093e-28,1.973e-43,1.541e-21,3.213e-19,4.347e-21,3.821e-20,8.010e+1,1.282e-22,2.881e+0,9.048e-6,,2.015e-1,3.579e+2,1.682e+4,3.676e-30,3.278e-21,7.882e-24,,,,,,,,,,,,1.178e-3,1.234e-18,,,,,,,,5.897e-22,,1.790e-19,8.544e+1,1.515e-20,8.504e+2
275.52,1.848e+4,3.521e-21,9.517e-10,2.751e-45,,3.138e-37,1.441e-59,6.490e-20,3.000e-20,,3.311e-17,3.263e-19,3.911e-12,3.370e-18,3.498e-23,8.547e-34,,3.094e-28,1.961e-43,1.541e-21,3.214e-19,3.679e-21,3.831e-20,7.385e+1,1.283e-22,2.907e+0,5.418e-6,,2.081e-1,3.721e+2,1.715e+4,3.667e-30,3.279e-21,7.891e-24,,,,,,,,,,,,8.131e-4,1.233e-18,,,,,,,,5.896e-22,,1.794e-19,6.771e+1,1.520e-20,8.126e+2
275.55,1.864e+4,3.513e-21,5.135e-10,2.709e-45,,3.129e-37,4.562e-60,1.531e-20,3.012e-20,,3.320e-17,3.273e-19,6.867e-12,3.377e-18,3.503e-23,8.518e-34,,3.096e-28,1.943e-43,1.542e-21,3.216e-19,2.813e-21,3.846e-20,6.653e+1,1.285e-22,2.954e+0,2.463e-6,,2.202e-1,3.935e+2,1.739e+4,3.654e-30,3.280e-21,7.905e-24,,,,,,,,,,,,4.576e-4,1.231e-18,,,,,,,,5.895e-22,,1.802e-19,4.686e+1,1.528e-20,7.449e+2
275.57,1.856e+4,3.507e-21,3.360e-10,2.681e-45,,3.124e-37,2.092e-60,5.769e-21,3.020e-20,,3.325e-17,3.279e-19,9.869e-12,3.382e-18,3.507e-23,8.500e-34,,3.097e-28,1.931e-43,1.543e-21,3.217e-19,2.323e-21,3.856e-20,6.298e+1,1.286e-22,2.989e+0,1.438e-6,,2.296e-1,4.068e+2,1.736e+4,3.645e-30,3.280e-21,7.914e-24,,,,,,,,,,,,3.080e-4,1.230e-18,,,,,,,,5.894e-22,,1.807e-19,3.621e+1,1.533e-20,6.941e+2
275.6,1.815e+4,3.499e-21,1.746e-10,2.640e-45,,3.115e-37,6.375e-61,1.309e-21,3.032e-20,,3.334e-17,3.289e-19,1.669e-11,3.389e-18,3.513e-23,8.471e-34,,3.099e-28,1.913e-43,1.544e-21,3.219e-19,1.712e-21,3.871e-20,5.952e+1,1.288e-22,3.040e+0,6.293e-7,,2.455e-1,4.236e+2,1.703e+4,3.632e-30,3.282e-21,7.927e-24,,,,,,,,,,,,1.669e-4,1.229e-18,,,,,,,,5.892e-22,,1.814e-19,2.413e+1,1.542e-20,6.127e+2
275.62,1.769e+4,3.493e-21,1.115e-10,2.612e-45,,3.109e-37,2.850e-61,4.269e-21,3.040e-20,,3.340e-17,3.296e-19,2.339e-11,3.393e-18,3.517e-23,8.453e-34,,3.100e-28,1.901e-43,1.544e-21,3.220e-19,1.382e-21,3.880e-20,5.831e+1,1.290e-22,3.070e+0,3.581e-7,,2.572e-1,4.319e+2,1.662e+4,3.624e-30,3.282e-21,7.936e-24,,,,,,,,,,,,1.096e-4,1.228e-18,,,,,,,,5.891e-22,,1.819e-19,1.818e+1,1.547e-20,5.567e+2
275.65,1.673e+4,3.485e-21,5.579e-11,2.570e-45,,3.101e-37,8.359e-62,8.709e-21,3.051e-20,,3.348e-17,3.306e-19,3.809e-11,3.400e-18,3.522e-23,8.424e-34,,3.101e-28,1.882e-43,1.545e-21,3.222e-19,9.879e-22,3.895e-20,5.788e+1,1.292e-22,3.101e+0,1.509e-7,,2.765e-1,4.391e+2,1.575e+4,3.611e-30,3.283e-21,7.950e-24,,,,,,,,,,,,5.718e-5,1.227e-18,,,,,,,,5.889e-22,,1.826e-19,1.166e+1,1.555e-20,4.731e+2
275.67,1.594e+4,3.480e-21,3.474e-11,2.542e-45,,3.095e-37,3.643e-62,1.167e-20,3.059e-20,,3.354e-17,3.313e-19,5.207e-11,3.405e-18,3.526e-23,8.406e-34,,3.102e-28,1.870e-43,1.546e-21,3.224e-19,7.852e-22,3.905e-20,5.836e+1,1.293e-22,3.110e+0,8.372e-8,,2.905e-1,4.402e+2,1.501e+4,3.602e-30,3.284e-21,7.959e-24,,,,,,,,,,,,3.660e-5,1.226e-18,,,,,,,,5.888e-22,,1.831e-19,8.568e+0,1.561e-20,4.192e+2
275.7,1.457e+4,3.471e-21,1.678e-11,2.500e-45,,3.086e-37,1.028e-62,1.611e-20,3.071e-20,,3.363e-17,3.323e-19,8.166e-11,3.411e-18,3.532e-23,8.377e-34,,3.104e-28,1.852e-43,1.546e-21,3.225e-19,5.584e-22,3.920e-20,5.991e+1,1.295e-22,3.100e+0,3.395e-8,,3.134e-1,4.364e+2,1.372e+4,3.589e-30,3.285e-21,7.972e-24,,,,,,,,,,,,1.839e-5,1.224e-18,,,,,,,,5.887e-22,,1.838e-19,5.292e+0,1.569e-20,3.430e+2
275.72,1.356e+4,3.466e-21,1.023e-11,2.472e-45,,3.081e-37,4.370e-63,4.260e-20,3.079e-20,,3.369e-17,3.330e-19,1.089e-10,3.416e-18,3.536e-23,8.359e-34,,3.105e-28,1.840e-43,1.547e-21,3.227e-19,4.521e-22,3.930e-20,6.135e+1,1.296e-22,3.077e+0,1.837e-8,,3.300e-1,4.303e+2,1.277e+4,3.580e-30,3.286e-21,7.981e-24,,,,,,,,,,,,1.148e-5,1.223e-18,,,,,,,,5.886e-22,,1.843e-19,3.791e+0,1.574e-20,2.963e+2
275.74,1.251e+4,3.460e-21,6.213e-12,2.444e-45,,3.075e-37,1.838e-63,1.116e-19,3.087e-20,,3.374e-17,3.336e-19,1.437e-10,3.421e-18,3.539e-23,8.340e-34,,3.106e-28,1.828e-43,1.548e-21,3.228e-19,3.773e-22,3.940e-20,6.299e+1,1.297e-22,3.040e+0,9.835e-9,,3.478e-1,4.220e+2,1.177e+4,3.572e-30,3.287e-21,7.991e-24,,,,,,,,,,,,7.091e-6,1.222e-18,,,,,,,,5.885e-22,,1.848e-19,2.687e+0,1.579e-20,2.535e+2
275.77,1.090e+4,3.452e-21,2.988e-12,2.402e-45,,3.066e-37,4.918e-64,4.641e-19,3.099e-20,,3.383e-17,3.346e-19,2.138e-10,3.427e-18,3.545e-23,8.312e-34,,3.107e-28,1.809e-43,1.549e-21,3.230e-19,3.193e-22,3.954e-20,6.564e+1,1.299e-22,2.962e+0,3.781e-9,,3.771e-1,4.061e+2,1.023e+4,3.559e-30,3.288e-21,8.004e-24,,,,,,,,,,,,3.378e-6,1.221e-18,,,,,,,,5.883e-22,,1.855e-19,1.574e+0,1.588e-20,1.967e+2
275.79,9.839e+3,3.447e-21,1.924e-12,2.374e-45,,3.060e-37,2.016e-64,1.185e-18,3.107e-20,,3.389e-17,3.353e-19,2.752e-10,3.432e-18,3.549e-23,8.293e-34,,3.108e-28,1.797e-43,1.549e-21,3.231e-19,3.148e-22,3.964e-20,6.744e+1,1.300e-22,2.896e+0,1.974e-9,,3.986e-1,3.941e+2,9.209e+3,3.550e-30,3.289e-21,8.013e-24,,,,,,,,,,,,2.035e-6,1.220e-18,,,,,,,,5.882e-22,,1.860e-19,1.088e+0,1.593e-20,1.640e+2
275.82,8.302e+3,3.438e-21,1.220e-12,2.332e-45,,3.052e-37,5.193e-65,4.751e-18,3.119e-20,,3.397e-17,3.363e-19,3.945e-10,3.439e-18,3.555e-23,8.265e-34,,3.110e-28,1.779e-43,1.550e-21,3.233e-19,3.607e-22,3.979e-20,7.006e+1,1.302e-22,2.783e+0,7.307e-10,,4.340e-1,3.755e+2,7.730e+3,3.537e-30,3.290e-21,8.027e-24,,,,,,,,,,,,9.336e-7,1.219e-18,,,,,,,,5.880e-22,,1.867e-19,6.138e-1,1.601e-20,1.226e+2
275.84,7.339e+3,3.433e-21,1.123e-12,2.305e-45,,3.046e-37,2.075e-65,1.184e-17,3.127e-20,,3.403e-17,3.370e-19,4.952e-10,3.443e-18,3.558e-23,8.246e-34,,3.111e-28,1.767e-43,1.551e-21,3.234e-19,4.297e-22,3.989e-20,7.170e+1,1.304e-22,2.702e+0,3.719e-10,,4.599e-1,3.635e+2,6.800e+3,3.529e-30,3.291e-21,8.036e-24,,,,,,,,,,,,5.483e-7,1.218e-18,,,,,,,,5.879e-22,,1.872e-19,4.137e-1,1.606e-20,9.969e+1
275.87,6.019e+3,3.425e-21,1.363e-12,2.263e-45,,3.037e-37,5.145e-66,4.574e-17,3.139e-20,,3.412e-17,3.380e-19,6.836e-10,3.450e-18,3.564e-23,8.218e-34,,3.112e-28,1.749e-43,1.552e-21,3.236e-19,6.025e-22,4.004e-20,7.397e+1,1.305e-22,2.582e+0,1.325e-10,,5.023e-1,3.475e+2,5.522e+3,3.516e-30,3.292e-21,8.049e-24,,,,,,,,,,,,2.422e-7,1.216e-18,,,,,,,,5.878e-22,,1.879e-19,2.246e-1,1.615e-20,7.173e+1
275.89,5.233e+3,3.419e-21,1.752e-12,2.235e-45,,3.032e-37,2.005e-66,1.112e-16,3.147e-20,,3.418e-17,3.386e-19,8.369e-10,3.455e-18,3.568e-23,8.199e-34,,3.113e-28,1.737e-43,1.552e-21,3.237e-19,7.756e-22,4.013e-20,7.536e+1,1.307e-22,2.506e+0,6.575e-11,,5.329e-1,3.389e+2,4.759e+3,3.507e-30,3.293e-21,8.058e-24,,,,,,,,,,,,1.387e-7,1.215e-18,,,,,,,,5.877e-22,,1.884e-19,1.476e-1,1.620e-20,5.688e+1
275.92,4.205e+3,3.411e-21,2.709e-12,2.193e-45,,3.023e-37,4.783e-67,4.137e-16,3.159e-20,,3.426e-17,3.396e-19,1.113e-9,3.462e-18,3.574e-23,8.171e-34,,3.115e-28,1.718e-43,1.553e-21,3.239e-19,1.155e-21,4.028e-20,7.726e+1,1.309e-22,2.408e+0,2.255e-11,,5.820e-1,3.299e+2,3.756e+3,3.494e-30,3.294e-21,8.072e-24,,,,,,,,,,,,5.897e-8,1.214e-18,,,,,,,,5.875e-22,,1.891e-19,7.718e-2,1.628e-20,3.941e+1
275.94,3.622e+3,3.405e-21,3.651e-12,2.165e-45,,3.017e-37,1.817e-67,9.810e-16,3.166e-20,,3.432e-17,3.403e-19,1.329e-9,3.466e-18,3.577e-23,8.152e-34,,3.116e-28,1.706e-43,1.554e-21,3.240e-19,1.521e-21,4.038e-20,7.844e+1,1.310e-22,2.357e+0,1.091e-11,,6.164e-1,3.268e+2,3.183e+3,3.485e-30,3.295e-21,8.081e-24,,,,,,,,,,,,3.293e-8,1.213e-18,,,,,,,,5.874e-22,,1.896e-19,4.946e-2,1.634e-20,3.047e+1
275.97,2.894e+3,3.397e-21,5.664e-12,2.123e-45,,3.009e-37,4.172e-68,3.516e-15,3.178e-20,,3.441e-17,3.413e-19,1.701e-9,3.473e-18,3.583e-23,8.124e-34,,3.118e-28,1.688e-43,1.554e-21,3.242e-19,2.332e-21,4.053e-20,8.012e+1,1.312e-22,2.304e+0,3.602e-12,,6.700e-1,3.264e+2,2.464e+3,3.472e-30,3.296e-21,8.095e-24,,,,,,,,,,,,1.348e-8,1.212e-18,,,,,,,,5.872e-22,,1.904e-19,2.489e-2,1.642e-20,2.033e+1
275.99,2.500e+3,3.391e-21,7.519e-12,2.095e-45,,3.003e-37,6.274e-68,8.134e-15,3.186e-20,,3.446e-17,3.420e-19,1.981e-9,3.478e-18,3.587e-23,8.105e-34,,3.119e-28,1.676e-43,1.555e-21,3.243e-19,3.148e-21,4.063e-20,8.121e+1,1.313e-22,2.287e+0,1.699e-12,,7.061e-1,3.288e+2,2.072e+3,3.464e-30,3.296e-21,8.104e-24,,,,,,,,,,,,7.337e-9,1.211e-18,,,,,,,,5.871e-22,,1.908e-19,1.555e-2,1.647e-20,1.533e+1
276.02,2.031e+3,3.383e-21,1.132e-11,2.053e-45,,2.994e-37,9.426e-68,2.809e-14,3.198e-20,,3.455e-17,3.430e-19,2.443e-9,3.485e-18,3.593e-23,8.077e-34,,3.120e-28,1.658e-43,1.556e-21,3.245e-19,5.091e-21,4.077e-20,8.286e+1,1.315e-22,2.291e+0,5.400e-13,,7.597e-1,3.357e+2,1.599e+3,3.451e-30,3.298e-21,8.117e-24,,,,,,,,,,,,2.892e-9,1.209e-18,,,,,,,,5.870e-22,,1.916e-19,7.536e-3,1.655e-20,9.845e+0
276.04,1.788e+3,3.378e-21,1.470e-11,2.025e-45,,2.988e-37,1.153e-67,6.340e-14,3.206e-20,,3.461e-17,3.436e-19,2.775e-9,3.489e-18,3.597e-23,8.058e-34,,3.121e-28,1.645e-43,1.557e-21,3.246e-19,7.193e-21,4.087e-20,8.400e+1,1.316e-22,2.310e+0,2.483e-13,,7.940e-1,3.418e+2,1.352e+3,3.442e-30,3.298e-21,8.126e-24,,,,,,,,,,,,1.535e-9,1.208e-18,,,,,,,,5.869e-22,,1.921e-19,4.591e-3,1.661e-20,7.238e+0
276.07,1.512e+3,3.369e-21,2.140e-11,1.983e-45,,2.980e-37,1.468e-67,2.110e-13,3.218e-20,,3.469e-17,3.446e-19,3.296e-9,3.496e-18,3.602e-23,8.030e-34,,3.123e-28,1.627e-43,1.557e-21,3.248e-19,1.259e-20,4.102e-20,8.582e+1,1.318e-22,2.364e+0,7.597e-14,,8.417e-1,3.521e+2,1.067e+3,3.429e-30,3.299e-21,8.140e-24,,,,,,,,,,,,5.823e-10,1.207e-18,,,,,,,,5.867e-22,,1.928e-19,2.142e-3,1.669e-20,4.477e+0
276.09,1.376e+3,3.364e-21,2.718e-11,1.955e-45,,2.974e-37,1.678e-67,4.644e-13,3.226e-20,,3.475e-17,3.453e-19,3.650e-9,3.501e-18,3.606e-23,8.011e-34,,3.124e-28,1.615e-43,1.558e-21,3.249e-19,1.875e-20,4.112e-20,8.713e+1,1.319e-22,2.414e+0,3.406e-14,,8.699e-1,3.589e+2,9.233e+2,3.420e-30,3.300e-21,8.149e-24,,,,,,,,,,,,3.014e-10,1.206e-18,,,,,,,,5.866e-22,,1.933e-19,1.272e-3,1.674e-20,3.209e+0
276.11,1.269e+3,3.358e-21,3.422e-11,1.928e-45,,2.968e-37,1.888e-67,1.012e-12,3.234e-20,,3.481e-17,3.460e-19,4.003e-9,3.505e-18,3.610e-23,7.992e-34,,3.125e-28,1.603e-43,1.559e-21,3.250e-19,2.843e-20,4.122e-20,8.853e+1,1.321e-22,2.471e+0,1.511e-14,,8.945e-1,3.650e+2,8.103e+2,3.412e-30,3.301e-21,8.158e-24,,,,,,,,,,,,1.544e-10,1.205e-18,,,,,,,,5.865e-22,,1.937e-19,7.481e-4,1.679e-20,2.277e+0
276.14,1.153e+3,3.350e-21,4.754e-11,1.886e-45,,2.960e-37,2.204e-67,3.197e-12,3.246e-20,,3.490e-17,3.470e-19,4.511e-9,3.512e-18,3.616e-23,7.964e-34,,3.126e-28,1.585e-43,1.560e-21,3.252e-19,5.431e-20,4.137e-20,9.085e+1,1.322e-22,2.568e+0,4.384e-15,,9.234e-1,3.718e+2,6.857e+2,3.399e-30,3.302e-21,8.172e-24,,,,,,,,,,,,5.554e-11,1.204e-18,,,,,,,,5.863e-22,,1.945e-19,3.310e-4,1.688e-20,1.336e+0
276.16,1.097e+3,3.345e-21,5.856e-11,1.858e-45,,2.954e-37,2.414e-67,6.799e-12,3.254e-20,,3.495e-17,3.476e-19,4.824e-9,3.517e-18,3.619e-23,7.945e-34,,3.127e-28,1.572e-43,1.560e-21,3.253e-19,8.440e-20,4.146e-20,9.254e+1,1.324e-22,2.635e+0,1.897e-15,,9.367e-1,3.740e+2,6.256e+2,3.390e-30,3.303e-21,8.181e-24,,,,,,,,,,,,2.774e-11,1.203e-18,,,,,,,,5.862e-22,,1.950e-19,1.898e-4,1.693e-20,9.244e-1
276.19,1.033e+3,3.336e-21,7.875e-11,1.816e-45,,2.945e-37,2.729e-67,2.069e-11,3.266e-20,,3.504e-17,3.486e-19,5.236e-9,3.524e-18,3.625e-23,7.917e-34,,3.129e-28,1.554e-43,1.561e-21,3.255e-19,1.642e-19,4.161e-20,9.530e+1,1.326e-22,2.736e+0,5.296e-16,,9.470e-1,3.734e+2,5.605e+2,3.377e-30,3.304e-21,8.194e-24,,,,,,,,,,,,9.608e-12,1.201e-18,,,,,,,,5.861e-22,,1.957e-19,8.083e-5,1.701e-20,5.222e-1
276.21,1.001e+3,3.331e-21,9.493e-11,1.788e-45,,2.940e-37,2.939e-67,4.292e-11,3.274e-20,,3.510e-17,3.493e-19,5.461e-9,3.528e-18,3.629e-23,7.898e-34,,3.130e-28,1.542e-43,1.562e-21,3.256e-19,2.556e-19,4.171e-20,9.727e+1,1.327e-22,2.799e+0,2.234e-16,,9.473e-1,3.699e+2,5.295e+2,3.368e-30,3.305e-21,8.203e-24,,,,,,,,,,,,4.679e-12,1.200e-18,,,,,,,,5.860e-22,,1.962e-19,4.518e-5,1.707e-20,3.523e-1
276.24,9.612e+2,3.323e-21,1.237e-10,1.746e-45,,2.931e-37,3.254e-67,1.259e-10,3.285e-20,,3.519e-17,3.503e-19,5.708e-9,3.535e-18,3.635e-23,7.870e-34,,3.131e-28,1.524e-43,1.563e-21,3.258e-19,4.923e-19,4.186e-20,1.004e+2,1.329e-22,2.883e+0,6.004e-17,,9.384e-1,3.603e+2,4.965e+2,3.355e-30,3.306e-21,8.217e-24,,,,,,,,,,,,1.560e-12,1.199e-18,,,,,,,,5.858e-22,,1.969e-19,1.853e-5,1.715e-20,1.916e-1
276.26,9.392e+2,3.317e-21,1.459e-10,1.718e-45,,2.925e-37,3.465e-67,2.547e-10,3.293e-20,,3.524e-17,3.510e-19,5.806e-9,3.540e-18,3.638e-23,7.851e-34,,3.132e-28,1.512e-43,1.563e-21,3.259e-19,7.564e-19,4.196e-20,1.025e+2,1.330e-22,2.929e+0,2.469e-17,,9.267e-1,3.511e+2,4.816e+2,3.347e-30,3.307e-21,8.226e-24,,,,,,,,,,,,7.407e-13,1.198e-18,,,,,,,,5.857e-22,,1.974e-19,1.010e-5,1.720e-20,1.261e-1
276.29,9.118e+2,3.309e-21,1.842e-10,1.676e-45,,2.917e-37,3.780e-67,7.196e-10,3.305e-20,,3.533e-17,3.520e-19,5.846e-9,3.546e-18,3.644e-23,7.823e-34,,3.134e-28,1.493e-43,1.564e-21,3.261e-19,1.421e-18,4.210e-20,1.057e+2,1.332e-22,2.980e+0,6.389e-18,,9.018e-1,3.338e+2,4.684e+2,3.334e-30,3.308e-21,8.239e-24,,,,,,,,,,,,2.378e-13,1.197e-18,,,,,,,,5.855e-22,,1.981e-19,3.988e-6,1.728e-20,6.603e-2
276.31,8.976e+2,3.303e-21,2.130e-10,1.648e-45,,2.911e-37,3.990e-67,1.420e-9,3.313e-20,,3.539e-17,3.526e-19,5.799e-9,3.551e-18,3.648e-23,7.804e-34,,3.135e-28,1.481e-43,1.565e-21,3.262e-19,2.140e-18,4.220e-20,1.076e+2,1.333e-22,2.999e+0,2.562e-18,,8.815e-1,3.206e+2,4.655e+2,3.325e-30,3.309e-21,8.248e-24,,,,,,,,,,,,1.101e-13,1.196e-18,,,,,,,,5.854e-22,,1.986e-19,2.119e-6,1.734e-20,4.236e-2
276.34,8.839e+2,3.295e-21,2.608e-10,1.606e-45,,2.902e-37,4.305e-67,3.867e-9,3.325e-20,,3.547e-17,3.536e-19,5.623e-9,3.558e-18,3.654e-23,7.776e-34,,3.137e-28,1.463e-43,1.565e-21,3.264e-19,3.892e-18,4.235e-20,1.102e+2,1.335e-22,3.005e+0,6.380e-19,,8.476e-1,2.993e+2,4.705e+2,3.312e-30,3.310e-21,8.262e-24,,,,,,,,,,,,3.402e-14,1.194e-18,,,,,,,,5.853e-22,,1.993e-19,8.056e-7,1.742e-20,2.136e-2
276.36,8.811e+2,3.290e-21,2.955e-10,1.579e-45,,2.896e-37,4.515e-67,7.447e-9,3.333e-20,,3.553e-17,3.543e-19,5.440e-9,3.562e-18,3.657e-23,7.757e-34,,3.138e-28,1.451e-43,1.566e-21,3.265e-19,5.731e-18,4.245e-20,1.116e+2,1.336e-22,2.993e+0,2.494e-19,,8.242e-1,2.849e+2,4.808e+2,3.304e-30,3.310e-21,8.271e-24,,,,,,,,,,,,1.535e-14,1.193e-18,,,,,,,,5.852e-22,,1.998e-19,4.174e-7,1.747e-20,1.336e-2
276.39,8.890e+2,3.281e-21,3.511e-10,1.537e-45,,2.888e-37,4.831e-67,1.953e-8,3.345e-20,,3.562e-17,3.553e-19,5.081e-9,3.569e-18,3.663e-23,7.729e-34,,3.139e-28,1.433e-43,1.567e-21,3.267e-19,1.006e-17,4.260e-20,1.128e+2,1.338e-22,2.950e+0,5.980e-20,,7.905e-1,2.644e+2,5.080e+2,3.291e-30,3.312e-21,8.285e-24,,,,,,,,,,,,4.568e-15,1.192e-18,,,,,,,,5.850e-22,,2.005e-19,1.528e-7,1.755e-20,6.488e-3
276.41,9.035e+2,3.276e-21,3.900e-10,1.509e-45,,2.882e-37,5.041e-67,3.670e-8,3.353e-20,,3.568e-17,3.560e-19,4.794e-9,3.574e-18,3.667e-23,7.710e-34,,3.140e-28,1.421e-43,1.568e-21,3.268e-19,1.446e-17,4.269e-20,1.131e+2,1.339e-22,2.907e+0,2.279e-20,,7.705e-1,2.521e+2,5.347e+2,3.282e-30,3.312e-21,8.294e-24,,,,,,,,,,,,2.010e-15,1.191e-18,,,,,,,,5.849e-22,,2.010e-19,7.719e-8,1.761e-20,3.957e-3
276.44,9.411e+2,3.268e-21,4.500e-10,1.467e-45,,2.873e-37,5.356e-67,9.275e-8,3.365e-20,,3.576e-17,3.570e-19,4.312e-9,3.581e-18,3.673e-23,7.682e-34,,3.142e-28,1.402e-43,1.568e-21,3.270e-19,2.448e-17,4.284e-20,1.123e+2,1.341e-22,2.823e+0,5.259e-21,,7.467e-1,2.367e+2,5.886e+2,3.269e-30,3.313e-21,8.307e-24,,,,,,,,,,,,5.757e-16,1.189e-18,,,,,,,,5.848e-22,,2.017e-19,2.720e-8,1.769e-20,1.850e-3
276.46,9.772e+2,3.262e-21,4.904e-10,1.439e-45,,2.868e-37,5.566e-67,1.700e-7,3.373e-20,,3.582e-17,3.576e-19,3.968e-9,3.585e-18,3.676e-23,7.663e-34,,3.143e-28,1.390e-43,1.569e-21,3.271e-19,3.434e-17,4.294e-20,1.109e+2,1.343e-22,2.756e+0,5.283e-21,,7.363e-1,2.290e+2,6.338e+2,3.260e-30,3.314e-21,8.316e-24,,,,,,,,,,,,2.470e-16,1.188e-18,,,,,,,,5.846e-22,,2.022e-19,1.340e-8,1.774e-20,1.100e-3
276.48,1.022e+3,3.257e-21,5.302e-10,1.411e-45,,2.862e-37,5.776e-67,3.085e-7,3.381e-20,,3.588e-17,3.583e-19,3.615e-9,3.590e-18,3.680e-23,7.644e-34,,3.144e-28,1.378e-43,1.570e-21,3.273e-19,4.770e-17,4.304e-20,1.089e+2,1.344e-22,2.684e+0,5.306e-21,,7.311e-1,2.236e+2,6.862e+2,3.252e-30,3.315e-21,8.325e-24,,,,,,,,,,,,1.049e-16,1.188e-18,,,,,,,,5.845e-22,,2.027e-19,6.534e-9,1.780e-20,6.480e-4
276.51,1.105e+3,3.248e-21,5.878e-10,1.369e-45,,2.853e-37,6.091e-67,7.402e-7,3.393e-20,,3.596e-17,3.593e-19,3.085e-9,3.597e-18,3.686e-23,7.616e-34,,3.145e-28,1.360e-43,1.571e-21,3.274e-19,7.666e-17,4.319e-20,1.045e+2,1.346e-22,2.571e+0,5.341e-21,,7.343e-1,2.199e+2,7.774e+2,3.239e-30,3.316e-21,8.339e-24,,,,,,,,,,,,2.849e-17,1.186e-18,,,,,,,,5.844e-22,,2.034e-19,2.183e-9,1.788e-20,2.873e-4
276.53,1.169e+3,3.243e-21,6.237e-10,1.341e-45,,2.848e-37,6.302e-67,1.310e-6,3.401e-20,,3.602e-17,3.600e-19,2.741e-9,3.601e-18,3.690e-23,7.597e-34,,3.146e-28,1.348e-43,1.571e-21,3.276e-19,1.039e-16,4.329e-20,1.007e+2,1.347e-22,2.498e+0,5.365e-21,,7.442e-1,2.203e+2,8.451e+2,3.230e-30,3.317e-21,8.348e-24,,,,,,,,,,,,1.180e-17,1.185e-18,,,,,,,,5.843e-22,,2.039e-19,1.038e-9,1.793e-20,1.650e-4
276.56,1.276e+3,3.234e-21,6.722e-10,1.299e-45,,2.839e-37,6.617e-67,3.030e-6,3.412e-20,,3.611e-17,3.610e-19,2.253e-9,3.608e-18,3.695e-23,7.569e-34,,3.148e-28,1.329e-43,1.572e-21,3.277e-19,1.608e-16,4.343e-20,9.386e+1,1.349e-22,2.401e+0,5.400e-21,,7.710e-1,2.249e+2,9.542e+2,3.217e-30,3.318e-21,8.362e-24,,,,,,,,,,,,3.084e-18,1.184e-18,,,,,,,,5.841e-22,,2.047e-19,3.340e-10,1.801e-20,7.043e-5
276.58,1.352e+3,3.229e-21,7.000e-10,1.271e-45,,2.833e-37,6.827e-67,5.234e-6,3.420e-20,,3.617e-17,3.616e-19,1.952e-9,3.613e-18,3.699e-23,7.550e-34,,3.149e-28,1.317e-43,1.573e-21,3.279e-19,2.125e-16,4.353e-20,8.865e+1,1.350e-22,2.351e+0,5.423e-21,,7.964e-1,2.301e+2,1.030e+3,3.208e-30,3.319e-21,8.371e-24,,,,,,,,,,,,1.245e-18,1.183e-18,,,,,,,,5.840e-22,,2.051e-19,1.548e-10,1.807e-20,3.943e-5
276.61,1.466e+3,3.221e-21,7.336e-10,1.230e-45,,2.825e-37,7.142e-67,1.166e-5,3.432e-20,,3.625e-17,3.626e-19,1.545e-9,3.620e-18,3.705e-23,7.522e-34,,3.150e-28,1.299e-43,1.573e-21,3.280e-19,3.170e-16,4.368e-20,8.007e+1,1.352e-22,2.305e+0,5.458e-21,,8.446e-1,2.404e+2,1.142e+3,3.195e-30,3.320e-21,8.384e-24,,,,,,,,,,,,3.134e-19,1.181e-18,,,,,,,,5.839e-22,,2.059e-19,4.796e-11,1.815e-20,1.621e-5
276.63,1.540e+3,3.215e-21,7.499e-10,1.202e-45,,2.819e-37,7.352e-67,1.965e-5,3.440e-20,,3.631e-17,3.633e-19,1.306e-9,3.624e-18,3.709e-23,7.503e-34,,3.151e-28,1.287e-43,1.574e-21,3.282e-19,4.087e-16,4.378e-20,7.399e+1,1.353e-22,2.300e+0,5.482e-21,,8.823e-1,2.483e+2,1.214e+3,3.187e-30,3.321e-21,8.393e-24,,,,,,,,,,,,1.234e-19,1.180e-18,,,,,,,,5.837e-22,,2.064e-19,2.168e-11,1.820e-20,8.850e-6
276.66,1.641e+3,3.207e-21,7.641e-10,1.160e-45,,2.810e-37,7.668e-67,4.220e-5,3.452e-20,,3.640e-17,3.643e-19,9.958e-10,3.631e-18,3.714e-23,7.475e-34,,3.153e-28,1.269e-43,1.575e-21,3.283e-19,5.872e-16,4.393e-20,6.463e+1,1.355e-22,2.336e+0,5.517e-21,,9.446e-1,2.604e+2,1.313e+3,3.174e-30,3.322e-21,8.407e-24,,,,,,,,,,,,2.990e-20,1.179e-18,,,,,,,,5.836e-22,,2.071e-19,6.465e-12,1.828e-20,3.503e-6
276.68,1.699e+3,3.201e-21,7.665e-10,1.132e-45,,2.804e-37,7.878e-67,6.939e-5,3.460e-20,,3.645e-17,3.650e-19,8.207e-10,3.636e-18,3.718e-23,7.456e-34,,3.154e-28,1.257e-43,1.576e-21,3.285e-19,7.384e-16,4.402e-20,5.838e+1,1.356e-22,2.392e+0,5.540e-21,,9.882e-1,2.681e+2,1.369e+3,3.165e-30,3.323e-21,8.416e-24,,,,,,,,,,,,1.147e-20,1.178e-18,,,,,,,,5.835e-22,,2.076e-19,2.849e-12,1.834e-20,1.865e-6
276.71,1.767e+3,3.193e-21,7.593e-10,1.090e-45,,2.796e-37,8.193e-67,1.436e-4,3.472e-20,,3.654e-17,3.660e-19,6.027e-10,3.643e-18,3.724e-23,7.428e-34,,3.156e-28,1.238e-43,1.576e-21,3.286e-19,1.022e-15,4.417e-20,4.925e+1,1.358e-22,2.525e+0,5.576e-21,,1.053e+0,2.780e+2,1.436e+3,3.152e-30,3.324e-21,8.430e-24,,,,,,,,,,,,2.677e-21,1.177e-18,,,,,,,,5.833e-22,,2.083e-19,8.180e-13,1.842e-20,7.107e-7
276.73,1.797e+3,3.188e-21,7.473e-10,1.062e-45,,2.790e-37,8.403e-67,2.304e-4,3.480e-20,,3.660e-17,3.666e-19,4.844e-10,3.647e-18,3.728e-23,7.409e-34,,3.157e-28,1.226e-43,1.577e-21,3.288e-19,1.254e-15,4.427e-20,4.345e+1,1.360e-22,2.645e+0,5.599e-21,,1.094e+0,2.829e+2,1.467e+3,3.143e-30,3.325e-21,8.439e-24,,,,,,,,,,,,1.002e-21,1.176e-18,,,,,,,,5.832e-22,,2.088e-19,3.515e-13,1.847e-20,3.689e-7
276.76,1.816e+3,3.179e-21,7.192e-10,1.020e-45,,2.781e-37,8.718e-67,4.596e-4,3.492e-20,,3.668e-17,3.676e-19,3.426e-10,3.654e-18,3.733e-23,7.381e-34,,3.158e-28,1.208e-43,1.578e-21,3.289e-19,1.672e-15,4.442e-20,3.537e+1,1.361e-22,2.868e+0,5.634e-21,,1.149e+0,2.871e+2,1.490e+3,3.130e-30,3.326e-21,8.452e-24,,,,,,,,,,,,1.000e-21,1.174e-18,,,,,,,,5.831e-22,,2.095e-19,9.717e-14,1.855e-20,1.354e-7
276.78,1.811e+3,3.174e-21,6.943e-10,9.922e-46,,2.776e-37,8.929e-67,7.194e-4,3.500e-20,,3.674e-17,3.683e-19,2.686e-10,3.659e-18,3.737e-23,7.362e-34,,3.159e-28,1.196e-43,1.579e-21,3.291e-19,2.000e-15,4.452e-20,3.047e+1,1.363e-22,3.040e+0,5.658e-21,,1.178e+0,2.874e+2,1.489e+3,3.122e-30,3.326e-21,8.461e-24,,,,,,,,,,,,9.992e-22,1.173e-18,,,,,,,,5.830e-22,,2.100e-19,4.072e-14,1.861e-20,6.852e-8
276.81,1.775e+3,3.166e-21,6.488e-10,9.503e-46,,2.767e-37,9.244e-67,1.383e-3,3.512e-20,,3.683e-17,3.693e-19,1.829e-10,3.665e-18,3.743e-23,7.334e-34,,3.161e-28,1.178e-43,1.579e-21,3.293e-19,2.569e-15,4.466e-20,2.392e+1,1.365e-22,3.320e+0,2.415e-20,,1.210e+0,2.839e+2,1.463e+3,3.109e-30,3.328e-21,8.475e-24,,,,,,,,,,,,9.978e-22,1.172e-18,,,,,,,,5.828e-22,,2.107e-19,1.084e-14,1.869e-20,2.421e-8
276.83,1.734e+3,3.160e-21,6.140e-10,9.224e-46,,2.761e-37,9.454e-67,2.113e-3,3.520e-20,,3.689e-17,3.700e-19,1.399e-10,3.670e-18,3.747e-23,7.315e-34,,3.162e-28,1.165e-43,1.580e-21,3.294e-19,2.998e-15,4.476e-20,2.011e+1,1.366e-22,3.513e+0,6.276e-20,,1.222e+0,2.789e+2,1.430e+3,3.100e-30,3.328e-21,8.484e-24,,,,,,,,,,,,9.969e-22,1.171e-18,,,,,,,,5.827e-22,,2.112e-19,4.427e-15,1.874e-20,1.195e-8
276.85,1.679e+3,3.155e-21,5.764e-10,8.944e-46,,2.756e-37,9.664e-67,3.197e-3,3.527e-20,,3.694e-17,3.706e-19,1.059e-10,3.675e-18,3.750e-23,7.296e-34,,3.163e-28,1.153e-43,1.581e-21,3.295e-19,3.464e-15,4.486e-20,1.674e+1,1.367e-22,3.704e+0,1.615e-19,,1.225e+0,2.719e+2,1.386e+3,3.092e-30,3.329e-21,8.493e-24,,,,,,,,,,,,9.960e-22,1.170e-18,,,,,,,,5.826e-22,,2.117e-19,1.790e-15,1.880e-20,5.839e-9
276.88,1.576e+3,3.146e-21,5.163e-10,8.525e-46,,2.747e-37,9.979e-67,5.840e-3,3.539e-20,,3.703e-17,3.716e-19,6.842e-11,3.681e-18,3.756e-23,7.268e-34,,3.164e-28,1.135e-43,1.581e-21,3.297e-19,4.222e-15,4.501e-20,1.249e+1,1.369e-22,3.971e+0,6.547e-19,,1.214e+0,2.577e+2,1.300e+3,3.079e-30,3.330e-21,8.506e-24,,,,,,,,,,,,9.946e-22,1.169e-18,,,,,,,,5.824e-22,,2.124e-19,4.519e-16,1.888e-20,1.957e-9
276.9,1.495e+3,3.141e-21,4.748e-10,8.246e-46,,2.741e-37,1.019e-66,8.622e-3,3.547e-20,,3.709e-17,3.723e-19,5.051e-11,3.686e-18,3.760e-23,7.249e-34,,3.165e-28,1.123e-43,1.582e-21,3.298e-19,4.758e-15,4.511e-20,1.014e+1,1.370e-22,4.127e+0,1.644e-18,,1.196e+0,2.462e+2,1.233e+3,3.070e-30,3.331e-21,8.516e-24,,,,,,,,,,,,9.937e-22,1.168e-18,,,,,,,,5.823e-22,,2.129e-19,1.782e-16,1.893e-20,9.323e-10
276.93,1.360e+3,3.133e-21,4.122e-10,7.827e-46,,2.733e-37,1.050e-66,1.519e-2,3.559e-20,,3.717e-17,3.733e-19,3.144e-11,3.693e-18,3.766e-23,7.221e-34,,3.167e-28,1.105e-43,1.583e-21,3.300e-19,5.588e-15,4.526e-20,7.292e+0,1.372e-22,4.312e+0,6.422e-18,,1.154e+0,2.265e+2,1.121e+3,3.057e-30,3.332e-21,8.529e-24,,,,,,,,,,,,9.923e-22,1.166e-18,,,,,,,,5.822e-22,,2.136e-19,4.330e-17,1.901e-20,3.008e-10
276.95,1.264e+3,3.127e-21,3.711e-10,7.548e-46,,2.727e-37,1.071e-66,2.189e-2,3.567e-20,,3.723e-17,3.740e-19,2.263e-11,3.697e-18,3.769e-23,7.202e-34,,3.168e-28,1.092e-43,1.584e-21,3.301e-19,6.143e-15,4.535e-20,5.779e+0,1.373e-22,4.395e+0,1.573e-17,,1.117e+0,2.121e+2,1.041e+3,3.048e-30,3.333e-21,8.538e-24,,,,,,,,,,,,9.914e-22,1.165e-18,,,,,,,,5.821e-22,,2.141e-19,1.665e-17,1.907e-20,1.398e-10
276.98,1.116e+3,3.119e-21,3.120e-10,7.129e-46,,2.718e-37,1.103e-66,3.719e-2,3.579e-20,,3.732e-17,3.750e-19,1.357e-11,3.704e-18,3.775e-23,7.174e-34,,3.169e-28,1.074e-43,1.584e-21,3.303e-19,6.949e-15,4.550e-20,4.003e+0,1.375e-22,4.451e+0,5.923e-17,,1.050e+0,1.893e+2,9.169e+2,3.035e-30,3.334e-21,8.552e-24,,,,,,,,,,,,9.900e-22,1.164e-18,,,,,,,,5.819e-22,,2.148e-19,3.894e-18,1.915e-20,4.342e-11
277,1.017e+3,3.113e-21,2.749e-10,6.850e-46,,2.712e-37,1.124e-66,5.233e-2,3.587e-20,,3.738e-17,3.756e-19,9.526e-12,3.709e-18,3.779e-23,7.155e-34,,3.171e-28,1.062e-43,1.585e-21,3.304e-19,7.450e-15,4.560e-20,3.095e+0,1.377e-22,4.438e+0,1.416e-16,,1.001e+0,1.737e+2,8.343e+2,3.027e-30,3.335e-21,8.561e-24,,,,,,,,,,,,9.891e-22,1.163e-18,,,,,,,,5.818e-22,,2.153e-19,3.890e-18,1.920e-20,1.967e-11
277.03,8.716e+2,3.105e-21,2.237e-10,6.431e-46,,2.704e-37,1.156e-66,8.579e-2,3.599e-20,,3.746e-17,3.766e-19,5.500e-12,3.716e-18,3.785e-23,7.127e-34,,3.172e-28,1.044e-43,1.586e-21,3.306e-19,8.119e-15,4.575e-20,2.065e+0,1.379e-22,4.342e+0,5.137e-16,,9.220e-1,1.505e+2,7.137e+2,3.014e-30,3.336e-21,8.574e-24,,,,,,,,,,,,9.877e-22,1.162e-18,,,,,,,,5.816e-22,,2.160e-19,3.883e-18,1.928e-20,5.885e-12
277.05,7.794e+2,3.100e-21,1.928e-10,6.152e-46,,2.698e-37,1.177e-66,1.179e-1,3.607e-20,,3.752e-17,3.773e-19,3.766e-12,3.720e-18,3.788e-23,7.108e-34,,3.173e-28,1.032e-43,1.587e-21,3.307e-19,8.491e-15,4.585e-20,1.558e+0,1.380e-22,4.229e+0,1.198e-15,,8.684e-1,1.354e+2,6.372e+2,3.005e-30,3.337e-21,8.583e-24,,,,,,,,,,,,9.867e-22,1.161e-18,,,,,,,,5.815e-22,,2.165e-19,3.879e-18,1.934e-20,2.599e-12
277.08,6.506e+2,3.091e-21,1.517e-10,5.733e-46,,2.689e-37,1.208e-66,1.865e-1,3.619e-20,,3.761e-17,3.783e-19,2.094e-12,3.727e-18,3.794e-23,7.080e-34,,3.175e-28,1.013e-43,1.587e-21,3.309e-19,8.914e-15,4.599e-20,1.001e+0,1.382e-22,3.992e+0,4.189e-15,,7.902e-1,1.139e+2,5.307e+2,2.992e-30,3.338e-21,8.597e-24,,,,,,,,,,,,9.854e-22,1.159e-18,,,,,,,,5.814e-22,,2.173e-19,3.872e-18,1.942e-20,7.488e-13
277.1,5.722e+2,3.086e-21,1.278e-10,5.454e-46,,2.684e-37,1.229e-66,2.503e-1,3.627e-20,,3.767e-17,3.790e-19,1.399e-12,3.732e-18,3.798e-23,7.061e-34,,3.176e-28,1.001e-43,1.588e-21,3.310e-19,9.093e-15,4.609e-20,7.367e-1,1.383e-22,3.795e+0,9.532e-15,,7.414e-1,1.005e+2,4.661e+2,2.983e-30,3.339e-21,8.606e-24,,,,,,,,,,,,9.844e-22,1.158e-18,,,,,,,,5.813e-22,,2.177e-19,3.868e-18,1.947e-20,3.225e-13
277.13,4.670e+2,3.077e-21,9.717e-11,5.035e-46,,2.675e-37,1.261e-66,3.824e-1,1.543e-19,,3.775e-17,3.800e-19,7.491e-13,3.739e-18,3.804e-23,7.033e-34,,3.177e-28,9.831e-44,1.589e-21,3.312e-19,9.196e-15,4.624e-20,4.563e-1,1.385e-22,3.453e+0,3.212e-14,,6.762e-1,8.229e+1,3.798e+2,2.970e-30,3.340e-21,8.620e-24,,,,,,,,,,,,9.831e-22,1.157e-18,,,,,,,,5.811e-22,,2.185e-19,3.861e-18,1.955e-20,8.946e-14
277.15,4.056e+2,3.072e-21,8.002e-11,4.756e-46,,2.669e-37,1.282e-66,5.016e-1,4.001e-19,,3.781e-17,3.806e-19,4.879e-13,3.743e-18,3.807e-23,7.014e-34,,3.178e-28,9.709e-44,1.589e-21,3.313e-19,9.150e-15,4.634e-20,3.274e-1,1.386e-22,3.203e+0,7.132e-14,,6.397e-1,7.141e+1,3.295e+2,2.962e-30,3.340e-21,8.629e-24,,,,,,,,,,,,9.821e-22,1.156e-18,,,,,,,,5.810e-22,,2.190e-19,3.857e-18,1.961e-20,3.757e-14
277.18,3.265e+2,3.064e-21,5.877e-11,4.337e-46,,2.661e-37,1.313e-66,7.405e-1,1.641e-18,,3.790e-17,3.816e-19,2.517e-13,3.750e-18,3.813e-23,6.986e-34,,3.180e-28,9.527e-44,1.590e-21,3.315e-19,8.914e-15,4.649e-20,1.954e-1,1.388e-22,2.809e+0,2.316e-13,,5.972e-1,5.714e+1,2.651e+2,2.949e-30,3.342e-21,8.642e-24,,,,,,,,,,,,9.807e-22,1.155e-18,,,,,,,,5.808e-22,,2.197e-19,3.850e-18,1.969e-20,1.003e-14
277.2,2.824e+2,3.058e-21,4.728e-11,4.058e-46,,2.655e-37,1.334e-66,9.495e-1,4.152e-18,,3.795e-17,3.823e-19,1.599e-13,3.755e-18,3.817e-23,6.967e-34,,3.181e-28,9.406e-44,1.591e-21,3.316e-19,8.651e-15,4.658e-20,1.367e-1,1.389e-22,2.543e+0,5.017e-13,,5.780e-1,4.903e+1,2.291e+2,2.940e-30,3.342e-21,8.651e-24,,,,,,,,,,,,9.798e-22,1.154e-18,,,,,,,,5.807e-22,,2.202e-19,3.846e-18,1.974e-20,4.110e-15
277.22,2.447e+2,3.053e-21,3.769e-11,3.779e-46,,2.649e-37,1.355e-66,1.207e+0,1.040e-17,,3.801e-17,3.830e-19,1.005e-13,3.759e-18,3.821e-23,6.948e-34,,3.182e-28,9.284e-44,1.592e-21,3.317e-19,8.313e-15,4.668e-20,9.477e-2,1.390e-22,2.279e+0,1.076e-12,,5.664e-1,4.203e+1,1.985e+2,2.931e-30,3.343e-21,8.660e-24,,,,,,,,,,,,9.789e-22,1.153e-18,,,,,,,,5.806e-22,,2.207e-19,3.841e-18,1.980e-20,1.666e-15
277.25,1.995e+2,3.044e-21,2.635e-11,3.360e-46,,2.641e-37,1.387e-66,1.701e+0,4.051e-17,,3.810e-17,3.840e-19,4.920e-14,3.766e-18,3.826e-23,6.920e-34,,3.183e-28,9.102e-44,1.592e-21,3.319e-19,7.686e-15,4.683e-20,5.366e-2,1.392e-22,1.898e+0,3.319e-12,,5.635e-1,3.361e+1,1.617e+2,2.919e-30,3.344e-21,8.674e-24,,,,,,,,,,,,9.775e-22,1.151e-18,,,,,,,,5.805e-22,,2.214e-19,3.835e-18,1.988e-20,4.220e-16
277.27,1.763e+2,3.039e-21,2.051e-11,3.080e-46,,2.635e-37,1.408e-66,2.115e+0,9.905e-17,,3.816e-17,3.846e-19,3.018e-14,3.771e-18,3.830e-23,6.901e-34,,3.184e-28,8.980e-44,1.593e-21,3.320e-19,7.204e-15,4.693e-20,3.627e-2,1.394e-22,1.660e+0,6.946e-12,,5.710e-1,2.935e+1,1.426e+2,2.910e-30,3.345e-21,8.683e-24,,,,,,,,,,,,9.766e-22,1.150e-18,,,,,,,,5.804e-22,,2.219e-19,3.830e-18,1.993e-20,1.668e-16
277.3,1.510e+2,3.031e-21,1.383e-11,2.662e-46,,2.626e-37,1.439e-66,2.887e+0,3.718e-16,,3.824e-17,3.856e-19,1.422e-14,3.778e-18,3.836e-23,6.873e-34,,3.186e-28,8.798e-44,1.594e-21,3.322e-19,6.416e-15,4.708e-20,1.979e-2,1.396e-22,1.334e+0,2.065e-11,,5.952e-1,2.493e+1,1.212e+2,2.897e-30,3.346e-21,8.697e-24,,,,,,,,,,,,9.752e-22,1.149e-18,,,,,,,,5.802e-22,,2.226e-19,3.824e-18,2.001e-20,4.069e-17
277.32,1.397e+2,3.025e-21,1.051e-11,2.382e-46,,2.620e-37,1.460e-66,3.517e+0,8.870e-16,,3.830e-17,3.863e-19,8.508e-15,3.782e-18,3.840e-23,6.854e-34,,3.187e-28,8.677e-44,1.595e-21,3.323e-19,5.866e-15,4.718e-20,1.305e-2,1.397e-22,1.140e+0,4.216e-11,,6.189e-1,2.329e+1,1.111e+2,2.888e-30,3.347e-21,8.706e-24,,,,,,,,,,,,9.743e-22,1.148e-18,,,,,,,,5.801e-22,,2.231e-19,3.820e-18,2.007e-20,1.569e-17
277.35,1.303e+2,3.017e-21,6.841e-12,1.964e-46,,2.612e-37,1.492e-66,4.658e+0,3.209e-15,,3.839e-17,3.873e-19,3.863e-15,3.789e-18,3.845e-23,6.826e-34,,3.189e-28,8.494e-44,1.595e-21,3.325e-19,5.033e-15,4.732e-20,6.855e-3,1.399e-22,8.877e-1,1.208e-10,,6.637e-1,2.274e+1,1.013e+2,2.875e-30,3.348e-21,8.719e-24,,,,,,,,,,,,9.729e-22,1.146e-18,,,,,,,,5.799e-22,,2.238e-19,3.813e-18,2.015e-20,3.684e-18
277.37,1.285e+2,3.011e-21,5.075e-12,1.684e-46,,2.606e-37,1.513e-66,5.563e+0,7.469e-15,,3.844e-17,3.880e-19,2.253e-15,3.794e-18,3.849e-23,6.807e-34,,3.190e-28,8.373e-44,1.596e-21,3.326e-19,4.488e-15,4.742e-20,4.408e-3,1.400e-22,7.456e-1,2.406e-10,,6.980e-1,2.366e+1,9.786e+1,2.867e-30,3.349e-21,8.728e-24,,,,,,,,,,,,9.720e-22,1.146e-18,,,,,,,,5.798e-22,,2.243e-19,3.809e-18,2.020e-20,3.684e-18
277.4,1.320e+2,3.003e-21,3.185e-12,1.265e-46,,2.597e-37,1.544e-66,7.159e+0,2.604e-14,,3.853e-17,3.890e-19,9.852e-16,3.800e-18,3.855e-23,6.779e-34,,3.191e-28,8.190e-44,1.597e-21,3.328e-19,3.709e-15,4.757e-20,2.231e-3,1.402e-22,5.714e-1,6.642e-10,,7.530e-1,2.694e+1,9.653e+1,2.854e-30,3.350e-21,8.742e-24,,,,,,,,,,,,9.706e-22,1.144e-18,,,,,,,,5.797e-22,,2.250e-19,3.802e-18,2.028e-20,3.684e-18
277.42,1.380e+2,2.998e-21,2.306e-12,9.863e-47,,2.592e-37,1.565e-66,8.395e+0,5.915e-14,,3.859e-17,3.896e-19,5.605e-16,3.805e-18,3.859e-23,6.760e-34,,3.192e-28,8.069e-44,1.598e-21,3.329e-19,3.226e-15,4.767e-20,1.399e-3,1.403e-22,4.807e-1,1.291e-9,,7.902e-1,3.042e+1,9.794e+1,2.845e-30,3.351e-21,8.751e-24,,,,,,,,,,,,9.697e-22,1.143e-18,,,,,,,,5.796e-22,,2.255e-19,3.798e-18,2.034e-20,3.684e-18
277.45,1.525e+2,2.989e-21,1.395e-12,5.674e-47,,2.583e-37,1.597e-66,1.052e+1,1.988e-13,,3.867e-17,3.906e-19,2.360e-16,3.812e-18,3.864e-23,6.732e-34,,3.194e-28,7.887e-44,1.598e-21,3.331e-19,2.569e-15,4.782e-20,6.823e-4,1.405e-22,3.814e-1,3.435e-9,,8.432e-1,3.759e+1,1.031e+2,2.832e-30,3.352e-21,8.764e-24,,,,,,,,,,,,9.683e-22,1.142e-18,,,,,,,,5.794e-22,,2.262e-19,3.791e-18,2.042e-20,3.684e-18
277.47,1.655e+2,2.984e-21,9.859e-13,2.882e-47,,2.577e-37,1.618e-66,1.213e+1,4.405e-13,,3.873e-17,3.913e-19,1.310e-16,3.816e-18,3.868e-23,6.713e-34,,3.195e-28,7.765e-44,1.599e-21,3.332e-19,2.179e-15,4.791e-20,4.174e-4,1.406e-22,3.391e-1,6.515e-9,,8.750e-1,4.365e+1,1.086e+2,2.823e-30,3.353e-21,8.774e-24,,,,,,,,,,,,9.673e-22,1.141e-18,,,,,,,,5.793e-22,,2.267e-19,3.787e-18,2.047e-20,3.684e-18
277.5,1.903e+2,2.976e-21,5.750e-13,1.230e-46,,2.569e-37,1.649e-66,1.483e+1,1.427e-12,,3.882e-17,3.923e-19,5.312e-17,3.823e-18,3.874e-23,6.685e-34,,3.196e-28,7.583e-44,1.600e-21,3.334e-19,1.672e-15,4.806e-20,1.960e-4,1.408e-22,3.109e-1,1.670e-8,9.638e-20,9.143e-1,5.463e+1,1.196e+2,2.810e-30,3.354e-21,8.787e-24,,,,,,,,,,,,9.660e-22,1.139e-18,,,,,,,,5.791e-22,,2.274e-19,3.780e-18,2.055e-20,3.684e-18
277.52,2.101e+2,2.970e-21,3.965e-13,3.198e-46,,2.563e-37,1.670e-66,1.683e+1,3.086e-12,,3.888e-17,3.930e-19,2.874e-17,3.828e-18,3.878e-23,6.666e-34,,3.197e-28,7.461e-44,1.600e-21,3.335e-19,1.383e-15,4.816e-20,1.170e-4,1.409e-22,3.160e-1,3.091e-8,2.530e-19,9.335e-1,6.314e+1,1.289e+2,2.802e-30,3.355e-21,8.796e-24,,,,,,,,,,,,9.650e-22,1.138e-18,,,,,,,,5.790e-22,,2.279e-19,3.776e-18,2.061e-20,3.684e-18
277.55,2.449e+2,2.962e-21,2.229e-13,1.316e-45,,2.554e-37,1.702e-66,2.013e+1,9.633e-12,,3.896e-17,3.940e-19,1.123e-17,3.835e-18,3.883e-23,6.638e-34,,3.199e-28,7.279e-44,1.601e-21,3.337e-19,1.022e-15,4.831e-20,5.291e-5,1.411e-22,3.610e-1,7.638e-8,1.056e-18,9.502e-1,7.751e+1,1.460e+2,2.789e-30,3.356e-21,8.810e-24,,,,,,,,,,,,9.637e-22,1.137e-18,,,,,,,,5.789e-22,,2.287e-19,3.769e-18,2.069e-20,3.684e-18
277.57,2.714e+2,2.956e-21,1.500e-13,3.338e-45,,2.549e-37,1.723e-66,2.253e+1,2.033e-11,,3.902e-17,3.946e-19,5.926e-18,3.839e-18,3.887e-23,6.619e-34,,3.200e-28,7.158e-44,1.602e-21,3.339e-19,8.250e-16,4.841e-20,3.079e-5,1.413e-22,4.174e-1,1.379e-7,2.705e-18,9.525e-1,8.800e+1,1.595e+2,2.780e-30,3.356e-21,8.819e-24,,,,,,,,,,,,9.627e-22,1.136e-18,,,,,,,,5.788e-22,,2.291e-19,3.765e-18,2.074e-20,3.684e-18
277.6,3.158e+2,2.948e-21,8.124e-14,1.324e-44,,2.540e-37,1.755e-66,2.640e+1,6.116e-11,,3.911e-17,3.956e-19,2.229e-18,3.846e-18,3.893e-23,6.591e-34,,3.201e-28,6.975e-44,1.603e-21,3.340e-19,5.872e-16,4.855e-20,1.342e-5,1.414e-22,5.456e-1,3.284e-7,1.088e-17,9.425e-1,1.048e+2,1.832e+2,2.767e-30,3.358e-21,8.832e-24,,,,,,,,,,,,9.613e-22,1.135e-18,,,,,,,,5.786e-22,,2.299e-19,3.758e-18,2.082e-20,3.685e-18
277.62,3.483e+2,2.943e-21,5.333e-14,3.277e-44,,2.534e-37,1.776e-66,2.916e+1,1.259e-10,,3.916e-17,3.963e-19,1.147e-18,3.851e-18,3.897e-23,6.572e-34,,3.202e-28,6.854e-44,1.603e-21,3.342e-19,4.623e-16,4.865e-20,7.617e-6,1.416e-22,6.628e-1,5.786e-7,2.720e-17,9.270e-1,1.163e+2,2.012e+2,2.758e-30,3.358e-21,8.841e-24,,,,,,,,,,,,9.604e-22,1.134e-18,,,,,,,,5.785e-22,,2.303e-19,3.754e-18,2.088e-20,3.685e-18
277.64,3.827e+2,2.937e-21,3.466e-14,8.032e-44,,2.528e-37,1.797e-66,3.204e+1,2.567e-10,,3.922e-17,3.970e-19,5.847e-19,3.855e-18,3.901e-23,6.553e-34,,3.203e-28,6.732e-44,1.604e-21,3.343e-19,3.604e-16,4.875e-20,4.280e-6,1.417e-22,8.079e-1,1.009e-6,6.731e-17,9.050e-1,1.280e+2,2.210e+2,2.750e-30,3.359e-21,8.850e-24,,,,,,,,,,,,9.595e-22,1.133e-18,,,,,,,,5.784e-22,,2.308e-19,3.749e-18,2.093e-20,3.685e-18
277.67,4.374e+2,2.929e-21,1.783e-14,3.027e-43,,2.520e-37,1.828e-66,3.658e+1,7.335e-10,,3.931e-17,3.980e-19,2.087e-19,3.862e-18,3.906e-23,6.525e-34,,3.205e-28,6.550e-44,1.605e-21,3.345e-19,2.434e-16,4.890e-20,1.770e-6,1.419e-22,1.082e+0,2.282e-6,2.573e-16,8.610e-1,1.451e+2,2.537e+2,2.737e-30,3.360e-21,8.864e-24,,,,,,,,,,,,9.581e-22,1.131e-18,,,,,,,,5.782e-22,,2.316e-19,3.743e-18,2.101e-20,3.685e-18
277.69,4.751e+2,2.923e-21,1.131e-14,7.239e-43,,2.514e-37,1.849e-66,3.970e+1,1.459e-9,,3.937e-17,3.986e-19,1.037e-19,3.867e-18,3.910e-23,6.506e-34,,3.206e-28,6.428e-44,1.606e-21,3.346e-19,1.851e-16,4.900e-20,9.701e-7,1.420e-22,1.306e+0,3.884e-6,6.213e-16,8.256e-1,1.559e+2,2.773e+2,2.728e-30,3.361e-21,8.873e-24,,,,,,,,,,,,9.572e-22,1.130e-18,,,,,,,,5.781e-22,,2.320e-19,3.738e-18,2.107e-20,3.685e-18
277.72,5.322e+2,2.915e-21,5.604e-15,2.629e-42,,2.505e-37,1.881e-66,4.449e+1,4.019e-9,,3.945e-17,3.996e-19,3.566e-20,3.874e-18,3.916e-23,6.478e-34,,3.208e-28,6.246e-44,1.606e-21,3.348e-19,1.204e-16,4.915e-20,3.864e-7,1.422e-22,1.705e+0,8.466e-6,2.289e-15,7.657e-1,1.706e+2,3.147e+2,2.715e-30,3.362e-21,8.887e-24,,,,,,,,,,,,9.558e-22,1.129e-18,,,,,,,,5.780e-22,,2.328e-19,3.732e-18,2.115e-20,3.685e-18
277.74,5.698e+2,2.909e-21,3.466e-15,6.136e-42,,2.500e-37,1.902e-66,4.771e+1,7.800e-9,,3.951e-17,4.003e-19,1.728e-20,3.878e-18,3.920e-23,6.459e-34,,3.209e-28,6.125e-44,1.607e-21,3.349e-19,8.932e-17,4.924e-20,2.066e-7,1.423e-22,2.014e+0,1.406e-5,5.395e-15,7.229e-1,1.790e+2,3.403e+2,2.707e-30,3.363e-21,8.896e-24,,,,,,,,,,,,9.549e-22,1.128e-18,,,,,,,,5.779e-22,,2.333e-19,3.727e-18,2.120e-20,3.685e-18
277.77,6.237e+2,2.901e-21,1.655e-15,2.148e-41,,2.491e-37,1.933e-66,5.248e+1,2.071e-8,,3.960e-17,4.013e-19,5.722e-21,3.885e-18,3.925e-23,6.431e-34,,3.210e-28,5.942e-44,1.608e-21,3.351e-19,5.599e-17,4.939e-20,7.924e-8,1.425e-22,2.542e+0,2.953e-5,1.916e-14,6.568e-1,1.890e+2,3.790e+2,2.694e-30,3.364e-21,8.909e-24,,,,,,,,,,,,9.535e-22,1.127e-18,,,,,,,,5.777e-22,,2.340e-19,3.721e-18,2.128e-20,3.685e-18
277.79,6.570e+2,2.896e-21,9.988e-16,4.892e-41,,2.485e-37,1.954e-66,5.556e+1,3.922e-8,,3.965e-17,4.020e-19,2.705e-21,3.890e-18,3.929e-23,6.412e-34,,3.211e-28,5.821e-44,1.608e-21,3.352e-19,4.051e-17,4.949e-20,4.132e-8,1.426e-22,2.933e+0,4.784e-5,4.406e-14,6.131e-1,1.937e+2,4.042e+2,2.685e-30,3.365e-21,8.918e-24,,,,,,,,,,,,9.526e-22,1.126e-18,,,,,,,,5.776e-22,,2.345e-19,3.716e-18,2.134e-20,3.685e-18
277.82,7.017e+2,2.887e-21,4.595e-16,1.651e-40,,2.477e-37,1.986e-66,5.993e+1,1.003e-7,,3.974e-17,4.030e-19,8.626e-22,3.897e-18,3.935e-23,6.384e-34,,3.213e-28,5.639e-44,1.609e-21,3.354e-19,2.446e-17,4.964e-20,1.527e-8,1.428e-22,3.570e+0,9.686e-5,1.508e-13,5.507e-1,1.976e+2,4.400e+2,2.672e-30,3.366e-21,8.932e-24,,,,,,,,,,,,9.512e-22,1.124e-18,,,,,,,,5.774e-22,,2.352e-19,3.710e-18,2.142e-20,3.685e-18
277.84,7.271e+2,2.882e-21,2.705e-16,3.669e-40,,2.471e-37,2.007e-66,6.260e+1,1.854e-7,,3.980e-17,4.036e-19,3.976e-22,3.901e-18,3.939e-23,6.365e-34,,3.214e-28,5.517e-44,1.610e-21,3.355e-19,1.726e-17,4.974e-20,7.764e-9,1.430e-22,4.020e+0,1.531e-4,3.384e-13,5.123e-1,1.979e+2,4.620e+2,2.663e-30,3.367e-21,8.941e-24,,,,,,,,,,,,9.503e-22,1.123e-18,,,,,,,,5.773e-22,,2.357e-19,3.705e-18,2.147e-20,3.685e-18
277.87,7.577e+2,2.874e-21,1.199e-16,1.193e-39,,2.462e-37,2.038e-66,6.614e+1,4.573e-7,,3.989e-17,4.046e-19,1.221e-22,3.908e-18,3.944e-23,6.337e-34,,3.215e-28,5.335e-44,1.611e-21,3.357e-19,1.004e-17,4.988e-20,2.763e-9,1.431e-22,4.715e+0,2.987e-4,1.117e-12,4.617e-1,1.950e+2,4.913e+2,2.650e-30,3.368e-21,8.955e-24,,,,,,,,,,,,9.489e-22,1.122e-18,,,,,,,,5.772e-22,,2.364e-19,3.699e-18,2.155e-20,3.686e-18
277.89,7.728e+2,2.868e-21,6.883e-17,2.588e-39,,2.457e-37,2.059e-66,6.811e+1,8.245e-7,,3.994e-17,4.053e-19,5.491e-23,3.913e-18,3.948e-23,6.318e-34,,3.216e-28,5.213e-44,1.611e-21,3.358e-19,6.910e-18,4.998e-20,1.371e-9,1.433e-22,5.179e+0,4.607e-4,2.445e-12,4.336e-1,1.910e+2,5.081e+2,2.642e-30,3.369e-21,8.964e-24,,,,,,,,,,,,9.479e-22,1.121e-18,,,,,,,,5.771e-22,,2.369e-19,3.694e-18,2.161e-20,3.686e-18
277.92,7.875e+2,2.860e-21,2.939e-17,8.115e-39,,2.448e-37,2.091e-66,7.041e+1,1.960e-6,,4.003e-17,4.063e-19,1.624e-23,3.919e-18,3.954e-23,6.290e-34,,3.218e-28,5.031e-44,1.612e-21,3.360e-19,3.872e-18,5.013e-20,4.699e-10,1.435e-22,5.854e+0,8.662e-4,7.779e-12,4.009e-1,1.820e+2,5.288e+2,2.629e-30,3.370e-21,8.977e-24,,,,,,,,,,,,9.466e-22,1.120e-18,,,,,,,,5.769e-22,,2.376e-19,3.688e-18,2.169e-20,3.686e-18
277.94,7.923e+2,2.854e-21,1.646e-17,1.717e-38,,2.442e-37,2.112e-66,7.146e+1,3.448e-6,,4.009e-17,4.070e-19,7.122e-24,3.924e-18,3.958e-23,6.271e-34,,3.219e-28,4.909e-44,1.613e-21,3.361e-19,2.600e-18,5.023e-20,2.273e-10,1.436e-22,6.274e+0,1.304e-3,1.662e-11,3.861e-1,1.744e+2,5.398e+2,2.620e-30,3.370e-21,8.986e-24,,,,,,,,,,,,9.456e-22,1.119e-18,,,,,,,,5.768e-22,,2.381e-19,3.683e-18,2.174e-20,3.686e-18
277.97,7.930e+2,2.846e-21,6.771e-18,5.191e-38,,2.434e-37,2.143e-66,7.223e+1,7.899e-6,,4.017e-17,4.080e-19,2.029e-24,3.931e-18,3.963e-23,6.243e-34,,3.220e-28,4.727e-44,1.614e-21,3.363e-19,1.404e-18,5.038e-20,7.507e-11,1.438e-22,6.833e+0,2.362e-3,5.096e-11,3.750e-1,1.611e+2,5.525e+2,2.607e-30,3.372e-21,9.000e-24,,,,,,,,,,,,9.443e-22,1.117e-18,,,,,,,,5.767e-22,,2.388e-19,3.677e-18,2.182e-20,3.686e-18
277.99,7.900e+2,2.841e-21,3.699e-18,1.072e-37,,2.428e-37,2.164e-66,7.220e+1,1.356e-5,,4.023e-17,4.086e-19,8.677e-25,3.935e-18,3.967e-23,6.224e-34,,3.221e-28,4.606e-44,1.614e-21,3.364e-19,9.196e-19,5.047e-20,3.542e-11,1.439e-22,7.144e+0,3.468e-3,1.062e-10,3.753e-1,1.512e+2,5.591e+2,2.598e-30,3.372e-21,9.009e-24,,,,,,,,,,,,9.433e-22,1.116e-18,,,,,,,,5.765e-22,,2.393e-19,3.672e-18,2.188e-20,3.686e-18
278.01,7.850e+2,2.835e-21,2.000e-18,2.192e-37,,2.422e-37,2.185e-66,7.174e+1,2.305e-5,,4.029e-17,4.093e-19,3.674e-25,3.940e-18,3.971e-23,6.205e-34,,3.222e-28,4.484e-44,1.615e-21,3.365e-19,5.971e-19,5.057e-20,1.654e-11,1.440e-22,7.396e+0,5.042e-3,2.194e-10,3.817e-1,1.409e+2,5.646e+2,2.590e-30,3.373e-21,9.018e-24,,,,,,,,,,,,9.424e-22,1.115e-18,,,,,,,,5.764e-22,,2.398e-19,3.668e-18,2.193e-20,3.686e-18
278.04,7.754e+2,2.827e-21,7.809e-19,6.293e-37,,2.413e-37,2.217e-66,7.026e+1,5.015e-5,,4.038e-17,4.103e-19,9.931e-26,3.947e-18,3.977e-23,6.177e-34,,3.224e-28,4.302e-44,1.616e-21,3.367e-19,3.084e-19,5.072e-20,5.184e-12,1.442e-22,7.647e+0,8.676e-3,6.389e-10,4.029e-1,1.250e+2,5.721e+2,2.577e-30,3.374e-21,9.031e-24,,,,,,,,,,,,9.410e-22,1.114e-18,,,,,,,,5.763e-22,,2.405e-19,3.661e-18,2.201e-20,3.686e-18
278.06,7.689e+2,2.821e-21,4.119e-19,1.256e-36,,2.408e-37,2.238e-66,6.878e+1,8.318e-5,,4.043e-17,4.110e-19,4.100e-26,3.952e-18,3.980e-23,6.158e-34,,3.225e-28,1.136e-43,1.616e-21,3.368e-19,1.985e-19,5.082e-20,2.362e-12,1.443e-22,7.723e+0,1.231e-2,1.287e-9,4.246e-1,1.146e+2,5.773e+2,2.568e-30,3.375e-21,9.041e-24,,,,,,,,,,,,9.401e-22,1.113e-18,,,,,,,,5.762e-22,,2.410e-19,3.657e-18,2.207e-20,3.686e-18
278.09,7.605e+2,2.813e-21,1.549e-19,3.475e-36,,2.399e-37,2.269e-66,6.590e+1,1.744e-4,,4.052e-17,4.120e-19,1.068e-26,3.958e-18,3.986e-23,6.130e-34,,3.227e-28,4.784e-43,1.617e-21,3.370e-19,1.076e-19,5.097e-20,7.127e-13,1.445e-22,7.694e+0,2.041e-2,3.614e-9,4.679e-1,9.967e+1,5.868e+2,2.555e-30,3.376e-21,9.054e-24,,,,,,,,,,,,9.387e-22,1.112e-18,,,,,,,,5.760e-22,,2.417e-19,3.650e-18,2.215e-20,3.686e-18
278.11,7.569e+2,2.808e-21,7.971e-20,6.768e-36,,2.393e-37,2.290e-66,6.359e+1,2.823e-4,,4.058e-17,4.126e-19,4.298e-27,3.963e-18,3.990e-23,6.111e-34,,3.228e-28,1.233e-42,1.618e-21,3.371e-19,7.949e-20,5.107e-20,3.167e-13,1.447e-22,7.581e+0,2.825e-2,7.104e-9,5.036e-1,9.055e+1,5.946e+2,2.546e-30,3.377e-21,9.063e-24,,,,,,,,,,,,9.378e-22,1.111e-18,,,,,,,,5.759e-22,,2.422e-19,3.646e-18,2.220e-20,3.686e-18
278.14,7.556e+2,2.799e-21,2.888e-20,1.806e-35,,2.385e-37,2.322e-66,5.967e+1,5.706e-4,,4.066e-17,4.136e-19,1.078e-27,3.970e-18,3.996e-23,6.083e-34,,3.229e-28,5.005e-42,1.619e-21,3.373e-19,7.239e-20,5.121e-20,9.206e-14,1.448e-22,7.278e+0,4.515e-2,1.922e-8,5.666e-1,7.861e+1,6.094e+2,2.533e-30,3.378e-21,9.077e-24,,,,,,,,,,,,9.364e-22,1.109e-18,,,,,,,,5.758e-22,,2.430e-19,3.639e-18,2.228e-20,3.687e-18
278.16,7.580e+2,2.794e-21,1.449e-20,3.431e-35,,2.379e-37,2.343e-66,5.681e+1,9.010e-4,,4.072e-17,4.143e-19,4.233e-28,3.974e-18,3.999e-23,6.064e-34,,3.230e-28,1.259e-41,1.619e-21,3.374e-19,8.981e-20,5.131e-20,3.990e-14,1.450e-22,6.995e+0,6.096e-2,3.688e-8,6.141e-1,7.212e+1,6.214e+2,2.525e-30,3.379e-21,9.086e-24,,,,,,,,,,,,9.355e-22,1.108e-18,,,,,,,,5.756e-22,,2.434e-19,3.635e-18,2.234e-20,3.687e-18
278.19,7.666e+2,2.786e-21,5.059e-21,8.824e-35,,2.370e-37,2.374e-66,5.227e+1,1.755e-3,,4.081e-17,4.153e-19,1.022e-28,3.981e-18,4.005e-23,6.036e-34,,3.232e-28,4.927e-41,1.620e-21,3.376e-19,1.585e-19,5.146e-20,1.117e-14,1.452e-22,6.471e+0,9.391e-2,9.620e-8,6.924e-1,6.515e+1,6.419e+2,2.512e-30,3.380e-21,9.099e-24,,,,,,,,,,,,9.341e-22,1.107e-18,,,,,,,,5.755e-22,,2.442e-19,3.628e-18,2.242e-20,3.687e-18
278.21,7.757e+2,2.780e-21,2.481e-21,1.636e-34,,2.365e-37,2.396e-66,4.915e+1,2.705e-3,,4.087e-17,4.160e-19,3.915e-29,3.986e-18,4.009e-23,6.017e-34,,3.233e-28,1.209e-40,1.621e-21,3.377e-19,2.461e-19,5.156e-20,4.722e-15,1.453e-22,6.068e+0,1.237e-1,1.801e-7,7.483e-1,6.268e+1,6.569e+2,2.503e-30,3.381e-21,9.108e-24,,,,,,,,,,,,9.332e-22,1.106e-18,,,,,,,,5.754e-22,,2.446e-19,3.624e-18,2.247e-20,3.687e-18
278.24,7.937e+2,2.772e-21,8.492e-22,4.057e-34,,2.356e-37,2.427e-66,4.441e+1,5.080e-3,,4.095e-17,4.170e-19,9.107e-30,3.993e-18,4.015e-23,5.989e-34,,3.234e-28,4.564e-40,1.622e-21,3.379e-19,4.830e-19,5.171e-20,1.273e-15,1.455e-22,5.408e+0,1.837e-1,4.528e-7,8.355e-1,6.294e+1,6.799e+2,2.490e-30,3.382e-21,9.122e-24,,,,,,,,,,,,9.318e-22,1.104e-18,,,,,,,,5.752e-22,,2.454e-19,3.617e-18,2.255e-20,3.687e-18
278.26,8.082e+2,2.766e-21,4.334e-22,7.341e-34,,2.350e-37,2.448e-66,4.126e+1,7.638e-3,,4.101e-17,4.176e-19,9.096e-30,3.997e-18,4.018e-23,5.970e-34,,3.235e-28,1.093e-39,1.622e-21,3.380e-19,7.530e-19,5.180e-20,5.249e-16,1.456e-22,4.947e+0,2.361e-1,8.271e-7,8.947e-1,6.621e+1,6.946e+2,2.482e-30,3.383e-21,9.131e-24,,,,,,,,,,,,9.309e-22,1.104e-18,,,,,,,,5.751e-22,,2.459e-19,3.613e-18,2.261e-20,3.687e-18
278.29,8.328e+2,2.758e-21,2.368e-22,1.755e-33,,2.341e-37,2.480e-66,3.663e+1,1.383e-2,,4.110e-17,4.186e-19,9.079e-30,4.004e-18,4.024e-23,5.942e-34,,3.237e-28,3.976e-39,1.623e-21,3.382e-19,1.443e-18,5.195e-20,1.364e-16,1.458e-22,4.249e+0,3.378e-1,2.005e-6,9.823e-1,7.666e+1,7.139e+2,2.469e-30,3.384e-21,9.145e-24,,,,,,,,,,,,9.295e-22,1.102e-18,,,,,,,,5.750e-22,,2.466e-19,3.606e-18,2.269e-20,3.687e-18
278.31,8.507e+2,2.752e-21,2.819e-22,3.099e-33,,2.336e-37,2.501e-66,3.365e+1,2.029e-2,,4.115e-17,4.193e-19,9.068e-30,4.009e-18,4.028e-23,5.923e-34,,3.238e-28,9.293e-39,1.624e-21,3.383e-19,2.201e-18,5.205e-20,5.482e-17,1.459e-22,3.792e+0,4.236e-1,3.573e-6,1.038e+0,8.793e+1,7.238e+2,2.460e-30,3.385e-21,9.154e-24,,,,,,,,,,,,9.285e-22,1.101e-18,,,,,,,,5.749e-22,,2.471e-19,3.602e-18,2.274e-20,3.687e-18
278.34,8.790e+2,2.744e-21,6.597e-22,7.140e-33,,2.327e-37,2.532e-66,2.937e+1,3.540e-2,,4.124e-17,4.203e-19,9.051e-30,4.016e-18,4.034e-23,5.895e-34,,3.239e-28,3.260e-38,1.625e-21,3.385e-19,4.070e-18,5.220e-20,1.372e-17,1.461e-22,3.138e+0,5.841e-1,8.349e-6,1.116e+0,1.124e+2,7.323e+2,2.447e-30,3.386e-21,9.167e-24,,,,,,,,,,,,9.272e-22,1.100e-18,,,,,,,,5.747e-22,,2.478e-19,3.595e-18,2.283e-20,3.687e-18
278.36,8.988e+2,2.739e-21,1.293e-21,1.230e-32,,2.321e-37,2.553e-66,2.666e+1,5.069e-2,,4.130e-17,4.210e-19,9.040e-30,4.020e-18,4.037e-23,5.876e-34,,3.240e-28,7.435e-38,1.625e-21,3.386e-19,6.058e-18,5.230e-20,5.378e-18,1.462e-22,2.732e+0,7.148e-1,1.452e-5,1.162e+0,1.345e+2,7.329e+2,2.438e-30,3.386e-21,9.176e-24,,,,,,,,,,,,9.262e-22,1.099e-18,,,,,,,,5.746e-22,,2.483e-19,3.591e-18,2.288e-20,3.687e-18
278.38,9.193e+2,2.733e-21,2.551e-21,2.100e-32,,2.316e-37,2.574e-66,2.409e+1,7.187e-2,,4.136e-17,4.216e-19,9.029e-30,4.025e-18,4.041e-23,5.858e-34,,3.241e-28,1.679e-37,1.626e-21,3.388e-19,8.928e-18,5.240e-20,2.072e-18,1.464e-22,2.355e+0,8.661e-1,2.501e-5,1.201e+0,1.618e+2,7.289e+2,2.430e-30,3.387e-21,9.185e-24,,,,,,,,,,,,9.253e-22,1.098e-18,,,,,,,,5.745e-22,,2.488e-19,3.587e-18,2.293e-20,3.687e-18
278.41,9.521e+2,2.725e-21,6.991e-21,4.597e-32,,2.307e-37,2.606e-66,2.050e+1,1.192e-1,,4.144e-17,4.226e-19,9.012e-30,4.032e-18,4.047e-23,5.829e-34,,3.243e-28,5.597e-37,1.627e-21,3.389e-19,1.568e-17,5.254e-20,4.921e-19,1.465e-22,1.850e+0,1.134e+0,5.551e-5,1.247e+0,2.135e+2,7.137e+2,2.417e-30,3.388e-21,9.199e-24,,,,,,,,,,,,9.239e-22,1.096e-18,,,,,,,,5.743e-22,,2.495e-19,3.580e-18,2.301e-20,3.687e-18
278.43,9.758e+2,2.719e-21,1.353e-20,7.658e-32,,2.301e-37,2.627e-66,1.828e+1,1.650e-1,,4.150e-17,4.233e-19,9.000e-30,4.036e-18,4.051e-23,5.811e-34,,3.244e-28,1.234e-36,1.627e-21,3.391e-19,2.255e-17,5.264e-20,1.864e-19,1.467e-22,1.556e+0,1.341e+0,9.329e-5,1.267e+0,2.558e+2,6.974e+2,2.408e-30,3.389e-21,9.208e-24,,,,,,,,,,,,9.230e-22,1.096e-18,,,,,,,,5.742e-22,,2.500e-19,3.576e-18,2.307e-20,3.688e-18
278.46,1.015e+3,2.711e-21,3.580e-20,1.616e-31,,2.293e-37,2.658e-66,1.525e+1,2.639e-1,,4.159e-17,4.243e-19,8.984e-30,4.043e-18,4.056e-23,5.782e-34,,3.246e-28,3.963e-36,1.628e-21,3.392e-19,3.818e-17,5.279e-20,1.866e-19,1.469e-22,1.178e+0,1.692e+0,1.996e-4,1.281e+0,3.314e+2,6.639e+2,2.395e-30,3.390e-21,9.222e-24,,,,,,,,,,,,9.216e-22,1.094e-18,,,,,,,,5.741e-22,,2.507e-19,3.569e-18,2.315e-20,3.688e-18
278.48,1.044e+3,2.706e-21,6.766e-20,2.628e-31,,2.287e-37,2.679e-66,1.341e+1,3.566e-1,,4.164e-17,4.250e-19,8.972e-30,4.048e-18,4.060e-23,5.764e-34,,3.247e-28,8.526e-36,1.629e-21,3.394e-19,5.358e-17,5.289e-20,1.867e-19,1.470e-22,9.666e-1,1.952e+0,3.273e-4,1.278e+0,3.903e+2,6.360e+2,2.386e-30,3.391e-21,9.231e-24,,,,,,,,,,,,9.207e-22,1.093e-18,,,,,,,,5.740e-22,,2.512e-19,3.565e-18,2.320e-20,3.688e-18
278.51,1.094e+3,2.697e-21,1.726e-19,5.348e-31,,2.278e-37,2.711e-66,1.093e+1,5.505e-1,,4.173e-17,4.260e-19,8.955e-30,4.055e-18,4.066e-23,5.735e-34,,3.248e-28,2.641e-35,1.630e-21,3.395e-19,8.743e-17,5.304e-20,7.943e-19,1.472e-22,7.051e-1,2.373e+0,6.749e-4,1.257e+0,4.909e+2,5.874e+2,2.373e-30,3.392e-21,9.244e-24,,,,,,,,,,,,9.193e-22,1.092e-18,,,,,,,,5.738e-22,,2.519e-19,3.558e-18,2.328e-20,3.688e-18
278.53,1.132e+3,2.692e-21,3.184e-19,8.485e-31,,2.272e-37,2.732e-66,9.468e+0,7.268e-1,,4.179e-17,4.267e-19,8.944e-30,4.059e-18,4.070e-23,5.717e-34,,3.249e-28,5.544e-35,1.630e-21,3.397e-19,1.197e-16,5.313e-20,2.061e-18,1.473e-22,5.644e-1,2.671e+0,1.080e-3,1.232e+0,5.656e+2,5.513e+2,2.365e-30,3.393e-21,9.253e-24,,,,,,,,,,,,9.184e-22,1.091e-18,,,,,,,,5.737e-22,,2.524e-19,3.554e-18,2.334e-20,3.688e-18
278.56,1.194e+3,2.684e-21,7.831e-19,1.665e-30,,2.264e-37,2.763e-66,7.532e+0,1.084e+0,,4.188e-17,4.277e-19,8.927e-30,4.066e-18,4.075e-23,5.688e-34,,3.251e-28,1.655e-34,1.631e-21,3.398e-19,1.883e-16,5.328e-20,8.453e-18,1.475e-22,3.967e-1,3.131e+0,2.147e-3,1.180e+0,6.874e+2,4.934e+2,2.352e-30,3.394e-21,9.267e-24,,,,,,,,,,,,9.170e-22,1.089e-18,,,,,,,,5.735e-22,,2.531e-19,3.547e-18,2.342e-20,3.688e-18
278.58,1.240e+3,2.678e-21,1.410e-18,2.579e-30,,2.258e-37,2.784e-66,6.410e+0,1.399e+0,,4.193e-17,4.283e-19,8.916e-30,4.071e-18,4.079e-23,5.670e-34,,3.252e-28,3.391e-34,1.632e-21,3.400e-19,2.515e-16,5.338e-20,2.140e-17,1.476e-22,3.097e-1,3.438e+0,3.353e-3,1.136e+0,7.737e+2,4.534e+2,2.343e-30,3.395e-21,9.276e-24,,,,,,,,,,,,9.161e-22,1.088e-18,,,,,,,,5.734e-22,,2.536e-19,3.543e-18,2.347e-20,3.688e-18
278.61,1.313e+3,2.670e-21,3.345e-18,4.881e-30,,2.249e-37,2.816e-66,4.964e+0,2.019e+0,,4.202e-17,4.293e-19,8.899e-30,4.077e-18,4.085e-23,5.641e-34,,3.253e-28,9.764e-34,1.633e-21,3.401e-19,3.813e-16,5.353e-20,8.465e-17,1.478e-22,2.098e-1,3.883e+0,6.424e-3,1.062e+0,9.073e+2,3.932e+2,2.330e-30,3.396e-21,9.289e-24,,,,,,,,,,,,9.147e-22,1.087e-18,,,,,,,,5.733e-22,,2.543e-19,3.536e-18,2.356e-20,3.688e-18
278.63,1.363e+3,2.664e-21,5.878e-18,7.379e-30,,2.244e-37,2.837e-66,4.146e+0,2.553e+0,,4.208e-17,4.300e-19,8.888e-30,4.082e-18,4.089e-23,5.623e-34,,3.254e-28,1.952e-33,1.633e-21,3.403e-19,4.971e-16,5.363e-20,2.092e-16,1.479e-22,1.598e-1,4.161e+0,9.789e-3,1.009e+0,9.969e+2,3.538e+2,2.321e-30,3.397e-21,9.299e-24,,,,,,,,,,,,9.138e-22,1.086e-18,,,,,,,,5.732e-22,,2.548e-19,3.532e-18,2.361e-20,3.688e-18
278.66,1.437e+3,2.656e-21,1.345e-17,1.347e-29,,2.235e-37,2.868e-66,3.119e+0,3.576e+0,,4.216e-17,4.310e-19,8.871e-30,4.089e-18,4.094e-23,5.594e-34,,3.256e-28,5.418e-33,1.634e-21,3.405e-19,7.264e-16,5.377e-20,7.977e-16,1.481e-22,1.043e-1,4.529e+0,1.808e-2,9.251e-1,1.127e+3,2.974e+2,2.309e-30,3.398e-21,9.312e-24,,,,,,,,,,,,9.124e-22,1.085e-18,,,,,,,,5.730e-22,,2.556e-19,3.525e-18,2.369e-20,3.688e-18
278.68,1.484e+3,2.651e-21,2.307e-17,1.988e-29,,2.229e-37,2.889e-66,2.554e+0,4.438e+0,,4.222e-17,4.317e-19,8.860e-30,4.093e-18,4.098e-23,5.576e-34,,3.257e-28,1.057e-32,1.635e-21,3.406e-19,9.239e-16,5.387e-20,1.924e-15,1.482e-22,7.750e-2,4.735e+0,2.688e-2,8.694e-1,1.209e+3,2.622e+2,2.300e-30,3.399e-21,9.321e-24,,,,,,,,,,,,9.115e-22,1.084e-18,,,,,,,,5.729e-22,,2.560e-19,3.521e-18,2.374e-20,3.688e-18
278.71,1.546e+3,2.642e-21,5.091e-17,3.501e-29,,2.221e-37,2.921e-66,1.863e+0,6.064e+0,,4.231e-17,4.327e-19,8.843e-30,4.100e-18,4.104e-23,5.547e-34,,3.258e-28,2.829e-32,1.636e-21,3.408e-19,1.301e-15,5.402e-20,7.073e-15,1.484e-22,4.874e-2,4.967e+0,4.786e-2,7.892e-1,1.318e+3,2.138e+2,2.287e-30,3.400e-21,9.335e-24,,,,,,,,,,,,9.101e-22,1.082e-18,,,,,,,,5.727e-22,,2.568e-19,3.514e-18,2.383e-20,3.689e-18
278.73,1.579e+3,2.637e-21,8.525e-17,5.045e-29,,2.215e-37,2.942e-66,1.494e+0,7.417e+0,,4.237e-17,4.333e-19,8.832e-30,4.105e-18,4.108e-23,5.529e-34,,3.259e-28,5.386e-32,1.636e-21,3.409e-19,1.615e-15,5.412e-20,1.665e-14,1.486e-22,3.533e-2,5.066e+0,6.945e-2,7.394e-1,1.380e+3,1.849e+2,2.278e-30,3.401e-21,9.344e-24,,,,,,,,,,,,9.092e-22,1.081e-18,,,,,,,,5.726e-22,,2.573e-19,3.510e-18,2.388e-20,3.689e-18
278.75,1.605e+3,2.631e-21,1.414e-16,7.200e-29,,2.209e-37,2.963e-66,1.187e+0,9.033e+0,,4.242e-17,4.340e-19,8.821e-30,4.109e-18,4.112e-23,5.510e-34,,3.260e-28,1.016e-31,1.637e-21,3.410e-19,1.985e-15,5.422e-20,3.880e-14,1.487e-22,2.536e-2,5.116e+0,9.980e-2,6.935e-1,1.430e+3,1.587e+2,2.270e-30,3.401e-21,9.353e-24,,,,,,,,,,,,9.082e-22,1.080e-18,,,,,,,,5.725e-22,,2.577e-19,3.505e-18,2.393e-20,3.689e-18
278.78,1.625e+3,2.623e-21,2.967e-16,1.206e-28,,2.201e-37,2.994e-66,8.278e-1,1.207e+1,,4.251e-17,4.350e-19,8.804e-30,4.116e-18,4.117e-23,5.482e-34,,3.262e-28,2.582e-31,1.638e-21,3.412e-19,2.655e-15,5.436e-20,1.356e-13,1.489e-22,1.514e-2,5.097e+0,1.688e-1,6.334e-1,1.482e+3,1.247e+2,2.257e-30,3.402e-21,9.366e-24,,,,,,,,,,,,9.068e-22,1.079e-18,,,,,,,,5.724e-22,,2.585e-19,3.499e-18,2.402e-20,3.689e-18
278.8,1.626e+3,2.617e-21,4.806e-16,1.681e-28,,2.195e-37,3.015e-66,6.437e-1,1.461e+1,,4.257e-17,4.357e-19,8.792e-30,4.121e-18,4.121e-23,5.463e-34,,3.263e-28,4.751e-31,1.638e-21,3.413e-19,3.184e-15,5.446e-20,3.084e-13,1.490e-22,1.060e-2,5.023e+0,2.367e-1,5.997e-1,1.499e+3,1.054e+2,2.248e-30,3.403e-21,9.375e-24,,,,,,,,,,,,9.059e-22,1.078e-18,,,,,,,,5.723e-22,,2.589e-19,3.494e-18,2.407e-20,3.689e-18
278.83,1.605e+3,2.609e-21,9.731e-16,2.717e-28,,2.186e-37,3.047e-66,4.339e-1,1.944e+1,,4.265e-17,4.367e-19,8.776e-30,4.128e-18,4.127e-23,5.434e-34,,3.265e-28,1.164e-30,1.639e-21,3.415e-19,4.105e-15,5.461e-20,1.039e-12,1.492e-22,6.100e-3,4.823e+0,3.858e-1,5.588e-1,1.498e+3,8.129e+1,2.235e-30,3.404e-21,9.389e-24,,,,,,,,,,,,9.045e-22,1.077e-18,,,,,,,,5.721e-22,,2.597e-19,3.488e-18,2.415e-20,3.689e-18
278.85,1.577e+3,2.604e-21,1.539e-15,3.699e-28,,2.180e-37,3.068e-66,3.299e-1,2.355e+1,,4.271e-17,4.373e-19,8.764e-30,4.132e-18,4.131e-23,5.416e-34,,3.266e-28,2.091e-30,1.640e-21,3.416e-19,4.803e-15,5.471e-20,2.307e-12,1.493e-22,4.167e-3,4.636e+0,5.279e-1,5.380e-1,1.479e+3,6.824e+1,2.226e-30,3.405e-21,9.398e-24,,,,,,,,,,,,9.036e-22,1.076e-18,,,,,,,,5.720e-22,,2.602e-19,3.483e-18,2.420e-20,3.689e-18
278.88,1.515e+3,2.595e-21,3.007e-15,5.774e-28,,2.172e-37,3.100e-66,2.149e-1,3.154e+1,,4.280e-17,4.383e-19,8.747e-30,4.139e-18,4.136e-23,5.387e-34,,3.267e-28,4.940e-30,1.641e-21,3.418e-19,5.968e-15,5.486e-20,7.493e-12,1.495e-22,2.310e-3,4.291e+0,8.297e-1,5.158e-1,1.425e+3,5.275e+1,2.213e-30,3.406e-21,9.412e-24,,,,,,,,,,,,9.022e-22,1.074e-18,,,,,,,,5.718e-22,,2.609e-19,3.477e-18,2.429e-20,3.689e-18
278.9,1.463e+3,2.590e-21,4.645e-15,7.678e-28,,5.674e-37,3.121e-66,1.596e-1,3.846e+1,,4.286e-17,4.390e-19,8.736e-30,4.144e-18,4.140e-23,5.369e-34,,3.268e-28,8.658e-30,1.641e-21,3.419e-19,6.814e-15,5.496e-20,1.624e-11,1.496e-22,1.540e-3,4.025e+0,1.108e+0,5.065e-1,1.374e+3,4.489e+1,2.205e-30,3.407e-21,9.421e-24,,,,,,,,,,,,9.013e-22,1.073e-18,,,,,,,,5.717e-22,,2.614e-19,3.472e-18,2.434e-20,3.689e-18
278.93,1.371e+3,2.582e-21,8.762e-15,1.157e-27,,2.352e-36,3.152e-66,1.004e-1,5.212e+1,,4.294e-17,4.400e-19,8.719e-30,4.151e-18,4.146e-23,5.340e-34,,3.270e-28,1.972e-29,1.642e-21,3.421e-19,8.162e-15,5.510e-20,5.085e-11,1.498e-22,8.223e-4,3.589e+0,1.679e+0,5.003e-1,1.277e+3,3.636e+1,2.192e-30,3.408e-21,9.434e-24,,,,,,,,,,,,8.999e-22,1.072e-18,,,,,,,,5.716e-22,,2.621e-19,3.466e-18,2.442e-20,3.689e-18
278.95,1.304e+3,2.576e-21,1.322e-14,1.504e-27,,3.076e-35,3.173e-66,7.283e-2,6.407e+1,,4.300e-17,4.407e-19,8.708e-30,4.155e-18,4.150e-23,5.322e-34,,3.271e-28,3.373e-29,1.643e-21,3.422e-19,9.093e-15,5.520e-20,1.075e-10,1.500e-22,5.346e-4,3.285e+0,2.187e+0,5.010e-1,1.202e+3,3.261e+1,2.183e-30,3.409e-21,9.443e-24,,,,,,,,,,,,8.990e-22,1.071e-18,,,,,,,,5.715e-22,,2.626e-19,3.461e-18,2.447e-20,3.689e-18
278.98,1.201e+3,2.568e-21,2.409e-14,2.191e-27,,1.288e-34,3.205e-66,4.422e-2,8.774e+1,,4.309e-17,4.417e-19,8.691e-30,4.162e-18,4.155e-23,5.293e-34,,3.272e-28,7.407e-29,1.644e-21,3.424e-19,1.050e-14,5.535e-20,3.247e-10,1.501e-22,2.752e-4,2.823e+0,3.195e+0,5.091e-1,1.077e+3,2.955e+1,2.170e-30,3.410e-21,9.457e-24,,,,,,,,,,,,8.976e-22,1.070e-18,,,,,,,,5.713e-22,,2.633e-19,3.455e-18,2.456e-20,3.690e-18
279,1.134e+3,2.562e-21,3.552e-14,2.783e-27,,3.308e-34,3.226e-66,3.133e-2,1.084e+2,,4.314e-17,4.423e-19,8.680e-30,4.167e-18,4.159e-23,5.275e-34,,3.273e-28,1.236e-28,1.644e-21,3.425e-19,1.141e-14,5.545e-20,6.702e-10,1.503e-22,1.745e-4,2.521e+0,4.063e+0,5.194e-1,9.898e+2,2.904e+1,2.161e-30,3.411e-21,9.466e-24,,,,,,,,,,,,8.967e-22,1.069e-18,,,,,,,,5.712e-22,,2.638e-19,3.450e-18,2.461e-20,3.690e-18
279.03,1.044e+3,2.554e-21,6.253e-14,3.918e-27,,1.337e-33,3.257e-66,1.835e-2,1.488e+2,,4.323e-17,4.433e-19,8.663e-30,4.174e-18,4.165e-23,5.246e-34,,3.275e-28,2.618e-28,1.645e-21,3.427e-19,1.270e-14,5.560e-20,1.951e-9,1.505e-22,8.655e-5,2.088e+0,5.723e+0,5.432e-1,8.563e+2,3.028e+1,2.148e-30,3.412e-21,9.480e-24,,,,,,,,,,,,8.953e-22,1.067e-18,,,,,,,,5.710e-22,,2.645e-19,3.444e-18,2.469e-20,3.690e-18
279.05,9.935e+2,2.549e-21,9.014e-14,4.868e-27,,3.353e-33,3.278e-66,1.269e-2,1.834e+2,,4.329e-17,4.440e-19,8.652e-30,4.178e-18,4.169e-23,5.228e-34,,3.276e-28,4.264e-28,1.646e-21,3.428e-19,1.347e-14,5.569e-20,3.931e-9,1.506e-22,5.356e-5,1.819e+0,7.104e+0,5.655e-1,7.683e+2,3.231e+1,2.140e-30,3.413e-21,9.489e-24,,,,,,,,,,,,8.944e-22,1.066e-18,,,,,,,,5.709e-22,,2.650e-19,3.439e-18,2.475e-20,3.690e-18
279.08,9.399e+2,2.540e-21,1.535e-13,6.630e-27,,1.308e-32,3.310e-66,7.173e-3,2.498e+2,,4.337e-17,4.450e-19,8.635e-30,4.185e-18,4.174e-23,5.199e-34,,3.277e-28,8.702e-28,1.647e-21,3.430e-19,1.444e-14,5.584e-20,1.104e-8,1.508e-22,2.559e-5,1.452e+0,9.648e+0,6.108e-1,6.415e+2,3.692e+1,2.127e-30,3.414e-21,9.502e-24,,,,,,,,,,,,8.930e-22,1.065e-18,,,,,,,,5.708e-22,,2.657e-19,3.433e-18,2.483e-20,3.690e-18
279.1,9.220e+2,2.535e-21,2.164e-13,8.058e-27,,3.202e-32,3.331e-66,4.844e-3,3.054e+2,,4.343e-17,4.457e-19,8.624e-30,4.190e-18,4.178e-23,5.181e-34,,3.278e-28,1.383e-27,1.647e-21,3.431e-19,1.495e-14,5.594e-20,2.170e-8,1.509e-22,1.545e-5,1.235e+0,1.169e+1,6.503e-1,5.621e+2,4.091e+1,2.118e-30,3.415e-21,9.511e-24,,,,,,,,,,,,8.921e-22,1.064e-18,,,,,,,,5.707e-22,,2.662e-19,3.428e-18,2.488e-20,3.690e-18
279.12,9.206e+2,2.529e-21,3.025e-13,9.709e-27,,7.768e-32,3.352e-66,3.239e-3,3.713e+2,,4.349e-17,4.463e-19,8.613e-30,4.194e-18,4.182e-23,5.162e-34,,3.279e-28,2.178e-27,1.648e-21,3.432e-19,1.532e-14,5.604e-20,4.224e-8,1.510e-22,9.235e-6,1.039e+0,1.403e+1,6.984e-1,4.880e+2,4.553e+1,2.110e-30,3.415e-21,9.520e-24,,,,,,,,,,,,8.911e-22,1.063e-18,,,,,,,,5.706e-22,,2.667e-19,3.424e-18,2.493e-20,3.690e-18
279.15,9.532e+2,2.521e-21,4.923e-13,1.264e-26,,2.882e-31,3.383e-66,1.740e-3,4.922e+2,,4.358e-17,4.473e-19,8.596e-30,4.201e-18,4.188e-23,5.134e-34,,3.281e-28,4.223e-27,1.649e-21,3.434e-19,1.560e-14,5.619e-20,1.127e-7,1.512e-22,4.189e-6,7.878e-1,1.812e+1,7.890e-1,3.879e+2,5.341e+1,2.097e-30,3.416e-21,9.534e-24,,,,,,,,,,,,8.898e-22,1.062e-18,,,,,,,,5.704e-22,,2.674e-19,3.417e-18,2.502e-20,3.690e-18
279.17,9.998e+2,2.516e-21,6.740e-13,1.491e-26,,6.827e-31,3.404e-66,1.135e-3,5.889e+2,,4.363e-17,4.480e-19,8.584e-30,4.206e-18,4.191e-23,5.115e-34,,3.282e-28,6.487e-27,1.649e-21,3.435e-19,1.560e-14,5.628e-20,2.141e-7,1.513e-22,2.443e-6,6.470e-1,2.123e+1,8.631e-1,3.290e+2,5.914e+1,2.088e-30,3.417e-21,9.543e-24,,,,,,,,,,,,8.888e-22,1.061e-18,,,,,,,,5.703e-22,,2.679e-19,3.413e-18,2.507e-20,3.690e-18
279.2,1.109e+3,2.507e-21,1.064e-12,1.881e-26,,2.445e-30,3.436e-66,5.880e-4,7.599e+2,,4.372e-17,4.490e-19,8.568e-30,4.212e-18,4.197e-23,5.087e-34,,3.284e-28,1.213e-26,1.650e-21,3.437e-19,1.532e-14,5.643e-20,5.507e-7,1.515e-22,1.068e-6,4.727e-1,2.646e+1,9.964e-1,2.526e+2,6.814e+1,2.075e-30,3.418e-21,9.556e-24,,,,,,,,,,,,8.874e-22,1.059e-18,,,,,,,,5.701e-22,,2.686e-19,3.406e-18,2.515e-20,3.690e-18
279.22,1.207e+3,2.502e-21,1.428e-12,2.174e-26,,5.654e-30,3.457e-66,3.745e-4,8.917e+2,,4.378e-17,4.497e-19,8.556e-30,4.217e-18,4.201e-23,5.068e-34,,3.285e-28,1.818e-26,1.651e-21,3.438e-19,1.495e-14,5.653e-20,1.021e-6,1.517e-22,6.075e-7,3.788e-1,3.028e+1,1.100e+0,2.094e+2,7.422e+1,2.066e-30,3.419e-21,9.566e-24,,,,,,,,,,,,8.865e-22,1.058e-18,,,,,,,,5.700e-22,,2.691e-19,3.402e-18,2.520e-20,3.690e-18
279.25,1.392e+3,2.494e-21,2.191e-12,2.660e-26,,1.953e-29,3.488e-66,1.870e-4,1.115e+3,,4.387e-17,4.507e-19,8.539e-30,4.224e-18,4.207e-23,5.040e-34,,3.286e-28,3.277e-26,1.652e-21,3.440e-19,1.414e-14,5.668e-20,2.533e-6,1.518e-22,2.559e-7,2.667e-1,3.644e+1,1.279e+0,1.553e+2,8.314e+1,2.053e-30,3.420e-21,9.579e-24,,,,,,,,,,,,8.851e-22,1.057e-18,,,,,,,,5.699e-22,,2.699e-19,3.395e-18,2.529e-20,3.691e-18
279.27,1.538e+3,2.488e-21,2.888e-12,3.015e-26,,4.411e-29,3.509e-66,1.162e-4,1.281e+3,,4.392e-17,4.513e-19,8.528e-30,4.228e-18,4.210e-23,5.021e-34,,3.287e-28,4.794e-26,1.652e-21,3.441e-19,1.347e-14,5.678e-20,4.584e-6,1.520e-22,1.420e-7,2.085e-1,4.076e+1,1.412e+0,1.258e+2,8.874e+1,2.045e-30,3.421e-21,9.588e-24,,,,,,,,,,,,8.842e-22,1.056e-18,,,,,,,,5.698e-22,,2.703e-19,3.391e-18,2.534e-20,3.691e-18
279.3,1.786e+3,2.480e-21,4.316e-12,3.584e-26,,1.471e-28,3.541e-66,5.593e-5,1.550e+3,,4.401e-17,4.523e-19,8.511e-30,4.235e-18,4.216e-23,4.993e-34,,3.289e-28,8.331e-26,1.653e-21,3.443e-19,1.228e-14,5.693e-20,1.096e-5,1.522e-22,5.763e-8,1.415e-1,4.741e+1,1.628e+0,9.023e+1,9.630e+1,2.032e-30,3.422e-21,9.602e-24,,,,,,,,,,,,8.828e-22,1.054e-18,,,,,,,,5.696e-22,,2.711e-19,3.384e-18,2.542e-20,3.691e-18
279.32,1.966e+3,2.474e-21,5.597e-12,3.985e-26,,3.243e-28,3.562e-66,3.393e-5,1.740e+3,,4.407e-17,4.530e-19,8.500e-30,4.240e-18,4.220e-23,4.974e-34,,3.290e-28,1.189e-25,1.654e-21,3.444e-19,1.141e-14,5.702e-20,1.936e-5,1.523e-22,3.120e-8,1.079e-1,5.186e+1,1.780e+0,7.148e+1,1.006e+2,2.023e-30,3.423e-21,9.611e-24,,,,,,,,,,,,8.819e-22,1.054e-18,,,,,,,,5.695e-22,,2.716e-19,3.380e-18,2.548e-20,3.691e-18
279.35,2.249e+3,2.466e-21,8.175e-12,4.608e-26,,1.043e-27,3.593e-66,1.574e-5,2.033e+3,,4.415e-17,4.540e-19,8.483e-30,4.247e-18,4.226e-23,4.946e-34,,3.291e-28,1.993e-25,1.655e-21,3.446e-19,1.003e-14,5.717e-20,4.464e-5,1.525e-22,1.220e-8,7.058e-2,5.837e+1,2.015e+0,4.957e+1,1.058e+2,2.010e-30,3.424e-21,9.624e-24,,,,,,,,,,,,8.805e-22,1.052e-18,,,,,,,,5.693e-22,,2.723e-19,3.373e-18,2.556e-20,3.691e-18
279.37,2.441e+3,2.460e-21,1.045e-11,5.032e-26,,2.245e-27,3.614e-66,9.315e-6,2.229e+3,,4.421e-17,4.547e-19,8.472e-30,4.251e-18,4.229e-23,4.927e-34,,3.292e-28,2.776e-25,1.655e-21,3.447e-19,9.093e-15,5.727e-20,7.696e-5,1.526e-22,6.445e-9,5.253e-2,6.251e+1,2.172e+0,3.841e+1,1.082e+2,2.001e-30,3.425e-21,9.633e-24,,,,,,,,,,,,8.796e-22,1.051e-18,,,,,,,,5.692e-22,,2.728e-19,3.369e-18,2.561e-20,3.691e-18
279.4,2.721e+3,2.452e-21,1.497e-11,5.669e-26,,6.967e-27,3.646e-66,4.165e-6,2.515e+3,,4.430e-17,4.557e-19,8.455e-30,4.258e-18,4.235e-23,4.899e-34,,3.294e-28,4.484e-25,1.656e-21,3.449e-19,7.704e-15,5.742e-20,1.711e-4,1.528e-22,2.429e-9,3.311e-2,6.824e+1,2.396e+0,2.578e+1,1.104e+2,1.988e-30,3.426e-21,9.647e-24,,,,,,,,,,,,8.782e-22,1.050e-18,,,,,,,,5.691e-22,,2.735e-19,3.362e-18,2.569e-20,3.691e-18
279.42,2.897e+3,2.447e-21,1.890e-11,6.088e-26,,1.465e-26,3.667e-66,2.405e-6,2.692e+3,,4.436e-17,4.563e-19,8.444e-30,4.263e-18,4.239e-23,4.880e-34,,3.295e-28,6.097e-25,1.657e-21,3.451e-19,6.815e-15,5.752e-20,2.878e-4,1.529e-22,1.251e-9,2.404e-2,7.165e+1,2.534e+0,1.955e+1,1.108e+2,1.980e-30,3.427e-21,9.656e-24,,,,,,,,,,,,8.773e-22,2.733e-18,,,,,,,,5.690e-22,,2.740e-19,3.358e-18,2.575e-20,3.691e-18
279.45,3.131e+3,2.438e-21,2.662e-11,6.696e-26,,4.384e-26,3.698e-66,1.036e-6,2.930e+3,,4.444e-17,4.573e-19,8.427e-30,4.270e-18,4.245e-23,4.852e-34,,3.296e-28,9.493e-25,1.658e-21,3.452e-19,5.565e-15,5.766e-20,6.169e-4,1.531e-22,4.544e-10,1.460e-2,7.606e+1,2.714e+0,1.270e+1,1.100e+2,1.967e-30,3.428e-21,9.670e-24,,,,,,,,,,,,8.759e-22,1.127e-17,,,,,,,,5.688e-22,,2.747e-19,3.351e-18,2.583e-20,3.691e-18
279.47,3.262e+3,2.433e-21,3.328e-11,7.082e-26,,8.998e-26,3.720e-66,5.841e-7,3.062e+3,,4.450e-17,4.580e-19,8.416e-30,4.274e-18,4.248e-23,4.833e-34,,3.297e-28,1.260e-24,1.658e-21,3.454e-19,4.803e-15,5.776e-20,1.013e-3,1.532e-22,2.284e-10,1.035e-2,7.848e+1,2.812e+0,9.429e+0,1.087e+2,1.958e-30,3.429e-21,9.679e-24,,,,,,,,,,,,8.750e-22,2.864e-17,,,,,,,,5.687e-22,,2.752e-19,3.347e-18,2.588e-20,3.691e-18
279.49,3.368e+3,2.427e-21,4.145e-11,7.447e-26,,1.829e-25,3.741e-66,3.259e-7,3.171e+3,,4.456e-17,4.587e-19,8.404e-30,4.279e-18,4.252e-23,4.814e-34,,3.299e-28,1.656e-24,1.659e-21,3.455e-19,4.105e-15,5.786e-20,1.648e-3,1.534e-22,1.137e-10,7.258e-3,8.048e+1,2.887e+0,6.942e+0,1.068e+2,1.949e-30,3.429e-21,9.688e-24,,,,,,,,,,,,8.740e-22,7.207e-17,,,,,,,,5.686e-22,,2.757e-19,3.343e-18,2.594e-20,3.691e-18
279.52,3.474e+3,2.419e-21,5.725e-11,7.952e-26,,5.207e-25,3.772e-66,1.334e-7,3.281e+3,,4.464e-17,4.597e-19,8.388e-30,4.286e-18,4.258e-23,4.786e-34,,3.300e-28,2.449e-24,1.660e-21,3.457e-19,3.184e-15,5.801e-20,3.356e-3,1.535e-22,3.919e-11,4.187e-3,8.269e+1,2.956e+0,4.322e+0,1.031e+2,1.936e-30,3.431e-21,9.701e-24,,,,,,,,,,,,8.727e-22,2.825e-16,,,,,,,,5.684e-22,,2.764e-19,3.336e-18,2.602e-20,3.692e-18
279.54,3.506e+3,2.414e-21,7.068e-11,8.256e-26,,1.033e-24,3.793e-66,7.263e-8,3.316e+3,,4.470e-17,4.603e-19,8.376e-30,4.290e-18,4.262e-23,4.767e-34,,3.301e-28,3.141e-24,1.660e-21,3.458e-19,2.655e-15,5.811e-20,5.326e-3,1.537e-22,1.903e-11,2.866e-3,8.367e+1,2.969e+0,3.123e+0,1.004e+2,1.928e-30,3.431e-21,9.710e-24,,,,,,,,,,,,8.717e-22,6.940e-16,,,,,,,,5.683e-22,,2.769e-19,3.332e-18,2.607e-20,3.692e-18
279.57,3.495e+3,2.405e-21,9.634e-11,8.662e-26,,2.838e-24,3.825e-66,2.867e-8,3.310e+3,,4.479e-17,4.613e-19,8.359e-30,4.297e-18,4.267e-23,4.739e-34,,3.303e-28,4.479e-24,1.661e-21,3.460e-19,1.985e-15,5.825e-20,1.046e-2,1.539e-22,6.321e-12,1.593e-3,8.450e+1,2.940e+0,1.902e+0,9.609e+1,1.915e-30,3.432e-21,9.724e-24,,,,,,,,,,,,8.704e-22,2.624e-15,,,,,,,,5.682e-22,,2.776e-19,3.325e-18,2.615e-20,3.692e-18
279.59,3.449e+3,2.400e-21,1.179e-10,8.898e-26,,5.498e-24,3.846e-66,1.528e-8,3.267e+3,,4.485e-17,4.620e-19,8.348e-30,4.302e-18,4.271e-23,4.720e-34,,3.304e-28,5.606e-24,1.662e-21,3.461e-19,1.615e-15,5.835e-20,1.620e-2,1.540e-22,2.994e-12,1.064e-3,8.468e+1,2.887e+0,1.366e+0,9.333e+1,1.906e-30,3.433e-21,9.733e-24,,,,,,,,,,,,8.694e-22,6.292e-15,,,,,,,,5.681e-22,,2.781e-19,3.321e-18,2.621e-20,3.692e-18
279.62,3.326e+3,2.392e-21,1.584e-10,9.203e-26,,1.456e-23,3.877e-66,5.960e-9,3.148e+3,,4.493e-17,4.630e-19,8.331e-30,4.309e-18,4.277e-23,4.692e-34,,3.305e-28,7.707e-24,1.663e-21,3.463e-19,1.164e-15,5.850e-20,3.067e-2,1.542e-22,9.584e-13,5.700e-4,8.453e+1,2.762e+0,8.523e-1,8.960e+1,1.893e-30,3.434e-21,9.747e-24,,,,,,,,,,,,8.680e-22,2.294e-14,,,,,,,,5.679e-22,,2.788e-19,3.314e-18,2.629e-20,3.692e-18
279.64,3.211e+3,2.386e-21,1.919e-10,9.374e-26,,2.755e-23,3.898e-66,3.340e-9,3.036e+3,,4.499e-17,1.209e-18,8.320e-30,4.313e-18,4.281e-23,4.673e-34,,3.306e-28,9.414e-24,1.663e-21,3.464e-19,9.240e-16,5.860e-20,4.638e-2,1.543e-22,4.429e-13,3.714e-4,8.421e+1,2.652e+0,6.515e-1,8.752e+1,1.885e-30,3.435e-21,9.756e-24,,,,,,,,,,,,8.671e-22,5.370e-14,,,,,,,,5.678e-22,,2.793e-19,3.310e-18,2.634e-20,3.692e-18
279.67,2.998e+3,2.378e-21,2.536e-10,9.587e-26,,7.040e-23,3.930e-66,2.000e-9,2.827e+3,,4.508e-17,5.012e-18,8.303e-30,4.320e-18,4.286e-23,4.645e-34,,3.308e-28,1.248e-23,1.664e-21,3.466e-19,6.418e-16,5.875e-20,8.466e-2,1.545e-22,1.366e-13,1.918e-4,8.352e+1,2.452e+0,5.070e-1,8.514e+1,1.872e-30,3.436e-21,9.769e-24,,,,,,,,,,,,8.657e-22,1.888e-13,,,,,,,,5.677e-22,,2.800e-19,3.303e-18,2.642e-20,3.692e-18
279.69,2.836e+3,2.372e-21,3.035e-10,9.702e-26,,1.300e-22,3.951e-66,2.250e-9,2.666e+3,,4.513e-17,1.278e-17,8.292e-30,4.325e-18,4.290e-23,4.626e-34,,3.309e-28,1.487e-23,1.665e-21,3.467e-19,4.972e-16,5.885e-20,1.249e-1,1.546e-22,6.158e-14,1.219e-4,8.297e+1,2.301e+0,4.974e-1,8.408e+1,1.863e-30,3.437e-21,9.778e-24,,,,,,,,,,,,8.648e-22,4.314e-13,,,,,,,,5.675e-22,,2.805e-19,3.299e-18,2.648e-20,3.692e-18
279.72,2.573e+3,2.364e-21,3.934e-10,9.835e-26,,3.204e-22,3.982e-66,4.485e-9,2.405e+3,,4.522e-17,5.108e-17,8.275e-30,4.331e-18,4.296e-23,4.598e-34,,3.310e-28,1.900e-23,1.666e-21,3.469e-19,3.329e-16,5.899e-20,2.199e-1,1.548e-22,1.830e-14,6.067e-5,8.208e+1,2.056e+0,6.039e-1,8.328e+1,1.850e-30,3.438e-21,9.792e-24,,,,,,,,,,,,8.634e-22,1.463e-12,,,,,,,,5.674e-22,,2.812e-19,3.292e-18,2.656e-20,3.692e-18
279.74,2.392e+3,2.359e-21,4.642e-10,9.898e-26,,5.777e-22,4.003e-66,7.964e-9,2.225e+3,,4.528e-17,1.271e-16,8.264e-30,4.336e-18,4.300e-23,1.194e-33,,3.311e-28,2.211e-23,1.666e-21,3.470e-19,2.516e-16,5.909e-20,3.166e-1,1.549e-22,8.048e-15,3.763e-5,8.145e+1,1.886e+0,7.614e-1,8.320e+1,1.841e-30,3.439e-21,9.801e-24,,,,,,,,,,,,8.625e-22,3.263e-12,,,,,,,,5.673e-22,,2.817e-19,3.288e-18,2.661e-20,3.692e-18
279.77,2.123e+3,2.350e-21,5.880e-10,9.955e-26,,1.373e-21,4.035e-66,1.923e-8,1.955e+3,,4.536e-17,4.902e-16,8.247e-30,4.343e-18,4.305e-23,4.910e-33,,3.313e-28,2.723e-23,1.667e-21,3.472e-19,1.624e-16,5.924e-20,5.374e-1,1.551e-22,2.304e-15,1.805e-5,8.049e+1,1.629e+0,1.155e+0,8.361e+1,1.828e-30,3.440e-21,9.814e-24,,,,,,,,,,,,8.611e-22,1.067e-11,,,,,,,,5.671e-22,,2.825e-19,3.281e-18,2.669e-20,3.692e-18
279.79,1.951e+3,2.345e-21,6.826e-10,9.965e-26,,2.417e-21,4.056e-66,3.439e-8,1.783e+3,,4.542e-17,1.191e-15,8.236e-30,4.347e-18,4.309e-23,1.245e-32,,3.314e-28,3.092e-23,1.668e-21,3.473e-19,1.198e-16,5.934e-20,7.553e-1,1.552e-22,9.888e-16,1.092e-5,7.981e+1,1.461e+0,1.549e+0,8.411e+1,1.820e-30,3.441e-21,9.824e-24,,,,,,,,,,,,8.602e-22,2.323e-11,,,,,,,,5.670e-22,,2.829e-19,3.277e-18,2.675e-20,3.692e-18
279.82,1.714e+3,2.337e-21,8.427e-10,9.933e-26,,5.542e-21,4.087e-66,8.090e-8,1.546e+3,,4.551e-17,4.428e-15,8.219e-30,4.354e-18,4.315e-23,4.937e-32,,3.315e-28,3.672e-23,1.669e-21,3.475e-19,7.454e-17,5.949e-20,1.236e+0,1.554e-22,2.728e-16,5.049e-6,7.872e+1,1.220e+0,2.404e+0,8.492e+1,1.807e-30,3.442e-21,9.837e-24,,,,,,,,,,,,8.588e-22,7.329e-11,,,,,,,,5.669e-22,,2.837e-19,3.270e-18,2.683e-20,3.693e-18
279.84,1.575e+3,2.331e-21,9.607e-10,9.877e-26,,9.522e-21,4.108e-66,1.414e-7,1.405e+3,,4.557e-17,1.050e-14,8.208e-30,4.359e-18,4.319e-23,1.222e-31,,3.316e-28,4.068e-23,1.669e-21,3.476e-19,5.367e-17,5.958e-20,1.695e+0,1.556e-22,1.142e-16,2.981e-6,7.792e+1,1.071e+0,3.200e+0,8.537e+1,1.798e-30,3.443e-21,9.846e-24,,,,,,,,,,,,8.579e-22,1.557e-10,,,,,,,,5.668e-22,,2.842e-19,3.266e-18,2.688e-20,3.693e-18
279.87,1.399e+3,2.323e-21,1.153e-9,9.733e-26,,2.106e-20,4.140e-66,3.210e-7,1.229e+3,,4.565e-17,3.766e-14,8.191e-30,4.366e-18,4.324e-23,4.673e-31,,3.318e-28,4.658e-23,1.670e-21,3.478e-19,3.220e-17,5.973e-20,2.675e+0,1.557e-22,3.036e-17,1.328e-6,7.656e+1,8.673e-1,4.846e+0,8.562e+1,1.785e-30,3.444e-21,9.860e-24,,,,,,,,,,,,8.565e-22,4.738e-10,,,,,,,,5.666e-22,,2.849e-19,3.259e-18,2.696e-20,3.693e-18
279.89,1.307e+3,2.317e-21,1.289e-9,9.591e-26,,3.532e-20,4.161e-66,5.479e-7,1.135e+3,,4.571e-17,8.719e-14,8.180e-30,4.370e-18,4.328e-23,1.129e-30,,3.319e-28,5.036e-23,1.671e-21,3.479e-19,2.263e-17,5.983e-20,3.581e+0,1.559e-22,1.240e-17,7.651e-7,7.552e+1,7.465e-1,6.323e+0,8.539e+1,1.776e-30,3.445e-21,9.869e-24,,,,,,,,,,,,8.556e-22,9.827e-10,,,,,,,,5.665e-22,,2.854e-19,3.255e-18,2.702e-20,3.693e-18
279.91,1.235e+3,2.312e-21,1.429e-9,9.412e-26,,5.867e-20,4.182e-66,9.261e-7,1.063e+3,,4.577e-17,1.999e-13,8.168e-30,4.375e-18,4.332e-23,2.702e-30,,3.320e-28,5.392e-23,1.671e-21,3.480e-19,1.576e-17,5.993e-20,4.748e+0,1.560e-22,5.013e-18,4.365e-7,7.435e+1,6.383e-1,8.178e+0,8.475e+1,1.768e-30,3.445e-21,9.878e-24,,,,,,,,,,,,8.546e-22,2.019e-9,,,,,,,,5.664e-22,,2.859e-19,3.250e-18,2.707e-20,3.693e-18
279.94,1.168e+3,2.303e-21,1.643e-9,9.065e-26,,1.234e-19,4.213e-66,1.999e-6,9.935e+2,,4.585e-17,6.815e-13,8.151e-30,4.382e-18,4.338e-23,9.824e-30,,3.322e-28,5.865e-23,1.672e-21,3.482e-19,9.000e-18,6.008e-20,7.118e+0,1.562e-22,1.265e-18,1.846e-7,7.233e+1,5.002e-1,1.183e+1,8.292e+1,1.755e-30,3.446e-21,9.891e-24,,,,,,,,,,,,8.533e-22,5.837e-9,,,,,,,,5.662e-22,,2.866e-19,3.244e-18,2.715e-20,3.693e-18
279.96,1.149e+3,2.298e-21,1.784e-9,8.782e-26,,2.000e-19,4.234e-66,3.299e-6,9.729e+2,,4.591e-17,1.525e-12,8.140e-30,4.386e-18,4.341e-23,2.295e-29,,3.323e-28,6.129e-23,1.673e-21,3.483e-19,6.126e-18,6.017e-20,9.210e+0,1.563e-22,4.991e-19,1.028e-7,7.079e+1,4.240e-1,1.496e+1,8.107e+1,1.746e-30,3.447e-21,9.900e-24,,,,,,,,,,,,8.523e-22,1.171e-8,,,,,,,,5.661e-22,,2.871e-19,3.239e-18,2.721e-20,3.693e-18
279.99,1.158e+3,2.290e-21,1.986e-9,8.281e-26,,4.056e-19,4.266e-66,6.869e-6,9.776e+2,,4.600e-17,5.016e-12,8.123e-30,4.393e-18,4.347e-23,8.048e-29,,3.324e-28,6.427e-23,1.674e-21,3.485e-19,3.386e-18,6.032e-20,1.331e+1,1.565e-22,1.214e-19,4.189e-8,6.817e+1,3.323e-1,2.093e+1,7.736e+1,1.733e-30,3.448e-21,9.914e-24,,,,,,,,,,,,8.510e-22,3.264e-8,,,,,,,,5.660e-22,,2.878e-19,3.233e-18,2.729e-20,3.693e-18
280.01,1.186e+3,2.284e-21,2.110e-9,7.899e-26,,6.421e-19,4.287e-66,1.107e-5,1.002e+3,,4.606e-17,1.096e-11,8.112e-30,4.398e-18,4.351e-23,1.835e-28,,3.325e-28,6.554e-23,1.674e-21,3.486e-19,2.258e-18,6.042e-20,1.681e+1,1.566e-22,4.671e-20,2.275e-8,6.621e+1,2.855e-1,2.589e+1,7.429e+1,1.724e-30,3.449e-21,9.923e-24,,,,,,,,,,,,8.500e-22,6.390e-8,,,,,,,,5.659e-22,,2.883e-19,3.228e-18,2.734e-20,3.693e-18
280.04,1.256e+3,2.276e-21,2.273e-9,7.265e-26,,1.256e-18,4.318e-66,2.223e-5,1.066e+3,,4.614e-17,3.475e-11,8.095e-30,4.405e-18,4.357e-23,6.207e-28,,3.327e-28,6.626e-23,1.675e-21,3.488e-19,1.215e-18,6.057e-20,2.343e+1,1.568e-22,1.095e-20,8.939e-9,6.296e+1,2.349e-1,3.503e+1,6.892e+1,1.712e-30,3.450e-21,9.937e-24,,,,,,,,,,,,8.486e-22,1.718e-7,,,,,,,,5.657e-22,,2.890e-19,3.222e-18,2.742e-20,3.693e-18
280.06,1.319e+3,2.270e-21,2.362e-9,6.809e-26,,1.940e-18,4.339e-66,3.498e-5,1.122e+3,,4.620e-17,7.411e-11,8.084e-30,4.409e-18,4.360e-23,1.382e-27,,3.328e-28,6.594e-23,1.676e-21,3.489e-19,7.986e-19,6.067e-20,2.889e+1,1.569e-22,1.091e-20,4.736e-9,6.060e+1,2.133e-1,4.238e+1,6.492e+1,1.703e-30,3.451e-21,9.946e-24,,,,,,,,,,,,8.477e-22,3.283e-7,,,,,,,,5.656e-22,,2.895e-19,3.217e-18,2.748e-20,3.693e-18
280.09,1.431e+3,2.262e-21,2.460e-9,6.090e-26,,3.660e-18,4.371e-66,6.780e-5,1.221e+3,,4.629e-17,2.267e-10,8.067e-30,4.416e-18,4.366e-23,4.507e-27,,3.329e-28,6.427e-23,1.677e-21,3.491e-19,4.237e-19,6.081e-20,3.882e+1,1.571e-22,1.085e-20,1.793e-9,5.677e+1,1.974e-1,5.550e+1,5.849e+1,1.690e-30,3.452e-21,9.959e-24,,,,,,,,,,,,8.463e-22,8.516e-7,,,,,,,,5.654e-22,,2.902e-19,3.211e-18,2.756e-20,3.694e-18
280.11,1.513e+3,2.257e-21,2.500e-9,5.597e-26,,5.521e-18,4.392e-66,1.041e-4,1.292e+3,,4.635e-17,4.719e-10,8.056e-30,4.421e-18,4.370e-23,9.795e-27,,3.330e-28,6.242e-23,1.677e-21,3.492e-19,2.781e-19,6.091e-20,4.670e+1,1.573e-22,1.081e-20,9.271e-10,5.405e+1,1.969e-1,6.571e+1,5.402e+1,1.681e-30,3.453e-21,9.968e-24,,,,,,,,,,,,8.454e-22,1.588e-6,,,,,,,,5.653e-22,,2.907e-19,3.206e-18,2.761e-20,3.694e-18
280.14,1.639e+3,2.248e-21,2.517e-9,4.858e-26,,1.004e-17,4.424e-66,1.948e-4,1.398e+3,,4.643e-17,1.392e-9,8.039e-30,4.428e-18,4.376e-23,3.082e-26,,3.332e-28,5.865e-23,1.678e-21,3.494e-19,1.495e-19,6.106e-20,6.052e+1,1.574e-22,1.075e-20,3.383e-10,4.975e+1,2.099e-1,8.332e+1,4.727e+1,1.668e-30,3.454e-21,9.982e-24,,,,,,,,,,,,8.440e-22,3.973e-6,,,,,,,,5.652e-22,,2.914e-19,3.200e-18,2.769e-20,3.694e-18
280.16,1.722e+3,2.243e-21,2.501e-9,4.375e-26,,1.479e-17,4.445e-66,2.922e-4,1.465e+3,,4.649e-17,2.829e-9,8.028e-30,4.432e-18,4.379e-23,6.537e-26,,3.333e-28,5.559e-23,1.679e-21,3.495e-19,1.004e-19,6.116e-20,7.106e+1,1.576e-22,1.071e-20,1.707e-10,4.676e+1,2.270e-1,9.659e+1,4.285e+1,1.660e-30,3.455e-21,9.991e-24,,,,,,,,,,,,8.431e-22,7.233e-6,,,,,,,,5.651e-22,,2.919e-19,3.195e-18,2.775e-20,3.694e-18
280.19,1.837e+3,2.235e-21,2.434e-9,3.682e-26,,2.594e-17,4.476e-66,5.274e-4,1.551e+3,,4.658e-17,8.050e-9,8.011e-30,4.439e-18,4.385e-23,1.984e-25,,3.334e-28,5.036e-23,1.680e-21,3.497e-19,5.740e-20,6.131e-20,8.880e+1,1.578e-22,1.065e-20,6.002e-11,4.217e+1,2.640e-1,1.187e+2,3.651e+1,1.647e-30,3.456e-21,1.000e-23,,,,,,,,,,,,8.417e-22,1.745e-5,,,,,,,,5.649e-22,,2.926e-19,3.189e-18,2.783e-20,3.694e-18
280.21,1.905e+3,2.229e-21,2.364e-9,3.249e-26,,3.729e-17,4.497e-66,7.726e-4,1.596e+3,,4.663e-17,1.597e-8,8.000e-30,4.444e-18,4.389e-23,4.108e-25,,3.336e-28,4.658e-23,1.680e-21,3.498e-19,4.107e-20,6.141e-20,1.018e+2,1.579e-22,1.062e-20,2.954e-11,3.907e+1,2.956e-1,1.348e+2,3.255e+1,1.638e-30,3.457e-21,1.001e-23,,,,,,,,,,,,8.408e-22,3.101e-5,,,,,,,,5.648e-22,,2.931e-19,3.185e-18,2.788e-20,3.694e-18
280.24,1.986e+3,2.221e-21,2.224e-9,2.655e-26,,6.309e-17,4.529e-66,1.346e-3,1.640e+3,,4.672e-17,4.382e-8,7.983e-30,4.450e-18,4.395e-23,1.202e-24,,3.337e-28,4.068e-23,1.681e-21,3.500e-19,2.720e-20,6.155e-20,1.227e+2,1.581e-22,1.056e-20,1.001e-11,3.442e+1,3.522e-1,1.607e+2,2.712e+1,1.625e-30,3.458e-21,1.003e-23,,,,,,,,,,,,8.394e-22,7.214e-5,,,,,,,,5.646e-22,,2.939e-19,3.178e-18,2.796e-20,3.694e-18
280.26,2.024e+3,2.215e-21,2.112e-9,2.301e-26,,8.851e-17,4.550e-66,1.926e-3,1.652e+3,,4.678e-17,8.486e-8,7.972e-30,4.455e-18,4.399e-23,2.430e-24,,3.338e-28,3.672e-23,1.682e-21,3.501e-19,2.271e-20,6.165e-20,1.373e+2,1.582e-22,1.052e-20,4.807e-12,3.137e+1,3.952e-1,1.789e+2,2.388e+1,1.616e-30,3.459e-21,1.004e-23,,,,,,,,,,,,8.385e-22,1.251e-4,,,,,,,,5.645e-22,,2.943e-19,3.174e-18,2.802e-20,3.694e-18
280.28,2.049e+3,2.210e-21,1.987e-9,1.983e-26,,1.230e-16,4.571e-66,2.729e-3,1.649e+3,,4.684e-17,1.628e-7,7.960e-30,4.460e-18,4.402e-23,4.866e-24,,3.339e-28,3.282e-23,1.682e-21,3.503e-19,2.129e-20,6.175e-20,1.522e+2,1.583e-22,1.048e-20,2.286e-12,2.839e+1,4.417e-1,1.976e+2,2.095e+1,1.608e-30,3.459e-21,1.005e-23,,,,,,,,,,,,8.376e-22,2.150e-4,,,,,,,,5.644e-22,,2.948e-19,3.169e-18,2.807e-20,3.694e-18
280.31,2.059e+3,2.202e-21,1.784e-9,1.575e-26,,1.978e-16,4.602e-66,4.525e-3,1.617e+3,,4.692e-17,4.246e-7,7.943e-30,4.466e-18,4.408e-23,1.354e-23,,3.341e-28,2.723e-23,1.683e-21,3.504e-19,2.543e-20,6.190e-20,1.745e+2,1.585e-22,1.042e-20,7.357e-13,2.411e+1,5.163e-1,2.262e+2,1.714e+1,1.595e-30,3.461e-21,1.006e-23,,,,,,,,,,,,8.362e-22,4.754e-4,,,,,,,,5.643e-22,,2.955e-19,3.163e-18,2.815e-20,3.694e-18
280.33,2.048e+3,2.196e-21,1.642e-9,1.351e-26,,2.682e-16,4.623e-66,6.266e-3,1.576e+3,,4.698e-17,7.949e-7,7.932e-30,4.471e-18,4.412e-23,2.646e-23,,3.342e-28,2.376e-23,1.684e-21,3.506e-19,3.397e-20,6.200e-20,1.889e+2,1.586e-22,1.038e-20,3.413e-13,2.141e+1,5.680e-1,2.453e+2,1.499e+1,1.586e-30,3.461e-21,1.007e-23,,,,,,,,,,,,8.352e-22,7.973e-4,,,,,,,,5.642e-22,,2.960e-19,3.158e-18,2.821e-20,3.694e-18
280.36,2.004e+3,2.188e-21,1.426e-9,1.082e-26,,4.160e-16,4.655e-66,1.003e-2,1.491e+3,,4.707e-17,2.000e-6,7.915e-30,4.478e-18,4.418e-23,7.100e-23,,3.343e-28,1.900e-23,1.685e-21,3.507e-19,6.148e-20,6.214e-20,2.091e+2,1.588e-22,1.032e-20,1.059e-13,1.766e+1,6.463e-1,2.733e+2,1.229e+1,1.573e-30,3.462e-21,1.008e-23,,,,,,,,,,,,8.339e-22,1.700e-3,,,,,,,,5.640e-22,,2.968e-19,3.152e-18,2.829e-20,3.695e-18
280.38,1.959e+3,2.182e-21,1.284e-9,9.473e-27,,5.507e-16,4.676e-66,1.357e-2,1.420e+3,,4.712e-17,3.655e-6,7.904e-30,4.482e-18,4.421e-23,1.355e-22,,3.344e-28,1.618e-23,1.685e-21,3.509e-19,9.607e-20,6.224e-20,2.212e+2,1.590e-22,1.029e-20,4.794e-14,1.537e+1,6.975e-1,2.911e+2,1.081e+1,1.564e-30,3.463e-21,1.009e-23,,,,,,,,,,,,8.329e-22,2.783e-3,,,,,,,,5.639e-22,,2.972e-19,3.147e-18,2.834e-20,3.695e-18
280.41,1.870e+3,2.174e-21,1.079e-9,8.060e-27,,8.238e-16,4.707e-66,2.097e-2,1.295e+3,,4.721e-17,8.868e-6,7.887e-30,4.489e-18,4.427e-23,3.506e-22,,3.346e-28,1.248e-23,1.686e-21,3.510e-19,1.918e-19,6.239e-20,2.369e+2,1.592e-22,1.023e-20,1.441e-14,1.229e+1,7.701e-1,3.161e+2,9.016e+0,1.551e-30,3.464e-21,1.010e-23,,,,,,,,,,,,8.316e-22,5.725e-3,,,,,,,,5.637e-22,,2.980e-19,3.141e-18,2.842e-20,3.695e-18
280.43,1.800e+3,2.169e-21,9.510e-10,7.496e-27,,1.064e-15,4.728e-66,2.772e-2,1.204e+3,,4.727e-17,1.582e-5,7.876e-30,4.494e-18,4.431e-23,6.529e-22,,3.347e-28,1.037e-23,1.687e-21,3.512e-19,3.041e-19,6.249e-20,2.453e+2,1.593e-22,1.019e-20,6.521e-15,1.048e+1,8.142e-1,3.312e+2,8.070e+0,1.543e-30,3.465e-21,1.011e-23,,,,,,,,,,,,8.306e-22,9.148e-3,,,,,,,,5.636e-22,,2.985e-19,3.136e-18,2.848e-20,3.695e-18
280.46,1.681e+3,2.160e-21,7.741e-10,7.155e-27,,1.536e-15,4.760e-66,4.139e-2,1.059e+3,,4.735e-17,3.703e-5,7.859e-30,4.501e-18,4.437e-23,1.630e-21,,3.348e-28,7.707e-24,1.688e-21,3.513e-19,6.001e-19,6.264e-20,2.546e+2,1.595e-22,1.013e-20,2.531e-15,8.109e+0,8.715e-1,3.511e+2,6.969e+0,1.530e-30,3.466e-21,1.013e-23,,,,,,,,,,,,8.292e-22,1.815e-2,,,,,,,,5.635e-22,,2.992e-19,3.130e-18,2.856e-20,3.695e-18
280.48,1.596e+3,2.155e-21,6.678e-10,7.230e-27,,1.937e-15,4.781e-66,5.345e-2,9.607e+2,,4.741e-17,6.448e-5,7.848e-30,4.505e-18,4.440e-23,2.963e-21,,3.349e-28,6.249e-24,1.688e-21,3.515e-19,9.348e-19,6.274e-20,2.586e+2,1.596e-22,1.009e-20,2.444e-15,6.761e+0,9.026e-1,3.621e+2,6.418e+0,1.521e-30,3.467e-21,1.014e-23,,,,,,,,,,,,8.283e-22,2.830e-2,,,,,,,,5.634e-22,,2.997e-19,3.125e-18,2.861e-20,3.695e-18
280.51,1.464e+3,2.146e-21,5.268e-10,7.731e-27,,2.694e-15,4.812e-66,7.711e-2,8.150e+2,,4.750e-17,1.455e-4,7.831e-30,4.512e-18,4.446e-23,7.134e-21,,3.351e-28,4.479e-24,1.689e-21,3.516e-19,1.787e-18,6.288e-20,2.615e+2,1.598e-22,1.003e-20,6.048e-15,5.062e+0,9.371e-1,3.751e+2,5.827e+0,1.508e-30,3.468e-21,1.015e-23,,,,,,,,,,,,8.269e-22,5.414e-2,,,,,,,,5.632e-22,,3.004e-19,3.119e-18,2.869e-20,3.695e-18
280.53,1.375e+3,2.141e-21,4.452e-10,8.287e-27,,3.317e-15,4.833e-66,9.733e-2,7.216e+2,,4.756e-17,2.474e-4,7.820e-30,4.517e-18,4.450e-23,1.266e-20,,3.352e-28,3.544e-24,1.690e-21,3.518e-19,2.720e-18,6.298e-20,2.617e+2,1.599e-22,9.994e-21,1.341e-14,4.126e+0,9.515e-1,3.812e+2,5.573e+0,1.500e-30,3.469e-21,1.016e-23,,,,,,,,,,,,8.260e-22,8.243e-2,,,,,,,,5.631e-22,,3.009e-19,3.114e-18,2.875e-20,3.695e-18
280.56,1.246e+3,2.133e-21,3.406e-10,9.384e-27,,4.450e-15,4.865e-66,1.357e-1,5.902e+2,,4.764e-17,5.386e-4,7.803e-30,4.524e-18,4.456e-23,2.940e-20,,3.354e-28,2.449e-24,1.691e-21,3.520e-19,5.017e-18,6.313e-20,2.599e+2,1.601e-22,9.936e-21,4.519e-14,2.984e+0,9.600e-1,3.863e+2,5.380e+0,1.487e-30,3.470e-21,1.017e-23,,,,,,,,,,,,8.246e-22,1.521e-1,,,,,,,,5.629e-22,,3.016e-19,3.108e-18,2.883e-20,3.695e-18
280.58,1.164e+3,2.127e-21,2.820e-10,1.025e-26,,5.348e-15,4.886e-66,1.675e-1,5.099e+2,,4.770e-17,8.938e-4,7.792e-30,4.528e-18,4.459e-23,5.094e-20,,3.355e-28,1.891e-24,1.691e-21,3.521e-19,7.457e-18,6.323e-20,2.579e+2,1.602e-22,9.897e-21,1.007e-13,2.377e+0,9.574e-1,3.870e+2,5.368e+0,1.478e-30,3.471e-21,1.018e-23,,,,,,,,,,,,8.237e-22,2.260e-1,,,,,,,,5.628e-22,,3.021e-19,3.103e-18,2.888e-20,3.695e-18
280.61,1.049e+3,2.119e-21,2.094e-10,1.168e-26,,6.919e-15,4.917e-66,2.257e-1,4.022e+2,,4.779e-17,1.877e-3,7.775e-30,4.535e-18,4.465e-23,1.141e-19,,3.356e-28,1.260e-24,1.692e-21,3.523e-19,1.327e-17,6.338e-20,2.546e+2,1.604e-22,9.839e-21,3.295e-13,1.660e+0,9.425e-1,3.839e+2,5.517e+0,1.465e-30,3.472e-21,1.019e-23,,,,,,,,,,,,8.223e-22,4.022e-1,,,,,,,,5.627e-22,,3.028e-19,3.097e-18,2.896e-20,3.695e-18
280.63,9.801e+2,2.113e-21,1.700e-10,1.268e-26,,8.116e-15,4.938e-66,2.723e-1,3.391e+2,,4.784e-17,3.040e-3,7.763e-30,4.540e-18,4.469e-23,1.929e-19,,3.357e-28,9.493e-25,1.693e-21,3.524e-19,1.925e-17,6.347e-20,2.530e+2,1.605e-22,9.800e-21,7.174e-13,1.292e+0,9.265e-1,3.792e+2,5.723e+0,1.456e-30,3.473e-21,1.020e-23,,,,,,,,,,,,8.214e-22,5.834e-1,,,,,,,,5.626e-22,,3.033e-19,3.092e-18,2.902e-20,3.696e-18
280.65,9.171e+2,2.108e-21,1.369e-10,1.367e-26,,9.428e-15,4.959e-66,3.256e-1,2.832e+2,,4.790e-17,4.877e-3,7.752e-30,4.544e-18,4.473e-23,3.232e-19,,3.358e-28,7.084e-25,1.693e-21,3.525e-19,2.765e-17,6.357e-20,2.523e+2,1.607e-22,9.762e-21,1.547e-12,9.957e-1,9.070e-1,3.725e+2,6.012e+0,1.448e-30,3.473e-21,1.021e-23,,,,,,,,,,,,8.205e-22,8.382e-1,,,,,,,,5.625e-22,,3.038e-19,3.088e-18,2.907e-20,3.696e-18
280.68,8.350e+2,2.100e-21,9.757e-11,1.510e-26,,1.159e-14,4.991e-66,4.188e-1,2.122e+2,,4.799e-17,9.734e-3,7.735e-30,4.551e-18,4.478e-23,6.881e-19,,3.360e-28,4.484e-25,1.694e-21,3.527e-19,4.677e-17,6.372e-20,2.536e+2,1.609e-22,9.703e-21,4.812e-12,6.618e-1,8.740e-1,3.592e+2,6.593e+0,1.435e-30,3.475e-21,1.023e-23,,,,,,,,,,,,8.191e-22,1.418e+0,,,,,,,,5.623e-22,,3.045e-19,3.081e-18,2.915e-20,3.696e-18
280.7,7.889e+2,2.094e-21,7.711e-11,1.597e-26,,1.315e-14,5.012e-66,4.898e-1,1.729e+2,,4.805e-17,1.525e-2,7.724e-30,4.556e-18,4.482e-23,1.125e-18,,3.361e-28,3.265e-25,1.695e-21,3.528e-19,6.559e-17,6.382e-20,2.567e+2,1.610e-22,9.665e-21,1.013e-11,4.981e-1,8.515e-1,3.484e+2,7.071e+0,1.426e-30,3.475e-21,1.024e-23,,,,,,,,,,,,8.182e-22,1.988e+0,,,,,,,,5.622e-22,,3.050e-19,3.077e-18,2.921e-20,3.696e-18
280.73,7.329e+2,2.086e-21,5.340e-11,1.707e-26,,1.559e-14,5.044e-66,6.095e-1,1.249e+2,,4.813e-17,2.935e-2,7.707e-30,4.563e-18,4.488e-23,2.310e-18,,3.362e-28,1.993e-25,1.696e-21,3.530e-19,1.070e-16,6.397e-20,2.651e+2,1.612e-22,9.606e-21,3.039e-11,3.194e-1,8.209e-1,3.299e+2,7.908e+0,1.413e-30,3.476e-21,1.025e-23,,,,,,,,,,,,8.168e-22,3.243e+0,,,,,,,,5.620e-22,,3.057e-19,3.070e-18,2.929e-20,3.696e-18
280.75,7.041e+2,2.080e-21,4.141e-11,1.765e-26,,1.725e-14,5.065e-66,6.974e-1,9.938e+1,,4.819e-17,4.487e-2,7.696e-30,4.567e-18,4.492e-23,3.688e-18,,3.363e-28,1.416e-25,1.696e-21,3.531e-19,1.465e-16,6.406e-20,2.733e+2,1.613e-22,9.568e-21,6.247e-11,2.347e-1,8.047e-1,3.166e+2,8.531e+0,1.404e-30,3.477e-21,1.026e-23,,,,,,,,,,,,8.158e-22,4.439e+0,,,,,,,,5.619e-22,,3.062e-19,3.066e-18,2.934e-20,3.696e-18
280.78,6.733e+2,2.072e-21,2.789e-11,1.822e-26,,1.973e-14,5.096e-66,8.398e-1,6.922e+1,,4.828e-17,8.329e-2,7.679e-30,4.574e-18,4.497e-23,7.304e-18,,3.365e-28,8.331e-26,1.697e-21,3.533e-19,2.304e-16,6.421e-20,2.894e+2,1.615e-22,9.509e-21,1.808e-10,1.452e-1,7.901e-1,2.962e+2,9.530e+0,1.391e-30,3.478e-21,1.027e-23,,,,,,,,,,,,8.145e-22,6.983e+0,,,,,,,,5.618e-22,,3.069e-19,3.059e-18,2.942e-20,3.696e-18
280.8,6.607e+2,2.067e-21,2.122e-11,1.839e-26,,2.131e-14,5.117e-66,9.404e-1,5.373e+1,,4.833e-17,1.243e-1,7.668e-30,4.579e-18,4.501e-23,1.138e-17,,3.366e-28,5.778e-26,1.698e-21,3.534e-19,3.079e-16,6.431e-20,3.025e+2,1.616e-22,9.471e-21,3.628e-10,1.041e-1,7.886e-1,2.829e+2,1.022e+1,1.383e-30,3.479e-21,1.028e-23,,,,,,,,,,,,8.135e-22,9.332e+0,,,,,,,,5.617e-22,,3.074e-19,3.055e-18,2.948e-20,3.696e-18
280.83,6.529e+2,2.058e-21,1.390e-11,1.832e-26,,2.350e-14,5.149e-66,1.096e+0,3.608e+1,,4.842e-17,2.226e-1,7.651e-30,4.585e-18,4.507e-23,2.174e-17,,3.367e-28,3.277e-26,1.699e-21,3.536e-19,4.671e-16,6.446e-20,3.247e+2,1.618e-22,9.412e-21,1.013e-9,6.211e-2,8.015e-1,2.646e+2,1.123e+1,1.370e-30,3.480e-21,1.029e-23,,,,,,,,,,,,8.122e-22,1.416e+1,,,,,,,,5.615e-22,,3.082e-19,3.048e-18,2.956e-20,3.696e-18
280.85,6.549e+2,2.053e-21,1.038e-11,1.806e-26,,2.478e-14,5.170e-66,1.202e+0,2.734e+1,,4.848e-17,3.243e-1,7.640e-30,4.590e-18,4.511e-23,3.307e-17,,3.368e-28,2.218e-26,1.699e-21,3.537e-19,6.092e-16,6.456e-20,3.405e+2,1.619e-22,9.374e-21,1.984e-9,4.349e-2,8.212e-1,2.543e+2,1.187e+1,1.361e-30,3.481e-21,1.030e-23,,,,,,,,,,,,8.112e-22,1.847e+1,,,,,,,,5.614e-22,,3.086e-19,3.044e-18,2.961e-20,3.696e-18
280.88,6.676e+2,2.045e-21,6.611e-12,1.735e-26,,2.635e-14,5.201e-66,1.357e+0,1.770e+1,,4.857e-17,5.600e-1,7.623e-30,4.597e-18,4.516e-23,6.092e-17,,3.370e-28,1.213e-26,1.700e-21,3.539e-19,8.913e-16,6.470e-20,3.646e+2,1.621e-22,9.316e-21,5.342e-9,2.502e-2,8.687e-1,2.427e+2,1.274e+1,1.348e-30,3.482e-21,1.032e-23,,,,,,,,,,,,8.098e-22,2.702e+1,,,,,,,,5.612e-22,,3.094e-19,3.037e-18,2.969e-20,3.696e-18
280.9,6.823e+2,2.039e-21,4.848e-12,1.668e-26,,2.712e-14,5.222e-66,1.456e+0,1.309e+1,,4.862e-17,7.964e-1,7.612e-30,4.601e-18,4.520e-23,9.046e-17,,3.371e-28,8.011e-27,1.701e-21,3.540e-19,1.135e-15,6.480e-20,3.800e+2,1.622e-22,9.277e-21,1.022e-8,1.710e-2,9.128e-1,2.384e+2,1.322e+1,1.339e-30,3.483e-21,1.033e-23,,,,,,,,,,,,8.089e-22,3.440e+1,,,,,,,,5.611e-22,,3.098e-19,3.033e-18,2.975e-20,3.697e-18
280.93,7.130e+2,2.031e-21,3.001e-12,1.546e-26,,2.782e-14,5.254e-66,1.593e+0,8.169e+0,,4.871e-17,1.326e+0,7.595e-30,4.608e-18,4.526e-23,1.607e-16,,3.373e-28,4.223e-27,1.702e-21,3.542e-19,1.601e-15,6.495e-20,4.005e+2,1.624e-22,9.219e-21,2.654e-8,9.484e-3,9.973e-1,2.381e+2,1.376e+1,1.326e-30,3.484e-21,1.034e-23,,,,,,,,,,,,8.075e-22,4.853e+1,,,,,,,,5.610e-22,,3.106e-19,3.026e-18,2.983e-20,3.697e-18
280.95,7.390e+2,2.025e-21,2.159e-12,1.451e-26,,2.794e-14,5.275e-66,1.674e+0,5.894e+0,,4.877e-17,1.841e+0,7.584e-30,4.613e-18,4.530e-23,2.330e-16,,3.374e-28,2.722e-27,1.702e-21,3.543e-19,1.990e-15,6.505e-20,4.117e+2,1.626e-22,9.180e-21,4.955e-8,6.325e-3,1.065e+0,2.425e+2,1.398e+1,1.318e-30,3.485e-21,1.035e-23,,,,,,,,,,,,8.066e-22,6.032e+1,,,,,,,,5.609e-22,,3.111e-19,3.022e-18,2.988e-20,3.697e-18
280.98,7.859e+2,2.017e-21,1.299e-12,1.296e-26,,2.763e-14,5.306e-66,1.775e+0,3.547e+0,,4.885e-17,2.958e+0,7.567e-30,4.620e-18,4.535e-23,3.993e-16,,3.375e-28,1.383e-27,1.703e-21,3.545e-19,2.708e-15,6.520e-20,4.235e+2,1.627e-22,9.122e-21,1.242e-7,3.383e-3,1.184e+0,2.567e+2,1.408e+1,1.305e-30,3.486e-21,1.036e-23,,,,,,,,,,,,8.052e-22,8.208e+1,,,,,,,,5.607e-22,,3.118e-19,3.015e-18,2.996e-20,3.697e-18
281,8.221e+2,2.012e-21,9.166e-13,1.188e-26,,2.710e-14,5.327e-66,1.827e+0,2.498e+0,,4.891e-17,4.008e+0,7.555e-30,4.624e-18,4.539e-23,5.650e-16,,3.376e-28,8.702e-28,1.704e-21,3.546e-19,3.286e-15,6.530e-20,4.274e+2,1.629e-22,9.083e-21,2.263e-7,2.202e-3,1.273e+0,2.715e+2,1.399e+1,1.296e-30,3.487e-21,1.037e-23,,,,,,,,,,,,8.043e-22,9.958e+1,,,,,,,,5.606e-22,,3.123e-19,3.011e-18,3.002e-20,3.697e-18
281.02,8.621e+2,2.006e-21,6.419e-13,1.078e-26,,2.632e-14,5.348e-66,1.865e+0,1.742e+0,,4.897e-17,5.380e+0,7.544e-30,4.629e-18,4.543e-23,7.918e-16,,3.377e-28,5.421e-28,1.704e-21,3.547e-19,3.948e-15,6.539e-20,4.278e+2,1.630e-22,9.044e-21,4.086e-7,1.420e-3,1.368e+0,2.905e+2,1.377e+1,1.288e-30,3.488e-21,1.038e-23,,,,,,,,,,,,8.034e-22,1.197e+2,,,,,,,,5.605e-22,,3.128e-19,3.007e-18,3.007e-20,3.697e-18
281.05,9.288e+2,1.998e-21,3.707e-13,9.152e-27,,2.473e-14,5.380e-66,1.893e+0,9.962e-1,,4.906e-17,8.215e+0,7.527e-30,4.636e-18,4.549e-23,1.290e-15,,3.379e-28,2.618e-28,1.705e-21,3.549e-19,5.107e-15,6.554e-20,4.217e+2,1.632e-22,8.986e-21,9.735e-7,7.216e-4,1.521e+0,3.265e+2,1.322e+1,1.275e-30,3.489e-21,1.039e-23,,,,,,,,,,,,8.020e-22,1.548e+2,,,,,,,,5.603e-22,,3.135e-19,3.000e-18,3.015e-20,3.697e-18
281.07,9.774e+2,1.992e-21,2.546e-13,8.107e-27,,2.345e-14,5.401e-66,1.893e+0,6.780e-1,,4.911e-17,1.076e+1,7.516e-30,4.640e-18,4.552e-23,1.765e-15,,3.380e-28,1.591e-28,1.706e-21,3.550e-19,5.989e-15,6.564e-20,4.131e+2,1.633e-22,8.947e-21,1.716e-6,4.540e-4,1.627e+0,3.550e+2,1.273e+1,1.266e-30,3.489e-21,1.040e-23,,,,,,,,,,,,8.011e-22,1.815e+2,,,,,,,,5.602e-22,,3.140e-19,2.996e-18,3.021e-20,3.697e-18
281.1,1.056e+3,1.984e-21,1.430e-13,6.636e-27,,2.125e-14,5.432e-66,1.864e+0,3.738e-1,,4.920e-17,1.585e+1,7.499e-30,4.647e-18,4.558e-23,2.773e-15,,3.381e-28,7.407e-29,1.707e-21,3.552e-19,7.471e-15,6.579e-20,3.940e+2,1.635e-22,8.889e-21,3.943e-6,2.225e-4,1.791e+0,4.034e+2,1.181e+1,1.253e-30,3.491e-21,1.042e-23,,,,,,,,,,,,7.997e-22,2.264e+2,,,,,,,,5.601e-22,,3.147e-19,2.989e-18,3.029e-20,3.697e-18
281.12,1.110e+3,1.978e-21,9.663e-14,5.737e-27,,1.966e-14,5.453e-66,1.825e+0,2.483e-1,,4.926e-17,2.027e+1,7.488e-30,4.652e-18,4.562e-23,3.703e-15,,3.382e-28,4.395e-29,1.707e-21,3.553e-19,8.554e-15,6.589e-20,3.776e+2,1.636e-22,8.850e-21,6.785e-6,1.366e-4,1.900e+0,4.383e+2,1.112e+1,1.244e-30,3.491e-21,1.043e-23,,,,,,,,,,,,7.988e-22,2.592e+2,,,,,,,,5.600e-22,,3.152e-19,2.985e-18,3.034e-20,3.697e-18
281.15,1.196e+3,1.970e-21,5.361e-14,4.529e-27,,1.718e-14,5.485e-66,1.743e+0,1.320e-1,,4.934e-17,2.880e+1,7.471e-30,4.659e-18,4.568e-23,5.613e-15,,3.384e-28,1.972e-29,1.708e-21,3.555e-19,1.029e-14,6.603e-20,3.483e+2,1.638e-22,8.792e-21,1.504e-5,6.454e-5,2.062e+0,4.927e+2,9.995e+0,1.231e-30,3.492e-21,1.044e-23,,,,,,,,,,,,7.974e-22,3.118e+2,,,,,,,,5.598e-22,,3.159e-19,2.978e-18,3.042e-20,3.697e-18
281.17,1.253e+3,1.965e-21,3.670e-14,3.821e-27,,1.552e-14,5.506e-66,1.672e+0,8.556e-2,,4.940e-17,3.595e+1,7.460e-30,4.663e-18,4.571e-23,7.317e-15,,3.385e-28,1.142e-29,1.709e-21,3.556e-19,1.150e-14,6.613e-20,3.266e+2,1.639e-22,8.753e-21,2.527e-5,3.868e-5,2.166e+0,5.290e+2,9.221e+0,1.223e-30,3.493e-21,1.045e-23,,,,,,,,,,,,7.965e-22,3.485e+2,,,,,,,,5.597e-22,,3.164e-19,2.974e-18,3.048e-20,3.697e-18
281.2,1.339e+3,1.956e-21,2.258e-14,2.909e-27,,1.308e-14,5.537e-66,1.548e+0,4.385e-2,,4.949e-17,4.925e+1,7.443e-30,4.670e-18,4.577e-23,1.070e-14,,3.386e-28,4.940e-30,1.710e-21,3.558e-19,1.334e-14,6.628e-20,2.921e+2,1.641e-22,8.695e-21,5.403e-5,1.762e-5,2.314e+0,5.809e+2,8.069e+0,1.210e-30,3.494e-21,1.046e-23,,,,,,,,,,,,7.951e-22,4.043e+2,,,,,,,,5.595e-22,,3.171e-19,2.967e-18,3.056e-20,3.698e-18
281.22,1.393e+3,1.951e-21,1.847e-14,2.396e-27,,1.153e-14,5.558e-66,1.456e+0,2.774e-2,,4.955e-17,6.002e+1,7.432e-30,4.675e-18,4.581e-23,1.361e-14,,3.387e-28,2.792e-30,1.710e-21,3.559e-19,1.455e-14,6.638e-20,2.686e+2,1.643e-22,8.656e-21,8.861e-5,1.030e-5,2.406e+0,6.124e+2,7.334e+0,1.201e-30,3.495e-21,1.047e-23,,,,,,,,,,,,7.941e-22,4.411e+2,,,,,,,,5.594e-22,,3.176e-19,2.963e-18,3.061e-20,3.698e-18
281.25,1.470e+3,1.943e-21,1.834e-14,1.758e-27,,9.369e-15,5.590e-66,1.307e+0,1.371e-2,,4.963e-17,7.930e+1,7.415e-30,4.682e-18,4.587e-23,1.919e-14,,3.389e-28,1.164e-30,1.711e-21,3.561e-19,1.628e-14,6.653e-20,2.343e+2,1.644e-22,8.598e-21,1.828e-4,4.525e-6,2.530e+0,6.525e+2,6.320e+0,1.188e-30,3.496e-21,1.048e-23,,,,,,,,,,,,7.928e-22,4.935e+2,,,,,,,,5.593e-22,,3.183e-19,2.956e-18,3.069e-20,3.698e-18
281.27,1.515e+3,1.937e-21,2.200e-14,1.413e-27,,8.061e-15,5.611e-66,1.204e+0,8.462e-3,,4.969e-17,9.434e+1,7.404e-30,4.686e-18,4.590e-23,2.384e-14,,3.390e-28,6.421e-31,1.712e-21,3.563e-19,1.734e-14,6.663e-20,2.127e+2,1.646e-22,8.559e-21,2.927e-4,2.583e-6,2.603e+0,6.733e+2,5.722e+0,1.179e-30,3.497e-21,1.049e-23,,,,,,,,,,,,7.918e-22,5.255e+2,,,,,,,,5.592e-22,,3.188e-19,2.952e-18,3.075e-20,3.698e-18
281.3,1.573e+3,1.929e-21,3.385e-14,1.000e-27,,6.317e-15,5.642e-66,1.048e+0,4.031e-3,,4.978e-17,1.202e+2,7.387e-30,4.693e-18,4.596e-23,3.242e-14,,3.392e-28,2.582e-31,1.713e-21,3.564e-19,1.871e-14,6.677e-20,1.834e+2,1.648e-22,8.501e-21,5.823e-4,1.093e-6,2.696e+0,6.939e+2,4.969e+0,1.166e-30,3.498e-21,1.051e-23,,,,,,,,,,,,7.904e-22,5.671e+2,,,,,,,,5.590e-22,,3.195e-19,2.945e-18,3.083e-20,3.698e-18
281.32,1.604e+3,1.923e-21,4.712e-14,7.848e-28,,5.305e-15,5.663e-66,9.450e-1,2.429e-3,,4.983e-17,1.396e+2,7.376e-30,4.698e-18,4.600e-23,3.931e-14,,3.393e-28,1.389e-31,1.713e-21,3.566e-19,1.945e-14,6.687e-20,1.666e+2,1.649e-22,8.462e-21,9.103e-4,6.090e-7,2.746e+0,6.998e+2,4.572e+0,1.158e-30,3.499e-21,1.052e-23,,,,,,,,,,,,7.895e-22,5.894e+2,,,,,,,,5.589e-22,,3.200e-19,2.941e-18,3.088e-20,3.698e-18
281.35,1.635e+3,1.915e-21,7.834e-14,5.356e-28,,4.009e-15,5.695e-66,7.972e-1,1.116e-3,,4.992e-17,1.716e+2,7.359e-30,4.704e-18,4.606e-23,5.156e-14,,3.394e-28,5.386e-32,1.714e-21,3.567e-19,2.024e-14,6.702e-20,1.462e+2,1.651e-22,8.404e-21,1.747e-3,2.486e-7,2.803e+0,6.965e+2,4.145e+0,1.145e-30,3.500e-21,1.053e-23,,,,,,,,,,,,7.881e-22,6.134e+2,,,,,,,,5.588e-22,,3.208e-19,2.934e-18,3.096e-20,3.698e-18
281.37,1.647e+3,1.910e-21,1.095e-13,4.101e-28,,3.287e-15,1.470e-65,7.044e-1,6.561e-4,,4.998e-17,1.945e+2,7.347e-30,4.709e-18,4.609e-23,6.103e-14,,3.395e-28,2.829e-32,1.715e-21,3.569e-19,2.054e-14,6.712e-20,1.361e+2,1.652e-22,8.365e-21,2.666e-3,1.351e-7,2.828e+0,6.861e+2,3.972e+0,1.136e-30,3.501e-21,1.054e-23,,,,,,,,,,,,7.872e-22,6.223e+2,,,,,,,,5.586e-22,,3.212e-19,2.930e-18,3.102e-20,3.698e-18
281.39,1.650e+3,1.904e-21,1.520e-13,3.110e-28,,2.668e-15,3.759e-65,6.172e-1,3.821e-4,,5.004e-17,2.184e+2,7.336e-30,4.714e-18,4.613e-23,7.156e-14,,3.396e-28,1.471e-32,1.715e-21,3.570e-19,2.064e-14,6.722e-20,1.290e+2,1.653e-22,8.326e-21,4.030e-3,7.275e-8,2.842e+0,6.695e+2,3.887e+0,1.127e-30,3.502e-21,1.055e-23,,,,,,,,,,,,7.863e-22,6.253e+2,,,,,,,,5.585e-22,,3.217e-19,2.925e-18,3.107e-20,3.698e-18
281.42,1.639e+3,1.896e-21,2.445e-13,2.017e-28,,1.916e-15,1.509e-64,4.982e-1,1.667e-4,,5.012e-17,2.552e+2,7.319e-30,4.720e-18,4.619e-23,8.922e-14,,3.398e-28,5.418e-33,1.716e-21,3.572e-19,2.041e-14,6.736e-20,1.241e+2,1.655e-22,8.268e-21,7.354e-3,2.821e-8,2.842e+0,6.338e+2,3.914e+0,1.114e-30,3.503e-21,1.056e-23,,,,,,,,,,,,7.849e-22,6.186e+2,,,,,,,,5.584e-22,,3.225e-19,2.919e-18,3.115e-20,3.698e-18
281.44,1.622e+3,1.890e-21,3.320e-13,1.493e-28,,1.518e-15,3.768e-64,4.274e-1,9.477e-5,,5.018e-17,2.797e+2,7.308e-30,4.725e-18,4.623e-23,1.021e-13,,3.399e-28,2.750e-33,1.717e-21,3.573e-19,2.002e-14,6.746e-20,1.246e+2,1.656e-22,8.229e-21,1.085e-2,1.482e-8,2.827e+0,6.038e+2,4.026e+0,1.106e-30,3.503e-21,1.057e-23,,,,,,,,,,,,7.840e-22,6.067e+2,,,,,,,,5.583e-22,,3.229e-19,2.914e-18,3.121e-20,3.698e-18
281.47,1.583e+3,1.882e-21,5.164e-13,9.337e-29,,1.052e-15,1.460e-63,3.342e-1,3.987e-5,,5.027e-17,3.151e+2,7.291e-30,4.732e-18,4.628e-23,1.228e-13,,3.400e-28,9.764e-34,1.718e-21,3.575e-19,1.910e-14,6.761e-20,1.307e+2,1.658e-22,8.171e-21,1.910e-2,5.542e-9,2.784e+0,5.514e+2,4.310e+0,1.093e-30,3.505e-21,1.058e-23,,,,,,,,,,,,7.826e-22,5.788e+2,,,,,,,,5.581e-22,,3.237e-19,2.908e-18,3.129e-20,3.699e-18
281.49,1.550e+3,1.877e-21,6.853e-13,6.746e-29,,8.134e-16,3.559e-63,2.806e-1,2.212e-5,,5.032e-17,3.371e+2,7.280e-30,4.737e-18,4.632e-23,1.372e-13,,3.401e-28,4.836e-34,1.718e-21,3.576e-19,1.829e-14,6.771e-20,1.381e+2,1.660e-22,8.132e-21,2.752e-2,2.841e-9,2.741e+0,5.128e+2,4.563e+0,1.084e-30,3.505e-21,1.059e-23,,,,,,,,,,,,7.817e-22,5.542e+2,,,,,,,,5.580e-22,,3.241e-19,2.903e-18,3.134e-20,3.699e-18
281.52,1.489e+3,1.868e-21,1.030e-12,4.068e-29,,5.432e-16,1.331e-62,2.125e-1,8.972e-6,,5.041e-17,3.664e+2,7.263e-30,4.743e-18,4.638e-23,1.591e-13,,3.403e-28,1.655e-34,1.719e-21,3.578e-19,1.682e-14,6.786e-20,1.536e+2,1.661e-22,8.074e-21,4.673e-2,1.024e-9,2.656e+0,4.517e+2,5.008e+0,1.071e-30,3.507e-21,1.061e-23,,,,,,,,,,,,7.803e-22,5.099e+2,,,,,,,,5.579e-22,,3.249e-19,2.897e-18,3.142e-20,3.699e-18
281.54,1.444e+3,1.863e-21,1.336e-12,2.868e-29,,4.101e-16,3.168e-62,1.746e-1,4.857e-6,,5.047e-17,3.827e+2,7.252e-30,4.748e-18,4.642e-23,1.735e-13,,3.404e-28,8.003e-35,1.720e-21,3.579e-19,1.572e-14,6.795e-20,1.664e+2,1.663e-22,8.035e-21,6.572e-2,5.125e-10,2.585e+0,4.101e+2,5.330e+0,1.063e-30,3.507e-21,1.062e-23,,,,,,,,,,,,7.794e-22,4.765e+2,,,,,,,,5.577e-22,,3.254e-19,2.892e-18,3.148e-20,3.699e-18
281.57,1.369e+3,1.855e-21,1.940e-12,1.668e-29,,2.641e-16,1.143e-61,1.280e-1,1.899e-6,,5.056e-17,4.011e+2,7.235e-30,4.755e-18,4.647e-23,1.941e-13,,3.405e-28,2.641e-35,1.721e-21,3.581e-19,1.395e-14,6.810e-20,1.885e+2,1.665e-22,7.977e-21,1.077e-1,1.781e-10,2.459e+0,3.484e+2,5.820e+0,1.050e-30,3.508e-21,1.063e-23,,,,,,,,,,,,7.780e-22,4.228e+2,,,,,,,,5.576e-22,,3.261e-19,2.886e-18,3.156e-20,3.699e-18
281.59,1.317e+3,1.849e-21,2.460e-12,1.148e-29,,1.946e-16,2.656e-61,1.029e-1,1.004e-6,,5.061e-17,4.089e+2,7.224e-30,4.759e-18,4.651e-23,2.067e-13,,3.406e-28,1.246e-35,1.721e-21,3.582e-19,1.273e-14,6.820e-20,2.045e+2,1.666e-22,7.938e-21,1.478e-1,8.696e-11,2.364e+0,3.088e+2,6.132e+0,1.041e-30,3.509e-21,1.064e-23,,,,,,,,,,,,7.771e-22,3.857e+2,,,,,,,,5.575e-22,,3.266e-19,2.881e-18,3.161e-20,3.699e-18
281.62,1.235e+3,1.841e-21,3.454e-12,6.436e-30,,1.209e-16,9.246e-61,7.301e-2,3.784e-7,,5.070e-17,4.134e+2,7.207e-30,4.766e-18,4.657e-23,2.230e-13,,3.408e-28,3.963e-36,1.722e-21,3.584e-19,1.089e-14,6.835e-20,2.294e+2,1.668e-22,7.880e-21,2.336e-1,2.914e-11,2.206e+0,2.532e+2,6.549e+0,1.028e-30,3.510e-21,1.065e-23,,,,,,,,,,,,7.757e-22,3.301e+2,,,,,,,,5.573e-22,,3.273e-19,2.875e-18,3.170e-20,3.699e-18
281.64,1.180e+3,1.835e-21,4.284e-12,4.323e-30,,8.692e-17,2.099e-60,5.743e-2,1.951e-7,,5.076e-17,4.114e+2,7.196e-30,4.771e-18,4.661e-23,2.317e-13,,3.409e-28,1.825e-36,1.723e-21,3.585e-19,9.699e-15,6.845e-20,2.459e+2,1.669e-22,7.841e-21,3.131e-1,1.388e-11,2.092e+0,2.193e+2,6.779e+0,1.019e-30,3.511e-21,1.066e-23,,,,,,,,,,,,7.747e-22,2.939e+2,,,,,,,,5.572e-22,,3.278e-19,2.870e-18,3.175e-20,3.699e-18
281.67,1.096e+3,1.827e-21,5.821e-12,2.337e-30,,5.206e-17,7.049e-60,3.941e-2,7.093e-8,,5.084e-17,4.011e+2,7.179e-30,4.778e-18,4.666e-23,2.411e-13,,3.411e-28,5.597e-37,1.724e-21,3.587e-19,8.004e-15,6.859e-20,2.694e+2,1.671e-22,7.783e-21,4.772e-1,4.485e-12,1.912e+0,1.738e+2,7.027e+0,1.006e-30,3.512e-21,1.067e-23,,,,,,,,,,,,7.734e-22,2.426e+2,,,,,,,,5.571e-22,,3.285e-19,2.864e-18,3.183e-20,3.699e-18
281.69,1.041e+3,1.821e-21,7.065e-12,1.533e-30,,3.654e-17,1.562e-59,3.032e-2,3.569e-8,,5.090e-17,3.896e+2,7.168e-30,4.782e-18,4.670e-23,2.447e-13,,3.412e-28,2.514e-37,1.724e-21,3.588e-19,6.957e-15,6.869e-20,2.836e+2,1.672e-22,7.744e-21,6.244e-1,2.086e-12,1.787e+0,1.473e+2,7.120e+0,9.977e-31,3.513e-21,1.068e-23,,,,,,,,,,,,7.724e-22,2.108e+2,,,,,,,,5.570e-22,,3.290e-19,2.859e-18,3.188e-20,3.699e-18
281.72,9.592e+2,1.813e-21,9.295e-12,7.989e-31,,2.111e-17,5.062e-59,2.012e-2,1.251e-8,,5.099e-17,3.664e+2,7.151e-30,4.789e-18,4.676e-23,2.455e-13,,3.413e-28,7.435e-38,1.725e-21,3.590e-19,5.537e-15,6.884e-20,3.019e+2,1.674e-22,7.686e-21,9.181e-1,6.495e-13,1.597e+0,1.134e+2,7.141e+0,9.847e-31,3.514e-21,1.070e-23,,,,,,,,,,,,7.710e-22,1.678e+2,,,,,,,,5.568e-22,,3.297e-19,2.853e-18,3.197e-20,3.699e-18
281.74,9.057e+2,1.808e-21,1.104e-11,5.113e-31,,1.446e-17,1.095e-58,1.514e-2,6.144e-9,,5.105e-17,3.475e+2,7.139e-30,4.794e-18,4.680e-23,2.432e-13,,3.414e-28,3.260e-38,1.726e-21,3.591e-19,4.698e-15,6.894e-20,3.116e+2,1.675e-22,7.647e-21,1.173e+0,2.948e-13,1.471e+0,9.457e+1,7.074e+0,9.761e-31,3.515e-21,1.071e-23,,,,,,,,,,,,7.701e-22,1.424e+2,,,,,,,,5.567e-22,,3.302e-19,2.848e-18,3.202e-20,3.700e-18
281.77,8.277e+2,1.799e-21,1.408e-11,2.570e-31,,8.053e-18,3.426e-58,9.716e-3,2.076e-9,,5.113e-17,3.151e+2,7.123e-30,4.801e-18,4.685e-23,2.354e-13,,3.416e-28,9.293e-39,1.727e-21,3.593e-19,3.606e-15,6.909e-20,3.216e+2,1.677e-22,7.589e-21,1.663e+0,8.850e-14,1.285e+0,7.182e+1,6.855e+0,9.631e-31,3.516e-21,1.072e-23,,,,,,,,,,,,7.687e-22,1.093e+2,,,,,,,,5.565e-22,,3.309e-19,2.842e-18,3.210e-20,3.700e-18
281.79,7.774e+2,1.794e-21,1.639e-11,1.605e-31,,5.386e-18,7.239e-58,7.147e-3,9.950e-10,,5.119e-17,2.917e+2,7.111e-30,4.805e-18,4.689e-23,2.276e-13,,3.417e-28,3.976e-39,1.727e-21,3.594e-19,2.987e-15,6.919e-20,3.252e+2,1.678e-22,7.550e-21,2.075e+0,3.920e-14,1.166e+0,6.004e+1,6.637e+0,9.544e-31,3.517e-21,1.073e-23,,,,,,,,,,,,7.678e-22,9.052e+1,,,,,,,,5.564e-22,,3.314e-19,2.837e-18,3.215e-20,3.700e-18
281.81,7.287e+2,1.788e-21,1.892e-11,9.930e-32,,3.567e-18,1.515e-57,5.210e-3,4.723e-10,,5.125e-17,2.675e+2,7.100e-30,4.810e-18,4.693e-23,2.179e-13,,3.418e-28,1.685e-39,1.728e-21,3.595e-19,2.450e-15,6.928e-20,3.262e+2,1.680e-22,7.511e-21,2.563e+0,1.720e-14,1.051e+0,5.077e+1,6.368e+0,9.458e-31,3.518e-21,1.074e-23,,,,,,,,,,,,7.669e-22,7.425e+1,,,,,,,,5.563e-22,,3.319e-19,2.833e-18,3.221e-20,3.700e-18
281.84,6.591e+2,1.780e-21,2.313e-11,4.744e-32,,1.888e-18,4.506e-57,3.188e-3,1.516e-10,,5.133e-17,2.306e+2,7.083e-30,4.817e-18,4.699e-23,2.005e-13,,3.419e-28,4.564e-40,1.729e-21,3.597e-19,1.787e-15,6.943e-20,3.230e+2,1.682e-22,7.453e-21,3.456e+0,4.905e-15,8.888e-1,4.117e+1,5.885e+0,9.328e-31,3.519e-21,1.075e-23,,,,,,,,,,,,7.655e-22,5.417e+1,,,,,,,,5.562e-22,,3.326e-19,2.826e-18,3.229e-20,3.700e-18
281.86,6.154e+2,1.775e-21,2.619e-11,2.864e-32,,1.220e-18,9.210e-57,2.272e-3,7.024e-11,,5.139e-17,2.064e+2,7.072e-30,4.821e-18,4.703e-23,1.874e-13,,3.420e-28,1.887e-40,1.729e-21,3.598e-19,1.431e-15,6.953e-20,3.177e+2,1.683e-22,7.414e-21,4.168e+0,2.100e-15,7.891e-1,3.740e+1,5.522e+0,9.241e-31,3.519e-21,1.076e-23,,,,,,,,,,,,7.646e-22,4.338e+1,,,,,,,,5.561e-22,,3.331e-19,2.822e-18,3.234e-20,3.700e-18
281.89,5.542e+2,1.766e-21,3.110e-11,1.319e-32,,6.230e-19,2.643e-56,1.343e-3,2.174e-11,,5.148e-17,1.716e+2,7.055e-30,4.828e-18,4.708e-23,1.664e-13,,3.422e-28,4.927e-41,1.730e-21,3.600e-19,1.007e-15,6.968e-20,3.058e+2,1.685e-22,7.356e-21,5.422e+0,5.774e-16,6.530e-1,3.531e+1,4.940e+0,9.112e-31,3.521e-21,1.077e-23,,,,,,,,,,,,7.632e-22,3.052e+1,,,,,,,,5.559e-22,,3.338e-19,2.815e-18,3.243e-20,3.700e-18
281.91,5.169e+2,1.761e-21,3.455e-11,7.774e-33,,3.932e-19,5.275e-56,9.354e-4,9.830e-12,,5.154e-17,1.499e+2,7.044e-30,4.833e-18,4.712e-23,1.518e-13,,3.423e-28,1.988e-41,1.731e-21,3.601e-19,7.871e-16,6.978e-20,2.955e+2,1.686e-22,7.317e-21,6.383e+0,2.412e-16,5.717e-1,3.613e+1,4.541e+0,9.025e-31,3.521e-21,1.078e-23,,,,,,,,,,,,7.623e-22,2.385e+1,,,,,,,,5.558e-22,,3.343e-19,2.811e-18,3.248e-20,3.700e-18
281.94,4.664e+2,1.753e-21,3.990e-11,3.453e-33,,1.939e-19,1.461e-55,5.344e-4,2.934e-12,,5.162e-17,1.202e+2,7.027e-30,4.839e-18,4.718e-23,1.299e-13,,3.424e-28,5.005e-42,1.732e-21,3.603e-19,5.341e-16,6.992e-20,2.771e+2,1.688e-22,7.259e-21,8.010e+0,6.395e-17,4.642e-1,4.043e+1,3.944e+0,8.895e-31,3.522e-21,1.080e-23,,,,,,,,,,,,7.609e-22,1.619e+1,,,,,,,,5.556e-22,,3.351e-19,2.804e-18,3.256e-20,3.700e-18
281.96,4.367e+2,1.747e-21,4.353e-11,1.986e-33,,1.199e-19,2.846e-55,3.637e-4,1.294e-12,,5.168e-17,1.025e+2,7.016e-30,4.844e-18,4.722e-23,1.157e-13,,3.425e-28,1.971e-42,1.732e-21,3.604e-19,4.075e-16,7.002e-20,2.634e+2,1.689e-22,7.220e-21,9.207e+0,2.607e-17,4.021e-1,4.525e+1,3.559e+0,8.809e-31,3.523e-21,1.081e-23,,,,,,,,,,,,7.600e-22,1.235e+1,,,,,,,,5.555e-22,,3.355e-19,2.800e-18,3.261e-20,3.700e-18
281.99,3.986e+2,1.739e-21,4.893e-11,8.507e-34,,5.811e-20,7.605e-55,2.007e-4,3.725e-13,,5.177e-17,7.930e+1,6.999e-30,4.851e-18,4.727e-23,9.556e-14,,3.427e-28,4.784e-43,1.733e-21,3.606e-19,2.667e-16,7.017e-20,2.415e+2,1.691e-22,7.162e-21,1.114e+1,6.664e-18,3.228e-1,5.525e+1,3.017e+0,8.679e-31,3.524e-21,1.082e-23,,,,,,,,,,,,7.586e-22,8.082e+0,,,,,,,,5.554e-22,,3.363e-19,2.793e-18,3.270e-20,3.700e-18
282.01,3.775e+2,1.733e-21,5.244e-11,4.775e-34,,3.650e-20,1.447e-54,1.335e-4,1.604e-13,,5.182e-17,6.602e+1,6.988e-30,4.856e-18,4.731e-23,8.309e-14,,3.428e-28,1.839e-43,1.734e-21,3.607e-19,1.986e-16,7.027e-20,2.263e+2,1.692e-22,7.123e-21,1.251e+1,2.651e-18,2.789e-1,6.370e+1,2.685e+0,8.592e-31,3.525e-21,1.083e-23,,,,,,,,,,,,7.577e-22,6.019e+0,,,,,,,,5.553e-22,,3.368e-19,2.789e-18,3.275e-20,3.701e-18
282.04,3.525e+2,1.725e-21,5.743e-11,1.972e-34,,2.058e-20,3.731e-54,7.113e-5,4.449e-14,,5.191e-17,4.925e+1,6.971e-30,4.862e-18,4.737e-23,6.617e-14,,3.430e-28,1.840e-43,1.735e-21,3.609e-19,1.254e-16,7.042e-20,2.034e+2,1.694e-22,7.065e-21,1.460e+1,6.534e-19,2.255e-1,7.894e+1,2.242e+0,8.463e-31,3.526e-21,1.084e-23,,,,,,,,,,,,7.563e-22,3.799e+0,,,,,,,,5.551e-22,,3.375e-19,2.782e-18,3.283e-20,3.701e-18
282.06,3.402e+2,1.720e-21,6.050e-11,1.081e-34,,1.700e-20,6.932e-54,4.622e-5,1.870e-14,,5.197e-17,4.002e+1,6.959e-30,4.867e-18,4.741e-23,5.616e-14,,3.431e-28,1.841e-43,1.735e-21,3.610e-19,9.115e-17,7.052e-20,1.885e+2,1.695e-22,7.026e-21,1.600e+1,2.537e-19,1.977e-1,9.072e+1,1.985e+0,8.376e-31,3.527e-21,1.085e-23,,,,,,,,,,,,7.553e-22,2.762e+0,,,,,,,,5.550e-22,,3.380e-19,2.778e-18,3.288e-20,3.701e-18
282.09,3.278e+2,1.711e-21,6.457e-11,4.304e-35,,1.920e-20,1.724e-53,2.379e-5,5.001e-15,,5.205e-17,2.880e+1,6.943e-30,4.874e-18,4.746e-23,4.313e-14,,3.432e-28,1.842e-43,1.736e-21,3.612e-19,5.550e-17,7.066e-20,1.669e+2,1.697e-22,6.968e-21,1.801e+1,6.027e-20,1.665e-1,1.106e+2,1.658e+0,8.246e-31,3.528e-21,1.086e-23,,,,,,,,,,,,7.540e-22,1.681e+0,,,,,,,,5.548e-22,,3.387e-19,2.771e-18,3.297e-20,3.701e-18
282.11,3.235e+2,1.706e-21,6.687e-11,2.302e-35,,2.551e-20,3.128e-53,1.510e-5,2.051e-15,,5.211e-17,2.284e+1,6.931e-30,4.878e-18,4.750e-23,3.574e-14,,3.433e-28,1.843e-43,1.737e-21,3.613e-19,3.939e-17,7.076e-20,1.534e+2,1.699e-22,6.929e-21,1.927e+1,6.020e-20,1.522e-1,1.252e+2,1.481e+0,8.160e-31,3.529e-21,1.087e-23,,,,,,,,,,,,7.530e-22,1.193e+0,,,,,,,,1.439e-21,,3.392e-19,2.767e-18,3.302e-20,3.701e-18
282.14,3.223e+2,1.697e-21,6.957e-11,8.838e-36,,4.411e-20,7.509e-53,7.503e-6,5.289e-16,,5.220e-17,1.585e+1,6.914e-30,4.885e-18,4.756e-23,2.648e-14,,3.435e-28,1.844e-43,1.737e-21,3.615e-19,2.314e-17,7.091e-20,1.346e+2,1.701e-22,6.871e-21,2.093e+1,6.009e-20,1.391e-1,1.488e+2,1.275e+0,8.030e-31,3.530e-21,1.089e-23,,,,,,,,,,,,7.516e-22,7.002e-1,,,,,,,,5.900e-21,,3.399e-19,2.760e-18,3.310e-20,3.701e-18
282.16,3.247e+2,1.692e-21,7.082e-11,4.613e-36,,6.498e-20,1.330e-52,4.653e-6,2.117e-16,,5.226e-17,1.228e+1,6.903e-30,4.890e-18,4.760e-23,2.142e-14,,3.436e-28,1.845e-43,1.738e-21,3.616e-19,1.604e-17,7.101e-20,1.234e+2,1.702e-22,6.832e-21,2.186e+1,6.002e-20,1.355e-1,1.654e+2,1.177e+0,7.944e-31,3.531e-21,1.090e-23,,,,,,,,,,,,7.507e-22,4.850e-1,,,,,,,,1.494e-20,,3.404e-19,2.756e-18,3.316e-20,3.701e-18
282.18,3.293e+2,1.686e-21,7.159e-11,2.385e-36,,9.563e-20,2.334e-52,2.858e-6,8.391e-17,,5.231e-17,9.414e+0,6.892e-30,4.894e-18,4.763e-23,1.716e-14,,3.437e-28,1.846e-43,1.739e-21,3.618e-19,1.101e-17,7.111e-20,1.133e+2,1.703e-22,6.794e-21,2.260e+1,5.995e-20,1.353e-1,1.825e+2,1.111e+0,7.857e-31,3.532e-21,1.091e-23,,,,,,,,,,,,7.498e-22,3.327e-1,,,,,,,,3.746e-20,,3.409e-19,2.752e-18,3.321e-20,3.701e-18
282.21,3.398e+2,1.678e-21,7.183e-11,8.703e-37,,1.686e-19,5.329e-52,1.352e-6,2.056e-17,,5.240e-17,6.210e+0,6.875e-30,4.901e-18,4.769e-23,1.209e-14,,3.438e-28,1.847e-43,1.740e-21,3.619e-19,6.159e-18,7.125e-20,1.003e+2,1.705e-22,6.735e-21,2.335e+1,5.984e-20,1.405e-1,2.085e+2,1.077e+0,7.727e-31,3.533e-21,1.092e-23,,,,,,,,,,,,7.484e-22,1.856e-1,,,,,,,,1.462e-19,,3.416e-19,2.745e-18,3.329e-20,3.701e-18
282.23,3.488e+2,1.673e-21,7.135e-11,4.391e-37,,2.435e-19,9.131e-52,8.114e-7,7.954e-18,,5.246e-17,4.649e+0,6.864e-30,4.906e-18,4.773e-23,9.454e-15,,3.439e-28,1.848e-43,1.740e-21,3.621e-19,4.135e-18,7.135e-20,9.337e+1,1.706e-22,6.697e-21,2.357e+1,5.977e-20,1.470e-1,2.258e+2,1.101e+0,7.641e-31,3.533e-21,1.093e-23,,,,,,,,,,,,7.475e-22,1.243e-1,,,,,,,,3.581e-19,,3.421e-19,2.741e-18,3.334e-20,3.701e-18
282.26,3.647e+2,1.664e-21,6.971e-11,1.545e-37,,4.153e-19,2.012e-51,3.705e-7,1.879e-18,,5.255e-17,2.958e+0,6.847e-30,4.913e-18,4.779e-23,6.430e-15,,3.441e-28,1.849e-43,1.741e-21,3.622e-19,2.240e-18,7.150e-20,8.572e+1,1.708e-22,6.638e-21,2.349e+1,5.966e-20,1.602e-1,2.511e+2,1.218e+0,7.511e-31,3.535e-21,1.094e-23,,,,,,,,,,,,7.461e-22,6.689e-2,,,,,,,,1.348e-18,,3.428e-19,2.734e-18,3.343e-20,3.701e-18
282.28,3.767e+2,1.659e-21,6.801e-11,7.609e-38,,5.857e-19,3.366e-51,2.171e-7,1.875e-18,,5.260e-17,2.162e+0,6.836e-30,4.917e-18,4.782e-23,4.919e-15,,3.442e-28,1.850e-43,1.742e-21,3.624e-19,1.475e-18,7.160e-20,8.264e+1,1.709e-22,6.600e-21,2.315e+1,5.959e-20,1.705e-1,2.672e+2,1.361e+0,7.424e-31,3.535e-21,1.095e-23,,,,,,,,,,,,7.452e-22,4.372e-2,,,,,,,,3.225e-18,,3.433e-19,2.730e-18,3.348e-20,3.702e-18
282.31,3.962e+2,1.651e-21,6.466e-11,2.582e-38,,9.638e-19,7.154e-51,9.572e-8,1.868e-18,,5.269e-17,1.326e+0,6.819e-30,4.924e-18,4.788e-23,3.247e-15,,3.443e-28,1.851e-43,1.743e-21,3.625e-19,7.797e-19,7.175e-20,8.139e+1,1.711e-22,6.541e-21,2.225e+1,5.948e-20,1.873e-1,2.894e+2,1.697e+0,7.295e-31,3.537e-21,1.096e-23,,,,,,,,,,,,7.438e-22,2.269e-2,,,,,,,,1.172e-17,,3.440e-19,2.723e-18,3.356e-20,3.702e-18
282.33,4.102e+2,1.645e-21,6.195e-11,1.241e-38,,1.327e-18,1.169e-50,5.479e-8,1.864e-18,,5.275e-17,9.463e-1,6.808e-30,4.929e-18,4.792e-23,2.448e-15,,3.444e-28,1.852e-43,1.743e-21,3.627e-19,5.080e-19,7.184e-20,8.301e+1,1.713e-22,6.503e-21,2.141e+1,5.940e-20,1.987e-1,3.026e+2,2.020e+0,7.208e-31,3.537e-21,1.097e-23,,,,,,,,,,,,7.429e-22,1.448e-2,,,,,,,,2.738e-17,,3.445e-19,2.719e-18,3.362e-20,3.702e-18
282.36,4.323e+2,1.637e-21,5.736e-11,4.060e-39,,2.107e-18,2.397e-50,2.331e-8,1.857e-18,,5.283e-17,5.600e-1,6.791e-30,4.936e-18,4.798e-23,1.611e-15,,3.446e-28,1.853e-43,1.744e-21,3.628e-19,2.683e-19,7.199e-20,8.950e+1,1.714e-22,6.444e-21,1.985e+1,5.930e-20,2.150e-1,3.195e+2,2.693e+0,7.078e-31,3.538e-21,1.099e-23,,,,,,,,,,,,7.415e-22,7.246e-3,,,,,,,,9.603e-17,,3.452e-19,2.712e-18,3.370e-20,3.702e-18
282.38,4.478e+2,1.631e-21,5.408e-11,1.905e-39,,2.834e-18,3.824e-50,1.303e-8,1.853e-18,,5.289e-17,3.900e-1,6.780e-30,4.940e-18,4.801e-23,1.245e-15,,3.447e-28,1.854e-43,1.745e-21,3.630e-19,1.774e-19,7.209e-20,9.673e+1,1.716e-22,6.406e-21,1.865e+1,5.922e-20,2.249e-1,3.285e+2,3.293e+0,6.992e-31,3.539e-21,1.100e-23,,,,,,,,,,,,7.406e-22,4.513e-3,,,,,,,,2.191e-16,,3.457e-19,2.708e-18,3.375e-20,3.702e-18
282.41,4.723e+2,1.623e-21,4.918e-11,6.010e-40,,4.341e-18,7.568e-50,5.349e-9,1.846e-18,,5.298e-17,2.226e-1,6.763e-30,4.947e-18,4.807e-23,9.202e-16,,3.449e-28,1.855e-43,1.746e-21,3.632e-19,9.938e-20,7.224e-20,1.123e+2,1.718e-22,6.347e-21,1.668e+1,5.911e-20,2.375e-1,3.384e+2,4.479e+0,6.862e-31,3.540e-21,1.101e-23,,,,,,,,,,,,7.392e-22,2.178e-3,,,,,,,,7.415e-16,,3.464e-19,2.701e-18,3.383e-20,3.702e-18
282.43,4.895e+2,1.618e-21,4.623e-11,2.752e-40,,5.699e-18,1.179e-49,2.920e-9,1.842e-18,,5.304e-17,1.513e-1,6.751e-30,4.952e-18,4.811e-23,8.305e-16,,3.450e-28,1.856e-43,1.746e-21,3.633e-19,7.055e-20,7.234e-20,1.259e+2,1.719e-22,6.309e-21,1.530e+1,5.904e-20,2.440e-1,3.424e+2,5.496e+0,6.775e-31,3.541e-21,1.102e-23,,,,,,,,,,,,7.383e-22,1.324e-3,,,,,,,,1.652e-15,,3.469e-19,2.697e-18,3.389e-20,3.702e-18
282.46,5.165e+2,1.609e-21,4.321e-11,8.371e-41,,8.423e-18,2.251e-49,1.157e-9,1.835e-18,,5.312e-17,8.329e-2,6.735e-30,4.958e-18,4.817e-23,8.674e-16,,3.451e-28,1.857e-43,1.747e-21,3.635e-19,4.623e-20,7.248e-20,1.513e+2,1.721e-22,6.250e-21,1.320e+1,5.893e-20,2.507e-1,3.442e+2,7.435e+0,6.646e-31,3.542e-21,1.103e-23,,,,,,,,,,,,7.369e-22,6.164e-4,,,,,,,,5.396e-15,,3.477e-19,2.690e-18,3.397e-20,3.702e-18
282.48,5.354e+2,1.604e-21,4.307e-11,3.741e-41,,1.080e-17,3.424e-49,6.168e-10,1.831e-18,,5.318e-17,5.528e-2,6.723e-30,4.963e-18,4.820e-23,1.007e-15,,3.452e-28,1.858e-43,1.748e-21,3.636e-19,3.734e-20,7.258e-20,1.716e+2,1.722e-22,6.212e-21,1.182e+1,5.886e-20,2.530e-1,3.426e+2,9.049e+0,6.559e-31,3.543e-21,1.104e-23,,,,,,,,,,,,7.359e-22,3.658e-4,,,,,,,,1.174e-14,,3.481e-19,2.686e-18,3.402e-20,3.702e-18
282.51,5.651e+2,1.596e-21,4.865e-11,1.097e-41,,1.540e-17,6.308e-49,2.358e-10,1.824e-18,,5.327e-17,2.935e-2,6.706e-30,4.970e-18,4.826e-23,1.410e-15,,3.454e-28,1.859e-43,1.748e-21,3.638e-19,2.980e-20,7.273e-20,2.068e+2,1.724e-22,6.153e-21,9.836e+0,5.875e-20,2.533e-1,3.362e+2,1.204e+1,6.429e-31,3.544e-21,1.105e-23,,,,,,,,,,,,7.346e-22,1.642e-4,,,,,,,,3.701e-14,,3.489e-19,2.679e-18,3.410e-20,3.702e-18
282.53,5.857e+2,1.590e-21,5.941e-11,4.787e-42,,1.927e-17,9.368e-49,1.228e-10,1.820e-18,,5.332e-17,1.901e-2,6.695e-30,4.975e-18,4.830e-23,1.830e-15,,3.455e-28,1.860e-43,1.749e-21,3.639e-19,2.695e-20,7.283e-20,2.331e+2,1.725e-22,6.115e-21,8.598e+0,5.868e-20,2.516e-1,3.293e+2,1.447e+1,6.343e-31,3.545e-21,1.106e-23,,,,,,,,,,,,7.336e-22,9.513e-5,,,,,,,,7.864e-14,,3.494e-19,2.675e-18,3.416e-20,3.702e-18
282.55,6.069e+2,1.585e-21,8.019e-11,2.068e-42,,2.389e-17,1.378e-48,6.330e-11,1.816e-18,,5.338e-17,1.220e-2,6.684e-30,4.979e-18,4.834e-23,2.399e-15,,3.456e-28,1.861e-43,1.750e-21,3.640e-19,2.506e-20,7.293e-20,2.614e+2,1.726e-22,6.076e-21,7.445e+0,5.861e-20,2.487e-1,3.204e+2,1.730e+1,6.256e-31,3.546e-21,1.107e-23,,,,,,,,,,,,7.327e-22,5.457e-5,,,,,,,,1.655e-13,,3.498e-19,2.670e-18,3.421e-20,3.703e-18
282.58,6.394e+2,1.576e-21,1.452e-10,5.765e-43,,3.240e-17,2.415e-48,2.302e-11,1.809e-18,,5.347e-17,6.156e-3,6.667e-30,4.986e-18,4.839e-23,3.597e-15,,3.457e-28,1.862e-43,1.751e-21,3.642e-19,2.327e-20,7.308e-20,3.069e+2,1.728e-22,6.018e-21,5.892e+0,5.850e-20,2.426e-1,3.040e+2,2.238e+1,6.127e-31,3.547e-21,1.109e-23,,,,,,,,,,,,7.313e-22,2.329e-5,,,,,,,,4.965e-13,,3.506e-19,2.664e-18,3.429e-20,3.703e-18
282.6,6.614e+2,1.571e-21,2.283e-10,2.431e-43,,3.922e-17,3.469e-48,1.159e-11,1.805e-18,,5.353e-17,3.855e-3,6.656e-30,4.991e-18,4.843e-23,4.682e-15,,3.458e-28,1.863e-43,1.751e-21,3.643e-19,2.246e-20,7.317e-20,3.385e+2,1.730e-22,5.979e-21,4.982e+0,5.842e-20,2.379e-1,2.913e+2,2.640e+1,6.040e-31,3.548e-21,1.110e-23,,,,,,,,,,,,7.304e-22,1.304e-5,,,,,,,,1.020e-12,,3.511e-19,2.659e-18,3.435e-20,3.703e-18
282.63,6.944e+2,1.563e-21,4.649e-10,6.534e-44,,5.132e-17,5.867e-48,4.067e-12,1.798e-18,,5.361e-17,1.877e-3,6.639e-30,4.997e-18,4.849e-23,6.850e-15,,3.460e-28,1.864e-43,1.752e-21,3.645e-19,2.155e-20,7.332e-20,3.867e+2,1.731e-22,5.921e-21,3.807e+0,5.832e-20,2.308e-1,2.702e+2,3.349e+1,5.910e-31,3.549e-21,1.111e-23,,,,,,,,,,,,7.290e-22,5.367e-6,,,,,,,,2.954e-12,,3.518e-19,2.653e-18,3.443e-20,3.703e-18
282.65,7.160e+2,1.557e-21,7.506e-10,2.689e-44,,6.066e-17,8.229e-48,2.000e-12,1.794e-18,,5.367e-17,1.147e-3,6.628e-30,5.002e-18,4.853e-23,8.731e-15,,3.461e-28,1.865e-43,1.753e-21,3.646e-19,2.105e-20,7.342e-20,4.184e+2,1.733e-22,5.882e-21,3.147e+0,5.824e-20,2.266e-1,2.552e+2,3.901e+1,5.824e-31,3.549e-21,1.112e-23,,,,,,,,,,,,7.281e-22,2.934e-6,,,,,,,,5.929e-12,,3.523e-19,2.648e-18,3.448e-20,3.703e-18
282.68,7.475e+2,1.549e-21,1.529e-9,6.970e-45,,7.657e-17,1.343e-47,6.770e-13,1.787e-18,,5.376e-17,5.386e-4,6.611e-30,5.009e-18,4.858e-23,1.235e-14,,3.462e-28,1.866e-43,1.754e-21,3.648e-19,2.040e-20,7.357e-20,4.640e+2,1.735e-22,5.824e-21,2.329e+0,5.813e-20,2.219e-1,2.324e+2,4.861e+1,5.694e-31,3.551e-21,1.113e-23,,,,,,,,,,,,7.267e-22,1.164e-6,,,,,,,,1.656e-11,,3.530e-19,2.642e-18,3.456e-20,3.703e-18
282.7,7.676e+2,1.543e-21,2.436e-9,2.800e-45,,8.837e-17,1.839e-47,3.249e-13,1.783e-18,,5.381e-17,3.214e-4,6.600e-30,5.013e-18,4.862e-23,1.538e-14,,3.464e-28,1.867e-43,1.754e-21,3.649e-19,1.999e-20,7.367e-20,4.921e+2,1.736e-22,5.785e-21,1.891e+0,5.806e-20,2.204e-1,2.174e+2,5.597e+1,5.607e-31,3.551e-21,1.114e-23,,,,,,,,,,,,7.258e-22,6.213e-7,,,,,,,,3.247e-11,,3.535e-19,2.637e-18,3.462e-20,3.703e-18
282.73,7.961e+2,1.535e-21,4.823e-9,6.998e-46,,1.076e-16,2.895e-47,1.061e-13,1.776e-18,,5.390e-17,1.455e-4,6.583e-30,5.020e-18,4.868e-23,2.100e-14,,3.465e-28,1.868e-43,1.755e-21,3.651e-19,1.937e-20,7.381e-20,5.297e+2,1.738e-22,5.727e-21,1.378e+0,5.795e-20,2.210e-1,1.962e+2,6.859e+1,5.478e-31,3.552e-21,1.115e-23,,,,,,,,,,,,7.244e-22,2.378e-7,,,,,,,,8.753e-11,,3.542e-19,2.631e-18,3.470e-20,3.703e-18
282.75,8.140e+2,1.529e-21,7.520e-9,2.743e-46,,1.213e-16,3.872e-47,4.974e-14,1.772e-18,,5.396e-17,8.479e-5,6.572e-30,5.025e-18,4.872e-23,2.553e-14,,3.466e-28,1.869e-43,1.756e-21,3.652e-19,1.892e-20,7.391e-20,5.510e+2,1.739e-22,5.688e-21,1.123e+0,5.788e-20,2.235e-1,1.835e+2,7.813e+1,5.391e-31,3.553e-21,1.116e-23,,,,,,,,,,,,7.235e-22,1.239e-7,,,,,,,,1.676e-10,,3.547e-19,2.626e-18,3.475e-20,3.703e-18
282.78,8.391e+2,1.521e-21,1.439e-8,6.612e-47,,1.425e-16,5.882e-47,1.567e-14,1.765e-18,,5.404e-17,3.703e-5,6.555e-30,5.032e-18,4.877e-23,3.363e-14,,3.468e-28,1.870e-43,1.756e-21,3.654e-19,1.818e-20,7.406e-20,5.764e+2,1.741e-22,5.630e-21,8.607e-1,5.777e-20,2.307e-1,1.674e+2,9.421e+1,5.261e-31,3.554e-21,1.118e-23,,,,,,,,,,,,7.221e-22,4.572e-8,,,,,,,,4.360e-10,,3.554e-19,2.620e-18,3.483e-20,3.703e-18
282.8,8.550e+2,1.516e-21,2.193e-8,7.066e-47,,1.568e-16,7.681e-47,7.173e-15,1.761e-18,,5.410e-17,2.106e-5,6.543e-30,5.036e-18,4.881e-23,3.994e-14,,3.469e-28,1.871e-43,1.757e-21,3.655e-19,1.763e-20,7.416e-20,5.888e+2,1.742e-22,5.591e-21,7.614e-1,5.770e-20,2.377e-1,1.591e+2,1.061e+2,5.175e-31,3.555e-21,1.119e-23,,,,,,,,,,,,7.212e-22,2.325e-8,,,,,,,,8.151e-10,,3.559e-19,2.615e-18,3.489e-20,3.703e-18
282.83,8.780e+2,1.507e-21,4.052e-8,7.748e-47,,1.777e-16,1.126e-46,2.184e-15,1.754e-18,,5.419e-17,8.868e-6,6.527e-30,5.043e-18,4.887e-23,5.076e-14,,3.470e-28,1.872e-43,1.758e-21,3.657e-19,1.669e-20,7.431e-20,6.002e+2,1.744e-22,5.533e-21,7.268e-1,5.759e-20,2.511e-1,1.509e+2,1.259e+2,5.045e-31,3.556e-21,1.120e-23,,,,,,,,,,,,7.198e-22,8.276e-9,,,,,,,,2.047e-9,,3.566e-19,2.609e-18,3.497e-20,3.704e-18
282.85,8.933e+2,1.502e-21,6.031e-8,8.202e-47,,1.909e-16,1.436e-46,9.831e-16,1.750e-18,,5.425e-17,4.923e-6,6.515e-30,5.048e-18,4.891e-23,5.886e-14,,3.471e-28,1.873e-43,1.759e-21,3.658e-19,1.599e-20,7.441e-20,6.033e+2,1.745e-22,5.494e-21,7.858e-1,5.752e-20,2.616e-1,1.487e+2,1.402e+2,4.958e-31,3.557e-21,1.121e-23,,,,,,,,,,,,7.189e-22,4.107e-9,,,,,,,,3.736e-9,,3.571e-19,2.604e-18,3.502e-20,3.704e-18
282.88,9.169e+2,1.494e-21,1.076e-7,8.884e-47,,2.088e-16,2.030e-46,3.183e-16,1.744e-18,,5.433e-17,2.000e-6,6.498e-30,5.055e-18,4.896e-23,7.217e-14,,3.473e-28,1.874e-43,1.759e-21,3.660e-19,1.482e-20,7.455e-20,6.018e+2,1.747e-22,5.436e-21,1.018e+0,5.741e-20,2.788e-1,1.505e+2,1.632e+2,4.829e-31,3.558e-21,1.122e-23,,,,,,,,,,,,7.175e-22,1.410e-9,,,,,,,,9.055e-9,,3.578e-19,2.598e-18,3.510e-20,3.704e-18
282.9,9.335e+2,1.488e-21,1.564e-7,9.338e-47,,2.190e-16,2.528e-46,2.003e-16,1.739e-18,,5.439e-17,1.084e-6,6.487e-30,5.059e-18,4.900e-23,8.171e-14,,3.474e-28,1.875e-43,1.760e-21,3.661e-19,1.398e-20,7.465e-20,5.972e+2,1.748e-22,5.397e-21,1.290e+0,5.734e-20,2.907e-1,1.553e+2,1.795e+2,4.742e-31,3.559e-21,1.123e-23,,,,,,,,,,,,7.165e-22,6.831e-10,,,,,,,,1.614e-8,,3.583e-19,2.593e-18,3.516e-20,3.704e-18
282.92,9.513e+2,1.483e-21,2.253e-7,9.793e-47,,2.276e-16,3.118e-46,2.277e-16,1.735e-18,,5.445e-17,5.816e-7,6.476e-30,5.064e-18,4.904e-23,9.162e-14,,3.475e-28,1.876e-43,1.761e-21,3.662e-19,1.309e-20,7.475e-20,5.903e+2,1.750e-22,5.358e-21,1.677e+0,5.726e-20,3.024e-1,1.628e+2,1.963e+2,4.656e-31,3.560e-21,1.124e-23,,,,,,,,,,,,7.156e-22,3.278e-10,,,,,,,,2.851e-8,,3.588e-19,2.589e-18,3.521e-20,3.704e-18
282.95,9.805e+2,1.474e-21,3.827e-7,1.047e-46,,2.367e-16,4.195e-46,6.093e-16,1.728e-18,,5.453e-17,2.246e-7,6.459e-30,5.071e-18,4.910e-23,1.069e-13,,3.476e-28,1.877e-43,1.762e-21,3.664e-19,1.169e-20,7.490e-20,5.765e+2,1.752e-22,5.300e-21,2.532e+0,5.716e-20,3.187e-1,1.790e+2,2.221e+2,4.526e-31,3.561e-21,1.125e-23,,,,,,,,,,,,7.142e-22,1.070e-10,,,,,,,,6.574e-8,,3.595e-19,2.582e-18,3.529e-20,3.704e-18
282.97,1.002e+3,1.469e-21,5.384e-7,1.093e-46,,2.401e-16,5.051e-46,1.339e-15,1.724e-18,,5.459e-17,1.177e-7,6.448e-30,5.075e-18,4.914e-23,1.170e-13,,3.477e-28,1.878e-43,1.762e-21,3.665e-19,1.074e-20,7.500e-20,5.659e+2,1.753e-22,5.261e-21,3.334e+0,5.708e-20,3.281e-1,1.929e+2,2.394e+2,4.439e-31,3.562e-21,1.126e-23,,,,,,,,,,,,7.133e-22,5.009e-11,,,,,,,,1.134e-7,,3.600e-19,2.578e-18,3.535e-20,3.704e-18
283,1.036e+3,1.461e-21,8.830e-7,1.161e-46,,2.410e-16,6.557e-46,4.399e-15,1.717e-18,,5.468e-17,4.382e-8,6.431e-30,5.082e-18,4.919e-23,1.317e-13,,3.479e-28,1.879e-43,1.763e-21,3.667e-19,9.310e-21,7.514e-20,5.488e+2,1.755e-22,5.203e-21,4.989e+0,5.697e-20,3.388e-1,2.175e+2,2.648e+2,4.310e-31,3.563e-21,1.128e-23,,,,,,,,,,,,7.119e-22,1.577e-11,,,,,,,,2.523e-7,,3.607e-19,2.571e-18,3.543e-20,3.704e-18
283.02,1.061e+3,1.455e-21,1.214e-6,1.206e-46,,2.387e-16,7.710e-46,9.632e-15,1.713e-18,,5.474e-17,2.241e-8,6.420e-30,5.087e-18,4.923e-23,1.408e-13,,3.480e-28,1.880e-43,1.764e-21,3.668e-19,8.375e-21,7.524e-20,5.372e+2,1.756e-22,5.164e-21,6.468e+0,5.690e-20,3.433e-1,2.359e+2,2.809e+2,4.223e-31,3.564e-21,1.129e-23,,,,,,,,,,,,7.110e-22,7.208e-12,,,,,,,,4.250e-7,,3.612e-19,2.567e-18,3.548e-20,3.704e-18
283.05,1.099e+3,1.447e-21,1.922e-6,1.275e-46,,2.312e-16,9.657e-46,3.068e-14,1.706e-18,,5.482e-17,8.050e-9,6.403e-30,5.094e-18,4.929e-23,1.529e-13,,3.482e-28,1.881e-43,1.764e-21,3.670e-19,7.031e-21,7.539e-20,5.204e+2,1.758e-22,5.106e-21,9.394e+0,5.679e-20,3.453e-1,2.653e+2,3.032e+2,4.093e-31,3.565e-21,1.130e-23,,,,,,,,,,,,7.096e-22,2.188e-12,,,,,,,,9.126e-7,,3.620e-19,2.560e-18,3.556e-20,3.704e-18
283.07,1.124e+3,1.441e-21,2.580e-6,1.320e-46,,2.236e-16,1.109e-45,6.562e-14,1.702e-18,,5.488e-17,4.019e-9,6.392e-30,5.098e-18,4.933e-23,1.596e-13,,3.483e-28,1.882e-43,1.765e-21,3.671e-19,6.187e-21,7.549e-20,5.098e+2,1.759e-22,5.067e-21,1.191e+1,5.672e-20,3.433e-1,2.853e+2,3.165e+2,4.007e-31,3.565e-21,1.131e-23,,,,,,,,,,,,7.087e-22,9.763e-13,,,,,,,,1.501e-6,,3.624e-19,2.556e-18,3.562e-20,3.704e-18
283.1,1.160e+3,1.433e-21,3.945e-6,1.388e-46,,2.090e-16,1.340e-45,2.018e-13,1.696e-18,,5.497e-17,1.392e-9,6.375e-30,5.105e-18,4.938e-23,1.672e-13,,3.484e-28,1.883e-43,1.766e-21,3.673e-19,5.023e-21,7.564e-20,4.948e+2,1.761e-22,5.009e-21,1.671e+1,5.661e-20,3.352e-1,3.146e+2,3.334e+2,3.877e-31,3.567e-21,1.132e-23,,,,,,,,,,,,7.073e-22,2.858e-13,,,,,,,,3.111e-6,,3.632e-19,2.550e-18,3.570e-20,3.704e-18
283.12,1.182e+3,1.428e-21,5.175e-6,1.434e-46,,1.975e-16,1.502e-45,4.216e-13,1.691e-18,,5.503e-17,6.785e-10,6.363e-30,5.110e-18,4.942e-23,1.704e-13,,3.485e-28,1.884e-43,1.767e-21,3.674e-19,4.321e-21,7.573e-20,4.855e+2,1.762e-22,4.970e-21,2.070e+1,5.654e-20,3.264e-1,3.329e+2,3.424e+2,3.790e-31,3.567e-21,1.133e-23,,,,,,,,,,,,7.064e-22,1.245e-13,,,,,,,,4.997e-6,,3.637e-19,2.545e-18,3.575e-20,3.705e-18
283.15,1.210e+3,1.419e-21,7.641e-6,1.502e-46,,1.783e-16,1.752e-45,1.251e-12,1.685e-18,,5.511e-17,2.267e-10,6.347e-30,5.116e-18,4.948e-23,1.723e-13,,3.487e-28,1.885e-43,1.767e-21,3.676e-19,3.389e-21,7.588e-20,4.721e+2,1.764e-22,4.912e-21,2.804e+1,5.643e-20,3.086e-1,3.569e+2,3.522e+2,3.661e-31,3.568e-21,1.134e-23,,,,,,,,,,,,7.050e-22,3.514e-14,,,,,,,,9.995e-6,,3.644e-19,2.539e-18,3.583e-20,3.705e-18
283.17,1.224e+3,1.414e-21,9.793e-6,1.547e-46,,1.647e-16,1.918e-45,2.554e-12,1.680e-18,,5.517e-17,1.078e-10,6.335e-30,5.121e-18,4.952e-23,1.715e-13,,3.488e-28,1.886e-43,1.768e-21,3.678e-19,2.849e-21,7.598e-20,4.633e+2,1.765e-22,4.873e-21,3.392e+1,5.636e-20,2.941e-1,3.701e+2,3.563e+2,3.574e-31,3.569e-21,1.135e-23,,,,,,,,,,,,7.041e-22,1.494e-14,,,,,,,,1.568e-5,,3.649e-19,2.534e-18,3.589e-20,3.705e-18
283.2,1.238e+3,1.406e-21,1.396e-5,1.615e-46,,1.441e-16,2.158e-45,7.317e-12,1.674e-18,,5.526e-17,3.475e-11,6.318e-30,5.128e-18,4.957e-23,1.673e-13,,3.489e-28,1.887e-43,1.769e-21,3.679e-19,2.158e-21,7.613e-20,4.497e+2,1.767e-22,4.815e-21,4.433e+1,5.625e-20,2.690e-1,3.843e+2,3.589e+2,3.444e-31,3.570e-21,1.137e-23,,,,,,,,,,,,7.027e-22,4.068e-15,,,,,,,,3.027e-5,,3.656e-19,2.528e-18,3.597e-20,3.705e-18
283.22,1.241e+3,1.400e-21,1.749e-5,1.661e-46,,1.307e-16,2.307e-45,1.459e-11,1.669e-18,,5.531e-17,1.614e-11,6.307e-30,5.132e-18,4.961e-23,1.626e-13,,3.490e-28,1.888e-43,1.770e-21,3.681e-19,1.772e-21,7.623e-20,4.400e+2,1.769e-22,4.776e-21,5.236e+1,5.618e-20,2.506e-1,3.899e+2,3.584e+2,3.358e-31,3.571e-21,1.138e-23,,,,,,,,,,,,7.018e-22,1.688e-15,,,,,,,,4.637e-5,,3.661e-19,2.523e-18,3.602e-20,3.705e-18
283.25,1.237e+3,1.392e-21,2.408e-5,1.729e-46,,1.122e-16,2.505e-45,4.035e-11,1.663e-18,,5.540e-17,5.016e-12,6.290e-30,5.139e-18,4.967e-23,1.532e-13,,3.492e-28,1.889e-43,1.770e-21,3.682e-19,1.296e-21,7.637e-20,4.242e+2,1.770e-22,4.718e-21,6.604e+1,5.607e-20,2.215e-1,3.917e+2,3.549e+2,3.228e-31,3.572e-21,1.139e-23,,,,,,,,,,,,7.004e-22,4.434e-16,,,,,,,,8.638e-5,,3.668e-19,2.517e-18,3.610e-20,3.705e-18
283.27,1.229e+3,1.386e-21,2.946e-5,1.774e-46,,1.014e-16,2.614e-45,7.857e-11,1.658e-18,,5.546e-17,2.274e-12,6.279e-30,5.144e-18,4.971e-23,1.455e-13,,3.493e-28,1.890e-43,1.771e-21,3.684e-19,1.039e-21,7.647e-20,4.125e+2,1.772e-22,4.679e-21,7.618e+1,5.600e-20,2.017e-1,3.886e+2,3.511e+2,3.141e-31,3.573e-21,1.140e-23,,,,,,,,,,,,6.995e-22,1.796e-16,,,,,,,,1.292e-4,,3.673e-19,2.512e-18,3.616e-20,3.705e-18
283.29,1.216e+3,1.381e-21,3.572e-5,1.820e-46,,9.245e-17,2.703e-45,1.516e-10,1.654e-18,,5.552e-17,1.021e-12,6.268e-30,5.148e-18,4.974e-23,1.369e-13,,3.494e-28,1.891e-43,1.772e-21,3.685e-19,8.258e-22,7.657e-20,4.000e+2,1.773e-22,4.640e-21,8.705e+1,5.592e-20,1.820e-1,3.822e+2,3.463e+2,3.055e-31,3.574e-21,1.141e-23,,,,,,,,,,,,6.985e-22,7.207e-17,,,,,,,,1.915e-4,,3.678e-19,2.508e-18,3.621e-20,3.705e-18
283.32,1.189e+3,1.372e-21,4.685e-5,1.888e-46,,8.373e-17,2.791e-45,3.991e-10,1.648e-18,,5.560e-17,3.016e-13,6.251e-30,5.155e-18,4.980e-23,1.229e-13,,3.495e-28,1.892e-43,1.772e-21,3.687e-19,5.746e-22,7.672e-20,3.793e+2,1.775e-22,4.582e-21,1.045e+2,5.581e-20,1.533e-1,3.669e+2,3.381e+2,2.925e-31,3.575e-21,1.142e-23,,,,,,,,,,,,6.971e-22,1.799e-17,,,,,,,,3.394e-4,,3.685e-19,2.501e-18,3.629e-20,3.705e-18
283.34,1.167e+3,1.367e-21,5.549e-5,1.933e-46,,8.211e-17,2.818e-45,7.522e-10,1.643e-18,,5.566e-17,1.322e-13,6.240e-30,5.160e-18,4.984e-23,1.132e-13,,3.496e-28,1.893e-43,1.773e-21,3.688e-19,4.459e-22,7.682e-20,3.644e+2,1.776e-22,4.543e-21,1.166e+2,5.574e-20,1.352e-1,3.534e+2,3.322e+2,2.839e-31,3.576e-21,1.143e-23,,,,,,,,,,,,6.962e-22,7.045e-18,,,,,,,,4.913e-4,,3.690e-19,2.497e-18,3.635e-20,3.705e-18
283.37,1.129e+3,1.359e-21,7.032e-5,2.002e-46,,8.852e-17,2.808e-45,1.912e-9,1.637e-18,,5.575e-17,3.766e-14,6.223e-30,5.167e-18,4.990e-23,9.857e-14,,3.498e-28,1.894e-43,1.774e-21,3.690e-19,2.998e-22,7.697e-20,3.408e+2,1.778e-22,4.485e-21,1.350e+2,5.563e-20,1.101e-1,3.292e+2,3.235e+2,2.709e-31,3.577e-21,1.144e-23,,,,,,,,,,,,6.948e-22,1.696e-18,,,,,,,,8.403e-4,,3.697e-19,2.490e-18,3.643e-20,3.705e-18
283.39,1.101e+3,1.353e-21,8.139e-5,2.047e-46,,1.007e-16,2.768e-45,3.520e-9,1.632e-18,,5.580e-17,1.611e-14,6.212e-30,5.171e-18,4.993e-23,8.912e-14,,3.499e-28,1.895e-43,1.775e-21,3.691e-19,2.276e-22,7.706e-20,3.244e+2,1.779e-22,4.446e-21,1.471e+2,5.556e-20,9.488e-2,3.112e+2,3.179e+2,2.622e-31,3.578e-21,1.145e-23,,,,,,,,,,,,6.939e-22,1.691e-18,,,,,,,,1.188e-3,,3.702e-19,2.486e-18,3.648e-20,3.706e-18
283.42,1.057e+3,1.345e-21,9.962e-5,2.115e-46,,1.359e-16,2.662e-45,8.641e-9,1.626e-18,,5.589e-17,4.428e-15,6.195e-30,5.178e-18,4.999e-23,7.587e-14,,3.501e-28,1.896e-43,1.775e-21,3.693e-19,1.487e-22,7.721e-20,2.995e+2,1.781e-22,4.388e-21,1.644e+2,5.545e-20,7.472e-2,2.827e+2,3.102e+2,2.493e-31,3.579e-21,1.147e-23,,,,,,,,,,,,6.925e-22,1.683e-18,,,,,,,,1.961e-3,,3.709e-19,2.479e-18,3.656e-20,3.706e-18
283.44,1.027e+3,1.339e-21,1.127e-4,2.161e-46,,1.746e-16,2.562e-45,1.554e-8,1.621e-18,,5.595e-17,1.849e-15,6.184e-30,5.183e-18,5.003e-23,6.790e-14,,3.502e-28,1.897e-43,1.776e-21,3.694e-19,1.116e-22,7.731e-20,2.830e+2,1.782e-22,4.349e-21,1.750e+2,5.538e-20,6.308e-2,2.635e+2,3.057e+2,2.406e-31,3.579e-21,1.148e-23,,,,,,,,,,,,6.916e-22,1.678e-18,,,,,,,,2.706e-3,,3.714e-19,2.475e-18,3.662e-20,3.706e-18
283.47,9.831e+2,1.331e-21,1.333e-4,2.229e-46,,2.651e-16,2.377e-45,3.683e-8,1.615e-18,,5.603e-17,4.902e-16,6.167e-30,5.190e-18,5.009e-23,5.756e-14,,3.503e-28,1.898e-43,1.777e-21,3.696e-19,7.340e-23,7.746e-20,2.589e+2,1.784e-22,4.291e-21,1.888e+2,5.527e-20,4.827e-2,2.355e+2,2.998e+2,2.276e-31,3.581e-21,1.149e-23,,,,,,,,,,,,6.902e-22,1.670e-18,,,,,,,,4.311e-3,,3.721e-19,2.468e-18,3.670e-20,3.706e-18
283.49,9.546e+2,1.326e-21,1.473e-4,2.274e-46,,3.544e-16,2.234e-45,6.472e-8,1.610e-18,,5.609e-17,1.998e-16,6.155e-30,5.194e-18,5.012e-23,5.191e-14,,3.504e-28,1.899e-43,1.778e-21,3.697e-19,5.728e-23,7.756e-20,2.437e+2,1.786e-22,4.252e-21,1.964e+2,5.520e-20,4.011e-2,2.180e+2,2.965e+2,2.190e-31,3.581e-21,1.150e-23,,,,,,,,,,,,6.893e-22,1.665e-18,,,,,,,,5.812e-3,,3.726e-19,2.464e-18,3.675e-20,3.706e-18
283.52,9.138e+2,1.317e-21,1.683e-4,2.342e-46,,5.491e-16,2.000e-45,1.481e-7,1.604e-18,,5.618e-17,5.108e-17,6.139e-30,5.201e-18,5.018e-23,4.544e-14,,3.506e-28,1.900e-43,1.778e-21,3.699e-19,4.435e-23,7.770e-20,2.225e+2,1.788e-22,4.194e-21,2.046e+2,5.509e-20,3.024e-2,1.943e+2,2.924e+2,2.060e-31,3.583e-21,1.151e-23,,,,,,,,,,,,6.879e-22,1.657e-18,,,,,,,,8.935e-3,,3.733e-19,2.457e-18,3.683e-20,3.706e-18
283.54,8.883e+2,1.312e-21,1.818e-4,2.388e-46,,7.320e-16,1.835e-45,2.543e-7,1.599e-18,,5.624e-17,2.033e-17,6.127e-30,5.206e-18,5.022e-23,4.254e-14,,3.507e-28,1.901e-43,1.779e-21,3.700e-19,4.240e-23,7.780e-20,2.098e+2,1.789e-22,4.155e-21,2.079e+2,5.502e-20,2.510e-2,1.805e+2,2.902e+2,1.973e-31,3.583e-21,1.152e-23,,,,,,,,,,,,6.870e-22,1.652e-18,,,,,,,,1.176e-2,,3.738e-19,2.453e-18,3.689e-20,3.706e-18
283.57,8.532e+2,1.304e-21,2.007e-4,2.456e-46,,1.114e-15,1.585e-45,5.622e-7,1.593e-18,,5.632e-17,5.012e-18,6.110e-30,5.213e-18,5.028e-23,4.031e-14,,3.508e-28,1.902e-43,1.780e-21,3.702e-19,4.936e-23,7.795e-20,1.930e+2,1.791e-22,4.097e-21,2.093e+2,5.491e-20,1.934e-2,1.632e+2,2.876e+2,1.844e-31,3.584e-21,1.153e-23,,,,,,,,,,,,6.856e-22,1.644e-18,,,,,,,,1.745e-2,,3.746e-19,2.446e-18,3.697e-20,3.706e-18
283.59,8.320e+2,1.298e-21,2.120e-4,2.501e-46,,1.460e-15,1.421e-45,9.431e-7,1.589e-18,,5.638e-17,1.947e-18,6.099e-30,5.217e-18,5.031e-23,4.023e-14,,3.509e-28,1.903e-43,1.781e-21,3.703e-19,6.135e-23,7.805e-20,1.836e+2,1.792e-22,4.058e-21,2.079e+2,5.484e-20,1.664e-2,1.539e+2,2.865e+2,1.757e-31,3.585e-21,1.154e-23,,,,,,,,,,,,6.847e-22,1.639e-18,,,,,,,,2.244e-2,,3.750e-19,2.442e-18,3.702e-20,3.706e-18
283.62,8.040e+2,1.290e-21,2.261e-4,2.570e-46,,2.157e-15,1.184e-45,2.014e-6,1.582e-18,,5.647e-17,4.630e-19,6.082e-30,5.224e-18,5.037e-23,4.213e-14,,3.511e-28,1.904e-43,1.781e-21,3.705e-19,9.312e-23,7.820e-20,1.724e+2,1.794e-22,4.000e-21,2.025e+2,5.473e-20,1.408e-2,1.433e+2,2.858e+2,1.627e-31,3.586e-21,1.156e-23,,,,,,,,,,,,6.833e-22,1.632e-18,,,,,,,,3.213e-2,,3.758e-19,2.435e-18,3.710e-20,3.706e-18
283.64,7.881e+2,1.284e-21,2.333e-4,2.615e-46,,2.769e-15,1.036e-45,3.301e-6,1.578e-18,,5.652e-17,4.623e-19,6.071e-30,5.229e-18,5.041e-23,4.465e-14,,3.512e-28,1.905e-43,1.782e-21,3.706e-19,1.261e-22,7.829e-20,1.669e+2,1.795e-22,3.961e-21,1.968e+2,5.465e-20,1.324e-2,1.382e+2,2.861e+2,1.541e-31,3.587e-21,1.157e-23,,,,,,,,,,,,6.824e-22,1.626e-18,,,,,,,,4.034e-2,,3.763e-19,2.431e-18,3.716e-20,3.706e-18
283.67,7.687e+2,1.276e-21,2.405e-4,2.683e-46,,3.960e-15,8.331e-46,6.809e-6,1.571e-18,,5.661e-17,4.613e-19,6.054e-30,5.235e-18,5.047e-23,5.012e-14,,3.513e-28,1.906e-43,1.783e-21,3.708e-19,2.000e-22,7.844e-20,1.619e+2,1.797e-22,3.903e-21,1.857e+2,5.455e-20,1.308e-2,1.330e+2,2.881e+2,1.411e-31,3.588e-21,1.158e-23,,,,,,,,,,,,6.810e-22,1.619e-18,,,,,,,,5.574e-2,,3.770e-19,2.424e-18,3.724e-20,3.707e-18
283.69,7.591e+2,1.271e-21,2.427e-4,2.729e-46,,4.972e-15,7.119e-46,1.091e-5,1.567e-18,,5.667e-17,4.607e-19,6.043e-30,5.240e-18,5.050e-23,5.474e-14,,3.514e-28,1.907e-43,1.783e-21,3.709e-19,2.706e-22,7.854e-20,1.608e+2,1.798e-22,3.864e-21,1.769e+2,5.447e-20,1.362e-2,1.309e+2,2.905e+2,1.324e-31,3.589e-21,1.159e-23,,,,,,,,,,,,6.801e-22,1.614e-18,,,,,,,,6.834e-2,,3.775e-19,2.420e-18,3.729e-20,3.707e-18
283.71,7.523e+2,1.265e-21,2.426e-4,2.774e-46,,6.186e-15,6.025e-46,1.732e-5,1.562e-18,,5.673e-17,4.600e-19,6.032e-30,5.245e-18,5.054e-23,6.000e-14,,3.515e-28,1.908e-43,1.784e-21,3.710e-19,3.636e-22,7.864e-20,1.616e+2,1.799e-22,3.826e-21,1.672e+2,5.440e-20,1.461e-2,1.295e+2,2.939e+2,1.238e-31,3.590e-21,1.160e-23,,,,,,,,,,,,6.791e-22,1.609e-18,,,,,,,,8.300e-2,,3.780e-19,2.415e-18,3.735e-20,3.707e-18
283.74,7.480e+2,1.257e-21,2.384e-4,2.842e-46,,8.439e-15,4.608e-46,3.404e-5,1.556e-18,,5.681e-17,4.590e-19,6.015e-30,5.251e-18,5.060e-23,6.880e-14,,3.517e-28,1.909e-43,1.785e-21,3.712e-19,5.581e-22,7.879e-20,1.664e+2,1.801e-22,3.767e-21,1.517e+2,5.429e-20,1.679e-2,1.285e+2,3.013e+2,1.108e-31,3.591e-21,1.161e-23,,,,,,,,,,,,6.777e-22,1.601e-18,,,,,,,,1.091e-1,,3.787e-19,2.409e-18,3.743e-20,3.707e-18
283.76,7.491e+2,1.251e-21,2.329e-4,2.888e-46,,1.026e-14,3.809e-46,5.282e-5,1.551e-18,,5.687e-17,4.583e-19,6.004e-30,5.256e-18,5.064e-23,7.505e-14,,3.518e-28,1.910e-43,1.786e-21,3.713e-19,7.346e-22,7.889e-20,1.722e+2,1.803e-22,3.729e-21,1.411e+2,5.422e-20,1.864e-2,1.281e+2,3.076e+2,1.022e-31,3.592e-21,1.162e-23,,,,,,,,,,,,6.768e-22,1.596e-18,,,,,,,,1.294e-1,,3.792e-19,2.404e-18,3.748e-20,3.707e-18
283.79,7.573e+2,1.243e-21,2.212e-4,2.956e-46,,1.353e-14,2.811e-46,1.004e-4,1.545e-18,,5.696e-17,4.573e-19,5.987e-30,5.263e-18,5.069e-23,8.459e-14,,3.520e-28,1.911e-43,1.786e-21,3.715e-19,1.091e-21,7.903e-20,1.848e+2,1.805e-22,3.670e-21,1.254e+2,5.411e-20,2.188e-2,1.277e+2,3.193e+2,8.918e-32,3.593e-21,1.163e-23,,,,,,,,,,,,6.754e-22,1.588e-18,,,,,,,,1.643e-1,,3.799e-19,2.398e-18,3.756e-20,3.707e-18
283.81,7.671e+2,1.238e-21,2.113e-4,3.001e-46,,1.608e-14,2.268e-46,1.523e-4,1.541e-18,,5.701e-17,4.566e-19,5.976e-30,5.267e-18,5.073e-23,9.082e-14,,3.521e-28,1.912e-43,1.787e-21,3.716e-19,1.405e-21,7.913e-20,1.959e+2,1.806e-22,3.632e-21,1.153e+2,5.404e-20,2.428e-2,1.273e+2,3.283e+2,8.053e-32,3.594e-21,1.164e-23,,,,,,,,,,,,6.745e-22,1.583e-18,,,,,,,,1.902e-1,,3.804e-19,2.394e-18,3.762e-20,3.707e-18
283.84,7.882e+2,1.229e-21,1.940e-4,3.069e-46,,2.048e-14,1.615e-46,2.797e-4,1.534e-18,,5.710e-17,4.556e-19,5.959e-30,5.274e-18,5.079e-23,9.952e-14,,3.522e-28,1.913e-43,1.788e-21,3.718e-19,2.018e-21,7.928e-20,2.166e+2,1.808e-22,3.573e-21,1.014e+2,5.393e-20,2.809e-2,1.266e+2,3.433e+2,6.755e-32,3.595e-21,1.166e-23,,,,,,,,,,,,6.731e-22,1.575e-18,,,,,,,,2.330e-1,,3.811e-19,2.387e-18,3.770e-20,3.707e-18
283.86,8.063e+2,1.224e-21,1.812e-4,3.115e-46,,2.378e-14,1.273e-46,4.149e-4,1.530e-18,,5.716e-17,4.550e-19,5.947e-30,5.279e-18,5.083e-23,1.046e-13,,3.523e-28,1.914e-43,1.789e-21,3.719e-19,2.542e-21,7.938e-20,2.330e+2,1.809e-22,3.535e-21,9.300e+1,5.386e-20,3.070e-2,1.260e+2,3.539e+2,5.890e-32,3.595e-21,1.167e-23,,,,,,,,,,,,6.722e-22,1.570e-18,,,,,,,,2.635e-1,,3.816e-19,2.383e-18,3.775e-20,3.707e-18
283.89,8.387e+2,1.215e-21,1.607e-4,3.183e-46,,2.925e-14,8.746e-47,7.371e-4,1.523e-18,,5.725e-17,4.540e-19,5.931e-30,5.286e-18,5.088e-23,1.110e-13,,3.525e-28,1.915e-43,1.789e-21,3.721e-19,3.533e-21,7.953e-20,2.613e+2,1.811e-22,3.476e-21,8.206e+1,5.375e-20,3.458e-2,1.253e+2,3.697e+2,4.592e-32,3.597e-21,1.168e-23,,,,,,,,,,,,6.708e-22,1.562e-18,,,,,,,,3.115e-1,,3.823e-19,2.376e-18,3.783e-20,3.707e-18
283.91,8.634e+2,1.210e-21,1.467e-4,3.228e-46,,3.319e-14,6.730e-47,1.069e-3,1.519e-18,,5.730e-17,4.533e-19,5.919e-30,5.290e-18,5.092e-23,1.141e-13,,3.526e-28,1.916e-43,1.790e-21,3.722e-19,4.353e-21,7.962e-20,2.823e+2,1.812e-22,3.438e-21,7.593e+1,5.368e-20,3.707e-2,1.251e+2,3.797e+2,1.514e-31,3.597e-21,1.169e-23,,,,,,,,,,,,6.699e-22,1.557e-18,,,,,,,,3.441e-1,,3.828e-19,2.372e-18,3.789e-20,3.707e-18
283.94,9.037e+2,1.202e-21,1.258e-4,3.297e-46,,3.942e-14,4.462e-47,1.838e-3,1.512e-18,,5.739e-17,4.523e-19,5.902e-30,5.297e-18,5.098e-23,1.169e-13,,3.527e-28,1.918e-43,1.791e-21,3.724e-19,5.858e-21,7.977e-20,3.163e+2,1.814e-22,3.379e-21,6.850e+1,5.357e-20,4.056e-2,1.258e+2,3.927e+2,7.294e-31,3.598e-21,1.170e-23,,,,,,,,,,,,6.685e-22,1.549e-18,,,,,,,,3.924e-1,,3.835e-19,2.365e-18,3.797e-20,3.708e-18
283.96,9.321e+2,1.196e-21,1.123e-4,3.342e-46,,4.369e-14,3.352e-47,2.609e-3,1.508e-18,,5.745e-17,4.516e-19,5.891e-30,5.302e-18,5.102e-23,1.174e-13,,3.528e-28,1.918e-43,1.791e-21,3.725e-19,7.064e-21,7.987e-20,3.403e+2,1.815e-22,3.341e-21,6.470e+1,5.349e-20,4.267e-2,1.272e+2,3.995e+2,1.843e-30,3.599e-21,1.171e-23,,,,,,,,,,,,6.676e-22,1.544e-18,,,,,,,,4.233e-1,,3.840e-19,2.361e-18,3.802e-20,3.708e-18
283.99,9.754e+2,1.188e-21,9.311e-5,3.410e-46,,5.010e-14,2.144e-47,4.342e-3,1.501e-18,,5.753e-17,4.506e-19,5.874e-30,5.309e-18,5.107e-23,1.161e-13,,3.530e-28,1.920e-43,1.792e-21,3.727e-19,9.206e-21,8.002e-20,3.769e+2,1.817e-22,3.282e-21,6.061e+1,5.339e-20,4.545e-2,1.313e+2,4.061e+2,7.272e-30,3.600e-21,1.172e-23,,,,,,,,,,,,6.662e-22,1.537e-18,,,,,,,,4.660e-1,,3.847e-19,2.354e-18,3.810e-20,3.708e-18
284.01,1.004e+3,1.182e-21,8.124e-5,3.456e-46,,5.425e-14,1.573e-47,6.033e-3,1.497e-18,,5.759e-17,4.500e-19,5.863e-30,5.313e-18,5.111e-23,1.140e-13,,3.531e-28,1.920e-43,1.793e-21,3.728e-19,1.087e-20,8.012e-20,4.011e+2,1.818e-22,3.244e-21,5.886e+1,5.331e-20,4.704e-2,1.358e+2,4.076e+2,1.795e-29,3.601e-21,1.173e-23,,,,,,,,,,,,6.653e-22,1.532e-18,,,,,,,,4.909e-1,,3.852e-19,2.350e-18,3.816e-20,3.708e-18
284.04,1.044e+3,1.174e-21,6.510e-5,3.524e-46,,6.007e-14,9.711e-48,9.727e-3,1.490e-18,,5.768e-17,4.490e-19,5.846e-30,5.320e-18,5.117e-23,1.088e-13,,3.532e-28,1.922e-43,1.794e-21,3.730e-19,1.373e-20,8.026e-20,4.358e+2,1.820e-22,3.185e-21,5.751e+1,5.320e-20,4.908e-2,1.456e+2,4.050e+2,6.840e-29,3.602e-21,1.175e-23,,,,,,,,,,,,6.639e-22,1.524e-18,,,,,,,,5.215e-1,,3.860e-19,2.343e-18,3.824e-20,3.708e-18
284.06,1.069e+3,1.169e-21,5.553e-5,3.569e-46,,6.353e-14,6.957e-48,1.324e-2,1.486e-18,,5.774e-17,4.483e-19,5.835e-30,5.325e-18,5.121e-23,1.042e-13,,3.533e-28,1.922e-43,1.794e-21,3.731e-19,1.588e-20,8.036e-20,4.570e+2,1.822e-22,3.147e-21,5.732e+1,5.313e-20,5.027e-2,1.544e+2,3.999e+2,1.649e-28,3.603e-21,1.176e-23,,,,,,,,,,,,6.630e-22,1.519e-18,,,,,,,,5.366e-1,,3.864e-19,2.339e-18,3.829e-20,3.708e-18
284.08,1.091e+3,1.163e-21,4.694e-5,3.615e-46,,6.657e-14,4.936e-48,1.787e-2,1.482e-18,,5.779e-17,4.476e-19,5.824e-30,5.329e-18,5.124e-23,9.893e-14,,3.534e-28,1.923e-43,1.795e-21,3.733e-19,1.821e-20,8.046e-20,4.761e+2,1.823e-22,3.108e-21,5.760e+1,5.306e-20,5.138e-2,1.651e+2,3.921e+2,3.940e-28,3.604e-21,1.177e-23,,,,,,,,,,,,6.620e-22,1.514e-18,,,,,,,,5.468e-1,,3.869e-19,2.334e-18,3.835e-20,3.708e-18
284.11,1.119e+3,1.155e-21,3.587e-5,3.683e-46,,7.015e-14,2.898e-48,2.763e-2,1.475e-18,,5.788e-17,4.466e-19,5.807e-30,5.336e-18,5.130e-23,8.987e-14,,3.536e-28,1.924e-43,1.796e-21,3.734e-19,2.204e-20,8.061e-20,4.997e+2,1.825e-22,3.050e-21,5.867e+1,5.295e-20,5.308e-2,1.847e+2,3.756e+2,1.430e-27,3.605e-21,1.178e-23,,,,,,,,,,,,6.607e-22,1.506e-18,,,,,,,,5.527e-1,,3.876e-19,2.328e-18,3.843e-20,3.708e-18
284.13,1.134e+3,1.149e-21,2.965e-5,3.728e-46,,7.179e-14,2.008e-48,3.660e-2,1.471e-18,,5.794e-17,4.459e-19,5.796e-30,5.341e-18,5.134e-23,8.330e-14,,3.537e-28,1.925e-43,1.797e-21,3.736e-19,2.478e-20,8.071e-20,5.115e+2,1.826e-22,3.011e-21,5.968e+1,5.288e-20,5.437e-2,2.001e+2,3.617e+2,3.337e-27,3.606e-21,1.179e-23,,,,,,,,,,,,6.597e-22,1.501e-18,,,,,,,,5.501e-1,,3.881e-19,2.323e-18,3.848e-20,3.708e-18
284.16,1.148e+3,1.141e-21,2.190e-5,3.796e-46,,7.303e-14,1.138e-48,5.505e-2,1.464e-18,,5.802e-17,4.449e-19,5.779e-30,5.348e-18,5.140e-23,7.302e-14,,3.539e-28,1.926e-43,1.797e-21,3.737e-19,2.910e-20,8.086e-20,5.223e+2,1.828e-22,2.953e-21,6.141e+1,5.277e-20,5.682e-2,2.260e+2,3.374e+2,1.169e-26,3.607e-21,1.180e-23,,,,,,,,,,,,6.583e-22,1.493e-18,,,,,,,,5.366e-1,,3.889e-19,2.317e-18,3.856e-20,3.708e-18
284.18,1.152e+3,1.136e-21,1.769e-5,3.842e-46,,7.299e-14,7.696e-49,7.166e-2,1.460e-18,,5.808e-17,4.443e-19,5.767e-30,5.352e-18,5.143e-23,6.609e-14,,3.540e-28,1.927e-43,1.798e-21,3.739e-19,3.208e-20,8.095e-20,5.247e+2,1.829e-22,2.914e-21,6.257e+1,5.270e-20,5.896e-2,2.448e+2,3.195e+2,2.666e-26,3.608e-21,1.181e-23,,,,,,,,,,,,6.574e-22,1.488e-18,,,,,,,,5.215e-1,,3.893e-19,2.312e-18,3.862e-20,3.708e-18
284.21,1.151e+3,1.127e-21,1.263e-5,3.910e-46,,7.167e-14,4.207e-49,1.052e-1,1.453e-18,,5.817e-17,4.433e-19,5.751e-30,5.359e-18,5.149e-23,5.591e-14,,3.541e-28,1.929e-43,1.799e-21,3.740e-19,3.659e-20,8.110e-20,5.208e+2,1.831e-22,2.856e-21,6.412e+1,5.259e-20,6.320e-2,2.743e+2,2.909e+2,9.018e-26,3.609e-21,1.182e-23,,,,,,,,,,,,6.560e-22,1.480e-18,,,,,,,,4.909e-1,,3.901e-19,2.306e-18,3.870e-20,3.709e-18
284.23,1.145e+3,1.122e-21,9.979e-6,3.955e-46,,6.997e-14,2.779e-49,1.350e-1,1.449e-18,,5.823e-17,4.426e-19,5.739e-30,5.364e-18,5.153e-23,4.943e-14,,3.542e-28,1.929e-43,1.799e-21,3.742e-19,3.957e-20,8.120e-20,5.134e+2,1.832e-22,2.817e-21,6.491e+1,5.251e-20,6.685e-2,2.942e+2,2.715e+2,2.009e-25,3.609e-21,1.183e-23,,,,,,,,,,,,6.551e-22,1.475e-18,,4.215e-22,,,,,,4.660e-1,,3.906e-19,2.301e-18,3.875e-20,3.709e-18
284.26,1.128e+3,1.114e-21,6.887e-6,4.024e-46,,6.631e-14,1.466e-49,1.944e-1,1.442e-18,,5.831e-17,4.416e-19,5.722e-30,5.370e-18,5.159e-23,4.035e-14,,3.544e-28,1.931e-43,1.800e-21,3.744e-19,4.386e-20,8.135e-20,4.957e+2,1.834e-22,2.759e-21,6.557e+1,5.241e-20,7.377e-2,3.231e+2,2.428e+2,6.562e-25,3.611e-21,1.185e-23,,,,,,,,,,,,6.537e-22,1.467e-18,,1.741e-21,,,,,,4.233e-1,,3.913e-19,2.295e-18,3.883e-20,3.709e-18
284.28,1.112e+3,1.108e-21,5.318e-6,4.069e-46,,6.322e-14,9.456e-50,2.467e-1,1.438e-18,,5.837e-17,4.409e-19,5.711e-30,5.375e-18,5.162e-23,3.483e-14,,3.545e-28,1.931e-43,1.801e-21,3.745e-19,4.653e-20,8.145e-20,4.798e+2,1.835e-22,2.720e-21,6.559e+1,5.233e-20,7.942e-2,3.409e+2,2.245e+2,1.428e-24,3.611e-21,1.186e-23,,,,,,,,,,,,6.528e-22,1.462e-18,,4.428e-21,,,,,,3.924e-1,,3.918e-19,2.290e-18,3.889e-20,3.709e-18
284.31,1.080e+3,1.100e-21,3.547e-6,4.137e-46,,5.783e-14,4.812e-50,3.510e-1,1.431e-18,,5.846e-17,4.399e-19,5.694e-30,5.382e-18,5.168e-23,2.744e-14,,3.546e-28,1.933e-43,1.802e-21,3.747e-19,5.014e-20,8.159e-20,4.512e+2,1.837e-22,2.662e-21,6.493e+1,5.222e-20,8.945e-2,3.643e+2,1.993e+2,4.504e-24,3.613e-21,1.187e-23,,,,,,,,,,,,6.514e-22,1.455e-18,,1.765e-20,,,,,,3.441e-1,,3.925e-19,2.284e-18,3.897e-20,3.709e-18
284.33,1.056e+3,1.094e-21,2.678e-6,4.183e-46,,5.385e-14,3.031e-50,4.432e-1,1.427e-18,,5.851e-17,4.393e-19,5.683e-30,5.386e-18,5.172e-23,2.313e-14,,3.547e-28,1.933e-43,1.802e-21,3.748e-19,5.221e-20,8.169e-20,4.295e+2,1.839e-22,2.623e-21,6.399e+1,5.215e-20,9.713e-2,3.769e+2,1.843e+2,9.576e-24,3.613e-21,1.188e-23,,,,,,,,,,,,6.505e-22,1.449e-18,,4.388e-20,,,,,,3.115e-1,,3.930e-19,2.279e-18,3.902e-20,3.709e-18
284.36,1.013e+3,1.086e-21,1.726e-6,4.251e-46,,4.754e-14,1.488e-50,6.282e-1,1.420e-18,,5.860e-17,4.383e-19,5.666e-30,5.393e-18,5.178e-23,1.759e-14,,3.549e-28,1.935e-43,1.803e-21,3.750e-19,5.470e-20,8.184e-20,3.945e+2,1.840e-22,2.565e-21,6.187e+1,5.204e-20,1.099e-1,3.903e+2,1.651e+2,2.917e-23,3.614e-21,1.189e-23,,,,,,,,,,,,6.491e-22,1.442e-18,,1.689e-19,,,,,,2.635e-1,,3.937e-19,2.273e-18,3.910e-20,3.709e-18
284.38,9.812e+2,1.080e-21,1.274e-6,1.081e-45,,4.324e-14,9.155e-51,7.935e-1,1.416e-18,,5.866e-17,4.376e-19,5.655e-30,5.398e-18,5.181e-23,1.448e-14,,3.550e-28,1.935e-43,1.804e-21,3.751e-19,5.591e-20,8.194e-20,3.702e+2,1.842e-22,2.526e-21,6.001e+1,5.197e-20,1.191e-1,3.952e+2,1.546e+2,6.058e-23,3.615e-21,1.190e-23,,,,,,,,,,,,6.482e-22,1.437e-18,,4.101e-19,,,,,,2.330e-1,,3.942e-19,2.268e-18,3.916e-20,3.709e-18
284.41,9.301e+2,1.072e-21,7.937e-7,4.305e-45,,3.684e-14,4.338e-51,1.130e+0,1.410e-18,,5.874e-17,4.366e-19,5.638e-30,5.405e-18,5.187e-23,1.062e-14,,3.551e-28,1.937e-43,1.805e-21,3.753e-19,5.697e-20,8.209e-20,3.336e+2,1.844e-22,2.468e-21,5.668e+1,5.186e-20,1.335e-1,3.959e+2,1.425e+2,1.782e-22,3.616e-21,1.191e-23,,,,,,,,,,,,6.468e-22,1.429e-18,,1.525e-18,,,,,,1.903e-1,,3.949e-19,2.262e-18,3.924e-20,3.709e-18
284.43,8.942e+2,1.067e-21,5.725e-7,1.069e-44,,3.272e-14,2.605e-51,1.435e+0,1.405e-18,,5.880e-17,4.359e-19,5.627e-30,5.409e-18,5.191e-23,8.541e-15,,3.552e-28,1.938e-43,1.805e-21,3.754e-19,5.715e-20,8.218e-20,3.096e+2,1.845e-22,2.429e-21,5.418e+1,5.179e-20,1.431e-1,3.919e+2,1.367e+2,3.615e-22,3.617e-21,1.192e-23,,,,,,,,,,,,6.459e-22,1.424e-18,,3.616e-18,,,,,,1.643e-1,,3.954e-19,2.257e-18,3.929e-20,3.709e-18
284.45,8.573e+2,1.061e-21,4.091e-7,2.631e-44,,2.879e-14,1.550e-51,1.828e+0,1.401e-18,,5.886e-17,4.353e-19,5.616e-30,5.414e-18,5.195e-23,6.802e-15,,3.553e-28,1.938e-43,1.806e-21,3.755e-19,5.691e-20,8.228e-20,2.865e+2,1.846e-22,2.390e-21,5.154e+1,5.172e-20,1.525e-1,3.844e+2,1.327e+2,7.268e-22,3.618e-21,1.193e-23,,,,,,,,,,,,6.450e-22,1.419e-18,,8.498e-18,,,,,,1.405e-1,,3.959e-19,2.253e-18,3.935e-20,3.709e-18
284.48,8.014e+2,1.053e-21,2.430e-7,9.977e-44,,2.334e-14,6.984e-52,2.643e+0,1.394e-18,,5.895e-17,4.342e-19,5.599e-30,5.421e-18,5.201e-23,4.748e-15,,3.555e-28,1.940e-43,1.807e-21,3.757e-19,5.575e-20,8.243e-20,2.539e+2,1.848e-22,2.332e-21,4.751e+1,5.161e-20,1.656e-1,3.672e+2,1.298e+2,2.035e-21,3.619e-21,1.195e-23,,,,,,,,,,,,6.436e-22,1.411e-18,,3.008e-17,,,,,,1.092e-1,,3.966e-19,2.246e-18,3.943e-20,3.709e-18
284.5,7.643e+2,1.047e-21,1.698e-7,2.398e-43,,2.006e-14,4.057e-52,3.389e+0,1.390e-18,,5.900e-17,4.336e-19,5.588e-30,5.425e-18,5.204e-23,3.692e-15,,3.556e-28,1.940e-43,1.807e-21,3.758e-19,5.448e-20,8.253e-20,2.339e+2,1.849e-22,2.293e-21,4.489e+1,5.154e-20,1.733e-1,3.522e+2,1.297e+2,3.997e-21,3.620e-21,1.196e-23,,,,,,,,,,,,6.426e-22,1.406e-18,,6.905e-17,,,,,,9.131e-2,,3.971e-19,2.242e-18,3.948e-20,3.710e-18
284.53,7.101e+2,1.039e-21,9.745e-8,8.784e-43,,1.569e-14,1.764e-52,4.940e+0,1.383e-18,,5.909e-17,4.326e-19,5.571e-30,5.432e-18,5.210e-23,2.487e-15,,3.558e-28,1.942e-43,1.808e-21,3.760e-19,5.187e-20,8.268e-20,2.067e+2,1.851e-22,2.235e-21,4.131e+1,5.143e-20,1.828e-1,3.253e+2,1.316e+2,1.081e-20,3.621e-21,1.197e-23,,,,,,,,,,,,6.413e-22,1.398e-18,,2.360e-16,,,,,,6.866e-2,,3.978e-19,2.235e-18,3.956e-20,3.710e-18
284.55,6.758e+2,1.034e-21,6.654e-8,2.063e-42,,1.317e-14,1.001e-52,6.356e+0,1.379e-18,,5.915e-17,4.319e-19,5.559e-30,5.437e-18,5.214e-23,1.889e-15,,3.559e-28,1.942e-43,1.809e-21,3.761e-19,4.973e-20,8.278e-20,1.905e+2,1.852e-22,2.196e-21,3.928e+1,5.135e-20,1.875e-1,3.053e+2,1.341e+2,2.074e-20,3.622e-21,1.198e-23,,,,,,,,,,,,6.403e-22,1.393e-18,,5.293e-16,,,,,,5.622e-2,,3.983e-19,2.231e-18,3.962e-20,3.710e-18
284.58,6.280e+2,1.025e-21,3.690e-8,7.295e-42,,9.945e-15,4.199e-53,9.271e+0,1.372e-18,,5.924e-17,4.309e-19,5.543e-30,5.444e-18,5.220e-23,1.228e-15,,3.560e-28,1.944e-43,1.810e-21,3.763e-19,4.600e-20,8.292e-20,1.692e+2,1.854e-22,2.138e-21,3.693e+1,5.125e-20,1.915e-1,2.733e+2,1.391e+2,5.415e-20,3.623e-21,1.199e-23,,,,,,,,,,,,6.389e-22,1.385e-18,,1.747e-15,,,,,,4.121e-2,,3.990e-19,2.224e-18,3.970e-20,3.710e-18
284.6,5.995e+2,1.020e-21,2.463e-8,1.674e-41,,8.150e-15,2.325e-53,1.190e+1,1.368e-18,,5.929e-17,4.302e-19,5.531e-30,5.448e-18,5.223e-23,9.108e-16,,3.561e-28,1.944e-43,1.810e-21,3.764e-19,4.324e-20,8.302e-20,1.569e+2,1.856e-22,2.099e-21,3.594e+1,5.117e-20,1.921e-1,2.515e+2,1.429e+2,1.015e-19,3.624e-21,1.200e-23,,,,,,,,,,,,6.380e-22,1.380e-18,,3.827e-15,,,,,,3.341e-2,,3.995e-19,2.220e-18,3.975e-20,3.710e-18
284.63,5.626e+2,1.012e-21,1.320e-8,5.716e-41,,5.940e-15,9.415e-54,1.721e+1,1.361e-18,,5.938e-17,4.292e-19,5.514e-30,5.455e-18,5.229e-23,5.714e-16,,3.563e-28,1.946e-43,1.811e-21,3.766e-19,3.884e-20,8.317e-20,1.413e+2,1.857e-22,2.041e-21,3.542e+1,5.106e-20,1.897e-1,2.195e+2,1.489e+2,2.559e-19,3.625e-21,1.201e-23,,,,,,,,,,,,6.366e-22,1.372e-18,,1.220e-14,,,,,,2.470e-2,,4.003e-19,2.213e-18,3.983e-20,3.710e-18
284.65,5.426e+2,1.006e-21,8.607e-9,1.281e-40,,4.754e-15,5.092e-54,2.191e+1,1.357e-18,,5.944e-17,4.286e-19,5.503e-30,5.460e-18,5.233e-23,4.138e-16,,3.564e-28,1.946e-43,1.812e-21,3.767e-19,3.579e-20,8.327e-20,1.327e+2,1.859e-22,2.002e-21,3.577e+1,5.099e-20,1.860e-1,1.993e+2,1.527e+2,4.686e-19,3.625e-21,1.202e-23,,,,,,,,,,,,6.357e-22,1.367e-18,,2.610e-14,,,,,,2.072e-2,,4.007e-19,2.209e-18,3.989e-20,3.710e-18
284.68,5.206e+2,9.979e-22,4.456e-9,4.224e-40,,3.344e-15,1.989e-54,3.116e+1,1.351e-18,,5.952e-17,4.276e-19,5.486e-30,5.467e-18,5.239e-23,2.506e-16,,3.565e-28,1.948e-43,1.813e-21,3.769e-19,3.119e-20,8.342e-20,1.223e+2,1.861e-22,1.944e-21,3.735e+1,5.088e-20,1.775e-1,1.717e+2,1.578e+2,1.141e-18,3.627e-21,1.204e-23,,,,,,,,,,,,6.343e-22,1.360e-18,,8.032e-14,,,,,,1.732e-2,,4.015e-19,2.202e-18,3.997e-20,3.710e-18
284.7,5.118e+2,9.924e-22,2.840e-9,9.250e-40,,2.614e-15,1.050e-54,3.912e+1,1.346e-18,,5.958e-17,4.269e-19,5.475e-30,5.471e-18,5.242e-23,1.772e-16,,3.566e-28,1.949e-43,1.813e-21,3.770e-19,2.816e-20,8.351e-20,1.171e+2,1.862e-22,1.905e-21,3.909e+1,5.081e-20,1.700e-1,1.558e+2,1.606e+2,2.041e-18,3.627e-21,1.205e-23,,,,,,,,,,,,6.334e-22,1.355e-18,,1.680e-13,,,,,,1.677e-2,,4.019e-19,2.198e-18,4.002e-20,3.710e-18
284.73,5.083e+2,9.841e-22,1.420e-9,2.945e-39,,1.774e-15,3.959e-55,5.437e+1,1.340e-18,,5.967e-17,4.259e-19,5.458e-30,5.478e-18,5.248e-23,1.035e-16,,3.568e-28,1.950e-43,1.814e-21,3.772e-19,2.380e-20,8.366e-20,1.116e+2,1.864e-22,1.847e-21,4.264e+1,5.070e-20,1.567e-1,1.362e+2,1.634e+2,4.799e-18,3.628e-21,1.206e-23,,,,,,,,,,,,6.320e-22,1.347e-18,,4.990e-13,,,,,,1.868e-2,,4.027e-19,2.191e-18,4.011e-20,3.710e-18
284.75,5.128e+2,9.786e-22,8.846e-10,6.301e-39,,1.354e-15,2.041e-55,6.710e+1,1.335e-18,,5.973e-17,4.252e-19,5.447e-30,5.483e-18,5.252e-23,7.152e-17,,3.569e-28,1.951e-43,1.815e-21,3.773e-19,2.105e-20,8.376e-20,1.095e+2,1.865e-22,1.808e-21,4.556e+1,5.063e-20,1.466e-1,1.263e+2,1.642e+2,8.387e-18,3.629e-21,1.207e-23,,,,,,,,,,,,6.311e-22,1.342e-18,,1.019e-12,,,,,,2.203e-2,,4.032e-19,2.187e-18,4.016e-20,3.710e-18
284.78,5.304e+2,9.703e-22,4.274e-10,1.937e-38,,8.873e-16,7.425e-56,9.071e+1,1.329e-18,,5.981e-17,4.242e-19,5.430e-30,5.489e-18,5.258e-23,4.033e-17,,3.570e-28,1.952e-43,1.816e-21,3.775e-19,1.723e-20,8.391e-20,1.087e+2,1.867e-22,1.750e-21,5.057e+1,5.052e-20,1.305e-1,1.166e+2,1.637e+2,1.904e-17,3.630e-21,1.208e-23,,,,,,,,,,,,6.297e-22,1.334e-18,,2.925e-12,,,,,,3.081e-2,,4.039e-19,2.180e-18,4.024e-20,3.711e-18
284.8,5.495e+2,9.648e-22,2.601e-10,4.049e-38,,6.615e-16,3.738e-56,1.098e+2,1.324e-18,,5.987e-17,4.236e-19,5.419e-30,5.494e-18,5.261e-23,2.720e-17,,3.571e-28,1.953e-43,1.816e-21,3.776e-19,1.492e-20,8.401e-20,1.096e+2,1.868e-22,1.711e-21,5.420e+1,5.045e-20,1.193e-1,1.136e+2,1.621e+2,3.251e-17,3.631e-21,1.209e-23,,,,,,,,,,,,6.288e-22,1.329e-18,,5.836e-12,,,,,,3.974e-2,,4.044e-19,2.176e-18,4.029e-20,3.711e-18
284.82,5.746e+2,9.593e-22,1.569e-10,8.382e-38,,4.885e-16,1.864e-56,1.318e+2,1.320e-18,,5.993e-17,4.229e-19,5.408e-30,5.499e-18,5.265e-23,1.817e-17,,3.572e-28,1.953e-43,1.817e-21,3.777e-19,1.281e-20,8.411e-20,1.117e+2,1.869e-22,1.672e-21,5.796e+1,5.038e-20,1.081e-1,1.134e+2,1.596e+2,5.499e-17,3.632e-21,1.210e-23,,,,,,,,,,,,6.279e-22,1.324e-18,,1.154e-11,,,,,,5.172e-2,,4.049e-19,2.172e-18,4.035e-20,3.711e-18
284.85,6.233e+2,9.510e-22,7.218e-11,2.454e-37,,3.046e-16,6.450e-57,1.706e+2,1.313e-18,,6.001e-17,4.219e-19,5.391e-30,5.505e-18,5.271e-23,9.749e-18,,3.574e-28,1.955e-43,1.818e-21,3.779e-19,1.003e-20,8.425e-20,1.168e+2,1.871e-22,1.614e-21,6.358e+1,5.027e-20,9.174e-2,1.181e+2,1.540e+2,1.189e-16,3.633e-21,1.211e-23,,,,,,,,,,,,6.265e-22,1.316e-18,,3.152e-11,,,,,,7.682e-2,,4.056e-19,2.165e-18,4.043e-20,3.711e-18
284.87,6.628e+2,9.455e-22,4.253e-11,4.964e-37,,2.198e-16,3.141e-57,2.005e+2,1.309e-18,,6.007e-17,4.212e-19,5.380e-30,5.510e-18,5.275e-23,6.360e-18,,3.575e-28,1.955e-43,1.818e-21,3.780e-19,8.426e-21,8.435e-20,1.213e+2,1.873e-22,1.575e-21,6.716e+1,5.019e-20,8.133e-2,1.244e+2,1.493e+2,1.964e-16,3.634e-21,1.212e-23,,,,,,,,,,,,6.256e-22,1.311e-18,,6.088e-11,,,,,,9.942e-2,,4.061e-19,2.161e-18,4.048e-20,3.711e-18
284.9,7.316e+2,9.373e-22,1.890e-11,1.403e-36,,1.325e-16,1.048e-57,2.511e+2,1.303e-18,,6.016e-17,4.202e-19,5.363e-30,5.517e-18,5.280e-23,3.293e-18,,3.577e-28,1.957e-43,1.819e-21,3.782e-19,6.383e-21,8.450e-20,1.295e+2,1.874e-22,1.517e-21,7.201e+1,5.009e-20,6.688e-2,1.381e+2,1.407e+2,4.100e-16,3.635e-21,1.214e-23,,,,,,,,,,,,6.242e-22,1.303e-18,,1.606e-10,,,,,,1.444e-1,,4.068e-19,2.154e-18,4.056e-20,3.711e-18
284.92,7.830e+2,9.318e-22,1.088e-11,2.773e-36,,9.357e-17,4.986e-58,2.885e+2,1.298e-18,,6.022e-17,4.195e-19,5.351e-30,5.521e-18,5.284e-23,2.098e-18,,3.578e-28,1.958e-43,1.820e-21,3.783e-19,5.246e-21,8.460e-20,1.357e+2,1.876e-22,1.478e-21,7.475e+1,5.001e-20,5.819e-2,1.496e+2,1.342e+2,6.620e-16,3.636e-21,1.215e-23,,,,,,,,,,,,6.232e-22,1.298e-18,,3.030e-10,,,,,,1.833e-1,,4.073e-19,2.150e-18,4.062e-20,3.711e-18
284.95,8.665e+2,9.235e-22,4.672e-12,7.570e-36,,5.493e-17,1.606e-58,3.494e+2,1.292e-18,,6.030e-17,4.185e-19,5.335e-30,5.528e-18,5.290e-23,1.048e-18,,3.579e-28,1.959e-43,1.821e-21,3.785e-19,3.844e-21,8.475e-20,1.455e+2,1.878e-22,1.420e-21,7.792e+1,4.990e-20,4.677e-2,1.697e+2,1.237e+2,1.334e-15,3.637e-21,1.216e-23,,,,,,,,,,,,6.219e-22,1.290e-18,,7.717e-10,,,,,,2.578e-1,,4.080e-19,2.143e-18,4.070e-20,3.711e-18
284.97,9.250e+2,9.180e-22,2.628e-12,1.461e-35,,3.843e-17,7.460e-59,3.925e+2,1.287e-18,,6.036e-17,4.179e-19,5.323e-30,5.533e-18,5.294e-23,6.522e-19,,3.580e-28,1.960e-43,1.821e-21,3.786e-19,3.089e-21,8.484e-20,1.520e+2,1.879e-22,1.381e-21,7.931e+1,4.983e-20,4.030e-2,1.845e+2,1.164e+2,2.104e-15,3.638e-21,1.217e-23,,,,,,,,,,,,6.209e-22,1.285e-18,,1.423e-9,,,,,,3.198e-1,,4.085e-19,2.139e-18,4.075e-20,3.711e-18
285,1.014e+3,9.097e-22,1.090e-12,3.852e-35,,2.292e-17,2.332e-59,4.592e+2,1.281e-18,,6.045e-17,4.169e-19,5.306e-30,5.540e-18,5.299e-23,3.145e-19,,3.582e-28,1.961e-43,1.822e-21,3.788e-19,2.189e-21,8.499e-20,1.614e+2,1.881e-22,1.323e-21,8.020e+1,4.972e-20,3.238e-2,2.075e+2,1.053e+2,4.096e-15,3.639e-21,1.218e-23,,,,,,,,,,,,6.195e-22,1.278e-18,,3.498e-9,,,,,,4.345e-1,,4.092e-19,2.132e-18,4.084e-20,3.711e-18
285.02,1.073e+3,9.042e-22,5.992e-13,7.265e-35,,1.688e-17,1.084e-59,5.040e+2,1.276e-18,,6.050e-17,4.162e-19,5.295e-30,5.544e-18,5.303e-23,1.911e-19,,3.583e-28,1.962e-43,1.823e-21,3.790e-19,1.720e-21,8.509e-20,1.671e+2,1.882e-22,1.284e-21,7.996e+1,4.965e-20,2.828e-2,2.230e+2,9.806e+1,6.311e-15,3.639e-21,1.219e-23,,,,,,,,,,,,6.186e-22,1.272e-18,,6.300e-9,,,,,,5.267e-1,,4.097e-19,2.128e-18,4.089e-20,3.711e-18
285.05,1.156e+3,8.960e-22,2.408e-13,1.849e-34,,1.218e-17,4.325e-60,5.696e+2,1.270e-18,,6.059e-17,4.152e-19,5.278e-30,5.551e-18,5.309e-23,8.890e-20,,3.584e-28,1.963e-43,1.824e-21,3.791e-19,1.178e-21,8.524e-20,1.741e+2,1.884e-22,1.226e-21,7.837e+1,4.954e-20,2.388e-2,2.450e+2,8.779e+1,1.186e-14,3.641e-21,1.220e-23,,,,,,,,,,,,6.172e-22,1.265e-18,,1.496e-8,,,,,,6.908e-1,,4.104e-19,2.121e-18,4.097e-20,3.712e-18
285.07,1.206e+3,8.904e-22,1.304e-13,3.407e-34,,1.122e-17,4.059e-60,6.109e+2,1.265e-18,,6.065e-17,4.145e-19,5.267e-30,5.556e-18,5.313e-23,5.275e-20,,3.585e-28,1.964e-43,1.824e-21,3.793e-19,9.049e-22,8.534e-20,1.777e+2,1.885e-22,1.187e-21,7.652e+1,4.947e-20,2.209e-2,2.584e+2,8.152e+1,1.785e-14,3.641e-21,1.221e-23,,,,,,,,,,,,6.163e-22,1.260e-18,,2.632e-8,,,,,,8.180e-1,,4.109e-19,2.117e-18,4.102e-20,3.712e-18
285.1,1.270e+3,8.822e-22,5.312e-14,8.374e-34,,1.235e-17,9.341e-60,6.667e+2,1.259e-18,,6.073e-17,4.135e-19,5.250e-30,5.563e-18,5.318e-23,2.369e-20,,3.587e-28,1.965e-43,1.825e-21,3.794e-19,5.989e-22,8.548e-20,1.810e+2,1.887e-22,1.129e-21,7.271e+1,4.936e-20,2.103e-2,2.754e+2,7.326e+1,3.240e-14,3.643e-21,1.223e-23,,,,,,,,,,,,6.149e-22,1.252e-18,,6.035e-8,,,,,,1.036e+0,,4.116e-19,2.110e-18,4.111e-20,3.712e-18
285.12,1.304e+3,8.767e-22,3.125e-14,1.507e-33,,1.469e-17,1.997e-59,6.985e+2,1.255e-18,,6.079e-17,4.129e-19,5.239e-30,5.567e-18,5.322e-23,1.373e-20,,3.588e-28,1.966e-43,1.826e-21,3.796e-19,4.497e-22,8.558e-20,1.818e+2,1.888e-22,1.090e-21,6.956e+1,4.929e-20,2.139e-2,2.842e+2,6.866e+1,4.765e-14,3.643e-21,1.224e-23,,,,,,,,,,,,6.140e-22,1.247e-18,,1.037e-7,,,,,,1.198e+0,,4.121e-19,2.106e-18,4.116e-20,3.712e-18
285.15,1.339e+3,8.684e-22,1.931e-14,3.577e-33,,2.072e-17,6.418e-59,7.361e+2,1.248e-18,,6.088e-17,4.119e-19,5.222e-30,5.574e-18,5.328e-23,5.948e-21,,3.589e-28,1.967e-43,1.827e-21,3.797e-19,2.876e-22,8.573e-20,1.810e+2,1.890e-22,4.463e-21,6.413e+1,4.918e-20,2.343e-2,2.930e+2,6.333e+1,8.350e-14,3.644e-21,1.225e-23,,,,,,,,,,,,6.126e-22,1.239e-18,,2.297e-7,,,,,,1.464e+0,,4.129e-19,2.099e-18,4.124e-20,3.712e-18
285.17,1.351e+3,8.629e-22,1.927e-14,6.291e-33,,2.671e-17,1.388e-58,7.534e+2,1.244e-18,,6.094e-17,4.112e-19,5.211e-30,5.579e-18,5.332e-23,3.366e-21,,3.590e-28,1.968e-43,1.827e-21,3.799e-19,2.111e-22,8.583e-20,1.792e+2,1.891e-22,1.129e-20,6.016e+1,4.911e-20,2.576e-2,2.956e+2,6.094e+1,1.200e-13,3.645e-21,1.226e-23,,,,,,,,,,,,6.117e-22,1.234e-18,,3.856e-7,,,,,,1.655e+0,,4.133e-19,2.095e-18,4.129e-20,3.712e-18
285.19,1.353e+3,8.574e-22,2.363e-14,1.096e-32,,3.464e-17,2.975e-58,7.639e+2,1.239e-18,,6.099e-17,4.105e-19,5.200e-30,5.583e-18,5.335e-23,1.887e-21,,3.592e-28,1.969e-43,1.828e-21,3.800e-19,1.536e-22,8.593e-20,1.765e+2,1.893e-22,2.829e-20,5.602e+1,4.903e-20,2.882e-2,2.955e+2,5.954e+1,1.708e-13,3.646e-21,1.227e-23,,,,,,,,,,,,6.108e-22,1.229e-18,,6.414e-7,,,,,,1.852e+0,,4.138e-19,2.090e-18,4.135e-20,3.712e-18
285.22,1.339e+3,8.491e-22,3.820e-14,2.477e-32,,5.116e-17,9.180e-58,7.664e+2,1.233e-18,,6.108e-17,4.095e-19,5.183e-30,5.590e-18,5.341e-23,7.778e-22,,3.593e-28,1.970e-43,1.829e-21,3.802e-19,9.421e-23,8.607e-20,1.712e+2,1.895e-22,1.103e-19,4.968e+1,4.893e-20,3.471e-2,2.903e+2,5.944e+1,2.849e-13,3.647e-21,1.228e-23,,,,,,,,,,,,6.094e-22,1.221e-18,,1.352e-6,,,,,,2.155e+0,,4.146e-19,2.084e-18,4.143e-20,3.712e-18
285.24,1.318e+3,8.436e-22,5.437e-14,4.215e-32,,6.615e-17,1.923e-57,7.590e+2,1.228e-18,,6.114e-17,4.088e-19,5.171e-30,5.595e-18,5.345e-23,4.258e-22,,3.594e-28,1.971e-43,1.829e-21,3.803e-19,6.791e-23,8.617e-20,1.670e+2,1.896e-22,2.700e-19,4.550e+1,4.885e-20,3.944e-2,2.835e+2,6.077e+1,3.962e-13,3.648e-21,1.229e-23,,,,,,,,,,,,6.085e-22,1.216e-18,,2.197e-6,,,,,,2.356e+0,,4.150e-19,2.079e-18,4.148e-20,3.712e-18
285.27,1.271e+3,8.354e-22,9.236e-14,9.198e-32,,9.658e-17,5.729e-57,7.351e+2,1.222e-18,,6.122e-17,4.078e-19,5.155e-30,5.602e-18,5.351e-23,1.694e-22,,3.596e-28,1.972e-43,1.830e-21,3.805e-19,4.320e-23,8.632e-20,1.605e+2,1.898e-22,1.016e-18,3.946e+1,4.874e-20,4.760e-2,2.688e+2,6.495e+1,6.384e-13,3.649e-21,1.230e-23,,,,,,,,,,,,6.071e-22,1.208e-18,,4.473e-6,,,,,,2.647e+0,,4.158e-19,2.073e-18,4.157e-20,3.712e-18
285.29,1.232e+3,8.298e-22,1.305e-13,1.530e-31,,1.236e-16,1.173e-56,7.112e+2,1.217e-18,,6.128e-17,4.072e-19,5.143e-30,5.606e-18,5.354e-23,9.055e-23,,3.597e-28,1.973e-43,1.831e-21,3.806e-19,3.498e-23,8.642e-20,1.561e+2,1.899e-22,2.432e-18,3.570e+1,4.867e-20,5.365e-2,2.565e+2,6.924e+1,8.672e-13,3.650e-21,1.231e-23,,,,,,,,,,,,6.062e-22,1.203e-18,,7.101e-6,,,,,,2.826e+0,,4.162e-19,2.068e-18,4.162e-20,3.712e-18
285.32,1.162e+3,8.216e-22,2.158e-13,3.223e-31,,1.776e-16,3.374e-56,6.649e+2,1.211e-18,,6.137e-17,4.062e-19,5.127e-30,5.613e-18,5.360e-23,3.477e-23,,3.598e-28,1.974e-43,1.832e-21,3.808e-19,3.559e-23,8.657e-20,1.501e+2,1.901e-22,8.843e-18,3.056e+1,4.856e-20,6.342e-2,2.348e+2,7.799e+1,1.349e-12,3.651e-21,1.233e-23,,,,,,,,,,,,6.048e-22,1.195e-18,,1.396e-5,,,,,,3.065e+0,,4.170e-19,2.062e-18,4.170e-20,3.713e-18
285.34,1.110e+3,8.161e-22,2.987e-13,5.235e-31,,2.249e-16,6.746e-56,6.284e+2,1.206e-18,,6.143e-17,4.055e-19,5.115e-30,5.618e-18,5.364e-23,1.815e-23,,3.599e-28,1.975e-43,1.832e-21,3.809e-19,4.779e-23,8.667e-20,1.467e+2,1.902e-22,2.067e-17,2.754e+1,4.849e-20,7.024e-2,2.188e+2,8.538e+1,1.791e-12,3.652e-21,1.234e-23,,,,,,,,,,,,6.038e-22,1.190e-18,,2.165e-5,,,,,,3.197e+0,,4.175e-19,2.057e-18,4.175e-20,3.713e-18
285.37,1.029e+3,8.078e-22,4.783e-13,1.065e-30,,3.175e-16,1.874e-55,5.672e+2,1.200e-18,,6.151e-17,4.045e-19,5.098e-30,5.624e-18,5.370e-23,6.725e-24,,3.601e-28,1.976e-43,1.833e-21,3.811e-19,9.802e-23,8.681e-20,1.425e+2,1.904e-22,7.259e-17,2.366e+1,4.838e-20,8.065e-2,1.934e+2,9.877e+1,2.690e-12,3.653e-21,1.235e-23,,,,,,,,,,,,6.025e-22,1.183e-18,,4.109e-5,,,,,,3.347e+0,,4.182e-19,2.051e-18,4.184e-20,3.713e-18
285.39,9.743e+2,8.023e-22,6.477e-13,1.690e-30,,3.970e-16,3.662e-55,5.235e+2,1.196e-18,,6.157e-17,4.038e-19,5.087e-30,5.629e-18,5.373e-23,3.428e-24,,3.602e-28,1.977e-43,1.834e-21,3.812e-19,1.705e-22,8.691e-20,1.406e+2,1.905e-22,1.658e-16,2.152e+1,4.831e-20,8.751e-2,1.760e+2,1.092e+2,3.488e-12,3.654e-21,1.236e-23,,,,,,,,,,,,6.015e-22,1.177e-18,,6.225e-5,,,,,,3.411e+0,,4.187e-19,2.046e-18,4.189e-20,3.713e-18
285.42,8.945e+2,7.940e-22,1.004e-12,3.321e-30,,5.497e-16,9.826e-55,4.562e+2,1.189e-18,,6.166e-17,4.028e-19,5.070e-30,5.636e-18,5.379e-23,1.226e-24,,3.603e-28,1.978e-43,1.835e-21,3.814e-19,3.998e-22,8.706e-20,1.387e+2,1.907e-22,5.623e-16,1.898e+1,4.820e-20,9.734e-2,1.502e+2,1.269e+2,5.060e-12,3.655e-21,1.237e-23,,,,,,,,,,,,6.001e-22,1.170e-18,,1.141e-4,,,,,,3.447e+0,,4.194e-19,2.040e-18,4.197e-20,3.713e-18
285.44,8.443e+2,7.885e-22,1.331e-12,5.149e-30,,6.780e-16,1.876e-54,4.113e+2,1.185e-18,,6.172e-17,4.022e-19,5.059e-30,5.640e-18,5.383e-23,6.103e-25,,3.604e-28,1.979e-43,1.835e-21,3.815e-19,7.033e-22,8.716e-20,1.382e+2,1.908e-22,1.255e-15,1.773e+1,4.813e-20,1.034e-1,1.335e+2,1.401e+2,6.410e-12,3.655e-21,1.238e-23,,,,,,,,,,,,5.992e-22,1.165e-18,,1.689e-4,,,,,,3.431e+0,,4.199e-19,2.035e-18,4.203e-20,3.713e-18
285.47,7.752e+2,7.803e-22,1.997e-12,9.768e-30,,9.185e-16,4.860e-54,3.459e+2,1.178e-18,,6.180e-17,4.012e-19,5.042e-30,5.647e-18,5.389e-23,2.106e-25,,3.606e-28,1.980e-43,1.836e-21,3.817e-19,1.618e-21,8.731e-20,1.381e+2,1.910e-22,4.110e-15,1.644e+1,4.802e-20,1.113e-1,1.100e+2,1.614e+2,8.979e-12,3.657e-21,1.239e-23,,,,,,,,,,,,5.978e-22,1.157e-18,,2.988e-4,,,,,,3.347e+0,,4.206e-19,2.029e-18,4.211e-20,3.713e-18
285.49,7.342e+2,7.748e-22,2.590e-12,1.480e-29,,1.116e-15,9.063e-54,3.047e+2,1.174e-18,,6.186e-17,4.005e-19,5.031e-30,5.652e-18,5.392e-23,1.024e-25,,3.607e-28,1.981e-43,1.837e-21,3.818e-19,2.789e-21,8.740e-20,1.383e+2,1.912e-22,8.961e-15,1.595e+1,4.795e-20,1.156e-1,9.548e+1,1.764e+2,1.111e-11,3.657e-21,1.240e-23,,,,,,,,,,,,5.969e-22,1.152e-18,,4.321e-4,,,,,,3.254e+0,,4.211e-19,2.024e-18,4.216e-20,3.713e-18
285.52,6.809e+2,7.665e-22,3.763e-12,2.710e-29,,1.475e-15,2.268e-53,2.474e+2,1.167e-18,,6.195e-17,3.995e-19,5.014e-30,5.659e-18,5.398e-23,3.409e-26,,3.608e-28,1.982e-43,1.838e-21,3.820e-19,6.205e-21,8.755e-20,1.388e+2,1.914e-22,2.835e-14,1.568e+1,4.784e-20,1.205e-1,7.591e+1,1.999e+2,1.503e-11,3.658e-21,1.242e-23,,,,,,,,,,,,5.955e-22,1.144e-18,,7.383e-4,,,,,,3.065e+0,,4.218e-19,2.018e-18,4.224e-20,3.713e-18
285.54,6.507e+2,7.610e-22,4.777e-12,4.011e-29,,1.762e-15,4.133e-53,2.128e+2,1.163e-18,,6.200e-17,3.988e-19,5.003e-30,5.663e-18,5.402e-23,1.619e-26,,3.610e-28,1.983e-43,1.838e-21,3.821e-19,1.045e-20,8.765e-20,1.389e+2,1.915e-22,6.040e-14,1.577e+1,4.776e-20,1.225e-1,6.439e+1,2.158e+2,1.817e-11,3.659e-21,1.243e-23,,,,,,,,,,,,5.946e-22,1.139e-18,,1.043e-3,,,,,,2.911e+0,,4.223e-19,2.013e-18,4.230e-20,3.713e-18
285.57,6.132e+2,7.527e-22,6.721e-12,7.095e-29,,2.269e-15,9.988e-53,1.668e+2,1.156e-18,,6.209e-17,3.978e-19,4.986e-30,5.670e-18,5.408e-23,5.202e-27,,3.611e-28,1.984e-43,1.839e-21,3.823e-19,2.246e-20,8.780e-20,1.386e+2,1.917e-22,1.846e-13,1.625e+1,4.766e-20,1.236e-1,4.942e+1,2.394e+2,2.373e-11,3.660e-21,1.244e-23,,,,,,,,,,,,5.932e-22,1.131e-18,,1.721e-3,,,,,,2.647e+0,,4.230e-19,2.007e-18,4.238e-20,3.713e-18
285.59,5.929e+2,7.472e-22,8.349e-12,1.026e-28,,2.661e-15,1.778e-52,1.402e+2,1.152e-18,,6.215e-17,3.971e-19,4.975e-30,5.675e-18,5.411e-23,2.412e-27,,3.612e-28,1.985e-43,1.840e-21,3.824e-19,3.696e-20,8.790e-20,1.378e+2,1.918e-22,3.841e-13,1.674e+1,4.758e-20,1.231e-1,4.094e+1,2.546e+2,2.803e-11,3.661e-21,1.245e-23,,,,,,,,,,,,5.923e-22,1.126e-18,,2.375e-3,,,,,,2.455e+0,,4.235e-19,2.002e-18,4.243e-20,3.714e-18
285.61,5.756e+2,7.417e-22,1.028e-11,1.469e-28,,3.097e-15,3.136e-52,1.167e+2,1.148e-18,,6.221e-17,3.965e-19,4.963e-30,5.679e-18,5.415e-23,1.108e-27,,3.613e-28,1.986e-43,1.840e-21,3.825e-19,6.027e-20,8.800e-20,1.365e+2,1.919e-22,7.922e-13,1.736e+1,4.751e-20,1.215e-1,3.360e+1,2.691e+2,3.280e-11,3.662e-21,1.246e-23,,,,,,,,,,,,5.914e-22,1.121e-18,,3.247e-3,,,,,,2.256e+0,,4.240e-19,1.998e-18,4.248e-20,3.714e-18
285.64,5.546e+2,7.334e-22,1.383e-11,2.474e-28,,3.830e-15,7.217e-52,8.704e+1,1.141e-18,,6.229e-17,3.955e-19,4.947e-30,5.686e-18,5.421e-23,3.409e-28,,3.615e-28,1.987e-43,1.841e-21,3.827e-19,1.233e-19,8.814e-20,1.336e+2,1.921e-22,2.305e-12,1.847e+1,4.740e-20,1.173e-1,2.455e+1,2.888e+2,4.080e-11,3.663e-21,1.247e-23,,,,,,,,,,,,5.900e-22,1.113e-18,,5.101e-3,,,,,,1.953e+0,,4.247e-19,1.991e-18,4.257e-20,3.714e-18
285.66,5.429e+2,7.279e-22,1.668e-11,3.462e-28,,4.368e-15,1.244e-51,7.076e+1,1.137e-18,,6.235e-17,3.948e-19,4.935e-30,5.691e-18,5.425e-23,1.571e-28,,3.616e-28,1.988e-43,1.842e-21,3.828e-19,1.964e-19,8.824e-20,1.311e+2,1.922e-22,4.645e-12,1.931e+1,4.733e-20,1.135e-1,1.968e+1,3.002e+2,4.663e-11,3.664e-21,1.248e-23,,,,,,,,,,,,5.891e-22,1.108e-18,,6.813e-3,,,,,,1.753e+0,,4.252e-19,1.987e-18,4.262e-20,3.714e-18
285.69,5.277e+2,7.197e-22,2.172e-11,5.630e-28,,5.239e-15,2.764e-51,5.097e+1,1.130e-18,,6.244e-17,3.938e-19,4.918e-30,5.698e-18,5.430e-23,6.308e-29,,3.617e-28,1.989e-43,1.843e-21,3.830e-19,3.881e-19,8.839e-20,1.265e+2,1.924e-22,1.306e-11,2.072e+1,4.722e-20,1.066e-1,1.388e+1,3.141e+2,5.601e-11,3.665e-21,1.249e-23,,,,,,,,,,,,5.877e-22,1.100e-18,,1.033e-2,,,,,,1.464e+0,,4.259e-19,1.980e-18,4.270e-20,3.714e-18
285.71,5.185e+2,7.142e-22,2.563e-11,7.696e-28,,5.852e-15,4.653e-51,4.047e+1,1.126e-18,,6.249e-17,3.931e-19,4.907e-30,5.702e-18,5.434e-23,6.097e-29,,3.618e-28,1.990e-43,1.843e-21,3.831e-19,6.041e-19,8.849e-20,1.231e+2,1.926e-22,2.571e-11,2.176e+1,4.715e-20,1.013e-1,1.086e+1,3.209e+2,6.255e-11,3.666e-21,1.250e-23,,,,,,,,,,,,5.868e-22,1.095e-18,,1.349e-2,,,,,,1.284e+0,,4.264e-19,1.976e-18,4.276e-20,3.714e-18
285.74,5.052e+2,7.059e-22,3.233e-11,1.209e-27,,6.799e-15,9.988e-51,2.814e+1,1.119e-18,,6.258e-17,3.921e-19,4.890e-30,5.709e-18,5.440e-23,1.439e-28,,3.620e-28,1.991e-43,1.844e-21,3.833e-19,1.153e-18,8.864e-20,1.180e+2,1.927e-22,6.978e-11,2.347e+1,4.704e-20,9.274e-2,7.396e+0,3.270e+2,7.254e-11,3.667e-21,1.252e-23,,,,,,,,,,,,5.854e-22,1.088e-18,,1.975e-2,,,,,,1.036e+0,,4.272e-19,1.969e-18,4.284e-20,3.714e-18
285.76,4.963e+2,7.004e-22,3.734e-11,1.614e-27,,7.432e-15,1.643e-50,2.183e+1,1.115e-18,,6.264e-17,3.915e-19,4.879e-30,5.714e-18,5.444e-23,3.082e-28,,3.621e-28,1.992e-43,1.845e-21,3.834e-19,1.753e-18,8.873e-20,1.149e+2,1.929e-22,1.342e-10,2.473e+1,4.697e-20,8.688e-2,5.656e+0,3.282e+2,7.914e-11,3.668e-21,1.253e-23,,,,,,,,,,,,5.844e-22,1.083e-18,,2.518e-2,,,,,,8.871e-1,,4.276e-19,1.965e-18,4.289e-20,3.714e-18
285.79,4.825e+2,6.921e-22,4.561e-11,2.448e-27,,8.355e-15,3.405e-50,1.465e+1,1.108e-18,,6.272e-17,3.905e-19,4.862e-30,5.721e-18,5.449e-23,9.887e-28,,3.622e-28,1.993e-43,1.846e-21,3.836e-19,3.230e-18,8.888e-20,1.111e+2,1.931e-22,3.519e-10,2.686e+1,4.686e-20,7.821e-2,3.717e+0,3.254e+2,8.862e-11,3.669e-21,1.254e-23,,,,,,,,,,,,5.831e-22,1.075e-18,,3.561e-2,,,,,,6.908e-1,,4.284e-19,1.958e-18,4.297e-20,3.714e-18
285.81,4.730e+2,6.866e-22,5.156e-11,3.193e-27,,8.934e-15,5.473e-50,1.110e+1,1.104e-18,,6.278e-17,3.898e-19,4.851e-30,5.725e-18,5.453e-23,2.135e-27,,3.623e-28,1.994e-43,1.846e-21,3.837e-19,4.800e-18,8.898e-20,1.095e+2,1.932e-22,6.615e-10,2.844e+1,4.679e-20,7.271e-2,2.777e+0,3.205e+2,9.446e-11,3.670e-21,1.255e-23,,,,,,,,,,,,5.821e-22,1.070e-18,,4.435e-2,,,,,,5.779e-1,,4.289e-19,1.954e-18,4.303e-20,3.714e-18
285.84,4.585e+2,6.783e-22,6.098e-11,4.676e-27,,9.714e-15,1.096e-49,7.192e+0,1.097e-18,,6.287e-17,3.888e-19,4.834e-30,5.732e-18,5.459e-23,6.664e-27,,3.625e-28,1.995e-43,1.847e-21,3.839e-19,8.542e-18,8.913e-20,1.089e+2,1.934e-22,1.675e-9,3.111e+1,4.668e-20,6.516e-2,1.761e+0,3.090e+2,1.021e-10,3.671e-21,1.256e-23,,,,,,,,,,,,5.808e-22,1.062e-18,,6.057e-2,,,,,,4.344e-1,,4.296e-19,1.947e-18,4.311e-20,3.714e-18
285.86,4.489e+2,6.728e-22,6.746e-11,5.960e-27,,1.016e-14,1.720e-49,5.322e+0,1.093e-18,,6.293e-17,3.881e-19,4.823e-30,5.737e-18,5.463e-23,1.407e-26,,3.626e-28,1.996e-43,1.848e-21,3.840e-19,1.240e-17,8.923e-20,1.100e+2,1.935e-22,3.076e-9,3.310e+1,4.660e-20,6.073e-2,1.285e+0,2.987e+2,1.064e-10,3.671e-21,1.257e-23,,,,,,,,,,,,1.489e-21,1.057e-18,,7.369e-2,,,,,,3.550e-1,,4.301e-19,1.943e-18,4.316e-20,3.715e-18
285.89,4.349e+2,6.646e-22,7.725e-11,8.427e-27,,1.067e-14,3.325e-49,3.329e+0,1.086e-18,,6.301e-17,3.871e-19,4.806e-30,5.743e-18,5.468e-23,4.242e-26,,3.627e-28,1.997e-43,1.849e-21,3.842e-19,2.131e-17,8.937e-20,1.143e+2,1.937e-22,7.522e-9,3.642e+1,4.650e-20,5.518e-2,7.870e-1,2.797e+2,1.111e-10,3.673e-21,1.258e-23,,,,,,,,,,,,6.011e-21,1.049e-18,,9.717e-2,,,,,,2.576e-1,,4.308e-19,1.936e-18,4.324e-20,3.715e-18
285.91,4.262e+2,6.591e-22,8.364e-11,1.049e-26,,1.091e-14,5.101e-49,2.406e+0,1.082e-18,,6.307e-17,3.864e-19,4.795e-30,5.748e-18,5.472e-23,8.753e-26,,3.629e-28,1.998e-43,1.849e-21,3.843e-19,3.023e-17,8.947e-20,1.189e+2,1.938e-22,1.350e-8,3.884e+1,4.642e-20,5.225e-2,5.609e-1,2.651e+2,1.130e-10,3.673e-21,1.259e-23,,,,,,,,,,,,1.506e-20,1.044e-18,,1.155e-1,,,,,,2.056e-1,,4.313e-19,1.932e-18,4.330e-20,3.715e-18
285.94,4.145e+2,6.508e-22,9.271e-11,1.433e-26,,1.108e-14,9.523e-49,1.453e+0,1.075e-18,,6.316e-17,3.854e-19,4.778e-30,5.755e-18,5.478e-23,2.550e-25,,3.630e-28,1.999e-43,1.850e-21,3.845e-19,5.019e-17,8.962e-20,1.285e+2,1.940e-22,3.188e-8,4.275e+1,4.631e-20,4.907e-2,3.316e-1,2.411e+2,1.139e-10,3.674e-21,1.261e-23,,,,,,,,,,,,5.873e-20,1.036e-18,,1.471e-1,,,,,,1.441e-1,,4.320e-19,1.925e-18,4.338e-20,3.715e-18
285.96,4.078e+2,6.453e-22,9.822e-11,1.743e-26,,1.107e-14,1.427e-48,1.026e+0,1.071e-18,,6.321e-17,3.848e-19,4.767e-30,5.760e-18,5.482e-23,5.141e-25,,3.631e-28,2.000e-43,1.851e-21,3.846e-19,6.957e-17,8.972e-20,1.367e+2,1.941e-22,5.588e-8,4.552e+1,4.624e-20,4.773e-2,2.308e-1,2.240e+2,1.132e-10,3.675e-21,1.262e-23,,,,,,,,,,,,1.438e-19,1.031e-18,,1.708e-1,,,,,,1.123e-1,,4.325e-19,1.921e-18,4.343e-20,3.715e-18
285.98,4.022e+2,6.398e-22,1.032e-10,2.100e-26,,1.095e-14,2.119e-48,7.175e-1,1.067e-18,,6.327e-17,3.841e-19,4.755e-30,5.764e-18,5.486e-23,1.027e-24,,3.632e-28,2.001e-43,1.851e-21,3.848e-19,9.553e-17,8.982e-20,1.461e+2,1.943e-22,9.707e-8,4.839e+1,4.617e-20,4.699e-2,1.592e-1,2.065e+2,1.115e-10,3.676e-21,1.263e-23,,,,,,,,,,,,3.489e-19,1.026e-18,,1.964e-1,,,,,,8.676e-2,,4.330e-19,1.917e-18,4.349e-20,3.715e-18
286.01,3.958e+2,6.315e-22,1.093e-10,2.730e-26,,1.060e-14,3.768e-48,4.124e-1,1.060e-18,,6.336e-17,3.831e-19,4.739e-30,5.771e-18,5.491e-23,2.850e-24,,3.634e-28,2.002e-43,1.852e-21,3.849e-19,1.511e-16,8.996e-20,1.620e+2,1.944e-22,2.184e-7,5.276e+1,4.606e-20,4.689e-2,8.955e-2,1.801e+2,1.070e-10,3.677e-21,1.264e-23,,,,,,,,,,,,1.296e-18,1.018e-18,,2.381e-1,,,,,,5.786e-2,,4.337e-19,1.910e-18,4.357e-20,3.715e-18
286.03,3.927e+2,6.260e-22,1.123e-10,3.215e-26,,1.025e-14,5.466e-48,2.817e-1,1.056e-18,,6.342e-17,3.824e-19,4.727e-30,5.776e-18,5.495e-23,5.565e-24,,3.635e-28,2.003e-43,1.853e-21,3.851e-19,2.028e-16,9.006e-20,1.735e+2,1.946e-22,3.706e-7,5.567e+1,4.599e-20,4.743e-2,6.032e-2,1.628e+2,1.029e-10,3.678e-21,1.265e-23,,,,,,,,,,,,3.073e-18,1.013e-18,,2.676e-1,,,,,,4.365e-2,,4.342e-19,1.906e-18,4.362e-20,3.715e-18
286.06,3.897e+2,6.177e-22,1.151e-10,4.036e-26,,9.581e-15,9.386e-48,1.563e-1,1.049e-18,,6.350e-17,3.814e-19,4.710e-30,5.782e-18,5.501e-23,1.492e-23,,3.636e-28,2.004e-43,1.854e-21,3.852e-19,3.099e-16,9.021e-20,1.914e+2,1.948e-22,8.052e-7,5.990e+1,4.588e-20,4.896e-2,3.276e-2,1.378e+2,9.543e-11,3.679e-21,1.266e-23,,,,,,,,,,,,1.102e-17,1.006e-18,,3.133e-1,,,,,,2.810e-2,,4.349e-19,1.899e-18,4.370e-20,3.715e-18
286.08,3.885e+2,6.122e-22,1.157e-10,4.642e-26,,9.054e-15,1.330e-47,1.043e-1,1.045e-18,,6.356e-17,3.808e-19,4.699e-30,5.787e-18,5.505e-23,2.846e-23,,3.637e-28,2.005e-43,1.854e-21,3.854e-19,4.065e-16,9.031e-20,2.032e+2,1.949e-22,1.335e-6,6.256e+1,4.581e-20,5.038e-2,2.155e-2,1.222e+2,8.968e-11,3.680e-21,1.267e-23,,,,,,,,,,,,2.554e-17,1.000e-18,,3.439e-1,,,,,,2.071e-2,,4.354e-19,1.895e-18,4.376e-20,3.715e-18
286.11,3.871e+2,6.040e-22,1.147e-10,5.627e-26,,8.173e-15,2.206e-47,5.586e-2,1.038e-18,,6.365e-17,3.798e-19,4.682e-30,5.794e-18,5.510e-23,7.372e-23,,3.639e-28,2.006e-43,1.855e-21,3.856e-19,6.003e-16,9.046e-20,2.198e+2,1.951e-22,2.802e-6,6.618e+1,4.570e-20,5.294e-2,1.130e-2,1.006e+2,8.028e-11,3.681e-21,1.268e-23,,,,,,,,,,,,8.852e-17,9.927e-19,,3.888e-1,,,,,,1.287e-2,,4.361e-19,1.888e-18,4.384e-20,3.715e-18
286.13,3.861e+2,5.985e-22,1.128e-10,6.323e-26,,7.545e-15,3.055e-47,3.641e-2,1.034e-18,,6.370e-17,3.791e-19,4.671e-30,1.483e-17,5.514e-23,1.375e-22,,3.640e-28,2.007e-43,1.856e-21,3.857e-19,7.697e-16,9.056e-20,2.297e+2,1.952e-22,4.539e-6,6.830e+1,4.563e-20,5.485e-2,7.262e-3,8.761e+1,7.370e-11,3.682e-21,1.269e-23,,,,,,,,,,,,2.004e-16,9.876e-19,,4.170e-1,,,,,,9.266e-3,,4.366e-19,1.884e-18,4.389e-20,3.715e-18
286.16,3.837e+2,5.902e-22,1.083e-10,7.402e-26,,6.577e-15,4.892e-47,1.882e-2,1.027e-18,,6.379e-17,3.781e-19,4.654e-30,5.970e-17,5.520e-23,3.439e-22,,3.641e-28,2.008e-43,1.857e-21,3.859e-19,1.099e-15,9.070e-20,2.418e+2,1.954e-22,9.199e-6,7.094e+1,4.552e-20,5.790e-2,3.676e-3,7.036e+1,6.371e-11,3.683e-21,1.271e-23,,,,,,,,,,,,6.709e-16,9.799e-19,,4.551e-1,,,,,,5.560e-3,,4.373e-19,1.877e-18,4.397e-20,3.716e-18
286.18,3.811e+2,5.847e-22,1.042e-10,8.125e-26,,5.933e-15,6.619e-47,1.198e-2,1.023e-18,,6.385e-17,3.774e-19,4.643e-30,1.494e-16,5.524e-23,6.266e-22,,3.642e-28,2.009e-43,1.857e-21,3.860e-19,1.378e-15,9.080e-20,2.478e+2,1.955e-22,1.456e-5,7.233e+1,4.544e-20,6.000e-2,2.307e-3,6.037e+1,5.714e-11,3.684e-21,1.272e-23,,,,,,,,,,,,1.484e-15,9.748e-19,,4.769e-1,,,,,,3.909e-3,,4.378e-19,1.873e-18,4.403e-20,3.716e-18
286.21,3.750e+2,5.764e-22,9.666e-11,9.184e-26,,4.994e-15,1.024e-46,5.980e-3,1.017e-18,,6.394e-17,3.764e-19,4.626e-30,5.808e-16,5.529e-23,1.515e-21,,3.644e-28,2.010e-43,1.858e-21,3.862e-19,1.902e-15,9.095e-20,2.530e+2,1.957e-22,2.850e-5,7.384e+1,4.534e-20,6.321e-2,1.127e-3,4.761e+1,4.769e-11,3.685e-21,1.273e-23,,,,,,,,,,,,4.800e-15,9.671e-19,,5.026e-1,,,,,,2.265e-3,,4.385e-19,1.866e-18,4.411e-20,3.716e-18
286.23,3.693e+2,5.709e-22,9.094e-11,9.850e-26,,4.401e-15,1.353e-46,3.719e-3,1.012e-18,,6.399e-17,3.757e-19,4.615e-30,1.420e-15,5.533e-23,2.697e-21,,3.645e-28,2.011e-43,1.859e-21,3.863e-19,2.333e-15,9.105e-20,2.537e+2,1.958e-22,4.408e-5,7.450e+1,4.526e-20,6.537e-2,6.911e-4,4.050e+1,4.179e-11,3.685e-21,1.274e-23,,,,,,,,,,,,1.038e-14,9.619e-19,,5.145e-1,,,,,,1.555e-3,,4.390e-19,1.862e-18,4.416e-20,3.716e-18
286.26,3.580e+2,5.627e-22,8.163e-11,1.075e-25,,3.578e-15,2.021e-46,1.792e-3,1.006e-18,,6.408e-17,3.747e-19,4.598e-30,5.334e-15,5.539e-23,6.299e-21,,3.647e-28,2.012e-43,1.860e-21,3.865e-19,3.119e-15,9.120e-20,2.506e+2,1.960e-22,8.334e-5,7.501e+1,4.515e-20,6.869e-2,3.259e-4,3.173e+1,3.368e-11,3.687e-21,1.275e-23,,,,,,,,,,,,3.241e-14,9.543e-19,,5.236e-1,,,,,,8.698e-4,,4.398e-19,1.855e-18,4.424e-20,3.716e-18
286.28,3.485e+2,5.572e-22,7.511e-11,1.126e-25,,3.082e-15,2.610e-46,1.088e-3,1.001e-18,,6.414e-17,3.741e-19,4.587e-30,1.274e-14,5.543e-23,1.096e-20,,3.648e-28,2.013e-43,1.860e-21,3.866e-19,3.744e-15,9.129e-20,2.458e+2,1.961e-22,1.259e-4,7.511e+1,4.508e-20,7.100e-2,1.952e-4,2.702e+1,2.883e-11,3.687e-21,1.276e-23,,,,,,,,,,,,6.847e-14,9.491e-19,,5.236e-1,,,,,,5.835e-4,,4.402e-19,1.851e-18,4.430e-20,3.716e-18
286.31,3.317e+2,5.489e-22,6.519e-11,1.187e-25,,2.421e-15,3.764e-46,5.062e-4,9.947e-19,,6.422e-17,3.731e-19,4.570e-30,4.624e-14,5.548e-23,2.473e-20,,3.649e-28,2.014e-43,1.861e-21,3.868e-19,4.848e-15,9.144e-20,2.346e+2,1.963e-22,2.299e-4,7.503e+1,4.497e-20,7.475e-2,8.887e-5,2.142e+1,2.244e-11,3.689e-21,1.277e-23,,,,,,,,,,,,2.066e-13,9.414e-19,,5.145e-1,,,,,,3.150e-4,,4.410e-19,1.844e-18,4.438e-20,3.716e-18
286.33,3.189e+2,5.434e-22,5.865e-11,1.215e-25,,2.039e-15,4.749e-46,3.003e-4,9.903e-19,,6.428e-17,3.724e-19,4.559e-30,1.080e-13,5.552e-23,4.205e-20,,3.650e-28,2.015e-43,1.862e-21,3.869e-19,5.701e-15,9.154e-20,2.249e+2,1.965e-22,3.395e-4,7.492e+1,4.490e-20,7.758e-2,5.198e-5,1.851e+1,1.877e-11,3.689e-21,1.278e-23,,,,,,,,,,,,4.265e-13,9.363e-19,,5.026e-1,,,,,,2.064e-4,,4.415e-19,1.840e-18,4.443e-20,3.716e-18
286.35,3.051e+2,5.379e-22,5.230e-11,1.232e-25,,1.704e-15,5.937e-46,1.765e-4,9.860e-19,,6.434e-17,3.717e-19,4.547e-30,2.497e-13,5.556e-23,7.085e-20,,3.651e-28,2.016e-43,1.862e-21,3.870e-19,6.652e-15,9.164e-20,2.135e+2,1.966e-22,4.967e-4,7.483e+1,4.483e-20,8.080e-2,3.012e-5,1.616e+1,1.555e-11,3.690e-21,1.279e-23,,,,,,,,,,,,8.723e-13,9.312e-19,,4.865e-1,,,,,,1.340e-4,,4.419e-19,1.835e-18,4.449e-20,3.716e-18
286.38,2.831e+2,5.296e-22,4.330e-11,1.237e-25,,1.283e-15,8.155e-46,7.813e-5,9.794e-19,,6.443e-17,3.707e-19,4.531e-30,8.634e-13,5.562e-23,1.523e-19,,3.653e-28,2.017e-43,1.863e-21,3.872e-19,8.262e-15,9.179e-20,1.942e+2,1.968e-22,8.637e-4,7.488e+1,4.472e-20,8.672e-2,1.305e-5,1.348e+1,1.152e-11,3.691e-21,1.281e-23,,,,,,,,,,,,2.508e-12,9.235e-19,,4.551e-1,,,,,,6.886e-5,,4.427e-19,1.829e-18,4.457e-20,3.716e-18
286.4,2.680e+2,5.241e-22,3.775e-11,1.225e-25,,1.056e-15,9.960e-46,4.485e-5,9.750e-19,,6.448e-17,3.701e-19,4.519e-30,1.952e-12,5.565e-23,2.508e-19,,3.654e-28,2.018e-43,1.864e-21,3.873e-19,9.458e-15,9.189e-20,1.802e+2,1.969e-22,1.235e-3,7.511e+1,4.465e-20,9.167e-2,7.387e-6,1.215e+1,9.326e-12,3.692e-21,1.282e-23,,,,,,,,,,,,5.012e-12,9.183e-19,,4.303e-1,,,,,,4.366e-5,,4.432e-19,1.824e-18,4.462e-20,3.716e-18
286.43,2.453e+2,5.158e-22,3.021e-11,1.187e-25,,7.856e-16,1.321e-45,1.917e-5,9.685e-19,,6.457e-17,3.691e-19,4.502e-30,6.519e-12,5.571e-23,5.208e-19,,3.655e-28,2.019e-43,1.865e-21,3.875e-19,1.143e-14,9.203e-20,1.583e+2,1.971e-22,2.073e-3,7.585e+1,4.454e-20,1.012e-1,3.090e-6,1.067e+1,6.674e-12,3.693e-21,1.283e-23,,,,,,,,,,,,1.392e-11,9.106e-19,,3.888e-1,,,,,,2.166e-5,,4.439e-19,1.818e-18,4.470e-20,3.717e-18
286.45,2.306e+2,5.103e-22,2.575e-11,1.149e-25,,6.495e-16,1.577e-45,1.075e-5,9.641e-19,,6.463e-17,3.684e-19,4.491e-30,1.440e-11,5.575e-23,8.382e-19,,3.656e-28,2.020e-43,1.865e-21,3.876e-19,1.286e-14,9.213e-20,1.435e+2,1.972e-22,2.896e-3,7.663e+1,4.447e-20,1.094e-1,1.708e-6,9.964e+0,5.277e-12,3.694e-21,1.284e-23,,,,,,,,,,,,2.718e-11,9.055e-19,,3.591e-1,,,,,,1.342e-5,,4.444e-19,1.813e-18,4.476e-20,3.717e-18
286.48,2.096e+2,5.021e-22,1.992e-11,1.075e-25,,5.050e-16,2.020e-45,4.433e-6,9.576e-19,,6.471e-17,3.674e-19,4.474e-30,4.647e-11,5.581e-23,1.682e-18,,3.658e-28,2.021e-43,1.866e-21,3.878e-19,1.517e-14,9.228e-20,1.217e+2,1.974e-22,4.697e-3,7.827e+1,4.436e-20,1.254e-1,6.898e-7,9.217e+0,3.646e-12,3.695e-21,1.285e-23,,,,,,,,,,,,7.292e-11,8.978e-19,,3.133e-1,,,,,,6.426e-6,,4.451e-19,1.807e-18,4.484e-20,3.717e-18
286.5,1.967e+2,4.966e-22,1.660e-11,1.016e-25,,4.455e-16,2.354e-45,2.428e-6,9.532e-19,,6.477e-17,3.667e-19,4.463e-30,1.003e-10,5.584e-23,2.645e-18,,3.659e-28,2.022e-43,1.867e-21,3.879e-19,1.681e-14,9.238e-20,1.078e+2,1.975e-22,6.410e-3,7.963e+1,4.428e-20,1.391e-1,3.725e-7,8.891e+0,2.817e-12,3.696e-21,1.286e-23,,,,,,,,,,,,1.392e-10,8.927e-19,,2.827e-1,,,,,,3.888e-6,,4.456e-19,1.802e-18,1.135e-19,3.717e-18
286.53,1.793e+2,4.883e-22,1.241e-11,9.184e-26,,4.081e-16,2.913e-45,9.670e-7,9.467e-19,,6.486e-17,3.657e-19,4.446e-30,3.127e-10,5.590e-23,5.127e-18,,3.660e-28,2.023e-43,1.868e-21,3.881e-19,1.941e-14,9.253e-20,8.827e+1,1.977e-22,1.004e-2,8.200e+1,4.418e-20,1.653e-1,1.452e-7,8.623e+0,1.880e-12,3.697e-21,1.287e-23,,,,,,,,,,,,3.606e-10,8.850e-19,,2.381e-1,,,,,,1.798e-6,,4.463e-19,1.796e-18,4.490e-19,3.717e-18
286.55,1.691e+2,4.828e-22,1.011e-11,8.484e-26,,4.171e-16,3.318e-45,5.173e-7,9.423e-19,,6.492e-17,3.650e-19,4.435e-30,6.596e-10,5.594e-23,7.880e-18,,3.661e-28,2.024e-43,1.868e-21,3.882e-19,2.122e-14,9.262e-20,7.637e+1,1.978e-22,1.339e-2,8.370e+1,4.410e-20,1.872e-1,7.658e-8,8.583e+0,1.418e-12,3.698e-21,1.288e-23,,,,,,,,,,,,6.725e-10,8.798e-19,,2.099e-1,,,,,,1.062e-6,,4.468e-19,1.791e-18,1.110e-18,3.717e-18
286.58,1.558e+2,4.745e-22,7.302e-12,7.402e-26,,4.824e-16,3.964e-45,1.989e-7,9.357e-19,,6.500e-17,3.640e-19,4.418e-30,1.986e-9,5.600e-23,1.476e-17,,3.663e-28,2.025e-43,1.869e-21,3.884e-19,2.408e-14,9.277e-20,6.040e+1,1.980e-22,2.026e-2,8.629e+1,4.399e-20,2.280e-1,2.882e-8,8.738e+0,9.139e-13,3.699e-21,1.290e-23,,,,,,,,,,,,1.683e-9,8.721e-19,,1.708e-1,,,,,,4.741e-7,,4.475e-19,1.785e-18,4.244e-18,3.717e-18
286.6,1.484e+2,4.690e-22,5.812e-12,6.681e-26,,5.623e-16,4.411e-45,1.039e-7,9.314e-19,,6.506e-17,3.634e-19,4.407e-30,4.094e-9,5.603e-23,2.217e-17,,3.664e-28,2.026e-43,1.870e-21,3.885e-19,2.605e-14,9.287e-20,5.105e+1,1.982e-22,2.639e-2,8.791e+1,4.392e-20,2.611e-1,1.485e-8,9.001e+0,6.738e-13,3.700e-21,1.291e-23,,,,,,,,,,,,3.067e-9,8.670e-19,,1.471e-1,,,,,,2.737e-7,,4.480e-19,1.780e-18,1.026e-17,3.717e-18
286.63,1.392e+2,4.607e-22,4.058e-12,5.630e-26,,7.417e-16,5.089e-45,3.856e-8,9.248e-19,,6.515e-17,3.624e-19,4.390e-30,1.191e-8,5.609e-23,4.012e-17,,3.666e-28,2.027e-43,1.871e-21,3.887e-19,2.913e-14,9.302e-20,3.898e+1,1.983e-22,3.856e-2,9.002e+1,4.381e-20,3.207e-1,5.393e-9,9.676e+0,4.192e-13,3.701e-21,1.292e-23,,,,,,,,,,,,7.416e-9,8.593e-19,,1.155e-1,,,,,,1.179e-7,,4.487e-19,1.774e-18,3.788e-17,3.717e-18
286.65,1.342e+2,4.552e-22,3.157e-12,4.965e-26,,9.051e-16,5.534e-45,1.968e-8,9.205e-19,,6.520e-17,3.617e-19,4.379e-30,2.399e-8,5.613e-23,5.889e-17,,3.667e-28,2.028e-43,1.871e-21,3.888e-19,3.124e-14,9.312e-20,3.219e+1,1.985e-22,4.908e-2,9.110e+1,4.374e-20,3.675e-1,2.714e-9,1.035e+1,3.020e-13,3.701e-21,1.293e-23,,,,,,,,,,,,1.321e-8,8.542e-19,,9.717e-2,,,,,,6.650e-8,,4.492e-19,1.769e-18,8.948e-17,3.717e-18
286.68,1.282e+2,4.470e-22,2.129e-12,4.042e-26,,1.224e-15,6.166e-45,7.051e-9,9.139e-19,,6.529e-17,3.607e-19,4.362e-30,6.743e-8,5.619e-23,1.030e-16,,3.668e-28,2.029e-43,1.872e-21,3.890e-19,3.450e-14,9.326e-20,2.374e+1,1.987e-22,6.926e-2,9.207e+1,4.363e-20,4.486e-1,9.516e-10,1.176e+1,1.814e-13,3.703e-21,1.294e-23,,,,,,,,,,,,3.084e-8,8.465e-19,,7.369e-2,,,,,,2.766e-8,,4.499e-19,1.763e-18,3.193e-16,3.717e-18
286.7,1.251e+2,4.415e-22,1.619e-12,3.485e-26,,1.490e-15,6.550e-45,3.515e-9,9.095e-19,,6.535e-17,3.600e-19,4.351e-30,1.327e-7,5.622e-23,1.477e-16,,3.669e-28,2.030e-43,1.873e-21,3.891e-19,3.672e-14,9.336e-20,1.915e+1,1.988e-22,8.614e-2,9.222e+1,4.356e-20,5.100e-1,4.677e-10,1.303e+1,1.276e-13,3.703e-21,1.295e-23,,,,,,,,,,,,5.367e-8,8.414e-19,,6.057e-2,,,,,,1.524e-8,,4.504e-19,1.758e-18,7.370e-16,3.718e-18
286.72,1.226e+2,4.360e-22,1.220e-12,2.979e-26,,1.803e-15,6.894e-45,1.736e-9,9.052e-19,,6.541e-17,3.594e-19,4.339e-30,2.589e-7,1.430e-22,2.100e-16,,3.670e-28,2.031e-43,1.873e-21,3.892e-19,3.896e-14,9.346e-20,1.530e+1,1.989e-22,1.061e-1,9.193e+1,4.349e-20,5.770e-1,2.277e-10,1.460e+1,8.899e-14,3.704e-21,1.296e-23,,,,,,,,,,,,9.254e-8,8.362e-19,,4.932e-2,,,,,,8.313e-9,,4.509e-19,1.754e-18,1.686e-15,3.718e-18
286.75,1.199e+2,4.277e-22,7.839e-13,2.319e-26,,2.366e-15,7.315e-45,5.919e-10,8.986e-19,,6.549e-17,3.584e-19,4.322e-30,6.932e-7,5.706e-22,3.499e-16,,3.672e-28,2.032e-43,1.874e-21,3.894e-19,4.232e-14,9.361e-20,1.075e+1,1.991e-22,1.427e-1,9.066e+1,4.338e-20,6.872e-1,7.600e-11,1.762e+1,5.090e-14,3.705e-21,1.297e-23,,,,,,,,,,,,2.059e-7,8.285e-19,,3.561e-2,,,,,,3.292e-9,,4.516e-19,1.748e-18,5.731e-15,3.718e-18
286.77,1.188e+2,4.222e-22,5.772e-13,1.945e-26,,2.807e-15,7.522e-45,2.855e-10,8.943e-19,,6.555e-17,3.577e-19,4.311e-30,1.321e-6,1.419e-21,4.861e-16,,3.673e-28,2.033e-43,1.875e-21,3.895e-19,4.453e-14,9.371e-20,8.397e+0,1.992e-22,1.718e-1,8.925e+1,4.331e-20,7.662e-1,3.614e-11,2.017e+1,3.467e-14,3.706e-21,1.298e-23,,,,,,,,,,,,3.469e-7,8.234e-19,,2.833e-2,,,,,,1.754e-9,,4.521e-19,1.743e-18,1.281e-14,3.718e-18
286.8,1.181e+2,4.139e-22,3.583e-13,1.480e-26,,3.567e-15,7.708e-45,9.399e-11,8.877e-19,,6.564e-17,3.567e-19,4.294e-30,3.418e-6,5.468e-21,7.825e-16,,3.674e-28,2.034e-43,1.876e-21,3.897e-19,4.772e-14,9.385e-20,5.703e+0,1.994e-22,2.230e-1,8.637e+1,4.320e-20,8.907e-1,1.164e-11,2.492e+1,1.915e-14,3.707e-21,1.300e-23,,,,,,,,,,,,7.456e-7,8.157e-19,,1.975e-2,,,,,,6.706e-10,,4.528e-19,1.737e-18,4.208e-14,3.718e-18
286.82,1.184e+2,4.084e-22,2.578e-13,1.231e-26,,4.138e-15,7.744e-45,4.428e-11,8.833e-19,,6.569e-17,3.560e-19,4.283e-30,6.366e-6,1.329e-20,1.062e-15,,3.675e-28,2.035e-43,1.876e-21,3.898e-19,4.972e-14,9.395e-20,4.364e+0,1.995e-22,2.623e-1,8.399e+1,4.312e-20,9.762e-1,5.409e-12,2.880e+1,1.274e-14,3.708e-21,1.301e-23,,,,,,,,,,,,1.228e-6,8.106e-19,,1.535e-2,,,,,,3.491e-10,,4.533e-19,1.732e-18,9.192e-14,3.718e-18
286.85,1.200e+2,4.001e-22,1.546e-13,9.425e-27,,5.082e-15,7.663e-45,1.407e-11,8.768e-19,,6.578e-17,3.550e-19,4.266e-30,1.591e-5,4.948e-20,1.652e-15,,3.677e-28,2.036e-43,1.877e-21,3.900e-19,5.242e-14,9.410e-20,2.889e+0,1.997e-22,3.289e-1,7.985e+1,4.302e-20,1.105e+0,1.682e-12,3.587e+1,6.795e-15,3.709e-21,1.302e-23,,,,,,,,,,,,2.549e-6,8.029e-19,,1.033e-2,,,,,,1.288e-10,,4.541e-19,1.726e-18,2.917e-13,3.718e-18
286.87,1.220e+2,3.946e-22,1.087e-13,8.029e-27,,5.761e-15,7.522e-45,6.476e-12,8.724e-19,,6.584e-17,3.544e-19,4.255e-30,2.896e-5,1.175e-19,2.193e-15,,3.678e-28,2.037e-43,1.878e-21,3.902e-19,5.395e-14,9.420e-20,2.191e+0,1.999e-22,3.780e-1,7.678e+1,4.294e-20,1.189e+0,7.633e-13,4.149e+1,4.417e-15,3.710e-21,1.303e-23,,,,,,,,,,,,4.100e-6,7.977e-19,,7.847e-3,,,,,,6.551e-11,,4.545e-19,1.721e-18,6.227e-13,3.718e-18
286.9,1.266e+2,3.864e-22,6.297e-14,6.664e-27,,6.836e-15,7.188e-45,1.987e-12,8.659e-19,,6.593e-17,3.533e-19,4.238e-30,6.989e-5,4.228e-19,3.296e-15,,3.679e-28,2.038e-43,1.879e-21,3.903e-19,5.576e-14,9.435e-20,1.474e+0,2.001e-22,4.577e-1,7.187e+1,4.283e-20,1.309e+0,2.292e-13,5.147e+1,2.275e-15,3.711e-21,1.304e-23,,,,,,,,,,,,8.223e-6,7.900e-19,,5.101e-3,,,,,,2.334e-11,,4.553e-19,1.715e-18,1.909e-12,3.718e-18
286.92,1.307e+2,3.809e-22,4.326e-14,6.211e-27,,7.573e-15,6.894e-45,8.930e-13,8.615e-19,,6.598e-17,3.527e-19,4.227e-30,1.243e-4,9.813e-19,4.274e-15,,3.680e-28,2.039e-43,1.879e-21,3.905e-19,5.657e-14,9.445e-20,1.174e+0,2.002e-22,5.140e-1,6.846e+1,4.276e-20,1.383e+0,1.017e-13,5.921e+1,1.445e-15,3.712e-21,1.305e-23,,,,,,,,,,,,1.293e-5,7.849e-19,,3.783e-3,,,,,,1.159e-11,,4.558e-19,1.710e-18,3.983e-12,3.718e-18
286.95,1.389e+2,3.726e-22,2.420e-14,6.183e-27,,8.679e-15,6.362e-45,2.644e-13,8.550e-19,,6.607e-17,3.517e-19,4.210e-30,2.899e-4,3.411e-18,6.207e-15,,3.682e-28,2.040e-43,1.880e-21,3.906e-19,5.712e-14,9.459e-20,9.452e-1,2.004e-22,6.012e-1,6.326e+1,4.265e-20,1.482e+0,3.000e-14,7.257e+1,7.184e-16,3.713e-21,1.306e-23,,,,,,,,,,,,2.504e-5,7.772e-19,,2.375e-3,,,,,,3.987e-12,,4.565e-19,1.704e-18,1.180e-11,3.718e-18
286.97,1.456e+2,3.671e-22,1.625e-14,6.588e-27,,9.395e-15,5.961e-45,1.161e-13,8.506e-19,,6.613e-17,3.510e-19,4.199e-30,5.040e-4,7.739e-18,7.868e-15,,3.683e-28,2.041e-43,1.881e-21,3.908e-19,5.700e-14,9.469e-20,9.261e-1,2.005e-22,6.596e-1,5.981e+1,4.258e-20,1.538e+0,1.404e-14,8.267e+1,4.457e-16,3.714e-21,1.307e-23,,,,,,,,,,,,3.847e-5,7.721e-19,,1.721e-3,,,,,,1.934e-12,,4.570e-19,1.699e-18,2.405e-11,3.719e-18
287,1.577e+2,3.588e-22,8.780e-15,7.833e-27,,1.040e-14,5.313e-45,3.319e-14,8.440e-19,,6.621e-17,3.500e-19,4.182e-30,1.135e-3,2.599e-17,1.104e-14,,3.685e-28,2.042e-43,1.882e-21,3.909e-19,5.606e-14,9.484e-20,1.099e+0,2.007e-22,7.451e-1,5.472e+1,4.247e-20,1.604e+0,8.040e-15,9.957e+1,2.140e-16,3.715e-21,1.309e-23,,,,,,,,,,,,7.200e-5,7.644e-19,,1.043e-3,,,,,,6.423e-13,,4.577e-19,1.693e-18,6.884e-11,3.719e-18
287.02,1.672e+2,3.533e-22,5.758e-15,9.093e-27,,1.100e-14,4.864e-45,1.423e-14,8.397e-19,,6.627e-17,3.493e-19,4.171e-30,1.928e-3,5.762e-17,1.368e-14,,3.686e-28,2.043e-43,1.882e-21,3.911e-19,5.493e-14,9.494e-20,1.364e+0,2.008e-22,7.988e-1,5.143e+1,4.240e-20,1.636e+0,1.159e-14,1.119e+2,1.297e-16,3.715e-21,1.310e-23,,,,,,,,,,,,1.081e-4,7.593e-19,,7.383e-4,,,,,,3.044e-13,,4.582e-19,1.688e-18,1.372e-10,3.719e-18
287.05,1.833e+2,3.451e-22,3.005e-15,1.165e-26,,1.176e-14,4.186e-45,3.928e-15,8.331e-19,,6.636e-17,3.483e-19,4.154e-30,4.196e-3,1.870e-16,1.854e-14,,3.687e-28,2.044e-43,1.883e-21,3.912e-19,5.249e-14,9.509e-20,2.040e+0,2.010e-22,8.715e-1,4.669e+1,4.229e-20,1.665e+0,3.390e-14,1.320e+2,6.015e-17,3.717e-21,1.311e-23,,,,,,,,,,,,1.954e-4,7.516e-19,,4.321e-4,,,,,,9.757e-14,,4.589e-19,1.682e-18,3.792e-10,3.719e-18
287.07,1.952e+2,3.395e-22,1.926e-15,1.381e-26,,1.216e-14,3.744e-45,1.645e-15,8.288e-19,,6.642e-17,3.477e-19,4.143e-30,6.966e-3,4.052e-16,2.245e-14,,3.688e-28,2.045e-43,1.884e-21,3.914e-19,5.042e-14,9.518e-20,2.726e+0,2.011e-22,9.129e-1,4.368e+1,4.222e-20,1.671e+0,7.390e-14,1.462e+2,3.561e-17,3.717e-21,1.312e-23,,,,,,,,,,,,2.866e-4,7.464e-19,,2.988e-4,,,,,,4.516e-14,,4.594e-19,1.677e-18,7.384e-10,3.719e-18
287.09,2.079e+2,3.340e-22,1.223e-15,1.635e-26,,1.245e-14,3.318e-45,6.828e-16,8.244e-19,,6.647e-17,3.470e-19,4.131e-30,1.146e-2,8.700e-16,2.694e-14,,3.689e-28,2.046e-43,1.884e-21,3.915e-19,4.804e-14,9.528e-20,3.652e+0,2.012e-22,9.476e-1,4.079e+1,4.214e-20,1.667e+0,1.609e-13,1.609e+2,2.089e-17,3.718e-21,1.313e-23,,,,,,,,,,,,4.166e-4,7.413e-19,,2.047e-4,,,,,,2.071e-14,,4.599e-19,1.673e-18,1.425e-9,3.719e-18
287.12,2.284e+2,3.258e-22,6.080e-16,2.086e-26,,1.269e-14,2.720e-45,1.793e-16,8.178e-19,,6.656e-17,3.460e-19,4.114e-30,2.376e-2,2.690e-15,3.480e-14,,3.691e-28,2.047e-43,1.885e-21,3.917e-19,4.398e-14,9.543e-20,5.626e+0,2.014e-22,9.849e-1,3.669e+1,4.204e-20,1.643e+0,5.093e-13,1.834e+2,9.224e-18,3.719e-21,1.314e-23,,,,,,,,,,,,7.174e-4,7.336e-19,,1.141e-4,,,,,,6.319e-15,,4.606e-19,6.763e-18,3.754e-9,3.719e-18
287.14,2.427e+2,3.203e-22,3.775e-16,2.434e-26,,1.270e-14,2.354e-45,7.269e-17,8.135e-19,,6.662e-17,3.453e-19,4.103e-30,3.818e-2,5.645e-15,4.082e-14,,3.692e-28,2.048e-43,1.886e-21,3.918e-19,4.102e-14,9.553e-20,7.442e+0,2.016e-22,9.990e-1,3.413e+1,4.196e-20,1.616e+0,1.086e-12,1.985e+2,5.286e-18,3.720e-21,1.315e-23,,,,,,,,,,,,1.019e-3,7.285e-19,,7.636e-5,,,,,,2.831e-15,,4.611e-19,1.697e-17,7.078e-9,3.719e-18
287.17,2.649e+2,3.120e-22,1.824e-16,3.021e-26,,1.250e-14,1.864e-45,1.843e-17,8.069e-19,,6.670e-17,3.443e-19,4.086e-30,7.648e-2,1.687e-14,5.096e-14,,3.693e-28,2.049e-43,1.887e-21,3.920e-19,3.637e-14,9.568e-20,1.115e+1,2.018e-22,1.003e+0,3.052e+1,4.185e-20,1.560e+0,3.322e-12,2.206e+2,2.254e-18,3.721e-21,1.316e-23,,,,,,,,,,,,1.695e-3,7.208e-19,,4.109e-5,,,,,,8.338e-16,,4.618e-19,6.628e-17,1.801e-8,3.719e-18
287.19,2.800e+2,3.065e-22,1.123e-16,3.452e-26,,1.222e-14,1.577e-45,7.290e-18,8.026e-19,,6.676e-17,3.437e-19,4.075e-30,1.201e-1,3.459e-14,5.841e-14,,3.694e-28,2.050e-43,1.887e-21,3.921e-19,3.319e-14,9.577e-20,1.443e+1,2.019e-22,9.947e-1,2.828e+1,4.178e-20,1.514e+0,6.921e-12,2.347e+2,1.262e-18,3.722e-21,1.317e-23,,,,,,,,,,,,2.352e-3,7.156e-19,,2.686e-5,,,,,,3.648e-16,,4.623e-19,1.625e-16,3.320e-8,3.719e-18
287.22,3.029e+2,2.982e-22,5.741e-17,4.146e-26,,1.162e-14,1.205e-45,1.784e-18,7.960e-19,,6.685e-17,3.427e-19,4.058e-30,2.324e-1,9.986e-14,7.046e-14,,3.696e-28,2.051e-43,1.888e-21,3.923e-19,2.847e-14,9.592e-20,2.091e+1,2.021e-22,9.658e-1,2.516e+1,4.167e-20,1.434e+0,2.046e-11,2.542e+2,5.194e-19,3.723e-21,1.319e-23,,,,,,,,,,,,3.780e-3,7.079e-19,,1.396e-5,,,,,,1.037e-16,,4.630e-19,6.135e-16,8.163e-8,3.719e-18
287.24,3.181e+2,2.927e-22,4.191e-17,4.632e-26,,1.111e-14,9.960e-46,1.769e-18,7.916e-19,,6.691e-17,3.420e-19,4.047e-30,3.568e-1,2.002e-13,7.894e-14,,3.697e-28,2.052e-43,1.889e-21,3.924e-19,2.541e-14,9.602e-20,2.646e+1,2.022e-22,9.367e-1,2.323e+1,4.160e-20,1.376e+0,4.166e-11,2.658e+2,2.841e-19,3.724e-21,1.320e-23,,,,,,,,,,,,5.126e-3,7.028e-19,,8.916e-6,,,,,,4.434e-17,,4.635e-19,1.470e-15,1.470e-7,3.720e-18
287.27,3.410e+2,2.845e-22,4.140e-17,5.376e-26,,1.021e-14,7.353e-46,1.745e-18,7.851e-19,,6.699e-17,3.410e-19,4.030e-30,6.669e-1,5.583e-13,9.202e-14,,3.698e-28,2.053e-43,1.890e-21,3.926e-19,2.108e-14,9.617e-20,3.704e+1,2.024e-22,8.806e-1,2.058e+1,4.149e-20,1.282e+0,1.190e-10,2.806e+2,1.129e-19,3.725e-21,1.321e-23,,,,,,,,,,,,7.957e-3,6.951e-19,,4.473e-6,,,,,,1.217e-17,,4.642e-19,5.363e-15,3.492e-7,3.720e-18
287.29,3.563e+2,2.790e-22,5.681e-17,5.870e-26,,9.545e-15,5.937e-46,1.729e-18,7.807e-19,,6.705e-17,3.403e-19,4.019e-30,1.000e+0,1.094e-12,1.008e-13,,3.699e-28,2.054e-43,1.890e-21,3.927e-19,1.840e-14,9.627e-20,4.581e+1,2.025e-22,8.366e-1,1.896e+1,4.142e-20,1.217e+0,2.368e-10,2.884e+2,6.034e-20,3.726e-21,1.322e-23,,,,,,,,,,,,1.055e-2,6.900e-19,,2.791e-6,,,,,,5.081e-18,,4.647e-19,1.256e-14,6.147e-7,3.720e-18
287.32,3.794e+2,2.707e-22,1.154e-16,6.583e-26,,8.485e-15,4.233e-46,1.706e-18,7.742e-19,,6.714e-17,3.393e-19,4.002e-30,1.806e+0,2.947e-12,1.135e-13,,3.701e-28,2.055e-43,1.891e-21,3.929e-19,1.475e-14,9.642e-20,6.193e+1,2.027e-22,7.643e-1,1.676e+1,4.131e-20,1.118e+0,6.534e-10,2.970e+2,2.316e-20,3.727e-21,1.323e-23,,,,,,,,,,,,1.581e-2,6.823e-19,,1.352e-6,,,,,,1.347e-18,,4.655e-19,4.428e-14,1.411e-6,3.720e-18
287.34,3.951e+2,2.652e-22,1.941e-16,7.023e-26,,7.762e-15,3.339e-46,1.690e-18,7.698e-19,,6.719e-17,3.386e-19,3.991e-30,2.648e+0,5.642e-12,1.215e-13,,3.702e-28,2.056e-43,1.892e-21,3.930e-19,1.259e-14,9.651e-20,7.484e+1,2.028e-22,7.140e-1,1.544e+1,4.124e-20,1.053e+0,1.271e-9,3.004e+2,1.209e-20,3.728e-21,1.324e-23,,,,,,,,,,,,2.048e-2,6.772e-19,,8.244e-7,,,,,,5.491e-19,,4.659e-19,1.014e-13,2.427e-6,3.720e-18
287.37,4.197e+2,2.569e-22,4.255e-16,7.607e-26,,6.691e-15,2.299e-46,1.667e-18,7.633e-19,,6.728e-17,3.376e-19,3.974e-30,4.618e+0,1.469e-11,1.322e-13,,3.704e-28,2.058e-43,1.893e-21,3.932e-19,9.767e-15,9.666e-20,9.774e+1,2.030e-22,6.390e-1,1.367e+1,4.113e-20,9.586e-1,3.388e-9,3.020e+2,4.481e-21,3.729e-21,1.325e-23,,,,,,,,,,,,2.966e-2,6.695e-19,,3.856e-7,,,,,,1.405e-19,,4.667e-19,3.452e-13,5.381e-6,3.720e-18
287.39,4.370e+2,2.514e-22,7.129e-16,7.931e-26,,6.007e-15,1.772e-46,1.651e-18,7.589e-19,,6.734e-17,3.370e-19,3.963e-30,6.616e+0,2.749e-11,1.383e-13,,3.705e-28,2.058e-43,1.893e-21,3.933e-19,8.159e-15,9.676e-20,1.154e+2,2.031e-22,5.917e-1,1.262e+1,4.106e-20,9.001e-1,6.441e-9,3.008e+2,2.285e-21,3.730e-21,1.326e-23,,,,,,,,,,,,3.753e-2,6.643e-19,,2.297e-7,,,,,,5.596e-20,,4.671e-19,7.724e-13,9.045e-6,3.720e-18
287.42,4.651e+2,2.431e-22,1.522e-15,8.297e-26,,5.057e-15,1.178e-46,1.627e-18,7.523e-19,,6.742e-17,3.360e-19,3.946e-30,1.115e+1,6.916e-11,1.455e-13,,3.706e-28,2.060e-43,1.894e-21,3.935e-19,6.143e-15,9.691e-20,1.456e+2,2.033e-22,5.280e-1,1.125e+1,4.095e-20,8.211e-1,1.659e-8,2.957e+2,8.177e-22,3.731e-21,1.328e-23,,,,,,,,,,,,5.251e-2,6.566e-19,,1.037e-7,,,,,,1.382e-20,,4.679e-19,2.542e-12,1.938e-5,3.720e-18
287.44,4.857e+2,2.376e-22,2.496e-15,8.452e-26,,4.490e-15,8.872e-47,1.612e-18,7.480e-19,,6.748e-17,3.353e-19,3.935e-30,1.561e+1,1.265e-10,1.487e-13,,3.707e-28,2.060e-43,1.895e-21,3.936e-19,5.044e-15,9.701e-20,1.680e+2,2.035e-22,4.923e-1,1.046e+1,4.088e-20,7.762e-1,3.082e-8,2.903e+2,4.074e-22,3.731e-21,1.329e-23,,,,,,,,,,,,6.493e-2,6.515e-19,,6.035e-8,,,,,,1.377e-20,,4.684e-19,5.559e-12,3.183e-5,3.720e-18
287.47,5.204e+2,2.294e-22,5.153e-15,8.540e-26,,3.766e-15,5.697e-47,1.588e-18,7.414e-19,,6.757e-17,3.343e-19,3.918e-30,2.540e+1,3.074e-10,1.512e-13,,3.709e-28,2.062e-43,1.896e-21,3.938e-19,3.733e-15,9.715e-20,2.047e+2,2.036e-22,4.519e-1,9.445e+0,4.077e-20,7.232e-1,7.671e-8,2.795e+2,1.408e-22,3.733e-21,1.330e-23,,,,,,,,,,,,8.776e-2,6.438e-19,,2.632e-8,,,,,,1.370e-20,,4.691e-19,1.767e-11,6.587e-5,1.489e-17
287.49,5.465e+2,2.239e-22,8.262e-15,8.501e-26,,3.378e-15,4.191e-47,1.572e-18,7.371e-19,,6.763e-17,3.336e-19,3.906e-30,3.475e+1,5.494e-10,1.511e-13,,3.710e-28,2.062e-43,1.896e-21,3.939e-19,3.061e-15,9.725e-20,2.309e+2,2.038e-22,4.349e-1,8.886e+0,4.069e-20,6.992e-1,1.393e-7,2.708e+2,6.852e-23,3.733e-21,1.331e-23,,,,,,,,,,,,1.060e-1,6.387e-19,,1.496e-8,,,,,,1.365e-20,,4.696e-19,3.778e-11,1.058e-4,3.710e-17
287.51,5.757e+2,2.184e-22,1.313e-14,8.384e-26,,3.076e-15,3.055e-47,1.557e-18,7.327e-19,,6.768e-17,3.330e-19,3.895e-30,4.710e+1,9.729e-10,1.496e-13,,3.711e-28,2.063e-43,1.897e-21,3.940e-19,2.538e-15,9.735e-20,2.580e+2,2.039e-22,4.267e-1,8.417e+0,4.062e-20,6.854e-1,2.506e-7,2.610e+2,3.304e-23,3.734e-21,1.332e-23,,,,,,,,,,,,1.270e-1,6.335e-19,,8.425e-9,,,,,,1.359e-20,,4.701e-19,8.002e-11,1.682e-4,9.162e-17
287.54,6.264e+2,2.101e-22,2.585e-14,8.070e-26,,2.798e-15,1.868e-47,1.533e-18,7.261e-19,,6.777e-17,3.320e-19,3.878e-30,7.305e+1,2.254e-9,1.449e-13,,3.712e-28,2.064e-43,1.898e-21,3.942e-19,2.003e-15,9.750e-20,2.995e+2,2.041e-22,4.322e-1,7.876e+0,4.051e-20,6.859e-1,5.943e-7,2.448e+2,1.087e-23,3.735e-21,1.333e-23,,,,,,,,,,,,1.635e-1,6.258e-19,,3.498e-9,,,,,,1.352e-20,,4.708e-19,2.425e-10,3.318e-4,3.495e-16
287.56,6.659e+2,2.046e-22,4.016e-14,7.776e-26,,2.740e-15,1.330e-47,1.518e-18,7.218e-19,,6.783e-17,3.313e-19,3.867e-30,9.676e+1,3.900e-9,1.403e-13,,3.713e-28,2.065e-43,1.898e-21,3.943e-19,1.802e-15,9.760e-20,3.270e+2,2.042e-22,4.479e-1,7.621e+0,4.044e-20,7.017e-1,1.045e-6,2.332e+2,5.121e-24,3.736e-21,1.334e-23,,,,,,,,,,,,1.913e-1,6.207e-19,,1.925e-9,,,,,,1.347e-20,,4.713e-19,5.020e-10,5.158e-4,8.435e-16
287.59,7.357e+2,1.963e-22,7.646e-14,7.229e-26,,2.863e-15,7.857e-48,1.494e-18,7.152e-19,,6.792e-17,3.303e-19,3.850e-30,1.450e+2,8.729e-9,1.313e-13,,3.715e-28,2.067e-43,1.899e-21,3.945e-19,1.718e-15,9.774e-20,3.667e+2,2.044e-22,4.897e-1,7.393e+0,4.033e-20,7.495e-1,2.394e-6,2.151e+2,1.627e-24,3.737e-21,1.335e-23,,,,,,,,,,,,2.379e-1,6.130e-19,,7.717e-10,,,,,,1.339e-20,,4.720e-19,1.470e-9,9.827e-4,3.109e-15
287.61,7.908e+2,1.908e-22,1.161e-13,6.807e-26,,3.096e-15,5.466e-48,1.478e-18,7.109e-19,,6.797e-17,3.296e-19,3.839e-30,1.877e+2,1.477e-8,1.242e-13,,3.716e-28,2.067e-43,1.900e-21,3.946e-19,1.805e-15,9.784e-20,3.913e+2,2.045e-22,5.293e-1,7.340e+0,4.026e-20,7.980e-1,4.114e-6,2.029e+2,7.488e-25,3.738e-21,1.336e-23,,,,,,,,,,,,2.719e-1,6.079e-19,,4.148e-10,,,,,,1.334e-20,,4.725e-19,2.974e-9,1.493e-3,7.336e-15
287.64,8.894e+2,1.825e-22,2.137e-13,6.112e-26,,3.694e-15,3.118e-48,1.455e-18,7.043e-19,,6.806e-17,3.286e-19,3.822e-30,2.716e+2,3.193e-8,1.124e-13,,3.717e-28,2.069e-43,1.901e-21,3.948e-19,2.156e-15,9.799e-20,4.240e+2,2.047e-22,6.047e-1,7.404e+0,4.015e-20,8.950e-1,9.109e-6,1.845e+2,2.297e-25,3.739e-21,1.338e-23,,,,,,,,,,,,3.267e-1,6.002e-19,,1.606e-10,,,,,,1.327e-20,,4.732e-19,8.414e-9,2.748e-3,2.613e-14
287.66,9.679e+2,1.770e-22,3.174e-13,5.624e-26,,4.271e-15,2.119e-48,1.439e-18,6.999e-19,,6.812e-17,3.279e-19,3.811e-30,3.436e+2,5.278e-8,1.039e-13,,3.718e-28,2.069e-43,1.901e-21,3.949e-19,2.544e-15,9.809e-20,4.423e+2,2.048e-22,6.645e-1,7.536e+0,4.008e-20,9.751e-1,1.530e-5,1.726e+2,1.033e-25,3.740e-21,1.339e-23,,,,,,,,,,,,3.650e-1,5.951e-19,,8.431e-11,,,,,,1.322e-20,,4.737e-19,1.664e-8,4.081e-3,6.026e-14
287.69,1.109e+3,1.688e-22,5.647e-13,4.877e-26,,5.423e-15,1.167e-48,1.416e-18,6.934e-19,,6.820e-17,3.269e-19,3.794e-30,4.804e+2,1.103e-7,9.086e-14,,3.720e-28,2.071e-43,1.902e-21,3.951e-19,3.381e-15,9.824e-20,4.632e+2,2.050e-22,7.656e-1,7.857e+0,3.997e-20,1.116e+0,3.273e-5,1.553e+2,3.060e-26,3.741e-21,1.340e-23,,,,,,,,,,,,4.236e-1,5.874e-19,,3.152e-11,,,,,,1.314e-20,,4.744e-19,4.549e-8,7.257e-3,2.074e-13
287.71,1.221e+3,1.633e-22,8.199e-13,4.385e-26,,6.393e-15,7.752e-49,1.400e-18,6.890e-19,,6.826e-17,3.263e-19,3.783e-30,5.938e+2,1.782e-7,8.213e-14,,3.721e-28,2.071e-43,1.903e-21,3.952e-19,4.125e-15,9.834e-20,4.724e+2,2.052e-22,8.384e-1,8.145e+0,3.990e-20,1.221e+0,5.371e-5,1.444e+2,1.344e-26,3.742e-21,1.341e-23,,,,,,,,,,,,4.624e-1,5.822e-19,,1.617e-11,,,,,,1.309e-20,,4.749e-19,8.792e-8,1.053e-2,4.675e-13
287.74,1.421e+3,1.550e-22,1.410e-12,3.673e-26,,8.164e-15,4.123e-49,1.376e-18,6.825e-19,,6.835e-17,3.253e-19,3.766e-30,8.020e+2,3.597e-7,6.938e-14,,3.723e-28,2.073e-43,1.904e-21,3.954e-19,5.553e-15,9.848e-20,4.786e+2,2.053e-22,9.519e-1,8.669e+0,3.979e-20,1.391e+0,1.110e-4,1.292e+2,3.844e-27,3.743e-21,1.342e-23,,,,,,,,,,,,5.184e-1,5.745e-19,,5.836e-12,,,,,,1.302e-20,,4.756e-19,2.322e-7,1.809e-2,1.555e-12
287.76,1.579e+3,1.495e-22,2.002e-12,3.227e-26,,9.559e-15,2.676e-49,1.361e-18,6.781e-19,,6.841e-17,3.246e-19,3.755e-30,9.688e+2,5.679e-7,6.130e-14,,3.724e-28,2.073e-43,1.904e-21,3.955e-19,6.730e-15,9.858e-20,4.777e+2,2.055e-22,1.028e+0,9.068e+0,3.972e-20,1.509e+0,1.781e-4,1.201e+2,1.649e-27,3.744e-21,1.343e-23,,,,,,,,,,,,5.530e-1,5.694e-19,,2.925e-12,,,,,,1.297e-20,,4.761e-19,4.387e-7,2.566e-2,3.426e-12
287.79,1.854e+3,1.412e-22,3.330e-12,2.611e-26,,1.196e-14,1.374e-49,1.337e-18,6.716e-19,,6.849e-17,3.236e-19,3.738e-30,1.264e+3,1.108e-6,5.004e-14,,3.725e-28,2.075e-43,1.905e-21,3.957e-19,8.864e-15,9.873e-20,4.689e+2,2.057e-22,1.137e+0,9.722e+0,3.961e-20,1.686e+0,3.556e-4,1.078e+2,4.556e-28,3.745e-21,1.344e-23,,,,,,,,,,,,5.988e-1,5.617e-19,,1.019e-12,,,,,,1.289e-20,,4.768e-19,1.120e-6,4.259e-2,1.101e-11
287.81,2.066e+3,1.357e-22,4.621e-12,2.241e-26,,1.376e-14,8.713e-50,1.321e-18,6.672e-19,,6.855e-17,3.229e-19,3.726e-30,1.492e+3,1.709e-6,4.321e-14,,3.726e-28,2.075e-43,1.906e-21,3.958e-19,1.054e-14,9.883e-20,4.586e+2,2.058e-22,1.204e+0,1.018e+1,3.953e-20,1.801e+0,5.575e-4,1.008e+2,1.910e-28,3.745e-21,1.345e-23,,,,,,,,,,,,6.242e-1,5.566e-19,,4.990e-13,,,,,,1.284e-20,,4.773e-19,2.068e-6,5.902e-2,2.371e-11
287.84,2.426e+3,1.275e-22,7.430e-12,1.751e-26,,1.672e-14,4.322e-50,1.298e-18,6.606e-19,,6.864e-17,3.219e-19,3.710e-30,1.881e+3,3.221e-6,3.409e-14,,3.728e-28,2.077e-43,1.907e-21,3.960e-19,1.346e-14,9.898e-20,4.377e+2,2.060e-22,1.292e+0,1.087e+1,3.943e-20,1.960e+0,1.076e-3,9.205e+1,5.093e-29,3.747e-21,1.347e-23,,,,,,,,,,,,6.530e-1,5.489e-19,,1.680e-13,,,,,,1.276e-20,,4.781e-19,5.099e-6,9.464e-2,7.365e-11
287.86,2.694e+3,1.219e-22,1.008e-11,1.469e-26,,1.883e-14,2.677e-50,1.282e-18,6.563e-19,,6.869e-17,3.213e-19,3.698e-30,2.170e+3,4.859e-6,2.878e-14,,3.729e-28,2.078e-43,1.907e-21,3.961e-19,1.567e-14,9.907e-20,4.209e+2,2.061e-22,1.339e+0,1.132e+1,3.935e-20,2.053e+0,1.648e-3,8.745e+1,2.086e-29,3.747e-21,1.348e-23,,,,,,,,,,,,6.651e-1,5.437e-19,,8.032e-14,,,,,,1.271e-20,,4.785e-19,9.203e-6,1.282e-1,1.550e-10
287.88,2.983e+3,1.164e-22,1.356e-11,1.220e-26,,2.102e-14,1.643e-50,1.266e-18,6.519e-19,,6.875e-17,3.206e-19,3.687e-30,2.480e+3,7.261e-6,2.407e-14,,3.730e-28,2.078e-43,1.908e-21,3.963e-19,1.807e-14,9.917e-20,4.026e+2,2.062e-22,1.376e+0,1.175e+1,3.928e-20,2.134e+0,2.502e-3,8.386e+1,8.462e-30,3.748e-21,1.348e-23,,,,,,,,,,,,6.713e-1,5.386e-19,,3.806e-14,,,,,,1.266e-20,,4.790e-19,1.646e-5,1.720e-1,3.233e-10
287.91,3.450e+3,1.082e-22,2.080e-11,9.085e-27,,2.438e-14,7.761e-51,1.243e-18,6.454e-19,,6.884e-17,3.196e-19,3.670e-30,2.978e+3,1.304e-5,1.810e-14,,3.731e-28,2.080e-43,1.909e-21,3.964e-19,2.200e-14,9.932e-20,3.741e+2,2.064e-22,1.409e+0,1.234e+1,3.917e-20,2.227e+0,4.600e-3,8.040e+1,2.149e-30,3.749e-21,1.350e-23,,,,,,,,,,,,6.690e-1,5.309e-19,,1.220e-14,,,,,,1.259e-20,,4.798e-19,3.868e-5,2.629e-1,9.572e-10
287.93,3.779e+3,1.027e-22,2.735e-11,7.377e-27,,2.661e-14,4.653e-51,1.227e-18,6.410e-19,,6.890e-17,3.189e-19,3.659e-30,3.327e+3,1.905e-5,1.480e-14,,3.732e-28,2.080e-43,1.909e-21,3.966e-19,2.479e-14,9.942e-20,3.555e+2,2.065e-22,1.416e+0,1.267e+1,3.910e-20,2.267e+0,6.825e-3,7.937e+1,8.517e-31,3.750e-21,1.351e-23,,,,,,,,,,,,6.598e-1,5.258e-19,,5.645e-15,,,,,,1.254e-20,,4.802e-19,6.760e-5,3.447e-1,1.951e-9
287.96,4.287e+3,9.440e-23,4.054e-11,5.304e-27,,2.982e-14,2.123e-51,1.204e-18,6.344e-19,,6.898e-17,3.179e-19,3.642e-30,3.860e+3,3.305e-5,1.075e-14,,3.734e-28,2.082e-43,1.910e-21,3.967e-19,2.916e-14,9.957e-20,3.301e+2,2.067e-22,1.402e+0,1.306e+1,3.899e-20,2.295e+0,1.212e-2,7.968e+1,1.898e-31,3.751e-21,1.352e-23,,,,,,,,,,,,6.351e-1,5.181e-19,,1.747e-15,,,,,,1.246e-20,,4.810e-19,1.535e-4,5.089e-1,5.583e-9
287.98,4.628e+3,8.889e-23,5.212e-11,4.208e-27,,3.180e-14,1.244e-51,1.188e-18,6.301e-19,,6.904e-17,3.172e-19,3.631e-30,4.213e+3,4.717e-5,8.594e-15,,3.735e-28,2.082e-43,1.911e-21,3.969e-19,3.213e-14,9.966e-20,3.158e+2,2.069e-22,1.377e+0,1.324e+1,3.892e-20,2.291e+0,1.758e-2,8.108e+1,2.603e-31,3.752e-21,1.353e-23,,,,,,,,,,,,6.121e-1,5.129e-19,,7.899e-16,,,,,,1.241e-20,,4.814e-19,2.623e-4,6.523e-1,1.112e-8
288.01,5.125e+3,8.063e-23,7.472e-11,2.922e-27,,3.444e-14,5.479e-52,1.164e-18,6.235e-19,,6.913e-17,3.162e-19,3.614e-30,4.722e+3,7.908e-5,6.035e-15,,3.736e-28,2.084e-43,1.912e-21,3.971e-19,3.651e-14,9.981e-20,2.999e+2,2.070e-22,1.319e+0,1.337e+1,3.881e-20,2.252e+0,3.018e-2,8.488e+1,3.660e-31,3.753e-21,1.354e-23,,,,,,,,,,,,5.692e-1,5.053e-19,,2.360e-16,,,,,,1.234e-20,,4.822e-19,5.756e-4,9.304e-1,3.075e-8
288.03,5.437e+3,7.512e-23,9.392e-11,2.265e-27,,3.590e-14,3.136e-52,1.149e-18,6.192e-19,,6.918e-17,3.156e-19,3.603e-30,5.036e+3,1.103e-4,4.714e-15,,3.738e-28,2.084e-43,1.912e-21,3.972e-19,3.930e-14,9.991e-20,2.938e+2,2.072e-22,1.267e+0,1.335e+1,3.874e-20,2.208e+0,4.276e-2,8.845e+1,4.365e-31,3.754e-21,1.355e-23,,,,,,,,,,,,5.360e-1,5.001e-19,,1.043e-16,,,,,,1.229e-20,,4.827e-19,9.610e-4,1.165e+0,5.990e-8
288.06,5.859e+3,6.686e-23,1.302e-10,1.520e-27,,3.755e-14,1.334e-52,1.125e-18,6.126e-19,,6.927e-17,3.146e-19,3.586e-30,5.453e+3,1.787e-4,3.199e-15,,3.739e-28,2.086e-43,1.913e-21,3.974e-19,4.314e-14,1.001e-19,2.921e+2,2.074e-22,1.176e+0,1.317e+1,3.863e-20,2.117e+0,7.092e-2,9.518e+1,5.422e-31,3.755e-21,1.357e-23,,,,,,,,,,,,4.815e-1,4.924e-19,,3.008e-17,,,,,,1.221e-20,,4.834e-19,2.038e-3,1.606e+0,1.600e-7
288.08,6.099e+3,6.135e-23,1.600e-10,1.151e-27,,3.825e-14,7.460e-53,1.109e-18,6.082e-19,,6.933e-17,3.139e-19,3.575e-30,5.684e+3,2.437e-4,2.443e-15,,3.740e-28,2.087e-43,1.914e-21,3.975e-19,4.538e-14,1.002e-19,2.963e+2,2.075e-22,1.108e+0,1.294e+1,3.856e-20,2.045e+0,9.823e-2,1.005e+2,6.127e-31,3.756e-21,1.358e-23,,,,,,,,,,,,4.431e-1,4.873e-19,,1.298e-17,,,,,,1.216e-20,,4.839e-19,3.325e-3,1.966e+0,3.046e-7
288.11,6.384e+3,5.309e-23,2.144e-10,7.458e-28,,3.866e-14,3.065e-53,1.086e-18,6.017e-19,,6.941e-17,3.129e-19,3.558e-30,5.945e+3,3.814e-4,1.602e-15,,3.742e-28,2.088e-43,1.915e-21,3.977e-19,4.813e-14,1.003e-19,3.107e+2,2.077e-22,9.994e-1,1.245e+1,3.845e-20,1.925e+0,1.574e-1,1.093e+2,7.184e-31,3.757e-21,1.359e-23,,,,,,,,,,,,3.845e-1,4.796e-19,,3.616e-18,,,,,,1.209e-20,,4.846e-19,6.814e-3,2.617e+0,7.865e-7
288.13,6.515e+3,4.758e-23,2.576e-10,5.520e-28,,3.849e-14,1.675e-53,1.070e-18,5.973e-19,,6.947e-17,3.122e-19,3.547e-30,6.056e+3,5.082e-4,1.195e-15,,3.743e-28,2.089e-43,1.915e-21,3.978e-19,4.948e-14,1.004e-19,3.254e+2,2.078e-22,9.263e-1,1.202e+1,3.837e-20,1.843e+0,2.130e-1,1.157e+2,7.888e-31,3.758e-21,1.360e-23,,,,,,,,,,,,3.457e-1,4.745e-19,,1.525e-18,,,,,,1.204e-20,,4.851e-19,1.087e-2,3.131e+0,1.463e-6
288.16,6.617e+3,3.931e-23,3.337e-10,3.454e-28,,3.759e-14,6.645e-54,1.047e-18,5.908e-19,,6.956e-17,3.112e-19,3.530e-30,6.119e+3,7.684e-4,7.576e-16,,3.744e-28,2.090e-43,1.916e-21,3.980e-19,5.069e-14,1.006e-19,3.542e+2,2.080e-22,8.206e-1,1.126e+1,3.827e-20,1.724e+0,3.298e-1,1.255e+2,8.945e-31,3.759e-21,1.361e-23,,,,,,,,,,,,2.898e-1,4.668e-19,,4.101e-19,,,,,,1.196e-20,,4.858e-19,2.152e-2,4.027e+0,3.651e-6
288.18,6.618e+3,3.380e-23,3.921e-10,2.498e-28,,3.658e-14,3.547e-54,1.031e-18,5.864e-19,,6.962e-17,3.106e-19,3.518e-30,6.091e+3,1.001e-3,5.526e-16,,3.745e-28,2.091e-43,1.917e-21,3.981e-19,5.092e-14,1.006e-19,3.772e+2,2.081e-22,7.556e-1,1.067e+1,3.819e-20,1.651e+0,4.363e-1,1.321e+2,9.650e-31,3.760e-21,1.362e-23,,,,,,,,,,,,2.546e-1,4.616e-19,,1.689e-19,,,,,,1.191e-20,,4.863e-19,3.354e-2,4.708e+0,6.639e-6
288.21,6.521e+3,2.554e-23,4.911e-10,1.510e-28,,3.453e-14,1.359e-54,1.007e-18,5.799e-19,,6.970e-17,3.096e-19,3.502e-30,5.945e+3,1.462e-3,3.385e-16,,3.747e-28,2.092e-43,1.918e-21,3.983e-19,5.040e-14,1.008e-19,4.158e+2,2.083e-22,6.711e-1,9.712e+0,3.808e-20,1.559e+0,6.526e-1,1.415e+2,1.071e-30,3.761e-21,1.363e-23,,,,,,,,,,,,2.062e-1,4.539e-19,,4.388e-20,,,,,,1.183e-20,,4.870e-19,6.416e-2,5.849e+0,1.601e-5
288.23,6.392e+3,2.003e-23,5.642e-10,1.067e-28,,3.285e-14,7.088e-55,9.916e-19,5.755e-19,,6.976e-17,3.089e-19,3.490e-30,5.783e+3,1.861e-3,2.413e-16,,3.748e-28,2.093e-43,1.918e-21,3.984e-19,4.948e-14,1.009e-19,4.431e+2,2.084e-22,6.259e-1,9.032e+0,3.801e-20,1.513e+0,8.438e-1,1.474e+2,1.141e-30,3.761e-21,1.364e-23,,,,,,,,,,,,1.770e-1,4.488e-19,,1.765e-20,,,,,,1.178e-20,,4.875e-19,9.775e-2,6.683e+0,2.845e-5
288.25,6.216e+3,1.452e-23,6.425e-10,7.470e-29,,3.097e-14,3.662e-55,9.759e-19,5.711e-19,,6.982e-17,3.082e-19,3.479e-30,5.574e+3,2.347e-3,1.705e-16,,3.749e-28,2.093e-43,1.919e-21,3.985e-19,4.813e-14,1.010e-19,4.708e+2,2.086e-22,5.916e-1,8.333e+0,3.794e-20,1.481e+0,1.081e+0,1.526e+2,1.212e-30,3.762e-21,1.365e-23,,,,,,,,,,,,1.506e-1,4.437e-19,,7.038e-21,,,,,,1.173e-20,,4.880e-19,1.476e-1,7.567e+0,5.012e-5
288.28,5.874e+3,6.259e-24,7.675e-10,4.301e-29,,2.788e-14,1.336e-55,9.524e-19,5.646e-19,,6.990e-17,3.072e-19,3.462e-30,5.184e+3,3.268e-3,9.953e-17,,3.750e-28,2.095e-43,1.920e-21,3.987e-19,4.538e-14,1.011e-19,5.111e+2,2.087e-22,5.633e-1,7.273e+0,3.783e-20,1.463e+0,1.541e+0,1.590e+2,1.317e-30,3.763e-21,1.367e-23,,,,,,,,,,,,1.162e-1,4.360e-19,,1.741e-21,,,,,,1.166e-20,,4.887e-19,2.691e-1,8.959e+0,1.152e-4
288.3,5.601e+3,1.573e-23,8.545e-10,2.942e-29,,2.570e-14,6.746e-56,9.367e-19,5.602e-19,,6.996e-17,3.065e-19,3.451e-30,4.882e+3,4.028e-3,6.873e-17,,3.751e-28,5.311e-43,1.920e-21,3.988e-19,4.314e-14,1.012e-19,5.358e+2,2.089e-22,5.619e-1,6.574e+0,3.776e-20,1.474e+0,1.930e+0,1.622e+2,1.388e-30,3.764e-21,1.368e-23,,,,,,,,,,,,9.666e-2,4.308e-19,,1.739e-21,,,,,,1.161e-20,,4.892e-19,3.970e-1,9.912e+0,1.983e-4
288.33,5.141e+3,6.160e-23,9.870e-10,1.636e-29,,2.239e-14,2.377e-56,9.131e-19,5.537e-19,,7.005e-17,3.055e-19,3.434e-30,4.386e+3,5.418e-3,3.877e-17,,3.753e-28,2.108e-42,1.921e-21,3.990e-19,3.930e-14,1.014e-19,5.678e+2,2.091e-22,5.889e-1,5.563e+0,3.765e-20,1.525e+0,2.658e+0,1.650e+2,1.494e-30,3.765e-21,1.369e-23,,,,,,,,,,,,7.211e-2,4.231e-19,,1.737e-21,,,,,,1.153e-20,,4.899e-19,6.994e-1,1.134e+1,4.404e-4
288.35,4.811e+3,1.513e-22,1.074e-9,1.094e-29,,2.020e-14,1.173e-56,8.974e-19,5.493e-19,,7.011e-17,3.049e-19,3.423e-30,4.037e+3,6.528e-3,2.617e-17,,3.754e-28,5.226e-42,1.922e-21,3.991e-19,3.651e-14,1.015e-19,5.848e+2,2.092e-22,6.278e-1,4.924e+0,3.758e-20,1.583e+0,3.253e+0,1.653e+2,1.564e-30,3.766e-21,1.370e-23,,,,,,,,,,,,5.870e-2,4.180e-19,,1.735e-21,,,,,,1.148e-20,,4.904e-19,1.009e+0,1.226e+1,7.410e-4
288.38,4.296e+3,5.728e-22,1.200e-9,5.875e-30,,1.705e-14,3.991e-57,8.739e-19,5.427e-19,,7.019e-17,3.039e-19,3.406e-30,3.504e+3,8.484e-3,1.427e-17,,3.755e-28,2.005e-41,1.923e-21,3.993e-19,3.213e-14,1.016e-19,6.022e+2,2.094e-22,7.198e-1,4.036e+0,3.747e-20,1.706e+0,4.330e+0,1.636e+2,1.670e-30,3.767e-21,1.371e-23,,,,,,,,,,,,4.251e-2,4.103e-19,,1.733e-21,,,,,,1.141e-20,,4.911e-19,1.717e+0,1.355e+1,1.590e-3
288.4,3.948e+3,1.375e-21,1.277e-9,3.837e-30,,1.508e-14,1.923e-57,8.582e-19,5.384e-19,,7.025e-17,3.032e-19,3.395e-30,3.151e+3,9.989e-3,9.413e-18,,3.757e-28,4.858e-41,1.923e-21,3.994e-19,2.916e-14,1.017e-19,6.079e+2,2.095e-22,8.048e-1,3.497e+0,3.739e-20,1.813e+0,5.180e+0,1.610e+2,1.740e-30,3.768e-21,1.372e-23,,,,,,,,,,,,3.406e-2,4.052e-19,,1.731e-21,,,,,,1.136e-20,,4.916e-19,2.420e+0,1.432e+1,2.616e-3
288.43,3.436e+3,5.032e-21,1.379e-9,1.991e-30,,1.236e-14,6.320e-58,8.347e-19,5.318e-19,,7.034e-17,3.022e-19,3.378e-30,2.642e+3,1.254e-2,4.959e-18,,3.758e-28,1.802e-40,1.924e-21,3.996e-19,2.479e-14,1.019e-19,6.071e+2,2.097e-22,9.696e-1,2.774e+0,3.729e-20,2.011e+0,6.663e+0,1.547e+2,1.846e-30,3.769e-21,1.373e-23,,,,,,,,,,,,2.439e-2,3.975e-19,,1.729e-21,,,,,,1.128e-20,,4.924e-19,3.981e+0,1.529e+1,5.424e-3
288.45,3.107e+3,1.182e-20,1.435e-9,1.270e-30,,1.073e-14,2.975e-58,8.190e-19,5.275e-19,,7.040e-17,3.015e-19,3.367e-30,2.322e+3,1.443e-2,3.198e-18,,3.759e-28,4.268e-40,1.925e-21,3.997e-19,2.199e-14,1.020e-19,6.005e+2,2.098e-22,1.105e+0,2.352e+0,3.721e-20,2.167e+0,7.791e+0,1.492e+2,1.916e-30,3.770e-21,1.374e-23,,,,,,,,,,,,1.972e-2,3.924e-19,,1.727e-21,,,,,,1.123e-20,,4.928e-19,5.484e+0,1.579e+1,8.720e-3
288.48,2.642e+3,4.180e-20,1.498e-9,6.366e-31,,8.572e-15,9.445e-59,7.954e-19,5.209e-19,,7.048e-17,3.005e-19,3.350e-30,1.881e+3,1.751e-2,1.628e-18,,3.761e-28,1.530e-39,1.926e-21,3.999e-19,1.806e-14,1.021e-19,5.819e+2,2.100e-22,1.348e+0,1.806e+0,3.710e-20,2.437e+0,9.687e+0,1.392e+2,2.022e-30,3.771e-21,1.376e-23,,,,,,,,,,,,1.504e-2,3.847e-19,,1.725e-21,,,,,,1.115e-20,,4.936e-19,8.717e+0,1.628e+1,1.747e-2
288.5,2.356e+3,9.593e-20,1.525e-9,3.970e-31,,7.330e-15,4.344e-59,7.797e-19,5.165e-19,,7.054e-17,2.999e-19,3.339e-30,1.616e+3,1.969e-2,1.026e-18,,3.762e-28,3.542e-39,1.926e-21,4.000e-19,1.566e-14,1.022e-19,5.643e+2,2.101e-22,1.536e+0,1.497e+0,3.703e-20,2.641e+0,1.108e+1,1.315e+2,2.093e-30,3.772e-21,1.377e-23,,,,,,,,,,,,1.336e-2,3.795e-19,,1.724e-21,,,,,,1.110e-20,,4.941e-19,1.174e+1,1.643e+1,2.746e-2
288.53,1.968e+3,3.279e-19,1.539e-9,1.921e-31,,5.748e-15,1.332e-59,7.562e-19,5.100e-19,,7.063e-17,2.989e-19,3.322e-30,1.264e+3,2.309e-2,5.047e-19,,3.763e-28,1.227e-38,1.927e-21,4.002e-19,1.242e-14,1.024e-19,5.316e+2,2.103e-22,1.858e+0,1.112e+0,3.692e-20,2.983e+0,1.331e+1,1.189e+2,2.198e-30,3.773e-21,1.378e-23,,,,,,,,,,,,1.294e-2,3.718e-19,,1.721e-21,,,,,,1.103e-20,,4.948e-19,1.803e+1,1.638e+1,5.318e-2
288.55,1.739e+3,7.356e-19,1.531e-9,1.171e-31,,4.867e-15,5.984e-60,7.405e-19,5.056e-19,,7.068e-17,2.982e-19,3.310e-30,1.061e+3,2.537e-2,3.109e-19,,3.764e-28,2.777e-38,1.928e-21,4.003e-19,1.052e-14,1.025e-19,5.064e+2,2.104e-22,2.098e+0,9.015e-1,3.685e-20,3.235e+0,1.489e+1,1.100e+2,2.269e-30,3.774e-21,1.379e-23,,,,,,,,,,,,1.413e-2,3.667e-19,,1.720e-21,,,,,,1.098e-20,,4.953e-19,2.372e+1,1.615e+1,8.168e-2
288.58,1.439e+3,2.430e-18,1.494e-9,5.473e-32,,3.780e-15,1.771e-60,7.169e-19,4.991e-19,,7.077e-17,2.972e-19,3.294e-30,8.020e+2,2.874e-2,1.478e-19,,3.766e-28,9.300e-38,1.929e-21,4.005e-19,8.065e-15,1.026e-19,4.654e+2,2.106e-22,2.494e+0,6.472e-1,3.674e-20,3.647e+0,1.731e+1,9.632e+1,2.374e-30,3.775e-21,1.380e-23,,,,,,,,,,,,1.844e-2,3.590e-19,,1.717e-21,,,,,,1.090e-20,,4.960e-19,3.520e+1,1.555e+1,1.528e-1
288.6,1.269e+3,5.330e-18,1.454e-9,3.259e-32,,3.192e-15,7.778e-61,7.012e-19,4.947e-19,,7.083e-17,2.965e-19,3.282e-30,6.579e+2,3.087e-2,8.899e-20,,3.767e-28,2.058e-37,1.929e-21,4.006e-19,6.677e-15,1.027e-19,4.371e+2,2.108e-22,2.779e+0,5.132e-1,3.667e-20,3.944e+0,1.894e+1,8.723e+1,2.445e-30,3.776e-21,1.381e-23,,,,,,,,,,,,2.333e-2,3.539e-19,,1.716e-21,,,,,,1.085e-20,,4.965e-19,4.528e+1,1.499e+1,2.295e-1
288.62,1.122e+3,1.158e-17,1.402e-9,1.922e-32,,2.699e-15,3.383e-61,6.855e-19,4.903e-19,,7.089e-17,2.959e-19,3.271e-30,5.347e+2,3.286e-2,5.310e-20,,3.768e-28,4.513e-37,1.930e-21,4.007e-19,5.477e-15,1.028e-19,4.087e+2,2.109e-22,3.079e+0,4.032e-1,3.660e-20,4.258e+0,2.055e+1,7.832e+1,2.515e-30,3.776e-21,1.382e-23,,,,,,,,,,,,3.018e-2,8.995e-19,,1.714e-21,,,,,,1.080e-20,,4.970e-19,5.770e+1,1.432e+1,3.414e-1
288.65,9.449e+2,3.649e-17,1.305e-9,8.560e-33,,2.110e-15,9.538e-62,6.620e-19,4.838e-19,,7.097e-17,2.948e-19,3.254e-30,3.851e+2,3.547e-2,2.406e-20,,3.769e-28,1.441e-36,1.931e-21,4.009e-19,3.999e-15,1.030e-19,3.674e+2,2.111e-22,3.551e+0,2.761e-1,3.649e-20,4.758e+0,2.286e+1,6.558e+1,2.621e-30,3.777e-21,1.383e-23,,,,,,,,,,,,4.509e-2,3.583e-18,,1.712e-21,,,,,,1.073e-20,,4.977e-19,8.161e+1,1.314e+1,6.089e-1
288.67,8.534e+2,7.753e-17,1.230e-9,4.934e-33,,1.799e-15,4.053e-62,6.463e-19,4.794e-19,,7.103e-17,2.942e-19,3.243e-30,3.058e+2,3.690e-2,1.403e-20,,3.770e-28,3.088e-36,1.931e-21,4.010e-19,3.206e-15,1.031e-19,3.416e+2,2.112e-22,3.874e+0,2.120e-1,3.642e-20,5.107e+0,2.429e+1,5.763e+1,2.692e-30,3.778e-21,1.384e-23,,,,,,,,,,,,5.889e-2,8.904e-18,,1.710e-21,,,,,,1.068e-20,,4.982e-19,1.017e+2,1.226e+1,8.853e-1
288.7,7.538e+2,2.360e-16,1.108e-9,2.122e-33,,1.429e-15,1.104e-62,6.227e-19,4.729e-19,,7.112e-17,2.932e-19,3.226e-30,2.128e+2,3.848e-2,6.142e-21,,3.772e-28,9.529e-36,1.932e-21,4.012e-19,2.262e-15,1.032e-19,3.065e+2,2.114e-22,4.365e+0,1.403e-1,3.631e-20,5.651e+0,2.624e+1,4.674e+1,2.797e-30,3.779e-21,1.386e-23,,,,,,,,,,,,8.703e-2,3.429e-17,,1.708e-21,,,,,,1.060e-20,,4.989e-19,1.389e+2,1.087e+1,1.526e+0
288.72,7.109e+2,4.903e-16,1.021e-9,1.195e-33,,1.234e-15,4.582e-63,6.070e-19,4.685e-19,,7.117e-17,2.925e-19,3.215e-30,1.651e+2,3.912e-2,3.501e-21,,3.773e-28,1.997e-35,1.933e-21,4.013e-19,1.772e-15,1.033e-19,2.859e+2,2.115e-22,4.689e+0,1.053e-1,3.623e-20,6.020e+0,2.738e+1,4.023e+1,2.868e-30,3.780e-21,1.387e-23,,,,,,,,,,,,1.119e-1,8.330e-17,,1.707e-21,,,,,,1.055e-20,,4.994e-19,1.691e+2,9.912e+0,2.169e+0
288.75,6.787e+2,1.443e-15,8.887e-10,4.965e-34,,9.997e-16,1.205e-63,5.835e-19,4.620e-19,,7.126e-17,2.915e-19,3.198e-30,1.110e+2,3.942e-2,1.481e-21,,3.775e-28,5.955e-35,1.934e-21,4.015e-19,1.207e-15,1.035e-19,2.598e+2,2.117e-22,5.158e+0,6.738e-2,3.613e-20,6.576e+0,2.883e+1,3.164e+1,2.973e-30,3.781e-21,1.388e-23,,,,,,,,,,,,1.607e-1,3.101e-16,,1.704e-21,,,,,,1.048e-20,,5.001e-19,2.234e+2,8.488e+0,3.612e+0
288.77,6.771e+2,2.930e-15,8.011e-10,2.733e-34,,8.733e-16,4.888e-64,5.678e-19,4.576e-19,,7.132e-17,2.908e-19,3.187e-30,8.417e+1,3.917e-2,8.251e-22,,3.776e-28,1.220e-34,1.934e-21,4.017e-19,9.242e-16,1.036e-19,2.455e+2,2.118e-22,5.453e+0,4.945e-2,3.605e-20,6.941e+0,2.963e+1,2.671e+1,3.044e-30,3.782e-21,1.389e-23,,,,,,,,,,,,2.023e-1,7.364e-16,,1.703e-21,,,,,,1.043e-20,,5.006e-19,2.658e+2,7.567e+0,5.018e+0
288.8,7.016e+2,8.333e-15,6.742e-10,1.096e-34,,7.169e-16,1.241e-64,5.442e-19,4.510e-19,,7.140e-17,2.898e-19,3.170e-30,5.465e+1,3.813e-2,3.373e-22,,3.777e-28,3.517e-34,1.935e-21,4.018e-19,6.084e-16,1.037e-19,2.287e+2,2.120e-22,5.858e+0,3.058e-2,3.594e-20,7.465e+0,3.060e+1,2.048e+1,3.150e-30,3.783e-21,1.390e-23,,,,,,,,,,,,2.811e-1,2.650e-15,,1.700e-21,,,,,,1.035e-20,,5.013e-19,3.391e+2,6.260e+0,8.077e+0
288.82,7.341e+2,1.654e-14,5.943e-10,5.896e-35,,6.300e-16,4.919e-65,5.285e-19,4.467e-19,,7.146e-17,2.892e-19,3.159e-30,4.050e+1,3.703e-2,1.837e-22,,3.778e-28,7.042e-34,1.936e-21,4.020e-19,4.552e-16,1.038e-19,2.203e+2,2.122e-22,6.097e+0,2.196e-2,3.587e-20,7.792e+0,3.114e+1,1.706e+1,3.220e-30,3.784e-21,1.391e-23,,,,,,,,,,,,3.461e-1,6.152e-15,,1.699e-21,,,,,,1.030e-20,,5.018e-19,3.944e+2,5.453e+0,1.097e+1
288.85,8.043e+2,4.548e-14,4.836e-10,2.285e-35,,5.193e-16,1.206e-65,5.050e-19,4.401e-19,,7.155e-17,2.882e-19,3.142e-30,2.540e+1,3.483e-2,7.254e-23,,3.780e-28,1.962e-33,1.937e-21,4.021e-19,2.895e-16,1.039e-19,2.113e+2,2.123e-22,6.399e+0,1.318e-2,3.576e-20,8.232e+0,3.186e+1,1.295e+1,3.326e-30,3.785e-21,1.392e-23,,,,,,,,,,,,4.650e-1,2.139e-14,,1.697e-21,,,,,,1.022e-20,,5.025e-19,4.863e+2,4.359e+0,1.706e+1
288.87,8.636e+2,8.826e-14,4.168e-10,1.201e-35,,4.564e-16,,4.893e-19,4.358e-19,,7.161e-17,2.875e-19,3.130e-30,1.840e+1,3.306e-2,3.861e-23,,3.781e-28,3.841e-33,1.937e-21,4.023e-19,2.118e-16,1.040e-19,2.073e+2,2.125e-22,6.559e+0,9.332e-3,3.569e-20,8.485e+0,3.235e+1,1.083e+1,3.396e-30,3.786e-21,1.393e-23,,,,,,,,,,,,5.598e-1,4.856e-14,,1.695e-21,,,,,,1.017e-20,,5.030e-19,5.528e+2,3.711e+0,2.264e+1
288.9,9.680e+2,2.346e-13,3.280e-10,4.494e-36,,3.753e-16,,4.657e-19,4.292e-19,,7.169e-17,2.865e-19,3.114e-30,1.115e+1,3.004e-2,1.473e-23,,3.782e-28,1.034e-32,1.938e-21,4.024e-19,1.304e-16,1.042e-19,2.034e+2,2.127e-22,6.735e+0,5.604e-3,3.558e-20,8.788e+0,3.322e+1,8.510e+0,3.502e-30,3.787e-21,1.395e-23,,,,,,,,,,,,7.270e-1,1.632e-13,,1.693e-21,,,,,,1.010e-20,,5.037e-19,6.585e+2,2.866e+0,3.403e+1
288.92,1.046e+3,4.450e-13,2.765e-10,2.307e-36,,3.292e-16,,4.500e-19,4.248e-19,,7.175e-17,2.858e-19,3.102e-30,7.891e+0,2.787e-2,7.664e-24,,3.783e-28,1.979e-32,1.939e-21,4.026e-19,9.349e-17,1.043e-19,2.018e+2,2.128e-22,6.809e+0,4.106e-3,3.551e-20,8.935e+0,3.397e+1,7.483e+0,3.572e-30,3.788e-21,1.396e-23,,,,,,,,,,,,8.557e-1,3.622e-13,,1.691e-21,,,,,,1.005e-20,,5.042e-19,7.316e+2,2.384e+0,4.414e+1
288.95,1.172e+3,1.143e-12,2.104e-10,8.342e-37,,2.706e-16,,4.265e-19,4.183e-19,,7.184e-17,2.848e-19,3.086e-30,4.618e+0,2.447e-2,2.826e-24,,3.785e-28,5.151e-32,1.939e-21,4.027e-19,5.639e-17,1.044e-19,2.002e+2,2.130e-22,6.859e+0,2.922e-3,3.540e-20,9.062e+0,3.552e+1,6.659e+0,3.678e-30,3.789e-21,1.397e-23,,,,,,,,,,,,1.074e+0,1.177e-12,,1.689e-21,,,,,,9.973e-21,,5.050e-19,8.422e+2,1.779e+0,6.411e+1
288.97,1.260e+3,2.120e-12,1.734e-10,4.185e-37,,2.382e-16,,4.108e-19,4.139e-19,,7.189e-17,2.842e-19,3.074e-30,3.195e+0,2.218e-2,1.437e-24,,3.786e-28,9.637e-32,1.940e-21,4.029e-19,4.051e-17,1.045e-19,1.992e+2,2.131e-22,6.854e+0,2.705e-3,3.533e-20,9.082e+0,3.690e+1,6.561e+0,3.749e-30,3.790e-21,1.398e-23,,,,,,,,,,,,1.236e+0,2.553e-12,,1.687e-21,,,,,,9.922e-21,,5.054e-19,9.145e+2,1.446e+0,8.129e+1
288.99,1.350e+3,3.897e-12,1.416e-10,2.080e-37,,2.109e-16,,3.951e-19,4.096e-19,,7.195e-17,2.835e-19,3.063e-30,2.189e+0,1.992e-2,7.237e-25,,3.787e-28,1.787e-31,1.941e-21,4.030e-19,2.982e-17,1.046e-19,1.979e+2,2.132e-22,6.824e+0,2.908e-3,3.526e-20,9.050e+0,3.863e+1,6.810e+0,3.819e-30,3.790e-21,1.399e-23,,,,,,,,,,,,1.410e+0,5.489e-12,,1.686e-21,,,,,,9.872e-21,,5.059e-19,9.839e+2,1.165e+0,1.021e+2
289.02,1.485e+3,9.547e-12,1.028e-10,7.164e-38,,1.787e-16,,3.715e-19,4.030e-19,,7.204e-17,2.825e-19,3.046e-30,1.221e+0,1.667e-2,2.544e-25,,3.788e-28,4.433e-31,1.942e-21,4.032e-19,2.128e-17,1.048e-19,1.952e+2,2.134e-22,6.739e+0,4.059e-3,3.515e-20,8.904e+0,4.196e+1,7.827e+0,3.925e-30,3.791e-21,1.400e-23,,,,,,,,,,,,1.688e+0,1.701e-11,,1.683e-21,,,,,,9.797e-21,,5.067e-19,1.079e+3,8.284e-1,1.414e+2
289.04,1.574e+3,1.715e-11,8.215e-11,3.479e-38,,1.628e-16,,3.558e-19,3.986e-19,,7.210e-17,2.818e-19,3.035e-30,8.177e-1,1.464e-2,1.252e-25,,3.789e-28,8.034e-31,1.942e-21,4.033e-19,1.978e-17,1.049e-19,1.926e+2,2.135e-22,6.662e+0,5.513e-3,3.507e-20,8.745e+0,4.472e+1,8.937e+0,3.995e-30,3.792e-21,1.401e-23,,,,,,,,,,,,1.882e+0,3.574e-11,,1.682e-21,,,,,,9.746e-21,,5.071e-19,1.135e+3,6.523e-1,1.737e+2
289.07,1.702e+3,4.062e-11,5.768e-11,1.157e-38,,1.466e-16,,3.323e-19,3.921e-19,,7.218e-17,2.808e-19,3.018e-30,4.405e-1,1.183e-2,4.252e-26,,3.791e-28,1.927e-30,1.943e-21,4.035e-19,2.362e-17,1.050e-19,1.871e+2,2.137e-22,6.531e+0,9.117e-3,3.497e-20,8.423e+0,4.972e+1,1.127e+1,4.101e-30,3.793e-21,1.402e-23,,,,,,,,,,,,2.179e+0,1.071e-10,,1.680e-21,,,,,,9.671e-21,,5.079e-19,1.203e+3,4.480e-1,2.323e+2
289.09,1.783e+3,7.137e-11,4.506e-11,5.492e-39,,1.404e-16,,3.166e-19,3.877e-19,,7.224e-17,2.801e-19,3.007e-30,2.883e-1,1.015e-2,2.046e-26,,3.792e-28,3.414e-30,1.944e-21,4.036e-19,3.087e-17,1.051e-19,1.824e+2,2.139e-22,6.439e+0,1.282e-2,3.489e-20,8.157e+0,5.362e+1,1.328e+1,4.171e-30,3.794e-21,1.403e-23,,,,,,,,,,,,2.375e+0,2.199e-10,,1.678e-21,,,,,,9.621e-21,,5.084e-19,1.237e+3,3.447e-1,2.789e+2
289.12,1.896e+3,1.634e-10,3.060e-11,1.765e-39,,1.373e-16,,2.930e-19,3.812e-19,,7.233e-17,2.791e-19,2.990e-30,1.500e-1,7.932e-3,6.713e-27,,3.794e-28,7.914e-30,1.945e-21,4.038e-19,5.135e-17,1.053e-19,1.737e+2,2.140e-22,6.302e+0,2.121e-2,3.478e-20,7.696e+0,6.030e+1,1.702e+1,4.277e-30,3.795e-21,1.405e-23,,,,,,,,,,,,2.658e+0,6.368e-10,,1.676e-21,,,,,,9.545e-21,,5.091e-19,1.267e+3,2.287e-1,3.605e+2
289.14,1.965e+3,2.806e-10,2.338e-11,8.183e-40,,1.387e-16,,2.773e-19,3.768e-19,,7.238e-17,2.785e-19,2.979e-30,9.596e-2,6.651e-3,3.157e-27,,3.795e-28,1.371e-29,1.945e-21,4.039e-19,7.400e-17,1.054e-19,1.669e+2,2.142e-22,6.217e+0,2.940e-2,3.471e-20,7.355e+0,6.524e+1,2.000e+1,4.348e-30,3.796e-21,1.406e-23,,,,,,,,,,,,2.833e+0,1.279e-9,,1.674e-21,,,,,,9.495e-21,,5.096e-19,1.273e+3,1.720e-1,4.230e+2
289.17,2.058e+3,6.211e-10,1.535e-11,2.539e-40,,1.451e-16,,2.538e-19,3.703e-19,,7.247e-17,2.775e-19,2.962e-30,4.824e-2,5.020e-3,1.001e-27,,3.796e-28,3.071e-29,1.946e-21,4.041e-19,1.284e-16,4.234e-19,1.552e+2,2.144e-22,6.102e+0,4.723e-2,3.460e-20,6.807e+0,7.323e+1,2.520e+1,4.453e-30,3.797e-21,1.407e-23,,,,,,,,,,,,3.064e+0,3.579e-9,,1.672e-21,,,,,,9.419e-21,,5.103e-19,1.260e+3,1.103e-1,5.284e+2
289.19,2.113e+3,1.043e-9,1.147e-11,1.150e-40,,1.515e-16,,2.381e-19,3.659e-19,,7.253e-17,2.768e-19,2.951e-30,3.015e-2,4.114e-3,4.600e-28,,3.797e-28,5.199e-29,1.947e-21,4.042e-19,1.842e-16,1.058e-18,1.466e+2,2.145e-22,6.036e+0,6.407e-2,3.453e-20,6.426e+0,7.885e+1,2.915e+1,4.524e-30,3.798e-21,1.408e-23,,,,,,,,,,,,3.193e+0,7.028e-9,,1.670e-21,,,,,,9.369e-21,,5.108e-19,1.237e+3,8.105e-2,6.060e+2
289.22,2.186e+3,2.232e-9,7.287e-12,3.448e-41,,1.632e-16,,2.146e-19,3.593e-19,,7.262e-17,2.758e-19,2.934e-30,1.464e-2,3.000e-3,1.409e-28,,3.799e-28,1.126e-28,1.947e-21,4.044e-19,3.122e-16,4.109e-18,1.328e+2,2.147e-22,5.948e+0,9.954e-2,3.442e-20,5.843e+0,8.747e+1,3.577e+1,4.630e-30,3.799e-21,1.409e-23,,,,,,,,,,,,3.340e+0,1.901e-8,,1.668e-21,,,,,,9.294e-21,,5.115e-19,1.183e+3,5.020e-2,7.316e+2
289.24,2.227e+3,3.664e-9,5.325e-12,1.527e-41,,1.719e-16,,1.989e-19,3.550e-19,,7.267e-17,2.751e-19,2.922e-30,8.944e-3,2.403e-3,6.328e-29,,3.800e-28,1.864e-28,1.948e-21,4.045e-19,4.390e-16,1.004e-17,1.232e+2,2.148e-22,5.897e+0,1.320e-1,3.435e-20,5.455e+0,9.319e+1,4.059e+1,4.700e-30,3.800e-21,1.410e-23,,,,,,,,,,,,3.402e+0,3.649e-8,,1.666e-21,,,,,,9.243e-21,,5.120e-19,1.135e+3,3.606e-2,8.200e+2
289.27,2.278e+3,7.581e-9,3.272e-12,4.420e-42,,1.851e-16,,1.753e-19,3.484e-19,,7.276e-17,2.741e-19,2.906e-30,4.196e-3,1.693e-3,1.873e-29,,3.801e-28,3.901e-28,1.949e-21,4.047e-19,7.199e-16,3.769e-17,1.086e+2,2.150e-22,5.823e+0,1.982e-1,3.424e-20,4.886e+0,1.015e+2,4.834e+1,4.806e-30,3.801e-21,1.411e-23,,,,,,,,,,,,3.440e+0,9.541e-8,,1.664e-21,,,,,,9.168e-21,,5.127e-19,1.049e+3,2.159e-2,9.566e+2
289.29,2.305e+3,1.217e-8,2.338e-12,1.912e-42,,1.936e-16,,1.596e-19,3.441e-19,,7.282e-17,2.735e-19,2.894e-30,2.505e-3,1.325e-3,8.221e-30,,3.802e-28,6.311e-28,1.950e-21,4.048e-19,9.899e-16,9.004e-17,9.887e+1,2.151e-22,5.772e+0,2.569e-1,3.417e-20,4.520e+0,1.066e+2,5.376e+1,4.876e-30,3.802e-21,1.412e-23,,,,,,,,,,,,3.426e+0,1.791e-7,,1.662e-21,,,,,,9.117e-21,,5.132e-19,9.839e+2,1.518e-2,1.048e+3
289.32,2.334e+3,2.435e-8,1.390e-12,5.346e-43,,2.047e-16,,1.361e-19,3.375e-19,,7.290e-17,2.725e-19,2.877e-30,1.135e-3,9.024e-4,2.350e-30,,3.804e-28,1.277e-27,1.950e-21,4.050e-19,1.569e-15,3.268e-16,8.465e+1,2.153e-22,5.687e+0,3.728e-1,3.406e-20,4.002e+0,1.135e+2,6.211e+1,4.982e-30,3.803e-21,1.414e-23,,,,,,,,,,,,3.349e+0,4.525e-7,,1.660e-21,,,,,,9.042e-21,,5.139e-19,8.786e+2,8.823e-3,1.182e+3
289.34,2.344e+3,3.822e-8,9.716e-13,2.260e-43,,2.108e-16,,1.204e-19,3.331e-19,,7.296e-17,2.718e-19,2.866e-30,6.621e-4,6.905e-4,1.008e-30,,3.805e-28,2.019e-27,1.951e-21,4.051e-19,2.109e-15,7.633e-16,7.557e+1,2.154e-22,5.620e+0,4.724e-1,3.399e-20,3.680e+0,1.173e+2,6.771e+1,5.052e-30,3.804e-21,1.415e-23,,,,,,,,,,,,3.262e+0,8.302e-7,,1.659e-21,,,,,,8.992e-21,,5.144e-19,8.054e+2,6.114e-3,1.265e+3
289.37,2.346e+3,7.393e-8,5.586e-13,6.103e-44,,2.174e-16,,9.681e-20,3.266e-19,,7.305e-17,2.708e-19,2.849e-30,2.899e-4,4.546e-4,2.786e-31,,3.806e-28,3.948e-27,1.952e-21,4.053e-19,3.231e-15,2.678e-15,6.278e+1,2.156e-22,5.500e+0,6.625e-1,3.388e-20,3.240e+0,1.218e+2,7.593e+1,5.158e-30,3.805e-21,1.416e-23,,,,,,,,,,,,3.082e+0,2.028e-6,,1.656e-21,,,,,,8.916e-21,,5.151e-19,6.949e+2,3.563e-3,1.378e+3
289.39,2.337e+3,1.135e-7,3.820e-13,2.521e-44,,2.200e-16,,8.112e-20,3.222e-19,,7.311e-17,2.701e-19,2.838e-30,1.652e-4,3.405e-4,1.168e-31,,3.807e-28,6.105e-27,1.953e-21,4.054e-19,4.245e-15,6.115e-15,5.492e+1,2.157e-22,5.404e+0,8.206e-1,3.381e-20,2.978e+0,1.239e+2,8.116e+1,5.229e-30,3.806e-21,1.417e-23,,,,,,,,,,,,2.935e+0,3.638e-6,,1.655e-21,,,,,,8.866e-21,,5.156e-19,6.226e+2,2.566e-3,1.443e+3
289.41,2.320e+3,1.727e-7,2.589e-13,1.032e-44,,2.211e-16,,6.542e-20,3.179e-19,,7.316e-17,2.694e-19,2.827e-30,9.333e-5,2.531e-4,4.853e-32,,3.808e-28,9.353e-27,1.953e-21,4.055e-19,5.527e-15,1.384e-14,4.765e+1,2.159e-22,5.294e+0,1.007e+0,3.373e-20,2.742e+0,1.251e+2,8.608e+1,5.299e-30,3.806e-21,1.418e-23,,,,,,,,,,,,2.769e+0,6.465e-6,,1.653e-21,,,,,,8.816e-21,,5.161e-19,5.528e+2,1.972e-3,1.496e+3
289.44,2.276e+3,3.188e-7,1.422e-13,2.654e-45,,2.202e-16,,4.187e-20,3.113e-19,,7.325e-17,2.684e-19,2.810e-30,3.893e-5,1.609e-4,1.277e-32,,3.810e-28,1.744e-26,1.954e-21,4.057e-19,8.072e-15,4.631e-14,3.791e+1,2.161e-22,5.104e+0,1.347e+0,3.362e-20,2.441e+0,1.255e+2,9.270e+1,5.405e-30,3.807e-21,1.419e-23,,,,,,,,,,,,2.496e+0,1.506e-5,,1.651e-21,,,,,,8.740e-21,,5.168e-19,4.545e+2,1.664e-3,1.554e+3
289.46,2.234e+3,4.745e-7,9.438e-14,1.061e-45,,2.181e-16,,2.617e-20,3.069e-19,,7.331e-17,2.678e-19,2.799e-30,2.149e-5,1.192e-4,5.186e-33,,3.811e-28,2.612e-26,1.955e-21,4.058e-19,1.027e-14,1.025e-13,3.221e+1,2.162e-22,4.961e+0,1.616e+0,3.355e-20,2.276e+0,1.247e+2,9.649e+1,5.475e-30,3.808e-21,1.420e-23,,,,,,,,,,,,2.303e+0,2.617e-5,,1.649e-21,,,,,,2.180e-20,,5.173e-19,3.944e+2,1.795e-3,1.575e+3
289.49,2.153e+3,8.473e-7,5.039e-14,2.637e-46,,2.137e-16,,2.623e-21,3.004e-19,,7.339e-17,2.668e-19,2.782e-30,8.659e-6,7.882e-5,1.136e-33,,3.813e-28,4.706e-26,1.955e-21,4.060e-19,1.450e-14,3.315e-13,2.483e+1,2.164e-22,4.727e+0,2.087e+0,3.344e-20,2.084e+0,1.222e+2,1.011e+2,5.581e-30,3.809e-21,1.421e-23,,,,,,,,,,,,2.006e+0,5.893e-5,,1.647e-21,,,,,,8.447e-20,,5.180e-19,3.134e+2,2.508e-3,1.581e+3
289.51,2.087e+3,1.233e-6,3.305e-14,2.638e-46,,2.105e-16,,6.599e-21,2.960e-19,,7.345e-17,2.661e-19,2.771e-30,4.670e-6,6.375e-5,4.520e-34,,3.814e-28,6.891e-26,1.956e-21,4.061e-19,1.804e-14,7.170e-13,2.065e+1,2.165e-22,4.559e+0,2.448e+0,3.337e-20,1.992e+0,1.197e+2,1.033e+2,5.651e-30,3.810e-21,1.422e-23,,,,,,,,,,,,1.810e+0,1.001e-4,,1.645e-21,,,,,,2.060e-19,,5.185e-19,2.658e+2,3.394e-3,1.566e+3
289.54,1.970e+3,2.130e-6,1.791e-14,2.640e-46,,2.067e-16,,2.590e-20,2.895e-19,,7.354e-17,2.651e-19,2.754e-30,1.818e-6,5.625e-5,4.494e-34,,3.815e-28,1.200e-25,1.957e-21,4.063e-19,2.461e-14,2.242e-12,1.541e+1,2.167e-22,4.295e+0,3.056e+0,3.326e-20,1.907e+0,1.152e+2,1.054e+2,5.757e-30,3.811e-21,1.424e-23,,,,,,,,,,,,1.525e+0,2.179e-4,,1.643e-21,,,,,,7.716e-19,,5.193e-19,2.041e+2,5.551e-3,1.519e+3
289.56,1.881e+3,3.034e-6,1.256e-14,2.641e-46,,2.057e-16,,6.372e-20,2.851e-19,,7.360e-17,2.644e-19,2.743e-30,9.582e-7,6.115e-5,4.477e-34,,3.816e-28,1.718e-25,1.958e-21,4.064e-19,2.993e-14,4.742e-12,1.254e+1,2.168e-22,4.114e+0,3.504e+0,3.319e-20,1.884e+0,1.117e+2,1.058e+2,5.828e-30,3.812e-21,1.425e-23,,,,,,,,,,,,1.345e+0,3.618e-4,,1.642e-21,,,,,,1.840e-18,,5.197e-19,1.691e+2,7.737e-3,1.471e+3
289.59,1.735e+3,5.071e-6,9.179e-15,2.643e-46,,2.086e-16,,2.418e-19,2.786e-19,,7.368e-17,2.634e-19,2.726e-30,3.603e-7,8.570e-5,4.450e-34,,3.818e-28,2.892e-25,1.958e-21,4.066e-19,3.946e-14,1.434e-11,9.058e+0,2.170e-22,3.840e+0,4.228e+0,3.308e-20,1.897e+0,1.061e+2,1.052e+2,5.933e-30,3.813e-21,1.426e-23,,,,,,,,,,,,1.095e+0,7.612e-4,,1.639e-21,,,,,,6.663e-18,,5.205e-19,1.255e+2,1.262e-2,1.378e+3
289.61,1.631e+3,7.065e-6,9.377e-15,2.645e-46,,2.147e-16,,5.815e-19,2.742e-19,,7.374e-17,2.628e-19,2.714e-30,1.856e-7,1.167e-4,4.433e-34,,3.819e-28,4.046e-25,1.959e-21,4.067e-19,4.691e-14,2.965e-11,7.212e+0,2.171e-22,3.657e+0,4.738e+0,3.301e-20,1.934e+0,1.024e+2,1.039e+2,6.004e-30,3.814e-21,1.427e-23,,,,,,,,,,,,9.442e-1,1.236e-3,,1.638e-21,,,,,,1.554e-17,,5.210e-19,1.017e+2,1.732e-2,1.305e+3
289.64,1.469e+3,1.143e-5,1.327e-14,2.647e-46,,2.329e-16,,2.133e-18,2.676e-19,,7.383e-17,2.618e-19,2.698e-30,6.743e-8,1.944e-4,4.407e-34,,3.820e-28,6.583e-25,1.960e-21,4.069e-19,5.977e-14,8.666e-11,5.040e+0,2.173e-22,3.388e+0,5.525e+0,3.290e-20,2.026e+0,9.722e+1,1.008e+2,6.109e-30,3.815e-21,1.428e-23,,,,,,,,,,,,7.434e-1,2.513e-3,,1.635e-21,,,,,,5.439e-17,,5.217e-19,7.287e+1,2.740e-2,1.182e+3
289.66,1.359e+3,1.558e-5,1.879e-14,2.648e-46,,2.528e-16,,5.017e-18,2.633e-19,,7.388e-17,2.611e-19,2.686e-30,3.394e-8,2.753e-4,4.389e-34,,3.821e-28,9.004e-25,1.961e-21,4.070e-19,6.945e-14,1.752e-10,3.925e+0,2.174e-22,3.212e+0,6.052e+0,3.283e-20,2.108e+0,9.414e+1,9.796e+1,6.180e-30,3.816e-21,1.429e-23,,,,,,,,,,,,6.267e-1,3.988e-3,,1.634e-21,,,,,,1.240e-16,,5.222e-19,5.770e+1,3.681e-2,1.093e+3
289.69,1.195e+3,2.441e-5,3.346e-14,2.650e-46,,2.979e-16,,1.779e-17,2.567e-19,,7.397e-17,2.601e-19,2.669e-30,1.191e-8,4.613e-4,4.363e-34,,3.823e-28,1.416e-24,1.961e-21,4.072e-19,8.552e-14,4.950e-10,2.653e+0,2.176e-22,2.956e+0,6.820e+0,3.272e-20,2.255e+0,9.037e+1,9.277e+1,6.286e-30,3.817e-21,1.430e-23,,,,,,,,,,,,4.770e-1,7.840e-3,,1.632e-21,,,,,,4.196e-16,,5.229e-19,3.997e+1,5.633e-2,9.566e+2
289.71,1.088e+3,3.257e-5,4.948e-14,2.651e-46,,3.408e-16,,4.091e-17,2.524e-19,,7.403e-17,2.594e-19,2.658e-30,5.858e-9,6.457e-4,4.346e-34,,3.824e-28,1.893e-24,1.962e-21,4.073e-19,9.714e-14,9.783e-10,2.021e+0,2.178e-22,2.792e+0,7.302e+0,3.265e-20,2.364e+0,8.852e+1,8.877e+1,6.356e-30,3.818e-21,1.431e-23,,,,,,,,,,,,3.932e-1,1.216e-2,,1.630e-21,,,,,,9.354e-16,,5.234e-19,3.093e+1,7.396e-2,8.652e+2
289.74,9.361e+2,4.939e-5,8.817e-14,2.653e-46,,4.297e-16,,1.403e-16,2.458e-19,,7.412e-17,2.584e-19,2.641e-30,1.986e-9,1.053e-3,4.319e-34,,3.825e-28,2.878e-24,1.963e-21,4.075e-19,1.156e-13,2.672e-9,1.321e+0,2.179e-22,2.554e+0,7.953e+0,3.254e-20,2.535e+0,8.686e+1,8.213e+1,6.462e-30,3.819e-21,1.433e-23,,,,,,,,,,,,2.894e-1,2.311e-2,,1.628e-21,,,,,,3.061e-15,,5.241e-19,2.070e+1,1.094e-1,7.316e+2
289.76,8.411e+2,6.452e-5,1.284e-13,2.655e-46,,5.094e-16,,3.154e-16,2.414e-19,,7.417e-17,2.577e-19,2.630e-30,9.546e-10,1.445e-3,4.302e-34,,3.826e-28,3.761e-24,1.964e-21,4.076e-19,1.284e-13,5.164e-9,9.838e-1,2.181e-22,2.401e+0,8.324e+0,3.246e-20,2.650e+0,8.652e+1,7.739e+1,6.532e-30,3.820e-21,1.434e-23,,,,,,,,,,,,2.332e-1,3.506e-2,,1.626e-21,,,,,,6.670e-15,,5.246e-19,1.566e+1,1.404e-1,6.467e+2
289.78,7.523e+2,8.356e-5,1.854e-13,2.656e-46,,6.091e-16,,7.028e-16,2.371e-19,,7.423e-17,2.571e-19,2.619e-30,4.546e-10,1.965e-3,4.284e-34,,3.827e-28,4.872e-24,1.964e-21,4.078e-19,1.412e-13,9.888e-9,7.262e-1,2.182e-22,2.254e+0,8.632e+0,3.239e-20,2.760e+0,8.678e+1,7.247e+1,6.603e-30,3.820e-21,1.434e-23,,,,,,,,,,,,1.863e-1,5.270e-2,,1.625e-21,,,,,,1.441e-14,,5.251e-19,1.174e+1,1.786e-1,5.665e+2
289.81,6.321e+2,1.213e-4,3.163e-13,2.658e-46,,8.055e-16,,2.299e-15,2.305e-19,,7.432e-17,2.561e-19,2.602e-30,1.469e-10,3.066e-3,4.258e-34,,3.829e-28,7.060e-24,1.965e-21,4.079e-19,1.602e-13,2.576e-8,4.528e-1,2.184e-22,2.041e+0,8.963e+0,3.228e-20,2.912e+0,8.822e+1,6.492e+1,6.708e-30,3.821e-21,1.436e-23,,,,,,,,,,,,1.307e-1,9.548e-2,,1.622e-21,,,,,,4.496e-14,,5.258e-19,7.486e+0,2.520e-1,4.566e+2
289.83,5.610e+2,1.538e-4,4.467e-13,2.659e-46,,9.752e-16,,5.008e-15,2.262e-19,,7.437e-17,2.554e-19,2.591e-30,6.835e-11,4.081e-3,4.241e-34,,3.830e-28,8.940e-24,1.966e-21,4.081e-19,1.723e-13,4.823e-8,3.268e-1,2.185e-22,1.906e+0,9.086e+0,3.221e-20,2.999e+0,8.979e+1,5.986e+1,6.779e-30,3.822e-21,1.437e-23,,,,,,,,,,,,1.021e-1,1.403e-1,,1.621e-21,,,,,,9.495e-14,,5.263e-19,5.484e+0,3.133e-1,3.910e+2
289.86,4.680e+2,2.163e-4,7.372e-13,2.661e-46,,1.304e-15,,1.583e-14,2.196e-19,,7.446e-17,2.544e-19,2.574e-30,2.133e-11,6.169e-3,4.215e-34,,3.832e-28,1.252e-23,1.966e-21,4.083e-19,1.890e-13,1.215e-7,1.970e-1,2.187e-22,1.711e+0,9.117e+0,3.210e-20,3.103e+0,9.287e+1,5.239e+1,6.885e-30,3.823e-21,1.438e-23,,,,,,,,,,,,6.927e-2,2.457e-1,,1.618e-21,,,,,,2.865e-13,,5.270e-19,3.380e+0,4.271e-1,3.045e+2
289.88,4.149e+2,2.688e-4,1.018e-12,2.663e-46,,1.584e-15,,3.373e-14,2.152e-19,,7.452e-17,2.537e-19,2.563e-30,9.700e-12,8.038e-3,4.197e-34,,3.833e-28,1.550e-23,1.967e-21,4.084e-19,1.987e-13,2.224e-7,1.390e-1,2.188e-22,1.587e+0,9.035e+0,3.203e-20,3.151e+0,9.528e+1,4.755e+1,6.955e-30,3.824e-21,1.439e-23,,,,,,,,,,,,5.289e-2,3.530e-1,,1.617e-21,,,,,,5.915e-13,,5.275e-19,2.420e+0,5.192e-1,2.548e+2
289.91,3.478e+2,3.665e-4,1.624e-12,2.665e-46,,2.121e-15,,1.031e-13,2.087e-19,,7.461e-17,2.527e-19,2.546e-30,2.924e-12,1.177e-2,4.171e-34,,3.834e-28,2.098e-23,1.968e-21,4.086e-19,2.105e-13,5.414e-7,8.096e-2,2.190e-22,1.411e+0,8.761e+0,3.192e-20,3.188e+0,9.919e+1,4.064e+1,7.061e-30,3.825e-21,1.440e-23,,,,,,,,,,,,3.471e-2,5.976e-1,,1.615e-21,,,,,,1.726e-12,,5.282e-19,1.441e+0,6.840e-1,1.918e+2
289.93,3.108e+2,4.463e-4,2.193e-12,2.666e-46,,2.573e-15,,2.147e-13,2.043e-19,,7.466e-17,2.521e-19,2.534e-30,1.300e-12,1.501e-2,4.153e-34,,3.835e-28,2.539e-23,1.969e-21,4.087e-19,2.164e-13,9.690e-7,5.585e-2,2.191e-22,1.301e+0,8.486e+0,3.185e-20,3.188e+0,1.018e+2,3.630e+1,7.131e-30,3.826e-21,1.441e-23,,,,,,,,,,,,2.593e-2,8.393e-1,,1.613e-21,,,,,,3.483e-12,,5.287e-19,1.009e+0,8.128e-1,1.569e+2
289.96,2.653e+2,5.905e-4,3.384e-12,2.668e-46,,3.425e-15,,6.347e-13,1.978e-19,,7.475e-17,2.511e-19,2.518e-30,3.785e-13,2.129e-2,4.127e-34,,3.837e-28,3.323e-23,1.969e-21,4.089e-19,2.216e-13,2.281e-6,3.146e-2,2.193e-22,1.147e+0,7.953e+0,3.174e-20,3.148e+0,1.056e+2,3.027e+1,7.237e-30,3.827e-21,1.443e-23,,,,,,,,,,,,1.650e-2,1.373e+0,,1.611e-21,,,,,,9.824e-12,,5.294e-19,5.804e-1,1.035e+0,1.141e+2
289.98,2.410e+2,7.047e-4,4.469e-12,2.669e-46,,4.133e-15,,1.292e-12,1.934e-19,,7.481e-17,2.504e-19,2.506e-30,1.644e-13,2.659e-2,4.110e-34,,3.838e-28,3.930e-23,1.970e-21,4.090e-19,2.226e-13,3.991e-6,2.123e-2,2.195e-22,1.052e+0,7.530e+0,3.167e-20,3.098e+0,1.079e+2,2.659e+1,7.307e-30,3.828e-21,1.444e-23,,,,,,,,,,,,1.211e-2,1.886e+0,,1.609e-21,,,,,,1.939e-11,,5.299e-19,3.970e-1,1.202e+0,9.123e+1
290.01,2.120e+2,9.051e-4,6.669e-12,2.671e-46,,5.443e-15,,3.693e-12,1.869e-19,,7.489e-17,2.494e-19,2.490e-30,4.624e-14,3.655e-2,4.084e-34,,3.839e-28,4.971e-23,1.971e-21,4.092e-19,2.203e-13,9.081e-6,1.161e-2,2.196e-22,9.242e-1,6.820e+0,3.156e-20,2.986e+0,1.108e+2,2.163e+1,7.413e-30,3.829e-21,1.445e-23,,,,,,,,,,,,7.575e-3,2.982e+0,,1.607e-21,,,,,,5.287e-11,,5.307e-19,2.207e-1,1.480e+0,6.411e+1
290.03,1.969e+2,1.059e-3,8.613e-12,2.672e-46,,6.508e-15,,7.353e-12,1.825e-19,,7.495e-17,2.487e-19,2.478e-30,1.963e-14,4.471e-2,4.066e-34,,3.840e-28,5.748e-23,1.972e-21,4.093e-19,2.164e-13,1.554e-5,7.717e-3,2.198e-22,8.486e-1,6.312e+0,3.148e-20,2.891e+0,1.122e+2,1.868e+1,7.484e-30,3.830e-21,1.446e-23,,,,,,,,,,,,5.583e-3,4.003e+0,,1.605e-21,,,,,,1.020e-10,,5.311e-19,1.476e-1,1.681e+0,5.011e+1
290.06,1.795e+2,1.321e-3,1.243e-11,2.674e-46,,8.436e-15,,2.031e-11,1.759e-19,,7.504e-17,2.477e-19,2.461e-30,5.334e-15,5.956e-2,4.040e-34,,3.842e-28,7.026e-23,1.972e-21,4.095e-19,2.070e-13,3.418e-5,4.226e-3,2.200e-22,7.511e-1,5.525e+0,3.138e-20,2.721e+0,1.134e+2,1.481e+1,7.589e-30,3.831e-21,1.447e-23,,,,,,,,,,,,3.716e-3,6.120e+0,,1.603e-21,,,,,,2.690e-10,,5.319e-19,7.928e-2,1.999e+0,3.403e+1
290.08,1.708e+2,1.516e-3,1.571e-11,2.676e-46,,9.965e-15,,3.954e-11,1.716e-19,,7.510e-17,2.470e-19,2.450e-30,2.212e-15,7.137e-2,4.022e-34,,3.843e-28,7.942e-23,1.973e-21,4.096e-19,1.987e-13,5.716e-5,2.933e-3,2.201e-22,6.975e-1,4.998e+0,3.130e-20,2.593e+0,1.136e+2,1.258e+1,7.660e-30,3.832e-21,1.448e-23,,,,,,,,,,,,3.055e-3,8.031e+0,,1.601e-21,,,,,,5.075e-10,,5.323e-19,5.180e-2,2.219e+0,2.600e+1
290.11,1.614e+2,1.837e-3,2.194e-11,2.678e-46,,1.265e-14,,1.056e-10,1.650e-19,,7.518e-17,2.460e-19,2.433e-30,5.808e-16,9.217e-2,3.996e-34,,3.844e-28,9.384e-23,1.974e-21,4.098e-19,1.837e-13,1.216e-4,2.001e-3,2.203e-22,6.355e-1,4.228e+0,3.119e-20,2.386e+0,1.128e+2,9.734e+0,7.766e-30,3.833e-21,1.449e-23,,,,,,,,,,,,2.773e-3,1.187e+1,,1.599e-21,,,,,,1.293e-9,,5.331e-19,2.689e-2,2.552e+0,1.708e+1
290.13,1.572e+2,2.068e-3,2.711e-11,2.679e-46,,1.472e-14,,2.010e-10,1.607e-19,,7.524e-17,2.454e-19,2.422e-30,2.354e-16,1.082e-1,3.979e-34,,3.845e-28,1.037e-22,1.974e-21,4.099e-19,1.723e-13,1.988e-4,1.887e-3,2.204e-22,6.068e-1,3.739e+0,3.112e-20,2.242e+0,1.115e+2,8.140e+0,7.836e-30,3.834e-21,1.450e-23,,,,,,,,,,,,3.026e-3,1.523e+1,,1.598e-21,,,,,,2.386e-9,,5.336e-19,1.717e-2,2.769e+0,1.277e+1
290.15,1.544e+2,2.311e-3,3.322e-11,2.680e-46,,1.701e-14,,3.792e-10,1.563e-19,,7.530e-17,2.447e-19,2.411e-30,9.454e-17,1.259e-1,3.961e-34,,3.846e-28,1.135e-22,1.975e-21,4.100e-19,1.602e-13,3.221e-4,2.131e-3,2.205e-22,5.887e-1,3.276e+0,3.105e-20,2.094e+0,1.097e+2,6.769e+0,7.906e-30,3.834e-21,1.451e-23,,,,,,,,,,,,3.645e-3,1.936e+1,,1.596e-21,,,,,,4.363e-9,,5.340e-19,1.087e-2,2.978e+0,9.471e+0
290.18,1.529e+2,2.692e-3,4.433e-11,2.682e-46,,2.086e-14,,9.661e-10,1.497e-19,,7.538e-17,2.437e-19,2.394e-30,2.365e-17,1.558e-1,3.935e-34,,3.848e-28,1.279e-22,1.976e-21,4.102e-19,1.412e-13,6.533e-4,3.234e-3,2.207e-22,5.818e-1,2.642e+0,3.094e-20,1.874e+0,1.060e+2,5.087e+0,8.012e-30,3.836e-21,1.453e-23,,,,,,,,,,,,5.371e-3,2.728e+1,,1.594e-21,,,,,,1.061e-8,,5.348e-19,5.377e-3,3.264e+0,5.987e+0
290.2,1.537e+2,2.952e-3,5.316e-11,2.684e-46,,2.368e-14,,1.782e-9,1.454e-19,,7.544e-17,2.430e-19,2.383e-30,2.358e-17,1.777e-1,3.918e-34,,3.849e-28,1.369e-22,1.977e-21,4.103e-19,1.284e-13,1.035e-3,4.594e-3,2.208e-22,5.906e-1,2.263e+0,3.087e-20,1.731e+0,1.030e+2,4.187e+0,8.083e-30,3.836e-21,1.454e-23,,,,,,,,,,,,7.180e-3,3.390e+1,,1.592e-21,,,,,,1.896e-8,,5.353e-19,3.325e-3,3.431e+0,4.404e+0
290.23,1.575e+2,3.344e-3,6.871e-11,2.686e-46,,2.822e-14,,4.389e-9,1.388e-19,,7.553e-17,2.420e-19,2.366e-30,2.347e-17,2.132e-1,3.891e-34,,3.851e-28,1.491e-22,1.977e-21,4.105e-19,1.093e-13,2.030e-3,7.998e-3,2.210e-22,6.239e-1,1.764e+0,3.076e-20,1.526e+0,9.762e+1,3.120e+0,8.188e-30,3.837e-21,1.455e-23,,,,,,,,,,,,1.121e-2,4.618e+1,,1.590e-21,,,,,,4.455e-8,,5.360e-19,1.590e-3,3.636e+0,2.842e+0
290.25,1.621e+2,3.599e-3,8.067e-11,2.687e-46,,3.142e-14,,7.914e-9,1.345e-19,,7.559e-17,2.414e-19,2.355e-30,2.340e-17,2.383e-1,3.874e-34,,3.852e-28,1.560e-22,1.978e-21,4.106e-19,9.714e-14,3.144e-3,1.157e-2,2.212e-22,6.590e-1,1.477e+0,3.069e-20,1.397e+0,9.364e+1,2.571e+0,8.259e-30,3.838e-21,1.456e-23,,,,,,,,,,,,1.503e-2,5.610e+1,,1.588e-21,,,,,,7.787e-8,,5.365e-19,9.610e-4,3.736e+0,2.220e+0
290.28,1.721e+2,3.964e-3,1.011e-10,2.689e-46,,3.634e-14,,1.885e-8,1.279e-19,,7.567e-17,2.404e-19,2.338e-30,2.329e-17,2.774e-1,3.848e-34,,3.853e-28,1.642e-22,1.979e-21,4.108e-19,7.997e-14,5.960e-3,1.991e-2,2.214e-22,7.298e-1,1.112e+0,3.058e-20,1.220e+0,8.729e+1,1.945e+0,8.365e-30,3.839e-21,1.457e-23,,,,,,,,,,,,2.304e-2,7.387e+1,,1.586e-21,,,,,,1.769e-7,,5.372e-19,4.439e-4,3.826e+0,1.784e+0
290.3,1.811e+2,4.189e-3,1.163e-10,2.690e-46,,3.962e-14,,3.323e-8,1.235e-19,,7.573e-17,2.397e-19,2.326e-30,2.322e-17,3.038e-1,3.830e-34,,3.854e-28,1.680e-22,1.980e-21,4.109e-19,6.945e-14,9.025e-3,2.831e-2,2.215e-22,7.880e-1,9.102e-1,3.051e-20,1.112e+0,8.292e+1,1.638e+0,8.435e-30,3.840e-21,1.458e-23,,,,,,,,,,,,3.033e-2,8.774e+1,,1.584e-21,,,,,,3.024e-7,,5.377e-19,2.623e-4,3.844e+0,1.792e+0
290.33,1.984e+2,4.487e-3,1.414e-10,2.692e-46,,4.441e-14,,7.650e-8,1.170e-19,,7.582e-17,2.387e-19,2.310e-30,2.311e-17,3.430e-1,3.804e-34,,3.856e-28,1.708e-22,1.980e-21,4.111e-19,5.525e-14,1.654e-2,4.719e-2,2.217e-22,8.901e-1,6.625e-1,3.040e-20,9.673e-1,7.643e+1,1.309e+0,8.541e-30,3.841e-21,1.459e-23,,,,,,,,,,,,4.508e-2,1.117e+2,,1.582e-21,,,,,,6.642e-7,,5.384e-19,1.171e-4,3.805e+0,2.263e+0
290.35,2.127e+2,4.655e-3,1.595e-10,2.694e-46,,4.741e-14,,1.319e-7,1.126e-19,,7.587e-17,2.380e-19,2.298e-30,2.304e-17,3.682e-1,3.787e-34,,3.857e-28,1.708e-22,1.981e-21,4.112e-19,4.691e-14,2.449e-2,6.562e-2,2.218e-22,9.665e-1,5.300e-1,3.032e-20,8.820e-1,7.228e+1,1.158e+0,8.611e-30,3.842e-21,1.460e-23,,,,,,,,,,,,5.806e-2,1.297e+2,,1.581e-21,,,,,,1.110e-6,,5.389e-19,6.760e-5,3.736e+0,2.932e+0
290.38,2.382e+2,4.849e-3,1.885e-10,2.696e-46,,5.145e-14,,2.935e-7,1.061e-19,,7.596e-17,2.370e-19,2.281e-30,2.293e-17,4.034e-1,3.760e-34,,3.858e-28,1.680e-22,1.982e-21,4.114e-19,3.607e-14,4.338e-2,1.058e-1,2.220e-22,1.091e+0,3.728e-1,3.022e-20,7.695e-1,6.655e+1,1.011e+0,8.717e-30,3.843e-21,1.462e-23,,,,,,,,,,,,8.345e-2,1.595e+2,,1.578e-21,,,,,,2.357e-6,,5.396e-19,2.916e-5,3.575e+0,4.634e+0
290.4,2.580e+2,4.937e-3,2.088e-10,2.697e-46,,5.374e-14,,4.948e-7,1.017e-19,,7.602e-17,2.363e-19,2.270e-30,2.286e-17,4.244e-1,3.743e-34,,3.859e-28,1.642e-22,1.982e-21,4.115e-19,2.993e-14,6.280e-2,1.438e-1,2.221e-22,1.180e+0,2.915e-1,3.014e-20,7.041e-1,6.319e+1,9.535e-1,8.787e-30,3.844e-21,1.463e-23,,,,,,,,,,,,1.051e-1,1.811e+2,,1.577e-21,,,,,,3.850e-6,,5.401e-19,1.646e-5,3.431e+0,6.387e+0
290.43,2.918e+2,5.001e-3,2.402e-10,2.699e-46,,5.643e-14,,1.065e-6,9.515e-20,,7.610e-17,2.353e-19,2.253e-30,2.275e-17,4.511e-1,3.717e-34,,3.861e-28,1.560e-22,1.983e-21,4.117e-19,2.224e-14,1.076e-1,2.241e-1,2.223e-22,1.318e+0,1.982e-1,3.003e-20,6.186e-1,5.901e+1,9.085e-1,8.893e-30,3.845e-21,1.464e-23,,,,,,,,,,,,1.460e-1,2.153e+2,,1.574e-21,,,,,,7.905e-6,,5.408e-19,6.858e-6,3.173e+0,1.032e+1
290.45,3.170e+2,4.997e-3,2.616e-10,2.700e-46,,5.766e-14,,1.755e-6,9.079e-20,,7.616e-17,2.347e-19,2.242e-30,2.268e-17,4.651e-1,3.699e-34,,3.862e-28,1.491e-22,1.984e-21,4.118e-19,1.804e-14,1.522e-1,2.979e-1,2.224e-22,1.413e+0,1.515e-1,2.996e-20,5.688e-1,5.687e+1,8.980e-1,8.964e-30,3.846e-21,1.465e-23,,,,,,,,,,,,1.798e-1,2.390e+2,,1.573e-21,,,,,,1.263e-5,,5.413e-19,3.783e-6,2.978e+0,1.412e+1
290.48,3.588e+2,4.920e-3,2.940e-10,2.702e-46,,5.856e-14,,3.651e-6,8.424e-20,,7.625e-17,2.337e-19,2.225e-30,2.257e-17,4.796e-1,3.673e-34,,3.863e-28,1.369e-22,1.985e-21,4.120e-19,1.296e-14,2.520e-1,4.488e-1,2.226e-22,1.557e+0,9.953e-2,2.985e-20,5.032e-1,5.471e+1,9.001e-1,9.069e-30,3.847e-21,1.466e-23,,,,,,,,,,,,2.415e-1,2.747e+2,,1.571e-21,,,,,,2.506e-5,,5.420e-19,1.523e-6,2.661e+0,2.226e+1
290.5,3.891e+2,4.823e-3,3.154e-10,2.703e-46,,5.852e-14,,5.883e-6,7.987e-20,,7.631e-17,2.330e-19,2.214e-30,2.250e-17,4.845e-1,3.655e-34,,3.864e-28,1.279e-22,1.985e-21,4.121e-19,1.027e-14,3.488e-1,5.831e-1,2.227e-22,1.655e+0,7.437e-2,2.978e-20,4.645e-1,5.398e+1,9.081e-1,9.140e-30,3.848e-21,1.467e-23,,,,,,,,,,,,2.906e-1,2.980e+2,,1.569e-21,,,,,,3.914e-5,,5.425e-19,8.213e-7,2.441e+0,2.984e+1
290.52,4.213e+2,4.692e-3,3.366e-10,2.705e-46,,5.795e-14,,9.395e-6,7.550e-20,,7.636e-17,2.323e-19,2.203e-30,2.243e-17,4.856e-1,3.638e-34,,3.866e-28,1.184e-22,1.986e-21,4.122e-19,8.072e-15,4.783e-1,7.509e-1,2.229e-22,1.755e+0,5.506e-2,2.971e-20,4.290e-1,5.381e+1,9.182e-1,9.210e-30,3.848e-21,1.468e-23,,,,,,,,,,,,3.467e-1,3.204e+2,,1.567e-21,,,,,,6.058e-5,,5.430e-19,4.387e-7,2.219e+0,3.965e+1
290.55,4.733e+2,4.437e-3,3.678e-10,2.707e-46,,5.616e-14,,1.864e-5,6.895e-20,,7.645e-17,2.313e-19,2.186e-30,2.232e-17,4.799e-1,3.612e-34,,3.867e-28,1.037e-22,1.987e-21,4.124e-19,5.527e-15,7.552e-1,1.079e+0,2.231e-22,1.907e+0,3.449e-2,2.960e-20,3.805e-1,5.452e+1,9.333e-1,9.316e-30,3.850e-21,1.469e-23,,,,,,,,,,,,4.440e-1,3.511e+2,,1.565e-21,,,,,,1.147e-4,,5.437e-19,1.684e-7,1.891e+0,5.972e+1
290.57,5.106e+2,4.233e-3,3.880e-10,2.708e-46,,5.439e-14,,2.911e-5,6.459e-20,,7.651e-17,2.307e-19,2.175e-30,2.225e-17,4.713e-1,3.594e-34,,3.868e-28,9.384e-23,1.988e-21,4.125e-19,4.245e-15,1.013e+0,1.358e+0,2.232e-22,2.012e+0,2.496e-2,2.953e-20,3.509e-1,5.556e+1,9.415e-1,9.386e-30,3.850e-21,1.470e-23,,,,,,,,,,,,5.178e-1,3.691e+2,,1.564e-21,,,,,,1.736e-4,,5.442e-19,8.792e-8,1.681e+0,7.759e+1
290.6,5.711e+2,3.887e-3,4.174e-10,2.710e-46,,5.096e-14,,5.585e-5,5.804e-20,,7.660e-17,2.297e-19,2.158e-30,2.214e-17,4.518e-1,3.568e-34,,3.870e-28,7.942e-23,1.988e-21,4.127e-19,2.809e-15,1.546e+0,1.887e+0,2.234e-22,2.175e+0,1.511e-2,2.942e-20,3.095e-1,5.780e+1,9.493e-1,9.492e-30,3.852e-21,1.472e-23,,,,,,,,,,,,6.412e-1,3.910e+2,,1.561e-21,,,,,,3.177e-4,,5.450e-19,3.261e-8,1.384e+0,1.130e+2
290.62,6.152e+2,3.636e-3,4.364e-10,2.711e-46,,4.825e-14,,8.526e-5,5.367e-20,,7.665e-17,2.290e-19,2.147e-30,2.207e-17,4.347e-1,3.551e-34,,3.871e-28,7.026e-23,1.989e-21,4.129e-19,2.109e-15,2.026e+0,2.322e+0,2.235e-22,2.291e+0,1.069e-2,2.935e-20,2.837e-1,5.962e+1,9.516e-1,9.563e-30,3.852e-21,1.473e-23,,,,,,,,,,,,7.310e-1,4.018e+2,,1.560e-21,,,,,,4.701e-4,,5.454e-19,1.664e-8,1.202e+0,1.435e+2
290.65,6.881e+2,3.240e-3,4.639e-10,2.713e-46,,4.370e-14,,1.581e-4,4.712e-20,,7.674e-17,2.280e-19,2.130e-30,2.196e-17,4.041e-1,3.524e-34,,3.872e-28,5.748e-23,1.990e-21,4.130e-19,1.349e-15,2.990e+0,3.118e+0,2.237e-22,2.475e+0,6.252e-3,2.924e-20,2.474e-1,6.260e+1,9.516e-1,9.668e-30,3.853e-21,1.474e-23,,,,,,,,,,,,8.749e-1,4.114e+2,,1.557e-21,,,,,,8.319e-4,,5.462e-19,5.963e-9,9.571e-1,2.020e+2
290.67,7.423e+2,2.970e-3,4.817e-10,2.715e-46,,4.045e-14,,2.361e-4,4.275e-20,,7.680e-17,2.273e-19,2.118e-30,2.189e-17,3.809e-1,3.507e-34,,3.873e-28,4.971e-23,1.990e-21,4.132e-19,9.898e-16,3.832e+0,3.752e+0,2.238e-22,2.607e+0,4.323e-3,2.916e-20,2.247e-1,6.461e+1,9.504e-1,9.739e-30,3.854e-21,1.475e-23,,,,,,,,,,,,9.752e-1,4.133e+2,,1.556e-21,,,,,,1.203e-3,,5.466e-19,2.974e-9,8.128e-1,2.509e+2
290.7,8.343e+2,2.568e-3,5.076e-10,2.717e-46,,3.542e-14,,4.233e-4,3.620e-20,,7.688e-17,2.263e-19,2.102e-30,2.179e-17,3.433e-1,3.481e-34,,3.875e-28,3.930e-23,1.991e-21,4.133e-19,6.118e-16,5.467e+0,4.871e+0,2.240e-22,2.821e+0,2.444e-3,2.906e-20,1.929e-1,6.742e+1,9.493e-1,9.844e-30,3.855e-21,1.476e-23,,,,,,,,,,,,1.128e+0,4.091e+2,,1.553e-21,,,,,,2.059e-3,,5.474e-19,1.030e-9,6.254e-1,3.414e+2
290.72,9.041e+2,2.306e-3,5.243e-10,2.718e-46,,3.205e-14,,6.178e-4,3.184e-20,,7.694e-17,2.257e-19,2.090e-30,2.171e-17,3.170e-1,3.463e-34,,3.876e-28,3.323e-23,1.992e-21,4.135e-19,4.389e-16,6.850e+0,5.730e+0,2.241e-22,2.974e+0,1.652e-3,2.898e-20,1.734e-1,6.903e+1,9.506e-1,9.915e-30,3.856e-21,1.477e-23,,,,,,,,,,,,1.229e+0,4.018e+2,,1.552e-21,,,,,,2.912e-3,,5.479e-19,5.020e-10,5.192e-1,4.145e+2
290.75,1.024e+3,1.933e-3,5.485e-10,2.720e-46,,2.713e-14,,1.071e-3,2.529e-20,,7.703e-17,2.246e-19,2.073e-30,2.161e-17,2.770e-1,3.437e-34,,3.877e-28,2.539e-23,1.993e-21,4.136e-19,2.622e-16,9.448e+0,7.190e+0,2.243e-22,3.220e+0,9.025e-4,2.887e-20,1.467e-1,7.084e+1,9.582e-1,1.002e-29,3.857e-21,1.478e-23,,,,,,,,,,,,1.375e+0,3.844e+2,,1.550e-21,,,,,,4.817e-3,,5.486e-19,1.679e-10,3.861e-1,5.453e+2
290.77,1.114e+3,1.701e-3,5.638e-10,2.721e-46,,2.400e-14,,1.529e-3,2.092e-20,,7.709e-17,2.240e-19,2.062e-30,2.153e-17,2.505e-1,3.420e-34,,3.878e-28,2.098e-23,1.993e-21,4.138e-19,1.838e-16,1.157e+1,8.271e+0,2.244e-22,3.392e+0,5.963e-4,2.880e-20,1.307e-1,7.154e+1,9.685e-1,1.009e-29,3.858e-21,1.479e-23,,,,,,,,,,,,1.465e+0,3.691e+2,,1.548e-21,,,,,,6.661e-3,,5.491e-19,8.002e-11,3.133e-1,6.473e+2
290.8,1.269e+3,1.382e-3,5.854e-10,2.723e-46,,1.964e-14,,2.562e-3,1.437e-20,,7.717e-17,2.230e-19,2.045e-30,2.143e-17,2.121e-1,3.393e-34,,3.880e-28,1.550e-23,1.994e-21,4.139e-19,1.061e-16,1.543e+1,1.003e+1,2.246e-22,3.660e+0,3.149e-4,2.869e-20,1.096e-1,7.174e+1,9.937e-1,1.020e-29,3.859e-21,1.481e-23,,,,,,,,,,,,1.584e+0,3.413e+2,,1.546e-21,,,,,,1.065e-2,,5.498e-19,2.587e-11,2.252e-1,8.232e+2
290.82,1.384e+3,1.191e-3,5.985e-10,2.725e-46,,1.699e-14,,3.575e-3,3.586e-20,,7.723e-17,2.223e-19,2.034e-30,2.136e-17,1.878e-1,3.376e-34,,3.881e-28,1.252e-23,1.995e-21,4.141e-19,7.275e-17,1.848e+1,1.128e+1,2.248e-22,3.842e+0,2.034e-4,2.862e-20,9.764e-2,7.125e+1,1.018e+0,1.027e-29,3.860e-21,1.482e-23,,,,,,,,,,,,1.649e+0,3.204e+2,,1.544e-21,,,,,,1.440e-2,,5.503e-19,1.205e-11,1.786e-1,9.554e+2
290.85,1.575e+3,9.372e-4,6.156e-10,2.727e-46,,1.344e-14,,5.793e-3,1.390e-19,,7.732e-17,2.213e-19,2.017e-30,2.125e-17,1.541e-1,3.350e-34,,3.882e-28,8.940e-24,1.996e-21,4.142e-19,4.059e-17,2.382e+1,1.323e+1,2.249e-22,4.113e+0,1.038e-4,2.851e-20,8.278e-2,6.958e+1,1.064e+0,1.037e-29,3.861e-21,1.483e-23,,,,,,,,,,,,1.724e+0,2.864e+2,,1.542e-21,,,,,,2.227e-2,,5.510e-19,3.763e-12,1.241e-1,1.175e+3
290.87,1.713e+3,7.905e-4,6.250e-10,2.728e-46,,1.137e-14,,7.903e-3,3.393e-19,,7.737e-17,2.206e-19,2.006e-30,2.118e-17,1.336e-1,3.332e-34,,3.883e-28,7.060e-24,1.996e-21,4.144e-19,2.720e-17,2.790e+1,1.454e+1,2.251e-22,4.287e+0,6.554e-5,2.844e-20,7.498e-2,6.786e+1,1.103e+0,1.044e-29,3.862e-21,1.484e-23,,,,,,,,,,,,1.755e+0,2.628e+2,,1.540e-21,,,,,,2.944e-2,,5.515e-19,1.713e-12,9.624e-2,1.333e+3
290.89,1.859e+3,6.611e-4,6.323e-10,2.729e-46,,9.533e-15,,1.069e-2,8.206e-19,,7.743e-17,2.200e-19,1.995e-30,2.111e-17,1.149e-1,3.315e-34,,3.885e-28,5.526e-24,1.997e-21,4.145e-19,1.806e-17,3.238e+1,1.585e+1,2.252e-22,4.452e+0,4.103e-5,2.837e-20,6.885e-2,6.567e+1,1.145e+0,1.051e-29,3.863e-21,1.485e-23,,,,,,,,,,,,1.771e+0,2.390e+2,,1.539e-21,,,,,,3.857e-2,,5.520e-19,7.724e-13,7.396e-2,1.499e+3
290.92,2.088e+3,4.975e-4,6.389e-10,2.731e-46,,7.206e-15,,1.652e-2,3.035e-18,,7.752e-17,2.190e-19,1.978e-30,2.100e-17,9.014e-2,3.289e-34,,3.886e-28,3.761e-24,1.998e-21,4.147e-19,9.605e-18,3.980e+1,1.772e+1,2.254e-22,4.673e+0,2.005e-5,2.826e-20,6.272e-2,6.164e+1,1.216e+0,1.062e-29,3.864e-21,1.486e-23,,,,,,,,,,,,1.765e+0,2.037e+2,,1.536e-21,,,,,,5.688e-2,,5.527e-19,2.300e-13,4.899e-2,1.757e+3
290.94,2.244e+3,4.071e-4,6.399e-10,2.733e-46,,5.923e-15,,2.183e-2,7.180e-18,,7.758e-17,2.183e-19,1.967e-30,2.093e-17,7.586e-2,3.271e-34,,3.887e-28,2.878e-24,1.999e-21,4.148e-19,6.234e-18,4.516e+1,1.888e+1,2.255e-22,4.798e+0,1.239e-5,2.819e-20,6.060e-2,5.852e+1,1.266e+0,1.069e-29,3.864e-21,1.487e-23,,,,,,,,,,,,1.741e+0,1.811e+2,,1.535e-21,,,,,,7.286e-2,,5.532e-19,1.014e-13,3.680e-2,1.932e+3
290.97,2.475e+3,2.966e-4,6.359e-10,2.735e-46,,4.361e-15,,3.263e-2,2.569e-17,,7.766e-17,2.173e-19,1.950e-30,2.082e-17,5.764e-2,3.245e-34,,3.889e-28,1.893e-24,1.999e-21,4.150e-19,3.205e-18,5.366e+1,2.041e+1,2.257e-22,4.943e+0,6.177e-6,2.808e-20,6.017e-2,5.337e+1,1.340e+0,1.080e-29,3.866e-21,1.488e-23,,,,,,,,,,,,1.678e+0,1.492e+2,,1.533e-21,,,,,,1.039e-1,,5.539e-19,2.916e-14,2.356e-2,2.190e+3
290.99,2.622e+3,2.375e-4,6.293e-10,2.736e-46,,3.540e-15,,4.217e-2,5.942e-17,,7.772e-17,2.166e-19,1.938e-30,2.075e-17,4.748e-2,3.227e-34,,3.890e-28,1.416e-24,2.000e-21,4.151e-19,2.033e-18,5.953e+1,2.125e+1,2.258e-22,5.006e+0,4.189e-6,2.800e-20,6.157e-2,4.971e+1,1.387e+0,1.087e-29,3.866e-21,1.489e-23,,,,,,,,,,,,1.618e+0,1.297e+2,,1.531e-21,,,,,,1.301e-1,,5.544e-19,1.256e-14,1.730e-2,2.354e+3
291.02,2.825e+3,1.675e-4,6.132e-10,2.738e-46,,2.597e-15,,6.093e-2,2.056e-16,,7.781e-17,2.156e-19,1.922e-30,2.064e-17,3.493e-2,3.201e-34,,3.891e-28,9.004e-25,2.001e-21,4.153e-19,1.010e-18,6.839e+1,2.221e+1,2.260e-22,5.045e+0,3.238e-6,2.790e-20,6.593e-2,4.408e+1,1.449e+0,1.097e-29,3.867e-21,1.491e-23,,,,,,,,,,,,1.507e+0,1.033e+2,,1.529e-21,,,,,,1.793e-1,,5.551e-19,3.492e-15,1.071e-2,2.579e+3
291.04,2.943e+3,1.312e-4,5.984e-10,2.739e-46,,2.141e-15,,7.700e-2,4.650e-16,,7.786e-17,2.150e-19,1.910e-30,2.057e-17,2.816e-2,3.184e-34,,3.892e-28,6.583e-25,2.001e-21,4.154e-19,6.265e-19,7.418e+1,2.262e+1,2.261e-22,5.031e+0,3.724e-6,2.782e-20,7.013e-2,4.032e+1,1.483e+0,1.104e-29,3.868e-21,1.492e-23,,,,,,,,,,,,1.421e+0,8.774e+1,,1.527e-21,,,,,,2.196e-1,,5.556e-19,1.470e-15,7.686e-3,2.710e+3
291.07,3.087e+3,8.952e-5,5.703e-10,2.741e-46,,1.687e-15,,1.075e-1,1.556e-15,,7.795e-17,2.140e-19,1.894e-30,2.046e-17,2.005e-2,3.158e-34,,3.894e-28,4.046e-25,2.002e-21,4.156e-19,3.008e-19,8.238e+1,2.285e+1,2.263e-22,4.949e+0,6.396e-6,2.771e-20,7.798e-2,3.488e+1,1.519e+0,1.115e-29,3.869e-21,1.493e-23,,,,,,,,,,,,1.279e+0,6.755e+1,,1.525e-21,,,,,,2.926e-1,,5.563e-19,3.949e-16,4.596e-3,2.871e+3
291.09,3.155e+3,6.861e-5,5.480e-10,2.742e-46,,1.525e-15,,1.329e-1,3.442e-15,,7.801e-17,2.133e-19,1.882e-30,2.039e-17,1.582e-2,3.140e-34,,3.895e-28,2.892e-25,2.003e-21,4.157e-19,1.824e-19,8.735e+1,2.274e+1,2.265e-22,4.853e+0,1.005e-5,2.764e-20,8.399e-2,3.145e+1,1.531e+0,1.122e-29,3.870e-21,1.494e-23,,,,,,,,,,,,1.179e+0,5.610e+1,,1.523e-21,,,,,,3.504e-1,,5.568e-19,1.625e-16,3.226e-3,2.950e+3
291.12,3.213e+3,4.528e-5,5.098e-10,2.744e-46,,1.482e-15,,1.795e-1,1.114e-14,,7.809e-17,2.123e-19,1.865e-30,2.028e-17,1.090e-2,3.114e-34,,3.896e-28,1.718e-25,2.004e-21,4.159e-19,8.481e-20,9.379e+1,2.221e+1,2.266e-22,4.652e+0,2.032e-5,2.753e-20,9.372e-2,2.678e+1,1.530e+0,1.132e-29,3.871e-21,1.495e-23,,,,,,,,,,,,1.026e+0,4.175e+1,,1.521e-21,,,,,,4.514e-1,,5.576e-19,4.218e-17,1.864e-3,3.020e+3
291.14,3.219e+3,3.395e-5,4.817e-10,2.746e-46,,1.586e-15,,2.168e-1,2.410e-14,,7.815e-17,2.116e-19,1.854e-30,2.021e-17,8.415e-3,3.096e-34,,3.897e-28,1.200e-25,2.004e-21,4.160e-19,5.050e-20,9.723e+1,2.162e+1,2.268e-22,4.481e+0,3.243e-5,2.746e-20,1.004e-1,2.406e+1,1.515e+0,1.139e-29,3.872e-21,1.496e-23,,,,,,,,,,,,9.247e-1,3.390e+1,,1.519e-21,,,,,,5.284e-1,,5.580e-19,1.697e-17,1.279e-3,3.034e+3
291.17,3.177e+3,2.167e-5,4.366e-10,2.748e-46,,1.954e-15,,2.831e-1,7.541e-14,,7.824e-17,2.106e-19,1.837e-30,2.010e-17,5.613e-3,3.070e-34,,3.899e-28,6.891e-26,2.005e-21,4.162e-19,2.333e-20,1.009e+2,2.041e+1,2.270e-22,4.180e+0,6.451e-5,2.735e-20,1.102e-1,2.067e+1,1.474e+0,1.150e-29,3.873e-21,1.497e-23,,,,,,,,,,,,7.779e-1,2.438e+1,,1.517e-21,,,,,,6.582e-1,,5.588e-19,4.255e-18,7.146e-4,3.003e+3
291.19,3.117e+3,1.589e-5,4.053e-10,2.749e-46,,2.352e-15,,3.344e-1,1.595e-13,,7.830e-17,2.099e-19,1.826e-30,2.003e-17,4.238e-3,3.053e-34,,3.900e-28,4.706e-26,2.006e-21,4.163e-19,1.450e-20,1.023e+2,1.942e+1,2.271e-22,3.953e+0,1.010e-4,2.728e-20,1.162e-1,1.895e+1,1.433e+0,1.157e-29,3.874e-21,1.498e-23,,,,,,,,,,,,6.854e-1,1.936e+1,,1.516e-21,,,,,,7.534e-1,,5.593e-19,4.240e-18,4.792e-4,2.950e+3
291.22,2.981e+3,9.812e-6,3.575e-10,2.751e-46,,3.211e-15,,4.221e-1,4.829e-13,,7.838e-17,2.089e-19,1.809e-30,1.992e-17,2.735e-3,3.027e-34,,3.901e-28,2.612e-26,2.007e-21,4.165e-19,9.009e-21,1.026e+2,1.772e+1,2.273e-22,3.584e+0,1.944e-4,2.717e-20,1.242e-1,1.728e+1,1.356e+0,1.168e-29,3.875e-21,1.500e-23,,,,,,,,,,,,5.573e-1,1.346e+1,,1.513e-21,,,,,,9.071e-1,,5.600e-19,4.218e-18,2.588e-4,2.823e+3
291.24,2.862e+3,7.035e-6,3.258e-10,2.752e-46,,3.983e-15,,4.875e-1,9.991e-13,,7.844e-17,2.083e-19,1.798e-30,1.985e-17,2.020e-3,3.009e-34,,3.903e-28,1.744e-26,2.007e-21,4.166e-19,8.950e-21,1.017e+2,1.649e+1,2.274e-22,3.325e+0,2.976e-4,2.710e-20,1.286e-1,1.684e+1,1.296e+0,1.175e-29,3.876e-21,1.501e-23,,,,,,,,,,,,4.801e-1,1.044e+1,,1.512e-21,,,,,,1.015e+0,,5.605e-19,4.204e-18,1.696e-4,2.710e+3
291.27,2.651e+3,4.201e-6,2.793e-10,2.754e-46,,5.486e-15,,5.949e-1,2.924e-12,,7.853e-17,2.073e-19,1.781e-30,1.974e-17,1.261e-3,2.983e-34,,3.904e-28,9.353e-27,2.008e-21,4.168e-19,1.400e-20,9.867e+1,1.454e+1,2.276e-22,2.928e+0,5.543e-4,2.699e-20,1.333e-1,1.733e+1,1.195e+0,1.185e-29,3.877e-21,1.502e-23,,,,,,,,,,,,3.773e-1,7.019e+0,,1.509e-21,,,,,,1.182e+0,,5.612e-19,4.182e-18,8.854e-5,2.507e+3
291.29,2.493e+3,2.945e-6,2.497e-10,2.756e-46,,6.750e-15,,6.718e-1,5.917e-12,,7.858e-17,2.066e-19,1.770e-30,1.967e-17,9.112e-4,2.965e-34,,3.905e-28,6.105e-27,2.009e-21,4.169e-19,2.191e-20,9.560e+1,1.323e+1,2.277e-22,2.663e+0,8.297e-4,2.692e-20,1.351e-1,1.849e+1,1.124e+0,1.192e-29,3.878e-21,1.503e-23,,,,,,,,,,,,3.178e-1,5.325e+0,,1.508e-21,,,,,,1.293e+0,,5.617e-19,4.167e-18,5.674e-5,2.354e+3
291.31,2.324e+3,2.047e-6,2.214e-10,2.757e-46,,8.248e-15,,7.518e-1,1.187e-11,,7.864e-17,2.059e-19,1.759e-30,1.960e-17,6.525e-4,2.948e-34,,3.906e-28,3.948e-27,2.009e-21,4.170e-19,3.551e-20,9.180e+1,1.192e+1,2.278e-22,2.403e+0,1.231e-3,2.684e-20,1.357e-1,2.038e+1,1.052e+0,1.199e-29,3.878e-21,1.504e-23,,,,,,,,,,,,2.652e-1,4.003e+0,,1.506e-21,,,,,,1.402e+0,,5.622e-19,4.153e-18,3.604e-5,2.190e+3
291.34,2.060e+3,1.166e-6,1.822e-10,2.759e-46,,1.098e-14,,8.751e-1,3.314e-11,,7.873e-17,2.049e-19,1.742e-30,1.949e-17,3.888e-4,2.922e-34,,3.908e-28,2.019e-27,2.010e-21,4.172e-19,7.385e-20,8.493e+1,1.003e+1,2.280e-22,2.029e+0,2.187e-3,2.673e-20,1.345e-1,2.471e+1,9.453e-1,1.210e-29,3.880e-21,1.505e-23,,,,,,,,,,,,1.988e-1,2.566e+0,,1.504e-21,,,,,,1.557e+0,,5.629e-19,4.131e-18,1.793e-5,1.932e+3
291.36,1.882e+3,7.923e-7,1.584e-10,2.760e-46,,1.315e-14,,9.576e-1,6.500e-11,,7.879e-17,2.043e-19,1.730e-30,1.942e-17,2.723e-4,2.904e-34,,3.909e-28,1.277e-27,2.011e-21,4.173e-19,1.195e-19,7.973e+1,8.840e+0,2.282e-22,1.794e+0,3.172e-3,2.666e-20,1.322e-1,2.866e+1,8.784e-1,1.217e-29,3.880e-21,1.506e-23,,,,,,,,,,,,1.622e-1,1.886e+0,,1.502e-21,,,,,,1.651e+0,,5.634e-19,4.116e-18,1.113e-5,1.757e+3
291.39,1.620e+3,4.364e-7,1.265e-10,2.762e-46,,1.696e-14,,1.078e+0,1.756e-10,,7.887e-17,2.033e-19,1.714e-30,1.931e-17,1.570e-4,2.878e-34,,3.910e-28,6.311e-28,2.012e-21,4.175e-19,2.425e-19,7.130e+1,7.190e+0,2.283e-22,1.469e+0,5.450e-3,2.655e-20,1.266e-1,3.633e+1,7.879e-1,1.228e-29,3.882e-21,1.507e-23,,,,,,,,,,,,1.175e-1,1.168e+0,,1.500e-21,,,,,,1.772e+0,,5.641e-19,4.094e-18,5.354e-6,1.499e+3
291.41,1.453e+3,2.899e-7,1.078e-10,2.764e-46,,1.987e-14,,1.153e+0,3.367e-10,,7.893e-17,2.026e-19,1.702e-30,1.924e-17,1.075e-4,2.861e-34,,3.911e-28,3.901e-28,2.012e-21,4.176e-19,3.845e-19,6.545e+1,6.195e+0,2.285e-22,1.272e+0,7.730e-3,2.648e-20,1.217e-1,4.267e+1,7.365e-1,1.235e-29,3.882e-21,1.508e-23,,,,,,,,,,,,9.375e-2,8.393e-1,,1.499e-21,,,,,,1.837e+0,,5.646e-19,4.080e-18,3.249e-6,1.333e+3
291.44,1.220e+3,1.544e-7,8.344e-11,2.766e-46,,2.481e-14,,1.254e+0,8.796e-10,,7.902e-17,2.016e-19,1.685e-30,1.914e-17,5.993e-5,2.834e-34,,3.913e-28,1.864e-28,2.013e-21,4.178e-19,7.546e-19,5.658e+1,4.871e+0,2.287e-22,1.010e+0,1.284e-2,2.637e-20,1.128e-1,5.406e+1,6.757e-1,1.245e-29,3.883e-21,1.510e-23,,,,,,,,,,,,6.567e-2,5.026e-1,,1.496e-21,,,,,,1.907e+0,,5.653e-19,4.058e-18,1.510e-6,1.099e+3
291.46,1.078e+3,1.003e-7,6.963e-11,2.767e-46,,2.845e-14,,1.312e+0,1.650e-9,,7.908e-17,2.009e-19,1.674e-30,1.906e-17,4.014e-5,2.817e-34,,3.914e-28,1.126e-28,2.014e-21,4.179e-19,1.170e-18,5.078e+1,4.102e+0,2.288e-22,8.564e-1,1.781e-2,2.630e-20,1.061e-1,6.293e+1,6.475e-1,1.252e-29,3.884e-21,1.511e-23,,,,,,,,,,,,5.121e-2,3.530e-1,,1.495e-21,,,,,,1.933e+0,,5.658e-19,4.043e-18,8.961e-7,9.554e+2
291.49,8.901e+2,5.163e-8,5.225e-11,2.769e-46,,3.438e-14,,1.380e+0,4.168e-9,,7.916e-17,1.999e-19,1.657e-30,1.896e-17,2.164e-5,2.791e-34,,3.915e-28,5.199e-29,2.015e-21,4.181e-19,2.221e-18,4.244e+1,3.118e+0,2.290e-22,6.585e-1,2.861e-2,2.619e-20,9.521e-2,7.808e+1,6.254e-1,1.263e-29,3.885e-21,1.512e-23,,,,,,,,,,,,3.467e-2,2.043e-1,,1.492e-21,,,,,,1.940e+0,,5.665e-19,4.021e-18,4.026e-7,7.615e+2
291.51,7.813e+2,3.279e-8,4.270e-11,2.770e-46,,3.859e-14,,1.412e+0,7.645e-9,,7.922e-17,1.992e-19,1.646e-30,1.888e-17,1.417e-5,2.773e-34,,3.916e-28,3.071e-29,2.015e-21,4.182e-19,3.366e-18,3.724e+1,2.568e+0,2.291e-22,5.468e-1,3.880e-2,2.612e-20,8.764e-2,8.934e+1,6.245e-1,1.270e-29,3.886e-21,1.513e-23,,,,,,,,,,,,2.644e-2,1.403e-1,,1.491e-21,,,,,,1.922e+0,,5.670e-19,4.007e-18,2.335e-7,6.473e+2
291.54,6.431e+2,1.632e-8,3.104e-11,2.772e-46,,4.516e-14,,1.436e+0,1.868e-8,,7.931e-17,1.982e-19,1.629e-30,1.878e-17,7.387e-6,2.747e-34,,3.918e-28,1.371e-29,2.016e-21,4.184e-19,6.179e-18,3.009e+1,1.887e+0,2.293e-22,4.071e-1,6.027e-2,2.601e-20,7.625e-2,1.078e+2,6.442e-1,1.280e-29,3.887e-21,1.514e-23,,,,,,,,,,,,1.730e-2,7.850e-2,,1.489e-21,,,,,,1.865e+0,,5.677e-19,3.985e-18,1.014e-7,4.988e+2
291.56,5.671e+2,1.013e-8,2.483e-11,2.773e-46,,4.962e-14,,1.436e+0,3.350e-8,,7.936e-17,1.976e-19,1.618e-30,1.871e-17,4.731e-6,2.729e-34,,3.919e-28,7.914e-30,2.017e-21,4.185e-19,9.160e-18,2.581e+1,1.519e+0,2.294e-22,3.309e-1,7.993e-2,2.594e-20,6.885e-2,1.209e+2,6.709e-1,1.287e-29,3.888e-21,1.515e-23,,,,,,,,,,,,1.290e-2,5.270e-2,,1.487e-21,,,,,,1.807e+0,,5.682e-19,3.970e-18,5.749e-8,4.145e+2
291.59,4.756e+2,4.875e-9,1.749e-11,2.775e-46,,5.627e-14,,1.412e+0,7.916e-8,,7.945e-17,1.966e-19,1.601e-30,1.860e-17,2.385e-6,2.703e-34,,3.921e-28,3.414e-30,2.018e-21,4.187e-19,1.626e-17,2.016e+1,1.079e+0,2.296e-22,2.385e-1,1.200e-1,2.583e-20,5.838e-2,1.413e+2,7.298e-1,1.298e-29,3.889e-21,1.516e-23,,,,,,,,,,,,8.160e-3,2.850e-2,,1.485e-21,,,,,,1.694e+0,,5.689e-19,3.948e-18,2.413e-8,3.088e+2
291.61,4.280e+2,2.960e-9,1.369e-11,2.777e-46,,6.057e-14,,1.380e+0,1.389e-7,,7.951e-17,1.959e-19,1.590e-30,1.853e-17,1.493e-6,2.686e-34,,3.922e-28,1.927e-30,2.018e-21,4.188e-19,2.357e-17,1.691e+1,8.495e-1,2.297e-22,1.897e-1,1.557e-1,2.576e-20,5.200e-2,1.552e+2,7.805e-1,1.305e-29,3.890e-21,1.517e-23,,,,,,,,,,,,5.946e-3,1.870e-2,,1.483e-21,,,,,,1.605e+0,,5.694e-19,3.933e-18,1.337e-8,2.509e+2
291.64,3.740e+2,1.376e-9,9.333e-12,2.779e-46,,6.662e-14,,1.312e+0,3.173e-7,,7.959e-17,1.949e-19,1.573e-30,1.842e-17,7.277e-7,2.660e-34,,3.923e-28,8.034e-31,2.019e-21,4.190e-19,4.046e-17,1.277e+1,5.835e-1,2.299e-22,1.324e-1,2.261e-1,2.565e-20,4.360e-2,1.759e+2,8.711e-1,1.316e-29,3.891e-21,1.519e-23,,,,,,,,,,,,3.637e-3,9.777e-3,,1.481e-21,,,,,,1.456e+0,,5.702e-19,3.912e-18,5.424e-9,1.807e+2
291.66,3.477e+2,8.170e-10,7.151e-12,2.780e-46,,7.029e-14,,1.254e+0,5.444e-7,,7.965e-17,1.942e-19,1.562e-30,1.835e-17,4.456e-7,2.642e-34,,3.924e-28,4.433e-31,2.020e-21,4.191e-19,5.735e-17,1.047e+1,4.494e-1,2.300e-22,1.030e-1,2.867e-1,2.557e-20,3.889e-2,1.893e+2,9.396e-1,1.323e-29,3.892e-21,1.520e-23,,,,,,,,,,,,2.591e-3,6.273e-3,,1.479e-21,,,,,,1.348e+0,,5.706e-19,3.897e-18,2.939e-9,1.435e+2
291.68,3.277e+2,4.805e-10,5.432e-12,2.781e-46,,7.360e-14,,1.189e+0,9.256e-7,,7.971e-17,1.936e-19,1.551e-30,1.828e-17,2.704e-7,2.625e-34,,3.925e-28,2.424e-31,2.020e-21,4.193e-19,8.058e-17,8.507e+0,3.432e-1,2.302e-22,7.947e-2,3.603e-1,2.550e-20,3.497e-2,2.020e+2,1.013e+0,1.330e-29,3.893e-21,1.520e-23,,,,,,,,,,,,1.829e-3,3.988e-3,,1.478e-21,,,,,,1.238e+0,,5.711e-19,3.882e-18,1.578e-9,1.130e+2
291.71,3.072e+2,2.131e-10,3.538e-12,2.783e-46,,7.774e-14,,1.078e+0,2.018e-6,,7.980e-17,1.926e-19,1.534e-30,1.817e-17,1.257e-7,2.598e-34,,3.927e-28,9.637e-32,2.021e-21,4.195e-19,1.320e-16,6.127e+0,2.260e-1,2.304e-22,5.297e-2,4.992e-1,2.539e-20,3.073e-2,2.194e+2,1.131e+0,1.340e-29,3.894e-21,1.522e-23,,,,,,,,,,,,1.067e-3,1.988e-3,,1.475e-21,,,,,,1.070e+0,,5.719e-19,3.860e-18,6.103e-10,7.758e+1
291.73,2.981e+2,1.225e-10,2.629e-12,2.785e-46,,7.990e-14,,9.983e-1,3.356e-6,,7.985e-17,1.919e-19,1.522e-30,1.810e-17,7.458e-8,2.581e-34,,3.928e-28,5.151e-32,2.022e-21,4.196e-19,1.813e-16,4.867e+0,1.699e-1,2.305e-22,3.997e-2,6.135e-1,2.532e-20,2.906e-2,2.295e+2,1.213e+0,1.347e-29,3.894e-21,1.523e-23,,,,,,,,,,,,7.363e-4,1.236e-3,,1.474e-21,,,,,,9.607e-1,,5.723e-19,3.846e-18,3.203e-10,5.971e+1
291.76,2.893e+2,5.254e-11,1.657e-12,2.787e-46,,8.219e-14,,8.751e-1,7.076e-6,,7.994e-17,1.909e-19,1.506e-30,1.799e-17,3.352e-8,2.555e-34,,3.929e-28,1.979e-32,2.023e-21,4.198e-19,2.871e-16,3.389e+0,1.110e-1,2.307e-22,2.577e-2,8.219e-1,2.521e-20,2.839e-2,2.423e+2,1.341e+0,1.358e-29,3.896e-21,1.524e-23,,,,,,,,,,,,4.151e-4,5.954e-4,,1.472e-21,,,,,,8.033e-1,,5.731e-19,3.824e-18,1.197e-10,3.964e+1
291.78,2.855e+2,2.953e-11,1.204e-12,2.788e-46,,8.305e-14,,7.926e-1,1.151e-5,,8.000e-17,1.902e-19,1.494e-30,1.792e-17,1.944e-8,2.537e-34,,3.930e-28,1.034e-32,2.023e-21,4.199e-19,3.857e-16,2.632e+0,8.483e-2,2.308e-22,1.902e-2,9.877e-1,2.514e-20,2.922e-2,2.489e+2,1.432e+0,1.365e-29,3.896e-21,1.525e-23,,,,,,,,,,,,2.801e-4,3.618e-4,,1.470e-21,,,,,,7.050e-1,,5.736e-19,3.809e-18,6.143e-11,2.983e+1
291.81,2.813e+2,1.224e-11,7.343e-13,2.790e-46,,8.339e-14,,6.718e-1,2.347e-5,,8.008e-17,1.892e-19,1.477e-30,1.781e-17,8.448e-9,2.511e-34,,3.932e-28,3.841e-33,2.024e-21,4.201e-19,5.906e-16,1.772e+0,6.096e-2,2.310e-22,1.187e-2,1.279e+0,2.503e-20,3.249e-2,2.561e+2,1.580e+0,1.376e-29,3.897e-21,1.526e-23,,,,,,,,,,,,1.527e-4,1.685e-4,,1.468e-21,,,,,,5.698e-1,,5.743e-19,3.787e-18,2.220e-11,1.915e+1
291.83,2.789e+2,6.726e-12,5.222e-13,2.791e-46,,8.300e-14,,5.949e-1,3.732e-5,,8.014e-17,1.885e-19,1.466e-30,1.774e-17,4.791e-9,2.494e-34,,3.933e-28,1.962e-33,2.025e-21,4.202e-19,7.760e-16,1.345e+0,5.368e-2,2.311e-22,8.566e-3,1.503e+0,2.496e-20,3.604e-2,2.591e+2,1.694e+0,1.383e-29,3.898e-21,1.527e-23,,,,,,,,,,,,1.007e-4,1.001e-4,,1.466e-21,,,,,,4.889e-1,,5.748e-19,3.773e-18,1.113e-11,1.409e+1
291.86,2.755e+2,2.694e-12,3.080e-13,2.793e-46,,8.160e-14,,4.875e-1,7.360e-5,,8.023e-17,1.875e-19,1.449e-30,1.763e-17,2.012e-9,2.467e-34,,3.934e-28,7.042e-34,2.026e-21,4.204e-19,1.149e-15,8.755e-1,5.451e-2,2.313e-22,5.168e-3,1.883e+0,2.485e-20,4.350e-2,2.611e+2,1.905e+0,1.393e-29,3.899e-21,1.529e-23,,,,,,,,,,,,5.306e-5,4.506e-5,,1.464e-21,,,,,,3.821e-1,,5.755e-19,3.751e-18,3.888e-12,8.739e+0
291.88,2.731e+2,1.448e-12,2.142e-13,2.795e-46,,8.019e-14,,4.221e-1,1.145e-4,,8.029e-17,1.869e-19,1.438e-30,1.756e-17,1.116e-9,2.450e-34,,3.935e-28,3.517e-34,2.026e-21,4.205e-19,1.476e-15,6.500e-1,6.312e-2,2.314e-22,3.649e-3,2.164e+0,2.478e-20,4.989e-2,2.611e+2,2.088e+0,1.400e-29,3.900e-21,1.530e-23,,,,,,,,,,,,3.422e-5,2.617e-5,,1.462e-21,,,,,,3.206e-1,,5.760e-19,3.736e-18,1.906e-12,6.286e+0
291.91,2.695e+2,5.605e-13,1.222e-13,2.797e-46,,7.746e-14,,3.344e-1,2.183e-4,,8.037e-17,1.859e-19,1.421e-30,1.745e-17,4.531e-10,2.424e-34,,3.937e-28,1.220e-34,2.027e-21,4.207e-19,2.114e-15,4.089e-1,9.017e-2,2.316e-22,2.129e-3,2.621e+0,2.467e-20,6.161e-2,2.595e+2,2.467e+0,1.411e-29,3.901e-21,1.531e-23,,,,,,,,,,,,1.743e-5,1.139e-5,,1.460e-21,,,,,,2.422e-1,,5.767e-19,3.714e-18,6.433e-13,3.770e+0
291.93,2.673e+2,2.944e-13,8.311e-14,2.798e-46,,7.532e-14,,2.831e-1,3.321e-4,,8.043e-17,1.852e-19,1.410e-30,1.738e-17,2.456e-10,2.406e-34,,3.938e-28,5.955e-35,2.028e-21,4.208e-19,2.656e-15,2.968e-1,1.199e-1,2.317e-22,1.470e-3,2.945e+0,2.460e-20,7.078e-2,2.579e+2,2.822e+0,1.418e-29,3.902e-21,1.532e-23,,,,,,,,,,,,1.099e-5,6.465e-6,,1.458e-21,,,,,,1.987e-1,,5.772e-19,3.700e-18,3.083e-13,2.651e+0
291.96,2.647e+2,1.102e-13,4.585e-14,2.800e-46,,7.175e-14,,2.168e-1,6.125e-4,,8.052e-17,1.842e-19,1.393e-30,1.727e-17,9.641e-11,2.380e-34,,3.940e-28,1.997e-35,2.029e-21,4.210e-19,3.677e-15,1.805e-1,1.878e-1,2.319e-22,8.297e-4,3.449e+0,2.449e-20,8.643e-2,2.553e+2,3.586e+0,1.428e-29,3.903e-21,1.533e-23,,,,,,,,,,,,5.410e-6,2.719e-6,,1.456e-21,,,,,,1.451e-1,,5.779e-19,3.678e-18,1.006e-13,1.537e+0
291.98,2.639e+2,5.657e-14,3.050e-14,2.801e-46,,6.919e-14,,1.795e-1,9.110e-4,,8.057e-17,1.835e-19,1.382e-30,1.720e-17,5.110e-11,2.363e-34,,3.941e-28,9.539e-36,2.029e-21,4.211e-19,4.517e-15,1.281e-1,2.536e-1,2.321e-22,5.603e-4,3.789e+0,2.441e-20,9.800e-2,2.540e+2,4.308e+0,1.435e-29,3.904e-21,1.534e-23,,,,,,,,,,,,3.335e-6,1.509e-6,,1.455e-21,,,,,,1.164e-1,,5.784e-19,3.663e-18,4.713e-14,1.057e+0
292.01,2.647e+2,2.047e-14,1.627e-14,2.803e-46,,6.520e-14,,1.329e-1,1.625e-3,,8.066e-17,1.825e-19,1.365e-30,1.709e-17,1.939e-11,2.336e-34,,3.942e-28,3.124e-36,2.030e-21,4.213e-19,6.049e-15,7.531e-2,3.939e-1,2.323e-22,3.057e-4,4.291e+0,2.431e-20,1.167e-1,2.531e+2,5.845e+0,1.446e-29,3.905e-21,1.535e-23,,,,,,,,,,,,1.587e-6,6.136e-7,,1.452e-21,,,,,,8.219e-2,,5.791e-19,3.641e-18,1.486e-14,5.925e-1
292.03,2.669e+2,1.027e-14,1.059e-14,2.805e-46,,6.248e-14,,1.075e-1,2.364e-3,,8.072e-17,1.819e-19,1.354e-30,1.702e-17,1.005e-11,2.319e-34,,3.943e-28,1.520e-36,2.031e-21,4.214e-19,7.267e-15,5.226e-2,5.236e-1,2.324e-22,2.019e-4,4.610e+0,2.423e-20,1.299e-1,2.537e+2,7.269e+0,1.453e-29,3.906e-21,1.536e-23,,,,,,,,,,,,9.565e-7,3.330e-7,,1.451e-21,,,,,,6.445e-2,,5.796e-19,3.627e-18,6.806e-15,3.983e-1
292.05,2.707e+2,5.111e-15,6.824e-15,2.806e-46,,5.973e-14,,8.626e-2,3.408e-3,,8.078e-17,1.812e-19,1.343e-30,1.695e-17,5.159e-12,2.301e-34,,3.944e-28,8.434e-37,2.031e-21,4.215e-19,8.652e-15,3.594e-2,6.903e-1,2.325e-22,1.321e-4,4.908e+0,2.416e-20,1.433e-1,2.554e+2,9.108e+0,1.460e-29,3.907e-21,1.537e-23,,,,,,,,,,,,5.713e-7,1.791e-7,,1.449e-21,,,,,,5.008e-2,,5.801e-19,3.612e-18,3.089e-15,2.653e-1
292.08,2.799e+2,1.763e-15,3.474e-15,2.808e-46,,5.562e-14,,6.093e-2,5.801e-3,,8.086e-17,1.802e-19,1.326e-30,1.684e-17,1.867e-12,2.275e-34,,3.946e-28,7.870e-37,2.032e-21,4.217e-19,1.105e-14,2.015e-2,1.028e+0,2.327e-22,6.879e-5,5.303e+0,2.405e-20,1.636e-1,2.603e+2,1.286e+1,1.471e-29,3.908e-21,1.539e-23,,,,,,,,,,,,2.592e-7,6.941e-8,,1.447e-21,,,,,,3.374e-2,,5.808e-19,3.590e-18,9.287e-16,1.418e-1
292.1,2.885e+2,8.573e-16,2.190e-15,2.809e-46,,5.290e-14,,4.778e-2,8.178e-3,,8.092e-17,1.795e-19,1.314e-30,1.677e-17,9.372e-13,2.258e-34,,3.947e-28,1.361e-36,2.033e-21,4.218e-19,1.287e-14,1.355e-2,1.326e+0,2.328e-22,4.402e-5,5.521e+0,2.398e-20,1.769e-1,2.651e+2,1.618e+1,1.478e-29,3.908e-21,1.539e-23,,,,,,,,,,,,1.514e-7,3.649e-8,,1.445e-21,,,,,,2.563e-2,,5.813e-19,3.575e-18,4.121e-16,9.237e-2
292.13,3.054e+2,2.858e-16,1.078e-15,2.811e-46,,4.887e-14,,3.263e-2,1.346e-2,,8.101e-17,1.785e-19,1.298e-30,1.666e-17,3.278e-13,2.232e-34,,3.948e-28,4.044e-36,2.034e-21,4.220e-19,1.590e-14,7.344e-3,1.912e+0,2.330e-22,2.216e-5,5.768e+0,2.387e-20,1.957e-1,2.747e+2,2.274e+1,1.488e-29,3.910e-21,1.541e-23,,,,,,,,,,,,6.640e-8,1.367e-8,,1.443e-21,,,,,,1.669e-2,,5.820e-19,3.553e-18,1.197e-16,4.773e-2
292.15,3.192e+2,1.359e-16,6.644e-16,2.812e-46,,4.622e-14,,2.502e-2,1.856e-2,,8.106e-17,1.778e-19,1.286e-30,1.659e-17,1.609e-13,2.214e-34,,3.949e-28,8.581e-36,2.034e-21,4.221e-19,1.810e-14,4.829e-3,2.412e+0,2.331e-22,1.387e-5,5.872e+0,2.380e-20,2.072e-1,2.823e+2,2.837e+1,1.495e-29,3.910e-21,1.542e-23,,,,,,,,,,,,3.791e-8,7.028e-9,,1.441e-21,,,,,,1.240e-2,,5.825e-19,3.539e-18,5.193e-17,3.039e-2
292.18,3.437e+2,4.379e-17,3.162e-16,2.814e-46,,4.232e-14,,1.652e-2,2.955e-2,,8.115e-17,1.768e-19,1.269e-30,1.649e-17,5.439e-14,2.188e-34,,3.951e-28,2.626e-35,2.035e-21,4.223e-19,2.162e-14,2.534e-3,3.363e+0,2.333e-22,6.750e-6,5.932e+0,2.369e-20,2.223e-1,2.951e+2,3.908e+1,1.506e-29,3.912e-21,1.543e-23,,,,,,,,,,,,1.607e-8,2.546e-9,,1.439e-21,,,,,,7.809e-3,,5.832e-19,3.517e-18,1.458e-17,1.518e-2
292.2,3.624e+2,2.035e-17,1.906e-16,2.816e-46,,3.978e-14,,1.238e-2,3.985e-2,,8.121e-17,1.762e-19,1.258e-30,1.641e-17,2.610e-14,2.170e-34,,3.952e-28,5.479e-35,2.036e-21,4.224e-19,2.407e-14,1.634e-3,4.151e+0,2.335e-22,4.130e-6,5.905e+0,2.362e-20,2.308e-1,3.041e+2,4.797e+1,1.513e-29,3.912e-21,1.544e-23,,,,,,,,,,,,8.971e-9,1.279e-9,,1.438e-21,,,,,,5.673e-3,,5.837e-19,3.502e-18,6.184e-18,9.453e-3
292.23,3.937e+2,6.340e-18,8.769e-17,2.818e-46,,3.604e-14,,7.903e-3,6.135e-2,,8.130e-17,1.752e-19,1.241e-30,1.631e-17,8.529e-15,2.144e-34,,3.953e-28,1.624e-34,2.037e-21,4.226e-19,2.781e-14,8.429e-4,5.598e+0,2.336e-22,1.944e-6,5.769e+0,2.351e-20,2.407e-1,3.177e+2,6.431e+1,1.524e-29,3.913e-21,1.545e-23,,,,,,,,,,,,3.677e-9,4.478e-10,,1.435e-21,,,,,,3.457e-3,,5.845e-19,3.480e-18,1.679e-18,4.565e-3
292.25,4.163e+2,2.881e-18,5.168e-17,2.819e-46,,3.362e-14,,5.793e-3,8.090e-2,,8.135e-17,1.745e-19,1.230e-30,1.623e-17,4.001e-15,2.127e-34,,3.954e-28,3.315e-34,2.037e-21,4.227e-19,3.028e-14,5.494e-4,6.759e+0,2.338e-22,1.163e-6,5.616e+0,2.344e-20,2.453e-1,3.262e+2,7.740e+1,1.531e-29,3.914e-21,1.546e-23,,,,,,,,,,,,2.006e-9,2.199e-10,,1.434e-21,,,,,,2.460e-3,,5.849e-19,3.466e-18,6.957e-19,2.779e-3
292.28,4.527e+2,8.674e-19,2.299e-17,2.821e-46,,3.009e-14,,3.575e-3,1.205e-1,,8.144e-17,1.735e-19,1.213e-30,1.613e-17,1.264e-15,2.100e-34,,3.956e-28,9.506e-34,2.038e-21,4.229e-19,3.382e-14,3.195e-4,8.822e+0,2.340e-22,5.291e-7,5.305e+0,2.333e-20,2.494e-1,3.375e+2,1.006e+2,1.541e-29,3.915e-21,1.548e-23,,,,,,,,,,,,7.950e-10,7.444e-11,,1.431e-21,,,,,,1.460e-3,,5.857e-19,3.444e-18,1.825e-19,1.297e-3
292.3,4.781e+2,3.853e-19,1.325e-17,2.822e-46,,2.782e-14,,2.562e-3,1.553e-1,,8.150e-17,1.728e-19,1.202e-30,1.606e-17,5.797e-16,2.083e-34,,3.957e-28,1.898e-33,2.039e-21,4.230e-19,3.601e-14,2.616e-4,1.042e+1,2.341e-22,3.095e-7,5.052e+0,2.325e-20,2.504e-1,3.437e+2,1.186e+2,1.548e-29,3.916e-21,1.549e-23,,,,,,,,,,,,4.241e-10,3.574e-11,,1.430e-21,,,,,,1.028e-3,,5.862e-19,3.429e-18,7.396e-20,7.720e-4
292.33,5.178e+2,1.121e-19,5.697e-18,2.824e-46,,2.456e-14,,1.529e-3,2.237e-1,,8.158e-17,1.718e-19,1.185e-30,1.595e-17,1.770e-16,2.057e-34,,3.959e-28,5.264e-33,2.040e-21,4.232e-19,3.890e-14,2.850e-4,1.317e+1,2.343e-22,1.362e-7,4.616e+0,2.315e-20,2.495e-1,3.502e+2,1.493e+2,1.559e-29,3.917e-21,1.550e-23,,,,,,,,,,,,1.624e-10,1.169e-11,,1.427e-21,,,,,,6.212e-4,,5.869e-19,3.407e-18,1.875e-20,3.484e-4
292.35,5.449e+2,4.868e-20,3.209e-18,2.826e-46,,2.249e-14,,1.071e-3,2.821e-1,,8.164e-17,1.712e-19,1.174e-30,1.588e-17,7.936e-17,2.039e-34,,3.960e-28,1.028e-32,2.040e-21,4.233e-19,4.050e-14,3.753e-4,1.523e+1,2.344e-22,7.788e-8,4.300e+0,2.307e-20,2.478e-1,3.527e+2,1.721e+2,1.566e-29,3.918e-21,1.551e-23,,,,,,,,,,,,8.471e-11,5.489e-12,,1.426e-21,,,,,,4.655e-4,,5.874e-19,3.393e-18,7.428e-21,2.027e-4
292.38,5.861e+2,1.369e-20,1.334e-18,2.828e-46,,1.956e-14,,6.178e-4,3.928e-1,,8.173e-17,1.702e-19,1.157e-30,1.577e-17,2.342e-17,2.013e-34,,3.961e-28,2.758e-32,2.041e-21,4.235e-19,4.230e-14,6.588e-4,1.864e+1,2.346e-22,3.313e-8,3.804e+0,2.296e-20,2.444e-1,3.533e+2,2.097e+2,1.576e-29,3.919e-21,1.552e-23,,,,,,,,,,,,3.137e-11,1.736e-12,,1.424e-21,,,,,,3.596e-4,,5.881e-19,3.371e-18,7.849e-21,8.844e-5
292.4,6.136e+2,5.812e-21,7.351e-19,2.829e-46,,1.772e-14,,4.233e-4,4.845e-1,,8.179e-17,1.695e-19,1.146e-30,1.570e-17,1.027e-17,1.996e-34,,3.962e-28,5.266e-32,2.042e-21,4.236e-19,4.307e-14,9.904e-4,2.111e+1,2.347e-22,1.852e-8,3.469e+0,2.289e-20,2.420e-1,3.518e+2,2.365e+2,1.583e-29,3.920e-21,1.553e-23,,,,,,,,,,,,1.599e-11,7.965e-13,,1.422e-21,,,,,,3.612e-4,,5.886e-19,3.356e-18,8.130e-21,5.031e-5
292.42,6.410e+2,2.445e-21,4.013e-19,2.830e-46,,1.599e-14,,2.874e-4,5.922e-1,,8.184e-17,1.688e-19,1.134e-30,1.563e-17,4.459e-18,1.978e-34,,3.963e-28,9.968e-32,2.042e-21,4.237e-19,4.345e-14,1.493e-3,2.371e+1,2.348e-22,1.027e-8,3.138e+0,2.282e-20,2.401e-1,3.489e+2,2.644e+2,1.590e-29,3.921e-21,1.554e-23,,,,,,,,,,,,8.080e-12,3.622e-13,,1.421e-21,,,,,,4.197e-4,,5.891e-19,3.342e-18,8.411e-21,2.836e-5
292.45,6.813e+2,6.558e-22,1.591e-19,2.832e-46,,1.359e-14,,1.581e-4,7.869e-1,,8.193e-17,1.678e-19,1.118e-30,1.552e-17,1.255e-18,1.952e-34,,3.965e-28,2.553e-31,2.043e-21,4.239e-19,4.331e-14,2.739e-3,2.781e+1,2.350e-22,4.165e-9,2.663e+0,2.271e-20,2.392e-1,3.424e+2,3.074e+2,1.601e-29,3.922e-21,1.555e-23,,,,,,,,,,,,2.853e-12,1.092e-13,,1.418e-21,,,,,,6.307e-4,,5.898e-19,3.320e-18,8.833e-21,1.180e-5
292.47,7.074e+2,2.697e-22,8.493e-20,2.834e-46,,1.212e-14,,1.050e-4,9.407e-1,,8.199e-17,1.671e-19,1.106e-30,1.545e-17,5.329e-19,1.935e-34,,3.966e-28,4.726e-31,2.044e-21,4.241e-19,4.273e-14,4.066e-3,3.064e+1,2.352e-22,2.257e-9,2.367e+0,2.264e-20,2.408e-1,3.371e+2,3.361e+2,1.608e-29,3.923e-21,1.556e-23,,,,,,,,,,,,1.409e-12,4.856e-14,,1.417e-21,,,,,,8.769e-4,,5.903e-19,3.305e-18,9.114e-21,6.503e-6
292.5,7.447e+2,6.992e-23,3.256e-20,2.836e-46,,1.013e-14,,5.585e-5,1.209e+0,,8.207e-17,1.661e-19,1.089e-30,1.534e-17,1.448e-19,1.908e-34,,3.967e-28,1.171e-30,2.045e-21,4.242e-19,4.118e-14,7.236e-3,3.495e+1,2.353e-22,8.854e-10,1.966e+0,2.253e-20,2.483e-1,3.285e+2,3.779e+2,1.619e-29,3.924e-21,1.558e-23,,,,,,,,,,,,4.810e-13,1.415e-14,,1.414e-21,,,,,,1.472e-3,,5.910e-19,3.283e-18,9.535e-21,2.616e-6
292.52,7.680e+2,2.811e-23,1.699e-20,2.837e-46,,8.926e-15,,3.625e-5,1.413e+0,,8.213e-17,1.655e-19,1.078e-30,1.527e-17,6.012e-20,1.891e-34,,3.968e-28,2.120e-30,2.045e-21,4.244e-19,3.974e-14,1.051e-2,3.783e+1,2.355e-22,4.691e-10,1.731e+0,2.246e-20,2.581e-1,3.228e+2,4.041e+2,1.626e-29,3.924e-21,1.559e-23,,,,,,,,,,,,2.323e-13,6.152e-15,,1.413e-21,,,,,,2.080e-3,,5.915e-19,3.268e-18,9.816e-21,1.410e-6
292.55,8.001e+2,7.044e-24,6.298e-21,2.839e-46,,7.320e-15,,1.864e-5,1.757e+0,,8.222e-17,1.645e-19,1.061e-30,1.516e-17,1.581e-20,1.865e-34,,3.970e-28,5.081e-30,2.046e-21,4.245e-19,3.703e-14,1.810e-2,4.209e+1,2.357e-22,1.779e-10,1.433e+0,2.235e-20,2.826e-1,3.151e+2,4.393e+2,1.636e-29,3.926e-21,1.560e-23,,,,,,,,,,,,7.664e-14,1.733e-15,,1.410e-21,,,,,,3.453e-3,,5.922e-19,3.247e-18,1.024e-20,5.481e-7
292.57,8.190e+2,8.369e-24,3.213e-21,2.840e-46,,6.374e-15,,1.183e-5,2.008e+0,,8.228e-17,1.638e-19,1.050e-30,1.509e-17,6.417e-21,1.847e-34,,3.971e-28,8.999e-30,2.047e-21,4.247e-19,3.494e-14,2.572e-2,4.487e+1,2.358e-22,9.216e-11,1.273e+0,2.228e-20,3.078e-1,3.111e+2,4.594e+2,1.643e-29,3.926e-21,1.561e-23,,,,,,,,,,,,3.619e-14,7.364e-16,,1.409e-21,,,,,,4.794e-3,,5.927e-19,3.232e-18,1.052e-20,2.888e-7
292.6,8.433e+2,1.036e-23,1.151e-21,2.842e-46,,5.131e-15,,5.883e-6,2.414e+0,,8.236e-17,1.628e-19,1.033e-30,1.498e-17,1.631e-21,1.821e-34,,3.972e-28,2.086e-29,2.048e-21,4.248e-19,3.149e-14,4.285e-2,4.891e+1,2.360e-22,3.379e-11,1.092e+0,2.217e-20,3.637e-1,3.074e+2,4.831e+2,1.654e-29,3.927e-21,1.562e-23,,,,,,,,,,,,1.154e-14,2.005e-16,,1.407e-21,,,,,,7.721e-3,,5.934e-19,3.210e-18,1.094e-20,1.086e-7
292.62,8.564e+2,1.168e-23,5.743e-22,2.843e-46,,4.414e-15,,3.651e-6,2.699e+0,,8.242e-17,1.621e-19,1.022e-30,1.491e-17,6.165e-22,1.803e-34,,3.973e-28,3.614e-29,2.048e-21,4.250e-19,2.905e-14,5.954e-2,5.153e+1,2.361e-22,1.711e-11,1.011e+0,2.209e-20,4.169e-1,3.067e+2,4.940e+2,1.661e-29,3.928e-21,1.563e-23,,,,,,,,,,,,5.327e-15,8.330e-17,,1.405e-21,,,,,,1.049e-2,,5.939e-19,3.195e-18,1.122e-20,5.591e-8
292.65,8.708e+2,1.367e-23,1.989e-22,2.845e-46,,3.491e-15,,1.755e-6,3.137e+0,,8.251e-17,1.611e-19,1.005e-30,1.480e-17,6.164e-22,1.777e-34,,3.975e-28,8.104e-29,2.049e-21,4.251e-19,2.532e-14,9.593e-2,5.538e+1,2.363e-22,6.066e-12,9.483e-1,2.199e-20,5.290e-1,3.083e+2,5.024e+2,1.672e-29,3.929e-21,1.564e-23,,,,,,,,,,,,1.642e-15,2.193e-17,,1.403e-21,,,,,,1.635e-2,,5.946e-19,3.173e-18,1.164e-20,2.032e-8
292.67,8.768e+2,1.499e-23,9.701e-23,2.847e-46,,2.970e-15,,1.065e-6,3.430e+0,,8.256e-17,1.605e-19,9.939e-31,1.473e-17,6.164e-22,1.760e-34,,3.976e-28,1.373e-28,2.050e-21,4.253e-19,2.284e-14,1.304e-1,5.793e+1,2.364e-22,3.004e-12,9.447e-1,2.191e-20,6.316e-1,3.113e+2,5.024e+2,1.679e-29,3.930e-21,1.565e-23,,,,,,,,,,,,7.411e-16,8.904e-18,,1.401e-21,,,,,,2.174e-2,,5.951e-19,3.159e-18,1.192e-20,1.023e-8
292.7,8.799e+2,1.698e-23,3.248e-23,2.849e-46,,2.317e-15,,4.948e-7,3.856e+0,,8.265e-17,1.595e-19,9.770e-31,1.462e-17,6.164e-22,1.734e-34,,3.978e-28,2.978e-28,2.051e-21,4.254e-19,1.925e-14,2.032e-1,6.180e+1,2.366e-22,1.029e-12,9.943e-1,2.180e-20,8.406e-1,3.181e+2,4.941e+2,1.689e-29,3.931e-21,1.567e-23,,,,,,,,,,,,2.209e-16,2.266e-18,,1.399e-21,,,,,,3.276e-2,,5.958e-19,3.137e-18,1.234e-20,3.594e-9
292.72,8.781e+2,1.831e-23,1.549e-23,2.850e-46,,1.958e-15,,2.936e-7,4.123e+0,,8.271e-17,1.588e-19,9.658e-31,1.455e-17,6.164e-22,1.716e-34,,3.979e-28,4.936e-28,2.051e-21,4.256e-19,1.698e-14,2.701e-1,6.448e+1,2.367e-22,4.984e-13,1.062e+0,2.173e-20,1.026e+0,3.239e+2,4.832e+2,1.696e-29,3.932e-21,1.568e-23,,,,,,,,,,,,9.745e-17,2.267e-18,,1.397e-21,,,,,,4.259e-2,,5.963e-19,3.122e-18,1.263e-20,1.770e-9
292.75,8.695e+2,2.029e-23,5.014e-24,2.852e-46,,1.522e-15,,1.319e-7,4.483e+0,,8.280e-17,1.578e-19,9.489e-31,1.444e-17,6.164e-22,1.690e-34,,3.980e-28,1.036e-27,2.052e-21,4.257e-19,1.384e-14,4.072e-1,6.876e+1,2.369e-22,1.651e-13,1.213e+0,2.162e-20,1.395e+0,3.337e+2,4.595e+2,1.707e-29,3.933e-21,1.569e-23,9.726e-21,,,,,,,,,,,2.807e-17,2.268e-18,,1.395e-21,,,,,,6.209e-2,,5.971e-19,3.100e-18,1.305e-20,6.010e-10
292.77,8.601e+2,2.162e-23,2.337e-24,2.853e-46,,1.290e-15,,7.658e-8,4.688e+0,,8.285e-17,1.571e-19,9.377e-31,1.437e-17,6.164e-22,1.672e-34,,3.981e-28,1.679e-27,2.053e-21,4.259e-19,1.194e-14,5.294e-1,7.183e+1,2.370e-22,7.817e-14,1.343e+0,2.155e-20,1.713e+0,3.404e+2,4.395e+2,1.714e-29,3.934e-21,1.570e-23,2.429e-20,,,,,,,,,,,1.211e-17,2.269e-18,,1.393e-21,,,,,,7.895e-2,,5.975e-19,3.086e-18,1.333e-20,2.893e-10
292.79,8.477e+2,2.294e-23,1.080e-24,2.855e-46,,1.101e-15,,4.412e-8,4.860e+0,,8.291e-17,1.565e-19,9.264e-31,1.430e-17,6.164e-22,1.655e-34,,3.982e-28,2.697e-27,2.053e-21,4.260e-19,1.021e-14,6.823e-1,7.514e+1,2.372e-22,3.668e-14,1.495e+0,2.148e-20,2.101e+0,3.468e+2,4.166e+2,1.721e-29,3.935e-21,1.571e-23,6.015e-20,,,,,,,,,,,5.175e-18,2.270e-18,,1.392e-21,,,,,,9.949e-2,,5.980e-19,3.071e-18,1.361e-20,1.380e-10
292.82,8.243e+2,2.493e-23,3.333e-25,2.857e-46,,8.845e-16,,1.922e-8,5.044e+0,,8.300e-17,1.554e-19,9.096e-31,1.419e-17,6.164e-22,1.629e-34,,3.984e-28,5.401e-27,2.054e-21,4.262e-19,7.938e-15,9.819e-1,8.055e+1,2.374e-22,1.159e-14,1.759e+0,2.137e-20,2.840e+0,3.549e+2,3.780e+2,1.731e-29,3.936e-21,1.572e-23,2.305e-19,,,,,,,,,,,1.422e-18,2.272e-18,,1.390e-21,,,,,,1.384e-1,,5.988e-19,3.049e-18,1.403e-20,4.469e-11
292.84,8.056e+2,2.626e-23,1.506e-25,2.858e-46,,7.784e-16,,1.127e-8,5.114e+0,,8.305e-17,1.548e-19,8.983e-31,1.412e-17,6.164e-22,1.611e-34,,3.985e-28,8.488e-27,2.055e-21,4.263e-19,6.637e-15,1.238e+0,8.448e+1,2.375e-22,5.316e-15,1.956e+0,2.130e-20,3.453e+0,3.588e+2,3.504e+2,1.738e-29,3.937e-21,1.573e-23,5.583e-19,,,,,,,,,,,5.942e-19,2.273e-18,,1.388e-21,,,,,,1.706e-1,,5.992e-19,3.035e-18,1.431e-20,2.084e-11
292.87,7.737e+2,2.824e-23,4.493e-26,2.860e-46,,6.660e-16,,6.040e-9,5.136e+0,,8.314e-17,1.538e-19,8.815e-31,1.401e-17,6.164e-22,1.585e-34,,3.986e-28,1.644e-26,2.056e-21,4.265e-19,4.990e-15,1.723e+0,9.082e+1,2.377e-22,1.624e-15,2.276e+0,2.119e-20,4.581e+0,3.614e+2,3.075e+2,1.749e-29,3.938e-21,1.574e-23,2.070e-18,,,,,,,,,,,1.578e-19,2.274e-18,,1.386e-21,,,,,,2.296e-1,,6.000e-19,3.013e-18,1.473e-20,6.526e-12
292.89,7.502e+2,2.957e-23,1.984e-26,2.861e-46,,6.165e-16,,5.372e-9,5.095e+0,,8.320e-17,1.531e-19,8.702e-31,1.394e-17,6.164e-22,1.568e-34,,3.987e-28,2.527e-26,2.056e-21,4.266e-19,4.080e-15,2.125e+0,9.528e+1,2.378e-22,7.284e-16,2.502e+0,2.111e-20,5.488e+0,3.607e+2,2.788e+2,1.756e-29,3.939e-21,1.575e-23,4.905e-18,,,,,,,,,,,6.446e-20,2.275e-18,,1.384e-21,,,,,,2.767e-1,,6.005e-19,2.998e-18,1.501e-20,2.975e-12
292.92,7.124e+2,3.156e-23,5.724e-27,2.863e-46,,5.721e-16,,7.951e-9,4.955e+0,,8.329e-17,1.521e-19,8.533e-31,1.384e-17,6.164e-22,1.541e-34,,3.989e-28,4.736e-26,2.057e-21,4.268e-19,2.967e-15,2.863e+0,1.022e+2,2.380e-22,2.151e-16,2.855e+0,2.101e-20,7.104e+0,3.555e+2,2.366e+2,1.767e-29,3.940e-21,1.577e-23,1.760e-17,,,,,,,,,,,1.655e-20,2.276e-18,,1.382e-21,,,,,,3.601e-1,,6.012e-19,2.976e-18,1.544e-20,9.007e-13
292.94,6.859e+2,3.288e-23,2.471e-27,2.865e-46,,5.578e-16,,1.276e-8,4.814e+0,,8.334e-17,1.514e-19,8.421e-31,1.376e-17,6.164e-22,1.524e-34,,3.990e-28,7.120e-26,2.058e-21,4.269e-19,2.372e-15,3.454e+0,1.068e+2,2.381e-22,9.433e-17,3.095e+0,2.093e-20,8.359e+0,3.492e+2,2.097e+2,1.774e-29,3.940e-21,1.578e-23,4.078e-17,,,,,,,,,,,6.610e-21,2.277e-18,,1.380e-21,,,,,,4.246e-1,,6.017e-19,2.962e-18,1.572e-20,4.015e-13
292.97,6.449e+2,3.487e-23,6.891e-28,2.867e-46,,5.528e-16,,2.816e-8,4.543e+0,,8.343e-17,1.504e-19,8.252e-31,1.366e-17,6.164e-22,1.498e-34,,3.991e-28,1.291e-25,2.059e-21,4.271e-19,1.668e-15,4.503e+0,1.136e+2,2.383e-22,2.693e-17,3.459e+0,2.082e-20,1.051e+1,3.356e+2,1.722e+2,1.784e-29,3.942e-21,1.579e-23,1.416e-16,,,,,,,,,,,6.599e-21,2.279e-18,,1.378e-21,,,,,,5.344e-1,,6.024e-19,2.940e-18,1.614e-20,1.175e-13
292.99,6.172e+2,3.619e-23,2.909e-28,2.868e-46,,5.573e-16,,4.804e-8,4.330e+0,,8.349e-17,1.498e-19,8.140e-31,1.358e-17,6.164e-22,1.480e-34,,3.992e-28,1.898e-25,2.059e-21,4.272e-19,1.304e-15,5.316e+0,1.178e+2,2.384e-22,1.155e-17,3.701e+0,2.075e-20,1.213e+1,3.240e+2,1.493e+2,1.791e-29,3.942e-21,1.580e-23,3.209e-16,,,,,,,,,,,6.591e-21,2.280e-18,,1.376e-21,,,,,,6.162e-1,,6.029e-19,2.925e-18,1.642e-20,5.120e-14
293.02,5.759e+2,3.818e-23,7.842e-29,2.870e-46,,5.711e-16,,1.059e-7,3.981e+0,,8.357e-17,1.488e-19,7.971e-31,1.348e-17,6.164e-22,1.454e-34,,3.994e-28,3.328e-25,2.060e-21,4.274e-19,8.864e-16,6.711e+0,1.235e+2,2.386e-22,3.187e-18,4.065e+0,2.064e-20,1.480e+1,3.037e+2,1.185e+2,1.802e-29,3.943e-21,1.581e-23,1.078e-15,,,,,,,,,,,6.580e-21,2.281e-18,,1.374e-21,,,,,,7.502e-1,,6.036e-19,2.903e-18,1.684e-20,1.448e-14
293.04,5.491e+2,3.951e-23,3.236e-29,2.871e-46,,5.829e-16,,1.776e-7,3.739e+0,,8.363e-17,1.481e-19,7.859e-31,1.341e-17,6.164e-22,1.437e-34,,3.995e-28,4.786e-25,2.061e-21,4.275e-19,6.777e-16,7.754e+0,1.267e+2,2.387e-22,1.336e-18,4.306e+0,2.057e-20,1.673e+1,2.886e+2,1.004e+2,1.809e-29,3.944e-21,1.582e-23,2.391e-15,,,,,,,,,,,6.572e-21,2.282e-18,,1.373e-21,,,,,,8.459e-1,,6.041e-19,2.888e-18,1.712e-20,6.172e-15
293.07,5.108e+2,4.149e-23,8.435e-30,2.873e-46,,6.016e-16,,3.794e-7,3.382e+0,,8.372e-17,1.471e-19,7.690e-31,1.330e-17,6.164e-22,1.410e-34,,3.997e-28,8.118e-25,2.062e-21,4.277e-19,4.456e-16,9.480e+0,1.304e+2,2.389e-22,3.566e-19,4.671e+0,2.046e-20,1.978e+1,2.649e+2,7.712e+1,1.820e-29,3.945e-21,1.583e-23,7.767e-15,,,,,,,,,,,6.561e-21,2.284e-18,,1.370e-21,,,,,,9.961e-1,,6.048e-19,2.867e-18,1.754e-20,1.688e-15
293.09,4.869e+2,4.282e-23,3.403e-30,2.875e-46,,6.136e-16,,6.225e-7,3.159e+0,,8.378e-17,1.464e-19,7.578e-31,1.323e-17,6.164e-22,1.393e-34,,3.998e-28,1.142e-24,2.062e-21,4.278e-19,3.331e-16,1.073e+1,1.322e+2,2.391e-22,1.461e-19,4.918e+0,2.039e-20,2.188e+1,2.490e+2,6.395e+1,1.827e-29,3.946e-21,1.584e-23,1.685e-14,,,,,,,,,,,6.554e-21,2.285e-18,,1.369e-21,,,,,,1.099e+0,,6.053e-19,2.852e-18,1.782e-20,7.031e-16
293.12,4.547e+2,4.481e-23,8.575e-31,2.877e-46,,6.297e-16,,1.287e-6,2.867e+0,,8.386e-17,1.454e-19,7.409e-31,1.312e-17,6.164e-22,1.367e-34,,3.999e-28,1.873e-24,2.063e-21,4.280e-19,2.118e-16,1.271e+1,1.336e+2,2.392e-22,3.770e-20,5.301e+0,2.028e-20,2.505e+1,2.264e+2,4.749e+1,1.837e-29,3.947e-21,1.586e-23,5.298e-14,,,,,,,,,,,6.542e-21,2.286e-18,,1.366e-21,,,,,,1.251e+0,,6.060e-19,2.830e-18,1.824e-20,1.859e-16
293.14,4.362e+2,4.613e-23,8.533e-31,2.878e-46,,6.386e-16,,2.065e-6,2.711e+0,,8.392e-17,1.448e-19,7.296e-31,1.305e-17,6.164e-22,1.349e-34,,4.000e-28,2.578e-24,2.064e-21,4.281e-19,1.548e-16,1.409e+1,1.339e+2,2.394e-22,1.511e-20,5.568e+0,2.021e-20,2.712e+1,2.129e+2,3.851e+1,1.844e-29,3.948e-21,1.587e-23,1.125e-13,,,,,,,,,,,6.535e-21,2.287e-18,,1.365e-21,,,,,,1.349e+0,,6.065e-19,2.815e-18,1.853e-20,7.571e-17
293.17,4.136e+2,4.812e-23,8.470e-31,2.880e-46,,6.493e-16,,4.128e-6,2.551e+0,,8.401e-17,1.437e-19,7.128e-31,1.294e-17,6.163e-22,1.323e-34,,4.002e-28,4.091e-24,2.065e-21,4.283e-19,9.519e-17,1.620e+1,1.332e+2,2.396e-22,2.741e-21,5.993e+0,2.010e-20,3.007e+1,1.964e+2,2.767e+1,1.855e-29,3.949e-21,1.588e-23,3.420e-13,,,,,,,,,,,6.524e-21,2.289e-18,,1.363e-21,,,,,,1.486e+0,,6.072e-19,2.793e-18,1.895e-20,1.935e-17
293.19,4.026e+2,4.944e-23,8.428e-31,2.881e-46,,6.547e-16,,6.480e-6,2.501e+0,,8.406e-17,1.431e-19,7.015e-31,1.287e-17,6.163e-22,1.306e-34,,4.003e-28,5.505e-24,2.065e-21,4.284e-19,6.805e-17,1.761e+1,1.323e+2,2.397e-22,2.827e-21,6.295e+0,2.003e-20,3.188e+1,1.885e+2,2.196e+1,1.862e-29,3.950e-21,1.589e-23,7.102e-13,,,,,,,,,,,6.516e-21,2.290e-18,,1.361e-21,,,,,,1.568e+0,,6.077e-19,2.779e-18,1.923e-20,7.704e-18
293.21,3.952e+2,5.077e-23,8.385e-31,2.882e-46,,6.591e-16,,1.008e-5,2.503e+0,,8.412e-17,1.424e-19,6.903e-31,1.280e-17,6.163e-22,1.288e-34,,4.004e-28,7.342e-24,2.066e-21,4.285e-19,4.822e-17,1.900e+1,1.310e+2,2.398e-22,2.914e-21,6.614e+0,1.995e-20,3.350e+1,1.836e+2,1.728e+1,1.869e-29,3.951e-21,1.590e-23,1.462e-12,,,,,,,,,,,6.509e-21,2.291e-18,,1.359e-21,,,,,,1.639e+0,,6.082e-19,2.764e-18,1.951e-20,7.703e-18
293.24,3.918e+2,5.276e-23,8.322e-31,2.884e-46,,6.646e-16,,1.924e-5,2.611e+0,,8.421e-17,1.414e-19,6.734e-31,1.269e-17,6.163e-22,1.262e-34,,4.005e-28,1.112e-23,2.067e-21,4.287e-19,2.828e-17,2.101e+1,1.289e+2,2.400e-22,3.045e-21,7.123e+0,1.985e-20,3.553e+1,1.830e+2,1.188e+1,1.879e-29,3.952e-21,1.591e-23,4.245e-12,,,,,,,,,,,6.498e-21,2.292e-18,,1.357e-21,,,,,,1.723e+0,,6.089e-19,2.742e-18,1.993e-20,7.700e-18
293.26,3.950e+2,5.408e-23,8.280e-31,2.886e-46,,6.680e-16,,2.929e-5,2.755e+0,,8.427e-17,1.407e-19,6.622e-31,1.262e-17,6.163e-22,1.244e-34,,4.006e-28,1.451e-23,2.067e-21,4.288e-19,1.960e-17,2.227e+1,1.276e+2,2.401e-22,3.131e-21,7.482e+0,1.977e-20,3.658e+1,1.874e+2,9.165e+0,1.886e-29,3.953e-21,1.592e-23,8.546e-12,,,,,,,,,,,6.490e-21,2.293e-18,,1.356e-21,,,,,,1.762e+0,,6.094e-19,2.728e-18,2.021e-20,7.698e-18
293.29,4.087e+2,5.607e-23,8.216e-31,2.888e-46,,6.742e-16,,5.408e-5,3.083e+0,,8.435e-17,1.397e-19,6.453e-31,1.251e-17,6.163e-22,1.218e-34,,4.008e-28,2.127e-23,2.068e-21,4.290e-19,1.112e-17,2.400e+1,1.260e+2,2.403e-22,3.262e-21,8.038e+0,1.966e-20,3.765e+1,2.020e+2,6.131e+0,1.897e-29,3.954e-21,1.593e-23,2.401e-11,,,,,,,,,,,6.479e-21,2.295e-18,,1.353e-21,,,,,,1.792e+0,,6.101e-19,2.706e-18,2.063e-20,7.696e-18
293.31,4.240e+2,5.739e-23,8.174e-31,2.889e-46,,6.796e-16,,8.050e-5,3.375e+0,,8.441e-17,1.391e-19,6.341e-31,1.244e-17,6.163e-22,1.201e-34,,4.009e-28,2.713e-23,2.069e-21,4.291e-19,7.532e-18,2.505e+1,1.255e+2,2.404e-22,3.348e-21,8.415e+0,1.959e-20,3.801e+1,2.172e+2,4.657e+0,1.904e-29,3.954e-21,1.594e-23,4.730e-11,,,,,,,,,,,6.471e-21,2.296e-18,,1.352e-21,,,,,,1.792e+0,,6.106e-19,2.691e-18,2.091e-20,7.694e-18
293.34,4.563e+2,5.938e-23,8.111e-31,2.891e-46,,6.909e-16,,1.438e-4,3.917e+0,,8.450e-17,1.381e-19,6.172e-31,1.233e-17,6.163e-22,1.174e-34,,4.010e-28,3.846e-23,2.070e-21,4.293e-19,4.131e-18,2.642e+1,1.256e+2,2.406e-22,3.479e-21,8.971e+0,1.948e-20,3.806e+1,2.484e+2,3.066e+0,1.915e-29,3.956e-21,1.596e-23,1.286e-10,,,,,,,,,,,6.460e-21,2.297e-18,,1.349e-21,,,,,,1.762e+0,,6.114e-19,2.669e-18,2.134e-20,7.692e-18
293.36,4.839e+2,6.071e-23,8.069e-31,2.892e-46,,7.012e-16,,2.094e-4,4.341e+0,,8.455e-17,1.374e-19,6.059e-31,1.226e-17,6.163e-22,1.157e-34,,4.011e-28,4.800e-23,2.070e-21,4.294e-19,2.737e-18,2.720e+1,1.265e+2,2.408e-22,3.565e-21,9.324e+0,1.941e-20,3.778e+1,2.747e+2,2.322e+0,1.922e-29,3.956e-21,1.597e-23,2.477e-10,,,,,,,,,,,6.453e-21,2.298e-18,,1.348e-21,,,,,,1.723e+0,,6.118e-19,2.655e-18,2.162e-20,7.690e-18
293.39,5.342e+2,6.269e-23,8.005e-31,2.894e-46,,7.217e-16,,3.618e-4,5.058e+0,,8.464e-17,1.364e-19,5.891e-31,1.215e-17,6.163e-22,1.131e-34,,4.013e-28,6.583e-23,2.071e-21,4.296e-19,1.452e-18,2.820e+1,1.293e+2,2.410e-22,3.696e-21,9.802e+0,1.930e-20,3.698e+1,3.216e+2,1.552e+0,1.932e-29,3.958e-21,1.598e-23,6.516e-10,,,,,,,,,,,6.441e-21,2.300e-18,,1.346e-21,,,,,,1.639e+0,,6.126e-19,2.633e-18,2.204e-20,7.687e-18
293.41,5.729e+2,6.402e-23,7.963e-31,2.896e-46,,7.390e-16,,5.153e-4,5.577e+0,,8.470e-17,1.357e-19,5.778e-31,1.208e-17,6.163e-22,1.113e-34,,4.014e-28,8.035e-23,2.072e-21,4.297e-19,9.406e-19,2.875e+1,1.320e+2,2.411e-22,3.782e-21,1.007e+1,1.923e-20,3.626e+1,3.575e+2,1.209e+0,1.939e-29,3.958e-21,1.599e-23,1.228e-9,,,,,,,,,,,6.434e-21,2.301e-18,,1.344e-21,,,,,,1.568e+0,,6.131e-19,2.618e-18,2.232e-20,7.686e-18
293.44,6.378e+2,6.601e-23,7.900e-31,2.898e-46,,7.710e-16,,8.615e-4,6.394e+0,,8.478e-17,1.347e-19,5.610e-31,1.197e-17,6.163e-22,1.087e-34,,4.016e-28,1.066e-22,2.073e-21,4.299e-19,4.824e-19,2.945e+1,1.375e+2,2.413e-22,3.913e-21,1.039e+1,1.912e-20,3.502e+1,4.167e+2,8.762e-1,1.950e-29,3.959e-21,1.600e-23,3.126e-9,,,,,,,,,,,6.423e-21,2.302e-18,,1.342e-21,,,,,,1.443e+0,,6.138e-19,2.596e-18,2.274e-20,7.683e-18
293.46,6.844e+2,6.733e-23,7.858e-31,2.899e-46,,7.963e-16,,1.200e-3,6.948e+0,,8.484e-17,1.341e-19,5.497e-31,1.190e-17,6.163e-22,1.070e-34,,4.017e-28,1.272e-22,2.073e-21,4.300e-19,3.057e-19,2.985e+1,1.419e+2,2.414e-22,3.999e-21,1.052e+1,1.905e-20,3.417e+1,4.589e+2,7.419e-1,1.957e-29,3.960e-21,1.601e-23,5.763e-9,,,,,,,,,,,6.415e-21,2.303e-18,,1.340e-21,,,,,,1.349e+0,,6.143e-19,2.582e-18,2.302e-20,7.681e-18
293.49,7.576e+2,6.932e-23,7.794e-31,2.901e-46,,8.398e-16,,1.941e-3,7.764e+0,,8.493e-17,1.331e-19,5.329e-31,1.179e-17,6.163e-22,1.043e-34,,4.018e-28,1.633e-22,2.074e-21,4.302e-19,1.516e-19,3.039e+1,1.497e+2,2.416e-22,4.130e-21,1.059e+1,1.894e-20,3.301e+1,5.243e+2,6.319e-1,1.968e-29,3.961e-21,1.602e-23,1.419e-8,,,,,,,,,,,6.404e-21,2.305e-18,,1.338e-21,,,,,,1.201e+0,,6.150e-19,2.560e-18,2.344e-20,7.679e-18
293.51,8.071e+2,7.064e-23,7.752e-31,2.902e-46,,8.720e-16,,2.645e-3,8.279e+0,,8.499e-17,1.324e-19,5.216e-31,1.172e-17,6.163e-22,1.026e-34,,4.019e-28,1.907e-22,2.075e-21,4.303e-19,9.393e-20,3.074e+1,1.554e+2,2.417e-22,4.216e-21,1.054e+1,1.887e-20,3.241e+1,5.680e+2,6.034e-1,1.975e-29,3.962e-21,1.603e-23,2.559e-8,,,,,,,,,,,6.396e-21,2.306e-18,,1.336e-21,,,,,,1.099e+0,,6.155e-19,2.545e-18,2.372e-20,7.677e-18
293.54,8.798e+2,7.263e-23,7.689e-31,2.904e-46,,9.240e-16,,4.138e-3,8.976e+0,,8.507e-17,1.314e-19,5.047e-31,1.162e-17,6.163e-22,9.998e-35,,4.021e-28,2.366e-22,2.076e-21,4.305e-19,4.505e-20,3.131e+1,1.645e+2,2.419e-22,4.347e-21,1.033e+1,1.876e-20,3.189e+1,6.313e+2,6.099e-1,1.985e-29,3.963e-21,1.605e-23,6.097e-8,,,,,,,,,,,6.385e-21,2.307e-18,,1.334e-21,,,,,,9.454e-1,,6.162e-19,2.523e-18,2.414e-20,7.675e-18
293.56,9.258e+2,7.396e-23,7.646e-31,2.906e-46,,9.600e-16,,5.515e-3,9.374e+0,,8.513e-17,1.307e-19,4.935e-31,1.154e-17,6.163e-22,9.823e-35,,4.022e-28,2.703e-22,2.076e-21,4.306e-19,2.729e-20,3.175e+1,1.707e+2,2.420e-22,4.433e-21,1.009e+1,1.869e-20,3.187e+1,6.705e+2,6.414e-1,1.992e-29,3.964e-21,1.606e-23,1.076e-7,,,,,,,,,,,6.378e-21,2.308e-18,,1.332e-21,,,,,,8.459e-1,,6.167e-19,2.508e-18,2.443e-20,7.673e-18
293.58,9.686e+2,7.528e-23,7.604e-31,2.907e-46,,9.963e-16,,7.286e-3,9.706e+0,,8.519e-17,1.300e-19,4.822e-31,1.147e-17,6.163e-22,9.648e-35,,4.023e-28,3.060e-22,2.077e-21,4.308e-19,1.639e-20,3.226e+1,1.770e+2,2.421e-22,4.520e-21,9.776e+0,1.861e-20,3.215e+1,7.063e+2,6.927e-1,1.999e-29,3.965e-21,1.606e-23,1.881e-7,,,,,,,,,,,6.370e-21,2.309e-18,,1.331e-21,,,,,,7.502e-1,,6.172e-19,2.494e-18,2.471e-20,7.671e-18
293.61,1.025e+3,7.727e-23,7.541e-31,2.909e-46,,1.049e-15,,1.088e-2,1.006e+1,,8.527e-17,1.290e-19,4.654e-31,1.136e-17,6.163e-22,9.386e-35,,4.024e-28,3.625e-22,2.078e-21,4.310e-19,7.499e-21,3.322e+1,1.860e+2,2.423e-22,4.650e-21,9.186e+0,1.850e-20,3.319e+1,7.514e+2,8.091e-1,2.010e-29,3.966e-21,1.608e-23,4.279e-7,,,,,,,,,,,6.359e-21,2.311e-18,,1.329e-21,,,,,,6.162e-1,,6.179e-19,2.472e-18,2.513e-20,7.669e-18
293.63,1.055e+3,7.859e-23,7.499e-31,2.910e-46,,1.081e-15,,1.406e-2,1.019e+1,,8.533e-17,1.284e-19,4.541e-31,1.129e-17,6.163e-22,9.211e-35,,4.025e-28,4.014e-22,2.078e-21,4.311e-19,4.403e-21,3.404e+1,1.917e+2,2.425e-22,4.737e-21,8.723e+0,1.843e-20,3.431e+1,7.747e+2,9.176e-1,2.017e-29,3.967e-21,1.609e-23,7.321e-7,,,,,,,,,,,6.352e-21,2.312e-18,,1.327e-21,,,,,,5.344e-1,,6.184e-19,2.457e-18,2.541e-20,7.667e-18
293.66,1.089e+3,8.058e-23,7.435e-31,2.912e-46,,1.124e-15,,2.032e-2,1.022e+1,,8.542e-17,1.274e-19,4.373e-31,1.119e-17,6.162e-22,8.949e-35,,4.027e-28,4.599e-22,2.079e-21,4.313e-19,1.948e-21,3.560e+1,1.996e+2,2.427e-22,4.867e-21,7.945e+0,1.832e-20,3.659e+1,7.979e+2,1.141e+0,2.027e-29,3.968e-21,1.610e-23,1.611e-6,,,,,,,,,,,6.340e-21,2.313e-18,,1.325e-21,,,,,,4.246e-1,,6.191e-19,2.435e-18,2.583e-20,7.665e-18
293.68,1.104e+3,8.191e-23,7.393e-31,2.913e-46,,1.146e-15,,2.568e-2,1.013e+1,,8.548e-17,1.267e-19,4.260e-31,1.111e-17,6.162e-22,8.775e-35,,4.028e-28,4.981e-22,2.080e-21,4.314e-19,1.119e-21,3.692e+1,2.042e+2,2.428e-22,4.954e-21,7.387e+0,1.825e-20,3.849e+1,8.048e+2,1.344e+0,2.034e-29,3.969e-21,1.611e-23,2.697e-6,,,,,,,,,,,6.333e-21,2.314e-18,,1.323e-21,,,,,,3.601e-1,,6.196e-19,2.421e-18,2.611e-20,7.663e-18
293.71,1.112e+3,8.389e-23,7.330e-31,2.915e-46,,1.168e-15,,3.589e-2,9.833e+0,,8.556e-17,1.257e-19,4.092e-31,1.101e-17,6.162e-22,8.512e-35,,4.029e-28,5.522e-22,2.081e-21,4.316e-19,4.787e-22,3.943e+1,2.102e+2,2.430e-22,5.084e-21,6.516e+0,1.814e-20,4.178e+1,8.019e+2,1.762e+0,2.045e-29,3.970e-21,1.612e-23,5.743e-6,,,,,,,,,,,6.322e-21,2.316e-18,,1.321e-21,,,,,,2.767e-1,,6.203e-19,2.399e-18,2.653e-20,7.660e-18
293.73,1.108e+3,8.522e-23,7.288e-31,2.917e-46,,1.175e-15,,4.438e-2,9.532e+0,,8.562e-17,1.250e-19,3.979e-31,1.093e-17,6.162e-22,8.338e-35,,4.031e-28,5.849e-22,2.081e-21,4.317e-19,2.688e-22,4.151e+1,2.134e+2,2.431e-22,5.171e-21,5.929e+0,1.807e-20,4.419e+1,7.913e+2,2.142e+0,2.052e-29,3.970e-21,1.613e-23,9.401e-6,,,,,,,,,,,6.314e-21,2.317e-18,,1.319e-21,,,,,,2.296e-1,,6.208e-19,2.384e-18,2.681e-20,7.659e-18
293.76,1.091e+3,8.721e-23,7.224e-31,2.919e-46,,1.170e-15,,6.001e-2,8.947e+0,,8.571e-17,1.240e-19,3.810e-31,1.083e-17,6.162e-22,8.076e-35,,4.032e-28,6.272e-22,2.082e-21,4.319e-19,1.112e-22,4.538e+1,2.173e+2,2.433e-22,5.301e-21,5.063e+0,1.796e-20,4.797e+1,7.628e+2,2.923e+0,2.063e-29,3.972e-21,1.615e-23,1.937e-5,,,,,,,,,,,6.303e-21,2.318e-18,,1.317e-21,,,,,,1.706e-1,,6.215e-19,2.362e-18,2.724e-20,7.656e-18
293.78,1.071e+3,8.853e-23,7.182e-31,2.920e-46,,1.157e-15,,7.257e-2,8.483e+0,,8.577e-17,1.234e-19,3.698e-31,1.076e-17,6.162e-22,7.901e-35,,4.033e-28,6.498e-22,2.083e-21,4.320e-19,6.107e-23,4.853e+1,2.193e+2,2.434e-22,5.388e-21,4.508e+0,1.789e-20,5.049e+1,7.362e+2,3.630e+0,2.070e-29,3.972e-21,1.616e-23,3.102e-5,,,,,,,,,,,6.295e-21,2.319e-18,,1.315e-21,,,,,,1.384e-1,,6.220e-19,2.348e-18,2.752e-20,7.654e-18
293.81,1.033e+3,9.052e-23,7.119e-31,2.922e-46,,1.122e-15,,9.492e-2,7.703e+0,,8.585e-17,1.224e-19,3.529e-31,1.065e-17,6.162e-22,7.639e-35,,4.035e-28,6.740e-22,2.084e-21,4.322e-19,2.443e-23,5.421e+1,2.214e+2,2.436e-22,5.518e-21,3.725e+0,1.778e-20,5.405e+1,6.865e+2,5.067e+0,2.080e-29,3.973e-21,1.617e-23,6.184e-5,,,,,,,,,,,6.284e-21,2.321e-18,,1.313e-21,,,,,,9.949e-2,,6.228e-19,2.326e-18,2.794e-20,7.652e-18
293.83,1.002e+3,9.184e-23,7.076e-31,2.923e-46,,1.090e-15,,1.123e-1,7.143e+0,,8.591e-17,1.217e-19,3.417e-31,1.058e-17,6.162e-22,7.464e-35,,4.036e-28,6.830e-22,2.084e-21,4.323e-19,1.312e-23,5.869e+1,2.223e+2,2.437e-22,5.605e-21,3.245e+0,1.771e-20,5.617e+1,6.480e+2,6.348e+0,2.087e-29,3.974e-21,1.618e-23,9.688e-5,,,,,,,,,,,6.277e-21,2.321e-18,,1.312e-21,,,,,,7.895e-2,,6.232e-19,2.311e-18,2.822e-20,7.650e-18
293.86,9.510e+2,9.383e-23,7.013e-31,2.925e-46,,1.027e-15,,1.421e-1,6.274e+0,,8.600e-17,1.207e-19,3.248e-31,1.047e-17,6.162e-22,2.908e-34,,4.037e-28,6.853e-22,2.085e-21,4.325e-19,5.076e-24,6.651e+1,2.232e+2,2.439e-22,5.735e-21,2.595e+0,1.760e-20,5.879e+1,5.845e+2,8.901e+0,2.098e-29,3.975e-21,1.619e-23,1.868e-4,,,,,,,,,,,6.265e-21,2.323e-18,,1.309e-21,,,,,,5.488e-2,,6.240e-19,2.289e-18,2.864e-20,7.648e-18
293.88,9.150e+2,9.516e-23,6.971e-31,2.927e-46,,9.784e-16,,1.644e-1,5.690e+0,,8.605e-17,1.200e-19,3.136e-31,1.040e-17,6.162e-22,7.122e-34,,4.038e-28,6.793e-22,2.086e-21,4.326e-19,2.665e-24,7.246e+1,2.236e+2,2.440e-22,5.822e-21,2.211e+0,1.753e-20,6.007e+1,5.397e+2,1.113e+1,2.105e-29,3.976e-21,1.620e-23,2.863e-4,,,,,,,,,,,6.258e-21,2.324e-18,,1.308e-21,,,,,,4.259e-2,,6.244e-19,2.275e-18,2.892e-20,7.646e-18
293.91,8.609e+2,9.714e-23,6.908e-31,2.929e-46,,8.960e-16,,2.012e-1,4.834e+0,,8.614e-17,1.190e-19,2.967e-31,1.029e-17,6.162e-22,2.685e-33,,4.040e-28,6.593e-22,2.087e-21,4.328e-19,9.971e-25,8.244e+1,2.241e+2,2.442e-22,5.952e-21,1.710e+0,1.742e-20,6.117e+1,4.710e+2,1.546e+1,2.116e-29,3.977e-21,1.621e-23,5.344e-4,,,,,,,,,,,6.247e-21,2.325e-18,,1.305e-21,,,,,,2.864e-2,,6.252e-19,2.253e-18,2.934e-20,7.643e-18
293.93,8.260e+2,9.847e-23,6.865e-31,2.930e-46,,8.367e-16,,2.278e-1,4.288e+0,,8.620e-17,1.183e-19,2.855e-31,1.022e-17,6.162e-22,6.434e-33,,4.041e-28,6.391e-22,2.087e-21,4.329e-19,5.120e-25,8.973e+1,2.245e+2,2.444e-22,6.039e-21,1.425e+0,1.734e-20,6.131e+1,4.254e+2,1.913e+1,2.123e-29,3.978e-21,1.622e-23,8.011e-4,,,,,,,,,,,6.239e-21,2.326e-18,,1.304e-21,,,,,,2.174e-2,,6.257e-19,2.238e-18,2.962e-20,7.642e-18
293.95,7.931e+2,9.979e-23,6.823e-31,2.931e-46,,7.753e-16,,2.555e-1,3.770e+0,,8.626e-17,1.177e-19,2.742e-31,1.015e-17,6.162e-22,1.528e-32,,4.042e-28,6.141e-22,2.088e-21,4.330e-19,2.605e-25,9.744e+1,2.251e+2,2.445e-22,6.126e-21,1.177e+0,1.727e-20,6.096e+1,3.809e+2,2.356e+1,2.130e-29,3.979e-21,1.623e-23,1.190e-3,,,,,,,,,,,6.232e-21,2.327e-18,,1.302e-21,,,,,,1.635e-2,,6.261e-19,2.224e-18,2.990e-20,7.640e-18
293.98,7.490e+2,1.018e-22,6.760e-31,2.933e-46,,6.819e-16,,2.986e-1,3.057e+0,,8.634e-17,1.167e-19,2.573e-31,1.004e-17,6.162e-22,5.503e-32,,4.043e-28,5.689e-22,2.089e-21,4.332e-19,9.300e-26,1.096e+2,2.264e+2,2.447e-22,6.256e-21,8.692e-1,1.716e-20,5.950e+1,3.175e+2,3.183e+1,2.140e-29,3.980e-21,1.625e-23,2.121e-3,,,,,,,,,,,6.221e-21,2.329e-18,,1.300e-21,,,,,,1.049e-2,,6.269e-19,2.202e-18,3.033e-20,7.637e-18
294,7.240e+2,1.031e-22,6.718e-31,2.935e-46,,6.205e-16,,3.276e-1,2.629e+0,,8.640e-17,1.160e-19,2.461e-31,9.968e-18,6.162e-22,1.279e-31,,4.044e-28,5.347e-22,2.089e-21,4.333e-19,4.628e-26,1.178e+2,2.277e+2,2.448e-22,6.343e-21,7.023e-1,1.709e-20,5.795e+1,2.783e+2,3.858e+1,2.147e-29,3.981e-21,1.625e-23,3.084e-3,,,,,,,,,,,6.213e-21,2.330e-18,,1.298e-21,,,,,,7.720e-3,,6.274e-19,2.187e-18,3.061e-20,7.636e-18
294.03,6.940e+2,1.051e-22,6.654e-31,2.937e-46,,5.323e-16,,3.704e-1,2.062e+0,,8.649e-17,1.150e-19,2.292e-31,9.860e-18,6.162e-22,4.457e-31,,4.046e-28,4.792e-22,2.090e-21,4.335e-19,1.597e-26,1.301e+2,2.304e+2,2.450e-22,6.473e-21,5.016e-1,1.698e-20,5.483e+1,2.249e+2,5.081e+1,2.158e-29,3.982e-21,1.627e-23,5.316e-3,,,,,,,,,,,6.202e-21,2.331e-18,,1.296e-21,,,,,,4.791e-3,,6.281e-19,2.165e-18,3.103e-20,7.633e-18
294.05,6.793e+2,1.064e-22,6.612e-31,2.938e-46,,4.774e-16,,3.975e-1,1.735e+0,,8.654e-17,1.143e-19,5.657e-31,9.789e-18,6.162e-22,1.013e-30,,4.047e-28,4.405e-22,2.091e-21,4.336e-19,7.773e-27,1.380e+2,2.326e+2,2.451e-22,6.560e-21,3.964e-1,1.691e-20,5.229e+1,1.933e+2,6.049e+1,2.165e-29,3.983e-21,1.628e-23,7.559e-3,,,,,,,,,,,6.194e-21,2.332e-18,,1.295e-21,,,,,,3.448e-3,,6.286e-19,2.150e-18,3.131e-20,7.632e-18
294.08,6.655e+2,1.084e-22,6.549e-31,2.940e-46,,4.031e-16,,4.347e-1,1.316e+0,,8.663e-17,1.133e-19,2.157e-30,9.681e-18,6.162e-22,3.418e-30,,4.049e-28,3.818e-22,2.092e-21,4.338e-19,2.595e-27,1.489e+2,2.368e+2,2.453e-22,6.690e-21,2.739e-1,1.680e-20,4.795e+1,1.523e+2,7.749e+1,2.175e-29,3.984e-21,1.629e-23,1.261e-2,,,,,,,,,,,6.183e-21,2.334e-18,,1.292e-21,,,,,,2.070e-3,,6.293e-19,2.129e-18,3.173e-20,7.629e-18
294.1,6.617e+2,1.097e-22,6.506e-31,2.941e-46,,3.598e-16,,4.564e-1,1.083e+0,,8.669e-17,1.127e-19,5.208e-30,9.610e-18,6.162e-22,7.604e-30,,4.050e-28,3.433e-22,2.092e-21,4.339e-19,1.235e-27,1.554e+2,2.401e+2,2.454e-22,6.777e-21,2.117e-1,1.673e-20,4.480e+1,1.292e+2,9.054e+1,2.182e-29,3.984e-21,1.630e-23,1.754e-2,,,,,,,,,,,6.176e-21,2.335e-18,,1.291e-21,,,,,,1.456e-3,,6.298e-19,2.114e-18,3.201e-20,7.627e-18
294.13,6.638e+2,1.117e-22,6.443e-31,2.943e-46,,3.051e-16,,4.829e-1,7.944e-1,,8.677e-17,1.117e-19,1.922e-29,9.502e-18,6.162e-22,2.482e-29,,4.051e-28,2.879e-22,2.093e-21,4.341e-19,3.985e-28,1.633e+2,2.457e+2,2.456e-22,6.907e-21,1.415e-1,1.662e-20,3.985e+1,1.009e+2,1.127e+2,2.193e-29,3.986e-21,1.631e-23,2.831e-2,,,,,,,,,,,6.164e-21,2.336e-18,,1.288e-21,,,,,,8.456e-4,,6.305e-19,2.092e-18,3.243e-20,7.625e-18
294.15,6.700e+2,1.130e-22,6.401e-31,2.945e-46,,2.760e-16,,4.958e-1,6.392e-1,,8.683e-17,1.110e-19,4.541e-29,9.430e-18,6.162e-22,5.402e-29,,4.052e-28,2.532e-22,2.094e-21,4.342e-19,1.854e-28,1.672e+2,2.497e+2,2.457e-22,6.994e-21,1.069e-1,1.655e-20,3.650e+1,8.612e+1,1.292e+2,2.200e-29,3.986e-21,1.632e-23,3.852e-2,,,,,,,,,,,6.157e-21,2.337e-18,,1.287e-21,,,,,,5.820e-4,,6.310e-19,2.077e-18,3.271e-20,7.623e-18
294.18,6.860e+2,1.150e-22,6.337e-31,2.947e-46,,2.436e-16,,5.075e-1,4.537e-1,,8.692e-17,1.100e-19,1.622e-28,9.323e-18,6.161e-22,1.706e-28,,4.054e-28,2.053e-22,2.095e-21,4.344e-19,5.788e-29,1.710e+2,2.562e+2,2.459e-22,7.124e-21,6.912e-2,1.644e-20,3.156e+1,6.988e+1,1.563e+2,2.211e-29,3.988e-21,1.634e-23,6.015e-2,,,,,,,,,,,6.146e-21,2.339e-18,,1.284e-21,,,,,,3.268e-4,,6.317e-19,2.055e-18,3.314e-20,7.621e-18
294.2,7.007e+2,1.164e-22,6.295e-31,2.948e-46,,2.295e-16,,5.097e-1,3.571e-1,,8.698e-17,1.093e-19,3.748e-28,9.251e-18,6.161e-22,3.634e-28,,4.055e-28,1.766e-22,2.095e-21,4.345e-19,2.634e-29,1.719e+2,2.607e+2,2.461e-22,7.211e-21,5.110e-2,1.637e-20,2.841e+1,6.287e+1,1.757e+2,2.218e-29,3.988e-21,1.635e-23,8.007e-2,,,,,,,,,,,6.138e-21,2.340e-18,,1.283e-21,,,,,,2.200e-4,,6.322e-19,2.041e-18,3.342e-20,7.619e-18
294.23,7.281e+2,1.183e-22,6.232e-31,2.950e-46,,2.194e-16,,5.047e-1,2.451e-1,,8.706e-17,1.083e-19,1.296e-27,9.144e-18,6.161e-22,1.111e-27,,4.056e-28,1.386e-22,2.096e-21,4.347e-19,7.950e-30,1.711e+2,2.675e+2,2.462e-22,7.341e-21,3.195e-2,1.626e-20,2.401e+1,5.789e+1,2.067e+2,2.228e-29,3.989e-21,1.636e-23,1.210e-1,,,,,,,,,,,6.127e-21,2.341e-18,,1.281e-21,,,,,,1.195e-4,,6.329e-19,2.019e-18,3.384e-20,7.616e-18
294.25,7.497e+2,1.197e-22,6.190e-31,2.951e-46,,2.196e-16,,4.958e-1,1.887e-1,,8.712e-17,1.076e-19,2.930e-27,9.072e-18,6.161e-22,2.314e-27,,4.057e-28,1.166e-22,2.097e-21,4.348e-19,3.537e-30,1.691e+2,2.718e+2,2.464e-22,7.428e-21,2.311e-2,1.618e-20,2.135e+1,5.822e+1,2.283e+2,2.235e-29,3.990e-21,1.637e-23,1.575e-1,,,,,,,,,,,6.119e-21,2.342e-18,,1.279e-21,,,,,,7.865e-5,,6.334e-19,2.004e-18,3.412e-20,7.615e-18
294.28,7.868e+2,1.217e-22,6.126e-31,2.953e-46,,2.300e-16,,4.749e-1,1.253e-1,,8.721e-17,1.066e-19,9.803e-27,8.965e-18,6.161e-22,6.846e-27,,4.059e-28,8.848e-23,2.098e-21,4.350e-19,1.032e-30,1.643e+2,2.781e+2,2.466e-22,7.558e-21,1.398e-2,1.607e-20,1.785e+1,6.422e+1,2.615e+2,2.246e-29,3.991e-21,1.638e-23,2.303e-1,,,,,,,,,,,6.108e-21,2.344e-18,,1.277e-21,,,,,,4.131e-5,,6.341e-19,1.982e-18,3.454e-20,7.612e-18
294.3,8.145e+2,1.230e-22,6.084e-31,2.954e-46,,2.431e-16,,4.564e-1,9.433e-2,,8.726e-17,1.060e-19,2.169e-26,8.893e-18,6.161e-22,1.396e-26,,4.060e-28,7.281e-23,2.098e-21,4.351e-19,4.492e-31,1.601e+2,2.818e+2,2.467e-22,7.645e-21,9.902e-3,1.600e-20,1.588e+1,7.196e+1,2.839e+2,2.253e-29,3.992e-21,1.639e-23,2.933e-1,,,,,,,,,,,6.101e-21,2.345e-18,,1.275e-21,,,,,,2.660e-5,,6.346e-19,1.968e-18,3.482e-20,7.610e-18
294.32,8.445e+2,1.243e-22,6.042e-31,2.956e-46,,2.608e-16,,4.347e-1,7.039e-2,,8.732e-17,1.053e-19,4.758e-26,8.822e-18,6.161e-22,2.820e-26,,4.061e-28,5.938e-23,2.099e-21,4.353e-19,1.937e-31,1.554e+2,2.850e+2,2.468e-22,7.732e-21,6.959e-3,1.593e-20,1.422e+1,8.280e+1,3.062e+2,2.260e-29,3.993e-21,1.640e-23,3.704e-1,,,,,,,,,,,6.093e-21,2.346e-18,,1.274e-21,,,,,,1.697e-5,,6.351e-19,1.953e-18,3.510e-20,7.609e-18
294.35,8.940e+2,1.263e-22,5.979e-31,2.958e-46,,2.953e-16,,3.975e-1,4.462e-2,,8.741e-17,1.043e-19,1.520e-25,8.714e-18,6.161e-22,7.969e-26,,4.062e-28,4.302e-23,2.100e-21,4.354e-19,5.395e-32,1.477e+2,2.889e+2,2.470e-22,7.862e-21,4.061e-3,1.582e-20,1.234e+1,1.051e+2,3.390e+2,2.271e-29,3.994e-21,1.641e-23,5.169e-1,,,,,,,,,,,6.082e-21,2.347e-18,,1.271e-21,,,,,,8.510e-6,,6.358e-19,1.931e-18,3.552e-20,7.606e-18
294.37,9.301e+2,1.276e-22,5.936e-31,2.959e-46,,3.231e-16,,3.704e-1,3.256e-2,,8.747e-17,1.036e-19,3.263e-25,8.643e-18,6.161e-22,1.575e-25,,4.063e-28,3.432e-23,2.100e-21,4.356e-19,2.275e-32,1.427e+2,2.905e+2,2.471e-22,7.949e-21,2.838e-3,1.575e-20,1.150e+1,1.242e+2,3.602e+2,2.278e-29,3.995e-21,1.642e-23,6.385e-1,,,,,,,,,,,6.074e-21,2.348e-18,,1.270e-21,,,,,,5.311e-6,,6.363e-19,1.917e-18,3.580e-20,7.604e-18
294.4,9.891e+2,1.296e-22,5.873e-31,2.961e-46,,3.716e-16,,3.276e-1,1.996e-2,,8.755e-17,1.026e-19,1.009e-24,8.535e-18,6.161e-22,4.308e-25,,4.065e-28,2.405e-23,2.101e-21,4.357e-19,6.127e-33,1.357e+2,2.914e+2,2.473e-22,8.079e-21,1.713e-3,1.564e-20,1.090e+1,1.593e+2,3.905e+2,2.288e-29,3.996e-21,1.644e-23,8.622e-1,,,,,,,,,,,6.063e-21,2.350e-18,,4.922e-21,,,,,,2.575e-6,,6.371e-19,1.895e-18,3.623e-20,7.602e-18
294.42,1.032e+3,1.309e-22,5.831e-31,2.962e-46,,4.081e-16,,2.986e-1,1.425e-2,,8.761e-17,1.020e-19,2.119e-24,8.464e-18,6.161e-22,8.334e-25,,4.066e-28,1.877e-23,2.102e-21,4.359e-19,2.526e-33,1.318e+2,2.908e+2,2.474e-22,8.166e-21,1.301e-3,1.557e-20,1.095e+1,1.873e+2,4.096e+2,2.295e-29,3.997e-21,1.644e-23,1.042e+0,,,,,,,,,,,6.056e-21,2.351e-18,,1.202e-20,,,,,,1.572e-6,,6.375e-19,1.880e-18,3.651e-20,7.600e-18
294.45,1.101e+3,1.329e-22,5.767e-31,2.964e-46,,4.692e-16,,2.555e-1,8.451e-3,,8.770e-17,1.010e-19,6.342e-24,8.356e-18,6.161e-22,2.206e-24,,4.068e-28,1.272e-23,2.103e-21,4.360e-19,6.579e-34,1.277e+2,2.877e+2,2.476e-22,8.296e-21,1.052e-3,1.546e-20,1.171e+1,2.358e+2,4.361e+2,2.306e-29,3.998e-21,1.646e-23,1.361e+0,,,,,,,,,,,6.045e-21,2.352e-18,,4.508e-20,,,,,,7.372e-7,,6.383e-19,1.858e-18,3.693e-20,7.598e-18
294.47,1.150e+3,1.342e-22,5.725e-31,2.966e-46,,5.143e-16,,2.278e-1,5.900e-3,,8.775e-17,1.003e-19,1.303e-23,8.284e-18,6.161e-22,4.174e-24,,4.069e-28,9.712e-24,2.103e-21,4.362e-19,2.653e-34,1.263e+2,2.842e+2,2.478e-22,8.383e-21,1.096e-3,1.539e-20,1.270e+1,2.725e+2,4.524e+2,2.313e-29,3.999e-21,1.647e-23,1.609e+0,,,,,,,,,,,6.037e-21,2.353e-18,,1.077e-19,,,,,,4.400e-7,,6.388e-19,1.844e-18,3.721e-20,7.596e-18
294.5,1.228e+3,1.362e-22,5.662e-31,2.968e-46,,5.895e-16,,1.885e-1,3.384e-3,,8.784e-17,9.929e-20,3.775e-23,8.177e-18,6.161e-22,1.069e-23,,4.070e-28,6.375e-24,2.104e-21,4.363e-19,6.680e-35,1.266e+2,2.766e+2,2.479e-22,8.513e-21,1.476e-3,1.528e-20,1.491e+1,3.335e+2,4.745e+2,2.323e-29,4.000e-21,1.648e-23,2.034e+0,,,,,,,,,,,6.026e-21,2.355e-18,,3.910e-19,,,,,,1.996e-7,,6.395e-19,1.822e-18,3.763e-20,7.594e-18
294.52,1.283e+3,1.376e-22,5.620e-31,2.969e-46,,6.456e-16,,1.644e-1,2.311e-3,,8.790e-17,9.862e-20,7.587e-23,8.105e-18,6.161e-22,1.979e-23,,4.071e-28,4.767e-24,2.105e-21,4.365e-19,6.997e-35,1.284e+2,2.700e+2,2.481e-22,8.600e-21,1.972e-3,1.520e-20,1.687e+1,3.776e+2,4.878e+2,2.330e-29,4.000e-21,1.649e-23,2.352e+0,,,,,,,,,,,6.018e-21,2.356e-18,,9.138e-19,,,,,,1.165e-7,,6.400e-19,1.807e-18,3.791e-20,7.592e-18
294.55,1.368e+3,1.395e-22,2.190e-30,2.971e-46,,7.406e-16,,1.317e-1,1.282e-3,,8.799e-17,9.762e-20,2.127e-22,7.998e-18,6.161e-22,4.906e-23,,4.073e-28,3.042e-24,2.106e-21,4.366e-19,7.471e-35,1.336e+2,2.577e+2,2.483e-22,8.730e-21,3.205e-3,1.510e-20,2.057e+1,4.478e+2,5.052e+2,2.341e-29,4.002e-21,1.650e-23,2.876e+0,,,,,,,,,,,6.007e-21,2.357e-18,,3.212e-18,,,,,,5.112e-8,,6.407e-19,1.785e-18,3.833e-20,7.589e-18
294.57,1.425e+3,1.409e-22,5.928e-30,2.972e-46,,8.130e-16,,1.123e-1,8.563e-4,,8.804e-17,9.695e-20,4.183e-22,7.926e-18,6.161e-22,8.888e-23,,4.074e-28,2.242e-24,2.106e-21,4.368e-19,7.788e-35,1.387e+2,2.480e+2,2.484e-22,8.817e-21,4.464e-3,1.502e-20,2.353e+1,4.963e+2,5.153e+2,2.348e-29,4.002e-21,1.651e-23,3.254e+0,,,,,,,,,,,6.000e-21,2.358e-18,,7.344e-18,,,,,,2.919e-8,,6.412e-19,1.770e-18,3.861e-20,7.588e-18
294.6,1.510e+3,1.429e-22,2.469e-29,2.974e-46,,9.391e-16,,8.699e-2,4.596e-4,,8.813e-17,9.595e-20,1.135e-21,7.819e-18,6.161e-22,2.132e-22,,4.075e-28,1.422e-24,2.107e-21,4.369e-19,8.262e-35,1.483e+2,2.315e+2,2.486e-22,8.947e-21,7.291e-3,1.491e-20,2.866e+1,5.698e+2,5.278e+2,2.359e-29,4.003e-21,1.653e-23,3.850e+0,,,,,,,,,,,5.988e-21,2.360e-18,,2.498e-17,,,,,,1.239e-8,,6.419e-19,1.749e-18,3.904e-20,7.585e-18
294.62,1.564e+3,1.442e-22,5.945e-29,2.976e-46,,1.037e-15,,7.257e-2,3.002e-4,,8.819e-17,9.528e-20,2.184e-21,7.747e-18,6.161e-22,3.779e-22,,4.076e-28,1.068e-24,2.108e-21,4.371e-19,8.578e-35,1.557e+2,2.194e+2,2.487e-22,9.034e-21,1.003e-2,1.484e-20,3.251e+1,6.180e+2,5.345e+2,2.366e-29,4.004e-21,1.654e-23,4.260e+0,,,,,,,,,,,5.981e-21,2.361e-18,,5.590e-17,,,,,,6.917e-9,,6.424e-19,1.734e-18,3.932e-20,7.583e-18
294.65,1.640e+3,1.462e-22,2.186e-28,2.978e-46,,1.211e-15,,5.439e-2,1.558e-4,,8.827e-17,9.427e-20,5.736e-21,7.640e-18,6.161e-22,8.772e-22,,4.078e-28,7.471e-25,2.109e-21,4.372e-19,9.053e-35,1.679e+2,1.999e+2,2.489e-22,9.164e-21,1.593e-2,1.473e-20,3.885e+1,6.869e+2,5.416e+2,2.376e-29,4.005e-21,1.655e-23,4.878e+0,,,,,,,,,,,5.970e-21,2.362e-18,,1.841e-16,,,,,,2.839e-9,,6.431e-19,1.712e-18,3.974e-20,7.581e-18
294.67,1.685e+3,1.475e-22,5.164e-28,2.979e-46,,1.347e-15,,4.438e-2,9.956e-5,,8.833e-17,9.361e-20,1.080e-20,7.568e-18,6.161e-22,1.521e-21,,4.079e-28,6.449e-25,2.109e-21,4.374e-19,9.369e-35,1.763e+2,1.863e+2,2.490e-22,9.251e-21,2.147e-2,1.466e-20,4.337e+1,7.292e+2,5.443e+2,2.383e-29,4.006e-21,1.656e-23,5.280e+0,,,,,,,,,,,5.962e-21,2.363e-18,,4.030e-16,,,,,,1.550e-9,,6.436e-19,1.697e-18,4.002e-20,7.579e-18
294.69,1.724e+3,1.488e-22,1.210e-27,2.980e-46,,1.502e-15,,3.589e-2,6.304e-5,,8.839e-17,9.294e-20,2.015e-20,7.497e-18,6.160e-22,2.615e-21,,4.080e-28,6.175e-25,2.110e-21,4.375e-19,9.686e-35,1.845e+2,1.725e+2,2.491e-22,2.284e-20,2.867e-2,1.459e-20,4.805e+1,7.675e+2,5.453e+2,2.390e-29,4.007e-21,1.657e-23,5.665e+0,,,,,,,,,,,5.955e-21,2.364e-18,,8.745e-16,,,,,,8.392e-10,,6.441e-19,1.683e-18,4.030e-20,7.577e-18
294.72,1.768e+3,1.508e-22,4.253e-27,2.982e-46,,1.774e-15,,2.568e-2,3.124e-5,,8.848e-17,9.193e-20,5.055e-20,7.389e-18,6.160e-22,5.799e-21,,4.081e-28,7.058e-25,2.111e-21,4.377e-19,1.016e-34,1.960e+2,1.518e+2,2.493e-22,8.713e-20,4.354e-2,1.448e-20,5.521e+1,8.157e+2,5.433e+2,2.401e-29,4.008e-21,1.658e-23,6.193e+0,,,,,,,,,,,5.943e-21,2.366e-18,,2.751e-15,,,,,,3.287e-10,,6.448e-19,1.661e-18,4.072e-20,7.575e-18
294.74,1.788e+3,1.521e-22,9.730e-27,2.983e-46,,1.984e-15,,2.032e-2,1.935e-5,,8.853e-17,9.127e-20,9.231e-20,7.318e-18,6.160e-22,9.753e-21,,4.082e-28,8.524e-25,2.111e-21,4.378e-19,1.048e-34,2.027e+2,1.383e+2,2.495e-22,2.105e-19,5.690e-2,1.441e-20,5.995e+1,8.406e+2,5.396e+2,2.408e-29,4.009e-21,1.659e-23,6.500e+0,,,,,,,,,,,5.936e-21,2.367e-18,,5.842e-15,,,,,,1.740e-10,,6.453e-19,1.646e-18,4.100e-20,7.573e-18
294.77,1.800e+3,1.541e-22,3.313e-26,2.985e-46,,2.346e-15,,1.406e-2,9.272e-6,,8.862e-17,9.026e-20,2.241e-19,7.210e-18,6.160e-22,2.093e-20,,4.084e-28,1.221e-24,2.112e-21,4.380e-19,1.095e-34,2.107e+2,1.190e+2,2.496e-22,7.773e-19,8.361e-2,1.430e-20,6.677e+1,8.660e+2,5.303e+2,2.419e-29,4.010e-21,1.660e-23,6.876e+0,,,,,,,,,,,5.925e-21,2.368e-18,,1.778e-14,,,,,,6.592e-11,,6.460e-19,1.624e-18,4.142e-20,7.571e-18
294.79,1.796e+3,1.554e-22,7.420e-26,2.987e-46,,2.617e-15,,1.088e-2,5.616e-6,,8.868e-17,8.959e-20,4.004e-19,7.139e-18,6.160e-22,3.444e-20,,4.085e-28,1.585e-24,2.113e-21,4.381e-19,1.127e-34,2.143e+2,1.069e+2,2.498e-22,1.837e-18,1.069e-1,1.423e-20,7.099e+1,8.746e+2,5.217e+2,2.426e-29,4.011e-21,1.661e-23,7.060e+0,,,,,,,,,,,5.917e-21,2.369e-18,,3.695e-14,,,,,,3.413e-11,,6.465e-19,1.610e-18,4.170e-20,7.569e-18
294.82,1.771e+3,1.574e-22,2.447e-25,2.989e-46,,3.070e-15,,7.286e-3,2.604e-6,,8.876e-17,8.859e-20,9.407e-19,7.031e-18,6.160e-22,7.152e-20,,4.087e-28,2.353e-24,2.114e-21,4.383e-19,1.174e-34,2.167e+2,9.046e+1,2.500e-22,6.568e-18,1.520e-1,1.412e-20,7.658e+1,8.749e+2,5.054e+2,2.436e-29,4.012e-21,1.663e-23,7.225e+0,,,,,,,,,,,5.906e-21,2.370e-18,,1.089e-13,,,,,,1.251e-11,,6.472e-19,1.588e-18,4.213e-20,7.566e-18
294.84,1.744e+3,1.588e-22,5.363e-25,2.990e-46,,3.398e-15,,5.515e-3,1.543e-6,,8.882e-17,8.792e-20,1.644e-18,6.959e-18,6.160e-22,1.151e-19,,4.088e-28,3.048e-24,2.114e-21,4.384e-19,1.206e-34,2.163e+2,8.076e+1,2.501e-22,1.519e-17,1.901e-1,1.404e-20,7.969e+1,8.670e+2,4.925e+2,2.443e-29,4.013e-21,1.664e-23,7.257e+0,,,,,,,,,,,5.899e-21,2.371e-18,,2.214e-13,,,,,,6.332e-12,,6.477e-19,1.573e-18,4.241e-20,7.565e-18
294.87,1.687e+3,1.607e-22,1.713e-24,2.992e-46,,3.925e-15,,3.572e-3,6.918e-7,,8.891e-17,8.692e-20,3.739e-18,6.852e-18,6.160e-22,2.314e-19,,4.089e-28,4.436e-24,2.115e-21,4.386e-19,1.253e-34,2.124e+2,6.833e+1,2.503e-22,5.256e-17,2.616e-1,1.394e-20,8.322e+1,8.445e+2,4.707e+2,2.454e-29,4.014e-21,1.665e-23,7.185e+0,,,,,,,,,,,5.887e-21,2.373e-18,,6.314e-13,,,,,,2.244e-12,,6.484e-19,1.551e-18,4.283e-20,7.562e-18
294.89,1.640e+3,1.621e-22,3.675e-24,2.993e-46,,4.291e-15,,2.645e-3,4.008e-7,,8.897e-17,8.625e-20,6.395e-18,6.780e-18,6.160e-22,3.645e-19,,4.090e-28,5.641e-24,2.116e-21,4.387e-19,1.285e-34,2.078e+2,6.154e+1,2.504e-22,1.190e-16,3.200e-1,1.386e-20,8.474e+1,8.235e+2,4.551e+2,2.461e-29,4.014e-21,1.666e-23,7.060e+0,,,,,,,,,,,5.880e-21,2.374e-18,,1.256e-12,,,,,,1.111e-12,,6.489e-19,1.537e-18,4.311e-20,7.561e-18
294.92,1.561e+3,1.641e-22,1.137e-23,2.995e-46,,4.851e-15,,1.657e-3,1.739e-7,,8.905e-17,8.525e-20,1.407e-17,6.673e-18,6.160e-22,7.089e-19,,4.092e-28,7.963e-24,2.117e-21,4.389e-19,1.332e-34,1.981e+2,5.372e+1,2.506e-22,3.984e-16,4.261e-1,1.375e-20,8.567e+1,7.852e+2,4.308e+2,2.471e-29,4.016e-21,1.667e-23,6.763e+0,,,,,,,,,,,5.869e-21,2.375e-18,,3.467e-12,,,,,,3.809e-13,,6.497e-19,1.515e-18,4.353e-20,7.558e-18
294.94,1.504e+3,1.654e-22,2.388e-23,2.997e-46,,5.221e-15,,1.200e-3,9.853e-8,,8.911e-17,8.458e-20,2.355e-17,6.601e-18,6.160e-22,1.093e-18,,4.093e-28,9.913e-24,2.117e-21,4.390e-19,1.364e-34,1.901e+2,5.010e+1,2.507e-22,8.823e-16,5.100e-1,1.368e-20,8.536e+1,7.567e+2,4.147e+2,2.478e-29,4.016e-21,1.668e-23,6.500e+0,,,,,,,,,,,5.861e-21,2.376e-18,,6.749e-12,,,,,,1.845e-13,,6.501e-19,1.500e-18,4.381e-20,7.556e-18
294.97,1.418e+3,1.674e-22,7.153e-23,2.999e-46,,5.754e-15,,7.275e-4,4.134e-8,,8.920e-17,8.358e-20,5.016e-17,6.494e-18,6.160e-22,2.056e-18,,4.094e-28,1.355e-23,2.118e-21,4.392e-19,1.411e-34,1.762e+2,4.707e+1,2.509e-22,2.860e-15,6.571e-1,1.357e-20,8.352e+1,7.124e+2,3.919e+2,2.489e-29,4.018e-21,1.669e-23,6.025e+0,,,,,,,,,,,5.850e-21,2.378e-18,,1.803e-11,,,,,,6.116e-14,,6.509e-19,1.478e-18,4.423e-20,7.554e-18
294.99,1.362e+3,1.687e-22,1.471e-22,3.000e-46,,6.083e-15,,5.153e-4,2.291e-8,,8.925e-17,8.291e-20,8.213e-17,6.422e-18,6.160e-22,3.101e-18,,4.095e-28,1.650e-23,2.119e-21,4.393e-19,1.443e-34,1.662e+2,4.663e+1,2.510e-22,6.198e-15,7.695e-1,1.350e-20,8.143e+1,6.835e+2,3.781e+2,2.496e-29,4.018e-21,1.670e-23,5.665e+0,,,,,,,,,,,5.842e-21,2.379e-18,,3.434e-11,,,,,,2.897e-14,,6.514e-19,3.642e-18,4.451e-20,7.552e-18
295.02,1.286e+3,1.707e-22,4.267e-22,3.002e-46,,6.518e-15,,3.022e-4,9.299e-9,,8.934e-17,8.190e-20,1.693e-16,6.315e-18,6.160e-22,5.648e-18,,4.097e-28,2.182e-23,2.120e-21,4.395e-19,1.491e-34,1.506e+2,4.828e+1,2.512e-22,1.945e-14,9.592e-1,1.339e-20,7.713e+1,6.436e+2,3.606e+2,2.507e-29,4.019e-21,1.672e-23,5.081e+0,,,,,,,,,,,5.831e-21,2.380e-18,,8.881e-11,,,,,,9.289e-15,,6.521e-19,1.386e-17,4.494e-20,7.550e-18
295.04,1.243e+3,1.720e-22,8.589e-22,3.003e-46,,6.758e-15,,2.094e-4,5.041e-9,,8.940e-17,8.124e-20,2.712e-16,6.243e-18,6.160e-22,8.333e-18,,4.098e-28,2.600e-23,2.120e-21,4.396e-19,1.522e-34,1.403e+2,5.087e+1,2.513e-22,4.124e-14,1.099e+0,1.332e-20,7.359e+1,6.207e+2,3.514e+2,2.514e-29,4.020e-21,1.673e-23,4.673e+0,,,,,,,,,,,5.824e-21,2.381e-18,,1.655e-10,,,,,,4.303e-15,,6.526e-19,3.342e-17,4.522e-20,7.548e-18
295.06,1.207e+3,1.733e-22,1.714e-21,3.005e-46,,6.951e-15,,1.438e-4,2.709e-9,,8.946e-17,8.057e-20,4.307e-16,6.172e-18,6.160e-22,1.219e-17,,4.099e-28,3.071e-23,2.121e-21,4.397e-19,1.554e-34,1.305e+2,5.461e+1,2.515e-22,8.669e-14,1.248e+0,1.325e-20,6.961e+1,6.017e+2,3.446e+2,2.521e-29,4.021e-21,1.673e-23,4.260e+0,,,,,,,,,,,5.816e-21,2.382e-18,,3.057e-10,,,,,,1.976e-15,,6.531e-19,7.990e-17,4.550e-20,7.546e-18
295.09,1.168e+3,1.753e-22,4.757e-21,3.007e-46,,7.140e-15,,8.050e-5,1.049e-9,,8.954e-17,7.956e-20,8.479e-16,6.064e-18,6.160e-22,2.120e-17,,4.100e-28,3.879e-23,2.122e-21,4.399e-19,1.601e-34,1.171e+2,6.227e+1,2.517e-22,2.599e-13,1.486e+0,1.314e-20,6.301e+1,5.817e+2,3.391e+2,2.531e-29,4.022e-21,1.675e-23,3.648e+0,,,,,,,,,,,5.805e-21,2.384e-18,,7.553e-10,,,,,,6.047e-16,,6.538e-19,2.905e-16,4.592e-20,7.544e-18
295.11,1.154e+3,1.766e-22,9.294e-21,3.008e-46,,7.194e-15,,5.408e-5,5.514e-10,,8.960e-17,7.890e-20,1.318e-15,5.993e-18,6.160e-22,3.034e-17,,4.101e-28,4.482e-23,2.122e-21,4.400e-19,1.633e-34,1.095e+2,6.865e+1,2.518e-22,5.346e-13,1.651e+0,1.307e-20,5.834e+1,5.743e+2,3.386e+2,2.538e-29,4.023e-21,1.676e-23,3.254e+0,,,,,,,,,,,5.797e-21,2.385e-18,,1.365e-9,,,,,,2.715e-16,,6.543e-19,6.796e-16,4.620e-20,7.542e-18
295.14,1.151e+3,1.786e-22,2.498e-20,3.010e-46,,7.162e-15,,2.929e-5,2.066e-10,,8.969e-17,7.789e-20,2.510e-15,5.885e-18,6.160e-22,5.108e-17,,4.103e-28,5.478e-23,2.123e-21,4.402e-19,1.680e-34,1.007e+2,7.995e+1,2.520e-22,1.551e-12,1.902e+0,1.296e-20,5.114e+1,5.726e+2,3.422e+2,2.549e-29,4.024e-21,1.677e-23,2.696e+0,,,,,,,,,,,5.786e-21,2.386e-18,,3.265e-9,,,,,,8.037e-17,,6.550e-19,2.392e-15,4.662e-20,7.539e-18
295.16,1.161e+3,1.800e-22,4.778e-20,3.011e-46,,7.066e-15,,1.924e-5,1.062e-10,,8.974e-17,7.722e-20,3.817e-15,5.813e-18,6.160e-22,7.151e-17,,4.104e-28,6.193e-23,2.124e-21,4.403e-19,1.712e-34,9.688e+1,8.850e+1,2.521e-22,3.122e-12,2.067e+0,1.288e-20,4.634e+1,5.774e+2,3.473e+2,2.556e-29,4.025e-21,1.678e-23,2.352e+0,,,,,,,,,,,5.779e-21,2.387e-18,,5.774e-9,,,,,,3.530e-17,,6.555e-19,5.476e-15,4.690e-20,7.538e-18
295.19,1.191e+3,1.819e-22,1.244e-19,3.013e-46,,6.815e-15,,1.008e-5,3.849e-11,,8.983e-17,7.622e-20,7.038e-15,5.706e-18,6.160e-22,1.165e-16,,4.106e-28,7.323e-23,2.125e-21,4.405e-19,1.759e-34,9.446e+1,1.026e+2,2.523e-22,8.770e-12,2.304e+0,1.278e-20,3.935e+1,5.923e+2,3.580e+2,2.567e-29,4.026e-21,1.679e-23,1.885e+0,,,,,,,,,,,5.767e-21,2.389e-18,,1.336e-8,,,,,,1.010e-17,,6.562e-19,1.866e-14,4.732e-20,7.535e-18
295.21,1.220e+3,1.833e-22,2.330e-19,3.015e-46,,6.582e-15,,6.480e-6,1.935e-11,,8.989e-17,7.555e-20,1.047e-14,5.634e-18,6.159e-22,1.596e-16,,4.107e-28,8.100e-23,2.125e-21,4.406e-19,1.791e-34,9.526e+1,1.127e+2,2.524e-22,1.727e-11,2.450e+0,1.270e-20,3.492e+1,6.066e+2,3.667e+2,2.574e-29,4.027e-21,1.680e-23,1.609e+0,,,,,,,,,,,5.760e-21,2.390e-18,,2.313e-8,,,,,,4.340e-18,,6.567e-19,4.179e-14,4.760e-20,7.533e-18
295.24,1.275e+3,1.853e-22,5.878e-19,3.017e-46,,6.148e-15,,3.284e-6,6.784e-12,,8.998e-17,7.455e-20,1.869e-14,5.527e-18,6.159e-22,2.517e-16,,4.108e-28,9.269e-23,2.126e-21,4.408e-19,1.838e-34,1.002e+2,1.284e+2,2.526e-22,4.696e-11,2.642e+0,1.259e-20,2.873e+1,6.328e+2,3.806e+2,2.584e-29,4.028e-21,1.682e-23,1.248e+0,,,,,,,,,,,5.749e-21,2.391e-18,,5.180e-8,,,,,,1.224e-18,,6.574e-19,1.378e-13,4.803e-20,7.531e-18
295.26,1.316e+3,1.866e-22,1.078e-18,3.018e-46,,5.811e-15,,2.065e-6,3.335e-12,,9.003e-17,7.388e-20,2.719e-14,5.455e-18,6.159e-22,3.373e-16,,4.109e-28,1.003e-22,2.127e-21,4.409e-19,1.870e-34,1.060e+2,1.391e+2,2.527e-22,9.050e-11,2.749e+0,1.252e-20,2.497e+1,6.521e+2,3.897e+2,2.591e-29,4.029e-21,1.683e-23,1.042e+0,,,,,,,,,,,5.741e-21,2.392e-18,,8.772e-8,,,,,,5.603e-19,,6.579e-19,3.021e-13,4.831e-20,7.529e-18
295.29,1.381e+3,1.886e-22,2.634e-18,3.020e-46,,5.256e-15,,1.012e-6,1.131e-12,,9.012e-17,7.288e-20,4.697e-14,5.348e-18,6.159e-22,5.147e-16,,4.111e-28,1.111e-22,2.128e-21,4.411e-19,1.918e-34,1.183e+2,1.551e+2,2.529e-22,2.382e-10,2.869e+0,1.241e-20,1.993e+1,6.819e+2,4.019e+2,2.602e-29,4.030e-21,1.684e-23,7.818e-1,,,,,,,,,,,5.730e-21,2.394e-18,,1.902e-7,,,,,,3.445e-19,,6.586e-19,9.646e-13,4.873e-20,7.527e-18
295.31,1.424e+3,1.899e-22,4.728e-18,3.021e-46,,4.862e-15,,6.225e-7,5.439e-13,,9.018e-17,7.221e-20,6.689e-14,5.276e-18,6.159e-22,6.749e-16,,4.112e-28,1.176e-22,2.128e-21,4.412e-19,1.949e-34,1.288e+2,1.654e+2,2.531e-22,4.491e-10,2.920e+0,1.234e-20,1.698e+1,7.011e+2,4.083e+2,2.609e-29,4.030e-21,1.685e-23,6.385e-1,,,,,,,,,,,5.723e-21,2.395e-18,,3.151e-7,,,,,,5.573e-19,,6.591e-19,2.069e-12,4.901e-20,7.525e-18
295.34,1.485e+3,1.919e-22,1.119e-17,3.023e-46,,4.258e-15,,2.952e-7,1.784e-13,,9.026e-17,7.121e-20,1.118e-13,5.169e-18,6.159e-22,9.968e-16,,4.113e-28,1.260e-22,2.129e-21,4.414e-19,1.997e-34,1.474e+2,1.800e+2,2.532e-22,1.144e-9,2.949e+0,1.223e-20,1.316e+1,7.270e+2,4.141e+2,2.619e-29,4.032e-21,1.686e-23,4.636e-1,,,,,,,,,,,5.711e-21,2.396e-18,,6.612e-7,,,,,,1.847e-18,,6.598e-19,6.394e-12,4.943e-20,7.522e-18
295.36,1.521e+3,1.932e-22,1.968e-17,3.024e-46,,3.856e-15,,1.776e-7,8.391e-14,,9.032e-17,7.054e-20,1.558e-13,5.097e-18,6.159e-22,1.279e-15,,4.114e-28,1.305e-22,2.130e-21,4.415e-19,2.028e-34,1.615e+2,1.890e+2,2.534e-22,2.111e-9,2.936e+0,1.216e-20,1.101e+1,7.414e+2,4.150e+2,2.626e-29,4.032e-21,1.687e-23,3.704e-1,,,,,,,,,,,5.704e-21,2.397e-18,,1.072e-6,,,,,,4.298e-18,,6.603e-19,1.342e-11,4.971e-20,7.521e-18
295.39,1.566e+3,1.952e-22,4.515e-17,3.026e-46,,3.270e-15,,8.148e-8,2.662e-14,,9.041e-17,6.954e-20,2.520e-13,4.990e-18,6.159e-22,1.828e-15,,4.116e-28,1.353e-22,2.130e-21,4.417e-19,2.076e-34,1.844e+2,2.009e+2,2.536e-22,5.205e-9,2.869e+0,1.205e-20,8.302e+0,7.577e+2,4.112e+2,2.637e-29,4.033e-21,1.688e-23,2.602e-1,,,,,,,,,,,5.693e-21,2.399e-18,,2.177e-6,,,,,,1.519e-17,,6.610e-19,4.015e-11,5.013e-20,7.518e-18
295.41,1.588e+3,1.965e-22,7.771e-17,3.028e-46,,2.900e-15,,4.794e-8,1.225e-14,,9.047e-17,6.887e-20,3.435e-13,4.918e-18,6.159e-22,2.294e-15,,4.117e-28,1.371e-22,2.131e-21,4.418e-19,2.107e-34,2.004e+2,2.077e+2,2.537e-22,9.398e-9,2.794e+0,1.198e-20,6.824e+0,7.646e+2,4.051e+2,2.644e-29,4.034e-21,1.689e-23,2.033e-1,,,,,,,,,,,5.685e-21,2.400e-18,,3.453e-6,,,,,,3.488e-17,,6.615e-19,8.247e-11,5.041e-20,7.517e-18
295.44,1.608e+3,1.985e-22,1.728e-16,3.030e-46,,2.384e-15,,2.128e-8,3.758e-15,,9.055e-17,6.786e-20,5.379e-13,4.811e-18,6.159e-22,3.173e-15,,4.118e-28,1.375e-22,2.132e-21,4.420e-19,2.155e-34,2.246e+2,2.160e+2,2.539e-22,2.243e-8,2.642e+0,1.187e-20,5.030e+0,7.686e+2,3.905e+2,2.655e-29,4.035e-21,1.691e-23,1.382e-1,,,,,,,,,,,5.674e-21,2.401e-18,,6.788e-6,,,,,,1.193e-16,,6.623e-19,2.388e-10,5.084e-20,7.514e-18
295.46,1.612e+3,1.998e-22,2.912e-16,3.031e-46,,2.071e-15,,1.225e-8,1.691e-15,,9.061e-17,6.720e-20,7.174e-13,4.739e-18,6.159e-22,3.896e-15,,4.119e-28,1.363e-22,2.133e-21,4.422e-19,2.186e-34,2.403e+2,2.203e+2,2.540e-22,3.963e-8,2.518e+0,1.180e-20,4.078e+0,7.671e+2,3.774e+2,2.662e-29,4.036e-21,1.692e-23,1.057e-1,,,,,,,,,,,5.666e-21,2.402e-18,,1.054e-5,,,,,,2.681e-16,,6.627e-19,4.800e-10,5.112e-20,7.512e-18
295.48,1.609e+3,2.012e-22,4.867e-16,3.032e-46,,1.786e-15,,6.985e-9,7.542e-16,,9.067e-17,6.653e-20,9.486e-13,4.667e-18,6.159e-22,4.743e-15,,4.120e-28,1.340e-22,2.133e-21,4.423e-19,2.218e-34,2.553e+2,2.236e+2,2.541e-22,6.940e-8,2.378e+0,1.172e-20,3.294e+0,7.626e+2,3.617e+2,2.669e-29,4.037e-21,1.692e-23,8.007e-2,,,,,,,,,,,5.659e-21,2.403e-18,,1.621e-5,,,,,,5.971e-16,,6.632e-19,9.564e-10,5.140e-20,7.511e-18
295.51,1.592e+3,2.031e-22,1.035e-15,3.034e-46,,1.411e-15,,2.960e-9,2.209e-16,,9.075e-17,6.552e-20,1.419e-12,4.560e-18,6.159e-22,6.266e-15,,4.122e-28,1.283e-22,2.134e-21,4.425e-19,2.266e-34,2.754e+2,2.269e+2,2.543e-22,1.583e-7,2.148e+0,1.162e-20,2.380e+0,7.505e+2,3.343e+2,2.679e-29,4.038e-21,1.694e-23,5.196e-2,,,,,,,,,,,5.648e-21,2.405e-18,,3.045e-5,,,,,,1.952e-15,,6.640e-19,2.647e-9,5.182e-20,7.508e-18
295.53,1.572e+3,2.045e-22,1.695e-15,3.036e-46,,1.197e-15,,1.651e-9,9.635e-17,,9.081e-17,6.486e-20,1.835e-12,4.488e-18,6.159e-22,7.462e-15,,4.123e-28,1.234e-22,2.135e-21,4.426e-19,2.297e-34,2.868e+2,2.280e+2,2.544e-22,2.712e-7,1.985e+0,1.154e-20,1.916e+0,7.396e+2,3.139e+2,2.686e-29,4.039e-21,1.695e-23,3.852e-2,,,,,,,,,,,5.640e-21,2.406e-18,,4.584e-5,,,,,,4.255e-15,,6.644e-19,5.160e-9,5.210e-20,7.506e-18
295.56,1.533e+3,2.065e-22,3.495e-15,3.038e-46,,9.268e-16,,6.769e-10,2.730e-17,,9.090e-17,6.385e-20,2.656e-12,4.381e-18,6.159e-22,9.541e-15,,4.125e-28,1.144e-22,2.136e-21,4.428e-19,2.345e-34,3.000e+2,2.286e+2,2.546e-22,5.987e-7,1.734e+0,1.143e-20,1.388e+0,7.198e+2,2.811e+2,2.697e-29,4.040e-21,1.696e-23,2.419e-2,,,,,,,,,,,5.629e-21,2.407e-18,,8.331e-5,,,,,,1.347e-14,,6.652e-19,1.382e-8,5.252e-20,7.504e-18
295.58,1.500e+3,2.078e-22,5.602e-15,3.039e-46,,7.793e-16,,3.694e-10,1.165e-17,,9.096e-17,6.318e-20,3.362e-12,4.309e-18,6.159e-22,1.112e-14,,4.126e-28,1.076e-22,2.136e-21,4.429e-19,2.376e-34,3.059e+2,2.282e+2,2.548e-22,1.004e-6,1.568e+0,1.136e-20,1.128e+0,7.049e+2,2.584e+2,2.704e-29,4.041e-21,1.697e-23,1.754e-2,,,,,,,,,,,5.621e-21,2.408e-18,,1.227e-4,,,,,,2.873e-14,,6.657e-19,2.637e-8,5.280e-20,7.502e-18
295.61,1.444e+3,2.098e-22,1.120e-14,3.041e-46,,6.021e-16,,1.465e-10,3.192e-18,,9.104e-17,6.218e-20,4.710e-12,4.202e-18,6.159e-22,1.376e-14,,4.127e-28,9.653e-23,2.137e-21,4.431e-19,2.424e-34,3.101e+2,2.271e+2,2.549e-22,2.145e-6,1.326e+0,1.125e-20,8.398e-1,6.810e+2,2.241e+2,2.715e-29,4.042e-21,1.698e-23,1.066e-2,,,,,,,,,,,5.610e-21,2.410e-18,,2.159e-4,,,,,,8.803e-14,,6.664e-19,6.838e-8,5.322e-20,7.500e-18
295.63,1.404e+3,2.111e-22,1.758e-14,3.042e-46,,5.105e-16,,7.821e-11,1.332e-18,,9.110e-17,6.151e-20,5.833e-12,4.130e-18,6.159e-22,1.568e-14,,4.128e-28,8.881e-23,2.138e-21,4.432e-19,2.455e-34,3.095e+2,2.261e+2,2.551e-22,3.520e-6,1.173e+0,1.118e-20,7.012e-1,6.645e+2,2.016e+2,2.722e-29,4.043e-21,1.699e-23,7.559e-3,,,,,,,,,,,5.603e-21,2.411e-18,,3.112e-4,,,,,,1.837e-13,,6.669e-19,1.277e-7,5.350e-20,7.498e-18
295.66,1.338e+3,2.131e-22,3.405e-14,3.044e-46,,4.076e-16,,3.000e-11,3.530e-19,,9.119e-17,6.051e-20,7.908e-12,4.023e-18,6.159e-22,1.878e-14,,4.130e-28,7.710e-23,2.138e-21,4.434e-19,2.503e-34,3.038e+2,2.242e+2,2.553e-22,7.279e-6,9.594e-1,1.107e-20,5.522e-1,6.397e+2,1.693e+2,2.732e-29,4.044e-21,1.701e-23,4.443e-3,,,,,,,,,,,5.592e-21,2.412e-18,,5.299e-4,,,,,,5.450e-13,,6.676e-19,3.204e-7,5.393e-20,7.495e-18
295.68,1.293e+3,2.144e-22,5.237e-14,3.046e-46,,3.589e-16,,1.567e-11,1.441e-19,,9.124e-17,5.984e-20,9.582e-12,3.951e-18,6.159e-22,2.095e-14,,4.131e-28,6.941e-23,2.139e-21,4.435e-19,2.534e-34,2.967e+2,2.229e+2,2.554e-22,1.169e-5,8.303e-1,1.100e-20,4.824e-1,6.233e+2,1.490e+2,2.739e-29,4.045e-21,1.702e-23,3.084e-3,,,,,,,,,,,5.584e-21,2.413e-18,,7.474e-4,,,,,,1.113e-12,,6.681e-19,5.854e-7,5.421e-20,7.494e-18
295.71,1.224e+3,2.164e-22,9.834e-14,3.048e-46,,3.105e-16,,5.814e-12,3.694e-20,,9.133e-17,5.884e-20,1.257e-11,3.844e-18,6.158e-22,2.428e-14,,4.132e-28,5.831e-23,2.140e-21,4.437e-19,2.582e-34,2.819e+2,2.209e+2,2.556e-22,2.339e-5,6.576e-1,1.089e-20,4.095e-1,5.991e+2,1.211e+2,2.750e-29,4.046e-21,1.703e-23,1.754e-3,,,,,,,,,,,5.573e-21,2.414e-18,,1.232e-3,,,,,,3.197e-12,,6.688e-19,1.422e-6,5.463e-20,7.491e-18
295.73,1.178e+3,2.177e-22,1.482e-13,3.049e-46,,2.919e-16,,2.969e-12,1.474e-20,,9.139e-17,5.817e-20,1.491e-11,3.772e-18,6.158e-22,2.649e-14,,4.133e-28,5.135e-23,2.141e-21,4.438e-19,2.614e-34,2.696e+2,2.194e+2,2.557e-22,3.676e-5,5.570e-1,1.082e-20,3.764e-1,5.835e+2,1.043e+2,2.757e-29,4.046e-21,1.704e-23,1.190e-3,,,,,,,,,,,5.565e-21,2.415e-18,,1.700e-3,,,,,,6.389e-12,,6.693e-19,2.543e-6,5.491e-20,7.489e-18
295.76,1.108e+3,2.197e-22,2.697e-13,3.051e-46,,2.801e-16,,1.066e-12,1.471e-20,,9.147e-17,5.717e-20,1.893e-11,3.665e-18,6.158e-22,2.971e-14,,4.135e-28,4.174e-23,2.141e-21,4.440e-19,2.661e-34,2.479e+2,2.169e+2,2.559e-22,7.122e-5,4.275e-1,1.071e-20,3.429e-1,5.606e+2,8.202e+1,2.767e-29,4.048e-21,1.705e-23,6.550e-4,,,,,,,,,,,5.554e-21,2.417e-18,,2.711e-3,,,,,,1.776e-11,,6.700e-19,5.980e-6,5.533e-20,7.487e-18
295.78,1.062e+3,2.210e-22,3.981e-13,3.052e-46,,2.806e-16,,5.325e-13,1.469e-20,,9.153e-17,5.650e-20,2.195e-11,3.593e-18,6.158e-22,3.173e-14,,4.136e-28,3.596e-23,2.142e-21,4.441e-19,2.693e-34,2.320e+2,2.150e+2,2.560e-22,1.095e-4,3.549e-1,1.064e-20,3.281e-1,5.456e+2,6.912e+1,2.774e-29,4.048e-21,1.706e-23,4.350e-4,,,,,,,,,,,5.547e-21,2.418e-18,,3.661e-3,,,,,,3.474e-11,,6.705e-19,1.046e-5,5.561e-20,7.485e-18
295.81,9.943e+2,2.230e-22,7.028e-13,3.054e-46,,2.903e-16,,1.850e-13,1.465e-20,,9.162e-17,5.550e-20,2.698e-11,3.486e-18,6.158e-22,3.444e-14,,4.137e-28,2.829e-23,2.143e-21,4.443e-19,2.740e-34,2.065e+2,2.112e+2,2.562e-22,2.054e-4,2.649e-1,1.053e-20,3.136e-1,5.234e+2,5.260e+1,2.785e-29,4.049e-21,1.707e-23,2.316e-4,,,,,,,,,,,5.535e-21,2.419e-18,,5.652e-3,,,,,,9.350e-11,,6.712e-19,2.382e-5,5.603e-20,7.483e-18
295.83,9.497e+2,2.243e-22,1.016e-12,3.055e-46,,3.009e-16,,9.038e-14,1.463e-20,,9.168e-17,5.483e-20,3.062e-11,3.414e-18,6.158e-22,3.597e-14,,4.138e-28,2.384e-23,2.144e-21,4.444e-19,2.772e-34,1.891e+2,2.081e+2,2.563e-22,3.090e-4,2.167e-1,1.045e-20,3.073e-1,5.086e+2,4.337e+1,2.792e-29,4.050e-21,1.708e-23,1.504e-4,,,,,,,,,,,5.528e-21,2.420e-18,,7.468e-3,,,,,,1.790e-10,,6.717e-19,4.078e-5,5.631e-20,7.481e-18
295.85,9.057e+2,2.257e-22,1.457e-12,3.057e-46,,3.134e-16,,4.378e-14,1.461e-20,,9.173e-17,5.416e-20,3.445e-11,3.342e-18,6.158e-22,3.725e-14,,4.139e-28,1.992e-23,2.144e-21,4.445e-19,2.803e-34,1.717e+2,2.043e+2,2.565e-22,4.608e-4,1.768e-1,1.038e-20,3.027e-1,4.938e+2,3.545e+1,2.799e-29,4.051e-21,1.709e-23,9.688e-5,,,,,,,,,,,5.520e-21,2.421e-18,,9.781e-3,,,,,,3.396e-10,,6.722e-19,6.921e-5,5.659e-20,7.479e-18
295.88,8.410e+2,2.277e-22,2.464e-12,3.059e-46,,3.337e-16,,1.451e-14,1.457e-20,,9.182e-17,5.316e-20,4.044e-11,3.235e-18,6.158e-22,3.862e-14,,4.141e-28,1.497e-23,2.145e-21,4.447e-19,2.851e-34,1.461e+2,1.973e+2,2.566e-22,8.257e-4,1.312e-1,1.027e-20,2.976e-1,4.714e+2,2.576e+1,2.810e-29,4.052e-21,1.711e-23,4.924e-5,,,,,,,,,,,5.509e-21,2.423e-18,,1.443e-2,,,,,,8.733e-10,,6.729e-19,1.505e-4,5.702e-20,7.477e-18
295.9,7.988e+2,2.290e-22,3.462e-12,3.060e-46,,3.469e-16,,6.876e-15,1.455e-20,,9.188e-17,5.249e-20,4.452e-11,3.163e-18,6.158e-22,3.913e-14,,4.142e-28,1.223e-23,2.146e-21,4.448e-19,2.882e-34,1.298e+2,1.917e+2,2.568e-22,1.205e-3,1.092e-1,1.020e-20,2.948e-1,4.563e+2,2.060e+1,2.817e-29,4.053e-21,1.711e-23,3.102e-5,,,,,,,,,,,5.502e-21,2.424e-18,,1.849e-2,,,,,,1.622e-9,,6.734e-19,2.500e-4,5.730e-20,7.475e-18
295.93,7.371e+2,2.310e-22,5.678e-12,3.062e-46,,3.645e-16,,2.205e-15,1.451e-20,,9.197e-17,5.148e-20,5.058e-11,3.056e-18,6.158e-22,3.926e-14,,4.144e-28,8.892e-24,2.147e-21,4.450e-19,2.930e-34,1.069e+2,1.817e+2,2.570e-22,2.090e-3,8.758e-2,1.009e-20,2.906e-1,4.335e+2,1.449e+1,2.827e-29,4.054e-21,1.713e-23,1.526e-5,,,,,,,,,,,5.490e-21,2.425e-18,,2.639e-2,,,,,,4.037e-9,,6.741e-19,5.265e-4,5.772e-20,7.473e-18
295.95,6.972e+2,2.323e-22,7.817e-12,3.063e-46,,3.739e-16,,1.022e-15,1.449e-20,,9.202e-17,5.082e-20,5.447e-11,2.984e-18,6.158e-22,3.892e-14,,4.145e-28,7.111e-24,2.147e-21,4.451e-19,2.962e-34,9.294e+1,1.741e+2,2.571e-22,2.985e-3,8.015e-2,1.002e-20,2.876e-1,4.184e+2,1.133e+1,2.834e-29,4.055e-21,1.714e-23,9.401e-6,,,,,,,,,,,5.483e-21,2.426e-18,,3.309e-2,,,,,,7.336e-9,,6.746e-19,8.556e-4,5.800e-20,7.471e-18
295.98,6.398e+2,2.343e-22,1.244e-11,3.065e-46,,3.831e-16,,3.171e-16,1.446e-20,,9.211e-17,4.981e-20,5.990e-11,2.877e-18,6.158e-22,3.779e-14,,4.146e-28,5.002e-24,2.148e-21,4.453e-19,3.009e-34,7.415e+1,1.613e+2,2.573e-22,5.012e-3,7.891e-2,9.911e-21,2.823e-1,3.963e+2,7.714e+0,2.845e-29,4.056e-21,1.715e-23,4.474e-6,,,,,,,,,,,5.472e-21,2.428e-18,,4.572e-2,,,,,,1.768e-8,,6.753e-19,1.744e-3,5.842e-20,7.468e-18
296,6.036e+2,2.356e-22,1.678e-11,3.067e-46,,3.857e-16,,1.437e-16,1.443e-20,,9.217e-17,4.914e-20,6.312e-11,2.805e-18,6.158e-22,3.665e-14,,4.147e-28,3.913e-24,2.149e-21,4.454e-19,3.041e-34,6.311e+1,1.520e+2,2.574e-22,7.005e-3,8.465e-2,9.838e-21,2.781e-1,3.822e+2,5.905e+0,2.852e-29,4.057e-21,1.716e-23,2.698e-6,,,,,,,,,,,5.464e-21,2.429e-18,,5.610e-2,,,,,,3.144e-8,,6.758e-19,2.773e-3,5.870e-20,7.467e-18
296.03,5.532e+2,2.376e-22,2.590e-11,3.069e-46,,3.837e-16,,4.315e-17,1.440e-20,,9.225e-17,4.814e-20,6.716e-11,2.698e-18,6.158e-22,3.444e-14,,4.149e-28,2.664e-24,2.149e-21,4.456e-19,3.088e-34,4.880e+1,1.372e+2,2.576e-22,1.139e-2,1.035e-1,9.730e-21,2.706e-1,3.628e+2,3.890e+0,2.863e-29,4.058e-21,1.717e-23,1.244e-6,,,,,,,,,,,5.453e-21,2.430e-18,,7.502e-2,,,,,,7.335e-8,,6.766e-19,5.472e-3,5.912e-20,7.464e-18
296.05,5.228e+2,2.389e-22,3.424e-11,3.070e-46,,3.784e-16,,1.913e-17,1.438e-20,,9.231e-17,4.747e-20,6.925e-11,2.626e-18,6.158e-22,3.268e-14,,4.150e-28,2.039e-24,2.150e-21,4.457e-19,3.120e-34,4.070e+1,1.270e+2,2.577e-22,1.557e-2,1.235e-1,9.657e-21,2.649e-1,3.517e+2,2.915e+0,2.870e-29,4.059e-21,1.718e-23,7.373e-7,,,,,,,,,,,5.446e-21,2.431e-18,,9.007e-2,,,,,,1.276e-7,,6.770e-19,8.516e-3,5.940e-20,7.462e-18
296.08,4.834e+2,2.409e-22,5.128e-11,3.072e-46,,3.648e-16,,5.555e-18,1.434e-20,,9.240e-17,4.647e-20,7.132e-11,2.519e-18,6.158e-22,2.971e-14,,4.151e-28,1.343e-24,2.151e-21,4.459e-19,3.167e-34,3.058e+1,1.114e+2,2.579e-22,2.450e-2,1.657e-1,9.548e-21,2.552e-1,3.390e+2,1.863e+0,2.880e-29,4.060e-21,1.720e-23,3.389e-7,,,,,,,,,,,5.434e-21,2.433e-18,,1.166e-1,,,,,,2.883e-7,,6.778e-19,1.627e-2,5.983e-20,7.460e-18
296.1,4.621e+2,2.422e-22,6.645e-11,3.073e-46,,3.521e-16,,2.409e-18,1.432e-20,,9.246e-17,4.580e-20,7.194e-11,2.447e-18,6.158e-22,2.759e-14,,4.152e-28,1.005e-24,2.152e-21,4.460e-19,3.199e-34,2.506e+1,1.011e+2,2.580e-22,3.279e-2,2.031e-1,9.476e-21,2.480e-1,3.339e+2,1.370e+0,2.887e-29,4.060e-21,1.721e-23,2.112e-7,,,,,,,,,,,5.427e-21,2.434e-18,,1.369e-1,,,,,,4.909e-7,,6.783e-19,2.477e-2,6.011e-20,7.458e-18
296.13,4.391e+2,2.442e-22,9.656e-11,3.075e-46,,3.287e-16,,6.767e-19,1.428e-20,,9.254e-17,4.480e-20,7.171e-11,2.340e-18,6.158e-22,2.428e-14,,4.154e-28,6.409e-25,2.152e-21,4.462e-19,3.246e-34,1.843e+1,8.610e+1,2.582e-22,4.996e-2,2.746e-1,9.367e-21,2.363e-1,3.329e+2,8.583e-1,2.898e-29,4.062e-21,1.722e-23,1.363e-7,,,,,,,,,,,5.416e-21,2.435e-18,,1.715e-1,,,,,,1.073e-6,,6.790e-19,4.580e-2,6.053e-20,7.456e-18
296.15,4.307e+2,2.455e-22,1.227e-10,3.077e-46,,3.105e-16,,2.871e-19,1.426e-20,,9.260e-17,4.413e-20,7.078e-11,2.268e-18,6.158e-22,2.205e-14,,4.155e-28,4.695e-25,2.153e-21,4.463e-19,3.278e-34,1.498e+1,7.658e+1,2.583e-22,6.543e-2,3.339e-1,9.295e-21,2.279e-1,3.377e+2,6.297e-1,2.905e-29,4.062e-21,1.723e-23,1.435e-7,,,,,,,,,,,5.408e-21,2.436e-18,,1.972e-1,,,,,,1.789e-6,,6.795e-19,6.825e-2,6.081e-20,7.454e-18
296.18,4.306e+2,2.475e-22,1.730e-10,3.079e-46,,2.805e-16,,7.801e-20,1.423e-20,,9.269e-17,4.313e-20,6.827e-11,2.161e-18,6.158e-22,1.878e-14,,4.156e-28,2.895e-25,2.154e-21,4.465e-19,3.325e-34,1.104e+1,6.324e+1,2.585e-22,9.652e-2,4.419e-1,9.186e-21,2.147e-1,3.548e+2,4.077e-1,2.915e-29,4.064e-21,1.724e-23,2.455e-7,,,,,,,,,,,5.397e-21,2.438e-18,,2.391e-1,,,,,,3.786e-6,,6.802e-19,1.221e-1,6.123e-20,7.451e-18
296.2,4.397e+2,2.489e-22,2.154e-10,3.080e-46,,2.593e-16,,3.237e-20,1.420e-20,,9.274e-17,4.246e-20,6.593e-11,2.089e-18,6.158e-22,1.669e-14,,4.157e-28,2.075e-25,2.155e-21,4.466e-19,3.357e-34,9.128e+0,5.508e+1,2.587e-22,1.237e-1,5.276e-1,9.113e-21,2.055e-1,3.738e+2,3.205e-1,2.922e-29,4.064e-21,1.725e-23,4.027e-7,,,,,,,,,,,5.389e-21,2.439e-18,,2.689e-1,,,,,,6.174e-6,,6.807e-19,1.781e-1,6.151e-20,7.450e-18
296.22,4.569e+2,2.502e-22,2.660e-10,3.081e-46,,2.376e-16,,1.331e-20,1.418e-20,,9.280e-17,4.179e-20,6.312e-11,2.017e-18,6.157e-22,1.471e-14,,4.159e-28,1.474e-25,2.155e-21,4.468e-19,3.389e-34,7.700e+0,4.757e+1,2.588e-22,1.573e-1,6.249e-1,9.041e-21,1.961e-1,3.998e+2,2.710e-1,2.929e-29,4.065e-21,1.726e-23,6.790e-7,,,,,,,,,,,5.382e-21,2.440e-18,,2.998e-1,,,,,,9.982e-6,,6.812e-19,2.575e-1,6.179e-20,7.448e-18
296.25,4.994e+2,2.522e-22,3.599e-10,3.083e-46,,2.051e-16,,3.453e-21,1.415e-20,,9.289e-17,4.079e-20,5.816e-11,1.910e-18,6.157e-22,1.196e-14,,4.160e-28,8.683e-26,2.156e-21,4.469e-19,3.436e-34,6.336e+0,3.758e+1,2.590e-22,2.218e-1,7.929e-1,8.932e-21,1.820e-1,4.532e+2,2.554e-1,2.940e-29,4.066e-21,1.727e-23,1.492e-6,,,,,,,,,,,5.371e-21,2.441e-18,,3.473e-1,,,,,,2.019e-5,,6.819e-19,4.403e-1,6.221e-20,7.445e-18
296.27,5.395e+2,2.535e-22,4.358e-10,3.085e-46,,1.839e-16,,1.389e-21,1.412e-20,,9.295e-17,4.012e-20,5.447e-11,1.838e-18,6.157e-22,1.031e-14,,4.161e-28,6.035e-26,2.157e-21,4.471e-19,3.468e-34,5.868e+0,3.178e+1,2.591e-22,2.760e-1,9.196e-1,8.860e-21,1.726e-1,4.992e+2,2.801e-1,2.947e-29,4.067e-21,1.728e-23,2.505e-6,,,,,,,,,,,5.363e-21,2.442e-18,,3.788e-1,,,,,,3.194e-5,,6.824e-19,6.229e-1,6.249e-20,7.444e-18
296.3,6.181e+2,2.555e-22,5.722e-10,3.086e-46,,1.537e-16,,1.403e-21,1.409e-20,,9.303e-17,3.912e-20,4.858e-11,1.731e-18,6.157e-22,8.117e-15,,4.163e-28,3.440e-26,2.157e-21,4.472e-19,3.515e-34,5.721e+0,2.431e+1,2.593e-22,3.770e-1,1.131e+0,8.751e-21,1.588e-1,5.846e+2,3.703e-1,2.958e-29,4.068e-21,1.730e-23,5.365e-6,,,,,,,,,,,5.352e-21,2.444e-18,,4.247e-1,,,,,,6.254e-5,,6.831e-19,1.031e+0,6.292e-20,7.441e-18
296.32,6.831e+2,2.568e-22,6.794e-10,3.088e-46,,1.349e-16,,1.411e-21,1.407e-20,,9.309e-17,3.845e-20,4.452e-11,1.659e-18,6.157e-22,6.845e-15,,4.164e-28,2.339e-26,2.158e-21,4.474e-19,3.547e-34,5.944e+0,2.012e+1,2.594e-22,4.592e-1,1.284e+0,8.678e-21,1.499e-1,6.528e+2,4.695e-1,2.965e-29,4.069e-21,1.730e-23,8.821e-6,,,,,,,,,,,5.344e-21,2.445e-18,,4.534e-1,,,,,,9.683e-5,,6.836e-19,1.427e+0,6.320e-20,7.440e-18
296.35,7.991e+2,2.588e-22,8.661e-10,3.090e-46,,1.092e-16,,1.425e-21,1.403e-20,,9.318e-17,3.744e-20,3.842e-11,1.552e-18,6.157e-22,5.215e-15,,4.165e-28,1.290e-26,2.159e-21,4.475e-19,3.594e-34,6.687e+0,1.490e+1,2.596e-22,6.079e-1,1.529e+0,8.569e-21,1.372e-1,7.718e+2,6.889e-1,2.975e-29,4.070e-21,1.732e-23,1.830e-5,,,,,,,,,,,5.333e-21,2.446e-18,,4.919e-1,,,,,,1.835e-4,,6.843e-19,2.287e+0,6.362e-20,7.437e-18
296.37,8.882e+2,2.601e-22,1.008e-9,3.091e-46,,9.395e-17,,1.434e-21,1.401e-20,,9.323e-17,3.678e-20,3.445e-11,1.480e-18,6.157e-22,4.303e-15,,4.166e-28,8.580e-27,2.160e-21,4.477e-19,3.626e-34,7.423e+0,1.207e+1,2.597e-22,7.252e-1,1.701e+0,8.497e-21,1.292e-1,8.616e+2,8.925e-1,2.982e-29,4.071e-21,1.733e-23,2.944e-5,,,,,,,,,,,5.326e-21,2.447e-18,,5.138e-1,,,,,,2.781e-4,,6.848e-19,3.098e+0,6.390e-20,7.435e-18
296.4,1.038e+3,2.621e-22,1.248e-9,3.093e-46,,7.392e-17,,1.447e-21,1.398e-20,,9.332e-17,3.577e-20,2.878e-11,1.373e-18,6.157e-22,3.173e-15,,4.168e-28,4.579e-27,2.160e-21,4.478e-19,3.673e-34,8.837e+0,8.656e+0,9.950e-22,9.307e-1,1.965e+0,8.388e-21,1.181e-1,1.011e+3,1.306e+0,2.993e-29,4.072e-21,1.734e-23,5.913e-5,,,,,,,,,,,5.314e-21,2.449e-18,,5.396e-1,,,,,,5.103e-4,,6.855e-19,4.806e+0,6.432e-20,7.433e-18
296.42,1.147e+3,2.634e-22,1.425e-9,3.094e-46,,6.250e-17,,1.456e-21,1.395e-20,,9.338e-17,3.510e-20,2.524e-11,1.301e-18,6.157e-22,2.561e-15,,4.169e-28,2.980e-27,2.161e-21,4.480e-19,3.705e-34,9.961e+0,6.860e+0,2.410e-21,1.088e+0,2.143e+0,8.316e-21,1.114e-1,1.118e+3,1.671e+0,3.000e-29,4.073e-21,1.735e-23,9.310e-5,,,,,,,,,,,5.307e-21,2.450e-18,,5.515e-1,,,,,,7.566e-4,,6.860e-19,6.370e+0,6.460e-20,7.431e-18
296.45,1.320e+3,2.654e-22,1.712e-9,3.096e-46,,4.823e-17,,1.469e-21,1.392e-20,,9.346e-17,3.410e-20,2.041e-11,1.194e-18,6.157e-22,1.828e-15,,4.170e-28,1.539e-27,2.162e-21,4.481e-19,3.752e-34,1.187e+1,4.762e+0,8.941e-21,1.354e+0,2.405e+0,8.207e-21,1.021e-1,1.287e+3,2.382e+0,3.010e-29,4.074e-21,1.736e-23,1.810e-4,,,,,,,,,,,5.296e-21,2.451e-18,,5.606e-1,,,,,,1.344e-3,,6.867e-19,9.565e+0,6.502e-20,7.429e-18
296.47,1.440e+3,2.667e-22,1.916e-9,3.098e-46,,4.053e-17,,1.478e-21,1.389e-20,,9.352e-17,3.343e-20,1.752e-11,1.122e-18,6.157e-22,1.443e-15,,4.171e-28,9.798e-28,2.163e-21,4.483e-19,3.784e-34,1.327e+1,3.693e+0,2.120e-20,1.552e+0,2.574e+0,8.134e-21,9.658e-2,1.403e+3,2.987e+0,3.018e-29,4.075e-21,1.737e-23,2.789e-4,,,,,,,,,,,5.288e-21,2.452e-18,,5.606e-1,,,,,,1.950e-3,,6.872e-19,1.241e+1,6.530e-20,7.427e-18
296.5,1.623e+3,2.687e-22,2.237e-9,3.100e-46,,3.158e-17,,1.491e-21,1.386e-20,,9.361e-17,3.243e-20,1.370e-11,1.015e-18,6.157e-22,9.968e-16,,4.173e-28,4.896e-28,2.163e-21,4.484e-19,3.831e-34,1.550e+1,2.481e+0,7.614e-20,1.876e+0,2.815e+0,8.026e-21,8.906e-2,1.577e+3,4.131e+0,3.028e-29,4.076e-21,1.739e-23,5.249e-4,,,,,,,,,,,5.277e-21,2.454e-18,,5.515e-1,,,,,,3.353e-3,,6.880e-19,1.803e+1,6.573e-20,7.424e-18
296.52,1.743e+3,2.701e-22,2.455e-9,3.101e-46,,2.725e-17,,1.500e-21,1.384e-20,,9.367e-17,3.176e-20,1.151e-11,9.430e-19,6.157e-22,7.703e-16,,4.174e-28,3.050e-28,2.164e-21,4.486e-19,3.863e-34,1.704e+1,1.883e+0,1.767e-19,2.108e+0,2.966e+0,7.953e-21,8.452e-2,1.690e+3,5.074e+0,3.035e-29,4.076e-21,1.740e-23,7.916e-4,,,,,,,,,,,5.270e-21,2.455e-18,,5.396e-1,,,,,,4.761e-3,,6.884e-19,2.289e+1,6.601e-20,7.423e-18
296.55,1.916e+3,2.720e-22,2.782e-9,3.103e-46,,2.315e-17,,1.513e-21,1.380e-20,,9.375e-17,3.076e-20,8.714e-12,8.356e-19,6.157e-22,5.147e-16,,4.175e-28,1.475e-28,2.165e-21,4.487e-19,3.911e-34,1.937e+1,1.224e+0,6.145e-19,2.478e+0,3.177e+0,7.844e-21,7.828e-2,1.850e+3,6.797e+0,3.046e-29,4.078e-21,1.741e-23,1.442e-3,,,,,,,,,,,5.258e-21,2.456e-18,,5.138e-1,,,,,,7.925e-3,,6.892e-19,3.220e+1,6.643e-20,7.420e-18
296.57,2.024e+3,2.734e-22,2.995e-9,3.104e-46,,2.200e-17,,1.522e-21,1.378e-20,,9.381e-17,3.009e-20,7.161e-12,7.640e-19,6.157e-22,3.892e-16,,4.177e-28,8.987e-29,2.165e-21,4.489e-19,3.942e-34,2.091e+1,9.089e-1,1.396e-18,2.735e+0,3.311e+0,7.772e-21,7.442e-2,1.947e+3,8.173e+0,3.053e-29,4.078e-21,1.742e-23,2.129e-3,,,,,,,,,,,5.251e-21,2.457e-18,,4.919e-1,,,,,,1.101e-2,,6.896e-19,4.000e+1,6.671e-20,7.418e-18
296.59,2.124e+3,2.747e-22,3.199e-9,3.106e-46,,2.217e-17,,1.531e-21,1.376e-20,,9.387e-17,2.942e-20,5.833e-12,6.924e-19,6.157e-22,2.917e-16,,4.178e-28,5.428e-29,2.166e-21,4.490e-19,3.974e-34,2.240e+1,6.689e-1,3.143e-18,2.999e+0,3.440e+0,7.699e-21,7.074e-2,2.034e+3,9.745e+0,3.060e-29,4.079e-21,1.743e-23,3.114e-3,,,,,,,,,,,5.243e-21,2.458e-18,,4.669e-1,,,,,,1.517e-2,,6.901e-19,4.925e+1,6.699e-20,7.417e-18
296.62,2.254e+3,2.767e-22,3.480e-9,3.108e-46,,2.518e-17,,1.544e-21,1.372e-20,,9.395e-17,2.842e-20,4.219e-12,5.849e-19,6.157e-22,1.862e-16,,4.179e-28,2.507e-29,2.167e-21,4.492e-19,4.021e-34,2.449e+1,4.155e-1,1.045e-17,3.399e+0,3.637e+0,7.590e-21,6.541e-2,2.142e+3,1.249e+1,3.070e-29,4.080e-21,1.744e-23,5.422e-3,,,,,,,,,,,5.232e-21,2.460e-18,,4.247e-1,,,,,,2.413e-2,,6.909e-19,6.621e+1,6.741e-20,7.414e-18
296.64,2.326e+3,2.780e-22,3.645e-9,3.109e-46,,2.933e-17,,1.553e-21,1.370e-20,,9.401e-17,2.775e-20,3.362e-12,5.133e-19,6.157e-22,1.365e-16,,4.180e-28,1.481e-29,2.168e-21,4.493e-19,4.053e-34,2.576e+1,2.992e-1,2.303e-17,3.666e+0,3.778e+0,7.518e-21,6.195e-2,2.198e+3,1.457e+1,3.077e-29,4.081e-21,1.745e-23,7.763e-3,,,,,,,,,,,5.225e-21,2.460e-18,,3.944e-1,,,,,,3.253e-2,,6.913e-19,7.978e+1,6.769e-20,7.412e-18
296.67,2.410e+3,2.800e-22,3.851e-9,3.111e-46,,3.961e-17,,1.567e-21,1.367e-20,,9.410e-17,2.675e-20,2.354e-12,4.059e-19,6.157e-22,8.434e-17,,4.182e-28,6.620e-30,2.168e-21,4.495e-19,4.100e-34,2.742e+1,1.799e-1,7.413e-17,4.061e+0,4.021e+0,7.409e-21,5.678e-2,2.252e+3,1.808e+1,3.088e-29,4.082e-21,1.746e-23,1.309e-2,,,,,,,,,,,5.213e-21,2.462e-18,,3.473e-1,,,,,,5.009e-2,,6.921e-19,1.038e+2,6.811e-20,7.410e-18
296.69,2.450e+3,2.813e-22,3.956e-9,3.112e-46,,4.992e-17,,1.576e-21,1.364e-20,,9.416e-17,2.608e-20,1.835e-12,9.899e-19,6.157e-22,6.051e-17,,4.183e-28,3.828e-30,2.169e-21,4.496e-19,4.132e-34,2.834e+1,1.268e-1,1.599e-16,4.317e+0,4.215e+0,7.337e-21,5.334e-2,2.270e+3,2.066e+1,3.095e-29,4.083e-21,1.747e-23,1.833e-2,,,,,,,,,,,5.206e-21,2.463e-18,,3.155e-1,,,,,,6.607e-2,,6.926e-19,1.224e+2,6.839e-20,7.408e-18
296.72,2.486e+3,2.833e-22,4.059e-9,3.114e-46,,7.245e-17,,1.589e-21,1.361e-20,,9.424e-17,2.508e-20,1.243e-12,3.710e-18,6.157e-22,3.617e-17,,4.184e-28,1.655e-30,2.170e-21,4.498e-19,4.179e-34,2.942e+1,7.376e-2,4.985e-16,4.688e+0,4.578e+0,7.228e-21,4.816e-2,2.268e+3,2.482e+1,3.106e-29,4.084e-21,1.749e-23,2.992e-2,,,,,,,,,,,5.195e-21,2.464e-18,,2.689e-1,,,,,,9.849e-2,,6.933e-19,1.542e+2,6.882e-20,7.406e-18
296.74,2.495e+3,2.846e-22,4.089e-9,3.116e-46,,9.371e-17,,1.598e-21,1.359e-20,,9.430e-17,2.441e-20,9.486e-13,8.857e-18,6.156e-22,2.539e-17,,4.185e-28,9.361e-31,2.171e-21,4.499e-19,4.211e-34,2.992e+1,5.086e-2,1.052e-15,4.923e+0,4.882e+0,7.155e-21,4.471e-2,2.249e+3,2.775e+1,3.113e-29,4.085e-21,1.749e-23,4.102e-2,,,,,,,,,,,5.187e-21,2.465e-18,,2.391e-1,,,,,,1.271e-1,,6.938e-19,1.779e+2,6.910e-20,7.404e-18
296.77,2.487e+3,2.866e-22,4.074e-9,3.118e-46,,1.385e-16,,1.611e-21,1.355e-20,,9.439e-17,2.340e-20,6.219e-13,3.215e-17,6.156e-22,1.469e-17,,4.187e-28,3.917e-31,2.171e-21,4.501e-19,4.258e-34,3.034e+1,2.867e-2,3.177e-15,5.256e+0,5.453e+0,7.047e-21,3.957e-2,2.197e+3,3.229e+1,3.123e-29,4.086e-21,1.751e-23,6.480e-2,,,,,,,,,,,5.176e-21,2.467e-18,,1.972e-1,,,,,,1.835e-1,,6.945e-19,2.170e+2,6.952e-20,7.401e-18
296.79,2.471e+3,2.879e-22,4.025e-9,3.119e-46,,1.799e-16,,1.620e-21,1.353e-20,,9.445e-17,2.274e-20,4.642e-13,7.511e-17,6.156e-22,1.009e-17,,4.188e-28,2.168e-31,2.172e-21,4.502e-19,1.038e-33,3.040e+1,1.937e-2,6.565e-15,5.464e+0,5.922e+0,6.974e-21,3.622e-2,2.149e+3,3.533e+1,3.130e-29,4.087e-21,1.752e-23,8.696e-2,,,,,,,,,,,5.168e-21,2.468e-18,,1.715e-1,,,,,,2.318e-1,,6.950e-19,2.450e+2,6.980e-20,7.400e-18
296.82,2.435e+3,2.899e-22,3.894e-9,3.121e-46,,2.653e-16,,1.633e-21,1.349e-20,,9.453e-17,2.173e-20,2.946e-13,2.640e-16,6.156e-22,5.648e-18,,4.189e-28,8.777e-32,2.173e-21,4.504e-19,3.938e-33,3.019e+1,1.065e-2,1.919e-14,5.755e+0,6.777e+0,6.865e-21,3.137e-2,2.062e+3,3.980e+1,3.141e-29,4.088e-21,1.753e-23,1.330e-1,,,,,,,,,,,5.157e-21,2.469e-18,,1.369e-1,,,,,,3.238e-1,,6.957e-19,2.892e+2,7.022e-20,7.397e-18
296.84,2.405e+3,2.913e-22,3.773e-9,3.122e-46,,3.426e-16,,1.642e-21,1.347e-20,,9.459e-17,2.106e-20,2.151e-13,6.037e-16,6.156e-22,3.795e-18,,4.190e-28,4.751e-32,2.173e-21,4.505e-19,9.399e-33,2.986e+1,7.141e-3,3.881e-14,5.934e+0,7.454e+0,6.793e-21,2.830e-2,1.999e+3,4.263e+1,3.148e-29,4.089e-21,1.754e-23,1.746e-1,,,,,,,,,,,5.150e-21,2.470e-18,,1.166e-1,,,,,,4.003e-1,,6.962e-19,3.195e+2,1.726e-19,7.396e-18
296.87,2.355e+3,2.932e-22,3.545e-9,3.124e-46,,4.991e-16,,1.655e-21,1.344e-20,,9.468e-17,2.006e-20,1.321e-13,2.055e-15,6.156e-22,2.056e-18,,4.192e-28,1.862e-32,2.174e-21,4.507e-19,3.411e-32,2.911e+1,4.050e-3,1.098e-13,6.181e+0,8.631e+0,6.684e-21,2.406e-2,1.899e+3,4.649e+1,3.158e-29,4.090e-21,1.755e-23,2.585e-1,,,,,,,,,,,5.139e-21,2.472e-18,,9.007e-2,,,,,,5.414e-1,,6.969e-19,3.651e+2,6.542e-19,7.393e-18
296.89,2.323e+3,2.946e-22,3.368e-9,3.125e-46,,6.378e-16,,1.664e-21,1.341e-20,,9.473e-17,1.939e-20,9.442e-14,4.600e-15,6.156e-22,1.352e-18,,4.193e-28,9.872e-33,2.175e-21,4.508e-19,7.968e-32,2.846e+1,2.968e-3,2.174e-13,6.330e+0,9.521e+0,6.611e-21,2.151e-2,1.834e+3,4.873e+1,3.166e-29,4.090e-21,1.756e-23,3.322e-1,,,,,,,,,,,5.131e-21,2.473e-18,,7.502e-2,,,,,,6.550e-1,,6.974e-19,3.947e+2,1.574e-18,7.391e-18
296.92,2.277e+3,2.966e-22,3.073e-9,3.127e-46,,9.124e-16,,1.677e-21,1.338e-20,,9.482e-17,1.839e-20,5.611e-14,1.516e-14,6.156e-22,7.089e-19,,4.194e-28,3.777e-33,2.176e-21,4.510e-19,2.800e-31,2.730e+1,2.361e-3,5.958e-13,6.531e+0,1.100e+1,6.503e-21,1.823e-2,1.743e+3,5.146e+1,3.176e-29,4.092e-21,1.758e-23,4.762e-1,,,,,,,,,,,5.120e-21,2.474e-18,,5.610e-2,,,,,,8.575e-1,,6.981e-19,4.366e+2,5.777e-18,7.389e-18
296.94,2.251e+3,2.979e-22,2.863e-9,3.129e-46,,1.150e-15,,1.686e-21,1.336e-20,,9.488e-17,1.772e-20,3.923e-14,3.322e-14,6.156e-22,4.560e-19,,4.196e-28,2.017e-33,2.176e-21,4.511e-19,6.403e-31,2.641e+1,2.522e-3,1.154e-12,6.649e+0,1.206e+1,6.430e-21,1.645e-2,1.690e+3,5.279e+1,3.183e-29,4.092e-21,1.759e-23,5.988e-1,,,,,,,,,,,5.112e-21,2.475e-18,,4.572e-2,,,,,,1.015e+0,,6.986e-19,4.619e+2,1.360e-17,7.387e-18
296.96,2.230e+3,2.992e-22,2.646e-9,3.130e-46,,1.440e-15,,1.695e-21,1.333e-20,,9.494e-17,1.705e-20,2.719e-14,7.216e-14,6.156e-22,2.907e-19,,4.197e-28,1.159e-33,2.177e-21,4.512e-19,1.452e-30,2.546e+1,3.139e-3,2.217e-12,6.752e+0,1.317e+1,6.358e-21,1.505e-2,1.645e+3,5.368e+1,3.190e-29,4.093e-21,1.759e-23,7.466e-1,,,,,,,,,,,5.105e-21,2.476e-18,,3.694e-2,,,,,,1.191e+0,,6.991e-19,4.844e+2,3.175e-17,7.385e-18
296.99,2.208e+3,3.012e-22,2.317e-9,3.132e-46,,1.993e-15,,1.709e-21,1.330e-20,,9.502e-17,1.605e-20,1.544e-14,2.274e-13,6.156e-22,1.456e-19,,4.198e-28,8.346e-34,2.178e-21,4.514e-19,4.878e-30,2.391e+1,5.105e-3,5.809e-12,6.879e+0,1.487e+1,6.249e-21,1.376e-2,1.593e+3,5.417e+1,3.201e-29,4.094e-21,1.761e-23,1.023e+0,,,,,,,,,,,5.094e-21,2.478e-18,,2.639e-2,,,,,,1.491e+0,,6.998e-19,5.120e+2,1.114e-16,7.383e-18
297.01,2.200e+3,3.025e-22,2.099e-9,3.133e-46,,2.454e-15,,1.717e-21,1.328e-20,,9.508e-17,1.538e-20,1.047e-14,4.834e-13,6.156e-22,9.084e-20,,4.199e-28,1.132e-33,2.179e-21,4.515e-19,1.083e-29,2.282e+1,7.355e-3,1.092e-11,6.943e+0,1.601e+1,6.176e-21,1.353e-2,1.572e+3,5.391e+1,3.208e-29,4.095e-21,1.762e-23,1.248e+0,,,,,,,,,,,5.086e-21,2.479e-18,,2.086e-2,,,,,,1.712e+0,,7.003e-19,5.255e+2,2.547e-16,7.381e-18
297.04,2.197e+3,3.045e-22,1.785e-9,3.135e-46,,3.306e-15,,1.731e-21,1.324e-20,,9.517e-17,1.438e-20,5.752e-15,1.475e-12,6.156e-22,4.403e-20,,4.201e-28,2.717e-33,2.179e-21,4.517e-19,3.522e-29,2.113e+1,1.285e-2,2.770e-11,7.006e+0,1.765e+1,6.068e-21,1.427e-2,1.558e+3,5.267e+1,3.218e-29,4.096e-21,1.763e-23,1.654e+0,,,,,,,,,,,5.075e-21,2.480e-18,,1.443e-2,,,,,,2.073e+0,,7.010e-19,5.376e+2,8.656e-16,7.379e-18
297.06,2.201e+3,3.058e-22,1.586e-9,3.137e-46,,3.995e-15,,1.740e-21,1.322e-20,,9.522e-17,1.371e-20,3.817e-15,3.070e-12,6.156e-22,2.688e-20,,4.202e-28,5.235e-33,2.180e-21,4.518e-19,7.652e-29,1.996e+1,1.856e-2,5.098e-11,7.025e+0,1.867e+1,5.995e-21,1.560e-2,1.560e+3,5.130e+1,3.225e-29,4.097e-21,1.764e-23,1.975e+0,,,,,,,,,,,5.067e-21,2.481e-18,,1.116e-2,,,,,,2.330e+0,,7.015e-19,5.399e+2,1.936e-15,7.377e-18
297.09,2.213e+3,3.078e-22,1.309e-9,3.139e-46,,5.230e-15,,1.753e-21,1.318e-20,,9.531e-17,1.271e-20,2.029e-15,9.070e-12,6.156e-22,1.261e-20,,4.203e-28,1.408e-32,2.181e-21,4.520e-19,2.411e-28,1.820e+1,3.179e-2,1.252e-10,7.021e+0,2.001e+1,5.886e-21,1.910e-2,1.579e+3,4.851e+1,3.236e-29,4.098e-21,1.765e-23,2.535e+0,,,,,,,,,,,5.056e-21,2.483e-18,,7.468e-3,,,,,,2.732e+0,,7.023e-19,5.347e+2,6.372e-15,7.374e-18
297.11,2.223e+3,3.091e-22,1.140e-9,3.140e-46,,6.196e-15,,1.762e-21,1.316e-20,,9.537e-17,1.204e-20,1.318e-15,1.848e-11,6.156e-22,7.528e-21,,4.204e-28,2.701e-32,2.182e-21,4.521e-19,5.127e-28,1.701e+1,4.507e-2,2.255e-10,6.996e+0,2.076e+1,5.814e-21,2.259e-2,1.601e+3,4.624e+1,3.243e-29,4.099e-21,1.766e-23,2.963e+0,,,,,,,,,,,5.049e-21,2.484e-18,,5.652e-3,,,,,,3.005e+0,,7.027e-19,5.255e+2,1.395e-14,7.373e-18
297.14,2.239e+3,3.111e-22,9.137e-10,3.142e-46,,7.871e-15,,1.775e-21,1.313e-20,,9.545e-17,1.104e-20,6.780e-16,5.286e-11,6.156e-22,3.418e-21,,4.206e-28,7.067e-32,2.182e-21,4.523e-19,1.565e-27,1.523e+1,7.486e-2,5.364e-10,6.930e+0,2.160e+1,5.705e-21,2.984e-2,1.642e+3,4.233e+1,3.254e-29,4.100e-21,1.768e-23,3.681e+0,,,,,,,,,,,5.037e-21,2.485e-18,,3.661e-3,,,,,,3.410e+0,,7.035e-19,5.037e+2,4.446e-14,7.370e-18
297.16,2.247e+3,3.125e-22,7.805e-10,3.143e-46,,9.137e-15,,1.784e-21,1.310e-20,,9.551e-17,1.037e-20,4.307e-16,1.054e-10,6.156e-22,1.997e-21,,4.207e-28,1.328e-31,2.183e-21,4.524e-19,3.257e-27,1.406e+1,1.039e-1,9.455e-10,6.869e+0,2.195e+1,5.632e-21,3.623e-2,1.672e+3,3.948e+1,3.261e-29,4.101e-21,1.769e-23,4.210e+0,,,,,,,,,,,5.030e-21,2.486e-18,,2.711e-3,,,,,,3.671e+0,,7.039e-19,4.844e+2,9.528e-14,7.368e-18
297.19,2.252e+3,3.144e-22,6.070e-10,3.145e-46,,1.125e-14,,1.797e-21,1.307e-20,,9.560e-17,9.364e-21,2.145e-16,2.920e-10,6.156e-22,8.772e-22,,4.208e-28,3.365e-31,2.184e-21,4.526e-19,9.625e-27,1.235e+1,1.671e-1,2.178e-9,6.761e+0,2.214e+1,5.524e-21,4.848e-2,1.717e+3,3.499e+1,3.271e-29,4.102e-21,1.770e-23,5.064e+0,,,,,,,,,,,5.019e-21,2.488e-18,,1.700e-3,,,,,,4.033e+0,,7.047e-19,4.495e+2,2.941e-13,7.366e-18
297.21,2.249e+3,3.158e-22,5.083e-10,3.147e-46,,1.280e-14,,1.806e-21,1.305e-20,,9.566e-17,8.695e-21,1.333e-16,5.699e-10,6.156e-22,5.015e-22,,4.209e-28,6.188e-31,2.184e-21,4.527e-19,1.961e-26,1.125e+1,2.269e-1,3.757e-9,6.681e+0,2.204e+1,5.451e-21,5.864e-2,1.744e+3,3.194e+1,3.278e-29,4.103e-21,1.771e-23,5.667e+0,,,,,,,,,,,5.011e-21,2.489e-18,,1.232e-3,,,,,,4.248e+0,,7.052e-19,4.231e+2,6.169e-13,7.364e-18
297.24,2.231e+3,3.178e-22,3.838e-10,3.149e-46,,1.528e-14,,1.819e-21,1.301e-20,,9.574e-17,7.692e-21,6.425e-17,1.529e-9,6.156e-22,2.132e-22,,4.211e-28,1.519e-30,2.185e-21,4.529e-19,5.613e-26,9.662e+0,3.534e-1,8.378e-9,6.557e+0,2.155e+1,5.342e-21,7.720e-2,1.774e+3,2.740e+1,3.289e-29,4.104e-21,1.772e-23,6.600e+0,,,,,,,,,,,5.000e-21,2.490e-18,,7.474e-4,,,,,,4.518e+0,,7.059e-19,3.800e+2,1.844e-12,7.362e-18
297.26,2.209e+3,3.191e-22,3.150e-10,3.150e-46,,1.701e-14,,1.828e-21,1.299e-20,,9.580e-17,7.024e-21,3.907e-17,2.921e-9,6.155e-22,1.192e-22,,4.212e-28,2.734e-30,2.186e-21,4.530e-19,1.119e-25,8.663e+0,4.697e-1,1.415e-8,6.477e+0,2.101e+1,5.270e-21,9.194e-2,1.786e+3,2.448e+1,3.296e-29,4.105e-21,1.773e-23,7.227e+0,,,,,,,,,,,4.993e-21,2.491e-18,,5.299e-4,,,,,,4.657e+0,,7.064e-19,3.500e+2,3.786e-12,7.360e-18
297.29,2.158e+3,3.211e-22,2.309e-10,3.152e-46,,1.967e-14,,1.842e-21,1.295e-20,,9.589e-17,6.021e-21,1.823e-17,7.589e-9,6.155e-22,4.906e-23,,4.214e-28,6.496e-30,2.187e-21,4.532e-19,3.103e-25,7.263e+0,7.081e-1,3.055e-8,6.366e+0,1.992e+1,5.161e-21,1.178e-1,1.786e+3,2.033e+1,3.306e-29,4.106e-21,1.774e-23,8.149e+0,,,,,,,,,,,4.981e-21,2.493e-18,,3.112e-4,,,,,,4.796e+0,,7.071e-19,3.043e+2,1.096e-11,7.357e-18
297.31,2.112e+3,3.224e-22,1.858e-10,3.153e-46,,2.144e-14,,1.850e-21,1.293e-20,,9.594e-17,5.352e-21,1.084e-17,1.419e-8,6.155e-22,2.685e-23,,4.215e-28,1.144e-29,2.187e-21,4.534e-19,6.058e-25,6.403e+0,9.211e-1,5.049e-8,6.301e+0,1.904e+1,5.089e-21,1.376e-1,1.774e+3,1.777e+1,3.314e-29,4.106e-21,1.775e-23,8.732e+0,,,,,,,,,,,4.974e-21,2.494e-18,,2.159e-4,,,,,,4.837e+0,,7.076e-19,2.742e+2,2.202e-11,7.356e-18
297.34,2.025e+3,3.244e-22,1.321e-10,3.155e-46,,2.403e-14,,1.864e-21,1.290e-20,,9.603e-17,4.349e-21,4.895e-18,3.570e-8,6.155e-22,1.069e-23,,4.216e-28,2.634e-29,2.188e-21,4.535e-19,1.626e-24,5.230e+0,1.345e+0,1.056e-7,6.221e+0,1.753e+1,4.980e-21,1.710e-1,1.735e+3,1.429e+1,3.324e-29,4.108e-21,1.777e-23,9.531e+0,,,,,,,,,,,4.963e-21,2.495e-18,,1.227e-4,,,,,,4.822e+0,,7.083e-19,2.308e+2,6.173e-11,7.353e-18
297.36,1.955e+3,3.257e-22,1.042e-10,3.156e-46,,2.564e-14,,1.873e-21,1.287e-20,,9.609e-17,3.681e-21,2.850e-18,6.533e-8,6.155e-22,5.723e-24,,4.217e-28,4.541e-29,2.189e-21,4.537e-19,3.108e-24,4.529e+0,1.712e+0,1.708e-7,6.177e+0,1.645e+1,4.907e-21,1.956e-1,1.695e+3,1.223e+1,3.331e-29,4.108e-21,1.778e-23,9.996e+0,,,,,,,,,,,4.955e-21,2.496e-18,,8.331e-5,,,,,,4.759e+0,,7.088e-19,2.035e+2,1.214e-10,7.352e-18
297.38,1.876e+3,3.270e-22,8.156e-11,3.158e-46,,2.714e-14,,1.881e-21,1.285e-20,,9.615e-17,3.012e-21,1.644e-18,1.185e-7,6.155e-22,3.037e-24,,4.218e-28,7.764e-29,2.190e-21,4.538e-19,5.888e-24,3.893e+0,2.161e+0,2.739e-7,6.141e+0,1.533e+1,4.835e-21,2.218e-1,1.645e+3,1.038e+1,3.338e-29,4.109e-21,1.778e-23,1.039e+1,,,,,,,,,,,4.948e-21,2.497e-18,,5.606e-5,,,,,,4.657e+0,,7.093e-19,1.779e+2,2.368e-10,7.350e-18
297.41,1.744e+3,3.290e-22,5.562e-11,3.160e-46,,2.909e-14,,1.895e-21,1.282e-20,,9.623e-17,2.009e-21,7.092e-19,2.851e-7,6.155e-22,1.155e-24,,4.220e-28,1.708e-28,8.419e-21,4.540e-19,1.511e-23,3.058e+0,3.014e+0,5.475e-7,6.094e+0,1.365e+1,4.726e-21,2.637e-1,1.551e+3,7.990e+0,3.349e-29,4.110e-21,1.780e-23,1.084e+1,,,,,,,,,,,4.936e-21,2.499e-18,,3.045e-5,,,,,,4.436e+0,,7.100e-19,1.431e+2,6.346e-10,7.347e-18
297.43,1.648e+3,3.303e-22,4.267e-11,3.161e-46,,3.014e-14,,1.904e-21,1.279e-20,,9.629e-17,1.341e-21,4.004e-19,5.064e-7,6.155e-22,5.999e-25,,4.221e-28,2.858e-28,2.044e-20,4.541e-19,2.803e-23,2.580e+0,3.723e+0,8.595e-7,6.064e+0,1.257e+1,4.654e-21,2.928e-1,1.478e+3,6.650e+0,3.356e-29,4.111e-21,1.781e-23,1.103e+1,,,,,,,,,,,4.929e-21,2.500e-18,,2.005e-5,,,,,,4.248e+0,,7.105e-19,1.224e+2,1.211e-9,7.346e-18
297.46,1.496e+3,3.323e-22,2.823e-11,3.163e-46,,3.130e-14,,1.917e-21,1.276e-20,,9.638e-17,3.379e-22,1.671e-19,1.179e-6,6.155e-22,2.208e-25,,4.222e-28,6.088e-28,7.613e-20,4.543e-19,6.968e-23,1.972e+0,5.029e+0,1.663e-6,6.013e+0,1.107e+1,4.545e-21,3.371e-1,1.356e+3,4.991e+0,3.366e-29,4.112e-21,1.782e-23,1.114e+1,,,,,,,,,,,4.918e-21,2.501e-18,,1.054e-5,,,,,,3.917e+0,,7.112e-19,9.531e+1,3.144e-9,7.343e-18
297.48,1.391e+3,3.337e-22,2.123e-11,3.164e-46,,3.176e-14,,1.926e-21,1.274e-20,,9.643e-17,8.203e-22,9.231e-20,2.050e-6,6.155e-22,1.122e-25,,4.223e-28,9.972e-28,1.810e-19,4.544e-19,1.265e-22,1.634e+0,6.080e+0,2.556e-6,5.969e+0,1.018e+1,4.472e-21,3.664e-1,1.268e+3,4.101e+0,3.373e-29,4.113e-21,1.783e-23,1.109e+1,,,,,,,,,,,4.910e-21,2.502e-18,,6.788e-6,,,,,,3.671e+0,,7.117e-19,7.978e+1,5.875e-9,7.341e-18
297.51,1.234e+3,3.356e-22,1.363e-11,3.166e-46,,3.197e-14,,1.939e-21,1.270e-20,,9.652e-17,3.053e-21,3.729e-20,4.624e-6,6.155e-22,3.996e-26,,4.225e-28,2.057e-27,6.527e-19,4.546e-19,3.045e-22,1.220e+0,7.951e+0,4.789e-6,5.879e+0,9.058e+0,4.363e-21,4.085e-1,1.132e+3,3.060e+0,3.384e-29,4.114e-21,1.784e-23,1.084e+1,,,,,,,,,,,4.899e-21,2.504e-18,,3.453e-6,,,,,,3.277e+0,,7.124e-19,6.012e+1,1.476e-8,7.339e-18
297.53,1.130e+3,3.370e-22,1.004e-11,3.168e-46,,3.178e-14,,1.948e-21,1.268e-20,,9.658e-17,7.256e-21,2.015e-20,7.867e-6,6.155e-22,1.986e-26,,4.226e-28,3.297e-27,1.519e-18,4.547e-19,5.412e-22,9.991e-1,9.407e+0,7.202e-6,5.799e+0,8.470e+0,4.291e-21,4.345e-1,1.039e+3,2.545e+0,3.391e-29,4.115e-21,1.785e-23,1.057e+1,,,,,,,,,,,4.891e-21,2.505e-18,,2.177e-6,,,,,,3.005e+0,,7.129e-19,4.925e+1,2.700e-8,7.337e-18
297.56,9.803e+2,3.390e-22,6.258e-12,3.170e-46,,3.103e-14,,1.961e-21,1.264e-20,,9.667e-17,2.616e-20,7.879e-21,1.718e-5,6.155e-22,6.846e-27,,4.227e-28,6.586e-27,5.306e-18,4.549e-19,1.262e-21,7.423e-1,1.191e+1,1.307e-5,5.643e+0,7.855e+0,4.182e-21,4.692e-1,9.032e+2,2.020e+0,3.402e-29,4.116e-21,1.787e-23,1.000e+1,,,,,,,,,,,4.880e-21,2.506e-18,,1.072e-6,,,,,,2.597e+0,,7.136e-19,3.593e+1,6.572e-8,7.335e-18
297.58,8.865e+2,3.403e-22,4.519e-12,3.171e-46,,3.023e-14,,1.970e-21,1.262e-20,,9.672e-17,6.084e-20,4.166e-21,2.862e-5,6.155e-22,3.329e-27,,4.228e-28,1.033e-26,1.208e-17,4.550e-19,2.195e-21,6.155e-1,1.379e+1,1.924e-5,5.514e+0,7.631e+0,4.110e-21,4.885e-1,8.159e+2,1.828e+0,3.409e-29,4.117e-21,1.788e-23,9.539e+0,,,,,,,,,,,4.873e-21,2.507e-18,,6.612e-7,,,,,,2.330e+0,,7.141e-19,2.880e+1,1.177e-7,7.333e-18
297.61,7.571e+2,3.423e-22,2.732e-12,3.173e-46,,2.865e-14,,1.983e-21,1.259e-20,,9.681e-17,2.124e-19,1.576e-21,6.052e-5,6.155e-22,1.111e-27,,4.230e-28,1.999e-26,4.089e-17,4.552e-19,4.958e-21,4.851e-1,1.691e+1,3.380e-5,5.282e+0,7.578e+0,4.001e-21,5.108e-1,6.935e+2,1.780e+0,3.419e-29,4.118e-21,1.789e-23,8.746e+0,,,,,,,,,,,4.861e-21,2.508e-18,,3.151e-7,,,,,,1.949e+0,,7.149e-19,2.034e+1,2.773e-7,7.330e-18
297.63,6.797e+2,3.436e-22,1.933e-12,3.174e-46,,2.738e-14,,1.992e-21,1.256e-20,,9.687e-17,4.837e-19,8.156e-22,9.865e-5,6.155e-22,5.285e-28,,4.231e-28,3.070e-26,9.117e-17,4.553e-19,8.443e-21,4.352e-1,1.916e+1,4.869e-5,5.103e+0,7.726e+0,3.928e-21,5.206e-1,6.190e+2,1.919e+0,3.426e-29,4.119e-21,1.790e-23,8.168e+0,,,,,,,,,,,4.854e-21,2.509e-18,,1.902e-7,,,,,,1.712e+0,,7.153e-19,1.595e+1,4.859e-7,7.329e-18
297.66,5.785e+2,3.456e-22,1.134e-12,3.176e-46,,2.524e-14,,2.006e-21,1.253e-20,,9.695e-17,1.636e-18,2.986e-22,2.020e-4,6.155e-22,1.706e-28,,4.233e-28,5.749e-26,2.987e-16,4.555e-19,1.847e-20,4.139e-1,2.274e+1,8.284e-5,4.806e+0,8.206e+0,3.820e-21,5.272e-1,5.199e+2,2.426e+0,3.437e-29,4.120e-21,1.791e-23,7.260e+0,,,,,,,,,,,4.843e-21,2.511e-18,,8.772e-8,,,,,,1.386e+0,,7.161e-19,1.091e+1,1.109e-6,7.326e-18
297.68,5.217e+2,3.469e-22,7.863e-13,3.178e-46,,2.370e-14,,2.014e-21,1.251e-20,,9.701e-17,3.646e-18,1.512e-22,3.224e-4,6.155e-22,7.943e-29,,4.234e-28,8.642e-26,6.521e-16,4.556e-19,3.078e-20,4.356e-1,2.522e+1,1.168e-4,4.592e+0,8.684e+0,3.747e-21,5.260e-1,4.630e+2,3.004e+0,3.444e-29,4.121e-21,1.792e-23,6.645e+0,,,,,,,,,,,4.835e-21,2.512e-18,,5.180e-8,,,,,,1.191e+0,,7.166e-19,8.371e+0,1.902e-6,7.324e-18
297.71,4.531e+2,3.489e-22,4.473e-13,3.180e-46,,2.130e-14,,2.028e-21,1.247e-20,,9.710e-17,1.194e-17,5.357e-23,6.393e-4,6.155e-22,2.482e-29,,4.235e-28,1.567e-25,2.069e-15,4.558e-19,6.520e-20,5.257e-1,2.898e+1,1.924e-4,4.258e+0,9.601e+0,3.638e-21,5.158e-1,3.926e+2,4.336e+0,3.454e-29,4.122e-21,1.793e-23,5.739e+0,,,,,,,,,,,4.824e-21,2.513e-18,,2.313e-8,,,,,,9.340e-1,,7.173e-19,5.539e+0,4.205e-6,7.322e-18
297.73,4.185e+2,3.502e-22,3.040e-13,3.181e-46,,1.969e-14,,2.037e-21,1.245e-20,,9.716e-17,2.606e-17,2.654e-23,9.984e-4,6.155e-22,1.130e-29,,4.236e-28,2.306e-25,4.422e-15,4.559e-19,1.064e-19,6.280e-1,3.146e+1,2.656e-4,4.034e+0,1.032e+1,3.566e-21,5.038e-1,3.559e+2,5.621e+0,3.462e-29,4.122e-21,1.794e-23,5.162e+0,,,,,,,,,,,4.817e-21,2.514e-18,,1.336e-8,,,,,,7.855e-1,,7.178e-19,4.160e+0,7.059e-6,7.320e-18
297.75,3.931e+2,3.515e-22,2.050e-13,3.182e-46,,1.812e-14,,2.046e-21,1.243e-20,,9.721e-17,5.638e-17,1.303e-23,1.546e-3,6.155e-22,5.104e-30,,4.237e-28,3.363e-25,9.367e-15,4.560e-19,1.722e-19,7.685e-1,3.385e+1,3.633e-4,3.811e+0,1.110e+1,3.493e-21,4.879e-1,3.274e+2,7.314e+0,3.469e-29,4.123e-21,1.795e-23,4.619e+0,,,,,,,,,,,4.809e-21,2.515e-18,,7.654e-9,,,,,,6.550e-1,,7.182e-19,3.098e+0,1.175e-5,7.319e-18
297.78,3.717e+2,3.535e-22,1.118e-13,3.184e-46,,1.586e-14,,2.059e-21,1.239e-20,,9.730e-17,1.766e-16,4.411e-24,2.931e-3,6.154e-22,1.523e-30,,4.239e-28,5.831e-25,2.843e-14,4.562e-19,3.487e-19,1.062e+0,3.717e+1,5.722e-4,3.492e+0,1.236e+1,3.384e-21,4.578e-1,3.000e+2,1.084e+1,3.479e-29,4.124e-21,1.797e-23,3.884e+0,,,,,,,,,,,4.798e-21,2.517e-18,,3.265e-9,,,,,,4.906e-1,,7.190e-19,1.959e+0,2.483e-5,7.316e-18
297.8,3.685e+2,3.549e-22,7.401e-14,3.186e-46,,1.446e-14,,2.068e-21,1.237e-20,,9.736e-17,3.740e-16,2.119e-24,4.442e-3,6.154e-22,6.728e-31,,4.240e-28,8.325e-25,5.895e-14,4.563e-19,5.523e-19,1.321e+0,3.915e+1,7.663e-4,3.293e+0,1.321e+1,3.312e-21,4.342e-1,2.918e+2,1.404e+1,3.486e-29,4.125e-21,1.797e-23,3.458e+0,,,,,,,,,,,4.790e-21,2.518e-18,,1.830e-9,,,,,,4.003e-1,,7.195e-19,1.427e+0,4.045e-5,7.314e-18
297.83,3.803e+2,3.568e-22,3.957e-14,3.188e-46,,1.256e-14,,2.081e-21,1.233e-20,,9.744e-17,1.134e-15,6.941e-25,8.156e-3,6.154e-22,1.943e-31,,4.241e-28,1.398e-24,1.733e-13,4.565e-19,1.084e-18,1.821e+0,4.163e+1,1.169e-3,3.023e+0,1.446e+1,3.203e-21,3.950e-1,2.944e+2,2.053e+1,3.497e-29,4.126e-21,1.799e-23,2.931e+0,,,,,,,,,,,4.779e-21,2.519e-18,,7.553e-10,,,,,,2.903e-1,,7.202e-19,8.735e-1,8.278e-5,7.312e-18
297.85,3.991e+2,3.582e-22,2.628e-14,3.189e-46,,1.145e-14,,2.090e-21,1.231e-20,,9.750e-17,2.352e-15,3.263e-25,1.210e-2,6.154e-22,8.398e-32,,4.242e-28,1.953e-24,3.517e-13,4.566e-19,1.680e-18,2.241e+0,4.290e+1,1.532e-3,2.864e+0,1.524e+1,3.131e-21,3.672e-1,3.057e+2,2.628e+1,3.504e-29,4.127e-21,1.800e-23,2.661e+0,,,,,,,,,,,4.772e-21,2.520e-18,,4.142e-10,,,,,,2.318e-1,,7.207e-19,6.229e-1,1.320e-4,7.310e-18
297.88,4.436e+2,3.602e-22,1.548e-14,3.191e-46,,1.002e-14,,2.103e-21,1.228e-20,,9.759e-17,6.910e-15,1.034e-25,2.151e-2,6.154e-22,2.347e-32,,4.244e-28,3.175e-24,1.001e-12,4.568e-19,3.192e-18,3.016e+0,4.417e+1,2.261e-3,2.658e+0,1.628e+1,3.022e-21,3.244e-1,3.366e+2,3.764e+1,3.514e-29,4.128e-21,1.801e-23,2.389e+0,,,,,,,,,,,4.760e-21,2.522e-18,,1.655e-10,,,,,,1.627e-1,,7.214e-19,3.690e-1,2.616e-4,7.308e-18
297.9,4.842e+2,3.615e-22,1.275e-14,3.192e-46,,9.242e-15,,2.112e-21,1.225e-20,,9.765e-17,1.402e-14,4.758e-26,3.123e-2,6.154e-22,9.926e-33,,4.245e-28,4.343e-24,1.990e-12,4.569e-19,4.846e-18,3.641e+0,4.455e+1,2.901e-3,2.543e+0,1.687e+1,2.949e-21,2.960e-1,3.661e+2,4.748e+1,3.521e-29,4.129e-21,1.802e-23,2.300e+0,,,,,,,,,,,4.753e-21,2.523e-18,,8.881e-11,,,,,,1.271e-1,,7.219e-19,2.575e-1,4.083e-4,7.306e-18
297.93,5.616e+2,3.635e-22,1.480e-14,3.194e-46,,8.334e-15,,2.125e-21,1.222e-20,,9.773e-17,3.990e-14,1.460e-26,5.377e-2,6.154e-22,2.685e-33,,4.246e-28,6.836e-24,5.486e-12,4.571e-19,8.918e-18,4.755e+0,4.441e+1,4.148e-3,2.400e+0,1.756e+1,2.841e-21,2.550e-1,4.231e+2,6.648e+1,3.532e-29,4.130e-21,1.803e-23,2.313e+0,,,,,,,,,,,4.742e-21,2.524e-18,,3.434e-11,,,,,,8.641e-2,,7.226e-19,1.477e-1,7.837e-4,7.303e-18
297.95,6.243e+2,3.648e-22,2.134e-14,3.195e-46,,7.900e-15,,2.134e-21,1.220e-20,,9.779e-17,7.927e-14,6.569e-27,7.641e-2,6.154e-22,1.111e-33,,4.247e-28,9.152e-24,1.067e-11,4.572e-19,1.325e-17,5.622e+0,4.384e+1,5.208e-3,2.322e+0,1.787e+1,2.768e-21,2.293e-1,4.692e+2,8.254e+1,3.539e-29,4.131e-21,1.804e-23,2.424e+0,,,,,,,,,,,4.734e-21,2.525e-18,,1.803e-11,,,,,,6.607e-2,,7.231e-19,1.008e-1,1.197e-3,7.302e-18
297.98,7.351e+2,3.668e-22,4.421e-14,3.197e-46,,7.499e-15,,2.147e-21,1.216e-20,,9.788e-17,2.185e-13,1.951e-27,1.274e-1,6.154e-22,2.908e-34,,4.249e-28,1.395e-23,2.849e-11,4.574e-19,2.362e-17,7.112e+0,4.231e+1,7.211e-3,2.226e+0,1.813e+1,2.659e-21,1.941e-1,5.494e+2,1.128e+2,3.550e-29,4.132e-21,1.806e-23,2.748e+0,,,,,,,,,,,4.723e-21,2.527e-18,,6.749e-12,,,,,,4.347e-2,,7.238e-19,5.597e-2,2.225e-3,7.299e-18
298,8.202e+2,3.681e-22,7.456e-14,3.199e-46,,7.394e-15,,2.156e-21,1.214e-20,,9.793e-17,4.249e-13,8.589e-28,1.772e-1,6.154e-22,1.177e-34,,4.250e-28,1.828e-23,5.426e-11,4.575e-19,3.436e-17,8.231e+0,4.087e+1,8.861e-3,2.171e+0,1.815e+1,2.587e-21,1.734e-1,6.096e+2,1.377e+2,3.557e-29,4.133e-21,1.807e-23,3.072e+0,,,,,,,,,,,4.715e-21,2.528e-18,,3.467e-12,,,,,,3.253e-2,,7.243e-19,3.739e-2,3.328e-3,7.297e-18
298.03,9.644e+2,3.701e-22,1.638e-13,3.201e-46,,7.466e-15,,2.170e-21,1.211e-20,,9.802e-17,1.134e-12,2.468e-28,2.861e-1,6.154e-22,1.301e-34,,4.252e-28,2.698e-23,1.403e-10,4.577e-19,5.932e-17,1.008e+1,3.819e+1,1.188e-2,2.096e+0,1.800e+1,2.478e-21,1.467e-1,7.085e+2,1.833e+2,3.567e-29,4.134e-21,1.808e-23,3.725e+0,,,,,,,,,,,4.704e-21,2.529e-18,,1.256e-12,,,,,,2.071e-2,,7.250e-19,2.009e-2,5.989e-3,7.295e-18
298.05,1.071e+3,3.714e-22,2.749e-13,3.202e-46,,7.659e-15,,2.179e-21,1.208e-20,,9.808e-17,2.159e-12,1.063e-28,3.895e-1,6.154e-22,1.383e-34,,4.253e-28,3.461e-23,2.616e-10,4.578e-19,8.447e-17,1.142e+1,3.611e+1,1.429e-2,2.048e+0,1.779e+1,2.405e-21,1.321e-1,7.792e+2,2.198e+2,3.574e-29,4.135e-21,1.809e-23,4.270e+0,,,,,,,,,,,4.697e-21,2.530e-18,,6.314e-13,,,,,,1.517e-2,,7.255e-19,1.314e-2,8.767e-3,7.293e-18
298.08,1.247e+3,3.734e-22,5.891e-13,3.204e-46,,8.150e-15,,2.192e-21,1.205e-20,,9.817e-17,5.581e-12,2.957e-29,6.090e-1,6.154e-22,1.506e-34,,4.254e-28,4.946e-23,6.552e-10,4.580e-19,1.413e-16,1.355e+1,3.267e+1,1.855e-2,1.973e+0,1.736e+1,2.297e-21,1.150e-1,8.903e+2,2.848e+2,3.585e-29,4.136e-21,1.810e-23,5.249e+0,,,,,,,,,,,4.686e-21,2.532e-18,,2.214e-13,,,,,,9.352e-3,,7.262e-19,6.834e-3,1.528e-2,7.291e-18
298.1,1.373e+3,3.747e-22,9.691e-13,3.205e-46,,8.600e-15,,2.201e-21,1.202e-20,,9.822e-17,1.040e-11,1.247e-29,8.116e-1,6.154e-22,1.589e-34,,4.255e-28,6.210e-23,1.196e-9,4.581e-19,1.969e-16,1.502e+1,3.023e+1,2.184e-2,1.918e+0,1.702e+1,2.224e-21,1.068e-1,9.662e+2,3.353e+2,3.592e-29,4.136e-21,1.811e-23,6.006e+0,,,,,,,,,,,4.678e-21,2.533e-18,,1.089e-13,,,,,,6.701e-3,,7.267e-19,4.373e-3,2.189e-2,7.289e-18
298.12,1.505e+3,3.761e-22,1.581e-12,3.207e-46,,9.139e-15,,2.210e-21,1.200e-20,,9.828e-17,1.922e-11,5.208e-30,1.072e+0,6.154e-22,1.671e-34,,4.256e-28,7.729e-23,2.163e-9,4.583e-19,2.722e-16,1.651e+1,2.774e+1,2.549e-2,1.859e+0,1.666e+1,2.152e-21,1.009e-1,1.042e+3,3.919e+2,3.599e-29,4.137e-21,1.812e-23,6.839e+0,,,,,,,,,,,4.671e-21,2.534e-18,,5.309e-14,,,,,,4.761e-3,,7.272e-19,2.773e-3,3.110e-2,7.287e-18
298.15,1.713e+3,3.780e-22,3.241e-12,3.209e-46,,1.009e-14,,2.223e-21,1.197e-20,,9.837e-17,4.751e-11,1.384e-30,1.603e+0,6.154e-22,1.794e-34,,4.258e-28,1.056e-22,5.182e-9,4.584e-19,4.354e-16,1.873e+1,2.399e+1,3.163e-2,1.760e+0,1.615e+1,2.043e-21,9.622e-2,1.154e+3,4.880e+2,3.609e-29,4.138e-21,1.813e-23,8.214e+0,,,,,,,,,,,4.659e-21,2.535e-18,,1.778e-14,,,,,,2.805e-3,,7.279e-19,1.378e-3,5.183e-2,7.285e-18
298.17,1.856e+3,3.794e-22,5.175e-12,3.210e-46,,1.080e-14,,2.232e-21,1.194e-20,,9.842e-17,8.595e-11,5.657e-31,2.073e+0,6.154e-22,1.877e-34,,4.259e-28,1.286e-22,9.177e-9,4.586e-19,5.891e-16,2.015e+1,2.154e+1,3.613e-2,1.688e+0,1.585e+1,1.970e-21,9.558e-2,1.226e+3,5.594e+2,3.617e-29,4.139e-21,1.814e-23,9.199e+0,,,,,,,,,,,4.652e-21,2.536e-18,,8.485e-15,,,,,,1.950e-3,,7.284e-19,8.556e-4,7.207e-2,7.283e-18
298.2,2.072e+3,3.814e-22,1.028e-11,3.212e-46,,1.194e-14,,2.245e-21,1.191e-20,,9.851e-17,2.058e-10,1.454e-31,3.000e+0,6.154e-22,2.000e-34,,4.260e-28,1.702e-22,2.129e-8,4.587e-19,9.127e-16,2.212e+1,1.805e+1,4.341e-2,1.572e+0,1.552e+1,1.862e-21,9.780e-2,1.324e+3,6.766e+2,3.627e-29,4.140e-21,1.816e-23,1.075e+1,,,,,,,,,,,4.641e-21,2.538e-18,,2.751e-15,,,,,,1.112e-3,,7.292e-19,4.116e-4,1.163e-1,7.280e-18
298.22,2.215e+3,3.827e-22,1.606e-11,3.213e-46,,1.273e-14,,2.254e-21,1.189e-20,,9.857e-17,3.644e-10,1.454e-31,3.797e+0,6.154e-22,2.082e-34,,4.261e-28,2.030e-22,3.691e-8,4.589e-19,1.209e-15,2.329e+1,1.587e+1,4.854e-2,1.491e+0,1.540e+1,1.789e-21,1.010e-1,1.382e+3,7.606e+2,3.634e-29,4.141e-21,1.816e-23,1.180e+1,,,,,,,,,,,4.633e-21,2.539e-18,,1.284e-15,,,,,,7.566e-4,,7.296e-19,2.500e-4,1.583e-1,7.279e-18
298.25,2.421e+3,3.847e-22,3.089e-11,3.215e-46,,1.391e-14,,2.267e-21,1.185e-20,,9.866e-17,8.450e-10,1.454e-31,5.322e+0,6.154e-22,2.206e-34,,4.263e-28,2.601e-22,8.294e-8,4.590e-19,1.814e-15,2.476e+1,1.290e+1,5.647e-2,1.370e+0,1.540e+1,1.680e-21,1.079e-1,1.455e+3,8.929e+2,3.645e-29,4.142e-21,1.818e-23,1.337e+1,,,,,,,,,,,4.622e-21,2.540e-18,,4.030e-16,,,,,,4.177e-4,,7.304e-19,1.164e-4,2.473e-1,7.276e-18
298.27,2.551e+3,3.860e-22,4.726e-11,3.217e-46,,1.467e-14,,2.276e-21,1.183e-20,,9.871e-17,1.465e-9,1.454e-31,6.594e+0,6.153e-22,2.288e-34,,4.264e-28,3.036e-22,1.408e-7,4.592e-19,2.353e-15,2.552e+1,1.112e+1,6.180e-2,1.293e+0,1.551e+1,1.608e-21,1.133e-1,1.492e+3,9.838e+2,3.652e-29,4.143e-21,1.819e-23,1.438e+1,,,,,,,,,,,4.614e-21,2.541e-18,,1.841e-16,,,,,,2.781e-4,,7.309e-19,6.921e-5,3.295e-1,7.275e-18
298.3,2.727e+3,3.880e-22,8.802e-11,3.219e-46,,1.571e-14,,2.289e-21,1.180e-20,,9.880e-17,3.290e-9,1.453e-31,8.949e+0,6.153e-22,2.412e-34,,4.265e-28,3.768e-22,3.064e-7,4.593e-19,3.421e-15,2.627e+1,8.801e+0,6.963e-2,1.186e+0,1.587e+1,1.499e-21,1.222e-1,1.529e+3,1.121e+3,3.662e-29,4.144e-21,1.820e-23,1.578e+1,,,,,,,,,,,4.603e-21,2.543e-18,,5.590e-17,,,,,,1.486e-4,,7.316e-19,3.120e-5,4.986e-1,7.272e-18
298.32,2.829e+3,3.893e-22,1.318e-10,3.220e-46,,1.632e-14,,2.298e-21,1.177e-20,,9.886e-17,5.583e-9,1.453e-31,1.085e+1,6.153e-22,2.494e-34,,4.266e-28,4.306e-22,5.090e-7,4.595e-19,4.344e-15,2.650e+1,7.479e+0,7.458e-2,1.126e+0,1.622e+1,1.426e-21,1.282e-1,1.539e+3,1.210e+3,3.669e-29,4.145e-21,1.821e-23,1.661e+1,,,,,,,,,,,4.596e-21,2.544e-18,,2.498e-17,,,,,,9.683e-5,,7.321e-19,1.815e-5,6.502e-1,7.270e-18
298.35,2.954e+3,3.913e-22,2.378e-10,3.222e-46,,1.704e-14,,2.312e-21,1.174e-20,,9.894e-17,1.215e-8,1.453e-31,1.426e+1,6.153e-22,2.617e-34,,4.268e-28,5.177e-22,1.073e-6,4.596e-19,6.116e-15,2.641e+1,5.831e+0,8.135e-2,1.057e+0,1.689e+1,1.318e-21,1.366e-1,1.534e+3,1.337e+3,3.680e-29,4.146e-21,1.822e-23,1.766e+1,,,,,,,,,,,4.584e-21,2.545e-18,,7.344e-18,,,,,,5.010e-5,,7.328e-19,7.919e-6,9.528e-1,7.268e-18
298.37,3.016e+3,3.926e-22,3.486e-10,3.223e-46,,1.739e-14,,2.320e-21,1.172e-20,,9.900e-17,2.018e-8,1.452e-31,1.693e+1,6.153e-22,2.700e-34,,4.269e-28,5.792e-22,1.745e-6,4.598e-19,7.603e-15,2.608e+1,4.947e+0,8.529e-2,1.030e+0,1.741e+1,1.245e-21,1.416e-1,1.516e+3,1.414e+3,3.687e-29,4.147e-21,1.823e-23,1.820e+1,,,,,,,,,,,4.577e-21,2.546e-18,,3.212e-18,,,,,,3.194e-5,,7.333e-19,4.507e-6,1.216e+0,7.266e-18
298.4,3.074e+3,3.946e-22,6.090e-10,3.225e-46,,1.767e-14,,2.334e-21,1.168e-20,,9.909e-17,4.251e-8,1.452e-31,2.155e+1,6.153e-22,2.823e-34,,4.271e-28,6.748e-22,3.563e-6,4.599e-19,1.037e-14,2.517e+1,3.929e+0,9.009e-2,1.021e+0,1.826e+1,1.136e-21,1.475e-1,1.468e+3,1.515e+3,3.698e-29,4.148e-21,1.825e-23,1.873e+1,,,,,,,,,,,4.566e-21,2.548e-18,,9.138e-19,,,,,,1.600e-5,,7.340e-19,1.904e-6,1.726e+0,7.264e-18
298.42,3.088e+3,3.959e-22,8.740e-10,3.226e-46,,1.768e-14,,2.343e-21,1.166e-20,,9.915e-17,6.913e-8,1.452e-31,2.503e+1,6.153e-22,2.906e-34,,4.272e-28,7.394e-22,5.674e-6,4.601e-19,1.262e-14,2.432e+1,3.444e+0,9.244e-2,1.040e+0,1.885e+1,1.064e-21,1.503e-1,1.424e+3,1.570e+3,3.705e-29,4.149e-21,1.826e-23,1.889e+1,,,,,,,,,,,4.558e-21,2.549e-18,,3.910e-19,,,,,,9.982e-6,,7.345e-19,1.060e-6,2.156e+0,7.262e-18
298.45,3.070e+3,3.979e-22,1.479e-9,3.228e-46,,1.744e-14,,2.356e-21,1.162e-20,,9.923e-17,1.411e-7,1.451e-31,3.085e+1,6.153e-22,3.029e-34,,4.273e-28,8.353e-22,1.122e-5,4.603e-19,1.668e-14,2.272e+1,2.990e+0,9.455e-2,1.109e+0,1.971e+1,9.551e-22,1.522e-1,1.340e+3,1.631e+3,3.715e-29,4.150e-21,1.827e-23,1.883e+1,,,,,,,,,,,4.547e-21,2.550e-18,,1.077e-19,,,,,,4.840e-6,,7.352e-19,4.336e-7,2.963e+0,7.259e-18
298.47,3.033e+3,3.992e-22,2.077e-9,3.230e-46,,1.710e-14,,2.365e-21,1.160e-20,,9.929e-17,2.246e-7,1.451e-31,3.508e+1,6.153e-22,3.111e-34,,4.274e-28,8.971e-22,1.749e-5,4.604e-19,1.988e-14,2.149e+1,2.860e+0,9.496e-2,1.184e+0,2.024e+1,8.826e-22,1.520e-1,1.274e+3,1.655e+3,3.722e-29,4.151e-21,1.828e-23,1.859e+1,,,,,,,,,,,4.539e-21,2.551e-18,,4.508e-20,,,,,,2.955e-6,,7.357e-19,2.363e-7,3.624e+0,7.258e-18
298.49,2.976e+3,4.006e-22,2.893e-9,3.231e-46,,1.664e-14,,2.374e-21,1.158e-20,,9.935e-17,3.546e-7,1.451e-31,3.956e+1,6.153e-22,3.194e-34,,4.275e-28,9.559e-22,2.704e-5,4.605e-19,2.348e-14,2.015e+1,2.863e+0,9.455e-2,1.282e+0,2.074e+1,8.101e-22,1.506e-1,1.203e+3,1.666e+3,3.729e-29,4.151e-21,1.829e-23,1.820e+1,,,,,,,,,,,4.532e-21,2.552e-18,,1.871e-20,,,,,,1.789e-6,,7.362e-19,1.277e-7,4.394e+0,7.256e-18
298.52,2.857e+3,4.026e-22,4.681e-9,3.233e-46,,1.572e-14,,2.387e-21,1.154e-20,,9.943e-17,6.921e-7,1.450e-31,4.661e+1,6.153e-22,3.317e-34,,4.277e-28,1.037e-21,5.114e-5,4.607e-19,2.968e-14,1.800e+1,3.110e+0,9.244e-2,1.476e+0,2.137e+1,7.013e-22,1.462e-1,1.087e+3,1.657e+3,3.740e-29,4.152e-21,1.830e-23,1.734e+1,,,,,,,,,,,4.521e-21,2.553e-18,,4.922e-21,,,,,,8.288e-7,,7.369e-19,4.988e-8,5.772e+0,7.253e-18
298.54,2.758e+3,4.039e-22,6.382e-9,3.234e-46,,1.498e-14,,2.396e-21,1.152e-20,,9.949e-17,1.070e-6,1.450e-31,5.143e+1,6.153e-22,3.399e-34,,4.278e-28,1.085e-21,7.739e-5,4.608e-19,3.434e-14,1.651e+1,3.433e+0,9.009e-2,1.634e+0,2.170e+1,6.288e-22,1.418e-1,1.007e+3,1.633e+3,3.747e-29,4.153e-21,1.831e-23,1.661e+1,,,,,,,,,,,4.513e-21,2.554e-18,,1.999e-21,,,,,,4.909e-7,,7.374e-19,2.637e-8,6.851e+0,7.252e-18
298.57,2.584e+3,4.059e-22,9.998e-9,3.236e-46,,1.371e-14,,2.409e-21,1.149e-20,,9.958e-17,2.022e-6,1.450e-31,5.868e+1,6.153e-22,3.523e-34,,4.279e-28,1.147e-21,1.418e-4,4.610e-19,4.205e-14,1.428e+1,4.153e+0,8.529e-2,1.914e+0,2.208e+1,5.200e-22,1.334e-1,8.846e+2,1.574e+3,3.757e-29,4.154e-21,1.832e-23,1.532e+1,,,,,,,,,,,4.502e-21,2.556e-18,,1.999e-21,,,,,,2.202e-7,,7.381e-19,9.974e-9,8.716e+0,7.249e-18
298.59,2.455e+3,4.072e-22,1.334e-8,3.238e-46,,1.279e-14,,2.418e-21,1.146e-20,,9.964e-17,3.060e-6,1.450e-31,6.339e+1,6.153e-22,3.605e-34,,4.280e-28,1.182e-21,2.101e-4,4.611e-19,4.762e-14,1.283e+1,4.788e+0,8.135e-2,2.126e+0,2.223e+1,4.475e-22,1.268e-1,8.045e+2,1.520e+3,3.765e-29,4.155e-21,1.833e-23,1.437e+1,,,,,,,,,,,4.495e-21,2.557e-18,,2.000e-21,,,,,,1.276e-7,,7.386e-19,5.160e-9,1.013e+1,7.247e-18
298.62,2.246e+3,4.092e-22,2.025e-8,3.240e-46,,1.135e-14,,2.431e-21,1.143e-20,,9.972e-17,5.604e-6,1.449e-31,7.003e+1,6.153e-22,3.729e-34,,4.282e-28,1.224e-21,3.729e-4,4.613e-19,5.650e-14,1.074e+1,5.971e+0,7.458e-2,2.476e+0,2.235e+1,3.387e-22,1.157e-1,6.892e+2,1.420e+3,2.771e-28,4.156e-21,1.835e-23,1.284e+1,,,,,,,,,,,4.483e-21,2.558e-18,,2.000e-21,,,,,,5.542e-8,,7.393e-19,1.889e-9,1.248e+1,7.245e-18
298.64,2.101e+3,4.105e-22,2.645e-8,3.241e-46,,1.036e-14,,2.440e-21,1.141e-20,,9.978e-17,8.301e-6,1.449e-31,7.404e+1,6.153e-22,3.811e-34,,4.283e-28,1.248e-21,5.409e-4,4.614e-19,6.265e-14,9.444e+0,6.910e+0,6.963e-2,2.727e+0,2.234e+1,2.662e-22,1.077e-1,6.170e+2,1.343e+3,6.862e-28,4.157e-21,1.835e-23,1.178e+1,,,,,,,,,,,4.476e-21,2.559e-18,,2.000e-21,,,,,,3.144e-8,,7.398e-19,9.564e-10,1.419e+1,7.243e-18
298.67,1.882e+3,4.125e-22,3.887e-8,3.243e-46,,8.903e-15,,2.453e-21,1.137e-20,,9.987e-17,1.473e-5,1.448e-31,7.921e+1,6.153e-22,3.934e-34,,4.284e-28,1.280e-21,9.301e-4,4.616e-19,7.201e-14,7.659e+0,8.533e+0,6.180e-2,3.122e+0,2.224e+1,1.012e-21,9.534e-2,5.180e+2,1.215e+3,2.544e-27,4.158e-21,1.837e-23,1.019e+1,,,,,,,,,,,4.465e-21,2.561e-18,,2.001e-21,,,,,,1.322e-8,,7.405e-19,3.390e-10,1.693e+1,7.241e-18
298.69,1.737e+3,4.138e-22,4.971e-8,3.244e-46,,7.960e-15,,2.462e-21,1.135e-20,,9.992e-17,2.136e-5,1.448e-31,8.198e+1,6.153e-22,4.017e-34,,4.285e-28,1.301e-21,1.321e-3,4.617e-19,7.819e-14,6.589e+0,9.747e+0,5.647e-2,3.393e+0,2.212e+1,2.439e-21,8.711e-2,4.590e+2,1.126e+3,6.029e-27,4.159e-21,1.838e-23,9.152e+0,,,,,,,,,,,4.457e-21,2.562e-18,,2.001e-21,,,,,,7.336e-9,,7.410e-19,1.679e-10,1.884e+1,7.239e-18
298.72,1.527e+3,4.158e-22,7.075e-8,3.246e-46,,6.622e-15,,2.476e-21,1.131e-20,,1.000e-16,3.673e-5,1.448e-31,8.493e+1,6.153e-22,4.140e-34,,4.287e-28,1.337e-21,2.201e-3,4.619e-19,8.707e-14,5.174e+0,1.174e+1,4.854e-2,3.800e+0,2.186e+1,8.984e-21,7.516e-2,3.820e+2,9.877e+2,2.165e-26,4.160e-21,1.839e-23,7.666e+0,,,,,,,,,,,4.446e-21,2.563e-18,,2.001e-21,,,,,,2.985e-9,,7.418e-19,5.761e-11,2.177e+1,7.236e-18
298.74,1.394e+3,4.171e-22,8.856e-8,3.248e-46,,5.796e-15,,2.484e-21,1.129e-20,,1.001e-16,5.215e-5,1.448e-31,8.603e+1,6.153e-22,4.222e-34,,4.288e-28,1.369e-21,3.061e-3,4.620e-19,9.257e-14,4.356e+0,1.316e+1,4.341e-2,4.066e+0,2.165e+1,2.120e-20,6.767e-2,3.387e+2,8.958e+2,5.024e-26,4.161e-21,1.840e-23,6.740e+0,,,,,,,,,,,4.438e-21,2.564e-18,,2.002e-21,,,,,,1.622e-9,,7.422e-19,2.793e-11,2.371e+1,7.235e-18
298.77,1.210e+3,4.191e-22,1.221e-7,3.250e-46,,4.669e-15,,2.498e-21,1.126e-20,,1.002e-16,8.688e-5,1.447e-31,8.630e+1,6.153e-22,4.346e-34,,4.290e-28,1.436e-21,4.942e-3,4.622e-19,9.987e-14,3.312e+0,1.539e+1,3.613e-2,4.450e+0,2.128e+1,7.565e-20,5.746e-2,2.857e+2,7.618e+2,1.748e-25,4.162e-21,1.841e-23,5.467e+0,,,,,,,,,,,4.427e-21,2.566e-18,,2.002e-21,,,,,,6.388e-10,,7.430e-19,9.274e-12,2.653e+1,7.232e-18
298.79,1.099e+3,4.204e-22,1.496e-7,3.251e-46,,4.000e-15,,2.507e-21,1.123e-20,,1.002e-16,1.208e-4,1.447e-31,8.557e+1,6.152e-22,4.428e-34,,4.291e-28,1.496e-21,6.730e-3,4.623e-19,1.040e-13,2.730e+0,1.690e+1,3.163e-2,4.692e+0,2.100e+1,1.748e-19,5.147e-2,2.583e+2,6.766e+2,3.972e-25,4.163e-21,1.842e-23,4.706e+0,,,,,,,,,,,4.420e-21,2.567e-18,,2.002e-21,,,,,,3.396e-10,,7.435e-19,4.399e-12,2.829e+1,7.231e-18
298.82,9.506e+2,4.224e-22,1.997e-7,3.253e-46,,3.121e-15,,2.520e-21,1.120e-20,,1.003e-16,1.950e-4,1.447e-31,8.313e+1,6.152e-22,4.552e-34,,4.292e-28,1.618e-21,1.053e-2,4.625e-19,1.087e-13,2.009e+0,1.915e+1,2.549e-2,5.025e+0,2.051e+1,6.041e-19,4.395e-2,2.287e+2,5.577e+2,1.339e-24,4.164e-21,1.844e-23,3.698e+0,,,,,,,,,,,4.408e-21,2.568e-18,,2.003e-21,,,,,,1.295e-10,,7.442e-19,1.414e-12,3.066e+1,7.228e-18
298.84,8.648e+2,4.238e-22,2.395e-7,3.254e-46,,2.616e-15,,2.529e-21,1.118e-20,,1.004e-16,2.656e-4,1.446e-31,8.067e+1,6.152e-22,4.634e-34,,4.293e-28,1.723e-21,1.405e-2,4.626e-19,1.108e-13,1.621e+0,2.059e+1,2.184e-2,5.226e+0,2.014e+1,1.367e-18,3.999e-2,2.163e+2,4.851e+2,2.979e-24,4.165e-21,1.845e-23,3.117e+0,,,,,,,,,,,4.401e-21,2.569e-18,,2.003e-21,,,,,,6.736e-11,,7.447e-19,6.565e-13,3.200e+1,7.226e-18
298.86,7.898e+2,4.251e-22,2.849e-7,3.256e-46,,2.175e-15,,2.538e-21,1.115e-20,,1.004e-16,3.587e-4,1.446e-31,7.762e+1,6.152e-22,4.716e-34,,4.294e-28,1.851e-21,1.858e-2,4.627e-19,1.120e-13,1.296e+0,2.196e+1,1.855e-2,5.409e+0,1.973e+1,3.065e-18,3.693e-2,2.095e+2,4.185e+2,6.572e-24,4.165e-21,1.845e-23,2.607e+0,,,,,,,,,,,4.393e-21,2.570e-18,,2.003e-21,,,,,,3.474e-11,,7.452e-19,3.021e-13,3.311e+1,7.225e-18
298.89,6.973e+2,4.271e-22,3.636e-7,3.258e-46,,1.622e-15,,2.551e-21,1.112e-20,,1.005e-16,5.543e-4,1.446e-31,7.209e+1,6.152e-22,4.840e-34,,4.296e-28,2.086e-21,2.783e-2,4.629e-19,1.120e-13,9.121e-1,2.379e+1,1.429e-2,5.648e+0,1.902e+1,1.014e-17,3.408e-2,2.093e+2,3.301e+2,2.120e-23,4.166e-21,1.847e-23,1.965e+0,,,,,,,,,,,4.382e-21,2.572e-18,,2.004e-21,,,,,,1.266e-11,,7.459e-19,9.280e-14,3.431e+1,7.222e-18
298.91,6.488e+2,4.284e-22,4.233e-7,3.259e-46,,1.320e-15,,2.560e-21,1.110e-20,,1.006e-16,7.333e-4,1.445e-31,6.789e+1,6.152e-22,4.922e-34,,4.297e-28,2.273e-21,3.606e-2,4.630e-19,1.108e-13,7.139e-1,2.483e+1,1.188e-2,5.785e+0,1.848e+1,2.226e-17,3.337e-2,2.157e+2,2.789e+2,4.578e-23,4.167e-21,1.848e-23,1.614e+0,,,,,,,,,,,4.375e-21,2.573e-18,,2.004e-21,,,,,,6.389e-12,,7.464e-19,4.179e-14,3.475e+1,7.220e-18
298.94,5.952e+2,4.304e-22,5.232e-7,3.261e-46,,9.532e-16,,2.573e-21,1.106e-20,,1.006e-16,1.099e-3,1.445e-31,6.105e+1,6.152e-22,5.046e-34,,4.298e-28,2.598e-21,5.238e-2,4.632e-19,1.074e-13,4.864e-1,2.605e+1,8.861e-3,5.960e+0,1.757e+1,7.130e-17,3.409e-2,2.347e+2,2.133e+2,1.431e-22,4.168e-21,1.849e-23,1.190e+0,,,,,,,,,,,4.364e-21,2.574e-18,,2.004e-21,,,,,,2.254e-12,,7.471e-19,1.243e-14,3.486e+1,7.218e-18
298.96,5.719e+2,4.317e-22,5.963e-7,3.262e-46,,7.591e-16,,2.582e-21,1.104e-20,,1.007e-16,1.424e-3,1.445e-31,5.628e+1,6.152e-22,5.128e-34,,4.299e-28,2.841e-21,6.649e-2,4.633e-19,1.041e-13,3.726e-1,2.662e+1,7.211e-3,6.060e+0,1.690e+1,1.533e-16,3.574e-2,2.535e+2,1.765e+2,3.026e-22,4.169e-21,1.850e-23,9.673e-1,,,,,,,,,,,4.356e-21,2.575e-18,,2.005e-21,,,,,,1.113e-12,,7.476e-19,5.476e-15,3.456e+1,7.216e-18
298.99,5.546e+2,4.337e-22,7.138e-7,3.264e-46,,5.308e-16,,2.595e-21,1.100e-20,,1.008e-16,2.070e-3,1.444e-31,4.901e+1,6.152e-22,5.251e-34,,4.301e-28,3.240e-21,9.367e-2,4.635e-19,9.774e-14,2.459e-1,2.705e+1,5.208e-3,6.190e+0,1.578e+1,4.757e-16,3.992e-2,2.911e+2,1.308e+2,9.159e-22,4.170e-21,1.851e-23,7.122e-1,,,,,,,,,,,4.345e-21,2.577e-18,,2.005e-21,,,,,,3.801e-13,,7.483e-19,1.576e-15,3.358e+1,7.214e-18
299.01,5.546e+2,4.350e-22,7.963e-7,3.265e-46,,4.137e-16,,2.604e-21,1.098e-20,,1.008e-16,2.629e-3,1.444e-31,4.422e+1,6.152e-22,5.334e-34,,4.302e-28,3.523e-21,1.165e-1,4.636e-19,9.275e-14,1.845e-1,2.705e+1,4.148e-3,6.267e+0,1.497e+1,1.001e-15,4.377e-2,3.225e+2,1.060e+2,1.897e-21,4.171e-21,1.852e-23,5.873e-1,,,,,,,,,,,4.337e-21,2.578e-18,,2.005e-21,,,,,,1.837e-13,,7.488e-19,6.796e-16,3.259e+1,7.212e-18
299.04,5.707e+2,4.370e-22,9.233e-7,3.267e-46,,2.801e-16,,2.617e-21,1.095e-20,,1.009e-16,3.707e-3,1.444e-31,3.729e+1,6.152e-22,5.457e-34,,4.303e-28,3.960e-21,1.593e-1,4.638e-19,8.440e-14,1.180e-1,2.662e+1,2.901e-3,6.376e+0,1.367e+1,3.011e-15,5.104e-2,3.791e+2,7.616e+1,5.563e-21,4.172e-21,1.854e-23,4.572e-1,,,,,,,,,,,4.326e-21,2.579e-18,,2.006e-21,,,,,,6.074e-14,,7.495e-19,1.893e-16,3.066e+1,7.209e-18
299.06,5.919e+2,4.383e-22,1.008e-6,3.269e-46,,2.137e-16,,2.626e-21,1.092e-20,,1.010e-16,4.615e-3,1.444e-31,3.294e+1,6.152e-22,5.539e-34,,4.305e-28,4.251e-21,1.943e-1,4.639e-19,7.843e-14,8.687e-2,2.605e+1,2.261e-3,6.449e+0,1.277e+1,6.205e-15,5.677e-2,4.233e+2,6.046e+1,1.128e-20,4.173e-21,1.854e-23,4.034e-1,,,,,,,,,,,4.319e-21,2.580e-18,,2.006e-21,,,,,,2.873e-14,,7.500e-19,7.990e-17,2.912e+1,7.208e-18
299.09,6.382e+2,4.403e-22,1.132e-6,3.271e-46,,1.401e-16,,2.640e-21,1.089e-20,,1.011e-16,6.318e-3,1.443e-31,2.690e+1,6.152e-22,5.663e-34,,4.306e-28,4.674e-21,2.578e-1,4.641e-19,6.916e-14,5.434e-2,2.483e+1,1.532e-3,6.565e+0,1.138e+1,1.807e-14,6.646e-2,4.991e+2,4.211e+1,3.205e-20,4.174e-21,1.856e-23,3.648e-1,,,,,,,,,,,4.307e-21,2.582e-18,,2.006e-21,,,,,,9.193e-15,,7.507e-19,2.155e-17,2.653e+1,7.205e-18
299.11,6.782e+2,4.416e-22,1.210e-6,3.272e-46,,1.046e-16,,2.649e-21,1.087e-20,,1.011e-16,7.713e-3,1.443e-31,2.325e+1,6.152e-22,5.745e-34,,4.307e-28,4.936e-21,3.082e-1,4.642e-19,6.293e-14,3.975e-2,2.379e+1,1.169e-3,6.651e+0,1.045e+1,3.647e-14,7.350e-2,5.558e+2,3.275e+1,6.364e-20,4.175e-21,1.857e-23,3.639e-1,,,,,,,,,,,4.300e-21,2.583e-18,,2.006e-21,,,,,,4.255e-15,,7.512e-19,8.898e-18,2.467e+1,7.203e-18
299.14,7.505e+2,4.436e-22,1.316e-6,3.274e-46,,6.642e-17,,2.662e-21,1.083e-20,,1.012e-16,1.026e-2,1.442e-31,1.839e+1,6.152e-22,5.869e-34,,4.309e-28,5.283e-21,3.973e-1,4.644e-19,5.378e-14,2.552e-2,2.195e+1,7.663e-4,6.798e+0,9.066e+0,1.029e-13,8.460e-2,6.495e+2,2.211e+1,1.752e-19,4.176e-21,1.858e-23,3.955e-1,,,,,,,,,,,4.289e-21,2.584e-18,,2.007e-21,,,,,,1.318e-15,,7.519e-19,2.323e-18,2.177e+1,7.201e-18
299.16,8.059e+2,4.450e-22,1.377e-6,3.275e-46,,4.854e-17,,2.671e-21,1.081e-20,,1.013e-16,1.229e-2,1.442e-31,1.556e+1,6.152e-22,5.951e-34,,4.310e-28,5.475e-21,4.661e-1,4.645e-19,4.792e-14,1.993e-2,2.059e+1,5.722e-4,6.911e+0,8.169e+0,2.033e-13,9.217e-2,7.170e+2,1.685e+1,3.406e-19,4.177e-21,1.859e-23,4.369e-1,,,,,,,,,,,4.281e-21,2.585e-18,,2.007e-21,,,,,,5.971e-16,,7.524e-19,2.373e-18,1.981e+1,7.199e-18
299.19,8.976e+2,4.469e-22,1.450e-6,3.277e-46,,2.984e-17,,2.684e-21,1.077e-20,,1.014e-16,1.589e-2,1.442e-31,1.191e+1,6.152e-22,6.074e-34,,4.311e-28,5.691e-21,5.839e-1,4.647e-19,3.968e-14,1.614e-2,1.840e+1,3.633e-4,7.108e+0,6.887e+0,5.557e-13,1.034e-1,8.241e+2,1.103e+1,9.085e-19,4.178e-21,1.860e-23,5.275e-1,,,,,,,,,,,4.270e-21,2.587e-18,,2.007e-21,,,,,,1.791e-16,,7.532e-19,2.448e-18,1.693e+1,7.197e-18
299.21,9.631e+2,4.483e-22,1.485e-6,3.279e-46,,2.134e-17,,2.693e-21,1.075e-20,,1.014e-16,1.868e-2,1.442e-31,9.865e+0,6.152e-22,6.157e-34,,4.312e-28,5.781e-21,6.724e-1,4.649e-19,3.463e-14,1.632e-2,1.689e+1,2.656e-4,7.259e+0,6.085e+0,1.075e-12,1.105e-1,8.983e+2,8.236e+0,1.729e-18,4.179e-21,1.861e-23,6.061e-1,,,,,,,,,,,4.262e-21,2.588e-18,,2.008e-21,,,,,,7.937e-17,,7.536e-19,2.498e-18,1.508e+1,7.195e-18
299.24,1.065e+3,4.503e-22,1.515e-6,3.281e-46,,1.270e-17,,2.706e-21,1.072e-20,,1.015e-16,2.350e-2,1.441e-31,7.316e+0,6.152e-22,6.280e-34,,4.314e-28,5.828e-21,8.196e-1,4.650e-19,2.779e-14,2.076e-2,1.462e+1,1.633e-4,7.517e+0,4.980e+0,2.846e-12,1.203e-1,1.011e+3,5.236e+0,4.469e-18,4.180e-21,1.863e-23,7.504e-1,,,,,,,,,,,4.251e-21,2.589e-18,,2.008e-21,,,,,,2.304e-17,,7.544e-19,2.574e-18,1.248e+1,7.192e-18
299.26,1.133e+3,4.516e-22,1.519e-6,3.282e-46,,8.894e-18,,2.715e-21,1.069e-20,,1.016e-16,2.715e-2,1.441e-31,5.930e+0,6.152e-22,6.363e-34,,4.315e-28,5.799e-21,9.269e-1,4.652e-19,2.375e-14,2.693e-2,1.314e+1,1.168e-4,7.710e+0,4.313e+0,5.391e-12,1.260e-1,1.085e+3,3.835e+0,8.328e-18,4.181e-21,1.864e-23,8.637e-1,,,,,,,,,,,4.244e-21,2.590e-18,,2.008e-21,,,,,,9.995e-18,,7.548e-19,2.624e-18,1.088e+1,7.191e-18
299.28,1.200e+3,4.529e-22,1.510e-6,3.283e-46,,6.173e-18,,2.724e-21,1.067e-20,,1.016e-16,3.114e-2,1.441e-31,4.766e+0,6.152e-22,6.445e-34,,4.316e-28,5.722e-21,1.041e+0,4.653e-19,2.012e-14,3.632e-2,1.170e+1,8.284e-5,7.921e+0,3.705e+0,1.012e-11,1.309e-1,1.158e+3,2.792e+0,1.539e-17,4.181e-21,1.864e-23,9.902e-1,,,,,,,,,,,4.236e-21,2.591e-18,,2.009e-21,,,,,,4.298e-18,,7.553e-19,2.674e-18,9.405e+0,7.189e-18
299.31,1.295e+3,4.549e-22,1.473e-6,3.285e-46,,3.513e-18,,2.737e-21,1.064e-20,,1.017e-16,3.778e-2,1.440e-31,3.379e+0,6.151e-22,6.568e-34,,4.317e-28,5.520e-21,1.223e+0,4.655e-19,1.546e-14,5.846e-2,9.684e+0,4.869e-5,8.267e+0,2.904e+0,2.564e-11,1.364e-1,1.259e+3,1.723e+0,3.805e-17,4.182e-21,1.866e-23,1.203e+0,,,,,,,,,,,4.225e-21,2.593e-18,,2.009e-21,,,,,,1.192e-18,,7.561e-19,2.749e-18,7.439e+0,7.187e-18
299.33,1.353e+3,4.562e-22,1.433e-6,3.287e-46,,2.386e-18,,2.746e-21,1.061e-20,,1.018e-16,4.262e-2,1.440e-31,2.658e+0,6.151e-22,6.651e-34,,4.318e-28,5.333e-21,1.351e+0,4.656e-19,1.283e-14,8.045e-2,8.445e+0,3.380e-5,8.516e+0,2.444e+0,4.715e-11,1.387e-1,1.320e+3,1.253e+0,6.885e-17,4.183e-21,1.867e-23,1.359e+0,,,,,,,,,,,4.218e-21,2.594e-18,,2.009e-21,,,,,,5.018e-19,,7.565e-19,2.799e-18,6.295e+0,7.185e-18
299.36,1.427e+3,4.582e-22,1.354e-6,3.289e-46,,1.315e-18,,2.759e-21,1.058e-20,,1.019e-16,5.045e-2,1.440e-31,1.824e+0,6.151e-22,6.774e-34,,4.320e-28,4.984e-21,1.550e+0,4.658e-19,9.547e-15,1.287e-1,6.767e+0,1.924e-5,8.912e+0,1.857e+0,1.157e-10,1.401e-1,1.399e+3,8.038e-1,1.649e-16,4.184e-21,1.868e-23,1.611e+0,,,,,,,,,,,4.206e-21,2.595e-18,,2.010e-21,,,,,,1.348e-19,,7.573e-19,2.875e-18,4.822e+0,7.182e-18
299.38,1.467e+3,4.595e-22,1.289e-6,3.290e-46,,8.748e-19,,2.768e-21,1.056e-20,,1.019e-16,5.601e-2,1.439e-31,1.405e+0,6.151e-22,6.856e-34,,4.321e-28,4.714e-21,1.685e+0,4.659e-19,7.760e-15,1.746e-1,5.776e+0,1.307e-5,9.187e+0,1.530e+0,2.083e-10,1.395e-1,1.441e+3,6.328e-1,2.922e-16,4.185e-21,1.869e-23,1.789e+0,,,,,,,,,,,4.199e-21,2.596e-18,,2.010e-21,,,,,,5.549e-20,,7.578e-19,2.925e-18,3.994e+0,7.181e-18
299.41,1.511e+3,4.615e-22,1.179e-6,3.292e-46,,4.677e-19,,2.782e-21,1.052e-20,,1.020e-16,6.477e-2,1.439e-31,9.339e-1,6.151e-22,6.980e-34,,4.322e-28,4.268e-21,1.889e+0,4.661e-19,5.597e-15,2.716e-1,4.483e+0,7.202e-6,9.608e+0,1.126e+0,4.952e-10,1.364e-1,1.487e+3,5.241e-1,6.783e-16,4.186e-21,1.870e-23,2.065e+0,,,,,,,,,,,4.188e-21,2.598e-18,,2.010e-21,,,,,,1.443e-20,,7.585e-19,3.000e-18,2.963e+0,7.178e-18
299.43,1.529e+3,4.628e-22,1.100e-6,3.293e-46,,3.057e-19,,2.790e-21,1.050e-20,,1.021e-16,7.083e-2,1.439e-31,7.038e-1,6.151e-22,7.062e-34,,4.324e-28,3.952e-21,2.024e+0,4.662e-19,4.455e-15,3.610e-1,3.745e+0,4.789e-6,9.889e+0,9.087e-1,8.728e-10,1.329e-1,1.506e+3,5.377e-1,1.177e-15,4.187e-21,1.871e-23,2.252e+0,,,,,,,,,,,4.180e-21,2.599e-18,,2.011e-21,,,,,,1.439e-20,,7.590e-19,3.050e-18,2.402e+0,7.176e-18
299.46,1.538e+3,4.648e-22,9.742e-7,3.295e-46,,1.609e-19,,2.804e-21,1.046e-20,,1.021e-16,8.010e-2,1.438e-31,4.531e-1,6.151e-22,7.186e-34,,4.325e-28,3.465e-21,2.223e+0,4.664e-19,3.115e-15,5.445e-1,2.815e+0,2.556e-6,1.030e+1,6.481e-1,2.010e-9,1.259e-1,1.516e+3,6.860e-1,2.646e-15,4.188e-21,1.873e-23,2.528e+0,,,,,,,,,,,4.169e-21,2.600e-18,,2.011e-21,,,,,,1.433e-20,,7.597e-19,3.125e-18,1.726e+0,7.174e-18
299.48,1.533e+3,4.662e-22,8.892e-7,3.296e-46,,1.061e-19,,2.813e-21,1.044e-20,,1.022e-16,8.633e-2,1.438e-31,3.342e-1,6.151e-22,7.268e-34,,4.326e-28,3.140e-21,2.352e+0,4.665e-19,2.428e-15,7.085e-1,2.302e+0,1.663e-6,1.056e+1,5.119e-1,3.469e-9,1.201e-1,1.512e+3,8.808e-1,4.494e-15,4.189e-21,1.874e-23,2.706e+0,,,,,,,,,,,4.161e-21,2.601e-18,,2.011e-21,,,,,,1.429e-20,,7.602e-19,3.175e-18,1.370e+0,7.172e-18
299.51,1.511e+3,4.681e-22,7.630e-7,3.298e-46,,6.144e-20,,2.826e-21,1.041e-20,,1.023e-16,9.559e-2,1.438e-31,2.083e-1,6.151e-22,7.391e-34,,4.328e-28,2.667e-21,2.536e+0,4.667e-19,1.645e-15,1.035e+0,1.675e+0,8.595e-7,1.093e+1,3.537e-1,7.740e-9,1.101e-1,1.489e+3,1.355e+0,9.791e-15,4.190e-21,1.875e-23,2.956e+0,,,,,,,,,,,4.150e-21,2.602e-18,,2.012e-21,,,,,,1.423e-20,,7.609e-19,3.251e-18,9.528e-1,7.170e-18
299.53,1.489e+3,4.695e-22,6.816e-7,3.300e-46,,4.822e-20,,2.835e-21,1.038e-20,,1.023e-16,1.016e-1,1.438e-31,1.504e-1,6.151e-22,7.474e-34,,4.329e-28,2.366e-21,2.653e+0,4.668e-19,1.256e-15,1.319e+0,1.341e+0,5.475e-7,1.114e+1,2.735e-1,1.308e-8,1.029e-1,1.466e+3,1.827e+0,1.628e-14,4.191e-21,1.876e-23,3.106e+0,,,,,,,,,,,4.143e-21,2.603e-18,,2.012e-21,,,,,,1.419e-20,,7.614e-19,3.301e-18,7.401e-1,7.168e-18
299.56,1.446e+3,4.715e-22,5.664e-7,3.302e-46,,4.565e-20,,2.848e-21,1.035e-20,,1.024e-16,1.102e-1,1.437e-31,9.080e-2,6.151e-22,7.597e-34,,4.330e-28,1.946e-21,2.816e+0,4.670e-19,8.248e-16,1.867e+0,9.451e-1,2.739e-7,1.142e+1,1.830e-1,2.827e-8,9.138e-2,1.422e+3,2.853e+0,3.437e-14,4.192e-21,1.877e-23,3.298e+0,,,,,,,,,,,4.131e-21,2.605e-18,,2.012e-21,,,,,,1.413e-20,,7.621e-19,3.376e-18,4.986e-1,7.165e-18
299.58,1.414e+3,4.728e-22,4.954e-7,3.303e-46,,5.389e-20,,2.857e-21,1.033e-20,,1.025e-16,1.155e-1,1.437e-31,6.417e-2,6.151e-22,7.679e-34,,4.331e-28,1.690e-21,2.918e+0,4.671e-19,6.167e-16,2.328e+0,7.405e-1,1.708e-7,1.158e+1,1.385e-1,4.676e-8,8.354e-2,1.389e+3,3.814e+0,5.597e-14,4.193e-21,1.878e-23,3.401e+0,,,,,,,,,,,4.124e-21,2.606e-18,,2.013e-21,,,,,,1.409e-20,,7.626e-19,3.426e-18,3.791e-1,7.164e-18
299.61,1.366e+3,4.748e-22,3.987e-7,3.305e-46,,8.240e-20,,2.870e-21,1.029e-20,,1.026e-16,1.227e-1,1.437e-31,3.751e-2,6.151e-22,7.803e-34,,4.333e-28,1.346e-21,3.058e+0,4.673e-19,3.925e-16,3.191e+0,5.055e-1,8.274e-8,1.175e+1,8.977e-2,9.791e-8,7.187e-2,1.338e+3,5.816e+0,1.145e-13,4.194e-21,1.879e-23,3.511e+0,,,,,,,,,,,4.113e-21,2.607e-18,,2.013e-21,,,,,,1.403e-20,,7.633e-19,3.501e-18,2.473e-1,7.161e-18
299.63,1.337e+3,4.761e-22,3.413e-7,3.306e-46,,1.150e-19,,2.879e-21,1.027e-20,,1.026e-16,1.269e-1,1.436e-31,2.595e-2,6.151e-22,7.885e-34,,4.334e-28,1.144e-21,3.145e+0,4.674e-19,2.874e-16,3.897e+0,3.877e-1,5.049e-8,1.184e+1,6.651e-2,1.586e-7,6.432e-2,1.306e+3,7.627e+0,1.825e-13,4.195e-21,1.880e-23,3.552e+0,,,,,,,,,,,4.105e-21,2.608e-18,,2.013e-21,,,,,,1.399e-20,,7.638e-19,3.552e-18,1.841e-1,7.159e-18
299.65,1.312e+3,4.774e-22,2.897e-7,3.308e-46,,1.626e-19,,2.888e-21,1.025e-20,,1.027e-16,1.305e-1,1.436e-31,1.779e-2,6.151e-22,7.968e-34,,4.335e-28,9.646e-22,3.225e+0,4.675e-19,2.087e-16,4.718e+0,2.948e-1,3.055e-8,1.190e+1,4.886e-2,2.547e-7,5.707e-2,1.278e+3,9.921e+0,2.886e-13,4.195e-21,1.881e-23,3.567e+0,,,,,,,,,,,4.098e-21,2.609e-18,,2.013e-21,,,,,,1.395e-20,,7.643e-19,3.602e-18,1.358e-1,7.158e-18
299.68,1.286e+3,4.794e-22,2.229e-7,3.310e-46,,2.740e-19,,2.901e-21,1.021e-20,,1.028e-16,1.347e-1,1.436e-31,9.944e-3,6.151e-22,8.091e-34,,4.336e-28,7.346e-22,3.337e+0,4.677e-19,1.271e-16,6.185e+0,1.924e-1,1.415e-8,1.194e+1,3.028e-2,5.101e-7,4.695e-2,1.246e+3,1.449e+1,5.647e-13,4.196e-21,1.883e-23,3.538e+0,,,,,,,,,,,4.086e-21,2.611e-18,,2.014e-21,,,,,,1.389e-20,,7.650e-19,3.677e-18,8.471e-2,7.155e-18
299.7,1.278e+3,4.807e-22,1.852e-7,3.311e-46,,3.868e-19,,2.910e-21,1.019e-20,,1.028e-16,1.366e-1,1.435e-31,6.675e-3,6.151e-22,8.173e-34,,4.337e-28,6.061e-22,3.405e+0,4.678e-19,9.041e-17,7.331e+0,1.432e-1,8.378e-9,1.194e+1,2.177e-2,8.021e-7,4.078e-2,1.233e+3,1.845e+1,8.742e-13,4.197e-21,1.883e-23,3.485e+0,,,,,,,,,,,4.079e-21,2.612e-18,,2.014e-21,,,,,,1.385e-20,,7.655e-19,3.727e-18,6.118e-2,7.154e-18
299.73,1.283e+3,4.827e-22,1.380e-7,3.313e-46,,6.439e-19,,2.923e-21,1.016e-20,,1.029e-16,1.379e-1,1.435e-31,3.612e-3,6.151e-22,8.297e-34,,4.339e-28,4.470e-22,3.499e+0,4.680e-19,5.338e-17,9.310e+0,9.048e-2,3.757e-9,1.193e+1,1.306e-2,1.557e-6,3.249e-2,1.229e+3,2.610e+1,1.657e-12,4.198e-21,1.885e-23,3.358e+0,,,,,,,,,,,4.068e-21,2.613e-18,,2.014e-21,,,,,,1.379e-20,,7.662e-19,3.802e-18,3.695e-2,7.151e-18
299.75,1.299e+3,4.840e-22,1.123e-7,3.314e-46,,8.998e-19,,2.932e-21,1.013e-20,,1.030e-16,1.378e-1,1.435e-31,2.373e-3,6.151e-22,8.379e-34,,4.340e-28,3.610e-22,3.557e+0,4.681e-19,3.718e-17,1.080e+1,6.592e-2,2.178e-9,1.191e+1,9.196e-3,2.396e-6,2.762e-2,1.236e+3,3.255e+1,2.512e-12,4.199e-21,1.886e-23,3.244e+0,,,,,,,,,,,4.060e-21,2.614e-18,,2.015e-21,,,,,,1.375e-20,,7.667e-19,3.853e-18,2.612e-2,7.149e-18
299.78,1.341e+3,4.860e-22,8.103e-8,3.316e-46,,1.475e-18,,2.946e-21,1.010e-20,,1.031e-16,1.360e-1,1.434e-31,1.244e-3,6.151e-22,8.503e-34,,4.342e-28,2.579e-22,3.637e+0,4.683e-19,2.128e-17,1.329e+1,4.034e-2,9.455e-10,1.187e+1,5.344e-3,4.505e-6,2.131e-2,1.264e+3,4.460e+1,4.615e-12,4.200e-21,1.887e-23,3.037e+0,,,,,,,,,,,4.049e-21,2.616e-18,,2.015e-21,,,,,,1.369e-20,,7.675e-19,3.928e-18,1.528e-2,7.147e-18
299.8,1.381e+3,4.874e-22,6.451e-8,3.318e-46,,2.040e-18,,2.954e-21,1.007e-20,,1.031e-16,1.338e-1,1.434e-31,7.998e-4,6.151e-22,8.585e-34,,4.343e-28,2.039e-22,3.685e+0,4.684e-19,1.451e-17,1.510e+1,2.877e-2,5.364e-10,1.185e+1,3.682e-3,6.791e-6,1.774e-2,1.293e+3,5.444e+1,6.849e-12,4.201e-21,1.888e-23,2.878e+0,,,,,,,,,,,4.042e-21,2.617e-18,,2.015e-21,,,,,,1.365e-20,,7.679e-19,3.978e-18,1.057e-2,7.145e-18
299.83,1.457e+3,4.893e-22,4.509e-8,3.320e-46,,3.293e-18,,2.968e-21,1.004e-20,,1.032e-16,1.289e-1,1.434e-31,4.059e-4,6.150e-22,8.708e-34,,4.344e-28,1.410e-22,3.748e+0,4.686e-19,8.051e-18,1.799e+1,1.705e-2,2.255e-10,1.183e+1,2.072e-3,1.237e-5,1.325e-2,1.348e+3,7.227e+1,1.219e-11,4.202e-21,1.889e-23,2.617e+0,,,,,,,,,,,4.030e-21,2.618e-18,,2.016e-21,,,,,,1.359e-20,,7.687e-19,4.053e-18,5.989e-3,7.143e-18
299.85,1.516e+3,4.907e-22,3.514e-8,3.321e-46,,4.509e-18,,2.977e-21,1.002e-20,,1.033e-16,1.248e-1,1.433e-31,2.555e-4,6.150e-22,8.791e-34,,4.345e-28,1.091e-22,3.784e+0,4.687e-19,5.378e-18,2.000e+1,1.190e-2,1.252e-10,1.183e+1,1.397e-3,1.825e-5,1.080e-2,1.392e+3,8.637e+1,1.771e-11,4.203e-21,1.890e-23,2.433e+0,,,,,,,,,,,4.023e-21,2.619e-18,,2.016e-21,,,,,,1.355e-20,,7.691e-19,4.103e-18,4.057e-3,7.141e-18
299.88,1.616e+3,4.927e-22,2.379e-8,3.323e-46,,7.173e-18,,2.990e-21,9.983e-21,,1.034e-16,1.173e-1,1.433e-31,1.255e-4,6.150e-22,8.914e-34,,4.347e-28,7.312e-23,3.826e+0,4.689e-19,2.891e-18,2.309e+1,6.831e-3,5.098e-11,1.184e+1,7.616e-4,3.221e-5,7.814e-3,1.463e+3,1.111e+2,3.054e-11,4.204e-21,1.892e-23,2.151e+0,,,,,,,,,,,4.012e-21,2.621e-18,,2.016e-21,,,,,,1.349e-20,,7.699e-19,4.179e-18,2.225e-3,7.138e-18
299.9,1.686e+3,4.940e-22,1.815e-8,3.324e-46,,9.726e-18,,2.999e-21,9.960e-21,,1.034e-16,1.116e-1,1.433e-31,7.735e-5,6.150e-22,8.996e-34,,4.348e-28,5.539e-23,3.845e+0,4.690e-19,1.892e-18,2.513e+1,4.667e-3,2.770e-11,1.186e+1,5.027e-4,4.654e-5,6.232e-3,1.513e+3,1.299e+2,4.346e-11,4.205e-21,1.893e-23,1.963e+0,,,,,,,,,,,4.004e-21,2.622e-18,,2.017e-21,,,,,,1.345e-20,,7.704e-19,4.229e-18,1.475e-3,7.137e-18
299.93,1.791e+3,4.960e-22,1.190e-8,3.326e-46,,1.524e-17,,3.012e-21,9.926e-21,,1.035e-16,1.021e-1,1.432e-31,3.681e-5,6.150e-22,9.120e-34,,4.349e-28,3.594e-23,3.856e+0,4.692e-19,9.856e-19,2.810e+1,2.594e-3,1.092e-11,1.190e+1,2.653e-4,7.957e-5,4.368e-3,1.584e+3,1.619e+2,7.261e-11,4.206e-21,1.894e-23,1.690e+0,,,,,,,,,,,3.993e-21,2.623e-18,,2.017e-21,,,,,,1.339e-20,,7.711e-19,4.304e-18,7.837e-4,7.134e-18
299.95,1.859e+3,4.973e-22,8.885e-9,3.328e-46,,2.044e-17,,3.021e-21,9.903e-21,,1.036e-16,9.544e-2,1.432e-31,2.220e-5,6.150e-22,9.202e-34,,4.350e-28,2.665e-23,3.851e+0,4.693e-19,6.316e-19,2.995e+1,1.735e-3,5.809e-12,1.193e+1,1.714e-4,1.126e-4,3.410e-3,1.627e+3,1.854e+2,1.012e-10,4.207e-21,1.895e-23,1.517e+0,,,,,,,,,,,3.985e-21,2.624e-18,,2.017e-21,,,,,,1.335e-20,,7.716e-19,4.354e-18,5.085e-4,7.132e-18
299.98,1.953e+3,4.993e-22,5.642e-9,3.330e-46,,3.149e-17,,3.034e-21,9.868e-21,,1.036e-16,8.503e-2,1.432e-31,1.023e-5,6.150e-22,9.326e-34,,4.352e-28,1.674e-23,3.822e+0,4.695e-19,3.189e-19,3.243e+1,9.338e-4,2.217e-12,1.196e+1,8.762e-5,1.865e-4,2.315e-3,1.680e+3,2.237e+2,1.638e-10,4.208e-21,1.896e-23,1.277e+0,,,,,,,,,,,3.974e-21,2.626e-18,,2.018e-21,,,,,,1.329e-20,,7.723e-19,4.429e-18,2.616e-4,7.130e-18
300,2.007e+3,5.006e-22,4.124e-9,3.331e-46,,4.176e-17,,3.043e-21,9.845e-21,,1.037e-16,7.800e-2,1.432e-31,6.038e-6,6.150e-22,9.408e-34,,4.353e-28,1.215e-23,3.788e+0,4.696e-19,2.001e-19,3.384e+1,6.113e-4,1.154e-12,1.198e+1,5.542e-5,2.583e-4,1.769e-3,1.705e+3,2.509e+2,2.234e-10,4.209e-21,1.897e-23,1.133e+0,,,,,,,,,,,3.967e-21,2.627e-18,,2.018e-21,,,,,,1.325e-20,,7.728e-19,4.480e-18,1.662e-4,7.128e-18
300.02,2.052e+3,5.019e-22,2.989e-9,3.332e-46,,5.509e-17,,3.052e-21,9.822e-21,,1.038e-16,7.101e-2,1.431e-31,3.533e-6,6.150e-22,9.490e-34,,4.354e-28,8.746e-24,3.741e+0,4.698e-19,1.246e-19,3.501e+1,3.968e-4,5.958e-13,1.197e+1,3.475e-5,3.549e-4,1.340e-3,1.721e+3,2.789e+2,3.023e-10,4.209e-21,1.898e-23,1.002e+0,,,,,,,,,,,3.959e-21,2.628e-18,,2.018e-21,,,,,,1.321e-20,,7.733e-19,4.530e-18,1.046e-4,7.126e-18
300.05,2.100e+3,5.039e-22,1.815e-9,3.334e-46,,8.264e-17,,3.065e-21,9.788e-21,,1.038e-16,6.079e-2,1.431e-31,1.557e-6,6.150e-22,9.614e-34,,4.355e-28,5.255e-24,3.648e+0,4.699e-19,6.020e-20,3.626e+1,2.042e-4,2.174e-13,1.194e+1,1.698e-5,5.624e-4,8.698e-4,1.725e+3,3.219e+2,4.682e-10,4.211e-21,1.899e-23,8.351e-1,,,,,,,,,,,3.948e-21,2.629e-18,,2.019e-21,,,,,,1.315e-20,,7.740e-19,4.605e-18,5.147e-5,7.124e-18
300.07,2.117e+3,5.052e-22,1.287e-9,3.335e-46,,1.075e-16,,3.074e-21,9.765e-21,,1.039e-16,5.429e-2,1.431e-31,8.916e-7,6.150e-22,9.696e-34,,4.356e-28,3.702e-24,3.572e+0,4.701e-19,3.669e-20,3.672e+1,1.297e-4,1.098e-13,1.189e+1,1.042e-5,7.565e-4,6.451e-4,1.714e+3,3.504e+2,6.203e-10,4.211e-21,1.900e-23,7.430e-1,,,,,,,,,,,3.940e-21,2.630e-18,,2.019e-21,,,,,,1.311e-20,,7.745e-19,4.655e-18,3.172e-5,7.122e-18
300.1,2.120e+3,5.072e-22,7.571e-10,3.337e-46,,1.579e-16,,3.087e-21,9.731e-21,,1.040e-16,4.514e-2,1.430e-31,3.804e-7,6.150e-22,9.819e-34,,4.358e-28,2.154e-24,3.439e+0,4.702e-19,1.719e-20,3.684e+1,6.465e-5,3.881e-14,1.177e+1,4.931e-6,1.162e-3,4.055e-4,1.675e+3,3.917e+2,9.310e-10,4.212e-21,1.902e-23,6.341e-1,,,,,,,,,,,3.929e-21,2.632e-18,,2.019e-21,,,,,,1.305e-20,,7.752e-19,4.730e-18,1.511e-5,7.120e-18
300.12,2.105e+3,5.086e-22,5.257e-10,3.339e-46,,2.024e-16,,3.096e-21,9.708e-21,,1.040e-16,3.952e-2,1.430e-31,2.133e-7,6.150e-22,9.902e-34,,4.359e-28,1.485e-24,3.340e+0,4.704e-19,1.026e-20,3.653e+1,4.020e-5,1.919e-14,1.167e+1,2.963e-6,1.530e-3,2.944e-4,1.636e+3,4.174e+2,1.208e-9,4.213e-21,1.902e-23,5.806e-1,,,,,,,,,,,3.922e-21,2.633e-18,,2.020e-21,,,,,,1.301e-20,,7.757e-19,4.780e-18,9.116e-6,7.118e-18
300.15,2.060e+3,5.105e-22,2.994e-10,3.341e-46,,2.902e-16,,3.110e-21,9.673e-21,,1.041e-16,3.190e-2,1.430e-31,8.810e-8,6.150e-22,1.003e-33,,4.361e-28,8.368e-25,3.184e+0,4.705e-19,4.657e-21,3.550e+1,1.940e-5,6.565e-15,1.147e+1,1.358e-6,2.278e-3,1.792e-4,1.557e+3,4.520e+2,1.757e-9,4.214e-21,1.904e-23,5.277e-1,,,,,,,,,,,3.911e-21,2.634e-18,,2.020e-21,,,,,,1.295e-20,,7.764e-19,4.856e-18,4.205e-6,7.115e-18
300.17,2.014e+3,5.119e-22,2.035e-10,3.342e-46,,3.659e-16,,3.119e-21,9.650e-21,,1.042e-16,2.737e-2,1.429e-31,4.834e-8,6.150e-22,1.011e-33,,4.362e-28,5.649e-25,3.080e+0,4.707e-19,2.722e-21,3.446e+1,1.181e-5,3.177e-15,1.132e+1,7.983e-7,2.938e-3,1.274e-4,1.493e+3,4.716e+2,2.232e-9,4.215e-21,1.905e-23,5.095e-1,,,,,,,,,,,3.903e-21,2.635e-18,,2.020e-21,,,,,,1.291e-20,,7.769e-19,4.906e-18,2.483e-6,7.114e-18
300.2,1.926e+3,5.139e-22,1.123e-10,3.344e-46,,5.113e-16,,3.132e-21,9.616e-21,,1.043e-16,2.143e-2,1.429e-31,1.934e-8,6.150e-22,1.023e-33,,4.363e-28,3.083e-25,2.929e+0,4.708e-19,1.198e-21,3.243e+1,5.532e-6,1.052e-15,1.106e+1,3.543e-7,4.239e-3,7.510e-5,1.384e+3,4.946e+2,3.147e-9,4.216e-21,1.906e-23,5.053e-1,,,,,,,,,,,3.892e-21,2.637e-18,,2.021e-21,,,,,,1.285e-20,,7.776e-19,4.981e-18,1.109e-6,7.111e-18
300.22,1.855e+3,5.152e-22,7.469e-11,3.345e-46,,6.336e-16,,3.141e-21,9.593e-21,,1.043e-16,1.802e-2,1.429e-31,1.039e-8,6.150e-22,1.031e-33,,4.364e-28,2.037e-25,2.840e+0,4.710e-19,6.856e-22,3.082e+1,3.313e-6,4.985e-16,1.089e+1,2.039e-7,5.356e-3,5.224e-5,1.305e+3,5.052e+2,3.917e-9,4.217e-21,1.907e-23,5.163e-1,,,,,,,,,,,3.884e-21,2.638e-18,,2.021e-21,,,,,,1.281e-20,,7.781e-19,5.031e-18,6.411e-7,7.110e-18
300.25,1.735e+3,5.172e-22,3.990e-11,3.347e-46,,8.619e-16,,3.154e-21,9.559e-21,,1.044e-16,1.368e-2,1.428e-31,4.024e-9,6.150e-22,1.044e-33,,4.366e-28,1.076e-25,2.729e+0,4.711e-19,2.923e-22,2.810e+1,1.550e-6,1.599e-16,1.061e+1,8.762e-8,7.492e-3,2.983e-5,1.180e+3,5.134e+2,5.356e-9,4.218e-21,1.908e-23,5.504e-1,,,,,,,,,,,3.873e-21,2.639e-18,,2.021e-21,,,,,,1.275e-20,,7.788e-19,5.106e-18,2.773e-7,7.107e-18
300.27,1.649e+3,5.185e-22,2.599e-11,3.349e-46,,1.048e-15,,3.163e-21,9.536e-21,,1.045e-16,1.127e-2,1.428e-31,2.116e-9,6.150e-22,1.052e-33,,4.367e-28,6.962e-26,2.678e+0,4.713e-19,1.639e-22,2.614e+1,9.822e-7,7.413e-17,1.043e+1,4.937e-8,9.275e-3,2.031e-5,1.096e+3,5.134e+2,6.532e-9,4.219e-21,1.909e-23,5.829e-1,,,,,,,,,,,3.866e-21,2.640e-18,,2.022e-21,,,,,,1.271e-20,,7.793e-19,5.157e-18,1.569e-7,7.105e-18
300.3,1.513e+3,5.205e-22,1.344e-11,3.351e-46,,1.387e-15,,3.176e-21,9.501e-21,,1.046e-16,8.298e-3,1.428e-31,7.936e-10,6.150e-22,1.064e-33,,4.368e-28,3.563e-26,2.642e+0,4.715e-19,6.771e-23,2.309e+1,6.625e-7,2.303e-17,1.017e+1,2.054e-8,1.258e-2,1.123e-5,9.712e+2,5.052e+2,8.668e-9,4.220e-21,1.911e-23,6.426e-1,,,,,,,,,,,3.854e-21,2.642e-18,,2.022e-21,,,,,,1.265e-20,,7.801e-19,5.232e-18,6.572e-8,7.103e-18
300.32,1.421e+3,5.218e-22,8.572e-12,3.352e-46,,1.655e-15,,3.185e-21,9.478e-21,,1.046e-16,6.695e-3,1.427e-31,4.084e-10,6.149e-22,1.072e-33,,4.369e-28,2.256e-26,2.649e+0,4.716e-19,3.717e-23,2.103e+1,7.272e-7,1.045e-17,1.000e+1,1.133e-8,1.527e-2,7.489e-6,8.922e+2,4.946e+2,1.037e-8,4.221e-21,1.912e-23,6.875e-1,,,,,,,,,,,3.847e-21,2.643e-18,,2.022e-21,,,,,,1.261e-20,,7.805e-19,5.282e-18,3.640e-8,7.101e-18
300.35,1.286e+3,5.238e-22,4.295e-12,3.354e-46,,2.126e-15,,3.198e-21,9.444e-21,,1.047e-16,4.778e-3,1.427e-31,1.484e-10,6.149e-22,1.085e-33,,4.371e-28,1.118e-26,2.712e+0,4.718e-19,1.488e-23,1.799e+1,1.313e-6,3.143e-18,9.763e+0,4.566e-9,2.010e-2,4.011e-6,7.832e+2,4.716e+2,1.337e-8,4.222e-21,1.913e-23,7.588e-1,,,,,,,,,,,3.836e-21,2.644e-18,,2.023e-21,,,,,,1.255e-20,,7.813e-19,5.357e-18,1.476e-8,7.099e-18
300.37,1.200e+3,5.251e-22,2.680e-12,3.355e-46,,2.487e-15,,3.207e-21,9.421e-21,,1.048e-16,3.775e-3,1.427e-31,7.473e-11,6.149e-22,1.093e-33,,4.372e-28,6.929e-27,2.791e+0,4.719e-19,8.002e-24,1.604e+1,2.214e-6,1.396e-18,9.607e+0,2.465e-9,2.391e-2,2.617e-6,7.188e+2,4.520e+2,1.569e-8,4.223e-21,1.914e-23,8.066e-1,,,,,,,,,,,3.828e-21,2.645e-18,,2.023e-21,,,,,,1.251e-20,,7.818e-19,5.407e-18,8.004e-9,7.097e-18
300.39,1.119e+3,5.264e-22,1.659e-12,3.357e-46,,2.887e-15,,3.216e-21,9.398e-21,,1.048e-16,2.958e-3,1.427e-31,3.732e-11,6.149e-22,1.101e-33,,4.373e-28,4.258e-27,2.900e+0,4.720e-19,4.266e-24,1.418e+1,3.827e-6,6.145e-19,9.450e+0,1.319e-9,2.822e-2,1.693e-6,6.620e+2,4.295e+2,1.829e-8,4.223e-21,1.915e-23,8.529e-1,,,,,,,,,,,3.821e-21,2.646e-18,,2.023e-21,,,,,,1.247e-20,,7.822e-19,5.458e-18,4.302e-9,7.095e-18
300.42,1.009e+3,5.284e-22,7.946e-13,3.359e-46,,3.557e-15,,3.229e-21,9.364e-21,,1.049e-16,2.020e-3,1.426e-31,1.296e-11,6.149e-22,1.114e-33,,4.374e-28,2.018e-27,3.116e+0,4.722e-19,1.635e-24,1.160e+1,8.714e-6,1.767e-19,9.209e+0,5.082e-10,3.568e-2,8.671e-7,5.928e+2,3.917e+2,2.276e-8,4.225e-21,1.916e-23,9.166e-1,,,,,,,,,,,3.809e-21,2.647e-18,,2.023e-21,,,,,,1.241e-20,,7.830e-19,5.533e-18,1.668e-9,7.093e-18
300.44,9.458e+2,5.298e-22,4.813e-13,3.360e-46,,4.046e-15,,3.238e-21,9.341e-21,,1.050e-16,1.550e-3,1.426e-31,6.334e-12,6.149e-22,1.122e-33,,4.375e-28,1.214e-27,3.292e+0,4.723e-19,8.534e-25,1.004e+1,1.497e-5,7.614e-20,9.037e+0,2.662e-10,4.133e-2,5.492e-7,5.581e+2,3.644e+2,2.613e-8,4.225e-21,1.917e-23,9.532e-1,,,,,,,,,,,3.802e-21,2.648e-18,,2.024e-21,,,,,,1.237e-20,,7.834e-19,5.583e-18,8.778e-10,7.091e-18
300.47,8.668e+2,5.317e-22,2.233e-13,3.362e-46,,4.835e-15,,3.252e-21,9.306e-21,,1.051e-16,1.026e-3,1.426e-31,2.130e-12,6.149e-22,1.134e-33,,4.377e-28,5.571e-28,3.599e+0,4.725e-19,3.169e-25,7.956e+0,3.322e-5,2.120e-20,8.753e+0,9.932e-11,5.083e-2,2.724e-7,5.236e+2,3.219e+2,3.187e-8,4.227e-21,1.918e-23,9.967e-1,,,,,,,,,,,3.791e-21,2.650e-18,,2.024e-21,,,,,,1.231e-20,,7.842e-19,5.658e-18,3.296e-10,7.088e-18
300.49,8.257e+2,5.331e-22,1.324e-13,3.363e-46,,5.389e-15,,3.260e-21,9.283e-21,,1.051e-16,7.707e-4,1.425e-31,1.019e-12,6.149e-22,1.142e-33,,4.378e-28,3.280e-28,3.825e+0,4.726e-19,1.620e-25,6.741e+0,5.594e-5,8.941e-21,8.540e+0,5.093e-11,5.784e-2,1.689e-7,5.123e+2,2.932e+2,3.619e-8,4.227e-21,1.919e-23,1.017e+0,,,,,,,,,,,3.783e-21,2.651e-18,,2.024e-21,,,,,,1.227e-20,,7.847e-19,5.708e-18,1.697e-10,7.087e-18
300.52,7.817e+2,5.351e-22,5.950e-14,3.365e-46,,6.245e-15,,3.274e-21,9.249e-21,,1.052e-16,4.941e-4,1.425e-31,3.319e-13,6.149e-22,1.155e-33,,4.380e-28,1.458e-28,4.185e+0,4.728e-19,5.829e-26,5.175e+0,1.203e-4,2.410e-21,8.178e+0,1.840e-11,6.933e-2,8.120e-8,5.122e+2,2.509e+2,4.360e-8,4.228e-21,1.921e-23,1.032e+0,,,,,,,,,,,3.772e-21,2.652e-18,,2.025e-21,,,,,,1.221e-20,,7.854e-19,5.784e-18,6.173e-11,7.084e-18
300.54,7.639e+2,5.364e-22,3.453e-14,3.366e-46,,6.818e-15,,3.283e-21,9.226e-21,,1.053e-16,3.635e-4,1.425e-31,1.554e-13,6.149e-22,1.163e-33,,4.381e-28,8.402e-29,4.431e+0,4.729e-19,2.918e-26,4.292e+0,1.984e-4,9.950e-22,7.904e+0,9.235e-12,7.760e-2,4.939e-8,5.225e+2,2.237e+2,4.929e-8,4.229e-21,1.921e-23,1.031e+0,,,,,,,,,,,3.764e-21,2.653e-18,,2.025e-21,,,,,,1.217e-20,,7.859e-19,5.834e-18,3.112e-11,7.082e-18
300.57,7.538e+2,5.384e-22,1.503e-14,3.368e-46,,7.659e-15,,3.296e-21,9.192e-21,,1.053e-16,2.257e-4,1.424e-31,4.901e-14,6.149e-22,1.175e-33,,4.382e-28,3.617e-29,4.794e+0,4.731e-19,1.017e-26,3.191e+0,4.136e-4,2.597e-22,7.444e+0,3.231e-12,9.086e-2,2.331e-8,5.519e+2,1.854e+2,5.933e-8,4.230e-21,1.923e-23,1.014e+0,,,,,,,,,,,3.753e-21,2.655e-18,,2.025e-21,,,,,,1.211e-20,,7.866e-19,5.909e-18,1.096e-11,7.080e-18
300.59,7.571e+2,5.397e-22,8.538e-15,3.370e-46,,8.191e-15,,3.305e-21,9.169e-21,,1.054e-16,1.626e-4,1.424e-31,2.246e-14,6.149e-22,1.184e-33,,4.383e-28,2.040e-29,5.023e+0,4.732e-19,4.987e-27,2.592e+0,6.678e-4,2.584e-22,7.106e+0,1.587e-12,1.002e-1,1.435e-8,5.794e+2,1.619e+2,6.733e-8,4.231e-21,1.924e-23,9.929e-1,,,,,,,,,,,3.746e-21,2.656e-18,,2.026e-21,,,,,,1.207e-20,,7.871e-19,5.959e-18,5.407e-12,7.078e-18
300.62,7.749e+2,5.417e-22,3.598e-15,3.372e-46,,8.919e-15,,3.318e-21,9.134e-21,,1.055e-16,9.782e-5,1.424e-31,6.860e-15,6.149e-22,1.196e-33,,4.385e-28,8.507e-30,5.334e+0,4.734e-19,1.685e-27,1.867e+0,1.349e-3,2.564e-22,6.556e+0,5.379e-13,1.150e-1,7.908e-9,6.302e+2,1.299e+2,8.202e-8,4.232e-21,1.925e-23,9.465e-1,,,,,,,,,,,3.735e-21,2.657e-18,,2.026e-21,,,,,,1.201e-20,,7.878e-19,6.034e-18,1.844e-12,7.076e-18
300.64,7.939e+2,5.430e-22,2.001e-15,3.373e-46,,9.342e-15,,3.327e-21,9.111e-21,,1.055e-16,6.898e-5,1.423e-31,3.078e-15,6.149e-22,1.204e-33,,4.386e-28,4.697e-30,5.512e+0,4.735e-19,8.086e-28,1.484e+0,2.132e-3,2.551e-22,6.167e+0,2.586e-13,1.252e-1,6.711e-9,6.686e+2,1.111e+2,9.419e-8,4.233e-21,1.926e-23,9.072e-1,,,,,,,,,,,3.727e-21,2.658e-18,,2.026e-21,,,,,,1.197e-20,,7.883e-19,6.085e-18,8.905e-13,7.074e-18
300.67,8.299e+2,5.450e-22,8.169e-16,3.375e-46,,9.858e-15,,3.340e-21,9.077e-21,,1.056e-16,4.020e-5,1.423e-31,9.101e-16,6.149e-22,1.217e-33,,4.387e-28,1.897e-30,5.722e+0,4.737e-19,2.647e-28,1.035e+0,4.173e-3,2.531e-22,5.560e+0,8.487e-14,1.412e-1,8.837e-9,7.303e+2,8.637e+1,1.173e-7,4.234e-21,1.927e-23,8.378e-1,,,,,,,,,,,3.716e-21,2.660e-18,,2.027e-21,,,,,,1.191e-20,,7.890e-19,6.160e-18,2.941e-13,7.071e-18
300.69,8.573e+2,5.463e-22,4.447e-16,3.376e-46,,1.011e-14,,3.349e-21,9.054e-21,,1.057e-16,2.775e-5,1.423e-31,3.997e-16,6.149e-22,1.225e-33,,4.388e-28,1.026e-30,5.820e+0,4.738e-19,1.244e-28,8.057e-1,6.460e-3,2.518e-22,5.148e+0,3.994e-14,1.522e-1,1.349e-8,7.723e+2,7.227e+1,1.369e-7,4.235e-21,1.928e-23,7.862e-1,,,,,,,,,,,3.708e-21,2.661e-18,,2.027e-21,,,,,,1.187e-20,,7.895e-19,6.210e-18,1.390e-13,7.070e-18
300.72,8.999e+2,5.483e-22,1.758e-16,3.378e-46,,1.034e-14,,3.362e-21,9.019e-21,,1.058e-16,1.567e-5,1.422e-31,1.144e-16,6.149e-22,1.237e-33,,4.390e-28,4.020e-31,5.898e+0,4.740e-19,3.945e-29,5.444e-1,1.225e-2,2.498e-22,4.534e+0,1.269e-14,1.693e-1,2.864e-8,8.336e+2,5.444e+1,1.746e-7,4.236e-21,1.930e-23,7.034e-1,,,,,,,,,,,3.697e-21,2.662e-18,,2.027e-21,,,,,,1.181e-20,,7.902e-19,6.285e-18,4.446e-14,7.067e-18
300.74,9.277e+2,5.496e-22,9.369e-17,3.380e-46,,1.039e-14,,3.371e-21,8.997e-21,,1.058e-16,1.059e-5,1.422e-31,4.919e-17,6.149e-22,1.245e-33,,4.391e-28,2.143e-31,5.901e+0,4.741e-19,1.816e-29,4.148e-1,1.857e-2,2.485e-22,4.137e+0,5.847e-15,1.810e-1,4.813e-8,8.718e+2,4.460e+1,2.066e-7,4.237e-21,1.931e-23,6.463e-1,,,,,,,,,,,3.690e-21,2.663e-18,,2.028e-21,,,,,,1.177e-20,,7.907e-19,6.335e-18,2.057e-14,7.066e-18
300.76,9.535e+2,5.510e-22,4.950e-17,3.381e-46,,1.035e-14,,3.380e-21,8.974e-21,,1.059e-16,7.097e-6,1.422e-31,2.096e-17,6.149e-22,1.254e-33,,4.392e-28,1.156e-31,5.865e+0,4.742e-19,8.285e-30,3.134e-1,2.792e-2,2.471e-22,3.756e+0,2.671e-15,1.931e-1,8.069e-8,9.065e+2,3.623e+1,2.455e-7,4.238e-21,1.931e-23,5.888e-1,,,,,,,,,,,3.682e-21,2.664e-18,,2.028e-21,,,,,,1.173e-20,,7.912e-19,6.385e-18,9.438e-15,7.064e-18
300.79,9.863e+2,5.529e-22,1.871e-17,3.383e-46,,1.013e-14,,3.393e-21,8.939e-21,,1.060e-16,3.832e-6,1.421e-31,5.738e-18,6.149e-22,1.266e-33,,4.393e-28,5.315e-32,5.740e+0,4.744e-19,2.514e-30,2.025e-1,5.065e-2,2.452e-22,3.228e+0,8.114e-16,2.118e-1,1.729e-7,9.503e+2,2.610e+1,3.193e-7,4.239e-21,1.933e-23,5.039e-1,,,,,,,,,,,3.671e-21,2.666e-18,,2.028e-21,,,,,,1.167e-20,,7.919e-19,6.461e-18,2.886e-15,7.061e-18
300.81,1.003e+3,5.543e-22,9.677e-18,3.384e-46,,9.880e-15,,3.402e-21,8.916e-21,,1.060e-16,2.514e-6,1.421e-31,2.394e-18,6.149e-22,1.274e-33,,4.394e-28,4.336e-32,5.612e+0,4.745e-19,1.125e-30,1.498e-1,7.457e-2,2.438e-22,2.912e+0,3.628e-16,2.246e-1,2.846e-7,9.727e+2,2.076e+1,3.807e-7,4.239e-21,1.934e-23,4.494e-1,,,,,,,,,,,3.663e-21,2.667e-18,,2.029e-21,,,,,,1.163e-20,,7.924e-19,6.511e-18,1.296e-15,7.060e-18
300.84,1.018e+3,5.563e-22,3.542e-18,3.386e-46,,9.371e-15,,3.416e-21,8.882e-21,,1.061e-16,1.315e-6,1.421e-31,6.345e-19,6.148e-22,1.286e-33,,4.396e-28,6.469e-32,5.359e+0,4.747e-19,3.352e-31,9.377e-2,1.311e-1,2.418e-22,2.503e+0,1.067e-16,2.442e-1,5.918e-7,9.948e+2,1.449e+1,4.945e-7,4.241e-21,1.935e-23,3.726e-1,,,,,,,,,,,3.652e-21,2.668e-18,,2.029e-21,,,,,,1.157e-20,,7.931e-19,6.586e-18,3.837e-16,7.057e-18
300.86,1.021e+3,5.576e-22,1.794e-18,3.388e-46,,8.952e-15,,3.424e-21,8.859e-21,,1.062e-16,8.445e-7,1.421e-31,2.591e-19,6.148e-22,1.295e-33,,4.397e-28,1.101e-31,5.156e+0,4.748e-19,1.560e-31,6.789e-2,1.890e-1,2.405e-22,2.280e+0,4.670e-17,2.576e-1,9.541e-7,1.001e+3,1.128e+1,5.867e-7,4.241e-21,1.936e-23,3.254e-1,,,,,,,,,,,3.645e-21,2.669e-18,,2.029e-21,,,,,,1.153e-20,,7.936e-19,6.636e-18,1.686e-16,7.055e-18
300.89,1.014e+3,5.596e-22,6.359e-19,3.390e-46,,8.228e-15,,3.438e-21,8.824e-21,,1.063e-16,4.278e-7,1.420e-31,2.641e-19,6.148e-22,1.307e-33,,4.399e-28,2.679e-31,4.807e+0,4.750e-19,8.121e-32,4.117e-2,3.219e-1,2.385e-22,2.027e+0,1.331e-17,2.778e-1,1.922e-6,9.984e+2,7.624e+0,7.526e-7,4.242e-21,1.937e-23,2.613e-1,,,,,,,,,,,3.633e-21,2.671e-18,,2.030e-21,,,,,,1.147e-20,,7.944e-19,6.711e-18,4.836e-17,7.053e-18
300.91,1.001e+3,5.609e-22,3.151e-19,3.391e-46,,7.698e-15,,3.447e-21,8.801e-21,,1.063e-16,2.690e-7,1.420e-31,2.675e-19,6.148e-22,1.315e-33,,4.400e-28,4.877e-31,4.552e+0,4.751e-19,1.084e-31,2.918e-2,4.544e-1,2.372e-22,1.916e+0,5.700e-18,2.912e-1,3.035e-6,9.881e+2,5.811e+0,8.831e-7,4.243e-21,1.938e-23,2.234e-1,,,,,,,,,,,3.626e-21,2.672e-18,,2.030e-21,,,,,,1.143e-20,,7.948e-19,6.762e-18,2.080e-17,7.051e-18
300.94,9.716e+2,5.629e-22,1.082e-19,3.393e-46,,6.858e-15,,3.460e-21,8.767e-21,,1.064e-16,1.320e-7,1.420e-31,2.725e-19,6.148e-22,1.328e-33,,4.401e-28,1.184e-30,4.146e+0,4.753e-19,3.094e-31,1.714e-2,7.500e-1,2.352e-22,1.840e+0,1.572e-18,3.109e-1,5.926e-6,9.605e+2,3.806e+0,1.110e-6,4.244e-21,1.940e-23,1.738e-1,,,,,,,,,,,3.615e-21,2.673e-18,,2.030e-21,,,,,,1.137e-20,,7.956e-19,6.837e-18,5.777e-18,7.049e-18
300.96,9.448e+2,5.642e-22,5.249e-20,3.394e-46,,6.284e-15,,3.469e-21,8.744e-21,,1.065e-16,8.126e-8,1.419e-31,2.759e-19,6.148e-22,1.336e-33,,4.402e-28,2.118e-30,3.865e+0,4.754e-19,6.776e-31,1.189e-2,1.037e+0,2.339e-22,1.852e+0,6.593e-19,3.234e-1,9.161e-6,9.347e+2,2.840e+0,1.283e-6,4.245e-21,1.940e-23,1.455e-1,,,,,,,,,,,3.607e-21,2.674e-18,,2.030e-21,,,,,,1.133e-20,,7.961e-19,6.887e-18,2.433e-18,7.047e-18
300.99,8.957e+2,5.662e-22,1.745e-20,3.396e-46,,5.426e-15,,3.482e-21,8.710e-21,,1.066e-16,3.865e-8,1.419e-31,2.809e-19,6.148e-22,1.348e-33,,4.404e-28,4.991e-30,3.440e+0,4.756e-19,2.198e-30,6.767e-3,1.658e+0,2.319e-22,1.964e+0,1.761e-19,3.408e-1,1.733e-5,8.864e+2,1.801e+0,1.573e-6,4.246e-21,1.942e-23,1.097e-1,,,,,,,,,,,3.596e-21,2.676e-18,,2.031e-21,,,,,,1.127e-20,,7.968e-19,6.962e-18,6.542e-19,7.044e-18
301.01,8.579e+2,5.675e-22,8.289e-21,3.398e-46,,4.871e-15,,3.491e-21,8.687e-21,,1.066e-16,2.333e-8,1.419e-31,2.843e-19,6.148e-22,1.356e-33,,4.405e-28,8.745e-30,3.159e+0,4.757e-19,4.774e-30,4.597e-3,2.244e+0,2.306e-22,2.103e+0,7.229e-20,3.512e-1,2.624e-5,8.487e+2,1.316e+0,1.785e-6,4.247e-21,1.943e-23,8.986e-2,,,,,,,,,,,3.589e-21,2.677e-18,,2.031e-21,,,,,,1.123e-20,,7.973e-19,7.012e-18,2.697e-19,7.043e-18
301.04,7.956e+2,5.695e-22,2.669e-21,3.400e-46,,4.079e-15,,3.504e-21,8.652e-21,,1.067e-16,1.086e-8,1.418e-31,2.893e-19,6.148e-22,1.369e-33,,4.406e-28,1.997e-29,2.748e+0,4.759e-19,1.505e-29,2.533e-3,3.477e+0,2.286e-22,2.404e+0,7.239e-20,3.644e-1,4.812e-5,7.857e+2,8.086e-1,2.128e-6,4.248e-21,1.944e-23,6.561e-2,,,,,,,,,,,3.577e-21,2.678e-18,,2.031e-21,,,,,,1.117e-20,,7.980e-19,7.088e-18,2.681e-19,7.040e-18
301.06,7.514e+2,5.708e-22,1.241e-21,3.401e-46,,3.587e-15,,3.513e-21,8.629e-21,,1.068e-16,6.590e-9,1.418e-31,2.927e-19,6.148e-22,1.377e-33,,4.407e-28,3.426e-29,2.485e+0,4.761e-19,3.201e-29,1.685e-3,4.608e+0,2.273e-22,2.666e+0,7.245e-20,3.714e-1,7.133e-5,7.406e+2,5.783e-1,2.370e-6,4.249e-21,1.945e-23,5.264e-2,,,,,,,,,,,3.570e-21,2.679e-18,,2.032e-21,,,,,,1.113e-20,,7.985e-19,7.138e-18,2.671e-19,7.038e-18
301.09,6.832e+2,5.728e-22,3.870e-22,3.403e-46,,2.916e-15,,3.526e-21,8.595e-21,,1.068e-16,3.445e-9,1.418e-31,2.977e-19,6.148e-22,1.389e-33,,4.409e-28,7.580e-29,2.113e+0,4.762e-19,9.781e-29,8.994e-4,6.921e+0,2.253e-22,3.144e+0,7.255e-20,3.788e-1,1.267e-4,6.702e+2,3.442e-1,2.743e-6,4.250e-21,1.946e-23,3.723e-2,,,,,,,,,,,3.559e-21,2.681e-18,,2.032e-21,,,,,,1.107e-20,,7.992e-19,7.213e-18,2.656e-19,7.036e-18
301.11,6.376e+2,5.741e-22,1.761e-22,3.404e-46,,2.515e-15,,3.535e-21,8.572e-21,,1.069e-16,2.714e-9,1.417e-31,3.011e-19,6.148e-22,1.398e-33,,4.410e-28,1.274e-28,1.882e+0,4.764e-19,2.038e-28,5.856e-4,8.981e+0,2.240e-22,3.516e+0,7.262e-20,3.815e-1,1.840e-4,6.226e+2,2.410e-1,2.993e-6,4.251e-21,1.947e-23,2.925e-2,,,,,,,,,,,3.551e-21,2.682e-18,,2.032e-21,,,,,,1.103e-20,,7.997e-19,7.263e-18,2.646e-19,7.034e-18
301.14,5.711e+2,5.761e-22,5.319e-23,3.406e-46,,1.987e-15,,3.549e-21,8.538e-21,,1.070e-16,3.137e-9,1.417e-31,3.061e-19,6.148e-22,1.410e-33,,4.411e-28,2.731e-28,1.563e+0,4.765e-19,6.034e-28,3.028e-4,1.307e+1,2.220e-22,4.143e+0,7.271e-20,3.822e-1,3.168e-4,5.518e+2,1.390e-1,3.360e-6,4.252e-21,1.949e-23,2.004e-2,,,,,,,,,,,3.540e-21,2.683e-18,,2.033e-21,,,,,,1.097e-20,,8.004e-19,7.338e-18,2.631e-19,7.032e-18
301.16,5.290e+2,5.775e-22,2.369e-23,3.407e-46,,1.684e-15,,3.557e-21,8.515e-21,,1.070e-16,4.521e-9,1.417e-31,3.095e-19,6.148e-22,1.418e-33,,4.412e-28,4.494e-28,1.371e+0,4.767e-19,1.231e-27,1.930e-4,1.661e+1,2.206e-22,4.602e+0,7.278e-20,3.805e-1,4.504e-4,5.059e+2,9.526e-2,3.592e-6,4.253e-21,1.950e-23,1.542e-2,,,,,,,,,,,3.532e-21,2.684e-18,,2.033e-21,,,,,,1.093e-20,,8.009e-19,7.389e-18,2.621e-19,7.030e-18
301.18,4.895e+2,5.788e-22,1.046e-23,3.409e-46,,1.418e-15,,3.566e-21,8.492e-21,,1.071e-16,7.151e-9,1.416e-31,3.128e-19,6.148e-22,1.426e-33,,4.413e-28,7.334e-28,1.195e+0,4.768e-19,2.492e-27,1.220e-4,2.092e+1,2.193e-22,5.085e+0,7.285e-20,3.773e-1,6.349e-4,4.619e+2,6.474e-2,3.808e-6,4.253e-21,1.950e-23,1.177e-2,,,,,,,,,,,3.525e-21,2.685e-18,,2.033e-21,,,,,,1.089e-20,,8.014e-19,7.439e-18,2.610e-19,7.028e-18
301.21,4.366e+2,5.808e-22,3.022e-24,3.411e-46,,1.084e-15,,3.580e-21,8.457e-21,,1.072e-16,1.495e-8,1.416e-31,3.179e-19,6.148e-22,1.439e-33,,4.415e-28,1.505e-27,9.600e-1,4.770e-19,7.063e-27,6.032e-5,2.913e+1,2.173e-22,5.843e+0,7.294e-20,3.698e-1,1.046e-3,4.003e+2,3.570e-2,4.093e-6,4.255e-21,1.952e-23,7.738e-3,,,,,,,,,,,3.514e-21,2.687e-18,,2.034e-21,,,,,,1.083e-20,,8.021e-19,7.514e-18,2.595e-19,7.026e-18
301.23,4.063e+2,5.821e-22,1.306e-24,3.412e-46,,9.024e-16,,3.588e-21,8.434e-21,,1.072e-16,2.449e-8,1.416e-31,3.212e-19,6.148e-22,1.447e-33,,4.416e-28,2.405e-27,8.232e-1,4.771e-19,1.400e-26,3.732e-5,3.595e+1,2.160e-22,6.359e+0,7.301e-20,3.634e-1,1.444e-3,3.628e+2,2.376e-2,4.250e-6,4.255e-21,1.953e-23,5.807e-3,,,,,,,,,,,3.506e-21,2.688e-18,,2.034e-21,,,,,,1.079e-20,,8.026e-19,7.564e-18,2.585e-19,7.024e-18
301.26,3.698e+2,5.841e-22,3.655e-25,3.414e-46,,6.826e-16,,3.602e-21,8.400e-21,,1.073e-16,5.080e-8,1.415e-31,3.263e-19,6.148e-22,1.459e-33,,4.418e-28,4.782e-27,6.455e-1,4.773e-19,3.845e-26,1.788e-5,4.850e+1,2.140e-22,7.130e+0,7.311e-20,3.526e-1,2.306e-3,3.132e+2,1.269e-2,4.427e-6,4.257e-21,1.954e-23,3.758e-3,,,,,,,,,,,3.495e-21,2.689e-18,,2.034e-21,,,,,,1.073e-20,,8.033e-19,7.639e-18,2.570e-19,7.022e-18
301.28,3.521e+2,5.854e-22,1.546e-25,3.415e-46,,5.671e-16,,3.611e-21,8.377e-21,,1.074e-16,8.184e-8,1.415e-31,3.296e-19,6.148e-22,1.468e-33,,4.419e-28,7.484e-27,5.444e-1,4.774e-19,7.464e-26,1.083e-5,5.859e+1,2.127e-22,7.628e+0,7.317e-20,3.450e-1,3.117e-3,2.849e+2,8.267e-3,4.502e-6,4.257e-21,1.955e-23,2.829e-3,,,,,,,,,,,3.487e-21,2.690e-18,,2.035e-21,,,,,,1.069e-20,,8.038e-19,7.690e-18,2.560e-19,7.020e-18
301.31,3.366e+2,5.874e-22,4.189e-26,3.417e-46,,4.327e-16,,3.624e-21,8.343e-21,,1.075e-16,1.648e-7,1.415e-31,3.347e-19,6.148e-22,1.480e-33,,4.420e-28,1.442e-26,4.162e-1,4.776e-19,1.987e-25,5.024e-6,7.660e+1,2.107e-22,8.332e+0,7.327e-20,3.338e-1,4.822e-3,2.510e+2,4.278e-3,4.544e-6,4.258e-21,1.956e-23,1.931e-3,,,,,,,,,,,3.476e-21,2.692e-18,,2.035e-21,,,,,,1.063e-20,,8.045e-19,7.765e-18,2.545e-19,7.017e-18
301.33,3.345e+2,5.887e-22,1.735e-26,3.419e-46,,3.650e-16,,3.633e-21,8.320e-21,,1.075e-16,2.600e-7,1.415e-31,3.380e-19,6.148e-22,1.488e-33,,4.421e-28,2.210e-26,3.450e-1,4.777e-19,3.777e-25,2.979e-6,9.062e+1,2.094e-22,8.759e+0,7.334e-20,3.269e-1,6.384e-3,2.345e+2,2.728e-3,4.525e-6,4.259e-21,1.957e-23,1.600e-3,,,,,,,,,,,3.469e-21,2.693e-18,,2.035e-21,,,,,,1.059e-20,,8.050e-19,7.815e-18,2.534e-19,7.016e-18
301.36,3.449e+2,5.907e-22,3.196e-27,3.421e-46,,2.894e-16,,3.646e-21,8.285e-21,,1.076e-16,5.075e-7,1.414e-31,3.431e-19,6.147e-22,5.594e-33,,4.423e-28,4.128e-26,2.569e-1,4.779e-19,9.746e-25,1.339e-6,1.148e+2,2.074e-22,9.321e+0,7.344e-20,3.180e-1,9.571e-3,2.202e+2,1.368e-3,4.425e-6,4.260e-21,1.959e-23,1.442e-3,,,,,,,,,,,3.457e-21,2.694e-18,,2.036e-21,,,,,,1.053e-20,,8.057e-19,7.890e-18,2.519e-19,7.013e-18
301.38,3.617e+2,5.920e-22,3.060e-27,3.422e-46,,2.530e-16,,3.655e-21,8.262e-21,,1.077e-16,7.843e-7,1.414e-31,3.464e-19,6.147e-22,1.338e-32,,4.424e-28,6.196e-26,2.092e-1,4.780e-19,1.815e-24,7.772e-7,1.330e+2,2.061e-22,9.633e+0,7.350e-20,3.133e-1,1.241e-2,2.185e+2,8.538e-4,4.315e-6,4.261e-21,1.959e-23,1.554e-3,,,,,,,,,,,3.450e-21,2.695e-18,,2.036e-21,,,,,,1.049e-20,,8.062e-19,7.940e-18,2.509e-19,7.011e-18
301.41,4.032e+2,5.940e-22,2.856e-27,3.424e-46,,2.142e-16,,3.668e-21,8.228e-21,,1.078e-16,1.484e-6,1.414e-31,3.515e-19,6.147e-22,4.877e-32,,4.425e-28,1.121e-25,1.517e-1,4.782e-19,4.538e-24,3.383e-7,1.632e+2,2.041e-22,9.998e+0,7.360e-20,3.083e-1,1.803e-2,2.295e+2,4.146e-4,4.089e-6,4.262e-21,1.961e-23,2.082e-3,,,,,,,,,,,3.439e-21,2.696e-18,,2.036e-21,,,,,,1.042e-20,,8.070e-19,8.016e-18,2.494e-19,7.009e-18
301.43,4.429e+2,5.953e-22,2.720e-27,3.425e-46,,1.963e-16,,3.677e-21,8.205e-21,,1.078e-16,2.245e-6,1.413e-31,3.548e-19,6.147e-22,1.143e-31,,4.426e-28,1.648e-25,1.213e-1,4.783e-19,8.274e-24,1.923e-7,1.852e+2,2.027e-22,1.017e+1,7.367e-20,3.064e-1,2.288e-2,2.471e+2,2.534e-4,3.903e-6,4.263e-21,1.962e-23,2.719e-3,,,,,,,,,,,3.431e-21,2.697e-18,,2.037e-21,,,,,,1.038e-20,,8.074e-19,8.066e-18,2.484e-19,7.007e-18
301.46,5.226e+2,5.973e-22,2.516e-27,3.427e-46,,1.778e-16,,3.690e-21,8.171e-21,,1.079e-16,4.117e-6,1.413e-31,3.599e-19,6.147e-22,4.037e-31,,4.428e-28,2.891e-25,8.553e-2,4.785e-19,2.005e-23,8.108e-8,2.202e+2,2.008e-22,1.032e+1,7.376e-20,3.054e-1,3.222e-2,2.916e+2,1.192e-4,3.584e-6,4.264e-21,1.963e-23,4.244e-3,,,,,,,,,,,3.420e-21,2.699e-18,,2.037e-21,,,,,,1.032e-20,,8.082e-19,8.141e-18,2.469e-19,7.005e-18
301.48,5.906e+2,5.987e-22,2.380e-27,3.429e-46,,1.693e-16,,3.699e-21,8.148e-21,,1.080e-16,6.103e-6,1.413e-31,3.632e-19,6.147e-22,9.266e-31,,4.429e-28,4.160e-25,6.713e-2,4.786e-19,3.581e-23,4.511e-8,2.447e+2,1.994e-22,1.035e+1,7.383e-20,3.058e-1,4.005e-2,3.351e+2,7.133e-5,3.350e-6,4.265e-21,1.964e-23,5.758e-3,,,,,,,,,,,3.413e-21,2.700e-18,,2.037e-21,,,,,,1.028e-20,,8.087e-19,8.191e-18,2.459e-19,7.003e-18
301.51,7.176e+2,6.006e-22,2.177e-27,3.431e-46,,1.600e-16,,3.713e-21,8.113e-21,,1.081e-16,1.085e-5,1.412e-31,3.683e-19,6.147e-22,3.172e-30,,4.430e-28,7.072e-25,4.601e-2,4.788e-19,8.412e-23,1.843e-8,2.820e+2,1.974e-22,1.032e+1,7.393e-20,3.074e-1,5.464e-2,4.248e+2,3.250e-5,2.981e-6,4.266e-21,1.965e-23,9.062e-3,,,,,,,,,,,3.401e-21,2.701e-18,,2.038e-21,,,,,,1.022e-20,,8.094e-19,8.266e-18,2.443e-19,7.000e-18
301.53,8.207e+2,6.020e-22,2.041e-27,3.432e-46,,1.551e-16,,3.722e-21,8.090e-21,,1.081e-16,1.575e-5,1.412e-31,3.716e-19,6.147e-22,7.132e-30,,4.431e-28,9.967e-25,3.542e-2,4.789e-19,1.471e-22,1.004e-8,3.068e+2,1.961e-22,1.026e+1,7.399e-20,3.087e-1,6.652e-2,5.033e+2,1.904e-5,2.728e-6,4.267e-21,1.966e-23,1.217e-2,,,,,,,,,,,3.394e-21,2.702e-18,,2.038e-21,,,,,,1.018e-20,,8.099e-19,8.316e-18,2.433e-19,6.999e-18
301.55,9.402e+2,6.033e-22,1.905e-27,3.433e-46,,1.506e-16,,3.730e-21,8.067e-21,,1.082e-16,2.268e-5,1.412e-31,3.750e-19,6.147e-22,1.590e-29,,4.432e-28,1.393e-24,2.706e-2,4.790e-19,2.551e-22,5.421e-9,3.309e+2,1.948e-22,1.019e+1,7.406e-20,3.099e-1,8.030e-2,5.987e+2,1.106e-5,2.476e-6,4.268e-21,1.967e-23,1.623e-2,,,,,,,,,,,3.386e-21,2.703e-18,,2.038e-21,,,,,,1.014e-20,,8.104e-19,8.367e-18,2.423e-19,6.997e-18
301.58,1.153e+3,6.053e-22,1.701e-27,3.435e-46,,1.438e-16,,3.744e-21,8.033e-21,,1.083e-16,3.858e-5,1.411e-31,3.800e-19,6.147e-22,5.211e-29,,4.434e-28,2.266e-24,1.781e-2,4.792e-19,5.737e-22,2.117e-9,3.650e+2,1.928e-22,1.007e+1,7.416e-20,3.107e-1,1.048e-1,7.776e+2,4.819e-6,2.107e-6,4.269e-21,1.969e-23,2.464e-2,,,,,,,,,,,3.375e-21,2.705e-18,,2.039e-21,,,,,,1.008e-20,,8.111e-19,8.442e-18,2.408e-19,6.995e-18
301.6,1.320e+3,6.066e-22,1.565e-27,3.436e-46,,1.389e-16,,3.753e-21,8.010e-21,,1.083e-16,5.441e-5,1.411e-31,3.834e-19,6.147e-22,1.138e-28,,4.435e-28,3.102e-24,1.334e-2,4.793e-19,9.744e-22,1.120e-9,3.857e+2,1.915e-22,1.001e+1,7.422e-20,3.102e-1,1.239e-1,9.235e+2,2.741e-6,1.873e-6,4.269e-21,1.969e-23,3.221e-2,,,,,,,,,,,3.368e-21,2.706e-18,,2.039e-21,,,,,,1.004e-20,,8.116e-19,8.492e-18,2.398e-19,6.993e-18
301.63,1.609e+3,6.086e-22,1.361e-27,3.438e-46,,1.307e-16,,3.766e-21,7.976e-21,,1.084e-16,8.975e-5,1.411e-31,3.884e-19,6.147e-22,3.615e-28,,4.437e-28,4.890e-24,8.520e-3,4.795e-19,2.123e-21,4.236e-10,4.123e+2,1.895e-22,1.002e+1,7.432e-20,3.073e-1,1.568e-1,1.187e+3,1.157e-6,1.545e-6,4.271e-21,1.971e-23,4.739e-2,,,,,,,,,,,3.356e-21,2.707e-18,,2.039e-21,,,,,,9.985e-21,,8.123e-19,8.567e-18,2.383e-19,6.990e-18
301.65,1.831e+3,6.099e-22,1.225e-27,3.440e-46,,1.246e-16,,3.775e-21,7.953e-21,,1.085e-16,1.240e-4,1.410e-31,3.918e-19,6.147e-22,7.732e-28,,4.438e-28,6.555e-24,6.256e-3,4.796e-19,3.532e-21,2.193e-10,4.267e+2,1.882e-22,1.010e+1,7.439e-20,3.036e-1,1.815e-1,1.394e+3,6.441e-7,1.344e-6,4.271e-21,1.972e-23,6.068e-2,,,,,,,,,,,3.349e-21,2.708e-18,,2.039e-21,,,,,,9.945e-21,,8.128e-19,8.617e-18,2.372e-19,6.989e-18
301.68,2.208e+3,6.119e-22,1.021e-27,3.442e-46,,1.144e-16,,3.788e-21,7.918e-21,,1.085e-16,1.983e-4,1.410e-31,3.968e-19,6.147e-22,2.381e-27,,4.439e-28,1.001e-23,3.878e-3,4.798e-19,7.460e-21,8.036e-11,4.422e+2,1.862e-22,1.041e+1,7.449e-20,2.950e-1,2.225e-1,1.754e+3,2.634e-7,1.074e-6,4.272e-21,1.973e-23,8.653e-2,,,,,,,,,,,3.338e-21,2.710e-18,,2.040e-21,,,,,,9.885e-21,,8.135e-19,8.693e-18,2.357e-19,6.986e-18
301.7,2.489e+3,6.132e-22,8.851e-28,3.443e-46,,1.071e-16,,3.797e-21,7.895e-21,,1.086e-16,2.684e-4,1.410e-31,4.002e-19,6.147e-22,4.988e-27,,4.440e-28,1.314e-23,2.791e-3,4.799e-19,1.215e-20,4.072e-11,4.483e+2,1.849e-22,1.076e+1,7.455e-20,2.872e-1,2.522e-1,2.029e+3,1.436e-7,9.149e-7,4.273e-21,1.974e-23,1.085e-1,,,,,,,,,,,3.330e-21,2.711e-18,,2.040e-21,,,,,,9.844e-21,,8.140e-19,8.743e-18,2.347e-19,6.984e-18
301.73,2.955e+3,6.152e-22,6.812e-28,3.445e-46,,9.565e-17,,3.810e-21,7.861e-21,,1.087e-16,4.162e-4,1.409e-31,4.052e-19,6.147e-22,1.489e-26,,4.442e-28,1.946e-23,1.678e-3,4.801e-19,2.488e-20,1.446e-11,4.507e+2,1.829e-22,1.155e+1,7.465e-20,2.726e-1,2.996e-1,2.492e+3,5.686e-8,7.083e-7,4.274e-21,1.975e-23,1.499e-1,,,,,,,,,,,3.319e-21,2.712e-18,,2.040e-21,,,,,,9.784e-21,,8.147e-19,8.818e-18,2.332e-19,6.982e-18
301.75,3.294e+3,6.165e-22,5.452e-28,3.446e-46,,8.782e-17,,3.819e-21,7.838e-21,,1.087e-16,5.519e-4,1.409e-31,4.086e-19,6.147e-22,3.055e-26,,4.443e-28,2.502e-23,1.183e-3,4.802e-19,3.969e-20,7.172e-12,4.477e+2,1.815e-22,1.227e+1,7.472e-20,2.609e-1,3.326e-1,2.834e+3,3.034e-8,5.909e-7,4.275e-21,1.976e-23,1.841e-1,,,,,,,,,,,3.311e-21,2.713e-18,,2.041e-21,,,,,,9.744e-21,,8.152e-19,8.868e-18,2.322e-19,6.980e-18
301.78,3.840e+3,6.185e-22,3.413e-28,3.448e-46,,7.610e-17,,3.832e-21,7.803e-21,,1.088e-16,8.301e-4,1.409e-31,4.136e-19,6.147e-22,8.840e-26,,4.444e-28,3.589e-23,6.900e-4,4.804e-19,7.875e-20,2.466e-12,4.368e+2,1.796e-22,1.368e+1,7.481e-20,2.410e-1,3.829e-1,3.388e+3,1.164e-8,4.432e-7,4.276e-21,1.978e-23,2.466e-1,,,,,,,,,,,3.300e-21,2.715e-18,,2.041e-21,,,,,,9.684e-21,,8.159e-19,8.943e-18,2.307e-19,6.978e-18
301.8,4.224e+3,6.199e-22,2.054e-28,3.450e-46,,6.847e-17,,3.841e-21,7.781e-21,,1.089e-16,1.079e-3,1.409e-31,4.170e-19,6.147e-22,1.776e-25,,4.445e-28,4.518e-23,4.767e-4,4.805e-19,1.230e-19,1.198e-12,4.256e+2,1.782e-22,1.484e+1,7.488e-20,2.265e-1,4.162e-1,3.782e+3,6.081e-9,3.621e-7,4.277e-21,1.979e-23,2.965e-1,,,,,,,,,,,3.293e-21,2.716e-18,,2.041e-21,,,,,,9.644e-21,,8.164e-19,8.994e-18,2.297e-19,6.976e-18
301.83,4.820e+3,6.218e-22,1.445e-30,3.452e-46,,5.753e-17,,3.855e-21,7.746e-21,,1.090e-16,1.574e-3,1.408e-31,4.220e-19,6.147e-22,4.982e-25,,4.447e-28,6.282e-23,2.695e-4,4.807e-19,2.366e-19,3.990e-13,4.035e+2,1.762e-22,1.692e+1,7.498e-20,2.033e-1,4.643e-1,4.398e+3,2.260e-9,2.631e-7,4.278e-21,1.980e-23,3.848e-1,,,,,,,,,,,3.282e-21,2.717e-18,,2.042e-21,,,,,,9.584e-21,,8.171e-19,9.069e-18,2.281e-19,6.973e-18
301.85,5.223e+3,6.232e-22,3.491e-30,3.453e-46,,5.069e-17,,3.863e-21,7.723e-21,,1.090e-16,2.005e-3,1.408e-31,4.254e-19,6.147e-22,9.806e-25,,4.448e-28,7.744e-23,1.824e-4,4.808e-19,3.621e-19,1.897e-13,3.859e+2,1.749e-22,1.851e+1,7.504e-20,1.873e-1,4.943e-1,4.818e+3,1.156e-9,2.104e-7,4.279e-21,1.981e-23,4.531e-1,,,,,,,,,,,3.274e-21,2.718e-18,,2.042e-21,,,,,,9.544e-21,,8.176e-19,9.119e-18,2.271e-19,6.972e-18
301.88,5.823e+3,6.252e-22,1.290e-29,3.455e-46,,4.129e-17,,3.877e-21,7.689e-21,,1.091e-16,2.839e-3,1.408e-31,4.304e-19,6.146e-22,2.666e-24,,4.449e-28,1.044e-22,9.997e-5,4.810e-19,6.748e-19,6.120e-14,3.564e+2,1.729e-22,2.118e+1,7.514e-20,1.632e-1,5.343e-1,5.444e+3,4.162e-10,1.482e-7,4.280e-21,1.982e-23,5.698e-1,,,,,,,,,,,3.263e-21,2.720e-18,,2.042e-21,,,,,,9.484e-21,,8.184e-19,9.194e-18,2.256e-19,6.969e-18
301.9,6.209e+3,6.265e-22,3.053e-29,3.456e-46,,3.563e-17,,3.886e-21,7.666e-21,,1.092e-16,3.545e-3,1.407e-31,4.338e-19,6.146e-22,5.140e-24,,4.450e-28,1.260e-22,6.626e-5,4.811e-19,1.011e-18,2.849e-14,3.353e+2,1.716e-22,2.313e+1,7.521e-20,1.473e-1,5.570e-1,5.850e+3,2.084e-10,1.160e-7,4.281e-21,1.983e-23,6.571e-1,,,,,,,,,,,3.255e-21,2.721e-18,,2.043e-21,,,,,,9.444e-21,,8.188e-19,9.244e-18,2.246e-19,6.967e-18
301.92,6.577e+3,6.278e-22,7.332e-29,3.458e-46,,3.050e-17,,3.894e-21,7.643e-21,,1.092e-16,4.391e-3,1.407e-31,4.372e-19,6.146e-22,9.826e-24,,4.452e-28,1.508e-22,4.356e-5,4.813e-19,1.503e-18,1.315e-14,3.137e+2,1.703e-22,2.516e+1,7.527e-20,1.320e-1,5.757e-1,6.237e+3,1.035e-10,9.012e-8,4.282e-21,1.984e-23,7.513e-1,,,,,,,,,,,3.248e-21,2.722e-18,,2.043e-21,,,,,,9.404e-21,,8.193e-19,9.295e-18,2.236e-19,6.966e-18
301.95,7.078e+3,6.298e-22,2.598e-28,3.460e-46,,2.378e-17,,3.908e-21,7.608e-21,,1.093e-16,5.967e-3,1.407e-31,4.422e-19,6.146e-22,2.557e-23,,4.453e-28,1.945e-22,2.285e-5,4.814e-19,2.681e-18,4.057e-15,2.812e+2,1.683e-22,2.832e+1,7.537e-20,1.101e-1,5.956e-1,6.767e+3,3.571e-11,6.071e-8,4.283e-21,1.985e-23,9.043e-1,,,,,,,,,,,3.237e-21,2.723e-18,,2.043e-21,,,,,,9.344e-21,,8.200e-19,9.370e-18,2.221e-19,6.963e-18
301.97,7.368e+3,6.311e-22,5.976e-28,3.461e-46,,1.995e-17,,3.917e-21,7.586e-21,,1.094e-16,7.250e-3,1.406e-31,4.456e-19,6.146e-22,4.789e-23,,4.454e-28,2.280e-22,1.471e-5,4.816e-19,3.903e-18,1.833e-15,2.600e+2,1.670e-22,3.045e+1,7.544e-20,9.661e-2,6.029e-1,7.076e+3,1.749e-11,4.616e-8,4.284e-21,1.986e-23,1.013e+0,,,,,,,,,,,3.229e-21,2.724e-18,,2.044e-21,,,,,,9.304e-21,,8.205e-19,9.420e-18,2.210e-19,6.962e-18
302,7.722e+3,6.331e-22,2.053e-27,3.463e-46,,1.510e-17,,3.930e-21,7.551e-21,,1.095e-16,9.573e-3,1.406e-31,4.506e-19,6.146e-22,1.208e-22,,4.456e-28,2.849e-22,7.481e-6,4.817e-19,6.747e-18,5.479e-16,2.301e+2,1.650e-22,3.356e+1,7.554e-20,7.816e-2,6.044e-1,7.456e+3,6.297e-12,3.013e-8,4.285e-21,1.988e-23,1.181e+0,,,,,,,,,,,3.218e-21,2.726e-18,,2.044e-21,,,,,,9.244e-21,,8.213e-19,9.495e-18,2.195e-19,6.959e-18
302.02,7.896e+3,6.344e-22,4.626e-27,3.464e-46,,1.244e-17,,3.939e-21,7.528e-21,,1.095e-16,1.141e-2,1.406e-31,4.540e-19,6.146e-22,2.216e-22,,4.457e-28,3.271e-22,4.716e-6,4.819e-19,9.619e-18,2.423e-16,2.117e+2,1.637e-22,3.552e+1,7.560e-20,6.716e-2,5.991e-1,7.646e+3,3.800e-12,2.243e-8,4.285e-21,1.988e-23,1.295e+0,,,,,,,,,,,3.210e-21,2.727e-18,,2.044e-21,,,,,,9.204e-21,,8.217e-19,9.545e-18,2.185e-19,6.957e-18
302.05,8.054e+3,6.364e-22,1.541e-26,3.466e-46,,9.199e-18,,3.952e-21,7.494e-21,,1.096e-16,1.465e-2,1.405e-31,4.590e-19,6.146e-22,5.418e-22,,4.458e-28,3.962e-22,2.324e-6,4.820e-19,1.612e-17,7.016e-17,1.869e+2,1.617e-22,3.820e+1,7.570e-20,5.266e-2,5.820e-1,7.827e+3,3.851e-12,1.419e-8,4.287e-21,1.990e-23,1.464e+0,,,,,,,,,,,3.199e-21,2.728e-18,,2.045e-21,,,,,,9.144e-21,,8.225e-19,9.621e-18,2.170e-19,6.955e-18
302.07,8.088e+3,6.377e-22,3.401e-26,3.468e-46,,7.500e-18,,3.961e-21,7.471e-21,,1.097e-16,1.715e-2,1.405e-31,4.624e-19,6.146e-22,9.733e-22,,4.459e-28,4.454e-22,1.435e-6,4.822e-19,2.250e-17,3.038e-17,1.724e+2,1.603e-22,3.975e+1,7.577e-20,4.432e-2,5.650e-1,7.874e+3,6.264e-12,1.034e-8,4.287e-21,1.991e-23,1.572e+0,,,,,,,,,,,3.192e-21,2.729e-18,,2.045e-21,,,,,,9.104e-21,,8.230e-19,9.671e-18,2.160e-19,6.953e-18
302.1,8.031e+3,6.397e-22,1.098e-25,3.470e-46,,5.558e-18,,3.974e-21,7.436e-21,,1.098e-16,2.142e-2,1.405e-31,4.674e-19,6.146e-22,2.307e-21,,4.461e-28,5.228e-22,6.852e-7,4.823e-19,3.654e-17,8.520e-18,1.538e+2,1.584e-22,4.164e+1,7.586e-20,3.368e-2,5.319e-1,7.833e+3,1.611e-11,6.337e-9,4.288e-21,1.992e-23,1.722e+0,,,,,,,,,,,3.180e-21,2.731e-18,,2.045e-21,,,,,,9.044e-21,,8.237e-19,9.746e-18,2.145e-19,6.951e-18
302.12,7.922e+3,6.411e-22,2.375e-25,3.471e-46,,4.627e-18,,3.983e-21,7.413e-21,,1.098e-16,2.463e-2,1.404e-31,4.708e-19,6.146e-22,4.059e-21,,4.462e-28,5.756e-22,4.142e-7,4.825e-19,4.997e-17,3.612e-18,1.434e+2,1.570e-22,4.256e+1,7.593e-20,2.775e-2,5.057e-1,7.733e+3,3.096e-11,4.523e-9,4.289e-21,1.993e-23,1.811e+0,,,,,,,,,,,3.173e-21,2.732e-18,,2.046e-21,,,,,,9.004e-21,,8.242e-19,9.796e-18,2.134e-19,6.949e-18
302.15,7.660e+3,6.430e-22,7.435e-25,3.473e-46,,3.725e-18,,3.996e-21,7.379e-21,,1.099e-16,2.998e-2,1.404e-31,4.758e-19,6.146e-22,9.327e-21,,4.463e-28,6.547e-22,1.917e-7,4.827e-19,7.865e-17,9.811e-19,1.306e+2,1.550e-22,4.341e+1,7.603e-20,2.043e-2,4.616e-1,7.484e+3,8.185e-11,2.685e-9,4.290e-21,1.994e-23,1.922e+0,,,,,,,,,,,3.162e-21,2.733e-18,,2.046e-21,,,,,,8.944e-21,,8.249e-19,9.871e-18,2.119e-19,6.946e-18
302.17,7.427e+3,6.444e-22,1.575e-24,3.474e-46,,3.435e-18,,4.005e-21,7.356e-21,,1.100e-16,3.389e-2,1.404e-31,4.792e-19,6.146e-22,1.607e-20,,4.464e-28,7.059e-22,1.135e-7,4.828e-19,1.053e-16,4.072e-19,1.237e+2,1.537e-22,4.360e+1,7.609e-20,1.649e-2,4.299e-1,7.257e+3,1.550e-10,1.877e-9,4.291e-21,1.995e-23,1.979e+0,,,,,,,,,,,3.154e-21,2.734e-18,,2.046e-21,,,,,,8.904e-21,,8.254e-19,9.921e-18,2.109e-19,6.945e-18
302.2,7.005e+3,6.464e-22,4.781e-24,3.476e-46,,3.462e-18,,4.019e-21,7.322e-21,,1.100e-16,4.022e-2,1.403e-31,4.842e-19,6.146e-22,3.580e-20,,4.466e-28,7.780e-22,5.087e-8,4.830e-19,1.607e-16,1.071e-19,1.155e+2,1.517e-22,4.330e+1,7.619e-20,1.177e-2,3.806e-1,6.843e+3,3.979e-10,1.079e-9,4.292e-21,1.997e-23,2.036e+0,,,,,,,,,,,3.143e-21,2.736e-18,,2.047e-21,,,,,,8.844e-21,,8.261e-19,9.997e-18,2.094e-19,6.942e-18
302.22,6.684e+3,6.477e-22,9.920e-24,3.477e-46,,3.803e-18,,4.027e-21,7.299e-21,,1.101e-16,4.473e-2,1.403e-31,4.876e-19,6.146e-22,6.042e-20,,4.467e-28,8.215e-22,2.949e-8,4.831e-19,2.107e-16,1.080e-19,1.112e+2,1.504e-22,4.273e+1,7.626e-20,9.297e-3,3.475e-1,6.528e+3,7.383e-10,7.387e-10,4.293e-21,1.998e-23,2.053e+0,,,,,,,,,,,3.136e-21,2.737e-18,,2.047e-21,,,,,,8.804e-21,,8.266e-19,1.005e-17,2.084e-19,6.940e-18
302.25,6.163e+3,6.497e-22,2.919e-23,3.479e-46,,4.854e-18,,4.041e-21,7.264e-21,,1.102e-16,5.185e-2,1.403e-31,4.926e-19,6.146e-22,1.304e-19,,4.468e-28,8.775e-22,1.281e-8,4.833e-19,3.115e-16,1.094e-19,1.060e+2,1.484e-22,4.137e+1,7.636e-20,6.428e-3,2.990e-1,6.013e+3,1.837e-9,4.117e-10,4.294e-21,1.999e-23,2.047e+0,,,,,,,,,,,3.124e-21,2.738e-18,,2.047e-21,,,,,,8.744e-21,,8.273e-19,1.012e-17,2.069e-19,6.938e-18
302.27,5.800e+3,6.510e-22,5.934e-23,3.481e-46,,5.969e-18,,4.050e-21,7.241e-21,,1.102e-16,5.679e-2,1.403e-31,4.960e-19,6.146e-22,2.156e-19,,4.470e-28,9.074e-22,7.270e-9,4.834e-19,4.001e-16,1.103e-19,1.031e+2,1.471e-22,4.015e+1,7.642e-20,4.974e-3,2.681e-1,5.654e+3,3.338e-9,2.759e-10,4.295e-21,2.000e-23,2.021e+0,,,,,,,,,,,3.117e-21,2.739e-18,,2.047e-21,,,,,,8.704e-21,,8.278e-19,1.017e-17,2.059e-19,6.936e-18
302.29,5.432e+3,6.523e-22,1.196e-22,3.482e-46,,7.471e-18,,4.058e-21,7.218e-21,,1.103e-16,6.182e-2,1.402e-31,4.993e-19,6.146e-22,3.535e-19,,4.471e-28,9.305e-22,4.092e-9,4.835e-19,5.096e-16,1.112e-19,1.006e+2,1.458e-22,3.871e+1,7.649e-20,3.816e-3,2.390e-1,5.290e+3,6.016e-9,1.833e-10,4.296e-21,2.001e-23,1.979e+0,,,,,,,,,,,3.109e-21,2.740e-18,,2.048e-21,,,,,,8.663e-21,,8.283e-19,1.022e-17,2.048e-19,6.934e-18
302.32,4.886e+3,6.543e-22,3.372e-22,3.484e-46,,1.059e-17,,4.072e-21,7.184e-21,,1.104e-16,6.946e-2,1.402e-31,5.044e-19,6.146e-22,7.306e-19,,4.472e-28,9.511e-22,1.700e-9,4.837e-19,7.212e-16,1.125e-19,9.732e+1,1.438e-22,3.622e+1,7.659e-20,2.525e-3,1.995e-1,4.750e+3,1.433e-8,9.773e-11,4.297e-21,2.002e-23,1.888e+0,,,,,,,,,,,3.098e-21,2.741e-18,,2.048e-21,,,,,,8.603e-21,,8.290e-19,1.030e-17,2.033e-19,6.932e-18
302.34,4.534e+3,6.556e-22,6.659e-22,3.485e-46,,1.336e-17,,4.081e-21,7.161e-21,,1.104e-16,7.455e-2,1.402e-31,5.077e-19,6.146e-22,1.173e-18,,4.473e-28,9.551e-22,9.371e-10,4.838e-19,8.996e-16,1.134e-19,9.534e+1,1.425e-22,3.440e+1,7.665e-20,1.897e-3,1.763e-1,4.402e+3,2.530e-8,6.358e-11,4.298e-21,2.003e-23,1.811e+0,,,,,,,,,,,3.091e-21,2.742e-18,,2.048e-21,,,,,,8.563e-21,,8.295e-19,1.035e-17,2.023e-19,6.930e-18
302.37,4.035e+3,6.576e-22,1.820e-21,3.487e-46,,1.877e-17,,4.094e-21,7.127e-21,,1.105e-16,8.204e-2,1.401e-31,5.128e-19,6.145e-22,2.350e-18,,4.475e-28,9.462e-22,3.773e-10,4.840e-19,1.234e-15,1.148e-19,9.262e+1,1.405e-22,3.148e+1,7.675e-20,1.216e-3,1.470e-1,3.909e+3,5.842e-8,3.285e-11,4.299e-21,2.004e-23,1.674e+0,,,,,,,,,,,3.079e-21,2.744e-18,,2.049e-21,,,,,,8.503e-21,,8.302e-19,1.042e-17,2.008e-19,6.928e-18
302.39,3.727e+3,6.589e-22,3.520e-21,3.489e-46,,2.336e-17,,4.103e-21,7.104e-21,,1.106e-16,8.687e-2,1.401e-31,5.161e-19,6.145e-22,3.696e-18,,4.476e-28,9.305e-22,2.036e-10,4.841e-19,1.507e-15,1.157e-19,9.102e+1,1.391e-22,2.948e+1,7.681e-20,8.945e-4,1.313e-1,3.604e+3,1.010e-7,2.092e-11,4.299e-21,2.005e-23,1.572e+0,,,,,,,,,,,3.072e-21,2.745e-18,,2.049e-21,,,,,,8.463e-21,,8.307e-19,1.047e-17,1.998e-19,6.926e-18
302.42,3.307e+3,6.609e-22,9.328e-21,3.491e-46,,3.198e-17,,4.116e-21,7.069e-21,,1.107e-16,9.370e-2,1.401e-31,5.212e-19,6.145e-22,7.178e-18,,4.477e-28,8.933e-22,7.942e-11,4.843e-19,2.004e-15,1.170e-19,8.908e+1,1.372e-22,2.646e+1,7.691e-20,5.556e-4,1.141e-1,3.190e+3,2.261e-7,1.047e-11,4.301e-21,2.007e-23,1.408e+0,,,,,,,,,,,3.061e-21,2.746e-18,,2.049e-21,,,,,,8.403e-21,,8.314e-19,1.055e-17,1.983e-19,6.923e-18
302.44,3.056e+3,6.623e-22,1.768e-20,3.492e-46,,3.904e-17,,4.125e-21,7.046e-21,,1.107e-16,9.792e-2,1.400e-31,5.245e-19,6.145e-22,1.106e-17,,4.478e-28,8.602e-22,4.196e-11,4.844e-19,2.398e-15,1.179e-19,8.823e+1,1.358e-22,2.449e+1,7.698e-20,4.003e-4,1.069e-1,2.942e+3,3.829e-7,6.533e-12,4.301e-21,2.007e-23,1.295e+0,,,,,,,,,,,3.053e-21,2.747e-18,,2.050e-21,,,,,,8.363e-21,,8.319e-19,1.060e-17,1.972e-19,6.922e-18
302.47,2.724e+3,6.642e-22,4.542e-20,3.494e-46,,5.188e-17,,4.138e-21,7.012e-21,,1.108e-16,1.036e-1,1.400e-31,5.296e-19,6.145e-22,2.081e-17,,4.480e-28,8.003e-22,1.586e-11,4.846e-19,3.089e-15,1.193e-19,8.790e+1,1.338e-22,2.164e+1,7.708e-20,2.409e-4,1.031e-1,2.613e+3,8.309e-7,3.168e-12,4.302e-21,2.009e-23,1.124e+0,,,,,,,,,,,3.042e-21,2.749e-18,,2.050e-21,,,,,,8.303e-21,,8.327e-19,1.067e-17,1.957e-19,6.919e-18
302.49,2.531e+3,6.656e-22,8.432e-20,3.495e-46,,6.206e-17,,4.147e-21,6.989e-21,,1.109e-16,1.068e-1,1.400e-31,5.329e-19,6.145e-22,3.140e-17,,4.481e-28,7.548e-22,8.204e-12,4.847e-19,3.619e-15,1.202e-19,8.851e+1,1.325e-22,1.986e+1,7.714e-20,1.699e-4,1.054e-1,2.421e+3,1.378e-6,1.935e-12,4.303e-21,2.010e-23,1.013e+0,,,,,,,,,,,3.034e-21,2.750e-18,,2.050e-21,,,,,,8.263e-21,,8.331e-19,1.072e-17,1.947e-19,6.918e-18
302.52,2.280e+3,6.676e-22,2.101e-19,3.497e-46,,7.994e-17,,4.160e-21,6.955e-21,,1.110e-16,1.108e-1,1.399e-31,5.380e-19,6.145e-22,5.729e-17,,4.482e-28,6.805e-22,3.004e-12,4.849e-19,4.520e-15,1.215e-19,9.101e+1,1.305e-22,1.738e+1,7.724e-20,9.910e-5,1.164e-1,2.170e+3,2.899e-6,9.091e-13,4.304e-21,2.011e-23,8.519e-1,,,,,,,,,,,3.023e-21,2.751e-18,,2.051e-21,,,,,,8.203e-21,,8.339e-19,1.080e-17,1.932e-19,6.915e-18
302.54,2.135e+3,6.689e-22,3.821e-19,3.499e-46,,9.366e-17,,4.169e-21,6.932e-21,,1.110e-16,1.128e-1,1.399e-31,5.413e-19,6.145e-22,8.466e-17,,4.483e-28,6.285e-22,1.521e-12,4.850e-19,5.187e-15,1.224e-19,9.394e+1,1.292e-22,1.589e+1,7.731e-20,6.845e-5,1.292e-1,2.024e+3,4.710e-6,5.436e-13,4.305e-21,2.012e-23,7.513e-1,,,,,,,,,,,3.016e-21,2.752e-18,,2.051e-21,,,,,,8.163e-21,,8.343e-19,1.085e-17,1.922e-19,6.913e-18
302.57,1.948e+3,6.709e-22,9.229e-19,3.501e-46,,1.169e-16,,4.183e-21,6.897e-21,,1.111e-16,1.148e-1,1.399e-31,5.464e-19,6.145e-22,1.497e-16,,4.485e-28,5.491e-22,5.398e-13,4.852e-19,6.277e-15,1.238e-19,1.005e+2,1.272e-22,1.392e+1,7.741e-20,3.868e-5,1.572e-1,1.832e+3,9.604e-6,2.475e-13,4.306e-21,2.013e-23,6.125e-1,,,,,,,,,,,3.004e-21,2.754e-18,,2.051e-21,,,,,,3.055e-20,,8.351e-19,1.092e-17,1.907e-19,6.911e-18
302.59,1.840e+3,6.722e-22,1.644e-18,3.502e-46,,1.342e-16,,4.192e-21,6.874e-21,,1.112e-16,1.153e-1,1.398e-31,5.497e-19,6.145e-22,2.167e-16,,4.486e-28,4.967e-22,2.677e-13,4.853e-19,7.055e-15,1.247e-19,1.065e+2,1.259e-22,1.279e+1,7.747e-20,2.616e-5,1.820e-1,1.719e+3,1.528e-5,1.449e-13,4.307e-21,2.014e-23,5.290e-1,,,,,,,,,,,2.997e-21,2.755e-18,,2.052e-21,,,,,,7.290e-20,,8.356e-19,1.097e-17,1.896e-19,6.909e-18
302.62,1.697e+3,6.742e-22,3.852e-18,3.504e-46,,1.624e-16,,4.205e-21,6.840e-21,,1.113e-16,1.148e-1,1.398e-31,5.548e-19,6.145e-22,3.715e-16,,4.488e-28,4.205e-22,9.200e-14,4.855e-19,8.275e-15,1.260e-19,1.180e+2,1.239e-22,1.137e+1,7.757e-20,1.432e-5,2.292e-1,1.567e+3,3.021e-5,6.392e-14,4.308e-21,2.016e-23,4.180e-1,,,,,,,,,,,2.986e-21,2.756e-18,,2.052e-21,,,,,,2.645e-19,,8.363e-19,1.105e-17,1.881e-19,6.907e-18
302.64,1.614e+3,6.755e-22,6.724e-18,3.505e-46,,1.825e-16,,4.214e-21,6.817e-21,,1.113e-16,1.137e-1,1.398e-31,5.581e-19,6.145e-22,5.267e-16,,4.489e-28,3.725e-22,4.467e-14,4.856e-19,9.108e-15,1.269e-19,1.274e+2,1.226e-22,1.061e+1,7.763e-20,9.486e-6,2.678e-1,1.475e+3,4.709e-5,3.665e-14,4.309e-21,2.017e-23,3.535e-1,,,,,,,,,,,2.978e-21,2.757e-18,,2.052e-21,,,,,,6.183e-19,,8.368e-19,1.110e-17,1.871e-19,6.905e-18
302.66,1.537e+3,6.768e-22,1.164e-17,3.506e-46,,2.034e-16,,4.223e-21,6.794e-21,,1.114e-16,1.119e-1,1.398e-31,5.615e-19,6.145e-22,7.404e-16,,4.490e-28,3.271e-22,2.150e-14,4.857e-19,9.942e-15,1.279e-19,1.381e+2,1.213e-22,9.996e+0,7.770e-20,6.230e-6,3.122e-1,1.388e+3,7.279e-5,2.084e-14,4.310e-21,2.017e-23,2.965e-1,,,,,,,,,,,2.971e-21,2.758e-18,,2.053e-21,,,,,,1.433e-18,,8.373e-19,1.115e-17,1.861e-19,6.903e-18
302.69,1.433e+3,6.788e-22,2.612e-17,3.508e-46,,2.357e-16,,4.236e-21,6.760e-21,,1.115e-16,1.081e-1,1.397e-31,5.665e-19,6.145e-22,1.215e-15,,4.491e-28,2.651e-22,7.071e-15,4.859e-19,1.116e-14,1.292e-19,1.564e+2,1.193e-22,9.336e+0,7.780e-20,3.264e-6,3.904e-1,1.267e+3,1.377e-4,8.792e-15,4.311e-21,2.019e-23,2.242e-1,,,,,,,,,,,2.960e-21,2.760e-18,,2.053e-21,,,,,,4.981e-18,,8.380e-19,1.123e-17,1.846e-19,6.901e-18
302.71,1.370e+3,6.801e-22,4.430e-17,3.510e-46,,2.572e-16,,4.245e-21,6.737e-21,,1.115e-16,1.048e-1,1.397e-31,5.699e-19,6.145e-22,1.673e-15,,4.492e-28,2.280e-22,3.333e-15,4.860e-19,1.193e-14,1.301e-19,1.699e+2,1.179e-22,9.058e+0,7.786e-20,2.099e-6,4.502e-1,1.190e+3,2.085e-4,4.894e-15,4.312e-21,2.020e-23,1.841e-1,,,,,,,,,,,2.952e-21,2.761e-18,,2.053e-21,,,,,,1.131e-17,,8.385e-19,1.128e-17,1.836e-19,6.899e-18
302.74,1.283e+3,6.821e-22,9.637e-17,3.512e-46,,2.888e-16,,4.258e-21,6.702e-21,,1.116e-16,9.880e-2,1.397e-31,5.749e-19,6.145e-22,2.662e-15,,4.494e-28,1.791e-22,1.062e-15,4.862e-19,1.298e-14,1.315e-19,1.917e+2,1.160e-22,8.862e+0,7.796e-20,1.066e-6,5.515e-1,1.082e+3,3.825e-4,2.001e-15,4.313e-21,2.021e-23,1.349e-1,,,,,,,,,,,2.941e-21,2.762e-18,,2.054e-21,,,,,,3.811e-17,,8.392e-19,1.135e-17,1.821e-19,6.896e-18
302.76,1.229e+3,6.835e-22,1.601e-16,3.513e-46,,3.088e-16,,4.267e-21,6.679e-21,,1.117e-16,9.424e-2,1.396e-31,5.783e-19,6.145e-22,3.590e-15,,4.495e-28,1.508e-22,4.900e-16,4.863e-19,1.359e-14,1.324e-19,2.067e+2,1.146e-22,8.862e+0,7.803e-20,6.712e-7,6.263e-1,1.012e+3,5.673e-4,1.091e-15,4.314e-21,2.022e-23,1.085e-1,,,,,,,,,,,2.933e-21,2.763e-18,,2.054e-21,,,,,,8.477e-17,,8.397e-19,1.140e-17,1.810e-19,6.895e-18
302.79,1.154e+3,6.854e-22,3.378e-16,3.515e-46,,3.361e-16,,4.280e-21,6.645e-21,,1.117e-16,8.669e-2,1.396e-31,5.833e-19,6.145e-22,5.535e-15,,4.496e-28,1.148e-22,1.512e-16,4.865e-19,1.434e-14,1.337e-19,2.295e+2,1.126e-22,9.025e+0,7.813e-20,3.306e-7,7.486e-1,9.142e+2,1.009e-3,4.321e-16,4.315e-21,2.023e-23,7.704e-2,,,,,,,,,,,2.922e-21,2.765e-18,,2.054e-21,,,,,,2.769e-16,,8.404e-19,1.148e-17,1.795e-19,6.892e-18
302.81,1.107e+3,6.868e-22,5.500e-16,3.516e-46,,3.520e-16,,4.289e-21,6.622e-21,,1.118e-16,8.130e-2,1.396e-31,5.867e-19,6.145e-22,7.312e-15,,4.497e-28,9.468e-23,6.833e-17,4.866e-19,1.470e-14,1.346e-19,2.443e+2,1.113e-22,9.222e+0,7.819e-20,2.046e-7,8.359e-1,8.524e+2,1.465e-3,2.306e-16,4.315e-21,2.024e-23,6.067e-2,,,,,,,,,,,2.915e-21,2.766e-18,,2.054e-21,,,,,,6.035e-16,,8.409e-19,1.153e-17,1.785e-19,6.890e-18
302.84,1.041e+3,6.888e-22,1.125e-15,3.518e-46,,3.715e-16,,4.302e-21,6.588e-21,,1.119e-16,7.286e-2,1.395e-31,5.917e-19,6.145e-22,1.093e-14,,4.499e-28,6.982e-23,2.043e-17,4.868e-19,1.503e-14,1.360e-19,2.650e+2,1.093e-22,9.611e+0,7.829e-20,9.944e-8,9.734e-1,7.654e+2,2.526e-3,8.850e-17,4.317e-21,2.026e-23,4.175e-2,,,,,,,,,,,2.903e-21,2.767e-18,,2.055e-21,,,,,,1.911e-15,,8.416e-19,1.160e-17,1.770e-19,6.888e-18
302.86,1.000e+3,6.901e-22,1.795e-15,3.520e-46,,3.812e-16,,4.311e-21,6.565e-21,,1.119e-16,6.713e-2,1.395e-31,5.951e-19,6.145e-22,1.414e-14,,4.500e-28,5.640e-23,9.039e-18,4.869e-19,1.509e-14,1.369e-19,2.774e+2,1.080e-22,9.910e+0,7.836e-20,6.274e-8,1.068e+0,7.115e+2,3.593e-3,4.625e-17,4.317e-21,2.026e-23,3.220e-2,,,,,,,,,,,2.896e-21,2.768e-18,,2.055e-21,,,,,,4.080e-15,,8.421e-19,1.165e-17,1.760e-19,6.886e-18
302.89,9.416e+2,6.921e-22,3.560e-15,3.522e-46,,3.903e-16,,4.325e-21,6.530e-21,,1.120e-16,5.855e-2,1.395e-31,6.001e-19,6.144e-22,2.049e-14,,4.501e-28,4.031e-23,2.618e-18,4.871e-19,1.495e-14,1.382e-19,2.930e+2,1.060e-22,1.038e+1,7.845e-20,3.615e-8,1.211e+0,6.369e+2,6.004e-3,1.720e-17,4.318e-21,2.028e-23,2.147e-2,,,,,,,,,,,2.885e-21,2.770e-18,,2.056e-21,,,,,,1.253e-14,,8.428e-19,1.173e-17,1.745e-19,6.884e-18
302.91,9.044e+2,6.934e-22,5.564e-15,3.523e-46,,3.925e-16,,4.333e-21,6.507e-21,,1.121e-16,5.296e-2,1.394e-31,6.035e-19,6.144e-22,2.596e-14,,4.502e-28,3.189e-23,1.134e-18,4.873e-19,1.470e-14,1.391e-19,3.010e+2,1.047e-22,1.069e+1,7.852e-20,3.112e-8,1.305e+0,5.914e+2,8.367e-3,8.800e-18,4.319e-21,2.029e-23,1.622e-2,,,,,,,,,,,2.877e-21,2.771e-18,,2.056e-21,,,,,,2.620e-14,,8.433e-19,1.178e-17,1.734e-19,6.882e-18
302.94,8.507e+2,6.954e-22,1.071e-14,3.525e-46,,3.903e-16,,4.347e-21,6.473e-21,,1.122e-16,4.492e-2,1.394e-31,6.085e-19,6.144e-22,3.646e-14,,4.504e-28,2.209e-23,3.183e-19,4.874e-19,1.411e-14,1.405e-19,3.088e+2,1.027e-22,1.111e+1,7.862e-20,3.905e-8,1.441e+0,5.292e+2,1.355e-2,3.171e-18,4.320e-21,2.030e-23,1.048e-2,,,,,,,,,,,2.866e-21,2.772e-18,,2.056e-21,,,,,,7.802e-14,,8.440e-19,1.185e-17,1.719e-19,6.879e-18
302.96,8.157e+2,6.967e-22,1.639e-14,3.526e-46,,3.853e-16,,4.356e-21,6.450e-21,,1.122e-16,3.987e-2,1.394e-31,6.119e-19,6.144e-22,4.525e-14,,4.505e-28,1.711e-23,1.350e-19,4.876e-19,1.359e-14,1.414e-19,3.110e+2,1.014e-22,1.134e+1,7.868e-20,5.605e-8,1.526e+0,4.917e+2,1.850e-2,1.589e-18,4.321e-21,2.031e-23,7.751e-3,,,,,,,,,,,2.858e-21,2.773e-18,,2.056e-21,,,,,,1.598e-13,,8.445e-19,1.190e-17,1.709e-19,6.878e-18
302.99,7.638e+2,6.987e-22,3.058e-14,3.528e-46,,3.731e-16,,4.369e-21,6.415e-21,,1.123e-16,3.286e-2,1.393e-31,6.169e-19,6.144e-22,6.160e-14,,4.507e-28,1.148e-23,3.671e-20,4.877e-19,1.265e-14,1.427e-19,3.097e+2,9.939e-23,1.160e+1,7.878e-20,1.080e-7,1.642e+0,4.408e+2,2.904e-2,5.546e-19,4.322e-21,2.032e-23,4.854e-3,,,,,,,,,,,2.847e-21,2.775e-18,,2.057e-21,,,,,,4.614e-13,,8.453e-19,1.198e-17,1.694e-19,6.875e-18
303.01,7.294e+2,7.000e-22,4.588e-14,3.530e-46,,3.625e-16,,4.378e-21,6.393e-21,,1.124e-16,2.860e-2,1.393e-31,6.203e-19,6.144e-22,7.489e-14,,4.508e-28,8.713e-24,1.524e-20,4.879e-19,1.193e-14,1.436e-19,3.056e+2,9.806e-23,1.171e+1,7.885e-20,1.704e-7,1.709e+0,4.102e+2,3.883e-2,2.721e-19,4.323e-21,2.033e-23,3.516e-3,,,,,,,,,,,2.840e-21,2.776e-18,,2.057e-21,,,,,,9.259e-13,,8.457e-19,1.203e-17,1.684e-19,6.874e-18
303.04,6.776e+2,7.020e-22,8.303e-14,3.532e-46,,3.438e-16,,4.391e-21,6.358e-21,,1.125e-16,2.289e-2,1.393e-31,6.253e-19,6.144e-22,9.882e-14,,4.509e-28,5.667e-24,1.519e-20,4.880e-19,1.076e-14,1.450e-19,2.951e+2,9.607e-23,1.175e+1,7.895e-20,3.368e-7,1.794e+0,3.689e+2,5.909e-2,9.201e-20,4.324e-21,2.035e-23,2.134e-3,,,,,,,,,,,2.829e-21,2.777e-18,,2.057e-21,,,,,,2.592e-12,,8.465e-19,1.210e-17,1.669e-19,6.871e-18
303.06,6.431e+2,7.033e-22,1.220e-13,3.533e-46,,3.305e-16,,4.400e-21,6.335e-21,,1.125e-16,1.954e-2,1.392e-31,6.287e-19,6.144e-22,1.177e-13,,4.510e-28,4.210e-24,1.516e-20,4.882e-19,9.942e-15,1.459e-19,2.853e+2,9.475e-23,1.171e+1,7.901e-20,5.264e-7,1.838e+0,3.441e+2,7.738e-2,4.420e-20,4.325e-21,2.036e-23,1.513e-3,,,,,,,,,,,2.821e-21,2.778e-18,,2.058e-21,,,,,,5.095e-12,,8.470e-19,1.215e-17,1.659e-19,6.869e-18
303.08,6.086e+2,7.046e-22,1.779e-13,3.534e-46,,3.172e-16,,4.409e-21,6.312e-21,,1.126e-16,1.655e-2,1.392e-31,6.321e-19,6.144e-22,1.389e-13,,4.511e-28,3.102e-24,1.512e-20,4.883e-19,9.108e-15,1.468e-19,2.736e+2,9.342e-23,1.160e+1,7.908e-20,8.167e-7,1.872e+0,3.214e+2,1.005e-1,2.105e-20,4.326e-21,2.036e-23,1.064e-3,,,,,,,,,,,2.814e-21,2.779e-18,,2.058e-21,,,,,,9.933e-12,,8.474e-19,1.220e-17,1.648e-19,6.868e-18
303.11,5.575e+2,7.066e-22,3.085e-13,3.536e-46,,2.990e-16,,4.422e-21,6.278e-21,,1.127e-16,1.270e-2,1.392e-31,6.371e-19,6.144e-22,1.755e-13,,4.513e-28,1.931e-24,1.507e-20,4.885e-19,7.863e-15,1.481e-19,2.530e+2,9.144e-23,1.134e+1,7.918e-20,1.556e-6,1.903e+0,2.911e+2,1.464e-1,6.812e-21,4.327e-21,2.038e-23,6.182e-4,,,,,,,,,,,2.802e-21,2.781e-18,,2.058e-21,,,,,,2.663e-11,,8.482e-19,1.228e-17,1.633e-19,6.865e-18
303.13,5.242e+2,7.080e-22,4.407e-13,3.538e-46,,2.890e-16,,4.431e-21,6.255e-21,,1.127e-16,1.054e-2,1.392e-31,6.405e-19,6.144e-22,2.030e-13,,4.514e-28,1.393e-24,1.504e-20,4.886e-19,7.055e-15,1.490e-19,2.376e+2,9.011e-23,1.111e+1,7.924e-20,2.368e-6,1.912e+0,2.734e+2,1.863e-1,3.177e-21,4.328e-21,2.039e-23,4.258e-4,,,,,,,,,,,2.795e-21,2.782e-18,,2.059e-21,,,,,,5.085e-11,,8.486e-19,1.233e-17,1.623e-19,6.863e-18
303.16,4.767e+2,7.099e-22,7.411e-13,3.540e-46,,2.792e-16,,4.444e-21,6.220e-21,,1.128e-16,7.853e-3,1.391e-31,6.455e-19,6.144e-22,2.487e-13,,4.515e-28,8.405e-25,1.498e-20,4.888e-19,5.903e-15,1.504e-19,2.130e+2,8.812e-23,1.069e+1,7.934e-20,4.384e-6,1.910e+0,2.509e+2,2.631e-1,9.961e-22,4.329e-21,2.040e-23,2.396e-4,,,,,,,,,,,2.784e-21,2.783e-18,,2.059e-21,,,,,,1.322e-10,,8.494e-19,1.240e-17,1.608e-19,6.861e-18
303.18,4.472e+2,7.113e-22,1.037e-12,3.541e-46,,2.774e-16,,4.453e-21,6.198e-21,,1.129e-16,6.387e-3,1.391e-31,6.489e-19,6.144e-22,2.817e-13,,4.516e-28,5.938e-25,1.495e-20,4.889e-19,5.187e-15,1.513e-19,1.959e+2,8.680e-23,1.038e+1,7.941e-20,6.547e-6,1.899e+0,2.387e+2,3.278e-1,4.549e-22,4.329e-21,2.041e-23,1.617e-4,,,,,,,,,,,2.776e-21,2.784e-18,,2.059e-21,,,,,,2.473e-10,,8.499e-19,1.245e-17,1.598e-19,6.859e-18
303.21,4.078e+2,7.133e-22,1.692e-12,3.543e-46,,2.834e-16,,4.466e-21,6.163e-21,,1.130e-16,4.614e-3,1.391e-31,6.539e-19,6.144e-22,3.345e-13,,4.518e-28,3.472e-25,1.490e-20,4.891e-19,4.206e-15,1.526e-19,1.702e+2,8.481e-23,9.888e+0,7.950e-20,1.178e-5,1.872e+0,2.254e+2,4.488e-1,1.382e-22,4.331e-21,2.042e-23,8.819e-5,,,,,,,,,,,2.765e-21,2.786e-18,,2.060e-21,,,,,,6.231e-10,,8.506e-19,1.253e-17,1.583e-19,6.857e-18
303.23,3.854e+2,7.146e-22,2.320e-12,3.544e-46,,2.943e-16,,4.475e-21,6.140e-21,,1.130e-16,3.677e-3,1.390e-31,6.573e-19,6.144e-22,3.712e-13,,4.519e-28,2.402e-25,1.486e-20,4.892e-19,3.619e-15,1.535e-19,1.533e+2,8.349e-23,9.555e+0,7.957e-20,1.727e-5,1.849e+0,2.201e+2,5.477e-1,6.178e-23,4.331e-21,2.043e-23,5.830e-5,,,,,,,,,,,2.757e-21,2.786e-18,,2.060e-21,,,,,,1.142e-9,,8.511e-19,1.258e-17,1.572e-19,6.855e-18
303.26,3.590e+2,7.166e-22,3.671e-12,3.546e-46,,3.227e-16,,4.489e-21,6.106e-21,,1.131e-16,2.576e-3,1.390e-31,6.623e-19,6.144e-22,4.274e-13,,4.520e-28,1.361e-25,1.481e-20,4.894e-19,2.845e-15,1.549e-19,1.291e+2,8.150e-23,9.073e+0,7.967e-20,3.022e-5,1.811e+0,2.182e+2,7.269e-1,1.818e-23,4.333e-21,2.045e-23,3.093e-5,,,,,,,,,,,2.746e-21,2.788e-18,,2.060e-21,,,,,,2.790e-9,,8.518e-19,1.265e-17,1.557e-19,6.852e-18
303.28,3.469e+2,7.179e-22,4.934e-12,3.547e-46,,3.503e-16,,4.497e-21,6.083e-21,,1.132e-16,2.011e-3,1.390e-31,6.657e-19,6.144e-22,4.647e-13,,4.521e-28,9.221e-26,1.478e-20,4.895e-19,2.398e-15,1.558e-19,1.139e+2,8.017e-23,8.772e+0,7.973e-20,4.349e-5,1.786e+0,2.216e+2,8.688e-1,7.961e-24,4.333e-21,2.045e-23,2.017e-5,,,,,,,,,,,2.739e-21,2.789e-18,,2.061e-21,,,,,,5.009e-9,,8.523e-19,1.271e-17,1.547e-19,6.851e-18
303.31,3.382e+2,7.199e-22,7.571e-12,3.549e-46,,4.059e-16,,4.511e-21,6.048e-21,,1.132e-16,1.366e-3,1.389e-31,6.707e-19,6.144e-22,5.189e-13,,4.523e-28,5.063e-26,1.472e-20,4.897e-19,1.826e-15,1.571e-19,9.299e+1,7.818e-23,8.368e+0,7.983e-20,7.407e-5,1.752e+0,2.340e+2,1.118e+0,2.270e-24,4.334e-21,2.047e-23,1.077e-5,,,,,,,,,,,2.727e-21,2.790e-18,,2.061e-21,,,,,,1.186e-8,,8.530e-19,1.278e-17,1.532e-19,6.848e-18
303.33,3.391e+2,7.212e-22,9.971e-12,3.551e-46,,4.527e-16,,4.520e-21,6.025e-21,,1.133e-16,1.045e-3,1.389e-31,6.741e-19,6.144e-22,5.529e-13,,4.524e-28,3.359e-26,1.469e-20,4.898e-19,1.507e-15,1.580e-19,8.036e+1,7.686e-23,8.137e+0,7.990e-20,1.047e-4,1.733e+0,2.476e+2,1.309e+0,9.732e-25,4.335e-21,2.048e-23,7.408e-6,,,,,,,,,,,2.720e-21,2.791e-18,,2.061e-21,,,,,,2.087e-8,,8.535e-19,1.283e-17,1.522e-19,6.846e-18
303.36,3.511e+2,7.232e-22,1.484e-11,3.553e-46,,5.375e-16,,4.533e-21,5.991e-21,,1.134e-16,6.881e-4,1.389e-31,6.791e-19,6.144e-22,5.992e-13,,4.526e-28,1.787e-26,1.464e-20,4.900e-19,1.113e-15,1.594e-19,6.357e+1,7.487e-23,7.853e+0,8.000e-20,1.737e-4,1.712e+0,2.763e+2,1.632e+0,2.689e-25,4.336e-21,2.049e-23,5.194e-6,,,,,,,,,,,2.709e-21,2.793e-18,,2.062e-21,,,,,,4.793e-8,,8.542e-19,1.291e-17,1.507e-19,6.844e-18
303.38,3.661e+2,7.245e-22,1.916e-11,3.554e-46,,6.035e-16,,4.542e-21,5.968e-21,,1.134e-16,5.155e-4,1.388e-31,6.825e-19,6.144e-22,6.260e-13,,4.527e-28,1.161e-26,1.460e-20,4.901e-19,8.996e-16,1.603e-19,5.381e+1,7.355e-23,7.708e+0,8.006e-20,2.414e-4,1.704e+0,3.010e+2,1.872e+0,1.129e-25,4.337e-21,2.050e-23,5.210e-6,,,,,,,,,,,2.701e-21,2.794e-18,,2.062e-21,,,,,,8.257e-8,,8.547e-19,1.296e-17,1.496e-19,6.842e-18
303.41,3.992e+2,7.265e-22,2.766e-11,3.556e-46,,7.155e-16,,4.555e-21,5.934e-21,,1.135e-16,3.291e-4,1.388e-31,6.875e-19,6.143e-22,6.591e-13,,4.528e-28,5.989e-27,1.455e-20,4.903e-19,6.437e-16,1.616e-19,4.125e+1,7.156e-23,7.555e+0,8.016e-20,3.906e-4,1.703e+0,3.464e+2,2.263e+0,3.021e-26,4.338e-21,2.051e-23,7.500e-6,,,,,,,,,,,2.690e-21,2.795e-18,,2.062e-21,,,,,,1.839e-7,,8.554e-19,1.303e-17,1.481e-19,6.840e-18
303.43,4.278e+2,7.278e-22,3.498e-11,3.557e-46,,7.978e-16,,4.564e-21,5.911e-21,,1.136e-16,2.415e-4,1.388e-31,6.909e-19,6.143e-22,6.758e-13,,4.529e-28,3.811e-27,1.452e-20,4.904e-19,5.096e-16,1.625e-19,3.420e+1,7.023e-23,7.494e+0,8.023e-20,5.338e-4,1.709e+0,3.818e+2,2.541e+0,3.021e-26,4.339e-21,2.052e-23,1.097e-5,,,,,,,,,,,2.683e-21,2.796e-18,,2.063e-21,,,,,,3.103e-7,,8.559e-19,1.308e-17,1.471e-19,6.838e-18
303.45,4.611e+2,7.292e-22,4.388e-11,3.559e-46,,8.849e-16,,4.573e-21,5.888e-21,,1.137e-16,1.758e-4,1.388e-31,6.942e-19,6.143e-22,6.880e-13,,4.530e-28,2.405e-27,1.448e-20,4.905e-19,4.001e-16,1.634e-19,2.811e+1,6.891e-23,7.462e+0,8.029e-20,7.250e-4,1.719e+0,4.210e+2,2.831e+0,3.020e-26,4.340e-21,2.053e-23,1.670e-5,,,,,,,,,,,2.675e-21,2.797e-18,,2.063e-21,,,,,,5.195e-7,,8.564e-19,1.313e-17,1.461e-19,6.836e-18
303.48,5.187e+2,7.311e-22,6.073e-11,3.561e-46,,1.022e-15,,4.586e-21,5.853e-21,,1.137e-16,1.074e-4,1.387e-31,6.993e-19,6.143e-22,6.980e-13,,4.532e-28,1.187e-27,1.443e-20,4.907e-19,2.740e-16,1.648e-19,2.063e+1,6.692e-23,7.459e+0,8.039e-20,1.134e-3,1.742e+0,4.856e+2,3.277e+0,3.019e-26,4.341e-21,2.055e-23,3.196e-5,,,,,,,,,,,2.664e-21,2.799e-18,,2.063e-21,,,,,,1.108e-6,,8.571e-19,1.321e-17,1.446e-19,6.834e-18
303.5,5.611e+2,7.325e-22,7.466e-11,3.562e-46,,1.116e-15,,4.595e-21,5.830e-21,,1.138e-16,7.657e-5,1.387e-31,7.026e-19,6.143e-22,6.994e-13,,4.533e-28,7.334e-28,1.439e-20,4.908e-19,2.107e-16,1.657e-19,1.661e+1,6.560e-23,7.481e+0,8.046e-20,1.516e-3,1.762e+0,5.317e+2,3.575e+0,3.018e-26,4.342e-21,2.055e-23,4.914e-5,,,,,,,,,,,2.656e-21,2.800e-18,,2.063e-21,,,,,,1.816e-6,,8.576e-19,1.326e-17,1.436e-19,6.832e-18
303.53,6.284e+2,7.345e-22,1.002e-10,3.564e-46,,1.255e-15,,4.608e-21,5.796e-21,,1.139e-16,4.536e-5,1.386e-31,7.077e-19,6.143e-22,6.945e-13,,4.534e-28,3.507e-28,1.434e-20,4.910e-19,1.398e-16,1.670e-19,1.181e+1,6.361e-23,7.539e+0,8.055e-20,2.319e-3,1.796e+0,6.033e+2,4.011e+0,3.017e-26,4.343e-21,2.057e-23,9.252e-5,,,,,,,,,,,2.645e-21,2.801e-18,,2.064e-21,,,,,,3.756e-6,,8.583e-19,1.333e-17,1.421e-19,6.830e-18
303.55,6.744e+2,7.358e-22,1.208e-10,3.565e-46,,1.344e-15,,4.617e-21,5.773e-21,,1.139e-16,3.167e-5,1.386e-31,7.110e-19,6.143e-22,6.875e-13,,4.535e-28,2.122e-28,1.431e-20,4.911e-19,1.053e-16,1.679e-19,9.316e+0,6.228e-23,7.587e+0,8.062e-20,3.055e-3,1.820e+0,6.514e+2,4.286e+0,3.017e-26,4.344e-21,2.058e-23,1.397e-4,,,,,,,,,,,2.638e-21,2.802e-18,,2.064e-21,,,,,,6.033e-6,,8.588e-19,1.338e-17,1.410e-19,6.828e-18
303.58,7.422e+2,7.378e-22,1.573e-10,3.567e-46,,1.469e-15,,4.630e-21,5.739e-21,,1.140e-16,1.818e-5,1.386e-31,7.161e-19,6.143e-22,6.732e-13,,4.537e-28,9.837e-29,1.425e-20,4.913e-19,6.775e-17,1.693e-19,6.423e+0,6.030e-23,7.661e+0,8.072e-20,4.572e-3,1.855e+0,7.216e+2,4.662e+0,3.015e-26,4.345e-21,2.059e-23,2.554e-4,,,,,,,,,,,2.626e-21,2.804e-18,,2.064e-21,,,,,,1.209e-5,,8.596e-19,1.346e-17,1.395e-19,6.825e-18
303.6,7.851e+2,7.391e-22,1.857e-10,3.569e-46,,1.543e-15,,4.639e-21,5.716e-21,,1.141e-16,1.243e-5,1.386e-31,7.194e-19,6.143e-22,6.626e-13,,4.538e-28,5.830e-29,1.422e-20,4.914e-19,4.997e-17,1.702e-19,4.961e+0,5.897e-23,7.706e+0,8.078e-20,5.940e-3,1.876e+0,7.657e+2,4.880e+0,3.015e-26,4.345e-21,2.060e-23,3.779e-4,,,,,,,,,,,2.619e-21,2.805e-18,,2.065e-21,,,,,,1.903e-5,,8.600e-19,1.351e-17,1.385e-19,6.824e-18
303.63,8.432e+2,7.411e-22,2.347e-10,3.571e-46,,1.636e-15,,4.653e-21,5.681e-21,,1.142e-16,6.920e-6,1.385e-31,7.245e-19,6.143e-22,6.474e-13,,4.539e-28,2.621e-29,1.417e-20,4.916e-19,3.115e-17,1.715e-19,3.316e+0,5.698e-23,7.757e+0,8.088e-20,8.708e-3,1.903e+0,8.251e+2,5.145e+0,3.014e-26,4.347e-21,2.061e-23,6.699e-4,,,,,,,,,,,2.608e-21,2.806e-18,,2.065e-21,,,,,,3.699e-5,,8.608e-19,1.358e-17,1.370e-19,6.821e-18
303.65,8.764e+2,7.424e-22,2.716e-10,3.572e-46,,1.683e-15,,4.661e-21,5.658e-21,,1.142e-16,4.634e-6,1.385e-31,7.278e-19,6.143e-22,6.392e-13,,4.540e-28,1.525e-29,1.413e-20,4.917e-19,2.250e-17,1.724e-19,2.510e+0,5.566e-23,7.777e+0,8.095e-20,1.116e-2,1.916e+0,8.589e+2,5.274e+0,3.013e-26,4.347e-21,2.062e-23,9.711e-4,,,,,,,,,,,2.600e-21,2.807e-18,,2.065e-21,,,,,,5.701e-5,,8.613e-19,1.363e-17,1.360e-19,6.819e-18
303.68,9.154e+2,7.444e-22,3.330e-10,3.574e-46,,1.731e-15,,4.675e-21,5.624e-21,,1.143e-16,2.500e-6,1.385e-31,7.329e-19,6.143e-22,6.326e-13,,4.542e-28,6.757e-30,1.408e-20,4.919e-19,1.360e-17,1.738e-19,1.631e+0,5.367e-23,7.780e+0,8.105e-20,1.604e-2,1.927e+0,8.986e+2,5.390e+0,3.012e-26,4.348e-21,2.064e-23,1.669e-3,,,,,,,,,,,2.589e-21,2.809e-18,,2.066e-21,,,,,,1.074e-4,,8.620e-19,1.371e-17,1.345e-19,6.817e-18
303.7,9.332e+2,7.457e-22,3.776e-10,3.575e-46,,1.745e-15,,4.684e-21,5.601e-21,,1.144e-16,1.639e-6,1.384e-31,7.362e-19,6.143e-22,6.332e-13,,4.543e-28,4.025e-30,1.405e-20,4.920e-19,9.619e-18,1.747e-19,1.214e+0,5.234e-23,7.763e+0,8.111e-20,2.030e-2,1.927e+0,9.169e+2,5.413e+0,3.011e-26,4.349e-21,2.065e-23,2.370e-3,,,,,,,,,,,2.581e-21,2.810e-18,,2.066e-21,,,,,,1.622e-4,,8.625e-19,1.376e-17,1.334e-19,6.815e-18
303.73,9.464e+2,7.477e-22,4.492e-10,3.577e-46,,1.739e-15,,4.697e-21,5.567e-21,,1.145e-16,8.571e-7,1.384e-31,7.413e-19,6.143e-22,6.439e-13,,4.545e-28,2.251e-30,1.399e-20,4.922e-19,5.634e-18,1.760e-19,7.764e-1,5.036e-23,7.710e+0,8.121e-20,2.862e-2,1.915e+0,9.306e+2,5.362e+0,3.010e-26,4.350e-21,2.066e-23,3.948e-3,,,,,,,,,,,2.570e-21,2.811e-18,,2.066e-21,,,,,,2.964e-4,,8.632e-19,1.383e-17,1.319e-19,6.813e-18
303.75,9.458e+2,7.490e-22,4.993e-10,3.578e-46,,1.718e-15,,4.706e-21,5.544e-21,,1.145e-16,5.505e-7,1.384e-31,7.446e-19,6.143e-22,6.583e-13,,4.546e-28,2.095e-30,1.396e-20,4.923e-19,3.903e-18,1.769e-19,5.795e-1,4.903e-23,7.655e+0,8.128e-20,3.576e-2,1.898e+0,9.304e+2,5.274e+0,3.010e-26,4.351e-21,2.067e-23,5.492e-3,,,,,,,,,,,2.563e-21,2.812e-18,,2.067e-21,,,,,,4.385e-4,,8.637e-19,1.388e-17,1.309e-19,6.811e-18
303.78,9.307e+2,7.510e-22,5.764e-10,3.580e-46,,1.660e-15,,4.719e-21,5.509e-21,,1.146e-16,2.789e-7,1.383e-31,7.497e-19,6.143e-22,6.921e-13,,4.547e-28,3.295e-30,1.391e-20,4.925e-19,2.215e-18,1.783e-19,3.891e-1,4.704e-23,7.549e+0,8.137e-20,4.948e-2,1.858e+0,9.157e+2,5.065e+0,3.009e-26,4.352e-21,2.068e-23,8.872e-3,,,,,,,,,,,9.492e-21,2.814e-18,,2.067e-21,,,,,,7.767e-4,,8.644e-19,1.396e-17,1.294e-19,6.808e-18
303.8,9.114e+2,7.523e-22,6.279e-10,3.582e-46,,1.606e-15,,4.728e-21,5.486e-21,,1.147e-16,1.754e-7,1.383e-31,7.530e-19,6.143e-22,7.229e-13,,4.548e-28,5.433e-30,1.387e-20,4.926e-19,1.503e-18,1.792e-19,3.173e-1,4.572e-23,7.464e+0,8.144e-20,6.105e-2,1.822e+0,8.969e+2,4.880e+0,3.008e-26,4.353e-21,2.069e-23,1.209e-2,,,,,,,,,,,2.249e-20,2.815e-18,,2.067e-21,,,,,,1.126e-3,,8.649e-19,1.401e-17,1.284e-19,6.807e-18
303.82,8.853e+2,7.537e-22,6.785e-10,3.583e-46,,1.541e-15,,4.737e-21,5.463e-21,,1.147e-16,1.094e-7,1.383e-31,7.564e-19,6.143e-22,7.603e-13,,4.549e-28,9.375e-30,1.384e-20,4.928e-19,1.011e-18,1.801e-19,2.818e-1,4.439e-23,7.369e+0,8.151e-20,7.494e-2,1.779e+0,8.712e+2,4.662e+0,3.007e-26,4.354e-21,2.070e-23,1.634e-2,,,,,,,,,,,5.286e-20,2.816e-18,,2.068e-21,,,,,,1.618e-3,,8.654e-19,1.406e-17,1.274e-19,6.805e-18
303.85,8.348e+2,7.557e-22,7.508e-10,3.585e-46,,1.426e-15,,4.750e-21,5.429e-21,,1.148e-16,5.308e-8,1.382e-31,7.614e-19,6.143e-22,8.281e-13,,4.551e-28,2.153e-29,1.379e-20,4.929e-19,5.495e-19,1.814e-19,2.900e-1,4.241e-23,7.213e+0,8.160e-20,1.010e-1,1.701e+0,8.212e+2,4.286e+0,3.006e-26,4.355e-21,2.071e-23,2.527e-2,,,,,,,,,,,1.876e-19,2.817e-18,,2.068e-21,,,,,,2.744e-3,,8.661e-19,1.413e-17,1.258e-19,6.802e-18
303.87,7.947e+2,7.570e-22,7.953e-10,3.586e-46,,1.340e-15,,4.759e-21,5.406e-21,,1.149e-16,3.243e-8,1.382e-31,7.648e-19,6.143e-22,8.804e-13,,4.552e-28,3.729e-29,1.375e-20,4.931e-19,3.621e-19,1.823e-19,3.365e-1,4.108e-23,7.100e+0,8.167e-20,1.224e-1,1.640e+0,7.814e+2,4.011e+0,3.006e-26,4.356e-21,2.072e-23,3.345e-2,,,,,,,,,,,4.319e-19,2.818e-18,,2.068e-21,,,,,,3.863e-3,,8.666e-19,1.418e-17,1.248e-19,6.801e-18
303.9,7.270e+2,7.590e-22,8.540e-10,3.588e-46,,1.202e-15,,4.772e-21,5.372e-21,,1.149e-16,1.524e-8,1.382e-31,7.698e-19,6.143e-22,9.677e-13,,4.553e-28,8.379e-29,1.370e-20,4.932e-19,1.907e-19,1.837e-19,4.760e-1,3.909e-23,6.921e+0,8.177e-20,1.617e-1,1.537e+0,7.143e+2,3.575e+0,3.005e-26,4.357e-21,2.074e-23,5.017e-2,,,,,,,,,,,1.486e-18,2.820e-18,,2.069e-21,,,,,,6.355e-3,,8.673e-19,1.426e-17,1.233e-19,6.798e-18
303.92,6.784e+2,7.603e-22,8.865e-10,3.590e-46,,1.107e-15,,4.781e-21,5.349e-21,,1.150e-16,9.119e-9,1.382e-31,7.732e-19,6.142e-22,1.031e-12,,4.554e-28,1.423e-28,1.366e-20,4.934e-19,1.230e-19,1.846e-19,6.253e-1,3.777e-23,6.796e+0,8.183e-20,1.935e-1,1.461e+0,6.660e+2,3.277e+0,3.004e-26,4.358e-21,2.074e-23,6.506e-2,,,,,,,,,,,3.353e-18,2.821e-18,,2.069e-21,,,,,,8.764e-3,,8.678e-19,1.431e-17,1.223e-19,6.797e-18
303.95,6.027e+2,7.623e-22,9.238e-10,3.592e-46,,9.630e-16,,4.795e-21,5.314e-21,,1.151e-16,4.154e-9,1.381e-31,7.782e-19,6.142e-22,1.129e-12,,4.556e-28,3.103e-28,1.361e-20,4.935e-19,6.280e-20,1.859e-19,9.595e-1,3.578e-23,6.599e+0,8.193e-20,2.506e-1,1.340e+0,5.906e+2,2.831e+0,3.003e-26,4.359e-21,2.076e-23,9.461e-2,,,,,,,,,,,1.119e-17,2.822e-18,,2.069e-21,,,,,,1.398e-2,,8.685e-19,1.439e-17,1.208e-19,6.794e-18
303.97,5.518e+2,7.636e-22,9.400e-10,3.593e-46,,8.689e-16,,4.803e-21,5.291e-21,,1.152e-16,2.434e-9,1.381e-31,7.816e-19,6.142e-22,1.197e-12,,4.557e-28,5.163e-28,1.358e-20,4.937e-19,3.969e-20,1.868e-19,1.277e+0,3.445e-23,6.461e+0,8.200e-20,2.958e-1,1.256e+0,5.398e+2,2.542e+0,3.002e-26,4.359e-21,2.077e-23,1.202e-1,,,,,,,,,,,2.474e-17,2.823e-18,,2.070e-21,,,,,,1.888e-2,,8.690e-19,1.444e-17,1.198e-19,6.792e-18
304,4.771e+2,7.656e-22,9.505e-10,3.595e-46,,7.338e-16,,4.817e-21,5.257e-21,,1.152e-16,1.075e-9,1.380e-31,7.866e-19,6.142e-22,1.297e-12,,4.558e-28,1.091e-27,1.353e-20,4.938e-19,1.963e-20,1.882e-19,1.943e+0,3.247e-23,6.239e+0,8.210e-20,3.755e-1,1.126e+0,4.651e+2,2.130e+0,3.001e-26,4.361e-21,2.078e-23,1.694e-1,,,,,,,,,,,8.006e-17,2.825e-18,,2.070e-21,,,,,,2.920e-2,,8.697e-19,1.451e-17,1.183e-19,6.790e-18
304.02,4.297e+2,7.669e-22,9.480e-10,3.596e-46,,6.494e-16,,4.826e-21,5.234e-21,,1.153e-16,6.167e-10,1.380e-31,7.900e-19,6.142e-22,1.362e-12,,4.559e-28,1.779e-27,1.349e-20,4.940e-19,1.215e-20,1.891e-19,2.549e+0,3.114e-23,6.080e+0,8.216e-20,4.370e-1,1.039e+0,4.175e+2,1.874e+0,3.001e-26,4.361e-21,2.079e-23,2.108e-1,,,,,,,,,,,1.734e-16,2.826e-18,,2.070e-21,,,,,,3.864e-2,,8.702e-19,1.456e-17,1.172e-19,6.788e-18
304.05,3.638e+2,7.689e-22,9.303e-10,3.598e-46,,5.332e-16,,4.839e-21,5.199e-21,,1.154e-16,2.639e-10,1.380e-31,7.950e-19,6.142e-22,1.456e-12,,4.561e-28,3.648e-27,1.344e-20,4.942e-19,5.826e-21,1.904e-19,3.777e+0,2.915e-23,5.821e+0,8.226e-20,5.430e-1,9.092e-1,3.509e+2,1.523e+0,3.000e-26,4.363e-21,2.080e-23,2.882e-1,,,,,,,,,,,5.442e-16,2.827e-18,,2.071e-21,,,,,,5.793e-2,,8.709e-19,1.464e-17,1.157e-19,6.786e-18
304.07,3.244e+2,7.702e-22,9.096e-10,3.600e-46,,4.635e-16,,4.848e-21,5.177e-21,,1.154e-16,1.483e-10,1.380e-31,7.984e-19,6.142e-22,1.514e-12,,4.562e-28,5.826e-27,1.340e-20,4.943e-19,3.532e-21,1.913e-19,4.860e+0,2.783e-23,5.634e+0,8.233e-20,6.230e-1,8.253e-1,3.107e+2,1.314e+0,2.999e-26,4.363e-21,2.081e-23,3.513e-1,,,,,,,,,,,1.155e-15,2.828e-18,,2.071e-21,,,,,,7.510e-2,,8.714e-19,1.469e-17,1.147e-19,6.784e-18
304.1,2.730e+2,7.722e-22,8.664e-10,3.602e-46,,3.715e-16,,4.861e-21,5.142e-21,,1.155e-16,6.150e-11,1.379e-31,8.034e-19,6.142e-22,1.592e-12,,1.675e-27,1.158e-26,1.335e-20,4.945e-19,1.641e-21,1.927e-19,6.987e+0,2.584e-23,5.329e+0,8.242e-20,7.573e-1,7.050e-1,2.577e+2,1.038e+0,2.998e-26,4.364e-21,2.083e-23,4.655e-1,,,,,,,,,,,3.515e-15,2.830e-18,,2.071e-21,,,,,,1.092e-1,,8.722e-19,1.476e-17,1.132e-19,6.781e-18
304.12,2.447e+2,7.735e-22,8.305e-10,3.603e-46,,3.187e-16,,4.870e-21,5.119e-21,,1.156e-16,3.385e-11,1.379e-31,8.068e-19,6.142e-22,1.639e-12,,3.946e-27,1.812e-26,1.332e-20,4.946e-19,9.744e-22,1.936e-19,8.811e+0,2.452e-23,5.109e+0,8.249e-20,8.562e-1,6.296e-1,2.277e+2,8.802e-1,2.997e-26,4.365e-21,2.084e-23,5.559e-1,,,,,,,,,,,7.308e-15,2.831e-18,,2.071e-21,,,,,,1.386e-1,,8.726e-19,1.481e-17,1.122e-19,6.780e-18
304.15,2.117e+2,7.755e-22,7.680e-10,3.605e-46,,2.517e-16,,4.883e-21,5.085e-21,,1.157e-16,1.360e-11,1.379e-31,8.118e-19,6.142e-22,1.698e-12,,1.405e-26,3.492e-26,1.327e-20,4.948e-19,4.388e-22,1.949e-19,1.229e+1,2.253e-23,4.754e+0,8.259e-20,1.018e+0,5.252e-1,1.915e+2,6.811e-1,2.996e-26,4.366e-21,2.085e-23,7.142e-1,,,,,,,,,,,2.157e-14,2.832e-18,,2.072e-21,,,,,,1.954e-1,,8.734e-19,1.489e-17,1.107e-19,6.777e-18
304.17,1.964e+2,7.769e-22,7.220e-10,3.606e-46,,2.149e-16,,4.892e-21,5.062e-21,,1.157e-16,7.332e-12,1.378e-31,8.152e-19,6.142e-22,1.731e-12,,3.243e-26,5.353e-26,1.323e-20,4.949e-19,2.551e-22,1.958e-19,1.518e+1,2.120e-23,4.502e+0,8.265e-20,1.133e+0,4.619e-1,1.735e+2,5.724e-1,2.996e-26,4.367e-21,2.086e-23,8.354e-1,,,,,,,,,,,4.394e-14,2.833e-18,,2.072e-21,,,,,,2.431e-1,,8.739e-19,1.494e-17,1.096e-19,6.775e-18
304.19,1.868e+2,7.782e-22,6.736e-10,3.608e-46,,1.839e-16,,4.901e-21,5.039e-21,,1.158e-16,3.919e-12,1.378e-31,8.186e-19,6.142e-22,1.758e-12,,7.424e-26,8.139e-26,1.320e-20,4.950e-19,1.471e-22,1.967e-19,1.861e+1,1.988e-23,4.241e+0,8.272e-20,1.255e+0,4.041e-1,1.606e+2,4.821e-1,2.995e-26,4.368e-21,2.087e-23,9.692e-1,,,,,,,,,,,8.878e-14,2.834e-18,,2.072e-21,,,,,,2.999e-1,,8.743e-19,1.499e-17,1.086e-19,6.774e-18
304.22,1.835e+2,7.802e-22,5.987e-10,3.610e-46,,1.475e-16,,4.914e-21,5.004e-21,,1.159e-16,1.508e-12,1.378e-31,8.236e-19,6.142e-22,1.787e-12,,2.533e-25,1.502e-25,1.314e-20,4.952e-19,6.341e-23,1.981e-19,2.488e+1,1.789e-23,3.835e+0,8.282e-20,1.444e+0,3.276e-1,1.510e+2,3.789e-1,2.994e-26,4.369e-21,2.088e-23,1.192e+0,,,,,,,,,,,2.511e-13,2.835e-18,,2.073e-21,,,,,,4.048e-1,,8.751e-19,1.506e-17,1.071e-19,6.771e-18
304.24,1.888e+2,7.815e-22,5.487e-10,3.611e-46,,1.291e-16,,4.923e-21,4.982e-21,,1.159e-16,7.892e-13,1.377e-31,8.270e-19,6.142e-22,1.799e-12,,5.681e-25,2.238e-25,1.311e-20,4.953e-19,3.581e-23,1.990e-19,2.988e+1,1.657e-23,3.558e+0,8.288e-20,1.574e+0,2.836e-1,1.513e+2,3.304e-1,2.993e-26,4.370e-21,2.089e-23,1.355e+0,,,,,,,,,,,4.970e-13,2.836e-18,,2.073e-21,,,,,,4.893e-1,,8.756e-19,1.511e-17,1.061e-19,6.769e-18
304.27,2.085e+2,7.835e-22,4.755e-10,3.613e-46,,1.094e-16,,4.936e-21,4.947e-21,,1.160e-16,2.942e-13,1.377e-31,8.320e-19,6.142e-22,1.806e-12,,1.880e-24,4.006e-25,1.306e-20,4.955e-19,1.496e-23,2.004e-19,3.874e+1,1.458e-23,3.141e+0,8.298e-20,1.771e+0,2.275e-1,1.621e+2,2.865e-1,2.992e-26,4.371e-21,2.090e-23,1.616e+0,,,,,,,,,,,1.363e-12,2.838e-18,,2.073e-21,,,,,,6.403e-1,,8.763e-19,1.519e-17,1.046e-19,6.767e-18
304.29,2.298e+2,7.848e-22,4.292e-10,3.614e-46,,1.006e-16,,4.945e-21,4.924e-21,,1.161e-16,1.508e-13,1.377e-31,8.354e-19,6.142e-22,1.803e-12,,4.131e-24,5.845e-25,1.302e-20,4.956e-19,8.274e-24,2.013e-19,4.561e+1,1.325e-23,2.866e+0,8.305e-20,1.901e+0,1.965e-1,1.763e+2,2.758e-1,2.992e-26,4.372e-21,2.091e-23,1.799e+0,,,,,,,,,,,2.643e-12,2.839e-18,,2.074e-21,,,,,,7.581e-1,,8.768e-19,1.524e-17,1.036e-19,6.765e-18
304.32,2.739e+2,7.868e-22,3.651e-10,3.616e-46,,9.303e-17,,4.959e-21,4.890e-21,,1.162e-16,5.450e-14,1.376e-31,8.404e-19,6.142e-22,1.788e-12,,1.326e-23,1.015e-24,1.297e-20,4.958e-19,3.350e-24,2.026e-19,5.738e+1,1.126e-23,2.465e+0,8.315e-20,2.089e+0,1.590e-1,2.085e+2,2.873e-1,2.991e-26,4.373e-21,2.093e-23,2.081e+0,,,,,,,,,,,7.030e-12,2.840e-18,,2.074e-21,,,,,,9.619e-1,,8.775e-19,1.531e-17,1.021e-19,6.763e-18
304.34,3.117e+2,7.881e-22,3.269e-10,3.617e-46,,9.104e-17,,4.967e-21,4.867e-21,,1.162e-16,2.736e-14,1.376e-31,8.438e-19,6.142e-22,1.770e-12,,2.855e-23,1.450e-24,1.294e-20,4.959e-19,1.815e-24,2.035e-19,6.620e+1,9.939e-24,2.209e+0,8.321e-20,2.208e+0,1.393e-1,2.372e+2,3.136e-1,2.990e-26,4.374e-21,2.093e-23,2.269e+0,,,,,,,,,,,1.336e-11,2.841e-18,,2.074e-21,,,,,,1.116e+0,,8.780e-19,1.536e-17,1.010e-19,6.761e-18
304.37,3.807e+2,7.901e-22,2.772e-10,3.619e-46,,9.174e-17,,4.981e-21,4.832e-21,,1.163e-16,9.582e-15,1.376e-31,8.488e-19,6.142e-22,1.731e-12,,8.885e-23,2.441e-24,1.288e-20,4.961e-19,7.121e-25,2.049e-19,8.083e+1,7.952e-24,1.849e+0,8.331e-20,2.371e+0,1.172e-1,2.912e+2,3.822e-1,2.989e-26,4.375e-21,2.095e-23,2.545e+0,,,,,,,,,,,3.446e-11,2.843e-18,,2.075e-21,,,,,,1.372e+0,,8.787e-19,1.544e-17,9.952e-20,6.758e-18
304.39,4.348e+2,7.914e-22,2.496e-10,3.621e-46,,9.423e-17,,4.990e-21,4.809e-21,,1.164e-16,4.711e-15,1.376e-31,8.522e-19,6.142e-22,1.698e-12,,1.875e-22,3.418e-24,1.285e-20,4.962e-19,3.777e-25,2.058e-19,9.142e+1,6.626e-24,1.626e+0,8.337e-20,2.467e+0,1.068e-1,3.345e+2,4.485e-1,2.988e-26,4.375e-21,2.096e-23,2.718e+0,,,,,,,,,,,6.415e-11,2.844e-18,,2.075e-21,,,,,,1.559e+0,,8.792e-19,1.549e-17,9.851e-20,6.757e-18
304.42,5.275e+2,7.934e-22,2.172e-10,3.623e-46,,1.004e-16,,5.003e-21,4.775e-21,,1.164e-16,1.599e-15,1.375e-31,8.572e-19,6.141e-22,1.636e-12,,5.659e-22,5.579e-24,1.280e-20,4.964e-19,1.437e-25,2.071e-19,1.083e+2,4.639e-24,1.323e+0,8.347e-20,2.588e+0,9.705e-2,4.097e+2,5.811e-1,2.987e-26,4.377e-21,2.097e-23,2.955e+0,,,,,,,,,,,1.605e-10,2.845e-18,,2.075e-21,,,,,,1.860e+0,,8.799e-19,1.556e-17,9.699e-20,6.754e-18
304.44,5.962e+2,7.947e-22,2.017e-10,3.624e-46,,1.059e-16,,5.012e-21,4.752e-21,,1.165e-16,7.699e-16,1.375e-31,8.606e-19,6.141e-22,1.588e-12,,1.170e-21,7.654e-24,1.276e-20,4.965e-19,7.464e-26,2.080e-19,1.201e+2,3.314e-24,1.142e+0,8.354e-20,2.652e+0,9.399e-2,4.663e+2,6.933e-1,2.986e-26,4.377e-21,2.098e-23,3.092e+0,,,,,,,,,,,2.927e-10,2.846e-18,,2.076e-21,,,,,,2.070e+0,,8.804e-19,1.561e-17,9.597e-20,6.753e-18
304.47,7.083e+2,7.967e-22,1.877e-10,3.626e-46,,1.158e-16,,5.025e-21,4.718e-21,,1.166e-16,2.532e-16,1.374e-31,8.656e-19,6.141e-22,1.505e-12,,3.425e-21,1.211e-23,1.271e-20,4.967e-19,2.751e-26,2.094e-19,1.382e+2,1.326e-24,9.020e-1,8.364e-20,2.720e+0,9.402e-2,5.598e+2,8.997e-1,2.985e-26,4.378e-21,2.099e-23,3.259e+0,,,,,,,,,,,7.100e-10,2.848e-18,,2.076e-21,,,,,,2.394e+0,,8.811e-19,1.569e-17,9.446e-20,6.750e-18
304.49,7.877e+2,7.981e-22,1.843e-10,3.627e-46,,1.235e-16,,5.034e-21,4.695e-21,,1.166e-16,1.194e-16,1.374e-31,8.690e-19,6.141e-22,1.443e-12,,6.938e-21,1.628e-23,1.268e-20,4.968e-19,1.400e-26,2.103e-19,1.503e+2,6.721e-28,7.636e-1,8.370e-20,2.745e+0,9.688e-2,6.268e+2,1.064e+0,2.985e-26,4.379e-21,2.100e-23,3.341e+0,,,,,,,,,,,1.269e-9,2.849e-18,,2.076e-21,,,,,,2.610e+0,,8.816e-19,1.574e-17,9.344e-20,6.748e-18
304.52,9.113e+2,8.000e-22,1.879e-10,3.629e-46,,1.368e-16,,5.047e-21,4.660e-21,,1.167e-16,3.807e-17,1.374e-31,8.740e-19,6.141e-22,1.342e-12,,1.970e-20,2.498e-23,1.262e-20,4.970e-19,5.001e-27,2.116e-19,1.679e+2,2.489e-27,5.867e-1,8.380e-20,2.752e+0,1.052e-1,7.323e+2,1.352e+0,2.984e-26,4.380e-21,2.102e-23,3.414e+0,,,,,,,,,,,2.985e-9,2.850e-18,,2.077e-21,,,,,,2.927e+0,,8.823e-19,1.581e-17,9.192e-20,6.746e-18
304.54,9.950e+2,8.014e-22,1.959e-10,3.631e-46,,1.470e-16,,5.056e-21,4.637e-21,,1.168e-16,1.758e-17,1.374e-31,8.774e-19,6.141e-22,1.270e-12,,3.909e-20,3.290e-23,1.259e-20,4.971e-19,2.492e-27,2.125e-19,1.791e+2,5.896e-27,4.880e-1,8.387e-20,2.737e+0,1.133e-1,8.044e+2,1.573e+0,2.983e-26,4.381e-21,2.103e-23,3.428e+0,,,,,,,,,,,5.227e-9,2.851e-18,,2.077e-21,,,,,,3.126e+0,,8.828e-19,1.586e-17,9.091e-20,6.744e-18
304.56,1.078e+3,8.027e-22,2.080e-10,3.632e-46,,1.583e-16,,5.065e-21,4.614e-21,,1.169e-16,8.051e-18,1.373e-31,8.807e-19,6.141e-22,1.195e-12,,7.696e-20,4.297e-23,1.255e-20,4.972e-19,1.231e-27,2.134e-19,1.895e+2,1.386e-26,4.036e-1,8.393e-20,2.705e+0,1.236e-1,8.767e+2,1.815e+0,2.982e-26,4.382e-21,2.103e-23,3.414e+0,,,,,,,,,,,9.078e-9,2.852e-18,,2.077e-21,,,,,,3.312e+0,,8.833e-19,1.592e-17,8.990e-20,6.742e-18
304.59,1.198e+3,8.047e-22,2.331e-10,3.634e-46,,1.780e-16,,5.078e-21,4.580e-21,,1.169e-16,2.457e-18,1.373e-31,8.858e-19,6.141e-22,1.078e-12,,2.093e-19,6.315e-23,1.250e-20,4.974e-19,4.211e-28,2.148e-19,2.034e+2,4.916e-26,3.014e-1,8.403e-20,2.629e+0,1.432e-1,9.824e+2,2.216e+0,2.981e-26,4.383e-21,2.105e-23,3.341e+0,,,,,,,,,,,2.046e-8,2.854e-18,,2.078e-21,,,,,,3.556e+0,,8.840e-19,1.599e-17,8.838e-20,6.740e-18
304.61,1.273e+3,8.060e-22,2.540e-10,3.635e-46,,1.933e-16,,5.087e-21,4.557e-21,,1.170e-16,1.102e-18,1.373e-31,8.891e-19,6.141e-22,9.994e-13,,4.038e-19,8.080e-23,1.247e-20,4.975e-19,2.038e-28,2.157e-19,2.112e+2,1.132e-25,2.481e-1,8.410e-20,2.562e+0,1.592e-1,1.049e+3,2.507e+0,2.981e-26,4.384e-21,2.106e-23,3.259e+0,,,,,,,,,,,3.481e-8,2.855e-18,,2.078e-21,,,,,,3.690e+0,,8.845e-19,1.604e-17,8.737e-20,6.738e-18
304.64,1.373e+3,8.080e-22,2.905e-10,3.637e-46,,2.206e-16,,5.100e-21,4.523e-21,,1.171e-16,3.258e-19,1.372e-31,8.942e-19,6.141e-22,8.813e-13,,1.065e-18,1.152e-22,1.241e-20,4.977e-19,6.754e-29,2.170e-19,2.203e+2,3.895e-25,1.878e-1,8.420e-20,2.437e+0,1.879e-1,1.140e+3,2.971e+0,2.980e-26,4.385e-21,2.107e-23,3.092e+0,,,,,,,,,,,7.609e-8,2.856e-18,,2.078e-21,,,,,,3.842e+0,,8.852e-19,1.612e-17,8.585e-20,6.736e-18
304.66,1.431e+3,8.093e-22,3.175e-10,3.639e-46,,2.423e-16,,5.109e-21,4.500e-21,,1.171e-16,1.431e-19,1.372e-31,8.975e-19,6.141e-22,8.038e-13,,2.013e-18,1.443e-22,1.238e-20,4.978e-19,3.201e-29,2.179e-19,2.245e+2,8.789e-25,1.595e-1,8.426e-20,2.340e+0,2.104e-1,1.193e+3,3.293e+0,2.979e-26,4.386e-21,2.108e-23,2.955e+0,,,,,,,,,,,1.269e-7,2.857e-18,,2.078e-21,,,,,,3.905e+0,,8.857e-19,1.617e-17,8.484e-20,6.734e-18
304.69,1.498e+3,8.113e-22,3.607e-10,3.641e-46,,2.816e-16,,5.123e-21,4.465e-21,,1.172e-16,4.101e-20,1.372e-31,9.026e-19,6.141e-22,6.916e-13,,5.151e-18,1.995e-22,1.233e-20,4.980e-19,1.028e-29,2.193e-19,2.277e+2,2.934e-24,1.334e-1,8.436e-20,2.179e+0,2.495e-1,1.258e+3,3.784e+0,2.978e-26,4.387e-21,2.109e-23,2.718e+0,,,,,,,,,,,2.689e-7,2.859e-18,,2.079e-21,,,,,,3.942e+0,,8.865e-19,1.624e-17,8.332e-20,6.731e-18
304.71,1.530e+3,8.126e-22,3.903e-10,3.642e-46,,3.134e-16,,5.131e-21,4.442e-21,,1.173e-16,1.764e-20,1.371e-31,9.059e-19,6.141e-22,6.203e-13,,9.538e-18,2.450e-22,1.229e-20,4.981e-19,4.773e-30,2.202e-19,2.278e+2,6.486e-24,1.264e-1,8.442e-20,2.064e+0,2.794e-1,1.289e+3,4.109e+0,2.977e-26,4.388e-21,2.110e-23,2.545e+0,,,,,,,,,,,4.392e-7,2.860e-18,,2.079e-21,,,,,,3.926e+0,,8.869e-19,1.629e-17,8.230e-20,6.730e-18
304.74,1.556e+3,8.146e-22,4.346e-10,3.644e-46,,3.717e-16,,5.145e-21,4.408e-21,,1.174e-16,4.900e-21,1.371e-31,9.110e-19,6.141e-22,5.201e-13,,2.367e-17,3.283e-22,1.224e-20,4.983e-19,1.486e-30,2.215e-19,2.248e+2,2.100e-23,1.311e-1,8.452e-20,1.884e+0,3.299e-1,1.318e+3,4.580e+0,2.976e-26,4.389e-21,2.112e-23,2.269e+0,,,,,,,,,,,9.029e-7,2.861e-18,,2.080e-21,,,,,,3.842e+0,,8.877e-19,1.637e-17,8.078e-20,6.727e-18
304.76,1.558e+3,8.159e-22,4.629e-10,3.645e-46,,4.195e-16,,5.154e-21,4.385e-21,,1.174e-16,2.064e-21,1.371e-31,9.143e-19,6.141e-22,4.584e-13,,4.294e-17,3.950e-22,1.221e-20,4.984e-19,6.756e-31,2.224e-19,2.209e+2,4.549e-23,1.447e-1,8.459e-20,1.760e+0,3.674e-1,1.324e+3,4.874e+0,2.976e-26,4.390e-21,2.112e-23,2.081e+0,,,,,,,,,,,1.445e-6,2.862e-18,,2.080e-21,,,,,,3.748e+0,,8.882e-19,1.642e-17,7.977e-20,6.725e-18
304.79,1.537e+3,8.179e-22,5.022e-10,3.647e-46,,5.086e-16,,5.167e-21,4.351e-21,,1.175e-16,5.556e-22,1.370e-31,9.194e-19,6.141e-22,3.743e-13,,1.034e-16,5.133e-22,1.215e-20,4.986e-19,2.039e-31,2.238e-19,2.123e+2,1.428e-22,1.821e-1,8.469e-20,1.576e+0,4.287e-1,1.312e+3,5.269e+0,2.975e-26,4.391e-21,2.114e-23,1.799e+0,,,,,,,,,,,2.881e-6,2.864e-18,,2.080e-21,,,,,,3.556e+0,,8.889e-19,1.649e-17,7.825e-20,6.723e-18
304.81,1.509e+3,8.193e-22,5.252e-10,3.648e-46,,5.828e-16,,5.176e-21,4.328e-21,,1.176e-16,5.432e-22,1.370e-31,9.227e-19,6.141e-22,3.240e-13,,1.837e-16,6.050e-22,1.212e-20,4.988e-19,9.076e-32,2.247e-19,2.050e+2,3.032e-22,2.196e-1,8.475e-20,1.455e+0,4.726e-1,1.291e+3,5.494e+0,2.974e-26,4.391e-21,2.115e-23,1.616e+0,,,,,,,,,,,4.517e-6,2.865e-18,,2.080e-21,,,,,,3.398e+0,,8.894e-19,1.654e-17,7.724e-20,6.721e-18
304.84,1.446e+3,8.212e-22,5.538e-10,3.650e-46,,7.231e-16,,5.189e-21,4.293e-21,,1.177e-16,5.246e-22,1.370e-31,9.278e-19,6.141e-22,2.575e-13,,4.289e-16,7.625e-22,1.207e-20,4.989e-19,2.654e-32,2.260e-19,1.919e+2,9.236e-22,2.973e-1,8.485e-20,1.280e+0,5.419e-1,1.241e+3,5.764e+0,2.973e-26,4.393e-21,2.116e-23,1.355e+0,,,,,,,,,,,8.733e-6,2.866e-18,,2.081e-21,,,,,,3.126e+0,,8.901e-19,1.662e-17,7.572e-20,6.719e-18
304.86,1.392e+3,8.226e-22,5.681e-10,3.652e-46,,8.414e-16,,5.198e-21,4.270e-21,,1.177e-16,5.121e-22,1.370e-31,9.311e-19,6.141e-22,2.189e-13,,7.470e-16,8.805e-22,1.203e-20,4.991e-19,1.157e-32,2.269e-19,1.822e+2,1.921e-21,3.653e-1,8.492e-20,1.170e+0,5.896e-1,1.197e+3,5.893e+0,2.972e-26,4.393e-21,2.117e-23,1.192e+0,,,,,,,,,,,1.342e-5,2.867e-18,,2.081e-21,,,,,,2.927e+0,,8.906e-19,1.667e-17,7.471e-20,6.717e-18
304.89,1.295e+3,8.246e-22,5.816e-10,3.654e-46,,1.068e-15,,5.211e-21,4.236e-21,,1.178e-16,4.935e-22,1.369e-31,9.362e-19,6.141e-22,1.692e-13,,1.691e-15,1.076e-21,1.198e-20,4.992e-19,3.280e-33,2.283e-19,1.664e+2,5.675e-21,4.955e-1,8.502e-20,1.016e+0,6.616e-1,1.117e+3,6.003e+0,2.971e-26,4.394e-21,2.118e-23,9.692e-1,,,,,,,,,,,2.515e-5,2.869e-18,,2.081e-21,,,,,,2.610e+0,,8.913e-19,1.674e-17,7.319e-20,6.714e-18
304.91,1.223e+3,8.259e-22,5.849e-10,3.655e-46,,1.261e-15,,5.220e-21,4.213e-21,,1.179e-16,4.811e-22,1.369e-31,9.395e-19,6.141e-22,1.411e-13,,2.886e-15,1.218e-21,1.195e-20,4.994e-19,1.401e-33,2.292e-19,1.554e+2,1.157e-20,6.033e-1,8.508e-20,9.225e-1,7.088e-1,1.056e+3,6.020e+0,2.971e-26,4.395e-21,2.119e-23,8.354e-1,,,,,,,,,,,3.786e-5,2.870e-18,,2.082e-21,,,,,,2.394e+0,,8.918e-19,1.679e-17,7.218e-20,6.713e-18
304.94,1.106e+3,8.279e-22,5.812e-10,3.657e-46,,1.631e-15,,5.233e-21,4.179e-21,,1.179e-16,4.624e-22,1.368e-31,9.446e-19,6.140e-22,1.061e-13,,6.337e-15,1.444e-21,1.189e-20,4.995e-19,3.848e-34,2.305e-19,1.388e+2,3.314e-20,8.007e-1,8.518e-20,7.973e-1,7.761e-1,9.564e+2,5.963e+0,2.970e-26,4.396e-21,2.121e-23,6.583e-1,,,,,,,,,,,6.885e-5,2.871e-18,,2.082e-21,,,,,,2.070e+0,,8.925e-19,1.687e-17,7.066e-20,6.710e-18
304.96,1.025e+3,8.292e-22,5.730e-10,3.658e-46,,1.946e-15,,5.242e-21,4.156e-21,,1.180e-16,4.500e-22,1.368e-31,9.479e-19,6.140e-22,8.686e-14,,1.060e-14,1.601e-21,1.186e-20,4.997e-19,1.609e-34,2.314e-19,1.278e+2,6.619e-20,9.580e-1,8.524e-20,7.246e-1,8.173e-1,8.869e+2,5.874e+0,2.969e-26,4.397e-21,2.122e-23,5.559e-1,,,,,,,,,,,1.015e-4,2.872e-18,,2.082e-21,,,,,,1.860e+0,,8.930e-19,1.692e-17,6.964e-20,6.709e-18
304.98,9.440e+2,8.305e-22,5.604e-10,3.660e-46,,2.329e-15,,5.251e-21,4.133e-21,,1.181e-16,4.376e-22,1.368e-31,9.513e-19,6.140e-22,7.059e-14,,1.757e-14,1.761e-21,1.182e-20,4.998e-19,6.674e-35,2.323e-19,1.171e+2,1.311e-19,1.137e+0,8.531e-20,6.608e-1,8.546e-1,8.164e+2,5.748e+0,2.968e-26,4.398e-21,2.122e-23,4.655e-1,,,,,,,,,,,1.485e-4,2.873e-18,,2.083e-21,,,,,,1.657e+0,,8.935e-19,1.697e-17,6.863e-20,6.707e-18
305.01,8.237e+2,8.325e-22,5.340e-10,3.662e-46,,3.059e-15,,5.264e-21,4.098e-21,,1.181e-16,4.190e-22,1.368e-31,9.563e-19,6.140e-22,5.098e-14,,3.697e-14,2.001e-21,1.177e-20,5.000e-19,6.680e-35,2.337e-19,1.019e+2,3.600e-19,1.450e+0,8.541e-20,5.823e-1,9.012e-1,7.116e+2,5.500e+0,2.967e-26,4.399e-21,2.124e-23,3.513e-1,,,,,,,,,,,2.587e-4,2.875e-18,,2.083e-21,,,,,,1.372e+0,,8.942e-19,1.704e-17,6.711e-20,6.704e-18
305.03,7.466e+2,8.338e-22,5.120e-10,3.663e-46,,3.672e-15,,5.273e-21,4.075e-21,,1.182e-16,4.065e-22,1.367e-31,9.597e-19,6.140e-22,4.065e-14,,6.008e-14,2.157e-21,1.174e-20,5.001e-19,6.683e-35,2.346e-19,9.268e+1,6.987e-19,1.687e+0,8.547e-20,5.413e-1,9.251e-1,6.440e+2,5.305e+0,2.967e-26,4.400e-21,2.125e-23,2.882e-1,,,,,,,,,,,3.707e-4,2.876e-18,,2.083e-21,,,,,,1.198e+0,,8.947e-19,1.709e-17,6.610e-20,6.703e-18
305.06,6.386e+2,8.358e-22,4.735e-10,3.665e-46,,4.824e-15,,5.287e-21,4.041e-21,,1.183e-16,3.879e-22,1.367e-31,9.648e-19,6.140e-22,2.853e-14,,1.226e-13,2.378e-21,1.169e-20,5.003e-19,6.689e-35,2.359e-19,8.035e+1,1.861e-18,2.086e+0,8.557e-20,4.965e-1,9.485e-1,5.485e+2,4.984e+0,2.966e-26,4.401e-21,2.126e-23,2.108e-1,,,,,,,,,,,6.263e-4,2.877e-18,,2.084e-21,,,,,,9.619e-1,,8.954e-19,1.717e-17,6.458e-20,6.700e-18
305.08,5.730e+2,8.371e-22,4.451e-10,3.666e-46,,5.775e-15,,5.296e-21,4.018e-21,,1.184e-16,3.755e-22,1.367e-31,9.681e-19,6.140e-22,2.232e-14,,1.952e-13,2.514e-21,1.165e-20,5.004e-19,6.693e-35,2.368e-19,7.335e+1,3.539e-18,2.378e+0,8.564e-20,4.774e-1,9.552e-1,4.901e+2,4.762e+0,2.965e-26,4.402e-21,2.127e-23,1.694e-1,,,,,,,,,,,8.793e-4,2.878e-18,,2.084e-21,,,,,,8.224e-1,,8.959e-19,1.722e-17,6.357e-20,6.698e-18
305.11,4.861e+2,8.391e-22,3.999e-10,3.668e-46,,7.527e-15,,5.309e-21,3.984e-21,,1.184e-16,3.568e-22,1.366e-31,9.732e-19,6.140e-22,1.522e-14,,3.862e-13,2.692e-21,1.160e-20,5.006e-19,6.698e-35,2.382e-19,6.495e+1,9.142e-18,2.852e+0,8.574e-20,4.638e-1,9.516e-1,4.117e+2,4.435e+0,2.964e-26,4.403e-21,2.128e-23,1.202e-1,,,,,,,,,,,1.441e-3,2.879e-18,,2.084e-21,,,,,,6.403e-1,,8.966e-19,1.729e-17,6.205e-20,6.696e-18
305.13,4.367e+2,8.405e-22,3.687e-10,3.670e-46,,8.943e-15,,5.318e-21,3.961e-21,,1.185e-16,3.444e-22,1.366e-31,9.765e-19,6.140e-22,1.168e-14,,6.024e-13,2.791e-21,1.156e-20,5.007e-19,6.702e-35,2.391e-19,6.091e+1,1.704e-17,3.186e+0,8.580e-20,4.640e-1,9.400e-1,3.663e+2,4.231e+0,2.963e-26,4.404e-21,2.129e-23,9.461e-2,,,,,,,,,,,1.982e-3,2.880e-18,,2.085e-21,,,,,,5.363e-1,,8.971e-19,1.734e-17,6.104e-20,6.694e-18
305.16,3.763e+2,8.424e-22,3.221e-10,3.672e-46,,1.149e-14,,5.331e-21,3.926e-21,,1.186e-16,3.258e-22,1.366e-31,9.816e-19,6.140e-22,7.734e-15,,1.156e-12,2.904e-21,1.151e-20,5.009e-19,6.707e-35,2.404e-19,5.746e+1,4.269e-17,3.704e+0,8.590e-20,4.765e-1,9.096e-1,3.093e+2,3.960e+0,2.962e-26,4.405e-21,2.131e-23,6.506e-2,,,,,,,,,,,3.149e-3,2.882e-18,,2.085e-21,,,,,,4.048e-1,,8.978e-19,1.742e-17,5.952e-20,6.692e-18
305.18,3.457e+2,8.438e-22,2.918e-10,3.673e-46,,1.349e-14,,5.340e-21,3.903e-21,,1.186e-16,3.133e-22,1.365e-31,9.849e-19,6.140e-22,5.820e-15,,1.767e-12,2.956e-21,1.148e-20,5.010e-19,6.711e-35,2.413e-19,5.704e+1,7.795e-17,4.054e+0,8.597e-20,4.918e-1,8.813e-1,2.790e+2,3.810e+0,2.961e-26,4.405e-21,2.131e-23,5.017e-2,,,,,,,,,,,4.244e-3,2.883e-18,,2.085e-21,,,,,,3.322e-1,,8.983e-19,1.747e-17,5.851e-20,6.690e-18
305.21,3.147e+2,8.458e-22,2.488e-10,3.675e-46,,1.700e-14,,5.353e-21,3.869e-21,,1.187e-16,2.947e-22,1.365e-31,9.900e-19,6.140e-22,3.744e-15,,3.289e-12,2.994e-21,1.143e-20,5.012e-19,6.716e-35,2.427e-19,5.951e+1,1.894e-16,4.571e+0,8.606e-20,5.230e-1,8.284e-1,2.453e+2,3.640e+0,2.960e-26,4.407e-21,2.133e-23,3.345e-2,,,,,,,,,,,6.540e-3,2.884e-18,,2.086e-21,,,,,,2.431e-1,,8.991e-19,1.755e-17,5.699e-20,6.687e-18
305.23,3.041e+2,8.471e-22,2.222e-10,3.676e-46,,1.969e-14,,5.362e-21,3.846e-21,,1.188e-16,2.823e-22,1.365e-31,9.933e-19,6.140e-22,2.763e-15,,4.926e-12,2.994e-21,1.139e-20,5.013e-19,6.720e-35,2.436e-19,6.339e+1,3.389e-16,4.901e+0,8.613e-20,5.480e-1,7.874e-1,2.307e+2,3.567e+0,2.960e-26,4.407e-21,2.134e-23,2.527e-2,,,,,,,,,,,8.636e-3,2.885e-18,,2.086e-21,,,,,,1.954e-1,,8.995e-19,1.760e-17,5.597e-20,6.686e-18
305.26,3.038e+2,8.491e-22,1.865e-10,3.678e-46,,2.425e-14,,5.375e-21,3.811e-21,,1.189e-16,2.636e-22,1.364e-31,9.984e-19,6.140e-22,1.726e-15,,8.892e-12,2.959e-21,1.134e-20,5.015e-19,6.725e-35,2.449e-19,7.284e+1,7.990e-16,5.358e+0,8.623e-20,5.891e-1,7.195e-1,2.206e+2,3.520e+0,2.959e-26,4.409e-21,2.135e-23,1.634e-2,,,,,,,,,,,1.291e-2,2.887e-18,,2.086e-21,,,,,,1.386e-1,,9.003e-19,1.767e-17,5.445e-20,6.683e-18
305.28,3.140e+2,8.504e-22,1.658e-10,3.680e-46,,2.764e-14,,5.384e-21,3.789e-21,,1.189e-16,2.512e-22,1.364e-31,1.002e-18,6.140e-22,1.249e-15,,1.305e-11,2.913e-21,1.130e-20,5.016e-19,6.729e-35,2.458e-19,8.171e+1,1.401e-15,5.629e+0,8.629e-20,6.174e-1,6.715e-1,2.217e+2,3.528e+0,2.958e-26,4.409e-21,2.136e-23,1.209e-2,,,,,,,,,,,1.670e-2,2.888e-18,,2.087e-21,,,,,,1.092e-1,,9.008e-19,1.772e-17,5.344e-20,6.681e-18
305.31,3.451e+2,8.524e-22,1.399e-10,3.681e-46,,3.320e-14,,5.398e-21,3.754e-21,,1.190e-16,2.326e-22,1.364e-31,1.007e-18,6.140e-22,7.579e-16,,2.285e-11,2.817e-21,1.125e-20,5.018e-19,6.734e-35,2.472e-19,9.913e+1,3.203e-15,5.967e+0,8.639e-20,6.587e-1,5.976e-1,2.350e+2,3.594e+0,2.957e-26,4.410e-21,2.137e-23,7.577e-3,,,,,,,,,,,2.420e-2,2.889e-18,,2.087e-21,,,,,,7.510e-2,,9.015e-19,1.780e-17,5.192e-20,6.679e-18
305.33,3.765e+2,8.537e-22,1.263e-10,3.683e-46,,3.719e-14,,5.406e-21,3.731e-21,,1.191e-16,5.552e-22,1.364e-31,1.010e-18,6.140e-22,5.378e-16,,3.285e-11,2.738e-21,1.122e-20,5.019e-19,6.738e-35,2.481e-19,1.136e+2,5.502e-15,6.141e+0,8.646e-20,6.839e-1,5.486e-1,2.518e+2,3.669e+0,2.956e-26,4.411e-21,2.138e-23,5.492e-3,,,,,,,,,,,3.067e-2,2.890e-18,,2.087e-21,,,,,,5.793e-2,,9.020e-19,1.785e-17,5.091e-20,6.677e-18
305.35,4.166e+2,8.550e-22,1.157e-10,3.684e-46,,4.137e-14,,5.415e-21,3.708e-21,,1.191e-16,1.315e-21,1.363e-31,1.013e-18,6.140e-22,3.786e-16,,4.685e-11,2.650e-21,1.118e-20,5.020e-19,6.742e-35,2.490e-19,1.305e+2,9.375e-15,6.269e+0,8.652e-20,7.062e-1,5.008e-1,2.748e+2,3.765e+0,2.956e-26,4.412e-21,2.139e-23,3.948e-3,,,,,,,,,,,3.857e-2,2.891e-18,,2.087e-21,,,,,,4.432e-2,,9.025e-19,1.790e-17,4.990e-20,6.676e-18
305.38,4.928e+2,8.570e-22,1.056e-10,3.686e-46,,4.786e-14,,5.429e-21,3.674e-21,,1.192e-16,4.718e-21,1.363e-31,1.019e-18,6.140e-22,2.204e-16,,7.857e-11,2.507e-21,1.113e-20,5.022e-19,6.747e-35,2.503e-19,1.602e+2,2.054e-14,6.366e+0,8.662e-20,7.326e-1,4.330e-1,3.210e+2,3.935e+0,2.955e-26,4.413e-21,2.141e-23,2.370e-3,,,,,,,,,,,5.355e-2,2.893e-18,,2.088e-21,,,,,,2.920e-2,,9.032e-19,1.797e-17,4.838e-20,6.673e-18
305.4,5.543e+2,8.583e-22,1.028e-10,3.687e-46,,5.226e-14,,5.437e-21,3.651e-21,,1.193e-16,1.095e-20,1.363e-31,1.022e-18,6.140e-22,1.521e-16,,1.098e-10,2.407e-21,1.110e-20,5.023e-19,6.751e-35,2.512e-19,1.830e+2,3.429e-14,6.366e+0,8.669e-20,7.444e-1,3.916e-1,3.597e+2,4.059e+0,2.954e-26,4.414e-21,2.141e-23,1.669e-3,,,,,,,,,,,6.596e-2,2.894e-18,,2.088e-21,,,,,,2.188e-2,,9.037e-19,1.802e-17,4.737e-20,6.671e-18
305.43,6.622e+2,8.603e-22,1.044e-10,3.689e-46,,5.879e-14,,5.451e-21,3.616e-21,,1.194e-16,3.812e-20,1.362e-31,1.027e-18,6.140e-22,8.593e-17,,1.786e-10,2.258e-21,1.104e-20,5.025e-19,6.756e-35,2.526e-19,2.214e+2,7.287e-14,6.269e+0,8.679e-20,7.524e-1,3.363e-1,4.292e+2,4.249e+0,2.953e-26,4.415e-21,2.143e-23,9.711e-4,,,,,,,,,,,8.881e-2,2.895e-18,,2.088e-21,,,,,,1.398e-2,,9.044e-19,1.810e-17,4.585e-20,6.669e-18
305.45,7.442e+2,8.617e-22,1.094e-10,3.691e-46,,6.299e-14,,5.460e-21,3.594e-21,,1.194e-16,8.668e-20,1.362e-31,1.030e-18,6.139e-22,5.815e-17,,2.445e-10,2.162e-21,1.101e-20,5.026e-19,6.760e-35,2.535e-19,2.496e+2,1.192e-13,6.141e+0,8.685e-20,7.508e-1,3.046e-1,4.830e+2,4.373e+0,2.952e-26,4.416e-21,2.144e-23,6.699e-4,,,,,,,,,,,1.072e-1,2.896e-18,,2.089e-21,,,,,,1.026e-2,,9.049e-19,1.815e-17,4.483e-20,6.667e-18
305.48,8.812e+2,8.636e-22,1.227e-10,3.693e-46,,6.885e-14,,5.473e-21,3.559e-21,,1.195e-16,2.928e-19,1.362e-31,1.035e-18,6.139e-22,3.189e-17,,3.858e-10,2.026e-21,1.096e-20,5.028e-19,6.765e-35,2.548e-19,2.953e+2,2.457e-13,5.864e+0,8.695e-20,7.377e-1,2.655e-1,5.743e+2,4.546e+0,2.951e-26,4.417e-21,2.145e-23,3.779e-4,,,,,,,,,,,1.400e-1,2.898e-18,,2.089e-21,,,,,,6.355e-3,,9.056e-19,1.822e-17,4.331e-20,6.665e-18
305.5,9.807e+2,8.650e-22,1.352e-10,3.694e-46,,7.236e-14,,5.482e-21,3.536e-21,,1.196e-16,6.524e-19,1.361e-31,1.039e-18,6.139e-22,2.115e-17,,5.176e-10,1.942e-21,1.092e-20,5.029e-19,6.769e-35,2.557e-19,3.275e+2,3.939e-13,5.629e+0,8.702e-20,7.220e-1,2.453e-1,6.418e+2,4.651e+0,2.951e-26,4.418e-21,2.146e-23,2.554e-4,,,,,,,,,,,1.655e-1,2.899e-18,,2.089e-21,,,,,,4.570e-3,,9.061e-19,1.827e-17,4.230e-20,6.663e-18
305.53,1.140e+3,8.670e-22,1.595e-10,3.696e-46,,7.682e-14,,5.495e-21,3.502e-21,,1.196e-16,2.138e-18,1.361e-31,1.044e-18,6.139e-22,1.126e-17,,7.919e-10,1.828e-21,1.087e-20,5.031e-19,6.775e-35,2.571e-19,3.777e+2,7.875e-13,5.212e+0,8.711e-20,6.891e-1,2.237e-1,7.515e+2,4.793e+0,2.950e-26,4.419e-21,2.147e-23,1.397e-4,,,,,,,,,,,2.096e-1,2.900e-18,,2.090e-21,,,,,,2.744e-3,,9.068e-19,1.835e-17,4.078e-20,6.660e-18
305.55,1.252e+3,8.683e-22,1.790e-10,3.697e-46,,7.917e-14,,5.504e-21,3.479e-21,,1.197e-16,4.668e-18,1.361e-31,1.047e-18,6.139e-22,7.328e-18,,1.041e-9,1.759e-21,1.084e-20,5.032e-19,6.778e-35,2.580e-19,4.117e+2,1.237e-12,4.901e+0,8.718e-20,6.614e-1,2.150e-1,8.293e+2,4.882e+0,2.949e-26,4.420e-21,2.148e-23,9.248e-5,,,,,,,,,,,2.428e-1,2.901e-18,,2.090e-21,,,,,,1.933e-3,,9.073e-19,1.840e-17,3.977e-20,6.659e-18
305.58,1.424e+3,8.703e-22,2.129e-10,3.699e-46,,8.161e-14,,5.517e-21,3.444e-21,,1.198e-16,1.484e-17,1.360e-31,1.052e-18,6.139e-22,3.801e-18,,1.545e-9,1.667e-21,1.078e-20,5.034e-19,6.784e-35,2.593e-19,4.622e+2,2.399e-12,4.401e+0,8.728e-20,6.129e-1,2.100e-1,9.509e+2,5.017e+0,2.948e-26,4.421e-21,2.150e-23,4.904e-5,,,,,,,,,,,2.982e-1,2.903e-18,,2.090e-21,,,,,,1.126e-3,,9.080e-19,1.847e-17,3.825e-20,6.656e-18
305.6,1.539e+3,8.716e-22,2.382e-10,3.701e-46,,8.245e-14,,5.526e-21,3.421e-21,,1.199e-16,3.176e-17,1.360e-31,1.055e-18,6.139e-22,2.444e-18,,1.989e-9,1.612e-21,1.075e-20,5.035e-19,6.787e-35,2.602e-19,4.948e+2,3.692e-12,4.054e+0,8.734e-20,5.770e-1,2.115e-1,1.034e+3,5.120e+0,2.947e-26,4.421e-21,2.150e-23,3.180e-5,,,,,,,,,,,3.385e-1,2.904e-18,,2.091e-21,,,,,,7.767e-4,,9.085e-19,1.852e-17,3.724e-20,6.654e-18
305.63,1.708e+3,8.736e-22,2.794e-10,3.703e-46,,8.250e-14,,5.539e-21,3.387e-21,,1.199e-16,9.792e-17,1.360e-31,1.061e-18,6.139e-22,1.281e-18,,2.863e-9,1.536e-21,1.070e-20,5.037e-19,6.793e-35,2.616e-19,5.404e+2,6.943e-12,3.530e+0,8.744e-20,5.196e-1,2.202e-1,1.158e+3,5.316e+0,2.946e-26,4.423e-21,2.152e-23,1.635e-5,,,,,,,,,,,4.032e-1,2.905e-18,,2.091e-21,,,,,,4.385e-4,,9.092e-19,1.860e-17,3.572e-20,2.441e-17
305.65,1.817e+3,8.749e-22,3.084e-10,3.704e-46,,8.172e-14,,5.548e-21,3.364e-21,,1.200e-16,2.054e-16,1.359e-31,1.064e-18,6.139e-22,8.741e-19,,3.613e-9,1.489e-21,1.066e-20,5.038e-19,6.796e-35,2.625e-19,5.679e+2,1.047e-11,3.186e+0,8.751e-20,4.802e-1,2.297e-1,1.239e+3,5.493e+0,2.946e-26,4.423e-21,2.153e-23,1.039e-5,,,,,,,,,,,4.484e-1,2.906e-18,,2.091e-21,,,,,,2.964e-4,,9.097e-19,1.865e-17,3.471e-20,5.747e-17
305.68,1.967e+3,8.769e-22,3.534e-10,3.706e-46,,7.935e-14,,5.562e-21,3.330e-21,,1.201e-16,6.143e-16,1.359e-31,1.069e-18,6.139e-22,6.096e-19,,5.044e-9,1.422e-21,1.061e-20,5.040e-19,6.802e-35,2.638e-19,6.034e+2,1.910e-11,2.690e+0,8.761e-20,4.210e-1,2.480e-1,1.354e+3,5.863e+0,2.945e-26,4.424e-21,2.154e-23,5.178e-6,,,,,,,,,,,5.179e-1,2.908e-18,,2.092e-21,,,,,,1.622e-4,,9.105e-19,1.872e-17,3.319e-20,2.045e-16
305.7,2.057e+3,8.782e-22,3.834e-10,3.707e-46,,7.704e-14,,5.570e-21,3.307e-21,,1.201e-16,1.263e-15,1.359e-31,1.072e-18,6.139e-22,6.091e-19,,6.236e-9,1.378e-21,1.057e-20,5.041e-19,6.806e-35,2.647e-19,6.225e+2,2.823e-11,2.378e+0,8.767e-20,3.826e-1,2.623e-1,1.425e+3,6.202e+0,2.944e-26,4.425e-21,2.155e-23,3.222e-6,,,,,,,,,,,5.643e-1,2.909e-18,,2.092e-21,,,,,,1.074e-4,,9.109e-19,1.877e-17,3.218e-20,4.719e-16
305.72,2.136e+3,8.795e-22,4.130e-10,3.709e-46,,7.420e-14,,5.579e-21,3.284e-21,,1.202e-16,2.574e-15,1.359e-31,1.076e-18,6.139e-22,7.403e-19,,7.647e-9,1.333e-21,1.054e-20,5.043e-19,6.809e-35,2.656e-19,6.375e+2,4.138e-11,2.086e+0,8.774e-20,3.458e-1,2.776e-1,1.489e+3,6.634e+0,2.943e-26,4.426e-21,2.156e-23,1.988e-6,,,,,,,,,,,6.099e-1,2.910e-18,,2.092e-21,,,,,,7.056e-5,,9.114e-19,1.882e-17,3.116e-20,1.080e-15
305.75,2.233e+3,8.815e-22,4.551e-10,3.711e-46,,6.909e-14,,5.593e-21,3.249e-21,,1.203e-16,7.379e-15,1.358e-31,1.081e-18,6.139e-22,1.234e-18,,1.023e-8,1.266e-21,1.049e-20,5.044e-19,6.815e-35,2.670e-19,6.515e+2,7.233e-11,1.687e+0,8.784e-20,2.945e-1,3.012e-1,1.571e+3,7.491e+0,2.942e-26,4.427e-21,2.157e-23,9.492e-7,,,,,,,,,,,6.749e-1,2.911e-18,,2.093e-21,,,,,,3.699e-5,,9.121e-19,1.890e-17,2.964e-20,3.684e-15
305.77,2.280e+3,8.829e-22,4.809e-10,3.712e-46,,6.522e-14,,5.601e-21,3.226e-21,,1.203e-16,1.474e-14,1.358e-31,1.084e-18,6.139e-22,1.838e-18,,1.229e-8,1.220e-21,1.045e-20,5.046e-19,6.818e-35,2.679e-19,6.550e+2,1.039e-10,1.449e+0,8.790e-20,2.636e-1,3.166e-1,1.614e+3,8.226e+0,2.942e-26,4.428e-21,2.158e-23,5.738e-7,,,,,,,,,,,7.146e-1,2.912e-18,,2.093e-21,,,,,,2.380e-5,,9.126e-19,1.895e-17,2.863e-20,8.264e-15
305.8,2.323e+3,8.848e-22,5.147e-10,3.714e-46,,5.893e-14,,5.615e-21,3.192e-21,,1.204e-16,4.100e-14,1.358e-31,1.089e-18,6.139e-22,3.401e-18,,1.594e-8,1.150e-21,1.040e-20,5.047e-19,6.824e-35,2.692e-19,6.513e+2,1.761e-10,1.136e+0,8.800e-20,2.228e-1,3.379e-1,1.659e+3,9.609e+0,2.941e-26,4.429e-21,2.160e-23,2.656e-7,,,,,,,,,,,7.668e-1,2.914e-18,,2.093e-21,,,,,,1.209e-5,,9.134e-19,1.902e-17,2.711e-20,2.735e-14
305.82,2.332e+3,8.862e-22,5.333e-10,3.715e-46,,5.453e-14,,5.624e-21,3.169e-21,,1.205e-16,8.027e-14,1.357e-31,1.092e-18,6.139e-22,5.112e-18,,1.876e-8,1.102e-21,1.037e-20,5.049e-19,6.827e-35,2.701e-19,6.431e+2,2.479e-10,9.566e-1,8.807e-20,1.996e-1,3.502e-1,1.676e+3,1.073e+1,2.940e-26,4.430e-21,2.160e-23,1.573e-7,,,,,,,,,,,7.956e-1,2.915e-18,,2.094e-21,,,,,,7.622e-6,,9.138e-19,1.907e-17,2.610e-20,6.012e-14
305.85,2.316e+3,8.882e-22,5.542e-10,3.717e-46,,4.782e-14,,5.637e-21,3.135e-21,,1.206e-16,2.166e-13,1.357e-31,1.097e-18,6.139e-22,9.305e-18,,2.361e-8,1.031e-21,1.031e-20,5.050e-19,6.833e-35,2.715e-19,6.227e+2,4.077e-10,7.275e-1,8.816e-20,1.710e-1,3.648e-1,1.679e+3,1.274e+1,2.939e-26,4.431e-21,2.162e-23,7.057e-8,,,,,,,,,,,8.279e-1,2.916e-18,,2.094e-21,,,,,,3.756e-6,,9.146e-19,1.915e-17,2.458e-20,1.930e-13
305.87,2.287e+3,8.895e-22,5.631e-10,3.718e-46,,4.337e-14,,5.646e-21,3.112e-21,,1.206e-16,4.155e-13,1.357e-31,1.101e-18,6.139e-22,1.374e-17,,2.723e-8,9.835e-22,1.028e-20,5.052e-19,6.837e-35,2.724e-19,6.045e+2,5.622e-10,5.999e-1,8.823e-20,1.560e-1,3.715e-1,1.666e+3,1.430e+1,2.938e-26,4.432e-21,2.163e-23,4.094e-8,,,,,,,,,,,8.416e-1,2.917e-18,,2.094e-21,,,,,,2.319e-6,,9.151e-19,1.920e-17,5.850e-20,4.158e-13
305.9,2.217e+3,8.915e-22,5.681e-10,3.720e-46,,3.692e-14,,5.659e-21,3.077e-21,,1.207e-16,1.088e-12,1.356e-31,1.106e-18,6.139e-22,2.429e-17,,3.322e-8,9.147e-22,1.023e-20,5.054e-19,6.842e-35,2.738e-19,5.714e+2,8.967e-10,4.424e-1,8.833e-20,1.394e-1,3.764e-1,1.627e+3,1.696e+1,2.937e-26,4.433e-21,2.164e-23,1.781e-8,,,,,,,,,,,8.494e-1,2.919e-18,,2.095e-21,,,,,,1.108e-6,,9.158e-19,1.928e-17,2.115e-19,1.295e-12
305.92,2.154e+3,8.928e-22,5.659e-10,3.722e-46,,3.284e-14,,5.668e-21,3.054e-21,,1.208e-16,2.045e-12,1.356e-31,1.109e-18,6.139e-22,3.516e-17,,3.755e-8,8.706e-22,1.019e-20,5.055e-19,6.846e-35,2.747e-19,5.465e+2,1.212e-9,3.574e-1,8.839e-20,1.320e-1,3.760e-1,1.587e+3,1.893e+1,2.937e-26,4.434e-21,2.165e-23,1.012e-8,,,,,,,,,,,8.459e-1,2.920e-18,,2.095e-21,,,,,,6.700e-7,,9.163e-19,1.933e-17,4.934e-19,2.734e-12
305.95,2.040e+3,8.948e-22,5.543e-10,3.724e-46,,2.715e-14,,5.681e-21,3.020e-21,,1.209e-16,5.192e-12,1.356e-31,1.114e-18,6.139e-22,6.031e-17,,4.443e-8,8.079e-22,1.014e-20,5.057e-19,6.851e-35,2.760e-19,5.070e+2,1.875e-9,2.556e-1,8.849e-20,1.260e-1,3.699e-1,1.509e+3,2.214e+1,2.935e-26,4.435e-21,2.166e-23,4.269e-9,,,,,,,,,,,8.279e-1,2.921e-18,,2.095e-21,,,,,,3.103e-7,,9.170e-19,1.940e-17,1.731e-18,8.260e-12
305.97,1.953e+3,8.961e-22,5.413e-10,3.725e-46,,2.369e-14,,5.690e-21,2.997e-21,,1.209e-16,9.566e-12,1.355e-31,1.118e-18,6.138e-22,8.554e-17,,4.920e-8,7.688e-22,1.011e-20,5.058e-19,6.855e-35,2.769e-19,4.805e+2,2.482e-9,2.023e-1,8.856e-20,1.249e-1,3.622e-1,1.446e+3,2.440e+1,2.935e-26,4.435e-21,2.167e-23,2.376e-9,,,,,,,,,,,8.079e-1,2.922e-18,,2.095e-21,,,,,,1.839e-7,,9.175e-19,1.945e-17,3.957e-18,1.709e-11
306,1.812e+3,8.981e-22,5.147e-10,3.727e-46,,1.903e-14,,5.703e-21,2.963e-21,,1.210e-16,2.356e-11,1.355e-31,1.123e-18,6.138e-22,1.423e-16,,5.647e-8,7.141e-22,1.005e-20,5.060e-19,6.860e-35,2.783e-19,4.427e+2,3.725e-9,1.403e-1,8.866e-20,1.271e-1,3.458e-1,1.340e+3,2.792e+1,2.934e-26,4.437e-21,2.169e-23,9.718e-10,,,,,,,,,,,7.668e-1,2.924e-18,,2.096e-21,,,,,,8.257e-8,,9.182e-19,1.953e-17,1.419e-17,5.010e-11
306.02,1.714e+3,8.994e-22,4.928e-10,3.728e-46,,1.630e-14,,5.712e-21,2.940e-21,,1.211e-16,4.254e-11,1.355e-31,1.126e-18,6.138e-22,1.978e-16,,6.127e-8,6.803e-22,1.002e-20,5.061e-19,6.864e-35,2.792e-19,4.202e+2,4.833e-9,1.088e-1,8.872e-20,1.308e-1,3.319e-1,1.263e+3,3.029e+1,2.933e-26,4.437e-21,2.170e-23,5.299e-10,,,,,,,,,,,7.331e-1,2.925e-18,,2.096e-21,,,,,,4.793e-8,,9.187e-19,1.958e-17,3.188e-17,1.016e-10
306.05,1.568e+3,9.014e-22,4.548e-10,3.730e-46,,1.274e-14,,5.726e-21,2.905e-21,,1.211e-16,1.017e-10,1.354e-31,1.131e-18,6.138e-22,3.192e-16,,6.819e-8,6.334e-22,9.967e-21,5.063e-19,6.869e-35,2.805e-19,3.931e+2,7.034e-9,7.313e-2,8.882e-20,1.391e-1,3.073e-1,1.140e+3,3.376e+1,2.932e-26,4.439e-21,2.171e-23,2.101e-10,,,,,,,,,,,6.749e-1,2.926e-18,,2.097e-21,,,,,,2.087e-8,,9.194e-19,1.965e-17,1.058e-16,2.889e-10
306.07,1.475e+3,9.027e-22,4.270e-10,3.732e-46,,1.072e-14,,5.734e-21,2.882e-21,,2.891e-16,1.799e-10,1.354e-31,1.134e-18,6.138e-22,4.347e-16,,7.250e-8,6.042e-22,9.933e-21,5.064e-19,6.873e-35,2.814e-19,3.808e+2,8.942e-9,5.556e-2,8.889e-20,1.461e-1,2.890e-1,1.057e+3,3.596e+1,2.931e-26,4.439e-21,2.172e-23,1.122e-10,,,,,,,,,,,6.321e-1,2.927e-18,,2.097e-21,,,,,,1.186e-8,,9.199e-19,1.970e-17,2.330e-16,5.741e-10
306.09,1.386e+3,9.041e-22,3.976e-10,3.733e-46,,8.963e-15,,5.743e-21,2.859e-21,,6.846e-16,3.157e-10,1.354e-31,1.138e-18,6.138e-22,5.872e-16,,7.645e-8,5.763e-22,9.898e-21,5.065e-19,6.877e-35,2.823e-19,3.742e+2,1.128e-8,4.186e-2,8.895e-20,1.541e-1,2.696e-1,9.730e+2,3.801e+1,2.931e-26,4.440e-21,2.173e-23,5.946e-11,,,,,,,,,,,5.873e-1,2.928e-18,,2.097e-21,,,,,,6.691e-9,,9.204e-19,1.975e-17,5.092e-16,1.132e-9
306.12,1.269e+3,9.060e-22,3.521e-10,3.735e-46,,6.772e-15,,5.757e-21,2.825e-21,,2.457e-15,7.230e-10,1.353e-31,1.143e-18,6.138e-22,9.080e-16,,8.152e-8,5.365e-22,9.846e-21,5.067e-19,6.882e-35,2.837e-19,3.772e+2,1.573e-8,2.696e-2,8.905e-20,1.675e-1,2.392e-1,8.505e+2,4.071e+1,2.930e-26,4.441e-21,2.174e-23,2.258e-11,,,,,,,,,,,5.179e-1,2.929e-18,,2.097e-21,,,,,,2.790e-9,,9.211e-19,1.983e-17,1.621e-15,3.085e-9
306.14,1.204e+3,9.074e-22,3.215e-10,3.736e-46,,5.579e-15,,5.766e-21,2.802e-21,,5.700e-15,1.244e-9,1.353e-31,1.146e-18,6.138e-22,1.202e-15,,8.423e-8,5.107e-22,9.811e-21,5.068e-19,6.886e-35,2.846e-19,3.888e+2,1.943e-8,1.990e-2,8.912e-20,1.773e-1,2.186e-1,7.725e+2,4.220e+1,2.929e-26,4.442e-21,2.175e-23,1.172e-11,,,,,,,,,,,4.714e-1,2.930e-18,,2.098e-21,,,,,,1.541e-9,,9.216e-19,1.988e-17,3.473e-15,5.959e-9
306.17,1.131e+3,9.094e-22,2.764e-10,3.738e-46,,4.133e-15,,5.779e-21,2.768e-21,,1.985e-14,2.763e-9,1.353e-31,1.151e-18,6.138e-22,1.803e-15,,8.711e-8,4.728e-22,9.759e-21,5.070e-19,6.891e-35,2.859e-19,4.227e+2,2.628e-8,1.243e-2,8.921e-20,1.928e-1,1.881e-1,6.637e+2,4.387e+1,2.928e-26,4.443e-21,2.176e-23,4.313e-12,,,,,,,,,,,4.032e-1,2.932e-18,,2.098e-21,,,,,,6.231e-10,,9.223e-19,1.995e-17,1.074e-14,1.576e-8
306.19,1.100e+3,9.107e-22,2.474e-10,3.740e-46,,3.367e-15,,5.788e-21,2.745e-21,,4.513e-14,4.657e-9,1.353e-31,1.155e-18,6.138e-22,2.338e-15,,8.818e-8,4.476e-22,9.724e-21,5.071e-19,6.895e-35,2.868e-19,4.572e+2,3.182e-8,8.988e-3,8.928e-20,2.037e-1,1.685e-1,5.978e+2,4.458e+1,2.927e-26,4.444e-21,2.177e-23,2.192e-12,,,,,,,,,,,3.595e-1,2.933e-18,,2.098e-21,,,,,,3.372e-10,,9.228e-19,2.000e-17,2.256e-14,2.983e-8
306.22,1.084e+3,9.127e-22,2.065e-10,3.742e-46,,2.463e-15,,5.801e-21,2.710e-21,,1.525e-13,1.004e-8,1.352e-31,1.160e-18,6.138e-22,3.402e-15,,8.845e-8,4.097e-22,9.672e-21,5.073e-19,6.900e-35,2.882e-19,5.277e+2,4.175e-8,5.443e-3,8.938e-20,2.207e-1,1.406e-1,5.108e+2,4.497e+1,2.926e-26,4.445e-21,2.179e-23,7.825e-13,,,,,,,,,,,2.982e-1,2.934e-18,,2.099e-21,,,,,,1.322e-10,,9.235e-19,2.008e-17,6.771e-14,7.653e-8
306.24,1.094e+3,9.140e-22,1.812e-10,3.743e-46,,1.995e-15,,5.810e-21,2.687e-21,,3.398e-13,1.658e-8,1.352e-31,1.163e-18,6.138e-22,4.324e-15,,8.773e-8,3.843e-22,9.638e-21,5.074e-19,6.904e-35,2.891e-19,5.877e+2,4.953e-8,3.857e-3,8.944e-20,2.324e-1,1.234e-1,4.613e+2,4.478e+1,2.926e-26,4.446e-21,2.179e-23,3.897e-13,,,,,,,,,,,2.606e-1,2.935e-18,,2.099e-21,,,,,,7.006e-11,,9.240e-19,2.013e-17,1.395e-13,1.420e-7
306.27,1.142e+3,9.160e-22,1.468e-10,3.745e-46,,1.456e-15,,5.823e-21,2.653e-21,,1.114e-12,3.466e-8,1.352e-31,1.168e-18,6.138e-22,6.102e-15,,8.535e-8,3.460e-22,9.585e-21,5.076e-19,6.909e-35,2.904e-19,6.971e+2,6.304e-8,2.265e-3,8.954e-20,2.506e-1,9.994e-2,4.007e+2,4.382e+1,2.925e-26,4.447e-21,2.181e-23,1.348e-13,,,,,,,,,,,2.096e-1,2.937e-18,,2.099e-21,,,,,,2.663e-11,,9.248e-19,2.020e-17,4.067e-13,3.534e-7
306.29,1.195e+3,9.173e-22,1.263e-10,3.746e-46,,1.183e-15,,5.832e-21,2.630e-21,,2.433e-12,5.611e-8,1.351e-31,1.171e-18,6.138e-22,7.599e-15,,8.295e-8,3.205e-22,9.551e-21,5.077e-19,6.913e-35,2.913e-19,7.825e+2,7.328e-8,1.572e-3,8.961e-20,2.631e-1,8.598e-2,3.696e+2,4.276e+1,2.924e-26,4.448e-21,2.182e-23,6.577e-14,,,,,,,,,,,1.794e-1,2.938e-18,,2.100e-21,,,,,,1.384e-11,,9.252e-19,2.025e-17,8.218e-13,6.425e-7
306.32,1.306e+3,9.193e-22,9.936e-11,3.748e-46,,8.735e-16,,5.845e-21,2.596e-21,,7.736e-12,1.138e-7,1.351e-31,1.176e-18,6.138e-22,1.040e-14,,7.826e-8,2.826e-22,9.499e-21,5.079e-19,6.919e-35,2.927e-19,9.280e+2,9.045e-8,8.953e-4,8.971e-20,2.823e-1,6.762e-2,3.368e+2,4.059e+1,2.923e-26,4.449e-21,2.183e-23,2.207e-14,,,,,,,,,,,1.400e-1,2.939e-18,,2.100e-21,,,,,,5.137e-12,,9.260e-19,2.033e-17,2.327e-12,1.552e-6
306.34,1.398e+3,9.206e-22,8.383e-11,3.750e-46,,7.198e-16,,5.854e-21,2.573e-21,,1.656e-11,1.805e-7,1.351e-31,1.180e-18,6.138e-22,1.269e-14,,7.452e-8,2.578e-22,9.464e-21,5.080e-19,6.922e-35,2.936e-19,1.035e+3,1.030e-7,6.088e-4,8.977e-20,2.953e-1,5.710e-2,3.238e+2,3.881e+1,2.922e-26,4.450e-21,2.184e-23,1.054e-14,,,,,,,,,,,1.174e-1,2.940e-18,,2.100e-21,,,,,,2.679e-12,,9.264e-19,2.038e-17,4.611e-12,2.765e-6
306.37,1.561e+3,9.226e-22,6.400e-11,3.751e-46,,5.484e-16,,5.868e-21,2.538e-21,,5.110e-11,3.552e-7,1.350e-31,1.185e-18,6.138e-22,1.685e-14,,6.819e-8,2.220e-22,9.412e-21,5.082e-19,6.928e-35,2.949e-19,1.208e+3,1.234e-7,3.362e-4,8.987e-20,3.150e-1,4.376e-2,3.170e+2,3.574e+1,2.921e-26,4.451e-21,2.185e-23,3.430e-15,,,,,,,,,,,8.881e-2,2.942e-18,,2.101e-21,,,,,,1.178e-12,,9.272e-19,2.045e-17,1.268e-11,6.477e-6
306.39,1.684e+3,9.239e-22,5.294e-11,3.753e-46,,4.643e-16,,5.876e-21,2.515e-21,,1.072e-10,5.522e-7,1.350e-31,1.188e-18,6.138e-22,2.015e-14,,6.362e-8,1.991e-22,9.377e-21,5.083e-19,6.931e-35,2.958e-19,1.329e+3,1.377e-7,2.240e-4,8.994e-20,3.281e-1,3.641e-2,3.202e+2,3.348e+1,2.921e-26,4.451e-21,2.186e-23,1.605e-15,,,,,,,,,,,7.298e-2,2.943e-18,,2.101e-21,,,,,,9.683e-13,,9.277e-19,2.050e-17,2.466e-11,1.131e-5
306.42,1.881e+3,9.259e-22,3.924e-11,3.755e-46,,3.715e-16,,5.890e-21,2.481e-21,,3.210e-10,1.054e-6,1.350e-31,1.193e-18,6.138e-22,2.596e-14,,5.647e-8,1.670e-22,9.325e-21,5.085e-19,6.937e-35,2.972e-19,1.515e+3,1.599e-7,1.199e-4,9.003e-20,3.475e-1,2.748e-2,3.354e+2,2.991e+1,2.920e-26,4.453e-21,2.188e-23,5.063e-16,,,,,,,,,,,5.355e-2,2.944e-18,,2.101e-21,,,,,,1.581e-12,,9.284e-19,2.058e-17,6.588e-11,2.570e-5
306.44,2.018e+3,9.272e-22,3.183e-11,3.756e-46,,3.265e-16,,5.899e-21,2.458e-21,,6.600e-10,1.606e-6,1.349e-31,1.197e-18,6.138e-22,3.041e-14,,5.162e-8,1.471e-22,9.290e-21,5.086e-19,6.940e-35,2.981e-19,1.639e+3,1.749e-7,7.828e-5,9.010e-20,3.600e-1,2.280e-2,3.514e+2,2.747e+1,2.919e-26,4.453e-21,2.189e-23,2.322e-16,,,,,,,,,,,4.311e-2,2.945e-18,,2.102e-21,,,,,,2.874e-12,,9.289e-19,2.063e-17,1.256e-10,4.399e-5
306.46,2.157e+3,9.286e-22,2.561e-11,3.757e-46,,2.915e-16,,5.907e-21,2.435e-21,,1.346e-9,2.426e-6,1.349e-31,1.200e-18,6.138e-22,3.535e-14,,4.680e-8,1.287e-22,9.256e-21,5.087e-19,6.944e-35,2.990e-19,1.760e+3,1.897e-7,5.068e-5,9.016e-20,3.719e-1,1.904e-2,3.714e+2,2.502e+1,2.918e-26,4.454e-21,2.189e-23,1.056e-16,,,,,,,,,,,3.443e-2,2.946e-18,,2.102e-21,,,,,,5.497e-12,,9.294e-19,2.068e-17,2.378e-10,7.467e-5
306.49,2.360e+3,9.306e-22,1.821e-11,3.759e-46,,2.533e-16,,5.921e-21,2.400e-21,,3.863e-9,4.438e-6,1.349e-31,1.205e-18,6.137e-22,4.362e-14,,3.980e-8,1.037e-22,9.204e-21,5.089e-19,6.950e-35,3.003e-19,1.931e+3,2.111e-7,2.599e-5,9.026e-20,3.884e-1,1.493e-2,4.070e+2,2.144e+1,2.917e-26,4.455e-21,2.191e-23,3.188e-17,,,,,,,,,,,2.420e-2,2.948e-18,,2.102e-21,,,,,,1.468e-11,,9.301e-19,2.076e-17,6.102e-10,1.626e-4
306.51,2.488e+3,9.319e-22,1.437e-11,3.761e-46,,2.347e-16,,5.930e-21,2.378e-21,,7.723e-9,6.572e-6,1.348e-31,1.208e-18,6.137e-22,4.968e-14,,3.535e-8,8.900e-23,9.169e-21,5.090e-19,6.953e-35,3.012e-19,2.035e+3,2.243e-7,1.648e-5,9.033e-20,3.984e-1,1.310e-2,4.333e+2,1.916e+1,2.917e-26,4.456e-21,2.192e-23,1.420e-17,,,,,,,,,,,1.893e-2,2.949e-18,,2.102e-21,,,,,,2.807e-11,,9.306e-19,2.081e-17,1.133e-9,2.706e-4
306.54,2.662e+3,9.339e-22,9.919e-12,3.763e-46,,2.142e-16,,5.943e-21,2.343e-21,,2.150e-8,1.166e-5,1.348e-31,1.213e-18,6.137e-22,5.947e-14,,2.916e-8,6.969e-23,9.117e-21,5.092e-19,6.959e-35,3.026e-19,2.171e+3,2.421e-7,8.199e-6,9.043e-20,4.112e-1,1.159e-2,4.746e+2,1.596e+1,2.916e-26,4.457e-21,2.193e-23,4.159e-18,,,,,,,,,,,1.291e-2,2.950e-18,,2.103e-21,,,,,,7.317e-11,,9.313e-19,2.088e-17,2.826e-9,5.718e-4
306.56,2.762e+3,9.352e-22,7.672e-12,3.764e-46,,2.041e-16,,5.952e-21,2.320e-21,,4.213e-8,1.693e-5,1.348e-31,1.217e-18,6.137e-22,6.637e-14,,2.538e-8,5.863e-23,9.082e-21,5.093e-19,6.962e-35,3.035e-19,2.246e+3,2.522e-7,5.094e-6,9.049e-20,4.184e-1,1.131e-2,5.020e+2,1.401e+1,2.915e-26,4.458e-21,2.194e-23,1.815e-18,,,,,,,,,,,9.894e-3,2.951e-18,,2.103e-21,,,,,,1.372e-10,,9.318e-19,2.093e-17,5.150e-9,9.323e-4
306.59,2.884e+3,9.372e-22,5.142e-12,3.766e-46,,1.923e-16,,5.965e-21,2.286e-21,,1.138e-7,2.914e-5,1.347e-31,1.222e-18,6.137e-22,7.706e-14,,2.030e-8,4.457e-23,9.030e-21,5.095e-19,6.968e-35,3.048e-19,2.332e+3,2.640e-7,2.457e-6,9.059e-20,4.269e-1,1.191e-2,5.409e+2,1.138e+1,2.914e-26,4.459e-21,2.195e-23,5.152e-19,,,,,,,,,,,6.540e-3,2.953e-18,,2.104e-21,,,,,,3.470e-10,,9.325e-19,2.101e-17,1.249e-8,1.911e-3
306.61,2.945e+3,9.385e-22,3.900e-12,3.767e-46,,1.859e-16,,5.974e-21,2.263e-21,,2.185e-7,4.144e-5,1.347e-31,1.225e-18,6.137e-22,8.426e-14,,1.731e-8,3.676e-23,8.995e-21,5.096e-19,6.971e-35,3.057e-19,2.370e+3,2.694e-7,1.496e-6,9.066e-20,4.311e-1,1.294e-2,5.642e+2,9.844e+0,2.913e-26,4.460e-21,2.196e-23,2.202e-19,,,,,,,,,,,4.912e-3,2.954e-18,,2.104e-21,,,,,,6.377e-10,,9.330e-19,2.106e-17,2.232e-8,3.054e-3
306.64,3.002e+3,9.405e-22,2.537e-12,3.769e-46,,1.778e-16,,5.987e-21,2.228e-21,,5.728e-7,6.921e-5,1.347e-31,1.230e-18,6.137e-22,9.490e-14,,1.343e-8,2.712e-23,8.943e-21,5.098e-19,6.977e-35,3.071e-19,2.400e+3,2.736e-7,6.995e-7,9.076e-20,4.355e-1,1.538e-2,5.936e+2,7.863e+0,2.912e-26,4.461e-21,2.198e-23,6.061e-20,,,,,,,,,,,3.149e-3,2.955e-18,,2.104e-21,,,,,,1.565e-9,,9.337e-19,2.113e-17,5.262e-8,6.075e-3
306.66,3.018e+3,9.418e-22,1.887e-12,3.771e-46,,1.729e-16,,5.996e-21,2.205e-21,,1.078e-6,9.645e-5,1.347e-31,1.234e-18,6.137e-22,1.017e-13,,1.122e-8,2.192e-23,8.908e-21,5.100e-19,6.981e-35,3.080e-19,2.402e+3,2.736e-7,4.171e-7,9.082e-20,4.373e-1,1.758e-2,6.085e+2,6.756e+0,2.912e-26,4.462e-21,2.198e-23,2.538e-20,,,,,,,,,,,2.317e-3,2.956e-18,,2.104e-21,,,,,,2.819e-9,,9.342e-19,2.118e-17,9.233e-8,9.511e-3
306.69,3.010e+3,9.438e-22,1.192e-12,3.773e-46,,1.661e-16,,6.009e-21,2.171e-21,,2.741e-6,1.563e-4,1.346e-31,1.239e-18,6.137e-22,1.111e-13,,8.442e-9,1.569e-23,8.856e-21,5.101e-19,6.986e-35,3.093e-19,2.382e+3,2.694e-7,1.892e-7,9.092e-20,4.388e-1,2.171e-2,6.228e+2,5.399e+0,2.911e-26,4.463e-21,2.200e-23,2.537e-20,,,,,,,,,,,1.441e-3,2.958e-18,,2.105e-21,,,,,,6.711e-9,,9.349e-19,2.126e-17,2.116e-7,1.835e-2
306.71,2.987e+3,9.451e-22,8.689e-13,3.774e-46,,1.618e-16,,6.018e-21,2.148e-21,,5.056e-6,2.134e-4,1.346e-31,1.242e-18,6.137e-22,1.166e-13,,6.913e-9,1.243e-23,8.822e-21,5.103e-19,6.990e-35,3.102e-19,2.355e+3,2.640e-7,1.105e-7,9.098e-20,4.393e-1,2.500e-2,6.265e+2,4.682e+0,2.910e-26,4.464e-21,2.201e-23,2.536e-20,,,,,,,,,,,1.039e-3,2.959e-18,,2.105e-21,,,,,,1.185e-8,,9.354e-19,2.131e-17,3.644e-7,2.816e-2
306.74,2.930e+3,9.471e-22,5.329e-13,3.776e-46,,1.560e-16,,6.032e-21,2.114e-21,,1.248e-5,3.355e-4,1.346e-31,1.247e-18,6.137e-22,1.236e-13,,5.044e-9,8.629e-24,8.770e-21,5.104e-19,6.995e-35,3.116e-19,2.302e+3,2.522e-7,4.861e-8,9.108e-20,4.401e-1,3.068e-2,6.228e+2,3.864e+0,2.909e-26,4.465e-21,2.202e-23,2.534e-20,,,,,,,,,,,6.263e-4,2.960e-18,,2.105e-21,,,,,,2.737e-8,,9.361e-19,2.138e-17,8.123e-7,5.273e-2
306.76,2.881e+3,9.484e-22,3.809e-13,3.777e-46,,1.529e-16,,6.040e-21,2.091e-21,,2.255e-5,4.490e-4,1.345e-31,1.250e-18,6.137e-22,1.272e-13,,4.046e-9,6.697e-24,8.735e-21,5.106e-19,6.999e-35,3.125e-19,2.263e+3,2.421e-7,2.782e-8,9.115e-20,4.410e-1,3.493e-2,6.144e+2,3.471e+0,2.908e-26,4.465e-21,2.203e-23,2.533e-20,,,,,,,,,,,4.424e-4,2.961e-18,,2.106e-21,,,,,,4.734e-8,,9.366e-19,2.143e-17,1.373e-6,7.929e-2
306.79,2.801e+3,9.504e-22,2.268e-13,3.779e-46,,1.498e-16,,6.054e-21,2.056e-21,,5.399e-5,6.846e-4,1.345e-31,1.255e-18,6.137e-22,1.307e-13,,2.863e-9,4.511e-24,8.683e-21,5.107e-19,7.004e-35,3.138e-19,2.205e+3,2.243e-7,1.186e-8,9.125e-20,4.433e-1,4.191e-2,5.930e+2,3.081e+0,2.907e-26,4.467e-21,2.204e-23,2.531e-20,,,,,,,,,,,2.587e-4,2.963e-18,,2.106e-21,,,,,,1.061e-7,,9.374e-19,2.151e-17,2.977e-6,1.440e-1
306.81,2.749e+3,9.518e-22,1.589e-13,3.781e-46,,1.494e-16,,6.063e-21,2.033e-21,,9.565e-5,8.978e-4,1.345e-31,1.259e-18,6.137e-22,1.318e-13,,2.251e-9,3.431e-24,8.648e-21,5.109e-19,7.008e-35,3.147e-19,2.172e+3,2.111e-7,6.654e-9,9.131e-20,4.459e-1,4.690e-2,5.736e+2,2.935e+0,2.906e-26,4.467e-21,2.205e-23,2.530e-20,,,,,,,,,,,1.790e-4,2.964e-18,,2.106e-21,,,,,,1.799e-7,,9.378e-19,2.156e-17,4.941e-6,2.122e-1
306.84,2.680e+3,9.537e-22,9.186e-14,3.783e-46,,1.525e-16,,6.076e-21,1.999e-21,,2.222e-4,1.328e-3,1.344e-31,1.264e-18,6.137e-22,1.314e-13,,1.545e-9,2.241e-24,8.596e-21,5.110e-19,7.013e-35,3.161e-19,2.139e+3,1.897e-7,2.751e-9,9.141e-20,4.517e-1,5.471e-2,5.376e+2,2.858e+0,2.905e-26,4.469e-21,2.207e-23,2.528e-20,,,,,,,,,,,1.015e-4,2.965e-18,,2.107e-21,,,,,,3.912e-7,,9.386e-19,2.163e-17,1.042e-5,3.740e-1
306.86,2.647e+3,9.551e-22,6.311e-14,3.784e-46,,1.579e-16,,6.085e-21,1.976e-21,,3.858e-4,1.707e-3,1.344e-31,1.267e-18,6.137e-22,1.298e-13,,1.190e-9,1.670e-24,8.561e-21,5.112e-19,7.017e-35,3.170e-19,2.133e+3,1.749e-7,1.512e-9,9.148e-20,4.569e-1,6.004e-2,5.100e+2,2.886e+0,2.905e-26,4.469e-21,2.208e-23,2.527e-20,,,,,,,,,,,6.885e-5,2.966e-18,,2.107e-21,,,,,,6.500e-7,,9.391e-19,2.168e-17,1.698e-5,5.401e-1
306.88,2.628e+3,9.564e-22,4.302e-14,3.785e-46,,1.667e-16,,6.094e-21,1.953e-21,,6.644e-4,2.176e-3,1.344e-31,1.271e-18,6.137e-22,1.272e-13,,9.089e-10,1.235e-24,8.527e-21,5.113e-19,7.021e-35,3.179e-19,2.143e+3,1.599e-7,8.237e-10,9.154e-20,4.633e-1,6.537e-2,4.801e+2,2.965e+0,2.904e-26,4.470e-21,2.208e-23,2.526e-20,,,,,,,,,,,4.631e-5,2.967e-18,,2.107e-21,,,,,,1.071e-6,,9.395e-19,2.173e-17,2.746e-5,7.738e-1
306.91,2.631e+3,9.584e-22,2.386e-14,3.787e-46,,1.882e-16,,6.107e-21,1.919e-21,,1.479e-3,3.085e-3,1.343e-31,1.276e-18,6.137e-22,1.215e-13,,5.976e-10,7.728e-25,8.475e-21,5.115e-19,7.026e-35,3.192e-19,2.193e+3,1.377e-7,3.263e-10,9.164e-20,4.750e-1,7.314e-2,4.327e+2,3.161e+0,2.903e-26,4.471e-21,2.210e-23,2.524e-20,,,,,,,,,,,2.515e-5,2.969e-18,,2.108e-21,,,,,,2.233e-6,,9.403e-19,2.181e-17,5.572e-5,1.307e+0
306.93,2.658e+3,9.597e-22,1.595e-14,3.788e-46,,2.095e-16,,6.116e-21,1.896e-21,,2.497e-3,3.854e-3,1.343e-31,1.279e-18,6.137e-22,1.167e-13,,4.473e-10,5.597e-25,8.440e-21,5.116e-19,7.030e-35,3.201e-19,2.252e+3,1.234e-7,1.742e-10,9.171e-20,4.840e-1,7.804e-2,4.003e+2,3.334e+0,2.902e-26,4.472e-21,2.211e-23,2.523e-20,,,,,,,,,,,1.658e-5,2.970e-18,,2.108e-21,,,,,,3.608e-6,,9.407e-19,2.186e-17,8.850e-5,1.835e+0
306.96,2.742e+3,9.617e-22,8.591e-15,3.790e-46,,2.548e-16,,2.245e-20,1.861e-21,,5.395e-3,5.301e-3,1.343e-31,1.284e-18,6.137e-22,1.082e-13,,2.853e-10,3.398e-25,8.388e-21,5.118e-19,7.035e-35,3.215e-19,2.382e+3,1.030e-7,6.689e-11,9.180e-20,4.990e-1,8.472e-2,3.520e+2,3.639e+0,2.901e-26,4.473e-21,2.212e-23,2.522e-20,,,,,,,,,,,8.733e-6,2.971e-18,,2.108e-21,,,,,,7.296e-6,,9.415e-19,2.193e-17,1.747e-4,3.007e+0
306.98,2.827e+3,9.630e-22,5.636e-15,3.792e-46,,2.960e-16,,5.289e-20,1.838e-21,,8.925e-3,6.490e-3,1.342e-31,1.287e-18,6.136e-22,1.019e-13,,2.092e-10,2.411e-25,8.353e-21,5.119e-19,7.039e-35,3.224e-19,2.497e+3,9.045e-8,3.499e-11,9.187e-20,5.098e-1,8.859e-2,3.211e+2,3.868e+0,2.901e-26,4.474e-21,2.213e-23,2.521e-20,,,,,,,,,,,5.638e-6,2.972e-18,,2.109e-21,,,,,,1.155e-5,,9.420e-19,2.198e-17,2.725e-4,4.137e+0
307.01,3.001e+3,9.650e-22,2.963e-15,3.794e-46,,3.785e-16,,1.884e-19,1.804e-21,,1.871e-2,8.659e-3,1.342e-31,1.292e-18,6.136e-22,9.171e-14,,1.294e-10,1.420e-25,8.301e-21,5.121e-19,7.044e-35,3.237e-19,2.712e+3,7.328e-8,1.303e-11,9.197e-20,5.263e-1,9.329e-2,2.777e+2,4.248e+0,2.900e-26,4.475e-21,2.214e-23,2.519e-20,,,,,,,,,,,2.881e-6,2.973e-18,,2.109e-21,,,,,,2.266e-5,,9.427e-19,2.206e-17,5.235e-4,6.576e+0
307.03,3.147e+3,9.663e-22,1.926e-15,3.795e-46,,4.506e-16,,4.350e-19,1.781e-21,,3.033e-2,1.039e-2,1.342e-31,1.296e-18,6.136e-22,8.468e-14,,9.298e-11,9.871e-26,8.266e-21,5.122e-19,7.048e-35,3.246e-19,2.881e+3,6.304e-8,6.677e-12,9.203e-20,5.371e-1,9.559e-2,2.516e+2,4.525e+0,2.899e-26,4.476e-21,2.215e-23,2.518e-20,,,,,,,,,,,1.822e-6,2.974e-18,,2.109e-21,,,,,,3.517e-5,,9.432e-19,2.211e-17,8.017e-4,8.867e+0
307.06,3.408e+3,9.683e-22,1.036e-15,3.797e-46,,5.910e-16,,1.504e-18,1.747e-21,,6.168e-2,1.345e-2,1.341e-31,1.301e-18,6.136e-22,7.410e-14,,5.577e-11,5.636e-26,8.214e-21,5.124e-19,7.054e-35,3.260e-19,3.171e+3,4.953e-8,2.411e-12,9.213e-20,5.526e-1,9.764e-2,2.175e+2,4.987e+0,2.898e-26,4.477e-21,2.217e-23,2.516e-20,,,,,,,,,,,9.029e-7,2.976e-18,,2.110e-21,,,,,,6.695e-5,,9.439e-19,2.218e-17,1.499e-3,1.367e+1
307.08,3.608e+3,9.696e-22,7.288e-16,3.798e-46,,7.111e-16,,3.404e-18,1.724e-21,,9.802e-2,1.581e-2,1.341e-31,1.304e-18,6.136e-22,6.721e-14,,3.927e-11,3.840e-26,8.179e-21,5.125e-19,7.057e-35,3.269e-19,3.385e+3,4.175e-8,1.210e-12,9.220e-20,5.619e-1,9.804e-2,1.985e+2,5.334e+0,2.897e-26,4.478e-21,2.217e-23,2.515e-20,,,,,,,,,,,5.596e-7,2.977e-18,,2.110e-21,,,,,,1.018e-4,,9.444e-19,2.223e-17,2.254e-3,1.807e+1
307.11,3.940e+3,9.716e-22,5.491e-16,3.800e-46,,9.415e-16,,1.142e-17,1.689e-21,,1.934e-1,1.985e-2,1.341e-31,1.309e-18,6.136e-22,5.737e-14,,2.285e-11,2.126e-26,8.127e-21,5.127e-19,7.063e-35,3.282e-19,3.730e+3,3.182e-8,4.239e-13,9.230e-20,5.736e-1,9.715e-2,1.764e+2,5.940e+0,2.896e-26,4.479e-21,2.219e-23,2.513e-20,,,,,,,,,,,2.689e-7,2.978e-18,,2.110e-21,,,,,,1.880e-4,,9.451e-19,2.231e-17,4.100e-3,2.704e+1
307.13,4.180e+3,9.730e-22,5.809e-16,3.802e-46,,1.136e-15,,2.536e-17,1.666e-21,,3.012e-1,2.287e-2,1.341e-31,1.313e-18,6.136e-22,5.130e-14,,1.576e-11,1.419e-26,8.093e-21,5.128e-19,7.066e-35,3.291e-19,3.972e+3,2.628e-8,2.085e-13,9.236e-20,5.795e-1,9.558e-2,1.660e+2,6.418e+0,2.896e-26,4.480e-21,2.220e-23,2.512e-20,,,,,,,,,,,1.633e-7,2.979e-18,,2.111e-21,,,,,,2.802e-4,,9.456e-19,2.236e-17,6.054e-3,3.501e+1
307.16,4.560e+3,9.749e-22,8.638e-16,3.804e-46,,1.507e-15,,8.255e-17,1.632e-21,,5.767e-1,2.786e-2,1.340e-31,1.318e-18,6.136e-22,4.309e-14,,8.892e-12,7.624e-27,8.041e-21,5.130e-19,7.072e-35,3.305e-19,4.344e+3,1.943e-8,7.080e-14,9.246e-20,5.850e-1,9.188e-2,1.569e+2,7.288e+0,2.895e-26,4.481e-21,2.221e-23,2.511e-20,,,,,,,,,,,7.609e-8,2.981e-18,,2.111e-21,,,,,,5.022e-4,,9.463e-19,2.244e-17,1.072e-2,5.082e+1
307.18,4.824e+3,9.763e-22,1.254e-15,3.805e-46,,1.817e-15,,1.795e-16,1.609e-21,,8.802e-1,3.146e-2,1.340e-31,1.321e-18,6.136e-22,3.831e-14,,6.010e-12,4.986e-27,8.006e-21,5.131e-19,7.075e-35,3.314e-19,4.594e+3,1.573e-8,3.411e-14,9.253e-20,5.861e-1,8.858e-2,1.552e+2,7.997e+0,2.894e-26,4.481e-21,2.222e-23,2.510e-20,,,,,,,,,,,4.527e-8,2.982e-18,,2.111e-21,,,,,,7.335e-4,,9.468e-19,2.249e-17,1.554e-2,6.450e+1
307.21,5.226e+3,9.783e-22,2.301e-15,3.807e-46,,2.403e-15,,5.672e-16,1.575e-21,,1.635e+0,3.717e-2,1.340e-31,1.326e-18,6.136e-22,3.229e-14,,3.289e-12,2.597e-27,7.954e-21,5.133e-19,7.081e-35,3.327e-19,4.965e+3,1.128e-8,1.123e-14,9.262e-20,5.835e-1,8.260e-2,1.589e+2,9.305e+0,2.893e-26,4.483e-21,2.223e-23,2.508e-20,,,,,,,,,,,2.046e-8,2.983e-18,,2.112e-21,,,,,,1.275e-3,,9.475e-19,2.256e-17,2.676e-2,9.083e+1
307.23,5.496e+3,9.796e-22,3.466e-15,3.808e-46,,2.891e-15,,1.209e-15,1.552e-21,,2.446e+0,4.113e-2,1.339e-31,1.329e-18,6.136e-22,2.910e-14,,2.178e-12,1.664e-27,7.919e-21,5.134e-19,7.085e-35,3.336e-19,5.204e+3,8.942e-9,5.303e-15,9.269e-20,5.787e-1,7.804e-2,1.652e+2,1.037e+1,2.892e-26,4.483e-21,2.224e-23,2.507e-20,,,,,,,,,,,1.193e-8,2.984e-18,,2.112e-21,,,,,,1.825e-3,,9.480e-19,2.261e-17,3.810e-2,1.130e+2
307.25,5.765e+3,9.809e-22,5.203e-15,3.810e-46,,3.471e-15,,2.557e-15,1.529e-21,,3.629e+0,4.514e-2,1.339e-31,1.333e-18,6.136e-22,2.659e-14,,1.431e-12,1.058e-27,7.884e-21,5.135e-19,7.088e-35,3.345e-19,5.435e+3,7.034e-9,2.483e-15,9.276e-20,5.714e-1,7.313e-2,1.743e+2,1.162e+1,2.892e-26,4.484e-21,2.225e-23,2.506e-20,,,,,,,,,,,6.896e-9,2.985e-18,,2.112e-21,,,,,,2.592e-3,,9.485e-19,2.266e-17,5.385e-2,1.394e+2
307.28,6.161e+3,9.829e-22,9.450e-15,3.812e-46,,4.546e-15,,7.746e-15,1.494e-21,,6.462e+0,5.112e-2,1.339e-31,1.338e-18,6.136e-22,2.416e-14,,7.502e-13,5.279e-28,7.832e-21,5.137e-19,7.094e-35,3.359e-19,5.759e+3,4.833e-9,7.831e-16,9.285e-20,5.559e-1,6.534e-2,1.928e+2,1.389e+1,2.891e-26,4.485e-21,2.227e-23,2.504e-20,,,,,,,,,,,2.985e-9,2.987e-18,,2.112e-21,,,,,,4.320e-3,,9.492e-19,2.274e-17,8.925e-2,1.881e+2
307.3,6.418e+3,9.842e-22,1.394e-14,3.813e-46,,5.424e-15,,1.606e-14,1.471e-21,,9.398e+0,5.499e-2,1.338e-31,1.341e-18,6.136e-22,2.349e-14,,4.828e-13,3.288e-28,7.798e-21,5.138e-19,7.097e-35,3.368e-19,5.957e+3,3.725e-9,3.592e-16,9.292e-20,5.425e-1,6.001e-2,2.077e+2,1.569e+1,2.890e-26,4.486e-21,2.227e-23,2.503e-20,,,,,,,,,,,1.691e-9,2.988e-18,,2.113e-21,,,,,,6.012e-3,,9.497e-19,2.279e-17,1.238e-1,2.275e+2
307.33,6.793e+3,9.862e-22,2.460e-14,3.815e-46,,7.025e-15,,4.720e-14,1.437e-21,,1.624e+1,6.041e-2,1.338e-31,1.346e-18,6.136e-22,2.405e-14,,2.455e-13,1.591e-28,7.746e-21,5.140e-19,7.103e-35,3.381e-19,6.226e+3,2.482e-9,1.099e-16,9.302e-20,5.182e-1,5.201e-2,2.331e+2,1.886e+1,2.889e-26,4.487e-21,2.229e-23,2.501e-20,,,,,,,,,,,7.100e-10,2.989e-18,,2.113e-21,,,,,,9.721e-3,,9.504e-19,2.286e-17,1.997e-1,2.978e+2
307.35,7.035e+3,9.875e-22,3.558e-14,3.816e-46,,8.308e-15,,9.591e-14,1.414e-21,,2.314e+1,6.367e-2,1.338e-31,1.350e-18,6.136e-22,2.564e-14,,1.548e-13,9.710e-29,7.711e-21,5.141e-19,7.106e-35,3.390e-19,6.385e+3,1.875e-9,4.937e-17,9.308e-20,4.994e-1,4.681e-2,2.515e+2,2.130e+1,2.888e-26,4.488e-21,2.230e-23,2.500e-20,,,,,,,,,,,3.941e-10,2.990e-18,,2.113e-21,,,,,,1.326e-2,,9.509e-19,2.291e-17,2.720e-1,3.529e+2
307.38,7.386e+3,9.895e-22,6.098e-14,3.818e-46,,1.060e-14,,2.736e-13,1.380e-21,,3.879e+1,6.786e-2,1.337e-31,1.355e-18,6.136e-22,3.042e-14,,7.635e-14,4.558e-29,7.659e-21,5.143e-19,7.112e-35,3.404e-19,6.592e+3,1.212e-9,1.464e-17,9.318e-20,4.681e-1,3.936e-2,2.799e+2,2.547e+1,2.887e-26,4.489e-21,2.231e-23,2.498e-20,,,,,,,,,,,1.605e-10,2.992e-18,,2.114e-21,,,,,,2.080e-2,,9.517e-19,2.299e-17,4.266e-1,4.483e+2
307.4,7.613e+3,9.908e-22,8.647e-14,3.820e-46,,1.239e-14,,5.450e-13,1.357e-21,,5.419e+1,7.010e-2,1.337e-31,1.358e-18,6.136e-22,3.579e-14,,4.718e-14,2.725e-29,7.624e-21,5.144e-19,7.116e-35,3.413e-19,6.710e+3,8.967e-10,6.446e-18,9.325e-20,4.454e-1,3.471e-2,2.989e+2,2.857e+1,2.887e-26,4.490e-21,2.232e-23,2.497e-20,,,,,,,,,,,8.726e-11,2.993e-18,,2.114e-21,,,,,,2.780e-2,,9.521e-19,2.304e-17,5.704e-1,5.206e+2
307.43,7.949e+3,9.928e-22,1.439e-13,3.821e-46,,1.551e-14,,1.509e-12,1.322e-21,,8.813e+1,7.248e-2,1.337e-31,1.363e-18,6.136e-22,4.897e-14,,2.256e-14,1.240e-29,7.572e-21,5.146e-19,7.121e-35,3.426e-19,6.858e+3,5.622e-10,1.854e-18,9.335e-20,4.098e-1,2.832e-2,3.260e+2,3.367e+1,2.886e-26,4.491e-21,2.233e-23,2.496e-20,,,,,,,,,,,3.446e-11,2.994e-18,,2.114e-21,,,,,,4.232e-2,,9.529e-19,2.311e-17,8.700e-1,6.417e+2
307.45,8.171e+3,9.942e-22,2.000e-13,3.823e-46,,1.789e-14,,2.946e-12,1.299e-21,,1.207e+2,7.336e-2,1.336e-31,1.366e-18,6.136e-22,6.306e-14,,1.366e-14,7.266e-30,7.537e-21,5.147e-19,7.125e-35,3.435e-19,6.939e+3,4.077e-10,7.996e-19,9.341e-20,3.854e-1,2.447e-2,3.427e+2,3.733e+1,2.885e-26,4.492e-21,2.234e-23,2.495e-20,,,,,,,,,,,1.836e-11,2.995e-18,,2.115e-21,,,,,,5.544e-2,,9.534e-19,2.316e-17,1.142e+0,7.302e+2
307.48,8.511e+3,9.961e-22,3.230e-13,3.825e-46,,2.191e-14,,7.916e-12,1.265e-21,,1.904e+2,7.359e-2,1.336e-31,1.371e-18,6.136e-22,9.770e-14,,6.337e-15,3.208e-30,7.485e-21,5.149e-19,7.130e-35,3.449e-19,7.038e+3,2.479e-10,2.230e-19,9.351e-20,3.489e-1,1.938e-2,3.643e+2,4.313e+1,2.884e-26,4.493e-21,2.236e-23,2.493e-20,,,,,,,,,,,7.030e-12,2.997e-18,,2.115e-21,,,,,,8.188e-2,,9.541e-19,2.324e-17,1.693e+0,8.731e+2
307.5,8.746e+3,9.975e-22,4.403e-13,3.826e-46,,2.488e-14,,1.515e-11,1.242e-21,,2.555e+2,7.299e-2,1.336e-31,1.375e-18,6.135e-22,1.353e-13,,3.759e-15,1.841e-30,7.450e-21,5.150e-19,7.134e-35,3.458e-19,7.091e+3,1.761e-10,9.423e-20,9.358e-20,3.251e-1,1.642e-2,3.760e+2,4.712e+1,2.883e-26,4.494e-21,2.236e-23,2.492e-20,,,,,,,,,,,3.670e-12,2.998e-18,,2.115e-21,,,,,,1.051e-1,,9.546e-19,2.329e-17,2.182e+0,9.737e+2
307.53,9.120e+3,9.995e-22,6.905e-13,3.828e-46,,2.975e-14,,3.950e-11,1.207e-21,,3.911e+2,7.103e-2,1.335e-31,1.380e-18,6.135e-22,2.289e-13,,1.691e-15,7.884e-31,7.398e-21,5.152e-19,7.139e-35,3.472e-19,7.154e+3,1.039e-10,9.370e-20,9.367e-20,2.912e-1,1.262e-2,3.887e+2,5.317e+1,2.882e-26,4.495e-21,2.238e-23,2.490e-20,,,,,,,,,,,1.363e-12,2.999e-18,,2.116e-21,,,,,,1.506e-1,,9.553e-19,2.336e-17,3.145e+0,1.130e+3
307.55,9.392e+3,1.001e-21,9.228e-13,3.829e-46,,3.322e-14,,7.410e-11,1.185e-21,,5.143e+2,6.904e-2,1.335e-31,1.383e-18,6.135e-22,3.311e-13,,9.829e-16,4.434e-31,7.364e-21,5.153e-19,7.143e-35,3.481e-19,7.188e+3,7.233e-11,9.334e-20,9.374e-20,2.702e-1,1.050e-2,3.936e+2,5.715e+1,2.881e-26,4.496e-21,2.239e-23,2.489e-20,,,,,,,,,,,6.970e-13,3.000e-18,,2.116e-21,,,,,,1.895e-1,,9.558e-19,2.341e-17,3.977e+0,1.235e+3
307.58,9.846e+3,1.003e-21,1.405e-12,3.831e-46,,3.869e-14,,1.875e-10,1.150e-21,,7.639e+2,6.517e-2,1.335e-31,1.388e-18,6.135e-22,5.850e-13,,4.289e-16,1.841e-31,7.312e-21,5.155e-19,7.148e-35,3.494e-19,7.228e+3,4.138e-11,9.281e-20,9.384e-20,2.420e-1,7.855e-3,3.953e+2,6.286e+1,2.880e-26,4.497e-21,2.240e-23,2.487e-20,,,,,,,,,,,2.511e-13,3.002e-18,,2.116e-21,,,,,,2.635e-1,,9.565e-19,2.349e-17,5.573e+0,1.389e+3
307.6,1.019e+4,1.004e-21,1.841e-12,3.833e-46,,4.245e-14,,3.448e-10,1.127e-21,,9.846e+2,6.208e-2,1.335e-31,1.392e-18,6.135e-22,8.592e-13,,2.442e-16,1.014e-31,7.277e-21,5.156e-19,7.152e-35,3.503e-19,7.249e+3,2.823e-11,9.245e-20,9.390e-20,2.256e-1,6.423e-3,3.927e+2,6.639e+1,2.880e-26,4.497e-21,2.241e-23,2.486e-20,,,,,,,,,,,1.258e-13,3.003e-18,,2.117e-21,,,,,,3.249e-1,,9.570e-19,2.354e-17,6.914e+0,1.488e+3
307.62,1.057e+4,1.005e-21,2.393e-12,3.834e-46,,4.623e-14,,6.291e-10,1.104e-21,,1.259e+3,5.866e-2,1.334e-31,1.395e-18,6.135e-22,1.262e-12,,1.379e-16,5.544e-32,7.242e-21,5.158e-19,7.156e-35,3.512e-19,7.265e+3,1.910e-11,9.210e-20,9.397e-20,2.114e-1,5.223e-3,3.871e+2,6.963e+1,2.879e-26,4.498e-21,2.242e-23,2.485e-20,,,,,,,,,,,6.252e-14,3.004e-18,,2.117e-21,,,,,,3.975e-1,,9.575e-19,2.359e-17,8.513e+0,1.581e+3
307.65,1.124e+4,1.007e-21,3.496e-12,3.836e-46,,5.181e-14,,1.527e-9,1.070e-21,,1.792e+3,5.307e-2,1.334e-31,1.400e-18,6.135e-22,2.239e-12,,5.767e-17,2.206e-32,7.190e-21,5.159e-19,7.161e-35,3.526e-19,7.278e+3,1.047e-11,9.156e-20,9.407e-20,1.942e-1,3.803e-3,3.735e+2,7.379e+1,2.878e-26,4.499e-21,2.243e-23,2.484e-20,,,,,,,,,,,2.157e-14,3.005e-18,,2.117e-21,,,,,,5.297e-1,,9.582e-19,2.366e-17,1.146e+1,1.705e+3
307.67,1.175e+4,1.009e-21,4.456e-12,3.837e-46,,5.538e-14,,2.730e-9,1.047e-21,,2.246e+3,4.914e-2,1.334e-31,1.403e-18,6.135e-22,3.265e-12,,3.192e-17,1.181e-32,7.155e-21,5.161e-19,7.165e-35,3.535e-19,7.280e+3,6.943e-12,9.121e-20,9.413e-20,1.855e-1,3.073e-3,3.614e+2,7.601e+1,2.877e-26,4.500e-21,2.244e-23,2.482e-20,,,,,,,,,,,1.050e-14,3.006e-18,,2.118e-21,,,,,,6.350e-1,,9.587e-19,2.371e-17,1.385e+1,1.776e+3
307.7,1.266e+4,1.011e-21,6.320e-12,3.839e-46,,6.032e-14,,6.432e-9,1.012e-21,,3.103e+3,4.313e-2,1.333e-31,1.408e-18,6.135e-22,5.689e-12,,1.294e-17,4.557e-33,7.103e-21,5.162e-19,7.170e-35,3.548e-19,7.265e+3,3.692e-12,9.067e-20,9.423e-20,1.767e-1,2.241e-3,3.394e+2,7.840e+1,2.876e-26,4.501e-21,2.246e-23,2.481e-20,,,,,,,,,,,3.515e-15,3.008e-18,,2.118e-21,,,,,,8.210e-1,,9.594e-19,2.379e-17,1.812e+1,1.858e+3
307.72,1.337e+4,1.012e-21,7.899e-12,3.841e-46,,6.326e-14,,1.127e-8,9.895e-22,,3.810e+3,3.914e-2,1.333e-31,1.412e-18,6.135e-22,8.174e-12,,7.017e-18,2.391e-33,7.069e-21,5.164e-19,7.174e-35,3.557e-19,7.242e+3,2.399e-12,9.031e-20,9.430e-20,1.734e-1,1.833e-3,3.226e+2,7.931e+1,2.876e-26,4.502e-21,2.246e-23,2.480e-20,,,,,,,,,,,1.677e-15,3.009e-18,,2.118e-21,,,,,,9.646e-1,,9.599e-19,2.384e-17,2.147e+1,1.896e+3
307.75,1.462e+4,1.014e-21,1.088e-11,3.843e-46,,6.695e-14,,2.578e-8,9.551e-22,,5.107e+3,3.332e-2,1.333e-31,1.417e-18,6.135e-22,1.390e-11,,2.759e-18,8.947e-34,7.016e-21,5.166e-19,7.179e-35,3.571e-19,7.181e+3,1.237e-12,8.978e-20,9.440e-20,1.719e-1,1.393e-3,2.956e+2,7.961e+1,2.875e-26,4.503e-21,2.248e-23,2.478e-20,,,,,,,,,,,5.442e-16,3.010e-18,,2.119e-21,,,,,,1.210e+0,,9.606e-19,2.391e-17,2.730e+1,1.925e+3
307.77,1.558e+4,1.015e-21,1.333e-11,3.844e-46,,6.886e-14,,4.430e-8,9.322e-22,,6.147e+3,2.963e-2,1.332e-31,1.420e-18,6.135e-22,1.962e-11,,1.466e-18,4.599e-34,6.982e-21,5.167e-19,7.183e-35,3.580e-19,7.119e+3,7.875e-13,8.942e-20,9.446e-20,1.729e-1,1.192e-3,2.768e+2,7.909e+1,2.874e-26,4.504e-21,2.249e-23,2.477e-20,,,,,,,,,,,2.544e-16,3.011e-18,,2.119e-21,,,,,,1.393e+0,,9.611e-19,2.397e-17,3.173e+1,1.925e+3
307.8,1.725e+4,1.017e-21,1.782e-11,3.846e-46,,7.077e-14,,9.832e-8,8.978e-22,,7.994e+3,2.448e-2,1.332e-31,1.425e-18,6.135e-22,3.243e-11,,5.591e-19,1.669e-34,6.930e-21,5.169e-19,7.188e-35,3.593e-19,6.990e+3,3.939e-13,8.889e-20,9.456e-20,1.768e-1,9.957e-4,2.485e+2,7.726e+1,2.873e-26,4.505e-21,2.250e-23,2.475e-20,,,,,,,,,,,8.006e-17,3.013e-18,,2.119e-21,,,,,,1.696e+0,,9.618e-19,2.404e-17,3.919e+1,1.896e+3
307.82,1.852e+4,1.019e-21,2.142e-11,3.847e-46,,7.138e-14,,1.656e-7,8.748e-22,,9.430e+3,2.133e-2,1.332e-31,1.428e-18,6.135e-22,4.491e-11,,2.910e-19,8.407e-35,6.895e-21,5.170e-19,7.192e-35,3.602e-19,6.876e+3,2.457e-13,8.853e-20,9.463e-20,1.806e-1,9.185e-4,2.302e+2,7.539e+1,2.872e-26,4.506e-21,2.251e-23,2.474e-20,,,,,,,,,,,3.667e-17,3.014e-18,,2.119e-21,,,,,,1.914e+0,,9.623e-19,2.409e-17,4.468e+1,1.858e+3
307.85,2.067e+4,1.021e-21,2.781e-11,3.849e-46,,7.125e-14,,3.569e-7,8.404e-22,,1.190e+4,1.709e-2,1.331e-31,1.434e-18,6.135e-22,7.213e-11,,1.076e-19,2.959e-35,6.843e-21,5.172e-19,7.198e-35,3.616e-19,6.660e+3,1.192e-13,8.800e-20,9.472e-20,1.875e-1,8.611e-4,2.045e+2,7.168e+1,2.871e-26,4.507e-21,2.252e-23,2.473e-20,,,,,,,,,,,1.119e-17,3.015e-18,,2.120e-21,,,,,,2.260e+0,,9.630e-19,2.417e-17,5.360e+1,1.776e+3
307.87,2.227e+4,1.022e-21,3.277e-11,3.851e-46,,7.046e-14,,5.894e-7,8.175e-22,,1.376e+4,1.460e-2,1.331e-31,1.437e-18,6.135e-22,9.794e-11,,5.491e-20,1.460e-35,6.808e-21,5.173e-19,7.201e-35,3.625e-19,6.484e+3,7.287e-14,8.764e-20,9.479e-20,1.926e-1,8.509e-4,1.889e+2,6.870e+1,2.871e-26,4.508e-21,2.253e-23,2.471e-20,,,,,,,,,,,5.022e-18,3.016e-18,,2.120e-21,,,,,,2.499e+0,,9.635e-19,2.422e-17,5.993e+1,1.705e+3
307.9,2.490e+4,1.024e-21,4.131e-11,3.853e-46,,6.829e-14,,1.233e-6,7.830e-22,,1.684e+4,1.136e-2,1.331e-31,1.442e-18,6.135e-22,1.527e-10,,1.970e-20,4.985e-36,6.756e-21,5.175e-19,7.207e-35,3.638e-19,6.175e+3,3.429e-14,8.711e-20,9.489e-20,2.001e-1,8.633e-4,1.685e+2,6.359e+1,2.870e-26,4.509e-21,2.255e-23,2.470e-20,,,,,,,,,,,1.486e-18,3.018e-18,,2.121e-21,,,,,,2.864e+0,,9.643e-19,2.429e-17,6.982e+1,1.581e+3
307.92,2.680e+4,1.025e-21,4.774e-11,3.854e-46,,6.622e-14,,1.996e-6,7.601e-22,,1.908e+4,9.511e-3,1.330e-31,1.445e-18,6.135e-22,2.032e-10,,9.844e-21,2.410e-36,6.721e-21,5.176e-19,7.210e-35,3.647e-19,5.938e+3,2.054e-14,8.675e-20,9.495e-20,2.048e-1,8.831e-4,1.572e+2,5.986e+1,2.869e-26,4.510e-21,2.255e-23,2.469e-20,,,,,,,,,,,6.534e-19,3.019e-18,,2.121e-21,,,,,,3.104e+0,,9.647e-19,2.434e-17,7.656e+1,1.488e+3
307.95,2.984e+4,1.027e-21,5.846e-11,3.856e-46,,6.231e-14,,4.052e-6,7.257e-22,,2.267e+4,7.189e-3,1.330e-31,1.450e-18,6.135e-22,3.075e-10,,3.425e-21,7.980e-37,6.669e-21,5.178e-19,7.216e-35,3.661e-19,5.543e+3,9.375e-15,8.622e-20,9.505e-20,2.110e-1,9.208e-4,1.440e+2,5.394e+1,2.868e-26,4.511e-21,2.257e-23,2.467e-20,,,,,,,,,,,1.876e-19,3.020e-18,,2.121e-21,,,,,,3.450e+0,,9.655e-19,2.442e-17,8.662e+1,1.338e+3
307.97,3.194e+4,1.029e-21,6.625e-11,3.857e-46,,5.925e-14,,6.434e-6,7.027e-22,,2.517e+4,5.914e-3,1.330e-31,1.454e-18,6.135e-22,4.012e-10,,1.677e-21,3.781e-37,6.635e-21,5.179e-19,7.219e-35,3.670e-19,5.257e+3,5.502e-15,8.586e-20,9.512e-20,2.143e-1,9.468e-4,1.378e+2,4.988e+1,2.867e-26,4.511e-21,2.258e-23,2.466e-20,,,,,,,,,,,8.080e-20,3.021e-18,,2.121e-21,,,,,,3.665e+0,,9.660e-19,2.447e-17,9.314e+1,1.235e+3
307.99,3.409e+4,1.030e-21,7.451e-11,3.858e-46,,5.590e-14,,1.013e-5,6.798e-22,,2.772e+4,4.837e-3,1.330e-31,1.457e-18,6.135e-22,5.193e-10,,8.145e-22,1.776e-37,6.600e-21,5.180e-19,7.223e-35,3.679e-19,4.957e+3,3.203e-15,8.550e-20,9.518e-20,2.168e-1,9.709e-4,1.336e+2,4.581e+1,2.867e-26,4.512e-21,2.259e-23,2.465e-20,,,,,,,,,,,3.452e-20,3.022e-18,,2.122e-21,,,,,,3.863e+0,,9.664e-19,2.452e-17,9.936e+1,1.130e+3
308.02,3.731e+4,1.032e-21,8.759e-11,3.860e-46,,5.047e-14,,1.974e-5,6.454e-22,,3.157e+4,3.553e-3,1.329e-31,1.462e-18,6.134e-22,7.533e-10,,2.715e-22,5.635e-38,6.548e-21,5.182e-19,7.229e-35,3.692e-19,4.487e+3,1.401e-15,8.497e-20,9.528e-20,2.189e-1,9.994e-4,1.312e+2,3.977e+1,2.866e-26,4.513e-21,2.260e-23,2.463e-20,,,,,,,,,,,9.492e-21,3.023e-18,,2.122e-21,,,,,,4.116e+0,,9.672e-19,2.459e-17,1.079e+2,9.737e+2
308.04,3.940e+4,1.033e-21,9.662e-11,3.862e-46,,4.670e-14,,3.050e-5,6.224e-22,,3.408e+4,2.892e-3,1.329e-31,1.465e-18,6.134e-22,9.556e-10,,1.292e-22,2.594e-38,6.513e-21,5.183e-19,7.232e-35,3.701e-19,4.168e+3,7.990e-16,8.461e-20,9.535e-20,2.191e-1,1.011e-3,1.321e+2,3.588e+1,2.865e-26,4.514e-21,2.261e-23,2.462e-20,,,,,,,,,,,3.973e-21,3.024e-18,,2.122e-21,,,,,,4.251e+0,,9.677e-19,2.464e-17,1.128e+2,8.731e+2
308.07,4.236e+4,1.035e-21,1.103e-10,3.864e-46,,4.095e-14,,5.769e-5,5.880e-22,,3.765e+4,2.156e-3,1.329e-31,1.470e-18,6.134e-22,1.345e-9,,4.177e-23,7.980e-39,6.461e-21,5.185e-19,7.238e-35,3.715e-19,3.691e+3,3.389e-16,8.408e-20,9.545e-20,2.177e-1,1.017e-3,1.366e+2,3.034e+1,2.864e-26,4.515e-21,2.262e-23,2.460e-20,,,,,,,,,,,4.149e-21,3.026e-18,,2.123e-21,,,,,,4.394e+0,,9.684e-19,2.472e-17,1.190e+2,7.302e+2
308.09,4.415e+4,1.037e-21,1.194e-10,3.865e-46,,3.715e-14,,8.738e-5,5.651e-22,,3.983e+4,1.816e-3,1.328e-31,1.474e-18,6.134e-22,1.673e-9,,1.948e-23,3.600e-39,6.426e-21,5.186e-19,7.241e-35,3.724e-19,3.380e+3,1.894e-16,8.372e-20,9.551e-20,2.156e-1,1.011e-3,1.415e+2,2.689e+1,2.863e-26,4.516e-21,2.263e-23,2.459e-20,,,,,,,,,,,4.266e-21,3.027e-18,,2.123e-21,,,,,,4.448e+0,,9.689e-19,2.477e-17,1.220e+2,6.417e+2
308.12,4.646e+4,1.039e-21,1.325e-10,3.867e-46,,3.164e-14,,1.605e-4,5.307e-22,,4.270e+4,1.508e-3,1.328e-31,1.479e-18,6.134e-22,2.285e-9,,6.106e-24,1.074e-39,6.374e-21,5.188e-19,7.247e-35,3.737e-19,2.937e+3,7.795e-17,8.319e-20,9.561e-20,2.109e-1,9.886e-4,1.513e+2,2.214e+1,2.862e-26,4.517e-21,2.265e-23,2.458e-20,,,,,,,,,,,4.442e-21,3.028e-18,,2.123e-21,,,,,,4.461e+0,,9.696e-19,2.484e-17,1.248e+2,5.206e+2
308.14,4.769e+4,1.040e-21,1.408e-10,3.868e-46,,2.816e-14,,2.384e-4,5.077e-22,,4.427e+4,1.430e-3,1.328e-31,1.482e-18,6.134e-22,2.784e-9,,2.790e-24,4.747e-40,6.340e-21,5.189e-19,7.250e-35,3.746e-19,2.663e+3,4.269e-17,8.283e-20,9.568e-20,2.067e-1,9.644e-4,1.591e+2,1.928e+1,2.862e-26,4.518e-21,2.265e-23,2.456e-20,,,,,,,,,,,4.559e-21,3.029e-18,,2.124e-21,,,,,,4.425e+0,,9.701e-19,2.489e-17,1.255e+2,4.483e+2
308.17,4.901e+4,1.042e-21,1.519e-10,3.870e-46,,2.330e-14,,4.255e-4,4.733e-22,,4.605e+4,1.498e-3,1.327e-31,1.487e-18,6.134e-22,3.691e-9,,8.483e-25,1.373e-40,6.287e-21,5.191e-19,7.256e-35,3.760e-19,2.292e+3,1.704e-17,8.230e-20,9.577e-20,1.990e-1,9.156e-4,1.719e+2,1.547e+1,2.861e-26,4.519e-21,2.267e-23,2.455e-20,,,,,,,,,,,4.734e-21,3.031e-18,,2.124e-21,,,,,,4.307e+0,,9.708e-19,2.497e-17,1.247e+2,3.529e+2
308.19,4.949e+4,1.043e-21,1.584e-10,3.872e-46,,2.034e-14,,6.199e-4,4.504e-22,,4.680e+4,1.671e-3,1.327e-31,1.491e-18,6.134e-22,4.409e-9,,3.797e-25,5.947e-41,6.253e-21,5.192e-19,7.260e-35,3.769e-19,2.077e+3,9.142e-18,8.194e-20,9.584e-20,1.931e-1,8.757e-4,1.808e+2,1.323e+1,2.860e-26,4.520e-21,2.268e-23,2.454e-20,,,,,,,,,,,4.852e-21,3.032e-18,,2.124e-21,,,,,,4.187e+0,,9.713e-19,2.502e-17,1.229e+2,2.978e+2
308.22,4.959e+4,1.045e-21,1.663e-10,3.874e-46,,1.636e-14,,1.074e-3,4.160e-22,,4.722e+4,2.139e-3,1.327e-31,1.496e-18,6.134e-22,5.670e-9,,1.120e-25,1.669e-41,6.201e-21,5.194e-19,7.265e-35,3.782e-19,1.810e+3,3.539e-18,8.140e-20,9.594e-20,1.831e-1,8.069e-4,1.939e+2,1.034e+1,2.859e-26,4.521e-21,2.269e-23,2.452e-20,,,,,,,,,,,5.027e-21,3.033e-18,,2.125e-21,,,,,,3.953e+0,,9.720e-19,2.509e-17,1.185e+2,2.275e+2
308.24,4.922e+4,1.046e-21,1.703e-10,3.875e-46,,1.402e-14,,1.536e-3,3.930e-22,,4.703e+4,2.607e-3,1.326e-31,1.499e-18,6.134e-22,6.639e-9,,4.912e-26,7.081e-42,6.166e-21,5.195e-19,7.269e-35,3.791e-19,1.671e+3,1.861e-18,8.105e-20,9.600e-20,1.758e-1,7.564e-4,2.022e+2,8.690e+0,2.858e-26,4.522e-21,2.270e-23,2.451e-20,,,,,,,,,,,5.144e-21,3.034e-18,,2.125e-21,,,,,,3.766e+0,,9.725e-19,2.514e-17,1.146e+2,1.881e+2
308.27,4.805e+4,1.048e-21,1.741e-10,3.877e-46,,1.096e-14,,2.586e-3,3.586e-22,,4.605e+4,3.581e-3,1.326e-31,1.504e-18,6.134e-22,8.285e-9,,1.405e-26,1.927e-42,6.114e-21,5.197e-19,7.274e-35,3.805e-19,1.530e+3,6.987e-19,8.051e-20,9.610e-20,1.641e-1,6.763e-4,2.132e+2,6.610e+0,2.857e-26,4.523e-21,2.271e-23,2.449e-20,,,,,,,,,,,5.320e-21,3.036e-18,,2.125e-21,,,,,,3.450e+0,,9.732e-19,2.522e-17,1.072e+2,1.394e+2
308.29,4.688e+4,1.050e-21,1.752e-10,3.878e-46,,9.223e-15,,3.626e-3,3.357e-22,,4.495e+4,4.440e-3,1.326e-31,1.507e-18,6.134e-22,9.508e-9,,6.037e-27,1.930e-42,6.079e-21,5.198e-19,7.278e-35,3.814e-19,1.482e+3,3.600e-19,8.016e-20,9.617e-20,1.559e-1,6.214e-4,2.193e+2,5.460e+0,2.857e-26,4.524e-21,2.272e-23,2.448e-20,,,,,,,,,,,5.437e-21,3.037e-18,,2.126e-21,,,,,,3.222e+0,,9.737e-19,2.527e-17,1.016e+2,1.130e+2
308.32,4.460e+4,1.052e-21,1.748e-10,3.880e-46,,7.031e-15,,5.936e-3,1.776e-21,,4.271e+4,6.098e-3,1.325e-31,1.513e-18,6.134e-22,1.151e-8,,1.780e-27,1.933e-42,6.027e-21,5.200e-19,7.283e-35,3.827e-19,1.483e+3,1.311e-19,7.962e-20,9.627e-20,1.432e-1,5.391e-4,2.259e+2,4.044e+0,2.856e-26,4.525e-21,2.274e-23,2.447e-20,,,,,,,,,,,5.613e-21,3.038e-18,,2.126e-21,,,,,,2.864e+0,,9.744e-19,2.534e-17,9.227e+1,8.120e+1
308.34,4.278e+4,1.053e-21,1.731e-10,3.882e-46,,5.826e-15,,8.167e-3,4.157e-21,,4.086e+4,7.486e-3,1.325e-31,1.516e-18,6.134e-22,1.295e-8,,9.541e-28,1.935e-42,5.992e-21,5.201e-19,7.287e-35,3.836e-19,1.534e+3,6.619e-20,7.927e-20,9.633e-20,1.345e-1,4.854e-4,2.285e+2,3.281e+0,2.855e-26,4.526e-21,2.275e-23,2.445e-20,,,,,,,,,,,5.730e-21,3.039e-18,,2.126e-21,,,,,,2.621e+0,,9.749e-19,2.539e-17,8.568e+1,6.450e+1
308.36,4.078e+4,1.054e-21,1.704e-10,3.883e-46,,4.807e-15,,1.115e-2,9.655e-21,,3.879e+4,9.131e-3,1.325e-31,1.519e-18,6.134e-22,1.445e-8,,8.787e-28,1.937e-42,5.958e-21,5.202e-19,7.291e-35,3.845e-19,1.625e+3,3.314e-20,7.891e-20,9.640e-20,1.257e-1,4.336e-4,2.295e+2,2.643e+0,2.854e-26,4.526e-21,2.275e-23,2.444e-20,,,,,,,,,,,5.847e-21,3.040e-18,,2.127e-21,,,,,,2.379e+0,,9.754e-19,2.544e-17,7.894e+1,5.082e+1
308.39,3.752e+4,1.056e-21,1.646e-10,3.885e-46,,3.597e-15,,1.755e-2,3.367e-20,,3.534e+4,1.213e-2,1.324e-31,1.524e-18,6.134e-22,1.678e-8,,2.070e-27,1.941e-42,5.906e-21,5.204e-19,7.296e-35,3.859e-19,1.839e+3,1.157e-20,7.838e-20,9.650e-20,1.126e-1,3.606e-4,2.278e+2,1.885e+0,2.853e-26,4.527e-21,2.277e-23,2.443e-20,,,,,,,,,,,6.023e-21,3.042e-18,,2.127e-21,,,,,,2.027e+0,,9.761e-19,2.552e-17,6.876e+1,3.501e+1
308.41,3.524e+4,1.058e-21,1.598e-10,3.886e-46,,2.980e-15,,2.352e-2,7.667e-20,,3.289e+4,1.453e-2,1.324e-31,1.528e-18,6.134e-22,1.835e-8,,4.763e-27,1.943e-42,5.871e-21,5.205e-19,7.300e-35,3.868e-19,2.033e+3,5.675e-21,7.802e-20,9.656e-20,1.039e-1,3.157e-4,2.246e+2,1.492e+0,2.852e-26,4.528e-21,2.278e-23,2.442e-20,,,,,,,,,,,6.140e-21,3.043e-18,,2.127e-21,,,,,,1.803e+0,,9.766e-19,2.557e-17,6.210e+1,2.704e+1
308.44,3.179e+4,1.060e-21,1.514e-10,3.888e-46,,2.313e-15,,3.598e-2,2.595e-19,,2.910e+4,1.875e-2,1.324e-31,1.533e-18,6.134e-22,2.067e-8,,1.638e-26,1.946e-42,5.819e-21,5.207e-19,7.305e-35,3.881e-19,2.399e+3,1.921e-21,7.748e-20,9.666e-20,9.122e-2,2.547e-4,2.169e+2,1.036e+0,2.851e-26,4.529e-21,2.279e-23,2.440e-20,,,,,,,,,,,6.315e-21,3.044e-18,,2.128e-21,,,,,,1.491e+0,,9.773e-19,2.565e-17,5.250e+1,1.807e+1
308.46,2.954e+4,1.061e-21,1.453e-10,3.890e-46,,2.029e-15,,4.734e-2,5.794e-19,,2.658e+4,2.201e-2,1.324e-31,1.536e-18,6.134e-22,2.216e-8,,3.695e-26,1.948e-42,5.784e-21,5.208e-19,7.309e-35,3.890e-19,2.690e+3,9.236e-22,7.713e-20,9.673e-20,8.303e-2,2.185e-4,2.100e+2,8.049e-1,2.851e-26,4.530e-21,2.280e-23,2.439e-20,,,,,,,,,,,1.493e-20,3.045e-18,,2.128e-21,,,,,,1.300e+0,,9.778e-19,2.570e-17,4.647e+1,1.367e+1
308.49,2.632e+4,1.063e-21,1.355e-10,3.891e-46,,1.836e-15,,7.047e-2,1.904e-18,,2.288e+4,2.758e-2,1.323e-31,1.541e-18,6.134e-22,2.423e-8,,1.233e-25,1.952e-42,5.732e-21,5.210e-19,7.314e-35,3.904e-19,3.192e+3,3.032e-22,7.659e-20,9.682e-20,7.131e-2,1.710e-4,1.973e+2,5.439e-1,2.850e-26,4.531e-21,2.281e-23,2.437e-20,,,,,,,,,,,5.348e-20,3.047e-18,,2.128e-21,,,,,,1.042e+0,,9.786e-19,2.577e-17,3.813e+1,8.867e+0
308.51,2.434e+4,1.064e-21,1.288e-10,3.893e-46,,1.866e-15,,9.105e-2,4.166e-18,,2.054e+4,3.173e-2,1.323e-31,1.544e-18,6.134e-22,2.546e-8,,2.727e-25,1.954e-42,5.697e-21,5.212e-19,7.318e-35,3.913e-19,3.565e+3,1.428e-22,7.624e-20,9.689e-20,6.394e-2,1.438e-4,1.875e+2,4.150e-1,2.849e-26,4.532e-21,2.282e-23,2.436e-20,,,,,,,,,,,1.240e-19,3.048e-18,,2.128e-21,,,,,,8.908e-1,,9.790e-19,2.582e-17,3.308e+1,6.576e+0
308.54,2.168e+4,1.066e-21,1.186e-10,3.895e-46,,2.172e-15,,1.319e-1,1.329e-17,,1.730e+4,3.859e-2,1.323e-31,1.549e-18,6.133e-22,2.702e-8,,8.838e-25,1.957e-42,5.645e-21,5.213e-19,7.323e-35,3.926e-19,4.171e+3,4.549e-23,7.570e-20,9.699e-20,5.365e-2,1.092e-4,1.716e+2,2.728e-1,2.848e-26,4.533e-21,2.284e-23,2.434e-20,,,,,,,,,,,4.310e-19,3.049e-18,,2.129e-21,,,,,,6.931e-1,,9.798e-19,2.590e-17,2.634e+1,4.137e+0
308.56,2.015e+4,1.068e-21,1.120e-10,3.896e-46,,2.573e-15,,1.674e-1,2.851e-17,,1.536e+4,4.352e-2,1.322e-31,1.553e-18,6.133e-22,2.783e-8,,1.916e-24,1.959e-42,5.611e-21,5.215e-19,7.327e-35,3.935e-19,4.597e+3,2.100e-23,7.535e-20,9.705e-20,4.734e-2,9.001e-5,1.605e+2,2.044e-1,2.847e-26,4.534e-21,2.284e-23,2.433e-20,,,,,,,,,,,9.794e-19,3.050e-18,,2.129e-21,,,,,,5.805e-1,,9.803e-19,2.595e-17,2.240e+1,3.007e+0
308.59,1.826e+4,1.070e-21,1.023e-10,3.898e-46,,3.534e-15,,2.360e-1,8.827e-17,,1.284e+4,5.135e-2,1.322e-31,1.558e-18,6.133e-22,2.867e-8,,6.026e-24,1.963e-42,5.558e-21,5.216e-19,7.333e-35,3.949e-19,5.255e+3,6.486e-24,7.481e-20,9.715e-20,3.875e-2,6.633e-5,1.437e+2,1.307e-1,2.846e-26,4.535e-21,2.286e-23,2.432e-20,,,,,,,,,,,3.306e-18,3.052e-18,,2.129e-21,,,,,,4.383e-1,,9.810e-19,2.602e-17,1.731e+1,1.835e+0
308.61,1.728e+4,1.071e-21,9.605e-11,3.899e-46,,4.461e-15,,2.943e-1,1.856e-16,,1.144e+4,5.677e-2,1.322e-31,1.561e-18,6.133e-22,2.895e-8,,1.281e-23,1.965e-42,5.524e-21,5.218e-19,7.336e-35,3.958e-19,5.695e+3,2.934e-24,7.445e-20,9.722e-20,3.363e-2,5.357e-5,1.326e+2,9.612e-2,2.846e-26,4.536e-21,2.287e-23,2.431e-20,,,,,,,,,,,7.364e-18,3.053e-18,,2.130e-21,,,,,,3.597e-1,,9.815e-19,2.607e-17,1.443e+1,1.307e+0
308.64,1.627e+4,1.073e-21,8.719e-11,3.901e-46,,6.392e-15,,4.042e-1,5.579e-16,,9.805e+3,6.499e-2,1.321e-31,1.566e-18,6.133e-22,2.896e-8,,3.910e-23,1.968e-42,5.472e-21,5.219e-19,7.342e-35,3.971e-19,6.337e+3,8.789e-25,7.392e-20,9.732e-20,2.685e-2,3.830e-5,1.170e+2,5.977e-2,2.845e-26,4.537e-21,2.288e-23,2.429e-20,,,,,,,,,,,2.413e-17,3.054e-18,,2.130e-21,,,,,,2.635e-1,,9.822e-19,2.615e-17,1.082e+1,7.738e-1
308.66,1.590e+4,1.074e-21,8.160e-11,3.903e-46,,8.117e-15,,4.952e-1,1.150e-15,,9.044e+3,7.042e-2,1.321e-31,1.570e-18,6.133e-22,2.869e-8,,8.148e-23,1.970e-42,5.437e-21,5.221e-19,7.345e-35,3.980e-19,6.741e+3,3.895e-25,7.356e-20,9.738e-20,2.292e-2,3.031e-5,1.075e+2,4.314e-2,2.844e-26,4.538e-21,2.289e-23,2.428e-20,,,,,,,,,,,5.269e-17,3.055e-18,,2.130e-21,,,,,,2.120e-1,,9.827e-19,2.620e-17,8.837e+0,5.401e-1
308.69,1.582e+4,1.076e-21,7.369e-11,3.905e-46,,1.152e-14,,6.629e-1,3.356e-15,,8.426e+3,7.824e-2,1.321e-31,1.575e-18,6.133e-22,2.789e-8,,2.415e-22,1.974e-42,5.385e-21,5.222e-19,7.351e-35,3.994e-19,7.290e+3,1.132e-25,7.303e-20,9.748e-20,1.786e-2,2.102e-5,9.485e+1,2.609e-2,2.843e-26,4.539e-21,2.290e-23,2.426e-20,,,,,,,,,,,1.676e-16,3.057e-18,,2.131e-21,,,,,,1.506e-1,,9.834e-19,2.627e-17,6.428e+0,3.103e-1
308.71,1.608e+4,1.078e-21,6.872e-11,3.906e-46,,1.444e-14,,7.983e-1,6.784e-15,,8.380e+3,8.309e-2,1.320e-31,1.578e-18,6.133e-22,2.712e-8,,4.933e-22,1.976e-42,5.350e-21,5.224e-19,7.354e-35,4.003e-19,7.607e+3,4.916e-26,7.267e-20,9.755e-20,1.501e-2,1.631e-5,8.779e+1,1.848e-2,2.842e-26,4.540e-21,2.291e-23,2.425e-20,,,,,,,,,,,3.588e-16,3.058e-18,,2.131e-21,,,,,,1.188e-1,,9.839e-19,2.632e-17,5.148e+0,2.122e-1
308.74,1.696e+4,1.080e-21,6.168e-11,3.908e-46,,1.998e-14,,1.042e+0,1.921e-14,,8.889e+3,8.958e-2,1.320e-31,1.583e-18,6.133e-22,2.566e-8,,1.419e-21,1.979e-42,5.298e-21,5.225e-19,7.360e-35,4.016e-19,7.991e+3,1.386e-26,7.214e-20,9.764e-20,1.147e-2,1.098e-5,7.942e+1,1.086e-2,2.841e-26,4.541e-21,2.293e-23,2.423e-20,,,,,,,,,,,1.108e-15,3.059e-18,,2.131e-21,,,,,,8.188e-2,,9.846e-19,2.640e-17,3.634e+0,1.183e-1
308.76,1.789e+4,1.081e-21,5.723e-11,3.909e-46,,2.459e-14,,1.233e+0,3.807e-14,,9.633e+3,9.325e-2,1.320e-31,1.586e-18,6.133e-22,2.453e-8,,2.842e-21,1.982e-42,5.263e-21,5.227e-19,7.364e-35,4.025e-19,8.177e+3,5.896e-27,7.178e-20,9.771e-20,9.548e-3,8.344e-6,7.541e+1,7.548e-3,2.841e-26,4.541e-21,2.294e-23,2.422e-20,,,,,,,,,,,2.325e-15,3.060e-18,,2.132e-21,,,,,,6.327e-2,,9.851e-19,2.645e-17,2.852e+0,7.929e-2
308.78,1.909e+4,1.082e-21,5.297e-11,3.911e-46,,3.002e-14,,1.451e+0,7.485e-14,,1.072e+4,9.629e-2,1.319e-31,1.590e-18,6.133e-22,2.330e-8,,5.646e-21,1.984e-42,5.229e-21,5.228e-19,7.367e-35,4.034e-19,8.303e+3,2.489e-27,7.143e-20,9.777e-20,7.944e-3,6.292e-6,7.268e+1,5.206e-3,2.840e-26,4.542e-21,2.294e-23,2.421e-20,,,,,,,,,,,4.842e-15,3.061e-18,,2.132e-21,,,,,,4.849e-2,,9.856e-19,2.650e-17,2.221e+0,5.273e-2
308.81,2.145e+4,1.084e-21,4.691e-11,3.913e-46,,3.991e-14,,1.828e+0,2.033e-13,,1.300e+4,9.953e-2,1.319e-31,1.595e-18,6.133e-22,2.136e-8,,1.558e-20,1.987e-42,5.177e-21,5.230e-19,7.373e-35,4.048e-19,8.372e+3,2.485e-27,7.089e-20,9.787e-20,6.066e-3,4.059e-6,7.094e+1,2.940e-3,2.839e-26,4.543e-21,2.296e-23,2.419e-20,,,,,,,,,,,1.434e-14,3.063e-18,,2.132e-21,,,,,,3.205e-2,,9.863e-19,2.657e-17,1.503e+0,2.816e-2
308.83,2.340e+4,1.086e-21,4.307e-11,3.914e-46,,4.778e-14,,2.115e+0,3.919e-13,,1.499e+4,1.007e-1,1.319e-31,1.598e-18,6.133e-22,2.005e-8,,3.034e-20,1.989e-42,5.142e-21,5.231e-19,7.376e-35,4.057e-19,8.336e+3,2.482e-27,7.053e-20,9.794e-20,5.124e-3,3.000e-6,7.130e+1,1.989e-3,2.838e-26,4.544e-21,2.297e-23,2.418e-20,,,,,,,,,,,2.927e-14,3.064e-18,,2.133e-21,,,,,,2.407e-2,,9.868e-19,2.662e-17,1.147e+0,1.835e-2
308.86,2.692e+4,1.088e-21,3.761e-11,3.916e-46,,6.165e-14,,2.601e+0,1.033e-12,,1.868e+4,1.010e-1,1.318e-31,1.603e-18,6.133e-22,1.812e-8,,8.126e-20,1.993e-42,5.090e-21,5.233e-19,7.382e-35,4.070e-19,8.163e+3,2.478e-27,7.000e-20,9.804e-20,4.111e-3,1.877e-6,7.390e+1,1.091e-3,2.837e-26,4.545e-21,2.298e-23,2.417e-20,,,,,,,,,,,8.413e-14,3.065e-18,,2.133e-21,,,,,,1.544e-2,,9.875e-19,2.670e-17,7.531e-1,9.511e-3
308.88,2.967e+4,1.089e-21,3.416e-11,3.917e-46,,7.235e-14,,2.962e+0,1.952e-12,,2.162e+4,1.002e-1,1.318e-31,1.607e-18,6.133e-22,1.692e-8,,1.552e-19,1.995e-42,5.055e-21,5.234e-19,7.385e-35,4.079e-19,7.971e+3,2.476e-27,6.964e-20,9.810e-20,3.666e-3,1.360e-6,7.687e+1,7.244e-4,2.837e-26,4.546e-21,2.299e-23,2.416e-20,,,,,,,,,,,1.684e-13,3.066e-18,,2.133e-21,,,,,,1.136e-2,,9.880e-19,2.675e-17,5.633e-1,6.075e-3
308.91,3.441e+4,1.091e-21,2.930e-11,3.919e-46,,9.060e-14,,3.555e+0,4.997e-12,,2.674e+4,9.755e-2,1.318e-31,1.612e-18,6.133e-22,1.529e-8,,4.034e-19,1.998e-42,5.003e-21,5.236e-19,7.391e-35,4.093e-19,7.581e+3,2.472e-27,6.911e-20,9.820e-20,3.291e-3,8.258e-7,8.284e+1,3.861e-4,2.836e-26,4.547e-21,2.300e-23,2.414e-20,,,,,,,,,,,4.698e-13,3.067e-18,,2.134e-21,,,,,,7.071e-3,,9.887e-19,2.682e-17,3.589e-1,3.054e-3
308.93,3.797e+4,1.092e-21,2.628e-11,3.921e-46,,1.042e-13,,3.985e+0,9.256e-12,,3.061e+4,9.485e-2,1.318e-31,1.615e-18,6.133e-22,1.436e-8,,7.551e-19,2.000e-42,4.968e-21,5.237e-19,7.395e-35,4.102e-19,7.261e+3,2.470e-27,6.875e-20,9.827e-20,3.209e-3,5.862e-7,8.761e+1,2.513e-4,2.835e-26,4.548e-21,2.301e-23,2.413e-20,,,,,,,,,,,9.219e-13,3.068e-18,,2.134e-21,,,,,,5.101e-3,,9.892e-19,2.687e-17,2.631e-1,1.911e-3
308.96,4.387e+4,1.094e-21,2.207e-11,3.923e-46,,1.267e-13,,4.673e+0,2.299e-11,,3.706e+4,8.958e-2,1.317e-31,1.620e-18,6.133e-22,1.324e-8,,1.906e-18,2.004e-42,4.916e-21,5.239e-19,7.400e-35,4.115e-19,6.707e+3,2.466e-27,6.822e-20,9.837e-20,3.297e-3,3.453e-7,9.556e+1,1.301e-4,2.834e-26,4.549e-21,2.303e-23,2.411e-20,,,,,,,,,,,2.497e-12,3.070e-18,,2.134e-21,,,,,,3.079e-3,,9.900e-19,2.695e-17,1.627e-1,9.323e-4
308.98,4.813e+4,1.096e-21,1.950e-11,3.924e-46,,1.428e-13,,5.157e+0,4.176e-11,,4.172e+4,8.537e-2,1.317e-31,1.623e-18,6.133e-22,1.268e-8,,3.497e-18,2.006e-42,4.881e-21,5.240e-19,7.404e-35,4.124e-19,6.301e+3,2.463e-27,6.786e-20,9.843e-20,3.477e-3,2.403e-7,1.011e+2,8.307e-5,2.833e-26,4.550e-21,2.303e-23,2.410e-20,,,,,,,,,,,4.803e-12,3.071e-18,,2.135e-21,,,,,,2.177e-3,,9.904e-19,2.700e-17,1.169e-1,5.718e-4
309.01,5.493e+4,1.098e-21,1.599e-11,3.926e-46,,1.684e-13,,5.912e+0,1.007e-10,,4.916e+4,7.824e-2,1.317e-31,1.628e-18,6.133e-22,1.217e-8,,8.566e-18,2.009e-42,4.829e-21,5.242e-19,7.409e-35,4.138e-19,5.655e+3,2.459e-27,6.733e-20,9.853e-20,3.895e-3,1.373e-7,1.095e+2,4.176e-5,2.832e-26,4.551e-21,2.305e-23,2.408e-20,,,,,,,,,,,1.263e-11,3.072e-18,,2.135e-21,,,,,,1.275e-3,,9.912e-19,2.707e-17,7.010e-2,2.706e-4
309.03,5.965e+4,1.099e-21,1.390e-11,3.927e-46,,1.861e-13,,6.428e+0,1.793e-10,,5.431e+4,7.309e-2,1.316e-31,1.632e-18,6.132e-22,1.203e-8,,1.541e-17,2.011e-42,4.795e-21,5.243e-19,7.413e-35,4.147e-19,5.212e+3,2.457e-27,6.697e-20,9.859e-20,4.258e-3,9.364e-8,1.148e+2,2.615e-5,2.832e-26,4.552e-21,2.306e-23,2.407e-20,,,,,,,,,,,2.382e-11,3.073e-18,,2.135e-21,,,,,,8.837e-4,,9.916e-19,2.712e-17,4.936e-2,1.626e-4
309.06,6.684e+4,1.101e-21,1.111e-11,3.929e-46,,2.130e-13,,7.210e+0,4.197e-10,,6.216e+4,6.499e-2,1.316e-31,1.637e-18,6.132e-22,1.211e-8,,3.664e-17,2.015e-42,4.743e-21,5.245e-19,7.418e-35,4.160e-19,4.545e+3,2.453e-27,6.644e-20,9.869e-20,4.902e-3,5.193e-8,1.219e+2,1.277e-5,2.831e-26,4.553e-21,2.307e-23,2.406e-20,,,,,,,,,,,6.077e-11,3.075e-18,,2.136e-21,,,,,,5.022e-4,,9.924e-19,2.720e-17,2.873e-2,7.467e-5
309.08,7.160e+4,1.102e-21,9.489e-12,3.930e-46,,2.308e-13,,7.729e+0,7.325e-10,,6.735e+4,5.951e-2,1.316e-31,1.640e-18,6.132e-22,1.235e-8,,6.463e-17,2.017e-42,4.708e-21,5.246e-19,7.422e-35,4.170e-19,4.111e+3,2.451e-27,6.608e-20,9.876e-20,5.384e-3,3.470e-8,1.259e+2,7.837e-6,2.830e-26,4.554e-21,2.308e-23,2.405e-20,,,,,,,,,,,1.124e-10,3.076e-18,,2.136e-21,,,,,,3.411e-4,,9.929e-19,2.725e-17,1.983e-2,4.399e-5
309.11,7.846e+4,1.104e-21,7.386e-12,3.932e-46,,2.563e-13,,8.491e+0,1.664e-9,,7.483e+4,5.135e-2,1.315e-31,1.645e-18,6.132e-22,1.295e-8,,1.492e-16,2.020e-42,4.656e-21,5.248e-19,7.427e-35,4.183e-19,3.486e+3,2.447e-27,6.555e-20,9.886e-20,6.162e-3,1.867e-8,1.305e+2,3.715e-6,2.829e-26,4.555e-21,2.309e-23,2.403e-20,,,,,,,,,,,2.784e-10,3.077e-18,,2.136e-21,,,,,,1.880e-4,,9.936e-19,2.733e-17,1.120e-2,1.959e-5
309.13,8.272e+4,1.105e-21,6.192e-12,3.934e-46,,2.722e-13,,8.982e+0,2.848e-9,,7.949e+4,4.608e-2,1.315e-31,1.649e-18,6.132e-22,1.347e-8,,2.579e-16,2.022e-42,4.621e-21,5.249e-19,7.431e-35,4.192e-19,3.095e+3,2.444e-27,6.519e-20,9.892e-20,6.704e-3,1.223e-8,1.325e+2,2.236e-6,2.828e-26,4.556e-21,2.310e-23,2.402e-20,,,,,,,,,,,5.046e-10,3.078e-18,,2.136e-21,,,,,,1.252e-4,,9.941e-19,2.738e-17,7.574e-3,1.131e-5
309.15,8.663e+4,1.107e-21,5.152e-12,3.935e-46,,2.867e-13,,9.455e+0,4.835e-9,,8.376e+4,4.102e-2,1.315e-31,1.652e-18,6.132e-22,1.408e-8,,4.425e-16,2.025e-42,4.586e-21,5.250e-19,7.435e-35,4.201e-19,2.729e+3,2.442e-27,6.483e-20,9.899e-20,7.254e-3,7.954e-9,1.336e+2,1.335e-6,2.827e-26,4.556e-21,2.311e-23,2.401e-20,,,,,,,,,,,9.074e-10,3.079e-18,,2.137e-21,,,,,,8.264e-5,,9.946e-19,2.743e-17,5.082e-3,6.477e-6
309.18,9.162e+4,1.109e-21,3.856e-12,3.937e-46,,3.053e-13,,1.012e+1,1.054e-8,,8.925e+4,3.394e-2,1.314e-31,1.657e-18,6.132e-22,1.508e-8,,9.795e-16,2.028e-42,4.534e-21,5.252e-19,7.440e-35,4.215e-19,2.231e+3,2.438e-27,6.430e-20,9.909e-20,8.077e-3,4.122e-9,1.334e+2,6.072e-7,2.826e-26,4.557e-21,2.313e-23,2.399e-20,,,,,,,,,,,2.156e-9,3.081e-18,,2.137e-21,,,,,,4.367e-5,,9.953e-19,2.750e-17,2.751e-3,2.765e-6
309.2,9.426e+4,1.110e-21,3.148e-12,3.938e-46,,3.153e-13,,1.054e+1,1.754e-8,,9.218e+4,2.961e-2,1.314e-31,1.660e-18,6.132e-22,1.579e-8,,1.647e-15,2.030e-42,4.500e-21,5.253e-19,7.444e-35,4.224e-19,1.935e+3,2.436e-27,6.394e-20,9.915e-20,8.613e-3,2.653e-9,1.322e+2,3.555e-7,2.826e-26,4.558e-21,2.313e-23,2.398e-20,,,,,,,,,,,3.801e-9,3.082e-18,,2.137e-21,,,,,,2.826e-5,,9.958e-19,2.755e-17,1.809e-3,1.552e-6
309.23,9.702e+4,1.112e-21,2.288e-12,3.940e-46,,3.259e-13,,1.110e+1,3.710e-8,,9.533e+4,2.377e-2,1.314e-31,1.665e-18,6.132e-22,1.684e-8,,3.540e-15,2.034e-42,4.448e-21,5.255e-19,7.449e-35,4.237e-19,1.548e+3,2.432e-27,6.341e-20,9.925e-20,9.379e-3,1.406e-9,1.287e+2,1.569e-7,2.825e-26,4.559e-21,2.315e-23,2.396e-20,,,,,,,,,,,8.767e-9,3.083e-18,,2.138e-21,,,,,,1.449e-5,,9.965e-19,2.763e-17,9.503e-4,6.425e-7
309.25,9.798e+4,1.113e-21,1.832e-12,3.942e-46,,3.298e-13,,1.145e+1,6.054e-8,,9.652e+4,2.033e-2,1.313e-31,1.669e-18,6.132e-22,1.750e-8,,5.836e-15,2.036e-42,4.413e-21,5.256e-19,7.453e-35,4.246e-19,1.326e+3,2.429e-27,6.305e-20,9.932e-20,9.857e-3,9.868e-10,1.255e+2,9.008e-8,2.824e-26,4.560e-21,2.316e-23,2.395e-20,,,,,,,,,,,1.515e-8,3.084e-18,,2.138e-21,,,,,,9.189e-6,,9.970e-19,2.768e-17,6.124e-4,3.534e-7
309.28,9.804e+4,1.115e-21,1.294e-12,3.944e-46,,3.308e-13,,1.192e+1,1.243e-7,,9.686e+4,1.584e-2,1.313e-31,1.674e-18,6.132e-22,1.839e-8,,1.217e-14,2.039e-42,4.361e-21,5.258e-19,7.458e-35,4.260e-19,1.046e+3,2.425e-27,6.252e-20,9.941e-20,1.051e-2,7.755e-10,1.197e+2,3.859e-8,2.823e-26,4.561e-21,2.317e-23,2.394e-20,,,,,,,,,,,3.393e-8,3.086e-18,,2.138e-21,,,,,,4.571e-6,,9.977e-19,2.775e-17,3.121e-4,1.420e-7
309.3,9.715e+4,1.117e-21,1.016e-12,3.945e-46,,3.281e-13,,1.220e+1,1.988e-7,,9.613e+4,1.328e-2,1.313e-31,1.677e-18,6.132e-22,1.889e-8,,1.968e-14,2.041e-42,4.326e-21,5.259e-19,7.462e-35,4.269e-19,8.928e+2,2.423e-27,6.216e-20,9.948e-20,1.091e-2,8.791e-10,1.154e+2,2.172e-8,2.822e-26,4.562e-21,2.318e-23,2.392e-20,,,,,,,,,,,5.749e-8,3.087e-18,,2.139e-21,,,,,,2.841e-6,,9.982e-19,2.780e-17,1.971e-4,7.653e-8
309.33,9.445e+4,1.119e-21,6.964e-13,3.947e-46,,3.194e-13,,1.259e+1,3.964e-7,,9.362e+4,1.004e-2,1.312e-31,1.682e-18,6.132e-22,1.947e-8,,3.984e-14,2.045e-42,4.274e-21,5.261e-19,7.467e-35,4.282e-19,7.077e+2,2.419e-27,6.162e-20,9.958e-20,1.144e-2,1.477e-9,1.087e+2,9.031e-9,2.821e-26,4.563e-21,2.319e-23,2.391e-20,,,,,,,,,,,1.249e-7,3.088e-18,,2.139e-21,,,,,,1.371e-6,,9.989e-19,2.788e-17,9.749e-5,2.983e-8
309.35,9.180e+4,1.120e-21,5.361e-13,3.948e-46,,3.106e-13,,1.283e+1,6.216e-7,,9.107e+4,8.246e-3,1.312e-31,1.686e-18,6.132e-22,1.973e-8,,6.313e-14,2.047e-42,4.239e-21,5.262e-19,7.471e-35,4.291e-19,6.114e+2,2.417e-27,6.127e-20,9.964e-20,1.175e-2,2.309e-9,1.045e+2,4.981e-9,2.821e-26,4.564e-21,2.320e-23,2.390e-20,,,,,,,,,,,2.076e-7,3.089e-18,,2.139e-21,,,,,,8.354e-7,,9.994e-19,2.793e-17,6.035e-5,1.576e-8
309.38,8.669e+4,1.122e-21,3.567e-13,3.950e-46,,2.934e-13,,1.316e+1,1.203e-6,,8.608e+4,6.049e-3,1.312e-31,1.691e-18,6.132e-22,1.991e-8,,1.241e-13,2.050e-42,4.187e-21,5.264e-19,7.477e-35,4.305e-19,5.022e+2,2.413e-27,6.073e-20,9.974e-20,1.217e-2,4.685e-9,9.913e+1,2.010e-9,2.820e-26,4.565e-21,2.322e-23,2.388e-20,,,,,,,,,,,4.379e-7,3.091e-18,,2.140e-21,,,,,,3.912e-7,,1.000e-18,2.800e-17,2.895e-5,5.959e-9
309.4,8.263e+4,1.123e-21,2.692e-13,3.952e-46,,2.796e-13,,1.337e+1,1.849e-6,,8.207e+4,4.871e-3,1.312e-31,1.694e-18,6.132e-22,1.988e-8,,1.927e-13,2.052e-42,4.152e-21,5.265e-19,7.480e-35,4.314e-19,4.498e+2,2.410e-27,6.038e-20,9.981e-20,1.242e-2,7.518e-9,9.651e+1,1.087e-9,2.819e-26,4.566e-21,2.322e-23,2.387e-20,,,,,,,,,,,7.131e-7,3.092e-18,,2.140e-21,,,,,,2.335e-7,,1.001e-18,2.805e-17,1.757e-5,3.085e-9
309.43,7.578e+4,1.125e-21,1.739e-13,3.954e-46,,2.563e-13,,1.367e+1,3.472e-6,,7.528e+4,3.467e-3,1.311e-31,1.699e-18,6.132e-22,1.964e-8,,3.676e-13,2.056e-42,4.100e-21,5.267e-19,7.486e-35,4.327e-19,3.968e+2,2.406e-27,5.984e-20,9.991e-20,1.276e-2,1.513e-8,9.472e+1,4.257e-10,2.818e-26,4.567e-21,2.324e-23,2.385e-20,,,,,,,,,,,1.460e-6,3.093e-18,,2.140e-21,,,,,,1.061e-7,,1.001e-18,2.813e-17,8.177e-6,1.132e-9
309.45,7.084e+4,1.127e-21,1.286e-13,3.955e-46,,2.395e-13,,1.386e+1,5.234e-6,,7.036e+4,2.737e-3,1.311e-31,1.702e-18,6.132e-22,1.935e-8,,5.599e-13,2.058e-42,4.066e-21,5.268e-19,7.489e-35,4.336e-19,3.757e+2,2.404e-27,5.949e-20,9.997e-20,1.298e-2,2.390e-8,9.534e+1,2.256e-10,2.817e-26,4.568e-21,2.325e-23,2.384e-20,,,,,,,,,,,2.332e-6,3.094e-18,,2.141e-21,,,,,,6.208e-8,,1.002e-18,2.818e-17,4.862e-6,5.741e-10
309.48,6.310e+4,1.129e-21,8.062e-14,3.957e-46,,2.130e-13,,1.412e+1,9.541e-6,,6.263e+4,1.890e-3,1.311e-31,1.707e-18,6.132e-22,1.874e-8,,1.037e-12,2.061e-42,4.014e-21,5.270e-19,7.495e-35,4.350e-19,3.607e+2,2.400e-27,5.895e-20,1.001e-19,1.330e-2,4.676e-8,9.962e+1,8.576e-11,2.816e-26,4.569e-21,2.326e-23,2.382e-20,,,,,,,,,,,4.635e-6,3.096e-18,,2.141e-21,,,,,,2.737e-8,,1.003e-18,2.825e-17,2.196e-6,2.043e-10
309.5,5.785e+4,1.130e-21,5.846e-14,3.958e-46,,1.951e-13,,1.429e+1,1.410e-5,,5.737e+4,1.462e-3,1.310e-31,1.711e-18,6.132e-22,1.823e-8,,1.548e-12,2.063e-42,3.979e-21,5.271e-19,7.498e-35,4.359e-19,3.595e+2,2.398e-27,5.860e-20,1.001e-19,1.351e-2,7.244e-8,1.051e+2,4.455e-11,2.816e-26,4.570e-21,2.327e-23,2.381e-20,,,,,,,,,,,7.255e-6,3.097e-18,,2.141e-21,,,,,,1.569e-8,,1.003e-18,2.830e-17,1.280e-6,1.016e-10
309.52,5.263e+4,1.131e-21,4.205e-14,3.960e-46,,1.772e-13,,1.443e+1,2.067e-5,,5.214e+4,1.122e-3,1.310e-31,1.714e-18,6.132e-22,1.765e-8,,2.293e-12,2.066e-42,3.944e-21,5.273e-19,7.502e-35,4.368e-19,3.635e+2,2.395e-27,5.824e-20,1.002e-19,1.373e-2,1.113e-7,1.129e+2,2.296e-11,2.815e-26,4.570e-21,2.328e-23,2.380e-20,,,,,,,,,,,1.127e-5,3.098e-18,,2.142e-21,,,,,,8.926e-9,,1.004e-18,2.835e-17,7.398e-7,5.010e-11
309.55,4.503e+4,1.133e-21,2.528e-14,3.961e-46,,1.512e-13,,1.460e+1,3.614e-5,,4.450e+4,7.432e-4,1.310e-31,1.719e-18,6.131e-22,1.668e-8,,4.072e-12,2.069e-42,3.892e-21,5.274e-19,7.508e-35,4.381e-19,3.765e+2,2.391e-27,5.770e-20,1.003e-19,1.406e-2,2.090e-7,1.296e+2,8.367e-12,2.814e-26,4.571e-21,2.329e-23,2.379e-20,,,,,,,,,,,2.148e-5,3.099e-18,,2.142e-21,,,,,,3.772e-9,,1.004e-18,2.843e-17,3.203e-7,1.709e-11
309.57,4.019e+4,1.135e-21,1.782e-14,3.963e-46,,1.346e-13,,1.468e+1,5.193e-5,,3.965e+4,5.590e-4,1.309e-31,1.723e-18,6.131e-22,1.597e-8,,5.913e-12,2.071e-42,3.857e-21,5.276e-19,7.511e-35,4.390e-19,3.880e+2,2.389e-27,5.735e-20,1.004e-19,1.429e-2,3.150e-7,1.443e+2,4.226e-12,2.813e-26,4.572e-21,2.330e-23,2.377e-20,,,,,,,,,,,3.270e-5,3.100e-18,,2.142e-21,,,,,,2.102e-9,,1.005e-18,2.848e-17,1.815e-7,8.260e-12
309.6,3.343e+4,1.137e-21,1.039e-14,3.965e-46,,1.114e-13,,1.472e+1,8.815e-5,,3.284e+4,3.592e-4,1.309e-31,1.728e-18,6.131e-22,1.485e-8,,1.019e-11,2.074e-42,3.805e-21,5.277e-19,7.517e-35,4.404e-19,4.069e+2,2.385e-27,5.681e-20,1.005e-19,1.462e-2,5.743e-7,1.720e+2,1.494e-12,2.812e-26,4.573e-21,2.332e-23,2.376e-20,,,,,,,,,,,6.053e-5,3.102e-18,,2.143e-21,,,,,,8.619e-10,,1.005e-18,2.855e-17,7.623e-8,2.734e-12
309.62,2.930e+4,1.138e-21,7.184e-15,3.966e-46,,9.727e-14,,1.468e+1,1.242e-4,,2.867e+4,2.648e-4,1.309e-31,1.731e-18,6.131e-22,1.408e-8,,1.451e-11,2.077e-42,3.771e-21,5.279e-19,7.520e-35,4.413e-19,4.194e+2,2.382e-27,5.646e-20,1.005e-19,1.483e-2,8.485e-7,1.943e+2,7.399e-13,2.812e-26,4.574e-21,2.332e-23,2.375e-20,,,,,,,,,,,9.035e-5,3.103e-18,,2.143e-21,,,,,,4.709e-10,,1.006e-18,2.860e-17,4.233e-8,1.295e-12
309.65,2.373e+4,1.140e-21,4.066e-15,3.968e-46,,7.814e-14,,1.453e+1,2.046e-4,,2.305e+4,1.652e-4,1.308e-31,1.736e-18,6.131e-22,1.291e-8,,2.429e-11,2.080e-42,3.719e-21,5.281e-19,7.526e-35,4.426e-19,4.361e+2,2.379e-27,5.592e-20,1.006e-19,1.511e-2,1.502e-6,2.339e+2,2.539e-13,2.811e-26,4.575e-21,2.334e-23,2.373e-20,,,,,,,,,,,1.623e-4,3.104e-18,,2.143e-21,,,,,,1.873e-10,,1.007e-18,2.868e-17,1.725e-8,4.158e-13
309.67,2.045e+4,1.141e-21,2.754e-15,3.969e-46,,6.685e-14,,1.435e+1,2.826e-4,,1.973e+4,1.193e-4,1.308e-31,1.739e-18,6.131e-22,1.213e-8,,3.390e-11,2.082e-42,3.684e-21,5.282e-19,7.529e-35,4.435e-19,4.452e+2,2.376e-27,5.557e-20,1.007e-19,1.525e-2,2.176e-6,2.641e+2,1.232e-13,2.810e-26,4.576e-21,2.335e-23,2.372e-20,,,,,,,,,,,2.375e-4,3.105e-18,,2.144e-21,,,,,,1.003e-10,,1.007e-18,2.873e-17,9.388e-9,1.930e-13
309.7,1.617e+4,1.143e-21,1.512e-15,3.971e-46,,5.212e-14,,1.395e+1,4.520e-4,,1.539e+4,7.221e-5,1.308e-31,1.744e-18,6.131e-22,1.097e-8,,5.506e-11,2.085e-42,3.632e-21,5.284e-19,7.535e-35,4.449e-19,4.547e+2,2.372e-27,5.503e-20,3.634e-19,1.539e-2,3.738e-6,3.149e+2,4.101e-14,2.809e-26,4.577e-21,2.336e-23,2.370e-20,,,,,,,,,,,4.142e-4,3.107e-18,,2.144e-21,,,,,,3.871e-11,,1.008e-18,2.881e-17,3.712e-9,6.012e-14
309.72,1.373e+4,1.145e-21,1.004e-15,3.973e-46,,4.371e-14,,1.361e+1,6.121e-4,,1.291e+4,5.115e-5,1.307e-31,1.748e-18,6.131e-22,1.021e-8,,7.534e-11,2.088e-42,3.597e-21,5.285e-19,7.539e-35,4.458e-19,4.581e+2,2.370e-27,5.468e-20,8.466e-19,1.541e-2,5.311e-6,3.520e+2,1.951e-14,2.808e-26,4.578e-21,2.337e-23,2.369e-20,,,,,,,,,,,5.942e-4,3.108e-18,,2.144e-21,,,,,,2.031e-11,,1.008e-18,2.886e-17,1.980e-9,2.735e-14
309.75,1.066e+4,1.147e-21,5.351e-16,3.975e-46,,3.307e-14,,1.296e+1,9.503e-4,,9.774e+3,3.003e-5,1.307e-31,1.753e-18,6.131e-22,9.111e-9,,1.188e-10,2.091e-42,3.545e-21,5.287e-19,7.544e-35,4.471e-19,4.587e+2,2.366e-27,5.414e-20,2.966e-18,1.533e-2,8.860e-6,4.116e+2,6.301e-15,2.807e-26,4.579e-21,2.338e-23,2.368e-20,,,,,,,,,,,1.006e-3,3.109e-18,,2.145e-21,,,,,,7.605e-12,,1.009e-18,2.893e-17,7.596e-10,8.264e-15
309.77,8.960e+3,1.148e-21,3.482e-16,3.976e-46,,2.718e-14,,1.246e+1,1.261e-3,,8.038e+3,2.085e-5,1.307e-31,1.756e-18,6.131e-22,8.404e-9,,1.593e-10,2.093e-42,3.510e-21,5.288e-19,7.548e-35,4.480e-19,4.564e+2,2.364e-27,5.378e-20,6.776e-18,1.518e-2,1.234e-5,4.533e+2,2.937e-15,2.807e-26,4.580e-21,2.339e-23,2.366e-20,,,,,,,,,,,1.415e-3,3.110e-18,,2.145e-21,,,,,,3.911e-12,,1.010e-18,2.898e-17,3.971e-10,3.684e-15
309.8,6.884e+3,1.150e-21,1.801e-16,3.978e-46,,1.996e-14,,1.159e+1,1.901e-3,,5.905e+3,1.188e-5,1.306e-31,1.761e-18,6.131e-22,7.389e-9,,2.439e-10,2.097e-42,3.458e-21,5.290e-19,2.738e-34,4.494e-19,4.496e+2,2.360e-27,5.325e-20,2.305e-17,1.481e-2,2.000e-5,5.175e+2,9.206e-16,2.806e-26,4.581e-21,2.341e-23,2.365e-20,,,,,,,,,,,2.325e-3,3.112e-18,,2.145e-21,,,,,,1.421e-12,,1.010e-18,2.906e-17,1.478e-10,1.080e-15
309.82,5.775e+3,1.151e-21,1.149e-16,3.979e-46,,1.608e-14,,1.096e+1,2.474e-3,,4.760e+3,8.083e-6,1.306e-31,1.765e-18,6.131e-22,6.746e-9,,3.207e-10,2.099e-42,3.423e-21,5.291e-19,6.400e-34,4.503e-19,4.435e+2,2.357e-27,5.289e-20,5.164e-17,1.447e-2,2.732e-5,5.603e+2,4.205e-16,2.805e-26,4.582e-21,2.341e-23,2.364e-20,,,,,,,,,,,3.205e-3,3.112e-18,,2.145e-21,,,,,,7.162e-13,,1.011e-18,2.911e-17,7.572e-11,4.719e-16
309.85,4.460e+3,1.153e-21,5.763e-17,3.981e-46,,1.146e-14,,9.950e+0,3.619e-3,,3.393e+3,4.469e-6,1.306e-31,1.770e-18,6.131e-22,5.836e-9,,4.764e-10,2.102e-42,3.371e-21,5.293e-19,2.254e-33,4.516e-19,4.336e+2,2.353e-27,5.236e-20,1.707e-16,1.381e-2,4.298e-5,6.228e+2,1.279e-16,2.804e-26,4.583e-21,2.343e-23,2.362e-20,,,,,,,,,,,5.113e-3,3.114e-18,,2.146e-21,,,,,,2.524e-13,,1.012e-18,2.918e-17,2.735e-11,1.342e-16
309.87,3.780e+3,1.154e-21,3.603e-17,3.983e-46,,9.051e-15,,9.245e+0,4.617e-3,,2.681e+3,2.980e-6,1.306e-31,1.773e-18,6.131e-22,5.267e-9,,6.142e-10,2.104e-42,3.337e-21,5.294e-19,5.166e-33,4.525e-19,4.274e+2,2.351e-27,5.200e-20,3.749e-16,1.329e-2,5.758e-5,6.623e+2,5.726e-17,2.803e-26,4.584e-21,2.344e-23,2.361e-20,,,,,,,,,,,6.912e-3,3.115e-18,,2.146e-21,,,,,,1.247e-13,,1.012e-18,2.923e-17,1.373e-11,5.747e-17
309.89,3.232e+3,1.156e-21,2.234e-17,3.984e-46,,7.093e-15,,8.530e+0,5.844e-3,,2.102e+3,1.972e-6,1.305e-31,1.776e-18,6.131e-22,4.731e-9,,7.855e-10,2.107e-42,3.302e-21,5.295e-19,1.175e-32,4.534e-19,4.225e+2,2.348e-27,5.165e-20,8.170e-16,1.270e-2,7.653e-5,6.990e+2,2.531e-17,2.803e-26,4.584e-21,2.345e-23,2.360e-20,,,,,,,,,,,9.269e-3,3.116e-18,,2.146e-21,,,,,,6.110e-14,,1.012e-18,2.928e-17,6.842e-12,2.441e-17
309.92,2.611e+3,1.158e-21,1.075e-17,3.986e-46,,4.848e-15,,7.456e+0,8.200e-3,,1.437e+3,1.045e-6,1.305e-31,1.781e-18,6.131e-22,3.987e-9,,1.119e-9,2.110e-42,3.250e-21,5.297e-19,3.970e-32,4.548e-19,4.192e+2,2.345e-27,5.111e-20,2.590e-15,1.173e-2,1.156e-4,7.475e+2,7.382e-18,2.802e-26,4.586e-21,2.346e-23,2.358e-20,,,,,,,,,,,1.418e-2,3.117e-18,,2.147e-21,,,,,,2.064e-14,,1.013e-18,2.936e-17,2.379e-12,6.654e-18
309.94,2.306e+3,1.159e-21,6.533e-18,3.987e-46,,3.726e-15,,6.753e+0,1.018e-2,,1.104e+3,6.777e-7,1.305e-31,1.785e-18,6.131e-22,3.533e-9,,1.403e-9,2.112e-42,3.215e-21,5.298e-19,8.853e-32,4.557e-19,4.210e+2,2.342e-27,5.075e-20,5.534e-15,1.104e-2,1.507e-4,7.743e+2,3.214e-18,2.801e-26,4.586e-21,2.347e-23,2.357e-20,,,,,,,,,,,1.865e-2,3.118e-18,,2.147e-21,,,,,,9.914e-15,,1.014e-18,2.941e-17,1.180e-12,6.657e-18
309.97,1.974e+3,1.161e-21,3.050e-18,3.989e-46,,2.474e-15,,5.740e+0,1.386e-2,,7.323e+2,3.486e-7,1.304e-31,1.790e-18,6.131e-22,2.916e-9,,1.941e-9,2.115e-42,3.163e-21,5.300e-19,2.905e-31,4.570e-19,4.313e+2,2.338e-27,5.022e-20,1.703e-14,9.965e-3,2.212e-4,8.048e+2,9.095e-19,2.800e-26,4.587e-21,2.348e-23,2.355e-20,,,,,,,,,,,2.770e-2,3.120e-18,,2.147e-21,,,,,,3.250e-15,,1.014e-18,2.948e-17,4.630e-13,6.660e-18
309.99,1.819e+3,1.162e-21,1.817e-18,3.991e-46,,1.866e-15,,5.101e+0,1.686e-2,,5.515e+2,2.216e-7,1.304e-31,1.793e-18,6.131e-22,2.546e-9,,2.386e-9,2.118e-42,3.128e-21,5.301e-19,6.351e-31,4.579e-19,4.445e+2,2.336e-27,4.986e-20,3.568e-14,9.247e-3,2.829e-4,8.181e+2,3.881e-19,2.799e-26,4.588e-21,2.349e-23,2.354e-20,,,,,,,,,,,3.570e-2,3.121e-18,,2.148e-21,,,,,,1.529e-15,,1.015e-18,2.953e-17,3.413e-13,6.662e-18
310.02,1.661e+3,1.164e-21,8.229e-19,3.993e-46,,1.208e-15,,4.214e+0,2.229e-2,,3.551e+2,1.106e-7,1.304e-31,1.798e-18,6.131e-22,2.053e-9,,3.204e-9,2.121e-42,3.076e-21,5.303e-19,2.023e-30,4.593e-19,4.752e+2,2.332e-27,4.933e-20,1.066e-13,8.202e-3,4.034e-4,8.264e+2,1.065e-19,2.798e-26,4.589e-21,2.351e-23,2.353e-20,,,,,,,,,,,5.148e-2,3.122e-18,,2.148e-21,,,,,,4.864e-16,,1.016e-18,2.961e-17,5.199e-13,6.666e-18
310.04,1.594e+3,1.166e-21,4.805e-19,3.994e-46,,8.968e-16,,3.674e+0,2.658e-2,,2.621e+2,6.889e-8,1.303e-31,1.802e-18,6.131e-22,1.765e-9,,3.861e-9,2.123e-42,3.042e-21,5.304e-19,4.338e-30,4.602e-19,5.037e+2,2.329e-27,4.897e-20,2.191e-13,7.546e-3,5.063e-4,8.241e+2,1.058e-19,2.797e-26,4.590e-21,2.351e-23,2.352e-20,,,,,,,,,,,6.507e-2,3.123e-18,,2.148e-21,,,,,,2.244e-16,,1.016e-18,2.966e-17,9.648e-13,6.668e-18
310.07,1.535e+3,1.168e-21,2.112e-19,3.996e-46,,5.699e-16,,2.947e+0,3.411e-2,,1.638e+2,3.337e-8,1.303e-31,1.807e-18,6.130e-22,1.389e-9,,5.032e-9,2.126e-42,2.989e-21,5.306e-19,1.342e-29,4.615e-19,5.593e+2,2.326e-27,4.844e-20,6.356e-13,6.659e-3,7.018e-4,8.090e+2,1.048e-19,2.796e-26,4.591e-21,2.353e-23,2.350e-20,,,,,,,,,,,9.109e-2,3.125e-18,,2.149e-21,,,,,,6.926e-17,,1.017e-18,2.973e-17,2.694e-12,6.671e-18
310.09,1.518e+3,1.169e-21,1.209e-19,3.997e-46,,4.206e-16,,2.520e+0,3.989e-2,,1.185e+2,2.037e-8,1.303e-31,1.810e-18,6.130e-22,1.174e-9,,5.944e-9,2.129e-42,2.955e-21,5.307e-19,2.821e-29,4.624e-19,6.052e+2,2.323e-27,4.808e-20,1.280e-12,6.149e-3,8.644e-4,7.914e+2,1.041e-19,2.796e-26,4.592e-21,2.354e-23,2.349e-20,,,,,,,,,,,1.129e-1,3.126e-18,,2.149e-21,,,,,,3.135e-17,,1.017e-18,2.978e-17,5.371e-12,6.674e-18
310.12,1.516e+3,1.171e-21,5.154e-20,3.999e-46,,2.688e-16,,1.964e+0,4.968e-2,,7.185e+1,9.576e-9,1.302e-31,1.815e-18,6.130e-22,9.000e-10,,7.520e-9,2.132e-42,2.903e-21,5.309e-19,8.472e-29,4.638e-19,6.873e+2,2.319e-27,4.755e-20,3.607e-12,5.537e-3,1.165e-3,7.548e+2,1.030e-19,2.795e-26,4.593e-21,2.355e-23,2.347e-20,,,,,,,,,,,1.534e-1,3.127e-18,,2.149e-21,,,,,,9.533e-18,,1.018e-18,2.986e-17,1.494e-11,6.677e-18
310.14,1.528e+3,1.172e-21,2.891e-20,4.000e-46,,2.022e-16,,1.646e+0,5.695e-2,,5.096e+1,5.731e-9,1.302e-31,1.818e-18,6.130e-22,7.473e-10,,8.709e-9,2.134e-42,2.868e-21,5.310e-19,1.746e-28,4.647e-19,7.505e+2,2.317e-27,4.719e-20,7.125e-12,5.245e-3,1.409e-3,7.243e+2,1.023e-19,2.794e-26,4.594e-21,2.356e-23,2.346e-20,,,,,,,,,,,1.864e-1,3.128e-18,,2.150e-21,,,,,,4.525e-18,,1.019e-18,2.991e-17,2.928e-11,6.679e-18
310.17,1.560e+3,1.174e-21,1.196e-20,4.002e-46,,1.376e-16,,1.245e+0,6.886e-2,,2.998e+1,2.614e-9,1.302e-31,1.823e-18,6.130e-22,5.579e-10,,1.069e-8,2.137e-42,2.816e-21,5.312e-19,5.093e-28,4.660e-19,8.570e+2,2.313e-27,4.666e-20,1.949e-11,5.005e-3,1.848e-3,6.711e+2,1.013e-19,2.793e-26,4.595e-21,2.357e-23,2.344e-20,,,,,,,,,,,2.460e-1,3.130e-18,,2.150e-21,,,,,,2.486e-18,,1.019e-18,2.998e-17,7.914e-11,6.683e-18
310.19,1.589e+3,1.176e-21,6.578e-21,4.004e-46,,1.110e-16,,1.024e+0,7.738e-2,,2.084e+1,1.533e-9,1.301e-31,1.827e-18,6.130e-22,4.549e-10,,1.214e-8,2.140e-42,2.781e-21,5.313e-19,1.029e-27,4.669e-19,9.347e+2,2.311e-27,4.630e-20,3.775e-11,4.988e-3,2.195e-3,6.317e+2,1.006e-19,2.792e-26,4.596e-21,2.358e-23,2.343e-20,,,,,,,,,,,2.931e-1,3.131e-18,,2.150e-21,,,,,,3.407e-18,,1.020e-18,3.003e-17,1.521e-10,6.685e-18
310.22,1.641e+3,1.178e-21,2.641e-21,4.006e-46,,8.714e-17,,7.519e-1,9.082e-2,,1.190e+1,6.785e-10,1.301e-31,1.832e-18,6.130e-22,3.303e-10,,1.447e-8,2.143e-42,2.729e-21,5.315e-19,2.914e-27,4.683e-19,1.059e+3,2.307e-27,4.577e-20,1.003e-10,5.196e-3,2.803e-3,5.686e+2,9.949e-20,2.791e-26,4.597e-21,2.360e-23,2.342e-20,,,,,,,,,,,3.758e-1,3.132e-18,,2.151e-21,,,,,,9.755e-18,,1.020e-18,3.011e-17,3.991e-10,6.688e-18
310.24,1.681e+3,1.179e-21,1.423e-21,4.007e-46,,7.854e-17,,6.060e-1,1.001e-1,,8.111e+0,3.901e-10,1.301e-31,1.835e-18,6.130e-22,2.643e-10,,1.611e-8,2.145e-42,2.694e-21,5.316e-19,5.776e-27,4.692e-19,1.147e+3,2.304e-27,4.541e-20,1.904e-10,5.497e-3,3.272e-3,5.250e+2,9.879e-20,2.791e-26,4.598e-21,2.360e-23,2.340e-20,,,,,,,,,,,4.392e-1,3.133e-18,,2.151e-21,,,,,,2.129e-17,,1.021e-18,3.016e-17,7.519e-10,6.691e-18
310.26,1.723e+3,1.180e-21,7.608e-22,4.008e-46,,7.377e-17,,4.845e-1,1.094e-1,,5.483e+0,2.225e-10,1.301e-31,1.838e-18,6.130e-22,2.099e-10,,1.779e-8,2.147e-42,2.660e-21,5.317e-19,1.136e-26,4.701e-19,1.235e+3,2.302e-27,4.505e-20,3.588e-10,5.936e-3,3.792e-3,4.810e+2,9.809e-20,2.790e-26,4.598e-21,2.361e-23,2.339e-20,,,,,,,,,,,5.095e-1,3.134e-18,,2.151e-21,,,,,,4.655e-17,,1.021e-18,3.021e-17,1.406e-9,6.693e-18
310.29,1.789e+3,1.182e-21,2.929e-22,4.010e-46,,7.118e-17,,3.413e-1,1.231e-1,,3.002e+0,9.439e-11,1.300e-31,1.844e-18,6.130e-22,1.465e-10,,2.034e-8,2.151e-42,2.608e-21,5.319e-19,3.086e-26,4.714e-19,1.369e+3,2.298e-27,4.452e-20,9.145e-10,6.861e-3,4.673e-3,4.157e+2,9.703e-20,2.789e-26,4.600e-21,2.363e-23,2.338e-20,,,,,,,,,,,6.275e-1,3.136e-18,,2.152e-21,,,,,,1.488e-16,,1.022e-18,3.028e-17,3.540e-9,6.696e-18
310.31,1.834e+3,1.184e-21,1.535e-22,4.012e-46,,7.129e-17,,2.675e-1,1.319e-1,,1.989e+0,5.277e-11,1.300e-31,1.847e-18,6.130e-22,1.141e-10,,2.202e-8,2.153e-42,2.573e-21,5.320e-19,5.949e-26,4.723e-19,1.457e+3,2.295e-27,4.416e-20,1.690e-9,7.660e-3,5.328e-3,3.736e+2,9.632e-20,2.788e-26,4.600e-21,2.364e-23,2.337e-20,,,,,,,,,,,7.143e-1,3.137e-18,,2.152e-21,,,,,,3.198e-16,,1.023e-18,3.033e-17,6.487e-9,6.699e-18
310.34,1.898e+3,1.186e-21,5.752e-23,4.014e-46,,7.275e-17,,1.829e-1,1.442e-1,,1.057e+0,2.173e-11,1.300e-31,1.852e-18,6.130e-22,7.738e-11,,2.444e-8,2.156e-42,2.521e-21,5.322e-19,1.569e-25,4.737e-19,1.583e+3,2.292e-27,4.363e-20,4.182e-9,9.142e-3,6.409e-3,3.136e+2,9.527e-20,2.787e-26,4.602e-21,2.365e-23,2.335e-20,,,,,,,,,,,8.557e-1,3.138e-18,,2.152e-21,,,,,,9.929e-16,,1.023e-18,3.041e-17,1.586e-8,6.702e-18
310.36,1.939e+3,1.187e-21,2.986e-23,4.015e-46,,7.403e-17,,1.406e-1,1.514e-1,,6.866e-1,1.190e-11,1.299e-31,1.855e-18,6.130e-22,5.914e-11,,2.594e-8,2.158e-42,2.486e-21,5.324e-19,2.967e-25,4.746e-19,1.661e+3,2.289e-27,4.327e-20,7.577e-9,1.032e-2,7.193e-3,2.764e+2,9.456e-20,2.787e-26,4.602e-21,2.366e-23,2.334e-20,,,,,,,,,,,9.566e-1,3.139e-18,,2.152e-21,,,,,,2.093e-15,,1.024e-18,3.046e-17,2.851e-8,6.704e-18
310.39,1.992e+3,1.189e-21,1.191e-23,4.017e-46,,7.575e-17,,9.328e-2,1.606e-1,,3.541e-1,4.756e-12,1.299e-31,1.860e-18,6.130e-22,3.894e-11,,2.794e-8,2.162e-42,2.434e-21,5.325e-19,7.600e-25,4.759e-19,1.765e+3,2.285e-27,4.274e-20,1.821e-8,1.239e-2,8.458e-3,2.254e+2,9.351e-20,2.786e-26,4.603e-21,2.367e-23,2.332e-20,,,,,,,,,,,1.116e+0,3.141e-18,,2.153e-21,,,,,,6.310e-15,,1.025e-18,3.054e-17,6.767e-8,6.708e-18
310.41,2.022e+3,1.190e-21,7.889e-24,4.018e-46,,7.651e-17,,7.027e-2,1.654e-1,,2.254e-1,2.554e-12,1.299e-31,1.864e-18,6.130e-22,2.919e-11,,2.907e-8,2.164e-42,2.399e-21,5.327e-19,1.409e-24,4.768e-19,1.825e+3,2.283e-27,4.238e-20,3.235e-8,1.398e-2,9.354e-3,1.948e+2,9.280e-20,2.785e-26,4.604e-21,2.368e-23,2.331e-20,,,,,,,,,,,1.227e+0,3.142e-18,,2.153e-21,,,,,,1.304e-14,,1.025e-18,3.059e-17,1.193e-7,6.710e-18
310.44,2.054e+3,1.192e-21,9.096e-24,4.020e-46,,7.682e-17,,4.526e-2,1.703e-1,,1.128e-1,9.902e-13,1.298e-31,1.869e-18,6.130e-22,1.866e-11,,3.040e-8,2.167e-42,2.347e-21,5.328e-19,3.503e-24,4.782e-19,1.898e+3,2.279e-27,4.185e-20,7.548e-8,1.667e-2,1.077e-2,1.543e+2,9.175e-20,2.784e-26,4.605e-21,2.370e-23,2.329e-20,,,,,,,,,,,1.397e+0,3.143e-18,,2.154e-21,,,,,,3.818e-14,,1.026e-18,3.066e-17,2.749e-7,6.714e-18
310.46,2.066e+3,1.194e-21,1.531e-23,4.022e-46,,7.637e-17,,3.342e-2,1.720e-1,,7.040e-2,5.212e-13,1.298e-31,1.872e-18,6.130e-22,1.371e-11,,3.101e-8,2.170e-42,2.313e-21,5.330e-19,6.368e-24,4.791e-19,1.933e+3,2.276e-27,4.149e-20,1.315e-7,1.869e-2,1.175e-2,1.308e+2,9.104e-20,2.783e-26,4.606e-21,2.370e-23,2.328e-20,,,,,,,,,,,1.513e+0,3.144e-18,,2.154e-21,,,,,,7.736e-14,,1.026e-18,3.071e-17,4.749e-7,6.716e-18
310.49,2.069e+3,1.196e-21,4.027e-23,4.024e-46,,7.468e-17,,2.089e-2,1.719e-1,,3.419e-2,1.961e-13,1.298e-31,1.877e-18,6.130e-22,8.514e-12,,3.147e-8,2.173e-42,2.260e-21,5.331e-19,1.538e-23,4.804e-19,1.966e+3,2.273e-27,4.095e-20,2.980e-7,2.207e-2,1.326e-2,1.006e+2,8.999e-20,2.782e-26,4.607e-21,2.372e-23,2.327e-20,,,,,,,,,,,1.687e+0,3.146e-18,,2.154e-21,,,,,,2.199e-13,,1.027e-18,3.079e-17,1.063e-6,6.719e-18
310.51,2.059e+3,1.197e-21,7.832e-23,4.025e-46,,7.288e-17,,1.512e-2,1.701e-1,,2.091e-2,1.012e-13,1.297e-31,1.880e-18,6.130e-22,6.135e-12,,3.147e-8,2.175e-42,2.226e-21,5.333e-19,2.740e-23,4.813e-19,1.973e+3,2.270e-27,4.060e-20,5.091e-7,2.458e-2,1.428e-2,8.366e+1,8.928e-20,2.782e-26,4.608e-21,2.373e-23,2.326e-20,,,,,,,,,,,1.804e+0,3.147e-18,,2.154e-21,,,,,,4.370e-13,,1.028e-18,3.084e-17,1.801e-6,6.721e-18
310.54,2.027e+3,1.199e-21,2.109e-22,4.027e-46,,6.925e-17,,9.175e-3,1.651e-1,,9.856e-3,3.693e-14,1.297e-31,1.886e-18,6.130e-22,3.697e-12,,3.101e-8,2.178e-42,2.174e-21,5.334e-19,6.425e-23,4.827e-19,1.962e+3,2.266e-27,4.006e-20,1.120e-6,2.875e-2,1.582e-2,6.250e+1,8.823e-20,2.781e-26,4.609e-21,2.374e-23,2.324e-20,,,,,,,,,,,1.979e+0,3.148e-18,,2.155e-21,,,,,,1.206e-12,,1.028e-18,3.091e-17,3.912e-6,6.725e-18
310.56,1.994e+3,1.200e-21,4.046e-22,4.028e-46,,6.628e-17,,6.511e-3,1.602e-1,,5.910e-3,1.867e-14,1.297e-31,1.889e-18,6.130e-22,2.612e-12,,3.040e-8,2.181e-42,2.139e-21,5.336e-19,1.123e-22,4.836e-19,1.941e+3,2.264e-27,3.971e-20,1.877e-6,3.184e-2,1.685e-2,5.096e+1,8.752e-20,2.780e-26,4.610e-21,2.375e-23,2.323e-20,,,,,,,,,,,2.097e+0,3.149e-18,,2.155e-21,,,,,,2.350e-12,,1.029e-18,3.096e-17,6.499e-6,6.727e-18
310.59,1.928e+3,1.202e-21,1.060e-21,4.030e-46,,6.115e-17,,3.834e-3,1.508e-1,,2.703e-3,6.615e-15,1.296e-31,1.894e-18,6.129e-22,1.528e-12,,2.907e-8,2.184e-42,2.087e-21,5.337e-19,2.556e-22,4.849e-19,1.889e+3,2.260e-27,3.917e-20,4.010e-6,3.698e-2,1.835e-2,3.698e+1,8.646e-20,2.779e-26,4.611e-21,2.376e-23,2.321e-20,,,,,,,,,,,2.278e+0,3.151e-18,,2.155e-21,,,,,,6.300e-12,,1.029e-18,3.104e-17,1.371e-5,6.731e-18
310.61,1.873e+3,1.204e-21,1.993e-21,4.031e-46,,5.738e-17,,2.667e-3,1.435e-1,,1.589e-3,3.279e-15,1.296e-31,1.897e-18,6.129e-22,1.058e-12,,2.794e-8,2.186e-42,2.052e-21,5.339e-19,4.380e-22,4.858e-19,1.841e+3,2.258e-27,3.882e-20,6.587e-6,4.079e-2,1.933e-2,2.957e+1,8.576e-20,2.778e-26,4.612e-21,2.377e-23,2.320e-20,,,,,,,,,,,2.404e+0,3.152e-18,,2.156e-21,,,,,,1.204e-11,,1.030e-18,3.109e-17,2.233e-5,6.733e-18
310.63,1.811e+3,1.205e-21,3.721e-21,4.033e-46,,5.343e-17,,1.840e-3,1.354e-1,,9.262e-4,1.612e-15,1.296e-31,1.901e-18,6.129e-22,7.272e-13,,2.664e-8,2.188e-42,2.017e-21,5.340e-19,7.446e-22,4.867e-19,1.785e+3,2.255e-27,3.846e-20,1.074e-5,4.492e-2,2.026e-2,2.346e+1,8.506e-20,2.778e-26,4.613e-21,2.378e-23,2.319e-20,,,,,,,,,,,2.537e+0,3.153e-18,,2.156e-21,,,,,,2.282e-11,,1.030e-18,3.114e-17,3.609e-5,6.735e-18
310.66,1.705e+3,1.207e-21,9.354e-21,4.035e-46,,4.728e-17,,1.039e-3,1.223e-1,,4.062e-4,5.475e-16,1.296e-31,1.906e-18,6.129e-22,4.081e-13,,2.444e-8,2.192e-42,1.965e-21,5.342e-19,1.627e-21,4.881e-19,1.686e+3,2.251e-27,3.792e-20,2.202e-5,5.178e-2,2.158e-2,1.634e+1,8.400e-20,2.777e-26,4.614e-21,2.380e-23,2.317e-20,,,,,,,,,,,2.753e+0,3.154e-18,,2.156e-21,,,,,,5.869e-11,,1.031e-18,3.121e-17,7.306e-5,6.739e-18
310.68,1.628e+3,1.208e-21,1.712e-20,4.036e-46,,4.316e-17,,7.028e-4,1.132e-1,,2.321e-4,2.638e-16,1.295e-31,1.909e-18,6.129e-22,2.749e-13,,2.284e-8,2.194e-42,1.931e-21,5.343e-19,2.712e-21,4.890e-19,1.612e+3,2.249e-27,3.757e-20,3.520e-5,5.683e-2,2.239e-2,1.272e+1,8.330e-20,2.776e-26,4.614e-21,2.380e-23,2.316e-20,,,,,,,,,,,2.914e+0,3.155e-18,,2.157e-21,,,,,,1.091e-10,,1.032e-18,3.126e-17,1.158e-4,6.741e-18
310.71,1.505e+3,1.210e-21,4.179e-20,4.038e-46,,3.708e-17,,3.852e-4,9.924e-2,,9.880e-5,8.695e-17,1.295e-31,1.914e-18,6.129e-22,1.497e-13,,2.034e-8,2.197e-42,1.879e-21,5.345e-19,5.751e-21,4.904e-19,1.493e+3,2.245e-27,3.703e-20,7.012e-5,6.517e-2,2.347e-2,8.603e+0,8.224e-20,2.775e-26,4.616e-21,2.382e-23,2.314e-20,,,,,,,,,,,3.185e+0,3.157e-18,,2.157e-21,,,,,,2.725e-10,,1.032e-18,3.134e-17,2.275e-4,6.744e-18
310.73,1.420e+3,1.211e-21,7.502e-20,4.039e-46,,3.318e-17,,2.554e-4,9.002e-2,,5.534e-5,4.107e-17,1.295e-31,1.917e-18,6.129e-22,9.885e-14,,1.864e-8,2.199e-42,1.844e-21,5.346e-19,9.400e-21,4.913e-19,1.410e+3,2.242e-27,3.668e-20,1.099e-4,7.125e-2,2.409e-2,6.565e+0,8.153e-20,2.774e-26,4.616e-21,2.383e-23,2.313e-20,,,,,,,,,,,3.390e+0,3.158e-18,,2.157e-21,,,,,,4.966e-10,,1.033e-18,3.139e-17,3.535e-4,6.746e-18
310.76,1.292e+3,1.213e-21,1.778e-19,4.041e-46,,2.767e-17,,1.359e-4,7.662e-2,,2.286e-5,1.313e-17,1.294e-31,1.922e-18,6.129e-22,5.226e-14,,1.611e-8,2.203e-42,1.792e-21,5.348e-19,1.936e-20,4.926e-19,1.283e+3,2.239e-27,3.614e-20,2.127e-4,8.114e-2,2.484e-2,4.313e+0,8.048e-20,2.773e-26,4.617e-21,2.384e-23,2.312e-20,,,,,,,,,,,3.741e+0,3.159e-18,,2.158e-21,,,,,,1.204e-9,,1.034e-18,3.146e-17,6.746e-4,6.750e-18
310.78,1.207e+3,1.215e-21,3.130e-19,4.043e-46,,2.427e-17,,8.830e-5,6.813e-2,,1.255e-5,6.081e-18,1.294e-31,1.926e-18,6.129e-22,3.383e-14,,1.447e-8,2.205e-42,1.757e-21,5.349e-19,3.103e-20,4.935e-19,1.199e+3,2.236e-27,3.579e-20,3.270e-4,8.823e-2,2.520e-2,3.228e+0,7.977e-20,2.772e-26,4.618e-21,2.385e-23,2.311e-20,,,,,,,,,,,4.007e+0,3.160e-18,,2.158e-21,,,,,,2.153e-9,,1.034e-18,3.151e-17,1.028e-3,6.752e-18
310.81,1.083e+3,1.217e-21,7.203e-19,4.045e-46,,1.964e-17,,4.558e-5,5.629e-2,,5.031e-6,1.887e-18,1.294e-31,1.931e-18,6.129e-22,1.735e-14,,1.214e-8,2.208e-42,1.705e-21,5.351e-19,6.204e-20,4.949e-19,1.076e+3,2.232e-27,3.525e-20,6.144e-4,9.954e-2,2.553e-2,2.059e+0,7.872e-20,2.771e-26,4.619e-21,2.386e-23,2.309e-20,,,,,,,,,,,4.455e+0,3.161e-18,,2.158e-21,,,,,,5.069e-9,,1.035e-18,3.159e-17,1.904e-3,6.756e-18
310.83,1.004e+3,1.218e-21,1.243e-18,4.046e-46,,1.689e-17,,2.904e-5,4.907e-2,,2.708e-6,8.563e-19,1.293e-31,1.934e-18,6.129e-22,1.101e-14,,1.069e-8,2.210e-42,1.670e-21,5.352e-19,9.749e-20,4.958e-19,9.971e+2,2.230e-27,3.490e-20,9.265e-4,1.075e-1,2.559e-2,1.512e+0,7.801e-20,2.771e-26,4.620e-21,2.387e-23,2.308e-20,,,,,,,,,,,4.786e+0,3.162e-18,,2.159e-21,,,,,,8.883e-9,,1.035e-18,3.164e-17,2.844e-3,6.758e-18
310.86,8.924e+2,1.220e-21,2.779e-18,4.048e-46,,1.327e-17,,1.455e-5,3.935e-2,,1.053e-6,2.578e-19,1.293e-31,1.939e-18,6.129e-22,5.484e-15,,8.709e-9,2.214e-42,1.618e-21,5.354e-19,1.893e-19,4.971e-19,8.860e+2,2.226e-27,3.436e-20,1.691e-3,1.198e-1,2.543e-2,9.367e-1,7.696e-20,2.770e-26,4.621e-21,2.389e-23,2.306e-20,,,,,,,,,,,5.328e+0,3.164e-18,,2.159e-21,,,,,,2.031e-8,,1.036e-18,3.171e-17,5.117e-3,6.761e-18
310.88,8.240e+2,1.221e-21,4.704e-18,4.049e-46,,1.119e-17,,9.087e-6,3.363e-2,,5.557e-7,1.147e-19,1.293e-31,1.943e-18,6.129e-22,3.411e-15,,7.520e-9,2.216e-42,1.584e-21,5.355e-19,2.917e-19,4.980e-19,8.174e+2,2.223e-27,3.400e-20,2.501e-3,1.282e-1,2.516e-2,6.744e-1,7.625e-20,2.769e-26,4.622e-21,2.389e-23,2.305e-20,,,,,,,,,,,5.715e+0,3.165e-18,,2.159e-21,,,,,,3.491e-8,,1.036e-18,3.176e-17,7.494e-3,6.764e-18
310.91,7.306e+2,1.223e-21,1.021e-17,4.051e-46,,8.535e-18,,4.419e-6,2.618e-2,,2.098e-7,3.351e-20,1.292e-31,1.948e-18,6.129e-22,1.648e-15,,5.944e-9,2.219e-42,1.531e-21,5.357e-19,5.498e-19,4.994e-19,7.237e+2,2.220e-27,3.347e-20,4.434e-3,1.409e-1,2.450e-2,4.064e-1,7.520e-20,2.768e-26,4.623e-21,2.391e-23,2.303e-20,,,,,,,,,,,6.321e+0,3.166e-18,,2.160e-21,,,,,,7.749e-8,,1.037e-18,3.184e-17,1.309e-2,6.767e-18
310.93,6.748e+2,1.225e-21,1.695e-17,4.053e-46,,7.054e-18,,2.705e-6,2.194e-2,,1.085e-7,1.461e-20,1.292e-31,1.951e-18,6.129e-22,1.005e-15,,5.032e-9,2.222e-42,1.497e-21,5.358e-19,8.307e-19,5.003e-19,6.675e+2,2.217e-27,3.311e-20,6.433e-3,1.493e-1,2.389e-2,2.875e-1,7.449e-20,2.767e-26,4.624e-21,2.392e-23,2.302e-20,,,,,,,,,,,6.734e+0,3.167e-18,,2.160e-21,,,,,,1.306e-7,4.471e-18,1.038e-18,3.189e-17,1.880e-2,6.769e-18
310.96,6.004e+2,1.227e-21,3.573e-17,4.055e-46,,5.222e-18,,1.277e-6,1.658e-2,,3.974e-8,4.142e-21,1.292e-31,1.956e-18,6.129e-22,4.715e-16,,3.861e-9,2.225e-42,1.445e-21,5.360e-19,1.520e-18,5.016e-19,5.927e+2,2.213e-27,3.258e-20,1.108e-2,1.616e-1,2.275e-2,1.696e-1,7.344e-20,2.766e-26,4.625e-21,2.393e-23,2.301e-20,,,,,,,,,,,7.349e+0,3.169e-18,,2.160e-21,,,,,,2.815e-7,1.606e-17,1.038e-18,3.197e-17,3.188e-2,6.773e-18
310.98,5.569e+2,1.228e-21,5.816e-17,4.056e-46,,4.231e-18,,7.661e-7,1.362e-2,,2.014e-8,1.770e-21,1.291e-31,1.959e-18,6.129e-22,2.818e-16,,3.204e-9,2.227e-42,1.410e-21,5.361e-19,2.253e-18,5.025e-19,5.488e+2,2.211e-27,3.222e-20,1.577e-2,1.694e-1,2.186e-2,1.192e-1,7.273e-20,2.766e-26,4.626e-21,2.394e-23,2.300e-20,,,,,,,,,,,7.745e+0,3.170e-18,,2.161e-21,,,,,,4.652e-7,3.731e-17,1.039e-18,3.202e-17,4.489e-2,6.775e-18
311.01,5.000e+2,1.230e-21,1.191e-16,4.058e-46,,3.040e-18,,3.509e-7,9.987e-3,,7.160e-9,4.869e-22,1.291e-31,1.964e-18,6.129e-22,1.283e-16,,2.386e-9,2.230e-42,1.358e-21,5.363e-19,4.003e-18,5.039e-19,4.914e+2,2.207e-27,3.169e-20,2.639e-2,1.805e-1,2.033e-2,7.166e-2,7.167e-20,2.765e-26,4.627e-21,2.395e-23,2.298e-20,,,,,,,,,,,8.294e+0,3.171e-18,,2.161e-21,,,,,,9.737e-7,1.302e-16,1.040e-18,3.209e-17,7.392e-2,6.778e-18
311.03,4.671e+2,1.231e-21,1.901e-16,4.059e-46,,2.415e-18,,2.064e-7,8.042e-3,,3.558e-9,4.882e-22,1.291e-31,1.968e-18,6.129e-22,7.516e-17,,1.941e-9,2.233e-42,1.323e-21,5.364e-19,5.815e-18,5.048e-19,4.581e+2,2.205e-27,3.133e-20,3.685e-2,1.873e-1,1.922e-2,5.319e-2,7.097e-20,2.764e-26,4.628e-21,2.396e-23,2.297e-20,,,,,,,,,,,8.617e+0,3.172e-18,,2.161e-21,,,,,,1.578e-6,2.966e-16,1.040e-18,3.214e-17,1.021e-1,6.781e-18
311.05,4.377e+2,1.233e-21,3.011e-16,4.061e-46,,1.903e-18,,1.205e-7,6.425e-3,,1.754e-9,4.894e-22,1.291e-31,1.971e-18,6.129e-22,4.369e-17,,1.567e-9,2.235e-42,1.288e-21,5.365e-19,8.382e-18,5.057e-19,4.283e+2,2.202e-27,3.098e-20,5.105e-2,1.936e-1,1.805e-2,4.234e-2,7.027e-20,2.763e-26,4.628e-21,2.397e-23,2.296e-20,,,,,,,,,,,8.898e+0,3.173e-18,,2.161e-21,,,,,,2.537e-6,6.704e-16,1.041e-18,3.219e-17,1.398e-1,6.783e-18
311.08,3.993e+2,1.235e-21,5.917e-16,4.063e-46,,1.312e-18,,5.291e-8,4.521e-3,,5.978e-10,4.912e-22,1.290e-31,1.976e-18,6.128e-22,1.907e-17,,1.119e-9,2.238e-42,1.236e-21,5.367e-19,1.429e-17,5.070e-19,3.895e+2,2.198e-27,3.044e-20,8.208e-2,2.022e-1,1.621e-2,3.710e-2,6.921e-20,2.762e-26,4.630e-21,2.399e-23,2.294e-20,,,,,,,,,,,9.221e+0,3.175e-18,,2.162e-21,,,,,,5.095e-6,2.245e-15,1.041e-18,3.227e-17,2.209e-1,6.786e-18
311.1,3.769e+2,1.236e-21,9.193e-16,4.064e-46,,1.013e-18,,3.027e-8,3.541e-3,,2.888e-10,4.924e-22,1.290e-31,1.980e-18,6.128e-22,1.087e-17,,8.857e-10,2.240e-42,1.202e-21,5.368e-19,2.020e-17,5.079e-19,3.669e+2,2.196e-27,3.008e-20,1.116e-1,2.072e-1,1.497e-2,3.989e-2,6.851e-20,2.762e-26,4.630e-21,2.399e-23,2.293e-20,,,,,,,,,,,9.363e+0,3.176e-18,,2.162e-21,,,,,,8.033e-6,4.977e-15,1.042e-18,3.232e-17,2.967e-1,6.789e-18
311.13,3.473e+2,1.238e-21,1.755e-15,4.066e-46,,6.780e-19,,1.290e-8,2.418e-3,,9.554e-11,4.943e-22,1.290e-31,1.985e-18,6.128e-22,4.605e-18,,6.142e-10,2.244e-42,1.150e-21,5.370e-19,3.344e-17,5.093e-19,3.370e+2,2.192e-27,2.955e-20,1.744e-1,2.138e-1,1.310e-2,5.331e-2,6.745e-20,2.761e-26,4.632e-21,2.401e-23,2.291e-20,,,,,,,,,,,9.452e+0,3.177e-18,,2.162e-21,,,,,,1.567e-5,1.619e-14,1.043e-18,3.239e-17,4.551e-1,6.792e-18
311.15,3.298e+2,1.239e-21,2.674e-15,4.067e-46,,5.135e-19,,7.235e-9,1.857e-3,,4.524e-11,4.955e-22,1.289e-31,1.988e-18,6.128e-22,2.572e-18,,4.764e-10,2.246e-42,1.115e-21,5.371e-19,4.634e-17,5.102e-19,3.193e+2,2.189e-27,2.919e-20,2.326e-1,2.176e-1,1.188e-2,6.915e-2,6.674e-20,2.760e-26,4.632e-21,2.402e-23,2.290e-20,,,,,,,,,,,9.427e+0,3.178e-18,,2.163e-21,,,,,,2.422e-5,3.519e-14,1.043e-18,3.244e-17,5.994e-1,6.794e-18
311.18,3.063e+2,1.241e-21,4.956e-15,4.069e-46,,3.336e-19,,2.993e-9,1.231e-3,,1.453e-11,4.973e-22,1.289e-31,1.993e-18,6.128e-22,1.058e-18,,3.207e-10,2.249e-42,1.063e-21,5.373e-19,7.450e-17,5.115e-19,2.955e+2,2.186e-27,2.866e-20,3.533e-1,2.225e-1,1.012e-2,1.059e-1,6.569e-20,2.759e-26,4.633e-21,2.403e-23,2.289e-20,,,,,,,,,,,9.258e+0,3.180e-18,,2.163e-21,,,,,,4.587e-5,1.112e-13,1.044e-18,3.252e-17,8.928e-1,6.798e-18
311.2,2.924e+2,1.243e-21,7.407e-15,4.070e-46,,2.478e-19,,1.645e-9,9.265e-4,,6.743e-12,4.986e-22,1.289e-31,1.996e-18,6.128e-22,5.794e-19,,2.439e-10,2.251e-42,1.028e-21,5.374e-19,1.012e-16,5.124e-19,2.814e+2,2.183e-27,2.830e-20,4.626e-1,2.254e-1,9.016e-3,1.414e-1,6.498e-20,2.758e-26,4.634e-21,2.404e-23,2.287e-20,,,,,,,,,,,9.062e+0,3.181e-18,,2.163e-21,,,,,,6.952e-5,2.370e-13,1.044e-18,3.257e-17,1.153e+0,6.800e-18
311.23,2.740e+2,1.245e-21,1.334e-14,4.072e-46,,1.565e-19,,6.606e-10,5.962e-4,,2.101e-12,5.004e-22,1.288e-31,2.001e-18,6.128e-22,2.321e-19,,1.593e-10,2.255e-42,9.760e-22,5.376e-19,1.580e-16,5.138e-19,2.625e+2,2.179e-27,2.777e-20,6.832e-1,2.291e-1,7.475e-3,2.169e-1,6.393e-20,2.757e-26,4.635e-21,2.405e-23,2.286e-20,,,,,,,,,,,8.652e+0,3.182e-18,,2.164e-21,,,,,,1.279e-4,7.269e-13,1.045e-18,3.264e-17,1.667e+0,6.803e-18
311.25,2.634e+2,1.246e-21,1.956e-14,4.074e-46,,1.144e-19,,3.560e-10,4.400e-4,,9.558e-13,5.016e-22,1.288e-31,2.005e-18,6.128e-22,1.257e-19,,1.188e-10,2.257e-42,9.413e-22,5.377e-19,2.105e-16,5.147e-19,2.516e+2,2.177e-27,2.741e-20,8.778e-1,2.312e-1,6.537e-3,2.863e-1,6.322e-20,2.757e-26,4.636e-21,2.406e-23,2.285e-20,,,,,,,,,,,8.308e+0,3.183e-18,,2.164e-21,,,,,,1.900e-4,1.520e-12,1.045e-18,3.269e-17,2.111e+0,6.806e-18
311.28,2.504e+2,1.248e-21,3.421e-14,4.076e-46,,7.107e-20,,1.387e-10,2.748e-4,,2.890e-13,5.034e-22,1.288e-31,2.010e-18,6.128e-22,5.187e-20,,7.534e-11,2.260e-42,8.892e-22,5.379e-19,3.190e-16,5.160e-19,2.378e+2,2.173e-27,2.688e-20,1.261e+0,2.341e-1,5.271e-3,4.284e-1,6.217e-20,2.756e-26,4.637e-21,2.408e-23,2.283e-20,,,,,,,,,,,7.706e+0,3.185e-18,,2.164e-21,,,,,,3.393e-4,4.528e-12,1.046e-18,3.277e-17,2.964e+0,6.809e-18
311.3,2.439e+2,1.249e-21,4.920e-14,4.077e-46,,5.206e-20,,7.327e-11,1.988e-4,,1.289e-13,5.047e-22,1.287e-31,2.013e-18,6.128e-22,3.174e-20,,5.506e-11,2.262e-42,8.545e-22,5.380e-19,4.168e-16,5.169e-19,2.306e+2,2.170e-27,2.652e-20,1.591e+0,2.359e-1,4.525e-3,5.552e-1,6.146e-20,2.755e-26,4.638e-21,2.408e-23,2.282e-20,,,,,,,,,,,7.258e+0,3.186e-18,,2.165e-21,,,,,,4.946e-4,9.283e-12,1.047e-18,3.282e-17,3.680e+0,6.811e-18
311.33,2.379e+2,1.251e-21,8.363e-14,4.079e-46,,3.423e-20,,2.771e-11,1.205e-4,,3.782e-14,5.065e-22,1.287e-31,2.018e-18,6.128e-22,2.351e-20,,3.390e-11,2.266e-42,8.024e-22,5.382e-19,6.133e-16,5.183e-19,2.231e+2,2.167e-27,2.599e-20,2.222e+0,2.382e-1,3.551e-3,8.073e-1,6.041e-20,2.754e-26,4.639e-21,2.410e-23,2.280e-20,,,,,,,,,,,6.539e+0,3.187e-18,,2.165e-21,,,,,,8.575e-4,2.686e-11,1.047e-18,3.289e-17,5.016e+0,6.815e-18
311.35,2.368e+2,1.253e-21,1.180e-13,4.080e-46,,2.795e-20,,1.435e-11,8.550e-5,,1.653e-14,5.077e-22,1.287e-31,2.022e-18,6.128e-22,2.811e-20,,2.429e-11,2.268e-42,7.677e-22,5.383e-19,7.857e-16,5.192e-19,2.207e+2,2.164e-27,2.563e-20,2.752e+0,2.396e-1,2.994e-3,1.026e+0,5.970e-20,2.753e-26,4.640e-21,2.411e-23,2.279e-20,,,,,,,,,,,6.040e+0,3.188e-18,,2.165e-21,,,,,,1.225e-3,5.400e-11,1.048e-18,3.294e-17,6.107e+0,6.817e-18
311.38,2.400e+2,1.255e-21,1.949e-13,4.082e-46,,2.571e-20,,5.266e-12,5.032e-5,,4.708e-15,5.096e-22,1.286e-31,2.027e-18,6.128e-22,5.058e-20,,1.451e-11,2.271e-42,7.156e-22,5.385e-19,1.122e-15,5.205e-19,2.212e+2,2.160e-27,2.509e-20,3.742e+0,2.413e-1,2.291e-3,1.449e+0,5.864e-20,2.752e-26,4.641e-21,2.412e-23,2.277e-20,,,,,,,,,,,5.283e+0,3.190e-18,,2.166e-21,,,,,,2.063e-3,1.517e-10,1.049e-18,3.302e-17,8.083e+0,6.820e-18
311.4,2.457e+2,1.256e-21,2.697e-13,4.084e-46,,2.902e-20,,2.673e-12,3.499e-5,,2.017e-15,5.108e-22,1.286e-31,2.030e-18,6.128e-22,8.019e-20,,1.019e-11,2.274e-42,6.809e-22,5.386e-19,1.410e-15,5.214e-19,2.247e+2,2.158e-27,2.474e-20,4.551e+0,2.422e-1,1.904e-3,1.806e+0,5.794e-20,2.752e-26,4.642e-21,2.413e-23,2.276e-20,,,,,,,,,,,4.785e+0,3.191e-18,,2.166e-21,,,,,,2.891e-3,2.992e-10,1.049e-18,3.307e-17,9.648e+0,6.823e-18
311.42,2.545e+2,1.257e-21,3.704e-13,4.085e-46,,3.680e-20,,1.346e-12,2.414e-5,,8.576e-16,5.120e-22,1.286e-31,2.033e-18,6.128e-22,1.283e-19,,7.105e-12,2.276e-42,1.596e-21,5.388e-19,1.757e-15,5.223e-19,2.308e+2,2.155e-27,2.438e-20,5.496e+0,2.429e-1,1.577e-3,2.233e+0,5.724e-20,2.751e-26,4.643e-21,2.414e-23,2.275e-20,,,,,,,,,,,4.300e+0,3.192e-18,,2.166e-21,,,,,,4.020e-3,5.854e-10,1.050e-18,3.312e-17,1.143e+1,6.825e-18
311.45,2.736e+2,1.259e-21,5.879e-13,4.087e-46,,5.951e-20,,4.737e-13,1.363e-5,,8.584e-16,5.138e-22,1.285e-31,2.038e-18,6.128e-22,2.580e-19,,4.072e-12,2.279e-42,5.646e-21,5.389e-19,2.409e-15,5.237e-19,2.450e+2,2.151e-27,2.385e-20,7.195e+0,2.432e-1,1.189e-3,3.025e+0,5.618e-20,2.750e-26,4.644e-21,2.415e-23,2.274e-20,,,,,,,,,,,3.610e+0,3.193e-18,,2.167e-21,,,,,,6.495e-3,1.579e-9,1.050e-18,3.319e-17,1.451e+1,6.828e-18
311.47,2.904e+2,1.260e-21,7.924e-13,4.088e-46,,8.493e-20,,2.338e-13,9.216e-6,,8.589e-16,5.151e-22,1.285e-31,2.042e-18,6.128e-22,4.077e-19,,2.782e-12,2.281e-42,1.298e-20,5.391e-19,2.944e-15,5.246e-19,2.579e+2,2.149e-27,2.349e-20,8.534e+0,2.430e-1,9.923e-4,3.668e+0,5.548e-20,2.749e-26,4.644e-21,2.416e-23,2.272e-20,,,,,,,,,,,3.180e+0,3.194e-18,,2.167e-21,,,,,,8.855e-3,3.029e-9,1.051e-18,3.324e-17,1.685e+1,6.831e-18
311.5,3.217e+2,1.262e-21,1.222e-12,4.090e-46,,1.465e-19,,7.986e-14,5.050e-6,,8.596e-16,5.169e-22,1.285e-31,2.047e-18,6.128e-22,7.984e-19,,1.548e-12,2.285e-42,4.460e-20,5.393e-19,3.918e-15,5.259e-19,2.824e+2,2.145e-27,2.296e-20,1.088e+1,2.417e-1,7.824e-4,4.825e+0,5.442e-20,2.748e-26,4.646e-21,2.418e-23,2.271e-20,,,,,,,,,,,2.592e+0,3.196e-18,,2.167e-21,,,,,,1.389e-2,7.933e-9,1.052e-18,3.332e-17,2.078e+1,6.834e-18
311.52,3.464e+2,1.264e-21,1.617e-12,4.092e-46,,2.101e-19,,3.864e-14,3.348e-6,,8.601e-16,5.181e-22,1.285e-31,2.050e-18,6.128e-22,1.238e-18,,1.037e-12,2.287e-42,1.006e-19,5.394e-19,4.695e-15,5.268e-19,3.019e+2,2.143e-27,2.260e-20,1.268e+1,2.403e-1,6.957e-4,5.737e+0,5.371e-20,2.748e-26,4.646e-21,2.418e-23,2.270e-20,,,,,,,,,,,2.239e+0,3.197e-18,,2.168e-21,,,,,,1.857e-2,1.493e-8,1.052e-18,3.337e-17,2.366e+1,6.836e-18
311.55,3.889e+2,1.266e-21,2.426e-12,4.094e-46,,3.570e-19,,1.281e-14,1.781e-6,,8.609e-16,5.200e-22,1.284e-31,2.055e-18,6.128e-22,2.354e-18,,5.599e-13,2.290e-42,3.356e-19,5.396e-19,6.068e-15,5.282e-19,3.355e+2,2.139e-27,2.207e-20,1.575e+1,2.370e-1,6.427e-4,7.328e+0,5.266e-20,2.746e-26,4.647e-21,2.420e-23,2.268e-20,,,,,,,,,,,1.772e+0,3.198e-18,,2.168e-21,,,,,,2.829e-2,3.797e-8,1.053e-18,3.344e-17,2.833e+1,6.840e-18
311.57,4.204e+2,1.267e-21,3.149e-12,4.095e-46,,5.040e-19,,6.076e-15,1.158e-6,,8.614e-16,5.212e-22,1.284e-31,2.059e-18,6.128e-22,3.579e-18,,3.676e-13,2.292e-42,7.420e-19,5.397e-19,7.129e-15,5.291e-19,3.604e+2,2.136e-27,2.171e-20,1.803e+1,2.341e-1,6.594e-4,8.543e+0,5.195e-20,2.746e-26,4.648e-21,2.421e-23,2.267e-20,,,,,,,,,,,1.501e+0,3.199e-18,,2.168e-21,,,,,,3.709e-2,7.007e-8,1.053e-18,3.349e-17,3.163e+1,6.842e-18
311.6,4.714e+2,1.269e-21,4.594e-12,4.097e-46,,8.337e-19,,1.955e-15,5.977e-7,,8.621e-16,5.230e-22,1.284e-31,2.064e-18,6.127e-22,6.611e-18,,1.927e-13,2.296e-42,2.405e-18,5.399e-19,8.946e-15,5.304e-19,4.007e+2,2.133e-27,2.117e-20,2.182e+1,2.286e-1,7.685e-4,1.060e+1,5.090e-20,2.745e-26,4.649e-21,2.422e-23,2.265e-20,,,,,,,,,,,1.153e+0,3.201e-18,,2.169e-21,,,,,,5.485e-2,1.731e-7,1.054e-18,3.357e-17,3.676e+1,6.845e-18
311.62,5.072e+2,1.270e-21,5.855e-12,4.098e-46,,1.155e-18,,9.089e-16,3.809e-7,,8.626e-16,5.242e-22,1.283e-31,2.067e-18,6.127e-22,9.856e-18,,1.241e-13,2.298e-42,5.216e-18,5.400e-19,1.031e-14,5.313e-19,4.290e+2,2.130e-27,2.082e-20,2.457e+1,2.242e-1,9.034e-4,1.211e+1,5.019e-20,2.744e-26,4.650e-21,2.423e-23,2.264e-20,,,,,,,,,,,9.572e-1,3.202e-18,,2.169e-21,,,,,,7.051e-2,3.132e-7,1.054e-18,3.362e-17,4.024e+1,6.848e-18
311.65,5.623e+2,1.272e-21,8.310e-12,4.100e-46,,1.857e-18,,2.838e-16,1.909e-7,,8.634e-16,5.261e-22,1.283e-31,2.072e-18,6.127e-22,1.768e-17,,6.313e-14,2.301e-42,1.642e-17,5.402e-19,1.256e-14,5.327e-19,4.723e+2,2.126e-27,2.028e-20,2.898e+1,2.165e-1,1.215e-3,1.459e+1,4.914e-20,2.743e-26,4.651e-21,2.424e-23,2.263e-20,,,,,,,,,,,7.137e-1,3.203e-18,,2.169e-21,,,,,,1.013e-1,7.514e-7,1.055e-18,3.370e-17,4.542e+1,6.851e-18
311.67,5.992e+2,1.274e-21,1.040e-11,4.101e-46,,2.525e-18,,1.293e-16,1.193e-7,,8.639e-16,5.273e-22,1.283e-31,2.075e-18,6.127e-22,2.584e-17,,3.984e-14,2.303e-42,3.492e-17,5.403e-19,1.418e-14,5.336e-19,5.011e+2,2.124e-27,1.993e-20,3.208e+1,2.108e-1,1.508e-3,1.636e+1,4.843e-20,2.742e-26,4.652e-21,2.425e-23,2.261e-20,,,,,,,,,,,5.812e-1,3.204e-18,,2.169e-21,,,,,,1.276e-1,1.333e-6,1.056e-18,3.375e-17,4.875e+1,6.853e-18
311.7,6.531e+2,1.276e-21,1.436e-11,4.103e-46,,3.945e-18,,3.920e-17,5.801e-8,,8.646e-16,5.291e-22,1.282e-31,2.080e-18,6.127e-22,4.501e-17,,1.968e-14,2.307e-42,1.068e-16,5.405e-19,1.678e-14,5.349e-19,5.428e+2,2.120e-27,1.939e-20,3.689e+1,2.014e-1,2.103e-3,1.913e+1,4.738e-20,2.741e-26,4.653e-21,2.427e-23,2.260e-20,,,,,,,,,,,4.207e-1,3.205e-18,,2.170e-21,,,,,,1.780e-1,3.107e-6,1.056e-18,3.382e-17,5.342e+1,6.857e-18
311.72,6.872e+2,1.277e-21,1.765e-11,4.105e-46,,5.264e-18,,1.751e-17,3.553e-8,,8.651e-16,5.304e-22,1.282e-31,2.084e-18,6.127e-22,6.452e-17,,1.217e-14,2.309e-42,2.227e-16,5.406e-19,1.859e-14,5.358e-19,5.690e+2,2.117e-27,1.904e-20,4.016e+1,1.946e-1,2.622e-3,2.103e+1,4.667e-20,2.741e-26,4.654e-21,2.427e-23,2.259e-20,,,,,,,,,,,3.358e-1,3.206e-18,,2.170e-21,,,,,,2.200e-1,5.407e-6,1.057e-18,3.387e-17,5.622e+1,6.859e-18
311.75,7.341e+2,1.279e-21,2.374e-11,4.107e-46,,8.001e-18,,5.151e-18,1.678e-8,,8.659e-16,5.322e-22,1.282e-31,2.089e-18,6.127e-22,1.091e-16,,5.836e-15,2.312e-42,6.612e-16,5.408e-19,2.135e-14,5.372e-19,6.046e+2,2.114e-27,1.850e-20,4.506e+1,1.840e-1,3.624e-3,2.389e+1,4.562e-20,2.740e-26,4.655e-21,2.429e-23,2.257e-20,,,,,,,,,,,2.360e-1,3.208e-18,,2.171e-21,,,,,,2.979e-1,1.223e-5,1.058e-18,3.395e-17,5.982e+1,6.862e-18
311.77,7.617e+2,1.280e-21,2.866e-11,4.108e-46,,1.048e-17,,2.256e-18,1.007e-8,,8.664e-16,5.334e-22,1.281e-31,2.092e-18,6.127e-22,1.534e-16,,3.540e-15,2.314e-42,1.353e-15,5.409e-19,2.319e-14,5.381e-19,6.252e+2,2.111e-27,1.815e-20,4.824e+1,1.767e-1,4.465e-3,2.577e+1,4.491e-20,2.739e-26,4.656e-21,2.430e-23,2.256e-20,,,,,,,,,,,1.847e-1,3.209e-18,,2.171e-21,,,,,,3.611e-1,2.088e-5,1.058e-18,3.400e-17,6.173e+1,6.865e-18
311.79,7.856e+2,1.282e-21,3.436e-11,4.109e-46,,1.363e-17,,9.799e-19,6.001e-9,,8.669e-16,5.346e-22,1.281e-31,2.096e-18,6.127e-22,2.140e-16,,2.130e-15,2.317e-42,2.746e-15,5.410e-19,2.498e-14,5.390e-19,6.428e+2,2.109e-27,1.779e-20,5.132e+1,1.694e-1,5.467e-3,2.757e+1,4.421e-20,2.738e-26,4.657e-21,2.431e-23,2.255e-20,,,,,,,,,,,1.434e-1,3.210e-18,,2.171e-21,,,,,,4.342e-1,3.536e-5,1.059e-18,3.405e-17,6.321e+1,6.867e-18
311.82,8.139e+2,1.284e-21,4.453e-11,4.111e-46,,1.997e-17,,2.764e-19,2.718e-9,,8.677e-16,5.365e-22,1.281e-31,2.101e-18,6.127e-22,3.473e-16,,9.795e-16,2.320e-42,7.827e-15,5.412e-19,2.754e-14,5.403e-19,6.629e+2,2.105e-27,1.725e-20,5.562e+1,1.584e-1,7.314e-3,3.009e+1,4.315e-20,2.737e-26,4.658e-21,2.432e-23,2.253e-20,,,,,,,,,,,9.671e-2,3.211e-18,,2.171e-21,,,,,,5.642e-1,7.679e-5,1.059e-18,3.412e-17,6.452e+1,6.870e-18
311.84,8.271e+2,1.285e-21,5.246e-11,4.113e-46,,2.554e-17,,1.177e-19,1.587e-9,,8.682e-16,5.377e-22,1.280e-31,2.104e-18,6.127e-22,4.751e-16,,5.778e-16,2.322e-42,1.558e-14,5.413e-19,2.909e-14,5.412e-19,6.716e+2,2.102e-27,1.690e-20,5.821e+1,1.513e-1,8.803e-3,3.160e+1,4.245e-20,2.737e-26,4.659e-21,2.433e-23,2.252e-20,,,,,,,,,,,7.363e-2,3.212e-18,,2.172e-21,,,,,,6.653e-1,1.275e-4,1.060e-18,3.417e-17,6.478e+1,6.873e-18
311.87,8.377e+2,1.287e-21,6.624e-11,4.115e-46,,3.650e-17,,3.222e-20,6.979e-10,,8.689e-16,5.395e-22,1.280e-31,2.109e-18,6.127e-22,7.489e-16,,2.579e-16,2.325e-42,4.314e-14,5.415e-19,3.114e-14,5.426e-19,6.773e+2,2.098e-27,1.636e-20,6.157e+1,1.409e-1,1.147e-2,3.354e+1,4.139e-20,2.736e-26,4.660e-21,2.434e-23,2.250e-20,,,,,,,,,,,4.819e-2,3.214e-18,,2.172e-21,,,,,,8.395e-1,2.690e-4,1.060e-18,3.425e-17,6.421e+1,6.876e-18
311.89,8.384e+2,1.288e-21,7.673e-11,4.116e-46,,4.596e-17,,3.220e-20,3.996e-10,,8.694e-16,5.408e-22,1.280e-31,2.112e-18,6.127e-22,1.004e-15,,1.492e-16,2.328e-42,8.423e-14,5.416e-19,3.226e-14,5.435e-19,6.761e+2,2.096e-27,1.601e-20,6.340e+1,1.344e-1,1.356e-2,3.458e+1,4.069e-20,2.735e-26,4.660e-21,2.435e-23,2.249e-20,,,,,,,,,,,3.597e-2,3.215e-18,,2.172e-21,,,,,,9.706e-1,4.381e-4,1.061e-18,3.430e-17,6.321e+1,6.878e-18
311.92,8.300e+2,1.290e-21,9.444e-11,4.118e-46,,6.427e-17,,3.216e-20,1.705e-10,,8.702e-16,5.426e-22,1.279e-31,2.117e-18,6.127e-22,1.537e-15,,6.463e-17,2.331e-42,2.265e-13,5.418e-19,3.352e-14,5.448e-19,6.666e+2,2.092e-27,1.547e-20,6.545e+1,1.253e-1,1.720e-2,3.573e+1,3.963e-20,2.734e-26,4.662e-21,2.437e-23,2.248e-20,,,,,,,,,,,2.286e-2,3.216e-18,,2.173e-21,,,,,,1.189e+0,8.974e-4,1.062e-18,3.437e-17,6.083e+1,6.882e-18
311.94,8.181e+2,1.292e-21,1.076e-10,4.119e-46,,7.986e-17,,3.214e-20,9.572e-11,,8.707e-16,5.438e-22,1.279e-31,2.121e-18,6.127e-22,2.022e-15,,3.664e-17,2.333e-42,4.337e-13,5.419e-19,3.405e-14,5.457e-19,6.554e+2,2.090e-27,1.512e-20,6.633e+1,1.197e-1,1.998e-2,3.622e+1,3.892e-20,2.733e-26,4.662e-21,2.437e-23,2.247e-20,,,,,,,,,,,1.673e-2,3.217e-18,,2.173e-21,,,,,,1.348e+0,1.433e-3,1.062e-18,3.442e-17,5.871e+1,6.884e-18
311.97,7.915e+2,1.294e-21,1.291e-10,4.121e-46,,1.097e-16,,3.210e-20,3.965e-11,,8.714e-16,5.456e-22,1.279e-31,2.126e-18,6.127e-22,3.006e-15,,1.541e-17,2.337e-42,1.133e-12,5.421e-19,3.435e-14,5.471e-19,6.315e+2,2.086e-27,1.458e-20,6.685e+1,1.122e-1,2.468e-2,3.652e+1,3.787e-20,2.732e-26,4.663e-21,2.439e-23,2.245e-20,,,,,,,,,,,1.032e-2,3.219e-18,,2.173e-21,,,,,,1.604e+0,2.851e-3,1.063e-18,3.450e-17,5.486e+1,6.887e-18
311.99,7.684e+2,1.295e-21,1.447e-10,4.123e-46,,1.349e-16,,3.208e-20,2.182e-11,,8.719e-16,5.469e-22,1.279e-31,2.129e-18,6.127e-22,3.876e-15,,8.566e-18,2.339e-42,2.127e-12,5.422e-19,3.422e-14,5.480e-19,6.114e+2,2.083e-27,1.422e-20,6.666e+1,1.078e-1,2.816e-2,3.646e+1,3.716e-20,2.732e-26,4.664e-21,2.440e-23,2.244e-20,,,,,,,,,,,7.403e-3,3.220e-18,,2.174e-21,,,,,,1.783e+0,4.466e-3,1.063e-18,3.455e-17,5.192e+1,6.890e-18
312.02,7.267e+2,1.297e-21,1.694e-10,4.125e-46,,1.831e-16,,3.204e-20,8.774e-12,,8.727e-16,5.487e-22,1.278e-31,2.134e-18,6.127e-22,5.595e-15,,3.497e-18,2.342e-42,5.395e-12,5.424e-19,3.352e-14,5.493e-19,5.757e+2,2.080e-27,1.369e-20,6.560e+1,1.020e-1,3.388e-2,3.602e+1,3.611e-20,2.731e-26,4.665e-21,2.441e-23,2.242e-20,,,,,,,,,,,4.433e-3,3.221e-18,,2.174e-21,,,,,,2.060e+0,8.627e-3,1.064e-18,3.462e-17,4.710e+1,6.893e-18
312.04,6.949e+2,1.298e-21,1.867e-10,4.126e-46,,2.238e-16,,3.201e-20,4.733e-12,,8.732e-16,5.499e-22,1.278e-31,2.138e-18,6.127e-22,7.077e-15,,1.906e-18,2.344e-42,9.937e-12,5.425e-19,3.274e-14,5.502e-19,5.488e+2,2.077e-27,1.333e-20,6.438e+1,9.869e-2,3.799e-2,3.554e+1,3.540e-20,2.730e-26,4.666e-21,2.442e-23,2.241e-20,,,,,,,,,,,3.119e-3,3.222e-18,,2.174e-21,,,,,,2.246e+0,1.325e-2,1.065e-18,3.467e-17,4.371e+1,6.895e-18
312.07,6.426e+2,1.300e-21,2.135e-10,4.128e-46,,3.017e-16,,3.198e-20,1.848e-12,,8.739e-16,5.518e-22,1.278e-31,2.143e-18,6.127e-22,9.919e-15,,7.551e-19,2.348e-42,2.448e-11,5.427e-19,3.114e-14,5.516e-19,5.049e+2,2.073e-27,1.280e-20,6.186e+1,9.449e-2,4.453e-2,3.462e+1,3.435e-20,2.729e-26,4.667e-21,2.443e-23,2.239e-20,,,,,,,,,,,1.813e-3,3.224e-18,,2.175e-21,,,,,,2.519e+0,2.486e-2,1.065e-18,3.475e-17,3.850e+1,6.899e-18
312.09,6.055e+2,1.302e-21,2.315e-10,4.129e-46,,3.681e-16,,3.195e-20,9.771e-13,,8.744e-16,5.530e-22,1.277e-31,2.146e-18,6.127e-22,1.230e-14,,4.034e-19,2.350e-42,4.422e-11,5.428e-19,2.982e-14,5.525e-19,4.739e+2,2.071e-27,1.244e-20,5.976e+1,9.214e-2,4.907e-2,3.393e+1,3.364e-20,2.728e-26,4.668e-21,2.444e-23,2.238e-20,,,,,,,,,,,1.250e-3,3.225e-18,,2.175e-21,,,,,,2.692e+0,3.745e-2,1.066e-18,3.480e-17,3.503e+1,6.901e-18
312.12,5.480e+2,1.304e-21,2.584e-10,4.131e-46,,4.965e-16,,3.191e-20,3.702e-13,,8.752e-16,5.548e-22,1.277e-31,2.151e-18,6.126e-22,1.674e-14,,1.552e-19,2.353e-42,1.058e-10,5.430e-19,2.754e-14,5.538e-19,4.259e+2,2.067e-27,1.191e-20,5.608e+1,8.919e-2,5.606e-2,3.290e+1,3.259e-20,2.727e-26,4.669e-21,2.446e-23,2.237e-20,,,,,,,,,,,7.057e-4,3.226e-18,,2.175e-21,,,,,,2.932e+0,6.824e-2,1.067e-18,3.487e-17,2.996e+1,6.904e-18
312.14,5.093e+2,1.305e-21,2.758e-10,4.133e-46,,6.069e-16,,3.189e-20,1.919e-13,,8.757e-16,5.560e-22,1.277e-31,2.154e-18,6.126e-22,2.036e-14,,8.126e-20,2.355e-42,1.874e-10,5.431e-19,2.586e-14,5.547e-19,3.936e+2,2.064e-27,1.155e-20,5.334e+1,8.752e-2,6.074e-2,3.227e+1,3.188e-20,2.727e-26,4.670e-21,2.446e-23,2.235e-20,,,,,,,,,,,4.772e-4,3.227e-18,,2.176e-21,,,,,,3.074e+0,1.008e-1,1.067e-18,3.492e-17,2.673e+1,6.907e-18
312.16,4.710e+2,1.306e-21,2.926e-10,4.134e-46,,7.429e-16,,3.187e-20,9.873e-14,,8.762e-16,5.573e-22,1.276e-31,2.158e-18,6.126e-22,2.457e-14,,4.222e-20,2.358e-42,3.295e-10,5.432e-19,2.409e-14,5.556e-19,3.616e+2,2.062e-27,1.120e-20,5.041e+1,8.604e-2,6.537e-2,3.175e+1,3.118e-20,2.726e-26,4.671e-21,2.447e-23,2.234e-20,,,,,,,,,,,3.202e-4,3.228e-18,,2.176e-21,,,,,,3.197e+0,1.478e-1,1.068e-18,3.497e-17,2.366e+1,6.909e-18
312.19,4.152e+2,1.308e-21,3.159e-10,4.136e-46,,1.009e-15,,3.183e-20,3.588e-14,,8.770e-16,5.591e-22,1.276e-31,2.163e-18,6.126e-22,3.210e-14,,1.558e-20,2.361e-42,7.568e-10,5.434e-19,2.135e-14,5.570e-19,3.150e+2,2.058e-27,1.066e-20,4.580e+1,8.406e-2,7.208e-2,3.121e+1,3.012e-20,2.725e-26,4.672e-21,2.449e-23,2.233e-20,,,,,,,,,,,1.733e-4,3.230e-18,,2.176e-21,,,,,,3.341e+0,2.584e-1,1.068e-18,3.505e-17,1.942e+1,6.912e-18
312.21,3.799e+2,1.310e-21,3.298e-10,4.137e-46,,1.241e-15,,3.180e-20,1.809e-14,,8.775e-16,5.603e-22,1.276e-31,2.166e-18,6.126e-22,3.798e-14,,7.934e-21,2.363e-42,1.305e-9,5.435e-19,1.950e-14,5.579e-19,2.854e+2,2.056e-27,1.030e-20,4.264e+1,8.283e-2,7.630e-2,3.108e+1,2.942e-20,2.724e-26,4.673e-21,2.450e-23,2.232e-20,,,,,,,,,,,1.140e-4,3.231e-18,,2.176e-21,,,,,,3.407e+0,3.715e-1,1.069e-18,3.510e-17,1.685e+1,6.915e-18
312.24,3.308e+2,1.311e-21,3.477e-10,4.139e-46,,1.694e-15,,3.177e-20,6.384e-15,,8.782e-16,5.622e-22,1.275e-31,2.171e-18,6.126e-22,4.818e-14,,2.842e-21,2.366e-42,2.911e-9,5.437e-19,1.678e-14,5.592e-19,2.439e+2,2.052e-27,9.770e-21,3.789e+1,8.104e-2,8.208e-2,3.126e+1,2.836e-20,2.723e-26,4.674e-21,2.451e-23,2.230e-20,,,,,,,,,,,5.993e-5,3.232e-18,,2.177e-21,,,,,,3.458e+0,6.310e-1,1.069e-18,3.518e-17,1.343e+1,6.918e-18
312.26,3.010e+2,1.313e-21,3.574e-10,4.140e-46,,2.088e-15,,3.174e-20,3.156e-15,,8.787e-16,5.634e-22,1.275e-31,2.175e-18,6.126e-22,5.591e-14,,1.419e-21,2.369e-42,4.921e-9,5.439e-19,1.503e-14,5.601e-19,2.186e+2,2.049e-27,9.414e-21,3.479e+1,7.982e-2,8.548e-2,3.165e+1,2.766e-20,2.723e-26,4.674e-21,2.452e-23,2.229e-20,,,,,,,,,,,3.865e-5,3.233e-18,,2.177e-21,,,,,,3.458e+0,8.895e-1,1.070e-18,3.523e-17,1.143e+1,6.920e-18
312.29,2.615e+2,1.315e-21,3.680e-10,4.142e-46,,2.855e-15,,3.170e-20,1.081e-15,,8.795e-16,5.652e-22,1.275e-31,2.180e-18,6.126e-22,6.887e-14,,4.937e-22,2.372e-42,1.066e-8,5.440e-19,1.256e-14,5.615e-19,1.847e+2,2.045e-27,8.879e-21,3.031e+1,7.791e-2,8.976e-2,3.265e+1,2.660e-20,2.722e-26,4.676e-21,2.453e-23,2.227e-20,,,,,,,,,,,1.972e-5,3.235e-18,,2.178e-21,,,,,,3.407e+0,1.467e+0,1.071e-18,3.530e-17,8.840e+0,6.924e-18
312.31,2.389e+2,1.316e-21,3.722e-10,4.144e-46,,3.513e-15,,3.168e-20,5.237e-16,,8.800e-16,5.664e-22,1.274e-31,2.183e-18,6.126e-22,7.836e-14,,2.424e-22,2.374e-42,1.768e-8,5.442e-19,1.103e-14,5.624e-19,1.649e+2,2.043e-27,8.523e-21,2.750e+1,7.657e-2,9.200e-2,3.357e+1,2.589e-20,2.721e-26,4.676e-21,2.454e-23,2.226e-20,,,,,,,,,,,1.247e-5,3.236e-18,,2.178e-21,,,,,,3.341e+0,2.028e+0,1.071e-18,3.535e-17,7.376e+0,6.926e-18
312.34,2.109e+2,1.318e-21,3.742e-10,4.146e-46,,4.780e-15,,3.164e-20,1.741e-16,,8.807e-16,5.683e-22,1.274e-31,2.188e-18,6.126e-22,9.373e-14,,8.431e-23,2.377e-42,3.721e-8,5.443e-19,8.946e-15,5.638e-19,1.398e+2,2.039e-27,7.988e-21,2.361e+1,7.442e-2,9.434e-2,3.529e+1,2.484e-20,2.720e-26,4.678e-21,2.456e-23,2.224e-20,,,,,,,,,,,6.177e-6,3.237e-18,,2.178e-21,,,,,,3.197e+0,3.249e+0,1.072e-18,3.543e-17,5.540e+0,6.929e-18
312.36,1.962e+2,1.319e-21,3.725e-10,4.147e-46,,5.850e-15,,3.162e-20,8.272e-17,,8.812e-16,5.695e-22,1.274e-31,2.191e-18,6.126e-22,1.046e-13,,4.505e-23,2.380e-42,6.051e-8,5.445e-19,7.705e-15,5.647e-19,1.262e+2,2.037e-27,7.632e-21,2.126e+1,7.292e-2,9.518e-2,3.660e+1,2.413e-20,2.719e-26,4.678e-21,2.456e-23,2.223e-20,,,,,,,,,,,3.829e-6,3.238e-18,,2.178e-21,,,,,,3.074e+0,4.405e+0,1.072e-18,3.548e-17,4.533e+0,6.932e-18
312.39,1.805e+2,1.321e-21,3.656e-10,4.149e-46,,7.869e-15,,3.158e-20,2.669e-17,,8.820e-16,5.713e-22,1.273e-31,2.196e-18,6.126e-22,1.215e-13,,3.069e-23,2.383e-42,1.237e-7,5.446e-19,6.068e-15,5.660e-19,1.104e+2,2.033e-27,7.097e-21,1.815e+1,7.056e-2,9.535e-2,3.873e+1,2.308e-20,2.718e-26,4.679e-21,2.458e-23,2.222e-20,,,,,,,,,,,1.841e-6,3.240e-18,,2.179e-21,,,,,,2.856e+0,6.853e+0,1.073e-18,3.555e-17,3.306e+0,6.935e-18
312.41,1.742e+2,1.323e-21,3.581e-10,4.150e-46,,9.539e-15,,3.156e-20,1.243e-17,,8.825e-16,5.726e-22,1.273e-31,2.200e-18,6.126e-22,1.329e-13,,4.293e-23,2.385e-42,1.972e-7,5.448e-19,5.124e-15,5.669e-19,1.030e+2,2.030e-27,6.741e-21,1.636e+1,6.895e-2,9.473e-2,4.019e+1,2.237e-20,2.717e-26,4.680e-21,2.459e-23,2.221e-20,,,,,,,,,,,1.119e-6,3.241e-18,,2.179e-21,,,,,,2.692e+0,9.112e+0,1.074e-18,3.560e-17,2.652e+0,6.937e-18
312.44,1.710e+2,1.325e-21,3.430e-10,4.152e-46,,1.262e-14,,3.152e-20,3.894e-18,,8.833e-16,5.744e-22,1.273e-31,2.205e-18,6.126e-22,1.499e-13,,1.097e-22,2.389e-42,3.915e-7,5.449e-19,3.918e-15,5.683e-19,9.634e+1,2.027e-27,6.206e-21,1.411e+1,6.650e-2,9.274e-2,4.232e+1,2.132e-20,2.716e-26,4.681e-21,2.460e-23,2.219e-20,,,,,,,,,,,5.224e-7,3.242e-18,,2.179e-21,,,,,,2.429e+0,1.377e+1,1.074e-18,3.568e-17,1.878e+0,6.941e-18
312.46,1.731e+2,1.326e-21,3.305e-10,4.154e-46,,1.510e-14,,3.150e-20,1.778e-18,,8.838e-16,5.756e-22,1.273e-31,2.208e-18,6.126e-22,1.609e-13,,2.191e-22,2.391e-42,6.124e-7,5.451e-19,3.244e-15,5.692e-19,9.476e+1,2.024e-27,5.850e-21,1.290e+1,6.487e-2,9.075e-2,4.363e+1,2.061e-20,2.716e-26,4.682e-21,2.461e-23,2.218e-20,,,,,,,,,,,3.113e-7,3.243e-18,,2.180e-21,,,,,,2.246e+0,1.795e+1,1.075e-18,3.573e-17,1.477e+0,6.943e-18
312.49,1.828e+2,1.328e-21,3.088e-10,4.156e-46,,1.955e-14,,3.146e-20,5.406e-19,,8.845e-16,5.774e-22,1.272e-31,2.213e-18,6.126e-22,1.762e-13,,6.194e-22,2.394e-42,1.181e-6,5.452e-19,2.409e-15,5.705e-19,9.649e+1,2.020e-27,5.315e-21,1.151e+1,6.246e-2,8.684e-2,4.530e+1,1.956e-20,2.715e-26,4.683e-21,2.462e-23,2.216e-20,,,,,,,,,,,1.411e-7,3.245e-18,,2.180e-21,,,,,,1.967e+0,2.634e+1,1.076e-18,3.580e-17,1.016e+0,6.947e-18
312.51,1.936e+2,1.329e-21,2.926e-10,4.157e-46,,2.304e-14,,3.143e-20,2.420e-19,,8.850e-16,5.787e-22,1.272e-31,2.217e-18,6.126e-22,1.854e-13,,1.229e-21,2.396e-42,1.811e-6,5.454e-19,1.956e-15,5.714e-19,1.002e+2,2.018e-27,4.959e-21,1.085e+1,6.090e-2,8.369e-2,4.616e+1,1.885e-20,2.714e-26,4.684e-21,2.463e-23,2.215e-20,,,,,,,,,,,8.243e-8,3.246e-18,,2.180e-21,,,,,,1.783e+0,3.368e+1,1.076e-18,3.585e-17,7.833e-1,6.949e-18
312.53,2.081e+2,1.331e-21,2.754e-10,4.158e-46,,2.699e-14,,3.141e-20,1.075e-19,,8.855e-16,5.799e-22,1.272e-31,2.220e-18,6.126e-22,1.936e-13,,2.421e-21,2.398e-42,2.757e-6,5.455e-19,1.576e-15,5.723e-19,1.059e+2,2.015e-27,4.602e-21,1.040e+1,5.939e-2,8.017e-2,4.679e+1,1.815e-20,2.713e-26,4.685e-21,2.464e-23,2.214e-20,,,,,,,,,,,4.778e-8,3.247e-18,,2.181e-21,,,,,,1.604e+0,4.273e+1,1.076e-18,3.590e-17,5.994e-1,6.951e-18
312.56,2.371e+2,1.333e-21,2.483e-10,4.160e-46,,3.377e-14,,3.137e-20,3.135e-20,,8.863e-16,5.817e-22,1.271e-31,2.225e-18,6.126e-22,2.035e-13,,6.596e-21,2.402e-42,5.103e-6,5.457e-19,1.122e-15,5.737e-19,1.178e+2,2.011e-27,4.068e-21,1.005e+1,5.722e-2,7.432e-2,4.723e+1,1.709e-20,2.712e-26,4.686e-21,2.465e-23,2.212e-20,,,,,,,,,,,2.077e-8,3.248e-18,,2.181e-21,,,,,,1.348e+0,6.017e+1,1.077e-18,3.598e-17,3.954e-1,6.954e-18
312.58,2.615e+2,1.334e-21,2.298e-10,4.162e-46,,3.887e-14,,3.135e-20,1.365e-20,,8.868e-16,5.830e-22,1.271e-31,2.228e-18,6.126e-22,2.083e-13,,1.274e-20,2.404e-42,7.619e-6,5.458e-19,8.866e-16,5.746e-19,1.278e+2,2.009e-27,3.711e-21,1.002e+1,5.585e-2,7.013e-2,4.716e+1,1.639e-20,2.712e-26,4.687e-21,2.466e-23,2.211e-20,,,,,,,,,,,1.181e-8,3.249e-18,,5.100e-21,,,,,,1.189e+0,7.487e+1,1.078e-18,3.603e-17,2.967e-1,6.957e-18
312.61,3.061e+2,1.336e-21,2.019e-10,4.164e-46,,4.737e-14,,3.131e-20,3.864e-21,,8.875e-16,5.848e-22,1.271e-31,2.233e-18,6.126e-22,2.126e-13,,3.373e-20,2.407e-42,1.370e-5,5.460e-19,6.133e-16,5.759e-19,1.457e+2,2.005e-27,3.177e-21,1.024e+1,5.392e-2,6.355e-2,4.654e+1,1.533e-20,2.711e-26,4.688e-21,2.468e-23,2.210e-20,,,,,,,,,,,4.983e-9,3.251e-18,,1.798e-20,,,,,,9.706e-1,1.024e+2,1.078e-18,3.610e-17,1.900e-1,6.960e-18
312.63,3.416e+2,1.337e-21,1.836e-10,4.165e-46,,5.356e-14,,3.129e-20,1.649e-21,,8.880e-16,5.860e-22,1.270e-31,2.237e-18,6.125e-22,2.135e-13,,6.391e-20,2.410e-42,2.005e-5,5.461e-19,4.750e-16,5.768e-19,1.593e+2,2.003e-27,2.820e-21,1.052e+1,5.272e-2,5.905e-2,4.579e+1,1.463e-20,2.710e-26,4.689e-21,2.469e-23,2.208e-20,,,,,,,,,,,2.776e-9,3.251e-18,,4.124e-20,,,,,,8.395e-1,1.249e+2,1.079e-18,3.615e-17,1.398e-1,6.962e-18
312.66,4.041e+2,1.339e-21,1.571e-10,4.167e-46,,6.349e-14,,3.125e-20,2.356e-22,,8.888e-16,5.878e-22,1.270e-31,2.242e-18,6.125e-22,2.116e-13,,1.643e-19,2.413e-42,3.501e-5,5.463e-19,3.190e-16,5.782e-19,1.819e+2,1.999e-27,1.005e-20,1.110e+1,5.108e-2,5.230e-2,4.421e+1,1.357e-20,2.709e-26,4.690e-21,2.470e-23,2.207e-20,,,,,,,,,,,1.138e-9,3.253e-18,,1.412e-19,,,,,,6.653e-1,1.660e+2,1.080e-18,3.623e-17,8.694e-2,6.966e-18
312.68,4.521e+2,1.341e-21,1.404e-10,4.168e-46,,7.046e-14,,3.122e-20,2.356e-22,,8.893e-16,5.891e-22,1.270e-31,2.245e-18,6.125e-22,2.083e-13,,3.054e-19,2.415e-42,5.027e-5,5.464e-19,2.423e-16,5.791e-19,1.983e+2,1.996e-27,2.322e-20,1.156e+1,5.010e-2,4.786e-2,4.292e+1,1.287e-20,2.708e-26,4.690e-21,2.471e-23,2.206e-20,,,,,,,,,,,6.215e-10,3.254e-18,,3.177e-19,,,,,,5.642e-1,1.986e+2,1.080e-18,3.628e-17,6.272e-2,6.968e-18
312.71,5.341e+2,1.343e-21,1.170e-10,4.170e-46,,8.121e-14,,3.119e-20,2.354e-22,,8.900e-16,5.909e-22,1.269e-31,2.250e-18,6.125e-22,2.005e-13,,7.625e-19,2.418e-42,8.525e-5,5.466e-19,1.580e-16,5.804e-19,2.243e+2,1.992e-27,8.040e-20,1.229e+1,4.886e-2,4.140e-2,4.071e+1,1.181e-20,2.707e-26,4.692e-21,2.472e-23,2.204e-20,,,,,,,,,,,2.472e-10,3.255e-18,,1.057e-18,,,,,,4.342e-1,2.562e+2,1.081e-18,3.635e-17,3.787e-2,6.972e-18
312.73,5.954e+2,1.344e-21,1.027e-10,4.171e-46,,8.843e-14,,3.116e-20,2.353e-22,,8.905e-16,5.921e-22,1.269e-31,2.253e-18,6.125e-22,1.936e-13,,1.390e-18,2.421e-42,1.200e-4,5.467e-19,1.177e-16,5.813e-19,2.424e+2,1.990e-27,1.822e-19,1.279e+1,4.821e-2,3.730e-2,3.913e+1,1.110e-20,2.707e-26,4.692e-21,2.473e-23,2.203e-20,,,,,,,,,,,1.324e-10,3.256e-18,,2.332e-18,,,,,,3.611e-1,3.006e+2,1.081e-18,3.640e-17,2.679e-2,6.974e-18
312.76,6.975e+2,1.346e-21,8.328e-11,4.173e-46,,9.907e-14,,3.113e-20,2.352e-22,,8.913e-16,5.940e-22,1.269e-31,2.259e-18,6.125e-22,1.810e-13,,3.372e-18,2.424e-42,1.977e-4,5.469e-19,7.450e-17,5.827e-19,2.703e+2,1.986e-27,6.129e-19,1.348e+1,4.756e-2,3.151e-2,3.675e+1,1.005e-20,2.706e-26,4.693e-21,2.475e-23,2.201e-20,,,,,,,,,,,5.113e-11,3.258e-18,,7.537e-18,,,,,,2.698e-1,3.766e+2,1.082e-18,3.648e-17,1.570e-2,6.977e-18
312.78,7.718e+2,1.347e-21,7.178e-11,4.175e-46,,1.058e-13,,3.110e-20,2.351e-22,,8.918e-16,5.952e-22,1.268e-31,2.262e-18,6.125e-22,1.714e-13,,6.028e-18,2.426e-42,2.731e-4,5.470e-19,5.440e-17,5.836e-19,2.890e+2,1.984e-27,1.362e-18,1.389e+1,4.739e-2,2.794e-2,3.522e+1,9.344e-21,2.705e-26,4.694e-21,2.475e-23,2.200e-20,,,,,,,,,,,2.685e-11,3.259e-18,,1.631e-17,,,,,,2.200e-1,4.334e+2,1.083e-18,3.653e-17,1.089e-2,6.979e-18
312.81,8.917e+2,1.349e-21,5.664e-11,4.177e-46,,1.152e-13,,3.106e-20,2.350e-22,,8.926e-16,5.970e-22,1.268e-31,2.267e-18,6.125e-22,1.556e-13,,1.420e-17,2.429e-42,4.368e-4,5.472e-19,3.344e-17,5.849e-19,3.167e+2,1.980e-27,4.452e-18,1.437e+1,4.763e-2,2.304e-2,3.314e+1,8.287e-21,2.704e-26,4.695e-21,2.477e-23,2.198e-20,,,,,,,,,,,1.007e-11,3.260e-18,,5.121e-17,,,,,,1.596e-1,5.273e+2,1.083e-18,3.660e-17,6.199e-3,6.983e-18
312.83,9.765e+2,1.351e-21,4.793e-11,4.178e-46,,1.208e-13,,3.104e-20,2.349e-22,,8.931e-16,5.982e-22,1.268e-31,2.270e-18,6.125e-22,1.446e-13,,2.491e-17,2.432e-42,5.917e-4,5.473e-19,2.394e-17,5.858e-19,3.346e+2,1.977e-27,9.708e-18,1.459e+1,4.815e-2,2.010e-2,3.198e+1,7.583e-21,2.703e-26,4.696e-21,2.478e-23,2.197e-20,,,,,,,,,,,5.182e-12,3.261e-18,,1.087e-16,,,,,,1.276e-1,5.951e+2,1.084e-18,3.665e-17,4.216e-3,6.985e-18
312.86,1.109e+3,1.353e-21,3.679e-11,4.180e-46,,1.278e-13,,3.100e-20,2.348e-22,,8.938e-16,6.001e-22,1.267e-31,2.275e-18,6.125e-22,1.276e-13,,5.701e-17,2.435e-42,9.194e-4,5.475e-19,1.429e-17,5.872e-19,3.601e+2,1.973e-27,3.081e-17,1.474e+1,4.957e-2,1.617e-2,3.065e+1,6.526e-21,2.702e-26,4.697e-21,2.479e-23,2.196e-20,,,,,,,,,,,1.886e-12,3.263e-18,,3.316e-16,,,,,,8.993e-2,7.031e+2,1.084e-18,3.673e-17,2.330e-3,6.989e-18
312.88,1.199e+3,1.354e-21,3.056e-11,4.181e-46,,1.314e-13,,3.098e-20,2.347e-22,,8.943e-16,6.013e-22,1.267e-31,2.279e-18,6.125e-22,1.163e-13,,9.806e-17,2.437e-42,1.221e-3,5.476e-19,1.003e-17,5.881e-19,3.758e+2,1.971e-27,6.591e-17,1.472e+1,5.097e-2,1.387e-2,3.008e+1,5.822e-21,2.702e-26,4.698e-21,2.480e-23,2.195e-20,,,,,,,,,,,9.520e-13,3.264e-18,,6.907e-16,,,,,,7.051e-2,7.782e+2,1.085e-18,3.678e-17,1.553e-3,6.991e-18
312.91,1.334e+3,1.356e-21,2.281e-11,4.183e-46,,1.351e-13,,3.094e-20,2.346e-22,,8.951e-16,6.031e-22,1.267e-31,2.284e-18,6.125e-22,9.989e-14,,2.180e-16,2.441e-42,1.843e-3,5.478e-19,5.815e-18,5.894e-19,3.967e+2,1.967e-27,2.032e-16,1.449e+1,5.379e-2,1.088e-2,2.977e+1,4.766e-21,2.701e-26,4.699e-21,2.481e-23,2.193e-20,,,,,,,,,,,3.364e-13,3.265e-18,,2.046e-15,,,,,,4.824e-2,8.930e+2,1.086e-18,3.686e-17,8.335e-4,6.994e-18
312.93,1.422e+3,1.357e-21,1.860e-11,4.185e-46,,1.364e-13,,3.092e-20,2.345e-22,,8.956e-16,6.044e-22,1.267e-31,2.287e-18,6.125e-22,8.949e-14,,3.678e-16,2.443e-42,2.401e-3,5.479e-19,4.003e-18,5.903e-19,4.085e+2,1.965e-27,4.264e-16,1.421e+1,5.616e-2,9.174e-3,2.993e+1,4.061e-21,2.700e-26,4.700e-21,2.482e-23,2.192e-20,,,,,,,,,,,1.665e-13,3.266e-18,,4.180e-15,,,,,,3.709e-2,9.692e+2,1.086e-18,3.691e-17,5.450e-4,6.997e-18
312.95,1.507e+3,1.359e-21,1.505e-11,4.186e-46,,1.366e-13,,3.089e-20,2.344e-22,,8.961e-16,6.056e-22,1.266e-31,2.290e-18,6.125e-22,7.967e-14,,6.157e-16,2.445e-42,3.105e-3,5.480e-19,2.734e-18,5.912e-19,4.184e+2,1.962e-27,8.877e-16,1.385e+1,5.891e-2,7.683e-3,3.037e+1,3.357e-21,2.699e-26,4.701e-21,2.483e-23,2.191e-20,,,,,,,,,,,8.172e-14,3.267e-18,,8.474e-15,,,,,,2.829e-2,1.044e+3,1.087e-18,3.696e-17,3.535e-4,6.999e-18
312.98,1.624e+3,1.361e-21,1.080e-11,4.188e-46,,1.352e-13,,3.085e-20,2.343e-22,,8.968e-16,6.074e-22,1.266e-31,2.295e-18,6.125e-22,6.625e-14,,1.314e-15,2.448e-42,4.498e-3,5.482e-19,1.520e-18,5.926e-19,4.292e+2,1.958e-27,2.629e-15,1.315e+1,6.369e-2,5.813e-3,3.154e+1,2.301e-21,2.698e-26,4.702e-21,2.485e-23,2.189e-20,,,,,,,,,,,2.770e-14,3.269e-18,,2.411e-14,,,,,,1.857e-2,1.150e+3,1.087e-18,3.703e-17,1.820e-4,7.002e-18
313,1.693e+3,1.362e-21,8.573e-12,4.189e-46,,1.330e-13,,3.083e-20,2.342e-22,,8.973e-16,6.086e-22,1.266e-31,2.299e-18,6.125e-22,5.828e-14,,2.158e-15,2.450e-42,5.704e-3,5.483e-19,1.018e-18,5.935e-19,4.334e+2,1.956e-27,5.368e-15,1.260e+1,6.725e-2,4.784e-3,3.262e+1,5.348e-21,2.698e-26,4.703e-21,2.485e-23,2.188e-20,,,,,,,,,,,1.333e-14,3.270e-18,,4.794e-14,,,,,,1.389e-2,1.214e+3,1.088e-18,3.708e-17,1.158e-4,7.005e-18
313.03,1.780e+3,1.364e-21,5.979e-12,4.191e-46,,1.283e-13,,3.079e-20,2.341e-22,,8.981e-16,6.105e-22,1.265e-31,2.304e-18,6.125e-22,4.792e-14,,4.474e-15,2.454e-42,8.027e-3,5.485e-19,5.498e-19,5.948e-19,4.350e+2,1.952e-27,1.544e-14,1.168e+1,7.300e-2,3.524e-3,3.459e+1,1.868e-20,2.697e-26,4.704e-21,2.487e-23,2.186e-20,,,,,,,,,,,4.388e-15,3.271e-18,,1.325e-13,,,,,,8.855e-3,1.299e+3,1.089e-18,3.716e-17,5.787e-5,7.008e-18
313.05,1.825e+3,1.365e-21,4.658e-12,4.193e-46,,1.241e-13,,3.077e-20,2.340e-22,,8.986e-16,6.117e-22,1.265e-31,2.307e-18,6.125e-22,4.210e-14,,7.205e-15,2.456e-42,9.983e-3,5.486e-19,3.610e-19,5.957e-19,4.328e+2,1.950e-27,3.093e-14,1.104e+1,7.700e-2,2.849e-3,3.607e+1,4.259e-20,2.696e-26,4.704e-21,2.488e-23,2.185e-20,,,,,,,,,,,2.071e-15,3.272e-18,,2.584e-13,,,,,,6.495e-3,1.345e+3,1.089e-18,3.721e-17,3.609e-5,7.010e-18
313.08,1.871e+3,1.367e-21,3.157e-12,4.195e-46,,1.169e-13,,3.073e-20,2.339e-22,,8.993e-16,6.135e-22,1.265e-31,2.312e-18,6.125e-22,3.501e-14,,1.451e-14,2.459e-42,1.365e-2,5.488e-19,1.893e-19,5.971e-19,4.246e+2,1.946e-27,8.643e-14,1.006e+1,8.305e-2,2.044e-3,3.843e+1,1.445e-19,2.695e-26,4.706e-21,2.489e-23,2.184e-20,,,,,,,,,,,6.615e-16,3.274e-18,,6.937e-13,,,,,,4.020e-3,1.397e+3,1.090e-18,3.728e-17,1.752e-5,7.014e-18
313.1,1.885e+3,1.368e-21,2.413e-12,4.196e-46,,1.115e-13,,3.071e-20,2.338e-22,,8.998e-16,6.148e-22,1.264e-31,2.316e-18,6.125e-22,3.136e-14,,2.292e-14,2.462e-42,1.665e-2,5.489e-19,1.219e-19,5.980e-19,4.160e+2,1.943e-27,1.698e-13,9.422e+0,8.697e-2,1.623e-3,4.001e+1,3.232e-19,2.694e-26,4.706e-21,2.490e-23,2.182e-20,,,,,,,,,,,3.061e-16,3.275e-18,,1.327e-12,,,,,,2.891e-3,1.419e+3,1.090e-18,3.733e-17,1.071e-5,7.016e-18
313.13,1.881e+3,1.370e-21,1.589e-12,4.198e-46,,1.030e-13,,3.067e-20,2.336e-22,,9.006e-16,6.166e-22,1.264e-31,2.321e-18,6.124e-22,2.744e-14,,4.484e-14,2.465e-42,2.211e-2,5.491e-19,6.204e-20,5.993e-19,3.985e+2,1.939e-27,4.610e-13,8.534e+0,9.244e-2,1.132e-3,4.225e+1,1.066e-18,2.693e-26,4.708e-21,2.491e-23,2.181e-20,,,,,,,,,,,9.493e-17,3.276e-18,,3.461e-12,,,,,,1.738e-3,1.432e+3,1.091e-18,3.741e-17,5.048e-6,7.019e-18
313.15,1.862e+3,1.372e-21,1.191e-12,4.199e-46,,9.720e-14,,3.064e-20,2.336e-22,,9.011e-16,6.178e-22,1.264e-31,2.324e-18,6.124e-22,2.581e-14,,6.947e-14,2.467e-42,2.646e-2,5.492e-19,3.916e-20,6.002e-19,3.841e+2,1.937e-27,8.886e-13,8.008e+0,9.566e-2,8.829e-4,4.358e+1,2.338e-18,2.692e-26,4.708e-21,2.492e-23,2.180e-20,,,,,,,,,,,4.307e-17,3.277e-18,,6.495e-12,,,,,,1.225e-3,1.426e+3,1.092e-18,3.746e-17,3.027e-6,7.022e-18
313.18,1.809e+3,1.374e-21,7.622e-13,4.201e-46,,8.865e-14,,3.061e-20,2.334e-22,,9.019e-16,6.196e-22,1.263e-31,2.329e-18,6.124e-22,2.474e-14,,1.320e-13,2.470e-42,3.415e-2,5.494e-19,1.936e-20,6.016e-19,3.590e+2,1.933e-27,2.343e-12,7.352e+0,9.963e-2,5.994e-4,4.521e+1,7.488e-18,2.691e-26,4.709e-21,2.494e-23,2.178e-20,,,,,,,,,,,1.297e-17,3.279e-18,,1.646e-11,,,,,,7.152e-4,1.397e+3,1.092e-18,3.753e-17,1.385e-6,7.025e-18
313.2,1.758e+3,1.375e-21,5.605e-13,4.203e-46,,8.320e-14,,3.058e-20,2.333e-22,,9.024e-16,6.209e-22,1.263e-31,2.332e-18,6.124e-22,2.487e-14,,2.006e-13,2.473e-42,4.010e-2,5.495e-19,1.198e-20,6.025e-19,3.402e+2,1.931e-27,4.430e-12,7.020e+0,1.016e-1,4.587e-4,4.600e+1,1.611e-17,2.691e-26,4.710e-21,2.494e-23,2.177e-20,,,,,,,,,,,5.767e-18,3.280e-18,,3.029e-11,,,,,,4.946e-4,1.365e+3,1.093e-18,3.758e-17,8.141e-7,7.027e-18
313.23,1.662e+3,1.377e-21,3.484e-13,4.204e-46,,7.566e-14,,3.055e-20,2.332e-22,,9.031e-16,6.227e-22,1.263e-31,2.337e-18,6.124e-22,2.619e-14,,3.703e-13,2.476e-42,5.030e-2,5.497e-19,5.751e-21,6.038e-19,3.099e+2,1.927e-27,1.135e-11,6.702e+0,1.033e-1,3.028e-4,4.663e+1,5.114e-17,2.690e-26,4.711e-21,2.496e-23,2.175e-20,,,,,,,,,,,1.686e-18,3.281e-18,,7.455e-11,,,,,,2.802e-4,1.299e+3,1.093e-18,3.766e-17,3.617e-7,7.031e-18
313.25,1.586e+3,1.378e-21,2.513e-13,4.206e-46,,7.114e-14,,3.052e-20,2.331e-22,,9.036e-16,6.239e-22,1.262e-31,2.341e-18,6.124e-22,2.776e-14,,5.519e-13,2.478e-42,5.796e-2,5.498e-19,3.491e-21,6.047e-19,2.887e+2,1.924e-27,2.105e-11,6.621e+0,1.036e-1,2.275e-4,4.666e+1,1.082e-16,2.689e-26,4.712e-21,2.497e-23,2.174e-20,,,,,,,,,,,7.351e-19,3.282e-18,,1.346e-10,,,,,,1.900e-4,1.244e+3,1.094e-18,3.771e-17,2.085e-7,7.033e-18
313.28,1.459e+3,1.380e-21,1.518e-13,4.208e-46,,6.525e-14,,3.048e-20,2.330e-22,,9.044e-16,6.258e-22,1.262e-31,2.346e-18,6.124e-22,3.098e-14,,9.896e-13,2.481e-42,7.070e-2,5.500e-19,1.627e-21,6.061e-19,2.562e+2,1.920e-27,5.238e-11,6.702e+0,1.027e-1,1.460e-4,4.609e+1,3.280e-16,2.688e-26,4.713e-21,2.498e-23,2.172e-20,,,,,,,,,,,2.086e-19,3.284e-18,,3.218e-10,,,,,,1.046e-4,1.150e+3,1.095e-18,3.778e-17,8.992e-8,7.036e-18
313.3,1.367e+3,1.382e-21,1.074e-13,4.209e-46,,6.195e-14,,3.046e-20,2.329e-22,,9.049e-16,6.270e-22,1.262e-31,2.349e-18,6.124e-22,3.361e-14,,1.447e-12,2.484e-42,7.997e-2,5.501e-19,9.681e-22,6.070e-19,2.344e+2,1.918e-27,9.528e-11,6.893e+0,1.011e-1,1.076e-4,4.530e+1,6.808e-16,2.687e-26,4.714e-21,2.499e-23,2.171e-20,,,,,,,,,,,8.917e-20,3.285e-18,,5.699e-10,,,,,,6.952e-5,1.080e+3,1.095e-18,3.783e-17,5.083e-8,7.039e-18
313.32,1.271e+3,1.383e-21,7.537e-14,4.210e-46,,5.914e-14,,3.043e-20,2.328e-22,,9.054e-16,6.282e-22,1.262e-31,2.353e-18,6.124e-22,3.656e-14,,2.098e-12,2.486e-42,8.981e-2,5.503e-19,5.717e-22,6.079e-19,2.130e+2,1.915e-27,1.720e-10,7.191e+0,9.892e-2,7.874e-5,4.420e+1,1.403e-15,2.687e-26,4.715e-21,2.500e-23,2.170e-20,,,,,,,,,,,8.895e-20,3.286e-18,,1.002e-9,,,,,,4.587e-5,1.007e+3,1.096e-18,3.788e-17,2.851e-8,7.041e-18
313.35,1.125e+3,1.385e-21,4.369e-14,4.212e-46,,5.582e-14,,3.040e-20,2.327e-22,,9.061e-16,6.300e-22,1.261e-31,2.358e-18,6.124e-22,4.141e-14,,3.612e-12,2.489e-42,1.055e-1,5.505e-19,2.556e-22,6.092e-19,1.820e+2,1.912e-27,4.110e-10,7.826e+0,9.435e-2,4.858e-5,4.200e+1,4.090e-15,2.686e-26,4.716e-21,2.501e-23,2.169e-20,,,,,,,,,,,8.861e-20,3.287e-18,,2.300e-9,,,,,,2.422e-5,8.930e+2,1.096e-18,3.796e-17,1.180e-8,7.044e-18
313.37,1.027e+3,1.386e-21,3.008e-14,4.214e-46,,5.413e-14,,3.037e-20,2.326e-22,,9.066e-16,6.313e-22,1.261e-31,2.361e-18,6.124e-22,4.483e-14,,5.139e-12,2.491e-42,1.164e-1,5.506e-19,1.480e-22,6.101e-19,1.624e+2,1.909e-27,7.277e-10,8.365e+0,9.057e-2,3.489e-5,4.021e+1,8.269e-15,2.685e-26,4.717e-21,2.502e-23,2.168e-20,,,,,,,,,,,8.839e-20,3.288e-18,,3.964e-9,,,,,,1.567e-5,8.163e+2,1.097e-18,3.801e-17,6.487e-9,7.047e-18
313.4,8.848e+2,1.388e-21,1.694e-14,4.216e-46,,5.227e-14,,3.034e-20,2.325e-22,,9.074e-16,6.331e-22,1.261e-31,2.366e-18,6.124e-22,5.004e-14,,8.594e-12,2.495e-42,1.332e-1,5.508e-19,6.425e-23,6.115e-19,1.350e+2,1.905e-27,1.690e-9,9.318e+0,8.400e-2,2.094e-5,3.713e+1,2.345e-14,2.684e-26,4.718e-21,2.504e-23,2.166e-20,,,,,,,,,,,8.805e-20,3.290e-18,,8.841e-9,,,,,,8.033e-6,7.031e+2,1.098e-18,3.808e-17,2.607e-9,7.050e-18
313.42,7.937e+2,1.390e-21,1.144e-14,4.217e-46,,5.138e-14,,3.031e-20,2.324e-22,,9.079e-16,6.343e-22,1.260e-31,2.369e-18,6.124e-22,5.346e-14,,1.199e-11,2.497e-42,1.446e-1,5.509e-19,3.648e-23,6.124e-19,1.182e+2,1.903e-27,2.934e-9,1.003e+1,7.913e-2,1.478e-5,3.488e+1,4.655e-14,2.683e-26,4.719e-21,2.504e-23,2.165e-20,,,,,,,,,,,8.783e-20,3.291e-18,,1.495e-8,,,,,,5.095e-6,6.303e+2,1.098e-18,3.813e-17,1.406e-9,7.052e-18
313.45,6.656e+2,1.392e-21,6.255e-15,4.219e-46,,5.039e-14,,3.027e-20,2.323e-22,,9.086e-16,6.362e-22,1.260e-31,2.374e-18,6.124e-22,5.829e-14,,1.948e-11,2.500e-42,1.616e-1,5.511e-19,1.538e-23,6.137e-19,9.561e+1,1.899e-27,6.618e-9,1.118e+1,7.132e-2,8.689e-6,3.130e+1,1.284e-13,2.682e-26,4.720e-21,2.506e-23,2.163e-20,,,,,,,,,,,8.750e-20,3.292e-18,,3.239e-8,,,,,,2.537e-6,5.273e+2,1.099e-18,3.821e-17,5.483e-10,7.056e-18
313.47,5.869e+2,1.393e-21,4.142e-15,4.220e-46,,4.986e-14,,3.025e-20,2.322e-22,,9.092e-16,6.374e-22,1.260e-31,2.378e-18,6.124e-22,6.122e-14,,2.666e-11,2.502e-42,1.728e-1,5.512e-19,8.560e-24,6.146e-19,8.222e+1,1.896e-27,1.127e-8,1.197e+1,6.592e-2,6.094e-6,2.884e+1,2.503e-13,2.682e-26,4.720e-21,2.507e-23,2.162e-20,,,,,,,,,,,8.727e-20,3.293e-18,,5.371e-8,,,,,,1.578e-6,4.636e+2,1.099e-18,3.826e-17,2.899e-10,7.058e-18
313.5,4.799e+2,1.395e-21,2.200e-15,4.222e-46,,4.911e-14,,3.021e-20,2.321e-22,,9.099e-16,6.392e-22,1.259e-31,2.383e-18,6.124e-22,6.499e-14,,4.207e-11,2.506e-42,1.891e-1,5.514e-19,3.503e-24,6.160e-19,6.469e+1,1.893e-27,2.470e-8,1.316e+1,5.774e-2,3.653e-6,2.516e+1,6.718e-13,2.681e-26,4.722e-21,2.508e-23,2.160e-20,,,,,,,,,,,8.694e-20,3.295e-18,,1.131e-7,,,,,,7.627e-7,3.766e+2,1.100e-18,3.833e-17,1.098e-10,7.061e-18
313.52,4.163e+2,1.396e-21,1.429e-15,4.224e-46,,4.855e-14,,3.019e-20,2.320e-22,,9.104e-16,6.404e-22,1.259e-31,2.386e-18,6.124e-22,6.700e-14,,5.647e-11,2.508e-42,1.997e-1,5.515e-19,1.912e-24,6.169e-19,5.465e+1,1.890e-27,4.127e-8,1.392e+1,5.236e-2,2.705e-6,2.275e+1,1.286e-12,2.680e-26,4.722e-21,2.509e-23,2.159e-20,,,,,,,,,,,8.671e-20,3.296e-18,,1.839e-7,,,,,,4.652e-7,3.247e+2,1.100e-18,3.838e-17,5.692e-11,7.064e-18
313.55,3.326e+2,1.398e-21,7.369e-16,4.226e-46,,4.749e-14,,3.015e-20,2.319e-22,,9.112e-16,6.423e-22,1.259e-31,2.391e-18,6.124e-22,6.915e-14,,8.656e-11,2.511e-42,2.150e-1,5.517e-19,7.600e-25,6.182e-19,4.192e+1,1.886e-27,8.786e-8,1.496e+1,4.456e-2,1.988e-6,1.930e+1,3.360e-12,2.679e-26,4.723e-21,2.510e-23,2.158e-20,,,,,,,,,,,8.638e-20,3.297e-18,,3.761e-7,,,,,,2.184e-7,2.562e+2,1.101e-18,3.846e-17,2.094e-11,7.067e-18
313.57,2.845e+2,1.400e-21,4.693e-16,4.227e-46,,4.659e-14,,3.013e-20,2.318e-22,,9.117e-16,6.435e-22,1.258e-31,2.395e-18,6.124e-22,6.994e-14,,1.140e-10,2.514e-42,2.248e-1,5.518e-19,4.068e-25,6.191e-19,3.488e+1,1.884e-27,1.440e-7,1.557e+1,3.964e-2,1.873e-6,1.716e+1,6.318e-12,2.678e-26,4.724e-21,2.511e-23,2.156e-20,,,,,,,,,,,8.616e-20,3.298e-18,,6.001e-7,,,,,,1.306e-7,2.166e+2,1.102e-18,3.851e-17,1.064e-11,7.069e-18
313.6,2.230e+2,1.402e-21,2.351e-16,4.229e-46,,4.488e-14,,3.009e-20,2.316e-22,,9.124e-16,6.453e-22,1.258e-31,2.400e-18,6.124e-22,7.013e-14,,1.697e-10,2.517e-42,2.392e-1,5.520e-19,1.569e-25,6.205e-19,2.628e+1,1.880e-27,2.978e-7,1.631e+1,3.278e-2,2.167e-6,1.421e+1,1.608e-11,2.677e-26,4.725e-21,2.513e-23,2.155e-20,,,,,,,,,,,8.582e-20,3.299e-18,,1.192e-6,,,,,,5.952e-8,1.660e+2,1.102e-18,3.859e-17,3.800e-12,7.073e-18
313.62,1.888e+2,1.403e-21,1.468e-16,4.230e-46,,4.349e-14,,3.006e-20,2.316e-22,,9.129e-16,6.466e-22,1.258e-31,2.403e-18,6.124e-22,6.958e-14,,2.191e-10,2.519e-42,2.487e-1,5.521e-19,8.237e-26,6.214e-19,2.173e+1,1.878e-27,4.787e-7,1.668e+1,2.860e-2,2.675e-6,1.246e+1,2.971e-11,2.677e-26,4.726e-21,2.513e-23,2.154e-20,,,,,,,,,,,8.560e-20,3.300e-18,,1.866e-6,,,,,,3.491e-8,1.376e+2,1.103e-18,3.864e-17,1.894e-12,7.075e-18
313.65,1.463e+2,1.405e-21,7.141e-17,4.232e-46,,4.103e-14,,3.003e-20,2.314e-22,,9.137e-16,6.484e-22,1.257e-31,2.408e-18,6.123e-22,6.777e-14,,3.169e-10,2.522e-42,2.632e-1,5.523e-19,3.086e-26,6.227e-19,1.649e+1,1.874e-27,9.617e-7,1.700e+1,2.298e-2,3.980e-6,1.017e+1,7.365e-11,2.676e-26,4.727e-21,2.515e-23,2.152e-20,,,,,,,,,,,8.526e-20,3.302e-18,,3.600e-6,,,,,,1.545e-8,1.024e+2,1.104e-18,3.871e-17,6.566e-13,7.078e-18
313.67,1.234e+2,1.406e-21,4.374e-17,4.234e-46,,3.916e-14,,3.000e-20,2.313e-22,,9.142e-16,6.496e-22,1.257e-31,2.411e-18,6.123e-22,6.595e-14,,4.013e-10,2.525e-42,2.731e-1,5.524e-19,1.588e-26,6.236e-19,1.393e+1,1.871e-27,1.517e-6,1.705e+1,1.967e-2,5.295e-6,8.895e+0,1.338e-10,2.675e-26,4.728e-21,2.516e-23,2.151e-20,,,,,,,,,,,8.504e-20,3.303e-18,,5.527e-6,,,,,,8.883e-9,8.327e+1,1.104e-18,3.876e-17,3.209e-13,7.081e-18
313.69,1.043e+2,1.408e-21,2.658e-17,4.235e-46,,3.713e-14,,2.998e-20,2.313e-22,,9.147e-16,6.508e-22,1.257e-31,2.415e-18,6.123e-22,6.368e-14,,5.044e-10,2.527e-42,2.836e-1,1.289e-18,8.107e-27,6.245e-19,1.207e+1,1.869e-27,2.373e-6,1.698e+1,1.671e-2,7.065e-6,7.818e+0,2.413e-10,2.674e-26,4.729e-21,2.517e-23,2.150e-20,,,,,,,,,,,8.481e-20,3.304e-18,,8.420e-6,,,,,,5.069e-9,6.718e+1,1.105e-18,3.881e-17,1.556e-13,7.083e-18
313.72,8.196e+1,1.410e-21,1.241e-17,4.237e-46,,3.385e-14,,2.994e-20,2.311e-22,,9.154e-16,6.527e-22,1.256e-31,2.420e-18,6.123e-22,5.954e-14,,7.004e-10,2.530e-42,3.004e-1,4.529e-18,2.914e-27,6.259e-19,1.044e+1,1.865e-27,4.578e-6,1.663e+1,1.289e-2,1.082e-5,6.594e+0,5.774e-10,2.673e-26,4.730e-21,2.518e-23,2.148e-20,,,,,,,,,,,8.448e-20,3.305e-18,,1.560e-5,,,,,,2.153e-9,4.798e+1,1.105e-18,3.889e-17,5.175e-14,7.086e-18
313.74,7.068e+1,1.411e-21,7.395e-18,4.238e-46,,3.154e-14,,2.992e-20,2.310e-22,,9.159e-16,6.539e-22,1.256e-31,2.423e-18,6.123e-22,5.639e-14,,8.634e-10,2.532e-42,3.126e-1,1.037e-17,1.459e-27,6.268e-19,1.010e+1,1.862e-27,7.026e-6,1.624e+1,1.074e-2,1.428e-5,6.044e+0,1.025e-9,2.673e-26,4.731e-21,2.519e-23,2.147e-20,,,,,,,,,,,8.426e-20,3.306e-18,,2.331e-5,,,,,,1.204e-9,3.797e+1,1.106e-18,3.894e-17,2.460e-14,7.089e-18
313.77,5.841e+1,1.413e-21,3.353e-18,4.240e-46,,2.800e-14,,2.988e-20,2.309e-22,,9.167e-16,6.557e-22,1.256e-31,2.428e-18,6.123e-22,5.122e-14,,1.165e-9,2.536e-42,3.327e-1,3.540e-17,5.093e-28,6.281e-19,1.065e+1,1.859e-27,1.317e-5,1.545e+1,8.054e-3,2.136e-5,5.633e+0,2.392e-9,2.672e-26,4.732e-21,2.520e-23,2.145e-20,,,,,,,,,,,8.392e-20,3.308e-18,,4.197e-5,,,,,,4.966e-10,2.634e+1,1.107e-18,3.901e-17,7.947e-15,7.092e-18
313.79,5.297e+1,1.414e-21,1.959e-18,4.241e-46,,2.563e-14,,2.985e-20,2.308e-22,,9.172e-16,6.570e-22,1.256e-31,2.432e-18,6.123e-22,4.757e-14,,1.408e-9,2.538e-42,3.472e-1,7.949e-17,2.500e-28,6.290e-19,1.173e+1,1.856e-27,1.982e-5,1.481e+1,6.586e-3,2.767e-5,5.646e+0,4.176e-9,2.671e-26,4.733e-21,2.521e-23,2.144e-20,,,,,,,,,,,8.370e-20,3.309e-18,,6.151e-5,,,,,,2.725e-10,2.044e+1,1.107e-18,3.906e-17,3.704e-15,7.094e-18
313.82,4.841e+1,1.416e-21,8.625e-19,4.243e-46,,2.214e-14,,2.982e-20,2.307e-22,,9.180e-16,6.588e-22,1.255e-31,2.437e-18,6.123e-22,4.197e-14,,1.845e-9,2.541e-42,3.707e-1,2.637e-16,8.472e-29,6.304e-19,1.447e+1,1.852e-27,3.609e-5,1.368e+1,4.803e-3,4.023e-5,6.119e+0,9.520e-9,2.670e-26,4.734e-21,2.523e-23,2.143e-20,,,,,,,,,,,8.336e-20,3.310e-18,,1.076e-4,,,,,,1.091e-10,1.377e+1,1.108e-18,3.914e-17,1.162e-15,7.098e-18
313.84,4.756e+1,1.417e-21,4.943e-19,4.245e-46,,1.990e-14,,2.979e-20,2.306e-22,,9.185e-16,6.600e-22,1.255e-31,2.440e-18,6.123e-22,3.824e-14,,2.188e-9,2.543e-42,3.873e-1,5.809e-16,4.078e-29,6.313e-19,1.708e+1,1.850e-27,5.330e-5,1.286e+1,3.859e-3,5.114e-5,6.756e+0,1.636e-8,2.669e-26,4.734e-21,2.523e-23,2.142e-20,,,,,,,,,,,8.314e-20,3.311e-18,,1.547e-4,,,,,,5.869e-11,1.048e+1,1.108e-18,3.919e-17,5.310e-16,7.100e-18
313.87,4.931e+1,1.419e-21,2.113e-19,4.247e-46,,1.672e-14,,2.976e-20,2.305e-22,,9.192e-16,6.618e-22,1.255e-31,2.445e-18,6.123e-22,3.278e-14,,2.784e-9,2.547e-42,4.132e-1,1.872e-15,1.342e-29,6.326e-19,2.227e+1,1.846e-27,9.427e-5,1.154e+1,2.749e-3,7.223e-5,8.231e+0,3.644e-8,2.668e-26,4.736e-21,2.525e-23,2.140e-20,,,,,,,,,,,8.280e-20,3.313e-18,,2.627e-4,,,,,,2.282e-11,6.853e+0,1.109e-18,3.926e-17,1.617e-16,7.103e-18
313.89,5.243e+1,1.421e-21,1.187e-19,4.248e-46,,1.476e-14,,2.973e-20,2.304e-22,,9.197e-16,6.631e-22,1.254e-31,2.448e-18,6.123e-22,2.931e-14,,3.238e-9,2.549e-42,4.307e-1,4.047e-15,6.333e-30,6.335e-19,2.666e+1,1.843e-27,1.366e-4,1.064e+1,2.182e-3,9.005e-5,9.586e+0,6.168e-8,2.668e-26,4.736e-21,2.526e-23,2.139e-20,,,,,,,,,,,8.258e-20,3.314e-18,,3.705e-4,,,,,,1.204e-11,5.114e+0,1.109e-18,3.931e-17,7.246e-17,7.106e-18
313.92,5.995e+1,1.423e-21,4.929e-20,4.250e-46,,1.207e-14,,2.969e-20,2.303e-22,,9.205e-16,6.649e-22,1.254e-31,2.453e-18,6.123e-22,2.444e-14,,4.003e-9,2.552e-42,4.565e-1,1.267e-14,2.023e-30,6.349e-19,3.475e+1,1.840e-27,2.346e-4,9.273e+0,1.545e-3,1.236e-4,1.222e+1,1.343e-7,2.666e-26,4.738e-21,2.527e-23,2.137e-20,,,,,,,,,,,8.225e-20,3.315e-18,,6.115e-4,,,,,,4.544e-12,3.249e+0,1.110e-18,3.939e-17,2.142e-17,7.109e-18
313.94,6.688e+1,1.424e-21,2.716e-20,4.251e-46,,1.046e-14,,2.967e-20,2.302e-22,,9.210e-16,6.661e-22,1.254e-31,2.457e-18,6.123e-22,2.146e-14,,4.567e-9,2.554e-42,4.728e-1,2.687e-14,9.364e-31,6.358e-19,4.123e+1,1.837e-27,3.334e-4,8.382e+0,1.241e-3,1.511e-4,1.441e+1,2.240e-7,2.666e-26,4.738e-21,2.528e-23,2.136e-20,,,,,,,,,,,8.202e-20,3.316e-18,,8.458e-4,,,,,,2.350e-12,2.378e+0,1.111e-18,3.944e-17,9.413e-18,7.111e-18
313.97,8.013e+1,1.426e-21,1.095e-20,4.253e-46,,8.323e-15,,2.963e-20,2.301e-22,,9.217e-16,6.680e-22,1.253e-31,2.462e-18,6.123e-22,1.746e-14,,5.484e-9,2.558e-42,4.949e-1,8.177e-14,2.905e-31,6.372e-19,5.269e+1,1.833e-27,5.565e-4,7.098e+0,9.353e-4,2.014e-4,1.838e+1,4.772e-7,2.665e-26,4.739e-21,2.529e-23,2.134e-20,,,,,,,,,,,8.169e-20,3.318e-18,,1.356e-3,,,,,,8.616e-13,1.467e+0,1.111e-18,3.951e-17,2.702e-18,7.115e-18
313.99,9.088e+1,1.427e-21,5.917e-21,4.255e-46,,7.086e-15,,2.961e-20,2.300e-22,,9.222e-16,6.692e-22,1.253e-31,2.465e-18,6.123e-22,1.511e-14,,6.136e-9,2.560e-42,5.074e-1,1.701e-13,1.318e-31,6.381e-19,6.152e+1,1.831e-27,7.755e-4,6.292e+0,8.201e-4,2.415e-4,2.150e+1,7.844e-7,2.664e-26,4.740e-21,2.530e-23,2.133e-20,,,,,,,,,,,8.146e-20,3.319e-18,,1.840e-3,,,,,,4.370e-13,1.053e+0,1.112e-18,3.956e-17,1.164e-18,7.117e-18
314.02,1.099e+2,1.429e-21,2.316e-21,4.257e-46,,5.499e-15,,2.957e-20,2.299e-22,,9.230e-16,6.710e-22,1.253e-31,2.470e-18,6.123e-22,1.210e-14,,7.157e-9,2.563e-42,5.220e-1,5.029e-13,3.970e-32,6.394e-19,7.662e+1,1.827e-27,1.258e-3,5.175e+0,7.692e-4,3.127e-4,2.690e+1,1.636e-6,2.663e-26,4.741e-21,2.532e-23,2.132e-20,,,,,,,,,,,8.113e-20,3.320e-18,,2.865e-3,,,,,,1.555e-13,6.310e-1,1.113e-18,3.964e-17,3.244e-19,7.120e-18
314.04,1.244e+2,1.431e-21,1.227e-21,4.258e-46,,4.608e-15,,2.955e-20,2.298e-22,,9.235e-16,6.722e-22,1.252e-31,2.474e-18,6.123e-22,1.042e-14,,7.855e-9,2.565e-42,5.283e-1,1.026e-12,1.766e-32,6.403e-19,8.789e+1,1.825e-27,1.719e-3,4.499e+0,8.161e-4,3.679e-4,3.098e+1,2.651e-6,2.662e-26,4.742e-21,2.532e-23,2.130e-20,,,,,,,,,,,8.091e-20,3.321e-18,,3.813e-3,,,,,,7.736e-14,4.441e-1,1.113e-18,3.969e-17,3.239e-19,7.123e-18
314.06,1.403e+2,1.432e-21,6.452e-22,4.259e-46,,3.840e-15,,2.952e-20,2.297e-22,,9.240e-16,6.735e-22,1.252e-31,2.477e-18,6.123e-22,9.004e-15,,8.554e-9,2.568e-42,5.316e-1,2.078e-12,7.798e-33,6.412e-19,1.001e+2,1.822e-27,2.332e-3,3.881e+0,9.316e-4,4.295e-4,3.544e+1,4.272e-6,2.662e-26,4.743e-21,2.533e-23,2.129e-20,,,,,,,,,,,8.068e-20,3.322e-18,,5.035e-3,,,,,,3.818e-14,3.102e-1,1.114e-18,3.974e-17,3.234e-19,7.125e-18
314.09,1.665e+2,1.434e-21,2.424e-22,4.261e-46,,2.900e-15,,2.948e-20,2.296e-22,,9.247e-16,6.753e-22,1.252e-31,2.482e-18,6.123e-22,7.371e-15,,9.580e-9,2.571e-42,5.304e-1,5.901e-12,2.254e-33,6.426e-19,1.200e+2,1.818e-27,3.632e-3,3.064e+0,1.251e-3,5.339e-4,4.275e+1,8.648e-6,2.661e-26,4.744e-21,2.535e-23,2.128e-20,,,,,,,,,,,8.035e-20,3.324e-18,,7.531e-3,,,,,,1.304e-14,1.784e-1,1.114e-18,3.981e-17,3.226e-19,7.128e-18
314.11,1.855e+2,1.435e-21,1.250e-22,4.263e-46,,2.399e-15,,2.946e-20,2.295e-22,,9.252e-16,6.765e-22,1.251e-31,2.485e-18,6.123e-22,6.598e-15,,1.023e-8,2.573e-42,5.254e-1,1.172e-11,9.756e-34,6.435e-19,1.342e+2,1.816e-27,4.832e-3,2.592e+0,1.578e-3,6.114e-4,4.799e+1,1.374e-5,2.660e-26,4.745e-21,2.536e-23,2.127e-20,,,,,,,,,,,8.012e-20,3.325e-18,,9.755e-3,,,,,,6.310e-15,1.222e-1,1.115e-18,3.986e-17,3.221e-19,7.131e-18
314.14,2.156e+2,1.437e-21,4.559e-23,4.265e-46,,1.814e-15,,2.942e-20,2.293e-22,,9.260e-16,6.784e-22,1.251e-31,2.490e-18,6.123e-22,5.900e-15,,1.113e-8,2.577e-42,5.115e-1,3.235e-11,2.738e-34,6.448e-19,1.567e+2,1.812e-27,7.310e-3,1.988e+0,2.283e-3,7.383e-4,5.628e+1,2.724e-5,2.659e-26,4.746e-21,2.537e-23,2.125e-20,,,,,,,,,,,7.979e-20,3.326e-18,,1.417e-2,,,,,,2.093e-15,6.824e-2,1.116e-18,3.994e-17,3.213e-19,7.134e-18
314.16,2.364e+2,1.439e-21,2.305e-23,4.266e-46,,1.521e-15,,2.940e-20,2.293e-22,,9.265e-16,6.796e-22,1.251e-31,2.494e-18,6.122e-22,5.738e-15,,1.166e-8,2.579e-42,4.982e-1,6.304e-11,2.740e-34,6.457e-19,1.722e+2,1.809e-27,9.540e-3,1.650e+0,2.930e-3,8.292e-4,6.199e+1,4.269e-5,2.658e-26,4.747e-21,2.538e-23,2.124e-20,,,,,,,,,,,7.956e-20,3.327e-18,,1.801e-2,,,,,,9.929e-16,4.584e-2,1.116e-18,3.999e-17,3.208e-19,7.136e-18
314.19,2.683e+2,1.441e-21,8.163e-24,4.268e-46,,1.209e-15,,2.936e-20,2.291e-22,,9.273e-16,6.814e-22,1.250e-31,2.499e-18,6.122e-22,5.947e-15,,1.232e-8,2.582e-42,4.726e-1,1.690e-10,2.743e-34,6.471e-19,1.959e+2,1.806e-27,1.402e-2,1.229e+0,4.232e-3,9.726e-4,7.063e+1,8.285e-5,2.657e-26,4.748e-21,2.539e-23,2.122e-20,,,,,,,,,,,7.923e-20,3.329e-18,,2.542e-2,,,,,,3.198e-16,2.486e-2,1.117e-18,4.007e-17,3.200e-19,7.140e-18
314.21,2.896e+2,1.442e-21,4.047e-24,4.269e-46,,1.078e-15,,2.934e-20,2.290e-22,,9.278e-16,6.826e-22,1.250e-31,2.502e-18,6.122e-22,6.388e-15,,1.266e-8,2.584e-42,4.523e-1,3.231e-10,2.745e-34,6.480e-19,2.118e+2,1.803e-27,1.795e-2,9.999e-1,5.372e-3,1.071e-3,7.632e+1,1.280e-4,2.657e-26,4.749e-21,2.540e-23,2.121e-20,,,,,,,,,,,7.901e-20,3.330e-18,,3.167e-2,,,,,,1.488e-16,1.638e-2,1.117e-18,4.012e-17,3.195e-19,7.142e-18
314.24,3.208e+2,1.444e-21,1.392e-24,4.271e-46,,9.857e-16,,2.930e-20,2.289e-22,,9.285e-16,6.845e-22,1.250e-31,2.507e-18,6.122e-22,7.512e-15,,1.300e-8,2.588e-42,4.179e-1,8.419e-10,2.749e-34,6.493e-19,2.351e+2,1.799e-27,2.563e-2,7.234e-1,7.589e-3,1.221e-3,8.447e+1,2.431e-4,2.656e-26,4.750e-21,2.542e-23,2.119e-20,,,,,,,,,,,7.867e-20,3.331e-18,,4.343e-2,,,,,,4.652e-17,8.627e-3,1.118e-18,4.019e-17,3.188e-19,7.145e-18
314.26,3.408e+2,1.445e-21,6.767e-25,4.273e-46,,9.903e-16,,2.927e-20,2.288e-22,,9.290e-16,6.857e-22,1.250e-31,2.511e-18,6.122e-22,8.576e-15,,1.310e-8,2.590e-42,3.929e-1,1.579e-9,2.751e-34,6.502e-19,2.502e+2,1.797e-27,3.218e-2,5.773e-1,9.468e-3,1.319e-3,8.952e+1,3.702e-4,2.655e-26,4.750e-21,2.542e-23,2.118e-20,,,,,,,,,,,7.845e-20,3.332e-18,,5.309e-2,,,,,,2.123e-17,5.573e-3,1.118e-18,4.024e-17,3.182e-19,7.148e-18
314.29,3.688e+2,1.447e-21,2.260e-25,4.274e-46,,1.094e-15,,2.924e-20,2.287e-22,,9.298e-16,6.875e-22,1.249e-31,2.516e-18,6.122e-22,1.066e-14,,1.306e-8,2.593e-42,3.538e-1,3.997e-9,2.754e-34,6.516e-19,2.717e+2,1.793e-27,4.463e-2,4.057e-1,1.301e-2,1.460e-3,9.626e+1,6.880e-4,2.654e-26,4.752e-21,2.544e-23,2.117e-20,,,,,,,,,,,7.811e-20,3.334e-18,,7.072e-2,,,,,,6.445e-18,2.851e-3,1.119e-18,4.032e-17,3.175e-19,7.151e-18
314.31,3.859e+2,1.449e-21,1.077e-25,4.276e-46,,1.231e-15,,2.921e-20,2.286e-22,,9.303e-16,6.888e-22,1.249e-31,2.519e-18,6.122e-22,1.238e-14,,1.291e-8,2.595e-42,3.273e-1,7.353e-9,2.756e-34,6.525e-19,2.850e+2,1.790e-27,5.497e-2,3.175e-1,1.593e-2,1.547e-3,1.001e+2,1.032e-3,2.653e-26,4.752e-21,2.545e-23,2.116e-20,,,,,,,,,,,7.789e-20,3.335e-18,,8.479e-2,,,,,,2.883e-18,1.806e-3,1.120e-18,4.037e-17,3.170e-19,7.153e-18
314.34,4.087e+2,1.451e-21,3.533e-26,4.278e-46,,1.542e-15,,2.918e-20,2.285e-22,,9.310e-16,6.906e-22,1.249e-31,2.524e-18,6.122e-22,1.546e-14,,1.250e-8,2.599e-42,2.880e-1,1.809e-8,2.760e-34,6.538e-19,3.035e+2,1.787e-27,7.407e-2,2.167e-1,2.128e-2,1.664e-3,1.045e+2,1.875e-3,2.652e-26,4.753e-21,2.546e-23,2.114e-20,,,,,,,,,,,7.755e-20,3.336e-18,,1.097e-1,,,,,,8.501e-19,8.974e-4,1.120e-18,4.044e-17,3.162e-19,7.157e-18
314.36,4.218e+2,1.452e-21,1.723e-26,4.279e-46,,1.827e-15,,2.915e-20,2.284e-22,,9.315e-16,6.918e-22,1.248e-31,2.527e-18,6.122e-22,1.785e-14,,1.212e-8,2.601e-42,2.629e-1,3.265e-8,2.762e-34,6.547e-19,3.146e+2,1.784e-27,8.949e-2,1.663e-1,2.557e-2,1.730e-3,1.066e+2,2.771e-3,2.652e-26,4.754e-21,2.547e-23,2.113e-20,,,,,,,,,,,7.733e-20,3.337e-18,,1.290e-1,,,,,,3.729e-19,5.575e-4,1.121e-18,4.049e-17,3.157e-19,7.159e-18
314.39,4.383e+2,1.454e-21,8.257e-27,4.281e-46,,2.385e-15,,2.911e-20,2.283e-22,,9.323e-16,6.937e-22,1.248e-31,2.532e-18,6.122e-22,2.192e-14,,1.140e-8,2.604e-42,2.278e-1,7.802e-8,2.765e-34,6.561e-19,3.296e+2,1.780e-27,1.171e-1,1.103e-1,3.320e-2,1.806e-3,1.081e+2,4.918e-3,2.651e-26,4.755e-21,2.548e-23,2.111e-20,,,,,,,,,,,7.700e-20,3.339e-18,,1.622e-1,,,,,,1.068e-19,2.690e-4,1.122e-18,4.057e-17,3.149e-19,7.163e-18
314.41,4.472e+2,1.455e-21,9.431e-27,4.282e-46,,2.853e-15,,2.909e-20,2.282e-22,,9.328e-16,6.949e-22,1.248e-31,2.536e-18,6.122e-22,2.494e-14,,1.084e-8,2.606e-42,2.068e-1,1.381e-7,2.767e-34,6.570e-19,3.384e+2,1.778e-27,1.388e-1,8.301e-2,3.913e-2,1.842e-3,1.081e+2,7.153e-3,2.650e-26,4.756e-21,2.549e-23,2.110e-20,,,,,,,,,,,7.677e-20,3.340e-18,,1.871e-1,,,,,,4.592e-20,1.639e-4,1.122e-18,4.062e-17,3.144e-19,7.165e-18
314.43,4.544e+2,1.457e-21,1.703e-26,4.284e-46,,3.407e-15,,2.906e-20,2.281e-22,,9.333e-16,6.961e-22,1.247e-31,2.539e-18,6.122e-22,2.818e-14,,1.023e-8,2.609e-42,1.881e-1,2.427e-7,2.769e-34,6.579e-19,3.465e+2,1.775e-27,1.633e-1,6.201e-2,4.577e-2,1.863e-3,1.073e+2,1.034e-2,2.649e-26,4.757e-21,2.550e-23,2.109e-20,,,,,,,,,,,7.655e-20,3.341e-18,,2.142e-1,,,,,,1.960e-20,9.906e-5,1.123e-18,4.067e-17,3.139e-19,7.167e-18
314.46,4.625e+2,1.459e-21,5.359e-26,4.286e-46,,4.414e-15,,2.903e-20,2.280e-22,,9.340e-16,6.979e-22,1.247e-31,2.544e-18,6.122e-22,3.339e-14,,9.243e-9,2.612e-42,1.651e-1,5.572e-7,2.773e-34,6.592e-19,3.572e+2,1.772e-27,2.052e-1,3.946e-2,5.708e-2,1.869e-3,1.045e+2,1.774e-2,2.648e-26,4.758e-21,2.551e-23,2.107e-20,,,,,,,,,,,7.621e-20,3.342e-18,,2.586e-1,,,,,,1.965e-20,4.588e-5,1.123e-18,4.074e-17,3.131e-19,7.170e-18
314.48,4.661e+2,1.460e-21,1.180e-25,4.287e-46,,5.213e-15,,2.900e-20,2.279e-22,,9.345e-16,6.992e-22,1.247e-31,2.548e-18,6.122e-22,3.704e-14,,8.554e-9,2.614e-42,1.535e-1,9.605e-7,2.775e-34,6.601e-19,3.636e+2,1.769e-27,2.367e-1,2.891e-2,6.551e-2,1.854e-3,1.018e+2,2.522e-2,2.648e-26,4.759e-21,2.552e-23,2.106e-20,,,,,,,,,,,7.599e-20,3.343e-18,,2.903e-1,,,,,,1.968e-20,2.720e-5,1.124e-18,4.079e-17,3.126e-19,7.173e-18
314.51,4.696e+2,1.462e-21,3.824e-25,4.289e-46,,6.616e-15,,2.897e-20,2.278e-22,,9.353e-16,7.010e-22,1.246e-31,2.553e-18,6.122e-22,4.267e-14,,7.505e-9,2.617e-42,1.424e-1,2.143e-6,2.778e-34,6.615e-19,3.724e+2,1.765e-27,2.891e-1,1.787e-2,7.940e-2,1.806e-3,9.632e+1,4.222e-2,2.647e-26,4.760e-21,2.554e-23,2.105e-20,,,,,,,,,,,7.566e-20,3.345e-18,,3.405e-1,,,,,,1.974e-20,1.223e-5,1.124e-18,4.087e-17,3.118e-19,7.176e-18
314.53,4.709e+2,1.463e-21,8.301e-25,4.290e-46,,7.693e-15,,2.894e-20,2.277e-22,,9.358e-16,7.022e-22,1.246e-31,2.556e-18,6.122e-22,4.645e-14,,6.813e-9,2.620e-42,1.395e-1,3.623e-6,2.780e-34,6.624e-19,3.779e+2,1.763e-27,3.271e-1,1.284e-2,8.941e-2,1.758e-3,9.198e+1,5.902e-2,2.646e-26,4.761e-21,2.555e-23,2.103e-20,,,,,,,,,,,7.543e-20,3.345e-18,,3.750e-1,,,,,,1.977e-20,7.112e-6,1.125e-18,4.092e-17,3.113e-19,7.178e-18
314.56,4.716e+2,1.465e-21,2.617e-24,4.292e-46,,9.527e-15,,2.890e-20,2.276e-22,,9.366e-16,7.041e-22,1.246e-31,2.561e-18,6.122e-22,5.200e-14,,5.806e-9,2.623e-42,1.424e-1,7.853e-6,2.784e-34,6.637e-19,3.858e+2,1.759e-27,3.880e-1,7.706e-3,1.053e-1,1.664e-3,8.461e+1,9.631e-2,2.645e-26,4.762e-21,2.556e-23,2.102e-20,,,,,,,,,,,7.510e-20,3.347e-18,,4.272e-1,,,,,,1.982e-20,3.107e-6,1.126e-18,4.099e-17,3.105e-19,7.182e-18
314.58,4.715e+2,1.467e-21,5.574e-24,4.294e-46,,1.089e-14,,2.888e-20,2.275e-22,,9.371e-16,7.053e-22,1.245e-31,2.564e-18,6.122e-22,5.552e-14,,5.169e-9,2.625e-42,1.494e-1,1.303e-5,2.786e-34,6.646e-19,3.909e+2,1.756e-27,4.307e-1,5.431e-3,1.164e-1,1.588e-3,7.927e+1,1.324e-1,2.644e-26,4.763e-21,2.557e-23,2.101e-20,,,,,,,,,,,7.487e-20,3.348e-18,,4.615e-1,,,,,,1.986e-20,1.771e-6,1.126e-18,4.104e-17,3.100e-19,7.184e-18
314.61,4.711e+2,1.469e-21,1.708e-23,4.296e-46,,1.314e-14,,2.884e-20,2.273e-22,,9.378e-16,7.071e-22,1.245e-31,2.569e-18,6.122e-22,6.039e-14,,4.280e-9,2.629e-42,1.680e-1,2.743e-5,2.789e-34,6.660e-19,3.986e+2,1.753e-27,4.965e-1,3.166e-3,1.333e-1,1.460e-3,7.090e+1,2.104e-1,2.643e-26,4.764e-21,2.558e-23,2.099e-20,,,,,,,,,,,7.454e-20,3.349e-18,,5.107e-1,,,,,,1.991e-20,7.514e-7,1.127e-18,4.112e-17,3.092e-19,7.188e-18
314.63,4.707e+2,1.470e-21,3.569e-23,4.297e-46,,1.476e-14,,2.882e-20,2.273e-22,,9.383e-16,7.083e-22,1.245e-31,2.573e-18,6.122e-22,6.325e-14,,3.737e-9,2.631e-42,1.858e-1,4.464e-5,2.791e-34,6.669e-19,4.038e+2,1.750e-27,5.406e-1,2.188e-3,1.446e-1,1.367e-3,6.522e+1,2.841e-1,2.643e-26,4.765e-21,2.559e-23,2.098e-20,,,,,,,,,,,7.431e-20,3.350e-18,,5.412e-1,,,,,,1.995e-20,4.201e-7,1.127e-18,4.117e-17,3.087e-19,7.190e-18
314.66,4.703e+2,1.472e-21,1.063e-22,4.299e-46,,1.733e-14,,2.878e-20,2.271e-22,,9.391e-16,7.102e-22,1.244e-31,2.578e-18,6.122e-22,6.683e-14,,3.005e-9,2.634e-42,2.209e-1,9.135e-5,2.795e-34,6.682e-19,4.115e+2,1.746e-27,6.054e-1,1.239e-3,1.610e-1,1.221e-3,5.679e+1,4.400e-1,2.642e-26,4.766e-21,2.561e-23,2.096e-20,,,,,,,,,,,7.398e-20,3.352e-18,,5.818e-1,,,,,,2.000e-20,1.731e-7,1.128e-18,4.124e-17,3.079e-19,7.193e-18
314.68,4.703e+2,1.473e-21,2.178e-22,4.300e-46,,1.911e-14,,2.876e-20,2.270e-22,,9.396e-16,7.114e-22,1.244e-31,2.581e-18,6.121e-22,6.866e-14,,2.574e-9,2.636e-42,2.499e-1,1.458e-4,2.797e-34,6.691e-19,4.166e+2,1.744e-27,6.468e-1,8.399e-4,1.713e-1,1.121e-3,5.136e+1,5.836e-1,2.641e-26,4.766e-21,2.561e-23,2.095e-20,,,,,,,,,,,7.376e-20,3.353e-18,,6.047e-1,,,,,,2.003e-20,9.490e-8,1.129e-18,4.129e-17,3.074e-19,7.195e-18
314.71,4.706e+2,1.475e-21,6.303e-22,4.302e-46,,2.183e-14,,2.872e-20,2.269e-22,,9.403e-16,7.132e-22,1.244e-31,2.586e-18,6.121e-22,7.047e-14,,2.011e-9,2.640e-42,3.016e-1,2.900e-4,2.800e-34,6.705e-19,4.242e+2,1.740e-27,7.040e-1,4.619e-4,1.855e-1,9.726e-4,4.369e+1,8.796e-1,2.640e-26,4.768e-21,2.563e-23,2.093e-20,,,,,,,,,,,7.342e-20,3.354e-18,,6.315e-1,,,,,,2.008e-20,3.797e-8,1.129e-18,4.137e-17,3.066e-19,7.199e-18
314.73,4.713e+2,1.476e-21,1.268e-21,4.304e-46,,2.363e-14,,2.869e-20,2.268e-22,,9.408e-16,7.144e-22,1.244e-31,2.590e-18,6.121e-22,7.102e-14,,1.689e-9,2.642e-42,3.412e-1,4.541e-4,2.802e-34,6.714e-19,4.292e+2,1.737e-27,7.379e-1,3.071e-4,1.939e-1,8.762e-4,3.898e+1,1.146e+0,2.639e-26,4.768e-21,2.564e-23,2.092e-20,,,,,,,,,,,7.320e-20,3.355e-18,,6.439e-1,,,,,,2.012e-20,2.042e-8,1.130e-18,4.142e-17,3.061e-19,7.201e-18
314.76,4.730e+2,1.478e-21,3.564e-21,4.306e-46,,2.624e-14,,2.866e-20,2.267e-22,,9.416e-16,7.163e-22,1.243e-31,2.595e-18,6.121e-22,7.082e-14,,1.282e-9,2.645e-42,4.078e-1,8.773e-4,2.806e-34,6.727e-19,4.366e+2,1.734e-27,7.809e-1,1.640e-4,2.043e-1,7.383e-4,3.264e+1,1.680e+0,2.638e-26,4.769e-21,2.565e-23,2.091e-20,,,,,,,,,,,7.286e-20,3.357e-18,,6.533e-1,,,,,,2.017e-20,7.933e-9,1.131e-18,4.149e-17,3.053e-19,7.205e-18
314.78,4.747e+2,1.480e-21,7.033e-21,4.307e-46,,2.788e-14,,2.863e-20,2.266e-22,,9.421e-16,7.175e-22,1.243e-31,2.598e-18,6.121e-22,7.001e-14,,1.056e-9,2.647e-42,4.563e-1,1.348e-3,2.808e-34,6.736e-19,4.414e+2,1.731e-27,8.034e-1,1.069e-4,2.096e-1,6.523e-4,2.895e+1,2.149e+0,2.637e-26,4.770e-21,2.566e-23,2.090e-20,,,,,,,,,,,7.264e-20,3.358e-18,,6.533e-1,,,,,,2.021e-20,4.183e-9,1.131e-18,4.154e-17,3.048e-19,7.207e-18
314.81,4.783e+2,1.482e-21,1.922e-20,1.517e-45,,3.010e-14,,2.860e-20,2.265e-22,,9.428e-16,7.193e-22,1.243e-31,2.603e-18,6.121e-22,6.782e-14,,7.784e-10,2.651e-42,5.340e-1,2.530e-3,2.811e-34,6.750e-19,4.488e+2,1.727e-27,8.271e-1,5.548e-5,2.150e-1,5.339e-4,2.427e+1,3.067e+0,2.636e-26,4.771e-21,2.567e-23,2.088e-20,,,,,,,,,,,7.230e-20,3.359e-18,,6.439e-1,,,,,,2.026e-20,1.579e-9,1.132e-18,4.162e-17,3.040e-19,7.210e-18
314.83,4.817e+2,1.483e-21,3.720e-20,3.479e-45,,3.137e-14,,2.857e-20,2.264e-22,,9.433e-16,7.206e-22,1.242e-31,2.606e-18,6.121e-22,6.576e-14,,6.290e-10,2.653e-42,5.882e-1,3.814e-3,2.813e-34,6.759e-19,4.538e+2,1.725e-27,8.359e-1,3.548e-5,2.168e-1,4.627e-4,2.174e+1,3.851e+0,2.636e-26,4.772e-21,2.568e-23,2.087e-20,,,,,,,,,,,7.208e-20,3.360e-18,,6.315e-1,,,,,,2.029e-20,8.164e-10,1.132e-18,4.167e-17,3.035e-19,7.213e-18
314.85,4.860e+2,1.484e-21,7.147e-20,7.919e-45,,3.246e-14,,2.855e-20,2.263e-22,,9.439e-16,7.218e-22,1.242e-31,2.610e-18,6.121e-22,6.328e-14,,5.044e-10,2.655e-42,6.432e-1,5.704e-3,2.816e-34,6.768e-19,4.592e+2,1.722e-27,8.389e-1,2.251e-5,2.170e-1,3.979e-4,1.969e+1,4.799e+0,2.635e-26,4.773e-21,2.569e-23,2.086e-20,,,,,,,,,,,7.186e-20,3.361e-18,,6.147e-1,,,,,,2.033e-20,4.189e-10,1.133e-18,4.172e-17,3.030e-19,7.215e-18
314.88,4.946e+2,1.486e-21,1.876e-19,2.680e-44,,3.367e-14,,2.851e-20,2.262e-22,,9.446e-16,7.236e-22,1.242e-31,2.615e-18,6.121e-22,5.889e-14,,3.570e-10,2.658e-42,7.258e-1,1.029e-2,2.819e-34,6.781e-19,4.681e+2,1.718e-27,8.331e-1,1.121e-5,2.147e-1,3.127e-4,1.750e+1,6.585e+0,2.634e-26,4.774e-21,2.570e-23,2.084e-20,,,,,,,,,,,7.152e-20,3.363e-18,,5.818e-1,,,,,,2.038e-20,1.517e-10,1.133e-18,4.180e-17,3.022e-19,7.218e-18
314.9,5.020e+2,1.488e-21,3.536e-19,5.985e-44,,3.417e-14,,2.848e-20,2.261e-22,,9.451e-16,7.248e-22,1.241e-31,2.618e-18,6.121e-22,5.560e-14,,2.808e-10,2.661e-42,7.794e-1,1.509e-2,2.821e-34,6.790e-19,4.749e+2,1.716e-27,8.228e-1,6.976e-6,2.113e-1,2.638e-4,1.662e+1,8.056e+0,2.633e-26,4.775e-21,2.571e-23,2.083e-20,,,,,,,,,,,7.130e-20,3.364e-18,,5.554e-1,,,,,,2.041e-20,7.635e-11,1.134e-18,4.185e-17,3.017e-19,7.220e-18
314.93,5.161e+2,1.490e-21,9.020e-19,1.969e-43,,3.445e-14,,2.845e-20,2.260e-22,,9.459e-16,7.267e-22,1.241e-31,2.623e-18,6.121e-22,5.029e-14,,1.930e-10,2.664e-42,8.552e-1,2.644e-2,2.824e-34,6.804e-19,4.868e+2,1.712e-27,7.991e-1,3.375e-6,2.039e-1,2.014e-4,1.616e+1,1.075e+1,2.632e-26,4.776e-21,2.573e-23,2.081e-20,,,,,,,,,,,7.096e-20,3.365e-18,,5.107e-1,,,,,,2.047e-20,2.686e-11,1.135e-18,4.192e-17,3.009e-19,7.224e-18
314.95,5.279e+2,1.491e-21,1.668e-18,4.313e-43,,3.430e-14,,2.842e-20,2.259e-22,,9.464e-16,7.279e-22,1.241e-31,2.626e-18,6.121e-22,4.660e-14,,1.489e-10,2.666e-42,9.012e-1,3.806e-2,2.827e-34,6.813e-19,4.962e+2,1.710e-27,7.788e-1,2.059e-6,1.975e-1,1.666e-4,1.640e+1,1.290e+1,2.632e-26,4.777e-21,2.574e-23,2.080e-20,,,,,,,,,,,7.074e-20,3.366e-18,,4.783e-1,,,,,,2.050e-20,1.325e-11,1.135e-18,4.197e-17,6.949e-19,7.226e-18
314.98,5.494e+2,1.493e-21,4.135e-18,1.379e-42,,3.360e-14,,2.839e-20,2.258e-22,,9.471e-16,7.297e-22,1.240e-31,2.632e-18,6.121e-22,4.102e-14,,9.942e-11,2.669e-42,9.612e-1,6.479e-2,2.830e-34,6.826e-19,5.127e+2,1.706e-27,7.439e-1,9.676e-7,1.862e-1,1.236e-4,1.755e+1,1.674e+1,2.631e-26,4.778e-21,2.575e-23,2.079e-20,,,,,,,,,,,7.041e-20,3.368e-18,,4.272e-1,,,,,,2.055e-20,4.528e-12,1.136e-18,4.205e-17,2.404e-18,7.230e-18
315,5.664e+2,1.494e-21,7.502e-18,2.964e-42,,3.282e-14,,2.836e-20,2.257e-22,,9.476e-16,7.310e-22,1.240e-31,2.635e-18,6.121e-22,3.735e-14,,7.522e-11,2.672e-42,9.939e-1,9.149e-2,2.832e-34,6.835e-19,5.255e+2,1.703e-27,7.189e-1,5.791e-7,1.777e-1,1.003e-4,1.883e+1,1.972e+1,2.630e-26,4.779e-21,2.576e-23,2.077e-20,,,,,,,,,,,7.018e-20,3.369e-18,,3.924e-1,,,,,,2.059e-20,2.191e-12,1.136e-18,4.210e-17,5.447e-18,7.232e-18
315.03,5.963e+2,1.496e-21,1.807e-17,9.209e-42,,3.124e-14,,2.832e-20,2.256e-22,,9.484e-16,7.328e-22,1.240e-31,2.640e-18,6.121e-22,3.206e-14,,4.879e-11,2.675e-42,1.030e+0,1.513e-1,2.835e-34,6.849e-19,5.476e+2,1.700e-27,6.814e-1,2.643e-7,1.640e-1,7.223e-5,2.149e+1,2.486e+1,2.629e-26,4.780e-21,2.577e-23,2.076e-20,,,,,,,,,,,6.985e-20,3.370e-18,,3.405e-1,,,,,,2.064e-20,7.269e-13,1.137e-18,4.217e-17,1.831e-17,7.235e-18
315.05,6.191e+2,1.498e-21,3.217e-17,1.942e-41,,2.993e-14,,2.830e-20,2.255e-22,,9.489e-16,7.340e-22,1.239e-31,2.643e-18,6.121e-22,2.876e-14,,3.621e-11,2.677e-42,1.045e+0,2.096e-1,2.838e-34,6.858e-19,5.642e+2,1.697e-27,6.579e-1,1.551e-7,1.544e-1,5.748e-5,2.375e+1,2.874e+1,2.628e-26,4.780e-21,2.578e-23,2.075e-20,,,,,,,,,,,6.962e-20,3.371e-18,,3.068e-1,,,,,,2.068e-20,3.450e-13,1.138e-18,4.222e-17,4.071e-17,7.238e-18
315.08,6.573e+2,1.500e-21,7.530e-17,5.865e-41,,2.768e-14,,2.826e-20,2.253e-22,,9.496e-16,7.359e-22,1.239e-31,2.648e-18,6.121e-22,2.423e-14,,2.281e-11,2.681e-42,1.053e+0,3.369e-1,2.841e-34,6.871e-19,5.918e+2,1.693e-27,6.273e-1,6.876e-8,1.399e-1,4.023e-5,2.786e+1,3.521e+1,2.627e-26,4.782e-21,2.580e-23,2.073e-20,,,,,,,,,,,6.929e-20,3.373e-18,,2.586e-1,,,,,,7.269e-20,1.112e-13,1.138e-18,4.230e-17,1.330e-16,7.241e-18
315.1,6.852e+2,1.501e-21,1.315e-16,1.214e-40,,2.602e-14,,2.824e-20,2.253e-22,,9.501e-16,7.371e-22,1.239e-31,2.652e-18,6.121e-22,2.154e-14,,1.660e-11,2.683e-42,1.048e+0,4.579e-1,2.843e-34,6.880e-19,6.117e+2,1.691e-27,6.113e-1,3.958e-8,1.302e-1,3.140e-5,3.107e+1,3.994e+1,2.627e-26,4.782e-21,2.580e-23,2.072e-20,,,,,,,,,,,6.906e-20,3.374e-18,,2.285e-1,,,,,,1.665e-19,5.173e-14,1.139e-18,4.235e-17,2.901e-16,7.243e-18
315.13,7.301e+2,1.503e-21,2.991e-16,3.561e-40,,2.337e-14,,2.820e-20,2.251e-22,,9.509e-16,7.389e-22,1.238e-31,2.657e-18,6.121e-22,1.807e-14,,1.016e-11,2.686e-42,1.025e+0,7.150e-1,2.846e-34,6.894e-19,6.432e+2,1.687e-27,5.954e-1,1.704e-8,1.162e-1,2.135e-5,3.661e+1,4.757e+1,2.626e-26,4.784e-21,2.582e-23,2.070e-20,,,,,,,,,,,6.873e-20,3.375e-18,,1.871e-1,,,,,,5.687e-19,1.619e-14,1.139e-18,4.242e-17,9.212e-16,7.247e-18
315.15,7.616e+2,1.504e-21,5.125e-16,7.230e-40,,2.155e-14,,2.818e-20,2.250e-22,,9.514e-16,7.401e-22,1.238e-31,2.660e-18,6.121e-22,1.615e-14,,7.255e-12,2.688e-42,1.001e+0,9.532e-1,2.848e-34,6.903e-19,6.650e+2,1.684e-27,5.912e-1,9.620e-9,1.072e-1,1.635e-5,4.079e+1,5.294e+1,2.625e-26,4.784e-21,2.583e-23,2.069e-20,,,,,,,,,,,6.851e-20,3.376e-18,,1.622e-1,,,,,,1.278e-18,7.389e-15,1.140e-18,4.247e-17,1.971e-15,7.249e-18
315.18,8.102e+2,1.506e-21,1.133e-15,2.062e-39,,1.881e-14,,2.814e-20,2.249e-22,,9.521e-16,7.420e-22,1.238e-31,2.665e-18,6.120e-22,1.390e-14,,4.313e-12,2.692e-42,9.523e-1,1.446e+0,2.852e-34,6.916e-19,6.979e+2,1.681e-27,5.951e-1,4.022e-9,9.457e-2,1.079e-5,4.779e+1,6.127e+1,2.624e-26,4.785e-21,2.584e-23,2.067e-20,,,,,,,,,,,6.817e-20,3.378e-18,,1.290e-1,,,,,,4.244e-18,2.245e-15,1.141e-18,4.255e-17,6.084e-15,7.252e-18
315.2,8.429e+2,1.508e-21,1.905e-15,4.107e-39,,1.701e-14,,2.811e-20,2.248e-22,,9.527e-16,7.432e-22,1.238e-31,2.669e-18,6.120e-22,1.282e-14,,3.020e-12,2.694e-42,9.123e-1,1.892e+0,2.854e-34,6.925e-19,7.194e+2,1.678e-27,6.047e-1,2.227e-9,8.677e-2,8.106e-6,5.296e+1,6.689e+1,2.623e-26,4.786e-21,2.585e-23,2.066e-20,,,,,,,,,,,6.795e-20,3.379e-18,,1.097e-1,,,,,,9.356e-18,1.005e-15,1.141e-18,4.260e-17,1.277e-14,7.255e-18
315.22,8.753e+2,1.509e-21,3.177e-15,8.119e-39,,1.527e-14,,2.809e-20,2.247e-22,,9.532e-16,7.444e-22,1.237e-31,2.672e-18,6.120e-22,1.207e-14,,2.098e-12,2.696e-42,8.673e-1,2.455e+0,2.856e-34,6.934e-19,7.402e+2,1.676e-27,6.198e-1,1.224e-9,7.952e-2,6.041e-6,5.854e+1,7.248e+1,2.623e-26,4.787e-21,2.586e-23,2.065e-20,,,,,,,,,,,6.772e-20,3.380e-18,,9.258e-2,,,,,,2.047e-17,4.463e-16,1.142e-18,4.265e-17,2.662e-14,7.257e-18
315.25,9.225e+2,1.511e-21,6.748e-15,2.225e-38,,1.280e-14,,2.805e-20,2.246e-22,,9.539e-16,7.463e-22,1.237e-31,2.677e-18,6.120e-22,1.160e-14,,1.198e-12,2.699e-42,7.924e-1,3.578e+0,2.859e-34,6.948e-19,7.691e+2,1.672e-27,6.519e-1,4.912e-10,6.971e-2,3.830e-6,6.769e+1,8.059e+1,2.622e-26,4.788e-21,2.587e-23,2.064e-20,,,,,,,,,,,6.739e-20,3.381e-18,,7.072e-2,,,,,,6.532e-17,1.302e-16,1.142e-18,4.272e-17,7.894e-14,7.260e-18
315.27,9.523e+2,1.512e-21,1.104e-14,4.315e-38,,1.127e-14,,2.803e-20,2.245e-22,,9.544e-16,7.475e-22,1.237e-31,2.680e-18,6.120e-22,1.171e-14,,8.161e-13,2.702e-42,7.391e-1,4.556e+0,2.862e-34,6.957e-19,7.863e+2,1.669e-27,6.788e-1,2.647e-10,6.389e-2,2.800e-6,7.432e+1,8.567e+1,2.621e-26,4.789e-21,2.588e-23,2.063e-20,,,,,,,,,,,6.717e-20,3.382e-18,,5.853e-2,,,,,,1.402e-16,5.670e-17,1.143e-18,4.277e-17,1.614e-13,7.263e-18
315.3,9.936e+2,1.514e-21,2.279e-14,1.149e-37,,9.175e-15,,2.799e-20,2.244e-22,,9.552e-16,7.493e-22,1.236e-31,2.685e-18,6.120e-22,1.253e-14,,4.525e-13,2.705e-42,6.563e-1,6.452e+0,2.865e-34,6.970e-19,8.081e+2,1.665e-27,7.256e-1,1.032e-10,5.622e-2,1.724e-6,8.505e+1,9.255e+1,2.620e-26,4.790e-21,2.590e-23,2.061e-20,,,,,,,,,,,6.683e-20,3.384e-18,,4.343e-2,,,,,,4.348e-16,1.606e-17,1.144e-18,4.285e-17,4.651e-13,7.266e-18
315.32,1.018e+3,1.516e-21,3.660e-14,2.187e-37,,7.924e-15,,2.797e-20,2.243e-22,,9.557e-16,7.505e-22,1.236e-31,2.689e-18,6.120e-22,1.350e-14,,3.025e-13,2.707e-42,6.005e-1,8.059e+0,2.867e-34,6.979e-19,8.196e+2,1.663e-27,7.598e-1,5.453e-11,5.180e-2,1.236e-6,9.272e+1,9.652e+1,2.619e-26,4.791e-21,2.590e-23,2.060e-20,,,,,,,,,,,6.661e-20,3.385e-18,,3.526e-2,,,,,,9.159e-16,1.605e-17,1.144e-18,4.290e-17,9.330e-13,7.268e-18
315.35,1.051e+3,1.518e-21,7.341e-14,5.659e-37,,6.268e-15,,2.793e-20,2.242e-22,,9.564e-16,7.524e-22,1.236e-31,2.694e-18,6.120e-22,1.561e-14,,1.629e-13,2.710e-42,5.182e-1,1.109e+1,2.870e-34,6.993e-19,8.318e+2,1.659e-27,8.129e-1,2.065e-11,4.615e-2,7.397e-7,1.049e+2,1.013e+2,2.618e-26,4.792e-21,2.592e-23,2.058e-20,,,,,,,,,,,6.627e-20,3.386e-18,,2.542e-2,,,,,,2.761e-15,1.604e-17,1.145e-18,4.297e-17,2.613e-12,7.272e-18
315.37,1.069e+3,1.519e-21,1.157e-13,1.057e-36,,5.310e-15,,2.790e-20,2.241e-22,,9.569e-16,7.536e-22,1.235e-31,2.697e-18,6.120e-22,1.747e-14,,1.068e-13,2.713e-42,4.652e-1,1.359e+1,2.873e-34,7.002e-19,8.364e+2,1.657e-27,8.480e-1,1.070e-11,4.301e-2,5.201e-7,1.135e+2,1.037e+2,2.618e-26,4.793e-21,2.593e-23,2.057e-20,,,,,,,,,,,6.605e-20,3.387e-18,,2.024e-2,,,,,,5.705e-15,1.603e-17,1.145e-18,4.302e-17,5.143e-12,7.274e-18
315.4,1.090e+3,1.521e-21,2.254e-13,2.657e-36,,4.081e-15,,2.787e-20,2.240e-22,,9.577e-16,7.554e-22,1.235e-31,2.702e-18,6.120e-22,2.098e-14,,5.587e-14,2.716e-42,3.901e-1,1.817e+1,2.876e-34,7.015e-19,8.379e+2,1.653e-27,8.974e-1,3.936e-12,3.918e-2,3.023e-7,1.269e+2,1.057e+2,2.617e-26,4.794e-21,2.594e-23,2.055e-20,,,,,,,,,,,6.571e-20,3.389e-18,,1.417e-2,,,,,,1.671e-14,1.602e-17,1.146e-18,4.310e-17,1.400e-11,7.277e-18
315.42,1.101e+3,1.522e-21,3.484e-13,4.868e-36,,3.391e-15,,2.784e-20,2.239e-22,,9.582e-16,7.566e-22,1.235e-31,2.705e-18,6.120e-22,2.382e-14,,3.592e-14,2.718e-42,3.435e-1,2.184e+1,2.878e-34,7.024e-19,8.354e+2,1.650e-27,9.265e-1,2.001e-12,3.718e-2,2.085e-7,1.361e+2,1.061e+2,2.616e-26,4.795e-21,2.595e-23,2.054e-20,,,,,,,,,,,6.549e-20,3.390e-18,,1.107e-2,,,,,,3.389e-14,1.601e-17,1.147e-18,4.315e-17,2.704e-11,7.280e-18
315.45,1.112e+3,1.524e-21,6.601e-13,1.190e-35,,2.532e-15,,2.781e-20,2.238e-22,,9.589e-16,7.585e-22,1.234e-31,2.711e-18,6.120e-22,2.892e-14,,1.826e-14,2.721e-42,2.799e-1,2.837e+1,2.881e-34,7.038e-19,8.271e+2,1.647e-27,9.622e-1,7.146e-13,3.498e-2,1.177e-7,1.502e+2,1.052e+2,2.615e-26,4.796e-21,2.596e-23,2.053e-20,,,,,,,,,,,6.516e-20,3.391e-18,,7.531e-3,,,,,,9.648e-14,1.600e-17,1.147e-18,4.323e-17,7.153e-11,7.283e-18
315.47,1.117e+3,1.525e-21,1.001e-12,2.139e-35,,2.064e-15,,2.778e-20,2.237e-22,,9.594e-16,7.597e-22,1.234e-31,2.714e-18,6.120e-22,3.294e-14,,1.151e-14,2.724e-42,2.419e-1,3.346e+1,2.884e-34,7.047e-19,8.189e+2,1.644e-27,9.794e-1,3.563e-13,3.402e-2,7.963e-8,1.596e+2,1.036e+2,2.614e-26,4.796e-21,2.597e-23,2.051e-20,,,,,,,,,,,6.493e-20,3.392e-18,,5.770e-3,,,,,,1.920e-13,1.599e-17,1.148e-18,4.328e-17,1.355e-10,7.285e-18
315.5,1.121e+3,1.527e-21,1.843e-12,5.081e-35,,1.497e-15,,2.774e-20,2.236e-22,,9.602e-16,7.615e-22,1.234e-31,2.719e-18,6.120e-22,4.005e-14,,5.683e-15,2.727e-42,1.916e-1,4.223e+1,2.887e-34,7.060e-19,8.040e+2,1.640e-27,9.937e-1,1.236e-13,3.333e-2,4.367e-8,1.734e+2,9.973e+1,2.613e-26,4.798e-21,2.599e-23,2.050e-20,,,,,,,,,,,6.460e-20,3.393e-18,,3.813e-3,,,,,,5.311e-13,1.598e-17,1.148e-18,4.335e-17,3.485e-10,7.289e-18
315.52,1.122e+3,1.529e-21,2.742e-12,8.959e-35,,1.198e-15,,2.772e-20,2.235e-22,,9.607e-16,7.628e-22,1.233e-31,2.722e-18,6.120e-22,4.561e-14,,3.515e-15,2.729e-42,1.624e-1,4.885e+1,2.889e-34,7.070e-19,7.932e+2,1.638e-27,9.949e-1,6.043e-14,3.336e-2,2.898e-8,1.824e+2,9.632e+1,2.612e-26,4.798e-21,2.599e-23,2.049e-20,,,,,,,,,,,6.437e-20,3.394e-18,,2.865e-3,,,,,,1.037e-12,1.597e-17,1.149e-18,4.340e-17,6.478e-10,7.291e-18
315.55,1.124e+3,1.531e-21,4.906e-12,2.068e-34,,8.449e-16,,2.768e-20,2.233e-22,,9.615e-16,7.646e-22,1.233e-31,2.727e-18,6.120e-22,5.541e-14,,1.686e-15,2.732e-42,1.250e-1,5.992e+1,2.892e-34,7.083e-19,7.776e+2,1.634e-27,9.839e-1,2.036e-14,3.416e-2,1.544e-8,1.952e+2,9.012e+1,2.611e-26,4.799e-21,2.601e-23,2.047e-20,,,,,,,,,,,6.404e-20,3.396e-18,,1.840e-3,,,,,,2.788e-12,1.595e-17,1.150e-18,4.348e-17,1.619e-9,7.294e-18
315.57,1.126e+3,1.532e-21,7.161e-12,3.579e-34,,6.636e-16,,2.766e-20,2.233e-22,,9.620e-16,7.658e-22,1.233e-31,2.731e-18,6.120e-22,6.308e-14,,1.023e-15,2.735e-42,1.040e-1,6.800e+1,2.895e-34,7.092e-19,7.690e+2,1.631e-27,9.681e-1,9.764e-15,3.520e-2,1.005e-8,2.030e+2,8.539e+1,2.611e-26,4.800e-21,2.602e-23,2.046e-20,,,,,,,,,,,6.381e-20,3.397e-18,,1.356e-3,,,,,,5.341e-12,1.595e-17,1.150e-18,4.353e-17,2.953e-9,7.297e-18
315.59,1.131e+3,1.533e-21,1.038e-11,6.145e-34,,5.178e-16,,2.763e-20,2.232e-22,,9.625e-16,7.670e-22,1.233e-31,2.734e-18,6.120e-22,7.181e-14,,6.157e-16,2.737e-42,8.583e-2,7.659e+1,2.897e-34,7.101e-19,7.629e+2,1.629e-27,9.458e-1,4.646e-15,3.665e-2,6.489e-9,2.103e+2,8.029e+1,2.610e-26,4.801e-21,2.603e-23,2.045e-20,,,,,,,,,,,6.359e-20,3.398e-18,,9.918e-4,,,,,,1.015e-11,1.594e-17,1.151e-18,4.358e-17,5.345e-9,7.299e-18
315.62,1.144e+3,1.535e-21,1.784e-11,1.363e-33,,3.531e-16,,2.760e-20,2.230e-22,,9.632e-16,7.689e-22,1.232e-31,2.739e-18,6.120e-22,8.723e-14,,2.834e-16,2.740e-42,6.346e-2,9.023e+1,2.900e-34,7.115e-19,7.610e+2,1.625e-27,9.012e-1,1.503e-15,3.963e-2,3.319e-9,2.198e+2,7.215e+1,2.609e-26,4.802e-21,2.604e-23,2.043e-20,,,,,,,,,,,6.326e-20,3.399e-18,,6.115e-4,,,,,,2.623e-11,1.592e-17,1.151e-18,4.365e-17,1.283e-8,7.302e-18
315.64,1.159e+3,1.537e-21,2.535e-11,2.296e-33,,2.723e-16,,2.757e-20,2.230e-22,,9.637e-16,7.701e-22,1.232e-31,2.742e-18,6.120e-22,9.929e-14,,1.674e-16,2.742e-42,5.140e-2,9.969e+1,2.902e-34,7.124e-19,7.664e+2,1.623e-27,8.652e-1,7.013e-16,4.217e-2,2.102e-9,2.252e+2,6.655e+1,2.608e-26,4.803e-21,2.605e-23,2.042e-20,,,,,,,,,,,6.303e-20,3.400e-18,,4.387e-4,,,,,,4.893e-11,1.592e-17,1.152e-18,4.370e-17,2.279e-8,7.305e-18
315.67,1.192e+3,1.539e-21,4.236e-11,4.950e-33,,1.844e-16,,2.753e-20,2.228e-22,,9.645e-16,7.719e-22,1.232e-31,2.747e-18,6.120e-22,1.205e-13,,7.484e-17,2.746e-42,3.693e-2,1.141e+2,2.906e-34,7.137e-19,7.874e+2,1.619e-27,8.036e-1,2.203e-16,4.683e-2,1.045e-9,2.315e+2,5.811e+1,2.607e-26,4.804e-21,2.606e-23,2.040e-20,,,,,,,,,,,6.270e-20,3.402e-18,,2.627e-4,,,,,,1.229e-10,1.590e-17,1.153e-18,4.378e-17,5.319e-8,7.308e-18
315.69,1.224e+3,1.540e-21,5.909e-11,8.183e-33,,1.434e-16,,2.751e-20,2.227e-22,,9.650e-16,7.732e-22,1.231e-31,2.751e-18,6.119e-22,1.369e-13,,4.334e-17,2.748e-42,2.935e-2,1.237e+2,2.908e-34,7.146e-19,8.120e+2,1.616e-27,7.590e-1,1.008e-16,5.050e-2,6.490e-10,2.346e+2,5.258e+1,2.607e-26,4.805e-21,2.607e-23,2.039e-20,,,,,,,,,,,6.247e-20,3.403e-18,,1.849e-4,,,,,,2.249e-10,1.589e-17,1.153e-18,4.383e-17,9.268e-8,7.310e-18
315.72,1.288e+3,1.542e-21,9.596e-11,1.714e-32,,1.019e-16,,2.747e-20,2.226e-22,,9.657e-16,7.750e-22,1.231e-31,2.756e-18,6.119e-22,1.655e-13,,1.883e-17,2.751e-42,2.050e-2,1.376e+2,2.911e-34,7.160e-19,8.676e+2,1.612e-27,6.891e-1,3.077e-17,5.684e-2,3.133e-10,2.375e+2,4.460e+1,2.606e-26,4.806e-21,2.609e-23,2.038e-20,2.206e-19,,,,,,,,,,6.214e-20,3.404e-18,,1.076e-4,,,,,,5.488e-10,1.588e-17,1.154e-18,4.390e-17,2.102e-7,7.314e-18
315.74,1.344e+3,1.543e-21,1.313e-10,2.780e-32,,8.480e-17,,2.745e-20,2.225e-22,,9.662e-16,7.762e-22,1.231e-31,2.759e-18,6.119e-22,1.874e-13,,1.070e-17,2.754e-42,1.598e-2,1.463e+2,2.913e-34,7.169e-19,9.187e+2,1.610e-27,6.422e-1,1.381e-17,6.161e-2,1.909e-10,2.383e+2,3.959e+1,2.605e-26,4.807e-21,2.609e-23,2.037e-20,5.092e-19,,,,,,,,,,6.192e-20,3.405e-18,,7.426e-5,,,,,,9.855e-10,1.587e-17,1.154e-18,4.395e-17,3.594e-7,7.316e-18
315.77,1.448e+3,1.545e-21,2.073e-10,5.661e-32,,7.131e-17,,2.741e-20,2.224e-22,,9.670e-16,7.781e-22,1.230e-31,2.764e-18,6.119e-22,2.247e-13,,4.513e-18,2.757e-42,1.085e-2,1.581e+2,2.917e-34,7.182e-19,1.019e+3,1.606e-27,5.739e-1,4.093e-18,6.948e-2,8.951e-11,2.379e+2,3.263e+1,2.604e-26,4.808e-21,2.611e-23,2.035e-20,1.760e-18,,,,,,,,,,6.158e-20,3.407e-18,,4.197e-5,,,,,,2.338e-9,1.586e-17,1.155e-18,4.403e-17,7.921e-7,7.319e-18
315.79,1.533e+3,1.547e-21,2.784e-10,9.007e-32,,6.899e-17,,2.739e-20,2.223e-22,,9.675e-16,7.793e-22,1.230e-31,2.768e-18,6.119e-22,2.526e-13,,2.514e-18,2.759e-42,8.297e-3,1.649e+2,2.919e-34,7.191e-19,1.102e+3,1.604e-27,5.312e-1,1.802e-18,7.515e-2,5.350e-11,2.367e+2,2.841e+1,2.603e-26,4.809e-21,2.612e-23,2.034e-20,3.987e-18,,,,,,,,,,6.136e-20,3.408e-18,,2.842e-5,,,,,,4.118e-9,1.585e-17,1.155e-18,4.408e-17,1.329e-6,7.322e-18
315.82,1.684e+3,1.549e-21,4.272e-10,1.782e-31,,7.382e-17,,2.735e-20,2.222e-22,,9.682e-16,7.811e-22,4.299e-31,2.773e-18,6.119e-22,2.991e-13,,1.031e-18,2.762e-42,5.473e-3,1.731e+2,2.922e-34,7.205e-19,1.254e+3,1.600e-27,4.737e-1,5.186e-19,8.412e-2,2.437e-11,2.335e+2,2.276e+1,2.602e-26,4.810e-21,2.613e-23,2.032e-20,1.340e-17,,,,,,,,,,6.102e-20,3.409e-18,,1.560e-5,,,,,,9.495e-9,1.584e-17,1.156e-18,4.415e-17,2.846e-6,7.325e-18
315.84,1.799e+3,1.550e-21,5.629e-10,2.783e-31,,8.196e-17,,2.732e-20,2.221e-22,,9.687e-16,7.823e-22,9.807e-31,2.776e-18,6.119e-22,3.331e-13,,5.631e-19,2.765e-42,4.108e-3,1.772e+2,2.924e-34,7.214e-19,1.372e+3,1.597e-27,4.409e-1,2.239e-19,9.031e-2,1.429e-11,2.305e+2,1.944e+1,2.602e-26,4.810e-21,2.614e-23,2.031e-20,2.978e-17,,,,,,,,,,6.080e-20,3.410e-18,,1.036e-5,,,,,,1.641e-8,1.583e-17,1.157e-18,4.420e-17,4.685e-6,7.327e-18
315.87,1.995e+3,1.552e-21,8.397e-10,5.351e-31,,1.010e-16,,2.729e-20,2.220e-22,,9.695e-16,7.842e-22,3.331e-30,2.781e-18,6.119e-22,3.879e-13,,2.242e-19,2.768e-42,2.634e-3,1.808e+2,2.928e-34,7.227e-19,1.574e+3,1.594e-27,4.019e-1,6.259e-20,9.968e-2,6.321e-12,2.252e+2,1.514e+1,2.601e-26,4.812e-21,2.615e-23,2.029e-20,9.727e-17,,,,,,,,,,6.046e-20,3.412e-18,,5.527e-6,,,,,,3.677e-8,1.582e-17,1.157e-18,4.428e-17,9.753e-6,7.331e-18
315.89,2.140e+3,1.553e-21,1.086e-9,8.196e-31,,1.181e-16,,2.726e-20,2.219e-22,,9.700e-16,7.854e-22,7.457e-30,2.784e-18,6.119e-22,4.267e-13,,1.202e-19,2.770e-42,1.939e-3,1.815e+2,2.930e-34,7.236e-19,1.724e+3,1.591e-27,3.834e-1,6.261e-20,1.058e-1,3.635e-12,2.211e+2,1.270e+1,2.600e-26,4.812e-21,2.616e-23,2.028e-20,2.121e-16,,,,,,,,,,6.024e-20,3.413e-18,,3.600e-6,,,,,,6.237e-8,1.581e-17,1.158e-18,4.433e-17,1.575e-5,7.333e-18
315.92,2.373e+3,1.555e-21,1.575e-9,1.532e-30,,1.503e-16,,2.723e-20,2.218e-22,,9.708e-16,7.872e-22,2.462e-29,2.789e-18,6.119e-22,4.871e-13,,4.647e-20,2.773e-42,1.208e-3,1.799e+2,2.933e-34,7.250e-19,1.968e+3,1.587e-27,3.681e-1,6.264e-20,1.146e-1,1.562e-12,2.143e+2,9.622e+0,2.599e-26,4.814e-21,2.618e-23,2.027e-20,6.735e-16,,,,,,,,,,5.991e-20,3.414e-18,,1.866e-6,,,,,,1.358e-7,1.580e-17,1.159e-18,4.440e-17,3.187e-5,7.336e-18
315.94,2.537e+3,1.557e-21,1.999e-9,2.302e-30,,1.761e-16,,2.720e-20,2.217e-22,,9.713e-16,7.885e-22,5.409e-29,2.793e-18,6.119e-22,5.282e-13,,2.443e-20,2.776e-42,8.732e-4,1.772e+2,2.935e-34,7.259e-19,2.142e+3,1.585e-27,3.667e-1,6.266e-20,1.200e-1,8.810e-13,2.094e+2,7.935e+0,2.598e-26,4.814e-21,2.618e-23,2.026e-20,1.441e-15,,,,,,,,,,5.968e-20,3.415e-18,,1.192e-6,,,,,,2.260e-7,1.579e-17,1.159e-18,4.445e-17,5.049e-5,7.339e-18
315.96,2.705e+3,1.558e-21,2.518e-9,3.434e-30,,2.056e-16,,2.718e-20,2.216e-22,,9.718e-16,7.897e-22,1.179e-28,2.796e-18,6.119e-22,5.694e-13,,1.274e-20,2.778e-42,6.262e-4,1.731e+2,2.937e-34,7.268e-19,2.321e+3,1.582e-27,3.723e-1,6.268e-20,1.249e-1,4.931e-13,2.043e+2,6.508e+0,2.598e-26,4.815e-21,2.619e-23,2.024e-20,3.061e-15,,,,,,,,,,5.946e-20,3.416e-18,,7.558e-7,,,,,,3.733e-7,1.578e-17,1.160e-18,4.450e-17,7.940e-5,7.341e-18
315.99,2.960e+3,1.560e-21,3.511e-9,6.165e-30,,2.563e-16,,2.714e-20,2.215e-22,,9.725e-16,7.915e-22,3.742e-28,2.801e-18,6.119e-22,6.297e-13,,4.732e-21,2.781e-42,3.749e-4,1.649e+2,2.941e-34,7.281e-19,2.594e+3,1.578e-27,3.943e-1,6.271e-20,1.311e-1,2.035e-13,1.963e+2,4.802e+0,2.597e-26,4.816e-21,2.621e-23,2.023e-20,9.339e-15,,,,,,,,,,5.912e-20,3.418e-18,,3.761e-7,,,,,,7.812e-7,1.577e-17,1.160e-18,4.458e-17,1.544e-4,7.344e-18
316.01,3.128e+3,1.561e-21,4.342e-9,9.022e-30,,2.945e-16,,2.712e-20,2.214e-22,,9.730e-16,7.927e-22,8.005e-28,2.805e-18,6.119e-22,6.680e-13,,2.421e-21,2.783e-42,2.638e-4,1.581e+2,2.943e-34,7.290e-19,2.774e+3,1.576e-27,4.176e-1,6.273e-20,1.343e-1,1.117e-13,1.907e+2,3.920e+0,2.596e-26,4.817e-21,2.622e-23,2.022e-20,1.946e-14,,,,,,,,,,5.890e-20,3.419e-18,,2.339e-7,,,,,,1.266e-6,1.576e-17,1.161e-18,4.463e-17,2.382e-4,7.347e-18
316.04,3.368e+3,1.563e-21,5.887e-9,1.574e-29,,3.578e-16,,2.708e-20,2.213e-22,,9.738e-16,7.946e-22,2.469e-27,2.810e-18,6.119e-22,7.208e-13,,8.732e-22,2.787e-42,1.535e-4,1.463e+2,2.946e-34,7.304e-19,3.036e+3,1.572e-27,4.650e-1,6.276e-20,1.374e-1,4.478e-14,1.821e+2,2.927e+0,2.595e-26,4.818e-21,2.623e-23,2.020e-20,5.772e-14,,,,,,,,,,5.856e-20,3.420e-18,,1.131e-7,,,,,,2.574e-6,1.574e-17,1.162e-18,4.470e-17,4.500e-4,7.350e-18
316.06,3.516e+3,1.565e-21,7.146e-9,2.261e-29,,4.037e-16,,2.705e-20,2.212e-22,,9.743e-16,7.958e-22,5.183e-27,2.813e-18,6.119e-22,7.520e-13,,4.382e-22,2.789e-42,1.060e-4,1.376e+2,2.948e-34,7.313e-19,3.200e+3,1.570e-27,5.042e-1,6.278e-20,1.384e-1,2.411e-14,1.762e+2,2.458e+0,2.594e-26,4.819e-21,2.624e-23,2.019e-20,1.180e-13,,,,,,,,,,5.834e-20,3.421e-18,,6.897e-8,,,,,,4.093e-6,1.574e-17,1.162e-18,4.475e-17,6.812e-4,7.352e-18
316.09,3.714e+3,1.567e-21,9.426e-9,3.834e-29,,4.770e-16,,2.702e-20,2.210e-22,,9.750e-16,7.976e-22,1.554e-26,2.818e-18,6.119e-22,7.912e-13,,1.535e-22,2.792e-42,5.993e-5,1.237e+2,2.952e-34,7.326e-19,3.420e+3,1.566e-27,5.727e-1,6.281e-20,1.381e-1,9.388e-15,1.670e+2,2.008e+0,2.593e-26,4.820e-21,2.625e-23,2.017e-20,3.403e-13,,,,,,,,,,5.801e-20,3.423e-18,,3.239e-8,,,,,,8.090e-6,1.572e-17,1.163e-18,4.483e-17,1.251e-3,7.356e-18
316.11,3.824e+3,1.568e-21,1.123e-8,5.401e-29,,5.282e-16,,2.699e-20,2.210e-22,,9.755e-16,7.988e-22,3.201e-26,2.821e-18,6.119e-22,8.114e-13,,7.556e-23,2.794e-42,4.060e-5,1.141e+2,2.954e-34,7.335e-19,3.547e+3,1.563e-27,6.239e-1,6.283e-20,1.367e-1,4.958e-15,1.608e+2,1.861e+0,2.593e-26,4.821e-21,2.626e-23,2.016e-20,6.828e-13,,,,,,,,,,5.778e-20,3.424e-18,,1.938e-8,,,,,,1.262e-5,1.571e-17,1.163e-18,4.488e-17,1.858e-3,7.358e-18
316.14,3.953e+3,1.570e-21,1.442e-8,8.902e-29,,6.069e-16,,2.695e-20,2.208e-22,,9.763e-16,8.007e-22,9.329e-26,2.826e-18,6.119e-22,8.320e-13,,2.571e-23,2.798e-42,2.232e-5,9.969e+1,2.957e-34,7.349e-19,3.700e+3,1.559e-27,7.064e-1,6.286e-20,1.327e-1,1.875e-15,1.511e+2,1.854e+0,2.592e-26,4.822e-21,2.628e-23,2.014e-20,1.913e-12,,,,,,,,,,5.745e-20,3.425e-18,,8.841e-9,,,,,,2.424e-5,1.570e-17,1.164e-18,4.496e-17,3.315e-3,7.361e-18
316.16,4.012e+3,1.571e-21,1.687e-8,1.230e-28,,6.594e-16,,2.693e-20,2.207e-22,,9.768e-16,8.019e-22,1.886e-25,2.830e-18,6.119e-22,8.387e-13,,1.241e-23,2.800e-42,1.483e-5,9.023e+1,2.959e-34,7.358e-19,3.774e+3,1.557e-27,7.638e-1,6.288e-20,1.290e-1,9.714e-16,1.446e+2,1.988e+0,2.591e-26,4.823e-21,2.628e-23,2.013e-20,3.767e-12,,,,,,,,,,5.722e-20,3.426e-18,,5.189e-9,,,,,,3.711e-5,1.569e-17,1.164e-18,4.501e-17,4.831e-3,7.364e-18
316.19,4.056e+3,1.573e-21,2.107e-8,1.971e-28,,7.365e-16,,2.689e-20,2.206e-22,,9.775e-16,8.037e-22,5.342e-25,2.835e-18,6.119e-22,8.380e-13,,4.103e-24,2.803e-42,7.925e-6,7.659e+1,2.963e-34,7.371e-19,3.842e+3,1.553e-27,8.506e-1,6.291e-20,1.220e-1,3.569e-16,1.347e+2,2.402e+0,2.590e-26,4.824e-21,2.630e-23,2.012e-20,1.026e-11,,,,,,,,,,5.689e-20,3.428e-18,,2.300e-9,,,,,,6.928e-5,1.568e-17,1.165e-18,4.508e-17,8.379e-3,7.367e-18
316.21,4.056e+3,1.575e-21,2.422e-8,2.673e-28,,7.854e-16,,2.687e-20,2.205e-22,,9.780e-16,8.050e-22,1.059e-24,2.838e-18,6.118e-22,8.304e-13,,1.943e-24,2.805e-42,5.169e-6,6.800e+1,2.965e-34,7.380e-19,3.856e+3,1.551e-27,9.072e-1,6.293e-20,1.164e-1,1.813e-16,1.281e+2,2.826e+0,2.589e-26,4.825e-21,2.631e-23,2.011e-20,1.982e-11,,,,,,,,,,5.667e-20,3.429e-18,,1.324e-9,,,,,,1.040e-4,1.567e-17,1.166e-18,4.513e-17,1.198e-2,7.369e-18
316.24,4.012e+3,1.576e-21,2.944e-8,4.160e-28,,8.529e-16,,2.683e-20,2.204e-22,,9.788e-16,8.068e-22,2.917e-24,2.843e-18,6.118e-22,8.088e-13,,6.239e-25,2.809e-42,2.684e-6,5.609e+1,2.968e-34,7.394e-19,3.833e+3,1.547e-27,9.872e-1,6.296e-20,1.071e-1,6.472e-17,1.183e+2,3.707e+0,2.588e-26,4.826e-21,2.632e-23,2.009e-20,5.248e-11,,,,,,,,,,5.633e-20,3.430e-18,,5.699e-10,,,,,,1.888e-4,1.566e-17,1.166e-18,4.521e-17,2.020e-2,7.373e-18
316.26,3.956e+3,1.578e-21,3.325e-8,5.535e-28,,8.927e-16,,2.681e-20,2.203e-22,,9.793e-16,8.080e-22,5.677e-24,2.847e-18,6.118e-22,7.881e-13,,2.897e-25,2.811e-42,1.718e-6,4.885e+1,2.970e-34,7.403e-19,3.789e+3,1.544e-27,1.035e+0,6.298e-20,1.004e-1,3.225e-17,1.119e+2,4.471e+0,2.588e-26,4.826e-21,2.633e-23,2.008e-20,9.950e-11,,,,,,,,,,5.611e-20,3.431e-18,,3.218e-10,,,,,,2.782e-4,1.565e-17,1.167e-18,4.526e-17,2.833e-2,7.375e-18
316.29,3.835e+3,1.580e-21,3.937e-8,8.375e-28,,9.427e-16,,2.677e-20,2.202e-22,,9.801e-16,8.099e-22,1.520e-23,2.852e-18,6.118e-22,7.486e-13,,9.037e-26,2.814e-42,8.670e-7,3.915e+1,2.974e-34,7.416e-19,3.686e+3,1.541e-27,1.098e+0,6.301e-20,8.986e-2,1.118e-17,1.025e+2,5.915e+0,2.587e-26,4.828e-21,2.634e-23,2.006e-20,2.561e-10,,,,,,,,,,5.577e-20,3.433e-18,,1.346e-10,,,,,,4.906e-4,1.564e-17,1.168e-18,4.533e-17,4.641e-2,7.378e-18
316.31,3.734e+3,1.581e-21,4.368e-8,1.093e-27,,9.685e-16,,2.675e-20,2.201e-22,,9.806e-16,8.111e-22,2.902e-23,2.855e-18,6.118e-22,7.174e-13,,4.117e-26,2.817e-42,5.444e-7,3.346e+1,2.976e-34,7.425e-19,3.595e+3,1.538e-27,1.131e+0,6.303e-20,8.272e-2,5.466e-18,9.655e+1,7.094e+0,2.586e-26,4.828e-21,2.635e-23,2.005e-20,4.763e-10,,,,,,,,,,5.555e-20,3.434e-18,,7.455e-11,,,,,,7.093e-4,1.563e-17,1.168e-18,4.538e-17,6.389e-2,7.381e-18
316.33,3.620e+3,1.582e-21,4.813e-8,1.416e-27,,9.877e-16,,2.672e-20,2.200e-22,,9.811e-16,8.123e-22,5.500e-23,2.858e-18,6.118e-22,6.832e-13,,1.861e-26,2.819e-42,3.393e-7,2.837e+1,2.978e-34,7.434e-19,3.491e+3,1.535e-27,1.156e+0,6.305e-20,7.561e-2,2.651e-18,9.086e+1,8.460e+0,2.585e-26,4.829e-21,2.636e-23,2.004e-20,8.794e-10,,,,,,,,,,5.533e-20,3.435e-18,,4.097e-11,,,,,,1.018e-3,1.562e-17,1.169e-18,4.543e-17,8.728e-2,7.383e-18
316.36,3.433e+3,1.584e-21,5.496e-8,2.059e-27,,1.003e-15,,2.668e-20,2.199e-22,,9.818e-16,8.141e-22,1.415e-22,2.863e-18,6.118e-22,6.275e-13,,5.572e-27,2.822e-42,1.646e-7,2.184e+1,2.981e-34,7.448e-19,3.316e+3,1.532e-27,1.179e+0,6.308e-20,6.521e-2,8.826e-19,8.294e+1,1.089e+1,2.584e-26,4.830e-21,2.637e-23,2.002e-20,2.175e-9,,,,,,,,,,5.499e-20,3.436e-18,,1.646e-11,,,,,,1.725e-3,1.561e-17,1.169e-18,4.551e-17,1.374e-1,7.386e-18
316.38,3.303e+3,1.586e-21,5.955e-8,2.617e-27,,1.005e-15,,2.666e-20,2.198e-22,,9.823e-16,8.154e-22,2.631e-22,2.867e-18,6.118e-22,5.884e-13,,2.470e-27,2.824e-42,1.006e-7,1.817e+1,2.983e-34,7.457e-19,3.192e+3,1.529e-27,1.183e+0,6.310e-20,5.859e-2,4.199e-19,7.810e+1,1.277e+1,2.583e-26,4.831e-21,2.638e-23,2.001e-20,3.940e-9,,,,,,,,,,5.477e-20,3.437e-18,,8.871e-12,,,,,,2.428e-3,1.560e-17,1.170e-18,4.556e-17,1.841e-1,7.389e-18
316.41,3.108e+3,1.588e-21,6.631e-8,3.697e-27,,9.934e-16,,2.662e-20,2.197e-22,,9.831e-16,8.172e-22,6.579e-22,2.872e-18,6.118e-22,5.283e-13,,7.186e-28,2.828e-42,4.745e-8,1.359e+1,2.987e-34,7.470e-19,3.006e+3,1.525e-27,1.173e+0,6.313e-20,4.931e-2,1.358e-19,7.157e+1,1.599e+1,2.582e-26,4.832e-21,2.640e-23,2.000e-20,9.472e-9,,,,,,,,,,5.443e-20,3.438e-18,,3.461e-12,,,,,,3.999e-3,1.559e-17,1.171e-18,4.563e-17,2.817e-1,7.392e-18
316.43,2.985e+3,1.589e-21,7.065e-8,4.610e-27,,9.771e-16,,2.660e-20,2.196e-22,,9.836e-16,8.184e-22,1.201e-21,2.875e-18,6.118e-22,4.882e-13,,3.124e-28,2.830e-42,2.847e-8,1.109e+1,2.989e-34,1.731e-18,2.886e+3,1.523e-27,1.155e+0,6.315e-20,4.363e-2,6.336e-20,6.770e+1,1.841e+1,2.582e-26,4.833e-21,2.641e-23,1.998e-20,1.684e-8,,,,,,,,,,5.421e-20,3.439e-18,,1.830e-12,,,,,,5.524e-3,1.558e-17,1.171e-18,4.568e-17,3.704e-1,7.394e-18
316.46,2.816e+3,1.591e-21,7.676e-8,6.330e-27,,9.407e-16,,2.656e-20,2.195e-22,,9.843e-16,8.203e-22,2.918e-21,2.880e-18,6.118e-22,4.292e-13,,8.829e-29,2.833e-42,1.305e-8,8.059e+0,2.992e-34,6.019e-18,2.721e+3,1.519e-27,1.112e+0,6.318e-20,3.598e-2,1.990e-20,6.262e+1,2.242e+1,2.581e-26,4.834e-21,2.642e-23,1.997e-20,3.934e-8,,,,,,,,,,5.387e-20,3.441e-18,,6.937e-13,,,,,,8.841e-3,1.556e-17,1.172e-18,4.576e-17,5.507e-1,7.398e-18
316.48,2.719e+3,1.592e-21,8.048e-8,7.745e-27,,9.093e-16,,2.654e-20,2.194e-22,,9.848e-16,8.215e-22,5.226e-21,2.884e-18,6.118e-22,3.912e-13,,9.844e-29,2.835e-42,7.691e-9,6.452e+0,2.994e-34,1.369e-17,2.626e+3,1.517e-27,1.075e+0,6.320e-20,3.148e-2,9.109e-21,5.970e+1,2.533e+1,2.580e-26,4.835e-21,2.643e-23,1.996e-20,6.863e-8,,,,,,,,,,5.365e-20,3.442e-18,,3.598e-13,,,,,,1.198e-2,1.555e-17,1.172e-18,4.581e-17,7.106e-1,7.400e-18
316.51,2.602e+3,1.594e-21,8.538e-8,1.033e-26,,8.532e-16,,2.650e-20,2.193e-22,,9.856e-16,8.233e-22,1.235e-20,2.889e-18,6.118e-22,3.373e-13,,1.137e-28,2.839e-42,3.446e-9,4.556e+0,2.998e-34,4.627e-17,2.509e+3,1.513e-27,1.006e+0,6.323e-20,2.565e-2,2.780e-21,5.596e+1,2.998e+1,2.579e-26,4.836e-21,2.644e-23,1.994e-20,1.559e-7,,,,,,,,,,5.331e-20,3.443e-18,,1.325e-13,,,,,,1.864e-2,1.554e-17,1.173e-18,4.588e-17,1.027e+0,7.403e-18
316.53,2.544e+3,1.596e-21,8.812e-8,1.241e-26,,8.109e-16,,2.647e-20,2.192e-22,,9.861e-16,8.245e-22,2.169e-20,2.892e-18,6.118e-22,3.038e-13,,1.238e-28,2.841e-42,2.021e-9,3.578e+0,3.000e-34,1.032e-16,2.451e+3,1.510e-27,9.537e-1,6.325e-20,2.237e-2,1.248e-21,5.384e+1,3.323e+1,2.578e-26,4.837e-21,2.645e-23,1.993e-20,2.668e-7,,,,,,,,,,5.309e-20,3.444e-18,,6.740e-14,,,,,,2.479e-2,1.553e-17,1.173e-18,4.593e-17,1.300e+0,7.406e-18
316.56,2.490e+3,1.598e-21,9.134e-8,1.609e-26,,7.424e-16,,2.644e-20,2.190e-22,,9.869e-16,8.264e-22,4.982e-20,2.897e-18,6.118e-22,2.574e-13,,1.390e-28,2.844e-42,9.607e-10,2.455e+0,3.003e-34,3.393e-16,2.396e+3,1.506e-27,8.676e-1,6.328e-20,1.832e-2,3.699e-22,5.113e+1,3.823e+1,2.577e-26,4.838e-21,2.647e-23,1.991e-20,5.890e-7,,,,,,,,,,5.276e-20,3.446e-18,,2.411e-14,,,,,,3.748e-2,1.552e-17,1.174e-18,4.601e-17,1.825e+0,7.409e-18
316.58,2.476e+3,1.599e-21,9.284e-8,1.895e-26,,6.945e-16,,2.641e-20,2.190e-22,,9.874e-16,8.276e-22,8.590e-20,2.900e-18,6.118e-22,2.292e-13,,1.492e-28,2.846e-42,6.689e-10,1.892e+0,3.005e-34,7.429e-16,2.380e+3,1.504e-27,8.068e-1,6.330e-20,1.616e-2,1.628e-22,4.960e+1,4.157e+1,2.577e-26,4.839e-21,2.647e-23,1.990e-20,9.893e-7,,,,,,,,,,5.253e-20,3.447e-18,,1.203e-14,,,,,,4.890e-2,1.551e-17,1.175e-18,4.606e-17,2.267e+0,7.411e-18
316.61,2.484e+3,1.601e-21,9.410e-8,2.388e-26,,6.213e-16,,2.637e-20,2.188e-22,,9.881e-16,8.294e-22,1.917e-19,2.905e-18,6.118e-22,1.912e-13,,1.644e-28,2.850e-42,6.236e-10,1.261e+0,3.009e-34,2.373e-15,2.385e+3,1.500e-27,7.132e-1,6.333e-20,1.366e-2,4.689e-23,4.760e+1,4.648e+1,2.576e-26,4.840e-21,2.649e-23,1.988e-20,2.123e-6,,,,,,,,,,5.220e-20,3.448e-18,,4.180e-15,,,,,,7.186e-2,1.550e-17,1.175e-18,4.613e-17,3.094e+0,7.415e-18
316.63,2.507e+3,1.602e-21,9.425e-8,2.760e-26,,5.727e-16,,2.635e-20,2.187e-22,,9.886e-16,8.307e-22,3.244e-19,2.909e-18,6.118e-22,1.686e-13,,1.746e-28,2.852e-42,8.340e-10,9.533e-1,3.011e-34,5.100e-15,2.406e+3,1.498e-27,6.507e-1,6.335e-20,1.243e-2,2.025e-23,4.643e+1,4.959e+1,2.575e-26,4.841e-21,2.650e-23,1.987e-20,3.499e-6,,,,,,,,,,5.197e-20,3.449e-18,,2.046e-15,,,,,,9.200e-2,1.549e-17,1.176e-18,4.618e-17,3.771e+0,7.417e-18
316.66,2.561e+3,1.604e-21,9.346e-8,3.380e-26,,5.017e-16,,2.631e-20,2.186e-22,,9.894e-16,8.325e-22,7.039e-19,2.914e-18,6.118e-22,1.386e-13,,1.898e-28,2.855e-42,1.645e-9,6.175e-1,3.014e-34,1.584e-14,2.456e+3,1.494e-27,5.590e-1,6.338e-20,1.116e-2,2.004e-23,4.485e+1,5.388e+1,2.574e-26,4.842e-21,2.651e-23,1.986e-20,7.298e-6,,,,,,,,,,5.164e-20,3.451e-18,,6.907e-16,,,,,,1.314e-1,1.548e-17,1.177e-18,4.626e-17,5.002e+0,7.421e-18
316.68,2.607e+3,1.606e-21,9.228e-8,3.832e-26,,4.564e-16,,2.629e-20,2.185e-22,,9.899e-16,8.337e-22,1.169e-18,2.917e-18,6.118e-22,1.212e-13,,1.999e-28,2.857e-42,2.720e-9,4.580e-1,3.016e-34,3.340e-14,2.500e+3,1.491e-27,5.003e-1,6.340e-20,1.063e-2,1.990e-23,4.390e+1,5.640e+1,2.573e-26,4.842e-21,2.652e-23,1.985e-20,1.180e-5,,,,,,,,,,5.142e-20,3.452e-18,,3.316e-16,,,,,,1.650e-1,1.547e-17,1.177e-18,4.631e-17,5.981e+0,7.423e-18
316.71,2.682e+3,1.608e-21,8.958e-8,4.562e-26,,3.925e-16,,2.625e-20,2.184e-22,,9.906e-16,8.355e-22,2.465e-18,2.922e-18,6.118e-22,9.837e-14,,2.152e-28,2.861e-42,5.822e-9,2.884e-1,3.020e-34,1.008e-13,2.572e+3,1.487e-27,4.177e-1,6.343e-20,1.024e-2,1.969e-23,4.257e+1,5.955e+1,2.572e-26,4.844e-21,2.653e-23,1.983e-20,2.393e-5,,,,,,,,,,5.108e-20,3.453e-18,,1.087e-16,,,,,,2.291e-1,1.546e-17,1.178e-18,4.638e-17,7.710e+0,7.426e-18
316.73,2.732e+3,1.609e-21,8.722e-8,5.075e-26,,3.531e-16,,2.623e-20,2.183e-22,,9.911e-16,8.368e-22,4.015e-18,2.926e-18,6.117e-22,8.525e-14,,2.253e-28,2.863e-42,9.617e-9,2.100e-1,3.022e-34,2.087e-13,2.619e+3,1.485e-27,3.668e-1,6.345e-20,1.019e-2,1.955e-23,4.176e+1,6.116e+1,2.572e-26,4.844e-21,2.654e-23,1.982e-20,3.797e-5,,,,,,,,,,5.086e-20,3.454e-18,,5.121e-17,,,,,,2.823e-1,1.545e-17,1.178e-18,4.644e-17,9.045e+0,7.428e-18
316.75,2.778e+3,1.610e-21,8.445e-8,5.603e-26,,3.165e-16,,2.620e-20,2.182e-22,,9.916e-16,8.380e-22,6.492e-18,2.929e-18,6.117e-22,7.363e-14,,2.355e-28,2.865e-42,1.578e-8,1.519e-1,3.024e-34,4.286e-13,2.663e+3,1.482e-27,3.196e-1,6.347e-20,1.028e-2,1.941e-23,4.101e+1,6.234e+1,2.571e-26,4.845e-21,2.655e-23,1.981e-20,5.980e-5,,,,,,,,,,5.063e-20,3.455e-18,,2.393e-17,,,,,,3.453e-1,1.544e-17,1.179e-18,4.649e-17,1.053e+1,7.431e-18
316.78,2.833e+3,1.612e-21,7.965e-8,6.408e-26,,2.669e-16,,2.617e-20,2.181e-22,,9.924e-16,8.398e-22,1.316e-17,2.934e-18,6.117e-22,5.873e-14,,2.507e-28,2.869e-42,3.270e-8,9.264e-2,3.027e-34,1.244e-12,2.716e+3,1.479e-27,2.563e-1,6.350e-20,1.060e-2,1.920e-23,4.003e+1,6.324e+1,2.570e-26,4.846e-21,2.656e-23,1.979e-20,1.165e-4,,,,,,,,,,5.030e-20,3.457e-18,,7.537e-18,,,,,,4.606e-1,1.543e-17,1.179e-18,4.656e-17,1.304e+1,7.434e-18
316.8,2.857e+3,1.614e-21,7.607e-8,6.941e-26,,2.375e-16,,2.614e-20,2.180e-22,,9.929e-16,8.410e-22,2.088e-17,2.937e-18,6.117e-22,5.030e-14,,5.754e-28,2.871e-42,5.267e-8,6.656e-2,3.030e-34,2.507e-12,2.738e+3,1.476e-27,2.191e-1,6.352e-20,1.091e-2,1.907e-23,3.948e+1,6.325e+1,2.569e-26,4.847e-21,2.657e-23,1.978e-20,1.801e-4,,,,,,,,,,5.008e-20,3.458e-18,,3.455e-18,,,,,,5.527e-1,1.542e-17,1.180e-18,4.661e-17,1.490e+1,7.436e-18
316.83,2.867e+3,1.616e-21,7.029e-8,7.714e-26,,1.988e-16,,2.610e-20,2.179e-22,,9.936e-16,8.429e-22,4.113e-17,2.942e-18,6.117e-22,3.959e-14,,1.973e-27,2.874e-42,1.061e-7,4.140e-2,3.033e-34,7.073e-12,2.747e+3,1.472e-27,1.708e-1,6.355e-20,1.146e-2,1.886e-23,3.885e+1,6.236e+1,2.568e-26,4.848e-21,2.659e-23,1.976e-20,3.411e-4,,,,,,,,,,4.974e-20,3.459e-18,,1.057e-18,,,,,,7.164e-1,1.540e-17,1.181e-18,4.669e-17,1.794e+1,7.440e-18
316.85,2.856e+3,1.617e-21,6.623e-8,8.199e-26,,1.764e-16,,2.608e-20,2.178e-22,,9.941e-16,8.441e-22,6.404e-17,2.946e-18,6.117e-22,3.360e-14,,4.444e-27,2.876e-42,1.677e-7,3.149e-2,3.035e-34,1.399e-11,2.735e+3,1.470e-27,1.432e-1,6.357e-20,1.187e-2,1.872e-23,3.860e+1,6.119e+1,2.568e-26,4.849e-21,2.660e-23,1.975e-20,5.172e-4,,,,,,,,,,4.952e-20,3.460e-18,,4.752e-19,,,,,,8.437e-1,1.540e-17,1.181e-18,4.674e-17,2.011e+1,7.442e-18
316.88,2.808e+3,1.619e-21,5.996e-8,8.856e-26,,1.478e-16,,2.604e-20,2.177e-22,,9.949e-16,8.459e-22,1.226e-16,2.951e-18,6.117e-22,2.606e-14,,1.482e-26,2.880e-42,3.285e-7,2.433e-2,3.038e-34,3.837e-11,2.686e+3,1.466e-27,1.085e-1,6.360e-20,1.251e-2,1.851e-23,3.848e+1,5.864e+1,2.567e-26,4.850e-21,2.661e-23,1.974e-20,9.521e-4,,,,,,,,,,4.918e-20,3.462e-18,,1.412e-19,,,,,,1.063e+0,1.538e-17,1.182e-18,4.681e-17,2.352e+1,7.446e-18
316.9,2.755e+3,1.620e-21,5.573e-8,9.235e-26,,1.319e-16,,2.602e-20,2.176e-22,,9.954e-16,8.472e-22,1.874e-16,2.954e-18,6.117e-22,2.189e-14,,3.275e-26,2.882e-42,5.094e-7,2.398e-2,3.041e-34,7.447e-11,2.633e+3,1.464e-27,8.924e-2,6.362e-20,1.295e-2,1.837e-23,3.861e+1,5.647e+1,2.566e-26,4.851e-21,2.662e-23,1.972e-20,1.417e-3,,,,,,,,,,4.896e-20,3.463e-18,,6.227e-20,,,,,,1.228e+0,1.537e-17,1.182e-18,4.686e-17,2.587e+1,7.448e-18
316.93,2.646e+3,1.622e-21,4.943e-8,9.694e-26,,1.123e-16,,2.598e-20,2.175e-22,,9.962e-16,8.490e-22,3.488e-16,2.959e-18,6.117e-22,1.671e-14,,1.061e-25,2.885e-42,9.699e-7,3.009e-2,3.044e-34,1.986e-10,2.524e+3,1.460e-27,6.567e-2,6.365e-20,1.364e-2,1.816e-23,3.912e+1,5.262e+1,2.565e-26,4.852e-21,2.663e-23,1.971e-20,2.535e-3,,,,,,,,,,4.862e-20,3.464e-18,,1.798e-20,,,,,,1.503e+0,1.536e-17,1.183e-18,4.694e-17,2.941e+1,7.451e-18
316.95,2.555e+3,1.624e-21,4.531e-8,9.918e-26,,1.020e-16,,2.596e-20,2.174e-22,,9.967e-16,8.502e-22,5.229e-16,2.963e-18,6.117e-22,1.387e-14,,2.303e-25,2.887e-42,1.476e-6,3.928e-2,3.046e-34,3.782e-10,2.432e+3,1.457e-27,5.302e-2,6.367e-20,1.414e-2,1.802e-23,3.968e+1,4.974e+1,2.564e-26,4.853e-21,2.664e-23,1.970e-20,3.701e-3,,,,,,,,,,4.840e-20,3.465e-18,,7.777e-21,,,,,,1.704e+0,1.535e-17,1.184e-18,4.699e-17,3.174e+1,7.453e-18
316.98,2.394e+3,1.626e-21,3.936e-8,1.012e-25,,9.035e-17,,2.592e-20,2.173e-22,,9.974e-16,8.521e-22,9.462e-16,2.968e-18,6.117e-22,1.040e-14,,7.255e-25,2.891e-42,2.731e-6,6.342e-2,3.049e-34,9.802e-10,2.271e+3,1.453e-27,3.791e-2,6.370e-20,1.497e-2,1.781e-23,4.088e+1,4.510e+1,2.563e-26,4.854e-21,2.666e-23,1.968e-20,6.438e-3,,,,,,,,,,4.806e-20,3.467e-18,,7.781e-21,,,,,,2.028e+0,1.534e-17,1.184e-18,4.706e-17,3.507e+1,7.457e-18
317,2.273e+3,1.627e-21,3.558e-8,1.016e-25,,8.503e-17,,2.589e-20,2.172e-22,,9.979e-16,8.533e-22,1.392e-15,2.971e-18,6.117e-22,8.523e-15,,1.545e-24,2.893e-42,4.078e-6,8.894e-2,3.052e-34,1.832e-9,2.149e+3,1.451e-27,3.002e-2,6.372e-20,1.560e-2,1.767e-23,4.192e+1,4.188e+1,2.563e-26,4.855e-21,2.666e-23,1.967e-20,9.224e-3,,,,,,,,,,4.784e-20,3.468e-18,,7.783e-21,,,,,,2.256e+0,1.533e-17,1.185e-18,4.711e-17,3.713e+1,7.459e-18
317.03,2.076e+3,1.629e-21,3.025e-8,1.007e-25,,8.055e-17,,2.586e-20,2.170e-22,,9.987e-16,8.551e-22,2.448e-15,2.976e-18,6.117e-22,6.261e-15,,4.731e-24,2.896e-42,7.337e-6,1.480e-1,3.055e-34,4.617e-9,1.953e+3,1.447e-27,2.086e-2,6.375e-20,1.675e-2,1.746e-23,4.382e+1,3.702e+1,2.562e-26,4.856e-21,2.668e-23,1.965e-20,1.559e-2,,,,,,,,,,4.751e-20,3.469e-18,,7.786e-21,,,,,,2.609e+0,1.532e-17,1.186e-18,4.719e-17,3.988e+1,7.463e-18
317.05,1.939e+3,1.630e-21,2.695e-8,9.918e-26,,7.981e-17,,2.583e-20,2.170e-22,,9.992e-16,8.563e-22,3.534e-15,2.979e-18,6.117e-22,5.061e-15,,9.886e-24,2.898e-42,1.075e-5,2.068e-1,3.057e-34,8.468e-9,1.815e+3,1.445e-27,1.621e-2,6.377e-20,1.767e-2,1.732e-23,4.532e+1,3.384e+1,2.561e-26,4.856e-21,2.669e-23,1.964e-20,2.192e-2,,,,,,,,,,4.728e-20,3.470e-18,,7.788e-21,,,,,,2.847e+0,1.531e-17,1.186e-18,4.724e-17,4.142e+1,7.465e-18
317.08,1.728e+3,1.632e-21,2.243e-8,9.557e-26,,8.194e-17,,2.580e-20,2.168e-22,,9.999e-16,8.582e-22,6.043e-15,2.984e-18,6.117e-22,3.638e-15,,2.944e-23,2.902e-42,1.880e-5,3.375e-1,3.060e-34,2.074e-8,1.604e+3,1.441e-27,1.095e-2,6.379e-20,1.937e-2,1.711e-23,4.792e+1,2.930e+1,2.560e-26,4.858e-21,2.670e-23,1.963e-20,3.603e-2,,,,,,,,,,4.695e-20,3.472e-18,,7.792e-21,,,,,,3.200e+0,1.530e-17,1.187e-18,4.731e-17,4.323e+1,7.468e-18
317.1,1.587e+3,1.633e-21,1.969e-8,9.235e-26,,8.546e-17,,2.577e-20,2.167e-22,,1.000e-15,8.594e-22,8.559e-15,2.988e-18,6.117e-22,2.898e-15,,6.037e-23,2.904e-42,2.703e-5,4.638e-1,3.063e-34,3.734e-8,1.463e+3,1.438e-27,8.344e-3,6.381e-20,2.077e-2,1.697e-23,4.988e+1,2.649e+1,2.559e-26,4.858e-21,2.671e-23,1.961e-20,4.970e-2,,,,,,,,,,4.672e-20,3.473e-18,,7.794e-21,,,,,,3.427e+0,1.529e-17,1.187e-18,4.736e-17,4.407e+1,7.471e-18
317.12,1.449e+3,1.635e-21,1.719e-8,8.856e-26,,9.061e-17,,2.575e-20,2.167e-22,,1.001e-15,8.606e-22,1.203e-14,2.991e-18,6.117e-22,2.294e-15,,1.229e-22,2.906e-42,3.856e-5,6.326e-1,3.065e-34,6.671e-8,1.324e+3,1.436e-27,6.312e-3,6.383e-20,2.239e-2,1.683e-23,5.204e+1,2.390e+1,2.558e-26,4.859e-21,2.672e-23,1.960e-20,6.804e-2,,,,,,,,,,4.650e-20,3.474e-18,,7.796e-21,,,,,,3.642e+0,1.528e-17,1.188e-18,4.741e-17,4.457e+1,7.473e-18
317.15,1.251e+3,1.637e-21,1.386e-8,8.199e-26,,1.012e-16,,2.571e-20,2.165e-22,,1.002e-15,8.625e-22,1.978e-14,2.996e-18,6.117e-22,1.598e-15,,3.517e-22,2.909e-42,6.481e-5,9.938e-1,3.068e-34,1.571e-7,1.125e+3,1.432e-27,4.094e-3,6.386e-20,2.533e-2,1.663e-23,5.564e+1,2.051e+1,2.557e-26,4.860e-21,2.673e-23,1.959e-20,1.075e-1,,,,,,,,,,4.617e-20,3.475e-18,,7.800e-21,,,,,,3.933e+0,1.527e-17,1.188e-18,4.749e-17,4.470e+1,7.476e-18
317.17,1.126e+3,1.638e-21,1.192e-8,7.714e-26,,1.101e-16,,2.568e-20,2.165e-22,,1.002e-15,8.637e-22,2.728e-14,3.000e-18,6.117e-22,1.247e-15,,7.024e-22,2.912e-42,9.074e-5,1.330e+0,3.070e-34,2.754e-7,9.992e+2,1.429e-27,3.039e-3,6.388e-20,2.764e-2,1.649e-23,5.829e+1,1.862e+1,2.557e-26,4.861e-21,2.674e-23,1.958e-20,1.444e-1,,,,,,,,,,4.594e-20,3.476e-18,,7.802e-21,,,,,,4.101e+0,1.526e-17,1.189e-18,4.754e-17,4.436e+1,7.479e-18
317.2,9.537e+2,1.640e-21,9.402e-9,6.941e-26,,1.260e-16,,2.565e-20,2.163e-22,,1.003e-15,8.655e-22,4.359e-14,3.005e-18,6.117e-22,8.538e-16,,1.955e-21,2.915e-42,1.482e-4,2.032e+0,3.073e-34,6.302e-7,8.248e+2,1.426e-27,1.915e-3,6.391e-20,3.168e-2,1.628e-23,6.266e+1,1.640e+1,2.556e-26,4.862e-21,2.676e-23,1.956e-20,2.216e-1,,,,,,,,,,4.561e-20,3.478e-18,,7.805e-21,,,,,,4.305e+0,1.525e-17,1.190e-18,4.761e-17,4.323e+1,7.482e-18
317.22,8.497e+2,1.641e-21,7.965e-9,6.408e-26,,1.381e-16,,2.562e-20,2.162e-22,,1.003e-15,8.667e-22,5.901e-14,3.008e-18,6.117e-22,6.635e-16,,3.832e-21,2.917e-42,2.037e-4,2.669e+0,3.076e-34,1.084e-6,7.190e+2,1.423e-27,1.395e-3,6.393e-20,3.474e-2,1.614e-23,6.585e+1,1.535e+1,2.555e-26,4.863e-21,2.676e-23,1.955e-20,2.922e-1,,,,,,,,,,4.538e-20,3.479e-18,,7.808e-21,,,,,,4.405e+0,1.524e-17,1.190e-18,4.766e-17,4.210e+1,7.484e-18
317.25,7.112e+2,1.643e-21,6.142e-9,5.603e-26,,1.580e-16,,2.559e-20,2.161e-22,,1.004e-15,8.686e-22,9.165e-14,3.013e-18,6.116e-22,4.649e-16,,1.037e-20,2.921e-42,3.234e-4,3.963e+0,3.079e-34,2.413e-6,5.769e+2,1.419e-27,8.542e-4,6.396e-20,3.987e-2,1.593e-23,7.105e+1,1.444e+1,2.554e-26,4.864e-21,2.678e-23,1.953e-20,4.360e-1,,,,,,,,,,4.505e-20,3.480e-18,,7.811e-21,,,,,,4.494e+0,1.522e-17,1.191e-18,4.774e-17,3.988e+1,7.488e-18
317.27,6.309e+2,1.645e-21,5.126e-9,5.075e-26,,1.723e-16,,2.556e-20,2.160e-22,,1.005e-15,8.698e-22,1.218e-13,3.016e-18,6.116e-22,3.825e-16,,1.994e-20,2.923e-42,4.360e-4,5.110e+0,3.081e-34,4.074e-6,4.934e+2,1.417e-27,6.102e-4,6.398e-20,4.361e-2,1.579e-23,7.481e+1,1.431e+1,2.553e-26,4.865e-21,2.679e-23,1.952e-20,5.639e-1,,,,,,,,,,4.483e-20,3.481e-18,,7.813e-21,,,,,,4.512e+0,1.522e-17,1.191e-18,4.779e-17,3.810e+1,7.490e-18
317.3,5.283e+2,1.647e-21,3.866e-9,4.313e-26,,1.947e-16,,2.552e-20,2.159e-22,,1.005e-15,8.716e-22,1.839e-13,3.021e-18,6.116e-22,3.300e-16,,5.246e-20,2.926e-42,6.729e-4,7.375e+0,3.084e-34,8.811e-6,3.848e+2,1.413e-27,3.632e-4,6.401e-20,4.962e-2,1.558e-23,8.088e+1,1.480e+1,2.552e-26,4.866e-21,2.680e-23,1.950e-20,8.179e-1,,,,,,,,,,4.449e-20,3.483e-18,,7.817e-21,,,,,,4.475e+0,1.520e-17,1.192e-18,4.786e-17,3.507e+1,7.493e-18
317.32,4.714e+2,1.648e-21,3.181e-9,3.832e-26,,2.100e-16,,2.550e-20,2.158e-22,,1.006e-15,8.729e-22,2.398e-13,3.025e-18,6.116e-22,3.468e-16,,9.903e-20,2.928e-42,8.903e-4,9.330e+0,3.087e-34,1.460e-5,3.229e+2,1.410e-27,2.545e-4,6.403e-20,5.381e-2,1.544e-23,8.521e+1,1.559e+1,2.552e-26,4.867e-21,2.681e-23,1.949e-20,1.038e+0,,,,,,,,,,4.427e-20,3.484e-18,,7.819e-21,,,,,,4.408e+0,1.519e-17,1.193e-18,4.791e-17,3.288e+1,7.496e-18
317.35,4.026e+2,1.650e-21,2.350e-9,3.165e-26,,2.328e-16,,2.546e-20,2.157e-22,,1.007e-15,8.747e-22,3.521e-13,3.030e-18,6.116e-22,4.732e-16,,2.532e-19,2.932e-42,1.336e-3,1.309e+1,3.090e-34,3.070e-5,2.448e+2,1.407e-27,1.472e-4,6.406e-20,6.021e-2,1.523e-23,9.214e+1,1.747e+1,2.551e-26,4.868e-21,2.682e-23,1.948e-20,1.464e+0,,,,,,,,,,4.393e-20,3.485e-18,,7.822e-21,,,,,,4.250e+0,1.518e-17,1.193e-18,4.799e-17,2.941e+1,7.499e-18
317.37,3.670e+2,1.651e-21,1.908e-9,2.760e-26,,2.477e-16,,2.544e-20,2.156e-22,,1.007e-15,8.759e-22,4.506e-13,3.033e-18,6.116e-22,6.520e-16,,4.692e-19,2.934e-42,1.734e-3,1.625e+1,3.092e-34,4.991e-5,2.015e+2,1.404e-27,1.012e-4,6.408e-20,6.447e-2,1.509e-23,9.702e+1,1.917e+1,2.550e-26,4.869e-21,2.683e-23,1.946e-20,1.823e+0,,,,,,,,,,4.371e-20,3.486e-18,,7.825e-21,,,,,,4.110e+0,1.517e-17,1.194e-18,4.804e-17,2.705e+1,7.501e-18
317.4,3.277e+2,1.653e-21,1.383e-9,2.215e-26,,2.689e-16,,2.540e-20,2.155e-22,,1.008e-15,8.777e-22,6.433e-13,3.038e-18,6.116e-22,1.144e-15,,1.166e-18,2.937e-42,2.529e-3,2.217e+1,3.095e-34,1.020e-4,1.485e+2,1.400e-27,5.689e-5,6.411e-20,7.062e-2,1.488e-23,1.047e+2,2.235e+1,2.549e-26,4.870e-21,2.685e-23,1.945e-20,2.498e+0,,,,,,,,,,4.337e-20,3.487e-18,,7.828e-21,,,,,,3.854e+0,1.516e-17,1.195e-18,4.812e-17,2.352e+1,7.505e-18
317.42,3.100e+2,1.655e-21,1.110e-9,1.895e-26,,2.820e-16,,2.538e-20,2.154e-22,,1.008e-15,8.790e-22,8.082e-13,3.042e-18,6.116e-22,1.699e-15,,2.121e-18,2.939e-42,3.221e-3,2.701e+1,3.098e-34,1.628e-4,1.200e+2,1.398e-27,3.838e-5,6.413e-20,7.446e-2,1.474e-23,1.101e+2,2.486e+1,2.548e-26,4.871e-21,2.685e-23,1.944e-20,3.053e+0,,,,,,,,,,4.315e-20,3.488e-18,,7.830e-21,,,,,,3.659e+0,1.515e-17,1.195e-18,4.817e-17,2.123e+1,7.507e-18
317.45,2.950e+2,1.657e-21,7.920e-10,1.478e-26,,2.997e-16,,2.534e-20,2.153e-22,,1.009e-15,8.808e-22,1.122e-12,3.047e-18,6.116e-22,3.084e-15,,5.126e-18,2.943e-42,4.566e-3,3.583e+1,3.101e-34,3.235e-4,8.605e+1,1.394e-27,2.096e-5,6.416e-20,7.961e-2,1.453e-23,1.185e+2,2.916e+1,2.547e-26,4.872e-21,2.687e-23,1.942e-20,4.067e+0,,,,,,,,,,4.281e-20,3.490e-18,,7.834e-21,,,,,,3.339e+0,1.514e-17,1.196e-18,4.824e-17,1.794e+1,7.510e-18
317.47,2.918e+2,1.658e-21,6.300e-10,1.241e-26,,3.100e-16,,2.531e-20,2.152e-22,,1.010e-15,8.820e-22,1.384e-12,3.050e-18,6.116e-22,4.571e-15,,9.146e-18,2.945e-42,5.708e-3,4.284e+1,3.103e-34,5.066e-4,6.834e+1,1.392e-27,1.387e-5,6.418e-20,8.252e-2,1.440e-23,1.243e+2,3.234e+1,2.547e-26,4.872e-21,2.688e-23,1.941e-20,4.877e+0,,,,,,,,,,4.259e-20,3.491e-18,,7.836e-21,,,,,,3.114e+0,1.513e-17,1.196e-18,4.829e-17,1.588e+1,7.513e-18
317.49,2.935e+2,1.659e-21,4.999e-10,1.033e-26,,3.190e-16,,2.529e-20,2.151e-22,,1.010e-15,8.832e-22,1.695e-12,3.053e-18,6.116e-22,6.733e-15,,1.620e-17,2.947e-42,7.081e-3,5.085e+1,3.105e-34,7.873e-4,5.393e+1,1.389e-27,9.109e-6,6.420e-20,8.494e-2,1.426e-23,1.303e+2,3.571e+1,2.546e-26,4.873e-21,2.689e-23,1.940e-20,5.804e+0,,,,,,,,,,4.237e-20,3.492e-18,,7.838e-21,,,,,,2.885e+0,1.512e-17,1.197e-18,4.834e-17,1.396e+1,7.515e-18
317.52,3.043e+2,1.661e-21,3.524e-10,7.745e-27,,3.300e-16,,2.525e-20,2.150e-22,,1.011e-15,8.851e-22,2.265e-12,3.058e-18,6.116e-22,1.189e-14,,3.763e-17,2.950e-42,9.646e-3,6.483e+1,3.109e-34,1.504e-3,3.743e+1,1.385e-27,4.779e-6,6.423e-20,8.752e-2,1.405e-23,1.396e+2,4.104e+1,2.545e-26,4.874e-21,2.690e-23,1.938e-20,7.430e+0,,,,,,,,,,4.203e-20,3.493e-18,,7.842e-21,,,,,,2.542e+0,1.511e-17,1.197e-18,4.842e-17,1.133e+1,7.518e-18
317.54,3.163e+2,1.663e-21,2.790e-10,6.330e-27,,3.355e-16,,2.523e-20,2.149e-22,,1.011e-15,8.863e-22,2.723e-12,3.062e-18,6.116e-22,1.720e-14,,6.540e-17,2.953e-42,1.174e-2,7.552e+1,3.111e-34,2.293e-3,2.922e+1,1.383e-27,3.079e-6,6.425e-20,8.848e-2,1.391e-23,1.460e+2,4.470e+1,2.544e-26,4.875e-21,2.691e-23,1.937e-20,8.678e+0,,,,,,,,,,4.181e-20,3.494e-18,,7.844e-21,,,,,,2.319e+0,1.510e-17,1.198e-18,4.847e-17,9.770e+0,7.521e-18
317.57,3.406e+2,1.665e-21,1.967e-10,4.610e-27,,3.414e-16,,2.519e-20,2.147e-22,,1.012e-15,8.881e-22,3.542e-12,3.067e-18,6.116e-22,2.955e-14,,1.477e-16,2.956e-42,1.555e-2,9.363e+1,3.114e-34,4.258e-3,2.016e+1,1.379e-27,1.570e-6,6.428e-20,8.870e-2,1.370e-23,1.559e+2,5.021e+1,2.543e-26,4.876e-21,2.692e-23,1.935e-20,1.080e+1,,,,,,,,,,4.147e-20,3.496e-18,,7.847e-21,,,,,,2.002e+0,1.509e-17,1.199e-18,4.854e-17,7.710e+0,7.524e-18
317.59,3.604e+2,1.666e-21,1.563e-10,3.697e-27,,3.437e-16,,2.517e-20,2.147e-22,,1.013e-15,8.894e-22,4.183e-12,3.070e-18,6.116e-22,4.198e-14,,2.520e-16,2.958e-42,1.858e-2,1.070e+2,3.116e-34,6.373e-3,1.586e+1,1.376e-27,9.923e-7,6.430e-20,8.803e-2,1.356e-23,1.629e+2,5.382e+1,2.543e-26,4.877e-21,2.693e-23,1.934e-20,1.237e+1,,,,,,,,,,4.125e-20,3.497e-18,,7.850e-21,,,,,,1.806e+0,1.508e-17,1.199e-18,4.859e-17,6.521e+0,7.526e-18
317.62,3.947e+2,1.668e-21,1.112e-10,2.617e-27,,3.449e-16,,2.513e-20,2.145e-22,,1.014e-15,8.912e-22,5.298e-12,3.075e-18,6.116e-22,7.010e-14,,5.534e-16,2.961e-42,2.391e-2,1.290e+2,3.120e-34,1.150e-2,1.141e+1,1.373e-27,4.916e-7,6.433e-20,8.583e-2,1.335e-23,1.737e+2,5.896e+1,2.542e-26,4.878e-21,2.695e-23,1.933e-20,1.497e+1,,,,,,,,,,4.092e-20,3.498e-18,,7.853e-21,,,,,,1.539e+0,1.506e-17,1.200e-18,4.867e-17,5.002e+0,7.530e-18
317.64,4.201e+2,1.669e-21,8.911e-11,2.059e-27,,3.445e-16,,2.510e-20,2.145e-22,,1.014e-15,8.924e-22,6.149e-12,3.078e-18,6.116e-22,9.774e-14,,9.262e-16,2.964e-42,2.803e-2,1.448e+2,3.122e-34,1.690e-2,9.503e+0,1.370e-27,3.049e-7,6.435e-20,8.361e-2,1.321e-23,1.812e+2,6.211e+1,2.541e-26,4.879e-21,2.695e-23,1.932e-20,1.683e+1,,,,,,,,,,4.069e-20,3.499e-18,,7.855e-21,,,,,,1.383e+0,1.506e-17,1.200e-18,4.872e-17,4.151e+0,7.532e-18
317.67,4.610e+2,1.671e-21,6.448e-11,1.416e-27,,3.421e-16,,2.507e-20,2.143e-22,,1.015e-15,8.943e-22,7.592e-12,3.084e-18,6.116e-22,1.587e-13,,1.977e-15,2.967e-42,3.507e-2,1.698e+2,3.125e-34,2.965e-2,7.857e+0,1.366e-27,1.468e-7,6.438e-20,7.926e-2,1.300e-23,1.929e+2,6.631e+1,2.540e-26,4.880e-21,2.697e-23,1.930e-20,1.978e+1,,,,,,,,,,4.036e-20,3.501e-18,,7.859e-21,,,,,,1.181e+0,1.504e-17,1.201e-18,4.879e-17,3.094e+0,7.535e-18
317.69,4.897e+2,1.673e-21,5.230e-11,1.093e-27,,3.395e-16,,2.504e-20,2.142e-22,,1.015e-15,8.955e-22,8.664e-12,3.087e-18,6.116e-22,2.171e-13,,3.248e-15,2.969e-42,4.033e-2,1.870e+2,3.127e-34,4.273e-2,7.411e+0,1.364e-27,8.930e-8,6.440e-20,7.577e-2,1.286e-23,2.010e+2,6.866e+1,2.539e-26,4.881e-21,2.698e-23,1.929e-20,2.183e+1,,,,,,,,,,4.013e-20,3.502e-18,,7.861e-21,,,,,,1.068e+0,1.503e-17,1.202e-18,4.884e-17,2.520e+0,7.538e-18
317.72,5.337e+2,1.675e-21,3.855e-11,7.309e-28,,3.344e-16,,2.501e-20,2.141e-22,,1.016e-15,8.973e-22,1.043e-11,3.092e-18,6.116e-22,3.426e-13,,6.742e-15,2.972e-42,4.905e-2,2.132e+2,3.131e-34,7.290e-2,7.516e+0,1.360e-27,4.177e-8,6.443e-20,6.983e-2,1.265e-23,2.137e+2,7.141e+1,2.538e-26,4.882e-21,2.699e-23,1.927e-20,2.495e+1,,,,,,,,,,3.980e-20,3.503e-18,,7.864e-21,,,,,,9.331e-1,1.502e-17,1.202e-18,4.892e-17,1.825e+0,7.541e-18
317.74,5.632e+2,1.676e-21,3.164e-11,5.535e-28,,3.302e-16,,2.498e-20,2.140e-22,,1.017e-15,8.985e-22,1.172e-11,3.095e-18,6.115e-22,4.601e-13,,1.087e-14,2.975e-42,5.536e-2,2.306e+2,3.133e-34,1.031e-1,8.017e+0,1.357e-27,2.493e-8,6.445e-20,6.551e-2,1.251e-23,2.223e+2,7.268e+1,2.538e-26,4.883e-21,2.700e-23,1.926e-20,2.701e+1,,,,,,,,,,3.958e-20,3.504e-18,,7.867e-21,,,,,,8.641e-1,1.501e-17,1.203e-18,4.897e-17,1.458e+0,7.543e-18
317.77,6.064e+2,1.678e-21,2.368e-11,3.597e-28,,3.230e-16,,2.494e-20,2.139e-22,,1.017e-15,9.004e-22,1.378e-11,3.100e-18,6.115e-22,7.059e-13,,2.193e-14,2.978e-42,6.545e-2,2.557e+2,3.136e-34,1.710e-1,9.310e+0,1.354e-27,1.133e-8,6.448e-20,5.869e-2,1.230e-23,2.355e+2,7.367e+1,2.537e-26,4.884e-21,2.701e-23,1.924e-20,3.000e+1,,,,,,,,,,3.924e-20,3.506e-18,,7.870e-21,,,,,,7.893e-1,1.500e-17,1.203e-18,4.904e-17,1.027e+0,7.547e-18
317.79,6.339e+2,1.679e-21,1.959e-11,2.673e-28,,3.175e-16,,2.492e-20,2.138e-22,,1.018e-15,9.016e-22,1.525e-11,3.104e-18,6.115e-22,9.303e-13,,3.470e-14,2.980e-42,7.249e-2,2.715e+2,3.138e-34,2.373e-1,1.049e+1,1.351e-27,6.638e-9,6.450e-20,5.403e-2,1.216e-23,2.444e+2,7.370e+1,2.536e-26,4.885e-21,2.702e-23,1.923e-20,3.187e+1,,,,,,,,,,3.902e-20,3.507e-18,,7.872e-21,,,,,,7.568e-1,1.499e-17,1.204e-18,4.909e-17,8.048e-1,7.549e-18
317.82,6.721e+2,1.681e-21,1.477e-11,1.688e-28,,3.084e-16,,2.488e-20,2.137e-22,,1.019e-15,9.034e-22,1.755e-11,3.109e-18,6.115e-22,1.388e-12,,6.807e-14,2.984e-42,8.330e-2,2.929e+2,3.142e-34,3.826e-1,1.268e+1,1.347e-27,2.932e-9,6.453e-20,4.705e-2,1.196e-23,2.575e+2,7.282e+1,2.535e-26,4.886e-21,2.704e-23,1.922e-20,3.441e+1,,,,,,,,,,3.868e-20,3.508e-18,,7.876e-21,,,,,,7.301e-1,1.498e-17,1.205e-18,4.917e-17,5.507e-1,7.552e-18
317.84,6.950e+2,1.682e-21,1.224e-11,1.230e-28,,3.016e-16,,2.486e-20,2.136e-22,,1.019e-15,9.047e-22,1.914e-11,3.112e-18,6.115e-22,1.795e-12,,1.057e-13,2.986e-42,9.052e-2,3.053e+2,3.144e-34,5.212e-1,1.439e+1,1.345e-27,1.685e-9,6.455e-20,4.250e-2,1.182e-23,2.660e+2,7.163e+1,2.534e-26,4.886e-21,2.704e-23,1.921e-20,3.587e+1,,,,,,,,,,3.846e-20,3.509e-18,,7.878e-21,,,,,,7.245e-1,1.497e-17,1.205e-18,4.922e-17,4.236e-1,7.555e-18
317.86,7.153e+2,1.684e-21,1.013e-11,8.902e-29,,2.943e-16,,2.483e-20,2.135e-22,,1.020e-15,9.059e-22,2.078e-11,3.115e-18,6.115e-22,2.304e-12,,1.628e-13,2.988e-42,9.764e-2,3.159e+2,3.146e-34,7.045e-1,1.628e+1,1.342e-27,9.604e-10,6.457e-20,3.810e-2,1.168e-23,2.741e+2,6.999e+1,2.534e-26,4.887e-21,2.705e-23,1.919e-20,3.712e+1,,,,,,,,,,3.823e-20,3.510e-18,,7.880e-21,,,,,,7.266e-1,1.496e-17,1.206e-18,4.927e-17,3.233e-1,7.557e-18
317.89,7.403e+2,1.686e-21,7.608e-12,5.401e-29,,2.824e-16,,2.480e-20,2.134e-22,,1.020e-15,9.077e-22,2.327e-11,3.120e-18,6.115e-22,3.303e-12,,3.071e-13,2.991e-42,1.078e-1,3.281e+2,3.149e-34,1.092e+0,1.941e+1,1.339e-27,4.076e-10,6.460e-20,3.189e-2,1.147e-23,2.853e+2,6.676e+1,2.533e-26,4.888e-21,2.707e-23,1.918e-20,3.851e+1,,,,,,,,,,3.790e-20,3.512e-18,,7.884e-21,,,,,,7.406e-1,1.495e-17,1.206e-18,4.934e-17,2.126e-1,7.560e-18
317.91,7.528e+2,1.687e-21,6.262e-12,3.834e-29,,2.738e-16,,2.477e-20,2.133e-22,,1.021e-15,9.089e-22,2.496e-11,3.124e-18,6.115e-22,4.161e-12,,4.644e-13,2.993e-42,1.141e-1,3.334e+2,3.151e-34,1.448e+0,2.166e+1,1.336e-27,2.280e-10,6.462e-20,2.805e-2,1.133e-23,2.920e+2,6.417e+1,2.532e-26,4.889e-21,2.708e-23,1.917e-20,3.910e+1,,,,,,,,,,3.768e-20,3.513e-18,,7.886e-21,,,,,,7.547e-1,1.494e-17,1.207e-18,4.939e-17,1.592e-1,7.563e-18
317.94,7.648e+2,1.689e-21,4.643e-12,2.261e-29,,2.601e-16,,2.473e-20,2.132e-22,,1.022e-15,9.108e-22,2.750e-11,3.129e-18,6.115e-22,5.801e-12,,8.515e-13,2.997e-42,1.225e-1,3.369e+2,3.155e-34,2.182e+0,2.522e+1,1.332e-27,9.401e-11,6.465e-20,2.282e-2,1.112e-23,3.004e+2,5.972e+1,2.531e-26,4.890e-21,2.709e-23,1.915e-20,3.944e+1,,,,,,,,,,3.734e-20,3.514e-18,,7.889e-21,,,,,,7.787e-1,1.493e-17,1.208e-18,4.947e-17,1.017e-1,7.566e-18
317.96,7.682e+2,1.690e-21,3.783e-12,1.574e-29,,2.505e-16,,2.471e-20,2.131e-22,,1.022e-15,9.120e-22,2.920e-11,3.132e-18,6.115e-22,7.172e-12,,1.264e-12,2.999e-42,1.272e-1,3.362e+2,3.157e-34,2.841e+0,2.767e+1,1.330e-27,5.159e-11,6.467e-20,1.970e-2,1.098e-23,3.047e+2,5.647e+1,2.530e-26,4.891e-21,2.710e-23,1.914e-20,3.929e+1,,,,,,,,,,3.712e-20,3.515e-18,,7.891e-21,,,,,,7.947e-1,1.492e-17,1.208e-18,4.952e-17,7.474e-2,7.568e-18
317.99,7.663e+2,1.692e-21,2.757e-12,9.022e-30,,2.358e-16,,2.467e-20,2.130e-22,,1.023e-15,9.138e-22,3.172e-11,3.137e-18,6.115e-22,9.720e-12,,2.253e-12,1.036e-41,1.328e-1,3.307e+2,3.160e-34,4.160e+0,3.138e+1,1.326e-27,2.067e-11,6.470e-20,1.558e-2,1.077e-23,3.092e+2,5.129e+1,2.529e-26,4.892e-21,2.711e-23,1.912e-20,3.851e+1,,,,,,,,,,3.678e-20,3.517e-18,,7.895e-21,,,,,,8.154e-1,1.491e-17,1.209e-18,4.959e-17,4.641e-2,7.572e-18
318.01,7.603e+2,1.694e-21,2.218e-12,6.165e-30,,2.262e-16,,2.465e-20,2.129e-22,,1.023e-15,9.151e-22,3.338e-11,3.141e-18,6.115e-22,1.179e-11,,3.281e-12,2.346e-41,1.353e-1,3.242e+2,3.162e-34,5.315e+0,3.383e+1,1.323e-27,1.113e-11,6.472e-20,1.319e-2,1.063e-23,3.106e+2,4.773e+1,2.528e-26,4.893e-21,2.712e-23,1.911e-20,3.765e+1,,,,,,,,,,3.656e-20,3.518e-18,,7.897e-21,,,,,,8.254e-1,1.490e-17,1.209e-18,4.965e-17,3.346e-2,7.574e-18
318.04,7.449e+2,1.696e-21,1.583e-12,3.434e-30,,2.130e-16,,2.461e-20,2.127e-22,,1.024e-15,9.169e-22,3.583e-11,3.146e-18,6.115e-22,1.554e-11,,5.685e-12,7.883e-41,1.372e-1,3.106e+2,3.166e-34,7.567e+0,3.735e+1,1.320e-27,4.333e-12,6.475e-20,1.014e-2,1.042e-23,3.102e+2,4.233e+1,2.527e-26,4.894e-21,2.714e-23,1.909e-20,3.587e+1,,,,,,,,,,3.622e-20,3.519e-18,,7.900e-21,,,,,,8.328e-1,1.488e-17,1.210e-18,4.972e-17,2.020e-2,7.577e-18
318.06,7.306e+2,1.697e-21,1.254e-12,2.302e-30,,2.057e-16,,2.459e-20,2.127e-22,,1.025e-15,9.181e-22,3.743e-11,3.149e-18,6.115e-22,1.850e-11,,8.126e-12,1.752e-40,1.372e-1,2.991e+2,3.168e-34,9.487e+0,3.956e+1,1.317e-27,2.289e-12,6.477e-20,8.433e-3,1.028e-23,3.083e+2,3.877e+1,2.527e-26,4.895e-21,2.714e-23,1.908e-20,3.441e+1,,,,,,,,,,3.600e-20,3.520e-18,,7.903e-21,,,,,,8.317e-1,1.488e-17,1.211e-18,4.977e-17,1.429e-2,7.580e-18
318.09,7.040e+2,1.699e-21,8.744e-13,1.246e-30,,1.986e-16,,2.455e-20,2.125e-22,,1.025e-15,9.199e-22,3.975e-11,3.154e-18,6.115e-22,2.371e-11,,1.369e-11,5.724e-40,1.353e-1,2.790e+2,3.171e-34,1.313e+1,4.255e+1,1.313e-27,8.661e-13,6.480e-20,6.307e-3,1.007e-23,3.029e+2,3.359e+1,2.526e-26,4.896e-21,2.716e-23,1.907e-20,3.187e+1,,,,,,,,,,3.567e-20,3.522e-18,,7.906e-21,,,,,,8.204e-1,1.486e-17,1.211e-18,4.985e-17,8.379e-3,7.583e-18
318.11,6.834e+2,1.700e-21,6.819e-13,8.196e-31,,1.979e-16,,2.452e-20,2.125e-22,,1.026e-15,9.212e-22,4.124e-11,3.157e-18,6.115e-22,2.770e-11,,1.920e-11,1.249e-39,1.328e-1,2.641e+2,3.173e-34,1.616e+1,4.429e+1,1.311e-27,4.488e-13,6.482e-20,5.151e-3,9.934e-24,2.976e+2,3.028e+1,2.525e-26,4.897e-21,2.717e-23,1.906e-20,3.000e+1,,,,,,,,,,3.544e-20,3.523e-18,,7.908e-21,,,,,,8.061e-1,1.485e-17,1.212e-18,4.990e-17,5.816e-3,7.585e-18
318.14,6.492e+2,1.702e-21,4.638e-13,4.311e-31,,2.057e-16,,2.449e-20,2.123e-22,,1.027e-15,9.230e-22,4.337e-11,3.162e-18,6.115e-22,3.451e-11,,3.145e-11,3.966e-39,1.272e-1,2.400e+2,3.177e-34,2.174e+1,4.647e+1,1.307e-27,1.650e-13,6.485e-20,3.756e-3,9.725e-24,2.874e+2,2.563e+1,2.524e-26,4.898e-21,2.718e-23,1.904e-20,2.701e+1,,,,,,,,,,3.511e-20,3.524e-18,,7.912e-21,,,,,,7.750e-1,1.484e-17,1.212e-18,4.997e-17,3.315e-3,7.589e-18
318.16,6.250e+2,1.704e-21,3.556e-13,2.783e-31,,2.191e-16,,2.446e-20,2.122e-22,,1.027e-15,9.242e-22,4.469e-11,3.166e-18,1.409e-21,3.957e-11,,4.330e-11,8.492e-39,1.225e-1,2.233e+2,3.179e-34,2.625e+1,4.763e+1,1.304e-27,8.389e-14,6.487e-20,3.023e-3,9.586e-24,2.792e+2,2.276e+1,2.523e-26,4.899e-21,2.719e-23,1.903e-20,2.495e+1,,,,,,,,,,3.488e-20,3.525e-18,,7.914e-21,,,,,,7.482e-1,1.483e-17,1.213e-18,5.002e-17,2.258e-3,7.591e-18
318.19,5.875e+2,1.706e-21,2.357e-13,1.422e-31,,2.567e-16,,2.443e-20,2.121e-22,,1.028e-15,9.261e-22,4.649e-11,3.171e-18,4.862e-21,4.793e-11,,6.895e-11,2.623e-38,1.141e-1,1.978e+2,3.182e-34,3.434e+1,4.892e+1,1.301e-27,2.997e-14,6.490e-20,2.170e-3,9.377e-24,2.650e+2,1.882e+1,2.522e-26,4.900e-21,2.720e-23,1.901e-20,2.183e+1,,,,,,,,,,3.455e-20,3.527e-18,,7.917e-21,,,,,,7.002e-1,1.482e-17,1.214e-18,5.010e-17,1.251e-3,7.594e-18
318.21,5.626e+2,1.707e-21,1.776e-13,9.007e-32,,2.973e-16,,2.440e-20,2.120e-22,,1.028e-15,9.273e-22,4.754e-11,3.174e-18,1.100e-20,5.394e-11,,9.314e-11,5.513e-38,1.078e-1,1.809e+2,3.184e-34,4.069e+1,4.951e+1,1.298e-27,1.495e-14,6.492e-20,1.741e-3,9.237e-24,2.545e+2,1.645e+1,2.522e-26,4.901e-21,2.721e-23,1.900e-20,1.978e+1,,,,,,,,,,3.433e-20,3.528e-18,,7.920e-21,,,,,,6.637e-1,1.481e-17,1.214e-18,5.015e-17,8.357e-4,7.597e-18
318.23,5.383e+2,1.708e-21,1.329e-13,5.661e-32,,3.540e-16,,2.438e-20,2.119e-22,,1.029e-15,9.285e-22,4.845e-11,3.178e-18,2.469e-20,6.026e-11,,1.249e-10,1.150e-37,1.011e-1,1.643e+2,3.187e-34,4.786e+1,4.995e+1,1.296e-27,7.399e-15,6.494e-20,1.406e-3,9.098e-24,2.434e+2,1.430e+1,2.521e-26,4.901e-21,2.722e-23,1.899e-20,1.779e+1,,,,,,,,,,3.410e-20,3.529e-18,,7.922e-21,,,,,,6.245e-1,1.480e-17,1.215e-18,5.020e-17,5.542e-4,7.599e-18
318.26,5.039e+2,1.710e-21,8.485e-14,2.780e-32,,4.786e-16,,2.434e-20,2.118e-22,,1.030e-15,9.303e-22,4.951e-11,3.183e-18,8.192e-20,7.017e-11,,1.912e-10,3.416e-37,9.052e-2,1.405e+2,3.190e-34,6.019e+1,5.047e+1,1.292e-27,2.540e-15,6.497e-20,1.055e-3,8.889e-24,2.257e+2,1.145e+1,2.520e-26,4.902e-21,2.723e-23,1.897e-20,1.497e+1,,,,,,,,,,3.377e-20,3.530e-18,,7.925e-21,,,,,,5.620e-1,1.479e-17,1.215e-18,5.027e-17,2.950e-4,7.602e-18
318.28,4.829e+2,1.712e-21,6.236e-14,1.714e-32,,5.951e-16,,2.431e-20,2.117e-22,,1.030e-15,9.316e-22,4.999e-11,3.186e-18,1.805e-19,7.693e-11,,2.515e-10,6.993e-37,8.330e-2,1.255e+2,3.192e-34,6.948e+1,5.085e+1,1.289e-27,1.233e-15,6.498e-20,9.075e-4,8.749e-24,2.135e+2,9.797e+0,2.519e-26,4.903e-21,2.724e-23,1.896e-20,1.321e+1,,,,,,,,,,3.354e-20,3.531e-18,,7.928e-21,,,,,,5.190e-1,1.478e-17,1.216e-18,5.032e-17,1.919e-4,7.605e-18
318.31,4.554e+2,1.714e-21,3.876e-14,8.183e-33,,8.355e-16,,2.428e-20,2.116e-22,,1.031e-15,9.334e-22,5.031e-11,3.191e-18,5.824e-19,8.709e-11,,3.744e-10,2.020e-36,7.249e-2,1.047e+2,3.195e-34,8.497e+1,5.181e+1,1.286e-27,4.113e-16,6.501e-20,7.976e-4,8.540e-24,1.949e+2,7.667e+0,2.518e-26,4.904e-21,2.726e-23,1.895e-20,1.080e+1,,,,,,,,,,3.321e-20,3.532e-18,,7.931e-21,,,,,,4.541e-1,1.477e-17,1.217e-18,5.040e-17,9.929e-5,7.608e-18
318.33,4.402e+2,1.715e-21,2.797e-14,4.950e-33,,1.050e-15,,2.425e-20,2.115e-22,,1.031e-15,9.346e-22,5.023e-11,3.194e-18,1.260e-18,9.372e-11,,4.834e-10,4.059e-36,6.545e-2,9.202e+1,3.198e-34,9.627e+1,5.295e+1,1.283e-27,1.959e-16,6.503e-20,7.923e-4,8.401e-24,1.826e+2,6.460e+0,2.518e-26,4.905e-21,2.727e-23,1.893e-20,9.351e+0,,,,,,,,,,3.298e-20,3.533e-18,,7.933e-21,,,,,,4.116e-1,1.476e-17,1.217e-18,5.045e-17,6.338e-5,7.610e-18
318.36,4.228e+2,1.717e-21,1.691e-14,2.296e-33,,1.475e-15,,2.422e-20,2.114e-22,,1.032e-15,9.365e-22,4.965e-11,3.199e-18,3.952e-18,1.032e-10,,6.994e-10,1.140e-35,5.536e-2,7.490e+1,3.201e-34,1.145e+2,5.594e+1,1.279e-27,6.351e-17,6.506e-20,8.816e-4,8.192e-24,1.647e+2,4.940e+0,2.517e-26,4.906e-21,2.728e-23,1.892e-20,7.431e+0,,,,,,,,,,3.265e-20,3.535e-18,,7.937e-21,,,,,,3.501e-1,1.475e-17,1.218e-18,5.052e-17,3.187e-5,7.614e-18
318.38,4.152e+2,1.718e-21,1.198e-14,1.363e-33,,1.841e-15,,2.419e-20,2.113e-22,,1.033e-15,9.377e-22,4.895e-11,3.203e-18,8.391e-18,1.089e-10,,8.863e-10,2.248e-35,4.905e-2,6.477e+1,3.203e-34,1.274e+2,5.916e+1,1.277e-27,2.968e-17,6.508e-20,1.006e-3,8.052e-24,1.531e+2,4.098e+0,2.516e-26,4.907e-21,2.729e-23,1.891e-20,6.315e+0,,,,,,,,,,3.243e-20,3.536e-18,,7.939e-21,,,,,,3.114e-1,1.474e-17,1.218e-18,5.057e-17,1.996e-5,7.616e-18
318.41,4.106e+2,1.720e-21,7.050e-15,6.145e-34,,2.542e-15,,2.415e-20,2.112e-22,,1.033e-15,9.395e-22,4.743e-11,3.208e-18,2.560e-17,1.166e-10,,1.247e-9,6.141e-35,4.033e-2,5.147e+1,3.206e-34,1.474e+2,6.661e+1,1.273e-27,9.349e-18,6.511e-20,1.297e-3,7.843e-24,1.369e+2,3.061e+0,2.515e-26,4.908e-21,2.730e-23,1.889e-20,4.879e+0,,,,,,,,,,3.209e-20,3.537e-18,,7.942e-21,,,,,,2.575e-1,1.473e-17,1.219e-18,5.065e-17,9.753e-6,7.619e-18
318.43,4.123e+2,1.722e-21,4.904e-15,3.579e-34,,3.128e-15,,2.413e-20,2.111e-22,,1.034e-15,9.407e-22,4.611e-11,3.211e-18,5.335e-17,1.209e-10,,1.551e-9,1.189e-34,3.507e-2,4.381e+1,3.208e-34,1.609e+2,7.385e+1,1.270e-27,4.287e-18,6.513e-20,1.565e-3,7.704e-24,1.268e+2,2.500e+0,2.514e-26,4.909e-21,2.731e-23,1.888e-20,4.070e+0,,,,,,,,,,3.187e-20,3.538e-18,,7.945e-21,,,,,,2.247e-1,1.472e-17,1.219e-18,5.070e-17,5.993e-6,7.622e-18
318.46,4.227e+2,1.724e-21,2.806e-15,1.568e-34,,4.217e-15,,2.409e-20,2.110e-22,,1.035e-15,9.426e-22,4.370e-11,3.216e-18,1.583e-16,1.258e-10,,2.120e-9,3.157e-34,2.803e-2,3.400e+1,3.212e-34,1.812e+2,8.920e+1,1.267e-27,1.312e-18,6.516e-20,2.094e-3,7.494e-24,1.132e+2,1.824e+0,2.513e-26,4.910e-21,2.733e-23,1.886e-20,3.059e+0,,,,,,,,,,3.153e-20,3.540e-18,,7.948e-21,,,,,,1.806e-1,1.470e-17,1.220e-18,5.077e-17,2.846e-6,7.625e-18
318.48,4.354e+2,1.725e-21,1.916e-15,8.959e-35,,5.101e-15,,2.407e-20,2.109e-22,,1.035e-15,9.438e-22,4.184e-11,3.220e-18,3.237e-16,1.280e-10,,2.588e-9,5.999e-34,2.391e-2,2.849e+1,3.214e-34,1.945e+2,1.031e+2,1.264e-27,5.902e-19,6.518e-20,2.541e-3,7.355e-24,1.052e+2,1.466e+0,2.513e-26,4.911e-21,2.733e-23,1.885e-20,2.508e+0,,,,,,,,,,3.131e-20,3.541e-18,,7.950e-21,,,,,,1.546e-1,1.469e-17,1.221e-18,5.082e-17,1.716e-6,7.627e-18
318.51,4.635e+2,1.727e-21,1.066e-15,3.815e-35,,6.697e-15,,2.403e-20,2.107e-22,,1.036e-15,9.456e-22,3.873e-11,3.225e-18,9.339e-16,1.295e-10,,3.441e-9,1.549e-33,1.858e-2,2.160e+1,3.217e-34,2.133e+2,1.308e+2,1.260e-27,1.755e-19,6.521e-20,3.370e-3,7.146e-24,9.477e+1,1.044e+0,2.512e-26,4.912e-21,2.735e-23,1.883e-20,1.840e+0,,,,,,,,,,3.097e-20,3.542e-18,,7.954e-21,,,,,,1.208e-1,1.468e-17,1.221e-18,5.090e-17,7.921e-7,7.631e-18
318.53,4.889e+2,1.728e-21,7.143e-16,2.139e-35,,7.956e-15,,2.401e-20,2.107e-22,,1.036e-15,9.469e-22,3.649e-11,3.228e-18,1.875e-15,1.293e-10,,4.121e-9,2.889e-33,1.555e-2,1.782e+1,3.219e-34,2.249e+2,1.547e+2,1.258e-27,7.746e-20,6.523e-20,4.041e-3,7.007e-24,8.901e+1,8.260e-1,2.511e-26,4.913e-21,2.736e-23,1.882e-20,1.489e+0,,,,,,,,,,3.075e-20,3.543e-18,,7.956e-21,,,,,,1.015e-1,1.467e-17,1.222e-18,5.095e-17,4.686e-7,7.633e-18
318.56,5.379e+2,1.730e-21,3.865e-16,8.850e-36,,1.016e-14,,2.397e-20,2.105e-22,,1.037e-15,9.487e-22,3.294e-11,3.233e-18,5.260e-15,1.272e-10,,5.326e-9,7.256e-33,1.174e-2,1.320e+1,3.223e-34,2.406e+2,2.002e+2,1.254e-27,2.239e-20,6.526e-20,5.242e-3,6.797e-24,8.216e+1,5.741e-1,2.510e-26,4.914e-21,2.737e-23,1.881e-20,1.083e+0,,,,,,,,,,3.042e-20,3.545e-18,,7.959e-21,,,,,,7.711e-2,1.466e-17,1.223e-18,5.102e-17,2.102e-7,7.637e-18
318.58,5.784e+2,1.732e-21,2.542e-16,4.868e-36,,1.185e-14,,2.394e-20,2.105e-22,,1.038e-15,9.499e-22,3.051e-11,3.236e-18,1.037e-14,1.247e-10,,6.261e-9,1.328e-32,9.646e-3,1.072e+1,3.225e-34,2.497e+2,2.378e+2,1.251e-27,9.693e-21,6.528e-20,6.184e-3,6.658e-24,7.878e+1,4.468e-1,2.509e-26,4.915e-21,2.738e-23,1.880e-20,8.827e-1,,,,,,,,,,3.019e-20,3.546e-18,,7.962e-21,,,,,,6.358e-2,1.465e-17,1.223e-18,5.107e-17,1.220e-7,7.639e-18
318.61,6.520e+2,1.734e-21,1.337e-16,1.958e-36,,1.471e-14,,2.391e-20,2.103e-22,,1.038e-15,9.517e-22,2.685e-11,3.241e-18,2.828e-14,1.193e-10,,7.867e-9,3.243e-32,7.081e-3,7.762e+0,3.228e-34,2.610e+2,3.067e+2,1.248e-27,9.747e-21,6.531e-20,7.819e-3,6.449e-24,7.545e+1,3.029e-1,2.508e-26,4.916e-21,2.739e-23,1.878e-20,6.754e-1,,,,,,,,,,2.986e-20,3.547e-18,,7.965e-21,,,,,,4.694e-2,1.464e-17,1.224e-18,5.115e-17,5.319e-8,7.642e-18
318.63,7.102e+2,1.735e-21,8.633e-17,1.057e-36,,1.684e-14,,2.388e-20,2.102e-22,,1.039e-15,9.530e-22,2.444e-11,3.245e-18,5.469e-14,1.147e-10,,9.076e-9,5.827e-32,5.708e-3,6.210e+0,3.230e-34,2.669e+2,3.618e+2,1.245e-27,9.784e-21,6.533e-20,9.063e-3,6.310e-24,7.437e+1,2.318e-1,2.508e-26,4.916e-21,2.740e-23,1.877e-20,5.944e-1,,,,,,,,,,2.963e-20,3.548e-18,,7.967e-21,,,,,,3.798e-2,1.463e-17,1.224e-18,5.120e-17,3.029e-8,7.644e-18
318.65,7.762e+2,1.736e-21,5.531e-17,5.659e-37,,1.913e-14,,2.386e-20,2.102e-22,,1.039e-15,9.542e-22,2.209e-11,3.248e-18,1.050e-13,1.096e-10,,1.039e-8,1.039e-31,4.566e-3,4.938e+0,3.233e-34,2.716e+2,4.247e+2,1.243e-27,9.820e-21,6.535e-20,1.043e-2,6.170e-24,7.414e+1,1.763e-1,2.507e-26,4.917e-21,2.741e-23,1.876e-20,5.582e-1,,,,,,,,,,2.941e-20,3.549e-18,,7.970e-21,,,,,,3.050e-2,1.462e-17,1.225e-18,5.125e-17,1.712e-8,7.647e-18
318.68,8.904e+2,1.738e-21,2.797e-17,2.187e-37,,2.285e-14,,2.382e-20,2.100e-22,,1.040e-15,9.560e-22,1.872e-11,3.253e-18,2.755e-13,1.008e-10,,1.255e-8,2.440e-31,3.221e-3,3.461e+0,3.236e-34,2.764e+2,5.344e+2,1.239e-27,9.875e-21,6.538e-20,1.271e-2,5.961e-24,7.534e+1,1.154e-1,2.506e-26,4.918e-21,2.742e-23,1.874e-20,5.915e-1,,,,,,,,,,2.908e-20,3.551e-18,,7.973e-21,,,,,,2.164e-2,1.461e-17,1.226e-18,5.133e-17,7.171e-9,7.650e-18
318.7,9.771e+2,1.739e-21,1.759e-17,1.149e-37,,2.547e-14,,2.380e-20,2.099e-22,,1.041e-15,9.573e-22,1.662e-11,3.257e-18,5.191e-13,9.446e-11,,1.410e-8,4.270e-31,2.529e-3,2.710e+0,3.238e-34,2.783e+2,6.182e+2,1.236e-27,9.912e-21,6.540e-20,1.438e-2,5.822e-24,7.709e+1,8.622e-2,2.505e-26,4.919e-21,2.743e-23,1.873e-20,6.793e-1,,,,,,,,,,2.885e-20,3.552e-18,,7.975e-21,,,,,,1.705e-2,1.460e-17,1.226e-18,5.138e-17,3.976e-9,7.652e-18
318.73,1.123e+3,1.741e-21,8.647e-18,4.315e-38,,2.957e-14,,2.376e-20,2.098e-22,,1.041e-15,9.591e-22,1.371e-11,3.262e-18,1.324e-12,8.452e-11,,1.656e-8,9.751e-31,1.734e-3,1.857e+0,3.241e-34,2.796e+2,7.596e+2,1.232e-27,9.966e-21,6.543e-20,1.708e-2,5.612e-24,8.102e+1,5.499e-2,2.504e-26,4.920e-21,2.745e-23,1.871e-20,9.314e-1,,,,,,,,,,2.852e-20,3.553e-18,,7.979e-21,,,,,,1.176e-2,1.459e-17,1.227e-18,5.145e-17,1.619e-9,7.656e-18
318.75,1.231e+3,1.743e-21,5.336e-18,2.225e-38,,3.236e-14,,2.373e-20,2.097e-22,,1.042e-15,9.603e-22,1.195e-11,3.265e-18,2.449e-12,7.775e-11,,1.826e-8,1.675e-30,1.336e-3,1.432e+0,3.244e-34,2.797e+2,8.639e+2,1.230e-27,1.000e-20,6.545e-20,1.899e-2,5.473e-24,8.446e+1,4.040e-2,2.503e-26,4.921e-21,2.746e-23,1.870e-20,1.200e+0,,,,,,,,,,2.829e-20,3.554e-18,,7.981e-21,,,,,,9.092e-3,1.458e-17,1.227e-18,5.150e-17,8.808e-10,7.658e-18
318.78,1.407e+3,1.745e-21,2.550e-18,8.119e-39,,3.652e-14,,2.370e-20,2.096e-22,,1.043e-15,9.621e-22,9.592e-12,3.270e-18,6.076e-12,6.765e-11,,2.085e-8,3.719e-30,8.903e-4,9.581e-1,3.247e-34,2.793e+2,1.034e+3,1.226e-27,1.006e-20,6.548e-20,2.197e-2,1.900e-23,9.074e+1,2.511e-2,2.502e-26,4.922e-21,2.747e-23,1.869e-20,1.801e+0,,,,,,,,,,2.796e-20,3.556e-18,,7.984e-21,,,,,,6.095e-3,1.457e-17,1.228e-18,5.158e-17,3.485e-10,7.662e-18
318.8,1.533e+3,1.746e-21,1.544e-18,4.107e-39,,3.922e-14,,2.367e-20,2.095e-22,,1.043e-15,9.634e-22,8.208e-12,3.273e-18,1.103e-11,6.109e-11,,2.256e-8,6.271e-30,6.729e-4,7.274e-1,3.249e-34,2.790e+2,1.155e+3,1.224e-27,1.009e-20,6.550e-20,2.402e-2,4.318e-23,9.561e+1,1.813e-2,2.502e-26,4.923e-21,2.748e-23,1.867e-20,2.373e+0,,,,,,,,,,2.773e-20,3.557e-18,,7.987e-21,,,,,,4.624e-3,1.456e-17,1.228e-18,5.163e-17,1.860e-10,7.664e-18
318.83,1.733e+3,1.748e-21,7.173e-19,1.457e-39,,4.304e-14,,2.364e-20,2.094e-22,,1.044e-15,9.652e-22,6.408e-12,3.278e-18,2.661e-11,5.170e-11,,2.505e-8,1.354e-29,4.360e-4,4.755e-1,3.252e-34,2.791e+2,1.346e+3,1.220e-27,1.015e-20,6.553e-20,2.711e-2,1.458e-22,1.039e+2,1.097e-2,2.501e-26,4.924e-21,2.749e-23,1.866e-20,3.574e+0,,,,,,,,,,2.740e-20,3.558e-18,,7.990e-21,,,,,,3.013e-3,1.454e-17,1.229e-18,5.170e-17,7.153e-11,7.667e-18
318.85,1.871e+3,1.749e-21,4.262e-19,7.230e-40,,4.536e-14,,2.361e-20,2.093e-22,,1.044e-15,9.664e-22,5.382e-12,3.282e-18,4.741e-11,4.584e-11,,2.660e-8,2.241e-29,3.234e-4,3.553e-1,3.255e-34,2.798e+2,1.476e+3,1.217e-27,1.019e-20,6.555e-20,2.914e-2,3.252e-22,1.101e+2,7.782e-3,2.500e-26,4.925e-21,2.750e-23,1.865e-20,4.668e+0,,,,,,,,,,6.246e-20,3.559e-18,,7.992e-21,,,,,,2.244e-3,1.454e-17,1.230e-18,5.175e-17,3.747e-11,7.669e-18
318.88,2.082e+3,1.751e-21,1.925e-19,2.492e-40,,4.839e-14,,2.357e-20,2.092e-22,,1.045e-15,9.683e-22,4.086e-12,3.287e-18,1.112e-10,3.774e-11,,2.870e-8,4.704e-29,2.037e-4,2.268e-1,3.258e-34,2.822e+2,1.673e+3,1.214e-27,1.024e-20,6.558e-20,3.209e-2,1.068e-21,1.202e+2,4.587e-3,2.499e-26,4.926e-21,2.752e-23,1.863e-20,6.885e+0,,,,,,,,,,2.120e-19,3.561e-18,,7.996e-21,,,,,,1.421e-3,1.452e-17,1.230e-18,5.183e-17,1.400e-11,7.673e-18
318.9,2.223e+3,1.753e-21,1.122e-19,1.214e-40,,5.005e-14,,2.355e-20,2.091e-22,,1.046e-15,9.695e-22,3.369e-12,3.290e-18,1.945e-10,3.286e-11,,2.991e-8,7.642e-29,1.482e-4,1.668e-1,3.260e-34,2.849e+2,1.801e+3,1.211e-27,1.028e-20,6.560e-20,3.394e-2,2.338e-21,1.275e+2,3.196e-3,2.498e-26,4.927e-21,2.752e-23,1.862e-20,8.845e+0,,,,,,,,,,4.744e-19,3.562e-18,,7.998e-21,,,,,,1.038e-3,1.451e-17,1.231e-18,5.188e-17,7.195e-12,7.675e-18
318.93,2.428e+3,1.755e-21,4.927e-20,4.065e-41,,5.191e-14,,2.351e-20,2.090e-22,,1.046e-15,9.713e-22,2.487e-12,3.295e-18,4.438e-10,2.635e-11,,3.138e-8,1.560e-28,9.074e-5,1.039e-1,3.263e-34,2.908e+2,1.985e+3,1.207e-27,1.033e-20,6.563e-20,3.649e-2,7.466e-21,1.394e+2,1.834e-3,2.497e-26,4.928e-21,2.754e-23,1.860e-20,1.271e+1,,,,,,,,,,1.566e-18,3.563e-18,,8.001e-21,,,,,,6.392e-4,1.450e-17,1.232e-18,5.195e-17,2.613e-12,7.679e-18
318.95,2.558e+3,1.756e-21,2.819e-20,1.942e-41,,5.269e-14,,2.349e-20,2.089e-22,,1.047e-15,9.725e-22,2.012e-12,3.299e-18,7.618e-10,2.255e-11,,3.210e-8,2.487e-28,6.481e-5,7.521e-2,3.266e-34,2.958e+2,2.098e+3,1.205e-27,1.037e-20,6.565e-20,3.799e-2,1.604e-20,1.480e+2,1.255e-3,2.497e-26,4.929e-21,2.755e-23,1.859e-20,1.603e+1,,,,,,,,,,3.440e-18,3.564e-18,,8.004e-21,,,,,,4.582e-4,1.449e-17,1.232e-18,5.200e-17,1.318e-12,7.681e-18
318.98,2.738e+3,1.758e-21,1.203e-20,6.323e-42,,5.313e-14,,2.345e-20,2.087e-22,,1.048e-15,9.744e-22,1.444e-12,3.304e-18,1.690e-9,1.764e-11,,3.274e-8,4.938e-28,3.856e-5,4.573e-2,3.269e-34,3.048e+2,2.249e+3,1.201e-27,1.042e-20,6.568e-20,3.990e-2,4.984e-20,1.617e+2,7.007e-4,2.496e-26,4.930e-21,2.756e-23,1.858e-20,2.239e+1,,,,,,,,,,1.104e-17,3.566e-18,,8.007e-21,,,,,,2.742e-4,1.448e-17,1.233e-18,5.208e-17,4.651e-13,7.684e-18
319,2.844e+3,1.759e-21,6.753e-21,2.964e-42,,5.293e-14,,2.343e-20,2.087e-22,,1.048e-15,9.756e-22,1.147e-12,3.307e-18,2.848e-9,1.487e-11,,3.286e-8,7.727e-28,2.703e-5,3.255e-2,3.271e-34,3.115e+2,2.333e+3,1.198e-27,1.046e-20,6.570e-20,4.091e-2,1.051e-19,1.714e+2,4.708e-4,2.495e-26,4.931e-21,2.757e-23,1.856e-20,2.773e+1,,,,,,,,,,2.381e-17,3.567e-18,,8.009e-21,,,,,,1.929e-4,1.447e-17,1.233e-18,5.213e-17,2.301e-13,7.687e-18
319.02,2.937e+3,1.761e-21,3.762e-21,1.379e-42,,5.233e-14,,2.340e-20,2.086e-22,,1.049e-15,9.768e-22,9.040e-13,3.310e-18,4.763e-9,1.249e-11,,3.274e-8,1.200e-27,1.880e-5,2.301e-2,3.273e-34,3.186e+2,2.402e+3,1.196e-27,1.050e-20,6.572e-20,4.169e-2,2.201e-19,1.815e+2,3.141e-4,2.494e-26,4.931e-21,2.758e-23,1.855e-20,3.408e+1,,,,,,,,,,5.096e-17,3.568e-18,,8.011e-21,,,,,,1.347e-4,1.446e-17,1.234e-18,5.218e-17,1.130e-13,7.689e-18
319.05,3.048e+3,1.763e-21,1.543e-21,4.313e-43,,5.073e-14,,2.336e-20,2.085e-22,,1.049e-15,9.787e-22,6.237e-13,3.315e-18,1.016e-8,9.556e-12,,3.210e-8,2.291e-27,1.075e-5,1.351e-2,3.277e-34,3.294e+2,2.475e+3,1.192e-27,1.055e-20,6.575e-20,4.242e-2,6.575e-19,1.975e+2,1.688e-4,2.493e-26,4.932e-21,2.759e-23,1.854e-20,4.578e+1,,,,,,,,,,1.574e-16,3.569e-18,,8.015e-21,,,,,,7.746e-5,1.445e-17,1.235e-18,5.225e-17,3.832e-14,7.692e-18
319.07,3.102e+3,1.764e-21,8.435e-22,1.969e-43,,4.922e-14,,2.334e-20,2.084e-22,,1.050e-15,9.799e-22,4.824e-13,3.319e-18,1.668e-8,7.997e-12,,3.138e-8,3.493e-27,7.337e-6,9.392e-3,3.279e-34,3.362e+2,2.502e+3,1.190e-27,1.059e-20,6.577e-20,4.260e-2,1.351e-18,2.086e+2,1.106e-4,2.493e-26,4.933e-21,2.760e-23,1.853e-20,5.523e+1,,,,,,,,,,3.308e-16,3.570e-18,,8.017e-21,,,,,,5.307e-5,1.444e-17,1.235e-18,5.230e-17,1.846e-14,7.694e-18
319.1,3.150e+3,1.766e-21,3.362e-22,5.985e-44,,4.639e-14,,2.330e-20,2.082e-22,,1.051e-15,9.817e-22,3.236e-13,3.324e-18,3.460e-8,6.180e-12,,2.991e-8,6.483e-27,4.078e-6,5.375e-3,3.282e-34,3.452e+2,2.507e+3,1.186e-27,1.064e-20,6.580e-20,4.241e-2,3.926e-18,2.260e+2,5.781e-5,2.492e-26,4.934e-21,2.761e-23,1.851e-20,7.217e+1,,,,,,,,,,9.933e-16,3.572e-18,,8.020e-21,,,,,,2.967e-5,1.443e-17,1.236e-18,5.238e-17,6.084e-15,7.698e-18
319.12,3.160e+3,1.767e-21,1.804e-22,2.680e-44,,4.417e-14,,2.328e-20,2.082e-22,,1.051e-15,9.829e-22,2.456e-13,3.327e-18,5.575e-8,5.276e-12,,2.870e-8,9.701e-27,2.731e-6,3.673e-3,3.284e-34,3.499e+2,2.487e+3,1.183e-27,1.068e-20,6.582e-20,4.199e-2,7.920e-18,2.379e+2,3.717e-5,2.491e-26,4.935e-21,2.762e-23,1.850e-20,8.545e+1,,,,,,,,,,2.049e-15,3.573e-18,,8.023e-21,,,,,,1.994e-5,1.442e-17,1.236e-18,5.243e-17,2.876e-15,7.700e-18
319.15,3.142e+3,1.769e-21,6.987e-23,7.919e-45,,4.047e-14,,2.324e-20,2.080e-22,,1.052e-15,9.848e-22,1.602e-13,3.332e-18,1.124e-7,4.319e-12,,2.660e-8,1.751e-26,1.476e-6,2.049e-3,3.287e-34,3.545e+2,2.422e+3,1.179e-27,1.073e-20,6.585e-20,4.092e-2,2.238e-17,2.561e+2,1.890e-5,2.490e-26,4.936e-21,2.764e-23,1.848e-20,1.086e+2,,,,,,,,,,5.983e-15,3.574e-18,,8.026e-21,,,,,,1.084e-5,1.441e-17,1.237e-18,5.250e-17,9.212e-16,7.704e-18
319.17,3.109e+3,1.771e-21,3.678e-23,3.479e-45,,3.782e-14,,2.322e-20,2.079e-22,,1.052e-15,9.860e-22,1.193e-13,3.336e-18,1.778e-7,3.913e-12,,2.505e-8,2.572e-26,9.699e-7,1.376e-3,3.290e-34,3.555e+2,2.358e+3,1.177e-27,1.077e-20,6.587e-20,3.995e-2,4.432e-17,2.684e+2,1.193e-5,2.489e-26,4.937e-21,2.765e-23,1.847e-20,1.262e+2,,,,,,,,,,1.211e-14,3.575e-18,,8.028e-21,,,,,,7.150e-6,1.440e-17,1.237e-18,5.255e-17,4.272e-16,7.706e-18
319.2,3.031e+3,1.773e-21,1.385e-23,9.990e-46,,3.369e-14,,2.318e-20,2.078e-22,,1.053e-15,9.878e-22,7.564e-14,3.341e-18,3.488e-7,3.603e-12,,2.256e-8,4.514e-26,5.094e-7,7.476e-4,3.293e-34,3.537e+2,2.234e+3,1.173e-27,1.082e-20,6.590e-20,3.813e-2,1.218e-16,2.871e+2,5.902e-6,2.488e-26,4.938e-21,2.766e-23,1.845e-20,1.560e+2,,,,,,,,,,3.441e-14,3.577e-18,,8.032e-21,,,,,,3.777e-6,1.439e-17,1.238e-18,5.263e-17,1.330e-16,7.709e-18
319.22,2.962e+3,1.774e-21,7.153e-24,9.983e-46,,3.090e-14,,2.315e-20,2.077e-22,,1.054e-15,9.891e-22,5.529e-14,3.344e-18,5.415e-7,3.570e-12,,2.085e-8,6.507e-26,3.285e-7,4.934e-4,3.295e-34,3.501e+2,2.135e+3,1.171e-27,1.086e-20,6.592e-20,3.672e-2,2.367e-16,2.995e+2,3.657e-6,2.488e-26,4.939e-21,2.767e-23,1.844e-20,1.781e+2,,,,,,,,,,6.838e-14,3.577e-18,,8.034e-21,,,,,,2.445e-6,1.438e-17,1.239e-18,5.268e-17,6.052e-17,7.712e-18
319.25,2.839e+3,1.776e-21,2.618e-24,9.973e-46,,2.676e-14,,2.312e-20,2.076e-22,,1.054e-15,9.909e-22,3.407e-14,3.349e-18,1.033e-6,3.742e-12,,1.826e-8,1.111e-25,1.677e-7,2.611e-4,3.298e-34,3.411e+2,1.966e+3,1.167e-27,1.092e-20,6.595e-20,3.434e-2,6.327e-16,3.181e+2,1.759e-6,2.487e-26,4.940e-21,2.768e-23,1.843e-20,2.141e+2,,,,,,,,,,1.889e-13,3.579e-18,,8.037e-21,,,,,,1.255e-6,1.436e-17,1.239e-18,5.275e-17,1.831e-17,7.715e-18
319.27,2.747e+3,1.777e-21,1.327e-24,9.966e-46,,2.408e-14,,2.309e-20,2.075e-22,,1.055e-15,9.921e-22,2.444e-14,3.352e-18,1.574e-6,3.985e-12,,1.656e-8,1.571e-25,1.061e-7,1.693e-4,3.301e-34,3.329e+2,1.844e+3,1.164e-27,1.095e-20,6.597e-20,3.262e-2,1.207e-15,3.303e+2,1.070e-6,2.486e-26,4.941e-21,2.769e-23,1.842e-20,2.400e+2,,,,,,,,,,3.685e-13,3.580e-18,,8.040e-21,,,,,,7.973e-7,1.436e-17,1.240e-18,5.280e-17,8.175e-18,7.717e-18
319.3,2.598e+3,1.779e-21,4.720e-25,9.955e-46,,2.028e-14,,2.306e-20,2.074e-22,,1.056e-15,9.939e-22,1.464e-14,3.357e-18,2.919e-6,4.514e-12,,1.410e-8,2.608e-25,5.267e-8,8.719e-5,3.304e-34,3.175e+2,1.651e+3,1.161e-27,1.101e-20,6.600e-20,2.991e-2,3.138e-15,3.486e+2,5.005e-7,2.485e-26,4.942e-21,2.771e-23,1.840e-20,2.809e+2,,,,,,,,,,9.902e-13,3.581e-18,,8.043e-21,,,,,,3.979e-7,1.434e-17,1.241e-18,5.288e-17,2.404e-18,7.721e-18
319.32,2.495e+3,1.781e-21,2.347e-25,9.948e-46,,1.791e-14,,2.303e-20,2.073e-22,,1.056e-15,9.952e-22,1.031e-14,3.361e-18,4.366e-6,4.959e-12,,1.255e-8,3.621e-25,3.270e-8,5.553e-5,3.306e-34,3.055e+2,1.520e+3,1.158e-27,1.104e-20,6.602e-20,2.805e-2,5.877e-15,3.606e+2,2.988e-7,2.484e-26,4.943e-21,2.771e-23,1.839e-20,3.092e+2,,,,,,,,,,1.896e-12,3.582e-18,,8.045e-21,,,,,,2.480e-7,1.433e-17,1.241e-18,5.293e-17,1.053e-18,7.723e-18
319.35,2.340e+3,1.783e-21,8.115e-26,9.937e-46,,1.466e-14,,2.299e-20,2.072e-22,,1.057e-15,9.970e-22,6.003e-15,3.366e-18,7.876e-6,5.741e-12,,1.039e-8,5.844e-25,1.578e-8,2.784e-5,3.309e-34,2.857e+2,1.324e+3,1.154e-27,1.110e-20,6.605e-20,2.522e-2,1.486e-14,3.783e+2,1.359e-7,2.483e-26,4.944e-21,2.773e-23,1.837e-20,3.524e+2,3.224e-20,,,,,,,,,4.955e-12,3.584e-18,,8.049e-21,,,,,,1.203e-7,1.432e-17,1.242e-18,5.301e-17,3.009e-19,7.726e-18
319.37,2.239e+3,1.784e-21,3.960e-26,9.930e-46,,1.271e-14,,2.297e-20,2.071e-22,,1.058e-15,9.982e-22,4.147e-15,3.369e-18,1.156e-5,6.321e-12,,9.076e-9,7.966e-25,9.618e-9,1.741e-5,3.312e-34,2.718e+2,1.196e+3,1.152e-27,1.113e-20,6.607e-20,2.336e-2,2.731e-14,3.899e+2,7.961e-8,2.483e-26,4.945e-21,2.774e-23,1.836e-20,3.813e+2,7.329e-20,,,,,,,,,9.314e-12,3.585e-18,,8.051e-21,,,,,,7.359e-8,1.431e-17,1.242e-18,5.306e-17,3.013e-19,7.729e-18
319.39,2.141e+3,1.785e-21,1.918e-26,9.923e-46,,1.093e-14,,2.294e-20,2.070e-22,,1.058e-15,9.995e-22,2.843e-15,3.373e-18,1.685e-5,6.938e-12,,7.867e-9,1.078e-24,5.825e-9,1.081e-5,3.314e-34,2.576e+2,1.073e+3,1.149e-27,1.117e-20,6.609e-20,2.153e-2,4.984e-14,4.014e+2,4.629e-8,2.482e-26,4.945e-21,2.775e-23,1.835e-20,4.096e+2,1.654e-19,,,,,,,,,1.738e-11,3.586e-18,,8.053e-21,,,,,,4.467e-8,1.430e-17,1.243e-18,5.311e-17,3.017e-19,7.731e-18
319.42,2.005e+3,1.787e-21,6.371e-27,9.912e-46,,8.602e-15,,2.291e-20,2.069e-22,,1.059e-15,1.001e-21,1.591e-15,3.378e-18,2.922e-5,7.903e-12,,6.261e-9,1.672e-24,2.726e-9,5.219e-6,3.317e-34,2.369e+2,8.992e+2,1.145e-27,1.123e-20,6.612e-20,1.891e-2,1.212e-13,4.182e+2,2.024e-8,2.481e-26,4.947e-21,2.776e-23,1.833e-20,4.506e+2,5.530e-19,,,,,,,,,4.368e-11,3.587e-18,,8.057e-21,,,,,,2.083e-8,1.429e-17,1.243e-18,5.318e-17,3.022e-19,7.734e-18
319.44,1.922e+3,1.788e-21,3.027e-27,9.905e-46,,7.262e-15,,2.288e-20,2.068e-22,,1.059e-15,1.003e-21,1.071e-15,3.381e-18,4.179e-5,8.558e-12,,5.326e-9,2.221e-24,1.655e-9,3.182e-6,3.319e-34,2.239e+2,7.925e+2,1.143e-27,1.126e-20,6.614e-20,1.727e-2,2.171e-13,4.290e+2,1.155e-8,2.480e-26,4.947e-21,2.777e-23,1.832e-20,4.763e+2,1.225e-18,,,,,,,,,8.001e-11,3.588e-18,,8.059e-21,,,,,,1.240e-8,1.428e-17,1.244e-18,5.323e-17,3.026e-19,7.737e-18
319.47,1.810e+3,1.790e-21,9.775e-28,9.895e-46,,5.555e-15,,2.285e-20,2.067e-22,,1.060e-15,1.004e-21,5.825e-16,3.386e-18,7.048e-5,9.524e-12,,4.121e-9,3.351e-24,8.539e-10,1.494e-6,3.323e-34,2.066e+2,6.477e+2,1.139e-27,1.132e-20,6.617e-20,1.501e-2,5.132e-13,4.446e+2,4.911e-9,2.479e-26,4.948e-21,2.778e-23,1.830e-20,5.116e+2,3.984e-18,,,,,,,,,1.956e-10,3.590e-18,,8.062e-21,,,,,,5.622e-9,1.427e-17,1.245e-18,5.331e-17,3.032e-19,7.740e-18
319.49,1.746e+3,1.792e-21,4.555e-28,9.888e-46,,4.603e-15,,2.282e-20,2.066e-22,,1.061e-15,1.006e-21,3.846e-16,3.389e-18,9.894e-5,1.014e-11,,3.441e-9,4.368e-24,6.542e-10,8.945e-7,3.325e-34,1.969e+2,5.621e+2,1.137e-27,1.135e-20,6.619e-20,1.366e-2,9.025e-13,4.544e+2,2.750e-9,2.479e-26,4.949e-21,2.779e-23,1.829e-20,5.326e+2,8.664e-18,,,,,,,,,3.517e-10,3.591e-18,,8.065e-21,,,,,,3.286e-9,1.426e-17,1.245e-18,5.336e-17,3.035e-19,7.742e-18
319.52,1.664e+3,1.794e-21,1.430e-28,9.877e-46,,3.423e-15,,2.278e-20,2.065e-22,,1.061e-15,1.007e-21,2.034e-16,3.394e-18,1.623e-4,1.099e-11,,2.588e-9,6.409e-24,7.235e-10,4.086e-7,3.328e-34,1.861e+2,4.504e+2,1.133e-27,1.141e-20,6.621e-20,1.189e-2,2.075e-12,4.679e+2,1.137e-9,2.477e-26,4.950e-21,2.781e-23,1.828e-20,5.599e+2,2.740e-17,,,,,,,,,8.363e-10,3.592e-18,,8.068e-21,,,,,,1.448e-9,1.425e-17,1.246e-18,5.343e-17,3.041e-19,7.746e-18
319.54,1.620e+3,1.795e-21,6.541e-29,9.870e-46,,2.784e-15,,2.276e-20,2.064e-22,,1.062e-15,1.009e-21,1.318e-16,3.398e-18,2.236e-4,1.149e-11,,2.120e-9,8.199e-24,1.037e-9,2.401e-7,3.330e-34,1.816e+2,3.871e+2,1.130e-27,1.144e-20,6.623e-20,1.090e-2,3.582e-12,4.759e+2,6.248e-10,2.477e-26,4.951e-21,2.781e-23,1.827e-20,5.752e+2,5.851e-17,,,,,,,,,1.476e-9,3.593e-18,,8.070e-21,,,,,,8.302e-10,1.424e-17,1.246e-18,5.348e-17,3.045e-19,7.748e-18
319.57,1.568e+3,1.797e-21,1.995e-29,9.859e-46,,2.013e-15,,2.272e-20,2.062e-22,,1.063e-15,1.010e-21,6.776e-17,3.403e-18,3.566e-4,1.212e-11,,1.551e-9,1.170e-23,2.128e-9,1.067e-7,3.334e-34,1.795e+2,3.087e+2,1.126e-27,1.150e-20,6.626e-20,9.734e-3,8.010e-12,4.860e+2,2.510e-10,2.476e-26,4.952e-21,2.783e-23,1.825e-20,5.937e+2,1.800e-16,,,,,,,,,3.414e-9,3.595e-18,,8.074e-21,,,,,,3.555e-10,1.423e-17,1.247e-18,5.356e-17,3.050e-19,7.751e-18
319.59,1.543e+3,1.798e-21,8.957e-30,9.852e-46,,1.606e-15,,2.270e-20,2.062e-22,,1.063e-15,1.012e-21,4.308e-17,3.406e-18,4.823e-4,1.244e-11,,1.247e-9,1.469e-23,3.555e-9,6.156e-8,3.336e-34,1.813e+2,2.671e+2,1.124e-27,1.154e-20,6.628e-20,9.170e-3,1.357e-11,4.913e+2,1.354e-10,2.475e-26,4.953e-21,2.784e-23,1.824e-20,6.033e+2,3.772e-16,,,,,,,,,5.915e-9,3.596e-18,,8.076e-21,,,,,,2.001e-10,1.422e-17,1.248e-18,5.361e-17,3.054e-19,7.754e-18
319.62,1.519e+3,1.800e-21,2.656e-30,9.842e-46,,1.129e-15,,2.266e-20,2.060e-22,,1.064e-15,1.014e-21,2.153e-17,3.411e-18,7.481e-4,1.275e-11,,8.863e-10,2.038e-23,7.687e-9,2.660e-8,3.339e-34,1.889e+2,2.199e+2,1.120e-27,1.159e-20,6.631e-20,8.662e-3,2.952e-11,4.965e+2,5.288e-11,2.474e-26,4.954e-21,2.785e-23,1.822e-20,6.141e+2,1.129e-15,,,,,,,,,1.331e-8,3.597e-18,,8.079e-21,,,,,,8.328e-11,1.420e-17,1.248e-18,5.368e-17,3.060e-19,7.757e-18
319.64,1.513e+3,1.802e-21,1.170e-30,9.835e-46,,8.841e-16,,2.264e-20,2.059e-22,,1.064e-15,1.015e-21,1.343e-17,3.415e-18,9.931e-4,1.285e-11,,6.994e-10,2.512e-23,1.277e-8,1.506e-8,3.341e-34,1.972e+2,1.982e+2,1.118e-27,1.163e-20,6.633e-20,8.553e-3,4.909e-11,4.980e+2,2.799e-11,2.473e-26,4.955e-21,2.786e-23,1.821e-20,6.193e+2,2.322e-15,,,,,,,,,2.263e-8,3.598e-18,,8.082e-21,,,,,,4.599e-11,1.420e-17,1.249e-18,5.373e-17,3.063e-19,7.759e-18
319.67,1.516e+3,1.804e-21,3.371e-31,9.824e-46,,6.042e-16,,2.260e-20,2.058e-22,,1.065e-15,1.017e-21,6.526e-18,3.420e-18,1.498e-3,1.281e-11,,4.834e-10,3.389e-23,2.701e-8,6.330e-9,3.345e-34,2.142e+2,1.796e+2,1.114e-27,1.168e-20,6.636e-20,8.738e-3,1.038e-10,4.970e+2,1.063e-11,2.472e-26,4.956e-21,2.787e-23,1.819e-20,6.251e+2,6.758e-15,,,,,,,,,4.952e-8,3.600e-18,,8.085e-21,,,,,,1.861e-11,1.418e-17,1.250e-18,5.381e-17,3.069e-19,7.763e-18
319.69,1.527e+3,1.805e-21,9.023e-31,9.817e-46,,4.644e-16,,2.257e-20,2.057e-22,,1.066e-15,1.018e-21,3.996e-18,3.423e-18,1.952e-3,1.267e-11,,3.744e-10,4.099e-23,4.409e-8,3.519e-9,3.347e-34,2.283e+2,1.762e+2,1.111e-27,1.172e-20,6.638e-20,9.091e-3,1.695e-10,4.941e+2,5.521e-12,2.472e-26,4.957e-21,2.788e-23,1.818e-20,6.281e+2,1.365e-14,,,,,,,,,8.270e-8,3.601e-18,,8.087e-21,,,,,,1.008e-11,1.417e-17,1.250e-18,5.386e-17,3.073e-19,7.765e-18
319.72,1.555e+3,1.807e-21,1.750e-30,9.806e-46,,3.085e-16,,2.254e-20,2.056e-22,,1.066e-15,1.020e-21,1.887e-18,3.428e-18,2.862e-3,1.228e-11,,2.515e-10,5.378e-23,9.069e-8,1.438e-9,3.350e-34,2.530e+2,1.840e+2,1.108e-27,1.177e-20,6.641e-20,9.958e-3,3.487e-10,4.860e+2,2.038e-12,2.471e-26,4.958e-21,2.790e-23,1.817e-20,6.323e+2,3.864e-14,,,,,,,,,1.760e-7,3.602e-18,,8.091e-21,,,,,,3.965e-12,1.416e-17,1.251e-18,5.393e-17,3.078e-19,7.768e-18
319.74,1.583e+3,1.808e-21,2.315e-30,9.799e-46,,2.327e-16,,2.251e-20,2.055e-22,,1.067e-15,1.021e-21,1.134e-18,3.431e-18,3.661e-3,1.192e-11,,1.912e-10,6.385e-23,1.453e-7,7.844e-10,3.352e-34,2.714e+2,1.979e+2,1.105e-27,1.181e-20,6.643e-20,1.075e-2,5.588e-10,4.782e+2,1.039e-12,2.470e-26,4.959e-21,2.790e-23,1.816e-20,6.356e+2,7.660e-14,,,,,,,,,2.886e-7,3.603e-18,,8.093e-21,,,,,,2.109e-12,1.415e-17,1.251e-18,5.398e-17,3.082e-19,7.771e-18
319.76,1.618e+3,1.810e-21,2.880e-30,9.792e-46,,1.742e-16,,2.249e-20,2.054e-22,,1.067e-15,1.022e-21,6.760e-19,3.435e-18,4.647e-3,1.148e-11,,1.442e-10,7.524e-23,2.312e-7,4.248e-10,3.354e-34,2.908e+2,2.185e+2,1.102e-27,1.185e-20,6.645e-20,1.171e-2,8.888e-10,4.686e+2,5.254e-13,2.469e-26,4.959e-21,2.791e-23,1.814e-20,6.397e+2,1.508e-13,,,,,,,,,4.696e-7,3.604e-18,,8.095e-21,,,,,,1.113e-12,1.414e-17,1.252e-18,5.403e-17,3.086e-19,7.773e-18
319.79,1.682e+3,1.812e-21,3.728e-30,9.781e-46,,1.112e-16,,2.245e-20,2.053e-22,,1.068e-15,1.024e-21,3.069e-19,3.440e-18,6.554e-3,1.070e-11,,9.314e-11,9.492e-23,4.573e-7,1.669e-10,3.358e-34,3.210e+2,2.621e+2,1.099e-27,1.190e-20,6.648e-20,1.341e-2,1.758e-9,4.508e+2,1.864e-13,2.468e-26,4.961e-21,2.793e-23,1.813e-20,6.479e+2,4.105e-13,,,,,,,,,9.615e-7,3.606e-18,,8.099e-21,,,,,,4.206e-13,1.413e-17,1.252e-18,5.411e-17,3.091e-19,7.776e-18
319.81,1.733e+3,1.813e-21,4.293e-30,9.774e-46,,8.173e-17,,2.243e-20,2.052e-22,,1.069e-15,1.025e-21,1.796e-19,3.443e-18,8.166e-3,1.012e-11,,6.895e-11,1.098e-22,7.141e-7,8.869e-11,3.360e-34,3.412e+2,2.996e+2,1.096e-27,1.194e-20,6.650e-20,1.471e-2,2.746e-9,4.368e+2,9.253e-14,2.468e-26,4.961e-21,2.794e-23,1.812e-20,6.551e+2,7.930e-13,,,,,,,,,1.536e-6,3.607e-18,,8.101e-21,,,,,,2.178e-13,1.412e-17,1.253e-18,5.416e-17,3.095e-19,7.779e-18
319.84,1.821e+3,1.815e-21,5.141e-30,9.764e-46,,5.074e-17,,2.239e-20,2.051e-22,,1.069e-15,1.027e-21,7.923e-20,3.448e-18,1.120e-2,9.173e-12,,4.330e-11,1.347e-22,1.374e-6,3.388e-11,3.363e-34,3.705e+2,3.685e+2,1.092e-27,1.199e-20,6.653e-20,1.686e-2,5.283e-9,4.133e+2,3.191e-14,2.467e-26,4.962e-21,2.795e-23,1.810e-20,6.689e+2,2.100e-12,,,,,,,,,3.060e-6,3.608e-18,,8.104e-21,,,,,,8.002e-14,1.411e-17,1.254e-18,5.423e-17,3.101e-19,7.782e-18
319.86,1.888e+3,1.816e-21,5.706e-30,9.757e-46,,3.659e-17,,2.237e-20,2.050e-22,,1.070e-15,1.028e-21,4.549e-20,3.451e-18,1.370e-2,8.511e-12,,3.145e-11,1.529e-22,2.106e-6,1.767e-11,3.365e-34,3.888e+2,4.226e+2,1.090e-27,1.203e-20,6.655e-20,1.838e-2,8.097e-9,3.962e+2,1.554e-14,2.466e-26,4.963e-21,2.796e-23,1.809e-20,6.802e+2,3.983e-12,,,,,,,,,4.800e-6,3.609e-18,,8.107e-21,,,,,,4.066e-14,1.410e-17,1.254e-18,5.428e-17,3.104e-19,7.784e-18
319.89,1.997e+3,1.818e-21,6.554e-30,9.746e-46,,2.209e-17,,2.233e-20,2.049e-22,,1.071e-15,1.030e-21,1.952e-20,3.457e-18,1.827e-2,7.500e-12,,1.920e-11,1.824e-22,3.940e-6,6.563e-12,3.369e-34,4.130e+2,5.157e+2,1.086e-27,1.208e-20,6.658e-20,2.074e-2,1.515e-8,3.688e+2,5.210e-15,2.465e-26,4.964e-21,2.797e-23,1.807e-20,7.000e+2,1.026e-11,,,,,,,,,9.303e-6,3.611e-18,,8.110e-21,,,,,,1.452e-14,1.409e-17,1.255e-18,5.436e-17,3.110e-19,7.788e-18
319.91,2.076e+3,1.820e-21,7.119e-30,9.739e-46,,1.563e-17,,2.230e-20,2.048e-22,,1.071e-15,1.031e-21,1.100e-20,3.460e-18,2.193e-2,6.830e-12,,1.369e-11,2.032e-22,5.928e-6,3.360e-12,3.371e-34,4.265e+2,5.851e+2,1.084e-27,1.212e-20,6.660e-20,2.233e-2,2.279e-8,3.498e+2,2.491e-15,2.464e-26,4.965e-21,2.798e-23,1.806e-20,7.150e+2,1.910e-11,,,,,,,,,1.433e-5,3.612e-18,,8.112e-21,,,,,,7.240e-15,1.408e-17,1.255e-18,5.441e-17,3.114e-19,7.790e-18
319.94,2.202e+3,1.822e-21,7.967e-30,9.728e-46,,9.182e-18,,2.227e-20,2.047e-22,,1.072e-15,1.033e-21,4.585e-21,3.465e-18,2.844e-2,5.853e-12,,8.126e-12,2.357e-22,1.079e-5,1.213e-12,3.374e-34,4.420e+2,6.992e+2,1.080e-27,1.217e-20,6.663e-20,2.465e-2,4.148e-8,3.208e+2,8.115e-16,2.463e-26,4.966e-21,2.800e-23,1.804e-20,7.396e+2,4.786e-11,,,,,,,,,2.702e-5,3.613e-18,,8.116e-21,,,,,,2.513e-15,1.407e-17,1.256e-18,5.449e-17,3.119e-19,7.793e-18
319.96,2.288e+3,1.823e-21,8.532e-30,9.721e-46,,6.387e-18,,2.224e-20,2.046e-22,,1.072e-15,1.034e-21,2.535e-21,3.468e-18,3.352e-2,5.231e-12,,5.685e-12,2.578e-22,1.593e-5,6.094e-13,3.376e-34,4.488e+2,7.809e+2,1.077e-27,1.221e-20,6.665e-20,2.612e-2,6.126e-8,3.014e+2,3.806e-16,2.463e-26,4.967e-21,2.800e-23,1.803e-20,7.570e+2,8.747e-11,,,,,,,,,4.086e-5,3.614e-18,,8.118e-21,,,,,,1.230e-15,1.406e-17,1.257e-18,5.454e-17,3.123e-19,7.796e-18
319.99,2.420e+3,1.825e-21,9.380e-30,9.711e-46,,3.673e-18,,2.220e-20,2.045e-22,,1.073e-15,1.036e-21,1.028e-21,3.473e-18,4.228e-2,4.358e-12,,3.281e-12,2.908e-22,2.820e-5,2.139e-13,3.380e-34,4.532e+2,9.097e+2,1.073e-27,1.227e-20,6.668e-20,2.811e-2,1.084e-7,2.730e+2,1.204e-16,2.462e-26,4.968e-21,2.802e-23,1.802e-20,7.839e+2,2.131e-10,,,,,,,,,7.496e-5,3.616e-18,,8.121e-21,,,,,,4.150e-16,1.405e-17,1.257e-18,5.461e-17,3.128e-19,7.799e-18
320.01,2.507e+3,1.826e-21,9.945e-30,9.704e-46,,2.539e-18,,2.218e-20,2.044e-22,,1.074e-15,1.037e-21,5.576e-22,3.477e-18,4.890e-2,3.823e-12,,2.253e-12,3.122e-22,4.088e-5,1.054e-13,3.382e-34,4.522e+2,9.981e+2,1.071e-27,1.230e-20,6.670e-20,2.926e-2,1.572e-7,2.548e+2,5.543e-17,2.461e-26,4.969e-21,2.803e-23,1.801e-20,8.017e+2,3.824e-10,,,,,,,,,1.113e-4,3.617e-18,,8.124e-21,,,,,,1.992e-16,1.404e-17,1.258e-18,5.466e-17,3.132e-19,7.801e-18
320.04,2.633e+3,1.828e-21,1.079e-29,9.693e-46,,1.497e-18,,2.214e-20,2.042e-22,,1.074e-15,1.039e-21,2.197e-22,3.482e-18,5.999e-2,3.098e-12,,1.264e-12,3.424e-22,7.036e-5,3.599e-14,3.385e-34,4.449e+2,1.132e+3,1.067e-27,1.236e-20,6.673e-20,3.066e-2,2.705e-7,2.290e+2,1.707e-17,2.460e-26,4.970e-21,2.804e-23,1.799e-20,8.274e+2,9.063e-10,,,,,,,,,1.987e-4,3.618e-18,,8.127e-21,,,,,,6.535e-17,1.402e-17,1.259e-18,5.474e-17,3.138e-19,7.805e-18
320.06,2.712e+3,1.830e-21,1.136e-29,9.686e-46,,1.110e-18,,2.212e-20,2.042e-22,,1.075e-15,1.040e-21,1.170e-22,3.485e-18,6.812e-2,2.667e-12,,8.515e-13,3.608e-22,1.001e-4,1.741e-14,3.387e-34,4.362e+2,1.219e+3,1.065e-27,1.239e-20,6.675e-20,3.134e-2,3.850e-7,2.130e+2,7.709e-18,2.459e-26,4.971e-21,2.805e-23,1.798e-20,8.433e+2,1.596e-9,,,,,,,,,2.899e-4,3.619e-18,,8.129e-21,,,,,,3.079e-17,1.402e-17,1.259e-18,5.479e-17,3.141e-19,7.807e-18
320.09,2.818e+3,1.832e-21,1.221e-29,9.675e-46,,8.572e-19,,2.208e-20,2.040e-22,,1.076e-15,1.042e-21,4.481e-23,3.490e-18,8.128e-2,2.102e-12,,4.644e-13,3.848e-22,1.676e-4,5.775e-15,3.391e-34,4.182e+2,1.344e+3,1.061e-27,1.245e-20,6.678e-20,3.195e-2,6.444e-7,1.914e+2,2.307e-18,2.458e-26,4.972e-21,2.806e-23,1.796e-20,8.643e+2,3.680e-9,,,,,,,,,5.037e-4,3.621e-18,,8.133e-21,,,,,,9.815e-18,1.400e-17,1.260e-18,5.486e-17,3.147e-19,7.810e-18
320.11,2.879e+3,1.833e-21,1.277e-29,9.668e-46,,8.735e-19,,2.206e-20,2.039e-22,,1.076e-15,1.043e-21,2.341e-23,3.493e-18,9.061e-2,1.778e-12,,3.071e-13,3.980e-22,2.341e-4,2.742e-15,3.393e-34,4.031e+2,1.422e+3,1.058e-27,1.248e-20,6.680e-20,3.207e-2,9.001e-7,1.787e+2,1.023e-18,2.458e-26,4.973e-21,2.807e-23,1.795e-20,8.759e+2,6.363e-9,,,,,,,,,7.215e-4,3.622e-18,,8.135e-21,,,,,,4.538e-18,1.399e-17,1.260e-18,5.491e-17,3.151e-19,7.813e-18
320.13,2.931e+3,1.834e-21,1.334e-29,9.661e-46,,1.037e-18,,2.203e-20,2.039e-22,,1.077e-15,1.045e-21,1.214e-23,3.497e-18,1.003e-1,1.493e-12,,2.016e-13,4.086e-22,3.246e-4,1.292e-15,3.395e-34,3.861e+2,1.492e+3,1.056e-27,1.252e-20,6.682e-20,3.194e-2,1.248e-6,1.674e+2,4.498e-19,2.457e-26,4.973e-21,2.808e-23,1.794e-20,8.853e+2,1.092e-8,,,,,,,,,1.026e-3,3.623e-18,,8.137e-21,,,,,,2.082e-18,1.399e-17,1.261e-18,5.496e-17,3.154e-19,7.815e-18
320.16,2.988e+3,1.836e-21,1.418e-29,9.650e-46,,1.610e-18,,2.199e-20,2.037e-22,,1.077e-15,1.047e-21,4.469e-24,3.502e-18,1.151e-1,1.136e-12,,1.057e-13,4.191e-22,5.226e-4,4.119e-16,3.398e-34,3.574e+2,1.582e+3,1.052e-27,1.258e-20,6.685e-20,3.132e-2,2.009e-6,1.533e+2,1.294e-19,2.456e-26,4.975e-21,2.809e-23,1.792e-20,8.944e+2,2.421e-8,,,,,,,,,1.717e-3,3.624e-18,,8.140e-21,,,,,,6.379e-19,1.397e-17,1.261e-18,5.504e-17,3.160e-19,7.818e-18
320.18,3.010e+3,1.838e-21,1.475e-29,9.643e-46,,2.284e-18,,2.197e-20,2.036e-22,,1.078e-15,1.048e-21,2.274e-24,3.505e-18,1.251e-1,9.397e-13,,6.807e-14,4.224e-22,7.112e-4,1.900e-16,3.401e-34,3.368e+2,1.630e+3,1.049e-27,1.261e-20,6.687e-20,3.063e-2,2.734e-6,1.458e+2,2.342e-19,2.455e-26,4.975e-21,2.810e-23,1.791e-20,8.969e+2,4.079e-8,,,,,,,,,2.399e-3,3.625e-18,,8.143e-21,,,,,,2.872e-19,1.396e-17,1.262e-18,5.509e-17,3.164e-19,7.821e-18
320.21,3.018e+3,1.840e-21,1.560e-29,9.633e-46,,3.950e-18,,2.193e-20,2.035e-22,,1.079e-15,1.050e-21,8.138e-25,3.510e-18,1.399e-1,7.027e-13,,3.470e-14,4.215e-22,1.114e-3,5.890e-17,3.404e-34,3.048e+2,1.681e+3,1.046e-27,1.267e-20,6.690e-20,2.921e-2,4.281e-6,1.373e+2,3.913e-19,2.454e-26,4.977e-21,2.812e-23,1.790e-20,8.946e+2,8.798e-8,,,,,,,,,3.909e-3,3.626e-18,,8.146e-21,,,,,,8.554e-20,1.395e-17,1.263e-18,5.516e-17,3.169e-19,7.824e-18
320.23,3.006e+3,1.841e-21,1.616e-29,9.626e-46,,5.695e-18,,2.191e-20,2.034e-22,,1.079e-15,1.051e-21,4.064e-25,3.514e-18,1.493e-1,5.788e-13,,2.193e-14,4.170e-22,1.488e-3,2.673e-17,3.406e-34,2.831e+2,1.700e+3,1.043e-27,1.270e-20,6.692e-20,2.804e-2,5.720e-6,1.335e+2,4.961e-19,2.454e-26,4.977e-21,2.813e-23,1.788e-20,8.888e+2,1.455e-7,,,,,,,,,5.366e-3,3.627e-18,,8.148e-21,,,,,,3.779e-20,1.394e-17,1.263e-18,5.521e-17,3.173e-19,7.826e-18
320.26,2.960e+3,1.843e-21,1.701e-29,9.615e-46,,9.767e-18,,2.187e-20,2.033e-22,,1.080e-15,1.053e-21,1.414e-25,3.519e-18,1.626e-1,4.377e-13,,1.087e-14,4.049e-22,2.266e-3,8.056e-18,3.409e-34,2.509e+2,1.705e+3,1.039e-27,1.276e-20,6.695e-20,2.601e-2,8.709e-6,1.302e+2,6.532e-19,2.453e-26,4.978e-21,2.814e-23,1.787e-20,8.737e+2,3.053e-7,,,,,,,,,8.516e-3,3.629e-18,,8.152e-21,,,,,,1.094e-20,1.393e-17,1.264e-18,5.529e-17,3.179e-19,7.830e-18
320.28,2.911e+3,1.844e-21,1.758e-29,9.608e-46,,1.388e-17,,2.185e-20,2.032e-22,,1.080e-15,1.054e-21,6.928e-26,3.522e-18,1.706e-1,3.704e-13,,6.742e-15,3.935e-22,2.971e-3,3.587e-18,3.412e-34,2.301e+2,1.692e+3,1.037e-27,1.279e-20,6.697e-20,2.452e-2,1.142e-5,1.296e+2,7.580e-19,2.452e-26,4.979e-21,2.815e-23,1.786e-20,8.592e+2,4.956e-7,,,,,,,,,1.149e-2,3.630e-18,,8.154e-21,,,,,,4.743e-21,1.392e-17,1.264e-18,5.534e-17,3.182e-19,7.832e-18
320.31,2.813e+3,1.846e-21,1.842e-29,9.597e-46,,2.321e-17,,2.181e-20,2.031e-22,,1.081e-15,1.056e-21,2.343e-26,3.527e-18,1.812e-1,3.057e-13,,3.248e-15,3.720e-22,4.400e-3,1.051e-18,3.415e-34,2.006e+2,1.650e+3,1.033e-27,1.285e-20,6.700e-20,2.214e-2,1.691e-5,1.307e+2,9.151e-19,2.451e-26,4.980e-21,2.816e-23,1.784e-20,8.310e+2,1.011e-6,,,,,,,,,1.776e-2,3.631e-18,,8.157e-21,,,,,,5.024e-21,1.391e-17,1.265e-18,5.541e-17,3.188e-19,7.835e-18
320.33,2.731e+3,1.847e-21,1.899e-29,9.590e-46,,3.241e-17,,2.179e-20,2.030e-22,,1.082e-15,1.057e-21,1.127e-26,3.530e-18,1.872e-1,2.851e-13,,1.978e-15,3.552e-22,5.665e-3,4.593e-19,3.417e-34,1.823e+2,1.608e+3,1.031e-27,1.289e-20,6.702e-20,2.051e-2,2.177e-5,1.326e+2,1.020e-18,2.450e-26,4.981e-21,2.817e-23,1.783e-20,8.079e+2,1.612e-6,,,,,,,,,2.355e-2,3.632e-18,,8.160e-21,,,,,,5.211e-21,1.390e-17,1.266e-18,5.546e-17,3.192e-19,7.838e-18
320.36,2.586e+3,1.849e-21,1.984e-29,9.580e-46,,5.272e-17,,2.175e-20,2.029e-22,,1.082e-15,1.059e-21,3.703e-27,3.535e-18,1.943e-1,2.868e-13,,9.263e-16,3.273e-22,8.160e-3,1.308e-19,3.420e-34,1.572e+2,1.524e+3,1.027e-27,1.294e-20,6.705e-20,1.806e-2,3.136e-5,1.367e+2,1.177e-18,2.449e-26,4.982e-21,2.819e-23,1.781e-20,7.675e+2,3.198e-6,,,,,,,,,3.548e-2,3.634e-18,,8.163e-21,,,,,,5.493e-21,1.389e-17,1.266e-18,5.554e-17,3.197e-19,7.841e-18
320.38,2.477e+3,1.851e-21,2.040e-29,9.573e-46,,7.226e-17,,2.172e-20,2.028e-22,,1.083e-15,1.060e-21,1.747e-27,3.539e-18,1.979e-1,3.099e-13,,5.535e-16,3.075e-22,1.031e-2,1.311e-19,3.422e-34,1.422e+2,1.458e+3,1.024e-27,1.298e-20,6.707e-20,1.648e-2,3.962e-5,1.401e+2,1.282e-18,2.448e-26,4.983e-21,2.819e-23,1.780e-20,7.371e+2,5.004e-6,,,,,,,,,4.624e-2,3.635e-18,,8.165e-21,,,,,,5.680e-21,1.388e-17,1.267e-18,5.559e-17,3.201e-19,7.843e-18
320.41,2.299e+3,1.853e-21,2.125e-29,9.562e-46,,1.143e-16,,2.169e-20,2.027e-22,,1.084e-15,1.062e-21,5.584e-28,3.544e-18,2.016e-1,3.795e-13,,2.524e-16,2.770e-22,1.445e-2,1.316e-19,3.426e-34,1.222e+2,1.344e+3,1.020e-27,1.303e-20,6.710e-20,1.425e-2,5.550e-5,1.458e+2,1.439e-18,2.447e-26,4.984e-21,2.821e-23,1.779e-20,6.868e+2,9.659e-6,,,,,,,,,6.794e-2,3.636e-18,,8.169e-21,,,,,,5.961e-21,1.387e-17,1.267e-18,5.566e-17,3.207e-19,7.847e-18
320.43,2.173e+3,1.854e-21,2.181e-29,9.555e-46,,1.538e-16,,2.166e-20,2.026e-22,,1.084e-15,1.063e-21,2.586e-28,3.547e-18,2.030e-1,4.514e-13,,1.486e-16,2.566e-22,1.792e-2,1.320e-19,3.428e-34,1.106e+2,1.261e+3,1.018e-27,1.307e-20,6.712e-20,1.289e-2,6.883e-5,1.498e+2,1.544e-18,2.447e-26,4.985e-21,2.822e-23,1.777e-20,6.507e+2,1.484e-5,,,,,,,,,8.707e-2,3.637e-18,,8.171e-21,,,,,,6.149e-21,1.386e-17,1.268e-18,5.571e-17,3.210e-19,7.849e-18
320.46,1.977e+3,1.856e-21,2.266e-29,9.544e-46,,2.367e-16,,2.162e-20,2.025e-22,,1.085e-15,1.065e-21,8.033e-29,3.552e-18,2.040e-1,6.025e-13,,6.754e-17,2.269e-22,2.442e-2,1.325e-19,3.431e-34,9.568e+1,1.131e+3,1.014e-27,1.312e-20,6.715e-20,1.112e-2,9.377e-5,1.559e+2,1.701e-18,2.446e-26,4.986e-21,2.823e-23,1.776e-20,5.938e+2,2.785e-5,,,,,,,,,1.248e-1,3.639e-18,,8.174e-21,,,,,,6.430e-21,1.384e-17,1.269e-18,5.579e-17,3.216e-19,7.852e-18
320.48,1.844e+3,1.857e-21,2.323e-29,9.537e-46,,3.126e-16,,2.160e-20,2.024e-22,,1.085e-15,1.066e-21,3.650e-29,3.556e-18,2.041e-1,7.359e-13,,4.146e-17,2.081e-22,2.974e-2,1.328e-19,3.433e-34,8.725e+1,1.042e+3,1.012e-27,1.316e-20,6.717e-20,1.016e-2,1.142e-4,1.598e+2,1.806e-18,2.445e-26,4.987e-21,2.824e-23,1.775e-20,5.546e+2,4.200e-5,,,,,,,,,1.573e-1,3.640e-18,,8.177e-21,,,,,,6.617e-21,1.384e-17,1.269e-18,5.584e-17,3.220e-19,7.855e-18
320.51,1.646e+3,1.859e-21,2.407e-29,9.526e-46,,4.678e-16,,2.156e-20,2.022e-22,,1.086e-15,1.068e-21,1.102e-29,3.561e-18,2.040e-1,9.927e-13,,2.528e-17,1.823e-22,3.942e-2,1.333e-19,3.437e-34,7.665e+1,9.085e+2,1.008e-27,1.321e-20,6.720e-20,9.107e-3,1.512e-4,1.654e+2,1.963e-18,2.444e-26,4.988e-21,2.825e-23,1.773e-20,4.951e+2,7.668e-5,,,,,,,,,2.200e-1,3.641e-18,,8.180e-21,,,,,,6.898e-21,1.382e-17,1.270e-18,5.591e-17,3.225e-19,7.858e-18
320.53,1.517e+3,1.861e-21,2.464e-29,9.519e-46,,6.065e-16,,2.154e-20,2.022e-22,,1.087e-15,1.069e-21,4.914e-30,3.564e-18,2.041e-1,1.207e-12,,2.515e-17,1.668e-22,4.714e-2,1.336e-19,3.439e-34,7.079e+1,8.215e+2,1.005e-27,1.325e-20,6.722e-20,8.716e-3,1.807e-4,1.690e+2,4.485e-18,2.443e-26,4.989e-21,2.826e-23,1.772e-20,4.555e+2,1.135e-4,,,,,,,,,2.730e-1,3.642e-18,,8.182e-21,,,,,,7.086e-21,1.381e-17,1.270e-18,5.596e-17,3.229e-19,7.860e-18
320.55,1.393e+3,1.862e-21,2.520e-29,9.512e-46,,7.804e-16,,2.151e-20,2.021e-22,,1.087e-15,1.070e-21,2.175e-30,3.567e-18,2.044e-1,1.459e-12,,3.310e-17,1.529e-22,5.595e-2,1.340e-19,3.441e-34,6.578e+1,7.373e+2,1.003e-27,1.329e-20,6.724e-20,8.614e-3,2.144e-4,1.724e+2,1.017e-17,2.443e-26,4.989e-21,2.827e-23,1.771e-20,4.164e+2,1.668e-4,,,,,,,,,3.365e-1,3.643e-18,,8.185e-21,,,,,,7.273e-21,1.380e-17,1.271e-18,5.601e-17,3.233e-19,7.863e-18
320.58,1.216e+3,1.864e-21,2.605e-29,9.502e-46,,1.123e-15,,2.148e-20,2.019e-22,,1.088e-15,1.072e-21,6.312e-31,3.572e-18,2.062e-1,1.917e-12,,6.591e-17,1.353e-22,7.137e-2,1.345e-19,3.444e-34,5.961e+1,6.182e+2,9.990e-28,1.334e-20,6.727e-20,9.095e-3,2.732e-4,1.775e+2,3.427e-17,2.442e-26,4.991e-21,2.828e-23,1.769e-20,3.597e+2,2.929e-4,,,,,,,,,4.553e-1,3.645e-18,,8.188e-21,,,,,,7.554e-21,1.379e-17,1.272e-18,5.609e-17,3.238e-19,7.866e-18
320.6,1.106e+3,1.865e-21,2.662e-29,9.495e-46,,1.419e-15,,2.145e-20,2.019e-22,,1.088e-15,1.073e-21,2.741e-31,3.576e-18,2.084e-1,2.281e-12,,1.107e-16,1.257e-22,8.318e-2,1.348e-19,3.447e-34,5.623e+1,5.446e+2,9.964e-28,1.338e-20,6.729e-20,9.912e-3,3.181e-4,1.810e+2,7.631e-17,2.441e-26,4.991e-21,2.829e-23,1.768e-20,3.237e+2,4.225e-4,,,,,,,,,5.526e-1,3.646e-18,,8.190e-21,,,,,,7.742e-21,1.378e-17,1.272e-18,5.614e-17,3.242e-19,7.868e-18
320.63,9.567e+2,1.867e-21,2.747e-29,9.484e-46,,1.987e-15,,2.142e-20,2.017e-22,,1.089e-15,1.075e-21,2.846e-31,3.581e-18,2.138e-1,2.920e-12,,2.434e-16,1.145e-22,1.033e-1,1.353e-19,3.450e-34,5.203e+1,4.442e+2,9.926e-28,1.343e-20,6.732e-20,1.203e-2,3.942e-4,1.867e+2,2.501e-16,2.440e-26,4.992e-21,2.831e-23,1.766e-20,2.728e+2,7.217e-4,,,,,,,,,7.306e-1,3.647e-18,,8.194e-21,,,,,,8.023e-21,1.377e-17,1.273e-18,5.622e-17,3.247e-19,7.872e-18
320.65,8.676e+2,1.869e-21,2.803e-29,9.477e-46,,2.463e-15,,2.139e-20,2.016e-22,,1.090e-15,1.077e-21,2.916e-31,3.584e-18,2.189e-1,3.412e-12,,4.096e-16,1.092e-22,1.182e-1,1.356e-19,3.452e-34,4.968e+1,3.842e+2,2.267e-27,1.347e-20,6.734e-20,1.415e-2,4.506e-4,1.910e+2,5.468e-16,2.439e-26,4.993e-21,2.832e-23,1.765e-20,2.415e+2,1.022e-3,,,,,,,,,8.735e-1,3.648e-18,,8.196e-21,,,,,,8.210e-21,1.376e-17,1.273e-18,5.627e-17,3.251e-19,7.874e-18
320.68,7.505e+2,1.871e-21,2.888e-29,9.466e-46,,3.354e-15,,2.135e-20,2.015e-22,,1.090e-15,1.078e-21,3.021e-31,3.589e-18,2.291e-1,4.251e-12,,8.833e-16,1.038e-22,1.429e-1,1.361e-19,3.455e-34,4.665e+1,3.049e+2,7.714e-27,1.352e-20,6.737e-20,1.859e-2,5.430e-4,1.990e+2,1.743e-15,2.438e-26,4.994e-21,2.833e-23,1.764e-20,1.985e+2,1.698e-3,,,,,,,,,1.129e+0,3.650e-18,,8.199e-21,,,,,,8.491e-21,1.375e-17,1.274e-18,5.634e-17,3.257e-19,7.877e-18
320.7,6.839e+2,1.872e-21,2.944e-29,9.459e-46,,4.083e-15,,2.133e-20,2.014e-22,,1.091e-15,1.080e-21,3.091e-31,3.593e-18,2.375e-1,4.876e-12,,1.461e-15,1.019e-22,1.607e-1,1.365e-19,3.458e-34,4.485e+1,2.590e+2,1.729e-26,1.356e-20,6.739e-20,2.254e-2,6.093e-4,2.055e+2,3.742e-15,2.438e-26,4.995e-21,2.834e-23,1.762e-20,1.728e+2,2.360e-3,,,,,,,,,1.330e+0,3.651e-18,,8.202e-21,,,,,,8.679e-21,1.374e-17,1.274e-18,5.639e-17,3.260e-19,7.880e-18
320.73,6.011e+2,1.874e-21,3.029e-29,9.449e-46,,5.407e-15,,2.129e-20,2.013e-22,,1.092e-15,1.081e-21,3.195e-31,3.598e-18,2.525e-1,5.909e-12,,3.067e-15,1.010e-22,1.892e-1,1.370e-19,3.461e-34,4.239e+1,2.004e+2,5.726e-26,1.362e-20,6.741e-20,3.020e-2,7.141e-4,2.176e+2,1.161e-14,2.437e-26,4.996e-21,2.835e-23,1.761e-20,1.386e+2,3.814e-3,,,,,,,,,1.683e+0,3.652e-18,,8.205e-21,,,,,,8.960e-21,1.373e-17,1.275e-18,5.647e-17,3.266e-19,7.883e-18
320.75,5.571e+2,1.875e-21,3.086e-29,9.441e-46,,6.460e-15,,2.127e-20,2.012e-22,,1.092e-15,1.083e-21,3.265e-31,3.601e-18,2.638e-1,6.654e-12,,4.981e-15,1.015e-22,2.092e-1,1.373e-19,3.463e-34,4.084e+1,1.676e+2,1.260e-25,1.365e-20,6.743e-20,3.664e-2,7.864e-4,2.275e+2,2.446e-14,2.436e-26,4.997e-21,2.836e-23,1.760e-20,1.186e+2,5.204e-3,,,,,,,,,1.954e+0,3.653e-18,,8.207e-21,,,,,,9.147e-21,1.372e-17,1.276e-18,5.652e-17,3.270e-19,7.885e-18
320.78,5.072e+2,1.877e-21,3.170e-29,9.431e-46,,8.320e-15,,2.123e-20,2.011e-22,,1.093e-15,1.084e-21,3.370e-31,3.606e-18,2.822e-1,7.842e-12,,1.017e-14,1.034e-22,2.403e-1,1.378e-19,3.466e-34,3.858e+1,1.270e+2,4.060e-25,1.371e-20,6.746e-20,4.861e-2,8.964e-4,2.456e+2,7.382e-14,2.435e-26,4.998e-21,2.838e-23,1.758e-20,9.299e+1,8.181e-3,,,,,,,,,2.419e+0,3.655e-18,,8.211e-21,,,,,,9.428e-21,1.371e-17,1.276e-18,5.659e-17,3.275e-19,7.889e-18
320.8,4.843e+2,1.879e-21,3.227e-29,9.424e-46,,9.758e-15,,2.121e-20,2.010e-22,,1.093e-15,1.086e-21,3.440e-31,3.609e-18,2.951e-1,8.669e-12,,1.622e-14,1.050e-22,2.614e-1,1.381e-19,3.469e-34,3.710e+1,1.052e+2,8.774e-25,1.374e-20,6.748e-20,5.830e-2,9.691e-4,2.601e+2,1.527e-13,2.434e-26,4.999e-21,2.838e-23,1.757e-20,7.856e+1,1.096e-2,,,,,,,,,2.770e+0,3.656e-18,,8.213e-21,,,,,3.809e-18,9.616e-21,1.370e-17,1.277e-18,5.664e-17,3.279e-19,7.891e-18
320.83,4.646e+2,1.881e-21,3.312e-29,9.413e-46,,1.222e-14,,2.117e-20,2.009e-22,,1.094e-15,1.088e-21,3.545e-31,3.614e-18,3.146e-1,9.936e-12,,3.220e-14,1.078e-22,2.933e-1,1.386e-19,3.472e-34,3.490e+1,7.946e+1,2.750e-24,1.380e-20,6.751e-20,7.568e-2,1.074e-3,2.855e+2,4.484e-13,2.433e-26,5.000e-21,2.840e-23,1.755e-20,6.066e+1,1.675e-2,,,,,,,,,3.359e+0,3.657e-18,,8.216e-21,,,,,1.309e-17,9.897e-21,1.368e-17,1.278e-18,5.672e-17,3.285e-19,7.895e-18
320.85,4.606e+2,1.882e-21,3.368e-29,9.406e-46,,1.407e-14,,2.114e-20,2.008e-22,,1.095e-15,1.089e-21,3.615e-31,3.618e-18,3.272e-1,1.078e-11,,5.041e-14,1.095e-22,3.144e-1,1.390e-19,3.474e-34,3.345e+1,6.644e+1,5.834e-24,1.384e-20,6.753e-20,8.931e-2,1.140e-3,3.052e+2,9.108e-13,2.433e-26,5.001e-21,2.841e-23,1.754e-20,5.105e+1,2.203e-2,,,,,,,,,3.793e+0,3.658e-18,,8.219e-21,,,,,2.954e-17,1.008e-20,1.368e-17,1.278e-18,5.677e-17,3.288e-19,7.897e-18
320.88,4.675e+2,1.884e-21,3.453e-29,9.395e-46,,1.715e-14,,2.111e-20,2.007e-22,,1.095e-15,1.091e-21,3.720e-31,3.623e-18,3.446e-1,1.202e-11,,9.738e-14,1.116e-22,3.455e-1,1.395e-19,3.477e-34,3.130e+1,5.237e+1,1.779e-23,1.389e-20,6.756e-20,1.130e-1,1.229e-3,3.386e+2,2.601e-12,2.432e-26,5.002e-21,2.842e-23,1.753e-20,3.985e+1,3.276e-2,,,,,,,,,4.505e+0,3.660e-18,,8.222e-21,,,,,9.877e-17,1.037e-20,1.366e-17,1.279e-18,5.684e-17,3.294e-19,7.900e-18
320.9,4.801e+2,1.885e-21,3.510e-29,9.388e-46,,1.938e-14,,2.108e-20,2.006e-22,,1.096e-15,1.092e-21,3.789e-31,3.626e-18,3.548e-1,1.280e-11,,1.497e-13,1.125e-22,3.656e-1,1.398e-19,3.480e-34,2.991e+1,4.627e+1,3.705e-23,1.393e-20,6.758e-20,1.310e-1,1.280e-3,3.636e+2,5.188e-12,2.431e-26,5.003e-21,2.843e-23,1.751e-20,3.439e+1,4.228e-2,,,,,,,,,5.018e+0,3.661e-18,,8.224e-21,,,,,2.188e-16,1.055e-20,1.365e-17,1.279e-18,5.689e-17,3.298e-19,7.902e-18
320.92,4.987e+2,1.887e-21,3.566e-29,9.381e-46,,2.174e-14,,2.106e-20,2.005e-22,,1.096e-15,1.093e-21,3.859e-31,3.630e-18,3.633e-1,1.354e-11,,2.283e-13,1.128e-22,3.852e-1,1.402e-19,3.482e-34,2.857e+1,4.259e+1,7.663e-23,1.396e-20,6.760e-20,1.508e-1,1.324e-3,3.906e+2,1.027e-11,2.430e-26,5.003e-21,2.844e-23,1.750e-20,3.044e+1,5.418e-2,,,,,,,,,5.560e+0,3.662e-18,,8.227e-21,,,,,4.813e-16,1.074e-20,1.365e-17,1.280e-18,5.694e-17,3.301e-19,7.905e-18
320.95,5.373e+2,1.889e-21,3.651e-29,9.371e-46,,2.547e-14,,2.102e-20,2.004e-22,,1.097e-15,1.095e-21,3.964e-31,3.635e-18,3.726e-1,1.452e-11,,4.243e-13,1.121e-22,4.136e-1,1.407e-19,3.485e-34,2.670e+1,4.130e+1,2.248e-22,1.402e-20,6.763e-20,1.836e-1,1.373e-3,4.346e+2,2.823e-11,2.429e-26,5.005e-21,2.845e-23,1.749e-20,2.727e+1,7.750e-2,,,,,,,,,6.417e+0,3.663e-18,,8.230e-21,,,,,1.548e-15,1.102e-20,1.363e-17,1.281e-18,5.702e-17,3.307e-19,7.908e-18
320.97,5.699e+2,1.890e-21,3.707e-29,9.364e-46,,2.805e-14,,2.100e-20,2.003e-22,,1.098e-15,1.096e-21,4.034e-31,3.638e-18,3.761e-1,1.507e-11,,6.354e-13,1.108e-22,4.321e-1,1.410e-19,3.487e-34,2.557e+1,4.319e+1,4.564e-22,1.405e-20,6.765e-20,2.075e-1,1.393e-3,4.660e+2,5.487e-11,2.429e-26,5.005e-21,2.846e-23,1.748e-20,2.698e+1,9.748e-2,,,,,,,,,7.013e+0,3.664e-18,,8.232e-21,,,,,3.343e-15,1.121e-20,1.362e-17,1.281e-18,5.707e-17,3.311e-19,7.910e-18
321,6.285e+2,1.892e-21,3.792e-29,9.353e-46,,3.197e-14,,2.096e-20,2.002e-22,,1.098e-15,1.098e-21,4.139e-31,3.643e-18,3.769e-1,1.572e-11,,1.149e-12,1.076e-22,4.593e-1,1.415e-19,3.491e-34,2.410e+1,5.016e+1,1.302e-21,1.411e-20,6.768e-20,2.458e-1,1.405e-3,5.158e+2,1.467e-10,2.428e-26,5.007e-21,2.847e-23,1.746e-20,2.935e+1,1.356e-1,,,,,,,,,7.930e+0,3.666e-18,,8.236e-21,,,,,1.046e-14,1.149e-20,1.361e-17,1.282e-18,5.714e-17,3.316e-19,7.914e-18
321.02,6.741e+2,1.893e-21,3.849e-29,9.346e-46,,3.456e-14,,2.093e-20,2.001e-22,,1.099e-15,1.099e-21,4.209e-31,3.646e-18,3.743e-1,1.602e-11,,1.689e-12,1.046e-22,4.776e-1,1.418e-19,3.493e-34,2.329e+1,5.769e+1,2.596e-21,1.415e-20,6.770e-20,2.727e-1,1.400e-3,5.504e+2,2.799e-10,2.427e-26,5.007e-21,2.848e-23,1.745e-20,3.291e+1,1.674e-1,,,,,,,,,8.548e+0,3.667e-18,,8.238e-21,,,,,2.219e-14,1.168e-20,1.360e-17,1.282e-18,5.719e-17,3.320e-19,7.916e-18
321.05,7.522e+2,1.895e-21,3.933e-29,9.335e-46,,3.831e-14,,2.090e-20,1.999e-22,,1.100e-15,1.101e-21,4.314e-31,3.651e-18,3.658e-1,1.625e-11,,2.970e-12,9.898e-23,5.058e-1,1.423e-19,3.496e-34,2.237e+1,7.370e+1,7.208e-21,1.420e-20,6.773e-20,3.142e-1,1.373e-3,6.037e+2,7.279e-10,2.426e-26,5.008e-21,2.850e-23,1.743e-20,4.153e+1,2.266e-1,,,,,,,,,9.468e+0,3.668e-18,,8.241e-21,,,,,6.756e-14,1.196e-20,1.359e-17,1.283e-18,5.727e-17,3.326e-19,7.920e-18
321.07,8.109e+2,1.896e-21,3.990e-29,9.328e-46,,4.065e-14,,2.087e-20,1.999e-22,,1.100e-15,1.102e-21,4.384e-31,3.655e-18,3.571e-1,1.626e-11,,4.287e-12,9.457e-23,5.257e-1,1.427e-19,3.498e-34,2.197e+1,8.784e+1,1.411e-20,1.424e-20,6.775e-20,3.422e-1,1.342e-3,6.398e+2,1.364e-9,2.425e-26,5.009e-21,2.851e-23,1.742e-20,4.971e+1,2.747e-1,,,,,,,,,1.007e+1,3.669e-18,,8.243e-21,,,,,1.406e-13,1.215e-20,1.358e-17,1.283e-18,5.732e-17,3.329e-19,7.922e-18
321.1,9.092e+2,1.898e-21,4.075e-29,9.318e-46,,4.382e-14,,2.084e-20,1.997e-22,,1.101e-15,1.104e-21,4.488e-31,3.660e-18,3.399e-1,1.605e-11,,7.332e-12,8.713e-23,5.581e-1,1.432e-19,3.502e-34,2.170e+1,1.150e+2,3.811e-20,1.429e-20,6.778e-20,3.835e-1,1.280e-3,6.938e+2,3.451e-9,2.424e-26,5.010e-21,2.852e-23,1.740e-20,6.613e+1,3.615e-1,,,,,,,,,1.092e+1,3.670e-18,,8.247e-21,,,,,4.166e-13,1.243e-20,1.357e-17,1.284e-18,5.739e-17,3.335e-19,7.925e-18
321.12,9.819e+2,1.900e-21,4.131e-29,9.310e-46,,4.565e-14,,2.081e-20,1.996e-22,,1.102e-15,1.105e-21,4.558e-31,3.663e-18,3.259e-1,1.577e-11,,1.039e-11,8.175e-23,5.818e-1,1.435e-19,3.504e-34,2.175e+1,1.375e+2,7.323e-20,1.433e-20,6.780e-20,4.100e-1,1.229e-3,7.293e+2,6.348e-9,2.423e-26,5.011e-21,2.853e-23,1.739e-20,8.021e+1,4.301e-1,,,,,,,,,1.144e+1,3.671e-18,,8.249e-21,,,,,8.515e-13,1.261e-20,1.356e-17,1.285e-18,5.744e-17,3.339e-19,7.928e-18
321.15,1.103e+3,1.902e-21,4.216e-29,9.300e-46,,4.786e-14,,2.077e-20,1.995e-22,,1.102e-15,1.107e-21,4.663e-31,3.668e-18,3.020e-1,1.515e-11,,1.729e-11,7.330e-23,6.215e-1,1.440e-19,3.507e-34,2.216e+1,1.788e+2,1.924e-19,1.438e-20,6.783e-20,4.468e-1,1.140e-3,7.808e+2,1.562e-8,2.422e-26,5.012e-21,2.854e-23,1.738e-20,1.067e+2,5.506e-1,,,,,,,,,1.215e+1,3.673e-18,,8.253e-21,,,,,2.454e-12,4.301e-20,1.355e-17,1.285e-18,5.752e-17,3.344e-19,7.931e-18
321.17,1.191e+3,1.903e-21,4.273e-29,9.293e-46,,4.894e-14,,2.075e-20,1.994e-22,,1.103e-15,1.108e-21,4.733e-31,3.672e-18,2.844e-1,1.462e-11,,2.405e-11,6.753e-23,6.511e-1,1.443e-19,3.509e-34,2.265e+1,2.120e+2,3.630e-19,1.442e-20,6.785e-20,4.689e-1,1.074e-3,8.135e+2,2.822e-8,2.422e-26,5.013e-21,2.855e-23,1.737e-20,1.283e+2,6.432e-1,,,,,,,,,1.255e+1,3.674e-18,,8.255e-21,,,,,4.925e-12,9.654e-20,1.354e-17,1.286e-18,5.757e-17,3.348e-19,7.933e-18
321.2,1.337e+3,1.905e-21,4.357e-29,9.282e-46,,4.991e-14,,2.071e-20,1.993e-22,,1.104e-15,1.110e-21,4.838e-31,3.677e-18,2.564e-1,1.368e-11,,3.892e-11,5.889e-23,7.002e-1,1.448e-19,3.512e-34,2.369e+1,2.714e+2,9.280e-19,1.447e-20,6.788e-20,4.971e-1,9.691e-4,8.592e+2,6.757e-8,2.421e-26,5.014e-21,2.857e-23,1.735e-20,1.673e+2,8.008e-1,,,,,,,,,1.303e+1,3.675e-18,,8.258e-21,,,,,1.381e-11,3.203e-19,1.353e-17,1.287e-18,5.764e-17,3.353e-19,7.937e-18
321.22,1.443e+3,1.906e-21,4.414e-29,9.275e-46,,5.010e-14,,2.069e-20,1.992e-22,,1.104e-15,1.111e-21,4.908e-31,3.680e-18,2.371e-1,1.297e-11,,5.316e-11,5.327e-23,7.361e-1,1.452e-19,3.515e-34,2.456e+1,3.180e+2,1.719e-18,1.451e-20,6.790e-20,5.121e-1,8.964e-4,8.869e+2,1.198e-7,2.420e-26,5.015e-21,2.857e-23,1.734e-20,1.981e+2,9.183e-1,,,,,,,,,1.326e+1,3.676e-18,,8.260e-21,,,,,2.721e-11,7.059e-19,1.352e-17,1.287e-18,5.770e-17,3.357e-19,7.939e-18
321.25,1.617e+3,1.908e-21,4.499e-29,9.264e-46,,4.969e-14,,2.065e-20,1.991e-22,,1.105e-15,1.113e-21,5.013e-31,3.685e-18,2.079e-1,1.182e-11,,8.369e-11,4.519e-23,7.944e-1,1.457e-19,3.518e-34,2.611e+1,3.994e+2,4.275e-18,1.457e-20,6.793e-20,5.280e-1,7.864e-4,9.236e+2,2.791e-7,2.419e-26,5.016e-21,2.859e-23,1.732e-20,2.519e+2,1.112e+0,,,,,,,,,1.347e+1,3.678e-18,,8.264e-21,,,,,7.422e-11,2.278e-18,1.350e-17,1.288e-18,5.777e-17,3.363e-19,7.942e-18
321.27,1.743e+3,1.910e-21,4.555e-29,9.257e-46,,4.897e-14,,2.063e-20,1.990e-22,,1.105e-15,1.114e-21,5.083e-31,3.688e-18,1.887e-1,1.102e-11,,1.122e-10,4.012e-23,8.357e-1,1.460e-19,3.520e-34,2.728e+1,4.618e+2,7.775e-18,1.460e-20,6.795e-20,5.339e-1,7.141e-4,9.443e+2,4.860e-7,2.418e-26,5.017e-21,2.860e-23,1.731e-20,2.930e+2,1.252e+0,,,,,,,,,1.350e+1,3.679e-18,,8.266e-21,,,,,1.436e-10,4.930e-18,1.350e-17,1.288e-18,5.782e-17,3.367e-19,7.945e-18
321.29,1.876e+3,1.911e-21,4.612e-29,9.250e-46,,4.790e-14,,2.060e-20,1.989e-22,,1.106e-15,1.116e-21,5.152e-31,3.692e-18,1.701e-1,1.021e-11,,1.494e-10,3.536e-23,8.783e-1,1.463e-19,3.522e-34,2.854e+1,5.310e+2,1.404e-17,1.464e-20,6.797e-20,5.358e-1,6.436e-4,9.618e+2,8.399e-7,2.418e-26,5.018e-21,2.861e-23,1.730e-20,3.384e+2,1.399e+0,,,,,,,,,1.345e+1,3.680e-18,,8.268e-21,,,,,2.757e-10,1.059e-17,1.349e-17,1.289e-18,5.787e-17,3.370e-19,7.947e-18
321.32,2.091e+3,1.913e-21,4.696e-29,9.240e-46,,4.570e-14,,2.056e-20,1.988e-22,,1.107e-15,1.117e-21,5.257e-31,3.697e-18,1.435e-1,8.991e-12,,2.262e-10,2.885e-23,9.432e-1,1.468e-19,3.526e-34,3.058e+1,6.480e+2,3.359e-17,1.469e-20,6.800e-20,5.314e-1,5.430e-4,9.815e+2,1.882e-6,2.417e-26,5.019e-21,2.862e-23,1.728e-20,4.142e+2,1.629e+0,,,,,,,,,1.323e+1,3.681e-18,,8.272e-21,,,,,7.238e-10,3.289e-17,1.347e-17,1.290e-18,5.795e-17,3.376e-19,7.950e-18
321.34,2.243e+3,1.914e-21,4.753e-29,9.233e-46,,4.388e-14,,2.054e-20,1.987e-22,,1.107e-15,1.119e-21,5.327e-31,3.700e-18,1.269e-1,8.201e-12,,2.956e-10,2.496e-23,9.860e-1,1.472e-19,3.528e-34,3.201e+1,7.349e+2,5.954e-17,1.473e-20,6.802e-20,5.236e-1,4.804e-4,9.901e+2,3.194e-6,2.416e-26,5.019e-21,2.863e-23,1.727e-20,4.697e+2,1.787e+0,,,,,,,,,1.298e+1,3.682e-18,,8.274e-21,,,,,1.365e-9,6.939e-17,1.347e-17,1.290e-18,5.800e-17,3.380e-19,7.953e-18
321.37,2.484e+3,1.916e-21,4.838e-29,9.222e-46,,4.072e-14,,2.050e-20,1.986e-22,,1.108e-15,1.121e-21,5.432e-31,3.705e-18,1.041e-1,7.070e-12,,4.354e-10,1.981e-23,1.047e+0,1.477e-19,3.531e-34,3.426e+1,8.781e+2,1.386e-16,1.478e-20,6.805e-20,5.050e-1,3.942e-4,9.960e+2,6.964e-6,2.415e-26,5.021e-21,2.864e-23,1.725e-20,5.593e+2,2.025e+0,,,,,,,,,1.246e+1,3.684e-18,,8.277e-21,,,,,3.485e-9,2.097e-16,1.345e-17,1.291e-18,5.807e-17,3.385e-19,7.956e-18
321.39,2.651e+3,1.918e-21,4.894e-29,9.215e-46,,3.839e-14,,2.048e-20,1.985e-22,,1.108e-15,1.122e-21,5.502e-31,3.709e-18,9.044e-2,6.364e-12,,5.585e-10,1.682e-23,1.085e+0,1.480e-19,3.533e-34,3.582e+1,9.816e+2,2.412e-16,1.482e-20,6.807e-20,4.884e-1,3.423e-4,9.954e+2,1.160e-5,2.414e-26,5.021e-21,2.865e-23,1.724e-20,6.226e+2,2.180e+0,,,,,,,,,1.203e+1,3.685e-18,,8.280e-21,,,,,6.451e-9,4.342e-16,1.344e-17,1.291e-18,5.812e-17,3.389e-19,7.958e-18
321.42,2.910e+3,1.920e-21,4.979e-29,9.204e-46,,3.466e-14,,2.044e-20,1.984e-22,,1.109e-15,1.124e-21,5.607e-31,3.714e-18,7.217e-2,5.389e-12,,8.004e-10,1.298e-23,1.134e+0,1.485e-19,3.537e-34,3.823e+1,1.148e+3,5.463e-16,1.488e-20,6.810e-20,4.582e-1,2.732e-4,9.878e+2,2.461e-5,2.413e-26,5.022e-21,2.866e-23,1.723e-20,7.212e+2,2.403e+0,,,,,,,,,1.127e+1,3.686e-18,,8.283e-21,,,,,1.603e-8,1.277e-15,1.343e-17,1.292e-18,5.820e-17,3.394e-19,7.962e-18
321.44,3.086e+3,1.921e-21,5.036e-29,9.197e-46,,3.208e-14,,2.042e-20,1.983e-22,,1.110e-15,1.125e-21,5.677e-31,3.717e-18,6.152e-2,4.801e-12,,1.008e-9,1.082e-23,1.160e+0,1.488e-19,3.539e-34,3.989e+1,1.265e+3,9.335e-16,1.491e-20,6.812e-20,4.350e-1,2.329e-4,9.785e+2,4.026e-5,2.413e-26,5.023e-21,2.867e-23,1.722e-20,7.881e+2,2.540e+0,,,,,,,,,1.071e+1,3.687e-18,,8.285e-21,,,,,2.913e-8,2.596e-15,1.342e-17,1.292e-18,5.825e-17,3.398e-19,7.964e-18
321.47,3.350e+3,1.923e-21,5.120e-29,9.187e-46,,2.817e-14,,2.038e-20,1.982e-22,,1.110e-15,1.127e-21,5.781e-31,3.722e-18,4.775e-2,4.015e-12,,1.405e-9,8.121e-24,1.188e+0,1.493e-19,3.542e-34,4.249e+1,1.447e+3,2.057e-15,1.497e-20,6.815e-20,3.969e-1,1.807e-4,9.591e+2,8.306e-5,2.412e-26,5.024e-21,2.869e-23,1.720e-20,8.879e+2,2.722e+0,,,,,,,,,9.797e+0,3.689e-18,,8.289e-21,,,,,7.042e-8,7.426e-15,1.341e-17,1.293e-18,5.832e-17,3.404e-19,7.967e-18
321.49,3.524e+3,1.924e-21,5.177e-29,9.179e-46,,2.560e-14,,2.035e-20,1.981e-22,,1.111e-15,1.128e-21,5.851e-31,3.725e-18,3.995e-2,3.554e-12,,1.737e-9,6.645e-24,1.199e+0,1.497e-19,3.544e-34,4.430e+1,1.570e+3,3.451e-15,1.500e-20,6.817e-20,3.699e-1,1.512e-4,9.430e+2,1.334e-4,2.411e-26,5.025e-21,2.870e-23,1.719e-20,9.525e+2,2.825e+0,,,,,,,,,9.155e+0,3.690e-18,,8.291e-21,,,,,1.257e-7,1.483e-14,1.340e-17,1.294e-18,5.837e-17,3.407e-19,7.970e-18
321.52,3.776e+3,1.926e-21,5.262e-29,9.169e-46,,2.188e-14,,2.032e-20,1.979e-22,,1.112e-15,1.130e-21,5.956e-31,3.730e-18,3.016e-2,2.956e-12,,2.355e-9,4.850e-24,1.200e+0,1.502e-19,3.548e-34,4.714e+1,1.757e+3,7.396e-15,1.506e-20,6.820e-20,3.282e-1,1.142e-4,9.151e+2,2.678e-4,2.410e-26,5.026e-21,2.871e-23,1.717e-20,1.044e+3,2.945e+0,,,,,,,,,8.169e+0,3.691e-18,,8.294e-21,,,,,2.955e-7,4.127e-14,1.339e-17,1.294e-18,5.845e-17,3.413e-19,7.973e-18
321.54,3.934e+3,1.928e-21,5.318e-29,9.162e-46,,1.953e-14,,2.029e-20,1.979e-22,,1.112e-15,1.131e-21,6.026e-31,3.734e-18,2.477e-2,2.614e-12,,2.859e-9,3.896e-24,1.192e+0,1.505e-19,3.550e-34,4.914e+1,1.879e+3,1.218e-14,3.534e-20,6.822e-20,3.003e-1,9.377e-5,8.947e+2,4.222e-4,2.409e-26,5.027e-21,2.872e-23,1.716e-20,1.099e+3,3.000e+0,,,,,,,,,7.508e+0,3.692e-18,,8.297e-21,,,,,5.178e-7,8.090e-14,1.338e-17,1.295e-18,5.850e-17,3.417e-19,7.975e-18
321.57,4.154e+3,1.930e-21,5.403e-29,9.151e-46,,1.624e-14,,2.026e-20,1.977e-22,,1.113e-15,1.133e-21,6.131e-31,3.739e-18,1.818e-2,2.179e-12,,3.771e-9,2.766e-24,1.164e+0,1.510e-19,3.553e-34,5.232e+1,2.056e+3,2.540e-14,1.189e-19,6.825e-20,2.591e-1,6.883e-5,8.626e+2,8.245e-4,2.408e-26,5.028e-21,2.873e-23,1.714e-20,1.172e+3,3.042e+0,,,,,,,,,6.533e+0,3.694e-18,,8.300e-21,,,,,1.185e-6,2.191e-13,1.337e-17,1.296e-18,5.857e-17,3.422e-19,7.979e-18
321.59,4.284e+3,1.931e-21,5.459e-29,9.144e-46,,1.423e-14,,2.023e-20,1.976e-22,,1.113e-15,1.134e-21,6.201e-31,3.742e-18,1.466e-2,1.935e-12,,4.493e-9,2.180e-24,1.136e+0,1.514e-19,3.555e-34,5.456e+1,2.167e+3,4.108e-14,2.646e-19,6.827e-20,2.327e-1,5.550e-5,8.411e+2,1.276e-3,2.408e-26,5.029e-21,2.874e-23,1.713e-20,1.211e+3,3.042e+0,,,,,,,,,5.904e+0,3.695e-18,,8.302e-21,,,,,2.038e-6,4.217e-13,1.336e-17,1.296e-18,5.862e-17,3.426e-19,7.981e-18
321.62,4.452e+3,1.933e-21,5.544e-29,9.133e-46,,1.152e-14,,2.019e-20,1.975e-22,,1.114e-15,1.136e-21,6.306e-31,3.747e-18,1.047e-2,1.627e-12,,5.765e-9,1.505e-24,1.082e+0,1.519e-19,3.559e-34,5.813e+1,2.319e+3,8.334e-14,8.662e-19,6.830e-20,1.954e-1,3.962e-5,8.097e+2,2.425e-3,2.407e-26,5.030e-21,2.876e-23,1.712e-20,1.256e+3,3.000e+0,,,,,,,,,5.009e+0,3.696e-18,,8.306e-21,,,,,4.536e-6,1.111e-12,1.334e-17,1.297e-18,5.870e-17,3.432e-19,7.984e-18
321.64,4.543e+3,1.934e-21,5.601e-29,9.126e-46,,9.918e-15,,2.017e-20,1.974e-22,,1.115e-15,1.137e-21,6.376e-31,3.751e-18,8.283e-3,1.456e-12,,6.744e-9,1.165e-24,1.038e+0,1.522e-19,3.561e-34,6.064e+1,2.409e+3,1.323e-13,1.893e-18,6.832e-20,1.722e-1,3.136e-5,7.902e+2,3.686e-3,2.406e-26,5.031e-21,2.876e-23,1.711e-20,1.275e+3,2.945e+0,,,,,,,,,4.451e+0,3.697e-18,,8.308e-21,,,,,7.662e-6,2.100e-12,1.334e-17,1.297e-18,5.875e-17,3.435e-19,7.987e-18
321.66,4.616e+3,1.936e-21,5.657e-29,9.119e-46,,8.479e-15,,2.014e-20,1.973e-22,,1.115e-15,1.138e-21,6.445e-31,3.754e-18,6.507e-3,1.307e-12,,7.832e-9,8.949e-25,9.890e-1,1.525e-19,3.563e-34,6.326e+1,2.489e+3,2.086e-13,4.105e-18,6.834e-20,1.507e-1,2.463e-5,7.722e+2,5.561e-3,2.405e-26,5.032e-21,2.877e-23,1.709e-20,1.284e+3,2.870e+0,,,,,,,,,3.928e+0,3.698e-18,,8.310e-21,,,,,1.285e-5,3.939e-12,1.333e-17,1.298e-18,5.880e-17,3.439e-19,7.989e-18
321.69,4.690e+3,1.938e-21,5.742e-29,9.109e-46,,6.615e-15,,2.011e-20,1.972e-22,,1.116e-15,1.140e-21,6.550e-31,3.759e-18,4.468e-3,1.118e-12,,9.666e-9,5.942e-25,9.077e-1,1.530e-19,3.566e-34,6.738e+1,2.587e+3,4.072e-13,1.294e-17,6.837e-20,1.217e-1,1.691e-5,7.491e+2,1.016e-2,2.404e-26,5.033e-21,2.879e-23,1.708e-20,1.280e+3,2.722e+0,,,,,,,,,3.215e+0,3.700e-18,,8.314e-21,,,,,2.751e-5,9.987e-12,1.331e-17,1.298e-18,5.887e-17,3.445e-19,7.992e-18
321.71,4.716e+3,1.939e-21,5.799e-29,9.102e-46,,5.557e-15,,2.008e-20,1.971e-22,,1.116e-15,1.141e-21,6.620e-31,3.762e-18,3.445e-3,1.011e-12,,1.102e-8,4.480e-25,8.497e-1,1.534e-19,3.568e-34,7.023e+1,2.637e+3,6.301e-13,2.755e-17,6.839e-20,1.046e-1,1.304e-5,7.367e+2,1.506e-2,2.404e-26,5.034e-21,2.880e-23,1.707e-20,1.266e+3,2.604e+0,,,,,,,,,2.789e+0,3.701e-18,,8.316e-21,,,,,4.530e-5,1.840e-11,1.331e-17,1.299e-18,5.892e-17,3.448e-19,7.995e-18
321.74,4.720e+3,1.941e-21,5.883e-29,9.091e-46,,4.226e-15,,2.005e-20,1.970e-22,,1.117e-15,1.143e-21,6.725e-31,3.767e-18,2.301e-3,8.728e-13,,1.323e-8,2.893e-25,7.597e-1,1.539e-19,3.572e-34,7.465e+1,2.689e+3,1.197e-12,8.447e-17,6.842e-20,8.214e-2,8.709e-6,7.231e+2,2.678e-2,2.403e-26,5.035e-21,2.881e-23,1.705e-20,1.228e+3,2.403e+0,,,,,,,,,2.225e+0,3.702e-18,,8.319e-21,,,,,9.438e-5,4.538e-11,1.329e-17,1.300e-18,5.900e-17,3.454e-19,7.998e-18
321.76,4.702e+3,1.942e-21,5.940e-29,9.084e-46,,3.491e-15,,2.002e-20,1.969e-22,,1.118e-15,1.144e-21,6.795e-31,3.771e-18,1.742e-3,7.921e-13,,1.481e-8,2.141e-25,6.991e-1,1.542e-19,3.574e-34,7.766e+1,2.709e+3,1.818e-12,1.767e-16,6.844e-20,6.931e-2,6.592e-6,7.176e+2,3.894e-2,2.402e-26,5.035e-21,2.882e-23,1.704e-20,1.192e+3,2.256e+0,,,,,,,,,1.897e+0,3.703e-18,,8.322e-21,,,,,1.526e-4,8.208e-11,1.328e-17,1.300e-18,5.905e-17,3.458e-19,8.000e-18
321.79,4.645e+3,1.944e-21,6.025e-29,9.073e-46,,2.590e-15,,1.998e-20,1.968e-22,,1.118e-15,1.146e-21,6.900e-31,3.776e-18,1.131e-3,6.845e-13,,1.729e-8,1.345e-25,6.098e-1,1.547e-19,3.577e-34,8.225e+1,2.719e+3,3.359e-12,5.271e-16,6.847e-20,5.304e-2,4.281e-6,7.148e+2,6.737e-2,2.401e-26,5.037e-21,2.883e-23,1.702e-20,1.125e+3,2.025e+0,,,,,,,,,1.475e+0,3.705e-18,,8.325e-21,,,,,3.093e-4,1.970e-10,1.327e-17,1.301e-18,5.912e-17,3.463e-19,8.004e-18
321.81,4.592e+3,1.946e-21,6.081e-29,9.066e-46,,2.106e-15,,1.996e-20,1.967e-22,,1.119e-15,1.147e-21,6.970e-31,3.779e-18,8.404e-4,6.201e-13,,1.900e-8,9.770e-26,5.525e-1,1.550e-19,3.579e-34,8.534e+1,2.714e+3,5.010e-12,1.082e-15,6.849e-20,4.402e-2,3.181e-6,7.166e+2,9.619e-2,2.400e-26,5.037e-21,2.884e-23,1.701e-20,1.072e+3,1.867e+0,,,,,,,,,1.236e+0,3.706e-18,,8.327e-21,,,,,4.908e-4,3.499e-10,1.326e-17,1.301e-18,5.917e-17,3.467e-19,8.006e-18
321.84,4.494e+3,1.947e-21,6.166e-29,9.055e-46,,1.526e-15,,1.992e-20,1.966e-22,,1.120e-15,1.149e-21,7.075e-31,3.784e-18,5.308e-4,5.325e-13,,2.158e-8,5.967e-26,4.722e-1,1.555e-19,3.583e-34,8.997e+1,2.693e+3,9.005e-12,3.142e-15,6.852e-20,3.297e-2,2.009e-6,7.243e+2,1.619e-1,2.399e-26,5.038e-21,2.886e-23,1.699e-20,9.839e+2,1.629e+0,,,,,,,,,9.361e-1,3.707e-18,,8.331e-21,,,,,9.679e-4,8.168e-10,1.325e-17,1.302e-18,5.925e-17,3.473e-19,8.009e-18
321.86,4.421e+3,1.949e-21,6.222e-29,9.048e-46,,1.222e-15,,1.990e-20,1.965e-22,,1.120e-15,1.151e-21,7.144e-31,3.788e-18,3.871e-4,4.792e-13,,2.328e-8,4.255e-26,4.232e-1,1.559e-19,3.585e-34,9.305e+1,2.672e+3,1.319e-11,6.336e-15,6.854e-20,2.708e-2,1.465e-6,7.325e+2,2.270e-1,2.399e-26,5.039e-21,2.886e-23,1.698e-20,9.205e+2,1.474e+0,,,,,,,,,7.710e-1,3.708e-18,,8.333e-21,,,,,1.508e-3,1.424e-9,1.324e-17,1.303e-18,5.930e-17,3.476e-19,8.012e-18
321.89,4.306e+3,1.951e-21,6.307e-29,9.038e-46,,8.674e-16,,1.986e-20,1.964e-22,,1.121e-15,1.152e-21,7.249e-31,3.793e-18,2.378e-4,4.062e-13,,2.573e-8,2.528e-26,3.582e-1,1.564e-19,3.588e-34,9.761e+1,2.636e+3,2.306e-11,1.790e-14,6.857e-20,2.021e-2,9.001e-7,7.488e+2,3.716e-1,2.397e-26,5.040e-21,2.888e-23,1.697e-20,8.216e+2,1.252e+0,,,,,,,,,5.689e-1,3.710e-18,,8.336e-21,,,,,2.894e-3,3.236e-9,1.323e-17,1.303e-18,5.938e-17,3.482e-19,8.015e-18
321.91,4.231e+3,1.952e-21,6.364e-29,9.031e-46,,6.857e-16,,1.984e-20,1.963e-22,,1.121e-15,1.154e-21,7.319e-31,3.796e-18,1.703e-4,3.618e-13,,2.725e-8,1.769e-26,3.211e-1,1.567e-19,3.590e-34,1.006e+2,2.611e+3,3.316e-11,3.544e-14,6.859e-20,1.681e-2,6.444e-7,7.620e+2,5.115e-1,2.397e-26,5.041e-21,2.889e-23,1.696e-20,7.546e+2,1.112e+0,,,,,,,,,4.605e-1,3.711e-18,,8.339e-21,,,,,4.427e-3,5.540e-9,1.322e-17,1.304e-18,5.943e-17,3.486e-19,8.017e-18
321.94,4.126e+3,1.954e-21,6.448e-29,9.020e-46,,4.781e-16,,1.980e-20,1.962e-22,,1.122e-15,1.155e-21,7.424e-31,3.801e-18,1.017e-4,3.013e-13,,2.929e-8,1.022e-26,2.759e-1,1.572e-19,3.594e-34,1.050e+2,2.579e+3,5.641e-11,9.740e-14,6.861e-20,1.328e-2,3.850e-7,7.843e+2,8.146e-1,2.396e-26,5.042e-21,2.890e-23,1.694e-20,6.551e+2,9.183e-1,,,,,,,,,3.310e-1,3.712e-18,,8.342e-21,,,,,8.264e-3,1.224e-8,1.321e-17,1.305e-18,5.950e-17,3.491e-19,8.021e-18
321.96,4.064e+3,1.955e-21,6.505e-29,9.013e-46,,3.743e-16,,1.977e-20,1.961e-22,,1.123e-15,1.157e-21,7.494e-31,3.804e-18,7.148e-5,2.650e-13,,3.045e-8,7.023e-27,2.533e-1,1.575e-19,3.596e-34,1.079e+2,2.563e+3,7.964e-11,1.894e-13,6.863e-20,1.193e-2,2.705e-7,8.005e+2,1.101e+0,2.395e-26,5.043e-21,2.891e-23,1.693e-20,5.906e+2,8.008e-1,,,,,,,,,2.632e-1,3.713e-18,,8.344e-21,,,,,1.241e-2,2.059e-8,1.320e-17,1.305e-18,5.955e-17,3.495e-19,8.023e-18
321.99,3.989e+3,1.957e-21,6.590e-29,9.002e-46,,2.582e-16,,1.974e-20,1.959e-22,,1.123e-15,1.158e-21,7.599e-31,3.809e-18,4.153e-5,2.167e-13,,3.183e-8,3.945e-27,2.312e-1,1.580e-19,3.599e-34,1.122e+2,2.550e+3,1.318e-10,5.065e-13,6.866e-20,1.135e-2,1.572e-7,8.259e+2,1.706e+0,2.394e-26,5.044e-21,2.892e-23,1.691e-20,4.987e+2,6.432e-1,,,,,,,,,1.843e-1,3.715e-18,,8.348e-21,,,,,2.254e-2,4.427e-8,1.319e-17,1.306e-18,5.963e-17,3.500e-19,8.026e-18
322.01,3.953e+3,1.959e-21,6.646e-29,8.995e-46,,2.016e-16,,1.971e-20,1.959e-22,,1.124e-15,1.160e-21,7.669e-31,3.813e-18,2.865e-5,1.885e-13,,3.249e-8,2.661e-27,2.248e-1,1.584e-19,3.601e-34,1.150e+2,2.550e+3,1.827e-10,9.670e-13,6.868e-20,1.197e-2,1.084e-7,8.432e+2,2.263e+0,2.393e-26,5.045e-21,2.893e-23,1.690e-20,4.414e+2,5.506e-1,,,,,,,,,1.440e-1,3.716e-18,,8.350e-21,,,,,3.325e-2,7.307e-8,1.318e-17,1.306e-18,5.968e-17,3.504e-19,8.029e-18
322.03,3.929e+3,1.960e-21,6.703e-29,8.988e-46,,1.578e-16,,1.969e-20,1.958e-22,,1.124e-15,1.161e-21,7.739e-31,3.816e-18,1.962e-5,1.636e-13,,3.292e-8,1.782e-27,2.254e-1,1.587e-19,3.604e-34,1.177e+2,2.559e+3,2.514e-10,1.833e-12,6.870e-20,1.347e-2,7.424e-8,8.606e+2,2.981e+0,2.393e-26,5.046e-21,2.894e-23,1.689e-20,3.878e+2,4.679e-1,,,,,,,,,1.118e-1,3.717e-18,,8.352e-21,,,,,4.868e-2,1.197e-7,1.317e-17,1.307e-18,5.973e-17,3.508e-19,8.031e-18
322.06,3.915e+3,1.962e-21,6.788e-29,8.978e-46,,1.108e-16,,1.965e-20,1.956e-22,,1.125e-15,1.163e-21,7.843e-31,3.821e-18,1.096e-5,1.323e-13,,3.311e-8,9.627e-28,2.398e-1,1.592e-19,3.607e-34,1.217e+2,2.587e+3,4.003e-10,4.717e-12,6.873e-20,1.762e-2,4.148e-8,8.862e+2,4.444e+0,2.392e-26,5.047e-21,2.895e-23,1.687e-20,3.150e+2,3.615e-1,,,,,,,,,7.544e-2,3.718e-18,,8.356e-21,,,,,8.507e-2,2.478e-7,1.316e-17,1.307e-18,5.980e-17,3.513e-19,8.034e-18
322.08,3.920e+3,1.963e-21,6.844e-29,8.971e-46,,8.899e-17,,1.963e-20,1.956e-22,,1.126e-15,1.164e-21,7.913e-31,3.824e-18,7.367e-6,1.158e-13,,3.294e-8,6.327e-28,2.588e-1,1.595e-19,3.609e-34,1.243e+2,2.615e+3,5.409e-10,8.780e-12,6.875e-20,2.187e-2,2.788e-8,9.028e+2,5.747e+0,2.391e-26,5.048e-21,2.896e-23,1.686e-20,2.717e+2,3.015e-1,,,,,,,,,5.753e-2,3.719e-18,,8.358e-21,,,,,1.223e-1,3.987e-7,1.315e-17,1.308e-18,5.985e-17,3.517e-19,8.037e-18
322.11,3.948e+3,1.965e-21,6.929e-29,8.960e-46,,6.683e-17,,1.959e-20,1.954e-22,,1.126e-15,1.166e-21,8.018e-31,3.830e-18,4.004e-6,9.766e-14,,3.222e-8,3.324e-28,3.019e-1,1.600e-19,3.612e-34,1.281e+2,2.669e+3,8.378e-10,2.199e-11,6.878e-20,3.102e-2,1.515e-8,9.268e+2,8.335e+0,2.390e-26,5.049e-21,2.898e-23,1.685e-20,2.146e+2,2.266e-1,,,,,,,,,3.781e-2,3.720e-18,,8.361e-21,,,,,2.079e-1,8.026e-7,1.313e-17,1.309e-18,5.993e-17,3.523e-19,8.040e-18
322.13,3.978e+3,1.967e-21,6.985e-29,8.953e-46,,5.746e-17,,1.956e-20,1.953e-22,,1.127e-15,1.167e-21,8.088e-31,3.833e-18,2.642e-6,9.049e-14,,3.147e-8,2.145e-28,3.407e-1,1.604e-19,3.615e-34,1.306e+2,2.712e+3,1.111e-9,4.018e-11,6.880e-20,3.938e-2,9.996e-9,9.421e+2,1.058e+1,2.389e-26,5.049e-21,2.899e-23,1.683e-20,1.817e+2,1.856e-1,,,,,,,,,2.833e-2,3.721e-18,,8.363e-21,,,,,2.934e-1,1.268e-6,1.313e-17,1.309e-18,5.998e-17,3.526e-19,8.042e-18
322.16,4.036e+3,1.969e-21,7.070e-29,8.942e-46,,4.943e-17,,1.953e-20,1.952e-22,,1.128e-15,1.169e-21,8.193e-31,3.838e-18,1.396e-6,8.823e-14,,2.995e-8,1.096e-28,4.143e-1,1.609e-19,3.618e-34,1.341e+2,2.782e+3,1.675e-9,9.793e-11,6.883e-20,5.616e-2,5.283e-9,9.643e+2,1.493e+1,2.388e-26,5.051e-21,2.900e-23,1.682e-20,1.397e+2,1.356e-1,,,,,,,,,1.813e-2,3.723e-18,,8.367e-21,,,,,4.853e-1,2.484e-6,1.311e-17,1.310e-18,6.005e-17,3.532e-19,8.046e-18
322.18,4.081e+3,1.970e-21,7.127e-29,8.935e-46,,4.720e-17,,1.950e-20,1.951e-22,,1.128e-15,1.170e-21,8.263e-31,3.841e-18,9.042e-7,9.337e-14,,2.871e-8,6.940e-29,4.738e-1,1.612e-19,3.620e-34,1.364e+2,2.830e+3,2.181e-9,1.757e-10,6.885e-20,7.079e-2,3.421e-9,9.786e+2,1.861e+1,2.388e-26,5.051e-21,2.901e-23,1.681e-20,1.161e+2,1.090e-1,,,,,,,,,1.335e-2,3.724e-18,,8.369e-21,,,,,6.725e-1,3.853e-6,1.310e-17,1.310e-18,6.010e-17,3.536e-19,8.048e-18
322.21,4.152e+3,1.972e-21,7.211e-29,8.924e-46,,4.742e-17,,1.947e-20,1.950e-22,,1.129e-15,1.172e-21,8.368e-31,3.846e-18,4.647e-7,1.136e-13,,2.658e-8,3.449e-29,5.784e-1,1.617e-19,3.623e-34,1.397e+2,2.899e+3,3.198e-9,4.167e-10,6.888e-20,9.910e-2,1.758e-9,9.997e+2,2.555e+1,2.387e-26,5.053e-21,2.902e-23,1.679e-20,8.675e+1,7.750e-2,,,,,,,,,8.320e-3,3.725e-18,,8.373e-21,,,,,1.082e+0,7.342e-6,1.309e-17,1.311e-18,6.018e-17,3.541e-19,8.051e-18
322.23,4.200e+3,1.973e-21,7.268e-29,8.917e-46,,4.945e-17,,1.944e-20,1.949e-22,,1.129e-15,1.173e-21,8.437e-31,3.850e-18,2.954e-7,1.375e-13,,2.501e-8,2.144e-29,6.580e-1,1.621e-19,3.626e-34,1.418e+2,2.940e+3,4.089e-9,7.343e-10,6.890e-20,1.230e-1,1.118e-9,1.014e+3,3.127e+1,2.386e-26,5.053e-21,2.903e-23,1.678e-20,7.079e+1,6.116e-2,,,,,,,,,6.018e-3,3.726e-18,,8.375e-21,,,,,1.472e+0,1.118e-5,1.308e-17,1.312e-18,6.023e-17,3.545e-19,8.054e-18
322.26,4.268e+3,1.975e-21,7.353e-29,8.907e-46,,5.470e-17,,1.940e-20,1.948e-22,,1.130e-15,1.175e-21,8.542e-31,3.855e-18,1.477e-7,1.940e-13,,2.253e-8,1.036e-29,7.914e-1,1.626e-19,3.629e-34,1.447e+2,2.992e+3,5.832e-9,1.694e-9,6.893e-20,1.680e-1,5.588e-10,1.035e+3,4.175e+1,2.385e-26,5.054e-21,2.905e-23,1.676e-20,5.146e+1,4.228e-2,,,,,,,,,3.652e-3,3.728e-18,,8.378e-21,,,,,2.305e+0,2.074e-5,1.307e-17,1.312e-18,6.030e-17,3.551e-19,8.057e-18
322.28,4.309e+3,1.977e-21,7.409e-29,8.900e-46,,5.937e-17,,1.938e-20,1.947e-22,,1.131e-15,1.176e-21,8.612e-31,3.858e-18,9.216e-8,2.492e-13,,2.081e-8,6.322e-30,8.887e-1,1.629e-19,3.631e-34,1.464e+2,3.018e+3,7.322e-9,2.932e-9,6.895e-20,2.050e-1,3.487e-10,1.049e+3,5.016e+1,2.384e-26,5.055e-21,2.905e-23,1.675e-20,4.122e+1,3.276e-2,,,,,,,,,2.595e-3,3.729e-18,,8.380e-21,,,,,3.079e+0,3.101e-5,1.306e-17,1.313e-18,6.035e-17,3.554e-19,8.059e-18
322.31,4.361e+3,1.979e-21,7.494e-29,8.889e-46,,6.772e-17,,1.934e-20,1.946e-22,,1.131e-15,1.178e-21,8.717e-31,3.863e-18,4.480e-8,3.671e-13,,1.823e-8,2.971e-30,1.045e+0,1.634e-19,3.634e-34,1.487e+2,3.041e+3,1.016e-8,6.582e-9,6.898e-20,2.726e-1,1.695e-10,1.071e+3,6.517e+1,2.383e-26,5.056e-21,2.907e-23,1.674e-20,2.914e+1,2.203e-2,,,,,,,,,1.534e-3,3.730e-18,,8.384e-21,,,,,4.689e+0,5.594e-5,1.305e-17,1.314e-18,6.043e-17,3.560e-19,8.063e-18
322.33,4.389e+3,1.980e-21,7.551e-29,8.882e-46,,7.395e-17,,1.932e-20,1.945e-22,,1.132e-15,1.179e-21,8.787e-31,3.867e-18,2.744e-8,4.754e-13,,1.654e-8,1.780e-30,1.154e+0,1.637e-19,3.637e-34,1.500e+2,3.046e+3,1.252e-8,1.118e-8,6.900e-20,3.267e-1,1.038e-10,1.086e+3,7.688e+1,2.383e-26,5.057e-21,2.908e-23,1.672e-20,2.292e+1,1.675e-2,,,,,,,,,1.071e-3,3.731e-18,,8.386e-21,,,,,6.150e+0,8.214e-5,1.304e-17,1.314e-18,6.048e-17,3.564e-19,8.065e-18
322.36,4.421e+3,1.982e-21,7.635e-29,8.871e-46,,8.395e-17,,1.928e-20,1.944e-22,,1.133e-15,1.181e-21,8.892e-31,3.872e-18,1.298e-8,6.963e-13,,1.409e-8,8.135e-31,1.323e+0,1.642e-19,3.640e-34,1.515e+2,3.038e+3,1.690e-8,2.443e-8,6.903e-20,4.230e-1,4.909e-11,1.108e+3,9.716e+1,2.382e-26,5.058e-21,2.909e-23,1.671e-20,1.576e+1,1.096e-2,,,,,,,,,6.162e-4,3.733e-18,,8.390e-21,,,,,9.113e+0,1.442e-4,1.303e-17,1.315e-18,6.055e-17,3.569e-19,8.068e-18
322.38,4.437e+3,1.983e-21,7.692e-29,8.864e-46,,9.085e-17,,1.926e-20,1.943e-22,,1.133e-15,1.182e-21,8.962e-31,3.875e-18,7.802e-9,8.924e-13,,1.255e-8,4.782e-31,1.436e+0,1.646e-19,3.642e-34,1.522e+2,3.023e+3,2.046e-8,4.076e-8,6.905e-20,4.981e-1,2.952e-11,1.124e+3,1.125e+2,2.381e-26,5.059e-21,2.910e-23,1.670e-20,1.217e+1,8.181e-3,,,,,,,,,4.226e-4,3.734e-18,,8.392e-21,,,,,1.174e+1,2.079e-4,1.302e-17,1.315e-18,6.060e-17,3.573e-19,8.071e-18
322.41,4.453e+3,1.985e-21,7.777e-29,8.854e-46,,1.012e-16,,1.922e-20,1.942e-22,,1.134e-15,1.184e-21,9.067e-31,3.880e-18,3.588e-9,1.280e-12,,1.040e-8,2.126e-31,1.602e+0,1.651e-19,3.645e-34,1.527e+2,2.990e+3,2.687e-8,8.665e-8,6.908e-20,6.281e-1,1.357e-11,1.146e+3,1.384e+2,2.380e-26,5.060e-21,2.911e-23,1.668e-20,8.138e+0,5.204e-3,,,,,,,,,2.368e-4,3.735e-18,,8.395e-21,,,,,1.692e+1,3.549e-4,1.301e-17,1.316e-18,6.068e-17,3.579e-19,8.074e-18
322.43,4.462e+3,1.987e-21,7.833e-29,8.847e-46,,1.079e-16,,1.919e-20,1.941e-22,,1.134e-15,1.185e-21,9.136e-31,3.883e-18,2.118e-9,1.615e-12,,9.092e-9,1.227e-31,1.707e+0,1.654e-19,3.647e-34,1.527e+2,2.962e+3,3.192e-8,1.419e-7,6.910e-20,7.266e-1,8.010e-12,1.159e+3,1.573e+2,2.379e-26,5.061e-21,2.912e-23,1.667e-20,6.167e+0,3.814e-3,,,,,,,,,1.595e-4,3.736e-18,,8.397e-21,,,,,2.139e+1,5.024e-4,1.300e-17,1.316e-18,6.073e-17,3.582e-19,8.076e-18
322.45,4.470e+3,1.988e-21,7.890e-29,8.839e-46,,1.143e-16,,1.917e-20,1.940e-22,,1.135e-15,1.187e-21,9.206e-31,3.887e-18,1.241e-9,2.024e-12,,7.891e-9,7.028e-32,1.807e+0,1.657e-19,3.650e-34,1.523e+2,2.934e+3,3.766e-8,2.309e-7,6.912e-20,8.346e-1,4.693e-12,1.172e+3,1.776e+2,2.379e-26,5.062e-21,2.913e-23,1.666e-20,4.639e+0,2.775e-3,,,,,,,,,1.067e-4,3.737e-18,,8.400e-21,,,,,2.685e+1,7.061e-4,1.299e-17,1.317e-18,6.078e-17,3.586e-19,8.079e-18
322.48,4.484e+3,1.990e-21,7.974e-29,8.829e-46,,1.229e-16,,1.913e-20,1.939e-22,,1.136e-15,1.188e-21,9.311e-31,3.892e-18,5.486e-10,2.803e-12,,6.291e-9,3.005e-32,1.940e+0,1.662e-19,3.653e-34,1.509e+2,2.892e+3,4.758e-8,4.723e-7,6.915e-20,1.014e+0,2.075e-12,1.188e+3,2.101e+2,2.378e-26,5.063e-21,2.914e-23,1.664e-20,2.985e+0,1.698e-3,,,,,,,,,5.758e-5,3.739e-18,,8.403e-21,,,,,3.724e+1,1.160e-3,1.298e-17,1.318e-18,6.085e-17,3.592e-19,8.082e-18
322.5,4.499e+3,1.991e-21,8.031e-29,8.822e-46,,1.280e-16,,1.911e-20,1.938e-22,,1.136e-15,1.190e-21,9.381e-31,3.895e-18,3.155e-10,3.453e-12,,5.360e-9,1.690e-32,2.016e+0,1.666e-19,3.655e-34,1.495e+2,2.869e+3,5.510e-8,7.543e-7,6.917e-20,1.145e+0,1.193e-12,1.196e+3,2.328e+2,2.377e-26,5.064e-21,2.915e-23,1.663e-20,2.204e+0,1.213e-3,,,,,,,,,3.783e-5,3.740e-18,,8.405e-21,,,,,4.589e+1,1.601e-3,1.297e-17,1.318e-18,6.091e-17,3.595e-19,8.084e-18
322.53,4.530e+3,1.993e-21,8.116e-29,8.811e-46,,1.340e-16,,1.907e-20,1.936e-22,,1.137e-15,1.191e-21,9.486e-31,3.900e-18,1.357e-10,4.661e-12,,4.157e-9,7.025e-33,2.106e+0,1.671e-19,3.658e-34,1.465e+2,2.846e+3,6.774e-8,1.502e-6,6.920e-20,1.355e+0,5.132e-13,1.203e+3,2.680e+2,2.376e-26,5.065e-21,2.917e-23,1.661e-20,1.380e+0,7.217e-4,,,,,,,,,1.988e-5,3.741e-18,,8.409e-21,,,,,6.193e+1,2.560e-3,1.295e-17,1.319e-18,6.098e-17,3.601e-19,8.088e-18
322.55,4.561e+3,1.995e-21,8.172e-29,8.804e-46,,1.370e-16,,1.905e-20,1.936e-22,,1.137e-15,1.193e-21,9.556e-31,3.903e-18,7.660e-11,5.645e-12,,3.477e-9,3.877e-33,2.148e+0,1.674e-19,3.661e-34,1.440e+2,2.841e+3,7.702e-8,2.355e-6,6.922e-20,1.504e+0,2.897e-13,1.204e+3,2.916e+2,2.375e-26,5.065e-21,2.918e-23,1.660e-20,1.000e+0,5.060e-4,,,,,,,,,1.283e-5,3.742e-18,,8.411e-21,,,,,7.493e+1,3.468e-3,1.295e-17,1.319e-18,6.103e-17,3.605e-19,8.090e-18
322.58,4.623e+3,1.997e-21,8.257e-29,8.793e-46,,1.397e-16,,1.901e-20,1.934e-22,,1.138e-15,1.195e-21,9.661e-31,3.909e-18,3.204e-11,7.430e-12,,2.623e-9,1.568e-33,2.184e+0,1.679e-19,3.664e-34,1.394e+2,2.855e+3,9.211e-8,4.562e-6,6.925e-20,1.735e+0,1.212e-13,1.199e+3,3.264e+2,2.374e-26,5.067e-21,2.919e-23,1.659e-20,6.087e-1,2.929e-4,,,,,,,,,6.561e-6,3.744e-18,,8.414e-21,,,,,9.838e+1,5.394e-3,1.293e-17,1.320e-18,6.111e-17,3.610e-19,8.093e-18
322.6,4.677e+3,1.998e-21,8.314e-29,8.786e-46,,1.402e-16,,1.898e-20,1.933e-22,,1.139e-15,1.196e-21,9.731e-31,3.912e-18,1.775e-11,8.850e-12,,2.154e-9,8.495e-34,2.187e+0,1.682e-19,3.666e-34,1.357e+2,2.880e+3,1.028e-7,7.025e-6,6.927e-20,1.892e+0,6.715e-14,1.191e+3,3.487e+2,2.374e-26,5.067e-21,2.920e-23,1.658e-20,4.332e-1,2.016e-4,,,,,,,,,4.159e-6,3.745e-18,,8.417e-21,,,,,1.169e+2,7.176e-3,1.292e-17,1.321e-18,6.116e-17,3.614e-19,8.096e-18
322.63,4.777e+3,2.000e-21,8.398e-29,8.776e-46,,1.391e-16,,1.895e-20,1.932e-22,,1.139e-15,1.198e-21,9.835e-31,3.917e-18,7.222e-12,1.137e-11,,1.581e-9,3.341e-34,2.163e+0,1.687e-19,3.669e-34,1.294e+2,2.942e+3,1.196e-7,1.324e-5,6.930e-20,2.128e+0,2.731e-14,1.172e+3,3.798e+2,2.373e-26,5.068e-21,2.921e-23,1.656e-20,2.565e-1,1.135e-4,,,,,,,,,2.071e-6,3.746e-18,,8.420e-21,,,,,1.493e+2,1.086e-2,1.291e-17,1.321e-18,6.123e-17,3.619e-19,8.099e-18
322.65,4.857e+3,2.001e-21,8.455e-29,8.769e-46,,1.372e-16,,1.892e-20,1.931e-22,,1.140e-15,1.199e-21,9.905e-31,3.920e-18,3.928e-12,1.332e-11,,1.274e-9,1.777e-34,2.127e+0,1.691e-19,3.672e-34,1.248e+2,3.001e+3,1.311e-7,2.002e-5,6.932e-20,2.282e+0,1.486e-14,1.154e+3,3.984e+2,2.372e-26,5.069e-21,2.922e-23,1.655e-20,1.792e-1,7.668e-5,,,,,,,,,1.289e-6,3.747e-18,,8.422e-21,,,,,1.741e+2,1.418e-2,1.290e-17,1.322e-18,6.128e-17,3.623e-19,8.101e-18
322.68,4.997e+3,2.003e-21,8.540e-29,8.758e-46,,1.325e-16,,1.889e-20,1.930e-22,,1.141e-15,1.201e-21,1.001e-30,3.925e-18,1.554e-12,1.671e-11,,9.098e-10,6.795e-35,2.046e+0,1.696e-19,3.675e-34,1.171e+2,3.115e+3,1.484e-7,3.672e-5,6.935e-20,2.504e+0,5.877e-15,1.121e+3,4.221e+2,2.371e-26,5.070e-21,2.924e-23,1.653e-20,1.032e-1,4.200e-5,,,,,,,,,6.248e-7,3.749e-18,,8.426e-21,,,,,2.164e+2,2.089e-2,1.289e-17,1.322e-18,6.136e-17,3.629e-19,8.105e-18
322.7,5.101e+3,2.004e-21,8.596e-29,8.751e-46,,1.283e-16,,1.886e-20,1.929e-22,,1.141e-15,1.202e-21,1.008e-30,3.929e-18,8.298e-13,1.928e-11,,7.200e-10,3.547e-35,1.976e+0,1.699e-19,3.677e-34,1.116e+2,3.208e+3,1.597e-7,5.453e-5,6.937e-20,2.642e+0,3.138e-15,1.094e+3,4.347e+2,2.370e-26,5.071e-21,2.924e-23,1.652e-20,7.077e-2,2.785e-5,,,,,,,,,3.821e-7,3.750e-18,,8.428e-21,,,,,2.478e+2,2.678e-2,1.288e-17,1.323e-18,6.141e-17,3.632e-19,8.107e-18
322.73,5.274e+3,2.006e-21,8.681e-29,8.740e-46,,1.207e-16,,1.882e-20,1.928e-22,,1.142e-15,1.204e-21,1.018e-30,3.934e-18,3.193e-13,2.364e-11,,5.000e-10,1.319e-35,1.849e+0,1.704e-19,3.680e-34,1.029e+2,3.370e+3,1.759e-7,9.731e-5,6.940e-20,2.828e+0,1.207e-15,1.049e+3,4.481e+2,2.369e-26,5.072e-21,2.926e-23,1.650e-20,3.964e-2,1.484e-5,,,,,,,,,1.802e-7,3.751e-18,,8.431e-21,,,,,2.996e+2,3.837e-2,1.287e-17,1.324e-18,6.148e-17,3.638e-19,8.111e-18
322.75,5.398e+3,2.008e-21,8.737e-29,8.733e-46,,1.150e-16,,1.880e-20,1.927e-22,,1.143e-15,1.205e-21,1.025e-30,3.937e-18,1.673e-13,2.689e-11,,3.884e-10,6.760e-36,1.753e+0,1.707e-19,3.683e-34,9.697e+1,3.491e+3,1.858e-7,1.419e-4,6.942e-20,2.937e+0,6.327e-16,1.016e+3,4.530e+2,2.368e-26,5.073e-21,2.927e-23,1.649e-20,2.669e-2,9.659e-6,,,,,,,,,1.082e-7,3.752e-18,,8.434e-21,,,,,3.368e+2,4.832e-2,1.286e-17,1.324e-18,6.153e-17,3.642e-19,8.113e-18
322.78,5.596e+3,2.010e-21,8.822e-29,8.723e-46,,1.056e-16,,1.876e-20,1.926e-22,,1.143e-15,1.207e-21,1.036e-30,3.942e-18,6.261e-14,3.228e-11,,2.624e-10,2.445e-36,1.596e+0,1.713e-19,3.686e-34,8.787e+1,3.691e+3,1.991e-7,2.464e-4,6.945e-20,3.070e+0,2.367e-16,9.621e+2,4.543e+2,2.367e-26,5.074e-21,2.928e-23,1.648e-20,1.455e-2,5.004e-6,,,,,,,,,4.970e-8,3.754e-18,,8.437e-21,,,,,3.962e+2,6.734e-2,1.285e-17,1.325e-18,6.161e-17,3.647e-19,8.116e-18
322.8,5.736e+3,2.011e-21,8.879e-29,8.716e-46,,9.901e-17,,1.874e-20,1.925e-22,,1.144e-15,1.208e-21,1.043e-30,3.945e-18,3.221e-14,3.623e-11,,2.001e-10,1.230e-36,1.485e+0,1.716e-19,3.688e-34,8.178e+1,3.836e+3,2.065e-7,3.528e-4,6.947e-20,3.138e+0,1.218e-16,9.247e+2,4.510e+2,2.367e-26,5.075e-21,2.929e-23,1.646e-20,9.626e-3,3.198e-6,,,,,,,,,2.931e-8,3.755e-18,,8.439e-21,,,,,4.374e+2,8.326e-2,1.284e-17,1.325e-18,6.166e-17,3.651e-19,8.118e-18
322.82,5.880e+3,2.012e-21,8.935e-29,8.708e-46,,9.238e-17,,1.871e-20,1.924e-22,,1.144e-15,1.209e-21,1.050e-30,3.949e-18,1.645e-14,4.045e-11,,1.515e-10,6.141e-37,1.373e+0,1.719e-19,3.690e-34,7.577e+1,3.989e+3,2.127e-7,5.014e-4,6.949e-20,3.188e+0,6.219e-17,8.867e+2,4.444e+2,2.366e-26,5.076e-21,2.930e-23,1.645e-20,6.333e-3,2.029e-6,,,,,,,,,1.716e-8,3.756e-18,,8.442e-21,,,,,4.794e+2,1.022e-1,1.283e-17,1.326e-18,6.171e-17,3.655e-19,8.121e-18
322.85,6.108e+3,2.014e-21,9.020e-29,8.698e-46,,8.259e-17,,1.868e-20,1.923e-22,,1.145e-15,1.211e-21,1.060e-30,3.954e-18,5.920e-15,4.728e-11,,9.847e-11,2.136e-37,1.202e+0,1.724e-19,3.694e-34,6.698e+1,4.235e+3,2.192e-7,8.381e-4,6.952e-20,3.228e+0,2.238e-17,8.295e+2,4.287e+2,2.365e-26,5.077e-21,2.931e-23,1.644e-20,3.365e-3,1.011e-6,,,,,,,,,7.587e-9,3.757e-18,,8.445e-21,,,,,5.425e+2,1.371e-1,1.282e-17,1.327e-18,6.178e-17,3.660e-19,8.124e-18
322.87,6.268e+3,2.016e-21,9.077e-29,8.691e-46,,7.636e-17,,1.865e-20,1.922e-22,,1.146e-15,1.212e-21,1.067e-30,3.957e-18,2.967e-15,5.217e-11,,7.319e-11,1.047e-37,1.091e+0,1.728e-19,3.696e-34,6.136e+1,4.411e+3,2.216e-7,1.170e-3,6.954e-20,3.230e+0,1.122e-17,7.918e+2,4.148e+2,2.364e-26,5.078e-21,2.932e-23,1.643e-20,2.230e-3,6.298e-7,,,,,,,,,4.363e-9,3.758e-18,,8.447e-21,,,,,5.838e+2,1.652e-1,1.281e-17,1.327e-18,6.183e-17,3.664e-19,8.126e-18
322.9,6.524e+3,2.018e-21,9.161e-29,8.680e-46,,6.778e-17,,1.861e-20,1.921e-22,,1.146e-15,1.214e-21,1.078e-30,3.962e-18,1.039e-15,5.996e-11,,4.626e-11,3.543e-38,9.297e-1,1.733e-19,3.699e-34,5.341e+1,4.697e+3,2.222e-7,1.902e-3,6.957e-20,3.199e+0,3.926e-18,7.373e+2,3.893e+2,2.363e-26,5.079e-21,2.933e-23,1.641e-20,1.297e-3,3.053e-7,,,,,,,,,1.877e-9,3.760e-18,,8.451e-21,,,,,6.427e+2,2.156e-1,1.279e-17,1.328e-18,6.191e-17,3.670e-19,8.130e-18
322.92,6.709e+3,2.019e-21,9.218e-29,8.673e-46,,6.273e-17,,1.859e-20,1.920e-22,,1.147e-15,1.215e-21,1.085e-30,3.966e-18,5.110e-16,6.546e-11,,3.376e-11,1.704e-38,8.281e-1,1.736e-19,3.701e-34,4.847e+1,4.904e+3,2.206e-7,2.607e-3,6.959e-20,3.156e+0,1.932e-18,7.027e+2,3.698e+2,2.363e-26,5.079e-21,2.934e-23,1.640e-20,1.029e-3,1.866e-7,,,,,,,,,1.060e-9,3.761e-18,,8.453e-21,,,,,6.791e+2,2.551e-1,1.279e-17,1.328e-18,6.196e-17,3.673e-19,8.132e-18
322.95,7.015e+3,2.021e-21,9.303e-29,8.662e-46,,5.638e-17,,1.855e-20,1.919e-22,,1.148e-15,1.217e-21,1.095e-30,3.971e-18,1.739e-16,7.413e-11,,2.076e-11,5.607e-39,6.866e-1,1.741e-19,3.705e-34,4.168e+1,5.250e+3,2.152e-7,4.126e-3,6.962e-20,3.060e+0,6.575e-19,6.540e+2,3.377e+2,2.362e-26,5.081e-21,2.936e-23,1.638e-20,1.037e-3,8.798e-8,,,,,,,,,4.437e-10,3.762e-18,,8.456e-21,,,,,7.274e+2,3.239e-1,1.277e-17,1.329e-18,6.203e-17,3.679e-19,8.136e-18
322.97,7.243e+3,2.022e-21,9.359e-29,8.655e-46,,5.309e-17,,1.853e-20,1.918e-22,,1.148e-15,1.218e-21,1.102e-30,3.974e-18,8.402e-17,8.017e-11,,1.487e-11,2.648e-39,6.005e-1,1.744e-19,3.707e-34,3.760e+1,5.508e+3,2.098e-7,5.553e-3,6.964e-20,2.976e+0,3.176e-19,6.241e+2,3.149e+2,2.361e-26,5.081e-21,2.937e-23,1.637e-20,1.318e-3,5.281e-8,,,,,,,,,2.461e-10,3.763e-18,,8.459e-21,,,,,7.545e+2,3.763e-1,1.276e-17,1.330e-18,6.208e-17,3.683e-19,8.138e-18
323,7.632e+3,2.024e-21,9.444e-29,8.645e-46,,4.971e-17,,1.849e-20,1.916e-22,,1.149e-15,1.220e-21,1.113e-30,3.979e-18,2.781e-17,8.956e-11,,8.894e-12,8.473e-40,4.844e-1,1.749e-19,3.710e-34,3.214e+1,5.947e+3,1.991e-7,8.552e-3,6.967e-20,2.827e+0,1.051e-19,5.832e+2,2.798e+2,2.360e-26,5.083e-21,2.938e-23,1.635e-20,2.285e-3,2.421e-8,,,,,,,,,1.002e-10,3.764e-18,,8.462e-21,,,,,7.863e+2,4.648e-1,1.275e-17,1.330e-18,6.216e-17,3.688e-19,8.141e-18
323.02,7.929e+3,2.026e-21,9.500e-29,8.638e-46,,4.857e-17,,1.847e-20,1.916e-22,,1.149e-15,1.221e-21,1.120e-30,3.982e-18,1.319e-17,9.603e-11,,6.255e-12,3.928e-40,4.159e-1,1.753e-19,3.712e-34,2.896e+1,6.281e+3,1.905e-7,1.130e-2,6.969e-20,2.713e+0,4.984e-20,5.587e+2,2.562e+2,2.359e-26,5.083e-21,2.939e-23,1.634e-20,3.466e-3,1.427e-8,,,,,,,,,5.459e-11,3.765e-18,,8.464e-21,,,,,8.008e+2,5.302e-1,1.274e-17,1.331e-18,6.221e-17,3.692e-19,8.143e-18
323.05,8.441e+3,2.028e-21,9.585e-29,8.627e-46,,4.858e-17,,1.843e-20,1.914e-22,,1.150e-15,1.223e-21,1.130e-30,3.987e-18,4.245e-18,1.060e-10,,3.639e-12,1.222e-40,3.264e-1,1.758e-19,3.716e-34,2.483e+1,6.854e+3,1.759e-7,1.693e-2,6.972e-20,2.526e+0,1.604e-20,5.259e+2,2.214e+2,2.358e-26,5.084e-21,2.940e-23,1.633e-20,6.565e-3,6.363e-9,,,,,,,,,2.164e-11,3.767e-18,,8.468e-21,,,,,8.119e+2,6.373e-1,1.273e-17,1.331e-18,6.228e-17,3.698e-19,8.147e-18
323.07,8.832e+3,2.029e-21,9.642e-29,8.620e-46,,4.975e-17,,1.840e-20,1.913e-22,,1.151e-15,1.225e-21,1.137e-30,3.991e-18,1.976e-18,1.127e-10,,2.513e-12,5.561e-41,2.752e-1,1.761e-19,3.718e-34,2.249e+1,7.289e+3,1.652e-7,2.198e-2,6.974e-20,2.393e+0,7.466e-21,5.065e+2,1.990e+2,2.358e-26,5.085e-21,2.941e-23,1.632e-20,1.002e-2,3.680e-9,,,,,,,,,1.157e-11,3.768e-18,,8.470e-21,,,,,8.119e+2,7.138e-1,1.272e-17,1.332e-18,6.233e-17,3.701e-19,8.149e-18
323.1,9.502e+3,2.031e-21,9.727e-29,8.609e-46,,5.324e-17,,1.837e-20,1.912e-22,,1.151e-15,1.226e-21,1.148e-30,3.996e-18,6.186e-19,1.228e-10,,1.422e-12,1.683e-41,2.101e-1,1.766e-19,3.721e-34,1.954e+1,8.030e+3,1.484e-7,3.204e-2,6.977e-20,2.185e+0,2.338e-21,4.809e+2,1.673e+2,2.357e-26,5.086e-21,2.943e-23,1.630e-20,1.870e-2,1.596e-9,,,,,,,,,4.464e-12,3.769e-18,,8.473e-21,,,,,8.008e+2,8.346e-1,1.271e-17,1.333e-18,6.241e-17,3.707e-19,8.153e-18
323.12,1.001e+4,2.032e-21,9.783e-29,8.602e-46,,5.667e-17,,1.834e-20,1.911e-22,,1.152e-15,1.228e-21,1.155e-30,3.999e-18,2.826e-19,1.296e-10,,9.639e-13,1.090e-41,1.739e-1,1.769e-19,3.723e-34,1.791e+1,8.586e+3,1.369e-7,4.083e-2,6.979e-20,2.043e+0,1.068e-21,4.658e+2,1.477e+2,2.356e-26,5.087e-21,2.943e-23,1.629e-20,2.811e-2,9.063e-10,,,,,,,,,2.344e-12,3.770e-18,,8.476e-21,,,,,7.863e+2,9.179e-1,1.270e-17,1.333e-18,6.246e-17,3.711e-19,8.155e-18
323.15,1.086e+4,2.034e-21,9.868e-29,8.592e-46,,6.336e-17,,1.831e-20,1.910e-22,,1.153e-15,1.229e-21,1.165e-30,4.004e-18,8.605e-20,1.395e-10,,5.306e-13,1.377e-41,1.292e-1,1.774e-19,3.727e-34,1.592e+1,9.515e+3,1.196e-7,5.794e-2,6.981e-20,1.830e+0,3.252e-22,4.457e+2,1.208e+2,2.355e-26,5.088e-21,2.945e-23,1.627e-20,5.109e-2,3.824e-10,,,,,,,,,8.798e-13,3.772e-18,,8.479e-21,,,,,7.545e+2,1.044e+0,1.269e-17,1.334e-18,6.254e-17,3.716e-19,8.158e-18
323.17,1.148e+4,2.036e-21,9.924e-29,8.585e-46,,6.875e-17,,1.828e-20,1.909e-22,,1.153e-15,1.231e-21,1.172e-30,4.008e-18,3.859e-20,1.459e-10,,3.531e-13,2.693e-41,1.050e-1,1.778e-19,3.729e-34,1.484e+1,1.020e+4,1.084e-7,7.249e-2,6.983e-20,1.690e+0,1.458e-22,4.335e+2,1.047e+2,2.354e-26,5.089e-21,2.946e-23,1.626e-20,7.542e-2,2.131e-10,,,,,,,,,4.536e-13,3.773e-18,,8.481e-21,,,,,7.274e+2,1.128e+0,1.268e-17,1.334e-18,6.259e-17,3.720e-19,8.161e-18
323.19,1.215e+4,2.037e-21,9.981e-29,8.577e-46,,7.480e-17,,1.826e-20,1.908e-22,,1.154e-15,1.232e-21,1.179e-30,4.011e-18,1.718e-20,1.520e-10,,2.333e-13,5.791e-41,8.469e-2,1.781e-19,3.731e-34,1.393e+1,1.092e+4,9.741e-8,9.005e-2,6.985e-20,1.553e+0,6.490e-23,4.222e+2,9.003e+1,2.354e-26,5.090e-21,2.947e-23,1.625e-20,1.105e-1,1.179e-10,,,,,,,,,2.322e-13,3.774e-18,,8.483e-21,,,,,6.961e+2,1.209e+0,1.267e-17,1.335e-18,6.264e-17,3.724e-19,1.840e-17
323.22,1.323e+4,2.039e-21,1.007e-28,8.567e-46,,8.486e-17,,1.822e-20,1.907e-22,,1.154e-15,1.234e-21,1.190e-30,4.016e-18,5.030e-21,1.605e-10,,1.235e-13,1.903e-40,6.053e-2,1.786e-19,3.734e-34,1.284e+1,1.209e+4,8.191e-8,1.230e-1,6.988e-20,1.355e+0,1.900e-23,4.063e+2,7.085e+1,2.353e-26,5.091e-21,2.948e-23,1.623e-20,1.934e-1,4.786e-11,,,,,,,,,8.386e-14,3.775e-18,,8.487e-21,,,,,6.427e+2,1.323e+0,1.266e-17,1.336e-18,6.271e-17,3.729e-19,6.143e-17
323.24,1.399e+4,2.040e-21,1.012e-28,8.560e-46,,9.207e-17,,1.819e-20,1.906e-22,,1.155e-15,1.235e-21,1.197e-30,4.019e-18,5.018e-21,1.655e-10,,8.011e-14,4.168e-40,4.795e-2,1.789e-19,3.736e-34,1.226e+1,1.292e+4,7.230e-8,1.500e-1,6.990e-20,1.229e+0,1.960e-23,3.960e+2,5.983e+1,2.352e-26,5.092e-21,2.949e-23,1.622e-20,2.783e-1,2.599e-11,,,,,,,,,4.215e-14,3.776e-18,,8.489e-21,,,,,6.039e+2,1.393e+0,1.265e-17,1.336e-18,6.276e-17,3.733e-19,1.360e-16
323.27,1.518e+4,2.042e-21,1.021e-28,8.549e-46,,1.033e-16,,1.816e-20,1.905e-22,,1.156e-15,1.237e-21,1.207e-30,4.024e-18,4.999e-21,1.720e-10,,4.127e-14,1.333e-39,3.334e-2,1.794e-19,3.740e-34,1.155e+1,1.420e+4,5.914e-8,1.994e-1,6.993e-20,1.053e+0,2.048e-23,3.808e+2,4.581e+1,2.351e-26,5.093e-21,2.950e-23,1.620e-20,4.739e-1,1.026e-11,,,,,,,,,1.481e-14,3.778e-18,,8.493e-21,,,,,5.425e+2,1.484e+0,1.264e-17,1.337e-18,6.284e-17,3.739e-19,4.420e-16
323.29,1.599e+4,2.044e-21,1.026e-28,8.542e-46,,1.109e-16,,1.813e-20,1.904e-22,,1.156e-15,1.238e-21,1.214e-30,4.028e-18,4.987e-21,1.754e-10,,2.627e-14,2.868e-39,2.593e-2,1.798e-19,3.742e-34,1.116e+1,1.507e+4,5.125e-8,2.388e-1,6.995e-20,9.433e-1,2.108e-23,3.705e+2,3.798e+1,2.350e-26,5.094e-21,2.951e-23,1.619e-20,6.696e-1,5.470e-12,,,,,,,,,7.309e-15,3.779e-18,,8.495e-21,,,,,5.005e+2,1.533e+0,1.263e-17,1.337e-18,6.289e-17,3.742e-19,9.610e-16
323.32,1.722e+4,2.046e-21,1.035e-28,8.531e-46,,1.220e-16,,1.810e-20,1.903e-22,,1.157e-15,1.240e-21,1.225e-30,4.033e-18,4.968e-21,1.791e-10,,1.317e-14,8.927e-39,1.754e-2,1.803e-19,3.745e-34,1.067e+1,1.638e+4,4.079e-8,3.088e-1,6.998e-20,7.930e-1,2.196e-23,3.546e+2,2.829e+1,2.349e-26,5.095e-21,2.952e-23,1.618e-20,1.110e+0,2.100e-12,,,,,,,,,2.499e-15,3.780e-18,,8.498e-21,,,,,4.374e+2,1.589e+0,1.261e-17,1.338e-18,6.296e-17,3.748e-19,3.040e-15
323.34,1.802e+4,2.047e-21,1.040e-28,8.524e-46,,1.289e-16,,1.807e-20,1.902e-22,,1.157e-15,1.241e-21,1.232e-30,4.036e-18,4.955e-21,1.805e-10,,8.229e-15,1.886e-38,1.339e-2,1.806e-19,3.747e-34,1.039e+1,1.724e+4,3.470e-8,3.632e-1,7.000e-20,7.023e-1,2.255e-23,3.436e+2,2.303e+1,2.349e-26,5.095e-21,2.953e-23,1.617e-20,1.540e+0,1.099e-12,,,,,,,,,1.211e-15,3.781e-18,,8.500e-21,,,,,3.962e+2,1.613e+0,1.261e-17,1.338e-18,6.301e-17,3.752e-19,6.490e-15
323.37,1.917e+4,2.049e-21,1.049e-28,8.514e-46,,1.385e-16,,1.803e-20,1.901e-22,,1.158e-15,1.243e-21,1.242e-30,4.041e-18,4.937e-21,1.809e-10,,4.011e-15,5.713e-38,8.815e-3,1.811e-19,3.751e-34,1.003e+1,1.848e+4,2.687e-8,4.570e-1,7.003e-20,5.806e-1,2.344e-23,3.265e+2,1.669e+1,2.348e-26,5.097e-21,2.955e-23,1.615e-20,2.482e+0,4.105e-13,,,,,,,,,4.028e-16,3.783e-18,,8.504e-21,,,,,3.368e+2,1.626e+0,1.259e-17,1.339e-18,6.309e-17,3.757e-19,1.998e-14
323.39,1.990e+4,2.050e-21,1.055e-28,8.507e-46,,1.440e-16,,1.801e-20,1.900e-22,,1.159e-15,1.244e-21,1.249e-30,4.045e-18,4.924e-21,1.799e-10,,2.461e-15,1.185e-37,6.609e-3,1.815e-19,3.753e-34,9.822e+0,1.925e+4,2.245e-8,5.278e-1,7.005e-20,5.091e-1,2.403e-23,3.147e+2,1.334e+1,2.347e-26,5.097e-21,2.956e-23,1.614e-20,3.382e+0,2.109e-13,,,,,,,,,1.916e-16,3.784e-18,,8.506e-21,,,,,2.996e+2,1.620e+0,1.258e-17,1.340e-18,6.314e-17,3.761e-19,4.190e-14
323.42,2.089e+4,2.052e-21,1.063e-28,8.496e-46,,1.507e-16,,1.797e-20,1.899e-22,,1.159e-15,1.246e-21,1.260e-30,4.050e-18,4.905e-21,1.768e-10,,1.167e-15,3.495e-37,4.231e-3,1.820e-19,3.756e-34,9.558e+0,2.032e+4,1.690e-8,6.463e-1,7.008e-20,4.158e-1,2.492e-23,2.965e+2,9.400e+0,2.346e-26,5.098e-21,2.957e-23,1.612e-20,5.306e+0,7.660e-14,,,,,,,,,6.200e-17,3.785e-18,,8.510e-21,,,,,2.478e+2,1.589e+0,1.257e-17,1.340e-18,6.321e-17,3.766e-19,1.255e-13
323.44,2.148e+4,2.053e-21,1.069e-28,8.489e-46,,1.539e-16,,1.795e-20,1.898e-22,,1.160e-15,1.247e-21,1.267e-30,4.053e-18,4.893e-21,1.736e-10,,7.030e-16,7.122e-37,3.115e-3,1.823e-19,3.758e-34,9.414e+0,2.095e+4,1.387e-8,7.330e-1,7.010e-20,3.627e-1,2.551e-23,2.842e+2,7.377e+0,2.345e-26,5.099e-21,2.958e-23,1.611e-20,7.100e+0,3.864e-14,,,,,,,,,2.896e-17,3.786e-18,,8.512e-21,,,,,2.164e+2,1.555e+0,1.256e-17,1.341e-18,6.326e-17,3.770e-19,2.586e-13
323.47,2.223e+4,2.055e-21,1.077e-28,8.478e-46,,1.568e-16,,1.791e-20,1.896e-22,,1.161e-15,1.249e-21,1.277e-30,4.058e-18,4.874e-21,1.674e-10,,3.242e-16,2.044e-36,1.940e-3,1.828e-19,3.762e-34,9.248e+0,2.176e+4,1.016e-8,8.734e-1,7.013e-20,2.959e-1,2.640e-23,2.658e+2,5.058e+0,2.344e-26,5.100e-21,2.959e-23,1.609e-20,1.084e+1,1.365e-14,,,,,,,,,9.117e-18,3.788e-18,,8.515e-21,,,,,1.741e+2,1.484e+0,1.255e-17,1.342e-18,6.334e-17,3.776e-19,7.540e-13
323.49,2.263e+4,2.057e-21,1.083e-28,8.471e-46,,1.574e-16,,1.789e-20,1.896e-22,,1.161e-15,1.250e-21,1.284e-30,4.061e-18,4.862e-21,1.624e-10,,1.917e-16,4.090e-36,1.402e-3,1.831e-19,3.764e-34,9.173e+0,2.220e+4,8.182e-9,9.728e-1,7.015e-20,2.596e-1,2.699e-23,2.537e+2,3.897e+0,2.343e-26,5.101e-21,2.960e-23,1.608e-20,1.424e+1,6.758e-15,,,,,,,,,4.181e-18,3.789e-18,,8.517e-21,,,,,1.493e+2,1.425e+0,1.254e-17,1.342e-18,6.339e-17,3.779e-19,1.525e-12
323.52,2.308e+4,2.059e-21,1.091e-28,8.461e-46,,1.560e-16,,1.785e-20,1.894e-22,,1.162e-15,1.252e-21,1.295e-30,4.066e-18,4.843e-21,1.540e-10,,8.601e-17,1.142e-35,8.498e-4,1.836e-19,3.767e-34,9.118e+0,2.269e+4,5.832e-9,1.128e+0,7.018e-20,2.165e-1,2.788e-23,2.362e+2,2.600e+0,2.342e-26,5.102e-21,2.962e-23,1.607e-20,2.116e+1,2.322e-15,,,,,,,,,1.281e-18,3.790e-18,,8.521e-21,,,,,1.169e+2,1.323e+0,1.253e-17,1.343e-18,6.346e-17,3.785e-19,4.329e-12
323.54,2.328e+4,2.060e-21,1.097e-28,8.454e-46,,1.538e-16,,1.782e-20,1.893e-22,,1.162e-15,1.253e-21,1.302e-30,4.070e-18,4.831e-21,1.479e-10,,4.994e-17,2.245e-35,6.030e-4,1.840e-19,3.769e-34,9.120e+0,2.291e+4,4.611e-9,1.233e+0,7.020e-20,1.949e-1,2.847e-23,2.253e+2,1.967e+0,2.342e-26,5.103e-21,2.962e-23,1.606e-20,2.729e+1,1.129e-15,,,,,,,,,5.524e-19,3.791e-18,,8.523e-21,,,,,9.838e+1,1.248e+0,1.252e-17,1.343e-18,6.351e-17,3.789e-19,8.599e-12
323.56,2.339e+4,2.061e-21,1.103e-28,8.446e-46,,1.504e-16,,1.780e-20,1.893e-22,,1.163e-15,1.254e-21,1.309e-30,4.073e-18,4.818e-21,1.418e-10,,2.878e-17,4.381e-35,4.248e-4,1.843e-19,3.772e-34,9.152e+0,2.305e+4,3.619e-9,1.339e+0,7.022e-20,1.786e-1,2.906e-23,2.150e+2,1.477e+0,2.341e-26,5.104e-21,2.963e-23,1.604e-20,3.496e+1,5.446e-16,,,,,,,,,2.473e-19,3.792e-18,,8.525e-21,,,,,8.220e+1,1.169e+0,1.251e-17,1.344e-18,6.356e-17,3.792e-19,1.696e-11
323.59,2.341e+4,2.063e-21,1.111e-28,8.436e-46,,1.435e-16,,1.776e-20,1.891e-22,,1.164e-15,1.256e-21,1.319e-30,4.078e-18,4.799e-21,1.327e-10,,1.242e-17,1.178e-34,2.477e-4,1.848e-19,3.775e-34,9.253e+0,2.309e+4,2.482e-9,1.495e+0,7.025e-20,1.634e-1,2.995e-23,2.011e+2,9.479e-1,2.340e-26,5.105e-21,2.965e-23,1.603e-20,4.999e+1,1.800e-16,,,,,,,,,7.302e-20,3.794e-18,,8.529e-21,,,,,6.193e+1,1.044e+0,1.250e-17,1.345e-18,6.364e-17,3.798e-19,4.634e-11
323.61,2.333e+4,2.065e-21,1.117e-28,8.429e-46,,1.379e-16,,1.774e-20,1.890e-22,,1.164e-15,1.258e-21,1.326e-30,4.082e-18,4.787e-21,1.270e-10,,7.029e-18,2.258e-34,1.713e-4,1.851e-19,3.777e-34,9.352e+0,2.301e+4,1.913e-9,1.593e+0,7.027e-20,1.590e-1,3.054e-23,1.931e+2,6.988e-1,2.339e-26,5.106e-21,2.966e-23,1.602e-20,6.287e+1,8.525e-17,,,,,,,,,7.281e-20,3.795e-18,,8.531e-21,,,,,5.081e+1,9.601e-1,1.249e-17,1.345e-18,6.369e-17,3.802e-19,8.976e-11
323.64,2.307e+4,2.067e-21,1.125e-28,8.418e-46,,1.280e-16,,1.770e-20,1.889e-22,,1.165e-15,1.259e-21,1.337e-30,4.087e-18,4.768e-21,1.194e-10,,2.951e-18,5.908e-34,9.720e-5,1.856e-19,3.780e-34,9.534e+0,2.275e+4,1.276e-9,1.730e+0,7.030e-20,1.603e-1,3.143e-23,1.829e+2,4.363e-1,2.338e-26,5.107e-21,2.967e-23,1.600e-20,8.747e+1,2.740e-17,,,,,,2.549e-20,,,7.248e-20,3.796e-18,,8.534e-21,,,,,3.724e+1,8.347e-1,1.248e-17,1.346e-18,6.376e-17,3.807e-19,2.387e-10
323.66,2.283e+4,2.068e-21,1.131e-28,8.411e-46,,1.208e-16,,1.768e-20,1.888e-22,,1.165e-15,1.261e-21,1.343e-30,4.090e-18,4.756e-21,1.153e-10,,1.639e-18,1.112e-33,6.601e-5,1.860e-19,3.782e-34,9.670e+0,2.250e+4,9.658e-10,1.812e+0,7.032e-20,1.661e-1,3.202e-23,1.775e+2,3.159e-1,2.338e-26,5.108e-21,2.968e-23,1.599e-20,1.080e+2,1.274e-17,,,,,,5.773e-20,,,7.226e-20,3.797e-18,,8.537e-21,,,,,3.000e+1,7.535e-1,1.247e-17,1.346e-18,6.381e-17,3.811e-19,4.541e-10
323.69,2.235e+4,2.070e-21,1.139e-28,8.400e-46,,1.091e-16,,1.764e-20,1.887e-22,,1.166e-15,1.262e-21,1.354e-30,4.095e-18,4.737e-21,1.110e-10,,6.693e-19,2.832e-33,3.643e-5,1.865e-19,3.786e-34,9.882e+0,2.200e+4,6.269e-10,1.914e+0,7.035e-20,1.814e-1,3.291e-23,1.714e+2,1.919e-1,2.337e-26,5.109e-21,2.969e-23,1.597e-20,1.463e+2,3.984e-18,,,,,,1.942e-19,,,7.193e-20,3.799e-18,,8.540e-21,,,,,2.139e+1,6.375e-1,1.245e-17,1.347e-18,6.389e-17,3.817e-19,1.175e-9
323.71,2.198e+4,2.071e-21,1.145e-28,8.393e-46,,1.010e-16,,1.761e-20,1.886e-22,,1.167e-15,1.264e-21,1.361e-30,4.098e-18,4.724e-21,1.094e-10,,3.650e-19,5.235e-33,2.429e-5,1.868e-19,3.788e-34,1.002e+1,2.160e+4,4.657e-10,1.968e+0,7.037e-20,1.957e-1,3.350e-23,1.686e+2,1.364e-1,2.336e-26,5.110e-21,2.970e-23,1.596e-20,1.774e+2,1.818e-18,,,,,,4.319e-19,,,7.171e-20,3.800e-18,,8.542e-21,,,,,1.692e+1,5.651e-1,1.245e-17,1.347e-18,6.394e-17,3.820e-19,2.196e-9
323.74,2.135e+4,2.073e-21,1.154e-28,8.383e-46,,8.883e-17,,1.758e-20,1.885e-22,,1.167e-15,1.265e-21,1.371e-30,4.103e-18,4.706e-21,1.095e-10,,1.450e-19,1.298e-32,1.304e-5,1.873e-19,3.791e-34,1.020e+1,2.093e+4,2.941e-10,2.024e+0,7.040e-20,2.230e-1,3.439e-23,1.662e+2,8.057e-2,2.335e-26,5.111e-21,2.971e-23,1.595e-20,2.337e+2,5.530e-19,,,,,,1.414e-18,,,7.139e-20,3.801e-18,,8.546e-21,,,,,1.174e+1,4.653e-1,1.243e-17,1.348e-18,6.401e-17,3.826e-19,5.531e-9
323.76,2.090e+4,2.075e-21,1.159e-28,8.376e-46,,8.077e-17,,1.755e-20,1.884e-22,,1.168e-15,1.267e-21,1.378e-30,4.107e-18,4.693e-21,1.112e-10,,7.762e-20,2.356e-32,8.539e-6,1.876e-19,3.793e-34,1.030e+1,2.044e+4,2.145e-10,2.043e+0,7.042e-20,2.447e-1,3.498e-23,1.656e+2,5.622e-2,2.334e-26,5.111e-21,2.972e-23,1.593e-20,2.783e+2,2.478e-19,,,,,,3.089e-18,,,7.117e-20,3.802e-18,,8.548e-21,,,,,9.113e+0,4.052e-1,1.242e-17,1.349e-18,6.406e-17,3.830e-19,1.015e-8
323.79,2.020e+4,2.077e-21,1.168e-28,8.365e-46,,6.908e-17,,1.752e-20,1.883e-22,,1.169e-15,1.269e-21,1.389e-30,4.112e-18,4.674e-21,1.164e-10,,2.999e-20,5.683e-32,4.461e-6,1.881e-19,3.797e-34,1.039e+1,1.965e+4,1.318e-10,2.045e+0,7.045e-20,2.822e-1,3.587e-23,1.661e+2,3.232e-2,2.333e-26,5.113e-21,2.974e-23,1.592e-20,3.568e+2,7.329e-20,,,,,,9.843e-18,,,7.084e-20,3.804e-18,,8.551e-21,,,,,6.150e+0,3.250e-1,1.241e-17,1.349e-18,6.414e-17,3.835e-19,2.488e-8
323.81,1.971e+4,2.078e-21,1.173e-28,8.358e-46,,6.168e-17,,1.749e-20,1.882e-22,,1.169e-15,1.270e-21,1.396e-30,4.115e-18,4.662e-21,1.215e-10,,1.576e-20,1.013e-31,2.867e-6,1.885e-19,3.799e-34,1.042e+1,1.911e+4,9.438e-11,2.027e+0,7.047e-20,3.103e-1,3.646e-23,1.671e+2,2.214e-2,2.333e-26,5.113e-21,2.975e-23,1.591e-20,4.172e+2,3.224e-20,,,,,,2.112e-17,,,7.062e-20,3.805e-18,,8.554e-21,,,,,4.689e+0,2.784e-1,1.240e-17,1.350e-18,6.419e-17,3.839e-19,4.484e-8
323.84,1.898e+4,2.080e-21,1.182e-28,8.347e-46,,5.133e-17,,1.745e-20,1.881e-22,,1.170e-15,1.272e-21,1.406e-30,4.120e-18,4.643e-21,1.317e-10,,5.925e-21,2.379e-31,1.457e-6,1.890e-19,3.802e-34,1.040e+1,1.827e+4,5.641e-11,1.974e+0,7.050e-20,3.566e-1,3.735e-23,1.693e+2,1.238e-2,2.332e-26,5.114e-21,2.976e-23,1.589e-20,5.204e+2,3.238e-20,,,,,,6.551e-17,,,7.030e-20,3.806e-18,,8.557e-21,,,,,3.079e+0,2.182e-1,1.239e-17,1.351e-18,6.427e-17,3.845e-19,1.070e-7
323.86,1.849e+4,2.081e-21,1.187e-28,8.340e-46,,4.500e-17,,1.743e-20,1.880e-22,,1.170e-15,1.273e-21,1.413e-30,4.124e-18,4.631e-21,1.399e-10,,3.057e-21,4.165e-31,9.197e-7,1.893e-19,3.804e-34,1.035e+1,1.770e+4,3.966e-11,1.921e+0,7.052e-20,3.900e-1,3.794e-23,1.711e+2,8.329e-3,2.331e-26,5.115e-21,2.977e-23,1.588e-20,5.976e+2,3.247e-20,,,,,,1.381e-16,,,7.008e-20,3.807e-18,,8.559e-21,,,,,2.305e+0,1.845e-1,1.238e-17,1.351e-18,6.432e-17,3.848e-19,1.893e-7
323.89,1.777e+4,2.083e-21,1.196e-28,8.330e-46,,3.643e-17,,1.739e-20,1.879e-22,,1.171e-15,1.275e-21,1.424e-30,4.129e-18,4.612e-21,1.542e-10,,1.118e-21,9.520e-31,4.548e-7,1.898e-19,3.808e-34,1.022e+1,1.685e+4,2.306e-11,1.821e+0,7.055e-20,4.436e-1,3.883e-23,1.739e+2,4.531e-3,2.330e-26,5.116e-21,2.978e-23,1.586e-20,7.254e+2,3.261e-20,,,,,,4.168e-16,,,6.975e-20,3.809e-18,,8.563e-21,,,,,1.472e+0,1.427e-1,1.237e-17,1.352e-18,6.439e-17,3.854e-19,4.397e-7
323.91,1.730e+4,2.085e-21,1.202e-28,8.322e-46,,3.136e-17,,1.737e-20,1.878e-22,,1.172e-15,1.276e-21,1.431e-30,4.132e-18,4.600e-21,1.647e-10,,5.662e-22,1.637e-30,2.818e-7,1.901e-19,3.810e-34,1.010e+1,1.629e+4,1.592e-11,1.741e+0,7.057e-20,4.815e-1,3.942e-23,1.758e+2,2.992e-3,2.329e-26,5.117e-21,2.979e-23,1.585e-20,8.180e+2,3.270e-20,,,,,,8.627e-16,,,6.953e-20,3.810e-18,,8.565e-21,,,,,1.082e+0,1.205e-1,1.236e-17,1.352e-18,6.444e-17,3.858e-19,7.643e-7
323.93,1.684e+4,2.086e-21,1.207e-28,8.315e-46,,2.680e-17,,1.734e-20,1.877e-22,,1.172e-15,1.277e-21,1.438e-30,4.135e-18,4.587e-21,1.758e-10,,2.847e-22,2.794e-30,1.733e-7,1.905e-19,3.812e-34,9.959e+0,1.573e+4,1.091e-11,1.652e+0,7.059e-20,5.209e-1,4.001e-23,1.777e+2,1.962e-3,2.329e-26,5.118e-21,2.980e-23,1.584e-20,9.157e+2,3.279e-20,,,,,,1.773e-15,,,6.931e-20,3.810e-18,,8.567e-21,,,,,7.895e-1,1.023e-1,1.235e-17,1.353e-18,6.449e-17,3.861e-19,1.319e-6
323.96,1.617e+4,2.088e-21,1.216e-28,8.305e-46,,2.088e-17,,1.731e-20,1.876e-22,,1.173e-15,1.279e-21,1.448e-30,4.140e-18,4.568e-21,1.930e-10,,1.001e-22,6.148e-30,8.247e-8,1.910e-19,3.815e-34,9.722e+0,1.491e+4,6.103e-12,1.507e+0,7.062e-20,5.826e-1,4.090e-23,1.802e+2,1.027e-3,2.328e-26,5.119e-21,2.981e-23,1.582e-20,1.070e+3,3.293e-20,,,,,,5.153e-15,,,6.899e-20,3.812e-18,,8.571e-21,,,,,4.853e-1,8.245e-2,1.234e-17,1.354e-18,6.457e-17,3.867e-19,2.949e-6
323.98,1.574e+4,2.089e-21,1.221e-28,8.298e-46,,1.752e-17,,1.728e-20,1.875e-22,,1.173e-15,1.280e-21,1.455e-30,4.144e-18,4.556e-21,2.045e-10,,4.943e-23,1.031e-29,4.981e-8,1.913e-19,3.818e-34,9.556e+0,1.437e+4,4.106e-12,1.404e+0,7.064e-20,6.251e-1,4.149e-23,1.817e+2,6.609e-4,2.327e-26,5.120e-21,2.982e-23,1.581e-20,1.176e+3,3.302e-20,,,,,,1.040e-14,,,6.877e-20,3.813e-18,,8.573e-21,,,,,3.476e-1,7.375e-2,1.233e-17,1.354e-18,6.462e-17,3.871e-19,4.997e-6
324.01,1.510e+4,2.091e-21,1.230e-28,8.287e-46,,1.328e-17,,1.724e-20,1.873e-22,,1.174e-15,1.282e-21,1.466e-30,4.149e-18,4.537e-21,2.210e-10,,1.691e-23,2.207e-29,2.306e-8,1.918e-19,3.821e-34,9.308e+0,1.357e+4,2.235e-12,1.246e+0,7.067e-20,6.905e-1,4.238e-23,1.838e+2,3.366e-4,2.326e-26,5.121e-21,2.984e-23,1.580e-20,1.337e+3,3.316e-20,,,,,,2.943e-14,,,6.844e-20,3.814e-18,,8.576e-21,,,,,2.079e-1,6.726e-2,1.232e-17,1.355e-18,6.469e-17,3.876e-19,1.087e-5
324.03,1.469e+4,2.093e-21,1.235e-28,8.280e-46,,1.094e-17,,1.722e-20,1.873e-22,,1.175e-15,1.283e-21,1.473e-30,4.152e-18,4.525e-21,2.312e-10,,8.196e-24,3.634e-29,1.367e-8,1.922e-19,3.823e-34,9.151e+0,1.305e+4,1.476e-12,1.141e+0,7.069e-20,7.349e-1,4.297e-23,1.852e+2,2.127e-4,2.325e-26,5.122e-21,2.985e-23,1.578e-20,1.443e+3,3.325e-20,,,,,,5.834e-14,,,6.822e-20,3.815e-18,,8.579e-21,,,,,1.462e-1,6.723e-2,1.231e-17,1.355e-18,6.474e-17,3.880e-19,1.810e-5
324.06,1.407e+4,2.095e-21,1.244e-28,8.269e-46,,8.071e-18,,1.718e-20,1.871e-22,,1.175e-15,1.285e-21,1.483e-30,4.157e-18,4.506e-21,2.446e-10,,2.728e-24,7.575e-29,6.158e-9,1.927e-19,3.826e-34,8.941e+0,1.228e+4,7.817e-13,9.850e-1,7.072e-20,8.020e-1,4.386e-23,1.871e+2,1.054e-4,2.324e-26,5.123e-21,2.986e-23,1.577e-20,1.597e+3,3.339e-20,,,,,,1.607e-13,,,6.790e-20,3.817e-18,,8.582e-21,,,,,8.507e-2,7.371e-2,1.230e-17,1.356e-18,6.482e-17,3.885e-19,3.833e-5
324.08,1.367e+4,2.096e-21,1.250e-28,8.262e-46,,6.529e-18,,1.716e-20,1.870e-22,,1.176e-15,1.286e-21,1.490e-30,4.161e-18,4.494e-21,2.520e-10,,1.298e-24,1.225e-28,3.585e-9,1.930e-19,3.829e-34,8.822e+0,1.177e+4,5.070e-13,8.853e-1,7.074e-20,8.466e-1,4.445e-23,1.884e+2,6.537e-5,2.324e-26,5.124e-21,2.987e-23,1.576e-20,1.692e+3,3.348e-20,,,,,,3.128e-13,,,6.768e-20,3.818e-18,,1.926e-20,,,,,5.874e-2,8.256e-2,1.229e-17,1.356e-18,6.487e-17,3.889e-19,6.265e-5
324.11,1.305e+4,2.098e-21,1.258e-28,8.252e-46,,4.686e-18,,1.712e-20,1.869e-22,,1.177e-15,1.288e-21,1.501e-30,4.166e-18,4.475e-21,2.603e-10,,4.201e-25,2.485e-28,1.571e-9,1.935e-19,3.832e-34,8.680e+0,1.103e+4,2.612e-13,7.440e-1,7.077e-20,9.124e-1,4.533e-23,1.907e+2,3.150e-5,2.323e-26,5.125e-21,2.988e-23,1.574e-20,1.822e+3,3.362e-20,,,,,,8.385e-13,,,6.735e-20,3.819e-18,,6.389e-20,,,,,3.325e-2,1.032e-1,1.227e-17,1.357e-18,6.494e-17,3.895e-19,1.292e-4
324.13,1.263e+4,2.099e-21,1.264e-28,8.245e-46,,3.722e-18,,1.710e-20,1.868e-22,,1.177e-15,1.289e-21,1.508e-30,4.169e-18,4.462e-21,2.637e-10,,1.962e-25,3.946e-28,8.980e-10,1.938e-19,3.834e-34,8.610e+0,1.053e+4,1.663e-13,6.566e-1,7.079e-20,9.549e-1,4.593e-23,1.924e+2,1.919e-5,2.322e-26,5.125e-21,2.989e-23,1.573e-20,1.896e+3,3.371e-20,,,,,,1.603e-12,,,6.713e-20,3.820e-18,,1.408e-19,,,,,2.254e-2,1.222e-1,1.227e-17,1.358e-18,6.499e-17,3.898e-19,2.073e-4
324.16,1.200e+4,2.101e-21,1.272e-28,8.234e-46,,2.599e-18,,1.706e-20,1.867e-22,,1.178e-15,1.291e-21,1.518e-30,4.174e-18,4.444e-21,2.655e-10,,6.179e-26,7.791e-28,3.828e-10,1.943e-19,3.837e-34,8.538e+0,9.804e+3,8.334e-14,5.370e-1,7.082e-20,1.015e+0,4.681e-23,1.953e+2,8.998e-6,2.321e-26,5.127e-21,2.991e-23,1.571e-20,1.986e+3,3.385e-20,,,,,,4.183e-12,,,6.681e-20,3.822e-18,,4.548e-19,,,,,1.241e-2,1.595e-1,1.225e-17,1.358e-18,6.507e-17,3.904e-19,4.160e-4
324.18,1.156e+4,2.103e-21,1.278e-28,8.227e-46,,2.027e-18,,1.703e-20,1.866e-22,,1.178e-15,1.292e-21,1.525e-30,4.177e-18,4.431e-21,2.643e-10,,2.834e-26,1.215e-27,2.149e-10,1.947e-19,3.840e-34,8.507e+0,9.323e+3,5.210e-14,4.654e-1,7.084e-20,1.053e+0,4.741e-23,1.975e+2,5.381e-6,2.320e-26,5.127e-21,2.991e-23,1.570e-20,2.030e+3,3.394e-20,,,,,,7.857e-12,,,6.659e-20,3.823e-18,,9.848e-19,,,,,8.264e-3,1.909e-1,1.224e-17,1.359e-18,6.512e-17,3.908e-19,6.558e-4
324.21,1.089e+4,2.105e-21,1.286e-28,8.216e-46,,1.377e-18,,1.700e-20,1.865e-22,,1.179e-15,1.294e-21,1.536e-30,4.182e-18,4.412e-21,2.591e-10,,8.679e-27,2.335e-27,8.911e-11,1.952e-19,3.843e-34,8.477e+0,8.610e+3,2.540e-14,3.704e-1,7.087e-20,1.104e+0,4.829e-23,2.011e+2,2.455e-6,2.319e-26,5.128e-21,2.993e-23,1.569e-20,2.069e+3,3.408e-20,,,,,,1.995e-11,,,6.626e-20,3.824e-18,,3.095e-18,,,,,4.427e-3,2.485e-1,1.223e-17,1.360e-18,6.519e-17,3.913e-19,1.281e-3
324.23,1.043e+4,2.106e-21,1.292e-28,8.209e-46,,1.054e-18,,1.697e-20,1.864e-22,,1.180e-15,1.295e-21,1.543e-30,4.186e-18,4.400e-21,2.534e-10,,3.907e-27,3.576e-27,4.910e-11,1.955e-19,3.845e-34,8.460e+0,8.142e+3,1.559e-14,3.153e-1,7.089e-20,1.133e+0,4.888e-23,2.037e+2,1.442e-6,2.319e-26,5.129e-21,2.994e-23,1.567e-20,2.077e+3,3.418e-20,,,,,,3.680e-11,,,6.604e-20,3.825e-18,,6.583e-18,,,,,2.894e-3,2.947e-1,1.222e-17,1.360e-18,6.524e-17,3.917e-19,1.983e-3
324.26,9.731e+3,2.108e-21,1.300e-28,8.199e-46,,6.968e-19,,1.694e-20,1.863e-22,,1.180e-15,1.297e-21,1.553e-30,4.191e-18,4.381e-21,2.418e-10,,1.164e-27,6.688e-27,1.981e-11,1.960e-19,3.848e-34,8.424e+0,7.453e+3,7.396e-15,2.442e-1,7.092e-20,1.168e+0,4.977e-23,2.077e+2,6.422e-7,2.318e-26,5.130e-21,2.995e-23,1.566e-20,2.060e+3,3.431e-20,,,,,,9.097e-11,,,6.572e-20,3.827e-18,,2.014e-17,,,,,1.508e-3,3.764e-1,1.221e-17,1.361e-18,6.532e-17,3.923e-19,3.768e-3
324.28,9.256e+3,2.109e-21,1.306e-28,8.191e-46,,5.239e-19,,1.691e-20,1.862e-22,,1.181e-15,1.299e-21,1.560e-30,4.194e-18,4.369e-21,2.323e-10,,5.145e-28,1.006e-26,1.072e-11,1.963e-19,3.851e-34,8.385e+0,7.005e+3,4.457e-15,2.041e-1,7.094e-20,1.185e+0,5.036e-23,2.103e+2,3.736e-7,2.317e-26,5.131e-21,2.996e-23,1.565e-20,2.030e+3,3.441e-20,,,,,,1.648e-10,,,6.550e-20,3.828e-18,,4.207e-17,,,,,9.679e-4,4.395e-1,1.220e-17,1.361e-18,6.537e-17,3.926e-19,5.729e-3
324.31,8.539e+3,2.111e-21,1.315e-28,8.181e-46,,3.369e-19,,1.687e-20,1.861e-22,,1.182e-15,1.300e-21,1.571e-30,4.199e-18,4.350e-21,2.157e-10,,1.491e-28,1.831e-26,4.209e-12,1.968e-19,3.854e-34,8.291e+0,6.355e+3,2.057e-15,1.538e-1,7.097e-20,1.200e+0,5.125e-23,2.140e+2,1.709e-7,2.316e-26,5.132e-21,2.997e-23,1.563e-20,1.959e+3,3.454e-20,,,,,,3.965e-10,,,6.517e-20,3.829e-18,,1.253e-16,,,,,4.908e-4,5.476e-1,1.219e-17,1.362e-18,6.544e-17,3.932e-19,1.060e-2
324.33,8.063e+3,2.112e-21,1.320e-28,8.174e-46,,2.488e-19,,1.685e-20,1.860e-22,,1.182e-15,1.302e-21,1.578e-30,4.203e-18,4.337e-21,2.035e-10,,1.502e-28,2.705e-26,2.236e-12,1.972e-19,3.856e-34,8.198e+0,5.940e+3,1.217e-15,1.262e-1,7.099e-20,1.203e+0,5.184e-23,2.161e+2,1.108e-7,2.315e-26,5.133e-21,2.998e-23,1.562e-20,1.896e+3,3.464e-20,,,,,,7.056e-10,,,6.495e-20,3.830e-18,,2.570e-16,,,,,3.093e-4,6.286e-1,1.218e-17,1.362e-18,6.549e-17,3.936e-19,1.583e-2
324.35,7.592e+3,2.114e-21,1.326e-28,8.167e-46,,1.823e-19,,1.683e-20,1.859e-22,,1.183e-15,1.303e-21,1.585e-30,4.206e-18,4.325e-21,1.906e-10,,1.513e-28,3.968e-26,1.179e-12,1.975e-19,3.858e-34,8.075e+0,5.543e+3,7.148e-16,1.028e-1,7.101e-20,1.199e+0,5.243e-23,2.177e+2,8.677e-8,2.314e-26,5.134e-21,2.999e-23,1.561e-20,1.822e+3,3.473e-20,,,,,,1.246e-9,,,6.473e-20,3.831e-18,,5.236e-16,,,,,1.934e-4,7.165e-1,1.217e-17,1.363e-18,6.554e-17,3.939e-19,2.346e-2
324.38,6.906e+3,2.116e-21,1.334e-28,8.156e-46,,1.128e-19,,1.679e-20,1.858e-22,,1.183e-15,1.305e-21,1.595e-30,4.211e-18,4.306e-21,1.704e-10,,1.529e-28,6.953e-26,4.454e-13,1.980e-19,3.861e-34,7.830e+0,4.984e+3,3.174e-16,7.461e-2,7.103e-20,1.182e+0,5.332e-23,2.194e+2,1.034e-7,2.313e-26,5.135e-21,3.000e-23,1.559e-20,1.692e+3,3.487e-20,,,,,,2.888e-9,,,6.441e-20,3.833e-18,,1.502e-15,,,,,9.438e-5,8.603e-1,1.216e-17,1.364e-18,6.562e-17,3.945e-19,4.179e-2
324.4,6.468e+3,2.117e-21,1.340e-28,8.149e-46,,8.121e-20,,1.676e-20,1.857e-22,,1.184e-15,1.306e-21,1.602e-30,4.214e-18,4.294e-21,1.567e-10,,1.540e-28,1.002e-25,2.306e-13,1.983e-19,3.864e-34,7.625e+0,4.641e+3,1.830e-16,5.969e-2,7.105e-20,1.162e+0,5.391e-23,2.197e+2,1.529e-7,2.313e-26,5.136e-21,3.001e-23,1.558e-20,1.597e+3,3.496e-20,,,,,,5.010e-9,,,6.419e-20,3.834e-18,,3.004e-15,,,,,5.796e-5,9.633e-1,1.215e-17,1.364e-18,6.567e-17,3.949e-19,6.084e-2
324.43,5.848e+3,2.119e-21,1.348e-28,8.138e-46,,4.893e-20,,1.673e-20,1.856e-22,,1.185e-15,1.308e-21,1.613e-30,4.219e-18,4.275e-21,1.363e-10,,1.556e-28,1.708e-25,8.477e-14,1.988e-19,3.867e-34,7.255e+0,4.177e+3,7.906e-17,4.214e-2,7.108e-20,1.121e+0,5.480e-23,2.190e+2,3.181e-7,2.312e-26,5.137e-21,3.003e-23,1.556e-20,1.443e+3,3.510e-20,,,,,,1.130e-8,,,6.386e-20,3.835e-18,,8.387e-15,,,,,2.751e-5,1.126e+0,1.214e-17,1.365e-18,6.575e-17,3.954e-19,1.055e-1
324.45,5.467e+3,2.120e-21,1.354e-28,8.131e-46,,3.461e-20,,1.670e-20,1.855e-22,,1.185e-15,1.309e-21,1.620e-30,4.223e-18,4.263e-21,1.231e-10,,1.567e-28,2.416e-25,4.310e-14,1.992e-19,3.869e-34,6.968e+0,3.903e+3,4.476e-17,3.311e-2,7.110e-20,1.087e+0,5.539e-23,2.176e+2,5.306e-7,2.311e-26,5.138e-21,3.004e-23,1.555e-20,1.337e+3,3.519e-20,,,,,,1.925e-8,,,6.364e-20,3.836e-18,,1.648e-14,,,,,1.659e-5,1.239e+0,1.213e-17,1.365e-18,6.580e-17,3.958e-19,1.508e-1
324.48,4.950e+3,2.122e-21,1.363e-28,8.121e-46,,2.037e-20,,1.666e-20,1.853e-22,,1.186e-15,1.311e-21,1.630e-30,4.228e-18,4.244e-21,1.042e-10,,1.583e-28,4.011e-25,1.541e-14,1.997e-19,3.872e-34,6.486e+0,3.550e+3,1.881e-17,2.275e-2,7.113e-20,1.025e+0,5.628e-23,2.142e+2,1.141e-6,2.310e-26,5.139e-21,3.005e-23,1.554e-20,1.176e+3,3.533e-20,,,,,,4.225e-8,,,6.332e-20,3.838e-18,,4.479e-14,,,,,7.662e-6,1.410e+0,1.212e-17,1.366e-18,6.587e-17,3.964e-19,2.544e-1
324.5,4.646e+3,2.124e-21,1.368e-28,8.114e-46,,1.425e-20,,1.664e-20,1.853e-22,,1.187e-15,1.312e-21,1.637e-30,4.231e-18,4.231e-21,9.241e-11,,1.594e-28,5.573e-25,7.692e-15,2.000e-19,3.875e-34,6.135e+0,3.356e+3,1.046e-17,1.755e-2,7.115e-20,9.794e-1,5.687e-23,2.111e+2,1.887e-6,2.309e-26,5.140e-21,3.006e-23,1.553e-20,1.070e+3,3.542e-20,,,,,,7.072e-8,,,6.310e-20,3.839e-18,,8.644e-14,,,,,4.536e-6,1.524e+0,1.211e-17,1.367e-18,6.592e-17,3.967e-19,3.572e-1
324.53,4.255e+3,2.126e-21,1.377e-28,8.103e-46,,8.431e-21,,1.660e-20,1.851e-22,,1.187e-15,1.314e-21,1.648e-30,4.236e-18,4.213e-21,7.612e-11,,1.610e-28,9.003e-25,2.676e-15,2.005e-19,3.878e-34,5.575e+0,3.126e+3,4.275e-18,1.174e-2,7.118e-20,9.042e-1,5.776e-23,2.053e+2,3.964e-6,2.308e-26,5.141e-21,3.007e-23,1.551e-20,9.157e+2,3.556e-20,,,,,,1.511e-7,,,6.277e-20,3.840e-18,,2.287e-13,,,,,2.038e-6,1.690e+0,1.209e-17,1.367e-18,6.600e-17,3.973e-19,5.865e-1
324.55,4.041e+3,2.127e-21,1.382e-28,8.096e-46,,6.127e-21,,1.658e-20,1.850e-22,,1.188e-15,1.315e-21,1.655e-30,4.240e-18,4.200e-21,6.629e-11,,1.621e-28,1.228e-24,1.312e-15,2.008e-19,3.880e-34,5.187e+0,3.013e+3,2.333e-18,8.892e-3,7.120e-20,8.512e-1,5.835e-23,2.007e+2,6.444e-6,2.308e-26,5.141e-21,3.008e-23,1.550e-20,8.180e+2,3.565e-20,,,,,,2.483e-7,,,6.255e-20,3.841e-18,,4.335e-13,,,,,1.185e-6,1.796e+0,1.209e-17,1.368e-18,6.605e-17,3.977e-19,8.090e-1
324.58,3.787e+3,2.129e-21,1.391e-28,8.085e-46,,4.339e-21,,1.654e-20,1.849e-22,,1.189e-15,1.317e-21,1.665e-30,4.245e-18,4.181e-21,5.314e-11,,1.638e-28,1.931e-24,4.439e-16,2.013e-19,3.883e-34,4.597e+0,2.905e+3,9.280e-19,5.785e-3,7.123e-20,7.696e-1,5.924e-23,1.928e+2,1.318e-5,2.307e-26,5.143e-21,3.010e-23,1.548e-20,6.813e+2,3.579e-20,,,,,,5.164e-7,,,6.223e-20,3.843e-18,,1.116e-12,,,,,5.178e-7,1.941e+0,1.207e-17,1.369e-18,6.612e-17,3.982e-19,1.293e+0
324.6,3.663e+3,2.130e-21,1.397e-28,8.078e-46,,4.058e-21,,1.652e-20,1.848e-22,,1.189e-15,1.318e-21,1.672e-30,4.248e-18,4.169e-21,4.544e-11,,1.648e-28,2.588e-24,2.136e-16,2.017e-19,3.886e-34,4.205e+0,2.870e+3,4.973e-19,4.305e-3,7.125e-20,7.150e-1,5.983e-23,1.871e+2,2.104e-5,2.306e-26,5.143e-21,3.010e-23,1.547e-20,5.976e+2,3.588e-20,,,,,,8.337e-7,,,6.201e-20,3.844e-18,,2.078e-12,,,,,2.955e-7,2.027e+0,1.206e-17,1.369e-18,6.617e-17,3.986e-19,1.751e+0
324.63,3.541e+3,2.132e-21,1.405e-28,8.068e-46,,4.955e-21,,1.648e-20,1.847e-22,,1.190e-15,1.320e-21,1.682e-30,4.253e-18,4.150e-21,3.545e-11,,1.665e-28,3.961e-24,7.034e-17,2.022e-19,3.889e-34,3.631e+0,2.870e+3,1.924e-19,2.725e-3,7.128e-20,6.349e-1,6.072e-23,1.781e+2,4.189e-5,2.305e-26,5.144e-21,3.012e-23,1.545e-20,4.843e+2,3.602e-20,,,,,,1.687e-6,,,6.168e-20,3.845e-18,,5.209e-12,,,,,1.257e-7,2.137e+0,1.205e-17,1.370e-18,6.625e-17,3.991e-19,2.723e+0
324.65,3.499e+3,2.134e-21,1.411e-28,8.060e-46,,6.586e-21,,1.646e-20,1.846e-22,,1.190e-15,1.321e-21,1.689e-30,4.256e-18,4.138e-21,2.977e-11,,1.676e-28,5.212e-24,3.323e-17,2.025e-19,3.891e-34,3.264e+0,2.900e+3,1.012e-19,1.991e-3,7.130e-20,5.838e-1,6.131e-23,1.718e+2,6.570e-5,2.304e-26,5.145e-21,3.013e-23,1.544e-20,4.172e+2,3.611e-20,,,,,,2.676e-6,,,6.146e-20,3.846e-18,,9.526e-12,,,,,7.045e-8,2.196e+0,1.204e-17,1.370e-18,6.630e-17,3.995e-19,3.623e+0
324.68,3.489e+3,2.136e-21,1.419e-28,8.050e-46,,1.122e-20,,1.642e-20,1.845e-22,,1.191e-15,1.323e-21,1.700e-30,4.261e-18,4.119e-21,2.260e-11,,1.692e-28,7.763e-24,1.065e-17,2.030e-19,3.894e-34,2.745e+0,2.986e+3,3.811e-20,1.227e-3,7.133e-20,5.122e-1,6.220e-23,1.623e+2,1.273e-4,2.303e-26,5.146e-21,3.014e-23,1.543e-20,3.290e+2,3.625e-20,,,,,,5.271e-6,,,6.113e-20,3.848e-18,,2.324e-11,,,,,2.923e-8,2.260e+0,1.203e-17,1.371e-18,6.637e-17,4.001e-19,5.484e+0
324.7,3.513e+3,2.137e-21,1.425e-28,8.043e-46,,1.642e-20,,1.639e-20,1.844e-22,,1.192e-15,1.324e-21,1.707e-30,4.265e-18,4.107e-21,1.864e-11,,1.703e-28,1.003e-23,4.939e-18,2.034e-19,3.897e-34,2.424e+0,3.066e+3,1.968e-20,8.804e-4,7.135e-20,4.687e-1,6.279e-23,1.560e+2,1.962e-4,2.303e-26,5.147e-21,3.015e-23,1.541e-20,2.783e+2,3.634e-20,,,,,,8.209e-6,,,6.092e-20,3.849e-18,,4.175e-11,,,,,1.621e-8,2.287e+0,1.202e-17,1.371e-18,6.642e-17,4.004e-19,7.164e+0
324.72,3.558e+3,2.138e-21,1.430e-28,8.036e-46,,2.412e-20,,1.637e-20,1.843e-22,,1.192e-15,1.325e-21,1.714e-30,4.268e-18,4.094e-21,1.527e-11,,1.713e-28,1.287e-23,2.275e-18,2.037e-19,3.899e-34,2.126e+0,3.160e+3,1.009e-20,6.272e-4,7.137e-20,4.292e-1,6.338e-23,1.497e+2,3.000e-4,2.302e-26,5.148e-21,3.016e-23,1.540e-20,2.337e+2,3.644e-20,,,,,,1.269e-5,,,6.070e-20,3.850e-18,,7.445e-11,,,,,9.097e-9,2.301e+0,1.201e-17,1.372e-18,6.647e-17,4.008e-19,9.293e+0
324.75,3.658e+3,2.140e-21,1.439e-28,8.025e-46,,4.271e-20,,1.633e-20,1.842e-22,,1.193e-15,1.327e-21,1.724e-30,4.273e-18,4.075e-21,1.117e-11,,1.730e-28,1.846e-23,7.013e-19,2.042e-19,3.902e-34,1.722e+0,3.322e+3,3.656e-21,3.720e-4,7.140e-20,3.778e-1,6.427e-23,1.405e+2,5.599e-4,2.301e-26,5.149e-21,3.017e-23,1.539e-20,1.774e+2,3.657e-20,,,,,,2.408e-5,,,6.037e-20,3.851e-18,,1.749e-10,,,,,4.363e-9,2.297e+0,1.200e-17,1.373e-18,6.655e-17,4.014e-19,1.354e+1
324.77,3.743e+3,2.142e-21,1.445e-28,8.018e-46,,6.207e-20,,1.631e-20,1.841e-22,,1.193e-15,1.328e-21,1.731e-30,4.276e-18,4.063e-21,8.995e-12,,1.741e-28,2.327e-23,3.171e-19,2.045e-19,3.904e-34,1.483e+0,3.440e+3,1.841e-21,2.602e-4,7.142e-20,3.493e-1,6.486e-23,1.347e+2,8.411e-4,2.300e-26,5.150e-21,3.018e-23,1.538e-20,1.463e+2,3.667e-20,,,,,,3.656e-5,,,6.015e-20,3.852e-18,,3.064e-10,,,,,3.497e-9,2.280e+0,1.199e-17,1.373e-18,6.660e-17,4.018e-19,1.725e+1
324.8,3.889e+3,2.144e-21,1.453e-28,8.007e-46,,1.074e-19,,1.627e-20,1.840e-22,,1.194e-15,1.330e-21,1.742e-30,4.282e-18,4.044e-21,6.422e-12,,1.757e-28,3.247e-23,9.511e-20,2.050e-19,3.908e-34,1.169e+0,3.626e+3,6.485e-22,1.502e-4,7.145e-20,3.153e-1,6.575e-23,1.263e+2,1.528e-3,2.299e-26,5.151e-21,3.019e-23,1.536e-20,1.080e+2,3.681e-20,,,,,,6.751e-5,,,5.983e-20,3.854e-18,,7.007e-10,,,,,4.779e-9,2.235e+0,1.198e-17,1.374e-18,6.667e-17,4.023e-19,2.447e+1
324.82,3.996e+3,2.145e-21,1.459e-28,8.000e-46,,1.535e-19,,1.625e-20,1.839e-22,,1.195e-15,1.332e-21,1.749e-30,4.285e-18,4.032e-21,5.093e-12,,1.768e-28,4.018e-23,4.223e-20,2.054e-19,3.910e-34,9.887e-1,3.753e+3,3.206e-22,1.032e-4,7.147e-20,2.984e-1,6.634e-23,1.211e+2,2.255e-3,2.299e-26,5.152e-21,3.020e-23,1.535e-20,8.747e+1,3.690e-20,,,,,,1.007e-4,,,5.961e-20,3.855e-18,,1.205e-9,,,,,7.766e-9,2.194e+0,1.197e-17,1.374e-18,6.672e-17,4.027e-19,3.061e+1
324.85,4.166e+3,2.147e-21,1.467e-28,7.990e-46,,2.586e-19,,1.621e-20,1.838e-22,,1.195e-15,1.333e-21,1.759e-30,4.290e-18,4.013e-21,3.565e-12,,1.784e-28,5.458e-23,4.718e-21,2.059e-19,3.913e-34,7.587e-1,3.944e+3,1.099e-22,5.796e-5,7.150e-20,2.816e-1,6.723e-23,1.138e+2,3.987e-3,2.298e-26,5.153e-21,3.022e-23,1.533e-20,6.287e+1,3.704e-20,,,,,,1.809e-4,,,5.928e-20,3.856e-18,,2.684e-9,,,,,1.805e-8,2.119e+0,1.196e-17,1.375e-18,6.680e-17,4.032e-19,4.226e+1
324.87,4.284e+3,2.148e-21,1.473e-28,7.983e-46,,3.629e-19,,1.618e-20,1.837e-22,,1.196e-15,1.335e-21,1.766e-30,4.293e-18,4.000e-21,2.800e-12,,1.795e-28,6.634e-23,4.509e-21,2.062e-19,3.915e-34,6.301e-1,4.070e+3,5.333e-23,3.910e-5,7.152e-20,2.759e-1,6.782e-23,1.094e+2,5.778e-3,2.297e-26,5.154e-21,3.023e-23,1.532e-20,4.999e+1,3.713e-20,,,,,,2.651e-4,,,5.906e-20,3.857e-18,,4.535e-9,,,,,3.210e-8,2.062e+0,1.195e-17,1.376e-18,6.685e-17,4.036e-19,5.192e+1
324.9,4.466e+3,2.150e-21,1.481e-28,7.972e-46,,5.953e-19,,1.615e-20,1.836e-22,,1.197e-15,1.336e-21,1.777e-30,4.298e-18,3.982e-21,1.948e-12,,1.811e-28,8.770e-23,4.195e-21,2.067e-19,3.919e-34,4.706e-1,4.255e+3,1.779e-23,2.137e-5,7.155e-20,2.750e-1,6.871e-23,1.036e+2,9.947e-3,2.296e-26,5.155e-21,3.024e-23,1.530e-20,3.496e+1,3.727e-20,,,,,,4.636e-4,,,5.874e-20,3.858e-18,,9.827e-9,,,,,7.562e-8,1.970e+0,1.193e-17,1.376e-18,6.692e-17,4.042e-19,6.976e+1
324.92,4.588e+3,2.152e-21,1.487e-28,7.965e-46,,8.206e-19,,1.612e-20,1.835e-22,,1.197e-15,1.338e-21,1.784e-30,4.302e-18,3.969e-21,1.536e-12,,1.822e-28,1.047e-22,3.986e-21,2.070e-19,3.921e-34,3.838e-1,4.374e+3,8.475e-24,1.416e-5,7.157e-20,2.790e-1,6.930e-23,1.002e+2,1.416e-2,2.295e-26,5.155e-21,3.025e-23,1.529e-20,2.729e+1,3.736e-20,,,,,,6.671e-4,,,5.852e-20,3.859e-18,,1.631e-8,,,,,1.328e-7,1.906e+0,1.193e-17,1.377e-18,6.697e-17,4.045e-19,8.418e+1
324.95,4.775e+3,2.154e-21,1.495e-28,7.954e-46,,1.310e-18,,1.608e-20,1.833e-22,,1.198e-15,1.339e-21,1.794e-30,4.307e-18,3.951e-21,1.096e-12,,1.838e-28,1.347e-22,3.673e-21,2.075e-19,3.924e-34,2.789e-1,4.548e+3,2.750e-24,7.533e-6,7.160e-20,2.916e-1,7.019e-23,9.610e+1,2.373e-2,2.294e-26,5.157e-21,3.026e-23,1.528e-20,1.857e+1,3.750e-20,,,,,,1.136e-3,,,5.819e-20,3.861e-18,,3.441e-8,,,,,3.052e-7,1.810e+0,1.191e-17,1.378e-18,6.705e-17,4.051e-19,1.101e+2
324.97,4.900e+3,2.155e-21,1.501e-28,7.947e-46,,1.774e-18,,1.606e-20,1.833e-22,,1.198e-15,1.341e-21,1.801e-30,4.310e-18,3.938e-21,8.948e-13,,1.849e-28,1.579e-22,3.463e-21,2.079e-19,3.926e-34,2.234e-1,4.659e+3,1.286e-24,4.901e-6,7.162e-20,3.038e-1,7.078e-23,9.401e+1,3.317e-2,2.294e-26,5.157e-21,3.027e-23,1.527e-20,1.424e+1,3.759e-20,,,,,,1.605e-3,,,5.797e-20,3.862e-18,,5.608e-8,,,,,5.266e-7,1.747e+0,1.190e-17,1.378e-18,6.710e-17,4.055e-19,1.304e+2
325,5.089e+3,2.157e-21,1.510e-28,7.937e-46,,2.757e-18,,1.602e-20,1.831e-22,,1.199e-15,1.343e-21,1.812e-30,4.315e-18,3.919e-21,6.943e-13,,1.865e-28,1.977e-22,3.150e-21,2.084e-19,3.930e-34,1.580e-1,4.820e+3,4.060e-25,2.537e-6,7.165e-20,3.273e-1,7.166e-23,9.196e+1,5.411e-2,2.293e-26,5.159e-21,3.029e-23,1.525e-20,9.431e+0,3.773e-20,,,,,,2.660e-3,,,5.764e-20,3.863e-18,,1.152e-7,,,,,1.178e-6,1.656e+0,1.189e-17,1.379e-18,6.717e-17,4.060e-19,1.660e+2
325.02,5.216e+3,2.158e-21,1.515e-28,7.929e-46,,3.666e-18,,1.600e-20,1.830e-22,,1.200e-15,1.344e-21,1.819e-30,4.318e-18,3.907e-21,6.120e-13,,1.876e-28,2.277e-22,2.941e-21,2.087e-19,3.932e-34,1.243e-1,4.922e+3,1.865e-25,1.621e-6,7.167e-20,3.461e-1,7.226e-23,9.137e+1,7.432e-2,2.292e-26,5.159e-21,3.029e-23,1.524e-20,7.100e+0,3.782e-20,,,,,,3.691e-3,,,5.743e-20,3.864e-18,,1.844e-7,,,,,1.996e-6,1.598e+0,1.188e-17,1.379e-18,6.722e-17,4.064e-19,1.932e+2
325.05,5.405e+3,2.160e-21,1.524e-28,7.919e-46,,5.545e-18,,1.596e-20,1.829e-22,,1.200e-15,1.346e-21,1.829e-30,4.324e-18,3.888e-21,5.440e-13,,1.893e-28,2.775e-22,2.627e-21,2.092e-19,3.935e-34,8.553e-2,5.068e+3,5.726e-26,8.166e-7,7.170e-20,3.785e-1,7.314e-23,9.167e+1,1.180e-1,2.291e-26,5.160e-21,3.031e-23,1.522e-20,4.575e+0,3.796e-20,,,,,,5.954e-3,,,5.710e-20,3.866e-18,,3.685e-7,,,,,4.346e-6,1.516e+0,1.187e-17,1.380e-18,6.730e-17,4.070e-19,2.393e+2
325.07,5.530e+3,2.161e-21,1.529e-28,7.912e-46,,7.242e-18,,1.594e-20,1.828e-22,,1.201e-15,1.347e-21,1.836e-30,4.327e-18,3.876e-21,5.261e-13,,1.903e-28,3.137e-22,2.418e-21,2.095e-19,3.937e-34,6.607e-2,5.159e+3,2.582e-26,5.124e-7,7.172e-20,4.026e-1,7.374e-23,9.268e+1,1.592e-1,2.290e-26,5.161e-21,3.032e-23,1.521e-20,3.382e+0,3.805e-20,,,,,,8.116e-3,,,5.688e-20,3.867e-18,,5.796e-7,,,,,7.235e-6,1.464e+0,1.186e-17,1.380e-18,6.735e-17,4.073e-19,2.736e+2
325.09,5.653e+3,2.163e-21,1.535e-28,7.905e-46,,9.391e-18,,1.591e-20,1.828e-22,,1.201e-15,1.348e-21,1.843e-30,4.330e-18,3.863e-21,5.241e-13,,1.914e-28,3.522e-22,2.209e-21,2.099e-19,3.939e-34,5.066e-2,5.243e+3,1.156e-26,3.192e-7,7.174e-20,4.287e-1,7.433e-23,9.433e+1,2.132e-1,2.289e-26,5.162e-21,3.033e-23,1.520e-20,2.482e+0,3.814e-20,,,,,,1.098e-2,,,5.666e-20,3.868e-18,,9.049e-7,,,,,1.196e-5,1.414e+0,1.185e-17,1.381e-18,6.740e-17,4.077e-19,3.104e+2
325.12,5.828e+3,2.165e-21,1.543e-28,7.894e-46,,1.368e-17,,1.588e-20,1.826e-22,,1.202e-15,1.350e-21,1.854e-30,4.335e-18,3.844e-21,5.426e-13,,1.931e-28,4.133e-22,1.896e-21,2.104e-19,3.943e-34,3.356e-2,5.356e+3,3.416e-27,1.548e-7,7.177e-20,4.714e-1,7.521e-23,9.795e+1,3.260e-1,2.288e-26,5.163e-21,3.034e-23,1.518e-20,1.540e+0,3.828e-20,,,,,,1.706e-2,,,5.634e-20,3.869e-18,,1.742e-6,,,,,2.507e-5,1.342e+0,1.184e-17,1.382e-18,6.748e-17,4.083e-19,3.702e+2
325.14,5.937e+3,2.166e-21,1.549e-28,7.887e-46,,1.742e-17,,1.585e-20,1.825e-22,,1.203e-15,1.351e-21,1.861e-30,4.339e-18,3.832e-21,5.649e-13,,1.941e-28,4.556e-22,1.687e-21,2.107e-19,3.945e-34,2.527e-2,5.420e+3,3.701e-27,9.468e-8,7.179e-20,5.021e-1,7.581e-23,1.011e+2,4.288e-1,2.288e-26,5.164e-21,3.035e-23,1.517e-20,1.110e+0,3.837e-20,,,,,,2.267e-2,,,5.612e-20,3.870e-18,,2.671e-6,,,,,4.071e-5,1.295e+0,1.183e-17,1.382e-18,6.753e-17,4.086e-19,4.126e+2
325.17,6.082e+3,2.168e-21,1.558e-28,7.876e-46,,2.471e-17,,1.581e-20,1.824e-22,,1.203e-15,1.353e-21,1.871e-30,4.344e-18,3.813e-21,6.076e-13,,1.958e-28,5.203e-22,1.373e-21,2.112e-19,3.948e-34,1.629e-2,5.494e+3,4.129e-27,4.469e-8,7.182e-20,5.516e-1,7.669e-23,1.066e+2,6.383e-1,2.287e-26,5.165e-21,3.036e-23,1.515e-20,6.696e-1,3.851e-20,,,,,,3.428e-2,,,5.579e-20,3.872e-18,,5.004e-6,,,,,8.308e-5,1.226e+0,1.182e-17,1.383e-18,6.760e-17,4.092e-19,4.789e+2
325.19,6.164e+3,2.169e-21,1.563e-28,7.869e-46,,3.091e-17,,1.579e-20,1.823e-22,,1.204e-15,1.354e-21,1.878e-30,4.347e-18,3.801e-21,6.396e-13,,1.969e-28,5.634e-22,1.164e-21,2.115e-19,3.950e-34,1.204e-2,5.526e+3,4.415e-27,2.684e-8,7.184e-20,5.870e-1,7.729e-23,1.108e+2,8.247e-1,2.286e-26,5.166e-21,3.037e-23,1.514e-20,4.739e-1,3.861e-20,,,,,,4.475e-2,,,5.557e-20,3.873e-18,,7.538e-6,,,,,1.325e-4,1.179e+0,1.181e-17,1.383e-18,6.765e-17,4.096e-19,5.242e+2
325.22,6.257e+3,2.171e-21,1.572e-28,7.859e-46,,4.266e-17,,1.575e-20,1.822e-22,,1.205e-15,1.356e-21,1.889e-30,4.352e-18,3.782e-21,6.894e-13,,1.985e-28,6.262e-22,3.913e-21,2.120e-19,3.954e-34,7.555e-3,5.544e+3,4.843e-27,1.233e-8,7.187e-20,6.437e-1,7.817e-23,1.176e+2,1.195e+0,2.285e-26,5.167e-21,3.038e-23,1.513e-20,2.783e-1,3.874e-20,,,,,,6.584e-2,,,5.524e-20,3.874e-18,,1.375e-5,,,,,2.632e-4,1.107e+0,1.180e-17,1.384e-18,6.773e-17,4.101e-19,5.921e+2
325.24,6.296e+3,2.173e-21,1.577e-28,7.852e-46,,5.242e-17,,1.573e-20,1.821e-22,,1.205e-15,1.357e-21,1.896e-30,4.355e-18,3.770e-21,7.223e-13,,1.996e-28,6.658e-22,8.701e-21,2.124e-19,3.956e-34,5.486e-3,5.534e+3,5.128e-27,7.274e-9,7.189e-20,6.841e-1,7.876e-23,1.222e+2,1.516e+0,2.284e-26,5.168e-21,3.039e-23,1.512e-20,1.934e-1,3.884e-20,,,,,,8.442e-2,,,5.503e-20,3.875e-18,,2.034e-5,,,,,4.122e-4,1.058e+0,1.179e-17,1.385e-18,6.778e-17,4.105e-19,6.365e+2
325.27,6.315e+3,2.175e-21,1.586e-28,7.841e-46,,7.044e-17,,1.569e-20,1.820e-22,,1.206e-15,1.359e-21,1.906e-30,4.360e-18,3.751e-21,7.690e-13,,2.012e-28,7.203e-22,2.847e-20,2.129e-19,3.959e-34,3.348e-3,5.482e+3,5.556e-27,3.251e-9,7.192e-20,7.485e-1,7.965e-23,1.290e+2,2.139e+0,2.283e-26,5.169e-21,3.041e-23,1.510e-20,1.105e-1,3.897e-20,,,,,,1.209e-1,,,5.470e-20,3.877e-18,,3.611e-5,,,,,7.972e-4,9.817e-1,1.178e-17,1.385e-18,6.785e-17,4.111e-19,6.998e+2
325.29,6.298e+3,2.176e-21,1.592e-28,7.834e-46,,8.502e-17,,1.567e-20,1.819e-22,,1.206e-15,1.360e-21,1.913e-30,4.364e-18,3.738e-21,7.973e-13,,2.023e-28,7.522e-22,6.219e-20,2.132e-19,3.961e-34,2.388e-3,5.421e+3,5.841e-27,1.884e-9,7.194e-20,7.940e-1,8.024e-23,1.333e+2,2.666e+0,2.283e-26,5.170e-21,3.042e-23,1.509e-20,7.542e-2,3.907e-20,,,,,,1.523e-1,,,5.448e-20,3.878e-18,,5.246e-5,,,,,1.226e-3,9.293e-1,1.177e-17,1.386e-18,6.790e-17,4.114e-19,7.388e+2
325.32,6.224e+3,2.178e-21,1.600e-28,7.823e-46,,1.112e-16,,1.563e-20,1.818e-22,,1.207e-15,4.592e-21,1.924e-30,4.369e-18,3.720e-21,8.342e-13,,2.039e-28,7.919e-22,1.981e-19,2.137e-19,3.965e-34,1.418e-3,5.289e+3,6.269e-27,8.193e-10,7.197e-20,8.661e-1,8.113e-23,1.390e+2,3.661e+0,2.282e-26,5.171e-21,3.043e-23,1.507e-20,4.194e-2,3.920e-20,,,,,,2.123e-1,,,5.415e-20,3.879e-18,,9.066e-5,,,,,2.309e-3,8.485e-1,1.175e-17,1.386e-18,6.798e-17,4.120e-19,7.905e+2
325.34,6.142e+3,2.179e-21,1.606e-28,7.816e-46,,1.318e-16,,1.560e-20,1.817e-22,,1.208e-15,1.024e-20,1.931e-30,4.372e-18,3.707e-21,8.546e-13,,2.050e-28,8.122e-22,4.251e-19,2.141e-19,3.967e-34,9.929e-4,5.174e+3,6.555e-27,4.661e-10,7.199e-20,9.165e-1,8.172e-23,1.421e+2,4.482e+0,2.281e-26,5.171e-21,3.044e-23,1.506e-20,2.810e-2,3.930e-20,,,,,,2.625e-1,,,5.394e-20,3.880e-18,,1.294e-4,,,,,3.489e-3,7.936e-1,1.175e-17,1.387e-18,6.803e-17,4.124e-19,8.196e+2
325.37,5.971e+3,2.181e-21,1.614e-28,7.805e-46,,1.679e-16,,1.557e-20,1.816e-22,,1.208e-15,3.367e-20,1.941e-30,4.377e-18,3.688e-21,8.781e-13,,2.066e-28,8.323e-22,1.318e-18,2.146e-19,3.970e-34,5.739e-4,4.963e+3,6.983e-27,1.973e-10,7.202e-20,9.951e-1,8.261e-23,1.455e+2,5.990e+0,2.280e-26,5.173e-21,3.045e-23,1.504e-20,1.521e-2,3.944e-20,,,,,,3.562e-1,,,5.361e-20,3.882e-18,,2.177e-4,,,,,6.394e-3,7.106e-1,1.173e-17,1.388e-18,6.810e-17,4.129e-19,8.536e+2
325.39,5.824e+3,2.183e-21,1.620e-28,7.798e-46,,1.955e-16,,1.554e-20,1.815e-22,,1.209e-15,7.377e-20,1.948e-30,4.381e-18,3.676e-21,8.889e-13,,2.077e-28,8.383e-22,2.779e-18,2.149e-19,3.972e-34,3.946e-4,4.799e+3,7.268e-27,1.103e-10,7.204e-20,1.049e+0,8.320e-23,1.468e+2,7.204e+0,2.279e-26,5.173e-21,3.046e-23,1.503e-20,1.001e-2,3.953e-20,,,,,,4.327e-1,,,5.339e-20,3.883e-18,,3.051e-4,,,,,9.489e-3,6.555e-1,1.172e-17,1.388e-18,6.815e-17,4.133e-19,8.692e+2
325.42,5.561e+3,2.185e-21,1.628e-28,7.788e-46,,2.424e-16,,1.551e-20,1.813e-22,,1.210e-15,2.361e-19,1.959e-30,4.386e-18,3.657e-21,8.978e-13,,2.093e-28,8.361e-22,8.392e-18,2.154e-19,3.976e-34,2.219e-4,4.521e+3,7.696e-27,4.542e-11,7.207e-20,1.132e+0,8.409e-23,1.472e+2,9.373e+0,2.278e-26,5.174e-21,3.048e-23,1.502e-20,5.268e-3,3.967e-20,,,,,,5.715e-1,,,5.306e-20,3.884e-18,,4.996e-4,,,,,1.693e-2,5.743e-1,1.171e-17,1.389e-18,6.823e-17,4.138e-19,8.810e+2
325.44,5.359e+3,2.186e-21,1.634e-28,7.781e-46,,2.773e-16,,1.548e-20,1.813e-22,,1.210e-15,5.081e-19,1.966e-30,4.389e-18,3.645e-21,8.991e-13,,2.104e-28,8.270e-22,1.738e-17,2.157e-19,3.978e-34,1.498e-4,4.318e+3,7.981e-27,2.492e-11,7.209e-20,1.188e+0,8.468e-23,1.463e+2,1.107e+1,2.278e-26,5.175e-21,3.048e-23,1.501e-20,3.404e-3,3.976e-20,,,,,,6.818e-1,,,5.285e-20,3.885e-18,,6.879e-4,,,,,2.468e-2,5.217e-1,1.170e-17,1.389e-18,6.828e-17,4.142e-19,8.810e+2
325.46,5.139e+3,2.187e-21,1.640e-28,7.774e-46,,3.150e-16,,1.546e-20,1.812e-22,,1.211e-15,1.086e-18,1.973e-30,4.392e-18,3.632e-21,8.969e-13,,2.115e-28,8.122e-22,3.572e-17,2.161e-19,3.980e-34,1.004e-4,4.105e+3,8.267e-27,1.358e-11,7.211e-20,1.243e+0,8.527e-23,1.445e+2,1.298e+1,2.277e-26,5.176e-21,3.049e-23,1.499e-20,2.183e-3,3.985e-20,,,,,,8.076e-1,,,5.263e-20,3.886e-18,,9.403e-4,,,,,3.571e-2,4.710e-1,1.169e-17,1.390e-18,6.833e-17,4.146e-19,8.747e+2
325.49,4.784e+3,2.189e-21,1.648e-28,7.763e-46,,3.762e-16,,1.542e-20,1.810e-22,,1.211e-15,3.348e-18,1.983e-30,4.397e-18,3.614e-21,8.877e-13,,2.131e-28,7.799e-22,1.039e-16,2.166e-19,3.983e-34,5.437e-5,3.771e+3,8.695e-27,5.384e-12,7.214e-20,1.325e+0,8.616e-23,1.401e+2,1.627e+1,2.276e-26,5.177e-21,3.051e-23,1.498e-20,1.107e-3,3.999e-20,,,,,,1.027e+0,,,5.230e-20,3.888e-18,,1.483e-3,,,,,6.135e-2,3.990e-1,1.168e-17,1.391e-18,6.840e-17,4.151e-19,8.536e+2
325.51,4.535e+3,2.191e-21,1.654e-28,7.756e-46,,4.198e-16,,1.539e-20,1.810e-22,,1.212e-15,7.028e-18,1.990e-30,4.401e-18,3.601e-21,8.781e-13,,2.142e-28,7.522e-22,2.098e-16,2.169e-19,3.986e-34,3.579e-5,3.545e+3,8.980e-27,2.880e-12,7.216e-20,1.378e+0,8.675e-23,1.361e+2,1.874e+1,2.275e-26,5.178e-21,3.052e-23,1.497e-20,6.970e-4,4.008e-20,,,,,,1.195e+0,,,5.208e-20,3.889e-18,,1.991e-3,,,,,8.722e-2,3.543e-1,1.167e-17,1.391e-18,6.845e-17,4.155e-19,8.323e+2
325.54,4.154e+3,2.193e-21,1.662e-28,7.745e-46,,4.883e-16,,1.536e-20,1.808e-22,,1.213e-15,2.109e-17,2.001e-30,4.406e-18,3.582e-21,8.596e-13,,2.158e-28,7.029e-22,5.942e-16,2.174e-19,3.989e-34,1.885e-5,3.208e+3,9.408e-27,1.112e-12,7.219e-20,1.453e+0,8.764e-23,1.287e+2,2.285e+1,2.274e-26,5.179e-21,3.053e-23,1.495e-20,3.437e-4,4.022e-20,,,,,,1.479e+0,,,5.175e-20,3.890e-18,,3.055e-3,,,,,1.459e-1,2.928e-1,1.166e-17,1.392e-18,6.853e-17,4.161e-19,7.905e+2
325.56,3.900e+3,2.194e-21,1.668e-28,7.738e-46,,5.352e-16,,1.533e-20,1.808e-22,,1.213e-15,4.350e-17,2.007e-30,4.409e-18,3.570e-21,8.451e-13,,2.169e-28,6.658e-22,1.179e-15,2.177e-19,3.991e-34,1.219e-5,2.990e+3,2.118e-26,5.840e-13,7.221e-20,1.499e+0,8.823e-23,1.230e+2,2.586e+1,2.274e-26,5.180e-21,3.054e-23,1.494e-20,2.126e-4,4.031e-20,,,,,,1.690e+0,,,5.154e-20,3.891e-18,,4.029e-3,,,,,2.037e-1,2.556e-1,1.165e-17,1.392e-18,6.858e-17,4.164e-19,7.570e+2
325.59,3.530e+3,2.196e-21,1.676e-28,7.728e-46,,6.062e-16,,1.530e-20,1.806e-22,,1.214e-15,1.271e-16,2.018e-30,4.414e-18,3.551e-21,8.210e-13,,2.186e-28,6.056e-22,3.250e-15,2.182e-19,3.994e-34,6.246e-6,2.682e+3,7.063e-26,2.194e-13,7.223e-20,1.562e+0,8.912e-23,1.133e+2,3.070e+1,2.273e-26,5.181e-21,3.055e-23,1.492e-20,1.020e-4,4.045e-20,,,,,,2.036e+0,,,5.121e-20,3.893e-18,,6.020e-3,,,,,3.315e-1,2.058e-1,1.164e-17,1.393e-18,6.865e-17,4.170e-19,6.998e+2
325.61,3.296e+3,2.197e-21,1.682e-28,7.720e-46,,6.529e-16,,1.527e-20,1.805e-22,,1.214e-15,2.575e-16,2.025e-30,4.418e-18,3.539e-21,8.039e-13,,2.196e-28,5.634e-22,6.334e-15,2.186e-19,3.996e-34,3.965e-6,2.493e+3,1.562e-25,1.132e-13,7.225e-20,1.599e+0,8.971e-23,1.064e+2,3.412e+1,2.272e-26,5.182e-21,3.056e-23,1.491e-20,6.196e-5,4.054e-20,,,,,,2.285e+0,,,5.099e-20,3.894e-18,,7.797e-3,,,,,4.547e-1,1.765e-1,1.163e-17,1.394e-18,6.870e-17,4.174e-19,6.581e+2
325.64,2.973e+3,2.199e-21,1.690e-28,7.710e-46,,7.202e-16,,1.523e-20,1.804e-22,,1.215e-15,7.325e-16,2.035e-30,4.423e-18,3.520e-21,7.776e-13,,2.213e-28,4.987e-22,1.700e-14,2.191e-19,4.000e-34,1.978e-6,2.241e+3,5.071e-25,4.137e-14,7.228e-20,1.645e+0,9.060e-23,9.551e+1,3.943e+1,2.271e-26,5.183e-21,3.057e-23,1.490e-20,2.893e-5,4.068e-20,,,,,,2.680e+0,,,5.066e-20,3.895e-18,,1.134e-2,,,,,7.205e-1,1.384e-1,1.162e-17,1.394e-18,6.878e-17,1.406e-18,5.921e+2
325.66,2.781e+3,2.201e-21,1.696e-28,7.703e-46,,7.622e-16,,1.521e-20,1.803e-22,,1.216e-15,1.458e-15,2.042e-30,4.426e-18,3.507e-21,7.599e-13,,2.224e-28,4.556e-22,3.254e-14,2.194e-19,4.002e-34,1.233e-6,2.098e+3,1.102e-24,2.096e-14,7.230e-20,1.669e+0,9.119e-23,8.813e+1,4.304e+1,2.270e-26,5.184e-21,3.058e-23,1.488e-20,1.726e-5,4.077e-20,,,,,,2.953e+0,,,5.045e-20,3.896e-18,,1.443e-2,,,,,9.705e-1,1.167e-1,1.161e-17,1.395e-18,6.883e-17,3.131e-18,5.469e+2
325.69,2.535e+3,2.203e-21,1.705e-28,7.692e-46,,8.189e-16,,1.517e-20,1.802e-22,,1.216e-15,4.038e-15,2.053e-30,4.431e-18,3.489e-21,7.335e-13,,2.240e-28,3.925e-22,8.505e-14,2.199e-19,4.005e-34,5.983e-7,1.924e+3,3.482e-24,7.456e-15,7.233e-20,1.696e+0,9.208e-23,7.711e+1,4.843e+1,2.269e-26,5.185e-21,3.060e-23,1.487e-20,7.841e-6,4.091e-20,,,,,,3.371e+0,,,5.012e-20,3.898e-18,,2.042e-2,,,,,1.497e+0,8.911e-2,1.159e-17,1.395e-18,6.890e-17,1.027e-17,4.789e+2
325.71,2.402e+3,2.204e-21,1.710e-28,7.685e-46,,8.516e-16,,1.515e-20,1.801e-22,,1.217e-15,7.893e-15,2.060e-30,4.434e-18,3.476e-21,7.160e-13,,2.251e-28,3.522e-22,1.599e-13,2.202e-19,4.007e-34,3.662e-7,1.839e+3,7.433e-24,3.710e-15,7.235e-20,1.706e+0,9.267e-23,6.994e+1,5.192e+1,2.269e-26,5.185e-21,3.061e-23,1.486e-20,4.592e-6,4.100e-20,,,,,,3.649e+0,,,4.990e-20,3.899e-18,,2.552e-2,,,,,1.981e+0,7.379e-2,1.159e-17,1.396e-18,6.896e-17,2.246e-17,4.344e+2
325.74,2.253e+3,2.206e-21,1.719e-28,7.674e-46,,8.914e-16,,1.511e-20,1.800e-22,,1.218e-15,2.129e-14,2.070e-30,4.439e-18,3.458e-21,6.901e-13,,2.267e-28,2.953e-22,4.069e-13,2.207e-19,4.011e-34,1.730e-7,1.757e+3,2.287e-23,1.284e-15,7.238e-20,1.711e+0,9.356e-23,5.967e+1,5.686e+1,2.268e-26,5.187e-21,3.062e-23,1.484e-20,2.030e-6,4.114e-20,,,,,,4.055e+0,,,4.957e-20,3.900e-18,,3.517e-2,,,,,2.974e+0,5.486e-2,1.157e-17,1.397e-18,6.903e-17,7.171e-17,3.702e+2
325.76,2.188e+3,2.207e-21,1.724e-28,7.667e-46,,9.110e-16,,1.509e-20,1.799e-22,,1.218e-15,4.088e-14,2.077e-30,4.443e-18,3.445e-21,6.728e-13,,2.278e-28,2.602e-22,7.517e-13,2.211e-19,4.013e-34,1.040e-7,1.735e+3,4.797e-23,6.276e-16,7.240e-20,1.708e+0,9.415e-23,5.325e+1,5.988e+1,2.267e-26,5.187e-21,3.063e-23,1.483e-20,1.168e-6,4.124e-20,,,,,,4.311e+0,,,4.936e-20,3.901e-18,,4.316e-2,,,,,3.865e+0,4.462e-2,1.156e-17,1.397e-18,6.908e-17,1.541e-16,3.298e+2
325.79,2.142e+3,2.209e-21,1.733e-28,7.657e-46,,9.291e-16,,1.505e-20,1.798e-22,,1.219e-15,1.073e-13,2.088e-30,4.448e-18,3.426e-21,6.467e-13,,2.294e-28,2.124e-22,1.862e-12,2.216e-19,4.016e-34,4.778e-8,1.748e+3,1.437e-22,2.114e-16,7.243e-20,1.691e+0,9.504e-23,4.440e+1,6.384e+1,2.266e-26,5.189e-21,3.064e-23,1.481e-20,5.023e-7,4.137e-20,,,,,,4.662e+0,,,4.903e-20,3.903e-18,,5.790e-2,,,,,5.650e+0,3.229e-2,1.155e-17,1.398e-18,6.916e-17,4.791e-16,2.736e+2
325.81,2.146e+3,2.210e-21,1.738e-28,7.650e-46,,9.333e-16,,1.502e-20,1.797e-22,,1.219e-15,2.025e-13,2.095e-30,4.451e-18,3.414e-21,6.289e-13,,2.305e-28,1.838e-22,3.379e-12,2.219e-19,4.018e-34,2.820e-8,1.787e+3,2.960e-22,1.015e-16,7.245e-20,1.674e+0,9.563e-23,3.908e+1,6.603e+1,2.265e-26,5.189e-21,3.065e-23,1.480e-20,2.837e-7,4.147e-20,,,,,,4.868e+0,,,4.881e-20,3.903e-18,,6.979e-2,,,,,7.212e+0,2.580e-2,1.154e-17,1.398e-18,6.921e-17,1.012e-15,2.393e+2
325.83,2.175e+3,2.212e-21,1.744e-28,7.643e-46,,9.311e-16,,1.500e-20,1.796e-22,,1.220e-15,3.792e-13,2.102e-30,4.455e-18,3.401e-21,6.106e-13,,2.316e-28,1.579e-22,6.087e-12,2.222e-19,4.021e-34,1.652e-8,1.849e+3,6.055e-22,4.833e-17,7.247e-20,1.651e+0,9.622e-23,3.426e+1,6.781e+1,2.265e-26,5.190e-21,3.066e-23,1.479e-20,1.590e-7,4.156e-20,,,,,,5.047e+0,,,4.859e-20,3.904e-18,,8.353e-2,,,,,9.140e+0,2.046e-2,1.153e-17,1.399e-18,6.926e-17,2.121e-15,2.079e+2
325.86,2.264e+3,2.214e-21,1.753e-28,7.632e-46,,9.160e-16,,1.496e-20,1.795e-22,,1.221e-15,9.591e-13,2.112e-30,4.460e-18,3.383e-21,5.819e-13,,2.332e-28,1.241e-22,1.452e-11,2.227e-19,4.024e-34,7.309e-9,1.980e+3,1.748e-21,1.568e-17,7.250e-20,1.608e+0,9.711e-23,2.801e+1,6.962e+1,2.264e-26,5.191e-21,3.067e-23,1.477e-20,6.586e-8,4.170e-20,,,,,,5.255e+0,,,4.826e-20,3.906e-18,,1.079e-1,,,,,1.286e+1,1.426e-2,1.152e-17,1.400e-18,6.933e-17,6.351e-15,1.660e+2
325.88,2.349e+3,2.215e-21,1.758e-28,7.625e-46,,8.984e-16,,1.494e-20,1.794e-22,,1.221e-15,1.765e-12,2.119e-30,4.463e-18,3.370e-21,5.618e-13,,2.343e-28,1.047e-22,2.570e-11,2.231e-19,4.026e-34,4.205e-9,2.090e+3,3.511e-21,7.335e-18,7.252e-20,1.574e+0,9.770e-23,2.450e+1,7.022e+1,2.263e-26,5.192e-21,3.068e-23,1.476e-20,3.626e-8,4.179e-20,,,,,,5.351e+0,,,4.805e-20,3.907e-18,,1.268e-1,,,,,1.601e+1,1.111e-2,1.151e-17,1.400e-18,6.938e-17,1.308e-14,1.416e+2
325.91,2.510e+3,2.217e-21,1.767e-28,7.614e-46,,8.617e-16,,1.490e-20,1.793e-22,,1.222e-15,4.345e-12,2.130e-30,4.468e-18,3.351e-21,5.297e-13,,2.359e-28,8.006e-23,5.971e-11,2.236e-19,4.029e-34,1.810e-9,2.281e+3,9.868e-21,2.315e-18,7.255e-20,1.516e+0,9.859e-23,2.024e+1,7.019e+1,2.262e-26,5.193e-21,3.070e-23,1.475e-20,1.461e-8,4.193e-20,,,,,,5.423e+0,,,4.772e-20,3.908e-18,,1.595e-1,,,,,2.194e+1,7.534e-3,1.150e-17,1.401e-18,6.946e-17,3.814e-14,1.101e+2
325.93,2.635e+3,2.218e-21,1.772e-28,7.607e-46,,8.311e-16,,1.488e-20,1.792e-22,,1.222e-15,7.853e-12,2.137e-30,4.471e-18,3.339e-21,5.071e-13,,2.370e-28,6.634e-23,1.038e-10,2.239e-19,4.032e-34,1.023e-9,2.421e+3,1.948e-20,1.064e-18,7.257e-20,1.474e+0,9.918e-23,1.805e+1,6.953e+1,2.261e-26,5.194e-21,3.071e-23,1.474e-20,7.898e-9,4.202e-20,,,,,,5.423e+0,,,4.750e-20,3.909e-18,,1.841e-1,,,,,2.683e+1,5.764e-3,1.149e-17,1.401e-18,6.951e-17,7.716e-14,9.222e+1
325.96,2.839e+3,2.220e-21,1.781e-28,7.597e-46,,7.773e-16,,1.484e-20,1.790e-22,,1.223e-15,1.883e-11,2.147e-30,4.476e-18,3.320e-21,4.714e-13,,2.386e-28,4.937e-23,2.348e-10,2.244e-19,4.035e-34,4.285e-10,2.643e+3,5.329e-20,3.268e-19,7.260e-20,1.405e+0,1.001e-22,1.574e+1,6.765e+1,2.260e-26,5.195e-21,3.072e-23,1.472e-20,3.097e-9,4.216e-20,,,,,,5.351e+0,,,4.717e-20,3.911e-18,,2.254e-1,,,,,3.578e+1,3.806e-3,1.148e-17,1.402e-18,6.958e-17,2.191e-13,6.976e+1
325.98,2.981e+3,2.222e-21,1.787e-28,7.589e-46,,7.373e-16,,1.481e-20,1.790e-22,,1.224e-15,3.343e-11,2.154e-30,4.480e-18,3.308e-21,4.465e-13,,2.397e-28,4.018e-23,4.010e-10,2.248e-19,4.037e-34,2.377e-10,2.793e+3,1.033e-19,1.474e-19,7.262e-20,1.357e+0,1.007e-22,1.483e+1,6.583e+1,2.259e-26,1.159e-20,3.073e-23,1.471e-20,1.644e-9,4.225e-20,,,,,,5.255e+0,,,4.696e-20,3.912e-18,,2.556e-1,,,,,4.297e+1,2.861e-3,1.147e-17,1.402e-18,6.963e-17,4.354e-13,5.740e+1
326.01,3.193e+3,2.224e-21,1.795e-28,7.579e-46,,6.727e-16,,1.478e-20,1.788e-22,,1.224e-15,7.803e-11,2.165e-30,4.485e-18,3.289e-21,4.079e-13,,2.413e-28,2.911e-23,8.829e-10,2.253e-19,4.040e-34,9.691e-11,3.011e+3,2.753e-19,4.408e-20,7.265e-20,1.283e+0,1.015e-22,1.441e+1,6.235e+1,2.258e-26,3.812e-20,3.074e-23,1.469e-20,6.272e-10,4.239e-20,,,,,,5.047e+0,,,4.663e-20,3.913e-18,,3.045e-1,,,,,5.580e+1,1.841e-3,1.146e-17,1.403e-18,6.971e-17,1.204e-12,4.226e+1
326.03,3.328e+3,2.225e-21,1.801e-28,7.572e-46,,6.277e-16,,1.475e-20,1.788e-22,,1.225e-15,1.361e-10,2.172e-30,4.488e-18,3.277e-21,3.815e-13,,2.424e-28,2.327e-23,1.481e-9,2.256e-19,4.043e-34,5.280e-11,3.147e+3,5.243e-19,1.953e-20,7.267e-20,1.233e+0,1.021e-22,1.474e+1,5.960e+1,2.258e-26,8.356e-20,3.075e-23,1.468e-20,3.270e-10,4.248e-20,,,,,,4.868e+0,,,4.641e-20,3.914e-18,,3.391e-1,,,,,6.581e+1,1.362e-3,1.145e-17,1.404e-18,6.976e-17,2.350e-12,3.415e+1
326.06,3.513e+3,2.227e-21,1.809e-28,7.561e-46,,5.589e-16,,1.472e-20,1.786e-22,,1.226e-15,3.093e-10,2.182e-30,4.493e-18,3.258e-21,3.416e-13,,2.441e-28,1.640e-23,3.175e-9,2.261e-19,4.046e-34,2.094e-11,3.328e+3,1.360e-18,2.811e-21,7.270e-20,1.158e+0,1.030e-22,1.614e+1,5.495e+1,2.257e-26,2.676e-19,3.076e-23,1.466e-20,1.214e-10,4.262e-20,,,,,,4.550e+0,,,4.608e-20,3.916e-18,,3.933e-1,,,,,8.318e+1,8.596e-4,1.144e-17,1.404e-18,6.983e-17,6.325e-12,2.447e+1
326.08,3.620e+3,2.228e-21,1.815e-28,7.554e-46,,5.131e-16,,1.469e-20,1.785e-22,,1.226e-15,5.298e-10,2.189e-30,4.497e-18,3.245e-21,3.150e-13,,2.451e-28,1.287e-23,5.233e-9,2.264e-19,4.048e-34,1.120e-11,3.430e+3,2.545e-18,3.763e-21,7.272e-20,1.109e+0,1.036e-22,1.768e+1,5.158e+1,2.256e-26,5.763e-19,3.077e-23,1.465e-20,6.214e-11,4.271e-20,,,,,,4.311e+0,,,4.587e-20,3.917e-18,,4.303e-1,,,,,9.637e+1,6.321e-4,1.143e-17,1.405e-18,6.988e-17,1.213e-11,1.942e+1
326.11,3.749e+3,2.230e-21,1.823e-28,7.543e-46,,4.460e-16,,1.465e-20,1.784e-22,,1.227e-15,1.172e-9,2.200e-30,4.502e-18,3.227e-21,2.758e-13,,2.468e-28,8.834e-24,1.092e-8,2.269e-19,4.051e-34,4.325e-12,3.545e+3,6.427e-18,5.190e-21,7.275e-20,1.039e+0,1.045e-22,2.087e+1,4.630e+1,2.255e-26,1.797e-18,3.079e-23,1.464e-20,2.245e-11,4.285e-20,,,,,,3.922e+0,,,4.554e-20,3.918e-18,,4.858e-1,,,,,1.186e+2,4.060e-4,1.141e-17,1.406e-18,6.996e-17,3.179e-11,1.354e+1
326.13,3.811e+3,2.232e-21,1.829e-28,7.536e-46,,4.030e-16,,1.463e-20,1.783e-22,,1.227e-15,1.973e-9,2.207e-30,4.505e-18,3.214e-21,2.505e-13,,2.479e-28,6.810e-24,1.768e-8,2.273e-19,4.054e-34,2.272e-12,3.594e+3,1.181e-17,6.142e-21,7.277e-20,9.955e-1,1.051e-22,2.360e+1,4.269e+1,2.254e-26,3.801e-18,3.080e-23,1.462e-20,1.128e-11,4.294e-20,,,,,,3.649e+0,,,4.532e-20,3.919e-18,,5.220e-1,,,,,1.349e+2,3.130e-4,1.141e-17,1.406e-18,7.001e-17,5.990e-11,1.055e+1
326.16,3.863e+3,2.234e-21,1.837e-28,7.526e-46,,3.422e-16,,1.459e-20,1.782e-22,,1.228e-15,4.250e-9,2.217e-30,4.510e-18,3.195e-21,2.143e-13,,2.495e-28,4.548e-24,3.593e-8,2.278e-19,4.057e-34,8.534e-13,3.624e+3,2.905e-17,7.569e-21,7.280e-20,9.344e-1,1.060e-22,2.854e+1,3.730e+1,2.253e-26,1.154e-17,3.081e-23,1.461e-20,3.967e-12,4.308e-20,,,,,,3.232e+0,,,4.499e-20,3.921e-18,,5.736e-1,,,,,1.616e+2,2.395e-4,1.139e-17,1.407e-18,7.008e-17,1.529e-10,7.164e+0
326.18,3.870e+3,2.235e-21,1.843e-28,7.519e-46,,3.044e-16,,1.457e-20,1.781e-22,,1.229e-15,7.027e-9,2.224e-30,4.513e-18,3.183e-21,1.916e-13,,2.506e-28,3.443e-24,5.713e-8,2.281e-19,4.059e-34,4.403e-13,3.613e+3,5.246e-17,8.521e-21,7.282e-20,8.974e-1,1.066e-22,3.240e+1,3.378e+1,2.253e-26,2.399e-17,3.082e-23,1.460e-20,1.958e-12,4.317e-20,,,,,,2.953e+0,,,4.477e-20,3.922e-18,,6.053e-1,,,,,1.806e+2,2.276e-4,1.138e-17,1.407e-18,7.013e-17,2.829e-10,5.484e+0
326.2,3.854e+3,2.236e-21,1.849e-28,7.512e-46,,2.692e-16,,1.454e-20,1.780e-22,,1.229e-15,1.153e-8,2.231e-30,4.517e-18,3.170e-21,1.701e-13,,2.517e-28,2.588e-24,9.020e-8,2.284e-19,4.061e-34,2.255e-13,3.578e+3,9.405e-17,9.473e-21,7.284e-20,8.636e-1,1.072e-22,3.667e+1,3.038e+1,2.252e-26,4.950e-17,3.083e-23,1.459e-20,9.593e-13,4.327e-20,,,,,,2.680e+0,,,4.456e-20,3.923e-18,,6.343e-1,,,,,2.004e+2,2.438e-4,1.138e-17,1.408e-18,7.018e-17,5.200e-10,4.167e+0
326.23,3.787e+3,2.238e-21,1.857e-28,7.501e-46,,2.213e-16,,1.451e-20,1.779e-22,,1.230e-15,2.394e-8,2.242e-30,4.522e-18,3.152e-21,1.406e-13,,2.533e-28,1.664e-24,1.766e-7,2.289e-19,4.065e-34,8.152e-14,3.480e+3,2.228e-16,1.090e-20,7.287e-20,8.191e-1,1.081e-22,4.382e+1,2.556e+1,2.251e-26,1.448e-16,3.084e-23,1.457e-20,3.246e-13,4.340e-20,,,,,,2.285e+0,,,4.423e-20,3.924e-18,,6.712e-1,,,,,2.312e+2,3.244e-4,1.136e-17,1.409e-18,7.026e-17,1.278e-9,2.723e+0
326.25,3.716e+3,2.240e-21,1.863e-28,7.494e-46,,1.927e-16,,1.448e-20,1.778e-22,,1.231e-15,3.860e-8,2.249e-30,4.525e-18,3.139e-21,1.228e-13,,2.544e-28,1.228e-24,2.738e-7,2.293e-19,4.067e-34,4.100e-14,3.387e+3,3.924e-16,1.185e-20,7.289e-20,7.936e-1,1.086e-22,4.903e+1,2.258e+1,2.250e-26,2.936e-16,3.085e-23,1.456e-20,1.562e-13,4.350e-20,,,,,,2.036e+0,,,4.401e-20,3.925e-18,,6.908e-1,,,,,2.520e+2,4.227e-4,1.135e-17,1.409e-18,7.031e-17,2.308e-9,2.032e+0
326.28,3.573e+3,2.242e-21,1.871e-28,7.483e-46,,1.549e-16,,1.444e-20,1.777e-22,,1.231e-15,7.798e-8,2.259e-30,4.530e-18,3.121e-21,9.911e-14,,2.560e-28,7.686e-25,5.219e-7,2.298e-19,4.070e-34,1.442e-14,3.210e+3,9.050e-16,1.328e-20,7.292e-20,7.614e-1,1.095e-22,5.737e+1,1.849e+1,2.249e-26,8.361e-16,3.086e-23,1.454e-20,5.142e-14,4.363e-20,,,,,,1.690e+0,,,4.368e-20,3.927e-18,,7.116e-1,,,,,2.829e+2,6.584e-4,1.134e-17,1.410e-18,7.038e-17,5.524e-9,1.293e+0
326.3,3.456e+3,2.243e-21,1.877e-28,7.476e-46,,1.329e-16,,1.442e-20,1.776e-22,,1.232e-15,1.235e-7,2.266e-30,4.534e-18,3.108e-21,8.522e-14,,2.571e-28,5.573e-25,7.951e-7,2.301e-19,4.072e-34,7.123e-15,3.070e+3,1.566e-15,1.423e-20,7.294e-20,7.437e-1,1.101e-22,6.321e+1,1.604e+1,2.249e-26,1.665e-15,3.087e-23,1.453e-20,2.430e-14,4.373e-20,,,,,,1.479e+0,,,4.347e-20,3.928e-18,,7.193e-1,,,,,3.028e+2,8.933e-4,1.133e-17,1.410e-18,7.043e-17,9.797e-9,9.475e-1
326.33,3.254e+3,2.245e-21,1.885e-28,7.466e-46,,1.045e-16,,1.438e-20,1.775e-22,,1.233e-15,2.430e-7,2.277e-30,4.539e-18,3.089e-21,6.723e-14,,2.587e-28,3.394e-25,1.475e-6,2.306e-19,4.076e-34,2.439e-15,2.835e+3,3.516e-15,1.566e-20,7.297e-20,7.220e-1,1.110e-22,7.222e+1,1.279e+1,2.248e-26,4.618e-15,3.089e-23,1.451e-20,7.784e-15,4.387e-20,,,,,,1.195e+0,,,4.314e-20,3.929e-18,,7.212e-1,,,,,3.310e+2,1.409e-3,1.132e-17,1.411e-18,7.051e-17,2.283e-8,5.865e-1
326.35,3.105e+3,2.246e-21,1.891e-28,7.458e-46,,8.837e-17,,1.436e-20,1.774e-22,,1.233e-15,3.780e-7,2.284e-30,4.542e-18,3.077e-21,5.703e-14,,2.598e-28,2.416e-25,2.208e-6,2.309e-19,4.078e-34,1.183e-15,2.665e+3,5.976e-15,1.661e-20,7.299e-20,7.104e-1,1.116e-22,7.828e+1,1.090e+1,2.247e-26,9.036e-15,3.090e-23,1.450e-20,3.612e-15,4.396e-20,,,,,,1.027e+0,,,4.292e-20,3.930e-18,,7.161e-1,,,,,3.480e+2,1.898e-3,1.131e-17,1.411e-18,7.056e-17,3.978e-8,4.222e-1
326.38,2.867e+3,2.248e-21,1.900e-28,7.448e-46,,6.799e-17,,1.432e-20,1.773e-22,,1.234e-15,7.240e-7,2.294e-30,4.547e-18,3.058e-21,4.427e-14,,2.614e-28,1.432e-25,3.988e-6,2.314e-19,4.081e-34,3.940e-16,2.398e+3,1.307e-14,1.804e-20,7.302e-20,6.963e-1,1.125e-22,8.725e+1,8.458e+0,2.246e-26,2.440e-14,3.091e-23,1.449e-20,1.126e-15,4.410e-20,,,,,,8.076e-1,,,4.259e-20,3.932e-18,,6.989e-1,,,,,3.703e+2,2.934e-3,1.130e-17,1.412e-18,7.064e-17,9.028e-8,2.544e-1
326.4,2.702e+3,2.250e-21,1.905e-28,7.441e-46,,5.669e-17,,1.430e-20,1.772e-22,,1.234e-15,1.107e-6,2.301e-30,4.550e-18,3.046e-21,3.731e-14,,2.625e-28,1.002e-25,5.863e-6,2.318e-19,4.083e-34,1.876e-16,2.217e+3,2.182e-14,1.899e-20,7.304e-20,6.886e-1,1.131e-22,9.303e+1,7.079e+0,2.245e-26,4.690e-14,3.092e-23,1.448e-20,5.130e-16,4.419e-20,,,,,,6.818e-1,,,4.237e-20,3.933e-18,,6.815e-1,,,,,3.824e+2,3.890e-3,1.129e-17,1.413e-18,7.069e-17,1.545e-7,1.798e-1
326.43,2.451e+3,2.252e-21,1.914e-28,7.430e-46,,4.271e-17,,1.426e-20,1.770e-22,,1.235e-15,2.063e-6,2.312e-30,4.555e-18,3.027e-21,2.899e-14,,2.641e-28,5.779e-26,1.031e-5,2.323e-19,4.086e-34,6.082e-17,1.946e+3,4.645e-14,2.042e-20,7.307e-20,6.785e-1,1.140e-22,1.012e+2,5.348e+0,2.244e-26,1.233e-13,3.093e-23,1.446e-20,1.556e-16,4.433e-20,,,,,,5.219e-1,,,4.205e-20,3.934e-18,,6.475e-1,,,,,3.961e+2,5.861e-3,1.128e-17,1.413e-18,7.076e-17,3.415e-7,1.055e-1
326.45,2.284e+3,2.253e-21,1.919e-28,7.423e-46,,3.512e-17,,1.423e-20,1.770e-22,,1.236e-15,3.098e-6,2.319e-30,4.559e-18,3.014e-21,2.471e-14,,2.652e-28,3.970e-26,1.489e-5,2.326e-19,4.089e-34,2.844e-17,1.770e+3,7.618e-14,2.137e-20,7.309e-20,6.723e-1,1.146e-22,1.062e+2,4.397e+0,2.244e-26,2.329e-13,3.094e-23,1.445e-20,6.963e-17,4.442e-20,,,,,,4.327e-1,,,4.183e-20,3.935e-18,,6.202e-1,,,,,4.018e+2,7.635e-3,1.127e-17,1.414e-18,7.081e-17,5.742e-7,7.322e-2
326.48,2.041e+3,2.255e-21,1.928e-28,7.412e-46,,2.594e-17,,1.420e-20,1.768e-22,,1.236e-15,5.625e-6,2.329e-30,4.564e-18,2.996e-21,1.999e-14,,2.668e-28,2.232e-26,2.550e-5,2.331e-19,4.092e-34,8.972e-18,1.518e+3,1.579e-13,2.280e-20,7.312e-20,6.629e-1,1.154e-22,1.129e+2,3.234e+0,2.243e-26,5.963e-13,3.096e-23,1.443e-20,2.055e-17,4.456e-20,,,,,,3.224e-1,,,4.150e-20,3.937e-18,,5.736e-1,,,,,4.050e+2,1.120e-2,1.126e-17,1.415e-18,7.089e-17,1.235e-6,4.179e-2
326.5,1.886e+3,2.256e-21,1.933e-28,7.405e-46,,2.107e-17,,1.417e-20,1.768e-22,,1.237e-15,8.296e-6,2.336e-30,4.567e-18,2.983e-21,1.785e-14,,2.679e-28,1.510e-26,3.617e-5,2.334e-19,4.094e-34,4.120e-18,1.361e+3,2.544e-13,2.375e-20,7.314e-20,6.563e-1,1.160e-22,1.168e+2,2.611e+0,2.242e-26,1.106e-12,3.096e-23,1.442e-20,2.053e-17,4.465e-20,,,,,,2.625e-1,,,4.128e-20,3.938e-18,,5.396e-1,,,,,4.036e+2,1.433e-2,1.125e-17,1.415e-18,7.094e-17,2.041e-6,2.849e-2
326.53,1.667e+3,2.258e-21,1.942e-28,7.395e-46,,1.531e-17,,1.414e-20,1.766e-22,,1.238e-15,1.466e-5,2.346e-30,4.572e-18,2.964e-21,1.598e-14,,2.696e-28,8.369e-27,6.030e-5,2.340e-19,4.097e-34,1.265e-18,1.146e+3,5.135e-13,2.517e-20,7.317e-20,6.452e-1,1.169e-22,1.216e+2,1.869e+0,2.241e-26,2.758e-12,3.098e-23,1.440e-20,2.049e-17,4.479e-20,,,,,,1.904e-1,,,4.096e-20,3.939e-18,,4.858e-1,,,,,3.961e+2,2.047e-2,1.123e-17,1.416e-18,7.101e-17,4.276e-6,1.583e-2
326.55,1.532e+3,2.260e-21,1.948e-28,7.388e-46,,1.234e-17,,1.411e-20,1.765e-22,,1.238e-15,2.125e-5,2.353e-30,4.576e-18,2.952e-21,1.554e-14,,2.706e-28,5.694e-27,8.403e-5,2.343e-19,4.100e-34,5.703e-19,1.017e+3,8.128e-13,2.613e-20,7.319e-20,6.369e-1,1.175e-22,1.241e+2,1.483e+0,2.240e-26,5.026e-12,3.099e-23,1.439e-20,2.046e-17,4.488e-20,,,,,,1.523e-1,,,4.074e-20,3.940e-18,,4.488e-1,,,,,3.876e+2,2.573e-2,1.123e-17,1.416e-18,7.106e-17,6.940e-6,1.060e-2
326.58,1.348e+3,2.262e-21,1.956e-28,7.377e-46,,8.951e-18,,1.407e-20,1.764e-22,,1.239e-15,3.656e-5,2.364e-30,4.581e-18,2.933e-21,1.596e-14,,2.723e-28,3.409e-27,1.364e-4,2.348e-19,4.103e-34,1.704e-19,8.482e+2,1.597e-12,2.755e-20,7.322e-20,6.229e-1,1.184e-22,1.270e+2,1.033e+0,2.239e-26,1.220e-11,3.100e-23,1.438e-20,2.043e-17,4.502e-20,,,,,,1.075e-1,,,4.041e-20,3.942e-18,,3.933e-1,,,,,3.703e+2,3.579e-2,1.121e-17,1.417e-18,7.114e-17,1.416e-5,5.729e-3
326.6,1.238e+3,2.263e-21,1.962e-28,7.370e-46,,7.281e-18,,1.405e-20,1.763e-22,,1.239e-15,5.204e-5,2.371e-30,4.584e-18,2.921e-21,1.689e-14,,2.734e-28,2.700e-27,1.867e-4,2.351e-19,4.105e-34,7.543e-20,7.522e+2,2.483e-12,2.851e-20,7.324e-20,6.125e-1,1.190e-22,1.283e+2,8.050e-1,2.239e-26,2.184e-11,3.101e-23,1.436e-20,2.040e-17,4.511e-20,,,,,,8.442e-2,,,4.019e-20,3.943e-18,,3.570e-1,,,,,3.559e+2,4.419e-2,1.120e-17,1.418e-18,7.119e-17,2.257e-5,3.768e-3
326.62,1.140e+3,2.264e-21,1.967e-28,7.363e-46,,6.010e-18,,1.402e-20,1.762e-22,,1.240e-15,7.354e-5,2.378e-30,4.587e-18,2.908e-21,1.830e-14,,2.744e-28,2.501e-27,2.537e-4,2.355e-19,4.107e-34,7.717e-20,6.697e+2,3.834e-12,2.946e-20,7.326e-20,6.012e-1,1.196e-22,1.291e+2,6.226e-1,2.238e-26,3.883e-11,3.102e-23,1.435e-20,2.038e-17,4.520e-20,,,,,,6.584e-2,,,3.998e-20,3.944e-18,,3.216e-1,,,,,3.397e+2,5.417e-2,1.120e-17,1.418e-18,7.124e-17,3.574e-5,2.460e-3
326.65,1.015e+3,2.266e-21,1.976e-28,7.352e-46,,4.741e-18,,1.399e-20,1.761e-22,,1.241e-15,1.219e-4,2.388e-30,4.592e-18,2.890e-21,2.123e-14,,2.761e-28,3.123e-27,3.967e-4,2.360e-19,4.111e-34,7.978e-20,5.712e+2,7.258e-12,3.088e-20,7.329e-20,5.829e-1,1.205e-22,1.298e+2,4.179e-1,2.237e-26,9.081e-11,3.103e-23,1.434e-20,2.034e-17,4.534e-20,,,,,,4.475e-2,,,3.965e-20,3.945e-18,,2.714e-1,,,,,3.125e+2,7.255e-2,1.118e-17,1.419e-18,7.131e-17,7.024e-5,1.281e-3
326.67,9.463e+2,2.267e-21,1.981e-28,7.345e-46,,4.269e-18,,1.396e-20,1.760e-22,,1.241e-15,1.692e-4,2.395e-30,4.596e-18,2.877e-21,2.368e-14,,2.772e-28,4.255e-27,5.296e-4,2.363e-19,4.113e-34,8.153e-20,5.221e+2,1.101e-11,3.184e-20,7.331e-20,5.699e-1,1.211e-22,1.300e+2,3.175e-1,2.236e-26,1.586e-10,3.104e-23,1.433e-20,2.031e-17,4.543e-20,,,,,,3.428e-2,,,3.943e-20,3.946e-18,,2.402e-1,,,,,2.930e+2,8.737e-2,1.117e-17,1.419e-18,1.597e-16,1.093e-4,8.211e-4
326.7,8.658e+2,2.269e-21,1.990e-28,7.335e-46,,4.064e-18,,1.393e-20,1.759e-22,,1.242e-15,2.731e-4,2.406e-30,4.601e-18,2.858e-21,2.804e-14,,2.788e-28,7.502e-27,8.061e-4,2.368e-19,4.116e-34,8.414e-20,4.723e+2,2.029e-11,3.326e-20,7.334e-20,5.494e-1,1.220e-22,1.301e+2,2.074e-1,2.235e-26,3.612e-10,3.105e-23,1.431e-20,2.028e-17,4.557e-20,,,,,,2.267e-2,,,3.910e-20,3.948e-18,,1.973e-1,,,,,2.623e+2,1.139e-1,1.116e-17,1.420e-18,5.281e-16,2.091e-4,4.160e-4
326.72,8.271e+2,2.271e-21,1.996e-28,7.327e-46,,4.248e-18,,1.390e-20,1.758e-22,,1.242e-15,3.725e-4,2.413e-30,4.604e-18,2.846e-21,3.134e-14,,2.799e-28,1.120e-26,1.057e-3,2.371e-19,4.118e-34,8.588e-20,4.544e+2,3.023e-11,3.422e-20,7.336e-20,5.353e-1,1.225e-22,1.301e+2,1.548e-1,2.234e-26,6.196e-10,3.106e-23,1.430e-20,2.025e-17,4.566e-20,,,,,,1.706e-2,,,3.888e-20,3.949e-18,,1.715e-1,,,,,2.416e+2,1.348e-1,1.115e-17,1.420e-18,1.162e-15,3.196e-4,2.620e-4
326.75,7.909e+2,2.273e-21,2.004e-28,7.317e-46,,5.008e-18,,1.386e-20,1.757e-22,,1.243e-15,5.853e-4,2.423e-30,4.609e-18,2.827e-21,3.681e-14,,2.815e-28,2.047e-26,1.567e-3,2.376e-19,4.122e-34,8.849e-20,4.492e+2,5.424e-11,3.564e-20,7.339e-20,5.136e-1,1.234e-22,1.303e+2,9.843e-2,2.233e-26,1.374e-9,3.108e-23,1.428e-20,2.021e-17,4.580e-20,,,,,,1.098e-2,,,3.856e-20,3.950e-18,,1.371e-1,,,,,2.106e+2,1.711e-1,1.114e-17,1.421e-18,3.742e-15,5.958e-4,1.292e-4
326.77,7.811e+2,2.274e-21,2.010e-28,7.310e-46,,5.855e-18,,1.384e-20,1.756e-22,,1.244e-15,7.840e-4,2.430e-30,4.613e-18,2.815e-21,4.074e-14,,2.826e-28,3.045e-26,2.018e-3,2.380e-19,4.124e-34,9.023e-20,4.591e+2,7.939e-11,3.659e-20,7.341e-20,4.989e-1,1.240e-22,1.306e+2,7.214e-2,2.233e-26,2.316e-9,3.109e-23,1.427e-20,2.019e-17,4.590e-20,,,,,,8.116e-3,,,3.834e-20,3.951e-18,,1.171e-1,,,,,1.904e+2,1.988e-1,1.113e-17,1.422e-18,8.089e-15,8.945e-4,7.988e-5
326.8,7.868e+2,2.276e-21,2.018e-28,7.299e-46,,7.689e-18,,1.380e-20,1.755e-22,,1.244e-15,1.199e-3,2.441e-30,4.618e-18,2.796e-21,4.693e-14,,9.436e-28,5.458e-26,2.912e-3,2.385e-19,4.127e-34,9.284e-20,4.927e+2,1.387e-10,3.802e-20,7.344e-20,4.768e-1,1.249e-22,1.316e+2,4.466e-2,2.232e-26,5.000e-9,3.110e-23,1.425e-20,2.015e-17,4.603e-20,,,,,,5.086e-3,,,3.801e-20,3.952e-18,,9.113e-2,,,,,1.616e+2,2.457e-1,1.112e-17,1.422e-18,2.537e-14,1.624e-3,3.833e-5
326.82,8.034e+2,2.277e-21,2.024e-28,7.292e-46,,9.332e-18,,1.378e-20,1.754e-22,,1.245e-15,1.578e-3,2.448e-30,4.621e-18,2.783e-21,5.120e-14,,2.089e-27,7.986e-26,3.685e-3,2.388e-19,4.129e-34,9.458e-20,5.263e+2,1.994e-10,3.897e-20,7.345e-20,4.620e-1,1.255e-22,1.327e+2,3.215e-2,2.231e-26,8.279e-9,3.111e-23,1.424e-20,2.013e-17,4.613e-20,,,,,,3.691e-3,,,3.779e-20,3.953e-18,,7.642e-2,,,,,1.435e+2,2.804e-1,1.111e-17,1.423e-18,5.388e-14,2.396e-3,2.328e-5
326.85,8.460e+2,2.279e-21,2.032e-28,7.281e-46,,1.252e-17,,1.374e-20,1.753e-22,,1.246e-15,2.351e-3,2.458e-30,4.626e-18,2.765e-21,5.768e-14,,6.795e-27,1.395e-25,5.177e-3,2.393e-19,4.133e-34,9.719e-20,5.918e+2,3.393e-10,4.040e-20,7.348e-20,4.400e-1,1.264e-22,1.347e+2,1.938e-2,2.230e-26,1.741e-8,3.112e-23,1.423e-20,2.009e-17,4.626e-20,,,,,,2.252e-3,,,3.747e-20,3.955e-18,,5.790e-2,,,,,1.186e+2,3.374e-1,1.110e-17,1.424e-18,1.645e-13,4.236e-3,1.087e-5
326.87,8.850e+2,2.281e-21,2.038e-28,7.274e-46,,1.518e-17,,1.372e-20,1.752e-22,,1.246e-15,3.039e-3,2.465e-30,4.629e-18,2.752e-21,6.197e-14,,1.478e-26,2.005e-25,6.436e-3,2.396e-19,4.135e-34,9.893e-20,6.442e+2,4.792e-10,4.135e-20,7.350e-20,4.255e-1,1.270e-22,1.365e+2,1.370e-2,2.229e-26,2.831e-8,3.113e-23,1.422e-20,2.006e-17,4.636e-20,,,,,,1.605e-3,,,3.725e-20,3.956e-18,,4.769e-2,,,,,1.035e+2,3.783e-1,1.109e-17,1.424e-18,3.433e-13,6.141e-3,6.487e-6
326.9,9.569e+2,2.283e-21,2.046e-28,7.264e-46,,2.011e-17,,1.368e-20,1.750e-22,,1.247e-15,4.407e-3,2.476e-30,4.634e-18,2.734e-21,6.824e-14,,4.681e-26,3.411e-25,8.801e-3,2.401e-19,4.138e-34,1.015e-19,7.333e+2,7.937e-10,4.278e-20,7.353e-20,4.039e-1,1.279e-22,1.395e+2,8.038e-3,2.228e-26,5.796e-8,3.115e-23,1.420e-20,2.003e-17,4.650e-20,,,,,,9.528e-4,,,3.692e-20,3.957e-18,,3.517e-2,,,,,8.318e+1,4.431e-1,1.107e-17,1.425e-18,1.021e-12,1.058e-2,2.949e-6
326.92,1.012e+3,2.284e-21,2.052e-28,7.257e-46,,2.408e-17,,1.365e-20,1.750e-22,,1.247e-15,5.596e-3,2.483e-30,4.638e-18,2.721e-21,7.223e-14,,1.001e-25,4.817e-25,1.075e-2,2.405e-19,4.140e-34,1.033e-19,7.983e+2,1.101e-9,4.373e-20,7.355e-20,3.897e-1,1.285e-22,1.416e+2,5.583e-3,2.228e-26,9.262e-8,3.115e-23,1.419e-20,2.000e-17,4.659e-20,,,,,,6.671e-4,,,3.670e-20,3.958e-18,,2.845e-2,,,,,7.128e+1,4.880e-1,1.107e-17,1.425e-18,2.093e-12,1.507e-2,1.728e-6
326.95,1.103e+3,2.286e-21,2.061e-28,7.246e-46,,3.117e-17,,1.362e-20,1.748e-22,,1.248e-15,7.902e-3,2.493e-30,4.643e-18,2.702e-21,7.787e-14,,3.086e-25,7.978e-25,1.431e-2,2.410e-19,4.144e-34,1.059e-19,9.013e+2,1.776e-9,4.516e-20,7.358e-20,3.687e-1,1.294e-22,1.448e+2,3.188e-3,2.227e-26,1.846e-7,3.117e-23,1.417e-20,1.996e-17,4.673e-20,,,,,,3.855e-4,,,3.638e-20,3.960e-18,,2.042e-2,,,,,5.580e+1,5.565e-1,1.105e-17,1.426e-18,6.063e-12,2.528e-2,7.643e-7
326.97,1.167e+3,2.287e-21,2.066e-28,7.239e-46,,3.671e-17,,1.359e-20,1.748e-22,,1.249e-15,9.856e-3,2.500e-30,4.646e-18,2.690e-21,8.135e-14,,6.481e-25,1.107e-24,1.717e-2,2.413e-19,4.146e-34,1.076e-19,9.718e+2,2.421e-9,4.611e-20,7.360e-20,3.549e-1,1.299e-22,1.468e+2,2.175e-3,2.226e-26,2.898e-7,3.118e-23,1.416e-20,1.994e-17,4.682e-20,,,,,,2.651e-4,,,3.616e-20,3.961e-18,,1.623e-2,,,,,4.697e+1,6.020e-1,1.104e-17,1.426e-18,1.221e-11,3.539e-2,4.397e-7
326.99,1.231e+3,2.289e-21,2.072e-28,7.232e-46,,4.294e-17,,1.357e-20,1.747e-22,,1.249e-15,1.221e-2,2.507e-30,4.649e-18,2.677e-21,8.458e-14,,1.352e-24,1.525e-24,2.045e-2,2.416e-19,4.148e-34,1.094e-19,1.042e+3,3.276e-9,4.706e-20,7.362e-20,3.413e-1,1.305e-22,1.486e+2,1.473e-3,2.225e-26,4.518e-7,3.119e-23,1.415e-20,1.991e-17,4.691e-20,,,,,,1.809e-4,,,3.594e-20,3.962e-18,,1.280e-2,,,,,3.925e+1,6.466e-1,1.104e-17,1.427e-18,2.442e-11,4.920e-2,2.512e-7
327.02,1.327e+3,2.291e-21,2.080e-28,7.221e-46,,5.361e-17,,1.353e-20,1.745e-22,,1.250e-15,1.660e-2,2.518e-30,4.655e-18,2.659e-21,8.900e-14,,4.016e-24,2.432e-24,2.622e-2,2.421e-19,4.151e-34,1.120e-19,1.146e+3,5.090e-9,4.849e-20,7.365e-20,3.212e-1,1.314e-22,1.506e+2,8.102e-4,2.224e-26,8.676e-7,3.120e-23,1.413e-20,1.987e-17,4.705e-20,,,,,,1.007e-4,,,3.561e-20,3.963e-18,,8.850e-3,,,,,2.958e+1,7.102e-1,1.102e-17,1.428e-18,6.815e-11,7.961e-2,1.070e-7
327.04,1.388e+3,2.292e-21,2.086e-28,7.214e-46,,6.161e-17,,1.351e-20,1.745e-22,,1.250e-15,2.020e-2,2.525e-30,4.658e-18,2.646e-21,9.168e-14,,8.229e-24,3.292e-24,3.068e-2,2.425e-19,4.153e-34,1.137e-19,1.211e+3,6.767e-9,4.944e-20,7.367e-20,3.081e-1,1.320e-22,1.513e+2,5.390e-4,2.224e-26,1.329e-6,3.121e-23,1.412e-20,1.985e-17,4.714e-20,,,,,,6.751e-5,,,3.539e-20,3.964e-18,,6.858e-3,,,,,2.428e+1,7.493e-1,1.101e-17,1.428e-18,1.339e-10,1.088e-1,6.002e-8
327.07,1.471e+3,2.294e-21,2.095e-28,7.203e-46,,7.489e-17,,1.347e-20,1.743e-22,,1.251e-15,2.675e-2,2.535e-30,4.663e-18,2.627e-21,9.542e-14,,2.381e-23,5.113e-24,3.831e-2,2.430e-19,4.157e-34,1.163e-19,1.300e+3,1.024e-8,5.087e-20,7.370e-20,2.888e-1,1.329e-22,1.512e+2,2.885e-4,2.223e-26,2.484e-6,3.122e-23,1.411e-20,1.981e-17,4.728e-20,,,,,,3.656e-5,,,3.507e-20,3.966e-18,,4.615e-3,,,,,1.782e+1,8.012e-1,1.100e-17,1.429e-18,3.639e-10,1.715e-1,2.488e-8
327.09,1.519e+3,2.295e-21,2.100e-28,7.196e-46,,8.455e-17,,1.344e-20,1.742e-22,,1.252e-15,3.197e-2,2.542e-30,4.666e-18,2.615e-21,9.779e-14,,4.794e-23,6.797e-24,4.403e-2,2.433e-19,4.159e-34,1.181e-19,1.353e+3,1.337e-8,5.182e-20,7.372e-20,2.762e-1,1.335e-22,1.504e+2,1.885e-4,2.222e-26,3.738e-6,3.123e-23,1.409e-20,1.979e-17,4.737e-20,,,,,,2.408e-5,,,3.485e-20,3.967e-18,,3.512e-3,,,,,1.437e+1,8.304e-1,1.099e-17,1.429e-18,7.024e-10,2.304e-1,1.371e-8
327.12,1.578e+3,2.297e-21,2.109e-28,7.186e-46,,1.001e-16,,1.341e-20,1.741e-22,,1.252e-15,4.121e-2,2.553e-30,4.671e-18,2.596e-21,1.014e-13,,1.351e-22,1.028e-23,5.353e-2,2.438e-19,4.162e-34,1.207e-19,1.418e+3,1.969e-8,5.325e-20,7.375e-20,2.578e-1,1.344e-22,1.477e+2,9.826e-5,2.221e-26,6.805e-6,3.124e-23,1.408e-20,1.975e-17,4.751e-20,,,,,,1.269e-5,,,3.452e-20,3.968e-18,,2.300e-3,,,,,1.026e+1,8.645e-1,1.098e-17,1.430e-18,1.859e-9,3.542e-1,5.531e-9
327.14,1.607e+3,2.299e-21,2.114e-28,7.179e-46,,1.110e-16,,1.338e-20,1.740e-22,,1.253e-15,4.838e-2,2.560e-30,4.675e-18,2.584e-21,1.039e-13,,2.672e-22,1.343e-23,6.043e-2,2.441e-19,4.164e-34,1.224e-19,1.452e+3,2.526e-8,5.420e-20,7.377e-20,2.459e-1,1.350e-22,1.449e+2,6.306e-5,2.220e-26,1.006e-5,3.125e-23,1.407e-20,1.972e-17,4.760e-20,,,,,,8.209e-6,,,3.430e-20,3.969e-18,,1.720e-3,,,,,8.126e+0,8.800e-1,1.097e-17,1.431e-18,3.526e-9,4.677e-1,2.993e-9
327.17,1.635e+3,2.301e-21,2.123e-28,7.168e-46,,1.279e-16,,1.335e-20,1.739e-22,,1.254e-15,6.073e-2,2.570e-30,4.680e-18,2.565e-21,1.082e-13,,7.333e-22,1.977e-23,7.153e-2,2.447e-19,4.168e-34,1.250e-19,1.488e+3,3.622e-8,5.563e-20,7.380e-20,2.285e-1,1.359e-22,1.394e+2,3.199e-5,2.219e-26,1.783e-5,3.127e-23,1.405e-20,1.969e-17,4.774e-20,,,,,,4.212e-6,,,3.398e-20,3.971e-18,,1.096e-3,,,,,5.650e+0,8.919e-1,1.096e-17,1.431e-18,9.087e-9,7.010e-1,1.175e-9
327.19,1.642e+3,2.302e-21,2.128e-28,7.161e-46,,1.394e-16,,1.332e-20,1.738e-22,,1.254e-15,7.004e-2,2.577e-30,4.683e-18,2.553e-21,1.115e-13,,1.425e-21,2.536e-23,7.933e-2,2.450e-19,4.170e-34,1.268e-19,1.501e+3,4.565e-8,5.658e-20,7.382e-20,2.173e-1,1.365e-22,1.348e+2,2.017e-5,2.219e-26,2.589e-5,3.128e-23,1.404e-20,1.966e-17,4.783e-20,,,,,,2.676e-6,,,3.376e-20,3.972e-18,,8.050e-4,,,,,4.395e+0,8.919e-1,1.095e-17,1.432e-18,1.693e-8,9.104e-1,6.246e-10
327.22,1.637e+3,2.304e-21,2.137e-28,7.150e-46,,1.564e-16,,1.328e-20,1.737e-22,,1.255e-15,8.560e-2,2.588e-30,4.688e-18,2.534e-21,1.174e-13,,3.808e-21,3.637e-23,9.141e-2,2.455e-19,4.173e-34,1.294e-19,1.505e+3,6.374e-8,5.801e-20,7.385e-20,2.010e-1,1.373e-22,1.267e+2,9.959e-6,2.218e-26,4.469e-5,3.129e-23,1.402e-20,1.962e-17,4.797e-20,,,,,,1.336e-6,,,3.343e-20,3.973e-18,,4.996e-4,,,,,2.974e+0,8.800e-1,1.094e-17,1.433e-18,4.250e-8,1.331e+0,2.387e-10
327.24,1.624e+3,2.305e-21,2.143e-28,7.143e-46,,1.673e-16,,1.326e-20,1.736e-22,,1.255e-15,9.697e-2,2.595e-30,4.691e-18,2.521e-21,1.221e-13,,7.270e-21,4.583e-23,9.959e-2,2.458e-19,4.175e-34,1.311e-19,1.498e+3,7.891e-8,5.896e-20,7.387e-20,1.905e-1,1.379e-22,1.207e+2,6.167e-6,2.217e-26,6.375e-5,3.130e-23,1.401e-20,1.960e-17,4.806e-20,,,,,,8.337e-7,,,3.321e-20,3.974e-18,,3.603e-4,,,,,2.272e+0,8.645e-1,1.093e-17,1.433e-18,7.780e-8,1.700e+0,1.246e-10
327.27,1.590e+3,2.307e-21,2.151e-28,7.133e-46,,1.828e-16,,1.322e-20,1.735e-22,,1.256e-15,1.154e-1,2.605e-30,4.697e-18,2.503e-21,1.305e-13,,1.892e-20,6.398e-23,1.117e-1,2.463e-19,4.179e-34,1.337e-19,1.474e+3,1.073e-7,6.039e-20,7.390e-20,1.753e-1,1.388e-22,1.109e+2,2.964e-6,2.216e-26,1.072e-4,3.131e-23,1.399e-20,1.956e-17,4.820e-20,,,,,,4.053e-7,,,3.289e-20,3.976e-18,,2.177e-4,,,,,1.497e+0,8.304e-1,1.092e-17,1.434e-18,1.901e-7,2.425e+0,4.634e-11
327.29,1.561e+3,2.309e-21,2.157e-28,7.126e-46,,1.922e-16,,1.320e-20,1.734e-22,,1.257e-15,1.284e-1,2.612e-30,4.700e-18,2.490e-21,1.370e-13,,3.549e-20,7.921e-23,1.196e-1,2.467e-19,4.181e-34,1.355e-19,1.451e+3,1.305e-7,6.134e-20,7.392e-20,1.656e-1,1.394e-22,1.040e+2,1.803e-6,2.215e-26,1.502e-4,3.132e-23,1.398e-20,1.954e-17,4.829e-20,,,,,,2.483e-7,,,3.267e-20,3.977e-18,,1.542e-4,,,,,1.123e+0,8.012e-1,1.091e-17,1.434e-18,3.420e-7,3.048e+0,2.375e-11
327.32,1.509e+3,2.311e-21,2.165e-28,7.115e-46,,2.044e-16,,1.316e-20,1.733e-22,,1.257e-15,1.488e-1,2.623e-30,4.705e-18,2.471e-21,1.482e-13,,8.997e-20,1.077e-22,1.306e-1,2.472e-19,4.184e-34,1.381e-19,1.409e+3,1.727e-7,6.276e-20,7.395e-20,1.516e-1,1.403e-22,9.334e+1,8.437e-7,2.214e-26,2.458e-4,3.134e-23,1.397e-20,1.950e-17,4.843e-20,,,,,,1.175e-7,,,3.234e-20,3.978e-18,,9.066e-5,,,,,7.205e-1,7.493e-1,1.089e-17,1.435e-18,8.140e-7,4.245e+0,8.599e-12
327.34,1.471e+3,2.312e-21,2.171e-28,7.108e-46,,2.112e-16,,1.314e-20,1.732e-22,,1.258e-15,1.626e-1,2.630e-30,4.708e-18,2.459e-21,1.566e-13,,1.658e-19,1.310e-22,1.373e-1,2.475e-19,4.186e-34,1.398e-19,1.378e+3,2.063e-7,6.372e-20,7.397e-20,1.426e-1,1.409e-22,8.626e+1,5.040e-7,2.214e-26,3.383e-4,3.134e-23,1.396e-20,1.947e-17,4.853e-20,,,,,,7.072e-8,,,3.212e-20,3.979e-18,,6.307e-5,,,,,5.310e-1,7.102e-1,1.089e-17,1.435e-18,1.438e-6,5.252e+0,4.329e-12
327.36,1.434e+3,2.313e-21,2.176e-28,7.101e-46,,2.166e-16,,1.311e-20,1.731e-22,,1.258e-15,1.765e-1,2.637e-30,4.712e-18,2.446e-21,1.658e-13,,3.034e-19,1.581e-22,1.433e-1,2.478e-19,4.189e-34,1.416e-19,1.346e+3,2.448e-7,6.467e-20,7.399e-20,1.340e-1,1.415e-22,7.931e+1,2.989e-7,2.213e-26,4.625e-4,3.135e-23,1.394e-20,1.945e-17,4.862e-20,,,,,,4.225e-8,,,3.190e-20,3.980e-18,,4.356e-5,,,,,3.886e-1,6.683e-1,1.088e-17,1.436e-18,2.524e-6,6.458e+0,2.163e-12
327.39,1.379e+3,2.315e-21,2.185e-28,7.090e-46,,2.221e-16,,1.307e-20,1.730e-22,,1.259e-15,1.970e-1,2.647e-30,4.717e-18,2.428e-21,1.807e-13,,7.410e-19,2.071e-22,1.508e-1,2.483e-19,4.192e-34,1.442e-19,1.300e+3,3.121e-7,6.610e-20,7.402e-20,1.217e-1,1.424e-22,6.934e+1,1.347e-7,2.212e-26,7.292e-4,3.137e-23,1.393e-20,1.941e-17,4.876e-20,,,,,,1.925e-8,,,3.158e-20,3.982e-18,,2.467e-5,,,,,2.400e-1,6.020e-1,1.086e-17,1.437e-18,5.788e-6,8.705e+0,7.540e-13
327.41,1.347e+3,2.316e-21,2.191e-28,7.083e-46,,2.239e-16,,1.305e-20,1.729e-22,,1.260e-15,2.100e-1,2.654e-30,4.720e-18,2.415e-21,1.913e-13,,1.332e-18,2.456e-22,1.546e-1,2.487e-19,4.194e-34,1.459e-19,1.272e+3,3.637e-7,6.705e-20,7.404e-20,1.139e-1,1.430e-22,6.315e+1,7.847e-8,2.211e-26,9.792e-4,3.138e-23,1.392e-20,1.938e-17,4.885e-20,,,,,,1.130e-8,,,3.136e-20,3.983e-18,,1.674e-5,,,,,1.725e-1,5.565e-1,1.086e-17,1.437e-18,9.978e-6,1.054e+1,3.701e-13
327.44,1.308e+3,2.318e-21,2.199e-28,7.072e-46,,2.239e-16,,1.301e-20,1.728e-22,,1.260e-15,2.282e-1,2.665e-30,4.725e-18,2.397e-21,2.078e-13,,3.168e-18,3.132e-22,1.584e-1,2.492e-19,4.197e-34,1.485e-19,1.238e+3,4.515e-7,6.847e-20,7.407e-20,1.029e-1,1.439e-22,5.473e+1,3.442e-8,2.210e-26,1.503e-3,3.139e-23,1.390e-20,1.935e-17,4.899e-20,,,,,,5.010e-9,,,3.103e-20,3.984e-18,,9.226e-6,,,,,1.037e-1,4.880e-1,1.084e-17,1.438e-18,2.229e-5,1.389e+1,1.255e-13
327.46,1.289e+3,2.320e-21,2.205e-28,7.065e-46,,2.222e-16,,1.299e-20,1.727e-22,,1.261e-15,2.390e-1,2.671e-30,4.728e-18,2.384e-21,2.189e-13,,5.596e-18,3.650e-22,1.595e-1,2.495e-19,4.200e-34,1.503e-19,1.222e+3,5.170e-7,6.943e-20,7.409e-20,9.602e-2,1.444e-22,4.980e+1,1.970e-8,2.209e-26,1.983e-3,3.140e-23,1.389e-20,1.932e-17,4.908e-20,,,,,,2.888e-9,,,3.081e-20,3.985e-18,,6.147e-6,,,,,7.322e-2,4.431e-1,1.083e-17,1.438e-18,3.774e-5,1.658e+1,6.052e-14
327.49,1.276e+3,2.322e-21,2.213e-28,7.055e-46,,2.173e-16,,1.295e-20,1.725e-22,,1.262e-15,2.528e-1,2.682e-30,4.734e-18,2.365e-21,2.355e-13,,1.296e-17,4.530e-22,1.591e-1,2.500e-19,4.203e-34,1.529e-19,1.210e+3,6.249e-7,7.085e-20,7.412e-20,8.647e-2,1.453e-22,4.356e+1,8.410e-9,2.208e-26,2.965e-3,3.141e-23,1.387e-20,1.928e-17,4.922e-20,,,,,,1.246e-9,,,3.049e-20,3.987e-18,,3.299e-6,,,,,4.285e-2,3.783e-1,1.082e-17,1.439e-18,8.209e-5,2.137e+1,1.998e-14
327.51,1.278e+3,2.323e-21,2.219e-28,7.048e-46,,2.129e-16,,1.293e-20,1.725e-22,,1.262e-15,2.601e-1,2.689e-30,4.737e-18,2.353e-21,2.461e-13,,2.250e-17,5.186e-22,1.574e-1,2.503e-19,4.205e-34,1.546e-19,1.212e+3,7.028e-7,7.181e-20,7.414e-20,8.061e-2,1.459e-22,4.024e+1,4.727e-9,2.208e-26,3.843e-3,3.142e-23,1.386e-20,1.926e-17,4.931e-20,,,,,,7.056e-10,,,3.027e-20,3.988e-18,,2.159e-6,,,,,2.971e-2,3.374e-1,1.081e-17,1.440e-18,1.366e-4,2.514e+1,9.459e-15
327.54,1.297e+3,2.325e-21,2.227e-28,7.037e-46,,2.053e-16,,1.289e-20,1.723e-22,,1.263e-15,2.679e-1,2.699e-30,4.742e-18,2.334e-21,2.609e-13,,5.075e-17,6.269e-22,1.528e-1,2.508e-19,4.208e-34,1.572e-19,1.228e+3,8.271e-7,7.323e-20,7.417e-20,7.258e-2,1.468e-22,3.656e+1,1.965e-9,2.207e-26,5.594e-3,3.143e-23,1.385e-20,1.922e-17,4.945e-20,,,,,,2.965e-10,,,2.994e-20,3.989e-18,,1.128e-6,,,,,1.693e-2,2.804e-1,1.080e-17,1.440e-18,2.893e-4,3.174e+1,3.040e-15
327.56,1.321e+3,2.326e-21,2.233e-28,7.030e-46,,2.001e-16,,1.286e-20,1.722e-22,,1.263e-15,2.708e-1,2.706e-30,4.745e-18,2.322e-21,2.699e-13,,8.652e-17,7.050e-22,1.485e-1,2.512e-19,4.211e-34,1.590e-19,1.248e+3,9.137e-7,7.418e-20,7.419e-20,6.775e-2,1.474e-22,3.501e+1,1.085e-9,2.206e-26,7.122e-3,3.144e-23,1.383e-20,1.920e-17,4.954e-20,,,,,,1.648e-10,,,2.972e-20,3.990e-18,,7.248e-7,,,,,1.153e-2,2.457e-1,1.079e-17,1.441e-18,4.730e-4,3.683e+1,1.413e-15
327.59,1.372e+3,2.328e-21,2.241e-28,7.019e-46,,1.938e-16,,1.283e-20,1.721e-22,,1.264e-15,2.715e-1,2.717e-30,4.750e-18,2.303e-21,2.814e-13,,1.901e-16,8.296e-22,1.404e-1,2.517e-19,4.214e-34,1.616e-19,1.292e+3,1.047e-6,7.561e-20,7.422e-20,6.124e-2,1.483e-22,3.404e+1,4.389e-10,2.205e-26,1.010e-2,3.146e-23,1.382e-20,1.916e-17,4.968e-20,,,,,,6.740e-11,,,2.940e-20,3.992e-18,,3.685e-7,,,,,6.394e-3,1.988e-1,1.078e-17,1.441e-18,9.756e-4,4.558e+1,4.420e-16
327.61,1.416e+3,2.330e-21,2.247e-28,7.012e-46,,1.917e-16,,1.280e-20,1.720e-22,,1.265e-15,2.696e-1,2.724e-30,4.754e-18,2.290e-21,2.877e-13,,3.184e-16,9.166e-22,1.341e-1,2.520e-19,4.216e-34,1.633e-19,1.329e+3,1.136e-6,7.656e-20,7.424e-20,5.739e-2,1.489e-22,3.429e+1,2.379e-10,2.204e-26,1.263e-2,3.147e-23,1.381e-20,1.913e-17,4.977e-20,,,,,,3.680e-11,,,2.918e-20,3.993e-18,,2.327e-7,,,,,4.277e-3,1.711e-1,1.077e-17,1.442e-18,1.567e-3,5.219e+1,2.018e-16
327.64,1.494e+3,2.332e-21,2.256e-28,7.002e-46,,1.941e-16,,1.277e-20,1.719e-22,,1.265e-15,2.632e-1,2.734e-30,4.759e-18,2.272e-21,2.947e-13,,6.812e-16,1.050e-21,1.234e-1,2.525e-19,4.219e-34,1.659e-19,1.395e+3,1.268e-6,7.799e-20,7.427e-20,5.229e-2,1.498e-22,3.596e+1,9.372e-11,2.203e-26,1.743e-2,3.148e-23,1.379e-20,1.910e-17,4.991e-20,,,,,,1.465e-11,,,2.885e-20,3.994e-18,,1.152e-7,,,,,2.309e-3,1.348e-1,1.076e-17,1.443e-18,3.147e-3,6.333e+1,6.143e-17
327.66,1.553e+3,2.333e-21,2.261e-28,6.995e-46,,2.013e-16,,1.274e-20,1.718e-22,,1.266e-15,2.567e-1,2.741e-30,4.762e-18,2.259e-21,2.976e-13,,1.121e-15,1.140e-21,1.158e-1,2.528e-19,4.221e-34,1.677e-19,1.443e+3,1.352e-6,7.894e-20,7.429e-20,4.931e-2,1.504e-22,3.789e+1,4.991e-11,2.203e-26,2.141e-2,3.149e-23,1.378e-20,1.907e-17,5.000e-20,,,,,,7.857e-12,,,2.863e-20,3.995e-18,,7.141e-8,,,,,1.517e-3,1.139e-1,1.075e-17,1.443e-18,4.967e-3,7.160e+1,2.755e-17
327.69,1.648e+3,2.335e-21,2.270e-28,6.984e-46,,2.249e-16,,1.270e-20,1.717e-22,,1.267e-15,2.440e-1,2.752e-30,4.767e-18,2.241e-21,2.993e-13,,2.336e-15,1.272e-21,1.038e-1,2.533e-19,4.225e-34,1.703e-19,1.521e+3,1.468e-6,8.037e-20,7.432e-20,4.538e-2,1.512e-22,4.194e+1,1.914e-11,2.202e-26,2.878e-2,3.150e-23,1.376e-20,1.903e-17,5.014e-20,,,,,,3.044e-12,,,2.831e-20,3.996e-18,,3.441e-8,,,,,7.972e-4,8.737e-2,1.074e-17,1.444e-18,9.715e-3,8.526e+1,8.161e-18
327.71,1.714e+3,2.336e-21,2.275e-28,6.977e-46,,2.524e-16,,1.268e-20,1.716e-22,,1.267e-15,2.337e-1,2.759e-30,4.770e-18,2.228e-21,2.986e-13,,3.777e-15,1.356e-21,9.571e-2,2.537e-19,4.227e-34,1.720e-19,1.573e+3,1.538e-6,8.132e-20,7.434e-20,4.308e-2,1.518e-22,4.534e+1,1.001e-11,2.201e-26,3.474e-2,3.151e-23,1.375e-20,1.901e-17,5.023e-20,,,,,,1.603e-12,,,2.809e-20,3.997e-18,,2.096e-8,,,,,5.145e-4,7.255e-2,1.073e-17,1.444e-18,1.506e-2,9.521e+1,8.161e-18
327.73,1.780e+3,2.338e-21,2.281e-28,6.970e-46,,2.927e-16,,1.265e-20,1.715e-22,,1.268e-15,2.224e-1,2.766e-30,4.774e-18,2.216e-21,2.965e-13,,6.064e-15,1.435e-21,8.764e-2,2.540e-19,4.229e-34,1.738e-19,1.625e+3,1.599e-6,8.227e-20,7.436e-20,4.099e-2,1.524e-22,4.925e+1,5.199e-12,2.200e-26,4.164e-2,3.152e-23,1.374e-20,1.898e-17,5.033e-20,,,,,,8.385e-13,,,2.787e-20,3.998e-18,,1.267e-8,,,,,3.297e-4,5.982e-2,1.072e-17,1.445e-18,2.319e-2,1.058e+2,8.162e-18
327.76,1.877e+3,2.340e-21,2.290e-28,6.959e-46,,3.848e-16,,1.262e-20,1.714e-22,,1.268e-15,2.036e-1,2.776e-30,4.779e-18,2.197e-21,2.908e-13,,1.217e-14,1.542e-21,7.586e-2,2.545e-19,4.232e-34,1.764e-19,1.698e+3,1.674e-6,8.370e-20,7.439e-20,3.818e-2,1.533e-22,5.592e+1,1.920e-12,2.199e-26,5.391e-2,3.153e-23,1.372e-20,1.895e-17,5.046e-20,,,,,,3.128e-13,,,2.754e-20,4.000e-18,,5.879e-9,,,,,1.668e-4,4.419e-2,1.070e-17,1.446e-18,4.370e-2,1.228e+2,8.163e-18
327.78,1.939e+3,2.341e-21,2.295e-28,6.952e-46,,4.741e-16,,1.259e-20,1.713e-22,,1.269e-15,1.902e-1,2.783e-30,4.782e-18,2.184e-21,2.854e-13,,1.920e-14,1.604e-21,6.837e-2,2.548e-19,4.235e-34,1.781e-19,1.742e+3,1.710e-6,8.465e-20,7.441e-20,3.647e-2,1.539e-22,6.081e+1,9.792e-13,2.199e-26,6.348e-2,3.154e-23,1.371e-20,1.892e-17,5.056e-20,,,,,,1.607e-13,,,2.732e-20,4.001e-18,,3.492e-9,,,,,1.050e-4,3.579e-2,1.070e-17,1.446e-18,6.610e-2,1.348e+2,8.164e-18
327.81,2.022e+3,2.343e-21,2.304e-28,6.941e-46,,6.640e-16,,1.256e-20,1.712e-22,,1.270e-15,1.696e-1,2.794e-30,4.787e-18,2.166e-21,2.751e-13,,3.754e-14,1.679e-21,5.790e-2,2.554e-19,4.238e-34,1.807e-19,1.799e+3,1.742e-6,8.608e-20,7.444e-20,3.407e-2,1.548e-22,6.865e+1,3.519e-13,2.198e-26,8.003e-2,3.156e-23,1.370e-20,1.888e-17,5.069e-20,,,,,,5.834e-14,,,2.700e-20,4.002e-18,,1.577e-9,,,,,5.173e-5,2.573e-2,1.068e-17,1.447e-18,1.213e-1,1.537e+2,8.165e-18
327.83,2.070e+3,2.344e-21,2.309e-28,6.934e-46,,8.382e-16,,1.253e-20,1.711e-22,,1.270e-15,1.557e-1,2.801e-30,4.791e-18,2.153e-21,2.669e-13,,5.818e-14,1.715e-21,5.153e-2,2.557e-19,4.240e-34,1.825e-19,1.829e+3,1.748e-6,8.703e-20,7.446e-20,3.254e-2,1.554e-22,7.410e+1,1.763e-13,2.197e-26,9.258e-2,3.157e-23,1.369e-20,1.886e-17,5.079e-20,,,,,,2.943e-14,,,2.678e-20,4.003e-18,,9.199e-10,,,,,3.198e-5,2.047e-2,1.067e-17,1.447e-18,1.803e-1,1.667e+2,8.166e-18
327.86,2.131e+3,2.346e-21,2.318e-28,6.924e-46,,1.193e-15,,1.249e-20,1.710e-22,,1.271e-15,1.351e-1,2.811e-30,4.796e-18,2.134e-21,2.531e-13,,1.108e-13,1.747e-21,4.304e-2,2.562e-19,4.243e-34,1.851e-19,1.861e+3,1.734e-6,8.846e-20,7.449e-20,3.030e-2,1.563e-22,8.241e+1,6.170e-14,2.196e-26,1.137e-1,3.158e-23,1.367e-20,1.882e-17,5.093e-20,,,,,,1.040e-14,,,2.645e-20,4.005e-18,,4.044e-10,,,,,1.533e-5,1.433e-2,1.066e-17,1.448e-18,3.222e-1,1.866e+2,8.167e-18
327.88,2.161e+3,2.348e-21,2.323e-28,6.917e-46,,1.506e-15,,1.247e-20,1.709e-22,,1.271e-15,1.218e-1,2.818e-30,4.799e-18,2.122e-21,2.429e-13,,1.687e-13,1.753e-21,3.815e-2,2.565e-19,4.246e-34,1.868e-19,1.873e+3,1.710e-6,8.941e-20,7.451e-20,2.882e-2,1.569e-22,8.795e+1,3.036e-14,2.195e-26,1.292e-1,3.159e-23,1.366e-20,1.879e-17,5.102e-20,,,,,,5.153e-15,,,2.623e-20,4.006e-18,,2.317e-10,,,,,9.310e-6,1.120e-2,1.065e-17,1.449e-18,4.704e-1,2.000e+2,8.168e-18
327.91,2.193e+3,2.350e-21,2.332e-28,6.906e-46,,2.123e-15,,1.243e-20,1.708e-22,,1.272e-15,1.029e-1,2.829e-30,4.804e-18,2.103e-21,2.267e-13,,3.128e-13,1.740e-21,3.205e-2,2.570e-19,4.249e-34,1.894e-19,1.876e+3,1.651e-6,9.084e-20,7.454e-20,2.658e-2,1.578e-22,9.605e+1,1.034e-14,2.194e-26,1.544e-1,3.160e-23,1.364e-20,1.876e-17,5.116e-20,,,,,,1.773e-15,,,2.591e-20,4.007e-18,,9.915e-11,,,,,4.346e-6,7.634e-3,1.064e-17,1.449e-18,8.188e-1,2.198e+2,8.169e-18
327.93,2.203e+3,2.351e-21,2.338e-28,6.899e-46,4.681e-21,2.652e-15,,1.241e-20,1.707e-22,,1.273e-15,9.119e-2,2.836e-30,4.807e-18,2.091e-21,2.153e-13,,4.679e-13,1.715e-21,2.886e-2,2.574e-19,4.251e-34,1.912e-19,1.868e+3,1.599e-6,9.179e-20,7.456e-20,2.508e-2,1.583e-22,1.012e+2,4.998e-15,2.194e-26,1.723e-1,3.161e-23,1.363e-20,1.873e-17,5.125e-20,,,,,,8.627e-16,,,2.569e-20,4.008e-18,,5.580e-11,,,,,2.592e-6,5.860e-3,1.063e-17,1.450e-18,1.174e+0,2.326e+2,8.170e-18
327.96,2.204e+3,2.353e-21,2.346e-28,6.888e-46,1.566e-20,3.664e-15,,1.237e-20,1.705e-22,,1.274e-15,7.502e-2,2.846e-30,4.812e-18,2.072e-21,1.977e-13,,8.449e-13,1.657e-21,2.541e-2,2.579e-19,4.254e-34,1.938e-19,1.843e+3,1.504e-6,9.322e-20,7.459e-20,2.280e-2,1.592e-22,1.086e+2,1.657e-15,2.193e-26,2.006e-1,3.162e-23,1.361e-20,1.869e-17,5.139e-20,,,,,,2.889e-16,,,2.536e-20,4.010e-18,,2.324e-11,,,,,1.178e-6,3.888e-3,1.062e-17,1.450e-18,1.991e+0,2.508e+2,8.171e-18
327.98,2.196e+3,2.354e-21,2.352e-28,6.881e-46,3.473e-20,4.510e-15,,1.235e-20,1.705e-22,,1.274e-15,6.528e-2,2.853e-30,4.816e-18,2.060e-21,1.857e-13,,1.242e-12,1.605e-21,2.404e-2,2.582e-19,4.257e-34,1.955e-19,1.817e+3,1.431e-6,9.417e-20,7.461e-20,2.127e-2,1.598e-22,1.131e+2,7.867e-16,2.192e-26,2.200e-1,3.163e-23,1.360e-20,1.867e-17,5.148e-20,,,,,,1.381e-16,,,2.514e-20,4.011e-18,,1.285e-11,,,,,6.899e-7,2.932e-3,1.061e-17,1.451e-18,2.805e+0,2.620e+2,8.172e-18
328.01,2.169e+3,2.356e-21,2.360e-28,6.871e-46,1.185e-19,6.081e-15,,1.231e-20,1.703e-22,,1.275e-15,5.229e-2,2.864e-30,4.821e-18,2.041e-21,1.678e-13,,2.184e-12,1.510e-21,2.343e-2,2.587e-19,4.260e-34,1.981e-19,1.768e+3,1.310e-6,9.560e-20,7.464e-20,1.898e-2,1.607e-22,1.193e+2,2.539e-16,2.191e-26,2.493e-1,3.165e-23,1.359e-20,1.863e-17,5.162e-20,,,,,,4.500e-17,,,2.481e-20,4.012e-18,,5.209e-12,,,,,3.051e-7,1.894e-3,1.060e-17,1.452e-18,4.631e+0,2.770e+2,8.173e-18
328.03,2.144e+3,2.358e-21,2.366e-28,6.864e-46,2.584e-19,7.360e-15,,1.228e-20,1.702e-22,,1.275e-15,4.469e-2,2.871e-30,4.824e-18,2.028e-21,1.560e-13,,3.153e-12,1.438e-21,2.401e-2,2.590e-19,4.262e-34,1.999e-19,1.729e+3,1.225e-6,9.655e-20,7.465e-20,1.747e-2,1.613e-22,1.230e+2,1.184e-16,2.190e-26,2.687e-1,3.166e-23,1.357e-20,1.861e-17,5.171e-20,,,,,,2.112e-17,,,2.460e-20,4.013e-18,,2.828e-12,,,,,1.756e-7,1.403e-3,1.059e-17,1.452e-18,6.411e+0,2.856e+2,8.174e-18
328.06,2.097e+3,2.360e-21,2.374e-28,6.853e-46,8.214e-19,9.673e-15,,1.225e-20,1.701e-22,,1.276e-15,3.485e-2,2.881e-30,4.829e-18,2.010e-21,1.387e-13,,5.400e-12,1.318e-21,2.644e-2,2.595e-19,4.265e-34,2.025e-19,1.663e+3,1.092e-6,9.798e-20,7.468e-20,1.526e-2,1.622e-22,1.281e+2,3.719e-17,2.189e-26,2.965e-1,3.167e-23,1.356e-20,1.857e-17,5.185e-20,,,,,,6.701e-18,,,2.427e-20,4.015e-18,,1.116e-12,,,,,7.560e-8,8.823e-4,1.058e-17,1.453e-18,1.031e+1,2.959e+2,8.175e-18
328.08,2.061e+3,2.361e-21,2.380e-28,6.846e-46,1.760e-18,1.150e-14,,1.222e-20,1.700e-22,,1.277e-15,2.927e-2,2.888e-30,4.833e-18,1.997e-21,1.274e-13,,7.661e-12,1.233e-21,2.912e-2,2.599e-19,4.268e-34,2.042e-19,1.615e+3,1.002e-6,9.893e-20,7.470e-20,1.384e-2,1.628e-22,1.311e+2,1.703e-17,2.189e-26,3.138e-1,3.168e-23,1.355e-20,1.854e-17,5.194e-20,,,,,,3.089e-18,,,2.405e-20,4.016e-18,,5.952e-13,,,,,4.272e-8,6.419e-4,1.057e-17,1.453e-18,1.402e+1,3.008e+2,8.176e-18
328.1,2.023e+3,2.362e-21,2.386e-28,6.839e-46,3.746e-18,1.359e-14,,1.220e-20,1.699e-22,,1.277e-15,2.440e-2,2.895e-30,4.836e-18,1.985e-21,1.166e-13,,1.079e-11,1.147e-21,3.270e-2,2.602e-19,4.270e-34,2.059e-19,1.565e+3,9.137e-7,9.988e-20,7.472e-20,1.248e-2,1.634e-22,1.341e+2,7.746e-18,2.188e-26,3.298e-1,3.169e-23,1.354e-20,1.852e-17,5.203e-20,,,,,,1.414e-18,,,2.383e-20,4.017e-18,,3.151e-13,,,,,2.397e-8,4.637e-4,1.056e-17,1.454e-18,1.893e+1,3.041e+2,8.176e-18
328.13,1.963e+3,2.364e-21,2.394e-28,6.828e-46,1.148e-17,1.721e-14,,1.216e-20,1.698e-22,,1.278e-15,1.833e-2,2.906e-30,4.841e-18,1.966e-21,1.011e-13,,1.781e-11,1.016e-21,3.979e-2,2.607e-19,4.273e-34,2.086e-19,1.489e+3,7.847e-7,1.013e-19,7.475e-20,1.055e-2,1.643e-22,1.383e+2,2.343e-18,2.187e-26,3.506e-1,3.170e-23,1.352e-20,1.848e-17,5.217e-20,,,,,,4.319e-19,,,2.351e-20,4.018e-18,,1.198e-13,,,,,9.939e-9,2.809e-4,1.055e-17,1.455e-18,2.933e+1,3.058e+2,8.178e-18
328.15,1.923e+3,2.366e-21,2.400e-28,6.821e-46,2.401e-17,1.997e-14,,1.214e-20,1.697e-22,,1.278e-15,1.501e-2,2.913e-30,4.844e-18,1.953e-21,9.140e-14,,2.465e-11,9.304e-22,4.571e-2,2.610e-19,4.275e-34,2.103e-19,1.438e+3,7.028e-7,1.023e-19,7.477e-20,9.351e-3,1.649e-22,1.412e+2,1.047e-18,2.186e-26,3.620e-1,3.171e-23,1.351e-20,1.846e-17,5.226e-20,,,,,,1.942e-19,,,2.329e-20,4.019e-18,,6.228e-14,,,,,5.477e-9,1.993e-4,1.054e-17,1.455e-18,3.892e+1,3.047e+2,8.178e-18
328.18,1.869e+3,2.368e-21,2.408e-28,6.810e-46,7.166e-17,2.464e-14,,1.210e-20,1.696e-22,,1.279e-15,1.098e-2,2.923e-30,4.849e-18,1.935e-21,7.780e-14,,3.961e-11,8.076e-22,5.642e-2,2.615e-19,4.279e-34,2.129e-19,1.365e+3,5.876e-7,1.037e-19,7.480e-20,7.711e-3,1.657e-22,1.459e+2,2.321e-19,2.185e-26,3.748e-1,3.172e-23,1.349e-20,1.842e-17,5.240e-20,,,,,,5.773e-20,,,2.296e-20,4.021e-18,,2.304e-14,,,,,2.211e-9,1.175e-4,1.052e-17,1.456e-18,5.870e+1,2.996e+2,8.179e-18
328.2,1.839e+3,2.369e-21,2.414e-28,6.803e-46,1.473e-16,2.809e-14,,1.208e-20,1.695e-22,,1.280e-15,8.833e-3,2.930e-30,4.853e-18,1.922e-21,6.942e-14,,5.387e-11,7.312e-22,6.478e-2,2.619e-19,4.281e-34,2.146e-19,1.319e+3,5.170e-7,1.046e-19,7.482e-20,6.723e-3,1.663e-22,1.494e+2,2.319e-19,2.185e-26,3.801e-1,3.173e-23,1.348e-20,1.839e-17,5.249e-20,,,,,,2.549e-20,,,2.274e-20,4.022e-18,,1.177e-14,,,,,1.197e-9,8.194e-5,1.052e-17,1.456e-18,7.653e+1,2.940e+2,8.180e-18
328.23,1.807e+3,2.371e-21,2.422e-28,6.793e-46,4.282e-16,3.375e-14,,1.204e-20,1.694e-22,,1.280e-15,6.289e-3,2.941e-30,4.858e-18,1.904e-21,5.793e-14,,8.430e-11,6.273e-22,7.914e-2,2.624e-19,4.284e-34,2.173e-19,1.256e+3,4.209e-7,1.061e-19,7.485e-20,5.404e-3,1.672e-22,1.556e+2,2.317e-19,2.184e-26,3.832e-1,3.175e-23,1.346e-20,1.835e-17,5.263e-20,,,,,,2.727e-20,,,2.242e-20,4.023e-18,,4.238e-15,,,,,4.702e-10,4.707e-5,1.050e-17,1.457e-18,1.124e+2,2.826e+2,8.181e-18
328.25,1.797e+3,2.372e-21,2.428e-28,6.786e-46,8.647e-16,3.780e-14,,1.201e-20,1.693e-22,,1.281e-15,4.971e-3,2.948e-30,4.861e-18,1.891e-21,5.099e-14,,1.126e-10,5.663e-22,8.987e-2,2.627e-19,4.286e-34,2.190e-19,1.219e+3,3.637e-7,1.070e-19,7.487e-20,4.632e-3,1.678e-22,1.605e+2,2.316e-19,2.183e-26,3.818e-1,3.176e-23,1.345e-20,1.833e-17,5.272e-20,,,,,,2.846e-20,,,2.220e-20,4.024e-18,,2.126e-15,,,,,2.500e-10,3.226e-5,1.049e-17,1.457e-18,1.440e+2,2.731e+2,8.182e-18
328.28,1.805e+3,2.374e-21,2.436e-28,6.775e-46,2.449e-15,4.422e-14,,1.198e-20,1.692e-22,,1.282e-15,3.446e-3,2.958e-30,4.866e-18,1.872e-21,4.167e-14,,1.716e-10,4.890e-22,1.076e-1,2.632e-19,4.290e-34,2.216e-19,1.173e+3,2.883e-7,1.084e-19,7.490e-20,3.628e-3,1.687e-22,1.691e+2,2.314e-19,2.182e-26,3.748e-1,3.177e-23,1.344e-20,1.829e-17,5.286e-20,,,,,,3.025e-20,,,2.187e-20,4.026e-18,,7.452e-16,,,,,9.562e-11,1.813e-5,1.048e-17,1.458e-18,2.060e+2,2.563e+2,8.183e-18
328.3,1.829e+3,2.375e-21,2.442e-28,6.768e-46,4.860e-15,4.866e-14,,1.195e-20,1.691e-22,,1.282e-15,2.675e-3,2.965e-30,4.870e-18,1.860e-21,3.617e-14,,2.253e-10,4.478e-22,1.203e-1,2.635e-19,4.292e-34,2.233e-19,1.150e+3,2.448e-7,1.094e-19,7.492e-20,3.056e-3,1.693e-22,1.759e+2,2.313e-19,2.181e-26,3.669e-1,3.178e-23,1.343e-20,1.827e-17,5.296e-20,,,,,,3.144e-20,,,2.165e-20,4.027e-18,,3.672e-16,,,,,4.993e-11,1.232e-5,1.047e-17,1.459e-18,2.592e+2,2.438e+2,8.184e-18
328.33,1.900e+3,2.377e-21,2.451e-28,6.757e-46,1.341e-14,5.543e-14,,1.191e-20,1.690e-22,,1.283e-15,1.806e-3,2.976e-30,4.875e-18,1.841e-21,2.892e-14,,3.344e-10,4.023e-22,1.406e-1,2.640e-19,4.295e-34,2.260e-19,1.128e+3,1.889e-7,1.108e-19,7.495e-20,2.332e-3,1.702e-22,1.876e+2,2.311e-19,2.180e-26,3.506e-1,3.179e-23,1.341e-20,1.823e-17,5.309e-20,,,,,,3.322e-20,,,2.132e-20,4.028e-18,,1.253e-16,,,,,1.859e-11,7.017e-6,1.046e-17,1.459e-18,3.611e+2,2.234e+2,8.185e-18
328.35,1.974e+3,2.379e-21,2.456e-28,6.750e-46,2.615e-14,5.992e-14,,1.189e-20,1.689e-22,,1.283e-15,1.377e-3,2.983e-30,4.878e-18,1.829e-21,2.472e-14,,4.313e-10,3.834e-22,1.546e-1,2.644e-19,4.297e-34,2.277e-19,1.121e+3,1.576e-7,1.118e-19,7.497e-20,1.930e-3,1.708e-22,1.965e+2,2.310e-19,2.179e-26,3.372e-1,3.180e-23,1.340e-20,1.820e-17,5.319e-20,,,,,,3.441e-20,,,2.111e-20,4.029e-18,,6.064e-17,,,,,9.535e-12,5.030e-6,1.045e-17,1.460e-18,4.464e+2,2.090e+2,8.186e-18
328.38,2.130e+3,2.381e-21,2.465e-28,6.740e-46,7.028e-14,6.647e-14,,1.185e-20,1.688e-22,,1.284e-15,9.050e-4,2.993e-30,4.883e-18,1.810e-21,1.932e-14,,6.233e-10,3.725e-22,1.760e-1,2.649e-19,4.301e-34,2.303e-19,1.126e+3,1.184e-7,1.132e-19,7.500e-20,1.434e-3,1.717e-22,2.113e+2,2.308e-19,2.178e-26,3.138e-1,3.181e-23,1.338e-20,1.817e-17,5.332e-20,,,,,,3.620e-20,,,2.078e-20,4.031e-18,,2.014e-17,,,,,3.456e-12,3.629e-6,1.044e-17,1.461e-18,6.056e+2,1.869e+2,8.187e-18
328.4,2.269e+3,2.382e-21,2.470e-28,6.733e-46,1.347e-13,7.059e-14,,1.183e-20,1.687e-22,,1.285e-15,6.780e-4,3.000e-30,4.886e-18,1.797e-21,1.627e-14,,7.898e-10,3.772e-22,1.902e-1,2.652e-19,4.303e-34,5.150e-19,1.139e+3,9.701e-8,1.142e-19,7.502e-20,1.166e-3,1.723e-22,2.220e+2,2.307e-19,2.178e-26,2.965e-1,3.182e-23,1.337e-20,1.814e-17,5.342e-20,,,,,,3.739e-20,,,2.056e-20,4.032e-18,,9.573e-18,,,,,1.741e-12,3.544e-6,1.043e-17,1.461e-18,7.356e+2,1.720e+2,8.188e-18
328.43,2.534e+3,2.384e-21,2.479e-28,6.722e-46,3.526e-13,7.625e-14,,1.179e-20,1.685e-22,,1.285e-15,4.338e-4,3.010e-30,4.891e-18,1.779e-21,1.242e-14,,1.112e-9,4.022e-22,2.110e-1,2.657e-19,4.306e-34,1.699e-18,1.173e+3,7.098e-8,1.156e-19,7.505e-20,8.439e-4,1.731e-22,2.392e+2,2.305e-19,2.177e-26,2.687e-1,3.184e-23,1.335e-20,1.810e-17,5.356e-20,,,,,,3.917e-20,,,2.023e-20,4.033e-18,,3.095e-18,,,,,6.143e-13,4.663e-6,1.042e-17,1.462e-18,9.718e+2,1.500e+2,8.189e-18
328.45,2.752e+3,2.385e-21,2.485e-28,6.715e-46,6.639e-13,7.956e-14,,1.177e-20,1.685e-22,,1.286e-15,3.192e-4,3.017e-30,4.895e-18,1.766e-21,1.030e-14,,1.384e-9,4.308e-22,2.241e-1,2.661e-19,4.308e-34,3.734e-18,1.204e+3,5.713e-8,1.165e-19,7.507e-20,6.742e-4,1.737e-22,2.512e+2,2.303e-19,2.176e-26,2.493e-1,3.185e-23,1.334e-20,1.808e-17,5.365e-20,,,,,,4.036e-20,,,2.002e-20,4.034e-18,,1.445e-18,,,,,3.040e-13,6.408e-6,1.041e-17,1.462e-18,1.160e+3,1.357e+2,8.190e-18
328.48,3.142e+3,2.387e-21,2.493e-28,6.704e-46,1.693e-12,8.369e-14,,1.173e-20,1.683e-22,,1.287e-15,1.989e-4,3.028e-30,4.900e-18,1.747e-21,7.678e-15,,1.897e-9,4.912e-22,2.420e-1,2.666e-19,4.311e-34,1.200e-17,1.265e+3,4.070e-8,1.180e-19,7.510e-20,4.751e-4,1.746e-22,2.693e+2,2.301e-19,2.175e-26,2.200e-1,3.186e-23,1.333e-20,1.804e-17,5.379e-20,,,,,,4.215e-20,,,1.969e-20,4.036e-18,,4.548e-19,,,,,1.044e-13,1.119e-5,1.040e-17,1.463e-18,1.492e+3,1.154e+2,8.191e-18
328.5,3.447e+3,2.389e-21,2.499e-28,6.697e-46,3.133e-12,8.579e-14,,1.170e-20,1.682e-22,,1.287e-15,1.438e-4,3.035e-30,4.903e-18,1.735e-21,6.265e-15,,2.320e-9,5.428e-22,2.525e-1,2.669e-19,4.314e-34,2.592e-17,1.313e+3,3.218e-8,1.189e-19,7.512e-20,3.729e-4,3.889e-22,2.813e+2,2.300e-19,2.174e-26,2.006e-1,3.187e-23,1.331e-20,1.802e-17,5.388e-20,,,,,,4.334e-20,,,1.947e-20,4.037e-18,,2.086e-19,,,,,5.074e-14,1.651e-5,1.039e-17,1.464e-18,1.749e+3,1.027e+2,8.192e-18
328.52,3.787e+3,2.390e-21,2.504e-28,6.690e-46,5.758e-12,8.732e-14,,1.168e-20,1.682e-22,,1.288e-15,1.032e-4,3.042e-30,4.907e-18,1.723e-21,5.083e-15,,2.818e-9,6.031e-22,2.616e-1,2.672e-19,4.316e-34,5.557e-17,1.366e+3,2.526e-8,1.199e-19,7.514e-20,2.906e-4,8.601e-22,2.928e+2,2.299e-19,2.174e-26,1.816e-1,3.188e-23,1.330e-20,1.799e-17,5.397e-20,,,,,,4.453e-20,,,1.925e-20,4.038e-18,,9.495e-20,,,,,2.448e-14,2.436e-5,1.038e-17,1.464e-18,2.037e+3,9.075e+1,8.193e-18
328.55,4.361e+3,2.392e-21,2.513e-28,6.679e-46,1.416e-11,8.849e-14,,1.164e-20,1.680e-22,,1.288e-15,6.192e-5,3.052e-30,4.912e-18,1.704e-21,3.677e-15,,3.722e-9,7.087e-22,2.722e-1,2.677e-19,4.319e-34,1.722e-16,1.453e+3,1.733e-8,1.213e-19,7.517e-20,1.973e-4,2.792e-21,3.090e+2,2.297e-19,2.173e-26,1.544e-1,3.189e-23,1.329e-20,1.795e-17,5.411e-20,,,,,,4.631e-20,,,1.893e-20,4.039e-18,,2.878e-20,,,,,8.097e-15,4.330e-5,1.037e-17,1.465e-18,2.525e+3,7.443e+1,8.194e-18
328.57,4.785e+3,2.393e-21,2.518e-28,6.672e-46,2.556e-11,8.849e-14,,1.162e-20,1.679e-22,,1.289e-15,4.366e-5,3.059e-30,4.915e-18,1.691e-21,2.948e-15,,4.441e-9,7.881e-22,2.771e-1,2.681e-19,4.321e-34,3.628e-16,1.514e+3,1.337e-8,1.222e-19,7.519e-20,1.511e-4,6.069e-21,3.186e+2,2.296e-19,2.172e-26,1.373e-1,3.190e-23,1.328e-20,1.793e-17,5.420e-20,,,,,,4.750e-20,,,1.871e-20,4.040e-18,,1.287e-20,,,,,3.838e-15,6.308e-5,1.036e-17,1.465e-18,2.888e+3,6.466e+1,8.195e-18
328.6,5.475e+3,2.395e-21,2.527e-28,6.662e-46,6.122e-11,8.732e-14,,1.158e-20,1.678e-22,,1.290e-15,2.551e-5,3.070e-30,4.920e-18,1.673e-21,2.109e-15,,5.713e-9,9.189e-22,2.808e-1,2.686e-19,4.325e-34,1.095e-15,1.605e+3,8.932e-9,1.237e-19,7.522e-20,1.000e-4,1.919e-20,3.308e+2,2.294e-19,2.171e-26,1.137e-1,3.191e-23,1.326e-20,1.789e-17,5.434e-20,,,,,,4.929e-20,,,1.838e-20,4.042e-18,,1.287e-20,,,,,1.236e-15,1.095e-4,1.034e-17,1.466e-18,3.486e+3,5.168e+1,8.196e-18
328.62,5.964e+3,2.397e-21,2.533e-28,6.655e-46,1.086e-10,8.579e-14,,1.156e-20,1.677e-22,,1.290e-15,1.767e-5,3.077e-30,4.923e-18,1.660e-21,1.691e-15,,6.697e-9,1.012e-21,2.808e-1,2.689e-19,4.327e-34,2.267e-15,1.665e+3,6.767e-9,1.246e-19,7.524e-20,7.539e-5,4.098e-20,3.373e+2,2.293e-19,2.170e-26,9.930e-2,3.192e-23,1.325e-20,1.786e-17,5.443e-20,,,,,,5.048e-20,,,1.816e-20,4.043e-18,,1.286e-20,,,,,5.752e-16,1.568e-4,1.034e-17,1.466e-18,3.918e+3,4.413e+1,8.196e-18
328.65,6.732e+3,2.399e-21,2.541e-28,6.644e-46,2.534e-10,8.243e-14,,1.152e-20,1.676e-22,,1.291e-15,1.005e-5,3.087e-30,4.928e-18,1.641e-21,1.237e-15,,8.389e-9,1.159e-21,2.771e-1,2.694e-19,4.330e-34,6.665e-15,1.748e+3,4.402e-9,1.260e-19,7.527e-20,4.889e-5,1.262e-19,3.440e+2,2.291e-19,2.169e-26,8.003e-2,3.194e-23,1.323e-20,1.783e-17,5.457e-20,,,,,,5.226e-20,,,1.783e-20,4.044e-18,,1.286e-20,,,,,1.803e-16,2.652e-4,1.032e-17,1.467e-18,4.606e+3,3.436e+1,8.198e-18
328.67,7.257e+3,2.400e-21,2.547e-28,6.637e-46,4.419e-10,7.956e-14,,1.150e-20,1.675e-22,,1.291e-15,6.837e-6,3.094e-30,4.932e-18,1.629e-21,1.031e-15,,9.663e-9,1.258e-21,2.722e-1,2.697e-19,4.332e-34,1.356e-14,1.796e+3,3.276e-9,1.270e-19,7.529e-20,3.655e-5,2.650e-19,3.465e+2,2.289e-19,2.169e-26,6.870e-2,3.195e-23,1.322e-20,1.780e-17,5.466e-20,,,,,,5.345e-20,,,1.762e-20,4.045e-18,,1.286e-20,,,,,8.243e-17,3.732e-4,1.031e-17,1.468e-18,5.085e+3,2.883e+1,8.198e-18
328.7,8.046e+3,2.402e-21,2.555e-28,6.626e-46,1.004e-9,7.445e-14,,1.146e-20,1.674e-22,,1.292e-15,3.786e-6,3.105e-30,4.937e-18,1.610e-21,8.405e-16,,1.179e-8,1.407e-21,2.616e-1,2.702e-19,4.336e-34,3.883e-14,1.855e+3,2.075e-9,1.284e-19,7.532e-20,2.392e-5,7.950e-19,3.471e+2,2.287e-19,2.168e-26,5.391e-2,3.196e-23,1.320e-20,1.776e-17,5.480e-20,,,,,,5.524e-20,,,1.729e-20,4.046e-18,,1.286e-20,,,,,2.515e-17,6.148e-4,1.030e-17,1.468e-18,5.821e+3,2.187e+1,8.200e-18
328.72,8.562e+3,2.403e-21,2.561e-28,6.619e-46,1.721e-9,7.059e-14,,1.143e-20,1.673e-22,,1.293e-15,2.531e-6,3.112e-30,4.940e-18,1.598e-21,7.831e-16,,1.334e-8,1.504e-21,2.525e-1,2.706e-19,4.338e-34,7.764e-14,1.884e+3,1.517e-9,1.294e-19,7.534e-20,1.852e-5,1.640e-18,3.455e+2,2.286e-19,2.167e-26,4.546e-2,3.197e-23,1.319e-20,1.774e-17,5.489e-20,,,,,,5.643e-20,,,1.707e-20,4.047e-18,,1.286e-20,,,,,1.129e-17,8.500e-4,1.029e-17,1.469e-18,6.315e+3,1.804e+1,8.200e-18
328.75,9.301e+3,2.405e-21,2.569e-28,6.609e-46,3.811e-9,6.432e-14,,1.140e-20,1.672e-22,,1.293e-15,1.365e-6,3.122e-30,4.945e-18,1.579e-21,7.894e-16,,1.585e-8,1.640e-21,2.362e-1,2.711e-19,4.341e-34,2.166e-13,1.907e+3,9.357e-10,1.308e-19,7.537e-20,1.395e-5,4.793e-18,3.402e+2,2.284e-19,2.166e-26,3.474e-2,3.198e-23,1.318e-20,1.770e-17,5.503e-20,,,,,,5.821e-20,,,1.674e-20,4.049e-18,,1.285e-20,,,,,3.354e-18,1.364e-3,1.028e-17,1.470e-18,7.040e+3,1.333e+1,8.201e-18
328.77,9.758e+3,2.407e-21,2.575e-28,6.602e-46,6.417e-9,5.992e-14,,1.137e-20,1.671e-22,,1.294e-15,8.959e-7,3.129e-30,4.949e-18,1.567e-21,8.516e-16,,1.762e-8,1.722e-21,2.240e-1,2.714e-19,4.343e-34,4.255e-13,1.909e+3,6.720e-10,1.318e-19,7.539e-20,1.292e-5,9.712e-18,3.350e+2,2.283e-19,2.165e-26,2.878e-2,3.199e-23,1.317e-20,1.768e-17,5.512e-20,,,,,,5.940e-20,,,1.653e-20,4.050e-18,,1.285e-20,,,,,3.253e-18,1.852e-3,1.027e-17,1.470e-18,7.502e+3,1.080e+1,8.202e-18
328.8,1.037e+4,2.409e-21,2.583e-28,6.591e-46,1.384e-8,5.317e-14,,1.133e-20,1.670e-22,,1.295e-15,4.703e-7,3.140e-30,4.954e-18,1.548e-21,1.030e-15,,2.038e-8,1.830e-21,2.041e-1,2.719e-19,4.347e-34,1.156e-12,1.891e+3,4.036e-10,1.332e-19,7.542e-20,1.431e-5,2.765e-17,3.252e+2,2.281e-19,2.164e-26,2.141e-2,3.201e-23,1.315e-20,1.764e-17,5.526e-20,,,,,,6.119e-20,,,1.620e-20,4.051e-18,,1.285e-20,,,,,3.100e-18,2.894e-3,1.026e-17,1.471e-18,8.145e+3,7.772e+0,8.203e-18
328.82,1.072e+4,2.410e-21,2.589e-28,6.584e-46,2.290e-8,4.866e-14,,1.131e-20,1.669e-22,,1.295e-15,3.033e-7,3.147e-30,4.957e-18,1.535e-21,1.208e-15,,2.227e-8,1.889e-21,1.902e-1,2.722e-19,4.349e-34,2.232e-12,1.864e+3,2.847e-10,1.341e-19,7.544e-20,1.737e-5,5.507e-17,3.177e+2,2.280e-19,2.164e-26,1.743e-2,3.201e-23,1.314e-20,1.761e-17,5.535e-20,,,,,,6.238e-20,,,1.598e-20,4.052e-18,,1.285e-20,,,,,2.999e-18,3.863e-3,1.025e-17,1.471e-18,8.529e+3,6.188e+0,8.204e-18
328.85,1.113e+4,2.412e-21,2.598e-28,6.573e-46,4.812e-8,4.204e-14,,1.127e-20,1.668e-22,,1.296e-15,1.550e-7,3.157e-30,4.962e-18,1.517e-21,1.567e-15,,2.509e-8,1.955e-21,1.687e-1,2.727e-19,4.352e-34,5.909e-12,1.802e+3,1.665e-10,1.356e-19,7.547e-20,2.596e-5,1.527e-16,3.052e+2,2.278e-19,2.163e-26,1.263e-2,3.203e-23,1.312e-20,1.758e-17,5.549e-20,,,,,,6.416e-20,,,1.565e-20,4.054e-18,,1.285e-20,,,,,2.847e-18,5.879e-3,1.024e-17,1.472e-18,9.017e+3,4.338e+0,8.205e-18
328.87,1.132e+4,2.413e-21,2.603e-28,6.566e-46,7.826e-8,3.780e-14,,1.125e-20,1.667e-22,,1.296e-15,9.823e-8,3.164e-30,4.965e-18,1.504e-21,1.874e-15,,2.692e-8,1.982e-21,1.544e-1,2.731e-19,4.354e-34,1.121e-11,1.748e+3,1.154e-10,1.365e-19,7.549e-20,3.517e-5,2.989e-16,2.966e+2,2.277e-19,2.162e-26,1.010e-2,3.204e-23,1.311e-20,1.755e-17,5.559e-20,,,,,,6.535e-20,,,1.543e-20,4.055e-18,,1.285e-20,,,,,2.746e-18,7.710e-3,1.023e-17,1.473e-18,9.276e+3,3.393e+0,8.206e-18
328.89,1.145e+4,2.415e-21,2.609e-28,6.559e-46,1.264e-7,3.375e-14,,1.122e-20,1.666e-22,,1.297e-15,6.179e-8,3.171e-30,4.969e-18,1.492e-21,2.238e-15,,2.869e-8,1.996e-21,1.403e-1,2.734e-19,4.356e-34,2.112e-11,1.684e+3,7.939e-11,1.375e-19,7.551e-20,4.812e-5,5.809e-16,2.880e+2,2.275e-19,2.161e-26,8.015e-3,3.205e-23,1.310e-20,1.753e-17,5.568e-20,,,,,,6.654e-20,,,1.522e-20,4.056e-18,,1.284e-20,,,,,2.644e-18,1.004e-2,1.022e-17,1.473e-18,9.475e+3,2.635e+0,8.207e-18
328.92,1.150e+4,2.417e-21,2.617e-28,6.548e-46,2.560e-7,2.809e-14,,1.119e-20,1.665e-22,,1.298e-15,3.042e-8,3.182e-30,4.974e-18,1.473e-21,2.902e-15,,3.115e-8,1.991e-21,1.200e-1,2.739e-19,4.360e-34,5.388e-11,1.573e+3,4.471e-11,1.389e-19,7.554e-20,7.712e-5,1.553e-15,2.753e+2,2.273e-19,2.160e-26,5.594e-3,3.206e-23,1.308e-20,1.749e-17,5.582e-20,,,,,,6.833e-20,,,1.489e-20,4.057e-18,,1.284e-20,,,,,2.492e-18,1.473e-2,1.021e-17,1.474e-18,9.652e+3,1.780e+0,8.208e-18
328.94,1.145e+4,2.418e-21,2.623e-28,6.541e-46,4.063e-7,2.464e-14,,1.116e-20,1.664e-22,,1.298e-15,1.880e-8,3.189e-30,4.977e-18,1.460e-21,3.429e-15,,3.261e-8,1.970e-21,1.071e-1,2.742e-19,4.362e-34,9.974e-11,1.490e+3,3.023e-11,1.398e-19,7.556e-20,1.052e-4,2.966e-15,2.674e+2,2.272e-19,2.160e-26,4.363e-3,3.207e-23,1.307e-20,1.746e-17,5.591e-20,,,,,,6.952e-20,,,1.467e-20,4.058e-18,,1.284e-20,,,,,2.391e-18,1.884e-2,1.020e-17,1.474e-18,9.686e+3,1.358e+0,8.209e-18
328.97,1.122e+4,2.420e-21,2.631e-28,6.531e-46,8.017e-7,1.997e-14,,1.113e-20,1.662e-22,,1.299e-15,9.011e-9,3.199e-30,4.982e-18,1.442e-21,4.353e-15,,3.448e-8,1.913e-21,8.917e-2,2.747e-19,4.365e-34,2.479e-10,1.357e+3,1.658e-11,1.413e-19,7.559e-20,1.657e-4,7.724e-15,2.565e+2,2.270e-19,2.159e-26,2.966e-3,3.208e-23,1.306e-20,1.743e-17,5.605e-20,,,,,,7.130e-20,,,1.434e-20,4.060e-18,,1.284e-20,,,,,7.899e-18,2.691e-2,1.018e-17,1.475e-18,9.610e+3,8.936e-1,8.210e-18
328.99,1.099e+4,2.421e-21,2.637e-28,6.524e-46,1.250e-6,1.721e-14,,1.110e-20,1.662e-22,,1.299e-15,5.470e-9,3.206e-30,4.986e-18,1.429e-21,5.062e-15,,3.546e-8,1.860e-21,7.821e-2,2.751e-19,4.367e-34,4.510e-10,1.264e+3,1.101e-11,1.422e-19,7.561e-20,2.225e-4,1.449e-14,2.500e+2,2.269e-19,2.158e-26,2.273e-3,3.209e-23,1.304e-20,1.740e-17,5.614e-20,,,,,,7.249e-20,,,1.413e-20,4.061e-18,,1.284e-20,,,,,1.737e-17,3.383e-2,1.018e-17,1.475e-18,9.475e+3,6.700e-1,8.211e-18
329.02,1.052e+4,2.423e-21,2.646e-28,6.513e-46,2.403e-6,1.358e-14,,1.106e-20,1.660e-22,,1.300e-15,2.553e-9,3.217e-30,4.991e-18,1.410e-21,6.268e-15,,3.651e-8,1.759e-21,6.340e-2,2.756e-19,4.371e-34,1.092e-9,1.122e+3,5.877e-12,1.437e-19,7.564e-20,3.419e-4,3.677e-14,2.416e+2,2.267e-19,2.157e-26,1.505e-3,3.210e-23,1.303e-20,1.736e-17,5.628e-20,,,,,,7.428e-20,,,1.380e-20,4.062e-18,,1.283e-20,,,,,5.591e-17,4.706e-2,1.016e-17,1.476e-18,9.153e+3,4.292e-1,8.212e-18
329.04,1.013e+4,2.424e-21,2.651e-28,6.506e-46,3.684e-6,1.150e-14,,1.104e-20,1.659e-22,,1.301e-15,1.522e-9,3.224e-30,4.994e-18,1.398e-21,7.165e-15,,3.690e-8,1.680e-21,5.464e-2,2.759e-19,4.373e-34,1.952e-9,1.027e+3,3.834e-12,1.446e-19,7.566e-20,4.514e-4,6.781e-14,2.367e+2,2.266e-19,2.156e-26,1.134e-3,3.211e-23,1.302e-20,1.734e-17,5.637e-20,,,,,,7.547e-20,,,1.358e-20,4.063e-18,,1.283e-20,,,,,1.208e-16,5.814e-2,1.015e-17,1.477e-18,8.867e+3,3.161e-1,8.213e-18
329.07,9.461e+3,2.426e-21,2.660e-28,6.495e-46,6.898e-6,8.839e-15,,1.100e-20,1.658e-22,,1.301e-15,6.917e-10,3.234e-30,4.999e-18,1.379e-21,8.644e-15,,3.700e-8,1.547e-21,4.313e-2,2.764e-19,4.376e-34,4.603e-9,8.880e+2,1.993e-12,1.460e-19,7.569e-20,6.758e-4,1.676e-13,2.304e+2,2.264e-19,2.155e-26,7.333e-4,3.213e-23,1.300e-20,1.730e-17,5.651e-20,,,,,,7.725e-20,,,1.325e-20,4.065e-18,,1.283e-20,,,,,3.789e-16,7.877e-2,1.014e-17,1.477e-18,8.342e+3,1.972e-1,8.214e-18
329.09,8.965e+3,2.428e-21,2.665e-28,6.488e-46,1.039e-5,7.352e-15,,1.098e-20,1.657e-22,,1.302e-15,4.052e-10,3.241e-30,5.002e-18,1.367e-21,9.710e-15,,3.674e-8,1.452e-21,3.651e-2,2.768e-19,4.378e-34,8.086e-9,7.991e+2,1.277e-12,1.470e-19,7.571e-20,8.767e-4,3.036e-13,2.267e+2,2.263e-19,2.154e-26,5.453e-4,3.214e-23,1.299e-20,1.727e-17,5.660e-20,,,,,,7.844e-20,,,1.304e-20,4.066e-18,,1.283e-20,,,,,8.047e-16,9.560e-2,1.013e-17,1.478e-18,7.939e+3,1.427e-1,8.215e-18
329.12,8.169e+3,2.430e-21,2.674e-28,6.478e-46,1.896e-5,5.502e-15,,1.094e-20,1.656e-22,,1.303e-15,1.792e-10,3.252e-30,5.007e-18,1.348e-21,1.141e-14,,3.587e-8,1.302e-21,2.807e-2,2.773e-19,4.382e-34,1.858e-8,6.733e+2,6.466e-13,1.484e-19,7.574e-20,1.278e-3,7.310e-13,2.216e+2,2.261e-19,2.153e-26,3.496e-4,3.215e-23,1.297e-20,1.724e-17,5.674e-20,,,,,,8.023e-20,,,1.271e-20,4.067e-18,,1.283e-20,,,,,2.458e-15,1.261e-1,1.012e-17,1.479e-18,7.274e+3,8.669e-2,8.216e-18
329.14,7.615e+3,2.431e-21,2.679e-28,6.470e-46,2.806e-5,4.496e-15,,1.092e-20,1.655e-22,,1.303e-15,1.031e-10,3.259e-30,5.011e-18,1.336e-21,1.259e-14,,3.500e-8,1.201e-21,2.334e-2,2.776e-19,4.384e-34,3.206e-8,5.955e+2,4.071e-13,1.494e-19,7.576e-20,1.630e-3,1.302e-12,2.184e+2,2.259e-19,2.153e-26,2.625e-4,3.216e-23,1.296e-20,1.721e-17,5.683e-20,,,,,,8.142e-20,,,1.249e-20,4.068e-18,,1.282e-20,,,,,5.130e-15,1.504e-1,1.011e-17,1.479e-18,6.801e+3,6.163e-2,8.217e-18
329.17,6.771e+3,2.433e-21,2.688e-28,6.460e-46,4.987e-5,3.277e-15,,1.088e-20,1.654e-22,,1.304e-15,4.442e-11,3.269e-30,5.016e-18,1.317e-21,1.441e-14,,3.328e-8,1.049e-21,1.747e-2,2.781e-19,4.387e-34,7.176e-8,4.889e+2,2.006e-13,1.508e-19,7.579e-20,2.314e-3,3.052e-12,2.134e+2,2.258e-19,2.152e-26,1.802e-4,3.217e-23,1.294e-20,1.717e-17,5.697e-20,,,,,,8.320e-20,,,1.216e-20,4.070e-18,,1.282e-20,,,,,1.527e-14,1.933e-1,1.010e-17,1.480e-18,6.068e+3,3.645e-2,8.218e-18
329.19,6.209e+3,2.434e-21,2.694e-28,6.453e-46,7.254e-5,2.630e-15,,1.085e-20,1.653e-22,,1.304e-15,2.511e-11,3.276e-30,5.019e-18,1.304e-21,1.563e-14,,3.190e-8,9.498e-22,1.428e-2,2.784e-19,4.389e-34,1.217e-7,4.249e+2,1.241e-13,1.517e-19,7.581e-20,2.899e-3,5.341e-12,2.097e+2,2.256e-19,2.151e-26,1.511e-4,3.218e-23,1.293e-20,1.715e-17,5.706e-20,,,,,,8.439e-20,,,1.194e-20,4.071e-18,,1.282e-20,,,,,3.131e-14,2.265e-1,1.009e-17,1.480e-18,5.575e+3,2.546e-2,8.219e-18
329.22,5.387e+3,2.436e-21,2.702e-28,6.442e-46,1.256e-4,1.867e-15,,1.082e-20,1.652e-22,,1.305e-15,1.053e-11,3.287e-30,5.024e-18,1.286e-21,1.742e-14,,2.954e-8,8.079e-22,1.041e-2,2.789e-19,4.393e-34,2.653e-7,3.399e+2,5.954e-14,1.532e-19,7.584e-20,4.010e-3,1.220e-11,2.034e+2,2.254e-19,2.150e-26,1.404e-4,3.220e-23,1.292e-20,1.711e-17,5.720e-20,,,,,,8.618e-20,,,1.162e-20,4.072e-18,,1.282e-20,,,,,9.078e-14,2.835e-1,1.008e-17,1.481e-18,4.844e+3,1.467e-2,8.220e-18
329.24,4.861e+3,2.438e-21,2.708e-28,6.435e-46,1.796e-4,1.472e-15,,1.079e-20,1.651e-22,,1.306e-15,5.847e-12,3.294e-30,5.028e-18,1.273e-21,1.857e-14,,2.782e-8,7.189e-22,8.355e-3,2.793e-19,4.395e-34,4.422e-7,2.904e+2,3.617e-14,1.541e-19,7.586e-20,4.935e-3,2.098e-11,1.986e+2,2.253e-19,2.149e-26,1.549e-4,3.220e-23,1.291e-20,1.709e-17,5.729e-20,,,,,,8.737e-20,,,1.140e-20,4.073e-18,,1.282e-20,,,,,1.830e-13,3.264e-1,1.007e-17,1.481e-18,4.372e+3,1.006e-2,8.220e-18
329.26,4.358e+3,2.439e-21,2.713e-28,6.428e-46,2.549e-4,1.153e-15,,1.077e-20,1.650e-22,,1.306e-15,3.223e-12,3.301e-30,5.031e-18,1.261e-21,1.965e-14,,2.601e-8,6.352e-22,6.660e-3,2.796e-19,4.397e-34,7.319e-7,2.463e+2,2.182e-14,1.551e-19,7.587e-20,6.031e-3,3.582e-11,1.932e+2,2.252e-19,2.149e-26,1.885e-4,3.221e-23,1.290e-20,1.706e-17,5.738e-20,,,,,,8.856e-20,,,1.118e-20,4.074e-18,,1.282e-20,,,,,3.662e-13,3.731e-1,1.006e-17,1.482e-18,3.918e+3,6.856e-3,8.221e-18
329.29,3.654e+3,2.441e-21,2.722e-28,6.417e-46,4.255e-4,7.883e-16,,1.073e-20,1.649e-22,,1.307e-15,1.302e-12,3.311e-30,5.036e-18,1.242e-21,2.111e-14,,2.321e-8,5.206e-22,4.677e-3,2.801e-19,4.400e-34,1.538e-6,1.900e+2,1.009e-14,1.565e-19,7.590e-20,8.041e-3,7.888e-11,1.839e+2,2.250e-19,2.148e-26,2.827e-4,3.223e-23,1.288e-20,1.702e-17,5.752e-20,,,,,,9.034e-20,,,1.085e-20,4.076e-18,,1.281e-20,,,,,1.023e-12,4.501e-1,1.005e-17,1.483e-18,3.280e+3,3.804e-3,8.222e-18
329.31,3.224e+3,2.442e-21,2.728e-28,6.410e-46,5.937e-4,6.065e-16,,1.071e-20,1.648e-22,,1.307e-15,7.052e-13,3.318e-30,5.039e-18,1.229e-21,2.194e-14,,2.132e-8,4.519e-22,3.663e-3,2.804e-19,4.403e-34,2.502e-6,1.584e+2,5.976e-15,1.575e-19,7.592e-20,9.656e-3,1.323e-10,1.769e+2,2.249e-19,2.147e-26,3.838e-4,3.224e-23,1.287e-20,1.700e-17,5.762e-20,,,,,,9.153e-20,,,1.064e-20,4.077e-18,,1.281e-20,,,,,2.013e-12,5.056e-1,1.004e-17,1.483e-18,2.888e+3,2.546e-3,8.223e-18
329.34,2.640e+3,2.444e-21,2.736e-28,6.400e-46,9.656e-4,4.038e-16,,1.067e-20,1.647e-22,,1.308e-15,2.773e-13,3.328e-30,5.044e-18,1.211e-21,2.297e-14,,1.853e-8,3.607e-22,2.505e-3,2.809e-19,4.406e-34,5.121e-6,1.191e+2,2.690e-15,1.589e-19,7.595e-20,1.254e-2,2.839e-10,1.654e+2,2.247e-19,2.146e-26,6.162e-4,3.225e-23,1.285e-20,1.696e-17,5.775e-20,,,,,,9.332e-20,,,1.031e-20,4.078e-18,,1.281e-20,,,,,5.481e-12,5.939e-1,1.003e-17,1.484e-18,2.354e+3,1.376e-3,8.224e-18
329.36,2.292e+3,2.446e-21,2.742e-28,6.393e-46,1.324e-3,3.052e-16,,1.064e-20,1.646e-22,,1.309e-15,1.475e-13,3.335e-30,5.048e-18,1.198e-21,2.347e-14,,1.672e-8,3.076e-22,1.927e-3,2.813e-19,4.408e-34,8.184e-6,9.757e+1,1.566e-15,1.598e-19,7.597e-20,1.480e-2,4.680e-10,1.570e+2,2.245e-19,2.145e-26,8.446e-4,3.226e-23,1.284e-20,1.694e-17,5.785e-20,,,,,,9.451e-20,,,1.009e-20,4.079e-18,,1.281e-20,,,,,1.059e-11,6.555e-1,1.002e-17,1.484e-18,2.037e+3,9.047e-4,8.225e-18
329.39,1.833e+3,2.448e-21,2.750e-28,6.382e-46,2.098e-3,1.979e-16,,1.061e-20,1.645e-22,,1.309e-15,5.649e-14,3.346e-30,5.053e-18,1.180e-21,2.393e-14,,1.415e-8,2.391e-22,1.283e-3,2.818e-19,4.411e-34,1.632e-5,7.145e+1,6.862e-16,1.613e-19,7.600e-20,1.872e-2,9.780e-10,1.437e+2,2.244e-19,2.144e-26,1.344e-3,3.227e-23,1.282e-20,1.690e-17,5.798e-20,,,,,,9.629e-20,,,9.763e-21,4.081e-18,,1.281e-20,,,,,2.810e-11,7.500e-1,1.000e-17,1.485e-18,1.617e+3,4.760e-4,8.226e-18
329.41,1.567e+3,2.449e-21,2.756e-28,6.375e-46,2.826e-3,1.469e-16,,1.058e-20,1.644e-22,,1.310e-15,2.952e-14,3.353e-30,5.056e-18,1.167e-21,2.403e-14,,1.255e-8,2.004e-22,9.700e-4,2.821e-19,4.414e-34,2.563e-5,5.755e+1,3.924e-16,1.622e-19,7.602e-20,2.171e-2,1.585e-9,1.345e+2,2.242e-19,2.144e-26,1.819e-3,3.228e-23,1.281e-20,1.687e-17,5.808e-20,,,,,,9.748e-20,,,9.545e-21,4.082e-18,,1.280e-20,,,,,5.338e-11,8.132e-1,9.995e-18,1.486e-18,1.374e+3,3.075e-4,8.227e-18
329.44,1.225e+3,2.451e-21,2.764e-28,6.364e-46,4.363e-3,9.278e-17,,1.055e-20,1.642e-22,,1.311e-15,1.101e-14,3.363e-30,5.061e-18,1.148e-21,2.389e-14,,1.034e-8,1.517e-22,6.290e-4,2.826e-19,4.417e-34,4.979e-5,4.106e+1,1.674e-16,1.636e-19,7.605e-20,2.675e-2,3.225e-9,1.203e+2,2.240e-19,2.143e-26,2.829e-3,3.229e-23,1.280e-20,1.683e-17,5.822e-20,,,,,,9.927e-20,,,9.218e-21,4.083e-18,,1.280e-20,,,,,1.379e-10,9.062e-1,9.983e-18,1.486e-18,1.063e+3,1.575e-4,8.228e-18
329.46,1.032e+3,2.452e-21,2.770e-28,6.357e-46,5.777e-3,6.769e-17,,1.052e-20,1.642e-22,,1.311e-15,5.650e-15,3.370e-30,5.065e-18,1.136e-21,2.359e-14,,9.012e-9,1.248e-22,4.671e-4,2.829e-19,4.419e-34,7.684e-5,3.250e+1,9.405e-17,1.646e-19,7.607e-20,3.048e-2,5.135e-9,1.108e+2,2.239e-19,2.142e-26,3.765e-3,3.230e-23,1.278e-20,1.681e-17,5.831e-20,,,,,,1.005e-19,,,9.000e-21,4.084e-18,,1.280e-20,,,,,2.575e-10,9.655e-1,9.974e-18,1.487e-18,8.872e+2,9.998e-5,8.229e-18
329.49,7.885e+2,2.454e-21,2.778e-28,6.347e-46,8.689e-3,4.163e-17,,1.048e-20,1.640e-22,,1.312e-15,2.051e-15,3.381e-30,5.070e-18,1.117e-21,2.288e-14,,7.232e-9,9.202e-23,2.949e-4,2.834e-19,4.422e-34,1.454e-4,2.260e+1,3.907e-17,1.660e-19,7.610e-20,3.660e-2,1.018e-8,9.678e+1,2.237e-19,2.141e-26,5.706e-3,3.232e-23,1.277e-20,1.677e-17,5.845e-20,,,,,,1.022e-19,,,8.673e-21,4.086e-18,,1.280e-20,,,,,6.481e-10,1.048e+0,9.961e-18,1.488e-18,6.680e+2,4.988e-5,8.230e-18
329.51,6.545e+2,2.456e-21,2.784e-28,6.339e-46,1.131e-2,2.985e-17,,1.046e-20,1.639e-22,,1.312e-15,1.034e-15,3.388e-30,5.073e-18,1.105e-21,2.224e-14,,6.191e-9,7.443e-23,2.152e-4,2.838e-19,4.425e-34,2.205e-4,1.758e+1,2.156e-17,1.670e-19,7.612e-20,4.098e-2,1.593e-8,8.770e+1,2.236e-19,2.140e-26,7.464e-3,3.233e-23,1.276e-20,1.675e-17,5.854e-20,,,,,,1.034e-19,,,8.454e-21,4.087e-18,,1.280e-20,,,,,1.189e-9,1.097e+0,9.952e-18,1.488e-18,5.480e+2,3.110e-5,8.231e-18
329.54,4.897e+2,2.458e-21,2.793e-28,6.329e-46,1.657e-2,1.791e-17,,1.042e-20,1.638e-22,,1.313e-15,3.655e-16,3.398e-30,5.078e-18,1.086e-21,2.107e-14,,4.839e-9,5.342e-23,1.323e-4,2.843e-19,4.428e-34,4.065e-4,1.191e+1,8.721e-18,1.684e-19,7.615e-20,4.795e-2,3.076e-8,7.473e+1,2.234e-19,2.139e-26,1.102e-2,3.234e-23,1.274e-20,1.671e-17,5.868e-20,,,,,,1.052e-19,,,8.127e-21,4.088e-18,,1.279e-20,,,,,2.916e-9,1.160e+0,9.940e-18,1.489e-18,4.018e+2,1.511e-5,8.232e-18
329.56,4.009e+2,2.459e-21,2.798e-28,6.322e-46,2.119e-2,1.265e-17,,1.040e-20,1.637e-22,,1.314e-15,1.811e-16,3.405e-30,5.081e-18,1.073e-21,2.018e-14,,4.069e-9,4.245e-23,9.483e-5,2.846e-19,4.430e-34,6.058e-4,9.109e+0,4.728e-18,1.693e-19,7.617e-20,5.278e-2,4.730e-8,6.661e+1,2.233e-19,2.139e-26,1.416e-2,3.235e-23,1.273e-20,1.668e-17,5.877e-20,,,,,,1.064e-19,,,7.909e-21,4.089e-18,,1.279e-20,,,,,5.256e-9,1.193e+0,9.931e-18,1.489e-18,3.239e+2,9.261e-6,8.233e-18
329.59,2.940e+2,2.461e-21,2.807e-28,6.311e-46,3.025e-2,7.460e-18,,1.036e-20,1.636e-22,,1.314e-15,6.230e-17,3.416e-30,5.086e-18,1.055e-21,1.875e-14,,3.097e-9,2.967e-23,5.678e-5,2.851e-19,4.433e-34,1.088e-3,6.014e+0,1.862e-18,1.708e-19,7.620e-20,6.019e-2,8.899e-8,5.536e+1,2.231e-19,2.138e-26,2.037e-2,3.236e-23,1.271e-20,1.665e-17,5.891e-20,,,,,,1.082e-19,,,7.582e-21,4.090e-18,,1.279e-20,,,,,1.256e-8,1.228e+0,9.918e-18,1.490e-18,2.313e+2,4.401e-6,8.234e-18
329.61,2.376e+2,2.462e-21,2.812e-28,6.304e-46,3.803e-2,5.249e-18,,1.034e-20,1.635e-22,,1.315e-15,3.032e-17,3.423e-30,5.090e-18,1.042e-21,1.775e-14,,2.559e-9,2.317e-23,3.998e-5,2.854e-19,4.435e-34,1.593e-3,4.520e+0,9.916e-19,1.717e-19,7.622e-20,6.515e-2,1.344e-7,4.854e+1,2.230e-19,2.137e-26,2.573e-2,3.237e-23,1.270e-20,1.662e-17,5.900e-20,,,,,,1.094e-19,,,7.364e-21,4.091e-18,,1.279e-20,,,,,2.224e-8,1.241e+0,9.909e-18,1.490e-18,1.831e+2,2.677e-6,8.235e-18
329.63,1.910e+2,2.464e-21,2.818e-28,6.297e-46,4.747e-2,3.727e-18,,1.031e-20,1.634e-22,,1.316e-15,1.465e-17,3.430e-30,5.093e-18,1.030e-21,1.674e-14,,2.100e-9,1.796e-23,2.796e-5,2.858e-19,4.438e-34,2.317e-3,3.375e+0,5.243e-19,1.727e-19,7.624e-20,7.004e-2,2.017e-7,4.228e+1,2.228e-19,2.136e-26,3.227e-2,3.238e-23,1.269e-20,1.660e-17,5.909e-20,,,,,,1.106e-19,,,7.146e-21,4.092e-18,,1.279e-20,,,,,3.913e-8,1.245e+0,9.901e-18,1.491e-18,1.440e+2,1.650e-6,8.236e-18
329.66,1.366e+2,2.466e-21,2.826e-28,6.286e-46,6.534e-2,2.340e-18,,1.027e-20,1.633e-22,,1.316e-15,4.855e-18,3.440e-30,5.098e-18,1.011e-21,1.527e-14,,1.540e-9,1.210e-23,1.613e-5,2.863e-19,4.441e-34,4.011e-3,2.149e+0,1.989e-19,1.741e-19,7.627e-20,7.711e-2,3.658e-7,3.398e+1,2.226e-19,2.135e-26,4.473e-2,3.239e-23,1.267e-20,1.656e-17,5.923e-20,,,,,,1.124e-19,,,6.818e-21,4.094e-18,,1.279e-20,,,,,9.013e-8,1.235e+0,9.888e-18,1.492e-18,9.907e+1,8.913e-7,8.237e-18
329.68,1.087e+2,2.467e-21,2.832e-28,6.279e-46,8.015e-2,1.834e-18,,1.025e-20,1.632e-22,,1.317e-15,2.304e-18,3.447e-30,5.101e-18,9.986e-22,1.434e-14,,1.242e-9,9.212e-24,1.108e-5,2.866e-19,4.443e-34,5.732e-3,1.578e+0,1.033e-19,1.751e-19,7.629e-20,8.155e-2,5.392e-7,2.916e+1,2.225e-19,2.135e-26,5.513e-2,3.240e-23,1.266e-20,1.653e-17,5.932e-20,,,,,,1.135e-19,,,6.600e-21,4.095e-18,,1.278e-20,,,,,1.558e-7,1.218e+0,9.879e-18,1.492e-18,7.653e+1,7.194e-7,8.237e-18
329.71,7.670e+1,2.469e-21,2.841e-28,6.269e-46,1.075e-1,1.508e-18,,1.021e-20,1.631e-22,,1.318e-15,7.435e-19,3.458e-30,5.107e-18,9.799e-22,1.308e-14,,8.867e-10,6.042e-24,6.224e-6,2.871e-19,4.446e-34,9.666e-3,9.802e-1,3.817e-20,1.765e-19,7.632e-20,8.763e-2,9.526e-7,2.299e+1,2.223e-19,2.134e-26,7.445e-2,3.242e-23,1.265e-20,1.650e-17,5.946e-20,,,,,,1.153e-19,,,6.273e-21,4.096e-18,,1.278e-20,,,,,3.496e-7,1.177e+0,9.866e-18,1.493e-18,5.128e+1,8.466e-7,8.239e-18
329.73,6.063e+1,2.470e-21,2.846e-28,6.262e-46,1.296e-1,1.511e-18,,1.019e-20,1.630e-22,,1.318e-15,3.467e-19,3.465e-30,5.110e-18,9.674e-22,1.234e-14,,7.023e-10,4.521e-24,4.200e-6,2.875e-19,4.449e-34,1.358e-2,7.086e-1,1.948e-20,1.774e-19,7.634e-20,9.122e-2,1.380e-6,1.954e+1,2.222e-19,2.133e-26,9.016e-2,3.243e-23,1.264e-20,1.647e-17,5.955e-20,,,,,,1.165e-19,,,6.055e-21,4.097e-18,,1.278e-20,,,,,5.939e-7,1.140e+0,9.858e-18,1.493e-18,3.892e+1,1.217e-6,8.239e-18
329.76,4.263e+1,2.472e-21,2.855e-28,6.251e-46,1.693e-1,1.791e-18,,1.015e-20,1.629e-22,,1.319e-15,1.089e-19,3.475e-30,5.115e-18,9.487e-22,1.142e-14,,4.885e-10,2.888e-24,2.298e-6,2.880e-19,4.452e-34,2.230e-2,4.323e-1,7.005e-21,1.789e-19,7.637e-20,9.578e-2,2.375e-6,1.532e+1,2.220e-19,2.132e-26,1.186e-1,3.244e-23,1.262e-20,1.643e-17,5.969e-20,,,,,,1.183e-19,,,5.728e-21,4.099e-18,,1.278e-20,,,,,1.298e-6,1.073e+0,9.845e-18,1.494e-18,2.539e+1,2.435e-6,8.241e-18
329.78,3.385e+1,2.474e-21,2.860e-28,6.244e-46,2.006e-1,2.149e-18,,1.013e-20,1.628e-22,,1.319e-15,4.988e-20,3.482e-30,5.118e-18,9.362e-22,1.095e-14,,3.801e-10,2.123e-24,1.523e-6,2.883e-19,4.454e-34,3.079e-2,3.108e-1,3.511e-21,1.798e-19,7.639e-20,9.823e-2,3.381e-6,1.311e+1,2.219e-19,2.131e-26,1.411e-1,3.245e-23,1.261e-20,1.641e-17,5.978e-20,,,,,,1.195e-19,,,5.510e-21,4.100e-18,,1.278e-20,,,,,2.167e-6,1.021e+0,9.836e-18,1.495e-18,1.893e+1,3.972e-6,8.241e-18
329.81,2.441e+1,2.475e-21,2.869e-28,6.233e-46,2.554e-1,2.958e-18,,1.009e-20,1.627e-22,,1.320e-15,1.526e-20,3.493e-30,5.123e-18,9.174e-22,1.045e-14,,2.575e-10,1.320e-24,8.114e-7,2.888e-19,4.457e-34,4.927e-2,1.931e-1,1.230e-21,1.812e-19,7.642e-20,1.010e-1,5.668e-6,1.066e+1,2.217e-19,2.130e-26,1.809e-1,3.246e-23,1.259e-20,1.637e-17,5.992e-20,,,,,,1.213e-19,,,5.182e-21,4.101e-18,,1.277e-20,,,,,4.615e-6,9.362e-1,9.823e-18,1.495e-18,1.203e+1,8.284e-6,8.242e-18
329.83,2.009e+1,2.477e-21,2.874e-28,6.226e-46,2.975e-1,3.700e-18,,1.006e-20,1.626e-22,,1.321e-15,6.865e-21,3.500e-30,5.127e-18,9.050e-22,1.027e-14,,1.968e-10,9.537e-25,5.285e-7,2.891e-19,4.460e-34,6.684e-2,1.457e-1,6.055e-22,1.822e-19,7.644e-20,1.021e-1,7.929e-6,9.578e+0,2.216e-19,2.130e-26,2.115e-1,3.247e-23,1.258e-20,1.635e-17,6.002e-20,,,,,,1.225e-19,,,4.964e-21,4.102e-18,,1.277e-20,,,,,7.572e-6,8.756e-1,9.815e-18,1.496e-18,8.814e+0,1.344e-5,8.243e-18
329.86,1.596e+1,2.479e-21,2.883e-28,6.216e-46,3.690e-1,5.170e-18,,1.003e-20,1.625e-22,,1.321e-15,6.800e-21,3.510e-30,5.132e-18,8.862e-22,1.020e-14,,1.298e-10,5.777e-25,2.742e-7,2.896e-19,4.463e-34,1.042e-1,1.083e-1,2.066e-22,1.836e-19,7.647e-20,1.030e-1,1.295e-5,8.777e+0,2.214e-19,2.128e-26,2.640e-1,3.248e-23,1.256e-20,1.631e-17,6.015e-20,,,,,,1.243e-19,,,4.637e-21,4.104e-18,,1.277e-20,,,,,1.571e-5,7.816e-1,9.802e-18,1.497e-18,5.454e+0,2.744e-5,8.244e-18
329.88,1.451e+1,2.480e-21,2.889e-28,6.208e-46,4.223e-1,6.429e-18,,1.000e-20,1.624e-22,,1.322e-15,6.757e-21,3.517e-30,5.135e-18,8.738e-22,1.029e-14,,9.753e-11,4.099e-25,1.754e-7,2.900e-19,4.465e-34,1.390e-1,1.015e-1,1.002e-22,1.846e-19,7.649e-20,1.030e-1,1.780e-5,8.802e+0,2.212e-19,2.128e-26,3.034e-1,3.249e-23,1.255e-20,1.628e-17,6.025e-20,,,,,,1.254e-19,,,4.419e-21,4.105e-18,,1.277e-20,,,,,2.533e-5,7.183e-1,9.793e-18,1.497e-18,3.925e+0,4.378e-5,8.245e-18
329.91,1.403e+1,2.482e-21,2.897e-28,6.198e-46,5.104e-1,8.820e-18,,9.965e-21,1.622e-22,,1.323e-15,6.692e-21,3.528e-30,5.140e-18,8.550e-22,1.059e-14,,6.265e-11,2.418e-25,8.862e-8,2.905e-19,4.468e-34,2.111e-1,1.156e-1,3.411e-23,1.860e-19,7.652e-20,1.023e-1,2.831e-5,9.728e+0,2.210e-19,2.127e-26,3.689e-1,3.251e-23,1.254e-20,1.624e-17,6.038e-20,,,,,,1.272e-19,,,4.092e-21,4.106e-18,,1.277e-20,,,,,5.118e-5,6.245e-1,9.780e-18,1.498e-18,2.365e+0,8.710e-5,8.246e-18
329.93,1.474e+1,2.483e-21,2.903e-28,6.191e-46,5.741e-1,1.080e-17,,9.941e-21,1.622e-22,,1.323e-15,6.649e-21,3.535e-30,5.143e-18,8.426e-22,1.088e-14,,4.623e-11,1.686e-25,5.571e-8,2.908e-19,4.471e-34,2.766e-1,1.418e-1,1.779e-23,1.870e-19,7.654e-20,1.014e-1,3.824e-5,1.099e+1,2.209e-19,2.126e-26,4.165e-1,3.252e-23,1.252e-20,1.622e-17,6.048e-20,,,,,,1.284e-19,,,9.113e-21,4.107e-18,,1.276e-20,,,,,8.109e-5,5.639e-1,9.772e-18,1.498e-18,1.673e+0,1.366e-4,8.247e-18
329.96,1.732e+1,2.485e-21,2.911e-28,6.180e-46,6.761e-1,1.445e-17,,9.904e-21,1.620e-22,,1.324e-15,6.584e-21,3.545e-30,5.149e-18,8.238e-22,1.143e-14,,2.892e-11,9.684e-26,2.740e-8,2.913e-19,4.474e-34,4.095e-1,2.115e-1,1.131e-23,1.884e-19,7.657e-20,9.961e-2,5.926e-5,1.397e+1,2.207e-19,2.125e-26,4.933e-1,3.253e-23,1.251e-20,1.618e-17,6.061e-20,,,,,,1.302e-19,,,2.990e-20,4.109e-18,,1.276e-20,,,,,1.596e-4,4.774e-1,9.759e-18,1.499e-18,9.815e-1,2.647e-4,8.248e-18
329.98,2.009e+1,2.487e-21,2.917e-28,6.173e-46,7.474e-1,1.740e-17,,9.879e-21,1.619e-22,,1.324e-15,6.541e-21,3.552e-30,5.152e-18,8.114e-22,1.184e-14,,2.097e-11,6.633e-26,1.693e-8,2.916e-19,4.476e-34,5.274e-1,2.835e-1,1.534e-23,1.893e-19,7.659e-20,9.818e-2,7.866e-5,1.678e+1,2.206e-19,2.124e-26,5.474e-1,3.254e-23,1.250e-20,1.616e-17,6.071e-20,,,,,,1.314e-19,,,6.544e-20,4.110e-18,,1.276e-20,,,,,2.486e-4,4.236e-1,9.750e-18,1.499e-18,6.819e-1,4.080e-4,8.249e-18
330,2.377e+1,2.488e-21,2.923e-28,6.166e-46,8.206e-1,2.080e-17,,9.854e-21,1.619e-22,,1.325e-15,6.498e-21,3.559e-30,5.155e-18,7.989e-22,1.227e-14,,1.510e-11,4.511e-26,1.038e-8,2.920e-19,4.478e-34,6.745e-1,3.822e-1,2.797e-23,1.903e-19,7.661e-20,9.666e-2,1.037e-4,2.035e+1,2.205e-19,2.124e-26,6.032e-1,3.255e-23,1.249e-20,1.613e-17,6.080e-20,,,,,,1.326e-19,,,1.423e-19,4.111e-18,,1.276e-20,,,,,3.844e-4,3.731e-1,9.742e-18,1.500e-18,4.704e-1,6.244e-4,8.250e-18
330.03,3.116e+1,2.490e-21,2.931e-28,6.155e-46,9.317e-1,2.684e-17,,9.817e-21,1.617e-22,,1.326e-15,6.433e-21,3.570e-30,5.160e-18,7.801e-22,1.291e-14,,9.101e-12,2.497e-26,4.919e-9,2.925e-19,4.482e-34,9.632e-1,5.969e-1,7.943e-23,1.917e-19,7.664e-20,9.433e-2,1.549e-4,2.731e+1,2.203e-19,2.123e-26,6.887e-1,3.256e-23,1.247e-20,1.609e-17,6.094e-20,,,,,,1.344e-19,,,4.500e-19,4.112e-18,,1.276e-20,,,,,7.295e-4,3.045e-1,9.729e-18,1.501e-18,2.660e-1,1.167e-3,8.251e-18
330.05,3.749e+1,2.491e-21,2.937e-28,6.148e-46,1.005e+0,3.153e-17,,9.793e-21,1.616e-22,,1.326e-15,6.390e-21,3.577e-30,5.164e-18,7.677e-22,1.331e-14,,6.438e-12,1.668e-26,2.964e-9,2.928e-19,4.484e-34,1.211e+0,7.989e-1,1.612e-22,1.927e-19,7.666e-20,9.282e-2,2.006e-4,3.319e+1,2.202e-19,2.122e-26,7.457e-1,3.257e-23,1.246e-20,1.607e-17,6.103e-20,,,,,,1.356e-19,,,9.615e-19,4.113e-18,,1.276e-20,,,,,1.109e-3,2.635e-1,9.720e-18,1.501e-18,1.803e-1,1.754e-3,8.252e-18
330.08,4.940e+1,2.493e-21,2.945e-28,6.138e-46,1.112e+0,3.963e-17,,9.756e-21,1.615e-22,,1.327e-15,6.325e-21,3.587e-30,5.169e-18,7.489e-22,1.384e-14,,3.779e-12,8.992e-27,1.368e-9,2.933e-19,4.487e-34,1.685e+0,1.223e+0,4.620e-22,1.941e-19,7.669e-20,9.074e-2,2.919e-4,4.414e+1,2.200e-19,2.121e-26,8.293e-1,3.258e-23,1.244e-20,1.603e-17,6.117e-20,,,,,,1.373e-19,,,2.964e-18,4.115e-18,,1.275e-20,,,,,2.050e-3,2.095e-1,9.707e-18,1.502e-18,9.926e-2,3.194e-3,8.253e-18
330.1,5.914e+1,2.495e-21,2.951e-28,6.131e-46,1.180e+0,4.575e-17,,9.731e-21,1.614e-22,,1.327e-15,6.282e-21,3.594e-30,5.172e-18,7.365e-22,1.413e-14,,2.626e-12,5.903e-27,8.097e-10,2.936e-19,4.489e-34,2.083e+0,1.612e+0,9.246e-22,1.950e-19,7.671e-20,8.952e-2,3.716e-4,5.304e+1,2.198e-19,2.120e-26,8.824e-1,3.259e-23,1.243e-20,1.601e-17,6.126e-20,,,,,,1.385e-19,,,6.223e-18,4.116e-18,,1.275e-20,,,,,3.061e-3,1.781e-1,9.699e-18,1.502e-18,6.610e-2,4.720e-3,8.254e-18
330.13,7.682e+1,2.497e-21,2.959e-28,6.120e-46,1.272e+0,5.601e-17,,9.694e-21,1.613e-22,,1.328e-15,6.217e-21,3.605e-30,5.177e-18,7.177e-22,1.442e-14,,1.501e-12,3.099e-27,3.639e-10,2.941e-19,4.493e-34,2.825e+0,2.406e+0,2.584e-21,1.965e-19,7.674e-20,8.799e-2,5.266e-4,6.908e+1,2.196e-19,2.119e-26,9.559e-1,3.261e-23,1.241e-20,1.597e-17,6.140e-20,,,,,,1.403e-19,,,1.869e-17,4.117e-18,,1.275e-20,,,,,5.513e-3,1.379e-1,9.686e-18,1.503e-18,3.544e-2,8.370e-3,8.255e-18
330.15,9.086e+1,2.498e-21,2.965e-28,6.113e-46,1.326e+0,6.353e-17,,9.669e-21,1.612e-22,,1.329e-15,6.174e-21,3.612e-30,5.180e-18,7.053e-22,1.451e-14,,1.025e-12,1.999e-27,2.116e-10,2.945e-19,4.495e-34,3.433e+0,3.116e+0,5.082e-21,1.974e-19,7.676e-20,8.717e-2,6.587e-4,8.174e+1,2.195e-19,2.119e-26,9.995e-1,3.262e-23,1.240e-20,1.594e-17,6.149e-20,,,,,,1.415e-19,,,3.856e-17,4.118e-18,,1.275e-20,,,,,8.090e-3,1.152e-1,9.677e-18,1.504e-18,2.319e-2,1.216e-2,8.256e-18
330.18,1.156e+2,2.500e-21,2.973e-28,6.102e-46,1.392e+0,7.576e-17,,9.632e-21,1.611e-22,,1.329e-15,6.109e-21,3.622e-30,5.185e-18,6.865e-22,1.449e-14,,5.708e-13,1.022e-27,9.259e-11,2.950e-19,4.498e-34,4.540e+0,4.533e+0,1.384e-20,1.989e-19,7.679e-20,8.623e-2,9.095e-4,1.039e+2,2.193e-19,2.118e-26,1.055e+0,3.263e-23,1.239e-20,1.591e-17,6.163e-20,,,,,,1.433e-19,,,1.128e-16,4.120e-18,,1.275e-20,,,,,1.420e-2,8.685e-2,9.664e-18,1.504e-18,1.211e-2,2.100e-2,8.257e-18
330.2,1.348e+2,2.501e-21,2.979e-28,6.095e-46,1.426e+0,8.445e-17,,9.607e-21,1.610e-22,,1.330e-15,6.066e-21,3.629e-30,5.189e-18,6.741e-22,1.436e-14,,3.829e-13,6.473e-28,5.290e-11,2.953e-19,4.500e-34,5.424e+0,5.769e+0,2.675e-20,1.998e-19,7.681e-20,8.576e-2,1.118e-3,1.209e+2,2.192e-19,2.117e-26,1.084e+0,3.264e-23,1.238e-20,1.588e-17,6.172e-20,,,,,,1.445e-19,,,2.289e-16,4.121e-18,,1.274e-20,,,,,2.047e-2,7.131e-2,9.656e-18,1.505e-18,7.782e-3,2.997e-2,8.258e-18
330.23,1.678e+2,2.503e-21,2.988e-28,6.084e-46,1.460e+0,9.809e-17,,9.570e-21,1.609e-22,,1.331e-15,6.001e-21,3.640e-30,5.194e-18,6.553e-22,1.399e-14,,2.076e-13,3.222e-28,2.254e-11,2.958e-19,4.504e-34,6.996e+0,8.175e+0,7.097e-20,2.012e-19,7.684e-20,8.523e-2,1.503e-3,1.498e+2,2.190e-19,2.116e-26,1.114e+0,3.265e-23,1.236e-20,1.584e-17,6.186e-20,,,,,,1.463e-19,,,6.525e-16,4.122e-18,,1.274e-20,,,,,3.499e-2,5.235e-2,9.643e-18,1.505e-18,3.957e-3,5.044e-2,8.259e-18
330.25,1.926e+2,2.505e-21,2.993e-28,6.077e-46,1.470e+0,1.074e-16,,9.546e-21,1.608e-22,,1.331e-15,5.958e-21,3.647e-30,5.197e-18,6.428e-22,1.364e-14,,1.368e-13,2.006e-28,1.265e-11,2.961e-19,4.506e-34,8.220e+0,1.022e+1,1.348e-19,2.022e-19,7.686e-20,8.495e-2,1.816e-3,1.714e+2,2.189e-19,2.115e-26,1.125e+0,3.266e-23,1.235e-20,1.582e-17,6.195e-20,,,,,,1.475e-19,,,1.301e-15,4.123e-18,,1.274e-20,,,,,4.959e-2,4.224e-2,9.634e-18,1.506e-18,2.499e-3,7.074e-2,8.259e-18
330.28,2.343e+2,2.507e-21,3.002e-28,6.067e-46,1.466e+0,1.216e-16,,9.509e-21,1.607e-22,,1.332e-15,5.894e-21,3.657e-30,5.202e-18,6.241e-22,1.296e-14,,7.224e-14,9.724e-29,5.250e-12,2.966e-19,4.509e-34,1.034e+1,1.411e+1,3.485e-19,2.036e-19,7.689e-20,8.455e-2,2.379e-3,2.069e+2,2.187e-19,2.114e-26,1.126e+0,3.267e-23,1.233e-20,1.578e-17,6.209e-20,,,,,,1.492e-19,,,3.613e-15,4.125e-18,,1.274e-20,,,,,8.258e-2,3.020e-2,9.621e-18,1.507e-18,1.237e-3,1.160e-1,8.261e-18
330.3,2.649e+2,2.508e-21,3.007e-28,6.060e-46,1.451e+0,1.308e-16,,9.484e-21,1.606e-22,,1.332e-15,5.850e-21,3.664e-30,5.206e-18,6.116e-22,1.241e-14,,4.678e-14,5.948e-29,2.895e-12,2.970e-19,4.511e-34,1.195e+1,1.734e+1,6.507e-19,2.046e-19,7.691e-20,8.423e-2,2.824e-3,2.327e+2,2.186e-19,2.114e-26,1.117e+0,3.268e-23,1.232e-20,1.575e-17,6.218e-20,,,,,,1.504e-19,,,7.079e-15,4.126e-18,,1.274e-20,,,,,1.150e-1,2.394e-2,9.613e-18,1.507e-18,7.678e-4,1.599e-1,8.261e-18
330.33,3.148e+2,2.510e-21,3.016e-28,6.049e-46,1.410e+0,1.442e-16,,9.447e-21,1.605e-22,,1.333e-15,5.786e-21,3.674e-30,5.211e-18,5.929e-22,1.150e-14,,2.405e-14,2.808e-29,1.170e-12,2.975e-19,4.515e-34,1.467e+1,2.332e+1,1.639e-18,2.060e-19,7.694e-20,8.362e-2,3.604e-3,2.738e+2,2.184e-19,2.113e-26,1.090e+0,3.270e-23,1.230e-20,1.572e-17,6.232e-20,,,,,,1.522e-19,,,1.916e-14,4.127e-18,,1.273e-20,,,,,1.866e-1,1.667e-2,9.600e-18,1.508e-18,3.703e-4,2.553e-1,8.263e-18
330.35,3.506e+2,2.511e-21,3.021e-28,6.042e-46,1.371e+0,1.525e-16,,9.422e-21,1.604e-22,,1.334e-15,5.742e-21,3.681e-30,5.214e-18,5.804e-22,1.083e-14,,1.530e-14,1.687e-29,6.338e-13,2.978e-19,4.517e-34,1.669e+1,2.817e+1,3.007e-18,2.069e-19,7.696e-20,8.307e-2,4.203e-3,3.026e+2,2.182e-19,2.112e-26,1.063e+0,3.271e-23,1.229e-20,1.569e-17,6.241e-20,,,,,,1.534e-19,,,3.689e-14,4.128e-18,,1.273e-20,,,,,2.554e-1,1.298e-2,9.591e-18,1.508e-18,2.257e-4,3.458e-1,8.263e-18
330.38,4.072e+2,2.513e-21,3.030e-28,6.031e-46,1.298e+0,1.637e-16,,9.385e-21,1.602e-22,,1.334e-15,5.678e-21,3.692e-30,5.219e-18,5.617e-22,9.767e-15,,7.663e-15,7.756e-30,2.494e-13,2.983e-19,4.520e-34,2.000e+1,3.690e+1,7.379e-18,2.084e-19,7.699e-20,8.198e-2,5.225e-3,3.470e+2,2.181e-19,2.111e-26,1.010e+0,3.272e-23,1.228e-20,1.565e-17,6.255e-20,,,,,,1.552e-19,,,9.728e-14,4.130e-18,,1.273e-20,,,,,4.036e-1,8.806e-3,9.578e-18,1.509e-18,1.060e-4,5.381e-1,8.265e-18
330.4,4.466e+2,2.515e-21,3.036e-28,6.024e-46,1.241e+0,1.702e-16,,9.361e-21,1.602e-22,,1.335e-15,5.635e-21,3.699e-30,5.222e-18,5.492e-22,9.040e-15,,4.790e-15,4.580e-30,1.327e-13,2.987e-19,4.522e-34,2.238e+1,4.379e+1,1.331e-17,2.093e-19,7.701e-20,8.107e-2,5.989e-3,3.769e+2,2.179e-19,2.110e-26,9.673e-1,3.273e-23,1.227e-20,1.563e-17,6.265e-20,,,,,,1.564e-19,,,1.841e-13,4.131e-18,,1.273e-20,,,,,5.428e-1,6.739e-3,9.570e-18,1.510e-18,6.347e-5,7.162e-1,8.265e-18
330.42,4.870e+2,2.516e-21,3.041e-28,6.017e-46,1.178e+0,1.756e-16,,9.336e-21,1.601e-22,,1.335e-15,5.591e-21,3.706e-30,5.226e-18,5.368e-22,8.309e-15,,2.973e-15,2.686e-30,7.014e-14,2.990e-19,4.524e-34,2.490e+1,5.161e+1,2.384e-17,2.103e-19,7.703e-20,7.998e-2,6.816e-3,4.066e+2,2.178e-19,2.110e-26,9.203e-1,3.274e-23,1.225e-20,1.560e-17,6.274e-20,,,,,,1.576e-19,,,3.460e-13,4.132e-18,,1.273e-20,,,,,7.250e-1,5.120e-3,9.561e-18,1.510e-18,3.774e-5,9.467e-1,8.266e-18
330.45,5.483e+2,2.518e-21,3.050e-28,6.007e-46,1.076e+0,1.817e-16,,9.299e-21,1.599e-22,,1.336e-15,5.527e-21,3.716e-30,5.231e-18,5.180e-22,7.226e-15,,1.434e-15,1.192e-30,2.659e-14,2.995e-19,4.528e-34,2.888e+1,6.517e+1,5.640e-17,2.117e-19,7.706e-20,7.804e-2,8.168e-3,4.497e+2,2.176e-19,2.109e-26,8.429e-1,3.275e-23,1.224e-20,1.557e-17,6.288e-20,,,,,,1.594e-19,,,8.797e-13,4.133e-18,,1.273e-20,,,,,1.105e+0,3.347e-3,9.548e-18,1.511e-18,1.708e-5,1.420e+0,8.267e-18
330.47,5.891e+2,2.519e-21,3.055e-28,6.000e-46,1.004e+0,1.843e-16,,9.274e-21,1.599e-22,,1.337e-15,5.484e-21,3.723e-30,5.234e-18,5.055e-22,6.526e-15,,8.746e-16,6.910e-31,1.381e-14,2.998e-19,4.530e-34,3.164e+1,7.548e+1,9.928e-17,2.126e-19,7.707e-20,7.654e-2,9.135e-3,4.768e+2,2.175e-19,2.108e-26,7.880e-1,3.276e-23,1.223e-20,1.554e-17,6.297e-20,,,,,,1.605e-19,,,1.625e-12,4.134e-18,,1.272e-20,,,,,1.450e+0,2.499e-3,9.540e-18,1.511e-18,9.978e-6,1.844e+0,8.268e-18
330.5,6.492e+2,2.521e-21,3.064e-28,5.989e-46,8.933e-1,1.857e-16,,9.237e-21,1.597e-22,,1.337e-15,5.419e-21,3.734e-30,5.239e-18,4.868e-22,5.529e-15,,4.110e-16,3.109e-31,5.097e-15,3.003e-19,4.533e-34,3.588e+1,9.285e+1,2.289e-16,2.141e-19,7.710e-20,7.401e-2,1.066e-2,5.140e+2,2.173e-19,2.107e-26,7.030e-1,3.277e-23,1.221e-20,1.550e-17,6.311e-20,,,,,,1.623e-19,,,4.026e-12,4.136e-18,,1.272e-20,,,,,2.152e+0,1.591e-3,9.527e-18,1.512e-18,4.397e-6,2.695e+0,8.269e-18
330.52,6.879e+2,2.523e-21,3.069e-28,5.982e-46,8.193e-1,1.851e-16,,9.213e-21,1.596e-22,,1.338e-15,5.376e-21,3.741e-30,5.243e-18,4.743e-22,4.907e-15,,2.462e-16,1.954e-31,2.600e-15,3.007e-19,4.535e-34,3.874e+1,1.057e+2,3.959e-16,2.150e-19,7.712e-20,7.214e-2,1.172e-2,5.357e+2,2.172e-19,2.106e-26,6.459e-1,3.278e-23,1.220e-20,1.548e-17,6.320e-20,,,,,,1.635e-19,,,7.308e-12,4.136e-18,,1.272e-20,,,,,2.776e+0,1.167e-3,9.518e-18,1.513e-18,2.524e-6,3.440e+0,8.270e-18
330.55,7.426e+2,2.525e-21,3.078e-28,5.971e-46,7.103e-1,1.817e-16,,9.176e-21,1.595e-22,,1.339e-15,5.311e-21,3.751e-30,5.248e-18,4.556e-22,4.049e-15,,1.127e-16,1.387e-31,9.346e-16,3.012e-19,4.539e-34,4.299e+1,1.266e+2,8.892e-16,2.165e-19,7.715e-20,6.911e-2,1.333e-2,5.627e+2,2.170e-19,2.105e-26,5.613e-1,3.280e-23,1.218e-20,1.544e-17,6.334e-20,,,,,,5.370e-19,,,1.764e-11,4.138e-18,,1.272e-20,,,,,4.013e+0,7.235e-4,9.505e-18,1.513e-18,1.083e-6,4.898e+0,8.271e-18
330.57,7.764e+2,2.526e-21,3.084e-28,5.964e-46,6.403e-1,1.779e-16,,9.151e-21,1.594e-22,,1.339e-15,5.268e-21,3.758e-30,5.251e-18,4.431e-22,3.531e-15,,6.632e-17,1.616e-31,4.684e-16,3.015e-19,4.541e-34,4.577e+1,1.416e+2,1.512e-15,2.174e-19,7.717e-20,6.696e-2,1.439e-2,5.765e+2,2.169e-19,2.105e-26,5.068e-1,3.281e-23,1.217e-20,1.542e-17,6.343e-20,,,,,,1.176e-18,,,3.147e-11,4.139e-18,,1.272e-20,,,,,5.087e+0,5.215e-4,9.497e-18,1.514e-18,6.108e-7,6.144e+0,8.272e-18
330.6,8.221e+2,2.528e-21,3.092e-28,5.953e-46,5.409e-1,1.702e-16,,9.114e-21,1.593e-22,,1.340e-15,5.203e-21,3.769e-30,5.256e-18,4.244e-22,2.838e-15,,2.956e-17,3.058e-31,1.640e-16,3.020e-19,4.544e-34,4.976e+1,1.654e+2,3.309e-15,2.188e-19,7.720e-20,6.357e-2,1.594e-2,5.902e+2,2.167e-19,2.104e-26,4.290e-1,3.282e-23,1.215e-20,1.538e-17,6.357e-20,,,,,,3.763e-18,,,7.403e-11,4.140e-18,,1.271e-20,,,,,7.166e+0,3.149e-4,9.484e-18,1.514e-18,2.552e-7,8.520e+0,8.273e-18
330.62,8.489e+2,2.529e-21,3.098e-28,5.946e-46,4.793e-1,1.637e-16,,9.089e-21,1.592e-22,,1.340e-15,5.160e-21,3.776e-30,5.259e-18,4.119e-22,2.432e-15,,1.709e-17,5.187e-31,8.072e-17,3.023e-19,4.546e-34,5.227e+1,1.818e+2,5.529e-15,2.198e-19,7.722e-20,6.121e-2,1.692e-2,5.945e+2,2.165e-19,2.103e-26,3.806e-1,3.283e-23,1.214e-20,1.535e-17,6.366e-20,,,,,,8.101e-18,,,1.298e-10,4.141e-18,,1.271e-20,,,,,8.926e+0,2.230e-4,9.475e-18,1.515e-18,1.414e-7,1.050e+1,8.274e-18
330.65,8.830e+2,2.531e-21,3.106e-28,5.936e-46,3.945e-1,1.525e-16,,9.052e-21,1.591e-22,,1.341e-15,5.095e-21,3.786e-30,5.264e-18,3.932e-22,1.904e-15,,7.418e-18,1.178e-30,2.752e-17,3.028e-19,4.550e-34,5.575e+1,2.068e+2,1.179e-14,2.212e-19,7.725e-20,5.757e-2,1.825e-2,5.932e+2,2.163e-19,2.102e-26,3.139e-1,3.284e-23,1.213e-20,1.532e-17,6.380e-20,,,,,,2.526e-17,,,2.975e-10,4.143e-18,,1.271e-20,,,,,1.225e+1,1.311e-4,9.462e-18,1.516e-18,5.755e-8,1.419e+1,8.275e-18
330.67,9.014e+2,2.532e-21,3.112e-28,5.929e-46,3.436e-1,1.442e-16,,9.028e-21,1.590e-22,,1.342e-15,5.052e-21,3.793e-30,5.268e-18,3.807e-22,1.603e-15,,4.215e-18,2.033e-30,1.331e-17,3.032e-19,4.552e-34,5.785e+1,2.234e+2,1.936e-14,2.222e-19,7.727e-20,5.509e-2,1.904e-2,5.873e+2,2.162e-19,2.101e-26,2.736e-1,3.285e-23,1.212e-20,1.529e-17,6.389e-20,,,,,,5.345e-17,,,5.126e-10,4.144e-18,,1.271e-20,,,,,1.499e+1,9.126e-5,9.454e-18,1.516e-18,3.133e-8,1.719e+1,8.276e-18
330.7,9.228e+2,2.534e-21,3.120e-28,5.918e-46,2.756e-1,1.308e-16,,8.991e-21,1.589e-22,,1.342e-15,4.987e-21,3.804e-30,5.273e-18,3.620e-22,1.222e-15,,1.781e-18,4.560e-30,4.418e-18,3.037e-19,4.555e-34,6.061e+1,2.477e+2,4.022e-14,2.236e-19,7.730e-20,5.130e-2,2.001e-2,5.712e+2,2.160e-19,2.100e-26,2.198e-1,3.287e-23,1.210e-20,1.525e-17,6.403e-20,,,,,,1.624e-16,,,1.145e-9,4.145e-18,,1.271e-20,,,,,2.005e+1,5.227e-5,9.441e-18,1.517e-18,1.241e-8,2.262e+1,8.277e-18
330.72,9.329e+2,2.536e-21,3.126e-28,5.911e-46,2.359e-1,1.216e-16,,8.966e-21,1.588e-22,,1.343e-15,4.944e-21,3.811e-30,5.276e-18,3.495e-22,1.011e-15,,9.943e-19,7.748e-30,2.099e-18,3.040e-19,4.557e-34,6.218e+1,2.631e+2,6.491e-14,2.245e-19,7.732e-20,4.874e-2,2.051e-2,5.561e+2,2.159e-19,2.099e-26,1.883e-1,3.287e-23,1.209e-20,1.523e-17,6.412e-20,,,,,,3.377e-16,,,1.939e-9,4.146e-18,,1.270e-20,,,,,2.411e+1,3.574e-5,9.432e-18,1.517e-18,6.639e-9,2.693e+1,8.278e-18
330.75,9.421e+2,2.538e-21,3.134e-28,5.900e-46,1.844e-1,1.075e-16,,8.929e-21,1.587e-22,,1.344e-15,4.879e-21,3.821e-30,5.281e-18,3.308e-22,7.510e-16,,4.093e-19,1.694e-29,6.786e-19,3.045e-19,4.561e-34,6.411e+1,2.843e+2,1.314e-13,2.260e-19,7.735e-20,4.488e-2,2.099e-2,5.274e+2,2.157e-19,2.098e-26,1.474e-1,3.289e-23,1.207e-20,1.519e-17,6.426e-20,,,,,,9.998e-16,,,4.218e-9,4.148e-18,,1.270e-20,,,,,3.140e+1,1.994e-5,9.419e-18,1.518e-18,2.562e-9,3.453e+1,8.279e-18
330.77,9.447e+2,2.539e-21,3.140e-28,5.893e-46,1.551e-1,9.811e-17,,8.904e-21,1.586e-22,,1.344e-15,4.836e-21,3.828e-30,5.285e-18,3.183e-22,6.106e-16,,2.245e-19,2.830e-29,3.168e-19,3.048e-19,4.563e-34,6.511e+1,2.969e+2,2.084e-13,2.269e-19,7.737e-20,4.230e-2,2.114e-2,5.048e+2,2.156e-19,2.098e-26,1.240e-1,3.290e-23,1.206e-20,1.516e-17,6.435e-20,,,,,,2.044e-15,,,7.021e-9,4.149e-18,,1.270e-20,,,,,3.713e+1,1.339e-5,9.411e-18,1.519e-18,1.346e-9,4.040e+1,8.280e-18
330.79,9.448e+2,2.540e-21,3.146e-28,5.886e-46,1.296e-1,8.896e-17,,8.879e-21,1.585e-22,,1.345e-15,4.793e-21,3.835e-30,5.288e-18,3.058e-22,4.929e-16,,1.222e-19,4.694e-29,1.468e-19,3.052e-19,4.565e-34,6.589e+1,3.080e+2,3.283e-13,2.279e-19,7.739e-20,3.973e-2,2.114e-2,4.801e+2,2.155e-19,2.097e-26,1.037e-1,3.291e-23,1.205e-20,1.514e-17,6.444e-20,,,,,,4.149e-15,,,1.161e-8,4.150e-18,,1.270e-20,,,,,4.358e+1,8.933e-6,9.402e-18,1.519e-18,7.024e-10,4.693e+1,8.280e-18
330.82,9.409e+2,2.542e-21,3.154e-28,5.876e-46,9.771e-2,7.581e-17,,8.842e-21,1.584e-22,,1.345e-15,4.728e-21,3.846e-30,5.293e-18,2.871e-22,3.528e-16,,4.848e-20,9.898e-29,4.573e-20,3.057e-19,4.568e-34,6.664e+1,3.214e+2,6.407e-13,2.293e-19,7.742e-20,3.590e-2,2.087e-2,4.399e+2,2.153e-19,2.096e-26,7.822e-2,3.292e-23,1.203e-20,1.510e-17,6.458e-20,,,,,,1.184e-14,,,2.435e-8,4.151e-18,,1.270e-20,,,,,5.472e+1,4.802e-6,9.389e-18,1.520e-18,2.612e-10,5.801e+1,8.282e-18
330.84,9.362e+2,2.544e-21,3.160e-28,5.868e-46,8.024e-2,6.756e-17,,8.818e-21,1.583e-22,,1.346e-15,4.685e-21,3.853e-30,5.296e-18,2.746e-22,2.799e-16,,2.594e-20,1.614e-28,2.083e-20,3.060e-19,4.570e-34,6.688e+1,3.281e+2,9.920e-13,2.303e-19,7.744e-20,3.339e-2,2.051e-2,4.116e+2,2.151e-19,2.095e-26,6.426e-2,3.293e-23,1.202e-20,1.508e-17,6.468e-20,,,,,,2.363e-14,,,3.956e-8,4.152e-18,,1.270e-20,,,,,6.313e+1,3.147e-6,9.381e-18,1.520e-18,1.339e-10,6.623e+1,8.282e-18
330.87,9.269e+2,2.546e-21,3.168e-28,5.858e-46,5.894e-2,5.612e-17,,8.781e-21,1.582e-22,,1.347e-15,4.620e-21,3.863e-30,5.301e-18,2.559e-22,1.951e-16,,1.002e-20,3.315e-28,6.316e-21,3.065e-19,4.574e-34,6.688e+1,3.345e+2,1.886e-12,2.317e-19,7.747e-20,2.970e-2,1.971e-2,3.685e+2,2.149e-19,2.094e-26,4.722e-2,3.294e-23,1.201e-20,1.504e-17,6.481e-20,,,,,,6.575e-14,,,8.085e-8,4.154e-18,,1.269e-20,,,,,7.721e+1,1.648e-6,9.368e-18,1.521e-18,4.849e-11,7.974e+1,8.283e-18
330.89,9.198e+2,2.547e-21,3.174e-28,5.851e-46,4.757e-2,4.919e-17,,8.756e-21,1.581e-22,,1.347e-15,4.577e-21,3.870e-30,5.305e-18,2.434e-22,1.521e-16,,5.266e-21,5.312e-28,2.826e-21,3.068e-19,4.576e-34,6.666e+1,3.363e+2,2.870e-12,2.326e-19,7.749e-20,2.732e-2,1.904e-2,3.397e+2,2.148e-19,2.094e-26,3.812e-2,3.295e-23,1.199e-20,1.501e-17,6.491e-20,,,,,,1.289e-13,,,1.291e-7,4.155e-18,,1.269e-20,,,,,8.754e+1,1.061e-6,9.359e-18,1.521e-18,2.442e-11,8.947e+1,8.284e-18
330.92,9.087e+2,2.549e-21,3.183e-28,5.840e-46,3.405e-2,3.988e-17,,2.882e-20,1.579e-22,,1.348e-15,4.512e-21,3.881e-30,5.310e-18,2.247e-22,1.033e-16,,1.981e-21,1.063e-27,2.973e-21,3.073e-19,4.579e-34,6.606e+1,3.355e+2,5.317e-12,2.341e-19,7.752e-20,2.388e-2,1.783e-2,2.978e+2,2.146e-19,2.093e-26,2.728e-2,3.296e-23,1.198e-20,1.498e-17,6.504e-20,,,,,,3.496e-13,,,2.571e-7,4.156e-18,,1.269e-20,,,,,1.043e+2,5.415e-7,9.346e-18,1.522e-18,8.611e-12,1.049e+2,8.285e-18
330.94,9.015e+2,2.550e-21,3.188e-28,5.833e-46,2.702e-2,3.443e-17,,6.323e-20,1.579e-22,,1.348e-15,4.469e-21,3.888e-30,5.313e-18,2.122e-22,7.911e-17,,1.023e-21,1.674e-27,3.072e-21,3.077e-19,4.581e-34,6.550e+1,3.328e+2,7.952e-12,2.350e-19,7.754e-20,2.169e-2,1.692e-2,2.711e+2,2.145e-19,2.092e-26,2.164e-2,3.297e-23,1.197e-20,1.495e-17,6.514e-20,,,,,,6.738e-13,,,4.035e-7,4.157e-18,,1.269e-20,,,,,1.162e+2,3.429e-7,9.338e-18,1.523e-18,4.261e-12,1.157e+2,8.286e-18
330.97,8.916e+2,2.552e-21,3.197e-28,5.822e-46,1.884e-2,2.737e-17,,2.028e-19,1.577e-22,,1.349e-15,4.404e-21,3.898e-30,5.318e-18,1.935e-22,5.233e-17,,3.747e-22,3.266e-27,3.220e-21,3.082e-19,4.585e-34,6.446e+1,3.261e+2,1.435e-11,2.364e-19,7.757e-20,1.859e-2,1.543e-2,2.339e+2,2.143e-19,2.091e-26,1.509e-2,3.299e-23,1.195e-20,1.491e-17,6.528e-20,,,,,,1.780e-12,,,7.830e-7,4.159e-18,,1.269e-20,,,,,1.349e+2,1.712e-7,9.325e-18,1.523e-18,1.463e-12,1.322e+2,8.287e-18
330.99,8.859e+2,2.554e-21,3.202e-28,5.815e-46,1.469e-2,2.340e-17,,4.373e-19,1.576e-22,,1.350e-15,4.361e-21,3.905e-30,5.322e-18,1.810e-22,3.938e-17,,1.902e-22,5.054e-27,3.318e-21,3.085e-19,4.587e-34,6.366e+1,3.201e+2,2.110e-11,2.374e-19,7.759e-20,1.666e-2,1.439e-2,2.112e+2,2.142e-19,2.090e-26,1.176e-2,3.300e-23,1.194e-20,1.489e-17,6.537e-20,,,,,,3.372e-12,,,1.208e-6,4.160e-18,,1.268e-20,,,,,1.477e+2,1.076e-7,9.316e-18,1.524e-18,7.113e-13,1.433e+2,8.288e-18
331.02,8.793e+2,2.556e-21,3.211e-28,5.805e-46,9.987e-3,1.848e-17,,1.367e-18,1.575e-22,,1.350e-15,4.296e-21,3.916e-30,5.327e-18,5.954e-22,2.537e-17,,6.783e-23,9.605e-27,3.466e-21,3.090e-19,4.590e-34,6.233e+1,3.096e+2,3.710e-11,2.388e-19,7.762e-20,1.398e-2,1.279e-2,1.808e+2,2.140e-19,2.089e-26,7.991e-3,3.301e-23,1.192e-20,1.485e-17,6.551e-20,,,,,,8.680e-12,,,2.283e-6,4.161e-18,,1.268e-20,,,,,1.670e+2,5.514e-8,9.303e-18,1.525e-18,2.379e-13,1.595e+2,8.289e-18
331.04,8.763e+2,2.557e-21,3.216e-28,5.798e-46,7.654e-3,1.586e-17,,2.898e-18,1.574e-22,,1.351e-15,4.253e-21,3.923e-30,5.330e-18,1.306e-21,1.876e-17,,3.382e-23,1.461e-26,3.564e-21,3.094e-19,4.592e-34,6.139e+1,3.021e+2,5.359e-11,2.398e-19,7.764e-20,1.235e-2,1.172e-2,1.632e+2,2.139e-19,2.089e-26,6.121e-3,3.302e-23,1.191e-20,1.483e-17,6.560e-20,,,,,,1.616e-11,,,3.461e-6,4.162e-18,,1.268e-20,,,,,1.797e+2,3.788e-8,9.295e-18,1.525e-18,1.136e-13,1.698e+2,8.290e-18
331.07,8.738e+2,2.559e-21,3.225e-28,5.787e-46,5.069e-3,1.287e-17,,8.826e-18,1.573e-22,,1.352e-15,4.189e-21,3.933e-30,5.335e-18,4.185e-21,1.177e-17,,1.175e-23,2.705e-26,3.712e-21,3.099e-19,4.596e-34,5.992e+1,2.910e+2,9.183e-11,2.412e-19,7.767e-20,1.014e-2,1.014e-2,1.407e+2,2.137e-19,2.088e-26,4.050e-3,3.303e-23,1.189e-20,1.479e-17,6.574e-20,,,,,,4.054e-11,,,6.375e-6,4.164e-18,,1.268e-20,,,,,1.980e+2,2.878e-8,9.282e-18,1.526e-18,3.700e-14,1.842e+2,8.291e-18
331.09,8.735e+2,2.560e-21,3.231e-28,5.780e-46,3.819e-3,1.148e-17,,1.839e-17,1.572e-22,,1.352e-15,4.145e-21,3.940e-30,5.338e-18,9.020e-21,8.556e-18,,5.754e-24,4.044e-26,3.810e-21,3.102e-19,4.598e-34,5.891e+1,2.842e+2,1.304e-10,2.422e-19,7.769e-20,8.817e-3,9.135e-3,1.284e+2,2.135e-19,2.087e-26,3.049e-3,3.304e-23,1.188e-20,1.476e-17,6.583e-20,,,,,,7.419e-11,,,9.498e-6,4.165e-18,,1.268e-20,,,,,2.093e+2,3.183e-8,9.273e-18,1.526e-18,1.736e-14,1.927e+2,8.292e-18
331.12,8.750e+2,2.562e-21,3.239e-28,5.769e-46,2.465e-3,1.024e-17,,5.458e-17,1.571e-22,,1.353e-15,4.081e-21,3.951e-30,5.343e-18,2.818e-20,5.230e-18,,1.947e-24,7.296e-26,3.958e-21,3.107e-19,4.601e-34,5.739e+1,2.756e+2,2.176e-10,2.436e-19,7.772e-20,7.071e-3,7.703e-3,1.138e+2,2.134e-19,2.086e-26,1.965e-3,3.306e-23,1.187e-20,1.472e-17,6.597e-20,,,,,,1.813e-10,,,1.705e-5,4.166e-18,,1.267e-20,,,,,2.246e+2,5.149e-8,9.260e-18,1.527e-18,5.507e-15,2.036e+2,8.293e-18
331.14,8.771e+2,2.564e-21,3.245e-28,5.762e-46,1.825e-3,9.976e-18,,1.118e-16,1.570e-22,,1.353e-15,4.037e-21,3.958e-30,5.347e-18,5.969e-20,3.734e-18,,9.368e-25,1.072e-25,4.056e-21,3.110e-19,4.603e-34,5.636e+1,2.715e+2,3.037e-10,2.445e-19,7.774e-20,6.055e-3,6.816e-3,1.065e+2,2.132e-19,2.085e-26,1.454e-3,3.306e-23,1.186e-20,1.470e-17,6.606e-20,,,,,,3.262e-10,,,2.496e-5,4.167e-18,,1.267e-20,,,,,2.334e+2,7.860e-8,9.252e-18,1.528e-18,2.538e-15,2.094e+2,8.294e-18
331.16,8.799e+2,2.565e-21,3.250e-28,5.755e-46,1.342e-3,1.015e-17,,2.273e-16,1.569e-22,,1.354e-15,3.994e-21,3.965e-30,5.350e-18,1.256e-19,2.647e-18,,4.476e-25,1.564e-25,4.155e-21,3.114e-19,4.606e-34,5.534e+1,2.690e+2,4.207e-10,2.455e-19,7.776e-20,5.151e-3,5.989e-3,1.009e+2,2.131e-19,2.085e-26,1.068e-3,3.307e-23,1.185e-20,1.467e-17,6.615e-20,,,,,,5.828e-10,,,3.630e-5,4.168e-18,,1.267e-20,,,,,2.409e+2,1.230e-7,9.243e-18,1.528e-18,1.162e-15,2.138e+2,8.295e-18
331.19,8.850e+2,2.567e-21,3.259e-28,5.745e-46,8.352e-4,1.126e-17,,6.507e-16,1.568e-22,,1.355e-15,3.930e-21,3.975e-30,5.355e-18,3.784e-19,1.560e-18,,1.459e-25,2.721e-25,4.302e-21,3.119e-19,4.609e-34,5.380e+1,2.687e+2,6.773e-10,2.469e-19,7.779e-20,3.994e-3,4.868e-3,9.560e+1,2.129e-19,2.084e-26,6.634e-4,3.309e-23,1.183e-20,1.464e-17,6.629e-20,,,,,,1.374e-9,,,6.282e-5,4.170e-18,,1.267e-20,,,,,2.492e+2,2.425e-7,9.230e-18,1.529e-18,3.551e-16,2.177e+2,8.296e-18
331.21,8.888e+2,2.568e-21,3.264e-28,5.737e-46,6.036e-4,1.259e-17,,1.301e-15,1.567e-22,,1.355e-15,3.886e-21,3.982e-30,5.359e-18,7.826e-19,1.086e-18,,6.851e-26,3.902e-25,4.401e-21,3.122e-19,4.611e-34,5.278e+1,2.711e+2,9.223e-10,2.479e-19,7.781e-20,3.343e-3,4.203e-3,9.377e+1,2.128e-19,2.083e-26,4.788e-4,3.310e-23,1.182e-20,1.461e-17,6.638e-20,,,,,,2.412e-9,,,8.977e-5,4.171e-18,,1.267e-20,,,,,2.527e+2,3.797e-7,9.222e-18,1.529e-18,1.597e-16,2.185e+2,8.297e-18
331.24,8.948e+2,2.570e-21,3.273e-28,5.727e-46,3.661e-4,1.549e-17,,3.629e-15,1.566e-22,,1.356e-15,3.822e-21,3.992e-30,5.364e-18,2.298e-18,6.234e-19,,2.175e-26,6.614e-25,4.548e-21,3.127e-19,4.614e-34,5.126e+1,2.790e+2,1.447e-9,2.493e-19,7.784e-20,2.528e-3,3.328e-3,9.314e+1,2.126e-19,2.082e-26,2.898e-4,3.311e-23,1.180e-20,1.457e-17,6.652e-20,,,,,,5.540e-9,,,1.514e-4,4.172e-18,,1.267e-20,,,,,2.547e+2,7.354e-7,9.209e-18,1.530e-18,1.596e-16,2.168e+2,8.298e-18
331.26,8.988e+2,2.572e-21,3.279e-28,5.720e-46,2.601e-4,1.807e-17,,7.130e-15,1.565e-22,,1.356e-15,3.778e-21,3.999e-30,5.367e-18,4.670e-18,4.268e-19,,1.003e-26,9.322e-25,4.647e-21,3.130e-19,4.617e-34,5.024e+1,2.871e+2,1.936e-9,2.502e-19,7.786e-20,2.081e-3,2.824e-3,9.385e+1,2.125e-19,2.081e-26,2.056e-4,3.312e-23,1.179e-20,1.455e-17,6.661e-20,,,,,,9.560e-9,,,2.126e-4,4.173e-18,,1.266e-20,,,,,2.538e+2,1.133e-6,9.200e-18,1.530e-18,1.596e-16,2.138e+2,8.299e-18
331.29,9.043e+2,2.574e-21,3.287e-28,5.709e-46,1.537e-4,2.299e-17,,1.938e-14,1.564e-22,,1.357e-15,3.714e-21,4.010e-30,5.372e-18,1.336e-17,2.385e-19,,3.101e-27,1.540e-24,4.794e-21,3.135e-19,4.620e-34,4.871e+1,3.037e+2,2.959e-9,2.517e-19,7.789e-20,1.535e-3,2.178e-3,9.611e+1,2.123e-19,2.080e-26,1.212e-4,3.313e-23,1.177e-20,1.451e-17,6.675e-20,,,,,,2.140e-8,,,3.494e-4,4.175e-18,,1.266e-20,,,,,2.492e+2,2.140e-6,9.187e-18,1.531e-18,1.595e-16,2.066e+2,8.300e-18
331.31,9.076e+2,2.575e-21,3.293e-28,5.702e-46,1.073e-4,2.701e-17,,3.743e-14,1.563e-22,,1.358e-15,3.671e-21,4.017e-30,5.375e-18,2.670e-17,1.604e-19,,1.405e-27,2.132e-24,4.893e-21,3.139e-19,4.622e-34,4.768e+1,3.175e+2,3.891e-9,2.526e-19,7.791e-20,1.242e-3,1.816e-3,9.815e+1,2.121e-19,2.080e-26,8.449e-5,3.314e-23,1.176e-20,1.449e-17,6.684e-20,,,,,,3.629e-8,,,4.822e-4,4.176e-18,,1.266e-20,,,,,2.440e+2,3.242e-6,9.179e-18,1.532e-18,1.595e-16,2.002e+2,8.300e-18
331.34,9.119e+2,2.577e-21,3.301e-28,5.691e-46,6.180e-5,3.423e-17,,9.917e-14,1.562e-22,,1.359e-15,3.606e-21,4.027e-30,5.380e-18,7.444e-17,8.734e-20,,4.231e-28,3.431e-24,5.041e-21,3.144e-19,4.625e-34,4.613e+1,3.423e+2,5.794e-9,2.540e-19,7.794e-20,8.929e-4,1.364e-3,1.015e+2,2.120e-19,2.079e-26,4.853e-5,3.315e-23,1.175e-20,1.445e-17,6.698e-20,,,,,,7.915e-8,,,7.720e-4,4.177e-18,,1.266e-20,,,,,2.334e+2,5.967e-6,9.166e-18,1.532e-18,1.594e-16,1.886e+2,8.302e-18
331.36,9.143e+2,2.578e-21,3.307e-28,5.684e-46,4.241e-5,3.986e-17,,1.883e-13,1.561e-22,,1.359e-15,3.563e-21,4.034e-30,5.384e-18,1.462e-16,5.772e-20,,4.342e-28,4.671e-24,5.139e-21,3.147e-19,4.628e-34,4.508e+1,3.612e+2,7.490e-9,2.550e-19,7.796e-20,7.105e-4,1.118e-3,1.038e+2,2.118e-19,2.078e-26,3.324e-5,3.316e-23,1.173e-20,1.442e-17,6.707e-20,,,,,,1.320e-7,,,1.047e-3,4.178e-18,,1.266e-20,,,,,2.246e+2,8.883e-6,9.157e-18,1.533e-18,1.594e-16,1.796e+2,8.302e-18
331.39,9.172e+2,2.580e-21,3.315e-28,5.674e-46,2.380e-5,4.956e-17,,4.860e-13,1.559e-22,,1.360e-15,3.498e-21,4.045e-30,5.389e-18,3.972e-16,3.061e-20,,4.509e-28,7.324e-24,5.287e-21,3.152e-19,4.631e-34,4.350e+1,3.929e+2,1.087e-8,2.564e-19,7.799e-20,4.978e-4,8.182e-4,1.068e+2,2.116e-19,2.077e-26,1.860e-5,3.318e-23,1.172e-20,1.439e-17,6.721e-20,,,,,,2.804e-7,,,1.634e-3,4.180e-18,,1.265e-20,,,,,2.093e+2,1.593e-5,9.144e-18,1.534e-18,1.593e-16,1.647e+2,8.304e-18
331.41,9.188e+2,2.581e-21,3.321e-28,5.667e-46,1.605e-5,5.688e-17,,9.068e-13,1.559e-22,,1.360e-15,3.455e-21,4.052e-30,5.392e-18,7.669e-16,1.988e-20,,4.620e-28,9.799e-24,5.385e-21,3.155e-19,4.633e-34,4.243e+1,4.159e+2,1.380e-8,2.574e-19,7.801e-20,3.894e-4,6.587e-4,1.083e+2,2.115e-19,2.076e-26,1.252e-5,3.319e-23,1.171e-20,1.436e-17,6.731e-20,,,,,,4.596e-7,,,2.178e-3,4.181e-18,,1.265e-20,,,,,1.980e+2,2.331e-5,9.136e-18,1.534e-18,1.593e-16,1.542e+2,8.304e-18
331.44,9.209e+2,2.583e-21,3.329e-28,5.656e-46,8.777e-6,6.908e-17,,2.281e-12,1.557e-22,,1.361e-15,3.390e-21,4.062e-30,5.397e-18,2.030e-15,1.027e-20,,4.786e-28,1.497e-23,5.533e-21,3.160e-19,4.636e-34,4.081e+1,4.528e+2,1.951e-8,2.588e-19,7.804e-20,2.659e-4,4.697e-4,1.097e+2,2.113e-19,2.075e-26,6.822e-6,3.320e-23,1.169e-20,1.432e-17,6.744e-20,,,,,,9.516e-7,,,3.311e-3,4.182e-18,,1.265e-20,,,,,1.797e+2,4.073e-5,9.123e-18,1.535e-18,1.592e-16,1.378e+2,8.305e-18
331.46,9.223e+2,2.585e-21,3.335e-28,5.649e-46,5.819e-6,7.798e-17,,4.184e-12,1.556e-22,,1.362e-15,3.347e-21,4.069e-30,5.401e-18,3.853e-15,6.551e-21,,4.898e-28,1.969e-23,5.631e-21,3.164e-19,4.639e-34,3.973e+1,4.789e+2,2.436e-8,2.598e-19,7.806e-20,2.044e-4,3.716e-4,1.100e+2,2.112e-19,2.074e-26,4.512e-6,3.321e-23,1.168e-20,1.430e-17,6.754e-20,,,,,,1.533e-6,,,4.338e-3,4.183e-18,,1.265e-20,,,,,1.670e+2,5.857e-5,9.114e-18,1.535e-18,1.592e-16,1.267e+2,8.306e-18
331.49,9.250e+2,2.587e-21,3.344e-28,5.638e-46,3.100e-6,9.235e-17,,1.026e-11,1.555e-22,,1.362e-15,3.282e-21,4.080e-30,5.406e-18,9.941e-15,3.296e-21,,5.064e-28,2.930e-23,5.779e-21,3.169e-19,4.642e-34,3.810e+1,5.197e+2,3.355e-8,2.612e-19,7.809e-20,1.360e-4,2.581e-4,1.092e+2,2.110e-19,2.073e-26,2.396e-6,3.322e-23,1.166e-20,1.426e-17,6.767e-20,,,,,,3.093e-6,,,6.424e-3,4.184e-18,,1.265e-20,,,,,1.477e+2,9.971e-5,9.101e-18,1.536e-18,1.591e-16,1.103e+2,8.307e-18
331.51,9.275e+2,2.588e-21,3.349e-28,5.631e-46,2.020e-6,1.025e-16,,1.849e-11,1.554e-22,,1.363e-15,3.239e-21,4.087e-30,5.409e-18,1.854e-14,2.067e-21,,5.175e-28,3.787e-23,5.877e-21,3.172e-19,4.644e-34,3.702e+1,5.480e+2,4.117e-8,2.621e-19,7.811e-20,1.028e-4,2.006e-4,1.079e+2,2.109e-19,2.073e-26,1.557e-6,3.323e-23,1.165e-20,1.423e-17,6.777e-20,,,,,,4.896e-6,,,8.274e-3,4.185e-18,,1.264e-20,,,,,1.349e+2,1.409e-4,9.093e-18,1.537e-18,1.591e-16,9.969e+1,8.308e-18
331.53,9.309e+2,2.589e-21,3.355e-28,5.624e-46,1.307e-6,1.129e-16,,3.310e-11,1.553e-22,,1.363e-15,3.196e-21,4.094e-30,5.412e-18,3.434e-14,1.287e-21,,5.286e-28,4.860e-23,5.976e-21,3.175e-19,4.646e-34,3.593e+1,5.772e+2,5.017e-8,2.631e-19,7.813e-20,7.710e-5,1.549e-4,1.060e+2,2.107e-19,2.072e-26,1.005e-6,3.324e-23,1.164e-20,1.421e-17,6.786e-20,,,,,,7.697e-6,,,1.058e-2,4.186e-18,,1.264e-20,,,,,1.223e+2,1.979e-4,9.084e-18,1.537e-18,1.590e-16,8.947e+1,8.309e-18
331.56,9.385e+2,2.591e-21,3.363e-28,5.614e-46,6.717e-7,1.290e-16,,7.827e-11,1.552e-22,,1.364e-15,3.131e-21,4.104e-30,5.417e-18,8.547e-14,6.239e-22,,5.453e-28,6.975e-23,6.123e-21,3.181e-19,4.650e-34,3.433e+1,6.228e+2,6.663e-8,2.645e-19,7.816e-20,4.946e-5,1.037e-4,1.019e+2,2.106e-19,2.071e-26,5.144e-7,3.325e-23,1.162e-20,1.417e-17,6.800e-20,,,,,,1.498e-5,,,1.511e-2,4.188e-18,,1.264e-20,,,,,1.043e+2,3.248e-4,9.071e-18,1.538e-18,1.590e-16,7.509e+1,8.310e-18
331.58,9.458e+2,2.593e-21,3.369e-28,5.606e-46,4.272e-7,1.397e-16,,1.377e-10,1.551e-22,,1.365e-15,3.088e-21,4.111e-30,5.421e-18,1.556e-13,3.817e-22,,5.564e-28,8.799e-23,6.222e-21,3.184e-19,4.652e-34,3.327e+1,6.547e+2,7.980e-8,2.655e-19,7.818e-20,3.647e-5,7.866e-5,9.854e+1,2.104e-19,2.070e-26,3.263e-7,3.326e-23,1.161e-20,1.415e-17,6.809e-20,,,,,,2.314e-5,,,1.899e-2,4.189e-18,,1.264e-20,,,,,9.297e+1,4.481e-4,9.062e-18,1.538e-18,1.589e-16,6.623e+1,8.311e-18
331.61,9.612e+2,2.595e-21,3.377e-28,5.596e-46,2.139e-7,1.555e-16,,3.174e-10,1.550e-22,,1.365e-15,3.023e-21,4.122e-30,5.426e-18,3.774e-13,1.803e-22,,5.731e-28,1.230e-22,6.369e-21,3.189e-19,4.655e-34,3.170e+1,7.055e+2,1.032e-7,2.669e-19,7.821e-20,2.279e-5,5.130e-5,9.263e+1,2.102e-19,2.069e-26,1.627e-7,3.328e-23,1.160e-20,1.411e-17,6.823e-20,,,,,,4.389e-5,,,2.642e-2,4.190e-18,,1.264e-20,,,,,7.721e+1,7.169e-4,9.050e-18,1.539e-18,1.589e-16,5.415e+1,8.312e-18
331.63,9.753e+2,2.596e-21,3.383e-28,5.589e-46,1.337e-7,1.655e-16,,5.489e-10,1.549e-22,,1.366e-15,2.980e-21,4.129e-30,5.429e-18,6.754e-13,1.084e-22,,5.842e-28,1.525e-22,6.468e-21,3.192e-19,4.657e-34,3.067e+1,7.418e+2,1.215e-7,2.678e-19,7.823e-20,1.652e-5,3.825e-5,8.825e+1,2.101e-19,2.069e-26,1.014e-7,3.329e-23,1.159e-20,1.408e-17,6.832e-20,,,,,,6.665e-5,,,3.265e-2,4.191e-18,,1.264e-20,,,,,6.763e+1,9.721e-4,9.041e-18,1.539e-18,1.588e-16,4.693e+1,8.313e-18
331.66,1.004e+3,2.598e-21,3.392e-28,5.578e-46,6.523e-8,1.794e-16,,1.233e-9,1.548e-22,,1.367e-15,2.915e-21,4.139e-30,5.434e-18,1.596e-12,4.985e-23,,6.008e-28,2.078e-22,6.616e-21,3.197e-19,4.660e-34,2.915e+1,8.012e+2,1.532e-7,2.693e-19,7.826e-20,1.006e-5,2.430e-5,8.124e+1,2.099e-19,2.068e-26,4.924e-8,3.330e-23,1.157e-20,1.405e-17,6.846e-20,,,,,,1.232e-4,,,4.425e-2,4.193e-18,,1.263e-20,,,,,5.472e+1,1.515e-3,9.028e-18,1.540e-18,1.588e-16,3.738e+1,8.314e-18
331.68,1.029e+3,2.599e-21,3.397e-28,5.571e-46,4.008e-8,1.877e-16,,2.095e-9,1.547e-22,,1.367e-15,2.872e-21,4.146e-30,5.438e-18,2.808e-12,2.944e-23,,6.119e-28,2.532e-22,6.714e-21,3.201e-19,4.663e-34,2.815e+1,8.450e+2,1.772e-7,2.702e-19,7.828e-20,7.162e-6,1.781e-5,7.640e+1,2.098e-19,2.067e-26,3.016e-8,3.331e-23,1.156e-20,1.402e-17,6.855e-20,,,,,,1.838e-4,,,5.373e-2,4.194e-18,,1.263e-20,,,,,4.710e+1,2.019e-3,9.019e-18,1.541e-18,1.587e-16,3.184e+1,8.315e-18
331.71,1.077e+3,2.601e-21,3.406e-28,5.560e-46,1.905e-8,1.983e-16,,4.585e-9,1.546e-22,,1.368e-15,2.807e-21,4.157e-30,5.443e-18,6.466e-12,1.319e-23,,6.286e-28,3.362e-22,6.862e-21,3.206e-19,4.666e-34,2.668e+1,9.189e+2,2.177e-7,2.717e-19,7.830e-20,4.248e-6,1.103e-5,6.915e+1,2.096e-19,2.066e-26,1.427e-8,3.332e-23,1.154e-20,1.398e-17,6.869e-20,,,,,,3.310e-4,,,7.097e-2,4.195e-18,,1.263e-20,,,,,3.713e+1,3.067e-3,9.007e-18,1.541e-18,1.587e-16,2.470e+1,8.316e-18
331.73,1.117e+3,2.603e-21,3.411e-28,5.553e-46,1.150e-8,2.039e-16,,7.661e-9,1.545e-22,,1.368e-15,2.764e-21,4.164e-30,5.446e-18,1.118e-11,7.657e-24,,6.397e-28,4.026e-22,6.960e-21,3.209e-19,4.668e-34,2.571e+1,9.746e+2,2.475e-7,2.726e-19,7.832e-20,2.973e-6,7.951e-6,6.445e+1,2.095e-19,2.065e-26,8.588e-9,3.333e-23,1.153e-20,1.396e-17,6.878e-20,,,,,,4.856e-4,,,8.469e-2,4.196e-18,,1.263e-20,,,,,3.140e+1,4.017e-3,8.998e-18,1.542e-18,1.586e-16,2.068e+1,8.317e-18
331.76,1.192e+3,2.605e-21,3.420e-28,5.543e-46,5.329e-9,2.098e-16,,1.634e-8,1.544e-22,,1.369e-15,2.699e-21,4.174e-30,5.451e-18,2.509e-11,3.342e-24,,6.564e-28,5.208e-22,7.108e-21,3.214e-19,4.671e-34,2.427e+1,1.070e+3,2.961e-7,2.740e-19,7.835e-20,1.718e-6,4.825e-6,5.783e+1,2.093e-19,2.064e-26,3.958e-9,3.334e-23,1.151e-20,1.392e-17,6.892e-20,,,,,,8.520e-4,,,1.090e-1,4.198e-18,,1.263e-20,,,,,2.411e+1,5.944e-3,8.985e-18,1.543e-18,1.585e-16,1.563e+1,8.318e-18
331.78,1.253e+3,2.606e-21,3.426e-28,5.536e-46,3.163e-9,2.120e-16,,2.683e-8,1.543e-22,,1.370e-15,2.656e-21,4.181e-30,5.454e-18,4.265e-11,1.906e-24,,6.675e-28,6.129e-22,7.206e-21,3.217e-19,4.674e-34,2.332e+1,1.143e+3,3.309e-7,2.750e-19,7.837e-20,1.181e-6,3.452e-6,5.381e+1,2.092e-19,2.064e-26,2.341e-9,3.335e-23,1.150e-20,1.390e-17,6.901e-20,,,,,,1.229e-3,,,1.278e-1,4.199e-18,,1.262e-20,,,,,2.005e+1,7.653e-3,8.976e-18,1.543e-18,1.585e-16,1.286e+1,8.319e-18
331.81,1.363e+3,2.608e-21,3.434e-28,5.525e-46,1.427e-9,2.126e-16,,5.576e-8,1.542e-22,,1.370e-15,2.591e-21,4.192e-30,5.459e-18,9.327e-11,8.102e-25,,6.841e-28,7.724e-22,7.354e-21,3.222e-19,4.677e-34,2.190e+1,1.268e+3,3.858e-7,2.764e-19,7.840e-20,6.649e-7,2.124e-6,4.854e+1,2.090e-19,2.063e-26,1.051e-9,3.337e-23,1.149e-20,1.386e-17,6.915e-20,,,,,,2.100e-3,,,1.603e-1,4.200e-18,,1.262e-20,,,,,1.499e+1,1.103e-2,8.964e-18,1.544e-18,1.584e-16,9.468e+0,8.320e-18
331.83,1.449e+3,2.609e-21,3.440e-28,5.518e-46,8.327e-10,2.112e-16,,9.001e-8,1.541e-22,,1.371e-15,2.548e-21,4.199e-30,5.463e-18,1.558e-10,4.540e-25,,6.952e-28,8.935e-22,7.452e-21,3.226e-19,4.679e-34,2.096e+1,1.363e+3,4.237e-7,2.774e-19,7.842e-20,4.493e-7,1.594e-6,4.561e+1,2.088e-19,2.062e-26,6.109e-10,3.338e-23,1.147e-20,1.383e-17,6.924e-20,,,,,,2.977e-3,,,1.847e-1,4.201e-18,,1.262e-20,,,,,1.225e+1,1.396e-2,8.955e-18,1.544e-18,1.584e-16,7.653e+0,8.321e-18
331.86,1.600e+3,2.611e-21,3.448e-28,5.507e-46,3.662e-10,2.063e-16,,1.823e-7,1.539e-22,,1.372e-15,2.484e-21,4.209e-30,5.468e-18,3.321e-10,1.880e-25,,7.119e-28,1.097e-21,7.600e-21,3.231e-19,4.682e-34,1.955e+1,1.524e+3,4.813e-7,2.788e-19,7.845e-20,2.464e-7,1.194e-6,4.219e+1,2.086e-19,2.061e-26,2.672e-10,3.339e-23,1.146e-20,1.380e-17,6.938e-20,,,,,,4.959e-3,,,2.257e-1,4.203e-18,,1.262e-20,,,,,8.926e+0,1.962e-2,8.942e-18,1.545e-18,1.583e-16,5.490e+0,8.322e-18
331.88,1.715e+3,2.613e-21,3.454e-28,5.500e-46,2.099e-10,2.014e-16,,2.892e-7,1.539e-22,,1.372e-15,2.440e-21,4.216e-30,5.471e-18,5.453e-10,1.035e-25,,7.230e-28,1.247e-21,7.698e-21,3.234e-19,4.685e-34,1.862e+1,1.644e+3,5.195e-7,2.797e-19,7.847e-20,1.636e-7,1.154e-6,4.059e+1,2.085e-19,2.060e-26,1.526e-10,3.340e-23,1.145e-20,1.377e-17,6.947e-20,,,,,,6.909e-3,,,2.557e-1,4.204e-18,,1.262e-20,,,,,7.166e+0,2.440e-2,8.933e-18,1.545e-18,1.583e-16,4.361e+0,8.322e-18
331.9,1.841e+3,2.614e-21,3.459e-28,5.493e-46,1.195e-10,1.953e-16,,4.558e-7,1.538e-22,,1.373e-15,2.397e-21,4.223e-30,5.474e-18,8.892e-10,5.660e-26,,7.341e-28,1.408e-21,7.797e-21,3.237e-19,4.687e-34,1.771e+1,1.774e+3,5.568e-7,2.807e-19,7.849e-20,1.079e-7,1.292e-6,3.956e+1,2.084e-19,2.060e-26,8.655e-11,3.341e-23,1.144e-20,1.375e-17,6.957e-20,,,,,,9.559e-3,,,2.877e-1,4.205e-18,,1.261e-20,,,,,5.713e+0,3.013e-2,8.925e-18,1.546e-18,1.583e-16,3.440e+0,8.323e-18
331.93,2.052e+3,2.616e-21,3.468e-28,5.483e-46,5.068e-11,1.841e-16,,8.902e-7,1.536e-22,,1.373e-15,2.332e-21,4.234e-30,5.480e-18,1.828e-9,2.259e-26,,7.508e-28,1.667e-21,7.944e-21,3.242e-19,4.690e-34,1.636e+1,1.989e+3,6.099e-7,2.821e-19,7.852e-20,5.703e-8,1.894e-6,3.907e+1,2.082e-19,2.059e-26,3.649e-11,3.342e-23,1.142e-20,1.371e-17,2.273e-19,,,,,,1.536e-2,,,3.388e-1,4.206e-18,,1.261e-20,,,,,4.013e+0,4.082e-2,8.912e-18,1.547e-18,1.582e-16,2.379e+0,8.324e-18
331.95,2.205e+3,2.617e-21,3.474e-28,5.475e-46,2.836e-11,1.755e-16,,1.379e-6,1.536e-22,,1.374e-15,2.289e-21,4.241e-30,5.483e-18,2.930e-9,1.214e-26,,7.619e-28,1.850e-21,8.043e-21,3.246e-19,4.692e-34,1.548e+1,2.144e+3,6.424e-7,2.831e-19,7.854e-20,3.695e-8,2.641e-6,3.943e+1,2.081e-19,2.058e-26,2.034e-11,3.343e-23,1.141e-20,1.368e-17,4.964e-19,,,,,,2.088e-2,,,3.747e-1,4.207e-18,,1.261e-20,,,,,3.144e+0,4.955e-2,8.903e-18,1.547e-18,1.582e-16,1.844e+0,8.325e-18
331.98,2.451e+3,2.619e-21,3.482e-28,5.465e-46,1.172e-11,1.613e-16,,2.624e-6,1.534e-22,,1.375e-15,2.225e-21,4.251e-30,5.488e-18,5.869e-9,4.717e-27,,7.785e-28,2.134e-21,8.191e-21,3.251e-19,4.696e-34,1.422e+1,2.392e+3,6.856e-7,2.845e-19,7.857e-20,1.903e-8,4.535e-6,4.093e+1,2.079e-19,2.057e-26,8.353e-12,3.344e-23,1.139e-20,1.364e-17,1.581e-18,,,,,,3.269e-2,,,4.300e-1,4.209e-18,,1.261e-20,,,,,2.152e+0,6.541e-2,8.890e-18,1.548e-18,1.581e-16,1.243e+0,8.326e-18
332,2.625e+3,2.621e-21,3.488e-28,5.458e-46,6.445e-12,1.513e-16,,3.995e-6,1.533e-22,,1.375e-15,2.181e-21,4.258e-30,5.491e-18,9.247e-9,2.490e-27,,7.896e-28,2.328e-21,8.289e-21,3.254e-19,4.698e-34,1.342e+1,2.566e+3,7.098e-7,2.854e-19,7.859e-20,1.212e-8,6.547e-6,4.253e+1,2.078e-19,2.056e-26,4.575e-12,3.345e-23,1.138e-20,1.362e-17,3.394e-18,,,,,,4.369e-2,,,4.673e-1,4.210e-18,,1.261e-20,,,,,1.657e+0,7.804e-2,8.882e-18,1.548e-18,1.580e-16,9.467e-1,8.327e-18
332.03,2.894e+3,2.623e-21,3.496e-28,5.447e-46,2.595e-12,1.358e-16,,7.410e-6,1.532e-22,,1.376e-15,2.117e-21,4.269e-30,5.496e-18,1.805e-8,9.428e-28,,8.063e-28,2.616e-21,8.437e-21,3.259e-19,4.701e-34,1.231e+1,2.833e+3,7.381e-7,2.869e-19,7.862e-20,6.077e-9,1.130e-5,4.569e+1,2.076e-19,2.055e-26,1.830e-12,3.347e-23,1.136e-20,1.358e-17,1.054e-17,,,,,,6.665e-2,,,5.226e-1,4.211e-18,,1.260e-20,,,,,1.105e+0,1.004e-1,8.869e-18,1.549e-18,1.580e-16,6.213e-1,8.328e-18
332.05,3.075e+3,2.624e-21,3.502e-28,5.440e-46,1.402e-12,1.255e-16,,1.109e-5,1.531e-22,,1.376e-15,2.073e-21,4.276e-30,5.500e-18,2.796e-8,4.891e-28,,8.174e-28,2.804e-21,8.535e-21,3.262e-19,4.703e-34,1.163e+1,3.014e+3,7.510e-7,2.878e-19,7.864e-20,3.802e-9,1.616e-5,4.823e+1,2.074e-19,2.055e-26,9.851e-13,3.348e-23,1.135e-20,1.356e-17,2.223e-17,,,,,,8.756e-2,,,5.582e-1,4.212e-18,,1.260e-20,,,,,8.357e-1,1.177e-1,8.860e-18,1.550e-18,1.579e-16,4.651e-1,8.329e-18
332.08,3.345e+3,2.626e-21,3.510e-28,5.429e-46,5.501e-13,1.103e-16,,2.004e-5,1.530e-22,,1.377e-15,2.009e-21,4.286e-30,5.505e-18,5.318e-8,1.803e-28,,8.341e-28,3.071e-21,8.683e-21,3.267e-19,4.707e-34,1.073e+1,3.280e+3,7.608e-7,2.893e-19,7.867e-20,1.858e-9,2.729e-5,5.254e+1,2.072e-19,2.054e-26,3.839e-13,3.349e-23,1.134e-20,1.352e-17,6.726e-17,,,,,,1.301e-1,,,6.082e-1,4.214e-18,,1.260e-20,,,,,5.428e-1,1.475e-1,8.847e-18,1.550e-18,1.579e-16,2.974e-1,8.330e-18
332.1,3.520e+3,2.627e-21,3.516e-28,5.422e-46,2.922e-13,1.007e-16,,2.948e-5,1.529e-22,,1.378e-15,1.966e-21,4.293e-30,5.508e-18,8.095e-8,9.193e-29,,8.452e-28,3.235e-21,8.781e-21,3.271e-19,4.709e-34,1.021e+1,3.452e+3,7.608e-7,2.902e-19,7.869e-20,1.142e-9,3.839e-5,5.564e+1,2.071e-19,2.053e-26,2.031e-13,3.350e-23,1.133e-20,1.349e-17,1.395e-16,,,,,,1.680e-1,,,6.384e-1,4.215e-18,,1.260e-20,,,,,4.036e-1,1.700e-1,8.839e-18,1.551e-18,1.578e-16,2.188e-1,8.331e-18
332.13,3.765e+3,2.629e-21,3.524e-28,5.412e-46,1.117e-13,8.735e-17,,5.192e-5,1.528e-22,,1.378e-15,1.901e-21,4.304e-30,5.513e-18,1.501e-7,3.302e-29,,8.618e-28,3.453e-21,8.929e-21,3.276e-19,4.712e-34,9.574e+0,3.693e+3,7.510e-7,2.916e-19,7.872e-20,5.436e-10,6.324e-5,6.048e+1,2.069e-19,2.052e-26,7.709e-14,3.351e-23,1.131e-20,1.346e-17,4.114e-16,,,,,,2.434e-1,,,6.778e-1,4.216e-18,,1.260e-20,,,,,2.554e-1,2.076e-1,8.826e-18,1.552e-18,1.578e-16,1.363e-1,8.332e-18
332.15,3.914e+3,2.631e-21,3.530e-28,5.405e-46,5.831e-14,7.930e-17,,7.507e-5,1.527e-22,,1.379e-15,1.858e-21,4.311e-30,5.516e-18,2.245e-7,1.654e-29,,8.729e-28,3.574e-21,1.968e-20,3.279e-19,4.714e-34,9.244e+0,3.839e+3,7.381e-7,2.926e-19,7.874e-20,3.285e-10,8.746e-5,6.371e+1,2.068e-19,2.051e-26,4.007e-14,3.352e-23,1.130e-20,1.343e-17,8.388e-16,,,,,,3.089e-1,,,6.992e-1,4.217e-18,,1.260e-20,,,,,1.866e-1,2.352e-1,8.817e-18,1.552e-18,1.577e-16,9.853e-2,8.333e-18
332.18,4.108e+3,2.633e-21,3.539e-28,5.394e-46,2.171e-14,6.876e-17,,1.288e-4,1.526e-22,,1.380e-15,1.793e-21,4.321e-30,5.522e-18,4.057e-7,5.786e-30,,8.896e-28,3.716e-21,6.354e-20,3.284e-19,4.718e-34,8.894e+0,4.029e+3,7.098e-7,2.940e-19,7.877e-20,1.523e-10,1.404e-4,6.841e+1,2.066e-19,2.050e-26,1.482e-14,3.353e-23,1.128e-20,1.339e-17,2.411e-15,,,,,,4.359e-1,,,7.233e-1,4.219e-18,,1.259e-20,,,,,1.150e-1,2.798e-1,8.804e-18,1.553e-18,1.577e-16,5.979e-2,8.334e-18
332.2,4.215e+3,2.634e-21,3.544e-28,5.387e-46,1.114e-14,6.286e-17,,1.831e-4,1.525e-22,,1.380e-15,1.750e-21,4.328e-30,5.525e-18,5.966e-7,2.848e-30,,9.007e-28,3.781e-21,1.377e-19,3.288e-19,4.720e-34,8.755e+0,4.133e+3,6.856e-7,2.950e-19,7.879e-20,9.042e-11,1.908e-4,7.135e+1,2.065e-19,2.050e-26,7.568e-15,3.354e-23,1.127e-20,1.337e-17,4.832e-15,,,,,,5.438e-1,,,7.334e-1,4.220e-18,,1.259e-20,,,,,8.258e-2,3.115e-1,8.796e-18,1.553e-18,1.576e-16,4.248e-2,8.335e-18
332.23,4.336e+3,2.636e-21,3.553e-28,5.376e-46,4.042e-15,5.585e-17,,3.062e-4,1.524e-22,,1.381e-15,1.685e-21,4.338e-30,5.530e-18,1.050e-6,9.703e-31,,9.174e-28,3.831e-21,4.333e-19,3.293e-19,4.723e-34,8.680e+0,4.250e+3,6.424e-7,2.964e-19,7.882e-20,4.083e-11,2.985e-4,7.531e+1,2.063e-19,2.049e-26,2.727e-15,3.356e-23,1.125e-20,1.333e-17,1.354e-14,,,,,,7.478e-1,,,7.392e-1,4.221e-18,,1.259e-20,,,,,4.959e-2,3.612e-1,8.783e-18,1.554e-18,1.576e-16,2.511e-2,8.336e-18
332.25,4.389e+3,2.637e-21,3.558e-28,5.369e-46,2.038e-15,5.244e-17,,4.278e-4,1.523e-22,,1.381e-15,1.642e-21,4.345e-30,5.533e-18,1.518e-6,4.692e-31,,9.285e-28,3.831e-21,9.227e-19,3.296e-19,4.725e-34,8.712e+0,4.301e+3,6.099e-7,2.973e-19,7.884e-20,2.382e-11,3.988e-4,7.759e+1,2.062e-19,2.048e-26,1.369e-15,3.357e-23,1.124e-20,1.331e-17,2.667e-14,,,,,,9.168e-1,,,7.366e-1,4.222e-18,,1.259e-20,,,,,3.499e-2,3.952e-1,8.774e-18,1.554e-18,1.575e-16,1.753e-2,8.337e-18
332.28,4.425e+3,2.639e-21,3.567e-28,5.359e-46,7.205e-16,4.929e-17,,6.972e-4,1.522e-22,,1.382e-15,1.577e-21,4.356e-30,5.538e-18,2.605e-6,1.557e-31,,9.451e-28,3.781e-21,2.831e-18,3.301e-19,4.729e-34,8.863e+0,4.333e+3,5.568e-7,2.988e-19,7.887e-20,1.048e-11,6.080e-4,8.036e+1,2.060e-19,2.047e-26,4.811e-16,3.358e-23,1.123e-20,1.327e-17,7.281e-14,,,,,,1.229e+0,,,7.234e-1,4.224e-18,,1.259e-20,,,,,2.047e-2,4.465e-1,8.761e-18,1.555e-18,1.575e-16,1.010e-2,8.338e-18
332.3,4.420e+3,2.640e-21,3.572e-28,5.351e-46,3.571e-16,4.849e-17,,9.573e-4,1.521e-22,,1.383e-15,1.534e-21,4.363e-30,5.542e-18,3.701e-6,7.400e-32,,9.563e-28,3.716e-21,5.926e-18,3.304e-19,4.731e-34,9.021e+0,4.326e+3,5.195e-7,2.997e-19,7.889e-20,6.008e-12,7.984e-4,8.174e+1,2.058e-19,2.046e-26,2.387e-16,3.359e-23,1.122e-20,1.324e-17,1.410e-13,,,,,,1.481e+0,,,7.085e-1,4.225e-18,,1.258e-20,,,,,1.420e-2,4.801e-1,8.753e-18,1.556e-18,1.574e-16,6.927e-3,8.339e-18
332.32,4.392e+3,2.642e-21,3.578e-28,5.344e-46,1.758e-16,4.873e-17,,1.305e-3,1.520e-22,,1.383e-15,1.491e-21,4.370e-30,5.545e-18,5.223e-6,3.492e-32,,9.674e-28,3.627e-21,1.232e-17,3.308e-19,4.733e-34,9.212e+0,4.297e+3,4.813e-7,3.007e-19,7.891e-20,3.421e-12,1.041e-3,8.272e+1,2.057e-19,2.045e-26,1.199e-16,3.360e-23,1.120e-20,1.322e-17,2.713e-13,,,,,,1.772e+0,,,6.892e-1,4.226e-18,,1.258e-20,,,,,9.775e-3,5.128e-1,8.744e-18,1.556e-18,1.574e-16,4.720e-3,8.339e-18
332.35,4.311e+3,2.644e-21,3.587e-28,5.334e-46,5.990e-17,5.098e-17,,2.052e-3,1.519e-22,,1.384e-15,1.426e-21,4.380e-30,5.550e-18,8.642e-6,1.117e-32,,9.840e-28,3.453e-21,3.647e-17,3.313e-19,4.736e-34,9.537e+0,4.215e+3,4.237e-7,3.021e-19,7.894e-20,1.450e-12,1.531e-3,8.346e+1,2.055e-19,2.044e-26,5.088e-17,3.361e-23,1.119e-20,1.318e-17,7.145e-13,,,,,,2.290e+0,,,6.528e-1,4.227e-18,,1.258e-20,,,,,5.513e-3,5.586e-1,8.731e-18,1.557e-18,1.573e-16,2.620e-3,8.341e-18
332.37,4.234e+3,2.645e-21,3.592e-28,5.327e-46,2.898e-17,5.368e-17,,2.751e-3,1.518e-22,,1.384e-15,1.383e-21,4.387e-30,5.553e-18,1.199e-5,5.179e-33,,9.951e-28,3.312e-21,7.454e-17,3.316e-19,4.738e-34,9.764e+0,4.137e+3,3.858e-7,3.031e-19,7.896e-20,8.115e-13,1.962e-3,8.348e+1,2.054e-19,2.044e-26,4.308e-17,3.362e-23,1.118e-20,1.315e-17,1.351e-12,,,,,,2.694e+0,,,6.242e-1,4.228e-18,,1.258e-20,,,,,3.730e-3,5.863e-1,8.723e-18,1.557e-18,1.573e-16,1.754e-3,8.341e-18
332.4,4.089e+3,2.647e-21,3.601e-28,5.316e-46,9.622e-18,5.942e-17,,4.214e-3,1.516e-22,,1.385e-15,1.318e-21,4.398e-30,5.558e-18,1.933e-5,1.614e-33,,1.012e-27,3.071e-21,2.150e-16,3.321e-19,4.742e-34,1.009e+1,3.992e+3,3.309e-7,3.045e-19,7.899e-20,3.352e-13,2.811e-3,8.286e+1,2.052e-19,2.043e-26,7.784e-17,3.363e-23,1.116e-20,1.312e-17,3.468e-12,,,,,,3.392e+0,,,5.763e-1,4.229e-18,,1.258e-20,,,,,2.050e-3,6.224e-1,8.710e-18,1.558e-18,1.572e-16,9.488e-4,8.343e-18
332.42,3.978e+3,2.648e-21,3.606e-28,5.309e-46,4.574e-18,6.428e-17,,5.552e-3,1.516e-22,,1.386e-15,1.275e-21,4.405e-30,5.562e-18,2.635e-5,7.352e-34,,1.023e-27,2.896e-21,4.320e-16,3.324e-19,4.744e-34,1.028e+1,3.881e+3,2.961e-7,3.054e-19,7.901e-20,1.843e-13,3.542e-3,8.206e+1,2.051e-19,2.042e-26,1.493e-16,3.364e-23,1.115e-20,1.309e-17,6.446e-12,,,,,,3.922e+0,,,5.419e-1,4.230e-18,,1.258e-20,,,,,1.363e-3,6.421e-1,8.701e-18,1.559e-18,1.572e-16,6.244e-4,8.343e-18
332.45,3.797e+3,2.650e-21,3.615e-28,5.298e-46,1.480e-18,7.291e-17,,8.288e-3,1.514e-22,,1.386e-15,1.210e-21,4.415e-30,5.567e-18,4.141e-5,2.231e-34,,1.040e-27,2.616e-21,1.215e-15,3.329e-19,4.747e-34,1.051e+1,3.700e+3,2.475e-7,3.069e-19,7.904e-20,7.414e-14,4.944e-3,8.040e+1,2.049e-19,2.041e-26,4.234e-16,3.366e-23,1.113e-20,1.305e-17,1.613e-11,,,,,,4.813e+0,,,4.882e-1,4.232e-18,,1.257e-20,,,,,7.295e-4,6.641e-1,8.688e-18,1.559e-18,1.571e-16,3.289e-4,8.345e-18
332.47,3.672e+3,2.652e-21,3.621e-28,5.291e-46,6.913e-19,7.943e-17,,1.073e-2,1.513e-22,,1.387e-15,1.167e-21,4.422e-30,5.570e-18,5.550e-5,2.244e-34,,1.051e-27,2.424e-21,2.399e-15,3.333e-19,4.749e-34,1.061e+1,3.576e+3,2.177e-7,3.078e-19,7.906e-20,4.006e-14,6.123e-3,7.907e+1,2.048e-19,2.040e-26,8.494e-16,3.367e-23,1.112e-20,1.303e-17,2.947e-11,,,,,,5.469e+0,,,4.519e-1,4.233e-18,,1.257e-20,,,,,4.767e-4,6.734e-1,8.680e-18,1.560e-18,1.571e-16,2.127e-4,8.345e-18
332.5,3.486e+3,2.654e-21,3.629e-28,5.281e-46,2.179e-19,9.009e-17,,1.562e-2,1.512e-22,,1.388e-15,1.102e-21,4.433e-30,5.575e-18,8.499e-5,2.263e-34,,1.067e-27,2.134e-21,6.576e-15,3.338e-19,4.753e-34,1.066e+1,3.391e+3,1.772e-7,3.092e-19,7.909e-20,1.570e-14,8.330e-3,7.684e+1,2.046e-19,2.039e-26,2.388e-15,3.368e-23,1.110e-20,1.299e-17,7.186e-11,,,,,,6.541e+0,,,3.982e-1,4.234e-18,,1.257e-20,,,,,2.486e-4,6.787e-1,8.667e-18,1.561e-18,1.570e-16,1.092e-4,8.346e-18
332.52,3.369e+3,2.655e-21,3.635e-28,5.274e-46,1.000e-19,9.762e-17,,1.988e-2,1.511e-22,,1.388e-15,1.059e-21,4.440e-30,5.579e-18,1.119e-4,2.275e-34,,1.078e-27,1.944e-21,1.277e-14,3.341e-19,4.755e-34,1.062e+1,3.274e+3,1.532e-7,3.102e-19,7.911e-20,8.334e-15,1.014e-2,7.530e+1,2.044e-19,2.039e-26,4.717e-15,3.369e-23,1.109e-20,1.297e-17,1.291e-10,,,,,,7.306e+0,,,3.638e-1,4.235e-18,,1.257e-20,,,,,1.596e-4,6.763e-1,8.658e-18,1.561e-18,1.570e-16,6.937e-5,8.347e-18
332.55,3.208e+3,2.657e-21,3.643e-28,5.263e-46,2.604e-20,1.092e-16,,2.819e-2,1.510e-22,,1.389e-15,9.943e-22,1.452e-29,5.584e-18,1.671e-4,2.294e-34,,1.095e-27,1.667e-21,3.410e-14,3.346e-19,4.758e-34,1.045e+1,3.115e+3,1.215e-7,3.116e-19,7.914e-20,3.182e-15,1.344e-2,7.300e+1,2.043e-19,2.038e-26,1.293e-14,3.370e-23,1.108e-20,1.293e-17,3.068e-10,,,,,,8.515e+0,,,3.157e-1,4.237e-18,,1.257e-20,,,,,8.109e-5,6.641e-1,8.645e-18,1.562e-18,1.569e-16,3.469e-5,8.348e-18
332.57,3.115e+3,2.658e-21,3.649e-28,5.256e-46,1.179e-20,1.169e-16,,3.527e-2,1.509e-22,,1.389e-15,9.512e-22,3.172e-29,5.587e-18,2.163e-4,2.307e-34,,1.106e-27,1.492e-21,6.510e-14,3.349e-19,4.760e-34,1.026e+1,3.023e+3,1.032e-7,3.126e-19,7.916e-20,1.660e-15,1.608e-2,7.155e+1,2.041e-19,2.037e-26,2.512e-14,3.371e-23,1.107e-20,1.290e-17,5.417e-10,,,,,,9.349e+0,,,2.867e-1,4.238e-18,,1.256e-20,,,,,5.118e-5,6.505e-1,8.637e-18,1.562e-18,1.569e-16,2.166e-5,8.349e-18
332.6,3.002e+3,2.660e-21,3.657e-28,5.245e-46,3.544e-21,1.282e-16,,4.875e-2,1.508e-22,,1.390e-15,8.864e-22,1.011e-28,5.592e-18,3.145e-4,2.326e-34,,1.123e-27,1.247e-21,1.695e-13,3.354e-19,4.764e-34,9.865e+0,2.911e+3,7.980e-8,3.140e-19,7.919e-20,6.173e-16,2.078e-2,6.959e+1,2.039e-19,2.036e-26,6.712e-14,3.372e-23,1.105e-20,1.287e-17,1.255e-9,,,,,,1.062e+1,,,2.494e-1,4.239e-18,,1.256e-20,,,,,2.533e-5,6.224e-1,8.624e-18,1.563e-18,1.568e-16,1.055e-5,8.350e-18
332.62,2.946e+3,2.662e-21,3.663e-28,5.238e-46,3.534e-21,1.352e-16,,5.996e-2,1.507e-22,,1.391e-15,8.432e-22,2.171e-28,5.595e-18,4.003e-4,2.338e-34,,1.134e-27,1.097e-21,3.180e-13,3.358e-19,4.766e-34,9.534e+0,2.855e+3,6.663e-8,3.150e-19,7.921e-20,3.164e-16,2.443e-2,6.845e+1,2.038e-19,2.035e-26,1.281e-13,3.373e-23,1.104e-20,1.284e-17,2.178e-9,,,,,,1.146e+1,,,2.292e-1,4.240e-18,,1.256e-20,,,,,1.571e-5,5.992e-1,8.615e-18,1.563e-18,1.568e-16,6.475e-6,8.351e-18
332.65,2.892e+3,2.664e-21,3.671e-28,5.228e-46,3.521e-21,1.447e-16,,8.077e-2,1.506e-22,,1.391e-15,7.785e-22,6.747e-28,5.601e-18,5.673e-4,2.357e-34,,1.151e-27,8.935e-22,8.070e-13,3.363e-19,4.769e-34,8.946e+0,2.803e+3,5.017e-8,3.164e-19,7.924e-20,1.146e-16,3.076e-2,6.704e+1,2.036e-19,2.034e-26,3.338e-13,3.375e-23,1.102e-20,1.280e-17,4.917e-9,,,,,,1.269e+1,,,2.076e-1,4.242e-18,,1.256e-20,,,,,7.572e-6,5.586e-1,8.602e-18,1.564e-18,1.567e-16,3.072e-6,8.352e-18
332.67,2.877e+3,2.665e-21,3.677e-28,5.220e-46,3.512e-21,1.502e-16,,9.768e-2,1.505e-22,,1.392e-15,7.353e-22,1.424e-27,5.604e-18,7.096e-4,2.369e-34,,1.162e-27,7.724e-22,1.489e-12,3.366e-19,4.771e-34,8.504e+0,2.788e+3,4.117e-8,3.173e-19,7.926e-20,5.774e-17,3.555e-2,6.629e+1,2.035e-19,2.034e-26,6.265e-13,3.376e-23,1.101e-20,1.278e-17,8.389e-9,,,,,,1.347e+1,,,1.998e-1,4.243e-18,,1.256e-20,,,,,4.615e-6,5.285e-1,8.594e-18,1.565e-18,1.567e-16,1.853e-6,8.353e-18
332.69,2.878e+3,2.666e-21,3.683e-28,5.213e-46,3.503e-21,1.549e-16,,1.173e-1,1.504e-22,,1.392e-15,6.922e-22,2.987e-27,5.607e-18,8.815e-4,2.382e-34,,1.173e-27,6.632e-22,2.727e-12,3.369e-19,4.774e-34,8.030e+0,2.789e+3,3.355e-8,3.183e-19,7.928e-20,2.888e-17,4.081e-2,6.568e+1,2.034e-19,2.033e-26,1.168e-12,3.377e-23,1.100e-20,1.275e-17,1.422e-8,,,,,,1.419e+1,,,1.980e-1,4.244e-18,,1.255e-20,,,,,2.793e-6,4.966e-1,8.585e-18,1.565e-18,1.566e-16,1.110e-6,8.354e-18
332.72,2.906e+3,2.668e-21,3.691e-28,5.203e-46,3.489e-21,1.601e-16,,1.525e-1,1.503e-22,,1.393e-15,6.274e-22,8.954e-27,5.612e-18,1.205e-3,2.401e-34,,1.190e-27,5.208e-22,6.676e-12,3.374e-19,4.777e-34,7.275e+0,2.817e+3,2.436e-8,3.197e-19,7.931e-20,1.009e-17,4.954e-2,6.499e+1,2.032e-19,2.032e-26,2.935e-12,3.378e-23,1.098e-20,1.272e-17,3.096e-8,,,,,,1.517e+1,,,2.084e-1,4.245e-18,,1.255e-20,,,,,1.298e-6,4.465e-1,8.572e-18,1.566e-18,1.565e-16,5.076e-7,8.355e-18
332.74,2.940e+3,2.670e-21,3.697e-28,5.196e-46,3.480e-21,1.623e-16,,1.801e-1,1.502e-22,,1.394e-15,5.843e-22,1.846e-26,5.616e-18,1.471e-3,2.413e-34,,1.201e-27,4.394e-22,1.202e-11,3.378e-19,4.779e-34,6.753e+0,2.852e+3,1.951e-8,3.207e-19,7.933e-20,4.958e-18,5.590e-2,6.463e+1,2.030e-19,2.031e-26,5.378e-12,3.379e-23,1.097e-20,1.269e-17,5.158e-8,,,,,,1.572e+1,,,2.254e-1,4.246e-18,,1.255e-20,,,,,7.721e-7,4.123e-1,8.564e-18,1.566e-18,1.565e-16,2.988e-7,8.356e-18
332.77,3.011e+3,2.672e-21,3.705e-28,5.185e-46,3.466e-21,1.635e-16,,2.283e-1,1.501e-22,,1.394e-15,5.195e-22,5.394e-26,5.621e-18,1.960e-3,2.432e-34,,1.217e-27,3.362e-22,2.869e-11,3.383e-19,4.782e-34,5.964e+0,2.923e+3,1.381e-8,3.221e-19,7.936e-20,1.686e-18,6.613e-2,6.416e+1,2.029e-19,2.030e-26,1.317e-11,3.380e-23,1.096e-20,1.265e-17,1.095e-7,,,,,,1.639e+1,,,2.685e-1,4.248e-18,,1.255e-20,,,,,3.496e-7,3.612e-1,8.551e-18,1.567e-18,1.564e-16,1.331e-7,8.357e-18
332.79,3.068e+3,2.673e-21,3.711e-28,5.178e-46,3.457e-21,1.629e-16,,2.651e-1,1.500e-22,,1.395e-15,4.763e-22,1.093e-25,5.624e-18,2.352e-3,2.445e-34,,1.228e-27,2.788e-22,5.079e-11,3.386e-19,4.785e-34,5.443e+0,2.981e+3,1.087e-8,3.230e-19,7.938e-20,8.146e-19,7.334e-2,6.383e+1,2.027e-19,2.030e-26,2.373e-11,3.381e-23,1.094e-20,1.263e-17,1.793e-7,,,,,,1.671e+1,,,3.107e-1,4.249e-18,,1.255e-20,,,,,2.043e-7,3.278e-1,8.542e-18,1.568e-18,1.564e-16,7.700e-8,8.358e-18
332.82,3.161e+3,2.675e-21,3.719e-28,5.167e-46,3.443e-21,1.600e-16,,3.277e-1,1.499e-22,,1.396e-15,4.116e-22,3.113e-25,5.629e-18,3.054e-3,2.464e-34,,1.245e-27,2.078e-22,1.181e-10,3.391e-19,4.788e-34,4.685e+0,3.075e+3,7.497e-9,3.245e-19,7.941e-20,2.699e-19,8.455e-2,6.321e+1,2.025e-19,2.029e-26,5.666e-11,3.382e-23,1.093e-20,1.259e-17,3.709e-7,,,,,,1.701e+1,,,3.978e-1,4.250e-18,,1.254e-20,,,,,9.013e-8,2.798e-1,8.529e-18,1.568e-18,1.563e-16,3.343e-8,8.359e-18
332.84,3.225e+3,2.676e-21,3.725e-28,5.160e-46,3.434e-21,1.567e-16,,3.743e-1,1.498e-22,,1.396e-15,9.071e-22,6.202e-25,5.632e-18,3.603e-3,2.476e-34,,1.256e-27,1.694e-22,2.055e-10,3.395e-19,4.790e-34,4.202e+0,3.140e+3,5.805e-9,3.254e-19,7.943e-20,1.281e-19,9.217e-2,6.266e+1,2.024e-19,2.028e-26,1.004e-10,3.383e-23,1.092e-20,1.256e-17,5.970e-7,,,,,,1.708e+1,,,4.739e-1,4.251e-18,,1.254e-20,,,,,5.177e-8,2.496e-1,8.521e-18,1.569e-18,1.563e-16,1.900e-8,8.360e-18
332.87,3.320e+3,2.678e-21,3.734e-28,5.150e-46,3.420e-21,1.499e-16,,4.514e-1,1.496e-22,,1.397e-15,2.930e-21,1.722e-24,5.637e-18,4.558e-3,2.495e-34,,1.273e-27,1.230e-22,4.659e-10,3.400e-19,4.793e-34,3.525e+0,3.236e+3,3.911e-9,3.268e-19,7.946e-20,4.135e-20,1.035e-1,6.154e+1,2.022e-19,2.027e-26,2.335e-10,3.385e-23,1.090e-20,1.253e-17,1.204e-6,,,,,,1.699e+1,,,6.194e-1,4.253e-18,,1.254e-20,,,,,2.224e-8,2.076e-1,8.508e-18,1.569e-18,1.562e-16,8.035e-9,8.361e-18
332.89,3.378e+3,2.680e-21,3.739e-28,5.143e-46,3.411e-21,1.443e-16,,5.073e-1,1.496e-22,,1.397e-15,6.349e-21,3.373e-24,5.641e-18,5.286e-3,2.508e-34,,1.284e-27,9.856e-23,7.971e-10,3.403e-19,4.795e-34,3.108e+0,3.296e+3,2.988e-9,3.278e-19,7.948e-20,1.929e-20,1.109e-1,6.056e+1,2.021e-19,2.026e-26,4.066e-10,3.386e-23,1.089e-20,1.250e-17,1.905e-6,,,,,,1.681e+1,,,7.397e-1,4.254e-18,,1.254e-20,,,,,1.256e-8,1.820e-1,8.499e-18,1.570e-18,1.562e-16,4.488e-9,8.362e-18
332.92,3.454e+3,2.682e-21,3.748e-28,5.132e-46,3.398e-21,1.346e-16,,5.973e-1,1.494e-22,,1.398e-15,1.999e-20,9.127e-24,5.646e-18,6.516e-3,2.527e-34,,1.301e-27,6.975e-23,1.761e-9,3.408e-19,4.799e-34,2.540e+0,3.375e+3,1.988e-9,3.292e-19,7.950e-20,6.064e-21,1.214e-1,5.867e+1,2.019e-19,2.025e-26,9.223e-10,3.387e-23,1.087e-20,1.246e-17,3.743e-6,,,,,,1.638e+1,,,9.597e-1,4.255e-18,,1.254e-20,,,,,5.256e-9,1.475e-1,8.486e-18,1.571e-18,1.561e-16,1.849e-9,8.363e-18
332.94,3.496e+3,2.683e-21,3.753e-28,5.125e-46,3.389e-21,1.273e-16,,6.608e-1,1.494e-22,,1.399e-15,4.259e-20,1.757e-23,5.649e-18,7.428e-3,2.539e-34,,1.312e-27,5.492e-23,2.962e-9,3.411e-19,4.801e-34,2.202e+0,3.418e+3,1.523e-9,3.302e-19,7.952e-20,2.779e-21,1.279e-1,5.713e+1,2.018e-19,2.025e-26,1.579e-9,3.388e-23,1.086e-20,1.244e-17,5.823e-6,,,,,,1.600e+1,,,1.135e+0,4.256e-18,,1.254e-20,,,,,2.916e-9,1.271e-1,8.478e-18,1.571e-18,1.561e-16,1.015e-9,8.363e-18
332.97,3.541e+3,2.685e-21,3.762e-28,5.114e-46,3.375e-21,1.157e-16,,7.601e-1,1.492e-22,,1.399e-15,1.307e-19,4.635e-23,5.654e-18,8.926e-3,2.558e-34,,1.328e-27,3.787e-23,6.378e-9,3.416e-19,4.804e-34,1.754e+0,3.467e+3,1.054e-9,3.316e-19,7.955e-20,8.511e-22,1.364e-1,5.440e+1,2.016e-19,2.024e-26,3.490e-9,3.389e-23,1.085e-20,1.240e-17,1.115e-5,,,,,,1.532e+1,,,1.445e+0,4.258e-18,,1.253e-20,,,,,1.189e-9,1.004e-1,8.465e-18,1.572e-18,1.560e-16,4.074e-10,8.365e-18
332.99,3.558e+3,2.686e-21,3.767e-28,5.107e-46,3.366e-21,1.076e-16,,8.283e-1,1.491e-22,,1.400e-15,2.737e-19,8.774e-23,5.658e-18,1.000e-2,2.571e-34,,1.339e-27,2.930e-23,1.054e-8,3.420e-19,4.806e-34,1.494e+0,3.487e+3,8.657e-10,3.326e-19,7.957e-20,3.833e-22,1.412e-1,5.230e+1,2.015e-19,2.023e-26,5.873e-9,3.390e-23,1.083e-20,1.238e-17,1.705e-5,,,,,,1.482e+1,,,1.684e+0,4.259e-18,,1.253e-20,,,,,6.481e-10,8.502e-2,8.456e-18,1.572e-18,1.560e-16,2.197e-10,8.365e-18
333.02,3.567e+3,2.688e-21,3.776e-28,5.097e-46,3.352e-21,9.526e-17,,9.320e-1,1.490e-22,,1.401e-15,8.190e-19,2.256e-22,5.663e-18,1.171e-2,2.589e-34,,1.356e-27,1.969e-23,2.213e-8,3.425e-19,4.810e-34,1.161e+0,3.500e+3,7.383e-10,3.340e-19,7.960e-20,3.787e-22,1.468e-1,4.879e+1,2.013e-19,2.022e-26,1.266e-8,3.392e-23,1.082e-20,1.234e-17,3.184e-5,,,,,,1.402e+1,,,2.095e+0,4.260e-18,,1.253e-20,,,,,2.575e-10,6.541e-2,8.443e-18,1.573e-18,1.559e-16,8.591e-11,8.367e-18
333.04,3.561e+3,2.689e-21,3.782e-28,5.089e-46,3.343e-21,8.708e-17,,1.001e+0,1.489e-22,,1.401e-15,1.686e-18,4.198e-22,5.666e-18,1.290e-2,2.602e-34,,1.367e-27,1.497e-23,3.597e-8,3.428e-19,4.812e-34,9.732e-1,3.496e+3,7.496e-10,3.349e-19,7.962e-20,3.756e-22,1.494e-1,4.625e+1,2.011e-19,2.021e-26,2.094e-8,3.392e-23,1.081e-20,1.231e-17,4.786e-5,,,,,,1.348e+1,,,2.403e+0,4.261e-18,,1.253e-20,,,,,1.379e-10,5.445e-2,8.435e-18,1.574e-18,1.559e-16,4.554e-11,8.367e-18
333.06,3.545e+3,2.691e-21,3.787e-28,5.082e-46,3.334e-21,7.905e-17,,1.070e+0,1.488e-22,,1.402e-15,3.448e-18,7.759e-22,5.669e-18,1.412e-2,2.615e-34,,1.378e-27,1.131e-23,5.806e-8,3.431e-19,4.814e-34,8.110e-1,3.484e+3,8.395e-10,3.359e-19,7.964e-20,3.725e-22,1.509e-1,4.357e+1,2.010e-19,2.020e-26,3.440e-8,3.393e-23,1.080e-20,1.229e-17,7.145e-5,,,,,,1.294e+1,,,2.737e+0,4.262e-18,,1.253e-20,,,,,7.337e-11,4.501e-2,8.426e-18,1.574e-18,1.558e-16,2.397e-11,8.368e-18
333.09,3.508e+3,2.693e-21,3.796e-28,5.072e-46,3.320e-21,6.749e-17,,1.171e+0,1.487e-22,,1.403e-15,9.953e-18,1.925e-21,5.674e-18,1.596e-2,2.633e-34,,1.395e-27,7.324e-24,1.176e-7,3.436e-19,4.817e-34,6.113e-1,3.451e+3,1.142e-9,3.373e-19,7.967e-20,3.678e-22,1.513e-1,3.938e+1,2.008e-19,2.019e-26,7.153e-8,3.395e-23,1.078e-20,1.225e-17,1.287e-4,,,,,,1.219e+1,,,3.287e+0,4.264e-18,,1.252e-20,,,,,2.810e-11,3.340e-2,8.413e-18,1.575e-18,1.558e-16,9.036e-12,8.369e-18
333.11,3.474e+3,2.694e-21,3.801e-28,5.065e-46,3.311e-21,6.022e-17,,1.236e+0,1.486e-22,,1.403e-15,2.001e-17,3.497e-21,5.678e-18,1.717e-2,2.646e-34,,1.406e-27,5.436e-24,1.866e-7,3.440e-19,4.820e-34,5.044e-1,3.420e+3,1.478e-9,3.383e-19,7.969e-20,3.647e-22,1.503e-1,3.653e+1,2.007e-19,2.019e-26,1.155e-7,3.396e-23,1.077e-20,1.223e-17,1.888e-4,,,,,,1.173e+1,,,3.682e+0,4.265e-18,,1.252e-20,,,,,1.469e-11,2.714e-2,8.405e-18,1.575e-18,1.557e-16,4.674e-12,8.370e-18
333.14,3.414e+3,2.696e-21,3.810e-28,5.054e-46,3.297e-21,5.010e-17,,1.329e+0,1.485e-22,,1.404e-15,5.631e-17,8.456e-21,5.683e-18,1.893e-2,2.665e-34,,1.423e-27,3.431e-24,3.682e-7,3.445e-19,4.823e-34,3.789e-1,3.365e+3,2.250e-9,3.397e-19,7.972e-20,3.601e-22,1.468e-1,3.223e+1,2.005e-19,2.018e-26,2.342e-7,3.397e-23,1.075e-20,1.219e-17,3.314e-4,,,,,,1.112e+1,,,4.309e+0,4.266e-18,,1.252e-20,,,,,5.481e-12,1.962e-2,8.392e-18,1.576e-18,1.557e-16,1.716e-12,8.371e-18
333.16,3.369e+3,2.697e-21,3.816e-28,5.047e-46,3.288e-21,4.393e-17,,1.388e+0,1.484e-22,,1.404e-15,1.113e-16,1.510e-20,5.686e-18,2.003e-2,2.677e-34,,1.434e-27,2.503e-24,5.743e-7,3.448e-19,4.825e-34,3.162e-1,3.322e+3,2.997e-9,3.406e-19,7.974e-20,3.570e-22,1.433e-1,2.941e+1,2.004e-19,2.017e-26,3.718e-7,3.398e-23,1.074e-20,1.216e-17,4.781e-4,,,,,,1.078e+1,,,4.744e+0,4.267e-18,,1.252e-20,,,,,2.816e-12,1.567e-2,8.383e-18,1.576e-18,1.556e-16,8.725e-13,8.372e-18
333.19,3.298e+3,2.699e-21,3.824e-28,5.036e-46,3.275e-21,3.562e-17,,1.471e+0,1.483e-22,,1.405e-15,3.053e-16,3.560e-20,5.691e-18,2.154e-2,2.696e-34,,1.451e-27,1.540e-24,1.105e-6,3.453e-19,4.828e-34,2.513e-1,3.255e+3,4.593e-9,3.421e-19,7.977e-20,3.523e-22,1.364e-1,2.532e+1,2.002e-19,2.016e-26,7.346e-7,3.399e-23,1.072e-20,1.212e-17,8.179e-4,,,,,,1.039e+1,,,5.412e+0,4.269e-18,,1.252e-20,,,,,1.023e-12,1.103e-2,8.370e-18,1.577e-18,1.556e-16,3.121e-13,8.373e-18
333.21,3.249e+3,2.701e-21,3.830e-28,5.029e-46,3.265e-21,3.070e-17,,1.524e+0,1.482e-22,,1.406e-15,5.931e-16,6.251e-20,5.695e-18,2.243e-2,2.709e-34,,1.462e-27,1.104e-24,1.694e-6,3.456e-19,4.831e-34,2.266e-1,3.209e+3,6.071e-9,3.430e-19,7.979e-20,3.492e-22,1.309e-1,2.273e+1,2.001e-19,2.015e-26,1.147e-6,3.400e-23,1.071e-20,1.210e-17,1.160e-3,,,,,,1.019e+1,,,5.857e+0,4.270e-18,,1.251e-20,,,,,5.167e-13,8.661e-3,8.362e-18,1.578e-18,1.555e-16,1.559e-13,8.374e-18
333.24,3.177e+3,2.703e-21,3.838e-28,5.019e-46,3.252e-21,2.425e-17,,1.598e+0,1.481e-22,,1.406e-15,1.586e-15,1.436e-19,5.700e-18,2.357e-2,2.728e-34,,1.478e-27,6.614e-25,3.176e-6,3.461e-19,4.834e-34,2.181e-1,3.139e+3,9.124e-9,3.445e-19,7.982e-20,3.446e-22,1.214e-1,1.908e+1,1.999e-19,2.014e-26,2.208e-6,3.401e-23,1.070e-20,1.206e-17,1.934e-3,,,,,,1.001e+1,,,6.511e+0,4.271e-18,,1.251e-20,,,,,1.830e-13,5.944e-3,8.349e-18,1.578e-18,1.555e-16,5.434e-14,8.375e-18
333.26,3.129e+3,2.704e-21,3.844e-28,5.012e-46,3.243e-21,2.054e-17,,1.645e+0,1.480e-22,,1.407e-15,3.029e-15,2.479e-19,5.703e-18,2.418e-2,2.740e-34,,1.489e-27,4.661e-25,4.788e-6,3.465e-19,4.836e-34,2.332e-1,3.094e+3,1.188e-8,3.454e-19,7.984e-20,3.414e-22,1.145e-1,1.684e+1,1.997e-19,2.014e-26,3.389e-6,3.402e-23,1.068e-20,1.204e-17,2.696e-3,,,,,,9.951e+0,,,6.927e+0,4.272e-18,,1.251e-20,,,,,9.078e-14,4.586e-3,8.340e-18,1.579e-18,1.554e-16,2.668e-14,8.376e-18
333.29,3.062e+3,2.706e-21,3.852e-28,5.001e-46,3.229e-21,1.581e-17,,1.713e+0,1.479e-22,,1.408e-15,7.896e-15,5.552e-19,5.708e-18,2.486e-2,2.759e-34,,1.506e-27,2.721e-25,8.749e-6,3.470e-19,4.839e-34,2.926e-1,3.029e+3,1.742e-8,3.468e-19,7.987e-20,3.368e-22,1.035e-1,1.378e+1,1.995e-19,2.013e-26,6.360e-6,3.404e-23,1.067e-20,1.200e-17,4.381e-3,,,,,,9.948e+0,,,7.504e+0,4.274e-18,,1.251e-20,,,,,3.131e-14,3.067e-3,8.327e-18,1.580e-18,1.554e-16,9.057e-15,8.377e-18
333.31,3.020e+3,2.707e-21,3.858e-28,4.994e-46,3.220e-21,1.317e-17,,1.757e+0,1.478e-22,,1.408e-15,1.483e-14,9.422e-19,5.711e-18,2.515e-2,2.772e-34,,1.517e-27,1.884e-25,1.296e-5,3.473e-19,4.842e-34,3.620e-1,2.988e+3,2.229e-8,3.478e-19,7.989e-20,3.337e-22,9.598e-2,1.196e+1,1.994e-19,2.012e-26,9.596e-6,3.405e-23,1.066e-20,1.197e-17,6.004e-3,,,,,,9.994e+0,,,7.847e+0,4.275e-18,,1.251e-20,,,,,1.527e-14,2.325e-3,8.319e-18,1.580e-18,1.553e-16,4.369e-15,8.378e-18
333.34,2.961e+3,2.709e-21,3.866e-28,4.983e-46,3.206e-21,9.876e-18,,1.821e+0,1.476e-22,,1.409e-15,3.767e-14,2.057e-18,5.716e-18,2.538e-2,2.790e-34,,1.534e-27,1.072e-25,2.309e-5,3.478e-19,4.845e-34,5.242e-1,2.930e+3,3.187e-8,3.492e-19,7.992e-20,3.290e-22,8.455e-2,9.542e+0,1.992e-19,2.011e-26,1.756e-5,3.406e-23,1.064e-20,1.194e-17,9.508e-3,,,,,,1.012e+1,,,8.284e+0,4.276e-18,,1.251e-20,,,,,5.130e-15,1.515e-3,8.306e-18,1.581e-18,1.553e-16,1.445e-15,8.379e-18
333.36,2.924e+3,2.711e-21,3.872e-28,4.976e-46,3.197e-21,8.083e-18,,1.863e+0,1.476e-22,,1.409e-15,6.955e-14,3.432e-18,5.720e-18,2.540e-2,2.803e-34,,1.545e-27,7.296e-26,3.364e-5,3.481e-19,4.847e-34,6.818e-1,2.895e+3,4.011e-8,3.502e-19,7.994e-20,3.259e-22,7.703e-2,8.139e+0,1.991e-19,2.010e-26,2.604e-5,3.407e-23,1.063e-20,1.191e-17,1.281e-2,,,,,,1.022e+1,,,8.516e+0,4.277e-18,,1.250e-20,,,,,2.458e-15,1.129e-3,8.297e-18,1.581e-18,1.552e-16,6.851e-16,8.380e-18
333.39,2.873e+3,2.713e-21,3.881e-28,4.966e-46,3.183e-21,5.907e-18,,1.926e+0,1.474e-22,,1.410e-15,1.722e-13,7.301e-18,5.725e-18,2.527e-2,2.822e-34,,1.562e-27,4.044e-26,5.839e-5,3.486e-19,4.850e-34,1.017e+0,2.845e+3,5.589e-8,3.516e-19,7.997e-20,3.213e-22,6.613e-2,6.329e+0,1.989e-19,2.009e-26,4.644e-5,3.408e-23,1.061e-20,1.187e-17,1.977e-2,,,,,,1.041e+1,,,8.761e+0,4.278e-18,,1.250e-20,,,,,8.047e-16,7.169e-4,8.284e-18,1.582e-18,1.551e-16,2.207e-16,8.381e-18
333.41,2.842e+3,2.714e-21,3.886e-28,4.958e-46,3.174e-21,4.752e-18,,1.967e+0,1.474e-22,,1.411e-15,3.126e-13,1.198e-17,5.728e-18,2.511e-2,2.834e-34,,1.573e-27,2.705e-26,8.363e-5,3.490e-19,4.853e-34,1.325e+0,2.814e+3,6.913e-8,3.525e-19,7.999e-20,3.182e-22,5.922e-2,5.306e+0,1.988e-19,2.009e-26,6.771e-5,3.409e-23,1.060e-20,1.185e-17,2.618e-2,,,,,,1.053e+1,,,8.852e+0,4.279e-18,,1.250e-20,,,,,3.789e-16,5.250e-4,8.276e-18,1.583e-18,1.551e-16,1.028e-16,8.382e-18
333.43,2.813e+3,2.715e-21,3.892e-28,4.951e-46,3.165e-21,3.796e-18,,2.008e+0,1.473e-22,,1.411e-15,5.636e-13,1.951e-17,5.732e-18,2.491e-2,2.847e-34,,1.584e-27,1.797e-26,1.189e-4,3.493e-19,4.855e-34,1.719e+0,2.785e+3,8.492e-8,3.535e-19,8.001e-20,3.151e-22,5.267e-2,4.418e+0,1.987e-19,2.008e-26,9.807e-5,3.410e-23,1.059e-20,1.182e-17,3.444e-2,,,,,,1.066e+1,,,8.882e+0,4.280e-18,,1.250e-20,,,,,1.772e-16,3.819e-4,8.267e-18,1.583e-18,1.551e-16,4.758e-17,8.382e-18
333.46,2.772e+3,2.717e-21,3.900e-28,4.941e-46,3.151e-21,2.675e-18,,2.067e+0,1.471e-22,,1.412e-15,1.347e-12,4.005e-17,5.737e-18,2.462e-2,2.866e-34,,1.600e-27,9.605e-27,1.992e-4,3.498e-19,4.858e-34,2.514e+0,2.744e+3,1.142e-7,3.549e-19,8.004e-20,3.104e-22,4.361e-2,3.314e+0,1.985e-19,2.007e-26,1.687e-4,3.411e-23,1.057e-20,1.179e-17,5.128e-2,,,,,,1.084e+1,,,8.814e+0,4.282e-18,,1.250e-20,,,,,5.591e-17,2.338e-4,8.254e-18,1.584e-18,1.550e-16,1.478e-17,8.384e-18
333.48,2.748e+3,2.719e-21,3.906e-28,4.934e-46,3.142e-21,2.101e-18,,2.105e+0,1.471e-22,,1.412e-15,2.387e-12,6.415e-17,5.740e-18,2.446e-2,2.878e-34,,1.612e-27,6.271e-27,2.785e-4,3.502e-19,4.860e-34,3.215e+0,2.720e+3,1.379e-7,3.559e-19,8.006e-20,3.073e-22,3.812e-2,2.712e+0,1.983e-19,2.006e-26,2.402e-4,3.412e-23,1.056e-20,1.176e-17,6.630e-2,,,,,,1.096e+1,,,8.693e+0,4.283e-18,,1.249e-20,,,,,2.569e-17,1.672e-4,8.246e-18,1.584e-18,1.550e-16,6.719e-18,8.384e-18
333.51,2.718e+3,2.721e-21,3.914e-28,4.923e-46,3.129e-21,1.443e-18,,2.155e+0,1.469e-22,,1.413e-15,5.559e-12,1.284e-16,5.745e-18,2.434e-2,2.897e-34,,1.628e-27,3.266e-27,4.546e-4,3.507e-19,4.864e-34,4.592e+0,2.689e+3,1.806e-7,3.573e-19,8.009e-20,3.027e-22,3.076e-2,1.982e+0,1.981e-19,2.005e-26,4.029e-4,3.414e-23,1.055e-20,1.172e-17,9.622e-2,,,,,,1.111e+1,,,8.406e+0,4.284e-18,,1.249e-20,,,,,7.899e-18,9.975e-5,8.233e-18,1.585e-18,1.549e-16,2.033e-18,8.385e-18
333.53,2.702e+3,2.722e-21,3.920e-28,4.916e-46,3.119e-21,1.113e-18,,2.184e+0,1.468e-22,,1.414e-15,9.686e-12,2.021e-16,5.748e-18,2.439e-2,2.910e-34,,1.639e-27,2.096e-27,6.249e-4,3.510e-19,4.866e-34,5.776e+0,2.673e+3,2.144e-7,3.583e-19,8.011e-20,2.996e-22,2.643e-2,1.595e+0,1.980e-19,2.005e-26,5.640e-4,3.415e-23,1.054e-20,1.170e-17,1.223e-1,,,,,,1.120e+1,,,8.150e+0,4.285e-18,,1.249e-20,,,,,3.567e-18,7.011e-5,8.224e-18,1.585e-18,1.549e-16,2.221e-18,8.386e-18
333.56,2.689e+3,2.724e-21,3.929e-28,4.905e-46,3.106e-21,7.451e-19,,2.217e+0,1.467e-22,,1.414e-15,2.199e-11,3.942e-16,5.753e-18,2.470e-2,2.929e-34,,1.656e-27,1.063e-27,9.941e-4,3.515e-19,4.869e-34,8.044e+0,2.659e+3,2.738e-7,3.597e-19,8.014e-20,2.949e-22,2.078e-2,1.136e+0,1.978e-19,2.004e-26,9.221e-4,3.416e-23,1.052e-20,1.166e-17,1.730e-1,,,,,,1.132e+1,,,7.680e+0,4.287e-18,,1.249e-20,,,,,3.740e-18,4.083e-5,8.211e-18,1.586e-18,1.548e-16,2.503e-18,8.387e-18
333.58,2.690e+3,2.725e-21,3.934e-28,4.898e-46,3.097e-21,5.652e-19,,2.232e+0,1.466e-22,,1.415e-15,3.767e-11,6.102e-16,5.757e-18,2.509e-2,2.941e-34,,1.667e-27,6.706e-28,1.343e-3,3.518e-19,4.871e-34,9.947e+0,2.658e+3,3.195e-7,3.606e-19,8.016e-20,2.918e-22,1.755e-2,8.982e-1,1.977e-19,2.003e-26,1.269e-3,3.417e-23,1.051e-20,1.163e-17,2.161e-1,,,,,,1.139e+1,,,7.319e+0,4.288e-18,,1.249e-20,,,,,3.855e-18,2.830e-5,8.203e-18,1.587e-18,1.548e-16,2.690e-18,8.388e-18
333.61,2.707e+3,2.727e-21,3.943e-28,4.888e-46,3.083e-21,3.685e-19,,2.238e+0,1.465e-22,,1.416e-15,8.338e-11,1.160e-15,5.762e-18,2.600e-2,2.960e-34,,1.684e-27,3.315e-28,2.083e-3,3.523e-19,4.874e-34,1.350e+1,2.673e+3,3.977e-7,3.621e-19,8.019e-20,2.871e-22,1.344e-2,6.234e-1,1.975e-19,2.002e-26,2.022e-3,3.418e-23,1.049e-20,1.160e-17,2.979e-1,,,,,,1.148e+1,,,6.721e+0,4.289e-18,,1.248e-20,,,,,4.028e-18,1.629e-5,8.190e-18,1.587e-18,1.547e-16,2.972e-18,8.389e-18
333.63,2.734e+3,2.729e-21,3.948e-28,4.881e-46,3.074e-21,2.748e-19,,2.232e+0,1.464e-22,,1.416e-15,1.404e-10,1.766e-15,5.765e-18,2.684e-2,2.973e-34,,1.695e-27,2.055e-28,2.767e-3,3.527e-19,4.877e-34,1.642e+1,2.697e+3,4.562e-7,3.630e-19,8.021e-20,2.840e-22,1.116e-2,4.845e-1,1.974e-19,2.001e-26,2.735e-3,3.419e-23,1.048e-20,1.157e-17,3.659e-1,,,,,,1.154e+1,,,6.296e+0,4.290e-18,,1.248e-20,,,,,4.144e-18,1.139e-5,8.181e-18,1.588e-18,1.546e-16,3.160e-18,8.390e-18
333.66,2.800e+3,2.731e-21,3.957e-28,4.870e-46,3.060e-21,1.746e-19,,2.205e+0,1.463e-22,,1.417e-15,3.029e-10,3.273e-15,5.770e-18,2.842e-2,2.992e-34,,1.712e-27,9.898e-29,4.182e-3,3.532e-19,4.880e-34,2.172e+1,2.758e+3,5.535e-7,3.644e-19,8.024e-20,2.794e-22,8.330e-3,3.277e-1,1.972e-19,2.000e-26,4.249e-3,3.420e-23,1.046e-20,1.153e-17,4.917e-1,,,,,,1.162e+1,,,5.635e+0,4.292e-18,,1.248e-20,,,,,4.317e-18,7.118e-6,8.168e-18,1.589e-18,1.546e-16,1.025e-17,8.391e-18
333.68,2.865e+3,2.732e-21,3.962e-28,4.863e-46,3.051e-21,1.279e-19,,2.174e+0,1.462e-22,,1.417e-15,5.015e-10,4.896e-15,5.774e-18,2.968e-2,3.004e-34,,1.723e-27,6.030e-29,5.460e-3,3.535e-19,4.882e-34,2.596e+1,2.819e+3,6.242e-7,3.654e-19,8.026e-20,2.763e-22,6.797e-3,2.503e-1,1.971e-19,2.000e-26,5.651e-3,3.421e-23,1.045e-20,1.151e-17,5.936e-1,,,,,,1.167e+1,,,5.188e+0,4.293e-18,,1.248e-20,,,,,4.432e-18,5.793e-6,8.160e-18,1.589e-18,1.545e-16,2.228e-17,8.392e-18
333.71,2.999e+3,2.734e-21,3.971e-28,4.852e-46,3.037e-21,7.921e-20,,2.109e+0,1.461e-22,,1.418e-15,1.055e-9,8.846e-15,5.779e-18,3.186e-2,3.023e-34,,1.739e-27,2.830e-29,8.044e-3,3.540e-19,4.885e-34,3.348e+1,2.946e+3,7.383e-7,3.668e-19,8.029e-20,2.716e-22,4.944e-3,1.650e-1,1.969e-19,1.999e-26,8.558e-3,3.423e-23,1.044e-20,1.147e-17,7.774e-1,,,,,,1.174e+1,,,4.525e+0,4.294e-18,,1.248e-20,,,,,4.605e-18,5.673e-6,8.147e-18,1.590e-18,1.545e-16,7.049e-17,8.393e-18
333.73,3.114e+3,2.735e-21,3.977e-28,4.845e-46,3.028e-21,5.704e-20,,2.053e+0,1.460e-22,,1.419e-15,1.717e-9,1.301e-14,5.782e-18,3.346e-2,3.035e-34,,1.750e-27,1.694e-29,1.033e-2,3.543e-19,4.888e-34,3.932e+1,3.056e+3,8.187e-7,3.678e-19,8.031e-20,2.685e-22,3.965e-3,1.239e-1,1.967e-19,1.998e-26,1.119e-2,3.424e-23,1.043e-20,1.145e-17,9.226e-1,,,,,,1.177e+1,,,4.095e+0,4.295e-18,,1.248e-20,,,,,4.720e-18,6.869e-6,8.138e-18,1.590e-18,1.544e-16,1.506e-16,8.394e-18
333.76,3.330e+3,2.737e-21,3.985e-28,4.834e-46,3.015e-21,3.442e-20,,1.951e+0,1.459e-22,,1.419e-15,3.519e-9,2.292e-14,5.787e-18,3.602e-2,3.054e-34,,1.767e-27,7.747e-30,1.483e-2,3.548e-19,4.891e-34,4.943e+1,3.262e+3,9.441e-7,3.692e-19,8.034e-20,2.639e-22,2.811e-3,7.956e-2,1.966e-19,1.997e-26,1.652e-2,3.425e-23,1.041e-20,1.141e-17,1.178e+0,,,,,,1.180e+1,,,3.480e+0,4.297e-18,,1.247e-20,,,,,4.893e-18,1.112e-5,8.125e-18,1.591e-18,1.544e-16,4.646e-16,8.395e-18
333.78,3.504e+3,2.739e-21,8.803e-28,4.827e-46,3.005e-21,2.436e-20,,1.873e+0,1.458e-22,,1.420e-15,5.631e-9,3.314e-14,5.790e-18,3.778e-2,3.067e-34,,1.778e-27,4.559e-30,1.871e-2,3.552e-19,4.893e-34,5.707e+1,3.429e+3,1.029e-6,3.701e-19,8.036e-20,2.608e-22,2.216e-3,5.872e-2,1.964e-19,1.996e-26,2.123e-2,3.426e-23,1.040e-20,1.138e-17,1.374e+0,,,,,,1.180e+1,,,3.096e+0,4.298e-18,,1.247e-20,,,,,5.009e-18,1.627e-5,8.117e-18,1.592e-18,1.543e-16,9.760e-16,8.396e-18
333.8,3.701e+3,2.740e-21,1.931e-27,4.820e-46,2.996e-21,1.713e-20,,1.787e+0,1.457e-22,,1.420e-15,8.948e-9,4.760e-14,5.794e-18,3.953e-2,3.079e-34,,1.789e-27,2.664e-30,2.345e-2,3.555e-19,4.895e-34,6.546e+1,3.618e+3,1.115e-6,3.711e-19,8.038e-20,2.577e-22,1.735e-3,4.303e-2,1.963e-19,1.996e-26,2.710e-2,3.427e-23,1.039e-20,1.136e-17,1.592e+0,,,,,,1.178e+1,,,2.735e+0,4.299e-18,,1.247e-20,,,,,5.124e-18,2.416e-5,8.108e-18,1.592e-18,1.543e-16,2.037e-15,8.397e-18
333.83,4.041e+3,2.742e-21,6.197e-27,4.810e-46,2.983e-21,9.965e-21,,1.646e+0,1.456e-22,,1.421e-15,1.770e-8,8.089e-14,5.799e-18,4.206e-2,3.098e-34,,1.806e-27,1.175e-30,3.248e-2,3.560e-19,4.899e-34,7.937e+1,3.944e+3,1.242e-6,3.725e-19,8.041e-20,2.530e-22,1.186e-3,2.665e-2,1.961e-19,1.995e-26,3.860e-2,3.428e-23,1.037e-20,1.132e-17,1.960e+0,,,,,,1.170e+1,,,2.242e+0,4.300e-18,,1.247e-20,,,,,5.297e-18,4.388e-5,8.095e-18,1.593e-18,1.542e-16,6.061e-15,8.398e-18
333.85,4.295e+3,2.743e-21,1.337e-26,4.803e-46,2.974e-21,6.885e-21,,1.547e+0,1.455e-22,,1.422e-15,2.765e-8,1.142e-13,5.802e-18,4.362e-2,3.111e-34,,1.817e-27,6.746e-31,4.002e-2,3.563e-19,4.901e-34,8.948e+1,4.188e+3,1.323e-6,3.735e-19,8.043e-20,2.499e-22,9.125e-4,1.920e-2,1.960e-19,1.994e-26,4.845e-2,3.429e-23,1.036e-20,1.130e-17,2.232e+0,,,,,,1.162e+1,,,1.947e+0,4.301e-18,,1.247e-20,,,,,5.412e-18,6.504e-5,8.086e-18,1.593e-18,1.542e-16,1.244e-14,8.399e-18
333.88,4.710e+3,2.745e-21,4.182e-26,4.792e-46,2.960e-21,3.903e-21,,1.392e+0,1.454e-22,,1.422e-15,5.332e-8,1.893e-13,5.807e-18,4.567e-2,3.130e-34,,1.834e-27,2.898e-31,5.404e-2,3.568e-19,4.904e-34,1.057e+2,4.587e+3,1.438e-6,3.749e-19,8.046e-20,2.452e-22,6.080e-4,1.159e-2,1.958e-19,1.993e-26,6.726e-2,3.430e-23,1.034e-20,1.126e-17,2.679e+0,,,,,,1.142e+1,,,1.556e+0,4.303e-18,,1.246e-20,,,,,5.585e-18,1.161e-4,8.074e-18,1.594e-18,1.541e-16,3.608e-14,8.400e-18
333.9,5.006e+3,2.746e-21,8.870e-26,4.785e-46,2.951e-21,2.651e-21,,1.287e+0,1.453e-22,,1.423e-15,8.190e-8,2.628e-13,5.811e-18,4.679e-2,3.142e-34,,1.845e-27,1.636e-31,6.546e-2,3.572e-19,4.906e-34,1.172e+2,4.872e+3,1.508e-6,3.759e-19,8.048e-20,2.421e-22,4.598e-4,8.205e-3,1.957e-19,1.992e-26,8.300e-2,3.431e-23,1.033e-20,1.123e-17,3.000e+0,,,,,,1.124e+1,,,1.328e+0,4.304e-18,,1.246e-20,,,,,5.701e-18,1.694e-4,8.065e-18,1.594e-18,1.541e-16,7.278e-14,8.401e-18
333.93,5.470e+3,2.748e-21,2.705e-25,4.774e-46,2.937e-21,1.464e-21,,1.131e+0,1.451e-22,,1.424e-15,1.539e-7,4.244e-13,5.816e-18,4.802e-2,3.161e-34,,1.861e-27,6.852e-32,8.615e-2,3.577e-19,4.910e-34,1.350e+2,5.318e+3,1.601e-6,3.773e-19,8.051e-20,2.375e-22,2.985e-4,4.825e-3,1.955e-19,1.991e-26,1.123e-1,3.433e-23,1.031e-20,1.120e-17,3.508e+0,,,,,,1.089e+1,,,1.034e+0,4.305e-18,,1.246e-20,,,,,5.874e-18,2.951e-4,8.052e-18,1.595e-18,1.540e-16,2.059e-13,8.402e-18
333.95,5.786e+3,2.750e-21,5.641e-25,4.767e-46,2.928e-21,9.775e-22,,1.029e+0,1.451e-22,,1.424e-15,2.324e-7,5.793e-13,5.819e-18,4.850e-2,3.174e-34,,1.873e-27,3.807e-32,1.026e-1,3.580e-19,4.912e-34,1.470e+2,5.622e+3,1.653e-6,3.782e-19,8.053e-20,2.344e-22,2.219e-4,3.358e-3,1.953e-19,1.990e-26,1.363e-1,3.434e-23,1.030e-20,1.117e-17,3.862e+0,,,,,,1.061e+1,,,8.674e-1,4.306e-18,,1.246e-20,,,,,5.989e-18,4.235e-4,1.765e-17,1.596e-18,1.540e-16,4.083e-13,8.402e-18
333.98,6.257e+3,2.752e-21,1.677e-24,4.757e-46,2.914e-21,5.262e-22,,8.818e-1,1.449e-22,,1.425e-15,4.259e-7,9.123e-13,5.824e-18,4.866e-2,3.193e-34,,1.889e-27,1.570e-32,1.316e-1,3.585e-19,4.915e-34,1.651e+2,6.076e+3,1.717e-6,3.797e-19,8.056e-20,2.297e-22,1.404e-4,1.924e-3,1.952e-19,1.989e-26,1.798e-1,3.435e-23,1.029e-20,1.113e-17,4.402e+0,,,,,,1.011e+1,,,6.581e-1,4.308e-18,,1.246e-20,,,,,6.162e-18,7.190e-4,5.659e-17,1.596e-18,1.539e-16,1.126e-12,8.404e-18
334,6.562e+3,2.753e-21,3.439e-24,4.749e-46,2.905e-21,3.452e-22,,7.890e-1,1.448e-22,,1.425e-15,6.322e-7,1.224e-12,5.827e-18,4.839e-2,3.205e-34,,1.900e-27,8.840e-33,1.541e-1,3.588e-19,4.917e-34,1.768e+2,6.369e+3,1.749e-6,3.806e-19,8.058e-20,2.266e-22,1.026e-4,1.316e-3,1.950e-19,1.989e-26,2.144e-1,3.436e-23,1.028e-20,1.111e-17,4.763e+0,,,,,,9.723e+0,,,5.427e-1,4.309e-18,,1.245e-20,,,,,6.277e-18,1.015e-3,1.220e-16,1.597e-18,1.539e-16,2.196e-12,8.404e-18
334.03,6.992e+3,2.755e-21,9.970e-24,4.739e-46,2.891e-21,1.811e-22,,6.595e-1,1.447e-22,,1.426e-15,1.129e-6,1.880e-12,5.832e-18,4.741e-2,3.224e-34,,1.917e-27,4.350e-33,1.928e-1,3.593e-19,4.921e-34,1.934e+2,6.783e+3,1.781e-6,3.820e-19,8.061e-20,2.220e-22,6.324e-5,7.354e-4,1.948e-19,1.988e-26,2.757e-1,3.437e-23,1.026e-20,1.107e-17,5.292e+0,,,,,,9.084e+0,,,4.013e-1,4.310e-18,,1.245e-20,,,,,6.450e-18,1.679e-3,3.812e-16,1.598e-18,1.538e-16,5.903e-12,8.406e-18
334.05,7.254e+3,2.756e-21,2.010e-23,4.732e-46,2.882e-21,1.168e-22,,5.803e-1,1.446e-22,,1.427e-15,1.648e-6,2.481e-12,5.836e-18,4.639e-2,3.237e-34,,1.928e-27,3.627e-33,2.219e-1,3.597e-19,4.923e-34,2.036e+2,7.035e+3,1.792e-6,3.830e-19,8.063e-20,2.189e-22,4.542e-5,4.947e-4,1.947e-19,1.987e-26,3.233e-1,3.438e-23,1.025e-20,1.104e-17,5.628e+0,,,,,,8.621e+0,,,3.253e-1,4.311e-18,,1.245e-20,,,,,6.565e-18,2.329e-3,8.079e-16,1.598e-18,1.538e-16,1.132e-11,8.406e-18
334.08,7.598e+3,2.758e-21,5.680e-23,4.721e-46,2.869e-21,5.968e-23,,4.729e-1,1.445e-22,,1.427e-15,2.869e-6,3.714e-12,5.841e-18,4.435e-2,3.255e-34,,1.945e-27,5.207e-33,2.707e-1,3.602e-19,4.926e-34,2.171e+2,7.365e+3,1.795e-6,3.844e-19,8.066e-20,2.142e-22,2.728e-5,2.701e-4,1.945e-19,1.986e-26,4.053e-1,3.439e-23,1.023e-20,1.101e-17,6.095e+0,,,,,,7.884e+0,,,2.344e-1,4.313e-18,,1.245e-20,,,,,6.738e-18,3.757e-3,2.461e-15,1.599e-18,1.537e-16,2.966e-11,8.408e-18
334.1,7.789e+3,2.760e-21,1.126e-22,4.714e-46,2.860e-21,3.782e-23,,4.091e-1,1.444e-22,,1.428e-15,4.116e-6,4.819e-12,5.844e-18,4.267e-2,3.268e-34,,1.956e-27,8.533e-33,3.064e-1,3.605e-19,4.928e-34,2.247e+2,7.549e+3,1.789e-6,3.854e-19,8.068e-20,2.111e-22,1.926e-5,1.796e-4,1.944e-19,1.985e-26,4.672e-1,3.440e-23,1.022e-20,1.098e-17,6.372e+0,,,,,,7.373e+0,,,1.868e-1,4.314e-18,,1.245e-20,,,,,6.854e-18,5.123e-3,5.129e-15,1.599e-18,1.537e-16,5.591e-11,8.408e-18
334.13,8.011e+3,2.762e-21,3.102e-22,4.703e-46,2.846e-21,1.884e-23,,3.250e-1,1.443e-22,,1.429e-15,6.984e-6,7.034e-12,5.849e-18,3.978e-2,3.287e-34,,1.973e-27,1.978e-32,3.646e-1,3.610e-19,4.932e-34,2.335e+2,7.763e+3,1.773e-6,3.868e-19,8.070e-20,2.064e-22,1.128e-5,9.806e-5,1.942e-19,1.984e-26,5.709e-1,3.442e-23,1.020e-20,1.094e-17,6.726e+0,,,,,,6.591e+0,,,1.311e-1,4.315e-18,,1.244e-20,,,,,7.027e-18,8.056e-3,1.524e-14,1.600e-18,1.536e-16,1.429e-10,8.409e-18
334.15,8.114e+3,2.763e-21,6.044e-22,4.696e-46,2.837e-21,1.173e-23,,2.765e-1,1.442e-22,,1.429e-15,9.852e-6,8.976e-12,5.853e-18,3.764e-2,3.299e-34,,1.984e-27,3.504e-32,4.059e-1,3.614e-19,4.934e-34,2.375e+2,7.862e+3,1.758e-6,3.878e-19,8.072e-20,2.033e-22,7.823e-6,6.734e-5,1.941e-19,1.984e-26,6.471e-1,3.443e-23,1.019e-20,1.092e-17,6.912e+0,,,,,,6.069e+0,,,1.027e-1,4.316e-18,,1.244e-20,,,,,7.142e-18,1.080e-2,3.122e-14,1.600e-18,1.536e-16,2.648e-10,8.410e-18
334.18,8.202e+3,2.765e-21,1.624e-21,4.686e-46,2.823e-21,5.695e-24,,2.141e-1,1.441e-22,,1.430e-15,1.630e-5,1.278e-11,5.858e-18,3.421e-2,3.318e-34,,2.000e-27,8.202e-32,4.712e-1,3.619e-19,4.937e-34,2.406e+2,7.947e+3,1.734e-6,3.892e-19,8.075e-20,1.987e-22,4.463e-6,4.387e-5,1.939e-19,1.983e-26,7.708e-1,3.444e-23,1.018e-20,1.088e-17,7.110e+0,,,,,,5.299e+0,,,7.028e-2,4.318e-18,,1.244e-20,,,,,7.315e-18,1.655e-2,9.041e-14,1.601e-18,1.535e-16,6.595e-10,8.411e-18
334.2,8.217e+3,2.766e-21,3.111e-21,4.679e-46,2.814e-21,3.487e-24,,1.790e-1,1.440e-22,,1.430e-15,2.260e-5,1.603e-11,5.861e-18,3.183e-2,3.331e-34,,2.011e-27,1.435e-31,5.163e-1,3.622e-19,4.939e-34,2.406e+2,7.963e+3,1.719e-6,3.901e-19,8.077e-20,4.351e-22,3.043e-6,3.944e-5,1.938e-19,1.982e-26,8.589e-1,3.445e-23,1.017e-20,1.086e-17,7.184e+0,,,,,,4.802e+0,,,5.411e-2,4.319e-18,,1.244e-20,,,,,7.430e-18,2.182e-2,1.821e-13,1.602e-18,1.535e-16,1.202e-9,8.412e-18
334.22,8.202e+3,2.768e-21,5.920e-21,4.672e-46,2.805e-21,2.120e-24,,1.487e-1,1.439e-22,,1.431e-15,3.113e-5,1.998e-11,5.864e-18,2.941e-2,3.343e-34,,2.023e-27,2.495e-31,5.621e-1,3.625e-19,4.941e-34,2.390e+2,7.950e+3,1.706e-6,3.911e-19,8.079e-20,9.464e-22,2.061e-6,4.284e-5,1.936e-19,1.981e-26,9.505e-1,3.446e-23,1.015e-20,1.083e-17,7.209e+0,,,,,,4.323e+0,,,4.137e-2,4.320e-18,,1.244e-20,,,,,7.546e-18,2.856e-2,3.644e-13,1.602e-18,1.534e-16,2.175e-9,8.413e-18
334.25,8.132e+3,2.770e-21,1.535e-20,4.661e-46,2.791e-21,9.922e-25,,1.111e-1,1.438e-22,,1.432e-15,4.968e-5,2.747e-11,5.869e-18,2.579e-2,3.362e-34,,2.039e-27,5.645e-31,6.312e-1,3.630e-19,4.945e-34,2.335e+2,7.886e+3,1.693e-6,3.925e-19,8.082e-20,2.998e-21,1.134e-6,6.423e-5,1.934e-19,1.980e-26,1.093e+0,3.447e-23,1.014e-20,1.079e-17,7.153e+0,,,,,,3.648e+0,,,2.730e-2,4.321e-18,,1.244e-20,,,,,7.719e-18,4.223e-2,1.019e-12,1.603e-18,1.534e-16,5.228e-9,8.414e-18
334.27,8.063e+3,2.771e-21,2.872e-20,4.654e-46,2.782e-21,5.930e-25,,9.068e-2,1.437e-22,,1.432e-15,6.728e-5,3.367e-11,5.873e-18,2.342e-2,3.375e-34,,2.050e-27,9.647e-31,6.769e-1,3.634e-19,4.947e-34,2.280e+2,7.823e+3,1.691e-6,3.935e-19,8.084e-20,6.411e-21,7.549e-7,9.275e-5,1.933e-19,1.980e-26,1.189e+0,3.448e-23,1.013e-20,1.077e-17,7.056e+0,,,,,,3.231e+0,,,2.052e-2,4.322e-18,,1.243e-20,,,,,7.834e-18,5.435e-2,2.004e-12,1.603e-18,1.533e-16,9.303e-9,8.415e-18
334.3,7.944e+3,2.773e-21,7.258e-20,4.643e-46,2.768e-21,2.704e-25,,6.603e-2,1.436e-22,,1.433e-15,1.047e-4,4.515e-11,5.878e-18,2.002e-2,3.394e-34,,2.067e-27,2.128e-30,7.434e-1,3.639e-19,4.950e-34,2.171e+2,7.715e+3,1.698e-6,3.949e-19,8.087e-20,1.980e-20,4.048e-7,1.685e-4,1.931e-19,1.979e-26,1.332e+0,3.449e-23,1.011e-20,1.073e-17,6.824e+0,,,,,,2.659e+0,,,1.320e-2,4.323e-18,,1.243e-20,,,,,8.007e-18,7.835e-2,5.460e-12,1.604e-18,1.533e-16,2.180e-8,8.416e-18
334.32,7.867e+3,2.774e-21,1.335e-19,4.636e-46,2.759e-21,1.588e-25,,5.299e-2,1.435e-22,,1.433e-15,1.393e-4,5.444e-11,5.881e-18,1.788e-2,3.406e-34,,2.078e-27,3.576e-30,7.859e-1,3.642e-19,4.952e-34,2.084e+2,7.648e+3,1.711e-6,3.958e-19,8.089e-20,4.163e-20,2.648e-7,2.525e-4,1.930e-19,1.978e-26,1.425e+0,3.450e-23,1.010e-20,1.071e-17,6.617e+0,,,,,,2.316e+0,,,9.749e-3,4.324e-18,,1.243e-20,,,,,8.122e-18,9.913e-2,1.056e-11,1.605e-18,1.532e-16,3.814e-8,8.417e-18
334.35,7.780e+3,2.776e-21,3.290e-19,4.626e-46,2.746e-21,7.059e-26,,3.761e-2,1.434e-22,,1.434e-15,2.113e-4,7.120e-11,5.886e-18,1.489e-2,3.425e-34,,2.095e-27,7.691e-30,8.459e-1,3.647e-19,4.956e-34,1.934e+2,7.576e+3,1.742e-6,3.973e-19,8.092e-20,1.254e-19,1.384e-7,4.604e-4,1.928e-19,1.977e-26,1.557e+0,3.452e-23,1.008e-20,1.067e-17,6.237e+0,,,,,,1.858e+0,,,6.111e-3,4.326e-18,,1.243e-20,,,,,8.295e-18,1.393e-1,2.806e-11,1.605e-18,1.531e-16,8.715e-8,8.418e-18
334.37,7.756e+3,2.778e-21,5.951e-19,4.618e-46,2.736e-21,4.075e-26,,2.967e-2,1.433e-22,,1.435e-15,2.765e-4,8.446e-11,5.889e-18,1.307e-2,3.438e-34,,2.106e-27,1.271e-29,8.831e-1,3.650e-19,4.958e-34,1.825e+2,7.563e+3,1.770e-6,3.982e-19,8.094e-20,2.592e-19,8.899e-8,6.825e-4,1.927e-19,1.976e-26,1.637e+0,3.453e-23,1.007e-20,1.064e-17,5.945e+0,,,,,,1.592e+0,,,4.437e-3,4.327e-18,,1.243e-20,,,,,8.411e-18,1.732e-1,5.337e-11,1.606e-18,1.531e-16,1.499e-7,8.419e-18
334.4,7.796e+3,2.780e-21,1.429e-18,4.608e-46,2.723e-21,1.765e-26,,2.052e-2,1.431e-22,,1.435e-15,4.088e-4,1.078e-10,5.895e-18,1.061e-2,3.456e-34,,2.123e-27,2.664e-29,9.344e-1,3.655e-19,4.961e-34,1.651e+2,7.622e+3,1.821e-6,3.996e-19,8.097e-20,7.609e-19,4.530e-8,1.217e-3,1.925e-19,1.975e-26,1.743e+0,3.454e-23,1.005e-20,1.060e-17,5.462e+0,,,,,,1.245e+0,,,2.710e-3,4.328e-18,,1.242e-20,,,,,8.584e-18,2.373e-1,1.382e-10,1.607e-18,1.530e-16,3.339e-7,8.420e-18
334.42,7.889e+3,2.781e-21,2.542e-18,4.601e-46,2.714e-21,1.001e-26,,1.591e-2,1.431e-22,,1.436e-15,5.260e-4,1.258e-10,5.898e-18,9.156e-3,3.469e-34,,2.134e-27,4.327e-29,9.656e-1,3.659e-19,4.963e-34,1.531e+2,7.727e+3,1.859e-6,4.006e-19,8.099e-20,1.547e-18,2.864e-8,1.774e-3,1.924e-19,1.975e-26,1.803e+0,3.455e-23,1.004e-20,1.058e-17,5.118e+0,,,,,,1.049e+0,,,1.934e-3,4.329e-18,,1.242e-20,,,,,8.699e-18,2.901e-1,2.585e-10,1.607e-18,1.530e-16,5.646e-7,8.421e-18
334.45,8.150e+3,2.783e-21,5.953e-18,4.590e-46,2.700e-21,4.225e-27,,1.073e-2,1.429e-22,,1.437e-15,7.579e-4,1.567e-10,5.903e-18,7.245e-3,3.488e-34,,2.150e-27,8.844e-29,1.009e+0,3.664e-19,4.967e-34,1.350e+2,8.006e+3,1.920e-6,4.020e-19,8.102e-20,4.427e-18,1.421e-8,3.085e-3,1.922e-19,1.974e-26,1.871e+0,3.456e-23,1.003e-20,1.054e-17,4.583e+0,,,,,,7.998e-1,,,1.151e-3,4.331e-18,,1.242e-20,,,,,8.872e-18,3.873e-1,6.527e-10,1.608e-18,1.529e-16,1.226e-6,8.422e-18
334.47,8.418e+3,2.784e-21,1.041e-17,4.583e-46,2.691e-21,2.356e-27,,8.176e-3,1.428e-22,,1.437e-15,9.587e-4,1.799e-10,5.906e-18,6.145e-3,3.500e-34,,2.161e-27,1.412e-28,1.035e+0,3.667e-19,4.969e-34,1.231e+2,8.286e+3,1.961e-6,4.030e-19,8.104e-20,8.850e-18,8.828e-9,4.422e-3,1.920e-19,1.973e-26,1.902e+0,3.457e-23,1.002e-20,1.052e-17,4.221e+0,,,,,,6.621e-1,,,8.078e-4,4.332e-18,,1.242e-20,,,,,8.987e-18,4.656e-1,1.200e-9,1.608e-18,1.529e-16,2.039e-6,8.423e-18
334.5,8.976e+3,2.786e-21,2.377e-17,4.572e-46,2.677e-21,9.688e-28,,5.371e-3,1.427e-22,,1.438e-15,1.347e-3,2.188e-10,5.911e-18,4.739e-3,3.519e-34,,2.178e-27,2.814e-28,1.074e+0,3.672e-19,4.972e-34,1.059e+2,8.862e+3,2.018e-6,4.044e-19,8.107e-20,2.470e-17,4.268e-9,7.495e-3,1.918e-19,1.972e-26,1.925e+0,3.458e-23,1.000e-20,1.048e-17,3.684e+0,,,,,,4.923e-1,,,4.686e-4,4.333e-18,,1.242e-20,,,,,9.160e-18,6.059e-1,2.954e-9,1.609e-18,1.528e-16,4.316e-6,8.424e-18
334.52,9.459e+3,2.788e-21,4.086e-17,4.565e-46,2.668e-21,5.311e-28,,4.024e-3,1.426e-22,,1.438e-15,1.675e-3,2.472e-10,5.915e-18,3.951e-3,3.532e-34,,2.189e-27,4.419e-28,1.099e+0,3.675e-19,4.974e-34,9.494e+1,9.357e+3,2.050e-6,4.054e-19,8.109e-20,4.854e-17,2.606e-9,1.056e-2,1.917e-19,1.971e-26,1.924e+0,3.459e-23,9.989e-21,1.045e-17,3.336e+0,,,,,,4.006e-1,,,3.231e-4,4.334e-18,,1.242e-20,,,,,9.276e-18,7.160e-1,5.341e-9,1.609e-18,1.528e-16,7.056e-6,8.425e-18
334.55,1.036e+4,2.790e-21,9.095e-17,4.555e-46,2.654e-21,2.128e-28,,2.577e-3,1.425e-22,,1.439e-15,2.293e-3,2.935e-10,5.920e-18,2.970e-3,3.551e-34,,2.206e-27,8.584e-28,1.140e+0,3.680e-19,4.978e-34,7.965e+1,1.027e+4,2.088e-6,4.068e-19,8.112e-20,1.321e-16,1.228e-9,1.746e-2,1.915e-19,1.970e-26,1.898e+0,3.461e-23,9.972e-21,1.042e-17,2.837e+0,,,,,,2.903e-1,,,1.827e-4,4.336e-18,,1.241e-20,,,,,9.449e-18,9.082e-1,1.282e-8,1.610e-18,1.527e-16,1.456e-5,8.426e-18
334.57,1.107e+4,2.791e-21,1.537e-16,4.548e-46,2.645e-21,1.146e-28,,1.898e-3,1.424e-22,,1.440e-15,2.803e-3,3.266e-10,5.923e-18,2.434e-3,3.563e-34,,2.217e-27,1.325e-27,1.169e+0,3.684e-19,4.980e-34,7.031e+1,1.099e+4,2.103e-6,4.077e-19,8.114e-20,2.552e-16,7.375e-10,2.419e-2,1.914e-19,1.970e-26,1.865e+0,3.462e-23,9.961e-21,1.039e-17,2.525e+0,,,,,,2.322e-1,,,1.238e-4,4.337e-18,,1.241e-20,,,,,9.564e-18,1.055e+0,2.279e-8,1.611e-18,1.527e-16,2.341e-5,8.426e-18
334.59,1.186e+4,2.792e-21,2.581e-16,4.541e-46,2.636e-21,6.134e-29,,1.388e-3,1.423e-22,,1.440e-15,3.404e-3,3.610e-10,5.926e-18,1.981e-3,3.576e-34,,2.228e-27,2.032e-27,1.201e+0,3.687e-19,4.982e-34,6.170e+1,1.179e+4,2.109e-6,4.087e-19,8.116e-20,4.899e-16,4.401e-10,3.329e-2,1.913e-19,1.969e-26,1.821e+0,3.463e-23,9.950e-21,1.037e-17,2.232e+0,,,,,,1.845e-1,,,8.335e-5,4.338e-18,,1.241e-20,,,,,9.679e-18,1.218e+0,4.023e-8,1.611e-18,1.526e-16,3.737e-5,8.427e-18
334.62,1.321e+4,2.794e-21,5.544e-16,4.530e-46,2.622e-21,2.370e-29,,8.572e-4,1.422e-22,,1.441e-15,4.497e-3,4.149e-10,5.932e-18,1.436e-3,3.595e-34,,2.245e-27,3.808e-27,1.256e+0,3.692e-19,4.985e-34,5.023e+1,1.315e+4,2.100e-6,4.101e-19,8.119e-20,1.286e-15,2.015e-10,5.308e-2,1.911e-19,1.968e-26,1.733e+0,3.464e-23,9.933e-21,1.033e-17,1.832e+0,,,,,,1.290e-1,,,4.544e-5,4.339e-18,,1.241e-20,,,,,9.852e-18,1.490e+0,9.319e-8,1.612e-18,1.526e-16,7.442e-5,8.428e-18
334.64,1.418e+4,2.795e-21,9.153e-16,4.523e-46,2.613e-21,1.246e-29,,6.163e-4,1.421e-22,,1.441e-15,5.369e-3,4.516e-10,5.935e-18,1.149e-3,3.607e-34,,2.256e-27,5.741e-27,1.299e+0,3.695e-19,4.988e-34,4.358e+1,1.413e+4,2.080e-6,4.111e-19,8.121e-20,2.428e-15,1.203e-10,7.183e-2,1.910e-19,1.967e-26,1.663e+0,3.465e-23,9.922e-21,1.030e-17,1.592e+0,,,,,,1.008e-1,,,3.007e-5,4.340e-18,,1.241e-20,,,,,9.968e-18,1.691e+0,1.618e-7,1.612e-18,1.525e-16,1.168e-4,8.429e-18
334.67,1.575e+4,2.797e-21,1.917e-15,4.512e-46,2.600e-21,4.692e-30,,3.709e-4,1.420e-22,,1.442e-15,6.913e-3,5.072e-10,5.940e-18,8.121e-4,3.626e-34,,2.272e-27,1.049e-26,1.373e+0,3.700e-19,4.991e-34,3.509e+1,1.571e+4,2.031e-6,4.125e-19,8.124e-20,6.216e-15,5.935e-11,1.116e-1,1.908e-19,1.966e-26,1.544e+0,3.466e-23,9.906e-21,1.027e-17,1.273e+0,,,,,,6.866e-2,,,1.598e-5,4.342e-18,,1.240e-20,,,,,1.014e-17,2.017e+0,3.653e-7,1.613e-18,1.525e-16,2.268e-4,8.430e-18
334.69,1.683e+4,2.799e-21,3.111e-15,4.505e-46,2.590e-21,2.425e-30,,2.621e-4,1.419e-22,,1.443e-15,8.114e-3,5.439e-10,5.943e-18,6.388e-4,3.639e-34,,2.284e-27,1.555e-26,1.429e+0,3.704e-19,4.993e-34,3.041e+1,1.679e+4,1.986e-6,4.134e-19,8.126e-20,1.154e-14,4.291e-11,1.485e-1,1.906e-19,1.965e-26,1.457e+0,3.467e-23,9.895e-21,1.024e-17,1.087e+0,,,,,,5.271e-2,,,1.039e-5,4.343e-18,,1.240e-20,,,,,1.026e-17,2.249e+0,6.235e-7,1.614e-18,1.524e-16,3.500e-4,8.431e-18
334.72,1.847e+4,2.801e-21,6.352e-15,4.495e-46,2.577e-21,8.897e-31,,1.538e-4,1.418e-22,,1.443e-15,1.019e-2,5.972e-10,5.948e-18,4.399e-4,3.658e-34,,2.300e-27,2.770e-26,1.524e+0,3.709e-19,4.996e-34,2.481e+1,1.844e+4,1.900e-6,4.149e-19,8.129e-20,2.879e-14,4.227e-11,2.250e-1,1.904e-19,1.964e-26,1.318e+0,3.468e-23,9.878e-21,1.020e-17,8.476e-1,,,,,,3.501e-2,,,5.381e-6,4.344e-18,,1.240e-20,,,,,1.043e-17,2.616e+0,1.373e-6,1.614e-18,1.524e-16,6.626e-4,8.432e-18
334.74,1.955e+4,2.802e-21,1.014e-14,4.487e-46,2.568e-21,4.520e-31,,1.068e-4,1.417e-22,,1.444e-15,1.175e-2,6.309e-10,5.952e-18,3.401e-4,3.670e-34,,2.311e-27,4.037e-26,1.593e+0,3.712e-19,4.999e-34,2.202e+1,1.952e+4,1.833e-6,4.158e-19,8.131e-20,5.254e-14,5.728e-11,2.943e-1,1.903e-19,1.964e-26,1.223e+0,3.469e-23,9.867e-21,1.018e-17,7.117e-1,,,,,,2.642e-2,,,3.440e-6,4.345e-18,,1.240e-20,,,,,1.054e-17,2.868e+0,2.304e-6,1.615e-18,1.523e-16,1.005e-3,8.433e-18
334.77,2.109e+4,2.804e-21,2.017e-14,4.477e-46,2.554e-21,1.616e-31,,6.106e-5,1.416e-22,,1.445e-15,1.438e-2,6.776e-10,5.957e-18,2.283e-4,3.689e-34,,2.328e-27,7.012e-26,1.705e+0,3.717e-19,5.002e-34,1.918e+1,2.106e+4,1.721e-6,4.173e-19,8.134e-20,1.279e-13,1.126e-10,4.347e-1,1.901e-19,1.963e-26,1.079e+0,3.471e-23,9.850e-21,1.014e-17,5.407e-1,,,,,,1.710e-2,,,1.736e-6,4.347e-18,,1.240e-20,,,,,1.072e-17,3.250e+0,4.945e-6,1.616e-18,1.523e-16,1.855e-3,8.434e-18
334.79,2.204e+4,2.805e-21,3.165e-14,4.470e-46,2.545e-21,8.068e-32,,4.170e-5,1.415e-22,,1.445e-15,1.631e-2,7.056e-10,5.960e-18,1.735e-4,3.701e-34,,2.339e-27,1.005e-25,1.783e+0,3.721e-19,5.004e-34,1.819e+1,2.201e+4,1.641e-6,4.182e-19,8.136e-20,2.294e-13,1.848e-10,5.590e-1,1.900e-19,1.962e-26,9.837e-1,3.472e-23,9.839e-21,1.012e-17,4.463e-1,,,,,,1.269e-2,,,1.091e-6,4.348e-18,,1.239e-20,,,,,1.083e-17,3.504e+0,8.160e-6,1.616e-18,1.522e-16,2.768e-3,8.435e-18
334.82,2.329e+4,2.807e-21,6.143e-14,4.459e-46,2.531e-21,2.810e-32,,2.323e-5,1.414e-22,,1.446e-15,1.945e-2,7.417e-10,5.965e-18,1.135e-4,3.720e-34,,2.356e-27,1.701e-25,1.903e+0,3.726e-19,5.007e-34,1.804e+1,2.326e+4,1.517e-6,4.196e-19,8.139e-20,5.443e-13,3.917e-10,8.049e-1,1.898e-19,1.961e-26,8.460e-1,3.473e-23,9.823e-21,1.008e-17,3.305e-1,,,,,,8.004e-3,,,5.364e-7,4.349e-18,,1.239e-20,,,,,1.101e-17,3.871e+0,1.708e-5,1.617e-18,1.522e-16,4.980e-3,8.436e-18
334.84,2.399e+4,2.809e-21,9.476e-14,4.452e-46,2.522e-21,1.379e-32,,1.559e-5,1.413e-22,,1.447e-15,2.170e-2,7.615e-10,5.968e-18,8.479e-5,3.733e-34,,2.367e-27,2.396e-25,1.983e+0,3.729e-19,5.009e-34,1.884e+1,2.396e+4,1.434e-6,4.206e-19,8.141e-20,9.602e-13,6.433e-10,1.018e+0,1.897e-19,1.960e-26,7.586e-1,3.474e-23,9.812e-21,1.005e-17,2.682e-1,,,,,,5.837e-3,,,3.314e-7,4.350e-18,,1.239e-20,,,,,1.112e-17,4.102e+0,2.770e-5,1.617e-18,1.521e-16,7.304e-3,8.437e-18
334.87,2.478e+4,2.811e-21,1.793e-13,4.441e-46,2.508e-21,4.681e-33,,8.464e-6,1.411e-22,,1.447e-15,2.522e-2,7.838e-10,5.974e-18,5.405e-5,3.752e-34,,2.384e-27,3.955e-25,2.097e+0,3.734e-19,5.013e-34,2.145e+1,2.475e+4,1.316e-6,4.220e-19,8.144e-20,2.221e-12,1.339e-9,1.428e+0,1.895e-19,1.959e-26,6.360e-1,3.475e-23,9.795e-21,1.001e-17,1.935e-1,,,,,,3.589e-3,,,1.588e-7,4.352e-18,,1.239e-20,,,,,1.129e-17,4.418e+0,5.652e-5,1.618e-18,1.521e-16,1.281e-2,8.438e-18
334.89,2.513e+4,2.812e-21,2.719e-13,4.434e-46,2.499e-21,2.258e-33,,5.585e-6,1.411e-22,,1.448e-15,2.765e-2,7.935e-10,5.977e-18,3.970e-5,3.764e-34,,2.395e-27,5.477e-25,2.168e+0,3.737e-19,5.015e-34,2.416e+1,2.510e+4,1.244e-6,4.230e-19,8.146e-20,3.853e-12,2.164e-9,1.775e+0,1.894e-19,1.959e-26,5.608e-1,3.476e-23,9.784e-21,9.989e-18,1.544e-1,,,,,,2.573e-3,,,9.641e-8,4.353e-18,,1.239e-20,,,,,1.141e-17,4.602e+0,9.016e-5,1.618e-18,1.520e-16,1.847e-2,8.439e-18
334.92,2.536e+4,2.814e-21,5.015e-13,4.424e-46,2.486e-21,7.468e-34,,2.955e-6,1.409e-22,,1.449e-15,3.134e-2,8.002e-10,5.982e-18,2.466e-5,3.783e-34,,2.411e-27,8.814e-25,2.260e+0,3.742e-19,5.018e-34,2.977e+1,2.532e+4,1.149e-6,4.244e-19,8.149e-20,8.690e-12,4.392e-9,2.429e+0,1.892e-19,1.958e-26,4.584e-1,3.477e-23,9.768e-21,9.952e-18,1.086e-1,,,,,,1.541e-3,,,4.503e-8,4.354e-18,,1.238e-20,,,,,1.158e-17,4.831e+0,1.793e-4,1.619e-18,1.520e-16,3.159e-2,8.440e-18
334.94,2.531e+4,2.815e-21,7.479e-13,4.417e-46,2.476e-21,3.541e-34,,1.916e-6,1.408e-22,,1.449e-15,3.378e-2,7.992e-10,5.985e-18,1.781e-5,3.796e-34,,2.422e-27,1.200e-24,2.311e+0,3.746e-19,1.102e-33,3.459e+1,2.526e+4,1.097e-6,4.253e-19,8.151e-20,1.482e-11,6.981e-9,2.968e+0,1.890e-19,1.957e-26,3.974e-1,3.478e-23,9.757e-21,9.927e-18,8.513e-2,,,,,,1.086e-3,,,2.687e-8,4.355e-18,,1.238e-20,,,,,1.170e-17,4.948e+0,2.813e-4,1.620e-18,1.519e-16,4.479e-2,8.441e-18
334.96,2.510e+4,2.817e-21,1.108e-12,4.410e-46,2.467e-21,1.667e-34,,1.234e-6,1.408e-22,,1.450e-15,3.616e-2,7.940e-10,5.989e-18,1.277e-5,3.808e-34,,2.434e-27,1.623e-24,2.350e+0,3.749e-19,2.406e-33,4.033e+1,2.504e+4,1.056e-6,4.263e-19,8.153e-20,2.511e-11,1.102e-8,3.603e+0,1.889e-19,1.956e-26,3.421e-1,3.479e-23,9.745e-21,9.902e-18,6.630e-2,,,,,,7.602e-4,,,1.593e-8,4.356e-18,,1.238e-20,,,,,2.561e-17,5.033e+0,4.382e-4,1.620e-18,1.519e-16,6.307e-2,8.442e-18
334.99,2.448e+4,2.819e-21,1.972e-12,4.399e-46,2.454e-21,5.317e-35,,6.300e-7,1.406e-22,,1.450e-15,3.954e-2,7.785e-10,5.994e-18,7.652e-6,3.827e-34,,2.450e-27,2.520e-24,2.387e+0,3.754e-19,7.658e-33,5.074e+1,2.441e+4,1.019e-6,4.277e-19,8.156e-20,5.465e-11,2.159e-8,4.757e+0,1.887e-19,1.955e-26,2.699e-1,3.481e-23,9.729e-21,9.864e-18,4.498e-2,,,,,,4.394e-4,,,7.174e-9,4.358e-18,,1.238e-20,,,,,8.193e-17,5.098e+0,8.412e-4,1.621e-18,1.518e-16,1.041e-1,8.443e-18
335.01,2.388e+4,2.820e-21,2.872e-12,4.392e-46,2.445e-21,2.461e-35,,3.989e-7,1.405e-22,,1.451e-15,4.162e-2,7.633e-10,5.997e-18,5.393e-6,3.840e-34,,2.461e-27,3.351e-24,2.395e+0,3.757e-19,1.643e-32,5.892e+1,2.380e+4,1.010e-6,4.287e-19,8.158e-20,9.103e-11,3.351e-8,5.676e+0,1.886e-19,1.955e-26,2.285e-1,3.482e-23,9.718e-21,9.839e-18,3.444e-2,,,,,,3.024e-4,,,4.179e-9,4.359e-18,,1.238e-20,,,,,1.764e-16,5.098e+0,1.288e-3,1.621e-18,1.518e-16,1.441e-1,8.443e-18
335.04,2.272e+4,2.822e-21,4.983e-12,4.381e-46,2.431e-21,7.648e-36,,1.984e-7,1.404e-22,,1.452e-15,4.436e-2,7.338e-10,6.002e-18,3.150e-6,3.859e-34,,2.478e-27,5.074e-24,2.380e+0,3.762e-19,5.100e-32,7.312e+1,2.264e+4,1.024e-6,4.301e-19,8.161e-20,1.932e-10,6.400e-8,7.305e+0,1.884e-19,1.954e-26,1.757e-1,3.483e-23,9.701e-21,9.801e-18,2.277e-2,,,,,,1.705e-4,,,1.835e-9,4.360e-18,,1.238e-20,,,,,5.502e-16,5.033e+0,2.411e-3,1.622e-18,1.517e-16,2.318e-1,8.445e-18
335.06,2.181e+4,2.823e-21,7.136e-12,4.374e-46,2.422e-21,3.479e-36,,1.235e-7,1.403e-22,,1.452e-15,4.590e-2,7.102e-10,6.005e-18,2.182e-6,3.871e-34,,2.489e-27,6.633e-24,2.352e+0,3.766e-19,1.076e-31,8.387e+1,2.171e+4,1.052e-6,4.311e-19,8.163e-20,3.164e-10,9.769e-8,8.571e+0,1.883e-19,1.953e-26,1.463e-1,3.484e-23,9.690e-21,9.776e-18,1.714e-2,,,,,,1.154e-4,,,1.051e-9,4.361e-18,,1.237e-20,,,,,1.165e-15,4.948e+0,3.631e-3,1.623e-18,1.517e-16,3.156e-1,8.445e-18
335.09,2.025e+4,2.825e-21,1.207e-11,4.364e-46,2.408e-21,5.353e-36,,5.984e-8,1.402e-22,,1.453e-15,4.769e-2,6.696e-10,6.010e-18,1.242e-6,3.890e-34,,2.506e-27,9.789e-24,2.285e+0,3.771e-19,3.257e-31,1.019e+2,2.013e+4,1.120e-6,4.325e-19,8.166e-20,6.547e-10,1.819e-7,1.075e+1,1.881e-19,1.952e-26,1.097e-1,3.485e-23,9.674e-21,9.738e-18,1.105e-2,,,,,,6.383e-5,,,4.494e-10,4.363e-18,,1.237e-20,,,,,3.543e-15,4.762e+0,6.626e-3,1.623e-18,1.516e-16,4.949e-1,8.447e-18
335.11,1.912e+4,2.827e-21,1.700e-11,4.356e-46,2.399e-21,6.603e-36,,3.661e-8,1.401e-22,,1.453e-15,4.851e-2,6.397e-10,6.014e-18,8.461e-7,3.903e-34,,2.517e-27,1.258e-23,2.223e+0,3.774e-19,6.758e-31,1.151e+2,1.899e+4,1.183e-6,4.334e-19,8.168e-20,1.054e-9,2.730e-7,1.240e+1,1.880e-19,1.951e-26,8.976e-2,3.486e-23,9.663e-21,9.713e-18,8.171e-3,,,,,,4.300e-5,,,2.530e-10,4.364e-18,,1.237e-20,,,,,7.376e-15,4.602e+0,9.811e-3,1.624e-18,1.516e-16,6.625e-1,8.447e-18
335.14,1.733e+4,2.829e-21,2.803e-11,4.346e-46,2.385e-21,8.477e-36,,1.729e-8,1.400e-22,,1.454e-15,4.914e-2,5.917e-10,6.019e-18,4.694e-7,3.921e-34,,2.533e-27,1.810e-23,2.108e+0,3.779e-19,1.994e-30,1.365e+2,1.717e+4,1.303e-6,4.349e-19,8.171e-20,2.127e-9,4.955e-7,1.517e+1,1.878e-19,1.950e-26,6.562e-2,3.487e-23,9.646e-21,9.675e-18,5.133e-3,,,,,,2.444e-5,,,1.055e-10,4.365e-18,,1.237e-20,,,,,2.188e-14,4.317e+0,1.745e-2,1.624e-18,1.515e-16,1.013e+0,8.448e-18
335.16,1.611e+4,2.830e-21,3.880e-11,4.339e-46,2.376e-21,9.727e-36,,1.040e-8,1.399e-22,,1.455e-15,4.914e-2,5.581e-10,6.022e-18,3.143e-7,3.934e-34,,2.545e-27,2.288e-23,2.018e+0,3.782e-19,4.069e-30,1.517e+2,1.593e+4,1.397e-6,4.358e-19,8.173e-20,3.368e-9,7.311e-7,1.720e+1,1.877e-19,1.950e-26,5.281e-2,3.488e-23,9.635e-21,9.650e-18,3.733e-3,,,,,,1.777e-5,,,5.834e-11,4.366e-18,,1.237e-20,,,,,4.478e-14,4.102e+0,2.541e-2,1.625e-18,1.515e-16,1.333e+0,8.449e-18
335.19,1.426e+4,2.832e-21,6.240e-11,4.328e-46,2.362e-21,1.160e-35,,4.787e-9,1.398e-22,,1.455e-15,4.851e-2,5.063e-10,6.027e-18,1.699e-7,3.953e-34,,2.561e-27,3.209e-23,1.867e+0,3.787e-19,1.171e-29,1.755e+2,1.405e+4,1.556e-6,4.372e-19,8.176e-20,6.625e-9,1.294e-6,2.051e+1,1.875e-19,1.949e-26,3.764e-2,3.490e-23,9.618e-21,9.613e-18,2.285e-3,,,,,,1.365e-5,,,2.370e-11,4.368e-18,,1.236e-20,,,,,1.295e-13,3.751e+0,4.407e-2,1.626e-18,1.514e-16,1.987e+0,8.450e-18
335.21,1.304e+4,2.833e-21,8.492e-11,4.321e-46,2.353e-21,1.285e-35,,2.830e-9,1.397e-22,,1.456e-15,4.769e-2,4.714e-10,6.031e-18,1.118e-7,3.965e-34,,2.572e-27,3.987e-23,1.758e+0,3.791e-19,2.349e-29,1.918e+2,1.282e+4,1.672e-6,4.382e-19,8.178e-20,1.031e-8,1.877e-6,2.287e+1,1.873e-19,1.948e-26,2.978e-2,3.491e-23,9.607e-21,9.588e-18,1.634e-3,,,,,,1.418e-5,,,1.289e-11,4.368e-18,,1.236e-20,,,,,2.607e-13,3.504e+0,6.309e-2,1.626e-18,1.514e-16,2.571e+0,8.451e-18
335.24,1.129e+4,2.835e-21,1.331e-10,4.310e-46,2.340e-21,1.473e-35,,1.269e-9,1.396e-22,,1.457e-15,4.590e-2,4.194e-10,6.036e-18,5.893e-8,3.984e-34,,2.589e-27,5.452e-23,1.587e+0,3.796e-19,6.591e-29,2.163e+2,1.103e+4,1.855e-6,4.396e-19,8.181e-20,1.978e-8,3.239e-6,2.658e+1,1.871e-19,1.947e-26,2.069e-2,3.492e-23,9.591e-21,9.550e-18,9.748e-4,,,,,,2.008e-5,,,5.104e-12,4.370e-18,,1.236e-20,,,,,7.352e-13,3.123e+0,1.067e-1,1.627e-18,1.513e-16,3.735e+0,8.452e-18
335.26,1.018e+4,2.837e-21,1.781e-10,4.303e-46,2.330e-21,1.598e-35,,7.376e-10,1.395e-22,,1.457e-15,4.436e-2,3.854e-10,6.039e-18,3.812e-8,3.997e-34,,2.600e-27,6.660e-23,1.471e+0,3.799e-19,1.300e-28,2.325e+2,9.905e+3,1.980e-6,4.406e-19,8.183e-20,3.028e-8,4.620e-6,2.913e+1,1.870e-19,1.946e-26,1.610e-2,3.493e-23,9.580e-21,9.525e-18,6.850e-4,,,,,,2.830e-5,,,2.728e-12,4.371e-18,,1.236e-20,,,,,1.455e-12,2.868e+0,1.501e-1,1.627e-18,1.512e-16,4.752e+0,8.453e-18
335.29,8.625e+3,2.839e-21,2.723e-10,4.293e-46,2.317e-21,1.785e-35,,3.225e-10,1.394e-22,,1.458e-15,4.162e-2,3.362e-10,6.044e-18,1.958e-8,4.016e-34,,2.617e-27,8.879e-23,1.296e+0,3.804e-19,3.558e-28,2.558e+2,8.326e+3,2.166e-6,4.420e-19,8.186e-20,5.661e-8,7.772e-6,3.301e+1,1.868e-19,1.945e-26,1.091e-2,3.494e-23,9.563e-21,9.487e-18,3.984e-4,,,,,,5.025e-5,,,1.053e-12,4.372e-18,,1.236e-20,,,,,4.001e-12,2.492e+0,2.475e-1,1.628e-18,1.512e-16,6.732e+0,8.454e-18
335.31,7.679e+3,2.840e-21,3.582e-10,4.286e-46,2.308e-21,1.910e-35,,1.842e-10,1.393e-22,,1.458e-15,3.954e-2,3.049e-10,6.047e-18,1.245e-8,4.028e-34,,2.628e-27,1.066e-22,1.181e+0,3.807e-19,6.901e-28,2.703e+2,7.361e+3,2.285e-6,4.429e-19,8.188e-20,8.520e-8,1.090e-5,3.557e+1,1.867e-19,1.945e-26,8.344e-3,3.495e-23,9.552e-21,9.462e-18,2.752e-4,,,,,,7.444e-5,,,5.531e-13,4.373e-18,,1.236e-20,,,,,7.788e-12,2.249e+0,3.425e-1,1.629e-18,1.511e-16,8.419e+0,8.455e-18
335.33,6.808e+3,2.841e-21,4.681e-10,4.279e-46,2.299e-21,2.035e-35,,1.045e-10,1.392e-22,,1.459e-15,3.732e-2,2.750e-10,6.051e-18,7.863e-9,4.041e-34,,2.639e-27,1.272e-22,1.070e+0,3.811e-19,1.330e-27,2.838e+2,6.472e+3,2.399e-6,4.439e-19,8.190e-20,1.274e-7,1.519e-5,3.807e+1,1.866e-19,1.944e-26,6.339e-3,3.496e-23,9.541e-21,9.437e-18,1.888e-4,,,,,,1.101e-4,,,2.886e-13,4.374e-18,,1.235e-20,,,,,1.506e-11,2.017e+0,4.708e-1,1.629e-18,1.511e-16,1.046e+1,8.456e-18
335.36,5.650e+3,2.843e-21,6.904e-10,4.268e-46,2.285e-21,2.222e-35,,4.406e-11,1.391e-22,,1.460e-15,3.378e-2,2.332e-10,6.056e-18,3.895e-9,4.060e-34,,2.656e-27,1.637e-22,9.136e-1,3.816e-19,3.512e-27,3.015e+2,5.289e+3,2.551e-6,4.453e-19,8.192e-20,2.299e-7,2.465e-5,4.162e+1,1.864e-19,1.943e-26,4.146e-3,3.497e-23,9.524e-21,9.399e-18,1.059e-4,,,,,,1.963e-4,,,1.074e-13,4.376e-18,,1.235e-20,,,,,3.997e-11,1.691e+0,7.491e-1,1.630e-18,1.510e-16,1.430e+1,8.457e-18
335.38,4.978e+3,2.845e-21,8.871e-10,4.261e-46,2.276e-21,2.347e-35,,2.456e-11,1.390e-22,,1.460e-15,3.134e-2,2.075e-10,6.059e-18,2.418e-9,4.072e-34,,2.667e-27,1.920e-22,8.167e-1,3.819e-19,6.654e-27,3.113e+2,4.602e+3,2.639e-6,4.463e-19,8.194e-20,3.379e-7,3.377e-5,4.380e+1,1.863e-19,1.942e-26,3.097e-3,3.498e-23,9.513e-21,9.374e-18,7.145e-5,,,,,,2.865e-4,,,5.509e-14,4.377e-18,,1.235e-20,,,,,7.597e-11,1.490e+0,1.012e+0,1.630e-18,1.510e-16,1.746e+1,8.458e-18
335.41,4.121e+3,2.846e-21,1.276e-9,4.250e-46,2.262e-21,2.535e-35,,1.010e-11,1.388e-22,,1.461e-15,2.765e-2,1.724e-10,6.064e-18,1.168e-9,4.091e-34,,2.683e-27,2.408e-22,6.851e-1,3.824e-19,1.714e-26,3.225e+2,3.725e+3,2.744e-6,4.477e-19,8.197e-20,5.945e-7,5.345e-5,4.668e+1,1.861e-19,1.941e-26,1.975e-3,3.500e-23,9.497e-21,9.336e-18,3.907e-5,,,,,,4.990e-4,,,1.998e-14,4.378e-18,,1.235e-20,,,,,1.966e-10,1.218e+0,1.570e+0,1.631e-18,1.509e-16,2.328e+1,8.459e-18
335.43,3.647e+3,2.848e-21,1.611e-9,4.243e-46,2.253e-21,2.660e-35,,5.533e-12,1.388e-22,,1.461e-15,2.522e-2,1.512e-10,6.068e-18,7.126e-10,4.104e-34,,2.695e-27,2.777e-22,6.075e-1,3.828e-19,3.193e-26,3.276e+2,3.239e+3,2.794e-6,4.487e-19,8.199e-20,8.592e-7,7.199e-5,4.830e+1,1.859e-19,1.940e-26,1.450e-3,3.501e-23,9.486e-21,9.311e-18,2.590e-5,,,,,,7.163e-4,,,1.007e-14,4.379e-18,,1.235e-20,,,,,3.676e-10,1.056e+0,2.086e+0,1.632e-18,1.509e-16,2.795e+1,8.460e-18
335.46,3.078e+3,2.850e-21,2.259e-9,4.232e-46,2.239e-21,2.847e-35,,2.216e-12,1.386e-22,,1.462e-15,2.170e-2,1.230e-10,6.073e-18,3.353e-10,4.122e-34,,2.711e-27,3.395e-22,5.073e-1,3.833e-19,8.018e-26,3.312e+2,2.656e+3,2.837e-6,4.501e-19,8.202e-20,1.474e-6,1.111e-4,5.018e+1,1.857e-19,1.939e-26,9.017e-4,3.502e-23,9.469e-21,9.273e-18,1.380e-5,,,,,,1.217e-3,,,3.560e-15,4.381e-18,,1.234e-20,,,,,9.277e-10,8.410e-1,3.155e+0,1.632e-18,1.508e-16,3.632e+1,8.461e-18
335.48,2.790e+3,2.851e-21,2.806e-9,4.225e-46,2.230e-21,2.972e-35,,1.194e-12,1.385e-22,,1.463e-15,1.945e-2,1.064e-10,6.076e-18,2.012e-10,4.135e-34,,2.722e-27,3.850e-22,4.520e-1,3.836e-19,1.469e-25,3.309e+2,2.360e+3,2.844e-6,4.510e-19,8.204e-20,2.095e-6,1.471e-4,5.104e+1,1.856e-19,1.939e-26,6.513e-4,3.503e-23,9.458e-21,9.248e-18,8.996e-6,,,,,,1.717e-3,,,1.764e-15,4.382e-18,,1.234e-20,,,,,1.705e-9,7.167e-1,4.122e+0,1.633e-18,1.508e-16,4.288e+1,8.462e-18
335.51,2.488e+3,2.853e-21,3.835e-9,4.215e-46,2.216e-21,3.160e-35,,4.660e-13,1.384e-22,,1.463e-15,1.631e-2,8.467e-11,6.081e-18,9.226e-11,4.154e-34,,2.739e-27,4.590e-22,3.866e-1,3.841e-19,3.597e-25,3.265e+2,2.048e+3,2.820e-6,4.525e-19,8.207e-20,3.503e-6,2.213e-4,5.169e+1,1.854e-19,1.938e-26,3.947e-4,3.504e-23,9.442e-21,9.211e-18,4.673e-6,,,,,,2.843e-3,,,6.075e-16,4.383e-18,,1.234e-20,,,,,4.197e-9,5.570e-1,6.078e+0,1.633e-18,1.507e-16,5.432e+1,8.463e-18
335.53,2.369e+3,2.854e-21,4.683e-9,4.208e-46,2.207e-21,3.285e-35,,2.468e-13,1.383e-22,,1.464e-15,1.438e-2,7.217e-11,6.084e-18,5.440e-11,4.166e-34,,2.750e-27,5.118e-22,3.552e-1,3.844e-19,6.479e-25,3.211e+2,1.925e+3,2.782e-6,4.534e-19,8.209e-20,4.895e-6,2.881e-4,5.169e+1,1.853e-19,1.937e-26,2.803e-4,3.505e-23,9.431e-21,9.186e-18,2.994e-6,,,,,,3.946e-3,,,2.960e-16,4.384e-18,,1.234e-20,,,,,7.585e-9,4.670e-1,7.807e+0,1.634e-18,1.507e-16,6.306e+1,8.464e-18
335.56,2.312e+3,2.856e-21,6.240e-9,4.197e-46,2.194e-21,3.472e-35,,9.388e-14,1.382e-22,,1.465e-15,1.175e-2,5.617e-11,6.089e-18,2.432e-11,4.185e-34,,2.767e-27,5.950e-22,3.266e-1,3.849e-19,1.547e-24,3.093e+2,1.862e+3,2.694e-6,4.548e-19,8.212e-20,7.982e-6,4.226e-4,5.104e+1,1.851e-19,1.936e-26,1.657e-4,3.506e-23,9.414e-21,9.148e-18,1.516e-6,,,,,,6.371e-3,,,9.933e-17,4.386e-18,,1.234e-20,,,,,1.820e-8,3.546e-1,1.122e+1,1.635e-18,1.506e-16,7.787e+1,8.465e-18
335.58,2.351e+3,2.858e-21,7.492e-9,4.190e-46,2.185e-21,3.597e-35,,4.887e-14,1.381e-22,,1.465e-15,1.019e-2,4.718e-11,6.093e-18,1.410e-11,4.198e-34,,2.778e-27,6.524e-22,3.202e-1,3.853e-19,2.740e-24,2.994e+2,1.898e+3,2.616e-6,4.558e-19,8.214e-20,1.097e-5,5.410e-4,5.018e+1,1.850e-19,1.935e-26,1.157e-4,3.507e-23,9.403e-21,9.123e-18,9.545e-7,,,,,,8.693e-3,,,4.756e-17,4.387e-18,,1.233e-20,,,,,3.235e-8,2.930e-1,1.417e+1,1.635e-18,1.506e-16,8.888e+1,8.465e-18
335.61,2.524e+3,2.860e-21,9.732e-9,4.179e-46,2.171e-21,3.785e-35,,1.812e-14,1.380e-22,,1.466e-15,8.114e-3,3.590e-11,6.098e-18,6.141e-12,4.217e-34,,2.794e-27,7.396e-22,3.300e-1,3.858e-19,6.380e-24,2.818e+2,2.066e+3,2.475e-6,4.572e-19,8.217e-20,1.744e-5,7.737e-4,4.830e+1,1.848e-19,1.934e-26,6.666e-5,3.509e-23,9.386e-21,9.085e-18,4.710e-7,,,,,,1.368e-2,,,1.556e-17,4.388e-18,,1.233e-20,,,,,7.569e-8,2.184e-1,1.987e+1,1.636e-18,1.505e-16,1.070e+2,8.467e-18
335.63,2.713e+3,2.861e-21,1.149e-8,4.172e-46,2.162e-21,3.910e-35,,9.269e-15,1.379e-22,,1.466e-15,6.913e-3,2.969e-11,6.101e-18,3.499e-12,4.229e-34,,2.806e-27,7.975e-22,3.499e-1,3.861e-19,1.111e-23,2.686e+2,2.252e+3,2.367e-6,4.582e-19,8.219e-20,2.355e-5,9.738e-4,4.668e+1,1.847e-19,1.934e-26,4.577e-5,3.510e-23,9.375e-21,9.060e-18,2.916e-7,,,,,,1.836e-2,,,7.321e-18,4.389e-18,,1.233e-20,,,,,1.323e-7,1.789e-1,2.467e+1,1.636e-18,1.505e-16,1.201e+2,8.467e-18
335.66,3.105e+3,2.863e-21,1.455e-8,4.162e-46,2.148e-21,4.097e-35,,3.349e-15,1.378e-22,,1.467e-15,5.369e-3,2.208e-11,6.106e-18,1.486e-12,4.248e-34,,2.822e-27,8.820e-22,4.003e-1,3.866e-19,2.523e-23,2.472e+2,2.639e+3,2.188e-6,4.596e-19,8.222e-20,3.651e-5,1.358e-3,4.380e+1,1.845e-19,1.933e-26,2.572e-5,3.511e-23,9.359e-21,9.022e-18,1.402e-7,,,,,,2.818e-2,,,2.334e-18,4.391e-18,,1.233e-20,,,,,3.018e-7,1.327e-1,3.371e+1,1.637e-18,1.504e-16,1.409e+2,8.469e-18
335.68,3.438e+3,2.864e-21,1.689e-8,4.155e-46,2.139e-21,4.222e-35,,1.684e-15,1.377e-22,,1.468e-15,4.497e-3,1.798e-11,6.110e-18,8.320e-13,4.261e-34,,2.833e-27,9.355e-22,4.482e-1,3.869e-19,4.321e-23,2.321e+2,2.967e+3,2.061e-6,4.606e-19,8.224e-20,4.849e-5,1.680e-3,4.162e+1,1.843e-19,1.932e-26,1.736e-5,3.512e-23,9.348e-21,8.997e-18,8.533e-8,,,,,,3.717e-2,,,1.080e-18,4.392e-18,,1.233e-20,,,,,5.187e-7,1.095e-1,4.115e+1,1.638e-18,1.504e-16,1.555e+2,8.469e-18
335.7,3.827e+3,2.866e-21,1.947e-8,4.148e-46,2.130e-21,4.347e-35,,8.413e-16,1.376e-22,,1.468e-15,3.742e-3,1.455e-11,6.113e-18,4.628e-13,4.273e-34,,2.844e-27,9.858e-22,5.076e-1,3.873e-19,7.352e-23,2.168e+2,3.350e+3,1.931e-6,4.615e-19,8.226e-20,6.397e-5,2.065e-3,3.929e+1,1.842e-19,1.931e-26,1.164e-5,3.513e-23,9.337e-21,8.972e-18,5.158e-8,,,,,,4.871e-2,,,4.960e-19,4.393e-18,,1.233e-20,,,,,8.855e-7,9.145e-2,4.991e+1,1.638e-18,1.503e-16,1.704e+2,8.470e-18
335.73,4.511e+3,2.868e-21,2.380e-8,4.137e-46,2.116e-21,4.534e-35,,2.932e-16,1.375e-22,,1.469e-15,2.803e-3,1.047e-11,6.118e-18,1.896e-13,4.292e-34,,2.861e-27,1.054e-21,6.193e-1,3.878e-19,1.611e-22,1.936e+2,4.022e+3,1.731e-6,4.629e-19,8.229e-20,9.571e-5,2.779e-3,3.557e+1,1.840e-19,1.930e-26,6.315e-6,3.514e-23,9.320e-21,8.934e-18,2.393e-8,,,,,,7.214e-2,,,1.525e-19,4.394e-18,,1.232e-20,,,,,1.950e-6,7.271e-2,6.581e+1,1.639e-18,1.503e-16,1.930e+2,8.471e-18
335.75,5.031e+3,2.869e-21,2.697e-8,4.130e-46,2.107e-21,4.659e-35,,1.439e-16,1.374e-22,,1.469e-15,2.293e-3,8.342e-12,6.121e-18,1.036e-13,4.305e-34,,6.221e-27,1.093e-21,7.088e-1,3.881e-19,2.695e-22,1.783e+2,4.533e+3,1.598e-6,4.639e-19,8.231e-20,1.241e-4,3.359e-3,3.301e+1,1.839e-19,1.930e-26,4.164e-6,3.515e-23,9.309e-21,8.909e-18,1.422e-8,,,,,,9.295e-2,,,1.525e-19,4.395e-18,,1.232e-20,,,,,3.274e-6,6.503e-2,7.847e+1,1.639e-18,1.502e-16,2.079e+2,8.472e-18
335.78,5.899e+3,2.871e-21,3.214e-8,4.119e-46,2.093e-21,4.847e-35,,4.889e-17,1.373e-22,,1.470e-15,1.675e-3,5.861e-12,6.126e-18,4.137e-14,4.324e-34,,1.969e-26,1.140e-21,8.659e-1,3.886e-19,5.760e-22,1.560e+2,5.382e+3,1.404e-6,4.653e-19,8.234e-20,1.811e-4,4.406e-3,2.913e+1,1.837e-19,1.929e-26,2.202e-6,3.516e-23,9.292e-21,8.872e-18,6.428e-9,,,,,,1.342e-1,,,1.524e-19,4.397e-18,,1.232e-20,,,,,7.030e-6,5.970e-2,1.009e+2,1.640e-18,1.502e-16,2.296e+2,8.473e-18
335.8,6.529e+3,2.872e-21,3.582e-8,4.112e-46,2.084e-21,4.972e-35,,2.359e-17,1.372e-22,,1.471e-15,1.347e-3,4.595e-12,6.130e-18,2.224e-14,4.336e-34,,4.211e-26,1.165e-21,9.856e-1,3.889e-19,9.475e-22,1.419e+2,5.997e+3,1.279e-6,4.663e-19,8.236e-20,2.310e-4,5.236e-3,2.658e+1,1.836e-19,1.928e-26,1.428e-6,3.517e-23,9.281e-21,8.846e-18,3.754e-9,,,,,,1.700e-1,,,1.524e-19,4.398e-18,,1.232e-20,,,,,1.160e-5,5.983e-2,1.183e+2,1.640e-18,1.501e-16,2.432e+2,8.474e-18
335.83,7.536e+3,2.874e-21,4.161e-8,4.101e-46,2.071e-21,5.159e-35,,7.810e-18,1.371e-22,,1.471e-15,9.587e-4,3.151e-12,6.135e-18,8.651e-15,4.355e-34,,1.300e-25,1.189e-21,1.186e+0,3.894e-19,1.974e-21,1.219e+2,6.980e+3,1.101e-6,4.677e-19,8.239e-20,3.285e-4,6.697e-3,2.287e+1,1.834e-19,1.927e-26,7.361e-7,3.519e-23,9.265e-21,8.809e-18,1.654e-9,,,,,,2.394e-1,,,1.524e-19,4.399e-18,,1.232e-20,,,,,2.430e-5,6.501e-2,1.482e+2,1.641e-18,1.501e-16,2.619e+2,8.475e-18
335.85,8.240e+3,2.876e-21,4.560e-8,4.094e-46,2.061e-21,5.284e-35,,3.705e-18,1.370e-22,,1.472e-15,7.579e-4,2.431e-12,6.138e-18,4.571e-15,4.367e-34,,2.734e-25,1.196e-21,1.334e+0,3.898e-19,3.194e-21,1.095e+2,7.665e+3,9.903e-7,4.686e-19,8.241e-20,4.119e-4,7.825e-3,2.051e+1,1.833e-19,1.926e-26,4.693e-7,3.520e-23,9.254e-21,8.784e-18,9.499e-10,,,,,,2.982e-1,,,1.524e-19,4.400e-18,,1.231e-20,,,,,3.944e-5,7.157e-2,1.709e+2,1.642e-18,1.500e-16,2.727e+2,8.476e-18
335.88,9.321e+3,2.878e-21,5.164e-8,4.084e-46,2.048e-21,5.472e-35,,1.195e-18,1.368e-22,,1.473e-15,5.260e-4,1.627e-12,6.143e-18,1.733e-15,4.386e-34,,8.231e-25,1.196e-21,1.572e+0,3.903e-19,6.488e-21,9.253e+1,8.714e+3,8.372e-7,4.701e-19,8.244e-20,5.712e-4,9.757e-3,1.721e+1,1.831e-19,1.925e-26,2.359e-7,3.521e-23,9.237e-21,8.746e-18,4.080e-10,,,,,,4.093e-1,,,1.524e-19,4.402e-18,,1.231e-20,,,,,8.053e-5,8.585e-2,2.088e+2,1.642e-18,1.500e-16,2.862e+2,8.477e-18
335.9,1.005e+4,2.879e-21,5.563e-8,4.077e-46,2.039e-21,5.597e-35,,5.573e-19,1.368e-22,,1.473e-15,4.088e-4,1.235e-12,6.147e-18,9.001e-16,4.399e-34,,1.702e-24,1.188e-21,1.740e+0,3.906e-19,1.032e-20,8.227e+1,9.416e+3,7.442e-7,4.710e-19,8.246e-20,7.043e-4,1.121e-2,1.518e+1,1.829e-19,1.925e-26,1.479e-7,3.522e-23,9.226e-21,8.721e-18,2.303e-10,,,,,,5.013e-1,,,1.523e-19,4.403e-18,,1.231e-20,,,,,1.285e-4,9.825e-2,2.367e+2,1.643e-18,1.499e-16,2.931e+2,8.478e-18
335.93,1.111e+4,2.881e-21,6.143e-8,4.066e-46,2.025e-21,5.784e-35,,1.752e-19,1.366e-22,,1.474e-15,2.765e-4,8.063e-13,6.152e-18,3.326e-16,4.418e-34,,4.997e-24,1.167e-21,2.002e+0,3.911e-19,2.045e-20,6.846e+1,1.045e+4,6.186e-7,4.724e-19,8.249e-20,9.522e-4,1.363e-2,1.242e+1,1.828e-19,1.924e-26,7.251e-8,3.523e-23,9.209e-21,8.683e-18,9.639e-11,,,,,,6.710e-1,,,1.523e-19,4.404e-18,,1.231e-20,,,,,2.559e-4,1.211e-1,2.819e+2,1.644e-18,1.499e-16,2.999e+2,8.479e-18
335.95,1.179e+4,2.882e-21,6.507e-8,4.059e-46,2.016e-21,5.909e-35,,8.030e-20,1.365e-22,,1.474e-15,2.113e-4,6.019e-13,6.155e-18,1.698e-16,4.430e-34,,1.016e-23,1.147e-21,2.180e+0,3.914e-19,3.198e-20,6.030e+1,1.110e+4,5.439e-7,4.734e-19,8.251e-20,1.154e-3,1.539e-2,1.077e+1,1.826e-19,1.923e-26,4.470e-8,3.524e-23,9.198e-21,8.658e-18,5.348e-11,,,,,,8.080e-1,,,1.523e-19,4.405e-18,,1.231e-20,,,,,4.016e-4,1.391e-1,3.142e+2,1.644e-18,1.498e-16,3.019e+2,8.480e-18
335.98,1.274e+4,2.884e-21,7.004e-8,4.048e-46,2.002e-21,6.096e-35,,8.020e-20,1.364e-22,,1.475e-15,1.393e-4,3.834e-13,6.160e-18,6.115e-17,4.449e-34,,2.910e-23,1.111e-21,2.447e+0,3.920e-19,6.178e-20,4.952e+1,1.201e+4,4.451e-7,4.748e-19,8.254e-20,1.522e-3,1.824e-2,8.607e+0,1.824e-19,1.922e-26,2.136e-8,3.525e-23,9.182e-21,8.620e-18,2.182e-11,,,,,,1.054e+0,,,1.523e-19,4.407e-18,,1.230e-20,,,,,7.797e-4,1.703e-1,3.649e+2,1.645e-18,1.497e-16,3.012e+2,8.481e-18
336,1.330e+4,2.886e-21,7.295e-8,4.041e-46,1.993e-21,6.221e-35,,8.013e-20,1.363e-22,,1.476e-15,1.047e-4,2.816e-13,6.163e-18,3.069e-17,4.462e-34,,5.818e-23,1.083e-21,2.621e+0,3.923e-19,9.502e-20,4.326e+1,1.255e+4,3.875e-7,4.758e-19,8.256e-20,1.814e-3,2.026e-2,7.356e+0,1.823e-19,1.921e-26,1.295e-8,3.526e-23,9.171e-21,8.595e-18,1.190e-11,,,,,,1.248e+0,,,1.523e-19,4.408e-18,,1.230e-20,,,,,1.203e-3,1.937e-1,3.998e+2,1.645e-18,1.497e-16,2.981e+2,8.482e-18
336.03,1.403e+4,2.888e-21,7.655e-8,4.031e-46,1.979e-21,6.409e-35,,8.004e-20,1.362e-22,,1.476e-15,6.728e-5,1.750e-13,6.168e-18,1.077e-17,4.481e-34,,1.625e-22,1.040e-21,2.869e+0,3.928e-19,1.790e-19,3.512e+1,1.324e+4,3.126e-7,4.772e-19,8.259e-20,2.331e-3,2.341e-2,5.758e+0,1.821e-19,1.920e-26,6.035e-9,3.528e-23,9.154e-21,8.558e-18,4.732e-12,,,,,,1.588e+0,,,1.522e-19,4.409e-18,,1.230e-20,,,,,2.278e-3,2.324e-1,4.528e+2,1.646e-18,1.496e-16,2.899e+2,8.483e-18
336.05,1.441e+4,2.889e-21,7.839e-8,4.024e-46,1.970e-21,6.534e-35,,7.997e-20,1.361e-22,,1.477e-15,4.968e-5,1.264e-13,6.172e-18,5.314e-18,4.493e-34,,3.195e-22,1.011e-21,3.022e+0,3.931e-19,2.707e-19,3.046e+1,1.360e+4,2.696e-7,4.782e-19,8.261e-20,2.732e-3,2.557e-2,4.868e+0,1.820e-19,1.920e-26,3.597e-9,3.529e-23,9.143e-21,8.532e-18,2.537e-12,,,,,,1.849e+0,,,1.522e-19,4.410e-18,,1.230e-20,,,,,3.456e-3,2.605e-1,4.878e+2,1.647e-18,1.496e-16,2.821e+2,8.484e-18
336.08,1.483e+4,2.891e-21,8.020e-8,4.013e-46,1.957e-21,6.721e-35,,7.987e-20,1.360e-22,,1.478e-15,3.113e-5,7.658e-14,6.177e-18,1.818e-18,4.512e-34,,8.700e-22,9.696e-22,3.225e+0,3.936e-19,4.971e-19,2.449e+1,1.399e+4,2.146e-7,4.796e-19,8.264e-20,3.423e-3,2.880e-2,3.779e+0,1.818e-19,1.919e-26,1.635e-9,3.530e-23,9.127e-21,8.495e-18,9.833e-13,,,,,,2.293e+0,,,1.522e-19,4.412e-18,,1.230e-20,,,,,6.380e-3,3.054e-1,5.385e+2,1.647e-18,1.495e-16,2.675e+2,8.485e-18
336.1,1.499e+4,2.892e-21,8.075e-8,4.006e-46,1.947e-21,6.846e-35,,7.980e-20,1.359e-22,,1.478e-15,2.260e-5,5.438e-14,6.180e-18,8.816e-19,4.525e-34,,1.682e-21,9.438e-22,3.340e+0,3.940e-19,7.393e-19,2.112e+1,1.413e+4,1.836e-7,4.805e-19,8.266e-20,3.945e-3,3.093e-2,3.206e+0,1.817e-19,1.918e-26,9.581e-10,3.531e-23,9.116e-21,8.470e-18,5.182e-13,,,,,,2.625e+0,,,1.522e-19,4.413e-18,,1.229e-20,,,,,9.520e-3,3.367e-1,5.704e+2,1.648e-18,1.495e-16,2.559e+2,8.486e-18
336.12,1.506e+4,2.894e-21,8.075e-8,3.999e-46,1.938e-21,6.971e-35,,7.974e-20,1.358e-22,,1.479e-15,1.630e-5,3.837e-14,6.184e-18,4.246e-19,4.537e-34,,3.232e-21,9.203e-22,3.435e+0,3.943e-19,1.092e-18,1.818e+1,1.418e+4,1.565e-7,4.815e-19,8.268e-20,4.516e-3,3.298e-2,2.747e+0,1.815e-19,1.917e-26,5.578e-10,3.532e-23,9.104e-21,8.445e-18,2.713e-13,,,,,,2.985e+0,,,1.522e-19,4.414e-18,,1.229e-20,,,,,1.411e-2,3.689e-1,6.001e+2,1.648e-18,1.495e-16,2.432e+2,8.486e-18
336.15,1.497e+4,2.896e-21,7.973e-8,3.988e-46,1.925e-21,7.159e-35,,7.964e-20,1.357e-22,,1.479e-15,9.852e-6,2.245e-14,6.189e-18,1.401e-19,4.556e-34,,8.497e-21,8.902e-22,3.539e+0,3.948e-19,1.936e-18,1.450e+1,1.408e+4,1.224e-7,4.829e-19,8.271e-20,5.462e-3,3.586e-2,2.262e+0,1.814e-19,1.916e-26,2.447e-10,3.533e-23,9.088e-21,8.407e-18,1.014e-13,,,,,,3.574e+0,,,1.521e-19,4.415e-18,,1.229e-20,2.509e-18,,,,2.514e-2,4.176e-1,6.394e+2,1.649e-18,1.494e-16,2.225e+2,8.488e-18
336.17,1.479e+4,2.897e-21,7.839e-8,3.981e-46,1.915e-21,7.284e-35,,7.957e-20,1.356e-22,,1.480e-15,6.984e-6,1.557e-14,6.192e-18,6.633e-20,4.569e-34,,1.605e-20,8.739e-22,3.579e+0,3.951e-19,2.813e-18,1.248e+1,1.390e+4,1.035e-7,4.839e-19,8.273e-20,6.147e-3,3.760e-2,2.069e+0,1.812e-19,1.916e-26,1.401e-10,3.534e-23,9.077e-21,8.382e-18,5.219e-14,,,,,,3.995e+0,,,1.521e-19,4.416e-18,,1.229e-20,5.480e-18,,,,3.664e-2,4.498e-1,6.614e+2,1.649e-18,1.494e-16,2.079e+2,8.488e-18
336.2,1.434e+4,2.899e-21,7.546e-8,3.970e-46,1.902e-21,7.471e-35,,7.948e-20,1.355e-22,,1.481e-15,4.116e-6,8.885e-15,6.197e-18,2.133e-20,4.587e-34,,4.115e-20,8.550e-22,3.594e+0,3.956e-19,4.862e-18,1.002e+1,1.345e+4,8.009e-8,4.853e-19,8.276e-20,7.248e-3,3.986e-2,1.975e+0,1.810e-19,1.915e-26,5.991e-11,3.535e-23,9.060e-21,8.344e-18,1.902e-14,,,,,,4.663e+0,,,1.521e-19,4.417e-18,,1.229e-20,1.747e-17,,,,6.367e-2,4.966e-1,6.871e+2,1.650e-18,1.493e-16,1.855e+2,8.489e-18
336.22,1.394e+4,2.900e-21,7.295e-8,3.963e-46,1.893e-21,7.596e-35,,7.941e-20,1.354e-22,,1.481e-15,2.869e-6,6.061e-15,6.200e-18,9.927e-21,4.600e-34,,7.645e-20,8.460e-22,3.574e+0,3.960e-19,6.945e-18,8.736e+0,1.305e+4,6.731e-8,4.862e-19,8.278e-20,8.021e-3,4.109e-2,2.046e+0,1.809e-19,1.914e-26,3.372e-11,3.536e-23,9.049e-21,8.319e-18,9.619e-15,,,,,,5.126e+0,,,1.521e-19,4.418e-18,,1.229e-20,3.753e-17,,,,9.125e-2,5.259e-1,6.988e+2,1.651e-18,1.492e-16,1.704e+2,8.490e-18
336.25,1.320e+4,2.902e-21,6.846e-8,3.953e-46,1.879e-21,7.784e-35,,7.931e-20,1.353e-22,,1.482e-15,1.648e-6,3.372e-15,6.205e-18,3.111e-21,4.619e-34,,1.912e-19,8.369e-22,3.500e+0,3.965e-19,1.171e-17,7.288e+0,1.232e+4,5.172e-8,4.877e-19,8.281e-20,9.220e-3,4.247e-2,2.368e+0,1.807e-19,1.913e-26,1.406e-11,3.538e-23,9.033e-21,8.281e-18,3.416e-15,,,,,,5.833e+0,,,1.520e-19,4.420e-18,,1.228e-20,1.167e-16,,,,1.546e-1,5.661e-1,7.077e+2,1.651e-18,1.492e-16,1.482e+2,8.491e-18
336.27,1.262e+4,2.903e-21,6.507e-8,3.946e-46,1.870e-21,7.909e-35,,7.925e-20,1.352e-22,,1.482e-15,1.129e-6,2.261e-15,6.209e-18,1.423e-21,4.631e-34,,3.492e-19,8.331e-22,3.422e+0,3.968e-19,1.644e-17,6.633e+0,1.176e+4,4.339e-8,4.886e-19,8.283e-20,1.003e-2,4.305e-2,2.742e+0,1.806e-19,1.912e-26,7.785e-12,3.539e-23,9.022e-21,8.256e-18,1.699e-15,,,,,,6.304e+0,,,1.520e-19,4.421e-18,,1.228e-20,2.465e-16,,,,2.179e-1,5.895e-1,7.077e+2,1.652e-18,1.491e-16,1.338e+2,8.492e-18
336.3,1.166e+4,2.905e-21,5.953e-8,3.935e-46,1.856e-21,8.096e-35,,7.915e-20,1.351e-22,,1.483e-15,6.322e-7,1.227e-15,6.214e-18,4.348e-22,4.650e-34,,8.515e-19,8.295e-22,3.267e+0,3.973e-19,2.703e-17,6.115e+0,1.083e+4,3.354e-8,4.901e-19,8.286e-20,1.124e-2,4.337e-2,3.578e+0,1.804e-19,1.911e-26,3.166e-12,3.540e-23,9.005e-21,8.218e-18,5.879e-16,,,,,,6.995e+0,,,1.520e-19,4.422e-18,,1.228e-20,7.476e-16,,,,3.599e-1,6.186e-1,6.988e+2,1.653e-18,1.491e-16,1.134e+2,8.493e-18
336.32,1.097e+4,2.907e-21,5.563e-8,3.928e-46,1.847e-21,8.221e-35,,7.908e-20,1.350e-22,,1.484e-15,4.259e-7,8.089e-16,6.217e-18,4.655e-22,4.663e-34,,1.530e-18,8.276e-22,3.140e+0,3.976e-19,3.733e-17,6.090e+0,1.016e+4,2.850e-8,4.910e-19,8.288e-20,1.203e-2,4.323e-2,4.347e+0,1.803e-19,1.910e-26,1.723e-12,3.541e-23,8.994e-21,8.193e-18,2.874e-16,,,,,,7.433e+0,,,1.520e-19,4.423e-18,,1.228e-20,1.553e-15,,,,4.987e-1,6.334e-1,6.871e+2,1.653e-18,1.490e-16,1.008e+2,8.494e-18
336.35,9.902e+3,2.909e-21,4.963e-8,3.917e-46,1.833e-21,8.408e-35,,7.898e-20,1.348e-22,,1.484e-15,2.324e-7,4.277e-16,6.222e-18,5.115e-22,4.682e-34,,3.638e-18,8.240e-22,2.923e+0,3.981e-19,5.983e-17,6.574e+0,9.132e+3,2.293e-8,4.924e-19,8.291e-20,1.315e-2,4.247e-2,5.877e+0,1.801e-19,1.909e-26,6.833e-13,3.542e-23,8.977e-21,8.156e-18,9.695e-17,,,,,,8.041e+0,,,1.520e-19,4.425e-18,,1.228e-20,4.594e-15,,,,8.034e-1,6.480e-1,6.614e+2,1.654e-18,1.490e-16,8.327e+1,8.495e-18
336.37,9.175e+3,2.910e-21,4.560e-8,3.910e-46,1.824e-21,8.533e-35,,7.892e-20,1.348e-22,,1.485e-15,1.539e-7,2.774e-16,6.226e-18,5.422e-22,4.694e-34,,6.426e-18,8.201e-22,2.763e+0,3.985e-19,8.126e-17,7.282e+0,8.435e+3,2.041e-8,4.934e-19,8.293e-20,1.383e-2,4.161e-2,7.189e+0,1.800e-19,1.909e-26,3.657e-13,3.543e-23,8.966e-21,8.130e-18,4.658e-17,,,,,,8.402e+0,,,1.519e-19,4.426e-18,,1.227e-20,9.386e-15,,,,1.095e+0,6.524e-1,6.394e+2,1.654e-18,1.489e-16,7.271e+1,8.496e-18
336.4,8.091e+3,2.912e-21,3.965e-8,3.900e-46,1.811e-21,8.721e-35,,7.882e-20,1.346e-22,,1.486e-15,8.190e-8,1.430e-16,6.231e-18,5.883e-22,4.713e-34,,1.490e-17,8.107e-22,2.507e+0,3.990e-19,1.270e-16,9.012e+0,7.400e+3,1.826e-8,4.948e-19,8.296e-20,1.473e-2,3.986e-2,9.676e+0,1.798e-19,1.908e-26,1.414e-13,3.544e-23,8.950e-21,8.093e-18,1.532e-17,,,,,,8.861e+0,,,1.519e-19,4.427e-18,,1.227e-20,2.707e-14,,,,1.719e+0,6.508e-1,6.001e+2,1.655e-18,1.489e-16,5.858e+1,8.497e-18
336.42,7.387e+3,2.913e-21,3.582e-8,3.893e-46,1.801e-21,8.846e-35,,7.875e-20,1.345e-22,,1.486e-15,5.332e-8,9.116e-17,6.234e-18,6.190e-22,4.726e-34,,2.589e-17,8.015e-22,2.330e+0,3.993e-19,1.696e-16,1.068e+1,6.729e+3,1.785e-8,4.958e-19,8.298e-20,1.524e-2,3.840e-2,1.173e+1,1.796e-19,1.907e-26,7.441e-14,3.545e-23,8.939e-21,8.068e-18,7.235e-18,,,,,,9.104e+0,,,1.519e-19,4.428e-18,,1.227e-20,5.440e-14,,,,2.304e+0,6.442e-1,5.704e+2,1.656e-18,1.488e-16,5.029e+1,8.498e-18
336.45,6.379e+3,2.915e-21,3.037e-8,3.882e-46,1.788e-21,9.033e-35,,7.865e-20,1.344e-22,,1.487e-15,2.765e-8,4.581e-17,6.239e-18,6.650e-22,4.744e-34,,5.855e-17,7.822e-22,2.061e+0,3.998e-19,2.584e-16,1.409e+1,5.772e+3,1.874e-8,4.972e-19,8.301e-20,1.583e-2,3.586e-2,1.551e+1,1.794e-19,1.906e-26,2.805e-14,3.547e-23,8.922e-21,8.030e-18,2.318e-18,,,,,,9.361e+0,,,1.519e-19,4.430e-18,,1.227e-20,1.530e-13,,,,3.529e+0,6.265e-1,5.219e+2,1.656e-18,1.488e-16,3.950e+1,8.499e-18
336.47,5.749e+3,2.917e-21,2.697e-8,3.875e-46,1.779e-21,9.158e-35,,7.859e-20,1.343e-22,,1.487e-15,1.770e-8,2.872e-17,6.242e-18,6.957e-22,4.757e-34,,1.000e-16,7.655e-22,1.883e+0,4.001e-19,3.394e-16,1.707e+1,5.176e+3,2.033e-8,4.981e-19,8.303e-20,1.610e-2,3.397e-2,1.855e+1,1.793e-19,1.905e-26,1.452e-14,3.548e-23,8.911e-21,8.005e-18,1.076e-18,,,,,,9.457e+0,,,1.519e-19,4.431e-18,,1.227e-20,3.024e-13,,,,4.649e+0,6.098e-1,4.878e+2,1.657e-18,1.487e-16,3.334e+1,8.500e-18
336.49,5.159e+3,2.918e-21,2.380e-8,3.868e-46,1.770e-21,9.283e-35,,7.852e-20,1.342e-22,,1.488e-15,1.125e-8,1.788e-17,6.246e-18,7.264e-22,4.770e-34,,1.698e-16,7.456e-22,1.710e+0,4.005e-19,4.427e-16,2.071e+1,4.618e+3,2.276e-8,4.991e-19,8.305e-20,1.627e-2,3.196e-2,2.206e+1,1.792e-19,1.905e-26,7.462e-15,3.549e-23,8.900e-21,7.980e-18,4.964e-19,,,,,,9.489e+0,,,1.518e-19,4.432e-18,,1.227e-20,5.937e-13,,,,6.085e+0,5.895e-1,4.528e+2,1.657e-18,1.487e-16,2.795e+1,8.501e-18
336.52,4.360e+3,2.920e-21,1.947e-8,3.857e-46,1.756e-21,9.471e-35,,7.842e-20,1.341e-22,,1.489e-15,5.631e-9,8.671e-18,6.251e-18,7.724e-22,4.788e-34,,3.707e-16,7.097e-22,1.460e+0,4.010e-19,6.512e-16,2.758e+1,3.862e+3,2.802e-8,5.005e-19,8.308e-20,1.631e-2,2.880e-2,2.827e+1,1.790e-19,1.904e-26,2.715e-15,3.550e-23,8.883e-21,7.942e-18,1.726e-19,,,,,,9.417e+0,,,1.518e-19,4.433e-18,,1.226e-20,1.612e-12,,,,8.996e+0,5.533e-1,3.998e+2,1.658e-18,1.486e-16,2.119e+1,8.502e-18
336.54,3.888e+3,2.921e-21,1.689e-8,3.850e-46,1.747e-21,9.596e-35,,7.836e-20,1.340e-22,,1.489e-15,3.519e-9,5.307e-18,6.254e-18,8.031e-22,4.801e-34,,6.186e-16,6.821e-22,1.303e+0,4.013e-19,8.352e-16,3.324e+1,3.417e+3,3.270e-8,5.015e-19,8.310e-20,1.620e-2,2.665e-2,3.310e+1,1.789e-19,1.903e-26,1.373e-15,3.551e-23,8.872e-21,7.917e-18,1.112e-19,,,,,,9.290e+0,,,1.518e-19,4.434e-18,,1.226e-20,3.113e-12,,,,1.158e+1,5.259e-1,3.649e+2,1.658e-18,1.486e-16,1.747e+1,8.503e-18
336.57,3.277e+3,2.923e-21,1.347e-8,3.839e-46,1.733e-21,9.783e-35,,7.826e-20,1.339e-22,,1.490e-15,1.717e-9,2.509e-18,6.259e-18,8.492e-22,4.820e-34,,1.317e-15,6.358e-22,1.084e+0,4.018e-19,1.198e-15,4.359e+1,2.838e+3,4.159e-8,5.029e-19,8.312e-20,1.583e-2,2.341e-2,4.144e+1,1.787e-19,1.902e-26,4.870e-16,3.552e-23,8.856e-21,7.879e-18,1.316e-19,,,,,,8.989e+0,,,1.518e-19,4.436e-18,,1.226e-20,8.246e-12,,,,1.669e+1,4.813e-1,3.142e+2,1.659e-18,1.485e-16,1.291e+1,8.504e-18
336.59,2.936e+3,2.925e-21,1.149e-8,3.832e-46,1.724e-21,9.908e-35,,7.819e-20,1.338e-22,,1.491e-15,1.055e-9,1.510e-18,6.263e-18,8.799e-22,4.832e-34,,2.162e-15,6.022e-22,9.515e-1,4.022e-19,1.511e-15,5.188e+1,2.513e+3,4.887e-8,5.039e-19,8.314e-20,1.546e-2,2.130e-2,4.776e+1,1.786e-19,1.901e-26,2.421e-16,3.553e-23,8.845e-21,7.854e-18,2.814e-19,,,,,,8.720e+0,,,1.518e-19,4.437e-18,,1.226e-20,1.565e-11,,,,2.112e+1,4.498e-1,2.819e+2,1.660e-18,1.485e-16,1.047e+1,8.505e-18
336.62,2.526e+3,2.927e-21,8.935e-9,3.822e-46,1.710e-21,1.010e-34,,7.809e-20,1.337e-22,,1.491e-15,5.015e-10,6.959e-19,6.268e-18,9.259e-22,4.851e-34,,4.489e-15,5.488e-22,7.722e-1,4.027e-19,2.113e-15,6.660e+1,2.118e+3,6.198e-8,5.053e-19,8.317e-20,1.473e-2,1.824e-2,5.841e+1,1.784e-19,1.900e-26,8.375e-17,3.554e-23,8.828e-21,7.816e-18,8.685e-19,,,,,,8.226e+0,,,1.517e-19,4.438e-18,,1.226e-20,4.044e-11,,,,2.969e+1,4.013e-1,2.367e+2,1.660e-18,1.484e-16,7.554e+0,8.506e-18
336.64,2.320e+3,2.928e-21,7.492e-9,3.815e-46,1.701e-21,1.022e-34,,7.803e-20,1.336e-22,,1.492e-15,3.029e-10,4.117e-19,6.271e-18,9.566e-22,4.864e-34,,7.245e-15,5.118e-22,6.662e-1,4.030e-19,2.621e-15,7.808e+1,1.914e+3,7.225e-8,5.062e-19,8.319e-20,1.415e-2,1.632e-2,6.628e+1,1.782e-19,1.900e-26,4.093e-17,3.555e-23,8.817e-21,7.791e-18,1.826e-18,,,,,,7.846e+0,,,1.517e-19,4.439e-18,,1.225e-20,7.551e-11,,,,3.694e+1,3.688e-1,2.088e+2,1.661e-18,1.484e-16,6.031e+0,8.506e-18
336.67,2.110e+3,2.930e-21,5.680e-9,3.804e-46,1.687e-21,1.041e-34,,7.793e-20,1.335e-22,,1.493e-15,1.404e-10,1.850e-19,6.276e-18,1.003e-21,4.883e-34,,1.467e-14,4.554e-22,5.272e-1,4.035e-19,3.574e-15,9.797e+1,1.699e+3,9.008e-8,5.077e-19,8.322e-20,1.315e-2,1.363e-2,7.918e+1,1.780e-19,1.899e-26,1.381e-17,3.557e-23,8.801e-21,7.754e-18,5.497e-18,,,,,,7.217e+0,,,1.517e-19,4.441e-18,,1.225e-20,1.903e-10,,,,5.064e+1,3.207e-1,1.709e+2,1.662e-18,1.483e-16,4.261e+0,8.508e-18
336.69,2.035e+3,2.931e-21,4.683e-9,3.797e-46,1.678e-21,1.053e-34,,7.786e-20,1.334e-22,,1.493e-15,8.338e-11,1.076e-19,6.279e-18,1.033e-21,4.895e-34,,2.329e-14,4.179e-22,4.472e-1,4.038e-19,4.359e-15,1.131e+2,1.613e+3,1.036e-7,5.086e-19,8.324e-20,1.241e-2,1.198e-2,8.845e+1,1.779e-19,1.898e-26,6.636e-18,3.558e-23,8.790e-21,7.729e-18,1.136e-17,,,,,,6.768e+0,,,1.517e-19,4.442e-18,,1.225e-20,3.493e-10,,,,6.196e+1,2.898e-1,1.482e+2,1.662e-18,1.483e-16,3.365e+0,8.508e-18
336.72,2.021e+3,2.933e-21,3.461e-9,3.786e-46,1.665e-21,1.072e-34,,7.776e-20,1.333e-22,,1.494e-15,3.767e-11,4.712e-20,6.284e-18,1.079e-21,4.914e-34,,4.598e-14,3.630e-22,3.450e-1,4.043e-19,5.797e-15,1.386e+2,1.570e+3,1.264e-7,5.100e-19,8.327e-20,1.124e-2,9.757e-3,1.032e+2,1.777e-19,1.897e-26,2.183e-18,3.559e-23,8.773e-21,7.691e-18,3.337e-17,,,,,,6.069e+0,,,1.517e-19,4.443e-18,,1.225e-20,8.584e-10,,,,8.281e+1,2.458e-1,1.183e+2,1.663e-18,1.482e-16,2.361e+0,8.510e-18
336.74,2.076e+3,2.935e-21,2.806e-9,3.779e-46,1.656e-21,1.085e-34,,7.770e-20,1.332e-22,,1.494e-15,2.199e-11,2.695e-20,6.288e-18,1.110e-21,4.927e-34,,7.177e-14,3.277e-22,2.877e-1,4.047e-19,6.951e-15,1.574e+2,1.597e+3,1.432e-7,5.110e-19,8.329e-20,1.044e-2,8.437e-3,1.135e+2,1.776e-19,1.896e-26,1.031e-18,3.560e-23,8.762e-21,7.666e-18,6.784e-17,,,,,,5.596e+0,,,1.516e-19,4.444e-18,,1.225e-20,1.550e-9,,,,9.964e+1,2.183e-1,1.009e+2,1.663e-18,1.482e-16,1.878e+0,8.510e-18
336.77,2.253e+3,2.937e-21,2.022e-9,3.769e-46,1.642e-21,1.103e-34,,7.760e-20,1.331e-22,,1.495e-15,9.686e-12,1.150e-20,6.293e-18,1.156e-21,4.946e-34,,1.382e-13,2.777e-22,2.164e-1,4.052e-19,9.013e-15,1.883e+2,1.720e+3,1.707e-7,5.124e-19,8.332e-20,9.220e-3,6.697e-3,1.294e+2,1.774e-19,1.895e-26,3.308e-19,3.561e-23,8.745e-21,7.628e-18,1.943e-16,,,,,,4.893e+0,,,1.516e-19,4.446e-18,,1.224e-20,3.715e-9,,,,1.299e+2,1.805e-1,7.847e+1,1.664e-18,1.481e-16,1.375e+0,8.511e-18
336.79,2.432e+3,2.938e-21,1.611e-9,3.762e-46,1.633e-21,1.116e-34,,7.753e-20,1.330e-22,,1.496e-15,5.559e-12,6.467e-21,6.296e-18,1.187e-21,4.958e-34,,2.122e-13,2.466e-22,1.775e-1,4.055e-19,1.063e-14,2.105e+2,1.856e+3,1.903e-7,5.134e-19,8.334e-20,8.417e-3,5.693e-3,1.401e+2,1.773e-19,1.895e-26,1.537e-19,3.562e-23,8.734e-21,7.603e-18,3.885e-16,,,,,,4.436e+0,,,1.516e-19,4.447e-18,,1.224e-20,6.597e-9,,,,1.536e+2,1.577e-1,6.581e+1,1.664e-18,1.481e-16,1.165e+0,8.512e-18
336.82,2.794e+3,2.940e-21,1.132e-9,3.751e-46,1.619e-21,1.135e-34,,7.744e-20,1.328e-22,,1.496e-15,2.387e-12,2.691e-21,6.301e-18,1.233e-21,4.977e-34,,3.984e-13,2.037e-22,1.302e-1,4.060e-19,1.344e-14,2.459e+2,2.141e+3,2.214e-7,5.148e-19,8.337e-20,7.248e-3,4.406e-3,1.559e+2,1.771e-19,1.894e-26,4.807e-20,3.563e-23,8.718e-21,7.565e-18,1.085e-15,,,,,,3.782e+0,,,1.516e-19,4.448e-18,,1.224e-20,1.542e-8,,,,1.952e+2,1.271e-1,4.991e+1,1.665e-18,1.480e-16,1.009e+0,8.513e-18
336.84,3.094e+3,2.941e-21,8.871e-10,3.744e-46,1.610e-21,1.147e-34,,7.737e-20,1.328e-22,,1.497e-15,1.347e-12,1.488e-21,6.305e-18,1.264e-21,4.990e-34,,6.014e-13,1.779e-22,1.049e-1,4.063e-19,1.558e-14,2.706e+2,2.384e+3,2.430e-7,5.157e-19,8.339e-20,6.505e-3,3.683e-3,1.662e+2,1.770e-19,1.893e-26,1.419e-20,3.564e-23,8.707e-21,7.540e-18,2.134e-15,,,,,,3.371e+0,,,1.516e-19,4.449e-18,,1.224e-20,2.693e-8,,,,2.271e+2,1.092e-1,4.115e+1,1.666e-18,1.480e-16,1.000e+0,8.514e-18
336.86,3.440e+3,2.943e-21,6.904e-10,3.737e-46,1.601e-21,1.160e-34,,7.730e-20,1.327e-22,,1.497e-15,7.547e-13,8.166e-22,6.308e-18,1.294e-21,5.002e-34,,9.018e-13,1.543e-22,8.405e-2,4.067e-19,1.795e-14,2.958e+2,2.668e+3,2.650e-7,5.167e-19,8.341e-20,5.799e-3,3.058e-3,1.761e+2,1.768e-19,1.892e-26,6.486e-21,3.565e-23,8.696e-21,7.515e-18,4.169e-15,,,,,,2.985e+0,,,1.515e-19,4.450e-18,,1.224e-20,4.672e-8,,,,2.625e+2,9.313e-2,3.371e+1,1.666e-18,1.479e-16,1.066e+0,8.515e-18
336.89,4.042e+3,2.945e-21,4.681e-10,3.726e-46,1.587e-21,1.178e-34,,7.721e-20,1.325e-22,,1.498e-15,3.126e-13,3.279e-22,6.313e-18,1.340e-21,5.021e-34,,1.635e-12,1.231e-22,5.949e-2,4.072e-19,2.190e-14,3.341e+2,3.167e+3,2.981e-7,5.181e-19,8.344e-20,4.820e-3,2.284e-3,1.897e+2,1.766e-19,1.891e-26,6.507e-21,3.567e-23,8.679e-21,7.477e-18,1.124e-14,,,,,,2.456e+0,,,1.515e-19,4.452e-18,,1.223e-20,1.054e-7,,,,3.220e+2,7.246e-2,2.467e+1,1.667e-18,1.478e-16,1.306e+0,8.516e-18
336.91,4.494e+3,2.946e-21,3.582e-10,3.719e-46,1.578e-21,1.191e-34,,7.714e-20,1.325e-22,,1.499e-15,1.722e-13,1.770e-22,6.316e-18,1.371e-21,5.033e-34,,2.411e-12,1.050e-22,4.684e-2,4.075e-19,2.481e-14,3.594e+2,3.547e+3,3.198e-7,5.191e-19,8.346e-20,4.225e-3,1.864e-3,1.978e+2,1.765e-19,1.891e-26,6.521e-21,3.568e-23,8.668e-21,7.452e-18,2.160e-14,,,,,,2.138e+0,,,1.515e-19,4.453e-18,,1.223e-20,1.799e-7,,,,3.659e+2,6.078e-2,1.987e+1,1.667e-18,1.478e-16,1.569e+0,8.517e-18
336.94,5.240e+3,2.948e-21,2.368e-10,3.708e-46,1.564e-21,1.210e-34,,7.704e-20,1.323e-22,,1.499e-15,6.955e-14,6.927e-23,6.321e-18,1.417e-21,5.052e-34,,4.263e-12,8.170e-23,3.232e-2,4.080e-19,2.952e-14,3.963e+2,4.180e+3,3.511e-7,5.205e-19,8.349e-20,3.423e-3,1.358e-3,2.081e+2,1.763e-19,1.890e-26,6.542e-21,3.569e-23,8.651e-21,7.415e-18,5.682e-14,,,,,,1.715e+0,,,1.515e-19,4.454e-18,,1.223e-20,3.959e-7,,,,4.376e+2,4.612e-2,1.417e+1,1.668e-18,1.477e-16,2.141e+0,8.518e-18
336.96,5.777e+3,2.949e-21,1.781e-10,3.701e-46,1.555e-21,1.222e-34,,7.697e-20,1.322e-22,,1.500e-15,3.767e-14,3.675e-23,6.325e-18,1.448e-21,5.065e-34,,6.182e-12,6.853e-23,2.503e-2,4.083e-19,3.288e-14,4.197e+2,4.639e+3,3.707e-7,5.215e-19,8.351e-20,2.951e-3,1.090e-3,2.137e+2,1.762e-19,1.889e-26,6.556e-21,3.570e-23,8.640e-21,7.389e-18,1.074e-13,,,,,,1.468e+0,,,1.515e-19,4.455e-18,,1.223e-20,6.642e-7,,,,4.890e+2,3.806e-2,1.122e+1,1.669e-18,1.477e-16,2.660e+0,8.519e-18
336.99,6.627e+3,2.951e-21,1.148e-10,3.691e-46,1.541e-21,1.241e-34,,7.688e-20,1.321e-22,,1.501e-15,1.483e-14,1.402e-23,6.330e-18,1.494e-21,5.084e-34,,1.066e-11,5.198e-23,1.684e-2,4.088e-19,3.815e-14,4.518e+2,5.372e+3,3.973e-7,5.229e-19,8.354e-20,2.331e-3,7.737e-4,2.196e+2,1.760e-19,1.888e-26,6.577e-21,3.571e-23,8.624e-21,7.352e-18,2.755e-13,,,,,,1.148e+0,,,1.514e-19,4.457e-18,,1.223e-20,1.426e-6,,,,5.703e+2,2.818e-2,7.807e+0,1.669e-18,1.476e-16,3.685e+0,8.520e-18
337.01,7.215e+3,2.952e-21,8.492e-11,3.684e-46,1.532e-21,1.253e-34,,7.681e-20,1.320e-22,,1.501e-15,7.896e-15,7.315e-24,6.333e-18,1.524e-21,5.096e-34,,1.520e-11,4.287e-23,1.282e-2,4.092e-19,4.178e-14,4.709e+2,5.884e+3,4.128e-7,5.238e-19,8.356e-20,1.975e-3,6.106e-4,2.219e+2,1.759e-19,1.887e-26,6.590e-21,3.572e-23,8.613e-21,7.327e-18,5.119e-13,,,,,,9.665e-1,,,1.514e-19,4.458e-18,,1.223e-20,2.353e-6,,,,6.267e+2,2.290e-2,6.078e+0,1.670e-18,1.476e-16,4.563e+0,8.521e-18
337.04,8.110e+3,2.954e-21,5.335e-11,3.673e-46,1.519e-21,1.272e-34,,7.671e-20,1.319e-22,,1.502e-15,3.029e-15,2.721e-24,6.338e-18,1.570e-21,5.115e-34,,2.556e-11,3.170e-23,8.407e-3,4.097e-19,4.728e-14,4.951e+2,6.668e+3,4.319e-7,5.253e-19,8.359e-20,1.522e-3,4.226e-4,2.228e+2,1.757e-19,1.886e-26,6.611e-21,3.573e-23,8.596e-21,7.289e-18,1.281e-12,,,,,,7.369e-1,,,1.514e-19,4.459e-18,,1.222e-20,4.925e-6,,,,7.127e+2,1.662e-2,4.122e+0,1.671e-18,1.475e-16,6.229e+0,8.522e-18
337.06,8.703e+3,2.956e-21,3.880e-11,3.666e-46,1.510e-21,1.284e-34,,7.665e-20,1.318e-22,,1.502e-15,1.586e-15,1.395e-24,6.341e-18,1.601e-21,5.128e-34,,3.584e-11,2.571e-23,6.293e-3,4.100e-19,5.091e-14,5.080e+2,7.192e+3,4.415e-7,5.262e-19,8.361e-20,1.268e-3,3.279e-4,2.216e+2,1.756e-19,1.885e-26,6.625e-21,3.574e-23,8.585e-21,7.264e-18,2.341e-12,,,,,,6.099e-1,,,1.514e-19,4.460e-18,,1.222e-20,7.992e-6,,,,7.700e+2,1.336e-2,3.155e+0,1.671e-18,1.475e-16,7.611e+0,8.523e-18
337.09,9.566e+3,2.958e-21,2.377e-11,3.655e-46,1.496e-21,1.303e-34,,7.655e-20,1.317e-22,,1.503e-15,5.931e-16,5.058e-25,6.347e-18,1.647e-21,5.147e-34,,5.878e-11,1.853e-23,4.024e-3,4.105e-19,5.617e-14,5.218e+2,7.961e+3,4.508e-7,5.276e-19,8.364e-20,9.522e-4,2.213e-4,2.173e+2,1.754e-19,1.884e-26,6.646e-21,3.576e-23,8.569e-21,7.226e-18,5.713e-12,,,,,,4.534e-1,,,1.513e-19,4.462e-18,,1.222e-20,1.632e-5,,,,8.539e+2,9.631e-3,2.086e+0,1.672e-18,1.474e-16,1.016e+1,8.524e-18
337.11,1.011e+4,2.959e-21,1.700e-11,3.648e-46,1.487e-21,1.316e-34,,7.648e-20,1.316e-22,,1.504e-15,3.053e-16,2.550e-25,6.350e-18,1.678e-21,5.159e-34,,8.106e-11,1.478e-23,2.962e-3,4.108e-19,5.948e-14,5.272e+2,8.450e+3,4.535e-7,5.286e-19,8.366e-20,7.801e-4,1.688e-4,2.128e+2,1.752e-19,1.884e-26,6.660e-21,3.577e-23,8.557e-21,7.201e-18,1.027e-11,,,,,,3.690e-1,,,1.513e-19,4.462e-18,,1.222e-20,2.604e-5,,,,9.072e+2,7.802e-3,1.570e+0,1.672e-18,1.474e-16,1.221e+1,8.525e-18
337.14,1.086e+4,2.961e-21,1.015e-11,3.638e-46,1.473e-21,1.334e-34,,7.638e-20,1.315e-22,,1.504e-15,1.113e-16,9.012e-26,6.355e-18,1.724e-21,5.178e-34,,1.296e-10,1.039e-23,1.846e-3,4.113e-19,6.399e-14,5.294e+2,9.128e+3,4.520e-7,5.300e-19,8.369e-20,5.712e-4,1.111e-4,2.038e+2,1.751e-19,1.883e-26,6.681e-21,3.578e-23,8.541e-21,7.163e-18,2.444e-11,,,,,,2.674e-1,,,1.513e-19,4.464e-18,,1.222e-20,5.185e-5,,,,9.810e+2,5.884e-3,1.012e+0,1.673e-18,1.473e-16,1.590e+1,8.526e-18
337.16,1.130e+4,2.962e-21,7.136e-12,3.631e-46,1.464e-21,1.347e-34,,7.632e-20,1.314e-22,,1.505e-15,5.631e-17,4.466e-26,6.358e-18,1.755e-21,5.191e-34,,1.758e-10,8.145e-24,1.336e-3,4.117e-19,6.663e-14,5.270e+2,9.531e+3,4.474e-7,5.310e-19,8.371e-20,4.601e-4,8.333e-5,1.965e+2,1.749e-19,1.882e-26,6.695e-21,3.579e-23,8.530e-21,7.138e-18,4.321e-11,,,,,,2.140e-1,,,1.513e-19,4.465e-18,,1.221e-20,8.137e-5,,,,1.025e+3,5.087e-3,7.491e-1,1.673e-18,1.473e-16,1.881e+1,8.527e-18
337.19,1.185e+4,2.964e-21,4.154e-12,3.620e-46,1.450e-21,1.366e-34,,7.622e-20,1.313e-22,,1.506e-15,2.001e-17,1.538e-26,6.363e-18,1.801e-21,5.209e-34,,2.742e-10,5.582e-24,8.122e-4,4.122e-19,6.990e-14,5.178e+2,1.004e+4,4.353e-7,5.324e-19,8.374e-20,3.285e-4,5.345e-5,1.838e+2,1.747e-19,1.881e-26,6.715e-21,3.580e-23,8.513e-21,7.101e-18,1.003e-10,,,,,,1.512e-1,,,1.513e-19,4.466e-18,,1.221e-20,1.580e-4,,,,1.081e+3,4.544e-3,4.708e-1,1.674e-18,1.472e-16,2.389e+1,8.528e-18
337.21,1.214e+4,2.966e-21,2.872e-12,3.613e-46,1.441e-21,1.378e-34,,7.615e-20,1.312e-22,,1.506e-15,9.953e-18,7.496e-27,6.367e-18,1.831e-21,5.222e-34,,3.657e-10,4.303e-24,5.779e-4,4.125e-19,7.157e-14,5.083e+2,1.032e+4,4.239e-7,5.334e-19,8.376e-20,2.602e-4,3.942e-5,1.744e+2,1.746e-19,1.880e-26,6.729e-21,3.581e-23,8.502e-21,7.075e-18,1.744e-10,,,,,,1.190e-1,,,1.512e-19,4.467e-18,,1.221e-20,2.439e-4,,,,1.110e+3,4.601e-3,3.425e-1,1.675e-18,1.472e-16,2.778e+1,8.528e-18
337.23,1.235e+4,2.967e-21,1.972e-12,3.606e-46,1.432e-21,1.391e-34,,7.609e-20,1.311e-22,,1.507e-15,4.918e-18,3.628e-27,6.370e-18,1.862e-21,5.235e-34,,4.845e-10,3.295e-24,4.084e-4,4.129e-19,7.278e-14,4.963e+2,1.053e+4,4.102e-7,5.343e-19,8.378e-20,2.047e-4,2.888e-5,1.645e+2,1.745e-19,1.880e-26,6.743e-21,3.582e-23,8.491e-21,7.050e-18,3.012e-10,,,,,,9.295e-2,,,1.512e-19,4.468e-18,,1.221e-20,3.739e-4,,,,1.133e+3,5.003e-3,2.475e-1,1.675e-18,1.471e-16,3.209e+1,8.529e-18
337.26,1.253e+4,2.969e-21,1.108e-12,3.595e-46,1.418e-21,1.409e-34,,7.599e-20,1.310e-22,,1.507e-15,1.686e-18,1.206e-27,6.375e-18,1.908e-21,5.253e-34,,7.295e-10,2.179e-24,2.396e-4,4.134e-19,7.370e-14,4.746e+2,1.071e+4,3.858e-7,5.357e-19,8.381e-20,1.410e-4,1.788e-5,1.489e+2,1.743e-19,1.879e-26,6.764e-21,3.583e-23,8.475e-21,7.013e-18,6.751e-10,,,,,,6.339e-2,,,1.512e-19,4.470e-18,,1.221e-20,7.011e-4,,,,1.153e+3,6.308e-3,1.501e-1,1.676e-18,1.471e-16,3.935e+1,8.530e-18
337.28,1.255e+4,2.970e-21,7.479e-13,3.588e-46,1.409e-21,1.422e-34,,7.592e-20,1.309e-22,,1.508e-15,8.190e-19,5.737e-28,6.378e-18,1.939e-21,5.266e-34,,9.505e-10,1.641e-24,1.665e-4,4.137e-19,7.370e-14,4.581e+2,1.075e+4,3.673e-7,5.367e-19,8.383e-20,1.091e-4,1.288e-5,1.383e+2,1.742e-19,1.878e-26,6.778e-21,3.584e-23,8.464e-21,6.987e-18,1.147e-9,,,,,,4.871e-2,,,1.512e-19,4.471e-18,,1.221e-20,1.057e-3,,,,1.157e+3,7.713e-3,1.067e-1,1.676e-18,1.470e-16,4.470e+1,8.531e-18
337.31,1.243e+4,2.972e-21,4.096e-13,3.577e-46,1.396e-21,1.441e-34,,7.582e-20,1.308e-22,,1.509e-15,2.737e-19,1.859e-28,6.383e-18,1.985e-21,5.285e-34,,1.396e-9,1.058e-24,9.522e-5,4.142e-19,7.278e-14,4.313e+2,1.067e+4,3.371e-7,5.381e-19,8.386e-20,7.329e-5,7.772e-6,1.225e+2,1.740e-19,1.877e-26,6.799e-21,3.586e-23,8.447e-21,6.950e-18,2.507e-9,,,,,,3.239e-2,,,1.512e-19,4.472e-18,,1.220e-20,1.933e-3,,,,1.148e+3,1.080e-2,6.309e-2,1.677e-18,1.470e-16,5.345e+1,8.532e-18
337.33,1.225e+4,2.974e-21,2.719e-13,3.570e-46,1.386e-21,1.453e-34,,7.576e-20,1.307e-22,,1.509e-15,1.307e-19,8.695e-29,6.387e-18,2.015e-21,5.297e-34,,1.788e-9,7.832e-25,6.506e-5,4.145e-19,7.157e-14,4.126e+2,1.054e+4,3.159e-7,5.391e-19,8.388e-20,5.574e-5,5.504e-6,1.121e+2,1.738e-19,1.876e-26,6.813e-21,3.587e-23,8.436e-21,6.925e-18,4.188e-9,,,,,,2.447e-2,,,1.511e-19,4.473e-18,,1.220e-20,2.867e-3,,,,1.133e+3,1.363e-2,4.407e-2,1.678e-18,1.469e-16,5.971e+1,8.533e-18
337.36,1.186e+4,2.976e-21,1.452e-13,3.560e-46,1.373e-21,1.472e-34,,7.566e-20,1.305e-22,,1.510e-15,4.259e-20,2.746e-29,6.392e-18,2.062e-21,5.316e-34,,2.561e-9,4.925e-25,3.628e-5,4.150e-19,6.891e-14,3.843e+2,1.021e+4,2.830e-7,5.405e-19,8.391e-20,3.651e-5,3.239e-6,9.721e+1,1.737e-19,1.875e-26,6.833e-21,3.588e-23,8.419e-21,6.887e-18,8.930e-9,,,,,,1.586e-2,,,1.511e-19,4.475e-18,,1.220e-20,5.112e-3,,,,1.096e+3,1.936e-2,2.541e-2,1.678e-18,1.469e-16,6.962e+1,8.534e-18
337.38,1.151e+4,2.977e-21,9.476e-14,3.553e-46,1.364e-21,1.484e-34,,7.559e-20,1.305e-22,,1.510e-15,1.999e-20,1.263e-29,6.395e-18,2.092e-21,5.329e-34,,3.227e-9,3.584e-25,2.437e-5,4.154e-19,6.663e-14,3.659e+2,9.913e+3,2.608e-7,5.414e-19,8.393e-20,2.730e-5,2.255e-6,8.785e+1,1.735e-19,1.875e-26,6.847e-21,3.589e-23,8.408e-21,6.862e-18,1.467e-8,,,,,,1.178e-2,,,1.511e-19,4.476e-18,,1.220e-20,7.455e-3,,,,1.063e+3,2.436e-2,1.745e-2,1.679e-18,1.468e-16,7.648e+1,8.535e-18
337.41,1.088e+4,2.979e-21,4.933e-14,3.542e-46,1.350e-21,1.503e-34,,7.549e-20,1.303e-22,,1.511e-15,6.349e-21,3.888e-30,6.400e-18,2.138e-21,5.348e-34,,4.507e-9,2.197e-25,1.325e-5,4.159e-19,6.256e-14,3.396e+2,9.374e+3,2.280e-7,5.429e-19,8.396e-20,1.744e-5,1.294e-6,7.487e+1,1.733e-19,1.874e-26,6.868e-21,3.590e-23,8.392e-21,6.824e-18,3.051e-8,,,,,,7.448e-3,,,1.511e-19,4.477e-18,,1.220e-20,1.297e-2,,,,1.004e+3,3.408e-2,9.811e-3,1.680e-18,1.468e-16,8.695e+1,8.536e-18
337.43,1.040e+4,2.980e-21,3.165e-14,3.535e-46,1.341e-21,1.516e-34,,7.543e-20,1.302e-22,,1.512e-15,2.930e-21,3.884e-30,6.404e-18,2.169e-21,5.360e-34,,5.585e-9,1.573e-25,8.752e-6,4.162e-19,5.948e-14,3.234e+2,8.959e+3,2.068e-7,5.438e-19,8.398e-20,1.282e-5,8.858e-7,6.702e+1,1.732e-19,1.873e-26,6.882e-21,3.591e-23,8.381e-21,6.799e-18,4.930e-8,,,,,,5.440e-3,,,1.511e-19,4.478e-18,,1.219e-20,1.860e-2,,,,9.574e+2,4.232e-2,6.626e-3,1.680e-18,1.467e-16,9.393e+1,8.537e-18
337.46,9.619e+3,2.982e-21,1.607e-14,3.524e-46,1.327e-21,1.534e-34,,7.533e-20,1.301e-22,,1.512e-15,9.071e-22,3.879e-30,6.409e-18,2.215e-21,5.379e-34,,7.609e-9,9.399e-26,4.639e-6,4.167e-19,5.445e-14,3.016e+2,8.275e+3,1.765e-7,5.452e-19,8.401e-20,7.982e-6,4.955e-7,5.656e+1,1.730e-19,1.872e-26,6.903e-21,3.592e-23,8.364e-21,6.761e-18,9.999e-8,,,,,,3.352e-3,,,1.510e-19,4.480e-18,,1.219e-20,3.154e-2,,,,8.809e+2,5.787e-2,3.631e-3,1.681e-18,1.467e-16,1.041e+2,8.538e-18
337.48,9.067e+3,2.984e-21,1.014e-14,3.517e-46,1.318e-21,1.547e-34,,7.526e-20,1.300e-22,,1.513e-15,9.076e-22,3.875e-30,6.412e-18,2.246e-21,5.392e-34,,9.273e-9,6.613e-26,3.013e-6,4.170e-19,5.091e-14,2.889e+2,7.790e+3,1.575e-7,5.462e-19,8.403e-20,5.771e-6,3.335e-7,5.051e+1,1.729e-19,1.871e-26,6.917e-21,3.593e-23,8.353e-21,6.736e-18,1.589e-7,,,,,,2.407e-3,,,1.510e-19,4.481e-18,,1.219e-20,4.449e-2,,,,8.264e+2,7.073e-2,2.411e-3,1.681e-18,1.466e-16,1.106e+2,8.539e-18
337.51,8.216e+3,2.986e-21,5.015e-15,3.507e-46,1.304e-21,1.566e-34,,7.516e-20,1.299e-22,,1.514e-15,9.083e-22,3.870e-30,6.417e-18,2.292e-21,5.410e-34,,1.232e-8,3.854e-26,1.557e-6,4.175e-19,4.545e-14,2.728e+2,7.039e+3,1.311e-7,5.476e-19,8.406e-20,3.503e-6,1.819e-7,4.284e+1,1.727e-19,1.870e-26,6.938e-21,3.595e-23,8.336e-21,6.699e-18,3.143e-7,,,,,,1.447e-3,,,1.510e-19,4.482e-18,,1.219e-20,7.360e-2,,,,7.414e+2,9.439e-2,1.288e-3,1.682e-18,1.466e-16,1.196e+2,8.540e-18
337.53,7.648e+3,2.987e-21,3.111e-15,3.499e-46,1.295e-21,1.578e-34,,7.510e-20,1.298e-22,,1.514e-15,9.088e-22,3.866e-30,6.420e-18,2.322e-21,5.423e-34,,1.477e-8,2.666e-26,9.942e-7,4.179e-19,4.178e-14,2.641e+2,6.536e+3,1.151e-7,5.486e-19,8.408e-20,2.490e-6,1.204e-7,3.865e+1,1.726e-19,1.870e-26,6.951e-21,3.596e-23,8.325e-21,6.673e-18,4.912e-7,,,,,,1.021e-3,,,1.510e-19,4.483e-18,,1.219e-20,1.021e-1,,7.411e-18,,6.839e+2,1.135e-1,8.412e-4,1.682e-18,1.465e-16,1.249e+2,8.541e-18
337.56,6.813e+3,2.989e-21,1.501e-15,3.489e-46,1.282e-21,1.597e-34,,7.500e-20,1.297e-22,,1.515e-15,9.096e-22,3.861e-30,6.425e-18,2.368e-21,5.442e-34,,1.914e-8,1.515e-26,5.009e-7,4.184e-19,3.637e-14,2.537e+2,5.795e+3,9.356e-8,5.500e-19,8.411e-20,1.474e-6,6.400e-8,3.372e+1,1.724e-19,1.869e-26,6.972e-21,3.597e-23,8.309e-21,6.636e-18,9.477e-7,,,,,,5.984e-4,,,1.509e-19,4.485e-18,,1.218e-20,1.647e-1,,2.387e-17,,5.984e+2,1.477e-1,4.382e-4,1.683e-18,1.465e-16,1.317e+2,8.542e-18
337.58,6.279e+3,2.990e-21,9.153e-16,3.482e-46,1.272e-21,1.609e-34,,7.493e-20,1.296e-22,,1.515e-15,9.100e-22,3.857e-30,6.429e-18,2.399e-21,5.454e-34,,2.256e-8,1.030e-26,3.145e-7,4.187e-19,3.288e-14,2.484e+2,5.321e+3,8.082e-8,5.510e-19,8.413e-20,1.030e-6,4.165e-8,3.129e+1,1.723e-19,1.868e-26,6.986e-21,3.598e-23,8.298e-21,6.611e-18,1.457e-6,,,,,,4.154e-4,,,1.509e-19,4.486e-18,,1.218e-20,2.247e-1,,5.164e-17,,5.427e+2,1.746e-1,2.813e-4,1.684e-18,1.464e-16,1.353e+2,8.543e-18
337.6,5.771e+3,2.992e-21,5.545e-16,3.475e-46,1.263e-21,1.622e-34,,7.487e-20,1.295e-22,,1.516e-15,9.105e-22,3.854e-30,6.432e-18,2.430e-21,5.467e-34,,2.642e-8,6.962e-27,1.961e-7,4.190e-19,2.952e-14,2.443e+2,4.870e+3,6.935e-8,5.519e-19,8.415e-20,7.153e-7,2.692e-8,2.951e+1,1.721e-19,1.867e-26,7.000e-21,3.599e-23,8.287e-21,6.586e-18,2.224e-6,,,,,,2.865e-4,,,1.509e-19,4.487e-18,,1.218e-20,3.045e-1,,1.110e-16,,4.890e+2,2.050e-1,1.793e-4,1.684e-18,1.464e-16,1.381e+2,8.544e-18
337.63,5.070e+3,2.994e-21,2.582e-16,3.464e-46,1.250e-21,1.641e-34,,7.477e-20,1.294e-22,,1.517e-15,9.113e-22,3.848e-30,6.437e-18,2.476e-21,5.486e-34,,3.307e-8,3.818e-27,9.538e-8,4.195e-19,2.481e-14,2.399e+2,4.248e+3,5.446e-8,5.533e-19,8.418e-20,4.086e-7,1.381e-8,2.795e+1,1.719e-19,1.866e-26,7.021e-21,3.600e-23,8.270e-21,6.548e-18,4.144e-6,,,,,,1.620e-4,,,1.509e-19,4.488e-18,,1.218e-20,4.743e-1,,3.453e-16,,4.130e+2,2.576e-1,9.016e-5,1.685e-18,1.463e-16,1.405e+2,8.545e-18
337.65,4.649e+3,2.995e-21,1.538e-16,3.457e-46,1.240e-21,1.653e-34,,7.470e-20,1.293e-22,,1.517e-15,9.117e-22,3.845e-30,6.441e-18,2.507e-21,5.498e-34,,3.809e-8,2.536e-27,5.849e-8,4.199e-19,2.190e-14,2.378e+2,3.875e+3,4.598e-8,5.543e-19,8.420e-20,2.789e-7,8.779e-9,2.759e+1,1.718e-19,1.866e-26,7.035e-21,3.601e-23,8.259e-21,6.523e-18,6.222e-6,,,,,,1.098e-4,,,1.509e-19,4.489e-18,,1.218e-20,6.321e-1,,7.299e-16,,3.659e+2,2.975e-1,5.652e-5,1.685e-18,1.463e-16,1.410e+2,8.545e-18
337.68,4.094e+3,2.997e-21,6.994e-17,3.446e-46,1.227e-21,1.672e-34,,7.461e-20,1.292e-22,,1.518e-15,9.125e-22,3.839e-30,6.446e-18,2.553e-21,5.517e-34,,4.652e-8,1.356e-27,2.773e-8,4.204e-19,1.795e-14,2.353e+2,3.389e+3,3.524e-8,5.557e-19,8.423e-20,1.553e-7,4.392e-9,2.794e+1,1.716e-19,1.865e-26,7.056e-21,3.602e-23,8.243e-21,6.485e-18,1.131e-5,,,,,,6.054e-5,,,1.508e-19,4.491e-18,,1.217e-20,9.602e-1,,2.215e-15,,3.013e+2,3.646e-1,2.770e-5,1.686e-18,1.462e-16,1.400e+2,8.547e-18
337.7,3.780e+3,2.998e-21,4.114e-17,3.439e-46,1.218e-21,1.684e-34,,7.454e-20,1.291e-22,,1.518e-15,9.130e-22,3.836e-30,6.449e-18,2.583e-21,5.530e-34,,5.272e-8,8.856e-28,1.672e-8,4.207e-19,1.558e-14,2.338e+2,3.115e+3,2.927e-8,5.567e-19,8.425e-20,1.043e-7,2.744e-9,2.868e+1,1.715e-19,1.864e-26,7.069e-21,3.603e-23,8.231e-21,6.460e-18,1.670e-5,,,,,,4.036e-5,,,1.508e-19,4.492e-18,,1.217e-20,1.258e+0,,4.605e-15,,2.625e+2,4.141e-1,1.708e-5,1.687e-18,1.462e-16,1.381e+2,8.547e-18
337.73,3.392e+3,3.000e-21,1.867e-17,3.429e-46,1.204e-21,1.703e-34,,7.444e-20,1.290e-22,,1.519e-15,9.137e-22,3.830e-30,6.454e-18,2.629e-21,5.549e-34,,6.283e-8,4.616e-28,7.728e-9,4.212e-19,1.245e-14,2.313e+2,2.783e+3,2.188e-8,5.581e-19,8.428e-20,5.661e-8,1.338e-9,3.042e+1,1.713e-19,1.863e-26,7.090e-21,3.605e-23,8.215e-21,6.422e-18,2.959e-5,,,,,,2.169e-5,,,1.508e-19,4.493e-18,,1.217e-20,1.865e+0,,1.364e-14,,2.108e+2,4.949e-1,8.160e-6,1.687e-18,1.461e-16,1.337e+2,8.549e-18
337.75,3.190e+3,3.002e-21,1.138e-17,3.422e-46,1.195e-21,1.716e-34,,7.437e-20,1.289e-22,,1.520e-15,9.142e-22,3.827e-30,6.457e-18,2.660e-21,5.561e-34,,7.005e-8,2.965e-28,4.581e-9,4.215e-19,1.063e-14,2.292e+2,2.616e+3,1.788e-8,5.590e-19,8.430e-20,3.736e-8,8.223e-10,3.191e+1,1.712e-19,1.862e-26,7.104e-21,3.606e-23,8.204e-21,6.397e-18,4.297e-5,,,,,,1.422e-5,,,1.508e-19,4.494e-18,,1.217e-20,2.403e+0,,2.788e-14,,1.805e+2,5.527e-1,4.945e-6,1.688e-18,1.461e-16,1.298e+2,8.549e-18
337.78,2.972e+3,3.004e-21,6.475e-18,3.411e-46,1.181e-21,1.734e-34,,7.428e-20,1.288e-22,,1.520e-15,9.149e-22,3.821e-30,6.462e-18,2.706e-21,5.580e-34,,8.149e-8,1.507e-28,2.064e-9,4.220e-19,8.280e-15,2.251e+2,2.444e+3,1.305e-8,5.605e-19,8.433e-20,1.978e-8,3.910e-10,3.451e+1,1.710e-19,1.861e-26,7.125e-21,3.607e-23,8.187e-21,6.359e-18,7.428e-5,,,,,,7.451e-6,,,1.508e-19,4.496e-18,,1.217e-20,3.473e+0,,8.052e-14,,1.414e+2,6.441e-1,2.304e-6,1.688e-18,1.460e-16,1.226e+2,8.551e-18
337.8,2.881e+3,3.005e-21,5.725e-18,3.404e-46,1.172e-21,1.747e-34,,7.421e-20,1.287e-22,,1.521e-15,9.154e-22,3.818e-30,6.466e-18,2.737e-21,5.593e-34,,8.941e-8,9.514e-29,1.203e-9,4.224e-19,6.951e-15,2.215e+2,2.382e+3,1.049e-8,5.614e-19,8.434e-20,1.283e-8,2.362e-10,3.638e+1,1.709e-19,1.861e-26,7.139e-21,3.608e-23,8.176e-21,6.334e-18,1.061e-4,,,,,,4.802e-6,,,1.507e-19,4.497e-18,,1.217e-20,4.402e+0,,1.620e-13,,1.191e+2,7.074e-1,1.373e-6,1.689e-18,1.460e-16,1.170e+2,8.551e-18
337.83,2.824e+3,3.007e-21,7.451e-18,3.393e-46,1.158e-21,1.766e-34,,7.411e-20,1.285e-22,,1.522e-15,9.161e-22,3.813e-30,6.471e-18,2.783e-21,5.612e-34,,1.016e-7,4.714e-29,5.287e-10,4.229e-19,5.280e-15,2.148e+2,2.364e+3,7.465e-9,5.629e-19,8.437e-20,6.625e-9,1.095e-10,3.927e+1,1.707e-19,1.859e-26,7.160e-21,3.609e-23,8.160e-21,6.297e-18,1.789e-4,,,,,,2.453e-6,,,1.507e-19,4.498e-18,,1.216e-20,6.203e+0,,4.562e-13,,9.091e+1,8.041e-1,6.235e-7,1.690e-18,1.459e-16,1.078e+2,8.552e-18
337.85,2.836e+3,3.008e-21,1.066e-17,3.386e-46,1.149e-21,1.778e-34,,7.405e-20,1.285e-22,,1.522e-15,9.166e-22,3.809e-30,6.474e-18,2.814e-21,5.624e-34,,1.097e-7,2.927e-29,3.030e-10,4.232e-19,4.359e-15,2.095e+2,2.400e+3,5.903e-9,5.638e-19,8.439e-20,4.227e-9,6.504e-11,4.117e+1,1.705e-19,1.859e-26,7.174e-21,3.610e-23,8.149e-21,6.272e-18,2.513e-4,,,,,,1.555e-6,,,1.507e-19,4.499e-18,,1.216e-20,7.733e+0,,9.026e-13,,7.530e+1,8.684e-1,3.653e-7,1.690e-18,1.458e-16,1.013e+2,8.553e-18
337.88,2.927e+3,3.010e-21,1.993e-17,3.376e-46,1.136e-21,1.797e-34,,7.395e-20,1.283e-22,,1.523e-15,9.174e-22,3.804e-30,6.479e-18,2.860e-21,5.643e-34,,1.217e-7,1.414e-29,1.298e-10,4.237e-19,3.229e-15,2.001e+2,2.524e+3,4.100e-9,5.652e-19,8.442e-20,2.127e-9,2.940e-11,4.384e+1,1.703e-19,1.858e-26,7.194e-21,3.611e-23,8.132e-21,6.234e-18,4.131e-4,,,,,,7.745e-7,,,1.507e-19,4.501e-18,,1.216e-20,1.063e+1,,2.480e-12,,5.606e+1,9.626e-1,1.618e-7,1.691e-18,1.458e-16,9.120e+1,8.554e-18
337.9,3.032e+3,3.011e-21,3.066e-17,3.368e-46,1.126e-21,1.809e-34,,7.388e-20,1.282e-22,,1.523e-15,9.178e-22,3.800e-30,6.483e-18,2.890e-21,5.656e-34,,1.295e-7,8.632e-30,7.314e-11,4.241e-19,2.621e-15,1.932e+2,2.649e+3,3.189e-9,5.662e-19,8.444e-20,1.334e-9,1.717e-11,4.544e+1,1.702e-19,1.857e-26,7.208e-21,3.612e-23,8.121e-21,6.209e-18,5.708e-4,,,,,,4.826e-7,,,1.507e-19,4.502e-18,,1.216e-20,1.303e+1,,4.826e-12,,4.566e+1,1.022e+0,9.319e-8,1.691e-18,1.457e-16,8.438e+1,8.555e-18
337.93,3.254e+3,3.013e-21,5.829e-17,3.358e-46,1.113e-21,1.828e-34,,7.378e-20,1.281e-22,,1.524e-15,9.186e-22,3.795e-30,6.488e-18,2.936e-21,5.674e-34,,1.405e-7,4.065e-30,3.055e-11,4.246e-19,1.893e-15,1.818e+2,2.899e+3,2.161e-9,5.676e-19,8.447e-20,6.547e-10,7.565e-12,4.744e+1,1.700e-19,1.856e-26,7.229e-21,3.614e-23,8.104e-21,6.171e-18,9.153e-4,,,,,,2.344e-7,,,1.506e-19,4.503e-18,,1.216e-20,1.746e+1,,1.294e-11,,3.314e+1,1.105e+0,4.023e-8,1.692e-18,1.457e-16,7.431e+1,8.556e-18
337.95,3.442e+3,3.015e-21,8.887e-17,3.351e-46,1.104e-21,1.841e-34,,7.372e-20,1.280e-22,,1.525e-15,9.191e-22,3.791e-30,6.491e-18,2.967e-21,5.687e-34,,1.473e-7,2.440e-30,1.692e-11,4.249e-19,1.511e-15,1.738e+2,3.103e+3,1.654e-9,5.686e-19,8.449e-20,4.039e-10,4.344e-12,4.846e+1,1.699e-19,1.855e-26,7.243e-21,3.615e-23,8.093e-21,6.146e-18,1.244e-3,,,,,,1.436e-7,,,1.506e-19,4.504e-18,,1.215e-20,2.106e+1,,2.476e-11,,2.655e+1,1.154e+0,2.279e-8,1.693e-18,1.456e-16,6.783e+1,8.557e-18
337.98,3.778e+3,3.017e-21,1.653e-16,3.340e-46,1.090e-21,1.859e-34,,7.362e-20,1.279e-22,,1.525e-15,9.198e-22,3.786e-30,6.496e-18,3.013e-21,5.706e-34,,1.564e-7,1.121e-30,6.892e-12,4.254e-19,1.064e-15,1.616e+2,3.461e+3,1.093e-9,5.700e-19,8.452e-20,1.932e-10,1.866e-12,4.947e+1,1.697e-19,1.854e-26,7.264e-21,3.616e-23,8.077e-21,6.108e-18,1.945e-3,,,,,,6.799e-8,,,1.506e-19,4.506e-18,,1.215e-20,2.753e+1,,6.474e-11,,1.879e+1,1.217e+0,9.591e-9,1.693e-18,1.456e-16,5.865e+1,8.558e-18
338,4.036e+3,3.018e-21,2.480e-16,3.333e-46,1.081e-21,1.872e-34,,7.355e-20,1.278e-22,,1.526e-15,9.203e-22,3.782e-30,6.499e-18,3.044e-21,5.718e-34,,1.617e-7,6.613e-31,3.754e-12,4.257e-19,8.352e-16,1.536e+2,3.731e+3,8.229e-10,5.709e-19,8.454e-20,1.172e-10,1.054e-12,4.976e+1,1.696e-19,1.854e-26,7.278e-21,3.617e-23,8.066e-21,6.083e-18,2.599e-3,,,,,,4.095e-8,,,1.506e-19,4.507e-18,,1.215e-20,3.264e+1,,1.219e-10,,1.480e+1,1.250e+0,5.341e-9,1.694e-18,1.455e-16,5.299e+1,8.559e-18
338.02,4.318e+3,3.019e-21,3.696e-16,3.326e-46,1.072e-21,1.884e-34,,7.349e-20,1.277e-22,,1.526e-15,9.208e-22,3.779e-30,6.503e-18,3.074e-21,5.731e-34,,1.662e-7,3.877e-31,2.031e-12,4.261e-19,6.512e-16,1.457e+2,4.024e+3,6.153e-10,5.719e-19,8.456e-20,7.059e-11,5.908e-13,4.972e+1,1.695e-19,1.853e-26,7.292e-21,3.618e-23,8.055e-21,6.058e-18,3.450e-3,,,,,,2.450e-8,,,1.506e-19,4.508e-18,,1.215e-20,3.844e+1,,2.279e-10,,1.158e+1,1.275e+0,2.954e-9,1.694e-18,1.455e-16,4.775e+1,8.560e-18
338.05,4.781e+3,3.021e-21,6.641e-16,3.315e-46,1.058e-21,1.903e-34,,7.339e-20,1.276e-22,,1.527e-15,9.215e-22,3.773e-30,6.508e-18,3.120e-21,5.750e-34,,1.717e-7,1.718e-31,7.984e-13,4.266e-19,4.427e-16,1.348e+2,4.498e+3,3.929e-10,5.733e-19,8.459e-20,3.259e-11,2.450e-13,4.907e+1,1.693e-19,1.852e-26,7.312e-21,3.619e-23,8.038e-21,6.020e-18,5.211e-3,,,,,,1.120e-8,,,1.505e-19,4.509e-18,,1.215e-20,4.852e+1,,5.755e-10,,7.913e+0,1.298e+0,1.200e-9,1.695e-18,1.454e-16,4.077e+1,8.561e-18
338.07,5.111e+3,3.023e-21,9.734e-16,3.308e-46,1.049e-21,1.916e-34,,7.332e-20,1.275e-22,,1.528e-15,9.220e-22,3.770e-30,6.511e-18,3.151e-21,5.762e-34,,1.744e-7,9.903e-32,4.247e-13,4.269e-19,3.394e-16,1.283e+2,4.834e+3,2.890e-10,5.743e-19,8.461e-20,1.931e-11,1.351e-13,4.824e+1,1.691e-19,1.851e-26,7.326e-21,3.620e-23,8.027e-21,5.995e-18,6.803e-3,,,,,,6.588e-9,,,1.505e-19,4.510e-18,,1.214e-20,5.620e+1,,1.058e-9,,6.090e+0,1.302e+0,6.527e-10,1.696e-18,1.454e-16,3.674e+1,8.562e-18
338.1,5.631e+3,3.025e-21,1.706e-15,3.298e-46,1.035e-21,1.934e-34,,7.322e-20,1.274e-22,,1.528e-15,9.227e-22,3.764e-30,6.516e-18,3.197e-21,5.781e-34,,1.769e-7,4.279e-32,1.627e-13,4.274e-19,2.250e-16,1.200e+2,5.359e+3,1.801e-10,5.757e-19,8.464e-20,8.690e-12,5.460e-14,4.644e+1,1.689e-19,1.850e-26,7.347e-21,3.621e-23,8.010e-21,5.958e-18,1.002e-2,,,,,,2.936e-9,,,1.505e-19,4.511e-18,,1.214e-20,6.918e+1,,2.608e-9,,4.063e+0,1.292e+0,2.585e-10,1.696e-18,1.453e-16,3.164e+1,8.563e-18
338.12,5.989e+3,3.026e-21,2.459e-15,3.291e-46,1.026e-21,1.947e-34,,7.316e-20,1.273e-22,,1.529e-15,9.232e-22,3.761e-30,6.520e-18,3.228e-21,5.794e-34,,1.777e-7,2.425e-32,8.513e-14,4.277e-19,1.696e-16,1.156e+2,5.717e+3,1.303e-10,5.767e-19,8.466e-20,5.061e-12,2.960e-14,4.491e+1,1.688e-19,1.850e-26,7.361e-21,3.622e-23,7.999e-21,5.932e-18,1.287e-2,,,,,,1.698e-9,,,1.505e-19,4.512e-18,,1.214e-20,7.880e+1,,4.717e-9,,3.079e+0,1.275e+0,1.382e-10,1.697e-18,1.453e-16,2.888e+1,8.564e-18
338.15,6.532e+3,3.028e-21,4.204e-15,3.280e-46,1.012e-21,1.966e-34,,7.306e-20,1.272e-22,,1.530e-15,9.239e-22,3.755e-30,6.525e-18,3.274e-21,5.813e-34,,1.775e-7,1.022e-32,3.180e-14,4.282e-19,1.096e-16,1.110e+2,6.256e+3,7.916e-11,5.781e-19,8.469e-20,2.221e-12,1.166e-14,4.217e+1,1.686e-19,1.849e-26,7.382e-21,3.624e-23,7.983e-21,5.895e-18,1.848e-2,,,,,,7.377e-10,,,1.504e-19,4.514e-18,,1.214e-20,9.461e+1,,1.134e-8,,2.014e+0,1.234e+0,5.337e-11,1.697e-18,1.452e-16,2.566e+1,8.565e-18
338.17,6.892e+3,3.029e-21,5.961e-15,3.273e-46,1.003e-21,1.978e-34,,7.299e-20,1.271e-22,,1.530e-15,9.244e-22,3.752e-30,6.528e-18,3.305e-21,5.825e-34,,1.766e-7,5.693e-33,1.636e-14,4.286e-19,8.126e-17,1.093e+2,6.609e+3,5.633e-11,5.790e-19,8.471e-20,1.272e-12,6.218e-15,4.010e+1,1.685e-19,1.848e-26,7.396e-21,3.625e-23,7.972e-21,5.870e-18,2.334e-2,,,,,,4.196e-10,,,1.504e-19,4.515e-18,,1.214e-20,1.060e+2,,2.017e-8,,1.513e+0,1.198e+0,2.806e-11,1.698e-18,1.452e-16,2.410e+1,8.566e-18
338.2,7.415e+3,3.031e-21,9.938e-15,3.262e-46,9.897e-22,1.997e-34,,7.289e-20,1.270e-22,,1.531e-15,9.252e-22,3.746e-30,6.533e-18,3.351e-21,5.844e-34,,1.742e-7,2.338e-33,5.958e-15,4.291e-19,5.121e-17,1.089e+2,7.120e+3,3.340e-11,5.805e-19,8.474e-20,5.443e-13,2.389e-15,3.673e+1,1.683e-19,1.847e-26,7.417e-21,3.626e-23,7.955e-21,5.832e-18,3.270e-2,,,,,,1.777e-10,,,1.504e-19,4.516e-18,,1.213e-20,1.241e+2,,4.728e-8,,9.908e-1,1.130e+0,1.056e-11,1.699e-18,1.451e-16,2.257e+1,8.567e-18
338.22,7.746e+3,3.033e-21,1.386e-14,3.255e-46,9.805e-22,2.009e-34,,7.283e-20,1.269e-22,,1.532e-15,9.256e-22,3.743e-30,6.536e-18,3.381e-21,5.857e-34,,1.720e-7,1.281e-33,3.013e-15,4.294e-19,3.733e-17,1.102e+2,7.441e+3,2.339e-11,5.814e-19,8.476e-20,3.065e-13,1.252e-15,3.435e+1,1.682e-19,1.846e-26,7.430e-21,3.627e-23,7.944e-21,5.807e-18,4.061e-2,,,,,,9.938e-11,,,1.504e-19,4.517e-18,,1.213e-20,1.367e+2,,8.275e-8,,7.591e-1,1.079e+0,5.460e-12,1.699e-18,1.451e-16,2.203e+1,8.568e-18
338.25,8.203e+3,3.035e-21,2.254e-14,3.245e-46,9.669e-22,2.028e-34,,7.273e-20,1.268e-22,,1.532e-15,9.264e-22,3.737e-30,6.541e-18,3.427e-21,5.875e-34,,1.680e-7,5.130e-34,1.070e-15,4.299e-19,2.294e-17,1.141e+2,7.879e+3,1.354e-11,5.828e-19,8.479e-20,1.279e-13,4.690e-16,3.069e+1,1.680e-19,1.845e-26,7.451e-21,3.628e-23,7.928e-21,5.769e-18,5.550e-2,,,,,,4.104e-11,,,1.504e-19,4.519e-18,,1.213e-20,1.561e+2,,1.892e-7,,5.415e-1,9.931e-1,2.004e-12,1.700e-18,1.450e-16,2.186e+1,8.569e-18
338.27,8.476e+3,3.036e-21,3.091e-14,3.237e-46,9.577e-22,2.041e-34,,7.266e-20,1.267e-22,,1.533e-15,9.269e-22,3.734e-30,6.545e-18,3.458e-21,5.888e-34,,1.648e-7,2.764e-34,5.320e-16,4.302e-19,1.644e-17,1.180e+2,8.137e+3,9.350e-12,5.838e-19,8.481e-20,7.079e-14,2.417e-16,2.823e+1,1.679e-19,1.845e-26,7.465e-21,3.629e-23,7.917e-21,5.744e-18,6.779e-2,,,,,,2.257e-11,,,1.503e-19,4.520e-18,,1.213e-20,1.691e+2,,3.257e-7,,4.656e-1,9.320e-1,1.019e-12,1.700e-18,1.450e-16,2.211e+1,8.569e-18
338.3,8.824e+3,3.038e-21,4.903e-14,3.227e-46,9.441e-22,2.059e-34,,7.256e-20,1.265e-22,,1.534e-15,9.276e-22,3.728e-30,6.550e-18,3.504e-21,5.907e-34,,1.597e-7,1.079e-34,1.842e-16,4.307e-19,9.854e-18,1.257e+2,8.461e+3,5.337e-12,5.852e-19,8.484e-20,2.879e-14,8.827e-17,2.461e+1,1.677e-19,1.844e-26,7.486e-21,3.630e-23,7.900e-21,5.706e-18,9.035e-2,,,,,,9.085e-12,,,1.503e-19,4.521e-18,,1.213e-20,1.884e+2,,7.265e-7,,4.372e-1,8.368e-1,3.644e-13,1.701e-18,1.449e-16,2.292e+1,8.571e-18
338.32,9.011e+3,3.039e-21,6.613e-14,3.220e-46,9.349e-22,2.072e-34,,7.250e-20,1.265e-22,,1.534e-15,9.281e-22,3.725e-30,6.553e-18,3.535e-21,5.919e-34,,1.560e-7,5.715e-35,9.006e-17,4.311e-19,6.945e-18,1.317e+2,8.631e+3,3.692e-12,5.862e-19,8.486e-20,1.567e-14,4.472e-17,2.228e+1,1.675e-19,1.843e-26,7.500e-21,3.631e-23,7.889e-21,5.681e-18,1.085e-1,,,,,,4.912e-12,,,1.503e-19,4.522e-18,,1.213e-20,2.007e+2,,1.230e-6,,4.707e-1,7.724e-1,1.821e-13,1.702e-18,1.449e-16,2.368e+1,8.571e-18
338.35,9.216e+3,3.041e-21,1.023e-13,3.209e-46,9.212e-22,2.091e-34,,7.240e-20,1.263e-22,,1.535e-15,9.288e-22,3.720e-30,6.558e-18,3.581e-21,5.938e-34,,1.502e-7,2.175e-35,3.040e-17,4.316e-19,4.058e-18,1.419e+2,8.810e+3,2.221e-12,5.876e-19,8.489e-20,6.216e-15,1.592e-17,1.897e+1,1.674e-19,1.842e-26,7.521e-21,3.633e-23,7.872e-21,5.644e-18,1.411e-1,,,,,,1.928e-12,,,1.503e-19,4.524e-18,,1.212e-20,2.180e+2,,2.676e-6,,6.010e-1,6.767e-1,6.353e-14,1.702e-18,1.448e-16,2.505e+1,8.573e-18
338.37,9.299e+3,3.043e-21,1.357e-13,3.202e-46,9.121e-22,2.103e-34,,7.233e-20,1.262e-22,,1.535e-15,9.293e-22,3.716e-30,6.562e-18,3.612e-21,5.951e-34,,1.462e-7,1.133e-35,1.461e-17,4.319e-19,2.813e-18,1.492e+2,8.877e+3,1.708e-12,5.885e-19,8.491e-20,3.327e-15,7.932e-18,1.692e+1,1.672e-19,1.841e-26,7.535e-21,3.634e-23,7.861e-21,5.618e-18,1.667e-1,,,,,,1.025e-12,,,1.503e-19,4.525e-18,,1.212e-20,2.284e+2,,4.457e-6,,7.468e-1,6.146e-1,3.122e-14,1.703e-18,1.448e-16,2.605e+1,8.573e-18
338.39,9.338e+3,3.044e-21,1.789e-13,3.195e-46,9.030e-22,2.116e-34,,7.227e-20,1.262e-22,,1.536e-15,9.298e-22,3.712e-30,6.565e-18,3.642e-21,5.963e-34,,1.420e-7,5.861e-36,6.977e-18,4.322e-19,1.936e-18,1.567e+2,8.900e+3,1.478e-12,5.895e-19,8.493e-20,1.769e-15,3.925e-18,1.501e+1,1.671e-19,1.841e-26,7.548e-21,3.635e-23,7.850e-21,5.593e-18,1.956e-1,,,,,,5.412e-13,,,1.502e-19,4.526e-18,,1.212e-20,2.378e+2,,7.373e-6,,9.479e-1,5.547e-1,1.524e-14,1.703e-18,1.447e-16,2.707e+1,8.574e-18
338.42,9.315e+3,3.046e-21,2.672e-13,3.184e-46,8.893e-22,2.134e-34,,7.217e-20,1.260e-22,,1.537e-15,9.305e-22,3.707e-30,6.570e-18,3.688e-21,5.982e-34,,1.356e-7,2.153e-36,2.273e-18,4.327e-19,1.092e-18,1.678e+2,8.855e+3,1.597e-12,5.909e-19,8.496e-20,6.770e-16,1.349e-18,1.244e+1,1.669e-19,1.840e-26,7.569e-21,3.636e-23,7.834e-21,5.556e-18,2.455e-1,,,,,,2.050e-13,,,1.502e-19,4.527e-18,,1.212e-20,2.494e+2,,1.549e-5,,1.376e+0,4.703e-1,5.129e-15,1.704e-18,1.447e-16,2.855e+1,8.575e-18
338.44,9.246e+3,3.047e-21,3.464e-13,3.177e-46,8.802e-22,2.147e-34,,7.210e-20,1.259e-22,,1.537e-15,9.310e-22,3.703e-30,6.573e-18,3.719e-21,5.995e-34,,1.312e-7,1.095e-36,1.067e-18,4.331e-19,7.393e-19,1.749e+2,8.773e+3,2.000e-12,5.919e-19,8.498e-20,3.539e-16,6.562e-19,1.093e+1,1.668e-19,1.839e-26,7.583e-21,3.637e-23,7.823e-21,5.530e-18,2.833e-1,,,,,,1.065e-13,,,1.502e-19,4.528e-18,,1.212e-20,2.553e+2,,2.521e-5,,1.764e+0,4.183e-1,2.461e-15,1.704e-18,1.446e-16,2.945e+1,8.576e-18
338.47,9.065e+3,3.049e-21,5.047e-13,3.167e-46,8.665e-22,2.166e-34,,7.201e-20,1.258e-22,,1.538e-15,9.317e-22,3.698e-30,6.578e-18,3.765e-21,6.014e-34,,1.244e-7,3.922e-37,3.390e-19,4.336e-19,4.066e-19,1.847e+2,8.577e+3,3.223e-12,5.933e-19,8.501e-20,1.321e-16,2.198e-19,8.998e+0,1.666e-19,1.838e-26,7.604e-21,3.638e-23,7.806e-21,5.493e-18,3.469e-1,,,,,,3.932e-14,,,1.502e-19,4.530e-18,,1.211e-20,2.611e+2,,5.168e-5,,2.546e+0,3.479e-1,8.079e-16,1.705e-18,1.446e-16,3.060e+1,8.577e-18
338.49,8.898e+3,3.051e-21,6.434e-13,3.160e-46,8.574e-22,2.178e-34,,7.194e-20,1.257e-22,,1.538e-15,9.322e-22,3.694e-30,6.582e-18,3.796e-21,6.026e-34,,1.197e-7,1.962e-37,1.565e-19,4.339e-19,2.707e-19,1.903e+2,8.402e+3,4.607e-12,5.943e-19,8.503e-20,6.788e-17,1.052e-19,7.932e+0,1.665e-19,1.837e-26,7.618e-21,3.639e-23,7.795e-21,5.468e-18,3.937e-1,,,,,,2.007e-14,,,1.502e-19,4.531e-18,,1.211e-20,2.628e+2,,8.271e-5,,3.229e+0,3.062e-1,3.812e-16,1.706e-18,1.445e-16,3.119e+1,8.578e-18
338.52,8.585e+3,3.053e-21,9.145e-13,3.149e-46,8.437e-22,2.197e-34,,7.184e-20,1.256e-22,,1.539e-15,9.330e-22,3.689e-30,6.587e-18,3.842e-21,6.045e-34,,1.125e-7,6.850e-38,4.846e-20,4.344e-19,1.452e-19,1.971e+2,8.082e+3,7.980e-12,5.957e-19,8.506e-20,2.470e-17,3.435e-20,6.675e+0,1.663e-19,1.836e-26,7.639e-21,3.640e-23,7.778e-21,5.430e-18,4.701e-1,,,,,,7.228e-15,,,1.501e-19,4.532e-18,,1.211e-20,2.622e+2,,1.654e-4,,4.563e+0,2.522e-1,1.220e-16,1.706e-18,1.444e-16,3.176e+1,8.579e-18
338.54,8.340e+3,3.054e-21,1.147e-12,3.142e-46,8.346e-22,2.209e-34,,7.178e-20,1.255e-22,,1.540e-15,9.334e-22,3.686e-30,6.590e-18,3.872e-21,6.058e-34,,1.075e-7,3.368e-38,6.956e-21,4.348e-19,9.502e-20,2.003e+2,7.836e+3,1.149e-11,5.966e-19,8.508e-20,1.248e-17,1.616e-20,6.067e+0,1.661e-19,1.836e-26,7.653e-21,3.641e-23,7.767e-21,5.405e-18,5.248e-1,,,,,,3.628e-15,,,1.501e-19,4.533e-18,,1.211e-20,2.595e+2,,2.604e-4,,5.700e+0,2.220e-1,5.659e-17,1.707e-18,1.444e-16,3.191e+1,8.580e-18
338.57,7.930e+3,3.056e-21,1.589e-12,3.131e-46,8.209e-22,2.228e-34,,7.168e-20,1.254e-22,,1.540e-15,9.342e-22,3.680e-30,6.595e-18,3.918e-21,6.076e-34,,9.986e-8,1.147e-38,6.945e-21,4.353e-19,4.969e-20,2.029e+2,7.429e+3,1.967e-11,5.981e-19,8.511e-20,4.427e-18,5.145e-21,5.508e+0,1.660e-19,1.835e-26,7.673e-21,3.643e-23,7.751e-21,5.367e-18,6.112e-1,,,,,,1.274e-15,,,1.501e-19,4.535e-18,,1.211e-20,2.525e+2,,5.078e-4,,7.862e+0,1.856e-1,1.765e-17,1.708e-18,1.443e-16,3.176e+1,8.581e-18
338.59,7.634e+3,3.057e-21,1.960e-12,3.124e-46,8.118e-22,2.241e-34,,7.161e-20,1.253e-22,,1.541e-15,9.347e-22,3.677e-30,6.599e-18,3.949e-21,6.089e-34,,9.462e-8,5.545e-39,6.937e-21,4.356e-19,3.198e-20,2.031e+2,7.138e+3,2.795e-11,5.990e-19,8.513e-20,2.200e-18,2.379e-21,5.375e+0,1.658e-19,1.834e-26,7.687e-21,3.644e-23,7.740e-21,5.342e-18,6.710e-1,,,,,,6.287e-16,,,1.501e-19,4.536e-18,,1.211e-20,2.458e+2,,7.863e-4,,9.661e+0,1.673e-1,8.052e-18,1.708e-18,1.443e-16,3.142e+1,8.582e-18
338.62,7.166e+3,3.059e-21,2.650e-12,3.114e-46,7.981e-22,2.259e-34,,7.151e-20,1.252e-22,,1.542e-15,9.354e-22,3.671e-30,6.604e-18,3.995e-21,6.108e-34,,8.662e-8,1.841e-39,6.926e-21,4.361e-19,1.631e-20,2.010e+2,6.682e+3,4.676e-11,6.004e-19,8.516e-20,7.609e-19,7.387e-22,5.552e+0,1.656e-19,1.833e-26,7.708e-21,3.645e-23,7.723e-21,5.304e-18,7.622e-1,,,,,,2.152e-16,,,1.501e-19,4.537e-18,,1.210e-20,2.332e+2,,1.496e-3,,1.300e+1,1.490e-1,8.165e-18,1.709e-18,1.442e-16,3.054e+1,8.583e-18
338.64,6.845e+3,3.060e-21,3.214e-12,3.106e-46,7.890e-22,2.272e-34,,7.145e-20,1.251e-22,,1.542e-15,9.359e-22,3.668e-30,6.607e-18,4.026e-21,6.120e-34,,8.123e-8,8.750e-40,6.919e-21,4.364e-19,1.032e-20,1.980e+2,6.371e+3,6.537e-11,6.014e-19,8.518e-20,3.718e-19,3.358e-22,5.933e+0,1.655e-19,1.832e-26,7.722e-21,3.646e-23,7.712e-21,5.279e-18,8.229e-1,,,,,,1.044e-16,,,1.500e-19,4.538e-18,,1.210e-20,2.233e+2,,2.278e-3,,1.571e+1,1.430e-1,8.241e-18,1.709e-18,1.442e-16,2.972e+1,8.584e-18
338.67,6.357e+3,3.062e-21,4.239e-12,3.096e-46,7.753e-22,2.290e-34,,7.135e-20,1.250e-22,,1.543e-15,9.366e-22,3.662e-30,6.612e-18,4.072e-21,6.139e-34,,7.313e-8,2.832e-40,6.908e-21,4.369e-19,5.131e-21,1.913e+2,5.902e+3,1.067e-10,6.028e-19,8.521e-20,1.254e-19,2.078e-21,6.924e+0,1.653e-19,1.831e-26,7.743e-21,3.647e-23,7.695e-21,5.242e-18,9.117e-1,,,,,,3.486e-17,,,1.500e-19,4.540e-18,,1.210e-20,2.067e+2,,4.229e-3,,2.062e+1,1.436e-1,8.354e-18,1.710e-18,1.441e-16,2.819e+1,8.585e-18
338.69,6.033e+3,3.064e-21,5.056e-12,3.089e-46,7.662e-22,2.303e-34,,7.128e-20,1.249e-22,,1.543e-15,9.371e-22,3.659e-30,6.615e-18,4.103e-21,6.152e-34,,6.777e-8,1.324e-40,6.900e-21,4.373e-19,3.194e-21,1.855e+2,5.592e+3,1.467e-10,6.038e-19,8.523e-20,6.022e-20,3.240e-21,7.883e+0,1.652e-19,1.830e-26,7.757e-21,3.648e-23,7.684e-21,5.216e-18,9.680e-1,,,,,,1.663e-17,,,1.500e-19,4.541e-18,,1.210e-20,1.946e+2,,6.334e-3,,2.451e+1,1.507e-1,8.430e-18,1.711e-18,1.441e-16,2.699e+1,8.586e-18
338.72,5.555e+3,3.066e-21,6.504e-12,3.078e-46,7.525e-22,2.322e-34,,7.118e-20,1.248e-22,,1.544e-15,9.378e-22,3.653e-30,6.620e-18,4.149e-21,6.171e-34,,5.988e-8,4.176e-41,6.889e-21,4.378e-19,1.548e-21,1.748e+2,5.137e+3,2.336e-10,6.052e-19,8.526e-20,1.980e-20,4.982e-21,9.807e+0,1.650e-19,1.829e-26,7.778e-21,3.649e-23,7.668e-21,5.179e-18,1.046e+0,,,,,,5.412e-18,,,1.500e-19,4.542e-18,,1.210e-20,1.756e+2,,1.147e-2,,3.138e+1,1.718e-1,8.543e-18,1.711e-18,1.440e-16,2.498e+1,8.587e-18
338.74,5.245e+3,3.067e-21,7.629e-12,3.071e-46,7.434e-22,2.334e-34,,7.112e-20,1.247e-22,,1.545e-15,9.383e-22,3.650e-30,6.624e-18,4.179e-21,6.183e-34,,5.477e-8,1.919e-41,6.882e-21,4.381e-19,9.475e-22,1.667e+2,4.843e+3,3.159e-10,6.062e-19,8.528e-20,9.352e-21,6.143e-21,1.144e+1,1.649e-19,1.829e-26,7.791e-21,3.650e-23,7.657e-21,5.154e-18,1.092e+0,,,,,,2.539e-18,,,1.500e-19,4.543e-18,,1.209e-20,1.626e+2,,1.689e-2,,3.668e+1,1.934e-1,8.619e-18,1.712e-18,1.440e-16,2.353e+1,8.588e-18
338.76,4.945e+3,3.068e-21,8.890e-12,3.064e-46,7.343e-22,2.347e-34,,7.105e-20,1.246e-22,,1.545e-15,9.388e-22,3.646e-30,6.627e-18,4.210e-21,6.196e-34,,4.982e-8,8.761e-42,6.874e-21,4.384e-19,5.760e-22,1.579e+2,4.558e+3,4.243e-10,6.071e-19,8.530e-20,4.388e-21,7.305e-21,1.336e+1,1.647e-19,1.828e-26,7.805e-21,3.651e-23,7.646e-21,5.129e-18,1.133e+0,,,,,,1.183e-18,,,1.499e-19,4.544e-18,,1.209e-20,1.496e+2,,2.473e-2,,4.260e+1,2.212e-1,8.695e-18,1.712e-18,1.439e-16,2.202e+1,8.588e-18
338.79,4.515e+3,3.070e-21,1.104e-11,3.053e-46,7.206e-22,2.365e-34,,7.095e-20,1.245e-22,,1.546e-15,9.395e-22,3.641e-30,6.632e-18,4.256e-21,6.215e-34,,4.276e-8,8.588e-42,6.863e-21,4.389e-19,2.695e-22,1.438e+2,4.150e+3,6.525e-10,6.085e-19,8.533e-20,1.392e-21,9.047e-21,1.683e+1,1.646e-19,1.827e-26,7.826e-21,3.653e-23,7.629e-21,5.091e-18,1.182e+0,,,,,,3.716e-19,,,1.499e-19,4.546e-18,,1.209e-20,1.304e+2,,4.324e-2,,5.266e+1,2.756e-1,8.808e-18,1.713e-18,1.439e-16,1.970e+1,8.590e-18
338.81,4.243e+3,3.072e-21,1.266e-11,3.046e-46,7.115e-22,2.378e-34,,7.089e-20,1.244e-22,,1.546e-15,9.400e-22,3.637e-30,6.636e-18,4.287e-21,6.227e-34,,3.834e-8,8.472e-42,6.856e-21,4.393e-19,1.611e-22,1.340e+2,3.892e+3,8.622e-10,6.095e-19,8.535e-20,6.422e-22,1.021e-20,1.956e+1,1.644e-19,1.826e-26,7.840e-21,3.654e-23,7.618e-21,5.066e-18,1.206e+0,,,,,,1.702e-19,,,1.499e-19,4.547e-18,,1.209e-20,1.179e+2,,6.224e-2,,6.016e+1,3.209e-1,8.884e-18,1.713e-18,1.438e-16,1.815e+1,8.590e-18
338.84,3.860e+3,3.074e-21,1.534e-11,3.036e-46,6.978e-22,2.397e-34,,7.079e-20,1.242e-22,,1.547e-15,9.408e-22,3.632e-30,6.641e-18,4.333e-21,6.246e-34,,3.218e-8,8.299e-42,6.845e-21,4.398e-19,7.352e-23,1.190e+2,3.526e+3,1.293e-9,6.109e-19,8.538e-20,1.987e-22,1.195e-20,2.428e+1,1.642e-19,1.825e-26,7.861e-21,3.655e-23,7.602e-21,5.028e-18,1.227e+0,,,,,,1.702e-19,,,1.499e-19,4.548e-18,,1.209e-20,1.002e+2,,1.062e-1,,7.253e+1,4.030e-1,8.997e-18,1.714e-18,1.438e-16,1.587e+1,8.591e-18
338.86,3.622e+3,3.075e-21,1.729e-11,3.029e-46,6.887e-22,2.409e-34,,7.072e-20,1.242e-22,,1.548e-15,9.412e-22,3.628e-30,6.644e-18,4.364e-21,6.259e-34,,2.843e-8,8.183e-42,6.837e-21,4.401e-19,4.321e-23,1.090e+2,3.298e+3,1.681e-9,6.119e-19,8.540e-20,2.048e-22,1.311e-20,2.786e+1,1.641e-19,1.825e-26,7.875e-21,3.656e-23,7.590e-21,5.003e-18,1.231e+0,,,,,,1.702e-19,,,1.499e-19,4.549e-18,,1.208e-20,8.916e+1,,1.503e-1,,8.148e+1,4.678e-1,9.073e-18,1.715e-18,1.437e-16,1.441e+1,8.592e-18
338.89,3.291e+3,3.077e-21,2.043e-11,3.018e-46,6.750e-22,2.428e-34,,7.062e-20,1.240e-22,,1.548e-15,9.420e-22,3.623e-30,6.649e-18,4.410e-21,6.278e-34,,2.332e-8,8.009e-42,6.826e-21,4.406e-19,1.923e-23,9.443e+1,2.979e+3,2.459e-9,6.133e-19,8.543e-20,2.139e-22,1.485e-20,3.386e+1,1.639e-19,1.824e-26,7.896e-21,3.657e-23,7.574e-21,4.965e-18,1.222e+0,,,,,,1.702e-19,,,1.498e-19,4.551e-18,,1.208e-20,7.389e+1,,2.501e-1,,9.582e+1,5.806e-1,9.186e-18,1.715e-18,1.437e-16,1.235e+1,8.593e-18
338.91,3.089e+3,3.078e-21,2.265e-11,3.011e-46,6.659e-22,2.440e-34,,7.056e-20,1.239e-22,,1.549e-15,9.425e-22,3.619e-30,6.652e-18,4.440e-21,6.290e-34,,2.028e-8,7.894e-42,6.819e-21,4.409e-19,1.111e-23,8.510e+1,2.782e+3,3.143e-9,6.142e-19,8.545e-20,2.201e-22,1.602e-20,3.826e+1,1.638e-19,1.823e-26,7.909e-21,3.658e-23,7.563e-21,4.940e-18,1.206e+0,,,,,,1.702e-19,,,1.498e-19,4.552e-18,,1.208e-20,6.466e+1,,3.483e-1,,1.059e+2,6.664e-1,9.261e-18,1.716e-18,1.436e-16,1.109e+1,8.594e-18
338.94,2.813e+3,3.080e-21,2.611e-11,3.000e-46,6.522e-22,2.459e-34,,7.046e-20,1.238e-22,,1.550e-15,9.432e-22,3.614e-30,6.657e-18,4.486e-21,6.309e-34,,1.625e-8,7.720e-42,6.808e-21,4.414e-19,4.822e-24,7.189e+1,2.510e+3,4.486e-9,6.157e-19,8.548e-20,2.292e-22,1.776e-20,4.542e+1,1.636e-19,1.822e-26,7.930e-21,3.659e-23,7.546e-21,4.902e-18,1.168e+0,,,,,,1.702e-19,,,1.498e-19,4.553e-18,,1.208e-20,5.226e+1,,5.653e-1,,1.214e+2,8.109e-1,9.375e-18,1.717e-18,1.436e-16,9.394e+0,8.595e-18
338.96,2.648e+3,3.082e-21,2.846e-11,2.993e-46,6.431e-22,2.472e-34,,7.039e-20,1.237e-22,,1.550e-15,9.437e-22,3.610e-30,6.661e-18,4.517e-21,6.322e-34,,1.391e-8,7.604e-42,6.800e-21,4.418e-19,2.740e-24,6.372e+1,2.346e+3,5.639e-9,6.166e-19,8.550e-20,2.353e-22,1.892e-20,5.052e+1,1.635e-19,1.821e-26,7.944e-21,3.660e-23,7.535e-21,4.877e-18,1.133e+0,,,,,,1.702e-19,,,1.498e-19,4.554e-18,,1.208e-20,4.497e+1,,7.743e-1,,1.320e+2,9.174e-1,9.450e-18,1.717e-18,1.435e-16,8.407e+0,8.596e-18
338.99,2.428e+3,3.084e-21,3.200e-11,2.982e-46,6.294e-22,2.490e-34,,7.029e-20,1.236e-22,,1.551e-15,9.444e-22,3.605e-30,6.666e-18,4.563e-21,6.340e-34,,1.088e-8,7.431e-42,6.789e-21,4.423e-19,1.159e-24,5.250e+1,2.124e+3,7.850e-9,6.181e-19,8.553e-20,2.445e-22,2.066e-20,5.853e+1,1.633e-19,1.820e-26,7.965e-21,3.662e-23,7.519e-21,4.840e-18,1.070e+0,,,,,,1.702e-19,,,1.497e-19,4.555e-18,,1.207e-20,3.545e+1,,1.226e+0,,1.476e+2,1.091e+0,9.564e-18,1.718e-18,1.435e-16,7.162e+0,8.597e-18
339.01,2.301e+3,3.085e-21,3.432e-11,2.975e-46,6.202e-22,2.503e-34,,7.023e-20,1.235e-22,,1.551e-15,9.449e-22,3.601e-30,6.669e-18,4.594e-21,6.353e-34,,9.168e-9,7.315e-42,6.782e-21,4.426e-19,6.479e-25,4.576e+1,1.993e+3,9.707e-9,6.190e-19,8.554e-20,2.506e-22,2.182e-20,6.404e+1,1.632e-19,1.820e-26,7.979e-21,3.663e-23,7.508e-21,4.815e-18,1.021e+0,,,,,,1.702e-19,,,1.497e-19,4.556e-18,,1.207e-20,3.000e+1,,1.652e+0,,1.578e+2,1.216e+0,9.639e-18,1.718e-18,1.434e-16,6.498e+0,8.598e-18
339.04,2.137e+3,3.087e-21,3.764e-11,2.965e-46,6.066e-22,2.522e-34,,7.013e-20,1.234e-22,,1.552e-15,9.456e-22,3.596e-30,6.674e-18,4.640e-21,6.372e-34,,7.000e-9,7.142e-42,6.771e-21,4.431e-19,2.673e-25,3.678e+1,1.822e+3,1.318e-8,6.204e-19,8.557e-20,2.597e-22,2.357e-20,7.240e+1,1.630e-19,1.819e-26,8.000e-21,3.664e-23,7.491e-21,4.777e-18,9.402e-1,,,,,,1.702e-19,,,1.497e-19,4.558e-18,,1.207e-20,2.306e+1,,2.551e+0,,1.722e+2,1.414e+0,9.753e-18,1.719e-18,1.434e-16,5.759e+0,8.599e-18
339.06,2.047e+3,3.088e-21,3.969e-11,2.958e-46,5.974e-22,2.534e-34,,7.006e-20,1.233e-22,,1.553e-15,9.461e-22,3.593e-30,6.678e-18,4.670e-21,6.384e-34,,5.801e-9,7.026e-42,6.763e-21,4.434e-19,1.469e-25,3.153e+1,1.726e+3,1.603e-8,6.214e-19,8.559e-20,2.658e-22,2.473e-20,7.793e+1,1.628e-19,1.818e-26,8.014e-21,3.665e-23,7.480e-21,4.752e-18,8.825e-1,,,,,,1.701e-19,,,1.497e-19,4.559e-18,,1.207e-20,1.919e+1,,3.380e+0,,1.810e+2,1.551e+0,9.828e-18,1.720e-18,1.433e-16,5.444e+0,8.600e-18
339.09,1.938e+3,3.090e-21,4.246e-11,2.947e-46,5.838e-22,2.553e-34,,6.997e-20,1.232e-22,,1.553e-15,9.469e-22,3.587e-30,6.683e-18,4.716e-21,6.403e-34,,4.322e-9,6.852e-42,6.752e-21,4.439e-19,5.909e-26,2.471e+1,1.607e+3,2.123e-8,6.228e-19,8.562e-20,2.750e-22,2.647e-20,8.598e+1,1.626e-19,1.817e-26,8.034e-21,3.666e-23,7.463e-21,4.714e-18,7.926e-1,,,,,,1.701e-19,,,1.497e-19,4.560e-18,,1.207e-20,1.439e+1,,5.092e+0,,1.926e+2,1.762e+0,9.942e-18,1.720e-18,1.433e-16,5.246e+0,8.601e-18
339.11,1.883e+3,3.092e-21,4.404e-11,2.940e-46,5.746e-22,2.565e-34,,6.990e-20,1.231e-22,,1.554e-15,9.473e-22,3.584e-30,6.686e-18,4.747e-21,6.416e-34,,3.523e-9,6.737e-42,6.745e-21,4.443e-19,3.193e-26,2.083e+1,1.545e+3,2.540e-8,6.238e-19,8.564e-20,2.811e-22,2.763e-20,9.107e+1,1.625e-19,1.816e-26,8.048e-21,3.667e-23,7.452e-21,4.689e-18,7.317e-1,,,,,,1.701e-19,,,1.496e-19,4.561e-18,,1.207e-20,1.178e+1,,6.637e+0,,1.992e+2,1.904e+0,1.002e-17,1.721e-18,1.432e-16,5.300e+0,8.602e-18
339.13,1.840e+3,3.093e-21,4.538e-11,2.933e-46,5.655e-22,2.578e-34,,6.983e-20,1.230e-22,,1.554e-15,9.478e-22,3.580e-30,6.689e-18,4.778e-21,6.428e-34,,2.853e-9,6.621e-42,6.737e-21,4.446e-19,1.714e-26,1.745e+1,1.496e+3,3.018e-8,6.247e-19,8.566e-20,2.872e-22,2.879e-20,9.584e+1,1.624e-19,1.816e-26,8.062e-21,3.668e-23,7.441e-21,4.664e-18,6.710e-1,,,,,,1.701e-19,,,1.496e-19,4.562e-18,,1.206e-20,9.575e+0,,8.593e+0,,2.045e+2,2.046e+0,1.009e-17,1.721e-18,1.432e-16,5.507e+0,8.603e-18
339.16,1.800e+3,3.095e-21,4.687e-11,2.922e-46,5.518e-22,2.597e-34,,6.973e-20,1.229e-22,,1.555e-15,9.486e-22,3.575e-30,6.694e-18,4.824e-21,6.447e-34,,2.054e-9,6.447e-42,6.726e-21,4.451e-19,6.654e-27,1.320e+1,1.446e+3,3.860e-8,6.261e-19,8.569e-20,2.963e-22,3.053e-20,1.022e+2,1.622e-19,1.815e-26,8.083e-21,3.669e-23,7.425e-21,4.626e-18,5.819e-1,,,,,,1.701e-19,,,1.496e-19,4.564e-18,,1.206e-20,6.932e+0,,1.250e+1,,2.102e+2,2.254e+0,1.021e-17,1.722e-18,1.431e-16,6.107e+0,8.604e-18
339.18,1.787e+3,3.096e-21,4.750e-11,2.915e-46,5.427e-22,2.609e-34,,6.967e-20,1.228e-22,,1.556e-15,9.490e-22,3.571e-30,6.698e-18,4.855e-21,6.460e-34,,1.636e-9,6.332e-42,6.719e-21,4.455e-19,3.512e-27,1.087e+1,1.427e+3,4.512e-8,6.271e-19,8.571e-20,3.024e-22,3.170e-20,1.059e+2,1.621e-19,1.814e-26,8.097e-21,3.670e-23,7.414e-21,4.601e-18,5.248e-1,,,,,,1.701e-19,,,1.496e-19,4.565e-18,,1.206e-20,5.542e+0,,1.592e+1,,2.123e+2,2.387e+0,1.028e-17,1.722e-18,1.431e-16,6.704e+0,8.605e-18
339.21,1.786e+3,3.098e-21,4.786e-11,2.905e-46,5.290e-22,2.628e-34,,6.957e-20,1.227e-22,,1.556e-15,9.498e-22,3.566e-30,6.703e-18,4.901e-21,6.479e-34,,1.149e-9,6.158e-42,6.708e-21,4.460e-19,1.330e-27,8.027e+0,1.417e+3,5.630e-8,6.285e-19,8.574e-20,3.116e-22,3.344e-20,1.104e+2,1.619e-19,1.813e-26,8.118e-21,3.672e-23,7.397e-21,4.563e-18,4.439e-1,,,,,,1.701e-19,,,1.496e-19,4.566e-18,,1.206e-20,3.913e+0,,2.260e+1,,2.128e+2,2.576e+0,1.040e-17,1.723e-18,1.430e-16,7.898e+0,8.606e-18
339.23,1.795e+3,3.100e-21,4.770e-11,2.897e-46,5.199e-22,2.640e-34,,6.950e-20,1.226e-22,,1.557e-15,9.503e-22,3.562e-30,6.706e-18,4.931e-21,6.491e-34,,9.001e-10,6.042e-42,6.700e-21,4.463e-19,6.901e-28,6.501e+0,1.421e+3,6.471e-8,6.295e-19,8.576e-20,3.177e-22,3.460e-20,1.126e+2,1.618e-19,1.812e-26,8.132e-21,3.673e-23,7.386e-21,4.538e-18,3.937e-1,,,,,,1.701e-19,,,1.495e-19,4.567e-18,,1.206e-20,3.077e+0,,2.831e+1,,2.114e+2,2.692e+0,1.047e-17,1.724e-18,1.430e-16,8.894e+0,8.607e-18
339.26,1.821e+3,3.102e-21,4.687e-11,2.887e-46,5.062e-22,2.659e-34,,6.941e-20,1.225e-22,,1.558e-15,9.510e-22,3.557e-30,6.711e-18,4.977e-21,6.510e-34,,6.167e-10,5.869e-42,6.689e-21,4.468e-19,2.548e-28,4.680e+0,1.440e+3,7.876e-8,6.309e-19,8.579e-20,3.269e-22,3.634e-20,1.148e+2,1.616e-19,1.811e-26,8.152e-21,3.674e-23,7.369e-21,4.501e-18,3.248e-1,,,,,,1.701e-19,,,1.495e-19,4.569e-18,,1.205e-20,2.119e+0,,3.920e+1,,2.067e+2,2.851e+0,1.058e-17,1.724e-18,1.429e-16,1.068e+1,8.608e-18
339.28,1.845e+3,3.103e-21,4.595e-11,2.880e-46,4.971e-22,2.672e-34,,6.934e-20,1.224e-22,,1.558e-15,9.515e-22,3.553e-30,6.714e-18,5.008e-21,6.523e-34,,4.756e-10,5.753e-42,6.682e-21,4.471e-19,1.300e-28,3.728e+0,1.458e+3,8.905e-8,6.318e-19,8.581e-20,3.330e-22,3.750e-20,1.155e+2,1.614e-19,1.811e-26,8.166e-21,3.675e-23,7.358e-21,4.475e-18,2.833e-1,,,,,,1.701e-19,,,1.495e-19,4.570e-18,,1.205e-20,1.638e+0,,4.829e+1,,2.020e+2,2.944e+0,1.066e-17,1.725e-18,1.429e-16,1.207e+1,8.608e-18
339.31,1.886e+3,3.105e-21,4.404e-11,2.869e-46,4.834e-22,2.690e-34,,6.924e-20,1.222e-22,,1.559e-15,9.522e-22,3.548e-30,6.720e-18,5.054e-21,6.541e-34,,3.184e-10,5.579e-42,6.671e-21,4.476e-19,4.681e-29,2.618e+0,1.491e+3,1.057e-7,6.333e-19,8.584e-20,3.421e-22,3.924e-20,1.155e+2,1.612e-19,1.810e-26,8.187e-21,3.676e-23,7.342e-21,4.438e-18,2.280e-1,,,,,,1.701e-19,,,1.495e-19,4.571e-18,,1.205e-20,1.100e+0,,6.522e+1,,1.926e+2,3.066e+0,1.077e-17,1.726e-18,1.428e-16,1.442e+1,8.610e-18
339.33,1.915e+3,3.106e-21,4.246e-11,2.862e-46,4.743e-22,2.703e-34,,6.918e-20,1.222e-22,,1.559e-15,9.527e-22,3.544e-30,6.723e-18,5.085e-21,6.554e-34,,2.421e-10,5.464e-42,6.663e-21,4.480e-19,2.349e-29,2.051e+0,1.514e+3,1.176e-7,6.342e-19,8.586e-20,3.482e-22,4.041e-20,1.147e+2,1.611e-19,1.809e-26,8.201e-21,3.677e-23,7.331e-21,4.413e-18,1.956e-1,,,,,,1.700e-19,,,1.495e-19,4.572e-18,,1.205e-20,8.367e-1,,7.903e+1,,1.851e+2,3.135e+0,1.085e-17,1.726e-18,1.428e-16,1.616e+1,8.610e-18
339.36,1.959e+3,3.108e-21,3.970e-11,2.851e-46,4.606e-22,2.722e-34,,6.908e-20,1.220e-22,,1.560e-15,9.534e-22,3.539e-30,6.728e-18,5.131e-21,6.573e-34,,1.596e-10,5.290e-42,6.652e-21,4.485e-19,8.246e-30,1.404e+0,1.546e+3,1.361e-7,6.357e-19,8.589e-20,3.574e-22,4.215e-20,1.128e+2,1.609e-19,1.808e-26,8.222e-21,3.678e-23,7.314e-21,4.375e-18,1.535e-1,,,,,,1.700e-19,,,1.494e-19,4.574e-18,,1.205e-20,5.480e-1,,1.041e+2,,1.722e+2,3.220e+0,1.096e-17,1.727e-18,1.427e-16,1.899e+1,8.612e-18
339.38,1.986e+3,3.110e-21,3.764e-11,2.844e-46,4.515e-22,2.734e-34,,6.901e-20,1.219e-22,,1.561e-15,9.539e-22,3.535e-30,6.731e-18,5.162e-21,6.585e-34,,1.210e-10,5.174e-42,6.645e-21,4.488e-19,4.069e-30,1.082e+0,1.563e+3,1.489e-7,6.366e-19,8.591e-20,3.635e-22,4.331e-20,1.110e+2,1.608e-19,1.807e-26,8.236e-21,3.679e-23,7.303e-21,4.350e-18,1.296e-1,,,,,,1.700e-19,,,1.494e-19,4.575e-18,,1.205e-20,4.099e-1,,1.241e+2,,1.627e+2,3.266e+0,1.104e-17,1.727e-18,1.427e-16,2.100e+1,8.612e-18
339.41,2.023e+3,3.111e-21,3.433e-11,2.834e-46,4.378e-22,2.753e-34,,6.891e-20,1.218e-22,,1.561e-15,9.547e-22,3.530e-30,6.736e-18,5.208e-21,6.604e-34,,8.120e-11,5.001e-42,6.633e-21,4.493e-19,1.393e-30,7.225e-1,1.579e+3,1.682e-7,6.380e-19,8.594e-20,3.726e-22,4.505e-20,1.078e+2,1.606e-19,1.806e-26,8.256e-21,3.681e-23,7.287e-21,4.312e-18,9.924e-2,,,,,,1.700e-19,,,1.494e-19,4.576e-18,,1.204e-20,2.618e-1,,1.595e+2,,1.476e+2,3.320e+0,1.115e-17,1.728e-18,1.426e-16,2.415e+1,8.614e-18
339.43,2.043e+3,3.113e-21,3.202e-11,2.827e-46,4.287e-22,2.765e-34,,6.885e-20,1.217e-22,,1.562e-15,9.551e-22,3.526e-30,6.740e-18,5.238e-21,6.617e-34,,6.415e-11,4.885e-42,6.626e-21,4.496e-19,6.758e-31,5.474e-1,1.583e+3,1.810e-7,6.390e-19,8.596e-20,3.787e-22,4.621e-20,1.056e+2,1.605e-19,1.805e-26,8.270e-21,3.682e-23,7.276e-21,4.287e-18,8.242e-2,,,,,,1.700e-19,,,1.494e-19,4.577e-18,,1.204e-20,1.926e-1,,1.869e+2,,1.372e+2,3.347e+0,1.123e-17,1.728e-18,1.426e-16,2.630e+1,8.614e-18
339.46,2.066e+3,3.115e-21,2.850e-11,2.816e-46,4.150e-22,2.784e-34,,6.875e-20,1.216e-22,,1.563e-15,9.559e-22,3.521e-30,6.745e-18,5.284e-21,6.636e-34,,4.954e-11,4.712e-42,6.615e-21,4.501e-19,2.256e-31,3.566e-1,1.575e+3,1.994e-7,6.404e-19,8.599e-20,3.879e-22,4.796e-20,1.021e+2,1.603e-19,1.804e-26,8.291e-21,3.683e-23,7.259e-21,4.249e-18,6.169e-2,,,,,,1.700e-19,,,1.493e-19,4.579e-18,,1.204e-20,1.201e-1,,2.344e+2,,1.214e+2,3.378e+0,1.134e-17,1.729e-18,1.425e-16,2.954e+1,8.615e-18
339.48,2.076e+3,3.116e-21,2.615e-11,2.809e-46,4.059e-22,2.797e-34,,6.868e-20,1.215e-22,,1.563e-15,9.564e-22,3.517e-30,6.748e-18,5.315e-21,6.648e-34,,4.598e-11,4.596e-42,6.608e-21,4.505e-19,1.076e-31,2.657e-1,1.560e+3,2.110e-7,6.414e-19,8.601e-20,3.940e-22,4.912e-20,1.000e+2,1.602e-19,1.804e-26,8.305e-21,3.684e-23,7.248e-21,4.224e-18,5.052e-2,,,,,,1.700e-19,,,1.493e-19,4.580e-18,,1.204e-20,8.707e-2,,2.702e+2,,1.110e+2,3.393e+0,1.142e-17,1.730e-18,1.424e-16,3.165e+1,8.616e-18
339.5,2.082e+3,3.117e-21,2.385e-11,2.802e-46,3.968e-22,2.809e-34,,6.862e-20,1.214e-22,,1.564e-15,9.568e-22,3.514e-30,6.751e-18,5.346e-21,6.661e-34,,4.687e-11,4.480e-42,6.600e-21,4.508e-19,5.100e-32,1.967e-1,1.537e+3,2.218e-7,6.423e-19,8.603e-20,4.001e-22,5.028e-20,9.811e+1,1.600e-19,1.803e-26,8.319e-21,3.685e-23,7.237e-21,4.199e-18,4.119e-2,,,,,,1.700e-19,,,1.493e-19,4.581e-18,,1.204e-20,6.282e-2,,3.095e+2,,1.008e+2,3.404e+0,1.149e-17,1.730e-18,1.424e-16,3.371e+1,8.617e-18
339.53,2.084e+3,3.119e-21,2.052e-11,2.791e-46,3.831e-22,2.828e-34,,6.852e-20,1.213e-22,,1.564e-15,9.576e-22,3.508e-30,6.756e-18,5.392e-21,6.680e-34,,5.656e-11,4.307e-42,6.589e-21,4.513e-19,1.643e-32,1.237e-1,1.487e+3,2.361e-7,6.437e-19,8.606e-20,4.092e-22,5.202e-20,9.591e+1,1.598e-19,1.802e-26,8.340e-21,3.686e-23,7.220e-21,4.161e-18,3.019e-2,,,,,,1.700e-19,,,1.493e-19,4.582e-18,,1.203e-20,3.840e-2,,3.748e+2,,8.615e+1,3.417e+0,1.160e-17,1.731e-18,1.423e-16,3.658e+1,8.618e-18
339.55,2.080e+3,3.121e-21,1.843e-11,2.784e-46,3.740e-22,2.840e-34,,6.845e-20,1.212e-22,,1.565e-15,9.581e-22,3.505e-30,6.760e-18,5.422e-21,6.692e-34,,6.904e-11,4.191e-42,6.582e-21,4.516e-19,7.658e-33,9.004e-2,1.444e+3,2.441e-7,6.447e-19,8.608e-20,4.153e-22,5.318e-20,9.500e+1,1.597e-19,1.801e-26,8.354e-21,3.687e-23,7.209e-21,4.136e-18,2.458e-2,,,,,,1.700e-19,,,1.493e-19,4.583e-18,,1.203e-20,2.786e-2,,4.222e+2,,7.694e+1,3.423e+0,1.168e-17,1.731e-18,1.423e-16,3.831e+1,8.619e-18
339.58,2.068e+3,3.123e-21,1.553e-11,2.774e-46,3.603e-22,2.859e-34,,6.835e-20,1.211e-22,,1.566e-15,9.588e-22,3.500e-30,6.765e-18,5.468e-21,6.711e-34,,9.852e-11,4.017e-42,6.570e-21,4.521e-19,2.406e-33,5.523e-2,1.367e+3,2.536e-7,6.461e-19,8.611e-20,4.245e-22,5.492e-20,9.461e+1,1.595e-19,1.800e-26,8.375e-21,3.688e-23,7.193e-21,4.099e-18,1.833e-2,,,,,,1.700e-19,,,1.492e-19,4.585e-18,,1.203e-20,1.803e-2,,4.987e+2,,6.413e+1,3.428e+0,1.179e-17,1.732e-18,1.422e-16,4.057e+1,8.620e-18
339.6,2.057e+3,3.124e-21,1.377e-11,2.766e-46,3.512e-22,2.872e-34,,6.829e-20,1.210e-22,,1.566e-15,9.593e-22,3.496e-30,6.768e-18,5.499e-21,6.724e-34,,1.269e-10,3.902e-42,6.563e-21,4.525e-19,2.403e-33,3.954e-2,1.308e+3,2.579e-7,6.471e-19,8.613e-20,4.306e-22,5.609e-20,9.507e+1,1.594e-19,1.800e-26,8.388e-21,3.689e-23,7.182e-21,4.073e-18,1.542e-2,,,,,,1.700e-19,,,1.492e-19,4.586e-18,,1.203e-20,1.449e-2,,5.526e+2,,5.633e+1,3.429e+0,1.187e-17,1.733e-18,1.422e-16,4.179e+1,8.621e-18
339.63,2.036e+3,3.126e-21,1.142e-11,2.756e-46,3.375e-22,2.890e-34,,6.819e-20,1.209e-22,,1.567e-15,9.600e-22,3.491e-30,6.773e-18,5.545e-21,6.742e-34,,1.864e-10,3.728e-42,6.552e-21,4.530e-19,2.398e-33,2.365e-2,1.210e+3,2.615e-7,6.485e-19,8.616e-20,4.398e-22,5.783e-20,9.689e+1,1.592e-19,1.799e-26,8.409e-21,3.691e-23,7.165e-21,4.036e-18,1.269e-2,,,,,,1.699e-19,,,1.492e-19,4.587e-18,,1.203e-20,1.274e-2,,6.366e+2,,4.580e+1,3.425e+0,1.198e-17,1.733e-18,1.421e-16,4.317e+1,8.622e-18
339.65,2.020e+3,3.127e-21,1.007e-11,2.749e-46,3.284e-22,2.903e-34,,6.812e-20,1.208e-22,,1.567e-15,9.605e-22,3.487e-30,6.777e-18,5.576e-21,6.755e-34,,2.401e-10,3.612e-42,6.544e-21,4.533e-19,2.395e-33,1.665e-2,1.140e+3,2.617e-7,6.495e-19,8.618e-20,4.459e-22,5.899e-20,9.887e+1,1.591e-19,1.798e-26,8.423e-21,3.692e-23,7.154e-21,4.011e-18,1.185e-2,,,,,,1.699e-19,,,1.492e-19,4.588e-18,,1.202e-20,1.377e-2,,6.939e+2,,3.957e+1,3.418e+0,1.206e-17,1.734e-18,1.421e-16,4.374e+1,8.623e-18
339.68,1.993e+3,3.129e-21,8.352e-12,2.738e-46,3.147e-22,2.922e-34,,6.802e-20,1.207e-22,,1.568e-15,9.612e-22,3.482e-30,6.782e-18,5.622e-21,6.774e-34,,3.479e-10,3.439e-42,6.533e-21,4.538e-19,2.390e-33,9.717e-3,1.032e+3,2.591e-7,6.509e-19,8.621e-20,4.550e-22,6.073e-20,1.029e+2,1.589e-19,1.797e-26,8.444e-21,3.693e-23,7.137e-21,3.973e-18,1.200e-2,,,,,,1.699e-19,,,1.492e-19,4.590e-18,,1.202e-20,1.892e-2,,7.798e+2,,3.138e+1,3.398e+0,1.217e-17,1.735e-18,1.420e-16,4.407e+1,8.624e-18
339.7,1.974e+3,3.131e-21,7.426e-12,2.731e-46,3.056e-22,2.934e-34,,6.796e-20,1.206e-22,,1.569e-15,9.617e-22,3.478e-30,6.785e-18,5.653e-21,6.786e-34,,4.423e-10,3.323e-42,6.526e-21,4.541e-19,2.387e-33,6.728e-3,9.577e+2,2.553e-7,6.518e-19,8.623e-20,4.611e-22,6.189e-20,1.063e+2,1.588e-19,1.796e-26,8.458e-21,3.694e-23,7.126e-21,3.948e-18,1.302e-2,,,,,,1.699e-19,,,1.491e-19,4.591e-18,,1.202e-20,2.530e-2,,8.359e+2,,2.666e+1,3.378e+0,1.225e-17,1.735e-18,1.420e-16,4.392e+1,8.625e-18
339.73,1.943e+3,3.133e-21,6.370e-12,2.720e-46,2.919e-22,2.953e-34,,6.786e-20,1.205e-22,,1.569e-15,9.625e-22,3.473e-30,6.790e-18,5.699e-21,6.805e-34,,6.267e-10,1.060e-41,6.515e-21,4.547e-19,2.382e-33,3.829e-3,8.475e+2,2.470e-7,6.533e-19,8.626e-20,1.471e-21,6.364e-20,1.123e+2,1.586e-19,1.795e-26,8.479e-21,3.695e-23,7.110e-21,3.910e-18,1.602e-2,,,,,,1.699e-19,,,1.491e-19,4.592e-18,,1.202e-20,4.101e-2,,9.164e+2,,2.062e+1,3.333e+0,1.236e-17,1.736e-18,1.419e-16,4.316e+1,8.626e-18
339.75,1.922e+3,3.134e-21,5.889e-12,2.713e-46,2.828e-22,2.965e-34,,6.779e-20,1.204e-22,,1.570e-15,9.629e-22,3.469e-30,6.793e-18,5.729e-21,6.818e-34,,7.843e-10,2.278e-41,6.507e-21,4.550e-19,2.379e-33,2.607e-3,7.759e+2,2.399e-7,6.542e-19,8.628e-20,3.161e-21,6.480e-20,1.168e+2,1.585e-19,1.795e-26,8.493e-21,3.696e-23,7.099e-21,3.885e-18,1.908e-2,,,,,,1.699e-19,,,1.491e-19,4.593e-18,,1.202e-20,5.713e-2,,9.663e+2,,1.723e+1,3.293e+0,1.244e-17,1.736e-18,1.419e-16,4.231e+1,8.627e-18
339.78,1.887e+3,3.136e-21,5.508e-12,2.703e-46,2.691e-22,2.984e-34,,6.769e-20,1.202e-22,,1.571e-15,9.637e-22,3.464e-30,6.799e-18,5.775e-21,6.837e-34,,1.085e-9,7.089e-41,6.496e-21,4.555e-19,2.374e-33,1.447e-3,6.732e+2,2.273e-7,6.556e-19,8.631e-20,9.837e-21,6.654e-20,1.241e+2,1.583e-19,1.794e-26,8.513e-21,3.697e-23,7.082e-21,3.847e-18,2.550e-2,,,,,,1.699e-19,,,1.491e-19,4.595e-18,,1.201e-20,9.370e-2,,1.033e+3,,1.300e+1,3.215e+0,1.255e-17,1.737e-18,1.418e-16,4.056e+1,8.628e-18
339.8,1.863e+3,3.137e-21,5.484e-12,2.696e-46,2.600e-22,2.997e-34,,6.763e-20,1.202e-22,,1.571e-15,9.642e-22,3.460e-30,6.802e-18,5.806e-21,6.849e-34,,1.335e-9,1.537e-40,6.489e-21,4.558e-19,2.371e-33,9.691e-4,6.089e+2,2.179e-7,6.566e-19,8.633e-20,2.080e-20,6.770e-20,1.293e+2,1.581e-19,1.793e-26,8.527e-21,3.698e-23,7.071e-21,3.822e-18,3.117e-2,,,,,,1.699e-19,,,1.491e-19,4.596e-18,,1.201e-20,1.296e-1,,1.072e+3,,1.068e+1,3.150e+0,1.263e-17,1.737e-18,1.418e-16,3.911e+1,8.629e-18
339.83,1.823e+3,3.139e-21,5.803e-12,2.685e-46,2.463e-22,3.015e-34,,6.753e-20,1.200e-22,,1.572e-15,9.649e-22,3.455e-30,6.807e-18,5.852e-21,6.868e-34,,1.802e-9,4.673e-40,6.478e-21,4.563e-19,2.366e-33,5.245e-4,5.199e+2,2.029e-7,6.580e-19,8.636e-20,6.316e-20,6.944e-20,1.371e+2,1.579e-19,1.792e-26,8.548e-21,3.700e-23,7.055e-21,3.785e-18,4.209e-2,,,,,,1.699e-19,,,1.490e-19,4.597e-18,,1.201e-20,2.086e-1,,1.118e+3,,7.861e+0,3.033e+0,1.274e-17,1.738e-18,1.417e-16,3.657e+1,8.630e-18
339.85,1.793e+3,3.141e-21,6.259e-12,2.678e-46,2.372e-22,3.028e-34,,6.746e-20,1.199e-22,,1.572e-15,9.654e-22,3.451e-30,6.810e-18,5.883e-21,6.881e-34,,2.182e-9,9.729e-40,6.470e-21,4.567e-19,2.363e-33,3.455e-4,4.662e+2,1.926e-7,6.590e-19,8.638e-20,1.314e-19,7.060e-20,1.424e+2,1.578e-19,1.791e-26,8.562e-21,3.701e-23,7.043e-21,3.759e-18,5.124e-2,,,,,,1.699e-19,,,1.490e-19,4.598e-18,,1.201e-20,2.842e-1,,1.140e+3,,6.354e+0,2.942e+0,1.281e-17,1.739e-18,1.417e-16,3.468e+1,8.631e-18
339.87,1.761e+3,3.142e-21,6.917e-12,2.671e-46,2.280e-22,3.040e-34,,6.740e-20,1.199e-22,,1.573e-15,9.659e-22,3.448e-30,6.814e-18,5.914e-21,6.893e-34,,2.625e-9,2.012e-39,6.463e-21,4.570e-19,2.360e-33,2.260e-4,4.172e+2,1.824e-7,6.599e-19,8.640e-20,2.715e-19,7.177e-20,1.477e+2,1.577e-19,1.791e-26,8.576e-21,3.702e-23,7.032e-21,3.734e-18,6.208e-2,,,,,,1.699e-19,,,1.490e-19,4.599e-18,,1.201e-20,3.848e-1,,1.155e+3,,5.102e+0,2.842e+0,1.289e-17,1.739e-18,1.416e-16,3.267e+1,8.631e-18
339.9,1.709e+3,3.144e-21,8.297e-12,2.660e-46,2.144e-22,3.059e-34,,6.730e-20,1.197e-22,,1.574e-15,9.666e-22,3.442e-30,6.819e-18,5.960e-21,6.912e-34,,3.422e-9,5.912e-39,6.452e-21,4.575e-19,2.355e-33,1.181e-4,3.528e+2,1.677e-7,6.613e-19,8.643e-20,7.967e-19,7.351e-20,1.553e+2,1.575e-19,1.790e-26,8.597e-21,3.703e-23,7.016e-21,3.697e-18,8.194e-2,,,2.809e-19,,,1.698e-19,,,1.490e-19,4.601e-18,,1.201e-20,5.988e-1,,1.164e+3,,3.625e+0,2.675e+0,1.300e-17,1.740e-18,1.416e-16,2.950e+1,8.632e-18
339.92,1.670e+3,3.145e-21,9.490e-12,2.653e-46,2.052e-22,3.072e-34,,6.723e-20,1.197e-22,,1.574e-15,9.671e-22,3.439e-30,6.822e-18,5.990e-21,6.925e-34,,4.049e-9,1.203e-38,6.444e-21,4.578e-19,2.352e-33,7.601e-5,3.159e+2,1.586e-7,6.623e-19,8.645e-20,1.620e-18,7.467e-20,1.602e+2,1.574e-19,1.789e-26,8.611e-21,3.704e-23,7.005e-21,3.672e-18,9.785e-2,,,6.072e-19,,,1.698e-19,,,1.490e-19,4.601e-18,,1.200e-20,7.976e-1,,1.160e+3,,2.863e+0,2.555e+0,1.308e-17,1.740e-18,1.415e-16,2.734e+1,8.633e-18
339.95,1.606e+3,3.147e-21,1.170e-11,2.643e-46,1.915e-22,3.090e-34,,6.713e-20,1.195e-22,,1.575e-15,9.678e-22,3.433e-30,6.827e-18,6.036e-21,6.944e-34,,5.149e-9,3.450e-38,6.433e-21,4.583e-19,2.348e-33,3.874e-5,2.691e+2,1.466e-7,6.637e-19,8.648e-20,4.637e-18,7.641e-20,1.672e+2,1.572e-19,1.788e-26,8.631e-21,3.705e-23,6.988e-21,3.634e-18,1.262e-1,,,1.906e-18,,,1.698e-19,,,1.489e-19,4.603e-18,,1.200e-20,1.211e+0,,1.140e+3,,1.984e+0,2.364e+0,1.319e-17,1.741e-18,1.415e-16,2.408e+1,8.634e-18
339.97,1.560e+3,3.149e-21,1.347e-11,2.635e-46,1.824e-22,3.103e-34,,6.707e-20,1.194e-22,,1.576e-15,9.683e-22,3.430e-30,6.830e-18,6.067e-21,6.956e-34,,5.993e-9,6.907e-38,6.426e-21,4.587e-19,2.344e-33,2.452e-5,2.432e+2,1.399e-7,6.647e-19,8.650e-20,9.275e-18,7.757e-20,1.716e+2,1.571e-19,1.787e-26,8.645e-21,3.706e-23,6.977e-21,3.609e-18,1.483e-1,,,4.052e-18,,,1.698e-19,,,1.489e-19,4.604e-18,,1.200e-20,1.587e+0,,1.118e+3,,1.541e+0,2.233e+0,1.327e-17,1.742e-18,1.414e-16,2.195e+1,8.635e-18
340,1.486e+3,3.151e-21,1.657e-11,2.625e-46,1.687e-22,3.122e-34,,6.697e-20,1.193e-22,,1.576e-15,9.690e-22,3.424e-30,6.835e-18,6.113e-21,6.975e-34,,7.433e-9,1.933e-37,6.415e-21,4.592e-19,2.340e-33,1.219e-5,2.118e+2,1.320e-7,6.661e-19,8.653e-20,2.591e-17,7.932e-20,1.779e+2,1.569e-19,1.786e-26,8.666e-21,3.707e-23,6.961e-21,3.571e-18,1.867e-1,,,1.241e-17,,,1.698e-19,,,1.489e-19,4.605e-18,,1.200e-20,2.350e+0,,1.072e+3,,1.042e+0,2.033e+0,1.338e-17,1.742e-18,1.414e-16,1.886e+1,8.636e-18
340.02,1.433e+3,3.152e-21,1.893e-11,2.618e-46,1.596e-22,3.134e-34,,6.690e-20,1.192e-22,,1.577e-15,9.695e-22,3.421e-30,6.839e-18,6.144e-21,6.987e-34,,8.511e-9,3.807e-37,6.407e-21,4.595e-19,2.337e-33,7.585e-6,1.953e+2,1.285e-7,6.671e-19,8.655e-20,5.098e-17,8.048e-20,1.820e+2,1.567e-19,1.786e-26,8.680e-21,3.708e-23,6.950e-21,3.546e-18,2.159e-1,,,2.597e-17,,,1.698e-19,,,1.489e-19,4.606e-18,,1.200e-20,3.029e+0,,1.033e+3,,7.958e-1,1.901e+0,1.346e-17,1.743e-18,1.413e-16,1.690e+1,8.637e-18
340.05,1.351e+3,3.154e-21,2.291e-11,2.607e-46,1.459e-22,3.153e-34,,6.681e-20,1.191e-22,,1.578e-15,9.703e-22,3.415e-30,6.844e-18,6.190e-21,7.006e-34,,1.030e-8,1.040e-36,6.396e-21,4.600e-19,2.332e-33,3.677e-6,1.760e+2,1.257e-7,6.685e-19,8.658e-20,1.390e-16,8.222e-20,1.881e+2,1.565e-19,1.785e-26,8.701e-21,3.710e-23,6.933e-21,3.508e-18,2.651e-1,,,7.761e-17,,,1.698e-19,,,1.488e-19,4.608e-18,,1.199e-20,4.377e+0,,9.663e+2,,5.247e-1,1.710e+0,1.357e-17,1.743e-18,1.413e-16,1.417e+1,8.638e-18
340.07,1.295e+3,3.155e-21,2.584e-11,2.600e-46,1.368e-22,3.165e-34,,6.674e-20,1.190e-22,,1.578e-15,9.707e-22,3.412e-30,6.847e-18,6.220e-21,7.019e-34,,1.160e-8,2.015e-36,6.389e-21,4.603e-19,2.329e-33,2.251e-6,1.663e+2,1.257e-7,6.694e-19,8.660e-20,2.690e-16,8.338e-20,1.921e+2,1.564e-19,1.784e-26,8.715e-21,3.711e-23,6.922e-21,3.483e-18,3.015e-1,,,1.597e-16,,,1.698e-19,,,1.488e-19,4.609e-18,,1.199e-20,5.548e+0,,9.164e+2,,3.942e-1,1.589e+0,1.365e-17,1.744e-18,1.412e-16,1.249e+1,8.639e-18
340.1,1.210e+3,3.157e-21,3.059e-11,2.589e-46,1.231e-22,3.184e-34,,6.664e-20,1.189e-22,,1.579e-15,9.715e-22,3.406e-30,6.852e-18,6.266e-21,7.038e-34,,1.369e-8,5.370e-36,6.378e-21,4.608e-19,2.324e-33,1.064e-6,1.555e+2,1.283e-7,6.709e-19,8.663e-20,7.157e-16,8.512e-20,1.986e+2,1.562e-19,1.783e-26,8.735e-21,3.712e-23,6.905e-21,3.445e-18,3.612e-1,,,4.658e-16,,,1.698e-19,,,1.488e-19,4.610e-18,,1.199e-20,7.822e+0,,8.359e+2,,2.535e-1,1.423e+0,1.376e-17,1.745e-18,1.412e-16,1.021e+1,8.640e-18
340.12,1.154e+3,3.159e-21,3.398e-11,2.582e-46,1.140e-22,3.197e-34,,6.658e-20,1.188e-22,,1.579e-15,9.720e-22,3.403e-30,6.856e-18,6.297e-21,7.050e-34,,1.517e-8,1.024e-35,6.370e-21,4.612e-19,2.321e-33,6.406e-7,1.502e+2,1.316e-7,6.718e-19,8.665e-20,1.363e-15,8.628e-20,2.033e+2,1.561e-19,1.782e-26,8.749e-21,3.713e-23,6.894e-21,3.420e-18,4.041e-1,,,9.432e-16,,,1.698e-19,,,1.488e-19,4.611e-18,,1.199e-20,9.754e+0,,7.798e+2,,1.873e-1,1.324e+0,1.383e-17,1.745e-18,1.411e-16,8.854e+0,8.641e-18
340.15,1.072e+3,3.161e-21,3.930e-11,2.572e-46,1.003e-22,3.215e-34,,6.648e-20,1.187e-22,,1.580e-15,9.727e-22,3.398e-30,6.861e-18,6.343e-21,7.069e-34,,1.747e-8,2.663e-35,6.359e-21,4.617e-19,2.316e-33,2.954e-7,1.443e+2,1.389e-7,6.732e-19,8.668e-20,3.538e-15,8.803e-20,2.111e+2,1.559e-19,1.781e-26,8.770e-21,3.714e-23,6.878e-21,3.383e-18,4.723e-1,,,2.684e-15,,,1.698e-19,,,1.488e-19,4.613e-18,,1.199e-20,1.342e+1,,6.939e+2,,1.175e-1,1.196e+0,1.395e-17,1.746e-18,1.410e-16,7.061e+0,8.642e-18
340.17,1.019e+3,3.162e-21,4.295e-11,2.565e-46,9.121e-23,3.228e-34,,6.641e-20,1.186e-22,,1.581e-15,9.732e-22,3.394e-30,6.864e-18,6.374e-21,7.082e-34,,1.903e-8,4.996e-35,6.352e-21,4.620e-19,2.313e-33,1.749e-7,1.413e+2,1.451e-7,6.742e-19,8.670e-20,6.628e-15,8.919e-20,2.171e+2,1.558e-19,1.781e-26,8.784e-21,3.715e-23,6.867e-21,3.358e-18,5.198e-1,,,5.347e-15,,,1.697e-19,,,1.487e-19,4.614e-18,,1.198e-20,1.646e+1,,6.366e+2,,8.539e-2,1.125e+0,3.002e-17,1.746e-18,1.410e-16,6.022e+0,8.643e-18
340.2,9.460e+2,3.164e-21,4.848e-11,2.554e-46,7.753e-23,3.247e-34,,6.631e-20,1.185e-22,,1.581e-15,9.739e-22,3.389e-30,6.869e-18,6.420e-21,7.101e-34,,2.138e-8,1.268e-34,6.341e-21,4.625e-19,2.308e-33,7.865e-8,1.376e+2,1.558e-7,6.756e-19,8.673e-20,1.679e-14,9.093e-20,2.274e+2,1.556e-19,1.780e-26,8.805e-21,3.716e-23,6.850e-21,3.320e-18,5.927e-1,,,1.485e-14,,,1.697e-19,,,1.487e-19,4.615e-18,,1.198e-20,2.208e+1,,5.526e+2,,5.224e-2,1.044e+0,9.361e-17,1.747e-18,1.409e-16,4.684e+0,8.644e-18
340.22,9.015e+2,3.165e-21,5.212e-11,2.547e-46,6.841e-23,3.259e-34,,6.625e-20,1.184e-22,,1.582e-15,9.744e-22,3.385e-30,6.872e-18,6.451e-21,7.113e-34,,2.292e-8,2.341e-34,6.333e-21,4.628e-19,2.305e-33,4.579e-8,1.352e+2,1.637e-7,6.766e-19,8.675e-20,3.094e-14,9.209e-20,2.354e+2,1.555e-19,1.779e-26,8.819e-21,3.717e-23,6.839e-21,3.295e-18,6.415e-1,,,2.910e-14,,,1.697e-19,,,1.487e-19,4.616e-18,,1.198e-20,2.664e+1,,4.987e+2,,3.734e-2,1.007e+0,1.982e-16,1.748e-18,1.409e-16,3.929e+0,8.645e-18
340.25,8.425e+2,3.167e-21,5.740e-11,2.536e-46,5.473e-23,3.278e-34,,6.615e-20,1.182e-22,,1.583e-15,9.751e-22,3.380e-30,6.877e-18,6.497e-21,7.132e-34,,2.511e-8,5.799e-34,6.322e-21,4.633e-19,2.300e-33,2.009e-8,1.315e+2,1.762e-7,6.780e-19,8.677e-20,7.647e-14,9.383e-20,2.493e+2,1.553e-19,1.778e-26,8.840e-21,3.719e-23,6.822e-21,3.257e-18,7.136e-1,,,7.885e-14,,,1.697e-19,,,1.487e-19,4.618e-18,,1.198e-20,3.488e+1,,4.222e+2,,2.228e-2,9.776e-1,6.032e-16,1.748e-18,1.408e-16,2.981e+0,8.646e-18
340.27,8.090e+2,3.168e-21,6.071e-11,2.529e-46,4.561e-23,3.290e-34,,6.608e-20,1.182e-22,,1.583e-15,9.756e-22,3.376e-30,6.881e-18,6.527e-21,7.145e-34,,2.648e-8,1.053e-33,6.315e-21,4.637e-19,2.297e-33,1.150e-8,1.287e+2,1.846e-7,6.790e-19,8.679e-20,1.386e-13,9.500e-20,2.599e+2,1.551e-19,1.777e-26,8.854e-21,3.720e-23,6.811e-21,3.232e-18,7.598e-1,,,1.520e-13,,,1.697e-19,,,1.487e-19,4.619e-18,,1.198e-20,4.139e+1,,3.748e+2,,1.566e-2,9.749e-1,1.256e-15,1.749e-18,1.408e-16,2.460e+0,8.647e-18
340.29,7.804e+2,3.170e-21,6.379e-11,2.522e-46,3.649e-23,3.303e-34,,6.602e-20,1.181e-22,,1.584e-15,9.761e-22,3.372e-30,6.884e-18,6.558e-21,7.157e-34,,2.773e-8,1.900e-33,6.307e-21,4.640e-19,2.294e-33,6.540e-9,1.255e+2,1.929e-7,6.799e-19,8.681e-20,2.498e-13,9.616e-20,2.718e+2,1.550e-19,1.776e-26,8.867e-21,3.721e-23,6.800e-21,3.207e-18,8.036e-1,,,2.912e-13,,,1.697e-19,,,1.486e-19,4.620e-18,,1.198e-20,4.881e+1,,3.304e+2,,1.094e-2,9.858e-1,2.600e-15,1.749e-18,1.408e-16,2.016e+0,8.648e-18
340.32,7.473e+2,3.172e-21,6.787e-11,2.512e-46,2.280e-23,3.322e-34,,6.592e-20,1.179e-22,,1.584e-15,9.768e-22,3.367e-30,6.889e-18,6.604e-21,7.176e-34,,2.935e-8,4.550e-33,6.296e-21,4.645e-19,2.289e-33,2.770e-9,1.200e+2,2.044e-7,6.813e-19,8.684e-20,5.964e-13,9.790e-20,2.921e+2,1.548e-19,1.775e-26,8.888e-21,3.722e-23,6.784e-21,3.169e-18,8.634e-1,,,7.624e-13,,,1.697e-19,,,1.486e-19,4.621e-18,,1.197e-20,6.172e+1,,2.702e+2,,6.303e-3,1.027e+0,7.646e-15,1.750e-18,1.407e-16,1.477e+0,8.649e-18
340.34,7.320e+2,3.173e-21,7.014e-11,2.504e-46,1.368e-23,3.334e-34,,6.585e-20,1.179e-22,,1.585e-15,9.773e-22,3.364e-30,6.893e-18,6.635e-21,7.189e-34,,3.024e-8,8.078e-33,6.289e-21,4.648e-19,2.286e-33,1.549e-9,1.157e+2,2.113e-7,6.823e-19,8.686e-20,1.057e-12,9.906e-20,3.072e+2,1.547e-19,1.775e-26,8.902e-21,3.723e-23,6.773e-21,3.144e-18,8.983e-1,,,1.437e-12,,,1.697e-19,,,1.486e-19,4.622e-18,,1.197e-20,7.158e+1,,2.344e+2,,4.329e-3,1.071e+0,1.557e-14,1.751e-18,1.407e-16,1.191e+0,8.649e-18
340.37,7.190e+2,3.175e-21,7.280e-11,2.494e-46,7.183e-36,3.353e-34,,6.575e-20,1.177e-22,,1.586e-15,9.781e-22,3.358e-30,6.898e-18,6.681e-21,7.207e-34,,3.123e-8,1.888e-32,6.278e-21,4.654e-19,2.282e-33,6.401e-10,1.085e+2,2.199e-7,6.837e-19,8.689e-20,2.463e-12,1.008e-19,3.322e+2,1.545e-19,1.774e-26,8.923e-21,3.724e-23,6.756e-21,3.106e-18,9.416e-1,,,3.671e-12,,,1.697e-19,,,1.486e-19,4.624e-18,,1.197e-20,8.831e+1,,1.869e+2,,2.433e-3,1.159e+0,4.467e-14,1.751e-18,1.406e-16,8.513e-1,8.651e-18
340.39,7.168e+2,3.176e-21,7.401e-11,2.487e-46,1.549e-35,3.365e-34,,6.569e-20,1.177e-22,,1.586e-15,9.785e-22,3.355e-30,6.901e-18,6.712e-21,7.220e-34,,3.164e-8,3.298e-32,6.270e-21,4.657e-19,2.278e-33,3.521e-10,1.033e+2,2.243e-7,6.847e-19,8.691e-20,4.294e-12,1.020e-19,3.504e+2,1.544e-19,1.773e-26,8.937e-21,3.725e-23,6.745e-21,3.081e-18,9.636e-1,,,6.805e-12,,,1.697e-19,,,1.486e-19,4.625e-18,,1.197e-20,1.007e+2,,1.595e+2,,1.643e-3,1.233e+0,8.948e-14,1.752e-18,1.405e-16,6.750e-1,8.651e-18
340.42,7.227e+2,3.178e-21,7.493e-11,2.476e-46,4.848e-35,3.384e-34,,6.559e-20,1.175e-22,,1.587e-15,9.793e-22,3.349e-30,6.906e-18,6.758e-21,7.239e-34,,3.188e-8,7.521e-32,6.259e-21,4.662e-19,2.274e-33,1.419e-10,9.484e+1,2.285e-7,6.861e-19,8.694e-20,9.764e-12,1.037e-19,3.797e+2,1.542e-19,1.772e-26,8.958e-21,3.726e-23,6.729e-21,3.044e-18,9.853e-1,,,1.697e-11,,,1.697e-19,,,1.485e-19,4.626e-18,,1.197e-20,1.213e+2,,1.241e+2,,9.010e-4,1.367e+0,2.506e-13,1.752e-18,1.405e-16,4.706e-1,8.653e-18
340.44,7.322e+2,3.180e-21,7.493e-11,2.469e-46,1.029e-34,3.396e-34,,6.552e-20,1.174e-22,,1.587e-15,9.798e-22,3.346e-30,6.909e-18,6.788e-21,7.251e-34,,3.177e-8,1.293e-31,6.252e-21,4.665e-19,2.271e-33,7.674e-11,8.891e+1,2.296e-7,6.870e-19,8.696e-20,1.675e-11,1.049e-19,4.003e+2,1.541e-19,1.771e-26,8.972e-21,3.727e-23,6.717e-21,3.018e-18,9.918e-1,,,3.095e-11,,,1.697e-19,,,1.485e-19,4.627e-18,,1.196e-20,1.361e+2,,1.041e+2,,5.985e-4,1.470e+0,4.938e-13,1.753e-18,1.404e-16,3.670e-1,8.653e-18
340.47,7.539e+2,3.182e-21,7.401e-11,2.458e-46,3.141e-34,3.415e-34,,6.542e-20,1.173e-22,,1.588e-15,9.805e-22,3.340e-30,6.914e-18,6.834e-21,7.270e-34,,3.123e-8,2.878e-31,6.240e-21,4.670e-19,2.266e-33,3.015e-11,7.977e+1,2.286e-7,6.885e-19,8.699e-20,3.715e-11,1.066e-19,4.324e+2,1.539e-19,1.770e-26,8.992e-21,3.729e-23,6.701e-21,2.981e-18,9.894e-1,,,7.530e-11,,,1.696e-19,,,1.485e-19,4.629e-18,,1.196e-20,1.598e+2,,7.903e+1,,3.201e-4,1.646e+0,1.350e-12,1.754e-18,1.404e-16,2.496e-1,8.654e-18
340.49,7.725e+2,3.183e-21,7.280e-11,2.451e-46,6.558e-34,3.428e-34,,6.536e-20,1.172e-22,,1.589e-15,9.810e-22,3.337e-30,6.918e-18,6.865e-21,7.283e-34,,3.062e-8,4.867e-31,6.233e-21,4.674e-19,2.263e-33,1.604e-11,7.362e+1,2.262e-7,6.894e-19,8.701e-20,6.269e-11,1.078e-19,4.543e+2,1.537e-19,1.770e-26,9.006e-21,3.730e-23,6.690e-21,2.956e-18,9.796e-1,,,1.351e-10,,,1.696e-19,,,1.485e-19,4.630e-18,,1.196e-20,1.764e+2,,6.522e+1,,2.091e-4,1.779e+0,2.616e-12,1.754e-18,1.403e-16,1.914e-1,8.655e-18
340.52,8.050e+2,3.185e-21,7.014e-11,2.441e-46,1.954e-33,3.446e-34,,6.526e-20,1.171e-22,,1.589e-15,9.817e-22,3.331e-30,6.923e-18,6.911e-21,7.302e-34,,2.935e-8,1.057e-30,6.222e-21,4.679e-19,2.258e-33,6.148e-12,6.449e+1,2.199e-7,6.909e-19,8.704e-20,1.357e-10,1.095e-19,4.871e+2,1.536e-19,1.769e-26,9.027e-21,3.731e-23,6.673e-21,2.918e-18,9.533e-1,,,3.207e-10,,,1.696e-19,,,1.485e-19,4.631e-18,,1.196e-20,2.021e+2,,4.829e+1,,1.091e-4,2.001e+0,6.977e-12,1.755e-18,1.403e-16,1.270e-1,8.656e-18
340.54,8.288e+2,3.186e-21,6.786e-11,2.434e-46,4.014e-33,3.459e-34,,6.519e-20,1.170e-22,,1.590e-15,2.116e-21,3.328e-30,6.926e-18,6.942e-21,7.314e-34,,2.831e-8,1.760e-30,6.215e-21,4.682e-19,2.255e-33,3.217e-12,5.857e+1,2.141e-7,6.918e-19,8.706e-20,2.253e-10,1.107e-19,5.084e+2,1.534e-19,1.768e-26,9.041e-21,3.732e-23,6.662e-21,2.893e-18,9.285e-1,,,5.662e-10,,,1.696e-19,,,1.484e-19,4.632e-18,,1.196e-20,2.194e+2,,3.920e+1,,7.008e-5,2.165e+0,1.331e-11,1.755e-18,1.402e-16,9.582e-2,8.657e-18
340.57,8.660e+2,3.188e-21,6.379e-11,2.423e-46,1.167e-32,3.478e-34,,6.509e-20,1.169e-22,,1.591e-15,6.614e-21,3.322e-30,6.931e-18,6.988e-21,7.333e-34,,2.648e-8,3.732e-30,6.203e-21,4.687e-19,2.250e-33,1.202e-12,5.007e+1,2.031e-7,6.932e-19,8.709e-20,4.760e-10,1.124e-19,5.390e+2,1.532e-19,1.767e-26,9.062e-21,3.733e-23,6.646e-21,2.855e-18,8.814e-1,,,1.312e-9,,,1.696e-19,,,1.484e-19,4.634e-18,,1.195e-20,2.452e+2,,2.831e+1,,3.565e-5,2.439e+0,3.463e-11,1.756e-18,1.402e-16,6.201e-2,8.658e-18
340.59,8.907e+2,3.190e-21,6.071e-11,2.416e-46,2.359e-32,3.490e-34,,6.503e-20,1.168e-22,,1.591e-15,1.403e-20,3.319e-30,6.935e-18,7.018e-21,7.346e-34,,2.511e-8,6.110e-30,6.196e-21,4.690e-19,2.247e-33,6.186e-13,4.474e+1,1.946e-7,6.942e-19,8.711e-20,7.772e-10,1.136e-19,5.579e+2,1.531e-19,1.766e-26,9.076e-21,3.734e-23,6.635e-21,2.830e-18,8.444e-1,,,2.278e-9,,,1.696e-19,,,1.484e-19,4.635e-18,,1.195e-20,2.619e+2,,2.260e+1,,2.253e-5,2.640e+0,6.499e-11,1.757e-18,1.401e-16,4.601e-2,8.659e-18
340.62,9.259e+2,3.192e-21,5.567e-11,2.405e-46,6.695e-32,3.509e-34,,6.493e-20,1.167e-22,,1.592e-15,4.279e-20,3.313e-30,6.940e-18,7.065e-21,7.364e-34,,2.292e-8,1.265e-29,6.185e-21,4.695e-19,2.242e-33,2.255e-13,3.733e+1,1.801e-7,6.956e-19,8.714e-20,1.602e-9,1.153e-19,5.833e+2,1.529e-19,1.765e-26,9.096e-21,3.735e-23,6.618e-21,2.792e-18,7.820e-1,,,5.149e-9,,,1.696e-19,,,1.484e-19,4.636e-18,,1.195e-20,2.856e+2,,1.592e+1,,1.118e-5,2.975e+0,1.650e-10,1.757e-18,1.401e-16,2.904e-2,8.660e-18
340.64,9.471e+2,3.193e-21,5.211e-11,2.398e-46,1.331e-31,3.521e-34,,6.486e-20,1.166e-22,,1.592e-15,8.927e-20,3.310e-30,6.943e-18,7.095e-21,7.377e-34,,2.138e-8,2.038e-29,6.177e-21,4.699e-19,2.239e-33,1.141e-13,3.281e+1,1.697e-7,6.966e-19,8.716e-20,2.574e-9,1.165e-19,5.977e+2,1.528e-19,1.765e-26,9.110e-21,3.736e-23,6.607e-21,2.767e-18,7.369e-1,,,8.798e-9,,,1.696e-19,,,1.484e-19,4.637e-18,,1.195e-20,3.000e+2,,1.250e+1,,6.949e-6,3.220e+0,3.047e-10,1.758e-18,1.400e-16,2.119e-2,8.661e-18
340.66,9.657e+2,3.194e-21,4.846e-11,2.391e-46,2.629e-31,3.534e-34,,6.480e-20,1.165e-22,,1.593e-15,1.850e-19,3.306e-30,6.946e-18,7.126e-21,7.390e-34,,1.982e-8,3.262e-29,6.170e-21,4.702e-19,2.236e-33,5.736e-14,2.865e+1,1.589e-7,6.975e-19,8.718e-20,4.108e-9,1.176e-19,6.099e+2,1.527e-19,1.764e-26,9.124e-21,3.737e-23,6.596e-21,2.742e-18,6.898e-1,,,1.493e-8,,,1.696e-19,,,1.483e-19,4.638e-18,,1.195e-20,3.132e+2,,9.754e+0,,4.291e-6,3.486e+0,5.589e-10,1.758e-18,1.400e-16,1.536e-2,8.662e-18
340.69,9.877e+2,3.196e-21,4.293e-11,2.380e-46,7.210e-31,3.553e-34,,6.470e-20,1.164e-22,,1.594e-15,5.455e-19,3.301e-30,6.951e-18,7.172e-21,7.408e-34,,1.747e-8,6.527e-29,6.159e-21,4.707e-19,2.231e-33,2.019e-14,2.309e+1,1.421e-7,6.989e-19,8.721e-20,8.183e-9,1.194e-19,6.235e+2,1.525e-19,1.763e-26,9.145e-21,3.739e-23,6.579e-21,2.704e-18,6.171e-1,,,3.262e-8,,,1.696e-19,,,1.483e-19,4.640e-18,,1.195e-20,3.299e+2,,6.637e+0,,2.056e-6,3.923e+0,1.371e-9,1.759e-18,1.399e-16,9.367e-3,8.663e-18
340.71,9.976e+2,3.198e-21,3.927e-11,2.373e-46,1.401e-30,3.565e-34,,6.463e-20,1.163e-22,,1.594e-15,1.113e-18,3.297e-30,6.955e-18,7.203e-21,7.421e-34,,1.592e-8,1.028e-28,6.152e-21,4.710e-19,2.228e-33,9.981e-15,1.983e+1,1.309e-7,6.999e-19,8.723e-20,1.285e-8,1.205e-19,6.292e+2,1.523e-19,1.762e-26,9.159e-21,3.740e-23,6.568e-21,2.679e-18,5.682e-1,,,5.447e-8,,,1.696e-19,,,1.483e-19,4.641e-18,,1.194e-20,3.387e+2,,5.092e+0,,1.248e-6,4.242e+0,2.475e-9,1.759e-18,1.399e-16,6.679e-3,8.664e-18
340.74,1.005e+3,3.200e-21,3.393e-11,2.363e-46,3.750e-30,3.584e-34,,6.454e-20,1.162e-22,,1.595e-15,3.201e-18,3.292e-30,6.960e-18,7.249e-21,7.440e-34,,1.369e-8,2.008e-28,6.140e-21,4.715e-19,2.223e-33,3.426e-15,1.559e+1,1.143e-7,7.013e-19,8.726e-20,2.497e-8,1.223e-19,6.325e+2,1.522e-19,1.761e-26,9.180e-21,3.741e-23,6.552e-21,2.642e-18,4.959e-1,,,1.161e-7,,,1.695e-19,,,1.483e-19,4.642e-18,,1.194e-20,3.480e+2,,3.380e+0,,5.835e-7,4.762e+0,5.926e-9,1.760e-18,1.398e-16,3.972e-3,8.665e-18
340.76,1.004e+3,3.201e-21,3.053e-11,2.356e-46,7.170e-30,3.596e-34,,6.447e-20,1.161e-22,,1.595e-15,6.422e-18,3.288e-30,6.963e-18,7.279e-21,7.452e-34,,1.228e-8,3.113e-28,6.133e-21,4.719e-19,2.220e-33,1.666e-15,1.317e+1,1.035e-7,7.023e-19,8.728e-20,3.858e-8,1.235e-19,6.311e+2,1.520e-19,1.761e-26,9.194e-21,3.742e-23,6.541e-21,2.616e-18,4.491e-1,,,1.908e-7,,,1.695e-19,,,1.483e-19,4.643e-18,,1.194e-20,3.515e+2,,2.551e+0,,3.485e-7,5.138e+0,1.052e-8,1.761e-18,1.398e-16,2.785e-3,8.666e-18
340.79,9.941e+2,3.203e-21,2.573e-11,2.345e-46,1.873e-29,3.615e-34,,6.437e-20,1.159e-22,,1.596e-15,1.803e-17,3.283e-30,6.968e-18,7.325e-21,7.471e-34,,1.030e-8,5.935e-28,6.122e-21,4.724e-19,2.215e-33,5.577e-16,1.010e+1,8.822e-8,7.037e-19,8.731e-20,7.316e-8,1.252e-19,6.239e+2,1.518e-19,1.760e-26,9.214e-21,3.743e-23,6.524e-21,2.579e-18,3.824e-1,,,3.968e-7,,,1.695e-19,,,1.482e-19,4.645e-18,,1.194e-20,3.523e+2,,1.652e+0,,1.589e-7,5.743e+0,2.458e-8,1.761e-18,1.397e-16,1.616e-3,8.667e-18
340.81,9.820e+2,3.204e-21,2.277e-11,2.338e-46,3.523e-29,3.628e-34,,6.430e-20,1.159e-22,,1.597e-15,3.560e-17,3.279e-30,6.972e-18,7.356e-21,7.484e-34,,9.084e-9,9.053e-28,6.114e-21,4.727e-19,2.212e-33,2.667e-16,8.396e+0,7.868e-8,7.046e-19,8.733e-20,1.112e-7,1.264e-19,6.158e+2,1.517e-19,1.759e-26,9.228e-21,3.744e-23,6.513e-21,2.554e-18,3.407e-1,,,6.413e-7,,,1.695e-19,,,1.482e-19,4.646e-18,,1.194e-20,3.500e+2,,1.226e+0,,9.331e-8,6.174e+0,4.294e-8,1.762e-18,1.397e-16,1.114e-3,8.668e-18
340.84,9.558e+2,3.206e-21,1.873e-11,2.327e-46,8.978e-29,3.646e-34,,6.421e-20,1.157e-22,,1.597e-15,9.754e-17,3.274e-30,6.977e-18,7.402e-21,7.503e-34,,7.433e-9,1.685e-27,6.103e-21,4.732e-19,2.208e-33,8.707e-17,6.283e+0,6.554e-8,7.061e-19,8.736e-20,2.057e-7,1.281e-19,5.993e+2,1.515e-19,1.758e-26,9.249e-21,3.745e-23,6.496e-21,2.516e-18,2.829e-1,,,1.302e-6,,,1.695e-19,,,1.482e-19,4.647e-18,,1.193e-20,3.423e+2,,7.743e-1,,4.149e-8,6.855e+0,9.792e-8,1.763e-18,1.396e-16,6.306e-4,8.669e-18
340.86,9.335e+2,3.208e-21,1.630e-11,2.320e-46,1.662e-28,3.659e-34,,6.414e-20,1.157e-22,,1.598e-15,1.894e-16,3.271e-30,6.980e-18,7.433e-21,7.515e-34,,6.450e-9,2.529e-27,6.096e-21,4.735e-19,2.204e-33,4.095e-17,5.135e+0,5.762e-8,7.070e-19,8.738e-20,3.076e-7,1.293e-19,5.857e+2,1.514e-19,1.757e-26,9.263e-21,3.746e-23,6.485e-21,2.491e-18,2.479e-1,,,2.070e-6,,,1.695e-19,,,1.482e-19,4.648e-18,,1.193e-20,3.345e+2,,5.653e-1,,2.397e-8,7.330e+0,1.683e-7,1.763e-18,1.396e-16,4.278e-4,8.670e-18
340.89,8.938e+2,3.210e-21,1.308e-11,2.310e-46,4.133e-28,3.678e-34,,6.404e-20,1.155e-22,,1.599e-15,5.065e-16,3.265e-30,6.985e-18,7.479e-21,7.534e-34,,5.149e-9,4.595e-27,6.085e-21,4.740e-19,2.200e-33,1.304e-17,3.749e+0,4.708e-8,7.085e-19,8.741e-20,5.554e-7,1.310e-19,5.623e+2,1.512e-19,1.756e-26,9.284e-21,3.748e-23,6.469e-21,2.453e-18,2.009e-1,,,4.099e-6,,,1.695e-19,,,1.481e-19,4.649e-18,,1.193e-20,3.192e+2,,3.483e-1,,1.039e-8,8.067e+0,3.744e-7,1.764e-18,1.395e-16,2.361e-4,8.671e-18
340.91,8.639e+2,3.211e-21,1.120e-11,2.303e-46,7.525e-28,3.690e-34,,6.398e-20,1.154e-22,,1.599e-15,9.679e-16,3.262e-30,6.988e-18,7.510e-21,7.547e-34,,4.394e-9,6.787e-27,6.077e-21,4.744e-19,2.197e-33,6.030e-18,3.014e+0,4.096e-8,7.094e-19,8.743e-20,8.169e-7,1.322e-19,5.451e+2,1.511e-19,1.756e-26,9.298e-21,3.749e-23,6.458e-21,2.428e-18,1.732e-1,,,6.412e-6,,,1.695e-19,,,1.481e-19,4.650e-18,,1.193e-20,3.068e+2,,2.501e-1,,5.906e-9,8.570e+0,6.330e-7,1.764e-18,1.395e-16,1.576e-4,8.672e-18
340.94,8.150e+2,3.213e-21,8.765e-12,2.292e-46,1.826e-27,3.709e-34,,6.388e-20,1.153e-22,,1.600e-15,2.526e-15,3.256e-30,6.993e-18,7.556e-21,7.566e-34,,3.422e-9,1.204e-26,6.066e-21,4.749e-19,2.192e-33,1.789e-18,2.146e+0,3.316e-8,7.108e-19,8.746e-20,1.439e-6,1.339e-19,5.176e+2,1.509e-19,1.755e-26,9.319e-21,3.750e-23,6.441e-21,2.390e-18,1.369e-1,,,1.239e-5,,,1.695e-19,,,1.481e-19,4.652e-18,,1.193e-20,2.856e+2,,1.503e-1,,2.498e-9,9.328e+0,1.374e-6,1.765e-18,1.394e-16,8.482e-5,8.673e-18
340.96,7.806e+2,3.214e-21,7.382e-12,2.285e-46,3.272e-27,3.721e-34,,6.381e-20,1.152e-22,,1.600e-15,4.748e-15,3.253e-30,6.997e-18,7.586e-21,7.578e-34,,2.872e-9,1.750e-26,6.059e-21,4.752e-19,2.189e-33,1.797e-18,1.697e+0,2.887e-8,7.118e-19,8.748e-20,2.083e-6,1.351e-19,4.988e+2,1.508e-19,1.754e-26,9.332e-21,3.751e-23,6.430e-21,2.365e-18,1.160e-1,,,1.907e-5,,,1.695e-19,,,1.481e-19,4.653e-18,,1.192e-20,2.700e+2,,1.062e-1,,1.396e-9,9.831e+0,2.286e-6,1.766e-18,1.394e-16,5.567e-5,8.673e-18
340.99,7.276e+2,3.216e-21,5.636e-12,2.274e-46,7.750e-27,3.740e-34,,6.371e-20,1.151e-22,,1.601e-15,1.209e-14,3.247e-30,7.002e-18,7.632e-21,7.597e-34,,2.182e-9,3.030e-26,6.048e-21,4.757e-19,2.184e-33,1.809e-18,1.179e+0,2.377e-8,7.132e-19,8.751e-20,3.581e-6,1.368e-19,4.705e+2,1.506e-19,1.753e-26,9.353e-21,3.752e-23,6.414e-21,2.328e-18,8.948e-2,,,3.597e-5,,,1.695e-19,,,1.481e-19,4.654e-18,,1.192e-20,2.452e+2,,6.224e-2,,5.759e-10,1.057e+1,4.844e-6,1.766e-18,1.393e-16,2.923e-5,8.675e-18
341.01,6.921e+2,3.217e-21,4.670e-12,2.267e-46,1.366e-26,3.753e-34,,6.365e-20,1.150e-22,,1.602e-15,2.237e-14,3.244e-30,7.005e-18,7.663e-21,7.610e-34,,1.802e-9,4.334e-26,6.040e-21,4.761e-19,2.181e-33,1.817e-18,9.171e-1,2.125e-8,7.142e-19,8.753e-20,5.097e-6,1.380e-19,4.519e+2,1.504e-19,1.752e-26,9.367e-21,3.753e-23,6.403e-21,2.302e-18,7.463e-2,,,5.446e-5,,,1.694e-19,,,1.480e-19,4.655e-18,,1.192e-20,2.281e+2,,4.324e-2,,3.165e-10,1.104e+1,7.926e-6,1.767e-18,1.393e-16,1.887e-5,8.675e-18
341.03,6.570e+2,3.219e-21,3.843e-12,2.260e-46,2.392e-26,3.765e-34,,6.358e-20,1.149e-22,,1.602e-15,4.110e-14,3.240e-30,7.009e-18,7.694e-21,7.622e-34,,1.478e-9,6.160e-26,6.033e-21,4.764e-19,2.178e-33,1.825e-18,7.087e-1,1.942e-8,7.151e-19,8.755e-20,7.209e-6,1.391e-19,4.339e+2,1.503e-19,1.751e-26,9.381e-21,3.754e-23,6.391e-21,2.277e-18,6.183e-2,,,8.192e-5,,,1.694e-19,,,1.480e-19,4.656e-18,,1.192e-20,2.107e+2,,2.984e-2,,1.728e-10,1.148e+1,1.289e-5,1.767e-18,1.392e-16,1.210e-5,8.676e-18
341.06,6.059e+2,3.221e-21,2.834e-12,2.249e-46,5.474e-26,3.784e-34,,6.348e-20,1.148e-22,,1.603e-15,1.012e-13,3.235e-30,7.014e-18,7.740e-21,7.641e-34,,1.085e-9,1.031e-25,6.022e-21,4.769e-19,2.173e-33,1.838e-18,4.755e-1,1.796e-8,7.165e-19,8.758e-20,1.198e-5,1.409e-19,4.084e+2,1.501e-19,1.750e-26,9.402e-21,3.755e-23,6.375e-21,2.240e-18,4.605e-2,,,1.493e-4,,,1.694e-19,,,1.480e-19,4.658e-18,,1.192e-20,1.849e+2,,1.689e-2,,6.885e-11,1.210e+1,2.639e-5,1.768e-18,1.392e-16,6.137e-6,8.677e-18
341.08,5.735e+2,3.222e-21,2.294e-12,2.242e-46,9.431e-26,3.796e-34,,6.342e-20,1.147e-22,,1.603e-15,1.829e-13,3.231e-30,7.017e-18,7.770e-21,7.653e-34,,8.751e-10,1.443e-25,6.014e-21,4.772e-19,2.170e-33,1.846e-18,3.614e-1,1.787e-8,7.175e-19,8.760e-20,1.666e-5,1.420e-19,3.926e+2,1.500e-19,1.750e-26,9.416e-21,3.756e-23,6.364e-21,2.215e-18,3.753e-2,,,2.209e-4,,,1.694e-19,,,1.480e-19,4.659e-18,,1.192e-20,1.680e+2,,1.147e-2,,3.697e-11,1.246e+1,4.220e-5,1.768e-18,1.391e-16,3.871e-6,8.678e-18
341.11,5.278e+2,3.224e-21,1.651e-12,2.232e-46,2.107e-25,3.815e-34,,6.332e-20,1.146e-22,,1.604e-15,4.392e-13,3.226e-30,7.022e-18,7.817e-21,7.672e-34,,6.265e-10,2.358e-25,6.003e-21,4.777e-19,2.165e-33,1.858e-18,2.366e-1,1.907e-8,7.189e-19,8.763e-20,2.701e-5,1.438e-19,3.708e+2,1.498e-19,1.749e-26,9.437e-21,3.758e-23,6.347e-21,2.177e-18,2.727e-2,,,3.929e-4,,,1.694e-19,,,1.480e-19,4.660e-18,,1.191e-20,1.438e+2,,6.334e-3,,1.437e-11,1.293e+1,8.432e-5,1.769e-18,1.390e-16,1.915e-6,8.679e-18
341.13,4.996e+2,3.225e-21,1.314e-12,2.225e-46,3.570e-25,3.828e-34,,6.325e-20,1.145e-22,,1.605e-15,7.814e-13,3.222e-30,7.025e-18,7.847e-21,7.685e-34,,4.972e-10,3.247e-25,5.996e-21,4.781e-19,2.162e-33,1.866e-18,1.769e-1,2.081e-8,7.199e-19,8.765e-20,3.697e-5,1.449e-19,3.577e+2,1.497e-19,1.748e-26,9.451e-21,3.759e-23,6.336e-21,2.152e-18,2.186e-2,,,5.720e-4,,,1.694e-19,,,1.479e-19,4.661e-18,,1.191e-20,1.286e+2,,4.229e-3,,7.587e-12,1.318e+1,1.327e-4,1.770e-18,1.390e-16,1.188e-6,8.680e-18
341.16,4.609e+2,3.227e-21,9.225e-13,2.214e-46,7.783e-25,3.846e-34,,6.315e-20,1.144e-22,,1.605e-15,1.831e-12,3.217e-30,7.030e-18,7.893e-21,7.704e-34,,3.472e-10,5.182e-25,5.985e-21,4.786e-19,2.157e-33,1.878e-18,1.129e-1,2.492e-8,7.213e-19,8.768e-20,5.848e-5,1.467e-19,3.400e+2,1.495e-19,1.747e-26,9.471e-21,3.760e-23,6.320e-21,2.114e-18,1.549e-2,,,9.925e-4,,,1.694e-19,,,1.479e-19,4.663e-18,,1.191e-20,1.073e+2,,2.278e-3,,2.876e-12,1.346e+1,2.587e-4,1.770e-18,1.389e-16,5.732e-7,8.681e-18
341.18,4.375e+2,3.229e-21,7.226e-13,2.207e-46,1.298e-24,3.859e-34,,6.309e-20,1.143e-22,,1.606e-15,3.205e-12,3.213e-30,7.034e-18,7.924e-21,7.716e-34,,2.711e-10,7.021e-25,5.977e-21,4.789e-19,2.154e-33,1.886e-18,8.304e-2,2.871e-8,7.223e-19,8.770e-20,7.874e-5,1.478e-19,3.295e+2,1.494e-19,1.746e-26,9.485e-21,3.761e-23,6.309e-21,2.089e-18,1.222e-2,,,1.422e-3,,,1.694e-19,,,1.479e-19,4.664e-18,,1.191e-20,9.440e+1,,1.496e-3,,1.494e-12,1.358e+1,4.005e-4,1.771e-18,1.389e-16,3.497e-7,8.682e-18
341.21,4.060e+2,3.231e-21,4.947e-13,2.196e-46,2.761e-24,3.878e-34,,6.299e-20,1.142e-22,,1.607e-15,7.331e-12,3.208e-30,7.039e-18,7.970e-21,7.735e-34,,1.847e-10,1.094e-24,5.966e-21,4.794e-19,2.149e-33,1.899e-18,5.172e-2,3.613e-8,7.237e-19,8.773e-20,1.215e-4,1.496e-19,3.154e+2,1.492e-19,1.745e-26,9.506e-21,3.762e-23,6.292e-21,2.051e-18,8.448e-3,,,2.407e-3,,,1.694e-19,,,1.479e-19,4.665e-18,,1.191e-20,7.690e+1,,7.863e-4,,5.522e-13,1.364e+1,7.621e-4,1.772e-18,1.388e-16,1.646e-7,8.683e-18
341.23,3.873e+2,3.232e-21,3.812e-13,2.189e-46,4.529e-24,3.890e-34,,6.292e-20,1.141e-22,,1.607e-15,1.262e-11,3.204e-30,7.042e-18,8.001e-21,7.748e-34,,1.418e-10,1.459e-24,5.959e-21,4.797e-19,2.146e-33,1.907e-18,3.741e-2,4.231e-8,7.246e-19,8.775e-20,1.610e-4,1.507e-19,3.071e+2,1.490e-19,1.745e-26,9.520e-21,3.763e-23,6.281e-21,2.026e-18,6.552e-3,,,3.392e-3,,,1.694e-19,,,1.479e-19,4.666e-18,,1.190e-20,6.652e+1,,5.078e-4,,2.821e-13,1.361e+1,1.161e-3,1.772e-18,1.388e-16,9.879e-8,8.684e-18
341.26,3.623e+2,3.234e-21,2.546e-13,2.179e-46,9.402e-24,3.909e-34,,6.282e-20,1.139e-22,,1.608e-15,2.818e-11,3.199e-30,7.047e-18,8.047e-21,7.767e-34,,9.424e-11,2.220e-24,5.948e-21,4.802e-19,2.142e-33,1.919e-18,2.273e-2,5.357e-8,7.261e-19,8.778e-20,2.425e-4,1.525e-19,2.959e+2,1.488e-19,1.744e-26,9.541e-21,3.764e-23,6.264e-21,1.988e-18,4.420e-3,,,5.606e-3,,,1.694e-19,,,1.478e-19,4.668e-18,,1.190e-20,5.286e+1,,2.604e-4,,1.017e-13,1.346e+1,2.155e-3,1.773e-18,1.387e-16,4.536e-8,8.685e-18
341.28,3.475e+2,3.235e-21,1.929e-13,2.172e-46,1.518e-23,3.921e-34,,6.276e-20,1.139e-22,,1.608e-15,4.773e-11,3.195e-30,7.051e-18,8.077e-21,7.779e-34,,7.118e-11,2.913e-24,5.940e-21,4.806e-19,2.138e-33,1.927e-18,1.617e-2,6.248e-8,7.270e-19,8.780e-20,3.160e-4,1.536e-19,2.892e+2,1.487e-19,1.743e-26,9.555e-21,3.765e-23,6.253e-21,1.963e-18,3.372e-3,,,7.772e-3,,,1.694e-19,,,1.478e-19,4.669e-18,,1.190e-20,4.498e+1,,1.654e-4,,5.110e-14,1.329e+1,3.229e-3,1.773e-18,1.387e-16,2.677e-8,8.686e-18
341.31,3.278e+2,3.237e-21,1.257e-13,2.161e-46,3.074e-23,3.940e-34,,6.266e-20,1.137e-22,,1.609e-15,1.040e-10,3.190e-30,7.056e-18,8.123e-21,7.798e-34,,4.615e-11,4.328e-24,5.929e-21,4.811e-19,2.134e-33,1.939e-18,9.587e-3,7.805e-8,7.284e-19,8.783e-20,4.644e-4,1.554e-19,2.799e+2,1.485e-19,1.742e-26,9.575e-21,3.767e-23,6.237e-21,1.926e-18,2.219e-3,,,1.253e-2,,,1.693e-19,,,1.478e-19,4.670e-18,,1.190e-20,3.488e+1,,8.271e-5,,1.797e-14,1.293e+1,5.851e-3,1.774e-18,1.386e-16,1.199e-8,8.687e-18
341.33,3.161e+2,3.239e-21,9.371e-14,2.154e-46,4.882e-23,3.953e-34,,6.259e-20,1.137e-22,,1.610e-15,1.733e-10,3.186e-30,7.059e-18,8.154e-21,7.811e-34,,3.429e-11,5.590e-24,5.922e-21,4.814e-19,2.131e-33,1.947e-18,6.709e-3,8.994e-8,7.294e-19,8.785e-20,5.954e-4,1.566e-19,2.743e+2,1.484e-19,1.741e-26,9.589e-21,3.768e-23,6.226e-21,1.901e-18,1.665e-3,,,1.709e-2,,,1.693e-19,,,1.478e-19,4.671e-18,,1.190e-20,2.919e+1,,5.168e-5,,8.881e-15,1.264e+1,8.626e-3,1.775e-18,1.386e-16,6.961e-9,8.688e-18
341.36,3.006e+2,3.241e-21,5.957e-14,2.143e-46,9.652e-23,3.971e-34,,6.249e-20,1.135e-22,,1.610e-15,3.684e-10,3.181e-30,7.064e-18,8.200e-21,7.829e-34,,2.169e-11,8.110e-24,5.911e-21,4.819e-19,2.126e-33,1.960e-18,3.879e-3,1.101e-7,7.308e-19,8.788e-20,8.538e-4,1.583e-19,2.664e+2,1.482e-19,1.740e-26,9.610e-21,3.769e-23,6.209e-21,1.863e-18,1.069e-3,,,2.690e-2,,,1.693e-19,,,1.477e-19,4.673e-18,,1.189e-20,2.208e+1,,2.521e-5,,3.047e-15,1.213e+1,1.525e-2,1.775e-18,1.385e-16,3.041e-9,8.689e-18
341.38,2.914e+2,3.242e-21,4.368e-14,2.136e-46,1.508e-22,3.984e-34,,6.243e-20,1.134e-22,,1.611e-15,6.041e-10,3.178e-30,7.067e-18,8.231e-21,7.842e-34,,1.585e-11,1.031e-23,5.903e-21,4.822e-19,2.123e-33,1.968e-18,2.670e-3,1.250e-7,7.318e-19,8.790e-20,1.077e-3,1.595e-19,2.614e+2,1.481e-19,1.740e-26,9.624e-21,3.770e-23,6.198e-21,1.838e-18,7.891e-4,,,3.610e-2,,,1.693e-19,,,1.477e-19,4.674e-18,,1.189e-20,1.818e+1,,1.549e-5,,1.481e-15,1.175e+1,2.212e-2,1.776e-18,1.385e-16,1.736e-9,8.690e-18
341.4,2.831e+2,3.243e-21,3.181e-14,2.129e-46,2.341e-22,3.996e-34,,6.236e-20,1.134e-22,,1.611e-15,9.843e-10,3.174e-30,7.071e-18,8.262e-21,7.855e-34,,1.151e-11,1.303e-23,5.896e-21,4.826e-19,2.120e-33,1.976e-18,1.826e-3,1.410e-7,7.327e-19,8.792e-20,1.349e-3,1.606e-19,2.568e+2,1.480e-19,1.739e-26,9.638e-21,3.771e-23,6.187e-21,1.813e-18,5.786e-4,,,4.813e-2,,,1.693e-19,,,1.477e-19,4.675e-18,,1.189e-20,1.487e+1,,9.460e-6,,7.147e-16,1.135e+1,3.187e-2,1.776e-18,1.384e-16,9.849e-10,8.690e-18
341.43,2.720e+2,3.245e-21,1.953e-14,2.118e-46,4.472e-22,4.015e-34,,6.226e-20,1.132e-22,,1.612e-15,2.022e-9,3.169e-30,7.076e-18,8.308e-21,7.873e-34,,7.029e-12,1.828e-23,5.885e-21,4.831e-19,2.115e-33,1.988e-18,1.020e-3,1.670e-7,7.342e-19,8.795e-20,1.870e-3,1.624e-19,2.503e+2,1.478e-19,1.738e-26,9.659e-21,3.772e-23,6.170e-21,1.775e-18,3.588e-4,,,7.319e-2,,,1.693e-19,,,1.477e-19,4.676e-18,,1.189e-20,1.087e+1,,4.457e-6,,2.368e-16,1.070e+1,5.446e-2,1.777e-18,1.384e-16,4.155e-10,8.692e-18
341.45,2.655e+2,3.247e-21,1.400e-14,2.111e-46,6.829e-22,4.028e-34,,6.220e-20,1.131e-22,,1.613e-15,3.241e-9,3.165e-30,7.079e-18,8.338e-21,7.886e-34,,5.020e-12,2.273e-23,5.877e-21,4.834e-19,2.112e-33,1.996e-18,6.860e-4,1.854e-7,7.351e-19,8.796e-20,2.305e-3,1.635e-19,2.463e+2,1.476e-19,1.737e-26,9.673e-21,3.773e-23,6.159e-21,1.750e-18,2.588e-4,,,9.601e-2,,,1.693e-19,,,1.477e-19,4.677e-18,,1.189e-20,8.742e+0,,2.676e-6,,1.124e-16,1.026e+1,7.720e-2,1.777e-18,1.383e-16,2.318e-10,8.692e-18
341.48,2.571e+2,3.249e-21,8.383e-15,2.101e-46,1.273e-21,4.046e-34,,6.210e-20,1.130e-22,,1.613e-15,6.498e-9,3.160e-30,7.084e-18,8.384e-21,7.905e-34,,2.992e-12,3.114e-23,5.866e-21,4.839e-19,2.107e-33,2.008e-18,3.737e-4,2.143e-7,7.365e-19,8.799e-20,3.116e-3,1.653e-19,2.410e+2,1.474e-19,1.736e-26,9.693e-21,3.774e-23,6.143e-21,1.712e-18,1.566e-4,,,1.425e-1,,,1.693e-19,,,1.476e-19,4.679e-18,,1.189e-20,6.231e+0,,1.230e-6,,3.632e-17,9.585e+0,1.287e-1,1.778e-18,1.383e-16,9.541e-11,8.694e-18
341.5,2.523e+2,3.250e-21,5.908e-15,2.094e-46,1.913e-21,4.059e-34,,6.203e-20,1.129e-22,,1.614e-15,1.025e-8,3.156e-30,7.088e-18,8.415e-21,7.917e-34,,2.101e-12,3.812e-23,5.859e-21,4.842e-19,2.104e-33,2.016e-18,2.473e-4,2.341e-7,7.375e-19,8.801e-20,3.779e-3,1.664e-19,2.379e+2,1.473e-19,1.736e-26,9.707e-21,3.775e-23,6.132e-21,1.687e-18,1.111e-4,,,1.839e-1,,,1.693e-19,,,1.476e-19,4.680e-18,,1.188e-20,4.932e+0,,7.265e-7,,1.696e-17,9.137e+0,1.795e-1,1.779e-18,1.382e-16,5.235e-11,8.694e-18
341.53,2.463e+2,3.252e-21,3.452e-15,2.083e-46,3.480e-21,4.078e-34,,6.194e-20,1.128e-22,,1.615e-15,2.005e-8,3.151e-30,7.093e-18,8.461e-21,7.936e-34,,1.222e-12,5.101e-23,5.848e-21,4.847e-19,2.099e-33,2.029e-18,1.314e-4,2.640e-7,7.389e-19,8.804e-20,4.986e-3,1.682e-19,2.339e+2,1.471e-19,1.735e-26,9.728e-21,3.777e-23,6.115e-21,1.649e-18,6.555e-5,,,2.664e-1,,,1.693e-19,,,1.476e-19,4.681e-18,,1.188e-20,3.430e+0,,3.257e-7,,5.346e-18,8.478e+0,2.921e-1,1.779e-18,1.382e-16,2.102e-11,8.695e-18
341.55,2.431e+2,3.253e-21,2.393e-15,2.076e-46,5.145e-21,4.090e-34,,6.187e-20,1.127e-22,,1.615e-15,3.111e-8,3.147e-30,7.096e-18,8.492e-21,7.949e-34,,8.441e-13,6.146e-23,5.840e-21,4.851e-19,2.096e-33,2.037e-18,8.552e-5,2.837e-7,7.399e-19,8.806e-20,5.949e-3,1.693e-19,2.317e+2,1.470e-19,1.734e-26,9.742e-21,3.778e-23,6.104e-21,1.624e-18,4.574e-5,,,3.383e-1,,,1.693e-19,,,1.476e-19,4.682e-18,,1.188e-20,2.670e+0,,1.892e-7,,5.357e-18,8.052e+0,4.008e-1,1.780e-18,1.381e-16,1.134e-11,8.696e-18
341.58,2.394e+2,3.255e-21,1.364e-15,2.065e-46,9.134e-21,4.109e-34,,6.177e-20,1.126e-22,,1.616e-15,5.940e-8,3.142e-30,7.101e-18,8.538e-21,7.968e-34,,4.788e-13,8.032e-23,5.829e-21,4.856e-19,2.091e-33,2.049e-18,4.434e-5,3.122e-7,7.413e-19,8.809e-20,7.658e-3,1.711e-19,2.290e+2,1.468e-19,1.733e-26,9.763e-21,3.779e-23,6.088e-21,1.586e-18,2.634e-5,,,4.782e-1,,,1.692e-19,,,1.476e-19,4.684e-18,,1.188e-20,1.812e+0,,8.275e-8,,5.373e-18,7.438e+0,6.363e-1,1.781e-18,1.381e-16,4.441e-12,8.697e-18
341.6,2.376e+2,3.257e-21,9.302e-16,2.058e-46,1.328e-20,4.121e-34,,6.170e-20,1.125e-22,,1.616e-15,9.068e-8,3.138e-30,7.104e-18,8.568e-21,7.980e-34,,3.254e-13,9.525e-23,5.822e-21,4.859e-19,2.088e-33,2.057e-18,2.838e-5,3.301e-7,7.422e-19,8.811e-20,8.989e-3,1.722e-19,2.277e+2,1.467e-19,1.732e-26,9.777e-21,3.780e-23,6.076e-21,1.561e-18,1.808e-5,,,5.976e-1,,,1.692e-19,,,1.475e-19,4.685e-18,,1.188e-20,1.387e+0,,4.728e-8,,5.385e-18,7.049e+0,8.589e-1,1.781e-18,1.380e-16,2.358e-12,8.698e-18
341.63,2.358e+2,3.259e-21,5.173e-16,2.048e-46,2.302e-20,4.140e-34,,6.161e-20,1.124e-22,,1.617e-15,1.690e-7,3.133e-30,7.109e-18,8.615e-21,7.999e-34,,1.800e-13,1.216e-22,5.810e-21,4.864e-19,2.083e-33,2.069e-18,1.435e-5,3.545e-7,7.437e-19,8.814e-20,1.129e-2,1.740e-19,2.262e+2,1.465e-19,1.731e-26,9.798e-21,3.781e-23,6.060e-21,1.524e-18,1.015e-5,,,8.246e-1,,,1.692e-19,,,1.475e-19,4.686e-18,,1.187e-20,9.182e-1,,2.017e-8,,5.401e-18,6.496e+0,1.331e+0,1.782e-18,1.380e-16,9.005e-13,8.699e-18
341.65,2.352e+2,3.260e-21,3.469e-16,2.041e-46,3.293e-20,4.153e-34,,6.154e-20,1.123e-22,,1.618e-15,2.538e-7,3.129e-30,7.113e-18,8.645e-21,8.012e-34,,1.204e-13,1.419e-22,5.803e-21,4.868e-19,2.080e-33,2.077e-18,9.038e-6,3.687e-7,7.446e-19,8.816e-20,1.304e-2,1.751e-19,2.256e+2,1.464e-19,1.731e-26,9.811e-21,3.782e-23,6.049e-21,1.499e-18,6.856e-6,,,1.014e+0,,,1.692e-19,,,1.475e-19,4.687e-18,,1.187e-20,6.917e-1,,1.134e-8,,5.413e-18,6.148e+0,1.767e+0,1.782e-18,1.379e-16,4.701e-13,8.700e-18
341.68,2.350e+2,3.262e-21,1.882e-16,2.030e-46,5.568e-20,4.171e-34,,6.144e-20,1.122e-22,,1.619e-15,4.614e-7,3.124e-30,7.118e-18,8.691e-21,2.534e-33,,6.497e-14,1.769e-22,5.792e-21,4.873e-19,2.075e-33,2.090e-18,4.459e-6,3.863e-7,7.460e-19,8.819e-20,1.598e-2,1.769e-19,2.248e+2,1.462e-19,1.730e-26,9.832e-21,3.783e-23,6.032e-21,1.461e-18,3.756e-6,,,1.366e+0,,,1.692e-19,,,1.475e-19,4.689e-18,,1.187e-20,4.466e-1,,4.717e-9,,5.429e-18,5.656e+0,2.672e+0,1.783e-18,1.379e-16,1.752e-13,8.701e-18
341.7,2.353e+2,3.263e-21,1.242e-16,2.023e-46,7.838e-20,4.184e-34,,6.138e-20,1.121e-22,,1.619e-15,6.819e-7,3.120e-30,7.121e-18,8.722e-21,5.417e-33,,4.272e-14,2.033e-22,5.785e-21,4.876e-19,2.072e-33,2.098e-18,2.761e-6,3.953e-7,7.470e-19,8.821e-20,1.815e-2,1.780e-19,2.244e+2,1.460e-19,1.729e-26,9.846e-21,3.784e-23,6.021e-21,1.436e-18,2.495e-6,,,1.653e+0,,,1.692e-19,,,1.475e-19,4.690e-18,,1.187e-20,3.309e-1,,2.608e-9,,5.440e-18,5.347e+0,3.491e+0,1.783e-18,1.378e-16,8.995e-14,8.702e-18
341.73,2.362e+2,3.265e-21,6.571e-17,2.012e-46,1.293e-19,4.203e-34,,6.128e-20,1.119e-22,,1.620e-15,1.210e-6,3.115e-30,7.126e-18,8.768e-21,1.672e-32,,2.249e-14,2.475e-22,5.773e-21,4.881e-19,2.068e-33,2.110e-18,1.329e-6,4.041e-7,7.484e-19,8.824e-20,2.171e-2,1.798e-19,2.238e+2,1.459e-19,1.728e-26,9.867e-21,3.786e-23,6.005e-21,1.398e-18,1.334e-6,,,2.173e+0,,,1.692e-19,,,1.474e-19,4.691e-18,,1.187e-20,2.085e-1,,1.058e-9,,5.457e-18,4.909e+0,5.151e+0,1.784e-18,1.378e-16,3.269e-14,8.703e-18
341.75,2.373e+2,3.267e-21,4.264e-17,2.005e-46,1.791e-19,4.215e-34,,6.121e-20,1.119e-22,,1.620e-15,1.759e-6,3.111e-30,7.130e-18,8.799e-21,3.517e-32,,1.455e-14,2.800e-22,5.766e-21,4.884e-19,2.064e-33,2.118e-18,8.096e-7,4.068e-7,7.494e-19,8.826e-20,2.427e-2,1.809e-19,2.233e+2,1.457e-19,1.727e-26,9.881e-21,3.787e-23,5.994e-21,1.373e-18,8.711e-7,,,2.588e+0,,,1.692e-19,,,1.474e-19,4.692e-18,,1.186e-20,1.520e-1,,5.755e-10,,5.468e-18,4.632e+0,6.622e+0,1.785e-18,1.377e-16,1.651e-14,8.704e-18
341.77,2.386e+2,3.268e-21,2.749e-17,1.998e-46,2.465e-19,4.228e-34,,6.115e-20,1.118e-22,,1.621e-15,2.541e-6,3.108e-30,7.133e-18,8.829e-21,7.349e-32,,9.347e-15,3.147e-22,5.759e-21,4.888e-19,2.061e-33,2.126e-18,4.899e-7,4.068e-7,7.503e-19,8.828e-20,2.694e-2,1.821e-19,2.226e+2,1.456e-19,1.727e-26,9.895e-21,3.788e-23,5.983e-21,1.348e-18,5.653e-7,,,3.063e+0,,,1.692e-19,,,1.474e-19,4.693e-18,,1.186e-20,1.100e-1,,3.108e-10,,5.480e-18,4.365e+0,8.457e+0,1.785e-18,1.377e-16,8.284e-15,8.705e-18
341.8,2.413e+2,3.270e-21,1.405e-17,1.987e-46,3.930e-19,4.246e-34,,6.105e-20,1.117e-22,,1.622e-15,4.358e-6,3.102e-30,7.138e-18,8.875e-21,2.193e-31,,4.755e-15,3.707e-22,5.747e-21,4.893e-19,2.057e-33,2.138e-18,2.278e-7,4.018e-7,7.518e-19,8.831e-20,3.114e-2,1.838e-19,2.212e+2,1.454e-19,1.725e-26,9.916e-21,3.789e-23,5.966e-21,1.310e-18,2.919e-7,,,3.896e+0,,,1.692e-19,,,1.474e-19,4.694e-18,,1.186e-20,6.696e-2,,1.219e-10,,5.496e-18,3.982e+0,1.206e+1,1.786e-18,1.376e-16,2.908e-15,8.706e-18
341.82,2.436e+2,3.271e-21,8.911e-18,1.980e-46,5.321e-19,4.259e-34,,6.098e-20,1.116e-22,,1.622e-15,6.193e-6,3.099e-30,7.141e-18,8.906e-21,4.510e-31,,3.005e-15,4.102e-22,5.740e-21,4.896e-19,2.053e-33,2.147e-18,1.356e-7,3.953e-7,7.527e-19,8.833e-20,3.401e-2,1.850e-19,2.201e+2,1.453e-19,1.725e-26,9.930e-21,3.790e-23,5.955e-21,1.285e-18,1.863e-7,,,4.538e+0,,,1.692e-19,,,1.474e-19,4.695e-18,,1.186e-20,4.769e-2,,6.474e-11,,5.507e-18,3.737e+0,1.515e+1,1.786e-18,1.376e-16,1.435e-15,8.707e-18
341.85,2.481e+2,3.273e-21,4.444e-18,1.970e-46,8.279e-19,4.278e-34,,6.088e-20,1.114e-22,,1.623e-15,1.036e-5,3.093e-30,7.146e-18,8.952e-21,1.314e-30,,1.491e-15,4.720e-22,5.729e-21,4.901e-19,2.049e-33,2.159e-18,6.148e-8,3.810e-7,7.541e-19,8.836e-20,3.835e-2,5.817e-19,2.180e+2,1.451e-19,1.724e-26,9.950e-21,3.791e-23,5.938e-21,1.247e-18,9.385e-8,,,5.638e+0,,,1.692e-19,,,1.473e-19,4.697e-18,,1.186e-20,2.832e-2,,2.476e-11,,5.524e-18,3.382e+0,2.108e+1,1.787e-18,1.375e-16,4.912e-16,8.708e-18
341.87,2.521e+2,3.274e-21,2.772e-18,1.963e-46,1.103e-18,4.290e-34,,6.082e-20,1.114e-22,,1.623e-15,1.449e-5,3.090e-30,7.150e-18,8.983e-21,2.658e-30,,9.269e-16,5.141e-22,5.721e-21,4.904e-19,2.046e-33,2.167e-18,3.599e-8,3.687e-7,7.551e-19,8.838e-20,4.121e-2,1.239e-18,2.164e+2,1.450e-19,1.723e-26,9.964e-21,3.792e-23,5.927e-21,1.222e-18,5.893e-8,,,6.466e+0,,,1.691e-19,,,1.473e-19,4.698e-18,,1.186e-20,1.984e-2,,1.294e-11,,5.535e-18,3.155e+0,2.605e+1,1.788e-18,1.375e-16,2.384e-16,8.709e-18
341.9,2.600e+2,3.276e-21,1.348e-18,1.952e-46,1.674e-18,4.309e-34,,6.072e-20,1.112e-22,,1.624e-15,2.367e-5,3.084e-30,7.155e-18,9.029e-21,7.556e-30,,4.487e-16,5.777e-22,5.710e-21,4.909e-19,2.041e-33,2.179e-18,1.592e-8,3.467e-7,7.565e-19,8.841e-20,4.535e-2,3.801e-18,2.139e+2,1.448e-19,1.722e-26,9.985e-21,3.793e-23,5.911e-21,1.185e-18,2.896e-8,,,7.849e+0,,,1.691e-19,,,1.473e-19,4.699e-18,,1.185e-20,1.149e-2,,4.826e-12,,5.552e-18,2.825e+0,3.537e+1,1.788e-18,1.374e-16,7.963e-17,8.710e-18
341.92,2.669e+2,3.278e-21,8.273e-19,1.945e-46,2.194e-18,4.321e-34,,6.065e-20,1.111e-22,,1.625e-15,3.256e-5,3.081e-30,7.158e-18,9.060e-21,1.504e-29,,2.743e-16,6.196e-22,5.703e-21,4.913e-19,2.038e-33,2.187e-18,9.170e-9,3.301e-7,7.575e-19,8.843e-20,4.794e-2,7.964e-18,2.123e+2,1.446e-19,1.721e-26,9.999e-21,3.794e-23,5.900e-21,1.159e-18,1.788e-8,,,8.864e+0,,,1.691e-19,,,1.473e-19,4.700e-18,,1.185e-20,7.919e-3,,2.480e-12,,5.563e-18,2.614e+0,4.301e+1,1.789e-18,1.374e-16,3.801e-17,8.711e-18
341.95,2.801e+2,3.280e-21,3.926e-19,1.934e-46,3.251e-18,4.340e-34,,6.055e-20,1.110e-22,,1.625e-15,5.189e-5,3.076e-30,7.163e-18,9.106e-21,4.174e-29,,1.296e-16,6.800e-22,5.692e-21,4.918e-19,2.033e-33,2.199e-18,3.958e-9,3.029e-7,7.589e-19,8.846e-20,5.148e-2,2.386e-17,2.102e+2,1.445e-19,1.720e-26,1.002e-20,3.796e-23,5.883e-21,1.122e-18,8.573e-9,,,1.052e+1,,,1.691e-19,,,1.472e-19,4.702e-18,,1.185e-20,4.475e-3,,9.026e-13,,5.580e-18,2.311e+0,5.699e+1,1.790e-18,1.373e-16,1.238e-17,8.712e-18
341.97,2.913e+2,3.281e-21,2.369e-19,1.927e-46,4.192e-18,4.353e-34,,6.049e-20,1.109e-22,,1.626e-15,7.023e-5,3.072e-30,7.166e-18,9.136e-21,8.176e-29,,7.792e-17,7.179e-22,5.684e-21,4.921e-19,2.030e-33,2.207e-18,2.242e-9,2.837e-7,7.598e-19,8.848e-20,5.354e-2,4.918e-17,2.092e+2,1.443e-19,1.720e-26,1.003e-20,3.797e-23,5.872e-21,1.097e-18,5.208e-9,,,1.170e+1,,,1.691e-19,,,1.472e-19,4.703e-18,,1.185e-20,3.034e-3,,4.562e-13,,5.591e-18,2.118e+0,6.818e+1,1.790e-18,1.373e-16,5.814e-18,8.712e-18
342,3.123e+2,3.283e-21,1.097e-19,1.917e-46,6.062e-18,4.371e-34,,6.039e-20,1.108e-22,,1.627e-15,1.092e-4,3.067e-30,7.172e-18,9.182e-21,2.214e-28,,3.590e-17,7.697e-22,5.673e-21,4.926e-19,2.025e-33,2.220e-18,9.438e-10,2.540e-7,7.613e-19,8.851e-20,5.610e-2,1.438e-16,2.087e+2,1.441e-19,1.719e-26,1.005e-20,3.798e-23,5.855e-21,1.059e-18,2.435e-9,,,1.358e+1,,,1.691e-19,,,1.472e-19,4.704e-18,,1.185e-20,1.672e-3,,1.620e-13,,5.608e-18,1.845e+0,8.815e+1,1.791e-18,1.372e-16,1.847e-18,8.714e-18
342.02,3.296e+2,3.284e-21,6.512e-20,1.910e-46,7.689e-18,4.384e-34,,6.032e-20,1.107e-22,,1.627e-15,1.454e-4,3.063e-30,7.175e-18,9.213e-21,4.268e-28,,2.124e-17,7.999e-22,5.666e-21,4.929e-19,2.022e-33,2.228e-18,5.258e-10,2.340e-7,7.622e-19,8.853e-20,5.740e-2,2.917e-16,2.092e+2,1.440e-19,1.718e-26,1.007e-20,3.799e-23,5.844e-21,1.034e-18,1.455e-9,,,1.488e+1,,,1.691e-19,,,1.472e-19,4.705e-18,,1.184e-20,1.115e-3,,8.052e-14,,5.619e-18,1.674e+0,1.038e+2,1.791e-18,1.371e-16,8.532e-19,8.714e-18
342.05,3.609e+2,3.286e-21,2.941e-20,1.899e-46,1.085e-17,4.402e-34,,6.022e-20,1.106e-22,,1.628e-15,2.208e-4,3.058e-30,7.180e-18,9.259e-21,1.128e-27,,9.547e-18,8.376e-22,5.655e-21,4.934e-19,2.017e-33,2.240e-18,2.160e-10,2.045e-7,7.637e-19,8.856e-20,5.869e-2,8.325e-16,2.116e+2,1.438e-19,1.717e-26,1.009e-20,3.800e-23,5.828e-21,9.962e-19,6.639e-10,,,1.690e+1,,,1.691e-19,,,1.472e-19,4.707e-18,,1.184e-20,5.998e-4,,2.788e-14,,5.636e-18,1.437e+0,1.309e+2,1.792e-18,1.371e-16,8.517e-19,8.716e-18
342.07,3.856e+2,3.288e-21,1.717e-20,1.892e-46,1.354e-17,4.415e-34,,6.016e-20,1.105e-22,,1.628e-15,2.892e-4,3.054e-30,7.183e-18,9.290e-21,2.140e-27,,5.559e-18,8.570e-22,5.647e-21,4.938e-19,2.014e-33,2.248e-18,1.183e-10,1.853e-7,7.646e-19,8.858e-20,5.909e-2,1.661e-15,2.144e+2,1.437e-19,1.716e-26,1.010e-20,3.801e-23,5.817e-21,9.710e-19,3.902e-10,,,1.827e+1,,,1.691e-19,,,1.471e-19,4.708e-18,,1.184e-20,3.934e-4,,1.364e-14,,5.647e-18,1.292e+0,1.516e+2,1.792e-18,1.370e-16,8.508e-19,8.716e-18
342.1,4.290e+2,3.290e-21,7.567e-21,1.881e-46,1.865e-17,4.434e-34,,6.006e-20,1.104e-22,,1.629e-15,4.285e-4,3.049e-30,7.188e-18,9.336e-21,5.521e-27,,2.448e-18,8.765e-22,5.636e-21,4.943e-19,2.009e-33,2.260e-18,4.741e-11,1.580e-7,7.660e-19,8.861e-20,5.896e-2,4.629e-15,2.209e+2,1.435e-19,1.715e-26,1.012e-20,3.802e-23,5.800e-21,9.334e-19,1.737e-10,,,2.031e+1,,,1.691e-19,,,1.471e-19,4.709e-18,,1.184e-20,2.064e-4,,4.605e-15,,5.664e-18,1.095e+0,1.866e+2,1.793e-18,1.370e-16,8.493e-19,8.717e-18
342.12,4.622e+2,3.291e-21,4.346e-21,1.874e-46,2.289e-17,4.446e-34,,5.999e-20,1.103e-22,,1.630e-15,5.522e-4,3.045e-30,7.192e-18,9.367e-21,1.030e-26,,1.418e-18,8.828e-22,5.629e-21,4.946e-19,2.006e-33,2.268e-18,2.556e-11,1.409e-7,7.670e-19,8.863e-20,5.841e-2,9.090e-15,2.269e+2,1.434e-19,1.715e-26,1.014e-20,3.803e-23,5.789e-21,9.082e-19,1.004e-10,,,2.166e+1,,,1.691e-19,,,1.471e-19,4.710e-18,,1.184e-20,1.332e-4,,2.215e-15,,5.675e-18,9.795e-1,2.126e+2,1.794e-18,1.369e-16,8.484e-19,8.718e-18
342.15,5.185e+2,3.293e-21,1.868e-21,1.863e-46,3.077e-17,4.465e-34,,5.989e-20,1.102e-22,,1.630e-15,7.983e-4,3.040e-30,7.197e-18,9.413e-21,2.595e-26,,6.560e-19,8.820e-22,5.618e-21,4.951e-19,2.002e-33,2.281e-18,9.990e-12,1.172e-7,7.684e-19,8.866e-20,5.689e-2,2.472e-14,2.385e+2,1.432e-19,1.714e-26,1.016e-20,3.805e-23,5.773e-21,8.705e-19,4.360e-11,,,2.361e+1,,,1.690e-19,,,1.471e-19,4.712e-18,,1.183e-20,6.818e-5,,7.299e-16,,5.692e-18,8.291e-1,2.555e+2,1.794e-18,1.369e-16,8.469e-19,8.719e-18
342.17,5.601e+2,3.294e-21,1.055e-21,1.856e-46,3.716e-17,4.477e-34,,5.983e-20,1.101e-22,,1.631e-15,1.012e-3,3.036e-30,7.200e-18,9.443e-21,4.765e-26,,4.442e-19,8.745e-22,5.610e-21,4.954e-19,1.998e-33,2.289e-18,5.298e-12,1.028e-7,7.694e-19,8.868e-20,5.545e-2,4.776e-14,2.481e+2,1.431e-19,1.713e-26,1.017e-20,3.806e-23,5.762e-21,8.454e-19,2.479e-11,,,2.484e+1,,,1.690e-19,,,1.471e-19,4.713e-18,,1.183e-20,4.327e-5,,3.453e-16,,5.703e-18,7.451e-1,2.863e+2,1.795e-18,1.368e-16,8.460e-19,8.720e-18
342.19,6.049e+2,3.296e-21,5.922e-22,1.849e-46,4.460e-17,4.490e-34,,5.976e-20,1.100e-22,,1.631e-15,1.276e-3,3.033e-30,7.203e-18,9.474e-21,8.693e-26,,3.832e-19,8.617e-22,5.603e-21,4.958e-19,1.995e-33,2.297e-18,2.794e-12,8.956e-8,7.703e-19,8.870e-20,5.371e-2,9.171e-14,2.593e+2,1.429e-19,1.712e-26,1.019e-20,3.807e-23,5.750e-21,8.203e-19,1.401e-11,,,2.601e+1,,,1.690e-19,,,1.470e-19,4.714e-18,,1.183e-20,2.728e-5,,1.623e-16,,5.714e-18,6.745e-1,3.189e+2,1.795e-18,1.368e-16,8.450e-19,8.721e-18
342.22,6.775e+2,3.298e-21,2.459e-22,1.839e-46,5.792e-17,4.509e-34,,5.966e-20,1.099e-22,,1.632e-15,1.782e-3,3.027e-30,7.208e-18,9.520e-21,2.116e-25,,5.444e-19,8.330e-22,5.592e-21,4.963e-19,1.991e-33,2.309e-18,1.068e-12,7.197e-8,7.717e-19,8.873e-20,5.060e-2,2.410e-13,2.790e+2,1.427e-19,1.711e-26,1.021e-20,3.808e-23,5.734e-21,7.826e-19,5.874e-12,,,2.763e+1,,,1.690e-19,,,1.470e-19,4.715e-18,,1.183e-20,1.349e-5,,5.164e-17,,5.731e-18,5.948e-1,3.702e+2,1.796e-18,1.367e-16,8.436e-19,8.722e-18
342.24,7.288e+2,3.299e-21,1.357e-22,1.832e-46,6.839e-17,4.521e-34,,5.960e-20,1.098e-22,,1.633e-15,2.209e-3,3.024e-30,7.212e-18,9.551e-21,3.799e-25,,8.700e-19,8.080e-22,5.584e-21,4.966e-19,1.987e-33,2.317e-18,5.754e-13,6.170e-8,7.727e-19,8.875e-20,4.825e-2,4.554e-13,2.940e+2,1.426e-19,1.711e-26,1.022e-20,3.809e-23,5.723e-21,7.575e-19,3.264e-12,,,2.859e+1,,,1.690e-19,,,1.470e-19,4.716e-18,,1.183e-20,8.368e-6,,2.387e-17,,5.742e-18,5.598e-1,4.056e+2,1.797e-18,1.367e-16,8.426e-19,8.723e-18
342.27,8.092e+2,3.301e-21,5.498e-23,1.821e-46,8.667e-17,4.540e-34,,5.950e-20,1.097e-22,,1.633e-15,3.011e-3,3.018e-30,7.217e-18,9.597e-21,9.026e-25,,1.946e-18,7.629e-22,5.573e-21,4.971e-19,1.983e-33,2.329e-18,2.849e-13,4.838e-8,7.741e-19,8.878e-20,4.443e-2,1.168e-12,3.193e+2,1.424e-19,1.710e-26,1.024e-20,3.810e-23,5.706e-21,7.198e-19,1.335e-12,,,2.985e+1,,,1.690e-19,,,1.470e-19,4.718e-18,,1.182e-20,4.037e-6,,2.371e-17,,5.759e-18,5.356e-1,4.595e+2,1.797e-18,1.366e-16,8.412e-19,8.724e-18
342.29,8.642e+2,3.302e-21,2.985e-23,1.814e-46,1.007e-16,4.552e-34,,5.943e-20,1.096e-22,,1.634e-15,3.673e-3,3.015e-30,7.220e-18,9.627e-21,1.594e-24,,3.372e-18,7.285e-22,5.566e-21,4.975e-19,1.980e-33,2.338e-18,2.684e-13,4.080e-8,7.751e-19,8.880e-20,4.175e-2,2.172e-12,3.378e+2,1.423e-19,1.709e-26,1.026e-20,3.811e-23,5.695e-21,6.947e-19,7.300e-13,,,3.055e+1,,,1.690e-19,,,1.470e-19,4.719e-18,,1.182e-20,2.463e-6,,2.360e-17,,5.770e-18,5.394e-1,4.953e+2,1.798e-18,1.366e-16,8.402e-19,8.725e-18
342.32,9.474e+2,3.304e-21,1.180e-23,1.803e-46,1.245e-16,4.571e-34,,5.934e-20,1.094e-22,,1.635e-15,4.886e-3,3.009e-30,7.225e-18,9.673e-21,3.698e-24,,7.655e-18,6.719e-22,5.555e-21,4.980e-19,1.975e-33,2.350e-18,4.931e-13,3.122e-8,7.765e-19,8.883e-20,3.763e-2,5.439e-12,3.679e+2,1.421e-19,1.708e-26,1.028e-20,3.812e-23,5.679e-21,6.570e-19,2.913e-13,,,3.139e+1,,,1.690e-19,,,1.469e-19,4.720e-18,,1.182e-20,1.159e-6,,2.344e-17,,5.787e-18,5.767e-1,5.475e+2,1.799e-18,1.365e-16,8.388e-19,8.726e-18
342.34,1.002e+3,3.306e-21,6.300e-24,1.796e-46,1.423e-16,4.584e-34,,5.927e-20,1.094e-22,,1.635e-15,5.863e-3,3.006e-30,7.229e-18,9.704e-21,6.426e-24,,1.313e-17,6.316e-22,5.547e-21,4.983e-19,1.972e-33,2.358e-18,9.066e-13,2.590e-8,7.775e-19,8.885e-20,3.489e-2,9.949e-12,3.892e+2,1.420e-19,1.707e-26,1.029e-20,3.813e-23,5.668e-21,6.319e-19,1.566e-13,,,3.181e+1,,,1.690e-19,,,1.469e-19,4.721e-18,,1.182e-20,6.956e-7,,2.334e-17,,5.798e-18,6.238e-1,5.806e+2,1.799e-18,1.365e-16,8.378e-19,8.727e-18
342.37,1.082e+3,3.308e-21,2.429e-24,1.786e-46,1.718e-16,4.602e-34,,5.917e-20,1.092e-22,,1.636e-15,7.613e-3,3.000e-30,7.234e-18,9.750e-21,1.455e-23,,2.915e-17,5.689e-22,5.536e-21,4.988e-19,1.967e-33,2.370e-18,2.390e-12,1.933e-8,7.789e-19,8.888e-20,3.087e-2,2.432e-11,4.225e+2,1.418e-19,1.706e-26,1.031e-20,3.815e-23,5.651e-21,5.942e-19,6.099e-14,,,3.222e+1,,,1.690e-19,,,1.469e-19,4.723e-18,,1.182e-20,3.194e-7,,2.317e-17,,5.814e-18,7.303e-1,6.264e+2,1.800e-18,1.364e-16,8.364e-19,8.728e-18
342.39,1.132e+3,3.309e-21,1.276e-24,1.778e-46,1.931e-16,4.615e-34,,5.911e-20,1.091e-22,,1.636e-15,8.987e-3,2.997e-30,7.237e-18,9.781e-21,2.488e-23,,4.922e-17,5.265e-22,5.529e-21,4.991e-19,1.964e-33,2.378e-18,4.571e-12,1.578e-8,7.798e-19,8.890e-20,2.832e-2,4.377e-11,4.454e+2,1.417e-19,1.706e-26,1.033e-20,3.816e-23,5.640e-21,5.691e-19,3.226e-14,,,3.235e+1,,,1.690e-19,,,1.469e-19,4.724e-18,,1.182e-20,1.886e-7,,2.307e-17,,5.826e-18,8.264e-1,6.535e+2,1.800e-18,1.364e-16,8.354e-19,8.729e-18
342.42,1.201e+3,3.311e-21,4.798e-25,1.768e-46,2.275e-16,4.634e-34,,5.901e-20,1.090e-22,,1.637e-15,1.139e-2,2.991e-30,7.242e-18,9.827e-21,5.497e-23,,1.067e-16,4.632e-22,5.518e-21,4.996e-19,1.959e-33,2.390e-18,1.198e-11,1.150e-8,7.813e-19,8.893e-20,2.474e-2,1.044e-10,4.801e+2,1.415e-19,1.705e-26,1.035e-20,3.817e-23,5.623e-21,5.314e-19,1.225e-14,,,3.233e+1,,,1.689e-19,,,1.469e-19,4.725e-18,,1.181e-20,8.446e-8,,2.291e-17,,5.842e-18,1.011e+0,6.879e+2,1.801e-18,1.363e-16,8.340e-19,8.730e-18
342.44,1.243e+3,3.312e-21,2.479e-25,1.761e-46,2.516e-16,4.646e-34,,5.894e-20,1.089e-22,,1.638e-15,1.323e-2,2.988e-30,7.245e-18,9.858e-21,9.249e-23,,1.772e-16,4.219e-22,5.510e-21,5.000e-19,1.956e-33,2.399e-18,2.259e-11,9.230e-9,7.822e-19,8.895e-20,2.256e-2,1.849e-10,5.031e+2,1.413e-19,1.704e-26,1.036e-20,3.818e-23,5.612e-21,5.063e-19,6.373e-15,,,3.218e+1,,,1.689e-19,,,1.468e-19,4.726e-18,,1.181e-20,4.904e-8,,2.280e-17,,5.854e-18,1.162e+0,7.061e+2,1.801e-18,1.363e-16,8.330e-19,8.731e-18
342.47,1.295e+3,3.314e-21,9.096e-26,1.750e-46,2.892e-16,4.665e-34,,5.884e-20,1.088e-22,,1.638e-15,1.636e-2,2.983e-30,7.250e-18,9.904e-21,1.995e-22,,3.749e-16,3.625e-22,5.499e-21,5.005e-19,1.951e-33,2.411e-18,5.785e-11,6.560e-9,7.836e-19,8.898e-20,1.965e-2,4.307e-10,5.365e+2,1.411e-19,1.703e-26,1.038e-20,3.819e-23,5.596e-21,4.686e-19,2.362e-15,,,3.176e+1,,,1.689e-19,,,1.468e-19,4.728e-18,,1.181e-20,2.143e-8,,2.264e-17,,5.870e-18,1.432e+0,7.254e+2,1.802e-18,1.362e-16,8.316e-19,8.732e-18
342.49,1.323e+3,3.316e-21,4.623e-26,1.743e-46,3.148e-16,4.677e-34,,5.878e-20,1.087e-22,,1.639e-15,1.869e-2,2.979e-30,7.254e-18,9.934e-21,3.303e-22,,6.129e-16,3.251e-22,5.492e-21,5.008e-19,1.948e-33,2.419e-18,1.074e-10,5.182e-9,7.846e-19,8.900e-20,1.796e-2,7.506e-10,5.577e+2,1.410e-19,1.702e-26,1.039e-20,3.820e-23,5.585e-21,4.435e-19,1.208e-15,,,3.135e+1,,,1.689e-19,,,1.468e-19,4.729e-18,,1.181e-20,1.224e-8,,2.253e-17,,5.881e-18,1.643e+0,7.325e+2,1.803e-18,1.362e-16,8.306e-19,8.733e-18
342.52,1.354e+3,3.318e-21,1.655e-26,1.732e-46,3.531e-16,4.696e-34,,5.868e-20,1.086e-22,,1.640e-15,2.255e-2,2.974e-30,7.259e-18,9.980e-21,6.952e-22,,1.265e-15,2.728e-22,5.481e-21,5.013e-19,1.943e-33,2.431e-18,2.687e-10,3.593e-9,7.860e-19,8.903e-20,1.582e-2,1.706e-9,5.870e+2,1.408e-19,1.701e-26,1.042e-20,3.821e-23,5.568e-21,1.395e-18,4.369e-16,,,3.056e+1,,,1.689e-19,,,1.468e-19,4.730e-18,,1.181e-20,5.220e-9,,2.237e-17,,5.898e-18,2.003e+0,7.343e+2,1.803e-18,1.361e-16,8.292e-19,8.734e-18
342.54,1.366e+3,3.319e-21,8.273e-27,1.725e-46,3.781e-16,4.709e-34,,5.861e-20,1.085e-22,,1.640e-15,2.536e-2,2.970e-30,7.262e-18,1.001e-20,1.133e-21,,2.035e-15,2.408e-22,5.473e-21,5.016e-19,1.940e-33,2.439e-18,4.913e-10,2.792e-9,7.870e-19,8.905e-20,1.466e-2,2.925e-9,6.044e+2,1.407e-19,1.701e-26,1.043e-20,3.822e-23,5.557e-21,2.971e-18,2.199e-16,,,2.992e+1,,,1.689e-19,,,1.468e-19,4.731e-18,,1.180e-20,2.933e-9,,2.226e-17,,5.909e-18,2.273e+0,7.295e+2,1.804e-18,1.361e-16,8.282e-19,8.735e-18
342.56,1.372e+3,3.320e-21,4.109e-27,1.718e-46,4.022e-16,4.721e-34,,5.855e-20,1.084e-22,,1.641e-15,2.832e-2,2.966e-30,7.266e-18,1.004e-20,1.833e-21,,3.253e-15,2.113e-22,5.466e-21,5.020e-19,1.937e-33,2.447e-18,8.926e-10,2.156e-9,7.879e-19,8.907e-20,1.370e-2,4.984e-9,6.199e+2,1.406e-19,1.700e-26,1.044e-20,3.823e-23,5.546e-21,6.285e-18,1.099e-16,,,2.920e+1,,,1.689e-19,,,1.467e-19,4.732e-18,,1.180e-20,1.637e-9,,2.215e-17,,5.921e-18,2.566e+0,7.201e+2,1.804e-18,1.360e-16,8.273e-19,8.735e-18
342.59,1.367e+3,3.322e-21,1.420e-27,1.708e-46,4.360e-16,4.740e-34,,5.845e-20,1.083e-22,,1.641e-15,3.303e-2,2.961e-30,7.271e-18,1.009e-20,3.730e-21,,6.492e-15,1.715e-22,5.455e-21,5.025e-19,1.932e-33,2.459e-18,2.160e-9,1.444e-9,7.893e-19,8.910e-20,1.263e-2,1.095e-8,6.386e+2,1.404e-19,1.699e-26,1.046e-20,3.825e-23,5.529e-21,1.911e-17,3.839e-17,,,2.797e+1,,,1.689e-19,,,1.467e-19,4.734e-18,,1.180e-20,6.742e-10,,2.199e-17,,5.937e-18,3.044e+0,6.975e+2,1.805e-18,1.360e-16,8.258e-19,8.736e-18
342.61,1.356e+3,3.323e-21,6.939e-28,1.701e-46,4.563e-16,4.752e-34,,5.838e-20,1.082e-22,,1.642e-15,3.630e-2,2.957e-30,7.274e-18,1.012e-20,5.941e-21,,1.021e-14,1.481e-22,5.447e-21,5.028e-19,1.929e-33,2.468e-18,3.864e-9,1.097e-9,7.903e-19,8.912e-20,1.214e-2,1.836e-8,6.478e+2,1.403e-19,1.698e-26,1.048e-20,3.826e-23,5.518e-21,3.980e-17,1.888e-17,,,2.706e+1,,,1.689e-19,,,1.467e-19,4.735e-18,,1.180e-20,3.701e-10,,2.188e-17,,5.948e-18,3.385e+0,6.774e+2,1.806e-18,1.359e-16,8.249e-19,8.737e-18
342.64,1.326e+3,3.325e-21,2.340e-28,1.690e-46,4.827e-16,4.771e-34,,5.828e-20,1.081e-22,,1.643e-15,4.131e-2,2.952e-30,7.279e-18,1.016e-20,1.180e-20,,1.989e-14,1.174e-22,5.436e-21,5.033e-19,1.924e-33,2.480e-18,9.135e-9,7.171e-10,7.917e-19,8.915e-20,1.170e-2,3.937e-8,6.561e+2,1.401e-19,1.697e-26,1.050e-20,3.827e-23,5.502e-21,1.181e-16,6.431e-18,,,2.557e+1,,,1.689e-19,,,1.467e-19,4.736e-18,,1.180e-20,1.487e-10,,2.172e-17,,5.965e-18,3.925e+0,6.403e+2,1.806e-18,1.359e-16,8.234e-19,8.738e-18
342.66,1.298e+3,3.327e-21,1.125e-28,1.683e-46,4.971e-16,4.784e-34,,5.822e-20,1.080e-22,,1.643e-15,4.467e-2,2.949e-30,7.282e-18,1.020e-20,1.849e-20,,3.077e-14,9.979e-23,5.429e-21,5.036e-19,1.921e-33,2.488e-18,1.608e-8,5.358e-10,7.927e-19,8.917e-20,1.158e-2,6.495e-8,6.577e+2,1.399e-19,1.696e-26,1.051e-20,3.828e-23,5.491e-21,2.420e-16,3.111e-18,,,2.451e+1,,,1.689e-19,,,1.467e-19,4.737e-18,,1.180e-20,8.032e-11,,2.161e-17,,5.976e-18,4.297e+0,6.117e+2,1.807e-18,1.358e-16,8.225e-19,8.739e-18
342.69,1.246e+3,3.329e-21,3.700e-29,1.672e-46,5.131e-16,4.802e-34,,5.812e-20,1.079e-22,,1.644e-15,4.961e-2,2.943e-30,7.287e-18,1.024e-20,3.584e-20,,5.850e-14,7.727e-23,5.417e-21,5.041e-19,1.917e-33,2.500e-18,3.714e-8,3.418e-10,7.941e-19,8.919e-20,1.162e-2,1.360e-7,6.542e+2,1.397e-19,1.695e-26,1.053e-20,3.829e-23,5.474e-21,7.013e-16,1.034e-18,,,2.284e+1,,,1.689e-19,,,1.466e-19,4.739e-18,,1.179e-20,3.149e-11,,2.145e-17,,5.993e-18,4.865e+0,5.643e+2,1.807e-18,1.358e-16,8.210e-19,8.740e-18
342.71,1.205e+3,3.330e-21,1.749e-29,1.665e-46,5.198e-16,4.815e-34,,5.805e-20,1.078e-22,,1.644e-15,5.277e-2,2.940e-30,7.291e-18,1.027e-20,5.527e-20,,8.907e-14,6.464e-23,5.410e-21,5.045e-19,1.913e-33,2.508e-18,6.437e-8,2.512e-10,7.951e-19,8.921e-20,1.175e-2,2.207e-7,6.477e+2,1.396e-19,1.695e-26,1.055e-20,3.830e-23,5.463e-21,1.414e-15,4.919e-19,,,2.167e+1,,,1.688e-19,,,1.466e-19,4.740e-18,,1.179e-20,1.673e-11,,2.135e-17,,6.004e-18,5.242e+0,5.304e+2,1.808e-18,1.357e-16,8.201e-19,8.741e-18
342.74,1.135e+3,3.332e-21,5.613e-30,1.655e-46,5.236e-16,4.834e-34,,5.795e-20,1.077e-22,,1.645e-15,5.720e-2,2.934e-30,7.296e-18,1.032e-20,1.046e-19,,1.653e-13,4.888e-23,5.399e-21,5.050e-19,1.909e-33,2.520e-18,1.452e-7,1.563e-10,7.965e-19,8.924e-20,1.207e-2,4.509e-7,6.320e+2,1.394e-19,1.694e-26,1.057e-20,3.831e-23,5.447e-21,4.000e-15,1.595e-19,,,1.987e+1,,,1.688e-19,,,1.466e-19,4.741e-18,,1.179e-20,6.397e-12,,2.118e-17,,6.021e-18,5.793e+0,4.774e+2,1.809e-18,1.356e-16,8.186e-19,8.742e-18
342.76,1.084e+3,3.333e-21,2.610e-30,1.647e-46,5.219e-16,4.846e-34,,5.789e-20,1.076e-22,,1.646e-15,5.987e-2,2.931e-30,7.299e-18,1.035e-20,1.587e-19,,2.476e-13,4.025e-23,5.392e-21,5.053e-19,1.906e-33,2.529e-18,2.477e-7,1.130e-10,7.974e-19,8.926e-20,1.233e-2,7.202e-7,6.177e+2,1.393e-19,1.693e-26,1.058e-20,3.832e-23,5.436e-21,7.936e-15,7.464e-20,,,1.865e+1,,,1.688e-19,,,1.466e-19,4.742e-18,,1.179e-20,3.343e-12,,2.108e-17,,6.032e-18,6.142e+0,4.415e+2,1.809e-18,1.356e-16,8.177e-19,8.743e-18
342.79,1.002e+3,3.335e-21,8.171e-31,1.637e-46,5.131e-16,4.865e-34,,5.779e-20,1.074e-22,,1.646e-15,6.332e-2,2.925e-30,7.304e-18,1.039e-20,2.930e-19,,4.485e-13,2.972e-23,5.380e-21,5.058e-19,1.901e-33,2.541e-18,5.456e-7,6.866e-11,7.989e-19,8.929e-20,1.274e-2,1.436e-6,5.909e+2,1.391e-19,1.692e-26,1.060e-20,3.834e-23,5.419e-21,2.191e-14,2.361e-20,,,1.681e+1,,,1.688e-19,,,1.465e-19,4.743e-18,,1.179e-20,1.247e-12,,2.091e-17,,6.049e-18,6.624e+0,3.878e+2,1.810e-18,1.355e-16,8.162e-19,8.744e-18
342.81,9.452e+2,3.337e-21,8.737e-31,1.630e-46,5.032e-16,4.877e-34,,5.772e-20,1.074e-22,,1.647e-15,6.520e-2,2.922e-30,7.308e-18,1.043e-20,4.375e-19,,6.611e-13,2.409e-23,5.373e-21,5.061e-19,1.898e-33,2.549e-18,9.164e-7,4.883e-11,7.998e-19,8.931e-20,1.301e-2,2.257e-6,5.698e+2,1.390e-19,1.691e-26,1.062e-20,3.835e-23,5.408e-21,4.278e-14,1.087e-20,,,1.559e+1,,,1.688e-19,,,1.465e-19,4.744e-18,,1.178e-20,6.411e-13,,2.081e-17,,6.060e-18,6.910e+0,3.528e+2,1.810e-18,1.355e-16,8.153e-19,8.745e-18
342.84,8.575e+2,3.339e-21,9.587e-31,1.619e-46,4.827e-16,4.896e-34,,5.762e-20,1.072e-22,,1.648e-15,6.731e-2,2.916e-30,7.313e-18,1.047e-20,7.885e-19,,1.169e-12,1.737e-23,5.362e-21,5.066e-19,1.893e-33,2.561e-18,1.971e-6,2.894e-11,8.012e-19,8.934e-20,1.336e-2,4.394e-6,5.340e+2,1.388e-19,1.690e-26,1.064e-20,3.836e-23,5.391e-21,1.153e-13,1.102e-20,,,1.380e+1,,,1.688e-19,,,1.465e-19,4.746e-18,,1.178e-20,2.334e-13,,2.065e-17,,6.077e-18,7.273e+0,3.024e+2,1.811e-18,1.354e-16,8.138e-19,8.746e-18
342.86,7.987e+2,3.340e-21,1.015e-30,1.612e-46,4.657e-16,4.909e-34,,5.756e-20,1.071e-22,,1.648e-15,6.819e-2,2.913e-30,7.316e-18,1.050e-20,1.158e-18,,1.695e-12,1.385e-23,5.354e-21,5.070e-19,1.890e-33,2.569e-18,3.259e-6,2.025e-11,8.022e-19,8.936e-20,1.354e-2,6.795e-6,5.078e+2,1.387e-19,1.690e-26,1.065e-20,3.837e-23,5.380e-21,2.215e-13,1.113e-20,,,1.264e+1,,,1.688e-19,,,1.465e-19,4.747e-18,,1.178e-20,1.180e-13,,2.054e-17,,6.088e-18,7.465e+0,2.707e+2,1.812e-18,1.354e-16,8.129e-19,8.747e-18
342.89,7.111e+2,3.342e-21,1.100e-30,1.601e-46,4.360e-16,4.927e-34,,5.746e-20,1.070e-22,,1.649e-15,6.869e-2,2.907e-30,7.321e-18,1.055e-20,2.038e-18,,2.925e-12,9.754e-24,5.343e-21,5.075e-19,1.885e-33,2.581e-18,6.848e-6,1.171e-11,8.036e-19,8.939e-20,1.370e-2,1.291e-5,4.660e+2,1.385e-19,1.689e-26,1.067e-20,3.838e-23,5.364e-21,5.829e-13,1.128e-20,,,1.097e+1,,,1.688e-19,,,1.465e-19,4.748e-18,,1.178e-20,4.190e-14,,2.038e-17,,6.105e-18,7.668e+0,2.264e+2,1.812e-18,1.353e-16,8.114e-19,8.748e-18
342.91,6.540e+2,3.343e-21,1.157e-30,1.594e-46,4.138e-16,4.940e-34,,5.739e-20,1.069e-22,,1.649e-15,6.847e-2,2.904e-30,7.324e-18,1.058e-20,2.946e-18,,4.175e-12,7.658e-24,5.336e-21,5.078e-19,1.882e-33,2.590e-18,1.114e-5,8.060e-12,8.046e-19,8.941e-20,1.372e-2,1.965e-5,4.369e+2,1.383e-19,1.688e-26,1.069e-20,3.839e-23,5.353e-21,1.102e-12,1.139e-20,,,9.914e+0,,,1.688e-19,,,1.464e-19,4.749e-18,,1.178e-20,2.084e-14,,2.027e-17,,6.116e-18,7.743e+0,1.994e+2,1.813e-18,1.353e-16,8.105e-19,8.749e-18
342.93,5.985e+2,3.345e-21,1.213e-30,1.587e-46,3.903e-16,4.952e-34,,5.733e-20,1.068e-22,,1.650e-15,6.780e-2,2.900e-30,7.328e-18,1.061e-20,4.231e-18,,5.919e-12,5.975e-24,5.329e-21,5.082e-19,1.879e-33,2.598e-18,1.802e-5,5.512e-12,8.055e-19,8.943e-20,1.367e-2,2.970e-5,4.073e+2,1.382e-19,1.687e-26,1.070e-20,3.840e-23,5.342e-21,2.070e-12,1.149e-20,,,8.910e+0,,,1.688e-19,,,1.464e-19,4.750e-18,,1.177e-20,1.030e-14,,2.016e-17,,6.127e-18,7.768e+0,1.744e+2,1.813e-18,1.352e-16,8.095e-19,8.750e-18
342.96,5.190e+2,3.347e-21,1.298e-30,1.577e-46,3.531e-16,4.971e-34,,5.723e-20,1.067e-22,,1.651e-15,6.601e-2,2.895e-30,7.333e-18,1.066e-20,7.194e-18,,9.873e-12,4.068e-24,5.317e-21,5.087e-19,1.874e-33,2.610e-18,3.663e-5,3.079e-12,8.070e-19,8.946e-20,1.345e-2,5.455e-5,3.627e+2,1.380e-19,1.686e-26,1.072e-20,3.841e-23,5.325e-21,5.266e-12,1.165e-20,,,7.512e+0,,,1.688e-19,,,1.464e-19,4.752e-18,,1.177e-20,3.533e-15,,2.000e-17,,6.144e-18,7.712e+0,1.410e+2,1.814e-18,1.352e-16,8.081e-19,8.751e-18
342.98,4.690e+2,3.348e-21,1.355e-30,1.570e-46,3.276e-16,4.984e-34,,5.716e-20,1.066e-22,,1.651e-15,6.431e-2,2.891e-30,7.336e-18,1.069e-20,1.017e-17,,1.377e-11,3.124e-24,5.310e-21,5.090e-19,1.871e-33,2.618e-18,5.832e-5,2.072e-12,8.079e-19,8.948e-20,1.321e-2,8.116e-5,3.333e+2,1.379e-19,1.686e-26,1.073e-20,3.842e-23,5.314e-21,9.734e-12,1.175e-20,,,6.656e+0,,,1.687e-19,,,1.464e-19,4.753e-18,,1.177e-20,1.717e-15,,1.989e-17,,6.155e-18,7.612e+0,1.214e+2,1.815e-18,1.351e-16,8.071e-19,8.752e-18
343.01,3.991e+2,3.350e-21,1.440e-30,1.559e-46,2.892e-16,5.002e-34,,5.706e-20,1.065e-22,,1.652e-15,6.110e-2,2.886e-30,7.341e-18,1.073e-20,1.688e-17,,2.243e-11,2.077e-24,5.299e-21,5.095e-19,1.866e-33,2.630e-18,1.158e-4,1.129e-12,8.093e-19,8.951e-20,1.271e-2,1.455e-4,2.904e+2,1.377e-19,1.685e-26,1.076e-20,3.844e-23,5.297e-21,2.417e-11,1.191e-20,,,5.492e+0,,,1.687e-19,,,1.464e-19,4.754e-18,,1.177e-20,5.746e-16,,1.973e-17,,6.172e-18,7.374e+0,9.573e+1,1.815e-18,1.351e-16,8.057e-19,8.753e-18
343.03,3.562e+2,3.351e-21,1.497e-30,1.552e-46,2.640e-16,5.015e-34,,5.700e-20,1.064e-22,,1.652e-15,5.857e-2,2.882e-30,7.345e-18,1.076e-20,2.347e-17,,3.079e-11,1.569e-24,5.291e-21,5.098e-19,1.863e-33,2.638e-18,1.814e-4,7.474e-13,8.103e-19,8.953e-20,1.229e-2,2.130e-4,2.631e+2,1.376e-19,1.684e-26,1.077e-20,3.845e-23,5.286e-21,4.396e-11,1.201e-20,,,4.795e+0,,,1.687e-19,,,1.463e-19,4.755e-18,,1.177e-20,2.747e-16,,1.962e-17,,6.183e-18,7.162e+0,8.107e+1,1.816e-18,1.350e-16,8.047e-19,8.753e-18
343.06,2.975e+2,3.353e-21,1.582e-30,1.541e-46,2.275e-16,5.034e-34,,5.690e-20,1.063e-22,,1.653e-15,5.430e-2,2.877e-30,7.350e-18,1.081e-20,3.802e-17,,4.892e-11,1.019e-24,5.280e-21,5.103e-19,1.858e-33,2.650e-18,3.516e-4,3.975e-13,8.117e-19,8.956e-20,1.155e-2,3.727e-4,2.244e+2,1.374e-19,1.683e-26,1.079e-20,3.846e-23,5.270e-21,1.066e-10,1.217e-20,,,3.869e+0,,,1.687e-19,,,1.463e-19,4.757e-18,,1.176e-20,8.969e-17,,1.946e-17,,6.200e-18,6.771e+0,6.242e+1,1.816e-18,1.350e-16,8.033e-19,8.755e-18
343.08,2.623e+2,3.355e-21,1.638e-30,1.534e-46,2.043e-16,5.046e-34,,5.683e-20,1.062e-22,,1.654e-15,5.121e-2,2.873e-30,7.353e-18,1.084e-20,5.202e-17,,6.608e-11,7.576e-25,5.273e-21,5.107e-19,1.855e-33,2.659e-18,5.423e-4,2.588e-13,8.127e-19,8.958e-20,1.100e-2,5.368e-4,2.004e+2,1.373e-19,1.682e-26,1.080e-20,3.847e-23,5.259e-21,1.907e-10,1.227e-20,,,3.328e+0,,,1.687e-19,,,1.463e-19,4.758e-18,,1.176e-20,4.218e-17,,1.936e-17,,6.211e-18,6.469e+0,5.202e+1,1.817e-18,1.349e-16,8.023e-19,8.755e-18
343.11,2.152e+2,3.357e-21,1.723e-30,1.524e-46,1.718e-16,5.065e-34,,5.674e-20,1.061e-22,,1.654e-15,4.633e-2,2.868e-30,7.358e-18,1.089e-20,8.225e-17,,1.025e-10,4.801e-25,5.262e-21,5.112e-19,1.851e-33,2.671e-18,1.027e-3,1.343e-13,8.141e-19,8.961e-20,1.009e-2,9.168e-4,1.675e+2,1.371e-19,1.681e-26,1.083e-20,3.848e-23,5.242e-21,4.513e-10,1.243e-20,,,2.625e+0,,,1.687e-19,,,1.463e-19,4.759e-18,,1.176e-20,1.344e-17,,1.919e-17,,6.228e-18,5.969e+0,3.911e+1,1.818e-18,1.349e-16,8.009e-19,8.757e-18
343.13,1.877e+2,3.358e-21,1.780e-30,1.516e-46,1.518e-16,5.077e-34,,5.667e-20,1.060e-22,,1.655e-15,4.299e-2,2.864e-30,7.361e-18,1.092e-20,1.107e-16,,1.362e-10,3.514e-25,5.254e-21,5.115e-19,1.847e-33,2.679e-18,1.559e-3,8.603e-14,8.150e-19,8.963e-20,9.452e-3,1.299e-3,1.477e+2,1.369e-19,1.681e-26,1.084e-20,3.849e-23,5.231e-21,7.950e-10,1.253e-20,,,2.223e+0,,,1.687e-19,,,1.463e-19,4.760e-18,,1.176e-20,6.215e-18,,1.909e-17,,6.239e-18,5.611e+0,3.210e+1,1.818e-18,1.348e-16,7.999e-19,8.757e-18
343.16,1.519e+2,3.360e-21,1.865e-30,1.506e-46,1.245e-16,5.096e-34,,5.657e-20,1.059e-22,,1.656e-15,3.796e-2,2.859e-30,7.366e-18,1.096e-20,1.709e-16,,2.062e-10,2.174e-25,5.243e-21,5.120e-19,1.843e-33,2.691e-18,2.881e-3,4.356e-14,8.165e-19,8.966e-20,8.467e-3,2.166e-3,1.215e+2,1.368e-19,1.680e-26,1.086e-20,3.850e-23,5.215e-21,1.836e-9,1.269e-20,,,1.713e+0,,,1.687e-19,,,1.462e-19,4.762e-18,,1.176e-20,6.000e-18,,1.892e-17,,6.255e-18,5.052e+0,2.362e+1,1.819e-18,1.348e-16,7.985e-19,8.758e-18
343.18,1.316e+2,3.361e-21,1.921e-30,1.499e-46,1.082e-16,5.109e-34,,5.651e-20,1.058e-22,,1.656e-15,3.465e-2,2.856e-30,7.370e-18,1.099e-20,2.264e-16,,2.697e-10,1.566e-25,5.236e-21,5.123e-19,1.840e-33,2.699e-18,4.306e-3,2.745e-14,8.174e-19,8.968e-20,7.804e-3,3.021e-3,1.063e+2,1.366e-19,1.679e-26,1.087e-20,3.851e-23,5.203e-21,3.183e-9,1.279e-20,,,1.429e+0,,,1.687e-19,,,1.462e-19,4.763e-18,,1.176e-20,5.856e-18,,1.882e-17,,6.267e-18,4.673e+0,1.914e+1,1.819e-18,1.347e-16,7.975e-19,8.759e-18
343.21,1.062e+2,3.363e-21,2.006e-30,1.488e-46,8.667e-17,5.127e-34,,5.641e-20,1.057e-22,,1.657e-15,2.986e-2,2.850e-30,7.375e-18,1.104e-20,3.410e-16,,3.985e-10,9.460e-26,5.225e-21,5.128e-19,1.835e-33,2.711e-18,7.772e-3,1.356e-14,8.188e-19,8.971e-20,6.823e-3,4.915e-3,8.704e+1,1.364e-19,1.678e-26,1.089e-20,3.853e-23,5.187e-21,7.176e-9,1.295e-20,,,1.075e+0,,,1.687e-19,,,1.462e-19,4.764e-18,,1.175e-20,5.641e-18,,1.866e-17,,6.283e-18,4.106e+0,1.389e+1,1.820e-18,1.347e-16,7.961e-19,8.760e-18
343.23,9.241e+1,3.365e-21,2.063e-30,1.481e-46,7.413e-17,5.140e-34,,5.634e-20,1.056e-22,,1.657e-15,2.682e-2,2.847e-30,7.378e-18,1.107e-20,4.445e-16,,5.128e-10,6.706e-26,5.217e-21,5.132e-19,1.832e-33,2.720e-18,1.143e-2,8.406e-15,8.198e-19,8.973e-20,6.188e-3,6.745e-3,7.652e+1,1.363e-19,1.677e-26,1.091e-20,3.854e-23,5.176e-21,1.224e-8,1.305e-20,,,8.829e-1,,,1.687e-19,,,1.462e-19,4.765e-18,,1.175e-20,5.497e-18,,1.855e-17,,6.295e-18,3.736e+0,1.122e+1,1.821e-18,1.346e-16,7.951e-19,8.761e-18
343.26,7.641e+1,3.367e-21,2.148e-30,1.470e-46,5.792e-17,5.159e-34,,5.624e-20,1.054e-22,,1.658e-15,2.255e-2,2.841e-30,7.383e-18,1.112e-20,6.536e-16,,7.396e-10,3.954e-26,5.206e-21,5.137e-19,1.827e-33,2.732e-18,2.015e-2,4.053e-15,8.212e-19,8.976e-20,5.280e-3,1.071e-2,6.424e+1,1.361e-19,1.676e-26,1.093e-20,3.855e-23,5.159e-21,2.694e-8,1.321e-20,,,6.490e-1,,,1.686e-19,,,1.461e-19,4.767e-18,,1.175e-20,5.282e-18,,1.839e-17,,6.311e-18,3.204e+0,8.252e+0,1.821e-18,1.346e-16,7.937e-19,8.762e-18
343.28,6.872e+1,3.368e-21,2.204e-30,1.463e-46,4.874e-17,5.171e-34,,5.618e-20,1.054e-22,,1.659e-15,1.993e-2,2.838e-30,7.387e-18,1.115e-20,8.383e-16,,9.364e-10,2.758e-26,5.199e-21,5.140e-19,1.824e-33,2.740e-18,2.917e-2,2.471e-15,8.222e-19,8.978e-20,4.712e-3,1.447e-2,5.840e+1,1.360e-19,1.676e-26,1.094e-20,3.856e-23,5.148e-21,4.522e-8,1.331e-20,,,5.244e-1,,,1.686e-19,,,1.461e-19,4.768e-18,,1.175e-20,5.138e-18,,1.828e-17,,6.322e-18,2.868e+0,6.859e+0,1.822e-18,1.345e-16,7.927e-19,8.763e-18
343.3,6.341e+1,3.369e-21,2.261e-30,1.456e-46,4.074e-17,5.184e-34,,5.611e-20,1.053e-22,,1.659e-15,1.750e-2,2.834e-30,7.390e-18,1.118e-20,1.068e-15,,1.178e-9,1.912e-26,5.191e-21,5.143e-19,1.821e-33,2.748e-18,4.197e-2,1.497e-15,8.231e-19,8.980e-20,4.177e-3,1.941e-2,5.448e+1,1.359e-19,1.675e-26,1.096e-20,3.857e-23,5.137e-21,7.541e-8,1.342e-20,,,4.210e-1,,,1.686e-19,,,1.461e-19,4.769e-18,,1.175e-20,4.995e-18,,1.817e-17,,6.334e-18,2.551e+0,5.871e+0,1.822e-18,1.345e-16,7.917e-19,8.764e-18
343.33,5.989e+1,3.371e-21,2.346e-30,1.446e-46,3.077e-17,5.202e-34,,5.601e-20,1.051e-22,,1.660e-15,1.422e-2,2.829e-30,7.395e-18,1.122e-20,1.518e-15,,1.642e-9,1.090e-26,5.180e-21,5.148e-19,1.816e-33,2.760e-18,7.155e-2,6.974e-16,8.246e-19,8.983e-20,3.445e-3,2.980e-2,5.230e+1,1.357e-19,1.674e-26,1.098e-20,3.858e-23,5.121e-21,1.605e-7,1.357e-20,,,2.993e-1,,,1.686e-19,,,1.461e-19,4.770e-18,,1.174e-20,4.779e-18,,1.801e-17,,6.350e-18,2.114e+0,5.063e+0,1.823e-18,1.344e-16,7.903e-19,8.765e-18
343.35,6.062e+1,3.373e-21,2.403e-30,1.439e-46,2.530e-17,5.215e-34,,5.595e-20,1.051e-22,,1.661e-15,1.228e-2,2.825e-30,7.398e-18,1.125e-20,1.904e-15,,2.033e-9,7.440e-27,5.173e-21,5.152e-19,1.813e-33,2.768e-18,1.013e-1,4.156e-16,8.255e-19,8.985e-20,3.005e-3,3.933e-2,5.344e+1,1.355e-19,1.673e-26,1.099e-20,3.859e-23,5.110e-21,2.633e-7,1.368e-20,,,2.365e-1,,,1.686e-19,,,1.461e-19,4.771e-18,,1.174e-20,4.636e-18,,1.790e-17,,6.362e-18,1.850e+0,4.938e+0,1.823e-18,1.344e-16,7.893e-19,8.766e-18
343.38,6.660e+1,3.375e-21,2.488e-30,1.428e-46,1.865e-17,5.234e-34,,5.585e-20,1.049e-22,,1.661e-15,9.741e-3,2.820e-30,7.403e-18,1.130e-20,2.641e-15,,2.766e-9,4.150e-27,5.162e-21,5.157e-19,1.808e-33,2.781e-18,1.686e-1,1.889e-16,8.269e-19,8.988e-20,2.418e-3,5.894e-2,5.935e+1,1.354e-19,1.672e-26,1.101e-20,3.860e-23,5.093e-21,5.469e-7,1.383e-20,,,1.641e-1,,,1.686e-19,,,1.460e-19,4.773e-18,,1.174e-20,4.420e-18,,1.774e-17,,6.378e-18,1.496e+0,5.348e+0,1.824e-18,1.343e-16,7.879e-19,8.767e-18
343.4,7.410e+1,3.376e-21,2.544e-30,1.421e-46,1.509e-17,5.246e-34,,5.578e-20,1.048e-22,,1.662e-15,8.278e-3,2.816e-30,7.407e-18,1.133e-20,3.258e-15,,3.369e-9,2.796e-27,5.154e-21,5.160e-19,1.805e-33,2.789e-18,2.350e-1,1.107e-16,8.279e-19,8.990e-20,2.075e-3,7.657e-2,6.634e+1,1.352e-19,1.671e-26,1.103e-20,3.861e-23,5.082e-21,8.833e-7,1.394e-20,,,1.276e-1,,,1.686e-19,,,1.460e-19,4.774e-18,,1.174e-20,4.277e-18,,1.763e-17,,6.389e-18,1.288e+0,6.026e+0,1.825e-18,1.343e-16,7.869e-19,8.768e-18
343.43,9.123e+1,3.378e-21,2.629e-30,1.410e-46,1.085e-17,5.265e-34,,5.568e-20,1.047e-22,,1.663e-15,6.407e-3,2.811e-30,7.412e-18,1.138e-20,4.412e-15,,4.474e-9,1.547e-27,5.143e-21,5.165e-19,1.800e-33,2.801e-18,3.820e-1,4.911e-17,8.293e-19,8.993e-20,1.630e-3,1.120e-1,8.192e+1,1.350e-19,1.670e-26,1.105e-20,3.863e-23,5.065e-21,1.791e-6,1.409e-20,,,8.644e-2,,,1.686e-19,,,1.460e-19,4.775e-18,,1.174e-20,4.061e-18,,1.747e-17,,6.406e-18,1.017e+0,7.698e+0,1.825e-18,1.342e-16,7.855e-19,8.769e-18
343.45,1.070e+2,3.379e-21,2.686e-30,1.403e-46,8.638e-18,5.277e-34,,5.562e-20,1.046e-22,,1.663e-15,5.357e-3,2.807e-30,7.415e-18,1.141e-20,5.356e-15,,5.362e-9,1.056e-27,5.136e-21,5.168e-19,1.797e-33,2.809e-18,5.240e-1,2.833e-17,8.303e-19,8.995e-20,1.376e-3,1.431e-1,9.609e+1,1.349e-19,1.670e-26,1.106e-20,3.864e-23,5.054e-21,2.846e-6,1.420e-20,,,6.614e-2,,,1.686e-19,,,1.460e-19,4.776e-18,,1.174e-20,3.918e-18,,1.736e-17,,6.417e-18,8.615e-1,9.299e+0,1.826e-18,1.342e-16,7.845e-19,8.770e-18
343.48,1.380e+2,3.381e-21,2.771e-30,1.393e-46,6.062e-18,5.296e-34,,5.552e-20,1.045e-22,,1.664e-15,4.046e-3,2.802e-30,7.420e-18,1.145e-20,7.078e-15,,6.951e-9,6.410e-28,5.125e-21,5.173e-19,1.792e-33,2.821e-18,8.316e-1,1.226e-17,8.317e-19,8.998e-20,1.055e-3,2.044e-1,1.237e+2,1.347e-19,1.669e-26,1.108e-20,3.865e-23,5.038e-21,5.633e-6,1.435e-20,,,4.373e-2,,,1.686e-19,,,1.460e-19,4.778e-18,,1.173e-20,3.702e-18,,1.720e-17,,6.434e-18,6.636e-1,1.254e+1,1.827e-18,1.341e-16,7.831e-19,8.771e-18
343.5,1.642e+2,3.382e-21,2.827e-30,1.385e-46,4.748e-18,5.309e-34,,5.545e-20,1.044e-22,,1.664e-15,3.328e-3,2.798e-30,7.424e-18,1.148e-20,8.455e-15,,8.197e-9,5.151e-28,5.117e-21,5.177e-19,1.789e-33,2.829e-18,1.123e+0,6.954e-18,8.326e-19,9.000e-20,8.762e-4,2.570e-1,1.469e+2,1.346e-19,1.668e-26,1.110e-20,3.866e-23,5.027e-21,8.809e-6,1.446e-20,,,3.292e-2,,,1.686e-19,,,1.459e-19,4.779e-18,,1.173e-20,3.559e-18,,1.710e-17,,6.445e-18,5.531e-1,1.534e+1,1.827e-18,1.341e-16,7.821e-19,8.772e-18
343.53,2.128e+2,3.384e-21,2.912e-30,1.375e-46,3.251e-18,5.327e-34,,5.535e-20,1.043e-22,,1.665e-15,2.453e-3,2.793e-30,7.429e-18,1.153e-20,1.091e-14,,1.037e-8,4.970e-28,5.106e-21,5.182e-19,1.784e-33,2.842e-18,1.740e+0,2.936e-18,8.341e-19,9.003e-20,6.554e-4,3.582e-1,1.895e+2,1.344e-19,1.667e-26,1.112e-20,3.867e-23,5.010e-21,1.702e-5,1.462e-20,,,2.124e-2,,,1.686e-19,,,1.459e-19,4.780e-18,,1.173e-20,3.343e-18,,1.693e-17,,6.462e-18,4.158e-1,2.069e+1,1.828e-18,1.340e-16,7.807e-19,8.773e-18
343.55,2.520e+2,3.386e-21,2.969e-30,1.368e-46,2.506e-18,5.340e-34,,5.529e-20,1.042e-22,,1.666e-15,1.986e-3,2.789e-30,7.432e-18,1.156e-20,1.282e-14,,1.203e-8,5.926e-28,5.099e-21,5.185e-19,1.781e-33,2.850e-18,2.311e+0,1.639e-18,8.350e-19,9.005e-20,5.357e-4,4.432e-1,2.238e+2,1.343e-19,1.666e-26,1.113e-20,3.868e-23,4.999e-21,2.619e-5,1.472e-20,,,1.573e-2,,,1.685e-19,,,1.459e-19,4.781e-18,,1.173e-20,3.200e-18,,1.683e-17,,6.473e-18,3.411e-1,2.512e+1,1.828e-18,1.340e-16,7.797e-19,8.774e-18
343.58,3.223e+2,3.388e-21,3.054e-30,1.357e-46,1.674e-18,5.359e-34,,5.519e-20,1.041e-22,,1.666e-15,1.428e-3,2.784e-30,7.437e-18,1.161e-20,1.614e-14,,1.486e-8,9.267e-28,5.088e-21,5.190e-19,1.777e-33,2.862e-18,3.497e+0,6.751e-19,8.365e-19,9.008e-20,3.910e-4,6.029e-1,2.847e+2,1.341e-19,1.665e-26,1.115e-20,3.869e-23,4.982e-21,4.940e-5,1.488e-20,,,9.910e-3,,,1.685e-19,,,1.459e-19,4.783e-18,,1.173e-20,2.984e-18,,1.667e-17,,6.490e-18,2.504e-1,3.327e+1,1.829e-18,1.339e-16,7.783e-19,8.775e-18
343.6,3.774e+2,3.389e-21,3.111e-30,1.350e-46,1.269e-18,5.371e-34,,5.512e-20,1.040e-22,,1.667e-15,1.137e-3,2.780e-30,7.440e-18,1.164e-20,1.867e-14,,1.697e-8,1.319e-27,5.080e-21,5.194e-19,1.773e-33,2.870e-18,4.573e+0,3.707e-19,8.374e-19,9.010e-20,3.144e-4,7.342e-1,3.320e+2,1.340e-19,1.665e-26,1.117e-20,3.870e-23,4.971e-21,7.480e-5,1.498e-20,,,7.222e-3,,,1.685e-19,,,1.459e-19,4.784e-18,,1.172e-20,2.841e-18,,1.656e-17,,6.501e-18,2.023e-1,3.983e+1,1.830e-18,1.339e-16,7.773e-19,8.775e-18
343.63,4.732e+2,3.391e-21,3.195e-30,1.339e-46,8.279e-19,5.390e-34,,5.502e-20,1.039e-22,,1.668e-15,7.983e-4,2.775e-30,7.445e-18,1.168e-20,2.294e-14,,2.045e-8,2.291e-27,5.069e-21,5.199e-19,1.769e-33,2.882e-18,6.756e+0,1.490e-19,8.388e-19,9.013e-20,2.240e-4,9.747e-1,4.138e+2,1.338e-19,1.664e-26,1.119e-20,3.872e-23,4.955e-21,1.377e-4,1.514e-20,,,4.439e-3,,,1.685e-19,,,1.458e-19,4.785e-18,,1.172e-20,2.625e-18,,1.640e-17,,6.518e-18,1.453e-1,5.159e+1,1.830e-18,1.338e-16,7.759e-19,8.777e-18
343.65,5.464e+2,3.392e-21,3.252e-30,1.332e-46,6.175e-19,5.402e-34,,5.496e-20,1.038e-22,,1.668e-15,6.254e-4,2.771e-30,7.449e-18,1.171e-20,2.610e-14,,2.297e-8,3.313e-27,5.062e-21,5.202e-19,1.766e-33,2.890e-18,8.694e+0,8.050e-20,8.398e-19,9.015e-20,1.772e-4,1.168e+0,4.756e+2,1.336e-19,1.663e-26,1.120e-20,3.873e-23,4.944e-21,2.052e-4,1.524e-20,,,3.183e-3,,,1.685e-19,,,1.458e-19,4.786e-18,,1.172e-20,2.481e-18,,1.629e-17,,6.529e-18,1.158e-1,6.081e+1,1.831e-18,1.337e-16,7.749e-19,8.777e-18
343.67,6.271e+2,3.394e-21,3.309e-30,1.325e-46,4.576e-19,5.415e-34,,5.489e-20,1.037e-22,,1.669e-15,4.868e-4,2.768e-30,7.452e-18,1.175e-20,2.952e-14,,2.564e-8,4.772e-27,5.054e-21,5.205e-19,1.762e-33,2.898e-18,1.112e+1,4.320e-20,8.407e-19,9.017e-20,1.393e-4,1.390e+0,5.433e+2,1.335e-19,1.662e-26,1.121e-20,3.874e-23,4.933e-21,3.038e-4,1.534e-20,,,2.268e-3,,,1.685e-19,,,1.458e-19,4.787e-18,,1.172e-20,2.338e-18,,1.618e-17,,6.540e-18,9.197e-2,7.123e+1,1.831e-18,1.337e-16,7.740e-19,8.778e-18
343.7,7.627e+2,3.396e-21,3.394e-30,1.315e-46,2.884e-19,5.434e-34,,5.479e-20,1.036e-22,,1.669e-15,3.303e-4,2.763e-30,7.457e-18,1.179e-20,3.506e-14,,2.987e-8,8.167e-27,5.043e-21,5.210e-19,1.758e-33,2.911e-18,1.588e+1,1.678e-20,8.422e-19,9.020e-20,9.590e-5,1.784e+0,6.557e+2,1.333e-19,1.661e-26,1.123e-20,3.875e-23,4.916e-21,5.408e-4,1.550e-20,,,1.347e-3,,,1.685e-19,,,1.458e-19,4.788e-18,,1.172e-20,2.122e-18,,1.602e-17,,6.557e-18,6.498e-2,8.923e+1,1.832e-18,1.336e-16,7.725e-19,8.779e-18
343.72,8.625e+2,3.397e-21,3.450e-30,1.308e-46,2.103e-19,5.446e-34,,5.473e-20,1.035e-22,,1.670e-15,2.529e-4,2.759e-30,7.461e-18,1.182e-20,3.901e-14,,3.281e-8,1.160e-26,5.036e-21,5.214e-19,1.755e-33,2.919e-18,1.999e+1,8.858e-21,8.431e-19,9.022e-20,7.417e-5,2.090e+0,7.375e+2,1.332e-19,1.661e-26,1.125e-20,3.876e-23,4.905e-21,7.879e-4,1.560e-20,,,9.442e-4,,,1.685e-19,,,1.458e-19,4.789e-18,,1.171e-20,4.554e-18,,1.591e-17,,6.568e-18,5.177e-2,1.029e+2,1.832e-18,1.336e-16,7.716e-19,8.780e-18
343.75,1.026e+3,3.399e-21,3.535e-30,1.297e-46,1.293e-19,5.465e-34,,5.463e-20,1.034e-22,,1.671e-15,1.674e-4,2.754e-30,7.466e-18,1.187e-20,4.522e-14,,3.731e-8,1.939e-26,5.025e-21,5.219e-19,1.750e-33,2.931e-18,2.788e+1,3.356e-21,8.445e-19,9.025e-20,4.985e-5,2.618e+0,8.695e+2,1.330e-19,1.660e-26,1.127e-20,3.877e-23,4.889e-21,1.369e-3,4.891e-20,,,5.474e-4,,,1.685e-19,,,1.457e-19,4.791e-18,,1.171e-20,1.414e-17,,1.575e-17,,6.585e-18,3.769e-2,1.258e+2,1.833e-18,1.335e-16,7.701e-19,8.781e-18
343.77,1.143e+3,3.400e-21,3.592e-30,1.290e-46,9.277e-20,5.477e-34,,5.456e-20,1.033e-22,,1.671e-15,1.261e-4,2.750e-30,7.469e-18,1.190e-20,4.951e-14,,4.032e-8,2.709e-26,5.017e-21,5.222e-19,1.747e-33,2.939e-18,3.452e+1,1.743e-21,8.455e-19,9.027e-20,3.795e-5,3.018e+0,9.628e+2,1.329e-19,1.659e-26,1.128e-20,3.878e-23,4.877e-21,1.963e-3,1.039e-19,,,3.775e-4,,,1.685e-19,,,1.457e-19,4.792e-18,,1.171e-20,2.986e-17,,1.564e-17,,6.596e-18,3.146e-2,1.426e+2,1.834e-18,1.335e-16,7.692e-19,8.782e-18
343.8,1.330e+3,3.402e-21,3.677e-30,1.279e-46,5.568e-20,5.496e-34,,5.446e-20,1.031e-22,,1.672e-15,8.150e-5,2.745e-30,7.474e-18,1.194e-20,5.602e-14,,4.475e-8,4.422e-26,5.006e-21,5.227e-19,1.742e-33,2.951e-18,4.702e+1,6.446e-22,8.469e-19,9.030e-20,2.494e-5,3.690e+0,1.109e+3,1.327e-19,1.658e-26,1.130e-20,3.879e-23,4.861e-21,3.329e-3,3.181e-19,,,2.135e-4,,,1.685e-19,,,1.457e-19,4.793e-18,,1.171e-20,9.052e-17,,1.548e-17,,6.613e-18,2.605e-2,1.702e+2,1.834e-18,1.334e-16,7.677e-19,8.783e-18
343.82,1.460e+3,3.404e-21,3.733e-30,1.272e-46,3.930e-20,5.508e-34,,5.440e-20,1.031e-22,,1.672e-15,6.041e-5,2.741e-30,7.477e-18,1.198e-20,6.035e-14,,4.759e-8,6.081e-26,4.999e-21,5.230e-19,1.739e-33,2.959e-18,5.731e+1,3.293e-22,8.479e-19,9.032e-20,1.874e-5,4.185e+0,1.209e+3,1.326e-19,1.657e-26,1.132e-20,3.880e-23,4.850e-21,4.697e-3,6.652e-19,,,1.449e-4,,,1.684e-19,,,1.457e-19,4.794e-18,,1.171e-20,1.881e-16,,1.537e-17,,6.624e-18,2.472e-2,1.900e+2,1.835e-18,1.334e-16,7.668e-19,8.784e-18
343.85,1.662e+3,3.406e-21,3.818e-30,1.261e-46,2.302e-20,5.527e-34,,5.430e-20,1.029e-22,,1.673e-15,3.809e-5,2.736e-30,7.482e-18,1.202e-20,6.665e-14,,5.155e-8,9.689e-26,4.987e-21,5.235e-19,1.734e-33,2.972e-18,7.619e+1,1.188e-22,8.493e-19,9.035e-20,1.214e-5,4.995e+0,1.360e+3,1.324e-19,1.656e-26,1.134e-20,3.882e-23,4.833e-21,7.776e-3,1.988e-18,,,7.999e-5,,,1.684e-19,,,1.456e-19,4.796e-18,,1.170e-20,5.568e-16,,1.521e-17,,6.641e-18,2.584e-2,2.213e+2,1.836e-18,1.333e-16,7.653e-19,8.785e-18
343.87,1.799e+3,3.407e-21,3.875e-30,1.254e-46,1.598e-20,5.540e-34,,5.423e-20,1.028e-22,,1.674e-15,2.778e-5,2.732e-30,7.486e-18,1.205e-20,7.065e-14,,5.394e-8,1.311e-25,4.980e-21,5.239e-19,1.731e-33,2.980e-18,9.139e+1,5.972e-23,8.503e-19,9.037e-20,9.117e-6,5.575e+0,1.459e+3,1.322e-19,1.656e-26,1.135e-20,3.883e-23,4.822e-21,1.080e-2,4.091e-18,,,5.339e-5,,,1.684e-19,,,1.456e-19,4.797e-18,,1.170e-20,1.139e-15,,1.511e-17,,6.652e-18,2.861e-2,2.431e+2,1.836e-18,1.333e-16,7.644e-19,8.786e-18
343.9,2.006e+3,3.409e-21,3.960e-30,1.244e-46,9.134e-21,5.558e-34,,5.414e-20,1.027e-22,,1.674e-15,1.709e-5,2.727e-30,7.491e-18,1.210e-20,7.616e-14,,5.703e-8,2.039e-25,4.969e-21,5.244e-19,1.726e-33,2.992e-18,1.186e+2,2.102e-23,8.517e-19,9.039e-20,6.091e-6,6.493e+0,1.604e+3,1.320e-19,1.655e-26,1.137e-20,3.884e-23,4.806e-21,1.745e-2,1.193e-17,,,2.877e-5,,,1.684e-19,,,1.456e-19,4.798e-18,,1.170e-20,3.291e-15,,1.494e-17,,6.669e-18,3.590e-2,2.764e+2,1.837e-18,1.332e-16,7.629e-19,8.787e-18
343.92,2.141e+3,3.410e-21,4.017e-30,1.237e-46,6.240e-21,5.571e-34,,5.407e-20,1.026e-22,,1.675e-15,1.226e-5,2.723e-30,7.494e-18,1.213e-20,7.943e-14,,5.871e-8,2.715e-25,4.962e-21,5.247e-19,1.723e-33,3.000e-18,1.400e+2,1.039e-23,8.526e-19,9.041e-20,4.860e-6,7.131e+0,1.696e+3,1.319e-19,1.654e-26,1.139e-20,3.885e-23,4.795e-21,2.384e-2,2.417e-17,,,1.889e-5,,,1.684e-19,,,1.456e-19,4.799e-18,,1.170e-20,6.624e-15,,1.484e-17,,6.680e-18,4.301e-2,2.986e+2,1.837e-18,1.332e-16,7.620e-19,8.788e-18
343.95,2.339e+3,3.412e-21,4.102e-30,1.226e-46,3.480e-21,5.590e-34,,5.397e-20,1.025e-22,,1.676e-15,7.364e-6,2.718e-30,7.499e-18,1.217e-20,8.358e-14,,6.060e-8,4.123e-25,4.950e-21,5.252e-19,1.718e-33,3.012e-18,1.775e+2,3.570e-24,8.541e-19,9.044e-20,3.953e-6,8.108e+0,1.822e+3,1.317e-19,1.653e-26,1.141e-20,3.886e-23,4.778e-21,3.761e-2,6.885e-17,,,9.932e-6,,,1.684e-19,,,1.456e-19,4.801e-18,,1.170e-20,1.869e-14,,1.468e-17,,6.696e-18,5.752e-2,3.314e+2,1.838e-18,1.331e-16,7.605e-19,8.789e-18
343.97,2.464e+3,3.414e-21,4.158e-30,1.219e-46,2.339e-21,5.602e-34,,5.391e-20,1.024e-22,,1.676e-15,5.199e-6,2.714e-30,7.503e-18,1.221e-20,8.577e-14,,6.138e-8,5.402e-25,4.943e-21,5.255e-19,1.715e-33,3.020e-18,2.062e+2,1.737e-24,8.550e-19,9.046e-20,3.911e-6,8.761e+0,1.896e+3,1.316e-19,1.652e-26,1.142e-20,3.887e-23,4.767e-21,5.056e-2,1.372e-16,,,6.418e-6,,,1.684e-19,,,1.455e-19,4.802e-18,,1.170e-20,3.702e-14,,1.457e-17,,6.708e-18,7.011e-2,3.524e+2,1.839e-18,1.331e-16,7.596e-19,8.790e-18
344,2.639e+3,3.416e-21,4.243e-30,1.208e-46,1.273e-21,5.621e-34,,5.381e-20,1.023e-22,,1.677e-15,3.046e-6,2.709e-30,7.508e-18,1.225e-20,8.809e-14,,6.183e-8,8.006e-25,4.932e-21,5.260e-19,1.711e-33,3.033e-18,2.551e+2,5.820e-25,8.564e-19,9.049e-20,4.698e-6,9.723e+0,1.992e+3,1.314e-19,1.651e-26,1.144e-20,3.888e-23,4.750e-21,7.786e-2,3.816e-16,,,3.293e-6,,,1.684e-19,,,1.455e-19,4.803e-18,,1.169e-20,1.020e-13,,1.441e-17,,6.724e-18,9.413e-2,3.817e+2,1.839e-18,1.330e-16,7.581e-19,8.791e-18
344.02,2.745e+3,3.417e-21,4.300e-30,1.201e-46,8.419e-22,5.633e-34,,5.374e-20,1.022e-22,,1.677e-15,2.116e-6,2.705e-30,7.511e-18,1.228e-20,8.894e-14,,6.163e-8,1.032e-24,4.924e-21,5.264e-19,1.707e-33,3.041e-18,2.916e+2,2.785e-25,8.574e-19,9.051e-20,5.865e-6,1.034e+1,2.043e+3,1.313e-19,1.651e-26,1.146e-20,3.889e-23,4.739e-21,1.030e-1,7.487e-16,,,2.093e-6,,,1.684e-19,,,1.455e-19,4.804e-18,,1.169e-20,1.988e-13,,1.430e-17,,6.736e-18,1.141e-1,3.994e+2,1.840e-18,1.330e-16,7.572e-19,8.792e-18
344.05,2.886e+3,3.419e-21,4.385e-30,1.191e-46,4.472e-22,5.652e-34,,5.364e-20,1.021e-22,,1.678e-15,1.210e-6,2.700e-30,7.516e-18,1.233e-20,8.916e-14,,6.060e-8,1.494e-24,4.913e-21,5.269e-19,1.703e-33,3.053e-18,3.522e+2,9.108e-26,8.588e-19,9.054e-20,8.852e-6,1.120e+1,2.100e+3,1.311e-19,1.650e-26,1.148e-20,3.891e-23,4.723e-21,1.549e-1,2.033e-15,,,1.048e-6,,,1.684e-19,,,1.455e-19,4.806e-18,,1.169e-20,5.347e-13,,1.414e-17,,6.752e-18,1.509e-1,4.223e+2,1.840e-18,1.329e-16,7.557e-19,8.793e-18
344.07,2.966e+3,3.420e-21,4.441e-30,1.184e-46,2.909e-22,5.665e-34,,5.358e-20,1.020e-22,,1.679e-15,8.269e-7,2.696e-30,7.519e-18,1.236e-20,8.858e-14,,5.943e-8,1.895e-24,4.906e-21,5.272e-19,1.700e-33,3.061e-18,3.962e+2,4.288e-26,8.598e-19,9.056e-20,1.192e-5,1.172e+1,2.123e+3,1.310e-19,1.649e-26,1.149e-20,3.892e-23,4.712e-21,2.016e-1,3.925e-15,,,6.554e-7,,,1.684e-19,,,1.455e-19,4.807e-18,,1.169e-20,1.026e-12,,1.403e-17,,6.763e-18,1.806e-1,4.347e+2,3.930e-18,1.329e-16,7.548e-19,8.794e-18
344.09,3.034e+3,3.422e-21,4.498e-30,1.177e-46,1.880e-22,5.677e-34,,5.351e-20,1.019e-22,,1.679e-15,5.614e-7,2.693e-30,7.523e-18,1.239e-20,8.745e-14,,5.791e-8,2.389e-24,4.898e-21,5.275e-19,1.696e-33,3.069e-18,4.430e+2,2.005e-26,8.607e-19,9.058e-20,1.613e-5,1.218e+1,2.134e+3,1.308e-19,1.648e-26,1.151e-20,3.893e-23,4.701e-21,2.608e-1,7.529e-15,,,4.072e-7,,,1.684e-19,,,1.454e-19,4.808e-18,,1.169e-20,1.956e-12,,1.392e-17,,6.775e-18,2.151e-1,4.447e+2,8.340e-18,1.328e-16,7.538e-19,8.794e-18
344.12,3.114e+3,3.424e-21,4.583e-30,1.166e-46,9.652e-23,5.696e-34,,5.341e-20,1.018e-22,,1.680e-15,3.102e-7,2.687e-30,7.528e-18,1.244e-20,8.473e-14,,5.504e-8,3.342e-24,4.887e-21,5.280e-19,1.692e-33,3.081e-18,5.173e+2,2.007e-26,8.621e-19,9.061e-20,2.536e-5,1.275e+1,2.128e+3,1.306e-19,1.647e-26,1.153e-20,3.894e-23,4.684e-21,3.790e-1,1.977e-14,,,1.970e-7,,,1.683e-19,,,1.454e-19,4.809e-18,,1.168e-20,5.086e-12,,1.376e-17,,6.791e-18,2.765e-1,4.545e+2,2.547e-17,1.328e-16,7.524e-19,8.796e-18
344.14,3.151e+3,3.425e-21,4.639e-30,1.159e-46,6.137e-23,5.708e-34,,5.335e-20,1.017e-22,,1.680e-15,2.072e-7,2.684e-30,7.531e-18,1.247e-20,8.230e-14,,5.277e-8,4.146e-24,4.880e-21,5.284e-19,1.689e-33,3.089e-18,5.691e+2,2.009e-26,8.631e-19,9.063e-20,3.412e-5,1.304e+1,2.110e+3,1.305e-19,1.647e-26,1.154e-20,3.895e-23,4.673e-21,4.824e-1,3.732e-14,,,1.205e-7,,,1.683e-19,,,1.454e-19,4.810e-18,,1.168e-20,9.543e-12,,1.365e-17,,6.802e-18,3.246e-1,4.574e+2,5.319e-17,1.327e-16,7.514e-19,8.796e-18
344.17,3.182e+3,3.427e-21,4.724e-30,1.148e-46,3.074e-23,5.727e-34,,5.325e-20,1.016e-22,,1.681e-15,1.118e-7,2.678e-30,7.536e-18,1.251e-20,7.784e-14,,4.895e-8,5.660e-24,4.869e-21,5.289e-19,1.684e-33,3.102e-18,6.488e+2,2.011e-26,8.645e-19,9.066e-20,5.271e-5,1.333e+1,2.062e+3,1.303e-19,1.646e-26,1.156e-20,3.896e-23,4.656e-21,6.844e-1,9.568e-14,,,5.687e-8,,,1.683e-19,,,1.454e-19,4.812e-18,,1.168e-20,2.423e-11,,1.349e-17,,6.819e-18,4.085e-1,4.563e+2,1.586e-16,1.327e-16,7.500e-19,8.798e-18
344.19,3.187e+3,3.428e-21,4.781e-30,1.141e-46,1.923e-23,5.740e-34,,5.318e-20,1.015e-22,,1.682e-15,7.345e-8,2.675e-30,7.539e-18,1.254e-20,7.440e-14,,4.618e-8,6.910e-24,4.861e-21,5.292e-19,1.681e-33,3.110e-18,7.024e+2,2.012e-26,8.655e-19,9.068e-20,6.990e-5,1.342e+1,2.018e+3,1.302e-19,1.645e-26,1.157e-20,3.897e-23,4.645e-21,8.573e-1,1.778e-13,,,3.420e-8,,,1.683e-19,,,1.454e-19,4.813e-18,,1.168e-20,4.474e-11,,1.338e-17,,6.830e-18,4.728e-1,4.519e+2,3.260e-16,1.326e-16,7.490e-19,8.798e-18
344.22,3.172e+3,3.430e-21,4.866e-30,1.130e-46,9.402e-24,5.758e-34,,5.308e-20,1.014e-22,,1.682e-15,3.866e-8,2.669e-30,7.545e-18,1.259e-20,6.868e-14,,4.181e-8,9.209e-24,4.850e-21,5.297e-19,1.676e-33,3.122e-18,7.818e+2,2.014e-26,8.669e-19,9.071e-20,1.055e-4,1.339e+1,1.935e+3,1.300e-19,1.644e-26,1.160e-20,3.898e-23,4.629e-21,1.187e+0,4.449e-13,,,1.576e-8,,,1.683e-19,,,1.453e-19,4.814e-18,,1.168e-20,1.109e-10,,1.322e-17,,6.847e-18,5.823e-1,4.401e+2,9.493e-16,1.326e-16,7.476e-19,8.799e-18
344.24,3.147e+3,3.431e-21,4.923e-30,1.123e-46,5.787e-24,5.771e-34,,5.302e-20,1.013e-22,,1.683e-15,2.500e-8,2.666e-30,7.548e-18,1.262e-20,6.459e-14,,3.882e-8,1.106e-23,4.843e-21,5.301e-19,1.673e-33,3.130e-18,8.329e+2,2.015e-26,8.679e-19,9.073e-20,1.378e-4,1.326e+1,1.870e+3,1.299e-19,1.643e-26,1.161e-20,3.899e-23,4.618e-21,1.463e+0,8.136e-13,,,9.325e-9,,,1.683e-19,,,1.453e-19,4.815e-18,,1.167e-20,2.016e-10,,1.312e-17,,6.858e-18,6.643e-1,4.288e+2,1.920e-15,1.325e-16,7.466e-19,8.800e-18
344.27,3.089e+3,3.433e-21,5.008e-30,1.113e-46,2.761e-24,5.790e-34,,5.292e-20,1.011e-22,,1.684e-15,1.284e-8,2.661e-30,7.553e-18,1.267e-20,5.819e-14,,3.430e-8,1.439e-23,4.832e-21,5.306e-19,1.668e-33,3.142e-18,9.050e+2,2.017e-26,8.693e-19,9.076e-20,2.031e-4,1.291e+1,1.760e+3,1.297e-19,1.642e-26,1.163e-20,3.901e-23,4.601e-21,1.978e+0,1.988e-12,,,4.193e-9,,,1.683e-19,,,1.453e-19,4.817e-18,,1.167e-20,4.879e-10,,1.295e-17,,6.875e-18,8.008e-1,4.076e+2,5.459e-15,1.325e-16,7.452e-19,8.801e-18
344.29,3.037e+3,3.435e-21,5.064e-30,1.106e-46,1.672e-24,5.802e-34,,5.285e-20,1.011e-22,,1.684e-15,8.167e-9,2.657e-30,7.556e-18,1.270e-20,5.385e-14,,3.133e-8,1.701e-23,4.824e-21,5.309e-19,1.665e-33,3.150e-18,9.488e+2,2.018e-26,8.702e-19,9.078e-20,2.609e-4,1.258e+1,1.682e+3,1.296e-19,1.641e-26,1.164e-20,3.902e-23,4.590e-21,2.400e+0,3.578e-12,,,2.441e-9,,,1.683e-19,,,1.453e-19,4.818e-18,,1.167e-20,8.725e-10,,1.285e-17,,6.886e-18,9.007e-1,3.908e+2,1.087e-14,1.324e-16,7.442e-19,8.802e-18
344.32,2.943e+3,3.437e-21,5.149e-30,1.095e-46,7.783e-25,5.821e-34,,5.275e-20,1.009e-22,,1.685e-15,4.094e-9,2.652e-30,7.561e-18,1.274e-20,4.736e-14,,2.702e-8,2.161e-23,4.813e-21,5.314e-19,1.660e-33,3.163e-18,1.006e+3,2.020e-26,8.717e-19,9.081e-20,3.754e-4,1.195e+1,1.557e+3,1.294e-19,1.640e-26,1.166e-20,3.903e-23,4.574e-21,3.167e+0,8.536e-12,,,1.071e-9,,,1.683e-19,,,1.453e-19,4.819e-18,,1.167e-20,2.062e-9,,1.269e-17,,6.903e-18,1.063e+0,3.626e+2,3.016e-14,1.323e-16,7.428e-19,8.803e-18
344.34,2.869e+3,3.438e-21,5.206e-30,1.088e-46,4.637e-25,5.833e-34,,5.269e-20,1.008e-22,,1.685e-15,2.562e-9,2.648e-30,7.565e-18,1.277e-20,4.312e-14,,2.429e-8,2.513e-23,4.806e-21,5.317e-19,1.657e-33,3.171e-18,1.038e+3,2.021e-26,8.726e-19,9.083e-20,4.747e-4,1.146e+1,1.472e+3,1.293e-19,1.640e-26,1.168e-20,3.904e-23,4.562e-21,3.780e+0,1.512e-11,,,6.134e-10,,,1.683e-19,,,1.452e-19,4.820e-18,,1.167e-20,3.629e-9,,1.258e-17,,6.914e-18,1.178e+0,3.421e+2,5.910e-14,1.323e-16,7.418e-19,8.804e-18
344.37,2.745e+3,3.440e-21,5.291e-30,1.077e-46,2.107e-25,5.852e-34,,5.259e-20,1.007e-22,,1.686e-15,1.253e-9,2.643e-30,7.570e-18,1.282e-20,3.701e-14,,2.045e-8,3.116e-23,4.795e-21,5.322e-19,1.652e-33,3.183e-18,1.075e+3,2.023e-26,8.740e-19,9.086e-20,6.668e-4,1.063e+1,1.343e+3,1.291e-19,1.639e-26,1.170e-20,3.905e-23,4.546e-21,4.869e+0,3.522e-11,,,2.627e-10,,,1.683e-19,,,1.452e-19,4.822e-18,,1.167e-20,8.373e-9,,1.242e-17,,6.931e-18,1.361e+0,3.098e+2,1.602e-13,1.322e-16,7.404e-19,8.805e-18
344.39,2.654e+3,3.441e-21,5.347e-30,1.070e-46,1.235e-25,5.865e-34,,5.252e-20,1.006e-22,,1.687e-15,7.718e-10,2.639e-30,7.573e-18,1.285e-20,3.316e-14,,1.808e-8,3.566e-23,4.787e-21,5.326e-19,1.649e-33,3.191e-18,1.092e+3,2.025e-26,8.750e-19,9.088e-20,8.296e-4,1.003e+1,1.258e+3,1.289e-19,1.638e-26,1.171e-20,3.906e-23,4.535e-21,5.719e+0,6.139e-11,,,1.480e-10,,,1.682e-19,,,1.452e-19,4.823e-18,,1.166e-20,1.450e-8,,1.231e-17,,6.942e-18,1.488e+0,2.877e+2,3.089e-13,1.322e-16,7.394e-19,8.806e-18
344.42,2.509e+3,3.443e-21,5.432e-30,1.060e-46,5.474e-26,5.883e-34,,5.242e-20,1.005e-22,,1.687e-15,3.684e-10,2.634e-30,7.578e-18,1.290e-20,2.778e-14,,1.486e-8,4.316e-23,4.776e-21,5.331e-19,1.644e-33,3.203e-18,1.104e+3,2.027e-26,8.764e-19,9.091e-20,1.138e-3,9.085e+0,1.132e+3,1.287e-19,1.637e-26,1.173e-20,3.907e-23,4.518e-21,7.192e+0,1.396e-10,,,6.184e-11,,,1.682e-19,,,1.452e-19,4.824e-18,,1.166e-20,3.267e-8,,1.215e-17,,6.959e-18,1.682e+0,2.544e+2,8.173e-13,1.321e-16,7.380e-19,8.807e-18
344.44,2.406e+3,3.445e-21,5.489e-30,1.053e-46,3.157e-26,5.896e-34,,5.236e-20,1.004e-22,,1.688e-15,2.232e-10,2.630e-30,7.581e-18,1.293e-20,2.449e-14,,1.293e-8,4.861e-23,4.769e-21,5.334e-19,1.641e-33,3.211e-18,1.103e+3,2.028e-26,8.774e-19,9.093e-20,1.393e-3,8.435e+0,1.052e+3,1.286e-19,1.636e-26,1.175e-20,3.908e-23,4.507e-21,8.312e+0,2.395e-10,,,3.428e-11,,,1.682e-19,,,1.452e-19,4.825e-18,,1.166e-20,5.570e-8,,1.204e-17,,6.970e-18,1.813e+0,2.325e+2,1.551e-12,1.321e-16,7.370e-19,8.808e-18
344.46,2.300e+3,3.446e-21,5.546e-30,1.045e-46,1.809e-26,5.908e-34,,5.229e-20,1.003e-22,,1.688e-15,1.343e-10,2.627e-30,7.585e-18,1.296e-20,2.145e-14,,1.118e-8,5.441e-23,4.761e-21,5.337e-19,1.638e-33,3.219e-18,1.095e+3,2.029e-26,8.783e-19,9.095e-20,1.694e-3,7.781e+0,9.738e+2,1.285e-19,1.636e-26,1.176e-20,3.909e-23,4.496e-21,9.545e+0,4.082e-10,,,1.888e-11,,,1.682e-19,,,1.451e-19,4.826e-18,,1.166e-20,9.434e-8,,1.193e-17,,6.981e-18,1.942e+0,2.112e+2,2.925e-12,1.321e-16,7.361e-19,8.809e-18
344.49,2.135e+3,3.448e-21,5.630e-30,1.035e-46,7.750e-27,5.927e-34,,5.219e-20,1.002e-22,,1.689e-15,6.198e-11,2.621e-30,7.590e-18,1.300e-20,1.737e-14,,8.880e-9,6.365e-23,4.750e-21,5.342e-19,1.633e-33,3.232e-18,1.071e+3,2.031e-26,8.798e-19,9.098e-20,2.246e-3,6.810e+0,8.634e+2,1.283e-19,1.635e-26,1.178e-20,3.911e-23,4.480e-21,1.161e+1,8.977e-10,,,7.624e-12,,,1.682e-19,,,1.451e-19,4.828e-18,,1.166e-20,2.055e-7,,1.177e-17,,6.998e-18,2.132e+0,1.808e+2,7.486e-12,1.320e-16,7.346e-19,8.810e-18
344.51,2.024e+3,3.449e-21,5.687e-30,1.028e-46,4.368e-27,5.940e-34,,5.213e-20,1.001e-22,,1.690e-15,3.670e-11,2.618e-30,7.593e-18,1.303e-20,1.497e-14,,7.554e-9,7.010e-23,4.743e-21,5.346e-19,1.630e-33,3.240e-18,1.046e+3,2.032e-26,8.807e-19,9.100e-20,2.689e-3,6.181e+0,7.943e+2,1.282e-19,1.634e-26,1.180e-20,3.912e-23,4.469e-21,1.311e+1,1.506e-9,,,4.131e-12,,,1.682e-19,,,1.451e-19,4.829e-18,,1.165e-20,3.426e-7,,1.166e-17,,7.009e-18,2.252e+0,1.618e+2,1.389e-11,1.320e-16,7.337e-19,8.811e-18
344.54,1.856e+3,3.451e-21,5.772e-30,1.017e-46,1.826e-27,5.958e-34,,5.203e-20,9.999e-23,,1.690e-15,1.652e-11,2.612e-30,7.598e-18,1.308e-20,1.183e-14,,5.856e-9,8.005e-23,4.732e-21,5.351e-19,1.626e-33,3.252e-18,9.992e+2,2.034e-26,8.821e-19,9.103e-20,3.480e-3,5.281e+0,6.981e+2,1.280e-19,1.633e-26,1.182e-20,3.913e-23,4.452e-21,1.556e+1,3.233e-9,,,1.628e-12,,,1.682e-19,,,1.451e-19,4.830e-18,,1.165e-20,7.286e-7,,1.150e-17,,7.026e-18,2.418e+0,1.356e+2,3.471e-11,1.319e-16,7.322e-19,8.812e-18
344.56,1.745e+3,3.453e-21,5.829e-30,1.010e-46,1.013e-27,5.971e-34,,5.196e-20,9.991e-23,,1.691e-15,9.627e-12,2.609e-30,7.602e-18,1.311e-20,1.004e-14,,4.902e-9,8.676e-23,4.724e-21,5.354e-19,1.622e-33,3.260e-18,9.613e+2,2.036e-26,8.831e-19,9.105e-20,4.100e-3,4.717e+0,6.390e+2,1.279e-19,1.632e-26,1.183e-20,3.914e-23,4.441e-21,1.731e+1,5.339e-9,,,8.678e-13,,,1.682e-19,,,1.451e-19,4.831e-18,,1.165e-20,1.195e-6,,1.139e-17,,7.037e-18,2.518e+0,1.198e+2,6.341e-11,1.318e-16,7.313e-19,8.813e-18
344.59,1.580e+3,3.455e-21,5.914e-30,9.995e-47,4.133e-28,5.990e-34,,5.187e-20,9.978e-23,,1.692e-15,4.230e-12,2.603e-30,7.607e-18,1.316e-20,7.743e-15,,3.709e-9,9.672e-23,4.713e-21,5.359e-19,1.618e-33,3.272e-18,8.967e+2,2.038e-26,8.845e-19,9.108e-20,5.180e-3,3.933e+0,5.579e+2,1.277e-19,1.631e-26,1.185e-20,3.915e-23,4.424e-21,2.005e+1,1.119e-8,,,3.337e-13,,,1.682e-19,,,1.450e-19,4.833e-18,,1.165e-20,2.482e-6,,1.123e-17,,7.054e-18,2.647e+0,9.888e+1,1.547e-10,1.318e-16,7.298e-19,8.814e-18
344.61,1.473e+3,3.456e-21,5.970e-30,9.924e-47,2.255e-28,6.002e-34,,5.180e-20,9.970e-23,,1.692e-15,2.425e-12,2.600e-30,7.610e-18,1.319e-20,6.461e-15,,3.055e-9,1.031e-22,4.706e-21,5.362e-19,1.615e-33,3.280e-18,8.496e+2,2.039e-26,8.855e-19,9.110e-20,6.005e-3,3.456e+0,5.089e+2,1.275e-19,1.631e-26,1.187e-20,3.916e-23,4.413e-21,2.194e+1,1.818e-8,,,1.750e-13,,,1.682e-19,,,1.450e-19,4.834e-18,,1.165e-20,4.008e-6,,1.113e-17,,7.065e-18,2.717e+0,8.675e+1,2.781e-10,1.317e-16,7.289e-19,8.815e-18
344.64,1.319e+3,3.458e-21,6.055e-30,9.817e-47,8.978e-29,6.021e-34,,5.170e-20,9.957e-23,,1.693e-15,1.040e-12,2.594e-30,7.615e-18,1.323e-20,4.865e-15,,2.256e-9,1.122e-22,4.695e-21,5.367e-19,1.610e-33,3.293e-18,7.748e+2,2.041e-26,8.869e-19,9.113e-20,7.406e-3,2.813e+0,4.425e+2,1.273e-19,1.630e-26,1.189e-20,3.917e-23,4.397e-21,2.481e+1,3.721e-8,,,6.568e-14,,,1.682e-19,,,1.450e-19,4.835e-18,,1.164e-20,8.124e-6,,1.096e-17,,7.082e-18,2.795e+0,7.137e+1,6.624e-10,1.317e-16,7.274e-19,8.816e-18
344.66,1.221e+3,3.459e-21,6.112e-30,9.747e-47,4.820e-29,6.033e-34,,5.163e-20,9.948e-23,,1.693e-15,5.863e-13,2.591e-30,7.618e-18,1.326e-20,3.994e-15,,1.829e-9,1.178e-22,4.687e-21,5.371e-19,1.607e-33,3.301e-18,7.234e+2,2.042e-26,8.878e-19,9.115e-20,8.449e-3,2.433e+0,4.030e+2,1.272e-19,1.629e-26,1.190e-20,3.918e-23,4.386e-21,2.672e+1,5.951e-8,,,3.389e-14,,,1.682e-19,,,1.450e-19,4.836e-18,,1.164e-20,1.291e-5,,1.086e-17,,7.093e-18,2.828e+0,6.298e+1,1.172e-9,1.316e-16,7.265e-19,8.816e-18
344.69,1.084e+3,3.461e-21,6.197e-30,9.640e-47,1.873e-29,6.052e-34,,5.154e-20,9.935e-23,,1.694e-15,2.453e-13,2.585e-30,7.623e-18,1.331e-20,2.936e-15,,1.318e-9,1.251e-22,4.676e-21,5.376e-19,1.602e-33,3.313e-18,6.460e+2,2.044e-26,8.893e-19,9.118e-20,1.017e-2,1.933e+0,3.503e+2,1.270e-19,1.628e-26,1.192e-20,3.920e-23,4.369e-21,2.950e+1,1.189e-7,,,1.241e-14,,,1.681e-19,,,1.449e-19,4.837e-18,,1.164e-20,2.555e-5,,1.070e-17,,7.110e-18,2.847e+0,5.316e+1,2.725e-9,1.316e-16,7.250e-19,8.818e-18
344.71,9.987e+2,3.463e-21,6.253e-30,9.570e-47,9.890e-30,6.065e-34,,5.147e-20,9.927e-23,,1.695e-15,1.361e-13,2.582e-30,7.627e-18,1.334e-20,2.372e-15,,1.051e-9,1.292e-22,4.669e-21,5.379e-19,1.599e-33,3.321e-18,5.952e+2,2.045e-26,8.902e-19,9.120e-20,1.142e-2,1.645e+0,3.193e+2,1.269e-19,1.627e-26,1.194e-20,3.921e-23,4.358e-21,3.126e+1,1.871e-7,,,6.300e-15,,,1.681e-19,,,1.449e-19,4.838e-18,,1.164e-20,3.996e-5,,1.059e-17,,7.121e-18,2.838e+0,4.841e+1,4.746e-9,1.315e-16,7.241e-19,8.818e-18
344.74,8.823e+2,3.465e-21,6.338e-30,9.463e-47,3.750e-30,6.083e-34,,5.137e-20,9.914e-23,,1.695e-15,5.558e-14,2.576e-30,7.632e-18,1.339e-20,1.702e-15,,7.396e-10,1.340e-22,4.658e-21,5.384e-19,1.594e-33,3.333e-18,5.218e+2,2.047e-26,8.916e-19,9.123e-20,1.342e-2,1.275e+0,2.788e+2,1.267e-19,1.626e-26,1.196e-20,3.922e-23,4.341e-21,3.368e+1,3.651e-7,,,2.251e-15,,,1.681e-19,,,1.449e-19,4.840e-18,,1.164e-20,7.722e-5,,1.043e-17,,7.137e-18,2.795e+0,4.395e+1,1.078e-8,1.315e-16,7.226e-19,8.820e-18
344.76,8.127e+2,3.466e-21,6.395e-30,9.393e-47,1.949e-30,6.096e-34,,5.131e-20,9.906e-23,,1.696e-15,3.035e-14,2.573e-30,7.635e-18,1.342e-20,1.353e-15,,5.803e-10,1.361e-22,4.650e-21,5.388e-19,1.591e-33,3.341e-18,4.757e+2,2.048e-26,8.926e-19,9.125e-20,1.483e-2,1.068e+0,2.554e+2,1.266e-19,1.626e-26,1.197e-20,3.923e-23,4.330e-21,3.512e+1,5.655e-7,,,1.124e-15,,,1.681e-19,,,1.449e-19,4.841e-18,,1.164e-20,1.189e-4,,1.032e-17,,7.149e-18,2.747e+0,4.271e+1,1.847e-8,1.314e-16,7.217e-19,8.820e-18
344.79,7.207e+2,3.468e-21,6.480e-30,9.286e-47,7.210e-31,6.115e-34,,5.121e-20,9.893e-23,,1.697e-15,1.209e-14,2.568e-30,7.640e-18,1.346e-20,9.471e-16,,3.985e-10,1.378e-22,4.639e-21,5.393e-19,1.586e-33,3.354e-18,4.116e+2,2.050e-26,8.940e-19,9.128e-20,1.701e-2,8.082e-1,2.253e+2,1.264e-19,1.625e-26,1.199e-20,3.924e-23,4.314e-21,3.695e+1,1.077e-6,,,3.921e-16,,,1.681e-19,,,1.449e-19,4.842e-18,,1.163e-20,2.242e-4,,1.016e-17,,7.165e-18,2.647e+0,4.342e+1,4.095e-8,1.314e-16,7.202e-19,8.821e-18
344.81,6.679e+2,3.469e-21,6.537e-30,9.215e-47,3.686e-31,6.127e-34,,5.114e-20,9.884e-23,,1.697e-15,6.495e-15,2.564e-30,7.644e-18,1.349e-20,7.408e-16,,3.077e-10,1.378e-22,4.632e-21,5.396e-19,1.583e-33,3.362e-18,3.729e+2,2.052e-26,8.950e-19,9.130e-20,1.849e-2,6.659e-1,2.083e+2,1.263e-19,1.624e-26,1.201e-20,3.925e-23,4.303e-21,3.791e+1,1.642e-6,,,1.927e-16,,,1.681e-19,,,1.448e-19,4.843e-18,,1.163e-20,3.397e-4,,1.005e-17,,7.176e-18,2.563e+0,4.560e+1,6.907e-8,1.313e-16,7.193e-19,8.822e-18
344.83,6.219e+2,3.471e-21,6.593e-30,9.145e-47,1.872e-31,6.140e-34,,5.108e-20,9.876e-23,,1.698e-15,3.466e-15,2.560e-30,7.647e-18,1.353e-20,5.757e-16,,2.360e-10,1.369e-22,4.624e-21,5.399e-19,1.580e-33,3.370e-18,3.376e+2,2.053e-26,8.959e-19,9.132e-20,1.997e-2,5.451e-1,1.935e+2,1.261e-19,1.623e-26,1.202e-20,3.926e-23,4.292e-21,3.865e+1,2.487e-6,,,9.406e-17,,,1.681e-19,,,1.448e-19,4.844e-18,,1.163e-20,5.112e-4,,9.942e-18,,7.188e-18,2.467e+0,4.913e+1,1.158e-7,1.313e-16,7.183e-19,8.823e-18
344.86,5.657e+2,3.473e-21,6.678e-30,9.038e-47,6.695e-32,6.158e-34,,5.098e-20,9.863e-23,,1.698e-15,1.335e-15,2.555e-30,7.652e-18,1.357e-20,3.897e-16,,1.567e-10,1.340e-22,4.613e-21,5.404e-19,1.575e-33,3.382e-18,2.916e+2,2.055e-26,8.974e-19,9.135e-20,2.215e-2,3.989e-1,1.751e+2,1.259e-19,1.622e-26,1.204e-20,3.927e-23,4.275e-21,3.931e+1,4.580e-6,,,3.170e-17,,,1.681e-19,,,1.448e-19,4.846e-18,,1.163e-20,9.327e-4,,9.781e-18,,7.204e-18,2.304e+0,5.698e+1,2.482e-7,1.312e-16,7.169e-19,8.824e-18
344.88,5.365e+2,3.474e-21,6.735e-30,8.968e-47,3.345e-32,6.171e-34,,5.091e-20,9.855e-23,,1.699e-15,7.008e-16,2.551e-30,7.655e-18,1.360e-20,2.980e-16,,1.183e-10,1.310e-22,4.606e-21,5.408e-19,1.572e-33,3.390e-18,2.656e+2,2.056e-26,8.983e-19,9.137e-20,2.355e-2,3.214e-1,1.650e+2,1.258e-19,1.622e-26,1.205e-20,3.928e-23,4.264e-21,3.943e+1,6.828e-6,,,1.522e-17,,,1.681e-19,,,1.448e-19,4.847e-18,,1.163e-20,1.381e-3,,9.673e-18,,7.216e-18,2.185e+0,6.391e+1,4.094e-7,1.312e-16,7.159e-19,8.825e-18
344.91,5.045e+2,3.476e-21,6.820e-30,8.861e-47,1.167e-32,6.190e-34,,5.081e-20,9.842e-23,,1.700e-15,2.634e-16,2.546e-30,7.660e-18,1.365e-20,1.969e-16,,7.662e-11,1.251e-22,4.594e-21,5.413e-19,1.567e-33,3.402e-18,2.336e+2,2.058e-26,8.997e-19,9.140e-20,2.550e-2,2.297e-1,1.527e+2,1.256e-19,1.621e-26,1.207e-20,3.930e-23,4.248e-21,3.915e+1,1.228e-5,,,5.006e-18,,,1.681e-19,,,1.448e-19,4.848e-18,,1.162e-20,2.461e-3,,9.512e-18,,7.232e-18,1.996e+0,7.686e+1,8.570e-7,1.311e-16,7.145e-19,8.826e-18
344.93,4.907e+2,3.477e-21,6.876e-30,8.791e-47,5.739e-33,6.202e-34,,5.075e-20,9.833e-23,,1.700e-15,1.360e-16,2.542e-30,7.664e-18,1.368e-20,1.481e-16,,5.690e-11,1.204e-22,4.587e-21,5.416e-19,1.564e-33,3.410e-18,2.167e+2,2.059e-26,9.007e-19,9.142e-20,2.667e-2,1.822e-1,1.461e+2,1.255e-19,1.620e-26,1.209e-20,3.931e-23,4.236e-21,3.865e+1,1.801e-5,,,2.366e-18,,,1.681e-19,,,1.447e-19,4.849e-18,,1.162e-20,3.587e-3,,9.404e-18,,7.243e-18,1.865e+0,8.717e+1,1.391e-6,1.311e-16,7.135e-19,8.827e-18
344.96,4.803e+2,3.479e-21,6.961e-30,8.684e-47,1.954e-33,6.221e-34,,5.065e-20,9.821e-23,,1.701e-15,4.989e-17,2.537e-30,7.669e-18,1.372e-20,9.551e-17,,3.598e-11,1.122e-22,4.576e-21,5.421e-19,1.560e-33,3.423e-18,1.978e+2,2.061e-26,9.021e-19,9.145e-20,2.819e-2,1.274e-1,1.381e+2,1.253e-19,1.619e-26,1.211e-20,3.932e-23,4.220e-21,3.745e+1,3.162e-5,,,7.591e-19,,,1.680e-19,,,1.447e-19,4.851e-18,,1.162e-20,6.239e-3,,9.243e-18,,7.260e-18,1.666e+0,1.051e+2,2.844e-6,1.310e-16,7.121e-19,8.828e-18
344.98,4.797e+2,3.481e-21,7.018e-30,8.613e-47,9.453e-34,6.233e-34,,5.058e-20,9.812e-23,,1.701e-15,2.536e-17,2.534e-30,7.672e-18,1.376e-20,7.071e-17,,2.630e-11,1.063e-22,4.569e-21,5.424e-19,1.556e-33,3.431e-18,1.892e+2,2.063e-26,9.031e-19,9.147e-20,2.902e-2,9.983e-2,1.338e+2,1.252e-19,1.618e-26,1.212e-20,3.933e-23,4.209e-21,3.639e+1,4.566e-5,,,3.529e-19,,,1.680e-19,,,1.447e-19,4.852e-18,,1.162e-20,8.950e-3,,9.135e-18,,7.271e-18,1.533e+0,1.187e+2,4.543e-6,1.310e-16,7.111e-19,8.829e-18
345.01,4.873e+2,3.482e-21,7.103e-30,8.507e-47,3.141e-34,6.252e-34,,5.048e-20,9.799e-23,,1.702e-15,9.075e-18,2.528e-30,7.677e-18,1.380e-20,4.450e-17,,1.623e-11,9.672e-23,4.557e-21,5.429e-19,1.552e-33,3.443e-18,1.818e+2,2.064e-26,9.045e-19,9.150e-20,2.994e-2,6.889e-2,1.284e+2,1.250e-19,1.617e-26,1.214e-20,3.934e-23,4.192e-21,3.442e+1,7.827e-5,,,3.501e-19,,,1.680e-19,,,1.447e-19,4.853e-18,,1.162e-20,1.520e-2,,8.974e-18,,7.288e-18,1.339e+0,1.412e+2,9.067e-6,1.309e-16,7.097e-19,8.830e-18
345.03,4.973e+2,3.484e-21,7.159e-30,8.436e-47,1.495e-34,6.265e-34,,5.042e-20,9.791e-23,,1.703e-15,4.538e-18,2.525e-30,7.681e-18,1.383e-20,3.242e-17,,1.167e-11,9.010e-23,4.550e-21,5.433e-19,1.549e-33,3.451e-18,1.802e+2,2.066e-26,9.054e-19,9.152e-20,3.033e-2,5.388e-2,1.253e+2,1.249e-19,1.616e-26,1.216e-20,3.935e-23,4.181e-21,3.291e+1,1.112e-4,,,3.482e-19,,,1.680e-19,,,1.447e-19,4.854e-18,,1.161e-20,2.146e-2,,1.920e-17,,7.299e-18,1.214e+0,1.575e+2,1.426e-5,1.309e-16,7.087e-19,8.831e-18
345.06,5.186e+2,3.486e-21,7.244e-30,8.330e-47,4.848e-35,6.283e-34,,5.032e-20,9.778e-23,,1.703e-15,1.585e-18,2.519e-30,7.686e-18,1.388e-20,1.992e-17,,7.031e-12,8.005e-23,4.539e-21,5.438e-19,1.544e-33,3.463e-18,1.821e+2,2.068e-26,9.069e-19,9.155e-20,3.055e-2,3.793e-2,1.212e+2,1.247e-19,1.615e-26,1.218e-20,3.936e-23,4.165e-21,3.039e+1,1.861e-4,,,3.453e-19,,,1.680e-19,,,1.446e-19,4.856e-18,,1.161e-20,3.557e-2,,5.940e-17,,7.316e-18,1.036e+0,1.838e+2,2.778e-5,1.308e-16,7.073e-19,8.832e-18
345.08,5.362e+2,3.487e-21,7.301e-30,8.259e-47,2.270e-35,6.296e-34,,5.025e-20,9.770e-23,,1.704e-15,7.797e-19,2.516e-30,7.689e-18,1.391e-20,1.428e-17,,4.975e-12,7.339e-23,4.531e-21,5.441e-19,1.541e-33,3.471e-18,1.860e+2,2.069e-26,9.078e-19,9.157e-20,3.045e-2,3.086e-2,1.185e+2,1.245e-19,1.615e-26,1.219e-20,3.937e-23,4.154e-21,2.859e+1,2.603e-4,,,3.434e-19,,,1.680e-19,,,1.446e-19,4.857e-18,,1.161e-20,4.943e-2,,1.251e-16,,7.327e-18,9.249e-1,2.021e+2,4.299e-5,1.308e-16,7.063e-19,8.833e-18
345.11,5.668e+2,3.489e-21,7.386e-30,8.153e-47,7.183e-36,6.315e-34,,5.015e-20,9.757e-23,,1.705e-15,2.658e-19,2.510e-30,7.694e-18,1.396e-20,8.560e-18,,2.925e-12,6.365e-23,1.408e-20,5.446e-19,1.536e-33,3.484e-18,1.951e+2,2.071e-26,9.093e-19,9.159e-20,2.994e-2,2.457e-2,1.145e+2,1.244e-19,1.614e-26,1.221e-20,3.939e-23,4.137e-21,2.577e+1,4.253e-4,,,3.405e-19,,,1.680e-19,,,1.446e-19,4.858e-18,,1.161e-20,8.000e-2,,3.779e-16,,7.344e-18,7.715e-1,2.305e+2,8.179e-5,1.307e-16,7.049e-19,8.834e-18
345.13,5.892e+2,3.490e-21,7.443e-30,8.082e-47,7.344e-36,6.327e-34,,5.009e-20,9.748e-23,,1.705e-15,1.286e-19,2.507e-30,7.697e-18,1.399e-20,6.037e-18,,2.037e-12,5.742e-23,2.974e-20,5.449e-19,1.533e-33,3.492e-18,2.031e+2,2.072e-26,9.102e-19,9.161e-20,2.937e-2,2.290e-2,1.117e+2,1.242e-19,1.613e-26,1.223e-20,3.940e-23,4.126e-21,2.385e+1,5.853e-4,,,3.386e-19,,,1.680e-19,,,1.446e-19,4.859e-18,,1.161e-20,1.094e-1,,7.834e-16,,7.355e-18,6.785e-1,2.497e+2,1.246e-4,1.307e-16,7.039e-19,8.835e-18
345.16,6.246e+2,3.492e-21,7.527e-30,7.976e-47,7.586e-36,6.346e-34,,4.999e-20,9.735e-23,,1.706e-15,4.279e-20,2.501e-30,7.702e-18,1.403e-20,3.533e-18,,1.169e-12,4.861e-23,9.023e-20,5.454e-19,1.528e-33,3.504e-18,2.176e+2,2.074e-26,9.116e-19,9.164e-20,2.819e-2,2.384e-2,1.070e+2,1.240e-19,1.612e-26,1.225e-20,3.941e-23,4.109e-21,2.099e+1,9.338e-4,,,3.358e-19,,,1.680e-19,,,1.445e-19,4.861e-18,,1.160e-20,1.729e-1,,2.311e-15,,7.372e-18,5.531e-1,2.782e+2,2.314e-4,1.306e-16,7.025e-19,8.836e-18
345.18,6.489e+2,3.494e-21,7.584e-30,7.905e-47,7.748e-36,6.358e-34,,4.992e-20,9.727e-23,,1.707e-15,2.038e-20,2.498e-30,7.706e-18,1.406e-20,2.452e-18,,8.007e-13,4.316e-23,1.876e-19,5.458e-19,1.525e-33,3.512e-18,2.287e+2,2.075e-26,9.126e-19,9.166e-20,2.721e-2,2.676e-2,1.037e+2,1.239e-19,1.611e-26,1.226e-20,3.942e-23,4.098e-21,1.912e+1,1.265e-3,,,3.339e-19,,,1.680e-19,,,1.445e-19,4.862e-18,,1.160e-20,2.327e-1,,4.715e-15,,7.383e-18,4.789e-1,2.966e+2,3.469e-4,1.306e-16,7.015e-19,8.837e-18
345.2,6.731e+2,3.495e-21,7.641e-30,7.834e-47,7.909e-36,6.371e-34,,4.986e-20,9.718e-23,,1.707e-15,9.640e-21,2.494e-30,7.709e-18,1.409e-20,1.691e-18,,5.450e-13,3.807e-23,3.876e-19,5.461e-19,1.522e-33,3.520e-18,2.407e+2,2.077e-26,9.135e-19,9.168e-20,2.610e-2,3.165e-2,1.001e+2,1.238e-19,1.611e-26,1.228e-20,3.943e-23,4.087e-21,1.731e+1,1.702e-3,,,3.320e-19,,,1.680e-19,,,1.445e-19,4.863e-18,,1.160e-20,3.112e-1,,9.559e-15,,7.394e-18,4.122e-1,3.143e+2,5.167e-4,1.305e-16,7.005e-19,8.837e-18
345.23,7.087e+2,3.497e-21,7.726e-30,7.728e-47,8.152e-36,6.390e-34,,4.976e-20,9.706e-23,,1.708e-15,3.099e-21,2.489e-30,7.714e-18,1.414e-20,9.565e-19,,3.023e-13,3.116e-23,1.137e-18,5.466e-19,1.517e-33,3.532e-18,2.602e+2,2.079e-26,9.150e-19,9.171e-20,2.422e-2,4.315e-2,9.420e+1,1.236e-19,1.610e-26,1.230e-20,3.944e-23,4.071e-21,1.472e+1,2.626e-3,,,3.291e-19,,,1.679e-19,,,1.445e-19,4.864e-18,,1.160e-20,4.755e-1,,2.727e-14,,7.411e-18,3.253e-1,3.387e+2,9.282e-4,1.305e-16,6.991e-19,8.838e-18
345.25,7.314e+2,3.498e-21,7.782e-30,7.657e-47,8.313e-36,6.402e-34,,4.969e-20,9.697e-23,,1.708e-15,1.442e-21,2.485e-30,7.718e-18,1.417e-20,6.490e-19,,2.025e-13,2.704e-23,2.313e-18,5.469e-19,1.514e-33,3.541e-18,2.740e+2,2.080e-26,9.159e-19,9.173e-20,2.286e-2,5.408e-2,9.000e+1,1.235e-19,1.609e-26,1.231e-20,3.945e-23,4.060e-21,1.311e+1,3.478e-3,,,3.272e-19,,,1.679e-19,,,1.445e-19,4.865e-18,,1.160e-20,6.258e-1,,5.443e-14,,7.422e-18,2.756e-1,3.533e+2,1.361e-3,1.304e-16,6.981e-19,8.839e-18
345.28,7.631e+2,3.500e-21,7.867e-30,7.551e-47,8.555e-36,6.421e-34,,4.959e-20,9.684e-23,,1.709e-15,3.270e-21,2.480e-30,7.723e-18,1.422e-20,3.583e-19,,1.096e-13,2.161e-23,6.629e-18,5.474e-19,1.509e-33,3.553e-18,2.957e+2,2.082e-26,9.173e-19,9.176e-20,2.071e-2,7.648e-2,8.336e+1,1.233e-19,1.608e-26,1.233e-20,3.946e-23,4.043e-21,1.089e+1,5.239e-3,,,3.243e-19,,,1.679e-19,,,1.444e-19,4.867e-18,,1.160e-20,9.336e-1,,1.516e-13,,7.439e-18,2.125e-1,3.718e+2,2.387e-3,1.303e-16,6.967e-19,8.840e-18
345.3,7.823e+2,3.502e-21,7.924e-30,7.480e-47,8.717e-36,6.433e-34,,4.953e-20,9.676e-23,,1.710e-15,4.489e-21,2.476e-30,7.726e-18,1.425e-20,2.392e-19,,7.224e-14,1.845e-23,1.327e-17,5.478e-19,1.506e-33,3.561e-18,3.107e+2,2.083e-26,9.183e-19,9.178e-20,1.924e-2,9.626e-2,7.876e+1,1.231e-19,1.607e-26,1.235e-20,3.947e-23,4.032e-21,9.545e+0,6.829e-3,,,3.224e-19,,,1.679e-19,,,1.444e-19,4.868e-18,,1.159e-20,1.209e+0,,2.979e-13,,7.450e-18,1.773e-1,3.818e+2,3.444e-3,1.303e-16,6.957e-19,8.841e-18
345.33,8.079e+2,3.504e-21,8.009e-30,7.374e-47,8.959e-36,6.452e-34,,4.943e-20,9.663e-23,,1.710e-15,6.316e-21,2.471e-30,7.731e-18,1.429e-20,1.289e-19,,3.818e-14,1.439e-23,3.713e-17,5.483e-19,1.501e-33,3.573e-18,3.337e+2,2.085e-26,9.197e-19,9.181e-20,1.702e-2,1.350e-1,7.170e+1,1.230e-19,1.606e-26,1.237e-20,3.949e-23,4.015e-21,7.738e+0,1.004e-2,,,3.196e-19,,,1.679e-19,,,1.444e-19,4.869e-18,,1.159e-20,1.761e+0,,8.103e-13,,7.467e-18,1.336e-1,3.926e+2,5.897e-3,1.302e-16,6.943e-19,8.842e-18
345.35,8.224e+2,3.505e-21,8.065e-30,7.303e-47,9.121e-36,6.465e-34,,4.936e-20,9.655e-23,,1.711e-15,7.535e-21,2.467e-30,7.734e-18,1.432e-20,8.469e-20,,2.476e-14,1.210e-23,7.315e-17,5.486e-19,1.498e-33,3.581e-18,3.492e+2,2.086e-26,9.207e-19,9.183e-20,1.556e-2,1.680e-1,6.697e+1,1.228e-19,1.606e-26,1.238e-20,3.950e-23,4.004e-21,6.674e+0,1.288e-2,,,3.177e-19,,,1.679e-19,,,1.444e-19,4.870e-18,,1.159e-20,2.245e+0,,1.567e-12,,7.478e-18,1.097e-1,3.970e+2,8.374e-3,1.302e-16,6.933e-19,8.843e-18
345.38,8.405e+2,3.507e-21,8.150e-30,7.197e-47,9.363e-36,6.483e-34,,4.927e-20,9.642e-23,,1.712e-15,9.362e-21,2.462e-30,7.739e-18,1.437e-20,4.455e-20,,1.277e-14,9.209e-24,1.999e-16,5.491e-19,1.493e-33,3.593e-18,3.725e+2,2.088e-26,9.221e-19,9.186e-20,1.344e-2,2.308e-1,5.996e+1,1.226e-19,1.605e-26,1.240e-20,3.951e-23,3.988e-21,5.281e+0,1.850e-2,,,3.148e-19,,,1.679e-19,,,1.444e-19,4.872e-18,,1.159e-20,3.193e+0,,4.162e-12,,7.495e-18,8.072e-2,3.992e+2,1.400e-2,1.301e-16,6.919e-19,8.844e-18
345.4,8.499e+2,3.508e-21,8.207e-30,7.126e-47,9.524e-36,6.496e-34,,4.920e-20,9.633e-23,,1.712e-15,1.058e-20,2.458e-30,7.743e-18,1.440e-20,2.879e-20,,8.147e-15,7.616e-24,3.876e-16,5.495e-19,1.490e-33,3.602e-18,3.878e+2,2.090e-26,9.231e-19,9.188e-20,1.210e-2,2.831e-1,5.541e+1,1.225e-19,1.604e-26,1.241e-20,3.952e-23,3.977e-21,4.482e+0,2.335e-2,,,3.129e-19,,,1.679e-19,,,1.443e-19,4.873e-18,,1.159e-20,4.006e+0,,7.921e-12,,7.506e-18,6.527e-2,3.978e+2,1.957e-2,1.301e-16,6.909e-19,8.845e-18
345.43,8.604e+2,3.510e-21,8.292e-30,7.020e-47,9.766e-36,6.514e-34,,4.910e-20,9.621e-23,,1.713e-15,1.241e-20,2.453e-30,7.748e-18,1.445e-20,1.478e-20,,4.102e-15,5.660e-24,1.034e-15,5.500e-19,1.486e-33,3.614e-18,4.103e+2,2.091e-26,9.245e-19,9.191e-20,1.022e-2,3.801e-1,4.890e+1,1.223e-19,1.603e-26,1.244e-20,3.953e-23,3.960e-21,3.463e+0,3.273e-2,,,3.100e-19,,,1.679e-19,,,1.443e-19,4.874e-18,,1.158e-20,5.562e+0,,2.055e-11,,7.523e-18,4.691e-2,3.916e+2,3.194e-2,1.300e-16,6.895e-19,8.846e-18
345.45,8.650e+2,3.512e-21,8.349e-30,6.949e-47,9.928e-36,6.527e-34,,4.903e-20,9.612e-23,,1.713e-15,1.363e-20,2.449e-30,7.751e-18,1.448e-20,9.402e-21,,2.575e-15,4.607e-24,1.974e-15,5.503e-19,1.482e-33,3.622e-18,4.248e+2,2.093e-26,9.254e-19,9.193e-20,9.068e-3,4.589e-1,4.481e+1,1.222e-19,1.602e-26,1.245e-20,3.954e-23,3.949e-21,2.892e+0,4.067e-2,,,3.081e-19,,,1.679e-19,,,1.443e-19,4.875e-18,,1.158e-20,6.867e+0,,3.849e-11,,7.534e-18,3.734e-2,3.851e+2,4.394e-2,1.300e-16,6.885e-19,8.847e-18
345.48,8.690e+2,3.514e-21,8.434e-30,6.843e-47,1.017e-35,6.546e-34,,4.894e-20,9.599e-23,,1.714e-15,1.545e-20,2.444e-30,7.756e-18,1.452e-20,4.711e-21,,1.265e-15,3.342e-24,5.145e-15,5.508e-19,1.478e-33,3.634e-18,4.453e+2,2.095e-26,9.269e-19,9.196e-20,7.507e-3,6.016e-1,3.917e+1,1.220e-19,1.601e-26,1.247e-20,3.955e-23,3.933e-21,2.181e+0,5.566e-2,,,3.053e-19,,,1.679e-19,,,1.443e-19,4.877e-18,,1.158e-20,9.309e+0,,9.750e-11,,7.550e-18,2.622e-2,3.722e+2,7.003e-2,1.299e-16,6.871e-19,8.848e-18
345.5,8.700e+2,3.515e-21,8.490e-30,6.772e-47,1.033e-35,6.558e-34,,4.887e-20,9.591e-23,,1.715e-15,1.667e-20,2.441e-30,7.760e-18,1.455e-20,2.948e-21,,7.817e-16,2.677e-24,9.666e-15,5.511e-19,1.475e-33,3.642e-18,4.581e+2,2.096e-26,9.278e-19,9.198e-20,6.584e-3,7.149e-1,3.577e+1,1.219e-19,1.601e-26,1.248e-20,3.956e-23,3.922e-21,1.792e+0,6.807e-2,,,3.034e-19,,,1.679e-19,,,1.443e-19,4.878e-18,,1.158e-20,1.131e+1,,1.798e-10,,7.562e-18,2.055e-2,3.620e+2,9.480e-2,1.299e-16,6.861e-19,8.849e-18
345.53,8.698e+2,3.517e-21,8.575e-30,6.666e-47,1.057e-35,6.577e-34,,4.877e-20,9.578e-23,,1.715e-15,1.850e-20,2.435e-30,7.765e-18,1.460e-20,1.442e-21,,3.749e-16,1.896e-24,2.460e-14,5.516e-19,1.470e-33,3.654e-18,4.758e+2,2.098e-26,9.292e-19,9.201e-20,5.381e-3,9.150e-1,3.125e+1,1.217e-19,1.600e-26,1.250e-20,3.958e-23,3.905e-21,1.319e+0,9.096e-2,,,3.005e-19,,,1.678e-19,,,1.442e-19,4.879e-18,,1.158e-20,1.497e+1,,4.447e-10,,7.578e-18,1.410e-2,3.453e+2,1.475e-1,1.298e-16,6.847e-19,8.850e-18
345.55,8.691e+2,3.518e-21,8.632e-30,6.595e-47,1.074e-35,6.589e-34,,4.871e-20,9.570e-23,,1.716e-15,1.972e-20,2.432e-30,7.768e-18,1.463e-20,8.880e-22,,2.279e-16,1.495e-24,4.548e-14,5.520e-19,1.467e-33,3.662e-18,4.864e+2,2.099e-26,9.302e-19,9.203e-20,4.701e-3,1.070e+0,2.866e+1,1.216e-19,1.599e-26,1.252e-20,3.959e-23,3.894e-21,1.067e+0,1.095e-1,,,2.986e-19,,,1.678e-19,,,1.442e-19,4.880e-18,,1.158e-20,1.790e+1,,8.070e-10,,7.590e-18,1.090e-2,3.338e+2,1.966e-1,1.298e-16,6.837e-19,8.851e-18
345.57,8.685e+2,3.520e-21,8.688e-30,6.524e-47,1.090e-35,6.602e-34,,4.864e-20,9.561e-23,,1.716e-15,2.094e-20,2.428e-30,7.771e-18,1.466e-20,5.433e-22,,1.376e-16,1.172e-24,8.357e-14,5.523e-19,1.464e-33,3.671e-18,4.959e+2,2.100e-26,9.311e-19,9.205e-20,4.120e-3,1.243e+0,2.640e+1,1.214e-19,1.598e-26,1.253e-20,3.960e-23,3.883e-21,8.573e-1,1.309e-1,,,2.967e-19,,,1.678e-19,,,1.442e-19,4.881e-18,,1.157e-20,2.127e+1,,1.455e-9,,7.601e-18,8.382e-3,3.224e+2,2.602e-1,1.297e-16,6.828e-19,8.852e-18
345.6,8.687e+2,3.522e-21,8.773e-30,6.418e-47,1.114e-35,6.621e-34,,4.854e-20,9.548e-23,,1.717e-15,2.277e-20,2.423e-30,7.776e-18,1.471e-20,2.569e-22,,6.380e-17,8.049e-25,2.057e-13,5.528e-19,1.459e-33,3.683e-18,5.084e+2,2.102e-26,9.326e-19,9.208e-20,3.429e-3,1.539e+0,2.364e+1,1.212e-19,1.597e-26,1.255e-20,3.961e-23,3.866e-21,6.101e-1,1.691e-1,,,2.938e-19,,,1.678e-19,,,1.442e-19,4.882e-18,,1.157e-20,2.723e+1,,3.482e-9,,7.617e-18,5.622e-3,3.067e+2,3.916e-1,1.297e-16,6.813e-19,8.853e-18
345.62,8.703e+2,3.523e-21,8.830e-30,6.347e-47,1.130e-35,6.633e-34,,4.848e-20,9.540e-23,,1.718e-15,2.398e-20,2.419e-30,7.780e-18,1.474e-20,1.546e-22,,3.791e-17,6.232e-25,3.720e-13,5.531e-19,1.456e-33,3.691e-18,5.156e+2,2.104e-26,9.335e-19,9.210e-20,3.089e-3,1.760e+0,2.222e+1,1.211e-19,1.597e-26,1.257e-20,3.962e-23,3.855e-21,4.824e-1,1.991e-1,,,2.919e-19,,,1.678e-19,,,1.442e-19,4.883e-18,,1.157e-20,3.184e+1,,6.180e-9,,7.629e-18,4.313e-3,2.977e+2,5.103e-1,1.296e-16,6.804e-19,8.854e-18
345.65,8.762e+2,3.525e-21,8.915e-30,6.241e-47,1.154e-35,6.652e-34,,4.838e-20,9.527e-23,,1.718e-15,2.581e-20,2.414e-30,7.785e-18,1.478e-20,7.136e-23,,1.716e-17,4.234e-25,8.942e-13,5.536e-19,1.451e-33,3.703e-18,5.245e+2,2.106e-26,9.349e-19,9.213e-20,2.759e-3,2.127e+0,2.068e+1,1.209e-19,1.596e-26,1.259e-20,3.963e-23,3.839e-21,3.351e-1,2.511e-1,,,2.891e-19,,,1.678e-19,,,1.441e-19,4.885e-18,,1.157e-20,3.979e+1,,1.444e-8,,7.645e-18,2.951e-3,2.877e+2,7.499e-1,1.296e-16,6.789e-19,8.855e-18
345.67,8.832e+2,3.526e-21,8.972e-30,6.170e-47,1.170e-35,6.664e-34,,4.831e-20,9.518e-23,,1.719e-15,2.703e-20,2.410e-30,7.788e-18,1.481e-20,4.227e-23,,1.003e-17,3.288e-25,1.592e-12,5.540e-19,1.448e-33,3.711e-18,5.295e+2,2.107e-26,9.359e-19,9.215e-20,2.659e-3,2.394e+0,2.003e+1,1.208e-19,1.595e-26,1.260e-20,3.964e-23,3.828e-21,2.608e-1,2.909e-1,,,2.872e-19,,,1.678e-19,,,1.441e-19,4.886e-18,,1.157e-20,4.579e+1,,2.522e-8,,7.657e-18,2.364e-3,2.840e+2,9.615e-1,1.295e-16,6.780e-19,8.855e-18
345.7,8.997e+2,3.528e-21,9.056e-30,6.064e-47,1.195e-35,6.683e-34,,4.821e-20,9.506e-23,,1.720e-15,2.886e-20,2.405e-30,7.793e-18,1.486e-20,1.904e-23,,4.430e-18,2.319e-25,3.736e-12,5.545e-19,1.443e-33,3.723e-18,5.358e+2,2.109e-26,9.373e-19,9.218e-20,2.694e-3,2.824e+0,1.959e+1,1.206e-19,1.594e-26,1.262e-20,3.965e-23,3.811e-21,1.768e-1,3.583e-1,,,2.843e-19,,,1.678e-19,,,1.441e-19,4.887e-18,,1.156e-20,5.586e+1,,5.755e-8,,7.673e-18,1.868e-3,2.837e+2,1.380e+0,1.295e-16,6.765e-19,8.857e-18
345.72,9.153e+2,3.530e-21,9.113e-30,5.993e-47,1.211e-35,6.696e-34,,4.815e-20,9.497e-23,,1.720e-15,3.008e-20,2.401e-30,7.797e-18,1.489e-20,1.110e-23,,2.549e-18,1.921e-25,6.547e-12,5.548e-19,1.440e-33,3.732e-18,5.395e+2,2.110e-26,9.383e-19,9.220e-20,2.844e-3,3.128e+0,1.963e+1,1.205e-19,1.593e-26,1.264e-20,3.966e-23,3.800e-21,1.354e-1,4.084e-1,,,2.824e-19,,,1.678e-19,,,1.441e-19,4.888e-18,,1.156e-20,6.327e+1,,9.896e-8,,7.684e-18,1.764e-3,2.876e+2,1.741e+0,1.294e-16,6.756e-19,8.857e-18
345.75,9.467e+2,3.532e-21,9.198e-30,5.887e-47,1.235e-35,6.714e-34,,4.805e-20,9.484e-23,,1.721e-15,3.190e-20,2.396e-30,7.802e-18,1.494e-20,4.879e-24,,1.099e-18,1.642e-25,1.500e-11,5.553e-19,1.435e-33,3.744e-18,5.445e+2,2.112e-26,9.397e-19,9.223e-20,3.270e-3,3.604e+0,2.014e+1,1.203e-19,1.592e-26,1.266e-20,3.968e-23,3.783e-21,8.963e-2,4.911e-1,,,2.796e-19,,,1.678e-19,,,1.440e-19,4.890e-18,,1.156e-20,7.536e+1,,2.205e-7,,7.701e-18,1.934e-3,3.001e+2,2.439e+0,1.294e-16,6.741e-19,8.859e-18
345.77,9.735e+2,3.533e-21,9.255e-30,5.816e-47,1.251e-35,6.727e-34,,4.798e-20,9.476e-23,,1.721e-15,3.312e-20,2.392e-30,7.805e-18,1.497e-20,2.798e-24,,6.220e-19,1.657e-25,2.588e-11,5.556e-19,1.432e-33,3.752e-18,5.479e+2,2.113e-26,9.407e-19,9.225e-20,3.695e-3,3.928e+0,2.076e+1,1.202e-19,1.592e-26,1.267e-20,3.969e-23,3.772e-21,6.753e-2,5.509e-1,,,2.776e-19,,,1.678e-19,,,1.440e-19,4.891e-18,,1.156e-20,8.401e+1,,3.732e-7,,7.712e-18,2.278e-3,3.133e+2,3.029e+0,1.293e-16,6.732e-19,8.859e-18
345.8,1.023e+3,3.535e-21,9.340e-30,5.710e-47,1.275e-35,6.746e-34,,4.788e-20,9.463e-23,,1.722e-15,3.495e-20,2.387e-30,7.810e-18,1.501e-20,1.201e-24,,2.617e-19,2.000e-25,5.792e-11,5.561e-19,1.427e-33,3.764e-18,5.532e+2,2.115e-26,9.421e-19,9.228e-20,4.559e-3,4.418e+0,2.208e+1,1.200e-19,1.590e-26,1.269e-20,3.970e-23,3.756e-21,4.364e-2,6.468e-1,,,2.748e-19,,,1.677e-19,,,1.440e-19,4.892e-18,,1.156e-20,9.769e+1,,8.119e-7,,7.729e-18,3.208e-3,3.405e+2,4.144e+0,1.293e-16,6.717e-19,8.861e-18
345.82,1.062e+3,3.536e-21,9.396e-30,5.639e-47,1.292e-35,6.758e-34,,4.782e-20,9.455e-23,,1.723e-15,3.617e-20,2.383e-30,7.813e-18,1.504e-20,6.775e-25,,1.458e-19,2.474e-25,9.832e-11,5.565e-19,1.424e-33,3.772e-18,5.572e+2,2.117e-26,9.430e-19,9.230e-20,5.296e-3,4.740e+0,2.322e+1,1.198e-19,1.590e-26,1.271e-20,3.971e-23,3.745e-21,3.236e-2,7.141e-1,,,2.729e-19,,,1.677e-19,,,1.440e-19,4.893e-18,,1.155e-20,1.072e+2,,1.353e-6,,7.740e-18,4.168e-3,3.638e+2,5.065e+0,1.292e-16,6.708e-19,8.861e-18
345.85,1.130e+3,3.538e-21,9.481e-30,5.533e-47,1.316e-35,6.777e-34,,4.772e-20,9.442e-23,,1.723e-15,3.800e-20,2.378e-30,7.818e-18,1.509e-20,2.838e-25,,5.987e-20,3.657e-25,2.149e-10,5.570e-19,1.420e-33,3.784e-18,5.640e+2,2.118e-26,9.445e-19,9.233e-20,6.664e-3,5.204e+0,2.531e+1,1.196e-19,1.589e-26,1.273e-20,3.972e-23,3.728e-21,2.041e-2,8.186e-1,,,2.700e-19,,,1.677e-19,,,1.440e-19,4.895e-18,,1.155e-20,1.217e+2,,2.874e-6,,7.757e-18,6.282e-3,4.059e+2,6.765e+0,1.292e-16,6.693e-19,8.862e-18
345.87,1.181e+3,3.539e-21,9.538e-30,5.462e-47,1.332e-35,6.789e-34,,4.765e-20,9.433e-23,,1.724e-15,3.921e-20,2.374e-30,7.822e-18,1.512e-20,1.576e-25,,3.281e-20,4.852e-25,3.590e-10,5.573e-19,1.416e-33,3.793e-18,5.692e+2,2.120e-26,9.454e-19,9.235e-20,7.759e-3,5.494e+0,2.698e+1,1.195e-19,1.588e-26,1.274e-20,3.973e-23,3.717e-21,1.489e-2,8.895e-1,,,2.681e-19,,,1.677e-19,,,1.439e-19,4.896e-18,,1.155e-20,1.314e+2,,4.712e-6,,7.768e-18,8.274e-3,4.387e+2,8.138e+0,1.291e-16,6.684e-19,8.863e-18
345.9,1.265e+3,3.541e-21,9.623e-30,5.356e-47,1.356e-35,6.808e-34,,4.755e-20,9.421e-23,,1.725e-15,4.104e-20,2.369e-30,7.827e-18,1.517e-20,6.441e-26,,1.315e-20,7.481e-25,7.663e-10,5.578e-19,1.412e-33,3.805e-18,5.779e+2,2.122e-26,9.468e-19,9.238e-20,9.693e-3,5.890e+0,2.992e+1,1.193e-19,1.587e-26,1.276e-20,3.974e-23,3.701e-21,9.170e-3,9.955e-1,,,2.653e-19,,,1.677e-19,,,1.439e-19,4.897e-18,,1.155e-20,1.456e+2,,9.775e-6,,7.785e-18,1.244e-2,4.940e+2,1.061e+1,1.291e-16,6.669e-19,8.864e-18
345.92,1.325e+3,3.543e-21,9.679e-30,5.285e-47,1.372e-35,6.821e-34,,4.749e-20,9.412e-23,,1.725e-15,4.226e-20,2.365e-30,7.830e-18,1.520e-20,3.519e-26,,7.093e-21,9.972e-25,1.260e-9,5.581e-19,1.409e-33,3.813e-18,5.842e+2,2.123e-26,9.478e-19,9.240e-20,1.118e-2,6.120e+0,3.222e+1,1.192e-19,1.586e-26,1.278e-20,3.975e-23,3.689e-21,6.584e-3,1.065e+0,,,2.634e-19,,,1.677e-19,,,1.439e-19,4.898e-18,,1.155e-20,1.547e+2,,1.578e-5,,7.796e-18,1.622e-2,5.345e+2,1.257e+1,1.290e-16,6.660e-19,8.865e-18
345.95,1.421e+3,3.545e-21,9.764e-30,5.179e-47,1.397e-35,6.839e-34,,4.739e-20,9.399e-23,,1.726e-15,4.409e-20,2.360e-30,7.835e-18,1.524e-20,1.404e-26,,2.775e-21,1.523e-24,2.627e-9,5.586e-19,1.404e-33,3.825e-18,5.942e+2,2.125e-26,9.492e-19,9.243e-20,1.373e-2,6.405e+0,3.626e+1,1.190e-19,1.585e-26,1.280e-20,3.977e-23,3.673e-21,3.957e-3,1.163e+0,,,2.605e-19,,,1.677e-19,,,1.439e-19,4.900e-18,,1.154e-20,1.675e+2,,3.196e-5,,7.813e-18,2.391e-2,5.992e+2,1.600e+1,1.289e-16,6.645e-19,8.866e-18
345.97,1.486e+3,3.546e-21,9.821e-30,5.108e-47,1.413e-35,6.852e-34,,4.732e-20,9.391e-23,,1.726e-15,4.531e-20,2.356e-30,7.839e-18,1.527e-20,7.549e-27,,1.473e-21,2.006e-24,4.252e-9,5.590e-19,1.401e-33,3.833e-18,6.008e+2,2.126e-26,9.502e-19,9.245e-20,1.562e-2,6.550e+0,3.942e+1,1.189e-19,1.585e-26,1.281e-20,3.978e-23,3.662e-21,2.796e-3,1.224e+0,,,2.586e-19,,,1.677e-19,,,1.439e-19,4.901e-18,,1.154e-20,1.751e+2,,5.077e-5,,7.824e-18,3.073e-2,6.441e+2,1.864e+1,1.289e-16,6.636e-19,8.867e-18
345.99,1.551e+3,3.547e-21,9.878e-30,5.037e-47,1.429e-35,6.864e-34,,4.726e-20,9.382e-23,,1.727e-15,4.653e-20,2.353e-30,7.842e-18,1.531e-20,4.032e-27,,7.763e-22,2.628e-24,6.839e-9,5.593e-19,1.398e-33,3.841e-18,6.072e+2,2.127e-26,9.511e-19,9.247e-20,1.768e-2,6.656e+0,4.302e+1,1.188e-19,1.584e-26,1.282e-20,3.979e-23,3.651e-21,1.963e-3,1.280e+0,,,2.567e-19,,,1.677e-19,,,1.438e-19,4.902e-18,,1.154e-20,1.820e+2,,8.014e-5,,7.835e-18,3.926e-2,6.897e+2,2.159e+1,1.289e-16,6.626e-19,8.868e-18
346.02,1.648e+3,3.549e-21,9.963e-30,4.931e-47,1.453e-35,6.883e-34,,4.716e-20,9.370e-23,,1.728e-15,4.835e-20,2.347e-30,7.847e-18,1.535e-20,1.555e-27,,2.936e-22,3.894e-24,1.379e-8,5.598e-19,1.393e-33,3.853e-18,6.158e+2,2.129e-26,9.526e-19,9.250e-20,2.104e-2,6.736e+0,4.936e+1,1.186e-19,1.583e-26,1.285e-20,3.980e-23,3.634e-21,1.141e-3,1.353e+0,,,2.538e-19,,,1.677e-19,,,1.438e-19,4.903e-18,,1.154e-20,1.905e+2,,1.570e-4,,7.852e-18,5.601e-2,7.577e+2,2.658e+1,1.288e-16,6.612e-19,8.869e-18
346.04,1.710e+3,3.551e-21,1.002e-29,4.860e-47,1.469e-35,6.896e-34,,4.709e-20,9.361e-23,,1.728e-15,4.957e-20,2.344e-30,7.850e-18,1.538e-20,8.173e-28,,1.523e-22,5.021e-24,2.183e-8,5.602e-19,1.390e-33,3.862e-18,6.204e+2,2.131e-26,9.535e-19,9.252e-20,2.345e-2,6.736e+0,5.433e+1,1.184e-19,1.582e-26,1.286e-20,3.981e-23,3.623e-21,7.879e-4,1.392e+0,,,2.519e-19,,,1.677e-19,,,1.438e-19,4.904e-18,,1.154e-20,1.948e+2,,2.440e-4,,7.863e-18,7.043e-2,8.017e+2,3.029e+1,1.288e-16,6.602e-19,8.870e-18
346.07,1.795e+3,3.553e-21,1.010e-29,4.754e-47,1.493e-35,6.914e-34,,4.699e-20,9.348e-23,,1.729e-15,5.140e-20,2.339e-30,7.855e-18,1.543e-20,3.077e-28,,5.622e-23,7.267e-24,4.297e-8,5.607e-19,1.385e-33,3.874e-18,6.251e+2,2.133e-26,9.549e-19,9.255e-20,2.727e-2,6.656e+0,6.306e+1,1.182e-19,1.581e-26,1.288e-20,3.982e-23,3.607e-21,4.470e-4,1.436e+0,,,2.491e-19,,,1.676e-19,,,1.438e-19,4.906e-18,,1.154e-20,1.990e+2,,4.669e-4,,7.880e-18,9.813e-2,8.637e+2,3.641e+1,1.287e-16,6.588e-19,8.871e-18
346.09,1.847e+3,3.554e-21,1.016e-29,4.683e-47,1.510e-35,6.927e-34,,4.693e-20,9.340e-23,,1.729e-15,5.262e-20,2.335e-30,7.859e-18,1.546e-20,1.591e-28,,2.870e-23,9.224e-24,6.696e-8,5.610e-19,1.382e-33,3.882e-18,6.263e+2,2.134e-26,9.559e-19,9.257e-20,2.992e-2,6.551e+0,6.982e+1,1.181e-19,1.581e-26,1.289e-20,3.983e-23,3.596e-21,3.038e-4,1.455e+0,,,2.472e-19,,,1.676e-19,,,1.438e-19,4.907e-18,,1.153e-20,2.003e+2,,7.139e-4,,7.891e-18,1.215e-1,9.012e+2,4.084e+1,1.287e-16,6.578e-19,8.872e-18
346.12,1.912e+3,3.556e-21,1.025e-29,4.577e-47,1.534e-35,6.946e-34,,4.683e-20,9.327e-23,,1.730e-15,5.445e-20,2.330e-30,7.864e-18,1.551e-20,5.846e-29,,1.034e-23,1.304e-23,1.287e-7,5.615e-19,1.377e-33,3.894e-18,6.247e+2,2.136e-26,9.573e-19,9.260e-20,3.398e-2,6.320e+0,8.155e+1,1.179e-19,1.580e-26,1.291e-20,3.984e-23,3.579e-21,1.682e-4,1.465e+0,,,7.700e-19,,,1.676e-19,,,1.437e-19,4.908e-18,,1.153e-20,1.998e+2,,1.334e-3,,7.908e-18,1.652e-1,9.501e+2,4.793e+1,1.286e-16,6.564e-19,8.873e-18
346.14,1.947e+3,3.557e-21,1.030e-29,4.506e-47,1.550e-35,6.958e-34,,4.676e-20,9.318e-23,,1.731e-15,5.566e-20,2.326e-30,7.867e-18,1.554e-20,2.975e-29,,5.193e-24,1.629e-23,1.974e-7,5.618e-19,1.374e-33,3.902e-18,6.211e+2,2.137e-26,9.583e-19,9.262e-20,3.670e-2,6.121e+0,9.051e+1,1.178e-19,1.579e-26,1.293e-20,3.985e-23,3.568e-21,1.125e-4,1.460e+0,,,1.630e-18,,,1.676e-19,,,1.437e-19,4.909e-18,,1.153e-20,1.979e+2,,2.008e-3,,7.919e-18,2.013e-1,9.767e+2,5.291e+1,1.286e-16,6.554e-19,8.874e-18
346.17,1.985e+3,3.559e-21,1.039e-29,4.400e-47,1.574e-35,6.977e-34,,4.667e-20,9.306e-23,,1.731e-15,5.749e-20,2.321e-30,7.872e-18,1.558e-20,1.067e-29,,1.826e-24,2.247e-23,3.706e-7,5.623e-19,1.369e-33,3.914e-18,6.115e+2,2.139e-26,9.597e-19,9.265e-20,4.072e-2,5.765e+0,1.057e+2,1.176e-19,1.578e-26,1.295e-20,3.987e-23,3.551e-21,6.083e-5,1.436e+0,,,4.959e-18,,,1.676e-19,,,1.437e-19,4.911e-18,,1.153e-20,1.927e+2,,3.664e-3,,7.936e-18,2.674e-1,1.006e+3,6.064e+1,1.285e-16,6.540e-19,8.875e-18
346.19,1.999e+3,3.561e-21,1.044e-29,4.329e-47,1.590e-35,6.989e-34,,4.660e-20,9.297e-23,,1.732e-15,5.871e-20,2.317e-30,7.876e-18,1.561e-20,5.342e-30,,9.025e-25,2.764e-23,5.596e-7,5.627e-19,1.366e-33,3.923e-18,6.023e+2,2.140e-26,9.606e-19,9.267e-20,4.331e-2,5.496e+0,1.171e+2,1.175e-19,1.577e-26,1.296e-20,3.988e-23,3.540e-21,4.004e-5,1.409e+0,,,1.033e-17,,,1.676e-19,,,1.437e-19,4.912e-18,,1.153e-20,1.879e+2,,5.428e-3,,7.947e-18,3.206e-1,1.019e+3,6.588e+1,1.284e-16,6.530e-19,8.876e-18
346.22,2.005e+3,3.563e-21,1.053e-29,4.222e-47,1.615e-35,7.008e-34,,4.650e-20,9.284e-23,,1.733e-15,6.054e-20,2.312e-30,7.881e-18,1.566e-20,1.870e-30,,3.098e-25,3.724e-23,1.026e-6,5.632e-19,1.361e-33,3.935e-18,5.842e+2,2.142e-26,9.621e-19,9.270e-20,4.695e-2,5.054e+0,1.360e+2,1.173e-19,1.576e-26,1.298e-20,3.989e-23,3.524e-21,2.113e-5,1.353e+0,,,3.070e-17,,,1.676e-19,,,1.437e-19,4.913e-18,,1.152e-20,1.787e+2,,9.673e-3,,7.964e-18,4.158e-1,1.025e+3,7.371e+1,1.284e-16,6.516e-19,8.877e-18
346.24,1.998e+3,3.564e-21,1.059e-29,4.152e-47,1.631e-35,7.021e-34,,4.644e-20,9.276e-23,,1.733e-15,6.176e-20,2.308e-30,7.884e-18,1.569e-20,9.213e-31,,1.506e-25,4.507e-23,1.524e-6,5.635e-19,1.358e-33,3.943e-18,5.694e+2,2.144e-26,9.630e-19,9.272e-20,4.917e-2,4.741e+0,1.497e+2,1.172e-19,1.576e-26,1.300e-20,3.990e-23,3.513e-21,1.369e-5,1.306e+0,,,6.296e-17,,,1.676e-19,,,1.436e-19,4.914e-18,,1.152e-20,1.714e+2,,1.410e-2,,7.975e-18,4.906e-1,1.022e+3,7.881e+1,1.283e-16,6.506e-19,8.878e-18
346.27,1.971e+3,3.566e-21,1.067e-29,4.045e-47,1.655e-35,7.039e-34,,4.634e-20,9.263e-23,,1.734e-15,6.358e-20,2.303e-30,7.889e-18,1.574e-20,6.703e-31,,5.046e-26,5.929e-23,2.729e-6,5.640e-19,1.353e-33,3.955e-18,5.435e+2,2.145e-26,9.644e-19,9.275e-20,5.211e-2,4.257e+0,1.719e+2,1.170e-19,1.575e-26,1.302e-20,3.991e-23,3.496e-21,7.050e-6,1.224e+0,,,1.827e-16,,,1.676e-19,,,1.436e-19,4.916e-18,,1.152e-20,1.591e+2,,2.454e-2,,7.991e-18,6.214e-1,1.005e+3,8.610e+1,1.283e-16,6.492e-19,8.879e-18
346.29,1.944e+3,3.567e-21,1.073e-29,3.975e-47,1.671e-35,7.052e-34,,4.627e-20,9.255e-23,,1.734e-15,6.480e-20,2.299e-30,7.892e-18,1.577e-20,1.058e-30,,2.414e-26,7.063e-23,3.991e-6,5.643e-19,1.350e-33,3.963e-18,5.240e+2,2.147e-26,9.654e-19,9.277e-20,5.376e-2,3.931e+0,1.875e+2,1.168e-19,1.574e-26,1.303e-20,3.992e-23,3.485e-21,4.494e-6,1.163e+0,,,3.689e-16,,,1.676e-19,,,1.436e-19,4.917e-18,,1.152e-20,1.502e+2,,3.523e-2,,8.003e-18,7.216e-1,9.854e+2,9.061e+1,1.282e-16,6.482e-19,8.879e-18
346.32,1.888e+3,3.569e-21,1.081e-29,3.868e-47,1.695e-35,7.071e-34,,4.617e-20,9.242e-23,,1.735e-15,6.663e-20,2.294e-30,7.897e-18,1.581e-20,2.837e-30,,7.895e-27,9.073e-23,6.976e-6,5.648e-19,1.346e-33,3.975e-18,4.920e+2,2.149e-26,9.668e-19,9.280e-20,5.574e-2,3.446e+0,2.119e+2,1.167e-19,1.573e-26,1.305e-20,3.993e-23,3.468e-21,2.259e-6,1.065e+0,,,1.046e-15,,,1.676e-19,,,1.436e-19,4.918e-18,,1.152e-20,1.362e+2,,5.985e-2,,8.019e-18,8.923e-1,9.460e+2,9.665e+1,1.282e-16,6.468e-19,8.881e-18
346.34,1.843e+3,3.571e-21,1.087e-29,3.798e-47,1.711e-35,7.083e-34,,4.611e-20,9.233e-23,,1.736e-15,6.785e-20,2.290e-30,7.901e-18,1.584e-20,5.873e-30,,3.717e-27,1.064e-22,1.004e-5,5.652e-19,1.342e-33,3.984e-18,4.692e+2,2.150e-26,9.678e-19,9.281e-20,5.669e-2,3.132e+0,2.286e+2,1.165e-19,1.572e-26,1.307e-20,3.994e-23,3.457e-21,1.417e-6,9.955e-1,,,2.078e-15,,,1.676e-19,,,1.436e-19,4.919e-18,,1.152e-20,1.265e+2,,8.455e-2,,8.031e-18,1.020e+0,9.133e+2,1.001e+2,1.281e-16,6.458e-19,8.881e-18
346.36,1.792e+3,3.572e-21,1.093e-29,3.727e-47,1.728e-35,7.096e-34,,4.604e-20,9.225e-23,,1.736e-15,6.907e-20,2.287e-30,7.904e-18,1.587e-20,1.221e-29,,1.739e-27,1.239e-22,1.437e-5,5.655e-19,1.339e-33,3.992e-18,4.456e+2,2.151e-26,9.687e-19,9.283e-20,5.735e-2,2.828e+0,2.454e+2,1.164e-19,1.572e-26,1.308e-20,3.995e-23,3.446e-21,8.833e-7,9.250e-1,,,4.103e-15,,,1.675e-19,,,1.435e-19,4.920e-18,,1.151e-20,1.168e+2,,1.187e-1,,8.042e-18,1.158e+0,8.761e+2,1.030e+2,1.281e-16,6.449e-19,8.882e-18
346.39,1.706e+3,3.574e-21,1.101e-29,3.621e-47,1.752e-35,7.114e-34,,4.594e-20,9.212e-23,,1.737e-15,7.089e-20,2.281e-30,7.909e-18,1.592e-20,3.632e-29,,5.495e-28,1.539e-22,2.429e-5,5.660e-19,1.335e-33,4.004e-18,4.091e+2,2.153e-26,9.702e-19,9.286e-20,5.777e-2,2.398e+0,2.702e+2,1.162e-19,1.571e-26,1.310e-20,3.997e-23,3.430e-21,4.294e-7,8.186e-1,,,1.125e-14,,,1.675e-19,,,1.435e-19,4.922e-18,,1.151e-20,1.024e+2,,1.951e-1,,8.058e-18,1.385e+0,8.134e+2,1.063e+2,1.280e-16,6.434e-19,8.883e-18
346.41,1.644e+3,3.575e-21,1.107e-29,3.550e-47,1.768e-35,7.127e-34,,4.588e-20,9.204e-23,,1.737e-15,7.211e-20,2.278e-30,7.912e-18,1.595e-20,7.457e-29,,5.526e-28,1.765e-22,3.421e-5,5.663e-19,1.331e-33,4.012e-18,3.846e+2,2.154e-26,9.711e-19,9.288e-20,5.770e-2,2.132e+0,2.862e+2,1.161e-19,1.570e-26,1.312e-20,3.998e-23,3.419e-21,2.633e-7,7.486e-1,,,2.187e-14,,,1.675e-19,,,1.435e-19,4.923e-18,,1.151e-20,9.305e+1,,2.695e-1,,8.070e-18,1.549e+0,7.680e+2,1.076e+2,1.280e-16,6.425e-19,8.884e-18
346.44,1.546e+3,3.577e-21,1.115e-29,3.443e-47,1.792e-35,7.146e-34,,4.578e-20,9.191e-23,,1.738e-15,7.394e-20,2.272e-30,7.918e-18,1.600e-20,2.168e-28,,5.571e-28,2.141e-22,5.648e-5,5.668e-19,1.327e-33,4.024e-18,3.480e+2,2.156e-26,9.725e-19,9.291e-20,5.710e-2,1.767e+0,3.087e+2,1.159e-19,1.569e-26,1.314e-20,3.999e-23,3.402e-21,1.250e-7,6.468e-1,,,5.858e-14,,,1.675e-19,,,1.435e-19,4.924e-18,,1.151e-20,7.963e+1,,4.326e-1,,8.086e-18,1.809e+0,6.962e+2,1.084e+2,1.279e-16,6.410e-19,8.885e-18
346.46,1.477e+3,3.579e-21,1.121e-29,3.373e-47,1.808e-35,7.158e-34,,4.571e-20,9.182e-23,,1.739e-15,7.516e-20,2.269e-30,7.921e-18,1.603e-20,4.382e-28,,5.601e-28,2.416e-22,7.828e-5,5.672e-19,1.324e-33,4.032e-18,3.240e+2,2.158e-26,9.735e-19,9.293e-20,5.641e-2,1.547e+0,3.224e+2,1.158e-19,1.568e-26,1.315e-20,4.000e-23,3.391e-21,7.541e-8,5.821e-1,,,1.121e-13,,,1.675e-19,,,1.435e-19,4.925e-18,,1.151e-20,7.121e+1,,5.883e-1,,8.098e-18,1.990e+0,6.469e+2,1.081e+2,1.279e-16,6.401e-19,8.886e-18
346.49,1.373e+3,3.581e-21,1.129e-29,3.266e-47,1.833e-35,7.177e-34,,4.561e-20,9.170e-23,,1.739e-15,7.699e-20,2.263e-30,7.926e-18,1.607e-20,1.245e-27,,5.646e-28,2.862e-22,1.262e-4,5.677e-19,1.319e-33,4.045e-18,2.893e+2,2.160e-26,9.749e-19,9.296e-20,5.502e-2,1.254e+0,3.403e+2,1.156e-19,1.567e-26,1.317e-20,4.001e-23,3.375e-21,3.493e-8,4.911e-1,,,2.932e-13,,,1.675e-19,,,1.434e-19,4.927e-18,,1.150e-20,5.950e+1,,9.220e-1,,8.114e-18,2.269e+0,5.725e+2,1.063e+2,1.278e-16,6.386e-19,8.887e-18
346.51,1.303e+3,3.582e-21,1.135e-29,3.196e-47,3.884e-35,7.189e-34,,4.555e-20,9.161e-23,,1.740e-15,7.820e-20,2.260e-30,7.929e-18,1.610e-20,2.476e-27,,5.677e-28,3.179e-22,1.722e-4,5.680e-19,1.316e-33,4.053e-18,2.671e+2,2.161e-26,9.759e-19,9.298e-20,5.391e-2,1.084e+0,3.502e+2,1.154e-19,1.567e-26,1.319e-20,4.002e-23,3.363e-21,2.074e-8,4.350e-1,,,5.522e-13,,,1.675e-19,,,1.434e-19,4.927e-18,,1.150e-20,5.236e+1,,1.234e+0,,8.125e-18,2.457e+0,5.236e+2,1.043e+2,1.278e-16,6.377e-19,8.888e-18
346.54,1.198e+3,3.584e-21,1.143e-29,3.089e-47,1.185e-34,7.208e-34,,4.545e-20,9.148e-23,,1.741e-15,8.003e-20,2.254e-30,7.934e-18,1.615e-20,6.869e-27,,5.722e-28,3.677e-22,2.711e-4,5.685e-19,1.311e-33,4.065e-18,2.357e+2,2.163e-26,9.773e-19,9.301e-20,5.207e-2,8.632e-1,3.616e+2,1.153e-19,1.566e-26,1.321e-20,4.003e-23,3.347e-21,9.380e-9,3.583e-1,,,1.411e-12,,,1.675e-19,,,1.434e-19,4.929e-18,,1.150e-20,4.272e+1,,1.889e+0,,8.142e-18,2.735e+0,4.524e+2,1.001e+2,1.277e-16,6.362e-19,8.889e-18
346.56,1.130e+3,3.585e-21,1.149e-29,3.019e-47,2.472e-34,7.221e-34,,4.538e-20,9.140e-23,,1.741e-15,8.125e-20,2.251e-30,7.938e-18,1.618e-20,1.345e-26,,5.752e-28,4.020e-22,3.640e-4,5.688e-19,1.308e-33,4.073e-18,2.161e+2,2.164e-26,9.782e-19,9.303e-20,5.080e-2,7.390e-1,3.667e+2,1.151e-19,1.565e-26,1.322e-20,4.004e-23,3.336e-21,5.481e-9,3.123e-1,,,2.616e-12,,,1.675e-19,,,1.434e-19,4.930e-18,,1.150e-20,3.700e+1,,2.489e+0,,8.153e-18,2.915e+0,4.072e+2,9.665e+1,1.277e-16,6.353e-19,8.890e-18
346.59,1.030e+3,3.587e-21,1.158e-29,2.912e-47,7.362e-34,7.239e-34,,4.528e-20,9.127e-23,,1.742e-15,8.308e-20,2.246e-30,7.943e-18,1.623e-20,3.645e-26,,5.798e-28,4.540e-22,5.596e-4,5.693e-19,1.303e-33,4.085e-18,1.887e+2,2.166e-26,9.797e-19,9.306e-20,4.890e-2,5.847e-1,3.703e+2,1.149e-19,1.564e-26,1.324e-20,4.006e-23,3.319e-21,2.419e-9,2.511e-1,,,6.526e-12,,,1.675e-19,,,1.433e-19,4.931e-18,,1.150e-20,2.947e+1,,3.719e+0,,8.170e-18,3.169e+0,3.436e+2,9.061e+1,1.276e-16,6.338e-19,8.891e-18
346.61,9.663e+2,3.588e-21,1.163e-29,2.841e-47,1.512e-33,7.252e-34,,4.522e-20,9.119e-23,,1.742e-15,8.430e-20,2.242e-30,7.946e-18,1.626e-20,7.027e-26,,5.828e-28,4.884e-22,7.396e-4,5.697e-19,1.300e-33,4.093e-18,1.719e+2,2.167e-26,9.806e-19,9.308e-20,4.771e-2,5.021e-1,3.700e+2,1.148e-19,1.563e-26,1.325e-20,4.007e-23,3.308e-21,1.391e-9,2.154e-1,,,1.191e-11,,,1.675e-19,,,1.433e-19,4.932e-18,,1.149e-20,2.512e+1,,4.823e+0,,8.181e-18,3.324e+0,3.043e+2,8.610e+1,1.276e-16,6.329e-19,8.892e-18
346.64,8.745e+2,3.590e-21,1.172e-29,2.735e-47,4.399e-33,7.271e-34,,4.512e-20,9.106e-23,,1.743e-15,8.612e-20,2.237e-30,7.951e-18,1.630e-20,1.859e-25,,5.873e-28,5.386e-22,1.110e-3,5.702e-19,1.295e-33,4.105e-18,1.488e+2,2.169e-26,9.821e-19,9.311e-20,4.611e-2,4.061e-1,3.654e+2,1.146e-19,1.562e-26,1.328e-20,4.008e-23,3.292e-21,5.995e-10,1.691e-1,,,2.903e-11,,,1.674e-19,,,1.433e-19,4.934e-18,,1.149e-20,1.953e+1,,7.038e+0,,8.198e-18,3.529e+0,2.507e+2,7.881e+1,1.275e-16,6.314e-19,8.893e-18
346.66,8.164e+2,3.592e-21,1.177e-29,2.664e-47,8.894e-33,7.283e-34,,4.505e-20,9.097e-23,,1.744e-15,8.734e-20,2.233e-30,7.955e-18,1.633e-20,3.529e-25,,5.904e-28,5.703e-22,1.445e-3,5.705e-19,1.292e-33,4.114e-18,1.348e+2,2.170e-26,9.830e-19,9.313e-20,4.520e-2,3.597e-1,3.598e+2,1.145e-19,1.561e-26,1.329e-20,4.009e-23,3.281e-21,3.392e-10,1.428e-1,,,5.215e-11,,,1.674e-19,,,1.433e-19,4.935e-18,,1.149e-20,1.638e+1,,8.984e+0,,8.209e-18,3.644e+0,2.185e+2,7.371e+1,1.275e-16,6.305e-19,8.894e-18
346.69,7.347e+2,3.594e-21,1.186e-29,2.558e-47,2.527e-32,7.302e-34,,4.495e-20,9.084e-23,,1.744e-15,8.917e-20,2.228e-30,7.960e-18,1.638e-20,9.121e-25,,5.949e-28,6.141e-22,2.118e-3,5.710e-19,1.287e-33,4.126e-18,1.157e+2,2.172e-26,9.844e-19,9.316e-20,4.412e-2,3.149e-1,3.479e+2,1.143e-19,1.560e-26,1.331e-20,4.010e-23,3.264e-21,1.427e-10,1.095e-1,,,1.241e-10,,,1.674e-19,,,1.433e-19,4.936e-18,,1.149e-20,1.244e+1,,1.280e+1,,8.226e-18,3.778e+0,1.758e+2,6.588e+1,1.274e-16,6.290e-19,8.895e-18
346.71,6.841e+2,3.595e-21,1.192e-29,2.487e-47,5.030e-32,7.314e-34,,4.489e-20,9.076e-23,,1.745e-15,9.039e-20,2.224e-30,7.963e-18,1.641e-20,1.704e-24,,5.979e-28,6.400e-22,2.712e-3,5.714e-19,1.284e-33,4.134e-18,1.043e+2,2.174e-26,9.854e-19,9.318e-20,4.360e-2,3.009e-1,3.378e+2,1.142e-19,1.560e-26,1.332e-20,4.011e-23,3.253e-21,7.946e-11,9.096e-2,,,2.195e-10,,,1.674e-19,,,1.432e-19,4.937e-18,,1.149e-20,1.027e+1,,1.608e+1,,8.237e-18,3.839e+0,1.508e+2,6.064e+1,1.274e-16,6.281e-19,8.896e-18
346.73,6.368e+2,3.596e-21,1.197e-29,2.417e-47,9.949e-32,7.327e-34,,4.482e-20,9.067e-23,,1.745e-15,9.161e-20,2.220e-30,7.966e-18,1.644e-20,3.164e-24,,6.009e-28,6.628e-22,3.450e-3,5.717e-19,1.281e-33,4.142e-18,9.376e+1,2.175e-26,9.863e-19,9.320e-20,4.325e-2,2.992e-1,3.262e+2,1.140e-19,1.559e-26,1.334e-20,4.012e-23,3.242e-21,4.396e-11,7.509e-2,,,3.857e-10,,,1.674e-19,,,1.432e-19,4.938e-18,,1.149e-20,8.425e+0,,2.008e+1,,8.248e-18,3.877e+0,1.285e+2,5.546e+1,1.273e-16,6.271e-19,8.896e-18
346.76,5.725e+2,3.598e-21,1.206e-29,2.310e-47,2.735e-31,7.346e-34,,4.472e-20,9.055e-23,,1.746e-15,9.344e-20,2.215e-30,7.971e-18,1.649e-20,7.912e-24,,6.055e-28,6.902e-22,4.893e-3,5.722e-19,1.276e-33,4.154e-18,7.964e+1,2.177e-26,9.878e-19,9.323e-20,4.301e-2,3.197e-1,3.067e+2,1.139e-19,1.558e-26,1.336e-20,4.013e-23,3.225e-21,1.788e-11,5.566e-2,,,8.882e-10,,,1.674e-19,,,1.432e-19,4.940e-18,,1.148e-20,6.185e+0,,2.768e+1,,8.265e-18,3.890e+0,9.997e+1,4.793e+1,1.273e-16,6.257e-19,8.898e-18
346.78,5.343e+2,3.600e-21,1.211e-29,2.239e-47,5.326e-31,7.358e-34,,4.466e-20,9.046e-23,,1.747e-15,9.465e-20,2.212e-30,7.975e-18,1.652e-20,1.446e-23,,6.085e-28,7.035e-22,6.127e-3,5.725e-19,1.273e-33,4.162e-18,7.126e+1,2.178e-26,9.887e-19,9.325e-20,4.303e-2,3.489e-1,2.927e+2,1.137e-19,1.557e-26,1.337e-20,4.014e-23,3.214e-21,9.734e-12,4.523e-2,,,1.536e-9,,,1.674e-19,,,1.432e-19,4.941e-18,,1.148e-20,4.994e+0,,3.401e+1,,8.276e-18,3.868e+0,8.388e+1,4.315e+1,1.272e-16,6.247e-19,8.898e-18
346.81,4.847e+2,3.602e-21,1.220e-29,2.133e-47,1.430e-30,7.377e-34,,4.456e-20,9.033e-23,,1.748e-15,9.648e-20,2.206e-30,7.980e-18,1.656e-20,3.532e-23,,6.130e-28,7.154e-22,8.485e-3,5.730e-19,1.269e-33,4.175e-18,6.014e+1,2.180e-26,9.901e-19,9.328e-20,4.326e-2,4.167e-1,2.708e+2,1.135e-19,1.556e-26,1.339e-20,4.016e-23,3.198e-21,3.864e-12,3.273e-2,,,3.455e-9,,,1.674e-19,,,1.432e-19,4.942e-18,,1.148e-20,3.579e+0,,4.578e+1,,8.293e-18,3.792e+0,6.369e+1,3.641e+1,1.272e-16,6.233e-19,8.900e-18
346.83,4.571e+2,3.603e-21,1.226e-29,2.062e-47,2.741e-30,7.389e-34,,4.449e-20,9.025e-23,,1.748e-15,9.770e-20,2.203e-30,7.983e-18,1.659e-20,6.354e-23,,6.161e-28,7.177e-22,1.046e-2,5.734e-19,1.265e-33,4.183e-18,5.364e+1,2.181e-26,9.911e-19,9.330e-20,4.351e-2,4.786e-1,2.561e+2,1.134e-19,1.556e-26,1.341e-20,4.017e-23,3.187e-21,2.070e-12,2.618e-2,,,5.884e-9,,,1.674e-19,,,1.431e-19,4.943e-18,,1.148e-20,2.844e+0,,5.537e+1,,8.304e-18,3.714e+0,5.259e+1,3.226e+1,1.271e-16,6.223e-19,8.900e-18
346.86,4.243e+2,3.605e-21,1.234e-29,1.956e-47,7.188e-30,7.408e-34,,4.439e-20,9.012e-23,,1.749e-15,9.953e-20,2.197e-30,7.988e-18,1.664e-20,1.516e-22,,6.206e-28,7.126e-22,1.414e-2,5.739e-19,1.261e-33,4.195e-18,4.519e+1,2.183e-26,9.925e-19,9.333e-20,4.396e-2,5.981e-1,2.345e+2,1.132e-19,1.555e-26,1.343e-20,4.018e-23,3.170e-21,8.021e-13,1.850e-2,,,1.292e-8,,,1.674e-19,,,1.431e-19,4.945e-18,,1.148e-20,1.990e+0,,7.278e+1,,8.321e-18,3.560e+0,3.899e+1,2.658e+1,1.271e-16,6.209e-19,8.901e-18
346.88,4.086e+2,3.606e-21,1.240e-29,1.885e-47,1.356e-29,7.421e-34,,4.433e-20,9.004e-23,,1.749e-15,1.007e-19,2.194e-30,7.991e-18,1.667e-20,2.685e-22,,6.236e-28,7.035e-22,1.716e-2,5.742e-19,1.258e-33,4.203e-18,4.038e+1,2.185e-26,9.935e-19,9.335e-20,4.425e-2,6.965e-1,2.210e+2,1.131e-19,1.554e-26,1.344e-20,4.019e-23,3.159e-21,4.229e-13,1.456e-2,,,2.166e-8,,,1.674e-19,,,1.431e-19,4.946e-18,,1.147e-20,1.556e+0,,8.664e+1,,8.332e-18,3.438e+0,3.169e+1,2.317e+1,1.270e-16,6.199e-19,8.902e-18
346.91,3.950e+2,3.608e-21,1.248e-29,1.779e-47,3.474e-29,7.439e-34,,4.423e-20,8.991e-23,,1.750e-15,1.026e-19,2.188e-30,7.997e-18,1.672e-20,6.254e-22,,6.282e-28,6.821e-22,2.266e-2,5.747e-19,1.253e-33,4.215e-18,3.439e+1,2.187e-26,9.949e-19,9.338e-20,4.461e-2,8.738e-1,2.026e+2,1.129e-19,1.553e-26,1.346e-20,4.020e-23,3.142e-21,1.600e-13,1.004e-2,,,4.646e-8,,,1.674e-19,,,1.431e-19,4.947e-18,,1.147e-20,1.063e+0,,1.112e+2,,8.349e-18,3.229e+0,2.294e+1,1.864e+1,1.269e-16,6.185e-19,8.903e-18
346.93,3.928e+2,3.610e-21,1.254e-29,1.708e-47,6.453e-29,7.452e-34,,4.416e-20,8.982e-23,,1.751e-15,1.038e-19,2.185e-30,8.000e-18,1.675e-20,1.091e-21,,6.312e-28,6.628e-22,2.706e-2,5.750e-19,1.250e-33,4.223e-18,3.120e+1,2.188e-26,9.959e-19,9.340e-20,4.474e-2,1.013e+0,1.919e+2,1.128e-19,1.552e-26,1.348e-20,4.021e-23,3.131e-21,8.299e-14,7.778e-3,,,7.667e-8,,,1.673e-19,,,1.431e-19,4.948e-18,,1.147e-20,8.184e-1,,1.303e+2,,8.360e-18,3.079e+0,1.834e+1,1.600e+1,1.269e-16,6.175e-19,8.904e-18
346.96,4.003e+2,3.612e-21,1.262e-29,1.602e-47,1.614e-28,7.471e-34,,4.407e-20,8.970e-23,,1.751e-15,1.056e-19,2.179e-30,8.005e-18,1.679e-20,2.481e-21,,6.357e-28,6.274e-22,3.490e-2,5.755e-19,1.245e-33,4.236e-18,2.762e+1,2.190e-26,9.973e-19,9.343e-20,4.471e-2,1.253e+0,1.791e+2,1.126e-19,1.551e-26,1.350e-20,4.022e-23,3.115e-21,3.064e-14,5.239e-3,,,1.606e-7,,,1.673e-19,,,1.430e-19,4.950e-18,,1.147e-20,5.459e-1,,1.633e+2,,8.377e-18,2.843e+0,1.296e+1,1.257e+1,1.268e-16,6.161e-19,8.905e-18
346.98,4.128e+2,3.613e-21,1.268e-29,1.531e-47,2.952e-28,7.483e-34,,4.400e-20,8.961e-23,,1.752e-15,1.068e-19,2.176e-30,8.008e-18,1.682e-20,4.259e-21,,6.387e-28,6.001e-22,4.102e-2,5.759e-19,1.242e-33,4.244e-18,2.608e+1,2.191e-26,9.982e-19,9.345e-20,4.449e-2,1.435e+0,1.729e+2,1.125e-19,1.551e-26,1.351e-20,4.023e-23,3.104e-21,1.564e-14,3.993e-3,,,2.609e-7,,,1.673e-19,,,1.430e-19,4.951e-18,,1.147e-20,4.135e-1,,1.884e+2,,8.388e-18,2.685e+0,1.020e+1,1.061e+1,1.268e-16,6.151e-19,8.906e-18
347.01,4.431e+2,3.615e-21,1.277e-29,1.425e-47,7.213e-28,7.502e-34,,4.390e-20,8.948e-23,,1.753e-15,1.087e-19,2.170e-30,8.013e-18,1.687e-20,9.465e-21,,6.433e-28,5.547e-22,5.165e-2,5.764e-19,1.237e-33,4.256e-18,2.507e+1,2.193e-26,9.997e-19,9.348e-20,4.385e-2,1.740e+0,1.677e+2,1.123e-19,1.550e-26,1.353e-20,4.025e-23,3.087e-21,5.638e-15,2.626e-3,,,5.338e-7,,,1.673e-19,,,1.430e-19,4.952e-18,,1.146e-20,2.693e-1,,2.305e+2,,8.405e-18,2.455e+0,7.041e+0,8.138e+0,1.267e-16,6.137e-19,8.907e-18
347.03,4.711e+2,3.616e-21,1.282e-29,1.354e-47,1.298e-27,7.514e-34,,4.384e-20,8.940e-23,,1.753e-15,1.099e-19,2.167e-30,8.017e-18,1.690e-20,1.599e-20,,6.463e-28,5.222e-22,5.976e-2,5.767e-19,1.234e-33,4.264e-18,2.534e+1,2.194e-26,1.001e-18,9.350e-20,4.319e-2,1.964e+0,1.672e+2,1.121e-19,1.549e-26,1.355e-20,4.026e-23,3.076e-21,2.833e-15,1.970e-3,,,8.535e-7,,,1.673e-19,,,1.430e-19,4.953e-18,,1.146e-20,2.007e-1,,2.617e+2,,8.416e-18,2.311e+0,5.454e+0,6.765e+0,1.267e-16,6.127e-19,8.908e-18
347.06,5.247e+2,3.618e-21,1.291e-29,1.248e-47,3.099e-27,7.533e-34,,4.374e-20,8.927e-23,,1.754e-15,1.117e-19,2.161e-30,8.022e-18,1.695e-20,3.471e-20,,6.508e-28,4.713e-22,7.348e-2,5.772e-19,1.229e-33,4.276e-18,2.725e+1,2.196e-26,1.002e-18,9.353e-20,4.183e-2,2.328e+0,1.712e+2,1.119e-19,1.548e-26,1.357e-20,4.027e-23,3.060e-21,9.967e-16,1.265e-3,,,1.705e-6,,,1.673e-19,,,1.429e-19,4.955e-18,,1.146e-20,1.276e-1,,3.128e+2,,8.432e-18,2.117e+0,3.674e+0,5.065e+0,1.266e-16,6.113e-19,8.909e-18
347.08,5.680e+2,3.620e-21,1.296e-29,1.177e-47,5.490e-27,7.545e-34,,4.367e-20,8.919e-23,,1.754e-15,1.129e-19,2.158e-30,8.025e-18,1.698e-20,5.774e-20,,6.539e-28,4.366e-22,8.368e-2,5.775e-19,1.226e-33,4.284e-18,2.963e+1,2.197e-26,1.003e-18,9.355e-20,4.069e-2,2.587e+0,1.772e+2,1.118e-19,1.547e-26,1.358e-20,4.028e-23,3.049e-21,4.927e-16,9.338e-4,,,2.684e-6,,,1.673e-19,,,1.429e-19,4.956e-18,,1.146e-20,9.363e-2,,3.495e+2,,8.444e-18,2.006e+0,2.801e+0,4.144e+0,1.266e-16,6.103e-19,8.910e-18
347.1,6.173e+2,3.621e-21,1.302e-29,1.106e-47,9.667e-27,7.558e-34,,4.360e-20,8.910e-23,,1.755e-15,1.141e-19,2.154e-30,8.028e-18,1.701e-20,9.544e-20,,6.569e-28,4.020e-22,9.468e-2,5.779e-19,1.223e-33,4.292e-18,3.296e+1,2.199e-26,1.004e-18,9.357e-20,3.936e-2,2.857e+0,1.858e+2,1.117e-19,1.547e-26,1.359e-20,4.029e-23,3.037e-21,2.420e-16,6.850e-4,,,4.198e-6,,,1.673e-19,,,1.429e-19,4.957e-18,,1.146e-20,6.825e-2,,3.880e+2,,8.455e-18,1.914e+0,2.122e+0,3.368e+0,1.266e-16,6.093e-19,8.911e-18
347.13,7.015e+2,3.623e-21,1.311e-29,1.000e-47,2.232e-26,7.577e-34,,4.351e-20,8.897e-23,,1.756e-15,1.160e-19,2.149e-30,8.033e-18,1.706e-20,2.004e-19,,6.614e-28,3.509e-22,1.126e-1,5.784e-19,1.218e-33,4.305e-18,3.992e+1,2.201e-26,1.005e-18,9.360e-20,3.707e-2,3.278e+0,2.040e+2,1.115e-19,1.546e-26,1.362e-20,4.030e-23,3.021e-21,8.233e-17,4.253e-4,,,8.116e-6,,,1.673e-19,,,1.429e-19,4.958e-18,,1.145e-20,4.196e-2,,4.485e+2,,8.472e-18,1.815e+0,1.383e+0,2.439e+0,1.265e-16,6.079e-19,8.912e-18
347.15,7.641e+2,3.624e-21,1.316e-29,9.293e-48,3.869e-26,7.589e-34,,4.344e-20,8.889e-23,,1.756e-15,1.172e-19,2.145e-30,8.037e-18,1.709e-20,3.261e-19,,6.644e-28,3.180e-22,1.254e-1,5.787e-19,1.215e-33,4.313e-18,4.598e+1,2.202e-26,1.006e-18,9.362e-20,3.536e-2,3.564e+0,2.194e+2,1.114e-19,1.545e-26,1.363e-20,4.031e-23,3.010e-21,3.980e-17,3.071e-4,,,1.250e-5,,,1.673e-19,,,1.429e-19,4.959e-18,,1.145e-20,3.010e-2,,4.902e+2,,8.483e-18,1.778e+0,1.031e+0,1.951e+0,1.264e-16,6.069e-19,8.913e-18
347.18,8.663e+2,3.626e-21,1.325e-29,8.230e-48,8.726e-26,7.608e-34,,4.334e-20,8.876e-23,,1.757e-15,1.190e-19,2.140e-30,8.042e-18,1.713e-20,6.689e-19,,6.690e-28,2.711e-22,1.457e-1,5.792e-19,1.210e-33,4.325e-18,5.741e+1,2.204e-26,1.008e-18,9.365e-20,3.258e-2,3.993e+0,2.475e+2,1.112e-19,1.544e-26,1.365e-20,4.032e-23,2.993e-21,1.610e-17,1.861e-4,,,2.359e-5,,,1.673e-19,,,1.428e-19,4.961e-18,,1.145e-20,1.807e-2,,5.534e+2,,8.499e-18,1.770e+0,6.556e-1,1.380e+0,1.264e-16,6.055e-19,8.914e-18
347.2,9.391e+2,3.628e-21,1.330e-29,7.522e-48,1.489e-25,7.620e-34,,4.328e-20,8.867e-23,,1.757e-15,1.202e-19,2.136e-30,8.045e-18,1.716e-20,1.071e-18,,6.720e-28,2.418e-22,1.597e-1,5.795e-19,1.207e-33,4.333e-18,6.670e+1,2.205e-26,1.009e-18,9.367e-20,3.062e-2,4.274e+0,2.693e+2,1.111e-19,1.543e-26,1.366e-20,4.033e-23,2.982e-21,1.245e-17,1.323e-4,,,3.576e-5,,,1.672e-19,,,1.428e-19,4.962e-18,,1.145e-20,1.276e-2,,5.952e+2,,8.511e-18,1.799e+0,4.811e-1,1.086e+0,1.263e-16,6.045e-19,8.915e-18
347.23,1.053e+3,3.630e-21,1.339e-29,6.460e-48,3.280e-25,7.639e-34,,4.318e-20,8.855e-23,,1.758e-15,1.221e-19,2.131e-30,8.050e-18,1.721e-20,2.146e-18,,6.765e-28,2.014e-22,1.812e-1,5.800e-19,1.202e-33,4.345e-18,8.335e+1,2.207e-26,1.010e-18,9.370e-20,2.758e-2,4.676e+0,3.061e+2,1.109e-19,1.542e-26,1.369e-20,4.035e-23,2.966e-21,2.101e-17,7.827e-5,,,6.593e-5,,,1.672e-19,,,1.428e-19,4.963e-18,,1.145e-20,7.478e-3,,6.561e+2,,8.527e-18,1.893e+0,2.988e-1,7.499e-1,1.263e-16,6.031e-19,8.916e-18
347.25,1.132e+3,3.631e-21,1.345e-29,5.751e-48,5.509e-25,7.652e-34,,4.311e-20,8.846e-23,,1.759e-15,1.233e-19,2.127e-30,8.054e-18,1.724e-20,3.384e-18,,6.796e-28,1.769e-22,1.955e-1,5.804e-19,1.199e-33,4.353e-18,9.634e+1,2.208e-26,1.011e-18,9.372e-20,2.553e-2,4.926e+0,3.331e+2,1.107e-19,1.542e-26,1.370e-20,4.036e-23,2.955e-21,4.079e-17,5.473e-5,,,9.837e-5,,,1.672e-19,,,1.428e-19,4.964e-18,,1.145e-20,5.196e-3,,6.947e+2,,8.539e-18,1.990e+0,2.157e-1,5.811e-1,1.262e-16,6.021e-19,8.917e-18
347.28,1.251e+3,3.633e-21,1.353e-29,4.689e-48,1.185e-24,7.670e-34,,4.301e-20,8.833e-23,,1.759e-15,1.251e-19,2.122e-30,8.059e-18,1.729e-20,6.622e-18,,6.841e-28,1.440e-22,2.165e-1,5.809e-19,1.195e-33,4.366e-18,1.188e+2,2.210e-26,1.013e-18,9.375e-20,2.248e-2,5.264e+0,3.764e+2,1.105e-19,1.541e-26,1.372e-20,4.037e-23,2.938e-21,1.198e-16,3.162e-5,,,1.771e-4,,,1.672e-19,,,1.428e-19,4.966e-18,,1.144e-20,2.974e-3,,7.478e+2,,8.555e-18,2.187e+0,1.308e-1,3.916e-1,1.262e-16,6.007e-19,8.918e-18
347.3,1.330e+3,3.634e-21,1.359e-29,3.981e-48,1.960e-24,7.683e-34,,4.295e-20,8.825e-23,,1.760e-15,1.263e-19,2.119e-30,8.062e-18,1.732e-20,1.028e-17,,6.871e-28,1.247e-22,2.299e-1,5.812e-19,1.191e-33,4.374e-18,1.357e+2,2.212e-26,1.013e-18,9.377e-20,2.048e-2,5.458e+0,4.067e+2,1.104e-19,1.540e-26,1.373e-20,4.038e-23,2.927e-21,2.476e-16,2.176e-5,,,2.602e-4,,,1.672e-19,,,1.427e-19,4.967e-18,,1.144e-20,2.033e-3,,7.792e+2,,8.566e-18,2.350e+0,9.297e-2,2.987e-1,1.261e-16,5.997e-19,8.918e-18
347.33,1.445e+3,3.636e-21,1.367e-29,2.919e-48,4.118e-24,7.702e-34,,4.285e-20,8.812e-23,,1.761e-15,1.282e-19,2.113e-30,8.067e-18,1.736e-20,1.964e-17,,6.917e-28,9.946e-23,2.487e-1,5.817e-19,1.187e-33,4.386e-18,1.640e+2,2.214e-26,1.015e-18,9.380e-20,1.762e-2,5.696e+0,4.531e+2,1.102e-19,1.539e-26,1.375e-20,4.039e-23,2.910e-21,7.274e-16,1.228e-5,,,4.576e-4,,,1.672e-19,,,1.427e-19,4.968e-18,,1.144e-20,1.136e-3,,8.191e+2,,8.583e-18,2.641e+0,5.504e-2,1.966e-1,1.261e-16,5.983e-19,8.920e-18
347.35,1.518e+3,3.638e-21,1.373e-29,2.210e-48,6.703e-24,7.714e-34,,4.278e-20,8.804e-23,,1.761e-15,1.294e-19,2.110e-30,8.070e-18,1.739e-20,3.002e-17,,6.947e-28,8.505e-23,2.600e-1,5.821e-19,1.184e-33,4.394e-18,1.848e+2,2.215e-26,1.016e-18,9.382e-20,1.581e-2,5.814e+0,4.842e+2,1.101e-19,1.538e-26,1.377e-20,4.040e-23,2.899e-21,1.480e-15,8.316e-6,,,6.615e-4,,,1.672e-19,,,1.427e-19,4.969e-18,,1.144e-20,7.645e-4,,8.402e+2,,8.594e-18,2.863e+0,3.849e-2,1.475e-1,1.260e-16,5.973e-19,8.920e-18
347.38,1.620e+3,3.639e-21,1.381e-29,1.148e-48,1.376e-23,7.733e-34,,4.268e-20,8.791e-23,,1.762e-15,1.312e-19,2.104e-30,8.075e-18,1.744e-20,5.603e-17,,6.992e-28,6.684e-23,2.746e-1,5.826e-19,1.179e-33,4.406e-18,2.185e+2,2.217e-26,1.017e-18,9.385e-20,1.328e-2,5.925e+0,5.298e+2,1.099e-19,1.537e-26,1.379e-20,4.041e-23,2.883e-21,4.248e-15,4.580e-6,,,1.136e-3,,,1.672e-19,,,1.427e-19,4.971e-18,,1.144e-20,4.170e-4,,8.624e+2,,8.611e-18,3.229e+0,2.225e-2,9.480e-2,1.260e-16,5.959e-19,8.922e-18
347.4,1.682e+3,3.641e-21,1.387e-29,4.398e-49,2.204e-23,7.745e-34,,4.262e-20,8.782e-23,,1.762e-15,1.324e-19,2.101e-30,8.079e-18,1.747e-20,8.427e-17,,7.022e-28,5.680e-23,2.825e-1,5.829e-19,1.176e-33,4.414e-18,2.424e+2,2.218e-26,1.018e-18,9.387e-20,1.173e-2,5.954e+0,5.588e+2,1.098e-19,1.536e-26,1.380e-20,4.042e-23,2.872e-21,8.511e-15,3.053e-6,,,1.617e-3,,,1.672e-19,,,1.427e-19,4.972e-18,,1.143e-20,2.762e-4,,8.707e+2,,8.622e-18,3.493e+0,1.532e-2,7.003e-2,1.259e-16,5.949e-19,8.922e-18
347.43,1.762e+3,3.643e-21,1.395e-29,1.358e-48,4.419e-23,7.764e-34,,4.252e-20,8.770e-23,,1.763e-15,1.343e-19,2.095e-30,8.084e-18,1.752e-20,1.536e-16,,7.068e-28,4.462e-23,2.914e-1,5.834e-19,1.171e-33,4.427e-18,2.801e+2,2.220e-26,1.020e-18,9.390e-20,9.620e-3,5.928e+0,5.991e+2,1.096e-19,1.535e-26,1.382e-20,4.044e-23,2.855e-21,2.385e-14,1.642e-6,,,2.713e-3,,,1.672e-19,,,1.426e-19,4.973e-18,,1.143e-20,1.471e-4,,8.727e+2,,8.639e-18,3.909e+0,8.643e-3,4.394e-2,1.259e-16,5.935e-19,8.924e-18
347.45,1.807e+3,3.644e-21,1.401e-29,2.859e-48,6.970e-23,7.777e-34,,4.245e-20,8.761e-23,,1.764e-15,1.355e-19,2.092e-30,8.087e-18,1.755e-20,2.275e-16,,7.098e-28,3.824e-23,2.951e-1,5.837e-19,1.168e-33,4.435e-18,3.060e+2,2.221e-26,1.021e-18,9.392e-20,8.363e-3,5.865e+0,6.231e+2,1.095e-19,1.535e-26,1.384e-20,4.045e-23,2.844e-21,4.705e-14,1.077e-6,,,3.800e-3,,,1.672e-19,,,1.426e-19,4.974e-18,,1.143e-20,9.588e-5,,8.672e+2,,8.650e-18,4.194e+0,5.855e-3,3.194e-2,1.258e-16,5.925e-19,8.924e-18
347.47,1.843e+3,3.645e-21,1.407e-29,5.979e-48,1.093e-22,7.789e-34,,4.239e-20,8.753e-23,,1.764e-15,1.367e-19,2.088e-30,8.091e-18,1.758e-20,3.347e-16,,7.128e-28,3.313e-23,2.970e-1,5.841e-19,1.165e-33,4.443e-18,3.322e+2,2.223e-26,1.022e-18,9.394e-20,7.225e-3,5.767e+0,6.443e+2,1.093e-19,1.534e-26,1.385e-20,4.045e-23,2.833e-21,9.223e-14,7.021e-7,,,5.290e-3,,,1.672e-19,,,1.426e-19,4.975e-18,,1.143e-20,6.210e-5,,8.563e+2,,8.661e-18,4.482e+0,3.941e-3,2.308e-2,1.258e-16,5.916e-19,8.925e-18
347.5,1.883e+3,3.647e-21,1.415e-29,1.787e-47,2.119e-22,7.808e-34,,4.229e-20,8.740e-23,,1.765e-15,1.385e-19,2.083e-30,8.096e-18,1.762e-20,5.905e-16,,7.174e-28,2.761e-23,2.963e-1,5.846e-19,1.160e-33,4.455e-18,3.714e+2,2.224e-26,1.023e-18,9.397e-20,5.733e-3,5.560e+0,6.701e+2,1.091e-19,1.533e-26,1.387e-20,4.047e-23,2.816e-21,2.501e-13,3.651e-7,,,8.586e-3,,,1.671e-19,,,1.426e-19,4.976e-18,,1.143e-20,3.198e-5,,8.302e+2,,8.678e-18,4.910e+0,2.151e-3,1.400e-2,1.257e-16,5.901e-19,8.926e-18
347.52,1.898e+3,3.649e-21,1.421e-29,3.680e-47,3.270e-22,7.820e-34,,4.222e-20,8.731e-23,,1.765e-15,1.397e-19,2.079e-30,8.099e-18,1.765e-20,8.552e-16,,7.204e-28,2.522e-23,2.935e-1,5.849e-19,1.157e-33,4.463e-18,3.970e+2,2.226e-26,1.024e-18,9.399e-20,4.875e-3,5.387e+0,6.829e+2,1.090e-19,1.532e-26,1.389e-20,4.048e-23,2.805e-21,4.827e-13,2.342e-7,,,1.176e-2,,,1.671e-19,,,1.426e-19,4.977e-18,,1.143e-20,2.038e-5,,8.069e+2,,1.837e-17,5.187e+0,1.425e-3,9.955e-3,1.257e-16,5.892e-19,8.927e-18
347.55,1.903e+3,3.651e-21,1.429e-29,1.074e-46,6.194e-22,7.839e-34,,4.212e-20,8.719e-23,,1.766e-15,1.416e-19,2.074e-30,8.104e-18,1.770e-20,1.473e-15,,7.249e-28,2.336e-23,2.859e-1,5.854e-19,1.152e-33,4.475e-18,4.334e+2,2.228e-26,1.025e-18,9.401e-20,3.778e-3,5.081e+0,6.946e+2,1.088e-19,1.531e-26,1.391e-20,4.049e-23,2.789e-21,1.279e-12,1.189e-7,,,1.865e-2,,,1.671e-19,,,1.425e-19,4.979e-18,,1.142e-20,1.025e-5,,7.640e+2,,5.592e-17,5.581e+0,7.593e-4,5.897e-3,1.256e-16,5.877e-19,8.928e-18
347.57,1.895e+3,3.652e-21,1.435e-29,2.178e-46,9.408e-22,7.852e-34,,4.206e-20,8.710e-23,,1.767e-15,1.428e-19,2.070e-30,8.107e-18,1.773e-20,2.101e-15,,7.279e-28,2.317e-23,2.787e-1,5.857e-19,1.149e-33,4.483e-18,4.560e+2,2.229e-26,1.026e-18,9.403e-20,3.162e-3,4.853e+0,6.974e+2,1.087e-19,1.531e-26,1.392e-20,4.050e-23,2.778e-21,2.429e-12,7.508e-8,,,2.515e-2,,,1.671e-19,,,1.425e-19,4.980e-18,,1.142e-20,6.430e-6,,7.308e+2,,1.165e-16,5.825e+0,4.950e-4,4.126e-3,1.256e-16,5.868e-19,8.929e-18
347.6,1.867e+3,3.654e-21,1.444e-29,6.212e-46,1.741e-21,7.870e-34,,4.196e-20,8.697e-23,,1.767e-15,1.446e-19,2.065e-30,8.112e-18,1.778e-20,3.535e-15,,7.325e-28,2.432e-23,2.652e-1,5.862e-19,1.144e-33,4.496e-18,4.863e+2,2.231e-26,1.028e-18,9.406e-20,2.392e-3,4.487e+0,6.937e+2,1.085e-19,1.530e-26,1.394e-20,4.051e-23,2.761e-21,6.286e-12,3.721e-8,,,3.894e-2,,,1.671e-19,,,1.425e-19,4.981e-18,,1.142e-20,3.157e-6,,6.757e+2,,3.466e-16,6.155e+0,2.575e-4,2.387e-3,1.255e-16,5.853e-19,8.930e-18
347.62,1.837e+3,3.655e-21,1.449e-29,1.240e-45,2.603e-21,7.883e-34,,4.189e-20,8.689e-23,,1.768e-15,1.458e-19,2.061e-30,8.116e-18,1.781e-20,4.962e-15,,7.355e-28,2.596e-23,2.545e-1,5.866e-19,1.141e-33,4.504e-18,5.037e+2,2.232e-26,1.029e-18,9.408e-20,1.971e-3,4.233e+0,6.862e+2,1.084e-19,1.529e-26,1.396e-20,4.052e-23,2.750e-21,1.176e-11,2.312e-8,,,5.171e-2,,,1.671e-19,,,1.425e-19,4.982e-18,,1.142e-20,1.949e-6,,6.362e+2,,7.111e-16,6.348e+0,1.653e-4,1.644e-3,1.255e-16,5.844e-19,8.931e-18
347.65,1.777e+3,3.657e-21,1.458e-29,3.454e-45,4.703e-21,7.902e-34,,4.179e-20,8.676e-23,,1.769e-15,1.477e-19,2.056e-30,8.121e-18,1.785e-20,8.155e-15,,7.400e-28,2.964e-23,2.364e-1,5.871e-19,1.136e-33,4.516e-18,5.247e+2,2.234e-26,1.030e-18,9.411e-20,1.456e-3,3.849e+0,6.675e+2,1.082e-19,1.528e-26,1.398e-20,4.054e-23,2.734e-21,2.972e-11,1.119e-8,,,7.818e-2,,,1.671e-19,,,1.424e-19,4.984e-18,,1.142e-20,9.358e-7,,5.744e+2,,2.066e-15,6.593e+0,8.393e-5,9.282e-4,1.254e-16,5.829e-19,8.932e-18
347.67,1.728e+3,3.659e-21,1.463e-29,6.786e-45,6.923e-21,7.914e-34,,4.173e-20,8.667e-23,,1.769e-15,1.489e-19,2.052e-30,8.124e-18,1.788e-20,1.127e-14,,7.431e-28,3.285e-23,2.233e-1,5.874e-19,1.133e-33,4.524e-18,5.350e+2,2.235e-26,1.031e-18,9.413e-20,1.181e-3,3.598e+0,6.504e+2,1.081e-19,1.527e-26,1.399e-20,4.055e-23,2.722e-21,5.471e-11,6.843e-9,,,1.022e-1,,,1.671e-19,,,1.424e-19,4.985e-18,,1.141e-20,5.707e-7,,5.323e+2,,4.172e-15,6.724e+0,5.301e-5,6.291e-4,1.254e-16,5.820e-19,8.933e-18
347.7,1.643e+3,3.661e-21,1.472e-29,1.847e-44,1.222e-20,7.933e-34,,4.163e-20,8.655e-23,,1.770e-15,1.507e-19,2.047e-30,8.129e-18,1.793e-20,1.809e-14,,7.476e-28,3.871e-23,2.026e-1,5.879e-19,1.129e-33,4.536e-18,5.444e+2,2.237e-26,1.032e-18,9.416e-20,8.517e-4,3.239e+0,6.186e+2,1.079e-19,1.526e-26,1.401e-20,4.056e-23,2.706e-21,1.351e-10,3.233e-9,,,1.509e-1,,,1.671e-19,,,1.424e-19,4.986e-18,,1.141e-20,2.730e-7,,4.693e+2,,1.184e-14,6.873e+0,2.629e-5,3.469e-4,1.253e-16,5.805e-19,8.934e-18
347.72,1.579e+3,3.662e-21,1.478e-29,3.572e-44,1.771e-20,7.945e-34,,4.156e-20,8.646e-23,,1.770e-15,1.519e-19,2.043e-30,8.133e-18,1.796e-20,2.460e-14,,7.506e-28,4.326e-23,1.884e-1,5.882e-19,1.125e-33,4.544e-18,5.465e+2,2.239e-26,1.033e-18,9.418e-20,6.797e-4,3.018e+0,5.939e+2,1.077e-19,1.526e-26,1.403e-20,4.057e-23,2.695e-21,2.449e-10,1.946e-9,,,1.942e-1,,,1.671e-19,,,1.424e-19,4.987e-18,,1.141e-20,1.716e-7,,4.281e+2,,2.354e-14,6.941e+0,1.634e-5,2.314e-4,1.253e-16,5.796e-19,8.935e-18
347.75,1.474e+3,3.664e-21,1.486e-29,9.496e-44,3.052e-20,7.964e-34,,4.147e-20,8.633e-23,,1.771e-15,1.537e-19,2.038e-30,8.138e-18,1.801e-20,3.857e-14,,7.552e-28,5.095e-23,1.670e-1,5.887e-19,1.121e-33,4.557e-18,5.434e+2,2.241e-26,1.035e-18,9.421e-20,4.788e-4,2.721e+0,5.523e+2,1.076e-19,1.525e-26,1.405e-20,4.058e-23,2.678e-21,5.906e-10,8.977e-10,,,2.800e-1,,,1.671e-19,,,1.424e-19,4.989e-18,,1.141e-20,1.012e-7,,3.685e+2,,6.525e-14,6.997e+0,7.910e-6,1.246e-4,1.252e-16,5.781e-19,8.936e-18
347.77,1.400e+3,3.665e-21,1.492e-29,1.808e-43,4.354e-20,7.977e-34,,4.140e-20,8.625e-23,,1.772e-15,1.550e-19,2.034e-30,8.141e-18,1.804e-20,5.165e-14,,7.582e-28,5.658e-23,1.529e-1,5.891e-19,1.118e-33,4.565e-18,5.372e+2,2.242e-26,1.036e-18,9.423e-20,3.761e-4,2.550e+0,5.224e+2,1.074e-19,1.524e-26,1.406e-20,4.059e-23,2.667e-21,1.054e-9,5.317e-10,,,3.546e-1,,,1.670e-19,,,1.423e-19,4.990e-18,,1.141e-20,9.143e-8,,3.309e+2,,1.278e-13,7.006e+0,4.838e-6,8.179e-5,1.252e-16,5.772e-19,8.937e-18
347.8,1.285e+3,3.667e-21,1.500e-29,4.696e-43,7.330e-20,7.995e-34,,4.130e-20,8.612e-23,,1.772e-15,1.568e-19,2.029e-30,8.146e-18,1.808e-20,7.909e-14,,7.627e-28,6.566e-23,1.324e-1,5.896e-19,1.113e-33,4.577e-18,5.220e+2,2.244e-26,1.037e-18,9.426e-20,2.587e-4,2.341e+0,4.751e+2,1.072e-19,1.523e-26,1.408e-20,4.060e-23,2.651e-21,2.483e-9,2.395e-10,,,4.995e-1,,,1.670e-19,,,1.423e-19,4.991e-18,,1.140e-20,1.256e-7,,2.782e+2,,3.459e-13,6.981e+0,2.287e-6,4.299e-5,1.251e-16,5.757e-19,8.938e-18
347.82,1.207e+3,3.669e-21,1.506e-29,8.802e-43,1.029e-19,8.008e-34,,4.124e-20,8.604e-23,,1.773e-15,1.580e-19,2.026e-30,8.149e-18,1.811e-20,1.042e-13,,7.658e-28,7.203e-23,1.194e-1,5.899e-19,1.110e-33,4.585e-18,5.084e+2,2.245e-26,1.038e-18,9.428e-20,2.000e-4,2.235e+0,4.427e+2,1.071e-19,1.522e-26,1.409e-20,4.061e-23,2.640e-21,4.361e-9,1.396e-10,,,6.228e-1,,,1.670e-19,,,1.423e-19,4.992e-18,,1.140e-20,1.892e-7,,2.458e+2,,6.667e-13,6.942e+0,1.377e-6,2.778e-5,1.250e-16,5.748e-19,8.939e-18
347.85,1.089e+3,3.671e-21,1.514e-29,2.233e-42,1.693e-19,8.027e-34,,4.114e-20,8.591e-23,,1.774e-15,1.598e-19,2.020e-30,8.154e-18,1.816e-20,1.559e-13,,7.703e-28,8.190e-23,1.012e-1,5.904e-19,1.105e-33,4.597e-18,4.832e+2,2.247e-26,1.040e-18,9.431e-20,1.343e-4,2.129e+0,3.937e+2,1.069e-19,1.521e-26,1.412e-20,4.063e-23,2.623e-21,1.004e-8,6.139e-11,,,8.567e-1,,,1.670e-19,,,1.423e-19,4.994e-18,,1.140e-20,3.854e-7,,2.018e+2,,1.763e-12,6.855e+0,6.355e-7,1.426e-5,1.250e-16,5.733e-19,8.940e-18
347.87,1.011e+3,3.672e-21,1.520e-29,4.121e-42,2.340e-19,8.039e-34,,4.107e-20,8.582e-23,,1.774e-15,1.611e-19,2.017e-30,8.158e-18,1.819e-20,2.023e-13,,7.733e-28,8.855e-23,9.007e-2,5.907e-19,1.102e-33,4.605e-18,4.637e+2,2.248e-26,1.041e-18,9.433e-20,1.022e-4,2.093e+0,3.614e+2,1.068e-19,1.521e-26,1.413e-20,4.064e-23,2.612e-21,1.736e-8,3.522e-11,,,1.051e+0,,,1.670e-19,,,1.423e-19,4.995e-18,,1.140e-20,6.292e-7,,1.755e+2,,3.346e-12,6.780e+0,3.765e-7,9.067e-6,1.249e-16,5.724e-19,8.941e-18
347.89,9.342e+2,3.673e-21,1.526e-29,7.558e-42,3.214e-19,8.052e-34,,4.101e-20,8.574e-23,,1.775e-15,1.623e-19,2.013e-30,8.161e-18,1.822e-20,2.609e-13,,7.763e-28,9.518e-23,7.978e-2,5.911e-19,1.099e-33,4.613e-18,4.426e+2,2.250e-26,1.042e-18,9.435e-20,7.728e-5,2.086e+0,3.298e+2,1.067e-19,1.520e-26,1.414e-20,4.065e-23,2.601e-21,2.983e-8,2.007e-11,,,1.282e+0,,,1.670e-19,,,1.422e-19,4.996e-18,,1.140e-20,1.026e-6,,1.517e+2,,6.310e-12,6.696e+0,2.216e-7,5.729e-6,1.249e-16,5.714e-19,8.941e-18
347.92,8.237e+2,3.675e-21,1.534e-29,1.855e-41,5.113e-19,8.070e-34,,4.091e-20,8.561e-23,,1.775e-15,1.641e-19,2.008e-30,8.166e-18,1.827e-20,3.775e-13,,7.809e-28,1.048e-22,6.608e-2,5.916e-19,1.094e-33,4.626e-18,4.084e+2,2.251e-26,1.043e-18,9.438e-20,5.020e-5,2.126e+0,2.843e+2,1.065e-19,1.519e-26,1.416e-20,4.066e-23,2.584e-21,6.642e-8,8.536e-12,,,1.706e+0,,,1.670e-19,,,1.422e-19,4.997e-18,,1.139e-20,2.118e-6,,1.205e+2,,1.615e-11,6.553e+0,9.892e-8,2.844e-6,1.248e-16,5.700e-19,8.942e-18
347.94,7.535e+2,3.677e-21,1.540e-29,3.350e-41,6.914e-19,8.083e-34,,4.084e-20,8.553e-23,,1.776e-15,1.653e-19,2.004e-30,8.170e-18,1.830e-20,4.791e-13,,7.839e-28,1.109e-22,5.814e-2,5.919e-19,1.091e-33,4.634e-18,3.846e+2,2.253e-26,1.044e-18,9.440e-20,3.736e-5,2.184e+0,2.557e+2,1.063e-19,1.518e-26,1.418e-20,4.067e-23,2.573e-21,1.124e-7,4.789e-12,,,2.049e+0,,,1.670e-19,,,1.422e-19,4.998e-18,,1.139e-20,3.410e-6,,1.025e+2,,2.998e-11,6.451e+0,5.731e-8,1.768e-6,1.248e-16,5.690e-19,8.943e-18
347.97,6.546e+2,3.679e-21,1.548e-29,8.033e-41,1.074e-18,8.102e-34,,4.074e-20,8.540e-23,,1.777e-15,1.672e-19,1.999e-30,8.175e-18,1.834e-20,6.772e-13,,7.884e-28,1.194e-22,4.807e-2,5.924e-19,1.086e-33,4.646e-18,3.483e+2,2.255e-26,1.045e-18,9.443e-20,2.370e-5,2.315e+0,2.156e+2,1.062e-19,1.517e-26,1.420e-20,4.068e-23,2.557e-21,2.445e-7,1.988e-12,,,2.663e+0,,,1.670e-19,,,1.422e-19,5.000e-18,,1.139e-20,6.883e-6,,7.947e+1,,7.496e-11,6.291e+0,2.497e-8,8.570e-7,1.247e-16,5.676e-19,8.944e-18
347.99,5.934e+2,3.680e-21,1.554e-29,1.428e-40,1.430e-18,8.114e-34,,4.068e-20,8.531e-23,,1.777e-15,1.684e-19,1.995e-30,8.178e-18,1.837e-20,8.462e-13,,7.915e-28,1.244e-22,4.260e-2,5.928e-19,1.083e-33,4.654e-18,3.241e+2,2.256e-26,1.046e-18,9.445e-20,1.736e-5,2.427e+0,1.910e+2,1.060e-19,1.517e-26,1.421e-20,4.069e-23,2.546e-21,4.072e-7,1.098e-12,,,3.147e+0,,,1.670e-19,,,1.422e-19,5.001e-18,,1.139e-20,1.091e-5,,6.654e+1,,1.370e-10,6.181e+0,1.424e-8,5.245e-7,1.247e-16,5.666e-19,8.945e-18
348.02,5.094e+2,3.682e-21,1.563e-29,3.345e-40,2.171e-18,8.133e-34,,4.058e-20,8.519e-23,,1.778e-15,1.702e-19,1.990e-30,8.183e-18,1.842e-20,1.168e-12,,7.960e-28,1.307e-22,3.627e-2,5.933e-19,1.078e-33,4.666e-18,2.888e+2,2.258e-26,1.048e-18,9.448e-20,1.075e-5,2.626e+0,1.575e+2,1.058e-19,1.516e-26,1.423e-20,4.070e-23,2.529e-21,8.651e-7,4.449e-13,,,3.995e+0,,,1.670e-19,,,1.421e-19,5.002e-18,,1.139e-20,2.151e-5,,5.039e+1,,3.346e-10,6.016e+0,6.059e-9,2.482e-7,1.246e-16,5.652e-19,8.946e-18
348.04,4.587e+2,3.683e-21,1.568e-29,5.853e-40,2.845e-18,8.145e-34,,4.051e-20,8.510e-23,,1.778e-15,1.714e-19,1.986e-30,8.186e-18,1.845e-20,1.437e-12,,7.990e-28,1.340e-22,3.330e-2,5.936e-19,1.075e-33,4.674e-18,2.662e+2,2.259e-26,1.049e-18,9.450e-20,7.750e-6,2.774e+0,1.376e+2,1.057e-19,1.515e-26,1.425e-20,4.071e-23,2.518e-21,1.419e-6,2.418e-13,,,4.647e+0,,,1.669e-19,,,1.421e-19,5.003e-18,,1.139e-20,3.357e-5,,4.153e+1,,6.021e-10,5.908e+0,3.400e-9,1.495e-7,1.246e-16,5.642e-19,8.947e-18
348.07,3.907e+2,3.685e-21,1.577e-29,1.339e-39,4.217e-18,8.164e-34,,4.041e-20,8.497e-23,,1.779e-15,1.732e-19,1.981e-30,8.191e-18,1.850e-20,1.937e-12,,8.036e-28,1.376e-22,3.074e-2,5.941e-19,1.070e-33,4.687e-18,2.344e+2,2.261e-26,1.050e-18,9.453e-20,4.688e-6,3.013e+0,1.111e+2,1.055e-19,1.514e-26,1.427e-20,4.073e-23,2.501e-21,2.944e-6,9.568e-14,,,5.761e+0,,,1.669e-19,,,1.421e-19,5.005e-18,,1.138e-20,6.466e-5,,3.071e+1,,1.436e-9,5.752e+0,1.412e-9,6.907e-8,1.245e-16,5.628e-19,8.948e-18
348.09,3.507e+2,3.687e-21,1.582e-29,2.307e-39,5.439e-18,8.177e-34,,4.035e-20,8.489e-23,,1.780e-15,1.745e-19,1.977e-30,8.195e-18,1.853e-20,2.346e-12,,8.066e-28,1.389e-22,3.031e-2,5.944e-19,1.067e-33,4.695e-18,2.147e+2,2.262e-26,1.051e-18,9.455e-20,3.326e-6,3.177e+0,9.564e+1,1.054e-19,1.513e-26,1.428e-20,4.074e-23,2.490e-21,4.753e-6,5.116e-14,,,6.597e+0,,,1.669e-19,,,1.421e-19,5.006e-18,,1.138e-20,9.933e-5,,2.491e+1,,2.545e-9,5.655e+0,7.800e-10,4.095e-8,1.245e-16,5.618e-19,8.949e-18
348.12,2.986e+2,3.689e-21,1.591e-29,5.157e-39,7.876e-18,8.195e-34,,4.025e-20,8.476e-23,,1.780e-15,1.763e-19,1.972e-30,8.200e-18,1.857e-20,3.089e-12,,8.111e-28,1.392e-22,3.163e-2,5.949e-19,1.063e-33,4.707e-18,1.879e+2,2.264e-26,1.052e-18,9.458e-20,1.964e-6,3.423e+0,7.571e+1,1.052e-19,1.512e-26,1.430e-20,4.075e-23,2.474e-21,9.635e-6,1.977e-14,,,7.988e+0,,,1.669e-19,,,1.421e-19,5.007e-18,,1.138e-20,1.869e-4,,1.799e+1,,5.930e-9,5.524e+0,3.164e-10,1.847e-8,1.244e-16,5.604e-19,8.950e-18
348.14,2.687e+2,3.690e-21,1.597e-29,8.747e-39,1.000e-17,8.208e-34,,4.018e-20,8.468e-23,,1.781e-15,1.775e-19,1.968e-30,8.203e-18,1.861e-20,3.682e-12,,8.141e-28,1.383e-22,3.386e-2,5.953e-19,1.059e-33,4.715e-18,1.719e+2,2.266e-26,1.053e-18,9.460e-20,1.372e-6,3.582e+0,6.443e+1,1.051e-19,1.512e-26,1.432e-20,4.076e-23,2.463e-21,1.531e-5,1.040e-14,,,9.004e+0,,,1.669e-19,,,1.420e-19,5.008e-18,,1.138e-20,2.826e-4,,1.436e+1,,1.034e-8,5.449e+0,1.720e-10,1.078e-8,1.244e-16,5.594e-19,8.951e-18
348.17,2.308e+2,3.692e-21,1.605e-29,1.910e-38,1.414e-17,8.227e-34,,4.008e-20,8.455e-23,,1.782e-15,1.793e-19,1.963e-30,8.208e-18,1.865e-20,4.735e-12,,8.187e-28,1.354e-22,3.935e-2,5.958e-19,1.055e-33,4.727e-18,1.506e+2,2.268e-26,1.055e-18,9.463e-20,7.910e-7,3.805e+0,5.028e+1,1.049e-19,1.510e-26,1.434e-20,4.077e-23,2.446e-21,3.032e-5,3.925e-15,,,1.065e+1,,,1.669e-19,,,1.420e-19,5.010e-18,,1.138e-20,5.194e-4,,1.013e+1,,2.354e-8,5.364e+0,6.809e-11,4.746e-9,1.243e-16,5.580e-19,8.952e-18
348.19,2.099e+2,3.693e-21,1.611e-29,3.189e-38,1.768e-17,8.239e-34,,4.002e-20,8.446e-23,,1.782e-15,1.806e-19,1.959e-30,8.212e-18,1.868e-20,5.557e-12,,8.217e-28,1.325e-22,4.449e-2,5.961e-19,1.051e-33,4.735e-18,1.382e+2,2.269e-26,1.056e-18,9.465e-20,5.437e-7,3.939e+0,4.254e+1,1.048e-19,1.510e-26,1.435e-20,4.078e-23,2.435e-21,4.744e-5,2.033e-15,,,1.181e+1,,,1.669e-19,,,1.420e-19,5.011e-18,,1.137e-20,7.732e-4,,7.958e+0,,4.043e-8,5.328e+0,3.642e-11,2.725e-9,1.243e-16,5.570e-19,8.953e-18
348.22,1.841e+2,3.695e-21,1.619e-29,6.800e-38,2.442e-17,8.258e-34,,3.992e-20,8.433e-23,,1.783e-15,1.824e-19,1.954e-30,8.217e-18,1.873e-20,6.980e-12,,8.262e-28,1.266e-22,5.458e-2,5.966e-19,1.047e-33,4.748e-18,1.223e+2,2.271e-26,1.057e-18,9.468e-20,3.061e-7,4.112e+0,3.322e+1,1.046e-19,1.509e-26,1.437e-20,4.079e-23,2.419e-21,9.175e-5,7.487e-16,,,1.365e+1,,,1.669e-19,,,1.420e-19,5.012e-18,,1.137e-20,1.388e-3,,5.479e+0,,8.990e-8,5.314e+0,1.408e-11,1.172e-9,1.242e-16,5.556e-19,8.954e-18
348.24,1.704e+2,3.696e-21,1.625e-29,1.118e-37,3.005e-17,8.270e-34,,3.985e-20,8.425e-23,,1.783e-15,1.836e-19,1.950e-30,8.220e-18,1.876e-20,8.063e-12,,8.293e-28,1.219e-22,6.295e-2,5.969e-19,1.044e-33,4.756e-18,1.132e+2,2.272e-26,1.058e-18,9.470e-20,2.071e-7,4.207e+0,2.841e+1,1.044e-19,1.508e-26,1.439e-20,4.080e-23,2.408e-21,1.413e-4,3.816e-16,,,1.490e+1,,,1.669e-19,,,1.420e-19,5.013e-18,,1.137e-20,2.034e-3,,4.238e+0,,1.520e-7,5.335e+0,7.414e-12,6.624e-10,1.242e-16,5.546e-19,8.955e-18
348.26,1.591e+2,3.698e-21,1.630e-29,1.826e-37,3.674e-17,8.283e-34,,3.979e-20,8.416e-23,,1.784e-15,1.848e-19,1.947e-30,8.223e-18,1.879e-20,9.255e-12,,8.323e-28,1.166e-22,7.271e-2,5.973e-19,1.040e-33,4.764e-18,1.054e+2,2.273e-26,1.059e-18,9.472e-20,1.392e-7,4.283e+0,2.461e+1,1.043e-19,1.507e-26,1.440e-20,4.081e-23,2.396e-21,2.163e-4,1.933e-16,,,1.618e+1,,,1.669e-19,,,1.419e-19,5.014e-18,,1.137e-20,2.963e-3,,3.258e+0,,2.553e-7,5.383e+0,3.878e-12,3.720e-10,1.241e-16,5.536e-19,8.956e-18
348.29,1.464e+2,3.700e-21,1.639e-29,3.769e-37,4.910e-17,8.302e-34,,3.969e-20,8.404e-23,,1.785e-15,1.866e-19,1.941e-30,8.228e-18,1.884e-20,1.125e-11,,8.368e-28,1.079e-22,9.003e-2,5.978e-19,1.036e-33,4.776e-18,9.551e+1,2.275e-26,1.061e-18,9.475e-20,7.582e-8,4.362e+0,2.069e+1,1.041e-19,1.506e-26,1.442e-20,4.083e-23,2.380e-21,4.049e-4,6.885e-17,,,1.808e+1,,,1.669e-19,,,1.419e-19,5.016e-18,,1.137e-20,5.147e-3,,2.170e+0,,5.493e-7,5.514e+0,1.450e-12,1.547e-10,1.241e-16,5.522e-19,8.957e-18
348.31,1.404e+2,3.701e-21,1.645e-29,6.062e-37,5.910e-17,8.314e-34,,3.962e-20,8.395e-23,,1.785e-15,1.879e-19,1.938e-30,8.232e-18,1.887e-20,1.271e-11,,8.398e-28,1.016e-22,1.034e-1,5.981e-19,1.033e-33,4.784e-18,9.012e+1,2.276e-26,1.062e-18,9.477e-20,5.016e-8,4.391e+0,1.918e+1,1.040e-19,1.506e-26,1.443e-20,4.084e-23,2.369e-21,6.101e-4,3.432e-17,,,1.931e+1,,,1.669e-19,,,1.419e-19,5.017e-18,,1.136e-20,7.379e-3,,1.642e+0,,9.085e-7,5.644e+0,7.465e-13,8.550e-11,1.240e-16,5.512e-19,8.958e-18
348.34,1.346e+2,3.703e-21,1.653e-29,1.222e-36,7.714e-17,8.333e-34,,3.952e-20,8.382e-23,,1.786e-15,1.897e-19,1.932e-30,8.237e-18,1.891e-20,1.509e-11,,8.444e-28,9.176e-23,1.263e-1,5.986e-19,1.028e-33,4.796e-18,8.353e+1,2.278e-26,1.063e-18,9.480e-20,2.668e-8,4.401e+0,1.849e+1,1.038e-19,1.505e-26,1.446e-20,4.085e-23,2.352e-21,1.115e-3,1.193e-17,,,2.108e+1,,,1.668e-19,,,1.419e-19,5.018e-18,,1.136e-20,1.252e-2,,1.068e+0,,1.910e-6,5.905e+0,2.725e-13,3.471e-11,1.240e-16,5.498e-19,2.764e-17
348.36,1.327e+2,3.704e-21,1.659e-29,1.935e-36,9.141e-17,8.345e-34,,3.946e-20,8.374e-23,,1.786e-15,1.909e-19,1.929e-30,8.240e-18,1.894e-20,1.678e-11,,8.474e-28,8.507e-23,1.433e-1,5.989e-19,1.025e-33,4.805e-18,8.003e+1,2.280e-26,1.064e-18,9.482e-20,1.737e-8,4.387e+0,1.905e+1,1.037e-19,1.504e-26,1.447e-20,4.086e-23,2.341e-21,1.655e-3,5.854e-18,,,2.217e+1,,,1.668e-19,,,1.419e-19,5.019e-18,,1.136e-20,1.767e-2,,7.950e-1,,3.109e-6,6.125e+0,1.381e-13,1.888e-11,1.239e-16,5.488e-19,5.812e-17
348.39,1.326e+2,3.706e-21,1.667e-29,3.811e-36,1.165e-16,8.364e-34,,3.936e-20,8.361e-23,,1.787e-15,1.927e-19,1.924e-30,8.245e-18,1.899e-20,1.946e-11,,8.519e-28,7.504e-23,1.715e-1,5.994e-19,1.020e-33,4.817e-18,7.595e+1,2.282e-26,1.065e-18,9.485e-20,9.020e-9,4.339e+0,2.146e+1,1.035e-19,1.503e-26,1.449e-20,4.087e-23,2.325e-21,2.955e-3,1.988e-18,,,2.363e+1,,,1.668e-19,,,1.418e-19,5.020e-18,,1.136e-20,2.929e-2,,5.049e-1,,6.385e-6,6.523e+0,4.920e-14,7.486e-12,1.239e-16,5.474e-19,1.752e-16
348.41,1.343e+2,3.708e-21,1.673e-29,5.940e-36,1.359e-16,8.377e-34,,3.929e-20,8.353e-23,,1.788e-15,1.940e-19,1.920e-30,8.249e-18,1.902e-20,2.131e-11,,8.550e-28,6.847e-23,1.919e-1,5.998e-19,1.017e-33,4.825e-18,7.396e+1,2.283e-26,1.066e-18,9.487e-20,5.781e-9,4.292e+0,2.414e+1,1.034e-19,1.502e-26,1.450e-20,4.088e-23,2.314e-21,4.316e-3,9.596e-19,,,2.446e+1,,,1.668e-19,,,1.418e-19,5.021e-18,,1.136e-20,4.070e-2,,3.701e-1,,1.023e-5,6.833e+0,2.454e-14,4.008e-12,1.238e-16,5.464e-19,3.627e-16
348.44,1.394e+2,3.710e-21,1.681e-29,1.143e-35,1.693e-16,8.395e-34,,3.920e-20,8.340e-23,,1.788e-15,1.958e-19,1.915e-30,8.254e-18,1.907e-20,2.413e-11,,8.595e-28,5.898e-23,2.246e-1,6.003e-19,1.012e-33,4.837e-18,7.202e+1,2.285e-26,1.068e-18,9.490e-20,2.931e-9,4.206e+0,2.985e+1,1.032e-19,1.501e-26,1.453e-20,4.089e-23,2.297e-21,7.529e-3,3.181e-19,,,2.546e+1,,,1.668e-19,,,1.418e-19,5.023e-18,,1.136e-20,6.588e-2,,2.295e-1,,2.053e-5,7.355e+0,8.538e-15,1.551e-12,1.238e-16,1.685e-18,1.068e-15
348.46,1.446e+2,3.711e-21,1.687e-29,1.754e-35,1.944e-16,8.408e-34,,3.913e-20,8.331e-23,,1.789e-15,1.970e-19,1.911e-30,8.257e-18,1.910e-20,2.601e-11,,8.625e-28,5.298e-23,2.476e-1,6.006e-19,1.009e-33,4.845e-18,7.143e+1,2.286e-26,1.069e-18,9.492e-20,1.849e-9,4.142e+0,3.487e+1,1.030e-19,1.501e-26,1.454e-20,4.090e-23,2.286e-21,1.082e-2,1.511e-19,,,2.595e+1,,,1.668e-19,,,1.418e-19,5.024e-18,,1.135e-20,9.012e-2,,1.656e-1,,3.240e-5,7.736e+0,4.190e-15,8.173e-13,1.237e-16,3.541e-18,2.177e-15
348.49,1.553e+2,3.713e-21,1.696e-29,3.295e-35,2.364e-16,8.427e-34,,3.903e-20,8.319e-23,,1.790e-15,1.988e-19,1.906e-30,8.262e-18,1.914e-20,2.877e-11,,8.671e-28,4.457e-23,2.831e-1,6.011e-19,1.004e-33,4.857e-18,7.165e+1,2.288e-26,1.070e-18,9.495e-20,9.154e-10,4.043e+0,4.437e+1,1.028e-19,1.500e-26,1.456e-20,4.092e-23,2.269e-21,1.844e-2,4.891e-20,,,2.638e+1,,,1.668e-19,,,1.417e-19,5.025e-18,7.364e-18,1.135e-20,1.425e-1,,1.003e-1,,6.348e-5,8.344e+0,1.423e-15,3.089e-13,1.237e-16,1.067e-17,6.262e-15
348.51,1.645e+2,3.714e-21,1.701e-29,4.978e-35,2.672e-16,8.439e-34,,3.896e-20,8.310e-23,,1.790e-15,2.001e-19,1.902e-30,8.265e-18,1.917e-20,3.053e-11,,8.701e-28,3.941e-23,3.072e-1,6.014e-19,1.001e-33,4.865e-18,7.260e+1,2.289e-26,1.071e-18,9.497e-20,5.684e-10,3.978e+0,5.213e+1,1.027e-19,1.499e-26,1.457e-20,4.093e-23,2.258e-21,2.611e-2,2.287e-20,,,2.646e+1,,,1.668e-19,,,1.417e-19,5.026e-18,1.557e-17,1.135e-20,1.919e-1,,7.120e-2,,9.862e-5,8.765e+0,6.875e-16,1.602e-13,1.236e-16,2.208e-17,1.257e-14
348.54,1.817e+2,3.716e-21,1.710e-29,9.137e-35,3.174e-16,8.458e-34,,3.887e-20,8.297e-23,,1.791e-15,2.019e-19,1.897e-30,8.270e-18,1.922e-20,3.298e-11,,8.746e-28,3.237e-23,3.432e-1,6.020e-19,9.964e-34,4.878e-18,7.538e+1,2.291e-26,1.072e-18,9.500e-20,2.748e-10,3.887e+0,6.606e+1,1.025e-19,1.498e-26,1.459e-20,4.094e-23,2.242e-21,4.345e-2,2.321e-20,,,2.628e+1,,,1.668e-19,,,1.417e-19,5.028e-18,4.732e-17,1.135e-20,2.964e-1,,4.210e-2,,1.888e-4,9.401e+0,2.280e-16,5.910e-14,1.235e-16,6.496e-17,3.532e-14
348.56,1.957e+2,3.718e-21,1.715e-29,1.359e-34,3.532e-16,8.470e-34,,3.880e-20,8.289e-23,,1.792e-15,2.031e-19,1.893e-30,8.274e-18,1.925e-20,3.445e-11,,8.776e-28,2.818e-23,3.666e-1,6.023e-19,9.933e-34,4.886e-18,7.824e+1,2.293e-26,1.073e-18,9.502e-20,1.679e-10,3.834e+0,7.697e+1,1.024e-19,1.497e-26,1.461e-20,4.095e-23,2.231e-21,6.055e-2,2.344e-20,,,2.595e+1,,,1.668e-19,,,1.417e-19,5.029e-18,9.850e-17,1.135e-20,3.930e-1,,2.943e-2,,2.887e-4,9.816e+0,1.084e-16,3.016e-14,1.235e-16,1.324e-16,6.980e-14
348.59,2.206e+2,3.720e-21,1.724e-29,2.437e-34,4.097e-16,8.489e-34,,3.870e-20,8.276e-23,,1.792e-15,2.049e-19,1.888e-30,8.279e-18,1.930e-20,3.635e-11,,8.822e-28,2.261e-23,4.001e-1,6.028e-19,9.886e-34,4.898e-18,8.421e+1,2.294e-26,1.075e-18,9.505e-20,7.926e-11,3.767e+0,9.591e+1,1.022e-19,1.496e-26,1.463e-20,4.096e-23,2.214e-21,9.844e-2,2.377e-20,,,2.516e+1,,,1.668e-19,,,1.417e-19,5.030e-18,2.924e-16,1.134e-20,5.929e-1,,1.699e-2,,5.398e-4,1.040e+1,3.511e-17,1.087e-14,1.234e-16,3.806e-16,1.916e-13
348.61,2.400e+2,3.721e-21,1.730e-29,3.568e-34,4.488e-16,8.502e-34,,3.864e-20,8.268e-23,,1.793e-15,2.061e-19,1.884e-30,8.282e-18,1.933e-20,3.738e-11,,8.852e-28,1.937e-23,4.207e-1,6.031e-19,9.854e-34,4.906e-18,8.943e+1,2.296e-26,1.076e-18,9.507e-20,4.767e-11,3.732e+0,1.103e+2,1.021e-19,1.496e-26,1.464e-20,4.097e-23,2.203e-21,1.350e-1,2.400e-20,,,2.446e+1,,,1.667e-19,,,1.416e-19,5.031e-18,5.994e-16,1.134e-20,7.738e-1,,1.169e-2,,8.128e-4,1.076e+1,1.642e-17,5.459e-15,1.234e-16,7.635e-16,3.729e-13
348.63,2.619e+2,3.722e-21,1.735e-29,5.193e-34,4.886e-16,8.514e-34,,3.857e-20,8.259e-23,,1.793e-15,2.074e-19,1.881e-30,8.286e-18,1.936e-20,3.820e-11,,8.882e-28,1.649e-23,4.396e-1,6.035e-19,9.823e-34,4.914e-18,9.571e+1,2.297e-26,1.077e-18,9.509e-20,2.849e-11,3.705e+0,1.261e+2,1.020e-19,1.495e-26,1.466e-20,4.098e-23,2.192e-21,1.841e-1,2.423e-20,,,2.363e+1,,,1.667e-19,,,1.416e-19,5.032e-18,1.221e-15,1.134e-20,1.004e+0,,7.991e-3,,1.216e-3,1.108e+1,1.642e-17,2.724e-15,1.234e-16,1.522e-15,7.209e-13
348.66,2.993e+2,3.724e-21,1.744e-29,9.010e-34,5.484e-16,8.533e-34,,3.847e-20,8.246e-23,,1.794e-15,2.092e-19,1.875e-30,8.291e-18,1.940e-20,3.900e-11,,8.928e-28,1.280e-23,4.641e-1,6.040e-19,9.776e-34,4.926e-18,1.073e+2,2.299e-26,1.078e-18,9.512e-20,1.301e-11,3.679e+0,1.526e+2,1.018e-19,1.494e-26,1.468e-20,4.099e-23,6.718e-21,2.896e-1,2.456e-20,,,2.217e+1,,,1.667e-19,,,1.416e-19,5.034e-18,3.509e-15,1.134e-20,1.465e+0,,4.463e-3,,2.201e-3,1.148e+1,1.641e-17,9.493e-16,1.233e-16,4.236e-15,1.916e-12
348.68,3.274e+2,3.726e-21,1.749e-29,1.291e-33,5.876e-16,8.545e-34,,3.841e-20,8.238e-23,,1.795e-15,2.104e-19,1.872e-30,8.294e-18,1.943e-20,3.923e-11,,8.958e-28,1.072e-23,4.775e-1,6.043e-19,9.744e-34,4.935e-18,1.164e+2,2.300e-26,1.079e-18,9.514e-20,7.652e-12,3.668e+0,1.719e+2,1.016e-19,1.493e-26,1.469e-20,4.100e-23,1.406e-20,3.887e-1,2.479e-20,,,2.108e+1,,,1.667e-19,,,1.416e-19,5.035e-18,7.038e-15,1.134e-20,1.871e+0,,3.003e-3,,3.242e-3,1.167e+1,1.640e-17,4.663e-16,1.233e-16,8.315e-15,3.647e-12
348.71,3.742e+2,3.728e-21,1.758e-29,2.188e-33,6.442e-16,8.564e-34,,3.831e-20,8.225e-23,,1.795e-15,2.122e-19,1.866e-30,8.299e-18,1.948e-20,3.911e-11,,9.003e-28,8.128e-24,4.923e-1,6.048e-19,9.697e-34,4.947e-18,1.324e+2,2.302e-26,1.081e-18,9.517e-20,3.411e-12,3.660e+0,2.032e+2,1.014e-19,1.492e-26,1.471e-20,4.102e-23,4.211e-20,5.973e-1,2.513e-20,,,1.931e+1,,,1.667e-19,,,1.416e-19,5.036e-18,1.976e-14,3.473e-20,2.667e+0,,1.638e-3,,5.730e-3,1.185e+1,1.639e-17,1.586e-16,1.232e-16,2.260e-14,9.468e-12
348.73,4.082e+2,3.729e-21,1.764e-29,3.086e-33,6.796e-16,8.577e-34,,3.824e-20,8.216e-23,,1.796e-15,2.135e-19,1.863e-30,8.302e-18,1.951e-20,3.873e-11,,9.033e-28,6.704e-24,4.986e-1,6.051e-19,9.666e-34,4.955e-18,1.445e+2,2.303e-26,1.082e-18,9.519e-20,1.975e-12,3.657e+0,2.254e+2,1.013e-19,1.492e-26,1.473e-20,4.103e-23,8.681e-20,7.892e-1,2.535e-20,,,1.808e+1,,,1.667e-19,,,1.415e-19,5.037e-18,3.902e-14,7.270e-20,3.353e+0,,1.085e-3,,8.311e-3,1.189e+1,1.639e-17,7.669e-17,1.232e-16,4.369e-14,1.775e-11
348.76,4.632e+2,3.731e-21,1.772e-29,5.109e-33,7.277e-16,8.595e-34,,3.814e-20,8.204e-23,,1.797e-15,2.153e-19,1.857e-30,8.307e-18,1.956e-20,3.772e-11,,9.079e-28,4.963e-24,5.021e-1,6.056e-19,9.618e-34,4.967e-18,1.648e+2,2.305e-26,1.083e-18,9.522e-20,8.597e-13,3.652e+0,2.604e+2,1.011e-19,1.491e-26,1.475e-20,4.104e-23,2.539e-19,1.185e+0,2.569e-20,,,1.618e+1,,,1.667e-19,,,1.415e-19,5.039e-18,1.070e-13,2.176e-19,4.670e+0,,5.778e-4,,1.435e-2,1.182e+1,1.638e-17,2.547e-17,1.231e-16,1.160e-13,4.501e-11
348.78,5.022e+2,3.732e-21,1.778e-29,7.094e-33,7.556e-16,8.608e-34,,3.808e-20,8.195e-23,,1.797e-15,2.165e-19,1.854e-30,8.311e-18,1.959e-20,3.677e-11,,9.109e-28,4.029e-24,5.005e-1,6.060e-19,9.587e-34,4.975e-18,1.796e+2,2.307e-26,1.084e-18,9.523e-20,4.899e-13,3.644e+0,2.846e+2,1.010e-19,1.490e-26,1.476e-20,4.105e-23,5.154e-19,1.541e+0,2.592e-20,,,1.490e+1,,,1.667e-19,,,1.415e-19,5.040e-18,2.081e-13,4.485e-19,5.779e+0,,3.767e-4,,2.049e-2,1.168e+1,1.637e-17,1.212e-17,1.230e-16,2.208e-13,8.306e-11
348.81,5.632e+2,3.734e-21,1.786e-29,1.147e-32,7.903e-16,8.626e-34,,3.798e-20,8.182e-23,,1.798e-15,2.183e-19,1.848e-30,8.316e-18,1.963e-20,3.497e-11,,9.154e-28,2.913e-24,4.923e-1,6.065e-19,9.540e-34,4.987e-18,2.033e+2,2.309e-26,1.085e-18,9.526e-20,2.082e-13,3.621e+0,3.213e+2,1.008e-19,1.489e-26,1.478e-20,4.106e-23,1.473e-18,2.259e+0,2.625e-20,,,1.303e+1,,,1.667e-19,,,1.415e-19,5.041e-18,5.575e-13,1.312e-18,7.861e+0,,1.959e-4,,3.456e-2,1.136e+1,1.637e-17,3.930e-18,1.230e-16,5.729e-13,2.058e-10
348.83,6.051e+2,3.736e-21,1.792e-29,1.569e-32,8.078e-16,8.639e-34,,3.791e-20,8.174e-23,,1.798e-15,2.195e-19,1.845e-30,8.319e-18,1.966e-20,3.356e-11,,9.185e-28,2.328e-24,4.831e-1,6.068e-19,9.508e-34,4.996e-18,2.200e+2,2.310e-26,1.086e-18,9.528e-20,1.168e-13,3.595e+0,3.457e+2,1.007e-19,1.488e-26,1.480e-20,4.107e-23,2.943e-18,2.893e+0,2.648e-20,,,1.181e+1,,,1.667e-19,,,1.415e-19,5.042e-18,1.067e-12,2.661e-18,9.577e+0,,1.257e-4,,4.858e-2,1.106e+1,1.636e-17,1.840e-18,1.229e-16,1.073e-12,3.739e-10
348.86,6.687e+2,3.738e-21,1.800e-29,2.478e-32,8.252e-16,8.658e-34,,3.781e-20,8.161e-23,,1.799e-15,2.214e-19,1.839e-30,8.324e-18,1.971e-20,3.118e-11,,9.230e-28,1.644e-24,4.641e-1,6.073e-19,9.461e-34,5.008e-18,2.458e+2,2.312e-26,1.088e-18,9.531e-20,4.847e-14,3.537e+0,3.814e+2,1.005e-19,1.487e-26,1.482e-20,4.108e-23,8.219e-18,4.143e+0,2.682e-20,,,1.009e+1,,,1.667e-19,,,1.414e-19,5.044e-18,2.794e-12,7.604e-18,1.273e+1,,6.383e-5,,8.003e-2,1.051e+1,1.635e-17,1.853e-18,1.229e-16,2.721e-12,9.052e-10
348.88,7.109e+2,3.739e-21,1.806e-29,3.336e-32,8.304e-16,8.670e-34,,3.775e-20,8.153e-23,,1.800e-15,2.226e-19,1.836e-30,8.328e-18,1.974e-20,2.945e-11,,9.260e-28,1.293e-24,4.484e-1,6.076e-19,9.430e-34,5.016e-18,2.631e+2,2.313e-26,1.089e-18,9.533e-20,2.676e-14,3.484e+0,4.042e+2,1.004e-19,1.487e-26,1.483e-20,4.109e-23,1.617e-17,5.223e+0,2.704e-20,,,9.004e+0,,,1.666e-19,,,1.414e-19,5.045e-18,5.266e-12,1.519e-17,1.526e+1,,4.031e-5,,1.108e-1,1.009e+1,1.634e-17,1.861e-18,1.228e-16,5.019e-12,1.619e-9
348.91,7.728e+2,3.741e-21,1.815e-29,5.149e-32,8.284e-16,8.689e-34,,3.765e-20,8.140e-23,,1.800e-15,2.244e-19,1.831e-30,8.333e-18,1.979e-20,2.673e-11,,9.306e-28,8.916e-25,4.207e-1,6.081e-19,9.382e-34,5.028e-18,2.889e+2,2.315e-26,1.090e-18,9.536e-20,1.084e-14,3.380e+0,4.359e+2,1.002e-19,1.486e-26,1.485e-20,4.111e-23,4.411e-17,7.307e+0,2.738e-20,,,7.506e+0,,,1.666e-19,,,1.414e-19,5.046e-18,1.347e-11,4.241e-17,1.981e+1,,1.999e-5,,1.782e-1,9.367e+0,1.634e-17,1.874e-18,1.228e-16,1.243e-11,3.829e-9
348.93,8.123e+2,3.742e-21,1.820e-29,6.824e-32,8.206e-16,8.701e-34,,3.758e-20,8.131e-23,,1.801e-15,2.256e-19,1.827e-30,8.336e-18,1.982e-20,2.485e-11,,9.336e-28,6.904e-25,4.000e-1,6.085e-19,9.351e-34,5.036e-18,3.054e+2,2.316e-26,1.091e-18,9.538e-20,5.892e-15,3.295e+0,4.550e+2,1.001e-19,1.485e-26,1.487e-20,4.112e-23,8.546e-17,9.069e+0,2.761e-20,,,6.597e+0,,,1.666e-19,,,1.414e-19,5.047e-18,2.500e-11,8.342e-17,2.339e+1,,1.243e-5,,2.428e-1,8.848e+0,1.633e-17,1.882e-18,1.227e-16,2.258e-11,6.744e-9
348.96,8.678e+2,3.744e-21,1.829e-29,1.029e-31,7.996e-16,8.720e-34,,3.748e-20,8.119e-23,,1.802e-15,2.275e-19,1.822e-30,8.341e-18,1.986e-20,2.203e-11,,9.381e-28,4.649e-25,3.666e-1,6.090e-19,9.304e-34,5.048e-18,3.287e+2,2.318e-26,1.092e-18,9.541e-20,2.333e-15,3.143e+0,4.798e+2,9.986e-20,1.484e-26,1.489e-20,4.113e-23,2.277e-16,1.239e+1,2.794e-20,,,5.371e+0,,,1.666e-19,,,1.413e-19,5.049e-18,6.246e-11,2.275e-16,2.965e+1,,6.019e-6,,3.817e-1,8.028e+0,1.632e-17,1.895e-18,1.227e-16,5.462e-11,1.558e-8
348.98,9.017e+2,3.745e-21,1.834e-29,1.343e-31,7.798e-16,8.733e-34,,3.742e-20,8.110e-23,,1.802e-15,2.287e-19,1.818e-30,8.344e-18,1.989e-20,2.016e-11,,9.411e-28,3.544e-25,3.432e-1,6.093e-19,9.272e-34,5.056e-18,3.428e+2,2.320e-26,1.093e-18,9.543e-20,1.251e-15,3.026e+0,4.933e+2,9.973e-20,1.483e-26,1.490e-20,4.114e-23,4.344e-16,1.514e+1,2.817e-20,,,4.647e+0,,,1.666e-19,,,1.413e-19,5.050e-18,1.141e-10,4.406e-16,3.447e+1,,3.682e-6,,5.121e-1,7.466e+0,1.632e-17,1.903e-18,1.226e-16,9.767e-11,2.702e-8
349,9.328e+2,3.747e-21,1.840e-29,1.743e-31,7.556e-16,8.745e-34,,3.735e-20,8.102e-23,,1.803e-15,2.299e-19,1.814e-30,8.348e-18,1.992e-20,1.834e-11,,9.442e-28,2.684e-25,3.192e-1,6.096e-19,9.241e-34,5.065e-18,3.554e+2,2.321e-26,1.094e-18,9.545e-20,6.701e-16,2.899e+0,5.044e+2,9.960e-20,1.482e-26,1.491e-20,4.115e-23,8.235e-16,1.838e+1,5.962e-20,,,3.995e+0,,,1.666e-19,,,1.413e-19,5.051e-18,2.072e-10,8.482e-16,3.981e+1,,2.239e-6,,6.826e-1,6.900e+0,1.631e-17,1.912e-18,1.226e-16,1.736e-10,4.656e-8
349.03,9.733e+2,3.749e-21,1.849e-29,2.546e-31,7.124e-16,8.764e-34,,3.725e-20,8.089e-23,,1.803e-15,2.317e-19,1.809e-30,8.353e-18,1.997e-20,1.573e-11,,9.487e-28,1.749e-25,2.830e-1,6.101e-19,9.194e-34,5.077e-18,3.712e+2,2.323e-26,1.096e-18,9.548e-20,2.744e-16,2.690e+0,5.157e+2,9.941e-20,1.481e-26,1.493e-20,4.116e-23,2.124e-15,2.431e+1,1.815e-19,,,3.147e+0,,,1.666e-19,,,1.413e-19,5.052e-18,5.012e-10,2.239e-15,4.884e+1,,1.049e-6,,1.038e+0,6.060e+0,1.630e-17,1.924e-18,1.225e-16,4.065e-10,1.041e-7
349.05,9.959e+2,3.750e-21,1.854e-29,3.254e-31,6.796e-16,8.776e-34,,3.719e-20,8.080e-23,,1.804e-15,2.329e-19,1.805e-30,8.356e-18,2.000e-20,1.408e-11,,9.517e-28,1.304e-25,2.592e-1,6.105e-19,9.162e-34,5.085e-18,3.793e+2,2.324e-26,1.097e-18,9.550e-20,1.730e-16,2.541e+0,5.197e+2,9.929e-20,1.481e-26,1.495e-20,4.117e-23,3.965e-15,2.906e+1,3.782e-19,,,2.663e+0,,,1.666e-19,,,1.413e-19,5.053e-18,8.960e-10,4.243e-15,5.553e+1,,6.276e-7,,1.363e+0,5.514e+0,1.630e-17,1.933e-18,1.225e-16,7.112e-10,1.767e-7
349.08,1.023e+3,3.752e-21,1.863e-29,4.651e-31,6.258e-16,8.795e-34,,3.709e-20,8.068e-23,,1.805e-15,2.348e-19,1.800e-30,8.361e-18,2.005e-20,1.180e-11,,9.563e-28,8.294e-26,2.244e-1,6.110e-19,9.115e-34,5.097e-18,3.874e+2,2.326e-26,1.098e-18,9.553e-20,1.576e-16,2.308e+0,5.203e+2,9.910e-20,1.480e-26,1.497e-20,4.118e-23,9.992e-15,3.753e+1,1.125e-18,,,2.049e+0,,,1.666e-19,,,1.412e-19,5.055e-18,2.117e-9,1.094e-14,6.655e+1,,2.871e-7,,2.025e+0,4.731e+0,1.629e-17,1.945e-18,1.224e-16,1.627e-9,3.859e-7
349.1,1.037e+3,3.753e-21,1.868e-29,5.860e-31,5.877e-16,8.808e-34,,3.702e-20,8.059e-23,,1.805e-15,2.360e-19,1.797e-30,8.364e-18,2.008e-20,1.040e-11,,9.593e-28,6.087e-26,2.023e-1,6.113e-19,9.084e-34,5.105e-18,3.900e+2,2.327e-26,1.099e-18,9.555e-20,2.322e-16,2.149e+0,5.173e+2,9.897e-20,1.479e-26,1.498e-20,4.119e-23,1.836e-14,4.417e+1,2.308e-18,,,1.706e+0,,,1.666e-19,,,1.412e-19,5.056e-18,3.726e-9,2.042e-14,7.450e+1,,1.691e-7,,2.617e+0,4.238e+0,1.628e-17,1.954e-18,1.224e-16,2.803e-9,6.447e-7
349.13,1.051e+3,3.755e-21,1.877e-29,8.204e-31,5.286e-16,8.826e-34,,3.692e-20,8.046e-23,,1.806e-15,2.378e-19,1.791e-30,8.370e-18,2.012e-20,8.506e-12,,9.638e-28,3.782e-26,1.711e-1,6.118e-19,9.036e-34,5.117e-18,3.895e+2,2.329e-26,1.101e-18,9.558e-20,5.496e-16,1.910e+0,5.078e+2,9.878e-20,1.478e-26,1.500e-20,4.121e-23,4.521e-14,5.572e+1,6.705e-18,,,1.282e+0,,,1.666e-19,,,1.412e-19,5.057e-18,8.602e-9,5.145e-14,8.720e+1,,7.553e-8,,3.798e+0,3.553e+0,1.627e-17,1.966e-18,1.223e-16,6.265e-9,1.376e-6
349.15,1.056e+3,3.757e-21,1.882e-29,1.020e-30,4.887e-16,8.839e-34,,3.686e-20,8.038e-23,,1.806e-15,2.390e-19,1.788e-30,8.373e-18,2.016e-20,7.381e-12,,9.669e-28,2.732e-26,1.518e-1,6.121e-19,9.005e-34,5.126e-18,3.862e+2,2.330e-26,1.101e-18,9.560e-20,1.022e-15,1.752e+0,4.985e+2,9.865e-20,1.477e-26,1.502e-20,4.122e-23,8.181e-14,6.455e+1,1.355e-17,,,1.051e+0,,,1.666e-19,,,1.412e-19,5.058e-18,1.491e-8,9.454e-14,9.609e+1,,4.379e-8,,4.831e+0,3.135e+0,1.627e-17,1.975e-18,1.223e-16,1.063e-8,2.263e-6
349.18,1.059e+3,3.759e-21,1.891e-29,1.403e-30,4.293e-16,8.858e-34,,3.676e-20,8.025e-23,,1.807e-15,2.409e-19,1.782e-30,8.378e-18,2.020e-20,5.897e-12,,9.714e-28,1.658e-26,1.254e-1,6.127e-19,8.958e-34,5.138e-18,3.771e+2,2.332e-26,1.103e-18,9.563e-20,2.600e-15,1.522e+0,4.808e+2,9.846e-20,1.476e-26,1.504e-20,4.123e-23,1.968e-13,7.955e+1,3.845e-17,,,7.715e-1,,,1.665e-19,,,1.412e-19,5.060e-18,3.362e-8,2.327e-13,1.099e+2,,1.910e-8,,6.851e+0,2.570e+0,1.626e-17,1.987e-18,1.222e-16,2.320e-8,4.719e-6
349.2,1.058e+3,3.760e-21,1.897e-29,1.727e-30,3.908e-16,8.870e-34,,3.669e-20,8.016e-23,,1.808e-15,2.421e-19,1.779e-30,8.381e-18,2.023e-20,5.038e-12,,9.744e-28,1.179e-26,1.096e-1,6.130e-19,8.926e-34,5.146e-18,3.684e+2,2.334e-26,1.104e-18,9.565e-20,4.818e-15,1.375e+0,4.670e+2,9.833e-20,1.476e-26,1.505e-20,4.124e-23,3.506e-13,9.073e+1,7.650e-17,,,6.228e-1,,,1.665e-19,,,1.411e-19,5.061e-18,5.737e-8,4.210e-13,1.192e+2,,1.090e-8,,8.579e+0,2.235e+0,1.625e-17,1.996e-18,1.222e-16,3.875e-8,7.642e-6
349.23,1.053e+3,3.762e-21,1.905e-29,2.344e-30,3.355e-16,8.889e-34,,3.660e-20,8.004e-23,,1.808e-15,2.439e-19,1.773e-30,8.386e-18,2.028e-20,3.931e-12,,9.790e-28,6.984e-27,8.839e-2,6.135e-19,8.879e-34,5.158e-18,3.516e+2,2.336e-26,1.105e-18,9.568e-20,1.202e-14,1.167e+0,4.439e+2,9.814e-20,1.475e-26,1.507e-20,4.125e-23,8.240e-13,1.092e+2,2.122e-16,,,4.463e-1,,,1.665e-19,,,1.411e-19,5.062e-18,1.264e-7,1.013e-12,1.331e+2,,4.642e-9,,1.188e+1,1.795e+0,1.624e-17,2.008e-18,1.221e-16,8.267e-8,1.557e-5
349.25,1.048e+3,3.763e-21,1.911e-29,2.866e-30,3.007e-16,8.901e-34,,3.653e-20,7.995e-23,,1.809e-15,2.451e-19,1.770e-30,8.390e-18,2.031e-20,3.306e-12,,9.820e-28,4.889e-27,7.600e-2,6.138e-19,8.848e-34,5.166e-18,3.383e+2,2.337e-26,1.106e-18,9.570e-20,2.194e-14,1.039e+0,4.276e+2,9.801e-20,1.474e-26,1.509e-20,4.126e-23,1.445e-12,1.226e+2,4.156e-16,,,3.546e-1,,,1.665e-19,,,1.411e-19,5.063e-18,2.124e-7,1.803e-12,1.422e+2,,2.607e-9,,1.465e+1,1.541e+0,1.624e-17,2.017e-18,1.221e-16,1.359e-7,2.482e-5
349.28,1.040e+3,3.765e-21,1.919e-29,3.871e-30,2.524e-16,8.920e-34,,3.643e-20,7.982e-23,,1.810e-15,2.470e-19,1.764e-30,8.395e-18,2.035e-20,2.520e-12,,9.865e-28,2.829e-27,5.989e-2,6.143e-19,8.800e-34,5.178e-18,3.156e+2,2.339e-26,1.108e-18,9.573e-20,5.349e-14,8.616e-1,4.024e+2,9.782e-20,1.473e-26,1.511e-20,4.127e-23,3.319e-12,1.442e+2,1.126e-15,,,2.482e-1,,,1.665e-19,,,1.411e-19,5.065e-18,4.572e-7,4.238e-12,1.551e+2,,1.084e-9,,1.982e+1,1.218e+0,1.623e-17,2.029e-18,1.220e-16,2.833e-7,4.939e-5
349.3,1.033e+3,3.767e-21,1.925e-29,4.735e-30,2.230e-16,8.933e-34,,3.636e-20,7.974e-23,,1.810e-15,2.482e-19,1.761e-30,8.398e-18,2.039e-20,2.086e-12,,9.895e-28,1.949e-27,5.069e-2,6.147e-19,8.769e-34,5.187e-18,2.991e+2,2.340e-26,1.109e-18,9.575e-20,9.613e-14,7.547e-1,3.858e+2,9.770e-20,1.472e-26,1.512e-20,4.128e-23,5.731e-12,1.594e+2,2.172e-15,,,1.942e-1,,,1.665e-19,,,1.411e-19,5.066e-18,7.562e-7,7.432e-12,1.630e+2,,5.995e-10,,2.406e+1,1.037e+0,1.622e-17,2.038e-18,1.220e-16,4.586e-7,7.753e-5
349.33,1.025e+3,3.769e-21,1.933e-29,6.446e-30,1.834e-16,8.951e-34,,3.627e-20,7.961e-23,,1.811e-15,2.500e-19,1.755e-30,8.403e-18,2.043e-20,1.553e-12,,9.941e-28,1.102e-27,3.901e-2,6.152e-19,8.722e-34,5.199e-18,2.729e+2,2.342e-26,1.110e-18,9.578e-20,2.290e-13,6.116e-1,3.618e+2,9.751e-20,1.471e-26,1.514e-20,4.130e-23,1.286e-11,1.831e+2,5.751e-15,,,1.327e-1,,,1.665e-19,,,1.410e-19,5.067e-18,1.590e-6,1.706e-11,1.737e+2,,2.435e-10,,3.180e+1,8.146e-1,1.621e-17,2.050e-18,1.219e-16,9.338e-7,1.507e-4
349.35,1.020e+3,3.770e-21,1.939e-29,7.970e-30,1.600e-16,8.964e-34,,3.620e-20,7.953e-23,,1.811e-15,2.512e-19,1.752e-30,8.406e-18,2.046e-20,1.265e-12,,9.971e-28,7.471e-28,3.251e-2,6.155e-19,8.690e-34,5.207e-18,2.547e+2,2.343e-26,1.111e-18,9.580e-20,4.052e-13,5.275e-1,3.468e+2,9.738e-20,1.471e-26,1.516e-20,4.131e-23,2.186e-11,1.992e+2,1.092e-14,,,1.022e-1,,,1.665e-19,,,1.410e-19,5.068e-18,2.590e-6,2.946e-11,1.798e+2,,1.325e-10,,3.800e+1,6.955e-1,1.621e-17,2.059e-18,1.219e-16,1.488e-6,2.329e-4
349.37,1.016e+3,3.771e-21,1.945e-29,9.926e-30,1.392e-16,8.976e-34,,3.613e-20,7.944e-23,,1.812e-15,2.524e-19,1.748e-30,8.410e-18,2.049e-20,1.025e-12,,1.000e-27,5.035e-28,2.692e-2,6.158e-19,8.659e-34,5.215e-18,2.364e+2,2.345e-26,1.112e-18,9.582e-20,7.127e-13,4.521e-1,3.328e+2,9.725e-20,1.470e-26,1.517e-20,4.131e-23,3.694e-11,2.154e+2,2.061e-14,,,7.819e-2,,,1.665e-19,,,1.410e-19,5.069e-18,4.193e-6,5.055e-11,1.850e+2,,7.164e-11,,4.512e+1,5.974e-1,1.620e-17,2.067e-18,1.218e-16,2.358e-6,3.578e-4
349.4,1.012e+3,3.773e-21,1.953e-29,1.404e-29,1.124e-16,8.995e-34,,3.604e-20,7.931e-23,,1.813e-15,2.543e-19,1.743e-30,8.415e-18,2.054e-20,7.380e-13,,1.005e-27,2.752e-28,2.004e-2,6.163e-19,8.612e-34,5.227e-18,2.090e+2,2.347e-26,1.113e-18,9.585e-20,1.643e-12,3.546e-1,3.143e+2,9.706e-20,1.469e-26,1.519e-20,4.133e-23,8.022e-11,2.394e+2,5.282e-14,,,5.171e-2,,,1.665e-19,,,1.410e-19,5.070e-18,8.534e-6,1.123e-10,1.907e+2,,2.814e-11,,5.771e+1,4.854e-1,1.619e-17,2.080e-18,1.218e-16,4.647e-6,6.733e-4
349.42,1.011e+3,3.775e-21,1.959e-29,1.792e-29,9.762e-17,9.008e-34,,3.597e-20,7.923e-23,,1.813e-15,2.555e-19,1.739e-30,8.418e-18,2.057e-20,5.884e-13,,1.008e-27,1.826e-28,1.634e-2,6.167e-19,8.580e-34,5.235e-18,1.911e+2,2.348e-26,1.114e-18,9.587e-20,2.845e-12,2.992e-1,3.037e+2,9.693e-20,1.468e-26,1.521e-20,4.134e-23,1.335e-10,2.549e+2,9.816e-14,,,3.895e-2,,,1.665e-19,,,1.410e-19,5.071e-18,1.360e-5,1.898e-10,1.931e+2,,1.498e-11,,6.747e+1,4.317e-1,1.619e-17,2.088e-18,1.217e-16,7.247e-6,1.018e-3
349.45,1.012e+3,3.777e-21,1.967e-29,2.642e-29,7.975e-17,9.026e-34,,3.587e-20,7.910e-23,,1.814e-15,2.573e-19,1.734e-30,8.423e-18,2.062e-20,4.139e-13,,1.012e-27,9.749e-29,1.188e-2,6.172e-19,8.533e-34,5.248e-18,1.653e+2,2.350e-26,1.116e-18,9.590e-20,6.408e-12,2.292e-1,2.905e+2,9.674e-20,1.467e-26,1.523e-20,4.135e-23,2.831e-10,2.767e+2,2.458e-13,,,2.516e-2,,,1.664e-19,,,1.409e-19,5.073e-18,2.704e-5,4.120e-10,1.945e+2,,5.746e-12,,8.430e+1,3.780e-1,1.618e-17,2.101e-18,1.216e-16,1.395e-5,1.872e-3
349.47,1.014e+3,3.778e-21,1.973e-29,3.471e-29,7.064e-17,9.039e-34,,3.581e-20,7.902e-23,,1.814e-15,2.585e-19,1.730e-30,8.427e-18,2.065e-20,3.248e-13,,1.015e-27,6.366e-29,9.533e-3,6.175e-19,8.502e-34,5.256e-18,1.490e+2,2.351e-26,1.117e-18,9.592e-20,1.093e-11,1.904e-1,2.836e+2,9.661e-20,1.467e-26,1.524e-20,4.136e-23,4.639e-10,2.900e+2,4.497e-13,,,1.866e-2,,,1.664e-19,,,1.409e-19,5.074e-18,4.244e-5,6.855e-10,1.939e+2,,3.010e-12,,9.702e+1,3.580e-1,1.617e-17,2.109e-18,1.216e-16,2.143e-5,2.787e-3
349.5,1.019e+3,3.780e-21,1.982e-29,5.326e-29,6.107e-17,9.058e-34,,3.571e-20,7.889e-23,,1.815e-15,2.604e-19,1.725e-30,8.432e-18,2.069e-20,2.232e-13,,1.020e-27,3.320e-29,6.771e-3,6.180e-19,8.454e-34,5.268e-18,1.262e+2,2.353e-26,1.118e-18,9.595e-20,2.404e-11,1.424e-1,2.757e+2,9.642e-20,1.466e-26,1.526e-20,4.137e-23,9.614e-10,3.076e+2,1.100e-12,,,1.179e-2,,,1.664e-19,,,1.409e-19,5.075e-18,8.244e-5,1.454e-9,1.907e+2,,1.128e-12,,1.184e+2,3.484e-1,1.616e-17,2.122e-18,1.215e-16,4.030e-5,5.005e-3
349.52,1.023e+3,3.781e-21,1.987e-29,7.160e-29,5.737e-17,9.070e-34,,3.564e-20,7.880e-23,,1.816e-15,2.616e-19,1.721e-30,8.435e-18,2.072e-20,1.724e-13,,1.023e-27,2.134e-29,5.348e-3,6.183e-19,8.423e-34,5.276e-18,1.123e+2,2.354e-26,1.119e-18,9.597e-20,4.037e-11,1.165e-1,2.720e+2,9.630e-20,1.465e-26,1.527e-20,4.138e-23,1.551e-9,3.173e+2,1.982e-12,,,8.617e-3,,,1.664e-19,,,1.409e-19,5.076e-18,1.274e-4,2.381e-9,1.871e+2,,5.814e-13,,1.342e+2,3.536e-1,1.616e-17,2.130e-18,1.215e-16,6.093e-5,7.337e-3
349.55,1.031e+3,3.783e-21,1.996e-29,1.129e-28,5.580e-17,9.089e-34,,3.554e-20,7.868e-23,,1.816e-15,2.634e-19,1.716e-30,8.440e-18,2.077e-20,1.157e-13,,1.027e-27,1.087e-29,3.710e-3,6.188e-19,8.376e-34,5.288e-18,9.359e+1,2.356e-26,1.121e-18,9.600e-20,8.679e-11,8.511e-2,2.683e+2,9.611e-20,1.464e-26,1.530e-20,4.140e-23,3.140e-9,3.287e+2,4.738e-12,,,5.347e-3,,,1.664e-19,,,1.408e-19,5.078e-18,2.417e-4,4.935e-9,1.798e+2,,2.127e-13,,1.600e+2,3.764e-1,1.615e-17,2.143e-18,1.214e-16,1.120e-4,1.287e-2
349.57,1.036e+3,3.785e-21,2.001e-29,1.537e-28,5.743e-17,9.101e-34,,3.548e-20,7.859e-23,,1.817e-15,2.646e-19,1.712e-30,8.443e-18,2.080e-20,8.799e-14,,1.030e-27,6.880e-30,2.885e-3,6.192e-19,8.344e-34,5.296e-18,8.255e+1,2.357e-26,1.121e-18,9.602e-20,1.435e-10,6.851e-2,2.669e+2,9.598e-20,1.463e-26,1.531e-20,4.141e-23,4.987e-9,3.339e+2,8.404e-12,,,3.884e-3,,,1.664e-19,,,1.408e-19,5.079e-18,3.677e-4,7.958e-9,1.737e+2,,1.079e-13,,1.784e+2,4.000e-1,1.614e-17,2.151e-18,1.214e-16,1.667e-4,1.858e-2
349.6,1.043e+3,3.787e-21,2.010e-29,2.450e-28,6.401e-17,9.120e-34,,3.538e-20,7.846e-23,,1.818e-15,2.665e-19,1.707e-30,8.448e-18,2.085e-20,5.767e-14,,1.035e-27,3.433e-30,1.955e-3,6.197e-19,8.297e-34,5.308e-18,6.826e+1,2.359e-26,1.123e-18,9.605e-20,3.013e-10,4.890e-2,2.658e+2,9.579e-20,1.462e-26,1.533e-20,4.142e-23,9.865e-9,3.378e+2,1.963e-11,,,2.433e-3,,,1.664e-19,,,1.408e-19,5.080e-18,6.819e-4,1.611e-8,1.630e+2,,3.856e-14,,2.078e+2,4.459e-1,1.614e-17,2.164e-18,1.213e-16,2.992e-4,3.185e-2
349.62,1.047e+3,3.788e-21,2.016e-29,3.343e-28,7.127e-17,9.133e-34,,3.531e-20,7.838e-23,,1.818e-15,2.677e-19,1.704e-30,8.452e-18,2.088e-20,4.317e-14,,1.038e-27,2.154e-30,1.496e-3,6.200e-19,8.266e-34,5.317e-18,6.029e+1,2.361e-26,1.124e-18,9.607e-20,4.904e-10,3.875e-2,2.654e+2,9.566e-20,1.462e-26,1.534e-20,4.143e-23,1.543e-8,3.378e+2,3.428e-11,,,1.829e-3,,,1.664e-19,,,1.408e-19,5.081e-18,1.021e-3,2.558e-8,1.551e+2,,1.926e-14,,2.282e+2,4.822e-1,1.613e-17,2.172e-18,1.213e-16,4.386e-4,4.526e-2
349.65,1.052e+3,3.790e-21,2.024e-29,5.313e-28,8.672e-17,9.151e-34,,3.521e-20,7.825e-23,,1.819e-15,2.695e-19,1.698e-30,8.457e-18,2.092e-20,2.764e-14,,1.042e-27,1.090e-30,9.901e-4,6.205e-19,8.218e-34,5.329e-18,5.071e+1,2.363e-26,1.125e-18,9.610e-20,1.006e-9,2.702e-2,2.648e+2,9.547e-20,1.461e-26,1.537e-20,4.144e-23,2.981e-8,3.339e+2,7.822e-11,,,1.313e-3,,,1.664e-19,,,1.408e-19,5.083e-18,1.850e-3,5.060e-8,1.422e+2,,6.719e-15,,2.596e+2,5.430e-1,1.612e-17,2.185e-18,1.212e-16,7.692e-4,7.578e-2
349.67,1.053e+3,3.791e-21,2.030e-29,7.211e-28,1.002e-16,9.164e-34,,3.515e-20,7.817e-23,,1.819e-15,2.707e-19,1.695e-30,8.460e-18,2.095e-20,2.037e-14,,1.045e-27,7.287e-31,7.460e-4,6.208e-19,8.187e-34,5.337e-18,4.593e+1,2.364e-26,1.126e-18,9.612e-20,1.613e-9,2.108e-2,2.642e+2,9.534e-20,1.460e-26,1.538e-20,4.145e-23,4.590e-8,3.287e+2,1.345e-10,,,1.177e-3,,,1.664e-19,,,1.407e-19,5.084e-18,2.728e-3,7.912e-8,1.331e+2,,3.303e-15,,2.807e+2,5.867e-1,1.611e-17,2.193e-18,1.212e-16,1.110e-3,1.060e-1
349.7,1.053e+3,3.793e-21,2.038e-29,1.133e-27,1.257e-16,9.183e-34,,3.505e-20,7.804e-23,,1.820e-15,2.725e-19,1.689e-30,8.465e-18,2.100e-20,1.274e-14,,1.050e-27,5.092e-31,4.821e-4,6.213e-19,8.140e-34,5.349e-18,4.127e+1,2.366e-26,1.128e-18,9.615e-20,3.234e-9,1.435e-2,2.624e+2,9.515e-20,1.459e-26,1.540e-20,4.146e-23,8.668e-8,3.173e+2,2.999e-10,,,1.243e-3,,,1.664e-19,,,1.407e-19,5.085e-18,4.828e-3,1.529e-7,1.192e+2,,1.125e-15,,3.120e+2,6.549e-1,1.611e-17,2.206e-18,1.211e-16,1.902e-3,1.734e-1
349.72,1.051e+3,3.795e-21,2.044e-29,1.522e-27,1.464e-16,9.195e-34,,3.498e-20,7.795e-23,,1.821e-15,2.738e-19,1.686e-30,8.469e-18,2.103e-20,9.240e-15,,1.053e-27,5.314e-31,3.576e-4,6.217e-19,8.108e-34,5.357e-18,3.990e+1,2.367e-26,1.129e-18,9.617e-20,5.102e-9,1.102e-2,2.604e+2,9.502e-20,1.458e-26,1.541e-20,4.147e-23,1.314e-7,3.076e+2,5.078e-10,,,1.469e-3,,,1.664e-19,,,1.407e-19,5.086e-18,7.010e-3,2.354e-7,1.099e+2,,5.445e-16,,3.321e+2,7.008e-1,1.610e-17,2.214e-18,1.211e-16,2.702e-3,2.389e-1
349.75,1.044e+3,3.797e-21,2.052e-29,2.350e-27,1.832e-16,9.214e-34,,3.488e-20,7.782e-23,,1.821e-15,2.756e-19,1.680e-30,8.474e-18,2.108e-20,5.643e-15,,1.058e-27,8.358e-31,2.257e-4,6.222e-19,8.061e-34,5.369e-18,4.062e+1,2.369e-26,1.130e-18,9.620e-20,9.995e-9,7.329e-3,2.559e+2,9.483e-20,1.457e-26,1.543e-20,4.149e-23,2.424e-7,2.900e+2,1.106e-9,,,2.122e-3,,,1.663e-19,,,1.407e-19,5.088e-18,1.212e-2,4.443e-7,9.609e+1,,1.811e-16,,3.605e+2,7.686e-1,1.609e-17,2.227e-18,1.210e-16,4.523e-3,3.819e-1
349.77,1.038e+3,3.798e-21,2.058e-29,3.119e-27,2.117e-16,9.226e-34,,3.482e-20,7.774e-23,,1.822e-15,2.768e-19,1.677e-30,8.477e-18,2.111e-20,4.030e-15,,1.061e-27,1.292e-30,1.648e-4,6.225e-19,8.030e-34,5.378e-18,4.309e+1,2.370e-26,1.131e-18,9.622e-20,1.553e-8,5.541e-3,2.518e+2,9.471e-20,1.456e-26,1.545e-20,4.150e-23,3.618e-7,2.767e+2,1.844e-9,,,2.821e-3,,,1.663e-19,,,1.407e-19,5.089e-18,1.733e-2,6.735e-7,8.720e+1,,8.627e-17,,3.778e+2,8.117e-1,1.609e-17,2.235e-18,1.210e-16,6.328e-3,5.179e-1
349.79,1.030e+3,3.799e-21,2.064e-29,4.116e-27,2.437e-16,9.239e-34,,3.475e-20,7.765e-23,,1.822e-15,2.780e-19,1.673e-30,8.480e-18,2.114e-20,2.860e-15,,1.064e-27,2.068e-30,1.196e-4,6.229e-19,7.998e-34,5.386e-18,4.728e+1,2.372e-26,1.132e-18,9.624e-20,2.397e-8,4.162e-3,2.468e+2,9.458e-20,1.456e-26,1.546e-20,4.150e-23,5.366e-7,2.624e+2,3.056e-9,,,3.793e-3,,,1.663e-19,,,1.406e-19,5.090e-18,2.461e-2,1.014e-6,7.863e+1,,4.083e-17,,3.934e+2,8.524e-1,1.608e-17,2.244e-18,1.209e-16,8.797e-3,6.981e-1
349.82,1.016e+3,3.801e-21,2.072e-29,6.176e-27,2.978e-16,9.258e-34,,3.465e-20,7.753e-23,,1.823e-15,2.799e-19,1.668e-30,8.485e-18,2.118e-20,1.690e-15,,1.068e-27,4.253e-30,7.304e-5,6.234e-19,7.951e-34,5.398e-18,5.716e+1,2.374e-26,1.133e-18,9.627e-20,4.546e-8,2.678e-3,2.374e+2,9.439e-20,1.455e-26,1.548e-20,4.152e-23,9.582e-7,2.394e+2,6.442e-9,,,5.936e-3,,,1.663e-19,,,1.406e-19,5.091e-18,4.119e-2,1.854e-6,6.655e+1,,1.314e-17,,4.133e+2,9.072e-1,1.607e-17,2.256e-18,1.209e-16,1.425e-2,1.080e+0
349.84,1.005e+3,3.802e-21,2.078e-29,8.035e-27,3.381e-16,9.270e-34,,3.459e-20,7.744e-23,,1.824e-15,2.811e-19,1.664e-30,8.489e-18,2.121e-20,1.181e-15,,1.071e-27,6.861e-30,5.216e-5,6.237e-19,7.920e-34,5.406e-18,6.639e+1,2.375e-26,1.134e-18,9.629e-20,6.910e-8,1.981e-3,2.300e+2,9.426e-20,1.454e-26,1.550e-20,4.153e-23,1.399e-6,2.235e+2,1.051e-8,,,7.976e-3,,,1.663e-19,,,1.406e-19,5.092e-18,5.762e-2,2.749e-6,5.908e+1,,1.318e-17,,4.237e+2,9.385e-1,1.607e-17,2.265e-18,1.208e-16,1.951e-2,1.433e+0
349.87,9.881e+2,3.804e-21,2.086e-29,1.179e-26,4.044e-16,9.289e-34,,3.449e-20,7.731e-23,,1.824e-15,2.829e-19,1.659e-30,8.494e-18,2.126e-20,6.813e-16,,1.076e-27,1.393e-29,3.112e-5,6.242e-19,7.872e-34,5.418e-18,8.472e+1,2.377e-26,1.136e-18,9.632e-20,1.280e-7,1.245e-3,2.173e+2,9.407e-20,1.453e-26,1.552e-20,4.154e-23,2.441e-6,1.992e+2,2.165e-8,,,1.231e-2,,,1.663e-19,,,1.406e-19,5.094e-18,9.421e-2,4.909e-6,4.884e+1,,1.325e-17,,4.348e+2,9.762e-1,1.606e-17,2.277e-18,1.208e-16,3.088e-2,2.166e+0
349.89,9.768e+2,3.806e-21,2.092e-29,1.512e-26,4.523e-16,9.301e-34,,3.442e-20,7.723e-23,,1.825e-15,2.841e-19,1.655e-30,8.497e-18,2.129e-20,4.686e-16,,1.079e-27,2.216e-29,2.188e-5,6.245e-19,7.841e-34,5.426e-18,1.003e+2,2.378e-26,1.137e-18,9.634e-20,1.916e-7,9.061e-4,2.079e+2,9.394e-20,1.452e-26,1.553e-20,4.155e-23,3.511e-6,1.831e+2,3.478e-8,,,1.633e-2,,,1.663e-19,,,1.406e-19,5.095e-18,1.297e-1,7.168e-6,4.268e+1,,1.329e-17,,4.389e+2,9.946e-1,1.605e-17,2.286e-18,1.207e-16,4.162e-2,2.830e+0
349.92,9.611e+2,3.808e-21,2.100e-29,2.169e-26,5.289e-16,9.320e-34,,3.432e-20,7.710e-23,,1.826e-15,2.860e-19,1.650e-30,8.502e-18,2.134e-20,2.641e-16,,1.083e-27,4.399e-29,1.275e-5,6.250e-19,7.794e-34,5.439e-18,1.293e+2,2.380e-26,1.138e-18,9.637e-20,3.468e-7,5.562e-4,1.925e+2,9.375e-20,1.451e-26,1.555e-20,4.156e-23,5.984e-6,1.594e+2,7.000e-8,,,2.466e-2,,,1.663e-19,,,1.405e-19,5.096e-18,2.072e-1,1.250e-5,3.447e+1,,1.336e-17,,4.399e+2,1.011e+0,1.604e-17,2.298e-18,1.207e-16,6.436e-2,4.178e+0
349.94,9.522e+2,3.809e-21,2.106e-29,2.738e-26,5.825e-16,9.333e-34,,3.426e-20,7.702e-23,,1.826e-15,2.872e-19,1.646e-30,8.506e-18,2.137e-20,1.788e-16,,1.086e-27,6.895e-29,8.822e-6,6.254e-19,7.762e-34,5.447e-18,1.527e+2,2.381e-26,1.139e-18,9.639e-20,5.111e-7,3.986e-4,1.817e+2,9.362e-20,1.451e-26,1.557e-20,4.157e-23,8.472e-6,1.442e+2,1.107e-7,,,3.222e-2,,,1.663e-19,,,1.405e-19,5.097e-18,2.810e-1,1.798e-5,2.965e+1,,1.340e-17,,4.372e+2,1.014e+0,1.604e-17,2.307e-18,1.206e-16,8.540e-2,5.374e+0
349.97,9.430e+2,3.811e-21,2.115e-29,3.839e-26,6.656e-16,9.351e-34,,3.416e-20,7.689e-23,,1.827e-15,2.890e-19,1.641e-30,8.511e-18,2.141e-20,9.845e-17,,1.091e-27,1.337e-28,5.020e-6,6.259e-19,7.715e-34,5.459e-18,1.947e+2,2.383e-26,1.141e-18,9.642e-20,9.037e-7,2.390e-4,1.649e+2,9.343e-20,1.450e-26,1.559e-20,4.159e-23,1.411e-5,1.226e+2,2.177e-7,,,4.756e-2,,,1.663e-19,,,1.405e-19,5.099e-18,4.385e-1,3.064e-5,2.339e+1,,1.346e-17,,4.281e+2,1.007e+0,1.603e-17,2.319e-18,1.206e-16,1.290e-1,7.751e+0
349.99,9.405e+2,3.812e-21,2.120e-29,4.772e-26,7.218e-16,9.364e-34,,3.409e-20,7.680e-23,,1.827e-15,2.902e-19,1.637e-30,8.514e-18,2.144e-20,6.561e-17,,1.094e-27,2.063e-28,3.420e-6,6.262e-19,7.684e-34,5.467e-18,2.276e+2,2.384e-26,1.141e-18,9.643e-20,1.311e-6,1.686e-4,1.534e+2,9.331e-20,1.449e-26,1.560e-20,4.160e-23,1.966e-5,1.092e+2,3.391e-7,,,6.118e-2,,,1.663e-19,,,1.405e-19,5.100e-18,5.854e-1,4.337e-5,1.981e+1,,1.351e-17,,4.188e+2,9.943e-1,1.602e-17,2.328e-18,1.205e-16,1.686e-1,9.818e+0
350.02,9.437e+2,3.814e-21,2.129e-29,6.537e-26,8.057e-16,9.383e-34,,3.400e-20,7.668e-23,,1.828e-15,2.920e-19,1.632e-30,8.519e-18,2.149e-20,3.528e-17,,1.098e-27,3.909e-28,1.901e-6,6.267e-19,7.636e-34,5.479e-18,2.849e+2,2.386e-26,1.143e-18,9.646e-20,2.265e-6,9.871e-5,1.363e+2,9.312e-20,1.448e-26,1.562e-20,4.161e-23,3.199e-5,9.073e+1,6.515e-7,,,8.823e-2,,,1.662e-19,,,1.405e-19,5.101e-18,8.926e-1,7.221e-5,1.526e+1,,1.357e-17,,4.005e+2,9.644e-1,1.601e-17,2.340e-18,1.205e-16,2.488e-1,1.383e+1
350.04,9.514e+2,3.816e-21,2.134e-29,8.002e-26,8.602e-16,9.395e-34,,3.393e-20,7.659e-23,,1.829e-15,2.933e-19,1.628e-30,8.522e-18,2.152e-20,2.315e-17,,1.101e-27,5.940e-28,1.275e-6,6.270e-19,7.605e-34,5.487e-18,3.285e+2,2.388e-26,1.144e-18,9.648e-20,3.237e-6,6.855e-5,1.250e+2,9.299e-20,1.447e-26,1.564e-20,4.162e-23,4.391e-5,7.955e+1,9.991e-7,,,1.117e-1,,,1.662e-19,,,1.404e-19,5.102e-18,1.173e+0,1.007e-4,1.273e+1,,1.362e-17,,3.858e+2,9.377e-1,1.601e-17,2.349e-18,1.204e-16,3.200e-1,1.725e+1
350.07,9.726e+2,3.818e-21,2.143e-29,1.071e-25,9.381e-16,9.414e-34,,3.383e-20,7.646e-23,,1.829e-15,2.951e-19,1.623e-30,8.527e-18,2.157e-20,1.216e-17,,1.106e-27,1.100e-27,6.919e-7,6.275e-19,7.558e-34,5.499e-18,4.023e+2,2.390e-26,1.145e-18,9.651e-20,5.463e-6,3.920e-5,1.087e+2,9.280e-20,1.446e-26,1.566e-20,4.163e-23,6.979e-5,6.455e+1,1.875e-6,,,1.574e-1,,,1.662e-19,,,1.404e-19,5.104e-18,1.748e+0,1.637e-4,9.577e+0,,1.368e-17,,3.605e+2,8.885e-1,1.600e-17,2.361e-18,1.204e-16,4.614e-1,2.375e+1
350.09,9.938e+2,3.819e-21,2.149e-29,1.291e-25,9.861e-16,9.426e-34,,3.377e-20,7.638e-23,,1.830e-15,2.963e-19,3.412e-30,8.531e-18,2.160e-20,7.851e-18,,1.109e-27,1.645e-27,4.568e-7,6.279e-19,7.526e-34,5.508e-18,4.570e+2,2.391e-26,1.146e-18,9.653e-20,7.685e-6,2.680e-5,9.832e+1,9.267e-20,1.446e-26,1.567e-20,4.164e-23,9.431e-5,5.572e+1,2.832e-6,,,1.963e-1,,,1.662e-19,,,1.404e-19,5.105e-18,2.262e+0,2.247e-4,7.861e+0,,1.373e-17,,3.418e+2,8.504e-1,1.599e-17,2.370e-18,1.203e-16,5.844e-1,2.916e+1
350.12,1.037e+3,3.821e-21,2.157e-29,1.688e-25,1.051e-15,9.445e-34,,3.367e-20,7.625e-23,,1.831e-15,2.981e-19,1.028e-29,8.536e-18,2.164e-20,4.027e-18,,1.114e-27,2.976e-27,2.422e-7,6.284e-19,7.479e-34,5.520e-18,5.472e+2,2.393e-26,1.148e-18,9.656e-20,1.267e-5,1.497e-5,8.369e+1,9.248e-20,1.445e-26,1.569e-20,4.165e-23,1.464e-4,4.417e+1,5.194e-6,,,2.702e-1,,,1.662e-19,,,1.404e-19,5.106e-18,3.291e+0,3.571e-4,5.779e+0,,1.379e-17,,3.120e+2,7.872e-1,1.598e-17,2.382e-18,1.203e-16,8.232e-1,3.921e+1
350.14,1.074e+3,3.822e-21,2.163e-29,2.003e-25,1.087e-15,9.458e-34,,3.360e-20,7.617e-23,,1.831e-15,2.994e-19,2.129e-29,8.539e-18,2.167e-20,2.561e-18,,1.117e-27,4.383e-27,1.574e-7,6.287e-19,7.448e-34,5.528e-18,6.123e+2,2.394e-26,1.149e-18,9.658e-20,1.755e-5,1.007e-5,7.466e+1,9.235e-20,1.444e-26,1.571e-20,4.166e-23,1.949e-4,3.753e+1,7.721e-6,,,3.318e-1,,,1.662e-19,,,1.404e-19,5.107e-18,4.194e+0,4.825e-4,4.670e+0,,1.383e-17,,2.912e+2,7.418e-1,1.598e-17,2.391e-18,1.202e-16,1.026e+0,4.740e+1
350.16,1.118e+3,3.824e-21,2.168e-29,2.362e-25,1.119e-15,9.470e-34,,3.353e-20,7.608e-23,,1.832e-15,3.006e-19,4.381e-29,8.543e-18,2.171e-20,1.618e-18,,1.120e-27,6.417e-27,1.017e-7,6.290e-19,7.416e-34,5.536e-18,6.810e+2,2.395e-26,1.150e-18,9.660e-20,2.416e-5,6.737e-6,6.627e+1,9.223e-20,1.443e-26,1.572e-20,4.167e-23,2.577e-4,3.169e+1,1.141e-5,,,4.048e-1,,,1.662e-19,,,1.403e-19,5.108e-18,5.311e+0,6.480e-4,3.750e+0,,1.388e-17,,2.702e+2,6.947e-1,1.597e-17,2.399e-18,1.202e-16,1.272e+0,5.695e+1
350.19,1.195e+3,3.826e-21,2.177e-29,2.990e-25,1.154e-15,9.489e-34,,3.344e-20,7.595e-23,,1.832e-15,3.024e-19,1.278e-28,8.548e-18,2.175e-20,8.029e-19,,1.124e-27,1.123e-26,5.214e-8,6.295e-19,7.369e-34,5.548e-18,7.896e+2,2.397e-26,1.151e-18,9.663e-20,3.857e-5,3.641e-6,5.491e+1,9.203e-20,1.442e-26,1.574e-20,4.169e-23,3.873e-4,2.431e+1,2.025e-5,,,5.393e-1,,,1.662e-19,,,1.403e-19,5.110e-18,7.481e+0,9.967e-4,2.667e+0,,1.394e-17,,2.386e+2,6.223e-1,1.596e-17,2.412e-18,1.201e-16,1.734e+0,7.413e+1
350.21,1.254e+3,3.827e-21,2.183e-29,3.471e-25,1.169e-15,9.501e-34,,3.337e-20,7.587e-23,,1.833e-15,3.036e-19,2.590e-28,8.551e-18,2.178e-20,4.994e-19,,1.127e-27,1.619e-26,3.315e-8,6.299e-19,7.338e-34,5.556e-18,8.649e+2,2.399e-26,1.152e-18,9.665e-20,5.227e-5,2.397e-6,4.818e+1,9.191e-20,1.442e-26,1.575e-20,4.170e-23,5.042e-4,2.021e+1,2.947e-5,,,6.478e-1,,,1.662e-19,,,1.403e-19,5.111e-18,9.327e+0,1.318e-3,2.109e+0,,1.399e-17,,2.180e+2,5.738e-1,1.596e-17,2.420e-18,1.201e-16,2.116e+0,8.768e+1
350.24,1.353e+3,3.829e-21,2.191e-29,4.292e-25,1.178e-15,9.520e-34,,3.327e-20,7.574e-23,,1.834e-15,3.054e-19,7.383e-28,8.556e-18,2.183e-20,2.421e-19,,1.132e-27,2.770e-26,1.661e-8,6.304e-19,7.290e-34,5.569e-18,9.803e+2,2.400e-26,1.153e-18,9.668e-20,8.152e-5,1.265e-6,3.936e+1,9.172e-20,1.441e-26,1.577e-20,4.171e-23,7.404e-4,1.514e+1,5.111e-5,,,8.431e-1,,,1.662e-19,,,1.403e-19,5.112e-18,1.283e+1,1.981e-3,1.465e+0,,1.405e-17,,1.880e+2,5.021e-1,1.595e-17,2.433e-18,1.200e-16,2.819e+0,1.115e+2
350.26,1.425e+3,3.830e-21,2.197e-29,4.907e-25,1.175e-15,9.533e-34,,3.321e-20,7.565e-23,,1.834e-15,3.067e-19,1.473e-27,8.559e-18,2.186e-20,1.482e-19,,1.135e-27,3.932e-26,1.039e-8,6.307e-19,7.259e-34,5.577e-18,1.058e+3,2.402e-26,1.154e-18,9.670e-20,1.088e-4,8.199e-7,3.430e+1,9.159e-20,1.440e-26,1.579e-20,4.172e-23,9.492e-4,1.239e+1,7.321e-5,,,9.973e-1,,,1.662e-19,,,1.403e-19,5.113e-18,1.576e+1,2.578e-3,1.140e+0,,1.410e-17,,1.691e+2,4.558e-1,1.594e-17,2.441e-18,1.200e-16,3.386e+0,1.299e+2
350.29,1.541e+3,3.832e-21,2.205e-29,5.927e-25,1.158e-15,9.551e-34,,3.311e-20,7.553e-23,,1.835e-15,3.085e-19,4.104e-27,8.564e-18,2.190e-20,7.017e-20,,1.139e-27,6.571e-26,5.085e-9,6.312e-19,7.212e-34,5.589e-18,1.172e+3,2.404e-26,1.156e-18,9.673e-20,1.657e-4,4.227e-7,2.791e+1,9.140e-20,1.439e-26,1.581e-20,4.173e-23,1.362e-3,9.069e+0,1.241e-4,,,1.268e+0,,,1.661e-19,,,1.402e-19,5.114e-18,2.118e+1,3.786e-3,7.738e-1,,1.416e-17,,1.425e+2,3.897e-1,1.593e-17,2.454e-18,1.199e-16,4.407e+0,1.613e+2
350.31,1.622e+3,3.834e-21,2.211e-29,6.671e-25,1.138e-15,9.564e-34,,3.304e-20,7.544e-23,,1.836e-15,3.097e-19,8.064e-27,8.568e-18,2.194e-20,4.229e-20,,1.142e-27,9.183e-26,3.133e-9,6.315e-19,7.180e-34,5.597e-18,1.246e+3,2.405e-26,1.157e-18,9.675e-20,2.178e-4,2.697e-7,2.439e+1,9.127e-20,1.438e-26,1.582e-20,4.174e-23,1.719e-3,7.307e+0,1.750e-4,,,1.477e+0,,,1.661e-19,,,1.402e-19,5.115e-18,2.560e+1,4.853e-3,5.929e-1,,1.420e-17,,1.261e+2,3.484e-1,1.593e-17,2.462e-18,1.199e-16,5.212e+0,1.850e+2
350.34,1.747e+3,3.836e-21,2.219e-29,7.873e-25,1.097e-15,9.583e-34,,3.294e-20,7.531e-23,,1.836e-15,3.115e-19,2.195e-26,8.573e-18,2.198e-20,1.956e-20,,1.147e-27,1.500e-25,1.497e-9,6.320e-19,7.133e-34,5.609e-18,1.350e+3,2.407e-26,1.158e-18,9.678e-20,3.242e-4,1.358e-7,2.015e+1,9.108e-20,1.437e-26,1.584e-20,4.175e-23,2.409e-3,5.223e+0,2.897e-4,,,1.834e+0,,,1.661e-19,,,1.402e-19,5.117e-18,3.363e+1,6.961e-3,3.930e-1,,1.427e-17,,1.038e+2,2.912e-1,1.592e-17,2.475e-18,1.198e-16,6.627e+0,2.245e+2
350.36,1.831e+3,3.837e-21,2.225e-29,8.725e-25,1.062e-15,9.595e-34,,3.288e-20,7.523e-23,,1.837e-15,3.128e-19,4.248e-26,8.576e-18,2.201e-20,1.160e-20,,1.150e-27,2.063e-25,9.079e-10,6.324e-19,7.102e-34,5.617e-18,1.415e+3,2.408e-26,1.159e-18,9.680e-20,4.194e-4,8.527e-8,1.797e+1,9.095e-20,1.437e-26,1.586e-20,4.176e-23,2.994e-3,4.143e+0,4.024e-4,,,2.103e+0,,,1.661e-19,,,1.402e-19,5.118e-18,4.002e+1,8.786e-3,2.964e-1,,1.431e-17,,9.051e+1,2.565e-1,1.591e-17,2.483e-18,1.198e-16,7.717e+0,2.534e+2
350.39,1.957e+3,3.839e-21,2.234e-29,1.006e-24,1.003e-15,9.614e-34,,3.278e-20,7.510e-23,,1.838e-15,3.146e-19,1.130e-25,8.581e-18,2.206e-20,5.241e-21,,1.154e-27,3.292e-25,4.237e-10,6.329e-19,7.055e-34,5.630e-18,1.501e+3,2.410e-26,1.160e-18,9.683e-20,6.100e-4,4.194e-8,1.555e+1,9.076e-20,1.436e-26,1.588e-20,4.178e-23,4.099e-3,2.893e+0,6.509e-4,,,2.552e+0,,,1.661e-19,,,1.401e-19,5.119e-18,5.135e+1,1.231e-2,1.919e-1,,1.438e-17,,7.278e+1,2.099e-1,1.591e-17,2.496e-18,1.197e-16,9.585e+0,3.005e+2
350.41,2.038e+3,3.840e-21,2.239e-29,1.097e-24,9.592e-16,9.626e-34,,3.271e-20,7.502e-23,,1.838e-15,3.158e-19,2.153e-25,8.585e-18,2.209e-20,3.061e-21,,1.157e-27,4.460e-25,2.530e-10,6.332e-19,7.023e-34,5.638e-18,1.551e+3,2.411e-26,1.161e-18,9.685e-20,7.770e-4,2.593e-8,1.447e+1,9.064e-20,1.435e-26,1.589e-20,4.179e-23,5.016e-3,2.259e+0,8.901e-4,,,2.881e+0,,,1.661e-19,,,1.401e-19,5.120e-18,6.016e+1,1.530e-2,1.425e-1,,1.442e-17,,6.245e+1,1.825e-1,1.590e-17,2.504e-18,1.196e-16,1.099e+1,3.340e+2
350.44,2.156e+3,3.842e-21,2.248e-29,1.236e-24,8.892e-16,9.645e-34,,3.261e-20,7.489e-23,,1.839e-15,3.176e-19,5.597e-25,8.590e-18,2.213e-20,1.350e-21,,1.162e-27,6.952e-25,1.153e-10,6.337e-19,6.976e-34,5.650e-18,1.612e+3,2.413e-26,1.163e-18,9.688e-20,1.104e-3,1.245e-8,1.353e+1,9.044e-20,1.434e-26,1.591e-20,4.180e-23,6.711e-3,1.541e+0,1.407e-3,,,3.416e+0,,,1.661e-19,,,1.401e-19,5.122e-18,7.542e+1,2.095e-2,9.012e-2,,1.449e-17,,4.906e+1,1.467e-1,1.589e-17,2.517e-18,1.196e-16,1.334e+1,3.868e+2
350.46,2.229e+3,3.844e-21,2.253e-29,1.328e-24,8.411e-16,9.657e-34,,3.255e-20,7.480e-23,,1.839e-15,3.188e-19,1.050e-24,8.593e-18,2.217e-20,7.764e-22,,1.165e-27,9.274e-25,6.777e-11,6.341e-19,6.944e-34,5.658e-18,1.644e+3,2.415e-26,1.164e-18,9.690e-20,1.385e-3,7.579e-9,1.332e+1,9.032e-20,1.433e-26,1.593e-20,4.181e-23,8.085e-3,1.185e+0,1.894e-3,,,3.797e+0,,,1.661e-19,,,1.401e-19,5.123e-18,8.701e+1,2.563e-2,6.588e-2,,1.453e-17,,4.144e+1,1.265e-1,1.588e-17,2.525e-18,1.195e-16,1.505e+1,4.234e+2
350.49,2.332e+3,3.846e-21,2.262e-29,1.461e-24,7.690e-16,9.676e-34,,3.245e-20,7.468e-23,,1.840e-15,3.207e-19,2.667e-24,8.598e-18,2.221e-20,3.345e-22,,1.169e-27,1.412e-24,3.017e-11,6.346e-19,6.897e-34,5.670e-18,1.678e+3,2.417e-26,1.165e-18,9.693e-20,1.922e-3,3.556e-9,1.354e+1,9.013e-20,1.432e-26,1.595e-20,4.182e-23,1.057e-2,7.892e-1,2.925e-3,,,4.398e+0,,,1.661e-19,,,1.401e-19,5.124e-18,1.066e+2,3.429e-2,4.070e-2,,1.460e-17,,3.180e+1,1.012e-1,1.588e-17,2.538e-18,1.195e-16,1.785e+1,4.791e+2
350.51,2.394e+3,3.847e-21,2.268e-29,1.545e-24,7.223e-16,9.689e-34,,3.238e-20,7.459e-23,,1.841e-15,3.219e-19,4.928e-24,8.601e-18,2.224e-20,1.894e-22,,1.172e-27,1.855e-24,1.746e-11,6.349e-19,6.866e-34,5.678e-18,1.691e+3,2.418e-26,1.166e-18,9.695e-20,2.374e-3,2.130e-9,1.400e+1,9.000e-20,1.432e-26,1.596e-20,4.183e-23,1.253e-2,5.973e-1,3.878e-3,,,4.813e+0,,,1.661e-19,,,1.400e-19,5.125e-18,1.210e+2,4.131e-2,2.929e-2,,1.464e-17,,2.644e+1,8.752e-2,1.587e-17,2.546e-18,1.194e-16,1.984e+1,5.162e+2
350.53,2.450e+3,3.848e-21,2.273e-29,1.624e-24,6.777e-16,9.701e-34,,3.232e-20,7.451e-23,,1.841e-15,3.231e-19,9.048e-24,8.605e-18,2.227e-20,1.065e-22,,1.176e-27,2.422e-24,1.003e-11,6.352e-19,6.834e-34,5.686e-18,1.697e+3,2.419e-26,1.167e-18,9.697e-20,2.913e-3,1.268e-9,1.469e+1,8.987e-20,1.431e-26,1.598e-20,4.184e-23,1.478e-2,4.492e-1,5.109e-3,,,5.234e+0,,,1.661e-19,,,1.400e-19,5.126e-18,1.366e+2,4.946e-2,2.095e-2,,1.468e-17,,2.185e+1,7.637e-2,1.586e-17,2.555e-18,1.194e-16,2.191e+1,5.528e+2
350.56,2.525e+3,3.850e-21,2.282e-29,1.730e-24,6.162e-16,9.720e-34,,3.222e-20,7.438e-23,,1.842e-15,3.249e-19,2.225e-23,8.610e-18,2.232e-20,4.440e-23,,1.180e-27,3.570e-24,4.322e-12,6.357e-19,6.787e-34,5.699e-18,1.693e+3,2.421e-26,1.169e-18,9.700e-20,3.914e-3,5.756e-10,1.608e+1,8.968e-20,1.430e-26,1.600e-20,4.185e-23,1.869e-2,2.896e-1,7.637e-3,,,5.868e+0,,,1.661e-19,,,1.400e-19,5.128e-18,1.620e+2,6.404e-2,1.252e-2,,1.475e-17,,1.623e+1,6.413e-2,1.586e-17,2.567e-18,1.193e-16,2.514e+1,6.054e+2
350.58,2.567e+3,3.851e-21,2.287e-29,1.790e-24,5.798e-16,9.732e-34,,3.215e-20,7.429e-23,,1.842e-15,3.262e-19,4.024e-23,8.613e-18,2.235e-20,2.459e-23,,1.183e-27,4.588e-24,2.446e-12,6.361e-19,6.756e-34,5.707e-18,1.684e+3,2.422e-26,1.170e-18,9.702e-20,4.730e-3,3.373e-10,1.722e+1,8.955e-20,1.429e-26,1.601e-20,4.186e-23,2.170e-2,2.144e-1,9.907e-3,,,6.283e+0,,,1.660e-19,,,1.400e-19,5.129e-18,1.800e+2,7.549e-2,8.815e-3,,1.479e-17,,1.320e+1,5.887e-2,1.585e-17,2.576e-18,1.193e-16,2.734e+1,6.383e+2
350.61,2.620e+3,3.853e-21,2.296e-29,1.862e-24,5.334e-16,9.751e-34,,3.205e-20,7.417e-23,,1.843e-15,3.280e-19,9.670e-23,8.618e-18,2.240e-20,1.002e-23,,1.188e-27,6.609e-24,1.029e-12,6.366e-19,6.708e-34,5.719e-18,1.662e+3,2.424e-26,1.171e-18,9.705e-20,6.210e-3,1.496e-10,1.921e+1,8.936e-20,1.428e-26,1.603e-20,4.188e-23,2.682e-2,1.350e-1,1.447e-2,,,6.881e+0,,,1.660e-19,,,1.400e-19,5.130e-18,2.085e+2,9.550e-2,5.147e-3,,1.486e-17,,9.578e+0,5.522e-2,1.584e-17,2.588e-18,1.192e-16,3.065e+1,6.829e+2
350.63,2.648e+3,3.855e-21,2.302e-29,1.898e-24,5.086e-16,9.764e-34,,3.199e-20,7.408e-23,,1.844e-15,3.292e-19,1.722e-22,8.622e-18,2.243e-20,5.475e-24,,1.191e-27,8.364e-24,5.733e-13,6.369e-19,6.677e-34,5.727e-18,1.642e+3,2.426e-26,1.172e-18,9.707e-20,7.388e-3,8.627e-11,2.069e+1,8.924e-20,1.427e-26,1.605e-20,4.189e-23,3.065e-2,9.844e-2,1.848e-2,,,7.255e+0,,,1.660e-19,,,1.399e-19,5.131e-18,2.281e+2,1.108e-1,3.567e-3,,1.490e-17,,7.672e+0,5.563e-2,1.584e-17,2.597e-18,1.192e-16,3.282e+1,7.089e+2
350.66,2.681e+3,3.857e-21,2.310e-29,1.929e-24,4.811e-16,9.782e-34,,3.189e-20,7.395e-23,,1.844e-15,3.310e-19,4.043e-22,8.627e-18,2.247e-20,2.216e-24,,3.636e-27,1.177e-23,2.356e-13,6.374e-19,6.630e-34,5.739e-18,1.610e+3,2.427e-26,1.173e-18,9.710e-20,9.476e-3,3.736e-11,2.313e+1,8.904e-20,1.426e-26,1.607e-20,4.190e-23,3.701e-2,6.055e-2,2.637e-2,,,7.762e+0,,,1.660e-19,,,1.399e-19,5.133e-18,2.581e+2,1.370e-1,2.034e-3,,1.497e-17,,5.436e+0,6.065e-2,1.583e-17,2.609e-18,1.191e-16,3.594e+1,7.410e+2
350.68,2.697e+3,3.858e-21,2.316e-29,1.935e-24,4.695e-16,9.795e-34,,3.182e-20,7.387e-23,,1.845e-15,3.323e-19,7.089e-22,8.630e-18,2.250e-20,1.248e-24,,7.595e-27,1.467e-23,1.292e-13,6.377e-19,6.598e-34,5.747e-18,1.586e+3,2.429e-26,1.174e-18,9.712e-20,1.110e-2,2.122e-11,2.489e+1,8.892e-20,1.426e-26,1.608e-20,4.191e-23,4.164e-2,4.345e-2,3.317e-2,,,8.057e+0,,,1.660e-19,,,1.399e-19,5.134e-18,2.781e+2,1.565e-1,1.388e-3,,1.501e-17,,4.287e+0,6.705e-2,1.582e-17,2.618e-18,1.191e-16,3.789e+1,7.573e+2
350.71,2.713e+3,3.860e-21,2.324e-29,1.921e-24,4.621e-16,9.814e-34,,3.172e-20,7.374e-23,,1.846e-15,3.341e-19,1.627e-21,8.635e-18,2.255e-20,6.525e-25,,2.267e-26,2.016e-23,5.185e-14,6.382e-19,6.551e-34,5.760e-18,1.552e+3,2.431e-26,1.176e-18,9.715e-20,1.391e-2,8.973e-12,2.773e+1,8.873e-20,1.425e-26,1.610e-20,4.192e-23,4.913e-2,2.611e-2,4.624e-2,,,8.422e+0,,,1.660e-19,,,1.399e-19,5.135e-18,3.074e+2,1.890e-1,7.732e-4,,1.507e-17,,2.967e+0,8.159e-2,1.581e-17,2.630e-18,1.190e-16,4.055e+1,7.734e+2
350.73,2.718e+3,3.861e-21,2.330e-29,1.898e-24,4.636e-16,9.826e-34,,3.166e-20,7.365e-23,,1.846e-15,3.353e-19,2.809e-21,8.638e-18,2.258e-20,5.950e-25,,4.662e-26,2.474e-23,2.799e-14,6.386e-19,6.520e-34,5.768e-18,1.531e+3,2.432e-26,1.177e-18,9.717e-20,1.604e-2,5.016e-12,2.975e+1,8.860e-20,1.424e-26,1.611e-20,4.193e-23,5.443e-2,1.844e-2,5.726e-2,,,8.607e+0,,,1.660e-19,,,1.399e-19,5.136e-18,3.261e+2,2.127e-1,5.194e-4,,1.512e-17,,2.304e+0,9.484e-2,1.581e-17,2.639e-18,1.190e-16,4.209e+1,7.782e+2
350.76,2.719e+3,3.863e-21,2.338e-29,1.841e-24,4.749e-16,9.845e-34,,3.156e-20,7.353e-23,,1.847e-15,3.371e-19,6.299e-21,8.643e-18,2.263e-20,9.253e-25,,1.360e-25,3.323e-23,1.097e-14,6.391e-19,6.473e-34,5.780e-18,1.503e+3,2.434e-26,1.178e-18,9.720e-20,1.964e-2,2.072e-12,3.301e+1,8.841e-20,1.423e-26,1.614e-20,4.194e-23,6.274e-2,1.082e-2,7.800e-2,,,8.790e+0,,,1.660e-19,,,1.398e-19,5.138e-18,3.522e+2,2.509e-1,2.826e-4,,1.518e-17,,1.558e+0,1.206e-1,1.580e-17,2.651e-18,1.189e-16,4.399e+1,7.764e+2
350.78,2.716e+3,3.865e-21,2.344e-29,1.790e-24,4.879e-16,9.857e-34,,3.149e-20,7.344e-23,,1.847e-15,3.383e-19,1.071e-20,8.647e-18,2.266e-20,1.509e-24,,2.754e-25,4.015e-23,5.830e-15,6.394e-19,6.441e-34,5.788e-18,1.488e+3,2.435e-26,1.179e-18,9.722e-20,2.231e-2,1.140e-12,3.535e+1,8.828e-20,1.422e-26,1.615e-20,4.195e-23,6.843e-2,7.529e-3,9.511e-2,,,8.845e+0,,,1.660e-19,,,1.398e-19,5.139e-18,3.678e+2,2.780e-1,1.869e-4,,1.523e-17,,1.191e+0,1.420e-1,1.579e-17,2.660e-18,1.189e-16,4.496e+1,7.692e+2
350.81,2.704e+3,3.867e-21,2.352e-29,1.696e-24,5.142e-16,9.876e-34,,3.140e-20,7.331e-23,,1.848e-15,3.402e-19,2.347e-20,8.652e-18,2.270e-20,3.364e-24,,7.850e-25,5.269e-23,2.232e-15,6.399e-19,6.394e-34,5.800e-18,1.471e+3,2.437e-26,1.180e-18,9.725e-20,2.669e-2,4.600e-13,3.914e+1,8.809e-20,1.421e-26,1.617e-20,4.197e-23,7.706e-2,4.316e-3,1.266e-1,,,8.824e+0,,,1.660e-19,,,1.398e-19,5.140e-18,3.881e+2,3.204e-1,9.933e-5,,1.529e-17,,7.863e-1,1.812e-1,1.578e-17,2.672e-18,1.188e-16,4.591e+1,7.497e+2
350.83,2.692e+3,3.868e-21,2.358e-29,1.624e-24,5.356e-16,9.889e-34,,3.133e-20,7.323e-23,,1.849e-15,3.414e-19,3.929e-20,8.655e-18,2.273e-20,5.779e-24,,1.566e-24,6.268e-23,1.167e-15,6.402e-19,6.362e-34,5.808e-18,1.463e+3,2.438e-26,1.181e-18,9.727e-20,2.984e-2,2.492e-13,4.189e+1,8.796e-20,1.421e-26,1.618e-20,4.198e-23,8.277e-2,2.955e-3,1.520e-1,,,8.742e+0,,,1.660e-19,,,1.398e-19,5.141e-18,3.991e+2,3.495e-1,6.466e-5,,1.534e-17,,5.917e-1,2.124e-1,1.578e-17,2.681e-18,1.188e-16,4.620e+1,7.313e+2
350.86,2.667e+3,3.870e-21,2.367e-29,1.504e-24,5.717e-16,9.907e-34,,3.123e-20,7.310e-23,,1.849e-15,3.432e-19,8.413e-20,8.660e-18,2.278e-20,1.292e-23,,4.362e-24,8.038e-23,4.365e-16,6.407e-19,6.315e-34,5.821e-18,1.457e+3,2.440e-26,1.183e-18,9.730e-20,3.487e-2,9.821e-14,4.640e+1,8.777e-20,1.420e-26,1.621e-20,4.199e-23,9.106e-2,1.655e-3,1.976e-1,,,8.521e+0,,,1.659e-19,,,1.397e-19,5.143e-18,4.114e+2,3.935e-1,3.357e-5,,1.540e-17,,3.817e-1,2.675e-1,1.577e-17,2.693e-18,1.187e-16,4.609e+1,6.963e+2
350.88,2.646e+3,3.871e-21,2.372e-29,1.417e-24,5.975e-16,2.093e-33,,3.117e-20,7.302e-23,,1.850e-15,3.444e-19,1.387e-19,8.664e-18,2.281e-20,2.192e-23,,8.568e-24,9.414e-23,2.248e-16,6.411e-19,6.284e-34,5.829e-18,1.456e+3,2.442e-26,1.184e-18,9.732e-20,3.839e-2,5.237e-14,4.970e+1,8.765e-20,1.419e-26,1.622e-20,4.200e-23,9.629e-2,1.115e-3,2.336e-1,,,8.312e+0,,,1.659e-19,,,1.397e-19,5.144e-18,4.165e+2,4.226e-1,2.151e-5,,1.544e-17,,2.828e-1,3.101e-1,1.576e-17,2.702e-18,1.187e-16,4.566e+1,6.687e+2
350.9,2.621e+3,3.873e-21,2.378e-29,1.328e-24,6.239e-16,4.394e-33,,3.110e-20,7.293e-23,,1.850e-15,3.457e-19,2.273e-19,8.667e-18,2.284e-20,3.699e-23,,1.673e-23,1.096e-22,1.150e-16,6.414e-19,6.252e-34,5.837e-18,1.456e+3,2.443e-26,1.185e-18,9.734e-20,4.201e-2,2.775e-14,5.327e+1,8.752e-20,1.418e-26,1.623e-20,4.201e-23,1.012e-1,7.472e-4,2.744e-1,,,8.057e+0,,,1.659e-19,,,1.397e-19,5.145e-18,4.191e+2,4.511e-1,1.370e-5,,1.549e-17,,2.082e-1,3.575e-1,1.576e-17,2.710e-18,1.186e-16,4.496e+1,6.383e+2
350.93,2.577e+3,3.875e-21,2.386e-29,1.190e-24,6.628e-16,1.322e-32,,3.100e-20,7.280e-23,,1.851e-15,3.475e-19,4.711e-19,8.672e-18,2.289e-20,8.015e-23,,4.512e-23,1.360e-22,4.161e-17,6.419e-19,6.205e-34,5.849e-18,1.459e+3,2.445e-26,1.186e-18,9.737e-20,4.752e-2,1.058e-14,5.917e+1,8.733e-20,1.417e-26,1.625e-20,4.202e-23,1.078e-1,4.049e-4,3.454e-1,,,7.601e+0,,,1.659e-19,,,1.397e-19,5.146e-18,4.181e+2,4.917e-1,6.883e-6,,1.555e-17,,1.300e-1,4.378e-1,1.575e-17,2.723e-18,1.186e-16,4.341e+1,5.882e+2
350.95,2.542e+3,3.876e-21,2.392e-29,1.097e-24,6.874e-16,2.733e-32,,3.093e-20,7.272e-23,,1.852e-15,3.487e-19,7.602e-19,8.675e-18,2.292e-20,1.332e-22,,8.674e-23,1.559e-22,2.096e-17,6.422e-19,6.174e-34,5.857e-18,1.460e+3,2.446e-26,1.187e-18,9.739e-20,5.119e-2,5.520e-15,6.350e+1,8.720e-20,1.417e-26,1.627e-20,4.203e-23,1.115e-1,2.670e-4,3.995e-1,,,7.255e+0,,,1.659e-19,,,1.397e-19,5.147e-18,4.143e+2,5.167e-1,4.316e-6,,1.560e-17,,9.422e-2,4.977e-1,1.574e-17,2.731e-18,1.185e-16,4.209e+1,5.528e+2
350.98,2.481e+3,3.878e-21,2.401e-29,9.608e-25,7.206e-16,8.032e-32,,3.084e-20,7.259e-23,,1.852e-15,3.505e-19,1.540e-18,8.680e-18,2.296e-20,2.820e-22,,2.286e-22,1.890e-22,7.406e-18,6.427e-19,6.126e-34,5.869e-18,1.460e+3,2.448e-26,1.189e-18,9.742e-20,5.658e-2,2.056e-15,7.060e+1,8.701e-20,1.416e-26,1.629e-20,4.204e-23,1.160e-1,1.413e-4,4.913e-1,,,6.687e+0,,,1.659e-19,,,1.396e-19,5.149e-18,4.038e+2,5.502e-1,2.118e-6,,1.566e-17,,5.746e-2,5.965e-1,1.573e-17,2.744e-18,1.185e-16,3.970e+1,4.977e+2
351,2.434e+3,3.879e-21,2.406e-29,8.725e-25,7.394e-16,1.635e-31,,3.077e-20,7.251e-23,,1.853e-15,3.517e-19,2.447e-18,8.684e-18,2.299e-20,4.614e-22,,4.329e-22,2.133e-22,3.673e-18,6.431e-19,6.095e-34,5.877e-18,1.458e+3,2.449e-26,1.190e-18,9.744e-20,6.002e-2,1.056e-15,7.576e+1,8.688e-20,1.415e-26,1.630e-20,4.205e-23,1.182e-1,9.175e-5,5.596e-1,,,6.285e+0,,,1.659e-19,,,1.396e-19,5.150e-18,3.939e+2,5.693e-1,1.307e-6,,1.571e-17,,4.100e-2,6.681e-1,1.573e-17,2.752e-18,1.184e-16,3.789e+1,4.604e+2
351.03,2.355e+3,3.881e-21,2.415e-29,7.462e-25,7.612e-16,4.698e-31,,3.067e-20,7.238e-23,,1.854e-15,3.536e-19,4.844e-18,8.689e-18,2.304e-20,9.545e-22,,1.115e-21,2.528e-22,1.267e-18,6.436e-19,6.048e-34,5.890e-18,1.448e+3,2.451e-26,1.191e-18,9.747e-20,6.480e-2,3.839e-16,8.409e+1,8.669e-20,1.414e-26,1.632e-20,4.207e-23,1.201e-1,4.744e-5,6.724e-1,,,5.660e+0,,,1.659e-19,,,1.396e-19,5.151e-18,3.751e+2,5.923e-1,6.264e-7,,1.577e-17,,2.443e-2,7.833e-1,1.572e-17,2.765e-18,1.184e-16,3.493e+1,4.050e+2
351.05,2.296e+3,3.883e-21,2.420e-29,6.671e-25,7.710e-16,9.420e-31,,3.061e-20,7.229e-23,,1.854e-15,3.548e-19,7.579e-18,8.692e-18,2.307e-20,1.538e-21,,2.079e-21,2.808e-22,6.186e-19,6.439e-19,6.016e-34,5.898e-18,1.437e+3,2.453e-26,1.192e-18,9.749e-20,6.768e-2,1.941e-16,9.002e+1,8.656e-20,1.413e-26,1.634e-20,4.208e-23,1.205e-1,3.032e-5,7.540e-1,,,5.238e+0,,,1.659e-19,,,1.396e-19,5.152e-18,3.602e+2,6.034e-1,3.806e-7,,1.581e-17,,1.716e-2,8.645e-1,1.571e-17,2.773e-18,1.183e-16,3.282e+1,3.689e+2
351.08,2.199e+3,3.885e-21,2.429e-29,5.574e-25,7.777e-16,2.644e-30,,3.051e-20,7.217e-23,,1.855e-15,3.566e-19,1.466e-17,8.697e-18,2.312e-20,3.109e-21,,5.232e-21,3.251e-22,2.085e-19,6.444e-19,5.969e-34,5.910e-18,1.411e+3,2.454e-26,1.193e-18,9.752e-20,7.140e-2,6.894e-17,9.938e+1,8.637e-20,1.412e-26,1.636e-20,4.209e-23,1.197e-1,1.531e-5,8.852e-1,,,4.611e+0,,,1.659e-19,,,1.396e-19,5.154e-18,3.351e+2,6.134e-1,1.782e-7,,1.588e-17,,9.986e-3,9.913e-1,1.570e-17,2.786e-18,1.182e-16,2.955e+1,3.170e+2
351.1,2.129e+3,3.886e-21,2.435e-29,4.907e-25,7.766e-16,5.222e-30,,3.044e-20,7.208e-23,,1.855e-15,3.578e-19,2.259e-17,8.701e-18,2.315e-20,4.933e-21,,9.607e-21,3.557e-22,1.002e-19,6.448e-19,5.938e-34,5.918e-18,1.388e+3,2.456e-26,1.194e-18,9.754e-20,7.342e-2,3.431e-17,1.059e+2,8.625e-20,1.412e-26,1.637e-20,4.210e-23,1.182e-1,9.635e-6,9.774e-1,,,4.203e+0,,,1.659e-19,,,1.395e-19,5.155e-18,3.169e+2,6.153e-1,1.066e-7,,1.592e-17,,6.907e-3,1.078e+0,1.570e-17,2.794e-18,1.182e-16,2.734e+1,2.843e+2
351.13,2.016e+3,3.888e-21,2.443e-29,4.005e-25,7.664e-16,1.432e-29,,3.034e-20,7.195e-23,,1.856e-15,3.597e-19,4.270e-17,8.706e-18,2.319e-20,9.747e-21,,2.363e-20,4.023e-22,3.298e-20,6.453e-19,5.891e-34,5.930e-18,1.343e+3,2.458e-26,1.196e-18,9.757e-20,7.568e-2,1.190e-17,1.158e+2,8.605e-20,1.411e-26,1.639e-20,4.211e-23,1.147e-1,4.753e-6,1.121e+0,,,3.619e+0,,,1.658e-19,,,1.395e-19,5.156e-18,2.880e+2,6.110e-1,4.876e-8,,1.599e-17,,3.926e-3,1.209e+0,1.569e-17,2.807e-18,1.181e-16,2.405e+1,2.387e+2
351.15,1.936e+3,3.889e-21,2.449e-29,3.471e-25,7.540e-16,2.786e-29,,3.028e-20,7.187e-23,,1.857e-15,3.609e-19,6.478e-17,8.709e-18,2.322e-20,1.523e-20,,4.273e-20,4.334e-22,1.560e-20,6.456e-19,5.859e-34,5.938e-18,1.306e+3,2.459e-26,1.197e-18,9.759e-20,7.662e-2,5.831e-18,1.224e+2,8.593e-20,1.410e-26,1.641e-20,4.212e-23,1.115e-1,2.944e-6,1.219e+0,,,3.252e+0,,,1.658e-19,,,1.395e-19,5.157e-18,2.681e+2,6.034e-1,2.874e-8,,1.603e-17,,2.673e-3,1.296e+0,1.568e-17,2.815e-18,1.181e-16,2.191e+1,2.108e+2
351.18,1.810e+3,3.891e-21,2.457e-29,2.768e-25,7.276e-16,7.468e-29,,3.018e-20,7.174e-23,,1.857e-15,3.627e-19,1.197e-16,8.714e-18,2.327e-20,2.940e-20,,1.027e-19,4.789e-22,1.564e-20,6.461e-19,5.812e-34,5.951e-18,1.241e+3,2.461e-26,1.198e-18,9.762e-20,7.716e-2,1.976e-18,1.322e+2,8.574e-20,1.409e-26,1.643e-20,4.213e-23,1.057e-1,1.419e-6,1.366e+0,,,2.743e+0,,,1.658e-19,,,1.395e-19,5.159e-18,2.381e+2,5.855e-1,1.291e-8,,1.610e-17,,1.485e-3,1.423e+0,1.567e-17,2.828e-18,1.180e-16,1.883e+1,1.729e+2
351.2,1.723e+3,3.893e-21,2.463e-29,2.362e-25,7.051e-16,1.430e-28,,3.011e-20,7.165e-23,,1.858e-15,3.639e-19,1.788e-16,8.717e-18,2.330e-20,4.523e-20,,1.829e-19,5.080e-22,1.567e-20,6.464e-19,5.780e-34,5.959e-18,1.193e+3,2.462e-26,1.199e-18,9.763e-20,7.692e-2,9.529e-19,1.385e+2,8.561e-20,1.408e-26,1.644e-20,4.214e-23,1.012e-1,8.651e-7,1.462e+0,,,2.434e+0,,,1.658e-19,,,1.395e-19,5.160e-18,2.183e+2,5.693e-1,7.600e-9,,1.614e-17,,9.951e-4,1.503e+0,1.567e-17,2.836e-18,1.180e-16,1.689e+1,1.503e+2
351.23,1.589e+3,3.895e-21,2.471e-29,1.840e-25,6.649e-16,3.747e-28,,3.001e-20,7.153e-23,,1.859e-15,3.658e-19,3.227e-16,8.722e-18,2.335e-20,8.533e-20,,4.296e-19,5.485e-22,1.570e-20,6.469e-19,5.733e-34,5.971e-18,1.112e+3,2.464e-26,1.200e-18,9.766e-20,7.568e-2,3.154e-19,1.473e+2,8.542e-20,1.407e-26,1.646e-20,4.216e-23,9.371e-2,4.072e-7,1.601e+0,,,2.021e+0,,,1.658e-19,,,1.394e-19,5.161e-18,1.893e+2,5.396e-1,3.653e-9,,1.621e-17,,5.398e-4,1.614e+0,1.566e-17,2.849e-18,1.179e-16,1.418e+1,1.204e+2
351.25,1.500e+3,3.896e-21,2.477e-29,1.546e-25,6.346e-16,7.068e-28,,2.995e-20,7.144e-23,,1.859e-15,3.670e-19,4.747e-16,8.726e-18,2.338e-20,1.293e-19,,7.533e-19,5.728e-22,1.573e-20,6.473e-19,5.702e-34,5.979e-18,1.055e+3,2.465e-26,1.201e-18,9.768e-20,7.428e-2,1.497e-19,1.526e+2,8.529e-20,1.407e-26,1.648e-20,4.217e-23,8.834e-2,2.445e-7,1.687e+0,,,1.780e+0,,,1.658e-19,,,1.394e-19,5.162e-18,1.709e+2,5.167e-1,2.591e-9,,1.625e-17,,3.562e-4,1.682e+0,1.565e-17,2.857e-18,1.179e-16,1.252e+1,1.031e+2
351.27,1.410e+3,3.897e-21,2.483e-29,1.291e-25,6.019e-16,1.325e-27,,2.988e-20,7.136e-23,,1.860e-15,3.682e-19,6.941e-16,8.729e-18,2.341e-20,1.947e-19,,1.313e-18,5.945e-22,1.576e-20,6.476e-19,5.670e-34,5.987e-18,9.947e+2,2.467e-26,1.202e-18,9.770e-20,7.246e-2,7.063e-20,1.574e+2,8.516e-20,1.406e-26,1.649e-20,4.217e-23,8.277e-2,1.458e-7,1.768e+0,,,1.567e+0,,,1.658e-19,,,1.394e-19,5.163e-18,1.533e+2,4.917e-1,2.380e-9,,1.629e-17,,2.336e-4,1.742e+0,1.565e-17,2.865e-18,1.179e-16,1.099e+1,8.768e+1
351.3,1.277e+3,3.899e-21,2.491e-29,9.732e-26,5.495e-16,3.361e-27,,2.978e-20,7.123e-23,,1.860e-15,3.700e-19,1.213e-15,8.734e-18,2.345e-20,3.556e-19,,2.986e-18,6.213e-22,1.579e-20,6.481e-19,5.623e-34,5.999e-18,9.021e+2,2.469e-26,1.204e-18,9.773e-20,6.901e-2,6.990e-20,1.633e+2,8.497e-20,1.405e-26,1.651e-20,4.219e-23,7.419e-2,6.642e-8,1.873e+0,,,1.301e+0,,,1.658e-19,,,1.394e-19,5.164e-18,1.287e+2,4.511e-1,3.611e-9,,1.636e-17,,1.226e-4,1.818e+0,1.564e-17,2.878e-18,1.178e-16,8.931e+0,6.800e+1
351.32,1.190e+3,3.901e-21,2.497e-29,7.999e-26,5.132e-16,6.205e-27,,2.972e-20,7.114e-23,,1.861e-15,3.712e-19,1.746e-15,8.737e-18,2.349e-20,5.272e-19,,5.125e-18,6.349e-22,1.582e-20,6.484e-19,5.592e-34,6.008e-18,8.397e+2,2.470e-26,1.205e-18,9.775e-20,6.628e-2,6.940e-20,1.663e+2,8.485e-20,1.404e-26,1.652e-20,4.220e-23,6.843e-2,3.901e-8,1.932e+0,,,1.159e+0,,,1.658e-19,,,1.394e-19,5.165e-18,1.137e+2,4.226e-1,5.851e-9,,1.640e-17,,7.918e-5,1.858e+0,1.563e-17,2.886e-18,1.177e-16,7.717e+0,5.695e+1
351.35,1.064e+3,3.903e-21,2.505e-29,5.893e-26,4.579e-16,1.538e-26,,2.962e-20,7.102e-23,,1.862e-15,3.731e-19,2.982e-15,8.743e-18,2.353e-20,9.410e-19,,1.139e-17,6.484e-22,1.586e-20,6.489e-19,5.544e-34,6.020e-18,7.469e+2,2.472e-26,1.206e-18,9.778e-20,6.167e-2,6.866e-20,1.694e+2,8.466e-20,1.403e-26,1.655e-20,4.221e-23,5.993e-2,1.736e-8,2.001e+0,,,9.992e-1,,,1.658e-19,,,1.393e-19,5.167e-18,9.324e+1,3.788e-1,1.314e-8,,1.647e-17,,4.060e-5,1.902e+0,1.563e-17,2.899e-18,1.177e-16,6.126e+0,4.315e+1
351.37,9.843e+2,3.904e-21,2.511e-29,4.769e-26,4.210e-16,2.797e-26,,2.955e-20,7.093e-23,,1.862e-15,3.743e-19,4.228e-15,8.746e-18,2.356e-20,1.374e-18,,1.925e-17,6.524e-22,1.588e-20,6.493e-19,1.162e-33,6.028e-18,6.867e+2,2.473e-26,1.207e-18,9.780e-20,5.832e-2,6.817e-20,1.704e+2,8.453e-20,1.402e-26,1.656e-20,4.222e-23,5.443e-2,1.004e-8,2.032e+0,,,9.271e-1,,,1.658e-19,,,1.393e-19,5.168e-18,8.107e+1,3.495e-1,2.277e-8,,1.651e-17,,2.581e-5,1.920e+0,1.562e-17,2.907e-18,1.176e-16,5.212e+0,3.558e+1
351.4,8.715e+2,3.906e-21,2.520e-29,3.432e-26,3.670e-16,6.776e-26,,2.945e-20,7.080e-23,,1.863e-15,3.761e-19,7.056e-15,8.751e-18,2.361e-20,2.396e-18,,4.182e-17,6.509e-22,1.592e-20,6.498e-19,3.484e-33,6.040e-18,6.004e+2,2.475e-26,1.209e-18,9.783e-20,5.301e-2,6.743e-20,1.704e+2,8.434e-20,1.401e-26,1.658e-20,4.223e-23,4.657e-2,4.361e-9,2.056e+0,,,8.709e-1,,,1.658e-19,,,1.393e-19,5.169e-18,6.497e+1,3.060e-1,5.166e-8,,1.658e-17,,1.293e-5,1.930e+0,1.561e-17,2.920e-18,1.176e-16,4.043e+0,2.634e+1
351.42,8.016e+2,3.907e-21,2.525e-29,2.735e-26,3.323e-16,1.213e-25,,2.939e-20,7.072e-23,,1.863e-15,3.773e-19,9.851e-15,8.754e-18,2.364e-20,3.445e-18,,6.961e-17,6.449e-22,1.595e-20,6.501e-19,7.190e-33,6.048e-18,5.465e+2,2.476e-26,1.209e-18,9.785e-20,4.936e-2,6.694e-20,1.695e+2,8.421e-20,1.401e-26,1.659e-20,4.224e-23,4.164e-2,2.483e-9,2.056e+0,,,8.678e-1,,,1.657e-19,,,1.393e-19,5.170e-18,5.562e+1,2.780e-1,8.861e-8,,1.662e-17,,8.090e-6,1.926e+0,1.561e-17,2.928e-18,1.175e-16,3.386e+0,2.138e+1
351.45,7.056e+2,3.909e-21,2.534e-29,1.923e-26,2.830e-16,2.873e-25,,2.929e-20,7.059e-23,,1.864e-15,3.792e-19,1.606e-14,8.759e-18,2.368e-20,5.872e-18,,1.478e-16,6.286e-22,1.599e-20,6.506e-19,2.107e-32,6.060e-18,4.722e+2,2.478e-26,1.211e-18,9.788e-20,4.384e-2,6.620e-20,1.666e+2,8.402e-20,1.400e-26,1.661e-20,4.226e-23,3.481e-2,1.054e-9,2.032e+0,,,9.152e-1,,,1.657e-19,,,1.392e-19,5.172e-18,4.355e+1,2.378e-1,1.968e-7,,1.669e-17,,3.958e-6,1.906e+0,1.560e-17,2.941e-18,1.175e-16,2.566e+0,1.546e+1
351.47,6.479e+2,3.910e-21,2.539e-29,1.508e-26,2.523e-16,5.065e-25,,2.922e-20,1.479e-22,,1.865e-15,3.804e-19,2.209e-14,8.763e-18,2.372e-20,8.314e-18,,2.422e-16,6.132e-22,1.601e-20,6.509e-19,4.282e-32,6.068e-18,4.276e+2,2.480e-26,1.212e-18,9.790e-20,4.019e-2,6.571e-20,1.640e+2,8.389e-20,1.399e-26,1.663e-20,4.227e-23,3.065e-2,5.906e-10,2.001e+0,,,9.819e-1,,,1.657e-19,,,1.392e-19,5.173e-18,3.671e+1,2.127e-1,3.326e-7,,1.673e-17,,2.439e-6,1.884e+0,1.559e-17,2.949e-18,1.174e-16,2.116e+0,1.236e+1
351.5,5.713e+2,3.912e-21,2.548e-29,1.036e-26,2.099e-16,1.172e-24,,2.912e-20,4.431e-22,,1.865e-15,3.822e-19,3.519e-14,8.768e-18,2.376e-20,1.385e-17,,5.024e-16,5.840e-22,1.605e-20,6.514e-19,1.227e-31,6.081e-18,3.687e+2,2.481e-26,1.213e-18,9.793e-20,3.487e-2,6.497e-20,1.591e+2,8.370e-20,1.398e-26,1.665e-20,4.228e-23,2.503e-2,2.449e-10,1.932e+0,,,1.135e+0,,,1.657e-19,,,1.392e-19,5.174e-18,2.808e+1,1.778e-1,7.221e-7,,1.679e-17,,1.166e-6,1.841e+0,1.558e-17,2.962e-18,1.174e-16,1.567e+0,8.731e+0
351.52,5.270e+2,3.914e-21,2.554e-29,8.002e-27,1.842e-16,2.035e-24,,2.906e-20,9.140e-22,,1.866e-15,3.834e-19,4.765e-14,8.771e-18,2.379e-20,1.931e-17,,8.110e-16,5.609e-22,1.608e-20,6.518e-19,2.455e-31,6.089e-18,3.350e+2,2.483e-26,1.214e-18,9.795e-20,3.148e-2,6.448e-20,1.553e+2,8.357e-20,1.397e-26,1.666e-20,4.229e-23,2.170e-2,1.351e-10,1.873e+0,,,1.274e+0,,,1.657e-19,,,1.392e-19,5.175e-18,2.331e+1,1.565e-1,1.202e-6,,1.684e-17,,7.070e-7,1.807e+0,1.558e-17,2.970e-18,1.173e-16,1.272e+0,6.871e+0
351.55,4.708e+2,3.916e-21,2.562e-29,5.369e-27,1.498e-16,4.602e-24,,2.896e-20,2.677e-21,,1.867e-15,3.853e-19,7.419e-14,8.776e-18,2.384e-20,3.142e-17,,1.644e-15,5.219e-22,1.611e-20,6.523e-19,6.873e-31,6.101e-18,2.930e+2,2.485e-26,1.216e-18,9.798e-20,2.669e-2,6.374e-20,1.494e+2,8.338e-20,1.396e-26,1.668e-20,4.230e-23,1.731e-2,5.471e-11,1.768e+0,,,1.538e+0,,,1.657e-19,,,1.392e-19,5.177e-18,1.742e+1,1.278e-1,2.550e-6,,1.690e-17,,3.301e-7,1.750e+0,1.557e-17,2.983e-18,1.173e-16,9.200e-1,4.742e+0
351.57,4.402e+2,3.917e-21,2.568e-29,4.083e-27,1.294e-16,7.869e-24,,2.889e-20,5.438e-21,,1.867e-15,3.865e-19,9.891e-14,8.779e-18,2.387e-20,4.314e-17,,2.613e-15,4.936e-22,1.614e-20,6.526e-19,1.355e-30,6.109e-18,2.707e+2,2.486e-26,1.217e-18,9.800e-20,2.372e-2,6.325e-20,1.455e+2,8.326e-20,1.396e-26,1.670e-20,4.231e-23,1.478e-2,2.972e-11,1.687e+0,,,1.752e+0,,,1.657e-19,,,1.391e-19,5.178e-18,1.423e+1,1.108e-1,4.178e-6,,1.695e-17,,1.971e-7,1.710e+0,1.556e-17,2.991e-18,1.172e-16,7.355e-1,3.675e+0
351.6,4.043e+2,3.919e-21,2.576e-29,2.677e-27,1.028e-16,1.739e-23,,2.880e-20,1.557e-20,,1.868e-15,3.883e-19,1.505e-13,8.785e-18,2.392e-20,6.860e-17,,5.177e-15,4.488e-22,1.618e-20,6.531e-19,3.706e-30,6.121e-18,2.455e+2,2.488e-26,1.218e-18,9.803e-20,1.964e-2,6.251e-20,1.400e+2,8.306e-20,1.395e-26,1.672e-20,4.232e-23,1.152e-2,1.176e-11,1.556e+0,,,2.130e+0,,,1.657e-19,,,1.391e-19,5.179e-18,1.039e+1,8.843e-2,8.663e-6,,1.701e-17,,8.990e-8,1.649e+0,1.555e-17,3.004e-18,1.172e-16,5.197e-1,2.477e+0
351.62,3.869e+2,3.920e-21,2.582e-29,2.004e-27,8.747e-17,2.928e-23,,2.873e-20,3.115e-20,,1.868e-15,3.895e-19,1.976e-13,8.788e-18,2.395e-20,9.275e-17,,8.104e-15,4.179e-22,1.620e-20,6.534e-19,7.195e-30,6.129e-18,2.339e+2,2.489e-26,1.219e-18,9.805e-20,1.719e-2,6.202e-20,1.368e+2,8.294e-20,1.394e-26,1.673e-20,4.233e-23,9.680e-3,6.286e-12,1.462e+0,,,2.420e+0,,,1.657e-19,,,1.391e-19,5.180e-18,8.359e+0,7.549e-2,1.398e-5,,1.706e-17,,5.285e-8,1.609e+0,1.555e-17,3.012e-18,1.171e-16,4.091e-1,1.890e+0
351.65,3.701e+2,3.922e-21,2.590e-29,1.283e-27,6.787e-17,6.325e-23,,2.863e-20,8.714e-20,,1.869e-15,3.913e-19,2.937e-13,8.793e-18,2.399e-20,1.441e-16,,1.569e-14,3.712e-22,1.624e-20,6.539e-19,1.924e-29,6.142e-18,2.238e+2,2.491e-26,1.220e-18,9.808e-20,1.391e-2,6.128e-20,1.330e+2,8.275e-20,1.393e-26,1.675e-20,4.235e-23,7.371e-3,2.429e-12,1.317e+0,,,2.910e+0,,,1.657e-19,,,1.391e-19,5.182e-18,5.963e+0,5.885e-2,2.833e-5,,1.712e-17,,2.354e-8,1.552e+0,1.554e-17,3.025e-18,1.171e-16,2.824e-1,1.245e+0
351.67,3.648e+2,3.924e-21,2.596e-29,9.462e-28,5.686e-17,1.049e-22,,2.857e-20,1.717e-19,,1.870e-15,3.926e-19,3.797e-13,8.796e-18,2.402e-20,1.919e-16,,2.418e-14,3.403e-22,1.627e-20,6.543e-19,3.678e-29,6.150e-18,2.215e+2,2.492e-26,1.221e-18,9.810e-20,1.199e-2,6.079e-20,1.313e+2,8.262e-20,1.392e-26,1.677e-20,4.236e-23,6.100e-3,1.279e-12,1.219e+0,,,3.272e+0,,,1.657e-19,,,1.391e-19,5.183e-18,4.723e+0,4.946e-2,4.501e-5,,1.716e-17,,1.363e-8,1.517e+0,1.553e-17,3.033e-18,1.170e-16,2.188e-1,9.352e-1
351.69,3.639e+2,3.925e-21,2.602e-29,6.932e-28,4.735e-17,1.729e-22,,2.850e-20,3.362e-19,,1.870e-15,3.938e-19,4.879e-13,8.800e-18,2.405e-20,2.539e-16,,3.705e-14,3.101e-22,1.629e-20,6.546e-19,6.989e-29,6.158e-18,2.225e+2,2.494e-26,1.222e-18,9.812e-20,1.026e-2,6.030e-20,1.305e+2,8.249e-20,1.392e-26,1.678e-20,4.236e-23,5.016e-3,6.689e-13,1.121e+0,,,3.660e+0,,,1.656e-19,,,1.390e-19,5.184e-18,3.718e+0,4.131e-2,7.110e-5,,1.721e-17,,7.838e-9,1.484e+0,1.553e-17,3.042e-18,1.170e-16,1.686e-1,6.981e-1
351.72,3.700e+2,3.927e-21,2.610e-29,4.297e-28,3.556e-17,3.615e-22,,2.840e-20,9.110e-19,,1.871e-15,3.956e-19,7.023e-13,8.805e-18,2.410e-20,3.820e-16,,6.946e-14,2.666e-22,1.633e-20,6.551e-19,1.810e-28,6.170e-18,2.291e+2,2.496e-26,1.224e-18,9.815e-20,8.039e-3,5.956e-20,1.311e+2,8.230e-20,1.391e-26,1.680e-20,4.238e-23,3.697e-3,2.501e-13,9.774e-1,,,4.285e+0,,,1.656e-19,,,1.390e-19,5.185e-18,2.567e+0,3.117e-2,1.395e-4,,1.727e-17,,3.379e-9,1.440e+0,1.552e-17,3.054e-18,1.169e-16,1.126e-1,4.451e-1
351.74,3.786e+2,3.928e-21,2.616e-29,3.099e-28,2.915e-17,5.868e-22,,2.834e-20,1.757e-18,,1.871e-15,3.968e-19,8.886e-13,8.808e-18,2.413e-20,4.978e-16,,1.048e-13,2.392e-22,1.636e-20,6.555e-19,3.387e-28,6.178e-18,2.365e+2,2.497e-26,1.225e-18,9.817e-20,6.778e-3,5.907e-20,1.327e+2,8.217e-20,1.390e-26,1.682e-20,4.239e-23,2.994e-3,1.288e-13,8.852e-1,,,4.726e+0,,,1.656e-19,,,1.390e-19,5.186e-18,1.990e+0,2.563e-2,2.170e-4,,1.732e-17,,1.913e-9,1.414e+0,1.551e-17,3.063e-18,1.169e-16,8.540e-2,3.271e-1
351.77,3.973e+2,3.930e-21,2.624e-29,1.877e-28,2.139e-17,1.199e-21,,2.824e-20,4.653e-18,,1.872e-15,3.987e-19,1.250e-12,8.813e-18,2.418e-20,7.319e-16,,1.920e-13,2.010e-22,1.640e-20,6.560e-19,8.571e-28,6.190e-18,2.510e+2,2.499e-26,1.226e-18,9.820e-20,5.187e-3,5.833e-20,1.371e+2,8.198e-20,1.389e-26,1.684e-20,4.240e-23,2.156e-3,4.705e-14,7.540e-1,,,5.414e+0,,,1.656e-19,,,1.390e-19,5.188e-18,1.342e+0,1.890e-2,4.161e-4,,1.738e-17,,8.058e-10,1.379e+0,1.550e-17,3.075e-18,1.168e-16,5.574e-2,2.037e-1
351.79,4.130e+2,3.932e-21,2.630e-29,1.333e-28,1.727e-17,1.917e-21,,2.817e-20,8.838e-18,,1.873e-15,3.999e-19,1.557e-12,8.816e-18,2.421e-20,9.391e-16,,2.852e-13,1.775e-22,1.642e-20,6.563e-19,1.580e-27,6.199e-18,2.624e+2,2.500e-26,1.227e-18,9.822e-20,4.306e-3,5.784e-20,1.414e+2,8.186e-20,1.388e-26,1.685e-20,4.241e-23,1.719e-3,2.385e-14,6.724e-1,,,5.883e+0,,,1.656e-19,,,1.390e-19,5.189e-18,1.024e+0,1.530e-2,6.373e-4,,1.743e-17,,4.492e-10,1.359e+0,1.550e-17,3.084e-18,1.168e-16,4.162e-2,1.474e-1
351.82,4.402e+2,3.934e-21,2.638e-29,7.884e-29,1.238e-17,3.829e-21,,2.807e-20,2.287e-17,,1.873e-15,4.017e-19,2.141e-12,8.821e-18,2.425e-20,1.349e-15,,5.106e-13,1.457e-22,1.646e-20,6.568e-19,3.907e-27,6.211e-18,2.811e+2,2.502e-26,1.229e-18,9.825e-20,3.219e-3,5.710e-20,1.498e+2,8.167e-20,1.387e-26,1.687e-20,4.242e-23,1.209e-3,8.511e-15,5.596e-1,,,6.587e+0,,,1.656e-19,,,1.389e-19,5.190e-18,6.749e-1,1.102e-2,1.194e-3,,1.749e-17,,1.848e-10,1.330e+0,1.549e-17,3.096e-18,1.167e-16,2.654e-2,8.971e-2
351.84,4.602e+2,3.935e-21,2.644e-29,5.513e-29,9.838e-18,6.028e-21,,2.801e-20,4.279e-17,,1.874e-15,4.029e-19,2.626e-12,8.825e-18,2.428e-20,1.705e-15,,7.471e-13,1.267e-22,1.649e-20,6.571e-19,7.091e-27,6.219e-18,2.941e+2,2.503e-26,1.229e-18,9.827e-20,2.632e-3,5.661e-20,1.566e+2,8.154e-20,1.387e-26,1.689e-20,4.243e-23,9.492e-4,4.248e-15,4.913e-1,,,7.050e+0,,,1.656e-19,,,1.389e-19,5.191e-18,5.071e-1,8.786e-3,1.801e-3,,1.753e-17,,1.014e-10,1.312e+0,1.548e-17,3.105e-18,1.167e-16,1.951e-2,6.391e-2
351.87,4.917e+2,3.937e-21,2.653e-29,3.186e-29,6.890e-18,1.177e-20,,2.791e-20,1.082e-16,,1.875e-15,4.048e-19,3.528e-12,8.830e-18,2.433e-20,2.393e-15,,1.307e-12,1.016e-22,1.653e-20,6.576e-19,1.714e-26,6.231e-18,3.134e+2,2.505e-26,1.231e-18,9.830e-20,1.922e-3,5.587e-20,1.686e+2,8.135e-20,1.386e-26,1.691e-20,4.245e-23,6.524e-4,1.480e-15,3.995e-1,,,7.715e+0,,,1.656e-19,,,1.389e-19,5.193e-18,3.264e-1,6.182e-3,3.299e-3,,1.760e-17,,4.076e-11,1.283e+0,1.547e-17,3.117e-18,1.166e-16,1.215e-2,3.799e-2
351.89,5.131e+2,3.938e-21,2.658e-29,2.193e-29,5.392e-18,1.824e-20,,2.784e-20,1.994e-16,,1.875e-15,4.060e-19,4.262e-12,8.833e-18,2.436e-20,2.978e-15,,1.883e-12,8.705e-23,1.655e-20,6.580e-19,3.064e-26,6.239e-18,3.255e+2,2.506e-26,1.232e-18,9.832e-20,1.547e-3,5.538e-20,1.775e+2,8.122e-20,1.385e-26,1.692e-20,4.246e-23,5.042e-4,7.274e-16,3.454e-1,,,8.130e+0,,,1.656e-19,,,1.389e-19,5.194e-18,2.415e-1,4.853e-3,4.900e-3,,1.764e-17,,2.202e-11,1.263e+0,1.547e-17,3.126e-18,1.166e-16,8.797e-3,2.665e-2
351.92,5.447e+2,3.940e-21,2.667e-29,1.238e-29,3.689e-18,3.480e-20,,2.774e-20,4.929e-16,,1.876e-15,4.078e-19,5.594e-12,8.838e-18,2.441e-20,4.085e-15,,3.220e-12,6.820e-23,1.659e-20,6.585e-19,7.239e-26,6.251e-18,3.420e+2,2.508e-26,1.233e-18,9.835e-20,1.104e-3,5.464e-20,1.923e+2,8.103e-20,1.384e-26,1.694e-20,4.247e-23,3.386e-4,2.476e-16,2.744e-1,,,8.694e+0,,,5.016e-19,,,1.389e-19,5.195e-18,1.519e-1,3.336e-3,8.770e-3,,1.771e-17,,8.645e-12,1.230e+0,1.546e-17,3.138e-18,1.165e-16,5.354e-3,1.548e-2
351.94,5.647e+2,3.942e-21,2.672e-29,8.393e-30,2.843e-18,5.312e-20,,2.768e-20,8.943e-16,,1.877e-15,4.090e-19,6.654e-12,8.842e-18,2.444e-20,5.005e-15,,4.569e-12,5.752e-23,1.662e-20,6.588e-19,1.274e-25,6.259e-18,3.513e+2,2.510e-26,1.234e-18,9.837e-20,8.748e-4,5.415e-20,2.028e+2,8.090e-20,1.383e-26,1.695e-20,4.248e-23,2.577e-4,1.198e-16,2.336e-1,,,9.022e+0,,,1.042e-18,,,1.388e-19,5.196e-18,1.106e-1,2.578e-3,1.283e-2,,1.775e-17,,4.599e-12,1.204e+0,1.545e-17,3.147e-18,1.165e-16,3.816e-3,1.069e-2
351.97,5.925e+2,3.944e-21,2.681e-29,4.629e-30,1.900e-18,9.904e-20,,2.758e-20,2.161e-15,,1.877e-15,4.108e-19,8.535e-12,8.847e-18,2.448e-20,6.710e-15,,7.634e-12,4.403e-23,1.665e-20,6.593e-19,2.943e-25,6.272e-18,3.622e+2,2.512e-26,1.236e-18,9.840e-20,6.100e-4,5.341e-20,2.194e+2,8.071e-20,1.382e-26,1.698e-20,4.249e-23,1.691e-4,3.983e-17,1.813e-1,,,9.428e+0,,,3.087e-18,,,1.388e-19,5.198e-18,6.798e-2,1.732e-3,2.244e-2,,1.782e-17,,1.763e-12,1.161e+0,1.544e-17,3.159e-18,1.164e-16,2.269e-3,6.064e-3
351.99,6.090e+2,3.945e-21,2.687e-29,3.089e-30,1.442e-18,1.489e-19,,2.751e-20,3.861e-15,,1.878e-15,4.121e-19,9.999e-12,8.850e-18,2.451e-20,8.096e-15,,1.067e-11,3.656e-23,1.668e-20,6.596e-19,5.101e-25,6.280e-18,3.671e+2,2.513e-26,1.237e-18,9.842e-20,4.759e-4,5.291e-20,2.309e+2,8.058e-20,1.382e-26,1.699e-20,4.250e-23,1.267e-4,1.897e-17,1.520e-1,,,9.634e+0,,,6.317e-18,,,1.388e-19,5.199e-18,4.875e-2,1.318e-3,3.232e-2,,1.786e-17,,9.235e-13,1.128e+0,1.544e-17,3.168e-18,1.164e-16,1.592e-3,4.124e-3
352.02,6.303e+2,3.947e-21,2.695e-29,1.665e-30,9.415e-19,2.713e-19,,2.741e-20,9.117e-15,,1.879e-15,4.139e-19,1.253e-11,8.855e-18,2.456e-20,1.061e-14,,1.742e-11,2.734e-23,1.672e-20,6.601e-19,1.151e-24,6.292e-18,3.707e+2,2.515e-26,1.238e-18,9.845e-20,3.242e-4,5.218e-20,2.485e+2,8.039e-20,1.381e-26,1.701e-20,4.251e-23,8.119e-5,6.161e-18,1.152e-1,,,9.837e+0,,,1.828e-17,,,1.388e-19,5.200e-18,2.927e-2,8.648e-4,5.524e-2,,1.793e-17,,3.459e-13,1.073e+0,1.543e-17,3.180e-18,1.163e-16,9.247e-4,2.286e-3
352.04,6.419e+2,3.948e-21,2.701e-29,1.094e-30,7.033e-19,4.016e-19,,2.735e-20,1.604e-14,,1.879e-15,4.151e-19,1.446e-11,8.858e-18,2.459e-20,1.260e-14,,2.397e-11,2.235e-23,1.674e-20,6.605e-19,1.966e-24,6.300e-18,3.703e+2,2.516e-26,1.239e-18,9.847e-20,2.490e-4,5.168e-20,2.604e+2,8.027e-20,1.380e-26,1.702e-20,4.252e-23,5.989e-5,6.740e-18,9.511e-2,,,9.898e+0,,,3.685e-17,,,1.388e-19,5.201e-18,2.067e-2,6.480e-4,7.837e-2,,1.797e-17,,1.783e-13,1.032e+0,1.542e-17,3.189e-18,1.162e-16,6.388e-4,1.530e-3
352.06,6.514e+2,3.950e-21,2.706e-29,7.142e-31,5.221e-19,5.909e-19,,2.728e-20,2.806e-14,,1.880e-15,4.163e-19,1.657e-11,8.862e-18,2.462e-20,1.488e-14,,3.277e-11,1.816e-23,1.677e-20,6.608e-19,3.335e-24,6.308e-18,3.678e+2,2.517e-26,1.240e-18,9.849e-20,1.901e-4,5.119e-20,2.725e+2,8.014e-20,1.379e-26,1.704e-20,4.253e-23,4.391e-5,7.318e-18,7.800e-2,,,9.898e+0,,,7.381e-17,,,1.387e-19,5.202e-18,1.450e-2,4.825e-4,1.105e-1,,1.801e-17,,9.138e-14,9.884e-1,1.542e-17,3.197e-18,1.162e-16,4.386e-4,1.018e-3
352.09,6.617e+2,3.952e-21,2.715e-29,3.725e-31,3.300e-19,1.043e-18,,2.718e-20,6.417e-14,,1.880e-15,4.182e-19,2.011e-11,8.867e-18,2.467e-20,1.887e-14,,5.182e-11,1.315e-23,1.681e-20,6.613e-19,7.289e-24,6.320e-18,3.600e+2,2.519e-26,1.241e-18,9.852e-20,1.254e-4,5.045e-20,2.908e+2,7.995e-20,1.378e-26,1.706e-20,4.255e-23,2.724e-5,8.185e-18,5.726e-2,,,9.784e+0,,,2.069e-16,,,1.387e-19,5.204e-18,8.426e-3,3.065e-4,1.829e-1,,1.808e-17,,3.312e-14,9.180e-1,1.541e-17,3.210e-18,1.161e-16,2.466e-4,5.462e-4
352.11,6.661e+2,3.953e-21,2.721e-29,2.394e-31,2.412e-19,1.511e-18,,2.712e-20,1.105e-13,,1.881e-15,4.194e-19,2.271e-11,8.870e-18,2.470e-20,2.194e-14,,6.979e-11,1.052e-23,1.683e-20,6.616e-19,1.218e-23,6.329e-18,3.522e+2,2.521e-26,1.242e-18,9.854e-20,9.425e-5,4.996e-20,3.031e+2,7.982e-20,1.378e-26,1.707e-20,4.256e-23,1.966e-5,8.764e-18,4.624e-2,,,9.634e+0,,,4.082e-16,,,1.387e-19,5.205e-18,5.822e-3,2.247e-4,2.539e-1,,1.812e-17,,1.671e-14,8.684e-1,1.540e-17,3.218e-18,1.161e-16,1.667e-4,3.578e-4
352.14,6.694e+2,3.955e-21,2.729e-29,1.220e-31,1.490e-19,2.605e-18,,2.702e-20,2.471e-13,,1.882e-15,4.212e-19,2.693e-11,8.875e-18,2.474e-20,2.720e-14,,1.078e-10,7.440e-24,1.687e-20,6.621e-19,2.602e-23,6.341e-18,3.369e+2,2.523e-26,1.244e-18,9.857e-20,6.073e-5,4.922e-20,3.220e+2,7.963e-20,1.377e-26,1.709e-20,4.257e-23,1.192e-5,9.631e-18,3.317e-2,,,9.305e+0,,,1.118e-15,,,1.387e-19,5.206e-18,3.305e-3,1.394e-4,4.107e-1,,1.819e-17,,5.916e-15,7.911e-1,1.540e-17,3.231e-18,1.160e-16,9.156e-5,1.875e-4
352.16,6.699e+2,3.956e-21,2.735e-29,7.722e-32,1.072e-19,3.717e-18,,2.695e-20,4.191e-13,,1.882e-15,4.224e-19,2.993e-11,8.879e-18,2.477e-20,3.114e-14,,1.430e-10,5.861e-24,1.690e-20,6.625e-19,4.282e-23,6.349e-18,3.246e+2,2.524e-26,1.245e-18,9.859e-20,4.496e-5,4.873e-20,3.349e+2,7.950e-20,1.376e-26,1.711e-20,4.258e-23,8.472e-6,1.021e-17,2.637e-2,,,9.022e+0,,,2.173e-15,,,1.387e-19,5.207e-18,2.248e-3,1.007e-4,5.616e-1,,1.823e-17,,2.938e-15,7.385e-1,1.539e-17,3.239e-18,1.160e-16,6.093e-5,1.209e-4
352.19,6.685e+2,3.958e-21,2.743e-29,3.844e-32,6.470e-20,6.263e-18,,2.685e-20,9.155e-13,,1.883e-15,4.242e-19,3.469e-11,8.884e-18,2.482e-20,3.772e-14,,2.159e-10,4.050e-24,1.694e-20,6.630e-19,8.939e-23,6.361e-18,3.034e+2,2.526e-26,1.246e-18,9.862e-20,2.832e-5,4.799e-20,3.550e+2,7.931e-20,1.375e-26,1.713e-20,4.259e-23,5.017e-6,1.108e-17,1.848e-2,,,8.515e+0,,,5.820e-15,,,1.386e-19,5.208e-18,1.247e-3,6.102e-5,8.877e-1,,1.830e-17,,1.016e-15,6.590e-1,1.538e-17,3.252e-18,1.159e-16,3.270e-5,6.193e-5
352.21,6.668e+2,3.959e-21,2.749e-29,2.395e-32,4.584e-20,8.802e-18,,2.679e-20,1.530e-12,,1.883e-15,4.255e-19,3.797e-11,8.887e-18,2.485e-20,4.252e-14,,2.820e-10,3.141e-24,1.696e-20,6.633e-19,1.449e-22,6.369e-18,2.879e+2,2.527e-26,1.247e-18,9.864e-20,2.068e-5,4.750e-20,3.689e+2,7.918e-20,1.374e-26,1.714e-20,4.260e-23,3.511e-6,1.166e-17,1.447e-2,,,8.130e+0,,,1.114e-14,,,1.386e-19,5.209e-18,8.351e-4,4.337e-5,1.195e+0,,1.834e-17,,4.968e-16,6.066e-1,1.537e-17,3.260e-18,1.159e-16,2.143e-5,3.932e-5
352.24,6.639e+2,3.961e-21,2.757e-29,1.165e-32,2.702e-20,1.449e-17,,2.669e-20,3.265e-12,,1.884e-15,4.273e-19,4.300e-11,8.892e-18,2.490e-20,5.033e-14,,4.161e-10,2.121e-24,1.700e-20,6.638e-19,2.956e-22,6.381e-18,2.630e+2,2.529e-26,1.249e-18,9.867e-20,1.279e-5,4.676e-20,3.910e+2,7.899e-20,1.373e-26,1.716e-20,4.261e-23,2.031e-6,1.252e-17,9.907e-3,,,7.498e+0,,,2.915e-14,,,1.386e-19,5.211e-18,4.525e-4,2.569e-5,1.846e+0,,1.840e-17,,1.679e-16,5.298e-1,1.537e-17,3.273e-18,1.158e-16,1.123e-5,1.967e-5
352.26,6.623e+2,3.963e-21,2.763e-29,7.147e-33,1.885e-20,2.006e-17,,2.662e-20,5.373e-12,,1.885e-15,4.285e-19,4.635e-11,8.895e-18,2.493e-20,5.588e-14,,5.352e-10,1.620e-24,1.703e-20,6.641e-19,4.719e-22,6.390e-18,2.458e+2,2.530e-26,1.249e-18,9.869e-20,9.269e-6,4.627e-20,4.065e+2,7.887e-20,1.372e-26,1.718e-20,4.262e-23,1.399e-6,1.310e-17,7.637e-3,,,7.050e+0,,,5.495e-14,,,1.386e-19,5.212e-18,2.984e-4,1.798e-5,2.448e+0,,1.845e-17,,8.080e-17,4.806e-1,1.536e-17,3.281e-18,1.158e-16,7.247e-6,1.230e-5
352.29,6.611e+2,3.965e-21,2.772e-29,3.395e-33,1.086e-20,3.228e-17,,2.653e-20,1.121e-11,,1.885e-15,4.303e-19,5.129e-11,8.900e-18,2.497e-20,6.463e-14,,7.717e-10,1.069e-24,1.706e-20,6.646e-19,9.409e-22,6.402e-18,2.194e+2,2.532e-26,1.251e-18,9.872e-20,5.774e-6,4.553e-20,4.312e+2,7.868e-20,1.371e-26,1.720e-20,4.264e-23,7.911e-7,1.397e-17,5.109e-3,,,6.354e+0,,,1.406e-13,,,1.385e-19,5.213e-18,1.579e-4,1.040e-5,3.696e+0,,1.851e-17,,2.667e-17,4.107e-1,1.535e-17,3.294e-18,1.157e-16,3.712e-6,6.010e-6
352.31,6.616e+2,3.966e-21,2.777e-29,2.051e-33,7.459e-21,4.400e-17,,2.646e-20,1.817e-11,,1.886e-15,4.316e-19,5.445e-11,8.904e-18,2.500e-20,7.066e-14,,9.774e-10,8.035e-25,1.709e-20,6.650e-19,1.479e-21,6.410e-18,2.018e+2,2.533e-26,1.252e-18,9.874e-20,4.313e-6,4.504e-20,4.487e+2,7.855e-20,1.371e-26,1.721e-20,4.265e-23,5.366e-7,1.455e-17,3.878e-3,,,5.883e+0,,,2.609e-13,,,1.385e-19,5.214e-18,1.026e-4,7.168e-6,4.827e+0,,1.856e-17,,1.264e-17,3.670e-1,1.535e-17,3.302e-18,1.157e-16,2.358e-6,3.699e-6
352.34,6.649e+2,3.968e-21,2.786e-29,9.518e-34,4.197e-21,6.920e-17,,2.636e-20,3.705e-11,,1.887e-15,4.334e-19,5.887e-11,8.909e-18,2.505e-20,7.985e-14,,1.377e-9,5.179e-25,1.713e-20,6.655e-19,2.882e-21,6.422e-18,1.761e+2,2.535e-26,1.253e-18,9.877e-20,3.054e-6,4.430e-20,4.763e+2,7.836e-20,1.370e-26,1.723e-20,4.266e-23,2.964e-7,1.541e-17,2.535e-3,,,5.183e+0,,,6.525e-13,,,1.385e-19,5.216e-18,5.303e-5,4.053e-6,7.121e+0,,1.862e-17,,4.074e-18,3.066e-1,1.534e-17,3.315e-18,1.156e-16,1.180e-6,1.766e-6
352.36,6.692e+2,3.969e-21,2.791e-29,5.661e-34,2.839e-21,9.287e-17,,2.629e-20,5.912e-11,,1.887e-15,4.346e-19,6.154e-11,8.912e-18,2.508e-20,8.597e-14,,1.718e-9,3.835e-25,1.715e-20,6.658e-19,4.463e-21,6.430e-18,1.595e+2,2.537e-26,1.254e-18,9.879e-20,2.708e-6,4.381e-20,4.955e+2,7.823e-20,1.369e-26,1.725e-20,4.267e-23,1.979e-7,1.599e-17,1.894e-3,,,4.728e+0,,,1.193e-12,,,1.385e-19,5.217e-18,3.390e-5,2.749e-6,9.158e+0,,1.867e-17,,4.072e-18,2.700e-1,1.533e-17,3.323e-18,1.156e-16,7.379e-7,1.070e-6
352.39,6.788e+2,3.971e-21,2.800e-29,2.567e-34,1.561e-21,1.427e-16,,2.620e-20,1.178e-10,,1.888e-15,4.364e-19,6.502e-11,8.917e-18,2.513e-20,9.494e-14,,2.366e-9,2.415e-25,1.719e-20,6.663e-19,8.500e-21,6.442e-18,1.360e+2,2.539e-26,1.256e-18,9.882e-20,2.828e-6,4.307e-20,5.254e+2,7.804e-20,1.368e-26,1.727e-20,4.268e-23,1.068e-7,1.686e-17,1.210e-3,,,4.075e+0,,,2.915e-12,,,1.385e-19,5.218e-18,1.713e-5,1.519e-6,1.320e+1,,1.873e-17,,4.069e-18,2.205e-1,1.532e-17,3.336e-18,1.155e-16,3.607e-7,4.992e-7
352.41,6.876e+2,3.973e-21,2.806e-29,1.503e-34,1.039e-21,1.887e-16,,2.613e-20,1.852e-10,,1.888e-15,4.376e-19,6.693e-11,8.921e-18,2.516e-20,1.007e-13,,2.906e-9,1.760e-25,1.722e-20,6.667e-19,1.296e-20,6.451e-18,1.213e+2,2.540e-26,1.257e-18,9.884e-20,3.339e-6,4.258e-20,5.457e+2,7.791e-20,1.367e-26,1.728e-20,4.269e-23,7.024e-8,1.744e-17,8.901e-4,,,3.665e+0,,,5.249e-12,,,1.384e-19,5.219e-18,1.078e-5,1.014e-6,1.672e+1,,1.877e-17,,4.067e-18,1.912e-1,1.532e-17,3.344e-18,1.155e-16,2.221e-7,2.979e-7
352.43,6.982e+2,3.974e-21,2.811e-29,8.747e-35,6.878e-22,2.478e-16,,2.606e-20,2.893e-10,,1.889e-15,4.389e-19,6.847e-11,8.924e-18,2.519e-20,1.061e-13,,3.547e-9,1.275e-25,1.724e-20,6.670e-19,1.964e-20,6.459e-18,1.076e+2,2.541e-26,1.258e-18,9.885e-20,4.242e-6,4.209e-20,5.662e+2,7.778e-20,1.367e-26,1.729e-20,4.270e-23,4.590e-8,1.802e-17,6.509e-4,,,3.279e+0,,,9.395e-12,,,1.384e-19,5.220e-18,6.744e-6,6.735e-7,2.105e+1,,1.882e-17,,4.065e-18,1.648e-1,1.531e-17,3.353e-18,1.154e-16,1.359e-7,1.767e-7
352.46,7.176e+2,3.976e-21,2.820e-29,3.839e-35,3.660e-22,3.689e-16,,2.597e-20,5.584e-10,,1.890e-15,4.407e-19,7.004e-11,8.929e-18,2.523e-20,1.134e-13,,4.730e-9,7.774e-26,1.728e-20,6.675e-19,3.622e-20,6.471e-18,8.879e+1,2.543e-26,1.259e-18,9.888e-20,6.524e-6,4.135e-20,5.965e+2,7.759e-20,1.366e-26,1.732e-20,4.271e-23,2.397e-8,1.888e-17,4.024e-4,,,2.752e+0,,,2.224e-11,,,1.384e-19,5.222e-18,3.298e-6,3.601e-7,2.939e+1,,1.888e-17,,4.062e-18,1.303e-1,1.530e-17,3.365e-18,1.154e-16,6.432e-8,7.975e-8
352.48,7.326e+2,3.977e-21,2.825e-29,2.199e-35,2.385e-22,4.772e-16,,2.590e-20,8.591e-10,,1.890e-15,4.419e-19,7.056e-11,8.932e-18,2.527e-20,1.177e-13,,5.686e-9,5.546e-26,1.731e-20,6.678e-19,5.407e-20,6.479e-18,7.755e+1,2.544e-26,1.260e-18,9.890e-20,8.859e-6,4.086e-20,6.161e+2,7.747e-20,1.365e-26,1.733e-20,4.272e-23,1.543e-8,3.951e-17,2.897e-4,,,2.438e+0,,,3.919e-11,,,1.384e-19,5.223e-18,2.031e-6,2.354e-7,3.643e+1,,1.893e-17,,4.060e-18,1.106e-1,1.530e-17,3.374e-18,1.153e-16,3.875e-8,4.656e-8
352.51,7.583e+2,3.979e-21,2.834e-29,9.429e-36,1.240e-22,6.941e-16,,2.580e-20,1.621e-9,,1.891e-15,4.437e-19,7.053e-11,8.937e-18,2.531e-20,1.230e-13,,7.410e-9,3.303e-26,1.735e-20,6.683e-19,9.746e-20,6.491e-18,6.261e+1,2.546e-26,1.261e-18,9.893e-20,1.409e-5,4.012e-20,6.439e+2,7.728e-20,1.364e-26,1.735e-20,4.274e-23,7.871e-9,1.182e-16,1.750e-4,,,2.026e+0,,,9.068e-11,,,1.384e-19,5.224e-18,9.704e-7,1.229e-7,4.971e+1,,1.899e-17,,4.057e-18,8.552e-2,1.529e-17,3.386e-18,1.153e-16,1.791e-8,2.053e-8
352.53,7.774e+2,3.981e-21,2.839e-29,5.319e-36,7.955e-23,8.843e-16,,2.574e-20,2.455e-9,,1.891e-15,4.450e-19,6.997e-11,8.941e-18,2.534e-20,1.256e-13,,8.772e-9,2.320e-26,1.737e-20,6.687e-19,1.432e-19,6.499e-18,5.390e+1,2.548e-26,1.262e-18,9.895e-20,1.913e-5,3.963e-20,6.609e+2,7.715e-20,1.363e-26,1.736e-20,4.275e-23,4.987e-9,2.435e-16,1.241e-4,,,1.793e+0,,,1.574e-10,,,1.383e-19,5.225e-18,5.884e-7,7.912e-8,6.068e+1,,1.904e-17,,4.055e-18,7.148e-2,1.528e-17,3.395e-18,1.152e-16,1.063e-8,1.180e-8
352.56,8.086e+2,3.983e-21,2.848e-29,2.228e-36,4.040e-23,1.257e-15,,2.564e-20,4.527e-9,,1.892e-15,4.468e-19,6.835e-11,8.946e-18,2.539e-20,1.283e-13,,1.117e-8,1.350e-26,1.741e-20,6.692e-19,2.524e-19,6.511e-18,4.265e+1,2.550e-26,1.264e-18,9.898e-20,3.003e-5,3.889e-20,6.835e+2,7.696e-20,1.362e-26,1.739e-20,4.276e-23,2.486e-9,7.121e-16,7.321e-5,,,1.507e+0,,,3.559e-10,,,1.383e-19,5.227e-18,2.746e-7,4.037e-8,8.092e+1,,1.910e-17,,4.052e-18,5.400e-2,1.527e-17,3.407e-18,1.152e-16,4.799e-9,5.086e-9
352.58,8.311e+2,3.984e-21,2.854e-29,1.237e-36,2.552e-23,1.577e-15,,2.557e-20,6.755e-9,,1.893e-15,4.480e-19,6.677e-11,8.949e-18,2.542e-20,1.291e-13,,1.302e-8,9.336e-27,1.744e-20,6.695e-19,3.653e-19,6.520e-18,3.628e+1,2.551e-26,1.265e-18,9.900e-20,4.028e-5,3.840e-20,6.962e+2,7.683e-20,1.362e-26,1.740e-20,4.277e-23,1.551e-9,1.445e-15,5.111e-5,,,1.361e+0,,,6.086e-10,,,1.383e-19,5.228e-18,1.640e-7,2.558e-8,9.729e+1,,1.914e-17,,4.050e-18,4.444e-2,1.527e-17,3.416e-18,1.151e-16,2.803e-9,2.879e-9
352.61,8.674e+2,3.986e-21,2.862e-29,5.063e-37,1.267e-23,2.191e-15,,2.547e-20,1.217e-8,,1.893e-15,4.498e-19,6.373e-11,8.954e-18,2.547e-20,1.288e-13,,1.621e-8,5.308e-27,1.748e-20,6.700e-19,6.290e-19,6.532e-18,2.831e+1,2.553e-26,1.266e-18,9.903e-20,6.188e-5,3.766e-20,7.111e+2,7.664e-20,1.361e-26,1.742e-20,4.278e-23,7.552e-10,4.131e-15,2.947e-5,,,1.210e+0,,,1.345e-9,,,1.383e-19,5.229e-18,7.477e-8,1.276e-8,1.268e+2,,1.921e-17,,4.047e-18,3.280e-2,1.526e-17,3.428e-18,1.151e-16,1.237e-9,1.212e-9
352.63,8.934e+2,3.987e-21,2.868e-29,2.769e-37,7.878e-24,2.707e-15,,2.541e-20,1.789e-8,,1.894e-15,4.511e-19,6.131e-11,8.958e-18,2.550e-20,1.276e-13,,1.861e-8,3.614e-27,1.750e-20,6.703e-19,8.967e-19,6.540e-18,2.397e+1,2.554e-26,1.267e-18,9.905e-20,8.178e-5,3.716e-20,7.181e+2,7.651e-20,1.360e-26,1.743e-20,4.279e-23,4.639e-10,8.256e-15,2.025e-5,,,1.157e+0,,,2.265e-9,,,1.383e-19,5.230e-18,4.395e-8,7.958e-9,1.501e+2,,1.925e-17,,4.045e-18,2.659e-2,1.525e-17,3.437e-18,1.150e-16,7.112e-10,6.752e-10
352.66,9.350e+2,3.989e-21,2.876e-29,1.107e-37,3.819e-24,3.675e-15,,2.531e-20,3.150e-8,,1.895e-15,4.529e-19,5.718e-11,8.963e-18,2.554e-20,1.244e-13,,2.263e-8,2.008e-27,1.754e-20,6.708e-19,1.509e-18,6.552e-18,1.880e+1,2.556e-26,1.268e-18,9.908e-20,1.228e-4,3.643e-20,7.238e+2,7.632e-20,1.359e-26,1.745e-20,4.280e-23,2.207e-10,2.307e-14,1.141e-5,,,1.153e+0,,,4.892e-9,,,1.382e-19,5.232e-18,1.958e-8,3.877e-9,1.913e+2,,1.932e-17,,4.041e-18,1.918e-2,1.524e-17,3.449e-18,1.150e-16,3.066e-10,2.776e-10
352.68,9.649e+2,3.991e-21,2.882e-29,5.958e-38,2.339e-24,4.471e-15,,2.524e-20,4.559e-8,,1.895e-15,4.541e-19,5.417e-11,8.966e-18,2.557e-20,1.214e-13,,2.558e-8,1.346e-27,1.757e-20,6.712e-19,2.118e-18,6.560e-18,1.616e+1,2.557e-26,1.269e-18,9.910e-20,1.599e-4,3.593e-20,7.244e+2,7.619e-20,1.358e-26,1.747e-20,4.281e-23,1.335e-10,4.541e-14,7.721e-6,,,1.204e+0,,,8.113e-9,,,1.382e-19,5.233e-18,1.133e-8,2.381e-9,2.230e+2,,1.936e-17,,4.039e-18,1.531e-2,1.524e-17,3.458e-18,1.149e-16,1.736e-10,1.523e-10
352.71,1.013e+3,3.993e-21,2.890e-29,2.327e-38,1.108e-24,5.932e-15,,2.514e-20,7.847e-8,,1.896e-15,4.559e-19,4.937e-11,8.971e-18,2.562e-20,1.156e-13,,3.040e-8,7.305e-28,1.760e-20,6.717e-19,3.484e-18,6.572e-18,1.335e+1,2.559e-26,1.271e-18,9.913e-20,2.348e-4,3.520e-20,7.207e+2,7.600e-20,1.357e-26,1.749e-20,4.283e-23,6.204e-11,1.240e-13,4.249e-6,,,1.368e+0,,,1.713e-8,,,1.382e-19,5.234e-18,4.933e-9,1.133e-9,2.777e+2,,1.943e-17,,4.036e-18,1.079e-2,1.523e-17,3.470e-18,1.148e-16,7.310e-11,6.119e-11
352.73,1.048e+3,3.994e-21,2.896e-29,1.233e-38,6.680e-25,7.108e-15,,2.508e-20,1.118e-7,,1.896e-15,4.571e-19,4.606e-11,8.974e-18,2.565e-20,1.111e-13,,3.385e-8,4.823e-28,1.763e-20,6.720e-19,4.817e-18,6.581e-18,1.219e+1,2.560e-26,1.272e-18,9.915e-20,3.010e-4,3.470e-20,7.151e+2,7.588e-20,1.357e-26,1.750e-20,4.284e-23,3.694e-11,2.405e-13,2.832e-6,,,1.541e+0,,,2.798e-8,,,1.382e-19,5.235e-18,2.811e-9,6.855e-10,3.190e+2,,1.947e-17,,4.034e-18,8.477e-3,1.522e-17,3.479e-18,1.148e-16,4.075e-11,3.306e-11
352.76,1.104e+3,3.996e-21,2.905e-29,4.705e-39,3.091e-25,9.217e-15,,2.498e-20,1.882e-7,,1.897e-15,4.590e-19,4.102e-11,8.979e-18,2.570e-20,1.034e-13,,3.932e-8,2.557e-28,1.767e-20,6.725e-19,7.743e-18,6.593e-18,1.147e+1,2.562e-26,1.273e-18,9.918e-20,4.319e-4,3.397e-20,7.027e+2,7.569e-20,1.356e-26,1.752e-20,4.285e-23,1.678e-11,6.420e-13,1.523e-6,,,1.907e+0,,,5.774e-8,,,1.381e-19,5.237e-18,1.195e-9,3.187e-10,3.882e+2,,1.954e-17,,4.031e-18,5.838e-3,1.521e-17,3.491e-18,1.147e-16,1.676e-11,1.297e-11
352.78,1.145e+3,3.997e-21,2.910e-29,2.456e-39,1.835e-25,1.088e-14,,2.491e-20,2.641e-7,,1.898e-15,4.602e-19,3.768e-11,8.983e-18,2.573e-20,9.784e-14,,4.311e-8,1.662e-28,1.769e-20,6.728e-19,1.054e-17,6.601e-18,1.168e+1,2.564e-26,1.274e-18,9.920e-20,5.454e-4,3.347e-20,6.920e+2,7.556e-20,1.355e-26,1.754e-20,4.286e-23,9.836e-12,1.226e-12,9.991e-7,,,2.230e+0,,,9.288e-8,,,1.381e-19,5.238e-18,6.706e-10,1.898e-10,4.392e+2,,1.958e-17,,4.029e-18,4.518e-3,1.521e-17,3.500e-18,1.147e-16,9.201e-12,6.900e-12
352.8,1.189e+3,3.999e-21,2.916e-29,1.274e-39,1.083e-25,1.275e-14,,2.485e-20,3.685e-7,,1.898e-15,4.614e-19,3.440e-11,8.986e-18,2.576e-20,9.200e-14,,4.698e-8,1.074e-28,1.772e-20,6.732e-19,1.427e-17,6.609e-18,1.245e+1,2.565e-26,1.275e-18,9.922e-20,6.845e-4,3.298e-20,6.797e+2,7.543e-20,1.354e-26,1.755e-20,4.287e-23,5.731e-12,2.327e-12,6.515e-7,,,2.623e+0,,,1.485e-7,,,1.381e-19,5.239e-18,3.739e-10,1.123e-10,4.939e+2,,1.962e-17,,4.027e-18,3.474e-3,1.520e-17,3.508e-18,1.147e-16,5.019e-12,3.647e-12
352.83,1.259e+3,4.001e-21,2.924e-29,4.703e-40,4.850e-26,1.601e-14,,2.475e-20,6.003e-7,,1.899e-15,4.632e-19,2.966e-11,8.991e-18,2.580e-20,8.292e-14,,5.283e-8,5.512e-29,1.776e-20,6.737e-19,2.221e-17,6.621e-18,1.470e+1,2.567e-26,1.277e-18,9.925e-20,9.514e-4,3.224e-20,6.587e+2,7.524e-20,1.353e-26,1.757e-20,4.288e-23,2.519e-12,6.018e-12,3.391e-7,,,3.354e+0,,,2.968e-7,,,1.381e-19,5.240e-18,1.539e-10,5.055e-11,5.824e+2,,1.969e-17,,4.024e-18,2.316e-3,1.519e-17,3.521e-18,1.146e-16,1.999e-12,1.385e-12
352.85,1.310e+3,4.002e-21,2.930e-29,2.402e-40,2.817e-26,1.850e-14,,2.468e-20,8.248e-7,,1.899e-15,4.645e-19,2.667e-11,8.995e-18,2.583e-20,7.678e-14,,5.669e-8,3.506e-29,1.778e-20,6.740e-19,2.961e-17,6.629e-18,1.700e+1,2.568e-26,1.278e-18,9.927e-20,1.176e-3,3.175e-20,6.436e+2,7.511e-20,1.353e-26,1.759e-20,4.289e-23,1.445e-12,1.125e-11,2.177e-7,,,3.946e+0,,,4.674e-7,,,1.381e-19,5.241e-18,8.449e-11,2.946e-11,6.452e+2,,1.973e-17,,4.022e-18,1.754e-3,1.519e-17,3.529e-18,1.146e-16,1.073e-12,7.209e-13
352.88,1.391e+3,4.004e-21,2.939e-29,8.664e-41,1.233e-26,2.269e-14,,2.458e-20,1.313e-6,,1.900e-15,4.663e-19,2.247e-11,9.000e-18,2.588e-20,6.763e-14,,6.230e-8,1.758e-29,1.782e-20,6.745e-19,4.504e-17,6.642e-18,2.176e+1,2.570e-26,1.279e-18,9.930e-20,1.598e-3,3.101e-20,6.200e+2,7.492e-20,1.352e-26,1.761e-20,4.290e-23,6.207e-13,2.844e-11,1.107e-7,,,5.006e+0,,,9.130e-7,,,1.380e-19,5.243e-18,3.397e-11,1.295e-11,7.439e+2,,1.980e-17,,4.019e-18,1.143e-3,1.518e-17,3.542e-18,1.145e-16,4.176e-13,2.675e-13
352.9,1.448e+3,4.005e-21,2.944e-29,4.356e-41,7.052e-27,2.581e-14,,2.452e-20,1.777e-6,,1.901e-15,4.675e-19,1.989e-11,9.003e-18,2.591e-20,6.166e-14,,6.584e-8,1.101e-29,1.785e-20,6.748e-19,5.912e-17,6.650e-18,2.592e+1,2.571e-26,1.280e-18,9.932e-20,1.946e-3,3.052e-20,6.042e+2,7.479e-20,1.351e-26,1.762e-20,4.291e-23,3.506e-13,5.237e-11,7.000e-8,,,5.836e+0,,,1.416e-6,,,1.380e-19,5.244e-18,1.836e-11,7.432e-12,8.118e+2,,1.984e-17,,4.017e-18,8.521e-4,1.517e-17,3.550e-18,1.145e-16,2.208e-13,1.371e-13
352.93,1.537e+3,4.007e-21,2.953e-29,1.535e-41,3.015e-27,3.095e-14,,2.442e-20,2.765e-6,,1.901e-15,4.693e-19,1.638e-11,9.008e-18,2.596e-20,5.307e-14,,7.071e-8,5.395e-30,1.789e-20,6.754e-19,8.790e-17,6.662e-18,3.382e+1,2.573e-26,1.281e-18,9.935e-20,2.585e-3,2.978e-20,5.808e+2,7.460e-20,1.350e-26,1.764e-20,4.293e-23,1.471e-13,1.294e-10,3.478e-8,,,7.276e+0,,,2.704e-6,,,1.380e-19,5.245e-18,7.213e-12,3.192e-12,9.154e+2,,1.991e-17,,4.014e-18,5.424e-4,1.517e-17,3.563e-18,1.144e-16,8.391e-14,4.969e-14
352.95,1.599e+3,4.009e-21,2.958e-29,7.599e-42,1.698e-27,3.467e-14,,2.435e-20,3.685e-6,,1.902e-15,4.705e-19,1.428e-11,9.011e-18,2.599e-20,4.765e-14,,7.359e-8,3.327e-30,1.791e-20,6.757e-19,1.136e-16,6.670e-18,4.032e+1,2.575e-26,1.282e-18,9.937e-20,3.100e-3,2.929e-20,5.660e+2,7.448e-20,1.349e-26,1.766e-20,4.294e-23,8.182e-14,2.346e-10,2.165e-8,,,8.372e+0,,,4.130e-6,,,1.380e-19,5.246e-18,3.839e-12,1.803e-12,9.845e+2,,1.995e-17,,4.012e-18,3.982e-4,1.516e-17,3.571e-18,1.143e-16,4.369e-14,2.507e-14
352.98,1.694e+3,4.010e-21,2.967e-29,2.616e-42,7.093e-28,4.063e-14,,2.425e-20,5.605e-6,,1.903e-15,4.724e-19,1.149e-11,9.016e-18,2.603e-20,4.008e-14,,7.723e-8,1.592e-30,1.795e-20,6.762e-19,1.651e-16,6.682e-18,5.215e+1,2.577e-26,1.284e-18,9.940e-20,4.026e-3,2.855e-20,5.454e+2,7.429e-20,1.348e-26,1.768e-20,4.295e-23,3.358e-14,5.666e-10,1.051e-8,,,1.022e+1,,,7.707e-6,,,1.380e-19,5.248e-18,1.473e-12,7.569e-13,1.086e+3,,2.002e-17,,4.009e-18,2.477e-4,1.515e-17,3.584e-18,1.143e-16,1.622e-14,8.879e-15
353,1.757e+3,4.012e-21,2.973e-29,1.275e-42,3.933e-28,4.482e-14,,2.419e-20,7.357e-6,,1.903e-15,4.736e-19,9.862e-12,9.020e-18,2.606e-20,3.544e-14,,7.915e-8,9.670e-31,1.798e-20,6.765e-19,2.102e-16,6.690e-18,6.156e+1,2.578e-26,1.285e-18,9.942e-20,4.757e-3,2.806e-20,5.330e+2,7.416e-20,1.347e-26,1.769e-20,4.296e-23,1.846e-14,1.012e-9,6.442e-9,,,1.160e+1,,,1.159e-5,,,1.379e-19,5.249e-18,7.720e-13,4.210e-13,1.151e+3,,2.006e-17,,4.007e-18,1.791e-4,1.514e-17,3.592e-18,1.142e-16,8.315e-15,4.410e-15
353.03,1.852e+3,4.014e-21,2.981e-29,4.288e-43,1.605e-28,5.133e-14,,2.409e-20,1.094e-5,,1.904e-15,4.754e-19,7.754e-12,9.025e-18,2.611e-20,2.912e-14,,8.118e-8,4.522e-31,1.802e-20,6.770e-19,2.986e-16,6.702e-18,7.817e+1,2.580e-26,1.286e-18,9.945e-20,6.040e-3,2.732e-20,5.168e+2,7.397e-20,1.346e-26,1.771e-20,4.297e-23,7.625e-15,2.389e-9,3.056e-9,,,1.386e+1,,,2.115e-5,,,1.379e-19,5.250e-18,2.894e-13,1.726e-13,1.243e+3,,2.012e-17,,4.004e-18,1.088e-4,1.514e-17,3.605e-18,1.142e-16,3.016e-15,1.526e-15
353.05,1.913e+3,4.015e-21,2.987e-29,2.058e-43,8.763e-29,5.575e-14,,2.402e-20,1.413e-5,,1.904e-15,4.766e-19,6.554e-12,9.028e-18,2.614e-20,2.536e-14,,8.193e-8,2.704e-31,1.804e-20,6.774e-19,3.743e-16,6.711e-18,9.103e+1,2.581e-26,1.287e-18,9.947e-20,7.029e-3,2.683e-20,5.078e+2,7.384e-20,1.346e-26,1.773e-20,4.298e-23,4.498e-15,4.204e-9,1.844e-9,,,1.549e+1,,,3.133e-5,,,1.379e-19,5.251e-18,1.493e-13,9.454e-14,1.299e+3,,2.017e-17,,4.002e-18,7.747e-5,1.513e-17,3.613e-18,1.141e-16,1.522e-15,7.462e-16
353.08,2.001e+3,4.017e-21,2.995e-29,6.762e-44,3.494e-29,6.240e-14,,2.393e-20,2.053e-5,,1.905e-15,4.785e-19,5.036e-12,9.033e-18,2.619e-20,2.036e-14,,8.212e-8,1.235e-31,1.808e-20,6.779e-19,5.196e-16,6.723e-18,1.131e+2,2.583e-26,1.288e-18,9.950e-20,8.728e-3,2.609e-20,4.969e+2,7.365e-20,1.345e-26,1.775e-20,4.299e-23,3.006e-15,9.699e-9,8.545e-10,,,1.810e+1,,,5.586e-5,,,1.379e-19,5.253e-18,5.470e-14,3.787e-14,1.373e+3,,2.023e-17,,3.999e-18,4.600e-5,1.512e-17,3.626e-18,1.141e-16,5.394e-16,2.522e-16
353.1,2.056e+3,4.018e-21,3.001e-29,3.195e-44,1.878e-29,6.676e-14,,2.386e-20,2.614e-5,,1.906e-15,4.797e-19,4.192e-12,9.037e-18,2.622e-20,1.746e-14,,8.162e-8,7.273e-32,1.811e-20,6.782e-19,6.416e-16,6.731e-18,1.298e+2,2.584e-26,1.289e-18,9.952e-20,1.001e-2,2.560e-20,4.914e+2,7.352e-20,1.344e-26,1.776e-20,4.300e-23,3.640e-15,1.681e-8,5.078e-10,,,1.994e+1,,,8.151e-5,,,1.379e-19,5.253e-18,2.779e-14,2.042e-14,1.415e+3,,2.028e-17,,3.997e-18,3.225e-5,1.512e-17,3.634e-18,1.140e-16,2.681e-16,1.215e-16
353.13,2.132e+3,4.020e-21,3.009e-29,3.178e-44,7.316e-30,7.302e-14,,2.376e-20,3.712e-5,,1.906e-15,4.815e-19,3.147e-12,9.042e-18,2.626e-20,1.370e-14,,7.995e-8,3.247e-32,1.814e-20,6.787e-19,8.703e-16,6.743e-18,1.578e+2,2.586e-26,1.291e-18,9.955e-20,1.215e-2,2.486e-20,4.858e+2,7.333e-20,1.343e-26,1.778e-20,4.302e-23,7.817e-15,3.791e-8,2.299e-10,,,2.280e+1,,,1.420e-4,,,1.378e-19,5.255e-18,9.944e-15,7.992e-15,1.466e+3,,2.034e-17,,3.994e-18,1.871e-5,1.511e-17,3.647e-18,1.140e-16,9.280e-17,4.011e-17
353.15,2.177e+3,4.022e-21,3.015e-29,3.166e-44,3.872e-30,7.692e-14,,2.369e-20,4.653e-5,,1.907e-15,4.827e-19,2.580e-12,9.045e-18,2.629e-20,1.157e-14,,7.825e-8,1.882e-32,1.817e-20,6.790e-19,1.058e-15,6.751e-18,1.783e+2,2.587e-26,1.292e-18,9.957e-20,1.373e-2,2.437e-20,4.837e+2,7.320e-20,1.342e-26,1.779e-20,4.303e-23,1.447e-14,6.470e-8,1.345e-10,,,2.475e+1,,,2.041e-4,,,1.378e-19,5.256e-18,4.973e-15,4.243e-15,1.491e+3,,2.039e-17,,3.992e-18,1.292e-5,1.510e-17,3.655e-18,1.139e-16,4.540e-17,1.901e-17
353.17,2.218e+3,4.023e-21,3.021e-29,3.155e-44,2.037e-30,8.054e-14,,2.363e-20,5.798e-5,,1.907e-15,4.839e-19,2.102e-12,9.048e-18,2.632e-20,9.708e-15,,7.611e-8,1.084e-32,1.820e-20,6.794e-19,1.279e-15,6.759e-18,2.003e+2,2.589e-26,1.293e-18,9.959e-20,1.542e-2,2.388e-20,4.827e+2,7.308e-20,1.342e-26,1.781e-20,4.303e-23,2.721e-14,1.098e-7,7.822e-11,,,2.672e+1,,,2.916e-4,,,1.378e-19,5.257e-18,2.472e-15,2.239e-15,1.508e+3,,2.043e-17,,3.990e-18,8.860e-6,1.510e-17,3.663e-18,1.139e-16,2.208e-17,1.904e-17
353.2,2.270e+3,4.025e-21,3.029e-29,3.138e-44,7.679e-31,8.531e-14,,2.353e-20,7.972e-5,,1.908e-15,4.858e-19,1.528e-12,9.053e-18,2.637e-20,7.376e-15,,7.219e-8,4.685e-33,1.823e-20,6.799e-19,1.681e-15,6.772e-18,2.357e+2,2.591e-26,1.294e-18,9.962e-20,1.815e-2,2.314e-20,4.833e+2,7.289e-20,1.341e-26,1.783e-20,4.305e-23,7.003e-14,2.398e-7,3.428e-11,,,2.966e+1,,,4.921e-4,,,1.378e-19,5.258e-18,8.562e-16,8.482e-16,1.521e+3,,2.049e-17,,3.987e-18,4.977e-6,1.509e-17,3.676e-18,1.138e-16,7.398e-18,1.907e-17
353.22,2.298e+3,4.026e-21,3.035e-29,3.126e-44,3.977e-31,8.796e-14,,2.346e-20,9.783e-5,,1.909e-15,4.870e-19,1.226e-12,9.057e-18,2.640e-20,6.095e-15,,6.915e-8,2.657e-33,1.826e-20,6.802e-19,2.000e-15,6.780e-18,2.608e+2,2.592e-26,1.295e-18,9.964e-20,2.008e-2,2.264e-20,4.848e+2,7.276e-20,1.340e-26,1.784e-20,4.306e-23,1.307e-13,4.006e-7,1.963e-11,,,3.158e+1,,,6.922e-4,,,1.378e-19,5.259e-18,4.190e-16,4.406e-16,1.520e+3,,2.054e-17,,3.985e-18,3.362e-6,1.508e-17,3.684e-18,1.138e-16,3.541e-18,1.909e-17
353.25,2.329e+3,4.028e-21,3.043e-29,3.109e-44,1.465e-31,9.105e-14,,2.337e-20,1.315e-4,,1.909e-15,4.888e-19,8.705e-13,9.062e-18,2.645e-20,4.525e-15,,6.410e-8,1.122e-33,1.830e-20,6.807e-19,2.568e-15,6.792e-18,3.000e+2,2.594e-26,1.297e-18,9.967e-20,2.313e-2,2.191e-20,4.884e+2,7.257e-20,1.339e-26,1.786e-20,4.307e-23,3.297e-13,8.555e-7,8.404e-12,,,3.434e+1,,,1.142e-3,,,1.377e-19,5.261e-18,1.418e-16,1.631e-16,1.506e+3,,2.060e-17,,3.982e-18,1.845e-6,1.507e-17,3.697e-18,1.137e-16,1.159e-18,1.913e-17
353.27,2.343e+3,4.030e-21,3.049e-29,3.098e-44,7.470e-32,9.245e-14,,2.330e-20,1.589e-4,,1.910e-15,4.900e-19,6.877e-13,9.065e-18,2.648e-20,3.682e-15,,6.046e-8,6.266e-34,1.832e-20,6.810e-19,3.011e-15,6.800e-18,3.268e+2,2.595e-26,1.298e-18,9.969e-20,2.523e-2,2.141e-20,4.916e+2,7.244e-20,1.338e-26,1.788e-20,4.308e-23,6.064e-13,1.408e-6,4.738e-12,,,3.607e+1,,,1.582e-3,,,1.377e-19,5.262e-18,6.832e-17,8.342e-17,1.489e+3,,2.065e-17,,3.980e-18,1.227e-6,1.507e-17,3.705e-18,1.137e-16,1.187e-18,1.915e-17
353.3,2.355e+3,4.032e-21,3.058e-29,3.080e-44,2.688e-32,9.352e-14,,2.320e-20,2.087e-4,,1.911e-15,4.919e-19,4.773e-13,9.070e-18,2.652e-20,2.672e-15,,5.477e-8,2.585e-34,1.836e-20,6.815e-19,3.778e-15,6.812e-18,3.674e+2,2.597e-26,1.299e-18,9.972e-20,2.842e-2,2.068e-20,4.972e+2,7.225e-20,1.337e-26,1.790e-20,4.309e-23,1.495e-12,2.939e-6,1.982e-12,,,3.847e+1,,,2.551e-3,,,1.377e-19,5.263e-18,2.259e-17,3.016e-17,1.452e+3,,2.071e-17,,3.977e-18,6.581e-7,1.506e-17,3.718e-18,1.136e-16,1.229e-18,1.918e-17
353.32,2.356e+3,4.033e-21,3.063e-29,3.069e-44,1.350e-32,9.352e-14,,2.314e-20,2.484e-4,,1.911e-15,4.931e-19,3.713e-13,9.074e-18,2.655e-20,2.141e-15,,5.088e-8,1.421e-34,1.839e-20,6.819e-19,4.362e-15,6.820e-18,3.942e+2,2.598e-26,1.300e-18,9.974e-20,3.056e-2,2.018e-20,5.014e+2,7.212e-20,1.337e-26,1.791e-20,4.310e-23,2.709e-12,4.763e-6,1.100e-12,,,3.992e+1,,,3.481e-3,,,1.377e-19,5.264e-18,1.072e-17,1.519e-17,1.420e+3,,2.076e-17,,3.975e-18,4.310e-7,1.505e-17,3.726e-18,1.136e-16,1.257e-18,1.921e-17
353.35,2.348e+3,4.035e-21,3.072e-29,3.052e-44,4.746e-33,9.245e-14,,2.304e-20,3.189e-4,,1.912e-15,4.949e-19,2.518e-13,9.079e-18,2.660e-20,1.518e-15,,4.503e-8,5.729e-35,1.843e-20,6.824e-19,5.349e-15,6.833e-18,4.331e+2,2.600e-26,1.301e-18,9.977e-20,3.370e-2,1.945e-20,5.080e+2,7.193e-20,1.336e-26,1.793e-20,4.312e-23,6.529e-12,9.718e-6,4.497e-13,,,4.182e+1,,,5.485e-3,,,1.376e-19,5.266e-18,1.071e-17,5.367e-18,1.365e+3,,2.082e-17,,3.972e-18,2.258e-7,1.504e-17,3.739e-18,1.135e-16,1.299e-18,1.924e-17
353.37,2.337e+3,4.036e-21,3.077e-29,3.041e-44,2.346e-33,9.105e-14,,2.297e-20,3.738e-4,,1.912e-15,4.961e-19,1.929e-13,9.082e-18,2.663e-20,1.198e-15,,4.120e-8,3.102e-35,1.845e-20,6.827e-19,6.082e-15,6.841e-18,4.576e+2,2.602e-26,1.302e-18,9.979e-20,3.572e-2,1.895e-20,5.126e+2,7.180e-20,1.335e-26,1.795e-20,4.313e-23,1.165e-11,1.551e-5,2.458e-13,,,4.291e+1,,,7.371e-3,,,1.376e-19,5.267e-18,1.070e-17,2.661e-18,1.324e+3,,2.086e-17,,3.970e-18,1.456e-7,1.504e-17,3.747e-18,1.135e-16,1.327e-18,1.926e-17
353.4,2.313e+3,4.038e-21,3.086e-29,3.023e-44,8.060e-34,8.796e-14,,2.287e-20,4.690e-4,,1.913e-15,4.980e-19,1.279e-13,9.087e-18,2.668e-20,8.297e-16,,3.564e-8,1.222e-35,1.849e-20,6.832e-19,7.289e-15,6.853e-18,4.914e+2,2.603e-26,1.304e-18,9.982e-20,3.857e-2,1.822e-20,5.197e+2,7.161e-20,1.334e-26,1.797e-20,4.314e-23,2.745e-11,3.094e-5,9.816e-14,,,4.425e+1,,,1.135e-2,,,1.376e-19,5.268e-18,1.069e-17,9.186e-19,1.257e+3,,2.093e-17,,3.967e-18,7.457e-8,1.503e-17,3.760e-18,1.134e-16,1.369e-18,1.930e-17
353.42,2.291e+3,4.040e-21,3.091e-29,3.012e-44,3.923e-34,8.531e-14,,2.281e-20,5.414e-4,,1.914e-15,4.992e-19,9.644e-14,9.090e-18,2.671e-20,6.446e-16,,3.211e-8,6.512e-36,1.852e-20,6.835e-19,8.162e-15,6.861e-18,5.113e+2,2.605e-26,1.305e-18,9.984e-20,4.031e-2,1.772e-20,5.245e+2,7.149e-20,1.333e-26,1.798e-20,4.315e-23,4.824e-11,4.865e-5,5.282e-14,,,4.496e+1,,,1.503e-2,,,1.376e-19,5.269e-18,1.069e-17,4.485e-19,1.210e+3,,2.097e-17,,3.964e-18,4.735e-8,1.502e-17,3.768e-18,1.134e-16,1.397e-18,1.932e-17
353.45,2.252e+3,4.042e-21,3.100e-29,2.995e-44,1.317e-34,8.054e-14,,2.271e-20,6.638e-4,,1.914e-15,5.010e-19,6.246e-14,9.095e-18,2.675e-20,4.364e-16,,2.714e-8,2.505e-36,1.855e-20,6.840e-19,9.561e-15,6.873e-18,5.366e+2,2.607e-26,1.306e-18,9.987e-20,4.262e-2,1.698e-20,5.317e+2,7.130e-20,1.332e-26,1.800e-20,4.316e-23,1.111e-10,9.484e-5,2.061e-14,,,4.576e+1,,,2.262e-2,,,1.376e-19,5.271e-18,1.068e-17,1.512e-19,1.138e+3,,2.104e-17,,3.961e-18,2.369e-8,1.501e-17,3.781e-18,1.133e-16,1.439e-18,1.935e-17
353.47,2.221e+3,4.043e-21,3.106e-29,2.983e-44,6.309e-35,7.692e-14,,2.264e-20,7.547e-4,,1.915e-15,5.022e-19,4.640e-14,9.099e-18,2.678e-20,3.339e-16,,2.408e-8,1.315e-36,1.858e-20,6.844e-19,1.054e-14,6.881e-18,5.499e+2,2.608e-26,1.307e-18,9.989e-20,4.394e-2,1.649e-20,5.365e+2,7.117e-20,1.332e-26,1.802e-20,4.317e-23,1.923e-10,1.469e-4,1.092e-14,,,4.613e+1,,,2.949e-2,,,1.375e-19,5.272e-18,1.068e-17,7.270e-20,1.088e+3,,2.108e-17,,3.959e-18,1.481e-8,1.501e-17,3.789e-18,1.133e-16,1.467e-18,1.938e-17
353.5,2.169e+3,4.045e-21,3.114e-29,2.966e-44,2.069e-35,7.098e-14,,2.254e-20,9.045e-4,,1.916e-15,5.041e-19,2.936e-14,9.104e-18,2.683e-20,2.209e-16,,1.989e-8,4.944e-37,1.862e-20,6.849e-19,1.207e-14,6.894e-18,5.639e+2,2.610e-26,1.308e-18,9.992e-20,4.552e-2,1.575e-20,5.439e+2,7.098e-20,1.331e-26,1.804e-20,4.318e-23,4.330e-10,2.799e-4,4.163e-15,,,4.647e+1,,,4.339e-2,,,1.375e-19,5.273e-18,1.067e-17,2.395e-20,1.014e+3,,2.115e-17,,3.956e-18,7.240e-9,1.500e-17,3.802e-18,1.132e-16,1.509e-18,1.941e-17
353.52,2.130e+3,4.046e-21,3.120e-29,2.955e-44,2.069e-35,6.676e-14,,2.248e-20,1.013e-3,,1.916e-15,5.053e-19,2.148e-14,9.107e-18,2.686e-20,1.664e-16,,1.738e-8,2.555e-37,1.864e-20,6.852e-19,1.311e-14,6.902e-18,5.691e+2,2.611e-26,1.309e-18,9.994e-20,4.629e-2,1.526e-20,5.491e+2,7.085e-20,1.330e-26,1.805e-20,4.319e-23,7.382e-10,4.269e-4,2.172e-15,,,4.658e+1,,,5.571e-2,,,1.375e-19,5.274e-18,1.066e-17,1.134e-20,9.655e+2,,2.119e-17,,3.954e-18,4.458e-9,1.499e-17,3.810e-18,1.132e-16,1.537e-18,1.943e-17
353.55,2.068e+3,4.048e-21,3.128e-29,2.938e-44,2.068e-35,6.019e-14,,2.238e-20,1.186e-3,,1.917e-15,5.071e-19,1.328e-14,9.112e-18,2.691e-20,1.076e-16,,1.403e-8,9.384e-38,1.868e-20,6.857e-19,1.467e-14,6.914e-18,5.704e+2,2.613e-26,1.311e-18,9.997e-20,4.701e-2,1.452e-20,5.571e+2,7.066e-20,1.329e-26,1.807e-20,4.321e-23,1.625e-9,7.951e-4,8.090e-16,,,4.662e+1,,,8.012e-2,,,1.375e-19,5.276e-18,1.066e-17,1.121e-20,8.934e+2,,2.126e-17,,3.951e-18,2.129e-9,1.498e-17,3.823e-18,1.131e-16,1.579e-18,1.947e-17
353.57,2.023e+3,4.050e-21,3.134e-29,2.926e-44,2.068e-35,5.575e-14,,2.231e-20,1.308e-3,,1.917e-15,5.083e-19,9.567e-15,9.116e-18,2.694e-20,7.983e-17,,1.207e-8,4.776e-38,1.871e-20,6.861e-19,1.569e-14,6.922e-18,5.670e+2,2.614e-26,1.312e-18,9.999e-20,4.718e-2,1.403e-20,5.629e+2,7.053e-20,1.328e-26,1.809e-20,4.322e-23,2.728e-9,1.195e-3,4.156e-16,,,4.657e+1,,,1.013e-1,,,1.375e-19,5.277e-18,1.065e-17,1.113e-20,8.465e+2,,2.130e-17,,3.949e-18,1.291e-9,1.498e-17,3.831e-18,1.131e-16,1.607e-18,1.949e-17
353.59,1.976e+3,4.051e-21,3.140e-29,2.915e-44,2.068e-35,5.133e-14,,2.225e-20,1.434e-3,,1.918e-15,5.095e-19,6.849e-15,9.119e-18,2.697e-20,5.886e-17,,1.032e-8,2.415e-38,1.873e-20,6.864e-19,1.668e-14,6.930e-18,5.601e+2,2.616e-26,1.313e-18,1.000e-19,4.710e-2,1.354e-20,5.691e+2,7.040e-20,1.328e-26,1.810e-20,4.322e-23,4.554e-9,1.784e-3,2.122e-16,,,4.649e+1,,,1.273e-1,,,1.374e-19,5.278e-18,1.064e-17,1.104e-20,8.006e+2,,2.134e-17,,3.947e-18,7.784e-10,1.497e-17,3.840e-18,1.130e-16,1.635e-18,1.951e-17
353.62,1.903e+3,4.053e-21,3.148e-29,2.898e-44,2.068e-35,4.482e-14,,2.215e-20,1.626e-3,,1.919e-15,5.114e-19,4.101e-15,9.124e-18,2.702e-20,3.684e-17,,8.068e-9,8.586e-39,1.877e-20,6.869e-19,1.807e-14,6.942e-18,5.436e+2,2.618e-26,1.314e-18,1.000e-19,4.654e-2,1.280e-20,5.793e+2,7.021e-20,1.327e-26,1.812e-20,4.324e-23,9.709e-9,3.218e-3,7.650e-17,,,4.632e+1,,,1.774e-1,,,1.374e-19,5.279e-18,1.064e-17,1.092e-20,7.338e+2,,2.141e-17,,3.944e-18,3.610e-10,1.496e-17,3.852e-18,1.130e-16,1.677e-18,1.954e-17
353.64,1.853e+3,4.054e-21,3.154e-29,2.886e-44,2.068e-35,4.063e-14,,2.208e-20,1.755e-3,,1.919e-15,5.126e-19,2.891e-15,9.127e-18,2.705e-20,2.675e-17,,6.794e-9,4.276e-39,1.880e-20,6.872e-19,1.892e-14,6.950e-18,5.288e+2,2.619e-26,1.315e-18,1.001e-19,4.588e-2,1.231e-20,5.869e+2,7.009e-20,1.326e-26,1.813e-20,4.325e-23,1.596e-8,4.733e-3,3.845e-17,,,4.620e+1,,,2.195e-1,,,1.374e-19,5.280e-18,1.063e-17,1.083e-20,6.908e+2,,2.145e-17,,3.942e-18,2.158e-10,1.496e-17,3.861e-18,1.129e-16,1.705e-18,1.957e-17
353.67,1.776e+3,4.056e-21,3.162e-29,2.869e-44,2.067e-35,3.467e-14,,2.198e-20,1.946e-3,,1.920e-15,5.144e-19,1.691e-15,9.132e-18,2.709e-20,1.636e-17,,5.190e-9,1.485e-39,1.884e-20,6.877e-19,2.003e-14,6.963e-18,5.016e+2,2.621e-26,1.317e-18,1.001e-19,4.448e-2,1.157e-20,5.997e+2,6.990e-20,1.325e-26,1.816e-20,4.326e-23,3.327e-8,8.346e-3,1.355e-17,,,4.601e+1,,,2.989e-1,,,1.374e-19,5.282e-18,1.062e-17,1.071e-20,6.285e+2,,2.152e-17,,3.939e-18,1.022e-10,1.495e-17,3.874e-18,1.128e-16,1.747e-18,1.960e-17
353.69,1.725e+3,4.058e-21,3.168e-29,2.858e-44,2.067e-35,3.095e-14,,2.192e-20,2.068e-3,,1.921e-15,5.156e-19,1.174e-15,9.136e-18,2.712e-20,1.170e-17,,4.304e-9,7.282e-40,1.886e-20,6.881e-19,2.066e-14,6.971e-18,4.806e+2,2.622e-26,1.318e-18,1.001e-19,4.330e-2,1.108e-20,6.094e+2,6.977e-20,1.324e-26,1.817e-20,4.327e-23,5.387e-8,1.209e-2,6.705e-18,,,4.588e+1,,,3.643e-1,,,1.374e-19,5.283e-18,1.062e-17,1.063e-20,5.884e+2,,2.156e-17,,3.937e-18,6.666e-11,1.494e-17,3.882e-18,1.128e-16,1.775e-18,1.962e-17
353.72,1.648e+3,4.060e-21,3.176e-29,2.841e-44,2.067e-35,2.581e-14,,2.182e-20,2.241e-3,,1.921e-15,5.175e-19,6.713e-16,9.141e-18,2.717e-20,6.993e-18,,3.213e-9,2.471e-40,1.890e-20,6.886e-19,2.138e-14,6.983e-18,4.455e+2,2.624e-26,1.319e-18,1.001e-19,4.122e-2,1.034e-20,6.258e+2,6.958e-20,1.323e-26,1.819e-20,4.328e-23,1.097e-7,2.084e-2,2.308e-18,,,4.567e+1,,,4.848e-1,,,1.373e-19,5.284e-18,1.061e-17,1.050e-20,5.306e+2,,2.163e-17,,3.934e-18,4.910e-11,1.494e-17,3.895e-18,1.127e-16,1.817e-18,1.966e-17
353.74,1.598e+3,4.061e-21,3.182e-29,2.829e-44,2.067e-35,2.269e-14,,2.175e-20,2.346e-3,,1.922e-15,5.187e-19,4.589e-16,9.144e-18,2.720e-20,4.924e-18,,2.624e-9,1.193e-40,1.893e-20,6.889e-19,2.171e-14,6.991e-18,4.204e+2,2.625e-26,1.320e-18,1.002e-19,3.965e-2,9.848e-21,6.381e+2,6.945e-20,1.323e-26,1.820e-20,4.329e-23,1.750e-7,2.973e-2,1.125e-18,,,4.552e+1,,,5.821e-1,,,1.373e-19,5.285e-18,1.061e-17,1.042e-20,4.935e+2,,2.167e-17,,3.932e-18,5.672e-11,1.493e-17,3.903e-18,1.127e-16,1.845e-18,1.968e-17
353.77,1.526e+3,4.063e-21,3.191e-29,2.812e-44,2.067e-35,1.850e-14,,2.165e-20,2.485e-3,,1.923e-15,5.205e-19,2.564e-16,9.149e-18,2.725e-20,2.876e-18,,1.914e-9,3.956e-41,1.897e-20,6.894e-19,2.196e-14,7.003e-18,3.808e+2,2.627e-26,1.321e-18,1.002e-19,3.707e-2,9.110e-21,6.586e+2,6.926e-20,1.321e-26,1.823e-20,4.331e-23,3.485e-7,5.010e-2,3.782e-19,,,4.524e+1,,,7.570e-1,,,1.373e-19,5.287e-18,1.060e-17,1.029e-20,4.402e+2,,2.173e-17,,3.929e-18,1.033e-10,1.492e-17,3.916e-18,1.126e-16,1.887e-18,1.971e-17
353.79,1.480e+3,4.064e-21,3.196e-29,2.801e-44,2.066e-35,1.601e-14,,2.159e-20,2.562e-3,,1.923e-15,5.217e-19,1.726e-16,9.153e-18,2.728e-20,1.994e-18,,1.539e-9,1.881e-41,1.899e-20,6.897e-19,2.196e-14,7.011e-18,3.539e+2,2.629e-26,1.322e-18,1.002e-19,3.524e-2,8.617e-21,6.737e+2,6.913e-20,1.321e-26,1.824e-20,4.332e-23,5.475e-7,7.040e-2,1.815e-19,,,4.501e+1,,,8.952e-1,,,1.373e-19,5.288e-18,1.059e-17,1.021e-20,4.062e+2,,2.178e-17,,3.927e-18,1.709e-10,1.491e-17,3.924e-18,1.126e-16,1.915e-18,1.974e-17
353.82,1.415e+3,4.066e-21,3.205e-29,2.784e-44,2.066e-35,1.275e-14,,2.149e-20,2.651e-3,,1.924e-15,5.235e-19,9.422e-17,9.158e-18,2.732e-20,1.138e-18,,1.097e-9,,1.903e-20,6.902e-19,2.171e-14,7.024e-18,3.133e+2,2.630e-26,1.324e-18,1.002e-19,3.238e-2,7.879e-21,6.983e+2,6.894e-20,1.320e-26,1.826e-20,4.333e-23,1.066e-6,1.159e-1,5.962e-20,,,4.454e+1,,,1.138e+0,,,1.373e-19,5.289e-18,1.058e-17,1.008e-20,3.577e+2,,2.184e-17,,3.924e-18,3.763e-10,1.491e-17,3.937e-18,1.125e-16,1.957e-18,1.977e-17
353.84,1.375e+3,4.067e-21,3.210e-29,2.772e-44,2.066e-35,1.088e-14,,2.142e-20,2.692e-3,,1.924e-15,5.248e-19,6.245e-17,9.161e-18,2.735e-20,7.769e-19,,8.691e-10,,1.906e-20,6.906e-19,2.138e-14,7.032e-18,2.867e+2,2.632e-26,1.325e-18,1.003e-19,3.042e-2,7.387e-21,7.159e+2,6.881e-20,1.319e-26,1.827e-20,4.334e-23,1.649e-6,1.605e-1,6.192e-20,,,4.414e+1,,,1.325e+0,,,1.372e-19,5.290e-18,1.058e-17,9.998e-21,3.271e+2,,2.189e-17,,3.922e-18,6.372e-10,1.490e-17,3.945e-18,1.125e-16,1.985e-18,1.979e-17
353.87,1.321e+3,4.069e-21,3.219e-29,2.755e-44,2.066e-35,8.465e-15,,2.133e-20,2.723e-3,,1.925e-15,5.266e-19,3.332e-17,9.166e-18,2.740e-20,4.333e-19,,6.055e-10,,1.909e-20,6.911e-19,2.066e-14,7.044e-18,2.481e+2,2.634e-26,1.326e-18,1.003e-19,2.748e-2,6.649e-21,7.438e+2,6.862e-20,1.318e-26,1.829e-20,4.335e-23,3.138e-6,2.583e-1,6.537e-20,,,4.336e+1,,,1.647e+0,,,1.372e-19,5.292e-18,1.057e-17,9.872e-21,2.838e+2,,2.195e-17,,3.919e-18,1.393e-9,1.489e-17,3.958e-18,1.124e-16,2.027e-18,1.983e-17
353.89,1.288e+3,4.071e-21,3.225e-29,2.744e-44,2.066e-35,7.108e-15,,2.126e-20,2.723e-3,,1.926e-15,5.278e-19,2.175e-17,9.169e-18,2.743e-20,2.913e-19,,4.723e-10,,1.912e-20,6.914e-19,2.003e-14,7.052e-18,2.236e+2,2.635e-26,1.327e-18,1.003e-19,2.554e-2,6.157e-21,7.631e+2,6.850e-20,1.317e-26,1.831e-20,4.336e-23,4.783e-6,3.521e-1,6.766e-20,,,4.270e+1,,,1.889e+0,,,1.372e-19,5.293e-18,1.057e-17,9.788e-21,2.568e+2,,2.200e-17,,3.917e-18,2.329e-9,1.489e-17,3.966e-18,1.124e-16,2.055e-18,1.985e-17
353.92,1.245e+3,4.073e-21,3.233e-29,2.727e-44,2.065e-35,5.407e-15,,2.116e-20,2.692e-3,,1.926e-15,5.296e-19,1.134e-17,9.174e-18,2.748e-20,1.588e-19,,3.215e-10,,1.916e-20,6.919e-19,1.892e-14,7.064e-18,1.891e+2,2.637e-26,1.328e-18,1.003e-19,2.268e-2,5.418e-21,7.924e+2,6.831e-20,1.316e-26,1.833e-20,4.337e-23,8.896e-6,5.541e-1,7.111e-20,,,4.149e+1,,,2.294e+0,,,1.372e-19,5.294e-18,1.056e-17,9.663e-21,2.191e+2,,2.206e-17,,3.914e-18,4.982e-9,1.488e-17,3.979e-18,1.123e-16,2.097e-18,1.988e-17
353.94,1.219e+3,4.074e-21,3.239e-29,2.715e-44,2.065e-35,4.471e-15,,2.110e-20,2.651e-3,,1.927e-15,5.309e-19,7.287e-18,9.178e-18,2.751e-20,1.051e-19,,2.469e-10,,1.918e-20,6.922e-19,1.807e-14,7.072e-18,1.678e+2,2.638e-26,1.329e-18,1.004e-19,2.084e-2,4.926e-21,8.118e+2,6.818e-20,1.316e-26,1.834e-20,4.338e-23,1.335e-5,7.440e-1,7.341e-20,,,4.053e+1,,,2.591e+0,,,1.372e-19,5.295e-18,1.055e-17,9.579e-21,1.960e+2,,2.210e-17,,3.912e-18,8.207e-9,1.487e-17,3.987e-18,1.123e-16,2.125e-18,1.991e-17
353.96,1.196e+3,4.075e-21,3.244e-29,2.704e-44,2.065e-35,3.675e-15,,2.103e-20,2.595e-3,,1.927e-15,5.321e-19,4.655e-18,9.181e-18,2.754e-20,6.916e-20,,1.885e-10,,1.921e-20,6.926e-19,1.716e-14,7.080e-18,1.480e+2,2.639e-26,1.330e-18,1.004e-19,1.907e-2,4.434e-21,8.307e+2,6.805e-20,1.315e-26,1.836e-20,4.339e-23,1.992e-5,9.929e-1,7.571e-20,,,3.944e+1,,,2.909e+0,,,1.371e-19,5.296e-18,1.055e-17,9.496e-21,1.744e+2,,2.215e-17,,3.910e-18,1.344e-8,1.487e-17,3.995e-18,1.122e-16,2.153e-18,1.993e-17
353.99,1.166e+3,4.077e-21,3.253e-29,2.687e-44,2.065e-35,2.707e-15,,2.093e-20,2.485e-3,,1.928e-15,5.339e-19,2.350e-18,9.186e-18,2.758e-20,3.649e-20,,1.243e-10,,1.925e-20,6.931e-19,1.569e-14,7.093e-18,1.212e+2,2.641e-26,1.332e-18,1.004e-19,1.655e-2,3.696e-21,8.572e+2,6.786e-20,1.314e-26,1.838e-20,4.341e-23,3.590e-5,1.513e+0,7.915e-20,,,3.756e+1,,,3.421e+0,,,1.371e-19,5.298e-18,1.054e-17,9.370e-21,1.451e+2,,2.221e-17,,3.907e-18,2.785e-8,1.486e-17,4.008e-18,1.122e-16,2.195e-18,1.996e-17
354.01,1.148e+3,4.079e-21,3.259e-29,2.675e-44,2.065e-35,2.191e-15,,2.086e-20,2.395e-3,,1.929e-15,5.351e-19,1.478e-18,9.189e-18,2.761e-20,2.365e-20,,9.341e-11,,1.927e-20,6.934e-19,1.467e-14,7.101e-18,1.053e+2,2.643e-26,1.333e-18,1.004e-19,1.498e-2,3.203e-21,8.731e+2,6.773e-20,1.313e-26,1.839e-20,4.341e-23,5.276e-5,1.989e+0,8.145e-20,,,3.616e+1,,,3.783e+0,,,1.371e-19,5.299e-18,1.053e-17,9.286e-21,1.275e+2,,2.226e-17,,3.905e-18,4.492e-8,1.485e-17,4.016e-18,1.121e-16,2.223e-18,1.999e-17
354.04,1.123e+3,4.081e-21,3.267e-29,2.658e-44,2.064e-35,1.577e-15,,2.077e-20,2.241e-3,,1.929e-15,5.370e-19,7.290e-19,9.195e-18,2.766e-20,1.219e-20,,6.018e-11,,1.931e-20,6.939e-19,1.311e-14,7.113e-18,8.427e+1,2.645e-26,1.334e-18,1.005e-19,1.278e-2,2.465e-21,8.935e+2,6.754e-20,1.312e-26,1.841e-20,4.343e-23,9.293e-5,2.964e+0,8.490e-20,,,3.385e+1,,,4.349e+0,,,1.371e-19,5.300e-18,1.053e-17,9.161e-21,1.039e+2,,2.232e-17,,3.902e-18,9.098e-8,1.484e-17,4.029e-18,1.121e-16,2.265e-18,2.002e-17
354.06,1.107e+3,4.082e-21,3.273e-29,2.647e-44,2.064e-35,1.257e-15,,2.070e-20,2.128e-3,,1.930e-15,5.382e-19,4.516e-19,9.198e-18,2.769e-20,7.780e-21,,4.455e-11,,1.934e-20,6.942e-19,1.207e-14,7.121e-18,7.209e+1,2.646e-26,1.335e-18,1.005e-19,1.144e-2,1.973e-21,9.043e+2,6.741e-20,1.312e-26,1.843e-20,4.344e-23,1.345e-4,3.837e+0,8.720e-20,,,3.220e+1,,,4.737e+0,,,1.371e-19,5.301e-18,1.052e-17,9.077e-21,9.012e+1,,2.237e-17,,3.900e-18,1.445e-7,1.484e-17,4.037e-18,1.120e-16,2.293e-18,2.004e-17
354.09,1.084e+3,4.084e-21,3.281e-29,2.630e-44,2.064e-35,8.843e-16,,2.060e-20,1.946e-3,,1.931e-15,5.400e-19,2.176e-19,9.203e-18,2.774e-20,3.920e-21,,2.805e-11,,1.938e-20,6.947e-19,1.054e-14,7.133e-18,5.639e+1,2.648e-26,1.337e-18,1.005e-19,9.604e-3,1.235e-21,9.153e+2,6.722e-20,1.311e-26,1.845e-20,4.345e-23,2.316e-4,5.587e+0,9.064e-20,,,2.958e+1,,,5.322e+0,,,1.370e-19,5.302e-18,1.051e-17,8.952e-21,7.200e+1,,2.243e-17,,3.897e-18,2.862e-7,1.483e-17,4.050e-18,1.120e-16,2.335e-18,2.008e-17
354.11,1.069e+3,4.085e-21,3.287e-29,2.618e-44,2.064e-35,6.941e-16,,2.054e-20,1.819e-3,,1.931e-15,5.412e-19,1.328e-19,9.206e-18,2.777e-20,2.463e-21,,2.045e-11,,1.940e-20,6.951e-19,9.561e-15,7.141e-18,4.751e+1,2.649e-26,1.337e-18,1.005e-19,8.499e-3,7.424e-22,9.188e+2,6.710e-20,1.310e-26,1.846e-20,4.346e-23,3.302e-4,7.124e+0,9.294e-20,,,2.777e+1,,,5.709e+0,,,1.370e-19,5.303e-18,1.051e-17,8.868e-21,6.156e+1,,2.247e-17,,3.895e-18,4.479e-7,1.482e-17,4.058e-18,1.119e-16,2.363e-18,2.010e-17
354.14,1.044e+3,4.087e-21,3.295e-29,2.601e-44,2.064e-35,4.772e-16,,2.044e-20,1.626e-3,,1.932e-15,5.430e-19,6.252e-20,9.211e-18,2.781e-20,1.213e-21,,1.258e-11,,1.944e-20,6.956e-19,8.162e-15,7.154e-18,3.632e+1,2.651e-26,1.339e-18,1.006e-19,7.015e-3,4.153e-24,9.179e+2,6.691e-20,1.309e-26,1.848e-20,4.347e-23,5.557e-4,1.014e+1,9.639e-20,,,2.501e+1,,,6.270e+0,,,1.370e-19,5.305e-18,1.050e-17,8.742e-21,4.815e+1,,2.254e-17,,3.892e-18,8.669e-7,1.481e-17,4.071e-18,1.119e-16,2.405e-18,2.013e-17
354.16,1.026e+3,4.089e-21,3.301e-29,2.590e-44,2.063e-35,3.689e-16,,2.037e-20,1.497e-3,,1.932e-15,5.443e-19,3.756e-20,9.215e-18,2.784e-20,7.503e-22,,9.031e-12,,1.947e-20,6.959e-19,7.289e-15,7.162e-18,3.013e+1,2.652e-26,1.340e-18,1.006e-19,6.137e-3,8.679e-24,9.129e+2,6.678e-20,1.308e-26,1.850e-20,4.348e-23,7.804e-4,1.274e+1,9.869e-20,,,2.316e+1,,,6.623e+0,,,1.370e-19,5.306e-18,1.049e-17,8.659e-21,4.058e+1,,2.258e-17,,3.890e-18,1.336e-6,1.481e-17,4.079e-18,1.118e-16,2.433e-18,2.016e-17
354.19,9.976e+2,4.091e-21,3.310e-29,2.572e-44,2.063e-35,2.478e-16,,2.027e-20,1.308e-3,,1.933e-15,5.461e-19,1.728e-20,9.220e-18,2.789e-20,3.610e-22,,5.430e-12,,1.950e-20,6.964e-19,6.082e-15,7.174e-18,2.251e+1,2.654e-26,1.341e-18,1.006e-19,4.979e-3,2.593e-23,8.988e+2,6.659e-20,1.307e-26,1.852e-20,4.350e-23,1.284e-3,1.772e+1,1.021e-19,,,2.043e+1,,,7.109e+0,,,1.369e-19,5.307e-18,1.049e-17,8.533e-21,3.106e+1,,2.265e-17,,3.886e-18,2.529e-6,1.480e-17,4.092e-18,1.118e-16,2.475e-18,2.019e-17
354.21,9.771e+2,4.092e-21,3.315e-29,2.561e-44,2.063e-35,1.887e-16,,2.021e-20,1.186e-3,,1.934e-15,5.473e-19,1.022e-20,9.223e-18,2.792e-20,2.199e-22,,3.839e-12,,1.953e-20,6.968e-19,5.349e-15,7.182e-18,1.839e+1,2.656e-26,1.342e-18,1.006e-19,4.305e-3,5.338e-23,8.850e+2,6.646e-20,1.307e-26,1.853e-20,4.351e-23,1.776e-3,2.192e+1,1.044e-19,,,1.866e+1,,,7.397e+0,,,1.369e-19,5.308e-18,1.048e-17,8.449e-21,2.580e+1,,2.269e-17,,3.884e-18,3.839e-6,1.479e-17,4.100e-18,1.117e-16,2.503e-18,2.021e-17
354.24,9.443e+2,4.094e-21,3.324e-29,2.544e-44,2.063e-35,1.239e-16,,2.011e-20,1.013e-3,,1.934e-15,5.491e-19,4.597e-21,9.228e-18,2.797e-20,1.034e-22,,2.256e-12,,1.957e-20,6.973e-19,4.362e-15,7.194e-18,1.343e+1,2.657e-26,1.344e-18,1.007e-19,3.431e-3,1.559e-22,8.579e+2,6.627e-20,1.306e-26,1.855e-20,4.352e-23,2.856e-3,2.981e+1,1.079e-19,,,1.610e+1,,,7.760e+0,,,1.369e-19,5.310e-18,1.047e-17,8.324e-21,1.932e+1,,2.276e-17,,3.881e-18,7.101e-6,1.478e-17,4.113e-18,1.117e-16,2.545e-18,2.025e-17
354.26,9.213e+2,4.095e-21,3.329e-29,2.533e-44,2.063e-35,9.287e-17,,2.004e-20,9.045e-4,,1.935e-15,5.504e-19,2.678e-21,9.231e-18,2.800e-20,6.203e-23,,1.570e-12,,1.959e-20,6.976e-19,3.778e-15,7.202e-18,1.081e+1,2.659e-26,1.345e-18,1.007e-19,2.931e-3,3.162e-22,8.359e+2,6.614e-20,1.305e-26,1.857e-20,4.353e-23,3.891e-3,3.632e+1,1.102e-19,,,1.449e+1,,,7.952e+0,,,1.369e-19,5.311e-18,1.047e-17,8.240e-21,1.581e+1,,2.280e-17,,3.879e-18,1.062e-5,1.478e-17,4.121e-18,1.116e-16,2.573e-18,2.027e-17
354.29,8.856e+2,4.097e-21,3.338e-29,2.515e-44,2.062e-35,5.959e-17,,1.994e-20,7.547e-4,,1.936e-15,5.522e-19,1.177e-21,9.237e-18,2.804e-20,2.850e-23,,9.017e-13,,1.963e-20,6.981e-19,3.011e-15,7.215e-18,7.711e+0,2.661e-26,1.346e-18,1.007e-19,2.294e-3,9.028e-22,7.976e+2,6.595e-20,1.304e-26,1.859e-20,4.354e-23,6.117e-3,4.829e+1,1.136e-19,,,1.224e+1,,,8.154e+0,,,1.369e-19,5.312e-18,1.046e-17,8.115e-21,1.158e+1,,2.287e-17,,3.876e-18,1.920e-5,1.477e-17,4.134e-18,1.116e-16,2.615e-18,2.030e-17
354.31,8.615e+2,4.099e-21,3.343e-29,2.504e-44,2.062e-35,4.400e-17,,1.988e-20,6.638e-4,,1.936e-15,5.534e-19,6.750e-22,9.240e-18,2.807e-20,1.684e-23,,6.181e-13,,1.966e-20,6.984e-19,2.568e-15,7.223e-18,6.111e+0,2.662e-26,1.347e-18,1.007e-19,1.936e-3,1.804e-21,7.690e+2,6.582e-20,1.303e-26,1.860e-20,4.355e-23,8.207e-3,5.794e+1,1.159e-19,,,1.086e+1,,,8.229e+0,,,1.368e-19,5.313e-18,1.046e-17,8.031e-21,9.339e+0,,2.291e-17,,3.874e-18,2.828e-5,1.476e-17,4.142e-18,1.115e-16,2.643e-18,2.033e-17
354.33,8.375e+2,4.100e-21,3.349e-29,2.493e-44,2.062e-35,3.228e-17,,1.981e-20,5.803e-4,,1.937e-15,5.546e-19,3.848e-22,9.243e-18,2.810e-20,9.887e-24,,4.212e-13,,1.968e-20,6.988e-19,2.178e-15,7.231e-18,4.813e+0,2.663e-26,1.348e-18,1.007e-19,1.626e-3,3.581e-21,7.383e+2,6.570e-20,1.303e-26,1.861e-20,4.356e-23,1.095e-2,6.910e+1,1.182e-19,,,9.578e+0,,,8.254e+0,,,1.368e-19,5.314e-18,1.045e-17,7.947e-21,7.486e+0,,2.295e-17,,3.872e-18,4.141e-5,1.476e-17,4.151e-18,1.115e-16,2.671e-18,2.035e-17
354.36,8.030e+2,4.102e-21,3.358e-29,2.475e-44,2.062e-35,2.006e-17,,1.971e-20,4.690e-4,,1.937e-15,5.564e-19,1.637e-22,9.248e-18,2.815e-20,4.398e-24,,2.342e-13,,1.972e-20,6.993e-19,1.681e-15,7.243e-18,3.326e+0,2.665e-26,1.349e-18,1.008e-19,1.239e-3,9.909e-21,6.893e+2,6.551e-20,1.302e-26,1.863e-20,4.357e-23,1.667e-2,8.898e+1,1.217e-19,,,7.850e+0,,,8.198e+0,,3.879e-18,1.368e-19,5.316e-18,1.044e-17,7.822e-21,5.312e+0,,2.302e-17,,3.869e-18,7.254e-5,1.475e-17,4.163e-18,1.114e-16,8.006e-18,2.038e-17
354.38,7.814e+2,4.103e-21,3.363e-29,2.464e-44,2.062e-35,1.449e-17,,1.965e-20,4.038e-4,,1.938e-15,5.577e-19,9.190e-23,9.252e-18,2.818e-20,2.543e-24,,1.571e-13,,1.975e-20,6.996e-19,1.403e-15,7.251e-18,2.580e+0,2.666e-26,1.350e-18,1.008e-19,1.027e-3,1.938e-20,6.552e+2,6.538e-20,1.301e-26,1.865e-20,4.358e-23,2.190e-2,1.045e+2,1.240e-19,,,6.828e+0,,,8.099e+0,,8.123e-18,1.368e-19,5.317e-18,1.044e-17,7.738e-21,4.194e+0,,2.306e-17,,3.867e-18,1.046e-4,1.474e-17,4.172e-18,1.114e-16,1.652e-17,2.040e-17
354.41,7.524e+2,4.105e-21,3.372e-29,2.447e-44,2.061e-35,8.802e-18,,1.955e-20,3.189e-4,,1.939e-15,5.595e-19,3.821e-23,9.257e-18,2.823e-20,1.105e-24,,8.538e-14,,1.979e-20,7.001e-19,1.058e-15,7.263e-18,1.742e+0,2.668e-26,1.352e-18,1.008e-19,7.677e-4,5.243e-20,6.027e+2,6.519e-20,1.300e-26,1.867e-20,4.360e-23,3.260e-2,1.316e+2,1.274e-19,,,5.486e+0,,,7.862e+0,,2.434e-17,1.368e-19,5.318e-18,3.155e-17,7.613e-21,2.910e+0,,2.313e-17,,3.864e-18,1.791e-4,1.473e-17,4.184e-18,1.113e-16,4.841e-17,2.044e-17
354.43,7.358e+2,4.107e-21,3.377e-29,2.435e-44,2.061e-35,6.263e-18,,1.948e-20,2.704e-4,,1.939e-15,5.607e-19,2.112e-23,9.260e-18,2.826e-20,6.294e-25,,5.642e-14,,1.981e-20,7.004e-19,8.703e-16,7.271e-18,1.331e+0,2.670e-26,1.353e-18,1.008e-19,6.281e-4,1.010e-19,5.675e+2,6.506e-20,1.299e-26,1.868e-20,4.361e-23,4.218e-2,1.522e+2,1.297e-19,,,4.714e+0,,,7.649e+0,,5.022e-17,1.367e-19,5.319e-18,6.548e-17,7.529e-21,2.263e+0,,2.317e-17,,3.862e-18,2.545e-4,1.473e-17,4.193e-18,1.113e-16,9.840e-17,2.046e-17
354.46,7.160e+2,4.109e-21,3.386e-29,2.418e-44,2.061e-35,3.717e-18,,1.938e-20,2.087e-4,,1.940e-15,5.625e-19,8.580e-24,9.265e-18,2.830e-20,2.673e-25,,2.996e-14,,1.985e-20,7.009e-19,6.416e-16,7.284e-18,8.783e-1,2.672e-26,1.354e-18,1.009e-19,4.602e-4,2.672e-19,5.152e+2,6.487e-20,1.298e-26,1.870e-20,4.362e-23,6.138e-2,1.873e+2,1.332e-19,,,3.731e+0,,,7.258e+0,,1.471e-16,1.367e-19,5.321e-18,1.936e-16,7.403e-21,1.534e+0,,2.324e-17,,3.859e-18,4.259e-4,1.472e-17,4.205e-18,1.112e-16,2.820e-16,2.049e-17
354.48,7.066e+2,4.110e-21,3.392e-29,2.407e-44,2.061e-35,2.605e-18,,1.932e-20,1.743e-4,,1.940e-15,5.638e-19,4.671e-24,9.268e-18,2.833e-20,1.499e-25,,1.950e-14,,1.988e-20,7.013e-19,5.196e-16,7.292e-18,6.607e-1,2.673e-26,1.355e-18,1.009e-19,3.715e-4,5.071e-19,4.811e+2,6.474e-20,1.298e-26,1.872e-20,4.363e-23,7.822e-2,2.134e+2,1.355e-19,,,3.185e+0,,,6.955e+0,,2.990e-16,1.367e-19,5.322e-18,3.957e-16,7.320e-21,1.175e+0,,2.328e-17,,3.857e-18,5.960e-4,1.471e-17,4.214e-18,1.112e-16,5.645e-16,2.052e-17
354.51,6.987e+2,4.112e-21,3.400e-29,2.390e-44,2.061e-35,1.511e-18,,1.922e-20,1.315e-4,,1.941e-15,5.656e-19,1.854e-24,9.273e-18,2.838e-20,6.221e-26,,1.012e-14,,1.992e-20,7.018e-19,3.743e-16,7.304e-18,4.261e-1,2.675e-26,1.357e-18,1.009e-19,2.667e-4,1.311e-18,4.317e+2,6.455e-20,1.297e-26,1.874e-20,4.364e-23,1.113e-1,2.567e+2,1.389e-19,,,2.515e+0,,,6.450e+0,,8.566e-16,1.367e-19,5.323e-18,1.144e-15,7.194e-21,7.792e-1,,2.335e-17,,3.854e-18,9.752e-4,1.470e-17,4.226e-18,1.111e-16,1.582e-15,2.055e-17
354.53,6.977e+2,4.113e-21,3.406e-29,2.378e-44,2.060e-35,1.043e-18,,1.915e-20,1.081e-4,,1.942e-15,5.668e-19,9.939e-25,9.277e-18,2.841e-20,3.435e-26,,6.486e-15,,1.994e-20,7.021e-19,2.986e-16,7.312e-18,3.157e-1,2.676e-26,1.357e-18,1.009e-19,2.124e-4,2.452e-18,4.003e+2,6.442e-20,1.296e-26,1.875e-20,4.365e-23,1.397e-1,2.881e+2,1.412e-19,,,2.162e+0,,,6.088e+0,,1.715e-15,1.367e-19,5.324e-18,2.303e-15,7.110e-21,5.878e-1,,2.339e-17,,3.852e-18,1.344e-3,1.470e-17,4.235e-18,1.111e-16,3.120e-15,2.057e-17
354.56,7.028e+2,4.115e-21,3.414e-29,2.361e-44,2.060e-35,5.909e-19,,1.905e-20,7.972e-5,,1.942e-15,5.686e-19,3.856e-25,9.282e-18,2.846e-20,1.393e-26,,3.294e-15,,1.998e-20,7.026e-19,2.102e-16,7.324e-18,1.990e-1,2.678e-26,1.359e-18,1.010e-19,1.494e-4,6.198e-18,3.560e+2,6.423e-20,1.295e-26,1.877e-20,4.366e-23,1.942e-1,3.387e+2,1.446e-19,,,1.758e+0,,,5.519e+0,,4.803e-15,1.366e-19,5.326e-18,6.508e-15,6.985e-21,3.809e-1,,2.345e-17,,3.849e-18,2.150e-3,1.469e-17,4.247e-18,1.110e-16,8.545e-15,2.061e-17
354.58,7.103e+2,4.116e-21,3.420e-29,2.350e-44,2.060e-35,4.016e-19,,1.899e-20,6.457e-5,,1.943e-15,5.699e-19,2.035e-25,9.285e-18,2.849e-20,7.574e-27,,2.086e-15,,2.001e-20,7.029e-19,1.651e-16,7.332e-18,1.452e-1,2.679e-26,1.360e-18,1.010e-19,1.173e-4,1.142e-17,3.286e+2,6.411e-20,1.294e-26,1.879e-20,4.367e-23,2.401e-1,3.744e+2,1.469e-19,,,1.566e+0,,,5.131e+0,,9.472e-15,1.366e-19,5.327e-18,1.291e-14,6.901e-21,2.830e-1,,2.350e-17,,3.847e-18,2.918e-3,1.468e-17,4.256e-18,1.109e-16,1.660e-14,2.063e-17
354.61,7.275e+2,4.118e-21,3.428e-29,2.333e-44,2.060e-35,2.224e-19,,1.889e-20,4.653e-5,,1.944e-15,5.717e-19,7.715e-26,9.290e-18,2.853e-20,3.002e-27,,1.053e-15,,2.004e-20,7.034e-19,1.136e-16,7.345e-18,8.945e-2,2.681e-26,1.361e-18,1.010e-19,8.078e-5,2.821e-17,2.908e+2,6.392e-20,1.293e-26,1.881e-20,4.369e-23,3.264e-1,4.302e+2,1.504e-19,,,1.387e+0,,,4.549e+0,,2.594e-14,1.366e-19,5.328e-18,3.567e-14,6.776e-21,1.792e-1,,2.356e-17,,3.844e-18,4.564e-3,1.468e-17,4.268e-18,1.109e-16,4.446e-14,2.066e-17
354.63,7.424e+2,4.120e-21,3.434e-29,2.321e-44,2.060e-35,1.489e-19,,1.882e-20,3.712e-5,,1.944e-15,5.729e-19,4.010e-26,9.294e-18,2.857e-20,1.607e-27,,6.791e-16,,2.007e-20,7.038e-19,8.790e-17,7.353e-18,6.427e-2,2.683e-26,1.362e-18,1.010e-19,6.255e-5,5.119e-17,2.680e+2,6.379e-20,1.292e-26,1.882e-20,4.370e-23,3.974e-1,4.684e+2,1.527e-19,,,1.335e+0,,,4.167e+0,,5.039e-14,1.366e-19,5.329e-18,6.971e-14,6.692e-21,1.311e-1,,2.361e-17,,3.842e-18,6.102e-3,1.467e-17,4.277e-18,1.108e-16,8.510e-14,2.069e-17
354.66,7.691e+2,4.122e-21,3.443e-29,2.304e-44,2.059e-35,8.059e-20,,1.873e-20,2.614e-5,,1.945e-15,5.747e-19,1.485e-26,9.299e-18,2.861e-20,6.228e-28,,3.911e-16,,2.011e-20,7.043e-19,5.912e-17,7.365e-18,3.870e-2,2.684e-26,1.364e-18,1.011e-19,4.219e-5,1.237e-16,2.374e+2,6.360e-20,1.291e-26,1.884e-20,4.371e-23,5.281e-1,5.261e+2,1.561e-19,,,1.354e+0,,,3.613e+0,,1.349e-13,1.365e-19,5.331e-18,1.883e-13,6.566e-21,8.117e-2,,2.367e-17,,3.839e-18,9.328e-3,1.466e-17,4.289e-18,1.108e-16,2.228e-13,2.072e-17
354.68,7.891e+2,4.123e-21,3.448e-29,2.293e-44,2.059e-35,5.312e-20,,1.866e-20,2.053e-5,,1.945e-15,5.759e-19,7.603e-27,9.302e-18,2.864e-20,3.290e-28,,3.193e-16,,2.013e-20,7.046e-19,4.504e-17,7.373e-18,2.738e-2,2.686e-26,1.365e-18,1.011e-19,3.224e-5,2.211e-16,2.196e+2,6.347e-20,1.291e-26,1.886e-20,4.372e-23,6.334e-1,5.641e+2,1.584e-19,,,1.430e+0,,,3.263e+0,,2.582e-13,1.365e-19,5.332e-18,3.625e-13,6.483e-21,5.850e-2,,2.371e-17,,3.837e-18,1.228e-2,1.466e-17,4.298e-18,1.107e-16,4.201e-13,2.074e-17
354.7,8.105e+2,4.124e-21,3.454e-29,2.281e-44,2.059e-35,3.480e-20,,1.859e-20,1.603e-5,,1.946e-15,5.772e-19,3.868e-27,9.305e-18,2.867e-20,1.736e-28,,3.207e-16,,2.016e-20,7.049e-19,3.410e-17,7.381e-18,1.926e-2,2.687e-26,1.366e-18,1.011e-19,2.453e-5,3.928e-16,2.039e+2,6.334e-20,1.290e-26,1.887e-20,4.373e-23,7.552e-1,6.013e+2,1.607e-19,,,1.556e+0,,,2.931e+0,,4.911e-13,1.365e-19,5.333e-18,6.937e-13,1.352e-20,4.191e-2,,2.376e-17,,3.835e-18,1.608e-2,1.465e-17,4.306e-18,1.107e-16,7.873e-13,2.077e-17
354.73,8.438e+2,4.126e-21,3.462e-29,2.264e-44,2.059e-35,1.824e-20,,1.850e-20,1.094e-5,,1.947e-15,5.790e-19,1.387e-27,9.310e-18,2.872e-20,6.906e-29,,4.582e-16,,2.020e-20,7.054e-19,2.221e-17,7.393e-18,1.123e-2,2.689e-26,1.367e-18,1.011e-19,1.618e-5,9.196e-16,1.843e+2,6.315e-20,1.289e-26,1.889e-20,4.374e-23,9.719e-1,6.542e+2,1.642e-19,,,1.839e+0,,,2.472e+0,,1.274e-12,1.365e-19,5.334e-18,1.816e-12,4.025e-20,2.512e-2,,2.382e-17,,3.832e-18,2.381e-2,1.464e-17,4.319e-18,1.106e-16,1.997e-12,2.080e-17
354.75,8.662e+2,4.128e-21,3.468e-29,2.253e-44,2.059e-35,1.177e-20,,1.843e-20,8.409e-6,,1.947e-15,5.802e-19,6.949e-28,9.314e-18,2.875e-20,4.222e-29,,6.619e-16,,2.022e-20,7.058e-19,1.656e-17,7.402e-18,7.776e-3,2.690e-26,1.368e-18,1.012e-19,1.226e-5,1.609e-15,1.739e+2,6.303e-20,1.288e-26,1.891e-20,4.375e-23,1.141e+0,6.868e+2,1.665e-19,,,2.093e+0,,,2.195e+0,,2.387e-12,1.365e-19,5.335e-18,3.422e-12,8.268e-20,1.772e-2,,2.387e-17,,3.830e-18,3.071e-2,1.464e-17,4.327e-18,1.106e-16,3.688e-12,2.082e-17
354.78,8.989e+2,4.130e-21,3.477e-29,2.236e-44,2.058e-35,6.028e-21,,1.833e-20,5.605e-6,,1.948e-15,5.820e-19,2.435e-28,9.319e-18,2.880e-20,3.635e-29,,1.225e-15,,2.026e-20,7.063e-19,1.054e-17,7.414e-18,4.431e-3,2.692e-26,1.369e-18,1.012e-19,8.196e-6,3.684e-15,1.627e+2,6.283e-20,1.287e-26,1.893e-20,4.376e-23,1.436e+0,7.303e+2,1.699e-19,,,2.575e+0,,,1.825e+0,,6.055e-12,1.364e-19,5.337e-18,8.758e-12,2.407e-19,1.038e-2,,2.393e-17,,3.827e-18,4.445e-2,1.463e-17,4.340e-18,1.105e-16,9.147e-12,2.086e-17
354.8,9.195e+2,4.131e-21,3.482e-29,2.224e-44,2.058e-35,3.829e-21,,1.826e-20,4.245e-6,,1.948e-15,5.833e-19,1.201e-28,9.322e-18,2.883e-20,5.268e-29,,1.866e-15,,2.029e-20,7.066e-19,7.743e-18,7.422e-18,3.022e-3,2.693e-26,1.370e-18,1.012e-19,6.432e-6,6.350e-15,1.581e+2,6.271e-20,1.287e-26,1.894e-20,4.377e-23,1.661e+0,7.551e+2,1.722e-19,,,2.967e+0,,,1.610e+0,,1.118e-11,1.364e-19,5.338e-18,1.626e-11,4.871e-19,7.212e-3,,2.398e-17,,3.825e-18,5.645e-2,1.462e-17,4.348e-18,1.105e-16,1.664e-11,2.088e-17
354.83,9.480e+2,4.133e-21,3.491e-29,2.207e-44,2.058e-35,1.917e-21,,1.817e-20,2.765e-6,,1.949e-15,5.851e-19,4.114e-29,9.327e-18,2.887e-20,1.249e-28,,3.494e-15,,2.033e-20,7.071e-19,4.817e-18,7.434e-18,1.683e-3,2.695e-26,1.372e-18,1.012e-19,4.889e-6,1.421e-14,1.559e+2,6.252e-20,1.286e-26,1.896e-20,4.379e-23,2.043e+0,7.850e+2,1.757e-19,,,3.667e+0,,,1.337e+0,,2.772e-11,1.364e-19,5.339e-18,4.069e-11,1.386e-18,4.129e-3,,2.404e-17,,3.822e-18,7.989e-2,1.461e-17,4.361e-18,1.104e-16,4.034e-11,2.091e-17
354.85,9.649e+2,4.134e-21,3.496e-29,2.196e-44,2.058e-35,1.199e-21,,1.810e-20,2.063e-6,,1.950e-15,5.863e-19,1.998e-29,9.331e-18,2.890e-20,2.337e-28,,5.277e-15,,2.035e-20,7.075e-19,3.484e-18,7.442e-18,1.130e-3,2.697e-26,1.373e-18,1.013e-19,4.489e-6,2.413e-14,1.577e+2,6.239e-20,1.285e-26,1.897e-20,4.380e-23,2.327e+0,7.994e+2,1.780e-19,,,4.211e+0,,,1.187e+0,,5.041e-11,1.364e-19,5.340e-18,7.443e-11,2.764e-18,2.825e-3,,2.408e-17,,3.820e-18,9.994e-2,1.461e-17,4.369e-18,1.104e-16,7.228e-11,2.094e-17
354.88,9.868e+2,4.136e-21,3.505e-29,2.179e-44,2.058e-35,5.868e-22,,1.800e-20,1.313e-6,,1.950e-15,5.881e-19,6.688e-30,9.336e-18,2.895e-20,6.005e-28,,9.693e-15,,2.039e-20,7.080e-19,2.118e-18,7.454e-18,6.152e-4,2.699e-26,1.374e-18,1.013e-19,4.768e-6,5.280e-14,1.654e+2,6.220e-20,1.284e-26,1.900e-20,4.381e-23,2.797e+0,8.122e+2,1.814e-19,,,5.147e+0,,,1.011e+0,,1.222e-10,1.364e-19,5.342e-18,1.821e-10,7.692e-18,1.581e-3,,2.415e-17,,3.817e-18,1.383e-1,1.460e-17,4.382e-18,1.103e-16,1.714e-10,2.097e-17
354.9,9.990e+2,4.138e-21,3.511e-29,2.167e-44,2.058e-35,3.615e-22,,1.794e-20,9.646e-7,,1.951e-15,5.893e-19,3.199e-30,9.339e-18,2.898e-20,1.121e-27,,1.443e-14,,2.042e-20,7.083e-19,1.509e-18,7.462e-18,4.070e-4,2.700e-26,1.375e-18,1.013e-19,5.572e-6,8.833e-14,1.742e+2,6.207e-20,1.283e-26,1.901e-20,4.382e-23,3.139e+0,8.147e+2,1.837e-19,,,5.854e+0,,,9.256e-1,,2.189e-10,1.363e-19,5.343e-18,3.281e-10,1.511e-17,1.065e-3,,2.419e-17,,3.815e-18,1.704e-1,1.459e-17,4.390e-18,1.103e-16,3.024e-10,2.099e-17
354.93,1.014e+3,4.140e-21,3.519e-29,2.150e-44,2.057e-35,1.729e-22,,1.784e-20,6.003e-7,,1.952e-15,5.912e-19,5.279e-31,9.344e-18,2.903e-20,2.828e-27,,2.592e-14,,2.046e-20,7.088e-19,8.967e-19,7.475e-18,2.165e-4,2.702e-26,1.377e-18,1.013e-19,7.883e-6,1.890e-13,1.931e+2,6.188e-20,1.282e-26,1.903e-20,4.383e-23,3.689e+0,8.092e+2,1.872e-19,,,7.040e+0,,,8.442e-1,,5.190e-10,1.363e-19,5.344e-18,7.847e-10,4.111e-17,5.825e-4,,2.426e-17,,3.812e-18,2.304e-1,1.458e-17,4.403e-18,1.102e-16,7.011e-10,2.103e-17
354.95,1.022e+3,4.141e-21,3.525e-29,2.139e-44,2.057e-35,1.049e-22,,1.777e-20,4.342e-7,,1.952e-15,5.924e-19,6.788e-28,9.347e-18,2.906e-20,5.202e-27,,3.801e-14,,2.048e-20,7.091e-19,6.290e-19,7.483e-18,1.410e-4,2.703e-26,1.377e-18,1.014e-19,1.035e-5,3.114e-13,2.096e+2,6.175e-20,1.282e-26,1.904e-20,4.384e-23,4.077e+0,7.994e+2,1.895e-19,,,7.914e+0,,,8.210e-1,,9.158e-10,1.363e-19,5.345e-18,1.393e-9,7.953e-17,3.865e-4,,2.430e-17,,3.810e-18,2.796e-1,1.458e-17,4.411e-18,1.102e-16,1.219e-9,2.105e-17
354.98,1.032e+3,4.143e-21,3.533e-29,2.122e-44,2.057e-35,4.901e-23,,1.767e-20,2.641e-7,,1.953e-15,5.942e-19,1.696e-27,9.352e-18,2.910e-20,1.283e-26,,6.675e-14,,2.052e-20,7.096e-19,3.653e-19,7.495e-18,7.331e-5,2.705e-26,1.379e-18,1.014e-19,1.591e-5,6.512e-13,2.406e+2,6.156e-20,1.281e-26,1.907e-20,4.385e-23,4.683e+0,7.761e+2,1.929e-19,,,9.347e+0,,,8.325e-1,,2.123e-9,1.363e-19,5.346e-18,3.257e-9,2.116e-16,2.066e-4,,2.437e-17,,3.806e-18,3.696e-1,1.457e-17,4.424e-18,1.101e-16,2.763e-9,2.108e-17
355,1.038e+3,4.144e-21,3.539e-29,2.110e-44,2.057e-35,2.928e-23,,1.761e-20,1.882e-7,,1.953e-15,5.954e-19,2.375e-27,9.356e-18,2.913e-20,2.325e-26,,9.643e-14,,2.055e-20,7.100e-19,2.524e-19,7.503e-18,4.703e-5,2.706e-26,1.380e-18,1.014e-19,2.128e-5,1.057e-12,2.656e+2,6.144e-20,1.280e-26,1.908e-20,4.386e-23,5.098e+0,7.551e+2,4.018e-19,,,1.038e+1,,,8.709e-1,,3.690e-9,1.363e-19,5.347e-18,5.696e-9,4.033e-16,1.350e-4,,2.441e-17,,3.804e-18,4.419e-1,1.456e-17,4.432e-18,1.101e-16,4.732e-9,2.111e-17
355.03,1.045e+3,4.146e-21,3.547e-29,2.093e-44,2.056e-35,1.337e-23,,1.751e-20,1.118e-7,,1.954e-15,5.973e-19,3.392e-27,9.361e-18,2.918e-20,5.609e-26,,1.656e-13,,2.058e-20,7.105e-19,1.432e-19,7.515e-18,2.389e-5,2.708e-26,1.381e-18,1.014e-19,3.275e-5,2.161e-12,3.095e+2,6.124e-20,1.279e-26,1.910e-20,4.388e-23,5.725e+0,7.166e+2,1.194e-18,,,1.203e+1,,,9.750e-1,,8.361e-9,1.362e-19,5.349e-18,1.302e-8,1.049e-15,7.052e-5,,2.448e-17,,3.801e-18,5.711e-1,1.455e-17,4.445e-18,1.100e-16,1.049e-8,2.114e-17
355.05,1.051e+3,4.148e-21,3.553e-29,2.082e-44,2.056e-35,7.869e-24,,1.744e-20,7.847e-8,,1.955e-15,5.985e-19,4.070e-27,9.364e-18,2.921e-20,1.001e-25,,2.356e-13,,2.061e-20,7.108e-19,9.746e-20,7.523e-18,1.510e-5,2.709e-26,1.382e-18,1.015e-19,4.343e-5,3.456e-12,3.431e+2,6.112e-20,1.278e-26,1.911e-20,4.389e-23,6.138e+0,6.868e+2,2.450e-18,,,1.320e+1,,,1.076e+0,,1.432e-8,1.362e-19,5.350e-18,2.243e-8,1.970e-15,4.539e-5,,2.452e-17,,3.799e-18,6.725e-1,1.455e-17,4.453e-18,1.100e-16,1.769e-8,2.116e-17
355.07,1.057e+3,4.149e-21,3.559e-29,2.070e-44,2.056e-35,4.602e-24,,1.738e-20,5.472e-8,,1.955e-15,5.997e-19,4.749e-27,9.368e-18,2.924e-20,1.777e-25,,3.332e-13,,2.064e-20,7.111e-19,6.590e-20,7.532e-18,9.480e-6,2.711e-26,1.383e-18,1.015e-19,5.729e-5,5.493e-12,3.802e+2,6.099e-20,1.278e-26,1.913e-20,4.389e-23,6.542e+0,6.542e+2,4.996e-18,,,1.441e+1,,,1.201e+0,,2.437e-8,1.362e-19,5.351e-18,3.841e-8,3.676e-15,2.903e-5,,2.456e-17,,3.797e-18,7.870e-1,1.454e-17,4.462e-18,1.099e-16,2.966e-8,2.118e-17
355.1,1.069e+3,4.151e-21,3.567e-29,2.053e-44,2.056e-35,2.035e-24,,1.728e-20,3.150e-8,,1.956e-15,6.015e-19,5.766e-27,9.373e-18,2.929e-20,4.152e-25,,5.543e-13,,2.067e-20,7.116e-19,3.622e-20,7.544e-18,4.664e-6,2.713e-26,1.385e-18,1.015e-19,8.587e-5,1.088e-11,4.419e+2,6.080e-20,1.277e-26,1.915e-20,4.391e-23,7.116e+0,6.013e+2,1.439e-17,,,1.629e+1,,,1.438e+0,,5.351e-8,1.362e-19,5.352e-18,8.510e-8,9.266e-15,1.469e-5,,2.463e-17,,3.794e-18,9.853e-1,1.453e-17,4.474e-18,1.099e-16,6.369e-8,2.122e-17
355.12,1.079e+3,4.152e-21,3.573e-29,2.042e-44,2.056e-35,1.172e-24,,1.721e-20,2.163e-8,,1.956e-15,6.027e-19,6.444e-27,9.376e-18,2.932e-20,7.258e-25,,7.723e-13,,2.070e-20,7.120e-19,2.412e-20,7.552e-18,2.884e-6,2.714e-26,1.386e-18,1.015e-19,1.116e-4,1.704e-11,4.870e+2,6.067e-20,1.276e-26,1.916e-20,4.392e-23,7.469e+0,5.641e+2,2.891e-17,,,1.757e+1,,,1.627e+0,,8.972e-8,1.362e-19,5.353e-18,1.435e-7,1.703e-14,9.252e-6,,2.467e-17,,3.792e-18,1.136e+0,1.453e-17,4.483e-18,1.098e-16,1.052e-7,2.124e-17
355.15,1.098e+3,4.154e-21,3.581e-29,2.025e-44,2.056e-35,5.065e-25,,1.711e-20,1.217e-8,,1.957e-15,6.046e-19,7.462e-27,9.381e-18,2.936e-20,1.659e-24,,1.256e-12,,2.074e-20,7.125e-19,1.296e-20,7.564e-18,1.387e-6,2.716e-26,1.387e-18,1.016e-19,1.637e-4,3.300e-11,5.599e+2,6.048e-20,1.275e-26,1.918e-20,4.393e-23,7.942e+0,5.068e+2,8.142e-17,,,1.951e+1,,,1.960e+0,,1.926e-7,1.361e-19,5.355e-18,3.109e-7,4.199e-14,4.574e-6,,2.474e-17,,3.789e-18,1.390e+0,1.452e-17,4.495e-18,1.098e-16,2.209e-7,2.128e-17
355.17,1.113e+3,4.156e-21,3.587e-29,2.013e-44,2.055e-35,2.873e-25,,1.705e-20,8.233e-9,,1.958e-15,6.058e-19,8.140e-27,9.384e-18,2.939e-20,2.856e-24,,1.724e-12,,2.076e-20,7.128e-19,8.500e-21,7.572e-18,8.445e-7,2.717e-26,1.388e-18,1.016e-19,2.097e-4,5.090e-11,6.115e+2,6.035e-20,1.274e-26,1.920e-20,4.394e-23,8.211e+0,4.684e+2,1.612e-16,,,2.080e+1,,,2.213e+0,,3.181e-7,1.361e-19,5.356e-18,5.166e-7,7.604e-14,2.838e-6,,2.478e-17,,3.787e-18,1.579e+0,1.451e-17,4.504e-18,1.097e-16,3.594e-7,2.130e-17
355.2,1.140e+3,4.158e-21,3.595e-29,1.996e-44,2.055e-35,1.213e-25,,1.695e-20,4.527e-9,,1.958e-15,6.076e-19,9.157e-27,9.389e-18,2.944e-20,6.381e-24,,2.740e-12,,2.080e-20,7.133e-19,4.463e-21,7.584e-18,3.968e-7,2.719e-26,1.389e-18,1.016e-19,3.005e-4,9.640e-11,6.927e+2,6.016e-20,1.273e-26,1.922e-20,4.395e-23,8.535e+0,4.113e+2,4.437e-16,,,2.271e+1,,,2.640e+0,,6.678e-7,1.361e-19,5.357e-18,1.094e-6,1.833e-13,1.371e-6,,2.485e-17,,3.784e-18,1.889e+0,1.450e-17,4.516e-18,1.097e-16,7.377e-7,2.133e-17
355.22,1.161e+3,4.159e-21,3.601e-29,1.985e-44,2.055e-35,6.776e-26,,1.688e-20,3.015e-9,,1.959e-15,6.088e-19,9.836e-27,9.393e-18,2.947e-20,1.082e-23,,3.704e-12,,2.083e-20,7.136e-19,2.882e-21,7.593e-18,2.380e-7,2.720e-26,1.390e-18,1.016e-19,3.792e-4,1.464e-10,7.486e+2,6.004e-20,1.273e-26,1.923e-20,4.396e-23,8.692e+0,3.744e+2,8.652e-16,,,2.394e+1,,,2.954e+0,,1.086e-6,1.361e-19,5.358e-18,1.791e-6,3.269e-13,8.376e-7,,2.489e-17,,3.782e-18,2.112e+0,1.450e-17,4.525e-18,1.096e-16,1.183e-6,2.135e-17
355.25,1.196e+3,4.161e-21,3.610e-29,1.967e-44,2.055e-35,2.797e-26,,1.678e-20,1.621e-9,,1.960e-15,6.107e-19,1.085e-26,9.398e-18,2.952e-20,2.365e-23,,5.757e-12,,2.087e-20,7.141e-19,1.479e-21,7.605e-18,1.093e-7,2.722e-26,1.392e-18,1.017e-19,5.313e-4,2.712e-10,8.341e+2,5.984e-20,1.272e-26,1.925e-20,4.398e-23,8.831e+0,3.214e+2,2.330e-15,,,2.572e+1,,,3.468e+0,,2.230e-6,1.360e-19,5.360e-18,3.707e-6,7.704e-13,3.955e-7,,2.496e-17,,3.779e-18,2.470e+0,1.449e-17,4.537e-18,1.095e-16,2.373e-6,2.139e-17
355.27,1.222e+3,4.162e-21,3.615e-29,1.956e-44,2.055e-35,1.538e-26,,1.672e-20,1.063e-9,,1.960e-15,6.119e-19,1.153e-26,9.401e-18,2.955e-20,3.951e-23,,7.667e-12,,2.089e-20,7.145e-19,9.409e-22,7.613e-18,6.456e-8,2.724e-26,1.393e-18,1.017e-19,6.603e-4,4.058e-10,8.914e+2,5.972e-20,1.271e-26,1.927e-20,4.399e-23,8.858e+0,2.881e+2,4.475e-15,,,2.684e+1,,,3.836e+0,,3.574e-6,1.360e-19,5.361e-18,5.978e-6,1.354e-12,2.380e-7,,2.500e-17,,3.777e-18,2.722e+0,1.448e-17,4.546e-18,1.095e-16,3.747e-6,2.141e-17
355.3,1.263e+3,4.164e-21,3.624e-29,1.939e-44,2.054e-35,6.205e-27,,1.662e-20,5.584e-10,,1.961e-15,6.137e-19,1.255e-26,9.406e-18,2.959e-20,8.439e-23,,1.165e-11,,2.093e-20,7.150e-19,4.719e-22,7.625e-18,2.897e-8,2.726e-26,1.394e-18,1.017e-19,9.046e-4,7.346e-10,9.762e+2,5.953e-20,1.270e-26,1.929e-20,4.400e-23,8.798e+0,2.417e+2,1.178e-14,,,2.841e+1,,,4.422e+0,,7.171e-6,1.360e-19,5.362e-18,1.210e-5,3.119e-12,1.098e-7,,2.506e-17,,3.774e-18,3.112e+0,1.447e-17,4.558e-18,1.094e-16,7.353e-6,2.145e-17
355.32,1.291e+3,4.166e-21,3.629e-29,1.927e-44,2.054e-35,3.361e-27,,1.655e-20,3.608e-10,,1.961e-15,6.149e-19,1.323e-26,9.410e-18,2.962e-20,1.389e-22,,1.528e-11,,2.096e-20,7.153e-19,2.956e-22,7.633e-18,1.685e-8,2.727e-26,1.395e-18,1.017e-19,1.107e-3,1.083e-9,1.031e+3,5.940e-20,1.269e-26,1.930e-20,4.401e-23,8.692e+0,2.134e+2,2.229e-14,,,2.937e+1,,,4.832e+0,,1.132e-5,1.360e-19,5.363e-18,1.922e-5,5.401e-12,6.507e-8,,2.511e-17,,3.772e-18,3.377e+0,1.447e-17,4.567e-18,1.094e-16,1.144e-5,2.147e-17
355.35,1.334e+3,4.168e-21,3.638e-29,1.910e-44,2.054e-35,1.325e-27,,1.645e-20,1.852e-10,,1.962e-15,6.168e-19,1.424e-26,9.415e-18,2.967e-20,2.901e-22,,2.270e-11,,2.099e-20,7.158e-19,1.449e-22,7.645e-18,7.392e-9,2.729e-26,1.396e-18,1.018e-19,1.483e-3,1.917e-9,1.110e+3,5.921e-20,1.268e-26,1.932e-20,4.402e-23,8.439e+0,1.750e+2,5.739e-14,,,3.068e+1,,,5.470e+0,,2.221e-5,1.360e-19,5.365e-18,3.805e-5,1.217e-11,2.935e-8,,2.517e-17,,3.769e-18,3.774e+0,1.446e-17,4.579e-18,1.093e-16,2.194e-5,2.150e-17
355.37,1.362e+3,4.169e-21,3.644e-29,1.899e-44,2.054e-35,7.068e-28,,1.639e-20,1.178e-10,,1.963e-15,6.180e-19,1.492e-26,9.418e-18,2.970e-20,4.704e-22,,2.933e-11,,2.102e-20,7.161e-19,8.939e-23,7.654e-18,4.234e-9,2.730e-26,1.397e-18,1.018e-19,1.788e-3,2.783e-9,1.160e+3,5.908e-20,1.267e-26,1.934e-20,4.403e-23,8.211e+0,1.522e+2,1.070e-13,,,3.148e+1,,,5.908e+0,,3.455e-5,1.359e-19,5.366e-18,5.953e-5,2.075e-11,1.713e-8,,2.522e-17,,3.767e-18,4.034e+0,1.445e-17,4.588e-18,1.093e-16,3.362e-5,2.152e-17
355.4,1.401e+3,4.171e-21,3.652e-29,1.882e-44,2.053e-35,2.722e-28,,1.629e-20,5.912e-11,,1.964e-15,6.198e-19,1.594e-26,9.423e-18,2.975e-20,9.606e-22,,4.260e-11,,2.106e-20,7.166e-19,4.282e-23,7.666e-18,1.815e-9,2.732e-26,1.399e-18,1.018e-19,2.341e-3,4.816e-9,1.228e+3,5.889e-20,1.266e-26,1.936e-20,4.404e-23,7.793e+0,1.220e+2,2.693e-13,,,3.255e+1,,,6.575e+0,,6.626e-5,1.359e-19,5.367e-18,1.152e-4,4.571e-11,7.548e-9,,2.528e-17,,3.764e-18,4.408e+0,1.445e-17,4.600e-18,1.092e-16,6.306e-5,2.156e-17
355.42,1.425e+3,4.172e-21,3.658e-29,1.870e-44,2.053e-35,1.430e-28,,1.622e-20,3.705e-11,,1.964e-15,6.210e-19,1.662e-26,9.426e-18,2.978e-20,1.534e-21,,5.422e-11,,2.108e-20,7.170e-19,2.602e-23,7.674e-18,1.024e-9,2.733e-26,2.917e-18,1.018e-19,2.781e-3,6.890e-9,1.268e+3,5.876e-20,1.266e-26,1.937e-20,4.405e-23,7.469e+0,1.045e+2,4.945e-13,,,3.320e+1,,,7.025e+0,,1.015e-4,1.359e-19,5.368e-18,1.776e-4,7.680e-11,4.338e-9,,2.533e-17,,3.762e-18,4.641e+0,1.444e-17,4.609e-18,1.092e-16,9.518e-5,2.158e-17
355.44,1.447e+3,4.173e-21,3.663e-29,1.859e-44,2.053e-35,7.468e-29,,1.616e-20,2.307e-11,,1.965e-15,6.222e-19,1.730e-26,9.430e-18,2.981e-20,2.436e-21,,6.859e-11,,2.111e-20,7.173e-19,1.571e-23,7.682e-18,5.742e-10,2.735e-26,6.047e-18,1.018e-19,3.283e-3,9.797e-9,1.305e+3,5.864e-20,1.265e-26,1.938e-20,4.406e-23,7.116e+0,8.898e+1,9.028e-13,,,3.382e+1,,,7.476e+0,,1.546e-4,1.359e-19,5.369e-18,2.720e-4,1.283e-10,2.478e-9,,2.537e-17,,3.760e-18,4.857e+0,1.443e-17,4.617e-18,1.092e-16,1.428e-4,2.160e-17
355.47,1.474e+3,4.175e-21,3.672e-29,1.842e-44,2.053e-35,2.786e-29,,1.606e-20,1.121e-11,,1.965e-15,6.241e-19,1.831e-26,9.435e-18,2.985e-20,4.820e-21,,9.651e-11,,2.115e-20,7.178e-19,7.289e-24,7.694e-18,2.383e-10,2.736e-26,1.784e-17,1.019e-19,4.165e-3,1.642e-8,1.351e+3,5.845e-20,1.264e-26,1.941e-20,4.408e-23,6.542e+0,6.910e+1,2.202e-12,,,3.471e+1,,,8.151e+0,,2.874e-4,1.359e-19,5.371e-18,5.101e-4,2.737e-10,1.058e-9,,2.543e-17,,3.757e-18,5.142e+0,1.443e-17,4.630e-18,1.091e-16,2.595e-4,2.164e-17
355.49,1.489e+3,4.177e-21,3.678e-29,1.830e-44,2.053e-35,1.432e-29,,1.599e-20,6.876e-12,,1.966e-15,6.253e-19,1.899e-26,9.438e-18,2.988e-20,7.540e-21,,1.203e-10,,2.117e-20,7.182e-19,4.335e-24,7.702e-18,1.316e-10,2.738e-26,3.644e-17,1.019e-19,4.843e-3,2.301e-8,1.375e+3,5.832e-20,1.263e-26,1.942e-20,4.408e-23,6.138e+0,5.794e+1,3.960e-12,,,3.531e+1,,,8.598e+0,,4.311e-4,1.358e-19,5.372e-18,7.699e-4,4.504e-10,5.950e-10,,2.548e-17,,3.755e-18,5.302e+0,1.442e-17,4.638e-18,1.090e-16,3.836e-4,2.166e-17
355.52,1.503e+3,4.179e-21,3.686e-29,1.813e-44,2.053e-35,5.222e-30,,1.590e-20,3.265e-12,,1.967e-15,6.271e-19,2.001e-26,9.443e-18,2.993e-20,1.459e-20,,1.654e-10,,2.121e-20,7.187e-19,1.966e-24,7.714e-18,5.339e-11,2.740e-26,1.052e-16,1.019e-19,6.006e-3,3.771e-8,1.403e+3,5.813e-20,1.262e-26,1.944e-20,4.410e-23,5.516e+0,4.398e+1,9.445e-12,,,3.626e+1,,,9.264e+0,,7.833e-4,1.358e-19,5.373e-18,1.411e-3,9.399e-10,2.482e-10,,2.554e-17,,3.752e-18,5.488e+0,1.441e-17,4.651e-18,1.090e-16,6.816e-4,2.169e-17
355.54,1.508e+3,4.180e-21,3.692e-29,1.802e-44,2.052e-35,2.644e-30,,1.583e-20,1.972e-12,,1.967e-15,6.283e-19,2.069e-26,9.447e-18,2.996e-20,2.247e-20,,2.031e-10,,2.124e-20,7.190e-19,1.151e-24,7.723e-18,2.904e-11,2.741e-26,2.116e-16,1.019e-19,6.880e-3,5.203e-8,1.414e+3,5.800e-20,1.262e-26,1.945e-20,4.411e-23,5.098e+0,3.632e+1,1.673e-11,,,3.698e+1,,,9.705e+0,,1.158e-3,1.358e-19,5.374e-18,2.098e-3,1.523e-9,1.375e-10,,2.559e-17,,3.750e-18,5.575e+0,1.440e-17,4.659e-18,1.089e-16,9.924e-4,2.172e-17
355.57,1.508e+3,4.182e-21,3.700e-29,1.785e-44,2.052e-35,9.420e-31,,1.573e-20,9.155e-13,,1.968e-15,6.302e-19,2.171e-26,9.452e-18,3.001e-20,4.251e-20,,2.731e-10,,2.128e-20,7.195e-19,5.101e-25,7.735e-18,1.151e-11,2.743e-26,5.970e-16,1.020e-19,8.340e-3,8.338e-8,1.422e+3,5.781e-20,1.261e-26,1.947e-20,4.412e-23,4.478e+0,2.695e+1,3.902e-11,,,3.821e+1,,,1.036e+1,,2.057e-3,1.358e-19,5.376e-18,3.761e-3,3.108e-9,5.606e-11,,2.565e-17,,3.747e-18,5.644e+0,1.440e-17,4.672e-18,1.089e-16,1.724e-3,2.175e-17
355.59,1.503e+3,4.183e-21,3.706e-29,1.773e-44,2.052e-35,4.698e-31,,1.567e-20,5.446e-13,,1.968e-15,6.314e-19,2.238e-26,9.455e-18,3.004e-20,6.452e-20,,3.302e-10,,2.130e-20,7.198e-19,2.943e-25,7.743e-18,6.165e-12,2.744e-26,1.183e-15,1.020e-19,9.410e-3,1.133e-7,1.421e+3,5.768e-20,1.260e-26,1.949e-20,4.413e-23,4.077e+0,2.192e+1,6.811e-11,,,3.919e+1,,,1.080e+1,,2.994e-3,1.358e-19,5.377e-18,5.509e-3,4.963e-9,3.058e-11,,2.570e-17,,3.745e-18,5.649e+0,1.439e-17,4.680e-18,1.088e-16,2.473e-3,2.177e-17
355.62,1.488e+3,4.185e-21,3.714e-29,1.756e-44,2.052e-35,1.635e-31,,1.557e-20,2.471e-13,,1.969e-15,6.332e-19,2.340e-26,9.460e-18,3.008e-20,1.193e-19,,4.342e-10,,2.134e-20,7.203e-19,1.274e-25,7.755e-18,2.389e-12,2.746e-26,3.265e-15,1.020e-19,1.115e-2,1.776e-7,1.411e+3,5.749e-20,1.259e-26,1.951e-20,4.414e-23,3.501e+0,1.590e+1,1.553e-10,,,4.093e+1,,,1.147e+1,,5.201e-3,1.357e-19,5.378e-18,9.655e-3,9.901e-9,1.219e-11,,2.576e-17,,3.742e-18,5.595e+0,1.438e-17,4.693e-18,1.088e-16,4.200e-3,2.181e-17
355.64,1.474e+3,4.187e-21,3.720e-29,1.745e-44,2.052e-35,8.032e-32,,1.550e-20,1.447e-13,,1.970e-15,6.344e-19,2.408e-26,9.463e-18,3.012e-20,1.784e-19,,5.172e-10,,2.137e-20,7.207e-19,7.239e-26,7.763e-18,1.260e-12,2.747e-26,6.375e-15,1.020e-19,1.240e-2,2.378e-7,1.398e+3,5.736e-20,1.258e-26,1.952e-20,4.415e-23,3.139e+0,1.274e+1,2.670e-10,,,4.231e+1,,,1.191e+1,,7.459e-3,1.357e-19,5.379e-18,1.393e-2,1.557e-8,6.547e-12,,2.580e-17,,3.740e-18,5.520e+0,1.438e-17,4.701e-18,1.087e-16,5.934e-3,2.183e-17
355.67,1.446e+3,4.189e-21,3.729e-29,1.728e-44,2.051e-35,2.733e-32,,1.540e-20,6.417e-14,,1.970e-15,6.363e-19,2.510e-26,9.468e-18,3.016e-20,3.226e-19,,6.647e-10,,2.141e-20,7.212e-19,3.064e-26,7.775e-18,4.771e-13,2.749e-26,1.720e-14,1.021e-19,1.436e-2,3.642e-7,1.371e+3,5.717e-20,1.257e-26,1.954e-20,4.417e-23,2.635e+0,9.029e+0,5.953e-10,,,4.475e+1,,,1.259e+1,,1.267e-2,1.357e-19,5.381e-18,2.387e-2,3.038e-8,2.549e-12,,2.587e-17,,3.737e-18,5.352e+0,1.437e-17,4.714e-18,1.087e-16,9.854e-3,2.186e-17
355.69,1.423e+3,4.190e-21,3.734e-29,1.716e-44,2.051e-35,1.322e-32,,1.534e-20,3.703e-14,,1.971e-15,6.375e-19,2.578e-26,9.472e-18,3.019e-20,4.752e-19,,7.799e-10,,2.143e-20,7.215e-19,1.714e-26,7.784e-18,2.478e-13,2.751e-26,3.309e-14,1.021e-19,1.572e-2,4.803e-7,1.349e+3,5.705e-20,1.257e-26,1.956e-20,4.418e-23,2.327e+0,7.124e+0,1.008e-9,,,4.663e+1,,,1.306e+1,,1.790e-2,1.357e-19,5.382e-18,3.392e-2,4.707e-8,1.349e-12,,2.591e-17,,3.735e-18,5.208e+0,1.436e-17,4.722e-18,1.086e-16,1.372e-2,2.189e-17
355.72,1.384e+3,4.192e-21,3.743e-29,1.699e-44,2.051e-35,4.394e-33,,1.524e-20,1.604e-14,,1.972e-15,6.393e-19,2.679e-26,9.477e-18,3.024e-20,8.400e-19,,9.800e-10,,2.147e-20,7.220e-19,7.091e-27,7.796e-18,9.171e-14,2.753e-26,8.729e-14,1.021e-19,1.781e-2,7.194e-7,1.309e+3,5.685e-20,1.256e-26,1.958e-20,4.419e-23,1.909e+0,4.937e+0,2.198e-9,,,4.984e+1,,,1.377e+1,,2.972e-2,1.357e-19,5.383e-18,5.683e-2,8.977e-8,5.134e-13,,2.598e-17,,3.732e-18,4.951e+0,1.435e-17,4.735e-18,1.086e-16,2.227e-2,2.192e-17
355.74,1.355e+3,4.193e-21,3.748e-29,1.688e-44,2.051e-35,4.380e-33,,1.517e-20,9.117e-15,,1.972e-15,6.405e-19,2.747e-26,9.480e-18,3.027e-20,1.219e-18,,1.133e-9,,2.150e-20,7.223e-19,3.907e-27,7.804e-18,4.691e-14,2.754e-26,1.654e-13,1.021e-19,1.920e-2,9.346e-7,1.279e+3,5.673e-20,1.255e-26,1.959e-20,4.420e-23,1.661e+0,3.837e+0,3.668e-9,,,5.224e+1,,,1.426e+1,,4.136e-2,1.356e-19,5.384e-18,7.956e-2,1.370e-7,2.675e-13,,2.602e-17,,3.729e-18,4.756e+0,1.435e-17,4.743e-18,1.085e-16,3.053e-2,2.194e-17
355.77,1.309e+3,4.195e-21,3.757e-29,1.671e-44,2.051e-35,4.358e-33,,1.507e-20,3.861e-15,,1.973e-15,6.423e-19,2.849e-26,9.485e-18,3.031e-20,2.107e-18,,1.391e-9,,2.153e-20,7.228e-19,1.580e-27,7.816e-18,1.697e-14,2.756e-26,4.268e-13,1.022e-19,2.126e-2,1.369e-6,1.229e+3,5.654e-20,1.254e-26,1.961e-20,4.421e-23,1.332e+0,2.599e+0,7.819e-9,,,5.618e+1,,,1.501e+1,,6.714e-2,1.356e-19,5.386e-18,1.303e-1,2.555e-7,9.949e-14,,2.609e-17,,3.726e-18,4.442e+0,1.434e-17,4.756e-18,1.085e-16,4.846e-2,2.198e-17
355.79,1.276e+3,4.197e-21,3.763e-29,1.659e-44,2.050e-35,4.343e-33,,1.501e-20,2.161e-15,,1.973e-15,6.436e-19,2.917e-26,9.489e-18,3.035e-20,3.011e-18,,1.584e-9,,2.156e-20,7.232e-19,8.571e-28,7.824e-18,8.547e-15,2.757e-26,7.969e-13,1.022e-19,2.259e-2,1.751e-6,1.194e+3,5.641e-20,1.253e-26,1.963e-20,4.422e-23,1.141e+0,1.989e+0,1.285e-8,,,5.901e+1,,,1.551e+1,,9.204e-2,1.356e-19,5.387e-18,1.797e-1,3.842e-7,5.106e-14,,2.613e-17,,3.724e-18,4.222e+0,1.433e-17,4.764e-18,1.084e-16,6.546e-2,2.200e-17
355.82,1.226e+3,4.199e-21,3.771e-29,1.642e-44,2.050e-35,4.321e-33,,1.491e-20,8.943e-16,,1.974e-15,6.454e-19,3.018e-26,9.494e-18,3.039e-20,5.089e-18,,1.902e-9,,2.160e-20,7.237e-19,3.387e-28,7.836e-18,3.021e-15,2.759e-26,2.010e-12,1.022e-19,2.445e-2,2.507e-6,1.139e+3,5.622e-20,1.252e-26,1.965e-20,4.423e-23,8.949e-1,1.317e+0,2.679e-8,,,6.347e+1,,,1.626e+1,,1.461e-1,1.356e-19,5.388e-18,2.879e-1,7.006e-7,1.856e-14,,2.620e-17,,3.721e-18,3.888e+0,1.432e-17,4.777e-18,1.084e-16,1.016e-1,2.203e-17
355.84,1.192e+3,4.200e-21,3.777e-29,1.631e-44,2.050e-35,4.306e-33,,1.484e-20,4.929e-16,,1.975e-15,6.466e-19,3.086e-26,9.497e-18,3.042e-20,7.166e-18,,2.133e-9,,2.162e-20,7.240e-19,1.810e-28,7.845e-18,1.499e-15,2.760e-26,3.698e-12,1.022e-19,2.558e-2,3.161e-6,1.102e+3,5.609e-20,1.252e-26,1.966e-20,4.424e-23,7.552e-1,9.929e-1,4.339e-8,,,6.653e+1,,,1.676e+1,,1.973e-1,1.356e-19,5.389e-18,3.911e-1,1.038e-6,9.380e-15,,2.624e-17,,3.719e-18,3.668e+0,1.432e-17,4.785e-18,1.083e-16,1.352e-1,2.206e-17
355.86,1.158e+3,4.201e-21,3.782e-29,1.619e-44,2.050e-35,4.291e-33,,1.478e-20,2.700e-16,,1.975e-15,6.478e-19,3.154e-26,9.500e-18,3.045e-20,1.003e-17,,2.378e-9,,2.165e-20,7.243e-19,9.612e-29,7.853e-18,7.390e-16,2.762e-26,6.761e-12,1.023e-19,2.661e-2,3.961e-6,1.065e+3,5.596e-20,1.251e-26,1.968e-20,4.425e-23,6.334e-1,7.440e-1,6.985e-8,,,6.962e+1,,,1.724e+1,,2.649e-1,1.355e-19,5.390e-18,5.281e-1,1.528e-6,4.712e-15,,2.628e-17,,3.717e-18,3.456e+0,1.431e-17,4.793e-18,1.083e-16,1.788e-1,2.208e-17
355.89,1.109e+3,4.203e-21,3.791e-29,1.602e-44,2.050e-35,4.269e-33,,1.468e-20,1.082e-16,,1.976e-15,6.497e-19,3.256e-26,9.505e-18,3.050e-20,1.643e-17,,2.767e-9,,2.169e-20,7.248e-19,3.678e-29,7.865e-18,2.530e-16,2.763e-26,1.653e-11,1.023e-19,2.790e-2,5.495e-6,1.011e+3,5.577e-20,1.250e-26,1.970e-20,4.427e-23,4.811e-1,4.771e-1,1.411e-7,,,7.416e+1,,,1.791e+1,,4.073e-1,1.355e-19,5.392e-18,8.196e-1,2.700e-6,1.659e-15,,2.635e-17,,3.714e-18,3.157e+0,1.430e-17,4.806e-18,1.082e-16,2.688e-1,2.211e-17
355.91,1.078e+3,4.205e-21,3.797e-29,1.591e-44,2.049e-35,4.255e-33,,1.461e-20,5.838e-17,,1.976e-15,6.509e-19,3.324e-26,9.509e-18,3.053e-20,2.265e-17,,3.038e-9,,2.171e-20,7.252e-19,1.924e-29,7.873e-18,1.228e-16,2.765e-26,2.977e-11,1.023e-19,2.858e-2,6.783e-6,9.770e+2,5.565e-20,1.249e-26,1.971e-20,4.427e-23,3.974e-1,3.521e-1,2.237e-7,,,7.706e+1,,,1.833e+1,,5.387e-1,1.355e-19,5.392e-18,1.090e+0,3.916e-6,8.205e-16,,2.639e-17,,3.712e-18,2.977e+0,1.430e-17,4.814e-18,1.082e-16,3.502e-1,2.214e-17
355.94,1.036e+3,4.207e-21,3.805e-29,1.574e-44,2.049e-35,4.233e-33,,1.451e-20,2.287e-17,,1.977e-15,6.527e-19,3.425e-26,9.514e-18,3.058e-20,3.626e-17,,3.456e-9,,2.175e-20,7.257e-19,7.195e-30,7.885e-18,4.109e-17,2.767e-26,7.118e-11,1.023e-19,2.931e-2,9.198e-6,9.295e+2,5.546e-20,1.248e-26,1.973e-20,4.429e-23,2.951e-1,2.207e-1,4.418e-7,,,8.107e+1,,,1.887e+1,,8.100e-1,1.355e-19,5.394e-18,1.654e+0,6.765e-6,2.822e-16,,2.646e-17,,3.709e-18,2.740e+0,1.429e-17,4.827e-18,1.081e-16,5.149e-1,2.217e-17
355.96,1.011e+3,4.208e-21,3.811e-29,1.562e-44,2.049e-35,4.218e-33,,1.445e-20,1.215e-17,,1.978e-15,6.539e-19,3.493e-26,9.517e-18,3.061e-20,4.925e-17,,3.738e-9,,2.178e-20,7.260e-19,3.706e-30,7.893e-18,1.965e-17,2.768e-26,1.263e-10,1.024e-19,2.957e-2,1.118e-5,9.014e+2,5.533e-20,1.248e-26,1.975e-20,4.430e-23,2.401e-1,1.605e-1,6.903e-7,,,8.344e+1,,,1.916e+1,,1.055e+0,1.355e-19,5.395e-18,2.168e+0,9.667e-6,1.375e-16,,2.650e-17,,3.707e-18,2.607e+0,1.428e-17,4.835e-18,1.081e-16,6.608e-1,2.219e-17
355.99,9.802e+2,4.210e-21,3.819e-29,1.545e-44,2.049e-35,4.196e-33,,1.435e-20,4.653e-18,,1.978e-15,6.558e-19,3.595e-26,9.522e-18,3.065e-20,7.710e-17,,4.157e-9,,2.182e-20,7.265e-19,1.355e-30,7.905e-18,1.926e-17,2.770e-26,2.953e-10,1.024e-19,2.964e-2,1.483e-5,8.658e+2,5.514e-20,1.247e-26,1.977e-20,4.431e-23,1.743e-1,9.832e-2,1.333e-6,,,8.641e+1,,,1.948e+1,,1.551e+0,1.354e-19,5.396e-18,3.216e+0,1.633e-5,4.623e-17,,2.657e-17,,3.704e-18,2.450e+0,1.427e-17,4.848e-18,1.080e-16,9.499e-1,2.223e-17
356.01,9.648e+2,4.211e-21,3.825e-29,1.534e-44,2.049e-35,4.181e-33,,1.428e-20,2.435e-18,,1.979e-15,6.570e-19,3.663e-26,9.526e-18,3.068e-20,1.032e-16,,4.429e-9,,2.184e-20,7.268e-19,6.873e-31,7.914e-18,1.901e-17,2.771e-26,5.162e-10,1.024e-19,2.946e-2,1.776e-5,8.473e+2,5.501e-20,1.246e-26,1.978e-20,4.432e-23,1.397e-1,7.040e-2,2.052e-6,,,8.792e+1,,,1.961e+1,,1.991e+0,1.354e-19,5.397e-18,4.151e+0,2.299e-5,2.218e-17,,2.661e-17,,3.702e-18,2.374e+0,1.427e-17,4.856e-18,1.080e-16,1.201e+0,2.225e-17
356.04,9.509e+2,4.213e-21,3.833e-29,1.517e-44,2.048e-35,4.159e-33,,1.418e-20,9.110e-19,,1.980e-15,6.588e-19,3.765e-26,9.531e-18,3.073e-20,1.579e-16,,4.815e-9,,2.188e-20,7.273e-19,2.455e-31,7.926e-18,1.862e-17,2.773e-26,1.180e-9,1.024e-19,2.887e-2,2.303e-5,8.288e+2,5.482e-20,1.245e-26,1.980e-20,4.433e-23,9.909e-2,4.216e-2,3.874e-6,,,8.941e+1,,,1.966e+1,,2.861e+0,1.354e-19,5.399e-18,6.021e+0,3.796e-5,2.206e-17,,2.667e-17,,3.699e-18,2.304e+0,1.426e-17,4.869e-18,1.079e-16,1.688e+0,2.228e-17
356.06,9.485e+2,4.215e-21,7.949e-29,1.505e-44,2.048e-35,4.145e-33,,1.412e-20,4.695e-19,,1.980e-15,6.600e-19,3.832e-26,9.534e-18,3.076e-20,2.081e-16,,5.053e-9,,2.191e-20,7.277e-19,1.227e-31,7.934e-18,1.837e-17,2.774e-26,2.033e-9,1.025e-19,2.826e-2,2.717e-5,8.232e+2,5.469e-20,1.244e-26,1.981e-20,4.434e-23,7.822e-2,2.973e-2,5.874e-6,,,8.983e+1,,,1.959e+1,,3.617e+0,1.354e-19,5.400e-18,7.656e+0,5.264e-5,2.198e-17,,2.672e-17,,3.697e-18,2.286e+0,1.425e-17,4.877e-18,1.079e-16,2.102e+0,2.230e-17
356.09,9.563e+2,4.217e-21,2.347e-28,1.488e-44,2.048e-35,4.122e-33,,1.402e-20,1.717e-19,,1.981e-15,6.618e-19,3.934e-26,9.539e-18,3.081e-20,3.115e-16,,5.372e-9,,2.194e-20,7.282e-19,4.282e-32,7.946e-18,1.798e-17,2.776e-26,4.543e-9,1.025e-19,2.707e-2,3.443e-5,8.261e+2,5.450e-20,1.243e-26,1.984e-20,4.436e-23,5.425e-2,1.741e-2,1.084e-5,,,8.956e+1,,,1.932e+1,,5.083e+0,1.353e-19,5.401e-18,1.086e+1,8.500e-5,2.186e-17,,2.678e-17,,3.694e-18,2.300e+0,1.424e-17,4.890e-18,1.078e-16,2.888e+0,2.234e-17
356.11,9.697e+2,4.218e-21,4.796e-28,1.477e-44,2.048e-35,4.108e-33,,1.395e-20,8.714e-20,,1.981e-15,6.631e-19,4.002e-26,9.542e-18,3.084e-20,4.044e-16,,5.553e-9,,2.197e-20,7.285e-19,2.107e-32,7.954e-18,1.772e-17,2.778e-26,7.709e-9,1.025e-19,2.611e-2,4.002e-5,8.360e+2,5.437e-20,1.243e-26,1.985e-20,4.437e-23,4.218e-2,1.209e-2,1.620e-5,,,8.878e+1,,,1.904e+1,,6.330e+0,1.353e-19,5.402e-18,1.360e+1,1.161e-4,2.178e-17,,2.683e-17,,3.692e-18,2.335e+0,1.424e-17,4.898e-18,1.078e-16,3.543e+0,2.236e-17
356.14,1.003e+3,4.220e-21,1.385e-27,1.459e-44,2.048e-35,4.086e-33,,1.386e-20,3.115e-20,,1.982e-15,6.649e-19,4.104e-26,9.547e-18,3.088e-20,5.917e-16,,5.770e-9,,2.201e-20,7.290e-19,7.190e-33,7.966e-18,1.734e-17,2.780e-26,1.685e-8,1.025e-19,2.445e-2,4.959e-5,8.634e+2,5.418e-20,1.241e-26,1.987e-20,4.438e-23,2.859e-2,6.919e-3,2.924e-5,,,8.670e+1,,,1.848e+1,,8.698e+0,1.353e-19,5.404e-18,1.886e+1,1.833e-4,2.166e-17,,2.689e-17,,3.689e-18,2.421e+0,1.423e-17,4.911e-18,1.077e-16,4.760e+0,2.240e-17
356.16,1.035e+3,4.221e-21,2.788e-27,1.448e-44,2.047e-35,4.071e-33,,1.379e-20,1.557e-20,,1.983e-15,6.661e-19,4.172e-26,9.551e-18,3.091e-20,7.569e-16,,5.876e-9,,2.203e-20,7.294e-19,3.484e-33,7.975e-18,1.708e-17,2.781e-26,2.817e-8,1.026e-19,2.323e-2,5.678e-5,8.901e+2,5.406e-20,1.241e-26,1.988e-20,4.439e-23,2.190e-2,4.733e-3,4.303e-5,,,8.473e+1,,,1.802e+1,,1.067e+1,1.353e-19,5.405e-18,2.327e+1,2.467e-4,2.158e-17,,2.694e-17,,3.687e-18,2.498e+0,1.422e-17,4.919e-18,1.077e-16,5.753e+0,2.242e-17
356.19,1.097e+3,4.223e-21,7.874e-27,1.431e-44,2.047e-35,4.049e-33,,1.369e-20,5.438e-21,,1.983e-15,6.679e-19,4.273e-26,9.556e-18,3.096e-20,1.083e-15,,5.969e-9,,2.207e-20,7.299e-19,1.162e-33,7.987e-18,1.670e-17,2.783e-26,6.020e-8,1.026e-19,2.126e-2,6.879e-5,9.430e+2,5.386e-20,1.240e-26,1.991e-20,4.440e-23,1.451e-2,2.647e-3,7.595e-5,,,8.099e+1,,,1.721e+1,,1.433e+1,1.353e-19,5.406e-18,3.154e+1,3.809e-4,2.146e-17,,2.700e-17,,3.684e-18,2.638e+0,1.422e-17,4.932e-18,1.076e-16,7.557e+0,2.245e-17
356.21,1.149e+3,4.224e-21,1.561e-26,1.419e-44,2.047e-35,4.034e-33,,1.362e-20,2.677e-21,,1.984e-15,1.429e-18,4.341e-26,9.559e-18,3.099e-20,1.364e-15,,5.987e-9,,2.210e-20,7.302e-19,1.161e-33,7.995e-18,1.644e-17,2.784e-26,9.915e-8,1.026e-19,1.990e-2,7.759e-5,9.866e+2,5.374e-20,1.239e-26,1.992e-20,4.441e-23,1.095e-2,1.784e-3,1.101e-4,,,7.802e+1,,,1.661e+1,,1.732e+1,1.352e-19,5.407e-18,3.835e+1,5.049e-4,2.138e-17,,2.704e-17,,3.682e-18,2.744e+0,1.421e-17,4.940e-18,1.075e-16,8.996e+0,2.247e-17
356.23,1.208e+3,4.226e-21,3.078e-26,1.408e-44,2.047e-35,4.020e-33,,1.356e-20,1.310e-21,,1.984e-15,3.277e-18,4.409e-26,9.562e-18,3.102e-20,1.709e-15,,5.969e-9,,2.212e-20,7.305e-19,1.161e-33,8.003e-18,1.618e-17,2.785e-26,1.623e-7,1.026e-19,1.851e-2,8.698e-5,1.037e+3,5.361e-20,1.238e-26,1.993e-20,4.442e-23,8.208e-3,1.195e-3,1.586e-4,,,7.472e+1,,,1.598e+1,,2.081e+1,1.352e-19,5.408e-18,4.634e+1,6.654e-4,2.130e-17,,2.709e-17,,3.680e-18,2.858e+0,1.420e-17,4.949e-18,1.075e-16,1.064e+1,2.250e-17
356.26,1.311e+3,4.228e-21,8.426e-26,1.391e-44,2.047e-35,3.998e-33,,1.346e-20,4.431e-22,,1.985e-15,9.929e-18,4.511e-26,9.568e-18,3.107e-20,2.369e-15,,5.876e-9,,2.216e-20,7.310e-19,1.160e-33,8.015e-18,1.580e-17,2.787e-26,3.362e-7,1.027e-19,1.641e-2,1.021e-4,1.123e+3,5.342e-20,1.237e-26,1.995e-20,4.443e-23,5.269e-3,6.472e-4,2.714e-4,,,6.927e+1,,,1.500e+1,,2.708e+1,1.352e-19,5.410e-18,6.086e+1,9.953e-4,2.118e-17,,2.715e-17,,3.677e-18,3.037e+0,1.420e-17,4.961e-18,1.074e-16,1.355e+1,2.253e-17
356.28,1.390e+3,4.229e-21,1.637e-25,1.380e-44,2.046e-35,3.983e-33,,1.339e-20,2.135e-22,,1.986e-15,2.026e-17,4.578e-26,9.571e-18,3.110e-20,2.923e-15,,5.770e-9,,2.219e-20,7.314e-19,1.159e-33,8.023e-18,1.554e-17,2.789e-26,5.422e-7,1.027e-19,1.504e-2,1.128e-4,1.187e+3,5.329e-20,1.237e-26,1.997e-20,4.444e-23,3.892e-3,4.269e-4,3.852e-4,,,6.537e+1,,,1.433e+1,,3.205e+1,1.352e-19,5.411e-18,7.245e+1,1.292e-3,2.110e-17,,2.720e-17,,3.675e-18,3.160e+0,1.419e-17,4.970e-18,1.074e-16,1.579e+1,2.255e-17
356.31,1.521e+3,4.231e-21,4.381e-25,1.362e-44,2.046e-35,3.961e-33,,1.330e-20,7.059e-23,,1.986e-15,5.840e-17,4.680e-26,9.576e-18,3.114e-20,3.961e-15,,5.553e-9,,2.223e-20,7.319e-19,1.159e-33,8.036e-18,1.516e-17,2.790e-26,1.098e-6,1.027e-19,1.304e-2,1.294e-4,1.292e+3,5.310e-20,1.236e-26,1.999e-20,4.446e-23,2.444e-3,2.261e-4,6.443e-4,,,5.926e+1,,,1.337e+1,,4.079e+1,1.352e-19,5.412e-18,9.304e+1,1.890e-3,2.098e-17,,2.726e-17,,3.672e-18,3.345e+0,1.418e-17,4.982e-18,1.073e-16,1.965e+1,2.259e-17
356.33,1.617e+3,4.232e-21,8.383e-25,1.351e-44,2.046e-35,3.946e-33,,1.323e-20,3.350e-23,,1.987e-15,1.174e-16,4.748e-26,9.579e-18,3.117e-20,4.815e-15,,5.372e-9,,2.225e-20,7.322e-19,1.158e-33,8.044e-18,1.490e-17,2.792e-26,1.745e-6,1.027e-19,1.177e-2,1.408e-4,1.367e+3,5.297e-20,1.235e-26,2.000e-20,4.446e-23,1.780e-3,1.469e-4,9.010e-4,,,5.510e+1,,,1.276e+1,,4.754e+1,1.351e-19,5.413e-18,1.091e+2,2.417e-3,2.090e-17,,2.731e-17,,3.670e-18,3.465e+0,1.417e-17,4.991e-18,1.073e-16,2.257e+1,2.261e-17
356.36,1.773e+3,4.234e-21,2.195e-24,1.334e-44,2.046e-35,3.924e-33,,1.313e-20,3.371e-23,,1.988e-15,3.310e-16,4.850e-26,9.584e-18,3.122e-20,6.381e-15,,5.053e-9,,2.229e-20,7.327e-19,1.157e-33,8.056e-18,1.451e-17,2.794e-26,3.456e-6,1.028e-19,9.974e-3,1.579e-4,1.485e+3,5.278e-20,1.234e-26,2.002e-20,4.448e-23,1.096e-3,7.603e-5,1.473e-3,,,4.885e+1,,,1.194e+1,,5.916e+1,1.351e-19,5.415e-18,1.370e+2,3.456e-3,2.078e-17,,2.737e-17,,3.667e-18,3.638e+0,1.417e-17,5.003e-18,1.072e-16,2.746e+1,2.264e-17
356.38,1.884e+3,4.236e-21,4.137e-24,1.322e-44,2.046e-35,3.909e-33,,1.307e-20,3.385e-23,,1.988e-15,6.557e-16,4.918e-26,9.588e-18,3.125e-20,7.640e-15,,4.815e-9,,2.232e-20,7.330e-19,1.157e-33,8.064e-18,1.426e-17,2.795e-26,5.410e-6,1.028e-19,8.867e-3,1.693e-4,1.567e+3,5.266e-20,1.233e-26,2.004e-20,4.449e-23,7.908e-4,4.865e-5,2.030e-3,,,4.474e+1,,,1.147e+1,,6.792e+1,1.351e-19,5.416e-18,1.582e+2,4.354e-3,2.070e-17,,2.741e-17,,3.665e-18,3.746e+0,1.416e-17,5.012e-18,1.072e-16,3.106e+1,2.267e-17
356.41,2.061e+3,4.238e-21,1.059e-23,1.305e-44,2.045e-35,3.887e-33,,1.297e-20,3.406e-23,,1.989e-15,1.808e-15,5.019e-26,9.593e-18,3.130e-20,9.898e-15,,4.429e-9,,2.236e-20,7.335e-19,1.156e-33,8.076e-18,1.387e-17,2.797e-26,1.048e-5,1.028e-19,7.349e-3,1.857e-4,1.694e+3,5.247e-20,1.232e-26,2.006e-20,4.450e-23,4.859e-4,2.462e-5,3.246e-3,,,3.879e+1,,,1.090e+1,,8.264e+1,1.351e-19,5.417e-18,1.942e+2,6.087e-3,2.058e-17,,2.748e-17,,3.662e-18,3.897e+0,1.415e-17,5.024e-18,1.071e-16,3.694e+1,2.270e-17
356.43,2.184e+3,4.239e-21,1.967e-23,1.294e-44,2.045e-35,3.873e-33,,1.290e-20,3.420e-23,,1.989e-15,3.529e-15,5.087e-26,9.596e-18,3.133e-20,1.168e-14,,4.157e-9,,2.238e-20,7.339e-19,1.156e-33,8.084e-18,1.361e-17,2.798e-26,1.616e-5,1.028e-19,6.436e-3,1.960e-4,1.779e+3,5.234e-20,1.232e-26,2.007e-20,4.451e-23,3.559e-4,1.551e-5,4.405e-3,,,3.500e+1,,,1.062e+1,,9.347e+1,1.351e-19,5.418e-18,2.210e+2,7.555e-3,2.050e-17,,2.752e-17,,3.660e-18,3.989e+0,1.415e-17,5.033e-18,1.071e-16,4.116e+1,2.272e-17
356.46,2.377e+3,4.241e-21,4.925e-23,1.277e-44,2.045e-35,3.851e-33,,1.280e-20,3.441e-23,,1.990e-15,9.519e-15,5.189e-26,9.601e-18,3.137e-20,1.479e-14,,3.738e-9,,2.242e-20,7.344e-19,1.155e-33,8.097e-18,1.323e-17,2.800e-26,3.060e-5,1.029e-19,5.218e-3,2.102e-4,1.908e+3,5.215e-20,1.231e-26,2.009e-20,4.452e-23,2.370e-4,7.674e-6,6.888e-3,,,2.966e+1,,,1.038e+1,,1.112e+2,1.350e-19,5.420e-18,2.653e+2,1.033e-2,2.038e-17,,2.759e-17,,3.657e-18,4.114e+0,1.414e-17,5.045e-18,1.070e-16,4.787e+1,2.276e-17
356.48,2.509e+3,4.242e-21,9.013e-23,1.265e-44,2.045e-35,3.836e-33,,1.274e-20,3.456e-23,,1.991e-15,1.831e-14,5.257e-26,9.604e-18,3.140e-20,1.719e-14,,3.456e-9,,2.245e-20,7.347e-19,1.154e-33,8.105e-18,1.297e-17,2.801e-26,4.648e-5,1.029e-19,4.504e-3,2.186e-4,1.995e+3,5.202e-20,1.230e-26,2.011e-20,4.453e-23,1.956e-4,4.763e-6,9.209e-3,,,2.637e+1,,,1.033e+1,,1.239e+2,1.350e-19,5.421e-18,2.974e+2,1.263e-2,2.030e-17,,2.763e-17,,3.655e-18,4.187e+0,1.413e-17,5.054e-18,1.070e-16,5.255e+1,2.278e-17
356.51,2.714e+3,4.244e-21,2.207e-22,1.248e-44,2.045e-35,3.814e-33,,1.264e-20,3.477e-23,,1.991e-15,4.829e-14,5.359e-26,9.610e-18,3.145e-20,2.129e-14,,3.038e-9,,2.248e-20,7.352e-19,1.154e-33,8.117e-18,1.259e-17,2.803e-26,8.608e-5,1.029e-19,3.577e-3,2.292e-4,2.124e+3,5.183e-20,1.229e-26,2.013e-20,4.455e-23,1.778e-4,2.303e-6,1.408e-2,,,2.185e+1,,,1.045e+1,,1.441e+2,1.350e-19,5.422e-18,3.490e+2,1.688e-2,2.018e-17,,2.770e-17,,3.652e-18,4.284e+0,1.412e-17,5.066e-18,1.069e-16,5.975e+1,2.281e-17
356.53,2.852e+3,4.246e-21,3.978e-22,1.237e-44,2.044e-35,3.799e-33,,1.257e-20,3.491e-23,,1.992e-15,9.152e-14,5.426e-26,9.613e-18,3.148e-20,2.436e-14,,2.767e-9,,2.251e-20,7.355e-19,1.153e-33,8.125e-18,1.233e-17,2.805e-26,1.288e-4,1.029e-19,3.049e-3,2.348e-4,2.210e+3,5.170e-20,1.228e-26,2.014e-20,4.456e-23,1.924e-4,1.409e-6,1.854e-2,,,1.913e+1,,,1.064e+1,,1.581e+2,1.350e-19,5.423e-18,3.853e+2,2.033e-2,2.010e-17,,2.774e-17,,3.649e-18,4.339e+0,1.412e-17,5.075e-18,1.069e-16,6.461e+1,2.284e-17
356.56,3.064e+3,4.248e-21,9.525e-22,1.220e-44,2.044e-35,3.777e-33,,1.247e-20,3.512e-23,,1.993e-15,2.361e-13,5.528e-26,9.618e-18,3.153e-20,2.950e-14,,2.378e-9,,2.255e-20,7.360e-19,1.152e-33,8.137e-18,1.194e-17,2.806e-26,2.333e-4,1.030e-19,2.385e-3,2.407e-4,2.339e+3,5.151e-20,1.227e-26,2.016e-20,4.457e-23,2.547e-4,6.671e-7,2.772e-2,,,1.550e+1,,,1.110e+1,,1.798e+2,1.349e-19,5.425e-18,4.421e+2,2.657e-2,1.998e-17,,2.781e-17,,3.646e-18,4.411e+0,1.411e-17,5.087e-18,1.068e-16,7.183e+1,2.287e-17
356.58,3.206e+3,4.249e-21,1.692e-21,1.208e-44,2.044e-35,3.762e-33,,1.241e-20,3.526e-23,,1.993e-15,4.409e-13,5.596e-26,9.621e-18,3.156e-20,3.327e-14,,2.133e-9,,2.257e-20,7.364e-19,1.152e-33,8.145e-18,1.169e-17,2.808e-26,3.440e-4,1.030e-19,2.023e-3,2.428e-4,2.425e+3,5.138e-20,1.227e-26,2.018e-20,4.458e-23,3.273e-4,4.037e-7,3.597e-2,,,1.337e+1,,,1.150e+1,,1.944e+2,1.349e-19,5.426e-18,4.809e+2,3.152e-2,1.990e-17,,2.785e-17,,3.644e-18,4.450e+0,1.410e-17,5.096e-18,1.068e-16,7.651e+1,2.289e-17
356.6,3.348e+3,4.250e-21,2.988e-21,1.197e-44,2.044e-35,3.748e-33,,1.234e-20,3.540e-23,,1.994e-15,8.184e-13,5.664e-26,9.625e-18,3.159e-20,3.729e-14,,1.902e-9,,2.260e-20,7.367e-19,1.151e-33,8.153e-18,1.143e-17,2.809e-26,5.042e-4,1.030e-19,1.721e-3,2.436e-4,2.510e+3,5.126e-20,1.226e-26,2.019e-20,4.459e-23,4.304e-4,2.451e-7,4.640e-2,,,1.147e+1,,,1.197e+1,,2.090e+2,1.349e-19,5.427e-18,5.200e+2,3.718e-2,1.982e-17,,2.789e-17,,3.642e-18,4.484e+0,1.410e-17,5.104e-18,1.067e-16,8.101e+1,2.292e-17
356.63,3.562e+3,4.252e-21,6.933e-21,1.180e-44,2.044e-35,3.726e-33,,1.224e-20,3.561e-23,,1.994e-15,2.047e-12,5.765e-26,9.630e-18,3.163e-20,4.375e-14,,1.584e-9,,2.264e-20,7.372e-19,1.150e-33,8.166e-18,1.105e-17,2.811e-26,8.849e-4,1.030e-19,1.376e-3,2.419e-4,2.640e+3,5.107e-20,1.225e-26,2.021e-20,4.460e-23,6.591e-4,1.218e-7,6.721e-2,,,9.003e+0,,,1.278e+1,,2.302e+2,1.349e-19,5.428e-18,5.781e+2,4.708e-2,1.970e-17,,2.796e-17,,3.639e-18,4.524e+0,1.409e-17,5.117e-18,1.067e-16,8.726e+1,2.295e-17
356.65,3.702e+3,4.254e-21,1.206e-20,1.168e-44,2.043e-35,3.711e-33,,1.218e-20,3.576e-23,,1.995e-15,3.744e-12,5.833e-26,9.633e-18,3.167e-20,4.831e-14,,1.391e-9,,2.266e-20,7.375e-19,1.150e-33,8.174e-18,1.079e-17,2.812e-26,1.278e-3,1.030e-19,1.218e-3,2.390e-4,2.726e+3,5.094e-20,1.224e-26,2.022e-20,4.461e-23,8.761e-4,8.540e-8,8.540e-2,,,7.607e+0,,,1.338e+1,,2.438e+2,1.349e-19,5.429e-18,6.157e+2,5.470e-2,1.962e-17,,2.800e-17,,3.637e-18,4.544e+0,1.408e-17,5.125e-18,1.066e-16,9.102e+1,2.297e-17
356.68,3.909e+3,4.256e-21,2.737e-20,1.151e-44,2.043e-35,3.689e-33,,1.208e-20,3.597e-23,,1.996e-15,9.160e-12,5.935e-26,9.638e-18,3.171e-20,5.543e-14,,1.133e-9,,2.270e-20,7.380e-19,1.149e-33,8.186e-18,1.040e-17,2.814e-26,2.193e-3,1.031e-19,1.093e-3,2.321e-4,2.857e+3,5.075e-20,1.223e-26,2.025e-20,4.462e-23,1.334e-3,7.490e-8,1.210e-1,,,5.845e+0,,,1.431e+1,,2.626e+2,1.348e-19,5.431e-18,6.692e+2,6.773e-2,1.950e-17,,2.807e-17,,3.634e-18,4.564e+0,1.407e-17,5.138e-18,1.066e-16,9.586e+1,2.301e-17
356.7,4.043e+3,4.257e-21,4.691e-20,1.140e-44,2.043e-35,3.674e-33,,1.201e-20,3.611e-23,,1.996e-15,1.651e-11,6.003e-26,9.641e-18,3.174e-20,6.029e-14,,9.800e-10,,2.273e-20,7.384e-19,1.149e-33,8.194e-18,1.015e-17,2.815e-26,3.119e-3,1.031e-19,1.091e-3,2.259e-4,2.944e+3,5.062e-20,1.223e-26,2.026e-20,4.463e-23,1.755e-3,9.441e-8,1.514e-1,,,4.871e+0,,,1.494e+1,,2.739e+2,1.348e-19,5.432e-18,7.022e+2,7.752e-2,1.942e-17,,2.811e-17,,3.632e-18,4.570e+0,1.407e-17,5.146e-18,1.065e-16,9.849e+1,2.303e-17
356.73,4.235e+3,4.259e-21,1.041e-19,1.123e-44,2.043e-35,3.652e-33,,1.191e-20,3.632e-23,,1.997e-15,3.951e-11,6.105e-26,9.646e-18,3.179e-20,6.762e-14,,7.799e-10,,2.277e-20,7.389e-19,1.148e-33,8.206e-18,9.761e-18,2.817e-26,5.234e-3,1.031e-19,1.232e-3,2.145e-4,3.074e+3,5.043e-20,1.222e-26,2.028e-20,4.465e-23,2.621e-3,1.758e-7,2.097e-1,,,3.672e+0,,,1.586e+1,,2.884e+2,1.348e-19,5.433e-18,7.463e+2,9.386e-2,1.930e-17,,2.818e-17,,3.629e-18,4.568e+0,1.406e-17,5.159e-18,1.065e-16,1.014e+2,2.306e-17
356.75,4.355e+3,4.260e-21,1.758e-19,1.111e-44,2.043e-35,3.638e-33,,1.185e-20,3.646e-23,,1.997e-15,7.016e-11,6.172e-26,9.650e-18,3.182e-20,7.246e-14,,6.647e-10,,2.279e-20,7.392e-19,1.147e-33,8.214e-18,9.504e-18,2.819e-26,7.336e-3,1.031e-19,1.443e-3,2.057e-4,3.160e+3,5.030e-20,1.221e-26,2.029e-20,4.466e-23,3.400e-3,2.845e-7,2.586e-1,,,3.026e+0,,,1.644e+1,,2.963e+2,1.348e-19,5.434e-18,7.713e+2,1.058e-1,1.922e-17,,2.822e-17,,3.627e-18,4.559e+0,1.405e-17,5.167e-18,1.064e-16,1.026e+2,2.309e-17
356.78,4.520e+3,4.262e-21,3.816e-19,1.094e-44,2.042e-35,3.616e-33,,1.175e-20,3.667e-23,,1.998e-15,1.642e-10,6.274e-26,9.655e-18,3.186e-20,7.947e-14,,5.172e-10,,2.283e-20,7.397e-19,1.147e-33,8.227e-18,9.119e-18,2.821e-26,1.204e-2,1.032e-19,1.986e-3,1.909e-4,3.285e+3,5.011e-20,1.220e-26,2.031e-20,4.467e-23,4.967e-3,5.967e-7,3.502e-1,,,2.257e+0,,,1.721e+1,,3.052e+2,1.348e-19,5.436e-18,8.014e+2,1.253e-1,1.910e-17,,2.829e-17,,3.624e-18,4.532e+0,1.404e-17,5.180e-18,1.064e-16,1.033e+2,2.312e-17
356.8,4.618e+3,4.264e-21,6.348e-19,1.083e-44,2.042e-35,3.601e-33,,1.168e-20,3.681e-23,,1.999e-15,2.873e-10,6.342e-26,9.658e-18,3.190e-20,8.388e-14,,4.342e-10,,2.286e-20,7.401e-19,1.146e-33,8.235e-18,8.862e-18,2.822e-26,1.662e-2,1.032e-19,2.544e-3,1.803e-4,3.366e+3,4.998e-20,1.219e-26,2.033e-20,4.468e-23,6.347e-3,9.762e-7,4.255e-1,,,1.859e+0,,,1.764e+1,,3.088e+2,1.347e-19,5.437e-18,8.160e+2,1.391e-1,1.902e-17,,2.833e-17,,3.622e-18,4.505e+0,1.404e-17,5.188e-18,1.063e-16,1.030e+2,2.314e-17
356.83,4.744e+3,4.266e-21,1.347e-18,1.066e-44,2.042e-35,3.579e-33,,1.158e-20,3.703e-23,,1.999e-15,6.577e-10,6.444e-26,9.663e-18,3.194e-20,8.994e-14,,3.302e-10,,2.290e-20,7.406e-19,1.145e-33,8.247e-18,8.477e-18,2.824e-26,2.666e-2,1.032e-19,3.779e-3,1.636e-4,3.478e+3,4.979e-20,1.218e-26,2.035e-20,4.469e-23,9.068e-3,2.025e-6,5.634e-1,,,1.408e+0,,,1.814e+1,,3.109e+2,1.347e-19,5.438e-18,8.290e+2,1.610e-1,1.890e-17,,2.839e-17,,3.619e-18,4.450e+0,1.403e-17,5.201e-18,1.063e-16,1.014e+2,2.318e-17
356.85,4.811e+3,4.267e-21,2.209e-18,1.054e-44,2.042e-35,3.564e-33,,1.152e-20,3.717e-23,,2.000e-15,1.134e-9,6.512e-26,9.667e-18,3.197e-20,9.352e-14,,2.731e-10,,2.292e-20,7.409e-19,1.145e-33,8.255e-18,8.220e-18,2.825e-26,3.627e-2,1.032e-19,4.949e-3,1.522e-4,3.545e+3,4.967e-20,1.218e-26,2.036e-20,4.470e-23,1.142e-2,3.270e-6,6.742e-1,,,1.194e+0,,,1.837e+1,,3.100e+2,1.347e-19,5.439e-18,8.315e+2,1.762e-1,1.882e-17,,2.844e-17,,3.617e-18,4.403e+0,1.402e-17,5.209e-18,1.062e-16,9.960e+1,2.320e-17
356.88,4.885e+3,4.269e-21,4.584e-18,1.037e-44,2.042e-35,3.542e-33,,1.142e-20,3.738e-23,,2.001e-15,2.539e-9,6.613e-26,9.672e-18,3.202e-20,9.805e-14,,2.031e-10,,2.296e-20,7.414e-19,1.144e-33,8.267e-18,7.835e-18,2.827e-26,5.690e-2,1.033e-19,7.410e-3,1.351e-4,3.633e+3,4.948e-20,1.217e-26,2.038e-20,4.471e-23,1.595e-2,6.636e-6,8.729e-1,,,9.847e-1,,,1.852e+1,,3.052e+2,1.347e-19,5.440e-18,8.259e+2,1.994e-1,1.870e-17,,2.850e-17,,3.614e-18,4.317e+0,1.401e-17,5.222e-18,1.061e-16,9.586e+1,2.323e-17
356.9,4.914e+3,4.270e-21,7.404e-18,1.026e-44,2.041e-35,3.527e-33,,1.135e-20,3.752e-23,,2.001e-15,4.314e-9,6.681e-26,9.675e-18,3.205e-20,1.004e-13,,1.654e-10,,2.299e-20,7.417e-19,1.143e-33,8.275e-18,7.578e-18,2.828e-26,7.626e-2,1.033e-19,9.661e-3,1.238e-4,3.680e+3,4.935e-20,1.216e-26,2.040e-20,4.472e-23,1.978e-2,1.056e-5,1.029e+0,,,9.137e-1,,,1.849e+1,,2.997e+2,1.347e-19,5.441e-18,8.160e+2,2.149e-1,1.862e-17,,2.855e-17,,3.612e-18,4.250e+0,1.401e-17,5.230e-18,1.061e-16,9.274e+1,2.325e-17
356.93,4.924e+3,4.272e-21,1.503e-17,1.009e-44,2.041e-35,3.505e-33,,1.126e-20,3.773e-23,,2.002e-15,9.449e-9,6.783e-26,9.680e-18,3.209e-20,1.030e-13,,1.203e-10,,2.302e-20,7.422e-19,1.143e-33,8.288e-18,7.193e-18,2.830e-26,1.170e-1,1.033e-19,1.426e-2,1.074e-4,3.731e+3,4.916e-20,1.215e-26,2.042e-20,4.474e-23,2.703e-2,2.096e-5,1.303e+0,,,9.041e-1,,,1.825e+1,,2.884e+2,1.346e-19,5.443e-18,7.925e+2,2.378e-1,1.850e-17,,2.861e-17,,3.609e-18,4.133e+0,1.400e-17,5.243e-18,1.060e-16,8.726e+1,2.329e-17
356.95,4.908e+3,4.274e-21,2.391e-17,9.971e-45,2.041e-35,3.491e-33,,1.119e-20,3.787e-23,,2.002e-15,1.582e-8,6.851e-26,9.683e-18,3.213e-20,1.039e-13,,9.651e-11,,2.305e-20,7.426e-19,1.142e-33,8.296e-18,6.936e-18,2.832e-26,1.544e-1,1.033e-19,1.837e-2,9.694e-5,3.749e+3,4.903e-20,1.214e-26,2.043e-20,4.475e-23,3.302e-2,3.286e-5,1.513e+0,,,9.616e-1,,,1.796e+1,,2.791e+2,1.346e-19,5.444e-18,7.713e+2,2.526e-1,1.842e-17,,2.866e-17,,3.607e-18,4.047e+0,1.399e-17,5.251e-18,1.060e-16,8.317e+1,2.331e-17
356.97,4.873e+3,4.275e-21,3.783e-17,9.857e-45,2.041e-35,3.476e-33,,1.112e-20,3.801e-23,,2.003e-15,2.633e-8,6.919e-26,9.687e-18,3.216e-20,1.042e-13,,7.698e-11,,2.308e-20,7.429e-19,1.142e-33,8.304e-18,6.679e-18,2.833e-26,2.027e-1,1.034e-19,2.353e-2,8.698e-5,3.755e+3,4.890e-20,1.213e-26,2.045e-20,4.475e-23,4.011e-2,5.121e-5,1.747e+0,,,1.072e+0,,,1.758e+1,,2.684e+2,1.346e-19,5.445e-18,7.463e+2,2.666e-1,1.834e-17,,2.870e-17,,3.605e-18,3.953e+0,1.399e-17,5.260e-18,1.060e-16,7.879e+1,2.333e-17
357,4.786e+3,4.277e-21,7.442e-17,9.686e-45,2.041e-35,3.454e-33,,1.102e-20,3.823e-23,,2.004e-15,5.590e-8,7.020e-26,9.692e-18,3.220e-20,1.035e-13,,5.422e-11,,2.311e-20,7.434e-19,1.141e-33,8.316e-18,6.294e-18,2.835e-26,3.014e-1,1.034e-19,3.374e-2,7.311e-5,3.736e+3,4.871e-20,1.212e-26,2.047e-20,4.477e-23,5.310e-2,9.852e-5,2.144e+0,,,1.344e+0,,,1.683e+1,,2.503e+2,1.346e-19,5.446e-18,7.022e+2,2.858e-1,1.822e-17,,2.876e-17,,3.602e-18,3.803e+0,1.398e-17,5.272e-18,1.059e-16,7.183e+1,2.337e-17
357.02,4.704e+3,4.278e-21,1.160e-16,9.571e-45,2.040e-35,3.439e-33,,1.096e-20,3.837e-23,,2.004e-15,9.167e-8,7.088e-26,9.695e-18,3.223e-20,1.023e-13,,4.260e-11,,2.314e-20,7.437e-19,1.140e-33,8.324e-18,6.037e-18,2.836e-26,3.896e-1,1.034e-19,4.259e-2,6.463e-5,3.706e+3,4.858e-20,1.212e-26,2.048e-20,4.478e-23,6.354e-2,1.513e-4,2.438e+0,,,1.603e+0,,,1.623e+1,,2.371e+2,1.346e-19,5.447e-18,6.692e+2,2.972e-1,1.814e-17,,2.881e-17,,3.600e-18,3.696e+0,1.397e-17,5.281e-18,1.059e-16,6.703e+1,2.339e-17
357.05,4.548e+3,4.280e-21,2.231e-16,9.400e-45,2.040e-35,3.417e-33,,1.086e-20,3.858e-23,,2.005e-15,1.904e-7,7.190e-26,9.700e-18,3.228e-20,9.931e-14,,2.933e-11,,2.318e-20,7.442e-19,1.140e-33,8.336e-18,5.652e-18,2.838e-26,5.664e-1,1.034e-19,5.973e-2,5.311e-5,3.632e+3,4.839e-20,1.211e-26,2.050e-20,4.479e-23,8.225e-2,2.846e-4,2.925e+0,,,2.127e+0,,,1.520e+1,,2.162e+2,1.345e-19,5.449e-18,6.157e+2,3.116e-1,1.802e-17,,2.887e-17,,3.597e-18,3.532e+0,1.397e-17,5.293e-18,1.058e-16,5.975e+1,2.342e-17
357.07,4.424e+3,4.281e-21,3.426e-16,9.286e-45,2.040e-35,3.402e-33,,1.079e-20,3.872e-23,,2.005e-15,3.077e-7,7.258e-26,9.704e-18,3.231e-20,9.667e-14,,2.270e-11,,2.320e-20,7.446e-19,1.139e-33,8.344e-18,5.395e-18,2.839e-26,7.215e-1,1.035e-19,7.429e-2,4.624e-5,3.564e+3,4.827e-20,1.210e-26,2.052e-20,4.480e-23,9.696e-2,4.305e-4,3.277e+0,,,2.579e+0,,,1.444e+1,,2.017e+2,1.345e-19,5.450e-18,5.781e+2,3.191e-1,1.794e-17,,2.892e-17,,3.595e-18,3.420e+0,1.396e-17,5.302e-18,1.058e-16,5.493e+1,2.345e-17
357.1,4.210e+3,4.283e-21,6.448e-16,9.115e-45,2.040e-35,3.380e-33,,1.070e-20,3.893e-23,,2.006e-15,6.250e-7,7.359e-26,9.709e-18,3.236e-20,9.179e-14,,1.528e-11,,2.324e-20,7.451e-19,1.138e-33,8.357e-18,5.010e-18,2.841e-26,1.026e+0,1.035e-19,1.019e-1,3.715e-5,3.437e+3,4.808e-20,1.209e-26,2.054e-20,4.481e-23,1.227e-1,7.921e-4,3.844e+0,,,3.437e+0,,,1.322e+1,,1.798e+2,1.345e-19,5.451e-18,5.200e+2,3.271e-1,1.782e-17,,2.898e-17,,3.592e-18,3.254e+0,1.395e-17,5.314e-18,1.057e-16,4.787e+1,2.348e-17
357.12,4.051e+3,4.285e-21,9.754e-16,9.001e-45,2.040e-35,3.366e-33,,1.063e-20,3.907e-23,,2.007e-15,9.952e-7,7.427e-26,9.712e-18,3.239e-20,8.801e-14,,1.165e-11,,2.327e-20,7.454e-19,1.138e-33,8.365e-18,4.753e-18,2.842e-26,1.287e+0,1.035e-19,1.249e-1,3.187e-5,3.336e+3,4.795e-20,1.208e-26,2.055e-20,4.482e-23,1.425e-1,1.180e-3,4.243e+0,,,4.145e+0,,,1.237e+1,,1.653e+2,1.345e-19,5.452e-18,4.809e+2,3.301e-1,1.774e-17,,2.903e-17,,3.590e-18,3.145e+0,1.394e-17,5.323e-18,1.056e-16,4.335e+1,2.350e-17
357.15,3.794e+3,4.287e-21,1.795e-15,8.829e-45,2.039e-35,3.344e-33,,1.053e-20,3.929e-23,,2.008e-15,1.978e-6,7.529e-26,9.717e-18,3.243e-20,8.171e-14,,7.667e-12,,2.331e-20,7.459e-19,1.137e-33,8.377e-18,1.419e-17,2.844e-26,1.789e+0,1.035e-19,1.675e-1,2.503e-5,3.163e+3,4.776e-20,1.207e-26,2.057e-20,4.484e-23,1.764e-1,2.124e-3,4.866e+0,,,5.444e+0,,,1.108e+1,,1.441e+2,1.344e-19,5.454e-18,4.229e+2,3.308e-1,1.762e-17,,2.909e-17,,3.587e-18,2.989e+0,1.394e-17,5.335e-18,1.056e-16,3.694e+1,2.354e-17
357.17,3.613e+3,4.288e-21,2.676e-15,8.715e-45,2.039e-35,3.329e-33,,1.047e-20,3.943e-23,,2.008e-15,3.103e-6,7.597e-26,9.720e-18,3.246e-20,7.717e-14,,5.757e-12,,2.333e-20,7.462e-19,1.136e-33,8.385e-18,2.921e-17,2.846e-26,2.212e+0,1.036e-19,2.022e-1,2.115e-5,3.036e+3,4.763e-20,1.207e-26,2.059e-20,4.485e-23,2.018e-1,3.119e-3,5.291e+0,,,6.487e+0,,,1.022e+1,,1.305e+2,1.344e-19,5.455e-18,3.853e+2,3.288e-1,1.754e-17,,2.913e-17,,3.585e-18,2.891e+0,1.393e-17,5.344e-18,1.055e-16,3.296e+1,2.356e-17
357.2,3.332e+3,4.290e-21,4.816e-15,8.544e-45,2.039e-35,3.307e-33,,1.037e-20,3.964e-23,,2.009e-15,6.031e-6,7.699e-26,9.725e-18,3.251e-20,7.005e-14,,3.704e-12,,2.337e-20,7.467e-19,1.136e-33,8.397e-18,8.531e-17,2.848e-26,3.007e+0,1.036e-19,2.652e-1,1.624e-5,2.832e+3,4.744e-20,1.206e-26,2.061e-20,4.486e-23,2.442e-1,5.487e-3,5.933e+0,,,8.349e+0,,,8.943e+0,,1.112e+2,1.344e-19,5.456e-18,3.313e+2,3.223e-1,1.742e-17,,2.920e-17,,3.582e-18,2.756e+0,1.392e-17,5.356e-18,1.055e-16,2.746e+1,2.359e-17
357.22,3.142e+3,4.291e-21,7.073e-15,8.430e-45,2.039e-35,3.292e-33,,1.030e-20,3.978e-23,,2.009e-15,9.324e-6,7.766e-26,9.729e-18,3.254e-20,6.518e-14,,2.740e-12,,2.340e-20,7.471e-19,1.135e-33,8.405e-18,1.730e-16,2.849e-26,3.662e+0,1.036e-19,3.154e-1,1.352e-5,2.690e+3,4.731e-20,1.205e-26,2.062e-20,4.487e-23,2.752e-1,7.938e-3,6.356e+0,,,9.809e+0,,,8.123e+0,,9.919e+1,1.344e-19,5.457e-18,2.974e+2,3.156e-1,1.734e-17,,2.924e-17,,3.580e-18,2.674e+0,1.392e-17,5.365e-18,1.054e-16,2.413e+1,2.362e-17
357.25,2.858e+3,4.293e-21,1.245e-14,8.259e-45,2.039e-35,3.270e-33,,1.020e-20,3.999e-23,,2.010e-15,1.773e-5,7.868e-26,9.734e-18,3.259e-20,5.785e-14,,1.724e-12,,2.343e-20,7.476e-19,1.134e-33,8.418e-18,4.942e-16,2.851e-26,4.867e+0,1.036e-19,4.045e-1,1.015e-5,2.471e+3,4.712e-20,1.204e-26,2.064e-20,4.488e-23,3.257e-1,1.366e-2,6.970e+0,,,1.235e+1,,,6.954e+0,,8.264e+1,1.344e-19,5.459e-18,2.500e+2,3.024e-1,1.722e-17,,2.931e-17,,3.577e-18,2.566e+0,1.391e-17,5.377e-18,1.054e-16,1.965e+1,2.365e-17
357.27,2.673e+3,4.295e-21,1.802e-14,8.144e-45,2.038e-35,3.255e-33,,1.014e-20,4.013e-23,,2.011e-15,2.700e-5,7.936e-26,9.737e-18,3.262e-20,5.302e-14,,1.256e-12,,2.346e-20,7.479e-19,1.134e-33,8.426e-18,9.876e-16,2.852e-26,5.840e+0,1.037e-19,4.739e-1,8.323e-6,2.325e+3,4.699e-20,1.203e-26,2.065e-20,4.489e-23,3.616e-1,1.947e-2,7.355e+0,,,1.430e+1,,,6.222e+0,,7.262e+1,1.343e-19,5.460e-18,2.210e+2,2.917e-1,1.714e-17,,2.935e-17,,3.575e-18,2.504e+0,1.390e-17,5.386e-18,1.053e-16,1.701e+1,2.367e-17
357.3,2.406e+3,4.297e-21,3.102e-14,7.973e-45,2.038e-35,3.233e-33,,1.004e-20,4.034e-23,,2.011e-15,5.022e-5,8.038e-26,9.742e-18,3.266e-20,4.601e-14,,7.723e-13,,2.350e-20,7.484e-19,1.133e-33,8.438e-18,2.759e-15,2.854e-26,7.591e+0,1.037e-19,5.943e-1,6.109e-6,2.109e+3,4.680e-20,1.202e-26,2.068e-20,4.490e-23,4.184e-1,3.275e-2,7.886e+0,,,1.762e+1,,,5.208e+0,,5.916e+1,1.343e-19,5.461e-18,1.817e+2,2.732e-1,1.702e-17,,2.942e-17,,3.571e-18,2.424e+0,1.389e-17,5.398e-18,1.053e-16,1.355e+1,2.371e-17
357.32,2.238e+3,4.298e-21,4.423e-14,7.859e-45,2.038e-35,3.219e-33,,9.972e-21,4.049e-23,,2.012e-15,7.539e-5,8.106e-26,9.746e-18,3.269e-20,4.155e-14,,5.543e-13,,2.352e-20,7.487e-19,1.133e-33,8.446e-18,5.433e-15,2.855e-26,8.973e+0,1.037e-19,6.860e-1,4.934e-6,1.971e+3,4.668e-20,1.202e-26,2.069e-20,4.491e-23,4.577e-1,4.599e-2,8.199e+0,,,2.009e+1,,,4.590e+0,,5.121e+1,1.343e-19,5.462e-18,1.582e+2,2.597e-1,1.694e-17,,2.946e-17,,3.569e-18,2.379e+0,1.389e-17,5.407e-18,1.052e-16,1.155e+1,2.373e-17
357.34,2.080e+3,4.299e-21,6.270e-14,7.745e-45,2.038e-35,3.204e-33,,9.906e-21,4.063e-23,,2.012e-15,1.125e-4,8.173e-26,9.749e-18,3.272e-20,3.729e-14,,3.954e-13,,2.355e-20,7.491e-19,1.132e-33,8.454e-18,1.063e-14,2.857e-26,1.054e+1,1.037e-19,7.871e-1,3.961e-6,1.839e+3,4.655e-20,1.201e-26,2.070e-20,4.492e-23,4.977e-1,6.420e-2,8.473e+0,,,2.278e+1,,,4.022e+0,,4.407e+1,1.343e-19,5.463e-18,1.370e+2,2.453e-1,1.686e-17,,2.950e-17,,3.567e-18,2.341e+0,1.388e-17,5.415e-18,1.052e-16,9.793e+0,2.375e-17
357.37,1.864e+3,4.301e-21,1.046e-13,7.574e-45,2.038e-35,3.182e-33,,9.807e-21,4.084e-23,,2.013e-15,2.029e-4,8.275e-26,9.754e-18,3.277e-20,3.135e-14,,2.356e-13,,2.359e-20,7.496e-19,1.131e-33,8.466e-18,2.880e-14,2.859e-26,1.328e+1,1.038e-19,9.566e-1,2.817e-6,1.656e+3,4.636e-20,1.200e-26,2.072e-20,4.494e-23,5.581e-1,1.047e-1,8.803e+0,,,2.719e+1,,,3.262e+0,,3.478e+1,1.343e-19,5.465e-18,1.091e+2,2.227e-1,1.674e-17,,2.957e-17,,3.564e-18,2.293e+0,1.387e-17,5.428e-18,1.051e-16,7.557e+0,2.379e-17
357.39,1.738e+3,4.303e-21,1.462e-13,7.459e-45,2.038e-35,3.167e-33,,9.741e-21,4.098e-23,,2.014e-15,2.983e-4,8.343e-26,9.757e-18,3.280e-20,2.772e-14,,1.656e-13,,2.361e-20,7.499e-19,1.131e-33,8.474e-18,5.554e-14,2.860e-26,1.537e+1,1.038e-19,1.081e+0,2.228e-6,1.547e+3,4.623e-20,1.199e-26,2.074e-20,4.494e-23,5.978e-1,1.440e-1,8.963e+0,,,3.037e+1,,,2.815e+0,,2.948e+1,1.342e-19,5.466e-18,9.304e+1,2.072e-1,1.666e-17,,2.961e-17,,3.562e-18,2.265e+0,1.387e-17,5.436e-18,1.051e-16,6.310e+0,2.381e-17
357.42,1.576e+3,4.305e-21,2.386e-13,7.288e-45,2.037e-35,3.145e-33,,9.643e-21,4.119e-23,,2.014e-15,5.262e-4,8.445e-26,9.762e-18,3.285e-20,2.279e-14,,9.643e-14,,2.365e-20,7.504e-19,1.130e-33,8.487e-18,1.471e-13,2.862e-26,1.894e+1,1.038e-19,1.285e+0,1.549e-6,1.405e+3,4.604e-20,1.198e-26,2.076e-20,4.496e-23,6.554e-1,2.296e-1,9.105e+0,,,3.545e+1,,,2.232e+0,,2.275e+1,1.342e-19,5.467e-18,7.245e+1,1.839e-1,1.654e-17,,2.968e-17,,3.559e-18,2.228e+0,1.386e-17,5.449e-18,1.050e-16,4.760e+0,2.384e-17
357.44,1.488e+3,4.306e-21,3.285e-13,7.174e-45,2.037e-35,3.131e-33,,9.577e-21,4.133e-23,,2.015e-15,7.625e-4,8.513e-26,9.766e-18,3.288e-20,1.985e-14,,6.675e-14,,2.368e-20,7.508e-19,1.129e-33,8.495e-18,2.796e-13,2.863e-26,2.160e+1,1.038e-19,1.431e+0,1.207e-6,1.328e+3,4.591e-20,1.198e-26,2.077e-20,4.497e-23,6.917e-1,3.111e-1,9.132e+0,,,3.901e+1,,,1.898e+0,,1.900e+1,1.342e-19,5.468e-18,6.086e+1,1.686e-1,1.646e-17,,2.972e-17,,3.557e-18,2.205e+0,1.385e-17,5.457e-18,1.050e-16,3.916e+0,2.387e-17
357.47,1.388e+3,4.308e-21,5.246e-13,7.003e-45,2.037e-35,3.109e-33,,9.478e-21,4.154e-23,,2.016e-15,1.315e-3,8.614e-26,9.771e-18,3.292e-20,1.596e-14,,3.801e-14,,2.372e-20,7.513e-19,1.129e-33,8.507e-18,7.243e-13,2.865e-26,2.601e+1,1.039e-19,1.663e+0,8.206e-7,1.238e+3,4.572e-20,1.197e-26,2.079e-20,4.498e-23,7.415e-1,4.852e-1,9.071e+0,,,4.453e+1,,,1.471e+0,,1.433e+1,1.342e-19,5.470e-18,4.634e+1,1.463e-1,1.634e-17,,2.979e-17,,3.554e-18,2.168e+0,1.384e-17,5.470e-18,1.049e-16,2.888e+0,2.390e-17
357.49,1.345e+3,4.309e-21,7.115e-13,6.889e-45,2.037e-35,3.094e-33,,9.412e-21,4.169e-23,,2.016e-15,1.878e-3,8.682e-26,9.774e-18,3.295e-20,1.370e-14,,2.592e-14,,2.374e-20,7.516e-19,1.128e-33,8.515e-18,1.356e-12,2.866e-26,2.922e+1,1.039e-19,1.824e+0,6.297e-7,1.199e+3,4.559e-20,1.196e-26,2.081e-20,4.499e-23,7.709e-1,6.477e-1,8.963e+0,,,4.827e+1,,,1.233e+0,,1.179e+1,1.342e-19,5.471e-18,3.835e+1,1.321e-1,1.626e-17,,2.983e-17,,3.552e-18,2.140e+0,1.384e-17,5.478e-18,1.049e-16,2.340e+0,2.392e-17
357.52,1.315e+3,4.311e-21,1.112e-12,6.717e-45,2.036e-35,3.072e-33,,9.314e-21,4.190e-23,,2.017e-15,3.170e-3,8.784e-26,9.779e-18,3.300e-20,1.077e-14,,1.443e-14,,2.378e-20,7.521e-19,1.127e-33,8.527e-18,3.436e-12,2.868e-26,3.442e+1,1.039e-19,2.073e+0,4.186e-7,1.172e+3,4.540e-20,1.195e-26,2.083e-20,4.500e-23,8.081e-1,9.878e-1,8.705e+0,,,5.388e+1,,,9.344e-1,,8.698e+0,1.341e-19,5.472e-18,2.855e+1,1.121e-1,1.614e-17,,2.990e-17,,3.549e-18,2.093e+0,1.383e-17,5.491e-18,1.048e-16,1.688e+0,2.396e-17
357.54,1.320e+3,4.313e-21,1.486e-12,6.603e-45,2.036e-35,3.057e-33,,9.248e-21,4.204e-23,,2.017e-15,4.461e-3,8.852e-26,9.783e-18,3.303e-20,9.119e-15,,9.692e-15,,2.381e-20,7.524e-19,1.127e-33,8.535e-18,6.340e-12,2.869e-26,3.810e+1,1.039e-19,2.240e+0,3.164e-7,1.177e+3,4.528e-20,1.194e-26,2.084e-20,4.501e-23,8.277e-1,1.299e+0,8.473e+0,,,5.754e+1,,,7.711e-1,,7.048e+0,1.341e-19,5.473e-18,2.327e+1,9.974e-2,1.606e-17,,2.994e-17,,3.547e-18,2.055e+0,1.382e-17,5.499e-18,1.048e-16,1.347e+0,2.398e-17
357.57,1.366e+3,4.315e-21,2.271e-12,6.432e-45,2.036e-35,3.035e-33,,9.149e-21,4.225e-23,,2.018e-15,7.364e-3,8.953e-26,9.788e-18,3.308e-20,7.036e-15,,5.275e-15,,2.385e-20,7.529e-19,1.126e-33,8.548e-18,1.571e-11,2.871e-26,4.387e+1,1.040e-19,2.489e+0,2.056e-7,1.221e+3,4.509e-20,1.193e-26,2.086e-20,4.503e-23,8.484e-1,1.938e+0,8.047e+0,,,6.280e+1,,,5.718e-1,,5.083e+0,1.341e-19,5.475e-18,1.694e+1,8.275e-2,1.594e-17,,3.000e-17,,3.544e-18,1.989e+0,1.381e-17,5.512e-18,1.047e-16,9.499e-1,2.401e-17
357.59,1.423e+3,4.316e-21,2.992e-12,6.318e-45,2.036e-35,3.020e-33,,9.083e-21,4.239e-23,,2.019e-15,1.021e-2,9.021e-26,9.791e-18,3.311e-20,5.894e-15,,3.490e-15,,2.387e-20,7.533e-19,1.126e-33,8.556e-18,2.856e-11,2.873e-26,4.784e+1,1.040e-19,2.651e+0,1.531e-7,1.275e+3,4.496e-20,1.193e-26,2.088e-20,4.504e-23,8.560e-1,2.510e+0,7.716e+0,,,6.608e+1,,,4.651e-1,,4.058e+0,1.341e-19,5.476e-18,1.360e+1,7.252e-2,1.586e-17,,3.005e-17,,3.542e-18,1.938e+0,1.381e-17,5.520e-18,1.047e-16,7.469e-1,2.404e-17
357.62,1.549e+3,4.318e-21,4.476e-12,6.147e-45,2.036e-35,2.998e-33,,8.985e-21,4.260e-23,,2.019e-15,1.649e-2,9.123e-26,9.796e-18,3.315e-20,4.515e-15,,1.857e-15,,2.391e-20,7.538e-19,1.125e-33,8.568e-18,6.923e-11,2.875e-26,5.387e+1,1.040e-19,2.880e+0,9.728e-8,1.395e+3,4.477e-20,1.192e-26,2.090e-20,4.505e-23,8.579e-1,3.662e+0,7.165e+0,,,7.051e+1,,,3.378e-1,,2.861e+0,1.341e-19,5.477e-18,9.678e+0,5.883e-2,1.574e-17,,3.011e-17,,3.539e-18,1.852e+0,1.380e-17,5.533e-18,1.046e-16,5.149e-1,2.407e-17
357.64,1.660e+3,4.319e-21,5.812e-12,6.032e-45,2.035e-35,2.984e-33,,8.919e-21,4.274e-23,,2.020e-15,2.253e-2,9.191e-26,9.799e-18,3.318e-20,3.805e-15,,1.210e-15,,2.394e-20,7.541e-19,1.124e-33,8.576e-18,1.240e-10,2.876e-26,5.788e+1,1.040e-19,3.021e+0,7.136e-8,1.501e+3,4.464e-20,1.191e-26,2.091e-20,4.506e-23,8.528e-1,4.674e+0,6.769e+0,,,7.309e+1,,,2.712e-1,,2.250e+0,1.340e-19,5.478e-18,7.656e+0,5.079e-2,1.566e-17,,3.016e-17,,3.537e-18,1.787e+0,1.379e-17,5.541e-18,1.046e-16,3.988e-1,2.409e-17
357.67,1.866e+3,4.321e-21,8.508e-12,5.861e-45,2.035e-35,2.962e-33,,8.820e-21,4.296e-23,,2.021e-15,3.558e-2,9.293e-26,9.804e-18,3.323e-20,3.042e-15,,6.296e-16,,2.397e-20,7.546e-19,1.124e-33,8.588e-18,2.940e-10,2.878e-26,6.373e+1,1.041e-19,3.209e+0,4.433e-8,1.700e+3,4.445e-20,1.190e-26,2.093e-20,4.507e-23,8.358e-1,6.667e+0,6.146e+0,,,7.627e+1,,,1.939e-1,,1.551e+0,1.340e-19,5.480e-18,5.327e+0,4.028e-2,1.554e-17,,3.022e-17,,3.534e-18,1.681e+0,1.378e-17,5.554e-18,1.045e-16,2.688e-1,2.413e-17
357.69,2.030e+3,4.323e-21,1.089e-11,5.747e-45,2.035e-35,2.947e-33,,8.754e-21,4.310e-23,,2.021e-15,4.791e-2,1.931e-25,9.808e-18,3.326e-20,2.741e-15,,4.042e-16,,2.400e-20,7.549e-19,1.123e-33,8.596e-18,5.188e-10,2.879e-26,6.745e+1,1.041e-19,3.317e+0,3.203e-8,1.859e+3,4.432e-20,1.189e-26,2.095e-20,4.508e-23,8.185e-1,8.385e+0,5.720e+0,,,7.788e+1,,,1.547e-1,,1.202e+0,1.340e-19,5.481e-18,4.151e+0,3.426e-2,1.546e-17,,3.027e-17,,3.532e-18,1.605e+0,1.378e-17,5.562e-18,1.045e-16,2.051e-1,2.415e-17
357.72,2.315e+3,4.325e-21,1.560e-11,5.576e-45,2.035e-35,2.925e-33,,8.655e-21,4.331e-23,,2.022e-15,7.403e-2,5.938e-25,9.813e-18,3.331e-20,2.645e-15,,2.055e-16,,2.404e-20,7.554e-19,1.122e-33,8.609e-18,1.203e-9,2.881e-26,7.263e+1,1.041e-19,3.445e+0,1.945e-8,2.136e+3,4.413e-20,1.188e-26,2.097e-20,4.509e-23,7.843e-1,1.170e+1,5.078e+0,,,7.947e+1,,,1.110e-1,,8.100e-1,1.340e-19,5.482e-18,2.824e+0,2.657e-2,1.534e-17,,3.033e-17,,3.529e-18,1.486e+0,1.377e-17,5.575e-18,1.044e-16,1.352e-1,2.418e-17
357.74,2.529e+3,4.326e-21,1.969e-11,5.462e-45,2.035e-35,2.910e-33,,8.590e-21,4.345e-23,,2.022e-15,9.822e-2,1.216e-24,9.816e-18,3.334e-20,2.868e-15,,1.300e-16,,2.406e-20,7.558e-19,1.122e-33,8.617e-18,2.092e-9,2.882e-26,7.573e+1,1.041e-19,3.508e+0,1.385e-8,2.346e+3,4.400e-20,1.187e-26,2.098e-20,4.510e-23,7.566e-1,1.449e+1,4.655e+0,,,7.995e+1,,,9.010e-2,,6.181e-1,1.340e-19,5.483e-18,2.168e+0,2.226e-2,1.526e-17,,3.037e-17,,3.527e-18,1.405e+0,1.376e-17,5.583e-18,1.044e-16,1.016e-1,2.420e-17
357.76,2.761e+3,4.327e-21,2.472e-11,5.348e-45,2.035e-35,2.895e-33,,8.524e-21,4.359e-23,,2.023e-15,1.296e-1,2.477e-24,9.820e-18,3.337e-20,3.392e-15,,8.170e-17,,2.409e-20,7.561e-19,1.121e-33,8.625e-18,3.616e-9,2.884e-26,7.850e+1,1.041e-19,3.550e+0,9.797e-9,2.573e+3,4.388e-20,1.187e-26,2.099e-20,4.511e-23,7.256e-1,1.785e+1,4.243e+0,,,7.995e+1,,,7.480e-2,,4.688e-1,1.339e-19,5.484e-18,1.654e+0,1.854e-2,1.518e-17,,3.042e-17,,3.525e-18,1.324e+0,1.376e-17,5.592e-18,1.043e-16,7.590e-2,2.423e-17
357.79,3.140e+3,4.329e-21,3.439e-11,5.176e-45,2.034e-35,2.873e-33,,8.425e-21,4.380e-23,,2.024e-15,1.941e-1,7.118e-24,9.825e-18,3.341e-20,4.956e-15,,4.025e-17,,2.413e-20,7.566e-19,1.120e-33,8.637e-18,8.127e-9,2.886e-26,8.191e+1,1.042e-19,3.574e+0,5.765e-9,2.944e+3,4.369e-20,1.186e-26,2.102e-20,4.513e-23,6.738e-1,2.413e+1,3.650e+0,,,7.906e+1,,,6.090e-2,,3.062e-1,1.339e-19,5.485e-18,1.090e+0,1.393e-2,1.506e-17,,3.048e-17,,3.522e-18,1.204e+0,1.375e-17,5.604e-18,1.043e-16,4.846e-2,2.426e-17
357.81,3.409e+3,4.330e-21,4.256e-11,5.062e-45,2.034e-35,2.859e-33,,8.359e-21,4.394e-23,,2.024e-15,2.523e-1,1.428e-23,9.828e-18,3.345e-20,6.733e-15,,2.492e-17,,2.415e-20,7.569e-19,1.120e-33,8.645e-18,1.384e-8,2.887e-26,8.364e+1,1.042e-19,3.563e+0,4.018e-9,3.209e+3,4.356e-20,1.185e-26,2.103e-20,4.513e-23,6.366e-1,2.928e+1,3.277e+0,,,7.788e+1,,,5.703e-2,,2.288e-1,1.339e-19,5.486e-18,8.196e-1,1.143e-2,1.498e-17,,3.053e-17,,3.520e-18,1.128e+0,1.374e-17,5.613e-18,1.042e-16,3.567e-2,2.428e-17
357.84,3.834e+3,4.332e-21,5.801e-11,4.891e-45,2.034e-35,2.837e-33,,8.261e-21,4.416e-23,,2.025e-15,3.698e-1,4.015e-23,9.833e-18,3.349e-20,1.107e-14,,1.201e-17,,2.419e-20,7.574e-19,1.119e-33,8.657e-18,3.043e-8,2.889e-26,8.534e+1,1.042e-19,3.508e+0,2.311e-9,3.625e+3,4.337e-20,1.184e-26,2.105e-20,4.515e-23,5.780e-1,3.871e+1,2.757e+0,,,7.531e+1,,,5.885e-2,,1.462e-1,1.339e-19,5.488e-18,5.281e-1,8.397e-3,1.486e-17,,3.059e-17,,3.517e-18,1.022e+0,1.373e-17,5.625e-18,1.041e-16,2.227e-2,2.432e-17
357.86,4.125e+3,4.334e-21,7.083e-11,4.777e-45,2.034e-35,2.822e-33,,8.195e-21,4.430e-23,,2.025e-15,4.736e-1,7.938e-23,9.836e-18,3.352e-20,1.557e-14,,7.322e-18,,2.422e-20,7.578e-19,1.119e-33,8.665e-18,5.107e-8,2.890e-26,8.585e+1,1.042e-19,3.445e+0,1.587e-9,3.912e+3,4.324e-20,1.183e-26,2.106e-20,4.516e-23,5.380e-1,4.629e+1,2.438e+0,,,7.309e+1,,,6.522e-2,,1.077e-1,1.339e-19,5.489e-18,3.911e-1,6.787e-3,1.478e-17,,3.064e-17,,3.515e-18,9.598e-1,1.373e-17,5.634e-18,1.041e-16,1.614e-2,2.434e-17
357.89,4.569e+3,4.336e-21,9.460e-11,4.606e-45,2.033e-35,2.800e-33,,8.096e-21,4.451e-23,,2.026e-15,6.791e-1,2.183e-22,9.841e-18,3.357e-20,2.599e-14,,3.448e-18,,2.426e-20,7.583e-19,1.118e-33,8.678e-18,1.098e-7,2.892e-26,8.566e+1,1.043e-19,3.317e+0,8.926e-10,4.347e+3,4.305e-20,1.182e-26,2.109e-20,4.517e-23,4.777e-1,5.984e+1,2.005e+0,,,6.911e+1,,,8.321e-2,,6.743e-2,1.338e-19,5.490e-18,2.464e-1,4.876e-3,1.466e-17,,3.070e-17,,3.512e-18,8.809e-1,1.372e-17,5.646e-18,1.040e-16,9.854e-3,2.437e-17
357.91,4.863e+3,4.337e-21,1.140e-10,4.491e-45,2.033e-35,2.785e-33,,8.030e-21,4.465e-23,,2.027e-15,8.571e-1,4.252e-22,9.845e-18,3.360e-20,3.645e-14,,2.071e-18,,2.428e-20,7.586e-19,1.117e-33,8.686e-18,1.816e-7,2.893e-26,8.490e+1,1.043e-19,3.209e+0,6.037e-10,4.634e+3,4.292e-20,1.182e-26,2.110e-20,4.518e-23,4.380e-1,7.049e+1,1.747e+0,,,6.608e+1,,,1.016e-1,,4.912e-2,1.338e-19,5.491e-18,1.797e-1,3.882e-3,1.458e-17,,3.074e-17,,3.510e-18,8.404e-1,1.371e-17,5.655e-18,1.040e-16,7.038e-3,2.440e-17
357.94,5.294e+3,4.339e-21,1.493e-10,4.320e-45,2.033e-35,2.763e-33,,7.931e-21,4.486e-23,,2.027e-15,1.202e+0,1.144e-21,9.850e-18,3.364e-20,6.001e-14,,9.537e-19,,2.432e-20,7.591e-19,1.117e-33,8.698e-18,3.819e-7,2.895e-26,8.283e+1,1.043e-19,3.021e+0,3.320e-10,5.054e+3,4.273e-20,1.181e-26,2.112e-20,4.519e-23,3.802e-1,8.912e+1,1.405e+0,,,6.109e+1,,,1.407e-1,,3.052e-2,1.338e-19,5.493e-18,1.107e-1,2.727e-3,1.446e-17,,3.081e-17,,3.507e-18,8.011e-1,1.371e-17,5.667e-18,1.039e-16,4.200e-3,2.443e-17
357.96,5.569e+3,4.340e-21,1.776e-10,4.206e-45,2.033e-35,2.749e-33,,7.866e-21,4.500e-23,,2.028e-15,1.495e+0,2.195e-21,9.853e-18,3.368e-20,8.312e-14,,5.644e-19,,2.435e-20,7.595e-19,1.116e-33,8.706e-18,6.222e-7,2.896e-26,8.088e+1,1.043e-19,2.880e+0,2.212e-10,5.320e+3,4.260e-20,1.180e-26,2.113e-20,4.520e-23,3.435e-1,1.034e+2,1.206e+0,,,5.754e+1,,,1.760e-1,,2.240e-2,1.338e-19,5.494e-18,7.956e-2,2.139e-3,1.438e-17,,3.085e-17,,3.505e-18,7.910e-1,1.370e-17,5.676e-18,1.039e-16,2.955e-3,2.445e-17
357.99,5.953e+3,4.342e-21,2.282e-10,4.035e-45,2.033e-35,2.726e-33,,7.767e-21,4.521e-23,,2.029e-15,2.051e+0,5.775e-21,9.858e-18,3.372e-20,1.341e-13,,2.540e-19,,2.438e-20,7.600e-19,1.115e-33,8.718e-18,1.280e-6,2.898e-26,7.716e+1,1.044e-19,2.651e+0,1.189e-10,5.689e+3,4.241e-20,1.179e-26,2.115e-20,4.522e-23,2.916e-1,1.279e+2,9.486e-1,,,5.202e+1,,,2.459e-1,,1.476e-2,1.337e-19,5.495e-18,4.792e-2,1.469e-3,1.426e-17,,3.092e-17,,3.502e-18,8.034e-1,1.369e-17,5.688e-18,1.038e-16,1.724e-3,2.449e-17
358.01,6.185e+3,4.344e-21,2.682e-10,3.921e-45,2.033e-35,2.712e-33,,7.701e-21,4.536e-23,,2.029e-15,2.514e+0,1.092e-20,9.862e-18,3.375e-20,1.831e-13,,1.481e-19,,2.441e-20,7.603e-19,1.115e-33,8.726e-18,2.055e-6,2.900e-26,7.422e+1,1.044e-19,2.489e+0,7.803e-11,5.909e+3,4.229e-20,1.178e-26,2.117e-20,4.523e-23,2.595e-1,1.462e+2,8.021e-1,,,4.827e+1,,,3.062e-1,,1.195e-2,1.337e-19,5.496e-18,3.392e-2,1.135e-3,1.418e-17,,3.096e-17,,3.500e-18,8.317e-1,1.369e-17,5.697e-18,1.038e-16,1.195e-3,2.451e-17
358.04,6.491e+3,4.346e-21,3.385e-10,3.749e-45,2.032e-35,2.690e-33,,7.602e-21,4.557e-23,,2.030e-15,3.374e+0,2.811e-20,9.867e-18,3.380e-20,2.889e-13,,6.516e-20,,2.445e-20,7.608e-19,1.114e-33,8.739e-18,4.133e-6,2.902e-26,6.924e+1,1.044e-19,2.240e+0,4.102e-11,6.194e+3,4.210e-20,1.177e-26,2.119e-20,4.524e-23,2.154e-1,1.768e+2,6.168e-1,,,4.267e+1,,,4.219e-1,,1.045e-2,1.337e-19,5.498e-18,1.998e-2,7.621e-4,1.406e-17,,3.103e-17,,3.497e-18,9.069e-1,1.368e-17,5.709e-18,1.037e-16,6.816e-4,2.454e-17
358.06,6.661e+3,4.347e-21,3.931e-10,3.635e-45,2.032e-35,2.675e-33,,7.537e-21,4.571e-23,,2.030e-15,4.076e+0,5.239e-20,9.870e-18,3.383e-20,3.887e-13,,3.741e-20,,2.447e-20,7.611e-19,1.113e-33,8.747e-18,6.538e-6,2.903e-26,6.561e+1,1.044e-19,2.073e+0,2.652e-11,6.349e+3,4.197e-20,1.177e-26,2.120e-20,4.525e-23,1.888e-1,1.991e+2,5.138e-1,,,3.901e+1,,,5.191e-1,,1.112e-2,1.337e-19,5.499e-18,1.393e-2,5.800e-4,1.398e-17,,3.107e-17,,3.495e-18,9.806e-1,1.367e-17,5.718e-18,1.037e-16,4.653e-4,2.457e-17
358.09,6.863e+3,4.349e-21,4.879e-10,3.464e-45,2.032e-35,2.653e-33,,7.438e-21,4.592e-23,,2.031e-15,5.351e+0,1.319e-19,9.875e-18,3.387e-20,5.999e-13,,1.610e-20,,2.451e-20,7.616e-19,1.113e-33,8.759e-18,1.286e-5,2.905e-26,5.986e+1,1.045e-19,1.824e+0,1.363e-11,6.525e+3,4.178e-20,1.176e-26,2.122e-20,4.526e-23,1.532e-1,2.354e+2,3.863e-1,,,3.372e+1,,,7.010e-1,,1.479e-2,1.337e-19,5.500e-18,8.020e-3,3.809e-4,1.386e-17,,3.114e-17,,3.491e-18,1.128e+0,1.366e-17,5.730e-18,1.036e-16,2.595e-4,2.460e-17
358.11,6.960e+3,4.350e-21,5.605e-10,3.350e-45,2.032e-35,2.638e-33,,7.372e-21,4.606e-23,,2.032e-15,6.369e+0,2.422e-19,9.878e-18,3.391e-20,7.953e-13,,9.104e-21,,2.454e-20,7.620e-19,1.112e-33,8.767e-18,2.005e-5,2.906e-26,5.588e+1,1.045e-19,1.663e+0,8.678e-12,6.602e+3,4.165e-20,1.175e-26,2.124e-20,4.527e-23,1.323e-1,2.613e+2,3.170e-1,,,3.037e+1,,,8.504e-1,,1.936e-2,1.336e-19,5.501e-18,5.509e-3,2.856e-4,1.378e-17,,3.118e-17,,3.489e-18,1.253e+0,1.366e-17,5.739e-18,1.036e-16,1.745e-4,2.462e-17
358.13,7.024e+3,4.352e-21,6.412e-10,3.236e-45,2.032e-35,2.624e-33,,7.306e-21,4.620e-23,,2.032e-15,7.536e+0,4.422e-19,9.882e-18,3.394e-20,1.048e-12,,5.118e-21,,2.456e-20,7.623e-19,1.112e-33,8.775e-18,3.107e-5,2.907e-26,5.186e+1,1.045e-19,1.507e+0,5.493e-12,6.645e+3,4.152e-20,1.174e-26,2.125e-20,4.528e-23,1.136e-1,2.883e+2,2.586e-1,,,2.719e+1,,,1.026e+0,,2.613e-2,1.336e-19,5.502e-18,3.761e-3,2.128e-4,1.370e-17,,3.122e-17,,3.487e-18,1.399e+0,1.365e-17,5.747e-18,1.035e-16,1.167e-4,2.465e-17
358.16,7.061e+3,4.354e-21,7.788e-10,3.064e-45,2.031e-35,2.602e-33,,7.207e-21,4.641e-23,,2.033e-15,9.595e+0,1.079e-18,9.887e-18,3.398e-20,1.568e-12,,2.133e-21,,2.460e-20,7.628e-19,1.111e-33,8.787e-18,5.925e-5,2.909e-26,4.585e+1,1.045e-19,1.285e+0,2.735e-12,6.648e+3,4.133e-20,1.173e-26,2.127e-20,4.529e-23,8.937e-2,3.303e+2,1.884e-1,,,2.278e+1,,,1.343e+0,,4.186e-2,1.336e-19,5.504e-18,2.098e-3,1.354e-4,1.358e-17,,3.129e-17,,3.484e-18,1.658e+0,1.364e-17,5.760e-18,1.035e-16,6.306e-5,2.468e-17
358.18,7.046e+3,4.355e-21,8.824e-10,2.950e-45,2.031e-35,2.587e-33,,7.142e-21,4.656e-23,,2.033e-15,1.119e+1,1.941e-18,9.890e-18,3.401e-20,2.036e-12,,1.181e-21,,2.463e-20,7.631e-19,1.110e-33,8.796e-18,9.046e-5,2.911e-26,4.192e+1,1.046e-19,1.147e+0,1.705e-12,6.609e+3,4.120e-20,1.173e-26,2.129e-20,4.530e-23,7.558e-2,3.591e+2,1.514e-1,,,2.009e+1,,,1.596e+0,,5.745e-2,1.336e-19,5.505e-18,1.411e-3,9.942e-5,1.350e-17,,3.133e-17,,3.482e-18,1.858e+0,1.364e-17,5.768e-18,1.034e-16,4.152e-5,2.470e-17
358.21,6.968e+3,4.357e-21,1.057e-9,2.779e-45,2.031e-35,2.565e-33,,7.043e-21,4.677e-23,,2.034e-15,1.393e+1,4.634e-18,9.895e-18,3.406e-20,2.979e-12,,4.814e-22,,2.467e-20,7.636e-19,1.110e-33,8.808e-18,1.687e-4,2.912e-26,3.624e+1,1.046e-19,9.566e-1,8.303e-13,6.493e+3,4.101e-20,1.172e-26,2.131e-20,4.532e-23,5.813e-2,4.024e+2,1.079e-1,,,1.646e+1,,,2.045e+0,,9.188e-2,1.336e-19,5.506e-18,7.699e-4,6.185e-5,1.338e-17,,3.140e-17,,3.479e-18,2.197e+0,1.363e-17,5.781e-18,1.034e-16,2.194e-5,2.474e-17
358.23,6.880e+3,4.358e-21,1.187e-9,2.665e-45,2.031e-35,2.550e-33,,6.977e-21,4.691e-23,,2.035e-15,1.601e+1,8.215e-18,9.899e-18,3.409e-20,3.811e-12,,2.626e-22,,2.469e-20,7.640e-19,1.109e-33,8.816e-18,2.538e-4,2.914e-26,3.264e+1,1.046e-19,8.412e-1,5.100e-13,6.380e+3,4.089e-20,1.171e-26,2.132e-20,4.532e-23,4.843e-2,4.309e+2,8.540e-2,,,1.430e+1,,,2.395e+0,,1.249e-1,1.335e-19,5.507e-18,5.101e-4,4.474e-5,1.330e-17,,3.144e-17,,3.477e-18,2.447e+0,1.362e-17,5.789e-18,1.033e-16,1.423e-5,2.476e-17
358.26,6.701e+3,4.360e-21,1.405e-9,2.494e-45,2.031e-35,2.528e-33,,6.878e-21,4.712e-23,,2.035e-15,1.951e+1,1.918e-17,9.904e-18,3.414e-20,5.454e-12,,1.046e-22,,2.473e-20,7.645e-19,1.108e-33,8.828e-18,4.631e-4,2.916e-26,2.760e+1,1.046e-19,6.860e-1,2.427e-13,6.164e+3,4.070e-20,1.170e-26,2.134e-20,4.534e-23,3.642e-2,4.722e+2,5.949e-2,,,1.145e+1,,,3.001e+0,,1.960e-1,1.335e-19,5.509e-18,2.720e-4,2.721e-5,1.318e-17,,3.151e-17,,3.474e-18,2.857e+0,1.361e-17,5.802e-18,1.033e-16,7.353e-6,2.479e-17
358.28,6.554e+3,4.362e-21,1.567e-9,2.379e-45,2.030e-35,2.513e-33,,6.813e-21,4.726e-23,,2.036e-15,2.209e+1,3.350e-17,9.907e-18,3.417e-20,6.874e-12,,5.621e-23,,2.476e-20,7.648e-19,1.108e-33,8.836e-18,6.864e-4,2.917e-26,2.450e+1,1.047e-19,5.943e-1,1.469e-13,5.992e+3,4.057e-20,1.169e-26,2.136e-20,4.535e-23,2.990e-2,4.982e+2,4.640e-2,,,9.804e+0,,,3.462e+0,,2.629e-1,1.335e-19,5.510e-18,1.776e-4,1.939e-5,1.310e-17,,3.155e-17,,3.472e-18,3.150e+0,1.361e-17,5.810e-18,1.032e-16,4.699e-6,2.482e-17
358.31,6.298e+3,4.364e-21,1.834e-9,2.208e-45,2.030e-35,2.491e-33,,6.714e-21,4.747e-23,,2.037e-15,2.633e+1,7.650e-17,9.912e-18,3.421e-20,9.621e-12,,2.189e-23,,2.480e-20,7.653e-19,1.107e-33,8.848e-18,1.225e-3,2.919e-26,2.026e+1,1.047e-19,4.739e-1,6.834e-14,5.701e+3,4.038e-20,1.168e-26,2.138e-20,4.536e-23,2.198e-2,5.339e+2,3.160e-2,,,7.678e+0,,,4.244e+0,,4.037e-1,1.335e-19,5.511e-18,9.258e-5,1.153e-5,1.298e-17,,3.162e-17,,3.469e-18,3.612e+0,1.360e-17,5.823e-18,1.032e-16,2.373e-6,2.485e-17
358.33,6.108e+3,4.365e-21,2.031e-9,2.094e-45,2.030e-35,2.477e-33,,6.648e-21,4.761e-23,,2.037e-15,2.938e+1,1.317e-16,9.915e-18,3.424e-20,1.195e-11,,1.159e-23,,2.482e-20,7.656e-19,1.106e-33,8.857e-18,1.789e-3,2.920e-26,1.772e+1,1.047e-19,4.045e-1,4.073e-14,5.490e+3,4.025e-20,1.168e-26,2.139e-20,4.537e-23,1.778e-2,5.550e+2,2.428e-2,,,6.475e+0,,,4.826e+0,,5.333e-1,1.335e-19,5.512e-18,5.953e-5,8.093e-6,1.290e-17,,3.166e-17,,3.467e-18,3.931e+0,1.359e-17,5.831e-18,1.031e-16,1.494e-6,2.487e-17
358.36,5.801e+3,4.367e-21,2.356e-9,1.923e-45,2.030e-35,2.455e-33,,6.549e-21,4.783e-23,,2.038e-15,3.426e+1,2.941e-16,9.920e-18,3.429e-20,1.635e-11,,4.412e-24,,2.486e-20,7.661e-19,1.106e-33,8.869e-18,3.122e-3,2.922e-26,1.435e+1,1.047e-19,3.154e-1,1.853e-14,5.155e+3,4.006e-20,1.167e-26,2.141e-20,4.538e-23,1.278e-2,5.817e+2,1.617e-2,,,4.959e+0,,,5.786e+0,,8.011e-1,1.334e-19,5.514e-18,3.035e-5,4.706e-6,1.278e-17,,3.172e-17,,3.464e-18,4.417e+0,1.358e-17,5.844e-18,1.031e-16,7.377e-7,2.491e-17
358.38,5.586e+3,4.368e-21,2.594e-9,1.809e-45,2.030e-35,2.440e-33,,6.483e-21,4.797e-23,,2.038e-15,3.767e+1,4.989e-16,9.924e-18,3.432e-20,2.001e-11,,2.300e-24,,2.489e-20,7.665e-19,1.105e-33,8.877e-18,4.493e-3,2.923e-26,1.238e+1,1.048e-19,2.652e-1,1.088e-14,4.924e+3,3.993e-20,1.166e-26,2.143e-20,4.539e-23,1.018e-2,5.957e+2,1.224e-2,,,4.120e+0,,,6.484e+0,,1.043e+0,1.334e-19,5.515e-18,1.922e-5,3.254e-6,1.270e-17,,3.177e-17,,3.462e-18,4.740e+0,1.358e-17,5.852e-18,1.030e-16,4.575e-7,2.493e-17
358.41,5.254e+3,4.370e-21,2.984e-9,1.087e-44,2.029e-35,2.418e-33,,6.385e-21,4.818e-23,,2.039e-15,4.297e+1,1.090e-15,9.929e-18,3.437e-20,2.678e-11,,8.570e-25,,2.492e-20,7.670e-19,1.104e-33,8.889e-18,7.670e-3,2.925e-26,9.832e+0,1.048e-19,2.022e-1,4.840e-15,4.573e+3,3.974e-20,1.165e-26,2.145e-20,4.541e-23,7.159e-3,6.105e+2,7.970e-3,,,3.085e+0,,,7.607e+0,,1.532e+0,1.334e-19,5.516e-18,9.581e-6,1.850e-6,1.258e-17,,3.183e-17,,3.459e-18,5.213e+0,1.357e-17,5.865e-18,1.030e-16,2.209e-7,2.496e-17
358.43,5.030e+3,4.372e-21,3.267e-9,2.250e-44,2.029e-35,2.403e-33,,6.319e-21,4.832e-23,,2.040e-15,4.657e+1,1.822e-15,9.932e-18,3.440e-20,3.229e-11,,4.413e-25,,2.495e-20,7.673e-19,1.104e-33,8.897e-18,1.087e-2,2.927e-26,8.389e+0,1.048e-19,1.675e-1,2.799e-15,4.340e+3,3.961e-20,1.164e-26,2.146e-20,4.542e-23,5.619e-3,6.160e+2,5.943e-3,,,2.525e+0,,,8.401e+0,,1.965e+0,1.334e-19,5.517e-18,5.978e-6,1.260e-6,1.250e-17,,3.188e-17,,3.457e-18,5.515e+0,1.356e-17,5.873e-18,1.029e-16,1.349e-7,2.499e-17
358.46,4.694e+3,4.374e-21,3.729e-9,6.622e-44,2.029e-35,2.381e-33,,6.220e-21,4.853e-23,,2.040e-15,5.196e+1,3.893e-15,9.937e-18,3.444e-20,4.227e-11,,1.646e-25,,2.499e-20,7.678e-19,1.103e-33,8.909e-18,1.816e-2,2.929e-26,6.577e+0,1.048e-19,1.250e-1,1.217e-15,3.998e+3,3.942e-20,1.163e-26,2.148e-20,4.543e-23,3.863e-3,6.173e+2,3.784e-3,,,1.849e+0,,,9.645e+0,,2.824e+0,1.333e-19,5.519e-18,2.913e-6,7.006e-7,1.238e-17,,3.194e-17,,3.454e-18,5.934e+0,1.355e-17,5.886e-18,1.029e-16,6.369e-8,2.502e-17
358.48,4.473e+3,4.375e-21,4.062e-9,1.531e-43,2.029e-35,2.366e-33,,6.154e-21,4.867e-23,,2.041e-15,5.549e+1,6.411e-15,9.941e-18,3.447e-20,5.021e-11,,9.023e-26,,2.501e-20,7.681e-19,1.103e-33,8.917e-18,2.536e-2,2.930e-26,5.588e+0,1.049e-19,1.020e-1,6.936e-16,3.776e+3,3.930e-20,1.163e-26,2.149e-20,4.544e-23,2.986e-3,6.137e+2,2.780e-3,,,1.491e+0,,,1.050e+1,,3.569e+0,1.333e-19,5.520e-18,1.791e-6,4.701e-7,1.230e-17,,3.199e-17,,3.452e-18,6.185e+0,1.355e-17,5.894e-18,1.028e-16,3.833e-8,2.504e-17
358.5,4.255e+3,4.376e-21,4.415e-9,3.111e-43,2.029e-35,2.352e-33,,6.089e-21,4.881e-23,,2.041e-15,5.891e+1,1.050e-14,9.944e-18,3.450e-20,5.929e-11,,5.947e-26,,2.504e-20,7.685e-19,1.102e-33,8.926e-18,3.522e-2,2.931e-26,4.759e+0,1.049e-19,8.284e-2,3.928e-16,3.561e+3,3.917e-20,1.162e-26,2.151e-20,4.545e-23,2.295e-3,6.064e+2,2.030e-3,,,1.195e+0,,,1.137e+1,,4.484e+0,1.333e-19,5.521e-18,1.094e-6,3.136e-7,1.222e-17,,3.203e-17,,3.450e-18,6.410e+0,1.354e-17,5.902e-18,1.028e-16,2.292e-8,2.506e-17
358.53,3.938e+3,4.378e-21,4.983e-9,8.911e-43,2.028e-35,2.330e-33,,5.990e-21,4.903e-23,,2.042e-15,6.375e+1,2.175e-14,9.949e-18,3.455e-20,7.523e-11,,6.779e-26,,2.508e-20,7.690e-19,1.101e-33,8.938e-18,5.701e-2,2.933e-26,3.792e+0,1.049e-19,6.000e-2,1.655e-16,3.255e+3,3.898e-20,1.161e-26,2.153e-20,4.546e-23,1.529e-3,5.891e+2,1.252e-3,,,8.481e-1,,,1.267e+1,,6.245e+0,1.333e-19,5.522e-18,5.166e-7,1.689e-7,1.210e-17,,3.209e-17,,3.447e-18,6.686e+0,1.353e-17,5.915e-18,1.027e-16,1.049e-8,2.510e-17
358.55,3.734e+3,4.380e-21,5.387e-9,1.784e-42,2.028e-35,2.315e-33,,5.924e-21,4.917e-23,,2.043e-15,6.670e+1,3.509e-14,9.952e-18,3.458e-20,8.753e-11,,1.137e-25,,2.510e-20,7.693e-19,1.101e-33,8.946e-18,7.801e-2,2.934e-26,3.317e+0,1.049e-19,4.809e-2,9.232e-17,3.061e+3,3.885e-20,1.160e-26,2.154e-20,4.547e-23,1.158e-3,5.735e+2,9.010e-4,,,6.697e-1,,,1.352e+1,,7.731e+0,1.333e-19,5.523e-18,3.109e-7,1.110e-7,1.202e-17,,3.214e-17,,3.445e-18,6.827e+0,1.353e-17,5.923e-18,1.027e-16,6.178e-9,2.512e-17
358.58,3.440e+3,4.381e-21,6.027e-9,5.000e-42,2.028e-35,2.293e-33,,5.825e-21,4.938e-23,,2.043e-15,7.060e+1,7.110e-14,9.957e-18,3.463e-20,1.086e-10,,2.993e-25,,2.514e-20,7.698e-19,1.100e-33,8.958e-18,1.235e-1,2.936e-26,2.840e+0,1.050e-19,3.427e-2,3.803e-17,2.789e+3,3.866e-20,1.159e-26,2.156e-20,4.548e-23,7.542e-4,5.448e+2,5.436e-4,,,4.647e-1,,,1.476e+1,,1.053e+1,1.332e-19,5.525e-18,1.435e-7,5.846e-8,1.190e-17,,3.220e-17,,3.442e-18,6.965e+0,1.352e-17,5.936e-18,1.026e-16,2.763e-9,2.516e-17
358.6,3.252e+3,4.383e-21,6.474e-9,9.868e-42,2.028e-35,2.278e-33,,5.759e-21,4.952e-23,,2.044e-15,7.280e+1,1.130e-13,9.961e-18,3.466e-20,1.245e-10,,5.846e-25,,2.517e-20,7.702e-19,1.099e-33,8.966e-18,1.665e-1,2.938e-26,2.669e+0,1.050e-19,2.727e-2,2.090e-17,2.618e+3,3.853e-20,1.158e-26,2.158e-20,4.549e-23,5.625e-4,5.225e+2,3.852e-4,,,3.615e-1,,,1.555e+1,,1.284e+1,1.332e-19,5.526e-18,8.510e-8,3.784e-8,1.182e-17,,3.225e-17,,3.440e-18,7.006e+0,1.351e-17,5.944e-18,1.026e-16,1.604e-9,2.518e-17
358.63,2.984e+3,4.385e-21,7.173e-9,2.706e-41,2.028e-35,2.256e-33,,5.661e-21,4.973e-23,,2.045e-15,7.538e+1,2.240e-13,9.966e-18,3.470e-20,1.511e-10,,1.590e-24,,2.521e-20,7.707e-19,1.099e-33,8.978e-18,2.578e-1,2.939e-26,2.624e+0,1.050e-19,1.941e-2,8.418e-18,2.379e+3,3.834e-20,1.157e-26,2.160e-20,4.551e-23,3.583e-4,4.854e+2,2.272e-4,,,2.453e-1,,,1.663e+1,,1.711e+1,1.332e-19,5.527e-18,3.841e-8,1.949e-8,1.170e-17,,3.231e-17,,3.437e-18,6.991e+0,1.350e-17,5.957e-18,1.025e-16,7.011e-10,2.521e-17
358.65,2.814e+3,4.386e-21,7.653e-9,5.262e-41,2.027e-35,2.242e-33,,5.595e-21,4.987e-23,,2.045e-15,7.659e+1,3.510e-13,9.969e-18,3.473e-20,1.707e-10,,3.079e-24,,2.523e-20,7.710e-19,1.098e-33,8.987e-18,3.424e-1,2.941e-26,2.733e+0,1.050e-19,1.560e-2,4.557e-18,2.230e+3,3.821e-20,1.157e-26,2.161e-20,4.551e-23,2.633e-4,4.587e+2,1.586e-4,,,1.880e-1,,,1.729e+1,,2.056e+1,1.332e-19,5.528e-18,2.243e-8,1.243e-8,1.162e-17,,3.236e-17,,3.435e-18,6.928e+0,1.350e-17,5.965e-18,1.025e-16,4.009e-10,2.523e-17
358.68,2.572e+3,4.388e-21,8.385e-9,1.412e-40,2.027e-35,2.220e-33,,5.496e-21,5.008e-23,,2.046e-15,7.759e+1,6.805e-13,9.974e-18,3.478e-20,2.026e-10,,8.207e-24,,2.527e-20,7.715e-19,1.097e-33,8.999e-18,5.186e-1,2.943e-26,3.107e+0,1.051e-19,1.161e-2,1.794e-18,2.022e+3,3.802e-20,1.156e-26,2.163e-20,4.553e-23,1.640e-4,4.167e+2,9.151e-5,,,1.247e-1,,,1.815e+1,,2.679e+1,1.332e-19,5.530e-18,9.901e-9,6.257e-9,1.150e-17,,3.242e-17,,3.432e-18,6.760e+0,1.349e-17,5.978e-18,1.024e-16,1.714e-10,2.527e-17
358.7,2.419e+3,4.389e-21,8.876e-9,2.706e-40,2.027e-35,2.205e-33,,5.430e-21,5.023e-23,,2.046e-15,7.770e+1,1.050e-12,9.977e-18,3.481e-20,2.254e-10,,1.566e-23,,2.530e-20,7.718e-19,1.097e-33,9.007e-18,6.788e-1,2.944e-26,3.500e+0,1.051e-19,9.896e-3,9.568e-19,1.892e+3,3.790e-20,1.155e-26,2.165e-20,4.554e-23,1.187e-4,3.880e+2,6.294e-5,,,9.416e-2,,,1.864e+1,,3.172e+1,1.331e-19,5.531e-18,5.696e-9,3.931e-9,1.142e-17,,3.246e-17,,3.430e-18,6.601e+0,1.348e-17,5.986e-18,1.024e-16,9.652e-11,2.529e-17
358.73,2.203e+3,4.391e-21,9.605e-9,7.104e-40,2.027e-35,2.183e-33,,5.332e-21,5.044e-23,,2.047e-15,7.700e+1,1.992e-12,9.983e-18,3.486e-20,2.617e-10,,4.084e-23,,2.534e-20,7.723e-19,1.096e-33,9.019e-18,1.005e+0,2.946e-26,4.321e+0,1.051e-19,8.484e-3,3.684e-19,1.710e+3,3.771e-20,1.154e-26,2.167e-20,4.555e-23,7.230e-5,3.447e+2,3.550e-5,,,6.108e-2,,,1.923e+1,,4.042e+1,1.331e-19,5.532e-18,2.458e-9,1.935e-9,1.130e-17,,3.253e-17,,3.427e-18,6.299e+0,1.348e-17,5.999e-18,1.023e-16,4.034e-11,2.532e-17
358.75,2.068e+3,4.393e-21,1.008e-8,1.342e-39,2.027e-35,2.168e-33,,5.266e-21,5.058e-23,,2.048e-15,7.598e+1,3.030e-12,9.986e-18,3.489e-20,2.869e-10,,7.680e-23,,2.536e-20,7.727e-19,1.096e-33,9.027e-18,1.297e+0,2.947e-26,5.030e+0,1.051e-19,8.214e-3,1.935e-19,1.597e+3,3.758e-20,1.153e-26,2.168e-20,4.556e-23,5.156e-5,3.162e+2,2.405e-5,,,4.544e-2,,,1.952e+1,,4.715e+1,1.331e-19,5.533e-18,1.393e-9,1.197e-9,1.122e-17,,3.257e-17,,3.425e-18,6.060e+0,1.347e-17,6.007e-18,1.022e-16,2.238e-11,2.535e-17
358.78,1.878e+3,4.395e-21,1.076e-8,3.447e-39,2.026e-35,2.146e-33,,5.167e-21,5.079e-23,,2.048e-15,7.367e+1,5.620e-12,9.991e-18,3.493e-20,3.257e-10,,1.959e-22,,2.540e-20,7.732e-19,1.095e-33,9.039e-18,1.878e+0,2.949e-26,6.358e+0,1.052e-19,8.710e-3,7.283e-20,1.437e+3,3.739e-20,1.152e-26,2.170e-20,4.557e-23,3.070e-5,2.747e+2,1.326e-5,,,2.882e-2,,,1.982e+1,,5.876e+1,1.331e-19,5.534e-18,5.877e-10,5.764e-10,1.110e-17,,3.264e-17,,3.422e-18,5.655e+0,1.346e-17,6.020e-18,1.022e-16,9.147e-12,2.538e-17
358.8,1.759e+3,4.396e-21,1.118e-8,6.418e-39,2.026e-35,2.131e-33,,5.101e-21,5.093e-23,,2.049e-15,7.164e+1,8.422e-12,9.994e-18,3.496e-20,3.518e-10,,3.630e-22,,2.543e-20,7.735e-19,1.094e-33,9.048e-18,2.387e+0,2.950e-26,7.431e+0,1.052e-19,9.609e-3,3.769e-20,1.337e+3,3.726e-20,1.152e-26,2.172e-20,4.558e-23,2.157e-5,2.482e+2,8.853e-6,,,2.112e-2,,,1.993e+1,,6.755e+1,1.331e-19,5.535e-18,3.281e-10,3.514e-10,1.102e-17,,3.268e-17,,3.420e-18,5.360e+0,1.346e-17,6.028e-18,1.021e-16,4.999e-12,2.540e-17
358.83,1.595e+3,4.398e-21,1.176e-8,1.613e-38,2.026e-35,2.109e-33,,5.003e-21,5.114e-23,,2.050e-15,6.794e+1,1.528e-11,9.999e-18,3.501e-20,3.906e-10,,9.057e-22,,2.546e-20,7.740e-19,1.094e-33,9.060e-18,3.381e+0,2.952e-26,9.342e+0,1.052e-19,1.181e-2,1.387e-20,1.196e+3,3.707e-20,1.151e-26,2.174e-20,4.560e-23,1.256e-5,2.109e+2,4.774e-6,,,1.310e-2,,,1.996e+1,,8.233e+1,1.330e-19,5.537e-18,1.353e-10,1.654e-10,1.090e-17,,3.275e-17,,3.417e-18,4.892e+0,1.345e-17,6.041e-18,1.021e-16,1.997e-12,2.544e-17
358.85,1.494e+3,4.399e-21,1.210e-8,2.960e-38,2.026e-35,2.095e-33,,4.937e-21,5.128e-23,,2.050e-15,6.511e+1,2.257e-11,1.000e-17,3.504e-20,4.157e-10,,1.654e-21,,2.549e-20,7.743e-19,1.093e-33,9.068e-18,4.234e+0,2.954e-26,1.083e+1,1.052e-19,1.386e-2,7.069e-21,1.108e+3,3.694e-20,1.150e-26,2.175e-20,4.561e-23,8.694e-6,1.878e+2,3.139e-6,,,9.458e-3,,,1.990e+1,,9.324e+1,1.330e-19,5.538e-18,7.443e-11,9.932e-11,1.082e-17,,3.279e-17,,3.414e-18,4.568e+0,1.344e-17,6.049e-18,1.020e-16,1.075e-12,2.546e-17
358.87,1.400e+3,4.401e-21,1.239e-8,5.400e-38,2.026e-35,2.080e-33,,4.871e-21,5.143e-23,,2.051e-15,6.203e+1,3.313e-11,1.001e-17,3.507e-20,4.399e-10,,3.002e-21,,2.552e-20,7.747e-19,1.092e-33,9.076e-18,5.270e+0,2.955e-26,1.249e+1,1.052e-19,1.640e-2,3.581e-21,1.025e+3,3.682e-20,1.149e-26,2.177e-20,4.561e-23,5.981e-6,1.662e+2,2.052e-6,,,6.787e-3,,,1.979e+1,,1.050e+2,1.330e-19,5.539e-18,4.069e-11,5.929e-11,1.074e-17,,3.283e-17,,3.412e-18,4.241e+0,1.343e-17,6.058e-18,1.020e-16,5.756e-13,2.548e-17
358.9,1.272e+3,4.403e-21,1.274e-8,1.316e-37,2.025e-35,2.058e-33,,4.772e-21,5.164e-23,,2.052e-15,5.705e+1,5.828e-11,1.001e-17,3.512e-20,4.734e-10,,7.264e-21,,2.555e-20,7.752e-19,1.092e-33,9.088e-18,7.238e+0,2.957e-26,1.533e+1,1.053e-19,2.124e-2,1.277e-21,9.076e+2,3.662e-20,1.148e-26,2.179e-20,4.563e-23,3.375e-6,1.369e+2,1.072e-6,,,4.080e-3,,,1.955e+1,,1.240e+2,1.330e-19,5.540e-18,1.626e-11,2.704e-11,1.062e-17,,3.290e-17,,3.409e-18,3.751e+0,1.343e-17,6.070e-18,1.019e-16,2.228e-13,2.552e-17
358.92,1.195e+3,4.404e-21,1.291e-8,2.367e-37,2.025e-35,2.043e-33,,4.706e-21,5.178e-23,,2.052e-15,5.357e+1,8.431e-11,1.001e-17,3.515e-20,4.935e-10,,1.299e-20,,2.558e-20,7.755e-19,1.091e-33,9.096e-18,8.878e+0,2.958e-26,1.746e+1,1.053e-19,2.519e-2,6.373e-22,8.352e+2,3.650e-20,1.148e-26,2.180e-20,4.564e-23,2.288e-6,1.195e+2,6.903e-7,,,2.884e-3,,,1.934e+1,,1.376e+2,1.330e-19,5.541e-18,8.758e-12,1.590e-11,1.054e-17,,3.294e-17,,3.407e-18,3.431e+0,1.342e-17,6.079e-18,1.019e-16,1.175e-13,2.554e-17
358.95,1.093e+3,4.406e-21,1.305e-8,5.645e-37,2.025e-35,2.021e-33,,4.608e-21,5.199e-23,,2.053e-15,4.820e+1,1.451e-10,1.002e-17,3.519e-20,5.194e-10,,3.075e-20,,2.562e-20,7.760e-19,1.090e-33,9.108e-18,1.193e+1,2.960e-26,2.098e+1,1.053e-19,3.234e-2,2.222e-22,7.347e+2,3.631e-20,1.147e-26,2.182e-20,4.565e-23,1.262e-6,9.635e+1,3.527e-7,,,1.695e-3,,,1.898e+1,,1.590e+2,1.329e-19,5.543e-18,3.422e-12,7.091e-12,1.042e-17,,3.301e-17,,3.404e-18,2.967e+0,1.341e-17,6.091e-18,1.018e-16,4.446e-14,2.557e-17
358.97,1.034e+3,4.407e-21,1.306e-8,1.000e-36,2.025e-35,2.006e-33,,4.542e-21,5.213e-23,,2.053e-15,4.459e+1,2.068e-10,1.002e-17,3.523e-20,5.334e-10,,5.421e-20,,2.564e-20,7.763e-19,1.090e-33,9.117e-18,1.441e+1,2.961e-26,2.354e+1,1.053e-19,3.799e-2,1.092e-22,6.730e+2,3.618e-20,1.146e-26,2.183e-20,4.566e-23,8.429e-7,8.292e+1,2.237e-7,,,1.181e-3,,,1.872e+1,,1.738e+2,1.329e-19,5.544e-18,1.816e-12,4.108e-12,1.034e-17,,3.305e-17,,3.402e-18,2.674e+0,1.341e-17,6.100e-18,1.018e-16,2.309e-14,2.560e-17
359,9.571e+2,4.409e-21,1.297e-8,2.334e-36,2.025e-35,1.984e-33,,4.443e-21,5.234e-23,,2.054e-15,3.925e+1,3.481e-10,1.003e-17,3.527e-20,5.491e-10,,1.255e-19,,2.568e-20,7.768e-19,1.089e-33,9.129e-18,1.893e+1,2.963e-26,2.768e+1,1.054e-19,4.789e-2,3.723e-23,5.886e+2,3.599e-20,1.145e-26,2.186e-20,4.567e-23,4.547e-7,6.562e+1,1.118e-7,,,6.787e-4,,,1.831e+1,,1.964e+2,1.329e-19,5.545e-18,6.937e-13,1.791e-12,1.022e-17,,3.312e-17,,3.399e-18,2.262e+0,1.340e-17,6.112e-18,1.017e-16,8.545e-15,2.563e-17
359.02,9.140e+2,4.411e-21,1.283e-8,4.077e-36,2.024e-35,1.970e-33,,4.377e-21,5.248e-23,,2.055e-15,3.579e+1,4.889e-10,1.003e-17,3.530e-20,5.557e-10,,2.180e-19,,2.571e-20,7.772e-19,1.089e-33,9.137e-18,2.255e+1,2.965e-26,3.061e+1,1.054e-19,5.550e-2,1.803e-23,5.376e+2,3.586e-20,1.144e-26,2.187e-20,4.568e-23,2.991e-7,5.587e+1,6.985e-8,,,4.657e-4,,,1.804e+1,,2.115e+2,1.329e-19,5.546e-18,3.625e-13,1.022e-12,1.014e-17,,3.316e-17,,3.397e-18,2.008e+0,1.339e-17,6.121e-18,1.017e-16,4.371e-15,2.565e-17
359.05,8.607e+2,4.413e-21,1.251e-8,9.310e-36,2.024e-35,1.948e-33,,4.279e-21,5.270e-23,,2.055e-15,3.082e+1,8.049e-10,1.004e-17,3.535e-20,5.594e-10,,4.937e-19,,2.575e-20,7.777e-19,1.088e-33,9.149e-18,2.897e+1,2.966e-26,3.521e+1,1.054e-19,6.850e-2,6.008e-24,4.689e+2,3.567e-20,1.143e-26,2.189e-20,4.570e-23,1.578e-7,4.372e+1,3.412e-8,,,2.617e-4,,,1.764e+1,,2.337e+2,1.328e-19,5.548e-18,1.354e-13,4.357e-13,1.002e-17,,3.323e-17,,3.394e-18,1.661e+0,1.338e-17,6.133e-18,1.016e-16,1.582e-15,2.569e-17
359.07,8.322e+2,4.414e-21,1.223e-8,1.603e-35,2.024e-35,1.933e-33,,4.213e-21,5.284e-23,,2.056e-15,2.769e+1,1.114e-9,1.004e-17,3.538e-20,5.577e-10,,8.451e-19,,2.577e-20,7.780e-19,1.087e-33,9.157e-18,3.399e+1,2.968e-26,3.837e+1,1.054e-19,7.825e-2,6.014e-24,4.281e+2,3.554e-20,1.143e-26,2.190e-20,4.571e-23,1.023e-7,3.716e+1,2.101e-8,,,1.769e-4,,,1.738e+1,,2.480e+2,1.328e-19,5.549e-18,6.971e-14,2.450e-13,9.945e-18,,3.327e-17,,3.392e-18,1.453e+0,1.338e-17,6.142e-18,1.016e-16,7.970e-16,2.571e-17
359.1,7.992e+2,4.416e-21,1.170e-8,3.581e-35,2.024e-35,1.911e-33,,4.114e-21,5.305e-23,,2.057e-15,2.333e+1,1.794e-9,1.004e-17,3.542e-20,5.491e-10,,1.872e-18,,2.581e-20,7.785e-19,1.087e-33,9.169e-18,4.272e+1,2.970e-26,4.317e+1,1.055e-19,9.450e-2,6.023e-24,3.742e+2,3.535e-20,1.142e-26,2.193e-20,4.572e-23,5.275e-8,2.945e+1,1.003e-8,,,9.722e-5,,,1.701e+1,,2.681e+2,1.328e-19,5.550e-18,2.546e-14,1.021e-13,9.825e-18,,3.333e-17,,3.389e-18,1.176e+0,1.337e-17,6.154e-18,1.015e-16,2.820e-16,2.574e-17
359.12,7.830e+2,4.417e-21,1.129e-8,6.075e-35,2.024e-35,1.896e-33,,4.048e-21,5.319e-23,,2.057e-15,2.066e+1,2.447e-9,1.005e-17,3.546e-20,5.394e-10,,3.158e-18,,2.584e-20,7.788e-19,1.086e-33,9.178e-18,4.938e+1,2.971e-26,4.635e+1,1.055e-19,1.064e-1,6.029e-24,3.429e+2,3.523e-20,1.141e-26,2.194e-20,4.573e-23,3.368e-8,2.564e+1,6.085e-9,,,6.474e-5,,,1.677e+1,,2.803e+2,1.328e-19,5.551e-18,1.291e-14,5.655e-14,9.745e-18,,3.338e-17,,3.387e-18,1.013e+0,1.336e-17,6.163e-18,1.015e-16,1.400e-16,2.577e-17
359.15,7.666e+2,4.419e-21,1.061e-8,1.328e-34,2.023e-35,1.874e-33,,3.949e-21,5.340e-23,,2.058e-15,1.702e+1,3.854e-9,1.005e-17,3.550e-20,5.194e-10,,6.843e-18,,2.587e-20,7.793e-19,1.085e-33,9.190e-18,6.070e+1,2.973e-26,5.099e+1,1.055e-19,1.257e-1,6.038e-24,3.024e+2,3.503e-20,1.140e-26,2.196e-20,4.574e-23,1.699e-8,2.184e+1,2.842e-9,,,3.479e-5,,,1.643e+1,,2.963e+2,1.328e-19,5.553e-18,4.610e-15,2.305e-14,9.625e-18,,3.344e-17,,3.384e-18,8.014e-1,1.335e-17,6.175e-18,1.014e-16,4.841e-17,2.580e-17
359.17,7.602e+2,4.421e-21,1.010e-8,2.221e-34,2.023e-35,1.860e-33,,3.884e-21,5.354e-23,,2.058e-15,1.486e+1,5.179e-9,1.006e-17,3.553e-20,5.027e-10,,1.138e-17,,2.590e-20,7.797e-19,1.085e-33,9.198e-18,6.914e+1,2.974e-26,5.395e+1,1.055e-19,1.394e-1,6.044e-24,2.794e+2,3.491e-20,1.139e-26,2.197e-20,4.575e-23,1.068e-8,2.056e+1,1.698e-9,,,2.283e-5,,,1.621e+1,,3.052e+2,1.327e-19,5.554e-18,2.303e-15,1.257e-14,9.545e-18,,3.349e-17,,3.382e-18,6.805e-1,1.335e-17,6.184e-18,1.014e-16,2.367e-17,2.582e-17
359.2,7.564e+2,4.423e-21,9.307e-9,4.750e-34,2.023e-35,1.837e-33,,3.785e-21,5.376e-23,,2.059e-15,1.198e+1,7.979e-9,1.006e-17,3.558e-20,4.734e-10,,2.411e-17,,2.594e-20,7.802e-19,1.084e-33,9.210e-18,8.312e+1,2.976e-26,5.805e+1,1.056e-19,1.610e-1,6.053e-24,2.505e+2,3.472e-20,1.138e-26,2.199e-20,4.576e-23,5.270e-9,2.056e+1,7.754e-10,,,1.199e-5,,,1.589e+1,,3.155e+2,1.327e-19,5.555e-18,8.041e-16,5.010e-15,9.425e-18,,3.355e-17,,1.002e-17,5.265e-1,1.334e-17,6.196e-18,1.013e-16,8.006e-18,2.586e-17
359.22,7.571e+2,4.424e-21,8.753e-9,7.829e-34,2.023e-35,1.823e-33,,3.719e-21,5.390e-23,,2.060e-15,1.030e+1,1.057e-8,1.006e-17,3.561e-20,4.514e-10,,3.950e-17,,2.596e-20,7.805e-19,1.083e-33,9.218e-18,9.328e+1,2.977e-26,6.051e+1,1.056e-19,1.760e-1,6.059e-24,2.346e+2,3.459e-20,1.138e-26,2.201e-20,4.577e-23,3.265e-9,2.192e+1,4.564e-10,,,7.752e-6,,,1.568e+1,,3.202e+2,1.327e-19,5.556e-18,3.957e-16,2.693e-15,9.345e-18,,3.360e-17,,2.051e-17,4.404e-1,1.333e-17,6.205e-18,1.013e-16,3.857e-18,2.588e-17
359.24,7.602e+2,4.425e-21,8.189e-9,1.283e-33,2.023e-35,1.808e-33,,3.653e-21,5.404e-23,,2.060e-15,8.805e+0,1.391e-8,1.007e-17,3.564e-20,4.279e-10,,6.432e-17,,2.599e-20,7.809e-19,1.083e-33,9.226e-18,1.041e+2,2.979e-26,6.270e+1,1.056e-19,1.913e-1,6.065e-24,2.210e+2,3.446e-20,1.137e-26,2.202e-20,4.578e-23,2.011e-9,2.448e+1,2.671e-10,,,4.980e-6,,,1.547e+1,,3.231e+2,1.327e-19,5.557e-18,1.936e-16,1.439e-15,9.265e-18,,3.364e-17,,4.176e-17,3.662e-1,1.333e-17,6.213e-18,1.012e-16,1.847e-18,2.590e-17
359.27,7.684e+2,4.427e-21,7.338e-9,2.662e-33,2.022e-35,1.786e-33,,3.555e-21,5.425e-23,,2.061e-15,6.884e+0,2.078e-8,1.007e-17,3.569e-20,3.906e-10,,1.322e-16,,2.603e-20,7.814e-19,1.082e-33,9.239e-18,1.213e+2,2.981e-26,6.540e+1,1.056e-19,2.142e-1,6.074e-24,2.045e+2,3.427e-20,1.136e-26,2.204e-20,4.580e-23,9.612e-10,3.086e+1,1.183e-10,,,2.536e-6,,,1.515e+1,,3.238e+2,1.327e-19,5.559e-18,6.548e-17,5.555e-16,9.145e-18,,3.370e-17,,1.200e-16,2.746e-1,1.332e-17,6.226e-18,1.012e-16,1.820e-18,2.594e-17
359.29,7.760e+2,4.429e-21,6.776e-9,4.298e-33,2.022e-35,1.771e-33,,3.489e-21,5.439e-23,,2.061e-15,5.799e+0,2.695e-8,1.008e-17,3.572e-20,3.648e-10,,2.121e-16,,2.605e-20,7.817e-19,1.082e-33,9.247e-18,1.333e+2,2.982e-26,6.677e+1,1.057e-19,2.294e-1,6.080e-24,1.957e+2,3.414e-20,1.135e-26,2.206e-20,4.580e-23,5.832e-10,3.706e+1,6.835e-11,,,1.605e-6,,,1.493e+1,,3.219e+2,1.326e-19,5.560e-18,3.155e-17,2.923e-16,9.065e-18,,3.375e-17,,2.406e-16,2.250e-1,1.331e-17,6.234e-18,1.011e-16,1.802e-18,2.596e-17
359.32,7.902e+2,4.431e-21,5.953e-9,8.726e-33,2.022e-35,1.749e-33,,3.390e-21,5.460e-23,,2.062e-15,4.435e+0,3.938e-8,1.008e-17,3.576e-20,3.257e-10,,4.265e-16,,2.609e-20,7.822e-19,1.081e-33,9.259e-18,1.520e+2,2.984e-26,6.812e+1,1.057e-19,2.513e-1,6.089e-24,1.852e+2,3.395e-20,1.134e-26,2.208e-20,4.582e-23,2.726e-10,4.987e+1,3.006e-11,,,7.993e-7,,,1.461e+1,,3.155e+2,1.326e-19,5.561e-18,3.145e-17,1.104e-16,8.945e-18,,3.381e-17,,6.763e-16,1.650e-1,1.330e-17,6.247e-18,1.011e-16,1.775e-18,2.599e-17
359.34,8.016e+2,4.432e-21,5.424e-9,1.389e-32,2.022e-35,1.735e-33,,3.324e-21,5.474e-23,,2.063e-15,3.682e+0,5.033e-8,1.009e-17,3.579e-20,2.997e-10,,6.744e-16,,2.612e-20,7.825e-19,1.080e-33,9.267e-18,1.646e+2,2.985e-26,6.853e+1,1.057e-19,2.652e-1,6.095e-24,1.797e+2,3.383e-20,1.133e-26,2.209e-20,4.583e-23,1.629e-10,6.116e+1,1.778e-11,,,4.984e-7,,,1.439e+1,,3.091e+2,1.326e-19,5.562e-18,3.138e-17,5.722e-17,8.865e-18,,3.386e-17,,1.337e-15,1.332e-1,1.330e-17,6.255e-18,1.010e-16,1.757e-18,2.601e-17
359.37,8.217e+2,4.434e-21,4.671e-9,2.759e-32,2.022e-35,1.713e-33,,3.225e-21,5.496e-23,,2.063e-15,2.755e+0,7.193e-8,1.009e-17,3.584e-20,2.617e-10,,1.326e-15,,2.616e-20,7.830e-19,1.080e-33,9.279e-18,1.835e+2,2.987e-26,6.838e+1,1.057e-19,2.843e-1,6.104e-24,1.731e+2,3.363e-20,1.132e-26,2.211e-20,4.584e-23,7.445e-11,8.312e+1,9.551e-12,,,2.427e-7,,,1.407e+1,,2.963e+2,1.326e-19,5.564e-18,3.128e-17,2.112e-17,8.745e-18,,3.392e-17,,3.676e-15,9.555e-2,1.329e-17,6.268e-18,1.010e-16,1.730e-18,2.605e-17
359.39,8.373e+2,4.435e-21,4.200e-9,4.329e-32,2.021e-35,1.698e-33,,3.160e-21,5.510e-23,,2.064e-15,2.254e+0,9.059e-8,1.009e-17,3.587e-20,2.373e-10,,2.067e-15,,2.618e-20,7.834e-19,1.079e-33,9.287e-18,1.959e+2,2.988e-26,6.777e+1,1.058e-19,2.956e-1,6.110e-24,1.696e+2,3.351e-20,1.132e-26,2.213e-20,4.585e-23,4.384e-11,1.017e+2,8.311e-12,,,1.491e-7,,,1.387e+1,,2.859e+2,1.326e-19,5.565e-18,3.121e-17,1.079e-17,8.665e-18,,3.397e-17,,7.162e-15,7.601e-2,1.328e-17,6.276e-18,1.009e-16,1.712e-18,2.607e-17
359.42,8.650e+2,4.437e-21,3.544e-9,8.414e-32,2.021e-35,1.676e-33,,3.061e-21,5.531e-23,,2.065e-15,1.650e+0,1.266e-7,1.010e-17,3.592e-20,2.026e-10,,3.976e-15,,2.622e-20,7.839e-19,1.078e-33,9.300e-18,2.136e+2,2.990e-26,6.614e+1,1.058e-19,3.100e-1,6.119e-24,1.651e+2,3.332e-20,1.131e-26,2.215e-20,4.586e-23,1.959e-11,1.366e+2,1.169e-11,,,7.097e-8,,,1.359e+1,,2.681e+2,1.325e-19,5.566e-18,3.111e-17,3.894e-18,8.545e-18,,3.403e-17,,1.926e-14,5.335e-2,1.327e-17,6.289e-18,1.009e-16,1.686e-18,2.611e-17
359.44,8.869e+2,4.438e-21,3.144e-9,1.301e-31,2.021e-35,1.661e-33,,2.995e-21,5.545e-23,,2.065e-15,1.330e+0,1.572e-7,1.010e-17,3.595e-20,1.810e-10,,6.106e-15,,2.625e-20,7.842e-19,1.078e-33,9.308e-18,2.246e+2,2.992e-26,6.459e+1,1.058e-19,3.177e-1,6.125e-24,1.624e+2,3.319e-20,1.130e-26,2.216e-20,4.587e-23,1.137e-11,1.653e+2,1.834e-11,,,4.295e-8,,,1.343e+1,,2.549e+2,1.325e-19,5.567e-18,3.104e-17,1.959e-18,8.465e-18,,3.407e-17,,3.698e-14,4.185e-2,1.327e-17,6.297e-18,1.008e-16,1.668e-18,2.613e-17
359.47,9.260e+2,4.440e-21,2.600e-9,2.474e-31,2.021e-35,1.639e-33,,2.896e-21,5.566e-23,,2.066e-15,9.526e-1,2.149e-7,1.011e-17,3.599e-20,1.511e-10,,1.149e-14,,2.629e-20,7.847e-19,1.077e-33,9.320e-18,2.395e+2,2.993e-26,6.165e+1,1.058e-19,3.261e-1,6.134e-24,1.586e+2,3.300e-20,1.129e-26,2.218e-20,4.589e-23,4.966e-12,2.179e+2,3.979e-11,,,2.000e-8,,,1.322e+1,,2.337e+2,1.325e-19,5.569e-18,3.094e-17,6.913e-19,8.345e-18,,3.414e-17,,9.731e-14,2.880e-2,1.326e-17,6.310e-18,1.007e-16,1.641e-18,2.616e-17
359.49,9.571e+2,4.442e-21,2.276e-9,3.771e-31,2.021e-35,1.624e-33,,2.831e-21,5.580e-23,,2.066e-15,7.569e-1,2.628e-7,1.011e-17,3.602e-20,1.330e-10,,1.739e-14,,2.631e-20,7.850e-19,1.076e-33,9.328e-18,2.482e+2,2.995e-26,5.933e+1,1.059e-19,3.294e-1,6.140e-24,1.562e+2,3.287e-20,1.128e-26,2.220e-20,4.590e-23,2.838e-12,2.602e+2,6.760e-11,,,1.192e-8,,,1.311e+1,,2.190e+2,1.325e-19,5.570e-18,3.087e-17,3.427e-19,8.265e-18,,3.418e-17,,1.841e-13,2.232e-2,1.325e-17,6.318e-18,1.007e-16,1.623e-18,2.618e-17
359.52,1.013e+3,4.444e-21,1.844e-9,7.017e-31,2.020e-35,1.602e-33,,2.732e-21,5.601e-23,,2.067e-15,5.302e-1,3.515e-7,1.012e-17,3.607e-20,1.086e-10,,3.201e-14,,2.635e-20,7.855e-19,1.076e-33,9.340e-18,2.589e+2,2.997e-26,5.539e+1,1.059e-19,3.310e-1,6.149e-24,1.525e+2,3.268e-20,1.127e-26,2.222e-20,4.591e-23,1.213e-12,3.360e+2,1.491e-10,,,5.427e-9,,,1.302e+1,,1.964e+2,1.325e-19,5.571e-18,3.077e-17,1.182e-19,8.145e-18,,3.425e-17,,4.740e-13,1.516e-2,1.325e-17,6.331e-18,1.006e-16,1.596e-18,2.622e-17
359.54,1.057e+3,4.445e-21,1.592e-9,1.054e-30,2.020e-35,1.588e-33,,2.666e-21,5.616e-23,,2.068e-15,4.151e-1,4.236e-7,1.012e-17,3.610e-20,9.420e-11,,4.773e-14,,2.638e-20,7.859e-19,1.075e-33,9.348e-18,2.643e+2,2.998e-26,5.253e+1,1.059e-19,3.298e-1,6.155e-24,1.500e+2,3.255e-20,1.127e-26,2.223e-20,4.592e-23,6.827e-13,3.956e+2,2.511e-10,,,3.188e-9,,,1.299e+1,,1.813e+2,1.324e-19,5.572e-18,3.070e-17,5.773e-20,8.065e-18,,3.429e-17,,8.838e-13,1.172e-2,1.324e-17,6.339e-18,1.006e-16,1.578e-18,2.624e-17
359.57,1.136e+3,4.447e-21,1.264e-9,1.919e-30,2.020e-35,1.566e-33,,2.567e-21,5.637e-23,,2.068e-15,2.845e-1,5.542e-7,1.012e-17,3.615e-20,7.523e-11,,8.595e-14,,2.641e-20,7.864e-19,1.074e-33,9.360e-18,2.696e+2,3.000e-26,4.798e+1,1.059e-19,3.246e-1,6.164e-24,1.462e+2,3.236e-20,1.126e-26,2.225e-20,4.593e-23,2.852e-13,5.000e+2,5.431e-10,,,1.419e-9,,,1.302e+1,,1.590e+2,1.324e-19,5.574e-18,3.060e-17,1.948e-20,7.945e-18,,3.436e-17,,2.226e-12,8.054e-3,1.323e-17,6.352e-18,1.005e-16,1.551e-18,2.627e-17
359.59,1.198e+3,4.448e-21,1.076e-9,2.842e-30,2.020e-35,1.551e-33,,2.501e-21,5.651e-23,,2.069e-15,2.195e-1,6.580e-7,1.013e-17,3.618e-20,6.428e-11,,1.263e-13,,2.644e-20,7.867e-19,1.074e-33,9.369e-18,2.712e+2,3.001e-26,4.484e+1,1.060e-19,3.190e-1,6.170e-24,1.437e+2,3.224e-20,1.125e-26,2.227e-20,4.594e-23,1.582e-13,5.804e+2,9.018e-10,,,8.210e-10,,,1.309e+1,,1.446e+2,1.324e-19,5.575e-18,3.053e-17,9.368e-21,7.865e-18,,3.440e-17,,4.090e-12,6.390e-3,1.323e-17,6.360e-18,1.005e-16,1.533e-18,2.630e-17
359.62,1.307e+3,4.450e-21,8.371e-10,5.063e-30,2.020e-35,1.529e-33,,2.403e-21,5.672e-23,,2.070e-15,1.471e-1,8.420e-7,1.013e-17,3.622e-20,5.021e-11,,2.225e-13,,2.648e-20,7.872e-19,1.073e-33,9.381e-18,2.706e+2,3.003e-26,4.009e+1,1.060e-19,3.078e-1,6.179e-24,1.401e+2,3.204e-20,1.124e-26,2.229e-20,4.595e-23,6.463e-14,7.180e+2,1.908e-9,,,3.574e-10,,,1.325e+1,,1.240e+2,1.324e-19,5.576e-18,3.043e-17,1.108e-20,7.745e-18,,3.447e-17,,1.008e-11,4.783e-3,1.322e-17,6.373e-18,1.004e-16,1.507e-18,2.633e-17
359.64,1.390e+3,4.452e-21,7.031e-10,7.388e-30,2.019e-35,1.514e-33,,2.337e-21,5.686e-23,,2.070e-15,1.119e-1,9.852e-7,1.014e-17,3.625e-20,4.227e-11,,3.221e-13,,2.650e-20,7.875e-19,1.073e-33,9.389e-18,2.682e+2,3.004e-26,3.694e+1,1.060e-19,2.986e-1,6.185e-24,1.380e+2,3.192e-20,1.123e-26,2.230e-20,4.596e-23,3.532e-14,8.214e+2,3.122e-9,,,2.037e-10,,,1.339e+1,,1.111e+2,1.324e-19,5.577e-18,3.036e-17,1.222e-20,7.666e-18,,3.451e-17,,1.825e-11,4.184e-3,1.321e-17,6.381e-18,1.004e-16,1.489e-18,2.635e-17
359.66,1.482e+3,4.453e-21,5.873e-10,1.072e-29,2.019e-35,1.499e-33,,2.271e-21,5.700e-23,,2.071e-15,8.457e-2,1.146e-6,1.014e-17,3.628e-20,3.538e-11,,4.637e-13,,2.653e-20,7.879e-19,1.072e-33,9.397e-18,2.643e+2,3.006e-26,3.386e+1,1.060e-19,2.883e-1,6.191e-24,1.361e+2,3.179e-20,1.123e-26,2.231e-20,4.597e-23,1.920e-14,9.344e+2,5.079e-9,,,1.154e-10,,,1.357e+1,,9.901e+1,1.323e-19,5.578e-18,3.030e-17,1.336e-20,7.586e-18,,3.455e-17,,3.285e-11,3.894e-3,1.320e-17,6.390e-18,1.004e-16,1.471e-18,2.638e-17
359.69,1.637e+3,4.455e-21,4.437e-10,1.853e-29,2.019e-35,1.477e-33,,2.172e-21,5.721e-23,,2.071e-15,5.497e-2,1.422e-6,1.014e-17,3.633e-20,2.678e-11,,7.920e-13,,2.657e-20,7.884e-19,1.071e-33,9.409e-18,2.556e+2,3.008e-26,2.943e+1,1.061e-19,2.712e-1,6.200e-24,1.341e+2,3.160e-20,1.122e-26,2.233e-20,4.599e-23,7.643e-15,1.122e+3,1.042e-8,,,4.869e-11,,,1.387e+1,,8.233e+1,1.323e-19,5.579e-18,3.019e-17,1.507e-20,7.466e-18,,3.462e-17,,7.848e-11,3.958e-3,1.320e-17,6.402e-18,1.003e-16,1.444e-18,2.641e-17
359.71,1.752e+3,4.456e-21,3.655e-10,2.649e-29,2.019e-35,1.463e-33,,2.107e-21,5.736e-23,,2.072e-15,4.095e-2,1.630e-6,1.015e-17,3.636e-20,2.208e-11,,1.123e-12,,2.659e-20,7.887e-19,1.071e-33,9.417e-18,2.482e+2,3.009e-26,2.664e+1,1.061e-19,2.590e-1,6.206e-24,1.333e+2,3.147e-20,1.121e-26,2.235e-20,4.599e-23,4.164e-15,1.258e+3,1.670e-8,,,2.718e-11,,,1.409e+1,,7.226e+1,1.323e-19,5.580e-18,3.013e-17,1.621e-20,7.386e-18,,3.466e-17,,1.392e-10,4.298e-3,1.319e-17,6.411e-18,1.002e-16,1.426e-18,2.643e-17
359.74,1.942e+3,4.458e-21,2.705e-10,4.480e-29,2.019e-35,1.441e-33,,2.008e-21,5.757e-23,,2.073e-15,2.604e-2,1.977e-6,1.015e-17,3.641e-20,1.635e-11,,1.877e-12,,2.663e-20,7.892e-19,1.070e-33,9.430e-18,2.348e+2,3.011e-26,2.277e+1,1.061e-19,2.399e-1,6.215e-24,1.335e+2,3.128e-20,1.120e-26,2.237e-20,4.601e-23,1.857e-15,1.477e+3,3.353e-8,,,1.121e-11,,,1.445e+1,,5.877e+1,1.323e-19,5.582e-18,3.003e-17,1.792e-20,7.266e-18,,3.473e-17,,3.255e-10,5.234e-3,1.318e-17,6.423e-18,1.002e-16,1.399e-18,2.647e-17
359.76,2.078e+3,4.460e-21,2.197e-10,6.314e-29,2.018e-35,1.426e-33,,1.942e-21,5.771e-23,,2.073e-15,1.911e-2,2.233e-6,1.016e-17,3.644e-20,1.329e-11,,2.624e-12,,2.666e-20,7.895e-19,1.069e-33,9.438e-18,2.246e+2,3.012e-26,2.042e+1,1.061e-19,2.270e-1,6.221e-24,1.346e+2,3.115e-20,1.119e-26,2.238e-20,4.602e-23,1.392e-15,1.633e+3,5.297e-8,,,6.166e-12,,,1.469e+1,,5.083e+1,1.323e-19,5.583e-18,2.996e-17,1.906e-20,7.186e-18,,3.477e-17,,5.690e-10,6.143e-3,1.318e-17,6.432e-18,1.001e-16,1.381e-18,2.649e-17
359.79,2.296e+3,4.462e-21,1.592e-10,1.045e-28,2.018e-35,1.404e-33,,1.843e-21,5.792e-23,,2.074e-15,1.189e-2,2.651e-6,1.016e-17,3.648e-20,9.621e-12,,4.288e-12,,2.670e-20,7.900e-19,1.069e-33,9.450e-18,2.078e+2,3.014e-26,1.730e+1,1.062e-19,2.079e-1,6.230e-24,1.381e+2,3.096e-20,1.118e-26,2.240e-20,4.603e-23,1.864e-15,1.877e+3,1.040e-7,,,2.487e-12,,,1.503e+1,,4.043e+1,1.322e-19,5.584e-18,2.986e-17,2.077e-20,7.066e-18,,3.484e-17,,1.301e-9,7.961e-3,1.317e-17,6.444e-18,1.001e-16,1.354e-18,2.652e-17
359.81,2.449e+3,4.463e-21,1.276e-10,1.452e-28,2.018e-35,1.389e-33,,1.777e-21,5.806e-23,,2.074e-15,8.601e-3,2.950e-6,1.016e-17,3.651e-20,7.701e-12,,5.907e-12,,2.672e-20,7.904e-19,1.068e-33,9.458e-18,1.959e+2,3.015e-26,1.548e+1,1.062e-19,1.956e-1,6.236e-24,1.417e+2,3.084e-20,1.118e-26,2.242e-20,4.604e-23,3.186e-15,2.046e+3,1.619e-7,,,1.347e-12,,,1.525e+1,,3.446e+1,1.322e-19,5.585e-18,2.979e-17,2.191e-20,6.986e-18,,3.488e-17,,2.242e-9,9.499e-3,1.316e-17,6.453e-18,1.000e-16,1.336e-18,2.655e-17
359.84,2.684e+3,4.465e-21,9.051e-11,2.351e-28,2.018e-35,1.367e-33,,1.679e-21,5.827e-23,,2.075e-15,5.234e-3,3.426e-6,1.017e-17,3.656e-20,5.454e-12,,9.444e-12,,2.676e-20,7.909e-19,1.067e-33,9.470e-18,1.773e+2,3.017e-26,1.319e+1,1.062e-19,1.782e-1,6.245e-24,1.494e+2,3.064e-20,1.117e-26,2.244e-20,4.605e-23,8.208e-15,2.302e+3,3.110e-7,,,5.314e-13,,,1.553e+1,,2.682e+1,1.322e-19,5.587e-18,2.969e-17,2.362e-20,6.866e-18,,3.495e-17,,5.015e-9,1.235e-2,1.315e-17,6.465e-18,9.998e-17,1.310e-18,2.658e-17
359.86,2.844e+3,4.466e-21,7.150e-11,3.218e-28,2.018e-35,1.353e-33,,1.613e-21,5.841e-23,,2.076e-15,3.731e-3,3.756e-6,1.017e-17,3.659e-20,4.301e-12,,1.282e-11,,2.679e-20,7.912e-19,1.067e-33,9.478e-18,1.646e+2,3.018e-26,1.195e+1,1.062e-19,1.675e-1,6.251e-24,1.561e+2,3.052e-20,1.116e-26,2.245e-20,4.606e-23,1.570e-14,2.473e+3,4.771e-7,,,2.836e-13,,,1.568e+1,,2.254e+1,1.322e-19,5.588e-18,2.962e-17,2.476e-20,6.786e-18,,3.499e-17,,8.516e-9,1.465e-2,1.315e-17,6.474e-18,9.993e-17,1.292e-18,2.660e-17
359.89,3.082e+3,4.468e-21,4.968e-11,5.100e-28,2.017e-35,1.330e-33,,1.514e-21,5.863e-23,,2.076e-15,2.221e-3,4.266e-6,1.018e-17,3.664e-20,2.979e-12,,2.005e-11,,2.682e-20,7.917e-19,1.066e-33,9.491e-18,1.457e+2,3.020e-26,1.053e+1,1.063e-19,1.531e-1,6.260e-24,1.690e+2,3.033e-20,1.115e-26,2.247e-20,4.608e-23,4.131e-14,2.724e+3,8.966e-7,,,1.094e-13,,,1.583e+1,,1.718e+1,1.321e-19,5.589e-18,2.952e-17,2.647e-20,6.666e-18,,3.505e-17,,1.864e-8,1.876e-2,1.314e-17,6.486e-18,9.987e-17,1.265e-18,2.664e-17
359.91,3.238e+3,4.470e-21,3.869e-11,6.881e-28,2.017e-35,1.316e-33,,1.448e-21,5.877e-23,,2.077e-15,1.560e-3,4.610e-6,1.018e-17,3.667e-20,2.315e-12,,2.681e-11,,2.685e-20,7.921e-19,1.066e-33,9.499e-18,1.333e+2,3.022e-26,9.878e+0,1.063e-19,1.448e-1,6.266e-24,1.795e+2,3.020e-20,1.114e-26,2.249e-20,4.609e-23,7.826e-14,2.884e+3,1.355e-6,,,5.752e-14,,,1.589e+1,,1.425e+1,1.321e-19,5.590e-18,2.945e-17,2.761e-20,6.586e-18,,3.510e-17,,3.118e-8,2.197e-2,1.313e-17,6.495e-18,9.983e-17,1.247e-18,2.666e-17
359.94,3.460e+3,4.472e-21,2.632e-11,1.067e-27,2.017e-35,1.294e-33,,1.350e-21,5.898e-23,,2.078e-15,9.086e-4,5.121e-6,1.019e-17,3.671e-20,1.568e-12,,4.102e-11,,7.953e-20,7.926e-19,1.065e-33,9.511e-18,1.154e+2,3.024e-26,9.329e+0,1.063e-19,1.344e-1,6.275e-24,1.985e+2,3.001e-20,1.113e-26,2.251e-20,4.610e-23,2.019e-13,3.110e+3,2.492e-6,,,2.169e-14,,,1.588e+1,,1.069e+1,1.321e-19,5.592e-18,2.935e-17,2.932e-20,6.466e-18,,3.516e-17,,6.677e-8,2.757e-2,1.312e-17,6.507e-18,9.977e-17,1.220e-18,2.669e-17
359.96,3.598e+3,4.473e-21,2.021e-11,1.419e-27,2.017e-35,1.279e-33,,1.284e-21,5.912e-23,,2.078e-15,6.289e-4,5.453e-6,1.019e-17,3.674e-20,1.200e-12,,5.407e-11,,1.628e-19,7.929e-19,1.064e-33,9.519e-18,1.041e+2,3.025e-26,9.249e+0,1.063e-19,1.291e-1,6.281e-24,2.134e+2,2.988e-20,1.113e-26,2.252e-20,4.611e-23,3.770e-13,3.247e+3,3.712e-6,,,1.124e-14,,,1.582e+1,,8.791e+0,1.321e-19,5.593e-18,2.928e-17,3.046e-20,6.386e-18,,3.521e-17,,1.101e-7,3.184e-2,1.312e-17,6.516e-18,9.972e-17,1.202e-18,2.672e-17
359.99,3.786e+3,4.475e-21,1.346e-11,2.153e-27,2.017e-35,1.257e-33,,1.185e-21,5.933e-23,,2.079e-15,3.583e-4,5.925e-6,1.019e-17,3.679e-20,7.953e-13,,8.092e-11,,4.718e-19,7.934e-19,1.063e-33,9.531e-18,8.812e+1,3.027e-26,9.551e+0,1.064e-19,1.236e-1,6.290e-24,2.393e+2,2.969e-20,1.112e-26,2.254e-20,4.612e-23,9.513e-13,3.427e+3,6.675e-6,,,4.143e-15,,,1.563e+1,,6.566e+0,1.321e-19,5.594e-18,2.918e-17,3.217e-20,6.266e-18,,3.527e-17,,2.306e-7,3.909e-2,1.311e-17,6.528e-18,9.966e-17,1.175e-18,2.675e-17
360.01,3.896e+3,4.476e-21,1.019e-11,2.823e-27,2.016e-35,1.242e-33,,1.119e-21,5.947e-23,,2.079e-15,2.444e-4,6.217e-6,1.020e-17,3.682e-20,5.999e-13,,1.051e-10,,9.521e-19,7.937e-19,1.063e-33,9.539e-18,7.828e+1,3.028e-26,1.003e+1,1.064e-19,1.218e-1,6.296e-24,2.591e+2,2.956e-20,1.111e-26,2.256e-20,4.613e-23,1.751e-12,3.527e+3,9.800e-6,,,2.114e-15,,,1.544e+1,,5.439e+0,1.320e-19,5.595e-18,2.911e-17,3.331e-20,6.186e-18,,3.532e-17,,3.748e-7,4.450e-2,1.310e-17,6.537e-18,9.962e-17,1.157e-18,2.677e-17
360.03,3.991e+3,4.478e-21,7.673e-12,3.679e-27,2.016e-35,1.228e-33,,1.053e-21,5.961e-23,,2.080e-15,1.657e-4,6.484e-6,1.020e-17,3.685e-20,4.498e-13,,1.357e-10,,1.910e-18,7.941e-19,1.062e-33,9.547e-18,6.914e+1,3.029e-26,1.072e+1,1.064e-19,1.216e-1,6.302e-24,2.810e+2,2.944e-20,1.110e-26,2.257e-20,4.614e-23,3.203e-12,3.610e+3,1.430e-5,,,1.073e-15,,,1.519e+1,,4.561e+0,1.320e-19,5.596e-18,2.904e-17,3.445e-20,6.106e-18,,3.536e-17,,6.055e-7,5.036e-2,1.310e-17,6.545e-18,9.958e-17,1.139e-18,2.680e-17
360.06,4.104e+3,4.480e-21,4.959e-12,5.415e-27,2.016e-35,1.206e-33,,9.547e-22,5.983e-23,,2.081e-15,9.155e-5,6.831e-6,1.021e-17,3.690e-20,2.889e-13,,1.969e-10,,5.368e-18,7.946e-19,1.062e-33,9.560e-18,5.675e+1,3.031e-26,1.215e+1,1.064e-19,1.245e-1,6.311e-24,3.181e+2,2.925e-20,1.109e-26,2.259e-20,4.615e-23,7.839e-12,3.699e+3,2.494e-5,,,3.833e-16,,,1.473e+1,,3.654e+0,1.320e-19,5.598e-18,2.894e-17,3.616e-20,5.986e-18,,3.542e-17,,1.230e-6,5.996e-2,1.309e-17,6.558e-18,9.952e-17,1.113e-18,2.683e-17
360.08,4.159e+3,4.481e-21,3.681e-12,6.956e-27,2.016e-35,1.191e-33,,8.889e-22,5.997e-23,,2.081e-15,6.118e-5,7.021e-6,1.021e-17,3.693e-20,2.134e-13,,2.505e-10,,1.061e-17,7.949e-19,1.061e-33,9.568e-18,4.938e+1,3.033e-26,1.336e+1,1.064e-19,1.287e-1,6.317e-24,3.458e+2,2.912e-20,1.109e-26,2.261e-20,4.616e-23,1.413e-11,3.732e+3,3.587e-5,,,1.916e-16,,,1.437e+1,,3.296e+0,1.320e-19,5.599e-18,2.887e-17,3.730e-20,5.906e-18,,3.547e-17,,1.958e-6,6.686e-2,1.308e-17,6.566e-18,9.947e-17,1.095e-18,2.685e-17
360.11,4.208e+3,4.483e-21,2.329e-12,1.002e-26,2.016e-35,1.169e-33,,7.902e-22,6.018e-23,,2.082e-15,3.305e-5,7.235e-6,1.021e-17,3.697e-20,1.340e-13,,3.556e-10,,2.918e-17,7.954e-19,1.060e-33,9.580e-18,3.964e+1,3.035e-26,1.554e+1,1.065e-19,1.391e-1,6.326e-24,3.921e+2,2.893e-20,1.108e-26,2.263e-20,4.618e-23,3.385e-11,3.744e+3,6.120e-5,,,6.694e-17,,,1.374e+1,,3.099e+0,1.320e-19,5.600e-18,2.877e-17,3.901e-20,5.786e-18,,3.553e-17,,3.891e-6,7.786e-2,1.307e-17,6.579e-18,9.941e-17,1.068e-18,2.689e-17
360.13,4.219e+3,4.484e-21,1.704e-12,1.268e-26,2.015e-35,1.154e-33,,7.244e-22,6.032e-23,,2.082e-15,2.177e-5,7.328e-6,1.022e-17,3.701e-20,9.756e-14,,4.459e-10,,5.687e-17,7.957e-19,1.060e-33,9.588e-18,3.399e+1,3.036e-26,1.722e+1,1.065e-19,1.489e-1,6.332e-24,4.262e+2,2.880e-20,1.107e-26,2.264e-20,4.618e-23,6.014e-11,3.725e+3,8.674e-5,,,3.296e-17,,,1.327e+1,,3.186e+0,1.319e-19,5.601e-18,2.870e-17,4.015e-20,5.706e-18,,3.558e-17,,6.105e-6,8.556e-2,1.307e-17,6.587e-18,9.937e-17,1.050e-18,2.691e-17
360.16,4.204e+3,4.486e-21,1.055e-12,1.788e-26,2.015e-35,1.132e-33,,6.256e-22,6.053e-23,,2.083e-15,1.151e-5,7.387e-6,1.022e-17,3.705e-20,5.992e-14,,6.192e-10,,1.530e-16,7.962e-19,1.059e-33,9.600e-18,2.669e+1,3.038e-26,2.004e+1,1.065e-19,1.686e-1,6.341e-24,4.826e+2,2.861e-20,1.106e-26,2.266e-20,4.620e-23,1.409e-10,3.658e+3,1.448e-4,,,1.126e-17,,,1.251e+1,,3.651e+0,1.319e-19,5.603e-18,2.860e-17,4.187e-20,5.586e-18,,3.564e-17,,1.187e-5,9.747e-2,1.306e-17,6.600e-18,9.931e-17,1.023e-18,2.694e-17
360.18,4.174e+3,4.487e-21,7.610e-13,2.231e-26,2.015e-35,1.117e-33,,5.598e-22,6.067e-23,,2.084e-15,7.466e-6,7.372e-6,1.023e-17,3.708e-20,4.297e-14,,7.650e-10,,2.938e-16,7.966e-19,1.059e-33,9.608e-18,2.255e+1,3.039e-26,2.211e+1,1.065e-19,1.854e-1,6.347e-24,5.238e+2,2.848e-20,1.105e-26,2.267e-20,4.621e-23,2.467e-10,3.589e+3,2.022e-4,,,5.462e-18,,,1.198e+1,,4.195e+0,1.319e-19,5.604e-18,2.853e-17,4.301e-20,5.506e-18,,3.569e-17,,1.835e-5,1.055e-1,1.305e-17,6.608e-18,9.927e-17,1.005e-18,2.696e-17
360.21,4.103e+3,4.489e-21,4.612e-13,3.076e-26,2.015e-35,1.095e-33,,4.611e-22,6.088e-23,,2.084e-15,3.860e-6,7.269e-6,1.023e-17,3.713e-20,2.581e-14,,1.039e-9,,7.733e-16,7.971e-19,1.058e-33,9.621e-18,1.731e+1,3.041e-26,2.544e+1,1.066e-19,2.168e-1,6.356e-24,5.914e+2,2.829e-20,1.104e-26,2.270e-20,4.622e-23,5.655e-10,3.452e+3,3.301e-4,,,5.384e-18,,,1.115e+1,,5.401e+0,1.319e-19,5.605e-18,2.843e-17,4.472e-20,5.386e-18,,3.575e-17,,3.490e-5,1.176e-1,1.304e-17,6.621e-18,9.920e-17,9.783e-19,2.700e-17
360.23,4.041e+3,4.491e-21,3.279e-13,3.784e-26,2.015e-35,1.081e-33,,3.953e-22,6.103e-23,,2.085e-15,2.468e-6,7.148e-6,1.023e-17,3.716e-20,1.824e-14,,1.265e-9,,1.464e-15,7.974e-19,1.057e-33,9.629e-18,1.441e+1,3.042e-26,2.777e+1,1.066e-19,2.424e-1,6.362e-24,6.404e+2,2.816e-20,1.103e-26,2.271e-20,4.623e-23,9.760e-10,3.341e+3,4.543e-4,,,5.332e-18,,,1.058e+1,,6.496e+0,1.319e-19,5.606e-18,2.836e-17,4.586e-20,5.306e-18,,3.579e-17,,5.318e-5,1.255e-1,1.304e-17,6.629e-18,9.916e-17,9.604e-19,2.702e-17
360.26,3.928e+3,4.493e-21,1.945e-13,5.106e-26,2.014e-35,1.059e-33,,2.965e-22,6.124e-23,,2.086e-15,1.248e-6,6.895e-6,1.024e-17,3.721e-20,1.072e-14,,1.681e-9,,3.769e-15,7.979e-19,1.057e-33,9.641e-18,1.082e+1,3.044e-26,3.140e+1,1.066e-19,2.885e-1,6.371e-24,7.200e+2,2.797e-20,1.102e-26,2.273e-20,4.624e-23,2.189e-9,3.147e+3,7.256e-4,,,5.254e-18,,,9.739e+0,,8.643e+0,1.318e-19,5.608e-18,2.826e-17,4.757e-20,5.186e-18,,3.586e-17,,9.895e-5,1.368e-1,1.303e-17,6.642e-18,9.910e-17,9.336e-19,2.706e-17
360.28,3.845e+3,4.494e-21,1.363e-13,6.190e-26,2.014e-35,1.044e-33,,6.116e-22,6.138e-23,,2.086e-15,7.866e-7,6.682e-6,1.024e-17,3.724e-20,7.460e-15,,2.017e-9,,7.030e-15,7.982e-19,1.056e-33,9.649e-18,8.878e+0,3.045e-26,3.384e+1,1.066e-19,3.248e-1,6.377e-24,7.772e+2,2.785e-20,1.102e-26,2.274e-20,4.625e-23,3.722e-9,3.005e+3,9.841e-4,,,5.202e-18,,,9.190e+0,,1.046e+1,1.318e-19,5.609e-18,2.819e-17,4.871e-20,5.106e-18,,3.590e-17,,1.486e-4,1.438e-1,1.302e-17,6.650e-18,9.906e-17,9.157e-19,2.708e-17
360.31,3.711e+3,4.496e-21,7.910e-14,8.174e-26,2.014e-35,1.022e-33,,1.792e-21,6.159e-23,,2.087e-15,3.892e-7,6.306e-6,1.025e-17,3.728e-20,4.286e-15,,2.621e-9,,1.771e-14,7.987e-19,1.055e-33,9.661e-18,6.522e+0,3.047e-26,3.749e+1,1.067e-19,3.884e-1,6.386e-24,8.695e+2,2.765e-20,1.101e-26,2.277e-20,4.627e-23,8.167e-9,2.775e+3,1.538e-3,,,5.124e-18,,,8.407e+0,,1.386e+1,1.318e-19,5.610e-18,2.809e-17,5.042e-20,4.986e-18,,3.597e-17,,2.704e-4,1.533e-1,1.302e-17,6.663e-18,9.899e-17,8.888e-19,2.711e-17
360.33,3.620e+3,4.497e-21,5.464e-14,9.768e-26,2.014e-35,1.007e-33,,3.643e-21,6.173e-23,,2.087e-15,2.416e-7,6.023e-6,1.025e-17,3.731e-20,2.940e-15,,3.099e-9,,3.256e-14,7.991e-19,1.055e-33,9.669e-18,5.270e+0,3.049e-26,3.986e+1,1.067e-19,4.372e-1,6.392e-24,9.352e+2,2.753e-20,1.100e-26,2.278e-20,4.628e-23,1.369e-8,2.615e+3,2.055e-3,,,5.072e-18,,,7.920e+0,,1.663e+1,1.318e-19,5.611e-18,2.802e-17,5.156e-20,4.906e-18,,3.601e-17,,4.002e-4,1.588e-1,1.301e-17,6.671e-18,9.895e-17,8.709e-19,2.713e-17
360.36,3.486e+3,4.499e-21,3.103e-14,1.262e-25,2.014e-35,9.852e-34,,1.044e-20,6.194e-23,,2.088e-15,1.169e-7,5.563e-6,1.026e-17,3.736e-20,1.652e-15,,3.940e-9,,8.028e-14,7.996e-19,1.054e-33,9.682e-18,3.787e+0,3.051e-26,4.323e+1,1.067e-19,5.206e-1,6.401e-24,1.040e+3,2.734e-20,1.099e-26,2.280e-20,4.629e-23,2.938e-8,2.369e+3,3.141e-3,,,4.994e-18,,,7.263e+0,,2.166e+1,1.317e-19,5.613e-18,2.792e-17,5.327e-20,4.787e-18,,3.608e-17,,7.127e-4,1.656e-1,1.300e-17,6.684e-18,9.889e-17,8.441e-19,2.717e-17
360.38,3.402e+3,4.501e-21,2.113e-14,1.486e-25,2.013e-35,9.705e-34,,2.092e-20,6.208e-23,,2.089e-15,7.155e-8,5.238e-6,1.026e-17,3.739e-20,1.116e-15,,4.591e-9,,1.454e-13,7.999e-19,1.053e-33,9.690e-18,3.015e+0,3.052e-26,4.530e+1,1.067e-19,5.831e-1,6.407e-24,1.114e+3,2.721e-20,1.098e-26,2.281e-20,4.630e-23,4.853e-8,2.206e+3,4.137e-3,1.107e-18,,4.941e-18,,,6.882e+0,,2.566e+1,1.317e-19,5.614e-18,2.785e-17,5.441e-20,4.707e-18,,3.612e-17,,1.039e-3,1.691e-1,1.300e-17,6.692e-18,9.885e-17,8.261e-19,2.719e-17
360.4,3.324e+3,4.502e-21,1.430e-14,1.741e-25,2.013e-35,9.558e-34,,4.167e-20,6.223e-23,,2.089e-15,4.352e-8,4.905e-6,1.026e-17,3.742e-20,7.501e-16,,5.317e-9,,2.619e-13,8.002e-19,1.053e-33,9.698e-18,2.387e+0,3.053e-26,4.720e+1,1.068e-19,6.512e-1,6.413e-24,1.191e+3,2.708e-20,1.098e-26,2.283e-20,4.631e-23,7.971e-8,2.045e+3,5.418e-3,2.282e-18,,4.889e-18,,,6.554e+0,,3.024e+1,1.317e-19,5.615e-18,2.778e-17,5.555e-20,4.627e-18,,3.616e-17,,1.507e-3,1.716e-1,1.299e-17,6.700e-18,9.881e-17,8.082e-19,2.721e-17
360.43,3.222e+3,4.504e-21,7.880e-15,2.182e-25,2.013e-35,9.337e-34,,1.159e-19,6.244e-23,,2.090e-15,2.042e-8,4.400e-6,1.027e-17,3.747e-20,4.085e-16,,6.555e-9,,6.263e-13,8.007e-19,1.052e-33,9.710e-18,1.662e+0,3.055e-26,4.965e+1,1.068e-19,7.636e-1,6.422e-24,1.312e+3,2.689e-20,1.097e-26,2.285e-20,4.632e-23,1.659e-7,1.813e+3,8.030e-3,6.683e-18,,4.811e-18,,,6.172e+0,,3.826e+1,1.317e-19,5.616e-18,2.768e-17,5.726e-20,4.507e-18,,3.623e-17,,2.602e-3,1.735e-1,1.298e-17,6.713e-18,9.874e-17,7.814e-19,2.725e-17
360.45,3.167e+3,4.505e-21,5.257e-15,2.518e-25,2.013e-35,9.191e-34,,2.274e-19,6.258e-23,,2.090e-15,1.224e-8,4.065e-6,1.027e-17,3.750e-20,2.704e-16,,7.481e-9,,1.112e-12,8.011e-19,1.052e-33,9.718e-18,1.297e+0,3.056e-26,5.098e+1,1.068e-19,8.451e-1,6.428e-24,1.396e+3,2.676e-20,1.096e-26,2.286e-20,4.633e-23,2.685e-7,1.666e+3,1.036e-2,1.358e-17,,4.759e-18,,,5.999e+0,,4.443e+1,1.317e-19,5.617e-18,2.761e-17,5.840e-20,4.427e-18,,3.627e-17,,3.718e-3,1.735e-1,1.297e-17,6.721e-18,9.870e-17,7.635e-19,2.727e-17
360.48,3.105e+3,4.507e-21,2.834e-15,3.088e-25,2.013e-35,8.970e-34,,6.188e-19,6.279e-23,,2.091e-15,5.618e-9,3.578e-6,1.028e-17,3.754e-20,1.440e-16,,9.022e-9,,2.601e-12,8.016e-19,1.051e-33,9.730e-18,8.832e-1,3.058e-26,5.246e+1,1.068e-19,9.763e-1,6.437e-24,1.526e+3,2.657e-20,1.095e-26,2.288e-20,4.634e-23,5.469e-7,1.463e+3,1.502e-2,3.890e-17,,4.681e-18,,,5.867e+0,,5.501e+1,1.316e-19,5.619e-18,2.751e-17,6.011e-20,4.307e-18,,3.634e-17,,6.281e-3,1.716e-1,1.297e-17,6.734e-18,9.864e-17,7.366e-19,2.730e-17
360.5,3.079e+3,4.509e-21,1.863e-15,3.513e-25,2.012e-35,8.823e-34,,1.197e-18,6.293e-23,,2.092e-15,3.319e-9,3.267e-6,1.028e-17,3.757e-20,9.395e-17,,1.015e-8,,4.550e-12,8.019e-19,1.050e-33,9.738e-18,6.788e-1,3.060e-26,5.308e+1,1.069e-19,1.069e+0,6.443e-24,1.615e+3,2.645e-20,1.094e-26,2.290e-20,4.635e-23,8.723e-7,1.340e+3,1.911e-2,7.789e-17,,4.629e-18,,,5.869e+0,,6.296e+1,1.316e-19,5.620e-18,2.744e-17,6.125e-20,4.227e-18,,3.638e-17,,8.845e-3,1.691e-1,1.296e-17,6.742e-18,9.860e-17,7.187e-19,2.733e-17
360.53,3.064e+3,4.511e-21,9.828e-16,4.217e-25,2.012e-35,8.603e-34,,3.187e-18,6.314e-23,,2.093e-15,1.490e-9,2.832e-6,1.028e-17,3.762e-20,4.894e-17,,1.197e-8,,1.041e-11,8.024e-19,1.050e-33,9.751e-18,4.522e-1,3.062e-26,5.343e+1,1.069e-19,1.215e+0,6.452e-24,1.749e+3,2.626e-20,1.093e-26,2.292e-20,4.637e-23,1.738e-6,1.178e+3,2.710e-2,2.183e-16,,4.551e-18,,,6.010e+0,,7.626e+1,1.316e-19,5.621e-18,2.734e-17,6.296e-20,4.107e-18,,3.645e-17,,1.462e-2,1.635e-1,1.295e-17,6.755e-18,9.854e-17,6.919e-19,2.736e-17
360.55,3.071e+3,4.512e-21,6.369e-16,4.728e-25,2.012e-35,8.456e-34,,6.076e-18,6.328e-23,,2.093e-15,8.671e-10,2.565e-6,1.029e-17,3.765e-20,3.145e-17,,1.327e-8,,1.795e-11,8.028e-19,1.049e-33,9.759e-18,3.424e-1,3.063e-26,5.327e+1,1.069e-19,1.315e+0,6.458e-24,1.839e+3,2.613e-20,1.093e-26,2.293e-20,4.637e-23,2.732e-6,1.085e+3,3.396e-2,4.309e-16,,4.499e-18,,,6.196e+0,,8.601e+1,1.316e-19,5.622e-18,2.727e-17,6.410e-20,8.437e-18,,3.649e-17,,2.028e-2,1.588e-1,1.295e-17,6.763e-18,9.849e-17,6.740e-19,2.738e-17
360.58,3.104e+3,4.514e-21,3.286e-16,5.552e-25,2.012e-35,8.235e-34,,1.583e-17,6.350e-23,,2.094e-15,3.808e-10,2.205e-6,1.029e-17,3.770e-20,1.602e-17,,1.531e-8,,4.021e-11,8.033e-19,1.048e-33,9.771e-18,2.232e-1,3.065e-26,5.246e+1,1.069e-19,1.468e+0,6.467e-24,1.972e+3,2.594e-20,1.092e-26,2.295e-20,4.639e-23,5.326e-6,9.692e+2,4.712e-2,1.182e-15,,4.421e-18,,,6.609e+0,,1.019e+2,1.316e-19,5.624e-18,2.717e-17,6.581e-20,2.457e-17,,3.656e-17,,3.279e-2,1.503e-1,1.294e-17,6.776e-18,9.843e-17,6.471e-19,2.742e-17
360.6,3.141e+3,4.515e-21,2.099e-16,6.136e-25,2.012e-35,8.088e-34,,2.974e-17,6.364e-23,,2.094e-15,2.184e-10,1.994e-6,1.030e-17,3.773e-20,1.014e-17,,1.672e-8,,6.832e-11,8.036e-19,1.048e-33,9.779e-18,1.665e-1,3.066e-26,5.154e+1,1.070e-19,1.570e+0,6.473e-24,2.059e+3,2.581e-20,1.091e-26,2.297e-20,4.640e-23,8.251e-6,9.086e+2,5.819e-2,2.299e-15,,4.369e-18,,,6.970e+0,,1.133e+2,1.315e-19,5.625e-18,2.710e-17,6.695e-20,4.976e-17,,3.660e-17,,4.485e-2,1.438e-1,1.293e-17,6.784e-18,9.839e-17,6.292e-19,2.744e-17
360.63,3.217e+3,4.517e-21,1.060e-16,7.052e-25,2.011e-35,7.868e-34,,7.579e-17,6.385e-23,,2.095e-15,9.382e-11,1.725e-6,1.030e-17,3.777e-20,5.055e-18,,1.888e-8,,1.497e-10,8.041e-19,1.047e-33,9.791e-18,1.061e-1,3.068e-26,4.964e+1,1.070e-19,1.721e+0,6.482e-24,2.184e+3,2.562e-20,1.090e-26,2.299e-20,4.641e-23,1.574e-5,8.422e+2,7.898e-2,6.169e-15,,4.290e-18,,,7.630e+0,,1.313e+2,1.315e-19,5.626e-18,2.700e-17,6.866e-20,1.418e-16,,3.666e-17,,7.094e-2,1.331e-1,1.292e-17,6.797e-18,9.833e-17,6.023e-19,2.747e-17
360.65,3.279e+3,4.519e-21,6.669e-17,7.681e-25,2.011e-35,1.620e-33,,1.404e-16,6.399e-23,,2.096e-15,5.302e-11,1.577e-6,1.031e-17,3.780e-20,3.154e-18,,2.032e-8,,2.507e-10,8.044e-19,1.046e-33,9.799e-18,7.801e-2,3.069e-26,4.806e+1,1.070e-19,1.818e+0,6.488e-24,2.263e+3,2.549e-20,1.089e-26,2.300e-20,4.642e-23,2.402e-5,8.139e+2,9.612e-2,1.183e-14,,4.238e-18,,,8.141e+0,,1.438e+2,1.315e-19,5.627e-18,2.693e-17,6.980e-20,2.830e-16,,3.671e-17,,9.560e-2,1.255e-1,1.292e-17,6.805e-18,9.829e-17,5.844e-19,2.750e-17
360.68,3.387e+3,4.521e-21,3.294e-17,8.637e-25,2.011e-35,4.738e-33,,3.500e-16,6.420e-23,,2.096e-15,2.228e-11,1.404e-6,1.031e-17,3.785e-20,1.538e-18,,2.244e-8,,5.373e-10,8.049e-19,1.046e-33,9.812e-18,4.863e-2,3.071e-26,4.528e+1,1.070e-19,1.957e+0,6.497e-24,2.372e+3,2.530e-20,1.088e-26,2.302e-20,4.643e-23,4.483e-5,7.945e+2,1.276e-1,3.105e-14,,4.160e-18,,,8.996e+0,,1.630e+2,1.315e-19,5.628e-18,2.683e-17,7.151e-20,7.891e-16,,3.677e-17,,1.479e-1,1.136e-1,1.291e-17,6.818e-18,9.822e-17,5.576e-19,2.753e-17
360.7,3.465e+3,4.522e-21,2.043e-17,9.273e-25,2.011e-35,9.616e-33,,6.389e-16,6.434e-23,,2.097e-15,1.241e-11,1.321e-6,1.031e-17,3.788e-20,9.470e-19,,2.380e-8,,8.867e-10,8.053e-19,1.045e-33,9.820e-18,3.522e-2,3.072e-26,4.319e+1,1.071e-19,2.042e+0,6.503e-24,2.438e+3,2.517e-20,1.088e-26,2.304e-20,4.644e-23,6.745e-5,7.961e+2,1.531e-1,5.867e-14,,4.108e-18,,,9.615e+0,,1.760e+2,1.315e-19,5.629e-18,2.676e-17,7.265e-20,1.552e-15,,3.682e-17,,1.965e-1,1.055e-1,1.290e-17,6.826e-18,9.818e-17,5.397e-19,2.755e-17
360.73,3.589e+3,4.524e-21,9.871e-18,1.020e-24,2.011e-35,2.751e-32,,1.559e-15,6.456e-23,,2.098e-15,5.099e-12,1.244e-6,1.032e-17,3.793e-20,4.553e-19,,2.571e-8,,1.860e-9,8.058e-19,1.044e-33,9.832e-18,2.147e-2,3.074e-26,3.981e+1,1.071e-19,2.157e+0,6.512e-24,2.523e+3,2.498e-20,1.087e-26,2.306e-20,4.646e-23,1.231e-4,8.182e+2,1.988e-1,1.507e-13,,4.030e-18,,,1.059e+1,,1.952e+2,1.314e-19,5.631e-18,2.666e-17,7.436e-20,4.235e-15,,3.688e-17,,2.974e-1,9.346e-2,1.289e-17,6.839e-18,9.812e-17,5.128e-19,2.759e-17
360.75,3.673e+3,4.525e-21,6.034e-18,1.080e-24,2.010e-35,5.504e-32,,2.804e-15,6.470e-23,,2.098e-15,2.798e-12,1.223e-6,1.032e-17,3.796e-20,2.807e-19,,2.687e-8,,3.025e-9,8.061e-19,1.044e-33,9.840e-18,1.533e-2,3.076e-26,3.742e+1,1.071e-19,2.223e+0,6.518e-24,2.569e+3,2.486e-20,1.086e-26,2.307e-20,4.647e-23,1.826e-4,8.450e+2,2.350e-1,2.807e-13,,3.978e-18,,,1.126e+1,,2.076e+2,1.314e-19,5.632e-18,2.659e-17,7.550e-20,8.209e-15,,3.693e-17,,3.892e-1,8.556e-2,1.289e-17,6.847e-18,9.808e-17,4.949e-19,2.761e-17
360.77,3.757e+3,4.527e-21,3.667e-18,1.136e-24,2.010e-35,1.095e-31,,5.016e-15,6.484e-23,,2.099e-15,1.526e-12,1.225e-6,1.033e-17,3.799e-20,1.768e-19,,2.793e-8,,4.892e-9,8.064e-19,1.043e-33,9.848e-18,1.087e-2,3.077e-26,3.497e+1,1.071e-19,2.280e+0,6.524e-24,2.607e+3,2.473e-20,1.085e-26,2.308e-20,4.647e-23,2.691e-4,8.801e+2,2.761e-1,5.196e-13,,3.926e-18,,,1.194e+1,,2.195e+2,1.314e-19,5.633e-18,2.652e-17,7.664e-20,1.582e-14,,3.697e-17,,5.065e-1,7.786e-2,1.288e-17,6.856e-18,9.804e-17,4.770e-19,2.763e-17
360.8,3.876e+3,4.529e-21,1.718e-18,1.212e-24,2.010e-35,3.038e-31,,1.187e-14,6.505e-23,,2.099e-15,6.082e-13,1.270e-6,1.033e-17,3.803e-20,9.994e-20,,2.927e-8,,9.950e-9,8.069e-19,1.043e-33,9.860e-18,6.427e-3,3.079e-26,3.125e+1,1.072e-19,2.347e+0,6.533e-24,2.646e+3,2.454e-20,1.084e-26,2.311e-20,4.649e-23,4.765e-4,9.461e+2,3.477e-1,1.295e-12,,3.848e-18,,,1.293e+1,,2.360e+2,1.314e-19,5.634e-18,2.642e-17,7.835e-20,4.187e-14,,3.703e-17,,7.435e-1,6.686e-2,1.287e-17,6.868e-18,9.797e-17,4.501e-19,2.767e-17
360.82,3.948e+3,4.530e-21,1.029e-18,1.257e-24,2.010e-35,5.955e-31,,2.092e-14,6.519e-23,,2.100e-15,3.269e-13,1.326e-6,1.033e-17,3.806e-20,8.175e-20,,2.998e-8,,1.586e-8,8.073e-19,1.042e-33,9.868e-18,4.493e-3,3.080e-26,2.877e+1,1.072e-19,2.378e+0,6.539e-24,2.659e+3,2.441e-20,1.084e-26,2.312e-20,4.650e-23,6.923e-4,9.973e+2,4.026e-1,2.363e-12,,3.796e-18,,,1.357e+1,,2.459e+2,1.314e-19,5.635e-18,2.635e-17,7.949e-20,7.954e-14,,3.708e-17,,9.534e-1,5.995e-2,1.287e-17,6.877e-18,9.793e-17,4.322e-19,2.769e-17
360.85,4.043e+3,4.532e-21,4.715e-19,1.313e-24,2.010e-35,1.617e-30,,4.844e-14,6.540e-23,,2.101e-15,1.274e-13,1.446e-6,1.034e-17,3.811e-20,8.872e-20,,3.076e-8,,3.156e-8,8.078e-19,1.041e-33,9.881e-18,2.598e-3,3.082e-26,2.515e+1,1.072e-19,2.403e+0,6.548e-24,2.659e+3,2.422e-20,1.083e-26,2.314e-20,4.651e-23,1.199e-3,1.082e+3,4.961e-1,5.761e-12,,3.717e-18,,,1.446e+1,,2.587e+2,1.313e-19,5.637e-18,2.625e-17,8.120e-20,2.060e-13,,3.714e-17,,1.369e+0,5.036e-2,1.286e-17,6.889e-18,9.787e-17,4.054e-19,2.772e-17
360.87,4.095e+3,4.533e-21,2.782e-19,1.342e-24,2.010e-35,3.124e-30,,8.415e-14,6.554e-23,,2.101e-15,6.750e-14,1.547e-6,1.034e-17,3.814e-20,1.145e-19,,3.107e-8,,4.957e-8,8.081e-19,1.041e-33,9.889e-18,1.790e-3,3.083e-26,2.282e+1,1.072e-19,2.405e+0,6.554e-24,2.645e+3,2.409e-20,1.082e-26,2.315e-20,4.652e-23,1.717e-3,1.141e+3,5.660e-1,1.036e-11,,3.665e-18,,,1.500e+1,,2.656e+2,1.313e-19,5.638e-18,2.618e-17,8.234e-20,3.856e-13,,3.719e-17,,1.730e+0,4.450e-2,1.285e-17,6.898e-18,9.783e-17,3.875e-19,2.775e-17
360.9,4.151e+3,4.535e-21,1.247e-19,1.372e-24,2.009e-35,8.299e-30,,1.906e-13,6.575e-23,,2.102e-15,2.573e-14,1.726e-6,1.035e-17,3.819e-20,1.920e-19,,3.121e-8,,9.651e-8,8.086e-19,1.040e-33,9.901e-18,1.014e-3,3.085e-26,1.951e+1,1.073e-19,2.386e+0,6.563e-24,2.605e+3,2.390e-20,1.081e-26,2.317e-20,4.653e-23,2.909e-3,1.232e+3,6.823e-1,2.471e-11,,3.587e-18,,,1.572e+1,,2.734e+2,1.313e-19,5.639e-18,2.608e-17,8.405e-20,9.771e-13,,3.725e-17,,2.431e+0,3.656e-2,1.284e-17,6.910e-18,9.776e-17,3.606e-19,2.778e-17
360.92,4.172e+3,4.537e-21,7.254e-20,1.382e-24,2.009e-35,1.580e-29,,3.264e-13,6.590e-23,,2.102e-15,1.343e-14,1.861e-6,1.035e-17,3.822e-20,2.793e-19,,3.111e-8,,1.494e-7,8.089e-19,1.039e-33,9.909e-18,6.898e-4,3.087e-26,1.745e+1,1.073e-19,2.360e+0,6.569e-24,2.564e+3,2.377e-20,1.080e-26,2.319e-20,4.654e-23,4.105e-3,1.291e+3,7.672e-1,4.380e-11,,3.535e-18,,,1.612e+1,,2.766e+2,1.313e-19,5.640e-18,2.601e-17,8.519e-20,1.803e-12,,3.730e-17,,3.027e+0,3.183e-2,1.284e-17,6.919e-18,9.772e-17,3.427e-19,2.780e-17
360.95,4.179e+3,4.539e-21,3.181e-20,1.382e-24,2.009e-35,4.108e-29,,7.235e-13,6.611e-23,,2.103e-15,5.008e-15,2.081e-6,1.036e-17,3.826e-20,4.931e-19,,3.065e-8,,2.846e-7,8.094e-19,1.039e-33,9.921e-18,3.861e-4,3.089e-26,1.459e+1,1.073e-19,2.300e+0,6.578e-24,2.486e+3,2.358e-20,1.079e-26,2.321e-20,4.656e-23,6.806e-3,1.376e+3,9.047e-1,1.022e-10,,3.457e-18,,,1.659e+1,,2.784e+2,1.312e-19,5.642e-18,2.591e-17,8.690e-20,4.470e-12,,3.736e-17,,4.161e+0,2.558e-2,1.283e-17,6.931e-18,9.766e-17,3.158e-19,2.784e-17
360.97,4.165e+3,4.540e-21,1.823e-20,1.372e-24,2.009e-35,7.711e-29,,1.221e-12,6.625e-23,,2.104e-15,2.576e-15,2.236e-6,1.036e-17,3.829e-20,7.178e-19,,3.017e-8,,4.342e-7,8.098e-19,1.038e-33,9.929e-18,2.640e-4,3.090e-26,1.286e+1,1.073e-19,2.247e+0,6.584e-24,2.422e+3,2.346e-20,1.078e-26,2.322e-20,4.656e-23,9.464e-3,1.428e+3,1.002e+0,1.786e-10,,3.405e-18,,,1.683e+1,,2.776e+2,1.312e-19,5.643e-18,2.584e-17,8.805e-20,8.129e-12,,3.740e-17,,5.107e+0,2.195e-2,1.282e-17,6.940e-18,9.762e-17,2.979e-19,2.786e-17
361,4.116e+3,4.542e-21,7.821e-21,1.343e-24,2.008e-35,1.961e-28,,2.648e-12,6.646e-23,,2.104e-15,9.395e-16,2.476e-6,1.036e-17,3.834e-20,1.249e-18,,2.923e-8,,8.093e-7,8.103e-19,1.037e-33,9.942e-18,1.568e-4,3.092e-26,1.052e+1,1.074e-19,2.151e+0,6.593e-24,2.310e+3,2.327e-20,1.077e-26,2.324e-20,4.658e-23,1.535e-2,1.495e+3,1.156e+0,4.079e-10,,3.327e-18,,,1.705e+1,,2.734e+2,1.312e-19,5.644e-18,2.574e-17,8.976e-20,1.972e-11,,3.747e-17,,6.867e+0,1.725e-2,1.281e-17,6.952e-18,9.756e-17,2.711e-19,2.789e-17
361.02,4.065e+3,4.543e-21,4.416e-21,1.314e-24,2.008e-35,3.628e-28,,4.404e-12,6.660e-23,,2.105e-15,4.761e-16,2.636e-6,1.037e-17,3.837e-20,1.795e-18,,2.849e-8,,1.217e-6,8.106e-19,1.037e-33,9.950e-18,1.205e-4,3.093e-26,9.130e+0,1.074e-19,2.077e+0,6.599e-24,2.227e+3,2.314e-20,1.077e-26,2.326e-20,4.659e-23,2.104e-2,1.531e+3,1.263e+0,7.023e-10,,3.275e-18,,,1.712e+1,,2.686e+2,1.312e-19,5.645e-18,2.567e-17,9.090e-20,3.534e-11,,3.751e-17,,8.305e+0,1.459e-2,1.281e-17,6.961e-18,9.751e-17,2.532e-19,2.791e-17
361.05,3.962e+3,4.545e-21,1.853e-21,1.258e-24,2.008e-35,9.030e-28,,9.344e-12,6.681e-23,,2.106e-15,1.699e-16,2.871e-6,1.037e-17,3.842e-20,3.059e-18,,2.727e-8,,2.219e-6,8.111e-19,1.036e-33,9.962e-18,1.042e-4,3.095e-26,7.305e+0,1.074e-19,1.954e+0,6.608e-24,2.092e+3,2.295e-20,1.076e-26,2.328e-20,4.660e-23,3.339e-2,1.572e+3,1.425e+0,1.569e-9,,3.197e-18,,,1.711e+1,,2.587e+2,1.312e-19,5.647e-18,2.557e-17,9.261e-20,8.389e-11,,3.758e-17,,1.093e+1,1.121e-2,1.280e-17,6.973e-18,9.745e-17,2.263e-19,2.795e-17
361.07,3.876e+3,4.546e-21,1.031e-21,1.213e-24,2.008e-35,1.646e-27,,1.532e-11,6.695e-23,,2.106e-15,8.482e-17,3.021e-6,1.038e-17,3.845e-20,4.334e-18,,2.643e-8,,3.288e-6,8.114e-19,1.036e-33,2.048e-17,1.163e-4,3.096e-26,6.250e+0,1.074e-19,1.865e+0,6.614e-24,1.996e+3,2.282e-20,1.075e-26,2.329e-20,4.661e-23,4.509e-2,1.589e+3,1.533e+0,2.663e-9,,3.145e-18,,,1.704e+1,,2.505e+2,1.311e-19,5.648e-18,2.550e-17,9.375e-20,1.482e-10,,3.762e-17,,1.302e+1,9.343e-3,1.279e-17,6.982e-18,9.741e-17,2.084e-19,2.797e-17
361.1,3.724e+3,4.548e-21,4.232e-22,1.137e-24,2.008e-35,4.009e-27,,3.180e-11,6.717e-23,,2.107e-15,2.960e-17,3.227e-6,1.038e-17,3.849e-20,7.228e-18,,2.521e-8,,5.866e-6,8.120e-19,1.035e-33,5.974e-17,1.729e-4,3.098e-26,4.892e+0,1.075e-19,1.724e+0,6.623e-24,1.849e+3,2.263e-20,1.074e-26,2.331e-20,4.662e-23,7.001e-2,1.598e+3,1.693e+0,5.823e-9,,3.066e-18,,,1.686e+1,,2.360e+2,1.311e-19,5.649e-18,2.540e-17,9.546e-20,3.442e-10,,3.769e-17,,1.676e+1,7.027e-3,1.279e-17,6.994e-18,9.735e-17,1.815e-19,2.801e-17
361.12,3.610e+3,4.550e-21,2.320e-22,1.081e-24,2.008e-35,7.204e-27,,5.138e-11,6.731e-23,,2.107e-15,1.456e-17,3.349e-6,1.038e-17,3.852e-20,1.009e-17,,2.447e-8,,8.567e-6,8.123e-19,1.034e-33,1.211e-16,2.440e-4,3.099e-26,4.124e+0,1.075e-19,1.626e+0,6.629e-24,1.749e+3,2.250e-20,1.073e-26,2.333e-20,4.663e-23,9.318e-2,1.592e+3,1.795e+0,9.738e-9,,3.014e-18,,,1.670e+1,,2.252e+2,1.311e-19,5.650e-18,2.533e-17,9.660e-20,5.992e-10,,3.773e-17,,1.968e+1,5.768e-3,1.278e-17,7.003e-18,9.731e-17,1.636e-19,2.803e-17
361.14,3.487e+3,4.551e-21,1.265e-22,1.022e-24,2.007e-35,1.287e-26,,8.252e-11,6.745e-23,,2.108e-15,6.661e-18,3.456e-6,1.039e-17,3.856e-20,1.401e-17,,2.385e-8,,1.244e-5,8.126e-19,1.034e-33,2.439e-16,3.528e-4,3.101e-26,3.456e+0,1.075e-19,1.527e+0,6.635e-24,1.649e+3,2.237e-20,1.073e-26,2.334e-20,4.664e-23,1.233e-1,1.578e+3,1.892e+0,1.619e-8,,2.962e-18,,,1.652e+1,,2.136e+2,1.311e-19,5.651e-18,2.527e-17,9.774e-20,1.037e-9,,3.777e-17,,2.298e+1,4.708e-3,1.277e-17,7.011e-18,9.726e-17,3.373e-19,2.805e-17
361.17,3.290e+3,4.553e-21,5.032e-23,9.284e-25,2.007e-35,3.040e-26,,1.662e-10,6.766e-23,,2.109e-15,2.218e-18,3.585e-6,1.039e-17,3.860e-20,2.268e-17,,2.321e-8,,2.152e-5,8.131e-19,1.033e-33,6.900e-16,6.209e-4,3.103e-26,2.623e+0,1.075e-19,1.378e+0,6.644e-24,1.504e+3,2.218e-20,1.072e-26,2.336e-20,4.666e-23,1.857e-1,1.539e+3,2.025e+0,3.434e-8,,2.884e-18,,,1.622e+1,,1.952e+2,1.311e-19,5.653e-18,2.516e-17,9.945e-20,2.337e-9,,3.784e-17,,2.869e+1,3.433e-3,1.276e-17,7.024e-18,9.720e-17,9.876e-19,2.808e-17
361.19,3.152e+3,4.554e-21,2.703e-23,8.649e-25,2.007e-35,5.353e-26,,2.631e-10,6.780e-23,,2.109e-15,7.464e-19,3.648e-6,1.040e-17,3.863e-20,3.103e-17,,2.303e-8,,3.080e-5,8.135e-19,1.032e-33,1.370e-15,9.038e-4,3.104e-26,2.166e+0,1.075e-19,1.279e+0,6.650e-24,1.411e+3,2.206e-20,1.071e-26,2.338e-20,4.666e-23,2.421e-1,1.503e+3,2.104e+0,5.627e-8,,2.832e-18,,,1.602e+1,,1.824e+2,1.310e-19,5.654e-18,2.510e-17,1.006e-19,3.987e-9,,3.788e-17,,3.301e+1,2.761e-3,1.276e-17,7.032e-18,9.716e-17,2.007e-18,2.811e-17
361.22,2.942e+3,4.556e-21,1.052e-23,7.692e-25,2.007e-35,1.237e-25,,5.183e-10,6.801e-23,,2.110e-15,2.203e-19,3.703e-6,1.040e-17,3.868e-20,4.914e-17,,2.325e-8,,5.214e-5,8.140e-19,1.032e-33,3.794e-15,1.575e-3,3.106e-26,1.608e+0,1.076e-19,1.135e+0,6.659e-24,1.282e+3,2.187e-20,1.070e-26,2.340e-20,4.668e-23,3.567e-1,1.435e+3,2.204e+0,1.168e-7,,2.754e-18,,,1.575e+1,,1.630e+2,1.310e-19,5.655e-18,2.499e-17,1.023e-19,8.787e-9,,3.795e-17,,4.030e+1,1.969e-3,1.275e-17,7.045e-18,9.710e-17,5.749e-18,2.814e-17
361.24,2.802e+3,4.558e-21,5.567e-24,7.062e-25,2.007e-35,2.147e-25,,8.086e-10,6.815e-23,,2.110e-15,2.166e-19,3.713e-6,1.040e-17,3.871e-20,6.629e-17,,2.378e-8,,7.353e-5,8.143e-19,1.031e-33,7.425e-15,2.265e-3,3.107e-26,1.309e+0,1.076e-19,1.042e+0,6.665e-24,1.204e+3,2.174e-20,1.069e-26,2.341e-20,4.669e-23,4.584e-1,1.381e+3,2.256e+0,1.886e-7,,2.702e-18,,,1.558e+1,,1.502e+2,1.310e-19,5.656e-18,2.493e-17,1.034e-19,1.478e-8,,3.799e-17,,4.570e+1,1.560e-3,1.274e-17,7.053e-18,9.705e-17,1.151e-17,2.816e-17
361.27,2.598e+3,4.560e-21,2.119e-24,6.146e-25,2.006e-35,4.856e-25,,1.559e-9,6.837e-23,,2.111e-15,2.111e-19,3.688e-6,1.041e-17,3.876e-20,1.028e-16,,2.523e-8,,1.218e-4,8.148e-19,1.030e-33,2.011e-14,3.867e-3,3.109e-26,9.501e-1,1.076e-19,9.091e-1,6.674e-24,1.102e+3,2.155e-20,1.068e-26,2.343e-20,4.670e-23,6.607e-1,1.290e+3,2.311e+0,3.829e-7,,2.624e-18,,,1.538e+1,,1.313e+2,1.310e-19,5.658e-18,2.482e-17,1.051e-19,3.187e-8,,3.806e-17,,5.459e+1,1.089e-3,1.274e-17,7.066e-18,9.699e-17,3.227e-17,2.820e-17
361.29,2.468e+3,4.561e-21,1.105e-24,5.561e-25,2.006e-35,8.307e-25,,2.397e-9,6.851e-23,,2.112e-15,2.074e-19,3.645e-6,1.041e-17,3.879e-20,1.366e-16,,2.669e-8,,1.693e-4,8.151e-19,1.030e-33,3.881e-14,5.485e-3,3.110e-26,7.619e-1,1.076e-19,8.258e-1,6.680e-24,1.044e+3,2.142e-20,1.068e-26,2.345e-20,4.671e-23,8.369e-1,1.224e+3,2.331e+0,6.095e-7,,2.572e-18,,,1.528e+1,,1.192e+2,1.310e-19,5.659e-18,2.476e-17,1.063e-19,5.281e-8,,3.810e-17,,6.101e+1,8.500e-4,1.273e-17,7.074e-18,9.695e-17,6.370e-17,2.822e-17
361.32,2.288e+3,4.563e-21,4.115e-25,4.735e-25,2.006e-35,1.838e-24,,4.521e-9,6.872e-23,,2.112e-15,2.018e-19,3.542e-6,1.042e-17,3.883e-20,2.073e-16,,2.971e-8,,2.743e-4,8.156e-19,1.029e-33,1.029e-13,9.162e-3,3.112e-26,5.411e-1,1.077e-19,7.094e-1,6.689e-24,9.767e+2,2.123e-20,1.067e-26,2.347e-20,4.672e-23,1.180e+0,1.118e+3,2.337e+0,1.211e-6,,2.494e-18,,,1.519e+1,,1.019e+2,1.309e-19,5.660e-18,2.465e-17,1.080e-19,1.114e-7,,3.817e-17,,7.129e+1,5.801e-4,1.272e-17,7.087e-18,9.689e-17,1.747e-16,2.825e-17
361.34,2.179e+3,4.564e-21,2.114e-25,4.224e-25,2.006e-35,3.099e-24,,6.851e-9,6.886e-23,,2.113e-15,1.981e-19,3.450e-6,1.042e-17,3.886e-20,2.717e-16,,3.231e-8,,3.757e-4,8.160e-19,1.029e-33,1.956e-13,1.281e-2,3.114e-26,4.276e-1,1.077e-19,6.379e-1,6.695e-24,9.446e+2,2.110e-20,1.066e-26,2.348e-20,4.673e-23,1.473e+0,1.045e+3,2.323e+0,1.899e-6,,2.441e-18,,,1.516e+1,,9.115e+1,1.309e-19,5.661e-18,2.459e-17,1.091e-19,1.820e-7,,3.821e-17,,7.852e+1,4.463e-4,1.272e-17,7.095e-18,9.685e-17,3.400e-16,2.828e-17
361.37,2.038e+3,4.566e-21,7.699e-26,3.519e-25,2.006e-35,6.710e-24,,1.264e-8,6.907e-23,,2.114e-15,1.926e-19,3.280e-6,1.043e-17,3.891e-20,4.035e-16,,3.714e-8,,5.958e-4,8.165e-19,1.028e-33,5.073e-13,2.093e-2,3.115e-26,2.971e-1,1.077e-19,5.400e-1,6.704e-24,9.173e+2,2.091e-20,1.065e-26,2.350e-20,4.675e-23,2.032e+0,9.341e+2,2.277e+0,3.692e-6,,2.363e-18,,,1.516e+1,,7.625e+1,1.309e-19,5.663e-18,2.448e-17,1.109e-19,3.759e-7,,3.828e-17,,8.976e+1,2.979e-4,1.271e-17,7.108e-18,9.678e-17,9.126e-16,2.831e-17
361.39,1.959e+3,4.568e-21,3.897e-26,3.093e-25,2.005e-35,1.115e-23,,1.888e-8,6.921e-23,,2.114e-15,1.889e-19,3.148e-6,1.043e-17,3.894e-20,5.214e-16,,4.101e-8,,8.042e-4,8.168e-19,1.027e-33,9.508e-13,2.884e-2,3.117e-26,2.313e-1,1.077e-19,4.810e-1,6.710e-24,9.133e+2,2.078e-20,1.064e-26,2.351e-20,4.676e-23,2.500e+0,8.605e+2,2.231e+0,5.709e-6,,2.311e-18,,,1.518e+1,,6.721e+1,1.309e-19,5.664e-18,2.442e-17,1.120e-19,6.051e-7,,3.832e-17,,9.742e+1,2.259e-4,1.270e-17,7.116e-18,9.674e-17,1.750e-15,2.833e-17
361.42,1.867e+3,4.570e-21,1.388e-26,2.522e-25,2.005e-35,2.362e-23,,3.410e-8,6.943e-23,,2.115e-15,1.834e-19,2.927e-6,1.043e-17,3.899e-20,7.578e-16,,4.777e-8,,1.248e-3,8.173e-19,1.026e-33,2.413e-12,4.612e-2,3.119e-26,1.572e-1,1.078e-19,4.018e-1,6.719e-24,9.291e+2,2.059e-20,1.063e-26,2.354e-20,4.677e-23,3.374e+0,7.524e+2,2.140e+0,1.086e-5,,2.233e-18,,,1.524e+1,,5.500e+1,1.309e-19,5.665e-18,2.431e-17,1.137e-19,1.222e-6,,3.838e-17,,1.090e+2,1.475e-4,1.269e-17,7.129e-18,9.668e-17,4.596e-15,2.837e-17
361.44,1.823e+3,4.571e-21,6.834e-27,2.185e-25,2.005e-35,3.868e-23,,5.020e-8,6.957e-23,,2.115e-15,1.797e-19,2.769e-6,1.044e-17,3.902e-20,9.655e-16,,5.292e-8,,1.660e-3,8.176e-19,1.026e-33,4.458e-12,6.261e-2,3.120e-26,1.206e-1,1.078e-19,3.550e-1,6.725e-24,9.539e+2,2.047e-20,1.063e-26,2.355e-20,4.678e-23,4.090e+0,6.829e+2,2.066e+0,1.655e-5,,2.181e-18,,,1.527e+1,,4.777e+1,1.308e-19,5.666e-18,2.425e-17,1.148e-19,1.940e-6,,3.843e-17,,1.165e+2,1.102e-4,1.269e-17,7.137e-18,9.664e-17,8.687e-15,2.839e-17
361.47,1.785e+3,4.573e-21,2.383e-27,1.743e-25,2.005e-35,8.018e-23,,8.868e-8,6.978e-23,,2.116e-15,1.741e-19,2.519e-6,1.044e-17,3.906e-20,1.374e-15,,6.154e-8,,2.519e-3,8.181e-19,1.025e-33,1.107e-11,9.796e-2,3.122e-26,8.017e-2,1.078e-19,2.933e-1,6.734e-24,1.012e+3,2.028e-20,1.062e-26,2.357e-20,4.679e-23,5.401e+0,5.841e+2,1.938e+0,3.079e-5,,2.103e-18,,,1.531e+1,,3.824e+1,1.308e-19,5.668e-18,2.414e-17,1.166e-19,3.834e-6,,3.849e-17,,1.275e+2,7.037e-5,1.268e-17,7.150e-18,9.658e-17,2.233e-14,2.842e-17
361.49,1.778e+3,4.574e-21,1.172e-27,1.488e-25,2.005e-35,1.294e-22,,1.287e-7,6.992e-23,,2.117e-15,1.704e-19,2.348e-6,1.045e-17,3.909e-20,1.725e-15,,6.785e-8,,3.303e-3,8.185e-19,1.025e-33,2.016e-11,1.311e-1,3.123e-26,6.061e-2,1.078e-19,2.575e-1,6.740e-24,1.064e+3,2.015e-20,1.061e-26,2.358e-20,4.680e-23,6.453e+0,5.225e+2,1.844e+0,4.624e-5,,2.051e-18,,,1.531e+1,,3.273e+1,1.308e-19,5.669e-18,2.408e-17,1.177e-19,5.996e-6,,3.854e-17,,1.344e+2,5.181e-5,1.267e-17,7.158e-18,9.653e-17,4.160e-14,2.845e-17
361.52,1.793e+3,4.576e-21,3.996e-28,1.162e-25,2.004e-35,2.625e-22,,2.224e-7,7.013e-23,,2.117e-15,1.649e-19,2.089e-6,1.045e-17,3.914e-20,2.403e-15,,7.804e-8,,4.906e-3,8.190e-19,1.024e-33,4.899e-11,2.007e-1,3.125e-26,3.941e-2,1.079e-19,2.111e-1,6.749e-24,1.161e+3,1.996e-20,1.060e-26,2.361e-20,4.681e-23,8.336e+0,4.372e+2,1.693e+0,8.419e-5,,1.973e-18,,,1.526e+1,,2.563e+1,1.308e-19,5.670e-18,2.397e-17,1.194e-19,1.160e-5,,3.860e-17,,1.439e+2,3.237e-5,1.266e-17,7.171e-18,9.647e-17,1.046e-13,2.848e-17
361.54,1.820e+3,4.578e-21,1.936e-28,9.777e-26,2.004e-35,4.176e-22,,3.180e-7,7.027e-23,,2.118e-15,1.612e-19,1.919e-6,1.045e-17,3.917e-20,2.976e-15,,8.524e-8,,6.339e-3,8.193e-19,1.023e-33,8.791e-11,2.646e-1,3.126e-26,2.936e-2,1.079e-19,1.847e-1,6.755e-24,1.236e+3,1.983e-20,1.059e-26,2.362e-20,4.682e-23,9.816e+0,3.854e+2,1.587e+0,1.246e-4,,1.921e-18,,,1.517e+1,,2.162e+1,1.308e-19,5.671e-18,2.391e-17,1.205e-19,1.787e-5,,3.865e-17,,1.494e+2,2.348e-5,1.266e-17,7.179e-18,9.643e-17,1.921e-13,2.850e-17
361.56,1.858e+3,4.579e-21,1.943e-28,8.180e-26,2.004e-35,6.605e-22,,4.521e-7,7.041e-23,,2.118e-15,1.575e-19,1.752e-6,1.046e-17,3.920e-20,3.665e-15,,9.268e-8,,8.144e-3,8.196e-19,1.023e-33,1.568e-10,3.469e-1,3.128e-26,2.175e-2,1.079e-19,1.615e-1,6.761e-24,1.319e+3,1.970e-20,1.059e-26,2.363e-20,4.683e-23,1.149e+1,3.377e+2,1.479e+0,1.834e-4,,1.869e-18,,,1.505e+1,,1.813e+1,1.307e-19,5.672e-18,2.384e-17,1.217e-19,2.739e-5,,3.869e-17,,1.543e+2,1.693e-5,1.265e-17,7.188e-18,9.639e-17,3.507e-13,2.853e-17
361.59,1.935e+3,4.581e-21,1.953e-28,6.193e-26,2.004e-35,1.300e-21,,7.580e-7,7.063e-23,,2.119e-15,1.520e-19,1.512e-6,1.046e-17,3.925e-20,4.955e-15,,1.041e-7,,1.173e-2,8.201e-19,1.022e-33,3.698e-10,5.151e-1,3.130e-26,1.371e-2,1.079e-19,1.322e-1,6.770e-24,1.456e+3,1.951e-20,1.058e-26,2.365e-20,4.685e-23,1.440e+1,2.740e+2,1.317e+0,3.239e-4,,1.790e-18,,,1.477e+1,,1.376e+1,1.307e-19,5.673e-18,2.374e-17,1.234e-19,5.139e-5,,3.875e-17,,1.602e+2,1.026e-5,1.264e-17,7.200e-18,9.632e-17,8.556e-13,2.856e-17
361.61,1.998e+3,4.582e-21,1.960e-28,5.108e-26,2.004e-35,2.026e-21,,1.062e-6,7.077e-23,,2.120e-15,1.483e-19,1.361e-6,1.047e-17,3.928e-20,6.016e-15,,1.118e-7,,1.485e-2,8.205e-19,1.022e-33,6.502e-10,6.655e-1,3.131e-26,1.001e-2,1.080e-19,1.160e-1,6.776e-24,1.554e+3,1.938e-20,1.057e-26,2.367e-20,4.685e-23,1.661e+1,2.366e+2,1.209e+0,4.698e-4,,1.738e-18,,,1.452e+1,,1.137e+1,1.307e-19,5.674e-18,2.367e-17,1.245e-19,7.761e-5,,3.880e-17,,1.630e+2,7.288e-6,1.264e-17,7.209e-18,9.628e-17,1.539e-12,2.858e-17
361.64,2.104e+3,4.584e-21,1.970e-28,3.784e-26,2.003e-35,3.900e-21,,1.742e-6,7.098e-23,,2.120e-15,1.427e-19,1.149e-6,1.047e-17,3.932e-20,7.965e-15,,1.231e-7,,2.093e-2,8.210e-19,1.021e-33,1.500e-9,9.668e-1,3.133e-26,6.170e-3,1.080e-19,9.591e-2,6.785e-24,1.705e+3,1.919e-20,1.056e-26,2.369e-20,4.687e-23,2.036e+1,1.878e+2,1.053e+0,8.119e-4,,1.660e-18,,,1.404e+1,,8.447e+0,1.307e-19,5.676e-18,2.357e-17,1.262e-19,1.425e-4,,3.886e-17,,1.655e+2,4.318e-6,1.263e-17,7.221e-18,9.622e-17,3.675e-12,2.862e-17
361.66,2.180e+3,4.586e-21,1.977e-28,3.075e-26,2.003e-35,5.991e-21,,2.406e-6,7.112e-23,,2.121e-15,1.390e-19,1.019e-6,1.047e-17,3.935e-20,9.536e-15,,1.304e-7,,2.611e-2,8.213e-19,1.020e-33,2.600e-9,1.231e+0,3.134e-26,4.437e-3,1.080e-19,8.511e-2,6.791e-24,1.809e+3,1.907e-20,1.055e-26,2.370e-20,4.688e-23,2.315e+1,1.598e+2,9.530e-1,1.161e-3,,1.608e-18,,,1.365e+1,,6.877e+0,1.307e-19,5.677e-18,2.350e-17,1.274e-19,2.121e-4,,3.891e-17,,1.660e+2,3.024e-6,1.262e-17,7.230e-18,9.618e-17,6.518e-12,2.864e-17
361.69,2.299e+3,4.588e-21,1.987e-28,2.229e-26,2.003e-35,1.129e-20,,3.861e-6,7.133e-23,,2.122e-15,1.335e-19,8.413e-7,1.048e-17,3.940e-20,1.236e-14,,1.406e-7,,3.600e-2,8.218e-19,1.019e-33,5.869e-9,1.750e+0,3.136e-26,2.677e-3,1.080e-19,7.228e-2,6.800e-24,1.962e+3,1.888e-20,1.054e-26,2.372e-20,4.689e-23,2.776e+1,1.241e+2,8.117e-1,1.962e-3,,1.530e-18,,,1.297e+1,,4.997e+0,1.306e-19,5.678e-18,2.340e-17,1.291e-19,3.809e-4,,3.897e-17,,1.649e+2,1.752e-6,1.261e-17,7.242e-18,9.612e-17,1.523e-11,2.867e-17
361.71,2.378e+3,4.589e-21,1.994e-28,1.786e-26,2.003e-35,1.709e-20,,5.255e-6,7.147e-23,,2.122e-15,1.298e-19,7.352e-7,1.048e-17,3.943e-20,1.459e-14,,1.469e-7,,4.428e-2,8.221e-19,1.019e-33,1.003e-8,2.196e+0,3.137e-26,1.897e-3,1.081e-19,6.573e-2,6.806e-24,2.061e+3,1.875e-20,1.054e-26,2.374e-20,4.690e-23,3.111e+1,1.041e+2,7.241e-1,2.765e-3,,1.478e-18,,,1.246e+1,,4.009e+0,1.306e-19,5.679e-18,2.333e-17,1.302e-19,5.588e-4,,3.902e-17,,1.630e+2,1.209e-6,1.261e-17,7.251e-18,9.607e-17,2.662e-11,2.870e-17
361.74,2.493e+3,4.591e-21,2.004e-28,1.266e-26,2.003e-35,3.150e-20,,8.253e-6,7.168e-23,,2.123e-15,1.243e-19,5.940e-7,1.049e-17,3.948e-20,1.853e-14,,1.550e-7,,5.973e-2,8.227e-19,1.018e-33,2.215e-8,3.054e+0,3.139e-26,1.119e-3,1.081e-19,5.859e-2,6.815e-24,2.201e+3,1.856e-20,1.052e-26,2.376e-20,4.691e-23,3.650e+1,7.906e+1,6.033e-1,4.574e-3,,1.400e-18,,,1.162e+1,,2.850e+0,1.306e-19,5.681e-18,2.323e-17,1.319e-19,9.821e-4,,3.908e-17,,1.584e+2,6.854e-7,1.260e-17,7.263e-18,9.601e-17,6.085e-11,2.873e-17
361.76,2.564e+3,4.592e-21,2.011e-28,9.999e-27,2.002e-35,4.701e-20,,1.107e-5,7.183e-23,,2.123e-15,1.206e-19,5.115e-7,1.049e-17,3.951e-20,2.157e-14,,1.596e-7,,7.239e-2,8.230e-19,1.018e-33,3.729e-8,3.777e+0,3.141e-26,7.815e-4,1.081e-19,5.545e-2,6.821e-24,2.286e+3,1.843e-20,1.052e-26,2.377e-20,4.692e-23,4.030e+1,6.535e+1,5.303e-1,6.351e-3,,1.348e-18,,,1.103e+1,,2.253e+0,1.306e-19,5.682e-18,2.316e-17,1.331e-19,1.420e-3,,3.912e-17,,1.543e+2,4.660e-7,1.259e-17,7.272e-18,9.597e-17,1.048e-10,2.875e-17
361.79,2.658e+3,4.594e-21,2.021e-28,6.938e-27,2.002e-35,8.479e-20,,1.701e-5,7.204e-23,,2.124e-15,1.150e-19,4.042e-7,1.050e-17,3.955e-20,2.682e-14,,1.649e-7,,9.555e-2,8.235e-19,1.017e-33,8.059e-8,5.139e+0,3.142e-26,4.510e-4,1.081e-19,5.300e-2,6.830e-24,2.399e+3,1.824e-20,1.051e-26,2.379e-20,4.694e-23,4.626e+1,4.859e+1,4.323e-1,1.028e-2,,1.270e-18,,,1.008e+1,,1.567e+0,1.305e-19,5.683e-18,2.306e-17,1.348e-19,2.442e-3,,3.919e-17,,1.467e+2,2.584e-7,1.258e-17,7.284e-18,9.591e-17,2.345e-10,2.879e-17
361.81,2.711e+3,4.595e-21,2.028e-28,5.399e-27,2.002e-35,1.247e-19,,2.248e-5,7.218e-23,,2.125e-15,1.113e-19,3.430e-7,1.050e-17,3.958e-20,3.079e-14,,1.673e-7,,1.141e-1,8.238e-19,1.016e-33,1.338e-7,6.265e+0,3.144e-26,3.104e-4,1.082e-19,5.277e-2,6.836e-24,2.463e+3,1.811e-20,1.050e-26,2.381e-20,4.695e-23,5.035e+1,3.960e+1,3.744e-1,1.407e-2,,1.218e-18,,,9.434e+0,,1.221e+0,1.305e-19,5.684e-18,2.299e-17,1.359e-19,3.480e-3,,3.923e-17,,1.408e+2,1.731e-7,1.258e-17,7.293e-18,9.587e-17,3.982e-10,2.881e-17
361.84,2.773e+3,4.597e-21,2.038e-28,3.666e-27,2.002e-35,2.201e-19,,3.380e-5,7.239e-23,,2.125e-15,1.058e-19,2.652e-7,1.051e-17,3.963e-20,3.750e-14,,1.692e-7,,1.474e-1,8.243e-19,1.016e-33,2.829e-7,8.339e+0,3.146e-26,1.752e-4,1.082e-19,5.443e-2,6.844e-24,2.538e+3,1.792e-20,1.049e-26,2.383e-20,4.696e-23,5.654e+1,2.886e+1,2.986e-1,2.228e-2,,1.139e-18,,,8.451e+0,,8.302e-1,1.305e-19,5.686e-18,2.289e-17,1.376e-19,5.855e-3,,3.930e-17,,1.310e+2,9.389e-8,1.257e-17,7.305e-18,9.580e-17,8.717e-10,2.884e-17
361.86,2.801e+3,4.599e-21,2.045e-28,2.811e-27,2.002e-35,3.191e-19,,4.404e-5,7.253e-23,,2.126e-15,1.021e-19,2.218e-7,1.051e-17,3.966e-20,4.246e-14,,1.692e-7,,1.735e-1,8.247e-19,1.015e-33,4.627e-7,1.002e+1,3.147e-26,1.188e-4,1.082e-19,5.682e-2,6.850e-24,2.574e+3,1.779e-20,1.048e-26,2.384e-20,4.697e-23,6.064e+1,2.323e+1,2.549e-1,3.005e-2,,1.087e-18,,,7.798e+0,,6.374e-1,1.305e-19,5.687e-18,2.282e-17,1.388e-19,8.224e-3,,3.934e-17,,1.239e+2,6.199e-8,1.256e-17,7.314e-18,9.576e-17,1.459e-9,2.887e-17
361.89,2.821e+3,4.601e-21,2.055e-28,1.868e-27,2.001e-35,5.509e-19,,6.479e-5,7.274e-23,,2.127e-15,9.656e-20,1.677e-7,1.051e-17,3.971e-20,5.065e-14,,1.673e-7,,2.193e-1,8.252e-19,1.014e-33,9.576e-7,1.305e+1,3.149e-26,6.560e-5,1.082e-19,6.228e-2,6.859e-24,2.604e+3,1.760e-20,1.047e-26,2.386e-20,4.698e-23,6.662e+1,1.667e+1,1.988e-1,4.657e-2,,1.009e-18,,,6.840e+0,,4.241e-1,1.305e-19,5.688e-18,2.272e-17,1.405e-19,1.354e-2,,3.941e-17,,1.128e+2,3.289e-8,1.256e-17,7.326e-18,9.570e-17,3.125e-9,2.890e-17
361.91,2.821e+3,4.602e-21,2.062e-28,1.412e-27,2.001e-35,7.872e-19,,8.319e-5,7.288e-23,,2.127e-15,9.287e-20,1.382e-7,1.052e-17,3.974e-20,5.658e-14,,1.649e-7,,2.544e-1,8.255e-19,1.014e-33,1.544e-6,1.545e+1,3.150e-26,4.383e-5,1.083e-19,6.714e-2,6.865e-24,2.609e+3,1.748e-20,1.047e-26,2.388e-20,4.699e-23,7.042e+1,1.334e+1,1.672e-1,6.191e-2,,9.571e-19,,,6.223e+0,,3.208e-1,1.304e-19,5.689e-18,2.265e-17,1.416e-19,1.874e-2,,3.945e-17,,1.051e+2,2.141e-8,1.255e-17,7.335e-18,9.566e-17,5.155e-9,2.892e-17
361.93,2.808e+3,4.603e-21,2.069e-28,1.061e-27,2.001e-35,1.118e-18,,1.062e-4,7.303e-23,,2.128e-15,8.917e-20,1.132e-7,1.052e-17,3.977e-20,6.286e-14,,1.616e-7,,2.935e-1,8.258e-19,1.013e-33,2.475e-6,1.819e+1,3.151e-26,2.911e-5,1.083e-19,7.295e-2,6.871e-24,2.601e+3,1.735e-20,1.046e-26,2.389e-20,4.700e-23,7.400e+1,1.069e+1,1.399e-1,8.183e-2,,9.050e-19,,,5.630e+0,,2.413e-1,1.304e-19,5.690e-18,2.258e-17,1.428e-19,2.579e-2,,3.949e-17,,9.742e+1,1.386e-8,1.254e-17,7.343e-18,9.562e-17,8.456e-9,2.894e-17
361.96,2.768e+3,4.605e-21,2.079e-28,6.835e-28,2.001e-35,1.873e-18,,1.515e-4,7.324e-23,,2.128e-15,8.363e-20,8.305e-8,1.053e-17,3.981e-20,7.286e-14,,1.551e-7,,3.598e-1,8.263e-19,1.013e-33,4.969e-6,2.297e+1,3.153e-26,1.559e-5,1.083e-19,8.336e-2,6.880e-24,2.567e+3,1.716e-20,1.045e-26,2.391e-20,4.701e-23,7.885e+1,7.775e+0,1.058e-1,1.230e-1,,8.269e-19,,,4.792e+0,,1.557e-1,1.304e-19,5.692e-18,2.248e-17,1.445e-19,4.119e-2,,3.956e-17,,8.597e+1,7.176e-9,1.253e-17,7.356e-18,9.555e-17,1.757e-8,2.898e-17
361.98,2.727e+3,4.607e-21,2.086e-28,5.062e-28,2.001e-35,2.622e-18,,1.906e-4,7.338e-23,,2.129e-15,7.994e-20,6.705e-8,1.053e-17,3.984e-20,7.985e-14,,1.498e-7,,4.091e-1,8.267e-19,1.012e-33,7.850e-6,2.665e+1,3.155e-26,1.020e-5,1.083e-19,9.139e-2,6.886e-24,2.529e+3,1.703e-20,1.044e-26,2.392e-20,4.702e-23,8.166e+1,6.418e+0,8.719e-2,1.602e-1,,7.748e-19,,,4.273e+0,,1.154e-1,1.304e-19,5.693e-18,2.241e-17,1.456e-19,5.587e-2,,3.960e-17,,7.852e+1,4.636e-9,1.253e-17,7.364e-18,9.551e-17,2.840e-8,2.900e-17
362.01,2.648e+3,4.609e-21,2.096e-28,3.191e-28,2.000e-35,4.298e-18,,2.661e-4,7.359e-23,,2.130e-15,7.440e-20,4.811e-8,1.053e-17,3.989e-20,9.068e-14,,1.407e-7,,4.907e-1,8.272e-19,1.011e-33,1.542e-5,3.294e+1,3.157e-26,5.343e-6,1.084e-19,1.049e-1,6.895e-24,2.452e+3,1.684e-20,1.043e-26,2.395e-20,4.704e-23,8.513e+1,5.102e+0,6.452e-2,2.356e-1,,6.967e-19,,,3.560e+0,,7.293e-2,1.304e-19,5.694e-18,2.231e-17,1.473e-19,8.731e-2,,3.967e-17,,6.779e+1,2.507e-9,1.252e-17,7.377e-18,9.545e-17,5.775e-8,2.903e-17
362.03,2.584e+3,4.610e-21,2.103e-28,2.330e-28,2.000e-35,5.931e-18,,3.300e-4,7.373e-23,,2.130e-15,7.070e-20,3.827e-8,1.054e-17,3.992e-20,9.804e-14,,1.340e-7,,5.500e-1,8.275e-19,1.011e-33,2.401e-5,3.766e+1,3.158e-26,3.446e-6,1.084e-19,1.149e-1,6.901e-24,2.389e+3,1.671e-20,1.043e-26,2.396e-20,4.704e-23,8.688e+1,4.636e+0,5.240e-2,3.025e-1,,6.446e-19,,,3.129e+0,,5.336e-2,1.303e-19,5.695e-18,2.224e-17,1.485e-19,1.167e-1,,3.971e-17,,6.101e+1,1.815e-9,1.251e-17,7.385e-18,9.541e-17,9.202e-8,2.906e-17
362.06,2.473e+3,4.612e-21,2.113e-28,1.437e-28,2.000e-35,9.510e-18,,4.508e-4,7.394e-23,,2.131e-15,6.516e-20,2.686e-8,1.054e-17,3.997e-20,1.091e-13,,1.231e-7,,6.457e-1,8.280e-19,1.010e-33,4.616e-5,4.554e+1,3.160e-26,1.765e-6,1.084e-19,1.309e-1,6.910e-24,2.278e+3,1.652e-20,1.042e-26,2.398e-20,4.706e-23,8.861e+1,4.480e+0,3.793e-2,4.353e-1,,5.665e-19,,,2.550e+0,,3.315e-2,1.303e-19,5.697e-18,2.214e-17,1.502e-19,1.785e-1,,3.978e-17,,5.153e+1,1.536e-9,1.251e-17,7.398e-18,9.534e-17,1.831e-7,2.909e-17
362.08,2.391e+3,4.613e-21,2.120e-28,1.034e-28,2.000e-35,1.293e-17,,5.509e-4,7.408e-23,,2.131e-15,6.147e-20,2.106e-8,1.055e-17,4.000e-20,1.164e-13,,1.156e-7,,7.135e-1,8.283e-19,1.009e-33,7.085e-5,5.131e+1,3.161e-26,1.122e-6,1.084e-19,1.422e-1,6.916e-24,2.196e+3,1.639e-20,1.041e-26,2.399e-20,4.707e-23,8.913e+1,4.714e+0,3.036e-2,5.508e-1,,5.144e-19,,,2.209e+0,,2.410e-2,1.303e-19,5.698e-18,2.207e-17,1.513e-19,2.351e-1,,3.982e-17,,4.570e+1,1.823e-9,1.250e-17,7.406e-18,9.530e-17,2.875e-7,2.911e-17
362.11,2.258e+3,4.615e-21,2.130e-28,6.239e-29,2.000e-35,2.029e-17,,7.363e-4,7.430e-23,,2.132e-15,5.593e-20,1.446e-8,1.055e-17,4.004e-20,1.269e-13,,1.041e-7,,8.200e-1,8.288e-19,1.009e-33,1.333e-4,6.071e+1,3.163e-26,5.623e-7,1.085e-19,1.597e-1,6.925e-24,2.061e+3,1.620e-20,1.040e-26,2.401e-20,4.708e-23,8.894e+1,5.564e+0,2.150e-2,7.754e-1,,4.363e-19,,,1.762e+0,,1.511e-2,1.303e-19,5.699e-18,2.197e-17,1.530e-19,3.518e-1,,3.989e-17,,3.776e+1,3.164e-9,1.249e-17,7.419e-18,9.524e-17,5.598e-7,2.915e-17
362.13,2.165e+3,4.617e-21,2.137e-28,4.423e-29,1.999e-35,2.721e-17,,8.868e-4,7.444e-23,,2.133e-15,5.223e-20,1.117e-8,1.055e-17,4.007e-20,1.336e-13,,9.638e-8,,8.934e-1,8.292e-19,1.008e-33,2.016e-4,6.742e+1,3.164e-26,3.522e-7,1.085e-19,1.716e-1,6.931e-24,1.966e+3,1.608e-20,1.039e-26,2.403e-20,4.709e-23,8.816e+1,6.475e+0,1.695e-2,9.670e-1,,3.842e-19,,,1.504e+0,,1.135e-2,1.303e-19,5.700e-18,2.190e-17,1.542e-19,4.568e-1,,3.993e-17,,3.301e+1,4.984e-9,1.249e-17,7.427e-18,9.520e-17,8.665e-7,2.917e-17
362.16,2.022e+3,4.619e-21,2.147e-28,2.612e-29,1.999e-35,4.177e-17,,1.160e-3,7.465e-23,,2.133e-15,4.669e-20,7.503e-9,1.056e-17,4.012e-20,1.428e-13,,8.504e-8,,1.006e+0,8.297e-19,1.007e-33,3.711e-4,7.804e+1,3.166e-26,1.729e-7,1.085e-19,1.893e-1,6.940e-24,1.819e+3,1.589e-20,1.038e-26,2.405e-20,4.710e-23,8.606e+1,8.405e+0,1.175e-2,1.332e+0,,3.061e-19,,,1.173e+0,,8.133e-3,1.302e-19,5.702e-18,2.180e-17,1.559e-19,6.687e-1,,3.999e-17,,2.668e+1,1.019e-8,1.248e-17,7.440e-18,9.514e-17,1.651e-6,2.920e-17
362.18,1.926e+3,4.620e-21,2.154e-28,1.825e-29,1.999e-35,5.518e-17,,1.377e-3,7.479e-23,,2.134e-15,4.300e-20,5.712e-9,1.056e-17,4.015e-20,1.483e-13,,7.773e-8,,1.081e+0,8.300e-19,1.007e-33,5.533e-4,8.542e+1,3.168e-26,1.070e-7,1.085e-19,2.008e-1,6.946e-24,1.719e+3,1.576e-20,1.038e-26,2.406e-20,4.711e-23,8.408e+1,1.011e+1,9.129e-3,1.637e+0,,2.540e-19,,,9.873e-1,,7.282e-3,1.302e-19,5.703e-18,2.173e-17,1.570e-19,8.558e-1,,4.004e-17,,2.298e+1,1.644e-8,1.247e-17,7.448e-18,9.509e-17,2.519e-6,2.923e-17
362.21,1.783e+3,4.622e-21,2.164e-28,1.054e-29,1.999e-35,8.290e-17,,1.761e-3,7.500e-23,,2.135e-15,3.746e-20,3.753e-9,1.057e-17,4.020e-20,1.554e-13,,6.730e-8,,1.192e+0,8.305e-19,1.006e-33,9.965e-4,9.674e+1,3.169e-26,5.211e-8,1.086e-19,2.172e-1,6.955e-24,1.568e+3,1.557e-20,1.037e-26,2.408e-20,4.713e-23,8.030e+1,1.338e+1,6.187e-3,2.207e+0,,7.485e-19,,,7.537e-1,,7.722e-3,1.302e-19,5.704e-18,2.163e-17,1.587e-19,1.226e+0,,4.010e-17,,1.818e+1,3.349e-8,1.246e-17,7.461e-18,9.503e-17,4.695e-6,2.926e-17
362.23,1.689e+3,4.623e-21,2.171e-28,7.261e-30,1.999e-35,1.079e-16,,2.061e-3,7.514e-23,,2.135e-15,3.376e-20,2.816e-9,1.057e-17,4.023e-20,1.593e-13,,6.079e-8,,1.264e+0,8.308e-19,1.006e-33,1.464e-3,1.043e+2,3.171e-26,3.279e-8,1.086e-19,2.273e-1,6.961e-24,1.469e+3,1.544e-20,1.036e-26,2.410e-20,4.714e-23,7.731e+1,1.611e+1,4.738e-3,2.673e+0,,1.528e-18,,,6.249e-1,,9.199e-3,1.302e-19,5.705e-18,2.156e-17,1.599e-19,1.546e+0,,4.015e-17,,1.543e+1,5.347e-8,1.246e-17,7.469e-18,9.499e-17,7.061e-6,2.928e-17
362.26,1.554e+3,4.625e-21,2.181e-28,4.105e-30,1.998e-35,1.587e-16,,2.580e-3,7.535e-23,,2.136e-15,2.822e-20,1.810e-9,1.058e-17,4.027e-20,1.636e-13,,5.178e-8,,1.367e+0,8.313e-19,1.005e-33,2.581e-3,1.156e+2,3.173e-26,1.826e-8,1.086e-19,2.409e-1,6.970e-24,1.325e+3,1.525e-20,1.035e-26,2.412e-20,4.715e-23,7.224e+1,2.114e+1,3.142e-3,3.526e+0,,4.406e-18,,,4.667e-1,,1.355e-2,1.301e-19,5.707e-18,2.146e-17,1.616e-19,2.167e+0,,4.021e-17,,1.194e+1,1.067e-7,1.245e-17,7.482e-18,9.493e-17,1.288e-5,2.932e-17
362.28,1.468e+3,4.627e-21,2.188e-28,2.786e-30,1.998e-35,2.036e-16,,2.975e-3,7.550e-23,,2.137e-15,2.453e-20,1.338e-9,1.058e-17,4.031e-20,1.655e-13,,4.630e-8,,1.432e+0,8.317e-19,1.004e-33,3.738e-3,1.229e+2,3.174e-26,1.478e-8,1.086e-19,2.486e-1,6.976e-24,1.233e+3,1.512e-20,1.034e-26,2.413e-20,4.716e-23,6.854e+1,2.520e+1,2.372e-3,4.209e+0,,8.864e-18,,,3.813e-1,,1.829e-2,1.301e-19,5.708e-18,2.139e-17,1.627e-19,2.694e+0,,4.026e-17,,9.986e+0,1.680e-7,1.244e-17,7.490e-18,9.489e-17,1.909e-5,2.934e-17
362.3,1.387e+3,4.628e-21,2.195e-28,1.880e-30,1.998e-35,2.598e-16,,3.410e-3,7.564e-23,,2.137e-15,2.083e-20,9.836e-10,1.058e-17,4.034e-20,1.665e-13,,4.128e-8,,1.493e+0,8.320e-19,1.004e-33,5.384e-3,1.299e+2,3.175e-26,1.506e-8,1.086e-19,2.550e-1,6.982e-24,1.144e+3,1.499e-20,1.034e-26,2.415e-20,4.717e-23,6.466e+1,2.991e+1,1.781e-3,4.997e+0,,1.773e-17,,,3.098e-1,,2.498e-2,1.301e-19,5.709e-18,2.132e-17,1.639e-19,3.330e+0,,4.030e-17,,8.305e+0,2.630e-7,1.244e-17,7.499e-18,9.484e-17,2.813e-5,2.936e-17
362.33,1.274e+3,4.630e-21,2.205e-28,1.031e-30,1.998e-35,3.705e-16,,4.140e-3,7.585e-23,,2.138e-15,1.529e-20,6.130e-10,1.059e-17,4.038e-20,1.664e-13,,3.459e-8,,1.575e+0,8.325e-19,1.003e-33,9.204e-3,1.396e+2,3.177e-26,2.264e-8,1.087e-19,2.623e-1,6.991e-24,1.019e+3,1.480e-20,1.033e-26,2.417e-20,4.718e-23,5.859e+1,3.830e+1,1.147e-3,6.392e+0,,4.962e-17,,,2.244e-1,,4.009e-2,1.301e-19,5.710e-18,2.122e-17,1.656e-19,4.527e+0,,4.036e-17,,6.231e+0,5.094e-7,1.243e-17,7.511e-18,9.478e-17,4.978e-5,2.940e-17
362.35,1.206e+3,4.631e-21,2.212e-28,6.853e-31,1.998e-35,4.659e-16,,4.678e-3,7.599e-23,,2.138e-15,1.160e-20,4.440e-10,1.059e-17,4.041e-20,1.653e-13,,3.069e-8,,1.625e+0,8.328e-19,1.002e-33,1.307e-2,1.454e+2,3.178e-26,3.395e-8,1.087e-19,2.653e-1,6.997e-24,9.414e+2,1.468e-20,1.032e-26,2.418e-20,4.719e-23,5.447e+1,4.487e+1,8.499e-4,7.477e+0,,9.783e-17,,,1.796e-1,,5.481e-2,1.301e-19,5.711e-18,2.115e-17,1.667e-19,5.515e+0,,4.041e-17,,5.107e+0,7.859e-7,1.242e-17,7.520e-18,9.474e-17,7.231e-5,2.942e-17
362.38,1.116e+3,4.633e-21,2.222e-28,3.676e-31,1.997e-35,6.500e-16,,5.558e-3,7.620e-23,,2.139e-15,6.056e-21,2.707e-10,1.060e-17,4.046e-20,1.619e-13,,2.562e-8,,1.690e+0,8.334e-19,1.002e-33,2.186e-2,1.529e+2,3.180e-26,6.617e-8,1.087e-19,2.669e-1,7.006e-24,8.355e+2,1.449e-20,1.031e-26,2.420e-20,4.720e-23,4.829e+1,5.638e+1,5.392e-4,9.359e+0,,2.679e-16,,,1.273e-1,,8.690e-2,1.300e-19,5.713e-18,2.105e-17,1.684e-19,7.335e+0,,4.047e-17,,3.748e+0,1.490e-6,1.241e-17,7.532e-18,9.468e-17,1.252e-4,2.945e-17
362.4,1.064e+3,4.635e-21,2.229e-28,2.409e-31,1.997e-35,8.056e-16,,6.189e-3,7.634e-23,,2.140e-15,2.362e-21,1.932e-10,1.060e-17,4.049e-20,1.587e-13,,2.274e-8,,1.729e+0,8.337e-19,1.001e-33,3.058e-2,1.570e+2,3.182e-26,1.041e-7,1.087e-19,2.661e-1,7.012e-24,7.722e+2,1.436e-20,1.030e-26,2.422e-20,4.721e-23,4.425e+1,6.523e+1,3.983e-4,1.079e+1,,5.207e-16,,,1.004e-1,,1.174e-1,1.300e-19,5.714e-18,2.098e-17,1.696e-19,8.807e+0,,4.052e-17,,3.027e+0,2.265e-6,1.241e-17,7.541e-18,9.464e-17,1.793e-4,2.948e-17
362.43,9.981e+2,4.637e-21,2.239e-28,1.264e-31,1.997e-35,1.100e-15,,7.193e-3,7.655e-23,,2.140e-15,6.951e-21,1.153e-10,1.060e-17,4.054e-20,1.525e-13,,1.910e-8,,1.779e+0,8.342e-19,1.000e-33,5.006e-2,1.615e+2,3.184e-26,2.045e-7,1.088e-19,2.620e-1,7.021e-24,6.886e+2,1.417e-20,1.029e-26,2.424e-20,4.723e-23,3.838e+1,8.043e+1,2.570e-4,1.321e+1,,1.396e-15,,,6.959e-2,,1.824e-1,1.300e-19,5.715e-18,2.088e-17,1.713e-19,1.146e+1,,4.058e-17,,2.174e+0,4.201e-6,1.240e-17,7.553e-18,9.457e-17,3.037e-4,2.951e-17
362.45,9.636e+2,4.638e-21,2.246e-28,8.166e-32,1.997e-35,1.343e-15,,7.895e-3,7.670e-23,,2.141e-15,1.417e-20,8.107e-11,1.061e-17,4.057e-20,1.475e-13,,1.708e-8,,1.810e+0,8.345e-19,9.998e-34,6.903e-2,1.634e+2,3.185e-26,3.189e-7,1.088e-19,2.575e-1,7.027e-24,6.409e+2,1.404e-20,1.029e-26,2.425e-20,4.723e-23,3.465e+1,9.193e+1,1.977e-4,1.502e+1,,2.674e-15,,,5.411e-2,,2.430e-1,1.300e-19,5.716e-18,2.081e-17,1.724e-19,1.356e+1,,4.063e-17,,1.730e+0,6.296e-6,1.239e-17,7.562e-18,9.453e-17,4.286e-4,2.953e-17
362.48,9.263e+2,4.640e-21,2.256e-28,4.193e-32,1.997e-35,1.794e-15,,8.979e-3,7.691e-23,,2.142e-15,4.083e-20,4.731e-11,1.061e-17,4.061e-20,1.390e-13,,1.459e-8,,1.853e+0,8.350e-19,9.991e-34,1.106e-1,1.645e+2,3.187e-26,6.147e-7,1.088e-19,2.481e-1,7.036e-24,5.819e+2,1.385e-20,1.028e-26,2.427e-20,4.725e-23,2.941e+1,1.113e+2,1.477e-4,1.799e+1,,7.014e-15,,,3.669e-2,,3.695e-1,1.300e-19,5.718e-18,2.071e-17,1.741e-19,1.727e+1,,4.069e-17,,1.215e+0,1.143e-5,1.238e-17,7.574e-18,9.447e-17,7.106e-4,2.957e-17
362.5,9.113e+2,4.641e-21,2.263e-28,2.669e-32,1.996e-35,2.161e-15,,9.712e-3,7.705e-23,,2.142e-15,8.207e-20,3.279e-11,1.062e-17,4.064e-20,1.328e-13,,1.323e-8,,1.882e+0,8.354e-19,9.985e-34,1.503e-1,1.640e+2,3.188e-26,9.452e-7,1.088e-19,2.403e-1,7.042e-24,5.513e+2,1.372e-20,1.027e-26,2.429e-20,4.726e-23,2.617e+1,1.258e+2,1.358e-4,2.015e+1,,1.325e-14,,,2.811e-2,,4.851e-1,1.299e-19,5.718e-18,2.064e-17,1.753e-19,2.014e+1,,4.073e-17,,9.534e-1,1.688e-5,1.238e-17,7.583e-18,9.443e-17,9.883e-4,2.959e-17
362.53,9.045e+2,4.643e-21,2.273e-28,1.341e-32,1.996e-35,2.824e-15,,1.081e-2,7.726e-23,,2.143e-15,2.314e-19,1.872e-11,1.062e-17,4.069e-20,1.227e-13,,1.159e-8,,1.928e+0,8.359e-19,9.978e-34,2.355e-1,1.615e+2,3.190e-26,1.783e-6,1.089e-19,2.265e-1,7.051e-24,5.189e+2,1.353e-20,1.026e-26,2.431e-20,4.727e-23,2.173e+1,1.498e+2,1.467e-4,2.363e+1,,3.400e-14,,,1.865e-2,,7.220e-1,1.299e-19,5.720e-18,2.054e-17,1.770e-19,2.510e+1,,4.080e-17,,6.552e-1,2.998e-5,1.237e-17,7.595e-18,9.436e-17,1.604e-3,2.962e-17
362.55,9.107e+2,4.645e-21,2.280e-28,8.411e-33,1.996e-35,3.351e-15,,1.152e-2,7.740e-23,,2.143e-15,4.584e-19,1.278e-11,1.062e-17,4.072e-20,1.157e-13,,1.071e-8,,1.964e+0,8.362e-19,9.972e-34,3.155e-1,1.587e+2,3.191e-26,2.702e-6,1.089e-19,2.162e-1,7.057e-24,5.066e+2,1.340e-20,1.025e-26,2.432e-20,4.728e-23,1.905e+1,1.675e+2,1.739e-4,2.608e+1,,6.329e-14,,,1.408e-2,,9.343e-1,1.299e-19,5.721e-18,2.047e-17,1.781e-19,2.885e+1,,4.084e-17,,5.065e-1,4.365e-5,1.236e-17,7.604e-18,9.432e-17,2.198e-3,2.965e-17
362.58,9.369e+2,4.646e-21,2.290e-28,4.134e-33,1.996e-35,4.285e-15,,1.254e-2,7.761e-23,,2.144e-15,1.265e-18,7.139e-12,1.063e-17,4.077e-20,1.048e-13,,9.637e-9,,2.027e+0,8.367e-19,9.965e-34,4.839e-1,1.529e+2,3.193e-26,4.988e-6,1.089e-19,1.994e-1,7.066e-24,5.025e+2,1.321e-20,1.024e-26,2.434e-20,4.729e-23,1.548e+1,1.965e+2,2.498e-4,2.992e+1,,1.590e-13,,,9.138e-3,,1.361e+0,1.299e-19,5.722e-18,2.037e-17,1.798e-19,3.517e+1,,4.091e-17,,3.405e-1,7.587e-5,1.235e-17,7.616e-18,9.426e-17,3.490e-3,2.968e-17
362.6,9.659e+2,4.648e-21,2.297e-28,2.556e-33,1.996e-35,5.012e-15,,1.318e-2,7.775e-23,,2.145e-15,2.481e-18,4.805e-12,1.063e-17,4.080e-20,9.753e-14,,9.057e-9,,2.079e+0,8.370e-19,9.960e-34,6.390e-1,1.481e+2,3.195e-26,7.452e-6,1.089e-19,1.876e-1,7.072e-24,5.096e+2,1.309e-20,1.023e-26,2.435e-20,4.730e-23,1.337e+1,2.175e+2,3.297e-4,3.255e+1,,2.918e-13,,,6.800e-3,,1.735e+0,1.299e-19,5.723e-18,2.030e-17,1.810e-19,3.985e+1,,4.095e-17,,2.594e-1,1.089e-4,1.235e-17,7.625e-18,9.422e-17,4.715e-3,2.970e-17
362.63,1.027e+3,4.650e-21,2.307e-28,1.229e-33,1.995e-35,6.271e-15,,1.404e-2,7.797e-23,,2.145e-15,6.702e-18,2.625e-12,1.064e-17,4.084e-20,8.669e-14,,8.334e-9,,2.173e+0,8.375e-19,9.952e-34,9.590e-1,1.396e+2,3.196e-26,1.346e-5,1.090e-19,1.693e-1,7.081e-24,5.353e+2,1.290e-20,1.022e-26,2.438e-20,4.732e-23,1.063e+1,2.517e+2,5.092e-4,3.653e+1,,7.174e-13,,,4.317e-3,,2.473e+0,1.298e-19,5.725e-18,2.020e-17,1.827e-19,4.754e+1,,4.102e-17,,1.706e-1,1.852e-4,1.234e-17,7.637e-18,9.416e-17,7.325e-3,2.974e-17
362.65,1.080e+3,4.651e-21,2.314e-28,7.488e-34,1.995e-35,7.229e-15,,1.454e-2,7.811e-23,,2.146e-15,1.291e-17,1.741e-12,1.064e-17,4.087e-20,7.962e-14,,7.925e-9,,2.249e+0,8.379e-19,9.947e-34,1.248e+0,1.333e+2,3.198e-26,1.982e-5,1.090e-19,1.570e-1,7.087e-24,5.626e+2,1.277e-20,1.022e-26,2.439e-20,4.733e-23,9.053e+0,2.763e+2,6.816e-4,3.917e+1,,1.297e-12,,,3.166e-3,,3.109e+0,1.298e-19,5.726e-18,2.013e-17,1.838e-19,5.308e+1,,4.106e-17,,1.281e-1,2.619e-4,1.233e-17,7.646e-18,9.411e-17,9.755e-3,2.976e-17
362.67,1.143e+3,4.652e-21,2.320e-28,4.536e-34,1.995e-35,8.285e-15,,1.497e-2,7.825e-23,,2.146e-15,2.471e-17,1.148e-12,1.064e-17,4.090e-20,7.274e-14,,7.555e-9,,2.335e+0,8.382e-19,9.941e-34,1.615e+0,1.265e+2,3.199e-26,2.902e-5,1.090e-19,1.447e-1,7.093e-24,5.981e+2,1.264e-20,1.021e-26,2.440e-20,4.733e-23,7.666e+0,3.024e+2,9.101e-4,4.176e+1,,2.333e-12,,,2.308e-3,,3.885e+0,1.298e-19,5.727e-18,2.007e-17,1.850e-19,5.893e+1,,4.110e-17,,9.560e-2,3.684e-4,1.233e-17,7.654e-18,9.407e-17,1.292e-2,2.978e-17
362.7,1.257e+3,4.654e-21,2.331e-28,2.115e-34,1.995e-35,1.006e-14,,1.546e-2,7.846e-23,,2.147e-15,6.478e-17,6.082e-13,1.065e-17,4.095e-20,6.291e-14,,7.051e-9,,2.488e+0,8.387e-19,9.934e-34,2.351e+0,1.156e+2,3.201e-26,5.085e-5,1.090e-19,1.267e-1,7.102e-24,6.666e+2,1.245e-20,1.020e-26,2.442e-20,4.735e-23,5.908e+0,3.444e+2,1.393e-3,4.546e+1,,5.566e-12,,,1.421e-3,,5.370e+0,1.298e-19,5.728e-18,1.996e-17,1.867e-19,6.819e+1,,4.117e-17,,6.097e-2,6.078e-4,1.232e-17,7.667e-18,9.401e-17,1.946e-2,2.982e-17
362.72,1.344e+3,4.656e-21,2.337e-28,1.263e-34,1.995e-35,1.136e-14,,1.569e-2,7.860e-23,,2.148e-15,1.223e-16,3.952e-13,1.065e-17,4.098e-20,5.674e-14,,6.735e-9,,2.605e+0,8.390e-19,9.928e-34,2.998e+0,1.081e+2,3.202e-26,7.338e-5,1.091e-19,1.151e-1,7.108e-24,7.222e+2,1.232e-20,1.019e-26,2.444e-20,4.736e-23,4.930e+0,3.744e+2,1.838e-3,4.776e+1,,9.866e-12,,,1.021e-3,,6.616e+0,1.298e-19,5.729e-18,1.990e-17,1.878e-19,7.461e+1,,4.121e-17,,4.485e-2,8.426e-4,1.231e-17,7.675e-18,9.397e-17,2.540e-2,2.984e-17
362.75,1.494e+3,4.658e-21,2.348e-28,5.762e-35,1.994e-35,1.349e-14,,1.586e-2,7.881e-23,,2.148e-15,3.137e-16,2.048e-13,1.066e-17,4.103e-20,4.813e-14,,6.272e-9,,2.801e+0,8.395e-19,9.921e-34,4.271e+0,9.674e+1,3.204e-26,1.258e-4,1.091e-19,9.870e-2,7.117e-24,8.198e+2,1.213e-20,1.018e-26,2.446e-20,4.737e-23,3.718e+0,4.225e+2,2.759e-3,5.088e+1,,2.303e-11,,,6.148e-4,,8.948e+0,1.297e-19,5.731e-18,1.979e-17,1.895e-19,8.447e+1,,4.128e-17,,2.798e-2,1.360e-3,1.230e-17,7.688e-18,9.391e-17,3.746e-2,2.987e-17
362.77,1.606e+3,4.659e-21,2.354e-28,3.390e-35,1.994e-35,1.502e-14,,1.586e-2,7.895e-23,,2.149e-15,5.836e-16,1.311e-13,1.066e-17,4.106e-20,4.285e-14,,5.967e-9,,2.946e+0,8.399e-19,9.916e-34,5.368e+0,8.916e+1,3.205e-26,1.790e-4,1.091e-19,8.846e-2,7.123e-24,8.939e+2,1.200e-20,1.018e-26,2.447e-20,4.738e-23,3.057e+0,4.567e+2,3.591e-3,5.268e+1,,4.025e-11,,,4.353e-4,,1.086e+1,1.297e-19,5.732e-18,1.973e-17,1.907e-19,9.109e+1,,4.132e-17,,2.028e-2,1.859e-3,1.230e-17,7.696e-18,9.386e-17,4.818e-2,2.989e-17
362.8,1.790e+3,4.661e-21,2.365e-28,1.513e-35,1.994e-35,1.745e-14,,1.569e-2,7.917e-23,,2.150e-15,1.465e-15,6.647e-14,1.067e-17,4.110e-20,3.564e-14,,5.505e-9,,3.178e+0,8.404e-19,9.908e-34,7.483e+0,7.804e+1,3.207e-26,3.003e-4,1.091e-19,7.431e-2,7.132e-24,1.017e+3,1.181e-20,1.017e-26,2.449e-20,4.739e-23,2.255e+0,5.114e+2,5.276e-3,5.491e+1,,9.196e-11,,,2.565e-4,,1.438e+1,1.297e-19,5.733e-18,1.962e-17,1.924e-19,1.009e+2,,4.139e-17,,1.238e-2,2.937e-3,1.229e-17,7.709e-18,9.380e-17,6.953e-2,2.993e-17
362.82,1.922e+3,4.662e-21,2.371e-28,8.775e-36,1.994e-35,1.915e-14,,1.546e-2,7.931e-23,,2.150e-15,2.688e-15,4.195e-14,1.067e-17,4.113e-20,3.132e-14,,5.194e-9,,3.342e+0,8.407e-19,9.903e-34,9.271e+0,7.089e+1,3.209e-26,4.211e-4,1.092e-19,6.574e-2,7.138e-24,1.106e+3,1.169e-20,1.016e-26,2.451e-20,4.740e-23,1.828e+0,5.501e+2,6.771e-3,5.604e+1,,1.584e-10,,,1.790e-4,,1.721e+1,1.297e-19,5.734e-18,1.956e-17,1.935e-19,1.072e+2,,4.143e-17,,8.845e-3,3.955e-3,1.228e-17,7.717e-18,9.376e-17,8.815e-2,2.995e-17
362.85,2.133e+3,4.664e-21,2.382e-28,3.832e-36,1.994e-35,2.177e-14,,1.497e-2,7.952e-23,,2.151e-15,6.606e-15,2.080e-14,1.067e-17,4.118e-20,2.557e-14,,4.723e-9,,3.594e+0,8.412e-19,9.895e-34,1.265e+1,6.071e+1,3.211e-26,6.915e-4,1.092e-19,5.423e-2,7.147e-24,1.248e+3,1.150e-20,1.015e-26,2.453e-20,4.742e-23,1.319e+0,6.117e+2,9.739e-3,5.715e+1,,3.542e-10,,,1.032e-4,,2.229e+1,1.296e-19,5.736e-18,1.945e-17,1.952e-19,1.162e+2,,4.150e-17,,5.282e-3,6.114e-3,1.228e-17,7.730e-18,9.370e-17,1.245e-1,2.998e-17
362.87,2.282e+3,4.666e-21,2.388e-28,2.190e-36,1.993e-35,2.355e-14,,1.454e-2,7.966e-23,,2.151e-15,1.194e-14,1.294e-14,1.068e-17,4.121e-20,2.219e-14,,4.408e-9,,3.763e+0,8.415e-19,9.890e-34,1.544e+1,5.435e+1,3.212e-26,9.555e-4,1.092e-19,4.746e-2,7.153e-24,1.346e+3,1.137e-20,1.014e-26,2.454e-20,4.742e-23,1.054e+0,6.552e+2,1.232e-2,5.748e+1,,6.013e-10,,,7.093e-5,,2.629e+1,1.296e-19,5.737e-18,1.939e-17,1.964e-19,1.218e+2,,4.154e-17,,3.718e-3,8.116e-3,1.227e-17,7.738e-18,9.365e-17,1.555e-1,3.001e-17
362.9,2.512e+3,4.668e-21,2.399e-28,9.356e-37,1.993e-35,2.620e-14,,1.377e-2,7.987e-23,,2.152e-15,2.873e-14,6.275e-15,1.068e-17,4.126e-20,1.779e-14,,3.939e-9,,4.011e+0,8.420e-19,9.882e-34,2.061e+1,4.554e+1,3.214e-26,1.536e-3,1.092e-19,3.864e-2,7.162e-24,1.497e+3,1.118e-20,1.013e-26,2.456e-20,4.744e-23,7.441e-1,7.239e+2,1.735e-2,5.736e+1,,1.316e-9,,,4.001e-5,,3.331e+1,1.296e-19,5.738e-18,1.928e-17,1.981e-19,1.291e+2,,4.161e-17,,2.172e-3,1.228e-2,1.226e-17,7.751e-18,9.359e-17,2.149e-1,3.004e-17
362.92,2.668e+3,4.669e-21,2.405e-28,5.269e-37,1.993e-35,2.792e-14,,1.318e-2,8.001e-23,,2.153e-15,5.121e-14,3.846e-15,1.069e-17,4.129e-20,1.527e-14,,3.631e-9,,4.168e+0,8.424e-19,9.877e-34,2.481e+1,4.019e+1,3.215e-26,2.091e-3,1.093e-19,3.361e-2,7.168e-24,1.598e+3,1.105e-20,1.013e-26,2.458e-20,4.745e-23,5.858e-1,7.718e+2,2.165e-2,5.686e+1,,2.202e-9,,,2.712e-5,,3.872e+1,1.296e-19,5.739e-18,1.922e-17,1.992e-19,1.333e+2,,4.165e-17,,1.507e-3,1.606e-2,1.226e-17,7.759e-18,9.355e-17,2.647e-1,3.006e-17
362.95,2.905e+3,4.671e-21,2.416e-28,2.202e-37,1.993e-35,3.040e-14,,1.221e-2,8.023e-23,,2.153e-15,1.206e-13,1.825e-15,1.069e-17,4.133e-20,1.207e-14,,3.182e-9,,4.384e+0,8.429e-19,9.869e-34,3.240e+1,3.295e+1,3.217e-26,3.289e-3,1.093e-19,2.730e-2,7.177e-24,1.746e+3,1.086e-20,1.012e-26,2.460e-20,4.746e-23,4.047e-1,8.467e+2,2.985e-2,5.551e+1,,4.716e-9,,,1.499e-5,,4.802e+1,1.296e-19,5.741e-18,1.911e-17,2.009e-19,1.384e+2,,4.171e-17,,8.613e-4,2.378e-2,1.225e-17,7.772e-18,9.349e-17,3.579e-1,3.010e-17
362.97,3.061e+3,4.672e-21,2.422e-28,1.222e-37,1.993e-35,3.193e-14,,1.152e-2,8.037e-23,,2.154e-15,2.119e-13,1.102e-15,1.069e-17,4.136e-20,1.029e-14,,2.895e-9,,4.511e+0,8.432e-19,9.864e-34,3.844e+1,2.866e+1,3.218e-26,4.415e-3,1.093e-19,2.386e-2,7.183e-24,1.840e+3,1.073e-20,1.011e-26,2.461e-20,4.747e-23,3.139e-1,8.982e+2,3.672e-2,5.424e+1,,7.779e-9,,,1.004e-5,,5.502e+1,1.295e-19,5.742e-18,1.905e-17,2.021e-19,1.408e+2,,4.176e-17,,5.888e-4,3.067e-2,1.224e-17,7.780e-18,9.345e-17,4.345e-1,3.012e-17
363,3.288e+3,4.674e-21,2.433e-28,4.998e-38,1.992e-35,3.401e-14,,1.044e-2,8.058e-23,,2.155e-15,4.883e-13,5.116e-16,1.070e-17,4.141e-20,8.102e-15,,2.486e-9,,4.668e+0,8.437e-19,9.856e-34,4.913e+1,2.300e+1,3.220e-26,6.795e-3,1.093e-19,1.975e-2,7.192e-24,1.972e+3,1.054e-20,1.010e-26,2.463e-20,4.748e-23,2.122e-1,9.772e+2,4.959e-2,5.181e+1,,1.630e-8,,,5.493e-6,,6.676e+1,1.295e-19,5.743e-18,1.894e-17,2.038e-19,1.430e+2,,4.182e-17,,3.292e-4,4.443e-2,1.223e-17,7.793e-18,9.338e-17,5.748e-1,3.015e-17
363.02,3.433e+3,4.676e-21,2.439e-28,2.734e-38,1.992e-35,3.522e-14,,9.712e-3,8.072e-23,,2.155e-15,8.459e-13,3.045e-16,1.070e-17,4.144e-20,6.937e-15,,2.230e-9,,4.748e+0,8.441e-19,9.851e-34,5.744e+1,1.973e+1,3.221e-26,8.991e-3,1.094e-19,1.766e-2,7.198e-24,2.051e+3,1.041e-20,1.009e-26,2.465e-20,4.749e-23,1.622e-1,1.031e+3,6.017e-2,4.989e+1,,2.651e-8,,,3.710e-6,,7.539e+1,1.295e-19,5.744e-18,1.888e-17,2.049e-19,1.434e+2,,4.187e-17,,2.218e-4,5.648e-2,1.223e-17,7.801e-18,9.334e-17,6.878e-1,3.018e-17
363.04,3.571e+3,4.677e-21,2.446e-28,1.486e-38,1.992e-35,3.626e-14,,8.979e-3,8.086e-23,,2.156e-15,1.457e-12,1.801e-16,1.071e-17,4.147e-20,5.988e-15,,1.989e-9,,4.805e+0,8.444e-19,9.846e-34,6.677e+1,1.683e+1,3.223e-26,1.183e-2,1.094e-19,1.605e-2,7.204e-24,2.122e+3,1.029e-20,1.009e-26,2.466e-20,4.750e-23,1.233e-1,1.084e+3,7.262e-2,4.776e+1,,4.286e-8,,,2.576e-6,,8.465e+1,1.295e-19,5.745e-18,1.881e-17,2.061e-19,1.430e+2,,4.191e-17,,1.486e-4,7.137e-2,1.222e-17,7.809e-18,9.330e-17,8.182e-1,3.020e-17
363.07,3.760e+3,4.679e-21,2.456e-28,5.895e-39,1.992e-35,3.746e-14,,7.895e-3,8.107e-23,,2.156e-15,3.258e-12,8.109e-17,1.071e-17,4.152e-20,4.938e-15,,1.659e-9,,4.845e+0,8.449e-19,9.838e-34,8.279e+1,1.313e+1,3.225e-26,1.766e-2,1.094e-19,1.444e-2,7.213e-24,2.211e+3,1.010e-20,1.008e-26,2.468e-20,4.752e-23,8.083e-2,1.162e+3,9.533e-2,4.426e+1,,8.716e-8,,,1.710e-6,,9.963e+1,1.295e-19,5.747e-18,1.871e-17,2.078e-19,1.408e+2,,4.197e-17,,8.057e-5,1.003e-1,1.221e-17,7.822e-18,9.324e-17,1.050e+0,3.023e-17
363.09,3.872e+3,4.680e-21,2.463e-28,3.159e-39,1.992e-35,3.801e-14,,7.193e-3,8.121e-23,,2.157e-15,5.533e-12,4.728e-17,1.072e-17,4.155e-20,4.470e-15,,1.459e-9,,4.839e+0,8.452e-19,9.833e-34,9.486e+1,1.107e+1,3.226e-26,2.290e-2,1.094e-19,1.386e-2,7.219e-24,2.256e+3,9.969e-21,1.007e-26,2.470e-20,4.752e-23,6.055e-2,1.213e+3,1.135e-1,4.176e+1,,1.389e-7,,,1.546e-6,,1.103e+2,1.294e-19,5.748e-18,1.864e-17,2.089e-19,1.384e+2,,4.202e-17,,5.318e-5,1.249e-1,1.221e-17,7.830e-18,9.320e-17,1.231e+0,3.026e-17
363.12,4.015e+3,4.682e-21,2.473e-28,1.226e-39,1.991e-35,3.842e-14,,6.189e-3,8.142e-23,,2.158e-15,1.211e-11,2.082e-17,1.072e-17,4.159e-20,4.097e-15,,1.190e-9,,4.783e+0,8.457e-19,9.825e-34,1.151e+2,8.516e+0,3.228e-26,3.346e-2,1.095e-19,1.363e-2,7.228e-24,2.301e+3,9.778e-21,1.006e-26,2.472e-20,4.754e-23,3.883e-2,1.285e+3,1.461e-1,3.786e+1,,2.764e-7,,,1.843e-6,,1.270e+2,1.294e-19,5.749e-18,1.854e-17,2.106e-19,1.333e+2,,4.208e-17,,2.821e-5,1.718e-1,1.220e-17,7.843e-18,9.313e-17,1.546e+0,3.029e-17
363.14,4.092e+3,4.684e-21,2.480e-28,6.473e-40,1.991e-35,3.842e-14,,5.558e-3,8.157e-23,,2.158e-15,2.028e-11,1.196e-17,1.072e-17,4.162e-20,4.061e-15,,1.032e-9,,4.714e+0,8.461e-19,9.820e-34,1.300e+2,7.137e+0,3.229e-26,4.277e-2,1.095e-19,1.387e-2,7.234e-24,2.316e+3,9.651e-21,1.005e-26,2.473e-20,4.755e-23,2.866e-2,1.329e+3,1.718e-1,3.520e+1,,4.342e-7,,,2.444e-6,,1.385e+2,1.294e-19,5.750e-18,1.847e-17,2.118e-19,1.291e+2,,4.213e-17,,1.835e-5,2.110e-1,1.219e-17,7.851e-18,9.309e-17,1.787e+0,3.031e-17
363.17,4.179e+3,4.686e-21,2.490e-28,2.457e-40,1.991e-35,3.801e-14,,4.678e-3,8.178e-23,,2.159e-15,4.345e-11,5.153e-18,1.073e-17,4.167e-20,4.326e-15,,8.240e-10,,4.564e+0,8.466e-19,9.812e-34,1.543e+2,5.498e+0,3.231e-26,6.114e-2,1.095e-19,1.474e-2,7.243e-24,2.315e+3,9.460e-21,1.004e-26,2.475e-20,4.756e-23,1.798e-2,1.388e+3,2.170e-1,3.123e+1,,8.458e-7,,,4.178e-6,,1.561e+2,1.294e-19,5.752e-18,1.837e-17,2.135e-19,1.218e+2,,4.219e-17,,9.523e-6,2.839e-1,1.218e-17,7.864e-18,9.303e-17,2.196e+0,3.035e-17
363.19,4.216e+3,4.687e-21,2.497e-28,1.279e-40,1.991e-35,3.746e-14,,4.140e-3,8.192e-23,,2.159e-15,7.171e-11,2.917e-18,1.073e-17,4.170e-20,4.718e-15,,7.041e-10,,4.436e+0,8.469e-19,9.807e-34,1.718e+2,4.663e+0,3.232e-26,7.703e-2,1.095e-19,1.561e-2,7.249e-24,2.298e+3,9.333e-21,1.004e-26,2.476e-20,4.757e-23,1.308e-2,1.421e+3,2.521e-1,2.862e+1,,1.310e-6,,,6.140e-6,,1.678e+2,1.294e-19,5.753e-18,1.830e-17,2.146e-19,1.162e+2,,4.224e-17,,6.105e-6,3.436e-1,1.218e-17,7.872e-18,9.299e-17,2.502e+0,3.037e-17
363.22,4.239e+3,4.689e-21,2.507e-28,4.749e-41,1.991e-35,3.626e-14,,3.410e-3,8.213e-23,,2.160e-15,1.504e-10,1.229e-18,1.074e-17,4.175e-20,5.649e-15,,5.502e-10,,4.205e+0,8.474e-19,9.799e-34,1.996e+2,3.758e+0,3.234e-26,1.078e-1,1.096e-19,1.730e-2,7.258e-24,2.250e+3,9.142e-21,1.003e-26,2.479e-20,4.758e-23,8.032e-3,1.461e+3,3.128e-1,2.484e+1,,2.496e-6,,,1.101e-5,,1.851e+2,1.293e-19,5.754e-18,1.820e-17,2.163e-19,1.072e+2,,4.230e-17,,3.099e-6,4.525e-1,1.217e-17,7.885e-18,9.292e-17,3.008e+0,3.040e-17
363.24,4.233e+3,4.690e-21,2.514e-28,2.436e-41,1.990e-35,3.522e-14,,2.975e-3,8.227e-23,,2.161e-15,2.448e-10,6.859e-19,1.074e-17,4.178e-20,6.513e-15,,4.634e-10,,4.029e+0,8.477e-19,9.794e-34,2.190e+2,3.368e+0,3.236e-26,1.338e-1,1.096e-19,1.863e-2,7.264e-24,2.203e+3,9.015e-21,1.002e-26,2.480e-20,4.759e-23,5.759e-3,1.480e+3,3.592e-1,2.244e+1,,3.810e-6,,,1.621e-5,,1.961e+2,1.293e-19,5.755e-18,1.813e-17,2.175e-19,1.009e+2,,4.234e-17,,1.958e-6,5.397e-1,1.216e-17,7.893e-18,9.288e-17,3.378e+0,3.043e-17
363.27,4.192e+3,4.692e-21,2.524e-28,8.849e-42,1.990e-35,3.335e-14,,2.397e-3,8.248e-23,,2.161e-15,5.026e-10,2.828e-19,1.075e-17,4.182e-20,8.205e-15,,3.543e-10,,3.739e+0,8.482e-19,9.786e-34,2.491e+2,3.083e+0,3.238e-26,1.832e-1,1.096e-19,2.088e-2,7.273e-24,2.113e+3,8.824e-21,1.001e-26,2.482e-20,4.761e-23,3.458e-3,1.496e+3,4.384e-1,1.906e+1,,7.107e-6,,,2.869e-5,,2.116e+2,1.293e-19,5.757e-18,1.803e-17,2.192e-19,9.109e+1,,4.241e-17,,9.725e-7,6.955e-1,1.215e-17,7.906e-18,9.282e-17,3.975e+0,3.046e-17
363.29,4.144e+3,4.694e-21,2.531e-28,4.472e-42,1.990e-35,3.193e-14,,2.061e-3,8.262e-23,,2.162e-15,8.062e-10,1.555e-19,1.075e-17,4.186e-20,9.620e-15,,2.941e-10,,3.533e+0,8.486e-19,9.781e-34,2.694e+2,3.090e+0,3.239e-26,2.242e-1,1.096e-19,2.251e-2,7.279e-24,2.042e+3,8.697e-21,1.000e-26,2.483e-20,4.761e-23,2.444e-3,1.497e+3,4.982e-1,1.697e+1,,1.069e-5,,,4.170e-5,,2.210e+2,1.293e-19,5.758e-18,1.796e-17,2.203e-19,8.447e+1,,4.245e-17,,6.055e-7,8.177e-1,1.215e-17,7.914e-18,9.278e-17,4.398e+0,3.048e-17
363.32,4.042e+3,4.696e-21,2.541e-28,1.590e-42,1.990e-35,2.959e-14,,1.625e-3,8.284e-23,,2.163e-15,1.621e-9,6.270e-20,1.075e-17,4.190e-20,1.222e-14,,2.200e-10,,3.209e+0,8.491e-19,9.773e-34,2.999e+2,3.401e+0,3.241e-26,3.004e-1,1.097e-19,2.507e-2,7.288e-24,1.922e+3,8.506e-21,9.992e-27,2.485e-20,4.763e-23,1.436e-3,1.485e+3,5.992e-1,1.410e+1,,1.952e-5,,,7.231e-5,,2.333e+2,1.293e-19,5.759e-18,1.786e-17,2.220e-19,7.462e+1,,4.252e-17,,2.942e-7,1.031e+0,1.214e-17,7.927e-18,9.272e-17,5.064e+0,3.052e-17
363.34,3.957e+3,4.697e-21,2.548e-28,7.918e-43,1.990e-35,2.792e-14,,1.377e-3,8.298e-23,,2.163e-15,2.563e-9,3.397e-20,1.076e-17,4.193e-20,1.429e-14,,1.800e-10,,2.988e+0,8.494e-19,9.768e-34,3.198e+2,3.822e+0,3.242e-26,3.624e-1,1.097e-19,2.681e-2,7.294e-24,1.834e+3,8.379e-21,9.985e-27,2.487e-20,4.764e-23,9.999e-4,1.468e+3,6.747e-1,1.238e+1,,2.895e-5,,,1.036e-4,,2.402e+2,1.292e-19,5.760e-18,1.779e-17,2.232e-19,6.820e+1,,4.256e-17,,1.805e-7,1.195e+0,1.213e-17,7.935e-18,9.267e-17,5.524e+0,3.054e-17
363.37,3.805e+3,4.699e-21,2.558e-28,2.727e-43,1.989e-35,2.532e-14,,1.062e-3,8.319e-23,,2.164e-15,5.045e-9,1.340e-20,1.076e-17,4.198e-20,1.795e-14,,1.317e-10,,2.657e+0,8.499e-19,9.760e-34,3.485e+2,4.804e+0,3.244e-26,4.751e-1,1.097e-19,2.942e-2,7.303e-24,1.694e+3,8.188e-21,9.975e-27,2.489e-20,4.765e-23,5.747e-4,1.429e+3,8.013e-1,1.007e+1,,5.173e-5,,,1.758e-4,,2.481e+2,1.292e-19,5.762e-18,1.769e-17,2.249e-19,5.896e+1,,4.263e-17,,8.580e-8,1.474e+0,1.212e-17,7.948e-18,9.261e-17,6.224e+0,3.057e-17
363.39,3.690e+3,4.700e-21,2.565e-28,1.339e-43,1.989e-35,2.355e-14,,8.868e-4,8.333e-23,,2.164e-15,7.867e-9,7.156e-21,1.077e-17,4.201e-20,2.078e-14,,1.062e-10,,2.440e+0,8.502e-19,9.755e-34,3.664e+2,5.722e+0,3.245e-26,5.650e-1,1.097e-19,3.110e-2,7.309e-24,1.597e+3,8.061e-21,9.968e-27,2.490e-20,4.766e-23,3.945e-4,1.395e+3,8.953e-1,8.715e+0,,7.562e-5,,,2.484e-4,,2.518e+2,1.292e-19,5.763e-18,3.624e-17,2.260e-19,5.312e+1,,4.267e-17,,5.188e-8,1.684e+0,1.212e-17,7.956e-18,9.257e-17,6.691e+0,3.060e-17
363.42,3.500e+3,4.702e-21,2.575e-28,4.178e-44,1.989e-35,2.089e-14,,6.694e-4,8.354e-23,,2.165e-15,1.516e-8,2.762e-21,1.077e-17,4.205e-20,2.565e-14,,7.607e-11,,2.124e+0,8.507e-19,9.747e-34,3.910e+2,7.553e+0,3.247e-26,7.248e-1,1.098e-19,3.349e-2,7.318e-24,1.451e+3,7.870e-21,9.958e-27,2.492e-20,4.767e-23,2.218e-4,1.331e+3,1.052e+0,6.947e+0,,1.322e-4,,,4.125e-4,,2.545e+2,1.292e-19,5.764e-18,1.052e-16,2.277e-19,4.495e+1,,4.274e-17,,2.413e-8,2.034e+0,1.211e-17,7.969e-18,9.251e-17,7.377e+0,3.063e-17
363.44,3.365e+3,4.703e-21,2.582e-28,2.024e-44,1.989e-35,1.915e-14,,5.509e-4,8.368e-23,,2.166e-15,2.331e-8,1.453e-21,1.077e-17,4.209e-20,2.933e-14,,6.045e-11,,1.923e+0,8.511e-19,9.742e-34,4.056e+2,9.120e+0,3.248e-26,8.496e-1,1.098e-19,3.494e-2,7.324e-24,1.354e+3,7.743e-21,9.951e-27,2.494e-20,4.768e-23,1.500e-4,1.282e+3,1.168e+0,5.936e+0,,1.905e-4,,,5.744e-4,,2.545e+2,1.292e-19,5.765e-18,2.124e-16,2.289e-19,3.993e+1,,4.278e-17,,1.438e-8,2.289e+0,1.210e-17,7.977e-18,9.247e-17,7.817e+0,3.065e-17
363.46,3.224e+3,4.705e-21,2.589e-28,2.017e-44,1.989e-35,1.745e-14,,4.508e-4,8.382e-23,,2.166e-15,3.563e-8,7.601e-22,1.078e-17,4.212e-20,3.335e-14,,4.776e-11,,1.732e+0,8.514e-19,9.737e-34,4.184e+2,1.100e+1,3.250e-26,9.901e-1,1.098e-19,3.626e-2,7.330e-24,1.259e+3,7.615e-21,9.944e-27,2.495e-20,4.769e-23,1.009e-4,1.227e+3,1.295e+0,5.051e+0,,2.730e-4,,,7.953e-4,,2.530e+2,1.291e-19,5.766e-18,4.266e-16,2.300e-19,3.529e+1,,4.282e-17,,8.516e-9,2.563e+0,1.210e-17,7.986e-18,9.242e-17,8.235e+0,3.067e-17
363.49,3.007e+3,4.707e-21,2.599e-28,2.006e-44,1.988e-35,1.502e-14,,3.300e-4,8.404e-23,,2.167e-15,6.666e-8,2.844e-22,1.078e-17,4.216e-20,4.002e-14,,3.317e-11,,1.466e+0,8.519e-19,9.729e-34,4.341e+2,1.451e+1,3.252e-26,1.232e+0,1.098e-19,3.793e-2,7.339e-24,1.123e+3,7.425e-21,9.934e-27,2.497e-20,4.771e-23,5.503e-5,1.138e+3,1.506e+0,3.942e+0,,4.631e-4,,,1.282e-3,,2.481e+2,1.291e-19,5.767e-18,1.201e-15,2.317e-19,2.903e+1,,4.289e-17,,3.840e-9,3.002e+0,1.209e-17,7.998e-18,9.236e-17,8.808e+0,3.071e-17
363.51,2.861e+3,4.708e-21,2.606e-28,1.998e-44,1.988e-35,1.349e-14,,2.661e-4,8.418e-23,,2.167e-15,1.005e-7,1.466e-22,1.079e-17,4.219e-20,4.488e-14,,2.583e-11,,1.304e+0,8.522e-19,9.724e-34,4.420e+2,1.736e+1,3.253e-26,1.415e+0,1.098e-19,3.881e-2,7.345e-24,1.038e+3,7.297e-21,9.927e-27,2.499e-20,4.771e-23,3.647e-5,1.075e+3,1.662e+0,3.337e+0,,6.540e-4,,,1.749e-3,,2.432e+2,1.291e-19,5.768e-18,2.378e-15,2.329e-19,2.534e+1,,4.293e-17,,2.242e-9,3.312e+0,1.208e-17,8.007e-18,9.232e-17,9.146e+0,3.073e-17
363.54,2.642e+3,4.710e-21,2.616e-28,1.987e-44,1.988e-35,1.136e-14,,1.906e-4,8.439e-23,,2.168e-15,1.841e-7,5.368e-23,1.079e-17,4.224e-20,5.275e-14,,1.756e-11,,1.085e+0,8.527e-19,9.716e-34,4.499e+2,2.250e+1,3.255e-26,1.724e+0,1.099e-19,3.973e-2,7.354e-24,9.184e+2,7.107e-21,9.917e-27,2.501e-20,4.773e-23,1.946e-5,9.768e+2,1.922e+0,2.612e+0,,1.086e-3,,,2.758e-3,,2.333e+2,1.291e-19,5.770e-18,6.554e-15,2.346e-19,2.051e+1,,4.300e-17,,9.891e-10,3.797e+0,1.207e-17,8.019e-18,9.226e-17,9.573e+0,3.077e-17
363.56,2.499e+3,4.711e-21,2.623e-28,1.980e-44,1.988e-35,1.006e-14,,1.515e-4,8.453e-23,,2.169e-15,2.736e-7,2.727e-23,1.079e-17,4.227e-20,5.834e-14,,1.347e-11,,9.568e-1,8.531e-19,9.711e-34,4.526e+2,2.658e+1,3.256e-26,1.952e+0,1.099e-19,4.008e-2,7.360e-24,8.458e+2,6.979e-21,9.911e-27,2.502e-20,4.774e-23,1.271e-5,9.098e+2,2.115e+0,2.242e+0,,1.512e-3,,,3.710e-3,,2.253e+2,1.291e-19,5.771e-18,1.279e-14,2.357e-19,1.776e+1,,4.304e-17,,5.690e-10,4.129e+0,1.207e-17,8.028e-18,9.222e-17,9.797e+0,3.079e-17
363.59,2.292e+3,4.713e-21,2.633e-28,1.969e-44,1.988e-35,8.285e-15,,1.062e-4,8.474e-23,,2.169e-15,4.908e-7,9.765e-24,1.080e-17,4.232e-20,6.714e-14,,8.959e-12,,7.897e-1,8.536e-19,9.703e-34,4.530e+2,3.378e+1,3.258e-26,2.326e+0,1.099e-19,4.016e-2,7.369e-24,7.480e+2,6.788e-21,9.900e-27,2.504e-20,4.775e-23,6.634e-6,8.093e+2,2.437e+0,1.843e+0,,2.456e-3,,,5.726e-3,,2.116e+2,1.290e-19,5.772e-18,3.451e-14,2.374e-19,1.430e+1,,4.311e-17,,2.456e-10,4.632e+0,1.206e-17,8.040e-18,9.215e-17,1.003e+1,3.082e-17
363.61,2.161e+3,4.715e-21,2.640e-28,1.961e-44,1.987e-35,7.229e-15,,8.319e-5,8.488e-23,,2.170e-15,7.194e-7,4.888e-24,1.080e-17,4.235e-20,7.322e-14,,6.776e-12,,6.956e-1,8.539e-19,9.698e-34,4.509e+2,3.935e+1,3.259e-26,2.596e+0,1.099e-19,3.993e-2,7.375e-24,6.904e+2,6.661e-21,9.894e-27,2.506e-20,4.776e-23,4.270e-6,7.433e+2,2.675e+0,1.678e+0,,3.370e-3,,,7.592e-3,,2.014e+2,1.290e-19,5.773e-18,6.640e-14,2.386e-19,1.243e+1,,4.315e-17,,1.392e-10,4.965e+0,1.205e-17,8.049e-18,9.211e-17,1.012e+1,3.084e-17
363.64,1.975e+3,4.717e-21,2.650e-28,1.950e-44,1.987e-35,5.828e-15,,5.705e-5,8.510e-23,,2.171e-15,1.264e-6,1.713e-24,1.081e-17,4.239e-20,8.252e-14,,4.408e-12,,5.801e-1,8.544e-19,9.690e-34,4.448e+2,4.895e+1,3.261e-26,3.027e+0,1.100e-19,3.915e-2,7.384e-24,6.152e+2,6.470e-21,9.884e-27,2.508e-20,4.777e-23,2.181e-6,6.473e+2,3.070e+0,1.577e+0,,5.359e-3,,,1.147e-2,,1.851e+2,1.290e-19,5.775e-18,1.753e-13,2.403e-19,1.025e+1,,4.322e-17,,5.879e-11,5.450e+0,1.205e-17,8.061e-18,9.205e-17,1.015e+1,3.088e-17
363.66,1.861e+3,4.718e-21,2.657e-28,1.943e-44,1.987e-35,5.012e-15,,4.404e-5,8.524e-23,,2.171e-15,1.827e-6,8.448e-25,1.081e-17,4.242e-20,8.875e-14,,3.286e-12,,5.202e-1,8.548e-19,9.685e-34,4.391e+2,5.622e+1,3.263e-26,3.330e+0,1.100e-19,3.837e-2,7.390e-24,5.724e+2,6.343e-21,9.877e-27,2.509e-20,4.778e-23,1.383e-6,5.861e+2,3.361e+0,1.611e+0,,7.249e-3,,,1.499e-2,,1.736e+2,1.290e-19,5.776e-18,3.325e-13,2.414e-19,9.193e+0,,4.326e-17,,3.285e-11,5.759e+0,1.204e-17,8.070e-18,9.201e-17,1.009e+1,3.090e-17
363.69,1.706e+3,4.720e-21,2.667e-28,1.932e-44,1.987e-35,3.954e-15,,2.955e-5,8.545e-23,,2.172e-15,3.143e-6,2.895e-25,1.082e-17,4.247e-20,9.795e-14,,2.092e-12,,4.554e-1,8.553e-19,9.677e-34,4.288e+2,6.845e+1,3.265e-26,3.800e+0,1.100e-19,3.682e-2,7.399e-24,5.185e+2,6.152e-21,9.867e-27,2.511e-20,4.780e-23,6.912e-7,4.996e+2,3.839e+0,1.824e+0,,1.128e-2,,,2.216e-2,,1.561e+2,1.289e-19,5.777e-18,8.594e-13,2.431e-19,8.215e+0,,4.332e-17,,1.357e-11,6.187e+0,1.203e-17,8.082e-18,9.194e-17,9.899e+0,3.094e-17
363.71,1.613e+3,4.721e-21,2.674e-28,1.924e-44,1.987e-35,3.351e-15,,2.248e-5,8.559e-23,,2.172e-15,4.481e-6,1.407e-25,1.082e-17,4.250e-20,1.039e-13,,1.537e-12,,4.289e-1,8.556e-19,9.672e-34,4.212e+2,7.749e+1,3.266e-26,4.120e+0,1.100e-19,3.556e-2,7.405e-24,4.889e+2,6.025e-21,9.860e-27,2.513e-20,4.781e-23,4.321e-7,4.459e+2,4.188e+0,2.085e+0,,1.504e-2,,,2.855e-2,,1.444e+2,1.289e-19,5.778e-18,1.607e-12,2.443e-19,7.966e+0,,4.337e-17,,7.471e-12,6.443e+0,1.203e-17,8.091e-18,9.190e-17,9.705e+0,3.096e-17
363.74,1.491e+3,4.723e-21,2.684e-28,1.913e-44,1.986e-35,2.586e-15,,1.476e-5,8.580e-23,,2.173e-15,7.549e-6,1.397e-25,1.082e-17,4.255e-20,1.123e-13,,9.571e-13,,4.143e-1,8.561e-19,9.665e-34,4.097e+2,9.234e+1,3.268e-26,4.602e+0,1.101e-19,3.339e-2,7.414e-24,4.529e+2,5.834e-21,9.850e-27,2.515e-20,4.782e-23,2.112e-7,3.720e+2,4.754e+0,2.683e+0,,2.291e-2,,,4.130e-2,,1.270e+2,1.289e-19,5.780e-18,4.065e-12,2.460e-19,8.220e+0,,4.343e-17,,3.019e-12,6.775e+0,1.202e-17,8.103e-18,9.184e-17,9.322e+0,3.099e-17
363.76,1.421e+3,4.725e-21,2.691e-28,1.906e-44,1.986e-35,2.161e-15,,1.107e-5,8.594e-23,,2.174e-15,1.062e-5,1.390e-25,1.083e-17,4.258e-20,1.175e-13,,6.930e-13,,4.215e-1,8.564e-19,9.659e-34,4.023e+2,1.030e+2,3.269e-26,4.918e+0,1.101e-19,3.179e-2,7.420e-24,4.339e+2,5.707e-21,9.843e-27,2.516e-20,4.783e-23,1.301e-7,3.274e+2,5.160e+0,3.240e+0,,3.011e-2,,,5.245e-2,,1.157e+2,1.289e-19,5.781e-18,7.494e-12,2.471e-19,8.833e+0,,4.348e-17,,1.638e-12,6.956e+0,1.201e-17,8.112e-18,9.180e-17,9.012e+0,3.101e-17
363.79,1.334e+3,4.727e-21,2.701e-28,1.895e-44,1.986e-35,1.632e-15,,7.110e-6,8.615e-23,,2.174e-15,1.752e-5,1.379e-25,1.083e-17,4.262e-20,1.245e-13,,4.223e-13,,4.584e-1,8.569e-19,9.652e-34,3.926e+2,1.202e+2,3.271e-26,5.374e+0,1.101e-19,2.921e-2,7.429e-24,4.117e+2,5.516e-21,9.833e-27,2.518e-20,4.784e-23,6.224e-8,2.673e+2,5.809e+0,4.361e+0,,4.488e-2,,,7.426e-2,,9.963e+1,1.289e-19,5.782e-18,1.855e-11,2.488e-19,1.048e+1,,4.354e-17,,6.477e-13,7.159e+0,1.200e-17,8.124e-18,9.174e-17,8.481e+0,3.105e-17
363.81,1.287e+3,4.728e-21,2.708e-28,1.887e-44,1.986e-35,1.343e-15,,5.255e-6,8.630e-23,,2.175e-15,2.430e-5,1.372e-25,1.084e-17,4.265e-20,1.286e-13,,3.013e-13,,5.010e-1,8.573e-19,9.646e-34,3.875e+2,1.322e+2,3.272e-26,5.661e+0,1.101e-19,2.741e-2,7.435e-24,4.005e+2,5.389e-21,9.826e-27,2.519e-20,4.785e-23,3.779e-8,2.318e+2,6.264e+0,5.330e+0,,5.814e-2,,,9.297e-2,,8.951e+1,1.288e-19,5.783e-18,3.372e-11,2.500e-19,1.212e+1,,4.359e-17,,3.463e-13,7.247e+0,1.200e-17,8.133e-18,9.169e-17,8.091e+0,3.107e-17
363.83,1.249e+3,4.729e-21,2.715e-28,1.880e-44,1.986e-35,1.100e-15,,3.861e-6,8.644e-23,,2.175e-15,3.352e-5,1.365e-25,1.084e-17,4.268e-20,1.320e-13,,2.138e-13,,5.586e-1,8.576e-19,9.641e-34,3.837e+2,1.445e+2,3.274e-26,5.929e+0,1.102e-19,2.557e-2,7.441e-24,3.915e+2,5.262e-21,9.819e-27,2.521e-20,4.786e-23,2.281e-8,1.999e+2,6.736e+0,6.507e+0,,7.489e-2,,,1.157e-1,,7.995e+1,1.288e-19,5.784e-18,6.092e-11,2.511e-19,1.423e+1,,4.363e-17,,1.841e-13,7.294e+0,1.199e-17,8.141e-18,9.165e-17,7.682e+0,3.109e-17
363.86,1.207e+3,4.731e-21,2.725e-28,1.869e-44,1.985e-35,8.056e-16,,2.406e-6,8.665e-23,,2.176e-15,5.376e-5,1.354e-25,1.084e-17,4.273e-20,1.361e-13,,1.264e-13,,6.745e-1,8.581e-19,9.633e-34,3.811e+2,1.635e+2,3.275e-26,6.286e+0,1.102e-19,2.280e-2,7.450e-24,3.815e+2,5.071e-21,9.809e-27,2.523e-20,4.787e-23,1.058e-8,1.584e+2,7.463e+0,8.728e+0,,1.083e-1,,,1.590e-1,,6.676e+1,1.288e-19,5.786e-18,1.464e-10,2.528e-19,1.841e+1,,4.369e-17,,7.059e-14,7.289e+0,1.198e-17,8.154e-18,9.159e-17,7.046e+0,3.113e-17
363.88,1.190e+3,4.733e-21,2.732e-28,1.861e-44,1.985e-35,6.500e-16,,1.742e-6,8.679e-23,,2.177e-15,7.316e-5,1.347e-25,1.085e-17,4.276e-20,1.380e-13,,8.835e-14,,7.724e-1,8.584e-19,9.628e-34,3.816e+2,1.762e+2,3.277e-26,6.489e+0,1.102e-19,2.096e-2,7.456e-24,3.766e+2,4.944e-21,9.803e-27,2.524e-20,4.788e-23,6.294e-9,1.346e+2,7.956e+0,1.056e+1,,1.375e-1,,,1.951e-1,,5.877e+1,1.288e-19,5.787e-18,2.607e-10,2.540e-19,2.196e+1,,4.374e-17,,3.698e-14,7.236e+0,1.198e-17,8.162e-18,9.155e-17,6.618e+0,3.115e-17
363.91,1.177e+3,4.735e-21,2.742e-28,1.850e-44,1.985e-35,4.659e-16,,1.062e-6,8.700e-23,,2.177e-15,1.150e-4,1.337e-25,1.085e-17,4.281e-20,1.396e-13,,5.109e-14,,9.518e-1,8.589e-19,9.621e-34,3.860e+2,1.951e+2,3.279e-26,6.732e+0,1.102e-19,1.829e-2,7.465e-24,3.710e+2,4.753e-21,9.792e-27,2.526e-20,4.790e-23,2.856e-9,1.044e+2,8.694e+0,1.392e+1,,1.946e-1,,,2.623e-1,,4.802e+1,1.288e-19,5.788e-18,6.132e-10,2.557e-19,2.859e+1,,4.380e-17,,1.387e-14,7.084e+0,1.197e-17,8.175e-18,9.149e-17,5.991e+0,3.118e-17
363.93,1.177e+3,4.736e-21,2.749e-28,1.843e-44,1.985e-35,3.705e-16,,7.580e-7,8.714e-23,,2.178e-15,1.543e-4,1.330e-25,1.086e-17,4.284e-20,1.398e-13,,3.521e-14,,1.094e+0,8.593e-19,9.615e-34,3.914e+2,2.073e+2,3.280e-26,6.850e+0,1.103e-19,1.659e-2,7.471e-24,3.681e+2,4.625e-21,9.786e-27,2.528e-20,4.790e-23,1.675e-9,8.744e+1,9.176e+0,1.663e+1,,2.436e-1,,,3.173e-1,,4.166e+1,1.287e-19,5.789e-18,1.077e-9,2.568e-19,3.398e+1,,4.385e-17,,7.162e-15,6.939e+0,1.196e-17,8.183e-18,9.144e-17,5.593e+0,3.121e-17
363.96,1.187e+3,4.738e-21,2.759e-28,1.832e-44,1.985e-35,2.598e-16,,4.521e-7,8.735e-23,,2.179e-15,2.376e-4,1.319e-25,1.086e-17,4.288e-20,1.390e-13,,1.992e-14,,1.343e+0,8.598e-19,9.608e-34,4.029e+2,2.246e+2,3.282e-26,6.954e+0,1.103e-19,1.417e-2,7.480e-24,3.645e+2,4.435e-21,9.776e-27,2.530e-20,4.792e-23,7.435e-10,6.633e+1,9.871e+0,2.149e+1,,3.374e-1,,,4.177e-1,,3.331e+1,1.287e-19,5.791e-18,2.479e-9,2.585e-19,4.372e+1,,4.391e-17,,2.628e-15,6.662e+0,1.195e-17,8.196e-18,9.138e-17,5.047e+0,3.124e-17
363.98,1.201e+3,4.739e-21,2.766e-28,1.824e-44,1.985e-35,2.036e-16,,3.180e-7,8.750e-23,,2.179e-15,3.147e-4,1.312e-25,1.086e-17,4.291e-20,1.377e-13,,1.353e-14,,1.533e+0,8.601e-19,9.602e-34,4.127e+2,2.352e+2,3.283e-26,6.974e+0,1.103e-19,1.267e-2,7.486e-24,3.625e+2,4.307e-21,9.769e-27,2.531e-20,4.793e-23,4.296e-10,5.478e+1,1.030e+1,2.532e+1,,4.163e-1,,,4.981e-1,,2.849e+1,1.287e-19,5.792e-18,4.291e-9,2.597e-19,5.141e+1,,4.396e-17,,1.337e-15,6.444e+0,1.195e-17,8.204e-18,9.134e-17,4.727e+0,3.126e-17
364.01,1.231e+3,4.741e-21,2.776e-28,1.813e-44,1.984e-35,1.397e-16,,1.856e-7,8.771e-23,,2.180e-15,4.749e-4,1.301e-25,1.087e-17,4.296e-20,1.348e-13,,7.490e-15,,1.854e+0,8.606e-19,9.595e-34,4.302e+2,2.493e+2,3.285e-26,6.929e+0,1.103e-19,1.061e-2,7.495e-24,3.600e+2,4.117e-21,9.759e-27,2.533e-20,4.794e-23,1.866e-10,4.066e+1,1.090e+1,3.204e+1,,5.643e-1,,,6.417e-1,,2.229e+1,1.287e-19,5.793e-18,9.668e-9,2.614e-19,6.495e+1,,4.402e-17,,4.799e-16,6.078e+0,1.194e-17,8.217e-18,9.128e-17,4.333e+0,3.130e-17
364.03,1.255e+3,4.743e-21,2.783e-28,1.806e-44,1.984e-35,1.079e-16,,1.287e-7,8.785e-23,,2.181e-15,6.207e-4,1.294e-25,1.087e-17,4.299e-20,1.323e-13,,5.013e-15,,2.092e+0,8.609e-19,9.590e-34,4.433e+2,2.574e+2,3.286e-26,6.850e+0,1.104e-19,9.371e-3,7.501e-24,3.587e+2,3.989e-21,9.752e-27,2.535e-20,4.795e-23,1.062e-10,3.310e+1,1.124e+1,3.721e+1,,6.863e-1,,,7.545e-1,,1.878e+1,1.287e-19,5.794e-18,1.650e-8,2.625e-19,7.539e+1,,4.406e-17,,2.406e-16,5.815e+0,1.193e-17,8.225e-18,9.123e-17,4.138e+0,3.132e-17
364.06,1.299e+3,4.745e-21,2.793e-28,1.795e-44,1.984e-35,7.249e-17,,7.346e-8,8.806e-23,,2.181e-15,9.181e-4,1.284e-25,1.088e-17,4.304e-20,1.279e-13,,2.715e-15,,2.484e+0,8.614e-19,9.582e-34,4.642e+2,2.670e+2,3.288e-26,6.659e+0,1.104e-19,7.711e-3,7.510e-24,3.576e+2,3.798e-21,9.742e-27,2.537e-20,4.796e-23,4.515e-11,2.404e+1,1.167e+1,4.607e+1,,9.106e-1,,,9.516e-1,,1.438e+1,1.286e-19,5.796e-18,3.638e-8,2.642e-19,9.331e+1,,4.413e-17,,8.451e-17,5.405e+0,1.192e-17,8.238e-18,9.117e-17,3.966e+0,3.135e-17
364.08,1.331e+3,4.746e-21,2.800e-28,1.788e-44,1.984e-35,5.518e-17,,5.020e-8,8.820e-23,,2.182e-15,1.184e-3,1.277e-25,1.088e-17,4.307e-20,1.246e-13,,1.791e-15,,2.765e+0,8.618e-19,9.577e-34,4.786e+2,2.717e+2,3.290e-26,6.489e+0,1.104e-19,6.740e-3,7.516e-24,3.577e+2,3.671e-21,9.735e-27,2.538e-20,4.797e-23,2.534e-11,1.929e+1,1.189e+1,5.275e+1,,1.092e+0,,,1.103e+0,,1.195e+1,1.286e-19,5.797e-18,6.121e-8,2.654e-19,1.068e+2,,4.417e-17,,4.176e-17,5.127e+0,1.192e-17,8.246e-18,9.113e-17,3.943e+0,3.138e-17
364.11,1.384e+3,4.748e-21,2.810e-28,1.776e-44,1.983e-35,3.626e-17,,2.804e-8,8.841e-23,,2.183e-15,1.717e-3,1.266e-25,1.089e-17,4.311e-20,1.192e-13,,9.493e-16,,3.215e+0,8.623e-19,9.569e-34,4.998e+2,2.758e+2,3.292e-26,6.173e+0,1.104e-19,5.484e-3,7.525e-24,3.596e+2,3.480e-21,9.725e-27,2.540e-20,4.799e-23,1.053e-11,1.371e+1,1.211e+1,6.392e+1,,1.417e+0,,,1.362e+0,,8.948e+0,1.286e-19,5.798e-18,1.321e-7,2.671e-19,1.294e+2,,4.424e-17,,1.435e-17,4.719e+0,1.191e-17,8.259e-18,9.107e-17,4.063e+0,3.141e-17
364.13,1.422e+3,4.749e-21,2.817e-28,1.769e-44,1.983e-35,2.721e-17,,1.888e-8,8.855e-23,,2.183e-15,2.185e-3,1.259e-25,1.089e-17,4.314e-20,1.156e-13,,6.172e-16,,3.530e+0,8.626e-19,9.564e-34,5.132e+2,2.766e+2,3.293e-26,5.929e+0,1.105e-19,4.775e-3,7.531e-24,3.626e+2,3.353e-21,9.718e-27,2.542e-20,4.800e-23,5.826e-12,1.084e+1,1.218e+1,7.214e+1,,1.675e+0,,,1.557e+0,,7.327e+0,1.286e-19,5.799e-18,2.191e-7,2.682e-19,1.460e+2,,4.428e-17,,6.986e-18,4.458e+0,1.190e-17,8.267e-18,9.103e-17,4.258e+0,3.143e-17
364.16,1.483e+3,4.751e-21,2.827e-28,1.758e-44,1.983e-35,1.749e-17,,1.032e-8,8.877e-23,,2.184e-15,3.107e-3,1.248e-25,1.089e-17,4.319e-20,1.101e-13,,3.200e-16,,4.019e+0,8.631e-19,9.556e-34,5.311e+2,2.748e+2,3.295e-26,5.520e+0,1.105e-19,3.897e-3,7.540e-24,3.704e+2,3.162e-21,9.708e-27,2.544e-20,4.801e-23,2.370e-12,7.540e+0,1.216e+1,8.556e+1,,2.129e+0,,,1.883e+0,,5.370e+0,1.285e-19,5.801e-18,4.629e-7,2.699e-19,1.732e+2,,4.435e-17,,7.024e-18,4.095e+0,1.189e-17,8.280e-18,9.096e-17,4.742e+0,3.147e-17
364.18,1.525e+3,4.752e-21,2.834e-28,1.751e-44,1.983e-35,1.293e-17,,6.851e-9,8.891e-23,,2.184e-15,3.904e-3,1.241e-25,1.090e-17,4.322e-20,1.065e-13,,2.051e-16,,4.350e+0,8.634e-19,9.551e-34,5.411e+2,2.717e+2,3.296e-26,5.225e+0,1.105e-19,3.427e-3,7.546e-24,3.784e+2,3.035e-21,9.701e-27,2.545e-20,4.802e-23,1.291e-12,5.876e+0,1.207e+1,9.517e+1,,2.480e+0,,,2.122e+0,,4.334e+0,1.285e-19,5.802e-18,7.568e-7,2.711e-19,1.926e+2,,4.439e-17,,7.050e-18,3.876e+0,1.189e-17,8.288e-18,9.092e-17,5.203e+0,3.149e-17
364.2,1.568e+3,4.754e-21,2.840e-28,1.743e-44,1.983e-35,9.510e-18,,4.521e-9,8.905e-23,,2.185e-15,4.879e-3,1.234e-25,1.090e-17,4.325e-20,1.030e-13,,1.306e-16,,4.683e+0,8.638e-19,9.546e-34,5.492e+2,2.670e+2,3.297e-26,4.918e+0,1.105e-19,3.046e-3,7.552e-24,3.890e+2,6.199e-21,9.695e-27,2.547e-20,4.803e-23,6.998e-13,4.553e+0,1.192e+1,1.053e+2,,2.873e+0,,,2.379e+0,,3.478e+0,1.285e-19,5.803e-18,1.230e-6,2.722e-19,2.131e+2,,4.443e-17,,7.075e-18,3.681e+0,1.188e-17,8.297e-18,9.088e-17,5.785e+0,3.151e-17
364.23,1.635e+3,4.756e-21,2.851e-28,1.732e-44,1.983e-35,5.931e-18,,2.397e-9,8.926e-23,,2.186e-15,6.750e-3,1.224e-25,1.091e-17,4.330e-20,9.812e-14,,6.570e-17,,5.173e+0,8.643e-19,9.538e-34,5.572e+2,2.574e+2,3.299e-26,4.442e+0,1.106e-19,2.630e-3,7.561e-24,4.108e+2,1.790e-20,9.684e-27,2.549e-20,4.804e-23,2.761e-13,3.072e+0,1.158e+1,1.211e+2,,3.544e+0,,,2.795e+0,,2.473e+0,1.285e-19,5.804e-18,2.523e-6,2.739e-19,2.452e+2,,4.450e-17,,7.114e-18,3.435e+0,1.187e-17,8.309e-18,9.082e-17,6.897e+0,3.155e-17
364.25,1.681e+3,4.757e-21,2.857e-28,1.725e-44,1.982e-35,4.298e-18,,1.559e-9,8.940e-23,,2.186e-15,8.328e-3,1.217e-25,1.091e-17,4.333e-20,9.511e-14,,4.125e-17,,5.489e+0,8.646e-19,9.533e-34,5.595e+2,2.493e+2,3.301e-26,4.120e+0,1.106e-19,2.450e-3,7.567e-24,4.299e+2,3.605e-20,9.678e-27,2.550e-20,4.805e-23,1.474e-13,2.346e+0,1.128e+1,1.321e+2,,4.047e+0,,,3.091e+0,,1.956e+0,1.285e-19,5.805e-18,4.042e-6,2.750e-19,2.673e+2,,4.454e-17,,7.139e-18,3.306e+0,1.187e-17,8.318e-18,9.078e-17,7.808e+0,3.157e-17
364.28,1.753e+3,4.759e-21,2.868e-28,1.714e-44,1.982e-35,2.622e-18,,8.086e-10,8.961e-23,,2.187e-15,1.130e-2,1.206e-25,1.092e-17,4.337e-20,9.102e-14,,2.030e-17,,5.934e+0,8.651e-19,9.525e-34,5.579e+2,2.352e+2,3.302e-26,3.642e+0,1.106e-19,2.316e-3,7.576e-24,4.660e+2,1.019e-19,9.668e-27,2.552e-20,4.806e-23,5.690e-14,1.549e+0,1.075e+1,1.487e+2,,4.888e+0,,,3.559e+0,,1.361e+0,1.284e-19,5.807e-18,8.113e-6,2.768e-19,3.010e+2,,4.461e-17,,7.177e-18,3.165e+0,1.186e-17,8.330e-18,9.071e-17,9.442e+0,3.160e-17
364.3,1.802e+3,4.760e-21,2.874e-28,1.706e-44,1.982e-35,1.873e-18,,5.183e-10,8.975e-23,,2.187e-15,1.377e-2,1.199e-25,1.092e-17,4.341e-20,8.857e-14,,1.256e-17,,6.207e+0,8.655e-19,9.520e-34,5.534e+2,2.246e+2,3.304e-26,3.330e+0,1.106e-19,2.314e-3,7.582e-24,4.956e+2,2.023e-19,9.661e-27,2.553e-20,4.807e-23,2.994e-14,1.166e+0,1.034e+1,1.598e+2,,5.504e+0,,,3.883e+0,,1.061e+0,1.284e-19,5.808e-18,1.282e-5,2.779e-19,3.234e+2,,4.465e-17,,7.203e-18,3.107e+0,1.185e-17,8.339e-18,9.067e-17,1.072e+1,3.163e-17
364.33,1.878e+3,4.762e-21,2.885e-28,1.695e-44,1.982e-35,1.118e-18,,2.631e-10,8.997e-23,,2.188e-15,1.833e-2,1.188e-25,1.092e-17,4.345e-20,8.529e-14,,6.047e-18,,6.568e+0,8.660e-19,9.512e-34,5.416e+2,2.073e+2,3.306e-26,2.880e+0,1.107e-19,2.434e-3,7.591e-24,5.489e+2,5.598e-19,9.651e-27,2.556e-20,4.809e-23,1.131e-14,7.531e-1,9.671e+0,1.761e+2,,6.508e+0,,,4.384e+0,,7.220e-1,1.284e-19,5.809e-18,2.517e-5,2.796e-19,3.565e+2,,4.472e-17,,7.241e-18,3.073e+0,1.184e-17,8.351e-18,9.061e-17,1.291e+1,3.166e-17
364.35,1.929e+3,4.764e-21,2.891e-28,1.688e-44,1.982e-35,7.872e-19,,1.662e-10,9.011e-23,,2.189e-15,2.205e-2,1.181e-25,1.093e-17,4.348e-20,8.335e-14,,3.688e-18,,6.772e+0,8.663e-19,9.507e-34,5.305e+2,1.951e+2,3.307e-26,2.596e+0,1.107e-19,2.592e-3,7.597e-24,5.905e+2,1.096e-18,9.644e-27,2.557e-20,4.809e-23,5.864e-15,5.587e-1,9.193e+0,1.865e+2,,7.227e+0,,,4.722e+0,,5.547e-1,1.284e-19,5.810e-18,3.920e-5,2.807e-19,3.776e+2,,4.476e-17,,7.266e-18,3.083e+0,1.184e-17,8.360e-18,9.057e-17,1.455e+1,3.168e-17
364.38,2.009e+3,4.766e-21,2.902e-28,1.677e-44,1.981e-35,4.599e-19,,8.252e-11,9.032e-23,,2.189e-15,2.880e-2,1.171e-25,1.093e-17,4.353e-20,8.071e-14,,1.737e-18,,7.013e+0,8.668e-19,9.499e-34,5.091e+2,1.762e+2,3.309e-26,2.197e+0,1.107e-19,2.943e-3,7.606e-24,6.623e+2,2.968e-18,9.634e-27,2.559e-20,4.811e-23,2.166e-15,3.532e-1,8.450e+0,2.012e+2,,8.371e+0,,,5.230e+0,,3.695e-1,1.284e-19,5.811e-18,7.538e-5,2.825e-19,4.072e+2,,4.483e-17,,7.305e-18,3.143e+0,1.183e-17,8.372e-18,9.050e-17,1.729e+1,3.172e-17
364.4,2.062e+3,4.767e-21,2.908e-28,1.669e-44,1.981e-35,3.191e-19,,5.138e-11,9.046e-23,,2.190e-15,3.421e-2,1.164e-25,1.094e-17,4.356e-20,7.909e-14,,1.044e-18,,7.127e+0,8.671e-19,9.494e-34,4.921e+2,1.635e+2,3.310e-26,1.952e+0,1.107e-19,3.250e-3,7.612e-24,7.164e+2,5.726e-18,9.627e-27,2.560e-20,4.812e-23,1.107e-15,2.582e-1,7.949e+0,2.101e+2,,9.170e+0,,,5.565e+0,,2.798e-1,1.283e-19,5.812e-18,1.157e-4,2.836e-19,4.252e+2,,4.487e-17,,7.330e-18,3.209e+0,1.182e-17,8.381e-18,9.046e-17,1.929e+1,3.174e-17
364.43,2.143e+3,4.769e-21,2.919e-28,1.658e-44,1.981e-35,1.824e-19,,2.496e-11,9.067e-23,,2.191e-15,4.387e-2,1.153e-25,1.094e-17,4.360e-20,7.679e-14,,4.812e-19,,7.224e+0,8.676e-19,9.486e-34,4.631e+2,1.445e+2,3.312e-26,1.616e+0,1.108e-19,3.817e-3,7.621e-24,8.062e+2,1.518e-17,9.617e-27,2.563e-20,4.813e-23,4.002e-16,1.597e-1,7.204e+0,2.217e+2,,1.041e+1,,,6.053e+0,,1.824e-1,1.283e-19,5.814e-18,2.178e-4,2.853e-19,4.488e+2,,4.493e-17,,7.368e-18,3.340e+0,1.182e-17,8.393e-18,9.040e-17,2.251e+1,3.177e-17
364.45,2.197e+3,4.770e-21,2.925e-28,1.651e-44,1.981e-35,1.247e-19,,1.532e-11,9.081e-23,,2.191e-15,5.146e-2,1.146e-25,1.094e-17,4.364e-20,7.528e-14,,2.851e-19,,7.237e+0,8.680e-19,9.481e-34,4.419e+2,1.322e+2,3.313e-26,1.415e+0,1.108e-19,4.264e-3,7.627e-24,8.714e+2,2.888e-17,9.610e-27,2.564e-20,4.814e-23,2.016e-16,1.151e-1,6.722e+0,2.282e+2,,1.125e+1,,,6.366e+0,,1.361e-1,1.283e-19,5.815e-18,3.296e-4,2.864e-19,4.619e+2,,4.498e-17,,7.394e-18,3.444e+0,1.181e-17,8.402e-18,9.036e-17,2.480e+1,3.179e-17
364.48,2.277e+3,4.772e-21,2.936e-28,1.640e-44,1.981e-35,6.976e-20,,7.282e-12,9.102e-23,,2.192e-15,6.477e-2,1.135e-25,1.095e-17,4.368e-20,7.296e-14,,1.285e-19,,7.179e+0,8.685e-19,9.473e-34,4.080e+2,1.143e+2,3.315e-26,1.147e+0,1.108e-19,5.034e-3,7.636e-24,9.763e+2,7.497e-17,9.600e-27,2.566e-20,4.815e-23,7.128e-17,6.967e-2,6.035e+0,2.357e+2,,1.253e+1,,,6.810e+0,,8.681e-2,1.283e-19,5.816e-18,6.071e-4,2.882e-19,4.771e+2,,4.504e-17,,7.432e-18,3.616e+0,1.180e-17,8.414e-18,9.030e-17,2.837e+1,3.183e-17
364.5,2.330e+3,4.774e-21,2.942e-28,1.632e-44,1.980e-35,4.701e-20,,4.404e-12,9.117e-23,,2.192e-15,7.505e-2,1.128e-25,1.095e-17,4.371e-20,7.133e-14,,7.504e-20,,7.090e+0,8.688e-19,9.468e-34,3.845e+2,1.030e+2,3.317e-26,9.901e-1,1.108e-19,5.611e-3,7.642e-24,1.050e+3,1.406e-16,9.593e-27,2.567e-20,4.816e-23,3.538e-17,4.949e-2,5.608e+0,2.391e+2,,1.337e+1,,,7.086e+0,,6.386e-2,1.283e-19,5.817e-18,9.058e-4,2.893e-19,4.840e+2,,4.509e-17,,7.458e-18,3.736e+0,1.179e-17,8.423e-18,9.025e-17,3.082e+1,3.185e-17
364.53,2.405e+3,4.776e-21,2.953e-28,1.621e-44,1.980e-35,2.573e-20,,2.049e-12,9.138e-23,,2.193e-15,9.276e-2,1.118e-25,1.096e-17,4.376e-20,6.870e-14,,3.311e-20,,6.883e+0,8.693e-19,9.460e-34,3.488e+2,8.722e+1,3.319e-26,7.853e-1,1.109e-19,6.566e-3,7.651e-24,1.165e+3,3.572e-16,9.583e-27,2.569e-20,4.818e-23,1.224e-17,2.931e-2,5.025e+0,2.417e+2,,1.462e+1,,,7.466e+0,,3.986e-2,1.282e-19,5.819e-18,1.633e-3,2.910e-19,4.893e+2,,4.515e-17,,7.496e-18,3.915e+0,1.179e-17,8.435e-18,9.019e-17,3.453e+1,3.189e-17
364.55,2.452e+3,4.777e-21,2.959e-28,1.614e-44,1.980e-35,1.709e-20,,1.221e-12,9.152e-23,,2.194e-15,1.062e-1,1.111e-25,1.096e-17,4.379e-20,6.679e-14,,1.905e-20,,6.700e+0,8.696e-19,9.455e-34,3.252e+2,7.749e+1,3.320e-26,6.680e-1,1.109e-19,7.258e-3,7.657e-24,1.242e+3,6.605e-16,9.576e-27,2.571e-20,4.819e-23,5.989e-18,2.052e-2,4.677e+0,2.417e+2,,1.543e+1,,,7.695e+0,,2.890e-2,1.282e-19,5.820e-18,2.402e-3,2.921e-19,4.893e+2,,4.520e-17,,7.521e-18,4.029e+0,1.178e-17,8.444e-18,9.015e-17,3.699e+1,3.191e-17
364.57,2.497e+3,4.778e-21,2.966e-28,1.606e-44,1.980e-35,1.129e-20,,7.235e-13,9.166e-23,,2.194e-15,1.210e-1,1.103e-25,1.096e-17,4.382e-20,6.474e-14,,1.090e-20,,6.485e+0,8.700e-19,9.450e-34,3.021e+2,6.845e+1,3.321e-26,5.650e-1,1.109e-19,7.991e-3,7.663e-24,1.320e+3,1.214e-15,9.570e-27,2.572e-20,4.819e-23,2.913e-18,1.428e-2,4.366e+0,2.403e+2,,1.621e+1,,,7.905e+0,,2.083e-2,1.282e-19,5.821e-18,3.513e-3,2.933e-19,4.865e+2,,4.524e-17,,7.547e-18,4.134e+0,1.177e-17,8.452e-18,9.011e-17,3.940e+1,3.193e-17
364.6,2.557e+3,4.780e-21,2.976e-28,1.595e-44,1.980e-35,5.991e-21,,3.264e-13,9.187e-23,,2.195e-15,1.458e-1,1.093e-25,1.097e-17,4.387e-20,6.140e-14,,4.664e-21,,6.109e+0,8.705e-19,9.442e-34,2.690e+2,5.621e+1,3.323e-26,4.347e-1,1.109e-19,9.158e-3,7.672e-24,1.436e+3,2.994e-15,9.560e-27,2.574e-20,4.821e-23,2.872e-18,8.204e-3,3.966e+0,2.357e+2,,1.734e+1,,,8.182e+0,,1.261e-2,1.282e-19,5.822e-18,6.146e-3,2.950e-19,4.771e+2,,4.530e-17,,7.585e-18,4.270e+0,1.177e-17,8.465e-18,9.005e-17,4.285e+1,3.196e-17
364.62,2.592e+3,4.782e-21,2.983e-28,1.588e-44,1.979e-35,3.900e-21,,1.906e-13,9.201e-23,,2.195e-15,1.641e-1,1.086e-25,1.097e-17,4.390e-20,5.899e-14,,2.629e-21,,5.829e+0,8.708e-19,9.437e-34,2.485e+2,4.894e+1,3.324e-26,3.624e-1,1.109e-19,9.975e-3,7.678e-24,1.510e+3,5.427e-15,9.553e-27,2.576e-20,4.822e-23,2.845e-18,5.628e-3,3.744e+0,2.310e+2,,1.806e+1,,,8.344e+0,,8.960e-3,1.282e-19,5.823e-18,8.861e-3,2.961e-19,4.676e+2,,4.535e-17,,7.611e-18,4.342e+0,1.176e-17,8.473e-18,9.000e-17,4.499e+1,3.199e-17
364.65,2.635e+3,4.784e-21,2.993e-28,1.577e-44,1.979e-35,2.026e-21,,8.415e-14,9.222e-23,,2.196e-15,1.944e-1,1.075e-25,1.098e-17,4.394e-20,5.512e-14,,1.101e-21,,5.374e+0,8.713e-19,9.429e-34,2.205e+2,3.933e+1,3.326e-26,2.729e-1,1.110e-19,1.124e-2,7.687e-24,1.615e+3,1.310e-14,9.543e-27,2.578e-20,4.823e-23,2.805e-18,3.164e-3,3.476e+0,2.217e+2,,1.908e+1,,,8.554e+0,,5.308e-3,1.281e-19,5.825e-18,1.517e-2,2.979e-19,4.488e+2,,4.541e-17,,7.649e-18,4.417e+0,1.175e-17,8.486e-18,8.994e-17,4.789e+1,3.202e-17
364.67,2.657e+3,4.785e-21,3.000e-28,1.569e-44,1.979e-35,1.300e-21,,4.844e-14,9.237e-23,,2.197e-15,2.163e-1,1.068e-25,1.098e-17,4.397e-20,5.239e-14,,6.117e-22,,5.054e+0,8.716e-19,9.424e-34,2.041e+2,3.376e+1,3.327e-26,2.242e-1,1.110e-19,1.211e-2,7.693e-24,1.680e+3,2.341e-14,9.536e-27,2.579e-20,4.824e-23,2.778e-18,2.139e-3,3.339e+0,2.142e+2,,1.974e+1,,,8.676e+0,,3.717e-3,1.281e-19,5.826e-18,2.157e-2,2.990e-19,4.335e+2,,4.546e-17,,7.674e-18,4.442e+0,1.175e-17,8.494e-18,8.990e-17,4.957e+1,3.204e-17
364.7,2.678e+3,4.787e-21,3.010e-28,1.558e-44,1.979e-35,6.605e-22,,2.092e-14,9.258e-23,,2.197e-15,2.517e-1,1.058e-25,1.099e-17,4.402e-20,4.813e-14,,2.506e-22,,4.560e+0,8.721e-19,9.416e-34,1.833e+2,2.655e+1,3.329e-26,1.652e-1,1.110e-19,1.344e-2,7.702e-24,1.766e+3,5.531e-14,9.526e-27,2.581e-20,4.825e-23,2.737e-18,1.177e-3,3.187e+0,2.012e+2,,2.071e+1,,,8.833e+0,,2.155e-3,1.281e-19,5.827e-18,3.615e-2,3.007e-19,4.072e+2,,4.552e-17,,7.713e-18,4.441e+0,1.174e-17,8.507e-18,8.984e-17,5.164e+1,3.208e-17
364.72,2.685e+3,4.788e-21,3.017e-28,1.551e-44,1.979e-35,4.176e-22,,1.187e-14,9.272e-23,,2.198e-15,2.770e-1,1.050e-25,1.099e-17,4.405e-20,4.522e-14,,1.372e-22,,4.228e+0,8.725e-19,9.411e-34,1.722e+2,2.246e+1,3.331e-26,1.338e-1,1.110e-19,1.432e-2,7.708e-24,1.816e+3,9.744e-14,9.519e-27,2.583e-20,4.826e-23,2.710e-18,7.844e-4,3.117e+0,1.916e+2,,2.137e+1,,,8.926e+0,,1.487e-3,1.281e-19,5.828e-18,5.065e-2,3.018e-19,3.878e+2,,4.557e-17,,7.738e-18,4.413e+0,1.173e-17,8.515e-18,8.980e-17,5.269e+1,3.210e-17
364.75,2.682e+3,4.790e-21,3.027e-28,1.540e-44,1.978e-35,2.077e-22,,5.016e-15,9.293e-23,,2.199e-15,3.170e-1,1.040e-25,1.099e-17,4.410e-20,4.078e-14,,5.500e-23,,3.734e+0,8.730e-19,9.403e-34,1.600e+2,1.729e+1,3.333e-26,9.649e-2,1.111e-19,1.564e-2,7.717e-24,1.876e+3,2.254e-13,9.509e-27,2.585e-20,4.828e-23,2.670e-18,4.225e-4,3.053e+0,1.761e+2,,2.239e+1,,,9.050e+0,,8.435e-4,1.280e-19,5.830e-18,8.310e-2,3.036e-19,3.565e+2,,4.563e-17,,7.776e-18,4.330e+0,1.172e-17,8.528e-18,8.973e-17,5.372e+1,3.213e-17
364.77,2.672e+3,4.792e-21,3.034e-28,1.532e-44,1.978e-35,1.294e-22,,2.804e-15,9.307e-23,,2.199e-15,3.450e-1,1.033e-25,1.100e-17,4.413e-20,3.782e-14,,2.968e-23,,3.412e+0,8.733e-19,9.398e-34,1.550e+2,1.442e+1,3.334e-26,7.703e-2,1.111e-19,1.650e-2,7.723e-24,1.906e+3,3.914e-13,9.502e-27,2.586e-20,4.828e-23,2.643e-18,2.780e-4,3.031e+0,1.653e+2,,2.312e+1,,,9.126e+0,,5.738e-4,1.280e-19,5.831e-18,1.148e-1,3.047e-19,3.346e+2,,4.567e-17,,7.802e-18,4.249e+0,1.172e-17,8.536e-18,8.969e-17,5.403e+1,3.216e-17
364.8,2.645e+3,4.794e-21,3.044e-28,1.521e-44,1.978e-35,6.298e-23,,1.160e-15,9.328e-23,,2.200e-15,3.886e-1,1.022e-25,1.100e-17,4.417e-20,3.346e-14,,1.164e-23,,2.949e+0,8.738e-19,9.390e-34,1.523e+2,1.087e+1,3.336e-26,5.435e-2,1.111e-19,1.776e-2,7.732e-24,1.934e+3,8.863e-13,9.492e-27,2.588e-20,4.830e-23,2.602e-18,1.476e-4,3.020e+0,1.487e+2,,2.435e+1,,,9.235e+0,,3.185e-4,1.280e-19,5.832e-18,1.843e-1,3.064e-19,3.010e+2,,4.574e-17,,7.840e-18,4.091e+0,1.171e-17,8.549e-18,8.963e-17,5.392e+1,3.219e-17
364.82,2.620e+3,4.795e-21,3.051e-28,1.514e-44,1.978e-35,3.868e-23,,6.389e-16,9.342e-23,,2.200e-15,4.185e-1,1.015e-25,1.101e-17,4.420e-20,3.062e-14,,6.192e-24,,2.657e+0,8.741e-19,9.385e-34,1.538e+2,8.939e+0,3.337e-26,4.277e-2,1.111e-19,1.857e-2,7.738e-24,1.942e+3,1.517e-12,9.485e-27,2.590e-20,4.831e-23,2.576e-18,9.718e-5,3.023e+0,1.376e+2,,2.529e+1,,,9.306e+0,,2.135e-4,1.280e-19,5.833e-18,2.510e-1,3.075e-19,2.785e+2,,4.578e-17,,7.865e-18,3.964e+0,1.170e-17,8.557e-18,8.959e-17,5.345e+1,3.221e-17
364.85,2.570e+3,4.797e-21,3.061e-28,1.503e-44,1.978e-35,1.842e-23,,2.585e-16,9.364e-23,,2.201e-15,4.642e-1,1.005e-25,1.101e-17,4.425e-20,2.654e-14,,2.376e-24,,2.247e+0,8.746e-19,9.377e-34,1.611e+2,6.605e+0,3.339e-26,2.953e-2,1.112e-19,1.972e-2,7.747e-24,1.938e+3,3.363e-12,9.475e-27,2.592e-20,4.832e-23,2.535e-18,5.406e-5,3.033e+0,1.211e+2,,2.693e+1,,,9.411e+0,,1.160e-4,1.280e-19,5.835e-18,3.945e-1,3.093e-19,2.452e+2,,4.585e-17,,7.904e-18,3.743e+0,1.169e-17,8.570e-18,8.952e-17,5.220e+1,3.225e-17
364.87,2.531e+3,4.798e-21,3.068e-28,1.495e-44,1.977e-35,1.115e-23,,1.404e-16,9.378e-23,,2.202e-15,4.950e-1,9.974e-26,1.101e-17,4.428e-20,2.396e-14,,1.246e-24,,1.995e+0,8.750e-19,9.372e-34,1.693e+2,5.368e+0,3.340e-26,2.290e-2,1.112e-19,2.044e-2,7.753e-24,1.924e+3,5.677e-12,9.468e-27,2.593e-20,4.833e-23,2.508e-18,3.953e-5,3.039e+0,1.105e+2,,2.822e+1,,,9.482e+0,,7.664e-5,1.279e-19,5.836e-18,5.295e-1,3.104e-19,2.236e+2,,4.589e-17,,7.929e-18,3.580e+0,1.169e-17,8.578e-18,8.948e-17,5.101e+1,3.227e-17
364.9,2.464e+3,4.800e-21,3.078e-28,1.484e-44,1.977e-35,5.194e-24,,5.557e-17,9.399e-23,,2.202e-15,5.411e-1,9.868e-26,1.102e-17,4.433e-20,2.035e-14,,4.676e-25,,1.652e+0,8.755e-19,9.364e-34,1.865e+2,3.910e+0,3.342e-26,1.547e-2,1.112e-19,2.144e-2,7.762e-24,1.888e+3,1.232e-11,9.458e-27,2.595e-20,4.834e-23,2.468e-18,3.226e-5,3.040e+0,9.517e+1,,3.050e+1,,,9.587e+0,,4.073e-5,1.279e-19,5.837e-18,8.147e-1,3.121e-19,1.926e+2,,4.596e-17,,7.967e-18,3.317e+0,1.168e-17,8.591e-18,8.942e-17,4.875e+1,3.230e-17
364.92,2.415e+3,4.802e-21,3.085e-28,1.477e-44,1.977e-35,3.099e-24,,2.974e-17,9.413e-23,,2.203e-15,5.717e-1,9.798e-26,1.102e-17,4.436e-20,1.811e-14,,2.416e-25,,1.446e+0,8.758e-19,9.359e-34,2.011e+2,3.161e+0,3.344e-26,1.183e-2,1.112e-19,2.206e-2,7.768e-24,1.854e+3,2.050e-11,9.452e-27,2.597e-20,4.835e-23,2.441e-18,3.565e-5,3.032e+0,8.556e+1,,3.228e+1,,,9.655e+0,,2.653e-5,1.279e-19,5.838e-18,1.078e+0,3.132e-19,1.732e+2,,4.600e-17,,7.993e-18,3.132e+0,1.167e-17,8.599e-18,8.938e-17,4.697e+1,3.233e-17
364.94,2.362e+3,4.803e-21,3.092e-28,1.469e-44,1.977e-35,1.838e-24,,1.583e-17,9.427e-23,,2.203e-15,6.019e-1,9.727e-26,1.103e-17,4.439e-20,1.604e-14,,1.241e-25,,1.259e+0,8.762e-19,9.354e-34,2.181e+2,2.562e+0,3.345e-26,8.991e-3,1.113e-19,2.263e-2,7.774e-24,1.812e+3,3.392e-11,9.445e-27,2.598e-20,4.836e-23,2.414e-18,4.605e-5,3.015e+0,7.647e+1,,3.430e+1,,,9.721e+0,,1.718e-5,1.279e-19,5.839e-18,1.418e+0,3.144e-19,1.548e+2,,4.604e-17,,8.018e-18,2.943e+0,1.167e-17,8.607e-18,8.934e-17,4.498e+1,3.235e-17
364.97,2.280e+3,4.805e-21,3.102e-28,1.458e-44,1.977e-35,8.307e-25,,6.076e-18,9.448e-23,,2.204e-15,6.461e-1,9.621e-26,1.103e-17,4.443e-20,1.322e-14,,4.519e-26,,1.011e+0,8.767e-19,9.346e-34,2.478e+2,1.901e+0,3.347e-26,5.894e-3,1.113e-19,2.339e-2,7.783e-24,1.738e+3,7.143e-11,9.435e-27,2.600e-20,4.838e-23,2.373e-18,7.891e-5,2.970e+0,6.392e+1,,3.779e+1,,,9.812e+0,,8.856e-6,1.279e-19,5.841e-18,2.118e+0,3.161e-19,1.294e+2,,4.611e-17,,8.057e-18,2.654e+0,1.166e-17,8.620e-18,8.927e-17,4.171e+1,3.238e-17
364.99,2.223e+3,4.806e-21,3.109e-28,1.451e-44,1.976e-35,4.856e-25,,3.187e-18,9.462e-23,,2.205e-15,6.747e-1,9.550e-26,1.103e-17,4.446e-20,1.154e-14,,2.288e-26,,8.674e-1,8.770e-19,9.341e-34,2.702e+2,1.597e+0,3.348e-26,4.415e-3,1.113e-19,2.385e-2,7.789e-24,1.682e+3,1.165e-10,9.428e-27,2.601e-20,4.838e-23,2.346e-18,1.176e-4,2.925e+0,5.632e+1,,4.044e+1,,,9.864e+0,,5.652e-6,1.278e-19,5.842e-18,2.746e+0,3.172e-19,1.140e+2,,4.615e-17,,8.082e-18,2.462e+0,1.165e-17,8.628e-18,8.923e-17,3.938e+1,3.241e-17
365.02,2.137e+3,4.808e-21,3.119e-28,1.440e-44,1.976e-35,2.147e-25,,1.197e-18,9.484e-23,,2.205e-15,7.161e-1,9.444e-26,1.104e-17,4.451e-20,9.315e-15,,8.150e-27,,6.819e-1,8.775e-19,9.333e-34,3.070e+2,1.314e+0,3.350e-26,2.832e-3,1.113e-19,2.445e-2,7.798e-24,1.588e+3,2.402e-10,9.418e-27,2.603e-20,4.840e-23,2.306e-18,2.163e-4,2.836e+0,4.607e+1,,4.494e+1,,,9.923e+0,,2.851e-6,1.278e-19,5.843e-18,4.014e+0,3.189e-19,9.325e+1,,4.622e-17,,8.120e-18,2.179e+0,1.164e-17,8.641e-18,8.917e-17,3.574e+1,3.244e-17
365.04,2.080e+3,4.809e-21,3.126e-28,1.432e-44,1.976e-35,1.237e-25,,6.188e-19,9.498e-23,,2.206e-15,7.424e-1,9.373e-26,1.104e-17,4.454e-20,8.017e-15,,4.066e-27,,5.767e-1,8.778e-19,9.328e-34,3.333e+2,1.231e+0,3.351e-26,2.091e-3,1.114e-19,2.481e-2,7.804e-24,1.522e+3,3.863e-10,9.411e-27,2.605e-20,4.841e-23,2.279e-18,3.244e-4,2.761e+0,4.001e+1,,4.827e+1,,,9.948e+0,,1.794e-6,1.278e-19,5.844e-18,5.132e+0,3.201e-19,8.098e+1,,4.626e-17,,8.146e-18,1.996e+0,1.164e-17,8.649e-18,8.913e-17,3.326e+1,3.246e-17
365.07,1.996e+3,4.811e-21,3.136e-28,1.421e-44,1.976e-35,5.353e-26,,2.274e-19,9.519e-23,,2.207e-15,7.799e-1,9.267e-26,1.105e-17,4.459e-20,6.333e-15,,1.417e-27,,4.438e-1,8.783e-19,9.320e-34,3.748e+2,1.258e+0,3.353e-26,1.313e-3,1.114e-19,2.528e-2,7.813e-24,1.416e+3,7.795e-10,9.401e-27,2.607e-20,4.842e-23,2.238e-18,5.905e-4,2.628e+0,3.203e+1,,5.376e+1,,,9.955e+0,,8.853e-7,1.278e-19,5.846e-18,7.341e+0,3.218e-19,6.483e+1,,4.633e-17,,8.184e-18,1.734e+0,1.163e-17,8.662e-18,8.907e-17,2.954e+1,3.250e-17
365.09,1.941e+3,4.813e-21,3.143e-28,1.414e-44,1.976e-35,3.040e-26,,1.159e-19,9.533e-23,,2.207e-15,8.035e-1,9.197e-26,1.105e-17,4.462e-20,5.373e-15,,6.970e-28,,3.700e-1,8.787e-19,9.315e-34,4.033e+2,1.377e+0,3.354e-26,9.555e-4,1.114e-19,2.557e-2,7.819e-24,1.344e+3,1.236e-9,9.394e-27,2.608e-20,4.843e-23,2.211e-18,8.747e-4,2.526e+0,2.742e+1,,5.773e+1,,,9.938e+0,,5.489e-7,1.278e-19,5.847e-18,9.253e+0,3.229e-19,5.550e+1,,4.637e-17,,8.210e-18,1.569e+0,1.162e-17,8.671e-18,8.902e-17,2.710e+1,3.252e-17
365.12,1.862e+3,4.815e-21,3.153e-28,1.403e-44,1.975e-35,1.287e-26,,4.167e-20,9.554e-23,,2.208e-15,8.366e-1,9.091e-26,1.106e-17,4.466e-20,4.154e-15,,2.377e-28,,2.786e-1,8.792e-19,9.307e-34,4.463e+2,1.722e+0,3.356e-26,5.870e-4,1.114e-19,2.599e-2,7.828e-24,1.234e+3,2.441e-9,9.384e-27,2.610e-20,4.844e-23,2.171e-18,1.561e-3,2.358e+0,2.149e+1,,6.410e+1,,,9.873e+0,,2.651e-7,1.277e-19,5.848e-18,1.295e+1,3.246e-19,4.348e+1,,4.644e-17,,8.248e-18,1.338e+0,1.161e-17,8.683e-18,8.896e-17,2.355e+1,3.255e-17
365.14,1.812e+3,4.816e-21,3.160e-28,1.395e-44,1.975e-35,7.204e-27,,2.092e-20,9.568e-23,,2.208e-15,8.570e-1,9.020e-26,1.106e-17,4.469e-20,3.475e-15,,1.152e-28,,2.290e-1,8.795e-19,9.302e-34,4.746e+2,2.077e+0,3.358e-26,4.211e-4,1.115e-19,2.629e-2,7.834e-24,1.161e+3,3.816e-9,9.377e-27,2.612e-20,4.845e-23,2.144e-18,2.279e-3,2.236e+0,1.814e+1,,6.857e+1,,,9.801e+0,,1.620e-7,1.277e-19,5.849e-18,1.610e+1,3.258e-19,3.669e+1,,4.648e-17,,8.273e-18,1.196e+0,1.161e-17,8.692e-18,8.892e-17,2.130e+1,3.258e-17
365.17,1.742e+3,4.818e-21,3.170e-28,1.384e-44,1.975e-35,2.984e-27,,7.362e-21,9.590e-23,,2.209e-15,8.853e-1,8.914e-26,1.106e-17,4.474e-20,2.629e-15,,1.284e-27,,1.688e-1,8.800e-19,9.295e-34,5.156e+2,2.830e+0,3.360e-26,2.531e-4,1.115e-19,2.678e-2,7.843e-24,1.052e+3,7.379e-9,9.367e-27,2.614e-20,4.847e-23,2.103e-18,3.981e-3,2.044e+0,1.391e+1,,7.555e+1,,,9.648e+0,,7.657e-8,1.277e-19,5.851e-18,2.206e+1,3.275e-19,2.813e+1,,4.655e-17,,8.312e-18,1.001e+0,1.160e-17,8.704e-18,8.886e-17,1.812e+1,3.261e-17
365.19,1.697e+3,4.819e-21,3.177e-28,1.377e-44,1.975e-35,1.646e-27,,3.643e-21,9.604e-23,,2.210e-15,9.025e-1,8.843e-26,1.107e-17,4.477e-20,2.168e-15,,2.064e-27,,1.367e-1,8.803e-19,9.289e-34,5.413e+2,3.508e+0,3.361e-26,1.790e-4,1.115e-19,2.718e-2,7.849e-24,9.808e+2,1.137e-8,9.360e-27,2.615e-20,4.847e-23,2.076e-18,5.733e-3,1.912e+0,1.158e+1,,8.032e+1,,,9.515e+0,,4.612e-8,1.277e-19,5.852e-18,2.702e+1,3.286e-19,2.340e+1,,4.659e-17,,8.337e-18,8.842e-1,1.159e-17,8.713e-18,8.882e-17,1.615e+1,3.263e-17
365.22,1.636e+3,4.821e-21,3.187e-28,1.366e-44,1.975e-35,6.673e-28,,1.254e-21,9.625e-23,,2.210e-15,9.255e-1,8.737e-26,1.107e-17,4.482e-20,1.605e-15,,3.233e-27,,9.861e-2,8.808e-19,9.282e-34,5.764e+2,4.848e+0,3.363e-26,1.053e-4,1.115e-19,2.794e-2,7.858e-24,8.781e+2,2.152e-8,9.350e-27,2.617e-20,4.849e-23,2.036e-18,9.802e-3,1.712e+0,8.706e+0,,8.754e+1,,,9.267e+0,,2.133e-8,1.277e-19,5.853e-18,3.624e+1,3.303e-19,1.756e+1,,4.665e-17,,8.375e-18,7.271e-1,1.159e-17,8.725e-18,8.875e-17,1.345e+1,3.267e-17
365.24,1.597e+3,4.823e-21,3.194e-28,1.358e-44,1.974e-35,3.628e-28,,6.116e-22,9.639e-23,,2.211e-15,9.389e-1,8.667e-26,1.108e-17,4.485e-20,1.305e-15,,4.012e-27,,7.875e-2,8.812e-19,9.276e-34,5.970e+2,6.000e+0,3.364e-26,7.338e-5,1.116e-19,2.860e-2,7.864e-24,8.125e+2,3.270e-8,9.344e-27,2.619e-20,4.850e-23,2.009e-18,1.392e-2,1.579e+0,7.153e+0,,9.233e+1,,,9.070e+0,,1.266e-8,1.276e-19,5.854e-18,4.377e+1,3.315e-19,1.439e+1,,4.670e-17,,8.401e-18,6.343e-1,1.158e-17,8.734e-18,8.871e-17,1.181e+1,3.269e-17
365.27,1.544e+3,4.825e-21,3.204e-28,1.347e-44,1.974e-35,1.439e-28,,1.765e-21,9.660e-23,,2.212e-15,9.559e-1,8.561e-26,1.108e-17,4.489e-20,9.457e-16,,5.182e-27,,5.560e-2,8.817e-19,9.269e-34,6.229e+2,8.201e+0,3.366e-26,4.224e-5,1.116e-19,2.990e-2,7.873e-24,7.193e+2,6.058e-8,9.333e-27,2.621e-20,4.851e-23,1.968e-18,2.329e-2,1.384e+0,5.285e+0,,9.936e+1,,,8.729e+0,,5.730e-9,1.276e-19,5.856e-18,5.746e+1,3.332e-19,1.057e+1,,4.676e-17,,8.439e-18,5.123e-1,1.157e-17,8.746e-18,8.865e-17,9.625e+0,3.272e-17
365.29,1.512e+3,4.826e-21,3.211e-28,1.340e-44,1.974e-35,7.711e-29,,2.534e-21,9.674e-23,,2.212e-15,9.650e-1,8.490e-26,1.108e-17,4.492e-20,7.576e-16,,5.961e-27,,4.377e-2,8.820e-19,9.263e-34,6.363e+2,1.004e+1,3.367e-26,2.902e-5,1.116e-19,3.104e-2,7.879e-24,6.608e+2,9.074e-8,9.327e-27,2.622e-20,4.852e-23,1.941e-18,3.259e-2,1.259e+0,4.303e+0,,1.039e+2,,,8.472e+0,,3.353e-9,1.276e-19,5.857e-18,6.840e+1,3.343e-19,8.542e+0,,4.681e-17,,8.464e-18,4.416e-1,1.156e-17,8.755e-18,8.861e-17,8.337e+0,3.274e-17
365.32,1.468e+3,4.828e-21,3.221e-28,1.329e-44,1.974e-35,2.992e-29,,3.688e-21,9.695e-23,,2.213e-15,9.749e-1,8.384e-26,1.109e-17,4.497e-20,5.374e-16,,7.130e-27,,3.024e-2,8.825e-19,9.256e-34,6.504e+2,1.349e+1,3.369e-26,1.635e-5,1.116e-19,3.327e-2,7.888e-24,5.790e+2,1.646e-7,9.317e-27,2.624e-20,4.853e-23,1.901e-18,5.339e-2,1.080e+0,3.154e+0,,1.102e+2,,,8.047e+0,,1.485e-9,1.276e-19,5.858e-18,8.790e+1,3.360e-19,6.139e+0,,4.687e-17,,8.503e-18,3.503e-1,1.156e-17,8.767e-18,8.854e-17,6.647e+0,3.278e-17
365.34,1.441e+3,4.829e-21,3.228e-28,1.321e-44,1.974e-35,1.580e-29,,4.457e-21,9.709e-23,,2.213e-15,9.788e-1,8.313e-26,1.109e-17,4.500e-20,4.244e-16,,7.910e-27,,2.347e-2,8.828e-19,9.251e-34,6.554e+2,1.631e+1,3.371e-26,1.107e-5,1.117e-19,3.516e-2,7.894e-24,5.286e+2,2.430e-7,9.310e-27,2.626e-20,4.854e-23,1.874e-18,7.367e-2,9.681e-1,2.572e+0,,1.142e+2,,,7.740e+0,,8.562e-10,1.276e-19,5.859e-18,1.032e+2,3.372e-19,4.890e+0,,4.692e-17,,8.528e-18,2.984e-1,1.155e-17,8.776e-18,8.850e-17,5.675e+0,3.280e-17
365.36,1.416e+3,4.831e-21,3.235e-28,1.314e-44,1.973e-35,8.299e-30,,5.226e-21,9.724e-23,,2.214e-15,9.805e-1,8.242e-26,1.110e-17,4.503e-20,3.332e-16,,8.689e-27,,1.811e-2,8.832e-19,9.245e-34,6.568e+2,1.962e+1,3.372e-26,7.452e-6,1.117e-19,3.745e-2,7.900e-24,4.814e+2,3.568e-7,9.303e-27,2.627e-20,4.855e-23,1.847e-18,1.011e-1,8.629e-1,2.113e+0,,1.178e+2,,,7.418e+0,,4.909e-10,1.275e-19,5.860e-18,1.204e+2,3.383e-19,3.873e+0,,4.696e-17,,8.554e-18,2.530e-1,1.154e-17,8.784e-18,8.846e-17,4.817e+0,3.282e-17
365.39,1.384e+3,4.833e-21,3.245e-28,1.303e-44,1.973e-35,3.124e-30,,6.379e-21,9.745e-23,,2.215e-15,9.782e-1,8.136e-26,1.110e-17,4.508e-20,2.293e-16,,9.858e-27,,1.214e-2,8.837e-19,9.238e-34,6.522e+2,2.563e+1,3.374e-26,4.072e-6,1.117e-19,4.175e-2,7.909e-24,4.168e+2,6.281e-7,9.293e-27,2.629e-20,4.857e-23,1.807e-18,1.607e-1,7.185e-1,1.619e+0,,1.226e+2,,,6.908e+0,,2.109e-10,1.275e-19,5.861e-18,1.501e+2,3.400e-19,2.700e+0,,4.702e-17,,8.592e-18,1.958e-1,1.154e-17,8.797e-18,8.840e-17,3.727e+0,3.286e-17
365.41,1.366e+3,4.834e-21,3.252e-28,1.296e-44,1.973e-35,1.617e-30,,7.148e-21,9.759e-23,,2.215e-15,9.734e-1,8.066e-26,1.110e-17,4.511e-20,1.775e-16,,1.064e-26,,9.232e-3,8.840e-19,9.232e-34,6.448e+2,3.042e+1,3.375e-26,2.702e-6,1.117e-19,4.527e-2,7.915e-24,3.778e+2,9.093e-7,9.286e-27,2.631e-20,4.857e-23,1.780e-18,2.173e-1,6.313e-1,1.401e+0,,1.253e+2,,,6.556e+0,,1.192e-10,1.275e-19,5.862e-18,1.727e+2,3.412e-19,2.108e+0,,4.707e-17,,8.617e-18,1.640e-1,1.153e-17,8.805e-18,8.836e-17,3.118e+0,3.288e-17
365.44,1.344e+3,4.836e-21,3.262e-28,1.284e-44,1.973e-35,5.955e-31,,8.302e-21,9.780e-23,,2.216e-15,9.610e-1,7.960e-26,1.111e-17,4.515e-20,1.195e-16,,1.181e-26,,6.058e-3,8.845e-19,9.225e-34,6.274e+2,3.895e+1,3.377e-26,1.445e-6,1.118e-19,5.168e-2,7.924e-24,3.252e+2,1.567e-6,9.276e-27,2.633e-20,4.859e-23,1.739e-18,3.383e-1,5.144e-1,1.213e+0,,1.286e+2,,,6.016e+0,,5.009e-11,1.275e-19,5.864e-18,2.107e+2,3.429e-19,1.438e+0,,4.713e-17,,8.656e-18,1.247e-1,1.152e-17,8.818e-18,8.829e-17,2.361e+0,3.291e-17
365.46,1.333e+3,4.837e-21,3.269e-28,1.277e-44,1.973e-35,3.038e-31,,9.071e-21,9.794e-23,,2.216e-15,9.490e-1,7.889e-26,1.111e-17,4.519e-20,9.118e-17,,1.259e-26,,4.542e-3,8.848e-19,9.219e-34,6.120e+2,4.563e+1,3.378e-26,9.451e-7,1.118e-19,5.678e-2,7.930e-24,2.938e+2,2.236e-6,9.269e-27,2.634e-20,4.860e-23,1.712e-18,4.510e-1,4.456e-1,1.171e+0,,1.303e+2,,,5.652e+0,,2.790e-11,1.275e-19,5.865e-18,2.390e+2,3.440e-19,1.107e+0,,4.718e-17,,8.681e-18,1.032e-1,1.152e-17,8.826e-18,8.825e-17,1.947e+0,3.294e-17
365.49,1.321e+3,4.839e-21,3.279e-28,1.266e-44,1.972e-35,1.095e-31,,1.022e-20,9.815e-23,,2.217e-15,9.255e-1,7.783e-26,1.112e-17,4.523e-20,6.010e-17,,1.376e-26,,2.917e-3,8.853e-19,9.212e-34,5.838e+2,5.728e+1,3.380e-26,4.946e-7,1.118e-19,6.583e-2,7.939e-24,2.521e+2,3.771e-6,9.259e-27,2.636e-20,4.861e-23,1.672e-18,6.871e-1,3.554e-1,1.220e+0,,1.320e+2,,,5.108e+0,,1.147e-11,1.274e-19,5.866e-18,2.855e+2,3.457e-19,7.392e-1,,4.724e-17,,8.719e-18,7.708e-2,1.151e-17,8.839e-18,8.819e-17,1.443e+0,3.297e-17
365.51,1.318e+3,4.841e-21,3.286e-28,1.259e-44,1.972e-35,5.504e-32,,1.099e-20,9.829e-23,,2.218e-15,9.061e-1,7.712e-26,1.112e-17,4.526e-20,4.519e-17,,1.453e-26,,2.156e-3,8.857e-19,9.207e-34,5.621e+2,6.622e+1,3.381e-26,3.189e-7,1.118e-19,7.286e-2,7.945e-24,2.277e+2,5.306e-6,9.252e-27,2.637e-20,4.862e-23,1.645e-18,9.032e-1,3.034e-1,1.323e+0,,1.326e+2,,,4.750e+0,,6.299e-12,1.274e-19,5.867e-18,3.192e+2,3.469e-19,5.607e-1,,4.729e-17,,8.745e-18,6.306e-2,1.150e-17,8.847e-18,8.815e-17,1.173e+0,3.299e-17
365.54,1.319e+3,4.843e-21,3.296e-28,1.247e-44,1.972e-35,1.941e-32,,1.215e-20,9.851e-23,,2.218e-15,8.715e-1,7.606e-26,1.113e-17,4.531e-20,2.915e-17,,1.570e-26,,1.355e-3,8.862e-19,9.199e-34,5.260e+2,8.150e+1,3.383e-26,1.633e-7,1.119e-19,8.497e-2,7.954e-24,1.957e+2,8.761e-6,9.242e-27,2.640e-20,4.863e-23,1.604e-18,1.347e+0,2.368e-1,1.584e+0,,1.327e+2,,,4.227e+0,,2.535e-12,1.274e-19,5.869e-18,3.732e+2,3.486e-19,3.664e-1,,4.735e-17,,8.783e-18,4.625e-2,1.149e-17,8.860e-18,8.809e-17,8.508e-1,3.303e-17
365.56,1.324e+3,4.844e-21,3.303e-28,1.240e-44,1.972e-35,9.616e-33,,1.292e-20,9.865e-23,,2.219e-15,8.450e-1,7.535e-26,1.113e-17,4.534e-20,2.161e-17,,1.648e-26,,9.873e-4,8.865e-19,9.194e-34,5.001e+2,9.301e+1,3.385e-26,1.038e-7,1.119e-19,9.414e-2,7.960e-24,1.772e+2,1.215e-5,9.236e-27,2.641e-20,4.864e-23,1.577e-18,1.745e+0,1.993e-1,1.829e+0,,1.324e+2,,,3.892e+0,,1.372e-12,1.274e-19,5.870e-18,4.113e+2,3.497e-19,2.740e-1,,4.739e-17,,8.809e-18,3.739e-2,1.149e-17,8.868e-18,8.804e-17,6.818e-1,3.305e-17
365.59,1.337e+3,4.846e-21,3.313e-28,1.229e-44,1.972e-35,3.318e-33,,1.407e-20,9.886e-23,,2.220e-15,8.005e-1,7.429e-26,1.114e-17,4.538e-20,1.364e-17,,1.765e-26,,6.074e-4,8.870e-19,9.186e-34,4.594e+2,1.123e+2,3.387e-26,5.199e-8,1.119e-19,1.095e-1,7.969e-24,1.533e+2,1.964e-5,9.225e-27,2.643e-20,4.866e-23,1.537e-18,2.548e+0,1.523e-1,2.309e+0,,1.311e+2,,,3.414e+0,,5.401e-13,1.273e-19,5.871e-18,4.708e+2,3.514e-19,1.752e-1,,4.746e-17,,8.847e-18,2.693e-2,1.148e-17,8.881e-18,8.798e-17,4.839e-1,3.308e-17
365.61,1.350e+3,4.847e-21,3.320e-28,1.222e-44,1.971e-35,1.620e-33,,1.484e-20,9.900e-23,,2.220e-15,7.680e-1,7.359e-26,1.114e-17,4.542e-20,9.967e-18,,1.843e-26,,4.362e-4,8.874e-19,9.181e-34,4.316e+2,1.265e+2,3.388e-26,3.257e-8,1.119e-19,1.209e-1,7.975e-24,1.397e+2,2.686e-5,9.219e-27,2.644e-20,4.867e-23,1.510e-18,3.255e+0,1.263e-1,2.708e+0,,1.299e+2,,,3.116e+0,,2.881e-13,1.273e-19,5.872e-18,5.115e+2,3.526e-19,1.291e-1,,4.750e-17,,8.872e-18,2.151e-2,1.147e-17,8.889e-18,8.794e-17,3.823e-1,3.311e-17
365.64,1.375e+3,4.849e-21,3.330e-28,1.211e-44,1.971e-35,1.619e-33,,1.599e-20,9.921e-23,,2.221e-15,7.157e-1,7.253e-26,1.114e-17,4.546e-20,6.157e-18,,1.960e-26,,2.626e-4,8.879e-19,9.173e-34,3.897e+2,1.498e+2,3.390e-26,1.597e-8,1.120e-19,1.395e-1,7.984e-24,1.224e+2,4.250e-5,9.209e-27,2.647e-20,4.868e-23,1.469e-18,4.651e+0,9.446e-2,3.437e+0,,1.276e+2,,,2.703e+0,,1.110e-13,1.273e-19,5.874e-18,5.730e+2,3.543e-19,8.082e-2,,4.757e-17,,8.911e-18,1.521e-2,1.146e-17,8.902e-18,8.788e-17,2.655e-1,3.314e-17
365.66,1.394e+3,4.851e-21,3.337e-28,1.203e-44,1.971e-35,1.619e-33,,1.676e-20,9.935e-23,,2.221e-15,6.789e-1,7.182e-26,1.115e-17,4.549e-20,4.434e-18,,3.981e-26,,1.859e-4,8.882e-19,9.168e-34,3.621e+2,1.667e+2,3.391e-26,9.859e-9,1.120e-19,1.529e-1,7.990e-24,1.128e+2,5.729e-5,9.202e-27,2.648e-20,4.869e-23,1.442e-18,5.858e+0,7.725e-2,4.014e+0,,1.257e+2,,,2.453e+0,,5.835e-14,1.273e-19,5.875e-18,6.137e+2,3.554e-19,5.872e-2,,4.761e-17,,8.936e-18,1.200e-2,1.146e-17,8.910e-18,8.783e-17,2.067e-1,3.316e-17
365.69,1.428e+3,4.853e-21,3.347e-28,1.192e-44,1.971e-35,1.617e-33,,1.791e-20,9.957e-23,,2.222e-15,6.217e-1,7.076e-26,1.115e-17,4.554e-20,2.681e-18,,1.140e-25,,1.096e-4,8.887e-19,9.160e-34,3.219e+2,1.937e+2,3.393e-26,4.731e-9,1.120e-19,1.743e-1,7.999e-24,1.007e+2,8.873e-5,9.192e-27,2.650e-20,4.870e-23,1.402e-18,8.193e+0,5.652e-2,5.029e+0,,1.226e+2,,,2.121e+0,,2.200e-14,1.273e-19,5.876e-18,6.729e+2,3.571e-19,3.596e-2,,4.768e-17,,8.974e-18,8.332e-3,1.145e-17,8.923e-18,8.777e-17,1.405e-1,3.320e-17
365.71,1.453e+3,4.854e-21,3.354e-28,1.185e-44,1.971e-35,1.617e-33,,1.868e-20,9.971e-23,,2.223e-15,5.827e-1,7.005e-26,1.116e-17,4.557e-20,1.903e-18,,2.283e-25,,7.646e-5,8.890e-19,9.155e-34,2.961e+2,2.128e+2,3.394e-26,2.879e-9,1.120e-19,1.892e-1,8.005e-24,9.397e+1,1.179e-4,9.185e-27,2.651e-20,4.871e-23,1.375e-18,1.017e+1,4.557e-2,5.808e+0,,1.204e+2,,,1.929e+0,,1.140e-14,1.272e-19,5.877e-18,7.105e+2,3.583e-19,2.575e-2,,4.772e-17,,9.000e-18,6.493e-3,1.144e-17,8.931e-18,8.773e-17,1.079e-1,3.322e-17
365.73,1.478e+3,4.855e-21,3.361e-28,1.177e-44,1.970e-35,1.616e-33,,1.945e-20,9.985e-23,,2.223e-15,5.434e-1,6.935e-26,1.116e-17,4.560e-20,1.343e-18,,4.546e-25,,5.306e-5,8.894e-19,9.150e-34,2.715e+2,2.327e+2,3.396e-26,1.742e-9,1.120e-19,2.046e-1,8.011e-24,8.823e+1,1.559e-4,9.178e-27,2.653e-20,4.872e-23,1.348e-18,1.256e+1,3.653e-2,6.674e+0,,1.180e+2,,,1.763e+0,,5.871e-15,1.272e-19,5.878e-18,7.459e+2,3.594e-19,1.834e-2,,4.776e-17,,9.025e-18,5.035e-3,1.144e-17,8.939e-18,8.769e-17,8.233e-2,3.324e-17
365.76,1.517e+3,4.857e-21,3.371e-28,1.166e-44,1.970e-35,1.615e-33,,2.061e-20,1.001e-22,,2.224e-15,4.848e-1,6.829e-26,1.116e-17,4.565e-20,7.879e-19,,1.264e-24,,3.034e-5,8.899e-19,9.142e-34,2.370e+2,2.635e+2,3.398e-26,8.109e-10,1.121e-19,2.281e-1,8.020e-24,8.112e+1,2.343e-4,9.168e-27,2.655e-20,4.873e-23,1.307e-18,1.705e+1,2.593e-2,8.138e+0,,1.143e+2,,,1.564e+0,,2.147e-15,1.272e-19,5.880e-18,7.937e+2,3.611e-19,1.090e-2,,4.783e-17,,9.063e-18,3.406e-3,1.143e-17,8.952e-18,8.763e-17,5.430e-2,3.328e-17
365.78,1.543e+3,4.858e-21,3.378e-28,1.159e-44,1.970e-35,1.614e-33,,2.137e-20,1.002e-22,,2.225e-15,4.464e-1,6.758e-26,1.117e-17,4.568e-20,5.482e-19,,2.482e-24,,2.076e-5,8.902e-19,9.137e-34,2.157e+2,2.846e+2,3.399e-26,4.836e-10,1.121e-19,2.439e-1,8.026e-24,7.721e+1,3.053e-4,9.161e-27,2.656e-20,4.874e-23,1.280e-18,2.075e+1,2.049e-2,9.224e+0,,1.118e+2,,,1.467e+0,,1.090e-15,1.272e-19,5.881e-18,8.214e+2,3.623e-19,7.647e-3,,4.787e-17,,9.089e-18,2.608e-3,1.142e-17,8.960e-18,8.758e-17,4.085e-2,3.330e-17
365.81,1.579e+3,4.860e-21,3.388e-28,1.148e-44,1.970e-35,1.613e-33,,2.253e-20,1.004e-22,,2.225e-15,3.907e-1,6.652e-26,1.117e-17,4.572e-20,3.147e-19,,6.755e-24,,1.162e-5,8.907e-19,9.129e-34,1.864e+2,3.165e+2,3.401e-26,2.203e-10,1.121e-19,2.672e-1,8.035e-24,7.233e+1,4.492e-4,9.151e-27,2.658e-20,4.876e-23,1.240e-18,2.758e+1,1.424e-2,1.101e+1,,1.079e+2,,,1.378e+0,,3.901e-16,1.272e-19,5.882e-18,8.555e+2,3.640e-19,4.448e-3,,4.794e-17,,9.127e-18,1.731e-3,1.141e-17,8.973e-18,8.752e-17,2.637e-2,3.333e-17
365.83,1.602e+3,4.862e-21,3.395e-28,1.140e-44,1.970e-35,1.612e-33,,2.330e-20,1.006e-22,,2.226e-15,3.551e-1,6.581e-26,1.118e-17,4.575e-20,2.158e-19,,1.308e-23,,7.844e-6,8.910e-19,9.124e-34,1.687e+2,3.378e+2,3.402e-26,1.295e-10,1.121e-19,2.823e-1,8.041e-24,6.959e+1,5.769e-4,9.144e-27,2.660e-20,4.876e-23,1.213e-18,3.309e+1,1.109e-2,1.231e+1,,1.053e+2,,,1.358e+0,,1.952e-16,1.271e-19,5.883e-18,8.728e+2,3.651e-19,3.077e-3,,4.798e-17,,9.153e-18,1.309e-3,1.141e-17,8.981e-18,8.748e-17,1.955e-2,3.336e-17
365.86,1.631e+3,4.864e-21,3.405e-28,1.129e-44,1.969e-35,1.611e-33,,2.445e-20,1.008e-22,,2.227e-15,3.046e-1,6.475e-26,1.118e-17,4.580e-20,1.212e-19,,3.485e-23,,4.314e-6,8.915e-19,9.116e-34,1.449e+2,3.690e+2,3.404e-26,5.773e-11,1.122e-19,3.036e-1,8.050e-24,6.604e+1,8.310e-4,9.134e-27,2.662e-20,4.878e-23,1.172e-18,4.304e+1,7.544e-3,1.439e+1,,1.015e+2,,,1.391e+0,,6.836e-17,1.271e-19,5.885e-18,8.898e+2,3.668e-19,1.751e-3,,4.805e-17,,9.191e-18,8.521e-4,1.140e-17,8.994e-18,8.742e-17,1.235e-2,3.339e-17
365.88,1.647e+3,4.865e-21,3.412e-28,1.122e-44,1.969e-35,1.610e-33,,2.522e-20,1.009e-22,,2.227e-15,2.732e-1,6.404e-26,1.118e-17,4.583e-20,8.196e-20,,6.651e-23,,2.889e-6,8.919e-19,9.111e-34,1.308e+2,3.892e+2,3.405e-26,3.344e-11,1.122e-19,3.167e-1,8.056e-24,6.395e+1,1.052e-3,9.128e-27,2.663e-20,4.879e-23,1.145e-18,5.092e+1,5.795e-3,1.585e+1,,9.885e+1,,,1.458e+0,,3.372e-17,1.271e-19,5.886e-18,8.949e+2,3.680e-19,1.194e-3,,4.809e-17,,9.216e-18,6.360e-4,1.139e-17,9.002e-18,8.738e-17,9.028e-3,3.341e-17
365.91,1.664e+3,4.867e-21,3.422e-28,1.111e-44,1.969e-35,1.609e-33,,2.637e-20,1.011e-22,,2.228e-15,2.297e-1,6.298e-26,1.119e-17,4.588e-20,4.507e-20,,1.735e-22,,1.598e-6,8.924e-19,9.103e-34,1.121e+2,4.177e+2,3.407e-26,1.459e-11,1.122e-19,3.342e-1,8.065e-24,6.108e+1,1.484e-3,9.117e-27,2.665e-20,4.880e-23,1.105e-18,6.482e+1,3.863e-3,1.814e+1,,9.493e+1,,,1.629e+0,,1.155e-17,1.271e-19,5.887e-18,8.930e+2,3.697e-19,6.651e-4,,4.816e-17,,9.255e-18,4.062e-4,1.138e-17,9.015e-18,8.731e-17,5.581e-3,3.345e-17
365.93,1.671e+3,4.868e-21,3.429e-28,1.103e-44,1.969e-35,1.608e-33,,2.714e-20,1.013e-22,,2.228e-15,2.032e-1,6.228e-26,1.119e-17,4.591e-20,3.004e-20,,3.266e-22,,1.106e-6,8.927e-19,9.098e-34,1.011e+2,4.354e+2,3.408e-26,8.332e-12,1.122e-19,3.442e-1,8.071e-24,5.927e+1,1.852e-3,9.111e-27,2.667e-20,4.881e-23,1.078e-18,7.560e+1,2.930e-3,1.971e+1,,9.230e+1,,,1.792e+0,,1.133e-17,1.271e-19,5.888e-18,8.854e+2,3.708e-19,4.470e-4,,4.820e-17,,9.280e-18,2.993e-4,1.138e-17,9.023e-18,8.727e-17,4.022e-3,3.347e-17
365.96,1.675e+3,4.870e-21,3.439e-28,1.092e-44,1.969e-35,1.607e-33,,2.830e-20,1.015e-22,,2.229e-15,1.673e-1,6.122e-26,1.120e-17,4.595e-20,1.620e-20,,8.343e-22,,7.143e-7,8.932e-19,9.090e-34,8.666e+1,4.593e+2,3.410e-26,3.557e-12,1.123e-19,3.562e-1,8.080e-24,5.663e+1,2.557e-3,9.101e-27,2.669e-20,4.882e-23,1.038e-18,9.421e+1,1.923e-3,2.207e+1,,8.831e+1,,,2.117e+0,,1.099e-17,1.270e-19,5.890e-18,8.648e+2,3.725e-19,2.437e-4,,4.826e-17,,9.318e-18,1.874e-4,1.137e-17,9.036e-18,8.721e-17,2.433e-3,3.350e-17
365.98,1.672e+3,4.872e-21,3.446e-28,1.085e-44,1.968e-35,1.607e-33,,2.906e-20,1.016e-22,,2.230e-15,1.460e-1,6.051e-26,1.120e-17,4.598e-20,1.068e-20,,1.548e-21,,6.182e-7,8.935e-19,9.085e-34,7.828e+1,4.733e+2,3.412e-26,2.002e-12,1.123e-19,3.621e-1,8.086e-24,5.487e+1,3.147e-3,9.094e-27,2.670e-20,4.883e-23,1.011e-18,1.083e+2,1.451e-3,2.364e+1,,8.562e+1,,,2.388e+0,,1.076e-17,1.270e-19,5.891e-18,8.452e+2,3.737e-19,1.614e-4,,4.831e-17,,9.344e-18,1.363e-4,1.136e-17,9.044e-18,8.717e-17,1.728e-3,3.353e-17
366.01,1.661e+3,4.874e-21,3.456e-28,1.074e-44,1.968e-35,1.605e-33,,3.022e-20,1.018e-22,,2.230e-15,1.178e-1,5.945e-26,1.121e-17,4.603e-20,5.730e-21,,3.872e-21,,6.695e-7,8.940e-19,9.077e-34,6.733e+1,4.908e+2,3.414e-26,8.364e-13,1.123e-19,3.674e-1,8.095e-24,5.220e+1,4.252e-3,9.084e-27,2.672e-20,4.885e-23,9.701e-19,1.321e+2,9.602e-4,2.592e+1,,8.152e+1,,,2.881e+0,,1.042e-17,1.270e-19,5.892e-18,8.080e+2,3.754e-19,8.613e-5,,4.837e-17,,9.382e-18,8.371e-5,1.136e-17,9.057e-18,8.710e-17,1.023e-3,3.356e-17
366.03,1.649e+3,4.875e-21,3.463e-28,1.066e-44,1.968e-35,1.605e-33,,3.099e-20,1.020e-22,,2.231e-15,1.014e-1,5.874e-26,1.121e-17,4.606e-20,3.846e-21,,7.084e-21,,8.321e-7,8.944e-19,9.072e-34,6.098e+1,4.999e+2,3.415e-26,4.640e-13,1.123e-19,3.686e-1,8.101e-24,5.040e+1,5.159e-3,9.077e-27,2.674e-20,4.886e-23,9.431e-19,1.498e+2,7.438e-4,2.736e+1,,7.874e+1,,,3.269e+0,,1.020e-17,1.270e-19,5.893e-18,7.785e+2,3.765e-19,5.625e-5,,4.842e-17,,9.408e-18,6.011e-5,1.135e-17,9.065e-18,8.706e-17,7.164e-4,3.358e-17
366.06,1.626e+3,4.877e-21,3.473e-28,1.055e-44,1.968e-35,1.604e-33,,3.214e-20,1.022e-22,,2.232e-15,8.007e-2,5.768e-26,1.121e-17,4.611e-20,2.320e-21,,1.735e-20,,1.310e-6,8.949e-19,9.064e-34,5.269e+1,5.096e+2,3.417e-26,1.897e-13,1.124e-19,3.667e-1,8.110e-24,4.766e+1,6.823e-3,9.067e-27,2.676e-20,4.887e-23,9.026e-19,1.788e+2,5.445e-4,2.936e+1,,7.450e+1,,,3.941e+0,,9.858e-18,1.269e-19,5.895e-18,7.285e+2,3.782e-19,2.936e-5,,4.848e-17,,9.446e-18,3.628e-5,1.134e-17,9.078e-18,8.700e-17,4.152e-4,3.362e-17
366.08,1.606e+3,4.878e-21,3.480e-28,1.048e-44,1.968e-35,1.603e-33,,3.291e-20,1.023e-22,,2.232e-15,6.795e-2,5.697e-26,1.122e-17,4.614e-20,1.907e-21,,3.129e-20,,1.836e-6,8.952e-19,9.059e-34,4.787e+1,5.132e+2,3.418e-26,1.037e-13,1.124e-19,3.630e-1,8.116e-24,4.582e+1,8.163e-3,9.060e-27,2.677e-20,4.888e-23,8.757e-19,1.999e+2,4.797e-4,3.056e+1,,7.163e+1,,,4.449e+0,,9.632e-18,1.269e-19,5.896e-18,6.920e+2,3.794e-19,1.890e-5,,4.853e-17,,9.471e-18,2.581e-5,1.133e-17,9.086e-18,8.696e-17,2.865e-4,3.364e-17
366.1,1.584e+3,4.880e-21,3.486e-28,1.040e-44,1.967e-35,1.602e-33,,3.368e-20,1.025e-22,,2.233e-15,5.733e-2,5.627e-26,1.122e-17,4.617e-20,1.877e-21,,5.612e-20,,2.594e-6,8.955e-19,9.054e-34,4.353e+1,5.146e+2,3.419e-26,5.640e-14,1.124e-19,3.575e-1,8.122e-24,4.400e+1,9.710e-3,9.053e-27,2.678e-20,4.889e-23,8.487e-19,2.221e+2,4.622e-4,3.162e+1,,6.875e+1,,,5.004e+0,,9.406e-18,1.269e-19,5.897e-18,6.535e+2,3.805e-19,1.210e-5,,4.857e-17,,9.497e-18,1.837e-5,1.133e-17,9.095e-18,8.692e-17,1.966e-4,3.366e-17
366.13,1.546e+3,4.882e-21,3.497e-28,1.029e-44,1.967e-35,1.601e-33,,3.483e-20,1.027e-22,,2.233e-15,4.397e-2,5.521e-26,1.123e-17,4.621e-20,2.550e-21,,1.334e-19,,4.355e-6,8.961e-19,9.046e-34,3.783e+1,5.122e+2,3.421e-26,2.237e-14,1.124e-19,3.460e-1,8.131e-24,4.135e+1,1.246e-2,9.043e-27,2.681e-20,4.890e-23,8.082e-19,2.574e+2,5.209e-4,3.293e+1,,6.440e+1,,,5.920e+0,,9.067e-18,1.269e-19,5.898e-18,5.934e+2,3.822e-19,6.128e-6,,4.863e-17,,9.535e-18,1.118e-5,1.132e-17,9.107e-18,8.685e-17,1.105e-4,3.369e-17
366.15,1.518e+3,4.883e-21,3.503e-28,1.022e-44,1.967e-35,1.600e-33,,3.560e-20,1.028e-22,,2.234e-15,3.658e-2,5.450e-26,1.123e-17,4.624e-20,3.586e-21,,2.360e-19,,6.125e-6,8.964e-19,9.041e-34,3.449e+1,5.077e+2,3.423e-26,1.199e-14,1.125e-19,3.363e-1,8.137e-24,3.967e+1,1.462e-2,9.036e-27,2.682e-20,4.891e-23,7.812e-19,2.819e+2,6.198e-4,3.360e+1,,6.152e+1,,,6.583e+0,,8.841e-18,1.269e-19,5.899e-18,5.525e+2,3.834e-19,3.866e-6,,4.868e-17,,9.561e-18,8.275e-6,1.131e-17,9.116e-18,8.681e-17,7.476e-5,3.372e-17
366.18,1.475e+3,4.885e-21,3.514e-28,1.011e-44,1.967e-35,1.599e-33,,3.675e-20,1.030e-22,,2.235e-15,2.747e-2,5.344e-26,1.123e-17,4.629e-20,6.462e-21,,5.492e-19,,1.012e-5,8.969e-19,9.033e-34,3.006e+1,4.968e+2,3.425e-26,4.652e-15,1.125e-19,3.192e-1,8.146e-24,3.736e+1,1.836e-2,9.026e-27,2.684e-20,4.892e-23,7.407e-19,3.198e+2,8.734e-4,3.425e+1,,5.728e+1,,,7.645e+0,,8.502e-18,1.268e-19,5.901e-18,4.911e+2,3.851e-19,1.916e-6,,4.874e-17,,9.599e-18,5.884e-6,1.131e-17,9.128e-18,8.675e-17,4.114e-5,3.375e-17
366.2,1.444e+3,4.886e-21,3.520e-28,1.003e-44,1.967e-35,1.598e-33,,3.752e-20,1.032e-22,,2.235e-15,2.253e-2,5.273e-26,1.124e-17,4.632e-20,9.719e-21,,9.576e-19,,1.406e-5,8.972e-19,9.028e-34,2.745e+1,4.869e+2,3.426e-26,2.457e-15,1.125e-19,3.062e-1,8.152e-24,3.601e+1,2.123e-2,9.020e-27,2.685e-20,4.893e-23,7.138e-19,3.454e+2,1.128e-3,3.445e+1,,5.453e+1,,,8.391e+0,,8.276e-18,1.268e-19,5.902e-18,4.507e+2,3.862e-19,1.192e-6,,4.879e-17,,9.624e-18,5.324e-6,1.130e-17,9.137e-18,8.671e-17,2.743e-5,3.377e-17
366.23,1.397e+3,4.888e-21,3.531e-28,9.923e-45,1.966e-35,1.597e-33,,3.868e-20,1.034e-22,,2.236e-15,1.656e-2,5.167e-26,1.124e-17,4.637e-20,1.793e-20,,2.182e-18,,2.278e-5,8.977e-19,9.020e-34,2.400e+1,4.684e+2,3.428e-26,9.333e-16,1.125e-19,2.851e-1,8.161e-24,3.434e+1,2.612e-2,9.009e-27,2.687e-20,4.895e-23,6.733e-19,3.835e+2,1.680e-3,3.437e+1,,5.060e+1,,,9.551e+0,,7.937e-18,1.268e-19,5.903e-18,3.921e+2,3.879e-19,5.781e-7,,4.885e-17,,9.662e-18,5.845e-6,1.129e-17,9.149e-18,8.665e-17,1.477e-5,3.381e-17
366.25,1.365e+3,4.890e-21,3.537e-28,9.849e-45,1.966e-35,1.596e-33,,3.945e-20,1.035e-22,,2.236e-15,1.340e-2,5.097e-26,1.125e-17,4.640e-20,2.684e-20,,3.752e-18,,3.120e-5,8.981e-19,9.015e-34,2.197e+1,4.538e+2,3.429e-26,4.859e-16,1.126e-19,2.701e-1,8.167e-24,3.353e+1,2.977e-2,9.003e-27,2.689e-20,4.895e-23,6.463e-19,4.083e+2,2.192e-3,3.408e+1,,4.813e+1,,,1.034e+1,,7.711e-18,1.268e-19,5.904e-18,3.548e+2,3.891e-19,3.544e-7,,4.890e-17,,9.688e-18,7.137e-6,1.129e-17,9.158e-18,8.660e-17,9.707e-6,3.383e-17
366.28,1.317e+3,4.892e-21,3.548e-28,9.738e-45,1.966e-35,1.595e-33,,4.060e-20,1.037e-22,,2.237e-15,9.639e-3,4.990e-26,1.125e-17,4.644e-20,4.871e-20,,8.369e-18,,4.952e-5,8.986e-19,9.007e-34,1.931e+1,4.291e+2,3.431e-26,1.806e-16,1.126e-19,2.469e-1,8.176e-24,3.283e+1,3.584e-2,8.993e-27,2.691e-20,4.897e-23,6.058e-19,4.438e+2,3.249e-3,3.329e+1,,4.474e+1,,,1.153e+1,,7.372e-18,1.268e-19,5.905e-18,3.021e+2,3.908e-19,1.682e-7,,4.896e-17,,9.726e-18,1.082e-5,1.128e-17,9.170e-18,8.654e-17,5.116e-6,3.386e-17
366.3,1.285e+3,4.893e-21,3.554e-28,9.664e-45,1.966e-35,1.594e-33,,4.137e-20,1.039e-22,,2.238e-15,7.685e-3,4.920e-26,1.125e-17,4.647e-20,7.197e-20,,1.419e-17,,6.691e-5,8.989e-19,9.002e-34,1.777e+1,4.109e+2,3.432e-26,9.267e-17,1.126e-19,2.311e-1,8.182e-24,3.276e+1,4.027e-2,8.986e-27,2.692e-20,4.898e-23,5.789e-19,4.658e+2,4.200e-3,3.254e+1,,4.271e+1,,,1.230e+1,,7.146e-18,1.267e-19,5.906e-18,2.695e+2,3.919e-19,1.017e-7,,4.900e-17,,9.752e-18,1.480e-5,1.127e-17,9.179e-18,8.650e-17,3.314e-6,3.389e-17
366.33,1.236e+3,4.895e-21,3.565e-28,9.553e-45,1.966e-35,1.593e-33,,4.252e-20,1.041e-22,,2.238e-15,5.413e-3,4.814e-26,1.126e-17,4.652e-20,1.279e-19,,3.099e-17,,1.040e-4,8.994e-19,8.994e-34,1.581e+1,3.818e+2,3.434e-26,3.370e-17,1.126e-19,2.075e-1,8.191e-24,3.331e+1,4.747e-2,8.976e-27,2.694e-20,4.899e-23,5.384e-19,4.956e+2,6.116e-3,3.111e+1,,4.008e+1,,,1.343e+1,,6.807e-18,1.267e-19,1.714e-17,2.246e+2,3.936e-19,4.723e-8,,4.907e-17,,9.790e-18,2.404e-5,1.126e-17,9.191e-18,8.644e-17,1.709e-6,3.392e-17
366.35,1.204e+3,4.896e-21,3.571e-28,9.479e-45,1.965e-35,1.593e-33,,4.329e-20,1.042e-22,,2.239e-15,4.255e-3,4.743e-26,1.126e-17,4.655e-20,1.864e-19,,5.180e-17,,1.386e-4,8.997e-19,8.989e-34,1.472e+1,3.614e+2,3.435e-26,1.705e-17,1.127e-19,1.921e-1,8.197e-24,3.416e+1,5.259e-2,8.969e-27,2.696e-20,4.900e-23,5.114e-19,5.128e+2,7.805e-3,2.997e+1,,3.863e+1,,,1.413e+1,,6.581e-18,1.267e-19,3.461e-17,1.975e+2,3.948e-19,2.813e-8,,4.911e-17,,9.815e-18,3.323e-5,1.126e-17,9.200e-18,8.640e-17,1.092e-6,3.394e-17
366.38,1.155e+3,4.898e-21,3.582e-28,9.368e-45,1.965e-35,1.591e-33,,4.444e-20,1.044e-22,,2.240e-15,2.933e-3,4.637e-26,1.127e-17,4.660e-20,3.244e-19,,1.108e-16,,2.111e-4,9.002e-19,8.981e-34,1.341e+1,3.299e+2,3.437e-26,6.067e-18,1.127e-19,1.699e-1,8.206e-24,3.620e+1,6.067e-2,8.959e-27,2.698e-20,4.901e-23,4.709e-19,5.341e+2,1.113e-2,2.805e+1,,3.691e+1,,,1.510e+1,,6.242e-18,1.267e-19,9.833e-17,1.611e+2,3.965e-19,1.279e-8,,4.918e-17,,9.854e-18,5.367e-5,1.125e-17,9.212e-18,8.633e-17,5.510e-7,3.398e-17
366.4,1.123e+3,4.900e-21,3.588e-28,9.294e-45,1.965e-35,1.591e-33,,4.521e-20,1.046e-22,,2.240e-15,2.273e-3,4.566e-26,1.127e-17,4.663e-20,4.660e-19,,1.826e-16,,2.776e-4,9.006e-19,8.976e-34,1.275e+1,3.086e+2,3.439e-26,3.025e-18,1.127e-19,1.557e-1,8.212e-24,3.809e+1,6.626e-2,8.952e-27,2.699e-20,4.902e-23,4.440e-19,5.448e+2,1.401e-2,2.665e+1,,3.610e+1,,,1.567e+1,,6.016e-18,1.267e-19,1.958e-16,1.397e+2,3.976e-19,7.509e-9,,4.922e-17,,9.879e-18,7.345e-5,1.124e-17,9.221e-18,8.629e-17,3.468e-7,3.400e-17
366.43,1.074e+3,4.902e-21,3.599e-28,9.183e-45,1.965e-35,1.590e-33,,4.637e-20,1.048e-22,,2.241e-15,1.534e-3,4.460e-26,1.128e-17,4.667e-20,7.940e-19,,3.822e-16,,4.141e-4,9.011e-19,8.968e-34,1.208e+1,2.767e+2,3.441e-26,1.053e-18,1.127e-19,1.359e-1,8.221e-24,4.176e+1,7.483e-2,8.942e-27,2.701e-20,4.904e-23,4.035e-19,5.554e+2,1.957e-2,2.441e+1,,3.537e+1,,,1.639e+1,,5.677e-18,1.266e-19,5.447e-16,1.115e+2,3.993e-19,3.341e-9,,4.929e-17,,9.917e-18,1.164e-4,1.123e-17,9.233e-18,8.623e-17,1.713e-7,3.403e-17
366.45,1.041e+3,4.903e-21,3.605e-28,9.109e-45,1.965e-35,1.589e-33,,4.714e-20,1.049e-22,,2.241e-15,1.172e-3,4.390e-26,1.128e-17,4.670e-20,1.125e-18,,6.211e-16,,5.371e-4,9.014e-19,8.963e-34,1.184e+1,2.557e+2,3.442e-26,5.177e-19,1.128e-19,1.236e-1,8.227e-24,4.477e+1,8.058e-2,8.935e-27,2.703e-20,4.905e-23,3.765e-19,5.586e+2,2.427e-2,2.286e+1,,3.521e+1,,,1.676e+1,,5.451e-18,1.266e-19,1.070e-15,9.532e+1,4.005e-19,1.933e-9,,4.933e-17,,9.943e-18,1.572e-4,1.123e-17,9.242e-18,8.619e-17,1.063e-7,3.406e-17
366.47,1.009e+3,4.904e-21,3.612e-28,9.035e-45,1.965e-35,1.588e-33,,4.791e-20,1.051e-22,,2.242e-15,8.900e-4,4.319e-26,1.128e-17,4.674e-20,1.584e-18,,1.004e-15,,6.928e-4,9.017e-19,8.958e-34,1.176e+1,2.352e+2,3.443e-26,2.530e-19,1.128e-19,1.122e-1,8.233e-24,4.821e+1,8.627e-2,8.928e-27,2.704e-20,4.905e-23,3.495e-19,5.586e+2,2.995e-2,2.129e+1,,3.528e+1,,,1.705e+1,,5.225e-18,1.266e-19,2.089e-15,8.101e+1,4.016e-19,1.112e-9,,4.937e-17,,9.968e-18,2.110e-4,1.122e-17,9.250e-18,8.615e-17,6.559e-8,3.408e-17
366.5,9.594e+2,4.906e-21,3.622e-28,8.924e-45,1.964e-35,1.587e-33,,4.906e-20,1.053e-22,,2.243e-15,5.829e-4,4.213e-26,1.129e-17,4.678e-20,2.620e-18,,2.040e-15,,1.005e-3,9.022e-19,8.950e-34,1.195e+1,2.055e+2,3.445e-26,2.523e-19,1.128e-19,9.671e-2,8.242e-24,5.419e+1,9.456e-2,8.918e-27,2.706e-20,4.907e-23,3.090e-19,5.526e+2,4.060e-2,1.892e+1,,3.582e+1,,,1.731e+1,,4.885e-18,1.266e-19,5.642e-15,6.281e+1,4.033e-19,4.803e-10,,4.944e-17,,1.001e-17,3.248e-4,1.121e-17,9.263e-18,8.608e-17,3.144e-8,3.411e-17
366.52,9.265e+2,4.908e-21,3.629e-28,8.850e-45,1.964e-35,1.586e-33,,4.983e-20,1.054e-22,,2.243e-15,4.364e-4,4.142e-26,1.129e-17,4.681e-20,3.638e-18,,3.250e-15,,1.279e-3,9.026e-19,8.945e-34,1.227e+1,1.867e+2,3.446e-26,2.519e-19,1.128e-19,8.749e-2,8.248e-24,5.869e+1,9.982e-2,8.912e-27,2.708e-20,4.908e-23,2.821e-19,5.448e+2,4.938e-2,1.737e+1,,3.642e+1,,,1.736e+1,,4.659e-18,1.266e-19,1.086e-14,5.265e+1,4.045e-19,2.724e-10,,4.948e-17,,1.003e-17,4.299e-4,1.121e-17,9.271e-18,8.604e-17,1.912e-8,3.414e-17
366.55,8.773e+2,4.910e-21,3.639e-28,8.739e-45,1.964e-35,1.585e-33,,5.098e-20,1.056e-22,,2.244e-15,2.797e-4,4.036e-26,1.130e-17,4.686e-20,5.890e-18,,6.466e-15,,1.817e-3,9.031e-19,8.937e-34,1.305e+1,1.602e+2,3.448e-26,2.513e-19,1.129e-19,7.527e-2,8.257e-24,6.615e+1,1.071e-1,8.901e-27,2.710e-20,4.909e-23,2.416e-19,5.276e+2,6.553e-2,1.511e+1,,3.763e+1,,,1.725e+1,,4.320e-18,1.265e-19,2.873e-14,4.002e+1,4.062e-19,1.151e-10,,4.955e-17,,1.007e-17,6.479e-4,1.120e-17,9.284e-18,8.598e-17,8.968e-9,3.417e-17
366.57,8.445e+2,4.911e-21,3.646e-28,8.665e-45,1.964e-35,1.584e-33,,5.175e-20,1.058e-22,,2.244e-15,2.065e-4,3.965e-26,1.130e-17,4.689e-20,8.065e-18,,1.016e-14,,2.282e-3,9.034e-19,8.932e-34,1.375e+1,1.437e+2,3.450e-26,2.509e-19,1.129e-19,6.816e-2,8.263e-24,7.155e+1,1.115e-1,8.895e-27,2.711e-20,4.910e-23,2.146e-19,5.128e+2,7.858e-2,1.368e+1,,3.858e+1,,,1.705e+1,,4.094e-18,1.265e-19,5.454e-14,3.313e+1,4.073e-19,6.433e-11,,4.959e-17,,1.010e-17,8.455e-4,1.119e-17,9.292e-18,8.594e-17,5.376e-9,3.419e-17
366.6,7.958e+2,4.913e-21,3.656e-28,8.554e-45,1.963e-35,1.583e-33,,5.290e-20,1.060e-22,,2.245e-15,1.295e-4,3.859e-26,1.130e-17,4.693e-20,1.278e-17,,1.979e-14,,3.179e-3,9.039e-19,8.925e-34,1.505e+1,1.209e+2,3.451e-26,2.503e-19,1.129e-19,5.892e-2,8.272e-24,8.017e+1,1.171e-1,8.885e-27,2.713e-20,4.911e-23,1.741e-19,4.861e+2,1.021e-1,1.165e+1,,4.017e+1,,,1.659e+1,,3.755e-18,1.265e-19,1.412e-13,2.478e+1,4.090e-19,2.660e-11,,4.966e-17,,1.013e-17,1.247e-3,1.118e-17,9.305e-18,8.587e-17,2.468e-9,3.423e-17
366.62,7.637e+2,4.914e-21,3.663e-28,8.480e-45,1.963e-35,1.582e-33,,5.367e-20,1.061e-22,,2.246e-15,9.426e-5,3.789e-26,1.131e-17,4.697e-20,1.726e-17,,3.065e-14,,3.939e-3,9.042e-19,8.919e-34,1.609e+1,1.071e+2,3.453e-26,2.499e-19,1.129e-19,5.365e-2,8.278e-24,8.619e+1,1.201e-1,8.878e-27,2.715e-20,4.912e-23,1.472e-19,4.658e+2,1.207e-1,1.039e+1,,4.127e+1,,,1.617e+1,,3.529e-18,1.265e-19,2.644e-13,2.035e+1,4.102e-19,1.466e-11,,4.970e-17,,1.016e-17,1.605e-3,1.118e-17,9.313e-18,8.583e-17,1.458e-9,3.425e-17
366.65,7.165e+2,4.916e-21,3.673e-28,8.369e-45,1.963e-35,1.581e-33,,5.483e-20,1.063e-22,,2.246e-15,5.789e-5,3.683e-26,1.131e-17,4.701e-20,2.679e-17,,5.846e-14,,5.379e-3,9.047e-19,8.912e-34,1.786e+1,8.845e+1,3.455e-26,2.493e-19,1.130e-19,4.692e-2,8.287e-24,9.551e+1,1.235e-1,8.868e-27,2.717e-20,4.914e-23,1.067e-19,4.322e+2,1.535e-1,8.665e+0,,4.291e+1,,,1.539e+1,,3.190e-18,1.264e-19,6.701e-13,1.516e+1,4.119e-19,5.931e-12,,4.977e-17,,1.020e-17,2.318e-3,1.117e-17,9.326e-18,8.577e-17,6.552e-10,3.428e-17
366.67,6.859e+2,4.917e-21,3.680e-28,8.295e-45,1.963e-35,1.581e-33,,5.560e-20,1.065e-22,,2.247e-15,4.152e-5,3.612e-26,1.132e-17,4.704e-20,3.566e-17,,8.928e-14,,6.578e-3,9.051e-19,8.906e-34,1.917e+1,7.735e+1,3.456e-26,2.489e-19,1.130e-19,4.314e-2,8.293e-24,1.018e+2,1.249e-1,8.861e-27,2.718e-20,4.914e-23,7.970e-20,4.083e+2,1.789e-1,7.621e+0,,4.392e+1,,,1.479e+1,,2.964e-18,1.264e-19,1.237e-12,1.253e+1,4.130e-19,3.221e-12,,4.981e-17,,1.022e-17,2.941e-3,1.116e-17,9.334e-18,8.573e-17,3.816e-10,3.431e-17
366.7,6.413e+2,4.919e-21,3.690e-28,8.184e-45,1.963e-35,1.579e-33,,5.675e-20,1.067e-22,,2.248e-15,2.496e-5,3.506e-26,1.132e-17,4.709e-20,5.418e-17,,1.667e-13,,8.808e-3,9.056e-19,8.899e-34,2.130e+1,6.264e+1,3.458e-26,2.482e-19,1.130e-19,3.838e-2,8.302e-24,1.112e+2,1.257e-1,8.851e-27,2.720e-20,4.916e-23,3.922e-20,3.709e+2,2.228e-1,6.220e+0,,4.527e+1,,,1.378e+1,,2.625e-18,1.264e-19,3.071e-12,9.651e+0,4.147e-19,1.276e-12,,4.988e-17,,1.026e-17,4.158e-3,1.115e-17,9.347e-18,8.567e-17,1.678e-10,3.434e-17
366.72,6.128e+2,4.921e-21,3.697e-28,8.110e-45,1.962e-35,1.579e-33,,5.752e-20,1.068e-22,,2.248e-15,1.765e-5,3.435e-26,1.133e-17,4.712e-20,7.111e-17,,2.510e-13,,1.063e-2,9.059e-19,8.893e-34,2.281e+1,5.406e+1,3.459e-26,2.478e-19,1.130e-19,3.574e-2,8.308e-24,1.174e+2,1.253e-1,8.844e-27,2.721e-20,4.917e-23,1.224e-20,3.454e+2,2.560e-1,5.393e+0,,4.599e+1,,,1.306e+1,,2.399e-18,1.264e-19,5.589e-12,8.350e+0,4.159e-19,6.830e-13,,4.992e-17,,1.029e-17,5.200e-3,1.115e-17,9.355e-18,8.562e-17,9.633e-11,3.436e-17
366.75,5.720e+2,4.923e-21,3.707e-28,7.999e-45,1.962e-35,1.578e-33,,5.867e-20,1.070e-22,,2.249e-15,1.038e-5,3.329e-26,1.133e-17,4.717e-20,1.058e-16,,4.589e-13,,1.396e-2,9.064e-19,8.886e-34,2.518e+1,4.293e+1,3.461e-26,2.472e-19,1.131e-19,3.244e-2,8.317e-24,1.262e+2,1.235e-1,8.834e-27,2.724e-20,4.918e-23,3.529e-20,3.071e+2,3.120e-1,4.308e+0,,4.676e+1,,,1.191e+1,,2.060e-18,1.264e-19,1.358e-11,7.223e+0,4.176e-19,2.647e-13,,4.998e-17,,2.977e-17,7.198e-3,1.114e-17,9.368e-18,8.556e-17,4.146e-11,3.440e-17
366.77,5.463e+2,4.924e-21,3.714e-28,7.926e-45,1.962e-35,1.577e-33,,5.944e-20,1.072e-22,,2.249e-15,7.236e-6,3.259e-26,1.133e-17,4.720e-20,1.369e-16,,6.814e-13,,1.663e-2,9.068e-19,8.881e-34,2.680e+1,3.657e+1,3.462e-26,2.468e-19,1.131e-19,3.063e-2,8.323e-24,1.317e+2,1.214e-1,8.827e-27,2.725e-20,4.919e-23,7.097e-20,2.819e+2,3.535e-1,3.682e+0,,4.702e+1,,,1.113e+1,,1.834e-18,1.263e-19,2.438e-11,6.982e+0,4.187e-19,1.397e-13,,5.003e-17,,6.004e-17,8.877e-3,1.113e-17,9.376e-18,8.552e-17,2.346e-11,3.442e-17
366.8,5.101e+2,4.926e-21,3.724e-28,7.815e-45,1.962e-35,1.576e-33,,6.059e-20,1.074e-22,,2.250e-15,4.166e-6,3.152e-26,1.134e-17,4.724e-20,1.994e-16,,1.220e-12,,2.142e-2,9.073e-19,8.873e-34,2.926e+1,2.846e+1,3.464e-26,2.462e-19,1.131e-19,2.841e-2,8.332e-24,1.392e+2,1.171e-1,8.817e-27,2.727e-20,4.920e-23,2.003e-19,2.454e+2,4.218e-1,2.879e+0,,4.701e+1,,,9.936e+0,,1.495e-18,1.263e-19,5.801e-11,7.359e+0,4.204e-19,5.298e-14,,5.009e-17,,1.702e-16,1.203e-2,1.113e-17,9.389e-18,8.546e-17,9.881e-12,3.445e-17
366.82,4.875e+2,4.927e-21,3.731e-28,7.741e-45,1.962e-35,1.575e-33,,6.136e-20,1.075e-22,,2.251e-15,2.863e-6,3.082e-26,1.134e-17,4.727e-20,2.545e-16,,1.785e-12,,2.520e-2,9.076e-19,8.868e-34,3.090e+1,2.392e+1,3.466e-26,2.458e-19,1.131e-19,2.722e-2,8.338e-24,1.436e+2,1.135e-1,8.810e-27,2.728e-20,4.921e-23,3.972e-19,2.221e+2,4.712e-1,2.426e+0,,4.672e+1,,,9.150e+0,,1.269e-18,1.263e-19,1.027e-10,8.111e+0,4.216e-19,2.756e-14,,5.014e-17,,3.384e-16,1.462e-2,1.112e-17,9.397e-18,8.542e-17,5.512e-12,3.448e-17
366.84,4.664e+2,4.929e-21,3.738e-28,7.667e-45,1.962e-35,1.574e-33,,6.213e-20,1.077e-22,,2.251e-15,1.956e-6,3.011e-26,1.135e-17,4.730e-20,3.229e-16,,2.599e-12,,2.949e-2,9.079e-19,8.862e-34,3.250e+1,2.000e+1,3.467e-26,2.454e-19,1.131e-19,2.624e-2,8.344e-24,1.474e+2,1.093e-1,8.804e-27,2.730e-20,4.922e-23,7.833e-19,1.999e+2,5.234e-1,2.033e+0,,4.620e+1,,,8.378e+0,,1.043e-18,1.263e-19,1.807e-10,9.286e+0,4.227e-19,1.425e-14,,5.018e-17,,6.691e-16,1.768e-2,1.111e-17,9.406e-18,8.537e-17,3.057e-12,3.450e-17
366.87,4.374e+2,4.931e-21,3.748e-28,7.556e-45,1.961e-35,1.573e-33,,6.329e-20,1.079e-22,,2.252e-15,1.093e-6,2.905e-26,1.135e-17,4.735e-20,4.567e-16,,4.516e-12,,3.699e-2,9.084e-19,8.855e-34,3.482e+1,1.513e+1,3.469e-26,2.448e-19,1.132e-19,2.516e-2,8.353e-24,1.521e+2,1.023e-1,8.793e-27,2.732e-20,4.924e-23,2.146e-18,1.688e+2,6.061e-1,1.542e+0,,4.499e+1,,,7.264e+0,,7.038e-19,1.263e-19,4.175e-10,1.192e+1,4.244e-19,5.245e-15,,5.025e-17,,1.841e-15,2.326e-2,1.110e-17,9.418e-18,8.531e-17,1.249e-12,3.453e-17
366.89,4.199e+2,4.932e-21,3.755e-28,7.482e-45,1.961e-35,1.572e-33,,6.405e-20,1.080e-22,,2.252e-15,7.361e-7,2.834e-26,1.135e-17,4.738e-20,5.715e-16,,6.481e-12,,4.275e-2,9.088e-19,8.849e-34,3.628e+1,1.248e+1,3.470e-26,2.443e-19,1.132e-19,2.471e-2,8.359e-24,1.544e+2,9.722e-2,8.787e-27,2.733e-20,4.924e-23,4.174e-18,1.498e+2,6.637e-1,1.274e+0,,4.391e+1,,,6.559e+0,,1.427e-18,1.262e-19,7.244e-10,1.432e+1,4.256e-19,2.674e-15,,5.029e-17,,3.590e-15,2.772e-2,1.110e-17,9.427e-18,1.739e-16,6.830e-13,3.455e-17
366.92,3.964e+2,4.934e-21,3.765e-28,7.371e-45,1.961e-35,1.571e-33,,6.521e-20,1.082e-22,,2.253e-15,4.025e-7,2.728e-26,1.136e-17,4.743e-20,7.916e-16,,1.103e-11,,5.263e-2,9.093e-19,8.842e-34,3.830e+1,9.255e+0,3.472e-26,2.437e-19,1.132e-19,2.444e-2,8.368e-24,1.565e+2,8.908e-2,8.777e-27,2.735e-20,4.926e-23,1.120e-17,1.238e+2,7.525e-1,9.463e-1,,4.191e+1,,,5.570e+0,,4.074e-18,1.262e-19,1.639e-9,1.906e+1,4.273e-19,9.630e-16,,5.035e-17,,9.673e-15,3.570e-2,1.109e-17,9.439e-18,5.007e-16,2.731e-13,3.459e-17
366.94,3.826e+2,4.935e-21,3.772e-28,7.297e-45,1.961e-35,1.570e-33,,6.598e-20,1.084e-22,,2.254e-15,2.673e-7,2.658e-26,1.136e-17,4.746e-20,9.768e-16,,1.560e-11,,6.008e-2,9.096e-19,8.837e-34,3.950e+1,7.530e+0,3.473e-26,2.433e-19,1.132e-19,2.456e-2,8.374e-24,1.571e+2,8.344e-2,8.770e-27,2.737e-20,4.927e-23,2.147e-17,1.083e+2,8.125e-1,7.706e-1,,4.035e+1,,,4.961e+0,,8.142e-18,1.262e-19,2.804e-9,2.308e+1,4.284e-19,4.880e-16,,5.040e-17,,1.860e-14,4.195e-2,1.108e-17,9.448e-18,1.006e-15,1.472e-13,3.461e-17
366.97,3.650e+2,4.937e-21,3.782e-28,7.186e-45,1.960e-35,1.569e-33,,6.713e-20,1.086e-22,,2.254e-15,1.430e-7,2.552e-26,1.137e-17,4.750e-20,1.325e-15,,2.599e-11,,7.263e-2,9.101e-19,8.829e-34,4.107e+1,5.470e+0,3.475e-26,2.427e-19,1.133e-19,2.528e-2,8.383e-24,1.566e+2,7.483e-2,8.760e-27,2.739e-20,4.928e-23,5.642e-17,8.767e+1,9.018e-1,5.602e-1,,3.773e+1,,,4.130e+0,,2.277e-17,1.262e-19,6.210e-9,3.064e+1,4.301e-19,1.822e-16,,5.046e-17,,4.907e-14,5.288e-2,1.108e-17,9.460e-18,2.837e-15,5.761e-14,3.465e-17
366.99,3.554e+2,4.939e-21,3.789e-28,7.112e-45,1.960e-35,1.569e-33,,6.790e-20,1.087e-22,,2.255e-15,9.362e-8,2.481e-26,1.137e-17,4.753e-20,1.613e-15,,3.626e-11,,8.192e-2,9.104e-19,8.824e-34,4.193e+1,4.390e+0,3.477e-26,2.423e-19,1.133e-19,2.615e-2,8.389e-24,1.555e+2,6.910e-2,8.753e-27,2.740e-20,4.929e-23,1.067e-16,7.560e+1,9.598e-1,4.497e-1,,3.583e+1,,,3.633e+0,,4.488e-17,1.262e-19,1.048e-8,3.683e+1,4.313e-19,1.080e-16,,5.051e-17,,9.303e-14,6.128e-2,1.107e-17,9.469e-18,5.624e-15,3.061e-14,3.467e-17
367.02,3.442e+2,4.941e-21,3.799e-28,7.001e-45,1.960e-35,1.567e-33,,6.905e-20,1.090e-22,,2.256e-15,4.905e-8,2.375e-26,1.138e-17,4.758e-20,2.143e-15,,5.914e-11,,9.727e-2,9.109e-19,8.816e-34,4.292e+1,3.124e+0,3.478e-26,2.417e-19,1.133e-19,2.816e-2,8.398e-24,1.527e+2,6.067e-2,8.743e-27,2.742e-20,4.930e-23,2.744e-16,5.989e+1,1.043e+0,3.200e-1,,3.281e+1,,,2.972e+0,,1.229e-16,1.261e-19,2.272e-8,4.812e+1,4.330e-19,9.585e-17,,5.057e-17,,2.403e-13,7.562e-2,1.106e-17,9.481e-18,1.553e-14,1.172e-14,3.470e-17
367.04,3.391e+2,4.942e-21,3.806e-28,6.927e-45,1.960e-35,1.567e-33,,6.982e-20,1.091e-22,,2.256e-15,3.164e-8,2.304e-26,1.138e-17,4.761e-20,2.573e-15,,8.136e-11,,1.084e-1,9.113e-19,8.811e-34,4.336e+1,2.473e+0,3.480e-26,2.413e-19,1.133e-19,3.003e-2,8.404e-24,1.502e+2,5.523e-2,8.736e-27,2.744e-20,4.931e-23,5.116e-16,5.092e+1,1.094e+0,2.533e-1,,3.072e+1,,,2.587e+0,,2.388e-16,1.261e-19,3.780e-8,5.714e+1,4.341e-19,1.468e-16,,5.062e-17,,4.493e-13,8.639e-2,1.106e-17,9.490e-18,3.034e-14,6.139e-15,3.472e-17
367.07,3.351e+2,4.944e-21,3.816e-28,6.816e-45,1.960e-35,1.566e-33,,7.098e-20,1.093e-22,,2.257e-15,1.623e-8,2.198e-26,1.138e-17,4.766e-20,3.350e-15,,1.299e-10,,1.265e-1,9.118e-19,8.803e-34,4.367e+1,1.724e+0,3.482e-26,2.407e-19,1.134e-19,3.373e-2,8.413e-24,1.457e+2,4.747e-2,8.726e-27,2.746e-20,4.933e-23,1.289e-15,3.948e+1,1.164e+0,1.764e-1,,2.755e+1,,,2.092e+0,,6.403e-16,1.261e-19,8.026e-8,7.321e+1,4.358e-19,3.674e-16,,5.068e-17,,1.137e-12,1.044e-1,1.105e-17,9.502e-18,8.203e-14,2.301e-15,3.476e-17
367.09,3.351e+2,4.945e-21,3.823e-28,6.742e-45,1.960e-35,1.565e-33,,7.174e-20,1.094e-22,,2.257e-15,1.032e-8,2.127e-26,1.139e-17,4.769e-20,3.968e-15,,1.762e-10,,1.394e-1,9.121e-19,8.798e-34,4.365e+1,1.346e+0,3.483e-26,2.402e-19,1.134e-19,3.687e-2,8.419e-24,1.423e+2,4.260e-2,8.719e-27,2.747e-20,4.933e-23,2.369e-15,3.309e+1,1.204e+0,1.377e-1,,2.544e+1,,,1.813e+0,,1.227e-15,1.261e-19,1.317e-7,8.576e+1,4.370e-19,7.198e-16,,5.072e-17,,2.095e-12,1.176e-1,1.104e-17,9.511e-18,1.581e-13,1.188e-15,3.478e-17
367.12,3.394e+2,4.947e-21,3.833e-28,6.631e-45,1.959e-35,1.564e-33,,7.290e-20,1.097e-22,,2.258e-15,5.179e-9,2.021e-26,1.139e-17,4.773e-20,5.063e-15,,2.754e-10,,1.599e-1,9.126e-19,8.790e-34,4.326e+1,9.185e-1,3.485e-26,2.396e-19,1.134e-19,4.270e-2,8.428e-24,1.369e+2,3.584e-2,8.709e-27,2.749e-20,4.935e-23,5.845e-15,2.512e+1,1.254e+0,9.385e-2,,2.233e+1,,,1.467e+0,,3.221e-15,1.261e-19,2.737e-7,1.076e+2,4.387e-19,1.954e-15,,5.079e-17,,5.190e-12,1.390e-1,1.103e-17,9.523e-18,4.185e-13,4.358e-16,3.481e-17
367.14,3.452e+2,4.949e-21,3.840e-28,6.557e-45,1.959e-35,1.563e-33,,7.367e-20,1.098e-22,,2.259e-15,3.247e-9,1.951e-26,1.140e-17,4.776e-20,5.918e-15,,3.683e-10,,1.743e-1,9.129e-19,8.785e-34,4.276e+1,7.072e-1,3.486e-26,2.392e-19,1.134e-19,4.739e-2,8.434e-24,1.333e+2,3.171e-2,8.702e-27,2.751e-20,4.936e-23,1.059e-14,2.075e+1,1.279e+0,7.219e-2,,2.033e+1,,,1.281e+0,,6.088e-15,1.260e-19,4.428e-7,1.243e+2,4.398e-19,3.775e-15,,5.083e-17,,9.434e-12,1.544e-1,1.103e-17,9.532e-18,7.952e-13,2.217e-16,3.484e-17
367.17,3.588e+2,4.951e-21,3.850e-28,6.446e-45,1.959e-35,1.562e-33,,7.482e-20,1.100e-22,,2.259e-15,1.595e-9,1.845e-26,1.140e-17,4.781e-20,7.405e-15,,5.637e-10,,1.967e-1,9.134e-19,8.777e-34,4.168e+1,4.728e-1,3.488e-26,2.386e-19,1.135e-19,5.572e-2,8.443e-24,1.281e+2,2.612e-2,8.692e-27,2.753e-20,4.937e-23,2.559e-14,1.542e+1,1.304e+0,4.818e-2,,1.747e+1,,,1.065e+0,,1.565e-14,1.260e-19,9.013e-7,1.527e+2,4.415e-19,1.003e-14,,5.090e-17,,2.288e-11,1.788e-1,1.102e-17,9.544e-18,2.061e-12,7.961e-17,3.487e-17
367.19,3.711e+2,4.952e-21,3.857e-28,6.372e-45,1.959e-35,1.561e-33,,7.559e-20,1.102e-22,,2.260e-15,9.857e-10,1.774e-26,1.140e-17,4.784e-20,8.544e-15,,7.434e-10,,2.121e-1,9.138e-19,8.772e-34,4.074e+1,3.589e-1,3.489e-26,2.382e-19,1.135e-19,6.219e-2,8.449e-24,1.250e+2,2.278e-2,8.685e-27,2.754e-20,4.938e-23,4.574e-14,1.256e+1,1.311e+0,3.653e-2,,1.568e+1,,,9.594e-1,,2.916e-14,1.260e-19,1.438e-6,1.740e+2,4.427e-19,1.911e-14,,5.094e-17,,4.101e-11,1.958e-1,1.101e-17,9.553e-18,3.863e-12,3.993e-17,3.489e-17
367.22,3.948e+2,4.954e-21,3.867e-28,6.261e-45,1.958e-35,1.560e-33,,7.674e-20,1.104e-22,,2.261e-15,4.739e-10,1.668e-26,1.141e-17,4.789e-20,1.049e-14,,1.114e-9,,2.356e-1,9.143e-19,8.764e-34,3.904e+1,2.350e-1,3.491e-26,2.376e-19,1.135e-19,7.330e-2,8.458e-24,1.212e+2,1.836e-2,8.675e-27,2.756e-20,4.939e-23,1.082e-13,9.136e+0,1.309e+0,2.386e-2,,1.319e+1,,,8.534e-1,,7.341e-14,1.260e-19,2.865e-6,2.093e+2,4.444e-19,4.973e-14,,5.101e-17,,9.739e-11,2.219e-1,1.100e-17,9.565e-18,9.804e-12,1.403e-17,3.493e-17
367.24,4.140e+2,4.955e-21,3.874e-28,6.187e-45,1.958e-35,1.559e-33,,7.751e-20,1.105e-22,,2.261e-15,2.887e-10,1.597e-26,1.141e-17,4.792e-20,1.195e-14,,1.448e-9,,2.515e-1,9.146e-19,8.759e-34,3.773e+1,1.759e-1,3.493e-26,2.372e-19,1.135e-19,8.165e-2,8.464e-24,1.194e+2,1.579e-2,8.669e-27,2.758e-20,4.940e-23,1.907e-13,7.337e+0,1.298e+0,1.784e-2,,1.167e+1,,,8.151e-1,,1.349e-13,1.260e-19,4.506e-6,2.350e+2,4.455e-19,9.343e-14,,5.105e-17,,1.721e-10,2.395e-1,1.100e-17,9.574e-18,1.812e-11,6.936e-18,3.495e-17
367.26,4.360e+2,4.957e-21,3.881e-28,6.113e-45,1.958e-35,1.558e-33,,7.828e-20,1.106e-22,,2.262e-15,1.749e-10,1.527e-26,1.142e-17,4.795e-20,1.355e-14,,1.872e-9,,2.673e-1,9.149e-19,8.754e-34,3.629e+1,1.310e-1,3.494e-26,2.368e-19,1.136e-19,9.076e-2,8.470e-24,1.183e+2,1.351e-2,8.662e-27,2.759e-20,4.941e-23,3.342e-13,5.858e+0,1.279e+0,1.326e-2,,1.027e+1,,,8.006e-1,,2.465e-13,1.259e-19,7.047e-6,2.625e+2,4.467e-19,1.745e-13,,5.109e-17,,3.026e-10,2.571e-1,1.099e-17,9.582e-18,3.329e-11,3.409e-18,3.497e-17
367.29,4.739e+2,4.959e-21,3.891e-28,6.002e-45,1.958e-35,1.557e-33,,7.943e-20,1.109e-22,,2.262e-15,8.159e-11,1.420e-26,1.142e-17,4.799e-20,1.623e-14,,2.723e-9,,2.908e-1,9.154e-19,8.746e-34,3.393e+1,8.323e-2,3.496e-26,2.361e-19,1.136e-19,1.058e-1,8.479e-24,1.182e+2,1.057e-2,8.652e-27,2.761e-20,4.943e-23,7.675e-13,4.135e+0,1.239e+0,8.406e-3,,8.385e+0,,,8.203e-1,,6.024e-13,1.259e-19,1.364e-5,3.065e+2,4.484e-19,4.410e-13,,5.116e-17,,6.977e-10,2.829e-1,1.098e-17,9.595e-18,8.203e-11,1.162e-18,3.501e-17
367.31,5.023e+2,4.960e-21,3.898e-28,5.928e-45,1.958e-35,1.557e-33,,8.020e-20,1.110e-22,,2.263e-15,4.873e-11,1.350e-26,1.142e-17,4.802e-20,1.819e-14,,3.472e-9,,3.062e-1,9.158e-19,8.741e-34,3.225e+1,6.110e-2,3.497e-26,2.357e-19,1.136e-19,1.167e-1,8.485e-24,1.193e+2,8.909e-3,8.645e-27,2.762e-20,4.943e-23,1.326e-12,3.255e+0,1.204e+0,6.159e-3,,7.274e+0,,,8.592e-1,,1.086e-12,1.259e-19,2.103e-5,3.374e+2,4.495e-19,8.125e-13,,5.120e-17,,1.209e-9,2.994e-1,1.098e-17,9.603e-18,1.486e-10,1.162e-18,3.503e-17
367.34,5.492e+2,4.962e-21,3.908e-28,5.817e-45,1.958e-35,1.555e-33,,8.136e-20,1.112e-22,,2.264e-15,2.225e-11,1.244e-26,1.143e-17,4.807e-20,2.141e-14,,4.944e-9,,3.285e-1,9.163e-19,8.733e-34,2.961e+1,3.802e-2,3.499e-26,2.351e-19,1.136e-19,1.341e-1,8.494e-24,1.229e+2,6.823e-3,8.635e-27,2.765e-20,4.945e-23,2.982e-12,2.249e+0,1.142e+0,3.822e-3,,5.814e+0,,,9.529e-1,,2.598e-12,1.259e-19,3.984e-5,3.857e+2,4.512e-19,2.010e-12,,5.127e-17,,2.730e-9,3.225e-1,1.097e-17,9.616e-18,3.587e-10,1.161e-18,3.506e-17
367.36,5.828e+2,4.963e-21,3.915e-28,5.743e-45,1.957e-35,1.555e-33,,8.213e-20,1.114e-22,,2.264e-15,1.310e-11,1.173e-26,1.143e-17,4.810e-20,2.375e-14,,6.214e-9,,3.427e-1,9.166e-19,8.728e-34,2.781e+1,2.752e-2,3.500e-26,2.347e-19,1.137e-19,1.464e-1,8.500e-24,1.266e+2,5.671e-3,8.628e-27,2.766e-20,4.946e-23,5.083e-12,1.745e+0,1.094e+0,2.761e-3,,4.972e+0,,,1.037e+0,,4.616e-12,1.259e-19,6.058e-5,4.187e+2,4.524e-19,3.652e-12,,5.131e-17,,4.666e-9,3.365e-1,1.096e-17,9.624e-18,6.408e-10,1.161e-18,3.509e-17
367.39,6.361e+2,4.965e-21,3.925e-28,5.632e-45,1.957e-35,1.554e-33,,8.328e-20,1.116e-22,,2.265e-15,5.853e-12,1.067e-26,1.144e-17,4.815e-20,2.754e-14,,8.665e-9,,3.629e-1,9.171e-19,8.720e-34,2.507e+1,1.677e-2,3.502e-26,2.341e-19,1.137e-19,1.656e-1,8.509e-24,1.343e+2,4.252e-3,8.618e-27,2.768e-20,4.947e-23,1.119e-11,1.181e+0,1.016e+0,1.677e-3,,3.891e+0,,,1.194e+0,,1.082e-11,1.258e-19,1.124e-4,4.686e+2,4.541e-19,8.847e-12,,5.138e-17,,1.031e-8,3.549e-1,1.095e-17,9.637e-18,1.514e-9,1.160e-18,3.512e-17
367.41,6.730e+2,4.966e-21,3.932e-28,5.558e-45,1.957e-35,1.553e-33,,8.405e-20,1.117e-22,,2.266e-15,3.397e-12,9.963e-27,1.144e-17,4.818e-20,3.026e-14,,1.074e-8,,3.753e-1,9.175e-19,8.715e-34,2.325e+1,1.197e-2,3.504e-26,2.337e-19,1.137e-19,1.788e-1,8.515e-24,1.409e+2,3.484e-3,8.611e-27,2.769e-20,4.948e-23,1.881e-11,9.032e-1,9.598e-1,1.194e-3,,3.280e+0,,,1.317e+0,,1.895e-11,1.258e-19,1.685e-4,5.015e+2,4.552e-19,1.585e-11,,5.142e-17,,1.738e-8,3.651e-1,1.095e-17,9.645e-18,2.668e-9,1.160e-18,3.514e-17
367.44,7.294e+2,4.968e-21,3.942e-28,5.447e-45,1.957e-35,1.552e-33,,8.520e-20,1.119e-22,,2.266e-15,1.486e-12,8.903e-27,1.145e-17,4.822e-20,3.463e-14,,1.466e-8,,3.925e-1,9.180e-19,8.707e-34,2.057e+1,7.138e-3,3.505e-26,2.331e-19,1.137e-19,1.989e-1,8.524e-24,1.529e+2,2.557e-3,8.601e-27,2.771e-20,4.949e-23,4.054e-11,5.980e-1,8.722e-1,7.101e-4,,2.513e+0,,,1.526e+0,,4.349e-11,1.258e-19,3.061e-4,5.494e+2,4.569e-19,3.760e-11,,5.149e-17,,3.763e-8,3.769e-1,1.094e-17,9.658e-18,6.173e-9,1.159e-18,3.518e-17
367.46,7.669e+2,4.970e-21,3.949e-28,5.373e-45,1.957e-35,1.551e-33,,8.597e-20,1.121e-22,,2.267e-15,8.499e-13,8.196e-27,1.145e-17,4.825e-20,3.773e-14,,1.791e-8,,4.027e-1,9.183e-19,8.702e-34,1.884e+1,5.022e-3,3.507e-26,2.327e-19,1.138e-19,2.123e-1,8.530e-24,1.622e+2,2.065e-3,8.594e-27,2.773e-20,4.950e-23,6.718e-11,4.510e-1,8.125e-1,4.985e-4,,2.089e+0,,,1.680e+0,,7.513e-11,1.258e-19,4.525e-4,5.798e+2,4.581e-19,6.641e-11,,5.153e-17,,6.253e-8,3.823e-1,1.093e-17,9.666e-18,1.072e-8,1.159e-18,3.520e-17
367.49,8.219e+2,4.972e-21,3.959e-28,5.262e-45,1.956e-35,1.550e-33,,8.712e-20,1.123e-22,,2.268e-15,3.638e-13,7.136e-27,1.145e-17,4.830e-20,4.270e-14,,2.394e-8,,4.161e-1,9.188e-19,8.694e-34,1.635e+1,2.933e-3,3.509e-26,2.320e-19,1.138e-19,2.321e-1,8.539e-24,1.781e+2,1.484e-3,8.584e-27,2.775e-20,4.952e-23,1.418e-10,2.923e-1,7.227e-1,2.901e-4,,1.566e+0,,,1.929e+0,,1.688e-10,1.257e-19,8.047e-4,6.219e+2,4.598e-19,1.543e-10,,5.159e-17,,1.325e-7,3.863e-1,1.092e-17,9.679e-18,2.430e-8,1.158e-18,3.523e-17
367.51,8.569e+2,4.973e-21,3.966e-28,5.188e-45,1.956e-35,1.549e-33,,8.789e-20,1.124e-22,,2.268e-15,2.052e-13,6.429e-27,1.146e-17,4.833e-20,4.623e-14,,2.884e-8,,4.237e-1,9.191e-19,8.689e-34,1.478e+1,2.035e-3,3.510e-26,2.316e-19,1.138e-19,2.449e-1,8.545e-24,1.898e+2,1.182e-3,8.577e-27,2.776e-20,4.952e-23,2.317e-10,2.173e-1,6.637e-1,2.008e-4,,1.283e+0,,,2.105e+0,,2.876e-10,1.257e-19,1.173e-3,6.470e+2,4.609e-19,2.687e-10,,5.164e-17,,2.172e-7,3.863e-1,2.215e-17,9.687e-18,4.163e-8,1.158e-18,3.526e-17
367.54,9.061e+2,4.975e-21,3.976e-28,5.077e-45,1.956e-35,1.548e-33,,8.905e-20,1.126e-22,,2.269e-15,8.597e-14,5.368e-27,1.146e-17,4.838e-20,5.186e-14,,3.774e-8,,4.328e-1,9.196e-19,8.681e-34,1.259e+1,1.163e-3,3.512e-26,2.310e-19,1.138e-19,2.632e-1,8.554e-24,2.090e+2,8.310e-4,8.567e-27,2.778e-20,4.954e-23,4.790e-10,1.379e-1,5.780e-1,1.144e-4,,9.420e-1,,,2.378e+0,,6.328e-10,1.257e-19,2.043e-3,6.794e+2,4.626e-19,6.112e-10,,5.170e-17,,4.508e-7,3.823e-1,6.330e-17,9.700e-18,9.235e-8,1.157e-18,3.529e-17
367.56,9.358e+2,4.976e-21,3.983e-28,5.004e-45,1.956e-35,1.547e-33,,8.982e-20,1.128e-22,,2.269e-15,4.779e-14,4.661e-27,1.147e-17,4.841e-20,5.586e-14,,4.483e-8,,4.374e-1,9.200e-19,8.676e-34,1.123e+1,7.956e-4,3.513e-26,2.306e-19,1.139e-19,2.747e-1,8.560e-24,2.226e+2,6.525e-4,8.561e-27,2.780e-20,4.955e-23,7.717e-10,1.011e-1,5.234e-1,7.804e-5,,7.611e-1,,,2.563e+0,,1.063e-9,1.257e-19,2.936e-3,6.969e+2,4.638e-19,1.050e-9,,5.175e-17,,7.283e-7,3.769e-1,1.266e-16,9.708e-18,1.560e-7,1.157e-18,3.531e-17
367.59,9.748e+2,4.978e-21,3.993e-28,4.893e-45,1.956e-35,1.546e-33,,9.097e-20,1.130e-22,,2.270e-15,1.960e-14,3.601e-27,1.147e-17,4.845e-20,6.226e-14,,5.743e-8,,4.419e-1,9.205e-19,8.668e-34,9.376e+0,4.452e-4,3.515e-26,2.300e-19,1.139e-19,2.906e-1,8.569e-24,2.440e+2,4.492e-4,8.550e-27,2.782e-20,4.956e-23,1.562e-9,6.276e-2,4.461e-1,4.351e-5,,5.468e-1,,,2.840e+0,,2.290e-9,1.257e-19,5.006e-3,7.164e+2,4.655e-19,2.338e-9,,5.181e-17,,1.480e-6,3.651e-1,3.599e-16,9.721e-18,3.389e-7,1.156e-18,3.535e-17
367.61,9.966e+2,4.980e-21,4.000e-28,4.819e-45,1.955e-35,1.545e-33,,9.174e-20,1.131e-22,,2.271e-15,1.074e-14,2.894e-27,1.147e-17,4.848e-20,6.681e-14,,6.726e-8,,4.433e-1,9.208e-19,8.663e-34,8.258e+0,3.002e-4,3.516e-26,2.296e-19,1.139e-19,3.001e-1,8.575e-24,2.588e+2,3.477e-4,8.544e-27,2.783e-20,4.957e-23,2.482e-9,4.536e-2,3.983e-1,2.927e-5,,4.356e-1,,,3.021e+0,,3.794e-9,1.256e-19,7.095e-3,7.246e+2,4.666e-19,3.960e-9,,5.186e-17,,2.358e-6,3.549e-1,7.101e-16,9.729e-18,5.645e-7,1.156e-18,3.537e-17
367.63,1.015e+3,4.981e-21,4.007e-28,4.745e-45,1.955e-35,1.545e-33,,9.251e-20,1.133e-22,,2.271e-15,5.853e-15,2.187e-27,1.148e-17,4.852e-20,7.162e-14,,7.833e-8,,4.435e-1,9.211e-19,8.658e-34,7.234e+0,2.013e-4,3.518e-26,2.292e-19,1.139e-19,3.088e-1,8.581e-24,2.738e+2,2.676e-4,8.537e-27,2.785e-20,4.958e-23,3.921e-9,3.259e-2,3.535e-1,1.958e-5,,3.450e-1,,,3.195e+0,,6.249e-9,1.256e-19,9.999e-3,7.287e+2,4.677e-19,6.670e-9,,5.190e-17,,3.736e-6,3.430e-1,1.393e-15,9.737e-18,9.351e-7,1.156e-18,3.539e-17
367.66,1.035e+3,4.983e-21,4.017e-28,4.634e-45,1.955e-35,1.543e-33,,9.366e-20,1.135e-22,,2.272e-15,2.329e-15,1.127e-27,1.148e-17,4.856e-20,7.934e-14,,9.742e-8,,4.412e-1,9.216e-19,8.650e-34,5.872e+0,1.094e-4,3.520e-26,2.286e-19,1.140e-19,3.200e-1,8.590e-24,2.965e+2,1.788e-4,8.527e-27,2.787e-20,4.959e-23,7.705e-9,1.964e-2,2.925e-1,1.059e-5,,2.406e-1,,,3.440e+0,,1.307e-8,1.256e-19,1.655e-2,7.272e+2,4.695e-19,1.442e-8,,5.196e-17,,7.373e-6,3.225e-1,3.789e-15,9.750e-18,1.972e-6,1.155e-18,3.543e-17
367.68,1.043e+3,4.984e-21,4.024e-28,4.560e-45,1.955e-35,1.543e-33,,9.443e-20,1.136e-22,,2.272e-15,1.251e-15,2.289e-27,1.149e-17,4.859e-20,8.485e-14,,1.119e-7,,4.380e-1,9.220e-19,8.645e-34,5.075e+0,7.229e-5,3.521e-26,2.282e-19,1.140e-19,3.263e-1,8.596e-24,3.116e+2,1.357e-4,8.520e-27,2.788e-20,4.960e-23,1.200e-8,1.392e-2,2.560e-1,6.984e-6,,1.878e-1,,,3.589e+0,,2.123e-8,1.256e-19,2.300e-2,7.210e+2,4.706e-19,2.396e-8,,5.201e-17,,1.152e-5,3.073e-1,7.331e-15,9.758e-18,3.222e-6,1.155e-18,3.545e-17
367.71,1.047e+3,4.986e-21,4.034e-28,4.449e-45,1.955e-35,1.542e-33,,9.558e-20,1.138e-22,,2.273e-15,4.873e-16,6.563e-27,1.149e-17,4.864e-20,9.369e-14,,1.362e-7,,4.309e-1,9.225e-19,8.637e-34,4.037e+0,3.844e-5,3.523e-26,2.275e-19,1.140e-19,3.340e-1,8.605e-24,3.338e+2,8.873e-5,8.510e-27,2.790e-20,4.962e-23,2.310e-8,8.209e-3,2.074e-1,3.700e-6,,1.282e-1,,,3.784e+0,,4.349e-8,1.256e-19,3.729e-2,7.044e+2,4.723e-19,5.073e-8,,5.207e-17,,2.226e-5,2.829e-1,1.952e-14,9.771e-18,6.654e-6,1.154e-18,3.548e-17
367.73,1.046e+3,4.988e-21,4.041e-28,4.375e-45,1.954e-35,1.541e-33,,9.635e-20,1.140e-22,,2.274e-15,2.580e-16,1.315e-26,1.149e-17,4.867e-20,9.998e-14,,1.542e-7,,4.245e-1,9.228e-19,8.632e-34,3.443e+0,2.505e-5,3.524e-26,2.271e-19,1.140e-19,3.380e-1,8.611e-24,3.483e+2,6.638e-5,8.503e-27,2.792e-20,4.962e-23,3.548e-8,5.733e-3,1.789e-1,2.405e-6,,9.872e-2,,,3.892e+0,,6.966e-8,1.255e-19,5.109e-2,6.886e+2,4.734e-19,8.308e-8,,5.212e-17,,3.428e-5,2.658e-1,3.725e-14,9.779e-18,1.072e-5,1.154e-18,3.550e-17
367.76,1.036e+3,4.990e-21,4.051e-28,4.264e-45,1.954e-35,1.540e-33,,9.751e-20,1.142e-22,,2.274e-15,9.835e-17,3.692e-26,1.150e-17,4.872e-20,1.100e-13,,1.839e-7,,4.127e-1,9.233e-19,8.624e-34,2.684e+0,1.304e-5,3.526e-26,2.265e-19,1.141e-19,3.424e-1,8.620e-24,3.691e+2,4.250e-5,8.493e-27,2.794e-20,4.964e-23,6.685e-8,3.311e-3,1.419e-1,1.247e-6,,6.597e-2,,,4.017e+0,,1.397e-7,1.255e-19,8.109e-2,6.586e+2,4.752e-19,1.723e-7,,5.218e-17,,6.486e-5,2.395e-1,9.716e-14,9.792e-18,2.168e-5,1.153e-18,3.554e-17
367.78,1.025e+3,4.991e-21,4.058e-28,4.190e-45,1.954e-35,1.539e-33,,9.827e-20,1.143e-22,,2.275e-15,5.135e-17,7.295e-26,1.150e-17,4.875e-20,1.171e-13,,2.053e-7,,4.033e-1,9.236e-19,8.619e-34,2.258e+0,8.378e-6,3.527e-26,2.261e-19,1.141e-19,3.443e-1,8.626e-24,3.824e+2,3.134e-5,8.486e-27,2.795e-20,4.965e-23,1.013e-7,2.279e-3,1.207e-1,7.989e-7,,5.006e-2,,,4.075e+0,,2.207e-7,1.255e-19,1.096e-1,6.348e+2,4.763e-19,2.782e-7,,5.223e-17,,9.853e-5,2.219e-1,1.828e-13,9.800e-18,3.443e-5,1.153e-18,3.556e-17
367.81,1.003e+3,4.993e-21,4.068e-28,4.079e-45,1.954e-35,1.538e-33,,9.943e-20,1.145e-22,,2.276e-15,1.920e-17,2.005e-25,1.151e-17,4.879e-20,1.282e-13,,2.396e-7,,3.871e-1,9.241e-19,8.611e-34,1.725e+0,4.269e-6,3.529e-26,2.255e-19,1.141e-19,3.461e-1,8.635e-24,4.011e+2,1.964e-5,8.476e-27,2.797e-20,4.966e-23,1.868e-7,1.288e-3,9.370e-2,4.054e-7,,3.275e-2,,,4.118e+0,,4.334e-7,1.255e-19,1.702e-1,5.943e+2,4.780e-19,5.650e-7,,5.229e-17,,1.825e-4,1.958e-1,4.670e-13,9.813e-18,6.818e-5,1.152e-18,3.560e-17
367.83,9.844e+2,4.994e-21,4.075e-28,4.005e-45,1.954e-35,1.537e-33,,1.002e-19,1.147e-22,,2.276e-15,9.947e-18,3.908e-25,1.151e-17,4.882e-20,1.359e-13,,2.637e-7,,3.751e-1,9.245e-19,8.606e-34,1.431e+0,2.704e-6,3.531e-26,2.251e-19,1.141e-19,3.465e-1,8.641e-24,4.128e+2,1.428e-5,8.469e-27,2.799e-20,4.967e-23,2.791e-7,8.746e-4,7.858e-2,2.561e-7,,2.450e-2,,,4.118e+0,,6.750e-7,1.255e-19,2.268e-1,5.648e+2,4.791e-19,8.997e-7,,5.233e-17,,2.734e-4,1.788e-1,8.665e-13,9.821e-18,1.068e-4,1.152e-18,3.562e-17
367.86,9.532e+2,4.996e-21,4.085e-28,1.152e-44,1.953e-35,1.536e-33,,1.014e-19,1.149e-22,,2.277e-15,3.855e-18,1.052e-24,1.152e-17,4.887e-20,1.478e-13,,3.013e-7,,3.553e-1,9.250e-19,8.598e-34,1.072e+0,1.349e-6,3.532e-26,2.245e-19,1.142e-19,3.463e-1,8.650e-24,4.291e+2,8.761e-6,8.459e-27,2.801e-20,4.968e-23,5.041e-7,4.839e-4,5.972e-2,1.272e-7,,1.569e-2,,,4.074e+0,,1.298e-6,1.254e-19,3.451e-1,5.177e+2,4.809e-19,1.789e-6,,5.240e-17,,4.960e-4,1.544e-1,2.168e-12,9.834e-18,2.071e-4,1.151e-18,3.565e-17
367.88,9.304e+2,4.998e-21,4.092e-28,2.313e-44,1.953e-35,1.535e-33,,1.021e-19,1.150e-22,,2.277e-15,2.332e-18,2.022e-24,1.152e-17,4.890e-20,1.559e-13,,3.270e-7,,3.411e-1,9.253e-19,8.593e-34,8.786e-1,8.423e-7,3.534e-26,2.241e-19,1.142e-19,3.458e-1,8.656e-24,4.390e+2,6.281e-6,8.453e-27,2.802e-20,4.969e-23,7.425e-7,3.238e-4,4.938e-2,7.924e-8,,1.157e-2,,,4.017e+0,,1.994e-6,1.254e-19,4.533e-1,4.851e+2,4.820e-19,2.809e-6,,5.244e-17,,7.326e-4,1.390e-1,3.967e-12,9.842e-18,3.198e-4,1.151e-18,3.567e-17
367.91,8.942e+2,5.000e-21,4.102e-28,6.515e-44,1.953e-35,1.534e-33,,1.033e-19,1.152e-22,,2.278e-15,2.050e-18,5.330e-24,1.152e-17,4.895e-20,1.680e-13,,3.659e-7,,3.185e-1,9.258e-19,8.586e-34,6.465e-1,4.113e-7,3.536e-26,2.234e-19,1.142e-19,3.444e-1,8.665e-24,4.528e+2,3.771e-6,8.442e-27,2.804e-20,4.971e-23,1.313e-6,1.754e-4,3.673e-2,3.853e-8,,7.256e-3,,,3.891e+0,,3.754e-6,1.254e-19,6.754e-1,4.353e+2,4.837e-19,5.469e-6,,5.251e-17,,1.301e-3,1.176e-1,9.718e-12,9.855e-18,6.072e-4,1.150e-18,3.571e-17
367.93,8.693e+2,5.001e-21,4.109e-28,1.290e-43,1.953e-35,1.533e-33,,1.040e-19,1.154e-22,,2.279e-15,3.057e-18,1.010e-23,1.153e-17,4.898e-20,1.760e-13,,3.915e-7,,3.028e-1,9.261e-19,8.580e-34,5.247e-1,2.532e-7,3.537e-26,2.230e-19,1.142e-19,3.433e-1,8.671e-24,4.612e+2,2.665e-6,8.436e-27,2.805e-20,4.972e-23,1.908e-6,1.157e-4,2.995e-2,2.365e-8,,5.277e-3,,,3.783e+0,,5.685e-6,1.254e-19,8.748e-1,4.021e+2,4.849e-19,8.468e-6,,5.255e-17,,1.895e-3,1.044e-1,1.754e-11,9.863e-18,9.247e-4,1.150e-18,3.573e-17
367.96,8.320e+2,5.003e-21,4.119e-28,3.558e-43,1.953e-35,1.532e-33,,1.052e-19,1.156e-22,,2.279e-15,7.491e-18,2.607e-23,1.153e-17,4.902e-20,1.876e-13,,4.288e-7,,2.786e-1,9.266e-19,8.573e-34,3.825e-1,1.210e-7,3.539e-26,2.224e-19,1.143e-19,3.413e-1,8.680e-24,4.727e+2,1.567e-6,8.426e-27,2.808e-20,4.973e-23,3.304e-6,6.134e-5,2.181e-2,1.126e-8,,3.238e-3,,,3.587e+0,,1.048e-5,1.253e-19,1.276e+0,3.533e+2,4.866e-19,1.614e-5,,5.262e-17,,3.296e-3,8.639e-2,4.208e-11,9.876e-18,1.719e-3,1.149e-18,3.576e-17
367.98,8.077e+2,5.004e-21,4.126e-28,6.950e-43,1.952e-35,1.531e-33,,1.060e-19,1.157e-22,,2.280e-15,1.427e-17,4.873e-23,1.154e-17,4.905e-20,1.949e-13,,4.524e-7,,2.621e-1,9.270e-19,8.567e-34,3.105e-1,7.345e-8,3.540e-26,2.220e-19,1.143e-19,3.398e-1,8.686e-24,4.798e+2,1.092e-6,8.419e-27,2.809e-20,4.974e-23,4.732e-6,3.989e-5,1.753e-2,6.814e-9,,2.322e-3,,,3.438e+0,,1.565e-5,1.253e-19,1.630e+0,3.218e+2,4.877e-19,2.465e-5,,5.266e-17,,4.734e-3,7.562e-2,7.489e-11,9.884e-18,2.582e-3,1.149e-18,3.579e-17
368,7.842e+2,5.006e-21,4.132e-28,1.350e-42,1.952e-35,1.531e-33,,1.067e-19,1.159e-22,,2.280e-15,2.725e-17,9.056e-23,1.154e-17,4.908e-20,2.018e-13,,4.747e-7,,2.455e-1,9.273e-19,8.562e-34,2.537e-1,4.432e-8,3.541e-26,2.216e-19,1.143e-19,3.382e-1,8.692e-24,4.865e+2,7.563e-7,8.412e-27,2.810e-20,4.975e-23,6.738e-6,2.580e-5,1.401e-2,4.101e-9,,1.656e-3,,,3.277e+0,,2.324e-5,1.253e-19,2.070e+0,2.914e+2,4.888e-19,3.743e-5,,5.270e-17,,6.760e-3,6.582e-2,1.325e-10,9.893e-18,3.855e-3,1.148e-18,3.581e-17
368.03,7.513e+2,5.008e-21,4.143e-28,3.615e-42,1.952e-35,1.529e-33,,1.079e-19,1.161e-22,,2.281e-15,7.142e-17,2.270e-22,1.155e-17,4.913e-20,2.110e-13,,5.047e-7,,2.208e-1,9.278e-19,8.554e-34,1.929e-1,2.056e-8,3.543e-26,2.210e-19,1.143e-19,3.356e-1,8.701e-24,4.960e+2,4.315e-7,8.402e-27,2.812e-20,4.976e-23,1.133e-5,1.327e-5,9.903e-3,1.894e-9,,9.885e-4,,,3.017e+0,,4.162e-5,1.253e-19,2.931e+0,2.485e+2,4.906e-19,6.928e-5,,5.277e-17,,1.142e-2,5.288e-2,3.088e-10,9.905e-18,6.960e-3,1.148e-18,3.584e-17
368.05,7.312e+2,5.009e-21,4.149e-28,6.925e-42,1.952e-35,1.529e-33,,1.087e-19,1.162e-22,,2.282e-15,1.349e-16,4.161e-22,1.155e-17,4.916e-20,2.162e-13,,5.221e-7,,2.046e-1,9.282e-19,8.549e-34,1.662e-1,1.223e-8,3.545e-26,2.206e-19,1.143e-19,3.336e-1,8.707e-24,5.020e+2,2.947e-7,8.395e-27,2.814e-20,4.977e-23,1.591e-5,8.463e-6,7.802e-3,1.124e-9,,6.971e-4,,,2.835e+0,,6.094e-5,1.253e-19,3.671e+0,2.219e+2,4.917e-19,1.037e-4,,5.281e-17,,1.608e-2,4.538e-2,5.391e-10,9.914e-18,1.025e-2,1.147e-18,3.587e-17
368.08,7.045e+2,5.011e-21,4.160e-28,1.816e-41,1.952e-35,1.528e-33,,1.098e-19,1.164e-22,,2.282e-15,3.466e-16,1.021e-21,1.155e-17,4.921e-20,2.225e-13,,5.435e-7,,1.809e-1,2.677e-18,8.542e-34,1.445e-1,5.554e-9,3.547e-26,2.200e-19,1.144e-19,3.304e-1,8.716e-24,5.108e+2,1.646e-7,8.385e-27,2.816e-20,4.978e-23,2.620e-5,4.262e-6,5.399e-3,5.081e-10,,4.119e-4,,,2.555e+0,,1.068e-4,1.252e-19,5.091e+0,1.853e+2,4.934e-19,1.880e-4,,5.288e-17,,2.658e-2,3.570e-2,1.230e-9,9.926e-18,1.812e-2,1.147e-18,3.590e-17
368.1,6.893e+2,5.012e-21,4.166e-28,3.431e-41,1.951e-35,1.527e-33,,1.106e-19,1.166e-22,,2.283e-15,6.457e-16,1.846e-21,1.156e-17,4.924e-20,2.255e-13,,5.544e-7,,1.656e-1,5.386e-18,8.536e-34,1.411e-1,3.257e-9,3.548e-26,2.195e-19,1.144e-19,3.278e-1,8.722e-24,5.168e+2,1.108e-7,8.378e-27,2.817e-20,4.979e-23,3.629e-5,2.679e-6,4.194e-3,2.972e-10,,2.917e-4,,,2.367e+0,,1.543e-4,1.252e-19,6.286e+0,1.631e+2,4.945e-19,2.776e-4,,5.292e-17,,3.691e-2,3.020e-2,2.118e-9,9.935e-18,2.630e-2,1.146e-18,3.592e-17
368.13,6.706e+2,5.014e-21,4.177e-28,8.812e-41,1.951e-35,1.526e-33,,1.117e-19,1.168e-22,,2.284e-15,1.625e-15,4.438e-21,1.156e-17,4.928e-20,2.282e-13,,5.651e-7,,1.439e-1,1.521e-17,8.529e-34,1.521e-1,1.448e-9,3.550e-26,2.189e-19,1.144e-19,3.234e-1,8.731e-24,5.259e+2,6.058e-8,8.368e-27,2.819e-20,4.981e-23,5.851e-5,1.321e-6,2.841e-3,1.315e-10,,1.809e-4,,,2.089e+0,,2.648e-4,1.252e-19,8.535e+0,1.333e+2,4.963e-19,4.927e-4,,5.299e-17,,5.977e-2,2.326e-2,4.733e-9,9.947e-18,4.554e-2,1.146e-18,3.596e-17
368.15,6.611e+2,5.015e-21,4.183e-28,1.641e-40,1.951e-35,1.525e-33,,1.125e-19,1.169e-22,,2.284e-15,2.985e-15,7.910e-21,1.157e-17,4.931e-20,2.286e-13,,5.683e-7,,1.302e-1,3.019e-17,8.523e-34,1.703e-1,8.371e-10,3.551e-26,2.185e-19,1.144e-19,3.200e-1,8.737e-24,5.322e+2,4.022e-8,8.361e-27,2.821e-20,4.981e-23,7.989e-5,8.184e-7,2.176e-3,7.583e-11,,1.400e-4,,,1.908e+0,,3.770e-4,1.252e-19,1.039e+1,1.157e+2,4.974e-19,7.173e-4,,5.303e-17,,8.183e-2,1.940e-2,8.035e-9,9.956e-18,6.519e-2,1.145e-18,3.598e-17
368.18,6.514e+2,5.017e-21,4.194e-28,4.129e-40,1.951e-35,1.524e-33,,1.137e-19,1.171e-22,,2.285e-15,7.355e-15,1.862e-20,1.157e-17,4.936e-20,2.271e-13,,5.671e-7,,1.110e-1,8.351e-17,8.516e-34,2.154e-1,3.642e-10,3.553e-26,2.179e-19,1.145e-19,3.140e-1,8.746e-24,5.425e+2,2.152e-8,8.351e-27,2.823e-20,4.983e-23,1.261e-4,3.949e-7,1.443e-3,3.285e-11,,1.149e-4,,,1.648e+0,,6.338e-4,1.252e-19,1.382e+1,9.261e+1,4.991e-19,1.247e-3,,5.310e-17,,1.297e-1,1.462e-2,1.759e-8,9.968e-18,1.105e-1,1.145e-18,3.601e-17
368.2,6.481e+2,5.019e-21,4.200e-28,7.584e-40,1.951e-35,1.523e-33,,1.144e-19,1.173e-22,,2.285e-15,1.332e-14,3.273e-20,1.157e-17,4.939e-20,2.247e-13,,5.623e-7,,9.921e-2,1.634e-16,8.511e-34,2.585e-1,2.076e-10,3.554e-26,2.175e-19,1.145e-19,3.093e-1,8.752e-24,5.498e+2,1.409e-8,8.345e-27,2.824e-20,4.984e-23,1.698e-4,2.412e-7,1.090e-3,1.867e-11,,1.188e-4,,,1.485e+0,,8.898e-4,1.251e-19,1.659e+1,7.925e+1,5.002e-19,1.790e-3,,5.314e-17,,1.752e-1,1.203e-2,2.944e-8,9.977e-18,1.560e-1,1.144e-18,3.604e-17
368.23,6.480e+2,5.021e-21,4.211e-28,1.868e-39,1.950e-35,1.522e-33,,1.156e-19,1.175e-22,,2.286e-15,3.215e-14,7.547e-20,1.158e-17,4.944e-20,2.191e-13,,5.493e-7,,8.303e-2,4.427e-16,8.503e-34,3.460e-1,8.840e-11,3.556e-26,2.169e-19,1.145e-19,3.012e-1,8.761e-24,5.618e+2,7.379e-9,8.334e-27,2.826e-20,4.985e-23,2.625e-4,1.140e-7,7.075e-4,7.917e-12,,1.553e-4,,,1.256e+0,,1.465e-3,1.251e-19,2.159e+1,6.209e+1,5.020e-19,3.046e-3,,5.321e-17,,2.719e-1,8.877e-3,6.312e-8,9.989e-18,2.590e-1,1.144e-18,3.607e-17
368.25,6.511e+2,5.022e-21,4.217e-28,3.384e-39,1.950e-35,1.521e-33,,1.163e-19,1.176e-22,,2.287e-15,5.744e-14,1.308e-19,1.158e-17,4.947e-20,2.141e-13,,5.371e-7,,7.326e-2,8.542e-16,8.498e-34,4.219e-1,4.968e-11,3.557e-26,2.165e-19,1.145e-19,2.950e-1,8.767e-24,5.705e+2,4.761e-9,8.328e-27,2.828e-20,4.986e-23,3.486e-4,6.863e-8,5.267e-4,4.436e-12,,2.035e-4,,,1.115e+0,,2.028e-3,1.251e-19,2.556e+1,5.239e+1,5.031e-19,4.312e-3,,5.325e-17,,3.620e-1,7.198e-3,1.042e-7,9.998e-18,3.605e-1,1.143e-18,3.609e-17
368.28,6.606e+2,5.024e-21,4.228e-28,8.165e-39,1.950e-35,1.520e-33,,1.175e-19,1.178e-22,,2.287e-15,1.357e-13,2.953e-19,1.159e-17,4.951e-20,2.047e-13,,5.137e-7,,6.014e-2,2.266e-15,8.490e-34,5.670e-1,2.071e-11,3.559e-26,2.159e-19,1.146e-19,2.846e-1,8.776e-24,5.848e+2,2.441e-9,8.318e-27,2.830e-20,4.987e-23,5.276e-4,3.173e-8,3.347e-4,1.841e-12,,3.236e-4,,,9.231e-1,,3.268e-3,1.251e-19,3.257e+1,4.018e+1,5.048e-19,7.186e-3,,5.331e-17,,5.503e-1,5.200e-3,2.188e-7,1.001e-17,5.859e-1,1.143e-18,3.613e-17
368.3,6.700e+2,5.025e-21,4.234e-28,1.458e-38,1.950e-35,1.519e-33,,1.183e-19,1.180e-22,,2.288e-15,2.391e-13,5.047e-19,1.159e-17,4.954e-20,1.974e-13,,4.952e-7,,5.239e-2,4.313e-15,8.485e-34,6.879e-1,1.149e-11,3.561e-26,2.154e-19,1.146e-19,2.769e-1,8.782e-24,5.952e+2,1.553e-9,8.311e-27,2.831e-20,4.988e-23,6.907e-4,1.884e-8,2.457e-4,1.017e-12,,4.470e-4,,,8.082e-1,,4.461e-3,1.251e-19,3.802e+1,3.342e+1,5.059e-19,1.003e-2,,5.336e-17,,7.225e-1,4.158e-3,3.563e-7,1.002e-17,8.043e-1,1.142e-18,3.615e-17
368.33,6.888e+2,5.027e-21,4.245e-28,3.446e-38,1.950e-35,1.518e-33,,1.194e-19,1.182e-22,,2.289e-15,5.534e-13,1.116e-18,1.160e-17,4.959e-20,1.851e-13,,4.637e-7,,4.217e-2,1.120e-14,8.477e-34,9.117e-1,4.713e-12,3.563e-26,2.148e-19,1.146e-19,2.643e-1,8.791e-24,6.120e+2,7.795e-10,8.301e-27,2.833e-20,4.990e-23,1.024e-3,8.528e-9,1.529e-4,4.132e-13,,7.267e-4,,,6.552e-1,,7.041e-3,1.250e-19,4.745e+1,2.510e+1,5.077e-19,1.637e-2,,5.342e-17,,1.075e+0,2.941e-3,7.328e-7,1.003e-17,1.280e+0,1.142e-18,3.618e-17
368.35,7.042e+2,5.029e-21,4.251e-28,6.070e-38,1.949e-35,1.517e-33,,1.202e-19,1.183e-22,,2.289e-15,9.615e-13,1.881e-18,1.160e-17,4.962e-20,1.761e-13,,4.408e-7,,3.625e-2,2.103e-14,8.472e-34,1.093e+0,2.616e-12,3.564e-26,2.144e-19,1.146e-19,2.552e-1,8.797e-24,6.239e+2,4.888e-10,8.294e-27,2.835e-20,4.991e-23,1.322e-3,4.991e-9,1.106e-4,2.250e-13,,1.001e-3,,,5.656e-1,,9.478e-3,1.250e-19,5.461e+1,2.058e+1,5.088e-19,2.253e-2,,5.347e-17,,1.392e+0,2.318e-3,1.177e-6,1.004e-17,1.733e+0,1.141e-18,3.621e-17
368.37,7.220e+2,5.030e-21,4.258e-28,1.063e-37,1.949e-35,1.517e-33,,1.210e-19,1.185e-22,,2.290e-15,1.661e-12,3.152e-18,1.160e-17,4.965e-20,1.667e-13,,4.166e-7,,3.100e-2,3.925e-14,8.467e-34,1.304e+0,1.501e-12,3.565e-26,2.140e-19,1.147e-19,2.456e-1,8.803e-24,6.365e+2,3.048e-10,8.287e-27,2.836e-20,4.991e-23,1.697e-3,2.905e-9,7.960e-5,1.219e-13,,1.373e-3,,,4.855e-1,,1.269e-2,1.250e-19,6.250e+1,1.679e+1,5.099e-19,3.084e-2,,5.351e-17,,1.792e+0,1.817e-3,1.879e-6,1.005e-17,2.332e+0,1.141e-18,3.623e-17
368.4,7.529e+2,5.032e-21,4.268e-28,2.440e-37,1.949e-35,1.516e-33,,1.221e-19,1.187e-22,,2.290e-15,3.733e-12,6.769e-18,1.161e-17,4.970e-20,1.519e-13,,3.787e-7,,2.427e-2,9.903e-14,8.459e-34,1.682e+0,8.350e-13,3.567e-26,2.134e-19,1.147e-19,2.305e-1,8.812e-24,6.563e+2,1.485e-10,8.277e-27,2.838e-20,4.993e-23,2.442e-3,1.276e-9,4.808e-5,4.805e-14,,2.183e-3,,,3.820e-1,,1.944e-2,1.250e-19,7.573e+1,1.224e+1,5.116e-19,4.887e-2,,5.358e-17,,2.590e+0,1.247e-3,3.754e-6,1.006e-17,3.604e+0,1.140e-18,3.626e-17
368.42,7.761e+2,5.033e-21,4.275e-28,4.214e-37,1.949e-35,1.515e-33,,1.229e-19,1.188e-22,,2.291e-15,6.361e-12,1.119e-17,1.161e-17,4.973e-20,1.419e-13,,3.529e-7,,2.047e-2,1.823e-13,8.454e-34,1.980e+0,8.222e-13,3.568e-26,2.130e-19,1.147e-19,2.200e-1,8.818e-24,6.701e+2,9.129e-11,8.270e-27,2.840e-20,4.994e-23,3.091e-3,7.322e-10,3.412e-5,2.565e-14,,2.954e-3,,,3.233e-1,,2.566e-2,1.250e-19,8.546e+1,9.840e+0,5.128e-19,6.596e-2,,5.362e-17,,3.287e+0,9.639e-4,5.913e-6,1.007e-17,4.784e+0,1.140e-18,3.629e-17
368.45,8.146e+2,5.035e-21,4.285e-28,9.469e-37,1.949e-35,1.514e-33,,1.240e-19,1.190e-22,,2.292e-15,1.400e-11,2.353e-17,1.162e-17,4.977e-20,1.267e-13,,3.141e-7,,1.571e-2,4.504e-13,8.446e-34,2.501e+0,1.429e-12,3.570e-26,2.124e-19,1.147e-19,2.038e-1,8.827e-24,6.911e+2,4.354e-11,8.260e-27,2.842e-20,4.995e-23,4.356e-3,3.148e-10,2.020e-5,9.899e-15,,4.602e-3,,,2.491e-1,,3.851e-2,1.249e-19,1.014e+2,7.021e+0,5.145e-19,1.023e-1,,5.368e-17,,4.652e+0,6.479e-4,1.157e-5,1.008e-17,7.239e+0,1.139e-18,3.632e-17
368.47,8.425e+2,5.037e-21,4.292e-28,1.613e-36,1.948e-35,1.513e-33,,1.248e-19,1.192e-22,,2.292e-15,2.352e-11,3.834e-17,1.162e-17,4.980e-20,1.167e-13,,2.886e-7,,1.307e-2,8.175e-13,8.441e-34,2.903e+0,2.461e-12,3.572e-26,2.120e-19,1.148e-19,1.929e-1,8.833e-24,7.053e+2,2.639e-11,8.253e-27,2.843e-20,4.996e-23,5.437e-3,1.781e-10,1.416e-5,5.210e-15,,6.142e-3,,,2.078e-1,,5.012e-2,1.249e-19,1.128e+2,5.566e+0,5.156e-19,1.362e-1,,5.373e-17,,5.823e+0,4.936e-4,1.797e-5,1.009e-17,9.475e+0,1.139e-18,3.634e-17
368.5,8.877e+2,5.039e-21,4.302e-28,3.549e-36,1.948e-35,1.512e-33,,1.260e-19,1.194e-22,,2.293e-15,5.069e-11,7.896e-17,1.162e-17,4.985e-20,1.021e-13,,2.515e-7,,9.826e-3,1.978e-12,8.433e-34,3.591e+0,5.880e-12,3.574e-26,2.113e-19,1.148e-19,1.763e-1,8.842e-24,7.264e+2,1.232e-11,8.243e-27,2.845e-20,4.997e-23,7.502e-3,7.495e-11,8.283e-6,1.968e-15,,9.371e-3,,,1.568e-1,,7.364e-2,1.249e-19,1.310e+2,3.888e+0,5.173e-19,2.069e-1,,5.379e-17,,8.069e+0,3.248e-4,3.443e-5,1.010e-17,1.404e+1,1.138e-18,3.638e-17
368.52,9.198e+2,5.040e-21,4.309e-28,5.963e-36,1.948e-35,1.511e-33,,1.267e-19,1.195e-22,,2.293e-15,8.399e-11,1.269e-16,1.163e-17,4.988e-20,9.278e-14,,2.279e-7,,8.067e-3,3.541e-12,8.428e-34,4.110e+0,1.055e-11,3.575e-26,2.109e-19,1.148e-19,1.653e-1,8.848e-24,7.401e+2,7.360e-12,8.237e-27,2.846e-20,4.998e-23,9.233e-3,4.180e-11,5.812e-6,1.021e-15,,1.233e-2,,,1.290e-1,,9.452e-2,1.249e-19,1.438e+2,3.039e+0,5.185e-19,2.716e-1,,5.384e-17,,9.958e+0,2.440e-4,5.275e-5,1.011e-17,1.812e+1,1.138e-18,3.640e-17
368.55,9.709e+2,5.042e-21,4.319e-28,1.285e-35,1.948e-35,1.510e-33,,1.279e-19,1.198e-22,,2.294e-15,1.773e-10,2.559e-16,1.163e-17,4.993e-20,7.953e-14,,1.944e-7,,5.940e-3,8.392e-12,8.420e-34,4.979e+0,2.519e-11,3.577e-26,2.103e-19,1.148e-19,1.491e-1,8.857e-24,7.597e+2,3.363e-12,8.226e-27,2.849e-20,5.000e-23,1.247e-2,1.722e-11,3.526e-6,3.775e-16,,1.842e-2,,,9.522e-2,,1.360e-1,1.248e-19,1.635e+2,2.078e+0,5.202e-19,4.040e-1,,5.390e-17,,1.351e+1,1.572e-4,9.899e-5,1.012e-17,2.629e+1,1.137e-18,3.643e-17
368.57,1.007e+3,5.043e-21,4.326e-28,2.129e-35,1.948e-35,1.509e-33,,1.287e-19,1.199e-22,,2.295e-15,2.897e-10,4.056e-16,1.164e-17,4.996e-20,7.127e-14,,1.736e-7,,4.811e-3,1.481e-11,8.415e-34,5.618e+0,4.471e-11,3.578e-26,2.099e-19,1.149e-19,1.385e-1,8.863e-24,7.717e+2,1.981e-12,8.220e-27,2.850e-20,5.000e-23,1.514e-2,9.469e-12,2.667e-6,1.931e-16,,2.391e-2,,,7.724e-2,,1.721e-1,1.248e-19,1.769e+2,1.602e+0,5.213e-19,5.229e-1,,5.395e-17,,1.644e+1,1.164e-4,1.496e-4,1.013e-17,3.345e+1,1.137e-18,3.645e-17
368.6,1.063e+3,5.045e-21,4.336e-28,4.492e-35,1.947e-35,1.508e-33,,1.298e-19,1.201e-22,,2.295e-15,5.987e-10,8.010e-16,1.164e-17,5.000e-20,5.984e-14,,1.450e-7,,3.470e-3,3.438e-11,8.407e-34,6.664e+0,1.046e-10,3.580e-26,2.093e-19,1.149e-19,1.232e-1,8.871e-24,7.879e+2,8.863e-13,8.210e-27,2.852e-20,5.002e-23,2.003e-2,3.825e-12,2.092e-6,6.989e-17,,3.498e-2,,,5.584e-2,,2.425e-1,1.248e-19,1.970e+2,1.072e+0,5.230e-19,7.617e-1,,5.401e-17,,2.185e+1,7.340e-5,2.749e-4,1.014e-17,4.753e+1,1.136e-18,3.649e-17
368.62,1.103e+3,5.047e-21,4.343e-28,7.339e-35,1.947e-35,1.507e-33,,1.306e-19,1.202e-22,,2.296e-15,9.647e-10,1.252e-15,1.164e-17,5.003e-20,5.290e-14,,1.277e-7,,2.771e-3,5.985e-11,8.402e-34,7.415e+0,1.831e-10,3.581e-26,2.089e-19,1.149e-19,1.135e-1,8.877e-24,7.972e+2,5.147e-13,8.203e-27,2.853e-20,5.003e-23,2.397e-2,2.082e-12,2.104e-6,3.524e-17,,4.476e-2,,,4.466e-2,,3.026e-1,1.248e-19,2.102e+2,8.149e-1,5.242e-19,9.721e-1,,5.405e-17,,2.622e+1,5.360e-5,4.097e-4,1.015e-17,5.964e+1,1.136e-18,3.651e-17
368.65,1.166e+3,5.049e-21,4.353e-28,1.517e-34,1.947e-35,1.506e-33,,1.317e-19,1.205e-22,,2.297e-15,1.953e-9,2.421e-15,1.165e-17,5.008e-20,4.351e-14,,1.045e-7,,1.958e-3,1.360e-10,8.394e-34,8.612e+0,4.197e-10,3.583e-26,2.083e-19,1.149e-19,9.958e-2,8.886e-24,8.084e+2,2.254e-13,8.193e-27,2.855e-20,5.004e-23,3.105e-2,8.520e-13,2.701e-6,1.248e-17,,6.412e-2,,,3.161e-2,,4.174e-1,1.248e-19,2.292e+2,5.341e-1,5.259e-19,1.387e+0,,5.412e-17,,3.411e+1,3.309e-5,7.378e-4,1.017e-17,8.297e+1,1.135e-18,3.655e-17
368.67,1.210e+3,5.050e-21,4.360e-28,2.443e-34,1.947e-35,1.505e-33,,1.325e-19,1.206e-22,,2.297e-15,3.103e-9,3.732e-15,1.165e-17,5.011e-20,3.793e-14,,9.072e-8,,1.542e-3,2.335e-10,8.389e-34,9.449e+0,7.245e-10,3.584e-26,2.079e-19,1.150e-19,9.088e-2,8.892e-24,8.138e+2,1.290e-13,8.186e-27,2.857e-20,5.005e-23,3.664e-2,5.043e-13,3.544e-6,6.206e-18,,8.091e-2,,,2.492e-2,,5.137e-1,1.247e-19,2.411e+2,4.002e-1,5.270e-19,1.745e+0,,5.416e-17,,4.036e+1,2.382e-5,1.084e-3,1.017e-17,1.027e+2,1.135e-18,3.657e-17
368.7,1.282e+3,5.052e-21,4.370e-28,4.945e-34,1.947e-35,1.504e-33,,1.336e-19,1.208e-22,,2.298e-15,6.151e-9,7.067e-15,1.166e-17,5.016e-20,3.055e-14,,7.264e-8,,1.067e-3,5.198e-10,8.381e-34,1.074e+1,1.626e-9,3.586e-26,2.072e-19,1.150e-19,7.871e-2,8.901e-24,8.187e+2,5.531e-14,8.176e-27,2.859e-20,5.006e-23,4.648e-2,3.489e-13,5.710e-6,2.152e-18,,1.135e-1,,,1.727e-2,,6.939e-1,1.247e-19,2.574e+2,2.568e-1,5.287e-19,2.437e+0,,5.423e-17,,5.141e+1,1.440e-5,1.912e-3,1.019e-17,1.399e+2,1.134e-18,3.660e-17
368.72,1.333e+3,5.053e-21,4.377e-28,7.857e-34,1.946e-35,1.504e-33,,1.344e-19,1.210e-22,,2.298e-15,9.638e-9,1.074e-14,1.166e-17,5.019e-20,2.627e-14,,6.219e-8,,8.287e-4,8.800e-10,8.376e-34,1.162e+1,2.768e-9,3.588e-26,2.068e-19,1.150e-19,7.122e-2,8.907e-24,8.196e+2,3.122e-14,8.169e-27,2.860e-20,5.007e-23,5.409e-2,4.324e-13,7.981e-6,1.055e-18,,1.412e-1,,,1.343e-2,,8.420e-1,1.247e-19,2.669e+2,1.897e-1,5.299e-19,3.024e+0,,5.427e-17,,5.999e+1,1.022e-5,2.772e-3,1.020e-17,1.707e+2,1.134e-18,3.662e-17
368.74,1.388e+3,5.055e-21,4.384e-28,1.241e-33,1.946e-35,1.503e-33,,1.352e-19,1.211e-22,,2.299e-15,1.502e-8,1.624e-14,1.166e-17,5.022e-20,2.246e-14,,5.295e-8,,6.402e-4,1.481e-9,8.371e-34,1.251e+1,4.686e-9,3.589e-26,2.064e-19,1.150e-19,6.424e-2,8.913e-24,8.185e+2,1.752e-14,8.162e-27,2.862e-20,5.008e-23,6.258e-2,6.975e-13,1.118e-5,2.138e-18,,1.747e-1,,,1.038e-2,,1.016e+0,1.247e-19,2.753e+2,1.393e-1,5.310e-19,3.732e+0,,5.432e-17,,6.961e+1,7.213e-6,3.997e-3,1.020e-17,2.071e+2,1.134e-18,3.665e-17
368.77,1.479e+3,5.057e-21,4.394e-28,2.440e-33,1.946e-35,1.502e-33,,1.363e-19,1.213e-22,,2.300e-15,2.891e-8,2.986e-14,1.167e-17,5.027e-20,1.758e-14,,4.116e-8,,4.301e-4,3.203e-9,8.363e-34,1.381e+1,1.021e-8,3.591e-26,2.058e-19,1.151e-19,5.474e-2,8.922e-24,8.133e+2,7.290e-15,8.152e-27,2.864e-20,5.010e-23,7.708e-2,1.698e-12,1.846e-5,3.762e-18,,2.380e-1,,,6.981e-3,,1.333e+0,1.247e-19,2.854e+2,8.682e-2,5.327e-19,5.062e+0,,5.438e-17,,8.609e+1,4.232e-6,6.848e-3,1.022e-17,2.739e+2,1.133e-18,3.668e-17
368.79,1.547e+3,5.058e-21,4.401e-28,3.801e-33,1.946e-35,1.501e-33,,1.371e-19,1.214e-22,,2.300e-15,4.443e-8,4.451e-14,1.167e-17,5.030e-20,1.482e-14,,3.455e-8,,3.276e-4,5.317e-9,8.358e-34,1.465e+1,1.705e-8,3.592e-26,2.054e-19,1.151e-19,4.907e-2,8.928e-24,8.074e+2,4.034e-15,8.145e-27,2.865e-20,5.010e-23,8.795e-2,3.150e-12,2.565e-5,4.845e-18,,2.904e-1,,,5.321e-3,,1.586e+0,1.246e-19,2.902e+2,6.291e-2,5.339e-19,6.159e+0,,5.442e-17,,9.850e+1,2.945e-6,9.737e-3,1.022e-17,3.277e+2,1.133e-18,3.670e-17
368.82,1.660e+3,5.060e-21,4.411e-28,7.316e-33,1.946e-35,1.500e-33,,1.383e-19,1.217e-22,,2.301e-15,8.375e-8,8.017e-14,1.168e-17,5.034e-20,1.136e-14,,2.629e-8,,2.155e-4,1.126e-8,8.350e-34,1.583e+1,3.640e-8,3.594e-26,2.048e-19,1.151e-19,4.152e-2,8.937e-24,7.951e+2,1.643e-15,8.135e-27,2.867e-20,5.012e-23,1.061e-1,7.944e-12,4.161e-5,6.470e-18,,3.873e-1,,,3.504e-3,,2.036e+0,1.246e-19,2.946e+2,3.844e-2,5.356e-19,8.179e+0,,5.449e-17,,1.193e+2,1.691e-6,1.634e-2,1.024e-17,4.245e+2,1.132e-18,3.674e-17
368.84,1.745e+3,5.061e-21,4.418e-28,1.124e-32,1.945e-35,1.499e-33,,1.390e-19,1.218e-22,,2.301e-15,1.269e-7,1.178e-13,1.168e-17,5.037e-20,9.450e-15,,2.176e-8,,1.619e-4,1.843e-8,8.345e-34,1.656e+1,5.993e-8,3.595e-26,2.044e-19,1.151e-19,3.714e-2,8.943e-24,7.848e+2,8.961e-16,8.129e-27,2.869e-20,5.013e-23,1.193e-1,1.464e-11,5.707e-5,1.302e-17,,4.660e-1,,,2.633e-3,,2.389e+0,1.246e-19,2.954e+2,2.755e-2,5.367e-19,9.814e+0,,5.453e-17,,1.346e+2,1.160e-6,2.292e-2,1.025e-17,5.008e+2,1.132e-18,3.676e-17
368.87,1.889e+3,5.063e-21,4.428e-28,2.119e-32,1.945e-35,1.498e-33,,1.402e-19,1.220e-22,,2.302e-15,2.343e-7,2.078e-13,1.169e-17,5.042e-20,7.094e-15,,1.621e-8,,1.043e-4,3.821e-8,8.337e-34,1.753e+1,1.253e-7,3.597e-26,2.038e-19,1.152e-19,3.151e-2,8.952e-24,7.666e+2,3.572e-16,8.118e-27,2.871e-20,5.014e-23,1.409e-1,3.624e-11,9.071e-5,3.677e-17,,6.086e-1,,,1.698e-3,,3.005e+0,1.246e-19,2.935e+2,1.667e-2,5.384e-19,1.276e+1,,5.460e-17,,1.596e+2,6.524e-7,3.767e-2,1.026e-17,6.351e+2,1.131e-18,3.679e-17
368.89,1.997e+3,5.065e-21,4.435e-28,3.210e-32,1.945e-35,1.497e-33,,1.410e-19,1.222e-22,,2.303e-15,3.501e-7,3.013e-13,1.169e-17,5.045e-20,5.819e-15,,1.323e-8,,7.725e-5,6.170e-8,8.332e-34,1.808e+1,2.034e-7,3.599e-26,2.033e-19,1.152e-19,2.839e-2,8.958e-24,7.529e+2,1.921e-16,8.112e-27,2.872e-20,5.015e-23,1.563e-1,6.587e-11,1.227e-4,7.295e-17,,7.220e-1,,,1.258e-3,,3.476e+0,1.246e-19,2.902e+2,1.200e-2,5.396e-19,1.510e+1,,5.464e-17,,1.776e+2,4.413e-7,5.212e-2,1.027e-17,7.389e+2,1.131e-18,3.682e-17
368.92,2.180e+3,5.067e-21,4.445e-28,5.926e-32,1.945e-35,1.496e-33,,1.421e-19,1.224e-22,,2.303e-15,6.330e-7,5.203e-13,1.169e-17,5.050e-20,4.278e-15,,9.652e-9,,4.873e-5,1.253e-7,8.324e-34,1.874e+1,4.165e-7,3.601e-26,2.027e-19,1.152e-19,2.462e-2,8.967e-24,7.304e+2,7.497e-17,8.102e-27,2.874e-20,5.016e-23,1.808e-1,1.597e-10,1.910e-4,2.018e-16,,9.233e-1,,,7.939e-4,,4.281e+0,1.245e-19,2.824e+2,7.623e-3,5.413e-19,1.923e+1,,5.471e-17,,2.062e+2,2.429e-7,8.392e-2,1.028e-17,9.176e+2,1.130e-18,3.685e-17
368.94,2.317e+3,5.068e-21,4.452e-28,8.855e-32,1.945e-35,1.495e-33,,1.429e-19,1.225e-22,,2.304e-15,9.328e-7,7.438e-13,1.170e-17,5.053e-20,3.461e-15,,7.767e-9,,3.559e-5,1.995e-7,8.319e-34,1.906e+1,6.668e-7,3.602e-26,2.023e-19,1.152e-19,2.272e-2,8.973e-24,7.145e+2,3.975e-17,8.095e-27,2.876e-20,5.017e-23,1.977e-1,2.864e-10,2.548e-4,3.949e-16,,1.080e+0,,,5.800e-4,,4.884e+0,1.245e-19,2.753e+2,5.985e-3,5.424e-19,2.243e+1,,5.475e-17,,2.262e+2,1.620e-7,1.145e-1,1.029e-17,1.053e+3,1.130e-18,3.687e-17
368.97,2.544e+3,5.070e-21,4.462e-28,1.601e-31,1.944e-35,1.494e-33,,1.440e-19,1.227e-22,,2.305e-15,1.652e-6,1.258e-12,1.170e-17,5.057e-20,2.492e-15,,5.547e-9,,2.198e-5,3.967e-7,8.311e-34,1.934e+1,1.337e-6,3.604e-26,2.017e-19,1.153e-19,2.077e-2,8.982e-24,6.897e+2,1.518e-17,8.085e-27,2.878e-20,5.019e-23,2.239e-1,6.801e-10,3.885e-4,1.070e-15,,1.353e+0,,,3.584e-4,,5.889e+0,1.245e-19,2.623e+2,4.978e-3,5.441e-19,2.797e+1,,5.482e-17,,2.572e+2,8.731e-8,1.806e-1,1.030e-17,1.280e+3,1.129e-18,3.691e-17
368.99,2.712e+3,5.071e-21,4.469e-28,2.359e-31,1.944e-35,1.493e-33,,1.448e-19,1.229e-22,,2.305e-15,2.400e-6,1.773e-12,1.171e-17,5.060e-20,1.989e-15,,4.401e-9,,1.583e-5,6.229e-7,8.306e-34,1.940e+1,2.111e-6,3.605e-26,2.013e-19,1.153e-19,2.007e-2,8.988e-24,6.730e+2,7.937e-18,8.078e-27,2.879e-20,5.019e-23,2.415e-1,1.202e-9,5.111e-4,2.065e-15,,1.560e+0,,,2.582e-4,,6.625e+0,1.245e-19,2.522e+2,5.155e-3,5.453e-19,3.218e+1,,5.486e-17,,2.782e+2,5.741e-8,2.431e-1,1.031e-17,1.448e+3,1.129e-18,3.693e-17
369.02,2.986e+3,5.073e-21,4.479e-28,4.175e-31,1.944e-35,1.492e-33,,1.460e-19,1.231e-22,,2.306e-15,4.161e-6,2.937e-12,1.171e-17,5.065e-20,1.403e-15,,3.077e-9,,9.570e-6,1.213e-6,8.298e-34,1.928e+1,4.145e-6,3.607e-26,2.007e-19,1.153e-19,1.992e-2,8.997e-24,6.483e+2,2.968e-18,8.068e-27,2.881e-20,5.021e-23,2.677e-1,2.797e-9,7.633e-4,5.480e-15,,1.913e+0,,,1.562e-4,,7.822e+0,1.245e-19,2.352e+2,6.724e-3,5.470e-19,3.929e+1,,5.492e-17,,3.097e+2,3.029e-8,3.757e-1,1.032e-17,1.724e+3,1.128e-18,3.696e-17
369.04,3.184e+3,5.074e-21,4.486e-28,6.067e-31,1.944e-35,1.492e-33,,1.467e-19,1.232e-22,,2.306e-15,5.964e-6,4.083e-12,1.171e-17,5.068e-20,1.104e-15,,2.407e-9,,6.795e-6,1.878e-6,8.293e-34,1.906e+1,6.455e-6,3.608e-26,2.003e-19,1.153e-19,2.043e-2,9.003e-24,6.322e+2,1.529e-18,8.061e-27,2.883e-20,5.022e-23,2.848e-1,4.876e-9,9.904e-4,1.043e-14,,2.177e+0,,,1.109e-4,,8.678e+0,1.244e-19,2.230e+2,8.793e-3,5.481e-19,4.457e+1,,5.497e-17,,3.303e+2,1.963e-8,4.987e-1,1.033e-17,1.924e+3,1.128e-18,3.699e-17
369.07,3.501e+3,5.076e-21,4.496e-28,1.052e-30,1.944e-35,1.490e-33,,1.479e-19,1.234e-22,,2.307e-15,1.013e-5,6.622e-12,1.172e-17,5.073e-20,7.623e-16,,1.648e-9,,4.023e-6,3.582e-6,8.285e-34,1.855e+1,1.241e-5,3.610e-26,1.997e-19,1.154e-19,2.212e-2,9.012e-24,6.093e+2,5.598e-19,8.051e-27,2.885e-20,5.023e-23,3.091e-1,1.111e-8,1.449e-3,2.711e-14,,2.613e+0,,,6.568e-5,,1.003e+1,1.244e-19,2.036e+2,1.397e-2,5.498e-19,5.329e+1,,5.503e-17,,3.601e+2,1.014e-8,7.550e-1,1.034e-17,2.243e+3,1.127e-18,3.702e-17
369.09,3.724e+3,5.078e-21,4.503e-28,1.507e-30,1.943e-35,1.490e-33,,1.486e-19,1.236e-22,,2.308e-15,1.431e-5,9.078e-12,1.172e-17,5.076e-20,5.916e-16,,1.271e-9,,2.817e-6,5.471e-6,8.280e-34,1.808e+1,1.906e-5,3.611e-26,1.992e-19,1.154e-19,2.388e-2,9.018e-24,5.950e+2,2.844e-19,8.044e-27,2.886e-20,5.024e-23,3.243e-1,1.910e-8,1.854e-3,5.088e-14,,2.931e+0,,,4.600e-5,,1.097e+1,1.244e-19,1.904e+2,1.930e-2,5.510e-19,5.962e+1,,5.508e-17,,3.787e+2,6.481e-9,9.886e-1,1.035e-17,2.467e+3,1.127e-18,3.704e-17
369.12,4.071e+3,5.080e-21,4.513e-28,2.559e-30,1.943e-35,1.489e-33,,1.498e-19,1.238e-22,,2.309e-15,2.379e-5,1.442e-11,1.173e-17,5.080e-20,4.002e-16,,8.518e-10,,1.633e-6,1.022e-5,8.272e-34,1.723e+1,3.589e-5,3.613e-26,1.986e-19,1.154e-19,2.745e-2,9.027e-24,5.753e+2,1.019e-19,8.034e-27,2.888e-20,5.025e-23,3.447e-1,4.261e-8,2.656e-3,1.295e-13,,3.446e+0,,,2.667e-5,,1.242e+1,1.244e-19,1.702e+2,3.141e-2,5.527e-19,6.980e+1,,5.514e-17,,4.043e+2,3.277e-9,1.466e+0,1.036e-17,2.816e+3,1.126e-18,3.708e-17
369.14,4.308e+3,5.081e-21,4.520e-28,3.616e-30,1.943e-35,1.488e-33,,1.506e-19,1.239e-22,,2.309e-15,3.316e-5,1.949e-11,1.173e-17,5.083e-20,3.063e-16,,6.478e-10,,1.127e-6,1.539e-5,8.267e-34,1.656e+1,5.436e-5,3.615e-26,1.982e-19,1.154e-19,3.048e-2,9.033e-24,5.634e+2,5.104e-20,8.027e-27,2.889e-20,5.026e-23,3.565e-1,7.225e-8,3.353e-3,2.398e-13,,3.812e+0,,,1.841e-5,,1.340e+1,1.244e-19,1.569e+2,4.331e-2,5.538e-19,7.699e+1,,5.519e-17,,4.193e+2,2.065e-9,1.894e+0,1.037e-17,3.055e+3,1.126e-18,3.710e-17
369.16,4.546e+3,5.082e-21,4.527e-28,5.081e-30,1.943e-35,1.487e-33,,1.513e-19,1.241e-22,,2.310e-15,4.596e-5,2.620e-11,1.174e-17,5.086e-20,2.331e-16,,4.899e-10,,7.736e-7,2.305e-5,8.262e-34,1.583e+1,8.186e-5,3.616e-26,1.978e-19,1.154e-19,3.403e-2,9.039e-24,5.526e+2,2.542e-20,8.021e-27,2.891e-20,5.027e-23,3.666e-1,1.218e-7,4.210e-3,4.414e-13,,4.193e+0,,,1.264e-5,,1.437e+1,1.243e-19,1.438e+2,5.947e-2,5.550e-19,8.445e+1,,5.523e-17,,4.324e+2,1.294e-9,2.433e+0,1.038e-17,3.295e+3,1.125e-18,3.712e-17
369.19,4.899e+3,5.084e-21,4.537e-28,8.377e-30,1.943e-35,1.486e-33,,1.525e-19,1.243e-22,,2.310e-15,7.422e-5,4.042e-11,1.174e-17,5.091e-20,1.532e-16,,3.187e-10,,4.353e-7,4.180e-5,8.254e-34,1.465e+1,1.497e-4,3.618e-26,1.972e-19,1.155e-19,4.031e-2,9.048e-24,5.384e+2,8.840e-21,8.010e-27,2.893e-20,5.029e-23,3.784e-1,2.640e-7,5.862e-3,1.091e-12,,4.787e+0,,,7.114e-6,,1.580e+1,1.243e-19,1.248e+2,9.478e-2,5.567e-19,9.600e+1,,5.529e-17,,4.482e+2,6.351e-10,3.506e+0,1.039e-17,3.653e+3,1.125e-18,3.716e-17
369.21,5.128e+3,5.086e-21,4.544e-28,1.161e-29,1.942e-35,1.485e-33,,1.533e-19,1.244e-22,,2.311e-15,1.014e-4,5.358e-11,1.174e-17,5.094e-20,1.150e-16,,2.376e-10,,2.946e-7,6.174e-5,8.249e-34,1.381e+1,2.223e-4,3.619e-26,1.968e-19,1.155e-19,4.514e-2,9.054e-24,5.301e+2,4.341e-21,8.004e-27,2.894e-20,5.029e-23,3.837e-1,4.390e-7,7.260e-3,1.982e-12,,5.192e+0,,,4.815e-6,,1.671e+1,1.243e-19,1.128e+2,1.285e-1,5.578e-19,1.038e+2,,5.534e-17,,4.558e+2,3.924e-10,4.442e+0,1.040e-17,3.885e+3,1.124e-18,3.718e-17
369.24,5.454e+3,5.088e-21,4.554e-28,1.874e-29,1.942e-35,1.484e-33,,1.544e-19,1.246e-22,,2.312e-15,1.604e-4,8.094e-11,1.175e-17,5.099e-20,7.400e-17,,1.514e-10,,1.623e-7,1.097e-4,8.241e-34,1.251e+1,3.982e-4,3.621e-26,1.962e-19,1.155e-19,5.330e-2,9.063e-24,5.194e+2,4.348e-21,7.994e-27,2.896e-20,5.031e-23,3.878e-1,9.317e-7,9.907e-3,4.798e-12,,5.804e+0,,,2.653e-6,,1.799e+1,1.243e-19,9.591e+1,2.006e-1,5.595e-19,1.156e+2,,5.540e-17,,4.626e+2,1.885e-10,6.272e+0,1.041e-17,4.217e+3,1.124e-18,3.721e-17
369.26,5.654e+3,5.089e-21,4.561e-28,2.562e-29,1.942e-35,1.483e-33,,1.552e-19,1.248e-22,,2.312e-15,2.162e-4,1.058e-10,1.175e-17,5.102e-20,5.478e-17,,1.113e-10,,1.083e-7,1.597e-4,8.236e-34,1.162e+1,5.833e-4,3.622e-26,1.958e-19,1.155e-19,5.933e-2,9.069e-24,5.133e+2,4.353e-21,7.987e-27,2.898e-20,5.032e-23,3.878e-1,1.528e-6,1.211e-2,8.592e-12,,6.208e+0,,,1.771e-6,,1.876e+1,1.243e-19,8.546e+1,2.681e-1,5.607e-19,1.233e+2,,5.545e-17,,4.639e+2,1.148e-10,7.839e+0,1.042e-17,4.423e+3,1.123e-18,3.724e-17
369.29,5.921e+3,5.091e-21,4.571e-28,4.050e-29,1.942e-35,1.482e-33,,1.563e-19,1.250e-22,,2.313e-15,3.348e-4,1.565e-10,1.176e-17,5.106e-20,3.453e-17,,6.941e-11,,5.843e-8,2.779e-4,8.228e-34,1.031e+1,1.023e-3,3.624e-26,1.951e-19,1.156e-19,6.918e-2,9.078e-24,5.052e+2,4.361e-21,7.977e-27,2.900e-20,5.033e-23,3.837e-1,3.176e-6,1.619e-2,2.038e-11,,6.795e+0,,,9.553e-7,,1.977e+1,1.242e-19,7.114e+1,4.100e-1,5.624e-19,1.344e+2,,5.551e-17,,4.609e+2,5.401e-11,1.084e+1,1.043e-17,4.701e+3,1.123e-18,3.727e-17
369.31,6.073e+3,5.092e-21,4.578e-28,5.459e-29,1.942e-35,1.481e-33,,1.571e-19,1.251e-22,,2.313e-15,4.450e-4,2.018e-10,1.176e-17,5.109e-20,2.521e-17,,5.031e-11,,3.845e-8,3.991e-4,8.223e-34,9.449e+0,1.478e-3,3.626e-26,1.947e-19,1.156e-19,7.622e-2,9.084e-24,5.003e+2,4.366e-21,7.970e-27,2.901e-20,5.034e-23,3.784e-1,5.137e-6,1.953e-2,3.598e-11,,7.167e+0,,,6.286e-7,,2.034e+1,1.242e-19,6.250e+1,5.405e-1,5.635e-19,1.413e+2,,5.556e-17,,4.558e+2,3.244e-11,1.337e+1,1.044e-17,4.862e+3,1.122e-18,3.729e-17
369.34,6.255e+3,5.094e-21,4.588e-28,8.452e-29,1.941e-35,1.480e-33,,1.583e-19,1.253e-22,,2.314e-15,6.748e-4,2.923e-10,1.177e-17,5.114e-20,1.556e-17,,3.072e-11,,2.030e-8,6.799e-4,8.216e-34,8.204e+0,2.538e-3,3.628e-26,1.941e-19,1.156e-19,8.738e-2,9.093e-24,4.934e+2,4.373e-21,7.960e-27,2.903e-20,5.035e-23,3.666e-1,1.046e-5,2.562e-2,8.358e-11,,7.682e+0,,,3.320e-7,,2.099e+1,1.242e-19,5.094e+1,8.094e-1,5.652e-19,1.508e+2,,5.562e-17,,4.435e+2,1.494e-11,1.812e+1,1.046e-17,5.060e+3,1.122e-18,3.733e-17
369.36,6.343e+3,5.096e-21,4.595e-28,1.123e-28,1.941e-35,1.480e-33,,1.590e-19,1.255e-22,,2.315e-15,8.846e-4,3.716e-10,1.177e-17,5.117e-20,1.120e-17,,2.196e-11,,1.317e-8,9.631e-4,8.210e-34,7.415e+0,3.616e-3,3.629e-26,1.937e-19,1.156e-19,9.514e-2,9.099e-24,4.889e+2,4.378e-21,7.953e-27,2.905e-20,5.036e-23,3.565e-1,1.668e-5,3.051e-2,1.456e-10,,7.990e+0,,,2.154e-7,,2.128e+1,1.242e-19,4.413e+1,1.052e+0,5.664e-19,1.564e+2,,5.566e-17,,4.324e+2,8.845e-12,2.204e+1,1.046e-17,5.160e+3,1.121e-18,3.735e-17
369.39,6.419e+3,5.098e-21,4.605e-28,1.703e-28,1.941e-35,1.478e-33,,1.602e-19,1.257e-22,,2.315e-15,1.314e-3,5.272e-10,1.177e-17,5.122e-20,6.774e-18,,1.313e-11,,6.809e-9,1.607e-3,8.203e-34,6.304e+0,6.083e-3,3.631e-26,1.931e-19,1.157e-19,1.071e-1,9.108e-24,4.820e+2,4.386e-21,7.943e-27,2.907e-20,5.038e-23,3.382e-1,3.325e-5,3.927e-2,3.311e-10,,8.386e+0,,,1.114e-7,,2.151e+1,1.241e-19,3.522e+1,1.543e+0,5.681e-19,1.635e+2,,5.573e-17,,4.120e+2,3.987e-12,2.927e+1,1.048e-17,5.259e+3,1.121e-18,3.738e-17
369.41,6.432e+3,5.099e-21,4.612e-28,2.233e-28,1.941e-35,1.478e-33,,1.609e-19,1.258e-22,,2.316e-15,1.698e-3,6.609e-10,1.178e-17,5.125e-20,4.810e-18,,9.250e-12,,4.356e-9,2.245e-3,8.197e-34,5.618e+0,8.544e-3,3.632e-26,1.927e-19,1.157e-19,1.151e-1,9.114e-24,4.770e+2,4.391e-21,7.936e-27,2.908e-20,5.038e-23,3.243e-1,5.230e-5,4.619e-2,5.688e-10,,8.600e+0,,,7.123e-8,,2.151e+1,1.241e-19,3.009e+1,1.978e+0,5.692e-19,1.672e+2,,5.577e-17,,3.961e+2,2.328e-12,3.512e+1,1.049e-17,5.288e+3,1.120e-18,3.740e-17
369.44,6.394e+3,5.101e-21,4.622e-28,3.315e-28,1.941e-35,1.477e-33,,1.621e-19,1.260e-22,,2.317e-15,2.469e-3,9.181e-10,1.178e-17,5.129e-20,2.848e-18,,5.414e-12,,2.205e-9,3.668e-3,8.190e-34,4.677e+0,1.408e-2,3.634e-26,1.921e-19,1.157e-19,1.270e-1,9.123e-24,4.689e+2,4.399e-21,7.926e-27,2.910e-20,5.040e-23,3.012e-1,1.021e-4,5.838e-2,1.267e-9,,8.840e+0,,,3.606e-8,,2.128e+1,1.241e-19,2.351e+1,2.841e+0,5.709e-19,1.711e+2,,5.584e-17,,3.696e+2,1.029e-12,4.569e+1,1.050e-17,5.277e+3,1.120e-18,3.744e-17
369.46,6.331e+3,5.102e-21,4.629e-28,4.285e-28,1.940e-35,1.476e-33,,1.629e-19,1.262e-22,,2.317e-15,3.148e-3,1.135e-9,1.179e-17,5.132e-20,1.994e-18,,3.762e-12,,1.390e-9,5.052e-3,8.184e-34,4.110e+0,1.950e-2,3.635e-26,1.917e-19,1.157e-19,1.348e-1,9.129e-24,4.630e+2,4.404e-21,7.919e-27,2.912e-20,5.041e-23,2.848e-1,1.584e-4,6.785e-2,2.147e-9,,8.940e+0,,,2.274e-8,,2.099e+1,1.241e-19,1.980e+1,3.592e+0,5.721e-19,1.726e+2,,5.588e-17,,3.504e+2,5.953e-13,5.409e+1,1.051e-17,5.233e+3,1.119e-18,3.746e-17
369.49,6.182e+3,5.104e-21,4.639e-28,6.231e-28,1.940e-35,1.475e-33,,1.640e-19,1.264e-22,,2.318e-15,4.483e-3,1.544e-9,1.179e-17,5.137e-20,1.157e-18,,2.156e-12,,6.890e-10,8.084e-3,8.177e-34,3.350e+0,3.146e-2,3.637e-26,1.910e-19,1.158e-19,1.460e-1,9.138e-24,4.531e+2,4.411e-21,7.909e-27,2.914e-20,5.042e-23,2.591e-1,3.029e-4,8.429e-2,4.685e-9,,8.999e+0,,,1.127e-8,,2.034e+1,1.241e-19,1.515e+1,5.052e+0,5.738e-19,1.729e+2,,5.595e-17,,3.201e+2,2.662e-13,6.896e+1,1.052e-17,5.113e+3,1.119e-18,3.750e-17
369.51,6.049e+3,5.106e-21,4.646e-28,7.942e-28,1.940e-35,1.474e-33,,1.648e-19,1.265e-22,,2.318e-15,5.635e-3,1.883e-9,1.179e-17,5.140e-20,7.988e-19,,1.477e-12,,4.284e-10,1.098e-2,8.172e-34,2.903e+0,4.298e-2,3.638e-26,1.906e-19,1.158e-19,1.530e-1,9.144e-24,4.459e+2,4.416e-21,7.902e-27,2.915e-20,5.043e-23,2.415e-1,4.635e-4,9.689e-2,7.827e-9,,8.975e+0,,,7.008e-9,,1.977e+1,1.240e-19,1.258e+1,6.298e+0,5.749e-19,1.720e+2,,5.599e-17,,2.992e+2,1.652e-13,8.053e+1,1.053e-17,5.000e+3,1.118e-18,3.752e-17
369.53,5.891e+3,5.107e-21,4.653e-28,1.007e-27,1.940e-35,1.473e-33,,1.656e-19,1.267e-22,,2.319e-15,7.045e-3,2.283e-9,1.180e-17,5.143e-20,5.486e-19,,1.006e-12,,2.649e-10,1.484e-2,8.166e-34,2.501e+0,5.839e-2,3.640e-26,1.902e-19,1.158e-19,1.596e-1,9.150e-24,4.382e+2,4.421e-21,7.896e-27,2.917e-20,5.044e-23,2.239e-1,7.051e-4,1.109e-1,1.300e-8,,8.903e+0,,,4.333e-9,,1.912e+1,1.240e-19,1.039e+1,7.808e+0,5.761e-19,1.700e+2,,5.603e-17,,2.782e+2,1.198e-13,9.353e+1,1.054e-17,4.862e+3,1.118e-18,3.754e-17
369.56,5.615e+3,5.109e-21,4.663e-28,1.422e-27,1.940e-35,1.472e-33,,1.667e-19,1.269e-22,,2.320e-15,9.743e-3,3.015e-9,1.180e-17,5.148e-20,3.090e-19,,5.596e-13,,1.274e-10,2.306e-2,8.159e-34,1.979e+0,9.149e-2,3.642e-26,1.896e-19,1.158e-19,1.683e-1,9.159e-24,4.261e+2,4.429e-21,7.885e-27,2.919e-20,5.045e-23,1.977e-1,1.310e-3,1.348e-1,2.756e-8,,8.704e+0,,,2.085e-9,,1.799e+1,1.240e-19,7.718e+0,1.066e+1,5.778e-19,1.655e+2,,5.610e-17,,2.467e+2,1.307e-13,1.159e+2,1.055e-17,4.613e+3,1.117e-18,3.757e-17
369.58,5.408e+3,5.110e-21,4.670e-28,1.777e-27,1.940e-35,1.471e-33,,1.675e-19,1.270e-22,,2.320e-15,1.201e-2,3.605e-9,1.181e-17,5.151e-20,2.093e-19,,3.759e-13,,7.769e-11,3.072e-2,8.153e-34,1.682e+0,1.226e-1,3.643e-26,1.892e-19,1.159e-19,1.734e-1,9.165e-24,4.176e+2,4.434e-21,7.879e-27,2.920e-20,5.046e-23,1.808e-1,1.965e-3,1.528e-1,4.516e-8,,8.516e+0,,,1.271e-9,,1.715e+1,1.240e-19,6.286e+0,1.304e+1,5.789e-19,1.613e+2,,5.614e-17,,2.262e+2,1.974e-13,1.328e+2,1.056e-17,4.423e+3,1.117e-18,3.760e-17
369.61,5.073e+3,5.112e-21,4.680e-28,2.458e-27,1.939e-35,1.470e-33,,1.686e-19,1.272e-22,,2.321e-15,1.627e-2,4.664e-9,1.181e-17,5.155e-20,1.154e-19,,2.047e-13,,3.659e-11,4.675e-2,8.146e-34,1.303e+0,1.881e-1,3.645e-26,1.886e-19,1.159e-19,1.797e-1,9.174e-24,4.047e+2,4.441e-21,7.869e-27,2.922e-20,5.048e-23,1.563e-1,3.574e-3,1.833e-1,9.375e-8,,8.158e+0,,,5.985e-10,,1.580e+1,1.240e-19,4.571e+0,1.744e+1,5.806e-19,1.537e+2,,5.621e-17,,1.964e+2,4.514e-13,1.612e+2,1.057e-17,4.109e+3,1.116e-18,3.763e-17
369.63,4.838e+3,5.114e-21,4.687e-28,3.029e-27,1.939e-35,1.469e-33,,1.694e-19,1.274e-22,,2.321e-15,1.978e-2,5.499e-9,1.181e-17,5.158e-20,7.710e-20,,1.356e-13,,2.199e-11,6.143e-2,8.140e-34,1.092e+0,2.485e-1,3.646e-26,1.882e-19,1.159e-19,1.830e-1,9.180e-24,3.961e+2,4.446e-21,7.862e-27,2.924e-20,5.048e-23,1.409e-1,5.289e-3,2.060e-1,1.515e-7,,7.875e+0,,,3.598e-10,,1.486e+1,1.239e-19,3.671e+0,2.102e+1,5.818e-19,1.478e+2,,5.625e-17,,1.776e+2,8.129e-13,1.823e+2,1.058e-17,3.885e+3,1.116e-18,3.765e-17
369.66,4.477e+3,5.116e-21,4.697e-28,4.103e-27,1.939e-35,1.468e-33,,1.706e-19,1.276e-22,,2.322e-15,2.623e-2,6.967e-9,1.182e-17,5.163e-20,4.165e-20,,7.229e-14,,1.014e-11,9.155e-2,8.133e-34,8.284e-1,3.735e-1,3.648e-26,1.876e-19,1.159e-19,1.865e-1,9.189e-24,3.836e+2,4.454e-21,7.852e-27,2.926e-20,5.050e-23,1.193e-1,9.421e-3,2.442e-1,3.080e-7,,7.396e+0,,,1.659e-10,,1.340e+1,1.239e-19,2.614e+0,2.754e+1,5.835e-19,1.379e+2,,5.632e-17,,1.510e+2,1.972e-12,2.169e+2,1.059e-17,3.534e+3,1.115e-18,3.769e-17
369.68,4.234e+3,5.117e-21,4.704e-28,4.988e-27,1.939e-35,1.467e-33,,1.713e-19,1.277e-22,,2.323e-15,3.145e-2,8.101e-9,1.182e-17,5.166e-20,2.743e-20,,4.720e-14,,6.010e-12,1.186e-1,8.128e-34,6.843e-1,4.866e-1,3.649e-26,1.872e-19,1.160e-19,1.879e-1,9.195e-24,3.757e+2,4.459e-21,7.845e-27,2.927e-20,5.051e-23,1.061e-1,1.375e-2,2.727e-1,4.909e-7,,7.048e+0,,,9.833e-11,,1.242e+1,1.239e-19,2.070e+0,3.274e+1,5.846e-19,1.308e+2,,5.636e-17,,1.346e+2,3.544e-12,2.419e+2,1.060e-17,3.295e+3,1.115e-18,3.771e-17
369.71,3.877e+3,5.119e-21,4.714e-28,6.615e-27,1.938e-35,1.466e-33,,1.725e-19,1.279e-22,,2.323e-15,4.085e-2,1.005e-8,1.183e-17,5.171e-20,1.451e-20,,2.464e-14,,2.713e-12,1.731e-1,8.120e-34,5.084e-1,7.162e-1,3.651e-26,1.865e-19,1.160e-19,1.888e-1,9.204e-24,3.649e+2,4.467e-21,7.835e-27,2.929e-20,5.052e-23,8.795e-2,2.399e-2,3.203e-1,9.774e-7,,6.497e+0,,,4.443e-11,,1.097e+1,1.239e-19,1.443e+0,4.200e+1,5.863e-19,1.195e+2,,5.643e-17,,1.121e+2,8.455e-12,2.821e+2,1.061e-17,2.935e+3,1.114e-18,3.774e-17
369.73,3.646e+3,5.120e-21,4.721e-28,7.930e-27,1.938e-35,1.466e-33,,1.733e-19,1.281e-22,,2.324e-15,4.829e-2,1.152e-8,1.183e-17,5.174e-20,9.429e-21,,1.587e-14,,1.585e-12,2.212e-1,8.115e-34,4.141e-1,9.202e-1,3.653e-26,1.861e-19,1.160e-19,1.885e-1,9.210e-24,3.585e+2,4.472e-21,7.828e-27,2.930e-20,5.053e-23,7.708e-2,3.452e-2,3.556e-1,1.536e-6,,6.120e+0,,,2.603e-11,,1.003e+1,1.239e-19,1.127e+0,4.924e+1,5.875e-19,1.117e+2,,5.647e-17,,9.850e+1,1.499e-11,3.104e+2,1.062e-17,2.698e+3,1.114e-18,3.777e-17
369.76,3.319e+3,5.122e-21,4.731e-28,1.030e-26,1.938e-35,1.464e-33,,1.744e-19,1.283e-22,,2.325e-15,6.143e-2,1.400e-8,1.184e-17,5.178e-20,4.885e-21,,8.110e-15,,7.005e-13,3.162e-1,8.107e-34,3.012e-1,1.326e+0,3.654e-26,1.855e-19,1.160e-19,1.871e-1,9.219e-24,3.506e+2,4.479e-21,7.818e-27,2.933e-20,5.054e-23,6.258e-2,5.898e-2,4.148e-1,2.996e-6,,5.552e+0,,,1.169e-11,,8.678e+0,1.238e-19,7.692e-1,6.186e+1,5.892e-19,9.991e+1,,5.654e-17,,8.031e+1,3.505e-11,3.546e+2,1.063e-17,2.354e+3,1.113e-18,3.780e-17
369.78,3.115e+3,5.123e-21,4.738e-28,1.218e-26,1.938e-35,1.464e-33,,1.752e-19,1.284e-22,,2.325e-15,7.162e-2,1.583e-8,1.184e-17,5.182e-20,3.130e-21,,5.148e-15,,4.036e-13,3.985e-1,8.102e-34,2.419e-1,1.681e+0,3.656e-26,1.851e-19,1.161e-19,1.856e-1,9.225e-24,3.465e+2,4.484e-21,7.811e-27,2.934e-20,5.055e-23,5.409e-2,8.371e-2,4.587e-1,4.644e-6,,5.181e+0,,,7.017e-12,,7.822e+0,1.238e-19,5.922e-1,7.152e+1,5.903e-19,9.211e+1,,5.658e-17,,6.961e+1,6.130e-11,3.850e+2,1.064e-17,2.134e+3,1.113e-18,3.782e-17
369.81,2.836e+3,5.125e-21,4.748e-28,1.549e-26,1.938e-35,1.463e-33,,1.763e-19,1.286e-22,,2.326e-15,8.921e-2,1.883e-8,1.184e-17,5.186e-20,1.588e-21,,2.576e-15,,1.746e-13,5.578e-1,8.094e-34,1.723e-1,2.372e+0,3.658e-26,1.845e-19,1.161e-19,1.828e-1,9.234e-24,3.423e+2,4.492e-21,7.801e-27,2.936e-20,5.057e-23,4.300e-2,1.401e-1,5.323e-1,8.871e-6,,4.648e+0,,,3.834e-12,,6.625e+0,1.238e-19,3.958e-1,8.798e+1,5.920e-19,8.069e+1,,5.664e-17,,5.557e+1,1.403e-10,4.311e+2,1.065e-17,1.822e+3,1.112e-18,3.786e-17
369.83,2.668e+3,5.127e-21,4.755e-28,1.806e-26,1.937e-35,1.462e-33,,1.771e-19,1.288e-22,,2.326e-15,1.026e-1,2.100e-8,1.185e-17,5.189e-20,1.003e-21,,1.612e-15,,9.919e-14,6.932e-1,8.089e-34,1.365e-1,2.964e+0,3.659e-26,1.841e-19,1.161e-19,1.808e-1,9.240e-24,3.408e+2,4.497e-21,7.794e-27,2.937e-20,5.057e-23,3.664e-2,1.961e-1,5.870e-1,1.356e-5,,4.316e+0,,,3.342e-12,,5.889e+0,1.238e-19,3.005e-1,1.003e+2,5.932e-19,7.336e+1,,5.669e-17,,4.749e+1,2.421e-10,4.618e+2,1.066e-17,1.629e+3,1.112e-18,3.788e-17
369.86,2.446e+3,5.129e-21,4.765e-28,2.249e-26,1.937e-35,1.461e-33,,1.783e-19,1.290e-22,,2.327e-15,1.251e-1,2.447e-8,1.185e-17,5.194e-20,4.986e-22,,7.900e-16,,4.202e-14,9.503e-1,8.081e-34,9.518e-2,4.098e+0,3.661e-26,1.835e-19,1.161e-19,1.778e-1,9.249e-24,3.407e+2,4.504e-21,7.784e-27,2.939e-20,5.059e-23,2.853e-2,3.214e-1,6.785e-1,2.537e-5,,3.864e+0,,,4.655e-12,,4.884e+0,1.237e-19,1.966e-1,1.208e+2,5.949e-19,6.292e+1,,5.675e-17,,3.713e+1,5.429e-10,5.068e+2,1.067e-17,1.363e+3,1.111e-18,3.791e-17
369.88,2.318e+3,5.130e-21,4.772e-28,2.586e-26,1.937e-35,1.460e-33,,1.790e-19,1.291e-22,,2.328e-15,1.419e-1,2.691e-8,1.186e-17,5.197e-20,3.106e-22,,4.875e-16,,2.353e-14,1.165e+0,8.076e-34,7.433e-2,5.050e+0,3.662e-26,1.831e-19,1.162e-19,1.762e-1,9.255e-24,3.421e+2,4.510e-21,7.777e-27,2.941e-20,5.060e-23,2.397e-2,4.436e-1,7.464e-1,3.825e-5,,3.600e+0,,,7.267e-12,,4.281e+0,1.237e-19,1.472e-1,1.359e+2,5.960e-19,5.641e+1,,5.680e-17,,3.129e+1,9.236e-10,5.356e+2,1.068e-17,1.201e+3,1.111e-18,3.794e-17
369.9,2.205e+3,5.131e-21,4.778e-28,2.956e-26,1.937e-35,1.459e-33,,1.798e-19,1.293e-22,,2.328e-15,1.599e-1,2.942e-8,1.186e-17,5.200e-20,1.924e-22,,2.992e-16,,1.310e-14,1.419e+0,8.071e-34,5.772e-2,6.189e+0,3.663e-26,1.826e-19,1.162e-19,1.749e-1,9.261e-24,3.445e+2,4.515e-21,7.771e-27,2.942e-20,5.061e-23,2.003e-2,6.090e-1,8.204e-1,5.735e-5,,3.370e+0,,,1.208e-11,,3.731e+0,1.237e-19,1.096e-1,1.519e+2,5.972e-19,5.028e+1,,5.684e-17,,2.622e+1,1.563e-9,5.630e+2,1.069e-17,1.053e+3,1.111e-18,3.796e-17
369.93,2.064e+3,5.133e-21,4.789e-28,3.576e-26,1.937e-35,1.458e-33,,1.809e-19,1.295e-22,,2.329e-15,1.895e-1,3.329e-8,1.186e-17,5.205e-20,9.288e-23,,1.423e-16,,5.388e-15,1.890e+0,8.063e-34,3.908e-2,8.308e+0,3.665e-26,1.820e-19,1.162e-19,1.743e-1,9.270e-24,3.502e+2,4.522e-21,7.761e-27,2.944e-20,5.062e-23,1.514e-2,9.693e-1,9.435e-1,1.042e-4,,3.094e+0,,,2.669e-11,,3.005e+0,1.237e-19,6.961e-2,1.777e+2,5.989e-19,4.188e+1,,5.691e-17,,1.990e+1,3.404e-9,6.006e+2,1.070e-17,8.549e+2,1.110e-18,3.799e-17
369.95,1.987e+3,5.135e-21,4.795e-28,4.031e-26,1.937e-35,1.457e-33,,1.817e-19,1.296e-22,,2.329e-15,2.107e-1,3.589e-8,1.187e-17,5.208e-20,5.675e-23,,8.610e-17,,2.959e-15,2.271e+0,8.058e-34,2.993e-2,1.004e+1,3.667e-26,1.816e-19,1.162e-19,1.750e-1,9.276e-24,3.552e+2,4.527e-21,7.754e-27,2.946e-20,5.063e-23,1.247e-2,1.312e+0,1.034e+0,1.541e-4,,2.961e+0,,,4.531e-11,,2.583e+0,1.237e-19,5.109e-2,1.960e+2,6.000e-19,3.681e+1,,5.695e-17,,1.644e+1,5.680e-9,6.230e+2,1.071e-17,7.389e+2,1.110e-18,3.802e-17
369.98,1.895e+3,5.137e-21,4.806e-28,4.776e-26,1.936e-35,1.456e-33,,1.829e-19,1.298e-22,,2.330e-15,2.444e-1,3.977e-8,1.187e-17,5.212e-20,2.682e-23,,4.009e-17,,1.191e-15,2.961e+0,8.050e-34,1.984e-2,1.320e+1,3.669e-26,1.810e-19,1.163e-19,1.781e-1,9.285e-24,3.644e+2,4.535e-21,7.744e-27,2.948e-20,5.064e-23,9.233e-3,2.046e+0,1.184e+0,2.742e-4,,2.844e+0,,,9.939e-11,,2.036e+0,1.236e-19,3.179e-2,2.245e+2,6.017e-19,3.002e+1,,5.701e-17,,1.222e+1,1.212e-8,6.514e+2,1.072e-17,5.876e+2,1.109e-18,3.805e-17
370,1.847e+3,5.138e-21,4.812e-28,5.310e-26,1.936e-35,1.455e-33,,1.836e-19,1.300e-22,,2.331e-15,2.680e-1,4.229e-8,1.188e-17,5.215e-20,1.616e-23,,2.392e-17,,6.448e-16,3.510e+0,8.045e-34,1.498e-2,1.573e+1,3.670e-26,1.806e-19,1.163e-19,1.818e-1,9.291e-24,3.717e+2,4.540e-21,7.737e-27,2.949e-20,5.065e-23,7.502e-3,2.731e+0,1.293e+0,3.999e-4,,2.825e+0,,,1.667e-10,,1.726e+0,1.236e-19,2.300e-2,2.441e+2,6.029e-19,2.603e+1,,5.706e-17,,9.958e+0,1.994e-8,6.666e+2,1.073e-17,5.008e+2,1.109e-18,3.807e-17
370.03,1.794e+3,5.140e-21,4.823e-28,6.160e-26,1.936e-35,1.454e-33,,1.848e-19,1.302e-22,,2.331e-15,3.045e-1,4.589e-8,1.188e-17,5.220e-20,7.479e-24,,1.091e-17,,2.541e-16,4.482e+0,8.037e-34,9.726e-3,2.026e+1,3.672e-26,1.800e-19,1.163e-19,1.904e-1,9.300e-24,3.839e+2,4.547e-21,7.727e-27,2.951e-20,5.067e-23,5.437e-3,4.170e+0,1.470e+0,6.970e-4,,2.888e+0,,,3.585e-10,,1.333e+0,1.236e-19,1.401e-2,2.739e+2,6.046e-19,2.078e+1,,5.712e-17,,7.247e+0,4.167e-8,6.831e+2,1.075e-17,3.900e+2,1.108e-18,3.811e-17
370.05,1.769e+3,5.141e-21,4.829e-28,6.754e-26,1.936e-35,1.454e-33,,1.856e-19,1.303e-22,,2.332e-15,3.292e-1,4.812e-8,1.188e-17,5.223e-20,4.444e-24,,6.415e-18,,1.356e-16,5.238e+0,8.032e-34,7.241e-3,2.381e+1,3.673e-26,1.796e-19,1.163e-19,1.983e-1,9.306e-24,3.930e+2,4.552e-21,7.720e-27,2.953e-20,5.067e-23,4.356e-3,5.491e+0,1.598e+0,1.002e-3,,2.995e+0,,,5.932e-10,,1.114e+0,1.236e-19,9.999e-3,2.937e+2,6.057e-19,1.776e+1,,5.717e-17,,5.823e+0,6.763e-8,6.897e+2,1.075e-17,3.277e+2,1.108e-18,3.813e-17
370.08,1.742e+3,5.143e-21,4.840e-28,7.673e-26,1.935e-35,1.452e-33,,1.867e-19,1.306e-22,,2.333e-15,3.663e-1,5.113e-8,1.189e-17,5.228e-20,2.014e-24,,2.865e-18,,5.234e-17,6.550e+0,8.024e-34,4.603e-3,3.002e+1,3.675e-26,1.790e-19,1.164e-19,2.139e-1,9.315e-24,4.077e+2,4.560e-21,7.710e-27,2.955e-20,5.069e-23,3.091e-3,8.210e+0,1.802e+0,1.711e-3,,3.259e+0,,,1.250e-9,,8.420e-1,1.236e-19,5.964e-3,3.227e+2,6.074e-19,1.389e+1,,5.723e-17,,4.150e+0,1.384e-7,6.928e+2,1.077e-17,2.499e+2,1.107e-18,3.816e-17
370.1,1.732e+3,5.145e-21,4.846e-28,8.296e-26,1.935e-35,1.452e-33,,1.875e-19,1.307e-22,,2.333e-15,3.905e-1,5.288e-8,1.189e-17,5.231e-20,1.180e-24,,1.663e-18,,2.754e-17,7.550e+0,8.019e-34,3.379e-3,3.480e+1,3.676e-26,1.785e-19,1.164e-19,2.270e-1,9.321e-24,4.183e+2,4.565e-21,7.703e-27,2.956e-20,5.070e-23,2.442e-3,1.066e+1,1.945e+0,2.427e-3,,3.507e+0,,,2.039e-9,,6.939e-1,1.235e-19,4.196e-3,3.412e+2,6.086e-19,1.171e+1,,5.728e-17,,3.287e+0,2.216e-7,6.902e+2,1.077e-17,2.071e+2,1.107e-18,3.819e-17
370.13,1.723e+3,5.147e-21,4.857e-28,9.230e-26,1.935e-35,1.451e-33,,1.886e-19,1.309e-22,,2.334e-15,4.255e-1,5.502e-8,1.190e-17,5.235e-20,5.239e-25,,7.318e-19,,1.041e-17,9.246e+0,8.011e-34,2.103e-3,4.297e+1,3.678e-26,1.779e-19,1.164e-19,2.508e-1,9.330e-24,4.352e+2,4.573e-21,7.693e-27,2.958e-20,5.071e-23,1.697e-3,1.561e+1,2.170e+0,4.058e-3,,3.995e+0,,,4.207e-9,,5.137e-1,1.235e-19,2.451e-3,3.672e+2,6.103e-19,8.966e+0,,5.734e-17,,2.294e+0,4.442e-7,6.795e+2,1.079e-17,1.546e+2,1.106e-18,3.822e-17
370.15,1.721e+3,5.148e-21,4.863e-28,9.842e-26,1.935e-35,1.450e-33,,1.894e-19,1.310e-22,,2.334e-15,4.474e-1,5.611e-8,1.190e-17,5.238e-20,3.027e-25,,4.256e-19,,5.399e-18,1.051e+1,8.006e-34,1.523e-3,4.912e+1,3.680e-26,1.775e-19,1.164e-19,2.697e-1,9.336e-24,4.471e+2,4.578e-21,7.686e-27,2.960e-20,5.072e-23,1.322e-3,1.999e+1,2.324e+0,5.677e-3,,4.402e+0,,,6.771e-9,,4.174e-1,1.235e-19,1.700e-3,3.829e+2,6.114e-19,7.452e+0,,5.738e-17,,1.792e+0,7.013e-7,6.679e+2,1.080e-17,1.263e+2,1.106e-18,3.824e-17
370.18,1.722e+3,5.150e-21,4.874e-28,1.072e-25,1.935e-35,1.449e-33,,1.906e-19,1.313e-22,,2.335e-15,4.774e-1,5.719e-8,1.191e-17,5.243e-20,1.316e-25,,2.017e-19,,1.997e-18,1.261e+1,7.998e-34,9.287e-4,5.941e+1,3.681e-26,1.769e-19,1.165e-19,3.024e-1,9.345e-24,4.659e+2,4.585e-21,7.676e-27,2.962e-20,5.073e-23,8.992e-4,2.867e+1,2.559e+0,9.296e-3,,5.147e+0,,,1.368e-8,,3.026e-1,1.235e-19,9.723e-4,4.034e+2,6.131e-19,5.587e+0,,5.745e-17,,1.224e+0,1.377e-6,6.445e+2,1.081e-17,9.236e+1,1.105e-18,3.828e-17
370.2,1.726e+3,5.151e-21,4.880e-28,1.128e-25,1.935e-35,1.448e-33,,1.913e-19,1.314e-22,,2.336e-15,4.951e-1,5.751e-8,1.191e-17,5.246e-20,7.498e-26,,1.415e-19,,1.022e-18,1.413e+1,7.993e-34,6.638e-4,6.696e+1,3.683e-26,1.765e-19,1.165e-19,3.272e-1,9.351e-24,4.791e+2,4.590e-21,7.669e-27,2.963e-20,5.074e-23,6.907e-4,3.621e+1,2.715e+0,1.283e-2,,5.739e+0,,,2.172e-8,,2.425e-1,1.235e-19,6.651e-4,4.148e+2,6.143e-19,4.579e+0,,5.749e-17,,9.432e-1,2.144e-6,6.251e+2,1.082e-17,7.443e+1,1.105e-18,3.830e-17
370.23,1.734e+3,5.153e-21,4.891e-28,1.203e-25,1.934e-35,1.447e-33,,1.925e-19,1.316e-22,,2.336e-15,5.173e-1,5.740e-8,1.191e-17,5.251e-20,3.192e-26,,1.338e-19,,3.699e-19,1.660e+1,7.985e-34,3.982e-4,7.931e+1,3.685e-26,1.759e-19,1.165e-19,3.686e-1,9.360e-24,4.999e+2,4.598e-21,7.659e-27,2.965e-20,5.076e-23,4.602e-4,5.087e+1,2.945e+0,2.057e-2,,6.786e+0,,,4.298e-8,,1.721e-1,1.234e-19,3.724e-4,4.281e+2,6.160e-19,3.362e+0,,5.756e-17,,6.310e-1,4.123e-6,5.912e+2,1.083e-17,5.328e+1,1.104e-18,3.833e-17
370.25,1.742e+3,5.155e-21,4.897e-28,1.247e-25,1.934e-35,1.446e-33,,1.932e-19,1.318e-22,,2.337e-15,5.290e-1,5.694e-8,1.192e-17,5.254e-20,1.794e-26,,1.786e-19,,1.866e-19,1.835e+1,7.980e-34,2.828e-4,8.817e+1,3.686e-26,1.755e-19,1.165e-19,3.988e-1,9.366e-24,5.145e+2,4.603e-21,7.653e-27,2.967e-20,5.077e-23,3.486e-4,6.336e+1,3.093e+0,2.799e-2,,7.600e+0,,,6.729e-8,,1.360e-1,1.234e-19,2.512e-4,4.341e+2,6.171e-19,2.717e+0,,5.760e-17,,4.793e-1,6.332e-6,5.658e+2,1.084e-17,4.234e+1,1.104e-18,3.836e-17
370.27,1.751e+3,5.156e-21,4.904e-28,1.286e-25,1.934e-35,1.445e-33,,1.940e-19,1.319e-22,,2.337e-15,5.379e-1,5.617e-8,1.192e-17,5.257e-20,1.002e-26,,2.739e-19,,9.358e-20,2.017e+1,7.975e-34,2.017e-4,9.746e+1,3.687e-26,1.751e-19,1.165e-19,4.308e-1,9.372e-24,5.296e+2,4.608e-21,7.646e-27,2.968e-20,5.077e-23,2.625e-4,7.847e+1,3.234e+0,3.787e-2,,8.515e+0,,,1.048e-7,,1.069e-1,1.234e-19,1.685e-4,4.377e+2,6.183e-19,2.183e+0,,5.765e-17,,3.620e-1,9.670e-6,5.386e+2,1.085e-17,3.345e+1,1.103e-18,3.838e-17
370.3,1.769e+3,5.158e-21,4.914e-28,1.333e-25,1.934e-35,1.444e-33,,1.952e-19,1.321e-22,,2.338e-15,5.458e-1,5.447e-8,1.193e-17,5.261e-20,4.143e-27,,5.683e-19,,3.289e-20,2.301e+1,7.967e-34,1.257e-4,1.121e+2,3.689e-26,1.744e-19,1.166e-19,4.817e-1,9.381e-24,5.534e+2,4.615e-21,7.636e-27,2.970e-20,5.079e-23,1.698e-4,1.071e+2,3.428e+0,5.899e-2,,1.010e+1,,,2.014e-7,,7.364e-2,1.234e-19,9.159e-5,4.387e+2,6.200e-19,1.557e+0,,5.771e-17,,2.352e-1,1.806e-5,4.952e+2,1.086e-17,2.325e+1,1.103e-18,3.841e-17
370.32,1.785e+3,5.159e-21,4.921e-28,1.355e-25,1.934e-35,1.443e-33,,1.959e-19,1.322e-22,,2.339e-15,5.474e-1,5.300e-8,1.193e-17,5.264e-20,2.283e-27,,9.364e-19,,1.626e-20,2.494e+1,7.962e-34,9.704e-5,1.222e+2,3.690e-26,1.740e-19,1.166e-19,5.172e-1,9.387e-24,5.700e+2,4.620e-21,7.629e-27,2.971e-20,5.080e-23,1.261e-4,1.308e+2,3.543e+0,7.872e-2,,1.130e+1,,,3.093e-7,,5.706e-2,1.234e-19,6.058e-5,4.362e+2,6.211e-19,1.234e+0,,5.775e-17,,1.752e-1,2.721e-5,4.652e+2,1.087e-17,1.812e+1,1.102e-18,3.843e-17
370.35,1.815e+3,5.161e-21,4.931e-28,1.375e-25,1.933e-35,1.442e-33,,1.971e-19,1.325e-22,,2.339e-15,5.439e-1,5.037e-8,1.193e-17,5.269e-20,9.241e-28,,1.973e-18,,1.616e-20,2.786e+1,7.954e-34,7.860e-5,1.377e+2,3.692e-26,1.734e-19,1.166e-19,5.716e-1,9.396e-24,5.960e+2,4.628e-21,7.619e-27,2.973e-20,5.081e-23,7.989e-5,1.747e+2,3.689e+0,1.201e-1,,1.336e+1,,,5.824e-7,,3.851e-2,1.233e-19,3.224e-5,4.281e+2,6.228e-19,8.611e-1,,5.782e-17,,1.114e-1,4.978e-5,4.192e+2,1.088e-17,1.233e+1,1.102e-18,3.847e-17
370.37,1.841e+3,5.163e-21,4.938e-28,1.379e-25,1.933e-35,1.442e-33,,1.979e-19,1.326e-22,,2.340e-15,5.379e-1,4.837e-8,1.194e-17,5.272e-20,5.022e-28,,3.226e-18,,1.608e-20,2.979e+1,7.949e-34,8.053e-5,1.480e+2,3.694e-26,1.730e-19,1.166e-19,6.080e-1,9.402e-24,6.140e+2,4.633e-21,7.612e-27,2.975e-20,5.082e-23,5.851e-5,2.105e+2,3.766e+0,1.580e-1,,1.492e+1,,,8.820e-7,,2.942e-2,1.233e-19,2.103e-5,4.198e+2,6.240e-19,6.729e-1,,5.786e-17,,8.183e-2,7.395e-5,3.886e+2,1.089e-17,9.475e+0,1.101e-18,3.849e-17
370.4,1.890e+3,5.165e-21,4.948e-28,1.371e-25,1.933e-35,1.440e-33,,1.990e-19,1.328e-22,,2.341e-15,5.235e-1,4.509e-8,1.194e-17,5.277e-20,1.991e-28,,6.675e-18,,1.598e-20,3.259e+1,7.941e-34,1.053e-4,1.633e+2,3.696e-26,1.724e-19,1.167e-19,6.619e-1,9.411e-24,6.419e+2,4.641e-21,7.602e-27,2.977e-20,5.083e-23,3.629e-5,2.754e+2,3.848e+0,2.362e-1,,1.756e+1,,,1.627e-6,,1.944e-2,1.233e-19,1.096e-5,4.034e+2,6.257e-19,4.600e-1,,5.793e-17,,5.097e-2,1.325e-4,3.432e+2,1.090e-17,6.314e+0,1.101e-18,3.852e-17
370.42,1.930e+3,5.166e-21,4.955e-28,1.355e-25,1.933e-35,1.440e-33,,1.998e-19,1.330e-22,,2.341e-15,5.105e-1,4.276e-8,1.195e-17,5.280e-20,1.067e-28,,1.076e-17,,1.590e-20,3.436e+1,7.936e-34,1.393e-4,1.731e+2,3.697e-26,1.720e-19,1.167e-19,6.966e-1,9.417e-24,6.611e+2,4.646e-21,7.595e-27,2.978e-20,5.084e-23,2.620e-5,3.272e+2,3.879e+0,3.065e-1,,1.954e+1,,,2.430e-6,,1.465e-2,1.233e-19,7.047e-6,3.901e+2,6.268e-19,3.544e-1,,5.797e-17,,3.691e-2,1.942e-4,3.139e+2,1.091e-17,4.784e+0,1.100e-18,3.855e-17
370.45,2.004e+3,5.168e-21,4.965e-28,1.319e-25,1.933e-35,1.439e-33,,2.009e-19,1.332e-22,,2.342e-15,4.865e-1,3.917e-8,1.195e-17,5.284e-20,4.140e-29,,2.182e-17,,1.580e-20,3.681e+1,7.928e-34,2.264e-4,1.870e+2,3.699e-26,1.714e-19,1.167e-19,7.455e-1,9.426e-24,6.905e+2,4.653e-21,7.585e-27,2.980e-20,5.086e-23,1.591e-5,4.193e+2,3.888e+0,4.486e-1,,2.284e+1,,,4.390e-6,,9.478e-3,1.232e-19,3.596e-6,3.672e+2,6.285e-19,2.372e-1,,5.804e-17,,2.251e-2,3.408e-4,2.718e+2,1.092e-17,3.122e+0,1.100e-18,3.858e-17
370.47,2.064e+3,5.169e-21,4.972e-28,1.286e-25,1.932e-35,1.438e-33,,2.017e-19,1.333e-22,,2.342e-15,4.679e-1,3.676e-8,1.196e-17,5.287e-20,2.188e-29,,3.471e-17,,1.572e-20,3.828e+1,7.923e-34,3.180e-4,1.956e+2,3.700e-26,1.710e-19,1.167e-19,7.752e-1,9.432e-24,7.105e+2,4.658e-21,7.578e-27,2.982e-20,5.086e-23,1.133e-5,4.913e+2,3.869e+0,5.742e-1,,2.529e+1,,,6.466e-6,,7.041e-3,1.232e-19,2.281e-6,3.502e+2,6.297e-19,1.803e-1,,5.808e-17,,1.608e-2,4.924e-4,2.452e+2,1.093e-17,2.332e+0,1.099e-18,3.860e-17
370.5,2.172e+3,5.171e-21,4.982e-28,1.226e-25,1.932e-35,1.437e-33,,2.029e-19,1.335e-22,,2.343e-15,4.366e-1,3.320e-8,1.196e-17,5.292e-20,8.316e-30,,6.891e-17,,1.562e-20,4.016e+1,7.915e-34,5.309e-4,2.069e+2,3.702e-26,1.703e-19,1.168e-19,8.144e-1,9.441e-24,7.406e+2,4.666e-21,7.568e-27,2.984e-20,5.088e-23,6.738e-6,6.166e+2,3.802e+0,8.230e-1,,2.932e+1,,,1.144e-5,,4.461e-3,1.232e-19,1.141e-6,3.227e+2,6.314e-19,1.181e-1,,5.815e-17,,9.600e-3,8.465e-4,2.081e+2,1.094e-17,1.490e+0,1.099e-18,3.864e-17
370.52,2.256e+3,5.173e-21,4.989e-28,1.179e-25,1.932e-35,1.436e-33,,2.036e-19,1.337e-22,,2.344e-15,4.141e-1,3.094e-8,1.196e-17,5.295e-20,4.333e-30,,1.081e-16,,1.554e-20,4.118e+1,7.910e-34,7.446e-4,2.133e+2,3.703e-26,1.699e-19,1.168e-19,8.363e-1,9.447e-24,7.605e+2,4.671e-21,7.561e-27,2.985e-20,5.089e-23,4.732e-6,7.125e+2,3.734e+0,1.039e+0,,3.226e+1,,,1.662e-5,,3.268e-3,1.232e-19,7.154e-7,3.035e+2,6.325e-19,8.852e-2,,5.819e-17,,6.760e-3,1.206e-3,1.853e+2,1.095e-17,1.098e+0,1.098e-18,3.866e-17
370.55,2.401e+3,5.174e-21,4.999e-28,1.100e-25,1.932e-35,1.435e-33,,2.048e-19,1.339e-22,,2.344e-15,3.785e-1,2.777e-8,1.197e-17,5.300e-20,1.613e-30,,2.102e-16,,1.544e-20,4.232e+1,7.902e-34,1.227e-3,2.210e+2,3.705e-26,1.693e-19,1.168e-19,8.619e-1,9.456e-24,7.900e+2,4.678e-21,7.551e-27,2.987e-20,5.090e-23,2.755e-6,8.758e+2,3.597e+0,1.458e+0,,3.703e+1,,,2.881e-5,,2.028e-3,1.232e-19,3.557e-7,2.739e+2,6.342e-19,5.681e-2,,5.825e-17,,3.953e-3,2.031e-3,1.541e+2,1.096e-17,6.870e-1,1.098e-18,3.869e-17
370.57,2.512e+3,5.176e-21,5.006e-28,1.044e-25,1.932e-35,1.434e-33,,2.056e-19,1.340e-22,,2.345e-15,3.540e-1,2.587e-8,1.197e-17,5.303e-20,8.288e-31,,3.253e-16,,1.536e-20,4.279e+1,7.897e-34,1.700e-3,2.248e+2,3.707e-26,1.689e-19,1.168e-19,8.737e-1,9.462e-24,8.090e+2,4.683e-21,7.545e-27,2.989e-20,5.091e-23,1.908e-6,9.980e+2,3.485e+0,1.816e+0,,4.044e+1,,,4.128e-5,,1.465e-3,1.231e-19,2.272e-7,2.540e+2,6.354e-19,4.198e-2,,5.830e-17,,2.745e-3,2.855e-3,1.354e+2,1.097e-17,4.990e-1,1.097e-18,3.872e-17
370.6,2.697e+3,5.178e-21,5.016e-28,9.538e-26,1.931e-35,1.433e-33,,2.067e-19,1.342e-22,,2.346e-15,3.168e-1,2.339e-8,1.198e-17,5.307e-20,3.021e-31,,6.196e-16,,1.526e-20,4.306e+1,7.889e-34,2.746e-3,2.281e+2,3.708e-26,1.683e-19,1.169e-19,8.830e-1,9.471e-24,8.362e+2,4.691e-21,7.534e-27,2.991e-20,5.092e-23,1.088e-6,1.201e+3,3.290e+0,2.497e+0,,4.587e+1,,,7.007e-5,,8.898e-4,1.231e-19,1.302e-7,2.245e+2,6.371e-19,2.638e-2,,5.836e-17,,1.571e-3,4.709e-3,1.103e+2,1.098e-17,3.058e-1,1.097e-18,3.875e-17
370.62,2.833e+3,5.179e-21,5.023e-28,8.920e-26,1.931e-35,1.432e-33,,2.075e-19,1.344e-22,,2.346e-15,2.922e-1,2.204e-8,1.198e-17,5.310e-20,1.531e-31,,9.456e-16,,1.518e-20,4.294e+1,7.884e-34,3.754e-3,2.287e+2,3.710e-26,1.679e-19,1.169e-19,8.833e-1,9.477e-24,8.532e+2,4.696e-21,7.528e-27,2.992e-20,5.093e-23,7.425e-7,1.350e+3,3.146e+0,3.066e+0,,4.967e+1,,,9.902e-5,,6.338e-4,1.231e-19,1.085e-7,2.054e+2,6.382e-19,1.922e-2,,5.841e-17,,1.076e-3,6.528e-3,9.565e+1,1.099e-17,2.190e-1,1.096e-18,3.877e-17
370.64,2.979e+3,5.180e-21,5.030e-28,8.296e-26,1.931e-35,1.431e-33,,2.082e-19,1.345e-22,,2.347e-15,2.680e-1,2.095e-8,1.198e-17,5.313e-20,7.713e-32,,1.435e-15,,1.511e-20,4.258e+1,7.879e-34,5.105e-3,2.281e+2,3.711e-26,1.675e-19,1.169e-19,8.790e-1,9.483e-24,8.689e+2,4.701e-21,7.521e-27,2.994e-20,5.094e-23,5.041e-7,1.509e+3,2.991e+0,3.743e+0,,5.358e+1,,,1.392e-4,,4.489e-4,1.231e-19,1.145e-7,1.868e+2,6.394e-19,1.392e-2,,5.845e-17,,7.326e-4,8.999e-3,8.247e+1,1.100e-17,1.560e-1,1.096e-18,3.880e-17
370.67,3.215e+3,5.182e-21,5.040e-28,7.364e-26,1.931e-35,1.430e-33,,2.094e-19,1.347e-22,,2.347e-15,2.329e-1,1.986e-8,1.199e-17,5.318e-20,2.730e-32,,2.655e-15,,1.500e-20,4.161e+1,7.871e-34,8.011e-3,2.248e+2,3.713e-26,1.669e-19,1.169e-19,8.639e-1,9.492e-24,8.898e+2,4.709e-21,7.511e-27,2.996e-20,5.096e-23,2.791e-7,1.764e+3,2.746e+0,4.999e+0,,5.960e+1,,,2.295e-4,,2.648e-4,1.231e-19,1.814e-7,1.603e+2,6.411e-19,8.496e-3,,5.852e-17,,4.072e-4,1.442e-2,6.536e+1,1.101e-17,9.281e-2,1.095e-18,3.883e-17
370.69,3.381e+3,5.184e-21,5.047e-28,6.754e-26,1.931e-35,1.430e-33,,2.102e-19,1.349e-22,,2.348e-15,2.107e-1,1.953e-8,1.199e-17,5.321e-20,1.193e-32,,3.975e-15,,1.493e-20,4.070e+1,7.866e-34,1.074e-2,2.210e+2,3.714e-26,1.664e-19,1.170e-19,8.483e-1,9.498e-24,9.016e+2,4.714e-21,7.504e-27,2.997e-20,5.096e-23,1.868e-7,1.945e+3,2.577e+0,6.020e+0,,6.367e+1,,,3.181e-4,,1.850e-4,1.230e-19,2.804e-7,1.438e+2,6.422e-19,6.070e-3,,5.856e-17,,2.734e-4,1.960e-2,5.560e+1,1.102e-17,6.519e-2,1.095e-18,3.885e-17
370.72,3.640e+3,5.186e-21,5.057e-28,5.871e-26,1.930e-35,1.428e-33,,2.113e-19,1.351e-22,,2.349e-15,1.793e-1,1.966e-8,1.200e-17,5.326e-20,4.149e-33,,7.204e-15,,1.482e-20,3.895e+1,7.858e-34,1.651e-2,2.133e+2,3.716e-26,1.658e-19,1.170e-19,8.172e-1,9.507e-24,9.156e+2,4.721e-21,7.494e-27,2.999e-20,5.098e-23,1.013e-7,2.227e+3,2.321e+0,7.873e+0,,6.973e+1,,,5.137e-4,,1.068e-4,1.230e-19,5.695e-7,1.208e+2,6.439e-19,3.627e-3,,5.862e-17,,1.488e-4,3.075e-2,4.318e+1,1.104e-17,3.798e-2,1.094e-18,3.889e-17
370.74,3.816e+3,5.187e-21,5.064e-28,5.310e-26,1.930e-35,1.428e-33,,2.121e-19,1.352e-22,,2.349e-15,1.599e-1,2.020e-8,1.200e-17,5.329e-20,2.037e-33,,1.064e-14,,1.475e-20,3.757e+1,7.853e-34,2.184e-2,2.069e+2,3.717e-26,1.654e-19,1.170e-19,7.918e-1,9.513e-24,9.222e+2,4.726e-21,7.487e-27,3.001e-20,5.099e-23,6.685e-8,2.420e+3,2.151e+0,9.351e+0,,7.370e+1,,,7.022e-4,,7.359e-5,1.230e-19,9.203e-7,1.069e+2,6.451e-19,2.555e-3,,5.867e-17,,9.853e-5,4.124e-2,3.625e+1,1.104e-17,2.630e-2,1.094e-18,3.891e-17
370.77,4.082e+3,5.189e-21,5.074e-28,4.520e-26,1.930e-35,1.427e-33,,2.132e-19,1.354e-22,,2.350e-15,1.333e-1,2.169e-8,1.201e-17,5.333e-20,5.157e-32,,1.888e-14,,1.464e-20,3.521e+1,7.846e-34,3.288e-2,1.956e+2,3.719e-26,1.648e-19,1.170e-19,7.478e-1,9.522e-24,9.275e+2,4.734e-21,7.477e-27,3.003e-20,5.100e-23,3.548e-8,2.714e+3,1.901e+0,1.198e+1,,7.940e+1,,,1.111e-3,,4.162e-5,1.230e-19,1.882e-6,8.798e+1,6.468e-19,1.495e-3,,5.873e-17,,5.252e-5,6.338e-2,2.759e+1,1.106e-17,1.500e-2,1.093e-18,3.894e-17
370.79,4.257e+3,5.190e-21,5.081e-28,4.031e-26,1.930e-35,1.426e-33,,2.140e-19,1.356e-22,,2.350e-15,1.173e-1,2.315e-8,1.201e-17,5.337e-20,8.459e-32,,2.749e-14,,1.457e-20,3.349e+1,7.840e-34,4.289e-2,1.870e+2,3.721e-26,1.644e-19,1.171e-19,7.150e-1,9.528e-24,9.278e+2,4.739e-21,7.470e-27,3.004e-20,5.101e-23,2.310e-8,2.910e+3,1.741e+0,1.403e+1,,8.297e+1,,,1.498e-3,,2.827e-5,1.230e-19,3.014e-6,7.674e+1,6.479e-19,1.038e-3,,5.878e-17,,3.428e-5,8.382e-2,2.285e+1,1.106e-17,1.025e-2,1.093e-18,3.897e-17
370.82,4.509e+3,5.192e-21,5.091e-28,3.361e-26,1.930e-35,1.425e-33,,2.152e-19,1.358e-22,,2.351e-15,9.572e-2,2.607e-8,1.201e-17,5.341e-20,1.341e-31,,4.780e-14,,1.446e-20,3.074e+1,7.833e-34,6.325e-2,1.731e+2,3.723e-26,1.638e-19,1.171e-19,6.620e-1,9.537e-24,9.230e+2,4.747e-21,7.460e-27,3.006e-20,5.102e-23,1.200e-8,3.196e+3,1.514e+0,1.760e+1,,8.786e+1,,,2.321e-3,,1.565e-5,1.229e-19,6.050e-6,6.186e+1,6.496e-19,5.949e-4,,5.884e-17,,1.789e-5,1.262e-1,1.705e+1,1.108e-17,5.724e-3,1.092e-18,3.900e-17
370.84,4.667e+3,5.194e-21,5.098e-28,2.956e-26,1.929e-35,1.424e-33,,2.159e-19,1.359e-22,,2.352e-15,8.303e-2,2.849e-8,1.202e-17,5.344e-20,1.671e-31,,6.865e-14,,1.439e-20,2.883e+1,7.827e-34,8.137e-2,1.633e+2,3.724e-26,1.634e-19,1.171e-19,6.248e-1,9.543e-24,9.162e+2,4.752e-21,7.453e-27,3.008e-20,5.103e-23,7.705e-9,3.378e+3,1.374e+0,2.033e+1,,9.076e+1,,,3.086e-3,,1.048e-5,1.229e-19,9.561e-6,5.321e+1,6.508e-19,4.075e-4,,5.889e-17,,1.152e-5,1.646e-1,1.393e+1,1.109e-17,3.855e-3,1.092e-18,3.902e-17
370.87,4.882e+3,5.196e-21,5.108e-28,2.413e-26,1.929e-35,1.423e-33,,2.171e-19,1.361e-22,,2.353e-15,6.637e-2,3.283e-8,1.202e-17,5.349e-20,2.167e-31,,1.169e-13,,1.428e-20,2.592e+1,7.820e-34,1.175e-1,1.480e+2,3.726e-26,1.628e-19,1.171e-19,5.673e-1,9.552e-24,9.007e+2,4.759e-21,7.443e-27,3.010e-20,5.105e-23,3.921e-9,3.634e+3,1.180e+0,2.499e+1,,9.444e+1,,,4.683e-3,,5.685e-6,1.229e-19,1.880e-5,4.200e+1,6.525e-19,2.286e-4,,5.895e-17,,5.886e-6,2.426e-1,1.018e+1,1.110e-17,2.108e-3,1.091e-18,3.906e-17
370.89,5.008e+3,5.197e-21,5.115e-28,2.093e-26,1.929e-35,1.422e-33,,2.179e-19,1.363e-22,,2.353e-15,5.677e-2,3.617e-8,1.203e-17,5.352e-20,2.497e-31,,1.656e-13,,1.421e-20,2.397e+1,7.814e-34,1.491e-1,1.377e+2,3.727e-26,1.623e-19,1.172e-19,5.286e-1,9.558e-24,8.867e+2,4.764e-21,7.437e-27,3.011e-20,5.105e-23,2.482e-9,3.789e+3,1.064e+0,2.847e+1,,9.640e+1,,,6.141e-3,,3.754e-6,1.229e-19,2.931e-5,3.563e+1,6.536e-19,1.544e-4,,5.899e-17,,3.736e-6,3.121e-1,8.208e+0,1.111e-17,1.400e-3,1.091e-18,3.908e-17
370.92,5.164e+3,5.199e-21,5.125e-28,1.673e-26,1.929e-35,1.421e-33,,2.190e-19,1.365e-22,,2.354e-15,4.444e-2,4.182e-8,1.203e-17,5.356e-20,2.992e-31,,2.763e-13,,1.410e-20,2.110e+1,7.807e-34,2.110e-1,1.222e+2,3.729e-26,1.617e-19,1.172e-19,4.709e-1,9.567e-24,8.607e+2,4.772e-21,7.426e-27,3.013e-20,5.107e-23,1.237e-9,3.991e+3,9.096e-1,3.426e+1,,9.856e+1,,,9.129e-3,,1.994e-6,1.229e-19,5.645e-5,2.754e+1,6.553e-19,8.483e-5,,5.906e-17,,1.870e-6,4.507e-1,5.881e+0,1.112e-17,7.498e-4,1.090e-18,3.911e-17
370.94,5.243e+3,5.200e-21,5.132e-28,1.431e-26,1.929e-35,1.420e-33,,2.198e-19,1.366e-22,,2.354e-15,3.749e-2,4.597e-8,1.203e-17,5.360e-20,3.323e-31,,3.860e-13,,1.403e-20,1.925e+1,7.802e-34,2.640e-1,1.121e+2,3.730e-26,1.613e-19,1.172e-19,4.333e-1,9.573e-24,8.400e+2,4.777e-21,7.420e-27,3.014e-20,5.108e-23,7.717e-10,4.104e+3,8.203e-1,3.849e+1,,9.945e+1,,,1.181e-2,,1.298e-6,1.228e-19,8.680e-5,2.304e+1,6.565e-19,5.650e-5,,5.910e-17,,1.170e-6,5.718e-1,4.677e+0,1.113e-17,4.910e-4,1.090e-18,3.914e-17
370.97,5.321e+3,5.202e-21,5.142e-28,1.121e-26,1.928e-35,1.419e-33,,2.209e-19,1.368e-22,,2.355e-15,2.874e-2,5.269e-8,1.204e-17,5.364e-20,3.818e-31,,6.307e-13,,1.392e-20,1.660e+1,7.794e-34,3.658e-1,9.748e+1,3.732e-26,1.607e-19,1.172e-19,3.791e-1,9.582e-24,8.046e+2,4.784e-21,7.410e-27,3.017e-20,5.109e-23,3.765e-10,4.234e+3,7.063e-1,4.537e+1,,9.994e+1,,,1.719e-2,,6.750e-7,1.228e-19,1.638e-4,1.744e+1,6.582e-19,3.039e-5,,5.917e-17,,5.734e-7,8.088e-1,3.284e+0,1.114e-17,2.575e-4,1.089e-18,3.917e-17
370.99,5.344e+3,5.204e-21,5.149e-28,9.453e-27,1.928e-35,1.418e-33,,2.217e-19,1.370e-22,,2.356e-15,2.391e-2,5.745e-8,1.204e-17,5.367e-20,4.148e-31,,8.689e-13,,1.385e-20,1.493e+1,7.789e-34,4.515e-1,8.818e+1,3.734e-26,1.603e-19,1.173e-19,3.448e-1,9.588e-24,7.784e+2,4.789e-21,7.403e-27,3.018e-20,5.110e-23,2.317e-10,4.293e+3,6.432e-1,5.027e+1,,9.972e+1,,,2.193e-2,,4.334e-7,1.228e-19,2.484e-4,1.438e+1,6.593e-19,1.996e-5,,5.921e-17,,3.539e-7,1.012e+0,2.577e+0,1.115e-17,1.663e-4,1.089e-18,3.919e-17
371.01,5.344e+3,5.205e-21,5.156e-28,7.930e-27,1.928e-35,1.418e-33,,2.225e-19,1.371e-22,,2.356e-15,1.978e-2,6.238e-8,1.205e-17,5.370e-20,4.478e-31,,1.191e-12,,1.378e-20,1.336e+1,7.783e-34,5.543e-1,7.933e+1,3.735e-26,1.599e-19,1.173e-19,3.122e-1,9.594e-24,7.505e+2,4.794e-21,7.396e-27,3.019e-20,5.111e-23,1.418e-10,4.329e+3,5.901e-1,5.540e+1,,9.907e+1,,,2.782e-2,,2.768e-7,1.228e-19,3.745e-4,1.180e+1,6.604e-19,1.304e-5,,5.926e-17,,2.172e-7,1.259e+0,2.011e+0,1.116e-17,1.068e-4,1.089e-18,3.921e-17
371.04,5.297e+3,5.207e-21,5.166e-28,6.029e-27,1.928e-35,1.416e-33,,2.236e-19,1.373e-22,,2.357e-15,1.472e-2,6.996e-8,1.205e-17,5.375e-20,4.974e-31,,1.890e-12,,1.367e-20,1.118e+1,7.776e-34,7.461e-1,6.700e+1,3.737e-26,1.593e-19,1.173e-19,2.671e-1,9.603e-24,7.061e+2,4.802e-21,7.386e-27,3.021e-20,5.112e-23,6.718e-11,4.338e+3,5.278e-1,6.342e+1,,9.737e+1,,,3.935e-2,,1.397e-7,1.228e-19,6.865e-4,8.675e+0,6.622e-19,6.810e-6,,5.932e-17,,1.033e-7,1.730e+0,1.373e+0,1.117e-17,5.437e-5,1.088e-18,3.925e-17
371.06,5.236e+3,5.208e-21,5.173e-28,4.988e-27,1.928e-35,1.416e-33,,2.244e-19,1.375e-22,,2.357e-15,1.201e-2,7.506e-8,1.205e-17,5.378e-20,5.304e-31,,2.554e-12,,1.360e-20,9.865e+0,7.770e-34,9.033e-1,5.945e+1,3.738e-26,1.589e-19,1.173e-19,2.397e-1,9.609e-24,6.754e+2,4.807e-21,7.379e-27,3.023e-20,5.113e-23,4.054e-11,4.314e+3,4.969e-1,6.893e+1,,9.579e+1,,,4.923e-2,,8.798e-8,1.227e-19,1.021e-3,7.017e+0,6.633e-19,4.386e-6,,5.936e-17,,6.253e-8,2.123e+0,1.057e+0,1.118e-17,3.443e-5,1.088e-18,3.927e-17
371.09,5.101e+3,5.210e-21,5.183e-28,3.714e-27,1.927e-35,1.414e-33,,2.255e-19,1.377e-22,,2.358e-15,8.757e-3,8.262e-8,1.206e-17,5.383e-20,5.799e-31,,3.971e-12,,1.349e-20,8.089e+0,7.763e-34,1.191e+0,4.920e+1,3.740e-26,1.582e-19,1.174e-19,2.028e-1,9.618e-24,6.286e+2,4.815e-21,7.369e-27,3.025e-20,5.115e-23,1.881e-11,4.234e+3,4.648e-1,7.728e+1,,9.287e+1,,,6.820e-2,,4.349e-8,1.227e-19,1.833e-3,5.052e+0,6.650e-19,2.243e-6,,5.943e-17,,2.913e-8,2.857e+0,7.067e-1,1.119e-17,1.716e-5,1.087e-18,3.931e-17
371.11,4.984e+3,5.212e-21,5.190e-28,3.029e-27,1.927e-35,1.414e-33,,2.263e-19,1.378e-22,,2.359e-15,7.045e-3,8.751e-8,1.206e-17,5.386e-20,6.129e-31,,5.293e-12,,1.342e-20,7.037e+0,7.758e-34,1.422e+0,4.307e+1,3.741e-26,1.578e-19,1.174e-19,1.811e-1,9.624e-24,5.976e+2,4.820e-21,7.362e-27,3.026e-20,5.115e-23,1.119e-11,4.153e+3,4.518e-1,8.283e+1,,9.063e+1,,,8.416e-2,,2.700e-8,1.227e-19,2.690e-3,4.030e+0,6.661e-19,1.425e-6,,5.947e-17,,1.738e-8,3.459e+0,5.368e-1,1.120e-17,1.072e-5,1.087e-18,3.933e-17
371.14,4.773e+3,5.214e-21,5.200e-28,2.209e-27,1.927e-35,1.413e-33,,2.275e-19,1.380e-22,,2.359e-15,5.030e-3,9.443e-8,1.207e-17,5.390e-20,6.625e-31,,8.060e-12,,1.331e-20,5.651e+0,7.750e-34,1.837e+0,3.495e+1,3.743e-26,1.572e-19,1.174e-19,1.529e-1,9.633e-24,5.523e+2,4.827e-21,7.352e-27,3.028e-20,5.117e-23,5.083e-12,3.991e+3,4.430e-1,9.096e+1,,8.696e+1,,,1.142e-1,,1.307e-8,1.227e-19,4.731e-3,2.841e+0,6.679e-19,7.134e-7,,5.954e-17,,7.929e-9,4.558e+0,3.518e-1,1.121e-17,5.232e-6,1.086e-18,3.936e-17
371.16,4.611e+3,5.215e-21,5.207e-28,1.777e-27,1.927e-35,1.412e-33,,2.282e-19,1.382e-22,,2.360e-15,3.990e-3,9.868e-8,1.207e-17,5.393e-20,6.955e-31,,1.060e-11,,1.324e-20,4.848e+0,7.745e-34,2.164e+0,3.023e+1,3.744e-26,1.568e-19,1.174e-19,1.371e-1,9.639e-24,5.237e+2,4.832e-21,7.345e-27,3.030e-20,5.118e-23,2.982e-12,3.860e+3,4.431e-1,9.615e+1,,8.438e+1,,,1.390e-1,,8.003e-9,1.227e-19,6.845e-3,2.235e+0,6.690e-19,4.468e-7,,5.958e-17,,4.666e-9,5.442e+0,2.636e-1,1.122e-17,3.222e-6,1.086e-18,3.938e-17
371.19,4.342e+3,5.217e-21,5.217e-28,1.269e-27,1.927e-35,1.411e-33,,2.294e-19,1.384e-22,,2.361e-15,2.790e-3,1.043e-7,1.208e-17,5.398e-20,7.450e-31,,1.581e-11,,1.313e-20,3.813e+0,7.737e-34,2.738e+0,2.412e+1,3.746e-26,1.562e-19,1.175e-19,1.176e-1,9.648e-24,4.843e+2,4.840e-21,7.335e-27,3.032e-20,5.119e-23,1.326e-12,3.634e+3,4.501e-1,1.034e+2,,8.047e+1,,,1.847e-1,,3.794e-9,1.226e-19,1.179e-2,1.543e+0,6.707e-19,2.191e-7,,5.965e-17,,2.084e-9,7.025e+0,1.693e-1,1.123e-17,1.540e-6,1.085e-18,3.942e-17
371.21,4.150e+3,5.218e-21,5.224e-28,1.007e-27,1.926e-35,1.410e-33,,2.302e-19,1.385e-22,,2.361e-15,2.183e-3,1.076e-7,1.208e-17,5.401e-20,7.781e-31,,2.049e-11,,1.306e-20,3.226e+0,7.732e-34,3.182e+0,2.066e+1,3.748e-26,1.558e-19,1.175e-19,1.074e-1,9.654e-24,4.610e+2,4.845e-21,7.329e-27,3.033e-20,5.120e-23,7.675e-13,3.466e+3,4.584e-1,1.078e+2,,7.791e+1,,,2.217e-1,,2.290e-9,1.226e-19,1.683e-2,1.197e+0,6.719e-19,1.353e-7,,5.969e-17,,1.209e-9,8.271e+0,1.251e-1,1.124e-17,9.351e-7,1.085e-18,3.944e-17
371.24,3.850e+3,5.220e-21,5.234e-28,7.040e-28,1.926e-35,1.409e-33,,2.313e-19,1.387e-22,,2.362e-15,1.495e-3,1.114e-7,1.208e-17,5.406e-20,8.276e-31,,2.994e-11,,1.295e-20,2.485e+0,7.724e-34,3.945e+0,1.632e+1,3.750e-26,1.552e-19,1.175e-19,9.621e-2,9.663e-24,4.316e+2,4.852e-21,7.318e-27,3.035e-20,5.121e-23,3.342e-13,3.196e+3,4.743e-1,1.136e+2,,7.426e+1,,,2.886e-1,,1.063e-9,1.226e-19,2.840e-2,8.094e-1,6.736e-19,6.497e-8,,5.976e-17,,5.288e-10,1.046e+1,7.873e-2,1.125e-17,4.377e-7,1.084e-18,3.947e-17
371.26,3.646e+3,5.222e-21,5.241e-28,5.508e-28,1.926e-35,1.408e-33,,2.321e-19,1.389e-22,,2.362e-15,1.153e-3,1.133e-7,1.209e-17,5.409e-20,8.606e-31,,3.829e-11,,1.288e-20,2.073e+0,7.719e-34,4.522e+0,1.396e+1,3.751e-26,1.548e-19,1.175e-19,9.143e-2,9.669e-24,4.165e+2,4.857e-21,7.312e-27,3.037e-20,5.122e-23,1.907e-13,3.006e+3,4.861e-1,1.168e+2,,7.201e+1,,,3.418e-1,,6.328e-10,1.226e-19,3.998e-2,6.192e-1,6.747e-19,3.956e-8,,5.980e-17,,3.026e-10,1.214e+1,5.741e-2,1.126e-17,2.620e-7,1.084e-18,3.950e-17
371.29,3.340e+3,5.224e-21,5.251e-28,3.772e-28,1.926e-35,1.407e-33,,2.332e-19,1.391e-22,,2.363e-15,7.732e-4,1.149e-7,1.209e-17,5.413e-20,9.101e-31,,5.479e-11,,1.277e-20,1.564e+0,7.711e-34,5.494e+0,1.113e+1,3.753e-26,1.541e-19,1.176e-19,8.815e-2,9.678e-24,4.014e+2,4.865e-21,7.302e-27,3.039e-20,5.124e-23,8.131e-14,2.714e+3,5.044e-1,1.205e+2,,6.901e+1,,,4.358e-1,,2.876e-10,1.225e-19,6.608e-2,4.100e-1,6.764e-19,1.860e-8,,5.987e-17,,1.296e-10,1.504e+1,3.539e-2,1.127e-17,1.201e-7,1.083e-18,3.953e-17
371.31,3.141e+3,5.225e-21,5.258e-28,2.910e-28,1.926e-35,1.406e-33,,2.340e-19,1.392e-22,,2.364e-15,5.882e-4,1.152e-7,1.210e-17,5.416e-20,9.432e-31,,6.911e-11,,1.270e-20,1.287e+0,7.706e-34,6.214e+0,9.690e+0,3.754e-26,1.537e-19,1.176e-19,8.850e-2,9.684e-24,3.971e+2,4.870e-21,7.295e-27,3.040e-20,5.124e-23,4.574e-14,2.518e+3,5.160e-1,1.221e+2,,6.730e+1,,,5.090e-1,,1.688e-10,1.225e-19,9.174e-2,3.093e-1,6.776e-19,1.117e-8,,5.991e-17,,7.310e-11,1.722e+1,2.546e-2,1.128e-17,7.091e-8,1.083e-18,3.955e-17
371.34,2.854e+3,5.227e-21,5.268e-28,1.951e-28,1.925e-35,1.405e-33,,2.352e-19,1.394e-22,,2.364e-15,3.863e-4,1.145e-7,1.210e-17,5.421e-20,9.927e-31,,9.687e-11,,1.259e-20,9.503e-1,7.698e-34,7.401e+0,8.141e+0,3.756e-26,1.531e-19,1.176e-19,9.270e-2,9.693e-24,4.002e+2,4.878e-21,7.285e-27,3.042e-20,5.126e-23,1.910e-14,2.227e+3,5.313e-1,1.234e+2,,6.519e+1,,,6.358e-1,,7.513e-11,1.225e-19,1.485e-1,2.006e-1,6.793e-19,5.143e-9,,5.997e-17,,3.065e-11,2.089e+1,1.538e-2,1.130e-17,3.183e-8,1.082e-18,3.959e-17
371.36,2.676e+3,5.228e-21,5.275e-28,1.485e-28,1.925e-35,1.404e-33,,2.359e-19,1.396e-22,,2.365e-15,2.898e-4,1.133e-7,1.210e-17,5.424e-20,1.026e-30,,1.205e-10,,1.252e-20,7.712e-1,7.693e-34,8.261e+0,7.492e+0,3.757e-26,1.527e-19,1.176e-19,9.791e-2,9.699e-24,4.092e+2,4.883e-21,7.278e-27,3.044e-20,5.127e-23,1.059e-14,2.037e+3,5.395e-1,1.234e+2,,6.411e+1,,,7.324e-1,,4.349e-11,1.225e-19,2.034e-1,1.492e-1,6.804e-19,3.045e-9,,6.002e-17,,1.705e-11,2.360e+1,1.091e-2,1.130e-17,1.853e-8,1.082e-18,3.961e-17
371.39,2.431e+3,5.230e-21,5.285e-28,9.751e-29,1.925e-35,1.403e-33,,2.371e-19,1.398e-22,,2.366e-15,1.864e-4,1.102e-7,1.211e-17,5.429e-20,1.075e-30,,1.654e-10,,1.241e-20,5.578e-1,7.685e-34,9.649e+0,7.065e+0,3.759e-26,1.521e-19,1.177e-19,1.092e-1,9.708e-24,4.340e+2,4.890e-21,7.268e-27,3.046e-20,5.128e-23,4.332e-15,1.764e+3,5.479e-1,1.221e+2,,6.295e+1,,,8.964e-1,,1.895e-11,1.225e-19,3.226e-1,9.475e-2,6.821e-19,1.373e-9,,6.008e-17,,7.002e-12,2.803e+1,6.458e-3,1.132e-17,8.143e-9,1.081e-18,3.964e-17
371.41,2.285e+3,5.231e-21,5.292e-28,7.316e-29,1.925e-35,1.402e-33,,2.378e-19,1.399e-22,,2.366e-15,1.379e-4,1.075e-7,1.211e-17,5.432e-20,1.108e-30,,2.030e-10,,1.233e-20,4.464e-1,7.680e-34,1.063e+1,7.135e+0,3.760e-26,1.517e-19,1.177e-19,1.191e-1,9.714e-24,4.586e+2,4.895e-21,7.261e-27,3.047e-20,5.129e-23,2.369e-15,1.592e+3,5.505e-1,1.205e+2,,6.246e+1,,,1.019e+0,,1.082e-11,1.224e-19,4.357e-1,6.951e-2,6.833e-19,8.016e-10,,6.013e-17,,3.841e-12,3.123e+1,4.521e-3,1.133e-17,4.674e-9,1.081e-18,3.967e-17
371.43,2.155e+3,5.233e-21,5.299e-28,5.459e-29,1.925e-35,1.402e-33,,2.386e-19,1.401e-22,,2.367e-15,1.014e-4,1.043e-7,1.212e-17,5.435e-20,1.141e-30,,2.477e-10,,1.226e-20,3.552e-1,7.675e-34,1.166e+1,7.489e+0,3.762e-26,1.513e-19,1.177e-19,1.306e-1,9.720e-24,4.898e+2,4.900e-21,7.254e-27,3.048e-20,5.130e-23,1.289e-15,1.428e+3,5.505e-1,1.181e+2,,6.219e+1,,,1.151e+0,,6.140e-12,1.224e-19,5.852e-1,5.071e-2,6.844e-19,4.654e-10,,6.017e-17,,2.095e-12,3.459e+1,3.148e-3,1.133e-17,2.668e-9,1.080e-18,3.969e-17
371.46,1.992e+3,5.235e-21,5.309e-28,3.482e-29,1.924e-35,1.401e-33,,2.398e-19,1.403e-22,,2.367e-15,6.335e-5,9.857e-8,1.212e-17,5.439e-20,1.191e-30,,3.303e-10,,1.215e-20,2.496e-1,7.667e-34,1.326e+1,8.562e+0,3.764e-26,1.507e-19,1.177e-19,1.511e-1,9.729e-24,5.498e+2,4.908e-21,7.244e-27,3.051e-20,5.131e-23,5.116e-16,1.201e+3,5.455e-1,1.136e+2,,6.211e+1,,,1.370e+0,,2.598e-12,1.224e-19,9.016e-1,3.127e-2,6.861e-19,2.037e-10,,6.023e-17,,8.353e-13,3.992e+1,1.810e-3,1.135e-17,1.139e-9,1.080e-18,3.972e-17
371.48,1.905e+3,5.236e-21,5.316e-28,2.562e-29,1.924e-35,1.400e-33,,2.405e-19,1.404e-22,,2.368e-15,4.596e-5,9.429e-8,1.212e-17,5.442e-20,1.224e-30,,3.975e-10,,1.208e-20,1.959e-1,7.662e-34,1.437e+1,9.653e+0,3.765e-26,1.502e-19,1.177e-19,1.667e-1,9.735e-24,5.989e+2,4.913e-21,7.237e-27,3.052e-20,5.132e-23,2.744e-16,1.063e+3,5.388e-1,1.099e+2,,6.224e+1,,,1.527e+0,,1.454e-12,1.224e-19,1.194e+0,2.250e-2,6.872e-19,1.166e-10,,6.028e-17,,4.493e-13,4.362e+1,1.243e-3,1.135e-17,6.408e-10,1.079e-18,3.975e-17
371.51,1.810e+3,5.238e-21,5.326e-28,1.600e-29,1.924e-35,1.399e-33,,2.417e-19,1.406e-22,,2.369e-15,2.811e-5,8.730e-8,1.213e-17,5.447e-20,1.273e-30,,5.193e-10,,1.197e-20,1.347e-1,7.654e-34,1.606e+1,1.189e+1,3.767e-26,1.496e-19,1.178e-19,1.929e-1,9.744e-24,6.862e+2,4.921e-21,7.227e-27,3.054e-20,5.134e-23,1.067e-16,8.758e+2,5.236e-1,1.034e+2,,6.260e+1,,,1.781e+0,,6.028e-13,1.224e-19,1.803e+0,1.359e-2,6.890e-19,5.000e-11,,6.034e-17,,1.754e-13,4.930e+1,7.002e-4,1.137e-17,2.678e-10,1.079e-18,3.978e-17
371.53,1.769e+3,5.239e-21,5.333e-28,1.161e-29,1.924e-35,1.398e-33,,2.425e-19,1.408e-22,,2.369e-15,2.011e-5,8.236e-8,1.213e-17,5.450e-20,1.306e-30,,6.163e-10,,1.190e-20,1.043e-1,7.649e-34,1.720e+1,1.380e+1,3.768e-26,1.492e-19,1.178e-19,2.119e-1,9.750e-24,7.536e+2,4.926e-21,7.221e-27,3.055e-20,5.134e-23,5.642e-17,7.643e+2,5.104e-1,9.865e+1,,6.290e+1,,,1.959e+0,,3.331e-13,1.223e-19,2.355e+0,9.640e-3,6.901e-19,2.823e-11,,6.039e-17,,9.303e-14,5.313e+1,4.744e-4,1.138e-17,1.486e-10,1.078e-18,3.980e-17
371.56,1.741e+3,5.241e-21,5.343e-28,7.101e-30,1.924e-35,1.397e-33,,2.436e-19,1.410e-22,,2.370e-15,1.205e-5,7.469e-8,1.214e-17,5.455e-20,1.356e-30,,7.886e-10,,1.179e-20,7.027e-2,7.641e-34,1.892e+1,1.737e+1,3.770e-26,1.486e-19,1.178e-19,2.425e-1,9.759e-24,8.683e+2,4.933e-21,7.210e-27,3.057e-20,5.136e-23,2.147e-17,6.166e+2,4.862e-1,9.096e+1,,6.336e+1,,,2.240e+0,,1.364e-13,1.223e-19,3.482e+0,5.701e-3,6.918e-19,1.185e-11,,6.045e-17,,3.556e-14,5.882e+1,2.618e-4,1.139e-17,6.082e-11,1.078e-18,3.984e-17
371.58,1.744e+3,5.243e-21,5.350e-28,5.081e-30,1.923e-35,1.396e-33,,2.444e-19,1.411e-22,,2.370e-15,8.500e-6,6.949e-8,1.214e-17,5.458e-20,1.389e-30,,9.231e-10,,1.172e-20,5.363e-2,7.636e-34,2.007e+1,2.025e+1,3.771e-26,1.482e-19,1.178e-19,2.639e-1,9.765e-24,9.535e+2,4.938e-21,7.204e-27,3.059e-20,5.137e-23,1.120e-17,5.307e+2,4.675e-1,8.558e+1,,6.362e+1,,,2.433e+0,,7.635e-14,1.223e-19,4.487e+0,3.989e-3,6.929e-19,6.596e-12,,6.050e-17,,1.860e-14,6.251e+1,1.749e-4,1.140e-17,3.329e-11,1.077e-18,3.986e-17
371.61,1.779e+3,5.245e-21,5.360e-28,3.044e-30,1.923e-35,1.395e-33,,2.455e-19,1.414e-22,,2.371e-15,4.985e-6,6.171e-8,1.215e-17,5.462e-20,1.439e-30,,1.157e-9,,1.161e-20,3.539e-2,7.628e-34,2.177e+1,2.537e+1,3.773e-26,1.476e-19,1.179e-19,2.971e-1,9.774e-24,1.094e+3,4.946e-21,7.194e-27,3.061e-20,5.138e-23,4.174e-18,4.193e+2,4.363e-1,7.728e+1,,6.385e+1,,,2.729e+0,,3.678e-14,1.223e-19,6.498e+0,2.310e-3,6.947e-19,2.711e-12,,6.056e-17,,6.961e-15,6.778e+1,9.459e-5,1.141e-17,1.334e-11,1.077e-18,3.989e-17
371.63,1.821e+3,5.246e-21,5.367e-28,2.148e-30,1.923e-35,1.394e-33,,2.463e-19,1.415e-22,,2.372e-15,3.469e-6,5.663e-8,1.215e-17,5.465e-20,1.472e-30,,1.336e-9,,1.154e-20,2.663e-2,7.623e-34,2.290e+1,2.935e+1,3.775e-26,1.472e-19,1.179e-19,3.195e-1,9.780e-24,1.194e+3,4.951e-21,7.187e-27,3.062e-20,5.139e-23,2.146e-18,3.559e+2,4.138e-1,7.171e+1,,6.386e+1,,,2.928e+0,,2.990e-14,1.223e-19,8.259e+0,1.594e-3,6.958e-19,1.488e-12,,6.060e-17,,3.590e-15,7.105e+1,6.234e-5,1.142e-17,7.197e-12,1.076e-18,3.992e-17
371.66,1.909e+3,5.248e-21,5.377e-28,1.260e-30,1.923e-35,1.393e-33,,2.475e-19,1.417e-22,,2.372e-15,1.993e-6,4.926e-8,1.216e-17,5.470e-20,1.521e-30,,1.640e-9,,1.143e-20,1.721e-2,7.615e-34,2.459e+1,3.622e+1,3.777e-26,1.466e-19,1.179e-19,3.531e-1,9.789e-24,1.355e+3,4.958e-21,7.177e-27,3.064e-20,5.140e-23,7.833e-19,2.754e+2,3.784e-1,6.342e+1,,6.360e+1,,,3.225e+0,,4.220e-14,1.222e-19,1.171e+1,9.039e-4,6.975e-19,5.990e-13,,6.067e-17,,1.316e-15,7.545e+1,3.302e-5,1.143e-17,2.824e-12,1.076e-18,3.995e-17
371.68,1.983e+3,5.249e-21,5.384e-28,8.767e-31,1.923e-35,1.392e-33,,2.482e-19,1.418e-22,,2.373e-15,1.367e-6,4.457e-8,1.216e-17,5.473e-20,1.554e-30,,1.867e-9,,1.136e-20,1.277e-2,7.610e-34,2.571e+1,4.142e+1,3.778e-26,1.461e-19,1.179e-19,3.749e-1,9.795e-24,1.467e+3,4.963e-21,7.170e-27,3.066e-20,5.141e-23,3.972e-19,2.305e+2,3.540e-1,5.803e+1,,6.322e+1,,,3.420e+0,,6.988e-14,1.222e-19,1.469e+1,6.150e-4,6.986e-19,3.243e-13,,6.071e-17,,6.691e-16,7.800e+1,2.147e-5,1.144e-17,1.503e-12,1.075e-18,3.997e-17
371.71,2.112e+3,5.251e-21,5.394e-28,5.036e-31,1.922e-35,1.391e-33,,2.494e-19,1.421e-22,,2.374e-15,7.697e-7,3.797e-8,1.216e-17,5.478e-20,1.604e-30,,2.245e-9,,1.125e-20,8.084e-3,7.602e-34,2.743e+1,5.017e+1,3.780e-26,1.455e-19,1.180e-19,4.062e-1,9.804e-24,1.641e+3,4.971e-21,7.160e-27,3.068e-20,5.143e-23,1.419e-19,1.747e+2,3.170e-1,5.027e+1,,6.233e+1,,,3.704e+0,,1.667e-13,1.222e-19,2.040e+1,3.416e-4,7.004e-19,1.278e-13,,6.078e-17,,2.401e-16,8.114e+1,1.114e-5,1.145e-17,5.773e-13,1.075e-18,4.001e-17
371.73,2.208e+3,5.253e-21,5.401e-28,3.456e-31,1.922e-35,1.390e-33,,2.502e-19,1.422e-22,,2.374e-15,5.215e-7,3.389e-8,1.217e-17,5.481e-20,1.637e-30,,2.522e-9,,1.118e-20,5.918e-3,7.597e-34,2.862e+1,5.663e+1,3.781e-26,1.451e-19,1.180e-19,4.255e-1,9.810e-24,1.759e+3,4.976e-21,7.153e-27,3.069e-20,5.143e-23,7.097e-20,1.442e+2,2.925e-1,4.537e+1,,6.150e+1,,,3.886e+0,,3.019e-13,1.222e-19,2.523e+1,2.292e-4,7.015e-19,6.821e-14,,6.082e-17,,1.204e-16,8.273e+1,7.143e-6,1.146e-17,3.029e-13,1.074e-18,4.003e-17
371.76,2.362e+3,5.255e-21,5.411e-28,1.944e-31,1.922e-35,1.389e-33,,2.513e-19,1.424e-22,,2.375e-15,2.889e-7,2.828e-8,1.217e-17,5.485e-20,1.686e-30,,2.970e-9,,1.107e-20,3.668e-3,7.589e-34,3.049e+1,6.723e+1,3.783e-26,1.445e-19,1.180e-19,4.517e-1,9.819e-24,1.936e+3,4.984e-21,7.143e-27,3.071e-20,5.145e-23,2.483e-20,1.071e+2,2.566e-1,3.849e+1,,5.993e+1,,,4.147e+0,,7.330e-13,1.221e-19,3.434e+1,1.247e-4,7.032e-19,2.632e-14,,6.089e-17,,4.231e-17,8.429e+1,3.630e-6,1.147e-17,1.140e-13,1.074e-18,4.006e-17
371.78,2.470e+3,5.256e-21,5.418e-28,1.316e-31,1.922e-35,1.389e-33,,2.521e-19,1.426e-22,,2.375e-15,1.949e-7,2.489e-8,1.218e-17,5.488e-20,1.719e-30,,3.290e-9,,1.100e-20,2.647e-3,7.584e-34,3.183e+1,7.487e+1,3.784e-26,1.441e-19,1.180e-19,4.669e-1,9.825e-24,2.051e+3,4.989e-21,7.136e-27,3.073e-20,5.146e-23,1.224e-20,8.716e+1,2.335e-1,3.426e+1,,5.867e+1,,,4.312e+0,,1.316e-12,1.221e-19,4.188e+1,8.248e-5,7.043e-19,1.386e-14,,6.093e-17,,2.092e-17,8.476e+1,2.296e-6,1.148e-17,5.897e-14,1.073e-18,4.009e-17
371.8,2.579e+3,5.257e-21,5.424e-28,8.855e-32,1.922e-35,1.388e-33,,2.528e-19,1.427e-22,,2.376e-15,1.325e-7,2.178e-8,1.218e-17,5.492e-20,1.752e-30,,3.624e-9,,1.093e-20,1.901e-3,7.579e-34,3.328e+1,8.291e+1,3.786e-26,1.437e-19,1.181e-19,4.799e-1,9.831e-24,2.164e+3,4.994e-21,7.129e-27,3.074e-20,5.147e-23,1.224e-20,7.056e+1,2.113e-1,3.032e+1,,5.726e+1,,,4.470e+0,,2.351e-12,1.221e-19,5.079e+1,5.427e-5,7.055e-19,7.252e-15,,6.097e-17,,2.088e-17,8.476e+1,1.444e-6,1.149e-17,3.034e-14,1.073e-18,4.011e-17
371.83,2.742e+3,5.259e-21,5.435e-28,4.838e-32,1.921e-35,1.387e-33,,2.540e-19,1.429e-22,,2.377e-15,7.860e-8,1.765e-8,1.218e-17,5.496e-20,1.802e-30,,4.146e-9,,1.082e-20,1.144e-3,7.571e-34,3.571e+1,9.565e+1,3.787e-26,1.431e-19,1.181e-19,4.950e-1,9.840e-24,2.324e+3,5.001e-21,7.119e-27,3.076e-20,5.148e-23,1.224e-20,5.087e+1,1.800e-1,2.499e+1,,5.489e+1,,,4.696e+0,,5.555e-12,1.221e-19,6.715e+1,2.867e-5,7.072e-19,2.717e-15,,6.104e-17,,2.082e-17,8.388e+1,7.132e-7,1.150e-17,1.108e-14,1.072e-18,4.014e-17
371.85,2.849e+3,5.261e-21,5.441e-28,3.210e-32,1.921e-35,1.386e-33,,2.548e-19,1.430e-22,,2.377e-15,6.081e-8,1.524e-8,1.219e-17,5.499e-20,1.835e-30,,4.505e-9,,1.075e-20,8.098e-4,7.566e-34,3.754e+1,1.045e+2,3.789e-26,2.870e-19,1.181e-19,5.019e-1,9.846e-24,2.423e+3,5.006e-21,7.113e-27,3.078e-20,5.149e-23,1.224e-20,4.061e+1,1.607e-1,2.181e+1,,5.316e+1,,,4.841e+0,,9.789e-12,1.221e-19,8.033e+1,1.860e-5,7.083e-19,1.403e-15,,6.108e-17,,2.079e-17,8.273e+1,4.425e-7,1.151e-17,5.624e-15,1.072e-18,4.016e-17
371.88,3.001e+3,5.263e-21,5.452e-28,1.718e-32,1.921e-35,1.385e-33,,2.559e-19,1.433e-22,,2.378e-15,5.396e-8,1.210e-8,1.219e-17,5.504e-20,1.884e-30,,5.048e-9,,1.064e-20,4.773e-4,7.558e-34,4.068e+1,1.181e+2,3.791e-26,8.137e-19,1.181e-19,5.071e-1,9.855e-24,2.555e+3,5.014e-21,7.102e-27,3.080e-20,5.150e-23,1.224e-20,2.867e+1,1.341e-1,1.760e+1,,5.043e+1,,,5.055e+0,,2.266e-11,1.220e-19,1.040e+2,9.621e-6,7.100e-19,5.146e-16,,6.115e-17,,2.073e-17,8.019e+1,2.140e-7,1.152e-17,2.011e-15,1.071e-18,4.020e-17
371.9,3.095e+3,5.264e-21,5.458e-28,1.124e-32,1.921e-35,1.384e-33,,2.567e-19,1.434e-22,,2.378e-15,6.134e-8,1.030e-8,1.220e-17,5.507e-20,1.917e-30,,5.409e-9,,1.057e-20,3.333e-4,7.553e-34,4.308e+1,1.272e+2,3.792e-26,1.610e-18,1.182e-19,5.072e-1,9.861e-24,2.632e+3,5.019e-21,7.096e-27,3.081e-20,5.151e-23,1.224e-20,2.258e+1,1.180e-1,1.515e+1,,4.854e+1,,,5.198e+0,,3.939e-11,1.220e-19,1.227e+2,6.157e-6,7.112e-19,2.619e-16,,6.119e-17,,2.069e-17,7.800e+1,1.310e-7,1.153e-17,1.006e-15,1.071e-18,4.022e-17
371.93,3.224e+3,5.266e-21,5.469e-28,5.890e-33,1.921e-35,1.383e-33,,2.578e-19,1.436e-22,,2.379e-15,9.271e-8,8.006e-9,1.220e-17,5.511e-20,1.967e-30,,5.938e-9,,1.046e-20,1.924e-4,7.545e-34,4.722e+1,1.408e+2,3.794e-26,4.437e-18,1.182e-19,5.020e-1,9.870e-24,2.727e+3,5.026e-21,7.086e-27,3.083e-20,5.153e-23,1.224e-20,1.561e+1,9.645e-2,1.198e+1,,4.568e+1,,,5.424e+0,,8.933e-11,1.220e-19,1.557e+2,3.119e-6,7.129e-19,9.410e-17,,6.126e-17,,2.063e-17,7.406e+1,6.205e-8,1.154e-17,3.524e-16,1.070e-18,4.026e-17
371.95,3.300e+3,5.267e-21,5.475e-28,3.801e-33,1.920e-35,1.382e-33,,2.586e-19,1.438e-22,,2.380e-15,1.315e-7,6.722e-9,1.220e-17,5.515e-20,2.000e-30,,6.275e-9,,1.039e-20,1.325e-4,7.540e-34,5.036e+1,1.496e+2,3.795e-26,8.660e-18,1.182e-19,4.951e-1,9.876e-24,2.775e+3,5.031e-21,7.079e-27,3.085e-20,5.153e-23,1.224e-20,1.212e+1,8.373e-2,1.017e+1,,4.379e+1,,,5.587e+0,,1.532e-10,1.220e-19,1.812e+2,1.968e-6,7.140e-19,4.723e-17,,6.130e-17,,2.059e-17,7.105e+1,3.745e-8,1.155e-17,,1.070e-18,4.028e-17
371.98,3.397e+3,5.269e-21,5.486e-28,1.950e-33,1.920e-35,1.381e-33,,2.598e-19,1.440e-22,,2.380e-15,2.300e-7,5.118e-9,1.221e-17,5.519e-20,2.049e-30,,6.747e-9,,1.028e-20,7.504e-5,7.532e-34,5.573e+1,1.622e+2,3.797e-26,2.338e-17,1.182e-19,4.801e-1,9.885e-24,2.824e+3,5.039e-21,7.069e-27,3.087e-20,5.155e-23,1.224e-20,8.210e+0,6.702e-2,7.873e+0,,4.104e+1,,,5.860e+0,4.907e-20,3.403e-10,1.220e-19,2.251e+2,9.762e-7,7.158e-19,1.661e-17,,6.137e-17,,2.053e-17,6.607e+1,1.738e-8,1.156e-17,,1.069e-18,4.031e-17
372,3.450e+3,5.271e-21,5.492e-28,1.241e-33,1.920e-35,1.380e-33,,2.605e-19,1.441e-22,,2.381e-15,3.357e-7,4.238e-9,1.221e-17,5.522e-20,2.082e-30,,7.033e-9,,1.021e-20,5.110e-5,7.527e-34,5.976e+1,1.700e+2,3.798e-26,4.502e-17,1.183e-19,4.671e-1,9.891e-24,2.840e+3,5.044e-21,7.062e-27,3.088e-20,5.156e-23,1.224e-20,6.287e+0,5.738e-2,6.593e+0,,3.931e+1,,,6.067e+0,9.863e-20,5.755e-10,1.219e-19,2.584e+2,6.074e-7,7.169e-19,8.222e-18,,6.141e-17,,2.049e-17,6.251e+1,1.034e-8,1.157e-17,,1.069e-18,4.033e-17
372.03,3.511e+3,5.273e-21,5.503e-28,6.237e-34,1.920e-35,1.379e-33,,2.617e-19,1.443e-22,,2.382e-15,5.892e-7,3.160e-9,1.222e-17,5.527e-20,2.132e-30,,7.407e-9,,1.010e-20,2.867e-5,7.519e-34,6.651e+1,1.805e+2,3.800e-26,1.191e-16,1.183e-19,4.438e-1,9.900e-24,2.840e+3,5.052e-21,7.052e-27,3.090e-20,5.157e-23,1.224e-20,4.170e+0,4.499e-2,4.999e+0,,3.692e+1,,,6.429e+0,2.782e-19,1.253e-9,1.219e-19,3.145e+2,2.951e-7,7.186e-19,8.113e-18,,6.148e-17,,2.044e-17,5.693e+1,4.702e-9,1.159e-17,,1.068e-18,4.037e-17
372.05,3.541e+3,5.274e-21,5.509e-28,3.915e-34,1.920e-35,1.378e-33,,2.625e-19,1.445e-22,,2.382e-15,8.528e-7,2.580e-9,1.222e-17,5.530e-20,2.165e-30,,7.614e-9,,1.003e-20,1.967e-5,7.514e-34,7.149e+1,1.866e+2,3.802e-26,2.262e-16,1.183e-19,4.260e-1,9.906e-24,2.824e+3,5.057e-21,7.045e-27,3.091e-20,5.158e-23,1.224e-20,3.149e+0,3.798e-2,4.128e+0,,3.551e+1,,,6.710e+0,5.517e-19,2.090e-9,1.219e-19,3.561e+2,1.811e-7,7.197e-19,8.040e-18,,6.152e-17,,2.040e-17,5.313e+1,2.761e-9,1.159e-17,,1.068e-18,4.039e-17
372.08,3.568e+3,5.276e-21,5.520e-28,1.926e-34,1.919e-35,1.377e-33,,2.636e-19,1.447e-22,,2.383e-15,1.471e-6,1.885e-9,1.223e-17,5.534e-20,2.215e-30,,7.855e-9,,9.919e-21,1.182e-5,7.507e-34,7.963e+1,1.941e+2,3.804e-26,5.861e-16,1.183e-19,3.966e-1,9.915e-24,2.776e+3,5.064e-21,7.035e-27,3.094e-20,5.159e-23,1.224e-20,2.046e+0,2.917e-2,3.066e+0,,3.372e+1,,,7.204e+0,1.525e-18,4.457e-9,1.219e-19,4.245e+2,8.614e-8,7.215e-19,7.931e-18,,6.158e-17,,2.034e-17,4.740e+1,1.229e-9,1.161e-17,,1.067e-18,4.043e-17
372.1,3.576e+3,5.277e-21,5.526e-28,1.192e-34,1.919e-35,1.377e-33,,2.644e-19,1.448e-22,,2.383e-15,2.101e-6,1.518e-9,1.223e-17,5.538e-20,2.248e-30,,7.964e-9,,9.847e-21,9.236e-6,7.501e-34,8.550e+1,1.979e+2,3.805e-26,1.098e-15,1.184e-19,3.757e-1,9.921e-24,2.730e+3,5.069e-21,7.028e-27,3.095e-20,5.160e-23,1.224e-20,1.524e+0,2.429e-2,2.497e+0,,3.277e+1,,,7.587e+0,2.982e-18,7.333e-9,1.219e-19,4.740e+2,5.213e-8,7.226e-19,7.858e-18,,6.163e-17,,2.030e-17,4.362e+1,7.117e-10,1.162e-17,,1.067e-18,4.045e-17
372.13,3.574e+3,5.279e-21,5.537e-28,5.746e-35,1.919e-35,1.375e-33,,2.655e-19,1.450e-22,,2.384e-15,3.552e-6,1.086e-9,1.223e-17,5.542e-20,2.297e-30,,8.047e-9,,9.739e-21,8.339e-6,7.494e-34,9.489e+1,2.016e+2,3.807e-26,2.788e-15,1.184e-19,3.430e-1,9.930e-24,2.642e+3,5.077e-21,7.018e-27,3.097e-20,5.162e-23,1.224e-20,9.693e-1,1.827e-2,1.816e+0,,3.177e+1,,,8.253e+0,8.075e-18,1.532e-8,1.218e-19,5.536e+2,2.428e-8,7.243e-19,7.749e-18,,6.169e-17,,2.024e-17,3.811e+1,3.104e-10,1.163e-17,,1.066e-18,4.048e-17
372.15,3.563e+3,5.280e-21,5.543e-28,3.507e-35,1.919e-35,1.375e-33,,2.663e-19,1.452e-22,,2.385e-15,5.005e-6,8.623e-10,1.224e-17,5.545e-20,2.330e-30,,8.047e-9,,9.667e-21,9.605e-6,7.488e-34,1.015e+2,2.027e+2,3.808e-26,5.154e-15,1.184e-19,3.208e-1,9.936e-24,2.572e+3,5.082e-21,7.011e-27,3.098e-20,5.162e-23,1.224e-20,7.120e-1,1.500e-2,1.458e+0,,3.141e+1,,,8.762e+0,1.558e-17,2.487e-8,1.218e-19,6.096e+2,1.449e-8,7.254e-19,7.676e-18,,6.174e-17,,2.020e-17,3.459e+1,1.772e-10,1.164e-17,,1.066e-18,4.050e-17
372.17,3.548e+3,5.282e-21,5.550e-28,2.129e-35,1.919e-35,1.374e-33,,2.671e-19,1.453e-22,,2.385e-15,7.015e-6,6.811e-10,1.224e-17,5.548e-20,2.363e-30,,8.003e-9,,9.595e-21,1.257e-5,7.483e-34,1.083e+2,2.027e+2,3.809e-26,9.474e-15,1.184e-19,2.986e-1,9.942e-24,2.495e+3,5.087e-21,7.005e-27,3.100e-20,5.163e-23,1.224e-20,5.201e-1,1.225e-2,1.165e+0,,3.132e+1,,,9.325e+0,2.990e-17,4.014e-8,1.218e-19,6.677e+2,8.601e-9,7.266e-19,7.604e-18,,6.178e-17,,2.017e-17,3.123e+1,1.007e-10,1.164e-17,,1.066e-18,4.053e-17
372.2,3.515e+3,5.284e-21,5.560e-28,9.962e-36,1.918e-35,1.373e-33,,2.682e-19,1.455e-22,,2.386e-15,1.152e-5,4.732e-10,1.225e-17,5.553e-20,2.413e-30,,7.855e-9,,9.486e-21,2.131e-5,7.475e-34,1.188e+2,2.007e+2,3.811e-26,2.337e-14,1.185e-19,2.660e-1,9.951e-24,2.368e+3,5.094e-21,6.994e-27,3.102e-20,5.165e-23,1.224e-20,3.214e-1,8.950e-3,8.230e-1,,3.172e+1,,,1.028e+1,7.868e-17,8.150e-8,1.218e-19,7.575e+2,3.891e-9,7.283e-19,7.494e-18,,6.185e-17,,2.011e-17,2.650e+1,4.264e-11,1.166e-17,,1.065e-18,4.056e-17
372.22,3.488e+3,5.285e-21,5.567e-28,5.963e-36,1.918e-35,1.372e-33,,2.690e-19,1.457e-22,,2.386e-15,1.593e-5,3.686e-10,1.225e-17,5.556e-20,2.446e-30,,7.704e-9,,9.414e-21,3.129e-5,7.470e-34,1.259e+2,1.979e+2,3.813e-26,4.239e-14,1.185e-19,2.449e-1,9.957e-24,2.278e+3,5.100e-21,6.988e-27,3.103e-20,5.166e-23,1.224e-20,2.315e-1,7.209e-3,6.483e-1,,3.235e+1,,,1.098e+1,1.489e-16,1.298e-7,1.218e-19,8.183e+2,2.277e-9,7.294e-19,7.422e-18,,6.189e-17,,2.007e-17,2.360e+1,2.388e-11,1.167e-17,,1.065e-18,4.058e-17
372.25,3.442e+3,5.287e-21,5.577e-28,2.733e-36,1.918e-35,1.371e-33,,2.701e-19,1.459e-22,,2.387e-15,2.563e-5,2.508e-10,1.225e-17,5.561e-20,2.495e-30,,7.407e-9,,9.306e-21,5.625e-5,7.463e-34,1.367e+2,1.918e+2,3.814e-26,1.025e-13,1.185e-19,2.151e-1,9.966e-24,2.138e+3,5.107e-21,6.978e-27,3.105e-20,5.167e-23,1.224e-20,1.401e-1,5.157e-3,4.486e-1,,3.389e+1,,,1.215e+1,3.840e-16,2.581e-7,1.217e-19,9.093e+2,1.009e-9,7.311e-19,7.312e-18,,6.195e-17,,2.001e-17,1.961e+1,9.908e-12,1.168e-17,,1.064e-18,4.062e-17
372.27,3.409e+3,5.288e-21,5.584e-28,1.613e-36,1.918e-35,1.370e-33,,2.709e-19,1.460e-22,,2.388e-15,3.495e-5,1.927e-10,1.226e-17,5.564e-20,2.528e-30,,7.165e-9,,9.234e-21,8.301e-5,7.457e-34,1.437e+2,1.866e+2,3.816e-26,1.833e-13,1.185e-19,1.966e-1,9.972e-24,2.043e+3,5.112e-21,6.971e-27,3.107e-20,5.168e-23,1.224e-20,9.952e-2,4.097e-3,3.485e-1,,3.532e+1,,,1.300e+1,7.171e-16,4.054e-7,1.217e-19,9.689e+2,5.822e-10,7.323e-19,7.240e-18,,6.200e-17,,1.997e-17,1.722e+1,5.474e-12,1.169e-17,,1.064e-18,4.064e-17
372.3,3.356e+3,5.290e-21,5.594e-28,7.240e-37,1.918e-35,1.369e-33,,2.721e-19,1.462e-22,,2.388e-15,5.508e-5,1.284e-10,1.226e-17,5.568e-20,2.578e-30,,6.747e-9,,2.611e-20,1.477e-4,7.450e-34,1.540e+2,1.772e+2,3.818e-26,4.341e-13,1.186e-19,1.714e-1,9.981e-24,1.903e+3,5.120e-21,6.961e-27,3.109e-20,5.169e-23,1.225e-20,5.898e-2,2.871e-3,2.362e-1,,3.806e+1,,,1.437e+1,1.811e-15,7.899e-7,1.217e-19,1.055e+3,2.526e-10,7.340e-19,7.130e-18,,6.206e-17,,1.991e-17,1.402e+1,2.224e-12,1.170e-17,,1.063e-18,4.067e-17
372.32,3.319e+3,5.292e-21,5.601e-28,4.214e-37,1.917e-35,1.368e-33,,2.728e-19,1.464e-22,,2.389e-15,7.409e-5,9.730e-11,1.227e-17,5.571e-20,2.611e-30,,6.438e-9,,5.186e-20,2.155e-4,7.444e-34,1.607e+2,1.700e+2,3.819e-26,7.659e-13,1.186e-19,1.565e-1,9.987e-24,1.812e+3,5.125e-21,6.954e-27,3.110e-20,5.170e-23,1.225e-20,4.133e-2,2.249e-3,1.809e-1,,4.029e+1,,,1.534e+1,3.336e-15,1.224e-6,1.217e-19,1.108e+3,1.438e-10,7.351e-19,7.058e-18,,6.211e-17,,1.987e-17,1.214e+1,1.212e-12,1.171e-17,,1.063e-18,4.070e-17
372.35,3.263e+3,5.294e-21,5.611e-28,1.852e-37,1.917e-35,1.367e-33,,2.740e-19,1.466e-22,,2.390e-15,1.144e-4,6.350e-11,1.227e-17,5.576e-20,2.660e-30,,5.938e-9,,1.437e-19,3.760e-4,7.437e-34,1.700e+2,1.581e+2,3.821e-26,1.777e-12,1.186e-19,1.371e-1,9.996e-24,1.682e+3,5.132e-21,6.944e-27,3.112e-20,5.172e-23,1.225e-20,2.399e-2,1.544e-3,1.201e-1,,4.422e+1,,,1.688e+1,8.257e-15,2.336e-6,1.216e-19,1.182e+3,6.108e-11,7.368e-19,6.948e-18,,6.217e-17,,1.982e-17,9.684e+0,4.822e-13,1.172e-17,,1.062e-18,4.073e-17
372.37,3.224e+3,5.295e-21,5.618e-28,1.063e-37,1.917e-35,1.366e-33,,2.748e-19,1.467e-22,,2.390e-15,1.518e-4,4.745e-11,1.227e-17,5.579e-20,2.693e-30,,5.588e-9,,2.816e-19,5.412e-4,7.432e-34,1.759e+2,1.496e+2,3.822e-26,3.094e-12,1.186e-19,1.263e-1,1.000e-23,1.600e+3,5.137e-21,6.937e-27,3.114e-20,5.172e-23,1.225e-20,1.657e-2,1.193e-3,9.074e-2,,4.722e+1,,,1.795e+1,1.500e-14,3.570e-6,1.216e-19,1.225e+3,3.428e-11,7.380e-19,6.876e-18,,6.222e-17,,1.978e-17,8.271e+0,2.591e-13,1.173e-17,,1.062e-18,4.075e-17
372.4,3.166e+3,5.297e-21,5.628e-28,4.576e-38,1.917e-35,1.365e-33,,2.759e-19,1.469e-22,,2.391e-15,2.297e-4,3.033e-11,1.228e-17,5.584e-20,2.743e-30,,5.048e-9,,7.643e-19,9.253e-4,7.424e-34,1.839e+2,1.363e+2,3.824e-26,7.033e-12,1.187e-19,1.134e-1,1.001e-23,1.488e+3,5.145e-21,6.927e-27,3.116e-20,5.174e-23,1.225e-20,9.421e-3,8.017e-4,5.899e-2,,5.224e+1,,,1.960e+1,3.638e-14,6.677e-6,1.216e-19,1.279e+3,1.426e-11,7.397e-19,6.766e-18,,6.228e-17,,1.972e-17,6.460e+0,1.010e-13,1.174e-17,,1.061e-18,4.079e-17
372.42,3.126e+3,5.298e-21,5.635e-28,2.591e-38,1.917e-35,1.365e-33,,2.767e-19,1.471e-22,,2.391e-15,3.006e-4,2.235e-11,1.228e-17,5.587e-20,2.776e-30,,4.686e-9,,1.477e-18,1.314e-3,7.419e-34,1.888e+2,1.272e+2,3.825e-26,1.208e-11,1.187e-19,1.070e-1,1.002e-23,1.420e+3,5.150e-21,6.920e-27,3.117e-20,5.175e-23,1.225e-20,6.420e-3,6.109e-4,4.396e-2,,5.591e+1,,,2.072e+1,6.521e-14,1.007e-5,1.216e-19,1.308e+3,7.895e-12,7.408e-19,6.694e-18,,6.232e-17,,1.968e-17,5.442e+0,5.352e-14,1.175e-17,,1.061e-18,4.081e-17
372.45,3.064e+3,5.300e-21,5.645e-28,1.092e-38,1.916e-35,1.363e-33,,2.778e-19,1.473e-22,,2.392e-15,4.456e-4,1.400e-11,1.229e-17,5.591e-20,2.825e-30,,4.146e-9,,3.936e-18,2.201e-3,7.411e-34,1.952e+2,1.135e+2,3.827e-26,2.690e-11,1.187e-19,1.007e-1,1.003e-23,1.329e+3,5.158e-21,6.910e-27,3.119e-20,5.176e-23,1.225e-20,3.574e-3,4.022e-4,2.799e-2,,6.181e+1,,,2.242e+1,1.549e-13,1.844e-5,1.216e-19,1.338e+3,3.217e-12,7.425e-19,6.584e-18,,6.239e-17,,1.962e-17,4.163e+0,2.043e-14,1.176e-17,,1.060e-18,4.084e-17
372.47,3.022e+3,5.302e-21,5.652e-28,6.096e-39,1.916e-35,1.363e-33,,2.786e-19,1.474e-22,,2.393e-15,5.753e-4,1.017e-11,1.229e-17,5.594e-20,2.858e-30,,3.796e-9,,7.506e-18,3.083e-3,7.406e-34,1.990e+2,1.045e+2,3.829e-26,4.556e-11,1.187e-19,9.882e-2,1.003e-23,1.277e+3,5.163e-21,6.903e-27,3.121e-20,5.177e-23,1.225e-20,2.402e-3,3.022e-4,2.057e-2,,6.596e+1,,,2.354e+1,2.739e-13,2.742e-5,1.215e-19,1.349e+3,1.756e-12,7.437e-19,6.512e-18,,6.243e-17,,1.958e-17,3.459e+0,1.068e-14,1.177e-17,,1.060e-18,4.087e-17
372.5,2.956e+3,5.304e-21,5.662e-28,2.516e-39,1.916e-35,1.362e-33,,2.798e-19,1.476e-22,,2.393e-15,8.355e-4,6.237e-12,1.230e-17,5.599e-20,2.908e-30,,3.290e-9,,1.956e-17,5.058e-3,7.398e-34,2.040e+2,9.132e+1,3.831e-26,9.941e-11,1.188e-19,9.923e-2,1.004e-23,1.209e+3,5.170e-21,6.893e-27,3.123e-20,5.178e-23,1.225e-20,1.310e-3,1.949e-4,1.283e-2,,7.242e+1,,,2.519e+1,6.375e-13,4.922e-5,1.215e-19,1.352e+3,7.006e-13,7.454e-19,6.402e-18,,6.250e-17,,1.953e-17,2.592e+0,3.992e-15,1.178e-17,,1.059e-18,4.090e-17
372.52,2.910e+3,5.305e-21,5.669e-28,1.385e-39,1.916e-35,1.361e-33,,2.805e-19,1.478e-22,,2.394e-15,1.064e-3,4.471e-12,1.230e-17,5.602e-20,2.941e-30,,2.970e-9,,3.680e-17,6.989e-3,7.393e-34,2.068e+2,8.290e+1,3.832e-26,1.661e-10,1.188e-19,1.016e-1,1.005e-23,1.171e+3,5.175e-21,6.886e-27,3.124e-20,5.179e-23,1.225e-20,8.679e-4,1.444e-4,9.296e-3,,7.682e+1,,,2.625e+1,1.112e-12,7.220e-5,1.215e-19,1.344e+3,3.771e-13,7.465e-19,6.330e-18,,6.254e-17,,1.949e-17,2.123e+0,2.057e-15,1.179e-17,,1.059e-18,4.092e-17
372.54,2.863e+3,5.306e-21,5.676e-28,7.584e-40,1.916e-35,1.360e-33,,2.813e-19,1.479e-22,,2.394e-15,1.348e-3,3.187e-12,1.230e-17,5.605e-20,2.974e-30,,2.667e-9,,6.885e-17,9.604e-3,7.388e-34,2.092e+2,7.485e+1,3.833e-26,2.761e-10,1.188e-19,1.057e-1,1.005e-23,1.139e+3,5.180e-21,6.880e-27,3.126e-20,5.180e-23,1.225e-20,5.721e-4,1.065e-4,6.701e-3,,8.123e+1,,,2.727e+1,1.929e-12,1.053e-4,1.215e-19,1.329e+3,2.018e-13,7.477e-19,6.257e-18,,6.259e-17,,1.945e-17,1.730e+0,1.054e-15,1.180e-17,,1.058e-18,4.095e-17
372.57,2.789e+3,5.308e-21,5.686e-28,3.040e-40,1.915e-35,1.359e-33,,2.825e-19,1.481e-22,,2.395e-15,1.902e-3,1.898e-12,1.231e-17,5.610e-20,3.024e-30,,2.245e-9,,1.744e-16,1.531e-2,7.380e-34,2.124e+2,6.355e+1,3.835e-26,5.854e-10,1.188e-19,1.150e-1,1.006e-23,1.101e+3,5.188e-21,6.870e-27,3.128e-20,5.182e-23,1.225e-20,3.029e-4,6.667e-5,4.058e-3,,8.777e+1,,,2.870e+1,4.363e-12,1.837e-4,1.215e-19,1.294e+3,7.821e-14,7.494e-19,6.148e-18,,6.265e-17,,1.939e-17,1.259e+0,3.829e-16,1.181e-17,,1.058e-18,4.098e-17
372.59,2.737e+3,5.310e-21,5.693e-28,1.641e-40,1.915e-35,1.358e-33,,2.832e-19,1.483e-22,,2.396e-15,2.377e-3,1.334e-12,1.231e-17,5.613e-20,3.057e-30,,1.988e-9,,3.219e-16,2.075e-2,7.375e-34,2.142e+2,5.659e+1,3.836e-26,9.596e-10,1.188e-19,1.231e-1,1.007e-23,1.081e+3,5.193e-21,6.863e-27,3.129e-20,5.182e-23,1.225e-20,1.969e-4,4.847e-5,2.885e-3,,9.198e+1,,,2.956e+1,7.467e-12,2.643e-4,1.214e-19,1.262e+3,4.128e-14,7.505e-19,6.075e-18,,6.269e-17,,1.935e-17,1.012e+0,1.882e-16,1.182e-17,,1.057e-18,4.100e-17
372.62,2.657e+3,5.312e-21,5.703e-28,6.444e-41,1.915e-35,1.357e-33,,2.844e-19,1.485e-22,,2.397e-15,3.288e-3,7.783e-13,1.232e-17,5.617e-20,3.106e-30,,1.640e-9,,7.989e-16,3.241e-2,7.367e-34,2.165e+2,4.706e+1,3.838e-26,1.994e-9,1.189e-19,1.381e-1,1.008e-23,1.060e+3,5.200e-21,6.853e-27,3.131e-20,5.184e-23,1.225e-20,1.021e-4,2.973e-5,1.711e-3,,9.796e+1,,,3.070e+1,1.655e-11,4.516e-4,1.214e-19,1.204e+3,1.566e-14,7.522e-19,5.966e-18,,6.276e-17,,1.929e-17,7.215e-1,6.701e-17,1.183e-17,,1.057e-18,4.104e-17
372.64,2.602e+3,5.313e-21,5.710e-28,3.431e-41,1.915e-35,1.356e-33,,2.851e-19,1.486e-22,,2.397e-15,4.054e-3,5.396e-13,1.232e-17,5.620e-20,3.139e-30,,1.432e-9,,1.455e-15,4.334e-2,7.362e-34,2.178e+2,4.133e+1,3.840e-26,3.224e-9,1.189e-19,1.499e-1,1.008e-23,1.051e+3,5.205e-21,6.846e-27,3.132e-20,5.185e-23,1.225e-20,6.546e-5,2.131e-5,1.200e-3,,1.016e+2,,,3.134e+1,2.793e-11,6.411e-4,1.214e-19,1.158e+3,8.153e-15,7.534e-19,5.893e-18,,6.280e-17,,1.925e-17,5.718e-1,3.343e-17,1.184e-17,,1.056e-18,4.106e-17
372.67,2.518e+3,5.315e-21,5.720e-28,1.319e-41,1.915e-35,1.355e-33,,2.863e-19,1.488e-22,,2.398e-15,5.494e-3,3.083e-13,1.232e-17,5.625e-20,3.189e-30,,1.157e-9,,3.537e-15,6.631e-2,7.354e-34,2.196e+2,3.366e+1,3.841e-26,6.562e-9,1.189e-19,1.702e-1,1.009e-23,1.044e+3,5.213e-21,6.836e-27,3.135e-20,5.186e-23,1.225e-20,3.325e-5,1.280e-5,6.970e-4,,1.065e+2,,,3.210e+1,6.065e-11,1.073e-3,1.214e-19,1.082e+3,3.030e-15,7.551e-19,5.784e-18,,6.287e-17,,1.920e-17,3.993e-1,1.166e-17,1.185e-17,,1.056e-18,4.109e-17
372.69,2.463e+3,5.316e-21,5.727e-28,6.925e-42,1.915e-35,1.354e-33,,2.871e-19,1.490e-22,,2.398e-15,6.683e-3,2.108e-13,1.233e-17,5.628e-20,3.222e-30,,9.967e-10,,6.353e-15,8.745e-2,7.349e-34,2.206e+2,2.916e+1,3.843e-26,1.047e-8,1.189e-19,1.853e-1,1.010e-23,1.044e+3,5.218e-21,6.829e-27,3.136e-20,5.187e-23,1.225e-20,2.102e-5,9.053e-6,4.819e-4,,1.093e+2,,,3.246e+1,1.010e-10,1.502e-3,1.214e-19,1.027e+3,1.555e-15,7.562e-19,5.711e-18,,6.291e-17,,1.916e-17,3.121e-1,1.189e-17,1.186e-17,,1.055e-18,4.111e-17
372.72,2.382e+3,5.318e-21,5.737e-28,2.607e-42,1.914e-35,1.353e-33,,2.882e-19,1.492e-22,,2.399e-15,8.876e-3,1.179e-13,1.233e-17,5.633e-20,3.271e-30,,7.886e-10,,1.514e-14,1.311e-1,7.341e-34,2.220e+2,2.327e+1,3.845e-26,2.088e-8,1.190e-19,2.101e-1,1.011e-23,1.051e+3,5.226e-21,6.819e-27,3.138e-20,5.188e-23,1.225e-20,1.046e-5,5.326e-6,2.742e-4,,1.127e+2,,,3.278e+1,2.148e-10,2.464e-3,1.213e-19,9.393e+2,5.660e-16,7.579e-19,5.602e-18,,6.298e-17,,1.910e-17,2.135e-1,1.224e-17,1.188e-17,,1.055e-18,4.115e-17
372.74,2.330e+3,5.320e-21,5.744e-28,1.350e-42,1.914e-35,1.352e-33,,2.890e-19,1.493e-22,,2.400e-15,1.065e-2,7.952e-14,1.234e-17,5.636e-20,3.304e-30,,6.700e-10,,2.682e-14,1.705e-1,7.336e-34,2.228e+2,1.988e+1,3.846e-26,3.285e-8,1.190e-19,2.279e-1,1.011e-23,1.061e+3,5.231e-21,6.812e-27,3.139e-20,5.189e-23,1.225e-20,6.519e-6,3.714e-6,1.870e-4,,1.143e+2,,,3.283e+1,3.529e-10,3.403e-3,1.213e-19,8.791e+2,2.865e-16,7.591e-19,5.529e-18,,6.302e-17,,1.906e-17,1.646e-1,1.247e-17,1.188e-17,,1.054e-18,4.117e-17
372.77,2.259e+3,5.322e-21,5.754e-28,4.976e-43,1.914e-35,1.351e-33,,2.901e-19,1.495e-22,,2.400e-15,1.387e-2,4.358e-14,1.234e-17,5.640e-20,3.354e-30,,5.193e-10,,6.262e-14,2.504e-1,7.328e-34,2.238e+2,1.554e+1,3.848e-26,6.419e-8,1.190e-19,2.564e-1,1.012e-23,1.083e+3,5.238e-21,6.802e-27,3.141e-20,5.191e-23,1.225e-20,3.176e-6,2.140e-6,1.042e-4,,1.158e+2,,,3.265e+1,7.355e-10,5.467e-3,1.213e-19,7.879e+2,1.021e-16,7.608e-19,5.420e-18,,6.309e-17,,1.900e-17,1.102e-1,1.282e-17,1.190e-17,,1.054e-18,4.121e-17
372.79,2.218e+3,5.323e-21,5.761e-28,2.541e-43,1.914e-35,1.351e-33,,2.909e-19,1.497e-22,,2.401e-15,1.643e-2,2.898e-14,1.234e-17,5.643e-20,3.387e-30,,4.351e-10,,1.095e-13,3.213e-1,7.323e-34,2.242e+2,1.309e+1,3.849e-26,9.964e-8,1.190e-19,2.762e-1,1.013e-23,1.104e+3,5.243e-21,6.795e-27,3.143e-20,5.191e-23,1.225e-20,1.953e-6,1.472e-6,7.008e-5,,1.161e+2,,,3.237e+1,1.192e-9,7.448e-3,1.213e-19,7.273e+2,5.097e-17,7.619e-19,5.347e-18,,6.313e-17,,1.896e-17,8.382e-2,1.305e-17,1.190e-17,,1.053e-18,4.123e-17
372.82,2.166e+3,5.325e-21,5.771e-28,9.174e-44,1.913e-35,1.349e-33,,2.921e-19,1.499e-22,,2.402e-15,2.097e-2,1.555e-14,1.235e-17,5.648e-20,3.436e-30,,3.303e-10,,2.504e-13,4.623e-1,7.315e-34,2.245e+2,1.002e+1,3.851e-26,1.908e-7,1.191e-19,3.070e-1,1.014e-23,1.145e+3,5.251e-21,6.785e-27,3.145e-20,5.193e-23,1.225e-20,9.332e-7,8.308e-7,3.825e-5,,1.155e+2,,,3.171e+1,2.434e-9,1.172e-2,1.213e-19,6.385e+2,1.779e-17,7.636e-19,5.238e-18,,6.319e-17,,1.891e-17,5.500e-2,1.340e-17,1.192e-17,,1.053e-18,4.126e-17
372.84,2.142e+3,5.326e-21,5.778e-28,4.619e-44,1.913e-35,1.349e-33,,2.928e-19,1.500e-22,,2.402e-15,2.452e-2,1.020e-14,1.235e-17,5.651e-20,3.469e-30,,2.730e-10,,4.318e-13,5.851e-1,7.310e-34,2.243e+2,8.332e+0,3.852e-26,2.921e-7,1.191e-19,3.280e-1,1.014e-23,1.181e+3,5.256e-21,6.778e-27,3.146e-20,5.194e-23,1.225e-20,5.676e-7,5.635e-7,2.537e-5,,1.144e+2,,,3.112e+1,3.890e-9,1.575e-2,1.212e-19,5.813e+2,1.779e-17,7.648e-19,5.165e-18,,6.324e-17,,1.887e-17,4.124e-2,1.363e-17,1.193e-17,,1.052e-18,4.128e-17
372.87,2.122e+3,5.328e-21,5.788e-28,1.633e-44,1.913e-35,1.348e-33,,2.940e-19,1.502e-22,,2.403e-15,3.069e-2,5.363e-15,1.236e-17,5.656e-20,3.519e-30,,2.030e-10,,9.678e-13,8.246e-1,7.302e-34,2.234e+2,6.253e+0,3.854e-26,5.479e-7,1.191e-19,3.596e-1,1.015e-23,1.249e+3,5.263e-21,6.768e-27,3.148e-20,5.195e-23,1.225e-20,2.697e-7,3.115e-7,1.356e-5,,1.118e+2,,,3.002e+1,7.782e-9,2.429e-2,1.212e-19,4.999e+2,1.780e-17,7.665e-19,5.056e-18,,6.330e-17,,1.881e-17,2.651e-2,1.398e-17,1.194e-17,,1.052e-18,4.132e-17
372.89,2.122e+3,5.330e-21,5.795e-28,8.110e-45,1.913e-35,1.347e-33,,2.948e-19,1.504e-22,,2.403e-15,3.541e-2,3.469e-15,1.236e-17,5.659e-20,3.552e-30,,1.654e-10,,1.646e-12,1.030e+0,7.297e-34,2.223e+2,5.131e+0,3.856e-26,8.276e-7,1.191e-19,3.805e-1,1.016e-23,1.306e+3,5.268e-21,6.762e-27,3.150e-20,5.196e-23,1.225e-20,1.675e-7,2.084e-7,8.871e-6,,1.093e+2,,,2.916e+1,1.227e-8,3.220e-2,1.212e-19,4.489e+2,1.780e-17,7.676e-19,4.983e-18,,6.335e-17,,1.877e-17,1.961e-2,1.421e-17,1.195e-17,,1.051e-18,4.134e-17
372.91,2.135e+3,5.331e-21,5.802e-28,4.005e-45,1.913e-35,1.346e-33,,2.955e-19,1.505e-22,,2.404e-15,4.066e-2,2.231e-15,1.237e-17,5.662e-20,3.585e-30,,1.341e-10,,2.786e-12,1.278e+0,7.292e-34,2.208e+2,4.190e+0,3.857e-26,1.243e-6,1.192e-19,4.010e-1,1.016e-23,1.372e+3,5.274e-21,6.755e-27,3.151e-20,5.197e-23,1.225e-20,1.098e-7,1.386e-7,5.770e-6,,1.064e+2,,,2.822e+1,1.925e-8,4.245e-2,1.212e-19,4.009e+2,1.781e-17,7.688e-19,4.910e-18,,6.339e-17,,1.873e-17,1.443e-2,1.444e-17,1.196e-17,,1.051e-18,4.136e-17
372.94,2.179e+3,5.333e-21,5.812e-28,3.982e-45,1.912e-35,1.345e-33,,2.967e-19,1.507e-22,,2.405e-15,4.954e-2,1.139e-15,1.237e-17,5.666e-20,3.634e-30,,9.687e-11,,6.068e-12,1.751e+0,7.284e-34,2.175e+2,3.070e+0,3.859e-26,2.266e-6,1.192e-19,4.305e-1,1.017e-23,1.493e+3,5.281e-21,6.745e-27,3.153e-20,5.198e-23,1.225e-20,7.628e-8,7.442e-8,2.996e-6,,1.012e+2,,,2.667e+1,3.741e-8,6.361e-2,1.212e-19,3.349e+2,1.782e-17,7.705e-19,4.801e-18,,6.346e-17,,1.867e-17,9.018e-3,1.479e-17,1.197e-17,,1.050e-18,4.140e-17
372.96,2.227e+3,5.334e-21,5.819e-28,3.966e-45,1.912e-35,1.344e-33,,2.974e-19,1.509e-22,,2.405e-15,5.617e-2,7.227e-16,1.237e-17,5.670e-20,3.667e-30,,7.745e-11,,1.013e-11,2.144e+0,7.279e-34,2.145e+2,2.487e+0,3.860e-26,3.358e-6,1.192e-19,4.491e-1,1.018e-23,1.589e+3,5.286e-21,6.738e-27,3.155e-20,5.199e-23,1.225e-20,8.012e-8,4.882e-8,1.922e-6,,9.732e+1,,,2.558e+1,5.788e-8,8.272e-2,1.211e-19,2.950e+2,1.782e-17,7.716e-19,4.728e-18,,6.350e-17,,1.863e-17,6.556e-3,1.502e-17,1.198e-17,,1.050e-18,4.142e-17
372.99,2.329e+3,5.336e-21,5.829e-28,3.943e-45,1.912e-35,1.343e-33,,2.986e-19,1.511e-22,,2.406e-15,6.718e-2,3.614e-16,1.238e-17,5.674e-20,3.717e-30,,5.479e-11,,2.162e-11,2.876e+0,7.271e-34,2.090e+2,1.815e+0,3.862e-26,5.997e-6,1.192e-19,4.747e-1,1.019e-23,1.759e+3,5.294e-21,6.728e-27,3.157e-20,5.201e-23,1.225e-20,1.254e-7,2.567e-8,9.774e-7,,9.083e+1,,,2.390e+1,1.102e-7,1.214e-1,1.211e-19,2.414e+2,1.783e-17,7.733e-19,4.619e-18,,6.356e-17,,1.858e-17,4.041e-3,1.537e-17,1.199e-17,,1.049e-18,4.145e-17
373.01,2.419e+3,5.337e-21,5.836e-28,3.927e-45,1.912e-35,1.342e-33,,2.994e-19,1.512e-22,,2.406e-15,7.524e-2,2.261e-16,1.238e-17,5.677e-20,3.750e-30,,4.321e-11,,3.560e-11,3.475e+0,7.266e-34,2.045e+2,1.481e+0,3.863e-26,8.767e-6,1.193e-19,4.899e-1,1.019e-23,1.890e+3,5.299e-21,6.721e-27,3.158e-20,5.201e-23,1.225e-20,1.911e-7,1.661e-8,6.184e-7,,8.620e+1,,,2.277e+1,1.683e-7,1.558e-1,1.211e-19,2.097e+2,1.783e-17,7.745e-19,4.546e-18,,6.361e-17,,1.854e-17,2.929e-3,1.560e-17,1.200e-17,,1.049e-18,4.148e-17
373.04,2.587e+3,5.339e-21,5.846e-28,3.904e-45,1.912e-35,1.341e-33,,3.005e-19,1.514e-22,,2.407e-15,8.837e-2,1.107e-16,1.239e-17,5.682e-20,3.800e-30,,2.994e-11,,7.446e-11,4.567e+0,7.258e-34,1.967e+2,1.124e+0,3.865e-26,1.534e-5,1.193e-19,5.095e-1,1.020e-23,2.116e+3,5.306e-21,6.711e-27,3.160e-20,5.203e-23,1.225e-20,3.780e-7,8.555e-9,3.080e-7,,7.892e+1,,,2.112e+1,3.140e-7,2.240e-1,1.211e-19,1.681e+2,1.784e-17,7.762e-19,4.437e-18,,6.367e-17,,1.848e-17,1.840e-3,1.594e-17,1.201e-17,,1.048e-18,4.151e-17
373.06,2.722e+3,5.341e-21,5.853e-28,3.889e-45,1.912e-35,1.340e-33,,3.013e-19,1.516e-22,,2.408e-15,9.781e-2,6.832e-17,1.239e-17,5.685e-20,3.833e-30,,2.329e-11,,1.210e-10,5.442e+0,7.253e-34,1.907e+2,9.694e-1,3.866e-26,2.212e-5,1.193e-19,5.201e-1,1.021e-23,2.286e+3,5.311e-21,6.704e-27,3.162e-20,5.204e-23,1.225e-20,5.995e-7,5.459e-9,1.922e-7,,7.393e+1,,,2.007e+1,4.727e-7,2.834e-1,1.211e-19,1.440e+2,1.784e-17,7.773e-19,4.364e-18,,6.372e-17,,1.844e-17,1.396e-3,1.618e-17,1.202e-17,,1.048e-18,4.153e-17
373.09,2.958e+3,5.343e-21,5.863e-28,3.865e-45,1.911e-35,1.339e-33,,3.024e-19,1.518e-22,,2.408e-15,1.129e-1,3.277e-17,1.240e-17,5.689e-20,3.882e-30,,1.581e-11,,2.479e-10,7.007e+0,7.245e-34,1.807e+2,8.512e-1,3.868e-26,3.792e-5,1.193e-19,5.319e-1,1.022e-23,2.570e+3,5.319e-21,6.694e-27,3.164e-20,5.205e-23,1.225e-20,1.191e-6,2.754e-9,9.375e-8,,6.638e+1,,,1.864e+1,8.642e-7,3.993e-1,1.210e-19,1.131e+2,1.785e-17,7.790e-19,4.255e-18,,6.378e-17,,1.838e-17,1.034e-3,1.652e-17,1.203e-17,,1.047e-18,4.157e-17
373.11,3.137e+3,5.344e-21,5.870e-28,3.850e-45,1.911e-35,1.339e-33,,3.032e-19,1.519e-22,,2.409e-15,1.235e-1,1.994e-17,1.240e-17,5.693e-20,3.915e-30,,1.212e-11,,3.973e-10,8.237e+0,7.240e-34,1.734e+2,8.454e-1,3.870e-26,5.394e-5,1.194e-19,5.369e-1,1.022e-23,2.778e+3,5.324e-21,6.687e-27,3.165e-20,5.206e-23,1.225e-20,1.871e-6,1.733e-9,5.769e-8,,6.137e+1,,,1.781e+1,1.283e-6,4.983e-1,1.210e-19,9.557e+1,1.785e-17,7.802e-19,4.182e-18,,6.383e-17,,1.834e-17,9.597e-4,1.676e-17,1.204e-17,,1.047e-18,4.159e-17
373.14,3.437e+3,5.346e-21,5.880e-28,3.827e-45,1.911e-35,1.337e-33,,3.044e-19,1.522e-22,,2.410e-15,1.403e-1,9.369e-18,1.240e-17,5.697e-20,3.965e-30,,8.060e-12,,7.978e-10,1.039e+1,7.232e-34,1.617e+2,9.502e-1,3.872e-26,9.059e-5,1.194e-19,5.398e-1,1.023e-23,3.118e+3,5.332e-21,6.677e-27,3.167e-20,5.207e-23,1.225e-20,3.649e-6,8.562e-10,2.756e-8,,5.403e+1,,,1.678e+1,2.299e-6,6.878e-1,1.210e-19,7.350e+1,1.786e-17,7.819e-19,4.073e-18,,6.389e-17,,1.829e-17,1.074e-3,1.710e-17,1.205e-17,,1.046e-18,4.162e-17
373.16,3.655e+3,5.347e-21,5.887e-28,3.811e-45,1.911e-35,1.337e-33,,3.051e-19,1.523e-22,,2.410e-15,1.519e-1,5.623e-18,1.241e-17,5.700e-20,3.998e-30,,6.098e-12,,1.261e-9,1.205e+1,7.227e-34,1.535e+2,1.103e+0,3.873e-26,1.271e-4,1.194e-19,5.386e-1,1.024e-23,3.360e+3,5.337e-21,6.670e-27,3.169e-20,5.208e-23,1.225e-20,5.658e-6,5.314e-10,1.673e-8,,4.931e+1,,,1.627e+1,3.368e-6,8.468e-1,1.210e-19,6.127e+1,1.786e-17,1.565e-18,4.000e-18,,6.393e-17,,1.825e-17,1.309e-3,1.734e-17,1.206e-17,,1.046e-18,4.165e-17
373.19,4.007e+3,5.349e-21,5.897e-28,3.788e-45,1.910e-35,1.336e-33,,3.063e-19,1.525e-22,,2.411e-15,1.697e-1,2.587e-18,1.241e-17,5.705e-20,4.047e-30,,3.971e-12,,2.482e-9,1.489e+1,7.219e-34,1.408e+2,1.481e+0,3.875e-26,2.092e-4,1.194e-19,5.320e-1,1.025e-23,3.744e+3,5.344e-21,6.660e-27,3.171e-20,5.210e-23,1.225e-20,1.081e-5,2.571e-10,7.827e-9,,4.256e+1,,,1.581e+1,5.911e-6,1.145e+0,1.209e-19,4.615e+1,1.787e-17,4.386e-18,1.135e-17,,6.400e-17,,1.819e-17,1.958e-3,1.768e-17,1.207e-17,,1.045e-18,4.168e-17
373.21,4.255e+3,5.351e-21,5.904e-28,3.772e-45,1.910e-35,1.335e-33,,3.071e-19,1.526e-22,,2.411e-15,1.819e-1,1.531e-18,1.242e-17,5.708e-20,4.080e-30,,2.963e-12,,3.872e-9,1.702e+1,7.214e-34,1.322e+2,1.852e+0,3.876e-26,2.896e-4,1.195e-19,5.246e-1,1.025e-23,4.010e+3,5.349e-21,6.654e-27,3.172e-20,5.210e-23,1.225e-20,1.654e-5,1.574e-10,4.685e-9,,3.833e+1,,,1.573e+1,8.542e-6,1.391e+0,1.209e-19,3.795e+1,1.788e-17,8.661e-18,2.259e-17,,6.404e-17,,1.815e-17,2.647e-3,1.791e-17,1.208e-17,,1.045e-18,4.170e-17
373.24,4.641e+3,5.353e-21,5.914e-28,3.749e-45,1.910e-35,1.334e-33,,3.082e-19,1.529e-22,,2.412e-15,2.004e-1,6.900e-19,1.242e-17,5.713e-20,4.130e-30,,1.890e-12,,7.466e-9,2.061e+1,7.206e-34,1.193e+2,2.635e+0,3.878e-26,4.668e-4,1.195e-19,5.091e-1,1.026e-23,4.419e+3,5.357e-21,6.643e-27,3.174e-20,5.212e-23,1.225e-20,3.097e-5,7.460e-11,2.147e-9,,3.243e+1,,,1.597e+1,1.469e-5,1.842e+0,1.209e-19,2.800e+1,1.788e-17,2.379e-17,6.278e-17,,6.411e-17,,1.809e-17,4.220e-3,1.826e-17,1.209e-17,,1.044e-18,4.174e-17
373.26,4.903e+3,5.354e-21,5.921e-28,3.734e-45,1.910e-35,1.333e-33,,3.090e-19,1.530e-22,,2.413e-15,2.129e-1,4.027e-19,1.242e-17,5.716e-20,4.163e-30,,1.391e-12,,1.149e-8,2.325e+1,7.201e-34,1.109e+2,3.344e+0,3.879e-26,6.375e-4,1.195e-19,4.959e-1,1.027e-23,4.695e+3,5.362e-21,6.637e-27,3.175e-20,5.213e-23,1.225e-20,4.673e-5,4.503e-11,1.267e-9,,2.882e+1,,,1.639e+1,2.094e-5,2.207e+0,1.209e-19,2.271e+1,1.789e-17,4.634e-17,1.233e-16,,6.415e-17,,1.805e-17,5.763e-3,1.849e-17,1.210e-17,,1.044e-18,4.176e-17
373.29,5.297e+3,5.356e-21,5.931e-28,3.710e-45,1.910e-35,1.332e-33,,3.101e-19,1.532e-22,,2.413e-15,2.314e-1,1.778e-19,1.243e-17,5.720e-20,4.212e-30,,8.689e-13,,2.171e-8,2.757e+1,7.193e-34,9.875e+1,4.768e+0,3.881e-26,1.007e-3,1.195e-19,4.725e-1,1.028e-23,5.104e+3,5.369e-21,6.627e-27,3.178e-20,5.214e-23,1.225e-20,8.573e-5,2.090e-11,5.688e-10,,2.390e+1,,,1.743e+1,3.527e-5,2.864e+0,1.209e-19,1.641e+1,1.789e-17,1.247e-16,3.358e-16,,6.422e-17,,1.800e-17,9.143e-3,1.884e-17,1.211e-17,,1.043e-18,4.179e-17
373.31,5.555e+3,5.357e-21,5.938e-28,3.695e-45,1.910e-35,1.331e-33,,3.109e-19,1.534e-22,,2.414e-15,2.437e-1,1.023e-19,1.243e-17,5.723e-20,4.245e-30,,6.307e-13,,3.296e-8,3.068e+1,7.188e-34,9.105e+1,6.015e+0,3.883e-26,1.356e-3,1.196e-19,4.547e-1,1.028e-23,5.370e+3,5.374e-21,6.620e-27,3.179e-20,5.215e-23,1.225e-20,1.276e-4,1.244e-11,3.311e-10,,2.096e+1,,,1.840e+1,4.960e-5,3.384e+0,1.208e-19,1.313e+1,1.790e-17,2.396e-16,6.505e-16,,6.426e-17,,1.796e-17,1.237e-2,1.907e-17,1.212e-17,,1.043e-18,4.182e-17
373.33,5.806e+3,5.359e-21,5.944e-28,3.679e-45,1.909e-35,1.330e-33,,3.117e-19,1.535e-22,,2.414e-15,2.559e-1,5.858e-20,1.244e-17,5.726e-20,4.278e-30,,4.552e-13,,4.977e-8,3.396e+1,7.183e-34,8.379e+1,7.555e+0,3.884e-26,1.817e-3,1.196e-19,4.354e-1,1.029e-23,5.627e+3,5.379e-21,6.613e-27,3.180e-20,5.216e-23,1.225e-20,1.889e-4,7.368e-12,1.917e-10,,1.828e+1,,,1.959e+1,6.937e-5,3.977e+0,1.208e-19,1.044e+1,1.790e-17,4.580e-16,1.253e-15,,6.430e-17,,1.792e-17,1.665e-2,1.931e-17,1.213e-17,,1.043e-18,4.184e-17
373.36,6.161e+3,5.361e-21,5.955e-28,3.656e-45,1.909e-35,1.329e-33,,3.128e-19,1.537e-22,,2.415e-15,2.737e-1,2.511e-20,1.244e-17,5.731e-20,4.328e-30,,2.763e-13,,9.143e-8,3.913e+1,7.175e-34,7.386e+1,1.054e+1,3.886e-26,2.790e-3,1.196e-19,4.041e-1,1.030e-23,5.988e+3,5.387e-21,6.603e-27,3.182e-20,5.217e-23,1.225e-20,3.368e-4,3.322e-12,8.358e-11,,1.474e+1,,,2.179e+1,1.136e-4,5.016e+0,1.208e-19,7.331e+0,1.791e-17,1.198e-15,3.318e-15,,6.437e-17,,1.786e-17,2.574e-2,1.965e-17,1.214e-17,,1.042e-18,4.187e-17
373.38,6.380e+3,5.362e-21,5.961e-28,3.641e-45,1.909e-35,1.328e-33,,3.136e-19,1.538e-22,,2.416e-15,2.852e-1,1.418e-20,1.244e-17,5.734e-20,4.361e-30,,1.967e-13,,1.362e-7,4.271e+1,7.170e-34,6.798e+1,1.307e+1,3.887e-26,3.687e-3,1.196e-19,3.821e-1,1.030e-23,6.207e+3,5.392e-21,6.596e-27,3.184e-20,5.218e-23,1.225e-20,4.918e-4,1.940e-12,4.772e-11,,1.269e+1,,,2.353e+1,1.567e-4,5.814e+0,1.208e-19,5.751e+0,1.791e-17,2.259e-15,6.307e-15,,6.441e-17,,1.782e-17,3.418e-2,1.988e-17,1.215e-17,,1.042e-18,4.190e-17
373.41,6.673e+3,5.364e-21,5.972e-28,3.617e-45,1.909e-35,1.327e-33,,3.147e-19,1.541e-22,,2.416e-15,3.020e-1,5.953e-21,1.245e-17,5.739e-20,4.410e-30,,1.169e-13,,2.452e-7,4.822e+1,7.162e-34,6.040e+1,1.789e+1,3.889e-26,5.544e-3,1.197e-19,3.480e-1,1.031e-23,6.498e+3,5.400e-21,6.586e-27,3.186e-20,5.220e-23,1.225e-20,8.591e-4,8.565e-13,2.038e-11,,1.002e+1,,,2.651e+1,2.513e-4,7.183e+0,1.208e-19,3.955e+0,1.792e-17,5.790e-15,1.636e-14,,6.448e-17,,1.776e-17,5.179e-2,2.023e-17,1.217e-17,,1.041e-18,4.193e-17
373.43,6.841e+3,5.365e-21,5.978e-28,3.602e-45,1.909e-35,1.327e-33,,3.155e-19,1.542e-22,,2.417e-15,3.127e-1,3.314e-21,1.245e-17,5.742e-20,4.444e-30,,8.210e-14,,3.604e-7,5.192e+1,7.157e-34,5.625e+1,2.189e+1,3.890e-26,7.228e-3,1.197e-19,3.249e-1,1.032e-23,6.661e+3,5.405e-21,6.579e-27,3.187e-20,5.220e-23,1.225e-20,1.238e-3,4.932e-13,1.147e-11,,8.511e+0,,,2.872e+1,3.421e-4,8.214e+0,1.207e-19,3.061e+0,1.793e-17,1.077e-14,3.068e-14,,6.452e-17,,1.772e-17,6.786e-2,2.046e-17,1.217e-17,,1.041e-18,4.195e-17
373.46,7.046e+3,5.367e-21,5.989e-28,3.579e-45,1.908e-35,1.325e-33,,3.167e-19,1.544e-22,,2.418e-15,3.279e-1,1.363e-21,1.246e-17,5.746e-20,4.493e-30,,4.780e-14,,6.358e-7,5.742e+1,7.149e-34,5.148e+1,2.935e+1,3.892e-26,1.065e-2,1.197e-19,2.903e-1,1.033e-23,6.856e+3,5.412e-21,6.569e-27,3.189e-20,5.222e-23,1.225e-20,2.118e-3,2.133e-13,4.800e-12,,6.591e+0,,,3.235e+1,5.375e-4,9.942e+0,1.207e-19,2.062e+0,1.793e-17,2.705e-14,7.799e-14,,6.459e-17,,1.767e-17,1.007e-1,2.081e-17,1.219e-17,,1.040e-18,4.199e-17
373.48,7.150e+3,5.369e-21,5.995e-28,3.563e-45,1.908e-35,1.325e-33,,3.174e-19,1.546e-22,,2.418e-15,3.375e-1,7.484e-22,1.246e-17,5.749e-20,4.526e-30,,3.310e-14,,9.221e-7,6.099e+1,7.144e-34,4.931e+1,3.543e+1,3.893e-26,1.370e-2,1.197e-19,2.675e-1,1.033e-23,6.950e+3,5.417e-21,6.562e-27,3.191e-20,5.223e-23,1.225e-20,3.010e-3,1.212e-13,2.668e-12,,5.521e+0,,,3.495e+1,7.217e-4,1.122e+1,1.207e-19,1.574e+0,1.794e-17,4.964e-14,1.443e-13,,6.463e-17,,1.763e-17,1.302e-1,2.104e-17,1.219e-17,,1.040e-18,4.201e-17
373.51,7.251e+3,5.371e-21,6.006e-28,3.540e-45,1.908e-35,1.324e-33,,3.186e-19,1.548e-22,,2.419e-15,3.508e-1,3.014e-22,1.247e-17,5.754e-20,4.576e-30,,1.888e-14,,1.594e-6,6.608e+1,7.137e-34,4.766e+1,4.654e+1,3.895e-26,1.978e-2,1.198e-19,2.344e-1,1.034e-23,7.033e+3,5.425e-21,6.552e-27,3.193e-20,5.224e-23,1.225e-20,5.048e-3,5.132e-14,1.099e-12,,4.190e+0,,,3.903e+1,1.111e-3,1.330e+1,1.207e-19,1.038e+0,1.794e-17,1.222e-13,3.593e-13,,6.470e-17,,1.757e-17,1.894e-1,2.139e-17,1.221e-17,,1.039e-18,4.204e-17
373.53,7.282e+3,5.372e-21,6.012e-28,3.525e-45,1.908e-35,1.323e-33,,3.194e-19,1.549e-22,,2.419e-15,3.590e-1,1.632e-22,1.247e-17,5.757e-20,4.609e-30,,1.290e-14,,2.282e-6,6.923e+1,7.131e-34,4.765e+1,5.543e+1,3.897e-26,2.509e-2,1.198e-19,2.132e-1,1.035e-23,7.048e+3,5.430e-21,6.546e-27,3.194e-20,5.225e-23,1.225e-20,7.076e-3,2.874e-14,6.129e-13,,3.462e+0,,,4.185e+1,1.472e-3,1.480e+1,1.207e-19,7.817e-1,1.795e-17,2.212e-13,6.558e-13,,6.474e-17,,1.753e-17,2.414e-1,2.162e-17,1.222e-17,,1.039e-18,4.207e-17
373.56,7.274e+3,5.374e-21,6.023e-28,3.501e-45,1.908e-35,1.322e-33,,3.205e-19,1.551e-22,,2.420e-15,3.699e-1,6.439e-23,1.247e-17,5.762e-20,4.658e-30,,7.204e-15,,3.866e-6,7.348e+1,7.124e-34,4.931e+1,7.133e+1,3.899e-26,3.549e-2,1.198e-19,1.832e-1,1.036e-23,7.012e+3,5.437e-21,6.535e-27,3.196e-20,5.226e-23,1.225e-20,1.163e-2,1.192e-14,2.794e-13,,2.575e+0,,,4.613e+1,2.220e-3,1.719e+1,1.206e-19,5.053e-1,1.796e-17,5.334e-13,1.601e-12,,6.481e-17,,1.747e-17,3.440e-1,2.197e-17,1.223e-17,,1.038e-18,4.210e-17
373.58,7.232e+3,5.375e-21,6.029e-28,3.486e-45,1.907e-35,1.321e-33,,3.213e-19,1.553e-22,,2.421e-15,3.762e-1,3.439e-23,1.248e-17,5.765e-20,4.691e-30,,4.853e-15,,5.459e-6,7.593e+1,7.118e-34,5.153e+1,8.381e+1,3.900e-26,4.441e-2,1.198e-19,1.645e-1,1.036e-23,6.949e+3,5.442e-21,6.529e-27,3.198e-20,5.227e-23,1.225e-20,1.608e-2,6.587e-15,2.042e-13,,2.099e+0,,,4.898e+1,2.900e-3,1.887e+1,1.206e-19,3.751e-1,1.796e-17,9.527e-13,2.882e-12,,6.485e-17,,1.743e-17,4.326e-1,4.390e-17,1.224e-17,,1.038e-18,4.212e-17
373.61,7.117e+3,5.377e-21,6.040e-28,3.463e-45,1.907e-35,1.320e-33,,3.224e-19,1.555e-22,,2.421e-15,3.842e-1,1.328e-23,1.248e-17,5.769e-20,4.741e-30,,2.655e-15,,9.067e-6,7.896e+1,7.111e-34,5.655e+1,1.057e+2,3.902e-26,6.154e-2,1.199e-19,1.386e-1,1.037e-23,6.798e+3,5.450e-21,6.519e-27,3.200e-20,5.229e-23,1.225e-20,2.588e-2,2.677e-15,2.422e-13,,1.530e+0,,,5.316e+1,4.286e-3,2.148e+1,1.206e-19,2.375e-1,1.797e-17,2.251e-12,6.893e-12,,6.491e-17,,1.738e-17,6.040e-1,1.339e-16,1.225e-17,,1.037e-18,4.216e-17
373.63,7.009e+3,5.379e-21,6.046e-28,3.447e-45,1.907e-35,1.319e-33,,3.232e-19,1.556e-22,,2.422e-15,3.883e-1,6.998e-24,1.249e-17,5.772e-20,4.774e-30,,1.764e-15,,1.263e-5,8.049e+1,7.105e-34,6.101e+1,1.225e+2,3.903e-26,7.598e-2,1.199e-19,1.228e-1,1.038e-23,6.663e+3,5.455e-21,6.512e-27,3.201e-20,5.229e-23,1.225e-20,3.530e-2,1.458e-15,3.828e-13,,1.231e+0,,,5.584e+1,5.524e-3,2.326e+1,1.206e-19,1.739e-1,1.797e-17,3.967e-12,1.224e-11,,6.496e-17,,1.734e-17,7.493e-1,2.644e-16,1.226e-17,,1.037e-18,4.218e-17
373.66,6.803e+3,5.381e-21,6.057e-28,3.424e-45,1.907e-35,1.318e-33,,3.244e-19,1.558e-22,,2.423e-15,3.926e-1,2.648e-24,1.249e-17,5.777e-20,4.823e-30,,9.456e-16,,2.057e-5,8.199e+1,7.098e-34,6.930e+1,1.512e+2,3.905e-26,1.032e-1,1.199e-19,1.014e-1,1.039e-23,6.412e+3,5.463e-21,6.502e-27,3.203e-20,5.231e-23,1.225e-20,5.568e-2,5.803e-16,9.028e-13,,8.803e-1,,,5.961e+1,7.998e-3,2.594e+1,1.205e-19,1.079e-1,1.798e-17,9.184e-12,2.869e-11,,6.502e-17,,1.728e-17,1.025e+0,7.261e-16,1.227e-17,,1.036e-18,4.221e-17
373.68,6.640e+3,5.382e-21,6.063e-28,3.408e-45,1.907e-35,1.317e-33,,3.251e-19,1.560e-22,,2.423e-15,3.940e-1,1.375e-24,1.249e-17,5.780e-20,4.856e-30,,6.196e-16,,2.827e-5,8.244e+1,7.093e-34,7.586e+1,1.729e+2,3.906e-26,1.256e-1,1.199e-19,8.873e-2,1.039e-23,6.217e+3,5.468e-21,6.495e-27,3.205e-20,5.232e-23,1.225e-20,7.493e-2,3.118e-16,1.642e-12,,6.998e-1,,,6.191e+1,1.017e-2,2.770e+1,1.205e-19,7.791e-2,1.798e-17,1.597e-11,5.028e-11,,6.507e-17,,1.724e-17,1.254e+0,1.414e-15,1.228e-17,,1.036e-18,4.223e-17
373.7,6.461e+3,5.383e-21,6.070e-28,3.393e-45,1.906e-35,1.316e-33,,3.259e-19,1.561e-22,,2.424e-15,3.943e-1,7.106e-25,1.250e-17,5.783e-20,4.889e-30,,4.038e-16,,3.866e-5,8.244e+1,7.087e-34,8.321e+1,1.966e+2,3.908e-26,1.522e-1,1.200e-19,7.722e-2,1.040e-23,6.002e+3,5.473e-21,6.488e-27,3.206e-20,5.233e-23,1.225e-20,1.003e-1,1.666e-16,2.988e-12,,5.541e-1,,,6.402e+1,1.286e-2,2.943e+1,1.205e-19,5.596e-2,1.799e-17,2.760e-11,8.763e-11,,6.511e-17,,1.720e-17,1.527e+0,2.740e-15,1.229e-17,,1.035e-18,4.226e-17
373.73,6.166e+3,5.385e-21,6.080e-28,3.370e-45,1.906e-35,1.315e-33,,3.271e-19,1.563e-22,,2.424e-15,3.925e-1,2.611e-25,1.250e-17,5.788e-20,4.939e-30,,2.102e-16,,6.121e-5,8.160e+1,7.080e-34,9.556e+1,2.360e+2,3.910e-26,2.008e-1,1.200e-19,6.211e-2,1.041e-23,5.651e+3,5.480e-21,6.478e-27,3.208e-20,5.234e-23,1.225e-20,1.537e-1,6.440e-17,7.282e-12,,3.884e-1,,,6.674e+1,1.809e-2,3.190e+1,1.205e-19,3.372e-2,1.799e-17,6.212e-11,1.996e-10,,6.518e-17,,1.714e-17,2.029e+0,7.313e-15,1.230e-17,,1.035e-18,4.229e-17
373.75,5.957e+3,5.386e-21,6.087e-28,3.354e-45,1.906e-35,1.315e-33,,3.278e-19,1.565e-22,,2.425e-15,3.897e-1,1.330e-25,1.251e-17,5.791e-20,4.972e-30,,1.351e-16,,8.260e-5,8.049e+1,7.074e-34,1.046e+2,2.647e+2,3.911e-26,2.399e-1,1.200e-19,5.340e-2,1.042e-23,5.402e+3,5.485e-21,6.471e-27,3.210e-20,5.235e-23,1.225e-20,2.029e-1,3.394e-17,1.310e-11,,3.064e-1,,,6.824e+1,2.256e-2,3.343e+1,1.205e-19,2.389e-2,1.800e-17,1.060e-10,3.432e-10,,6.522e-17,,1.710e-17,2.436e+0,1.398e-14,1.231e-17,,1.034e-18,4.231e-17
373.78,5.631e+3,5.388e-21,6.097e-28,3.331e-45,1.906e-35,1.313e-33,,3.290e-19,1.567e-22,,2.426e-15,3.830e-1,4.789e-26,1.251e-17,5.795e-20,5.021e-30,,6.891e-17,,1.282e-4,7.804e+1,7.067e-34,1.192e+2,3.112e+2,3.913e-26,3.102e-1,1.200e-19,4.222e-2,1.042e-23,5.012e+3,5.493e-21,6.461e-27,3.212e-20,5.236e-23,1.225e-20,3.048e-1,1.285e-17,3.131e-11,,2.165e-1,,,6.996e+1,3.111e-2,3.552e+1,1.204e-19,1.410e-2,1.801e-17,2.336e-10,7.659e-10,,6.528e-17,,1.705e-17,3.173e+0,3.656e-14,1.232e-17,,1.034e-18,4.235e-17
373.8,5.410e+3,5.390e-21,6.104e-28,3.315e-45,1.906e-35,1.313e-33,,3.297e-19,1.568e-22,,2.426e-15,3.768e-1,2.406e-26,1.251e-17,5.798e-20,5.054e-30,,4.368e-17,,1.707e-4,7.593e+1,7.061e-34,1.294e+2,3.443e+2,3.914e-26,3.656e-1,1.200e-19,3.593e-2,1.043e-23,4.748e+3,5.498e-21,6.454e-27,3.213e-20,5.237e-23,1.225e-20,3.969e-1,6.677e-18,5.558e-11,,1.744e-1,,,7.075e+1,3.827e-2,3.673e+1,1.204e-19,9.851e-3,1.801e-17,3.931e-10,1.299e-9,,6.533e-17,,1.701e-17,3.758e+0,6.895e-14,1.233e-17,,1.033e-18,4.237e-17
373.83,5.080e+3,5.392e-21,6.114e-28,3.292e-45,1.905e-35,1.312e-33,,3.309e-19,1.570e-22,,2.427e-15,3.652e-1,8.482e-27,1.252e-17,5.803e-20,5.104e-30,,2.182e-17,,2.598e-4,7.213e+1,7.054e-34,1.453e+2,3.967e+2,3.916e-26,4.631e-1,1.201e-19,2.807e-2,1.044e-23,4.350e+3,5.505e-21,6.444e-27,3.215e-20,5.239e-23,1.225e-20,5.840e-1,2.476e-18,1.302e-10,,1.325e-1,,,7.137e+1,5.170e-2,3.824e+1,1.204e-19,5.695e-3,1.802e-17,8.495e-10,2.841e-9,,6.539e-17,,1.695e-17,4.794e+0,1.768e-13,1.234e-17,,1.033e-18,4.240e-17
373.85,4.865e+3,5.393e-21,6.121e-28,3.277e-45,1.905e-35,1.311e-33,,3.317e-19,1.572e-22,,2.427e-15,3.559e-1,4.203e-27,1.252e-17,5.806e-20,5.137e-30,,1.364e-17,,3.414e-4,6.923e+1,7.049e-34,1.561e+2,4.330e+2,3.917e-26,5.384e-1,1.201e-19,2.378e-2,1.045e-23,4.089e+3,5.511e-21,6.438e-27,3.216e-20,5.239e-23,1.225e-20,7.504e-1,1.269e-18,2.280e-10,,1.164e-1,,,7.141e+1,6.274e-2,3.902e+1,1.204e-19,3.925e-3,1.802e-17,1.410e-9,4.755e-9,,6.544e-17,,1.691e-17,5.601e+0,3.289e-13,1.235e-17,,1.032e-18,4.243e-17
373.88,4.554e+3,5.395e-21,6.131e-28,3.253e-45,1.905e-35,1.310e-33,,3.328e-19,1.574e-22,,2.428e-15,3.398e-1,4.197e-27,1.253e-17,5.811e-20,5.187e-30,,6.674e-18,,5.094e-4,6.442e+1,7.041e-34,1.721e+2,4.887e+2,3.919e-26,6.682e-1,1.201e-19,1.860e-2,1.045e-23,3.709e+3,5.518e-21,6.427e-27,3.219e-20,5.241e-23,1.225e-20,1.082e+0,4.608e-19,5.231e-10,,1.072e-1,,,7.092e+1,8.303e-2,3.983e+1,1.204e-19,2.222e-3,1.803e-17,2.986e-9,1.019e-8,,6.550e-17,,1.685e-17,7.001e+0,8.262e-13,1.236e-17,,1.032e-18,4.246e-17
373.9,4.358e+3,5.396e-21,6.138e-28,3.238e-45,1.905e-35,1.309e-33,,3.336e-19,1.575e-22,,2.429e-15,3.277e-1,4.193e-27,1.253e-17,5.814e-20,5.220e-30,,4.116e-18,,6.608e-4,6.099e+1,7.036e-34,1.826e+2,5.262e+2,3.920e-26,7.664e-1,1.201e-19,1.589e-2,1.046e-23,3.467e+3,5.523e-21,6.421e-27,3.220e-20,5.242e-23,1.225e-20,1.371e+0,2.329e-19,9.038e-10,,1.104e-1,,,7.024e+1,9.941e-2,4.011e+1,1.203e-19,1.511e-3,1.803e-17,4.890e-9,1.682e-8,,6.555e-17,,1.681e-17,8.069e+0,1.517e-12,1.237e-17,,1.031e-18,4.248e-17
373.93,4.084e+3,5.398e-21,6.148e-28,3.215e-45,1.905e-35,1.308e-33,,3.347e-19,1.577e-22,,2.429e-15,3.079e-1,4.188e-27,1.254e-17,5.818e-20,5.269e-30,,1.972e-18,,9.668e-4,5.560e+1,7.028e-34,1.976e+2,5.819e+2,3.922e-26,9.319e-1,1.202e-19,1.282e-2,1.047e-23,3.127e+3,5.531e-21,6.411e-27,3.222e-20,5.243e-23,1.225e-20,1.936e+0,8.285e-20,2.032e-9,,1.286e-1,,,6.872e+1,1.289e-1,4.016e+1,1.203e-19,8.379e-4,1.804e-17,1.014e-8,3.533e-8,,6.561e-17,,1.676e-17,9.881e+0,3.734e-12,1.238e-17,,1.031e-18,4.252e-17
373.95,3.917e+3,5.400e-21,6.155e-28,3.199e-45,1.904e-35,1.307e-33,,3.355e-19,1.579e-22,,2.430e-15,2.936e-1,4.184e-27,1.254e-17,5.821e-20,5.302e-30,,1.200e-18,,1.238e-3,5.192e+1,7.023e-34,2.069e+2,6.180e+2,3.924e-26,1.054e+0,1.202e-19,1.136e-2,1.048e-23,2.918e+3,5.536e-21,6.404e-27,3.223e-20,5.244e-23,1.225e-20,2.421e+0,4.131e-20,3.464e-9,,1.501e-1,,,6.739e+1,1.522e-1,3.993e+1,1.203e-19,5.617e-4,1.804e-17,1.639e-8,5.754e-8,,6.565e-17,,1.672e-17,1.123e+1,6.763e-12,1.239e-17,,1.030e-18,4.254e-17
373.98,3.691e+3,5.402e-21,6.165e-28,3.176e-45,1.904e-35,1.306e-33,,3.367e-19,1.581e-22,,2.431e-15,2.712e-1,4.178e-27,1.254e-17,5.826e-20,5.352e-30,,5.631e-19,,1.776e-3,4.637e+1,7.015e-34,2.195e+2,6.697e+2,3.926e-26,1.256e+0,1.202e-19,9.942e-3,1.048e-23,2.633e+3,5.543e-21,6.394e-27,3.225e-20,5.245e-23,1.225e-20,3.350e+0,4.112e-20,7.633e-9,,1.978e-1,,,6.500e+1,1.934e-1,3.923e+1,1.203e-19,3.052e-4,1.805e-17,3.332e-8,1.184e-7,,6.572e-17,,1.666e-17,1.348e+1,1.632e-11,1.240e-17,,1.030e-18,4.257e-17
374,3.558e+3,5.403e-21,6.172e-28,3.160e-45,1.904e-35,1.305e-33,,3.374e-19,1.582e-22,,2.431e-15,2.557e-1,4.174e-27,1.255e-17,5.829e-20,5.385e-30,,3.377e-19,,2.245e-3,4.271e+1,7.010e-34,2.267e+2,7.017e+2,3.927e-26,1.402e+0,1.202e-19,9.466e-3,1.049e-23,2.464e+3,5.548e-21,6.387e-27,3.227e-20,5.246e-23,1.225e-20,4.132e+0,4.099e-20,1.284e-8,,2.415e-1,,,6.316e+1,2.253e-1,3.854e+1,1.203e-19,2.018e-4,1.806e-17,5.311e-8,1.902e-7,,6.576e-17,,1.662e-17,1.512e+1,2.916e-11,1.241e-17,,1.029e-18,4.260e-17
374.03,3.385e+3,5.405e-21,6.182e-28,3.137e-45,1.904e-35,1.304e-33,,3.386e-19,1.584e-22,,2.432e-15,2.319e-1,4.168e-27,1.255e-17,5.834e-20,5.434e-30,,1.553e-19,,3.159e-3,3.737e+1,7.002e-34,2.357e+2,7.450e+2,3.929e-26,1.637e+0,1.203e-19,9.387e-3,1.050e-23,2.244e+3,5.556e-21,6.377e-27,3.229e-20,5.248e-23,1.225e-20,5.603e+0,4.080e-20,2.771e-8,,3.278e-1,,,6.009e+1,2.804e-1,3.719e+1,1.202e-19,1.074e-4,1.806e-17,1.058e-7,3.835e-7,,6.583e-17,,1.656e-17,1.777e+1,6.895e-11,1.243e-17,,1.029e-18,4.263e-17
374.05,3.287e+3,5.406e-21,6.189e-28,3.122e-45,1.904e-35,1.303e-33,,3.394e-19,1.586e-22,,2.432e-15,2.160e-1,4.164e-27,1.256e-17,5.837e-20,5.467e-30,,9.187e-20,,3.942e-3,3.396e+1,6.997e-34,2.402e+2,7.702e+2,3.930e-26,1.802e+0,1.203e-19,9.728e-3,1.051e-23,2.120e+3,5.561e-21,6.370e-27,3.230e-20,5.248e-23,1.225e-20,6.817e+0,4.067e-20,4.598e-8,,4.017e-1,,,5.787e+1,3.223e-1,3.612e+1,1.202e-19,7.005e-5,1.807e-17,1.664e-7,6.080e-7,,6.587e-17,,1.652e-17,1.966e+1,1.216e-10,1.243e-17,,1.028e-18,4.265e-17
374.07,3.203e+3,5.408e-21,6.196e-28,3.106e-45,1.903e-35,1.303e-33,,3.401e-19,1.587e-22,,2.433e-15,2.002e-1,4.160e-27,1.256e-17,5.840e-20,5.500e-30,,5.405e-20,,4.894e-3,3.068e+1,6.992e-34,2.435e+2,7.919e+2,3.931e-26,1.973e+0,1.203e-19,1.036e-2,1.051e-23,2.014e+3,5.566e-21,6.363e-27,3.232e-20,5.249e-23,1.225e-20,8.249e+0,4.054e-20,7.588e-8,,4.909e-1,,,5.555e+1,3.683e-1,3.492e+1,1.202e-19,4.543e-5,1.807e-17,2.602e-7,9.585e-7,,6.592e-17,,1.648e-17,2.163e+1,2.132e-10,1.244e-17,,1.028e-18,4.268e-17
374.1,3.103e+3,5.410e-21,6.206e-28,3.083e-45,1.903e-35,1.301e-33,,3.413e-19,1.589e-22,,2.434e-15,1.770e-1,4.154e-27,1.257e-17,5.844e-20,5.550e-30,,2.414e-20,,6.704e-3,2.608e+1,6.984e-34,2.460e+2,8.173e+2,3.933e-26,2.239e+0,1.203e-19,1.185e-2,1.052e-23,1.890e+3,5.574e-21,6.353e-27,3.234e-20,5.251e-23,1.225e-20,1.087e+1,4.035e-20,1.592e-7,,6.582e-1,,,5.190e+1,4.455e-1,3.295e+1,1.202e-19,2.349e-5,1.808e-17,5.037e-7,1.878e-6,,6.598e-17,,1.643e-17,2.471e+1,4.900e-10,1.246e-17,,1.027e-18,4.271e-17
374.12,3.052e+3,5.411e-21,6.213e-28,3.067e-45,1.903e-35,1.301e-33,,3.420e-19,1.591e-22,,2.434e-15,1.620e-1,4.150e-27,1.257e-17,5.848e-20,5.583e-30,,1.401e-20,,8.217e-3,2.325e+1,6.979e-34,2.460e+2,8.291e+2,3.935e-26,2.418e+0,1.204e-19,1.318e-2,1.053e-23,1.829e+3,5.579e-21,6.346e-27,3.235e-20,5.252e-23,1.225e-20,1.298e+1,4.022e-20,2.592e-7,,7.957e-1,,,4.941e+1,5.023e-1,3.155e+1,1.202e-19,1.503e-5,1.808e-17,7.772e-7,2.922e-6,,6.602e-17,,1.639e-17,2.682e+1,8.477e-10,1.246e-17,,1.027e-18,4.273e-17
374.15,2.998e+3,5.413e-21,6.223e-28,3.044e-45,1.903e-35,1.300e-33,,3.432e-19,1.593e-22,,2.435e-15,1.405e-1,4.145e-27,1.257e-17,5.852e-20,5.632e-30,,6.128e-21,,1.105e-2,1.936e+1,6.971e-34,2.435e+2,8.388e+2,3.937e-26,2.688e+0,1.204e-19,1.567e-2,1.054e-23,1.770e+3,5.586e-21,6.336e-27,3.237e-20,5.253e-23,1.225e-20,1.675e+1,4.003e-20,5.330e-7,,1.048e+0,,,4.560e+1,5.953e-1,2.937e+1,1.201e-19,7.610e-6,1.809e-17,1.474e-6,5.610e-6,,6.609e-17,,1.633e-17,3.002e+1,1.910e-9,1.248e-17,,1.026e-18,4.277e-17
374.17,2.976e+3,5.414e-21,6.230e-28,3.029e-45,1.903e-35,1.299e-33,,3.440e-19,1.594e-22,,2.435e-15,1.270e-1,4.141e-27,1.258e-17,5.855e-20,5.665e-30,,3.507e-21,,1.337e-2,1.702e+1,6.966e-34,2.402e+2,8.398e+2,3.938e-26,2.864e+0,1.204e-19,1.766e-2,1.054e-23,1.751e+3,5.591e-21,6.330e-27,3.239e-20,5.254e-23,1.225e-20,1.973e+1,3.991e-20,8.561e-7,,1.250e+0,,,4.306e+1,6.621e-1,2.790e+1,1.201e-19,4.802e-6,1.809e-17,2.244e-6,8.609e-6,,6.613e-17,,1.629e-17,3.214e+1,3.260e-9,1.248e-17,,1.026e-18,4.279e-17
374.2,2.963e+3,5.416e-21,6.240e-28,3.005e-45,1.902e-35,1.298e-33,,3.451e-19,1.596e-22,,2.436e-15,1.080e-1,4.135e-27,1.258e-17,5.860e-20,5.715e-30,,1.503e-21,,1.763e-2,1.389e+1,6.958e-34,2.330e+2,8.329e+2,3.940e-26,3.119e+0,1.204e-19,2.111e-2,1.055e-23,1.752e+3,5.599e-21,6.319e-27,3.241e-20,5.255e-23,1.225e-20,2.495e+1,3.971e-20,1.725e-6,,1.613e+0,,,3.927e+1,7.687e-1,2.570e+1,1.201e-19,2.382e-6,1.810e-17,4.172e-6,1.620e-5,,6.620e-17,,1.623e-17,3.524e+1,7.198e-9,1.250e-17,,1.025e-18,4.282e-17
374.22,2.966e+3,5.418e-21,6.247e-28,2.990e-45,1.902e-35,1.297e-33,,3.459e-19,1.598e-22,,2.437e-15,9.635e-2,4.131e-27,1.259e-17,5.863e-20,5.748e-30,,8.483e-22,,2.108e-2,1.205e+1,6.953e-34,2.267e+2,8.230e+2,3.941e-26,3.279e+0,1.205e-19,2.371e-2,1.056e-23,1.771e+3,5.604e-21,6.313e-27,3.242e-20,5.256e-23,1.225e-20,2.898e+1,3.959e-20,2.733e-6,,1.900e+0,,,3.679e+1,8.434e-1,2.428e+1,1.201e-19,1.482e-6,1.811e-17,6.265e-6,2.452e-5,,6.624e-17,,1.619e-17,3.722e+1,1.212e-8,1.251e-17,,1.025e-18,4.285e-17
374.25,2.988e+3,5.420e-21,6.257e-28,2.967e-45,1.902e-35,1.296e-33,,3.470e-19,1.600e-22,,2.437e-15,8.037e-2,4.125e-27,1.259e-17,5.868e-20,5.797e-30,,3.561e-22,,2.729e-2,9.629e+0,6.945e-34,2.155e+2,8.007e+2,3.943e-26,3.498e+0,1.205e-19,2.804e-2,1.057e-23,1.823e+3,5.611e-21,6.303e-27,3.244e-20,5.258e-23,1.225e-20,3.592e+1,3.940e-20,5.396e-6,,2.403e+0,,,3.317e+1,9.594e-1,2.223e+1,1.200e-19,7.203e-7,1.811e-17,1.141e-5,4.521e-5,,6.631e-17,,1.614e-17,3.999e+1,2.623e-8,1.252e-17,,1.024e-18,4.288e-17
374.27,3.012e+3,5.421e-21,6.264e-28,2.951e-45,1.902e-35,1.295e-33,,3.478e-19,1.601e-22,,2.438e-15,7.074e-2,4.121e-27,1.259e-17,5.871e-20,5.830e-30,,1.983e-22,,3.222e-2,8.237e+0,6.940e-34,2.069e+2,7.812e+2,3.944e-26,3.628e+0,1.205e-19,3.120e-2,1.057e-23,1.874e+3,5.616e-21,6.296e-27,3.246e-20,5.258e-23,1.225e-20,4.116e+1,3.927e-20,8.436e-6,,2.791e+0,,,3.084e+1,1.038e+0,2.095e+1,1.200e-19,4.421e-7,1.812e-17,1.691e-5,6.752e-5,,6.635e-17,,1.610e-17,4.167e+1,4.359e-8,1.253e-17,,1.024e-18,4.290e-17
374.3,3.064e+3,5.423e-21,6.274e-28,2.928e-45,1.902e-35,1.294e-33,,3.490e-19,1.603e-22,,2.439e-15,5.785e-2,4.115e-27,1.260e-17,5.875e-20,5.880e-30,,8.176e-23,,4.096e-2,6.450e+0,6.932e-34,1.928e+2,7.458e+2,3.946e-26,3.792e+0,1.205e-19,3.629e-2,1.058e-23,1.970e+3,5.624e-21,6.286e-27,3.248e-20,5.260e-23,1.225e-20,4.998e+1,3.908e-20,1.632e-5,,3.458e+0,,,2.748e+1,1.157e+0,1.916e+1,1.200e-19,2.104e-7,1.812e-17,3.018e-5,1.220e-4,,6.642e-17,,1.604e-17,4.388e+1,9.243e-8,1.254e-17,,1.023e-18,4.294e-17
374.32,3.107e+3,5.424e-21,6.281e-28,2.912e-45,1.901e-35,1.293e-33,,3.497e-19,1.605e-22,,2.439e-15,5.025e-2,4.111e-27,1.260e-17,5.878e-20,5.913e-30,,4.526e-23,,4.778e-2,5.442e+0,6.927e-34,1.827e+2,7.188e+2,3.947e-26,3.880e+0,1.206e-19,3.989e-2,1.059e-23,2.046e+3,5.629e-21,6.279e-27,3.249e-20,5.261e-23,1.225e-20,5.649e+1,3.895e-20,2.517e-5,,3.963e+0,,,2.536e+1,1.235e+0,1.806e+1,1.200e-19,1.274e-7,1.813e-17,4.410e-5,1.797e-4,,6.646e-17,,1.600e-17,4.510e+1,1.515e-7,1.255e-17,,1.023e-18,4.296e-17
374.35,3.186e+3,5.426e-21,6.291e-28,2.889e-45,1.901e-35,1.292e-33,,3.509e-19,1.607e-22,,2.440e-15,4.027e-2,4.105e-27,1.261e-17,5.883e-20,5.963e-30,,1.937e-23,,5.965e-2,4.175e+0,6.919e-34,1.670e+2,6.741e+2,3.949e-26,3.974e+0,1.206e-19,4.552e-2,1.060e-23,2.177e+3,5.637e-21,6.269e-27,3.251e-20,5.262e-23,1.225e-20,6.721e+1,3.876e-20,4.772e-5,,4.812e+0,,,2.237e+1,1.349e+0,1.658e+1,1.200e-19,5.939e-8,1.813e-17,7.714e-5,3.181e-4,,6.652e-17,,1.594e-17,4.654e+1,3.149e-7,1.256e-17,,1.022e-18,4.299e-17
374.37,3.246e+3,5.428e-21,6.298e-28,2.874e-45,1.901e-35,1.291e-33,,3.517e-19,1.608e-22,,2.441e-15,3.451e-2,4.102e-27,1.261e-17,5.886e-20,5.996e-30,,1.234e-23,,6.875e-2,3.475e+0,6.914e-34,1.563e+2,6.422e+2,3.951e-26,4.010e+0,1.206e-19,4.939e-2,1.060e-23,2.275e+3,5.642e-21,6.262e-27,3.253e-20,5.263e-23,1.225e-20,7.495e+1,3.863e-20,7.260e-5,,5.439e+0,,,2.051e+1,1.421e+0,1.569e+1,1.199e-19,3.547e-8,1.814e-17,1.112e-4,4.624e-4,,6.657e-17,,1.590e-17,4.720e+1,5.094e-7,1.257e-17,,1.022e-18,4.302e-17
374.4,3.348e+3,5.430e-21,6.308e-28,2.850e-45,1.901e-35,1.290e-33,,3.528e-19,1.610e-22,,2.441e-15,2.711e-2,4.096e-27,1.262e-17,5.891e-20,6.045e-30,,1.053e-23,,8.431e-2,2.612e+0,6.906e-34,1.403e+2,5.924e+2,3.953e-26,4.024e+0,1.206e-19,5.525e-2,1.061e-23,2.433e+3,5.649e-21,6.252e-27,3.255e-20,5.264e-23,1.225e-20,8.736e+1,3.844e-20,1.349e-4,,6.470e+0,,,1.793e+1,1.520e+0,1.451e+1,1.199e-19,1.620e-8,1.815e-17,1.906e-4,8.021e-4,,6.663e-17,,1.585e-17,4.773e+1,1.038e-6,1.258e-17,,1.021e-18,4.305e-17
374.42,3.424e+3,5.431e-21,6.315e-28,2.835e-45,1.901e-35,1.289e-33,,3.536e-19,1.612e-22,,2.442e-15,2.292e-2,4.092e-27,1.262e-17,5.894e-20,6.078e-30,,1.458e-23,,9.604e-2,2.144e+0,6.901e-34,1.299e+2,5.585e+2,3.954e-26,4.006e+0,1.207e-19,5.914e-2,1.062e-23,2.546e+3,5.654e-21,6.245e-27,3.256e-20,5.265e-23,1.225e-20,9.610e+1,3.831e-20,2.024e-4,,7.215e+0,,,1.637e+1,1.579e+0,1.381e+1,1.199e-19,9.539e-9,1.815e-17,2.711e-4,1.150e-3,,6.668e-17,,1.581e-17,4.777e+1,1.656e-6,1.259e-17,,1.021e-18,4.307e-17
374.44,3.505e+3,5.432e-21,6.322e-28,2.820e-45,1.900e-35,1.289e-33,,3.544e-19,1.613e-22,,2.442e-15,1.928e-2,4.088e-27,1.262e-17,5.897e-20,6.111e-30,,2.443e-23,,1.089e-1,1.751e+0,6.896e-34,1.198e+2,5.246e+2,3.955e-26,3.967e+0,1.207e-19,6.296e-2,1.062e-23,2.665e+3,5.659e-21,6.238e-27,3.257e-20,5.266e-23,1.225e-20,1.051e+2,3.819e-20,3.022e-4,,8.002e+0,,,1.492e+1,1.632e+0,1.318e+1,1.199e-19,5.587e-9,1.816e-17,3.836e-4,1.640e-3,,6.672e-17,,1.577e-17,4.756e+1,2.629e-6,1.260e-17,,1.020e-18,4.309e-17
374.47,3.638e+3,5.434e-21,6.332e-28,2.796e-45,1.900e-35,1.287e-33,,3.555e-19,1.615e-22,,2.443e-15,1.472e-2,4.082e-27,1.263e-17,5.901e-20,6.161e-30,,5.921e-23,,1.303e-1,1.278e+0,6.888e-34,1.055e+2,4.744e+2,3.957e-26,3.869e+0,1.207e-19,6.846e-2,1.063e-23,2.850e+3,5.667e-21,6.228e-27,3.259e-20,5.267e-23,1.225e-20,1.191e+2,3.800e-20,5.457e-4,,9.250e+0,,,1.301e+1,1.696e+0,1.234e+1,1.199e-19,2.479e-9,1.816e-17,6.389e-4,2.766e-3,,6.679e-17,,1.571e-17,4.678e+1,5.205e-6,1.261e-17,,1.020e-18,4.313e-17
374.49,3.732e+3,5.436e-21,6.339e-28,2.781e-45,1.900e-35,1.287e-33,,3.563e-19,1.617e-22,,2.444e-15,1.221e-2,4.078e-27,1.263e-17,5.904e-20,6.194e-30,,1.083e-22,,1.461e-1,1.030e+0,6.883e-34,9.675e+1,4.420e+2,3.958e-26,3.779e+0,1.207e-19,7.190e-2,1.064e-23,2.978e+3,5.672e-21,6.222e-27,3.261e-20,5.268e-23,1.225e-20,1.285e+2,3.787e-20,8.037e-4,,1.012e+1,,,1.190e+1,1.729e+0,1.183e+1,1.198e-19,1.432e-9,1.817e-17,8.917e-4,3.891e-3,,6.683e-17,,1.567e-17,4.597e+1,8.152e-6,1.262e-17,,1.019e-18,4.315e-17
374.52,3.882e+3,5.438e-21,6.349e-28,2.758e-45,1.900e-35,1.286e-33,,3.574e-19,1.619e-22,,2.444e-15,9.138e-3,4.072e-27,1.264e-17,5.909e-20,6.243e-30,,2.670e-22,,1.720e-1,7.365e-1,6.875e-34,8.493e+1,3.955e+2,3.960e-26,3.611e+0,1.208e-19,7.660e-2,1.065e-23,3.175e+3,5.679e-21,6.211e-27,3.263e-20,5.270e-23,1.225e-20,1.426e+2,3.768e-20,1.422e-3,,1.146e+1,,,1.050e+1,1.761e+0,1.115e+1,1.198e-19,6.222e-10,1.817e-17,1.455e-3,6.429e-3,,6.689e-17,,1.561e-17,4.437e+1,1.582e-5,1.263e-17,,1.019e-18,4.318e-17
374.54,3.987e+3,5.439e-21,6.356e-28,2.742e-45,1.900e-35,1.285e-33,,3.582e-19,1.620e-22,,2.445e-15,7.480e-3,4.068e-27,1.264e-17,5.912e-20,6.276e-30,,4.843e-22,,1.906e-1,5.851e-1,6.870e-34,7.806e+1,3.663e+2,3.962e-26,3.479e+0,1.208e-19,7.937e-2,1.065e-23,3.309e+3,5.685e-21,6.205e-27,3.264e-20,5.271e-23,1.225e-20,1.519e+2,3.755e-20,2.066e-3,,1.237e+1,,,9.747e+0,1.771e+0,1.073e+1,1.198e-19,3.545e-10,1.818e-17,2.004e-3,8.924e-3,,6.694e-17,,1.557e-17,4.306e+1,2.445e-5,1.264e-17,,1.018e-18,4.321e-17
374.57,4.150e+3,5.441e-21,6.366e-28,2.719e-45,1.899e-35,1.284e-33,,3.594e-19,1.622e-22,,2.446e-15,5.483e-3,4.062e-27,1.264e-17,5.917e-20,6.326e-30,,1.172e-21,,2.207e-1,4.101e-1,6.862e-34,6.945e+1,3.256e+2,3.963e-26,3.258e+0,1.208e-19,8.286e-2,1.066e-23,3.510e+3,5.692e-21,6.195e-27,3.266e-20,5.272e-23,1.225e-20,1.651e+2,3.736e-20,3.583e-3,,1.373e+1,,,8.894e+0,1.767e+0,1.014e+1,1.198e-19,1.509e-10,1.818e-17,3.205e-3,1.445e-2,,6.700e-17,,1.552e-17,4.080e+1,4.650e-5,1.265e-17,,1.018e-18,4.324e-17
374.59,4.260e+3,5.442e-21,6.373e-28,2.703e-45,1.899e-35,1.283e-33,,3.601e-19,1.624e-22,,2.446e-15,4.427e-3,4.058e-27,1.265e-17,5.920e-20,6.359e-30,,2.097e-21,,2.421e-1,3.213e-1,6.857e-34,6.491e+1,3.007e+2,3.965e-26,3.097e+0,1.208e-19,8.469e-2,1.067e-23,3.644e+3,5.697e-21,6.188e-27,3.268e-20,5.273e-23,1.225e-20,1.734e+2,3.723e-20,5.135e-3,,1.462e+1,,,8.515e+0,1.753e+0,9.753e+0,1.198e-19,8.480e-11,1.819e-17,4.354e-3,1.978e-2,,6.705e-17,,1.548e-17,3.914e+1,7.089e-5,1.266e-17,,1.018e-18,4.326e-17
374.62,4.428e+3,5.444e-21,6.383e-28,2.680e-45,1.899e-35,1.282e-33,,3.613e-19,1.626e-22,,2.447e-15,3.180e-3,4.053e-27,1.265e-17,5.924e-20,6.408e-30,,4.972e-21,,2.759e-1,2.206e-1,6.849e-34,6.006e+1,2.668e+2,3.967e-26,2.841e+0,1.209e-19,8.663e-2,1.068e-23,3.841e+3,5.705e-21,6.178e-27,3.270e-20,5.274e-23,1.225e-20,1.848e+2,3.704e-20,8.725e-3,,1.589e+1,,,8.243e+0,1.714e+0,9.189e+0,1.197e-19,3.536e-11,1.820e-17,6.823e-3,3.138e-2,,6.711e-17,,1.542e-17,3.647e+1,1.321e-4,1.267e-17,,1.017e-18,4.330e-17
374.64,4.539e+3,5.445e-21,6.390e-28,2.665e-45,1.899e-35,1.281e-33,,3.620e-19,1.627e-22,,2.447e-15,2.533e-3,4.049e-27,1.266e-17,5.927e-20,6.441e-30,,8.781e-21,,2.995e-1,1.705e-1,6.844e-34,5.819e+1,2.465e+2,3.968e-26,2.664e+0,1.209e-19,8.735e-2,1.068e-23,3.969e+3,5.710e-21,6.171e-27,3.271e-20,5.275e-23,1.225e-20,1.914e+2,3.691e-20,1.234e-2,,1.669e+1,,,8.263e+0,1.677e+0,8.813e+0,1.197e-19,1.960e-11,1.820e-17,9.143e-3,4.239e-2,,6.716e-17,,1.538e-17,3.462e+1,1.988e-4,1.268e-17,,1.017e-18,4.332e-17
374.67,4.701e+3,5.447e-21,6.400e-28,2.641e-45,1.899e-35,1.280e-33,,3.632e-19,1.630e-22,,2.448e-15,1.782e-3,4.043e-27,1.266e-17,5.932e-20,6.491e-30,,2.040e-20,,3.362e-1,1.147e-1,6.836e-34,5.753e+1,2.193e+2,3.970e-26,2.394e+0,1.209e-19,8.756e-2,1.069e-23,4.153e+3,5.717e-21,6.161e-27,3.273e-20,5.277e-23,1.225e-20,1.998e+2,3.672e-20,2.054e-2,,1.778e+1,,,8.605e+0,1.606e+0,8.244e+0,1.197e-19,8.005e-12,1.821e-17,1.404e-2,6.589e-2,,6.722e-17,,1.532e-17,3.180e+1,3.631e-4,1.269e-17,,1.016e-18,4.335e-17
374.69,4.804e+3,5.449e-21,6.407e-28,2.626e-45,1.898e-35,1.279e-33,,3.640e-19,1.631e-22,,2.449e-15,1.401e-3,4.039e-27,1.266e-17,5.935e-20,6.524e-30,,3.555e-20,,3.614e-1,8.745e-2,6.831e-34,5.855e+1,2.032e+2,3.971e-26,2.215e+0,1.209e-19,8.711e-2,1.070e-23,4.268e+3,5.722e-21,6.154e-27,3.275e-20,5.277e-23,1.225e-20,2.042e+2,3.660e-20,2.866e-2,,1.843e+1,,,9.046e+0,1.550e+0,7.858e+0,1.197e-19,4.376e-12,1.821e-17,1.856e-2,8.782e-2,,6.726e-17,,1.528e-17,2.993e+1,5.390e-4,1.270e-17,,1.016e-18,4.338e-17
374.72,4.948e+3,5.451e-21,6.417e-28,2.603e-45,1.898e-35,1.278e-33,,3.651e-19,1.633e-22,,2.449e-15,9.656e-4,4.033e-27,1.267e-17,5.940e-20,6.573e-30,,8.094e-20,,3.998e-1,5.762e-2,6.823e-34,6.237e+1,1.821e+2,3.973e-26,1.951e+0,1.210e-19,8.557e-2,1.071e-23,4.427e+3,5.730e-21,6.144e-27,3.277e-20,5.279e-23,1.225e-20,2.089e+2,3.641e-20,4.675e-2,,1.923e+1,,,1.003e+1,1.455e+0,7.269e+0,1.197e-19,1.751e-12,1.822e-17,2.793e-2,1.338e-1,,6.733e-17,,1.523e-17,2.720e+1,9.650e-4,1.272e-17,,1.015e-18,4.341e-17
374.74,5.034e+3,5.452e-21,6.424e-28,2.587e-45,1.898e-35,1.277e-33,,3.659e-19,1.634e-22,,2.450e-15,7.484e-4,4.029e-27,1.267e-17,5.943e-20,6.606e-30,,1.391e-19,,4.257e-1,4.334e-2,6.818e-34,6.647e+1,1.697e+2,3.974e-26,1.781e+0,1.210e-19,8.401e-2,1.071e-23,4.521e+3,5.735e-21,6.137e-27,3.278e-20,5.280e-23,1.226e-20,2.106e+2,3.628e-20,6.435e-2,,1.966e+1,,,1.091e+1,1.385e+0,6.870e+0,1.196e-19,9.440e-13,1.822e-17,3.643e-2,1.759e-1,,6.737e-17,,1.519e-17,2.546e+1,1.413e-3,1.272e-17,,1.015e-18,4.343e-17
374.77,5.147e+3,5.454e-21,6.434e-28,2.564e-45,1.898e-35,1.276e-33,,3.670e-19,1.637e-22,,2.451e-15,5.055e-4,4.023e-27,1.268e-17,5.947e-20,6.656e-30,,3.105e-19,,4.646e-1,2.798e-2,6.810e-34,7.496e+1,1.535e+2,3.976e-26,1.538e+0,1.210e-19,8.090e-2,1.072e-23,4.642e+3,5.743e-21,6.127e-27,3.280e-20,5.281e-23,1.226e-20,2.110e+2,3.609e-20,1.029e-1,,2.010e+1,,,1.257e+1,1.274e+0,6.266e+0,1.196e-19,3.699e-13,1.823e-17,5.371e-2,2.625e-1,,6.744e-17,,1.513e-17,2.301e+1,2.480e-3,1.274e-17,,1.014e-18,4.347e-17
374.79,5.208e+3,5.455e-21,6.441e-28,2.548e-45,1.898e-35,1.275e-33,,3.678e-19,1.638e-22,,2.451e-15,3.865e-4,4.019e-27,1.268e-17,5.950e-20,6.689e-30,,5.266e-19,,4.903e-1,2.075e-2,6.805e-34,8.220e+1,1.441e+2,3.978e-26,1.385e+0,1.210e-19,7.839e-2,1.073e-23,4.706e+3,5.748e-21,6.120e-27,3.282e-20,5.282e-23,1.226e-20,2.099e+2,3.596e-20,1.397e-1,,2.027e+1,,,1.389e+1,1.197e+0,5.862e+0,1.196e-19,1.967e-13,1.823e-17,6.911e-2,3.405e-1,,6.748e-17,,1.509e-17,2.151e+1,3.583e-3,1.275e-17,,1.014e-18,4.349e-17
374.81,5.257e+3,5.457e-21,6.448e-28,2.533e-45,1.897e-35,1.275e-33,,3.686e-19,1.639e-22,,2.452e-15,2.939e-4,4.015e-27,1.268e-17,5.953e-20,6.722e-30,,8.884e-19,,5.156e-1,1.531e-2,6.800e-34,9.070e+1,1.357e+2,3.979e-26,1.241e+0,1.211e-19,7.557e-2,1.073e-23,4.758e+3,5.753e-21,6.114e-27,3.283e-20,5.283e-23,1.226e-20,2.076e+2,3.583e-20,1.887e-1,,2.032e+1,,,1.539e+1,1.118e+0,5.461e+0,1.196e-19,1.040e-13,1.824e-17,8.844e-2,4.392e-1,,6.753e-17,,1.505e-17,2.012e+1,5.150e-3,1.275e-17,,1.013e-18,4.351e-17
374.84,5.304e+3,5.459e-21,6.458e-28,2.510e-45,1.897e-35,1.274e-33,,3.697e-19,1.642e-22,,2.452e-15,1.929e-4,4.010e-27,1.269e-17,5.958e-20,6.772e-30,,1.927e-18,,5.527e-1,9.604e-3,6.792e-34,1.058e+2,1.246e+2,3.981e-26,1.043e+0,1.211e-19,7.086e-2,1.074e-23,4.806e+3,5.760e-21,6.103e-27,3.285e-20,5.284e-23,1.226e-20,2.022e+2,3.564e-20,2.931e-1,,2.020e+1,,,1.797e+1,9.987e-1,4.867e+0,1.196e-19,3.961e-14,1.825e-17,1.267e-1,6.371e-1,,6.759e-17,,1.499e-17,1.827e+1,8.786e-3,1.277e-17,,1.013e-18,4.355e-17
374.86,5.316e+3,5.460e-21,6.465e-28,2.494e-45,1.897e-35,1.273e-33,,3.705e-19,1.643e-22,,2.453e-15,1.447e-4,4.006e-27,1.269e-17,5.961e-20,6.805e-30,,3.207e-18,,5.765e-1,6.989e-3,6.787e-34,1.173e+2,1.182e+2,3.982e-26,9.228e-1,1.211e-19,6.748e-2,1.075e-23,4.818e+3,5.765e-21,6.097e-27,3.287e-20,5.285e-23,1.226e-20,1.973e+2,3.551e-20,3.905e-1,,1.998e+1,,,1.989e+1,9.203e-1,4.481e+0,1.195e-19,2.066e-14,1.825e-17,1.600e-1,8.109e-1,,6.763e-17,,1.495e-17,1.720e+1,1.246e-2,1.277e-17,,1.012e-18,4.357e-17
374.89,5.306e+3,5.462e-21,6.475e-28,2.471e-45,1.897e-35,1.272e-33,,3.717e-19,1.645e-22,,2.454e-15,9.304e-5,4.000e-27,1.270e-17,5.966e-20,6.854e-30,,6.817e-18,,6.106e-1,4.294e-3,6.779e-34,1.367e+2,1.100e+2,3.984e-26,7.619e-1,1.211e-19,6.219e-2,1.076e-23,4.804e+3,5.773e-21,6.087e-27,3.289e-20,5.287e-23,1.226e-20,1.882e+2,3.532e-20,5.946e-1,,1.946e+1,,,2.306e+1,8.057e-1,3.922e+0,1.195e-19,7.705e-15,1.826e-17,2.247e-1,1.153e+0,,6.770e-17,,1.490e-17,1.582e+1,2.083e-2,1.279e-17,,1.012e-18,4.360e-17
374.91,5.278e+3,5.463e-21,6.482e-28,2.455e-45,1.897e-35,1.271e-33,,3.724e-19,1.646e-22,,2.454e-15,6.884e-5,3.996e-27,1.270e-17,5.969e-20,6.887e-30,,1.120e-17,,6.321e-1,3.083e-3,6.774e-34,1.509e+2,1.054e+2,3.985e-26,6.672e-1,1.212e-19,5.858e-2,1.076e-23,4.773e+3,5.778e-21,6.080e-27,3.290e-20,5.287e-23,1.226e-20,1.812e+2,3.520e-20,7.816e-1,,1.899e+1,,,2.536e+1,7.324e-1,3.566e+0,1.195e-19,3.964e-15,1.826e-17,2.799e-1,1.447e+0,,6.774e-17,,1.486e-17,1.505e+1,2.915e-2,1.280e-17,,1.011e-18,4.363e-17
374.94,5.207e+3,5.465e-21,6.492e-28,2.432e-45,1.896e-35,1.270e-33,,3.736e-19,1.649e-22,,2.455e-15,4.336e-5,3.990e-27,1.271e-17,5.973e-20,6.937e-30,,2.332e-17,,6.620e-1,1.856e-3,6.767e-34,1.740e+2,9.984e+1,3.987e-26,5.437e-1,1.212e-19,5.320e-2,1.077e-23,4.694e+3,5.785e-21,6.070e-27,3.292e-20,5.289e-23,1.226e-20,1.694e+2,3.500e-20,1.166e+0,,1.811e+1,,,2.902e+1,6.282e-1,3.063e+0,1.195e-19,1.448e-15,1.827e-17,3.851e-1,2.016e+0,,6.781e-17,,1.480e-17,1.411e+1,4.776e-2,1.281e-17,,1.011e-18,4.366e-17
374.96,5.140e+3,5.467e-21,6.499e-28,2.417e-45,1.896e-35,1.269e-33,,3.743e-19,1.650e-22,,2.455e-15,3.165e-5,3.986e-27,1.271e-17,5.976e-20,6.970e-30,,3.778e-17,,6.803e-1,1.314e-3,6.761e-34,1.904e+2,9.720e+1,3.989e-26,4.733e-1,1.212e-19,4.970e-2,1.078e-23,4.620e+3,5.790e-21,6.063e-27,3.294e-20,5.290e-23,1.226e-20,1.608e+2,3.488e-20,1.512e+0,,1.744e+1,,,3.159e+1,5.633e-1,2.750e+0,1.195e-19,7.348e-16,1.827e-17,4.731e-1,2.497e+0,,6.785e-17,,1.476e-17,1.361e+1,6.594e-2,1.282e-17,,1.010e-18,4.368e-17
374.99,5.011e+3,5.469e-21,6.509e-28,2.393e-45,1.896e-35,1.268e-33,,3.755e-19,1.652e-22,,2.456e-15,1.953e-5,3.980e-27,1.271e-17,5.981e-20,7.019e-30,,7.713e-17,,7.050e-1,7.749e-4,6.754e-34,2.160e+2,9.505e+1,3.990e-26,3.846e-1,1.212e-19,4.471e-2,1.079e-23,4.477e+3,5.798e-21,6.053e-27,3.296e-20,5.291e-23,1.226e-20,1.473e+2,3.469e-20,2.211e+0,,1.630e+1,,,3.559e+1,4.734e-1,2.316e+0,1.194e-19,2.629e-16,1.828e-17,6.379e-1,3.408e+0,,6.792e-17,,1.470e-17,1.302e+1,1.059e-1,1.283e-17,,1.010e-18,4.372e-17
375.01,4.908e+3,5.470e-21,6.516e-28,2.378e-45,1.896e-35,1.267e-33,,3.763e-19,1.654e-22,,2.457e-15,1.406e-5,3.976e-27,1.272e-17,5.984e-20,7.052e-30,,1.233e-16,,7.195e-1,5.412e-4,6.748e-34,2.336e+2,9.508e+1,3.992e-26,3.362e-1,1.212e-19,4.161e-2,1.079e-23,4.363e+3,5.803e-21,6.046e-27,3.297e-20,5.292e-23,1.226e-20,1.380e+2,3.456e-20,2.828e+0,,1.548e+1,,,3.832e+1,4.187e-1,2.053e+0,1.194e-19,1.316e-16,1.828e-17,7.733e-1,4.164e+0,,6.796e-17,,1.466e-17,1.272e+1,1.442e-1,1.284e-17,,1.009e-18,4.374e-17
375.04,4.732e+3,5.472e-21,6.526e-28,2.355e-45,1.896e-35,1.266e-33,,3.774e-19,1.656e-22,,2.457e-15,8.502e-6,3.970e-27,1.272e-17,5.989e-20,7.102e-30,,2.466e-16,,7.381e-1,3.127e-4,6.741e-34,2.603e+2,9.785e+1,3.994e-26,2.786e-1,1.213e-19,3.741e-2,1.080e-23,4.167e+3,5.811e-21,6.036e-27,3.299e-20,5.293e-23,1.226e-20,1.238e+2,3.437e-20,4.052e+0,,1.418e+1,,,4.246e+1,3.448e-1,1.695e+0,1.194e-19,4.612e-17,1.829e-17,1.022e+0,5.569e+0,,6.803e-17,,1.461e-17,1.238e+1,2.270e-1,1.285e-17,,1.009e-18,4.377e-17
375.06,4.602e+3,5.473e-21,6.533e-28,2.339e-45,1.895e-35,1.265e-33,,3.782e-19,1.657e-22,,2.458e-15,6.038e-6,3.967e-27,1.273e-17,5.992e-20,7.135e-30,,3.890e-16,,7.482e-1,2.154e-4,6.735e-34,2.779e+2,1.019e+2,3.995e-26,2.495e-1,1.213e-19,3.496e-2,1.081e-23,4.021e+3,5.816e-21,6.029e-27,3.300e-20,5.294e-23,1.226e-20,1.144e+2,3.424e-20,5.114e+0,,1.328e+1,,,4.521e+1,3.008e-1,1.482e+0,1.194e-19,4.684e-17,1.830e-17,1.222e+0,6.714e+0,,6.807e-17,,1.457e-17,1.220e+1,3.051e-1,1.286e-17,,1.008e-18,4.380e-17
375.09,4.395e+3,5.475e-21,6.543e-28,2.316e-45,1.895e-35,1.264e-33,,3.793e-19,1.659e-22,,2.459e-15,3.576e-6,3.961e-27,1.273e-17,5.996e-20,7.184e-30,,7.626e-16,,7.598e-1,1.219e-4,6.728e-34,3.037e+2,1.122e+2,3.997e-26,2.191e-1,1.213e-19,3.185e-2,1.082e-23,3.785e+3,5.823e-21,6.019e-27,3.303e-20,5.296e-23,1.226e-20,1.006e+2,3.405e-20,7.178e+0,,1.192e+1,,,4.927e+1,2.427e-1,1.200e+0,1.193e-19,4.792e-17,1.830e-17,1.582e+0,8.798e+0,,6.814e-17,,1.451e-17,1.199e+1,4.707e-1,1.287e-17,,1.008e-18,4.383e-17
375.11,4.252e+3,5.477e-21,6.550e-28,2.300e-45,1.895e-35,1.263e-33,,3.801e-19,1.661e-22,,2.459e-15,2.505e-6,3.957e-27,1.273e-17,5.999e-20,7.217e-30,,1.187e-15,,7.651e-1,8.285e-5,6.723e-34,3.200e+2,1.225e+2,3.998e-26,2.070e-1,1.213e-19,3.019e-2,1.082e-23,3.619e+3,5.828e-21,6.012e-27,3.304e-20,5.296e-23,1.226e-20,9.168e+1,3.392e-20,8.939e+0,,1.101e+1,,,5.190e+1,2.089e-1,1.035e+0,1.193e-19,4.864e-17,1.831e-17,1.866e+0,1.046e+1,,6.818e-17,,1.447e-17,1.186e+1,6.242e-1,1.288e-17,,1.007e-18,4.385e-17
375.14,4.037e+3,5.479e-21,6.560e-28,2.277e-45,1.895e-35,1.262e-33,,3.813e-19,1.663e-22,,2.460e-15,1.454e-6,3.951e-27,1.274e-17,6.004e-20,7.267e-30,,2.280e-15,,7.691e-1,4.594e-5,6.715e-34,3.428e+2,1.441e+2,4.000e-26,2.005e-1,1.214e-19,2.836e-2,1.083e-23,3.363e+3,5.836e-21,6.002e-27,3.306e-20,5.298e-23,1.226e-20,7.898e+1,3.373e-20,1.230e+1,,9.683e+0,,,5.566e+1,1.651e-1,8.210e-1,1.193e-19,4.972e-17,1.831e-17,2.367e+0,1.344e+1,,6.824e-17,,1.441e-17,1.166e+1,9.438e-1,1.289e-17,,1.007e-18,4.389e-17
375.16,3.896e+3,5.480e-21,6.567e-28,2.262e-45,1.895e-35,1.262e-33,,3.820e-19,1.664e-22,,2.460e-15,1.004e-6,3.947e-27,1.274e-17,6.007e-20,7.300e-30,,3.500e-15,,7.692e-1,3.079e-5,6.710e-34,3.564e+2,1.636e+2,4.001e-26,2.034e-1,1.214e-19,2.759e-2,1.084e-23,3.190e+3,5.841e-21,5.995e-27,3.307e-20,5.299e-23,1.226e-20,7.102e+1,3.360e-20,1.510e+1,,8.827e+0,,,5.804e+1,1.402e-1,6.988e-1,1.193e-19,5.044e-17,1.832e-17,2.755e+0,1.577e+1,,6.829e-17,,1.437e-17,1.152e+1,1.235e+0,1.290e-17,,1.006e-18,4.391e-17
375.19,3.697e+3,5.482e-21,6.577e-28,2.238e-45,1.894e-35,1.260e-33,,3.832e-19,1.666e-22,,2.461e-15,5.710e-7,3.941e-27,1.275e-17,6.012e-20,7.349e-30,,6.589e-15,,7.652e-1,1.673e-5,6.702e-34,3.742e+2,2.019e+2,4.003e-26,2.183e-1,1.214e-19,2.711e-2,1.085e-23,2.933e+3,5.848e-21,5.985e-27,3.309e-20,5.300e-23,1.226e-20,5.994e+1,3.341e-20,2.036e+1,,7.605e+0,,,6.135e+1,1.085e-1,5.432e-1,1.193e-19,5.152e-17,1.833e-17,3.425e+0,1.984e+1,,6.835e-17,,1.431e-17,1.127e+1,1.830e+0,1.291e-17,,1.006e-18,4.394e-17
375.21,3.575e+3,5.483e-21,6.584e-28,2.223e-45,1.894e-35,1.260e-33,,3.840e-19,1.668e-22,,2.462e-15,3.892e-7,3.937e-27,1.275e-17,6.015e-20,7.382e-30,,9.979e-15,,7.598e-1,1.106e-5,6.697e-34,3.839e+2,2.346e+2,4.005e-26,2.350e-1,1.214e-19,2.723e-2,1.085e-23,2.767e+3,5.853e-21,5.979e-27,3.311e-20,5.301e-23,1.226e-20,5.317e+1,3.329e-20,2.467e+1,,6.839e+0,,,6.338e+1,9.091e-2,4.562e-1,1.192e-19,5.224e-17,1.833e-17,3.932e+0,2.296e+1,,6.840e-17,,1.428e-17,1.106e+1,2.363e+0,1.292e-17,,1.005e-18,4.397e-17
375.23,3.467e+3,5.485e-21,6.590e-28,2.207e-45,1.894e-35,1.259e-33,,3.847e-19,1.669e-22,,2.462e-15,2.638e-7,3.933e-27,1.275e-17,6.018e-20,7.416e-30,,1.503e-14,,7.522e-1,7.273e-6,6.691e-34,3.918e+2,2.739e+2,4.006e-26,2.570e-1,1.215e-19,2.769e-2,1.086e-23,2.607e+3,5.858e-21,5.972e-27,3.312e-20,5.302e-23,1.226e-20,4.691e+1,3.316e-20,2.974e+1,,6.118e+0,,,6.527e+1,7.573e-2,3.810e-1,1.192e-19,5.296e-17,1.833e-17,4.491e+0,2.644e+1,,6.844e-17,,1.424e-17,1.083e+1,3.034e+0,1.293e-17,,1.005e-18,4.399e-17
375.26,3.335e+3,5.487e-21,6.601e-28,2.184e-45,1.894e-35,1.258e-33,,3.859e-19,1.671e-22,,2.463e-15,1.457e-7,3.927e-27,1.276e-17,6.023e-20,7.465e-30,,2.752e-14,,7.367e-1,3.839e-6,6.684e-34,3.998e+2,3.473e+2,4.008e-26,2.994e-1,1.215e-19,2.899e-2,1.087e-23,2.383e+3,5.866e-21,5.962e-27,3.314e-20,5.303e-23,1.226e-20,3.847e+1,3.297e-20,3.896e+1,,5.124e+0,,,6.781e+1,5.699e-2,2.878e-1,1.192e-19,5.404e-17,1.834e-17,5.425e+0,3.233e+1,,6.851e-17,,1.418e-17,1.043e+1,4.371e+0,1.294e-17,,1.004e-18,4.402e-17
375.28,3.270e+3,5.488e-21,6.607e-28,2.169e-45,1.894e-35,1.257e-33,,3.866e-19,1.673e-22,,2.463e-15,9.744e-8,3.923e-27,1.276e-17,6.026e-20,7.498e-30,,4.089e-14,,7.236e-1,2.490e-6,6.679e-34,4.025e+2,4.073e+2,4.009e-26,3.339e-1,1.215e-19,3.022e-2,1.087e-23,2.247e+3,5.871e-21,5.955e-27,3.316e-20,5.304e-23,1.226e-20,3.348e+1,3.284e-20,4.634e+1,,4.523e+0,,,6.933e+1,4.683e-2,2.371e-1,1.192e-19,5.476e-17,1.835e-17,6.112e+0,3.672e+1,,6.855e-17,,1.414e-17,1.011e+1,5.538e+0,1.295e-17,,1.004e-18,4.404e-17
375.31,3.215e+3,5.490e-21,6.618e-28,2.145e-45,1.893e-35,1.256e-33,,3.878e-19,1.675e-22,,2.464e-15,5.273e-8,3.918e-27,1.277e-17,6.030e-20,7.548e-30,,7.335e-14,,7.002e-1,1.287e-6,6.671e-34,4.025e+2,5.163e+2,4.011e-26,3.947e-1,1.215e-19,3.258e-2,1.088e-23,2.065e+3,5.879e-21,5.945e-27,3.318e-20,5.306e-23,1.226e-20,2.691e+1,3.265e-20,5.948e+1,,3.715e+0,,,7.136e+1,3.453e-2,1.755e-1,1.192e-19,5.584e-17,1.835e-17,7.236e+0,4.400e+1,,6.861e-17,,1.408e-17,9.584e+0,7.820e+0,1.296e-17,,1.003e-18,4.408e-17
375.33,3.210e+3,5.491e-21,6.624e-28,2.130e-45,1.893e-35,1.255e-33,,3.886e-19,1.676e-22,,2.465e-15,3.478e-8,3.914e-27,1.277e-17,6.033e-20,7.581e-30,,1.076e-13,,6.821e-1,8.237e-7,6.666e-34,3.998e+2,6.032e+2,4.012e-26,4.409e-1,1.216e-19,3.444e-2,1.089e-23,1.961e+3,5.884e-21,5.938e-27,3.319e-20,5.306e-23,1.226e-20,2.310e+1,3.252e-20,6.978e+1,,3.239e+0,,,7.257e+1,2.799e-2,1.427e-1,1.191e-19,5.656e-17,1.836e-17,8.043e+0,4.931e+1,,6.866e-17,,1.404e-17,9.195e+0,9.777e+0,1.297e-17,,1.003e-18,4.410e-17
375.36,3.254e+3,5.493e-21,6.635e-28,2.107e-45,1.893e-35,1.254e-33,,3.897e-19,1.678e-22,,2.465e-15,1.844e-8,3.908e-27,1.278e-17,6.038e-20,7.630e-30,,1.891e-13,,6.516e-1,4.172e-7,6.658e-34,3.918e+2,7.576e+2,4.014e-26,5.183e-1,1.216e-19,3.758e-2,1.090e-23,1.831e+3,5.891e-21,5.928e-27,3.321e-20,5.308e-23,1.226e-20,1.819e+1,3.233e-20,8.778e+1,,2.613e+0,,,7.421e+1,2.022e-2,1.035e-1,1.191e-19,5.764e-17,1.836e-17,9.329e+0,5.790e+1,,6.872e-17,,1.399e-17,8.567e+0,1.353e+1,1.298e-17,,1.002e-18,4.414e-17
375.38,3.321e+3,5.494e-21,6.641e-28,2.091e-45,1.893e-35,1.253e-33,,3.905e-19,1.680e-22,,2.466e-15,1.200e-8,3.904e-27,1.278e-17,6.041e-20,7.663e-30,,2.735e-13,,6.291e-1,2.633e-7,6.653e-34,3.839e+2,8.782e+2,4.016e-26,5.750e-1,1.216e-19,3.986e-2,1.090e-23,1.764e+3,5.896e-21,5.921e-27,3.323e-20,5.309e-23,1.226e-20,1.540e+1,3.220e-20,1.016e+2,,2.254e+0,,,7.521e+1,1.617e-2,8.297e-2,1.191e-19,5.836e-17,1.837e-17,1.023e+1,6.400e+1,,6.877e-17,,1.395e-17,8.124e+0,1.669e+1,1.299e-17,,1.002e-18,4.416e-17
375.41,3.480e+3,5.496e-21,6.652e-28,2.068e-45,1.893e-35,1.252e-33,,3.916e-19,1.682e-22,,2.467e-15,6.231e-9,3.898e-27,1.279e-17,6.046e-20,7.713e-30,,4.712e-13,,5.926e-1,1.307e-7,6.645e-34,3.687e+2,1.088e+3,4.017e-26,6.665e-1,1.216e-19,4.344e-2,1.091e-23,1.691e+3,5.904e-21,5.911e-27,3.325e-20,5.310e-23,1.226e-20,1.188e+1,3.201e-20,1.252e+2,,1.796e+0,,,7.664e+1,1.144e-2,5.896e-2,1.191e-19,5.944e-17,1.838e-17,1.163e+1,7.364e+1,,6.883e-17,,1.389e-17,7.435e+0,2.264e+1,1.301e-17,,1.001e-18,4.419e-17
375.43,3.627e+3,5.498e-21,6.658e-28,2.053e-45,1.892e-35,1.251e-33,,3.924e-19,1.683e-22,,2.467e-15,3.998e-9,3.894e-27,1.279e-17,6.049e-20,7.746e-30,,6.725e-13,,5.668e-1,8.134e-8,6.640e-34,3.565e+2,1.249e+3,4.019e-26,7.313e-1,1.217e-19,4.588e-2,1.092e-23,1.661e+3,5.909e-21,5.904e-27,3.326e-20,5.311e-23,1.226e-20,9.928e+0,3.189e-20,1.430e+2,,1.541e+0,,,7.758e+1,9.024e-3,4.663e-2,1.191e-19,6.016e-17,1.838e-17,1.258e+1,8.031e+1,,6.888e-17,,1.385e-17,6.965e+0,2.756e+1,1.301e-17,,1.001e-18,4.421e-17
375.46,3.910e+3,5.500e-21,6.669e-28,2.029e-45,1.892e-35,1.250e-33,,3.936e-19,1.685e-22,,2.468e-15,2.035e-9,3.888e-27,1.279e-17,6.053e-20,7.795e-30,,1.135e-12,,5.261e-1,3.954e-8,6.632e-34,3.354e+2,1.523e+3,4.021e-26,8.328e-1,1.217e-19,4.951e-2,1.093e-23,1.642e+3,5.916e-21,5.894e-27,3.328e-20,5.312e-23,1.226e-20,7.504e+0,3.170e-20,1.727e+2,,1.230e+0,,,7.901e+1,6.258e-3,3.247e-2,1.190e-19,6.124e-17,1.839e-17,1.401e+1,9.054e+1,,6.894e-17,,1.379e-17,6.259e+0,3.664e+1,1.303e-17,,1.000e-18,4.425e-17
375.48,4.141e+3,5.501e-21,6.675e-28,2.014e-45,1.892e-35,1.250e-33,,3.943e-19,1.687e-22,,2.468e-15,1.288e-9,3.884e-27,1.280e-17,6.056e-20,7.828e-30,,1.599e-12,,4.981e-1,2.428e-8,6.627e-34,3.199e+2,1.729e+3,4.022e-26,9.025e-1,1.217e-19,5.184e-2,1.093e-23,1.647e+3,5.922e-21,5.887e-27,3.330e-20,5.313e-23,1.226e-20,6.185e+0,3.157e-20,1.946e+2,,1.066e+0,,,8.001e+1,4.869e-3,2.533e-2,1.190e-19,6.196e-17,1.839e-17,1.495e+1,9.742e+1,,6.898e-17,,1.375e-17,5.793e+0,4.400e+1,1.303e-17,,9.998e-19,4.427e-17
375.51,4.550e+3,5.503e-21,6.686e-28,1.991e-45,1.892e-35,1.248e-33,,3.955e-19,1.689e-22,,2.469e-15,6.420e-10,3.879e-27,1.280e-17,6.061e-20,7.878e-30,,2.645e-12,,4.552e-1,1.156e-8,6.619e-34,2.950e+2,2.074e+3,4.024e-26,1.008e+0,1.217e-19,5.512e-2,1.094e-23,1.676e+3,5.929e-21,5.877e-27,3.332e-20,5.315e-23,1.226e-20,4.580e+0,3.138e-20,2.303e+2,,8.823e-1,,,8.160e+1,3.308e-3,1.728e-2,1.190e-19,6.304e-17,1.840e-17,1.632e+1,1.076e+2,,6.905e-17,,1.370e-17,5.113e+0,5.734e+1,1.305e-17,,9.993e-19,4.430e-17
375.53,4.863e+3,5.504e-21,6.692e-28,1.975e-45,1.892e-35,1.248e-33,,3.963e-19,1.690e-22,,2.470e-15,4.009e-10,3.875e-27,1.281e-17,6.064e-20,7.911e-30,,3.675e-12,,4.264e-1,7.005e-9,6.614e-34,2.776e+2,2.328e+3,4.025e-26,1.078e+0,1.218e-19,5.709e-2,1.095e-23,1.708e+3,5.934e-21,5.871e-27,3.333e-20,5.315e-23,1.226e-20,3.724e+0,3.125e-20,2.560e+2,,7.985e-1,,,8.274e+1,2.539e-3,1.330e-2,1.190e-19,6.376e-17,1.840e-17,1.718e+1,1.142e+2,,6.909e-17,,1.366e-17,4.678e+0,6.795e+1,1.306e-17,,9.989e-19,4.433e-17
375.56,5.388e+3,5.506e-21,6.703e-28,1.952e-45,1.891e-35,1.247e-33,,3.974e-19,1.692e-22,,2.470e-15,1.958e-10,3.869e-27,1.281e-17,6.069e-20,7.960e-30,,5.957e-12,,3.834e-1,3.268e-9,6.606e-34,2.509e+2,2.744e+3,4.027e-26,1.181e+0,1.218e-19,5.965e-2,1.096e-23,1.774e+3,5.942e-21,5.860e-27,3.335e-20,5.317e-23,1.226e-20,2.702e+0,3.106e-20,2.969e+2,,7.290e-1,,,8.459e+1,1.690e-3,8.890e-3,1.189e-19,6.484e-17,1.841e-17,1.837e+1,1.237e+2,,6.916e-17,,1.360e-17,4.060e+0,8.678e+1,1.307e-17,,9.983e-19,4.436e-17
375.58,5.773e+3,5.508e-21,6.709e-28,1.936e-45,1.891e-35,1.246e-33,,3.982e-19,1.694e-22,,2.471e-15,1.206e-10,3.865e-27,1.281e-17,6.072e-20,7.993e-30,,8.166e-12,,3.552e-1,1.953e-9,6.601e-34,2.329e+2,3.045e+3,4.028e-26,1.247e+0,1.218e-19,6.104e-2,1.096e-23,1.826e+3,5.947e-21,5.854e-27,3.337e-20,5.318e-23,1.226e-20,2.167e+0,3.093e-20,3.255e+2,,7.198e-1,,,8.591e+1,1.280e-3,6.749e-3,1.189e-19,6.556e-17,1.841e-17,1.908e+1,1.295e+2,,6.920e-17,,1.356e-17,3.675e+0,1.015e+2,1.308e-17,,9.979e-19,4.438e-17
375.6,6.183e+3,5.509e-21,6.716e-28,1.921e-45,1.891e-35,1.245e-33,,3.990e-19,1.695e-22,,2.471e-15,7.386e-11,3.861e-27,1.282e-17,6.075e-20,8.026e-30,,1.113e-11,,3.275e-1,1.160e-9,6.596e-34,2.151e+2,3.363e+3,4.030e-26,1.309e+0,1.218e-19,6.215e-2,1.097e-23,1.883e+3,5.952e-21,5.847e-27,3.338e-20,5.319e-23,1.226e-20,1.728e+0,3.080e-20,3.549e+2,,7.406e-1,,,8.730e+1,9.636e-4,5.097e-3,1.189e-19,6.628e-17,1.842e-17,1.971e+1,1.349e+2,,6.925e-17,,1.352e-17,3.314e+0,1.180e+2,1.309e-17,,9.975e-19,4.441e-17
375.63,6.838e+3,5.511e-21,6.726e-28,1.898e-45,1.891e-35,1.244e-33,,4.001e-19,1.697e-22,,2.472e-15,3.505e-11,3.855e-27,1.282e-17,6.079e-20,8.076e-30,,1.755e-11,,2.875e-1,5.260e-10,6.588e-34,1.889e+2,3.870e+3,4.032e-26,1.394e+0,1.219e-19,6.322e-2,1.098e-23,1.974e+3,5.959e-21,5.837e-27,3.340e-20,5.320e-23,1.226e-20,1.219e+0,3.061e-20,4.001e+2,,8.305e-1,,,8.947e+1,6.233e-4,3.310e-3,1.189e-19,6.736e-17,1.843e-17,2.049e+1,1.419e+2,,6.931e-17,,1.346e-17,2.819e+0,1.465e+2,1.310e-17,,9.969e-19,4.444e-17
375.65,7.296e+3,5.512e-21,6.733e-28,1.882e-45,1.891e-35,1.243e-33,,4.009e-19,1.699e-22,,2.473e-15,2.118e-11,3.851e-27,1.283e-17,6.082e-20,8.109e-30,,2.360e-11,,2.621e-1,3.083e-10,6.583e-34,1.721e+2,4.225e+3,4.033e-26,1.443e+0,1.219e-19,6.354e-2,1.099e-23,2.037e+3,5.964e-21,5.830e-27,3.341e-20,5.321e-23,1.226e-20,9.589e-1,3.049e-20,4.305e+2,,9.319e-1,,,9.095e+1,4.630e-4,2.466e-3,1.189e-19,6.808e-17,1.843e-17,2.088e+1,1.458e+2,,6.935e-17,,1.342e-17,2.522e+0,1.682e+2,1.311e-17,,9.965e-19,4.446e-17
375.68,8.006e+3,5.514e-21,6.743e-28,1.859e-45,1.890e-35,1.242e-33,,4.020e-19,1.701e-22,,2.473e-15,9.844e-12,3.845e-27,1.283e-17,6.087e-20,8.159e-30,,3.645e-11,,2.260e-1,1.369e-10,6.575e-34,1.481e+2,4.778e+3,4.035e-26,1.506e+0,1.219e-19,6.338e-2,1.099e-23,2.129e+3,5.972e-21,5.820e-27,3.343e-20,5.322e-23,1.226e-20,6.625e-1,3.029e-20,4.755e+2,,1.152e+0,,,9.317e+1,2.934e-4,1.569e-3,1.188e-19,6.916e-17,1.844e-17,2.127e+1,1.503e+2,,6.942e-17,,1.337e-17,2.125e+0,2.047e+2,1.312e-17,,9.959e-19,4.450e-17
375.7,8.488e+3,5.516e-21,6.750e-28,1.843e-45,1.890e-35,1.241e-33,,4.028e-19,1.702e-22,,2.474e-15,5.867e-12,3.841e-27,1.283e-17,6.090e-20,8.192e-30,,4.838e-11,,2.035e-1,7.915e-11,6.570e-34,1.332e+2,5.157e+3,4.036e-26,1.540e+0,1.219e-19,6.286e-2,1.100e-23,2.188e+3,5.977e-21,5.813e-27,3.345e-20,5.323e-23,1.226e-20,5.142e-1,3.017e-20,5.047e+2,,1.350e+0,,,9.461e+1,2.150e-4,1.153e-3,1.188e-19,6.988e-17,1.844e-17,2.138e+1,1.523e+2,,6.946e-17,,1.333e-17,1.892e+0,2.318e+2,1.313e-17,,9.955e-19,4.452e-17
375.73,9.213e+3,5.518e-21,6.760e-28,1.820e-45,1.890e-35,1.240e-33,,4.040e-19,1.704e-22,,2.475e-15,2.672e-12,3.835e-27,1.284e-17,6.095e-20,8.241e-30,,7.322e-11,,1.724e-1,3.444e-11,6.562e-34,1.123e+2,5.732e+3,4.038e-26,1.575e+0,1.220e-19,6.147e-2,1.101e-23,2.269e+3,5.985e-21,5.803e-27,3.347e-20,5.325e-23,1.226e-20,3.481e-1,2.998e-20,5.463e+2,,1.730e+0,,,9.664e+1,1.335e-4,7.188e-4,1.188e-19,7.096e-17,1.845e-17,2.134e+1,1.539e+2,,6.953e-17,,1.327e-17,1.588e+0,2.765e+2,1.314e-17,,9.949e-19,4.455e-17
375.75,9.690e+3,5.519e-21,6.767e-28,1.805e-45,1.890e-35,1.239e-33,,4.047e-19,1.706e-22,,2.475e-15,1.571e-12,3.832e-27,1.284e-17,6.098e-20,8.274e-30,,9.588e-11,,1.533e-1,1.964e-11,6.557e-34,9.959e+1,6.115e+3,4.039e-26,1.588e+0,1.220e-19,6.015e-2,1.102e-23,2.316e+3,5.990e-21,5.796e-27,3.348e-20,5.325e-23,1.226e-20,2.665e-1,2.985e-20,5.720e+2,,2.046e+0,,,9.787e+1,9.650e-5,5.210e-4,1.188e-19,7.168e-17,1.845e-17,2.117e+1,1.539e+2,,6.957e-17,,1.323e-17,1.414e+0,3.089e+2,1.315e-17,,9.945e-19,4.458e-17
375.78,1.039e+4,5.521e-21,6.777e-28,1.781e-45,1.890e-35,1.238e-33,,4.059e-19,1.708e-22,,2.476e-15,7.008e-13,3.826e-27,1.285e-17,6.102e-20,8.324e-30,,1.422e-10,,1.274e-1,8.371e-12,6.549e-34,8.233e+1,6.681e+3,4.041e-26,1.592e+0,1.220e-19,5.767e-2,1.102e-23,2.375e+3,5.997e-21,5.786e-27,3.350e-20,5.327e-23,1.226e-20,1.768e-1,2.966e-20,6.067e+2,,2.626e+0,,,9.945e+1,5.870e-5,3.183e-4,1.188e-19,7.276e-17,1.846e-17,2.070e+1,1.523e+2,,6.964e-17,,1.317e-17,1.192e+0,3.612e+2,1.316e-17,,9.939e-19,4.461e-17
375.8,1.083e+4,5.522e-21,6.784e-28,1.766e-45,1.890e-35,1.238e-33,,4.066e-19,1.709e-22,,2.476e-15,4.064e-13,3.822e-27,1.285e-17,6.105e-20,8.357e-30,,1.837e-10,,1.120e-1,4.709e-12,6.544e-34,7.202e+1,7.047e+3,4.043e-26,1.584e+0,1.220e-19,5.570e-2,1.103e-23,2.406e+3,6.002e-21,5.779e-27,3.352e-20,5.328e-23,1.226e-20,1.335e-1,2.953e-20,6.268e+2,,3.090e+0,,,1.003e+2,4.186e-5,2.276e-4,1.187e-19,7.348e-17,1.846e-17,2.025e+1,1.503e+2,,6.968e-17,,1.313e-17,1.068e+0,3.982e+2,1.317e-17,,9.935e-19,4.463e-17
375.83,1.145e+4,5.524e-21,6.794e-28,1.743e-45,1.889e-35,1.236e-33,,4.078e-19,1.711e-22,,2.477e-15,1.776e-13,3.816e-27,1.286e-17,6.110e-20,8.406e-30,,2.670e-10,,9.132e-2,1.966e-12,6.536e-34,5.834e+1,7.568e+3,4.044e-26,1.556e+0,1.221e-19,5.236e-2,1.104e-23,2.439e+3,6.010e-21,5.769e-27,3.354e-20,5.329e-23,1.226e-20,8.684e-2,2.934e-20,6.514e+2,,3.917e+0,,,1.012e+2,2.495e-5,1.362e-4,1.187e-19,7.456e-17,1.847e-17,1.941e+1,1.458e+2,,6.975e-17,,1.308e-17,9.124e-1,4.563e+2,1.318e-17,,9.929e-19,4.467e-17
375.85,1.182e+4,5.526e-21,6.801e-28,1.727e-45,1.889e-35,1.236e-33,,4.086e-19,1.713e-22,,2.478e-15,1.016e-13,3.812e-27,1.286e-17,6.113e-20,8.439e-30,,3.404e-10,,7.921e-2,1.091e-12,6.531e-34,5.036e+1,7.892e+3,4.046e-26,1.528e+0,1.221e-19,4.992e-2,1.105e-23,2.452e+3,6.015e-21,5.763e-27,3.355e-20,5.330e-23,1.226e-20,6.478e-2,2.921e-20,6.639e+2,,4.562e+0,,,1.015e+2,1.755e-5,9.607e-5,1.187e-19,7.528e-17,1.847e-17,1.874e+1,1.419e+2,,6.979e-17,,1.304e-17,8.269e-1,4.964e+2,1.319e-17,,9.925e-19,4.469e-17
375.88,1.232e+4,5.528e-21,6.811e-28,1.704e-45,1.889e-35,1.234e-33,,4.097e-19,1.715e-22,,2.478e-15,4.351e-14,3.806e-27,1.286e-17,6.118e-20,8.489e-30,,4.848e-10,,6.337e-2,4.463e-13,6.523e-34,3.998e+1,8.332e+3,4.048e-26,1.472e+0,1.221e-19,4.605e-2,1.105e-23,2.458e+3,6.022e-21,5.752e-27,3.357e-20,5.331e-23,1.226e-20,4.142e-2,2.902e-20,6.761e+2,,5.681e+0,,,1.015e+2,1.025e-5,5.633e-5,1.187e-19,7.636e-17,1.848e-17,1.759e+1,1.349e+2,,6.985e-17,,1.298e-17,7.217e-1,5.575e+2,1.320e-17,,9.919e-19,4.472e-17
375.9,1.261e+4,5.529e-21,6.818e-28,1.688e-45,1.889e-35,1.234e-33,,4.105e-19,1.716e-22,,2.479e-15,2.455e-14,3.802e-27,1.287e-17,6.121e-20,8.522e-30,,6.097e-10,,5.427e-2,2.443e-13,6.518e-34,3.404e+1,8.589e+3,4.049e-26,1.426e+0,1.221e-19,4.338e-2,1.106e-23,2.454e+3,6.027e-21,5.746e-27,3.359e-20,5.332e-23,1.226e-20,3.065e-2,2.889e-20,6.798e+2,,6.534e+0,,,1.011e+2,7.110e-6,3.919e-5,1.187e-19,7.708e-17,1.849e-17,1.675e+1,1.295e+2,,6.990e-17,,1.294e-17,6.644e-1,5.984e+2,1.321e-17,,9.915e-19,4.475e-17
375.93,1.296e+4,5.531e-21,6.828e-28,1.665e-45,1.888e-35,1.233e-33,,4.116e-19,1.718e-22,,2.480e-15,1.030e-14,3.796e-27,1.287e-17,6.125e-20,8.571e-30,,8.510e-10,,4.258e-2,9.789e-14,6.510e-34,2.648e+1,8.914e+3,4.051e-26,1.347e+0,1.222e-19,3.933e-2,1.107e-23,2.438e+3,6.035e-21,5.736e-27,3.361e-20,5.334e-23,1.226e-20,1.961e-2,2.870e-20,6.784e+2,,7.981e+0,,,1.002e+2,4.068e-6,2.252e-5,1.186e-19,7.816e-17,1.849e-17,1.541e+1,1.206e+2,,6.996e-17,,1.288e-17,5.942e-1,6.588e+2,1.322e-17,,9.909e-19,4.478e-17
375.95,1.314e+4,5.532e-21,6.835e-28,1.650e-45,1.888e-35,1.232e-33,,4.124e-19,1.720e-22,,2.480e-15,5.732e-15,3.792e-27,1.288e-17,6.128e-20,8.604e-30,,1.056e-9,,3.599e-2,5.285e-14,6.505e-34,2.225e+1,9.086e+3,4.052e-26,1.289e+0,1.222e-19,3.665e-2,1.108e-23,2.421e+3,6.040e-21,5.729e-27,3.362e-20,5.334e-23,1.226e-20,1.478e-2,2.858e-20,6.729e+2,,9.059e+0,,,9.919e+1,2.784e-6,1.546e-5,1.186e-19,7.888e-17,1.850e-17,1.448e+1,1.142e+2,,7.001e-17,,1.284e-17,5.559e-1,6.978e+2,1.323e-17,,9.905e-19,4.480e-17
375.97,1.327e+4,5.534e-21,6.842e-28,1.634e-45,1.888e-35,1.231e-33,,4.132e-19,1.721e-22,,2.481e-15,3.173e-15,3.789e-27,1.288e-17,6.131e-20,8.637e-30,,1.303e-9,,3.026e-2,2.837e-14,6.500e-34,1.860e+1,9.219e+3,4.053e-26,1.227e+0,1.222e-19,3.404e-2,1.108e-23,2.401e+3,6.045e-21,5.722e-27,3.364e-20,5.335e-23,1.226e-20,1.150e-2,2.845e-20,6.639e+2,,1.023e+1,,,9.797e+1,1.896e-6,1.055e-5,1.186e-19,7.960e-17,1.850e-17,1.353e+1,1.076e+2,,7.005e-17,,1.280e-17,5.229e-1,7.351e+2,1.324e-17,,9.901e-19,4.483e-17
376,1.337e+4,5.536e-21,6.852e-28,1.611e-45,1.888e-35,1.230e-33,,4.143e-19,1.723e-22,,2.482e-15,1.293e-15,3.783e-27,1.288e-17,6.136e-20,8.687e-30,,1.768e-9,,2.311e-2,1.105e-14,6.492e-34,1.406e+1,9.342e+3,4.055e-26,1.130e+0,1.222e-19,3.031e-2,1.109e-23,2.367e+3,6.053e-21,5.712e-27,3.366e-20,5.337e-23,1.226e-20,8.907e-3,2.826e-20,6.440e+2,,1.215e+1,,,9.570e+1,1.054e-6,5.890e-6,1.186e-19,8.068e-17,1.851e-17,1.210e+1,9.742e+1,,7.012e-17,,1.275e-17,4.815e-1,7.869e+2,1.325e-17,,9.895e-19,4.486e-17
376.02,1.338e+4,5.537e-21,6.859e-28,1.595e-45,1.888e-35,1.229e-33,,4.151e-19,1.725e-22,,2.482e-15,7.062e-16,3.779e-27,1.289e-17,6.139e-20,8.720e-30,,2.153e-9,,1.917e-2,5.851e-15,6.487e-34,1.160e+1,9.372e+3,4.057e-26,1.063e+0,1.223e-19,2.799e-2,1.110e-23,2.343e+3,6.058e-21,5.705e-27,3.367e-20,5.338e-23,1.226e-20,8.540e-3,2.813e-20,6.268e+2,,1.354e+1,,,9.393e+1,7.077e-7,3.966e-6,1.186e-19,8.140e-17,1.851e-17,1.116e+1,9.054e+1,,7.016e-17,,1.271e-17,4.578e-1,8.179e+2,1.326e-17,,9.891e-19,4.488e-17
376.05,1.330e+4,5.539e-21,6.869e-28,1.572e-45,1.887e-35,1.228e-33,,4.163e-19,1.727e-22,,2.483e-15,2.820e-16,3.773e-27,1.289e-17,6.144e-20,8.769e-30,,2.863e-9,,1.435e-2,2.232e-15,6.479e-34,8.599e+0,9.336e+3,4.059e-26,9.624e-1,1.223e-19,2.484e-2,1.111e-23,2.308e+3,6.065e-21,5.695e-27,3.369e-20,5.339e-23,1.226e-20,1.005e-2,2.794e-20,5.957e+2,,1.576e+1,,,9.091e+1,3.855e-7,2.169e-6,1.185e-19,8.248e-17,1.852e-17,9.776e+0,8.031e+1,,7.022e-17,,1.265e-17,4.268e-1,8.582e+2,1.327e-17,,9.885e-19,4.492e-17
376.07,1.319e+4,5.540e-21,6.876e-28,1.557e-45,1.887e-35,1.227e-33,,4.170e-19,1.728e-22,,2.483e-15,1.519e-16,3.769e-27,1.290e-17,6.147e-20,8.802e-30,,3.438e-9,,1.175e-2,1.166e-15,6.474e-34,6.998e+0,9.259e+3,4.060e-26,8.965e-1,1.223e-19,2.300e-2,1.111e-23,2.286e+3,6.070e-21,5.688e-27,3.371e-20,5.340e-23,1.226e-20,1.264e-2,2.781e-20,5.720e+2,,1.732e+1,,,8.870e+1,2.554e-7,1.441e-6,1.185e-19,8.320e-17,1.852e-17,8.891e+0,7.364e+1,,7.027e-17,,1.261e-17,4.083e-1,8.802e+2,1.328e-17,,9.881e-19,4.494e-17
376.1,1.295e+4,5.542e-21,6.886e-28,1.533e-45,1.887e-35,1.226e-33,,4.182e-19,1.730e-22,,2.484e-15,5.942e-17,3.763e-27,1.290e-17,6.151e-20,8.852e-30,,4.481e-9,,8.623e-3,4.358e-16,6.466e-34,5.091e+0,9.067e+3,4.062e-26,8.016e-1,1.223e-19,2.066e-2,1.112e-23,2.258e+3,6.078e-21,5.678e-27,3.373e-20,5.341e-23,1.226e-20,1.971e-2,2.762e-20,5.328e+2,,1.976e+1,,,8.514e+1,1.363e-7,7.723e-7,1.185e-19,8.428e-17,1.853e-17,7.634e+0,6.400e+1,,7.033e-17,,1.255e-17,3.829e-1,9.052e+2,1.330e-17,,9.875e-19,4.497e-17
376.12,1.273e+4,5.544e-21,6.893e-28,1.518e-45,1.887e-35,1.225e-33,,4.189e-19,1.732e-22,,2.485e-15,3.157e-17,3.759e-27,1.290e-17,6.154e-20,8.885e-30,,5.310e-9,,6.969e-3,2.245e-16,6.461e-34,4.094e+0,8.890e+3,4.063e-26,7.419e-1,1.224e-19,1.941e-2,1.113e-23,2.243e+3,6.083e-21,5.671e-27,3.374e-20,5.342e-23,1.226e-20,2.734e-2,2.749e-20,5.047e+2,,2.143e+1,,,8.265e+1,8.906e-8,5.061e-7,1.185e-19,8.500e-17,1.854e-17,6.849e+0,5.790e+1,,7.038e-17,,1.251e-17,3.672e-1,9.161e+2,1.330e-17,,9.871e-19,4.499e-17
376.15,1.233e+4,5.545e-21,6.903e-28,1.495e-45,1.887e-35,1.224e-33,,4.201e-19,1.734e-22,,2.485e-15,1.210e-17,3.753e-27,1.291e-17,6.159e-20,8.935e-30,,6.782e-9,,5.012e-3,8.221e-17,6.453e-34,2.931e+0,8.557e+3,4.065e-26,6.596e-1,1.224e-19,1.805e-2,1.114e-23,2.227e+3,6.090e-21,5.661e-27,3.376e-20,5.344e-23,1.226e-20,4.527e-2,2.730e-20,4.606e+2,,2.396e+1,,,7.876e+1,4.657e-8,2.657e-7,1.184e-19,8.608e-17,1.854e-17,5.763e+0,4.931e+1,,7.044e-17,,1.246e-17,3.451e-1,9.235e+2,1.332e-17,,9.865e-19,4.503e-17
376.17,1.202e+4,5.547e-21,6.910e-28,1.479e-45,1.887e-35,1.224e-33,,4.209e-19,1.735e-22,,2.486e-15,6.340e-18,3.749e-27,1.291e-17,6.162e-20,8.968e-30,,7.930e-9,,3.997e-3,4.179e-17,6.448e-34,2.338e+0,8.294e+3,4.066e-26,6.103e-1,1.224e-19,1.750e-2,1.114e-23,2.222e+3,6.096e-21,5.655e-27,3.378e-20,5.344e-23,1.226e-20,6.339e-2,2.718e-20,4.305e+2,,2.563e+1,,,7.612e+1,3.002e-8,1.718e-7,1.184e-19,8.680e-17,1.855e-17,5.101e+0,4.400e+1,,7.049e-17,,1.242e-17,3.315e-1,9.222e+2,1.332e-17,,9.862e-19,4.505e-17
376.2,1.151e+4,5.549e-21,6.920e-28,1.456e-45,1.886e-35,1.222e-33,,4.220e-19,1.738e-22,,2.487e-15,2.380e-18,3.744e-27,1.292e-17,6.167e-20,9.017e-30,,9.925e-9,,2.817e-3,1.499e-17,6.440e-34,1.664e+0,7.846e+3,4.068e-26,5.460e-1,1.224e-19,1.724e-2,1.115e-23,2.221e+3,6.103e-21,5.644e-27,3.380e-20,5.346e-23,1.226e-20,1.044e-1,2.699e-20,3.850e+2,,2.809e+1,,,7.211e+1,1.538e-8,8.836e-8,1.184e-19,8.788e-17,1.855e-17,4.205e+0,3.672e+1,,7.055e-17,,1.236e-17,3.126e-1,9.111e+2,1.334e-17,,9.856e-19,4.509e-17
376.22,1.113e+4,5.550e-21,6.927e-28,1.440e-45,1.886e-35,1.222e-33,,4.228e-19,1.739e-22,,2.487e-15,1.230e-18,3.740e-27,1.292e-17,6.170e-20,9.050e-30,,1.145e-8,,2.217e-3,7.514e-18,6.435e-34,1.332e+0,7.518e+3,4.069e-26,5.102e-1,1.224e-19,1.745e-2,1.116e-23,2.226e+3,6.108e-21,5.638e-27,3.381e-20,5.347e-23,1.226e-20,1.448e-1,2.686e-20,3.549e+2,,2.965e+1,,,6.944e+1,9.779e-9,5.634e-8,1.184e-19,8.860e-17,1.856e-17,3.672e+0,3.233e+1,,7.059e-17,,1.232e-17,3.012e-1,8.978e+2,1.335e-17,,9.852e-19,4.511e-17
376.25,1.054e+4,5.552e-21,6.937e-28,1.417e-45,1.886e-35,1.221e-33,,4.239e-19,1.741e-22,,2.488e-15,4.526e-19,3.734e-27,1.293e-17,6.174e-20,9.100e-30,,1.404e-8,,1.531e-3,7.998e-18,6.428e-34,9.741e-1,6.989e+3,4.071e-26,4.676e-1,1.225e-19,1.836e-2,1.117e-23,2.240e+3,6.116e-21,5.628e-27,3.383e-20,5.348e-23,1.226e-20,2.342e-1,2.667e-20,3.111e+2,,3.185e+1,,,6.546e+1,4.908e-9,2.840e-8,1.184e-19,8.968e-17,1.857e-17,2.966e+0,2.644e+1,,7.066e-17,,1.226e-17,2.862e-1,8.694e+2,1.336e-17,,9.846e-19,4.514e-17
376.27,1.012e+4,5.553e-21,6.944e-28,1.402e-45,1.886e-35,1.220e-33,,4.247e-19,1.742e-22,,2.488e-15,2.308e-19,3.730e-27,1.293e-17,6.178e-20,9.133e-30,,1.598e-8,,1.189e-3,8.320e-18,6.422e-34,8.111e-1,6.619e+3,4.073e-26,4.470e-1,1.225e-19,1.937e-2,1.117e-23,2.252e+3,6.121e-21,5.621e-27,3.384e-20,5.349e-23,1.226e-20,3.206e-1,2.654e-20,2.829e+2,,3.318e+1,,,6.284e+1,3.079e-9,1.786e-8,1.183e-19,9.040e-17,1.857e-17,2.555e+0,2.296e+1,,7.070e-17,,1.222e-17,2.778e-1,8.453e+2,1.337e-17,,9.842e-19,4.516e-17
376.3,9.483e+3,5.555e-21,6.954e-28,1.379e-45,1.885e-35,1.219e-33,,4.259e-19,1.745e-22,,2.489e-15,8.317e-20,3.724e-27,1.293e-17,6.182e-20,9.182e-30,,1.921e-8,,8.050e-4,8.804e-18,6.415e-34,6.588e-1,6.047e+3,4.075e-26,4.280e-1,1.225e-19,2.148e-2,1.118e-23,2.275e+3,6.128e-21,5.611e-27,3.387e-20,5.350e-23,1.226e-20,5.086e-1,2.635e-20,2.430e+2,,3.493e+1,,,5.900e+1,1.514e-9,8.820e-9,1.183e-19,9.148e-17,1.858e-17,2.023e+0,1.840e+1,,7.077e-17,,1.216e-17,2.681e-1,8.024e+2,1.338e-17,,9.836e-19,4.520e-17
376.32,9.051e+3,5.557e-21,6.961e-28,1.363e-45,1.885e-35,1.218e-33,,4.266e-19,1.746e-22,,2.490e-15,4.183e-20,3.720e-27,1.294e-17,6.185e-20,9.215e-30,,2.157e-8,,6.165e-4,9.127e-18,6.409e-34,6.097e-1,5.660e+3,4.076e-26,4.232e-1,1.225e-19,2.328e-2,1.119e-23,2.291e+3,6.133e-21,5.604e-27,3.388e-20,5.351e-23,1.226e-20,6.872e-1,2.622e-20,2.180e+2,,3.591e+1,,,5.651e+1,9.369e-10,5.473e-9,1.183e-19,9.220e-17,1.858e-17,1.719e+0,1.577e+1,,7.081e-17,,1.213e-17,2.637e-1,7.698e+2,1.339e-17,,9.832e-19,4.522e-17
376.34,8.618e+3,5.558e-21,6.968e-28,1.348e-45,1.885e-35,1.217e-33,,4.274e-19,1.747e-22,,2.490e-15,2.092e-20,3.716e-27,1.294e-17,6.188e-20,9.248e-30,,2.409e-8,,4.697e-4,9.450e-18,6.404e-34,5.973e-1,5.273e+3,4.077e-26,4.248e-1,1.226e-19,2.539e-2,1.119e-23,2.308e+3,6.138e-21,5.597e-27,3.389e-20,5.352e-23,1.226e-20,9.235e-1,2.609e-20,1.946e+2,,3.673e+1,,,5.407e+1,5.766e-10,3.377e-9,1.183e-19,9.292e-17,1.859e-17,1.453e+0,1.344e+1,,7.086e-17,,1.209e-17,2.610e-1,7.346e+2,1.340e-17,,9.828e-19,4.524e-17
376.37,7.974e+3,5.560e-21,6.978e-28,1.324e-45,1.885e-35,1.216e-33,,4.286e-19,1.750e-22,,2.491e-15,2.086e-20,3.710e-27,1.295e-17,6.193e-20,9.298e-30,,2.815e-8,,3.092e-4,9.933e-18,6.396e-34,6.424e-1,4.699e+3,4.079e-26,4.386e-1,1.226e-19,2.912e-2,1.120e-23,2.331e+3,6.146e-21,5.587e-27,3.391e-20,5.353e-23,1.226e-20,1.424e+0,2.590e-20,1.624e+2,,3.762e+1,,,5.053e+1,2.755e-10,1.621e-9,1.183e-19,9.400e-17,1.859e-17,1.118e+0,1.046e+1,,7.092e-17,,1.203e-17,2.606e-1,6.780e+2,1.341e-17,,9.822e-19,4.528e-17
376.39,7.552e+3,5.561e-21,6.985e-28,1.309e-45,1.885e-35,1.215e-33,,4.293e-19,1.751e-22,,2.491e-15,2.082e-20,3.706e-27,1.295e-17,6.196e-20,9.331e-30,,3.102e-8,,2.324e-4,1.026e-17,6.391e-34,7.134e-1,4.326e+3,4.080e-26,4.552e-1,1.226e-19,3.197e-2,1.121e-23,2.345e+3,6.151e-21,5.580e-27,3.393e-20,5.354e-23,1.226e-20,1.889e+0,2.578e-20,1.430e+2,,3.798e+1,,,4.826e+1,1.673e-10,9.866e-10,1.182e-19,9.472e-17,1.860e-17,9.323e-1,8.798e+0,,7.096e-17,,1.199e-17,2.627e-1,6.384e+2,1.342e-17,,9.818e-19,4.530e-17
376.42,6.937e+3,5.563e-21,6.995e-28,1.286e-45,1.885e-35,1.214e-33,,4.305e-19,1.753e-22,,2.492e-15,2.075e-20,3.700e-27,1.295e-17,6.201e-20,9.380e-30,,3.552e-8,,1.499e-4,1.074e-17,6.384e-34,8.820e-1,3.787e+3,4.082e-26,4.904e-1,1.226e-19,3.674e-2,1.122e-23,2.360e+3,6.159e-21,5.570e-27,3.395e-20,5.356e-23,1.226e-20,2.855e+0,2.559e-20,1.170e+2,,3.816e+1,,,4.498e+1,7.832e-11,4.639e-10,1.182e-19,9.580e-17,1.860e-17,7.028e-1,6.714e+0,,7.103e-17,,1.193e-17,2.694e-1,5.775e+2,1.343e-17,,9.812e-19,4.533e-17
376.44,6.541e+3,5.565e-21,7.002e-28,1.270e-45,1.884e-35,1.213e-33,,4.313e-19,1.754e-22,,2.493e-15,2.071e-20,3.697e-27,1.296e-17,6.204e-20,9.413e-30,,3.861e-8,,1.111e-4,1.106e-17,6.378e-34,1.038e+0,3.445e+3,4.084e-26,5.201e-1,1.227e-19,4.022e-2,1.122e-23,2.365e+3,6.164e-21,5.563e-27,3.396e-20,5.357e-23,1.226e-20,3.735e+0,2.546e-20,1.016e+2,,3.805e+1,,,4.289e+1,4.690e-11,2.786e-10,1.182e-19,9.652e-17,1.861e-17,5.782e-1,5.569e+0,,7.107e-17,,1.189e-17,2.763e-1,5.366e+2,1.344e-17,,9.808e-19,4.536e-17
376.47,5.974e+3,5.567e-21,7.012e-28,1.247e-45,1.884e-35,1.212e-33,,4.324e-19,1.757e-22,,2.493e-15,2.065e-20,3.691e-27,1.296e-17,6.208e-20,9.463e-30,,4.333e-8,,7.025e-5,1.155e-17,6.371e-34,1.344e+0,2.962e+3,4.086e-26,5.732e-1,1.227e-19,4.583e-2,1.123e-23,2.365e+3,6.171e-21,5.553e-27,3.398e-20,5.358e-23,1.226e-20,5.534e+0,2.527e-20,8.143e+1,,3.753e+1,,,3.991e+1,2.151e-11,1.283e-10,1.182e-19,9.760e-17,1.862e-17,4.271e-1,4.164e+0,,7.114e-17,,1.184e-17,2.898e-1,4.758e+2,1.345e-17,,9.802e-19,4.539e-17
376.49,5.615e+3,5.568e-21,7.019e-28,1.231e-45,1.884e-35,1.212e-33,,4.332e-19,1.758e-22,,2.494e-15,2.061e-20,3.687e-27,1.297e-17,6.211e-20,9.496e-30,,4.648e-8,,5.139e-5,1.187e-17,6.365e-34,1.601e+0,2.662e+3,4.087e-26,6.134e-1,1.227e-19,4.980e-2,1.124e-23,2.359e+3,6.176e-21,5.546e-27,3.400e-20,5.359e-23,1.226e-20,7.144e+0,2.514e-20,6.978e+1,,3.697e+1,,,3.802e+1,1.271e-11,7.601e-11,1.182e-19,9.832e-17,1.862e-17,3.467e-1,3.408e+0,,7.118e-17,,1.180e-17,3.008e-1,4.362e+2,1.346e-17,,9.798e-19,4.541e-17
376.52,5.107e+3,5.570e-21,7.029e-28,1.208e-45,1.884e-35,1.210e-33,,4.343e-19,1.760e-22,,2.495e-15,2.055e-20,3.681e-27,1.297e-17,6.216e-20,9.545e-30,,5.111e-8,,3.183e-5,1.235e-17,6.358e-34,2.075e+0,2.248e+3,4.089e-26,6.796e-1,1.227e-19,5.600e-2,1.125e-23,2.338e+3,6.184e-21,5.536e-27,3.402e-20,5.360e-23,1.226e-20,1.037e+1,2.495e-20,5.480e+1,,3.584e+1,,,3.537e+1,5.712e-12,3.430e-11,1.181e-19,9.940e-17,1.863e-17,2.509e-1,2.497e+0,,7.125e-17,,1.174e-17,3.198e-1,3.791e+2,1.347e-17,,9.792e-19,4.545e-17
376.54,4.789e+3,5.571e-21,7.036e-28,1.193e-45,1.884e-35,1.210e-33,,4.351e-19,1.762e-22,,2.495e-15,2.050e-20,3.677e-27,1.298e-17,6.219e-20,9.578e-30,,5.408e-8,,2.297e-5,1.268e-17,6.353e-34,2.457e+0,1.995e+3,4.090e-26,7.266e-1,1.228e-19,6.024e-2,1.125e-23,2.317e+3,6.189e-21,5.530e-27,3.403e-20,5.361e-23,1.226e-20,1.321e+1,2.482e-20,4.634e+1,,3.492e+1,,,3.371e+1,3.329e-12,2.005e-11,1.181e-19,1.001e-16,1.863e-17,2.009e-1,2.016e+0,,7.129e-17,,1.170e-17,3.338e-1,3.430e+2,1.348e-17,,9.788e-19,4.547e-17
376.57,4.345e+3,5.573e-21,7.046e-28,1.169e-45,1.883e-35,1.209e-33,,4.363e-19,1.764e-22,,2.496e-15,2.044e-20,3.671e-27,1.298e-17,6.224e-20,2.688e-29,,5.829e-8,,1.394e-5,1.316e-17,6.345e-34,3.142e+0,1.654e+3,4.092e-26,7.999e-1,1.228e-19,6.669e-2,1.126e-23,2.273e+3,6.196e-21,5.519e-27,3.405e-20,5.363e-23,1.226e-20,1.880e+1,2.463e-20,3.566e+1,,3.334e+1,,,3.142e+1,1.466e-12,8.864e-12,1.181e-19,1.012e-16,1.864e-17,1.425e-1,1.447e+0,,7.136e-17,,1.164e-17,3.561e-1,2.922e+2,1.349e-17,,9.782e-19,4.550e-17
376.59,4.070e+3,5.575e-21,7.053e-28,1.154e-45,1.883e-35,1.208e-33,,4.370e-19,1.765e-22,,2.496e-15,2.040e-20,3.667e-27,1.298e-17,6.227e-20,5.314e-29,,6.085e-8,,9.928e-6,1.348e-17,6.340e-34,3.679e+0,1.451e+3,4.093e-26,8.495e-1,1.228e-19,7.097e-2,1.127e-23,2.237e+3,6.201e-21,5.513e-27,3.407e-20,5.363e-23,1.226e-20,2.363e+1,2.450e-20,2.974e+1,,3.217e+1,,,3.002e+1,8.426e-13,5.109e-12,1.181e-19,1.019e-16,1.864e-17,1.126e-1,1.153e+0,,7.140e-17,,1.160e-17,3.714e-1,2.608e+2,1.350e-17,,9.778e-19,4.553e-17
376.62,3.688e+3,5.577e-21,7.063e-28,1.131e-45,1.883e-35,1.207e-33,,4.382e-19,1.767e-22,,2.497e-15,2.034e-20,3.661e-27,1.299e-17,6.231e-20,1.462e-28,,6.427e-8,,5.904e-6,1.397e-17,6.332e-34,4.617e+0,1.180e+3,4.095e-26,9.231e-1,1.228e-19,7.729e-2,1.128e-23,2.170e+3,6.209e-21,5.503e-27,3.409e-20,5.365e-23,1.226e-20,3.297e+1,2.431e-20,2.243e+1,,3.032e+1,,,2.812e+1,3.635e-13,2.213e-12,1.181e-19,1.030e-16,1.865e-17,7.823e-2,8.109e-1,,7.147e-17,,1.154e-17,3.942e-1,2.178e+2,1.351e-17,,9.772e-19,4.556e-17
376.64,3.454e+3,5.578e-21,7.070e-28,1.115e-45,1.883e-35,1.206e-33,,4.389e-19,1.769e-22,,2.498e-15,2.029e-20,3.657e-27,1.299e-17,6.234e-20,2.851e-28,,6.620e-8,,4.147e-6,1.429e-17,6.327e-34,5.337e+0,1.022e+3,4.096e-26,9.706e-1,1.229e-19,8.136e-2,1.128e-23,2.117e+3,6.214e-21,5.496e-27,3.410e-20,5.366e-23,1.226e-20,4.088e+1,2.418e-20,1.846e+1,,2.905e+1,6.211e-19,,2.699e+1,2.061e-13,1.259e-12,1.180e-19,1.037e-16,1.865e-17,6.097e-2,6.371e-1,,7.151e-17,,1.151e-17,4.090e-1,1.918e+2,1.352e-17,,9.768e-19,4.558e-17
376.67,3.133e+3,5.580e-21,7.080e-28,1.092e-45,1.883e-35,1.205e-33,,4.401e-19,1.771e-22,,2.498e-15,2.023e-20,3.652e-27,1.300e-17,6.239e-20,7.690e-28,,6.852e-8,,2.417e-6,1.477e-17,6.319e-34,6.569e+0,8.165e+2,4.098e-26,1.037e+0,1.229e-19,8.717e-2,1.129e-23,2.029e+3,6.222e-21,5.486e-27,3.412e-20,5.367e-23,1.226e-20,5.589e+1,2.399e-20,1.364e+1,,2.715e+1,1.742e-18,,2.551e+1,8.713e-14,5.342e-13,1.180e-19,1.048e-16,1.866e-17,4.152e-2,4.392e-1,,7.157e-17,,1.145e-17,4.295e-1,1.570e+2,1.353e-17,,9.762e-19,4.562e-17
376.69,2.938e+3,5.581e-21,7.087e-28,1.076e-45,1.882e-35,1.204e-33,,4.409e-19,1.772e-22,,2.499e-15,2.019e-20,3.648e-27,1.300e-17,6.242e-20,1.480e-27,,6.963e-8,,1.675e-6,1.509e-17,6.314e-34,7.493e+0,6.984e+2,4.100e-26,1.078e+0,1.229e-19,9.079e-2,1.130e-23,1.964e+3,6.227e-21,5.479e-27,3.414e-20,5.368e-23,1.226e-20,6.839e+1,2.387e-20,1.107e+1,,2.591e+1,3.443e-18,,2.466e+1,4.874e-14,2.997e-13,1.180e-19,1.055e-16,1.867e-17,3.192e-2,3.405e-1,,7.162e-17,,1.141e-17,4.418e-1,1.364e+2,1.354e-17,,9.758e-19,4.564e-17
376.71,2.757e+3,5.583e-21,7.094e-28,1.061e-45,1.882e-35,1.203e-33,,4.416e-19,1.774e-22,,2.499e-15,2.015e-20,3.644e-27,1.300e-17,6.245e-20,2.833e-27,,7.039e-8,,1.154e-6,1.542e-17,6.309e-34,8.503e+0,5.945e+2,4.101e-26,1.115e+0,1.229e-19,9.417e-2,1.130e-23,1.894e+3,6.232e-21,5.472e-27,3.415e-20,5.369e-23,1.226e-20,8.324e+1,2.374e-20,8.939e+0,,2.472e+1,6.766e-18,,2.392e+1,2.712e-14,1.672e-13,1.180e-19,1.062e-16,1.867e-17,2.441e-2,2.625e-1,,7.166e-17,,1.137e-17,4.526e-1,1.179e+2,1.355e-17,,9.754e-19,4.566e-17
376.74,2.513e+3,5.585e-21,7.104e-28,1.038e-45,1.882e-35,1.202e-33,,4.428e-19,1.776e-22,,2.500e-15,2.009e-20,3.638e-27,1.301e-17,6.250e-20,7.430e-27,,7.082e-8,,6.539e-7,1.590e-17,6.301e-34,1.017e+1,4.624e+2,4.103e-26,1.161e+0,1.230e-19,9.873e-2,1.131e-23,1.782e+3,6.239e-21,5.462e-27,3.417e-20,5.370e-23,1.226e-20,1.107e+2,2.355e-20,6.420e+0,,2.305e+1,1.846e-17,,2.302e+1,1.114e-14,6.896e-14,1.180e-19,1.073e-16,1.868e-17,1.615e-2,1.759e-1,,7.173e-17,,1.131e-17,4.654e-1,9.385e+1,1.356e-17,,9.748e-19,4.570e-17
376.76,2.367e+3,5.586e-21,7.111e-28,1.022e-45,1.882e-35,1.201e-33,,4.436e-19,1.777e-22,,2.501e-15,2.004e-20,3.634e-27,1.301e-17,6.253e-20,1.404e-26,,7.063e-8,,4.446e-7,1.622e-17,6.296e-34,1.139e+1,3.886e+2,4.104e-26,1.185e+0,1.230e-19,1.014e-1,1.132e-23,1.703e+3,6.244e-21,5.455e-27,3.418e-20,5.371e-23,1.226e-20,1.329e+2,2.342e-20,5.114e+0,,2.205e+1,3.579e-17,,2.255e+1,6.113e-15,3.795e-14,1.179e-19,1.080e-16,1.868e-17,1.219e-2,1.338e-1,,7.177e-17,,1.127e-17,4.715e-1,8.006e+1,1.357e-17,,9.744e-19,4.572e-17
376.79,2.174e+3,5.588e-21,7.121e-28,9.989e-46,1.882e-35,1.200e-33,,4.447e-19,1.779e-22,,2.501e-15,1.998e-20,3.628e-27,1.302e-17,6.257e-20,3.608e-26,,6.963e-8,,2.468e-7,1.671e-17,6.288e-34,1.336e+1,2.966e+2,4.106e-26,1.211e+0,1.230e-19,1.048e-1,1.133e-23,1.580e+3,6.252e-21,5.445e-27,3.421e-20,5.372e-23,1.226e-20,1.732e+2,2.323e-20,3.599e+0,,2.072e+1,9.571e-17,,2.203e+1,2.460e-15,1.534e-14,1.179e-19,1.091e-16,1.869e-17,7.903e-3,8.782e-2,,7.184e-17,,1.122e-17,4.765e-1,6.245e+1,1.359e-17,,9.738e-19,4.575e-17
376.81,2.061e+3,5.589e-21,7.128e-28,9.834e-46,1.881e-35,1.200e-33,,4.455e-19,1.781e-22,,2.502e-15,1.994e-20,3.624e-27,1.302e-17,6.260e-20,6.726e-26,,6.852e-8,,1.655e-7,1.703e-17,6.283e-34,1.476e+1,2.461e+2,4.107e-26,1.220e+0,1.230e-19,1.067e-1,1.133e-23,1.496e+3,6.257e-21,5.438e-27,3.422e-20,5.373e-23,1.226e-20,2.052e+2,2.310e-20,2.828e+0,,1.996e+1,1.832e-16,,2.181e+1,1.332e-15,8.326e-15,1.179e-19,1.098e-16,1.869e-17,5.882e-3,6.589e-2,,7.188e-17,,1.118e-17,4.769e-1,5.256e+1,1.359e-17,,9.735e-19,4.578e-17
376.84,1.917e+3,5.591e-21,7.138e-28,9.601e-46,1.881e-35,1.198e-33,,4.466e-19,1.783e-22,,2.503e-15,1.988e-20,3.618e-27,1.303e-17,6.265e-20,1.695e-25,,6.620e-8,,9.002e-8,1.751e-17,6.275e-34,1.696e+1,1.843e+2,4.109e-26,1.222e+0,1.231e-19,1.088e-1,1.134e-23,1.369e+3,6.264e-21,5.428e-27,3.424e-20,5.375e-23,1.226e-20,2.621e+2,2.291e-20,1.950e+0,,1.903e+1,4.801e-16,,2.165e+1,5.251e-16,3.297e-15,1.179e-19,1.109e-16,1.870e-17,3.738e-3,4.239e-2,,7.194e-17,,1.112e-17,4.730e-1,4.018e+1,1.361e-17,,9.729e-19,4.581e-17
376.86,1.837e+3,5.593e-21,7.145e-28,9.447e-46,1.881e-35,1.198e-33,,4.474e-19,1.784e-22,,2.503e-15,1.983e-20,3.614e-27,1.303e-17,6.268e-20,3.118e-25,,6.427e-8,,5.957e-8,1.784e-17,6.270e-34,1.848e+1,1.510e+2,4.111e-26,1.215e+0,1.231e-19,1.099e-1,1.135e-23,1.284e+3,6.269e-21,5.422e-27,3.425e-20,5.376e-23,1.226e-20,3.065e+2,2.278e-20,1.512e+0,,1.854e+1,9.067e-16,,2.166e+1,2.804e-16,1.765e-15,1.179e-19,1.116e-16,1.870e-17,2.744e-3,3.138e-2,,7.199e-17,,1.108e-17,4.674e-1,3.337e+1,1.361e-17,,9.725e-19,4.583e-17
376.89,1.740e+3,5.595e-21,7.155e-28,9.214e-46,1.881e-35,1.197e-33,,4.486e-19,1.786e-22,,2.504e-15,1.977e-20,3.609e-27,1.303e-17,6.273e-20,7.701e-25,,6.085e-8,,3.174e-8,1.832e-17,6.262e-34,2.082e+1,1.109e+2,4.113e-26,1.192e+0,1.231e-19,1.108e-1,1.136e-23,1.157e+3,6.277e-21,5.411e-27,3.427e-20,5.377e-23,1.226e-20,3.837e+2,2.259e-20,1.022e+0,,1.801e+1,2.330e-15,,2.184e+1,1.083e-16,6.848e-16,1.178e-19,1.127e-16,1.871e-17,1.709e-3,1.978e-2,,7.205e-17,,1.102e-17,4.548e-1,2.501e+1,1.363e-17,,9.719e-19,4.587e-17
376.91,1.692e+3,5.596e-21,7.162e-28,9.059e-46,1.881e-35,1.196e-33,,4.493e-19,1.788e-22,,2.504e-15,1.973e-20,3.605e-27,1.304e-17,6.276e-20,1.398e-24,,5.829e-8,,2.072e-8,1.864e-17,6.257e-34,2.239e+1,8.968e+1,4.114e-26,1.170e+0,1.231e-19,1.111e-1,1.136e-23,1.074e+3,6.282e-21,5.405e-27,3.429e-20,5.378e-23,1.226e-20,4.427e+2,2.247e-20,7.816e-1,,1.778e+1,4.341e-15,,2.206e+1,5.707e-17,3.618e-16,1.178e-19,1.134e-16,1.872e-17,1.238e-3,1.445e-2,,7.210e-17,,1.098e-17,4.436e-1,2.050e+1,1.364e-17,,9.715e-19,4.589e-17
376.94,1.644e+3,5.598e-21,7.172e-28,8.827e-46,1.880e-35,1.195e-33,,4.505e-19,1.790e-22,,2.505e-15,1.967e-20,3.599e-27,1.304e-17,6.280e-20,3.385e-24,,5.409e-8,,1.082e-8,1.913e-17,6.249e-34,2.471e+1,6.460e+1,4.116e-26,1.126e+0,1.232e-19,1.110e-1,1.137e-23,9.538e+2,6.290e-21,5.395e-27,3.431e-20,5.379e-23,1.226e-20,5.433e+2,2.228e-20,5.176e-1,,1.760e+1,1.093e-14,,2.256e+1,2.160e-17,1.375e-16,1.178e-19,1.145e-16,1.872e-17,7.553e-4,8.924e-3,,7.216e-17,,1.092e-17,4.232e-1,1.505e+1,1.365e-17,,9.709e-19,4.592e-17
376.96,1.628e+3,5.599e-21,7.179e-28,8.672e-46,1.880e-35,1.194e-33,,4.512e-19,1.791e-22,,2.506e-15,1.963e-20,3.595e-27,1.305e-17,6.283e-20,6.063e-24,,5.111e-8,,6.968e-9,1.945e-17,6.244e-34,2.622e+1,5.158e+1,4.117e-26,1.090e+0,1.232e-19,1.107e-1,1.138e-23,8.765e+2,6.295e-21,5.388e-27,3.432e-20,5.380e-23,1.226e-20,6.186e+2,4.432e-20,3.905e-1,,1.757e+1,2.011e-14,,2.300e+1,1.122e-17,7.166e-17,1.178e-19,1.152e-16,1.873e-17,5.397e-4,6.429e-3,,7.221e-17,,1.089e-17,4.074e-1,1.217e+1,1.366e-17,,9.705e-19,4.594e-17
376.99,1.627e+3,5.601e-21,7.189e-28,8.439e-46,1.880e-35,1.193e-33,,4.524e-19,1.793e-22,,2.506e-15,1.956e-20,3.589e-27,1.305e-17,6.288e-20,1.439e-23,,4.648e-8,,3.565e-9,1.993e-17,6.236e-34,2.837e+1,3.644e+1,4.119e-26,1.028e+0,1.232e-19,1.097e-1,1.139e-23,7.661e+2,6.302e-21,5.378e-27,3.434e-20,5.382e-23,1.226e-20,7.441e+2,1.231e-19,2.534e-1,,1.765e+1,4.964e-14,,2.384e+1,4.162e-18,2.668e-17,1.177e-19,1.163e-16,1.873e-17,3.227e-4,3.891e-3,,7.227e-17,,1.083e-17,3.809e-1,8.764e+0,1.367e-17,,9.699e-19,4.598e-17
377.01,1.642e+3,5.602e-21,7.196e-28,8.284e-46,1.880e-35,1.192e-33,,4.532e-19,1.795e-22,,2.507e-15,1.952e-20,3.585e-27,1.305e-17,6.291e-20,2.543e-23,,4.334e-8,,2.265e-9,2.026e-17,6.231e-34,2.969e+1,2.872e+1,4.120e-26,9.820e-1,1.232e-19,1.089e-1,1.139e-23,6.966e+2,6.307e-21,5.371e-27,3.436e-20,5.382e-23,1.226e-20,8.361e+2,2.417e-19,1.887e-1,,1.776e+1,9.008e-14,,2.451e+1,2.134e-18,1.372e-17,1.177e-19,1.170e-16,1.874e-17,2.275e-4,2.766e-3,,7.231e-17,,1.079e-17,3.619e-1,6.993e+0,1.368e-17,,9.695e-19,4.600e-17
377.04,1.687e+3,5.604e-21,7.206e-28,8.052e-46,1.880e-35,1.191e-33,,4.543e-19,1.797e-22,,2.508e-15,1.946e-20,3.579e-27,1.306e-17,6.296e-20,5.917e-23,,3.862e-8,,1.136e-9,2.074e-17,6.223e-34,3.148e+1,1.989e+1,4.122e-26,9.077e-1,1.233e-19,1.073e-1,1.140e-23,5.991e+2,6.315e-21,5.361e-27,3.438e-20,5.384e-23,1.226e-20,9.860e+2,6.584e-19,1.199e-1,,1.799e+1,2.180e-13,,2.572e+1,7.752e-19,5.004e-18,1.177e-19,1.181e-16,1.874e-17,1.333e-4,1.640e-3,,7.238e-17,,1.073e-17,3.317e-1,4.935e+0,1.369e-17,,9.689e-19,4.604e-17
377.06,1.730e+3,5.606e-21,7.213e-28,7.897e-46,1.879e-35,1.190e-33,,4.551e-19,1.798e-22,,2.508e-15,1.942e-20,3.575e-27,1.306e-17,6.299e-20,1.032e-22,,3.553e-8,,7.117e-10,2.106e-17,6.218e-34,3.252e+1,1.548e+1,4.123e-26,8.556e-1,1.233e-19,1.061e-1,1.141e-23,5.388e+2,6.320e-21,5.354e-27,3.439e-20,5.385e-23,1.226e-20,1.093e+3,1.275e-18,8.809e-2,,1.816e+1,3.904e-13,,2.667e+1,3.920e-19,2.538e-18,1.177e-19,1.188e-16,1.875e-17,9.269e-5,1.150e-3,,7.242e-17,,1.069e-17,3.109e-1,3.885e+0,1.370e-17,,9.685e-19,4.606e-17
377.09,1.815e+3,5.608e-21,7.223e-28,7.665e-46,1.879e-35,1.189e-33,,4.562e-19,1.800e-22,,2.509e-15,1.935e-20,3.569e-27,1.307e-17,6.303e-20,2.354e-22,,3.104e-8,,3.496e-10,2.155e-17,6.210e-34,3.379e+1,1.051e+1,4.125e-26,7.752e-1,1.233e-19,1.041e-1,1.142e-23,4.559e+2,6.327e-21,5.344e-27,3.441e-20,5.386e-23,1.226e-20,1.264e+3,3.405e-18,5.489e-2,,1.843e+1,9.261e-13,,2.830e+1,1.395e-19,9.071e-19,1.177e-19,1.199e-16,1.876e-17,5.321e-5,6.685e-4,,7.249e-17,,1.063e-17,2.793e-1,2.687e+0,1.371e-17,,9.679e-19,4.609e-17
377.11,1.882e+3,5.609e-21,7.230e-28,7.510e-46,1.879e-35,1.188e-33,,4.570e-19,1.802e-22,,2.509e-15,1.931e-20,3.566e-27,1.307e-17,6.306e-20,4.051e-22,,2.818e-8,,2.162e-10,2.187e-17,6.205e-34,3.443e+1,8.071e+0,4.127e-26,7.209e-1,1.233e-19,1.026e-1,1.142e-23,4.055e+2,6.333e-21,5.337e-27,3.443e-20,5.387e-23,1.226e-20,1.383e+3,6.510e-18,3.977e-2,,1.860e+1,1.636e-12,,2.954e+1,6.961e-20,4.538e-19,1.176e-19,1.206e-16,1.876e-17,3.651e-5,4.624e-4,,1.434e-16,,1.060e-17,2.582e-1,2.088e+0,1.372e-17,,9.675e-19,4.611e-17
377.13,1.958e+3,5.610e-21,7.236e-28,7.355e-46,1.879e-35,1.188e-33,,4.578e-19,1.803e-22,,2.510e-15,1.927e-20,3.562e-27,1.307e-17,6.309e-20,6.934e-22,,2.545e-8,,1.329e-10,2.219e-17,6.200e-34,3.489e+1,6.164e+0,4.128e-26,6.669e-1,1.234e-19,1.011e-1,1.143e-23,3.591e+2,6.338e-21,5.330e-27,3.444e-20,5.388e-23,1.226e-20,1.505e+3,1.238e-17,2.866e-2,,1.875e+1,2.876e-12,,3.091e+1,6.968e-20,2.258e-19,1.176e-19,1.214e-16,1.877e-17,2.491e-5,3.181e-4,,2.821e-16,,1.056e-17,2.375e-1,1.613e+0,1.373e-17,,9.671e-19,4.614e-17
377.16,2.083e+3,5.612e-21,7.247e-28,7.122e-46,1.879e-35,1.186e-33,,4.589e-19,1.805e-22,,2.511e-15,1.921e-20,3.556e-27,1.308e-17,6.314e-20,1.538e-21,,2.164e-8,,6.347e-11,2.268e-17,6.192e-34,3.525e+1,4.074e+0,4.130e-26,5.875e-1,1.234e-19,9.877e-2,1.144e-23,2.968e+2,6.345e-21,5.320e-27,3.446e-20,5.389e-23,1.227e-20,1.693e+3,3.214e-17,1.736e-2,,1.895e+1,6.635e-12,,3.320e+1,6.977e-20,,1.176e-19,1.224e-16,1.877e-17,1.390e-5,1.797e-4,,7.709e-16,,1.050e-17,2.074e-1,1.085e+0,1.374e-17,,9.665e-19,4.617e-17
377.18,2.172e+3,5.614e-21,7.253e-28,6.967e-46,1.878e-35,1.186e-33,,4.597e-19,1.807e-22,,2.511e-15,1.917e-20,3.552e-27,1.308e-17,6.317e-20,2.598e-21,,1.930e-8,,3.850e-11,2.300e-17,6.187e-34,3.525e+1,3.070e+0,4.131e-26,5.362e-1,1.234e-19,9.713e-2,1.144e-23,2.600e+2,6.350e-21,5.314e-27,3.448e-20,5.390e-23,1.227e-20,1.818e+3,6.032e-17,1.234e-2,,1.904e+1,1.151e-11,,3.489e+1,6.984e-20,,1.176e-19,1.232e-16,1.878e-17,9.357e-6,1.220e-4,,1.497e-15,,1.046e-17,1.883e-1,8.272e-1,1.375e-17,,9.661e-19,4.619e-17
377.21,2.311e+3,5.616e-21,7.264e-28,6.735e-46,1.878e-35,1.185e-33,,4.609e-19,1.809e-22,,2.512e-15,1.910e-20,3.546e-27,1.309e-17,6.322e-20,5.647e-21,,1.612e-8,,1.801e-11,2.348e-17,6.179e-34,3.489e+1,1.989e+0,4.133e-26,4.629e-1,1.234e-19,9.458e-2,1.145e-23,2.114e+2,6.358e-21,5.303e-27,3.450e-20,5.392e-23,1.227e-20,2.004e+3,1.535e-16,7.322e-3,,1.912e+1,2.602e-11,,3.764e+1,6.993e-20,,1.176e-19,1.242e-16,1.878e-17,5.116e-6,6.752e-5,,4.009e-15,,1.040e-17,1.611e-1,5.453e-1,1.376e-17,,9.655e-19,4.623e-17
377.23,2.404e+3,5.617e-21,7.270e-28,6.580e-46,1.878e-35,1.184e-33,,4.616e-19,1.810e-22,,2.512e-15,1.906e-20,3.542e-27,1.309e-17,6.325e-20,9.414e-21,,1.423e-8,,1.078e-11,2.380e-17,6.174e-34,3.443e+1,1.480e+0,4.134e-26,4.169e-1,1.235e-19,9.281e-2,1.146e-23,1.832e+2,6.363e-21,5.297e-27,3.451e-20,5.392e-23,1.227e-20,2.125e+3,2.843e-16,5.136e-3,,1.914e+1,4.454e-11,,3.962e+1,7.000e-20,,1.175e-19,1.250e-16,1.879e-17,3.398e-6,4.521e-5,,7.682e-15,,1.036e-17,1.443e-1,4.102e-1,1.377e-17,,9.651e-19,4.625e-17
377.26,2.541e+3,5.619e-21,7.281e-28,6.348e-46,1.878e-35,1.183e-33,,4.628e-19,1.812e-22,,2.513e-15,1.900e-20,3.536e-27,1.310e-17,6.329e-20,2.006e-20,,1.174e-8,,4.941e-12,2.429e-17,6.166e-34,3.340e+1,9.400e-1,4.136e-26,3.528e-1,1.235e-19,9.007e-2,1.147e-23,1.467e+2,6.370e-21,5.287e-27,3.453e-20,5.394e-23,1.227e-20,2.297e+3,7.094e-16,2.986e-3,,1.910e+1,9.873e-11,,4.278e+1,7.010e-20,,1.175e-19,1.260e-16,1.879e-17,1.820e-6,2.452e-5,,2.017e-14,,1.030e-17,1.210e-1,2.650e-1,1.378e-17,,9.645e-19,4.628e-17
377.28,2.628e+3,5.620e-21,7.287e-28,6.193e-46,1.878e-35,1.182e-33,,4.635e-19,1.814e-22,,2.514e-15,1.896e-20,3.532e-27,1.310e-17,6.333e-20,3.300e-20,,1.031e-8,,2.917e-12,2.461e-17,6.161e-34,3.252e+1,6.900e-1,4.138e-26,3.135e-1,1.235e-19,8.818e-2,1.147e-23,1.259e+2,6.375e-21,5.280e-27,3.455e-20,5.395e-23,1.227e-20,2.404e+3,1.296e-15,2.067e-3,,1.905e+1,1.667e-10,,4.500e+1,7.016e-20,,1.175e-19,1.268e-16,1.880e-17,1.193e-6,1.620e-5,,3.814e-14,,1.027e-17,1.069e-1,1.968e-1,1.379e-17,,9.641e-19,4.631e-17
377.31,2.747e+3,5.622e-21,7.298e-28,5.960e-46,1.877e-35,1.181e-33,,4.647e-19,1.816e-22,,2.514e-15,1.889e-20,3.526e-27,1.310e-17,6.337e-20,6.893e-20,,8.509e-9,,1.310e-12,2.509e-17,6.153e-34,3.092e+1,4.297e-1,4.140e-26,2.600e-1,1.235e-19,8.521e-2,1.148e-23,9.957e+1,6.383e-21,5.270e-27,3.457e-20,5.396e-23,1.227e-20,2.548e+3,3.170e-15,1.178e-3,,1.892e+1,3.623e-10,,4.844e+1,7.026e-20,,1.175e-19,1.278e-16,1.881e-17,6.261e-7,8.609e-6,,9.818e-14,,1.021e-17,8.787e-2,1.246e-1,1.380e-17,,9.635e-19,4.634e-17
377.33,2.816e+3,5.624e-21,7.304e-28,5.805e-46,1.877e-35,1.180e-33,,4.655e-19,1.817e-22,,2.515e-15,1.885e-20,3.522e-27,1.311e-17,6.340e-20,1.119e-19,,7.538e-9,,7.632e-13,2.542e-17,6.148e-34,2.970e+1,3.112e-1,4.141e-26,2.280e-1,1.236e-19,8.316e-2,1.149e-23,8.490e+1,6.388e-21,5.263e-27,3.458e-20,5.397e-23,1.227e-20,2.631e+3,5.717e-15,8.050e-4,,1.882e+1,6.038e-10,,5.080e+1,7.032e-20,,1.175e-19,1.286e-16,1.881e-17,4.047e-7,5.610e-6,,1.832e-13,,1.017e-17,7.658e-2,9.128e-2,1.381e-17,,9.631e-19,4.636e-17
377.36,2.903e+3,5.626e-21,7.315e-28,5.573e-46,1.877e-35,1.179e-33,,4.666e-19,1.819e-22,,2.516e-15,1.879e-20,3.517e-27,1.311e-17,6.345e-20,2.291e-19,,6.428e-9,,3.358e-13,2.590e-17,6.140e-34,2.767e+1,1.900e-1,4.143e-26,1.853e-1,1.236e-19,7.993e-2,1.150e-23,6.669e+1,6.396e-21,5.253e-27,3.460e-20,5.398e-23,1.227e-20,2.735e+3,1.371e-14,4.513e-4,,1.865e+1,1.286e-9,,5.436e+1,7.042e-20,,1.174e-19,1.296e-16,1.882e-17,2.082e-7,2.922e-6,,4.623e-13,,1.011e-17,6.169e-2,5.665e-2,1.382e-17,,9.625e-19,4.640e-17
377.38,2.947e+3,5.627e-21,7.321e-28,5.418e-46,1.877e-35,1.178e-33,,4.674e-19,1.821e-22,,2.516e-15,1.875e-20,3.513e-27,1.312e-17,6.348e-20,3.669e-19,,5.922e-9,,1.930e-13,2.622e-17,6.135e-34,2.623e+1,1.358e-1,4.144e-26,1.603e-1,1.236e-19,7.769e-2,1.150e-23,5.678e+1,6.401e-21,5.246e-27,3.462e-20,5.399e-23,1.227e-20,2.789e+3,2.439e-14,3.062e-4,,1.853e+1,2.115e-9,,5.672e+1,7.048e-20,,1.174e-19,1.304e-16,1.882e-17,1.328e-7,1.878e-6,,8.511e-13,,1.007e-17,5.305e-2,4.095e-2,1.383e-17,,9.621e-19,4.642e-17
377.41,2.991e+3,5.629e-21,7.332e-28,5.186e-46,1.877e-35,1.177e-33,,4.685e-19,1.823e-22,,2.517e-15,1.868e-20,3.507e-27,1.312e-17,6.352e-20,7.364e-19,,5.526e-9,,8.321e-14,2.671e-17,6.127e-34,2.395e+1,8.126e-2,4.146e-26,1.277e-1,1.236e-19,7.418e-2,1.151e-23,4.482e+1,6.408e-21,5.236e-27,3.464e-20,5.401e-23,1.227e-20,2.843e+3,5.733e-14,1.731e-4,,1.837e+1,4.416e-9,,6.020e+1,7.058e-20,,1.174e-19,1.314e-16,1.883e-17,6.691e-8,9.585e-7,,2.105e-12,,1.001e-17,4.188e-2,2.491e-2,1.385e-17,,9.615e-19,4.645e-17
377.43,3.003e+3,5.630e-21,7.338e-28,5.031e-46,1.876e-35,1.176e-33,,4.693e-19,1.824e-22,,2.517e-15,1.864e-20,3.503e-27,1.312e-17,6.356e-20,1.164e-18,,5.518e-9,,4.717e-14,2.703e-17,6.122e-34,2.240e+1,5.732e-2,4.147e-26,1.091e-1,1.236e-19,7.174e-2,1.152e-23,3.851e+1,6.413e-21,5.229e-27,3.465e-20,5.401e-23,1.227e-20,2.861e+3,1.007e-13,1.220e-4,,1.827e+1,7.167e-9,,6.244e+1,7.064e-20,,1.174e-19,1.322e-16,1.883e-17,4.210e-8,6.080e-7,,3.825e-12,,9.975e-18,3.553e-2,1.777e-2,1.385e-17,,9.611e-19,4.648e-17
377.46,2.996e+3,5.632e-21,7.349e-28,4.798e-46,1.876e-35,1.175e-33,,4.705e-19,1.826e-22,,2.518e-15,1.858e-20,3.497e-27,1.313e-17,6.360e-20,2.290e-18,,5.924e-9,,1.993e-14,2.751e-17,6.114e-34,2.006e+1,3.362e-2,4.149e-26,8.515e-2,1.237e-19,6.795e-2,1.153e-23,3.114e+1,6.421e-21,5.219e-27,3.467e-20,5.403e-23,1.227e-20,2.861e+3,2.319e-13,8.216e-5,,1.817e+1,1.467e-8,,6.564e+1,7.074e-20,,1.173e-19,1.333e-16,1.884e-17,2.079e-8,3.040e-7,,9.276e-12,,9.917e-18,2.749e-2,1.059e-2,1.387e-17,,9.606e-19,4.651e-17
377.48,2.974e+3,5.634e-21,7.355e-28,4.643e-46,1.876e-35,1.174e-33,,4.712e-19,1.828e-22,,2.519e-15,1.854e-20,3.493e-27,1.313e-17,6.363e-20,3.571e-18,,6.502e-9,,1.114e-14,2.784e-17,6.109e-34,1.851e+1,2.340e-2,4.150e-26,7.173e-2,1.237e-19,6.534e-2,1.153e-23,2.741e+1,6.426e-21,5.212e-27,3.468e-20,5.404e-23,1.227e-20,2.842e+3,4.019e-13,7.432e-5,,1.813e+1,2.349e-8,,6.764e+1,7.081e-20,,1.173e-19,1.340e-16,1.884e-17,1.290e-8,1.902e-7,,1.663e-11,,9.879e-18,2.301e-2,7.455e-3,1.387e-17,,9.602e-19,4.653e-17
377.5,2.939e+3,5.635e-21,7.362e-28,4.488e-46,1.876e-35,1.174e-33,,4.720e-19,1.829e-22,,2.519e-15,1.850e-20,3.489e-27,1.314e-17,6.366e-20,5.541e-18,,7.354e-9,,6.198e-15,2.816e-17,6.104e-34,1.700e+1,1.620e-2,4.152e-26,6.010e-2,1.237e-19,6.268e-2,1.154e-23,2.448e+1,6.431e-21,5.206e-27,3.470e-20,5.405e-23,1.227e-20,2.810e+3,6.928e-13,7.971e-5,,1.812e+1,3.741e-8,,6.952e+1,7.087e-20,,1.173e-19,1.347e-16,1.885e-17,7.965e-9,1.184e-7,,2.967e-11,,9.840e-18,1.916e-2,5.219e-3,1.388e-17,,9.598e-19,4.656e-17
377.53,2.861e+3,5.637e-21,7.372e-28,4.256e-46,1.876e-35,1.172e-33,,4.732e-19,1.831e-22,,2.520e-15,1.843e-20,3.483e-27,1.314e-17,6.371e-20,1.060e-17,,9.217e-9,,2.545e-15,2.864e-17,6.096e-34,1.481e+1,9.240e-3,4.154e-26,4.563e-2,1.237e-19,5.859e-2,1.155e-23,2.133e+1,6.438e-21,5.195e-27,3.472e-20,5.406e-23,1.227e-20,2.735e+3,1.552e-12,1.150e-4,,1.818e+1,7.447e-8,,7.210e+1,7.097e-20,,1.173e-19,1.358e-16,1.886e-17,3.824e-9,5.754e-8,,6.996e-11,,9.782e-18,1.441e-2,3.026e-3,1.390e-17,,9.592e-19,4.659e-17
377.55,2.794e+3,5.638e-21,7.379e-28,4.101e-46,1.875e-35,1.172e-33,,4.739e-19,1.833e-22,,2.520e-15,1.839e-20,3.479e-27,1.314e-17,6.374e-20,1.623e-17,,1.090e-8,,1.396e-15,2.897e-17,6.091e-34,1.343e+1,6.312e-3,4.155e-26,3.772e-2,1.238e-19,5.582e-2,1.156e-23,1.991e+1,6.443e-21,5.189e-27,3.473e-20,5.407e-23,1.227e-20,2.669e+3,2.640e-12,1.620e-4,,1.827e+1,1.170e-7,,7.363e+1,7.103e-20,,1.173e-19,1.365e-16,1.886e-17,2.328e-9,3.533e-8,,1.231e-10,,9.743e-18,1.183e-2,2.090e-3,1.390e-17,,9.588e-19,4.661e-17
377.58,2.673e+3,5.640e-21,7.389e-28,3.868e-46,1.875e-35,1.171e-33,,4.751e-19,1.835e-22,,2.521e-15,1.833e-20,3.474e-27,1.315e-17,6.379e-20,3.043e-17,,1.422e-8,,5.618e-16,2.945e-17,6.083e-34,1.150e+1,3.528e-3,4.157e-26,2.807e-2,1.238e-19,5.165e-2,1.156e-23,1.858e+1,6.451e-21,5.179e-27,3.475e-20,5.408e-23,1.227e-20,2.549e+3,5.799e-12,2.855e-4,,1.848e+1,2.284e-7,,7.568e+1,7.113e-20,,1.172e-19,1.376e-16,1.887e-17,1.095e-9,1.682e-8,,2.846e-10,,9.685e-18,8.722e-3,1.187e-3,1.392e-17,,9.582e-19,4.665e-17
377.6,2.581e+3,5.642e-21,7.396e-28,3.714e-46,1.875e-35,1.170e-33,,4.759e-19,1.836e-22,,2.522e-15,1.829e-20,3.470e-27,1.315e-17,6.382e-20,4.597e-17,,1.702e-8,,3.041e-16,2.977e-17,6.078e-34,1.032e+1,2.378e-3,4.158e-26,2.290e-2,1.238e-19,4.886e-2,1.157e-23,1.811e+1,6.456e-21,5.172e-27,3.477e-20,5.409e-23,1.227e-20,2.457e+3,9.733e-12,4.209e-4,,1.869e+1,3.542e-7,,7.686e+1,7.119e-20,,1.172e-19,1.383e-16,1.887e-17,6.580e-10,1.019e-8,,4.944e-10,,9.646e-18,7.069e-3,8.093e-4,1.393e-17,,9.578e-19,4.667e-17
377.63,2.427e+3,5.644e-21,7.406e-28,3.481e-46,1.875e-35,1.169e-33,,4.770e-19,1.838e-22,,2.522e-15,1.822e-20,3.464e-27,1.316e-17,6.386e-20,8.451e-17,,2.228e-8,,1.199e-16,3.026e-17,6.070e-34,8.720e+0,1.303e-3,4.160e-26,1.670e-2,1.238e-19,4.471e-2,1.158e-23,1.788e+1,6.464e-21,5.162e-27,3.479e-20,5.411e-23,1.227e-20,2.302e+3,2.096e-11,7.520e-4,,1.910e+1,6.774e-7,,7.840e+1,7.129e-20,,1.172e-19,1.394e-16,1.888e-17,3.033e-10,4.755e-9,,1.120e-9,,9.588e-18,5.105e-3,4.507e-4,1.394e-17,,9.572e-19,4.670e-17
377.65,2.316e+3,5.645e-21,7.413e-28,3.326e-46,1.875e-35,1.168e-33,,4.778e-19,1.840e-22,,2.523e-15,1.818e-20,3.460e-27,1.316e-17,6.389e-20,1.260e-16,,2.658e-8,,6.402e-17,3.058e-17,6.065e-34,7.775e+0,8.667e-4,4.161e-26,1.344e-2,1.239e-19,4.199e-2,1.159e-23,1.796e+1,6.469e-21,5.155e-27,3.480e-20,5.411e-23,1.227e-20,2.191e+3,3.471e-11,1.102e-3,,1.944e+1,1.037e-6,,7.928e+1,7.135e-20,,1.172e-19,1.401e-16,1.888e-17,1.797e-10,2.841e-9,,1.920e-9,,9.549e-18,4.082e-3,3.031e-4,1.395e-17,,9.568e-19,4.673e-17
377.68,2.141e+3,5.647e-21,7.423e-28,3.094e-46,1.874e-35,1.167e-33,,4.789e-19,1.842e-22,,2.524e-15,1.812e-20,3.454e-27,1.317e-17,6.394e-20,2.270e-16,,3.441e-8,,2.473e-17,3.106e-17,6.058e-34,6.547e+0,4.654e-4,4.163e-26,9.608e-3,1.239e-19,3.802e-2,1.159e-23,1.832e+1,6.476e-21,5.145e-27,3.482e-20,5.413e-23,1.227e-20,2.015e+3,7.326e-11,1.938e-3,,2.005e+1,1.944e-6,,8.041e+1,7.145e-20,,1.172e-19,1.412e-16,1.889e-17,8.118e-11,1.299e-9,,4.266e-9,,9.491e-18,2.890e-3,1.655e-4,1.396e-17,,9.562e-19,4.676e-17
377.7,2.021e+3,5.648e-21,7.430e-28,2.939e-46,1.874e-35,1.166e-33,,4.797e-19,1.843e-22,,2.524e-15,1.808e-20,3.450e-27,1.317e-17,6.397e-20,3.339e-16,,4.064e-8,,1.303e-17,3.139e-17,6.052e-34,5.860e+0,3.054e-4,4.165e-26,7.630e-3,1.239e-19,3.547e-2,1.160e-23,1.866e+1,6.481e-21,5.138e-27,3.484e-20,5.414e-23,1.227e-20,1.895e+3,1.197e-10,2.806e-3,,2.054e+1,2.936e-6,,8.107e+1,7.152e-20,,1.171e-19,1.419e-16,1.889e-17,4.747e-11,7.659e-10,,7.215e-9,,9.452e-18,2.280e-3,1.098e-4,1.397e-17,,9.558e-19,4.678e-17
377.73,1.838e+3,5.650e-21,7.440e-28,2.706e-46,1.874e-35,1.165e-33,,4.809e-19,1.846e-22,,2.525e-15,1.802e-20,3.444e-27,1.317e-17,6.402e-20,5.898e-16,,5.171e-8,,4.931e-18,3.187e-17,6.045e-34,5.032e+0,1.608e-4,4.166e-26,5.346e-3,1.239e-19,3.181e-2,1.161e-23,1.924e+1,6.489e-21,5.128e-27,3.486e-20,5.415e-23,1.227e-20,1.711e+3,2.478e-10,4.840e-3,,2.137e+1,5.395e-6,,8.195e+1,7.161e-20,,1.171e-19,1.430e-16,1.890e-17,2.101e-11,3.432e-10,,1.571e-8,,9.394e-18,1.582e-3,5.882e-5,1.398e-17,,9.552e-19,4.682e-17
377.75,1.717e+3,5.651e-21,7.447e-28,2.551e-46,1.874e-35,1.164e-33,,4.816e-19,1.847e-22,,2.526e-15,1.797e-20,3.440e-27,1.318e-17,6.405e-20,8.562e-16,,6.035e-8,,2.562e-18,3.219e-17,6.039e-34,4.618e+0,1.041e-4,4.168e-26,4.190e-3,1.240e-19,2.950e-2,1.162e-23,1.965e+1,6.494e-21,5.121e-27,3.487e-20,5.416e-23,1.227e-20,1.588e+3,3.996e-10,6.915e-3,,2.200e+1,8.040e-6,,8.250e+1,7.168e-20,,1.171e-19,1.437e-16,1.891e-17,1.212e-11,1.996e-10,,2.622e-8,,9.356e-18,1.232e-3,3.859e-5,1.399e-17,,9.548e-19,4.684e-17
377.78,1.539e+3,5.653e-21,7.457e-28,2.319e-46,1.874e-35,1.163e-33,,4.828e-19,1.849e-22,,2.526e-15,1.791e-20,3.434e-27,1.318e-17,6.409e-20,1.482e-15,,7.534e-8,,9.503e-19,3.268e-17,6.032e-34,4.213e+0,5.370e-5,4.170e-26,2.877e-3,1.240e-19,2.628e-2,1.162e-23,2.025e+1,6.501e-21,5.111e-27,3.489e-20,5.417e-23,1.227e-20,1.408e+3,8.105e-10,1.169e-2,,2.306e+1,1.448e-5,,8.331e+1,7.177e-20,,1.171e-19,1.448e-16,1.891e-17,5.255e-12,8.763e-11,,5.599e-8,,9.297e-18,8.387e-4,2.044e-5,1.400e-17,,9.542e-19,4.687e-17
377.8,1.424e+3,5.655e-21,7.464e-28,2.164e-46,1.873e-35,1.162e-33,,4.835e-19,1.850e-22,,2.527e-15,1.787e-20,3.431e-27,1.319e-17,6.412e-20,2.123e-15,,8.679e-8,,4.872e-19,3.300e-17,6.026e-34,4.093e+0,3.431e-5,4.171e-26,2.225e-3,1.240e-19,2.430e-2,1.163e-23,2.063e+1,6.507e-21,5.104e-27,3.491e-20,5.418e-23,1.227e-20,1.292e+3,1.290e-9,1.648e-2,,2.383e+1,2.130e-5,,8.387e+1,7.184e-20,,1.171e-19,1.455e-16,1.892e-17,2.990e-12,5.028e-11,,9.221e-8,,9.259e-18,6.456e-4,1.346e-5,1.401e-17,,9.538e-19,4.689e-17
377.83,1.260e+3,5.657e-21,7.474e-28,1.932e-46,1.873e-35,1.161e-33,,4.847e-19,1.853e-22,,2.528e-15,1.781e-20,3.425e-27,1.319e-17,6.417e-20,3.604e-15,,1.063e-7,,1.770e-19,3.348e-17,6.019e-34,4.148e+0,1.734e-5,4.173e-26,1.497e-3,1.240e-19,2.162e-2,1.164e-23,2.114e+1,6.514e-21,5.094e-27,3.493e-20,5.420e-23,1.227e-20,1.125e+3,2.565e-9,2.732e-2,,2.509e+1,3.761e-5,,8.479e+1,7.194e-20,,1.170e-19,1.466e-16,1.892e-17,1.271e-12,2.163e-11,,1.930e-7,,9.201e-18,4.333e-4,7.572e-6,1.402e-17,,9.532e-19,4.693e-17
377.85,1.157e+3,5.658e-21,7.481e-28,1.777e-46,1.873e-35,1.160e-33,,4.855e-19,1.854e-22,,2.528e-15,1.776e-20,3.421e-27,1.320e-17,6.420e-20,5.094e-15,,1.208e-7,,8.954e-20,3.380e-17,6.014e-34,4.353e+0,1.093e-5,4.174e-26,1.142e-3,1.241e-19,2.004e-2,1.165e-23,2.145e+1,6.519e-21,5.087e-27,3.494e-20,5.420e-23,1.227e-20,1.020e+3,4.028e-9,3.801e-2,,2.599e+1,5.458e-5,,8.547e+1,7.200e-20,,1.170e-19,1.473e-16,1.893e-17,7.133e-13,1.224e-11,,3.136e-7,,9.162e-18,3.318e-4,5.658e-6,1.403e-17,,9.528e-19,4.695e-17
377.87,1.060e+3,5.659e-21,7.488e-28,1.622e-46,1.873e-35,1.160e-33,,4.862e-19,1.855e-22,,2.529e-15,1.772e-20,3.417e-27,1.320e-17,6.423e-20,7.162e-15,,1.366e-7,,4.504e-20,3.413e-17,6.008e-34,4.703e+0,6.855e-6,4.175e-26,8.670e-4,1.241e-19,1.863e-2,1.165e-23,2.173e+1,6.524e-21,5.081e-27,3.496e-20,5.421e-23,1.227e-20,9.207e+2,6.294e-9,5.260e-2,,2.694e+1,7.879e-5,,8.622e+1,7.207e-20,,1.170e-19,1.480e-16,1.893e-17,3.983e-13,6.893e-12,,5.071e-7,,9.123e-18,2.550e-4,4.901e-6,1.404e-17,,9.524e-19,4.697e-17
377.9,9.265e+2,5.661e-21,7.498e-28,1.389e-46,1.873e-35,1.159e-33,,4.874e-19,1.858e-22,,2.529e-15,1.766e-20,3.411e-27,1.320e-17,6.428e-20,1.182e-14,,1.626e-7,,1.591e-20,3.461e-17,6.001e-34,5.521e+0,3.370e-6,4.177e-26,5.674e-4,1.241e-19,1.686e-2,1.166e-23,2.216e+1,6.532e-21,5.071e-27,3.498e-20,5.423e-23,1.227e-20,7.828e+2,1.217e-8,8.479e-2,,2.841e+1,1.353e-4,,8.752e+1,7.216e-20,,1.170e-19,1.491e-16,1.894e-17,1.645e-13,2.882e-12,,1.032e-6,,9.065e-18,1.758e-4,5.665e-6,1.405e-17,,9.518e-19,4.701e-17
377.92,8.457e+2,5.663e-21,7.505e-28,1.234e-46,1.872e-35,1.158e-33,,4.882e-19,1.859e-22,,2.530e-15,1.762e-20,3.407e-27,1.321e-17,6.431e-20,1.640e-14,,1.814e-7,,1.589e-20,3.493e-17,5.995e-34,6.280e+0,2.085e-6,4.179e-26,4.249e-4,1.241e-19,1.591e-2,1.167e-23,2.247e+1,6.537e-21,5.064e-27,3.499e-20,5.424e-23,1.227e-20,6.989e+2,1.876e-8,1.158e-1,,2.943e+1,1.927e-4,,8.850e+1,7.223e-20,,1.170e-19,1.498e-16,1.894e-17,9.061e-14,1.601e-12,,1.647e-6,,9.026e-18,1.419e-4,7.565e-6,1.406e-17,,9.514e-19,4.703e-17
377.95,7.373e+2,5.665e-21,7.515e-28,1.002e-46,1.872e-35,1.157e-33,,4.893e-19,1.861e-22,,2.531e-15,1.756e-20,3.401e-27,1.321e-17,6.435e-20,2.653e-14,,2.117e-7,,1.588e-20,3.542e-17,5.988e-34,7.776e+0,1.004e-6,4.181e-26,2.725e-4,1.242e-19,1.487e-2,1.168e-23,2.301e+1,6.544e-21,5.054e-27,3.501e-20,5.425e-23,1.227e-20,5.852e+2,3.556e-8,1.829e-1,,3.100e+1,3.244e-4,,9.017e+1,7.232e-20,,1.169e-19,1.509e-16,1.895e-17,3.667e-14,6.558e-13,,3.285e-6,,8.968e-18,1.138e-4,1.335e-5,1.407e-17,,9.508e-19,4.706e-17
377.97,6.738e+2,5.666e-21,7.522e-28,8.470e-47,1.872e-35,1.156e-33,,4.901e-19,1.862e-22,,2.531e-15,1.751e-20,3.397e-27,1.322e-17,6.438e-20,3.632e-14,,2.331e-7,,1.587e-20,3.574e-17,5.982e-34,9.035e+0,6.129e-7,4.182e-26,2.014e-4,1.242e-19,1.443e-2,1.168e-23,2.348e+1,6.549e-21,5.047e-27,3.502e-20,5.426e-23,1.227e-20,5.175e+2,5.410e-8,2.465e-1,,3.205e+1,4.560e-4,,9.141e+1,7.239e-20,,1.169e-19,1.516e-16,1.896e-17,1.993e-14,3.593e-13,,5.172e-6,,8.929e-18,1.082e-4,2.015e-5,1.408e-17,,9.504e-19,4.709e-17
378,5.915e+2,5.668e-21,7.532e-28,6.146e-47,1.872e-35,1.155e-33,,4.912e-19,1.865e-22,,2.532e-15,1.745e-20,3.391e-27,1.322e-17,6.443e-20,5.761e-14,,2.666e-7,,1.585e-20,3.622e-17,5.975e-34,1.136e+1,2.894e-7,4.184e-26,1.266e-4,1.242e-19,1.417e-2,1.169e-23,2.442e+1,6.557e-21,5.037e-27,3.505e-20,5.427e-23,1.227e-20,4.282e+2,1.005e-7,3.818e-1,,3.363e+1,7.524e-4,,9.347e+1,7.249e-20,,1.169e-19,1.527e-16,1.896e-17,7.903e-15,1.443e-13,,1.012e-5,,8.871e-18,1.184e-4,3.767e-5,1.409e-17,,9.498e-19,4.712e-17
378.02,5.452e+2,5.669e-21,7.539e-28,1.221e-46,1.872e-35,1.154e-33,,4.920e-19,1.866e-22,,2.532e-15,1.741e-20,3.387e-27,1.322e-17,6.446e-20,7.783e-14,,2.897e-7,,1.584e-20,3.655e-17,5.970e-34,1.323e+1,1.743e-7,4.185e-26,9.230e-5,1.242e-19,1.427e-2,1.170e-23,2.526e+1,6.562e-21,5.030e-27,3.506e-20,5.428e-23,1.227e-20,3.765e+2,1.509e-7,5.078e-1,,3.468e+1,1.044e-3,,9.496e+1,7.255e-20,,1.169e-19,1.534e-16,1.897e-17,4.237e-15,7.799e-14,,1.572e-5,,8.832e-18,1.383e-4,5.705e-5,1.410e-17,,9.494e-19,4.714e-17
378.05,4.882e+2,5.671e-21,7.549e-28,3.387e-46,1.871e-35,1.153e-33,,4.932e-19,1.868e-22,,2.533e-15,1.735e-20,3.382e-27,1.323e-17,6.451e-20,1.210e-13,,3.247e-7,,1.582e-20,3.703e-17,5.962e-34,1.656e+1,8.064e-8,4.187e-26,5.688e-5,1.243e-19,1.482e-2,1.171e-23,2.696e+1,6.570e-21,5.020e-27,3.508e-20,5.430e-23,1.227e-20,3.103e+2,2.749e-7,7.710e-1,,3.621e+1,1.688e-3,,9.734e+1,7.265e-20,,1.168e-19,1.545e-16,1.897e-17,1.646e-15,3.068e-14,,3.013e-5,,8.774e-18,1.910e-4,1.055e-4,1.411e-17,,9.488e-19,4.718e-17
378.07,4.583e+2,5.673e-21,7.556e-28,6.642e-46,1.871e-35,1.152e-33,,4.939e-19,1.870e-22,,2.534e-15,1.730e-20,3.378e-27,1.323e-17,6.454e-20,1.613e-13,,3.481e-7,,1.581e-20,3.735e-17,5.957e-34,1.917e+1,4.792e-8,4.188e-26,4.092e-5,1.243e-19,1.548e-2,1.171e-23,2.846e+1,6.575e-21,5.013e-27,3.509e-20,5.430e-23,1.227e-20,2.735e+2,4.072e-7,1.012e+0,,3.720e+1,2.310e-3,,9.901e+1,7.271e-20,,1.168e-19,1.552e-16,1.898e-17,8.707e-16,1.636e-14,,4.619e-5,,8.736e-18,2.447e-4,1.579e-4,1.412e-17,,9.484e-19,4.720e-17
378.1,4.252e+2,5.675e-21,7.566e-28,1.806e-45,1.871e-35,1.151e-33,,4.951e-19,1.872e-22,,2.534e-15,1.724e-20,3.372e-27,1.324e-17,6.458e-20,2.458e-13,,3.825e-7,,1.579e-20,3.784e-17,5.949e-34,2.369e+1,2.173e-8,4.190e-26,2.471e-5,1.243e-19,1.689e-2,1.172e-23,3.136e+1,6.582e-21,5.003e-27,3.511e-20,5.432e-23,1.227e-20,2.284e+2,7.271e-7,1.506e+0,,3.864e+1,3.663e-3,,1.016e+2,7.281e-20,,1.168e-19,1.563e-16,1.899e-17,3.315e-16,6.307e-15,,8.682e-5,,8.678e-18,3.615e-4,2.863e-4,1.414e-17,,9.479e-19,4.723e-17
378.12,4.107e+2,5.676e-21,7.573e-28,3.495e-45,1.871e-35,1.150e-33,,4.958e-19,1.873e-22,,2.535e-15,1.720e-20,3.368e-27,1.324e-17,6.461e-20,3.234e-13,,4.046e-7,,1.578e-20,3.816e-17,5.944e-34,2.714e+1,1.274e-8,4.192e-26,1.754e-5,1.243e-19,1.812e-2,1.173e-23,3.382e+1,6.587e-21,4.996e-27,3.513e-20,5.433e-23,1.227e-20,2.048e+2,1.063e-6,1.950e+0,,3.957e+1,4.947e-3,,1.033e+2,7.287e-20,,1.168e-19,1.570e-16,1.899e-17,1.730e-16,3.318e-15,,1.314e-4,,8.639e-18,4.704e-4,4.231e-4,1.414e-17,,9.475e-19,4.726e-17
378.15,3.999e+2,5.678e-21,7.583e-28,9.317e-45,1.871e-35,1.149e-33,,4.970e-19,1.875e-22,,2.536e-15,1.714e-20,3.362e-27,1.325e-17,6.466e-20,4.832e-13,,4.357e-7,,1.576e-20,3.864e-17,5.936e-34,3.300e+1,5.662e-9,4.193e-26,1.039e-5,1.244e-19,2.041e-2,1.174e-23,3.843e+1,6.595e-21,4.986e-27,3.515e-20,5.434e-23,1.227e-20,1.788e+2,1.860e-6,2.846e+0,,4.091e+1,7.689e-3,,1.059e+2,7.297e-20,,1.168e-19,1.581e-16,1.900e-17,6.454e-17,1.253e-15,,2.420e-4,,8.581e-18,6.957e-4,7.522e-4,1.416e-17,,9.469e-19,4.729e-17
378.17,3.999e+2,5.679e-21,7.590e-28,1.779e-44,1.870e-35,1.148e-33,,4.978e-19,1.877e-22,,2.536e-15,1.710e-20,3.358e-27,1.325e-17,6.469e-20,6.273e-13,,4.548e-7,,1.575e-20,3.897e-17,5.931e-34,3.738e+1,3.275e-9,4.195e-26,7.274e-6,1.244e-19,2.225e-2,1.174e-23,4.219e+1,6.600e-21,4.979e-27,3.516e-20,5.435e-23,1.227e-20,1.673e+2,2.684e-6,3.637e+0,,4.177e+1,1.025e-2,,1.076e+2,7.303e-20,,1.167e-19,1.588e-16,1.900e-17,3.322e-17,6.505e-16,,3.613e-4,,8.542e-18,8.991e-4,1.097e-3,1.416e-17,,9.465e-19,4.731e-17
378.2,4.104e+2,5.681e-21,7.600e-28,4.651e-44,1.870e-35,1.147e-33,,4.989e-19,1.879e-22,,2.537e-15,1.703e-20,3.352e-27,1.325e-17,6.474e-20,9.187e-13,,4.801e-7,,1.573e-20,3.945e-17,5.923e-34,4.468e+1,1.427e-9,4.197e-26,4.221e-6,1.244e-19,2.546e-2,1.175e-23,4.898e+1,6.607e-21,4.969e-27,3.518e-20,5.436e-23,1.227e-20,1.586e+2,4.605e-6,5.203e+0,,4.303e+1,1.561e-2,,1.099e+2,7.313e-20,,1.167e-19,1.599e-16,1.901e-17,1.215e-17,2.408e-16,,6.526e-4,,8.484e-18,1.310e-3,1.912e-3,1.418e-17,,9.459e-19,4.735e-17
378.22,4.244e+2,5.683e-21,7.607e-28,8.766e-44,1.870e-35,1.147e-33,,4.997e-19,1.880e-22,,2.537e-15,1.699e-20,3.348e-27,1.326e-17,6.477e-20,1.177e-12,,4.944e-7,,1.572e-20,3.977e-17,5.918e-34,5.003e+1,8.142e-10,4.198e-26,2.917e-6,1.244e-19,2.791e-2,1.176e-23,5.434e+1,6.612e-21,4.963e-27,3.520e-20,5.437e-23,1.227e-20,1.583e+2,6.556e-6,6.562e+0,,4.387e+1,2.053e-2,,1.113e+2,7.320e-20,,1.167e-19,1.606e-16,1.901e-17,6.168e-18,1.233e-16,,9.615e-4,,8.445e-18,1.672e-3,2.751e-3,1.419e-17,,9.455e-19,4.737e-17
378.24,4.439e+2,5.684e-21,7.614e-28,1.643e-43,1.870e-35,1.146e-33,,5.005e-19,1.882e-22,,2.538e-15,1.695e-20,3.344e-27,1.326e-17,6.480e-20,1.500e-12,,5.064e-7,,1.571e-20,4.009e-17,5.913e-34,5.576e+1,4.622e-10,4.199e-26,2.005e-6,1.245e-19,3.063e-2,1.176e-23,6.042e+1,6.617e-21,4.956e-27,3.521e-20,5.438e-23,1.227e-20,1.623e+2,9.284e-6,8.233e+0,,4.470e+1,2.686e-2,,1.125e+2,7.326e-20,,1.167e-19,1.613e-16,1.902e-17,3.115e-18,6.278e-17,,1.409e-3,,8.406e-18,2.125e-3,3.937e-3,1.419e-17,,9.451e-19,4.739e-17
378.27,4.835e+2,5.686e-21,7.624e-28,4.178e-43,1.870e-35,1.145e-33,,5.016e-19,1.884e-22,,2.539e-15,1.689e-20,3.339e-27,1.327e-17,6.484e-20,2.137e-12,,5.198e-7,,1.569e-20,4.058e-17,5.905e-34,6.504e+1,1.957e-10,4.201e-26,1.131e-6,1.245e-19,3.521e-2,1.177e-23,7.095e+1,6.625e-21,4.946e-27,3.523e-20,5.439e-23,1.227e-20,1.761e+2,1.549e-5,1.146e+1,,4.597e+1,3.979e-2,,1.139e+2,7.336e-20,,1.167e-19,1.624e-16,1.902e-17,1.107e-18,2.259e-17,,2.475e-3,,8.348e-18,3.013e-3,6.673e-3,1.421e-17,,9.445e-19,4.743e-17
378.29,5.168e+2,5.687e-21,7.631e-28,7.730e-43,1.869e-35,1.144e-33,,5.024e-19,1.885e-22,,2.539e-15,1.684e-20,3.335e-27,1.327e-17,6.488e-20,2.687e-12,,5.254e-7,,1.568e-20,4.090e-17,5.900e-34,7.166e+1,1.096e-10,4.202e-26,7.674e-7,1.245e-19,3.862e-2,1.178e-23,7.894e+1,6.630e-21,4.939e-27,3.525e-20,5.440e-23,1.227e-20,1.906e+2,2.165e-5,1.419e+1,,4.684e+1,5.137e-2,,1.145e+2,7.342e-20,,1.166e-19,1.631e-16,1.903e-17,1.106e-18,1.135e-17,,3.579e-3,,8.309e-18,3.778e-3,9.424e-3,1.422e-17,,9.441e-19,4.745e-17
378.32,5.773e+2,5.689e-21,7.641e-28,1.926e-42,1.869e-35,1.143e-33,,5.035e-19,1.887e-22,,2.540e-15,1.678e-20,3.329e-27,1.327e-17,6.492e-20,3.753e-12,,5.286e-7,,1.567e-20,4.139e-17,5.892e-34,8.216e+1,4.549e-11,4.204e-26,4.244e-7,1.245e-19,4.429e-2,1.179e-23,9.241e+1,6.638e-21,4.929e-27,3.527e-20,5.442e-23,1.227e-20,2.201e+2,3.540e-5,1.935e+1,,4.820e+1,7.460e-2,,1.149e+2,7.352e-20,,1.166e-19,1.642e-16,1.904e-17,1.106e-18,1.134e-17,,6.163e-3,,8.251e-18,5.252e-3,1.566e-2,1.423e-17,,9.435e-19,4.748e-17
378.34,6.246e+2,5.691e-21,7.648e-28,3.518e-42,1.869e-35,1.142e-33,,5.043e-19,1.889e-22,,2.540e-15,1.674e-20,3.325e-27,1.328e-17,6.495e-20,4.659e-12,,5.271e-7,,1.565e-20,4.171e-17,5.887e-34,8.950e+1,2.514e-11,4.206e-26,2.840e-7,1.246e-19,4.846e-2,1.179e-23,1.024e+2,6.643e-21,4.922e-27,3.528e-20,5.443e-23,1.227e-20,2.450e+2,4.882e-5,2.365e+1,,4.916e+1,9.504e-2,,1.148e+2,7.358e-20,,1.166e-19,1.649e-16,1.904e-17,1.105e-18,1.133e-17,,8.795e-3,,8.213e-18,6.498e-3,2.183e-2,1.424e-17,,9.431e-19,4.751e-17
378.37,7.062e+2,5.693e-21,7.658e-28,8.595e-42,1.869e-35,1.141e-33,,5.055e-19,1.891e-22,,2.541e-15,1.668e-20,3.319e-27,1.328e-17,6.500e-20,6.379e-12,,5.198e-7,,1.564e-20,4.219e-17,5.879e-34,1.009e+2,1.023e-11,4.208e-26,1.540e-7,1.246e-19,5.536e-2,1.180e-23,1.187e+2,6.650e-21,4.912e-27,3.530e-20,5.444e-23,1.227e-20,2.901e+2,7.828e-5,3.164e+1,,5.070e+1,1.353e-1,,1.139e+2,7.368e-20,,1.166e-19,1.660e-16,1.905e-17,1.105e-18,1.132e-17,,1.485e-2,,8.154e-18,8.856e-3,3.555e-2,1.425e-17,,9.425e-19,4.754e-17
378.39,7.676e+2,5.694e-21,7.665e-28,1.549e-41,1.869e-35,1.140e-33,,5.062e-19,1.892e-22,,2.542e-15,1.664e-20,3.315e-27,1.329e-17,6.503e-20,7.815e-12,,5.115e-7,,1.563e-20,4.251e-17,5.874e-34,1.087e+2,5.575e-12,4.209e-26,1.017e-7,1.246e-19,6.041e-2,1.181e-23,1.304e+2,6.655e-21,4.905e-27,3.532e-20,5.445e-23,1.227e-20,3.253e+2,1.065e-4,3.817e+1,,5.178e+1,1.701e-1,,1.129e+2,7.374e-20,,1.166e-19,1.667e-16,1.905e-17,1.104e-18,1.132e-17,,2.091e-2,,8.116e-18,1.081e-2,4.890e-2,1.426e-17,,9.421e-19,4.756e-17
378.42,8.700e+2,5.696e-21,7.675e-28,3.710e-41,1.868e-35,1.139e-33,,5.074e-19,1.894e-22,,2.542e-15,1.657e-20,3.309e-27,1.329e-17,6.507e-20,1.049e-11,,4.944e-7,,1.561e-20,4.300e-17,5.866e-34,1.205e+2,2.222e-12,4.211e-26,5.402e-8,1.246e-19,6.872e-2,1.182e-23,1.492e+2,6.663e-21,4.895e-27,3.534e-20,5.446e-23,1.227e-20,3.856e+2,1.674e-4,5.008e+1,,5.351e+1,2.373e-1,,1.107e+2,7.384e-20,,1.165e-19,1.678e-16,1.906e-17,1.104e-18,1.131e-17,,3.459e-2,,8.058e-18,1.445e-2,7.808e-2,1.427e-17,,9.415e-19,4.760e-17
378.44,9.450e+2,5.697e-21,7.682e-28,6.598e-41,1.868e-35,1.138e-33,,5.082e-19,1.896e-22,,2.543e-15,1.653e-20,3.305e-27,1.329e-17,6.511e-20,1.269e-11,,4.801e-7,,1.560e-20,4.332e-17,5.861e-34,1.284e+2,1.196e-12,4.212e-26,3.520e-8,1.247e-19,7.478e-2,1.182e-23,1.624e+2,6.668e-21,4.888e-27,3.535e-20,5.447e-23,1.227e-20,4.306e+2,2.248e-4,5.963e+1,,5.472e+1,2.944e-1,,1.087e+2,7.391e-20,,1.165e-19,1.685e-16,1.906e-17,1.103e-18,1.130e-17,,4.808e-2,,8.019e-18,1.741e-2,1.060e-1,1.428e-17,,9.411e-19,4.762e-17
378.47,1.067e+3,5.699e-21,7.692e-28,1.549e-40,1.868e-35,1.137e-33,,5.093e-19,1.898e-22,,2.544e-15,1.647e-20,3.299e-27,1.330e-17,6.515e-20,1.671e-11,,4.548e-7,,1.558e-20,4.380e-17,5.853e-34,1.401e+2,4.670e-13,4.214e-26,1.833e-8,1.247e-19,8.471e-2,1.183e-23,1.829e+2,6.675e-21,4.878e-27,3.537e-20,5.449e-23,1.227e-20,5.049e+2,3.464e-4,7.674e+1,,5.661e+1,4.026e-1,,1.050e+2,7.400e-20,,1.165e-19,1.696e-16,1.907e-17,1.102e-18,1.129e-17,,7.798e-2,,7.961e-18,2.280e-2,1.659e-1,1.429e-17,,9.405e-19,4.765e-17
378.49,1.154e+3,5.701e-21,7.699e-28,2.719e-40,1.868e-35,1.136e-33,,5.101e-19,1.899e-22,,2.544e-15,1.643e-20,3.296e-27,1.330e-17,6.518e-20,1.994e-11,,4.357e-7,,1.557e-20,4.413e-17,5.848e-34,1.477e+2,2.479e-13,4.215e-26,1.179e-8,1.247e-19,9.192e-2,1.184e-23,1.969e+2,6.680e-21,4.871e-27,3.539e-20,5.449e-23,1.227e-20,5.586e+2,4.590e-4,9.021e+1,,5.791e+1,4.928e-1,,1.021e+2,7.407e-20,,1.165e-19,1.703e-16,1.907e-17,1.102e-18,1.128e-17,,1.069e-1,,7.922e-18,2.711e-2,2.221e-1,1.430e-17,,9.401e-19,4.768e-17
378.52,1.293e+3,5.703e-21,7.709e-28,6.261e-40,1.868e-35,1.135e-33,,5.112e-19,1.901e-22,,2.545e-15,1.636e-20,3.290e-27,1.331e-17,6.523e-20,2.576e-11,,4.046e-7,,1.555e-20,4.461e-17,5.840e-34,1.586e+2,9.482e-14,4.217e-26,6.030e-9,1.247e-19,1.037e-1,1.185e-23,2.180e+2,6.688e-21,4.861e-27,3.541e-20,5.451e-23,1.227e-20,6.445e+2,6.933e-4,1.139e+2,,5.988e+1,6.608e-1,,9.717e+1,7.416e-20,,1.165e-19,1.714e-16,1.908e-17,1.101e-18,1.128e-17,,1.701e-1,,7.864e-18,3.482e-2,3.409e-1,1.431e-17,,9.395e-19,4.771e-17
378.54,1.391e+3,5.704e-21,7.716e-28,1.084e-39,1.867e-35,1.135e-33,,5.120e-19,1.903e-22,,2.545e-15,1.632e-20,3.286e-27,1.331e-17,6.526e-20,3.036e-11,,3.825e-7,,1.554e-20,4.493e-17,5.835e-34,1.655e+2,4.966e-14,4.219e-26,3.840e-9,1.248e-19,1.122e-1,1.185e-23,2.320e+2,6.693e-21,4.855e-27,3.542e-20,5.452e-23,1.227e-20,7.048e+2,9.066e-4,1.322e+2,,6.119e+1,7.982e-1,,9.350e+1,7.423e-20,,1.164e-19,1.721e-16,1.909e-17,1.101e-18,1.127e-17,,2.301e-1,,7.825e-18,4.086e-2,4.505e-1,1.432e-17,,9.391e-19,4.773e-17
378.57,1.542e+3,5.706e-21,7.726e-28,2.448e-39,1.867e-35,1.133e-33,,5.132e-19,1.905e-22,,2.546e-15,1.626e-20,3.280e-27,1.332e-17,6.530e-20,3.846e-11,,3.481e-7,,1.552e-20,4.542e-17,5.827e-34,1.750e+2,1.864e-14,4.220e-26,1.959e-9,1.248e-19,1.259e-1,1.186e-23,2.524e+2,6.701e-21,4.844e-27,3.544e-20,5.453e-23,1.227e-20,7.984e+2,1.342e-3,1.637e+2,,6.310e+1,1.049e+0,,8.752e+1,7.433e-20,,1.164e-19,1.732e-16,1.909e-17,1.100e-18,1.126e-17,,3.587e-1,,7.767e-18,5.145e-2,6.776e-1,1.433e-17,,9.385e-19,4.777e-17
378.59,1.646e+3,5.707e-21,7.733e-28,4.184e-39,1.867e-35,1.133e-33,,5.139e-19,1.906e-22,,2.547e-15,1.622e-20,3.276e-27,1.332e-17,6.534e-20,4.476e-11,,3.247e-7,,1.551e-20,4.574e-17,5.822e-34,1.807e+2,9.630e-15,4.222e-26,1.277e-9,1.248e-19,1.357e-1,1.187e-23,2.654e+2,6.706e-21,4.838e-27,3.546e-20,5.454e-23,1.227e-20,8.622e+2,1.732e-3,1.876e+2,,6.431e+1,1.250e+0,,8.328e+1,7.439e-20,,1.164e-19,1.739e-16,1.910e-17,1.100e-18,1.125e-17,,4.791e-1,,7.728e-18,5.960e-2,8.837e-1,1.434e-17,,9.381e-19,4.779e-17
378.61,1.752e+3,5.708e-21,7.740e-28,7.115e-39,1.867e-35,1.132e-33,,5.147e-19,1.908e-22,,2.547e-15,1.617e-20,3.272e-27,1.332e-17,6.537e-20,5.182e-11,,3.013e-7,,1.550e-20,4.606e-17,5.817e-34,1.858e+2,4.950e-15,4.223e-26,8.779e-10,1.248e-19,1.460e-1,1.187e-23,2.778e+2,6.711e-21,4.831e-27,3.547e-20,5.455e-23,1.227e-20,9.262e+2,2.223e-3,2.140e+2,,6.545e+1,1.483e+0,,7.888e+1,7.445e-20,,1.164e-19,1.747e-16,1.910e-17,1.099e-18,1.125e-17,,6.364e-1,,7.690e-18,6.868e-2,1.146e+0,1.435e-17,,9.377e-19,4.781e-17
378.64,1.910e+3,5.710e-21,7.750e-28,1.562e-38,1.867e-35,1.131e-33,,5.158e-19,1.910e-22,,2.548e-15,1.611e-20,3.266e-27,1.333e-17,6.541e-20,6.396e-11,,2.666e-7,,1.548e-20,4.655e-17,5.809e-34,1.924e+2,1.806e-15,4.225e-26,6.406e-10,1.248e-19,1.623e-1,1.188e-23,2.948e+2,6.718e-21,4.821e-27,3.549e-20,5.456e-23,1.227e-20,1.021e+3,3.201e-3,2.583e+2,,6.698e+1,1.895e+0,,7.208e+1,7.455e-20,,1.164e-19,1.757e-16,1.911e-17,1.099e-18,1.124e-17,,9.648e-1,,7.631e-18,8.416e-2,1.677e+0,1.436e-17,,9.371e-19,4.785e-17
378.66,2.016e+3,5.712e-21,7.757e-28,2.621e-38,1.867e-35,1.130e-33,,5.166e-19,1.911e-22,,2.548e-15,1.607e-20,3.262e-27,1.333e-17,6.544e-20,7.315e-11,,2.441e-7,,1.547e-20,4.687e-17,5.804e-34,1.959e+2,9.157e-16,4.226e-26,6.742e-10,1.249e-19,1.737e-1,1.189e-23,3.049e+2,6.723e-21,4.814e-27,3.550e-20,5.457e-23,1.227e-20,1.083e+3,4.055e-3,2.910e+2,,6.786e+1,2.217e+0,,6.748e+1,7.462e-20,,1.163e-19,1.765e-16,1.911e-17,1.098e-18,1.123e-17,,1.265e+0,,7.593e-18,9.575e-2,2.147e+0,1.437e-17,,9.367e-19,4.787e-17
378.69,2.170e+3,5.714e-21,7.767e-28,5.641e-38,1.866e-35,1.129e-33,,5.178e-19,1.913e-22,,2.549e-15,1.601e-20,3.256e-27,1.334e-17,6.549e-20,8.866e-11,,2.117e-7,,1.545e-20,4.735e-17,5.796e-34,1.998e+2,3.274e-16,4.228e-26,1.030e-9,1.249e-19,1.914e-1,1.190e-23,3.180e+2,6.731e-21,4.804e-27,3.552e-20,5.458e-23,1.227e-20,1.170e+3,5.723e-3,3.448e+2,,6.892e+1,2.777e+0,,6.058e+1,7.471e-20,,1.163e-19,1.775e-16,1.912e-17,1.098e-18,1.122e-17,,1.879e+0,,7.535e-18,1.151e-1,3.079e+0,1.438e-17,,9.361e-19,4.790e-17
378.71,2.270e+3,5.715e-21,7.774e-28,9.343e-38,1.866e-35,1.128e-33,,5.185e-19,1.915e-22,,2.550e-15,1.597e-20,3.253e-27,1.334e-17,6.552e-20,1.002e-10,,1.913e-7,,1.544e-20,4.768e-17,5.791e-34,2.014e+2,1.638e-16,4.229e-26,1.543e-9,1.249e-19,2.035e-1,1.190e-23,3.251e+2,6.736e-21,4.797e-27,3.554e-20,5.459e-23,1.227e-20,1.224e+3,7.153e-3,3.838e+2,,6.944e+1,3.206e+0,,5.605e+1,7.478e-20,,1.163e-19,1.783e-16,1.912e-17,1.097e-18,1.122e-17,,2.431e+0,,7.496e-18,1.294e-1,3.889e+0,1.439e-17,,9.357e-19,4.792e-17
378.74,2.413e+3,5.717e-21,7.784e-28,1.971e-37,1.866e-35,1.127e-33,,5.197e-19,1.917e-22,,2.550e-15,1.590e-20,3.247e-27,1.334e-17,6.557e-20,1.193e-10,,1.626e-7,,1.543e-20,4.816e-17,5.783e-34,2.024e+2,9.306e-18,4.231e-26,2.996e-9,1.249e-19,2.219e-1,1.191e-23,3.335e+2,6.744e-21,4.787e-27,3.556e-20,5.461e-23,1.227e-20,1.297e+3,9.897e-3,4.469e+2,,6.990e+1,3.938e+0,,4.945e+1,7.487e-20,,1.163e-19,1.793e-16,1.913e-17,1.097e-18,1.121e-17,,3.542e+0,,7.438e-18,1.527e-1,5.467e+0,1.440e-17,,9.352e-19,4.796e-17
378.76,2.502e+3,5.718e-21,7.791e-28,3.222e-37,1.866e-35,1.126e-33,,5.205e-19,1.918e-22,,2.551e-15,1.586e-20,3.243e-27,1.335e-17,6.560e-20,1.333e-10,,1.449e-7,,1.541e-20,4.848e-17,5.778e-34,2.021e+2,4.658e-18,4.233e-26,4.703e-9,1.250e-19,2.341e-1,1.192e-23,3.374e+2,6.749e-21,4.780e-27,3.557e-20,5.462e-23,1.227e-20,1.339e+3,1.221e-2,4.917e+2,,6.999e+1,4.486e+0,,4.522e+1,7.494e-20,,1.163e-19,1.801e-16,1.913e-17,1.096e-18,1.120e-17,,4.521e+0,,7.399e-18,1.695e-1,6.815e+0,1.441e-17,,9.348e-19,4.798e-17
378.79,2.626e+3,5.720e-21,7.801e-28,6.665e-37,1.865e-35,1.125e-33,,5.216e-19,1.920e-22,,2.552e-15,1.580e-20,3.237e-27,1.335e-17,6.564e-20,1.561e-10,,1.208e-7,,1.540e-20,4.897e-17,5.770e-34,2.001e+2,4.891e-18,4.235e-26,9.217e-9,1.250e-19,2.521e-1,1.193e-23,3.408e+2,6.756e-21,4.770e-27,3.559e-20,5.463e-23,1.227e-20,1.391e+3,1.656e-2,5.628e+2,,6.978e+1,5.401e+0,,3.922e+1,7.504e-20,,1.162e-19,1.811e-16,1.914e-17,1.095e-18,1.119e-17,,6.457e+0,,7.341e-18,1.966e-1,9.391e+0,1.443e-17,,9.342e-19,4.801e-17
378.81,2.700e+3,5.722e-21,7.808e-28,1.075e-36,1.865e-35,1.124e-33,,5.224e-19,1.922e-22,,2.552e-15,1.576e-20,3.233e-27,1.336e-17,6.567e-20,1.725e-10,,1.062e-7,,1.539e-20,4.929e-17,5.765e-34,1.978e+2,5.047e-18,4.236e-26,1.436e-8,1.250e-19,2.636e-1,1.193e-23,3.416e+2,6.761e-21,4.763e-27,3.561e-20,5.464e-23,1.227e-20,1.417e+3,2.015e-2,6.125e+2,,6.941e+1,6.071e+0,,3.549e+1,7.510e-20,,1.162e-19,1.819e-16,1.915e-17,1.095e-18,1.118e-17,,8.134e+0,,7.302e-18,2.158e-1,1.155e+1,1.443e-17,,9.338e-19,4.804e-17
378.84,2.800e+3,5.724e-21,7.818e-28,2.180e-36,1.865e-35,1.123e-33,,5.235e-19,1.924e-22,,2.553e-15,1.569e-20,3.227e-27,1.336e-17,6.572e-20,1.988e-10,,8.676e-8,,1.537e-20,4.977e-17,5.757e-34,1.929e+2,5.280e-18,4.238e-26,2.767e-8,1.250e-19,2.799e-1,1.194e-23,3.406e+2,6.769e-21,4.753e-27,3.563e-20,5.465e-23,1.227e-20,1.443e+3,2.679e-2,6.896e+2,,6.852e+1,7.165e+0,,3.032e+1,7.520e-20,,1.162e-19,1.829e-16,1.915e-17,1.094e-18,1.117e-17,,1.139e+1,,7.244e-18,2.462e-1,1.561e+1,1.445e-17,,9.332e-19,4.807e-17
378.86,2.857e+3,5.725e-21,7.825e-28,3.471e-36,1.865e-35,1.123e-33,,5.243e-19,1.925e-22,,2.553e-15,1.565e-20,3.223e-27,1.336e-17,6.575e-20,2.174e-10,,7.530e-8,,1.536e-20,5.009e-17,5.752e-34,1.888e+2,5.435e-18,4.239e-26,4.257e-8,1.251e-19,2.899e-1,1.195e-23,3.387e+2,6.774e-21,4.747e-27,3.564e-20,5.466e-23,1.227e-20,1.451e+3,3.218e-2,7.425e+2,,6.771e+1,7.948e+0,,2.719e+1,7.526e-20,,1.162e-19,1.837e-16,1.916e-17,1.094e-18,1.117e-17,,1.416e+1,,7.205e-18,2.675e-1,1.894e+1,1.445e-17,,9.328e-19,4.809e-17
378.89,2.931e+3,5.727e-21,7.835e-28,6.901e-36,1.865e-35,1.121e-33,,5.255e-19,1.927e-22,,2.554e-15,1.559e-20,3.217e-27,1.337e-17,6.580e-20,2.469e-10,,6.028e-8,,1.534e-20,5.058e-17,5.744e-34,1.815e+2,5.668e-18,4.241e-26,8.043e-8,1.251e-19,3.031e-1,1.196e-23,3.344e+2,6.781e-21,4.736e-27,3.566e-20,5.468e-23,1.227e-20,1.448e+3,4.195e-2,8.231e+2,,6.620e+1,9.194e+0,,2.298e+1,7.536e-20,,1.161e-19,1.847e-16,1.916e-17,1.093e-18,1.116e-17,,1.943e+1,,7.147e-18,3.010e-1,2.509e+1,1.447e-17,,9.322e-19,4.813e-17
378.91,2.971e+3,5.728e-21,7.842e-28,1.084e-35,1.864e-35,1.121e-33,,5.262e-19,1.929e-22,,2.555e-15,1.555e-20,3.213e-27,1.337e-17,6.583e-20,2.675e-10,,5.162e-8,,1.533e-20,5.090e-17,5.739e-34,1.758e+2,5.823e-18,4.242e-26,1.221e-7,1.251e-19,3.106e-1,1.196e-23,3.309e+2,6.786e-21,4.730e-27,3.568e-20,5.468e-23,1.227e-20,1.436e+3,4.972e-2,8.773e+2,,6.500e+1,1.006e+1,,2.051e+1,7.542e-20,,1.161e-19,1.855e-16,1.917e-17,1.093e-18,1.115e-17,,2.383e+1,,7.108e-18,3.243e-1,3.005e+1,1.448e-17,,9.318e-19,4.815e-17
378.94,3.019e+3,5.730e-21,7.852e-28,2.113e-35,1.864e-35,1.120e-33,,5.274e-19,1.931e-22,,2.555e-15,1.548e-20,3.208e-27,1.338e-17,6.587e-20,2.998e-10,,4.051e-8,,1.531e-20,5.139e-17,5.731e-34,1.664e+2,6.056e-18,4.244e-26,2.262e-7,1.251e-19,3.194e-1,1.197e-23,3.252e+2,6.794e-21,4.720e-27,3.570e-20,5.470e-23,1.227e-20,1.405e+3,6.352e-2,9.585e+2,,6.297e+1,1.141e+1,,1.729e+1,7.552e-20,,1.161e-19,1.865e-16,1.918e-17,1.092e-18,1.114e-17,,3.206e+1,,7.050e-18,3.610e-1,3.901e+1,1.449e-17,,9.312e-19,4.818e-17
378.96,3.044e+3,5.732e-21,7.859e-28,3.276e-35,1.864e-35,1.119e-33,,5.281e-19,1.932e-22,,2.556e-15,1.544e-20,3.204e-27,1.338e-17,6.590e-20,3.221e-10,,3.423e-8,,1.530e-20,5.171e-17,5.726e-34,1.596e+2,6.212e-18,4.246e-26,3.389e-7,1.252e-19,3.236e-1,1.198e-23,3.215e+2,6.799e-21,4.713e-27,3.571e-20,5.471e-23,1.227e-20,1.376e+3,7.430e-2,1.012e+3,,6.146e+1,1.233e+1,,1.547e+1,7.558e-20,,1.161e-19,1.873e-16,1.918e-17,1.092e-18,1.114e-17,,3.881e+1,,7.011e-18,3.866e-1,4.611e+1,1.450e-17,,9.308e-19,4.821e-17
378.99,3.072e+3,5.734e-21,7.869e-28,6.261e-35,1.864e-35,1.118e-33,,5.293e-19,1.934e-22,,2.557e-15,1.538e-20,3.198e-27,1.339e-17,6.595e-20,3.568e-10,,2.633e-8,,1.528e-20,5.219e-17,5.719e-34,1.487e+2,6.445e-18,4.247e-26,6.155e-7,1.252e-19,3.271e-1,1.199e-23,3.164e+2,6.807e-21,4.703e-27,3.573e-20,5.472e-23,1.227e-20,1.319e+3,9.305e-2,1.091e+3,,5.903e+1,1.370e+1,,1.321e+1,7.568e-20,,1.161e-19,1.883e-16,1.919e-17,1.091e-18,1.113e-17,,5.118e+1,,6.953e-18,4.274e-1,5.868e+1,1.451e-17,,9.302e-19,4.824e-17
379.01,3.085e+3,5.735e-21,7.876e-28,9.578e-35,1.864e-35,1.117e-33,,5.301e-19,1.936e-22,,2.557e-15,1.534e-20,3.194e-27,1.339e-17,6.598e-20,3.807e-10,,2.197e-8,,1.527e-20,5.251e-17,5.713e-34,1.412e+2,6.600e-18,4.249e-26,9.101e-7,1.252e-19,3.275e-1,1.199e-23,3.138e+2,6.812e-21,4.696e-27,3.575e-20,5.473e-23,1.227e-20,1.274e+3,1.074e-1,1.142e+3,,5.731e+1,1.461e+1,,1.200e+1,7.575e-20,,1.160e-19,1.891e-16,1.919e-17,1.091e-18,1.112e-17,,6.114e+1,,6.915e-18,4.565e-1,6.845e+1,1.452e-17,,9.298e-19,4.826e-17
379.03,3.096e+3,5.736e-21,7.882e-28,1.458e-34,1.864e-35,1.116e-33,,5.308e-19,1.937e-22,,2.558e-15,1.530e-20,3.190e-27,1.339e-17,6.601e-20,4.052e-10,,1.823e-8,,1.526e-20,5.284e-17,5.708e-34,1.334e+2,6.756e-18,4.250e-26,1.339e-6,1.252e-19,3.264e-1,1.200e-23,3.121e+2,6.817e-21,4.689e-27,3.576e-20,5.474e-23,1.227e-20,1.224e+3,1.233e-1,1.192e+3,,5.553e+1,1.549e+1,,1.102e+1,7.581e-20,,1.160e-19,1.898e-16,1.920e-17,1.090e-18,1.112e-17,,7.265e+1,,6.876e-18,4.876e-1,7.942e+1,1.453e-17,,9.294e-19,4.829e-17
379.06,3.109e+3,5.738e-21,7.893e-28,2.710e-34,1.863e-35,1.115e-33,,5.320e-19,1.939e-22,,2.558e-15,1.523e-20,3.184e-27,1.340e-17,6.606e-20,4.429e-10,,1.365e-8,,1.524e-20,5.332e-17,5.700e-34,1.216e+2,6.989e-18,4.252e-26,2.364e-6,1.253e-19,3.217e-1,1.201e-23,3.116e+2,6.824e-21,4.679e-27,3.578e-20,5.475e-23,1.227e-20,1.141e+3,1.502e-1,1.262e+3,,5.277e+1,1.674e+1,,9.944e+0,7.591e-20,,1.160e-19,1.909e-16,1.920e-17,1.089e-18,1.111e-17,,9.318e+1,,6.818e-18,5.391e-1,9.828e+1,1.454e-17,,9.288e-19,4.832e-17
379.08,3.117e+3,5.740e-21,7.899e-28,4.070e-34,1.863e-35,1.114e-33,,5.328e-19,1.941e-22,,2.559e-15,1.519e-20,3.180e-27,1.340e-17,6.609e-20,4.687e-10,,1.119e-8,,1.523e-20,5.364e-17,5.695e-34,1.137e+2,7.144e-18,4.253e-26,3.432e-6,1.253e-19,3.167e-1,1.201e-23,3.130e+2,6.829e-21,4.672e-27,3.580e-20,5.476e-23,1.227e-20,1.082e+3,1.702e-1,1.307e+3,,5.089e+1,1.751e+1,,9.471e+0,7.597e-20,,1.160e-19,1.916e-16,1.921e-17,1.089e-18,1.110e-17,,1.093e+2,,6.779e-18,5.775e-1,1.125e+2,1.455e-17,,9.284e-19,4.834e-17
379.11,3.130e+3,5.742e-21,7.910e-28,7.417e-34,1.863e-35,1.113e-33,,5.339e-19,1.943e-22,,2.560e-15,1.513e-20,3.174e-27,1.341e-17,6.613e-20,5.085e-10,,8.245e-9,,1.521e-20,5.413e-17,5.688e-34,1.019e+2,7.377e-18,4.255e-26,5.943e-6,1.253e-19,3.064e-1,1.202e-23,3.180e+2,6.837e-21,4.662e-27,3.582e-20,5.478e-23,1.227e-20,9.891e+2,2.032e-1,1.370e+3,,4.805e+1,1.856e+1,,9.094e+0,7.607e-20,,1.160e-19,1.927e-16,1.921e-17,1.088e-18,1.109e-17,,1.374e+2,,6.721e-18,6.432e-1,1.365e+2,1.456e-17,,9.278e-19,4.838e-17
379.13,3.140e+3,5.743e-21,7.916e-28,1.099e-33,1.863e-35,1.112e-33,,5.347e-19,1.944e-22,,2.560e-15,1.509e-20,3.170e-27,1.341e-17,6.616e-20,5.358e-10,,6.696e-9,,1.520e-20,5.445e-17,5.682e-34,9.424e+1,7.533e-18,4.256e-26,8.513e-6,1.253e-19,2.979e-1,1.203e-23,3.235e+2,6.842e-21,4.655e-27,3.583e-20,5.478e-23,1.227e-20,9.253e+2,2.271e-1,1.408e+3,,4.615e+1,1.916e+1,,9.044e+0,7.613e-20,,1.159e-19,1.934e-16,1.922e-17,1.088e-18,1.108e-17,,1.590e+2,,6.682e-18,6.937e-1,1.543e+2,1.457e-17,,9.274e-19,4.840e-17
379.16,3.161e+3,5.745e-21,7.927e-28,1.964e-33,1.862e-35,1.111e-33,,5.358e-19,1.946e-22,,2.561e-15,1.502e-20,3.164e-27,1.342e-17,6.621e-20,5.777e-10,,4.884e-9,,1.518e-20,5.493e-17,5.675e-34,8.309e+1,7.766e-18,4.258e-26,1.445e-5,1.254e-19,2.830e-1,1.204e-23,3.353e+2,6.849e-21,4.645e-27,3.585e-20,5.480e-23,1.227e-20,8.290e+2,2.658e-1,1.461e+3,,4.332e+1,1.990e+1,,9.235e+0,7.623e-20,,1.159e-19,1.945e-16,1.923e-17,1.087e-18,1.107e-17,,1.959e+2,,6.624e-18,7.822e-1,1.834e+2,1.458e-17,,9.268e-19,4.843e-17
379.18,3.180e+3,5.746e-21,7.933e-28,2.873e-33,1.862e-35,1.110e-33,,5.366e-19,1.948e-22,,2.561e-15,1.498e-20,3.161e-27,1.342e-17,6.624e-20,6.063e-10,,3.960e-9,,1.517e-20,5.526e-17,5.669e-34,7.597e+1,7.921e-18,4.260e-26,2.043e-5,1.254e-19,2.718e-1,1.204e-23,3.455e+2,6.854e-21,4.639e-27,3.586e-20,5.481e-23,1.227e-20,7.653e+2,2.933e-1,1.492e+3,,4.146e+1,2.027e+1,,9.519e+0,7.629e-20,,1.159e-19,1.952e-16,1.923e-17,1.087e-18,1.107e-17,,2.237e+2,,6.585e-18,8.513e-1,2.045e+2,1.459e-17,,9.264e-19,4.846e-17
379.21,3.215e+3,5.748e-21,7.944e-28,5.032e-33,1.862e-35,1.109e-33,,5.378e-19,1.950e-22,,2.562e-15,1.492e-20,3.155e-27,1.342e-17,6.629e-20,6.503e-10,,2.917e-9,,1.516e-20,5.574e-17,5.662e-34,6.585e+1,8.154e-18,4.262e-26,3.400e-5,1.254e-19,2.536e-1,1.205e-23,3.644e+2,6.862e-21,4.628e-27,3.589e-20,5.482e-23,1.227e-20,6.720e+2,3.365e-1,1.533e+3,,3.874e+1,2.064e+1,,1.014e+1,7.639e-20,,1.159e-19,1.963e-16,1.924e-17,1.086e-18,1.106e-17,,2.703e+2,,6.527e-18,9.736e-1,2.384e+2,1.460e-17,,9.258e-19,4.849e-17
379.23,3.244e+3,5.750e-21,7.950e-28,7.264e-33,1.862e-35,1.109e-33,,5.385e-19,1.951e-22,,2.563e-15,1.488e-20,3.151e-27,1.343e-17,6.632e-20,6.801e-10,,2.411e-9,,1.514e-20,5.606e-17,5.656e-34,5.951e+1,8.309e-18,4.263e-26,4.744e-5,1.254e-19,2.406e-1,1.206e-23,3.794e+2,6.867e-21,4.622e-27,3.590e-20,5.483e-23,1.227e-20,6.122e+2,3.664e-1,1.556e+3,,3.698e+1,2.075e+1,,1.067e+1,7.646e-20,,1.159e-19,1.970e-16,1.924e-17,1.086e-18,1.105e-17,,3.046e+2,,6.488e-18,1.069e+0,2.624e+2,1.461e-17,,9.254e-19,4.851e-17
379.26,3.296e+3,5.752e-21,7.961e-28,1.248e-32,1.862e-35,1.107e-33,,5.397e-19,1.954e-22,,2.563e-15,1.482e-20,3.145e-27,1.343e-17,6.636e-20,7.256e-10,,1.881e-9,,1.513e-20,5.655e-17,5.649e-34,5.069e+1,8.543e-18,4.265e-26,7.741e-5,1.255e-19,2.206e-1,1.207e-23,4.053e+2,6.875e-21,4.612e-27,3.592e-20,5.484e-23,1.227e-20,5.269e+2,4.120e-1,1.583e+3,,3.445e+1,2.071e+1,,1.160e+1,7.655e-20,,1.158e-19,1.981e-16,1.925e-17,1.085e-18,1.104e-17,,3.607e+2,,6.430e-18,1.238e+0,2.998e+2,1.462e-17,,9.248e-19,4.855e-17
379.28,3.335e+3,5.753e-21,7.967e-28,1.777e-32,1.862e-35,1.107e-33,,5.404e-19,1.955e-22,,2.564e-15,1.477e-20,3.141e-27,1.344e-17,6.639e-20,7.562e-10,,1.654e-9,,1.512e-20,5.687e-17,5.644e-34,4.528e+1,8.698e-18,4.266e-26,1.066e-4,1.255e-19,2.071e-1,1.207e-23,4.247e+2,6.880e-21,4.605e-27,3.593e-20,5.485e-23,1.227e-20,4.737e+2,4.427e-1,1.597e+3,,3.285e+1,2.054e+1,,1.229e+1,7.662e-20,,1.158e-19,1.988e-16,1.925e-17,1.085e-18,1.104e-17,,4.011e+2,,6.392e-18,1.370e+0,3.255e+2,1.463e-17,,9.244e-19,4.857e-17
379.31,3.401e+3,5.755e-21,7.978e-28,2.992e-32,1.861e-35,1.106e-33,,5.416e-19,1.957e-22,,2.565e-15,1.471e-20,3.135e-27,1.344e-17,6.644e-20,8.020e-10,,1.472e-9,,1.510e-20,5.735e-17,5.636e-34,3.789e+1,8.931e-18,4.268e-26,1.705e-4,1.255e-19,1.870e-1,1.208e-23,4.566e+2,6.887e-21,4.595e-27,3.595e-20,5.487e-23,1.227e-20,3.996e+2,4.881e-1,1.610e+3,,3.061e+1,2.010e+1,,1.340e+1,7.671e-20,,1.158e-19,1.999e-16,1.926e-17,1.084e-18,1.103e-17,,4.657e+2,,6.333e-18,1.598e+0,3.647e+2,1.464e-17,,9.238e-19,4.860e-17
379.33,3.448e+3,5.756e-21,7.984e-28,4.207e-32,1.861e-35,1.105e-33,,5.424e-19,1.958e-22,,2.565e-15,1.467e-20,3.131e-27,1.344e-17,6.647e-20,8.323e-10,,1.440e-9,,1.509e-20,5.768e-17,5.631e-34,3.344e+1,9.086e-18,4.269e-26,2.316e-4,1.255e-19,1.740e-1,1.209e-23,4.795e+2,6.892e-21,4.588e-27,3.597e-20,5.487e-23,1.227e-20,3.545e+2,5.174e-1,1.614e+3,,2.925e+1,1.968e+1,,1.417e+1,7.678e-20,,1.158e-19,2.006e-16,1.926e-17,1.083e-18,1.102e-17,,5.110e+2,,6.295e-18,1.774e+0,3.907e+2,1.465e-17,,9.234e-19,4.863e-17
379.36,3.522e+3,5.758e-21,7.995e-28,6.944e-32,1.861e-35,1.104e-33,,5.435e-19,1.961e-22,,2.566e-15,1.461e-20,3.125e-27,1.345e-17,6.652e-20,8.766e-10,,1.510e-9,,1.507e-20,5.816e-17,5.623e-34,2.748e+1,9.319e-18,4.271e-26,3.633e-4,1.256e-19,1.554e-1,1.210e-23,5.158e+2,6.900e-21,4.578e-27,3.599e-20,5.489e-23,1.227e-20,2.932e+2,5.592e-1,1.611e+3,,2.743e+1,1.887e+1,,1.535e+1,7.688e-20,,1.157e-19,2.017e-16,1.927e-17,1.083e-18,1.101e-17,,5.816e+2,,6.237e-18,2.074e+0,4.291e+2,1.466e-17,,9.228e-19,4.866e-17
379.38,3.572e+3,5.759e-21,8.001e-28,9.634e-32,1.861e-35,1.103e-33,,5.443e-19,1.962e-22,,2.566e-15,1.456e-20,3.121e-27,1.345e-17,6.655e-20,9.050e-10,,1.628e-9,,1.506e-20,5.848e-17,5.618e-34,2.396e+1,9.475e-18,4.272e-26,4.871e-4,1.256e-19,1.439e-1,1.210e-23,5.410e+2,6.905e-21,4.571e-27,3.600e-20,5.490e-23,1.227e-20,2.566e+2,5.851e-1,1.603e+3,,2.640e+1,1.823e+1,,1.613e+1,7.694e-20,,1.157e-19,3.988e-16,1.928e-17,1.082e-18,1.101e-17,,6.298e+2,,6.198e-18,2.299e+0,4.537e+2,1.467e-17,,9.224e-19,4.868e-17
379.4,3.621e+3,5.761e-21,8.008e-28,1.330e-31,1.861e-35,1.102e-33,,5.451e-19,1.963e-22,,2.567e-15,1.452e-20,3.118e-27,1.346e-17,6.658e-20,9.320e-10,,1.799e-9,,1.505e-20,5.880e-17,5.612e-34,2.079e+1,9.630e-18,4.274e-26,6.497e-4,1.256e-19,1.332e-1,1.211e-23,5.668e+2,6.910e-21,4.564e-27,3.602e-20,5.491e-23,1.227e-20,2.234e+2,6.088e-1,1.591e+3,,2.553e+1,1.751e+1,,1.690e+1,7.701e-20,,1.157e-19,7.844e-16,1.928e-17,1.082e-18,1.100e-17,,6.784e+2,,6.159e-18,2.545e+0,4.772e+2,1.468e-17,,9.221e-19,4.870e-17
379.43,3.689e+3,5.763e-21,8.018e-28,2.135e-31,1.860e-35,1.101e-33,,5.462e-19,1.966e-22,,2.568e-15,1.446e-20,3.112e-27,1.346e-17,6.662e-20,9.695e-10,,2.151e-9,,1.503e-20,5.929e-17,5.605e-34,1.665e+1,9.863e-18,4.276e-26,9.910e-4,1.256e-19,1.188e-1,1.212e-23,6.061e+2,6.917e-21,4.554e-27,3.604e-20,5.492e-23,1.227e-20,1.796e+2,6.399e-1,1.564e+3,,2.458e+1,1.633e+1,,1.801e+1,7.710e-20,,1.157e-19,2.143e-15,1.929e-17,1.081e-18,1.099e-17,,7.509e+2,,6.101e-18,2.954e+0,5.096e+2,1.469e-17,,9.215e-19,4.874e-17
379.45,3.731e+3,5.764e-21,8.025e-28,2.908e-31,1.860e-35,1.100e-33,,5.470e-19,1.967e-22,,2.568e-15,1.442e-20,3.108e-27,1.346e-17,6.666e-20,9.918e-10,,2.449e-9,,1.502e-20,5.961e-17,5.600e-34,1.427e+1,1.002e-17,4.277e-26,1.305e-3,1.257e-19,1.106e-1,1.212e-23,6.323e+2,6.923e-21,4.547e-27,3.605e-20,5.493e-23,1.227e-20,1.543e+2,6.571e-1,1.540e+3,,2.423e+1,1.549e+1,,1.872e+1,7.717e-20,,1.157e-19,4.161e-15,1.929e-17,1.081e-18,1.098e-17,,7.982e+2,,6.062e-18,3.253e+0,5.289e+2,1.470e-17,,9.211e-19,4.876e-17
379.48,3.782e+3,5.766e-21,8.035e-28,4.576e-31,1.860e-35,1.099e-33,,5.481e-19,1.969e-22,,2.569e-15,1.436e-20,3.102e-27,1.347e-17,6.670e-20,1.020e-9,,2.989e-9,,1.500e-20,6.009e-17,5.592e-34,1.122e+1,1.025e-17,4.279e-26,1.951e-3,1.257e-19,1.005e-1,1.213e-23,6.712e+2,6.930e-21,4.537e-27,3.607e-20,5.494e-23,1.227e-20,1.216e+2,6.771e-1,1.496e+3,,2.416e+1,1.416e+1,,1.972e+1,7.726e-20,,1.156e-19,1.114e-14,1.930e-17,1.080e-18,1.097e-17,,8.660e+2,,6.004e-18,3.736e+0,5.537e+2,1.472e-17,,9.205e-19,4.880e-17
379.5,3.808e+3,5.767e-21,8.042e-28,6.152e-31,1.860e-35,1.098e-33,,5.489e-19,1.970e-22,,2.570e-15,1.431e-20,3.098e-27,1.347e-17,6.673e-20,1.036e-9,,3.412e-9,,1.499e-20,6.042e-17,5.587e-34,9.494e+0,1.041e-17,4.280e-26,2.534e-3,1.257e-19,9.532e-2,1.214e-23,6.964e+2,6.935e-21,4.531e-27,3.609e-20,5.495e-23,1.227e-20,1.031e+2,6.861e-1,1.461e+3,,2.447e+1,1.325e+1,,2.035e+1,7.733e-20,,1.156e-19,2.136e-14,1.930e-17,1.080e-18,1.097e-17,,9.084e+2,,5.965e-18,4.080e+0,5.671e+2,1.472e-17,,9.201e-19,4.882e-17
379.53,3.832e+3,5.769e-21,8.052e-28,9.493e-31,1.860e-35,1.097e-33,,5.501e-19,1.973e-22,,2.570e-15,1.425e-20,3.092e-27,1.348e-17,6.678e-20,1.052e-9,,4.141e-9,,1.497e-20,6.090e-17,5.579e-34,7.323e+0,1.064e-17,4.282e-26,3.715e-3,1.257e-19,8.999e-2,1.215e-23,7.328e+2,6.943e-21,4.520e-27,3.611e-20,5.497e-23,1.227e-20,7.968e+1,6.930e-1,1.400e+3,,2.554e+1,1.187e+1,,2.124e+1,7.742e-20,,1.156e-19,5.609e-14,1.931e-17,1.079e-18,1.096e-17,,9.662e+2,,5.907e-18,4.624e+0,5.819e+2,1.474e-17,,9.195e-19,4.885e-17
379.55,3.837e+3,5.771e-21,8.059e-28,1.259e-30,1.859e-35,1.097e-33,,5.508e-19,1.974e-22,,2.571e-15,1.421e-20,3.088e-27,1.348e-17,6.681e-20,1.058e-9,,4.691e-9,,1.496e-20,6.122e-17,5.574e-34,6.120e+0,1.080e-17,4.283e-26,4.763e-3,1.258e-19,8.814e-2,1.215e-23,7.557e+2,6.948e-21,4.514e-27,3.612e-20,5.497e-23,1.227e-20,6.665e+1,6.930e-1,1.355e+3,,2.669e+1,1.096e+1,,2.180e+1,7.749e-20,,1.156e-19,1.061e-13,1.931e-17,1.079e-18,1.095e-17,,1.000e+3,,5.869e-18,5.001e+0,5.881e+2,1.474e-17,,9.191e-19,4.887e-17
379.58,3.825e+3,5.773e-21,8.069e-28,1.905e-30,1.859e-35,1.095e-33,,5.520e-19,1.976e-22,,2.572e-15,1.415e-20,3.082e-27,1.349e-17,6.685e-20,1.060e-9,,5.608e-9,,1.494e-20,6.171e-17,5.566e-34,4.632e+0,1.103e-17,4.285e-26,6.846e-3,1.258e-19,8.796e-2,1.216e-23,7.876e+2,6.955e-21,4.504e-27,3.614e-20,5.499e-23,1.227e-20,5.048e+1,6.861e-1,1.280e+3,,2.915e+1,9.626e+0,,2.262e+1,7.759e-20,,1.156e-19,2.732e-13,1.932e-17,1.078e-18,1.094e-17,,1.043e+3,,5.810e-18,5.581e+0,5.917e+2,1.476e-17,,9.185e-19,4.891e-17
379.6,3.804e+3,5.774e-21,8.076e-28,2.494e-30,1.859e-35,1.095e-33,,5.528e-19,1.977e-22,,2.572e-15,1.410e-20,3.078e-27,1.349e-17,6.689e-20,1.056e-9,,6.279e-9,,1.493e-20,6.203e-17,5.561e-34,3.822e+0,1.118e-17,4.287e-26,8.661e-3,1.258e-19,8.961e-2,1.217e-23,8.070e+2,6.960e-21,4.497e-27,3.616e-20,5.500e-23,1.228e-20,4.166e+1,6.771e-1,1.227e+3,,3.132e+1,8.770e+0,,2.316e+1,7.765e-20,,1.155e-19,5.100e-13,1.933e-17,1.078e-18,1.094e-17,,1.065e+3,,5.772e-18,5.972e+0,5.901e+2,1.477e-17,,9.181e-19,4.893e-17
379.63,3.753e+3,5.776e-21,8.086e-28,3.699e-30,1.859e-35,1.094e-33,,5.539e-19,1.980e-22,,2.573e-15,1.404e-20,3.073e-27,1.349e-17,6.693e-20,1.041e-9,,7.370e-9,,1.492e-20,6.251e-17,5.553e-34,2.837e+0,1.142e-17,4.289e-26,1.220e-2,1.258e-19,9.476e-2,1.218e-23,8.327e+2,6.968e-21,4.487e-27,3.618e-20,5.501e-23,1.228e-20,3.093e+1,6.571e-1,1.142e+3,,3.541e+1,7.551e+0,,2.399e+1,7.775e-20,,1.155e-19,1.288e-12,1.933e-17,1.077e-18,1.093e-17,,1.089e+3,,5.714e-18,6.553e+0,5.819e+2,1.478e-17,,9.175e-19,4.896e-17
379.65,3.706e+3,5.777e-21,8.093e-28,4.779e-30,1.859e-35,1.093e-33,,5.547e-19,1.981e-22,,2.573e-15,1.400e-20,3.069e-27,1.350e-17,6.696e-20,1.027e-9,,8.148e-9,,1.490e-20,6.284e-17,5.548e-34,2.311e+0,1.157e-17,4.290e-26,1.524e-2,1.259e-19,9.999e-2,1.218e-23,8.475e+2,6.973e-21,4.480e-27,3.619e-20,5.502e-23,1.228e-20,2.519e+1,6.399e-1,1.082e+3,,3.872e+1,6.789e+0,,2.459e+1,7.781e-20,,1.155e-19,2.372e-12,1.934e-17,1.076e-18,1.092e-17,,1.098e+3,,5.675e-18,6.932e+0,5.727e+2,1.479e-17,,9.171e-19,4.899e-17
379.68,3.615e+3,5.779e-21,8.103e-28,6.949e-30,1.858e-35,1.092e-33,,5.558e-19,1.983e-22,,2.574e-15,1.394e-20,3.063e-27,1.350e-17,6.701e-20,9.966e-10,,9.381e-9,,1.489e-20,6.332e-17,5.540e-34,1.683e+0,1.181e-17,4.292e-26,2.105e-2,1.259e-19,1.105e-1,1.219e-23,8.657e+2,6.981e-21,4.470e-27,3.621e-20,5.503e-23,1.228e-20,1.833e+1,6.088e-1,9.914e+2,,4.461e+1,5.730e+0,,2.560e+1,7.791e-20,,1.155e-19,5.874e-12,1.934e-17,1.076e-18,1.091e-17,,1.100e+3,,5.617e-18,7.477e+0,5.537e+2,1.480e-17,,9.165e-19,4.902e-17
379.7,3.542e+3,5.781e-21,8.110e-28,8.860e-30,1.858e-35,1.091e-33,,5.566e-19,1.985e-22,,2.575e-15,1.390e-20,3.059e-27,1.351e-17,6.704e-20,9.718e-10,,1.024e-8,,1.488e-20,6.364e-17,5.535e-34,1.354e+0,1.196e-17,4.293e-26,2.594e-2,1.259e-19,1.194e-1,1.220e-23,8.751e+2,6.986e-21,4.463e-27,3.623e-20,5.504e-23,1.228e-20,1.473e+1,5.851e-1,9.298e+2,,4.916e+1,5.084e+0,,2.636e+1,7.797e-20,,1.155e-19,1.068e-11,1.935e-17,1.075e-18,1.090e-17,,1.094e+3,,5.578e-18,7.817e+0,5.377e+2,1.481e-17,,9.161e-19,4.904e-17
379.73,3.415e+3,5.783e-21,8.120e-28,1.263e-29,1.858e-35,1.090e-33,,5.578e-19,1.987e-22,,2.575e-15,1.383e-20,3.053e-27,1.351e-17,6.708e-20,9.282e-10,,1.155e-8,,1.486e-20,6.413e-17,5.527e-34,9.667e-1,1.219e-17,4.295e-26,3.512e-2,1.259e-19,1.354e-1,1.221e-23,8.848e+2,6.993e-21,4.453e-27,3.625e-20,5.506e-23,1.228e-20,1.051e+1,5.457e-1,8.373e+2,,5.690e+1,4.206e+0,,2.771e+1,7.807e-20,,1.154e-19,2.593e-11,1.935e-17,1.075e-18,1.090e-17,,1.074e+3,,5.520e-18,8.283e+0,5.096e+2,1.482e-17,,9.155e-19,4.908e-17
379.75,3.321e+3,5.784e-21,8.127e-28,1.589e-29,1.858e-35,1.089e-33,,5.585e-19,1.988e-22,,2.576e-15,1.379e-20,3.049e-27,1.351e-17,6.712e-20,8.954e-10,,1.244e-8,,1.485e-20,6.445e-17,5.522e-34,7.673e-1,1.235e-17,4.296e-26,4.271e-2,1.260e-19,1.480e-1,1.221e-23,8.882e+2,6.998e-21,4.446e-27,3.626e-20,5.506e-23,1.228e-20,8.335e+0,5.174e-1,7.763e+2,,6.266e+1,3.682e+0,,2.878e+1,7.814e-20,,1.154e-19,4.654e-11,1.936e-17,1.074e-18,1.089e-17,,1.055e+3,,5.481e-18,8.559e+0,4.884e+2,1.483e-17,,9.151e-19,4.910e-17
379.77,3.220e+3,5.785e-21,8.134e-28,1.989e-29,1.858e-35,1.088e-33,,5.593e-19,1.989e-22,,2.576e-15,1.375e-20,3.045e-27,1.352e-17,6.715e-20,8.602e-10,,1.333e-8,,1.484e-20,6.477e-17,5.517e-34,6.059e-1,1.250e-17,4.298e-26,5.166e-2,1.260e-19,1.621e-1,1.222e-23,8.892e+2,7.003e-21,4.439e-27,3.627e-20,5.507e-23,1.228e-20,6.575e+0,4.881e-1,7.164e+2,,6.889e+1,3.206e+0,,3.000e+1,7.820e-20,,1.154e-19,8.308e-11,1.936e-17,1.074e-18,1.088e-17,,1.030e+3,,5.442e-18,8.802e+0,4.656e+2,1.484e-17,,9.147e-19,4.912e-17
379.8,3.057e+3,5.787e-21,8.144e-28,2.758e-29,1.857e-35,1.087e-33,,5.604e-19,1.992e-22,,2.577e-15,1.369e-20,3.039e-27,1.352e-17,6.719e-20,8.038e-10,,1.464e-8,,1.482e-20,6.526e-17,5.509e-34,4.211e-1,1.274e-17,4.299e-26,6.805e-2,1.260e-19,1.863e-1,1.223e-23,8.860e+2,7.011e-21,4.429e-27,3.629e-20,5.509e-23,1.228e-20,4.560e+0,4.427e-1,6.295e+2,,7.901e+1,2.580e+0,,3.219e+1,7.830e-20,,1.154e-19,1.962e-10,1.937e-17,1.073e-18,1.087e-17,,9.837e+2,,5.384e-18,9.099e+0,4.291e+2,1.485e-17,,9.141e-19,4.916e-17
379.82,2.943e+3,5.789e-21,8.151e-28,3.407e-29,1.857e-35,1.086e-33,,5.612e-19,1.993e-22,,2.578e-15,1.364e-20,3.035e-27,1.353e-17,6.722e-20,7.647e-10,,1.547e-8,,1.481e-20,6.558e-17,5.504e-34,3.282e-1,1.289e-17,4.301e-26,8.123e-2,1.260e-19,2.045e-1,1.224e-23,8.809e+2,7.016e-21,4.423e-27,3.631e-20,5.510e-23,1.228e-20,3.550e+0,4.120e-1,5.740e+2,,8.622e+1,2.217e+0,,3.390e+1,7.836e-20,,1.154e-19,3.457e-10,1.938e-17,1.073e-18,1.087e-17,,9.478e+2,,5.345e-18,9.249e+0,4.037e+2,1.486e-17,,9.137e-19,4.918e-17
379.85,2.765e+3,5.791e-21,8.161e-28,4.632e-29,1.857e-35,1.085e-33,,5.624e-19,1.995e-22,,2.578e-15,1.358e-20,3.029e-27,1.353e-17,6.727e-20,7.052e-10,,1.665e-8,,1.479e-20,6.606e-17,5.496e-34,2.236e-1,1.313e-17,4.303e-26,1.049e-1,1.261e-19,2.354e-1,1.224e-23,8.688e+2,7.023e-21,4.412e-27,3.633e-20,5.511e-23,1.228e-20,2.413e+0,3.664e-1,4.953e+2,,9.762e+1,1.748e+0,,3.692e+1,7.846e-20,,1.153e-19,8.007e-10,1.938e-17,1.072e-18,1.086e-17,,8.876e+2,,5.287e-18,9.398e+0,3.647e+2,1.487e-17,,9.131e-19,4.921e-17
379.87,2.645e+3,5.792e-21,8.168e-28,5.646e-29,1.857e-35,1.085e-33,,5.631e-19,1.997e-22,,2.579e-15,1.354e-20,3.026e-27,1.353e-17,6.730e-20,6.659e-10,,1.738e-8,,1.478e-20,6.639e-17,5.491e-34,1.720e-1,1.328e-17,4.304e-26,1.236e-1,1.261e-19,2.584e-1,1.225e-23,8.580e+2,7.028e-21,4.406e-27,3.634e-20,5.512e-23,1.228e-20,1.854e+0,3.365e-1,4.461e+2,,1.055e+2,1.483e+0,,3.925e+1,7.852e-20,,1.153e-19,1.392e-9,1.939e-17,1.072e-18,1.085e-17,,8.439e+2,,5.249e-18,9.445e+0,3.385e+2,1.488e-17,,9.127e-19,4.924e-17
379.9,2.464e+3,5.794e-21,8.178e-28,7.525e-29,1.857e-35,1.083e-33,,5.643e-19,1.999e-22,,2.580e-15,1.348e-20,3.020e-27,1.354e-17,6.735e-20,6.089e-10,,1.833e-8,,1.476e-20,6.687e-17,5.483e-34,1.149e-1,1.351e-17,4.306e-26,1.565e-1,1.261e-19,2.973e-1,1.226e-23,8.379e+2,7.036e-21,4.396e-27,3.636e-20,5.513e-23,1.228e-20,1.235e+0,2.933e-1,3.779e+2,,1.176e+2,1.146e+0,,4.327e+1,7.862e-20,,1.153e-19,3.162e-9,1.939e-17,1.071e-18,1.084e-17,,7.747e+2,,5.190e-18,9.439e+0,2.998e+2,1.489e-17,,9.121e-19,4.927e-17
379.92,2.344e+3,5.795e-21,8.185e-28,9.053e-29,1.856e-35,1.083e-33,,5.651e-19,2.000e-22,,2.580e-15,1.344e-20,3.016e-27,1.354e-17,6.738e-20,5.731e-10,,1.887e-8,,1.475e-20,6.719e-17,5.478e-34,8.727e-2,1.367e-17,4.307e-26,1.819e-1,1.261e-19,3.264e-1,1.227e-23,8.222e+2,7.041e-21,4.389e-27,3.638e-20,5.514e-23,1.228e-20,9.363e-1,2.658e-1,3.361e+2,,1.257e+2,9.590e-1,,4.632e+1,7.868e-20,,1.153e-19,5.427e-9,1.940e-17,1.070e-18,1.084e-17,,7.269e+2,,5.152e-18,9.384e+0,2.747e+2,1.490e-17,,9.117e-19,4.929e-17
379.95,2.168e+3,5.797e-21,8.195e-28,1.183e-28,1.856e-35,1.082e-33,,5.662e-19,2.002e-22,,2.581e-15,1.337e-20,3.010e-27,1.355e-17,6.742e-20,5.242e-10,,1.952e-8,,1.473e-20,6.768e-17,5.470e-34,5.717e-2,1.390e-17,4.309e-26,2.258e-1,1.261e-19,3.755e-1,1.227e-23,7.958e+2,7.049e-21,4.379e-27,3.640e-20,5.516e-23,1.228e-20,6.116e-1,2.271e-1,2.794e+2,,1.377e+2,7.267e-1,,5.148e+1,7.878e-20,,1.152e-19,1.208e-8,1.940e-17,1.070e-18,1.083e-17,,6.541e+2,,5.094e-18,9.231e+0,2.384e+2,1.491e-17,,9.111e-19,4.933e-17
379.97,2.055e+3,5.799e-21,8.202e-28,1.404e-28,1.856e-35,1.081e-33,,5.670e-19,2.004e-22,,2.581e-15,1.333e-20,3.006e-27,1.355e-17,6.745e-20,4.954e-10,,1.984e-8,,1.472e-20,6.800e-17,5.465e-34,4.284e-2,1.406e-17,4.310e-26,2.590e-1,1.262e-19,4.125e-1,1.228e-23,7.767e+2,7.054e-21,4.372e-27,3.641e-20,5.516e-23,1.228e-20,4.574e-1,2.032e-1,2.454e+2,,1.455e+2,6.001e-1,,5.531e+1,7.885e-20,,1.152e-19,2.047e-8,1.941e-17,1.069e-18,1.082e-17,,6.056e+2,,5.055e-18,9.085e+0,2.156e+2,1.492e-17,,9.107e-19,4.935e-17
380,1.893e+3,5.801e-21,8.212e-28,1.799e-28,1.856e-35,1.080e-33,,5.681e-19,2.006e-22,,2.582e-15,1.327e-20,3.000e-27,1.356e-17,6.750e-20,4.594e-10,,2.011e-8,,1.470e-20,6.848e-17,5.457e-34,2.751e-2,1.429e-17,4.312e-26,3.152e-1,1.262e-19,4.750e-1,1.229e-23,7.462e+2,7.061e-21,4.362e-27,3.643e-20,5.518e-23,1.228e-20,2.929e-1,1.702e-1,2.001e+2,,1.566e+2,4.458e-1,,6.165e+1,7.894e-20,,1.152e-19,4.469e-8,1.942e-17,1.069e-18,1.081e-17,,5.343e+2,,4.997e-18,8.808e+0,1.834e+2,1.493e-17,,9.101e-19,4.938e-17
380.02,1.791e+3,5.802e-21,8.219e-28,2.108e-28,1.856e-35,1.079e-33,,5.689e-19,2.007e-22,,2.583e-15,1.323e-20,2.996e-27,1.356e-17,6.753e-20,4.407e-10,,2.017e-8,,1.469e-20,6.880e-17,5.452e-34,2.034e-2,1.445e-17,4.314e-26,3.568e-1,1.262e-19,5.222e-1,1.230e-23,7.252e+2,7.066e-21,4.355e-27,3.645e-20,5.519e-23,1.228e-20,2.161e-1,1.502e-1,1.735e+2,,1.635e+2,3.632e-1,,6.627e+1,7.901e-20,,1.152e-19,7.471e-8,1.942e-17,1.068e-18,1.080e-17,,4.882e+2,,4.958e-18,8.590e+0,1.636e+2,1.494e-17,,9.097e-19,4.941e-17
380.05,1.647e+3,5.804e-21,8.229e-28,2.647e-28,1.855e-35,1.078e-33,,5.701e-19,2.009e-22,,2.583e-15,1.316e-20,2.990e-27,1.356e-17,6.758e-20,4.218e-10,,2.005e-8,,1.468e-20,6.929e-17,5.444e-34,1.281e-2,1.468e-17,4.316e-26,4.257e-1,1.262e-19,6.023e-1,1.230e-23,6.934e+2,7.074e-21,4.345e-27,3.647e-20,5.520e-23,1.228e-20,1.357e-1,1.233e-1,1.388e+2,,1.728e+2,2.645e-1,,7.377e+1,7.910e-20,,1.152e-19,1.599e-7,1.943e-17,1.068e-18,1.080e-17,,4.221e+2,,4.900e-18,8.223e+0,1.365e+2,1.495e-17,,9.092e-19,4.944e-17
380.07,1.559e+3,5.805e-21,8.236e-28,3.061e-28,1.855e-35,1.077e-33,,5.708e-19,2.011e-22,,2.584e-15,1.312e-20,2.986e-27,1.357e-17,6.761e-20,4.157e-10,,1.984e-8,,1.466e-20,6.961e-17,5.439e-34,9.348e-3,1.484e-17,4.317e-26,4.757e-1,1.263e-19,6.628e-1,1.231e-23,6.725e+2,7.079e-21,4.338e-27,3.648e-20,5.521e-23,1.228e-20,9.879e-2,1.074e-1,1.188e+2,,1.783e+2,2.126e-1,,7.914e+1,7.917e-20,,1.151e-19,2.639e-7,1.943e-17,1.067e-18,1.079e-17,,3.806e+2,,4.861e-18,7.958e+0,1.202e+2,1.496e-17,,9.088e-19,4.946e-17
380.1,1.438e+3,5.807e-21,8.246e-28,3.768e-28,1.855e-35,1.076e-33,,5.720e-19,2.013e-22,,2.585e-15,1.306e-20,2.981e-27,1.357e-17,6.765e-20,4.169e-10,,1.933e-8,,1.465e-20,7.009e-17,5.431e-34,5.770e-3,1.507e-17,4.319e-26,5.563e-1,1.263e-19,7.652e-1,1.232e-23,6.421e+2,7.086e-21,4.328e-27,3.650e-20,5.522e-23,1.228e-20,6.078e-2,8.644e-2,9.323e+1,,1.852e+2,1.518e-1,,8.767e+1,7.927e-20,,1.151e-19,5.540e-7,1.944e-17,1.066e-18,1.078e-17,,3.227e+2,,4.803e-18,7.541e+0,9.828e+1,1.498e-17,,9.082e-19,4.950e-17
380.12,1.366e+3,5.809e-21,8.253e-28,4.300e-28,1.855e-35,1.075e-33,,5.727e-19,2.014e-22,,2.585e-15,1.302e-20,2.977e-27,1.358e-17,6.768e-20,4.249e-10,,1.887e-8,,1.464e-20,7.042e-17,5.426e-34,4.156e-3,1.522e-17,4.320e-26,6.135e-1,1.263e-19,8.422e-1,1.233e-23,6.230e+2,7.091e-21,4.321e-27,3.652e-20,5.523e-23,1.228e-20,4.367e-2,7.430e-2,7.878e+1,,1.888e+2,1.204e-1,,9.365e+1,7.933e-20,,1.151e-19,9.022e-7,1.944e-17,1.066e-18,1.077e-17,,2.871e+2,,4.764e-18,7.257e+0,8.538e+1,1.498e-17,,9.078e-19,4.952e-17
380.14,1.299e+3,5.810e-21,8.260e-28,4.882e-28,1.855e-35,1.074e-33,,5.735e-19,2.016e-22,,2.586e-15,1.298e-20,2.973e-27,1.358e-17,6.771e-20,4.388e-10,,1.833e-8,,1.462e-20,7.074e-17,5.421e-34,2.977e-3,1.538e-17,4.321e-26,6.729e-1,1.263e-19,9.266e-1,1.233e-23,6.050e+2,7.097e-21,4.315e-27,3.653e-20,5.524e-23,1.228e-20,3.122e-2,6.352e-2,6.623e+1,,1.917e+2,9.504e-2,,9.983e+1,7.939e-20,,1.151e-19,1.462e-6,1.945e-17,1.066e-18,1.077e-17,,2.541e+2,,4.726e-18,6.972e+0,7.378e+1,1.499e-17,,9.074e-19,4.954e-17
380.17,1.212e+3,5.812e-21,8.270e-28,5.846e-28,1.854e-35,1.073e-33,,5.747e-19,2.018e-22,,2.586e-15,1.291e-20,2.967e-27,1.358e-17,6.776e-20,4.708e-10,,1.738e-8,,1.461e-20,7.122e-17,5.413e-34,1.787e-3,1.561e-17,4.323e-26,7.654e-1,1.264e-19,1.068e+0,1.234e-23,5.806e+2,7.104e-21,4.304e-27,3.655e-20,5.525e-23,1.228e-20,1.868e-2,4.972e-2,5.055e+1,,1.943e+2,6.597e-2,,1.094e+2,7.949e-20,,1.151e-19,2.985e-6,1.945e-17,1.065e-18,1.076e-17,,2.095e+2,,4.667e-18,6.554e+0,5.868e+1,1.500e-17,,9.068e-19,4.958e-17
380.19,1.161e+3,5.813e-21,8.277e-28,6.549e-28,1.854e-35,1.073e-33,,5.754e-19,2.019e-22,,2.587e-15,1.287e-20,2.963e-27,1.359e-17,6.779e-20,4.994e-10,,1.665e-8,,1.460e-20,7.155e-17,5.408e-34,1.263e-3,1.577e-17,4.325e-26,8.286e-1,1.264e-19,1.173e+0,1.235e-23,5.664e+2,7.109e-21,4.298e-27,3.657e-20,5.526e-23,1.228e-20,1.317e-2,4.195e-2,4.195e+1,,1.951e+2,5.137e-2,,1.159e+2,7.956e-20,,1.150e-19,4.773e-6,1.946e-17,1.064e-18,1.075e-17,,1.830e+2,,4.629e-18,6.286e+0,5.003e+1,1.501e-17,,9.064e-19,4.960e-17
380.22,1.095e+3,5.815e-21,8.287e-28,7.689e-28,1.854e-35,1.071e-33,,5.766e-19,2.021e-22,,2.588e-15,1.281e-20,2.957e-27,1.359e-17,6.784e-20,5.531e-10,,1.547e-8,,1.458e-20,7.203e-17,5.400e-34,7.435e-4,1.600e-17,4.326e-26,9.240e-1,1.264e-19,1.346e+0,1.236e-23,5.483e+2,7.117e-21,4.288e-27,3.659e-20,5.528e-23,1.228e-20,7.730e-3,3.218e-2,3.139e+1,,1.946e+2,3.495e-2,,1.257e+2,7.965e-20,,1.150e-19,9.556e-6,1.947e-17,1.064e-18,1.074e-17,,1.479e+2,,4.571e-18,5.909e+0,3.901e+1,1.503e-17,,9.058e-19,4.963e-17
380.24,1.058e+3,5.816e-21,8.294e-28,8.500e-28,1.854e-35,1.071e-33,,5.774e-19,2.023e-22,,2.588e-15,1.277e-20,2.953e-27,1.360e-17,6.787e-20,5.958e-10,,1.464e-8,,1.457e-20,7.235e-17,5.395e-34,5.187e-4,1.616e-17,4.328e-26,9.871e-1,1.264e-19,1.473e+0,1.236e-23,5.385e+2,7.122e-21,4.281e-27,3.660e-20,5.529e-23,1.228e-20,5.386e-3,2.679e-2,2.571e+1,,1.934e+2,2.686e-2,,1.323e+2,7.972e-20,,1.150e-19,1.508e-5,1.947e-17,1.063e-18,1.074e-17,,1.274e+2,,4.532e-18,5.679e+0,3.282e+1,1.503e-17,,9.054e-19,4.965e-17
380.27,1.012e+3,5.818e-21,8.304e-28,9.784e-28,1.854e-35,1.070e-33,,5.785e-19,2.025e-22,,2.589e-15,1.270e-20,2.947e-27,1.360e-17,6.791e-20,6.691e-10,,1.333e-8,,1.455e-20,7.284e-17,5.387e-34,2.992e-4,1.639e-17,4.330e-26,1.079e+0,1.265e-19,1.679e+0,1.237e-23,5.271e+2,7.129e-21,4.271e-27,3.662e-20,5.530e-23,1.228e-20,3.110e-3,2.015e-2,1.886e+1,,1.901e+2,1.792e-2,,1.420e+2,7.981e-20,,1.150e-19,2.961e-5,1.948e-17,1.063e-18,1.073e-17,,1.010e+2,,4.474e-18,5.372e+0,2.509e+1,1.505e-17,,9.048e-19,4.969e-17
380.29,9.873e+2,5.820e-21,8.311e-28,1.067e-27,1.853e-35,1.069e-33,,5.793e-19,2.026e-22,,2.589e-15,1.266e-20,2.943e-27,1.361e-17,6.794e-20,7.236e-10,,1.244e-8,,1.454e-20,7.316e-17,5.382e-34,2.060e-4,1.654e-17,4.331e-26,1.138e+0,1.265e-19,1.826e+0,1.238e-23,5.218e+2,7.134e-21,4.264e-27,3.664e-20,5.531e-23,1.228e-20,2.152e-3,1.656e-2,1.525e+1,,1.871e+2,1.359e-2,,1.482e+2,7.988e-20,,1.150e-19,4.612e-5,1.948e-17,1.062e-18,1.072e-17,,8.587e+1,,4.435e-18,5.195e+0,2.083e+1,1.506e-17,,9.044e-19,4.971e-17
380.32,9.571e+2,5.822e-21,8.321e-28,1.205e-27,1.853e-35,1.068e-33,,5.804e-19,2.028e-22,,2.590e-15,1.260e-20,2.938e-27,1.361e-17,6.799e-20,8.124e-10,,1.111e-8,,1.452e-20,7.364e-17,5.374e-34,1.165e-4,1.678e-17,4.333e-26,1.220e+0,1.265e-19,2.061e+0,1.239e-23,5.167e+2,7.142e-21,4.254e-27,3.666e-20,5.532e-23,1.228e-20,1.251e-3,1.221e-2,1.097e+1,,1.816e+2,8.883e-3,,1.572e+2,7.998e-20,,1.149e-19,8.878e-5,1.949e-17,1.062e-18,1.071e-17,,6.669e+1,,4.377e-18,4.974e+0,1.561e+1,1.507e-17,,9.038e-19,4.975e-17
380.34,9.412e+2,5.823e-21,8.328e-28,1.297e-27,1.853e-35,1.067e-33,,1.147e-18,2.030e-22,,2.591e-15,1.256e-20,2.934e-27,1.361e-17,6.802e-20,8.755e-10,,1.024e-8,,1.451e-20,7.397e-17,5.369e-34,7.914e-5,1.693e-17,4.334e-26,1.269e+0,1.265e-19,2.226e+0,1.239e-23,5.151e+2,7.147e-21,4.247e-27,3.667e-20,5.533e-23,1.228e-20,8.926e-4,9.897e-3,8.749e+0,,1.774e+2,6.647e-3,,1.629e+2,8.004e-20,,1.149e-19,1.365e-4,1.949e-17,1.061e-18,1.070e-17,,5.598e+1,,4.338e-18,4.858e+0,1.279e+1,1.508e-17,,9.034e-19,4.977e-17
380.37,9.226e+2,5.825e-21,8.338e-28,1.435e-27,1.853e-35,1.066e-33,,3.154e-18,2.032e-22,,2.591e-15,1.249e-20,2.928e-27,1.362e-17,6.807e-20,9.741e-10,,8.960e-9,,1.449e-20,7.445e-17,5.361e-34,4.387e-5,1.717e-17,4.336e-26,1.333e+0,1.266e-19,2.482e+0,1.240e-23,5.147e+2,7.155e-21,4.237e-27,3.669e-20,5.535e-23,1.228e-20,5.949e-4,7.153e-3,6.171e+0,,1.704e+2,4.260e-3,,1.706e+2,8.014e-20,,1.149e-19,2.576e-4,1.950e-17,1.061e-18,1.069e-17,,4.261e+1,,4.280e-18,4.731e+0,9.391e+0,1.509e-17,,9.028e-19,4.980e-17
380.39,9.129e+2,5.826e-21,8.345e-28,1.525e-27,1.853e-35,1.065e-33,,6.151e-18,2.033e-22,,2.592e-15,1.245e-20,2.924e-27,1.362e-17,6.810e-20,1.041e-9,,8.145e-9,,1.448e-20,7.477e-17,5.356e-34,2.941e-5,1.732e-17,4.337e-26,1.369e+0,1.266e-19,2.657e+0,1.241e-23,5.156e+2,7.160e-21,4.230e-27,3.670e-20,5.535e-23,1.228e-20,5.150e-4,5.723e-3,4.857e+0,,1.655e+2,3.145e-3,,1.753e+2,8.020e-20,,1.149e-19,3.909e-4,1.950e-17,1.060e-18,1.069e-17,,3.530e+1,,4.241e-18,4.677e+0,7.594e+0,1.510e-17,,9.024e-19,4.982e-17
380.42,9.015e+2,5.828e-21,8.355e-28,1.654e-27,1.852e-35,1.064e-33,,1.659e-17,2.035e-22,,2.593e-15,1.239e-20,2.918e-27,1.363e-17,6.814e-20,1.142e-9,,6.990e-9,,1.446e-20,7.526e-17,5.349e-34,1.598e-5,1.755e-17,4.339e-26,1.410e+0,1.266e-19,2.923e+0,1.242e-23,5.179e+2,7.167e-21,4.220e-27,3.673e-20,5.537e-23,1.228e-20,5.403e-4,4.055e-3,3.359e+0,,1.579e+2,1.976e-3,,1.815e+2,8.030e-20,,1.149e-19,7.234e-4,1.951e-17,1.059e-18,1.068e-17,,2.634e+1,,4.183e-18,4.640e+0,5.467e+0,1.511e-17,,9.018e-19,4.986e-17
380.44,8.952e+2,5.830e-21,8.362e-28,1.734e-27,1.852e-35,1.063e-33,,3.193e-17,2.037e-22,,2.593e-15,1.235e-20,2.914e-27,1.363e-17,6.817e-20,1.208e-9,,6.272e-9,,1.445e-20,7.558e-17,5.343e-34,1.057e-5,1.771e-17,4.341e-26,1.429e+0,1.266e-19,3.099e+0,1.242e-23,5.197e+2,7.172e-21,4.213e-27,3.674e-20,5.538e-23,1.228e-20,6.531e-4,3.201e-3,2.609e+0,,1.529e+2,1.440e-3,,1.849e+2,8.036e-20,,1.148e-19,1.083e-3,1.952e-17,1.059e-18,1.067e-17,,2.153e+1,,8.283e-18,4.642e+0,4.362e+0,1.512e-17,,9.014e-19,4.988e-17
380.47,8.869e+2,5.832e-21,8.372e-28,1.844e-27,1.852e-35,1.062e-33,,8.444e-17,2.039e-22,,2.594e-15,1.229e-20,2.908e-27,1.364e-17,6.822e-20,1.303e-9,,5.278e-9,,1.443e-20,7.606e-17,5.336e-34,5.632e-6,1.794e-17,4.343e-26,1.443e+0,1.267e-19,3.357e+0,1.243e-23,5.223e+2,7.180e-21,4.203e-27,3.676e-20,5.539e-23,1.228e-20,9.953e-4,2.223e-3,1.769e+0,,1.455e+2,8.867e-4,,1.891e+2,8.046e-20,,1.148e-19,1.966e-3,1.952e-17,1.058e-18,1.066e-17,,1.575e+1,,2.286e-17,4.682e+0,3.079e+0,1.513e-17,,9.008e-19,4.991e-17
380.49,8.815e+2,5.833e-21,8.379e-28,1.909e-27,1.852e-35,1.061e-33,,1.604e-16,2.040e-22,,2.594e-15,1.224e-20,2.904e-27,1.364e-17,6.825e-20,1.362e-9,,4.674e-9,,1.442e-20,7.639e-17,5.330e-34,3.676e-6,1.810e-17,4.344e-26,1.443e+0,1.267e-19,3.522e+0,1.244e-23,5.234e+2,7.185e-21,4.196e-27,3.677e-20,5.540e-23,1.228e-20,1.375e-3,1.732e-3,1.356e+0,,1.407e+2,6.376e-4,,1.912e+2,8.052e-20,,1.148e-19,2.906e-3,1.953e-17,1.058e-18,1.066e-17,,1.270e+1,,4.467e-17,4.728e+0,2.424e+0,1.514e-17,,9.004e-19,4.994e-17
380.51,8.759e+2,5.834e-21,8.386e-28,1.965e-27,1.852e-35,1.061e-33,,3.032e-16,2.042e-22,,2.595e-15,1.220e-20,2.900e-27,1.364e-17,6.828e-20,1.417e-9,,4.118e-9,,1.441e-20,7.671e-17,5.325e-34,2.387e-6,1.825e-17,4.345e-26,1.436e+0,1.267e-19,3.679e+0,1.244e-23,5.240e+2,7.190e-21,4.190e-27,3.679e-20,5.541e-23,1.228e-20,1.920e-3,1.342e-3,1.034e+0,,1.362e+2,4.560e-4,,1.927e+2,8.059e-20,,1.148e-19,4.273e-3,1.953e-17,1.057e-18,1.065e-17,,1.019e+1,,8.686e-17,4.789e+0,1.899e+0,1.515e-17,,9.000e-19,4.996e-17
380.54,8.665e+2,5.836e-21,8.396e-28,2.032e-27,1.851e-35,1.059e-33,,7.803e-16,2.044e-22,,2.596e-15,1.214e-20,2.895e-27,1.365e-17,6.833e-20,1.489e-9,,3.374e-9,,1.439e-20,7.719e-17,5.317e-34,1.236e-6,1.849e-17,4.347e-26,1.410e+0,1.267e-19,3.896e+0,1.245e-23,5.232e+2,7.197e-21,4.180e-27,3.681e-20,5.542e-23,1.228e-20,3.182e-3,9.066e-4,6.815e-1,,1.300e+2,2.731e-4,,1.938e+2,8.069e-20,,1.148e-19,7.543e-3,1.954e-17,1.057e-18,1.064e-17,,7.252e+0,,2.332e-16,4.898e+0,1.303e+0,1.516e-17,,8.994e-19,4.999e-17
380.56,8.592e+2,5.838e-21,1.662e-27,2.065e-27,1.851e-35,1.059e-33,,1.456e-15,2.045e-22,,2.596e-15,1.210e-20,2.891e-27,1.365e-17,6.836e-20,1.529e-9,,2.937e-9,,1.438e-20,7.751e-17,5.312e-34,7.922e-7,1.864e-17,4.348e-26,1.385e+0,1.268e-19,4.025e+0,1.246e-23,5.213e+2,7.202e-21,4.173e-27,3.682e-20,5.543e-23,1.228e-20,4.443e-3,6.933e-4,5.128e-1,,1.263e+2,1.927e-4,,1.939e+2,8.075e-20,,1.147e-19,1.095e-2,1.954e-17,1.056e-18,1.064e-17,,5.741e+0,,4.475e-16,4.979e+0,1.007e+0,1.517e-17,,8.990e-19,5.002e-17
380.59,8.465e+2,5.840e-21,4.582e-27,2.093e-27,1.851e-35,1.058e-33,,3.673e-15,2.047e-22,,2.597e-15,1.203e-20,2.885e-27,1.366e-17,6.840e-20,1.577e-9,,2.366e-9,,1.437e-20,7.800e-17,5.305e-34,4.022e-7,1.888e-17,4.350e-26,1.333e+0,1.268e-19,4.190e+0,1.247e-23,5.165e+2,7.210e-21,4.163e-27,3.684e-20,5.544e-23,1.228e-20,7.272e-3,4.590e-4,3.314e-1,,1.213e+2,1.131e-4,,1.930e+2,8.085e-20,,1.147e-19,1.895e-2,1.955e-17,1.056e-18,1.063e-17,,4.004e+0,,1.178e-15,5.104e+0,6.776e-1,1.518e-17,,8.984e-19,5.005e-17
380.61,8.367e+2,5.841e-21,8.952e-27,2.099e-27,1.851e-35,1.057e-33,,6.766e-15,2.049e-22,,2.597e-15,1.199e-20,2.881e-27,1.366e-17,6.844e-20,1.599e-9,,2.039e-9,,1.435e-20,7.832e-17,5.299e-34,2.543e-7,1.903e-17,4.352e-26,1.292e+0,1.268e-19,4.279e+0,1.247e-23,5.118e+2,7.215e-21,4.156e-27,3.686e-20,5.545e-23,1.228e-20,1.004e-2,3.464e-4,2.461e-1,,1.184e+2,7.879e-5,,1.918e+2,8.091e-20,,1.147e-19,2.714e-2,1.955e-17,1.055e-18,1.062e-17,,3.129e+0,,2.232e-15,5.185e+0,5.168e-1,1.519e-17,,8.980e-19,5.007e-17
380.64,8.199e+2,5.843e-21,2.421e-26,2.086e-27,1.851e-35,1.056e-33,,1.674e-14,2.051e-22,,2.598e-15,1.193e-20,2.875e-27,1.366e-17,6.848e-20,1.616e-9,,1.625e-9,,1.434e-20,7.880e-17,5.292e-34,1.266e-7,1.926e-17,4.353e-26,1.220e+0,1.268e-19,4.379e+0,1.248e-23,5.026e+2,7.223e-21,4.146e-27,3.688e-20,5.547e-23,1.228e-20,1.613e-2,2.248e-4,1.559e-1,,1.146e+2,4.534e-5,,1.891e+2,8.101e-20,,1.147e-19,4.606e-2,1.956e-17,1.055e-18,1.061e-17,,2.139e+0,,5.763e-15,5.295e+0,3.409e-1,1.520e-17,,8.974e-19,5.011e-17
380.66,8.075e+2,5.844e-21,4.668e-26,2.065e-27,1.850e-35,1.055e-33,,3.043e-14,2.052e-22,,2.599e-15,1.189e-20,2.871e-27,1.367e-17,6.851e-20,1.617e-9,,1.396e-9,,1.433e-20,7.913e-17,5.286e-34,7.897e-8,1.942e-17,4.355e-26,1.166e+0,1.269e-19,4.421e+0,1.249e-23,4.952e+2,7.228e-21,4.139e-27,3.689e-20,5.548e-23,1.228e-20,2.198e-2,1.674e-4,1.143e-1,,1.124e+2,3.116e-5,,1.868e+2,8.107e-20,,1.147e-19,6.512e-2,1.957e-17,1.054e-18,1.060e-17,,1.649e+0,,1.077e-14,5.357e+0,2.566e-1,1.521e-17,,8.970e-19,5.013e-17
380.69,7.873e+2,5.846e-21,1.238e-25,2.012e-27,1.850e-35,1.054e-33,,7.384e-14,2.054e-22,,2.599e-15,1.183e-20,2.865e-27,1.367e-17,6.856e-20,1.603e-9,,1.118e-9,,1.431e-20,7.961e-17,5.279e-34,3.853e-8,1.965e-17,4.357e-26,1.079e+0,1.269e-19,4.446e+0,1.250e-23,4.826e+2,7.235e-21,4.129e-27,3.691e-20,5.549e-23,1.228e-20,3.463e-2,1.065e-4,7.097e-2,,1.096e+2,1.758e-5,,1.826e+2,8.117e-20,,1.146e-19,1.084e-1,1.957e-17,1.053e-18,1.059e-17,,1.105e+0,,2.728e-14,5.426e+0,1.659e-1,1.522e-17,,8.965e-19,5.016e-17
380.71,7.731e+2,5.848e-21,2.356e-25,1.965e-27,1.850e-35,1.053e-33,,1.325e-13,2.056e-22,,2.600e-15,1.178e-20,2.861e-27,1.368e-17,6.859e-20,1.584e-9,,9.745e-10,,1.430e-20,7.993e-17,5.274e-34,2.372e-8,1.981e-17,4.358e-26,1.018e+0,1.269e-19,4.437e+0,1.250e-23,4.736e+2,7.240e-21,4.122e-27,3.693e-20,5.550e-23,1.228e-20,4.659e-2,7.828e-5,5.132e-2,,1.079e+2,1.192e-5,,1.795e+2,8.123e-20,,1.146e-19,1.512e-1,1.958e-17,1.053e-18,1.059e-17,,8.410e-1,,5.035e-14,5.452e+0,1.232e-1,1.523e-17,,8.961e-19,5.019e-17
380.74,7.514e+2,5.850e-21,6.127e-25,1.877e-27,1.850e-35,1.052e-33,,3.152e-13,2.058e-22,,2.601e-15,1.172e-20,2.855e-27,1.368e-17,6.863e-20,1.539e-9,,8.176e-10,,1.428e-20,8.042e-17,5.266e-34,1.134e-8,2.004e-17,4.360e-26,9.240e-1,1.269e-19,4.385e+0,1.251e-23,4.596e+2,7.248e-21,4.112e-27,3.695e-20,5.551e-23,1.228e-20,7.197e-2,4.882e-5,3.124e-2,,1.056e+2,6.590e-6,,1.743e+2,8.133e-20,,1.146e-19,2.467e-1,1.958e-17,1.052e-18,1.058e-17,,5.526e-1,,1.250e-13,5.456e+0,7.808e-2,1.524e-17,,8.955e-19,5.022e-17
380.76,7.370e+2,5.851e-21,1.151e-24,1.809e-27,1.850e-35,1.051e-33,,5.582e-13,2.059e-22,,2.601e-15,1.168e-20,2.851e-27,1.368e-17,6.867e-20,1.500e-9,,7.510e-10,,1.427e-20,8.074e-17,5.261e-34,6.890e-9,2.020e-17,4.361e-26,8.604e-1,1.270e-19,4.326e+0,1.252e-23,4.506e+2,7.253e-21,4.105e-27,3.696e-20,5.552e-23,1.228e-20,9.555e-2,3.540e-5,2.230e-2,,1.042e+2,4.410e-6,,1.706e+2,8.140e-20,,1.146e-19,3.398e-1,1.959e-17,1.052e-18,1.057e-17,,4.149e-1,,2.277e-13,5.433e+0,5.723e-2,1.525e-17,,8.951e-19,5.024e-17
380.79,7.165e+2,5.853e-21,2.936e-24,1.695e-27,1.849e-35,1.050e-33,,1.302e-12,2.061e-22,,2.602e-15,1.162e-20,2.846e-27,1.369e-17,6.871e-20,1.430e-9,,7.075e-10,,1.425e-20,8.122e-17,5.253e-34,3.230e-9,2.043e-17,4.363e-26,7.654e-1,1.270e-19,4.202e+0,1.253e-23,4.383e+2,7.260e-21,4.095e-27,3.698e-20,5.554e-23,1.228e-20,1.447e-1,2.165e-5,1.331e-2,,1.021e+2,2.390e-6,,1.648e+2,8.149e-20,,1.145e-19,5.436e-1,1.960e-17,1.051e-18,1.056e-17,,2.672e-1,,5.544e-13,5.360e+0,3.555e-2,1.527e-17,,8.945e-19,5.028e-17
380.81,7.041e+2,5.854e-21,5.444e-24,1.612e-27,1.849e-35,1.049e-33,,2.277e-12,2.063e-22,,2.602e-15,1.157e-20,2.842e-27,1.369e-17,6.874e-20,1.375e-9,,7.171e-10,,1.424e-20,8.155e-17,5.248e-34,1.936e-9,2.058e-17,4.364e-26,7.034e-1,1.270e-19,4.099e+0,1.253e-23,4.315e+2,7.265e-21,4.088e-27,3.700e-20,5.554e-23,1.228e-20,1.897e-1,1.549e-5,9.370e-3,,1.006e+2,1.578e-6,,1.608e+2,8.156e-20,,1.145e-19,7.388e-1,1.960e-17,1.051e-18,1.056e-17,,1.980e-1,,9.968e-13,5.283e+0,2.571e-2,1.527e-17,,8.941e-19,5.030e-17
380.84,6.887e+2,5.856e-21,1.361e-23,1.480e-27,1.849e-35,1.048e-33,,5.209e-12,2.065e-22,,2.603e-15,1.151e-20,2.836e-27,1.370e-17,6.879e-20,1.285e-9,,7.933e-10,,1.422e-20,8.203e-17,5.240e-34,8.896e-10,2.082e-17,4.366e-26,6.135e-1,1.270e-19,3.914e+0,1.254e-23,4.245e+2,7.273e-21,4.078e-27,3.702e-20,5.556e-23,1.228e-20,2.817e-1,9.284e-6,5.482e-3,,9.818e+1,8.386e-7,,1.547e+2,8.165e-20,,1.145e-19,1.159e+0,1.961e-17,1.050e-18,1.055e-17,,1.250e-1,,2.380e-12,5.128e+0,1.566e-2,1.529e-17,,8.935e-19,5.033e-17
380.86,6.810e+2,5.858e-21,2.492e-23,1.389e-27,1.849e-35,1.047e-33,,8.987e-12,2.066e-22,,2.604e-15,1.147e-20,2.832e-27,1.370e-17,6.882e-20,1.220e-9,,8.889e-10,,1.421e-20,8.235e-17,5.235e-34,5.262e-10,2.097e-17,4.368e-26,5.563e-1,1.271e-19,3.775e+0,1.255e-23,4.227e+2,7.278e-21,4.072e-27,3.703e-20,5.557e-23,1.228e-20,3.643e-1,6.556e-6,3.809e-3,,9.641e+1,5.465e-7,,1.506e+2,8.172e-20,,1.145e-19,1.555e+0,1.961e-17,1.050e-18,1.054e-17,,9.139e-2,,4.224e-12,4.999e+0,1.118e-2,1.529e-17,,8.931e-19,5.036e-17
380.89,6.749e+2,5.860e-21,6.111e-23,1.251e-27,1.849e-35,1.046e-33,,2.017e-11,2.069e-22,,2.604e-15,1.141e-20,2.826e-27,1.371e-17,6.887e-20,1.118e-9,,1.109e-9,,1.419e-20,8.284e-17,5.227e-34,2.370e-10,2.121e-17,4.370e-26,4.757e-1,1.271e-19,3.545e+0,1.256e-23,4.252e+2,7.286e-21,4.061e-27,3.705e-20,5.558e-23,1.228e-20,5.306e-1,3.852e-6,2.185e-3,,9.346e+1,2.846e-7,,1.445e+2,8.182e-20,,1.145e-19,2.392e+0,1.962e-17,1.049e-18,1.053e-17,,5.656e-2,,9.889e-12,4.769e+0,6.673e-3,1.531e-17,,8.925e-19,5.039e-17
380.91,6.750e+2,5.861e-21,1.104e-22,1.159e-27,1.848e-35,1.045e-33,,3.434e-11,2.070e-22,,2.605e-15,1.136e-20,2.822e-27,1.371e-17,6.890e-20,1.047e-9,,1.313e-9,,1.418e-20,8.316e-17,5.222e-34,1.383e-10,2.136e-17,4.371e-26,4.257e-1,1.271e-19,3.381e+0,1.256e-23,4.310e+2,7.291e-21,4.055e-27,3.707e-20,5.559e-23,1.228e-20,6.772e-1,2.684e-6,1.498e-3,,9.128e+1,1.830e-7,,1.404e+2,8.188e-20,,1.144e-19,3.167e+0,1.962e-17,1.049e-18,1.053e-17,,4.081e-2,,1.732e-11,4.594e+0,4.700e-3,1.532e-17,,8.921e-19,5.041e-17
380.93,6.791e+2,5.862e-21,1.985e-22,1.067e-27,1.848e-35,1.045e-33,,5.817e-11,2.071e-22,,2.605e-15,1.132e-20,2.818e-27,1.371e-17,6.893e-20,9.759e-10,,1.570e-9,,1.417e-20,8.348e-17,5.217e-34,8.032e-11,2.152e-17,4.372e-26,3.790e-1,1.271e-19,3.211e+0,1.257e-23,4.407e+2,7.296e-21,4.048e-27,3.708e-20,5.560e-23,1.228e-20,8.599e-1,1.860e-6,1.022e-3,,8.893e+1,1.170e-7,,1.364e+2,8.195e-20,,1.144e-19,4.171e+0,1.963e-17,1.048e-18,1.052e-17,,2.929e-2,,3.019e-11,4.404e+0,3.293e-3,1.532e-17,,8.917e-19,5.044e-17
380.96,6.937e+2,5.864e-21,4.735e-22,9.348e-28,1.848e-35,1.044e-33,,1.270e-10,2.073e-22,,2.606e-15,1.126e-20,2.812e-27,1.372e-17,6.897e-20,8.695e-10,,2.071e-9,,1.415e-20,8.397e-17,5.209e-34,3.518e-11,2.175e-17,4.374e-26,3.152e-1,1.272e-19,2.947e+0,1.258e-23,4.633e+2,7.303e-21,4.038e-27,3.710e-20,5.561e-23,1.228e-20,1.218e+0,1.063e-6,5.699e-4,,8.507e+1,5.928e-8,,1.305e+2,8.204e-20,,1.144e-19,6.242e+0,1.963e-17,1.047e-18,1.051e-17,,1.763e-2,,6.877e-11,4.095e+0,1.912e-3,1.534e-17,,8.911e-19,5.047e-17
380.98,7.099e+2,5.865e-21,8.401e-22,8.500e-28,1.848e-35,1.043e-33,,2.124e-10,2.075e-22,,2.607e-15,1.122e-20,2.808e-27,1.372e-17,6.900e-20,7.998e-10,,2.493e-9,,1.414e-20,8.429e-17,5.204e-34,2.015e-11,2.190e-17,4.375e-26,2.769e-1,1.272e-19,2.769e+0,1.258e-23,4.844e+2,7.308e-21,4.031e-27,3.711e-20,5.562e-23,1.228e-20,1.527e+0,7.271e-7,3.836e-4,,8.230e+1,3.741e-8,,1.266e+2,8.211e-20,,1.144e-19,8.113e+0,1.964e-17,1.047e-18,1.050e-17,,1.249e-2,,1.183e-10,3.878e+0,1.322e-3,1.535e-17,,8.907e-19,5.049e-17
381.01,7.450e+2,5.867e-21,1.966e-21,7.298e-28,1.848e-35,1.042e-33,,4.547e-10,2.077e-22,,2.607e-15,1.116e-20,2.803e-27,1.373e-17,6.905e-20,6.986e-10,,3.282e-9,,1.413e-20,8.477e-17,5.196e-34,8.652e-12,2.214e-17,4.377e-26,2.258e-1,1.272e-19,2.501e+0,1.259e-23,5.259e+2,7.316e-21,4.021e-27,3.713e-20,5.563e-23,1.228e-20,2.121e+0,4.072e-7,2.097e-4,,7.791e+1,1.857e-8,,1.209e+2,8.220e-20,,1.144e-19,1.191e+1,1.965e-17,1.046e-18,1.049e-17,,7.367e-3,,2.643e-10,3.539e+0,7.522e-4,1.536e-17,,8.901e-19,5.053e-17
381.03,7.763e+2,5.869e-21,3.442e-21,6.549e-28,1.847e-35,1.041e-33,,7.505e-10,2.078e-22,,2.608e-15,1.111e-20,2.799e-27,1.373e-17,6.908e-20,6.342e-10,,3.927e-9,,1.411e-20,8.509e-17,5.191e-34,4.891e-12,2.229e-17,4.378e-26,1.957e-1,1.272e-19,2.325e+0,1.260e-23,5.606e+2,7.321e-21,4.014e-27,3.715e-20,5.564e-23,1.228e-20,2.623e+0,2.749e-7,1.393e-4,,7.486e+1,1.157e-8,,1.171e+2,8.227e-20,,1.143e-19,1.527e+1,1.965e-17,1.046e-18,1.049e-17,,5.149e-3,,4.487e-10,3.309e+0,5.132e-4,1.537e-17,,8.897e-19,5.055e-17
381.06,8.362e+2,5.871e-21,7.900e-21,5.512e-28,1.847e-35,1.040e-33,,1.576e-9,2.081e-22,,2.609e-15,1.105e-20,2.793e-27,1.373e-17,6.913e-20,5.431e-10,,5.103e-9,,1.410e-20,8.558e-17,5.183e-34,2.058e-12,2.253e-17,4.380e-26,1.565e-1,1.273e-19,2.068e+0,1.261e-23,6.236e+2,7.328e-21,4.004e-27,3.717e-20,5.566e-23,1.228e-20,3.573e+0,1.509e-7,7.466e-5,,7.016e+1,5.630e-9,,1.116e+2,8.236e-20,,1.143e-19,2.198e+1,1.966e-17,1.045e-18,1.048e-17,,2.978e-3,,9.829e-10,2.963e+0,2.863e-4,1.538e-17,,8.891e-19,5.058e-17
381.08,8.854e+2,5.872e-21,1.365e-20,4.882e-28,1.847e-35,1.039e-33,,2.567e-9,2.082e-22,,2.609e-15,1.101e-20,2.789e-27,1.374e-17,6.916e-20,4.866e-10,,6.042e-9,,1.409e-20,8.590e-17,5.178e-34,1.148e-12,2.268e-17,4.382e-26,1.339e-1,1.273e-19,1.903e+0,1.261e-23,6.734e+2,7.334e-21,3.997e-27,3.718e-20,5.567e-23,1.228e-20,4.361e+0,1.005e-7,4.894e-5,,6.701e+1,3.460e-9,,1.080e+2,8.243e-20,,1.143e-19,2.783e+1,1.966e-17,1.045e-18,1.047e-17,,2.054e-3,,1.647e-9,2.735e+0,1.928e-4,1.539e-17,,8.887e-19,5.060e-17
381.11,9.740e+2,5.874e-21,3.073e-20,4.028e-28,1.847e-35,1.038e-33,,5.286e-9,2.084e-22,,2.610e-15,1.095e-20,2.783e-27,1.374e-17,6.920e-20,4.086e-10,,7.717e-9,,1.407e-20,8.639e-17,5.170e-34,4.736e-13,2.291e-17,4.384e-26,1.049e-1,1.273e-19,1.667e+0,1.262e-23,7.597e+2,7.341e-21,3.987e-27,3.720e-20,5.568e-23,1.228e-20,5.824e+0,5.410e-8,2.571e-5,,6.233e+1,1.650e-9,,1.028e+2,8.253e-20,,1.143e-19,3.926e+1,1.967e-17,1.044e-18,1.046e-17,,1.165e-3,,3.538e-9,2.402e+0,1.054e-4,1.540e-17,,8.881e-19,5.064e-17
381.13,1.043e+3,5.875e-21,5.242e-20,3.521e-28,1.847e-35,1.037e-33,,8.500e-9,2.085e-22,,2.610e-15,1.090e-20,2.779e-27,1.375e-17,6.923e-20,3.612e-10,,9.028e-9,,1.406e-20,8.671e-17,5.165e-34,2.607e-13,2.307e-17,4.385e-26,8.858e-2,1.273e-19,1.519e+0,1.263e-23,8.250e+2,7.346e-21,3.980e-27,3.722e-20,5.569e-23,1.228e-20,7.017e+0,3.556e-8,1.663e-5,,5.929e+1,1.001e-9,,9.931e+1,8.259e-20,,1.143e-19,4.906e+1,1.967e-17,1.044e-18,1.046e-17,,7.926e-4,,5.853e-9,2.189e+0,7.004e-5,1.541e-17,,8.877e-19,5.066e-17
381.16,1.164e+3,5.877e-21,1.157e-19,2.848e-28,1.846e-35,1.036e-33,,1.716e-8,2.088e-22,,2.611e-15,1.084e-20,2.773e-27,1.375e-17,6.928e-20,2.973e-10,,1.132e-8,,1.404e-20,8.719e-17,5.157e-34,1.054e-13,2.330e-17,4.387e-26,6.805e-2,1.273e-19,1.311e+0,1.264e-23,9.346e+2,7.354e-21,3.970e-27,3.724e-20,5.570e-23,1.228e-20,9.189e+0,1.876e-8,8.564e-6,,5.493e+1,4.681e-10,,9.424e+1,8.269e-20,,1.142e-19,6.787e+1,1.968e-17,1.043e-18,1.045e-17,,4.406e-4,,1.233e-8,1.885e+0,3.755e-5,1.542e-17,,8.871e-19,5.070e-17
381.18,1.256e+3,5.879e-21,1.948e-19,2.457e-28,1.846e-35,1.035e-33,,2.724e-8,2.089e-22,,2.612e-15,1.080e-20,2.769e-27,1.375e-17,6.931e-20,2.595e-10,,1.307e-8,,1.403e-20,8.751e-17,5.152e-34,5.726e-14,2.346e-17,4.388e-26,5.671e-2,1.274e-19,1.183e+0,1.264e-23,1.015e+3,7.359e-21,3.964e-27,3.725e-20,5.571e-23,1.228e-20,1.093e+1,1.217e-8,5.466e-6,,5.220e+1,2.801e-10,,9.094e+1,8.275e-20,,1.142e-19,8.371e+1,1.968e-17,1.043e-18,1.044e-17,,2.959e-4,,2.013e-8,1.696e+0,2.462e-5,1.543e-17,,8.867e-19,5.072e-17
381.21,1.411e+3,5.881e-21,4.216e-19,1.949e-28,1.846e-35,1.034e-33,,5.394e-8,2.091e-22,,2.613e-15,1.074e-20,2.763e-27,1.376e-17,6.936e-20,2.094e-10,,1.608e-8,,1.401e-20,8.800e-17,5.144e-34,2.269e-14,2.369e-17,4.390e-26,4.271e-2,1.274e-19,1.007e+0,1.265e-23,1.147e+3,7.366e-21,3.953e-27,3.727e-20,5.573e-23,1.228e-20,1.403e+1,6.294e-9,2.760e-6,,4.845e+1,1.284e-10,,8.609e+1,8.285e-20,,1.142e-19,1.135e+2,1.969e-17,1.042e-18,1.043e-17,,1.612e-4,,4.159e-8,1.432e+0,1.294e-5,1.544e-17,,8.861e-19,5.075e-17
381.23,1.527e+3,5.882e-21,7.007e-19,1.659e-28,1.846e-35,1.033e-33,,8.451e-8,2.093e-22,,2.613e-15,1.070e-20,2.760e-27,1.376e-17,6.939e-20,1.803e-10,,1.834e-8,,1.400e-20,8.832e-17,5.139e-34,1.216e-14,2.385e-17,4.391e-26,3.512e-2,1.274e-19,8.998e-1,1.266e-23,1.241e+3,7.371e-21,3.947e-27,3.729e-20,5.573e-23,1.228e-20,1.646e+1,4.029e-9,1.738e-6,,4.619e+1,7.582e-11,,8.293e+1,8.291e-20,,1.142e-19,1.382e+2,1.970e-17,1.042e-18,1.042e-17,,1.069e-4,,6.702e-8,1.272e+0,8.370e-6,1.545e-17,,8.857e-19,5.077e-17
381.26,1.719e+3,5.884e-21,1.487e-18,1.290e-28,1.846e-35,1.032e-33,,1.641e-7,2.095e-22,,2.614e-15,1.063e-20,2.754e-27,1.377e-17,6.943e-20,1.427e-10,,2.213e-8,,1.398e-20,8.880e-17,5.131e-34,4.724e-15,2.408e-17,4.393e-26,2.594e-2,1.274e-19,7.551e-1,1.267e-23,1.391e+3,7.379e-21,3.937e-27,3.731e-20,5.575e-23,1.228e-20,2.073e+1,2.043e-9,8.602e-7,,4.322e+1,3.407e-11,,7.831e+1,8.301e-20,,1.141e-19,1.838e+2,1.970e-17,1.041e-18,1.042e-17,,5.708e-5,,1.358e-7,1.053e+0,4.312e-6,1.546e-17,,8.851e-19,5.081e-17
381.28,1.859e+3,5.885e-21,2.440e-18,1.083e-28,1.845e-35,1.032e-33,,2.538e-7,2.096e-22,,2.614e-15,1.059e-20,2.750e-27,1.377e-17,6.946e-20,1.212e-10,,2.492e-8,,1.397e-20,8.913e-17,5.126e-34,2.499e-15,2.424e-17,4.395e-26,2.105e-2,1.275e-19,6.689e-1,1.267e-23,1.496e+3,7.384e-21,3.930e-27,3.732e-20,5.576e-23,1.228e-20,2.401e+1,1.290e-9,5.347e-7,,4.152e+1,1.985e-11,,7.532e+1,8.308e-20,,1.141e-19,2.209e+2,1.971e-17,1.040e-18,1.041e-17,,3.733e-5,,2.160e-7,9.228e-1,2.753e-6,1.547e-17,,8.847e-19,5.083e-17
381.3,2.010e+3,5.887e-21,3.982e-18,9.053e-29,1.845e-35,1.031e-33,,3.904e-7,2.097e-22,,2.615e-15,1.055e-20,2.746e-27,1.377e-17,6.949e-20,1.025e-10,,2.792e-8,,1.396e-20,8.945e-17,5.121e-34,1.314e-15,2.439e-17,4.396e-26,1.699e-2,1.275e-19,5.905e-1,1.268e-23,1.604e+3,7.389e-21,3.923e-27,3.734e-20,5.577e-23,1.228e-20,2.766e+1,8.112e-10,3.305e-7,,4.006e+1,1.151e-11,,7.240e+1,8.314e-20,,1.141e-19,2.640e+2,1.971e-17,1.040e-18,1.040e-17,,2.429e-5,,3.417e-7,8.044e-1,1.748e-6,1.548e-17,,8.843e-19,5.085e-17
381.33,2.255e+3,5.889e-21,8.222e-18,6.847e-29,1.845e-35,1.030e-33,,7.378e-7,2.100e-22,,2.616e-15,1.049e-20,2.740e-27,1.378e-17,6.954e-20,7.888e-11,,3.280e-8,,1.394e-20,8.993e-17,5.113e-34,4.966e-16,2.462e-17,4.398e-26,1.220e-2,1.275e-19,4.870e-1,1.269e-23,1.772e+3,7.397e-21,3.913e-27,3.736e-20,5.578e-23,1.228e-20,3.388e+1,4.011e-10,1.591e-7,,3.830e+1,5.028e-12,,6.815e+1,8.324e-20,,1.141e-19,3.416e+2,1.972e-17,1.039e-18,1.039e-17,,1.262e-5,,6.736e-7,6.481e-1,8.760e-7,1.549e-17,,8.838e-19,5.089e-17
381.35,2.431e+3,5.890e-21,1.325e-17,5.646e-29,1.845e-35,1.029e-33,,1.120e-6,2.101e-22,,2.616e-15,1.044e-20,2.736e-27,1.378e-17,6.957e-20,6.581e-11,,3.628e-8,,1.393e-20,9.026e-17,5.108e-34,2.578e-16,2.478e-17,4.399e-26,9.722e-3,1.275e-19,4.269e-1,1.269e-23,1.886e+3,7.402e-21,3.906e-27,3.737e-20,5.579e-23,1.228e-20,3.853e+1,2.502e-10,9.705e-8,,3.740e+1,2.876e-12,,6.541e+1,8.330e-20,,1.141e-19,4.029e+2,1.972e-17,1.039e-18,1.039e-17,,8.099e-6,,1.052e-6,5.575e-1,5.489e-7,1.550e-17,,8.834e-19,5.091e-17
381.38,2.716e+3,5.892e-21,2.682e-17,4.187e-29,1.845e-35,1.028e-33,,2.076e-6,2.103e-22,,2.617e-15,1.038e-20,2.730e-27,1.379e-17,6.962e-20,4.966e-11,,4.180e-8,,1.391e-20,9.074e-17,5.100e-34,9.545e-17,2.501e-17,4.401e-26,6.846e-3,1.276e-19,3.491e-1,1.270e-23,2.060e+3,7.409e-21,3.896e-27,3.739e-20,5.580e-23,1.228e-20,4.627e+1,1.251e-10,4.579e-8,,3.645e+1,1.232e-12,,6.145e+1,8.340e-20,,1.140e-19,5.112e+2,1.973e-17,1.038e-18,1.038e-17,,4.125e-6,,2.034e-6,4.405e-1,2.696e-7,1.551e-17,,8.828e-19,5.094e-17
381.4,2.919e+3,5.893e-21,4.265e-17,3.407e-29,1.844e-35,1.027e-33,,3.112e-6,2.105e-22,,2.617e-15,1.034e-20,2.726e-27,1.379e-17,6.965e-20,4.089e-11,,4.564e-8,,1.390e-20,9.106e-17,5.095e-34,4.889e-17,2.517e-17,4.402e-26,5.382e-3,1.276e-19,3.049e-1,1.271e-23,2.176e+3,7.414e-21,3.889e-27,3.741e-20,5.581e-23,1.228e-20,5.193e+1,8.208e-11,2.757e-8,,3.606e+1,6.953e-13,,5.890e+1,8.346e-20,,1.140e-19,5.952e+2,1.973e-17,1.038e-18,1.037e-17,,2.613e-6,,3.135e-6,3.740e-1,1.667e-7,1.552e-17,,8.824e-19,5.097e-17
381.43,3.243e+3,5.895e-21,8.470e-17,2.477e-29,1.844e-35,1.026e-33,,5.657e-6,2.107e-22,,2.618e-15,1.028e-20,2.720e-27,1.380e-17,6.969e-20,3.025e-11,,5.158e-8,,1.389e-20,9.155e-17,5.087e-34,1.775e-17,2.540e-17,4.404e-26,3.715e-3,1.276e-19,2.494e-1,1.272e-23,2.350e+3,7.422e-21,3.879e-27,3.743e-20,5.583e-23,1.228e-20,6.115e+1,5.342e-11,1.275e-8,,3.578e+1,2.919e-13,,5.522e+1,8.356e-20,,1.140e-19,7.404e+2,1.974e-17,1.037e-18,1.036e-17,,1.304e-6,,5.943e-6,2.897e-1,8.027e-8,1.553e-17,,8.818e-19,5.100e-17
381.45,3.472e+3,5.897e-21,1.329e-16,1.989e-29,1.844e-35,1.025e-33,,8.370e-6,2.108e-22,,2.619e-15,1.024e-20,2.716e-27,1.380e-17,6.972e-20,2.458e-11,,5.561e-8,,1.387e-20,9.187e-17,5.082e-34,8.970e-18,2.556e-17,4.405e-26,2.883e-3,1.276e-19,2.192e-1,1.272e-23,2.465e+3,7.427e-21,3.872e-27,3.744e-20,5.583e-23,1.228e-20,6.773e+1,5.164e-11,7.574e-9,,3.577e+1,1.626e-13,,5.286e+1,8.362e-20,,1.140e-19,8.508e+2,1.975e-17,1.037e-18,1.036e-17,,8.155e-7,,9.043e-6,2.428e-1,4.898e-8,1.554e-17,,8.814e-19,5.102e-17
381.48,3.836e+3,5.899e-21,2.589e-16,1.418e-29,1.844e-35,1.024e-33,,1.492e-5,2.110e-22,,2.619e-15,1.017e-20,2.711e-27,1.381e-17,6.977e-20,1.782e-11,,6.164e-8,,1.386e-20,9.235e-17,5.074e-34,3.191e-18,2.579e-17,4.407e-26,1.951e-3,1.277e-19,1.831e-1,1.273e-23,2.634e+3,7.434e-21,3.862e-27,3.746e-20,5.585e-23,1.228e-20,7.820e+1,7.355e-11,3.434e-9,,3.598e+1,6.692e-14,,4.946e+1,8.372e-20,,1.140e-19,1.038e+3,1.975e-17,1.036e-18,1.035e-17,,3.991e-7,,1.681e-5,1.845e-1,2.312e-8,1.556e-17,,8.808e-19,5.106e-17
381.5,4.091e+3,5.900e-21,4.011e-16,1.124e-29,1.844e-35,1.023e-33,,2.179e-5,2.112e-22,,2.620e-15,1.013e-20,2.707e-27,1.381e-17,6.980e-20,1.429e-11,,6.560e-8,,1.385e-20,9.268e-17,5.069e-34,3.172e-18,2.594e-17,4.409e-26,1.494e-3,1.277e-19,1.650e-1,1.274e-23,2.745e+3,7.439e-21,3.856e-27,3.748e-20,5.586e-23,1.228e-20,8.550e+1,1.091e-10,2.013e-9,,3.623e+1,3.678e-14,,4.729e+1,8.379e-20,,1.139e-19,1.177e+3,1.976e-17,1.036e-18,1.034e-17,,2.462e-7,,2.525e-5,1.526e-1,1.392e-8,1.556e-17,,1.742e-18,5.108e-17
381.53,4.492e+3,5.902e-21,7.659e-16,7.852e-30,1.843e-35,1.022e-33,,3.810e-5,2.114e-22,,2.621e-15,1.007e-20,2.701e-27,1.381e-17,6.985e-20,1.016e-11,,7.134e-8,,1.383e-20,9.316e-17,5.061e-34,3.144e-18,2.618e-17,4.411e-26,9.910e-4,1.277e-19,1.464e-1,1.275e-23,2.907e+3,7.447e-21,3.845e-27,3.750e-20,5.587e-23,1.228e-20,9.678e+1,2.133e-10,8.946e-10,,3.672e+1,1.484e-14,,4.418e+1,8.388e-20,,1.139e-19,1.408e+3,1.976e-17,1.035e-18,1.033e-17,,1.181e-7,,4.602e-5,1.138e-1,6.441e-9,1.558e-17,,4.798e-18,5.111e-17
381.55,4.771e+3,5.903e-21,1.171e-15,6.142e-30,1.843e-35,1.021e-33,,5.493e-5,2.115e-22,,2.621e-15,1.003e-20,2.697e-27,1.382e-17,6.988e-20,8.044e-12,,7.495e-8,,1.382e-20,9.348e-17,5.056e-34,3.125e-18,2.633e-17,4.412e-26,7.489e-4,1.277e-19,1.395e-1,1.275e-23,3.011e+3,7.452e-21,3.839e-27,3.751e-20,5.588e-23,1.228e-20,1.044e+2,3.382e-10,5.175e-10,,3.709e+1,8.047e-15,,4.220e+1,8.395e-20,,1.139e-19,1.576e+3,1.977e-17,1.034e-18,1.032e-17,,7.190e-8,,6.823e-5,9.309e-2,3.828e-9,1.558e-17,,9.367e-18,5.114e-17
381.58,5.205e+3,5.905e-21,2.193e-15,4.207e-30,1.843e-35,1.020e-33,,9.419e-5,2.117e-22,,2.622e-15,9.964e-21,2.691e-27,1.382e-17,6.992e-20,5.608e-12,,7.994e-8,,1.380e-20,9.397e-17,5.048e-34,3.096e-18,2.657e-17,4.414e-26,4.871e-4,1.278e-19,1.375e-1,1.276e-23,3.164e+3,7.460e-21,3.829e-27,3.753e-20,5.589e-23,1.228e-20,1.159e+2,6.740e-10,2.254e-10,,3.768e+1,3.182e-15,,3.938e+1,8.404e-20,,1.139e-19,1.848e+3,1.977e-17,1.034e-18,1.032e-17,,3.381e-8,,1.220e-4,6.834e-2,1.736e-9,1.560e-17,,2.531e-17,5.117e-17
381.6,5.503e+3,5.907e-21,3.311e-15,3.248e-30,1.843e-35,1.020e-33,,1.341e-4,2.119e-22,,2.622e-15,9.922e-21,2.687e-27,1.383e-17,6.995e-20,4.380e-12,,8.291e-8,,1.379e-20,9.429e-17,5.043e-34,3.077e-18,2.672e-17,4.415e-26,3.633e-4,1.278e-19,1.417e-1,1.277e-23,3.262e+3,7.465e-21,3.822e-27,3.754e-20,5.590e-23,1.228e-20,1.235e+2,1.062e-9,1.287e-10,,3.805e+1,1.703e-15,,3.758e+1,8.411e-20,,1.139e-19,2.041e+3,1.978e-17,1.033e-18,1.031e-17,,2.031e-8,,1.785e-4,5.541e-2,1.018e-9,1.561e-17,,4.877e-17,5.119e-17
381.63,5.961e+3,5.909e-21,6.080e-15,2.181e-30,1.843e-35,1.018e-33,,2.255e-4,2.121e-22,,2.623e-15,9.859e-21,2.681e-27,1.383e-17,7.000e-20,2.993e-12,,8.674e-8,,1.377e-20,9.477e-17,5.035e-34,3.048e-18,2.695e-17,4.417e-26,2.316e-4,1.278e-19,1.569e-1,1.278e-23,3.406e+3,7.472e-21,3.812e-27,3.757e-20,5.592e-23,1.228e-20,1.344e+2,2.083e-9,5.496e-11,,3.857e+1,6.602e-16,,3.504e+1,8.421e-20,,1.138e-19,2.347e+3,1.979e-17,1.033e-18,1.030e-17,,9.364e-9,,3.128e-4,4.041e-2,4.526e-10,1.562e-17,,1.292e-16,5.123e-17
381.65,6.271e+3,5.910e-21,9.058e-15,1.662e-30,1.842e-35,1.018e-33,,3.168e-4,2.122e-22,,2.624e-15,9.817e-21,2.677e-27,1.383e-17,7.003e-20,2.307e-12,,8.882e-8,,1.376e-20,9.509e-17,5.030e-34,3.029e-18,2.711e-17,4.418e-26,1.705e-4,1.278e-19,1.731e-1,1.278e-23,3.498e+3,7.477e-21,3.805e-27,3.758e-20,5.592e-23,1.228e-20,1.412e+2,3.243e-9,3.097e-11,,3.886e+1,3.487e-16,,3.344e+1,8.427e-20,,1.138e-19,2.559e+3,1.979e-17,1.032e-18,1.029e-17,,5.552e-9,,4.518e-4,3.284e-2,2.619e-10,1.563e-17,,2.458e-16,5.125e-17
381.67,6.583e+3,5.911e-21,1.343e-14,1.259e-30,1.842e-35,1.017e-33,,4.429e-4,2.124e-22,,2.624e-15,9.776e-21,2.673e-27,1.384e-17,7.006e-20,1.769e-12,,9.047e-8,,1.375e-20,9.542e-17,5.025e-34,3.010e-18,2.727e-17,4.420e-26,1.248e-4,1.279e-19,1.946e-1,1.279e-23,3.589e+3,7.482e-21,3.798e-27,3.759e-20,5.593e-23,1.228e-20,1.477e+2,5.022e-9,1.736e-11,,3.909e+1,1.832e-16,,3.192e+1,8.433e-20,,1.138e-19,2.776e+3,1.979e-17,1.032e-18,1.029e-17,,3.274e-9,,6.492e-4,2.690e-2,1.508e-10,1.563e-17,,4.651e-16,5.127e-17
381.7,7.051e+3,5.913e-21,2.399e-14,8.225e-31,1.842e-35,1.016e-33,,7.250e-4,2.126e-22,,2.625e-15,9.713e-21,2.668e-27,1.384e-17,7.011e-20,1.176e-12,,9.212e-8,,1.373e-20,9.590e-17,5.017e-34,2.981e-18,2.750e-17,4.422e-26,7.741e-5,1.279e-19,2.372e-1,1.280e-23,3.720e+3,7.490e-21,3.788e-27,3.761e-20,5.595e-23,1.228e-20,1.563e+2,9.585e-9,7.223e-12,,3.934e+1,6.905e-17,,2.978e+1,8.443e-20,,1.138e-19,3.105e+3,1.980e-17,1.031e-18,1.028e-17,,1.468e-9,,1.107e-3,2.056e-2,6.518e-11,1.565e-17,,1.199e-15,5.131e-17
381.72,7.359e+3,5.915e-21,3.510e-14,6.152e-31,1.842e-35,1.015e-33,,1.001e-3,2.127e-22,,2.625e-15,9.671e-21,2.664e-27,1.385e-17,7.014e-20,8.900e-13,,9.264e-8,,1.372e-20,9.622e-17,5.012e-34,2.962e-18,2.765e-17,4.423e-26,5.592e-5,1.279e-19,2.732e-1,1.281e-23,3.805e+3,7.495e-21,3.781e-27,3.763e-20,5.596e-23,1.228e-20,1.613e+2,1.465e-8,4.017e-12,,3.942e+1,3.579e-17,,2.844e+1,8.450e-20,,1.138e-19,3.324e+3,1.981e-17,1.031e-18,1.027e-17,,8.541e-10,,1.570e-3,1.778e-2,3.702e-11,1.566e-17,,2.240e-15,5.133e-17
381.75,7.808e+3,5.916e-21,6.150e-14,3.939e-31,1.842e-35,1.014e-33,,1.607e-3,2.129e-22,,2.626e-15,9.608e-21,2.658e-27,1.385e-17,7.018e-20,5.801e-13,,9.252e-8,,1.370e-20,9.671e-17,5.004e-34,2.934e-18,2.789e-17,4.425e-26,3.400e-5,1.279e-19,3.393e-1,1.281e-23,3.928e+3,7.502e-21,3.771e-27,3.765e-20,5.597e-23,1.228e-20,1.675e+2,2.742e-8,1.703e-12,,3.941e+1,1.323e-17,,2.659e+1,8.459e-20,,1.137e-19,3.646e+3,1.981e-17,1.030e-18,1.026e-17,,3.754e-10,,2.626e-3,1.546e-2,1.569e-11,1.567e-17,,5.665e-15,5.136e-17
381.77,8.095e+3,5.918e-21,8.880e-14,2.908e-31,1.842e-35,1.013e-33,,2.189e-3,2.131e-22,,2.627e-15,9.566e-21,2.654e-27,1.385e-17,7.022e-20,4.332e-13,,9.185e-8,,1.369e-20,9.703e-17,4.999e-34,2.915e-18,2.804e-17,4.426e-26,2.424e-5,1.280e-19,3.921e-1,1.282e-23,4.006e+3,7.508e-21,3.764e-27,3.766e-20,5.598e-23,1.228e-20,1.706e+2,4.138e-8,1.033e-12,,3.932e+1,6.766e-18,,2.546e+1,8.466e-20,,1.137e-19,3.853e+3,1.982e-17,1.030e-18,1.026e-17,,2.156e-10,,3.677e-3,1.502e-2,8.796e-12,1.568e-17,,1.045e-14,5.139e-17
381.8,8.500e+3,5.920e-21,1.526e-13,1.825e-31,1.841e-35,1.012e-33,,3.449e-3,2.133e-22,,2.627e-15,9.504e-21,2.648e-27,1.386e-17,7.026e-20,2.768e-13,,8.997e-8,,1.367e-20,9.751e-17,4.991e-34,2.886e-18,2.828e-17,4.428e-26,1.445e-5,1.280e-19,4.855e-1,1.283e-23,4.119e+3,7.515e-21,3.754e-27,3.768e-20,5.599e-23,1.228e-20,1.736e+2,7.595e-8,7.123e-13,,3.906e+1,2.451e-18,,2.389e+1,8.475e-20,,1.137e-19,4.144e+3,1.982e-17,1.029e-18,1.025e-17,,9.287e-11,,6.030e-3,1.590e-2,3.655e-12,1.569e-17,,2.590e-14,5.142e-17
381.82,8.749e+3,5.921e-21,2.175e-13,1.330e-31,1.841e-35,1.011e-33,,4.640e-3,2.134e-22,,2.628e-15,9.462e-21,2.644e-27,1.386e-17,7.029e-20,2.040e-13,,8.817e-8,,1.366e-20,9.784e-17,4.986e-34,2.867e-18,2.843e-17,4.429e-26,1.017e-5,1.280e-19,5.576e-1,1.284e-23,4.191e+3,7.520e-21,3.748e-27,3.770e-20,5.600e-23,1.228e-20,1.746e+2,1.131e-7,8.355e-13,,3.882e+1,1.237e-18,,2.295e+1,8.482e-20,,1.137e-19,4.321e+3,1.983e-17,1.028e-18,1.024e-17,,5.263e-11,,8.332e-3,1.750e-2,2.021e-12,1.570e-17,,4.715e-14,5.144e-17
381.85,9.082e+3,5.923e-21,3.665e-13,8.184e-32,1.841e-35,1.010e-33,,7.171e-3,2.136e-22,,2.629e-15,9.399e-21,2.638e-27,1.387e-17,7.034e-20,1.278e-13,,8.472e-8,,1.364e-20,9.832e-17,4.979e-34,2.838e-18,2.866e-17,4.431e-26,5.943e-6,1.280e-19,6.814e-1,1.284e-23,4.290e+3,7.528e-21,3.737e-27,3.772e-20,5.602e-23,1.228e-20,1.742e+2,2.036e-7,1.614e-12,,3.836e+1,1.239e-18,,2.167e+1,8.492e-20,,1.136e-19,4.557e+3,1.984e-17,1.028e-18,1.023e-17,,2.223e-11,,1.340e-2,2.145e-2,8.234e-13,1.571e-17,,1.147e-13,5.148e-17
381.87,9.274e+3,5.924e-21,5.157e-13,5.883e-32,1.841e-35,1.009e-33,,9.526e-3,2.138e-22,,2.629e-15,9.357e-21,2.634e-27,1.387e-17,7.037e-20,9.296e-14,,8.195e-8,,1.363e-20,9.864e-17,4.973e-34,2.819e-18,2.882e-17,4.432e-26,4.127e-6,1.281e-19,7.746e-1,1.285e-23,4.351e+3,7.533e-21,3.731e-27,3.773e-20,5.602e-23,1.228e-20,1.728e+2,2.993e-7,2.771e-12,,3.801e+1,1.241e-18,,2.090e+1,8.498e-20,,1.136e-19,4.690e+3,1.984e-17,1.027e-18,1.022e-17,,1.243e-11,,1.828e-2,2.519e-2,4.494e-13,1.572e-17,,2.061e-13,5.150e-17
381.9,9.510e+3,5.926e-21,8.522e-13,3.550e-32,1.840e-35,1.008e-33,,1.445e-2,2.140e-22,,2.630e-15,9.295e-21,2.628e-27,1.388e-17,7.042e-20,5.710e-14,,7.723e-8,,1.362e-20,9.913e-17,4.966e-34,2.791e-18,2.905e-17,4.434e-26,2.364e-6,1.281e-19,9.307e-1,1.286e-23,4.433e+3,7.540e-21,3.721e-27,3.775e-20,5.604e-23,1.228e-20,1.691e+2,5.283e-7,6.405e-12,,3.741e+1,1.244e-18,,1.990e+1,8.508e-20,,1.136e-19,4.850e+3,1.985e-17,1.027e-18,1.021e-17,,5.146e-12,,2.883e-2,3.265e-2,1.794e-13,1.573e-17,,4.915e-13,5.153e-17
381.92,9.630e+3,5.928e-21,1.183e-12,2.519e-32,1.840e-35,1.008e-33,,1.895e-2,2.141e-22,,2.630e-15,9.253e-21,2.625e-27,1.388e-17,7.045e-20,4.099e-14,,7.375e-8,,1.360e-20,9.945e-17,4.960e-34,2.772e-18,2.921e-17,4.436e-26,1.620e-6,1.281e-19,1.045e+0,1.287e-23,4.480e+3,7.545e-21,3.714e-27,3.777e-20,5.605e-23,1.228e-20,1.656e+2,7.666e-7,1.120e-11,,3.698e+1,1.245e-18,,1.933e+1,8.514e-20,,1.136e-19,4.927e+3,1.985e-17,1.026e-18,1.021e-17,,2.840e-12,,3.881e-2,3.898e-2,9.665e-14,1.574e-17,,8.718e-13,5.156e-17
381.95,9.749e+3,5.930e-21,1.918e-12,1.490e-32,1.840e-35,1.006e-33,,2.820e-2,2.143e-22,,2.631e-15,9.190e-21,2.619e-27,1.388e-17,7.049e-20,2.468e-14,,6.817e-8,,1.359e-20,9.993e-17,4.953e-34,2.743e-18,2.944e-17,4.438e-26,9.101e-7,1.281e-19,1.233e+0,1.287e-23,4.538e+3,7.553e-21,3.704e-27,3.779e-20,5.606e-23,1.228e-20,1.589e+2,1.327e-6,2.568e-11,,3.633e+1,1.248e-18,,1.860e+1,8.524e-20,,1.136e-19,4.995e+3,1.986e-17,1.026e-18,1.020e-17,,1.153e-12,,6.002e-2,5.082e-2,3.783e-14,1.575e-17,,2.039e-12,5.159e-17
381.97,9.786e+3,5.931e-21,2.629e-12,1.043e-32,1.840e-35,1.006e-33,,3.653e-2,2.145e-22,,2.632e-15,9.148e-21,2.615e-27,1.389e-17,7.052e-20,1.749e-14,,6.426e-8,,1.358e-20,1.003e-16,4.947e-34,2.724e-18,2.960e-17,4.439e-26,6.155e-7,1.282e-19,1.367e+0,1.288e-23,4.569e+3,7.558e-21,3.697e-27,3.780e-20,5.607e-23,1.228e-20,1.536e+2,1.901e-6,4.439e-11,,3.589e+1,1.249e-18,,1.822e+1,8.530e-20,,1.135e-19,5.008e+3,1.986e-17,1.025e-18,1.019e-17,,6.277e-13,,7.975e-2,6.047e-2,2.011e-14,1.576e-17,,3.571e-12,5.161e-17
382,9.779e+3,5.933e-21,4.178e-12,6.050e-33,1.840e-35,1.005e-33,,5.336e-2,2.147e-22,,2.632e-15,9.085e-21,2.609e-27,1.389e-17,7.057e-20,1.032e-14,,5.825e-8,,1.356e-20,1.007e-16,4.940e-34,2.695e-18,2.983e-17,4.441e-26,3.389e-7,1.282e-19,1.582e+0,1.289e-23,4.601e+3,7.566e-21,3.687e-27,3.782e-20,5.608e-23,1.228e-20,1.445e+2,3.227e-6,9.989e-11,,3.524e+1,1.252e-18,,1.779e+1,8.540e-20,,1.135e-19,4.979e+3,1.987e-17,1.025e-18,1.018e-17,,2.497e-13,,1.210e-1,7.793e-2,7.714e-15,1.577e-17,,8.192e-12,5.165e-17
382.02,9.732e+3,5.934e-21,5.653e-12,4.180e-33,1.839e-35,1.004e-33,,6.826e-2,2.148e-22,,2.633e-15,9.044e-21,2.605e-27,1.390e-17,7.060e-20,7.217e-15,,5.421e-8,,1.355e-20,1.011e-16,4.935e-34,2.676e-18,2.998e-17,4.442e-26,2.262e-7,1.282e-19,1.732e+0,1.290e-23,4.613e+3,7.571e-21,3.680e-27,3.784e-20,5.609e-23,1.229e-20,1.379e+2,4.562e-6,1.704e-10,,3.483e+1,1.253e-18,,1.761e+1,8.546e-20,,1.135e-19,4.927e+3,1.987e-17,1.024e-18,1.018e-17,,1.342e-13,,1.586e-1,9.178e-2,4.046e-15,1.578e-17,,1.416e-11,5.167e-17
382.04,9.652e+3,5.936e-21,7.608e-12,2.873e-33,1.839e-35,1.003e-33,,8.690e-2,2.150e-22,,2.633e-15,9.002e-21,2.601e-27,1.390e-17,7.063e-20,5.019e-15,,5.019e-8,,1.354e-20,1.014e-16,4.929e-34,2.657e-18,3.014e-17,4.443e-26,1.502e-7,1.282e-19,1.887e+0,1.290e-23,4.617e+3,7.576e-21,3.673e-27,3.785e-20,5.610e-23,1.229e-20,1.308e+2,6.416e-6,2.893e-10,,3.444e+1,1.255e-18,,1.753e+1,8.553e-20,,1.135e-19,4.850e+3,1.988e-17,1.024e-18,1.017e-17,,7.173e-14,,2.070e-1,1.076e-1,2.111e-15,1.579e-17,,2.434e-11,5.169e-17
382.07,9.475e+3,5.938e-21,1.177e-11,1.621e-33,1.839e-35,1.002e-33,,1.237e-1,2.152e-22,,2.634e-15,8.939e-21,2.595e-27,1.390e-17,7.068e-20,2.882e-15,,4.427e-8,,1.352e-20,1.019e-16,4.922e-34,2.628e-18,3.037e-17,4.445e-26,8.043e-8,1.283e-19,2.125e+0,1.291e-23,4.611e+3,7.583e-21,3.663e-27,3.787e-20,5.611e-23,1.229e-20,1.197e+2,1.060e-5,6.336e-10,,3.390e+1,1.257e-18,,1.757e+1,8.563e-20,,1.135e-19,4.690e+3,1.989e-17,1.023e-18,1.016e-17,,2.776e-14,,3.055e-1,1.353e-1,7.877e-16,1.580e-17,,5.435e-11,5.172e-17
382.09,9.322e+3,5.939e-21,1.563e-11,1.099e-33,1.839e-35,1.001e-33,,1.555e-1,2.153e-22,,2.635e-15,8.897e-21,2.591e-27,1.391e-17,7.071e-20,1.978e-15,,4.046e-8,,1.351e-20,1.022e-16,4.916e-34,2.609e-18,3.053e-17,4.447e-26,5.269e-8,1.283e-19,2.284e+0,1.292e-23,4.598e+3,7.588e-21,3.656e-27,3.788e-20,5.612e-23,1.229e-20,1.122e+2,1.471e-5,1.062e-9,,3.357e+1,1.259e-18,,1.774e+1,8.569e-20,,1.134e-19,4.557e+3,1.989e-17,1.023e-18,1.016e-17,,1.464e-14,,3.934e-1,1.566e-1,4.056e-16,1.581e-17,,9.224e-11,5.175e-17
382.12,9.046e+3,5.941e-21,2.370e-11,6.080e-34,1.839e-35,1.000e-33,,2.173e-1,2.155e-22,,2.635e-15,8.834e-21,2.585e-27,1.391e-17,7.075e-20,1.114e-15,,3.501e-8,,1.349e-20,1.027e-16,4.909e-34,2.581e-18,3.076e-17,4.449e-26,2.767e-8,1.283e-19,2.522e+0,1.293e-23,4.569e+3,7.596e-21,3.646e-27,3.791e-20,5.614e-23,1.229e-20,1.007e+2,2.383e-5,2.280e-9,,3.312e+1,1.261e-18,,1.819e+1,8.579e-20,,1.134e-19,4.321e+3,1.990e-17,1.022e-18,1.015e-17,,5.553e-15,,5.693e-1,1.932e-1,1.483e-16,1.582e-17,,2.020e-10,5.178e-17
382.14,8.835e+3,5.942e-21,3.109e-11,4.070e-34,1.839e-35,9.993e-34,,2.700e-1,2.157e-22,,2.636e-15,8.793e-21,2.582e-27,1.392e-17,7.078e-20,7.545e-16,,3.158e-8,,1.348e-20,1.030e-16,4.903e-34,2.562e-18,3.092e-17,4.450e-26,1.789e-8,1.283e-19,2.677e+0,1.293e-23,4.543e+3,7.601e-21,3.640e-27,3.792e-20,5.615e-23,1.229e-20,9.312e+1,3.266e-5,3.771e-9,,3.285e+1,1.263e-18,,1.864e+1,8.585e-20,,1.134e-19,4.144e+3,1.990e-17,1.021e-18,1.014e-17,,2.891e-15,,7.236e-1,2.207e-1,7.537e-17,1.583e-17,,3.384e-10,5.180e-17
382.17,8.489e+3,5.944e-21,4.623e-11,2.207e-34,1.838e-35,9.981e-34,,3.705e-1,2.159e-22,,2.637e-15,8.730e-21,2.576e-27,1.392e-17,7.083e-20,4.165e-16,,2.680e-8,,1.346e-20,1.035e-16,4.896e-34,2.533e-18,3.115e-17,4.452e-26,9.209e-9,1.284e-19,2.898e+0,1.294e-23,4.498e+3,7.608e-21,3.629e-27,3.794e-20,5.616e-23,1.229e-20,8.202e+1,5.188e-5,7.944e-9,,3.247e+1,1.265e-18,,1.956e+1,8.595e-20,,1.134e-19,3.853e+3,1.991e-17,1.021e-18,1.013e-17,,1.075e-15,,1.027e+0,2.671e-1,5.730e-17,1.585e-17,,7.266e-10,5.184e-17
382.19,8.243e+3,5.946e-21,5.984e-11,1.458e-34,3.618e-35,9.974e-34,,4.549e-1,2.160e-22,,2.637e-15,8.688e-21,2.572e-27,1.392e-17,7.086e-20,2.785e-16,,2.386e-8,,1.345e-20,1.038e-16,4.891e-34,2.514e-18,3.131e-17,4.453e-26,5.876e-9,1.284e-19,3.036e+0,1.295e-23,4.464e+3,7.613e-21,3.623e-27,3.795e-20,5.617e-23,1.229e-20,7.491e+1,7.017e-5,1.297e-8,,3.224e+1,1.267e-18,,2.033e+1,8.601e-20,,1.134e-19,3.646e+3,1.991e-17,1.020e-18,1.012e-17,,5.521e-16,,1.288e+0,3.013e-1,5.959e-17,1.585e-17,,1.202e-9,5.186e-17
382.22,7.861e+3,5.948e-21,8.728e-11,7.749e-35,9.890e-35,9.963e-34,,6.132e-1,2.162e-22,,2.638e-15,8.625e-21,2.566e-27,1.393e-17,7.091e-20,1.509e-16,,1.986e-8,,1.343e-20,1.043e-16,4.883e-34,2.485e-18,3.154e-17,4.455e-26,2.966e-9,1.284e-19,3.224e+0,1.296e-23,4.412e+3,7.621e-21,3.613e-27,3.797e-20,5.618e-23,1.229e-20,6.481e+1,1.093e-4,2.680e-8,,3.188e+1,1.269e-18,,2.176e+1,8.611e-20,,1.133e-19,3.324e+3,1.992e-17,1.020e-18,1.011e-17,,2.013e-16,,1.793e+0,3.576e-1,1.629e-16,1.587e-17,,2.531e-9,5.189e-17
382.24,7.602e+3,5.949e-21,1.115e-10,5.052e-35,1.921e-34,9.955e-34,,7.439e-1,2.164e-22,,2.638e-15,8.584e-21,2.562e-27,1.393e-17,7.094e-20,9.971e-17,,1.746e-8,,1.342e-20,1.046e-16,4.878e-34,2.466e-18,3.169e-17,4.456e-26,1.867e-9,1.284e-19,3.334e+0,1.296e-23,4.377e+3,7.626e-21,3.606e-27,3.799e-20,5.619e-23,1.229e-20,5.852e+1,1.459e-4,4.318e-8,,3.164e+1,1.271e-18,,2.289e+1,8.617e-20,,1.133e-19,3.105e+3,1.992e-17,1.019e-18,1.011e-17,,1.020e-16,,2.220e+0,3.982e-1,3.165e-16,1.587e-17,,4.131e-9,5.192e-17
382.27,7.217e+3,5.951e-21,1.595e-10,2.633e-35,5.152e-34,9.944e-34,,9.854e-1,2.166e-22,,2.639e-15,8.521e-21,2.556e-27,1.394e-17,7.098e-20,5.327e-17,,1.425e-8,,1.340e-20,1.051e-16,4.870e-34,2.438e-18,3.193e-17,4.458e-26,9.240e-10,1.285e-19,3.471e+0,1.297e-23,4.327e+3,7.634e-21,3.596e-27,3.801e-20,5.621e-23,1.229e-20,4.986e+1,2.229e-4,8.750e-8,,3.124e+1,1.273e-18,,2.485e+1,8.627e-20,,1.133e-19,2.776e+3,5.488e-17,1.019e-18,1.010e-17,,3.645e-17,,3.030e+0,4.634e-1,8.486e-16,1.589e-17,,8.534e-9,5.195e-17
382.29,6.967e+3,5.952e-21,2.012e-10,1.694e-35,9.880e-34,9.936e-34,,1.182e+0,2.167e-22,,2.640e-15,8.479e-21,2.552e-27,1.394e-17,7.101e-20,3.508e-17,,1.236e-8,,1.339e-20,1.054e-16,4.865e-34,2.418e-18,3.208e-17,4.459e-26,5.742e-10,1.285e-19,3.543e+0,1.298e-23,4.297e+3,7.639e-21,3.589e-27,3.802e-20,5.621e-23,1.229e-20,4.464e+1,2.938e-4,1.392e-7,,3.094e+1,1.275e-18,,2.633e+1,8.634e-20,,1.133e-19,2.559e+3,1.071e-16,1.018e-18,1.009e-17,,3.673e-17,,3.704e+0,5.095e-1,1.627e-15,1.590e-17,,1.375e-8,5.197e-17
382.32,6.607e+3,5.954e-21,2.822e-10,8.655e-36,2.598e-33,9.925e-34,,1.539e+0,2.169e-22,,2.640e-15,8.416e-21,2.546e-27,1.395e-17,7.106e-20,1.907e-17,,9.894e-9,,1.338e-20,1.059e-16,4.857e-34,2.390e-18,3.232e-17,4.461e-26,2.785e-10,1.285e-19,3.618e+0,1.299e-23,4.256e+3,7.646e-21,3.579e-27,3.804e-20,5.623e-23,1.229e-20,3.770e+1,4.401e-4,2.766e-7,,3.041e+1,1.278e-18,,2.879e+1,8.643e-20,,1.133e-19,2.243e+3,2.894e-16,1.017e-18,1.008e-17,,3.714e-17,,4.957e+0,5.816e-1,4.280e-15,1.591e-17,,2.786e-8,5.201e-17
382.34,6.381e+3,5.956e-21,3.514e-10,5.495e-36,4.919e-33,9.917e-34,,1.824e+0,2.171e-22,,2.641e-15,8.374e-21,2.542e-27,1.395e-17,7.109e-20,1.312e-17,,8.474e-9,,1.336e-20,1.062e-16,4.852e-34,2.371e-18,3.247e-17,4.463e-26,1.708e-10,1.285e-19,3.645e+0,1.299e-23,4.233e+3,7.651e-21,3.572e-27,3.806e-20,5.624e-23,1.229e-20,3.370e+1,5.725e-4,4.343e-7,,2.999e+1,1.279e-18,,3.059e+1,8.650e-20,,1.132e-19,2.041e+3,5.577e-16,1.017e-18,1.008e-17,,3.742e-17,,5.981e+0,6.312e-1,8.103e-15,1.592e-17,,4.431e-8,5.203e-17
382.37,6.066e+3,5.958e-21,4.834e-10,2.753e-36,1.269e-32,9.906e-34,,2.335e+0,2.173e-22,,2.642e-15,8.312e-21,2.537e-27,1.395e-17,7.114e-20,8.446e-18,,6.652e-9,,1.335e-20,1.067e-16,4.844e-34,2.342e-18,3.270e-17,4.465e-26,8.123e-11,1.285e-19,3.650e+0,1.300e-23,4.205e+3,7.659e-21,3.562e-27,3.808e-20,5.625e-23,1.229e-20,2.865e+1,8.411e-4,8.464e-7,,2.927e+1,1.282e-18,,3.348e+1,8.659e-20,,1.132e-19,1.754e+3,1.478e-15,1.016e-18,1.007e-17,,3.784e-17,,7.849e+0,7.068e-1,2.090e-14,1.593e-17,,8.803e-8,5.206e-17
382.39,5.873e+3,5.959e-21,5.941e-10,1.725e-36,2.371e-32,9.899e-34,,2.738e+0,2.174e-22,,2.642e-15,8.270e-21,2.533e-27,1.396e-17,7.117e-20,7.200e-18,,5.624e-9,,1.334e-20,1.070e-16,4.839e-34,2.323e-18,3.286e-17,4.466e-26,4.916e-11,1.286e-19,3.630e+0,1.301e-23,4.191e+3,7.664e-21,3.555e-27,3.809e-20,5.626e-23,1.229e-20,2.596e+1,1.080e-3,1.312e-6,,2.871e+1,1.283e-18,,3.552e+1,8.666e-20,,1.132e-19,1.576e+3,2.811e-15,1.016e-18,1.006e-17,,3.811e-17,,9.348e+0,7.573e-1,3.906e-14,1.594e-17,,1.382e-7,5.209e-17
382.41,5.695e+3,5.960e-21,7.264e-10,1.075e-36,4.409e-32,9.891e-34,,3.197e+0,2.176e-22,,2.643e-15,8.228e-21,2.529e-27,1.396e-17,7.120e-20,7.010e-18,,4.730e-9,,1.332e-20,1.074e-16,4.834e-34,2.304e-18,3.301e-17,4.467e-26,2.960e-11,1.286e-19,3.591e+0,1.301e-23,4.179e+3,7.669e-21,3.548e-27,3.811e-20,5.627e-23,1.229e-20,2.380e+1,1.379e-3,2.023e-6,,2.808e+1,1.285e-18,,3.762e+1,8.672e-20,,1.132e-19,1.408e+3,5.320e-15,1.015e-18,1.005e-17,,3.839e-17,,1.107e+1,8.073e-1,7.262e-14,1.595e-17,,2.159e-7,5.211e-17
382.44,5.454e+3,5.962e-21,9.726e-10,5.238e-37,1.107e-31,9.880e-34,,3.999e+0,2.178e-22,,2.643e-15,8.165e-21,2.523e-27,1.397e-17,7.124e-20,8.319e-18,,3.613e-9,,1.331e-20,1.078e-16,4.826e-34,2.275e-18,3.325e-17,4.469e-26,1.369e-11,1.286e-19,3.500e+0,1.302e-23,4.165e+3,7.676e-21,3.538e-27,3.813e-20,5.628e-23,1.229e-20,2.163e+1,1.972e-3,3.837e-6,,2.701e+1,1.287e-18,,4.087e+1,8.682e-20,,1.132e-19,1.177e+3,1.372e-14,1.015e-18,1.005e-17,,3.880e-17,,1.414e+1,8.801e-1,1.823e-13,1.596e-17,,4.175e-7,5.214e-17
382.46,5.311e+3,5.964e-21,1.174e-9,3.222e-37,2.031e-31,9.872e-34,,4.619e+0,2.179e-22,,2.644e-15,8.123e-21,2.519e-27,1.397e-17,7.127e-20,1.018e-17,,2.999e-9,,1.330e-20,1.082e-16,4.821e-34,2.256e-18,3.340e-17,4.470e-26,8.133e-12,1.286e-19,3.419e+0,1.303e-23,4.157e+3,7.681e-21,3.532e-27,3.814e-20,5.629e-23,1.229e-20,2.092e+1,2.486e-3,5.841e-6,,2.621e+1,1.289e-18,,4.305e+1,8.689e-20,,1.131e-19,1.038e+3,2.563e-14,1.014e-18,1.004e-17,,3.908e-17,,1.654e+1,9.263e-1,3.346e-13,1.597e-17,,6.437e-7,5.217e-17
382.49,5.119e+3,5.966e-21,1.542e-9,1.539e-37,5.002e-31,9.861e-34,,5.687e+0,2.181e-22,,2.645e-15,8.061e-21,2.513e-27,1.397e-17,7.132e-20,1.457e-17,,2.247e-9,,1.328e-20,1.086e-16,4.813e-34,2.228e-18,3.364e-17,4.472e-26,3.688e-12,1.287e-19,3.269e+0,1.304e-23,4.145e+3,7.689e-21,3.521e-27,3.816e-20,5.630e-23,1.229e-20,2.102e+1,3.485e-3,1.086e-5,,2.491e+1,1.291e-18,,4.630e+1,8.698e-20,,1.131e-19,8.508e+2,6.483e-14,1.014e-18,1.003e-17,,3.949e-17,,2.071e+1,9.908e-1,8.239e-13,1.598e-17,,1.221e-6,5.220e-17
382.51,5.005e+3,5.967e-21,1.837e-9,9.343e-38,9.062e-31,9.854e-34,,6.499e+0,2.183e-22,,2.645e-15,8.019e-21,2.509e-27,1.398e-17,7.135e-20,1.875e-17,,1.841e-9,,1.327e-20,1.090e-16,4.808e-34,2.209e-18,3.379e-17,4.474e-26,2.162e-12,1.287e-19,3.153e+0,1.304e-23,4.135e+3,7.694e-21,3.515e-27,3.818e-20,5.631e-23,1.229e-20,2.191e+1,4.337e-3,1.632e-5,,2.396e+1,1.293e-18,,4.841e+1,8.705e-20,,1.131e-19,7.404e+2,1.196e-13,1.013e-18,1.002e-17,,3.977e-17,,2.390e+1,1.030e+0,1.493e-12,1.599e-17,,1.858e-6,5.222e-17
382.54,4.850e+3,5.969e-21,2.366e-9,4.375e-38,2.188e-30,9.842e-34,,7.879e+0,2.185e-22,,2.646e-15,7.956e-21,2.503e-27,1.398e-17,7.140e-20,2.743e-17,,1.353e-9,,1.325e-20,1.094e-16,4.800e-34,2.180e-18,3.402e-17,4.476e-26,9.613e-13,1.287e-19,2.959e+0,1.305e-23,4.115e+3,7.702e-21,3.505e-27,3.820e-20,5.633e-23,1.229e-20,2.460e+1,5.963e-3,2.978e-5,,2.246e+1,3.570e-18,,5.142e+1,8.714e-20,,1.131e-19,5.952e+2,2.966e-13,1.013e-18,1.001e-17,,4.018e-17,,2.935e+1,1.081e+0,3.605e-12,1.600e-17,,3.455e-6,5.226e-17
382.56,4.756e+3,5.970e-21,2.783e-9,2.621e-38,3.914e-30,9.835e-34,,8.912e+0,2.186e-22,,2.646e-15,7.914e-21,2.499e-27,1.399e-17,7.143e-20,3.523e-17,,1.094e-9,,1.324e-20,1.098e-16,4.795e-34,2.161e-18,3.418e-17,4.477e-26,5.563e-13,1.287e-19,2.820e+0,1.306e-23,4.096e+3,7.707e-21,3.498e-27,3.821e-20,5.634e-23,1.229e-20,2.737e+1,7.324e-3,4.417e-5,,2.140e+1,6.980e-18,,5.329e+1,8.721e-20,,1.131e-19,5.112e+2,5.400e-13,1.012e-18,1.001e-17,,4.046e-17,,3.343e+1,1.110e+0,6.447e-12,1.601e-17,,5.190e-6,5.228e-17
382.59,4.624e+3,5.972e-21,3.517e-9,1.203e-38,9.271e-30,9.823e-34,,1.064e+1,2.189e-22,,2.647e-15,7.852e-21,2.493e-27,1.399e-17,7.147e-20,5.088e-17,,7.882e-10,,1.322e-20,1.103e-16,4.787e-34,2.132e-18,3.441e-17,4.479e-26,2.424e-13,1.288e-19,2.600e+0,1.307e-23,4.057e+3,7.714e-21,3.488e-27,3.823e-20,5.635e-23,1.229e-20,3.313e+1,9.875e-3,7.901e-5,,1.978e+1,1.890e-17,,5.584e+1,8.730e-20,,1.130e-19,4.029e+2,1.314e-12,1.011e-18,9.998e-18,,4.088e-17,,4.026e+1,1.143e+0,1.527e-11,1.602e-17,,9.467e-6,5.231e-17
382.61,4.539e+3,5.973e-21,4.084e-9,7.115e-39,1.637e-29,9.816e-34,,1.192e+1,2.190e-22,,2.648e-15,7.810e-21,2.490e-27,1.399e-17,7.150e-20,6.462e-17,,6.293e-10,,1.321e-20,1.106e-16,4.782e-34,2.113e-18,3.457e-17,4.480e-26,1.384e-13,1.288e-19,2.449e+0,1.307e-23,4.023e+3,7.719e-21,3.481e-27,3.825e-20,5.636e-23,1.229e-20,3.816e+1,1.197e-2,1.157e-4,,1.868e+1,3.649e-17,,5.732e+1,8.737e-20,,1.130e-19,3.416e+2,2.362e-12,1.011e-18,9.992e-18,,4.115e-17,,4.527e+1,1.159e+0,2.696e-11,1.603e-17,,1.404e-5,5.234e-17
382.64,4.416e+3,5.975e-21,5.062e-9,3.202e-39,3.803e-29,9.805e-34,,1.402e+1,2.192e-22,,2.648e-15,7.747e-21,2.484e-27,1.400e-17,7.155e-20,9.161e-17,,4.446e-10,,1.319e-20,1.111e-16,4.774e-34,2.084e-18,3.480e-17,4.482e-26,5.915e-14,1.288e-19,2.222e+0,1.308e-23,3.957e+3,7.727e-21,3.471e-27,3.827e-20,5.637e-23,1.229e-20,4.765e+1,1.583e-2,2.030e-4,,1.704e+1,9.691e-17,,5.918e+1,8.747e-20,,1.130e-19,2.640e+2,5.636e-12,1.010e-18,9.982e-18,,4.157e-17,,5.346e+1,1.173e+0,6.264e-11,1.604e-17,,2.511e-5,5.237e-17
382.66,4.333e+3,5.977e-21,5.805e-9,1.869e-39,6.628e-29,9.797e-34,,1.555e+1,2.193e-22,,2.649e-15,7.705e-21,2.480e-27,1.400e-17,7.158e-20,1.149e-16,,3.504e-10,,1.318e-20,1.114e-16,4.769e-34,2.065e-18,3.496e-17,4.483e-26,3.333e-14,1.288e-19,2.073e+0,1.309e-23,3.902e+3,7.732e-21,3.464e-27,3.828e-20,5.638e-23,1.229e-20,5.541e+1,1.894e-2,2.933e-4,,1.597e+1,1.847e-16,,6.015e+1,8.753e-20,,1.130e-19,2.209e+2,9.999e-12,1.010e-18,9.976e-18,,4.184e-17,,5.934e+1,1.175e+0,1.092e-10,1.605e-17,,3.677e-5,5.239e-17
382.69,4.207e+3,5.979e-21,7.060e-9,8.246e-40,1.510e-28,9.786e-34,,1.803e+1,2.196e-22,,2.650e-15,7.642e-21,2.474e-27,1.401e-17,7.163e-20,1.597e-16,,2.427e-10,,1.316e-20,1.119e-16,4.761e-34,2.037e-18,3.519e-17,4.485e-26,1.396e-14,1.289e-19,1.858e+0,1.310e-23,3.805e+3,7.739e-21,3.454e-27,3.830e-20,5.640e-23,1.229e-20,6.940e+1,2.456e-2,5.048e-4,,1.443e+1,4.811e-16,,6.117e+1,8.763e-20,,1.129e-19,1.674e+2,2.340e-11,1.009e-18,9.967e-18,,4.226e-17,,6.871e+1,1.167e+0,2.488e-10,1.606e-17,,6.450e-5,5.243e-17
382.71,4.120e+3,5.980e-21,7.994e-9,4.748e-40,2.598e-28,9.778e-34,,1.980e+1,2.197e-22,,2.650e-15,7.601e-21,2.470e-27,1.401e-17,7.166e-20,1.977e-16,,1.888e-10,,1.315e-20,1.122e-16,4.756e-34,2.018e-18,3.535e-17,4.486e-26,7.766e-15,1.289e-19,1.722e+0,1.310e-23,3.728e+3,7.745e-21,3.447e-27,3.832e-20,5.640e-23,1.229e-20,8.042e+1,2.902e-2,7.201e-4,,1.346e+1,9.050e-16,,6.155e+1,8.769e-20,,1.129e-19,1.382e+2,4.099e-11,1.009e-18,9.961e-18,,4.253e-17,,7.528e+1,1.155e+0,4.280e-10,1.607e-17,,9.320e-5,5.245e-17
382.74,3.985e+3,5.982e-21,9.541e-9,2.054e-40,5.807e-28,9.767e-34,,2.263e+1,2.199e-22,,2.651e-15,7.538e-21,2.464e-27,1.402e-17,7.170e-20,2.696e-16,,1.283e-10,,1.314e-20,1.127e-16,4.748e-34,1.989e-18,3.558e-17,4.488e-26,3.189e-15,1.289e-19,1.533e+0,1.311e-23,3.598e+3,7.752e-21,3.437e-27,3.834e-20,5.642e-23,1.229e-20,9.969e+1,3.689e-2,1.215e-3,,1.211e+1,2.313e-15,,6.164e+1,8.779e-20,,1.129e-19,1.027e+2,9.411e-11,1.008e-18,9.951e-18,,4.295e-17,,8.548e+1,1.128e+0,9.565e-10,1.608e-17,,1.604e-4,5.248e-17
382.76,3.892e+3,5.983e-21,1.067e-8,1.167e-40,9.863e-28,9.760e-34,,2.463e+1,2.201e-22,,2.651e-15,7.496e-21,2.460e-27,1.402e-17,1.408e-19,3.294e-16,,9.850e-11,,1.312e-20,1.130e-16,4.743e-34,3.906e-18,3.573e-17,4.490e-26,1.750e-15,1.289e-19,1.419e+0,1.312e-23,3.502e+3,7.757e-21,3.430e-27,3.835e-20,5.643e-23,1.229e-20,1.145e+2,4.302e-2,1.711e-3,,1.131e+1,4.295e-15,,6.139e+1,8.785e-20,,1.129e-19,8.371e+1,1.627e-10,1.008e-18,9.945e-18,,4.323e-17,,9.244e+1,1.104e+0,1.625e-9,1.609e-17,,2.288e-4,5.251e-17
382.79,3.749e+3,5.985e-21,1.250e-8,4.951e-41,2.162e-27,9.748e-34,,2.776e+1,2.203e-22,,2.652e-15,7.433e-21,2.454e-27,1.403e-17,3.839e-19,4.406e-16,,6.562e-11,,1.311e-20,1.135e-16,4.735e-34,1.065e-17,3.597e-17,4.492e-26,7.047e-16,1.290e-19,1.268e+0,1.313e-23,3.344e+3,7.765e-21,3.420e-27,3.837e-20,5.644e-23,1.229e-20,1.396e+2,5.364e-2,2.832e-3,,1.027e+1,1.076e-14,,6.055e+1,8.795e-20,,1.129e-19,6.099e+1,3.664e-10,1.007e-18,9.935e-18,,4.364e-17,,1.029e+2,1.059e+0,3.561e-9,1.611e-17,,3.860e-4,5.254e-17
382.81,3.651e+3,5.987e-21,1.380e-8,2.776e-41,3.625e-27,9.741e-34,,2.993e+1,2.204e-22,,2.653e-15,7.391e-21,2.450e-27,1.403e-17,7.443e-19,5.314e-16,,4.973e-11,,1.310e-20,1.138e-16,4.730e-34,2.065e-17,3.612e-17,4.493e-26,3.817e-16,1.290e-19,1.183e+0,1.313e-23,3.232e+3,7.770e-21,3.413e-27,3.838e-20,5.645e-23,1.229e-20,1.585e+2,6.174e-2,3.937e-3,,9.699e+0,1.973e-14,,5.970e+1,8.802e-20,,1.128e-19,4.906e+1,6.253e-10,1.007e-18,9.929e-18,,4.392e-17,,1.099e+2,1.025e+0,5.971e-9,1.611e-17,,5.435e-4,5.256e-17
382.83,3.552e+3,5.988e-21,1.517e-8,1.549e-41,6.046e-27,9.733e-34,,3.214e+1,2.205e-22,,2.653e-15,7.350e-21,2.447e-27,1.403e-17,1.436e-18,6.376e-16,,3.750e-11,,1.308e-20,1.141e-16,4.725e-34,3.982e-17,3.628e-17,4.494e-26,2.056e-16,1.290e-19,1.111e+0,1.314e-23,3.115e+3,7.775e-21,3.407e-27,3.840e-20,5.646e-23,1.229e-20,1.790e+2,7.069e-2,5.445e-3,,9.235e+0,3.599e-14,,5.863e+1,8.808e-20,,1.128e-19,3.926e+1,1.062e-9,1.006e-18,9.923e-18,,4.419e-17,,1.167e+2,9.877e-1,9.959e-9,1.612e-17,,7.614e-4,5.258e-17
382.86,3.404e+3,5.990e-21,1.732e-8,6.390e-42,1.290e-26,9.722e-34,,3.554e+1,2.208e-22,,2.654e-15,7.287e-21,2.441e-27,1.404e-17,3.809e-18,8.299e-16,,2.431e-11,,1.307e-20,1.146e-16,4.717e-34,1.057e-16,3.651e-17,4.496e-26,8.053e-17,1.290e-19,1.027e+0,1.315e-23,2.934e+3,7.782e-21,3.397e-27,3.842e-20,5.647e-23,1.229e-20,2.129e+2,8.576e-2,8.770e-3,,8.755e+0,8.780e-14,,5.666e+1,8.818e-20,,1.128e-19,2.783e+1,2.327e-9,1.006e-18,9.913e-18,,4.461e-17,,1.264e+2,9.269e-1,2.125e-8,1.613e-17,,1.250e-3,5.262e-17
382.88,3.307e+3,5.991e-21,1.880e-8,3.518e-42,2.124e-26,9.714e-34,,3.782e+1,2.209e-22,,2.655e-15,7.245e-21,2.437e-27,1.404e-17,7.253e-18,9.830e-16,,1.809e-11,,1.306e-20,1.149e-16,4.712e-34,2.012e-16,3.667e-17,4.497e-26,4.282e-17,1.291e-19,9.883e-1,1.315e-23,2.811e+3,7.787e-21,3.390e-27,3.843e-20,5.648e-23,1.229e-20,2.374e+2,9.693e-2,1.197e-2,,8.588e+0,1.581e-13,,5.513e+1,8.824e-20,,1.128e-19,2.198e+1,3.901e-9,1.005e-18,9.907e-18,,4.488e-17,,1.325e+2,8.838e-1,3.498e-8,1.614e-17,,1.729e-3,5.264e-17
382.91,3.165e+3,5.993e-21,2.108e-8,1.423e-42,4.444e-26,9.703e-34,,4.125e+1,2.211e-22,,2.655e-15,7.182e-21,2.431e-27,1.405e-17,1.888e-17,1.255e-15,,1.150e-11,,1.304e-20,1.154e-16,4.704e-34,5.235e-16,3.690e-17,4.499e-26,1.644e-17,1.291e-19,9.557e-1,1.316e-23,2.627e+3,7.795e-21,3.380e-27,3.845e-20,5.649e-23,1.229e-20,2.770e+2,1.153e-1,1.891e-2,,8.582e+0,3.782e-13,,5.255e+1,8.834e-20,,1.128e-19,1.527e+1,8.384e-9,1.004e-18,9.898e-18,,4.530e-17,,1.407e+2,8.169e-1,7.320e-8,1.616e-17,,2.784e-3,5.267e-17
382.93,3.074e+3,5.995e-21,2.262e-8,7.730e-43,7.223e-26,9.696e-34,,4.351e+1,2.213e-22,,2.656e-15,7.141e-21,2.427e-27,1.405e-17,3.548e-17,1.467e-15,,8.446e-12,,1.303e-20,1.157e-16,4.699e-34,9.841e-16,3.705e-17,4.501e-26,8.626e-18,1.291e-19,9.510e-1,1.317e-23,2.507e+3,7.800e-21,3.373e-27,3.847e-20,5.650e-23,1.229e-20,3.050e+2,1.287e-1,2.548e-2,,8.747e+0,6.722e-13,,5.069e+1,8.840e-20,,1.127e-19,1.191e+1,1.387e-8,1.004e-18,9.891e-18,,4.558e-17,,1.456e+2,7.715e-1,1.190e-7,1.616e-17,,3.800e-3,5.270e-17
382.96,2.947e+3,5.997e-21,2.492e-8,3.065e-43,1.482e-25,9.684e-34,,4.682e+1,2.215e-22,,2.657e-15,7.078e-21,2.421e-27,1.405e-17,9.104e-17,1.837e-15,,5.265e-12,,1.301e-20,1.162e-16,4.691e-34,2.512e-15,3.729e-17,4.502e-26,3.246e-18,1.291e-19,9.686e-1,1.318e-23,2.333e+3,7.808e-21,3.363e-27,3.849e-20,5.652e-23,1.229e-20,3.490e+2,1.501e-1,3.947e-2,,9.257e+0,1.578e-12,,4.776e+1,8.850e-20,,1.127e-19,8.113e+0,2.925e-8,1.003e-18,9.882e-18,,4.599e-17,,1.517e+2,7.032e-1,2.442e-7,1.618e-17,,6.002e-3,5.273e-17
382.98,2.869e+3,5.998e-21,2.643e-8,1.643e-43,2.379e-25,9.677e-34,,4.895e+1,2.216e-22,,2.657e-15,7.036e-21,2.417e-27,1.406e-17,1.690e-16,2.121e-15,,3.817e-12,,1.300e-20,1.165e-16,4.686e-34,4.662e-15,3.744e-17,4.504e-26,1.681e-18,1.292e-19,9.962e-1,1.318e-23,2.222e+3,7.813e-21,3.356e-27,3.850e-20,5.653e-23,1.229e-20,3.793e+2,1.653e-1,5.251e-2,,9.777e+0,2.768e-12,,4.574e+1,8.856e-20,,1.127e-19,6.242e+0,4.778e-8,1.003e-18,9.876e-18,,4.627e-17,,1.549e+2,6.582e-1,3.918e-7,1.619e-17,,8.087e-3,5.275e-17
383.01,2.763e+3,6.000e-21,2.863e-8,6.389e-44,4.788e-25,9.666e-34,,5.199e+1,2.218e-22,,2.658e-15,6.973e-21,2.411e-27,1.406e-17,4.233e-16,2.605e-15,,2.333e-12,,1.298e-20,1.170e-16,4.678e-34,1.167e-14,3.768e-17,4.506e-26,6.203e-19,1.292e-19,1.060e+0,1.319e-23,2.067e+3,7.820e-21,3.346e-27,3.852e-20,5.654e-23,1.229e-20,4.256e+2,1.891e-1,7.977e-2,,1.083e+1,6.372e-12,,4.272e+1,8.866e-20,,1.127e-19,4.171e+0,9.879e-8,1.002e-18,9.866e-18,,4.668e-17,,1.583e+2,5.926e-1,7.886e-7,1.620e-17,,1.253e-2,5.279e-17
383.03,2.700e+3,6.001e-21,3.003e-8,3.381e-44,7.583e-25,9.658e-34,,5.389e+1,2.220e-22,,2.658e-15,6.931e-21,2.407e-27,1.407e-17,7.759e-16,2.969e-15,,1.670e-12,,1.297e-20,1.174e-16,4.673e-34,2.138e-14,3.783e-17,4.507e-26,3.170e-19,1.292e-19,1.116e+0,1.320e-23,1.972e+3,7.825e-21,3.339e-27,3.854e-20,5.655e-23,1.229e-20,4.566e+2,2.056e-1,1.047e-1,,1.172e+1,1.104e-11,,4.073e+1,8.873e-20,,1.127e-19,3.167e+0,1.593e-7,1.002e-18,9.860e-18,,4.696e-17,,1.595e+2,5.506e-1,1.249e-6,1.621e-17,,1.666e-2,5.281e-17
383.06,2.619e+3,6.003e-21,3.199e-8,1.288e-44,1.497e-24,9.647e-34,,5.651e+1,2.222e-22,,2.659e-15,6.869e-21,2.402e-27,1.407e-17,1.906e-15,3.579e-15,,1.001e-12,,1.295e-20,1.178e-16,4.665e-34,5.251e-14,3.806e-17,4.509e-26,1.147e-19,1.292e-19,1.219e+0,1.321e-23,1.845e+3,7.833e-21,3.329e-27,3.856e-20,5.656e-23,1.229e-20,5.024e+2,2.307e-1,1.561e-1,,1.332e+1,2.492e-11,,3.788e+1,8.882e-20,,1.126e-19,2.075e+0,3.231e-7,1.001e-18,9.851e-18,,4.737e-17,,1.598e+2,4.909e-1,2.466e-6,1.622e-17,,2.531e-2,5.284e-17
383.08,2.573e+3,6.005e-21,3.319e-8,6.728e-45,2.341e-24,9.639e-34,,5.810e+1,2.223e-22,,2.660e-15,6.827e-21,2.398e-27,1.407e-17,3.449e-15,4.028e-15,,7.069e-13,,1.294e-20,1.182e-16,4.660e-34,9.496e-14,3.822e-17,4.510e-26,5.783e-20,1.293e-19,1.298e+0,1.321e-23,1.769e+3,7.838e-21,3.322e-27,3.857e-20,5.657e-23,1.229e-20,5.320e+2,2.475e-1,2.023e-1,,1.457e+1,4.261e-11,,3.611e+1,8.889e-20,,1.126e-19,1.555e+0,5.143e-7,1.001e-18,9.844e-18,,4.765e-17,,1.590e+2,4.537e-1,3.856e-6,1.623e-17,,3.323e-2,5.287e-17
383.11,2.517e+3,6.007e-21,3.481e-8,2.514e-45,4.533e-24,9.628e-34,,6.021e+1,2.225e-22,,2.660e-15,6.764e-21,2.392e-27,1.408e-17,8.315e-15,4.765e-15,,4.155e-13,,1.292e-20,1.186e-16,4.652e-34,2.287e-13,3.845e-17,4.512e-26,5.743e-20,1.293e-19,1.430e+0,1.322e-23,1.672e+3,7.845e-21,3.312e-27,3.859e-20,5.659e-23,1.229e-20,5.742e+2,2.723e-1,2.956e-1,,1.671e+1,9.436e-11,,3.371e+1,8.898e-20,,1.126e-19,9.989e-1,1.023e-6,1.000e-18,9.835e-18,,4.806e-17,,1.562e+2,4.023e-1,7.467e-6,1.624e-17,,4.951e-2,5.290e-17
383.13,2.486e+3,6.008e-21,3.575e-8,1.296e-45,6.997e-24,9.621e-34,,6.143e+1,2.227e-22,,2.661e-15,6.722e-21,2.388e-27,1.408e-17,1.485e-14,5.297e-15,,2.897e-13,,1.291e-20,1.190e-16,4.647e-34,4.084e-13,3.861e-17,4.513e-26,5.716e-20,1.293e-19,1.524e+0,1.323e-23,1.617e+3,7.850e-21,3.305e-27,3.861e-20,5.659e-23,1.229e-20,6.001e+2,2.884e-1,3.782e-1,,1.832e+1,1.593e-10,,3.231e+1,8.905e-20,,1.126e-19,7.388e-1,1.608e-6,9.996e-19,9.829e-18,,4.834e-17,,1.534e+2,3.713e-1,1.153e-5,1.625e-17,,6.416e-2,5.292e-17
383.16,2.451e+3,6.010e-21,3.694e-8,4.746e-46,1.329e-23,9.609e-34,,6.298e+1,2.229e-22,,2.662e-15,6.660e-21,2.382e-27,1.409e-17,3.512e-14,6.153e-15,,1.670e-13,,1.290e-20,1.194e-16,4.640e-34,9.649e-13,3.884e-17,4.515e-26,5.676e-20,1.293e-19,1.674e+0,1.324e-23,1.550e+3,7.858e-21,3.295e-27,3.863e-20,5.661e-23,1.229e-20,6.351e+2,3.112e-1,5.420e-1,,2.097e+1,3.460e-10,,3.058e+1,8.915e-20,,1.125e-19,4.654e-1,3.136e-6,9.989e-19,9.819e-18,,4.876e-17,,1.478e+2,3.300e-1,2.189e-5,1.626e-17,,9.375e-2,5.296e-17
383.18,2.434e+3,6.011e-21,3.758e-8,2.414e-46,2.025e-23,9.602e-34,,6.384e+1,2.230e-22,,2.662e-15,6.618e-21,2.378e-27,1.409e-17,6.193e-14,6.760e-15,,1.149e-13,,1.288e-20,1.198e-16,4.634e-34,1.701e-12,3.900e-17,4.517e-26,5.649e-20,1.294e-19,1.776e+0,1.324e-23,1.515e+3,7.863e-21,3.289e-27,3.864e-20,5.662e-23,1.229e-20,6.553e+2,3.253e-1,6.845e-1,,2.289e+1,5.765e-10,,2.970e+1,8.921e-20,,1.125e-19,3.398e-1,4.865e-6,9.984e-19,9.813e-18,,4.903e-17,,1.432e+2,3.063e-1,3.335e-5,1.627e-17,,1.199e-1,5.298e-17
383.2,2.420e+3,6.013e-21,3.808e-8,1.221e-46,3.069e-23,9.594e-34,,6.456e+1,2.232e-22,,2.663e-15,6.576e-21,2.374e-27,1.409e-17,1.087e-13,7.392e-15,,7.864e-14,,1.287e-20,1.201e-16,4.629e-34,2.982e-12,3.915e-17,4.518e-26,5.622e-20,1.294e-19,1.879e+0,1.325e-23,1.487e+3,7.868e-21,3.282e-27,3.866e-20,5.663e-23,1.229e-20,6.726e+2,3.382e-1,8.600e-1,,2.493e+1,9.558e-10,,2.906e+1,8.927e-20,,1.125e-19,2.467e-1,7.508e-6,9.980e-19,9.807e-18,,4.931e-17,,1.381e+2,2.858e-1,5.056e-5,1.628e-17,,1.527e-1,5.300e-17
383.23,2.404e+3,6.015e-21,3.860e-8,2.506e-46,5.673e-23,9.583e-34,,6.542e+1,2.234e-22,,2.663e-15,6.513e-21,2.368e-27,1.410e-17,2.501e-13,8.382e-15,,4.410e-14,,1.286e-20,1.206e-16,4.621e-34,6.858e-12,3.938e-17,4.520e-26,5.581e-20,1.294e-19,2.031e+0,1.326e-23,1.455e+3,7.876e-21,3.272e-27,3.868e-20,5.664e-23,1.229e-20,6.926e+2,3.551e-1,1.199e+0,,2.820e+1,2.021e-9,,2.858e+1,8.937e-20,,1.125e-19,1.512e-1,1.426e-5,9.973e-19,9.797e-18,,4.972e-17,,1.295e+2,2.616e-1,9.345e-5,1.629e-17,,2.171e-1,5.304e-17
383.25,2.395e+3,6.016e-21,3.878e-8,3.363e-46,8.490e-23,9.575e-34,,6.586e+1,2.235e-22,,2.664e-15,6.471e-21,2.364e-27,1.410e-17,4.333e-13,9.066e-15,,2.980e-14,,1.284e-20,1.209e-16,4.616e-34,1.187e-11,3.954e-17,4.521e-26,5.554e-20,1.294e-19,2.128e+0,1.326e-23,1.441e+3,7.881e-21,3.265e-27,3.869e-20,5.665e-23,1.229e-20,7.016e+2,3.645e-1,1.487e+0,,3.049e+1,3.307e-9,,2.860e+1,8.944e-20,,1.125e-19,1.084e-1,2.172e-5,9.969e-19,9.791e-18,,5.000e-17,,1.232e+2,2.502e-1,1.398e-4,1.630e-17,,2.727e-1,5.306e-17
383.28,2.384e+3,6.018e-21,3.881e-8,4.648e-46,1.539e-22,9.564e-34,,6.638e+1,2.237e-22,,2.665e-15,6.409e-21,2.358e-27,1.411e-17,9.784e-13,1.012e-14,,1.638e-14,,1.283e-20,1.214e-16,4.609e-34,2.678e-11,3.977e-17,4.523e-26,5.514e-20,1.295e-19,2.266e+0,1.327e-23,1.427e+3,7.888e-21,3.255e-27,3.871e-20,5.666e-23,1.229e-20,7.085e+2,3.753e-1,2.035e+0,,3.409e+1,6.857e-9,,2.914e+1,8.953e-20,,1.124e-19,6.512e-2,4.045e-5,9.962e-19,9.782e-18,,5.041e-17,,1.133e+2,2.407e-1,2.535e-4,1.631e-17,,3.803e-1,5.309e-17
383.3,2.377e+3,6.019e-21,3.868e-8,5.505e-46,2.274e-22,9.557e-34,,6.666e+1,2.239e-22,,2.665e-15,6.367e-21,2.355e-27,1.411e-17,1.673e-12,1.084e-14,,1.093e-14,,1.281e-20,1.217e-16,4.603e-34,4.576e-11,3.993e-17,4.524e-26,5.487e-20,1.295e-19,2.349e+0,1.328e-23,1.423e+3,7.893e-21,3.248e-27,3.872e-20,5.667e-23,1.229e-20,7.085e+2,3.803e-1,2.491e+0,,3.657e+1,1.108e-8,,2.986e+1,8.960e-20,,1.124e-19,4.606e-2,6.083e-5,9.958e-19,9.775e-18,,5.069e-17,,1.064e+2,2.399e-1,3.745e-4,1.632e-17,,4.716e-1,5.312e-17
383.33,2.363e+3,6.021e-21,3.826e-8,6.790e-46,4.043e-22,9.545e-34,,6.703e+1,2.241e-22,,2.666e-15,6.304e-21,2.349e-27,1.412e-17,3.707e-12,1.194e-14,,5.892e-15,,1.280e-20,1.222e-16,4.596e-34,1.012e-10,4.016e-17,4.526e-26,5.446e-20,1.295e-19,2.461e+0,1.329e-23,1.420e+3,7.901e-21,3.238e-27,3.875e-20,5.668e-23,1.229e-20,7.016e+2,3.840e-1,3.341e+0,,4.039e+1,2.253e-8,,3.147e+1,8.969e-20,,1.124e-19,2.714e-2,1.111e-4,9.951e-19,9.766e-18,,5.111e-17,,9.593e+1,2.481e-1,6.659e-4,1.633e-17,,6.450e-1,5.315e-17
383.35,2.353e+3,6.022e-21,3.785e-8,7.646e-46,5.895e-22,9.538e-34,,6.728e+1,2.242e-22,,2.666e-15,6.262e-21,2.345e-27,1.412e-17,6.259e-12,1.269e-14,,3.878e-15,,1.279e-20,1.225e-16,4.590e-34,1.708e-10,4.032e-17,4.528e-26,5.419e-20,1.295e-19,2.524e+0,1.329e-23,1.420e+3,7.906e-21,3.231e-27,3.876e-20,5.669e-23,1.229e-20,6.926e+2,3.840e-1,4.038e+0,,4.298e+1,3.594e-8,,3.290e+1,8.976e-20,,1.124e-19,1.895e-2,1.650e-4,9.947e-19,9.760e-18,,5.138e-17,,8.895e+1,2.604e-1,9.710e-4,1.634e-17,,7.896e-1,5.317e-17
383.38,2.333e+3,6.024e-21,3.705e-8,8.932e-46,1.028e-21,9.527e-34,,6.773e+1,2.244e-22,,2.667e-15,6.199e-21,2.339e-27,1.412e-17,1.360e-11,1.383e-14,,2.050e-15,,1.277e-20,1.230e-16,4.583e-34,3.707e-10,4.055e-17,4.529e-26,5.379e-20,1.296e-19,2.600e+0,1.330e-23,1.422e+3,7.913e-21,3.221e-27,3.878e-20,5.671e-23,1.229e-20,6.726e+2,3.803e-1,5.312e+0,,4.690e+1,7.169e-8,,3.554e+1,8.986e-20,,1.124e-19,1.095e-2,2.955e-4,9.940e-19,9.750e-18,,5.180e-17,,7.864e+1,2.903e-1,1.693e-3,1.635e-17,,1.059e+0,5.321e-17
383.4,2.318e+3,6.026e-21,3.640e-8,9.788e-46,1.480e-21,9.519e-34,,6.810e+1,2.246e-22,,2.668e-15,6.158e-21,2.335e-27,1.413e-17,2.268e-11,1.462e-14,,1.332e-15,,1.276e-20,1.233e-16,4.577e-34,6.173e-10,4.071e-17,4.531e-26,5.352e-20,1.296e-19,2.639e+0,1.331e-23,1.424e+3,7.919e-21,3.214e-27,3.879e-20,5.672e-23,1.229e-20,6.553e+2,3.753e-1,6.336e+0,,4.950e+1,1.129e-7,,3.762e+1,8.992e-20,,1.123e-19,7.543e-3,4.332e-4,9.936e-19,9.744e-18,,5.207e-17,,7.197e+1,3.188e-1,2.438e-3,1.636e-17,,1.280e+0,5.323e-17
383.43,2.290e+3,6.028e-21,3.528e-8,1.107e-45,2.532e-21,9.508e-34,,6.881e+1,2.248e-22,,2.668e-15,6.095e-21,2.329e-27,1.413e-17,4.836e-11,1.584e-14,,6.906e-16,,1.274e-20,1.238e-16,4.570e-34,1.314e-9,4.094e-17,4.533e-26,5.312e-20,1.296e-19,2.676e+0,1.332e-23,1.427e+3,7.926e-21,3.204e-27,3.881e-20,5.673e-23,1.229e-20,6.240e+2,3.645e-1,8.175e+0,,5.337e+1,2.208e-7,,4.118e+1,9.002e-20,,1.123e-19,4.273e-3,7.611e-4,9.929e-19,9.735e-18,,5.249e-17,,6.239e+1,3.755e-1,4.170e-3,1.637e-17,,1.684e+0,5.326e-17
383.45,2.269e+3,6.029e-21,3.444e-8,1.193e-45,3.597e-21,9.500e-34,,6.941e+1,2.249e-22,,2.669e-15,6.053e-21,2.325e-27,1.414e-17,7.960e-11,1.670e-14,,4.428e-16,,1.273e-20,1.241e-16,4.565e-34,2.160e-9,4.109e-17,4.534e-26,5.285e-20,1.296e-19,2.688e+0,1.332e-23,1.428e+3,7.931e-21,3.197e-27,3.883e-20,5.674e-23,1.229e-20,6.001e+2,3.551e-1,9.627e+0,,5.590e+1,3.433e-7,,4.382e+1,9.008e-20,,1.123e-19,2.906e-3,1.101e-3,9.925e-19,9.728e-18,,5.276e-17,,5.636e+1,4.237e-1,5.926e-3,1.638e-17,,2.008e+0,5.329e-17
383.48,2.235e+3,6.031e-21,3.306e-8,1.322e-45,6.035e-21,9.489e-34,,7.052e+1,2.251e-22,,2.670e-15,5.990e-21,2.319e-27,1.414e-17,1.665e-10,1.809e-14,,2.251e-16,,1.271e-20,1.246e-16,4.557e-34,4.511e-9,4.133e-17,4.536e-26,5.244e-20,1.297e-19,2.687e+0,1.333e-23,1.430e+3,7.939e-21,3.187e-27,3.885e-20,5.675e-23,1.229e-20,5.605e+2,3.382e-1,1.218e+1,,5.956e+1,6.588e-7,,4.810e+1,9.018e-20,,1.123e-19,1.614e-3,1.898e-3,9.918e-19,9.719e-18,,5.318e-17,,4.791e+1,5.132e-1,9.941e-3,1.640e-17,,2.591e+0,5.332e-17
383.5,2.211e+3,6.032e-21,3.207e-8,1.407e-45,8.467e-21,9.482e-34,,7.140e+1,2.253e-22,,2.670e-15,5.948e-21,2.315e-27,1.414e-17,2.707e-10,1.910e-14,,1.425e-16,,1.270e-20,1.249e-16,4.552e-34,7.321e-9,4.148e-17,4.537e-26,5.217e-20,1.297e-19,2.674e+0,1.334e-23,1.431e+3,7.944e-21,3.180e-27,3.886e-20,5.676e-23,1.229e-20,5.320e+2,3.253e-1,1.416e+1,,6.191e+1,1.011e-6,,5.114e+1,9.024e-20,,1.123e-19,1.083e-3,2.711e-3,9.914e-19,9.713e-18,,5.346e-17,,4.272e+1,5.852e-1,1.395e-2,1.640e-17,,3.051e+0,5.334e-17
383.53,2.174e+3,6.034e-21,3.050e-8,1.536e-45,1.393e-20,9.470e-34,,7.293e+1,2.255e-22,,2.671e-15,5.886e-21,2.310e-27,1.415e-17,5.555e-10,2.079e-14,,7.103e-17,,1.268e-20,1.254e-16,4.544e-34,1.499e-8,4.172e-17,4.539e-26,5.177e-20,1.297e-19,2.639e+0,1.335e-23,1.432e+3,7.951e-21,3.170e-27,3.888e-20,5.678e-23,1.229e-20,4.873e+2,3.038e-1,1.757e+1,,6.522e+1,1.903e-6,,5.588e+1,9.034e-20,,1.122e-19,5.900e-4,4.582e-3,9.907e-19,9.703e-18,,5.387e-17,,3.562e+1,7.133e-1,2.295e-2,1.642e-17,,3.860e+0,5.338e-17
383.55,2.150e+3,6.036e-21,2.940e-8,1.621e-45,1.929e-20,9.463e-34,,7.407e+1,2.256e-22,,2.671e-15,5.844e-21,2.306e-27,1.415e-17,8.916e-10,2.208e-14,,4.436e-17,,1.267e-20,1.257e-16,4.539e-34,2.402e-8,4.187e-17,4.540e-26,5.150e-20,1.297e-19,2.606e+0,1.335e-23,1.434e+3,7.956e-21,3.164e-27,3.890e-20,5.678e-23,1.229e-20,4.566e+2,2.884e-1,2.016e+1,,6.728e+1,2.882e-6,,5.912e+1,9.040e-20,,1.122e-19,3.909e-4,6.460e-3,9.903e-19,9.697e-18,,5.415e-17,,3.134e+1,8.129e-1,3.178e-2,1.642e-17,,4.486e+0,5.340e-17
383.57,2.128e+3,6.037e-21,2.827e-8,1.707e-45,2.658e-20,9.455e-34,,7.528e+1,2.258e-22,,2.672e-15,5.802e-21,2.302e-27,1.416e-17,1.424e-9,2.351e-14,,2.757e-17,,1.266e-20,1.261e-16,4.533e-34,3.829e-8,4.203e-17,4.542e-26,5.123e-20,1.297e-19,2.568e+0,1.336e-23,1.436e+3,7.961e-21,3.157e-27,3.891e-20,5.679e-23,1.229e-20,4.256e+2,2.723e-1,2.301e+1,,6.919e+1,4.343e-6,,6.238e+1,9.047e-20,,1.122e-19,2.576e-4,9.061e-3,9.898e-19,9.691e-18,,5.442e-17,,2.744e+1,9.243e-1,4.378e-2,1.643e-17,,5.188e+0,5.342e-17
383.6,2.097e+3,6.039e-21,2.652e-8,1.836e-45,4.256e-20,9.444e-34,,7.719e+1,2.260e-22,,2.673e-15,5.739e-21,2.296e-27,1.416e-17,2.846e-9,2.601e-14,,1.337e-17,,1.264e-20,1.265e-16,4.526e-34,7.633e-8,4.226e-17,4.544e-26,5.083e-20,1.298e-19,2.501e+0,1.337e-23,1.442e+3,7.969e-21,3.147e-27,3.893e-20,5.681e-23,1.229e-20,3.792e+2,2.475e-1,2.780e+1,,7.176e+1,7.958e-6,,6.721e+1,9.057e-20,,1.122e-19,1.365e-4,1.491e-2,9.892e-19,9.681e-18,,5.484e-17,,2.226e+1,1.114e+0,7.011e-2,1.645e-17,,6.388e+0,5.346e-17
383.62,2.080e+3,6.040e-21,2.533e-8,1.921e-45,5.789e-20,9.436e-34,,7.848e+1,2.261e-22,,2.673e-15,5.698e-21,2.292e-27,1.416e-17,4.487e-9,2.795e-14,,8.199e-18,,1.263e-20,1.269e-16,4.521e-34,1.201e-7,4.241e-17,4.545e-26,5.056e-20,1.298e-19,2.453e+0,1.338e-23,1.447e+3,7.974e-21,3.140e-27,3.895e-20,5.682e-23,1.229e-20,3.489e+2,2.307e-1,3.132e+1,,7.325e+1,1.184e-5,,7.035e+1,9.063e-20,,1.122e-19,8.878e-5,2.064e-2,9.887e-19,9.675e-18,,5.511e-17,,1.924e+1,1.257e+0,9.535e-2,1.645e-17,,7.291e+0,5.348e-17
383.65,2.061e+3,6.042e-21,2.352e-8,2.050e-45,9.092e-20,9.425e-34,,8.038e+1,2.263e-22,,2.674e-15,5.635e-21,2.286e-27,1.417e-17,8.800e-9,3.136e-14,,3.900e-18,,1.261e-20,1.274e-16,4.513e-34,2.348e-7,4.265e-17,4.547e-26,5.015e-20,1.298e-19,2.377e+0,1.338e-23,1.460e+3,7.982e-21,3.130e-27,3.897e-20,5.683e-23,1.229e-20,3.049e+2,2.056e-1,3.710e+1,,7.513e+1,2.127e-5,,7.481e+1,9.073e-20,,1.121e-19,4.612e-5,3.331e-2,9.881e-19,9.666e-18,,5.553e-17,1.256e-18,1.530e+1,1.493e+0,1.498e-1,1.647e-17,,8.804e+0,5.351e-17
383.67,2.053e+3,6.044e-21,2.231e-8,2.135e-45,1.221e-19,9.418e-34,,8.156e+1,2.265e-22,,2.674e-15,5.593e-21,2.282e-27,1.417e-17,1.370e-8,3.400e-14,,2.360e-18,,1.260e-20,1.277e-16,4.508e-34,3.648e-7,4.280e-17,4.548e-26,4.988e-20,1.298e-19,2.326e+0,1.339e-23,1.472e+3,7.987e-21,3.123e-27,3.898e-20,5.684e-23,1.229e-20,2.769e+2,1.891e-1,4.127e+1,,7.612e+1,3.124e-5,,7.757e+1,9.079e-20,,1.121e-19,2.961e-5,4.553e-2,9.876e-19,9.659e-18,,5.581e-17,2.466e-18,1.305e+1,1.665e+0,2.011e-1,1.648e-17,,9.920e+0,5.353e-17
383.7,2.049e+3,6.046e-21,2.048e-8,2.264e-45,1.881e-19,9.406e-34,,8.311e+1,2.267e-22,,2.675e-15,5.530e-21,2.276e-27,1.418e-17,2.637e-8,3.860e-14,,1.101e-18,,1.259e-20,1.282e-16,4.500e-34,6.997e-7,4.304e-17,4.550e-26,4.948e-20,1.299e-19,2.252e+0,1.340e-23,1.496e+3,7.994e-21,3.113e-27,3.900e-20,5.685e-23,1.229e-20,2.373e+2,1.653e-1,4.794e+1,,7.719e+1,5.506e-5,,8.130e+1,9.089e-20,,1.121e-19,1.508e-5,7.205e-2,9.870e-19,9.650e-18,,5.622e-17,6.716e-18,1.018e+1,1.945e+0,3.098e-1,1.649e-17,,1.175e+1,5.357e-17
383.72,2.052e+3,6.047e-21,1.927e-8,2.350e-45,2.492e-19,9.399e-34,,8.395e+1,2.268e-22,,2.676e-15,5.488e-21,2.272e-27,1.418e-17,4.055e-8,4.213e-14,,6.576e-19,,1.257e-20,1.285e-16,4.495e-34,1.073e-6,4.319e-17,4.551e-26,4.921e-20,1.299e-19,2.206e+0,1.341e-23,1.515e+3,7.999e-21,3.106e-27,3.902e-20,5.686e-23,1.229e-20,2.127e+2,1.501e-1,5.264e+1,,7.762e+1,7.983e-5,,8.346e+1,9.095e-20,,1.121e-19,9.556e-6,9.722e-2,9.865e-19,9.644e-18,,5.650e-17,1.301e-17,8.571e+0,2.145e+0,4.105e-1,1.650e-17,,1.307e+1,5.359e-17
383.75,2.064e+3,6.049e-21,1.748e-8,2.478e-45,3.766e-19,9.388e-34,,8.482e+1,2.270e-22,,2.676e-15,5.426e-21,2.267e-27,1.419e-17,7.659e-8,4.819e-14,,3.007e-19,,1.256e-20,1.290e-16,4.487e-34,2.018e-6,4.342e-17,4.553e-26,4.880e-20,1.299e-19,2.143e+0,1.341e-23,1.549e+3,8.007e-21,3.096e-27,3.904e-20,5.688e-23,1.229e-20,1.788e+2,1.287e-1,5.999e+1,,7.782e+1,1.380e-4,,8.613e+1,9.105e-20,,1.120e-19,4.773e-6,1.509e-1,9.859e-19,9.634e-18,,5.691e-17,3.477e-17,6.557e+0,2.459e+0,6.203e-1,1.651e-17,,1.518e+1,5.363e-17
383.77,2.077e+3,6.050e-21,1.631e-8,2.564e-45,4.927e-19,9.380e-34,,8.511e+1,2.272e-22,,2.677e-15,5.384e-21,2.263e-27,1.419e-17,1.163e-7,5.276e-14,,1.773e-19,,1.255e-20,1.293e-16,4.482e-34,3.056e-6,4.358e-17,4.555e-26,4.854e-20,1.299e-19,2.106e+0,1.342e-23,1.576e+3,8.012e-21,3.089e-27,3.905e-20,5.688e-23,1.229e-20,1.582e+2,1.153e-1,6.503e+1,,7.766e+1,1.975e-4,,8.749e+1,9.111e-20,,1.120e-19,2.985e-6,2.010e-1,9.854e-19,9.628e-18,,5.719e-17,6.651e-17,5.449e+0,2.678e+0,8.115e-1,1.652e-17,,1.666e+1,5.365e-17
383.8,2.104e+3,6.052e-21,1.460e-8,2.692e-45,7.301e-19,9.369e-34,,8.502e+1,2.274e-22,,2.678e-15,5.321e-21,2.257e-27,1.419e-17,2.156e-7,6.043e-14,,7.951e-20,,1.253e-20,1.298e-16,4.474e-34,5.638e-6,4.381e-17,4.556e-26,4.813e-20,1.300e-19,2.058e+0,1.343e-23,1.620e+3,8.019e-21,3.079e-27,3.907e-20,5.690e-23,1.229e-20,1.304e+2,9.693e-2,7.269e+1,,7.698e+1,3.349e-4,,8.887e+1,9.121e-20,,1.120e-19,1.462e-6,3.061e-1,9.848e-19,9.619e-18,,5.760e-17,1.743e-16,4.087e+0,3.014e+0,1.203e+0,1.653e-17,,1.898e+1,5.368e-17
383.82,2.125e+3,6.054e-21,1.350e-8,2.778e-45,9.430e-19,9.361e-34,,8.458e+1,2.275e-22,,2.678e-15,5.279e-21,2.253e-27,1.420e-17,3.234e-7,6.609e-14,,4.629e-20,,1.252e-20,1.301e-16,4.469e-34,8.427e-6,4.397e-17,4.558e-26,4.786e-20,1.300e-19,2.033e+0,1.344e-23,1.652e+3,8.024e-21,3.072e-27,3.909e-20,5.691e-23,1.229e-20,1.139e+2,8.576e-2,7.780e+1,,7.624e+1,4.732e-4,,8.931e+1,9.128e-20,,1.120e-19,9.022e-7,4.025e-1,9.843e-19,9.612e-18,,5.788e-17,3.292e-16,3.353e+0,3.240e+0,1.553e+0,1.654e-17,,2.057e+1,5.370e-17
383.85,2.161e+3,6.056e-21,1.191e-8,2.906e-45,1.371e-18,9.350e-34,,8.334e+1,2.277e-22,,2.679e-15,5.217e-21,2.247e-27,1.420e-17,5.885e-7,7.538e-14,,2.038e-20,,1.250e-20,1.306e-16,4.461e-34,1.525e-5,4.420e-17,4.560e-26,4.746e-20,1.300e-19,2.002e+0,1.344e-23,1.702e+3,8.032e-21,3.062e-27,3.911e-20,5.692e-23,1.229e-20,9.203e+1,7.069e-2,8.533e+1,,7.473e+1,7.870e-4,,8.926e+1,9.137e-20,,1.120e-19,4.332e-7,6.010e-1,9.836e-19,9.603e-18,,5.829e-17,8.463e-16,2.466e+0,3.577e+0,2.258e+0,1.655e-17,,2.298e+1,5.374e-17
383.87,2.186e+3,6.057e-21,1.091e-8,2.992e-45,1.747e-18,9.342e-34,,8.211e+1,2.279e-22,,2.679e-15,5.175e-21,2.243e-27,1.421e-17,8.717e-7,8.207e-14,,1.176e-20,,1.249e-20,1.309e-16,4.456e-34,2.250e-5,4.436e-17,4.561e-26,4.719e-20,1.300e-19,1.987e+0,1.345e-23,1.736e+3,8.037e-21,3.056e-27,3.912e-20,5.693e-23,1.229e-20,7.933e+1,6.174e-2,9.017e+1,,7.347e+1,1.098e-3,,8.874e+1,9.144e-20,,1.119e-19,2.639e-7,7.801e-1,9.832e-19,9.597e-18,,5.857e-17,1.578e-15,1.997e+0,3.796e+0,2.878e+0,1.656e-17,,2.458e+1,5.376e-17
383.9,2.223e+3,6.059e-21,9.481e-9,3.121e-45,2.491e-18,9.331e-34,,7.967e+1,2.281e-22,,2.680e-15,5.112e-21,2.237e-27,1.421e-17,1.557e-6,9.277e-14,,5.206e-21,,1.247e-20,1.314e-16,4.448e-34,3.995e-5,4.459e-17,4.563e-26,4.678e-20,1.301e-19,1.972e+0,1.346e-23,1.786e+3,8.045e-21,3.045e-27,3.914e-20,5.694e-23,1.229e-20,6.288e+1,4.990e-2,9.705e+1,,7.124e+1,1.791e-3,,8.726e+1,9.153e-20,,1.119e-19,1.243e-7,1.143e+0,9.825e-19,9.587e-18,,5.898e-17,3.980e-15,1.440e+0,4.111e+0,4.103e+0,1.657e-17,,2.694e+1,5.379e-17
383.92,2.247e+3,6.060e-21,8.591e-9,3.206e-45,3.135e-18,9.324e-34,,7.765e+1,2.282e-22,,2.681e-15,5.070e-21,2.233e-27,1.422e-17,2.278e-6,1.003e-13,,3.156e-21,,1.246e-20,1.317e-16,4.443e-34,5.819e-5,4.475e-17,4.564e-26,4.651e-20,1.301e-19,1.965e+0,1.347e-23,1.817e+3,8.050e-21,3.039e-27,3.916e-20,5.695e-23,1.229e-20,5.350e+1,4.302e-2,1.013e+2,,6.955e+1,2.466e-3,,8.583e+1,9.160e-20,,1.119e-19,7.471e-8,1.464e+0,9.821e-19,9.581e-18,,5.926e-17,7.326e-15,1.151e+0,4.307e+0,5.164e+0,1.658e-17,,2.844e+1,5.382e-17
383.94,2.269e+3,6.062e-21,7.751e-9,3.292e-45,3.926e-18,9.316e-34,,7.535e+1,2.284e-22,,2.681e-15,5.028e-21,2.229e-27,1.422e-17,3.317e-6,1.080e-13,,2.139e-21,,1.245e-20,1.320e-16,4.438e-34,8.432e-5,4.490e-17,4.565e-26,4.624e-20,1.301e-19,1.961e+0,1.347e-23,1.846e+3,8.055e-21,3.032e-27,3.917e-20,5.696e-23,1.229e-20,4.529e+1,3.690e-2,1.052e+2,,6.773e+1,3.377e-3,,8.406e+1,9.166e-20,,1.119e-19,4.469e-8,1.866e+0,9.817e-19,9.575e-18,,5.954e-17,1.342e-14,9.150e-1,4.490e+0,6.466e+0,1.659e-17,,2.988e+1,5.384e-17
383.97,2.296e+3,6.064e-21,6.588e-9,3.420e-45,5.447e-18,9.305e-34,,7.140e+1,2.286e-22,,2.682e-15,4.966e-21,2.224e-27,1.422e-17,5.775e-6,1.199e-13,,1.901e-21,,1.243e-20,1.325e-16,4.430e-34,1.457e-4,4.513e-17,4.567e-26,4.584e-20,1.301e-19,1.957e+0,1.348e-23,1.883e+3,8.062e-21,3.022e-27,3.919e-20,5.697e-23,1.229e-20,3.493e+1,2.903e-2,1.104e+2,,6.480e+1,5.362e-3,,8.084e+1,9.176e-20,,1.119e-19,2.047e-8,2.661e+0,9.810e-19,9.565e-18,,5.995e-17,3.294e-14,6.422e-1,4.732e+0,8.972e+0,1.660e-17,,3.186e+1,5.387e-17
383.99,2.309e+3,6.065e-21,5.879e-9,3.506e-45,6.732e-18,9.297e-34,,6.848e+1,2.287e-22,,2.682e-15,9.760e-21,2.220e-27,1.423e-17,8.307e-6,1.279e-13,,2.509e-21,,1.242e-20,1.328e-16,4.425e-34,2.084e-4,4.529e-17,4.569e-26,4.557e-20,1.302e-19,1.954e+0,1.349e-23,1.902e+3,8.067e-21,3.015e-27,3.920e-20,5.698e-23,1.229e-20,2.918e+1,2.458e-2,1.133e+2,,6.275e+1,7.251e-3,,7.837e+1,9.183e-20,,1.118e-19,1.208e-8,3.348e+0,9.806e-19,9.559e-18,,6.023e-17,5.955e-14,5.039e-1,4.869e+0,1.109e+1,1.661e-17,,3.304e+1,5.390e-17
384.02,2.320e+3,6.067e-21,4.914e-9,3.635e-45,9.162e-18,9.286e-34,,6.374e+1,2.289e-22,,2.683e-15,2.664e-20,2.214e-27,1.423e-17,1.420e-5,1.397e-13,,5.005e-21,,1.240e-20,1.333e-16,4.417e-34,3.532e-4,4.552e-17,4.571e-26,4.517e-20,1.302e-19,1.950e+0,1.350e-23,1.921e+3,8.075e-21,3.005e-27,3.922e-20,5.700e-23,1.229e-20,2.207e+1,1.897e-2,1.169e+2,,5.960e+1,1.129e-2,,7.426e+1,9.192e-20,,1.118e-19,5.427e-9,4.681e+0,9.799e-19,9.550e-18,,6.064e-17,1.434e-13,3.469e-1,5.034e+0,1.509e+1,1.662e-17,,3.455e+1,5.393e-17
384.04,2.320e+3,6.068e-21,4.335e-9,3.720e-45,1.118e-17,9.279e-34,,6.040e+1,2.291e-22,,2.684e-15,5.169e-20,2.210e-27,1.424e-17,2.018e-5,1.474e-13,,8.420e-21,,1.239e-20,1.336e-16,4.412e-34,4.988e-4,4.568e-17,4.572e-26,4.490e-20,1.302e-19,1.945e+0,1.350e-23,1.927e+3,8.080e-21,2.998e-27,3.924e-20,5.701e-23,1.229e-20,1.820e+1,1.586e-2,1.187e+2,,5.749e+1,1.507e-2,,7.131e+1,9.199e-20,,1.118e-19,3.162e-9,5.815e+0,9.794e-19,9.543e-18,,6.092e-17,2.560e-13,2.686e-1,5.113e+0,1.841e+1,1.663e-17,,3.537e+1,5.395e-17
384.07,2.311e+3,6.070e-21,3.561e-9,3.849e-45,1.492e-17,9.267e-34,,5.520e+1,2.293e-22,,2.684e-15,1.384e-19,2.204e-27,1.424e-17,3.388e-5,1.584e-13,,1.863e-20,,1.237e-20,1.341e-16,4.404e-34,8.292e-4,4.591e-17,4.574e-26,4.449e-20,1.302e-19,1.933e+0,1.351e-23,1.924e+3,8.087e-21,2.988e-27,3.926e-20,5.702e-23,1.229e-20,1.350e+1,1.203e-2,1.205e+2,,5.437e+1,2.303e-2,,6.670e+1,9.208e-20,,1.118e-19,1.392e-9,7.975e+0,9.788e-19,9.534e-18,,6.133e-17,6.047e-13,1.813e-1,5.185e+0,2.458e+1,1.664e-17,,3.627e+1,5.399e-17
384.09,2.297e+3,6.072e-21,3.105e-9,3.934e-45,1.797e-17,9.260e-34,,5.166e+1,2.294e-22,,2.685e-15,2.651e-19,2.200e-27,1.424e-17,4.757e-5,1.652e-13,,3.157e-20,,1.236e-20,1.344e-16,4.399e-34,1.156e-3,4.607e-17,4.575e-26,4.422e-20,1.303e-19,1.921e+0,1.352e-23,1.914e+3,8.092e-21,2.981e-27,3.927e-20,5.703e-23,1.229e-20,1.099e+1,9.946e-3,1.211e+2,,5.236e+1,3.034e-2,,6.357e+1,9.215e-20,,1.118e-19,8.007e-10,9.780e+0,9.783e-19,9.528e-18,,6.161e-17,1.066e-12,1.386e-1,5.199e+0,2.960e+1,1.665e-17,,3.665e+1,5.401e-17
384.12,2.267e+3,6.074e-21,2.505e-9,4.063e-45,2.353e-17,9.249e-34,,4.634e+1,2.297e-22,,2.686e-15,6.963e-19,2.194e-27,1.425e-17,7.844e-5,1.743e-13,,6.905e-20,,1.235e-20,1.349e-16,4.391e-34,1.885e-3,4.630e-17,4.577e-26,4.382e-20,1.303e-19,1.896e+0,1.353e-23,1.886e+3,8.100e-21,2.971e-27,3.929e-20,5.704e-23,1.229e-20,7.994e+0,7.435e-3,1.214e+2,,4.950e+1,4.546e-2,,5.889e+1,9.224e-20,,1.117e-19,3.457e-10,1.315e+1,9.777e-19,9.518e-18,,6.203e-17,2.469e-12,9.175e-2,5.171e+0,3.875e+1,1.666e-17,,3.686e+1,5.404e-17
384.14,2.239e+3,6.075e-21,2.158e-9,4.149e-45,2.797e-17,9.241e-34,,4.283e+1,2.298e-22,,2.686e-15,1.317e-18,2.190e-27,1.425e-17,1.088e-4,1.796e-13,,1.156e-19,,1.233e-20,1.353e-16,4.386e-34,2.595e-3,4.645e-17,4.578e-26,4.355e-20,1.303e-19,1.875e+0,1.353e-23,1.860e+3,8.105e-21,2.964e-27,3.931e-20,5.705e-23,1.229e-20,6.423e+0,6.110e-3,1.211e+2,,4.775e+1,5.914e-2,,5.587e+1,9.231e-20,,1.117e-19,1.962e-10,1.592e+1,9.772e-19,9.512e-18,,6.230e-17,4.297e-12,6.923e-2,5.119e+0,4.608e+1,1.667e-17,,3.677e+1,5.407e-17
384.17,2.190e+3,6.077e-21,1.710e-9,4.277e-45,3.592e-17,9.230e-34,,3.770e+1,2.300e-22,,2.687e-15,3.393e-18,2.184e-27,1.426e-17,1.763e-4,1.860e-13,,2.483e-19,,1.232e-20,1.357e-16,4.378e-34,4.150e-3,4.669e-17,4.580e-26,4.315e-20,1.303e-19,1.835e+0,1.354e-23,1.807e+3,8.113e-21,2.954e-27,3.933e-20,5.707e-23,1.229e-20,4.581e+0,4.561e-3,1.202e+2,,4.537e+1,8.691e-2,,5.157e+1,9.241e-20,,1.117e-19,8.308e-11,2.101e+1,9.766e-19,9.502e-18,,6.272e-17,9.766e-12,4.494e-2,4.994e+0,5.916e+1,1.669e-17,,3.627e+1,5.410e-17
384.19,2.153e+3,6.078e-21,1.455e-9,4.363e-45,4.216e-17,9.222e-34,,3.440e+1,2.301e-22,,2.687e-15,6.337e-18,2.180e-27,1.426e-17,2.417e-4,1.893e-13,,4.105e-19,,1.231e-20,1.361e-16,4.373e-34,5.639e-3,4.684e-17,4.582e-26,4.288e-20,1.304e-19,1.802e+0,1.355e-23,1.765e+3,8.118e-21,2.948e-27,3.934e-20,5.707e-23,1.229e-20,3.634e+0,3.779e-3,1.195e+2,,4.400e+1,1.116e-1,,4.894e+1,9.247e-20,,1.117e-19,4.654e-11,2.510e+1,9.761e-19,9.496e-18,,6.299e-17,1.678e-11,3.347e-2,4.881e+0,6.944e+1,1.669e-17,,3.571e+1,5.412e-17
384.22,2.091e+3,6.080e-21,1.132e-9,4.491e-45,5.309e-17,9.211e-34,,2.970e+1,2.304e-22,,2.688e-15,1.602e-17,2.175e-27,1.427e-17,3.847e-4,1.924e-13,,8.645e-19,,1.229e-20,1.365e-16,4.365e-34,8.845e-3,4.708e-17,4.583e-26,4.247e-20,1.304e-19,1.745e+0,1.356e-23,1.692e+3,8.125e-21,2.937e-27,3.936e-20,5.709e-23,1.229e-20,2.542e+0,2.924e-3,1.182e+2,,4.227e+1,1.609e-1,,4.543e+1,9.257e-20,,1.117e-19,1.932e-11,3.248e+1,9.755e-19,9.487e-18,,6.341e-17,3.741e-11,2.130e-2,4.672e+0,8.745e+1,1.671e-17,,3.455e+1,5.416e-17
384.24,2.048e+3,6.081e-21,9.515e-10,4.577e-45,6.152e-17,9.203e-34,,2.676e+1,2.305e-22,,2.689e-15,2.953e-17,2.171e-27,1.427e-17,5.214e-4,1.933e-13,,1.411e-18,,1.228e-20,1.369e-16,4.360e-34,1.187e-2,4.723e-17,4.585e-26,4.220e-20,1.304e-19,1.701e+0,1.356e-23,1.638e+3,8.130e-21,2.931e-27,3.938e-20,5.710e-23,1.229e-20,1.990e+0,2.541e-3,1.174e+2,,4.137e+1,2.040e-1,,4.344e+1,9.263e-20,,1.116e-19,1.068e-11,3.832e+1,9.750e-19,9.480e-18,,6.368e-17,6.344e-11,1.566e-2,4.509e+0,1.013e+2,1.671e-17,,3.358e+1,5.418e-17
384.27,1.983e+3,6.083e-21,7.264e-10,4.705e-45,7.599e-17,9.192e-34,,2.267e+1,2.307e-22,,2.689e-15,7.321e-17,2.165e-27,1.427e-17,8.155e-4,1.928e-13,,2.915e-18,,1.226e-20,1.374e-16,4.352e-34,1.826e-2,4.746e-17,4.587e-26,4.180e-20,1.304e-19,1.629e+0,1.357e-23,1.549e+3,8.138e-21,2.921e-27,3.940e-20,5.711e-23,1.229e-20,1.365e+0,2.212e-3,1.166e+2,,4.040e+1,2.884e-1,,4.104e+1,9.273e-20,,1.116e-19,4.348e-12,4.863e+1,2.668e-18,9.471e-18,,6.410e-17,1.388e-10,9.775e-3,4.234e+0,1.252e+2,1.673e-17,,3.186e+1,5.421e-17
384.29,1.940e+3,6.085e-21,6.030e-10,4.791e-45,8.691e-17,9.185e-34,,2.016e+1,2.309e-22,,2.690e-15,1.333e-16,2.161e-27,1.428e-17,1.093e-3,1.913e-13,,4.699e-18,,1.225e-20,1.377e-16,4.347e-34,2.418e-2,4.762e-17,4.588e-26,4.153e-20,1.305e-19,1.576e+0,1.358e-23,1.486e+3,8.143e-21,2.914e-27,3.941e-20,5.712e-23,1.229e-20,1.055e+0,2.146e-3,1.165e+2,,4.003e+1,3.609e-1,,3.987e+1,9.279e-20,,1.116e-19,2.372e-12,5.664e+1,5.185e-18,9.465e-18,,6.438e-17,2.323e-10,7.093e-3,4.036e+0,1.432e+2,1.674e-17,,3.057e+1,5.424e-17
384.31,1.900e+3,6.086e-21,4.980e-10,4.877e-45,9.890e-17,9.177e-34,,1.784e+1,2.310e-22,,2.690e-15,2.413e-16,2.157e-27,1.428e-17,1.457e-3,1.888e-13,,7.534e-18,,1.224e-20,1.380e-16,4.342e-34,3.186e-2,4.778e-17,4.589e-26,4.126e-20,1.305e-19,1.519e+0,1.358e-23,1.422e+3,8.148e-21,2.907e-27,3.943e-20,5.713e-23,1.229e-20,8.107e-1,2.199e-3,1.169e+2,,3.988e+1,4.494e-1,,3.908e+1,9.286e-20,,1.116e-19,1.288e-12,6.562e+1,1.003e-17,9.459e-18,,6.465e-17,3.870e-10,5.120e-3,3.827e+0,1.629e+2,1.674e-17,,2.917e+1,5.426e-17
384.34,1.845e+3,6.088e-21,3.702e-10,5.005e-45,1.189e-16,9.166e-34,,1.471e+1,2.312e-22,,2.691e-15,5.825e-16,2.151e-27,1.429e-17,2.224e-3,1.833e-13,,1.515e-17,,1.222e-20,1.385e-16,4.334e-34,4.772e-2,4.801e-17,4.591e-26,4.085e-20,1.305e-19,1.430e+0,1.359e-23,1.323e+3,8.156e-21,2.897e-27,3.945e-20,5.714e-23,1.229e-20,5.411e-1,2.507e-3,1.185e+2,,4.008e+1,6.183e-1,,3.860e+1,9.296e-20,,1.116e-19,5.100e-13,8.105e+1,2.671e-17,9.449e-18,,6.507e-17,8.239e-10,3.110e-3,3.502e+0,1.958e+2,1.676e-17,,2.694e+1,5.429e-17
384.36,1.814e+3,6.089e-21,3.019e-10,5.091e-45,1.335e-16,9.158e-34,,1.285e+1,2.313e-22,,2.692e-15,1.041e-15,2.147e-27,1.429e-17,2.933e-3,1.786e-13,,2.398e-17,,1.221e-20,1.388e-16,4.329e-34,6.206e-2,4.816e-17,4.592e-26,4.059e-20,1.305e-19,1.368e+0,1.360e-23,1.258e+3,8.161e-21,2.890e-27,3.946e-20,5.715e-23,1.229e-20,4.106e-1,2.874e-3,1.204e+2,,4.050e+1,7.600e-1,,3.877e+1,9.302e-20,,1.115e-19,2.732e-13,9.270e+1,5.099e-17,9.443e-18,,6.534e-17,1.355e-9,2.216e-3,3.281e+0,2.200e+2,1.676e-17,,2.538e+1,5.431e-17
384.39,1.777e+3,6.091e-21,2.202e-10,5.220e-45,1.575e-16,9.147e-34,,1.039e+1,2.316e-22,,2.692e-15,2.466e-15,2.141e-27,1.429e-17,4.402e-3,1.701e-13,,4.730e-17,,1.219e-20,1.393e-16,4.321e-34,9.118e-2,4.840e-17,4.594e-26,4.018e-20,1.306e-19,1.272e+0,1.361e-23,1.160e+3,8.168e-21,2.880e-27,3.948e-20,5.716e-23,1.229e-20,2.687e-1,3.695e-3,1.248e+2,,4.153e+1,1.026e+0,,3.977e+1,9.312e-20,,1.115e-19,1.061e-13,1.123e+2,1.332e-16,9.433e-18,,6.576e-17,2.830e-9,1.320e-3,2.949e+0,2.594e+2,1.678e-17,,2.298e+1,5.435e-17
384.41,1.760e+3,6.093e-21,1.773e-10,5.305e-45,1.746e-16,9.140e-34,,8.958e+0,2.317e-22,,2.693e-15,4.353e-15,2.137e-27,1.430e-17,5.739e-3,1.636e-13,,7.393e-17,,2.399e-20,1.396e-16,4.316e-34,1.171e-1,4.855e-17,4.596e-26,3.991e-20,1.306e-19,1.206e+0,1.361e-23,1.097e+3,8.173e-21,2.873e-27,3.950e-20,5.717e-23,1.229e-20,2.013e-1,4.446e-3,1.289e+2,,4.248e+1,1.245e+0,,4.091e+1,9.318e-20,,1.115e-19,5.609e-14,1.268e+2,2.511e-16,9.427e-18,,6.603e-17,4.594e-9,9.280e-4,2.730e+0,2.876e+2,1.679e-17,,2.137e+1,5.437e-17
384.44,1.746e+3,6.095e-21,1.269e-10,5.434e-45,2.019e-16,9.128e-34,,7.104e+0,2.319e-22,,2.694e-15,1.011e-14,2.132e-27,1.430e-17,8.470e-3,1.528e-13,,1.430e-16,,6.557e-20,1.401e-16,4.308e-34,1.687e-1,4.879e-17,4.598e-26,3.951e-20,1.306e-19,1.107e+0,1.362e-23,1.007e+3,8.181e-21,2.863e-27,3.952e-20,5.719e-23,1.230e-20,1.292e-1,5.933e-3,1.367e+2,,4.430e+1,1.648e+0,,4.331e+1,9.328e-20,,1.115e-19,2.136e-14,1.506e+2,6.437e-16,9.418e-18,,6.645e-17,9.413e-9,5.420e-4,2.412e+0,3.326e+2,1.680e-17,,1.898e+1,5.441e-17
384.46,1.745e+3,6.096e-21,1.009e-10,5.519e-45,2.210e-16,9.121e-34,,6.047e+0,2.321e-22,,2.694e-15,1.762e-14,2.128e-27,1.431e-17,1.092e-2,1.451e-13,,2.207e-16,,1.274e-19,1.404e-16,4.303e-34,2.139e-1,4.894e-17,4.599e-26,3.924e-20,1.306e-19,1.042e+0,1.363e-23,9.498e+2,8.186e-21,2.856e-27,3.953e-20,5.720e-23,1.230e-20,9.550e-2,7.204e-3,1.431e+2,,4.575e+1,1.974e+0,,4.534e+1,9.334e-20,,1.115e-19,1.114e-14,1.679e+2,1.198e-15,9.411e-18,,6.673e-17,1.509e-8,3.762e-4,2.208e+0,3.641e+2,1.681e-17,,1.742e+1,5.443e-17
384.49,1.757e+3,6.098e-21,7.081e-11,5.648e-45,2.507e-16,9.109e-34,,4.703e+0,2.323e-22,,2.695e-15,4.015e-14,2.122e-27,1.431e-17,1.585e-2,1.329e-13,,4.189e-16,,3.416e-19,1.409e-16,4.295e-34,3.024e-1,4.917e-17,4.601e-26,3.883e-20,1.307e-19,9.445e-1,1.364e-23,8.706e+2,8.193e-21,2.846e-27,3.955e-20,5.721e-23,1.230e-20,6.011e-2,9.607e-3,1.547e+2,,4.826e+1,2.563e+0,,4.895e+1,9.344e-20,,1.114e-19,4.161e-15,1.957e+2,3.013e-15,9.402e-18,,6.714e-17,3.032e-8,2.155e-4,1.920e+0,4.129e+2,1.682e-17,,1.518e+1,5.446e-17
384.51,1.773e+3,6.099e-21,5.557e-11,5.734e-45,2.709e-16,9.102e-34,,3.952e+0,2.324e-22,,2.695e-15,6.907e-14,2.118e-27,1.431e-17,2.021e-2,1.246e-13,,6.381e-16,,6.551e-19,1.412e-16,4.290e-34,3.785e-1,4.933e-17,4.602e-26,3.856e-20,1.307e-19,8.810e-1,1.364e-23,8.221e+2,8.198e-21,2.840e-27,3.956e-20,5.722e-23,1.230e-20,4.387e-2,1.159e-2,1.635e+2,,5.014e+1,3.030e+0,,5.170e+1,9.350e-20,,1.114e-19,2.143e-15,2.153e+2,5.535e-15,9.396e-18,,6.742e-17,4.799e-8,1.476e-4,1.740e+0,4.462e+2,1.683e-17,,1.375e+1,5.448e-17
384.54,1.808e+3,6.101e-21,3.826e-11,5.862e-45,3.014e-16,9.091e-34,,3.014e+0,2.326e-22,,2.696e-15,1.544e-13,2.112e-27,1.432e-17,2.886e-2,1.119e-13,,1.188e-15,,1.724e-18,1.417e-16,4.282e-34,5.250e-1,4.956e-17,4.604e-26,3.816e-20,1.307e-19,7.887e-1,1.365e-23,7.563e+2,8.206e-21,2.829e-27,3.959e-20,5.723e-23,1.230e-20,2.708e-2,1.525e-2,1.785e+2,,5.322e+1,3.859e+0,,5.622e+1,9.360e-20,,1.114e-19,7.844e-16,2.461e+2,1.366e-14,9.386e-18,,6.783e-17,9.461e-8,8.291e-5,1.492e+0,4.964e+2,1.684e-17,,1.175e+1,5.452e-17
384.56,1.839e+3,6.103e-21,2.964e-11,5.948e-45,3.215e-16,9.083e-34,,2.500e+0,2.328e-22,,2.697e-15,2.623e-13,2.108e-27,1.432e-17,3.639e-2,1.035e-13,,1.786e-15,,3.264e-18,1.420e-16,4.277e-34,6.487e-1,4.972e-17,4.605e-26,3.789e-20,1.307e-19,7.295e-1,1.366e-23,7.172e+2,8.211e-21,2.823e-27,3.960e-20,5.724e-23,1.230e-20,1.950e-2,1.820e-2,1.895e+2,,5.543e+1,4.505e+0,,5.945e+1,9.367e-20,,1.114e-19,3.988e-16,2.673e+2,2.477e-14,9.380e-18,,6.811e-17,1.478e-7,5.607e-5,1.340e+0,5.295e+2,1.685e-17,,1.051e+1,5.454e-17
384.59,1.893e+3,6.105e-21,2.002e-11,6.076e-45,3.508e-16,9.072e-34,,1.870e+0,2.330e-22,,2.698e-15,5.751e-13,2.102e-27,1.433e-17,5.112e-2,9.126e-14,,3.263e-15,,8.423e-18,1.425e-16,4.270e-34,8.826e-1,4.995e-17,4.607e-26,3.749e-20,1.308e-19,6.447e-1,1.367e-23,6.655e+2,8.219e-21,2.813e-27,3.962e-20,5.726e-23,1.230e-20,1.181e-2,2.352e-2,2.073e+2,,5.893e+1,5.627e+0,,6.449e+1,9.376e-20,,1.113e-19,3.960e-16,2.996e+2,5.995e-14,2.572e-17,,6.852e-17,2.859e-7,3.088e-5,1.135e+0,5.778e+2,1.686e-17,,8.804e+0,5.458e-17
384.61,1.933e+3,6.106e-21,1.531e-11,6.162e-45,3.694e-16,9.064e-34,,1.531e+0,2.331e-22,,2.698e-15,9.645e-13,2.098e-27,1.433e-17,6.378e-2,8.334e-14,,4.844e-15,,1.577e-17,1.428e-16,4.264e-34,1.077e+0,5.011e-17,4.608e-26,3.722e-20,1.308e-19,5.911e-1,1.367e-23,6.355e+2,8.224e-21,2.806e-27,3.963e-20,5.726e-23,1.230e-20,8.393e-3,2.774e-2,2.198e+2,,6.137e+1,6.485e+0,,6.792e+1,9.383e-20,,1.113e-19,3.942e-16,3.213e+2,1.074e-13,5.006e-17,,6.880e-17,4.409e-7,2.061e-5,1.013e+0,6.084e+2,1.687e-17,,7.774e+0,5.460e-17
384.64,1.997e+3,6.108e-21,1.014e-11,6.290e-45,3.953e-16,9.053e-34,,1.124e+0,2.333e-22,,2.699e-15,2.075e-12,2.092e-27,1.434e-17,8.815e-2,7.204e-14,,8.678e-15,,3.995e-17,1.433e-16,4.257e-34,1.437e+0,5.034e-17,4.610e-26,3.681e-20,1.308e-19,5.156e-1,1.368e-23,5.969e+2,8.231e-21,2.796e-27,3.965e-20,5.728e-23,1.230e-20,4.982e-3,3.518e-2,2.391e+2,,6.514e+1,7.945e+0,,7.303e+1,9.392e-20,,1.113e-19,3.915e-16,3.533e+2,2.549e-13,1.346e-16,,6.921e-17,8.364e-7,1.113e-5,8.515e-1,6.511e+2,1.688e-17,,6.388e+0,5.463e-17
384.66,2.041e+3,6.109e-21,7.656e-12,6.376e-45,4.109e-16,9.046e-34,,9.080e-1,2.335e-22,,2.699e-15,3.435e-12,2.089e-27,1.434e-17,1.088e-1,6.494e-14,,1.272e-14,,7.374e-17,1.436e-16,4.251e-34,1.732e+0,5.049e-17,4.612e-26,3.654e-20,1.308e-19,4.686e-1,1.369e-23,5.751e+2,8.236e-21,2.789e-27,3.967e-20,5.729e-23,1.230e-20,3.496e-3,4.095e-2,2.521e+2,,6.770e+1,9.039e+0,,7.635e+1,9.399e-20,,1.113e-19,3.897e-16,3.739e+2,4.508e-13,2.588e-16,,6.949e-17,1.274e-6,7.336e-6,7.569e-1,6.769e+2,1.689e-17,,5.567e+0,5.465e-17
384.69,2.105e+3,6.111e-21,4.974e-12,6.505e-45,4.313e-16,9.034e-34,,6.533e-1,2.337e-22,,2.700e-15,7.249e-12,2.083e-27,1.434e-17,1.480e-1,5.505e-14,,2.235e-14,,1.832e-16,1.441e-16,4.244e-34,2.268e+0,5.073e-17,4.614e-26,3.614e-20,1.309e-19,4.032e-1,1.370e-23,5.476e+2,8.244e-21,2.779e-27,3.969e-20,5.730e-23,1.230e-20,2.035e-3,5.095e-2,2.714e+2,,7.158e+1,1.086e+1,,8.106e+1,9.409e-20,,1.113e-19,3.869e-16,4.033e+2,1.050e-12,6.828e-16,,6.990e-17,2.370e-6,3.885e-6,6.335e-1,7.105e+2,1.690e-17,,4.486e+0,5.469e-17
384.71,2.145e+3,6.113e-21,3.707e-12,6.590e-45,4.426e-16,9.027e-34,,5.212e-1,2.338e-22,,2.701e-15,1.185e-11,2.079e-27,1.435e-17,1.807e-1,4.899e-14,,3.235e-14,,3.339e-16,1.444e-16,4.238e-34,2.698e+0,5.088e-17,4.615e-26,3.587e-20,1.309e-19,3.631e-1,1.370e-23,5.324e+2,8.249e-21,2.772e-27,3.970e-20,5.731e-23,1.230e-20,1.410e-3,5.856e-2,2.839e+2,,7.418e+1,1.220e+1,,8.397e+1,9.415e-20,,1.112e-19,3.851e-16,4.214e+2,1.833e-12,1.296e-15,,7.018e-17,3.563e-6,2.527e-6,5.626e-1,7.291e+2,1.691e-17,,3.860e+0,5.471e-17
384.73,2.182e+3,6.114e-21,2.748e-12,6.676e-45,4.519e-16,9.019e-34,,4.136e-1,2.340e-22,,2.701e-15,1.927e-11,2.075e-27,1.435e-17,2.196e-1,4.338e-14,,4.657e-14,,6.055e-16,1.448e-16,4.233e-34,3.193e+0,5.104e-17,4.616e-26,3.560e-20,1.309e-19,3.258e-1,1.371e-23,5.194e+2,8.254e-21,2.765e-27,3.972e-20,5.732e-23,1.230e-20,9.715e-4,6.696e-2,2.957e+2,,7.678e+1,1.363e+1,,8.664e+1,9.421e-20,,1.112e-19,3.833e-16,4.380e+2,3.183e-12,2.446e-15,,7.046e-17,5.330e-6,1.635e-6,5.000e-1,7.443e+2,1.692e-17,,3.304e+0,5.473e-17
384.76,2.230e+3,6.116e-21,1.737e-12,6.804e-45,4.616e-16,9.008e-34,,2.896e-1,2.342e-22,,2.702e-15,3.959e-11,2.069e-27,1.436e-17,2.921e-1,3.578e-14,,7.966e-14,,1.464e-15,1.453e-16,4.226e-34,4.072e+0,5.127e-17,4.618e-26,3.520e-20,1.309e-19,2.749e-1,1.372e-23,5.032e+2,8.261e-21,2.755e-27,3.974e-20,5.733e-23,1.230e-20,5.503e-4,8.108e-2,3.120e+2,,8.066e+1,1.594e+1,,9.011e+1,9.431e-20,,1.112e-19,3.806e-16,4.598e+2,7.218e-12,6.283e-15,,7.087e-17,9.655e-6,8.424e-7,4.198e-1,7.603e+2,1.693e-17,,2.591e+0,5.477e-17
384.78,2.255e+3,6.117e-21,1.272e-12,6.890e-45,4.652e-16,9.001e-34,,2.269e-1,2.343e-22,,2.702e-15,6.356e-11,2.065e-27,1.436e-17,3.513e-1,3.127e-14,,1.132e-13,,2.622e-15,1.456e-16,4.220e-34,4.759e+0,5.143e-17,4.619e-26,3.493e-20,1.309e-19,2.443e-1,1.372e-23,4.942e+2,8.266e-21,2.748e-27,3.975e-20,5.734e-23,1.230e-20,3.743e-4,9.153e-2,3.216e+2,,8.325e+1,1.758e+1,,9.202e+1,9.438e-20,,1.112e-19,3.787e-16,4.718e+2,1.238e-11,1.171e-14,,7.115e-17,1.426e-5,5.379e-7,3.744e-1,7.662e+2,1.694e-17,,2.189e+0,5.479e-17
384.81,2.280e+3,6.119e-21,7.884e-13,7.019e-45,4.661e-16,8.989e-34,,1.558e-1,2.345e-22,,2.703e-15,1.281e-10,2.059e-27,1.436e-17,4.597e-1,2.530e-14,,1.900e-13,,6.221e-15,1.461e-16,4.213e-34,5.957e+0,5.166e-17,4.621e-26,3.452e-20,1.310e-19,2.032e-1,1.373e-23,4.828e+2,8.274e-21,2.738e-27,3.977e-20,5.735e-23,1.230e-20,2.079e-4,1.087e-1,3.337e+2,,8.712e+1,2.017e+1,,9.422e+1,9.447e-20,,1.112e-19,3.760e-16,4.857e+2,2.753e-11,2.952e-14,,7.156e-17,2.534e-5,2.718e-7,3.168e-1,7.677e+2,1.695e-17,,1.684e+0,5.482e-17
384.83,2.288e+3,6.121e-21,5.695e-13,7.104e-45,4.637e-16,8.982e-34,,1.205e-1,2.347e-22,,2.704e-15,2.030e-10,2.055e-27,1.437e-17,5.470e-1,2.183e-14,,2.666e-13,,1.100e-14,1.464e-16,4.207e-34,6.877e+0,5.182e-17,4.623e-26,3.425e-20,1.310e-19,1.788e-1,1.374e-23,4.762e+2,8.279e-21,2.732e-27,3.979e-20,5.736e-23,1.230e-20,1.396e-4,1.211e-1,3.400e+2,,8.971e+1,2.196e+1,,9.522e+1,9.454e-20,,1.111e-19,3.742e-16,4.920e+2,4.661e-11,5.431e-14,,7.184e-17,3.693e-5,1.713e-7,2.843e-1,7.638e+2,1.696e-17,,1.404e+0,5.485e-17
384.86,2.286e+3,6.123e-21,3.463e-13,7.233e-45,4.557e-16,8.970e-34,,8.113e-2,2.349e-22,,2.704e-15,4.014e-10,2.049e-27,1.437e-17,7.044e-1,1.732e-14,,4.388e-13,,2.560e-14,1.469e-16,4.200e-34,8.450e+0,5.205e-17,4.625e-26,3.385e-20,1.310e-19,1.465e-1,1.375e-23,4.673e+2,8.287e-21,2.721e-27,3.981e-20,5.738e-23,1.230e-20,7.604e-5,1.411e-1,3.465e+2,,9.366e+1,2.472e+1,,9.598e+1,9.463e-20,,1.111e-19,3.715e-16,4.968e+2,1.017e-10,1.343e-13,,7.225e-17,6.438e-5,8.491e-8,2.430e-1,7.506e+2,1.697e-17,,1.059e+0,5.488e-17
384.88,2.275e+3,6.124e-21,2.470e-13,7.318e-45,4.475e-16,8.963e-34,,6.193e-2,2.350e-22,,2.705e-15,6.282e-10,2.045e-27,1.438e-17,8.293e-1,1.475e-14,,6.079e-13,,4.468e-14,1.472e-16,4.195e-34,9.634e+0,5.220e-17,4.626e-26,3.358e-20,1.310e-19,1.276e-1,1.375e-23,4.617e+2,8.292e-21,2.715e-27,3.982e-20,5.739e-23,1.230e-20,5.039e-5,1.553e-1,3.488e+2,,9.634e+1,2.657e+1,,9.599e+1,9.470e-20,,1.111e-19,3.696e-16,4.968e+2,1.700e-10,2.440e-13,,7.253e-17,9.266e-5,5.283e-8,2.196e-1,7.371e+2,1.698e-17,,8.719e-1,5.490e-17
384.91,2.244e+3,6.126e-21,1.473e-13,7.447e-45,4.313e-16,8.952e-34,,4.090e-2,2.352e-22,,2.706e-15,1.218e-9,2.040e-27,1.438e-17,1.051e+0,1.148e-14,,9.816e-13,,1.020e-13,1.477e-16,4.187e-34,1.162e+1,5.244e-17,4.628e-26,3.317e-20,1.311e-19,1.030e-1,1.376e-23,4.536e+2,8.299e-21,2.705e-27,3.984e-20,5.740e-23,1.230e-20,2.692e-5,1.774e-1,3.490e+2,,1.005e+2,2.932e+1,,9.528e+1,9.480e-20,,1.111e-19,3.669e-16,4.920e+2,3.640e-10,5.918e-13,,7.295e-17,1.585e-4,2.567e-8,1.896e-1,7.105e+2,1.700e-17,,6.450e-1,5.494e-17
384.93,2.214e+3,6.127e-21,1.037e-13,7.533e-45,4.182e-16,8.944e-34,,3.082e-2,2.354e-22,,2.706e-15,1.882e-9,2.036e-27,1.438e-17,1.224e+0,9.650e-15,,1.342e-12,,1.758e-13,1.480e-16,4.182e-34,1.309e+1,5.259e-17,4.629e-26,3.290e-20,1.311e-19,8.875e-2,1.377e-23,4.481e+2,8.304e-21,2.698e-27,3.986e-20,5.741e-23,1.230e-20,1.761e-5,1.927e-1,3.470e+2,,1.034e+2,3.111e+1,,9.433e+1,9.486e-20,,1.111e-19,3.651e-16,4.857e+2,6.007e-10,1.062e-12,,7.322e-17,2.251e-4,1.576e-8,1.723e-1,6.888e+2,1.700e-17,,5.242e-1,5.496e-17
384.96,2.155e+3,6.129e-21,6.063e-14,7.661e-45,3.953e-16,8.933e-34,,1.996e-2,2.356e-22,,2.707e-15,3.581e-9,2.030e-27,1.439e-17,1.526e+0,7.365e-15,,2.126e-12,,3.939e-13,1.485e-16,4.174e-34,1.551e+1,5.283e-17,4.631e-26,3.250e-20,1.311e-19,7.045e-2,1.378e-23,4.396e+2,8.312e-21,2.688e-27,3.988e-20,5.742e-23,1.230e-20,9.224e-6,2.160e-1,3.407e+2,,1.080e+2,3.368e+1,,9.224e+1,9.496e-20,,1.110e-19,3.624e-16,4.718e+2,1.261e-9,2.526e-12,,7.364e-17,3.777e-4,7.513e-9,1.498e-1,6.511e+2,1.702e-17,,3.803e-1,5.499e-17
384.98,2.108e+3,6.130e-21,4.213e-14,7.747e-45,3.783e-16,8.925e-34,,1.484e-2,2.357e-22,,2.707e-15,5.463e-9,2.026e-27,1.439e-17,1.758e+0,6.112e-15,,2.871e-12,,6.702e-13,1.488e-16,4.169e-34,1.727e+1,5.298e-17,4.632e-26,3.223e-20,1.311e-19,6.008e-2,1.378e-23,4.337e+2,8.317e-21,2.681e-27,3.989e-20,5.743e-23,1.230e-20,5.955e-6,2.315e-1,3.345e+2,,1.113e+2,3.528e+1,,9.043e+1,9.502e-20,,1.110e-19,3.605e-16,4.598e+2,2.055e-9,4.475e-12,,7.391e-17,5.298e-4,4.554e-9,1.367e-1,6.232e+2,1.703e-17,,3.051e-1,5.502e-17
385.01,2.027e+3,6.132e-21,2.416e-14,7.875e-45,3.508e-16,8.914e-34,,9.429e-3,2.359e-22,,2.708e-15,1.020e-8,2.020e-27,1.440e-17,2.156e+0,4.575e-15,,4.461e-12,,1.473e-12,1.493e-16,4.161e-34,2.010e+1,5.321e-17,4.634e-26,3.183e-20,1.312e-19,4.692e-2,1.379e-23,4.247e+2,8.324e-21,2.671e-27,3.991e-20,5.745e-23,1.230e-20,3.059e-6,2.545e-1,3.223e+2,,1.165e+2,3.746e+1,,8.717e+1,9.512e-20,,1.110e-19,3.578e-16,4.380e+2,4.234e-9,1.045e-11,,7.433e-17,8.718e-4,2.128e-9,1.191e-1,5.778e+2,1.704e-17,,2.171e-1,5.505e-17
385.03,1.967e+3,6.134e-21,1.657e-14,7.961e-45,3.314e-16,8.907e-34,,6.922e-3,2.361e-22,,2.709e-15,1.536e-8,2.016e-27,1.440e-17,2.457e+0,3.748e-15,,5.946e-12,,2.475e-12,1.496e-16,4.156e-34,2.212e+1,5.337e-17,4.635e-26,3.156e-20,1.312e-19,3.957e-2,1.380e-23,4.186e+2,8.330e-21,2.664e-27,3.993e-20,5.745e-23,1.230e-20,1.950e-6,2.694e-1,3.124e+2,,1.202e+2,3.874e+1,,8.466e+1,9.518e-20,,1.110e-19,3.560e-16,4.214e+2,6.812e-9,1.827e-11,,7.460e-17,1.207e-3,1.273e-9,1.086e-1,5.459e+2,1.705e-17,,1.719e-1,5.507e-17
385.06,1.871e+3,6.136e-21,9.321e-15,8.089e-45,3.014e-16,8.895e-34,,4.312e-3,2.363e-22,,2.709e-15,2.811e-8,2.010e-27,1.441e-17,2.965e+0,2.751e-15,,9.062e-12,,5.336e-12,1.501e-16,4.148e-34,2.531e+1,5.360e-17,4.637e-26,3.115e-20,1.312e-19,3.038e-2,1.381e-23,4.096e+2,8.337e-21,2.654e-27,3.995e-20,5.747e-23,1.230e-20,9.823e-7,2.905e-1,2.952e+2,,1.261e+2,4.034e+1,,8.050e+1,9.528e-20,,1.109e-19,3.533e-16,3.938e+2,1.377e-8,4.184e-11,,7.502e-17,1.949e-3,5.835e-10,9.445e-2,4.964e+2,1.706e-17,,1.199e-1,5.511e-17
385.08,1.804e+3,6.137e-21,6.311e-15,8.175e-45,2.811e-16,8.888e-34,,3.125e-3,2.364e-22,,2.710e-15,4.180e-8,2.006e-27,1.441e-17,3.342e+0,2.225e-15,,1.193e-11,,8.851e-12,1.504e-16,4.143e-34,2.754e+1,5.376e-17,4.639e-26,3.088e-20,1.312e-19,2.533e-2,1.381e-23,4.038e+2,8.342e-21,2.647e-27,3.996e-20,5.748e-23,1.230e-20,6.179e-7,3.035e-1,2.825e+2,,1.303e+2,4.119e+1,,7.751e+1,9.534e-20,,1.109e-19,3.514e-16,3.739e+2,2.186e-8,7.223e-11,,7.530e-17,2.665e-3,3.446e-10,8.586e-2,4.630e+2,1.707e-17,,9.375e-2,5.513e-17
385.1,1.735e+3,6.138e-21,4.250e-15,8.261e-45,2.608e-16,8.880e-34,,2.253e-3,2.366e-22,,2.710e-15,6.184e-8,2.002e-27,1.441e-17,3.750e+0,1.789e-15,,1.561e-11,,1.460e-11,1.507e-16,4.138e-34,2.983e+1,5.391e-17,4.640e-26,3.061e-20,1.313e-19,2.103e-2,1.382e-23,3.985e+2,8.347e-21,2.640e-27,3.997e-20,5.749e-23,1.230e-20,3.867e-7,3.155e-1,2.690e+2,,1.347e+2,4.183e+1,,7.437e+1,9.541e-20,,1.109e-19,3.496e-16,3.533e+2,3.455e-8,1.241e-10,,7.557e-17,3.625e-3,2.024e-10,7.789e-2,4.295e+2,1.708e-17,,7.290e-2,5.515e-17
385.13,1.632e+3,6.140e-21,2.327e-15,8.389e-45,2.308e-16,8.869e-34,,1.366e-3,2.368e-22,,2.711e-15,1.102e-7,1.997e-27,1.442e-17,4.420e+0,1.279e-15,,2.316e-11,,3.066e-11,1.512e-16,4.130e-34,3.337e+1,5.415e-17,4.642e-26,3.021e-20,1.313e-19,1.576e-2,1.383e-23,3.916e+2,8.355e-21,2.630e-27,4.000e-20,5.750e-23,1.230e-20,1.895e-7,3.311e-1,2.474e+2,,1.415e+2,4.240e+1,,6.948e+1,9.551e-20,,1.109e-19,3.469e-16,3.213e+2,6.798e-8,2.766e-10,,7.599e-17,5.695e-3,9.025e-11,6.698e-2,3.802e+2,1.709e-17,,4.951e-2,5.519e-17
385.15,1.565e+3,6.142e-21,1.547e-15,8.475e-45,2.114e-16,8.861e-34,,9.719e-4,2.369e-22,,2.712e-15,1.610e-7,1.993e-27,1.442e-17,4.904e+0,1.015e-15,,2.994e-11,,4.996e-11,1.515e-16,4.125e-34,3.577e+1,5.430e-17,4.643e-26,2.994e-20,1.313e-19,1.293e-2,1.383e-23,3.881e+2,8.360e-21,2.624e-27,4.001e-20,5.751e-23,1.230e-20,1.171e-7,3.397e-1,2.326e+2,,1.463e+2,4.251e+1,,6.614e+1,9.557e-20,,1.109e-19,3.451e-16,2.996e+2,1.061e-7,4.692e-10,,7.626e-17,7.649e-3,5.233e-11,6.034e-2,3.482e+2,1.710e-17,,3.800e-2,5.521e-17
385.18,1.467e+3,6.144e-21,8.320e-16,8.603e-45,1.835e-16,8.850e-34,,5.778e-4,2.371e-22,,2.712e-15,2.814e-7,1.987e-27,1.443e-17,5.685e+0,7.114e-16,,4.357e-11,,1.029e-10,1.520e-16,4.117e-34,3.940e+1,5.453e-17,4.645e-26,2.954e-20,1.313e-19,9.520e-3,1.384e-23,3.849e+2,8.367e-21,2.613e-27,4.003e-20,5.752e-23,1.230e-20,5.628e-8,3.497e-1,2.098e+2,,1.536e+2,4.226e+1,,6.109e+1,9.567e-20,,1.108e-19,3.423e-16,2.673e+2,2.047e-7,1.026e-9,,7.668e-17,1.179e-2,2.288e-11,5.129e-2,3.023e+2,1.711e-17,,2.531e-2,5.524e-17
385.2,1.405e+3,6.145e-21,5.476e-16,8.689e-45,1.659e-16,8.843e-34,,4.059e-4,2.373e-22,,2.713e-15,4.058e-7,1.983e-27,1.443e-17,6.237e+0,5.576e-16,,5.560e-11,,1.655e-10,1.524e-16,4.112e-34,4.181e+1,5.469e-17,4.646e-26,2.927e-20,1.314e-19,7.717e-3,1.385e-23,3.846e+2,8.372e-21,2.607e-27,4.004e-20,5.753e-23,1.230e-20,3.431e-8,3.543e-1,1.947e+2,,1.584e+2,4.183e+1,,5.774e+1,9.573e-20,,1.108e-19,3.405e-16,2.461e+2,3.153e-7,1.718e-9,,7.695e-17,1.563e-2,1.310e-11,4.582e-2,2.733e+2,1.712e-17,,1.918e-2,5.527e-17
385.23,1.320e+3,6.147e-21,2.923e-16,8.818e-45,1.413e-16,8.831e-34,,2.366e-4,2.375e-22,,2.714e-15,6.960e-7,1.977e-27,1.444e-17,7.107e+0,3.832e-16,,7.938e-11,,3.345e-10,1.528e-16,4.104e-34,4.539e+1,5.492e-17,4.648e-26,2.886e-20,1.314e-19,5.582e-3,1.386e-23,3.873e+2,8.380e-21,2.597e-27,4.006e-20,5.754e-23,1.230e-20,1.618e-8,3.577e-1,1.723e+2,,1.657e+2,4.079e+1,,5.280e+1,9.583e-20,,1.108e-19,3.378e-16,2.153e+2,5.970e-7,3.688e-9,,7.737e-17,2.363e-2,5.616e-12,3.842e-2,2.327e+2,1.713e-17,,1.253e-2,5.530e-17
385.25,1.268e+3,6.148e-21,1.942e-16,8.903e-45,1.261e-16,8.824e-34,,1.641e-4,2.376e-22,,2.714e-15,9.908e-7,1.973e-27,1.444e-17,7.710e+0,2.965e-16,,1.000e-10,,5.314e-10,1.532e-16,4.099e-34,4.773e+1,5.508e-17,4.650e-26,2.859e-20,1.314e-19,4.471e-3,1.386e-23,3.916e+2,8.385e-21,2.590e-27,4.008e-20,5.755e-23,1.230e-20,9.735e-9,3.577e-1,1.578e+2,,1.703e+2,3.985e+1,,4.960e+1,9.589e-20,,1.108e-19,3.360e-16,1.957e+2,9.078e-7,6.097e-9,,7.765e-17,3.094e-2,3.173e-12,3.402e-2,2.077e+2,1.714e-17,,9.369e-3,5.532e-17
385.28,1.201e+3,6.150e-21,1.117e-16,9.032e-45,1.053e-16,8.813e-34,,9.382e-5,2.378e-22,,2.715e-15,1.667e-6,1.967e-27,1.444e-17,8.636e+0,1.998e-16,,1.400e-10,,1.054e-9,1.536e-16,4.091e-34,5.114e+1,5.531e-17,4.652e-26,2.819e-20,1.314e-19,3.176e-3,1.387e-23,4.022e+2,8.393e-21,2.580e-27,4.010e-20,5.757e-23,1.230e-20,4.501e-9,3.543e-1,1.370e+2,,1.770e+2,3.812e+1,,4.500e+1,9.599e-20,,1.108e-19,3.332e-16,1.679e+2,1.686e-6,1.284e-8,,7.806e-17,4.588e-2,1.334e-12,2.815e-2,1.734e+2,1.715e-17,,6.002e-3,5.536e-17
385.3,1.163e+3,6.152e-21,8.513e-17,9.117e-45,9.284e-17,8.805e-34,,6.421e-5,2.380e-22,,2.715e-15,2.343e-6,1.963e-27,1.445e-17,9.262e+0,1.526e-16,,1.742e-10,,1.652e-9,1.540e-16,4.086e-34,5.332e+1,5.547e-17,4.653e-26,2.792e-20,1.315e-19,2.513e-3,1.388e-23,4.124e+2,8.398e-21,2.573e-27,4.011e-20,5.758e-23,1.230e-20,2.674e-9,3.497e-1,1.239e+2,,1.810e+2,3.677e+1,,4.208e+1,9.605e-20,,1.107e-19,3.314e-16,1.506e+2,2.532e-6,2.095e-8,,7.834e-17,5.930e-2,7.439e-13,2.472e-2,1.528e+2,1.716e-17,,4.431e-3,5.538e-17
385.33,1.116e+3,6.154e-21,7.463e-17,9.246e-45,7.610e-17,8.794e-34,,3.601e-5,2.382e-22,,2.716e-15,3.867e-6,1.957e-27,1.445e-17,1.020e+1,1.009e-16,,2.393e-10,,3.214e-9,1.544e-16,4.078e-34,5.645e+1,5.570e-17,4.655e-26,2.751e-20,1.315e-19,1.752e-3,1.389e-23,4.329e+2,8.405e-21,2.563e-27,4.013e-20,5.759e-23,1.230e-20,1.212e-9,3.397e-1,1.055e+2,,1.865e+2,3.449e+1,,3.799e+1,9.615e-20,,1.107e-19,3.287e-16,1.268e+2,4.614e-6,4.327e-8,,7.875e-17,8.627e-2,3.067e-13,2.027e-2,1.252e+2,1.717e-17,,2.784e-3,5.541e-17
385.35,1.093e+3,6.155e-21,8.439e-17,9.332e-45,6.625e-17,8.786e-34,,2.433e-5,2.383e-22,,2.717e-15,5.366e-6,1.954e-27,1.446e-17,1.081e+1,7.606e-17,,2.938e-10,,4.977e-9,1.548e-16,4.073e-34,5.842e+1,5.585e-17,4.656e-26,2.725e-20,1.315e-19,1.369e-3,1.389e-23,4.502e+2,8.410e-21,2.556e-27,4.015e-20,5.760e-23,1.230e-20,7.107e-10,3.311e-1,9.416e+1,,1.896e+2,3.284e+1,,3.546e+1,9.622e-20,,1.107e-19,3.269e-16,1.123e+2,6.839e-6,6.973e-8,,7.903e-17,1.101e-1,1.688e-13,1.773e-2,1.089e+2,1.718e-17,,2.029e-3,5.543e-17
385.38,1.070e+3,6.157e-21,1.261e-16,9.460e-45,5.334e-17,8.775e-34,,1.338e-5,2.385e-22,,2.717e-15,8.688e-6,1.948e-27,1.446e-17,1.170e+1,4.931e-17,,3.959e-10,,9.498e-9,1.553e-16,4.065e-34,6.118e+1,5.609e-17,4.658e-26,2.684e-20,1.315e-19,9.374e-4,1.390e-23,4.819e+2,8.418e-21,2.546e-27,4.017e-20,5.761e-23,1.230e-20,3.160e-10,3.155e-1,7.864e+1,,1.933e+2,3.022e+1,,3.202e+1,9.631e-20,,1.107e-19,3.241e-16,9.270e+1,1.223e-5,1.413e-7,,7.944e-17,1.571e-1,6.826e-14,1.456e-2,8.745e+1,1.719e-17,,1.250e-3,5.547e-17
385.4,1.061e+3,6.158e-21,1.768e-16,9.546e-45,4.592e-17,8.768e-34,,8.922e-6,2.387e-22,,2.718e-15,1.190e-5,1.944e-27,1.446e-17,1.226e+1,3.670e-17,,4.799e-10,,1.452e-8,1.556e-16,4.060e-34,6.290e+1,5.624e-17,4.659e-26,2.657e-20,1.316e-19,7.236e-4,1.391e-23,5.070e+2,8.423e-21,2.539e-27,4.018e-20,5.762e-23,1.230e-20,1.829e-10,3.035e-1,6.929e+1,,1.950e+2,2.841e+1,,2.996e+1,9.638e-20,,1.107e-19,3.223e-16,8.105e+1,1.789e-5,2.248e-7,,7.972e-17,1.979e-1,3.708e-14,1.285e-2,7.509e+1,1.720e-17,,8.994e-4,5.549e-17
385.43,1.061e+3,6.160e-21,3.036e-16,9.674e-45,3.643e-17,8.756e-34,,4.812e-6,2.389e-22,,2.719e-15,1.891e-5,1.938e-27,1.447e-17,1.304e+1,2.333e-17,,6.344e-10,,2.719e-8,1.561e-16,4.052e-34,6.525e+1,5.648e-17,4.661e-26,2.617e-20,1.316e-19,4.861e-4,1.392e-23,5.508e+2,8.430e-21,2.529e-27,4.020e-20,5.764e-23,1.230e-20,7.974e-11,2.836e-1,5.676e+1,,1.965e+2,2.564e+1,,2.727e+1,9.647e-20,,1.106e-19,3.196e-16,6.562e+1,3.138e-5,4.469e-7,,8.013e-17,2.770e-1,1.470e-14,1.085e-2,5.916e+1,1.721e-17,,5.435e-4,5.553e-17
385.45,1.067e+3,6.162e-21,4.375e-16,9.760e-45,3.113e-17,8.749e-34,,3.168e-6,2.390e-22,,2.719e-15,2.557e-5,1.934e-27,1.447e-17,1.351e+1,1.714e-17,,7.592e-10,,4.105e-8,1.564e-16,4.047e-34,6.668e+1,5.663e-17,4.662e-26,2.590e-20,1.316e-19,3.706e-4,1.392e-23,5.840e+2,8.435e-21,2.522e-27,4.022e-20,5.764e-23,1.230e-20,4.556e-11,2.694e-1,4.937e+1,,1.966e+2,2.379e+1,,2.574e+1,9.654e-20,,1.106e-19,3.178e-16,5.664e+1,4.534e-5,7.021e-7,,8.041e-17,3.445e-1,7.885e-15,9.890e-3,5.014e+1,1.722e-17,,3.860e-4,5.555e-17
385.47,1.079e+3,6.163e-21,6.293e-16,9.846e-45,2.657e-17,8.741e-34,,2.074e-6,2.392e-22,,2.720e-15,3.441e-5,1.930e-27,1.448e-17,1.393e+1,1.253e-17,,9.039e-10,,6.166e-8,1.567e-16,4.042e-34,6.800e+1,5.679e-17,4.664e-26,2.563e-20,1.316e-19,2.811e-4,1.393e-23,6.204e+2,8.440e-21,2.516e-27,4.023e-20,5.765e-23,1.230e-20,2.590e-11,2.545e-1,4.272e+1,,1.961e+2,2.196e+1,,2.445e+1,9.660e-20,,1.106e-19,3.159e-16,4.863e+1,6.518e-5,1.097e-6,,8.069e-17,4.262e-1,4.206e-15,9.222e-3,4.228e+1,1.723e-17,,2.727e-4,5.557e-17
385.5,1.107e+3,6.165e-21,1.078e-15,9.974e-45,2.103e-17,8.730e-34,,1.089e-6,2.394e-22,,2.720e-15,5.321e-5,1.924e-27,1.448e-17,1.446e+1,7.752e-18,,1.163e-9,,1.124e-7,1.572e-16,4.034e-34,6.974e+1,5.702e-17,4.666e-26,2.522e-20,1.317e-19,1.839e-4,1.394e-23,6.809e+2,8.448e-21,2.505e-27,4.025e-20,5.767e-23,1.230e-20,1.103e-11,2.315e-1,3.406e+1,,1.940e+2,1.929e+1,,2.294e+1,9.670e-20,,1.106e-19,3.132e-16,3.832e+1,1.113e-4,2.124e-6,,8.110e-17,5.809e-1,1.623e-15,8.763e-3,3.242e+1,1.724e-17,,1.604e-4,5.560e-17
385.52,1.131e+3,6.166e-21,1.534e-15,1.006e-44,1.814e-17,8.722e-34,,7.038e-7,2.395e-22,,2.721e-15,7.069e-5,1.920e-27,1.448e-17,1.475e+1,5.593e-18,,1.367e-9,,1.667e-7,1.575e-16,4.029e-34,7.075e+1,5.718e-17,4.667e-26,2.495e-20,1.317e-19,1.378e-4,1.394e-23,7.248e+2,8.453e-21,2.499e-27,4.027e-20,5.768e-23,1.230e-20,6.252e-12,2.160e-1,2.910e+1,,1.918e+2,1.758e+1,,2.225e+1,9.677e-20,,1.106e-19,3.114e-16,3.248e+1,1.579e-4,3.277e-6,,8.138e-17,7.095e-1,8.544e-16,8.823e-3,2.699e+1,1.725e-17,,1.118e-4,5.563e-17
385.55,1.176e+3,6.168e-21,2.580e-15,1.019e-44,1.491e-17,8.711e-34,,3.622e-7,2.397e-22,,2.722e-15,1.072e-4,1.914e-27,1.449e-17,1.505e+1,3.394e-18,,1.726e-9,,2.983e-7,1.580e-16,4.021e-34,7.203e+1,5.741e-17,4.669e-26,2.455e-20,1.317e-19,8.845e-5,1.395e-23,7.958e+2,8.461e-21,2.489e-27,4.029e-20,5.769e-23,1.230e-20,2.783e-12,1.927e-1,2.275e+1,,1.872e+2,1.515e+1,,2.169e+1,9.686e-20,,1.105e-19,3.087e-16,2.510e+1,2.645e-4,6.222e-6,,8.179e-17,9.485e-1,3.233e-16,9.479e-3,2.030e+1,1.726e-17,,6.450e-5,5.566e-17
385.57,1.211e+3,6.170e-21,3.626e-15,1.027e-44,1.345e-17,8.704e-34,,2.311e-7,2.399e-22,,2.722e-15,1.406e-4,1.911e-27,1.449e-17,1.518e+1,2.417e-18,,2.003e-9,,4.368e-7,1.583e-16,4.016e-34,7.273e+1,5.756e-17,4.670e-26,2.428e-20,1.317e-19,6.542e-5,1.396e-23,8.461e+2,8.466e-21,2.482e-27,4.030e-20,5.770e-23,1.230e-20,1.812e-12,1.774e-1,1.919e+1,,1.834e+2,1.363e+1,,2.165e+1,9.693e-20,,1.105e-19,3.068e-16,2.101e+1,3.707e-4,9.479e-6,,8.207e-17,1.144e+0,1.680e-16,1.031e-2,1.668e+1,1.727e-17,,4.440e-5,5.568e-17
385.6,1.269e+3,6.172e-21,5.985e-15,1.040e-44,1.226e-17,8.692e-34,,1.167e-7,2.401e-22,,2.723e-15,2.093e-4,1.905e-27,1.450e-17,1.525e+1,1.438e-18,,2.479e-9,,7.668e-7,1.588e-16,4.008e-34,7.352e+1,5.780e-17,4.672e-26,2.388e-20,1.318e-19,4.121e-5,1.397e-23,9.253e+2,8.473e-21,2.472e-27,4.032e-20,5.771e-23,1.230e-20,1.505e-12,1.553e-1,1.471e+1,,1.766e+2,1.152e+1,,2.210e+1,9.702e-20,,1.105e-19,3.041e-16,1.592e+1,6.090e-4,1.766e-5,,8.248e-17,1.500e+0,6.233e-17,1.218e-2,1.230e+1,1.729e-17,,2.511e-5,5.572e-17
385.62,1.311e+3,6.173e-21,8.306e-15,1.049e-44,1.214e-17,8.685e-34,,7.349e-8,2.402e-22,,2.723e-15,2.710e-4,1.901e-27,1.450e-17,1.521e+1,1.011e-18,,2.841e-9,,1.109e-6,1.591e-16,4.003e-34,7.387e+1,5.795e-17,4.673e-26,2.361e-20,1.318e-19,3.010e-5,1.397e-23,9.800e+2,8.478e-21,2.465e-27,4.034e-20,5.772e-23,1.230e-20,1.945e-12,1.411e-1,1.225e+1,,1.714e+2,1.023e+1,,2.276e+1,9.709e-20,,1.105e-19,3.023e-16,1.315e+1,8.426e-4,2.656e-5,,8.276e-17,1.786e+0,3.197e-17,1.388e-2,9.981e+0,1.729e-17,,1.706e-5,5.574e-17
385.65,1.377e+3,6.175e-21,1.345e-14,1.062e-44,1.299e-17,8.674e-34,,3.638e-8,2.405e-22,,2.724e-15,3.956e-4,1.895e-27,1.451e-17,1.505e+1,5.903e-19,,3.450e-9,,1.910e-6,1.596e-16,3.995e-34,7.412e+1,5.819e-17,4.675e-26,2.320e-20,1.318e-19,1.860e-5,1.398e-23,1.064e+3,8.486e-21,2.455e-27,4.036e-20,5.773e-23,1.230e-20,3.890e-12,1.211e-1,9.214e+0,,1.628e+2,8.480e+0,,2.430e+1,9.718e-20,,1.104e-19,2.995e-16,9.780e+0,1.358e-3,4.853e-5,,8.318e-17,2.297e+0,1.163e-17,1.716e-2,7.221e+0,1.731e-17,,9.467e-6,5.577e-17
385.67,1.423e+3,6.176e-21,1.843e-14,1.070e-44,1.429e-17,8.666e-34,,2.262e-8,2.406e-22,,2.725e-15,5.057e-4,1.891e-27,1.451e-17,1.486e+1,4.096e-19,,3.902e-9,,2.727e-6,1.599e-16,3.990e-34,7.410e+1,5.834e-17,4.677e-26,2.293e-20,1.318e-19,1.342e-5,1.399e-23,1.120e+3,8.491e-21,2.448e-27,4.037e-20,5.774e-23,1.230e-20,6.604e-12,1.087e-1,7.572e+0,,1.566e+2,7.435e+0,,2.571e+1,9.725e-20,,1.104e-19,2.977e-16,7.975e+0,1.855e-3,7.208e-5,,8.345e-17,2.700e+0,1.159e-17,1.988e-2,5.783e+0,1.732e-17,,6.350e-6,5.580e-17
385.7,1.493e+3,6.178e-21,2.929e-14,1.083e-44,1.747e-17,8.655e-34,,1.098e-8,2.408e-22,,2.725e-15,7.241e-4,1.885e-27,1.451e-17,1.449e+1,2.345e-19,,4.649e-9,,4.609e-6,1.604e-16,3.982e-34,7.376e+1,5.857e-17,4.679e-26,6.275e-20,1.319e-19,8.146e-6,1.400e-23,1.205e+3,8.498e-21,2.438e-27,4.039e-20,5.776e-23,1.230e-20,1.484e-11,9.153e-2,5.587e+0,,1.466e+2,6.045e+0,,2.841e+1,9.735e-20,,1.104e-19,2.950e-16,5.815e+0,2.933e-3,1.292e-4,,8.387e-17,3.407e+0,1.152e-17,2.481e-2,4.103e+0,1.733e-17,,3.455e-6,5.583e-17
385.72,1.540e+3,6.180e-21,3.964e-14,1.092e-44,2.049e-17,8.647e-34,,6.739e-9,2.409e-22,,2.726e-15,9.141e-4,1.881e-27,1.452e-17,1.419e+1,1.606e-19,,5.191e-9,,6.498e-6,1.607e-16,3.977e-34,7.333e+1,5.873e-17,4.680e-26,1.220e-19,1.319e-19,5.810e-6,1.400e-23,1.260e+3,8.503e-21,2.431e-27,4.040e-20,5.777e-23,1.230e-20,2.542e-11,8.108e-2,4.533e+0,,1.397e+2,5.232e+0,,3.062e+1,9.741e-20,,1.104e-19,2.932e-16,4.681e+0,3.956e-3,1.895e-4,,8.414e-17,3.954e+0,1.148e-17,2.872e-2,3.244e+0,1.734e-17,,2.287e-6,5.585e-17
385.75,1.607e+3,6.181e-21,6.181e-14,2.986e-44,2.660e-17,8.636e-34,,3.209e-9,2.412e-22,,2.727e-15,1.284e-3,1.875e-27,1.452e-17,1.367e+1,9.019e-20,,6.067e-9,,1.078e-5,1.612e-16,3.969e-34,7.238e+1,5.896e-17,4.682e-26,3.275e-19,1.319e-19,3.482e-6,1.401e-23,1.340e+3,8.511e-21,2.421e-27,4.043e-20,5.778e-23,1.230e-20,5.651e-11,6.696e-2,3.282e+0,,1.290e+2,4.172e+0,,3.454e+1,9.751e-20,,1.104e-19,2.904e-16,3.348e+0,6.136e-3,3.332e-4,,8.456e-17,4.894e+0,1.142e-17,3.557e-2,2.258e+0,1.735e-17,,1.221e-6,5.589e-17
385.77,1.650e+3,6.183e-21,8.259e-14,5.804e-44,3.188e-17,8.628e-34,,1.944e-9,2.413e-22,,2.727e-15,1.600e-3,1.871e-27,1.453e-17,1.329e+1,6.098e-20,,6.689e-9,,1.501e-5,1.615e-16,3.964e-34,7.153e+1,5.912e-17,4.683e-26,6.286e-19,1.319e-19,2.477e-6,1.402e-23,1.390e+3,8.516e-21,2.414e-27,4.044e-20,5.779e-23,1.230e-20,9.567e-11,5.856e-2,2.629e+0,,1.218e+2,3.565e+0,,3.758e+1,9.757e-20,,1.103e-19,2.886e-16,2.661e+0,8.170e-3,4.824e-4,,8.483e-17,5.607e+0,1.137e-17,4.084e-2,1.762e+0,1.736e-17,,7.977e-7,5.591e-17
385.8,1.710e+3,6.185e-21,1.264e-13,1.558e-43,4.191e-17,8.617e-34,,9.077e-10,2.415e-22,,2.728e-15,2.205e-3,1.866e-27,1.453e-17,1.269e+1,3.358e-20,,7.668e-9,,2.442e-5,1.620e-16,3.956e-34,6.995e+1,5.935e-17,4.685e-26,1.656e-18,1.320e-19,1.513e-6,1.403e-23,1.459e+3,8.524e-21,2.404e-27,4.046e-20,5.780e-23,1.230e-20,2.088e-10,4.743e-2,1.869e+0,,1.110e+2,2.788e+0,,4.278e+1,9.767e-20,,1.103e-19,2.859e-16,1.866e+0,1.243e-2,8.324e-4,,8.525e-17,6.809e+0,1.131e-17,4.984e-2,1.203e+0,1.737e-17,,4.175e-7,5.594e-17
385.82,1.746e+3,6.186e-21,1.667e-13,2.990e-43,5.020e-17,8.610e-34,,5.428e-10,2.417e-22,,2.728e-15,2.713e-3,1.862e-27,1.453e-17,1.227e+1,2.241e-20,,8.345e-9,,3.358e-5,1.624e-16,3.951e-34,6.870e+1,5.951e-17,4.686e-26,3.138e-18,1.320e-19,1.125e-6,1.403e-23,1.501e+3,8.529e-21,2.397e-27,4.047e-20,5.781e-23,1.230e-20,3.490e-10,4.095e-2,1.480e+0,,1.038e+2,2.352e+0,,4.666e+1,9.773e-20,,1.103e-19,2.841e-16,1.464e+0,1.634e-2,1.190e-3,,8.553e-17,7.700e+0,1.127e-17,5.659e-2,9.264e-1,1.738e-17,,2.693e-7,5.597e-17
385.84,1.778e+3,6.187e-21,2.189e-13,5.708e-43,5.997e-17,8.602e-34,,3.229e-10,2.418e-22,,2.729e-15,3.321e-3,1.858e-27,1.454e-17,1.185e+1,1.488e-20,,9.036e-9,,4.594e-5,1.627e-16,3.946e-34,6.730e+1,5.966e-17,4.688e-26,5.918e-18,1.320e-19,8.834e-7,1.404e-23,1.538e+3,8.534e-21,2.391e-27,4.049e-20,5.782e-23,1.230e-20,5.804e-10,3.517e-2,1.168e+0,,9.678e+1,1.974e+0,,5.087e+1,9.780e-20,,1.103e-19,2.823e-16,1.143e+0,2.138e-2,1.692e-3,,8.580e-17,8.664e+0,1.122e-17,6.396e-2,7.099e-1,1.739e-17,,1.729e-7,5.599e-17
385.87,1.818e+3,6.189e-21,3.262e-13,1.492e-42,7.774e-17,8.591e-34,,1.467e-10,2.420e-22,,2.730e-15,4.455e-3,1.852e-27,1.454e-17,1.123e+1,7.976e-21,,1.008e-8,,7.281e-5,1.632e-16,3.938e-34,6.496e+1,5.989e-17,4.689e-26,1.518e-17,1.320e-19,7.345e-7,1.405e-23,1.584e+3,8.541e-21,2.381e-27,4.051e-20,5.783e-23,1.230e-20,1.233e-9,2.773e-2,8.160e-1,,8.650e+1,1.502e+0,,5.780e+1,9.790e-20,,1.103e-19,2.795e-16,7.803e-1,3.167e-2,2.842e-3,,8.622e-17,1.024e+1,1.116e-17,7.614e-2,4.717e-1,1.740e-17,,8.803e-8,5.602e-17
385.89,1.839e+3,6.191e-21,4.229e-13,2.813e-42,9.194e-17,8.583e-34,,8.615e-11,2.421e-22,,2.730e-15,5.384e-3,1.848e-27,1.455e-17,1.083e+1,5.228e-21,,1.078e-8,,9.837e-5,1.635e-16,3.933e-34,6.327e+1,6.005e-17,4.691e-26,2.826e-17,1.320e-19,7.559e-7,1.406e-23,1.608e+3,8.546e-21,2.374e-27,4.052e-20,5.784e-23,1.230e-20,2.025e-9,2.351e-2,6.429e-1,,7.990e+1,1.245e+0,,6.280e+1,9.796e-20,,1.102e-19,2.777e-16,6.013e-1,4.089e-2,3.991e-3,,8.649e-17,1.138e+1,1.111e-17,8.499e-2,3.568e-1,1.741e-17,,5.578e-8,5.605e-17
385.92,1.860e+3,6.193e-21,6.186e-13,7.212e-42,1.172e-16,8.572e-34,,3.839e-11,2.424e-22,,2.731e-15,7.084e-3,1.842e-27,1.455e-17,1.026e+1,2.748e-21,,1.180e-8,,1.530e-4,1.640e-16,3.925e-34,6.057e+1,6.028e-17,4.693e-26,7.111e-17,1.321e-19,9.655e-7,1.406e-23,1.632e+3,8.554e-21,2.364e-27,4.054e-20,5.786e-23,1.230e-20,4.221e-9,1.818e-2,4.556e-1,,7.045e+1,9.294e-1,,7.081e+1,9.806e-20,,1.102e-19,2.750e-16,4.029e-1,5.943e-2,6.576e-3,,8.691e-17,1.319e+1,1.105e-17,9.929e-2,2.325e-1,1.742e-17,,2.786e-8,5.608e-17
385.94,1.867e+3,6.194e-21,7.920e-13,1.345e-41,1.369e-16,8.565e-34,,2.225e-11,2.425e-22,,2.731e-15,8.453e-3,1.838e-27,1.455e-17,9.914e+0,1.778e-21,,1.245e-8,,2.042e-4,1.643e-16,3.920e-34,5.870e+1,6.044e-17,4.694e-26,1.307e-16,1.321e-19,1.239e-6,1.407e-23,1.641e+3,8.559e-21,2.357e-27,4.056e-20,5.787e-23,1.230e-20,6.843e-9,1.522e-2,3.699e-1,,6.449e+1,7.600e-1,,7.647e+1,9.812e-20,,1.102e-19,2.732e-16,3.068e-1,7.576e-2,9.117e-3,,8.718e-17,1.447e+1,1.101e-17,1.094e-1,1.736e-1,1.743e-17,,1.742e-8,5.610e-17
385.97,1.867e+3,6.196e-21,1.137e-12,3.385e-41,1.714e-16,8.553e-34,,9.725e-12,2.427e-22,,2.732e-15,1.091e-2,1.832e-27,1.456e-17,9.435e+0,9.164e-22,,1.337e-8,,3.117e-4,1.648e-16,3.912e-34,5.588e+1,6.067e-17,4.696e-26,3.228e-16,1.321e-19,1.911e-6,1.408e-23,1.642e+3,8.567e-21,2.347e-27,4.058e-20,5.788e-23,1.230e-20,1.399e-8,1.154e-2,2.893e-1,,5.610e+1,5.566e-1,,8.534e+1,9.822e-20,,1.102e-19,2.704e-16,2.023e-1,1.080e-1,1.474e-2,,8.760e-17,1.646e+1,1.094e-17,1.254e-1,1.110e-1,1.744e-17,,8.534e-9,5.614e-17
385.99,1.859e+3,6.197e-21,1.438e-12,6.222e-41,1.978e-16,8.546e-34,,5.564e-12,2.429e-22,,2.733e-15,1.285e-2,1.828e-27,1.456e-17,9.149e+0,5.853e-22,,1.393e-8,,4.108e-4,1.651e-16,3.907e-34,5.403e+1,6.083e-17,4.697e-26,5.860e-16,1.321e-19,2.590e-6,1.409e-23,1.635e+3,8.572e-21,2.340e-27,4.059e-20,5.789e-23,1.230e-20,2.240e-8,9.537e-3,2.633e-1,,5.090e+1,4.494e-1,,9.145e+1,9.828e-20,,1.102e-19,2.686e-16,1.527e-1,1.359e-1,2.017e-2,,8.787e-17,1.782e+1,1.090e-17,1.365e-1,8.181e-2,1.745e-17,,5.268e-9,5.616e-17
386.02,1.837e+3,6.199e-21,2.026e-12,1.536e-40,2.429e-16,8.535e-34,,2.385e-12,2.431e-22,,2.733e-15,1.628e-2,1.822e-27,1.457e-17,8.769e+0,2.959e-22,,1.468e-8,,6.155e-4,1.656e-16,3.900e-34,5.138e+1,6.106e-17,4.699e-26,1.420e-15,1.322e-19,4.098e-6,1.409e-23,1.612e+3,8.579e-21,2.330e-27,4.061e-20,5.790e-23,1.230e-20,4.495e-8,7.095e-3,2.630e-1,,4.370e+1,3.228e-1,,1.008e+2,9.838e-20,,1.101e-19,2.659e-16,1.003e-1,1.901e-1,3.200e-2,,8.829e-17,1.989e+1,1.083e-17,1.535e-1,5.129e-2,1.746e-17,,2.531e-9,5.619e-17
386.04,1.816e+3,6.201e-21,2.531e-12,2.788e-40,2.767e-16,8.527e-34,,1.347e-12,2.432e-22,,2.734e-15,1.893e-2,1.819e-27,1.457e-17,8.548e+0,1.866e-22,,1.510e-8,,8.011e-4,1.659e-16,3.894e-34,4.976e+1,6.122e-17,4.700e-26,2.544e-15,1.322e-19,5.551e-6,1.410e-23,1.589e+3,8.584e-21,2.323e-27,4.063e-20,5.791e-23,1.230e-20,7.105e-8,5.787e-3,2.888e-1,,3.931e+1,2.573e-1,,1.071e+2,9.844e-20,,1.101e-19,2.640e-16,7.646e-2,2.363e-1,4.324e-2,,8.857e-17,2.126e+1,1.079e-17,1.649e-1,3.732e-2,1.747e-17,,1.542e-9,5.622e-17
386.07,1.774e+3,6.203e-21,3.501e-12,6.755e-40,3.334e-16,8.516e-34,,5.661e-13,2.434e-22,,2.735e-15,2.352e-2,1.813e-27,1.458e-17,8.261e+0,9.249e-23,,1.560e-8,,1.178e-3,1.664e-16,3.887e-34,4.762e+1,6.145e-17,4.702e-26,6.047e-15,1.322e-19,8.689e-6,1.411e-23,1.544e+3,8.592e-21,2.313e-27,4.065e-20,5.793e-23,1.230e-20,1.399e-7,4.223e-3,3.708e-1,,3.333e+1,1.813e-1,,1.164e+2,9.854e-20,,1.101e-19,2.613e-16,5.296e-2,3.242e-1,6.728e-2,,8.898e-17,2.327e+1,1.072e-17,1.819e-1,2.295e-2,1.748e-17,,7.266e-10,5.625e-17
386.09,1.740e+3,6.204e-21,4.320e-12,1.211e-39,3.751e-16,8.508e-34,,3.156e-13,2.436e-22,,2.735e-15,2.700e-2,1.809e-27,1.458e-17,8.094e+0,5.757e-23,,1.584e-8,,1.515e-3,1.667e-16,3.881e-34,4.644e+1,6.160e-17,4.704e-26,1.070e-14,1.322e-19,1.165e-5,1.412e-23,1.507e+3,8.597e-21,2.306e-27,4.066e-20,5.793e-23,1.230e-20,2.183e-7,3.401e-3,4.592e-1,,2.974e+1,1.426e-1,,1.225e+2,9.861e-20,,1.101e-19,2.595e-16,4.377e-2,3.978e-1,8.976e-2,,8.926e-17,2.455e+1,1.068e-17,1.929e-1,1.649e-2,1.749e-17,,4.371e-10,5.627e-17
386.12,1.682e+3,6.206e-21,5.868e-12,2.878e-39,4.433e-16,8.497e-34,,1.301e-13,2.438e-22,,2.736e-15,3.291e-2,1.803e-27,1.458e-17,7.875e+0,2.799e-23,,1.605e-8,,2.187e-3,1.672e-16,3.874e-34,4.512e+1,6.184e-17,4.705e-26,2.496e-14,1.323e-19,1.792e-5,1.412e-23,1.444e+3,8.604e-21,2.296e-27,4.068e-20,5.795e-23,1.230e-20,4.216e-7,2.434e-3,6.552e-1,,2.495e+1,9.856e-2,,1.313e+2,9.870e-20,,1.101e-19,2.568e-16,3.793e-2,5.354e-1,1.370e-1,,8.967e-17,2.636e+1,1.062e-17,2.088e-1,9.941e-3,1.750e-17,,2.020e-10,5.631e-17
386.14,1.638e+3,6.207e-21,7.154e-12,5.093e-39,4.923e-16,8.489e-34,,7.159e-14,2.439e-22,,2.736e-15,3.730e-2,1.799e-27,1.459e-17,7.743e+0,1.720e-23,,1.610e-8,,2.776e-3,1.675e-16,3.868e-34,4.458e+1,6.199e-17,4.707e-26,4.362e-14,1.323e-19,2.373e-5,1.413e-23,1.398e+3,8.609e-21,2.289e-27,4.070e-20,5.796e-23,1.230e-20,6.496e-7,1.935e-3,8.389e-1,,2.212e+1,7.654e-2,,1.368e+2,9.877e-20,,1.100e-19,2.549e-16,3.893e-2,6.485e-1,1.805e-1,,8.995e-17,2.747e+1,1.057e-17,2.186e-1,7.050e-3,1.751e-17,,1.199e-10,5.633e-17
386.17,1.569e+3,6.209e-21,9.543e-12,1.188e-38,5.708e-16,8.478e-34,,2.894e-14,2.441e-22,,2.737e-15,4.459e-2,1.793e-27,1.459e-17,7.559e+0,8.201e-24,,1.600e-8,,3.936e-3,1.680e-16,3.861e-34,4.435e+1,6.223e-17,4.709e-26,9.980e-14,1.323e-19,3.583e-5,1.414e-23,1.322e+3,8.617e-21,2.279e-27,4.072e-20,5.797e-23,1.230e-20,1.231e-6,1.358e-3,1.218e+0,,1.842e+1,5.189e-2,,1.445e+2,9.886e-20,,1.100e-19,2.522e-16,4.803e-2,8.564e-1,2.703e-1,,9.036e-17,2.893e+1,1.051e-17,2.320e-1,4.170e-3,1.753e-17,,5.435e-11,5.636e-17
386.19,1.519e+3,6.211e-21,1.150e-11,2.076e-38,6.259e-16,8.471e-34,,1.572e-14,2.443e-22,,2.738e-15,4.991e-2,1.789e-27,1.460e-17,7.440e+0,4.974e-24,,1.584e-8,,4.936e-3,1.683e-16,3.856e-34,4.462e+1,6.238e-17,4.710e-26,1.722e-13,1.323e-19,4.687e-5,1.415e-23,1.269e+3,8.622e-21,2.273e-27,4.073e-20,5.798e-23,1.230e-20,1.873e-6,1.066e-3,1.558e+0,,1.628e+1,3.978e-2,,1.490e+2,9.893e-20,,1.100e-19,2.504e-16,5.992e-2,1.024e+0,3.516e-1,,9.064e-17,2.976e+1,1.046e-17,2.399e-1,2.919e-3,1.753e-17,,3.186e-11,5.638e-17
386.21,1.469e+3,6.212e-21,1.378e-11,3.609e-38,6.828e-16,8.463e-34,,8.495e-15,2.444e-22,,2.738e-15,5.557e-2,1.785e-27,1.460e-17,7.319e+0,3.001e-24,,1.560e-8,,6.160e-3,1.686e-16,3.850e-34,4.523e+1,6.254e-17,4.711e-26,2.956e-13,1.324e-19,6.100e-5,1.415e-23,1.215e+3,8.627e-21,2.266e-27,4.074e-20,5.799e-23,1.230e-20,2.835e-6,8.323e-4,1.987e+0,,1.439e+1,3.034e-2,,1.531e+2,9.899e-20,,1.100e-19,2.486e-16,7.754e-2,1.219e+0,4.549e-1,,9.092e-17,3.045e+1,1.042e-17,2.468e-1,2.033e-3,1.754e-17,,1.858e-11,5.641e-17
386.24,1.392e+3,6.214e-21,1.794e-11,8.195e-38,7.706e-16,8.452e-34,,3.342e-15,2.446e-22,,2.739e-15,6.468e-2,1.779e-27,1.460e-17,7.127e+0,1.393e-24,,1.510e-8,,8.510e-3,1.691e-16,3.843e-34,4.683e+1,6.277e-17,4.713e-26,6.586e-13,1.324e-19,8.974e-5,1.416e-23,1.132e+3,8.635e-21,2.256e-27,4.077e-20,5.800e-23,1.230e-20,5.230e-6,5.687e-4,2.837e+0,,1.201e+1,2.002e-2,,1.582e+2,9.909e-20,,1.100e-19,2.458e-16,1.179e-1,1.566e+0,6.632e-1,,9.133e-17,3.123e+1,1.036e-17,2.550e-1,1.170e-3,1.755e-17,,8.192e-12,5.644e-17
386.26,1.341e+3,6.215e-21,2.126e-11,1.407e-37,8.301e-16,8.444e-34,,1.783e-15,2.448e-22,,2.739e-15,7.110e-2,1.776e-27,1.461e-17,6.989e+0,8.294e-25,,1.468e-8,,1.049e-2,1.694e-16,3.837e-34,4.835e+1,6.292e-17,4.714e-26,1.116e-12,1.324e-19,1.154e-4,1.417e-23,1.076e+3,8.640e-21,2.249e-27,4.078e-20,5.801e-23,1.230e-20,7.818e-6,4.384e-4,3.578e+0,,1.069e+1,1.507e-2,,1.608e+2,9.915e-20,,1.099e-19,2.440e-16,1.571e-1,1.840e+0,8.473e-1,,9.161e-17,3.155e+1,1.031e-17,2.589e-1,8.046e-4,1.756e-17,,4.715e-12,5.646e-17
386.29,1.266e+3,6.217e-21,2.719e-11,3.135e-37,9.190e-16,8.433e-34,,6.878e-16,2.450e-22,,2.740e-15,8.117e-2,1.770e-27,1.461e-17,6.759e+0,3.775e-25,,1.393e-8,,1.423e-2,1.699e-16,3.830e-34,5.130e+1,6.316e-17,4.716e-26,2.440e-12,1.324e-19,1.666e-4,1.418e-23,9.947e+2,8.647e-21,2.239e-27,4.080e-20,5.802e-23,1.230e-20,1.415e-5,2.938e-4,5.019e+0,,9.072e+0,9.755e-3,,1.636e+2,9.925e-20,,1.099e-19,2.413e-16,2.416e-1,2.321e+0,1.212e+0,,9.202e-17,3.173e+1,1.025e-17,2.624e-1,4.543e-4,1.758e-17,,2.039e-12,5.650e-17
386.31,1.218e+3,6.219e-21,3.186e-11,5.315e-37,9.772e-16,8.426e-34,,3.621e-16,2.451e-22,,2.741e-15,8.810e-2,1.766e-27,1.462e-17,6.590e+0,2.219e-25,,1.337e-8,,1.734e-2,1.703e-16,3.824e-34,5.370e+1,6.331e-17,4.718e-26,4.084e-12,1.325e-19,2.115e-4,1.418e-23,9.419e+2,8.652e-21,2.232e-27,4.081e-20,5.803e-23,1.230e-20,2.088e-5,2.237e-4,6.250e+0,,8.221e+0,7.251e-3,,1.647e+2,9.932e-20,,1.099e-19,2.395e-16,3.208e-1,2.691e+0,1.529e+0,,9.230e-17,3.165e+1,1.020e-17,2.631e-1,3.083e-4,1.758e-17,,1.159e-12,5.652e-17
386.34,1.149e+3,6.221e-21,4.008e-11,1.162e-36,1.061e-15,8.414e-34,,1.370e-16,2.453e-22,,2.742e-15,9.866e-2,1.760e-27,1.462e-17,6.308e+0,9.907e-26,,1.245e-8,,2.310e-2,1.707e-16,3.817e-34,5.788e+1,6.355e-17,4.720e-26,8.760e-12,1.325e-19,2.997e-4,1.419e-23,8.661e+2,8.660e-21,2.222e-27,4.084e-20,5.805e-23,1.230e-20,3.708e-5,1.472e-4,8.603e+0,,7.245e+0,4.602e-3,,1.650e+2,9.941e-20,,1.099e-19,2.367e-16,4.868e-1,3.330e+0,2.145e+0,,9.271e-17,3.123e+1,1.014e-17,2.616e-1,1.707e-4,1.760e-17,,4.915e-13,5.655e-17
386.36,1.106e+3,6.222e-21,4.646e-11,1.945e-36,1.114e-15,8.407e-34,,7.122e-17,2.455e-22,,2.742e-15,1.057e-1,1.756e-27,1.463e-17,6.101e+0,5.749e-26,,1.180e-8,,2.779e-2,1.711e-16,3.812e-34,6.103e+1,6.370e-17,4.721e-26,1.448e-11,1.325e-19,3.759e-4,1.420e-23,8.183e+2,8.665e-21,2.215e-27,4.085e-20,5.806e-23,1.230e-20,5.403e-5,1.107e-4,1.058e+1,,6.774e+0,3.377e-3,,1.645e+2,9.948e-20,,1.098e-19,2.349e-16,6.392e-1,3.813e+0,2.671e+0,,9.299e-17,3.075e+1,1.010e-17,2.589e-1,1.144e-4,1.761e-17,,2.757e-13,5.658e-17
386.39,1.046e+3,6.224e-21,5.752e-11,4.173e-36,1.187e-15,8.395e-34,,2.644e-17,2.457e-22,,2.743e-15,1.162e-1,1.750e-27,1.463e-17,5.764e+0,2.517e-26,,1.078e-8,,3.637e-2,1.715e-16,3.804e-34,6.621e+1,6.393e-17,4.723e-26,3.046e-11,1.325e-19,5.229e-4,1.421e-23,7.513e+2,8.672e-21,2.205e-27,4.087e-20,5.807e-23,1.230e-20,9.413e-5,7.183e-5,1.429e+1,,6.304e+0,2.103e-3,,1.624e+2,9.957e-20,,1.098e-19,2.322e-16,9.529e-1,4.627e+0,3.678e+0,,9.340e-17,2.976e+1,1.003e-17,2.525e-1,6.213e-5,1.762e-17,,1.147e-13,5.661e-17
386.41,1.009e+3,6.225e-21,6.599e-11,6.898e-36,1.231e-15,8.388e-34,,1.358e-17,2.458e-22,,2.743e-15,1.229e-1,1.746e-27,1.463e-17,5.523e+0,1.442e-26,,1.008e-8,,4.325e-2,1.719e-16,3.799e-34,6.991e+1,6.409e-17,4.724e-26,4.971e-11,1.326e-19,6.477e-4,1.421e-23,7.099e+2,8.677e-21,2.198e-27,4.088e-20,5.808e-23,1.230e-20,1.354e-4,5.375e-5,1.735e+1,,6.131e+0,1.523e-3,,1.603e+2,9.964e-20,,1.098e-19,2.304e-16,1.236e+0,5.231e+0,4.522e+0,,9.368e-17,2.893e+1,9.988e-18,2.468e-1,4.109e-5,1.763e-17,,6.349e-14,5.663e-17
386.44,9.610e+2,6.227e-21,8.050e-11,1.452e-35,1.286e-15,8.377e-34,,5.007e-18,2.460e-22,,2.744e-15,1.324e-1,1.740e-27,1.464e-17,5.141e+0,6.191e-27,,9.036e-9,,5.559e-2,1.724e-16,3.791e-34,7.572e+1,6.432e-17,4.726e-26,1.026e-10,1.326e-19,8.845e-4,1.422e-23,6.530e+2,8.685e-21,2.188e-27,4.090e-20,5.809e-23,1.230e-20,2.315e-4,3.509e-5,2.298e+1,,6.048e+0,9.301e-4,,1.561e+2,9.974e-20,,1.098e-19,2.276e-16,1.808e+0,6.228e+0,6.107e+0,,9.410e-17,2.747e+1,9.923e-18,2.361e-1,2.189e-5,1.764e-17,,2.590e-14,5.667e-17
386.46,9.329e+2,6.229e-21,9.148e-11,2.370e-35,1.316e-15,8.369e-34,,1.415e-19,2.462e-22,,2.745e-15,1.383e-1,1.736e-27,1.464e-17,4.874e+0,3.501e-27,,8.345e-9,,6.534e-2,1.727e-16,3.786e-34,7.970e+1,6.448e-17,4.727e-26,1.654e-10,1.326e-19,1.082e-3,1.423e-23,6.184e+2,8.690e-21,2.181e-27,4.092e-20,5.810e-23,1.230e-20,3.288e-4,2.691e-5,2.755e+1,,6.094e+0,6.651e-4,,1.528e+2,9.980e-20,,1.098e-19,2.258e-16,2.315e+0,6.952e+0,7.414e+0,,1.834e-16,2.636e+1,9.880e-18,2.278e-1,1.429e-5,1.765e-17,,1.416e-14,5.669e-17
386.49,8.970e+2,6.231e-21,1.101e-10,4.895e-35,1.349e-15,8.358e-34,,3.714e-19,2.464e-22,,2.745e-15,1.462e-1,1.731e-27,1.465e-17,4.463e+0,1.474e-27,,7.336e-9,,8.252e-2,1.732e-16,3.778e-34,8.571e+1,6.471e-17,4.729e-26,3.350e-10,1.326e-19,1.450e-3,1.424e-23,5.716e+2,8.698e-21,2.171e-27,4.094e-20,5.812e-23,1.230e-20,5.514e-4,1.942e-5,3.581e+1,,6.289e+0,3.984e-4,,1.469e+2,9.990e-20,,1.097e-19,2.231e-16,3.322e+0,8.120e+0,9.823e+0,,4.941e-16,2.455e+1,9.815e-18,2.138e-1,7.467e-6,1.766e-17,,5.665e-15,5.672e-17
386.51,8.775e+2,6.232e-21,1.241e-10,7.890e-35,1.363e-15,8.350e-34,,7.024e-19,2.465e-22,,2.746e-15,1.508e-1,1.727e-27,1.465e-17,4.184e+0,8.229e-28,,6.689e-9,,9.585e-2,1.735e-16,3.773e-34,8.965e+1,6.487e-17,4.731e-26,5.329e-10,1.327e-19,1.752e-3,1.424e-23,5.436e+2,8.703e-21,2.165e-27,4.095e-20,5.812e-23,1.230e-20,7.734e-4,1.703e-5,4.238e+1,,6.486e+0,2.812e-4,,1.426e+2,9.996e-20,,1.097e-19,2.213e-16,4.200e+0,8.948e+0,1.177e+1,,9.508e-16,2.327e+1,9.772e-18,2.036e-1,4.812e-6,1.767e-17,,3.056e-15,5.675e-17
386.54,8.547e+2,6.234e-21,1.476e-10,1.599e-34,1.371e-15,8.339e-34,,1.826e-18,2.467e-22,,2.747e-15,1.564e-1,1.721e-27,1.466e-17,3.765e+0,3.399e-28,,5.767e-9,,1.190e-1,1.740e-16,3.765e-34,9.537e+1,6.510e-17,4.732e-26,1.059e-9,1.327e-19,2.306e-3,1.425e-23,5.060e+2,8.710e-21,2.154e-27,4.097e-20,5.814e-23,1.230e-20,1.273e-3,1.689e-5,5.404e+1,,6.857e+0,1.652e-4,,1.355e+2,1.001e-19,,1.097e-19,2.185e-16,5.914e+0,1.025e+1,1.530e+1,,2.514e-15,2.126e+1,9.707e-18,1.874e-1,2.466e-6,1.768e-17,,1.199e-15,5.678e-17
386.56,8.440e+2,6.235e-21,1.652e-10,2.545e-34,1.368e-15,8.332e-34,,3.411e-18,2.469e-22,,2.747e-15,1.592e-1,1.717e-27,1.466e-17,3.488e+0,1.873e-28,,5.192e-9,,1.366e-1,1.743e-16,3.760e-34,9.896e+1,6.526e-17,4.734e-26,1.664e-9,1.327e-19,2.752e-3,1.426e-23,4.836e+2,8.715e-21,2.148e-27,4.099e-20,5.815e-23,1.230e-20,1.762e-3,1.914e-5,6.315e+1,,7.141e+0,1.151e-4,,1.306e+2,1.001e-19,,1.097e-19,2.167e-16,7.382e+0,1.116e+1,1.811e+1,,4.777e-15,1.989e+1,9.663e-18,1.763e-1,1.569e-6,1.769e-17,,6.386e-16,5.680e-17
386.58,8.369e+2,6.236e-21,1.845e-10,4.030e-34,1.357e-15,8.324e-34,,6.340e-18,2.470e-22,,2.748e-15,1.613e-1,1.713e-27,1.466e-17,3.216e+0,1.027e-28,,4.649e-9,,1.561e-1,1.746e-16,3.755e-34,1.023e+2,6.541e-17,4.735e-26,2.601e-9,1.327e-19,3.268e-3,1.426e-23,4.633e+2,8.720e-21,2.141e-27,4.100e-20,5.816e-23,1.230e-20,2.428e-3,2.349e-5,7.341e+1,,7.443e+0,7.983e-5,,1.256e+2,1.002e-19,,1.097e-19,2.149e-16,9.168e+0,1.208e+1,2.132e+1,,9.030e-15,1.851e+1,9.620e-18,1.649e-1,9.931e-7,1.770e-17,,3.383e-16,5.683e-17
386.61,8.330e+2,6.238e-21,2.169e-10,7.954e-34,1.329e-15,8.313e-34,,1.591e-17,2.472e-22,,2.748e-15,1.628e-1,1.707e-27,1.467e-17,2.822e+0,4.126e-29,,3.903e-9,,1.892e-1,1.751e-16,3.747e-34,1.069e+2,6.564e-17,4.737e-26,5.033e-9,1.328e-19,4.191e-3,1.427e-23,4.363e+2,8.728e-21,2.131e-27,4.102e-20,5.817e-23,1.230e-20,3.890e-3,3.497e-5,9.114e+1,,7.912e+0,4.564e-5,,1.179e+2,1.003e-19,,1.096e-19,2.122e-16,1.257e+1,1.347e+1,2.698e+1,,2.325e-14,1.646e+1,9.555e-18,1.478e-1,4.953e-7,1.771e-17,,1.292e-16,5.686e-17
386.63,8.349e+2,6.240e-21,2.412e-10,1.244e-33,1.302e-15,8.305e-34,,2.921e-17,2.474e-22,,2.749e-15,1.628e-1,1.703e-27,1.467e-17,2.570e+0,2.233e-29,,3.450e-9,,2.139e-1,1.754e-16,3.742e-34,1.095e+2,6.580e-17,4.738e-26,7.767e-9,1.328e-19,4.916e-3,1.428e-23,4.203e+2,8.733e-21,2.124e-27,4.104e-20,5.818e-23,1.230e-20,5.291e-3,4.694e-5,1.046e+2,,8.222e+0,3.124e-5,,1.128e+2,1.003e-19,,1.096e-19,2.103e-16,1.541e+1,1.440e+1,3.137e+1,,4.340e-14,1.512e+1,9.512e-18,1.365e-1,3.095e-7,1.772e-17,,6.757e-17,5.688e-17
386.66,8.447e+2,6.242e-21,2.824e-10,2.409e-33,1.250e-15,8.294e-34,,7.194e-17,2.476e-22,,2.750e-15,1.613e-1,1.697e-27,1.468e-17,2.213e+0,8.801e-30,,2.841e-9,,2.548e-1,1.759e-16,3.734e-34,1.128e+2,6.603e-17,4.740e-26,1.475e-8,1.328e-19,6.188e-3,1.429e-23,3.992e+2,8.741e-21,2.114e-27,4.106e-20,5.819e-23,1.230e-20,8.316e-3,7.403e-5,1.274e+2,,8.667e+0,1.752e-5,,1.053e+2,1.004e-19,,1.096e-19,2.076e-16,2.073e+1,1.575e+1,3.894e+1,,1.097e-13,1.319e+1,9.447e-18,1.200e-1,1.514e-7,1.773e-17,,2.531e-17,5.692e-17
386.68,8.560e+2,6.243e-21,3.134e-10,3.719e-33,1.209e-15,8.287e-34,,1.304e-16,2.477e-22,,2.750e-15,1.592e-1,1.693e-27,1.468e-17,1.991e+0,4.701e-30,,2.480e-9,,2.849e-1,1.762e-16,3.729e-34,1.145e+2,6.619e-17,4.741e-26,2.247e-8,1.328e-19,7.169e-3,1.429e-23,3.869e+2,8.746e-21,2.107e-27,4.107e-20,5.820e-23,1.230e-20,1.117e-2,1.004e-4,1.444e+2,,8.939e+0,1.184e-5,,1.004e+2,1.005e-19,,1.096e-19,2.058e-16,2.509e+1,1.662e+1,4.469e+1,,2.021e-13,1.197e+1,9.404e-18,1.094e-1,9.338e-8,1.774e-17,,1.306e-17,5.694e-17
386.71,8.800e+2,6.245e-21,3.666e-10,7.069e-33,1.140e-15,8.275e-34,,3.151e-16,2.479e-22,,2.751e-15,1.547e-1,1.687e-27,1.468e-17,1.683e+0,1.817e-30,,2.004e-9,,3.340e-1,1.767e-16,3.721e-34,1.162e+2,6.642e-17,4.743e-26,4.187e-8,1.329e-19,8.859e-3,1.430e-23,3.707e+2,8.753e-21,2.097e-27,4.109e-20,5.821e-23,1.230e-20,1.722e-2,1.578e-4,1.725e+2,,9.295e+0,6.512e-6,,9.330e+1,1.006e-19,,1.096e-19,2.031e-16,3.311e+1,1.784e+1,5.443e+1,,5.011e-13,1.024e+1,9.339e-18,9.436e-2,4.480e-8,1.775e-17,,4.798e-18,5.697e-17
386.73,9.007e+2,6.246e-21,4.072e-10,1.078e-32,1.088e-15,8.268e-34,,5.640e-16,2.481e-22,,2.751e-15,1.508e-1,1.684e-27,1.469e-17,1.495e+0,9.582e-31,,1.727e-9,,3.693e-1,1.770e-16,3.716e-34,1.169e+2,6.658e-17,4.745e-26,6.299e-8,1.329e-19,1.014e-2,1.431e-23,3.614e+2,8.758e-21,2.090e-27,4.111e-20,5.822e-23,1.230e-20,2.284e-2,2.123e-4,1.930e+2,,9.491e+0,4.343e-6,,8.879e+1,1.007e-19,,1.095e-19,2.012e-16,3.958e+1,1.859e+1,6.168e+1,,9.121e-13,9.173e+0,9.295e-18,8.495e-2,2.728e-8,1.776e-17,,2.445e-18,5.700e-17
386.76,9.392e+2,6.248e-21,4.777e-10,2.010e-32,1.006e-15,8.256e-34,,1.338e-15,2.483e-22,,2.752e-15,1.437e-1,1.678e-27,1.469e-17,1.240e+0,3.633e-31,,1.370e-9,,4.261e-1,1.775e-16,3.708e-34,1.170e+2,6.681e-17,4.747e-26,1.151e-7,1.329e-19,1.230e-2,1.432e-23,3.497e+2,8.766e-21,2.080e-27,4.113e-20,5.824e-23,1.230e-20,3.456e-2,3.284e-4,2.263e+2,,9.712e+0,2.343e-6,,8.238e+1,1.008e-19,,1.095e-19,1.985e-16,5.123e+1,1.958e+1,7.370e+1,,2.219e-12,7.700e+0,9.230e-18,7.187e-2,1.284e-8,1.777e-17,,8.808e-19,5.703e-17
386.78,9.697e+2,6.250e-21,5.322e-10,3.027e-32,9.483e-16,8.249e-34,,2.364e-15,2.484e-22,,2.753e-15,1.383e-1,1.674e-27,1.470e-17,1.087e+0,1.891e-31,,1.166e-9,,4.663e-1,1.778e-16,3.703e-34,1.167e+2,6.696e-17,4.748e-26,1.710e-7,1.329e-19,1.390e-2,1.432e-23,3.432e+2,8.771e-21,2.073e-27,4.114e-20,5.825e-23,1.230e-20,4.525e-2,4.365e-4,2.499e+2,,9.806e+0,1.543e-6,,7.836e+1,1.008e-19,,1.095e-19,1.967e-16,6.047e+1,2.013e+1,8.245e+1,,3.988e-12,6.809e+0,9.187e-18,6.388e-2,7.716e-9,1.778e-17,,8.789e-19,5.705e-17
386.81,1.023e+3,6.252e-21,6.278e-10,5.540e-32,8.598e-16,8.238e-34,,5.502e-15,2.486e-22,,2.753e-15,1.293e-1,1.668e-27,1.470e-17,8.849e-1,7.032e-32,,9.087e-10,,5.298e-1,1.783e-16,3.695e-34,1.153e+2,6.720e-17,4.750e-26,3.068e-7,1.330e-19,1.656e-2,1.433e-23,3.356e+2,8.778e-21,2.063e-27,4.116e-20,5.826e-23,1.230e-20,6.717e-2,6.627e-4,2.874e+2,,9.865e+0,8.166e-7,,7.273e+1,1.009e-19,,1.095e-19,1.940e-16,7.679e+1,2.080e+1,9.665e+1,,9.518e-12,5.607e+0,9.122e-18,5.303e-2,3.561e-9,1.779e-17,,8.761e-19,5.709e-17
386.83,1.062e+3,6.253e-21,7.025e-10,8.237e-32,8.004e-16,8.230e-34,,9.603e-15,2.488e-22,,2.754e-15,1.229e-1,1.664e-27,1.470e-17,7.663e-1,3.613e-32,,7.654e-10,,5.740e-1,1.786e-16,3.690e-34,1.140e+2,6.735e-17,4.751e-26,4.500e-7,1.330e-19,1.849e-2,1.434e-23,3.319e+2,8.783e-21,2.057e-27,4.118e-20,5.827e-23,1.230e-20,8.684e-2,8.699e-4,3.135e+2,,9.847e+0,5.308e-7,,6.923e+1,1.010e-19,,1.095e-19,1.921e-16,8.948e+1,2.112e+1,1.068e+2,,1.689e-11,4.894e+0,9.079e-18,4.655e-2,2.113e-9,1.780e-17,,8.742e-19,5.711e-17
386.86,1.129e+3,6.255e-21,8.346e-10,1.479e-31,7.119e-16,8.219e-34,,2.193e-14,2.490e-22,,2.755e-15,1.127e-1,1.658e-27,1.471e-17,6.118e-1,1.318e-32,,5.880e-10,,6.425e-1,1.791e-16,3.682e-34,1.114e+2,6.759e-17,4.753e-26,7.918e-7,1.330e-19,2.162e-2,1.435e-23,3.285e+2,8.791e-21,2.046e-27,4.120e-20,5.828e-23,1.230e-20,1.265e-1,1.296e-3,3.537e+2,,9.738e+0,2.756e-7,,6.436e+1,1.011e-19,,1.094e-19,1.894e-16,1.115e+2,2.141e+1,1.228e+2,,3.956e-11,3.954e+0,9.014e-18,3.793e-2,9.565e-10,1.782e-17,,8.714e-19,5.714e-17
386.88,1.177e+3,6.256e-21,9.383e-10,2.172e-31,6.543e-16,8.211e-34,,3.780e-14,2.491e-22,,2.755e-15,1.057e-1,1.654e-27,1.471e-17,5.231e-1,6.683e-33,,4.917e-10,,6.894e-1,1.794e-16,3.677e-34,1.094e+2,6.774e-17,4.754e-26,1.147e-6,1.330e-19,2.384e-2,1.435e-23,3.275e+2,8.796e-21,2.040e-27,4.121e-20,5.829e-23,1.231e-20,1.614e-1,1.680e-3,3.808e+2,,9.613e+0,1.769e-7,,6.136e+1,1.012e-19,,1.094e-19,1.876e-16,1.283e+2,2.146e+1,1.339e+2,,6.933e-11,3.407e+0,8.971e-18,3.290e-2,5.603e-10,1.782e-17,,8.695e-19,5.717e-17
386.91,1.255e+3,6.258e-21,1.122e-9,3.829e-31,5.710e-16,8.200e-34,,8.473e-14,2.493e-22,,2.756e-15,9.513e-2,1.648e-27,1.472e-17,4.097e-1,1.979e-32,,3.760e-10,,7.608e-1,1.799e-16,3.669e-34,1.058e+2,6.797e-17,4.756e-26,1.980e-6,1.331e-19,2.737e-2,1.436e-23,3.281e+2,8.804e-21,2.030e-27,4.123e-20,5.831e-23,1.231e-20,2.306e-1,2.455e-3,4.215e+2,,9.354e+0,9.020e-8,,5.722e+1,1.013e-19,,1.094e-19,1.849e-16,1.568e+2,2.134e+1,1.511e+2,,1.593e-10,2.700e+0,8.906e-18,2.638e-2,2.488e-10,1.784e-17,,8.667e-19,5.720e-17
386.93,1.311e+3,6.260e-21,1.266e-9,5.553e-31,5.181e-16,8.193e-34,,1.442e-13,2.495e-22,,2.756e-15,8.810e-2,1.644e-27,1.472e-17,3.459e-1,2.853e-32,,3.155e-10,,8.089e-1,1.803e-16,3.664e-34,1.032e+2,6.813e-17,4.758e-26,2.832e-6,1.331e-19,2.982e-2,1.437e-23,3.298e+2,8.809e-21,2.023e-27,4.124e-20,5.831e-23,1.231e-20,2.907e-1,3.142e-3,4.481e+2,,9.140e+0,5.733e-8,,5.468e+1,1.013e-19,,1.094e-19,1.830e-16,1.781e+2,2.112e+1,1.627e+2,,2.757e-10,2.297e+0,8.862e-18,2.266e-2,1.438e-10,1.784e-17,,8.649e-19,5.722e-17
386.96,1.397e+3,6.262e-21,1.520e-9,9.606e-31,4.436e-16,8.181e-34,,3.172e-13,2.497e-22,,2.757e-15,7.776e-2,1.639e-27,1.473e-17,2.657e-1,4.164e-32,,2.463e-10,,8.810e-1,1.807e-16,3.656e-34,9.903e+1,6.836e-17,4.759e-26,4.797e-6,1.331e-19,3.360e-2,1.438e-23,3.342e+2,8.816e-21,2.013e-27,4.127e-20,5.833e-23,1.231e-20,4.075e-1,4.505e-3,4.866e+2,,8.771e+0,2.913e-8,,5.122e+1,1.014e-19,,1.093e-19,1.803e-16,2.135e+2,2.060e+1,1.800e+2,,6.217e-10,1.786e+0,8.797e-18,1.799e-2,6.264e-11,1.786e-17,,8.621e-19,5.726e-17
386.98,1.457e+3,6.263e-21,1.717e-9,1.376e-30,3.976e-16,8.174e-34,,5.332e-13,2.498e-22,,2.758e-15,7.110e-2,1.635e-27,1.473e-17,2.215e-1,5.038e-32,,2.128e-10,,9.286e-1,1.811e-16,3.651e-34,9.613e+1,6.852e-17,4.761e-26,6.773e-6,1.331e-19,3.616e-2,1.438e-23,3.383e+2,8.821e-21,2.006e-27,4.128e-20,5.834e-23,1.231e-20,5.071e-1,5.692e-3,5.108e+2,,8.502e+0,1.888e-8,,4.912e+1,1.015e-19,,1.093e-19,1.785e-16,2.395e+2,2.013e+1,1.914e+2,,1.062e-9,1.500e+0,1.716e-17,1.544e-2,3.575e-11,1.787e-17,,8.602e-19,5.728e-17
387,1.518e+3,6.264e-21,1.941e-9,1.960e-30,3.545e-16,8.166e-34,,8.916e-13,2.500e-22,,2.758e-15,6.468e-2,1.631e-27,1.473e-17,1.837e-1,5.912e-32,,1.882e-10,,9.756e-1,1.814e-16,3.646e-34,9.318e+1,6.867e-17,4.762e-26,9.516e-6,1.331e-19,3.873e-2,1.439e-23,3.432e+2,8.826e-21,1.999e-27,4.129e-20,5.835e-23,1.231e-20,6.279e-1,7.156e-3,5.334e+2,,8.222e+0,1.283e-8,,4.720e+1,1.015e-19,,1.093e-19,1.767e-16,2.672e+2,1.958e+1,2.024e+2,,1.806e-9,1.254e+0,3.329e-17,1.332e-2,2.030e-11,1.787e-17,,8.583e-19,5.730e-17
387.03,1.609e+3,6.266e-21,2.329e-9,3.303e-30,2.959e-16,8.155e-34,,1.910e-12,2.502e-22,,2.759e-15,5.557e-2,1.625e-27,1.474e-17,1.374e-1,7.223e-32,,1.666e-10,,1.044e+0,1.819e-16,3.638e-34,8.872e+1,6.891e-17,4.764e-26,1.570e-5,1.332e-19,4.253e-2,1.440e-23,3.520e+2,8.834e-21,1.989e-27,4.131e-20,5.836e-23,1.231e-20,8.570e-1,9.991e-3,5.639e+2,,7.799e+0,9.000e-9,,4.466e+1,1.016e-19,,1.093e-19,1.739e-16,3.120e+2,1.859e+1,2.181e+2,,3.966e-9,9.485e-1,8.912e-17,1.091e-2,8.605e-12,1.789e-17,,8.555e-19,5.734e-17
387.05,1.669e+3,6.268e-21,2.627e-9,4.649e-30,2.609e-16,8.147e-34,,3.155e-12,2.503e-22,,2.759e-15,4.991e-2,1.621e-27,1.474e-17,1.125e-1,8.097e-32,,1.614e-10,,1.089e+0,1.822e-16,3.633e-34,8.576e+1,6.906e-17,4.765e-26,2.177e-5,1.332e-19,4.500e-2,1.440e-23,3.586e+2,8.839e-21,1.982e-27,4.133e-20,5.837e-23,1.231e-20,1.048e+0,1.240e-2,5.814e+2,,7.527e+0,9.139e-9,,4.319e+1,1.017e-19,,1.093e-19,1.721e-16,3.437e+2,1.784e+1,2.278e+2,,6.658e-9,7.826e-1,1.707e-16,9.823e-3,4.824e-12,1.789e-17,,8.536e-19,5.736e-17
387.08,1.757e+3,6.270e-21,3.137e-9,7.689e-30,2.143e-16,8.136e-34,,6.634e-12,2.505e-22,,2.760e-15,4.207e-2,1.615e-27,1.475e-17,8.251e-2,9.408e-32,,1.667e-10,,1.153e+0,1.827e-16,3.625e-34,8.141e+1,6.930e-17,4.767e-26,3.524e-5,1.332e-19,4.851e-2,1.441e-23,3.695e+2,8.846e-21,1.972e-27,4.135e-20,5.838e-23,1.231e-20,1.403e+0,1.699e-2,6.029e+2,,7.155e+0,1.341e-8,,4.134e+1,1.018e-19,,1.092e-19,1.694e-16,3.937e+2,1.662e+1,2.408e+2,,1.434e-8,5.809e-1,4.486e-16,9.007e-3,2.005e-12,1.791e-17,,8.508e-19,5.739e-17
387.1,1.813e+3,6.271e-21,3.523e-9,1.069e-29,1.871e-16,8.129e-34,,1.082e-11,2.507e-22,,2.761e-15,3.730e-2,1.611e-27,1.475e-17,6.669e-2,1.028e-31,,1.788e-10,,1.193e+0,1.830e-16,3.620e-34,7.859e+1,6.945e-17,4.768e-26,4.827e-5,1.332e-19,5.070e-2,1.442e-23,3.772e+2,8.851e-21,1.965e-27,4.136e-20,5.839e-23,1.231e-20,1.693e+0,2.082e-2,6.138e+2,,6.943e+0,1.980e-8,,4.035e+1,1.019e-19,,1.092e-19,1.676e-16,4.283e+2,1.575e+1,2.483e+2,,2.378e-8,4.731e-1,8.487e-16,9.057e-3,1.110e-12,1.792e-17,,8.490e-19,5.741e-17
387.13,1.891e+3,6.273e-21,4.173e-9,1.735e-29,1.521e-16,8.117e-34,,2.233e-11,2.509e-22,,2.761e-15,3.085e-2,1.605e-27,1.475e-17,4.800e-2,1.159e-31,,2.097e-10,,1.250e+0,1.835e-16,3.612e-34,7.451e+1,6.968e-17,4.770e-26,7.664e-5,1.333e-19,5.366e-2,1.443e-23,3.892e+2,8.859e-21,1.955e-27,4.138e-20,5.840e-23,1.231e-20,2.224e+0,2.798e-2,6.245e+2,,6.704e+0,3.797e-8,,3.928e+1,1.020e-19,,1.092e-19,1.648e-16,4.812e+2,1.440e+1,2.575e+2,,5.027e-8,3.445e-1,2.188e-15,1.018e-2,4.524e-13,1.793e-17,,8.462e-19,5.745e-17
387.15,1.939e+3,6.274e-21,4.656e-9,2.382e-29,1.324e-16,8.110e-34,,3.596e-11,2.510e-22,,2.762e-15,2.700e-2,1.601e-27,1.476e-17,3.830e-2,1.247e-31,,2.392e-10,,1.286e+0,1.838e-16,3.607e-34,7.191e+1,6.984e-17,4.772e-26,1.037e-4,1.333e-19,5.540e-2,1.443e-23,3.975e+2,8.864e-21,1.949e-27,4.140e-20,5.841e-23,1.231e-20,2.651e+0,3.386e-2,6.277e+2,,6.609e+0,5.927e-8,,3.884e+1,1.020e-19,,1.092e-19,1.630e-16,5.168e+2,1.347e+1,2.621e+2,,8.229e-8,2.770e-1,4.088e-15,1.177e-2,2.471e-13,1.794e-17,,8.443e-19,5.747e-17
387.18,2.003e+3,6.276e-21,5.455e-9,3.795e-29,1.081e-16,8.099e-34,,7.283e-11,2.513e-22,,2.763e-15,2.190e-2,1.596e-27,1.476e-17,2.704e-2,1.378e-31,,2.976e-10,,1.335e+0,1.843e-16,3.599e-34,6.819e+1,7.007e-17,4.774e-26,1.615e-4,1.333e-19,5.757e-2,1.444e-23,4.098e+2,8.872e-21,1.938e-27,4.142e-20,5.843e-23,1.231e-20,3.417e+0,4.465e-2,6.265e+2,,6.586e+0,1.154e-7,,3.863e+1,1.021e-19,,1.092e-19,1.603e-16,5.698e+2,1.208e+1,2.667e+2,,1.707e-7,1.979e-1,1.034e-14,1.577e-2,9.882e-14,1.795e-17,,8.415e-19,5.750e-17
387.2,2.040e+3,6.278e-21,6.037e-9,5.146e-29,9.531e-17,8.091e-34,,1.159e-10,2.514e-22,,2.763e-15,1.893e-2,1.592e-27,1.477e-17,2.130e-2,1.465e-31,,3.465e-10,,1.364e+0,1.846e-16,3.594e-34,6.583e+1,7.023e-17,4.775e-26,2.156e-4,1.333e-19,5.870e-2,1.445e-23,4.181e+2,8.877e-21,1.932e-27,4.143e-20,5.844e-23,1.231e-20,4.021e+0,5.335e-2,6.217e+2,,6.664e+0,1.791e-7,,3.880e+1,1.022e-19,,1.091e-19,1.585e-16,6.042e+2,1.116e+1,2.680e+2,,2.759e-7,1.571e-1,1.908e-14,1.981e-2,5.329e-14,1.796e-17,,8.396e-19,5.753e-17
387.23,2.086e+3,6.280e-21,6.980e-9,8.050e-29,8.093e-17,8.080e-34,,2.303e-10,2.516e-22,,2.764e-15,1.506e-2,1.586e-27,1.477e-17,1.475e-2,1.596e-31,,4.364e-10,,1.404e+0,1.851e-16,3.586e-34,6.247e+1,7.046e-17,4.777e-26,3.296e-4,1.334e-19,5.989e-2,1.446e-23,4.303e+2,8.884e-21,1.922e-27,4.145e-20,5.845e-23,1.231e-20,5.084e+0,6.901e-2,6.087e+2,,6.938e+0,3.431e-7,,3.956e+1,1.023e-19,,1.091e-19,1.557e-16,6.534e+2,9.811e+0,2.675e+2,,5.616e-7,1.101e-1,4.736e-14,2.861e-2,2.090e-14,1.797e-17,,8.368e-19,5.756e-17
387.25,2.109e+3,6.281e-21,7.653e-9,1.078e-28,7.452e-17,8.072e-34,,3.618e-10,2.517e-22,,2.764e-15,1.285e-2,1.582e-27,1.477e-17,1.147e-2,1.684e-31,,5.082e-10,,1.428e+0,1.854e-16,3.581e-34,6.034e+1,7.062e-17,4.778e-26,4.346e-4,1.334e-19,6.033e-2,1.446e-23,4.383e+2,8.889e-21,1.915e-27,4.147e-20,5.846e-23,1.231e-20,5.908e+0,8.142e-2,5.964e+2,,7.238e+0,5.260e-7,,4.040e+1,1.024e-19,,1.091e-19,1.539e-16,6.841e+2,8.948e+0,2.655e+2,,8.964e-7,8.627e-2,8.627e-14,3.683e-2,1.113e-14,1.798e-17,,8.349e-19,5.758e-17
387.28,2.133e+3,6.283e-21,8.719e-9,1.656e-28,6.969e-17,8.061e-34,,7.058e-10,2.520e-22,,2.765e-15,1.003e-2,1.576e-27,1.478e-17,7.796e-3,1.815e-31,,6.352e-10,,1.457e+0,1.859e-16,3.573e-34,5.730e+1,7.085e-17,4.780e-26,6.518e-4,1.334e-19,6.043e-2,1.447e-23,4.502e+2,8.897e-21,1.905e-27,4.149e-20,5.847e-23,1.231e-20,7.329e+0,1.033e-1,5.729e+2,,7.882e+0,9.893e-7,,4.219e+1,1.024e-19,,1.091e-19,1.512e-16,7.259e+2,7.720e+0,2.600e+2,,1.790e-6,5.930e-2,2.101e-13,5.390e-2,4.280e-15,1.799e-17,,8.321e-19,5.762e-17
387.3,2.142e+3,6.284e-21,9.462e-9,2.190e-28,6.973e-17,8.054e-34,,1.095e-9,2.521e-22,,2.766e-15,8.453e-3,1.572e-27,1.478e-17,5.986e-3,1.902e-31,,7.338e-10,,1.474e+0,1.862e-16,3.568e-34,5.537e+1,7.100e-17,4.781e-26,8.487e-4,1.334e-19,6.013e-2,1.448e-23,4.580e+2,8.902e-21,1.898e-27,4.150e-20,5.848e-23,1.231e-20,8.408e+0,1.204e-1,5.542e+2,,8.449e+0,1.498e-6,,4.374e+1,1.025e-19,,1.091e-19,1.493e-16,7.503e+2,6.952e+0,2.547e+2,,2.822e-6,4.588e-2,3.780e-13,6.933e-2,2.249e-15,1.800e-17,,8.303e-19,5.764e-17
387.33,2.145e+3,6.286e-21,1.061e-8,3.303e-28,7.493e-17,8.042e-34,,2.097e-9,2.523e-22,,2.766e-15,6.473e-3,1.566e-27,1.479e-17,3.989e-3,2.033e-31,,9.038e-10,,1.493e+0,1.867e-16,3.561e-34,5.264e+1,7.124e-17,4.783e-26,1.249e-3,1.335e-19,5.913e-2,1.449e-23,4.699e+2,8.909e-21,1.888e-27,4.152e-20,5.850e-23,1.231e-20,1.023e+1,1.499e-1,5.223e+2,,9.518e+0,2.764e-6,,4.661e+1,1.026e-19,,1.090e-19,1.466e-16,7.811e+2,5.884e+0,2.447e+2,,5.530e-6,3.094e-2,9.036e-13,1.005e-1,8.486e-16,1.801e-17,,8.274e-19,5.767e-17
387.35,2.139e+3,6.287e-21,1.139e-8,4.316e-28,8.208e-17,8.035e-34,,3.213e-9,2.525e-22,,2.767e-15,5.384e-3,1.562e-27,1.479e-17,3.024e-3,2.121e-31,,1.033e-9,,1.502e+0,1.870e-16,3.555e-34,5.092e+1,7.139e-17,4.785e-26,1.605e-3,1.335e-19,5.812e-2,1.449e-23,4.778e+2,8.914e-21,1.881e-27,4.154e-20,5.850e-23,1.231e-20,1.159e+1,1.724e-1,4.989e+2,,1.038e+1,4.133e-6,,4.887e+1,1.027e-19,,1.090e-19,1.448e-16,7.972e+2,5.231e+0,2.367e+2,,8.606e-6,2.363e-2,1.605e-12,1.282e-1,4.402e-16,1.802e-17,,8.256e-19,5.770e-17
387.37,2.129e+3,6.289e-21,1.217e-8,5.614e-28,9.243e-17,8.027e-34,,4.900e-9,2.526e-22,,2.767e-15,4.455e-3,1.558e-27,1.479e-17,2.281e-3,2.208e-31,,1.175e-9,,1.507e+0,1.874e-16,3.550e-34,4.928e+1,7.155e-17,4.786e-26,2.053e-3,1.335e-19,5.684e-2,1.450e-23,4.860e+2,8.920e-21,1.874e-27,4.155e-20,5.851e-23,1.231e-20,1.306e+1,1.973e-1,4.740e+2,,1.137e+1,6.147e-6,,5.142e+1,1.027e-19,,1.090e-19,1.430e-16,8.095e+2,4.627e+0,2.278e+2,,1.332e-5,1.796e-2,2.837e-12,1.627e-1,2.272e-16,1.803e-17,,8.237e-19,5.772e-17
387.4,2.104e+3,6.291e-21,1.333e-8,8.250e-28,1.146e-16,8.016e-34,,9.141e-9,2.528e-22,,2.768e-15,3.321e-3,1.553e-27,1.480e-17,1.480e-3,2.339e-31,,1.413e-9,,1.510e+0,1.878e-16,3.542e-34,4.702e+1,7.178e-17,4.788e-26,2.942e-3,1.335e-19,5.448e-2,1.451e-23,4.987e+2,8.927e-21,1.864e-27,4.157e-20,5.853e-23,1.231e-20,1.548e+1,2.392e-1,4.349e+2,,1.309e+1,1.105e-5,,5.577e+1,1.028e-19,,1.090e-19,1.402e-16,8.204e+2,3.813e+0,2.130e+2,,2.543e-5,1.179e-2,6.605e-12,2.305e-1,8.343e-17,1.804e-17,,8.209e-19,5.775e-17
387.42,2.082e+3,6.292e-21,1.409e-8,1.060e-27,1.344e-16,8.008e-34,,1.377e-8,2.529e-22,,2.769e-15,2.713e-3,1.549e-27,1.480e-17,1.102e-3,2.427e-31,,1.589e-9,,1.507e+0,1.882e-16,3.537e-34,4.566e+1,1.394e-16,4.789e-26,3.715e-3,1.336e-19,5.263e-2,1.451e-23,5.075e+2,8.932e-21,1.857e-27,4.158e-20,5.854e-23,1.231e-20,1.723e+1,2.702e-1,4.080e+2,,1.440e+1,1.623e-5,,5.899e+1,1.029e-19,,1.090e-19,1.384e-16,8.225e+2,3.330e+0,2.024e+2,,3.888e-5,8.847e-3,1.153e-11,2.891e-1,4.250e-17,1.805e-17,,8.190e-19,5.778e-17
387.45,2.042e+3,6.294e-21,1.517e-8,1.530e-27,1.725e-16,7.997e-34,,2.521e-8,2.532e-22,,2.769e-15,1.984e-3,1.543e-27,1.481e-17,7.012e-4,2.558e-31,,1.878e-9,,1.496e+0,1.886e-16,3.530e-34,4.389e+1,3.739e-16,4.791e-26,5.223e-3,1.336e-19,4.952e-2,1.452e-23,5.214e+2,8.940e-21,1.847e-27,4.161e-20,5.855e-23,1.231e-20,2.003e+1,3.214e-1,3.673e+2,,1.659e+1,2.861e-5,,6.430e+1,1.030e-19,,1.089e-19,1.357e-16,8.178e+2,2.691e+0,1.857e+2,,7.281e-5,5.695e-3,2.633e-11,4.024e-1,4.247e-17,1.806e-17,,8.162e-19,5.781e-17
387.47,2.011e+3,6.295e-21,1.584e-8,1.942e-27,2.044e-16,7.990e-34,,3.750e-8,2.533e-22,,2.770e-15,1.600e-3,1.539e-27,1.481e-17,5.154e-4,2.645e-31,,2.087e-9,,1.484e+0,1.890e-16,3.524e-34,4.292e+1,7.171e-16,4.792e-26,6.513e-3,1.336e-19,4.726e-2,1.453e-23,5.312e+2,8.945e-21,1.841e-27,4.162e-20,5.856e-23,1.231e-20,2.201e+1,3.586e-1,3.402e+2,,1.820e+1,4.149e-5,,6.813e+1,1.031e-19,,1.089e-19,1.339e-16,8.095e+2,2.321e+0,1.743e+2,,1.099e-4,4.219e-3,4.538e-11,4.985e-1,4.245e-17,1.807e-17,,8.143e-19,5.783e-17
387.5,1.960e+3,6.297e-21,1.675e-8,2.753e-27,2.631e-16,7.978e-34,,6.741e-8,2.535e-22,,2.771e-15,1.148e-3,1.533e-27,1.482e-17,3.218e-4,2.776e-31,,2.424e-9,,1.459e+0,1.894e-16,3.517e-34,4.188e+1,1.887e-15,4.794e-26,8.984e-3,1.336e-19,4.365e-2,1.454e-23,5.466e+2,8.952e-21,1.830e-27,4.164e-20,5.857e-23,1.231e-20,2.510e+1,4.185e-1,3.005e+2,,2.082e+1,7.179e-5,,7.428e+1,1.032e-19,,1.089e-19,1.311e-16,7.896e+2,1.840e+0,1.568e+2,,2.020e-4,2.665e-3,1.017e-10,6.810e-1,4.242e-17,1.808e-17,,8.115e-19,5.787e-17
387.52,1.924e+3,6.299e-21,1.729e-8,3.453e-27,3.104e-16,7.971e-34,,9.904e-8,2.537e-22,,2.771e-15,9.141e-4,1.529e-27,1.482e-17,2.335e-4,2.864e-31,,2.664e-9,,1.438e+0,1.898e-16,3.511e-34,4.151e+1,3.574e-15,4.795e-26,1.106e-2,1.337e-19,4.115e-2,1.454e-23,5.573e+2,8.957e-21,1.824e-27,4.165e-20,5.858e-23,1.231e-20,2.723e+1,4.609e-1,2.748e+2,,2.270e+1,1.028e-4,,7.861e+1,1.032e-19,,1.089e-19,1.293e-16,7.717e+2,1.566e+0,1.453e+2,,3.011e-4,1.949e-3,1.731e-10,8.332e-1,4.240e-17,1.809e-17,,8.097e-19,5.789e-17
387.55,1.866e+3,6.301e-21,1.796e-8,4.807e-27,3.952e-16,7.960e-34,,1.748e-7,2.539e-22,,2.772e-15,6.433e-4,1.523e-27,1.482e-17,1.430e-4,2.995e-31,,3.043e-9,,1.400e+0,1.903e-16,3.504e-34,4.153e+1,9.230e-15,4.797e-26,1.497e-2,1.337e-19,3.732e-2,1.455e-23,5.739e+2,8.965e-21,1.814e-27,4.167e-20,5.859e-23,1.231e-20,3.048e+1,5.277e-1,2.382e+2,,2.569e+1,1.745e-4,,8.541e+1,1.033e-19,,1.088e-19,1.266e-16,7.385e+2,1.219e+0,1.283e+2,,5.429e-4,1.207e-3,3.808e-10,1.117e+0,4.237e-17,1.810e-17,,8.069e-19,5.792e-17
387.57,1.827e+3,6.302e-21,1.832e-8,5.958e-27,4.619e-16,7.952e-34,,2.536e-7,2.540e-22,,2.772e-15,5.057e-4,1.519e-27,1.483e-17,1.025e-4,3.082e-31,,3.307e-9,,1.369e+0,1.906e-16,3.498e-34,4.200e+1,1.726e-14,4.799e-26,1.820e-2,1.337e-19,3.475e-2,1.456e-23,5.852e+2,8.970e-21,1.807e-27,4.169e-20,5.860e-23,1.231e-20,3.264e+1,5.739e-1,2.151e+2,,2.779e+1,2.468e-4,,9.011e+1,1.034e-19,,1.088e-19,1.248e-16,7.126e+2,1.024e+0,1.173e+2,,7.992e-4,8.720e-4,6.400e-10,1.350e+0,4.235e-17,1.811e-17,,8.050e-19,5.795e-17
387.6,1.768e+3,6.304e-21,1.870e-8,8.149e-27,5.787e-16,7.941e-34,,4.394e-7,2.542e-22,,2.773e-15,3.492e-4,1.513e-27,1.483e-17,6.155e-5,3.213e-31,,3.718e-9,,1.317e+0,1.911e-16,3.491e-34,4.350e+1,4.375e-14,4.801e-26,2.416e-2,1.337e-19,3.094e-2,1.457e-23,6.020e+2,8.978e-21,1.797e-27,4.171e-20,5.862e-23,1.231e-20,3.584e+1,6.447e-1,1.830e+2,,3.104e+1,4.111e-4,,9.733e+1,1.035e-19,,1.088e-19,1.220e-16,6.690e+2,7.816e-1,1.016e+2,,1.414e-3,5.302e-4,1.381e-9,1.777e+0,4.232e-17,1.813e-17,,8.022e-19,5.798e-17
387.62,1.729e+3,6.305e-21,1.884e-8,9.982e-27,6.686e-16,7.933e-34,,6.299e-7,2.544e-22,,2.774e-15,2.710e-4,1.509e-27,1.484e-17,4.354e-5,3.301e-31,,3.999e-9,,1.278e+0,1.914e-16,3.486e-34,4.510e+1,8.080e-14,4.802e-26,2.901e-2,1.338e-19,2.845e-2,1.457e-23,6.130e+2,8.983e-21,1.790e-27,4.172e-20,5.863e-23,1.231e-20,3.790e+1,6.923e-1,1.633e+2,,3.327e+1,5.741e-4,,1.022e+2,1.035e-19,,1.088e-19,1.202e-16,6.374e+2,6.485e-1,9.178e+1,,2.055e-3,3.783e-4,2.292e-9,2.121e+0,4.230e-17,1.813e-17,,8.003e-19,5.800e-17
387.65,1.671e+3,6.307e-21,1.889e-8,1.341e-26,8.228e-16,7.922e-34,,1.071e-6,2.546e-22,,2.774e-15,1.835e-4,1.504e-27,1.484e-17,2.565e-5,3.432e-31,,4.428e-9,,1.214e+0,1.919e-16,3.478e-34,4.852e+1,2.009e-13,4.804e-26,3.779e-2,1.338e-19,2.487e-2,1.458e-23,6.287e+2,8.990e-21,1.780e-27,4.174e-20,5.864e-23,1.231e-20,4.083e+1,7.630e-1,1.364e+2,,3.667e+1,9.383e-4,,1.096e+2,1.036e-19,,1.088e-19,1.175e-16,5.871e+2,4.855e-1,7.800e+1,,3.568e-3,2.262e-4,4.855e-9,2.739e+0,4.228e-17,1.815e-17,,7.975e-19,5.804e-17
387.67,1.634e+3,6.309e-21,1.881e-8,1.624e-26,9.391e-16,7.914e-34,,1.517e-6,2.547e-22,,2.775e-15,1.406e-4,1.500e-27,1.485e-17,1.792e-5,3.519e-31,,4.716e-9,,1.168e+0,1.922e-16,3.473e-34,5.155e+1,3.665e-13,4.805e-26,4.479e-2,1.338e-19,2.260e-2,1.459e-23,6.383e+2,8.995e-21,1.773e-27,4.176e-20,5.865e-23,1.231e-20,4.264e+1,8.090e-1,1.204e+2,,3.895e+1,1.294e-3,,1.144e+2,1.037e-19,,1.087e-19,1.157e-16,5.523e+2,3.978e-1,6.954e+1,,5.121e-3,1.601e-4,7.956e-9,3.229e+0,4.226e-17,1.816e-17,,7.956e-19,5.806e-17
387.7,1.580e+3,6.311e-21,1.853e-8,2.144e-26,1.135e-15,7.903e-34,,2.533e-6,2.549e-22,,2.776e-15,9.344e-5,1.494e-27,1.485e-17,1.036e-5,3.650e-31,,5.150e-9,,1.095e+0,1.927e-16,3.465e-34,5.730e+1,8.943e-13,4.807e-26,5.725e-2,1.338e-19,1.939e-2,1.460e-23,6.509e+2,9.003e-21,1.763e-27,4.178e-20,5.866e-23,1.231e-20,4.506e+1,8.748e-1,9.903e+1,,4.237e+1,2.075e-3,,1.215e+2,1.038e-19,,1.087e-19,1.129e-16,4.990e+2,2.921e-1,5.798e+1,,8.722e-3,9.567e-5,1.653e-8,4.094e+0,4.223e-17,1.817e-17,,7.928e-19,5.809e-17
387.72,1.545e+3,6.312e-21,1.824e-8,2.566e-26,1.279e-15,7.896e-34,,3.544e-6,2.551e-22,,2.776e-15,7.069e-5,1.490e-27,1.485e-17,7.140e-6,3.738e-31,,5.437e-9,,1.044e+0,1.930e-16,3.460e-34,6.201e+1,1.611e-12,4.808e-26,6.701e-2,1.339e-19,1.740e-2,1.460e-23,6.579e+2,9.008e-21,1.756e-27,4.179e-20,5.867e-23,1.231e-20,4.646e+1,9.158e-1,8.659e+1,,4.461e+1,2.825e-3,,1.261e+2,1.039e-19,,1.087e-19,1.111e-16,4.635e+2,2.363e-1,5.103e+1,,1.236e-2,6.885e-5,2.676e-8,4.766e+0,4.221e-17,1.818e-17,,7.910e-19,5.812e-17
387.74,1.512e+3,6.313e-21,1.787e-8,3.057e-26,1.434e-15,7.888e-34,,4.933e-6,2.552e-22,,2.777e-15,5.321e-5,1.486e-27,1.486e-17,4.898e-6,3.825e-31,,5.721e-9,,9.909e-1,1.933e-16,3.454e-34,6.743e+1,2.887e-12,4.810e-26,7.802e-2,1.339e-19,1.554e-2,1.461e-23,6.635e+2,9.013e-21,1.749e-27,4.181e-20,5.868e-23,1.231e-20,4.765e+1,9.538e-1,7.553e+1,,4.681e+1,3.826e-3,,1.305e+2,1.039e-19,,1.087e-19,1.093e-16,4.283e+2,1.901e-1,4.469e+1,,1.743e-2,5.109e-5,4.308e-8,5.521e+0,4.219e-17,1.818e-17,,7.891e-19,5.814e-17
387.77,1.465e+3,6.315e-21,1.717e-8,3.940e-26,1.688e-15,7.877e-34,,8.029e-6,2.554e-22,,2.777e-15,3.441e-5,1.480e-27,1.486e-17,2.756e-6,3.956e-31,,6.139e-9,,9.098e-1,1.938e-16,3.447e-34,7.697e+1,6.861e-12,4.811e-26,9.711e-2,1.339e-19,1.300e-2,1.462e-23,6.690e+2,9.020e-21,1.739e-27,4.183e-20,5.869e-23,1.231e-20,4.904e+1,1.004e+0,6.142e+1,,5.002e+1,5.976e-3,,1.367e+2,1.040e-19,,1.087e-19,1.066e-16,3.768e+2,1.359e-1,3.628e+1,,2.892e-2,3.702e-5,8.720e-8,6.820e+0,4.216e-17,1.820e-17,,7.863e-19,5.817e-17
387.79,1.436e+3,6.317e-21,1.663e-8,4.640e-26,1.870e-15,7.869e-34,,1.104e-5,2.556e-22,,2.778e-15,2.557e-5,1.476e-27,1.487e-17,1.866e-6,4.043e-31,,6.411e-9,,8.551e-1,1.941e-16,3.442e-34,8.428e+1,1.214e-11,4.813e-26,1.117e-1,1.339e-19,1.147e-2,1.463e-23,6.705e+2,9.025e-21,1.733e-27,4.184e-20,5.870e-23,1.231e-20,4.967e+1,1.033e+0,5.358e+1,,5.207e+1,7.993e-3,,1.404e+2,1.041e-19,,1.086e-19,1.047e-16,3.437e+2,1.080e-1,3.137e+1,,4.026e-2,3.431e-5,1.386e-7,7.803e+0,4.214e-17,1.821e-17,,7.844e-19,5.819e-17
387.82,1.394e+3,6.319e-21,1.570e-8,5.880e-26,2.159e-15,7.858e-34,,1.765e-5,2.558e-22,,2.779e-15,1.622e-5,1.470e-27,1.487e-17,1.030e-6,4.175e-31,,6.807e-9,,7.730e-1,1.946e-16,3.434e-34,9.663e+1,2.832e-11,4.815e-26,1.363e-1,1.340e-19,9.430e-3,1.463e-23,6.695e+2,9.033e-21,1.722e-27,4.186e-20,5.872e-23,1.231e-20,5.014e+1,1.067e+0,4.404e+1,,5.498e+1,1.225e-2,,1.454e+2,1.042e-19,,1.086e-19,1.020e-16,2.967e+2,7.576e-2,2.498e+1,,6.553e-2,3.930e-5,2.754e-7,9.462e+0,4.211e-17,1.822e-17,,7.816e-19,5.823e-17
387.84,1.368e+3,6.320e-21,1.503e-8,6.848e-26,2.362e-15,7.851e-34,,2.398e-5,2.559e-22,,2.779e-15,1.190e-5,1.466e-27,1.487e-17,6.887e-7,4.262e-31,,7.063e-9,,7.189e-1,1.949e-16,3.429e-34,1.058e+2,4.949e-11,4.816e-26,1.548e-1,1.340e-19,8.228e-3,1.464e-23,6.666e+2,9.038e-21,1.716e-27,4.188e-20,5.873e-23,1.231e-20,5.014e+1,1.083e+0,3.906e+1,,5.680e+1,1.618e-2,,1.482e+2,1.043e-19,,1.086e-19,1.002e-16,2.672e+2,5.943e-2,2.132e+1,,9.010e-2,4.915e-5,4.323e-7,1.069e+1,4.209e-17,1.823e-17,,7.797e-19,5.825e-17
387.87,1.331e+3,6.322e-21,1.396e-8,8.534e-26,2.678e-15,7.839e-34,,3.764e-5,2.561e-22,,2.780e-15,7.409e-6,1.461e-27,1.488e-17,3.729e-7,4.393e-31,,7.432e-9,,6.394e-1,1.954e-16,3.421e-34,1.207e+2,1.133e-10,4.818e-26,1.855e-1,1.340e-19,6.656e-3,1.465e-23,6.588e+2,9.046e-21,1.706e-27,4.190e-20,5.874e-23,1.231e-20,4.967e+1,1.098e+0,3.354e+1,,5.934e+1,2.432e-2,,1.516e+2,1.044e-19,,1.086e-19,9.746e-17,2.263e+2,4.089e-2,1.666e+1,,1.439e-1,7.645e-5,8.426e-7,1.273e+1,4.206e-17,1.824e-17,,7.769e-19,5.829e-17
387.89,1.309e+3,6.323e-21,1.322e-8,9.828e-26,2.893e-15,7.832e-34,,5.053e-5,2.563e-22,,2.780e-15,5.366e-6,1.457e-27,1.488e-17,2.461e-7,4.480e-31,,7.670e-9,,5.881e-1,1.957e-16,3.416e-34,1.315e+2,1.955e-10,4.819e-26,2.079e-1,1.340e-19,5.754e-3,1.466e-23,6.515e+2,9.051e-21,1.699e-27,4.191e-20,5.875e-23,1.231e-20,4.904e+1,1.100e+0,3.109e+1,,6.088e+1,3.172e-2,,1.533e+2,1.044e-19,,1.086e-19,9.564e-17,2.013e+2,3.167e-2,1.404e+1,,1.954e-1,1.059e-4,1.306e-6,1.421e+1,4.204e-17,1.825e-17,,7.751e-19,5.831e-17
387.92,1.278e+3,6.325e-21,1.207e-8,1.205e-25,3.219e-15,7.821e-34,,7.790e-5,2.565e-22,,2.781e-15,3.276e-6,1.451e-27,4.026e-17,1.307e-7,4.612e-31,,8.012e-9,,5.144e-1,1.962e-16,3.408e-34,1.485e+2,4.390e-10,4.821e-26,2.444e-1,1.341e-19,4.602e-3,1.466e-23,6.378e+2,9.058e-21,1.689e-27,4.193e-20,5.876e-23,1.231e-20,4.765e+1,1.094e+0,2.916e+1,,6.295e+1,4.680e-2,,1.548e+2,1.045e-19,,1.085e-19,9.291e-17,1.672e+2,2.138e-2,1.076e+1,,3.061e-1,1.749e-4,2.498e-6,1.661e+1,4.201e-17,1.826e-17,,7.722e-19,5.834e-17
387.94,1.259e+3,6.327e-21,1.131e-8,1.372e-25,3.435e-15,7.813e-34,,1.033e-4,2.566e-22,,2.782e-15,2.343e-6,1.447e-27,7.767e-17,8.519e-8,4.699e-31,,8.231e-9,,4.678e-1,1.965e-16,3.403e-34,1.604e+2,7.482e-10,4.822e-26,2.705e-1,1.341e-19,3.960e-3,1.467e-23,6.271e+2,9.063e-21,1.682e-27,4.195e-20,5.877e-23,1.231e-20,4.646e+1,1.083e+0,2.899e+1,,6.416e+1,6.027e-2,,1.552e+2,1.046e-19,,1.085e-19,9.109e-17,1.468e+2,1.634e-2,8.955e+0,,4.104e-1,2.443e-4,3.825e-6,1.832e+1,4.199e-17,1.827e-17,,7.704e-19,5.836e-17
387.97,1.233e+3,6.329e-21,1.016e-8,1.655e-25,3.751e-15,7.802e-34,,1.564e-4,2.568e-22,,2.782e-15,1.403e-6,1.441e-27,2.062e-16,4.438e-8,4.830e-31,,8.546e-9,,4.022e-1,1.970e-16,3.395e-34,1.788e+2,1.649e-9,4.824e-26,3.120e-1,1.341e-19,3.171e-3,1.468e-23,6.093e+2,9.071e-21,1.672e-27,4.197e-20,5.878e-23,1.231e-20,4.429e+1,1.057e+0,3.036e+1,,6.572e+1,8.724e-2,,1.547e+2,1.047e-19,,1.085e-19,8.836e-17,1.197e+2,1.082e-2,6.733e+0,,6.311e-1,4.011e-4,7.177e-6,2.103e+1,4.196e-17,1.828e-17,,7.676e-19,5.840e-17
387.99,1.218e+3,6.330e-21,9.416e-9,1.866e-25,3.954e-15,7.794e-34,,2.051e-4,2.570e-22,,2.783e-15,9.908e-7,1.437e-27,3.929e-16,2.855e-8,4.917e-31,,8.746e-9,,3.616e-1,1.974e-16,3.390e-34,1.911e+2,2.775e-9,4.826e-26,3.409e-1,1.341e-19,2.752e-3,1.469e-23,5.968e+2,9.076e-21,1.665e-27,4.198e-20,5.879e-23,1.231e-20,4.264e+1,1.033e+0,3.235e+1,,6.658e+1,1.109e-1,,1.536e+2,1.047e-19,,1.085e-19,8.654e-17,1.037e+2,8.170e-3,5.532e+0,,8.355e-1,5.552e-4,1.085e-5,2.292e+1,4.194e-17,1.829e-17,,7.657e-19,5.842e-17
388.02,1.199e+3,6.332e-21,8.334e-9,2.215e-25,4.240e-15,7.783e-34,,3.050e-4,2.572e-22,,2.784e-15,5.822e-7,1.431e-27,1.024e-15,1.459e-8,5.049e-31,,9.032e-9,,3.055e-1,1.978e-16,3.382e-34,2.096e+2,6.002e-9,4.828e-26,3.858e-1,1.342e-19,2.271e-3,1.469e-23,5.778e+2,9.083e-21,1.655e-27,4.200e-20,5.881e-23,1.231e-20,3.988e+1,9.884e-1,3.692e+1,,6.758e+1,1.576e-1,,1.510e+2,1.048e-19,,1.085e-19,8.381e-17,8.294e+1,5.308e-3,4.081e+0,,1.261e+0,8.962e-4,1.998e-5,2.585e+1,4.191e-17,1.830e-17,,7.629e-19,5.845e-17
388.04,1.188e+3,6.333e-21,7.644e-9,2.470e-25,4.416e-15,7.775e-34,,3.950e-4,2.573e-22,,2.784e-15,4.058e-7,1.427e-27,1.926e-15,9.269e-9,5.136e-31,,9.211e-9,,2.714e-1,1.982e-16,3.377e-34,2.216e+2,9.975e-9,4.829e-26,4.163e-1,1.342e-19,2.043e-3,1.470e-23,5.655e+2,9.088e-21,1.648e-27,4.202e-20,5.882e-23,1.231e-20,3.790e+1,9.538e-1,4.104e+1,,6.805e+1,1.979e-1,,1.487e+2,1.049e-19,,1.084e-19,8.199e-17,7.100e+1,3.956e-3,3.310e+0,,1.648e+0,1.226e-3,2.983e-5,2.784e+1,4.189e-17,1.831e-17,,7.610e-19,5.848e-17
388.07,1.177e+3,6.335e-21,6.665e-9,2.887e-25,4.650e-15,7.764e-34,,5.771e-4,2.575e-22,,2.785e-15,2.339e-7,1.421e-27,4.924e-15,4.647e-9,5.267e-31,,9.463e-9,,2.252e-1,1.986e-16,3.369e-34,2.389e+2,2.117e-8,4.831e-26,4.623e-1,1.342e-19,1.833e-3,1.471e-23,5.485e+2,9.096e-21,1.638e-27,4.204e-20,5.883e-23,1.231e-20,3.479e+1,8.956e-1,4.884e+1,,6.846e+1,2.758e-1,,1.442e+2,1.050e-19,,1.084e-19,2.224e-16,5.569e+1,2.521e-3,2.395e+0,,2.439e+0,1.942e-3,5.390e-5,3.084e+1,4.186e-17,1.832e-17,,7.582e-19,5.851e-17
388.09,1.172e+3,6.337e-21,6.054e-9,3.187e-25,4.784e-15,7.757e-34,,7.388e-4,2.577e-22,,2.786e-15,1.610e-7,1.418e-27,9.149e-15,2.914e-9,5.354e-31,,9.617e-9,,1.977e-1,1.990e-16,3.364e-34,2.497e+2,3.474e-8,4.832e-26,4.925e-1,1.342e-19,1.778e-3,1.472e-23,5.387e+2,9.101e-21,1.631e-27,4.205e-20,5.884e-23,1.231e-20,3.264e+1,8.534e-1,5.513e+1,,6.854e+1,3.419e-1,,1.406e+2,1.051e-19,,1.084e-19,4.300e-16,4.707e+1,1.855e-3,1.919e+0,,3.149e+0,2.622e-3,7.946e-5,3.284e+1,4.184e-17,1.833e-17,,7.563e-19,5.853e-17
388.11,1.170e+3,6.338e-21,5.478e-9,3.505e-25,4.899e-15,7.749e-34,,9.412e-4,2.578e-22,,2.786e-15,1.102e-7,1.414e-27,1.691e-14,1.818e-9,5.442e-31,,9.759e-9,,1.727e-1,1.993e-16,3.359e-34,2.597e+2,5.673e-8,4.833e-26,5.221e-1,1.342e-19,1.790e-3,1.472e-23,5.305e+2,9.106e-21,1.625e-27,4.206e-20,5.885e-23,1.231e-20,3.048e+1,8.090e-1,6.231e+1,,6.846e+1,4.217e-1,,1.366e+2,1.051e-19,,1.084e-19,8.271e-16,3.958e+1,1.358e-3,1.529e+0,,4.044e+0,3.523e-3,1.166e-4,3.480e+1,4.182e-17,1.834e-17,,7.545e-19,5.856e-17
388.14,1.172e+3,6.340e-21,4.683e-9,4.011e-25,5.031e-15,7.738e-34,,1.342e-3,2.580e-22,,2.787e-15,6.184e-8,1.408e-27,4.212e-14,8.872e-10,5.573e-31,,9.945e-9,,1.397e-1,1.998e-16,3.351e-34,2.730e+2,1.173e-7,4.835e-26,5.645e-1,1.343e-19,1.936e-3,1.473e-23,5.218e+2,9.114e-21,1.614e-27,4.208e-20,5.886e-23,1.231e-20,2.723e+1,7.396e-1,7.473e+1,,6.804e+1,5.724e-1,,1.301e+2,1.052e-19,,1.084e-19,2.186e-15,3.023e+1,8.426e-4,1.077e+0,,5.830e+0,5.436e-3,2.051e-4,3.764e+1,4.179e-17,1.835e-17,,7.517e-19,5.859e-17
388.16,1.177e+3,6.341e-21,4.200e-9,4.368e-25,5.092e-15,7.730e-34,,1.689e-3,2.582e-22,,2.787e-15,4.180e-8,1.404e-27,7.690e-14,5.464e-10,5.660e-31,,1.005e-8,,1.206e-1,2.001e-16,3.346e-34,2.806e+2,1.891e-7,4.837e-26,5.909e-1,1.343e-19,2.122e-3,1.474e-23,5.190e+2,9.119e-21,1.608e-27,4.210e-20,5.887e-23,1.231e-20,2.510e+1,6.923e-1,8.412e+1,,6.757e+1,6.972e-1,,1.254e+2,1.053e-19,,1.083e-19,4.152e-15,2.509e+1,6.090e-4,8.473e-1,,7.393e+0,7.212e-3,2.971e-4,3.944e+1,4.177e-17,1.836e-17,,7.498e-19,5.861e-17
388.19,1.190e+3,6.343e-21,3.543e-9,4.928e-25,5.139e-15,7.719e-34,,2.366e-3,2.584e-22,,2.788e-15,2.301e-8,1.398e-27,1.879e-13,2.616e-10,5.791e-31,,1.017e-8,,9.576e-2,2.006e-16,3.338e-34,2.896e+2,3.836e-7,4.838e-26,6.268e-1,1.343e-19,2.542e-3,1.475e-23,5.197e+2,9.126e-21,1.598e-27,4.212e-20,5.888e-23,1.231e-20,2.201e+1,6.210e-1,9.983e+1,,6.659e+1,9.285e-1,,1.180e+2,1.054e-19,,1.083e-19,1.077e-14,1.880e+1,3.707e-4,5.857e-1,,1.046e+1,1.092e-2,5.130e-4,4.197e+1,4.174e-17,1.837e-17,,7.470e-19,5.865e-17
388.21,1.203e+3,6.344e-21,3.150e-9,5.316e-25,5.140e-15,7.712e-34,,2.945e-3,2.585e-22,,2.789e-15,1.536e-8,1.394e-27,3.389e-13,1.591e-10,5.879e-31,,1.022e-8,,8.163e-2,2.009e-16,3.333e-34,2.941e+2,6.108e-7,4.840e-26,6.478e-1,1.343e-19,2.924e-3,1.475e-23,5.237e+2,9.131e-21,1.591e-27,4.213e-20,5.889e-23,1.231e-20,2.003e+1,5.739e-1,1.113e+2,,6.577e+1,1.117e+0,,1.129e+2,1.055e-19,,1.083e-19,2.020e-14,1.541e+1,2.645e-4,4.549e-1,,1.310e+1,1.431e-2,7.337e-4,4.351e+1,4.172e-17,1.838e-17,,7.451e-19,5.867e-17
388.24,1.228e+3,6.346e-21,2.625e-9,5.914e-25,5.099e-15,7.700e-34,,4.054e-3,2.587e-22,,2.789e-15,8.291e-9,1.388e-27,8.127e-13,7.470e-11,6.010e-31,,1.025e-8,,6.365e-2,2.014e-16,3.325e-34,2.981e+2,1.216e-6,4.842e-26,6.742e-1,1.344e-19,3.663e-3,1.476e-23,5.353e+2,9.139e-21,1.581e-27,4.215e-20,5.891e-23,1.231e-20,1.723e+1,5.051e-1,1.301e+2,,6.430e+1,1.459e+0,,1.053e+2,1.055e-19,,1.083e-19,5.141e-14,1.133e+1,1.579e-4,3.085e-1,,1.818e+1,2.125e-2,1.243e-3,4.556e+1,4.169e-17,1.839e-17,,7.423e-19,5.870e-17
388.26,1.250e+3,6.348e-21,2.315e-9,6.322e-25,5.044e-15,7.693e-34,,4.987e-3,2.589e-22,,2.790e-15,5.463e-9,1.384e-27,1.447e-12,4.484e-11,6.097e-31,,1.024e-8,,5.359e-2,2.017e-16,3.320e-34,2.990e+2,1.912e-6,4.843e-26,6.880e-1,1.344e-19,4.277e-3,1.477e-23,5.468e+2,9.144e-21,1.574e-27,4.217e-20,5.892e-23,1.231e-20,1.548e+1,4.609e-1,1.435e+2,,6.319e+1,1.733e+0,,1.004e+2,1.056e-19,,1.082e-19,9.524e-14,9.168e+0,1.113e-4,2.366e-1,,2.248e+1,2.749e-2,1.756e-3,4.674e+1,4.167e-17,1.840e-17,,7.404e-19,5.873e-17
388.29,1.289e+3,6.350e-21,1.907e-9,6.941e-25,4.921e-15,7.682e-34,,6.748e-3,2.591e-22,,2.791e-15,2.894e-9,1.378e-27,3.406e-12,2.066e-11,6.228e-31,,1.017e-8,,4.101e-2,2.022e-16,3.312e-34,2.976e+2,3.734e-6,4.845e-26,7.026e-1,1.344e-19,5.400e-3,1.478e-23,5.698e+2,9.152e-21,1.564e-27,4.219e-20,5.893e-23,1.231e-20,1.306e+1,3.980e-1,1.647e+2,,6.137e+1,2.222e+0,,9.336e+1,1.057e-19,,1.082e-19,2.379e-13,6.612e+0,6.518e-5,1.574e-1,,3.061e+1,4.008e-2,2.920e-3,4.822e+1,4.164e-17,1.842e-17,,7.376e-19,5.876e-17
388.31,1.319e+3,6.351e-21,1.669e-9,7.356e-25,4.815e-15,7.674e-34,,8.207e-3,2.592e-22,,2.791e-15,1.882e-9,1.374e-27,5.989e-12,1.224e-11,6.316e-31,,1.008e-8,,3.410e-2,2.025e-16,3.307e-34,2.948e+2,5.799e-6,4.846e-26,7.080e-1,1.344e-19,6.296e-3,1.478e-23,5.888e+2,9.157e-21,1.557e-27,4.220e-20,5.894e-23,1.231e-20,1.159e+1,3.586e-1,1.794e+2,,6.008e+1,2.606e+0,,8.901e+1,1.058e-19,,1.082e-19,4.352e-13,5.283e+0,4.534e-5,1.192e-1,,3.738e+1,5.120e-2,4.072e-3,4.898e+1,4.162e-17,1.842e-17,,7.358e-19,5.878e-17
388.34,1.371e+3,6.353e-21,1.359e-9,7.975e-25,4.622e-15,7.663e-34,,1.092e-2,2.594e-22,,2.792e-15,9.782e-10,1.369e-27,1.383e-11,5.532e-12,6.447e-31,,9.895e-9,,2.561e-2,2.030e-16,3.299e-34,2.882e+2,1.112e-5,4.848e-26,7.093e-1,1.345e-19,7.880e-3,1.479e-23,6.221e+2,9.164e-21,1.547e-27,4.222e-20,5.895e-23,1.231e-20,9.597e+0,3.037e-1,2.022e+2,,5.809e+1,3.278e+0,,8.318e+1,1.059e-19,,1.082e-19,1.067e-12,3.738e+0,2.605e-5,7.789e-2,,4.995e+1,7.323e-2,6.644e-3,4.981e+1,4.159e-17,1.844e-17,,7.330e-19,5.882e-17
388.36,1.410e+3,6.354e-21,1.181e-9,8.382e-25,4.475e-15,7.655e-34,,1.313e-2,2.596e-22,,2.792e-15,6.282e-10,1.365e-27,2.402e-11,3.237e-12,6.534e-31,,9.730e-9,,2.103e-2,2.033e-16,3.294e-34,2.821e+2,1.704e-5,4.849e-26,7.057e-1,1.345e-19,9.110e-3,1.480e-23,6.474e+2,9.169e-21,1.540e-27,4.224e-20,5.896e-23,1.231e-20,8.408e+0,2.702e-1,2.175e+2,,5.677e+1,3.796e+0,,7.985e+1,1.059e-19,,1.082e-19,1.927e-12,2.949e+0,1.789e-5,5.833e-2,,6.022e+1,9.238e-2,9.151e-3,5.014e+1,4.157e-17,1.845e-17,,7.311e-19,5.884e-17
388.39,1.475e+3,6.356e-21,9.517e-10,8.979e-25,4.230e-15,7.644e-34,,1.717e-2,2.598e-22,,2.793e-15,3.202e-10,1.359e-27,5.444e-11,1.435e-12,6.665e-31,,9.426e-9,,1.550e-2,2.038e-16,3.286e-34,2.708e+2,3.206e-5,4.851e-26,6.937e-1,1.345e-19,1.123e-2,1.481e-23,6.888e+2,9.177e-21,1.530e-27,4.226e-20,5.898e-23,1.231e-20,6.830e+0,2.246e-1,2.406e+2,,5.487e+1,4.686e+0,,7.585e+1,1.060e-19,,1.081e-19,4.637e-12,2.047e+0,1.009e-5,3.756e-2,,7.897e+1,1.297e-1,1.465e-2,5.031e+1,4.154e-17,1.846e-17,,7.283e-19,5.887e-17
388.41,1.522e+3,6.358e-21,8.213e-10,9.365e-25,4.054e-15,7.636e-34,,2.041e-2,2.599e-22,,2.794e-15,2.030e-10,1.355e-27,9.336e-11,8.289e-13,6.753e-31,,9.186e-9,,1.257e-2,2.041e-16,3.281e-34,2.620e+2,4.855e-5,4.853e-26,6.815e-1,1.345e-19,1.284e-2,1.481e-23,7.184e+2,9.182e-21,1.523e-27,4.227e-20,5.898e-23,1.231e-20,5.908e+0,1.973e-1,2.556e+2,,5.369e+1,5.358e+0,,7.392e+1,1.061e-19,,1.081e-19,8.273e-12,1.594e+0,6.839e-6,2.796e-2,,9.401e+1,1.615e-1,1.992e-2,5.022e+1,4.152e-17,1.847e-17,,7.264e-19,5.890e-17
388.44,1.597e+3,6.360e-21,6.549e-10,9.919e-25,3.776e-15,7.625e-34,,2.625e-2,2.601e-22,,2.794e-15,1.015e-10,1.349e-27,2.077e-10,3.604e-13,6.884e-31,,8.775e-9,,9.095e-3,2.046e-16,3.273e-34,2.470e+2,8.962e-5,4.855e-26,6.573e-1,1.346e-19,1.556e-2,1.482e-23,7.645e+2,9.189e-21,1.513e-27,4.229e-20,5.900e-23,1.231e-20,4.708e+0,1.608e-1,2.774e+2,,5.214e+1,6.489e+0,,7.226e+1,1.062e-19,,1.081e-19,1.953e-11,1.086e+0,3.782e-6,1.809e-2,,1.210e+2,2.224e-1,3.130e-2,4.978e+1,4.149e-17,1.848e-17,,7.236e-19,5.893e-17
388.46,1.651e+3,6.361e-21,5.612e-10,1.027e-24,3.585e-15,7.618e-34,,3.086e-2,2.603e-22,,2.795e-15,6.356e-11,1.345e-27,3.517e-10,2.056e-13,6.971e-31,,8.470e-9,,7.283e-3,2.049e-16,3.268e-34,2.362e+2,1.340e-4,4.856e-26,6.376e-1,1.346e-19,1.758e-2,1.483e-23,7.958e+2,9.194e-21,1.506e-27,4.231e-20,5.901e-23,1.231e-20,4.021e+0,1.395e-1,2.910e+2,,5.129e+1,7.327e+0,,7.203e+1,1.063e-19,,1.081e-19,3.441e-11,8.350e-1,2.532e-6,1.376e-2,,1.422e+2,2.736e-1,4.204e-2,4.930e+1,4.147e-17,1.849e-17,,7.217e-19,5.895e-17
388.48,1.707e+3,6.362e-21,4.796e-10,1.060e-24,3.391e-15,7.610e-34,,3.614e-2,2.604e-22,,2.795e-15,3.959e-11,1.341e-27,5.925e-10,1.166e-13,7.059e-31,,8.146e-9,,5.803e-3,2.053e-16,3.263e-34,2.248e+2,1.994e-4,4.857e-26,6.154e-1,1.346e-19,1.976e-2,1.483e-23,8.270e+2,9.199e-21,1.500e-27,4.232e-20,5.902e-23,1.231e-20,3.417e+0,1.204e-1,3.038e+2,,5.062e+1,8.231e+0,,7.254e+1,1.063e-19,,1.081e-19,6.033e-11,6.389e-1,1.686e-6,1.079e-2,,1.663e+2,3.348e-1,5.617e-2,4.868e+1,4.145e-17,1.850e-17,,7.199e-19,5.898e-17
388.51,1.795e+3,6.364e-21,3.770e-10,1.106e-24,3.098e-15,7.599e-34,,4.540e-2,2.606e-22,,2.796e-15,1.927e-11,1.335e-27,1.284e-9,4.937e-14,7.190e-31,,7.628e-9,,4.088e-3,2.057e-16,3.255e-34,2.069e+2,3.585e-4,4.859e-26,5.779e-1,1.346e-19,2.333e-2,1.484e-23,8.725e+2,9.207e-21,1.490e-27,4.234e-20,5.903e-23,1.231e-20,2.651e+0,9.558e-2,3.210e+2,,5.002e+1,9.707e+0,,7.474e+1,1.064e-19,,1.080e-19,1.387e-10,4.236e-1,9.078e-7,8.369e-3,,2.084e+2,4.490e-1,8.595e-2,4.752e+1,4.142e-17,1.851e-17,,7.171e-19,5.901e-17
388.53,1.856e+3,6.366e-21,3.199e-10,1.135e-24,2.905e-15,7.591e-34,,5.258e-2,2.608e-22,,2.797e-15,1.185e-11,1.331e-27,2.136e-9,2.765e-14,7.277e-31,,7.270e-9,,3.216e-3,2.061e-16,3.250e-34,1.947e+2,5.267e-4,4.860e-26,5.507e-1,1.347e-19,2.590e-2,1.485e-23,9.014e+2,9.212e-21,1.483e-27,4.236e-20,5.904e-23,1.231e-20,2.224e+0,8.143e-2,3.310e+2,,4.991e+1,1.077e+1,,7.717e+1,1.065e-19,,1.080e-19,2.402e-10,3.200e-1,5.970e-7,7.897e-3,,2.407e+2,5.426e-1,1.134e-1,4.661e+1,4.140e-17,1.852e-17,,7.152e-19,5.903e-17
388.56,1.950e+3,6.368e-21,2.488e-10,1.172e-24,2.620e-15,7.580e-34,,6.500e-2,2.610e-22,,2.797e-15,5.659e-12,1.326e-27,4.542e-9,1.148e-14,7.408e-31,,6.725e-9,,2.223e-3,2.065e-16,3.242e-34,1.763e+2,9.291e-4,4.862e-26,5.075e-1,1.347e-19,3.002e-2,1.486e-23,9.412e+2,9.220e-21,1.473e-27,4.238e-20,5.905e-23,1.231e-20,1.693e+0,6.345e-2,3.431e+2,,5.024e+1,1.246e+1,,8.229e+1,1.066e-19,,1.080e-19,5.420e-10,2.081e-1,3.153e-7,8.787e-3,,2.959e+2,7.141e-1,1.703e-1,4.505e+1,4.137e-17,1.853e-17,,7.124e-19,5.907e-17
388.58,2.014e+3,6.369e-21,2.096e-10,1.194e-24,2.437e-15,7.573e-34,,7.446e-2,2.611e-22,,2.798e-15,3.435e-12,1.322e-27,7.464e-9,6.350e-15,7.496e-31,,6.365e-9,,1.727e-3,2.069e-16,3.237e-34,1.641e+2,1.348e-3,4.864e-26,4.775e-1,1.347e-19,3.292e-2,1.486e-23,9.648e+2,9.225e-21,1.466e-27,4.239e-20,5.906e-23,1.231e-20,1.403e+0,5.339e-2,3.493e+2,,5.081e+1,1.365e+1,,8.667e+1,1.066e-19,,1.080e-19,9.267e-10,1.552e-1,2.047e-7,1.052e-2,,3.375e+2,8.522e-1,2.218e-1,4.391e+1,4.135e-17,1.854e-17,,7.105e-19,5.909e-17
388.61,2.111e+3,6.371e-21,1.612e-10,1.222e-24,2.172e-15,7.561e-34,,9.059e-2,2.613e-22,,2.799e-15,1.609e-12,1.316e-27,1.557e-8,2.586e-15,7.627e-31,,5.849e-9,,1.171e-3,2.074e-16,3.229e-34,1.463e+2,2.334e-3,4.865e-26,4.317e-1,1.347e-19,3.745e-2,1.487e-23,9.949e+2,9.232e-21,1.456e-27,4.241e-20,5.907e-23,1.231e-20,1.048e+0,4.083e-2,3.553e+2,,5.218e+1,1.550e+1,,9.462e+1,1.067e-19,,1.080e-19,2.052e-9,9.906e-2,1.061e-7,1.517e-2,,4.071e+2,1.100e+0,3.268e-1,4.207e+1,4.132e-17,1.855e-17,,7.077e-19,5.912e-17
388.63,2.176e+3,6.372e-21,1.348e-10,1.237e-24,2.005e-15,7.554e-34,,1.027e-1,2.615e-22,,2.799e-15,9.645e-13,1.312e-27,2.527e-8,1.412e-15,7.714e-31,,5.532e-9,,8.985e-4,2.077e-16,3.224e-34,1.348e+2,3.344e-3,4.867e-26,4.011e-1,1.348e-19,4.056e-2,1.488e-23,1.011e+3,9.237e-21,1.449e-27,4.242e-20,5.908e-23,1.231e-20,8.570e-1,3.395e-2,3.571e+2,,5.344e+1,1.676e+1,,1.008e+2,1.068e-19,,1.079e-19,3.465e-9,7.296e-2,6.798e-8,2.001e-2,,4.585e+2,1.297e+0,4.205e-1,4.077e+1,4.130e-17,1.856e-17,,7.058e-19,5.914e-17
388.66,2.274e+3,6.374e-21,1.024e-10,1.254e-24,1.767e-15,7.542e-34,,1.230e-1,2.617e-22,,2.800e-15,4.432e-13,1.306e-27,5.175e-8,5.642e-16,7.845e-31,,5.119e-9,,5.979e-4,2.082e-16,3.216e-34,1.185e+2,5.681e-3,4.869e-26,3.557e-1,1.348e-19,4.529e-2,1.489e-23,1.028e+3,9.245e-21,1.439e-27,4.245e-20,5.910e-23,1.231e-20,6.279e-1,2.552e-2,3.564e+2,,5.585e+1,1.868e+1,,1.113e+2,1.069e-19,,1.079e-19,7.532e-9,4.567e-2,3.455e-8,3.085e-2,,5.427e+2,1.643e+0,6.079e-1,3.873e+1,4.127e-17,1.857e-17,,7.030e-19,5.918e-17
388.68,2.338e+3,6.376e-21,8.497e-11,1.262e-24,1.619e-15,7.535e-34,,1.380e-1,2.618e-22,,2.800e-15,2.623e-13,1.302e-27,8.293e-8,3.041e-16,7.933e-31,,4.902e-9,,4.529e-4,2.085e-16,3.211e-34,1.082e+2,8.037e-3,4.870e-26,3.263e-1,1.348e-19,4.844e-2,1.489e-23,1.035e+3,9.250e-21,1.432e-27,4.246e-20,5.911e-23,1.231e-20,5.071e-1,2.100e-2,3.537e+2,,5.776e+1,1.995e+1,,1.190e+2,1.070e-19,,1.079e-19,1.256e-8,3.321e-2,2.186e-8,4.125e-2,,6.035e+2,1.912e+0,7.724e-1,3.732e+1,4.125e-17,1.858e-17,,7.011e-19,5.920e-17
388.71,2.433e+3,6.378e-21,6.378e-11,1.267e-24,1.413e-15,7.524e-34,,1.627e-1,2.621e-22,,2.801e-15,1.182e-13,1.296e-27,1.667e-7,1.192e-16,8.064e-31,,4.696e-9,,2.957e-4,2.090e-16,3.203e-34,9.399e+1,1.340e-2,4.872e-26,2.840e-1,1.348e-19,5.308e-2,1.490e-23,1.038e+3,9.257e-21,1.422e-27,4.248e-20,5.912e-23,1.231e-20,3.646e-1,1.560e-2,3.464e+2,,6.105e+1,2.181e+1,,1.315e+2,1.071e-19,,1.079e-19,2.679e-8,2.040e-2,1.090e-8,6.353e-2,,7.010e+2,2.377e+0,1.096e+0,3.516e+1,4.122e-17,1.859e-17,,6.983e-19,5.924e-17
388.73,2.494e+3,6.379e-21,5.246e-11,1.267e-24,1.286e-15,7.516e-34,,1.807e-1,2.622e-22,,2.802e-15,6.907e-14,1.292e-27,2.637e-7,6.343e-17,8.151e-31,,4.662e-9,,2.211e-4,2.093e-16,3.198e-34,8.527e+1,1.872e-2,4.873e-26,2.573e-1,1.349e-19,5.607e-2,1.491e-23,1.034e+3,9.262e-21,1.415e-27,4.249e-20,5.913e-23,1.231e-20,2.907e-1,1.278e-2,3.394e+2,,6.347e+1,2.300e+1,,1.403e+2,1.071e-19,,1.079e-19,4.411e-8,1.464e-2,6.812e-9,8.434e-2,,7.697e+2,2.731e+0,1.375e+0,3.369e+1,4.120e-17,1.860e-17,,6.965e-19,5.926e-17
388.76,2.583e+3,6.381e-21,3.886e-11,1.260e-24,1.111e-15,7.505e-34,,2.099e-1,2.624e-22,,2.802e-15,3.055e-14,1.286e-27,5.201e-7,2.439e-17,8.282e-31,,4.815e-9,,1.417e-4,2.098e-16,3.191e-34,7.342e+1,3.063e-2,4.875e-26,2.197e-1,1.349e-19,6.030e-2,1.492e-23,1.022e+3,9.270e-21,1.405e-27,4.251e-20,5.914e-23,1.231e-20,2.050e-1,9.529e-3,3.262e+2,,6.736e+1,2.467e+1,,1.540e+2,1.072e-19,,1.078e-19,9.233e-8,8.823e-3,3.332e-9,1.279e-1,,8.773e+2,3.332e+0,1.914e+0,3.147e+1,4.117e-17,1.861e-17,,6.937e-19,5.929e-17
388.78,2.638e+3,6.382e-21,3.167e-11,1.252e-24,1.004e-15,7.497e-34,,2.309e-1,2.625e-22,,2.803e-15,1.762e-14,1.283e-27,8.129e-7,1.281e-17,8.370e-31,,5.088e-9,,1.046e-4,2.101e-16,3.185e-34,6.634e+1,4.226e-2,4.876e-26,1.965e-1,1.349e-19,6.292e-2,1.492e-23,1.009e+3,9.275e-21,1.398e-27,4.253e-20,5.915e-23,1.231e-20,1.614e-1,7.917e-3,3.156e+2,,7.007e+1,2.569e+1,,1.633e+2,1.073e-19,,1.078e-19,1.501e-7,6.254e-3,2.055e-9,1.678e-1,,9.511e+2,3.780e+0,2.371e+0,2.998e+1,4.115e-17,1.862e-17,,6.918e-19,5.931e-17
388.81,2.716e+3,6.384e-21,2.314e-11,1.233e-24,8.592e-16,7.486e-34,,2.644e-1,2.628e-22,,2.804e-15,7.644e-15,1.277e-27,1.573e-6,4.832e-18,8.501e-31,,5.829e-9,,6.575e-5,2.106e-16,3.178e-34,5.694e+1,6.784e-2,4.878e-26,1.646e-1,1.349e-19,6.643e-2,1.493e-23,9.829e+2,9.283e-21,1.388e-27,4.255e-20,5.917e-23,1.231e-20,1.117e-1,6.204e-3,2.975e+2,,7.419e+1,2.704e+1,,1.774e+2,1.074e-19,,1.078e-19,3.084e-7,3.697e-3,9.863e-10,2.499e-1,,1.064e+3,4.525e+0,3.239e+0,2.775e+1,4.112e-17,1.863e-17,,6.890e-19,5.935e-17
388.83,2.764e+3,6.386e-21,1.868e-11,1.216e-24,7.718e-16,7.479e-34,,2.880e-1,2.629e-22,,2.804e-15,4.353e-15,1.273e-27,2.428e-6,2.506e-18,8.588e-31,,6.597e-9,,4.794e-5,2.109e-16,3.172e-34,5.148e+1,9.244e-2,4.880e-26,1.454e-1,1.350e-19,6.846e-2,1.494e-23,9.614e+2,9.288e-21,1.382e-27,4.256e-20,5.917e-23,1.231e-20,8.684e-2,5.478e-3,2.843e+2,,7.691e+1,2.780e+1,,1.867e+2,1.075e-19,,1.078e-19,4.953e-7,2.587e-3,6.007e-10,3.239e-1,,1.139e+3,5.069e+0,3.962e+0,2.627e+1,4.110e-17,1.864e-17,,6.871e-19,5.937e-17
388.86,2.827e+3,6.388e-21,1.345e-11,1.185e-24,6.538e-16,7.467e-34,,3.253e-1,2.631e-22,,2.805e-15,1.852e-15,1.267e-27,4.612e-6,9.273e-19,8.719e-31,,8.276e-9,,2.956e-5,2.114e-16,3.165e-34,4.443e+1,1.456e-1,4.882e-26,1.195e-1,1.350e-19,7.097e-2,1.495e-23,9.235e+2,9.295e-21,1.371e-27,4.258e-20,5.919e-23,1.231e-20,5.896e-2,4.947e-3,2.630e+2,,8.082e+1,2.871e+1,,2.001e+2,1.075e-19,,1.077e-19,9.986e-7,1.500e-3,2.828e-10,4.734e-1,,1.250e+3,5.955e+0,5.311e+0,2.407e+1,4.107e-17,1.866e-17,,6.843e-19,5.940e-17
388.88,2.863e+3,6.389e-21,1.075e-11,1.160e-24,5.833e-16,7.460e-34,,3.512e-1,2.633e-22,,2.805e-15,1.041e-15,1.263e-27,7.028e-6,4.748e-19,8.807e-31,,9.826e-9,,2.128e-5,2.117e-16,3.159e-34,4.046e+1,1.959e-1,4.883e-26,1.042e-1,1.350e-19,7.225e-2,1.495e-23,8.952e+2,9.300e-21,1.365e-27,4.260e-20,5.920e-23,1.231e-20,4.525e-2,4.948e-3,2.481e+2,,8.326e+1,2.915e+1,,2.085e+2,1.076e-19,,1.077e-19,1.584e-6,1.037e-3,1.700e-10,6.058e-1,,1.321e+3,6.587e+0,6.416e+0,2.263e+1,4.105e-17,1.866e-17,,6.824e-19,5.943e-17
388.9,2.894e+3,6.390e-21,8.561e-12,1.132e-24,5.191e-16,7.452e-34,,3.777e-1,2.634e-22,,2.806e-15,5.825e-16,1.259e-27,1.066e-5,2.419e-19,8.894e-31,,1.180e-8,,1.524e-5,2.120e-16,3.154e-34,3.705e+1,2.623e-1,9.483e-26,9.039e-2,1.350e-19,7.321e-2,1.496e-23,8.648e+2,9.305e-21,1.358e-27,4.261e-20,5.921e-23,1.231e-20,3.456e-2,5.232e-3,2.329e+2,,8.551e+1,2.945e+1,,2.165e+2,1.077e-19,,1.077e-19,2.499e-6,7.128e-4,1.017e-10,7.714e-1,,1.390e+3,7.251e+0,7.712e+0,2.122e+1,4.103e-17,1.867e-17,,6.806e-19,5.945e-17
388.93,2.929e+3,6.392e-21,6.033e-12,1.086e-24,4.336e-16,7.441e-34,,4.188e-1,2.636e-22,,2.807e-15,2.413e-16,1.253e-27,1.972e-5,2.415e-19,9.025e-31,,1.572e-8,,9.151e-6,2.125e-16,3.147e-34,3.292e+1,4.025e-1,2.543e-25,7.235e-2,1.351e-19,7.402e-2,1.497e-23,8.162e+2,9.313e-21,1.348e-27,4.263e-20,5.922e-23,1.231e-20,2.284e-2,6.214e-3,2.098e+2,,8.844e+1,2.961e+1,,2.273e+2,1.078e-19,,1.077e-19,4.907e-6,4.024e-4,4.661e-11,1.098e+0,,1.485e+3,8.294e+0,1.007e+1,1.915e+1,4.100e-17,1.868e-17,,6.778e-19,5.948e-17
388.95,2.944e+3,6.393e-21,4.753e-12,1.051e-24,3.832e-16,7.433e-34,,4.467e-1,2.637e-22,,2.807e-15,1.333e-16,1.249e-27,2.953e-5,2.412e-19,9.113e-31,,1.911e-8,,6.471e-6,2.128e-16,3.141e-34,3.078e+1,5.321e-1,4.878e-25,6.198e-2,1.351e-19,7.413e-2,1.497e-23,7.824e+2,9.318e-21,1.341e-27,4.265e-20,5.923e-23,1.231e-20,1.722e-2,7.272e-3,1.944e+2,,9.005e+1,2.954e+1,,2.335e+2,1.078e-19,,1.077e-19,7.647e-6,2.732e-4,2.753e-11,1.381e+0,,1.542e+3,9.015e+0,1.195e+1,1.781e+1,4.098e-17,1.869e-17,,6.759e-19,5.951e-17
388.98,2.955e+3,6.395e-21,3.296e-12,9.955e-25,3.169e-16,7.422e-34,,4.891e-1,2.640e-22,,2.808e-15,5.416e-17,1.243e-27,5.361e-5,2.407e-19,9.244e-31,,2.562e-8,,3.812e-6,2.133e-16,3.134e-34,2.841e+1,8.011e-1,1.284e-24,4.867e-2,1.351e-19,7.368e-2,1.498e-23,7.306e+2,9.325e-21,1.331e-27,4.267e-20,5.924e-23,1.231e-20,1.117e-2,9.557e-3,1.718e+2,,9.188e+1,2.915e+1,,2.414e+2,1.079e-19,,1.076e-19,1.474e-5,1.513e-4,1.238e-11,1.928e+0,,1.617e+3,1.012e+1,1.531e+1,1.588e+1,4.095e-17,1.871e-17,,6.731e-19,5.954e-17
389,2.953e+3,6.397e-21,2.569e-12,9.557e-25,2.783e-16,7.415e-34,,5.175e-1,2.641e-22,,2.808e-15,2.953e-17,1.240e-27,7.928e-5,2.404e-19,9.331e-31,,3.109e-8,,2.662e-6,2.136e-16,3.128e-34,2.736e+1,1.046e+0,2.432e-24,4.117e-2,1.351e-19,7.299e-2,1.499e-23,6.958e+2,9.331e-21,1.324e-27,4.268e-20,5.925e-23,1.231e-20,8.316e-3,1.162e-2,1.573e+2,,9.269e+1,2.871e+1,,2.455e+2,1.080e-19,,1.076e-19,2.268e-5,1.014e-4,7.218e-12,2.395e+0,,1.658e+3,1.086e+1,1.794e+1,1.466e+1,4.093e-17,1.871e-17,,6.712e-19,5.956e-17
389.03,2.937e+3,6.399e-21,1.752e-12,8.930e-25,2.280e-16,7.403e-34,,5.600e-1,2.643e-22,,2.809e-15,1.177e-17,1.234e-27,1.412e-4,2.399e-19,9.462e-31,,4.135e-8,,1.538e-6,2.141e-16,3.121e-34,2.651e+1,1.545e+0,6.281e-24,3.172e-2,1.352e-19,7.142e-2,1.500e-23,6.442e+2,9.338e-21,1.314e-27,4.270e-20,5.926e-23,1.231e-20,5.291e-3,1.568e-2,1.364e+2,,9.325e+1,2.780e+1,,2.498e+2,1.081e-19,,1.076e-19,4.289e-5,5.511e-5,3.183e-12,3.282e+0,,1.706e+3,1.196e+1,2.255e+1,1.291e+1,4.090e-17,1.873e-17,,6.684e-19,5.960e-17
389.05,2.917e+3,6.400e-21,1.350e-12,8.496e-25,1.992e-16,7.396e-34,,5.881e-1,2.645e-22,,2.810e-15,6.337e-18,1.230e-27,2.063e-4,2.396e-19,9.550e-31,,4.979e-8,,1.061e-6,2.144e-16,3.116e-34,2.638e+1,1.992e+0,1.175e-23,2.649e-2,1.352e-19,7.006e-2,1.500e-23,6.107e+2,9.343e-21,1.307e-27,4.272e-20,5.927e-23,1.231e-20,3.890e-3,1.914e-2,1.232e+2,,9.319e+1,2.704e+1,,2.514e+2,1.082e-19,,1.076e-19,6.518e-5,3.646e-5,1.833e-12,4.025e+0,,1.728e+3,1.268e+1,2.610e+1,1.181e+1,4.088e-17,1.873e-17,,6.665e-19,5.962e-17
389.08,2.874e+3,6.402e-21,9.057e-13,7.828e-25,1.623e-16,7.385e-34,,6.296e-1,2.647e-22,,2.810e-15,2.478e-18,1.224e-27,3.607e-4,2.392e-19,9.681e-31,,6.528e-8,,6.013e-7,2.149e-16,3.108e-34,2.678e+1,2.889e+0,2.979e-23,2.003e-2,1.352e-19,6.763e-2,1.501e-23,5.625e+2,9.351e-21,1.297e-27,4.274e-20,5.929e-23,1.231e-20,2.428e-3,2.571e-2,1.049e+2,,9.246e+1,2.569e+1,,2.519e+2,1.083e-19,,1.076e-19,1.210e-4,1.944e-5,7.930e-13,5.413e+0,,1.744e+3,1.370e+1,3.219e+1,1.027e+1,4.085e-17,1.875e-17,,6.637e-19,5.965e-17
389.1,2.836e+3,6.403e-21,6.901e-13,7.376e-25,1.416e-16,7.377e-34,,6.565e-1,2.648e-22,,2.811e-15,1.317e-18,1.220e-27,5.202e-4,2.389e-19,9.768e-31,,7.776e-8,,4.093e-7,2.153e-16,3.103e-34,2.742e+1,3.677e+0,5.504e-23,1.652e-2,1.352e-19,6.583e-2,1.502e-23,5.321e+2,9.356e-21,1.290e-27,4.275e-20,5.930e-23,1.231e-20,1.762e-3,3.116e-2,9.356e+1,,9.158e+1,2.467e+1,,2.509e+2,1.083e-19,,1.075e-19,1.816e-4,1.270e-5,4.508e-13,6.554e+0,,1.744e+3,1.434e+1,3.679e+1,9.318e+0,4.083e-17,1.876e-17,,6.619e-19,5.968e-17
389.13,2.767e+3,6.405e-21,4.550e-13,6.697e-25,1.158e-16,7.366e-34,,6.956e-1,2.650e-22,,2.812e-15,5.053e-19,1.214e-27,8.926e-4,2.384e-19,9.899e-31,,1.002e-7,,2.277e-7,2.157e-16,3.095e-34,2.885e+1,5.232e+0,1.369e-22,1.225e-2,1.353e-19,6.295e-2,1.503e-23,4.897e+2,9.363e-21,1.280e-27,4.277e-20,5.931e-23,1.231e-20,1.079e-3,4.124e-2,7.811e+1,,8.973e+1,2.300e+1,,2.476e+2,1.084e-19,,1.075e-19,3.307e-4,6.643e-6,1.913e-13,8.651e+0,,1.728e+3,1.520e+1,4.453e+1,8.007e+0,4.080e-17,1.877e-17,,6.590e-19,5.971e-17
389.15,2.714e+3,6.407e-21,3.427e-13,6.247e-25,1.020e-16,7.358e-34,,7.206e-1,2.652e-22,,2.812e-15,2.651e-19,1.210e-27,1.271e-3,2.381e-19,9.987e-31,,1.180e-7,,1.530e-7,2.161e-16,3.090e-34,3.009e+1,6.578e+0,2.499e-22,9.975e-3,1.353e-19,6.098e-2,1.503e-23,4.637e+2,9.368e-21,1.274e-27,4.279e-20,5.932e-23,2.401e-20,7.734e-4,4.944e-2,6.882e+1,,8.818e+1,2.181e+1,,2.442e+2,1.085e-19,,1.075e-19,4.901e-4,4.285e-6,1.074e-13,1.034e+1,,1.706e+3,1.571e+1,5.026e+1,7.212e+0,4.078e-17,1.878e-17,,6.572e-19,5.973e-17
389.18,2.624e+3,6.409e-21,2.220e-13,5.585e-25,8.567e-17,7.347e-34,,7.562e-1,2.654e-22,,2.813e-15,9.979e-20,1.204e-27,2.141e-3,2.377e-19,1.012e-30,,1.493e-7,,8.352e-8,2.165e-16,3.082e-34,3.232e+1,9.185e+0,6.102e-22,7.259e-3,1.353e-19,5.811e-2,1.504e-23,4.284e+2,9.376e-21,1.263e-27,4.281e-20,5.933e-23,6.479e-20,4.647e-4,6.432e-2,5.637e+1,,8.548e+1,1.995e+1,,2.376e+2,1.086e-19,,1.075e-19,8.761e-4,2.199e-6,4.471e-14,1.340e+1,,1.658e+3,1.635e+1,5.969e+1,6.136e+0,4.075e-17,1.879e-17,,6.544e-19,5.977e-17
389.2,2.559e+3,6.410e-21,1.652e-13,5.155e-25,7.765e-17,7.340e-34,,7.785e-1,2.655e-22,,2.813e-15,5.169e-20,1.200e-27,3.011e-3,2.374e-19,1.021e-30,,1.737e-7,,5.542e-8,2.169e-16,3.077e-34,3.400e+1,1.140e+1,1.100e-21,5.836e-3,1.353e-19,5.632e-2,1.505e-23,4.075e+2,9.381e-21,1.257e-27,4.282e-20,5.934e-23,1.248e-19,3.288e-4,7.618e-2,4.904e+1,,8.350e+1,1.868e+1,,2.322e+2,1.086e-19,,1.075e-19,1.282e-3,1.400e-6,2.477e-14,1.582e+1,,1.617e+3,1.668e+1,6.653e+1,5.495e+0,4.073e-17,1.880e-17,,6.525e-19,5.979e-17
389.23,2.454e+3,6.412e-21,1.052e-13,4.536e-25,6.966e-17,7.328e-34,,8.096e-1,2.657e-22,,2.814e-15,1.908e-20,1.195e-27,4.976e-3,2.369e-19,1.034e-30,,2.157e-7,,2.968e-8,2.174e-16,3.069e-34,3.676e+1,1.562e+1,2.636e-21,4.167e-3,1.354e-19,5.394e-2,1.506e-23,3.800e+2,9.389e-21,1.247e-27,4.284e-20,5.936e-23,3.304e-19,1.939e-4,9.731e-2,3.942e+1,,8.034e+1,1.676e+1,,2.228e+2,1.087e-19,,1.074e-19,2.250e-3,7.050e-7,1.012e-14,2.010e+1,,1.542e+3,1.703e+1,7.753e+1,4.647e+0,4.070e-17,1.881e-17,,6.497e-19,5.982e-17
389.25,2.382e+3,6.413e-21,7.736e-14,4.142e-25,6.693e-17,7.321e-34,,8.285e-1,2.659e-22,,2.815e-15,9.760e-21,1.191e-27,6.911e-3,2.366e-19,1.042e-30,,2.478e-7,,1.944e-8,2.177e-16,3.064e-34,3.872e+1,1.915e+1,4.691e-21,3.308e-3,1.354e-19,5.264e-2,1.506e-23,3.644e+2,9.394e-21,1.240e-27,4.286e-20,5.936e-23,6.285e-19,1.354e-4,1.139e-1,3.386e+1,,7.818e+1,1.550e+1,,2.159e+2,1.088e-19,,1.074e-19,3.252e-3,4.433e-7,5.535e-15,2.344e+1,,1.485e+3,1.716e+1,8.533e+1,4.153e+0,4.068e-17,1.882e-17,,6.478e-19,5.985e-17
389.27,2.308e+3,6.415e-21,5.663e-14,3.766e-25,6.625e-17,7.313e-34,,8.459e-1,2.660e-22,,2.815e-15,9.738e-21,1.187e-27,9.551e-3,2.363e-19,1.051e-30,,2.831e-7,,1.267e-8,2.180e-16,3.059e-34,4.072e+1,2.336e+1,8.306e-21,2.613e-3,1.354e-19,5.162e-2,1.507e-23,3.507e+2,9.399e-21,1.233e-27,4.287e-20,5.937e-23,1.190e-18,9.413e-5,1.326e-1,2.894e+1,,7.603e+1,1.426e+1,,2.085e+2,1.089e-19,,1.074e-19,4.677e-3,2.773e-7,3.013e-15,2.720e+1,,1.422e+3,1.721e+1,9.343e+1,3.713e+0,4.066e-17,1.883e-17,,6.459e-19,5.987e-17
389.3,2.196e+3,6.417e-21,3.515e-14,3.237e-25,6.906e-17,7.302e-34,,8.689e-1,2.662e-22,,2.816e-15,9.704e-21,1.181e-27,1.537e-2,2.359e-19,1.064e-30,,3.426e-7,,6.608e-9,2.185e-16,3.051e-34,4.376e+1,3.118e+1,1.939e-20,1.817e-3,1.354e-19,5.072e-2,1.508e-23,3.340e+2,9.406e-21,1.223e-27,4.289e-20,5.939e-23,3.069e-18,5.403e-5,1.651e-1,2.265e+1,,7.291e+1,1.246e+1,,1.968e+2,1.090e-19,,1.074e-19,7.991e-3,1.359e-7,1.198e-15,3.366e+1,,1.321e+3,1.711e+1,1.060e+2,3.149e+0,4.063e-17,1.884e-17,,6.431e-19,5.990e-17
389.32,2.122e+3,6.418e-21,2.542e-14,2.910e-25,7.351e-17,7.294e-34,,8.820e-1,2.664e-22,,2.816e-15,9.682e-21,1.177e-27,2.098e-2,2.356e-19,1.073e-30,,3.866e-7,,4.253e-9,2.188e-16,3.046e-34,4.577e+1,3.755e+1,3.392e-20,1.417e-3,1.354e-19,5.059e-2,1.508e-23,3.252e+2,9.411e-21,1.216e-27,4.290e-20,5.940e-23,5.736e-18,3.708e-5,1.898e-1,1.911e+1,,7.094e+1,1.132e+1,,1.887e+2,1.090e-19,,1.074e-19,1.135e-2,8.396e-8,6.437e-16,3.856e+1,,1.250e+3,1.694e+1,1.147e+2,2.831e+0,4.061e-17,1.885e-17,,6.413e-19,5.993e-17
389.35,2.016e+3,6.420e-21,1.549e-14,2.460e-25,8.419e-17,7.283e-34,,8.980e-1,2.666e-22,,2.817e-15,9.649e-21,1.171e-27,3.314e-2,2.351e-19,1.086e-30,,4.591e-7,,2.175e-9,2.193e-16,3.038e-34,4.866e+1,4.918e+1,7.772e-20,9.670e-4,1.355e-19,5.117e-2,1.509e-23,3.153e+2,9.419e-21,1.206e-27,4.292e-20,5.941e-23,1.452e-17,2.088e-5,2.321e-1,1.468e+1,,6.825e+1,9.707e+0,,1.765e+2,1.091e-19,,1.073e-19,1.903e-2,4.037e-8,2.511e-16,4.684e+1,,1.139e+3,1.652e+1,1.277e+2,2.435e+0,4.058e-17,1.886e-17,,6.385e-19,5.996e-17
389.37,1.948e+3,6.421e-21,1.107e-14,2.186e-25,9.408e-17,7.276e-34,,9.062e-1,2.667e-22,,2.818e-15,9.627e-21,1.167e-27,4.467e-2,2.348e-19,1.095e-30,,5.116e-7,,1.382e-9,2.196e-16,3.033e-34,5.047e+1,5.850e+1,1.342e-19,7.449e-4,1.355e-19,5.211e-2,1.510e-23,3.107e+2,9.424e-21,1.199e-27,4.294e-20,5.942e-23,2.681e-17,1.415e-5,2.637e-1,1.223e+1,,6.667e+1,8.707e+0,,1.684e+2,1.092e-19,,1.073e-19,2.669e-2,2.462e-8,1.332e-16,5.299e+1,,1.064e+3,1.615e+1,1.364e+2,2.219e+0,4.056e-17,1.887e-17,,6.366e-19,5.998e-17
389.4,1.854e+3,6.423e-21,6.625e-15,1.815e-25,1.133e-16,7.264e-34,,9.145e-1,2.669e-22,,2.818e-15,9.593e-21,1.161e-27,6.924e-2,2.344e-19,1.108e-30,,5.962e-7,,6.936e-10,2.201e-16,3.025e-34,5.293e+1,7.518e+1,3.019e-19,4.994e-4,1.355e-19,5.440e-2,1.511e-23,3.065e+2,9.431e-21,1.189e-27,4.296e-20,5.943e-23,6.662e-17,7.818e-6,3.165e-1,9.215e+0,,6.465e+1,7.327e+0,,1.565e+2,1.093e-19,,1.073e-19,4.393e-2,1.161e-8,5.099e-17,6.316e+1,,9.511e+2,1.546e+1,1.490e+2,1.957e+0,4.053e-17,1.888e-17,,6.338e-19,6.002e-17
389.42,1.798e+3,6.425e-21,4.676e-15,1.595e-25,1.291e-16,7.257e-34,,9.172e-1,2.671e-22,,2.819e-15,9.571e-21,1.157e-27,9.216e-2,2.341e-19,1.117e-30,,6.560e-7,,4.352e-10,2.204e-16,3.020e-34,5.437e+1,8.831e+1,5.150e-19,3.805e-4,1.355e-19,5.651e-2,1.511e-23,3.054e+2,9.436e-21,1.182e-27,4.297e-20,5.944e-23,1.215e-16,5.230e-6,3.553e-1,7.582e+0,,6.355e+1,6.489e+0,,1.488e+2,1.094e-19,,1.073e-19,6.085e-2,6.994e-9,2.671e-17,7.056e+1,,8.773e+2,1.493e+1,1.572e+2,1.819e+0,4.051e-17,1.889e-17,,6.319e-19,6.004e-17
389.45,1.723e+3,6.427e-21,2.747e-15,1.301e-25,1.578e-16,7.246e-34,,9.170e-1,2.673e-22,,2.820e-15,9.538e-21,1.151e-27,1.402e-1,2.336e-19,1.130e-30,,7.501e-7,,2.142e-10,2.209e-16,3.012e-34,5.616e+1,1.114e+2,1.137e-18,2.518e-4,1.356e-19,6.054e-2,1.512e-23,3.058e+2,9.444e-21,1.172e-27,4.299e-20,5.945e-23,2.962e-16,2.835e-6,4.189e-1,5.605e+0,,6.229e+1,5.358e+0,,1.379e+2,1.095e-19,,1.072e-19,9.827e-2,3.237e-9,1.003e-17,8.253e+1,,7.697e+2,1.402e+1,1.686e+2,1.657e+0,4.048e-17,1.890e-17,,6.291e-19,6.007e-17
389.47,1.680e+3,6.428e-21,1.916e-15,1.130e-25,1.803e-16,7.238e-34,,9.139e-1,2.674e-22,,2.820e-15,9.516e-21,1.148e-27,1.843e-1,2.333e-19,1.139e-30,,8.151e-7,,1.327e-10,2.212e-16,3.007e-34,5.709e+1,1.292e+2,1.915e-18,1.911e-4,1.356e-19,6.379e-2,1.513e-23,3.074e+2,9.449e-21,1.166e-27,4.301e-20,5.946e-23,5.334e-16,1.873e-6,4.648e-1,4.554e+0,,6.169e+1,4.686e+0,,1.311e+2,1.095e-19,,1.072e-19,1.344e-1,1.924e-9,5.185e-18,9.104e+1,,7.010e+2,1.337e+1,1.755e+2,1.575e+0,4.046e-17,1.891e-17,,6.272e-19,6.009e-17
389.5,1.628e+3,6.430e-21,1.105e-15,9.055e-26,2.193e-16,7.227e-34,,9.047e-1,2.676e-22,,2.821e-15,9.482e-21,1.142e-27,2.751e-1,2.328e-19,1.152e-30,,9.147e-7,,6.410e-11,2.217e-16,2.999e-34,5.803e+1,1.599e+2,4.148e-18,1.278e-4,1.356e-19,6.944e-2,1.514e-23,3.115e+2,9.457e-21,1.155e-27,4.303e-20,5.948e-23,1.277e-15,9.960e-7,5.383e-1,3.303e+0,,6.114e+1,3.796e+0,,1.218e+2,1.096e-19,,1.072e-19,2.130e-1,8.737e-10,1.910e-18,1.045e+2,,6.035e+2,1.232e+1,1.847e+2,1.482e+0,4.043e-17,1.892e-17,,6.244e-19,6.013e-17
389.52,1.601e+3,6.431e-21,7.610e-16,7.766e-26,2.489e-16,7.219e-34,,8.955e-1,2.678e-22,,2.821e-15,9.460e-21,1.138e-27,3.571e-1,2.325e-19,1.160e-30,,9.815e-7,,3.921e-11,2.220e-16,2.994e-34,5.836e+1,1.831e+2,6.901e-18,9.967e-5,1.356e-19,7.367e-2,1.514e-23,3.152e+2,9.462e-21,1.149e-27,4.304e-20,5.949e-23,2.271e-15,6.496e-7,5.902e-1,2.650e+0,,6.098e+1,3.278e+0,,1.161e+2,1.097e-19,,1.072e-19,2.878e-1,5.128e-10,9.750e-19,1.138e+2,,5.427e+2,1.160e+1,1.900e+2,1.436e+0,4.041e-17,1.893e-17,,6.226e-19,6.015e-17
389.55,1.574e+3,6.433e-21,4.309e-16,6.114e-26,2.988e-16,7.208e-34,,8.773e-1,2.680e-22,,2.822e-15,9.427e-21,1.132e-27,5.232e-1,2.321e-19,1.173e-30,,1.081e-6,,1.858e-11,2.225e-16,2.986e-34,5.837e+1,2.224e+2,1.467e-17,7.377e-5,1.357e-19,8.061e-2,1.515e-23,3.221e+2,9.469e-21,1.139e-27,4.306e-20,5.950e-23,5.335e-15,3.390e-7,6.718e-1,1.886e+0,,6.098e+1,2.606e+0,,1.086e+2,1.098e-19,,1.072e-19,4.476e-1,2.284e-10,9.689e-19,1.282e+2,,4.585e+2,1.049e+1,1.962e+2,1.385e+0,4.038e-17,1.894e-17,,6.198e-19,6.019e-17
389.57,1.565e+3,6.435e-21,2.931e-16,5.181e-26,3.357e-16,7.201e-34,,8.622e-1,2.681e-22,,2.823e-15,9.405e-21,1.128e-27,6.707e-1,2.318e-19,1.182e-30,,1.145e-6,,1.122e-11,2.228e-16,2.981e-34,5.807e+1,2.515e+2,2.411e-17,6.546e-5,1.357e-19,8.556e-2,1.516e-23,3.274e+2,9.474e-21,1.132e-27,4.308e-20,5.951e-23,9.370e-15,2.183e-7,7.282e-1,1.494e+0,,6.111e+1,2.222e+0,,1.043e+2,1.098e-19,,1.071e-19,5.972e-1,1.324e-10,9.648e-19,1.379e+2,,4.071e+2,9.749e+0,1.993e+2,1.359e+0,4.036e-17,1.895e-17,,6.179e-19,6.021e-17
389.6,1.562e+3,6.437e-21,1.629e-16,4.004e-26,3.965e-16,7.189e-34,,8.353e-1,2.683e-22,,2.823e-15,9.371e-21,1.122e-27,9.642e-1,2.313e-19,1.195e-30,,1.237e-6,,5.216e-12,2.233e-16,2.973e-34,5.716e+1,2.997e+2,5.031e-17,6.496e-5,1.357e-19,9.330e-2,1.517e-23,3.364e+2,9.482e-21,1.122e-27,4.310e-20,5.952e-23,2.161e-14,1.117e-7,8.148e-1,1.043e+0,,6.143e+1,1.733e+0,,9.880e+1,1.099e-19,,1.071e-19,9.115e-1,5.786e-11,9.587e-19,1.524e+2,,3.375e+2,8.652e+0,2.021e+2,1.328e+0,4.033e-17,1.897e-17,,6.151e-19,6.024e-17
389.62,1.568e+3,6.438e-21,1.095e-16,3.352e-26,4.404e-16,7.182e-34,,8.147e-1,2.685e-22,,2.824e-15,9.349e-21,1.118e-27,1.221e+0,2.310e-19,1.204e-30,,1.295e-6,,3.110e-12,2.236e-16,2.968e-34,5.627e+1,3.348e+2,8.164e-17,7.259e-5,1.357e-19,9.858e-2,1.517e-23,3.430e+2,9.487e-21,1.115e-27,4.311e-20,5.953e-23,3.748e-14,7.105e-8,8.733e-1,8.160e-1,,6.169e+1,1.459e+0,,9.577e+1,1.100e-19,,1.071e-19,1.201e+0,3.311e-11,9.546e-19,1.619e+2,,2.959e+2,7.941e+0,2.027e+2,1.309e+0,4.031e-17,1.897e-17,,6.132e-19,6.026e-17
389.64,1.580e+3,6.439e-21,7.322e-17,2.792e-26,4.868e-16,7.174e-34,,7.920e-1,2.686e-22,,2.824e-15,9.327e-21,1.114e-27,1.537e+0,2.307e-19,1.213e-30,,1.348e-6,,1.845e-12,2.240e-16,2.963e-34,5.517e+1,3.721e+2,1.318e-16,8.728e-5,1.358e-19,1.039e-1,1.518e-23,3.501e+2,9.492e-21,1.108e-27,4.313e-20,5.954e-23,6.469e-14,4.495e-8,9.319e-1,6.350e-1,,6.193e+1,1.222e+0,,9.324e+1,1.101e-19,,1.071e-19,1.574e+0,1.885e-11,9.505e-19,1.712e+2,,2.582e+2,7.251e+0,2.024e+2,1.291e+0,4.029e-17,1.898e-17,,6.113e-19,6.029e-17
389.67,1.607e+3,6.441e-21,3.973e-17,2.104e-26,5.605e-16,7.163e-34,,7.547e-1,2.688e-22,,2.825e-15,9.294e-21,1.108e-27,2.153e+0,2.303e-19,1.226e-30,,1.418e-6,,8.350e-13,2.244e-16,2.955e-34,5.315e+1,4.319e+2,2.680e-16,1.252e-4,1.358e-19,1.117e-1,1.519e-23,3.615e+2,9.499e-21,1.098e-27,4.315e-20,5.955e-23,1.453e-13,2.240e-8,1.019e+0,4.318e-1,,6.225e+1,9.285e-1,,9.034e+1,1.102e-19,,1.071e-19,2.340e+0,8.019e-12,9.443e-19,1.842e+2,,2.084e+2,6.267e+0,2.000e+2,1.262e+0,4.026e-17,1.900e-17,,6.085e-19,6.032e-17
389.69,1.631e+3,6.443e-21,2.634e-17,1.731e-26,6.120e-16,7.155e-34,,7.278e-1,2.690e-22,,2.826e-15,9.271e-21,1.105e-27,2.678e+0,2.300e-19,1.235e-30,,1.458e-6,,4.891e-13,2.248e-16,2.950e-34,5.160e+1,4.740e+2,4.273e-16,1.640e-4,1.358e-19,1.167e-1,1.520e-23,3.696e+2,9.505e-21,1.091e-27,4.316e-20,5.956e-23,2.477e-13,1.399e-8,1.076e+0,3.318e-1,,6.238e+1,7.680e-1,,8.895e+1,1.102e-19,,1.070e-19,3.030e+0,4.507e-12,9.402e-19,1.923e+2,,1.795e+2,5.651e+0,1.973e+2,1.240e+0,4.024e-17,1.900e-17,,6.067e-19,6.034e-17
389.72,1.675e+3,6.444e-21,1.432e-17,1.280e-26,6.917e-16,7.144e-34,,6.848e-1,2.692e-22,,2.827e-15,9.238e-21,1.099e-27,3.680e+0,2.295e-19,1.248e-30,,1.506e-6,,2.172e-13,2.253e-16,2.942e-34,4.902e+1,5.399e+2,8.525e-16,2.495e-4,1.358e-19,1.237e-1,1.520e-23,3.824e+2,9.512e-21,1.081e-27,4.318e-20,5.958e-23,5.461e-13,6.843e-9,1.158e+0,2.214e-1,,6.240e+1,5.724e-1,,8.760e+1,1.103e-19,,1.070e-19,4.421e+0,1.881e-12,9.341e-19,2.031e+2,,1.422e+2,4.792e+0,1.917e+2,1.202e+0,4.021e-17,1.902e-17,,6.038e-19,6.038e-17
389.74,1.709e+3,6.446e-21,9.781e-18,1.040e-26,7.458e-16,7.137e-34,,6.548e-1,2.693e-22,,2.827e-15,9.216e-21,1.095e-27,4.521e+0,2.292e-19,1.256e-30,,1.529e-6,,1.256e-13,2.256e-16,2.937e-34,4.716e+1,5.851e+2,1.343e-15,3.306e-4,1.359e-19,1.279e-1,1.521e-23,3.914e+2,9.517e-21,1.074e-27,4.320e-20,5.959e-23,9.193e-13,4.221e-9,1.210e+0,1.680e-1,,6.228e+1,4.675e-1,,8.714e+1,1.104e-19,,1.070e-19,5.652e+0,1.044e-12,9.300e-19,2.093e+2,,1.210e+2,4.267e+0,1.869e+2,1.173e+0,4.019e-17,1.902e-17,,6.020e-19,6.040e-17
389.77,1.764e+3,6.448e-21,6.324e-18,7.551e-27,8.273e-16,7.125e-34,,6.081e-1,2.695e-22,,2.828e-15,9.183e-21,1.089e-27,6.097e+0,2.288e-19,1.270e-30,,1.549e-6,,5.472e-14,2.261e-16,2.929e-34,4.423e+1,6.540e+2,2.629e-15,5.022e-4,1.359e-19,1.334e-1,1.522e-23,4.055e+2,9.525e-21,1.064e-27,4.322e-20,5.960e-23,1.989e-12,2.025e-9,1.282e+0,1.100e-1,,6.186e+1,3.419e-1,,8.698e+1,1.105e-19,,1.070e-19,8.093e+0,4.276e-13,9.239e-19,2.170e+2,,9.401e+1,3.551e+0,1.787e+2,1.122e+0,4.016e-17,1.904e-17,,5.992e-19,6.043e-17
389.79,1.803e+3,6.449e-21,5.752e-18,6.061e-27,8.810e-16,7.118e-34,,5.764e-1,2.697e-22,,2.828e-15,9.160e-21,1.085e-27,7.396e+0,2.285e-19,2.464e-30,,1.553e-6,,3.125e-14,2.264e-16,2.924e-34,4.222e+1,7.000e+2,4.089e-15,6.606e-4,1.359e-19,1.365e-1,1.523e-23,4.152e+2,9.530e-21,1.058e-27,4.323e-20,5.961e-23,3.308e-12,1.233e-9,1.327e+0,8.238e-2,,6.142e+1,2.758e-1,,8.718e+1,1.106e-19,,1.070e-19,1.022e+1,2.343e-13,9.198e-19,2.208e+2,,7.897e+1,3.122e+0,1.725e+2,1.084e+0,4.014e-17,1.905e-17,,5.973e-19,6.046e-17
389.82,1.863e+3,6.451e-21,7.487e-18,4.318e-27,9.590e-16,7.107e-34,,5.282e-1,2.699e-22,,2.829e-15,9.127e-21,1.079e-27,9.789e+0,2.280e-19,6.603e-30,,1.544e-6,,1.335e-14,2.269e-16,2.916e-34,3.916e+1,7.677e+2,7.858e-15,9.884e-4,1.359e-19,1.400e-1,1.523e-23,4.304e+2,9.537e-21,1.047e-27,4.325e-20,5.962e-23,7.025e-12,5.804e-10,1.386e+0,5.292e-2,,6.051e+1,1.979e-1,,8.779e+1,1.106e-19,,1.069e-19,1.436e+1,9.413e-14,9.136e-19,2.246e+2,,6.022e+1,2.549e+0,1.626e+2,1.022e+0,4.011e-17,1.906e-17,,5.945e-19,6.049e-17
389.84,1.904e+3,6.452e-21,1.093e-17,3.424e-27,1.008e-15,7.099e-34,,4.961e-1,2.700e-22,,2.830e-15,9.105e-21,1.075e-27,1.173e+1,2.277e-19,1.266e-29,,1.529e-6,,7.529e-15,2.272e-16,2.911e-34,3.713e+1,8.114e+2,1.207e-14,1.285e-3,1.360e-19,1.416e-1,1.524e-23,4.409e+2,9.542e-21,1.041e-27,4.326e-20,5.963e-23,1.154e-11,3.490e-10,1.421e+0,3.915e-2,,5.974e+1,1.576e-1,,8.835e+1,1.107e-19,,1.069e-19,1.790e+1,5.092e-14,9.095e-19,2.258e+2,,4.995e+1,2.213e+0,1.557e+2,9.770e-1,4.009e-17,1.907e-17,,5.926e-19,6.051e-17
389.87,1.965e+3,6.454e-21,2.186e-17,2.394e-27,1.077e-15,7.088e-34,,4.485e-1,2.702e-22,,2.830e-15,9.072e-21,1.069e-27,1.523e+1,2.273e-19,3.329e-29,,1.492e-6,,3.157e-15,2.277e-16,2.903e-34,3.413e+1,8.733e+2,2.276e-14,1.889e-3,1.360e-19,1.427e-1,1.525e-23,4.569e+2,9.550e-21,1.031e-27,4.329e-20,5.964e-23,2.405e-11,1.612e-10,1.465e+0,2.467e-2,,5.836e+1,1.109e-1,,8.931e+1,1.108e-19,,1.069e-19,2.469e+1,2.007e-14,9.034e-19,2.253e+2,,3.738e+1,1.773e+0,1.453e+2,9.053e-1,4.006e-17,1.908e-17,,5.898e-19,6.055e-17
389.89,2.004e+3,6.456e-21,3.568e-17,1.874e-27,1.119e-15,7.080e-34,,4.173e-1,2.704e-22,,2.831e-15,9.049e-21,1.065e-27,1.802e+1,2.269e-19,6.304e-29,,1.458e-6,,1.757e-15,2.280e-16,2.898e-34,3.220e+1,9.115e+2,3.453e-14,2.426e-3,1.360e-19,1.426e-1,1.526e-23,4.677e+2,9.555e-21,1.024e-27,4.330e-20,5.965e-23,3.900e-11,9.567e-11,1.488e+0,1.802e-2,,5.732e+1,8.724e-2,,8.996e+1,1.109e-19,,1.069e-19,3.039e+1,1.072e-14,8.993e-19,2.236e+2,,3.061e+1,1.520e+0,1.385e+2,8.555e-1,4.005e-17,1.909e-17,,5.879e-19,6.057e-17
389.92,2.061e+3,6.458e-21,7.481e-17,1.286e-27,1.173e-15,7.069e-34,,3.720e-1,2.706e-22,,2.832e-15,9.016e-21,1.060e-27,2.297e+1,2.265e-19,1.627e-28,,1.396e-6,,7.230e-16,2.285e-16,2.890e-34,2.940e+1,9.627e+2,6.393e-14,3.499e-3,1.360e-19,1.412e-1,1.526e-23,4.840e+2,9.563e-21,1.014e-27,4.332e-20,5.967e-23,7.978e-11,4.334e-11,1.515e+0,1.115e-2,,5.561e+1,6.027e-2,,9.088e+1,1.110e-19,,1.069e-19,4.114e+1,4.146e-15,8.932e-19,2.190e+2,,2.248e+1,1.195e+0,1.288e+2,7.787e-1,4.002e-17,1.910e-17,,5.851e-19,6.060e-17
389.94,2.097e+3,6.459e-21,1.222e-16,9.946e-28,1.203e-15,7.061e-34,,3.430e-1,2.707e-22,,2.832e-15,8.994e-21,1.056e-27,2.683e+1,2.262e-19,3.043e-28,,1.348e-6,,3.973e-16,2.288e-16,2.885e-34,2.763e+1,9.922e+2,9.578e-14,4.438e-3,1.361e-19,1.394e-1,1.527e-23,4.948e+2,9.568e-21,1.007e-27,4.333e-20,5.968e-23,1.278e-10,2.541e-11,1.527e+0,8.045e-3,,5.440e+1,4.680e-2,,9.139e+1,1.110e-19,,1.068e-19,5.002e+1,2.186e-15,8.891e-19,2.147e+2,,1.818e+1,1.012e+0,1.229e+2,7.270e-1,4.000e-17,1.911e-17,,5.833e-19,6.063e-17
389.97,2.147e+3,6.461e-21,2.530e-16,6.699e-28,1.237e-15,7.050e-34,,3.015e-1,2.709e-22,,2.833e-15,8.961e-21,1.050e-27,3.356e+1,2.257e-19,7.711e-28,,1.267e-6,,1.604e-16,2.293e-16,2.877e-34,2.513e+1,1.028e+3,1.740e-13,6.282e-3,1.361e-19,1.356e-1,1.528e-23,5.107e+2,9.575e-21,9.968e-28,4.335e-20,5.969e-23,2.566e-10,1.129e-11,1.537e+0,4.891e-3,,5.253e+1,3.172e-2,,9.196e+1,1.111e-19,,1.068e-19,6.644e+1,8.294e-16,8.829e-19,2.063e+2,,1.310e+1,7.806e-1,1.152e+2,6.498e-1,3.997e-17,1.912e-17,,5.805e-19,6.066e-17
389.99,2.177e+3,6.462e-21,4.086e-16,5.115e-28,1.253e-15,7.043e-34,,2.753e-1,2.711e-22,,2.833e-15,8.938e-21,1.046e-27,3.872e+1,2.254e-19,1.424e-27,,1.207e-6,,8.702e-17,2.296e-16,2.872e-34,2.357e+1,1.047e+3,2.575e-13,7.871e-3,1.361e-19,1.323e-1,1.529e-23,5.209e+2,9.580e-21,9.900e-28,4.337e-20,5.970e-23,4.059e-10,6.536e-12,1.537e+0,3.495e-3,,5.128e+1,2.432e-2,,9.216e+1,1.112e-19,,1.068e-19,7.977e+1,4.319e-16,8.788e-19,1.997e+2,,1.046e+1,6.525e-1,1.109e+2,5.992e-1,3.995e-17,1.913e-17,,5.786e-19,6.068e-17
390.01,2.206e+3,6.464e-21,6.567e-16,3.886e-28,1.262e-15,7.035e-34,,2.505e-1,2.712e-22,,2.834e-15,8.916e-21,1.042e-27,4.445e+1,2.251e-19,2.618e-27,,1.145e-6,,4.699e-17,2.299e-16,2.867e-34,2.209e+1,1.060e+3,3.791e-13,9.811e-3,1.361e-19,1.284e-1,1.529e-23,5.307e+2,9.585e-21,9.833e-28,4.338e-20,5.971e-23,6.388e-10,3.764e-12,1.534e+0,2.494e-3,,5.006e+1,1.856e-2,,9.223e+1,1.113e-19,,1.068e-19,9.531e+1,2.237e-16,8.747e-19,1.923e+2,,8.309e+0,5.426e-1,1.075e+2,5.499e-1,3.993e-17,1.914e-17,,5.767e-19,6.071e-17
390.04,2.245e+3,6.466e-21,1.326e-15,2.549e-28,1.265e-15,7.024e-34,,2.158e-1,2.714e-22,,2.835e-15,8.883e-21,1.036e-27,5.416e+1,2.247e-19,6.461e-27,,1.048e-6,,1.846e-17,2.304e-16,2.859e-34,2.003e+1,1.070e+3,6.709e-13,1.353e-2,1.362e-19,1.217e-1,1.530e-23,5.445e+2,9.593e-21,9.731e-28,4.340e-20,5.972e-23,1.250e-9,1.629e-12,1.520e+0,1.514e-3,,4.832e+1,1.225e-2,,9.203e+1,1.114e-19,,1.068e-19,1.233e+2,8.264e-17,8.686e-19,1.800e+2,,5.830e+0,4.077e-1,1.042e+2,4.788e-1,3.990e-17,1.915e-17,,5.739e-19,6.074e-17
390.06,2.269e+3,6.467e-21,2.105e-15,1.913e-28,1.258e-15,7.016e-34,,1.945e-1,2.716e-22,,2.835e-15,8.861e-21,1.032e-27,6.139e+1,2.244e-19,1.173e-26,,9.815e-7,,9.842e-18,2.307e-16,2.854e-34,1.877e+1,1.070e+3,9.755e-13,1.665e-2,1.362e-19,1.168e-1,1.531e-23,5.528e+2,9.598e-21,9.664e-28,4.342e-20,5.973e-23,1.943e-9,9.261e-13,1.506e+0,1.106e-3,,4.726e+1,9.227e-3,,9.170e+1,1.114e-19,,1.067e-19,1.455e+2,8.251e-17,8.645e-19,1.712e+2,,4.574e+0,3.348e-1,1.032e+2,4.340e-1,3.988e-17,1.916e-17,,5.720e-19,6.076e-17
390.09,2.302e+3,6.469e-21,4.172e-15,1.231e-28,1.237e-15,7.005e-34,,1.652e-1,2.718e-22,,2.836e-15,8.827e-21,1.026e-27,7.341e+1,2.239e-19,2.842e-26,,8.813e-7,,3.794e-18,2.312e-16,2.846e-34,1.702e+1,1.060e+3,1.694e-12,2.253e-2,1.362e-19,1.087e-1,1.532e-23,5.636e+2,9.605e-21,9.563e-28,4.344e-20,5.974e-23,3.730e-9,3.932e-13,1.478e+0,7.468e-4,,4.585e+1,5.976e-3,,9.094e+1,1.115e-19,,1.067e-19,1.847e+2,8.231e-17,8.584e-19,1.572e+2,,3.149e+0,2.468e-1,1.039e+2,3.709e-1,3.985e-17,1.917e-17,,5.692e-19,6.080e-17
390.11,2.323e+3,6.470e-21,6.542e-15,9.124e-29,1.215e-15,6.998e-34,,1.475e-1,2.719e-22,,2.836e-15,8.805e-21,1.022e-27,8.218e+1,2.236e-19,5.095e-26,,8.151e-7,,1.997e-18,2.315e-16,2.841e-34,1.594e+1,1.047e+3,2.433e-12,2.739e-2,1.362e-19,1.031e-1,1.532e-23,5.696e+2,9.610e-21,9.495e-28,4.345e-20,5.975e-23,5.726e-9,2.207e-13,1.455e+0,6.357e-4,,4.506e+1,4.445e-3,,9.028e+1,1.116e-19,,1.067e-19,2.152e+2,8.218e-17,8.543e-19,1.476e+2,,2.439e+0,2.002e-1,1.058e+2,3.319e-1,3.983e-17,1.918e-17,,5.674e-19,6.082e-17
390.14,2.354e+3,6.472e-21,1.273e-14,5.764e-29,1.173e-15,6.986e-34,,1.235e-1,2.721e-22,,2.837e-15,8.772e-21,1.016e-27,9.643e+1,2.232e-19,1.212e-25,,7.183e-7,,7.553e-19,2.320e-16,2.833e-34,1.445e+1,1.018e+3,4.148e-12,3.637e-2,1.363e-19,9.427e-2,1.533e-23,5.764e+2,9.618e-21,9.394e-28,4.347e-20,5.977e-23,1.079e-8,9.195e-14,1.415e+0,6.283e-4,,4.415e+1,2.825e-3,,8.909e+1,1.117e-19,,1.067e-19,2.682e+2,8.199e-17,8.481e-19,1.331e+2,,1.648e+0,1.448e-1,1.109e+2,2.784e-1,3.980e-17,1.919e-17,,5.646e-19,6.085e-17
390.16,2.375e+3,6.474e-21,1.972e-14,4.217e-29,1.138e-15,6.979e-34,,1.091e-1,2.723e-22,,2.838e-15,8.750e-21,1.013e-27,1.066e+2,2.229e-19,2.145e-25,,6.560e-7,,3.925e-19,2.324e-16,2.828e-34,1.354e+1,9.923e+2,5.882e-12,4.367e-2,1.363e-19,8.830e-2,1.534e-23,5.793e+2,9.623e-21,9.326e-28,4.349e-20,5.978e-23,1.636e-8,5.097e-14,1.384e+0,7.275e-4,,4.373e+1,2.075e-3,,8.821e+1,1.117e-19,,1.066e-19,3.086e+2,8.186e-17,8.441e-19,1.234e+2,,1.261e+0,1.159e-1,1.157e+2,2.461e-1,3.978e-17,1.920e-17,,5.627e-19,6.088e-17
390.19,2.407e+3,6.476e-21,3.767e-14,2.615e-29,1.077e-15,6.968e-34,,9.005e-2,2.725e-22,,2.838e-15,8.716e-21,1.007e-27,1.228e+2,2.224e-19,5.008e-25,,5.672e-7,,1.456e-19,2.328e-16,2.821e-34,1.227e+1,9.467e+2,9.842e-12,5.691e-2,1.363e-19,7.936e-2,1.535e-23,5.810e+2,9.631e-21,9.225e-28,4.351e-20,5.979e-23,3.026e-8,2.083e-14,1.333e+0,1.059e-3,,4.342e+1,1.294e-3,,8.682e+1,1.118e-19,,1.066e-19,3.773e+2,8.166e-17,8.379e-19,1.091e+2,,8.355e-1,8.230e-2,1.252e+2,2.026e-1,3.975e-17,1.921e-17,,5.599e-19,6.091e-17
390.21,2.431e+3,6.477e-21,5.764e-14,1.889e-29,1.032e-15,6.960e-34,,7.884e-2,2.726e-22,,2.839e-15,8.694e-21,1.003e-27,1.340e+2,2.221e-19,8.758e-25,,5.116e-7,,7.472e-20,2.332e-16,2.815e-34,1.149e+1,9.117e+2,1.378e-11,6.747e-2,1.363e-19,7.350e-2,1.535e-23,5.803e+2,9.636e-21,9.158e-28,4.352e-20,5.980e-23,4.531e-8,1.140e-14,1.296e+0,1.436e-3,,4.344e+1,9.383e-4,,8.589e+1,1.119e-19,,1.066e-19,4.288e+2,8.153e-17,8.338e-19,9.993e+1,,6.311e-1,6.508e-2,1.330e+2,1.768e-1,3.973e-17,1.922e-17,,5.580e-19,6.093e-17
390.24,2.470e+3,6.479e-21,1.081e-13,1.149e-29,9.590e-16,6.949e-34,,6.411e-2,2.729e-22,,2.840e-15,8.661e-21,9.969e-28,1.515e+2,2.217e-19,2.007e-24,,4.341e-7,,7.377e-20,2.336e-16,2.808e-34,1.041e+1,8.536e+2,2.264e-11,8.629e-2,1.364e-19,6.497e-2,1.536e-23,5.761e+2,9.643e-21,9.056e-28,4.354e-20,5.981e-23,8.224e-8,4.571e-15,1.236e+0,2.335e-3,,4.381e+1,5.741e-4,,8.457e+1,1.120e-19,,1.066e-19,5.145e+2,8.134e-17,8.277e-19,8.674e+1,,4.104e-1,4.533e-2,1.465e+2,1.429e-1,3.970e-17,1.923e-17,,5.552e-19,6.097e-17
390.26,2.499e+3,6.480e-21,1.634e-13,8.200e-30,9.073e-16,6.941e-34,,5.559e-2,2.730e-22,,2.840e-15,8.639e-21,9.930e-28,1.633e+2,2.214e-19,3.466e-24,,3.866e-7,,7.314e-20,2.340e-16,2.802e-34,9.747e+0,8.118e+2,3.131e-11,1.010e-1,1.364e-19,5.953e-2,1.537e-23,5.713e+2,9.648e-21,8.989e-28,4.356e-20,5.982e-23,1.216e-7,2.470e-15,1.194e+0,3.246e-3,,4.429e+1,4.112e-4,,8.377e+1,1.121e-19,,1.066e-19,5.774e+2,8.121e-17,8.236e-19,7.843e+1,,3.061e-1,3.539e-2,1.568e+2,1.232e-1,3.968e-17,1.924e-17,,5.533e-19,6.099e-17
390.29,2.547e+3,6.482e-21,3.008e-13,4.895e-30,8.272e-16,6.930e-34,,4.455e-2,2.732e-22,,2.841e-15,8.605e-21,9.872e-28,1.811e+2,2.209e-19,7.794e-24,,3.219e-7,,7.219e-20,2.344e-16,2.795e-34,8.829e+0,7.460e+2,5.046e-11,1.268e-1,1.364e-19,5.186e-2,1.538e-23,5.609e+2,9.656e-21,8.888e-28,4.358e-20,5.983e-23,2.167e-7,9.717e-16,1.128e+0,5.306e-3,,4.537e+1,2.469e-4,,8.277e+1,1.122e-19,,1.065e-19,6.800e+2,8.101e-17,8.174e-19,6.680e+1,,1.954e-1,2.419e-2,1.736e+2,9.781e-2,3.965e-17,1.926e-17,,5.505e-19,6.102e-17
390.31,2.583e+3,6.484e-21,4.492e-13,3.449e-30,7.729e-16,6.922e-34,,3.824e-2,2.733e-22,,2.841e-15,8.583e-21,9.832e-28,1.928e+2,2.206e-19,1.330e-23,,2.831e-7,,7.156e-20,2.348e-16,2.789e-34,8.271e+0,7.007e+2,6.894e-11,1.466e-1,1.364e-19,4.711e-2,1.538e-23,5.519e+2,9.661e-21,8.820e-28,4.359e-20,5.984e-23,3.165e-7,5.184e-16,1.082e+0,7.330e-3,,4.633e+1,1.747e-4,,8.227e+1,1.122e-19,,1.065e-19,7.536e+2,8.088e-17,8.134e-19,5.965e+1,,1.439e-1,1.865e-2,1.857e+2,8.341e-2,3.963e-17,1.926e-17,,5.486e-19,6.105e-17
390.34,2.642e+3,6.486e-21,8.120e-13,2.020e-30,6.915e-16,6.911e-34,,3.020e-2,2.736e-22,,2.842e-15,8.550e-21,9.774e-28,2.098e+2,2.201e-19,2.935e-23,,2.313e-7,,7.060e-20,2.353e-16,2.782e-34,7.513e+0,6.321e+2,1.090e-10,1.806e-1,1.365e-19,4.059e-2,1.539e-23,5.354e+2,9.668e-21,8.719e-28,4.361e-20,5.986e-23,5.534e-7,2.001e-16,1.011e+0,1.180e-2,,4.813e+1,1.030e-4,,8.180e+1,1.123e-19,,1.065e-19,8.709e+2,8.069e-17,8.072e-19,4.985e+1,,9.010e-2,1.251e-2,2.046e+2,6.523e-2,3.960e-17,1.928e-17,,5.458e-19,6.108e-17
390.36,2.684e+3,6.487e-21,1.198e-12,1.406e-30,6.381e-16,6.904e-34,,2.567e-2,2.737e-22,,2.843e-15,8.528e-21,9.735e-28,2.206e+2,2.198e-19,4.945e-23,,2.009e-7,,6.997e-20,2.356e-16,2.777e-34,7.063e+0,5.866e+2,1.471e-10,2.063e-1,1.365e-19,3.669e-2,1.540e-23,5.224e+2,9.673e-21,8.651e-28,4.363e-20,5.987e-23,7.983e-7,1.054e-16,9.623e-1,1.612e-2,,4.956e+1,7.212e-5,,8.169e+1,1.124e-19,,1.065e-19,9.531e+2,8.056e-17,8.031e-19,4.396e+1,,6.553e-2,9.521e-3,2.177e+2,5.520e-2,3.958e-17,1.929e-17,,5.440e-19,6.110e-17
390.38,2.729e+3,6.488e-21,1.758e-12,9.731e-31,5.858e-16,6.896e-34,,2.173e-2,2.738e-22,,2.843e-15,8.505e-21,9.695e-28,2.308e+2,2.195e-19,8.290e-23,,1.736e-7,,6.934e-20,2.359e-16,2.771e-34,6.659e+0,5.418e+2,1.975e-10,2.344e-1,1.365e-19,3.315e-2,1.540e-23,5.080e+2,9.678e-21,8.584e-28,4.364e-20,5.988e-23,1.146e-6,5.524e-17,9.135e-1,2.191e-2,,5.117e+1,5.037e-5,,8.177e+1,1.125e-19,,1.065e-19,1.038e+3,8.043e-17,7.990e-19,3.856e+1,,4.742e-2,7.212e-3,2.308e+2,4.667e-2,3.956e-17,1.929e-17,,5.421e-19,6.112e-17
390.41,2.799e+3,6.490e-21,3.098e-12,5.552e-31,5.104e-16,6.885e-34,,1.680e-2,2.741e-22,,2.844e-15,8.472e-21,9.637e-28,2.447e+2,2.191e-19,1.783e-22,,1.381e-7,,6.839e-20,2.364e-16,2.764e-34,6.145e+0,4.767e+2,3.043e-10,2.812e-1,1.365e-19,2.854e-2,1.541e-23,4.840e+2,9.686e-21,8.482e-28,4.366e-20,5.989e-23,1.952e-6,2.076e-17,8.397e-1,3.439e-2,,5.392e+1,2.953e-5,,8.222e+1,1.126e-19,,1.064e-19,1.168e+3,8.023e-17,7.929e-19,3.139e+1,,2.892e-2,4.710e-3,2.503e+2,3.645e-2,3.953e-17,1.931e-17,,5.393e-19,6.116e-17
390.43,2.847e+3,6.492e-21,4.491e-12,3.795e-31,4.627e-16,6.877e-34,,1.408e-2,2.742e-22,,2.844e-15,8.450e-21,9.598e-28,2.528e+2,2.188e-19,2.952e-22,,1.179e-7,,6.775e-20,2.367e-16,2.758e-34,5.869e+0,4.353e+2,4.035e-10,3.155e-1,1.365e-19,2.594e-2,1.542e-23,4.666e+2,9.691e-21,8.415e-28,4.367e-20,5.990e-23,2.767e-6,1.074e-17,7.905e-1,4.616e-2,,5.597e+1,2.100e-5,,8.274e+1,1.126e-19,,1.064e-19,1.256e+3,8.010e-17,7.888e-19,2.720e+1,,2.066e-2,3.523e-3,2.629e+2,3.122e-2,3.951e-17,1.931e-17,,5.374e-19,6.118e-17
390.46,2.919e+3,6.494e-21,7.771e-12,2.125e-31,3.957e-16,6.866e-34,,1.072e-2,2.744e-22,,2.845e-15,8.417e-21,9.539e-28,2.630e+2,2.183e-19,6.232e-22,,9.202e-8,,6.680e-20,2.372e-16,2.751e-34,5.560e+0,3.768e+2,6.102e-10,3.715e-1,1.366e-19,2.276e-2,1.543e-23,4.386e+2,9.699e-21,8.314e-28,4.370e-20,5.991e-23,4.626e-6,3.961e-18,7.175e-1,7.112e-2,,5.934e+1,1.355e-5,,8.384e+1,1.127e-19,,1.064e-19,1.388e+3,7.991e-17,7.827e-19,2.172e+1,,1.236e-2,2.258e-3,2.807e+2,2.556e-2,3.948e-17,1.933e-17,,5.346e-19,6.121e-17
390.48,2.966e+3,6.495e-21,1.113e-11,1.434e-31,3.543e-16,6.859e-34,,8.896e-3,2.745e-22,,2.846e-15,8.394e-21,9.500e-28,2.683e+2,2.180e-19,1.019e-21,,7.754e-8,,6.617e-20,2.375e-16,2.745e-34,5.430e+0,3.407e+2,7.989e-10,4.117e-1,1.366e-19,2.111e-2,1.543e-23,4.190e+2,9.704e-21,8.246e-28,4.371e-20,5.992e-23,6.476e-6,4.157e-18,6.696e-1,9.429e-2,,6.177e+1,1.119e-5,,8.478e+1,1.128e-19,,1.064e-19,1.474e+3,7.978e-17,7.786e-19,1.858e+1,,8.722e-3,1.668e-3,2.917e+2,2.320e-2,3.946e-17,1.934e-17,,5.327e-19,6.124e-17
390.51,3.031e+3,6.497e-21,1.891e-11,7.878e-32,2.973e-16,6.847e-34,,6.670e-3,2.748e-22,,2.846e-15,8.361e-21,9.441e-28,2.739e+2,2.176e-19,2.111e-21,,5.941e-8,,6.522e-20,2.380e-16,2.738e-34,5.357e+0,2.912e+2,1.186e-9,4.758e-1,1.366e-19,1.931e-2,1.544e-23,3.885e+2,9.711e-21,8.145e-28,4.373e-20,5.993e-23,1.063e-5,4.450e-18,5.994e-1,1.426e-1,,6.567e+1,1.075e-5,,8.644e+1,1.129e-19,,1.064e-19,1.598e+3,7.958e-17,7.724e-19,1.457e+1,,5.121e-3,1.049e-3,3.062e+2,2.180e-2,3.943e-17,1.935e-17,,5.299e-19,6.127e-17
390.53,3.071e+3,6.498e-21,2.676e-11,5.251e-32,2.628e-16,6.840e-34,,5.476e-3,2.749e-22,,2.847e-15,8.339e-21,9.402e-28,2.760e+2,2.173e-19,3.410e-21,,4.944e-8,,6.458e-20,2.383e-16,2.733e-34,5.396e+0,2.615e+2,1.533e-9,5.207e-1,1.366e-19,1.856e-2,1.545e-23,3.678e+2,9.716e-21,8.077e-28,4.374e-20,5.994e-23,1.469e-5,4.645e-18,5.542e-1,1.867e-1,,6.842e+1,1.245e-5,,8.770e+1,1.129e-19,,1.063e-19,1.676e+3,7.945e-17,7.683e-19,1.231e+1,,3.568e-3,7.647e-4,3.145e+2,2.237e-2,3.941e-17,1.936e-17,,5.281e-19,6.129e-17
390.56,3.122e+3,6.500e-21,4.465e-11,2.831e-32,2.165e-16,6.828e-34,,4.042e-3,2.751e-22,,2.848e-15,8.306e-21,9.343e-28,2.765e+2,2.168e-19,6.936e-21,,3.717e-8,,6.363e-20,2.388e-16,2.725e-34,5.593e+0,2.222e+2,2.234e-9,5.905e-1,1.367e-19,1.808e-2,1.546e-23,3.364e+2,9.724e-21,7.976e-28,4.376e-20,5.996e-23,2.367e-5,4.939e-18,4.890e-1,2.770e-1,,7.274e+1,1.849e-5,,8.979e+1,1.130e-19,,1.063e-19,1.783e+3,7.926e-17,7.622e-19,9.466e+0,,2.055e-3,4.718e-4,3.243e+2,2.578e-2,3.938e-17,1.937e-17,,5.253e-19,6.133e-17
390.58,3.149e+3,6.501e-21,6.243e-11,1.863e-32,1.890e-16,6.821e-34,,3.284e-3,2.753e-22,,2.848e-15,8.283e-21,9.304e-28,2.751e+2,2.165e-19,1.106e-20,,3.054e-8,,6.300e-20,2.391e-16,2.720e-34,5.821e+0,1.995e+2,2.853e-9,6.382e-1,1.367e-19,1.817e-2,1.546e-23,3.155e+2,9.729e-21,7.909e-28,4.378e-20,5.997e-23,3.232e-5,5.134e-18,4.476e-1,3.582e-1,,7.571e+1,2.556e-5,,9.127e+1,1.131e-19,,1.063e-19,1.847e+3,7.913e-17,7.581e-19,7.896e+0,,1.414e-3,3.398e-4,3.291e+2,3.004e-2,3.936e-17,1.938e-17,,5.234e-19,6.135e-17
390.61,3.176e+3,6.503e-21,1.023e-10,9.856e-33,1.529e-16,6.810e-34,,2.385e-3,2.755e-22,,2.849e-15,8.250e-21,9.246e-28,2.705e+2,2.161e-19,2.208e-20,,2.253e-8,,6.205e-20,2.396e-16,2.712e-34,6.315e+0,1.709e+2,4.078e-9,7.103e-1,1.367e-19,1.888e-2,1.547e-23,2.846e+2,9.736e-21,7.807e-28,4.380e-20,5.998e-23,5.109e-5,5.427e-18,3.890e-1,5.218e-1,,8.027e+1,4.282e-5,,9.360e+1,1.132e-19,,1.063e-19,1.929e+3,7.893e-17,7.520e-19,5.960e+0,,7.992e-4,2.057e-4,3.332e+2,4.009e-2,3.933e-17,1.939e-17,,5.206e-19,6.138e-17
390.63,3.184e+3,6.505e-21,1.413e-10,6.406e-33,1.319e-16,6.802e-34,,1.917e-3,2.756e-22,,2.849e-15,8.228e-21,9.206e-28,2.658e+2,2.158e-19,3.480e-20,,1.828e-8,,6.142e-20,2.399e-16,2.707e-34,6.748e+0,1.553e+2,5.144e-9,7.581e-1,1.367e-19,1.972e-2,1.548e-23,2.645e+2,9.742e-21,7.740e-28,4.381e-20,5.999e-23,6.889e-5,5.623e-18,3.524e-1,6.664e-1,,8.335e+1,6.072e-5,,9.519e+1,1.133e-19,,1.063e-19,1.973e+3,7.880e-17,7.479e-19,4.910e+0,,5.429e-4,1.463e-4,3.340e+2,4.979e-2,3.931e-17,1.940e-17,,5.187e-19,6.141e-17
390.66,3.182e+3,6.507e-21,2.274e-10,3.325e-33,1.048e-16,6.791e-34,,1.370e-3,2.758e-22,,2.850e-15,8.195e-21,9.148e-28,2.565e+2,2.153e-19,6.817e-20,,1.324e-8,,6.046e-20,2.404e-16,2.699e-34,7.556e+0,1.372e+2,7.218e-9,8.281e-1,1.368e-19,2.149e-2,1.549e-23,2.354e+2,9.749e-21,7.639e-28,4.383e-20,6.000e-23,1.069e-4,5.916e-18,3.014e-1,9.527e-1,,8.797e+1,1.022e-4,,9.761e+1,1.134e-19,,1.062e-19,2.022e+3,7.861e-17,7.417e-19,3.637e+0,,3.011e-4,8.692e-5,3.320e+2,7.010e-2,3.928e-17,1.941e-17,,5.159e-19,6.144e-17
390.68,3.169e+3,6.508e-21,3.103e-10,2.134e-33,8.945e-17,6.783e-34,,1.090e-3,2.760e-22,,2.851e-15,8.172e-21,9.109e-28,2.489e+2,2.150e-19,1.061e-19,,1.061e-8,,5.983e-20,2.407e-16,2.694e-34,8.202e+0,1.287e+2,8.991e-9,8.728e-1,1.368e-19,2.298e-2,1.549e-23,2.169e+2,9.754e-21,7.571e-28,4.385e-20,6.001e-23,1.424e-4,6.112e-18,2.701e-1,1.202e+0,,9.101e+1,1.440e-4,,9.922e+1,1.134e-19,,1.062e-19,2.042e+3,7.848e-17,7.376e-19,2.958e+0,,2.020e-4,6.104e-5,3.286e+2,8.842e-2,3.926e-17,1.942e-17,,5.140e-19,6.146e-17
390.71,3.133e+3,6.510e-21,4.904e-10,1.087e-33,7.006e-17,6.772e-34,,7.662e-4,2.762e-22,,2.851e-15,8.139e-21,9.050e-28,2.357e+2,2.146e-19,2.040e-19,,7.536e-9,,5.888e-20,6.493e-16,2.686e-34,9.329e+0,1.208e+2,1.238e-8,9.357e-1,1.368e-19,2.564e-2,1.550e-23,1.905e+2,9.762e-21,7.470e-28,4.387e-20,6.003e-23,2.168e-4,6.405e-18,2.272e-1,1.686e+0,,9.545e+1,2.386e-4,,1.016e+2,1.135e-19,,1.062e-19,2.054e+3,7.828e-17,7.315e-19,2.150e+0,,1.099e-4,3.558e-5,3.206e+2,1.251e-1,3.923e-17,1.943e-17,,5.112e-19,6.150e-17
390.73,3.097e+3,6.511e-21,6.613e-10,6.890e-34,5.933e-17,6.765e-34,,6.025e-4,2.763e-22,,2.852e-15,8.117e-21,9.011e-28,2.258e+2,2.143e-19,3.135e-19,,5.962e-9,,5.825e-20,1.250e-15,2.681e-34,1.018e+1,1.189e+2,1.523e-8,9.740e-1,1.368e-19,2.766e-2,1.551e-23,1.740e+2,9.767e-21,7.402e-28,4.388e-20,6.003e-23,2.852e-4,6.600e-18,2.013e-1,2.100e+0,,9.830e+1,3.323e-4,,1.031e+2,1.136e-19,,1.062e-19,2.048e+3,7.815e-17,7.274e-19,1.727e+0,,7.281e-5,2.467e-5,3.134e+2,1.573e-1,3.921e-17,1.944e-17,,5.094e-19,6.152e-17
390.76,3.028e+3,6.513e-21,1.026e-9,3.444e-34,4.619e-17,6.753e-34,,4.166e-4,2.765e-22,,2.853e-15,8.084e-21,8.952e-28,2.098e+2,2.138e-19,5.919e-19,,4.157e-9,,5.730e-20,3.310e-15,2.673e-34,1.161e+1,1.207e+2,2.059e-8,1.025e+0,1.369e-19,3.100e-2,1.552e-23,1.509e+2,9.774e-21,7.301e-28,4.390e-20,6.005e-23,4.262e-4,6.893e-18,1.665e-1,2.892e+0,,1.024e+2,5.408e-4,,1.053e+2,1.137e-19,,1.061e-19,2.022e+3,7.796e-17,7.213e-19,1.232e+0,,3.888e-5,1.411e-5,3.002e+2,2.200e-1,3.918e-17,1.945e-17,,5.065e-19,6.155e-17
390.78,2.972e+3,6.515e-21,1.368e-9,2.155e-34,3.919e-17,6.746e-34,,3.240e-4,2.767e-22,,2.853e-15,8.061e-21,8.913e-28,1.986e+2,2.135e-19,8.984e-19,,3.248e-9,,5.666e-20,6.295e-15,2.668e-34,1.266e+1,1.251e+2,2.501e-8,1.054e+0,1.369e-19,3.339e-2,1.552e-23,1.367e+2,9.779e-21,7.234e-28,4.392e-20,6.006e-23,5.537e-4,7.089e-18,1.459e-1,3.558e+0,,1.049e+2,7.438e-4,,1.067e+2,1.137e-19,,1.061e-19,1.991e+3,7.783e-17,7.172e-19,9.773e-1,,2.543e-5,9.663e-6,2.898e+2,2.738e-1,3.916e-17,1.946e-17,,5.047e-19,6.158e-17
390.8,2.908e+3,6.516e-21,1.814e-9,1.342e-34,3.346e-17,6.738e-34,,2.508e-4,2.768e-22,,2.854e-15,8.039e-21,8.874e-28,1.870e+2,2.132e-19,1.357e-18,,2.525e-9,,5.603e-20,1.191e-14,2.663e-34,1.377e+1,1.318e+2,3.024e-8,1.078e+0,1.369e-19,3.589e-2,1.553e-23,1.234e+2,9.784e-21,7.166e-28,4.393e-20,6.007e-23,7.157e-4,7.284e-18,1.272e-1,4.355e+0,,1.072e+2,1.018e-3,,1.080e+2,1.138e-19,,1.061e-19,1.952e+3,7.770e-17,7.131e-19,7.714e-1,,1.655e-5,6.584e-6,2.784e+2,3.391e-1,3.914e-17,1.947e-17,,5.028e-19,6.160e-17
390.83,2.801e+3,6.518e-21,2.746e-9,6.532e-35,2.701e-17,6.727e-34,,1.693e-4,2.770e-22,,2.854e-15,8.006e-21,8.815e-28,1.692e+2,2.127e-19,2.495e-18,,1.714e-9,,5.508e-20,3.073e-14,2.655e-34,1.556e+1,1.464e+2,3.981e-8,1.105e+0,1.369e-19,3.977e-2,1.554e-23,1.053e+2,9.792e-21,7.065e-28,4.395e-20,6.008e-23,1.042e-3,7.578e-18,1.027e-1,5.843e+0,,1.104e+2,1.614e-3,,1.098e+2,1.139e-19,,1.061e-19,1.876e+3,7.750e-17,7.069e-19,5.358e-1,,8.606e-6,3.667e-6,2.597e+2,4.633e-1,3.911e-17,1.948e-17,,5.000e-19,6.163e-17
390.85,2.722e+3,6.519e-21,3.598e-9,4.017e-35,2.402e-17,6.720e-34,,1.296e-4,2.772e-22,,2.855e-15,7.984e-21,8.776e-28,1.574e+2,2.124e-19,3.723e-18,,1.316e-9,,5.444e-20,5.744e-14,2.650e-34,1.681e+1,1.589e+2,4.753e-8,1.116e+0,1.370e-19,4.239e-2,1.554e-23,9.445e+1,9.797e-21,6.997e-28,4.397e-20,6.009e-23,1.330e-3,7.773e-18,8.853e-2,7.064e+0,,1.122e+2,2.182e-3,,1.108e+2,1.140e-19,,1.061e-19,1.816e+3,7.737e-17,7.028e-19,4.176e-1,,5.530e-6,2.467e-6,2.463e+2,5.670e-1,3.909e-17,1.949e-17,,4.981e-19,6.166e-17
390.88,2.597e+3,6.521e-21,5.351e-9,1.918e-35,2.136e-17,6.708e-34,,8.603e-5,2.774e-22,,2.856e-15,7.950e-21,8.717e-28,1.398e+2,2.120e-19,6.719e-18,,8.768e-10,,5.349e-20,1.455e-13,2.642e-34,1.877e+1,1.817e+2,6.142e-8,1.123e+0,1.370e-19,4.629e-2,1.555e-23,7.984e+1,9.805e-21,6.896e-28,4.399e-20,6.010e-23,1.901e-3,8.066e-18,7.021e-2,9.303e+0,,1.145e+2,3.396e-3,,1.122e+2,1.141e-19,,1.060e-19,1.713e+3,7.718e-17,6.967e-19,2.847e-1,,2.822e-6,1.348e-6,2.255e+2,7.605e-1,3.906e-17,1.950e-17,,4.953e-19,6.169e-17
390.9,2.510e+3,6.523e-21,6.929e-9,1.165e-35,2.075e-17,6.701e-34,,6.509e-5,2.775e-22,,2.856e-15,7.928e-21,8.678e-28,1.283e+2,2.117e-19,9.900e-18,,6.647e-10,,5.286e-20,2.685e-13,2.637e-34,2.011e+1,1.994e+2,7.242e-8,1.121e+0,1.370e-19,4.883e-2,1.556e-23,7.121e+1,9.810e-21,6.829e-28,4.400e-20,6.011e-23,2.397e-3,8.262e-18,5.980e-2,1.111e+1,,1.157e+2,4.533e-3,,1.130e+2,1.141e-19,,1.060e-19,1.638e+3,7.705e-17,6.926e-19,2.191e-1,,1.790e-6,8.958e-7,2.113e+2,9.193e-1,3.904e-17,1.951e-17,,4.934e-19,6.171e-17
390.93,2.377e+3,6.525e-21,1.012e-8,5.460e-36,2.155e-17,6.689e-34,,4.246e-5,2.777e-22,,2.857e-15,7.895e-21,8.620e-28,1.119e+2,2.112e-19,1.754e-17,,4.346e-10,,5.191e-20,6.675e-13,2.629e-34,2.215e+1,2.295e+2,9.185e-8,1.108e+0,1.370e-19,5.244e-2,1.557e-23,5.982e+1,9.817e-21,6.727e-28,4.402e-20,6.012e-23,3.362e-3,8.555e-18,4.657e-2,1.436e+1,,1.171e+2,6.926e-3,,1.138e+2,1.142e-19,,1.060e-19,1.516e+3,7.685e-17,6.865e-19,1.466e-1,,8.964e-7,4.804e-7,1.898e+2,1.210e+0,3.901e-17,1.952e-17,,4.906e-19,6.175e-17
390.95,2.289e+3,6.526e-21,1.295e-8,3.274e-36,2.325e-17,6.682e-34,,3.175e-5,2.779e-22,,2.857e-15,7.873e-21,8.580e-28,1.015e+2,2.109e-19,2.552e-17,,3.253e-10,,5.128e-20,1.217e-12,2.624e-34,2.351e+1,2.517e+2,1.070e-7,1.093e+0,1.371e-19,5.468e-2,1.557e-23,5.322e+1,9.822e-21,6.660e-28,4.404e-20,6.013e-23,4.186e-3,8.751e-18,3.919e-2,1.693e+1,,1.177e+2,9.132e-3,,1.142e+2,1.143e-19,,1.060e-19,1.431e+3,7.672e-17,6.824e-19,1.114e-1,,5.616e-7,3.151e-7,1.756e+2,1.445e+0,3.899e-17,1.953e-17,,4.888e-19,6.177e-17
390.98,2.157e+3,6.528e-21,1.859e-8,1.506e-36,2.767e-17,6.671e-34,,2.035e-5,2.781e-22,,2.858e-15,7.839e-21,8.522e-28,8.679e+1,2.105e-19,4.439e-17,,2.087e-10,,5.033e-20,2.970e-12,2.616e-34,2.552e+1,2.878e+2,1.331e-7,1.061e+0,1.371e-19,5.770e-2,1.558e-23,4.472e+1,9.830e-21,6.559e-28,4.406e-20,6.015e-23,5.763e-3,9.044e-18,2.998e-2,2.148e+1,,1.181e+2,1.370e-2,,1.145e+2,1.144e-19,,1.060e-19,1.301e+3,7.653e-17,6.762e-19,7.311e-2,,2.759e-7,1.658e-7,1.548e+2,1.868e+0,3.896e-17,1.955e-17,,4.860e-19,6.180e-17
391,2.073e+3,6.529e-21,2.352e-8,8.914e-37,3.195e-17,6.663e-34,,1.504e-5,2.782e-22,,2.859e-15,7.817e-21,8.483e-28,7.772e+1,2.102e-19,6.379e-17,,1.543e-10,,4.969e-20,5.350e-12,2.611e-34,2.682e+1,3.135e+2,1.531e-7,1.035e+0,1.371e-19,5.945e-2,1.559e-23,3.992e+1,9.835e-21,6.491e-28,4.407e-20,6.016e-23,7.087e-3,9.239e-18,2.492e-2,2.503e+1,,1.181e+2,1.783e-2,,1.144e+2,1.145e-19,,1.059e-19,1.212e+3,7.640e-17,6.721e-19,5.487e-2,,1.707e-7,1.074e-7,1.414e+2,2.202e+0,3.894e-17,1.955e-17,,4.841e-19,6.183e-17
391.03,1.952e+3,6.531e-21,3.316e-8,4.023e-37,4.063e-17,6.652e-34,,9.472e-6,2.784e-22,,2.859e-15,7.784e-21,8.424e-28,6.524e+1,2.097e-19,1.089e-16,,9.713e-11,,4.874e-20,1.281e-11,2.603e-34,2.870e+1,3.538e+2,1.871e-7,9.888e-1,1.371e-19,6.160e-2,1.560e-23,3.393e+1,9.842e-21,6.390e-28,4.409e-20,6.017e-23,9.576e-3,9.533e-18,1.871e-2,3.117e+1,,1.176e+2,2.625e-2,,1.139e+2,1.146e-19,,1.059e-19,1.081e+3,7.620e-17,6.660e-19,3.534e-2,,8.229e-8,5.547e-8,1.224e+2,2.793e+0,3.891e-17,1.957e-17,,4.813e-19,6.186e-17
391.05,1.876e+3,6.533e-21,4.145e-8,2.352e-37,4.808e-17,6.644e-34,,6.918e-6,2.786e-22,,2.860e-15,7.762e-21,8.385e-28,5.770e+1,2.094e-19,1.546e-16,,7.091e-11,,4.811e-20,2.280e-11,2.598e-34,2.987e+1,3.815e+2,2.125e-7,9.542e-1,1.372e-19,6.270e-2,1.560e-23,3.070e+1,9.847e-21,6.322e-28,4.410e-20,6.018e-23,1.163e-2,9.728e-18,1.537e-2,3.586e+1,,1.169e+2,3.376e-2,,1.133e+2,1.146e-19,,1.059e-19,9.953e+2,7.607e-17,6.619e-19,2.619e-2,,5.027e-8,3.548e-8,1.104e+2,3.253e+0,3.889e-17,1.958e-17,,4.794e-19,6.188e-17
391.08,1.771e+3,6.535e-21,5.743e-8,1.042e-37,6.212e-17,6.633e-34,,4.279e-6,2.788e-22,,2.861e-15,7.728e-21,8.326e-28,4.754e+1,2.090e-19,2.590e-16,,4.381e-11,,4.716e-20,5.360e-11,2.590e-34,3.149e+1,4.237e+2,2.547e-7,8.985e-1,1.372e-19,6.380e-2,1.561e-23,2.690e+1,9.855e-21,6.221e-28,4.413e-20,6.019e-23,1.542e-2,1.002e-17,1.133e-2,4.385e+1,,1.155e+2,4.878e-2,,1.120e+2,1.147e-19,,1.059e-19,8.709e+2,7.588e-17,6.558e-19,1.656e-2,,2.378e-8,1.798e-8,9.376e+1,4.049e+0,3.886e-17,1.959e-17,,4.766e-19,6.192e-17
391.1,1.707e+3,6.536e-21,7.096e-8,6.014e-38,7.362e-17,6.626e-34,,3.088e-6,2.789e-22,,2.861e-15,7.706e-21,8.287e-28,4.151e+1,2.087e-19,3.630e-16,,3.158e-11,,4.652e-20,9.418e-11,2.585e-34,3.247e+1,4.517e+2,2.857e-7,8.597e-1,1.372e-19,6.415e-2,1.562e-23,2.503e+1,9.860e-21,6.154e-28,4.414e-20,6.020e-23,1.850e-2,1.022e-17,9.190e-3,4.984e+1,,1.144e+2,6.197e-2,,1.109e+2,1.148e-19,,1.059e-19,7.918e+2,7.575e-17,6.517e-19,1.212e-2,,1.434e-8,1.135e-8,8.355e+1,4.657e+0,3.884e-17,1.960e-17,,4.747e-19,6.194e-17
391.13,1.620e+3,6.538e-21,9.662e-8,2.613e-38,9.451e-17,6.614e-34,,1.876e-6,2.791e-22,,2.862e-15,7.673e-21,8.228e-28,3.356e+1,2.082e-19,5.970e-16,,1.915e-11,,4.557e-20,2.174e-10,2.577e-34,3.374e+1,4.929e+2,3.363e-7,8.009e-1,1.372e-19,6.410e-2,1.563e-23,2.315e+1,9.868e-21,6.052e-28,4.416e-20,6.022e-23,2.408e-2,1.051e-17,6.652e-3,5.984e+1,,1.122e+2,8.790e-2,,1.087e+2,1.149e-19,,1.058e-19,6.800e+2,7.555e-17,6.455e-19,7.515e-3,,6.658e-9,5.646e-9,6.962e+1,5.690e+0,3.881e-17,1.961e-17,,4.719e-19,6.197e-17
391.15,1.569e+3,6.539e-21,1.180e-7,1.490e-38,1.111e-16,6.607e-34,,1.338e-6,2.793e-22,,2.862e-15,7.651e-21,8.189e-28,2.895e+1,2.079e-19,8.267e-16,,1.364e-11,,4.494e-20,3.773e-10,2.572e-34,3.445e+1,5.192e+2,3.725e-7,7.623e-1,1.373e-19,6.368e-2,1.563e-23,2.249e+1,9.873e-21,5.985e-28,4.417e-20,6.022e-23,2.852e-2,1.071e-17,5.329e-3,6.718e+1,,1.106e+2,1.103e-1,,1.070e+2,1.149e-19,,1.058e-19,6.105e+2,7.542e-17,6.414e-19,5.432e-3,,3.966e-9,3.521e-9,6.126e+1,6.463e+0,3.879e-17,1.962e-17,,4.701e-19,6.200e-17
391.17,1.523e+3,6.541e-21,1.434e-7,8.451e-39,1.302e-16,6.599e-34,,9.491e-7,2.794e-22,,2.863e-15,7.629e-21,8.150e-28,2.484e+1,2.076e-19,1.139e-15,,9.665e-12,,4.430e-20,6.515e-10,2.567e-34,3.505e+1,5.443e+2,4.106e-7,7.250e-1,1.373e-19,6.297e-2,1.564e-23,2.227e+1,9.878e-21,5.917e-28,4.419e-20,6.023e-23,3.362e-2,1.090e-17,4.249e-3,7.507e+1,,1.089e+2,1.377e-1,,1.051e+2,1.150e-19,,1.058e-19,5.454e+2,7.529e-17,6.373e-19,3.906e-3,,2.350e-9,2.185e-9,5.364e+1,7.304e+0,3.877e-17,1.963e-17,,4.682e-19,6.202e-17
391.2,1.462e+3,6.543e-21,1.906e-7,3.576e-39,1.636e-16,6.588e-34,,5.622e-7,2.796e-22,,2.864e-15,7.595e-21,8.091e-28,1.956e+1,2.072e-19,1.825e-15,,5.723e-12,,4.335e-20,1.465e-9,2.559e-34,3.571e+1,5.788e+2,4.707e-7,6.733e-1,1.373e-19,6.137e-2,1.565e-23,2.275e+1,9.885e-21,5.816e-28,4.421e-20,6.025e-23,4.263e-2,1.119e-17,2.997e-3,8.786e+1,,1.059e+2,1.903e-1,,1.019e+2,1.151e-19,,1.058e-19,4.562e+2,7.510e-17,6.312e-19,2.359e-3,,1.062e-9,1.058e-9,4.353e+1,8.694e+0,3.874e-17,1.964e-17,,4.654e-19,6.205e-17
391.22,1.427e+3,6.544e-21,2.290e-7,2.003e-39,1.894e-16,6.580e-34,,3.941e-7,2.798e-22,,2.864e-15,7.573e-21,8.052e-28,1.658e+1,2.069e-19,2.483e-15,,4.020e-12,,4.272e-20,2.499e-9,2.554e-34,3.600e+1,5.994e+2,5.124e-7,6.424e-1,1.373e-19,5.998e-2,1.565e-23,2.359e+1,9.890e-21,5.749e-28,4.422e-20,6.026e-23,4.963e-2,1.139e-17,2.361e-3,9.700e+1,,1.039e+2,2.347e-1,,9.958e+1,1.152e-19,,1.058e-19,4.025e+2,7.497e-17,6.271e-19,1.675e-3,,6.217e-10,6.482e-10,3.764e+1,9.704e+0,3.872e-17,1.965e-17,,4.635e-19,6.207e-17
391.25,1.381e+3,6.546e-21,2.991e-7,8.319e-40,2.339e-16,6.569e-34,,2.292e-7,2.800e-22,,2.865e-15,7.540e-21,7.994e-28,1.281e+1,2.064e-19,3.905e-15,,2.369e-12,,4.177e-20,5.517e-9,2.546e-34,3.618e+1,6.257e+2,5.765e-7,6.034e-1,1.374e-19,5.748e-2,1.566e-23,2.560e+1,9.898e-21,5.647e-28,4.424e-20,6.027e-23,6.177e-2,1.168e-17,1.636e-3,1.115e+2,,1.006e+2,3.185e-1,,9.576e+1,1.153e-19,,1.057e-19,3.304e+2,7.477e-17,6.210e-19,9.931e-4,,2.757e-10,3.080e-10,2.998e+1,1.134e+1,3.869e-17,1.966e-17,,4.607e-19,6.211e-17
391.27,1.354e+3,6.547e-21,3.552e-7,4.601e-40,2.675e-16,6.562e-34,,1.587e-7,2.801e-22,,2.865e-15,7.518e-21,7.954e-28,1.072e+1,2.061e-19,5.248e-15,,1.679e-12,,4.114e-20,9.296e-9,2.541e-34,3.614e+1,6.399e+2,6.198e-7,5.830e-1,1.374e-19,5.557e-2,1.567e-23,2.744e+1,9.903e-21,5.580e-28,4.426e-20,6.028e-23,7.102e-2,1.188e-17,1.275e-3,1.217e+2,,9.835e+1,3.880e-1,,9.307e+1,1.153e-19,,1.057e-19,2.878e+2,7.464e-17,6.169e-19,6.964e-4,,1.593e-10,1.863e-10,2.560e+1,1.250e+1,3.867e-17,1.967e-17,,4.588e-19,6.213e-17
391.3,1.319e+3,6.549e-21,4.560e-7,1.875e-40,3.243e-16,6.550e-34,,9.062e-8,2.803e-22,,2.866e-15,7.484e-21,7.896e-28,8.131e+0,2.056e-19,8.101e-15,,1.047e-12,,4.019e-20,2.014e-8,2.533e-34,3.584e+1,6.556e+2,6.844e-7,5.622e-1,1.374e-19,5.244e-2,1.568e-23,3.091e+1,9.910e-21,5.479e-28,4.428e-20,6.029e-23,8.674e-2,1.217e-17,8.727e-4,1.375e+2,,9.491e+1,5.169e-1,,8.887e+1,1.154e-19,,1.057e-19,2.319e+2,7.445e-17,6.107e-19,4.051e-4,,6.933e-11,8.687e-11,2.001e+1,1.433e+1,3.864e-17,1.968e-17,,4.560e-19,6.216e-17
391.32,1.298e+3,6.550e-21,5.354e-7,1.024e-40,3.664e-16,6.543e-34,,6.199e-8,2.805e-22,,2.867e-15,7.462e-21,7.857e-28,6.719e+0,2.053e-19,1.075e-14,,8.131e-13,,3.955e-20,3.352e-8,2.528e-34,3.549e+1,6.622e+2,7.266e-7,5.556e-1,1.374e-19,5.021e-2,1.568e-23,3.370e+1,9.916e-21,5.411e-28,4.429e-20,6.030e-23,9.849e-2,1.237e-17,6.773e-4,1.483e+2,,9.260e+1,6.221e-1,,8.600e+1,1.155e-19,,1.057e-19,1.995e+2,7.432e-17,6.066e-19,2.805e-4,,3.956e-11,5.191e-11,1.687e+1,1.560e+1,3.862e-17,1.969e-17,,4.542e-19,6.219e-17
391.35,1.269e+3,6.552e-21,6.755e-7,4.095e-41,4.360e-16,6.532e-34,,3.475e-8,2.807e-22,,2.867e-15,7.429e-21,7.798e-28,5.001e+0,2.049e-19,1.629e-14,,6.617e-13,,3.860e-20,7.130e-8,2.520e-34,3.475e+1,6.659e+2,7.876e-7,5.574e-1,1.375e-19,4.677e-2,1.569e-23,3.858e+1,9.923e-21,5.310e-28,4.431e-20,6.031e-23,1.181e-1,1.266e-17,4.672e-4,1.646e+2,,8.916e+1,8.139e-1,,8.167e+1,1.156e-19,,1.056e-19,1.577e+2,7.412e-17,6.005e-19,1.601e-4,,1.689e-11,2.376e-11,1.294e+1,1.756e+1,3.859e-17,1.970e-17,,4.513e-19,6.222e-17
391.37,1.251e+3,6.554e-21,7.841e-7,2.209e-41,4.865e-16,6.524e-34,,2.348e-8,2.808e-22,,2.868e-15,7.407e-21,7.759e-28,4.082e+0,2.046e-19,2.136e-14,,6.675e-13,,3.797e-20,1.172e-7,2.515e-34,3.412e+1,6.642e+2,8.258e-7,5.669e-1,1.375e-19,4.446e-2,1.570e-23,4.230e+1,9.928e-21,5.242e-28,4.433e-20,6.032e-23,1.324e-1,1.286e-17,3.714e-4,1.756e+2,,8.692e+1,9.678e-1,,7.881e+1,1.157e-19,,1.056e-19,1.340e+2,7.399e-17,5.964e-19,1.095e-4,,9.518e-12,1.403e-11,1.078e+1,1.888e+1,3.857e-17,1.971e-17,,4.495e-19,6.224e-17
391.4,1.225e+3,6.556e-21,9.724e-7,8.667e-42,5.682e-16,6.513e-34,,1.292e-8,2.810e-22,,2.869e-15,7.373e-21,7.700e-28,2.981e+0,2.041e-19,3.176e-14,,8.215e-13,,3.702e-20,2.447e-7,2.507e-34,3.300e+1,6.556e+2,8.785e-7,5.941e-1,1.375e-19,4.107e-2,1.571e-23,4.856e+1,9.936e-21,5.141e-28,4.435e-20,6.034e-23,1.558e-1,1.315e-17,2.801e-4,1.918e+2,,8.367e+1,1.244e+0,,7.464e+1,1.157e-19,,1.056e-19,1.040e+2,7.380e-17,5.903e-19,6.132e-5,,3.988e-12,6.343e-12,8.114e+0,2.085e+1,3.854e-17,1.972e-17,,4.467e-19,6.228e-17
391.42,1.208e+3,6.557e-21,1.116e-6,4.616e-42,6.262e-16,6.505e-34,,8.625e-9,2.812e-22,,2.869e-15,7.351e-21,7.661e-28,2.403e+0,2.038e-19,4.112e-14,,1.027e-12,,3.638e-20,3.973e-7,2.502e-34,3.215e+1,6.458e+2,9.097e-7,6.210e-1,1.375e-19,3.892e-2,1.571e-23,5.318e+1,9.941e-21,5.074e-28,4.436e-20,6.035e-23,1.726e-1,1.334e-17,2.494e-4,2.024e+2,,8.161e+1,1.461e+0,,7.198e+1,1.158e-19,,1.056e-19,8.725e+1,7.367e-17,5.862e-19,4.140e-5,,2.219e-12,3.761e-12,6.673e+0,2.214e+1,3.852e-17,1.973e-17,,4.448e-19,6.230e-17
391.45,1.182e+3,6.559e-21,1.361e-6,1.777e-42,7.178e-16,6.494e-34,,4.659e-9,2.814e-22,,2.870e-15,7.318e-21,7.602e-28,1.722e+0,2.034e-19,6.003e-14,,1.521e-12,,3.543e-20,8.144e-7,2.494e-34,3.074e+1,6.255e+2,9.498e-7,6.745e-1,1.376e-19,3.594e-2,1.572e-23,6.076e+1,9.948e-21,4.972e-28,4.438e-20,6.036e-23,1.993e-1,1.364e-17,2.451e-4,2.177e+2,,7.871e+1,1.844e+0,,6.824e+1,1.159e-19,,1.056e-19,6.644e+1,7.347e-17,5.800e-19,2.276e-5,,9.121e-13,1.841e-12,4.930e+0,2.401e+1,3.849e-17,1.974e-17,,4.420e-19,6.233e-17
391.47,1.164e+3,6.560e-21,1.544e-6,9.348e-43,7.813e-16,6.487e-34,,3.071e-9,2.815e-22,,2.871e-15,7.296e-21,7.563e-28,1.371e+0,2.031e-19,7.676e-14,,2.007e-12,,3.480e-20,1.306e-6,2.489e-34,2.974e+1,6.086e+2,9.714e-7,7.188e-1,1.376e-19,3.417e-2,1.573e-23,6.623e+1,9.953e-21,4.905e-28,4.440e-20,6.037e-23,2.180e-1,1.383e-17,2.709e-4,2.274e+2,,7.692e+1,2.141e+0,,6.595e+1,1.160e-19,,1.055e-19,5.505e+1,7.334e-17,5.760e-19,1.517e-5,,5.011e-13,1.324e-12,4.004e+0,2.518e+1,3.847e-17,1.975e-17,,4.401e-19,6.236e-17
391.5,1.136e+3,6.562e-21,1.850e-6,3.532e-43,8.791e-16,6.475e-34,,1.629e-9,2.817e-22,,2.871e-15,7.262e-21,7.504e-28,9.642e-1,2.026e-19,1.100e-13,,3.056e-12,,3.385e-20,2.627e-6,2.482e-34,2.816e+1,5.786e+2,9.955e-7,7.975e-1,1.376e-19,3.194e-2,1.574e-23,7.506e+1,9.961e-21,4.804e-28,4.442e-20,6.038e-23,2.470e-1,1.413e-17,3.593e-4,2.410e+2,,7.450e+1,2.656e+0,,6.288e+1,1.161e-19,,1.055e-19,4.114e+1,7.315e-17,5.698e-19,8.184e-6,,2.021e-13,1.300e-12,2.903e+0,2.679e+1,3.844e-17,1.976e-17,,4.373e-19,6.239e-17
391.52,1.117e+3,6.564e-21,2.076e-6,1.834e-43,9.452e-16,6.468e-34,,1.060e-9,2.819e-22,,2.872e-15,7.240e-21,7.465e-28,7.579e-1,2.023e-19,1.389e-13,,4.034e-12,,3.321e-20,4.162e-6,2.476e-34,2.708e+1,5.559e+2,1.006e-6,8.576e-1,1.376e-19,3.079e-2,1.574e-23,8.134e+1,9.966e-21,4.736e-28,4.443e-20,6.039e-23,2.669e-1,1.432e-17,4.588e-4,2.494e+2,,7.307e+1,3.049e+0,,6.111e+1,1.161e-19,,1.055e-19,3.366e+1,7.302e-17,5.657e-19,5.389e-6,,1.097e-13,1.771e-12,2.328e+0,2.775e+1,3.842e-17,1.977e-17,,4.354e-19,6.241e-17
391.54,1.097e+3,6.565e-21,2.318e-6,9.479e-44,1.011e-15,6.460e-34,,6.869e-10,2.820e-22,,2.872e-15,7.218e-21,7.426e-28,5.927e-1,2.020e-19,1.746e-13,,5.307e-12,,3.258e-20,6.559e-6,2.471e-34,2.600e+1,5.315e+2,1.011e-6,9.233e-1,1.376e-19,2.994e-2,1.575e-23,8.791e+1,9.971e-21,4.669e-28,4.444e-20,6.040e-23,2.869e-1,1.452e-17,5.998e-4,2.573e+2,,7.178e+1,3.483e+0,,5.957e+1,1.162e-19,,1.055e-19,2.741e+1,7.289e-17,5.616e-19,3.530e-6,,5.919e-14,2.765e-12,1.858e+0,2.860e+1,3.840e-17,1.978e-17,,4.336e-19,6.244e-17
391.57,1.068e+3,6.567e-21,2.712e-6,3.488e-44,1.108e-15,6.449e-34,,3.549e-10,2.822e-22,,2.873e-15,7.185e-21,7.368e-28,4.061e-1,2.016e-19,2.437e-13,,7.942e-12,,3.163e-20,1.286e-5,2.463e-34,2.440e+1,4.922e+2,1.009e-6,1.031e+0,1.377e-19,2.932e-2,1.576e-23,9.830e+1,9.979e-21,4.567e-28,4.447e-20,6.041e-23,3.168e-1,1.481e-17,9.143e-4,2.678e+2,,7.016e+1,4.219e+0,,5.775e+1,1.163e-19,,1.055e-19,1.995e+1,7.269e-17,5.555e-19,1.854e-6,,2.325e-14,5.888e-12,1.312e+0,2.965e+1,3.837e-17,1.979e-17,,4.308e-19,6.247e-17
391.59,1.048e+3,6.568e-21,2.995e-6,4.473e-45,1.171e-15,6.441e-34,,2.271e-10,2.824e-22,,2.874e-15,7.162e-21,7.328e-28,3.136e-1,2.013e-19,3.025e-13,,1.033e-11,,3.100e-20,2.002e-5,2.458e-34,2.336e+1,4.647e+2,1.002e-6,1.108e+0,1.377e-19,2.939e-2,1.577e-23,1.055e+2,9.984e-21,4.500e-28,4.448e-20,6.042e-23,3.363e-1,1.501e-17,1.215e-3,2.741e+2,,6.927e+1,4.767e+0,,5.686e+1,1.164e-19,,1.054e-19,1.605e+1,7.256e-17,5.514e-19,1.200e-6,,1.239e-14,9.875e-12,1.034e+0,3.019e+1,3.835e-17,1.980e-17,,4.289e-19,6.249e-17
391.62,1.018e+3,6.570e-21,3.446e-6,4.521e-45,1.260e-15,6.430e-34,,1.151e-10,2.826e-22,,2.874e-15,7.129e-21,7.270e-28,2.109e-1,2.008e-19,4.144e-13,,1.518e-11,,3.005e-20,3.852e-5,2.451e-34,2.190e+1,4.223e+2,9.819e-7,1.229e+0,1.377e-19,3.030e-2,1.577e-23,1.168e+2,9.991e-21,4.399e-28,4.450e-20,6.044e-23,3.644e-1,1.530e-17,1.857e-3,2.824e+2,,6.823e+1,5.681e+0,,5.605e+1,1.165e-19,,1.054e-19,1.147e+1,7.237e-17,5.453e-19,6.184e-7,,4.777e-15,2.140e-11,7.165e-1,3.072e+1,3.832e-17,1.981e-17,,4.261e-19,6.253e-17
391.64,9.990e+2,6.572e-21,3.762e-6,4.554e-45,1.316e-15,6.423e-34,,7.278e-11,2.827e-22,,2.875e-15,7.107e-21,7.231e-28,1.608e-1,2.005e-19,5.080e-13,,1.951e-11,,2.941e-20,5.923e-5,2.445e-34,2.099e+1,3.938e+2,9.628e-7,1.312e+0,1.377e-19,3.151e-2,1.578e-23,1.246e+2,9.996e-21,4.331e-28,4.451e-20,6.045e-23,3.821e-1,1.550e-17,2.453e-3,2.872e+2,,6.773e+1,6.351e+0,,5.584e+1,1.165e-19,,1.054e-19,9.109e+0,7.224e-17,5.412e-19,3.951e-7,,2.514e-15,3.565e-11,5.576e-1,3.088e+1,3.830e-17,1.982e-17,,4.242e-19,6.255e-17
391.67,9.714e+2,6.574e-21,4.255e-6,4.603e-45,1.390e-15,6.411e-34,,3.627e-11,2.829e-22,,2.876e-15,7.074e-21,7.172e-28,1.061e-1,2.001e-19,6.832e-13,,2.815e-11,,2.846e-20,1.119e-4,2.438e-34,1.979e+1,3.513e+2,9.265e-7,1.438e+0,1.378e-19,3.431e-2,1.579e-23,1.366e+2,1.000e-20,4.230e-28,4.454e-20,6.046e-23,4.064e-1,1.579e-17,3.696e-3,2.934e+2,,6.723e+1,7.451e+0,,5.603e+1,1.166e-19,,1.054e-19,6.395e+0,7.205e-17,5.350e-19,1.998e-7,,9.508e-16,7.600e-11,3.792e-1,3.084e+1,3.827e-17,1.984e-17,,4.214e-19,6.258e-17
391.69,9.540e+2,6.575e-21,4.592e-6,4.635e-45,1.433e-15,6.404e-34,,2.270e-11,2.831e-22,,2.876e-15,7.051e-21,7.133e-28,7.994e-2,1.998e-19,8.272e-13,,3.572e-11,,2.783e-20,1.699e-4,2.432e-34,1.910e+1,3.235e+2,8.976e-7,1.521e+0,1.378e-19,3.690e-2,1.580e-23,1.447e+2,1.001e-20,4.162e-28,4.455e-20,6.047e-23,4.209e-1,1.598e-17,4.830e-3,2.969e+2,,6.706e+1,8.247e+0,,5.649e+1,1.167e-19,,1.054e-19,5.026e+0,7.192e-17,5.309e-19,1.261e-7,,4.941e-16,1.251e-10,2.914e-1,3.063e+1,3.825e-17,1.984e-17,,4.195e-19,6.261e-17
391.72,9.301e+2,6.577e-21,5.107e-6,4.684e-45,1.487e-15,6.393e-34,,1.128e-11,2.833e-22,,2.877e-15,7.018e-21,7.074e-28,5.176e-2,1.993e-19,1.092e-12,,5.059e-11,,2.688e-20,3.151e-4,2.425e-34,1.826e+1,2.832e+2,8.483e-7,1.642e+0,1.378e-19,4.198e-2,1.580e-23,1.571e+2,1.002e-20,4.061e-28,4.457e-20,6.048e-23,4.393e-1,1.628e-17,7.149e-3,3.015e+2,,6.701e+1,9.534e+0,,5.762e+1,1.168e-19,,1.053e-19,3.481e+0,7.172e-17,5.248e-19,6.258e-8,,1.834e-16,2.619e-10,1.945e-1,3.003e+1,3.822e-17,1.986e-17,,4.167e-19,6.264e-17
391.74,9.157e+2,6.578e-21,5.450e-6,4.717e-45,1.515e-15,6.385e-34,,7.210e-12,2.834e-22,,5.548e-15,6.996e-21,7.035e-28,3.850e-2,1.990e-19,1.306e-12,,6.340e-11,,2.624e-20,4.726e-4,2.419e-34,1.785e+1,2.575e+2,8.121e-7,1.719e+0,1.378e-19,4.624e-2,1.581e-23,1.655e+2,1.002e-20,3.994e-28,4.458e-20,6.049e-23,4.493e-1,1.647e-17,9.230e-3,3.041e+2,,6.710e+1,1.045e+1,,5.864e+1,1.168e-19,,1.053e-19,2.720e+0,7.159e-17,5.207e-19,3.899e-8,,9.410e-17,4.259e-10,1.476e-1,2.945e+1,3.820e-17,1.986e-17,,4.149e-19,6.266e-17
391.77,8.968e+2,6.580e-21,5.958e-6,4.766e-45,1.544e-15,6.374e-34,,4.144e-12,2.837e-22,,1.472e-14,6.963e-21,6.976e-28,2.447e-2,1.985e-19,1.692e-12,,8.814e-11,,2.529e-20,8.603e-4,2.412e-34,1.747e+1,2.213e+2,7.541e-7,1.824e+0,1.379e-19,5.404e-2,1.582e-23,1.780e+2,1.003e-20,3.892e-28,4.460e-20,6.050e-23,4.604e-1,1.677e-17,1.341e-2,3.075e+2,,6.738e+1,1.192e+1,,6.054e+1,1.169e-19,,1.053e-19,1.889e+0,7.140e-17,5.146e-19,1.899e-8,,,8.751e-10,9.670e-2,2.835e+1,3.817e-17,1.988e-17,,4.121e-19,6.270e-17
391.79,8.861e+2,6.582e-21,6.287e-6,4.798e-45,1.555e-15,6.366e-34,,3.453e-12,2.838e-22,,2.804e-14,6.940e-21,6.937e-28,1.797e-2,1.982e-19,1.998e-12,,1.091e-10,,2.466e-20,1.275e-3,2.407e-34,1.739e+1,1.987e+2,7.137e-7,1.887e+0,1.379e-19,6.027e-2,1.583e-23,1.863e+2,1.003e-20,3.825e-28,4.462e-20,6.051e-23,4.650e-1,1.696e-17,1.710e-2,3.096e+2,,6.764e+1,1.296e+1,,6.201e+1,1.170e-19,,1.053e-19,1.499e+0,7.127e-17,5.105e-19,1.168e-8,,,1.406e-9,7.248e-2,2.746e+1,3.815e-17,1.989e-17,,4.102e-19,6.272e-17
391.82,8.728e+2,6.584e-21,6.757e-6,4.847e-45,1.557e-15,6.355e-34,,4.052e-12,2.840e-22,,7.304e-14,6.907e-21,6.878e-28,1.121e-2,1.978e-19,2.541e-12,,1.489e-10,,2.371e-20,2.278e-3,2.399e-34,1.754e+1,1.676e+2,6.519e-7,1.968e+0,1.379e-19,7.127e-2,1.583e-23,1.985e+2,1.004e-20,3.723e-28,4.464e-20,6.053e-23,4.676e-1,1.725e-17,2.440e-2,3.124e+2,,6.810e+1,1.461e+1,,6.444e+1,1.171e-19,,1.053e-19,1.107e+0,7.107e-17,5.043e-19,5.584e-9,,,2.835e-9,4.659e-2,2.595e+1,3.812e-17,1.990e-17,,4.074e-19,6.275e-17
391.84,8.659e+2,6.585e-21,7.050e-6,4.880e-45,1.550e-15,6.347e-34,,5.682e-12,2.841e-22,,1.374e-13,6.885e-21,6.839e-28,8.130e-3,1.975e-19,2.964e-12,,1.820e-10,,2.307e-20,3.333e-3,2.394e-34,1.782e+1,1.486e+2,6.104e-7,2.012e+0,1.379e-19,7.979e-2,1.584e-23,2.065e+2,1.005e-20,3.656e-28,4.465e-20,6.054e-23,4.664e-1,1.745e-17,3.073e-2,3.142e+2,,6.843e+1,1.577e+1,,6.617e+1,1.172e-19,,1.052e-19,9.524e-1,7.094e-17,5.002e-19,3.392e-9,,,4.499e-9,3.448e-2,2.483e+1,3.810e-17,1.991e-17,,4.055e-19,6.278e-17
391.87,8.583e+2,6.587e-21,7.449e-6,4.929e-45,1.528e-15,6.336e-34,,1.093e-11,2.844e-22,,3.515e-13,6.852e-21,6.781e-28,4.976e-3,1.970e-19,3.700e-12,,2.438e-10,,2.212e-20,5.846e-3,2.386e-34,1.853e+1,1.230e+2,5.492e-7,2.061e+0,1.380e-19,9.447e-2,1.585e-23,2.181e+2,1.005e-20,3.555e-28,4.467e-20,6.055e-23,4.604e-1,1.774e-17,4.303e-2,3.168e+2,,6.892e+1,1.758e+1,,6.883e+1,1.173e-19,,1.052e-19,8.590e-1,7.075e-17,4.941e-19,1.591e-9,,,8.907e-9,2.175e-2,2.304e+1,3.807e-17,1.992e-17,,4.027e-19,6.281e-17
391.89,8.549e+2,6.588e-21,7.683e-6,4.961e-45,1.505e-15,6.329e-34,,1.746e-11,2.845e-22,,6.532e-13,6.829e-21,6.742e-28,3.564e-3,1.967e-19,4.262e-12,,2.944e-10,,2.149e-20,8.450e-3,2.381e-34,1.919e+1,1.078e+2,5.096e-7,2.081e+0,1.380e-19,1.056e-1,1.586e-23,2.255e+2,1.006e-20,3.487e-28,4.469e-20,6.056e-23,4.535e-1,1.794e-17,5.353e-2,3.184e+2,,6.923e+1,1.885e+1,,7.060e+1,1.173e-19,,1.052e-19,8.836e-1,7.062e-17,4.900e-19,9.544e-10,,,1.396e-8,1.590e-2,2.178e+1,3.805e-17,1.993e-17,,4.008e-19,6.283e-17
391.91,8.527e+2,6.590e-21,7.889e-6,4.994e-45,1.476e-15,6.321e-34,,2.802e-11,2.846e-22,,1.208e-12,6.807e-21,6.702e-28,2.540e-3,1.964e-19,4.886e-12,,3.538e-10,,2.086e-20,1.215e-2,2.375e-34,2.000e+1,9.393e+1,4.714e-7,2.092e+0,1.380e-19,1.178e-1,1.586e-23,2.326e+2,1.006e-20,3.420e-28,4.470e-20,6.057e-23,4.446e-1,1.813e-17,6.625e-2,3.199e+2,,6.950e+1,2.017e+1,,7.233e+1,1.174e-19,,1.052e-19,9.786e-1,7.049e-17,4.859e-19,5.696e-10,,,2.177e-8,1.156e-2,2.049e+1,3.803e-17,1.994e-17,,3.990e-19,6.285e-17
391.94,8.513e+2,6.592e-21,8.139e-6,5.043e-45,1.425e-15,6.310e-34,,5.677e-11,2.849e-22,,3.011e-12,6.774e-21,6.644e-28,1.514e-3,1.960e-19,5.942e-12,,4.617e-10,,1.991e-20,2.077e-2,2.368e-34,2.148e+1,7.572e+1,4.173e-7,2.088e+0,1.380e-19,1.383e-1,1.587e-23,2.427e+2,1.007e-20,3.318e-28,4.472e-20,6.058e-23,4.275e-1,1.843e-17,9.039e-2,3.220e+2,,6.981e+1,2.223e+1,,7.475e+1,1.175e-19,,1.052e-19,1.267e+0,7.029e-17,4.798e-19,2.602e-10,,,4.200e-8,7.106e-3,1.853e+1,3.800e-17,1.995e-17,,3.962e-19,6.289e-17
391.96,8.515e+2,6.593e-21,8.262e-6,5.075e-45,1.385e-15,6.302e-34,,9.044e-11,2.850e-22,,5.500e-12,6.752e-21,6.605e-28,1.066e-3,1.957e-19,6.728e-12,,5.479e-10,,1.927e-20,2.951e-2,2.363e-34,2.265e+1,6.518e+1,3.839e-7,2.074e+0,1.381e-19,1.534e-1,1.588e-23,2.490e+2,1.008e-20,3.251e-28,4.474e-20,6.059e-23,4.138e-1,1.862e-17,1.105e-1,3.233e+2,,6.994e+1,2.367e+1,,7.621e+1,1.176e-19,,1.051e-19,1.572e+0,7.016e-17,4.757e-19,1.534e-10,,,6.469e-8,5.104e-3,1.722e+1,3.798e-17,1.996e-17,,3.943e-19,6.291e-17
391.99,8.528e+2,6.595e-21,8.378e-6,5.124e-45,1.321e-15,6.291e-34,,1.803e-10,2.852e-22,,1.346e-11,6.718e-21,6.546e-28,6.235e-4,1.952e-19,8.031e-12,,7.019e-10,,1.832e-20,4.950e-2,2.355e-34,2.464e+1,5.157e+1,3.381e-7,2.033e+0,1.381e-19,1.782e-1,1.589e-23,2.575e+2,1.008e-20,3.150e-28,4.476e-20,6.060e-23,3.905e-1,1.892e-17,1.480e-1,3.247e+2,,6.999e+1,2.592e+1,,7.809e+1,1.177e-19,,1.051e-19,2.244e+0,6.997e-17,4.695e-19,6.876e-11,,,1.225e-7,3.077e-3,1.529e+1,3.795e-17,1.997e-17,,3.915e-19,6.295e-17
392.01,8.542e+2,6.596e-21,8.408e-6,5.157e-45,1.275e-15,6.284e-34,,2.838e-10,2.853e-22,,2.428e-11,6.696e-21,6.507e-28,4.334e-4,1.949e-19,8.981e-12,,8.227e-10,,1.769e-20,6.946e-2,2.350e-34,2.612e+1,4.384e+1,3.107e-7,1.994e+0,1.381e-19,1.962e-1,1.589e-23,2.627e+2,1.009e-20,3.082e-28,4.477e-20,6.061e-23,3.734e-1,1.911e-17,1.787e-1,3.253e+2,,6.992e+1,2.749e+1,,7.909e+1,1.177e-19,,1.051e-19,2.870e+0,6.984e-17,4.654e-19,4.004e-11,,,1.864e-7,2.183e-3,1.405e+1,3.793e-17,1.998e-17,,3.896e-19,6.297e-17
392.04,8.566e+2,6.598e-21,8.381e-6,5.206e-45,1.205e-15,6.272e-34,,5.555e-10,2.856e-22,,5.832e-11,6.663e-21,6.448e-28,2.488e-4,1.945e-19,1.052e-11,,1.034e-9,,1.674e-20,1.144e-1,2.342e-34,2.854e+1,3.404e+1,2.744e-7,1.921e+0,1.381e-19,2.253e-1,1.590e-23,2.695e+2,1.010e-20,2.981e-28,4.479e-20,6.063e-23,3.459e-1,1.940e-17,2.349e-1,3.256e+2,,6.962e+1,2.995e+1,,8.016e+1,1.178e-19,,1.051e-19,4.156e+0,6.964e-17,4.593e-19,1.766e-11,,,3.465e-7,1.292e-3,1.225e+1,3.790e-17,1.999e-17,,3.868e-19,6.300e-17
392.06,8.583e+2,6.600e-21,8.315e-6,5.238e-45,1.158e-15,6.265e-34,,8.638e-10,2.857e-22,,1.040e-10,6.641e-21,6.409e-28,1.708e-4,1.942e-19,1.162e-11,,1.197e-9,,1.610e-20,1.585e-1,2.337e-34,3.028e+1,2.858e+1,2.535e-7,1.862e+0,1.382e-19,2.460e-1,1.591e-23,2.734e+2,1.010e-20,2.913e-28,4.481e-20,6.064e-23,3.266e-1,1.960e-17,2.801e-1,3.252e+2,,6.930e+1,3.167e+1,,8.055e+1,1.179e-19,,1.050e-19,5.306e+0,6.951e-17,4.552e-19,1.022e-11,,,5.208e-7,9.048e-4,1.112e+1,3.788e-17,2.000e-17,,3.849e-19,6.302e-17
392.09,8.606e+2,6.602e-21,8.147e-6,5.287e-45,1.091e-15,6.254e-34,,1.660e-9,2.859e-22,,2.451e-10,6.607e-21,6.350e-28,9.623e-5,1.937e-19,1.336e-11,,1.478e-9,,1.515e-20,2.563e-1,2.329e-34,3.301e+1,2.178e+1,2.269e-7,1.762e+0,1.382e-19,2.788e-1,1.592e-23,2.783e+2,1.011e-20,2.812e-28,4.483e-20,6.065e-23,2.969e-1,1.989e-17,3.614e-1,3.238e+2,,6.860e+1,3.435e+1,,8.065e+1,1.180e-19,,1.050e-19,7.603e+0,6.932e-17,4.491e-19,4.624e-12,,,9.505e-7,5.254e-4,9.536e+0,3.785e-17,2.001e-17,,3.821e-19,6.306e-17
392.11,8.619e+2,6.603e-21,7.990e-6,5.320e-45,1.048e-15,6.246e-34,,2.549e-9,2.861e-22,,4.316e-10,6.585e-21,6.311e-28,6.523e-5,1.934e-19,1.458e-11,,1.690e-9,,1.452e-20,3.508e-1,2.324e-34,3.491e+1,1.806e+1,2.123e-7,1.689e+0,1.382e-19,3.018e-1,1.592e-23,2.810e+2,1.011e-20,2.745e-28,4.484e-20,6.066e-23,2.769e-1,2.009e-17,4.257e-1,3.222e+2,,6.799e+1,3.622e+1,,8.036e+1,1.180e-19,,1.050e-19,9.612e+0,6.919e-17,4.450e-19,2.940e-12,,,1.411e-6,3.635e-4,8.557e+0,3.783e-17,2.002e-17,,3.802e-19,6.308e-17
392.14,8.635e+2,6.605e-21,7.694e-6,5.368e-45,9.884e-16,6.235e-34,,4.808e-9,2.863e-22,,9.991e-10,6.552e-21,6.252e-28,3.607e-5,1.930e-19,1.645e-11,,2.047e-9,,1.357e-20,5.567e-1,2.316e-34,3.781e+1,1.351e+1,1.948e-7,1.573e+0,1.382e-19,3.375e-1,1.593e-23,2.840e+2,1.012e-20,2.643e-28,4.486e-20,6.067e-23,2.470e-1,2.038e-17,5.391e-1,3.187e+2,,6.686e+1,3.912e+1,,7.943e+1,1.181e-19,,1.050e-19,1.354e+1,6.899e-17,4.388e-19,2.146e-12,,,2.528e-6,2.071e-4,7.211e+0,3.781e-17,2.003e-17,,3.774e-19,6.311e-17
392.16,8.643e+2,6.606e-21,7.459e-6,5.401e-45,9.530e-16,6.227e-34,,7.295e-9,2.864e-22,,1.738e-9,6.530e-21,6.213e-28,2.414e-5,1.927e-19,1.773e-11,,2.312e-9,,1.293e-20,7.527e-1,2.311e-34,3.977e+1,1.106e+1,1.858e-7,1.492e+0,1.383e-19,3.620e-1,1.594e-23,2.855e+2,1.013e-20,2.576e-28,4.488e-20,6.068e-23,2.275e-1,2.058e-17,6.272e-1,3.157e+2,,6.595e+1,4.112e+1,,7.848e+1,1.182e-19,,1.050e-19,1.692e+1,6.886e-17,4.347e-19,2.527e-12,,,3.706e-6,1.415e-4,6.398e+0,3.779e-17,2.004e-17,,3.756e-19,6.314e-17
392.19,8.657e+2,6.608e-21,7.059e-6,5.450e-45,9.070e-16,6.216e-34,,1.351e-8,2.866e-22,,3.949e-9,6.496e-21,6.155e-28,1.310e-5,1.922e-19,1.964e-11,,2.749e-9,,1.198e-20,1.173e+0,2.303e-34,4.268e+1,8.120e+0,1.759e-7,1.369e+0,1.383e-19,3.993e-1,1.595e-23,2.868e+2,1.013e-20,2.475e-28,4.490e-20,6.069e-23,1.993e-1,2.087e-17,7.797e-1,3.103e+2,,6.438e+1,4.420e+1,,7.659e+1,1.183e-19,,1.049e-19,2.342e+1,6.867e-17,4.286e-19,4.764e-12,,,6.518e-6,7.914e-5,5.304e+0,3.776e-17,2.005e-17,,3.728e-19,6.317e-17
392.21,8.669e+2,6.609e-21,6.765e-6,5.482e-45,8.814e-16,6.208e-34,,2.024e-8,2.868e-22,,6.783e-9,6.474e-21,6.116e-28,8.660e-6,1.919e-19,2.090e-11,,3.066e-9,,2.319e-20,1.566e+0,2.298e-34,4.458e+1,6.567e+0,1.714e-7,1.287e+0,1.383e-19,4.243e-1,1.595e-23,2.873e+2,1.014e-20,2.407e-28,4.491e-20,6.070e-23,1.813e-1,2.107e-17,8.958e-1,3.060e+2,,6.320e+1,4.630e+1,,7.504e+1,1.184e-19,,1.049e-19,2.891e+1,6.854e-17,4.245e-19,8.032e-12,,,9.438e-6,5.339e-5,4.655e+0,3.774e-17,2.006e-17,,3.709e-19,6.319e-17
392.24,8.699e+2,6.611e-21,6.291e-6,5.531e-45,8.510e-16,6.197e-34,,3.679e-8,2.870e-22,,1.513e-8,6.441e-21,6.057e-28,4.612e-6,1.914e-19,2.273e-11,,3.579e-9,,6.183e-20,2.394e+0,2.290e-34,4.733e+1,4.731e+0,1.673e-7,1.167e+0,1.383e-19,4.615e-1,1.596e-23,2.875e+2,1.015e-20,2.306e-28,4.493e-20,6.072e-23,1.558e-1,2.136e-17,1.093e+0,2.990e+2,,6.122e+1,4.947e+1,,7.237e+1,1.185e-19,,1.049e-19,3.927e+1,6.834e-17,4.184e-19,1.813e-11,,,1.630e-5,2.930e-5,3.798e+0,3.771e-17,2.007e-17,,3.681e-19,6.323e-17
392.26,8.731e+2,6.613e-21,5.959e-6,5.564e-45,8.360e-16,6.190e-34,,5.446e-8,2.871e-22,,2.568e-8,6.419e-21,6.018e-28,3.011e-6,1.911e-19,2.388e-11,,3.943e-9,,1.182e-19,3.158e+0,2.285e-34,4.906e+1,3.778e+0,1.661e-7,1.090e+0,1.384e-19,4.859e-1,1.597e-23,2.873e+2,1.015e-20,2.238e-28,4.494e-20,6.073e-23,1.400e-1,2.156e-17,1.241e+0,2.939e+2,,5.977e+1,5.159e+1,,7.038e+1,1.185e-19,,1.049e-19,4.788e+1,6.821e-17,4.143e-19,3.123e-11,,,2.331e-5,1.952e-5,3.299e+0,3.769e-17,2.008e-17,,3.662e-19,6.325e-17
392.28,8.777e+2,6.614e-21,5.618e-6,5.596e-45,8.252e-16,6.182e-34,,8.022e-8,2.873e-22,,4.336e-8,6.396e-21,5.979e-28,1.956e-6,1.908e-19,2.498e-11,,4.322e-9,,2.247e-19,4.145e+0,2.280e-34,5.070e+1,3.003e+0,1.659e-7,1.017e+0,1.384e-19,5.097e-1,1.597e-23,2.869e+2,1.016e-20,2.171e-28,4.496e-20,6.074e-23,1.251e-1,2.175e-17,1.401e+0,2.888e+2,,5.824e+1,5.369e+1,,6.826e+1,1.186e-19,,1.049e-19,5.808e+1,6.808e-17,4.102e-19,5.360e-11,,,3.317e-5,1.294e-5,2.855e+0,3.767e-17,2.009e-17,,3.643e-19,6.327e-17
392.31,8.884e+2,6.616e-21,5.098e-6,5.645e-45,8.160e-16,6.171e-34,,1.421e-7,2.875e-22,,9.428e-8,6.363e-21,5.920e-28,1.014e-6,1.904e-19,2.646e-11,,4.916e-9,,5.840e-19,6.176e+0,2.272e-34,5.294e+1,2.107e+0,1.668e-7,9.146e-1,1.384e-19,5.437e-1,1.598e-23,2.863e+2,1.017e-20,2.070e-28,4.498e-20,6.075e-23,1.048e-1,2.204e-17,1.665e+0,2.810e+2,,5.580e+1,5.675e+1,,6.491e+1,1.187e-19,,1.048e-19,7.688e+1,6.789e-17,4.040e-19,1.195e-10,,,5.581e-5,6.918e-6,2.281e+0,3.764e-17,2.010e-17,,3.615e-19,6.331e-17
392.33,8.987e+2,6.617e-21,4.751e-6,5.678e-45,8.142e-16,6.163e-34,,2.067e-7,2.876e-22,,1.572e-7,6.341e-21,5.881e-28,6.506e-7,1.901e-19,2.733e-11,,5.323e-9,,1.097e-18,8.007e+0,2.267e-34,5.428e+1,1.654e+0,1.680e-7,8.528e-1,1.384e-19,5.650e-1,1.599e-23,2.859e+2,1.017e-20,2.002e-28,4.499e-20,6.076e-23,9.249e-2,2.224e-17,1.857e+0,2.760e+2,,5.409e+1,5.870e+1,,6.259e+1,1.188e-19,,1.048e-19,9.212e+1,6.776e-17,3.999e-19,2.028e-10,,,7.846e-5,4.529e-6,1.955e+0,3.762e-17,2.011e-17,,3.597e-19,6.333e-17
392.36,9.206e+2,6.619e-21,4.236e-6,5.727e-45,8.170e-16,6.152e-34,,3.594e-7,2.878e-22,,3.356e-7,6.308e-21,5.822e-28,3.312e-7,1.896e-19,2.842e-11,,5.943e-9,,2.799e-18,1.171e+1,2.259e-34,5.601e+1,1.139e+0,1.702e-7,7.703e-1,1.385e-19,5.944e-1,1.600e-23,2.856e+2,1.018e-20,1.901e-28,4.501e-20,6.077e-23,7.601e-2,5.970e-17,2.168e+0,2.693e+2,,5.144e+1,6.145e+1,,5.908e+1,1.188e-19,,1.048e-19,1.197e+2,6.756e-17,3.938e-19,4.440e-10,,,1.296e-4,2.376e-6,1.542e+0,3.759e-17,2.013e-17,,3.569e-19,6.336e-17
392.38,9.402e+2,6.621e-21,3.901e-6,5.759e-45,8.219e-16,6.145e-34,,5.165e-7,2.880e-22,,5.530e-7,6.285e-21,5.783e-28,2.098e-7,1.893e-19,2.899e-11,,6.356e-9,,5.194e-18,1.500e+1,2.254e-34,5.698e+1,8.829e-1,1.717e-7,7.226e-1,1.385e-19,6.121e-1,1.600e-23,2.857e+2,1.018e-20,1.833e-28,4.503e-20,6.078e-23,6.627e-2,1.146e-16,2.388e+0,2.654e+2,,4.964e+1,6.311e+1,,5.675e+1,1.189e-19,,1.048e-19,1.416e+2,6.743e-17,3.897e-19,7.440e-10,,,1.799e-4,1.536e-6,1.310e+0,3.757e-17,2.013e-17,,3.550e-19,6.339e-17
392.41,9.789e+2,6.623e-21,3.417e-6,5.808e-45,8.325e-16,6.133e-34,,8.815e-7,2.882e-22,,1.159e-6,6.252e-21,5.724e-28,1.048e-7,1.889e-19,2.959e-11,,6.967e-9,,1.301e-17,2.153e+1,2.246e-34,5.815e+1,5.968e-1,1.737e-7,6.625e-1,1.385e-19,6.352e-1,1.601e-23,2.864e+2,1.019e-20,1.732e-28,4.505e-20,6.079e-23,5.345e-2,3.020e-16,2.735e+0,2.609e+2,,4.694e+1,6.531e+1,,5.333e+1,1.190e-19,,1.048e-19,1.807e+2,6.724e-17,3.836e-19,1.599e-9,,,2.917e-4,7.908e-7,1.021e+0,3.754e-17,2.015e-17,,3.522e-19,6.342e-17
392.43,1.012e+3,6.624e-21,3.110e-6,5.841e-45,8.409e-16,6.126e-34,,1.251e-6,2.883e-22,,1.886e-6,6.230e-21,5.685e-28,6.555e-8,1.886e-19,2.981e-11,,7.362e-9,,2.385e-17,2.723e+1,2.241e-34,5.872e+1,4.568e-1,1.746e-7,6.300e-1,1.385e-19,6.481e-1,1.602e-23,2.874e+2,1.020e-20,1.665e-28,4.506e-20,6.080e-23,4.603e-2,5.727e-16,2.976e+0,2.589e+2,,4.515e+1,6.653e+1,,5.113e+1,1.191e-19,,1.047e-19,2.112e+2,6.711e-17,3.795e-19,2.648e-9,,,4.001e-4,5.049e-7,8.608e-1,3.752e-17,2.015e-17,,3.503e-19,6.344e-17
392.46,1.074e+3,6.626e-21,2.677e-6,5.890e-45,8.545e-16,6.114e-34,,2.097e-6,2.885e-22,,3.879e-6,6.197e-21,5.626e-28,3.213e-8,1.881e-19,2.987e-11,,7.923e-9,,5.865e-17,3.837e+1,2.233e-34,5.930e+1,3.031e-1,1.751e-7,5.924e-1,1.386e-19,6.634e-1,1.603e-23,2.897e+2,1.020e-20,1.563e-28,4.508e-20,6.082e-23,3.644e-2,1.482e-15,3.346e+0,2.578e+2,,4.255e+1,6.796e+1,,4.798e+1,1.192e-19,,1.047e-19,2.644e+2,6.691e-17,3.733e-19,5.587e-9,,,6.367e-4,2.551e-7,6.634e-1,3.749e-17,2.017e-17,,3.475e-19,6.348e-17
392.48,1.124e+3,6.627e-21,2.407e-6,5.922e-45,8.634e-16,6.107e-34,,2.939e-6,2.887e-22,,6.235e-6,6.174e-21,5.587e-28,1.985e-8,1.878e-19,2.972e-11,,8.271e-9,,1.062e-16,4.793e+1,2.228e-34,5.950e+1,2.291e-1,1.748e-7,5.746e-1,1.386e-19,6.708e-1,1.603e-23,2.918e+2,1.021e-20,1.496e-28,4.510e-20,6.083e-23,3.099e-2,2.776e-15,3.595e+0,2.585e+2,,4.090e+1,6.861e+1,,4.600e+1,1.192e-19,,1.047e-19,3.052e+2,6.678e-17,3.692e-19,9.136e-9,,,8.626e-4,1.608e-7,5.560e-1,3.747e-17,2.018e-17,,3.456e-19,6.350e-17
392.51,1.215e+3,6.629e-21,2.035e-6,5.971e-45,8.753e-16,6.096e-34,,4.835e-6,2.889e-22,,1.259e-5,6.141e-21,5.529e-28,9.549e-9,1.874e-19,2.923e-11,,8.742e-9,,2.564e-16,6.631e+1,2.220e-34,5.955e+1,1.492e-1,1.731e-7,5.577e-1,1.386e-19,6.775e-1,1.604e-23,2.961e+2,1.022e-20,1.395e-28,4.512e-20,6.084e-23,2.408e-2,7.051e-15,3.968e+0,2.616e+2,,3.859e+1,6.910e+1,,4.323e+1,1.193e-19,,1.047e-19,3.751e+2,6.659e-17,3.631e-19,1.893e-8,,,1.348e-3,7.975e-8,4.247e-1,3.744e-17,2.019e-17,,3.428e-19,6.353e-17
392.53,1.287e+3,6.631e-21,1.809e-6,6.004e-45,8.818e-16,6.088e-34,,6.695e-6,2.890e-22,,1.999e-5,6.119e-21,5.490e-28,5.826e-9,1.871e-19,2.872e-11,,9.018e-9,,4.586e-16,8.182e+1,2.215e-34,5.942e+1,1.114e-1,1.711e-7,5.525e-1,1.386e-19,6.790e-1,1.605e-23,2.996e+2,1.022e-20,1.327e-28,4.513e-20,6.085e-23,2.022e-2,1.305e-14,4.211e+0,2.651e+2,,3.719e+1,6.908e+1,,4.152e+1,1.194e-19,,1.047e-19,4.277e+2,6.646e-17,3.590e-19,3.057e-8,,,1.803e-3,4.965e-8,3.540e-1,3.742e-17,2.020e-17,,3.410e-19,6.356e-17
392.56,1.414e+3,6.633e-21,1.502e-6,6.052e-45,8.884e-16,6.077e-34,,1.081e-5,2.892e-22,,3.964e-5,6.086e-21,5.431e-28,2.750e-9,1.866e-19,2.772e-11,,9.365e-9,,1.087e-15,1.111e+2,2.207e-34,5.903e+1,7.117e-2,1.669e-7,5.527e-1,1.387e-19,6.767e-1,1.606e-23,3.059e+2,1.023e-20,1.226e-28,4.515e-20,6.086e-23,1.542e-2,3.254e-14,4.562e+0,2.726e+2,,3.534e+1,6.852e+1,,3.916e+1,1.195e-19,,1.046e-19,5.160e+2,6.626e-17,3.529e-19,6.218e-8,,,2.766e-3,2.416e-8,2.684e-1,3.739e-17,2.021e-17,,3.381e-19,6.359e-17
392.58,1.511e+3,6.634e-21,1.319e-6,6.085e-45,8.904e-16,6.069e-34,,1.479e-5,2.894e-22,,6.217e-5,6.063e-21,5.392e-28,1.657e-9,1.863e-19,2.691e-11,,9.549e-9,,1.921e-15,1.354e+2,2.202e-34,5.866e+1,5.247e-2,1.633e-7,5.574e-1,1.387e-19,6.722e-1,1.606e-23,3.107e+2,1.023e-20,1.158e-28,4.517e-20,6.087e-23,1.279e-2,5.947e-14,4.782e+0,2.789e+2,,3.431e+1,6.779e+1,,3.771e+1,1.196e-19,,1.046e-19,5.811e+2,6.613e-17,3.488e-19,9.921e-8,,,3.655e-3,1.486e-8,2.228e-1,3.737e-17,2.022e-17,,3.363e-19,6.361e-17
392.61,1.677e+3,6.636e-21,1.076e-6,6.134e-45,8.892e-16,6.058e-34,,2.344e-5,2.896e-22,,1.210e-4,6.030e-21,5.333e-28,7.677e-10,1.859e-19,2.549e-11,,9.749e-9,,4.470e-15,1.805e+2,2.194e-34,5.796e+1,3.291e-2,1.566e-7,5.699e-1,1.387e-19,6.613e-1,1.607e-23,3.186e+2,1.024e-20,1.057e-28,4.519e-20,6.089e-23,9.576e-3,1.456e-13,5.084e+0,2.903e+2,,3.308e+1,6.616e+1,,3.572e+1,1.197e-19,,1.046e-19,6.881e+2,6.594e-17,3.426e-19,1.981e-7,,,5.503e-3,7.095e-9,1.680e-1,3.734e-17,2.023e-17,,3.335e-19,6.365e-17
392.63,1.802e+3,6.637e-21,9.339e-7,6.166e-45,8.855e-16,6.051e-34,,3.167e-5,2.897e-22,,1.875e-4,6.008e-21,5.294e-28,4.568e-10,1.855e-19,2.444e-11,,9.830e-9,,7.801e-15,2.173e+2,2.189e-34,5.742e+1,2.396e-2,1.515e-7,5.810e-1,1.387e-19,6.512e-1,1.608e-23,3.244e+2,1.025e-20,9.896e-29,4.520e-20,6.089e-23,7.845e-3,2.629e-13,5.264e+0,2.990e+2,,3.250e+1,6.475e+1,,3.450e+1,1.197e-19,,1.046e-19,7.655e+2,6.581e-17,3.385e-19,3.122e-7,,,7.184e-3,4.308e-9,1.390e-1,3.732e-17,2.024e-17,,3.316e-19,6.367e-17
392.66,2.011e+3,6.639e-21,7.482e-7,6.215e-45,8.754e-16,6.039e-34,,4.928e-5,2.899e-22,,3.582e-4,5.975e-21,5.235e-28,2.077e-10,1.851e-19,2.273e-11,,9.875e-9,,1.782e-14,2.843e+2,2.181e-34,5.654e+1,1.475e-2,1.428e-7,6.003e-1,1.388e-19,6.324e-1,1.609e-23,3.334e+2,1.025e-20,8.883e-29,4.522e-20,6.091e-23,5.763e-3,6.320e-13,5.494e+0,3.131e+2,,3.200e+1,6.215e+1,,3.280e+1,1.198e-19,,1.045e-19,8.897e+2,6.561e-17,3.324e-19,6.120e-7,,,1.062e-2,2.019e-9,1.044e-1,3.729e-17,2.025e-17,,3.288e-19,6.370e-17
392.68,2.165e+3,6.641e-21,6.416e-7,6.248e-45,8.657e-16,6.032e-34,,6.577e-5,2.901e-22,,5.482e-4,5.952e-21,5.196e-28,1.220e-10,1.848e-19,2.152e-11,,9.855e-9,,3.073e-14,3.380e+2,2.176e-34,5.592e+1,1.061e-2,1.364e-7,6.142e-1,1.388e-19,6.176e-1,1.609e-23,3.395e+2,1.026e-20,8.208e-29,4.524e-20,6.092e-23,4.663e-3,1.127e-12,5.618e+0,3.231e+2,,3.193e+1,6.014e+1,,3.175e+1,1.199e-19,,1.045e-19,9.775e+2,6.548e-17,3.283e-19,9.527e-7,,,1.369e-2,1.211e-9,8.622e-2,3.727e-17,2.026e-17,,3.269e-19,6.373e-17
392.7,2.331e+3,6.642e-21,5.475e-7,6.280e-45,8.537e-16,6.024e-34,,8.734e-5,2.902e-22,,8.349e-4,5.930e-21,5.157e-28,7.134e-11,1.845e-19,2.027e-11,,9.798e-9,,5.272e-14,3.999e+2,2.171e-34,5.528e+1,7.589e-3,1.298e-7,6.281e-1,1.388e-19,6.011e-1,1.610e-23,3.457e+2,1.026e-20,7.533e-29,4.525e-20,6.093e-23,3.754e-3,2.001e-12,5.717e+0,3.334e+2,,3.206e+1,5.792e+1,,3.075e+1,1.199e-19,,1.045e-19,1.069e+3,6.535e-17,3.242e-19,1.476e-6,,,1.757e-2,7.223e-10,7.120e-2,3.725e-17,2.027e-17,,3.250e-19,6.375e-17
392.73,2.601e+3,6.644e-21,4.277e-7,6.329e-45,8.318e-16,6.013e-34,,1.324e-4,2.904e-22,,1.555e-3,5.897e-21,5.098e-28,3.159e-11,1.840e-19,1.837e-11,,9.648e-9,,1.174e-13,5.099e+2,2.163e-34,5.430e+1,4.550e-3,1.193e-7,6.482e-1,1.388e-19,5.735e-1,1.611e-23,3.545e+2,1.027e-20,6.521e-29,4.527e-20,6.094e-23,2.686e-3,4.687e-12,5.813e+0,3.486e+2,,3.263e+1,5.427e+1,,2.934e+1,1.200e-19,,1.045e-19,1.210e+3,6.516e-17,3.181e-19,2.819e-6,,,2.530e-2,3.297e-10,5.349e-2,3.722e-17,2.028e-17,,3.222e-19,6.378e-17
392.75,2.795e+3,6.645e-21,3.606e-7,6.362e-45,8.148e-16,6.006e-34,,1.737e-4,2.906e-22,,2.338e-3,5.875e-21,5.059e-28,1.824e-11,1.837e-19,1.709e-11,,9.511e-9,,1.989e-13,5.958e+2,2.158e-34,5.365e+1,3.215e-3,1.120e-7,6.602e-1,1.388e-19,5.536e-1,1.611e-23,3.601e+2,1.028e-20,1.260e-28,4.528e-20,6.095e-23,2.136e-3,8.218e-12,5.842e+0,3.585e+2,,3.325e+1,5.166e+1,,2.845e+1,1.201e-19,,1.045e-19,1.307e+3,6.503e-17,3.140e-19,4.314e-6,,,3.206e-2,1.943e-10,4.430e-2,3.720e-17,2.029e-17,,3.204e-19,6.380e-17
392.78,3.107e+3,6.647e-21,2.766e-7,6.411e-45,7.862e-16,5.994e-34,,2.585e-4,2.908e-22,,4.275e-3,5.841e-21,5.000e-28,7.926e-12,1.833e-19,1.520e-11,,9.262e-9,,4.348e-13,7.457e+2,2.150e-34,5.267e+1,1.892e-3,1.011e-7,6.752e-1,1.389e-19,5.219e-1,1.612e-23,3.675e+2,1.028e-20,3.352e-28,4.531e-20,6.096e-23,1.500e-3,1.890e-11,5.831e+0,3.722e+2,,3.451e+1,4.756e+1,,2.717e+1,1.202e-19,,1.044e-19,1.453e+3,6.483e-17,3.078e-19,8.090e-6,,,4.533e-2,8.703e-11,3.364e-2,3.717e-17,2.030e-17,,3.176e-19,6.384e-17
392.8,3.328e+3,6.649e-21,2.304e-7,6.443e-45,7.654e-16,5.987e-34,,3.350e-4,2.909e-22,,6.351e-3,5.819e-21,4.961e-28,4.519e-12,1.830e-19,1.397e-11,,9.075e-9,,7.279e-13,8.607e+2,2.145e-34,5.201e+1,1.321e-3,9.382e-8,6.825e-1,1.389e-19,4.998e-1,1.613e-23,3.717e+2,1.029e-20,6.398e-28,4.532e-20,6.097e-23,1.178e-3,3.273e-11,5.788e+0,3.803e+2,,3.555e+1,4.474e+1,,2.635e+1,1.203e-19,,1.044e-19,1.549e+3,6.470e-17,3.038e-19,1.223e-5,,,5.674e-2,5.064e-11,2.825e-2,3.715e-17,2.031e-17,,3.157e-19,6.386e-17
392.83,3.676e+3,6.651e-21,1.736e-7,6.492e-45,7.321e-16,5.975e-34,,4.895e-4,2.911e-22,,1.140e-2,5.786e-21,4.903e-28,1.927e-12,1.825e-19,1.219e-11,,8.774e-9,,1.562e-12,1.057e+3,2.137e-34,5.100e+1,7.627e-4,8.311e-8,6.890e-1,1.389e-19,4.657e-1,1.614e-23,3.767e+2,1.030e-20,1.672e-27,4.534e-20,6.098e-23,8.122e-4,7.392e-11,5.671e+0,3.906e+2,,3.736e+1,4.046e+1,,2.518e+1,1.204e-19,,1.044e-19,1.691e+3,6.451e-17,2.976e-19,2.251e-5,,,7.874e-2,2.226e-11,2.222e-2,3.712e-17,2.032e-17,,3.129e-19,6.390e-17
392.85,3.919e+3,6.652e-21,1.429e-7,6.525e-45,7.089e-16,5.968e-34,,6.264e-4,2.913e-22,,1.673e-2,5.764e-21,4.864e-28,1.085e-12,1.822e-19,1.106e-11,,8.570e-9,,2.583e-12,1.205e+3,2.132e-34,5.031e+1,5.256e-4,7.618e-8,6.899e-1,1.389e-19,4.425e-1,1.614e-23,3.788e+2,1.030e-20,3.151e-27,4.535e-20,6.099e-23,6.299e-4,1.265e-10,5.559e+0,3.959e+2,,3.870e+1,3.760e+1,,2.445e+1,1.204e-19,,1.044e-19,1.781e+3,6.438e-17,2.935e-19,3.361e-5,,,9.736e-2,1.279e-11,1.938e-2,3.710e-17,2.033e-17,,3.110e-19,6.392e-17
392.88,4.296e+3,6.654e-21,1.057e-7,6.574e-45,6.730e-16,5.957e-34,,8.985e-4,2.915e-22,,2.947e-2,5.730e-21,4.805e-28,4.542e-13,1.818e-19,9.479e-12,,8.271e-9,,5.443e-12,1.454e+3,2.124e-34,4.923e+1,2.979e-4,6.624e-8,6.858e-1,1.390e-19,4.078e-1,1.615e-23,3.803e+2,1.031e-20,8.083e-27,4.538e-20,6.101e-23,4.262e-4,2.804e-10,5.346e+0,4.011e+2,,4.084e+1,3.339e+1,,2.342e+1,1.205e-19,,1.044e-19,1.908e+3,6.418e-17,2.874e-19,6.075e-5,,,1.326e-1,5.519e-12,1.658e-2,3.707e-17,2.034e-17,,3.082e-19,6.395e-17
392.9,4.555e+3,6.655e-21,8.592e-8,6.606e-45,6.487e-16,5.949e-34,,1.136e-3,2.916e-22,,4.273e-2,5.708e-21,4.766e-28,2.525e-13,1.815e-19,8.498e-12,,8.086e-9,,8.891e-12,1.637e+3,2.119e-34,4.847e+1,2.028e-4,5.997e-8,6.793e-1,1.390e-19,3.848e-1,1.616e-23,3.800e+2,1.031e-20,1.505e-26,4.539e-20,6.102e-23,3.264e-4,4.738e-10,5.177e+0,4.027e+2,,4.231e+1,3.067e+1,,2.279e+1,1.206e-19,,1.043e-19,1.985e+3,6.405e-17,2.833e-19,8.960e-5,,,1.620e-1,3.132e-12,1.558e-2,3.705e-17,2.035e-17,,3.063e-19,6.397e-17
392.93,4.951e+3,6.657e-21,6.242e-8,6.655e-45,6.119e-16,5.938e-34,,1.599e-3,2.918e-22,,7.390e-2,5.675e-21,4.707e-28,1.037e-13,1.810e-19,7.146e-12,,7.843e-9,,1.839e-11,1.938e+3,2.112e-34,4.723e+1,1.128e-4,5.119e-8,6.640e-1,1.390e-19,3.509e-1,1.617e-23,3.774e+2,1.032e-20,3.791e-26,4.541e-20,6.103e-23,2.168e-4,1.031e-9,4.887e+0,4.019e+2,,4.451e+1,2.674e+1,,2.194e+1,1.207e-19,,1.043e-19,2.087e+3,6.386e-17,2.772e-19,1.590e-4,,,2.166e-1,1.326e-12,1.526e-2,3.702e-17,2.036e-17,,3.035e-19,6.401e-17
392.95,5.217e+3,6.658e-21,5.013e-8,6.688e-45,5.874e-16,5.930e-34,,1.997e-3,2.920e-22,,1.058e-1,5.653e-21,4.668e-28,5.695e-14,1.807e-19,6.327e-12,,7.710e-9,,2.967e-11,2.155e+3,2.106e-34,4.634e+1,7.583e-5,4.577e-8,6.502e-1,1.390e-19,3.289e-1,1.617e-23,3.742e+2,1.033e-20,6.975e-26,4.542e-20,6.104e-23,1.640e-4,1.722e-9,4.673e+0,3.993e+2,,4.593e+1,2.426e+1,,2.146e+1,1.208e-19,,1.043e-19,2.145e+3,6.373e-17,2.731e-19,2.316e-4,,,2.613e-1,7.431e-13,1.579e-2,3.700e-17,2.037e-17,,3.017e-19,6.403e-17
392.98,5.618e+3,6.660e-21,3.576e-8,6.737e-45,5.510e-16,5.919e-34,,2.760e-3,2.922e-22,,1.797e-1,5.619e-21,4.609e-28,2.296e-14,1.803e-19,5.222e-12,,7.565e-9,,6.026e-11,2.505e+3,2.099e-34,4.489e+1,4.140e-5,3.835e-8,6.245e-1,1.391e-19,2.971e-1,1.618e-23,3.673e+2,1.033e-20,1.725e-25,4.544e-20,6.105e-23,1.069e-4,3.679e-9,4.330e+0,3.922e+2,,4.793e+1,2.077e+1,,2.087e+1,1.209e-19,,1.043e-19,2.213e+3,6.353e-17,2.669e-19,4.035e-4,,,3.431e-1,3.088e-13,1.767e-2,3.697e-17,2.039e-17,,2.989e-19,6.407e-17
393,5.882e+3,6.662e-21,2.837e-8,6.769e-45,5.271e-16,5.912e-34,,3.404e-3,2.923e-22,,2.542e-1,5.597e-21,4.570e-28,1.245e-14,1.800e-19,4.567e-12,,7.509e-9,,9.605e-11,2.751e+3,2.093e-34,4.382e+1,2.749e-5,3.387e-8,6.044e-1,1.391e-19,2.769e-1,1.619e-23,3.613e+2,1.034e-20,3.134e-25,4.546e-20,6.106e-23,7.985e-5,6.066e-9,4.090e+0,3.855e+2,,4.912e+1,1.861e+1,,2.058e+1,1.209e-19,,1.043e-19,2.247e+3,6.340e-17,2.628e-19,5.805e-4,,,4.088e-1,1.709e-13,1.967e-2,3.695e-17,2.039e-17,,2.970e-19,6.409e-17
393.03,6.272e+3,6.664e-21,1.987e-8,6.818e-45,4.919e-16,5.900e-34,,4.619e-3,2.925e-22,,4.237e-1,5.564e-21,4.511e-28,4.924e-15,1.795e-19,3.700e-12,,7.490e-9,,1.915e-10,3.138e+3,2.086e-34,4.208e+1,1.473e-5,2.785e-8,5.701e-1,1.391e-19,2.481e-1,1.620e-23,3.503e+2,1.035e-20,7.609e-25,4.548e-20,6.108e-23,5.109e-5,1.273e-8,3.720e+0,3.726e+2,,5.065e+1,1.564e+1,,2.031e+1,1.210e-19,,1.042e-19,2.276e+3,6.321e-17,2.567e-19,9.928e-4,,,5.268e-1,6.968e-14,2.380e-2,3.692e-17,2.041e-17,,2.942e-19,6.412e-17
393.05,6.523e+3,6.665e-21,1.557e-8,6.851e-45,4.689e-16,5.893e-34,,5.626e-3,2.927e-22,,5.920e-1,5.542e-21,4.472e-28,2.637e-15,1.792e-19,3.195e-12,,7.523e-9,,3.015e-10,3.405e+3,2.080e-34,4.083e+1,9.656e-6,2.430e-8,5.450e-1,1.391e-19,2.301e-1,1.620e-23,3.417e+2,1.035e-20,1.366e-24,4.549e-20,6.108e-23,3.769e-5,2.073e-8,3.470e+0,3.623e+2,,5.147e+1,1.385e+1,,2.025e+1,1.211e-19,,1.042e-19,2.282e+3,6.308e-17,2.526e-19,1.411e-3,,,6.200e-1,3.808e-14,2.736e-2,3.690e-17,2.042e-17,,2.923e-19,6.414e-17
393.07,6.765e+3,6.666e-21,1.215e-8,6.883e-45,4.463e-16,5.885e-34,,6.820e-3,2.928e-22,,8.231e-1,5.519e-21,4.433e-28,1.405e-15,1.789e-19,2.746e-12,,7.593e-9,,4.724e-10,3.677e+3,2.075e-34,3.949e+1,6.299e-6,2.109e-8,5.185e-1,1.392e-19,2.130e-1,1.621e-23,3.323e+2,1.036e-20,2.441e-24,4.551e-20,6.109e-23,2.767e-5,3.360e-8,3.221e+0,3.508e+2,,5.209e+1,1.220e+1,,2.028e+1,1.211e-19,,1.042e-19,2.276e+3,6.295e-17,2.485e-19,1.996e-3,,,7.261e-1,2.071e-14,3.161e-2,3.688e-17,2.042e-17,,2.904e-19,6.417e-17
393.1,7.107e+3,6.668e-21,8.292e-9,6.932e-45,4.132e-16,5.874e-34,,9.018e-3,2.930e-22,,1.337e+0,5.486e-21,4.374e-28,5.413e-16,1.784e-19,2.167e-12,,7.763e-9,,9.179e-10,4.086e+3,2.068e-34,3.734e+1,3.288e-6,1.690e-8,4.767e-1,1.392e-19,1.893e-1,1.622e-23,3.165e+2,1.036e-20,5.775e-24,4.553e-20,6.111e-23,1.725e-5,6.871e-8,2.854e+0,3.315e+2,,5.266e+1,9.988e+0,,2.052e+1,1.212e-19,,1.042e-19,2.247e+3,6.275e-17,2.424e-19,3.326e-3,,,9.117e-1,8.224e-15,3.935e-2,3.685e-17,2.044e-17,,2.876e-19,6.420e-17
393.12,7.318e+3,6.670e-21,6.389e-9,6.965e-45,3.918e-16,5.866e-34,,1.080e-2,2.932e-22,,1.836e+0,5.464e-21,4.335e-28,2.848e-16,1.781e-19,1.840e-12,,7.916e-9,,1.421e-9,4.358e+3,2.062e-34,3.582e+1,2.118e-6,1.448e-8,4.480e-1,1.392e-19,1.748e-1,1.622e-23,3.052e+2,1.037e-20,1.019e-23,4.554e-20,6.112e-23,1.250e-5,1.100e-7,2.617e+0,3.176e+2,,5.277e+1,8.690e+0,,2.080e+1,1.213e-19,,1.042e-19,2.213e+3,6.262e-17,2.383e-19,4.647e-3,,,1.055e+0,4.416e-15,4.550e-2,3.683e-17,2.044e-17,,2.858e-19,6.422e-17
393.15,7.604e+3,6.672e-21,4.281e-9,7.013e-45,3.604e-16,5.855e-34,,1.401e-2,2.934e-22,,2.929e+0,5.431e-21,4.277e-28,1.077e-16,1.777e-19,1.425e-12,,8.200e-9,,2.710e-9,4.755e+3,2.055e-34,3.343e+1,1.085e-6,1.139e-8,4.044e-1,1.392e-19,1.549e-1,1.623e-23,2.872e+2,1.038e-20,2.368e-23,4.556e-20,6.113e-23,7.648e-6,2.209e-7,2.276e+0,2.957e+2,,5.255e+1,6.987e+0,,2.140e+1,1.214e-19,,1.041e-19,2.145e+3,6.243e-17,2.321e-19,7.604e-3,,,1.300e+0,1.721e-15,5.630e-2,3.680e-17,2.046e-17,,2.829e-19,6.426e-17
393.17,7.770e+3,6.673e-21,3.258e-9,7.046e-45,3.400e-16,5.848e-34,,1.657e-2,2.935e-22,,3.973e+0,5.408e-21,4.238e-28,5.595e-17,1.774e-19,1.195e-12,,8.418e-9,,4.143e-9,5.008e+3,2.049e-34,3.178e+1,6.904e-7,9.644e-9,3.754e-1,1.393e-19,1.428e-1,1.624e-23,2.747e+2,1.038e-20,4.128e-23,4.558e-20,6.114e-23,5.477e-6,3.493e-7,2.061e+0,2.806e+2,,5.214e+1,6.004e+0,,2.190e+1,1.215e-19,,1.041e-19,2.087e+3,6.230e-17,2.280e-19,1.049e-2,,,1.485e+0,9.128e-16,6.462e-2,3.678e-17,2.047e-17,,2.811e-19,6.428e-17
393.2,7.980e+3,6.675e-21,2.144e-9,7.095e-45,3.104e-16,5.836e-34,,2.112e-2,2.937e-22,,6.220e+0,5.375e-21,4.179e-28,2.076e-17,1.769e-19,9.085e-13,,8.778e-9,,7.759e-9,5.364e+3,2.042e-34,2.923e+1,3.471e-7,7.444e-9,3.326e-1,1.393e-19,1.266e-1,1.625e-23,2.555e+2,1.039e-20,9.414e-23,4.560e-20,6.115e-23,3.288e-6,6.885e-7,1.760e+0,2.577e+2,,5.116e+1,4.739e+0,,2.282e+1,1.216e-19,,1.041e-19,1.985e+3,6.210e-17,2.219e-19,1.686e-2,,,1.798e+0,3.492e-16,7.885e-2,3.675e-17,2.048e-17,,2.783e-19,6.431e-17
393.22,8.091e+3,6.676e-21,1.612e-9,7.127e-45,2.913e-16,5.829e-34,,2.467e-2,2.939e-22,,8.335e+0,5.353e-21,4.140e-28,1.065e-17,1.766e-19,7.522e-13,,9.032e-9,,1.172e-8,5.580e+3,2.037e-34,2.751e+1,2.181e-7,6.225e-9,3.050e-1,1.393e-19,1.169e-1,1.625e-23,2.425e+2,1.039e-20,1.621e-22,4.561e-20,6.116e-23,2.325e-6,1.076e-6,1.574e+0,2.424e+2,,5.029e+1,4.022e+0,,2.351e+1,1.216e-19,,1.041e-19,1.908e+3,6.197e-17,2.178e-19,2.298e-2,,,2.029e+0,1.829e-16,8.955e-2,3.673e-17,2.049e-17,,2.764e-19,6.434e-17
393.25,8.209e+3,6.678e-21,1.041e-9,7.176e-45,2.635e-16,5.818e-34,,3.086e-2,2.941e-22,,1.281e+1,5.320e-21,4.081e-28,1.065e-17,1.762e-19,5.615e-13,,9.418e-9,,2.155e-8,5.867e+3,2.029e-34,2.492e+1,1.076e-7,4.716e-9,2.653e-1,1.393e-19,1.040e-1,1.626e-23,2.231e+2,1.040e-20,3.631e-22,4.563e-20,6.117e-23,1.370e-6,2.082e-6,1.319e+0,2.200e+2,,4.872e+1,3.116e+0,,2.466e+1,1.217e-19,,1.040e-19,1.781e+3,6.178e-17,2.117e-19,3.623e-2,,,2.410e+0,6.865e-17,1.075e-1,3.670e-17,2.050e-17,,2.736e-19,6.437e-17
393.27,8.255e+3,6.680e-21,7.731e-10,7.209e-45,2.457e-16,5.810e-34,,3.561e-2,2.942e-22,,1.696e+1,5.297e-21,4.042e-28,1.065e-17,1.759e-19,4.591e-13,,9.670e-9,,3.214e-8,6.028e+3,2.024e-34,2.320e+1,6.679e-8,3.896e-9,2.402e-1,1.394e-19,9.647e-2,1.627e-23,2.104e+2,1.041e-20,6.177e-22,4.565e-20,6.118e-23,9.570e-7,3.213e-6,1.165e+0,2.056e+2,,4.753e+1,2.612e+0,,2.548e+1,1.218e-19,,1.040e-19,1.691e+3,6.165e-17,2.076e-19,4.879e-2,,,2.686e+0,3.550e-17,1.206e-1,3.668e-17,2.051e-17,,2.717e-19,6.439e-17
393.3,8.273e+3,6.682e-21,4.902e-10,7.258e-45,2.200e-16,5.799e-34,,4.372e-2,2.945e-22,,2.559e+1,5.264e-21,3.983e-28,1.065e-17,1.754e-19,3.364e-13,,1.003e-8,,5.802e-8,6.222e+3,2.016e-34,2.067e+1,3.235e-8,2.897e-9,2.051e-1,1.394e-19,8.659e-2,1.628e-23,1.918e+2,1.041e-20,1.358e-21,4.567e-20,6.120e-23,5.534e-7,6.103e-6,9.585e-1,1.850e+2,,4.561e+1,1.986e+0,,2.677e+1,1.219e-19,,1.040e-19,1.549e+3,6.145e-17,2.014e-19,7.553e-2,,,3.132e+0,1.308e-17,1.422e-1,3.665e-17,2.052e-17,,2.689e-19,6.443e-17
393.32,8.250e+3,6.683e-21,3.596e-10,7.290e-45,2.037e-16,5.791e-34,,4.983e-2,2.946e-22,,3.345e+1,5.242e-21,3.944e-28,1.065e-17,1.751e-19,2.717e-13,,1.024e-8,,8.549e-8,6.315e+3,2.011e-34,1.903e+1,1.982e-8,2.363e-9,1.834e-1,1.394e-19,8.089e-2,1.628e-23,1.798e+2,1.042e-20,2.282e-21,4.568e-20,6.121e-23,3.818e-7,9.304e-6,8.363e-1,1.720e+2,,4.431e+1,1.645e+0,,2.766e+1,1.219e-19,,1.040e-19,1.453e+3,6.132e-17,1.973e-19,1.005e-1,,,3.449e+0,,1.577e-1,3.663e-17,2.053e-17,,2.670e-19,6.445e-17
393.35,8.165e+3,6.685e-21,2.239e-10,7.339e-45,1.804e-16,5.780e-34,,6.006e-2,2.948e-22,,4.955e+1,5.209e-21,3.885e-28,1.065e-17,1.747e-19,1.953e-13,,1.052e-8,,1.515e-7,6.397e+3,2.003e-34,1.667e+1,9.422e-9,1.725e-9,1.537e-1,1.394e-19,7.354e-2,1.629e-23,1.626e+2,1.043e-20,4.927e-21,4.570e-20,6.122e-23,2.167e-7,1.735e-5,6.752e-1,1.540e+2,,4.240e+1,1.228e+0,,2.900e+1,1.220e-19,,1.040e-19,1.307e+3,6.113e-17,1.912e-19,1.527e-1,,,3.948e+0,,1.825e-1,3.660e-17,2.054e-17,,2.642e-19,6.448e-17
393.37,8.075e+3,6.686e-21,1.623e-10,7.372e-45,1.658e-16,5.773e-34,,6.761e-2,2.949e-22,,6.400e+1,5.186e-21,3.846e-28,1.065e-17,1.744e-19,1.558e-13,,1.067e-8,,2.205e-7,6.413e+3,1.998e-34,1.518e+1,5.702e-9,1.390e-9,1.358e-1,1.395e-19,6.937e-2,1.630e-23,1.518e+2,1.043e-20,8.179e-21,4.572e-20,6.123e-23,1.476e-7,2.613e-5,5.818e-1,1.430e+2,,4.122e+1,1.004e+0,,2.990e+1,1.221e-19,,1.039e-19,1.210e+3,6.100e-17,1.871e-19,2.006e-1,,,4.294e+0,,1.999e-1,3.658e-17,2.055e-17,,2.624e-19,6.451e-17
393.4,7.894e+3,6.688e-21,9.921e-11,7.421e-45,1.453e-16,5.761e-34,,8.001e-2,2.952e-22,,9.307e+1,5.153e-21,3.788e-28,1.065e-17,1.739e-19,1.100e-13,,1.083e-8,,3.837e-7,6.377e+3,1.990e-34,1.307e+1,2.660e-9,9.957e-10,1.117e-1,1.395e-19,6.408e-2,1.631e-23,1.366e+2,1.044e-20,1.734e-20,4.574e-20,6.124e-23,8.224e-8,4.786e-5,4.611e-1,1.280e+2,,3.973e+1,7.356e-1,,3.124e+1,1.222e-19,,1.039e-19,1.069e+3,6.080e-17,1.810e-19,2.993e-1,,,4.825e+0,,2.272e-1,3.655e-17,2.056e-17,,2.596e-19,6.454e-17
393.42,7.747e+3,6.690e-21,7.107e-11,7.453e-45,1.327e-16,5.754e-34,,8.896e-2,2.953e-22,,1.187e+2,5.131e-21,3.748e-28,1.065e-17,1.736e-19,8.665e-14,,1.088e-8,,5.517e-7,6.315e+3,1.985e-34,1.176e+1,1.590e-9,7.923e-10,9.749e-2,1.395e-19,6.112e-2,1.631e-23,1.271e+2,1.045e-20,2.843e-20,4.575e-20,6.125e-23,5.534e-8,7.119e-5,3.925e-1,1.190e+2,,3.898e+1,5.942e-1,,3.213e+1,1.223e-19,,1.039e-19,9.775e+2,6.067e-17,1.769e-19,3.884e-1,,,5.183e+0,,2.458e-1,3.653e-17,2.057e-17,,2.577e-19,6.456e-17
393.44,7.580e+3,6.691e-21,5.070e-11,7.486e-45,1.209e-16,5.746e-34,,9.843e-2,2.954e-22,,1.507e+2,5.109e-21,3.709e-28,1.065e-17,1.733e-19,6.792e-14,,1.090e-8,,7.894e-7,6.222e+3,1.980e-34,1.053e+1,9.456e-10,6.273e-10,8.465e-2,1.395e-19,5.857e-2,1.632e-23,1.182e+2,1.045e-20,4.639e-20,4.576e-20,6.126e-23,3.705e-8,1.054e-4,3.324e-1,1.107e+2,,3.849e+1,4.776e-1,,3.301e+1,1.223e-19,,1.039e-19,8.897e+2,6.055e-17,1.728e-19,5.016e-1,,,5.540e+0,,2.647e-1,3.651e-17,2.058e-17,,2.558e-19,6.459e-17
393.47,7.303e+3,6.693e-21,3.036e-11,7.535e-45,1.049e-16,5.735e-34,,1.135e-1,2.957e-22,,2.136e+2,5.075e-21,3.651e-28,1.065e-17,1.729e-19,4.671e-14,,1.085e-8,,1.339e-6,6.028e+3,1.972e-34,8.840e+0,4.297e-10,4.379e-10,6.785e-2,1.396e-19,5.537e-2,1.633e-23,1.060e+2,1.046e-20,9.584e-20,4.578e-20,6.127e-23,2.011e-8,1.881e-4,2.567e-1,9.976e+1,,3.834e+1,3.410e-1,,3.433e+1,1.224e-19,,1.039e-19,7.655e+2,6.035e-17,1.666e-19,7.293e-1,,,6.066e+0,,2.931e-1,3.648e-17,2.059e-17,,2.530e-19,6.462e-17
393.49,7.105e+3,6.694e-21,2.152e-11,7.567e-45,9.531e-17,5.727e-34,,1.240e-1,2.958e-22,,2.678e+2,5.053e-21,3.612e-28,1.065e-17,1.726e-19,3.616e-14,,1.077e-8,,1.892e-6,5.867e+3,1.967e-34,7.823e+0,2.524e-10,3.424e-10,5.818e-2,1.396e-19,5.360e-2,1.633e-23,9.849e+1,1.046e-20,1.545e-19,4.580e-20,6.128e-23,1.329e-8,2.750e-4,2.147e-1,9.332e+1,,3.870e+1,2.708e-1,,3.522e+1,1.225e-19,,1.038e-19,6.881e+2,6.022e-17,1.625e-19,9.303e-1,,,6.404e+0,,3.118e-1,3.646e-17,2.060e-17,,2.511e-19,6.464e-17
393.52,6.799e+3,6.696e-21,1.289e-11,7.616e-45,8.273e-17,5.716e-34,,1.404e-1,2.960e-22,,3.726e+2,5.020e-21,3.553e-28,1.065e-17,1.721e-19,2.441e-14,,1.059e-8,,3.150e-6,5.580e+3,1.959e-34,6.454e+0,1.126e-10,2.346e-10,4.577e-2,1.396e-19,5.137e-2,1.634e-23,8.825e+1,1.047e-20,3.134e-19,4.582e-20,6.130e-23,7.081e-9,4.819e-4,1.627e-1,8.481e+1,,4.007e+1,1.899e-1,,3.659e+1,1.226e-19,,1.038e-19,5.811e+2,6.003e-17,1.564e-19,1.328e+0,,,6.884e+0,,3.389e-1,3.643e-17,2.061e-17,,2.483e-19,6.468e-17
393.54,6.598e+3,6.698e-21,9.263e-12,7.649e-45,7.554e-17,5.709e-34,,1.516e-1,2.961e-22,,4.615e+2,4.998e-21,3.514e-28,1.065e-17,1.718e-19,1.866e-14,,1.042e-8,,4.397e-6,5.364e+3,1.954e-34,5.643e+0,6.529e-11,1.812e-10,3.877e-2,1.396e-19,5.010e-2,1.635e-23,8.204e+1,1.048e-20,4.990e-19,4.583e-20,6.131e-23,4.624e-9,6.961e-4,1.344e-1,7.984e+1,,4.160e+1,1.491e-1,,3.755e+1,1.227e-19,,1.038e-19,5.160e+2,5.990e-17,1.523e-19,1.673e+0,,,7.179e+0,,3.560e-1,3.641e-17,2.062e-17,,2.465e-19,6.470e-17
393.57,6.312e+3,6.700e-21,5.888e-12,7.697e-45,6.657e-17,5.697e-34,,1.684e-1,2.964e-22,,6.303e+2,4.964e-21,3.455e-28,1.065e-17,1.713e-19,1.237e-14,,1.012e-8,,7.187e-6,5.008e+3,1.946e-34,4.575e+0,2.858e-11,1.219e-10,2.994e-2,1.397e-19,4.844e-2,1.636e-23,7.358e+1,1.048e-20,9.937e-19,4.585e-20,6.132e-23,2.417e-9,1.197e-3,1.000e-1,7.326e+1,,4.493e+1,1.030e-1,,3.909e+1,1.228e-19,,1.038e-19,4.277e+2,5.970e-17,1.462e-19,2.345e+0,,,7.575e+0,,3.799e-1,3.638e-17,2.063e-17,,2.437e-19,6.473e-17
393.59,6.142e+3,6.701e-21,4.591e-12,7.730e-45,6.181e-17,5.690e-34,,1.796e-1,2.965e-22,,7.712e+2,4.942e-21,3.416e-28,1.065e-17,1.710e-19,9.339e-15,,9.886e-9,,9.912e-6,4.755e+3,1.941e-34,3.956e+0,1.637e-11,9.296e-11,2.505e-2,1.397e-19,4.745e-2,1.636e-23,6.845e+1,1.049e-20,1.563e-18,4.587e-20,6.133e-23,1.559e-9,1.709e-3,8.160e-2,6.938e+1,,4.791e+1,8.020e-2,,4.021e+1,1.228e-19,,1.038e-19,3.751e+2,5.957e-17,1.421e-19,2.919e+0,,,7.802e+0,,3.943e-1,3.636e-17,2.064e-17,,2.418e-19,6.476e-17
393.62,5.934e+3,6.703e-21,3.599e-12,7.779e-45,5.649e-17,5.679e-34,,1.959e-1,2.967e-22,,1.034e+3,4.909e-21,3.357e-28,1.065e-17,1.706e-19,6.073e-15,,9.511e-9,,1.590e-5,4.358e+3,1.933e-34,3.155e+0,7.032e-12,6.136e-11,1.899e-2,1.397e-19,4.603e-2,1.637e-23,6.147e+1,1.050e-20,3.056e-18,4.589e-20,6.134e-23,7.999e-10,2.886e-3,5.959e-2,6.418e+1,,5.362e+1,5.513e-2,,4.208e+1,1.229e-19,,1.037e-19,3.052e+2,5.938e-17,1.359e-19,4.015e+0,,,8.082e+0,,4.132e-1,3.633e-17,2.065e-17,,2.390e-19,6.479e-17
393.64,5.837e+3,6.704e-21,3.401e-12,7.811e-45,5.417e-17,5.671e-34,,2.063e-1,2.969e-22,,1.250e+3,4.887e-21,3.318e-28,1.065e-17,1.703e-19,4.530e-15,,9.250e-9,,2.167e-5,4.086e+3,1.928e-34,2.702e+0,3.979e-12,4.623e-11,1.569e-2,1.397e-19,4.510e-2,1.638e-23,5.723e+1,1.050e-20,4.749e-18,4.590e-20,6.135e-23,5.095e-10,4.067e-3,4.802e-2,6.104e+1,,5.831e+1,4.321e-2,,4.346e+1,1.230e-19,,1.037e-19,2.644e+2,5.925e-17,1.318e-19,4.936e+0,,,8.223e+0,,4.236e-1,3.631e-17,2.066e-17,,2.371e-19,6.481e-17
393.67,5.771e+3,6.706e-21,3.620e-12,7.860e-45,5.251e-17,5.660e-34,,2.209e-1,2.971e-22,,1.645e+3,4.853e-21,3.259e-28,1.065e-17,1.698e-19,2.891e-15,,8.858e-9,,3.413e-5,3.677e+3,1.920e-34,2.130e+0,1.677e-12,2.995e-11,1.167e-2,1.398e-19,4.368e-2,1.639e-23,5.141e+1,1.051e-20,9.116e-18,4.592e-20,6.136e-23,2.566e-10,6.744e-3,3.442e-2,5.673e+1,,6.673e+1,3.084e-2,,4.580e+1,1.231e-19,,1.037e-19,2.112e+2,5.905e-17,1.257e-19,6.667e+0,,,8.361e+0,,4.359e-1,3.628e-17,2.068e-17,,2.343e-19,6.485e-17
393.69,5.792e+3,6.708e-21,4.055e-12,7.893e-45,5.259e-17,5.652e-34,,2.298e-1,2.972e-22,,1.964e+3,4.831e-21,3.220e-28,1.065e-17,1.695e-19,2.130e-15,,8.603e-9,,4.593e-5,3.405e+3,1.915e-34,1.815e+0,9.372e-13,2.229e-11,9.525e-3,1.398e-19,4.268e-2,1.639e-23,4.785e+1,1.051e-20,1.399e-17,4.594e-20,6.137e-23,1.614e-10,9.389e-3,2.740e-2,5.406e+1,,7.330e+1,2.557e-2,,4.754e+1,1.231e-19,,1.037e-19,1.807e+2,5.892e-17,1.216e-19,8.097e+0,,,8.402e+0,,4.416e-1,3.626e-17,2.068e-17,,2.324e-19,6.487e-17
393.72,5.936e+3,6.709e-21,5.101e-12,7.942e-45,5.449e-17,5.641e-34,,2.416e-1,2.974e-22,,2.538e+3,4.798e-21,3.162e-28,1.065e-17,1.691e-19,1.334e-15,,8.247e-9,,7.104e-5,3.007e+3,1.907e-34,1.433e+0,3.878e-13,1.417e-11,6.957e-3,1.398e-19,4.107e-2,1.640e-23,4.293e+1,1.052e-20,2.638e-17,4.596e-20,6.139e-23,7.978e-11,1.528e-2,1.928e-2,5.029e+1,,8.463e+1,2.136e-2,,5.046e+1,1.232e-19,,1.037e-19,1.416e+2,5.873e-17,1.155e-19,1.074e+1,,,8.387e+0,,4.465e-1,3.623e-17,2.070e-17,,2.296e-19,6.490e-17
393.74,6.120e+3,6.711e-21,6.063e-12,7.974e-45,5.690e-17,5.633e-34,,2.482e-1,2.976e-22,,2.992e+3,4.776e-21,3.122e-28,1.065e-17,1.688e-19,9.709e-16,,8.034e-9,,9.443e-5,2.751e+3,1.902e-34,1.233e+0,2.140e-13,1.042e-11,5.607e-3,1.398e-19,3.991e-2,1.641e-23,3.989e+1,1.053e-20,4.000e-17,4.597e-20,6.140e-23,4.957e-11,2.102e-2,1.516e-2,4.790e+1,,9.318e+1,2.077e-2,,5.262e+1,1.233e-19,,1.036e-19,1.197e+2,5.860e-17,1.114e-19,1.288e+1,,,8.325e+0,,4.472e-1,3.621e-17,2.071e-17,,2.277e-19,6.492e-17
393.77,6.544e+3,6.713e-21,7.931e-12,8.023e-45,6.221e-17,5.622e-34,,2.562e-1,2.978e-22,,3.796e+3,4.742e-21,3.064e-28,1.065e-17,1.683e-19,5.970e-16,,7.763e-9,,1.434e-4,2.385e+3,1.894e-34,1.009e+0,8.689e-14,6.503e-12,4.020e-3,1.399e-19,3.803e-2,1.642e-23,3.567e+1,1.053e-20,7.401e-17,4.599e-20,6.141e-23,2.405e-11,3.360e-2,1.047e-2,4.448e+1,,1.075e+2,2.310e-2,,5.616e+1,1.234e-19,,1.036e-19,9.211e+1,5.840e-17,1.052e-19,1.676e+1,,,8.157e+0,,4.446e-1,3.618e-17,2.072e-17,,2.249e-19,6.496e-17
393.79,6.935e+3,6.714e-21,9.490e-12,8.056e-45,6.683e-17,5.615e-34,,2.600e-1,2.979e-22,,4.422e+3,4.720e-21,3.025e-28,1.065e-17,1.680e-19,4.291e-16,,7.620e-9,,1.883e-4,2.155e+3,1.889e-34,9.074e-1,4.735e-14,4.720e-12,3.200e-3,1.399e-19,3.668e-2,1.642e-23,3.305e+1,1.054e-20,1.109e-16,4.601e-20,6.142e-23,1.475e-11,4.565e-2,8.128e-3,4.232e+1,,1.179e+2,2.695e-2,,5.871e+1,1.235e-19,,1.036e-19,7.688e+1,5.827e-17,1.011e-19,1.986e+1,,,7.997e+0,,4.405e-1,3.616e-17,2.073e-17,,2.231e-19,6.498e-17
393.81,7.421e+3,6.715e-21,1.133e-11,8.088e-45,7.228e-17,5.607e-34,,2.625e-1,2.981e-22,,5.125e+3,4.698e-21,2.986e-28,1.065e-17,1.677e-19,3.068e-16,,7.511e-9,,2.460e-4,1.938e+3,1.884e-34,8.424e-1,2.568e-14,3.409e-12,2.535e-3,1.399e-19,3.526e-2,1.643e-23,3.058e+1,1.054e-20,1.653e-16,4.602e-20,6.143e-23,9.008e-12,6.171e-2,6.280e-3,4.024e+1,,1.292e+2,3.290e-2,,6.141e+1,1.235e-19,,1.036e-19,6.385e+1,5.814e-17,9.705e-20,2.342e+1,,,7.802e+0,,4.349e-1,3.614e-17,2.073e-17,,2.212e-19,6.500e-17
393.84,8.337e+3,6.717e-21,1.469e-11,8.137e-45,8.192e-17,5.596e-34,,2.640e-1,2.983e-22,,6.336e+3,4.665e-21,2.927e-28,1.065e-17,1.673e-19,1.838e-16,,7.415e-9,,3.640e-4,1.637e+3,1.876e-34,8.136e-1,1.016e-14,2.073e-12,1.771e-3,1.399e-19,3.301e-2,1.644e-23,2.713e+1,1.055e-20,2.981e-16,4.604e-20,6.144e-23,4.257e-12,9.612e-2,4.226e-3,3.734e+1,,1.472e+2,4.655e-2,,6.568e+1,1.236e-19,,1.036e-19,4.788e+1,5.795e-17,9.091e-20,2.971e+1,,,7.450e+0,,4.238e-1,3.611e-17,2.075e-17,,2.184e-19,6.504e-17
393.86,9.079e+3,6.719e-21,1.739e-11,8.170e-45,8.925e-17,5.588e-34,,2.634e-1,2.984e-22,,7.254e+3,4.643e-21,2.888e-28,1.065e-17,1.670e-19,1.298e-16,,7.397e-9,,4.699e-4,1.454e+3,1.871e-34,8.417e-1,5.439e-15,1.479e-12,1.385e-3,1.399e-19,3.144e-2,1.645e-23,2.500e+1,1.056e-20,4.389e-16,4.606e-20,6.145e-23,2.567e-12,1.284e-1,3.226e-3,3.557e+1,,1.601e+2,5.958e-2,,6.864e+1,1.237e-19,,1.035e-19,3.927e+1,5.782e-17,8.682e-20,3.460e+1,,,7.179e+0,,4.151e-1,3.609e-17,2.076e-17,,2.165e-19,6.506e-17
393.89,1.040e+4,6.721e-21,2.220e-11,8.219e-45,1.015e-16,5.577e-34,,2.600e-1,2.986e-22,,8.804e+3,4.609e-21,2.829e-28,1.065e-17,1.665e-19,7.633e-17,,7.441e-9,,6.827e-4,1.205e+3,1.863e-34,9.603e-1,2.112e-15,8.828e-13,9.499e-4,1.400e-19,2.900e-2,1.645e-23,2.206e+1,1.056e-20,7.772e-16,4.608e-20,6.146e-23,1.191e-12,1.963e-1,2.132e-3,3.327e+1,,1.802e+2,8.682e-2,,7.318e+1,1.238e-19,,1.035e-19,2.891e+1,5.762e-17,8.068e-20,4.310e+1,,,6.728e+0,,4.010e-1,3.606e-17,2.077e-17,,2.137e-19,6.509e-17
393.91,1.142e+4,6.722e-21,2.599e-11,8.251e-45,1.103e-16,5.570e-34,,2.562e-1,2.988e-22,,9.956e+3,4.587e-21,2.790e-28,1.065e-17,1.662e-19,5.325e-17,,7.514e-9,,8.703e-4,1.057e+3,1.858e-34,1.096e+0,1.117e-15,6.220e-13,7.340e-4,1.400e-19,2.733e-2,1.646e-23,2.026e+1,1.057e-20,1.131e-15,4.609e-20,6.147e-23,7.090e-13,2.590e-1,1.609e-3,3.202e+1,,1.942e+2,1.115e-1,,7.621e+1,1.239e-19,,1.035e-19,2.342e+1,5.749e-17,7.659e-20,4.958e+1,,,6.404e+0,,3.915e-1,3.604e-17,2.078e-17,,2.118e-19,6.512e-17
393.94,1.315e+4,6.724e-21,3.266e-11,8.300e-45,1.245e-16,5.558e-34,,2.482e-1,2.990e-22,,1.186e+4,4.554e-21,2.731e-28,1.065e-17,1.658e-19,3.073e-17,,7.685e-9,,1.241e-3,8.607e+2,1.850e-34,1.397e+0,4.255e-16,3.644e-13,4.940e-4,1.400e-19,2.481e-2,1.647e-23,1.781e+1,1.058e-20,1.965e-15,4.611e-20,6.149e-23,3.228e-13,3.888e-1,1.046e-3,3.070e+1,,2.157e+2,1.614e-1,,8.067e+1,1.240e-19,,1.035e-19,1.692e+1,5.730e-17,7.045e-20,6.062e+1,,,5.892e+0,,3.784e-1,3.601e-17,2.079e-17,,2.090e-19,6.515e-17
393.96,1.445e+4,6.725e-21,3.782e-11,8.333e-45,1.344e-16,5.551e-34,,2.416e-1,2.991e-22,,1.325e+4,4.532e-21,2.692e-28,1.065e-17,1.655e-19,2.117e-17,,7.835e-9,,1.563e-3,7.457e+2,1.845e-34,1.672e+0,2.222e-16,2.536e-13,3.770e-4,1.400e-19,2.314e-2,1.648e-23,1.636e+1,1.058e-20,2.824e-15,4.612e-20,6.150e-23,1.898e-13,5.067e-1,7.830e-4,3.029e+1,,2.301e+2,2.056e-1,,8.353e+1,1.240e-19,,1.034e-19,1.354e+1,5.717e-17,6.635e-20,6.888e+1,,,5.540e+0,,3.713e-1,3.599e-17,2.080e-17,,2.072e-19,6.517e-17
393.99,1.658e+4,6.727e-21,4.675e-11,8.382e-45,1.497e-16,5.540e-34,,2.298e-1,2.993e-22,,1.550e+4,4.498e-21,2.633e-28,1.065e-17,1.650e-19,1.199e-17,,8.103e-9,,2.189e-3,5.958e+2,1.837e-34,2.220e+0,8.311e-17,1.458e-13,2.491e-4,1.401e-19,2.066e-2,1.648e-23,1.446e+1,1.059e-20,4.821e-15,4.615e-20,6.151e-23,8.482e-14,7.469e-1,5.069e-4,3.055e+1,,2.517e+2,2.929e-1,,8.753e+1,1.241e-19,,1.034e-19,9.602e+0,5.697e-17,6.021e-20,8.268e+1,,,5.004e+0,,3.646e-1,3.596e-17,2.081e-17,,2.044e-19,6.521e-17
394.01,1.812e+4,6.729e-21,5.356e-11,8.414e-45,1.600e-16,5.532e-34,,2.209e-1,2.995e-22,,1.710e+4,4.476e-21,2.594e-28,1.065e-17,1.647e-19,8.161e-18,,8.304e-9,,2.724e-3,5.099e+2,1.832e-34,2.690e+0,4.287e-17,1.002e-13,1.878e-4,1.401e-19,1.905e-2,1.649e-23,1.338e+1,1.059e-20,6.843e-15,4.616e-20,6.152e-23,4.927e-14,9.614e-1,3.820e-4,3.144e+1,,2.659e+2,3.688e-1,,8.995e+1,1.242e-19,,1.034e-19,7.589e+0,5.684e-17,5.612e-20,9.281e+1,,,4.646e+0,,3.641e-1,3.594e-17,2.082e-17,,2.025e-19,6.523e-17
394.04,2.059e+4,6.731e-21,6.515e-11,8.463e-45,1.754e-16,5.521e-34,,2.063e-1,2.997e-22,,1.964e+4,4.443e-21,2.536e-28,1.065e-17,1.642e-19,4.538e-18,,8.625e-9,,3.745e-3,3.999e+2,1.824e-34,3.585e+0,4.267e-17,5.658e-14,1.218e-4,1.401e-19,1.672e-2,1.650e-23,1.207e+1,1.060e-20,1.147e-14,4.618e-20,6.153e-23,2.161e-14,1.391e+0,2.585e-4,3.410e+1,,2.864e+2,5.163e-1,,9.309e+1,1.243e-19,,1.034e-19,5.283e+0,5.665e-17,4.998e-20,1.094e+2,,,4.120e+0,,3.713e-1,3.591e-17,2.083e-17,,1.997e-19,6.526e-17
394.06,2.232e+4,6.732e-21,7.385e-11,8.496e-45,1.855e-16,5.513e-34,,1.959e-1,2.998e-22,,2.141e+4,4.421e-21,2.496e-28,1.065e-17,1.639e-19,3.050e-18,,8.843e-9,,4.602e-3,3.380e+2,1.819e-34,4.328e+0,4.254e-17,3.840e-14,9.065e-5,1.401e-19,1.525e-2,1.651e-23,1.142e+1,1.061e-20,1.608e-14,4.619e-20,6.154e-23,1.239e-14,1.769e+0,2.088e-4,3.692e+1,,2.994e+2,6.423e-1,,9.480e+1,1.243e-19,,1.034e-19,4.124e+0,5.652e-17,9.634e-20,1.213e+2,,,3.779e+0,,3.828e-1,3.589e-17,2.084e-17,,1.978e-19,6.529e-17
394.09,2.502e+4,6.734e-21,8.844e-11,8.544e-45,1.998e-16,5.502e-34,,1.796e-1,3.000e-22,,2.413e+4,4.387e-21,2.438e-28,1.065e-17,1.635e-19,1.665e-18,,9.162e-9,,6.211e-3,2.603e+2,1.811e-34,5.705e+0,4.235e-17,2.128e-14,5.770e-5,1.402e-19,1.316e-2,1.651e-23,1.078e+1,1.061e-20,2.646e-14,4.622e-20,6.155e-23,5.335e-15,2.514e+0,1.723e-4,4.307e+1,,3.175e+2,8.829e-1,,9.672e+1,1.244e-19,,1.033e-19,2.818e+0,5.632e-17,2.555e-19,1.403e+2,,,3.289e+0,,4.132e-1,3.586e-17,2.085e-17,,1.950e-19,6.532e-17
394.11,2.685e+4,6.735e-21,9.921e-11,8.577e-45,2.088e-16,5.494e-34,,1.684e-1,3.002e-22,,2.598e+4,4.365e-21,2.399e-28,1.065e-17,1.632e-19,1.105e-18,,9.360e-9,,7.540e-3,2.173e+2,1.806e-34,6.825e+0,4.222e-17,1.426e-14,4.243e-5,1.402e-19,1.187e-2,1.652e-23,1.060e+1,1.062e-20,3.665e-14,4.623e-20,6.156e-23,3.022e-15,3.157e+0,1.699e-4,4.867e+1,,3.284e+2,1.085e+0,,9.753e+1,1.245e-19,,1.033e-19,2.173e+0,5.619e-17,4.865e-19,1.536e+2,,,2.980e+0,,4.439e-1,3.584e-17,2.086e-17,,1.931e-19,6.534e-17
394.14,2.963e+4,6.737e-21,1.170e-10,8.626e-45,2.209e-16,5.483e-34,,1.516e-1,3.004e-22,,2.876e+4,4.332e-21,2.340e-28,1.065e-17,1.627e-19,5.919e-19,,9.624e-9,,9.992e-3,1.642e+2,1.798e-34,8.858e+0,4.202e-17,7.758e-15,2.651e-5,1.402e-19,1.009e-2,1.653e-23,1.072e+1,1.063e-20,5.921e-14,4.625e-20,6.158e-23,1.277e-15,4.404e+0,1.977e-4,5.974e+1,,3.427e+2,1.464e+0,,9.800e+1,1.246e-19,,1.033e-19,1.457e+0,5.600e-17,1.267e-18,1.745e+2,,,2.546e+0,,5.092e-1,3.581e-17,2.087e-17,,1.903e-19,6.538e-17
394.16,3.145e+4,6.739e-21,1.299e-10,8.658e-45,2.281e-16,5.476e-34,,1.404e-1,3.005e-22,,3.058e+4,4.310e-21,2.301e-28,1.065e-17,1.624e-19,3.880e-19,,9.769e-9,,1.198e-2,1.354e+2,1.793e-34,1.048e+1,4.189e-17,5.137e-15,1.925e-5,1.402e-19,9.006e-3,1.654e-23,1.107e+1,1.063e-20,8.102e-14,4.626e-20,6.159e-23,7.145e-16,5.465e+0,2.386e-4,6.917e+1,,3.507e+2,1.777e+0,,9.781e+1,1.247e-19,,1.033e-19,1.110e+0,5.587e-17,2.383e-18,1.888e+2,,,2.278e+0,,5.678e-1,3.579e-17,2.088e-17,,3.667e-19,6.540e-17
394.18,3.325e+4,6.740e-21,1.437e-10,8.691e-45,2.343e-16,5.468e-34,,1.294e-1,3.007e-22,,3.236e+4,4.287e-21,2.262e-28,1.065e-17,1.621e-19,2.531e-19,,9.884e-9,,1.430e-2,1.111e+2,1.788e-34,1.234e+1,4.176e-17,3.384e-15,1.392e-5,1.403e-19,8.018e-3,1.654e-23,1.167e+1,1.064e-20,1.103e-13,4.628e-20,6.160e-23,3.978e-16,6.747e+0,3.005e-4,8.049e+1,,3.573e+2,2.147e+0,,9.720e+1,1.247e-19,,1.033e-19,8.411e-1,5.574e-17,4.462e-18,2.032e+2,,,2.029e+0,,6.404e-1,3.577e-17,2.089e-17,,7.033e-19,6.542e-17
394.21,3.581e+4,6.742e-21,1.660e-10,8.740e-45,2.417e-16,5.457e-34,,1.135e-1,3.009e-22,,3.490e+4,4.254e-21,2.203e-28,1.065e-17,1.617e-19,1.321e-19,,9.992e-9,,1.846e-2,8.182e+1,1.780e-34,1.563e+1,4.157e-17,1.793e-15,8.471e-6,1.403e-19,6.708e-3,1.655e-23,1.302e+1,1.064e-20,1.737e-13,4.630e-20,6.161e-23,1.637e-16,9.172e+0,4.419e-4,1.015e+2,,3.646e+2,2.824e+0,,9.553e+1,1.248e-19,,1.032e-19,5.497e-1,5.554e-17,1.133e-17,2.249e+2,,,1.689e+0,,7.796e-1,3.574e-17,2.090e-17,,1.851e-18,6.546e-17
394.23,3.742e+4,6.743e-21,1.819e-10,8.772e-45,2.453e-16,5.449e-34,,1.033e-1,3.010e-22,,3.648e+4,4.232e-21,2.164e-28,1.065e-17,1.614e-19,8.510e-20,,1.002e-8,,2.176e-2,6.631e+1,1.775e-34,1.819e+1,4.144e-17,1.167e-15,6.046e-6,1.403e-19,5.951e-3,1.656e-23,1.426e+1,1.065e-20,2.337e-13,4.631e-20,6.162e-23,9.001e-17,1.119e+1,5.775e-4,1.185e+2,,3.675e+2,3.369e+0,,9.395e+1,1.249e-19,,1.032e-19,4.114e-1,5.541e-17,2.095e-17,2.392e+2,,,1.485e+0,,8.952e-1,3.572e-17,2.091e-17,,3.506e-18,6.548e-17
394.26,3.961e+4,6.745e-21,2.072e-10,8.821e-45,2.485e-16,5.438e-34,,8.896e-2,3.012e-22,,3.863e+4,4.199e-21,2.105e-28,1.065e-17,1.609e-19,4.359e-20,,9.977e-9,,2.759e-2,4.793e+1,1.767e-34,2.264e+1,4.124e-17,6.068e-16,3.613e-6,1.403e-19,4.989e-3,1.657e-23,1.663e+1,1.066e-20,3.612e-13,4.633e-20,6.163e-23,3.636e-17,1.493e+1,8.645e-4,1.492e+2,,3.690e+2,4.351e+0,,9.093e+1,1.250e-19,,1.032e-19,2.639e-1,5.522e-17,5.221e-17,2.599e+2,,,1.214e+0,,1.108e+0,3.569e-17,2.092e-17,,9.058e-18,6.551e-17
394.28,4.090e+4,6.747e-21,2.249e-10,8.854e-45,2.491e-16,5.431e-34,,8.001e-2,3.014e-22,,3.988e+4,4.176e-21,2.066e-28,1.065e-17,1.606e-19,2.774e-20,,9.898e-9,,3.213e-2,3.837e+1,1.762e-34,2.603e+1,4.111e-17,3.900e-16,2.547e-6,1.404e-19,4.463e-3,1.657e-23,1.859e+1,1.066e-20,4.800e-13,4.635e-20,6.164e-23,1.974e-17,1.799e+1,1.128e-3,1.734e+2,,3.680e+2,5.128e+0,,8.854e+1,1.250e-19,,1.032e-19,1.951e-1,5.509e-17,9.539e-17,2.730e+2,,,1.055e+0,,1.279e+0,3.567e-17,2.093e-17,,1.695e-17,6.554e-17
394.31,4.253e+4,6.749e-21,2.527e-10,8.903e-45,2.477e-16,5.419e-34,,6.761e-2,3.016e-22,,4.146e+4,4.143e-21,2.007e-28,1.065e-17,1.602e-19,1.395e-20,,9.701e-9,,3.999e-2,2.723e+1,1.754e-34,3.181e+1,4.092e-17,1.991e-16,1.494e-6,1.404e-19,3.850e-3,1.658e-23,2.211e+1,1.067e-20,7.285e-13,4.637e-20,6.165e-23,7.827e-18,2.357e+1,1.671e-3,2.159e+2,,3.635e+2,6.502e+0,,8.450e+1,1.251e-19,,1.032e-19,1.229e-1,5.489e-17,2.335e-16,2.912e+2,,,8.461e-1,,1.585e+0,3.564e-17,2.094e-17,,4.301e-17,6.557e-17
394.33,4.340e+4,6.750e-21,2.719e-10,8.935e-45,2.452e-16,5.412e-34,,6.006e-2,3.017e-22,,4.228e+4,4.121e-21,1.968e-28,1.065e-17,1.599e-19,8.765e-21,,9.518e-9,,4.600e-2,2.153e+1,1.749e-34,3.615e+1,4.079e-17,1.264e-16,1.040e-6,1.404e-19,3.559e-3,1.659e-23,2.486e+1,1.067e-20,9.563e-13,4.638e-20,6.166e-23,4.198e-18,2.806e+1,2.160e-3,2.488e+2,,3.587e+2,7.569e+0,,8.156e+1,1.252e-19,,1.031e-19,8.971e-2,5.476e-17,4.214e-16,3.021e+2,,,7.261e-1,,1.824e+0,3.562e-17,2.095e-17,,7.953e-17,6.559e-17
394.36,4.433e+4,6.752e-21,3.016e-10,8.984e-45,2.394e-16,5.401e-34,,4.983e-2,3.019e-22,,4.315e+4,4.088e-21,1.910e-28,1.065e-17,1.594e-19,4.326e-21,,9.170e-9,,5.622e-2,1.500e+1,1.742e-34,4.339e+1,4.059e-17,6.331e-17,5.991e-7,1.404e-19,3.303e-3,1.660e-23,2.961e+1,1.068e-20,1.425e-12,4.640e-20,6.168e-23,1.633e-18,3.609e+1,3.145e-3,3.054e+2,,3.488e+2,9.422e+0,,7.694e+1,1.253e-19,,1.031e-19,5.545e-2,5.457e-17,1.013e-15,3.163e+2,,,5.718e-1,,2.241e+0,3.559e-17,2.097e-17,,1.981e-16,6.563e-17
394.38,4.471e+4,6.753e-21,3.219e-10,9.017e-45,2.342e-16,5.393e-34,,4.372e-2,3.021e-22,,4.347e+4,4.065e-21,1.870e-28,1.065e-17,1.591e-19,2.685e-21,,8.893e-9,,6.387e-2,1.171e+1,1.736e-34,4.872e+1,4.046e-17,3.969e-17,4.122e-7,1.405e-19,3.258e-3,1.660e-23,3.321e+1,1.069e-20,1.848e-12,4.642e-20,6.169e-23,8.652e-19,4.243e+1,4.017e-3,3.482e+2,,3.405e+2,1.084e+1,,7.380e+1,1.254e-19,,1.031e-19,3.999e-2,5.444e-17,1.806e-15,3.242e+2,,,4.847e-1,,2.559e+0,3.558e-17,2.097e-17,,3.619e-16,6.565e-17
394.41,4.487e+4,6.755e-21,3.528e-10,9.066e-45,2.244e-16,5.382e-34,,3.561e-2,3.023e-22,,4.355e+4,4.032e-21,1.812e-28,1.065e-17,1.587e-19,1.301e-21,,8.419e-9,,7.664e-2,8.007e+0,1.729e-34,5.744e+1,4.027e-17,1.952e-17,2.334e-7,1.405e-19,3.390e-3,1.661e-23,3.926e+1,1.069e-20,2.703e-12,4.644e-20,6.170e-23,3.304e-19,5.359e+1,5.746e-3,4.202e+2,,3.260e+2,1.324e+1,,6.915e+1,1.255e-19,,1.031e-19,2.426e-2,5.424e-17,4.262e-15,3.333e+2,,,3.747e-1,,3.102e+0,3.555e-17,2.099e-17,,8.854e-16,6.568e-17
394.43,4.472e+4,6.757e-21,3.735e-10,9.098e-45,2.168e-16,5.374e-34,,3.086e-2,3.024e-22,,4.334e+4,4.010e-21,1.773e-28,1.065e-17,1.584e-19,7.974e-22,,8.069e-9,,8.602e-2,6.176e+0,1.723e-34,6.373e+1,4.014e-17,1.209e-17,1.591e-7,1.405e-19,3.620e-3,1.662e-23,4.372e+1,1.070e-20,3.463e-12,4.645e-20,6.171e-23,1.729e-19,6.224e+1,7.250e-3,4.736e+2,,3.150e+2,1.504e+1,,6.617e+1,1.255e-19,,1.031e-19,1.728e-2,5.411e-17,7.509e-15,3.374e+2,,,3.137e-1,,3.508e+0,3.553e-17,2.099e-17,,1.598e-15,6.571e-17
394.46,4.411e+4,6.759e-21,4.048e-10,9.147e-45,2.040e-16,5.363e-34,,2.467e-2,3.026e-22,,4.262e+4,3.977e-21,1.714e-28,1.065e-17,1.579e-19,3.792e-22,,7.503e-9,,1.013e-1,4.145e+0,1.716e-34,7.380e+1,3.995e-17,5.835e-18,8.967e-8,1.405e-19,4.200e-3,1.663e-23,5.105e+1,1.071e-20,4.974e-12,4.647e-20,6.172e-23,6.479e-20,7.718e+1,1.018e-2,5.616e+2,,2.969e+2,1.805e+1,,6.204e+1,1.256e-19,,1.030e-19,1.029e-2,5.392e-17,1.740e-14,3.406e+2,,,2.381e-1,,4.184e+0,3.550e-17,2.101e-17,,3.838e-15,6.574e-17
394.48,4.346e+4,6.760e-21,4.256e-10,9.180e-45,1.947e-16,5.355e-34,,2.112e-2,3.028e-22,,4.190e+4,3.954e-21,1.675e-28,1.065e-17,1.576e-19,2.296e-22,,7.105e-9,,1.124e-1,3.158e+0,1.710e-34,8.089e+1,3.982e-17,3.568e-18,6.197e-8,1.406e-19,4.757e-3,1.663e-23,5.634e+1,1.071e-20,6.294e-12,4.649e-20,6.173e-23,3.347e-20,8.854e+1,1.269e-2,6.255e+2,,2.841e+2,2.025e+1,,5.959e+1,1.257e-19,,1.030e-19,7.241e-3,5.379e-17,3.028e-14,3.406e+2,,,1.969e-1,,4.679e+0,3.548e-17,2.102e-17,,6.843e-15,6.576e-17
394.51,4.214e+4,6.762e-21,4.566e-10,9.228e-45,1.799e-16,5.344e-34,,1.657e-2,3.030e-22,,4.045e+4,3.921e-21,1.616e-28,1.065e-17,1.571e-19,1.071e-22,,6.488e-9,,1.300e-1,2.081e+0,1.703e-34,9.201e+1,3.962e-17,1.691e-18,3.825e-8,1.406e-19,5.883e-3,1.664e-23,6.483e+1,1.072e-20,8.877e-12,4.651e-20,6.174e-23,3.355e-20,1.078e+2,1.750e-2,7.285e+2,,2.640e+2,2.386e+1,,5.651e+1,1.258e-19,,1.030e-19,4.233e-3,5.359e-17,6.891e-14,3.374e+2,,,1.467e-1,,5.485e+0,3.545e-17,2.103e-17,,1.614e-14,6.580e-17
394.53,4.104e+4,6.763e-21,4.770e-10,9.261e-45,1.695e-16,5.337e-34,,1.401e-2,3.031e-22,,3.928e+4,3.899e-21,1.577e-28,1.065e-17,1.568e-19,6.407e-23,,6.071e-9,,1.424e-1,1.566e+0,1.698e-34,9.966e+1,3.949e-17,1.021e-18,3.097e-8,1.406e-19,6.847e-3,1.665e-23,7.084e+1,1.072e-20,1.110e-11,4.652e-20,6.175e-23,3.361e-20,1.221e+2,2.154e-2,8.015e+2,,2.503e+2,2.644e+1,,5.493e+1,1.259e-19,,1.030e-19,2.942e-3,5.346e-17,1.185e-13,3.333e+2,,,1.198e-1,,6.063e+0,3.543e-17,2.104e-17,,2.843e-14,6.582e-17
394.56,3.913e+4,6.765e-21,5.070e-10,9.310e-45,1.537e-16,5.325e-34,,1.080e-2,3.033e-22,,3.723e+4,3.866e-21,1.518e-28,1.065e-17,1.564e-19,2.935e-23,,5.445e-9,,1.617e-1,1.013e+0,1.690e-34,1.113e+2,3.930e-17,4.749e-19,3.033e-8,1.406e-19,8.656e-3,1.666e-23,8.028e+1,1.073e-20,1.537e-11,4.654e-20,6.177e-23,3.369e-20,1.460e+2,2.917e-2,9.166e+2,,2.295e+2,3.058e+1,,5.337e+1,1.260e-19,,1.029e-19,1.688e-3,5.327e-17,2.647e-13,3.242e+2,,,8.761e-2,,6.982e+0,3.540e-17,2.105e-17,,6.585e-14,6.585e-17
394.58,3.770e+4,6.766e-21,5.265e-10,9.342e-45,1.431e-16,5.318e-34,,9.018e-3,3.035e-22,,3.571e+4,3.843e-21,1.479e-28,1.065e-17,1.561e-19,1.733e-23,,5.033e-9,,1.750e-1,7.527e-1,1.685e-34,1.192e+2,3.917e-17,2.833e-19,3.685e-8,1.407e-19,1.013e-2,1.666e-23,8.682e+1,1.074e-20,1.897e-11,4.656e-20,6.178e-23,3.374e-20,1.634e+2,3.547e-2,9.963e+2,,2.158e+2,3.349e+1,,5.292e+1,1.260e-19,,1.029e-19,1.159e-3,5.314e-17,4.497e-13,3.163e+2,,,7.068e-2,,7.625e+0,3.538e-17,2.106e-17,,1.146e-13,6.587e-17
394.6,3.616e+4,6.768e-21,5.457e-10,9.375e-45,1.326e-16,5.310e-34,,7.495e-3,3.036e-22,,3.408e+4,3.821e-21,1.440e-28,1.065e-17,1.558e-19,1.019e-23,,4.631e-9,,1.884e-1,5.567e-1,1.679e-34,1.270e+2,3.904e-17,1.682e-19,5.022e-8,1.407e-19,1.184e-2,1.667e-23,9.351e+1,1.074e-20,2.331e-11,4.657e-20,6.179e-23,3.380e-20,1.820e+2,4.294e-2,1.078e+3,,2.023e+2,3.649e+1,,5.298e+1,1.261e-19,,1.029e-19,7.912e-4,5.301e-17,7.601e-13,3.072e+2,,,5.674e-2,,8.287e+0,3.536e-17,2.107e-17,,1.984e-13,6.590e-17
394.63,3.371e+4,6.770e-21,5.735e-10,9.424e-45,1.172e-16,5.299e-34,,5.626e-3,3.038e-22,,3.148e+4,3.788e-21,1.381e-28,1.064e-17,1.553e-19,4.546e-24,,4.052e-9,,2.087e-1,3.508e-1,1.672e-34,1.383e+2,3.884e-17,7.619e-20,8.869e-8,1.407e-19,1.490e-2,1.668e-23,1.037e+2,1.075e-20,3.146e-11,4.659e-20,6.180e-23,3.388e-20,2.120e+2,5.665e-2,1.201e+3,,1.828e+2,4.112e+1,,5.408e+1,1.262e-19,,1.029e-19,4.424e-4,5.281e-17,1.656e-12,2.912e+2,,,4.044e-2,,9.303e+0,3.533e-17,2.108e-17,,4.480e-13,6.593e-17
394.65,3.201e+4,6.771e-21,5.914e-10,9.456e-45,1.073e-16,5.292e-34,,4.619e-3,3.040e-22,,2.967e+4,3.766e-21,1.342e-28,1.064e-17,1.550e-19,2.639e-24,,3.685e-9,,2.221e-1,2.563e-1,1.666e-34,1.456e+2,3.871e-17,4.467e-20,1.329e-7,1.407e-19,1.729e-2,1.668e-23,1.106e+2,1.076e-20,3.819e-11,4.660e-20,6.181e-23,3.393e-20,2.333e+2,6.773e-2,1.283e+3,,1.704e+2,4.426e+1,,5.551e+1,1.262e-19,,1.029e-19,2.984e-4,5.268e-17,2.765e-12,2.792e+2,,,3.206e-2,,9.989e+0,3.531e-17,2.109e-17,,7.664e-13,6.595e-17
394.68,2.939e+4,6.773e-21,6.173e-10,9.505e-45,9.305e-17,5.280e-34,,3.404e-3,3.042e-22,,2.691e+4,3.732e-21,1.284e-28,1.064e-17,1.546e-19,1.156e-24,,3.170e-9,,2.416e-1,1.585e-1,1.659e-34,1.559e+2,3.852e-17,1.987e-20,2.456e-7,1.408e-19,2.147e-2,1.669e-23,1.208e+2,1.076e-20,5.060e-11,4.662e-20,6.182e-23,3.402e-20,2.668e+2,8.774e-2,1.404e+3,,1.530e+2,4.898e+1,,5.870e+1,1.263e-19,,1.028e-19,1.638e-4,5.249e-17,5.913e-12,2.599e+2,,,2.243e-2,,1.101e+1,3.528e-17,2.110e-17,,1.699e-12,6.599e-17
394.7,2.763e+4,6.774e-21,6.338e-10,9.538e-45,8.412e-17,5.273e-34,,2.760e-3,3.043e-22,,2.506e+4,3.710e-21,1.244e-28,1.064e-17,1.543e-19,6.627e-25,,2.853e-9,,2.541e-1,1.144e-1,1.654e-34,1.623e+2,3.839e-17,1.150e-20,3.691e-7,1.408e-19,2.467e-2,1.670e-23,1.275e+2,1.077e-20,6.068e-11,4.664e-20,6.183e-23,3.407e-20,2.900e+2,1.036e-1,1.482e+3,,1.422e+2,5.207e+1,,6.153e+1,1.264e-19,,1.028e-19,1.091e-4,5.236e-17,9.755e-12,2.462e+2,,,1.757e-2,,1.168e+1,3.526e-17,2.111e-17,,2.872e-12,6.601e-17
394.73,2.502e+4,6.776e-21,6.575e-10,9.587e-45,7.164e-17,5.261e-34,,1.997e-3,3.045e-22,,2.231e+4,3.677e-21,1.186e-28,1.064e-17,1.538e-19,2.849e-25,,2.418e-9,,2.717e-1,6.946e-2,1.646e-34,1.708e+2,3.819e-17,5.021e-21,6.748e-7,1.408e-19,3.014e-2,1.671e-23,1.373e+2,1.078e-20,7.894e-11,4.666e-20,6.184e-23,3.415e-20,3.257e+2,1.318e-1,1.592e+3,,1.276e+2,5.657e+1,,6.679e+1,1.265e-19,,1.028e-19,5.878e-5,5.216e-17,2.049e-11,2.249e+2,,,1.206e-2,,1.264e+1,3.523e-17,2.112e-17,,6.252e-12,6.604e-17
394.75,2.332e+4,6.778e-21,6.725e-10,9.619e-45,6.397e-17,5.254e-34,,1.599e-3,3.047e-22,,2.052e+4,3.655e-21,1.147e-28,1.064e-17,1.535e-19,1.613e-25,,2.157e-9,,2.825e-1,4.950e-2,1.641e-34,1.757e+2,3.806e-17,2.872e-21,1.003e-6,1.408e-19,3.425e-2,1.671e-23,1.435e+2,1.078e-20,9.350e-11,4.667e-20,6.185e-23,3.420e-20,3.497e+2,1.538e-1,1.660e+3,,1.189e+2,5.941e+1,,7.095e+1,1.266e-19,,1.028e-19,3.868e-5,5.203e-17,3.339e-11,2.105e+2,,,9.333e-3,,1.324e+1,3.521e-17,2.113e-17,,1.044e-11,6.607e-17
394.78,2.086e+4,6.780e-21,6.937e-10,9.668e-45,5.349e-17,5.243e-34,,1.136e-3,3.049e-22,,1.793e+4,3.621e-21,1.088e-28,1.064e-17,1.531e-19,6.809e-26,,1.810e-9,,2.970e-1,2.951e-2,1.633e-34,1.818e+2,3.787e-17,1.230e-21,1.803e-6,1.409e-19,4.112e-2,1.672e-23,1.523e+2,1.079e-20,1.194e-10,4.669e-20,6.187e-23,3.429e-20,3.855e+2,1.920e-1,1.751e+3,,1.074e+2,6.336e+1,,7.807e+1,1.267e-19,,1.028e-19,2.045e-5,5.184e-17,6.885e-11,1.888e+2,,,6.291e-3,,1.407e+1,3.518e-17,2.114e-17,,2.232e-11,6.610e-17
394.8,1.929e+4,6.781e-21,7.069e-10,9.701e-45,4.718e-17,5.235e-34,,8.985e-4,3.050e-22,,1.629e+4,3.599e-21,1.049e-28,1.064e-17,1.528e-19,3.807e-26,,1.608e-9,,3.054e-1,2.077e-2,1.628e-34,1.849e+2,3.774e-17,6.949e-22,2.649e-6,1.409e-19,4.619e-2,1.673e-23,1.578e+2,1.079e-20,1.397e-10,4.671e-20,6.188e-23,3.434e-20,4.088e+2,2.213e-1,1.804e+3,,1.008e+2,6.574e+1,,8.336e+1,1.267e-19,,1.027e-19,1.329e-5,5.171e-17,1.109e-10,1.745e+2,,,4.807e-3,,1.456e+1,3.516e-17,2.115e-17,,3.681e-11,6.612e-17
394.83,1.707e+4,6.783e-21,7.253e-10,9.750e-45,3.872e-17,5.224e-34,,6.264e-4,3.053e-22,,1.398e+4,3.566e-21,9.901e-29,1.064e-17,1.523e-19,1.577e-26,,1.348e-9,,3.161e-1,1.215e-2,1.620e-34,1.883e+2,3.754e-17,2.923e-22,4.676e-6,1.409e-19,5.449e-2,1.674e-23,1.653e+2,1.080e-20,1.753e-10,4.673e-20,6.189e-23,3.442e-20,4.425e+2,2.713e-1,1.868e+3,,9.258e+1,6.883e+1,,9.197e+1,1.268e-19,,1.027e-19,6.900e-6,5.151e-17,2.245e-10,1.536e+2,,,3.181e-3,,1.519e+1,3.513e-17,2.116e-17,,7.727e-11,6.616e-17
394.85,1.568e+4,6.784e-21,7.365e-10,9.782e-45,3.374e-17,5.216e-34,,4.895e-4,3.054e-22,,1.255e+4,3.544e-21,9.510e-29,1.064e-17,1.520e-19,8.711e-27,,1.204e-9,,3.218e-1,8.450e-3,1.615e-34,1.896e+2,3.741e-17,1.630e-22,6.786e-6,1.409e-19,6.048e-2,1.674e-23,1.697e+2,1.081e-20,2.026e-10,4.674e-20,6.190e-23,3.448e-20,4.635e+2,3.089e-1,1.900e+3,,8.811e+1,7.054e+1,,9.808e+1,1.269e-19,,1.027e-19,4.430e-6,5.138e-17,3.571e-10,1.403e+2,,,2.401e-3,,1.553e+1,3.511e-17,2.117e-17,,1.259e-10,6.618e-17
394.88,1.376e+4,6.786e-21,7.516e-10,9.831e-45,2.718e-17,5.205e-34,,3.350e-4,3.056e-22,,1.057e+4,3.510e-21,8.923e-29,1.064e-17,1.516e-19,3.542e-27,,1.028e-9,,3.283e-1,4.854e-3,1.607e-34,1.902e+2,3.722e-17,6.730e-23,1.176e-5,1.410e-19,7.009e-2,1.675e-23,1.756e+2,1.081e-20,2.494e-10,4.676e-20,6.191e-23,3.456e-20,4.925e+2,3.718e-1,1.932e+3,,8.292e+1,7.251e+1,,1.076e+2,1.270e-19,,1.027e-19,2.257e-6,5.119e-17,7.100e-10,1.213e+2,,,1.560e-3,,1.591e+1,3.508e-17,2.118e-17,,2.595e-10,6.621e-17
394.9,1.259e+4,6.788e-21,7.604e-10,9.864e-45,2.340e-17,5.198e-34,,2.585e-4,3.057e-22,,9.374e+3,3.488e-21,8.532e-29,1.064e-17,1.513e-19,1.932e-27,,9.365e-10,,3.314e-1,3.333e-3,1.602e-34,1.897e+2,3.709e-17,3.708e-23,1.686e-5,1.410e-19,7.688e-2,1.676e-23,1.789e+2,1.082e-20,2.848e-10,4.678e-20,6.192e-23,3.461e-20,5.097e+2,4.182e-1,1.941e+3,,8.041e+1,7.341e+1,,1.142e+2,1.271e-19,,1.027e-19,1.431e-6,5.106e-17,1.116e-9,1.094e+2,,,1.163e-3,,1.606e+1,3.506e-17,2.119e-17,,4.178e-10,6.624e-17
394.93,1.098e+4,6.790e-21,7.715e-10,9.913e-45,1.851e-17,5.186e-34,,1.737e-4,3.060e-22,,7.757e+3,3.455e-21,7.945e-29,1.064e-17,1.508e-19,7.711e-28,,8.379e-10,,3.342e-1,1.880e-3,1.594e-34,1.879e+2,3.689e-17,1.502e-23,2.869e-5,1.410e-19,8.753e-2,1.677e-23,1.830e+2,1.083e-20,3.443e-10,4.680e-20,6.194e-23,3.469e-20,5.318e+2,4.942e-1,1.938e+3,,7.796e+1,7.409e+1,,1.240e+2,1.271e-19,,1.026e-19,7.158e-7,5.086e-17,2.178e-9,9.281e+1,,,7.416e-4,,1.615e+1,3.503e-17,2.120e-17,,8.457e-10,6.627e-17
394.95,1.002e+4,6.791e-21,7.773e-10,9.945e-45,1.573e-17,5.179e-34,,1.324e-4,3.061e-22,,6.797e+3,3.433e-21,7.554e-29,1.064e-17,1.505e-19,4.154e-28,,7.964e-10,,3.350e-1,1.276e-3,1.589e-34,1.860e+2,3.676e-17,8.176e-24,4.064e-5,1.410e-19,9.487e-2,1.677e-23,1.853e+2,1.083e-20,3.883e-10,4.681e-20,6.194e-23,3.475e-20,5.436e+2,5.491e-1,1.924e+3,,7.714e+1,7.409e+1,,1.305e+2,1.272e-19,,1.026e-19,4.483e-7,5.073e-17,3.382e-9,8.268e+1,,,5.460e-4,,1.611e+1,3.501e-17,2.121e-17,,1.345e-9,6.629e-17
394.97,9.130e+3,6.792e-21,7.818e-10,9.978e-45,1.331e-17,5.171e-34,,1.005e-4,3.062e-22,,5.928e+3,3.410e-21,7.163e-29,1.064e-17,1.502e-19,2.227e-28,,7.734e-10,,3.352e-1,8.618e-4,1.584e-34,1.836e+2,3.663e-17,4.427e-24,5.729e-5,1.410e-19,1.023e-1,1.678e-23,1.871e+2,1.084e-20,4.359e-10,4.683e-20,6.195e-23,3.480e-20,5.530e+2,6.070e-1,1.900e+3,,7.690e+1,7.373e+1,,1.369e+2,1.273e-19,,1.026e-19,2.795e-7,5.060e-17,5.226e-9,7.330e+1,,,4.001e-4,,1.599e+1,3.499e-17,2.122e-17,,2.129e-9,6.632e-17
395,7.943e+3,6.794e-21,7.859e-10,1.003e-44,1.026e-17,5.160e-34,,6.577e-5,3.065e-22,,4.790e+3,3.377e-21,6.576e-29,1.064e-17,1.497e-19,8.658e-29,,7.725e-10,,3.347e-1,4.756e-4,1.576e-34,1.795e+2,3.644e-17,1.748e-24,9.502e-5,1.411e-19,1.137e-1,1.679e-23,1.890e+2,1.084e-20,5.136e-10,4.685e-20,6.197e-23,3.488e-20,5.623e+2,6.992e-1,1.848e+3,,7.753e+1,7.252e+1,,1.459e+2,1.274e-19,,1.026e-19,1.366e-7,5.041e-17,9.945e-9,6.062e+1,,,2.486e-4,,1.567e+1,3.496e-17,2.123e-17,,4.201e-9,6.635e-17
395.02,7.241e+3,6.796e-21,7.866e-10,1.006e-44,8.571e-18,5.152e-34,,4.928e-5,3.066e-22,,4.135e+3,3.355e-21,6.184e-29,1.064e-17,1.494e-19,4.584e-29,,7.932e-10,,3.341e-1,3.197e-4,1.571e-34,1.766e+2,3.631e-17,9.346e-25,1.323e-4,1.411e-19,1.212e-1,1.679e-23,1.900e+2,1.085e-20,5.694e-10,4.686e-20,6.198e-23,3.494e-20,5.650e+2,7.636e-1,1.804e+3,,7.853e+1,7.128e+1,,1.516e+2,1.274e-19,,1.026e-19,8.454e-8,5.028e-17,1.518e-8,5.308e+1,,,1.799e-4,,1.537e+1,3.494e-17,2.124e-17,,6.568e-9,6.637e-17
395.05,6.314e+3,6.798e-21,7.846e-10,1.011e-44,6.486e-18,5.141e-34,,3.167e-5,3.068e-22,,3.297e+3,3.322e-21,5.598e-29,1.064e-17,1.490e-19,1.750e-29,,8.551e-10,,3.335e-1,1.788e-4,1.563e-34,1.721e+2,3.611e-17,3.621e-25,2.155e-4,1.411e-19,1.322e-1,1.680e-23,1.909e+2,1.086e-20,6.587e-10,4.688e-20,6.199e-23,3.502e-20,5.640e+2,8.635e-1,1.723e+3,,8.076e+1,6.883e+1,,1.592e+2,1.275e-19,,1.025e-19,4.176e-8,5.008e-17,2.837e-8,4.310e+1,,,1.098e-4,,1.479e+1,3.491e-17,2.126e-17,,1.273e-8,6.641e-17
395.07,5.774e+3,6.799e-21,7.811e-10,1.014e-44,5.353e-18,5.134e-34,,2.344e-5,3.069e-22,,2.827e+3,3.299e-21,5.206e-29,1.064e-17,1.487e-19,9.149e-30,,9.161e-10,,3.336e-1,1.256e-4,1.558e-34,1.693e+2,3.598e-17,1.913e-25,2.965e-4,1.411e-19,1.392e-1,1.681e-23,1.912e+2,1.086e-20,7.215e-10,4.690e-20,6.200e-23,3.507e-20,5.599e+2,9.316e-1,1.660e+3,,8.264e+1,6.684e+1,,1.636e+2,1.276e-19,,1.025e-19,2.720e-8,4.995e-17,4.278e-8,3.728e+1,,,7.846e-5,,1.432e+1,3.489e-17,2.126e-17,,1.966e-8,6.643e-17
395.1,5.071e+3,6.801e-21,7.722e-10,1.019e-44,3.977e-18,5.122e-34,,1.479e-5,3.072e-22,,2.245e+3,3.266e-21,4.619e-29,1.064e-17,1.482e-19,3.427e-30,,1.036e-9,,3.352e-1,8.536e-5,1.550e-34,1.657e+2,3.579e-17,7.274e-26,4.741e-4,1.412e-19,1.492e-1,1.682e-23,1.916e+2,1.087e-20,8.195e-10,4.692e-20,6.201e-23,3.515e-20,5.487e+2,1.034e+0,1.557e+3,,8.594e+1,6.337e+1,,1.692e+2,1.277e-19,,1.025e-19,1.757e-8,4.976e-17,7.849e-8,2.971e+1,,,4.698e-5,,1.353e+1,3.486e-17,2.128e-17,,3.740e-8,6.646e-17
395.12,4.669e+3,6.802e-21,7.640e-10,1.022e-44,3.242e-18,5.115e-34,,1.081e-5,3.073e-22,,1.932e+3,3.244e-21,4.228e-29,1.064e-17,1.479e-19,1.770e-30,,1.133e-9,,3.375e-1,7.840e-5,1.545e-34,1.638e+2,3.566e-17,3.795e-26,6.443e-4,1.412e-19,1.554e-1,1.682e-23,1.918e+2,1.087e-20,8.867e-10,4.693e-20,6.202e-23,3.521e-20,5.380e+2,1.102e+0,1.482e+3,,8.838e+1,6.078e+1,,1.721e+2,1.278e-19,,1.025e-19,1.705e-8,4.963e-17,1.169e-7,2.539e+1,,,3.317e-5,,1.294e+1,3.484e-17,2.128e-17,,5.708e-8,6.649e-17
395.15,4.158e+3,6.804e-21,7.479e-10,1.027e-44,2.365e-18,5.104e-34,,6.695e-6,3.075e-22,,1.564e+3,3.211e-21,3.641e-29,1.064e-17,1.475e-19,1.764e-30,,1.305e-9,,3.437e-1,9.452e-5,1.537e-34,1.621e+2,3.546e-17,1.417e-26,1.012e-3,1.412e-19,1.636e-1,1.683e-23,1.922e+2,1.088e-20,9.888e-10,4.695e-20,6.203e-23,3.529e-20,5.176e+2,1.202e+0,1.364e+3,,9.228e+1,5.657e+1,,1.753e+2,1.279e-19,,1.024e-19,2.476e-8,4.943e-17,2.107e-7,1.986e+1,,,1.950e-5,,1.200e+1,3.481e-17,2.130e-17,,1.066e-7,6.652e-17
395.17,3.877e+3,6.806e-21,7.347e-10,1.030e-44,1.904e-18,5.096e-34,,4.835e-6,3.077e-22,,1.383e+3,3.188e-21,3.250e-29,1.064e-17,1.472e-19,1.760e-30,,1.436e-9,,3.499e-1,1.252e-4,1.532e-34,1.620e+2,3.533e-17,7.299e-27,1.358e-3,1.412e-19,1.683e-1,1.684e-23,1.926e+2,1.089e-20,1.057e-9,4.696e-20,6.204e-23,3.534e-20,5.014e+2,1.265e+0,1.283e+3,,9.496e+1,5.360e+1,,1.764e+2,1.279e-19,,1.024e-19,3.729e-8,4.930e-17,3.101e-7,1.676e+1,,,1.360e-5,,1.134e+1,3.479e-17,2.131e-17,,1.608e-7,6.654e-17
395.2,3.542e+3,6.808e-21,7.114e-10,1.035e-44,1.363e-18,5.085e-34,,2.939e-6,3.079e-22,,1.201e+3,3.155e-21,2.663e-29,1.064e-17,1.467e-19,1.754e-30,,1.654e-9,,3.628e-1,2.126e-4,1.524e-34,1.633e+2,3.514e-17,7.307e-27,2.094e-3,1.413e-19,1.741e-1,1.685e-23,1.937e+2,1.089e-20,1.157e-9,4.699e-20,6.206e-23,3.543e-20,4.736e+2,1.354e+0,1.160e+3,,9.901e+1,4.899e+1,,1.769e+2,1.280e-19,,1.024e-19,7.455e-8,4.911e-17,5.486e-7,1.288e+1,,,7.848e-6,,1.033e+1,3.476e-17,2.132e-17,,2.949e-7,6.658e-17
395.22,3.374e+3,6.809e-21,6.936e-10,1.038e-44,1.085e-18,5.077e-34,,2.097e-6,3.080e-22,,1.138e+3,3.133e-21,2.272e-29,1.064e-17,1.464e-19,1.749e-30,,1.812e-9,,3.741e-1,3.111e-4,1.519e-34,1.655e+2,3.501e-17,7.313e-27,2.778e-3,1.413e-19,1.770e-1,1.685e-23,1.947e+2,1.090e-20,1.222e-9,4.700e-20,6.207e-23,3.548e-20,4.532e+2,1.408e+0,1.077e+3,,1.017e+2,4.586e+1,,1.763e+2,1.281e-19,,1.024e-19,1.199e-7,4.898e-17,7.977e-7,1.074e+1,,,5.406e-6,,9.643e+0,3.474e-17,2.133e-17,,4.392e-7,6.660e-17
395.25,3.211e+3,6.811e-21,6.635e-10,1.043e-44,7.623e-19,5.066e-34,,1.251e-6,3.082e-22,,1.127e+3,3.100e-21,1.685e-29,1.064e-17,1.460e-19,1.743e-30,,2.065e-9,,3.953e-1,5.549e-4,1.511e-34,1.706e+2,3.481e-17,7.321e-27,4.205e-3,1.413e-19,1.799e-1,1.686e-23,1.969e+2,1.091e-20,1.313e-9,4.702e-20,6.208e-23,3.556e-20,4.202e+2,1.480e+0,9.560e+2,,1.055e+2,4.115e+1,,1.740e+2,1.282e-19,,1.024e-19,2.443e-7,4.879e-17,1.386e-6,8.097e+0,,,3.062e-6,,8.619e+0,3.471e-17,2.134e-17,,7.912e-7,6.663e-17
395.27,3.162e+3,6.812e-21,6.415e-10,1.047e-44,5.989e-19,5.059e-34,,8.815e-7,3.084e-22,,1.179e+3,3.077e-21,1.294e-29,1.064e-17,1.457e-19,1.739e-30,,2.243e-9,,4.123e-1,8.148e-4,1.506e-34,1.755e+2,3.468e-17,7.327e-27,5.510e-3,1.413e-19,1.808e-1,1.687e-23,1.988e+2,1.091e-20,1.370e-9,4.703e-20,6.209e-23,3.562e-20,3.972e+2,1.520e+0,8.773e+2,,1.079e+2,3.806e+1,,1.717e+2,1.282e-19,,1.023e-19,3.908e-7,4.866e-17,1.991e-6,6.668e+0,,,2.084e-6,,7.949e+0,3.469e-17,2.135e-17,,1.164e-6,6.666e-17
395.3,3.186e+3,6.814e-21,6.059e-10,1.052e-44,4.133e-19,5.047e-34,,5.165e-7,3.086e-22,,1.347e+3,3.044e-21,7.069e-30,1.064e-17,1.452e-19,1.733e-30,,2.520e-9,,4.424e-1,1.440e-3,1.498e-34,1.848e+2,3.449e-17,7.336e-27,8.189e-3,1.414e-19,1.806e-1,1.688e-23,2.024e+2,1.092e-20,1.446e-9,4.705e-20,6.210e-23,3.570e-20,3.617e+2,1.568e+0,7.643e+2,,1.112e+2,3.355e+1,,1.671e+2,1.283e-19,,1.023e-19,7.841e-7,4.846e-17,3.396e-6,4.937e+0,,,1.159e-6,,6.976e+0,3.466e-17,2.136e-17,,2.059e-6,6.669e-17
395.32,3.273e+3,6.815e-21,5.806e-10,1.055e-44,3.208e-19,5.040e-34,,3.594e-7,3.087e-22,,1.525e+3,3.022e-21,1.358e-29,1.064e-17,1.449e-19,1.729e-30,,2.709e-9,,4.653e-1,2.092e-3,1.493e-34,1.924e+2,3.436e-17,7.341e-27,1.060e-2,1.414e-19,1.794e-1,1.688e-23,2.052e+2,1.092e-20,1.490e-9,4.707e-20,6.211e-23,3.575e-20,3.377e+2,1.591e+0,6.928e+2,,1.132e+2,3.066e+1,,1.633e+2,1.284e-19,,1.023e-19,1.240e-6,4.833e-17,4.819e-6,4.016e+0,,,7.794e-7,,6.355e+0,3.464e-17,2.137e-17,,2.994e-6,6.671e-17
395.34,3.422e+3,6.817e-21,5.543e-10,1.058e-44,2.477e-19,5.032e-34,,2.489e-7,3.089e-22,,1.761e+3,3.000e-21,2.596e-29,1.064e-17,1.446e-19,1.725e-30,,2.899e-9,,4.904e-1,3.026e-3,1.488e-34,2.012e+2,3.423e-17,7.347e-27,1.366e-2,1.414e-19,1.773e-1,1.689e-23,2.084e+2,1.093e-20,1.527e-9,4.708e-20,6.212e-23,3.581e-20,3.137e+2,1.607e+0,6.250e+2,,1.150e+2,2.789e+1,,1.591e+2,1.285e-19,,1.023e-19,1.951e-6,4.820e-17,6.806e-6,3.251e+0,,,5.219e-7,,5.761e+0,3.462e-17,2.138e-17,,4.331e-6,6.673e-17
395.37,3.776e+3,6.819e-21,5.134e-10,1.063e-44,1.666e-19,5.021e-34,,1.421e-7,3.091e-22,,2.234e+3,2.966e-21,6.801e-29,1.064e-17,1.441e-19,1.719e-30,,3.181e-9,,5.316e-1,5.218e-3,1.480e-34,2.161e+2,3.403e-17,7.356e-27,1.979e-2,1.414e-19,1.728e-1,1.690e-23,2.138e+2,1.094e-20,1.571e-9,4.710e-20,6.213e-23,3.589e-20,2.784e+2,1.616e+0,5.306e+2,,1.172e+2,2.401e+1,,1.520e+2,1.286e-19,,1.023e-19,3.818e-6,4.801e-17,1.132e-5,2.346e+0,,,2.845e-7,,4.927e+0,3.459e-17,2.139e-17,,7.467e-6,6.677e-17
395.39,4.108e+3,6.820e-21,4.855e-10,1.066e-44,1.271e-19,5.013e-34,,9.717e-8,3.092e-22,,2.639e+3,2.944e-21,1.285e-28,1.064e-17,1.438e-19,1.715e-30,,3.365e-9,,5.611e-1,7.457e-3,1.475e-34,2.273e+2,3.390e-17,7.361e-27,2.518e-2,1.415e-19,1.688e-1,1.690e-23,2.177e+2,1.094e-20,1.591e-9,4.712e-20,6.214e-23,3.594e-20,2.555e+2,1.612e+0,4.728e+2,,1.184e+2,2.162e+1,,1.468e+2,1.286e-19,,1.022e-19,5.936e-6,4.788e-17,1.579e-5,1.876e+0,,,1.902e-7,,4.412e+0,3.457e-17,2.140e-17,,1.067e-5,6.679e-17
395.42,4.770e+3,6.822e-21,4.431e-10,1.071e-44,8.388e-20,5.002e-34,,5.446e-8,3.094e-22,,3.400e+3,2.911e-21,3.305e-28,1.064e-17,1.434e-19,1.709e-30,,3.628e-9,,6.077e-1,1.263e-2,1.467e-34,2.455e+2,3.371e-17,7.370e-27,3.583e-2,1.415e-19,1.617e-1,1.691e-23,2.239e+2,1.095e-20,1.607e-9,4.714e-20,6.216e-23,3.602e-20,2.226e+2,1.591e+0,3.941e+2,,1.197e+2,1.834e+1,,1.386e+2,1.287e-19,,1.022e-19,1.140e-5,4.768e-17,2.578e-5,1.330e+0,,,1.067e-7,,3.705e+0,3.454e-17,2.141e-17,,1.807e-5,6.682e-17
395.44,5.334e+3,6.823e-21,4.148e-10,1.074e-44,6.320e-20,4.995e-34,,3.679e-8,3.096e-22,,4.022e+3,2.889e-21,6.168e-28,1.064e-17,1.431e-19,1.704e-30,,3.793e-9,,6.398e-1,1.783e-2,1.462e-34,2.584e+2,3.358e-17,7.375e-27,4.504e-2,1.415e-19,1.562e-1,1.692e-23,2.282e+2,1.095e-20,1.608e-9,4.715e-20,6.217e-23,3.608e-20,2.018e+2,1.568e+0,3.469e+2,,1.202e+2,1.638e+1,,1.330e+2,1.288e-19,,1.022e-19,1.752e-5,4.755e-17,3.553e-5,1.052e+0,,,7.658e-8,,3.277e+0,3.452e-17,2.142e-17,,2.551e-5,6.685e-17
395.47,6.386e+3,6.825e-21,3.729e-10,1.079e-44,4.096e-20,4.983e-34,,2.024e-8,3.098e-22,,5.152e+3,2.855e-21,1.558e-27,1.064e-17,1.426e-19,1.698e-30,,4.018e-9,,6.884e-1,2.964e-2,1.454e-34,2.787e+2,3.339e-17,7.384e-27,6.292e-2,1.415e-19,1.469e-1,1.693e-23,2.345e+2,1.096e-20,1.594e-9,4.717e-20,6.218e-23,3.616e-20,1.726e+2,1.520e+0,2.838e+2,,1.206e+2,1.379e+1,,1.245e+2,1.289e-19,,1.022e-19,3.305e-5,4.736e-17,5.698e-5,7.344e-1,,,5.715e-8,,2.701e+0,3.449e-17,2.143e-17,,4.242e-5,6.688e-17
395.49,7.240e+3,6.827e-21,3.455e-10,1.082e-44,3.049e-20,4.976e-34,,1.351e-8,3.099e-22,,6.050e+3,2.833e-21,2.873e-27,1.064e-17,1.423e-19,1.694e-30,,4.152e-9,,7.205e-1,4.134e-2,1.449e-34,2.925e+2,3.326e-17,7.390e-27,7.815e-2,1.416e-19,1.403e-1,1.693e-23,2.385e+2,1.097e-20,1.576e-9,4.719e-20,6.219e-23,3.621e-20,1.546e+2,1.480e+0,2.468e+2,,1.205e+2,1.229e+1,,1.188e+2,1.290e-19,,1.022e-19,5.016e-5,4.723e-17,7.758e-5,5.760e-1,,,5.822e-8,,2.360e+0,3.447e-17,2.144e-17,,5.917e-5,6.690e-17
395.52,8.773e+3,6.829e-21,3.057e-10,1.087e-44,1.940e-20,4.965e-34,,7.295e-9,3.101e-22,,7.642e+3,2.800e-21,7.129e-27,1.064e-17,1.419e-19,1.688e-30,,4.324e-9,,7.670e-1,6.749e-2,1.441e-34,3.134e+2,3.306e-17,7.398e-27,1.072e-1,1.416e-19,1.297e-1,1.694e-23,2.440e+2,1.097e-20,1.534e-9,4.721e-20,6.220e-23,3.629e-20,1.298e+2,1.408e+0,1.983e+2,,1.198e+2,1.041e+1,,1.106e+2,1.291e-19,,1.021e-19,9.292e-5,4.703e-17,1.221e-4,4.000e-1,,,8.150e-8,,1.910e+0,3.444e-17,2.145e-17,,9.659e-5,6.694e-17
395.54,9.979e+3,6.830e-21,2.802e-10,1.091e-44,1.426e-20,4.957e-34,,4.808e-9,3.103e-22,,8.881e+3,2.778e-21,1.299e-26,1.064e-17,1.416e-19,1.684e-30,,4.418e-9,,7.962e-1,9.300e-2,1.436e-34,3.271e+2,3.293e-17,7.404e-27,1.315e-1,1.416e-19,1.225e-1,1.695e-23,2.472e+2,1.098e-20,1.498e-9,4.722e-20,6.221e-23,3.635e-20,1.148e+2,1.354e+0,1.703e+2,,1.190e+2,9.389e+0,,1.054e+2,1.291e-19,,1.021e-19,1.393e-4,4.690e-17,1.643e-4,3.152e-1,,,1.155e-7,,1.649e+0,3.442e-17,2.146e-17,,1.331e-4,6.696e-17
395.57,1.209e+4,6.832e-21,2.440e-10,1.095e-44,8.906e-21,4.946e-34,,2.549e-9,3.105e-22,,1.103e+4,2.744e-21,3.165e-26,1.064e-17,1.411e-19,1.678e-30,,4.526e-9,,8.362e-1,1.491e-1,1.428e-34,3.468e+2,3.274e-17,7.412e-27,1.771e-1,1.416e-19,1.113e-1,1.696e-23,2.510e+2,1.099e-20,1.432e-9,4.724e-20,6.222e-23,3.643e-20,9.465e+1,1.265e+0,1.343e+2,,1.175e+2,8.225e+0,,9.802e+1,1.292e-19,,1.021e-19,2.534e-4,4.671e-17,2.540e-4,2.260e-1,,,2.089e-7,,1.310e+0,3.439e-17,2.147e-17,,2.134e-4,6.699e-17
395.59,1.370e+4,6.833e-21,2.212e-10,1.099e-44,6.468e-21,4.938e-34,,1.660e-9,3.106e-22,,1.267e+4,2.722e-21,5.696e-26,1.064e-17,1.408e-19,1.674e-30,,4.576e-9,,8.598e-1,2.030e-1,1.423e-34,3.592e+2,3.261e-17,7.418e-27,2.147e-1,1.417e-19,1.039e-1,1.696e-23,2.528e+2,1.099e-20,1.381e-9,4.726e-20,6.223e-23,3.648e-20,8.271e+1,1.202e+0,1.140e+2,,1.162e+2,7.695e+0,,9.352e+1,1.293e-19,,1.021e-19,3.754e-4,4.658e-17,3.376e-4,1.872e-1,,,3.148e-7,,1.117e+0,3.437e-17,2.148e-17,,2.905e-4,6.702e-17
395.62,1.646e+4,6.835e-21,1.894e-10,1.104e-44,3.966e-21,4.927e-34,,8.638e-10,3.108e-22,,1.546e+4,2.689e-21,1.363e-25,1.064e-17,1.404e-19,1.668e-30,,4.620e-9,,8.893e-1,3.195e-1,1.415e-34,3.763e+2,3.241e-17,7.427e-27,2.840e-1,1.417e-19,9.279e-2,1.697e-23,2.542e+2,1.100e-20,1.296e-9,4.728e-20,6.225e-23,3.656e-20,6.695e+1,1.102e+0,8.824e+1,,1.138e+2,7.278e+0,,8.749e+1,1.294e-19,,1.021e-19,6.706e-4,4.638e-17,5.125e-4,1.545e-1,,,5.829e-7,,8.713e-1,3.434e-17,2.149e-17,,4.573e-4,6.705e-17
395.64,1.853e+4,6.837e-21,1.699e-10,1.107e-44,2.845e-21,4.920e-34,,5.555e-10,3.110e-22,,1.755e+4,2.667e-21,2.424e-25,1.064e-17,1.401e-19,1.663e-30,,4.629e-9,,9.046e-1,4.297e-1,1.410e-34,3.863e+2,3.228e-17,7.432e-27,3.401e-1,1.417e-19,8.559e-2,1.698e-23,2.541e+2,1.100e-20,1.235e-9,4.729e-20,6.226e-23,3.662e-20,5.779e+1,1.034e+0,7.395e+1,,1.120e+2,7.261e+0,,8.400e+1,1.294e-19,,1.020e-19,9.813e-4,4.625e-17,6.728e-4,1.481e-1,,,8.757e-7,,7.339e-1,3.432e-17,2.150e-17,,6.150e-4,6.707e-17
395.67,2.198e+4,6.839e-21,1.430e-10,1.112e-44,1.712e-21,4.908e-34,,2.838e-10,3.112e-22,,2.103e+4,2.633e-21,5.696e-25,1.064e-17,1.396e-19,1.657e-30,,4.619e-9,,9.204e-1,6.642e-1,1.403e-34,3.991e+2,3.209e-17,7.441e-27,4.416e-1,1.417e-19,7.518e-2,1.699e-23,2.524e+2,1.101e-20,1.138e-9,4.731e-20,6.227e-23,3.670e-20,4.592e+1,9.316e-1,5.622e+1,,1.090e+2,7.649e+0,,7.964e+1,1.295e-19,,1.020e-19,1.721e-3,4.606e-17,1.003e-3,1.605e-1,,,1.600e-6,,5.620e-1,3.429e-17,2.152e-17,,9.506e-4,6.711e-17
395.69,2.452e+4,6.840e-21,1.268e-10,1.115e-44,1.213e-21,4.901e-34,,1.803e-10,3.113e-22,,2.358e+4,2.611e-21,1.001e-24,1.064e-17,1.393e-19,1.653e-30,,4.600e-9,,9.258e-1,8.826e-1,1.397e-34,4.059e+2,3.196e-17,7.447e-27,5.225e-1,1.418e-19,6.855e-2,1.699e-23,2.502e+2,1.102e-20,1.071e-9,4.733e-20,6.228e-23,3.675e-20,3.916e+1,8.635e-1,4.654e+1,,1.068e+2,8.199e+0,,7.735e+1,1.296e-19,,1.020e-19,2.489e-3,4.593e-17,1.301e-3,1.844e-1,,,2.377e-6,,4.676e-1,3.427e-17,2.152e-17,,1.263e-3,6.713e-17
395.71,2.724e+4,6.841e-21,1.119e-10,1.118e-44,8.554e-22,4.893e-34,,1.139e-10,3.115e-22,,2.632e+4,2.589e-21,1.750e-24,1.064e-17,1.390e-19,1.649e-30,,4.575e-9,,9.269e-1,1.167e+0,1.392e-34,4.113e+2,3.183e-17,7.452e-27,6.151e-1,1.418e-19,6.223e-2,1.700e-23,2.472e+2,1.102e-20,1.003e-9,4.734e-20,6.229e-23,3.681e-20,3.323e+1,7.965e-1,3.834e+1,,1.045e+2,8.999e+0,,7.556e+1,1.297e-19,,1.020e-19,3.580e-3,4.580e-17,1.679e-3,2.222e-1,,,3.515e-6,,3.871e-1,3.425e-17,2.153e-17,,1.670e-3,6.715e-17
395.74,3.164e+4,6.843e-21,9.202e-11,1.123e-44,5.018e-22,4.882e-34,,5.673e-11,3.117e-22,,3.074e+4,2.556e-21,4.009e-24,1.064e-17,1.386e-19,1.643e-30,,4.535e-9,,9.205e-1,1.758e+0,1.384e-34,4.164e+2,3.163e-17,7.461e-27,7.787e-1,1.418e-19,5.337e-2,1.701e-23,2.410e+2,1.103e-20,9.010e-10,4.736e-20,6.230e-23,3.689e-20,2.573e+1,6.992e-1,2.841e+1,,1.009e+2,1.071e+1,,7.384e+1,1.298e-19,,1.020e-19,6.123e-3,4.560e-17,2.440e-3,3.102e-1,,,6.266e-6,,2.889e-1,3.422e-17,2.155e-17,,2.517e-3,6.719e-17
395.76,3.478e+4,6.845e-21,8.030e-11,1.126e-44,3.495e-22,4.874e-34,,3.541e-11,3.118e-22,,3.389e+4,2.533e-21,6.925e-24,1.064e-17,1.383e-19,1.639e-30,,4.515e-9,,9.109e-1,2.297e+0,1.379e-34,4.177e+2,3.150e-17,7.466e-27,9.057e-1,1.418e-19,4.791e-2,1.702e-23,2.359e+2,1.104e-20,8.337e-10,4.737e-20,6.231e-23,3.694e-20,2.157e+1,6.371e-1,2.312e+1,,9.840e+1,1.221e+1,,7.335e+1,1.298e-19,,1.019e-19,8.703e-3,4.547e-17,3.111e-3,3.946e-1,,,9.156e-6,,2.363e-1,3.420e-17,2.155e-17,,3.288e-3,6.721e-17
395.79,3.974e+4,6.847e-21,6.489e-11,1.131e-44,2.012e-22,4.863e-34,,1.731e-11,3.120e-22,,3.887e+4,2.500e-21,1.558e-23,1.064e-17,1.378e-19,1.633e-30,,4.508e-9,,8.886e-1,3.399e+0,1.372e-34,4.166e+2,3.131e-17,7.475e-27,1.126e+0,1.419e-19,4.039e-2,1.702e-23,2.269e+2,1.104e-20,7.354e-10,4.740e-20,6.232e-23,3.703e-20,1.640e+1,5.491e-1,1.681e+1,,9.462e+1,1.507e+1,,7.360e+1,1.299e-19,,1.019e-19,1.461e-2,4.528e-17,4.439e-3,5.712e-1,,,1.603e-5,,1.731e-1,3.417e-17,2.157e-17,,4.864e-3,6.724e-17
395.81,4.319e+4,6.848e-21,5.597e-11,1.135e-44,1.384e-22,4.856e-34,,1.067e-11,3.122e-22,,4.233e+4,2.478e-21,2.659e-23,1.064e-17,1.375e-19,1.629e-30,,4.530e-9,,8.689e-1,4.386e+0,1.366e-34,4.139e+2,3.118e-17,7.481e-27,1.294e+0,1.419e-19,3.585e-2,1.703e-23,2.200e+2,1.105e-20,6.723e-10,4.741e-20,6.233e-23,3.708e-20,1.358e+1,4.942e-1,1.352e+1,,9.209e+1,1.742e+1,,7.441e+1,1.300e-19,,1.019e-19,2.052e-2,4.515e-17,5.592e-3,7.310e-1,,,2.314e-5,,1.399e-1,3.415e-17,2.157e-17,,6.278e-3,6.727e-17
395.84,4.851e+4,6.850e-21,4.447e-11,1.139e-44,7.826e-23,4.844e-34,,5.121e-12,3.124e-22,,4.768e+4,2.445e-21,5.876e-23,1.064e-17,1.370e-19,1.623e-30,,4.622e-9,,8.326e-1,6.372e+0,1.359e-34,4.068e+2,3.098e-17,7.489e-27,1.579e+0,1.419e-19,2.972e-2,1.704e-23,2.087e+2,1.106e-20,5.826e-10,4.743e-20,6.235e-23,3.716e-20,1.014e+1,4.182e-1,9.653e+0,,8.832e+1,2.166e+1,,7.654e+1,1.301e-19,,1.019e-19,3.384e-2,4.495e-17,7.834e-3,1.054e+0,,,3.978e-5,,1.006e-1,3.412e-17,2.159e-17,,9.120e-3,6.730e-17
395.86,5.211e+4,6.851e-21,3.793e-11,1.143e-44,5.318e-23,4.837e-34,,3.119e-12,3.125e-22,,5.129e+4,2.422e-21,9.909e-23,1.064e-17,1.367e-19,1.618e-30,,4.736e-9,,8.044e-1,8.125e+0,1.353e-34,4.002e+2,3.085e-17,7.495e-27,1.793e+0,1.419e-19,2.609e-2,1.705e-23,2.007e+2,1.106e-20,5.264e-10,4.744e-20,6.236e-23,3.722e-20,8.290e+0,3.718e-1,7.665e+0,,8.585e+1,2.502e+1,,7.856e+1,1.302e-19,,1.018e-19,4.695e-2,4.482e-17,9.750e-3,1.338e+0,,,5.675e-5,,8.029e-2,3.410e-17,2.160e-17,,1.163e-2,6.732e-17
395.89,5.752e+4,6.853e-21,2.964e-11,1.148e-44,2.951e-23,4.826e-34,,1.469e-12,3.127e-22,,5.672e+4,2.389e-21,2.150e-22,1.064e-17,1.363e-19,1.612e-30,,5.008e-9,,7.570e-1,1.159e+1,1.346e-34,3.877e+2,3.066e-17,7.503e-27,2.150e+0,1.420e-19,2.127e-2,1.705e-23,1.880e+2,1.107e-20,4.484e-10,4.746e-20,6.237e-23,3.730e-20,6.076e+0,3.089e-1,5.374e+0,,8.226e+1,3.090e+1,,8.240e+1,1.302e-19,,1.018e-19,7.603e-2,4.463e-17,1.341e-2,1.900e+0,,,9.582e-5,,5.671e-2,3.407e-17,2.161e-17,,1.659e-2,6.736e-17
395.91,6.107e+4,6.855e-21,2.502e-11,1.151e-44,1.981e-23,4.818e-34,,8.838e-13,3.129e-22,,6.028e+4,2.367e-21,3.582e-22,1.064e-17,1.360e-19,1.608e-30,,5.273e-9,,7.225e-1,1.460e+1,1.340e-34,3.779e+2,3.053e-17,7.509e-27,2.411e+0,1.420e-19,1.846e-2,1.706e-23,1.793e+2,1.107e-20,4.008e-10,4.748e-20,6.238e-23,3.735e-20,4.909e+0,2.713e-1,4.215e+0,,7.996e+1,3.542e+1,,8.547e+1,1.303e-19,,1.018e-19,1.042e-1,4.450e-17,1.649e-2,2.387e+0,,,1.351e-4,,4.470e-2,3.405e-17,2.162e-17,,2.090e-2,6.738e-17
395.94,6.623e+4,6.857e-21,1.928e-11,1.156e-44,1.079e-23,4.807e-34,,4.086e-13,3.131e-22,,6.545e+4,2.334e-21,7.634e-22,1.064e-17,1.355e-19,1.602e-30,,5.823e-9,,6.676e-1,2.045e+1,1.333e-34,3.611e+2,3.033e-17,7.518e-27,2.839e+0,1.420e-19,1.480e-2,1.707e-23,1.662e+2,1.108e-20,3.362e-10,4.750e-20,6.239e-23,3.743e-20,3.532e+0,2.213e-1,2.901e+0,,7.667e+1,4.317e+1,,9.074e+1,1.304e-19,,1.018e-19,1.657e-1,4.430e-17,2.228e-2,3.331e+0,,,2.240e-4,,3.100e-2,3.402e-17,2.163e-17,,2.927e-2,6.741e-17
395.96,6.949e+4,6.858e-21,1.614e-11,1.159e-44,7.156e-24,4.799e-34,,2.428e-13,3.132e-22,,6.872e+4,2.311e-21,1.257e-21,1.064e-17,1.352e-19,1.598e-30,,6.309e-9,,6.296e-1,2.545e+1,1.328e-34,3.488e+2,3.020e-17,7.523e-27,3.147e+0,1.420e-19,1.270e-2,1.708e-23,1.576e+2,1.109e-20,2.978e-10,4.751e-20,6.240e-23,3.749e-20,2.819e+0,1.920e-1,2.248e+0,,7.461e+1,4.900e+1,,9.463e+1,1.305e-19,,1.018e-19,2.244e-1,4.417e-17,2.706e-2,4.135e+0,,,3.119e-4,,2.414e-2,3.400e-17,2.164e-17,,3.643e-2,6.744e-17
395.99,7.402e+4,6.860e-21,1.234e-11,1.164e-44,3.827e-24,4.788e-34,,1.102e-13,3.134e-22,,7.327e+4,2.278e-21,2.630e-21,1.064e-17,1.348e-19,1.592e-30,,7.248e-9,,5.712e-1,3.501e+1,1.320e-34,3.291e+2,3.001e-17,7.532e-27,3.639e+0,1.421e-19,1.002e-2,1.708e-23,1.451e+2,1.109e-20,2.471e-10,4.753e-20,6.241e-23,3.757e-20,1.991e+0,1.538e-1,1.519e+0,,7.172e+1,5.878e+1,,1.009e+2,1.306e-19,,1.017e-19,3.503e-1,4.398e-17,3.590e-2,5.666e+0,,,5.081e-4,,1.643e-2,3.397e-17,2.165e-17,,5.010e-2,6.747e-17
396.01,7.675e+4,6.861e-21,1.033e-11,1.167e-44,2.506e-24,4.780e-34,,6.469e-14,3.136e-22,,7.600e+4,2.256e-21,4.277e-21,1.064e-17,1.345e-19,1.588e-30,,8.032e-9,,5.321e-1,4.304e+1,1.315e-34,3.153e+2,2.988e-17,7.537e-27,3.986e+0,1.421e-19,8.501e-3,1.709e-23,1.372e+2,1.110e-20,2.178e-10,4.755e-20,6.242e-23,3.762e-20,1.570e+0,1.318e-1,1.163e+0,,6.994e+1,6.600e+1,,1.053e+2,1.306e-19,,1.017e-19,4.687e-1,4.385e-17,4.308e-2,6.949e+0,,,6.991e-4,,1.264e-2,3.395e-17,2.166e-17,,6.160e-2,6.749e-17
396.04,8.030e+4,6.863e-21,7.985e-12,1.172e-44,1.316e-24,4.769e-34,,2.882e-14,3.138e-22,,7.955e+4,2.223e-21,8.790e-21,1.064e-17,1.340e-19,1.582e-30,,9.476e-9,,4.741e-1,5.813e+1,1.307e-34,2.940e+2,2.968e-17,7.546e-27,4.529e+0,1.421e-19,6.593e-3,1.710e-23,1.262e+2,1.111e-20,1.804e-10,4.757e-20,6.244e-23,3.770e-20,1.089e+0,1.036e-1,7.713e-1,,6.749e+1,7.786e+1,,1.122e+2,1.307e-19,,1.017e-19,7.186e-1,4.365e-17,5.611e-2,9.352e+0,,,1.118e-3,,8.447e-3,3.392e-17,2.167e-17,,8.320e-2,6.753e-17
396.06,8.227e+4,6.865e-21,6.809e-12,1.175e-44,8.514e-25,4.762e-34,,1.671e-14,3.139e-22,,8.151e+4,2.200e-21,1.412e-20,1.064e-17,1.337e-19,1.577e-30,,1.064e-8,,4.363e-1,7.060e+1,1.302e-34,2.796e+2,2.955e-17,7.552e-27,4.902e+0,1.421e-19,5.535e-3,1.711e-23,1.195e+2,1.111e-20,1.597e-10,4.758e-20,6.245e-23,3.776e-20,8.479e-1,8.774e-2,5.832e-1,,6.600e+1,8.643e+1,,1.167e+2,1.308e-19,,1.017e-19,9.498e-1,4.352e-17,6.651e-2,1.133e+1,,,1.520e-3,,6.418e-3,3.390e-17,2.168e-17,,1.010e-1,6.755e-17
396.08,8.389e+4,6.866e-21,5.907e-12,1.179e-44,5.480e-25,4.754e-34,,9.642e-15,3.141e-22,,8.312e+4,2.178e-21,2.258e-20,1.064e-17,1.334e-19,1.573e-30,,1.197e-8,,3.996e-1,8.533e+1,1.296e-34,2.652e+2,2.942e-17,7.557e-27,5.281e+0,1.421e-19,4.626e-3,1.711e-23,1.134e+2,1.112e-20,1.422e-10,4.760e-20,6.246e-23,3.781e-20,6.571e-1,7.393e-2,4.387e-1,,6.464e+1,9.551e+1,,1.213e+2,1.309e-19,,1.017e-19,1.249e+0,4.339e-17,7.847e-2,1.366e+1,,,2.057e-3,,4.852e-3,3.388e-17,2.169e-17,,1.221e-1,6.757e-17
396.11,8.560e+4,6.868e-21,5.009e-12,1.183e-44,2.804e-25,4.743e-34,,4.188e-15,3.143e-22,,8.481e+4,2.145e-21,4.525e-20,1.064e-17,1.330e-19,1.567e-30,,1.430e-8,,3.470e-1,1.124e+2,1.289e-34,2.440e+2,2.923e-17,7.566e-27,5.855e+0,1.422e-19,3.506e-3,1.712e-23,1.057e+2,1.112e-20,1.219e-10,4.762e-20,6.247e-23,3.789e-20,4.441e-1,5.665e-2,2.837e-1,,6.282e+1,1.100e+2,,1.278e+2,1.310e-19,,1.016e-19,1.867e+0,4.320e-17,9.963e-2,1.792e+1,,,3.209e-3,,3.161e-3,3.385e-17,5.756e-17,,1.608e-1,6.761e-17
396.13,8.624e+4,6.869e-21,4.685e-12,1.187e-44,1.783e-25,4.735e-34,,2.389e-15,3.144e-22,,8.543e+4,2.123e-21,7.149e-20,1.064e-17,1.327e-19,1.563e-30,,1.611e-8,,3.140e-1,1.342e+2,1.284e-34,2.301e+2,2.910e-17,7.572e-27,6.235e+0,1.422e-19,2.899e-3,1.713e-23,1.015e+2,1.113e-20,1.120e-10,4.763e-20,6.248e-23,3.795e-20,3.400e-1,4.715e-2,2.108e-1,,6.175e+1,1.202e+2,,1.319e+2,1.310e-19,,1.016e-19,2.426e+0,4.307e-17,1.161e-1,2.135e+1,,,4.290e-3,,2.361e-3,3.383e-17,1.097e-16,,1.920e-1,6.763e-17
396.16,8.644e+4,6.871e-21,4.578e-12,1.192e-44,8.957e-26,4.724e-34,,1.026e-15,3.146e-22,,8.559e+4,2.089e-21,1.407e-19,1.064e-17,1.322e-19,1.557e-30,,1.919e-8,,2.678e-1,1.735e+2,1.276e-34,2.101e+2,2.890e-17,7.580e-27,6.795e+0,1.422e-19,2.161e-3,1.714e-23,9.678e+1,1.114e-20,1.026e-10,4.765e-20,6.249e-23,3.803e-20,2.256e-1,3.547e-2,1.338e-1,,6.036e+1,1.360e+2,,1.376e+2,1.311e-19,,1.016e-19,3.561e+0,4.287e-17,1.448e-1,2.750e+1,,,6.573e-3,,1.510e-3,3.380e-17,2.859e-16,,2.483e-1,6.766e-17
396.18,8.606e+4,6.872e-21,4.748e-12,1.195e-44,5.625e-26,4.717e-34,,5.891e-16,3.148e-22,,8.517e+4,2.067e-21,2.196e-19,1.063e-17,1.319e-19,1.553e-30,,2.150e-8,,2.394e-1,2.046e+2,1.271e-34,1.974e+2,2.877e-17,7.586e-27,7.156e+0,1.422e-19,1.767e-3,1.714e-23,9.474e+1,1.114e-20,9.980e-11,4.767e-20,6.250e-23,3.808e-20,1.706e-1,2.917e-2,9.824e-2,,5.956e+1,1.469e+2,,1.409e+2,1.312e-19,,1.016e-19,4.572e+0,4.274e-17,1.667e-1,3.236e+1,,,8.683e-3,,1.115e-3,3.378e-17,5.382e-16,,2.929e-1,6.768e-17
396.21,8.474e+4,6.874e-21,5.361e-12,1.200e-44,2.774e-26,4.705e-34,,2.807e-16,3.150e-22,,8.378e+4,2.034e-21,4.244e-19,1.063e-17,1.315e-19,1.547e-30,,2.537e-8,,2.007e-1,2.598e+2,1.263e-34,1.792e+2,2.858e-17,7.594e-27,7.669e+0,1.423e-19,1.296e-3,1.715e-23,9.347e+1,1.115e-20,1.006e-10,4.769e-20,6.251e-23,3.816e-20,1.112e-1,2.154e-2,6.122e-2,,5.855e+1,1.635e+2,,1.450e+2,1.313e-19,,1.016e-19,6.590e+0,4.255e-17,2.041e-1,4.094e+1,,,1.306e-2,,7.009e-4,3.375e-17,1.378e-15,,3.718e-1,6.772e-17
396.23,8.337e+4,6.876e-21,6.014e-12,1.203e-44,1.721e-26,4.698e-34,,2.078e-16,3.151e-22,,8.236e+4,2.012e-21,6.544e-19,1.063e-17,1.312e-19,1.543e-30,,2.822e-8,,1.774e-1,3.027e+2,1.258e-34,1.679e+2,2.845e-17,7.600e-27,7.989e+0,1.423e-19,1.049e-3,1.716e-23,9.385e+1,1.115e-20,1.043e-10,4.770e-20,6.252e-23,3.822e-20,8.303e-2,1.750e-2,4.440e-2,,5.800e+1,1.746e+2,,1.471e+2,1.313e-19,,1.015e-19,8.357e+0,4.242e-17,2.321e-1,4.759e+1,,,1.705e-2,,5.120e-4,3.373e-17,2.563e-15,,4.333e-1,6.774e-17
396.26,8.065e+4,6.878e-21,7.380e-12,1.208e-44,8.332e-27,4.687e-34,,2.346e-16,3.153e-22,,7.955e+4,1.978e-21,1.242e-18,1.063e-17,1.307e-19,1.536e-30,,3.286e-8,,1.462e-1,3.774e+2,1.250e-34,1.520e+2,2.825e-17,7.609e-27,8.426e+0,1.423e-19,7.570e-4,1.717e-23,9.637e+1,1.116e-20,1.149e-10,4.772e-20,6.254e-23,3.830e-20,5.311e-2,1.269e-2,2.716e-2,,5.734e+1,1.911e+2,,1.493e+2,1.314e-19,,1.015e-19,1.183e+1,4.222e-17,2.791e-1,5.912e+1,,,2.520e-2,,3.183e-4,3.370e-17,6.444e-15,,5.402e-1,6.778e-17
396.28,7.843e+4,6.879e-21,8.568e-12,1.211e-44,5.105e-27,4.679e-34,,3.515e-16,3.155e-22,,7.726e+4,1.956e-21,1.892e-18,1.063e-17,1.304e-19,1.532e-30,,3.619e-8,,1.279e-1,4.345e+2,1.245e-34,1.422e+2,2.812e-17,7.614e-27,8.687e+0,1.423e-19,6.062e-4,1.717e-23,9.939e+1,1.117e-20,1.251e-10,4.774e-20,6.255e-23,7.346e-20,3.919e-2,1.018e-2,1.946e-2,,5.700e+1,2.018e+2,,1.500e+2,1.315e-19,,1.015e-19,1.482e+1,4.209e-17,3.136e-1,6.790e+1,,,3.250e-2,,2.320e-4,3.368e-17,1.184e-14,,6.219e-1,6.780e-17
396.31,7.457e+4,6.881e-21,1.081e-11,1.216e-44,2.427e-27,4.668e-34,,7.727e-16,3.157e-22,,7.327e+4,1.923e-21,3.527e-18,1.063e-17,1.299e-19,1.526e-30,,4.152e-8,,1.041e-1,5.319e+2,1.237e-34,1.286e+2,2.793e-17,7.623e-27,9.026e+0,1.424e-19,4.314e-4,1.718e-23,1.060e+2,1.117e-20,1.452e-10,4.776e-20,6.256e-23,1.934e-19,2.461e-2,7.249e-3,1.169e-2,,5.663e+1,2.172e+2,,1.500e+2,3.487e-19,,1.015e-19,2.060e+1,4.190e-17,3.702e-1,8.282e+1,,,4.717e-2,,1.467e-4,3.365e-17,2.924e-14,,7.613e-1,6.783e-17
396.33,7.169e+4,6.882e-21,1.264e-11,1.219e-44,1.469e-27,4.660e-34,,1.349e-15,3.158e-22,,7.029e+4,1.901e-21,5.309e-18,1.063e-17,1.296e-19,1.522e-30,,4.526e-8,,9.042e-2,6.050e+2,1.232e-34,1.202e+2,2.780e-17,7.628e-27,9.215e+0,1.424e-19,3.426e-4,1.719e-23,1.118e+2,1.118e-20,1.618e-10,4.777e-20,6.257e-23,3.665e-19,1.794e-2,5.745e-3,8.271e-3,,5.646e+1,2.269e+2,,1.491e+2,6.639e-19,,1.015e-19,2.550e+1,4.177e-17,4.110e-1,9.397e+1,,,6.010e-2,,1.109e-4,3.363e-17,5.311e-14,,8.659e-1,6.785e-17
396.36,6.701e+4,6.884e-21,1.594e-11,1.224e-44,6.853e-28,4.649e-34,,3.121e-15,3.161e-22,,6.545e+4,1.867e-21,9.718e-18,1.063e-17,1.292e-19,1.516e-30,,5.112e-8,,7.319e-2,7.272e+2,1.224e-34,1.086e+2,2.760e-17,7.637e-27,9.443e+0,1.424e-19,2.418e-4,1.720e-23,1.228e+2,1.119e-20,1.916e-10,4.779e-20,6.258e-23,9.478e-19,1.106e-2,4.017e-3,4.878e-3,,5.631e+1,2.403e+2,,1.468e+2,1.729e-18,,1.014e-19,3.480e+1,4.157e-17,4.763e-1,1.125e+2,,,8.568e-2,,7.986e-5,3.360e-17,1.288e-13,,1.041e+0,6.789e-17
396.38,6.372e+4,6.886e-21,1.855e-11,1.227e-44,4.097e-28,4.641e-34,,5.440e-15,3.162e-22,,6.204e+4,1.845e-21,1.445e-17,1.063e-17,1.289e-19,1.512e-30,,5.514e-8,,6.372e-2,8.172e+2,1.219e-34,1.016e+2,2.747e-17,7.643e-27,9.558e+0,1.424e-19,1.918e-4,1.720e-23,1.315e+2,1.119e-20,2.147e-10,4.780e-20,6.259e-23,1.775e-18,7.963e-3,3.145e-3,3.409e-3,,5.626e+1,2.483e+2,,1.445e+2,3.253e-18,,1.014e-19,4.256e+1,4.144e-17,5.224e-1,1.262e+2,,,1.079e-1,,7.081e-5,3.358e-17,2.311e-13,,1.170e+0,6.791e-17
396.41,5.860e+4,6.888e-21,2.316e-11,1.232e-44,1.877e-28,4.630e-34,,1.241e-14,3.164e-22,,5.672e+4,1.812e-21,2.598e-17,1.063e-17,1.284e-19,1.506e-30,,6.130e-8,,5.238e-2,9.645e+2,1.211e-34,9.182e+1,2.728e-17,7.651e-27,9.676e+0,1.425e-19,1.371e-4,1.721e-23,1.469e+2,1.120e-20,2.540e-10,4.783e-20,6.260e-23,4.507e-18,4.820e-3,2.158e-3,1.974e-3,,5.626e+1,2.587e+2,,1.400e+2,8.320e-18,,1.014e-19,5.704e+1,4.125e-17,5.946e-1,1.484e+2,,,1.510e-1,,7.167e-5,3.355e-17,5.504e-13,,1.381e+0,6.794e-17
396.43,5.512e+4,6.889e-21,2.674e-11,1.236e-44,1.108e-28,4.623e-34,,2.138e-14,3.165e-22,,5.311e+4,1.790e-21,3.818e-17,1.063e-17,1.281e-19,1.502e-30,,6.545e-8,,4.661e-2,1.071e+3,1.206e-34,8.584e+1,2.715e-17,7.657e-27,9.720e+0,1.425e-19,1.116e-4,1.722e-23,1.586e+2,1.120e-20,2.834e-10,4.784e-20,6.261e-23,8.338e-18,3.429e-3,1.669e-3,1.363e-3,,5.629e+1,2.646e+2,,1.364e+2,1.547e-17,,1.014e-19,6.892e+1,4.112e-17,6.443e-1,1.643e+2,,,1.879e-1,,8.137e-5,3.353e-17,9.757e-13,,1.533e+0,6.797e-17
396.46,4.992e+4,6.891e-21,3.292e-11,1.240e-44,4.984e-29,4.611e-34,,4.792e-14,3.168e-22,,4.768e+4,1.756e-21,6.739e-17,1.063e-17,1.277e-19,1.496e-30,,7.166e-8,,4.054e-2,1.241e+3,1.198e-34,7.754e+1,2.696e-17,7.665e-27,9.741e+0,1.425e-19,8.630e-5,1.723e-23,1.783e+2,1.121e-20,3.318e-10,4.786e-20,6.263e-23,2.080e-17,2.039e-3,1.125e-3,7.747e-4,,5.634e+1,2.716e+2,,1.302e+2,3.885e-17,,1.013e-19,9.070e+1,4.092e-17,7.201e-1,1.897e+2,,,2.584e-1,,1.107e-4,3.350e-17,2.282e-12,,1.776e+0,6.800e-17
396.48,4.651e+4,6.892e-21,3.763e-11,1.244e-44,2.907e-29,4.604e-34,,8.158e-14,3.169e-22,,4.410e+4,1.734e-21,9.784e-17,1.063e-17,1.274e-19,1.491e-30,,7.574e-8,,3.816e-2,1.361e+3,1.193e-34,7.242e+1,2.683e-17,7.671e-27,9.728e+0,1.425e-19,7.693e-5,1.723e-23,1.928e+2,1.122e-20,3.670e-10,4.787e-20,6.264e-23,3.802e-17,1.434e-3,8.594e-4,5.283e-4,,5.638e+1,2.750e+2,,1.256e+2,7.136e-17,,1.013e-19,1.083e+2,4.079e-17,7.708e-1,2.076e+2,,,3.176e-1,,1.419e-4,3.348e-17,3.997e-12,,1.948e+0,6.802e-17
396.5,4.317e+4,6.894e-21,4.285e-11,1.247e-44,1.688e-29,4.596e-34,,1.382e-13,3.170e-22,,4.059e+4,1.712e-21,1.414e-16,1.063e-17,1.271e-19,1.487e-30,,7.976e-8,,3.710e-2,1.485e+3,1.188e-34,6.760e+1,2.670e-17,7.677e-27,9.696e+0,1.426e-19,7.288e-5,1.724e-23,2.084e+2,1.122e-20,4.041e-10,4.789e-20,6.265e-23,6.917e-17,1.005e-3,6.533e-4,3.586e-4,,5.641e+1,2.773e+2,,1.207e+2,1.304e-16,,1.013e-19,1.286e+2,4.066e-17,8.210e-1,2.260e+2,,,3.885e-1,,1.845e-4,3.346e-17,6.968e-12,,2.126e+0,6.805e-17
396.53,3.837e+4,6.896e-21,5.168e-11,1.252e-44,7.396e-30,4.585e-34,,3.020e-13,3.173e-22,,3.552e+4,1.679e-21,2.433e-16,1.063e-17,1.266e-19,1.481e-30,,8.561e-8,,3.799e-2,1.678e+3,1.180e-34,6.084e+1,2.650e-17,7.685e-27,9.620e+0,1.426e-19,7.631e-5,1.725e-23,2.335e+2,1.123e-20,4.633e-10,4.791e-20,6.266e-23,1.682e-16,5.875e-4,4.291e-4,1.986e-4,,5.641e+1,2.790e+2,,1.131e+2,3.195e-16,,1.013e-19,1.650e+2,4.047e-17,8.945e-1,2.544e+2,,,5.210e-1,,2.764e-4,3.343e-17,1.589e-11,,2.402e+0,6.808e-17
396.55,3.534e+4,6.897e-21,5.826e-11,1.255e-44,4.241e-30,4.578e-34,,5.055e-13,3.174e-22,,3.230e+4,1.657e-21,3.473e-16,1.063e-17,1.263e-19,1.477e-30,,8.935e-8,,4.029e-2,1.810e+3,1.175e-34,5.663e+1,2.637e-17,7.691e-27,9.555e+0,1.426e-19,8.505e-5,1.725e-23,2.513e+2,1.123e-20,5.046e-10,4.792e-20,6.267e-23,3.024e-16,4.122e-4,3.223e-4,1.332e-4,,5.636e+1,2.788e+2,,1.079e+2,5.770e-16,,1.013e-19,1.936e+2,4.034e-17,9.413e-1,2.737e+2,,,6.297e-1,,3.617e-4,3.341e-17,2.737e-11,,2.590e+0,6.810e-17
396.58,3.108e+4,6.899e-21,6.923e-11,1.260e-44,1.824e-30,4.566e-34,,1.085e-12,3.176e-22,,2.775e+4,1.623e-21,5.870e-16,1.063e-17,1.259e-19,1.471e-30,,9.469e-8,,4.644e-2,2.008e+3,1.167e-34,5.071e+1,2.618e-17,7.699e-27,9.444e+0,1.426e-19,1.088e-4,1.726e-23,2.792e+2,1.124e-20,5.687e-10,4.794e-20,6.268e-23,7.222e-16,2.498e-4,2.078e-4,7.243e-5,,5.622e+1,2.769e+2,,1.000e+2,1.388e-15,,1.012e-19,2.440e+2,4.014e-17,1.007e+0,3.025e+2,,,8.293e-1,,5.386e-4,3.338e-17,6.132e-11,,2.873e+0,6.814e-17
396.6,2.846e+4,6.900e-21,7.729e-11,1.263e-44,1.033e-30,4.559e-34,,1.794e-12,3.177e-22,,2.493e+4,1.601e-21,8.278e-16,1.063e-17,1.256e-19,1.467e-30,,9.806e-8,,5.247e-2,2.138e+3,1.162e-34,4.701e+1,2.605e-17,7.705e-27,9.365e+0,1.427e-19,1.328e-4,1.727e-23,2.985e+2,1.125e-20,6.124e-10,4.796e-20,6.269e-23,1.283e-15,1.884e-4,1.542e-4,4.797e-5,,5.606e+1,2.745e+2,,9.495e+1,2.477e-15,,1.012e-19,2.829e+2,4.001e-17,1.047e+0,3.215e+2,,,9.905e-1,,6.989e-4,3.336e-17,1.043e-10,,3.061e+0,6.816e-17
396.63,2.486e+4,6.902e-21,9.053e-11,1.268e-44,4.363e-31,4.547e-34,,3.782e-12,3.180e-22,,2.103e+4,1.568e-21,1.374e-15,1.063e-17,1.251e-19,1.461e-30,,1.028e-7,,6.468e-2,2.330e+3,1.154e-34,4.178e+1,2.585e-17,7.714e-27,9.245e+0,1.427e-19,1.836e-4,1.728e-23,3.279e+2,1.125e-20,6.782e-10,4.798e-20,6.270e-23,3.009e-15,1.468e-4,9.761e-5,2.561e-5,,5.572e+1,2.694e+2,,8.770e+1,5.852e-15,,1.012e-19,3.499e+2,3.982e-17,1.100e+0,3.489e+2,,,1.281e+0,,1.024e-3,3.334e-17,2.296e-10,,3.334e+0,6.819e-17
396.65,2.269e+4,6.904e-21,1.001e-10,1.271e-44,2.441e-31,4.540e-34,,6.179e-12,3.181e-22,,1.866e+4,1.546e-21,1.915e-15,1.063e-17,1.248e-19,1.457e-30,,1.058e-7,,7.511e-2,2.452e+3,1.149e-34,3.851e+1,2.572e-17,7.719e-27,9.167e+0,1.427e-19,2.296e-4,1.728e-23,3.476e+2,1.126e-20,7.218e-10,4.799e-20,6.271e-23,5.281e-15,1.473e-4,7.153e-5,1.675e-5,,5.542e+1,2.652e+2,,8.322e+1,1.032e-14,,1.012e-19,4.008e+2,3.969e-17,1.130e+0,3.663e+2,,,1.512e+0,,1.314e-3,3.332e-17,3.860e-10,,3.509e+0,6.822e-17
396.68,1.977e+4,6.906e-21,1.156e-10,1.276e-44,1.012e-31,4.529e-34,,1.279e-11,3.183e-22,,1.546e+4,1.512e-21,3.121e-15,1.063e-17,1.244e-19,1.450e-30,,1.100e-7,,9.460e-2,2.623e+3,1.141e-34,3.391e+1,2.553e-17,7.728e-27,9.056e+0,1.427e-19,3.214e-4,1.729e-23,3.768e+2,1.127e-20,7.853e-10,4.801e-20,6.273e-23,1.217e-14,1.904e-4,4.446e-5,8.784e-6,,5.484e+1,2.578e+2,,7.722e+1,2.394e-14,,1.012e-19,4.870e+2,3.949e-17,1.165e+0,3.904e+2,,,1.921e+0,,1.892e-3,3.329e-17,8.340e-10,,3.754e+0,6.825e-17
396.7,1.806e+4,6.907e-21,1.267e-10,1.280e-44,5.593e-32,4.521e-34,,2.065e-11,3.185e-22,,1.355e+4,1.490e-21,4.297e-15,1.063e-17,1.241e-19,1.446e-30,,1.126e-7,,1.104e-1,2.727e+3,1.136e-34,3.104e+1,2.540e-17,7.734e-27,8.988e+0,1.428e-19,4.013e-4,1.730e-23,3.957e+2,1.127e-20,8.259e-10,4.803e-20,6.274e-23,2.110e-14,2.526e-4,3.219e-5,5.676e-6,,5.438e+1,2.524e+2,,7.379e+1,4.171e-14,,1.011e-19,5.511e+2,3.936e-17,1.182e+0,4.049e+2,,,2.240e+0,,2.398e-3,3.327e-17,1.385e-9,,3.902e+0,6.827e-17
396.73,1.580e+4,6.909e-21,1.444e-10,1.284e-44,2.276e-32,4.510e-34,,4.198e-11,3.187e-22,,1.102e+4,1.457e-21,6.878e-15,1.063e-17,1.236e-19,1.440e-30,,1.164e-7,,1.387e-1,2.864e+3,1.128e-34,2.702e+1,2.520e-17,7.742e-27,8.893e+0,1.428e-19,5.563e-4,1.731e-23,4.226e+2,1.128e-20,8.828e-10,4.805e-20,6.275e-23,4.773e-14,4.160e-4,1.964e-5,2.923e-6,,5.357e+1,2.436e+2,,6.963e+1,9.506e-14,,1.011e-19,6.574e+2,3.917e-17,1.197e+0,4.238e+2,,,2.795e+0,,3.392e-3,3.324e-17,2.940e-9,,4.099e+0,6.831e-17
396.75,1.450e+4,6.910e-21,1.568e-10,1.288e-44,1.243e-32,4.502e-34,,6.697e-11,3.188e-22,,9.545e+3,1.435e-21,9.355e-15,1.063e-17,1.233e-19,1.436e-30,,1.188e-7,,1.610e-1,2.942e+3,1.123e-34,2.453e+1,2.507e-17,7.748e-27,8.835e+0,1.428e-19,6.883e-4,1.731e-23,4.393e+2,1.128e-20,9.174e-10,4.806e-20,6.276e-23,8.178e-14,5.913e-4,1.405e-5,1.868e-6,,5.296e+1,2.375e+2,,6.759e+1,1.636e-13,,1.011e-19,7.350e+2,3.904e-17,1.200e+0,4.342e+2,,,3.220e+0,,4.247e-3,3.322e-17,4.826e-9,,4.210e+0,6.833e-17
396.78,1.281e+4,6.912e-21,1.763e-10,1.293e-44,4.965e-33,4.491e-34,,1.337e-10,3.190e-22,,7.623e+3,1.401e-21,1.471e-14,1.063e-17,1.228e-19,1.430e-30,,1.224e-7,,1.999e-1,3.034e+3,1.115e-34,2.108e+1,2.488e-17,7.756e-27,8.753e+0,1.428e-19,9.398e-4,1.732e-23,4.619e+2,1.129e-20,9.634e-10,4.808e-20,6.277e-23,1.817e-13,1.007e-3,8.418e-6,9.487e-7,,5.194e+1,2.282e+2,,6.571e+1,3.662e-13,,1.011e-19,8.610e+2,3.884e-17,1.194e+0,4.462e+2,,,3.946e+0,,5.898e-3,3.319e-17,1.006e-8,,4.343e+0,6.836e-17
396.8,1.185e+4,6.914e-21,1.899e-10,1.296e-44,2.677e-33,4.484e-34,,2.107e-10,3.192e-22,,6.522e+3,1.379e-21,1.976e-14,1.063e-17,1.225e-19,1.426e-30,,1.247e-7,,2.297e-1,3.079e+3,1.110e-34,1.897e+1,2.475e-17,7.762e-27,8.700e+0,1.429e-19,1.150e-3,1.733e-23,4.750e+2,1.130e-20,9.894e-10,4.810e-20,6.278e-23,3.076e-13,1.432e-3,5.946e-6,6.049e-7,,5.120e+1,2.220e+2,,6.529e+1,6.229e-13,,1.011e-19,9.510e+2,3.871e-17,1.182e+0,4.517e+2,,,4.492e+0,,7.298e-3,3.317e-17,1.631e-8,,4.407e+0,6.839e-17
396.83,1.064e+4,6.916e-21,2.109e-10,1.301e-44,1.050e-33,4.472e-34,,4.132e-10,3.194e-22,,5.114e+3,1.346e-21,3.051e-14,1.063e-17,1.221e-19,1.420e-30,,1.283e-7,,2.807e-1,3.118e+3,1.102e-34,1.608e+1,2.455e-17,7.771e-27,8.616e+0,1.429e-19,1.544e-3,1.734e-23,4.914e+2,1.130e-20,1.021e-9,4.812e-20,6.279e-23,6.715e-13,2.412e-3,3.498e-6,3.173e-7,,5.002e+1,2.130e+2,,6.596e+1,1.369e-12,,1.010e-19,1.094e+3,3.852e-17,1.155e+0,4.558e+2,,,5.407e+0,,9.953e-3,3.314e-17,3.338e-8,,4.463e+0,6.842e-17
396.85,9.956e+3,6.917e-21,2.253e-10,1.304e-44,5.592e-34,4.465e-34,,6.435e-10,3.195e-22,,4.322e+3,1.324e-21,4.051e-14,1.063e-17,1.218e-19,1.416e-30,,1.308e-7,,3.190e-1,3.126e+3,1.097e-34,1.433e+1,2.442e-17,7.776e-27,8.556e+0,1.429e-19,1.869e-3,1.734e-23,4.998e+2,1.131e-20,1.036e-9,4.813e-20,6.280e-23,1.123e-12,3.397e-3,2.441e-6,2.203e-7,,4.919e+1,2.071e+2,,6.729e+1,2.301e-12,,1.010e-19,1.194e+3,3.839e-17,1.130e+0,4.558e+2,,,6.082e+0,,1.217e-2,3.312e-17,5.349e-8,,4.474e+0,6.844e-17
396.87,9.362e+3,6.918e-21,2.399e-10,1.307e-44,2.964e-34,4.457e-34,,9.973e-10,3.197e-22,,3.635e+3,2.540e-21,5.353e-14,1.063e-17,1.215e-19,1.412e-30,,1.333e-7,,3.608e-1,3.118e+3,1.092e-34,1.272e+1,2.429e-17,7.782e-27,8.488e+0,1.429e-19,2.251e-3,1.735e-23,5.061e+2,1.131e-20,1.046e-9,4.814e-20,6.281e-23,1.869e-12,4.761e-3,1.695e-6,1.731e-7,,4.834e+1,2.015e+2,,6.932e+1,3.848e-12,,1.010e-19,1.296e+3,3.826e-17,1.100e+0,4.536e+2,,,6.809e+0,,1.480e-2,3.310e-17,8.531e-8,,4.463e+0,6.847e-17
396.9,8.615e+3,6.920e-21,2.621e-10,1.312e-44,1.133e-34,4.446e-34,,1.907e-9,3.199e-22,,2.778e+3,8.457e-21,8.058e-14,1.063e-17,1.210e-19,1.405e-30,,1.372e-7,,4.302e-1,3.079e+3,1.084e-34,1.056e+1,2.410e-17,7.790e-27,8.369e+0,1.430e-19,2.950e-3,1.736e-23,5.114e+2,1.132e-20,1.053e-9,4.817e-20,6.283e-23,3.978e-12,7.829e-3,9.720e-7,1.755e-7,,4.702e+1,1.935e+2,,7.366e+1,8.249e-12,,1.010e-19,1.454e+3,3.806e-17,1.047e+0,4.462e+2,,,7.992e+0,,1.968e-2,3.307e-17,1.703e-7,,4.407e+0,6.850e-17
396.92,8.197e+3,6.921e-21,2.770e-10,1.315e-44,5.930e-35,4.439e-34,,2.920e-9,3.200e-22,,2.308e+3,1.692e-20,1.052e-13,1.063e-17,1.207e-19,1.401e-30,,1.400e-7,,4.809e-1,3.034e+3,1.079e-34,9.284e+0,2.397e-17,7.796e-27,8.274e+0,1.430e-19,3.513e-3,1.736e-23,5.120e+2,1.133e-20,1.052e-9,4.818e-20,6.284e-23,6.543e-12,1.084e-2,6.667e-7,2.258e-7,,4.613e+1,1.886e+2,,7.738e+1,1.363e-11,,1.010e-19,1.560e+3,3.793e-17,1.007e+0,4.387e+2,,,8.840e+0,,2.365e-2,3.305e-17,2.683e-7,,4.343e+0,6.852e-17
396.95,7.666e+3,6.923e-21,2.992e-10,1.320e-44,2.226e-35,4.427e-34,,5.482e-9,3.202e-22,,1.732e+3,4.393e-20,1.555e-13,1.063e-17,1.203e-19,1.395e-30,,1.442e-7,,5.632e-1,2.942e+3,1.071e-34,7.593e+0,2.377e-17,7.805e-27,8.105e+0,1.430e-19,4.526e-3,1.737e-23,5.086e+2,1.134e-20,1.040e-9,4.820e-20,6.285e-23,1.368e-11,1.751e-2,3.753e-7,3.993e-7,,4.477e+1,1.816e+2,,8.413e+1,2.869e-11,,1.009e-19,1.717e+3,3.774e-17,9.413e-1,4.238e+2,,,1.019e+1,,3.088e-2,3.302e-17,5.258e-7,,4.210e+0,6.856e-17
396.97,7.363e+3,6.925e-21,3.140e-10,1.324e-44,1.151e-35,4.420e-34,,8.294e-9,3.204e-22,,1.422e+3,8.248e-20,2.006e-13,1.063e-17,1.200e-19,1.391e-30,,1.471e-7,,6.219e-1,2.864e+3,1.066e-34,6.609e+0,2.364e-17,7.810e-27,7.971e+0,1.430e-19,5.328e-3,1.738e-23,5.034e+2,1.134e-20,1.027e-9,4.821e-20,6.286e-23,2.222e-11,2.396e-2,2.543e-7,6.136e-7,,4.387e+1,1.773e+2,,8.934e+1,4.685e-11,,1.009e-19,1.820e+3,3.761e-17,8.945e-1,4.116e+2,,,1.114e+1,,3.667e-2,3.300e-17,8.186e-7,,4.099e+0,6.858e-17
397,6.968e+3,6.927e-21,3.357e-10,1.328e-44,1.160e-35,4.408e-34,,1.530e-8,3.206e-22,,1.048e+3,2.103e-19,2.912e-13,1.063e-17,1.195e-19,1.385e-30,,1.515e-7,,7.153e-1,2.727e+3,1.058e-34,5.333e+0,2.345e-17,7.819e-27,7.737e+0,1.431e-19,6.748e-3,1.739e-23,4.915e+2,1.135e-20,9.981e-10,4.824e-20,6.287e-23,4.562e-11,3.801e-2,1.406e-7,1.188e-6,,4.252e+1,1.712e+2,,9.810e+1,9.687e-11,,1.009e-19,1.968e+3,3.741e-17,8.210e-1,3.904e+2,,,1.261e+1,,4.702e-2,3.297e-17,1.576e-6,,3.902e+0,6.861e-17
397.02,6.734e+3,6.928e-21,3.499e-10,1.332e-44,1.166e-35,4.401e-34,,2.286e-8,3.207e-22,,8.496e+2,3.902e-19,3.710e-13,1.063e-17,1.192e-19,1.381e-30,,1.545e-7,,7.805e-1,2.623e+3,1.053e-34,4.605e+0,2.332e-17,7.825e-27,7.558e+0,1.431e-19,7.854e-3,1.739e-23,4.810e+2,1.135e-20,9.741e-10,4.825e-20,6.288e-23,7.325e-11,5.138e-2,9.410e-8,1.845e-6,,4.162e+1,1.674e+2,,1.045e+2,1.563e-10,,1.009e-19,2.061e+3,3.728e-17,7.708e-1,3.746e+2,,,1.362e+1,,5.516e-2,3.295e-17,2.424e-6,,3.754e+0,6.863e-17
397.05,6.414e+3,6.930e-21,3.706e-10,1.337e-44,1.175e-35,4.390e-34,,4.141e-8,3.209e-22,,6.147e+2,9.772e-19,5.290e-13,1.063e-17,1.188e-19,1.375e-30,,1.587e-7,,8.816e-1,2.452e+3,1.045e-34,3.683e+0,2.312e-17,7.833e-27,7.253e+0,1.431e-19,9.779e-3,1.740e-23,4.616e+2,1.136e-20,9.316e-10,4.827e-20,6.289e-23,1.477e-10,8.004e-2,5.106e-8,3.547e-6,,4.029e+1,1.619e+2,,1.147e+2,3.173e-10,,1.008e-19,2.189e+3,3.709e-17,6.947e-1,3.489e+2,,,1.515e+1,,6.945e-2,3.292e-17,4.583e-6,,3.509e+0,6.867e-17
397.07,6.215e+3,6.931e-21,3.839e-10,1.340e-44,1.181e-35,4.382e-34,,6.116e-8,3.211e-22,,4.924e+2,1.792e-18,6.660e-13,1.063e-17,1.185e-19,1.371e-30,,1.614e-7,,9.503e-1,2.330e+3,1.040e-34,3.173e+0,2.299e-17,7.839e-27,7.027e+0,1.431e-19,1.126e-2,1.741e-23,4.465e+2,1.137e-20,8.995e-10,4.828e-20,6.290e-23,2.343e-10,1.069e-1,3.376e-8,5.455e-6,,3.942e+1,1.583e+2,,1.218e+2,5.058e-10,,1.008e-19,2.264e+3,3.696e-17,6.443e-1,3.308e+2,,,1.616e+1,,8.049e-2,3.290e-17,6.965e-6,,3.334e+0,6.869e-17
397.1,5.929e+3,6.933e-21,4.030e-10,1.345e-44,1.190e-35,4.371e-34,,1.088e-7,3.213e-22,,3.498e+2,4.407e-18,9.324e-13,1.063e-17,1.180e-19,1.364e-30,,1.650e-7,,1.054e+0,2.138e+3,1.033e-34,2.551e+0,2.280e-17,7.847e-27,6.656e+0,1.432e-19,1.378e-2,1.742e-23,4.213e+2,1.137e-20,8.469e-10,4.830e-20,6.292e-23,4.639e-10,1.636e-1,1.799e-8,1.031e-5,,3.814e+1,1.531e+2,,1.328e+2,1.009e-9,,1.008e-19,2.361e+3,3.677e-17,5.702e-1,3.025e+2,,,1.765e+1,,9.953e-2,3.287e-17,1.293e-5,,3.061e+0,6.873e-17
397.12,5.743e+3,6.935e-21,4.151e-10,1.348e-44,1.196e-35,4.363e-34,,1.587e-7,3.214e-22,,2.768e+2,7.984e-18,1.160e-12,1.063e-17,1.177e-19,1.360e-30,,1.671e-7,,1.123e+0,2.008e+3,1.027e-34,2.226e+0,2.267e-17,7.853e-27,6.389e+0,1.432e-19,1.569e-2,1.742e-23,4.029e+2,1.138e-20,8.097e-10,4.832e-20,6.293e-23,7.272e-10,2.158e-1,1.175e-8,1.567e-5,,3.730e+1,1.495e+2,,1.401e+2,1.589e-9,,1.008e-19,2.413e+3,3.664e-17,5.224e-1,2.833e+2,,,1.861e+1,,1.140e-1,3.285e-17,1.942e-5,,2.873e+0,6.875e-17
397.15,5.466e+3,6.937e-21,4.324e-10,1.353e-44,1.205e-35,4.352e-34,,2.773e-7,3.216e-22,,1.931e+2,1.929e-17,1.595e-12,1.063e-17,1.173e-19,1.354e-30,,1.695e-7,,1.223e+0,1.810e+3,1.020e-34,1.862e+0,2.247e-17,7.861e-27,5.964e+0,1.432e-19,1.889e-2,1.743e-23,3.738e+2,1.139e-20,7.520e-10,4.834e-20,6.294e-23,1.414e-9,3.243e-1,6.147e-9,2.909e-5,,3.609e+1,1.440e+2,,1.510e+2,3.112e-9,,1.008e-19,2.471e+3,3.644e-17,4.540e-1,2.544e+2,,,1.997e+1,,1.384e-1,3.282e-17,3.541e-5,,2.590e+0,6.878e-17
397.17,5.280e+3,6.938e-21,4.432e-10,1.356e-44,1.211e-35,4.345e-34,,3.998e-7,3.218e-22,,1.509e+2,3.453e-17,1.960e-12,1.063e-17,1.170e-19,1.350e-30,,1.706e-7,,1.286e+0,1.678e+3,1.014e-34,1.700e+0,2.234e-17,7.867e-27,5.668e+0,1.432e-19,2.127e-2,1.744e-23,3.536e+2,1.139e-20,7.130e-10,4.835e-20,6.295e-23,2.190e-9,4.228e-1,3.966e-9,4.367e-5,,3.530e+1,1.402e+2,,1.581e+2,4.842e-9,,1.007e-19,2.495e+3,3.631e-17,4.110e-1,2.354e+2,,,2.080e+1,,1.566e-1,3.280e-17,5.254e-5,,2.402e+0,6.880e-17
397.2,4.998e+3,6.940e-21,4.586e-10,1.361e-44,1.220e-35,4.333e-34,,6.860e-7,3.220e-22,,1.034e+2,8.196e-17,2.646e-12,1.063e-17,1.165e-19,1.344e-30,,1.714e-7,,1.376e+0,1.485e+3,1.007e-34,1.573e+0,2.215e-17,7.876e-27,5.209e+0,1.433e-19,2.520e-2,1.745e-23,3.226e+2,1.140e-20,6.550e-10,4.837e-20,6.296e-23,4.184e-9,6.238e-1,2.037e-9,7.962e-5,,3.418e+1,1.343e+2,,1.681e+2,9.315e-9,,1.007e-19,2.509e+3,3.612e-17,3.507e-1,2.076e+2,,,2.192e+1,,1.867e-1,3.277e-17,9.410e-5,,2.126e+0,6.884e-17
397.22,4.807e+3,6.941e-21,4.683e-10,1.364e-44,1.226e-35,4.326e-34,,9.772e-7,3.221e-22,,7.984e+1,1.450e-16,3.213e-12,1.063e-17,1.162e-19,1.340e-30,,1.713e-7,,1.430e+0,1.361e+3,1.001e-34,1.569e+0,2.202e-17,7.881e-27,4.898e+0,1.433e-19,2.807e-2,1.745e-23,3.019e+2,1.140e-20,6.175e-10,4.839e-20,6.297e-23,6.402e-9,8.036e-1,1.298e-9,1.181e-4,,3.348e+1,1.301e+2,,1.743e+2,1.432e-8,,1.007e-19,2.503e+3,3.599e-17,3.136e-1,1.897e+2,,,2.256e+1,,2.087e-1,3.275e-17,1.379e-4,,1.948e+0,6.886e-17
397.24,4.614e+3,6.943e-21,4.776e-10,1.367e-44,1.232e-35,4.318e-34,,1.385e-6,3.223e-22,,6.136e+1,2.552e-16,3.883e-12,1.063e-17,1.159e-19,1.336e-30,,1.706e-7,,1.480e+0,1.241e+3,9.963e-35,1.630e+0,2.189e-17,7.887e-27,4.586e+0,1.433e-19,3.114e-2,1.746e-23,2.813e+2,1.141e-20,5.814e-10,4.840e-20,6.298e-23,9.749e-9,1.030e+0,8.238e-10,1.744e-4,,3.283e+1,1.257e+2,,1.801e+2,2.192e-8,,1.007e-19,2.484e+3,3.586e-17,2.791e-1,1.726e+2,,,2.312e+1,,2.321e-1,3.273e-17,2.012e-4,,1.776e+0,6.888e-17
397.27,4.320e+3,6.945e-21,4.908e-10,1.372e-44,1.241e-35,4.307e-34,,2.318e-6,3.225e-22,,4.096e+1,5.907e-16,5.112e-12,1.063e-17,1.154e-19,1.330e-30,,1.685e-7,,1.543e+0,1.071e+3,9.886e-35,1.856e+0,2.169e-17,7.896e-27,4.120e+0,1.433e-19,3.609e-2,1.747e-23,2.512e+2,1.142e-20,5.308e-10,4.842e-20,6.299e-23,1.816e-8,1.482e+0,4.127e-10,3.101e-4,,3.194e+1,1.188e+2,,1.877e+2,4.111e-8,,1.007e-19,2.435e+3,3.566e-17,2.321e-1,1.484e+2,,,2.375e+1,,2.698e-1,3.270e-17,3.514e-4,,1.533e+0,6.892e-17
397.29,4.122e+3,6.946e-21,4.993e-10,1.376e-44,1.247e-35,4.299e-34,,3.246e-6,3.226e-22,,3.110e+1,1.028e-15,6.103e-12,1.063e-17,1.151e-19,1.326e-30,,1.663e-7,,1.577e+0,9.645e+2,9.834e-35,2.105e+0,2.156e-17,7.901e-27,3.815e+0,1.433e-19,3.963e-2,1.747e-23,2.318e+2,1.142e-20,5.000e-10,4.844e-20,6.300e-23,2.732e-8,1.877e+0,2.592e-10,4.523e-4,,3.143e+1,1.140e+2,,1.921e+2,6.215e-8,,1.006e-19,2.388e+3,3.553e-17,2.041e-1,1.333e+2,,,2.404e+1,,2.965e-1,3.268e-17,5.066e-4,,1.381e+0,6.894e-17
397.32,3.824e+3,6.948e-21,5.117e-10,1.381e-44,1.256e-35,4.288e-34,,5.333e-6,3.228e-22,,2.039e+1,2.336e-15,7.890e-12,1.063e-17,1.147e-19,1.319e-30,,1.620e-7,,1.615e+0,8.172e+2,9.756e-35,2.646e+0,2.137e-17,7.910e-27,3.371e+0,1.434e-19,4.525e-2,1.748e-23,2.040e+2,1.143e-20,4.590e-10,4.846e-20,6.302e-23,4.998e-8,2.652e+0,1.288e-10,7.897e-4,,3.081e+1,1.065e+2,,1.974e+2,1.145e-7,,1.006e-19,2.299e+3,3.534e-17,1.667e-1,1.125e+2,,,2.427e+1,,3.385e-1,3.265e-17,8.688e-4,,1.170e+0,6.897e-17
397.34,3.626e+3,6.949e-21,5.198e-10,1.384e-44,1.262e-35,4.281e-34,,7.381e-6,3.230e-22,,1.529e+1,4.016e-15,9.307e-12,1.063e-17,1.144e-19,1.315e-30,,1.583e-7,,1.630e+0,7.272e+2,9.704e-35,3.134e+0,2.124e-17,7.915e-27,3.088e+0,1.434e-19,4.920e-2,1.749e-23,1.866e+2,1.143e-20,4.356e-10,4.847e-20,6.303e-23,7.430e-8,3.319e+0,8.171e-11,1.138e-3,,3.051e+1,1.013e+2,,2.000e+2,1.710e-7,,1.006e-19,2.228e+3,3.521e-17,1.448e-1,9.991e+1,,,2.427e+1,,3.676e-1,3.263e-17,1.237e-3,,1.041e+0,6.900e-17
397.37,3.330e+3,6.951e-21,5.321e-10,1.389e-44,1.271e-35,4.269e-34,,1.191e-5,3.232e-22,,9.840e+0,8.968e-15,1.182e-11,1.063e-17,1.139e-19,1.309e-30,,1.518e-7,,1.639e+0,6.050e+2,9.627e-35,4.090e+0,2.104e-17,7.924e-27,2.684e+0,1.434e-19,5.538e-2,1.750e-23,1.623e+2,1.144e-20,4.067e-10,4.849e-20,6.304e-23,1.335e-7,4.605e+0,4.452e-11,1.952e-3,,3.025e+1,9.344e+1,,2.027e+2,3.095e-7,,1.006e-19,2.106e+3,3.501e-17,1.161e-1,8.282e+1,,,2.406e+1,,4.121e-1,3.260e-17,2.084e-3,,8.659e-1,6.903e-17
397.39,3.136e+3,6.953e-21,5.405e-10,1.392e-44,1.277e-35,4.262e-34,,1.629e-5,3.233e-22,,7.291e+0,1.523e-14,1.377e-11,1.063e-17,1.136e-19,1.305e-30,,1.469e-7,,1.635e+0,5.319e+2,9.575e-35,4.900e+0,2.091e-17,7.930e-27,2.433e+0,1.434e-19,5.967e-2,1.750e-23,1.474e+2,1.145e-20,3.918e-10,4.851e-20,6.305e-23,1.961e-7,5.694e+0,3.396e-11,2.780e-3,,3.023e+1,8.809e+1,,2.036e+2,4.568e-7,,1.006e-19,2.016e+3,3.488e-17,9.963e-2,7.263e+1,,,2.377e+1,,4.420e-1,3.258e-17,2.933e-3,,7.613e-1,6.905e-17
397.42,2.852e+3,6.955e-21,5.536e-10,1.397e-44,1.286e-35,4.251e-34,,2.581e-5,3.235e-22,,4.608e+0,3.342e-14,1.717e-11,1.063e-17,1.132e-19,1.299e-30,,1.386e-7,,1.615e+0,4.345e+2,9.497e-35,6.419e+0,2.072e-17,7.938e-27,2.083e+0,1.435e-19,6.630e-2,1.751e-23,1.270e+2,1.145e-20,3.762e-10,4.853e-20,6.306e-23,3.460e-7,7.759e+0,3.324e-11,4.682e-3,,3.045e+1,8.005e+1,,2.036e+2,8.117e-7,,1.005e-19,1.871e+3,3.469e-17,7.847e-2,5.912e+1,,,2.315e+1,,4.867e-1,3.255e-17,4.852e-3,,6.219e-1,6.909e-17
397.44,2.669e+3,6.956e-21,5.628e-10,1.400e-44,1.291e-35,4.243e-34,,3.487e-5,3.237e-22,,3.373e+0,5.608e-14,1.977e-11,1.063e-17,1.129e-19,1.295e-30,,1.326e-7,,1.591e+0,3.774e+2,9.446e-35,7.663e+0,2.059e-17,7.944e-27,1.870e+0,1.435e-19,7.084e-2,1.752e-23,1.147e+2,1.146e-20,3.703e-10,4.854e-20,6.307e-23,5.022e-7,9.479e+0,4.250e-11,6.587e-3,,3.077e+1,7.472e+1,,2.028e+2,1.184e-6,,1.005e-19,1.769e+3,3.456e-17,6.651e-2,5.122e+1,,,2.260e+1,,5.158e-1,3.253e-17,6.746e-3,,5.402e-1,6.911e-17
397.47,2.404e+3,6.958e-21,5.776e-10,1.405e-44,1.300e-35,4.232e-34,,5.426e-5,3.239e-22,,2.093e+0,1.208e-13,2.421e-11,1.063e-17,1.124e-19,1.289e-30,,1.231e-7,,1.543e+0,3.027e+2,9.368e-35,9.935e+0,2.040e-17,7.952e-27,1.582e+0,1.435e-19,7.780e-2,1.753e-23,9.822e+1,1.147e-20,3.679e-10,4.856e-20,6.308e-23,8.702e-7,1.268e+1,7.581e-11,1.090e-2,,3.154e+1,6.686e+1,,2.004e+2,2.066e-6,,1.005e-19,1.613e+3,3.436e-17,5.144e-2,4.094e+1,,,2.161e+1,,5.576e-1,3.250e-17,1.096e-2,,4.333e-1,6.914e-17
397.49,2.235e+3,6.959e-21,5.882e-10,1.408e-44,1.306e-35,4.224e-34,,7.243e-5,3.240e-22,,1.513e+0,2.004e-13,2.754e-11,1.063e-17,1.121e-19,1.285e-30,,1.164e-7,,1.502e+0,2.598e+2,9.316e-35,1.176e+1,2.027e-17,7.958e-27,1.411e+0,1.435e-19,8.253e-2,1.753e-23,8.850e+1,1.147e-20,3.706e-10,4.858e-20,6.309e-23,1.248e-6,1.531e+1,1.177e-10,1.515e-2,,3.226e+1,6.176e+1,,1.980e+2,2.977e-6,,1.005e-19,1.507e+3,3.423e-17,4.308e-2,3.504e+1,,,2.085e+1,,5.838e-1,3.248e-17,1.506e-2,,3.718e-1,6.917e-17
397.52,1.997e+3,6.961e-21,6.053e-10,1.413e-44,1.315e-35,4.213e-34,,1.107e-4,3.242e-22,,9.219e-1,4.242e-13,3.312e-11,1.063e-17,1.117e-19,1.278e-30,,1.062e-7,,1.430e+0,2.046e+2,9.239e-35,1.501e+1,2.007e-17,7.967e-27,1.187e+0,1.436e-19,8.974e-2,1.754e-23,7.570e+1,1.148e-20,3.805e-10,4.860e-20,6.311e-23,2.124e-6,2.012e+1,2.315e-10,2.461e-2,,3.366e+1,5.439e+1,,1.935e+2,5.103e-6,,1.005e-19,1.348e+3,3.404e-17,3.271e-2,2.750e+1,,,1.959e+1,,6.199e-1,3.245e-17,2.403e-2,,2.929e-1,6.920e-17
397.54,1.849e+3,6.963e-21,6.176e-10,1.416e-44,1.321e-35,4.206e-34,,1.460e-4,3.244e-22,,6.585e-1,6.951e-13,3.722e-11,1.063e-17,1.114e-19,1.274e-30,,9.933e-8,,1.376e+0,1.735e+2,9.187e-35,1.756e+1,1.994e-17,7.972e-27,1.058e+0,1.436e-19,9.462e-2,1.755e-23,6.827e+1,1.148e-20,3.907e-10,4.861e-20,6.312e-23,3.009e-6,2.399e+1,3.634e-10,3.380e-2,,3.481e+1,4.970e+1,,1.900e+2,7.266e-6,,1.004e-19,1.245e+3,3.391e-17,2.706e-2,2.326e+1,,,1.867e+1,,6.412e-1,3.243e-17,3.261e-2,,2.483e-1,6.922e-17
397.57,1.642e+3,6.965e-21,6.373e-10,1.421e-44,1.330e-35,4.194e-34,,2.192e-4,3.246e-22,,3.940e-1,1.445e-12,4.396e-11,1.063e-17,1.109e-19,1.268e-30,,8.905e-8,,1.286e+0,1.342e+2,9.109e-35,2.204e+1,1.975e-17,7.981e-27,8.959e-1,1.436e-19,1.021e-1,1.756e-23,5.861e+1,1.149e-20,4.107e-10,4.863e-20,6.313e-23,5.030e-6,3.096e+1,7.100e-10,5.393e-2,,3.685e+1,4.306e+1,,1.839e+2,1.223e-5,,1.004e-19,1.094e+3,3.371e-17,2.018e-2,1.792e+1,,,1.722e+1,,6.685e-1,3.240e-17,5.111e-2,,1.920e-1,6.926e-17
397.59,1.517e+3,6.966e-21,6.513e-10,1.424e-44,1.336e-35,4.187e-34,,2.856e-4,3.247e-22,,2.780e-1,2.340e-12,4.882e-11,1.063e-17,1.106e-19,1.264e-30,,8.231e-8,,1.223e+0,1.124e+2,9.058e-35,2.550e+1,1.962e-17,7.987e-27,8.078e-1,1.436e-19,1.072e-1,1.756e-23,5.306e+1,1.150e-20,4.268e-10,4.864e-20,6.314e-23,7.043e-6,3.648e+1,1.104e-9,7.320e-2,,3.842e+1,3.891e+1,,1.795e+2,1.721e-5,,1.004e-19,9.976e+2,3.358e-17,1.649e-2,1.497e+1,,,1.623e+1,,6.833e-1,3.238e-17,6.854e-2,,1.608e-1,6.928e-17
397.61,1.400e+3,6.967e-21,6.659e-10,1.428e-44,1.342e-35,4.179e-34,,3.704e-4,3.249e-22,,1.952e-1,3.771e-12,5.395e-11,1.063e-17,1.103e-19,1.260e-30,,7.573e-8,,1.156e+0,9.364e+1,9.006e-35,2.935e+1,1.949e-17,7.992e-27,7.353e-1,1.437e-19,1.123e-1,1.757e-23,4.816e+1,1.150e-20,4.446e-10,4.866e-20,6.315e-23,9.813e-6,4.278e+1,1.707e-9,9.887e-2,,4.016e+1,3.500e+1,,1.749e+2,2.409e-5,,1.004e-19,9.054e+2,3.345e-17,1.341e-2,1.245e+1,,,1.521e+1,,6.949e-1,3.236e-17,9.148e-2,,1.340e-1,6.930e-17
397.64,1.244e+3,6.969e-21,6.887e-10,1.433e-44,1.351e-35,4.168e-34,,5.422e-4,3.251e-22,,1.138e-1,7.646e-12,6.211e-11,1.063e-17,1.099e-19,1.254e-30,,6.623e-8,,1.054e+0,7.060e+1,8.928e-35,3.593e+1,1.929e-17,8.001e-27,6.547e-1,1.437e-19,1.204e-1,1.758e-23,4.185e+1,1.151e-20,4.739e-10,4.868e-20,6.316e-23,1.599e-5,5.383e+1,3.257e-9,1.538e-1,,4.305e+1,2.962e+1,,1.676e+2,3.954e-5,,1.004e-19,7.757e+2,3.326e-17,9.750e-3,9.352e+0,,,1.368e+1,,7.064e-1,3.233e-17,1.398e-1,,1.010e-1,6.934e-17
397.66,1.153e+3,6.971e-21,7.043e-10,1.436e-44,1.357e-35,4.160e-34,,6.948e-4,3.252e-22,,7.897e-2,1.218e-11,6.782e-11,1.063e-17,1.095e-19,1.250e-30,,6.021e-8,,9.849e-1,5.813e+1,8.876e-35,4.088e+1,1.916e-17,8.006e-27,6.191e-1,1.437e-19,1.259e-1,1.759e-23,3.826e+1,1.151e-20,4.946e-10,4.869e-20,6.317e-23,2.202e-5,6.236e+1,4.979e-9,2.053e-1,,4.515e+1,2.634e+1,,1.625e+2,5.470e-5,,1.003e-19,6.955e+2,3.313e-17,7.834e-3,7.681e+0,,,1.267e+1,,7.098e-1,3.231e-17,1.843e-1,,8.320e-2,6.936e-17
397.69,1.033e+3,6.973e-21,7.281e-10,1.441e-44,1.366e-35,4.149e-34,,9.987e-4,3.254e-22,,4.521e-2,2.425e-11,7.668e-11,1.063e-17,1.091e-19,1.244e-30,,5.173e-8,,8.815e-1,4.304e+1,8.799e-35,4.915e+1,1.897e-17,8.015e-27,5.917e-1,1.437e-19,1.346e-1,1.759e-23,3.363e+1,1.152e-20,5.264e-10,4.871e-20,6.318e-23,3.524e-5,7.706e+1,9.327e-9,3.136e-1,,4.855e+1,2.191e+1,,1.549e+2,8.819e-5,,1.003e-19,5.852e+2,3.293e-17,5.592e-3,5.666e+0,,,1.120e+1,,7.085e-1,3.228e-17,2.766e-1,,6.160e-2,6.939e-17
397.71,9.657e+2,6.974e-21,7.440e-10,1.444e-44,1.372e-35,4.142e-34,,1.264e-3,3.256e-22,,3.099e-2,3.816e-11,8.272e-11,1.063e-17,1.088e-19,1.240e-30,,4.647e-8,,8.138e-1,3.501e+1,8.747e-35,5.525e+1,1.884e-17,8.021e-27,5.904e-1,1.438e-19,1.407e-1,1.760e-23,3.097e+1,1.153e-20,5.475e-10,4.873e-20,6.319e-23,4.794e-5,8.821e+1,1.409e-8,4.135e-1,,5.096e+1,1.927e+1,,1.497e+2,1.205e-4,,1.003e-19,5.183e+2,3.280e-17,4.439e-3,4.598e+0,,,1.025e+1,,7.034e-1,3.226e-17,3.604e-1,,5.010e-2,6.942e-17
397.74,8.817e+2,6.976e-21,7.671e-10,1.449e-44,1.381e-35,4.130e-34,,1.785e-3,3.258e-22,,1.742e-2,7.465e-11,9.186e-11,1.063e-17,1.083e-19,1.233e-30,,3.921e-8,,7.153e-1,2.545e+1,8.669e-35,6.525e+1,1.864e-17,8.029e-27,6.129e-1,1.438e-19,1.505e-1,1.761e-23,2.751e+1,1.153e-20,5.781e-10,4.875e-20,6.321e-23,7.537e-5,1.070e+2,2.592e-8,6.205e-1,,5.474e+1,1.575e+1,,1.421e+2,1.909e-4,,1.003e-19,4.282e+2,3.261e-17,3.111e-3,3.330e+0,,,8.894e+0,,6.895e-1,3.223e-17,5.312e-1,,3.643e-2,6.945e-17
397.76,8.368e+2,6.977e-21,7.819e-10,1.452e-44,1.387e-35,4.123e-34,,2.233e-3,3.259e-22,,1.179e-2,1.161e-10,9.790e-11,1.062e-17,1.080e-19,1.229e-30,,3.481e-8,,6.524e-1,2.045e+1,8.618e-35,7.247e+1,1.851e-17,8.035e-27,6.439e-1,1.438e-19,1.574e-1,1.762e-23,2.548e+1,1.154e-20,5.973e-10,4.876e-20,6.322e-23,1.013e-4,1.211e+2,3.869e-8,8.085e-1,,5.736e+1,1.370e+1,,1.371e+2,2.577e-4,,1.002e-19,3.748e+2,3.248e-17,2.440e-3,2.670e+0,,,8.043e+0,,6.763e-1,3.221e-17,6.839e-1,,2.927e-2,6.947e-17
397.79,7.850e+2,6.979e-21,8.024e-10,1.457e-44,1.396e-35,4.112e-34,,3.096e-3,3.261e-22,,6.510e-3,2.230e-10,1.068e-10,1.062e-17,1.076e-19,1.223e-30,,2.885e-8,,5.631e-1,1.460e+1,8.540e-35,8.406e+1,1.832e-17,8.043e-27,7.136e-1,1.438e-19,1.686e-1,1.762e-23,2.279e+1,1.155e-20,6.233e-10,4.878e-20,6.323e-23,1.564e-4,1.443e+2,6.992e-8,1.191e+0,,6.138e+1,1.101e+1,,1.298e+2,4.008e-4,,1.002e-19,3.040e+2,3.228e-17,1.679e-3,1.899e+0,,,6.856e+0,,6.510e-1,3.218e-17,9.900e-1,,2.090e-2,6.951e-17
397.81,7.603e+2,6.980e-21,8.146e-10,1.460e-44,1.402e-35,4.104e-34,,3.826e-3,3.263e-22,,4.354e-3,3.427e-10,1.124e-10,1.062e-17,1.073e-19,1.219e-30,,2.530e-8,,5.074e-1,1.159e+1,8.488e-35,9.225e+1,1.819e-17,8.049e-27,7.753e-1,1.439e-19,1.767e-1,1.763e-23,2.118e+1,1.155e-20,6.383e-10,4.880e-20,6.324e-23,2.077e-4,1.612e+2,1.031e-7,1.534e+0,,6.410e+1,9.466e+0,,1.251e+2,5.348e-4,,1.002e-19,2.629e+2,3.215e-17,1.301e-3,1.504e+0,,,6.126e+0,,6.308e-1,3.216e-17,1.259e+0,,1.659e-2,6.953e-17
397.84,7.365e+2,6.982e-21,8.301e-10,1.465e-44,1.411e-35,4.093e-34,,5.210e-3,3.265e-22,,2.360e-3,6.468e-10,1.204e-10,1.062e-17,1.068e-19,1.213e-30,,2.059e-8,,4.300e-1,8.125e+0,8.411e-35,1.051e+2,1.799e-17,8.058e-27,8.903e-1,1.439e-19,1.897e-1,1.764e-23,1.899e+1,1.156e-20,6.567e-10,4.882e-20,6.325e-23,3.150e-4,1.887e+2,1.830e-7,2.220e+0,,6.820e+1,7.487e+0,,1.182e+2,8.168e-4,,1.002e-19,2.094e+2,3.196e-17,8.790e-4,1.050e+0,,,5.128e+0,,5.963e-1,3.213e-17,1.790e+0,,1.163e-2,6.956e-17
397.86,7.288e+2,6.984e-21,8.382e-10,1.468e-44,1.417e-35,4.085e-34,,6.362e-3,3.266e-22,,1.559e-3,9.820e-10,1.253e-10,1.062e-17,1.065e-19,1.209e-30,,1.784e-8,,3.828e-1,6.372e+0,8.359e-35,1.140e+2,1.786e-17,8.063e-27,9.815e-1,1.439e-19,1.991e-1,1.765e-23,1.765e+1,1.156e-20,6.659e-10,4.883e-20,6.326e-23,4.133e-4,2.083e+2,2.667e-7,2.824e+0,,7.092e+1,6.372e+0,,1.138e+2,1.077e-3,,1.002e-19,1.789e+2,3.183e-17,6.728e-4,8.218e-1,,,4.528e+0,,5.709e-1,3.211e-17,2.250e+0,,9.120e-3,6.958e-17
397.89,7.280e+2,6.986e-21,8.467e-10,1.473e-44,1.426e-35,4.074e-34,,8.508e-3,3.269e-22,,8.297e-4,1.821e-9,1.317e-10,1.062e-17,1.061e-19,1.203e-30,,1.426e-8,,3.186e-1,4.386e+0,8.281e-35,1.276e+2,1.767e-17,8.072e-27,1.139e+0,1.439e-19,2.142e-1,1.765e-23,1.578e+1,1.157e-20,6.746e-10,4.885e-20,6.327e-23,6.155e-4,2.394e+2,4.650e-7,4.014e+0,,7.494e+1,4.972e+0,,1.074e+2,1.615e-3,,1.001e-19,1.399e+2,3.163e-17,4.464e-4,5.636e-1,,,3.723e+0,,5.300e-1,3.208e-17,3.141e+0,,6.278e-3,6.962e-17
397.91,7.339e+2,6.987e-21,8.495e-10,1.477e-44,1.432e-35,4.066e-34,,1.027e-2,3.270e-22,,5.415e-4,2.732e-9,1.354e-10,1.062e-17,1.058e-19,1.199e-30,,1.221e-8,,2.802e-1,3.399e+0,8.230e-35,1.367e+2,1.754e-17,8.078e-27,1.258e+0,1.440e-19,2.250e-1,1.766e-23,1.461e+1,1.158e-20,6.767e-10,4.887e-20,6.328e-23,7.979e-4,2.612e+2,6.695e-7,5.044e+0,,7.756e+1,4.201e+0,,1.033e+2,2.104e-3,,1.001e-19,1.181e+2,3.150e-17,3.376e-4,4.356e-1,,,3.248e+0,,5.013e-1,3.206e-17,3.901e+0,,4.864e-3,6.964e-17
397.94,7.507e+2,6.989e-21,8.490e-10,1.481e-44,1.441e-35,4.055e-34,,1.348e-2,3.272e-22,,2.830e-4,4.975e-9,1.399e-10,1.062e-17,1.053e-19,1.192e-30,,9.583e-9,,2.290e-1,2.297e+0,8.152e-35,1.503e+2,1.734e-17,8.086e-27,1.456e+0,1.440e-19,2.424e-1,1.767e-23,1.297e+1,1.158e-20,6.744e-10,4.889e-20,6.330e-23,1.167e-3,2.948e+2,1.146e-6,7.042e+0,,8.136e+1,3.257e+0,,9.730e+1,3.100e-3,,1.001e-19,9.070e+1,3.131e-17,2.199e-4,2.933e-1,,,2.623e+0,,4.570e-1,3.203e-17,5.349e+0,,3.288e-3,6.968e-17
397.96,7.665e+2,6.990e-21,8.455e-10,1.485e-44,1.447e-35,4.048e-34,,1.607e-2,3.273e-22,,1.824e-4,7.375e-9,1.420e-10,1.062e-17,1.050e-19,1.188e-30,,8.105e-9,,1.990e-1,1.758e+0,8.100e-35,1.592e+2,1.721e-17,8.092e-27,1.600e+0,1.440e-19,2.547e-1,1.768e-23,1.194e+1,1.159e-20,6.692e-10,4.890e-20,6.331e-23,1.495e-3,3.177e+2,1.631e-6,8.744e+0,,8.378e+1,2.754e+0,,9.348e+1,3.990e-3,,1.001e-19,7.562e+1,3.118e-17,1.643e-4,2.240e-1,,,2.261e+0,,4.271e-1,3.201e-17,6.562e+0,,2.517e-3,6.970e-17
397.98,7.853e+2,6.992e-21,8.392e-10,1.488e-44,1.453e-35,4.040e-34,,1.907e-2,3.275e-22,,1.171e-4,1.088e-8,1.436e-10,1.062e-17,1.047e-19,1.184e-30,,6.822e-9,,1.721e-1,1.340e+0,8.048e-35,1.678e+2,1.708e-17,8.097e-27,1.752e+0,1.440e-19,2.677e-1,1.768e-23,1.097e+1,1.159e-20,6.611e-10,4.892e-20,6.332e-23,1.906e-3,3.407e+2,2.309e-6,1.080e+1,,8.610e+1,2.340e+0,,8.976e+1,5.111e-3,,1.001e-19,6.274e+1,3.105e-17,1.221e-4,1.702e-1,,,1.940e+0,,3.972e-1,3.199e-17,8.013e+0,,1.917e-3,6.972e-17
398.01,8.179e+2,6.994e-21,8.246e-10,1.493e-44,1.462e-35,4.029e-34,,2.442e-2,3.277e-22,,5.963e-5,1.933e-8,1.446e-10,1.062e-17,1.043e-19,1.178e-30,,5.221e-9,,1.371e-1,8.826e-1,7.971e-35,1.800e+2,1.689e-17,8.106e-27,1.996e+0,1.441e-19,2.881e-1,1.769e-23,9.587e+0,1.160e-20,6.435e-10,4.894e-20,6.333e-23,2.718e-3,3.750e+2,3.855e-6,1.471e+1,,8.935e+1,1.869e+0,,8.436e+1,7.342e-3,,1.000e-19,4.698e+1,3.085e-17,7.758e-5,1.117e-1,,,1.527e+0,,3.530e-1,3.196e-17,1.071e+1,,1.263e-3,6.975e-17
398.03,8.419e+2,6.995e-21,8.115e-10,1.496e-44,1.468e-35,4.021e-34,,2.862e-2,3.278e-22,,3.780e-5,2.818e-8,1.443e-10,1.062e-17,1.040e-19,1.174e-30,,4.342e-9,,1.171e-1,6.642e-1,7.919e-35,1.875e+2,1.676e-17,8.112e-27,2.166e+0,1.441e-19,3.023e-1,1.770e-23,8.727e+0,1.161e-20,6.286e-10,4.895e-20,6.334e-23,3.424e-3,3.974e+2,5.393e-6,1.796e+1,,9.136e+1,1.643e+0,,8.088e+1,9.292e-3,,1.000e-19,3.851e+1,3.072e-17,5.698e-5,8.390e-2,,,1.295e+0,,3.243e-1,3.194e-17,1.292e+1,,9.506e-4,6.978e-17
398.06,8.801e+2,6.997e-21,7.868e-10,1.501e-44,1.477e-35,4.010e-34,,3.600e-2,3.281e-22,,1.890e-5,4.916e-8,1.427e-10,1.062e-17,1.035e-19,1.168e-30,,3.263e-9,,9.165e-2,4.297e-1,7.841e-35,1.978e+2,1.656e-17,8.120e-27,2.431e+0,1.441e-19,3.245e-1,1.771e-23,7.526e+0,1.161e-20,6.016e-10,4.897e-20,6.335e-23,4.796e-3,4.295e+2,8.845e-6,2.401e+1,,9.409e+1,1.426e+0,,7.583e+1,1.311e-2,,1.000e-19,2.832e+1,3.053e-17,3.553e-5,5.408e-2,,,1.001e+0,,2.831e-1,3.191e-17,1.697e+1,,6.150e-4,6.981e-17
398.08,9.065e+2,6.998e-21,7.672e-10,1.504e-44,1.483e-35,4.003e-34,,4.169e-2,3.282e-22,,1.184e-5,7.082e-8,1.408e-10,1.062e-17,1.032e-19,1.164e-30,,2.681e-9,,7.736e-2,3.195e-1,7.790e-35,2.037e+2,1.643e-17,8.126e-27,2.612e+0,1.441e-19,3.398e-1,1.771e-23,6.785e+0,1.162e-20,5.809e-10,4.898e-20,6.336e-23,5.969e-3,4.497e+2,1.223e-5,2.896e+1,,9.570e+1,1.356e+0,,7.257e+1,1.639e-2,,9.998e-20,2.293e+1,3.040e-17,2.578e-5,4.011e-2,,,8.387e-1,,2.569e-1,3.189e-17,2.023e+1,,4.573e-4,6.983e-17
398.11,9.465e+2,7.000e-21,7.334e-10,1.509e-44,1.492e-35,3.991e-34,,5.150e-2,3.284e-22,,5.812e-6,1.214e-7,1.368e-10,1.062e-17,1.028e-19,1.158e-30,,1.979e-9,,5.944e-2,2.030e-1,7.712e-35,2.113e+2,1.624e-17,8.134e-27,2.885e+0,1.442e-19,3.632e-1,1.772e-23,5.763e+0,1.163e-20,5.465e-10,4.901e-20,6.337e-23,8.212e-3,4.773e+2,1.969e-5,3.803e+1,,9.779e+1,1.357e+0,,6.785e+1,2.272e-2,,9.995e-20,1.656e+1,3.020e-17,1.579e-5,2.539e-2,,,6.371e-1,,2.202e-1,3.186e-17,2.609e+1,,2.905e-4,6.987e-17
398.13,9.731e+2,7.002e-21,7.082e-10,1.512e-44,1.498e-35,3.984e-34,,5.893e-2,3.285e-22,,3.595e-6,1.728e-7,1.333e-10,1.062e-17,1.024e-19,1.154e-30,,1.607e-9,,4.956e-2,1.491e-1,7.660e-35,2.153e+2,1.611e-17,8.140e-27,3.066e+0,1.442e-19,3.791e-1,1.773e-23,5.141e+0,1.163e-20,5.218e-10,4.902e-20,6.338e-23,1.010e-2,4.937e+2,2.690e-5,4.533e+1,,9.894e+1,1.428e+0,,6.481e+1,2.807e-2,,9.994e-20,1.325e+1,3.007e-17,1.132e-5,1.860e-2,,,5.272e-1,,1.975e-1,3.184e-17,3.073e+1,,2.134e-4,6.989e-17
398.16,1.012e+3,7.004e-21,6.669e-10,1.517e-44,1.507e-35,3.973e-34,,7.149e-2,3.288e-22,,1.733e-6,2.908e-7,1.271e-10,1.062e-17,1.020e-19,1.147e-30,,1.166e-9,,3.739e-2,9.300e-2,7.583e-35,2.197e+2,1.591e-17,8.149e-27,3.332e+0,1.442e-19,4.032e-1,1.774e-23,4.296e+0,1.164e-20,4.825e-10,4.904e-20,6.340e-23,1.364e-2,5.147e+2,4.255e-5,5.846e+1,,1.003e+2,1.642e+0,,6.044e+1,3.820e-2,,9.991e-20,9.395e+0,2.988e-17,6.806e-6,1.156e-2,,,3.934e-1,,1.662e-1,3.181e-17,3.892e+1,,1.331e-4,6.992e-17
398.18,1.038e+3,7.005e-21,6.375e-10,1.521e-44,1.513e-35,3.965e-34,,8.083e-2,3.289e-22,,1.059e-6,4.091e-7,1.224e-10,1.062e-17,1.017e-19,1.143e-30,,9.367e-10,,3.081e-2,6.749e-2,7.531e-35,2.216e+2,1.578e-17,8.154e-27,3.502e+0,1.442e-19,4.193e-1,1.774e-23,3.790e+0,1.165e-20,4.554e-10,4.905e-20,6.341e-23,1.658e-2,5.260e+2,5.742e-5,6.885e+1,,1.009e+2,1.859e+0,,5.766e+1,4.663e-2,,9.990e-20,7.425e+0,2.975e-17,4.819e-6,8.370e-3,,,3.216e-1,,1.473e-1,3.179e-17,4.529e+1,,9.659e-5,6.995e-17
398.21,1.075e+3,7.007e-21,5.912e-10,1.525e-44,1.522e-35,3.954e-34,,9.630e-2,3.291e-22,,5.015e-7,6.765e-7,1.147e-10,1.062e-17,1.012e-19,1.137e-30,,6.698e-10,,2.282e-2,4.134e-2,7.453e-35,2.228e+2,1.559e-17,8.163e-27,3.743e+0,1.443e-19,4.432e-1,1.775e-23,3.115e+0,1.165e-20,4.139e-10,4.908e-20,6.342e-23,2.200e-2,5.385e+2,8.922e-5,8.720e+1,,1.015e+2,2.306e+0,,5.371e+1,6.233e-2,,9.987e-20,5.171e+0,2.955e-17,2.846e-6,5.109e-3,,,2.357e-1,,1.217e-1,3.176e-17,5.634e+1,,5.917e-5,6.998e-17
398.23,1.100e+3,7.008e-21,5.593e-10,1.529e-44,1.528e-35,3.946e-34,,1.076e-1,3.293e-22,,3.028e-7,9.403e-7,1.091e-10,1.062e-17,1.009e-19,1.133e-30,,5.340e-10,,1.858e-2,2.964e-2,7.402e-35,2.226e+2,1.546e-17,8.168e-27,3.892e+0,1.443e-19,4.589e-1,1.776e-23,2.717e+0,1.166e-20,3.862e-10,4.909e-20,6.343e-23,2.641e-2,5.437e+2,1.190e-4,1.015e+2,,1.015e+2,2.692e+0,,5.125e+1,7.518e-2,,9.985e-20,4.037e+0,2.942e-17,1.991e-6,3.654e-3,,,1.904e-1,,1.066e-1,3.174e-17,6.478e+1,,4.242e-5,7.000e-17
398.26,1.136e+3,7.010e-21,5.105e-10,1.534e-44,1.537e-35,3.935e-34,,1.259e-1,3.295e-22,,1.407e-7,1.527e-6,1.004e-10,1.062e-17,1.005e-19,1.127e-30,,3.802e-10,,1.352e-2,1.783e-2,7.324e-35,2.210e+2,1.526e-17,8.177e-27,4.093e+0,1.443e-19,4.818e-1,1.777e-23,2.194e+0,1.167e-20,3.450e-10,4.911e-20,6.344e-23,3.442e-2,5.467e+2,1.816e-4,1.262e+2,,1.012e+2,3.418e+0,,4.783e+1,9.870e-2,,9.983e-20,2.761e+0,2.923e-17,1.154e-6,2.191e-3,,,1.371e-1,,8.650e-2,3.171e-17,7.914e+1,,2.551e-5,7.004e-17
398.28,1.159e+3,7.012e-21,4.778e-10,1.537e-44,1.543e-35,3.927e-34,,1.389e-1,3.296e-22,,8.393e-8,2.098e-6,9.435e-11,1.062e-17,1.002e-19,1.123e-30,,3.046e-10,,1.087e-2,1.263e-2,7.272e-35,2.191e+2,1.513e-17,8.183e-27,4.210e+0,1.443e-19,4.966e-1,1.777e-23,1.892e+0,1.167e-20,3.182e-10,4.912e-20,6.345e-23,4.083e-2,5.454e+2,2.392e-4,1.451e+2,,1.006e+2,4.010e+0,,4.577e+1,1.176e-1,,9.981e-20,2.130e+0,2.910e-17,7.977e-7,1.549e-3,,,1.094e-1,,7.481e-2,3.169e-17,8.990e+1,,1.807e-5,7.006e-17
398.31,1.195e+3,7.014e-21,4.291e-10,1.542e-44,1.552e-35,3.916e-34,,1.596e-1,3.298e-22,,3.831e-8,3.347e-6,8.523e-11,1.062e-17,9.973e-20,1.117e-30,,2.235e-10,,7.765e-3,7.457e-3,7.195e-35,2.153e+2,1.494e-17,8.191e-27,4.357e+0,1.444e-19,5.177e-1,1.778e-23,1.501e+0,1.168e-20,2.794e-10,4.914e-20,6.346e-23,5.226e-2,5.385e+2,3.585e-4,1.773e+2,,9.938e+1,5.079e+0,,4.303e+1,1.517e-1,,9.979e-20,1.430e+0,2.890e-17,4.542e-7,9.138e-4,,,7.734e-2,,5.963e-2,3.166e-17,1.079e+2,,1.067e-5,7.009e-17
398.33,1.219e+3,7.015e-21,3.972e-10,1.545e-44,1.558e-35,3.909e-34,,1.741e-1,3.300e-22,,2.257e-8,4.543e-6,7.916e-11,1.062e-17,9.943e-20,1.113e-30,,1.872e-10,,6.168e-3,5.218e-3,7.143e-35,2.122e+2,1.481e-17,8.197e-27,4.434e+0,1.444e-19,5.310e-1,1.779e-23,1.279e+0,1.168e-20,2.547e-10,4.916e-20,6.347e-23,6.125e-2,5.308e+2,4.668e-4,2.014e+2,,9.824e+1,5.924e+0,,4.148e+1,1.786e-1,,9.977e-20,1.090e+0,2.877e-17,3.101e-7,6.407e-4,,,6.100e-2,,5.095e-2,3.164e-17,1.211e+2,,7.467e-6,7.012e-17
398.36,1.257e+3,7.017e-21,3.509e-10,1.550e-44,1.567e-35,3.897e-34,,1.965e-1,3.302e-22,,1.011e-8,7.119e-6,7.022e-11,1.062e-17,9.897e-20,1.106e-30,,1.552e-10,,4.328e-3,3.026e-3,7.065e-35,2.072e+2,1.461e-17,8.205e-27,4.519e+0,1.444e-19,5.495e-1,1.780e-23,9.980e-1,1.169e-20,2.198e-10,4.918e-20,6.349e-23,7.701e-2,5.147e+2,6.872e-4,2.417e+2,,9.610e+1,7.412e+0,,3.959e+1,2.261e-1,,9.974e-20,7.186e-1,2.858e-17,1.734e-7,3.771e-4,,,4.235e-2,,3.988e-2,3.161e-17,1.427e+2,,4.331e-6,7.015e-17
398.38,1.283e+3,7.018e-21,3.213e-10,1.553e-44,1.573e-35,3.890e-34,,2.117e-1,3.303e-22,,5.887e-9,9.548e-6,6.444e-11,1.062e-17,9.867e-20,1.102e-30,,1.472e-10,,3.397e-3,2.092e-3,7.013e-35,2.037e+2,1.448e-17,8.211e-27,4.553e+0,1.444e-19,5.607e-1,1.780e-23,8.410e-1,1.170e-20,1.981e-10,4.919e-20,6.350e-23,8.916e-2,5.012e+2,8.839e-4,2.713e+2,,9.440e+1,8.563e+0,,3.866e+1,2.631e-1,,9.973e-20,5.411e-1,2.845e-17,1.169e-7,2.681e-4,,,3.301e-2,,3.367e-2,3.159e-17,1.582e+2,,2.994e-6,7.017e-17
398.4,1.311e+3,7.020e-21,2.928e-10,1.556e-44,1.579e-35,3.882e-34,,2.270e-1,3.305e-22,,3.410e-9,1.274e-5,5.885e-11,1.062e-17,9.837e-20,1.098e-30,,1.493e-10,,2.653e-3,1.439e-3,6.962e-35,2.003e+2,1.435e-17,8.217e-27,4.571e+0,1.444e-19,5.709e-1,1.781e-23,7.058e-1,1.170e-20,1.777e-10,4.921e-20,6.351e-23,1.027e-1,4.857e+2,1.132e-3,3.031e+2,,9.248e+1,9.850e+0,,3.802e+1,3.046e-1,,9.971e-20,4.055e-1,2.832e-17,7.849e-8,1.960e-4,,,2.560e-2,,2.829e-2,3.157e-17,1.746e+2,,2.059e-6,7.020e-17
398.43,1.356e+3,7.022e-21,2.527e-10,1.561e-44,1.588e-35,3.871e-34,,2.498e-1,3.307e-22,,1.489e-9,1.948e-5,5.089e-11,1.062e-17,9.792e-20,1.092e-30,,1.716e-10,,1.815e-3,8.135e-4,6.884e-35,1.955e+2,1.416e-17,8.225e-27,4.567e+0,1.445e-19,5.843e-1,1.782e-23,5.389e-1,1.171e-20,1.497e-10,4.923e-20,6.352e-23,1.260e-1,4.592e+2,1.624e-3,3.546e+2,,8.926e+1,1.205e+1,,3.762e+1,3.762e-1,,9.969e-20,2.606e-1,2.812e-17,4.278e-8,1.379e-4,,,1.733e-2,,2.159e-2,3.154e-17,2.007e+2,,1.164e-6,7.023e-17
398.45,1.388e+3,7.023e-21,2.277e-10,1.565e-44,1.594e-35,3.864e-34,,2.647e-1,3.308e-22,,8.522e-10,2.569e-5,4.592e-11,1.062e-17,9.761e-20,1.088e-30,,2.001e-10,,1.400e-3,5.528e-4,6.832e-35,1.927e+2,1.403e-17,8.231e-27,4.544e+0,1.445e-19,5.917e-1,1.782e-23,4.485e-1,1.171e-20,1.328e-10,4.924e-20,6.353e-23,1.434e-1,4.397e+2,2.055e-3,3.914e+2,,8.691e+1,1.371e+1,,3.777e+1,4.304e-1,,9.967e-20,1.929e-1,2.799e-17,2.837e-8,1.251e-4,,,1.328e-2,,1.792e-2,3.152e-17,2.188e+2,,7.912e-7,7.025e-17
398.48,1.439e+3,7.025e-21,1.932e-10,1.569e-44,1.603e-35,3.852e-34,,2.860e-1,3.310e-22,,3.655e-10,3.857e-5,3.900e-11,1.062e-17,9.716e-20,1.082e-30,,2.666e-10,,9.405e-4,3.069e-4,6.755e-35,1.895e+2,1.384e-17,8.240e-27,4.485e+0,1.445e-19,6.004e-1,1.783e-23,3.400e-1,1.172e-20,1.099e-10,4.926e-20,6.354e-23,1.727e-1,4.083e+2,2.897e-3,4.499e+2,,8.312e+1,1.650e+1,,3.866e+1,5.219e-1,,9.964e-20,1.218e-1,2.780e-17,1.518e-8,1.405e-4,,,8.832e-3,,1.343e-2,3.149e-17,2.469e+2,,4.392e-7,7.029e-17
398.5,1.476e+3,7.026e-21,1.721e-10,1.573e-44,1.609e-35,3.845e-34,,2.994e-1,3.312e-22,,2.066e-10,5.028e-5,3.477e-11,1.062e-17,9.686e-20,1.078e-30,,3.295e-10,,7.170e-4,2.061e-4,6.703e-35,1.880e+2,1.371e-17,8.245e-27,4.430e+0,1.445e-19,6.045e-1,1.784e-23,2.832e-1,1.173e-20,9.634e-11,4.928e-20,6.355e-23,1.943e-1,3.863e+2,3.621e-3,4.907e+2,,8.046e+1,1.856e+1,,3.971e+1,5.899e-1,,9.963e-20,8.906e-2,2.767e-17,9.945e-9,1.753e-4,,,6.688e-3,,1.101e-2,3.147e-17,2.660e+2,,2.949e-7,7.031e-17
398.53,1.535e+3,7.028e-21,1.435e-10,1.578e-44,1.618e-35,3.833e-34,,3.178e-1,3.314e-22,,8.700e-11,7.415e-5,2.900e-11,1.062e-17,9.640e-20,1.072e-30,,4.583e-10,,4.729e-4,1.123e-4,6.625e-35,1.872e+2,1.351e-17,8.254e-27,4.330e+0,1.446e-19,6.080e-1,1.785e-23,2.183e-1,1.173e-20,7.838e-11,4.930e-20,6.356e-23,2.297e-1,3.522e+2,5.014e-3,5.540e+2,,7.634e+1,2.197e+1,,4.201e+1,7.027e-1,,9.960e-20,5.520e-2,2.747e-17,5.226e-9,2.748e-4,,,4.368e-3,,8.103e-3,3.144e-17,2.949e+2,,1.608e-7,7.034e-17
398.55,1.576e+3,7.029e-21,1.264e-10,1.581e-44,1.624e-35,3.826e-34,,3.287e-1,3.315e-22,,4.858e-11,9.550e-5,2.554e-11,1.062e-17,9.610e-20,1.068e-30,,5.723e-10,,3.562e-4,7.450e-5,6.574e-35,1.876e+2,1.338e-17,8.259e-27,4.255e+0,1.446e-19,6.083e-1,1.785e-23,1.871e-1,1.174e-20,6.792e-11,4.931e-20,6.357e-23,2.553e-1,3.292e+2,6.193e-3,5.971e+2,,7.356e+1,2.444e+1,,4.404e+1,7.848e-1,,9.958e-20,3.989e-2,2.734e-17,3.382e-9,3.839e-4,,,3.268e-3,,6.565e-3,3.142e-17,3.139e+2,,1.066e-7,7.037e-17
398.58,1.641e+3,7.031e-21,1.036e-10,1.586e-44,1.633e-35,3.815e-34,,3.426e-1,3.317e-22,,2.009e-11,1.383e-4,2.092e-11,1.062e-17,9.565e-20,1.061e-30,,7.959e-10,,2.307e-4,3.988e-5,6.496e-35,1.897e+2,1.319e-17,8.268e-27,4.132e+0,1.446e-19,6.059e-1,1.786e-23,1.563e-1,1.175e-20,5.431e-11,4.933e-20,6.359e-23,2.966e-1,2.948e+2,8.423e-3,6.622e+2,,6.941e+1,2.845e+1,,4.784e+1,9.180e-1,,9.956e-20,2.428e-2,2.715e-17,1.745e-9,6.436e-4,,,2.096e-3,,4.744e-3,3.139e-17,3.417e+2,,5.708e-8,7.040e-17
398.6,1.684e+3,7.033e-21,9.019e-11,1.589e-44,1.639e-35,3.807e-34,,3.501e-1,3.319e-22,,1.108e-11,1.761e-4,1.821e-11,1.062e-17,9.535e-20,1.057e-30,,9.878e-10,,1.717e-4,2.613e-5,6.444e-35,1.921e+2,1.306e-17,8.274e-27,4.048e+0,1.446e-19,6.023e-1,1.787e-23,1.460e-1,1.175e-20,4.651e-11,4.935e-20,6.360e-23,3.257e-1,2.723e+2,1.028e-2,7.053e+2,,6.671e+1,3.131e+1,,5.088e+1,1.013e+0,,9.954e-20,1.733e-2,2.702e-17,1.116e-9,9.088e-4,,,1.549e-3,,3.798e-3,3.137e-17,3.594e+2,,3.740e-8,7.042e-17
398.63,1.751e+3,7.035e-21,7.263e-11,1.594e-44,1.648e-35,3.796e-34,,3.584e-1,3.321e-22,,4.499e-12,2.505e-4,1.465e-11,1.062e-17,9.489e-20,1.051e-30,,1.356e-9,,1.092e-4,1.374e-5,6.367e-35,1.972e+2,1.286e-17,8.282e-27,3.923e+0,1.447e-19,5.939e-1,1.788e-23,1.457e-1,1.176e-20,3.655e-11,4.937e-20,6.361e-23,3.715e-1,2.394e+2,1.373e-2,7.686e+2,,6.286e+1,3.587e+1,,5.617e+1,1.164e+0,,9.952e-20,1.036e-2,2.682e-17,5.653e-10,1.517e-3,,,9.761e-4,,2.695e-3,3.134e-17,3.842e+2,,1.966e-8,7.046e-17
398.65,1.795e+3,7.036e-21,6.251e-11,1.597e-44,1.654e-35,3.788e-34,,3.619e-1,3.322e-22,,2.452e-12,3.151e-4,1.259e-11,1.062e-17,9.459e-20,1.047e-30,,1.665e-9,,8.026e-5,8.892e-6,6.315e-35,2.015e+2,1.273e-17,8.288e-27,3.843e+0,1.447e-19,5.862e-1,1.788e-23,1.560e-1,1.176e-20,3.094e-11,4.938e-20,6.362e-23,4.031e-1,2.185e+2,1.655e-2,8.091e+2,,6.047e+1,3.907e+1,,6.018e+1,1.269e+0,,9.950e-20,7.304e-3,2.669e-17,3.571e-10,2.124e-3,,,7.130e-4,,2.131e-3,3.132e-17,3.993e+2,,1.273e-8,7.048e-17
398.68,1.858e+3,7.038e-21,4.946e-11,1.602e-44,1.663e-35,3.777e-34,,3.639e-1,3.324e-22,,9.775e-13,4.404e-4,9.948e-12,1.062e-17,9.414e-20,1.041e-30,,2.248e-9,,5.013e-5,4.589e-6,6.237e-35,2.092e+2,1.254e-17,8.296e-27,3.733e+0,1.447e-19,5.718e-1,1.789e-23,1.892e-1,1.177e-20,2.389e-11,4.940e-20,6.363e-23,4.516e-1,1.887e+2,2.172e-2,8.663e+2,,5.725e+1,4.409e+1,,6.688e+1,1.432e+0,,9.947e-20,4.287e-3,2.650e-17,1.777e-10,3.488e-3,,,4.411e-4,,1.485e-3,3.129e-17,4.192e+2,,6.568e-9,7.051e-17
398.7,1.899e+3,7.039e-21,4.207e-11,1.605e-44,1.669e-35,3.770e-34,,3.630e-1,3.326e-22,,5.262e-13,5.473e-4,8.450e-12,1.062e-17,9.384e-20,1.037e-30,,2.729e-9,,3.641e-5,2.935e-6,6.185e-35,2.150e+2,1.241e-17,8.302e-27,3.669e+0,1.447e-19,5.602e-1,1.790e-23,2.248e-1,1.178e-20,2.000e-11,4.942e-20,6.364e-23,4.842e-1,1.701e+2,2.588e-2,9.015e+2,,5.539e+1,4.755e+1,,7.176e+1,1.543e+0,,9.946e-20,2.987e-3,2.637e-17,1.109e-10,4.828e-3,,,3.184e-4,,1.161e-3,3.127e-17,4.304e+2,,4.201e-9,7.054e-17
398.73,1.954e+3,7.041e-21,3.271e-11,1.610e-44,1.678e-35,3.758e-34,,3.584e-1,3.328e-22,,2.060e-13,7.514e-4,6.556e-12,1.062e-17,9.338e-20,1.031e-30,,3.620e-9,,2.233e-5,1.488e-6,6.108e-35,2.245e+2,1.221e-17,8.311e-27,3.587e+0,1.448e-19,5.403e-1,1.791e-23,3.028e-1,1.178e-20,1.518e-11,4.944e-20,6.365e-23,5.328e-1,1.443e+2,3.335e-2,9.489e+2,,5.311e+1,5.288e+1,,7.964e+1,1.710e+0,,9.943e-20,1.721e-3,2.617e-17,5.416e-11,7.793e-3,,,1.934e-4,,7.943e-4,3.124e-17,4.438e+2,,2.129e-9,7.057e-17
398.75,1.987e+3,7.043e-21,2.750e-11,1.613e-44,1.684e-35,3.751e-34,,3.533e-1,3.329e-22,,1.095e-13,9.227e-4,5.502e-12,1.062e-17,9.308e-20,1.027e-30,,4.344e-9,,1.602e-5,9.399e-7,6.056e-35,2.312e+2,1.208e-17,8.316e-27,3.545e+0,1.448e-19,5.254e-1,1.791e-23,3.745e-1,1.179e-20,1.255e-11,4.945e-20,6.366e-23,5.644e-1,1.285e+2,3.925e-2,9.763e+2,,5.197e+1,5.651e+1,,8.522e+1,1.820e+0,,9.942e-20,1.185e-3,2.604e-17,3.339e-11,1.066e-2,,,1.379e-4,,6.131e-4,3.122e-17,4.503e+2,,1.345e-9,7.059e-17
398.77,2.016e+3,7.044e-21,2.301e-11,1.617e-44,1.690e-35,3.743e-34,,3.465e-1,3.331e-22,,5.798e-14,1.128e-3,4.595e-12,1.062e-17,9.278e-20,1.022e-30,,5.187e-9,,1.144e-5,5.910e-7,6.004e-35,2.379e+2,1.195e-17,8.322e-27,3.512e+0,1.448e-19,5.093e-1,1.792e-23,4.653e-1,1.179e-20,1.034e-11,4.946e-20,6.367e-23,5.950e-1,1.139e+2,4.598e-2,1.000e+3,,5.115e+1,6.017e+1,,9.102e+1,1.928e+0,,9.940e-20,8.117e-4,2.591e-17,2.049e-11,1.451e-2,,,9.790e-5,,4.710e-4,3.120e-17,4.546e+2,,8.457e-10,7.061e-17
398.8,2.052e+3,7.046e-21,1.745e-11,1.622e-44,1.699e-35,3.732e-34,,3.337e-1,3.333e-22,,2.212e-14,1.510e-3,3.476e-12,1.062e-17,9.232e-20,1.016e-30,,6.710e-9,,6.841e-6,2.920e-7,5.927e-35,2.479e+2,1.176e-17,8.330e-27,3.482e+0,1.448e-19,4.832e-1,1.793e-23,6.455e-1,1.180e-20,7.657e-12,4.948e-20,6.369e-23,6.384e-1,9.420e+1,5.779e-2,1.029e+3,,5.059e+1,6.571e+1,,1.000e+2,2.083e+0,,9.937e-20,4.560e-4,2.572e-17,9.755e-12,2.284e-2,,,5.801e-5,,3.143e-4,3.117e-17,4.571e+2,,4.178e-10,7.065e-17
398.82,2.069e+3,7.047e-21,1.443e-11,1.625e-44,1.705e-35,3.725e-34,,3.234e-1,3.334e-22,,1.157e-14,1.824e-3,2.868e-12,1.062e-17,9.202e-20,1.012e-30,,7.918e-9,,4.826e-6,1.814e-7,5.875e-35,2.543e+2,1.163e-17,8.336e-27,3.474e+0,1.449e-19,4.646e-1,1.793e-23,8.013e-1,1.181e-20,6.233e-12,4.950e-20,6.370e-23,6.650e-1,8.249e+1,6.689e-2,1.042e+3,,5.068e+1,6.941e+1,,1.062e+2,2.181e+0,,9.936e-20,3.086e-4,2.559e-17,5.913e-12,3.072e-2,,,4.068e-5,,2.385e-4,3.115e-17,4.560e+2,,2.595e-10,7.067e-17
398.85,2.086e+3,7.049e-21,1.075e-11,1.630e-44,1.714e-35,3.713e-34,,3.058e-1,3.336e-22,,4.332e-15,2.399e-3,2.130e-12,1.062e-17,9.157e-20,1.006e-30,,1.006e-8,,2.834e-6,8.798e-8,5.797e-35,2.631e+2,1.143e-17,8.345e-27,3.477e+0,1.449e-19,4.356e-1,1.794e-23,1.102e+0,1.181e-20,4.541e-12,4.952e-20,6.371e-23,7.007e-1,6.700e+1,8.256e-2,1.055e+3,,5.153e+1,7.496e+1,,1.154e+2,2.314e+0,,9.933e-20,1.703e-4,2.540e-17,2.765e-12,4.749e-2,,,2.368e-5,,1.563e-4,3.113e-17,4.503e+2,,1.259e-10,7.070e-17
398.87,2.090e+3,7.051e-21,8.785e-12,1.633e-44,1.720e-35,3.706e-34,,2.928e-1,3.338e-22,,4.332e-15,2.863e-3,1.737e-12,1.062e-17,9.127e-20,1.002e-30,,1.173e-8,,1.975e-6,5.399e-8,5.746e-35,2.682e+2,1.130e-17,8.350e-27,3.488e+0,1.449e-19,4.156e-1,1.795e-23,1.356e+0,1.182e-20,3.657e-12,4.953e-20,6.372e-23,7.212e-1,5.797e+1,9.443e-2,1.059e+3,,5.257e+1,7.863e+1,,1.216e+2,2.393e+0,,9.931e-20,1.138e-4,2.527e-17,1.656e-12,6.312e-2,,,1.641e-5,,1.172e-4,3.111e-17,4.438e+2,,7.727e-11,7.073e-17
398.9,2.087e+3,7.053e-21,6.430e-12,1.638e-44,1.729e-35,3.694e-34,,2.719e-1,3.340e-22,,4.332e-15,3.699e-3,1.267e-12,1.062e-17,9.081e-20,9.959e-31,,1.464e-8,,1.139e-6,2.572e-8,5.668e-35,2.746e+2,1.111e-17,8.359e-27,3.515e+0,1.449e-19,3.850e-1,1.796e-23,1.836e+0,1.183e-20,2.625e-12,4.955e-20,6.373e-23,7.463e-1,4.624e+1,1.145e-1,1.056e+3,,5.484e+1,8.411e+1,,1.307e+2,2.495e+0,,9.929e-20,6.167e-5,2.507e-17,7.602e-13,9.585e-2,,,9.399e-6,,7.540e-5,3.108e-17,4.304e+2,,3.681e-11,7.076e-17
398.92,2.078e+3,7.054e-21,5.192e-12,1.641e-44,1.735e-35,3.687e-34,,2.573e-1,3.341e-22,,4.331e-15,4.362e-3,1.021e-12,1.062e-17,9.051e-20,9.918e-31,,1.688e-8,,7.841e-7,1.559e-8,5.616e-35,2.778e+2,1.098e-17,8.365e-27,3.538e+0,1.450e-19,3.645e-1,1.796e-23,2.234e+0,1.183e-20,2.096e-12,4.957e-20,6.374e-23,7.590e-1,3.953e+1,1.294e-1,1.050e+3,,5.681e+1,8.773e+1,,1.366e+2,2.549e+0,,9.927e-20,4.074e-5,2.494e-17,4.498e-13,1.259e-1,,,6.459e-6,,5.586e-5,3.106e-17,4.192e+2,,2.232e-11,7.078e-17
398.95,2.055e+3,7.056e-21,3.733e-12,1.646e-44,1.744e-35,3.676e-34,,2.346e-1,3.343e-22,,4.331e-15,5.537e-3,7.312e-13,1.062e-17,9.006e-20,9.856e-31,,2.069e-8,,4.440e-7,7.294e-9,5.539e-35,2.809e+2,1.078e-17,8.373e-27,3.575e+0,1.450e-19,3.338e-1,1.797e-23,2.974e+0,1.184e-20,1.490e-12,4.959e-20,6.375e-23,7.714e-1,3.096e+1,1.540e-1,1.035e+3,,6.040e+1,9.312e+1,,1.450e+2,2.610e+0,,9.925e-20,2.167e-5,2.475e-17,2.031e-13,1.878e-1,,,3.686e-6,,3.529e-5,3.103e-17,3.993e+2,,1.044e-11,7.082e-17
398.97,2.035e+3,7.057e-21,2.979e-12,1.649e-44,1.750e-35,3.668e-34,,2.193e-1,3.345e-22,,4.331e-15,6.452e-3,5.819e-13,1.062e-17,8.976e-20,9.815e-31,,2.357e-8,,3.020e-7,4.369e-9,5.487e-35,2.817e+2,1.065e-17,8.379e-27,3.598e+0,1.450e-19,3.136e-1,1.798e-23,3.578e+0,1.184e-20,1.188e-12,4.960e-20,6.376e-23,7.751e-1,2.615e+1,1.720e-1,1.021e+3,,6.318e+1,9.670e+1,,1.503e+2,2.635e+0,,9.923e-20,1.414e-5,2.462e-17,1.191e-13,2.437e-1,,,2.567e-6,,2.583e-5,3.101e-17,3.842e+2,,6.252e-12,7.084e-17
399,1.996e+3,7.059e-21,2.104e-12,1.654e-44,1.759e-35,3.657e-34,,1.965e-1,3.347e-22,,4.330e-15,8.044e-3,4.094e-13,1.062e-17,8.930e-20,9.754e-31,,2.839e-8,,1.679e-7,2.007e-9,5.409e-35,2.811e+2,1.046e-17,8.387e-27,3.628e+0,1.450e-19,2.841e-1,1.799e-23,4.679e+0,1.185e-20,8.533e-13,4.962e-20,6.378e-23,7.737e-1,2.012e+1,2.012e-1,9.956e+2,,6.786e+1,1.021e+2,,1.576e+2,2.649e+0,,9.921e-20,7.388e-6,2.442e-17,5.391e-14,3.570e-1,,,1.595e-6,,1.603e-5,3.098e-17,3.594e+2,,2.872e-12,7.087e-17
399.02,1.967e+3,7.061e-21,1.659e-12,1.657e-44,1.765e-35,3.649e-34,,1.815e-1,3.348e-22,,4.330e-15,9.262e-3,3.219e-13,1.062e-17,8.900e-20,9.713e-31,,3.196e-8,,1.129e-7,1.187e-9,5.357e-35,2.794e+2,1.033e-17,8.393e-27,3.642e+0,1.451e-19,2.650e-1,1.799e-23,5.562e+0,1.186e-20,6.938e-13,4.964e-20,6.379e-23,7.682e-1,1.679e+1,2.220e-1,9.765e+2,,7.128e+1,1.056e+2,,1.620e+2,2.643e+0,,9.919e-20,4.763e-6,2.429e-17,3.285e-14,4.577e-1,,,1.283e-6,,1.159e-5,3.096e-17,3.417e+2,,1.699e-12,7.090e-17
399.05,1.918e+3,7.063e-21,1.151e-12,1.662e-44,1.774e-35,3.638e-34,,1.596e-1,3.350e-22,,4.330e-15,1.134e-2,2.224e-13,1.062e-17,8.855e-20,9.651e-31,,3.784e-8,,6.162e-8,5.355e-10,5.280e-35,2.751e+2,1.013e-17,8.402e-27,3.649e+0,1.451e-19,2.376e-1,1.800e-23,7.146e+0,1.186e-20,5.299e-13,4.966e-20,6.380e-23,7.531e-1,1.268e+1,2.550e-1,9.456e+2,,7.672e+1,1.111e+2,,1.678e+2,2.610e+0,,9.916e-20,2.444e-6,2.410e-17,1.907e-14,6.587e-1,,,1.211e-6,,7.063e-6,3.093e-17,3.139e+2,,7.664e-13,7.093e-17
399.07,1.884e+3,7.064e-21,8.965e-13,1.666e-44,1.780e-35,3.631e-34,,1.457e-1,3.352e-22,,4.329e-15,1.291e-2,1.728e-13,1.062e-17,8.825e-20,9.610e-31,,4.210e-8,,4.092e-8,3.130e-10,5.228e-35,2.711e+2,1.000e-17,8.407e-27,3.643e+0,1.451e-19,2.202e-1,1.801e-23,8.394e+0,1.187e-20,4.620e-13,4.967e-20,6.381e-23,7.387e-1,1.046e+1,2.780e-1,9.243e+2,,8.052e+1,1.147e+2,,1.712e+2,2.572e+0,,9.915e-20,1.556e-6,2.397e-17,1.775e-14,8.346e-1,,,1.418e-6,,5.046e-6,3.091e-17,2.949e+2,,4.480e-13,7.095e-17
399.1,1.831e+3,7.066e-21,6.109e-13,1.670e-44,1.789e-35,3.619e-34,,1.259e-1,3.354e-22,,4.329e-15,1.553e-2,1.172e-13,1.062e-17,8.779e-20,9.549e-31,,4.899e-8,,2.194e-8,1.386e-10,5.150e-35,2.637e+2,9.808e-18,8.416e-27,3.615e+0,1.451e-19,1.956e-1,1.802e-23,1.059e+1,1.188e-20,4.112e-13,4.969e-20,6.382e-23,7.113e-1,7.759e+0,3.137e-1,8.925e+2,,8.633e+1,1.203e+2,,1.753e+2,2.495e+0,,9.912e-20,7.841e-7,2.377e-17,2.641e-14,1.180e+0,,,2.196e-6,,3.019e-6,3.088e-17,2.660e+2,,1.984e-13,7.099e-17
399.12,1.796e+3,7.067e-21,4.703e-13,1.674e-44,1.795e-35,3.612e-34,,1.135e-1,3.355e-22,,4.329e-15,1.746e-2,8.997e-14,1.062e-17,8.749e-20,9.508e-31,,5.388e-8,,1.439e-8,8.007e-11,5.099e-35,2.580e+2,9.678e-18,8.421e-27,3.583e+0,1.452e-19,1.802e-1,1.802e-23,1.230e+1,1.188e-20,4.072e-13,4.971e-20,6.383e-23,6.894e-1,6.320e+0,3.380e-1,8.720e+2,,9.022e+1,1.241e+2,,1.774e+2,2.430e+0,,9.910e-20,4.934e-7,2.364e-17,4.159e-14,1.477e+0,,,3.141e-6,,2.131e-6,3.086e-17,2.469e+2,,1.146e-13,7.101e-17
399.14,1.762e+3,7.069e-21,3.603e-13,1.677e-44,1.801e-35,3.604e-34,,1.018e-1,3.357e-22,,4.328e-15,1.954e-2,6.872e-14,1.062e-17,8.719e-20,9.467e-31,,5.901e-8,,9.396e-9,4.601e-11,5.047e-35,2.518e+2,9.549e-18,8.427e-27,3.539e+0,1.452e-19,1.657e-1,1.803e-23,1.421e+1,1.189e-20,4.251e-13,4.972e-20,6.384e-23,6.650e-1,5.124e+0,3.624e-1,8.525e+2,,9.406e+1,1.279e+2,,1.790e+2,2.355e+0,,9.909e-20,3.090e-7,2.351e-17,6.890e-14,1.840e+0,,,4.582e-6,,1.497e-6,3.084e-17,2.281e+2,,6.585e-14,7.103e-17
399.17,1.713e+3,7.071e-21,2.394e-13,1.682e-44,1.810e-35,3.593e-34,,8.579e-2,3.359e-22,,4.328e-15,2.292e-2,4.546e-14,1.062e-17,8.673e-20,9.406e-31,,6.706e-8,,4.911e-9,1.987e-11,4.969e-35,2.419e+2,9.354e-18,8.436e-27,3.450e+0,1.452e-19,1.455e-1,1.804e-23,1.748e+1,1.189e-20,4.910e-13,4.974e-20,6.385e-23,6.243e-1,3.707e+0,3.989e-1,8.261e+2,,9.966e+1,1.338e+2,,1.805e+2,2.227e+0,,9.906e-20,1.517e-7,2.332e-17,1.504e-13,2.537e+0,,,8.153e-6,,8.733e-7,3.081e-17,2.007e+2,,2.843e-14,7.107e-17
399.19,1.684e+3,7.072e-21,1.812e-13,1.685e-44,1.816e-35,3.585e-34,,7.606e-2,3.360e-22,,4.328e-15,2.535e-2,3.431e-14,1.062e-17,8.643e-20,9.365e-31,,7.262e-8,,3.167e-9,1.128e-11,4.917e-35,2.352e+2,9.224e-18,8.441e-27,3.376e+0,1.452e-19,1.332e-1,1.804e-23,1.996e+1,1.190e-20,5.613e-13,4.976e-20,6.386e-23,5.950e-1,2.969e+0,4.227e-1,8.106e+2,,1.032e+2,1.377e+2,,1.809e+2,2.133e+0,,9.905e-20,9.387e-8,2.319e-17,2.531e-13,3.123e+0,,,1.196e-5,,6.061e-7,3.079e-17,1.831e+2,,1.614e-14,7.109e-17
399.22,1.644e+3,7.074e-21,1.183e-13,1.690e-44,1.824e-35,3.574e-34,,6.293e-2,3.362e-22,,4.327e-15,2.922e-2,2.229e-14,1.062e-17,8.598e-20,9.303e-31,,8.119e-8,,1.626e-9,4.782e-12,4.840e-35,2.254e+2,9.029e-18,8.450e-27,3.244e+0,1.453e-19,1.162e-1,1.805e-23,2.413e+1,1.191e-20,7.082e-13,4.978e-20,6.388e-23,5.487e-1,2.109e+0,4.570e-1,7.913e+2,,1.082e+2,1.438e+2,,1.805e+2,1.981e+0,,9.902e-20,4.527e-8,2.299e-17,5.488e-13,4.229e+0,,,2.112e-5,,3.472e-7,3.076e-17,1.582e+2,,6.843e-15,7.112e-17
399.24,1.622e+3,7.075e-21,8.847e-14,1.693e-44,1.830e-35,3.567e-34,,5.512e-2,3.364e-22,,4.327e-15,3.192e-2,1.662e-14,1.062e-17,8.568e-20,9.262e-31,,8.700e-8,,1.036e-9,2.682e-12,4.788e-35,2.192e+2,8.899e-18,8.456e-27,3.142e+0,1.453e-19,1.059e-1,1.806e-23,2.722e+1,1.191e-20,8.361e-13,4.979e-20,6.389e-23,5.167e-1,1.669e+0,4.786e-1,7.811e+2,,1.112e+2,1.478e+2,,1.797e+2,1.874e+0,,9.900e-20,2.767e-8,2.286e-17,9.143e-13,5.144e+0,,,3.068e-5,,2.381e-7,3.074e-17,1.427e+2,,3.838e-15,7.115e-17
399.27,1.595e+3,7.077e-21,5.672e-14,1.698e-44,1.839e-35,3.555e-34,,4.479e-2,3.366e-22,,4.326e-15,3.614e-2,1.060e-14,1.062e-17,8.522e-20,9.201e-31,,9.577e-8,,5.222e-10,1.117e-12,4.710e-35,2.109e+2,8.704e-18,8.464e-27,2.973e+0,1.453e-19,9.184e-2,1.807e-23,3.233e+1,1.192e-20,1.078e-12,4.981e-20,6.390e-23,4.679e-1,1.164e+0,5.084e-1,7.698e+2,,1.152e+2,1.538e+2,,1.775e+2,1.710e+0,,9.898e-20,1.310e-8,2.267e-17,1.949e-12,6.841e+0,,,5.327e-5,,1.339e-7,3.071e-17,1.211e+2,,1.598e-15,7.118e-17
399.29,1.581e+3,7.079e-21,4.193e-14,1.701e-44,1.845e-35,3.548e-34,,3.877e-2,3.367e-22,,4.326e-15,3.903e-2,7.811e-15,1.062e-17,8.492e-20,9.160e-31,,1.016e-7,,3.287e-10,6.187e-13,4.659e-35,2.062e+2,8.574e-18,8.470e-27,2.850e+0,1.453e-19,8.339e-2,1.807e-23,3.604e+1,1.193e-20,1.277e-12,4.982e-20,6.391e-23,4.354e-1,9.105e-1,5.262e-1,7.649e+2,,1.176e+2,1.577e+2,,1.756e+2,1.598e+0,,9.896e-20,7.912e-9,2.254e-17,3.209e-12,8.224e+0,,,7.651e-5,,9.072e-8,3.069e-17,1.079e+2,,8.854e-16,7.120e-17
399.32,1.566e+3,7.080e-21,2.643e-14,1.706e-44,1.854e-35,3.537e-34,,3.093e-2,3.369e-22,,4.326e-15,4.340e-2,4.894e-15,1.061e-17,8.447e-20,9.098e-31,,1.102e-7,,1.627e-10,2.529e-13,4.581e-35,2.008e+2,8.379e-18,8.478e-27,2.653e+0,1.454e-19,7.198e-2,1.808e-23,4.204e+1,1.193e-20,1.639e-12,4.985e-20,6.392e-23,3.872e-1,6.238e-1,5.494e-1,7.611e+2,,1.205e+2,1.634e+2,,1.718e+2,1.432e+0,,9.894e-20,3.679e-9,2.234e-17,6.721e-12,1.074e+1,,,1.305e-4,,5.012e-8,3.066e-17,8.990e+1,,3.619e-16,7.124e-17
399.34,1.561e+3,7.082e-21,1.933e-14,1.710e-44,1.860e-35,3.529e-34,,2.645e-2,3.371e-22,,4.325e-15,4.631e-2,3.562e-15,1.061e-17,8.417e-20,9.057e-31,,1.158e-7,,1.012e-10,1.385e-13,4.529e-35,1.985e+2,8.249e-18,8.484e-27,2.517e+0,1.454e-19,6.515e-2,1.809e-23,4.632e+1,1.194e-20,1.928e-12,4.986e-20,6.393e-23,3.560e-1,4.819e-1,5.621e-1,7.605e+2,,1.221e+2,1.671e+2,,1.688e+2,1.323e+0,,9.892e-20,2.195e-9,2.221e-17,1.094e-11,1.276e+1,,,1.852e-4,,3.354e-8,3.064e-17,7.914e+1,,1.981e-16,7.126e-17
399.37,1.558e+3,7.084e-21,1.203e-14,1.714e-44,1.869e-35,3.518e-34,,2.073e-2,3.373e-22,,4.325e-15,5.059e-2,2.192e-15,1.061e-17,8.371e-20,8.996e-31,,1.239e-7,,4.919e-11,5.557e-14,4.452e-35,1.971e+2,8.055e-18,8.492e-27,2.306e+0,1.454e-19,5.598e-2,1.810e-23,5.309e+1,1.195e-20,2.443e-12,4.988e-20,6.394e-23,3.110e-1,3.243e-1,5.769e-1,7.619e+2,,1.240e+2,1.721e+2,,1.637e+2,1.164e+0,,9.889e-20,1.002e-9,2.202e-17,2.250e-11,1.637e+1,,,3.104e-4,,1.820e-8,3.061e-17,6.478e+1,,7.953e-17,7.129e-17
399.39,1.559e+3,7.085e-21,8.760e-15,1.718e-44,1.875e-35,3.510e-34,,1.752e-2,3.374e-22,,4.325e-15,5.334e-2,1.576e-15,1.061e-17,8.341e-20,8.955e-31,,1.292e-7,,3.022e-11,3.006e-14,4.400e-35,1.977e+2,7.925e-18,8.498e-27,2.165e+0,1.454e-19,5.052e-2,1.810e-23,5.780e+1,1.195e-20,2.845e-12,4.989e-20,6.395e-23,2.825e-1,2.475e-1,5.837e-1,7.640e+2,,1.249e+2,1.752e+2,,1.599e+2,1.062e+0,,9.888e-20,5.907e-10,2.189e-17,3.617e-11,1.922e+1,,,4.353e-4,,1.203e-8,3.059e-17,5.634e+1,,4.301e-17,7.132e-17
399.42,1.566e+3,7.087e-21,5.512e-15,1.723e-44,1.884e-35,3.499e-34,,1.348e-2,3.377e-22,,4.324e-15,5.724e-2,9.523e-16,1.061e-17,8.296e-20,8.894e-31,,1.367e-7,,1.443e-11,1.185e-14,4.322e-35,2.009e+2,7.730e-18,8.507e-27,1.955e+0,1.455e-19,4.322e-2,1.811e-23,6.509e+1,1.196e-20,3.547e-12,4.992e-20,6.397e-23,2.423e-1,1.636e-1,5.891e-1,7.676e+2,,1.257e+2,1.792e+2,,1.537e+2,9.180e-1,,9.885e-20,2.649e-10,2.169e-17,7.310e-11,2.422e+1,,,7.165e-4,,6.411e-9,3.056e-17,4.529e+1,,1.695e-17,7.135e-17
399.44,1.572e+3,7.088e-21,4.145e-15,1.726e-44,1.890e-35,3.492e-34,,1.126e-2,3.378e-22,,4.324e-15,5.964e-2,6.766e-16,1.061e-17,8.265e-20,8.853e-31,,1.414e-7,,8.757e-12,6.330e-15,4.271e-35,2.047e+2,7.600e-18,8.512e-27,1.817e+0,1.455e-19,3.891e-2,1.812e-23,7.004e+1,1.196e-20,4.086e-12,4.993e-20,6.398e-23,2.175e-1,1.233e-1,5.896e-1,7.700e+2,,1.261e+2,1.815e+2,,1.492e+2,8.279e-1,,9.883e-20,1.542e-10,2.156e-17,1.162e-10,2.809e+1,,,9.930e-4,,4.188e-9,3.054e-17,3.892e+1,,9.058e-18,7.137e-17
399.47,1.584e+3,7.090e-21,2.954e-15,1.731e-44,1.899e-35,3.480e-34,,8.508e-3,3.380e-22,,4.324e-15,6.286e-2,4.015e-16,1.061e-17,8.220e-20,8.791e-31,,1.482e-7,,4.105e-12,2.450e-15,4.193e-35,2.126e+2,7.405e-18,8.521e-27,1.619e+0,1.455e-19,3.318e-2,1.813e-23,7.751e+1,1.197e-20,5.011e-12,4.995e-20,6.399e-23,1.833e-1,8.004e-2,5.857e-1,7.724e+2,,1.262e+2,1.841e+2,,1.421e+2,7.027e-1,,9.881e-20,6.790e-11,2.137e-17,2.306e-10,3.477e+1,,,1.606e-3,,2.191e-9,3.051e-17,3.073e+1,,3.506e-18,7.141e-17
399.49,1.592e+3,7.092e-21,2.615e-15,1.734e-44,1.905e-35,3.473e-34,,7.018e-3,3.381e-22,,4.323e-15,6.472e-2,2.818e-16,1.061e-17,8.190e-20,8.750e-31,,1.526e-7,,2.462e-12,1.293e-15,4.141e-35,2.194e+2,7.275e-18,8.527e-27,1.493e+0,1.455e-19,2.981e-2,1.813e-23,8.245e+1,1.198e-20,5.710e-12,4.996e-20,6.400e-23,1.625e-1,5.963e-2,5.802e-1,7.728e+2,,1.261e+2,1.853e+2,,1.371e+2,6.261e-1,,9.879e-20,3.906e-11,2.124e-17,3.621e-10,3.984e+1,,,2.199e-3,,1.414e-9,3.049e-17,2.609e+1,,1.851e-18,7.143e-17
399.51,1.601e+3,7.093e-21,2.596e-15,1.737e-44,1.911e-35,3.465e-34,,5.761e-3,3.383e-22,,4.323e-15,6.632e-2,1.969e-16,1.061e-17,8.160e-20,8.709e-31,,1.568e-7,,1.469e-12,6.793e-16,4.089e-35,2.273e+2,7.145e-18,8.532e-27,1.374e+0,1.455e-19,2.678e-2,1.814e-23,8.731e+1,1.198e-20,6.478e-12,4.998e-20,6.401e-23,1.434e-1,4.422e-2,5.725e-1,7.718e+2,,1.260e+2,1.860e+2,,1.320e+2,5.552e-1,,9.878e-20,2.236e-11,2.111e-17,5.658e-10,4.544e+1,,,2.997e-3,,9.083e-10,3.047e-17,2.205e+1,,9.721e-19,7.145e-17
399.54,1.613e+3,7.095e-21,3.168e-15,1.742e-44,1.920e-35,3.454e-34,,4.246e-3,3.385e-22,,4.323e-15,6.818e-2,1.139e-16,1.061e-17,8.114e-20,8.648e-31,,1.629e-7,,6.714e-13,2.563e-16,4.012e-35,2.408e+2,6.950e-18,8.541e-27,1.209e+0,1.456e-19,2.281e-2,1.815e-23,9.434e+1,1.199e-20,7.764e-12,5.000e-20,6.402e-23,1.178e-1,2.798e-2,5.572e-1,7.670e+2,,1.256e+2,1.863e+2,,1.241e+2,4.595e-1,,9.875e-20,9.599e-12,2.091e-17,1.096e-9,5.485e+1,,,4.726e-3,,4.633e-10,3.044e-17,1.697e+1,,3.667e-19,7.149e-17
399.56,1.619e+3,7.096e-21,4.006e-15,1.745e-44,1.926e-35,3.446e-34,,3.444e-3,3.386e-22,,4.322e-15,6.904e-2,7.861e-17,1.061e-17,8.084e-20,8.607e-31,,1.669e-7,,3.959e-13,2.556e-16,3.960e-35,2.509e+2,6.821e-18,8.546e-27,1.108e+0,1.456e-19,2.052e-2,1.815e-23,9.879e+1,1.199e-20,8.713e-12,5.001e-20,6.403e-23,1.027e-1,2.050e-2,5.448e-1,7.614e+2,,1.254e+2,1.858e+2,,1.188e+2,4.026e-1,,9.873e-20,5.429e-12,2.078e-17,1.692e-9,6.182e+1,,,6.364e-3,,2.940e-10,3.042e-17,1.417e+1,,3.683e-19,7.151e-17
399.59,1.627e+3,7.098e-21,6.159e-15,1.750e-44,1.935e-35,3.435e-34,,2.493e-3,3.389e-22,,4.322e-15,6.972e-2,4.467e-17,1.061e-17,8.039e-20,8.545e-31,,1.730e-7,,1.776e-13,2.545e-16,3.882e-35,2.670e+2,6.626e-18,8.555e-27,9.733e-1,1.456e-19,1.759e-2,1.816e-23,1.050e+2,1.200e-20,1.027e-11,5.003e-20,6.404e-23,8.291e-2,1.274e-2,5.236e-1,7.487e+2,,1.251e+2,1.842e+2,,1.108e+2,3.272e-1,,9.871e-20,2.288e-12,2.059e-17,3.218e-9,7.330e+1,,,9.859e-3,,1.473e-10,3.039e-17,1.071e+1,,3.706e-19,7.154e-17
399.61,1.630e+3,7.100e-21,8.395e-15,1.753e-44,1.941e-35,3.428e-34,,1.998e-3,3.390e-22,,4.322e-15,6.976e-2,3.046e-17,1.061e-17,8.009e-20,8.505e-31,,1.771e-7,,1.035e-13,2.538e-16,3.831e-35,2.782e+2,6.496e-18,8.561e-27,8.944e-1,1.456e-19,1.595e-2,1.817e-23,1.088e+2,1.201e-20,1.140e-11,5.005e-20,6.405e-23,7.143e-2,9.219e-3,5.081e-1,7.373e+2,,1.250e+2,1.826e+2,,1.055e+2,2.833e-1,,9.869e-20,1.279e-12,2.046e-17,4.911e-9,8.162e+1,,,1.312e-2,,9.232e-11,3.037e-17,8.838e+0,,3.722e-19,7.156e-17
399.64,1.630e+3,7.102e-21,1.348e-14,1.758e-44,1.950e-35,3.416e-34,,1.420e-3,3.392e-22,,4.321e-15,6.921e-2,1.700e-17,1.061e-17,7.963e-20,8.443e-31,,1.835e-7,,4.560e-14,2.528e-16,3.753e-35,2.953e+2,6.301e-18,8.569e-27,7.926e-1,1.457e-19,1.392e-2,1.818e-23,1.138e+2,1.201e-20,1.323e-11,5.007e-20,6.407e-23,5.661e-2,5.626e-3,4.834e-1,7.158e+2,,1.250e+2,1.792e+2,,9.768e+1,2.261e-1,,9.867e-20,5.293e-13,2.026e-17,9.177e-9,9.506e+1,,,1.996e-2,,4.541e-11,3.034e-17,6.562e+0,,3.745e-19,7.160e-17
399.66,1.627e+3,7.103e-21,1.848e-14,1.762e-44,1.956e-35,3.409e-34,,1.124e-3,3.393e-22,,4.321e-15,6.843e-2,1.145e-17,1.061e-17,7.933e-20,8.402e-31,,1.880e-7,,2.624e-14,2.521e-16,3.701e-35,3.065e+2,6.171e-18,8.575e-27,7.357e-1,1.457e-19,1.284e-2,1.818e-23,1.167e+2,1.202e-20,1.453e-11,5.008e-20,6.408e-23,4.819e-2,4.023e-3,4.664e-1,6.985e+2,,1.251e+2,1.765e+2,,9.256e+1,1.934e-1,,9.865e-20,2.922e-13,2.013e-17,1.384e-8,1.046e+2,,,2.625e-2,,2.813e-11,3.032e-17,5.349e+0,,3.761e-19,7.162e-17
399.69,1.619e+3,7.105e-21,2.947e-14,1.767e-44,1.965e-35,3.398e-34,,7.850e-4,3.396e-22,,4.320e-15,6.668e-2,6.274e-18,1.061e-17,7.888e-20,8.341e-31,,1.952e-7,,1.135e-14,2.511e-16,3.624e-35,3.227e+2,5.976e-18,8.583e-27,6.663e-1,1.457e-19,1.162e-2,1.819e-23,1.204e+2,1.203e-20,1.660e-11,5.010e-20,6.409e-23,3.751e-2,2.411e-3,4.408e-1,6.682e+2,,1.255e+2,1.716e+2,,8.513e+1,1.517e-1,,9.862e-20,1.187e-13,1.994e-17,2.540e-8,1.197e+2,,,3.924e-2,,1.359e-11,3.029e-17,3.901e+0,,3.784e-19,7.165e-17
399.71,1.609e+3,7.106e-21,4.004e-14,1.770e-44,1.971e-35,3.390e-34,,6.141e-4,3.397e-22,,4.320e-15,6.515e-2,4.176e-18,1.061e-17,7.858e-20,8.300e-31,,2.003e-7,,6.457e-15,2.504e-16,3.572e-35,3.327e+2,5.846e-18,8.589e-27,6.302e-1,1.457e-19,1.105e-2,1.820e-23,1.224e+2,1.203e-20,1.804e-11,5.012e-20,6.410e-23,3.155e-2,1.704e-3,4.239e-1,6.455e+2,,1.260e+2,1.680e+2,,8.039e+1,1.282e-1,,9.861e-20,6.476e-14,1.981e-17,3.786e-8,1.301e+2,,,5.100e-2,,8.315e-12,3.027e-17,3.141e+0,,3.800e-19,7.168e-17
399.74,1.591e+3,7.108e-21,6.286e-14,1.775e-44,1.980e-35,3.379e-34,,4.211e-4,3.399e-22,,4.320e-15,6.237e-2,2.247e-18,1.061e-17,7.812e-20,8.238e-31,,2.084e-7,,2.743e-15,2.493e-16,3.494e-35,3.460e+2,5.651e-18,8.598e-27,5.902e-1,1.458e-19,1.055e-2,1.821e-23,1.247e+2,1.204e-20,2.028e-11,5.014e-20,6.411e-23,2.412e-2,1.003e-3,3.994e-1,6.079e+2,,1.269e+2,1.620e+2,,7.364e+1,9.870e-2,,9.858e-20,2.585e-14,1.961e-17,6.827e-8,1.462e+2,,,7.487e-2,,3.944e-12,3.024e-17,2.250e+0,,3.823e-19,7.171e-17
399.76,1.575e+3,7.110e-21,8.443e-14,1.778e-44,1.986e-35,3.371e-34,,3.255e-4,3.401e-22,,4.319e-15,6.022e-2,1.478e-18,1.061e-17,7.782e-20,8.197e-31,,2.142e-7,,1.541e-15,2.486e-16,3.443e-35,3.536e+2,5.522e-18,8.603e-27,5.722e-1,1.458e-19,1.044e-2,1.821e-23,1.258e+2,1.204e-20,2.181e-11,5.015e-20,6.412e-23,2.004e-2,6.999e-4,3.840e-1,5.809e+2,,1.276e+2,1.577e+2,,6.942e+1,8.242e-2,,9.857e-20,1.393e-14,1.948e-17,1.005e-7,1.570e+2,,,9.615e-2,,2.385e-12,3.022e-17,1.790e+0,,3.839e-19,7.173e-17
399.79,1.547e+3,7.112e-21,1.303e-13,1.783e-44,1.995e-35,3.360e-34,,2.192e-4,3.403e-22,,4.319e-15,5.662e-2,7.811e-19,1.061e-17,7.737e-20,8.136e-31,,2.234e-7,,6.430e-16,2.476e-16,3.365e-35,3.627e+2,5.327e-18,8.612e-27,5.570e-1,1.458e-19,1.061e-2,1.822e-23,1.269e+2,1.205e-20,2.415e-11,5.017e-20,6.413e-23,1.505e-2,4.046e-4,3.625e-1,5.381e+2,,1.289e+2,1.510e+2,,6.355e+1,6.233e-2,,9.854e-20,5.458e-15,1.929e-17,1.781e-7,1.733e+2,,,1.387e-1,,1.111e-12,3.019e-17,1.259e+0,,3.862e-19,7.177e-17
399.81,1.525e+3,7.113e-21,1.729e-13,1.786e-44,2.001e-35,3.352e-34,,1.674e-4,3.404e-22,,4.319e-15,5.402e-2,5.075e-19,1.061e-17,7.706e-20,8.095e-31,,2.298e-7,,3.569e-16,2.469e-16,3.313e-35,3.670e+2,5.197e-18,8.618e-27,5.537e-1,1.458e-19,1.092e-2,1.823e-23,1.274e+2,1.206e-20,2.572e-11,5.019e-20,6.414e-23,1.236e-2,2.790e-4,3.494e-1,5.085e+2,,1.299e+2,1.464e+2,,5.996e+1,5.143e-2,,9.852e-20,2.906e-15,1.916e-17,2.592e-7,1.840e+2,,,1.760e-1,,6.636e-13,3.017e-17,9.900e-1,,3.878e-19,7.179e-17
399.84,1.489e+3,7.115e-21,2.620e-13,1.791e-44,2.010e-35,3.341e-34,,1.107e-4,3.406e-22,,4.318e-15,4.990e-2,2.634e-19,1.061e-17,7.661e-20,8.033e-31,,2.397e-7,,1.462e-16,2.459e-16,3.236e-35,3.705e+2,5.002e-18,8.626e-27,5.575e-1,1.459e-19,1.168e-2,1.824e-23,1.278e+2,1.206e-20,2.805e-11,5.021e-20,6.416e-23,9.112e-3,1.584e-4,3.318e-1,4.631e+2,,1.314e+2,1.395e+2,,5.509e+1,3.820e-2,,9.850e-20,1.118e-15,1.896e-17,4.509e-7,1.995e+2,,,2.493e-1,,3.036e-13,3.014e-17,6.839e-1,,3.901e-19,7.182e-17
399.86,1.462e+3,7.116e-21,3.437e-13,1.794e-44,2.016e-35,3.334e-34,,8.354e-5,3.408e-22,,4.318e-15,4.704e-2,1.691e-19,1.061e-17,7.631e-20,7.993e-31,,2.464e-7,,8.018e-17,2.452e-16,3.184e-35,3.709e+2,4.872e-18,8.632e-27,5.649e-1,1.459e-19,1.237e-2,1.824e-23,1.280e+2,1.207e-20,2.958e-11,5.022e-20,6.417e-23,7.393e-3,1.079e-4,3.215e-1,4.327e+2,,1.325e+2,1.348e+2,,5.220e+1,3.114e-2,,9.848e-20,5.881e-16,1.883e-17,6.485e-7,2.092e+2,,,3.126e-1,,1.792e-13,3.012e-17,5.312e-1,,3.917e-19,7.185e-17
399.88,1.434e+3,7.118e-21,4.486e-13,1.797e-44,2.022e-35,3.326e-34,,6.273e-5,3.409e-22,,4.318e-15,4.414e-2,1.080e-19,1.061e-17,7.601e-20,7.952e-31,,2.530e-7,,4.375e-17,2.445e-16,3.132e-35,3.696e+2,4.742e-18,8.637e-27,5.754e-1,1.459e-19,1.320e-2,1.825e-23,1.282e+2,1.207e-20,3.107e-11,5.023e-20,6.418e-23,5.969e-3,7.320e-5,3.123e-1,4.023e+2,,1.335e+2,1.302e+2,,4.960e+1,2.527e-2,,9.846e-20,3.078e-16,1.870e-17,9.282e-7,2.184e+2,,,3.901e-1,,1.053e-13,3.010e-17,4.107e-1,,3.932e-19,7.187e-17
399.91,1.389e+3,7.120e-21,6.631e-13,1.802e-44,2.031e-35,3.315e-34,,4.045e-5,3.411e-22,,4.317e-15,3.977e-2,5.466e-20,1.061e-17,7.555e-20,7.890e-31,,2.628e-7,,1.748e-17,2.434e-16,3.054e-35,3.646e+2,4.547e-18,8.646e-27,5.954e-1,1.459e-19,1.468e-2,1.826e-23,1.288e+2,1.208e-20,3.320e-11,5.026e-20,6.419e-23,4.292e-3,4.051e-5,3.004e-1,3.576e+2,,1.351e+2,1.236e+2,,4.624e+1,1.830e-2,,9.844e-20,3.075e-16,1.851e-17,1.575e-6,2.309e+2,,,5.390e-1,,4.707e-14,3.007e-17,2.766e-1,,3.956e-19,7.190e-17
399.93,1.357e+3,7.121e-21,8.554e-13,1.806e-44,2.037e-35,3.307e-34,,3.001e-5,3.413e-22,,4.317e-15,3.687e-2,3.450e-20,1.061e-17,7.525e-20,7.849e-31,,2.690e-7,,9.421e-18,2.427e-16,3.003e-35,3.593e+2,4.417e-18,8.652e-27,6.107e-1,1.460e-19,1.580e-2,1.827e-23,1.294e+2,1.209e-20,3.455e-11,5.027e-20,6.420e-23,3.424e-3,2.715e-5,2.937e-1,3.287e+2,,1.361e+2,1.193e+2,,4.434e+1,1.467e-2,,9.842e-20,3.073e-16,1.838e-17,2.228e-6,2.382e+2,,,6.646e-1,,2.750e-14,3.005e-17,2.113e-1,,3.971e-19,7.193e-17
399.96,1.309e+3,7.123e-21,1.242e-12,1.810e-44,2.046e-35,3.296e-34,,1.901e-5,3.415e-22,,4.316e-15,3.263e-2,1.715e-20,1.061e-17,7.480e-20,7.788e-31,,2.775e-7,,3.695e-18,2.417e-16,2.925e-35,3.486e+2,4.223e-18,8.660e-27,6.349e-1,1.460e-19,1.768e-2,1.827e-23,1.309e+2,1.209e-20,3.641e-11,5.029e-20,6.421e-23,2.418e-3,1.475e-5,2.852e-1,2.870e+2,,1.375e+2,1.133e+2,,4.202e+1,1.043e-2,,9.840e-20,3.071e-16,1.818e-17,3.715e-6,2.473e+2,,,9.021e-1,,1.258e-14,3.002e-17,1.398e-1,,3.995e-19,7.196e-17
399.98,1.276e+3,7.124e-21,1.583e-12,1.814e-44,2.052e-35,3.289e-34,,1.393e-5,3.416e-22,,4.316e-15,2.990e-2,1.069e-20,1.061e-17,7.450e-20,7.747e-31,,2.826e-7,,1.968e-18,2.410e-16,2.873e-35,3.396e+2,4.093e-18,8.666e-27,6.511e-1,1.460e-19,1.903e-2,1.828e-23,1.324e+2,1.210e-20,3.754e-11,5.030e-20,6.422e-23,1.906e-3,9.767e-6,2.804e-1,2.607e+2,,1.383e+2,1.095e+2,,4.080e+1,8.264e-3,,9.838e-20,3.069e-16,1.805e-17,5.193e-6,2.521e+2,,,1.099e+0,,8.011e-15,3.000e-17,1.055e-1,,4.010e-19,7.198e-17
400.01,1.226e+3,7.126e-21,2.258e-12,1.819e-44,2.061e-35,3.277e-34,,8.668e-6,3.418e-22,,4.316e-15,2.599e-2,5.218e-21,1.061e-17,7.404e-20,7.685e-31,,2.889e-7,,7.581e-19,2.400e-16,2.796e-35,3.239e+2,3.898e-18,8.674e-27,6.740e-1,1.460e-19,2.118e-2,1.829e-23,1.357e+2,1.211e-20,3.903e-11,5.032e-20,6.423e-23,1.322e-3,5.214e-6,2.741e-1,2.237e+2,,1.394e+2,1.044e+2,,3.943e+1,5.773e-3,,9.835e-20,3.066e-16,1.786e-17,8.504e-6,2.571e+2,,,1.466e+0,,5.719e-15,2.997e-17,6.854e-2,,4.034e-19,7.202e-17
400.03,1.193e+3,7.128e-21,2.845e-12,1.822e-44,2.067e-35,3.270e-34,,6.278e-6,3.420e-22,,4.315e-15,2.353e-2,3.215e-21,1.061e-17,7.374e-20,7.644e-31,,2.921e-7,,3.989e-19,2.393e-16,2.744e-35,3.121e+2,3.768e-18,8.680e-27,6.876e-1,1.461e-19,2.267e-2,1.830e-23,1.385e+2,1.211e-20,3.988e-11,5.034e-20,6.424e-23,1.029e-3,3.410e-6,2.704e-1,2.008e+2,,1.399e+2,1.012e+2,,3.880e+1,4.518e-3,,9.834e-20,3.064e-16,1.773e-17,1.175e-5,2.590e+2,,,1.765e+0,,6.566e-15,2.995e-17,5.111e-2,,4.049e-19,7.204e-17
400.06,1.145e+3,7.130e-21,3.986e-12,1.827e-44,2.076e-35,3.259e-34,,3.835e-6,3.422e-22,,4.315e-15,2.009e-2,1.541e-21,1.061e-17,7.329e-20,7.583e-31,,2.953e-7,,1.509e-19,2.382e-16,2.666e-35,2.927e+2,3.573e-18,8.689e-27,7.047e-1,1.461e-19,2.494e-2,1.830e-23,1.440e+2,1.212e-20,4.093e-11,5.036e-20,6.426e-23,7.012e-4,1.788e-6,2.651e-1,1.692e+2,,1.405e+2,9.700e+1,,3.826e+1,3.100e-3,,9.831e-20,3.062e-16,1.753e-17,1.890e-5,2.595e+2,,,2.311e+0,,1.208e-14,2.992e-17,3.261e-2,,4.073e-19,7.207e-17
400.08,1.113e+3,7.131e-21,4.961e-12,1.830e-44,2.082e-35,3.251e-34,,2.744e-6,3.423e-22,,4.315e-15,1.798e-2,9.379e-22,1.061e-17,7.298e-20,7.542e-31,,2.962e-7,,1.506e-19,2.375e-16,2.615e-35,2.790e+2,3.443e-18,8.694e-27,7.132e-1,1.461e-19,2.647e-2,1.831e-23,1.485e+2,1.212e-20,4.148e-11,5.037e-20,6.427e-23,5.396e-4,1.155e-6,2.616e-1,1.501e+2,,1.407e+2,9.451e+1,,3.814e+1,2.397e-3,,9.830e-20,3.060e-16,1.740e-17,2.580e-5,2.582e+2,,,2.750e+0,,2.022e-14,2.990e-17,2.403e-2,,4.088e-19,7.210e-17
400.11,1.067e+3,7.133e-21,6.828e-12,1.835e-44,2.091e-35,3.240e-34,,1.647e-6,3.425e-22,,4.314e-15,1.508e-2,4.414e-22,1.061e-17,7.253e-20,7.481e-31,,2.955e-7,,1.501e-19,2.365e-16,2.537e-35,2.575e+2,9.058e-18,8.703e-27,7.210e-1,1.461e-19,2.870e-2,1.832e-23,1.566e+2,1.213e-20,4.206e-11,5.039e-20,6.428e-23,3.610e-4,5.947e-7,2.560e-1,1.243e+2,,1.408e+2,9.125e+1,,3.828e+1,1.615e-3,,9.827e-20,3.057e-16,1.721e-17,4.077e-5,2.541e+2,,,3.538e+0,,4.537e-14,2.987e-17,1.506e-2,,4.112e-19,7.213e-17
400.13,1.038e+3,7.134e-21,8.399e-12,1.838e-44,2.097e-35,3.232e-34,,1.164e-6,3.427e-22,,4.314e-15,1.333e-2,2.655e-22,1.061e-17,7.223e-20,7.440e-31,,2.937e-7,,1.497e-19,2.358e-16,2.485e-35,2.429e+2,1.716e-17,8.708e-27,7.226e-1,1.462e-19,3.014e-2,1.833e-23,1.628e+2,1.214e-20,4.228e-11,5.041e-20,6.429e-23,2.745e-4,3.797e-7,2.519e-1,1.089e+2,,1.406e+2,8.939e+1,,3.856e+1,1.234e-3,,9.825e-20,3.056e-16,1.708e-17,5.499e-5,2.499e+2,,,4.159e+0,,7.794e-14,2.985e-17,1.096e-2,,4.127e-19,7.215e-17
400.16,9.968e+2,7.136e-21,1.136e-11,1.843e-44,2.106e-35,3.221e-34,,6.860e-7,3.429e-22,,4.314e-15,1.099e-2,1.227e-22,1.061e-17,7.178e-20,7.378e-31,,2.888e-7,,1.492e-19,2.347e-16,2.408e-35,2.209e+2,4.435e-17,8.717e-27,7.193e-1,1.462e-19,3.217e-2,1.833e-23,1.733e+2,1.214e-20,4.238e-11,5.043e-20,6.430e-23,1.803e-4,1.920e-7,2.451e-1,8.855e+1,,1.401e+2,8.701e+1,,3.924e+1,8.168e-4,,9.823e-20,3.053e-16,1.688e-17,8.538e-5,2.415e+2,,,5.256e+0,,1.745e-13,2.982e-17,6.746e-3,,4.151e-19,7.219e-17
400.18,9.709e+2,7.137e-21,1.380e-11,1.846e-44,2.112e-35,3.213e-34,,4.792e-7,3.430e-22,,4.313e-15,9.599e-3,7.292e-23,1.061e-17,7.147e-20,7.337e-31,,2.842e-7,,1.489e-19,2.341e-16,2.356e-35,2.064e+2,8.304e-17,8.723e-27,7.131e-1,1.462e-19,3.342e-2,1.834e-23,1.810e+2,1.215e-20,4.230e-11,5.044e-20,6.431e-23,1.355e-4,1.211e-7,2.399e-1,7.669e+1,,1.395e+2,8.568e+1,,3.983e+1,6.166e-4,,9.821e-20,3.051e-16,1.675e-17,1.138e-4,2.347e+2,,,6.107e+0,,2.969e-13,2.980e-17,4.852e-3,,4.166e-19,7.221e-17
400.21,9.346e+2,7.139e-21,1.833e-11,1.851e-44,2.121e-35,3.202e-34,,2.773e-7,3.432e-22,,4.313e-15,7.769e-3,3.310e-23,1.061e-17,7.102e-20,7.276e-31,,2.753e-7,,1.484e-19,2.330e-16,2.278e-35,1.853e+2,2.108e-16,8.731e-27,6.981e-1,1.462e-19,3.508e-2,1.835e-23,1.934e+2,1.216e-20,4.197e-11,5.046e-20,6.432e-23,8.743e-5,6.013e-8,2.313e-1,6.126e+1,,1.384e+2,8.401e+1,,4.092e+1,4.008e-4,,9.819e-20,3.048e-16,1.656e-17,1.736e-4,2.228e+2,,,7.581e+0,,6.534e-13,2.977e-17,2.933e-3,,4.189e-19,7.224e-17
400.23,9.123e+2,7.141e-21,2.202e-11,1.854e-44,2.127e-35,3.195e-34,,1.914e-7,3.434e-22,,4.313e-15,6.708e-3,1.943e-23,1.061e-17,7.072e-20,7.235e-31,,2.681e-7,,1.481e-19,2.323e-16,2.226e-35,1.718e+2,3.901e-16,8.737e-27,6.844e-1,1.463e-19,3.603e-2,1.836e-23,2.022e+2,1.216e-20,4.161e-11,5.048e-20,6.433e-23,6.490e-5,3.748e-8,2.248e-1,5.242e+1,,1.374e+2,8.307e+1,,4.176e+1,2.990e-4,,9.817e-20,3.047e-16,1.643e-17,2.286e-4,2.139e+2,,,8.703e+0,,1.099e-12,2.975e-17,2.084e-3,,4.205e-19,7.227e-17
400.25,8.913e+2,7.142e-21,2.632e-11,1.858e-44,2.133e-35,3.187e-34,,1.315e-7,3.435e-22,,4.312e-15,5.764e-3,1.135e-23,1.061e-17,7.042e-20,7.194e-31,,2.601e-7,,1.477e-19,2.316e-16,2.175e-35,1.590e+2,7.185e-16,8.743e-27,6.679e-1,1.463e-19,3.683e-2,1.836e-23,2.113e+2,1.217e-20,4.117e-11,5.049e-20,6.434e-23,4.794e-5,2.325e-8,2.179e-1,4.464e+1,,1.363e+2,8.224e+1,,4.268e+1,2.219e-4,,9.815e-20,3.045e-16,1.630e-17,2.997e-4,2.044e+2,,,9.945e+0,,1.840e-12,2.973e-17,1.474e-3,,4.221e-19,7.229e-17
400.28,8.625e+2,7.144e-21,3.409e-11,1.863e-44,2.142e-35,3.176e-34,,7.419e-8,3.437e-22,,4.312e-15,4.550e-3,5.025e-24,1.061e-17,6.996e-20,7.132e-31,,2.464e-7,,1.472e-19,2.306e-16,2.097e-35,1.410e+2,1.780e-15,8.751e-27,6.382e-1,1.463e-19,3.776e-2,1.837e-23,2.250e+2,1.217e-20,4.035e-11,5.051e-20,6.436e-23,3.017e-5,1.125e-8,2.065e-1,3.477e+1,,1.342e+2,8.115e+1,,4.421e+1,1.407e-4,,9.813e-20,3.042e-16,1.610e-17,4.458e-4,1.892e+2,,,1.204e+1,,3.952e-12,2.970e-17,8.688e-4,,4.244e-19,7.232e-17
400.3,8.449e+2,7.145e-21,4.027e-11,1.866e-44,2.148e-35,3.168e-34,,5.036e-8,3.439e-22,,4.312e-15,3.863e-3,2.900e-24,1.061e-17,6.966e-20,7.091e-31,,2.365e-7,,1.469e-19,2.299e-16,2.045e-35,1.300e+2,3.239e-15,8.757e-27,6.155e-1,1.463e-19,3.818e-2,1.838e-23,2.341e+2,1.218e-20,3.972e-11,5.053e-20,6.437e-23,2.202e-5,6.897e-9,1.985e-1,2.926e+1,,1.326e+2,8.048e+1,,4.533e+1,1.032e-4,,9.811e-20,3.040e-16,1.597e-17,5.775e-4,1.787e+2,,,1.359e+1,,6.538e-12,2.968e-17,6.071e-4,,4.260e-19,7.234e-17
400.33,8.208e+2,7.147e-21,5.124e-11,1.871e-44,2.157e-35,3.157e-34,,2.790e-8,3.441e-22,,4.311e-15,2.996e-3,1.261e-24,1.061e-17,6.921e-20,7.030e-31,,2.207e-7,,1.464e-19,2.288e-16,1.968e-35,1.151e+2,7.884e-15,8.765e-27,5.779e-1,1.464e-19,3.850e-2,1.839e-23,2.474e+2,1.219e-20,3.868e-11,5.055e-20,6.438e-23,1.361e-5,3.279e-9,1.857e-1,2.239e+1,,1.298e+2,7.948e+1,,4.715e+1,6.422e-5,,9.809e-20,3.038e-16,1.578e-17,8.440e-4,1.625e+2,,,1.617e+1,,1.379e-11,2.965e-17,3.514e-4,,4.283e-19,7.238e-17
400.35,8.061e+2,7.149e-21,5.981e-11,1.874e-44,2.163e-35,3.150e-34,,1.871e-8,3.442e-22,,4.311e-15,2.514e-3,7.189e-25,1.061e-17,6.891e-20,6.989e-31,,2.097e-7,,1.461e-19,2.282e-16,1.916e-35,1.063e+2,1.418e-14,8.771e-27,5.508e-1,1.464e-19,3.851e-2,1.839e-23,2.558e+2,1.219e-20,3.793e-11,5.056e-20,6.439e-23,9.813e-6,1.985e-9,1.769e-1,1.861e+1,,1.277e+2,7.878e+1,,4.848e+1,4.654e-5,,9.807e-20,3.036e-16,1.565e-17,1.080e-3,1.516e+2,,,1.804e+1,,2.256e-11,2.963e-17,2.426e-4,,4.299e-19,7.240e-17
400.38,7.858e+2,7.151e-21,7.476e-11,1.879e-44,2.172e-35,3.138e-34,,1.018e-8,3.444e-22,,4.310e-15,1.915e-3,3.068e-25,1.061e-17,6.845e-20,6.928e-31,,1.928e-7,,1.456e-19,2.271e-16,1.838e-35,9.479e+1,3.391e-14,8.780e-27,5.081e-1,1.464e-19,3.823e-2,1.840e-23,2.672e+2,1.220e-20,3.678e-11,5.058e-20,6.440e-23,5.956e-6,9.269e-10,1.635e-1,1.399e+1,,1.243e+2,7.761e+1,,5.066e+1,2.845e-5,,9.804e-20,3.033e-16,1.545e-17,1.551e-3,1.354e+2,,,2.107e+1,,4.675e-11,2.960e-17,1.379e-4,,4.322e-19,7.244e-17
400.4,7.732e+2,7.152e-21,8.624e-11,1.882e-44,2.178e-35,3.131e-34,,6.747e-9,3.446e-22,,4.310e-15,1.588e-3,1.729e-25,1.061e-17,6.815e-20,6.887e-31,,1.815e-7,,1.453e-19,2.264e-16,1.787e-35,8.822e+1,6.027e-14,8.785e-27,4.786e-1,1.464e-19,3.786e-2,1.841e-23,2.739e+2,1.220e-20,3.600e-11,5.060e-20,6.441e-23,4.244e-6,5.545e-10,1.546e-1,1.149e+1,,1.218e+2,7.672e+1,,5.227e+1,2.037e-5,,9.803e-20,3.031e-16,1.532e-17,1.962e-3,1.248e+2,,,2.323e+1,,7.555e-11,2.958e-17,9.410e-5,,4.338e-19,7.246e-17
400.43,7.555e+2,7.154e-21,1.059e-10,1.887e-44,2.187e-35,3.120e-34,,3.606e-9,3.448e-22,,4.310e-15,1.188e-3,7.247e-26,1.061e-17,6.770e-20,6.825e-31,,1.649e-7,,1.448e-19,2.254e-16,1.709e-35,8.000e+1,1.416e-13,8.794e-27,4.336e-1,1.465e-19,3.704e-2,1.842e-23,2.823e+2,1.221e-20,3.485e-11,5.062e-20,6.442e-23,2.530e-6,2.543e-10,1.417e-1,8.482e+0,,1.178e+2,7.517e+1,,5.497e+1,1.223e-5,,9.800e-20,3.029e-16,1.513e-17,2.767e-3,1.095e+2,,,2.666e+1,,1.539e-10,2.955e-17,5.254e-5,,4.361e-19,7.249e-17
400.45,7.444e+2,7.155e-21,1.207e-10,1.890e-44,2.193e-35,3.112e-34,,2.361e-9,3.449e-22,,4.309e-15,9.735e-4,4.035e-26,1.061e-17,6.739e-20,6.784e-31,,1.541e-7,,1.444e-19,2.247e-16,1.657e-35,7.555e+1,2.487e-13,8.799e-27,4.036e-1,1.465e-19,3.635e-2,1.842e-23,2.867e+2,1.222e-20,3.410e-11,5.063e-20,6.443e-23,1.781e-6,1.503e-10,1.335e-1,6.885e+0,,1.149e+2,7.397e+1,,5.699e+1,8.654e-6,,9.798e-20,3.027e-16,1.500e-17,3.459e-3,9.978e+1,,,2.905e+1,,2.457e-10,2.953e-17,3.541e-5,,4.376e-19,7.251e-17
400.48,7.284e+2,7.157e-21,1.456e-10,1.895e-44,2.202e-35,3.101e-34,,1.239e-9,3.451e-22,,4.309e-15,7.156e-4,1.661e-26,1.061e-17,6.694e-20,6.723e-31,,1.387e-7,,1.439e-19,2.236e-16,1.580e-35,7.034e+1,5.741e-13,8.808e-27,3.592e-1,1.465e-19,3.514e-2,1.843e-23,2.910e+2,1.223e-20,3.303e-11,5.065e-20,6.445e-23,1.043e-6,6.767e-11,1.224e-1,4.991e+0,,1.105e+2,7.189e+1,,6.043e+1,5.103e-6,,9.796e-20,3.024e-16,1.480e-17,4.792e-3,8.598e+1,,,3.274e+1,,4.916e-10,2.950e-17,1.942e-5,,4.400e-19,7.255e-17
400.5,7.181e+2,7.159e-21,1.640e-10,1.898e-44,2.208e-35,3.093e-34,,8.016e-10,3.453e-22,,4.309e-15,5.794e-4,9.135e-27,1.061e-17,6.664e-20,6.682e-31,,1.292e-7,,1.436e-19,2.229e-16,1.528e-35,6.775e+1,9.968e-13,8.814e-27,3.304e-1,1.465e-19,3.424e-2,1.844e-23,2.924e+2,1.223e-20,3.237e-11,5.066e-20,6.446e-23,7.253e-7,3.952e-11,1.159e-1,4.004e+0,,1.074e+2,7.031e+1,,6.305e+1,3.567e-6,,9.794e-20,3.023e-16,1.467e-17,5.920e-3,7.739e+1,,,3.525e+1,,7.761e-10,2.948e-17,1.293e-5,,4.415e-19,7.257e-17
400.53,7.030e+2,7.161e-21,1.943e-10,1.903e-44,2.217e-35,3.082e-34,,4.132e-10,3.455e-22,,4.308e-15,4.183e-4,3.693e-27,1.061e-17,6.619e-20,6.620e-31,,1.161e-7,,1.431e-19,2.219e-16,1.450e-35,6.507e+1,2.260e-12,8.822e-27,2.888e-1,1.466e-19,3.281e-2,1.845e-23,2.922e+2,1.224e-20,3.146e-11,5.069e-20,6.447e-23,4.171e-7,1.748e-11,1.081e-1,2.851e+0,,1.028e+2,6.764e+1,,6.756e+1,2.066e-6,,9.792e-20,3.020e-16,1.448e-17,8.056e-3,6.551e+1,,,3.903e+1,,1.526e-9,2.945e-17,6.965e-6,,4.439e-19,7.260e-17
400.55,6.932e+2,7.162e-21,2.163e-10,1.907e-44,2.223e-35,3.074e-34,,2.641e-10,3.456e-22,,4.308e-15,3.347e-4,2.007e-27,1.061e-17,6.588e-20,6.579e-31,,1.083e-7,,1.428e-19,2.212e-16,1.398e-35,6.399e+1,3.878e-12,8.828e-27,2.625e-1,1.466e-19,3.184e-2,1.845e-23,2.904e+2,1.224e-20,3.092e-11,5.070e-20,6.448e-23,2.867e-7,1.008e-11,1.045e-1,2.259e+0,,9.965e+1,6.566e+1,,7.101e+1,1.427e-6,,9.790e-20,3.018e-16,1.435e-17,9.834e-3,5.827e+1,,,4.152e+1,,2.380e-9,2.943e-17,4.583e-6,,4.454e-19,7.263e-17
400.58,6.788e+2,7.164e-21,2.517e-10,1.911e-44,2.232e-35,3.063e-34,,1.337e-10,3.458e-22,,4.308e-15,2.374e-4,7.967e-28,1.061e-17,6.543e-20,6.518e-31,,9.826e-8,,1.423e-19,2.202e-16,1.321e-35,6.326e+1,8.640e-12,8.836e-27,2.254e-1,1.466e-19,3.041e-2,1.846e-23,2.854e+2,1.225e-20,3.019e-11,5.072e-20,6.449e-23,1.619e-7,4.379e-12,1.020e-1,1.580e+0,,9.510e+1,6.243e+1,,7.697e+1,8.117e-7,,9.787e-20,3.015e-16,3.766e-17,1.315e-2,4.844e+1,,,4.515e+1,,4.596e-9,2.940e-17,2.424e-6,,4.478e-19,7.266e-17
400.6,6.694e+2,7.165e-21,2.769e-10,1.915e-44,2.238e-35,3.056e-34,,8.443e-11,3.460e-22,,4.307e-15,1.877e-4,4.278e-28,1.061e-17,6.513e-20,6.477e-31,,9.266e-8,,1.419e-19,2.195e-16,1.269e-35,6.329e+1,1.465e-11,8.842e-27,2.024e-1,1.466e-19,2.951e-2,1.847e-23,2.806e+2,1.226e-20,2.977e-11,5.073e-20,6.450e-23,1.099e-7,2.496e-12,1.027e-1,1.237e+0,,9.219e+1,6.012e+1,,8.153e+1,5.540e-7,,9.786e-20,3.014e-16,7.125e-17,1.586e-2,4.257e+1,,,4.747e+1,,7.086e-9,2.938e-17,1.576e-6,,4.493e-19,7.268e-17
400.63,6.557e+2,7.167e-21,3.167e-10,1.920e-44,2.247e-35,3.044e-34,,4.198e-11,3.462e-22,,4.307e-15,1.308e-4,1.668e-28,1.061e-17,6.467e-20,6.416e-31,,8.602e-8,,1.414e-19,2.184e-16,1.191e-35,6.393e+1,3.207e-11,8.851e-27,1.707e-1,1.467e-19,2.831e-2,1.848e-23,2.712e+2,1.226e-20,2.922e-11,5.076e-20,6.451e-23,6.098e-8,1.065e-12,1.081e-1,8.499e-1,,8.812e+1,5.644e+1,,8.934e+1,3.095e-7,,9.783e-20,3.011e-16,1.837e-16,2.083e-2,3.477e+1,,,5.071e+1,,1.345e-8,2.935e-17,8.186e-7,,4.517e-19,7.272e-17
400.65,6.469e+2,7.169e-21,3.442e-10,1.923e-44,2.253e-35,3.037e-34,,2.619e-11,3.463e-22,,4.307e-15,1.022e-4,8.847e-29,1.061e-17,6.437e-20,6.375e-31,,8.279e-8,,1.411e-19,2.177e-16,1.140e-35,6.468e+1,5.374e-11,8.856e-27,1.515e-1,1.467e-19,2.763e-2,1.848e-23,2.636e+2,1.227e-20,2.890e-11,5.077e-20,6.452e-23,4.091e-8,5.997e-13,1.151e-1,6.577e-1,,8.566e+1,5.388e+1,,9.526e+1,2.087e-7,,9.782e-20,3.009e-16,3.435e-16,2.483e-2,3.019e+1,,,5.268e+1,,2.049e-8,2.933e-17,5.258e-7,,4.532e-19,7.274e-17
400.67,6.386e+2,7.170e-21,3.724e-10,1.926e-44,2.259e-35,3.029e-34,,1.626e-11,3.465e-22,,4.306e-15,7.945e-5,4.670e-29,1.061e-17,6.407e-20,6.334e-31,,8.053e-8,,1.408e-19,2.170e-16,1.088e-35,6.561e+1,8.964e-11,8.862e-27,1.338e-1,1.467e-19,2.709e-2,1.849e-23,2.551e+2,1.227e-20,2.861e-11,5.078e-20,6.453e-23,2.732e-8,3.361e-13,1.253e-1,5.065e-1,,8.345e+1,5.126e+1,,1.018e+2,1.400e-7,,9.780e-20,3.007e-16,6.392e-16,2.946e-2,2.610e+1,,,5.447e+1,,3.107e-8,2.931e-17,3.361e-7,,4.548e-19,7.276e-17
400.7,6.271e+2,7.172e-21,4.155e-10,1.931e-44,2.268e-35,3.018e-34,,7.885e-12,3.467e-22,,4.306e-15,5.399e-5,1.775e-29,1.061e-17,6.362e-20,6.272e-31,,7.893e-8,,1.403e-19,2.160e-16,1.010e-35,6.723e+1,1.914e-10,8.870e-27,1.100e-1,1.467e-19,2.657e-2,1.850e-23,2.409e+2,1.228e-20,2.823e-11,5.080e-20,6.455e-23,1.478e-8,1.398e-13,1.476e-1,3.393e-1,,8.069e+1,4.728e+1,,1.128e+2,7.628e-8,,9.777e-20,3.005e-16,1.608e-15,3.774e-2,2.078e+1,,,5.675e+1,,5.753e-8,2.928e-17,1.703e-7,,4.571e-19,7.280e-17
400.72,6.202e+2,7.173e-21,4.443e-10,1.934e-44,2.274e-35,3.011e-34,,4.837e-12,3.468e-22,,4.306e-15,4.148e-5,1.769e-29,1.061e-17,6.331e-20,6.231e-31,,7.903e-8,,1.399e-19,2.153e-16,9.586e-36,6.840e+1,3.155e-10,8.876e-27,9.604e-2,1.467e-19,2.646e-2,1.850e-23,2.306e+2,1.229e-20,2.799e-11,5.082e-20,6.456e-23,9.749e-9,7.741e-14,1.678e-1,2.582e-1,,7.926e+1,4.461e+1,,1.210e+2,5.058e-8,,9.776e-20,3.003e-16,2.957e-15,4.424e-2,1.775e+1,,,5.798e+1,,8.623e-8,2.926e-17,1.075e-7,,4.587e-19,7.282e-17
400.75,6.113e+2,7.175e-21,4.870e-10,1.939e-44,2.283e-35,2.999e-34,,2.303e-12,3.470e-22,,4.305e-15,2.769e-5,1.760e-29,1.061e-17,6.286e-20,6.170e-31,,8.087e-8,,1.394e-19,2.143e-16,8.809e-36,7.016e+1,6.619e-10,8.885e-27,7.759e-2,1.468e-19,2.668e-2,1.851e-23,2.143e+2,1.229e-20,2.764e-11,5.084e-20,6.457e-23,5.178e-9,3.161e-14,2.078e-1,1.698e-1,,7.782e+1,4.068e+1,,1.346e+2,2.706e-8,,9.773e-20,3.000e-16,7.311e-15,5.567e-2,1.388e+1,,,5.935e+1,,1.568e-7,2.923e-17,5.349e-8,,4.610e-19,7.285e-17
400.77,6.064e+2,7.177e-21,5.147e-10,1.942e-44,2.289e-35,2.992e-34,,1.396e-12,3.472e-22,,4.305e-15,2.103e-5,1.754e-29,1.061e-17,6.256e-20,6.129e-31,,8.314e-8,,1.391e-19,2.136e-16,8.292e-36,7.129e+1,1.078e-9,8.890e-27,6.691e-2,1.468e-19,2.713e-2,1.852e-23,2.030e+2,1.230e-20,2.739e-11,5.085e-20,6.458e-23,3.376e-9,1.730e-14,2.418e-1,1.277e-1,,7.737e+1,3.813e+1,,1.445e+2,1.773e-8,,9.771e-20,2.999e-16,1.329e-14,6.450e-2,1.172e+1,,,5.991e+1,,2.323e-7,2.921e-17,3.338e-8,,4.626e-19,7.288e-17
400.8,6.010e+2,7.179e-21,5.543e-10,1.947e-44,2.298e-35,2.980e-34,,6.528e-13,3.474e-22,,4.304e-15,1.379e-5,1.744e-29,1.061e-17,6.211e-20,6.068e-31,,8.800e-8,,1.386e-19,2.125e-16,7.516e-36,7.283e+1,2.223e-9,8.899e-27,5.310e-2,1.468e-19,2.831e-2,1.853e-23,1.858e+2,1.231e-20,2.699e-11,5.087e-20,6.459e-23,1.761e-9,6.937e-15,3.055e-1,8.251e-2,,7.748e+1,3.448e+1,,1.605e+2,9.315e-9,,9.769e-20,2.996e-16,3.227e-14,7.973e-2,9.001e+0,,,6.024e+1,,4.152e-7,2.918e-17,1.631e-8,,4.649e-19,7.291e-17
400.82,5.987e+2,7.180e-21,5.791e-10,1.951e-44,2.304e-35,2.973e-34,,3.910e-13,3.475e-22,,4.304e-15,1.035e-5,1.738e-29,1.061e-17,6.180e-20,6.027e-31,,9.211e-8,,1.383e-19,2.118e-16,6.998e-36,7.373e+1,3.578e-9,8.905e-27,4.524e-2,1.468e-19,2.947e-2,1.853e-23,1.744e+2,1.231e-20,2.668e-11,5.089e-20,6.460e-23,1.134e-9,3.750e-15,3.577e-1,6.130e-2,,7.810e+1,3.219e+1,,1.721e+2,6.030e-9,,9.767e-20,2.994e-16,5.797e-14,9.129e-2,7.505e+0,,,6.009e+1,,6.079e-7,2.916e-17,1.006e-8,,4.665e-19,7.293e-17
400.85,5.974e+2,7.182e-21,6.132e-10,1.955e-44,2.313e-35,2.962e-34,,1.796e-13,3.477e-22,,4.304e-15,6.665e-6,1.729e-29,1.061e-17,6.135e-20,5.965e-31,,9.940e-8,,1.378e-19,2.108e-16,6.222e-36,7.481e+1,7.246e-9,8.913e-27,3.527e-2,1.469e-19,3.184e-2,1.854e-23,1.576e+2,1.232e-20,2.614e-11,5.091e-20,6.461e-23,5.812e-10,1.477e-15,4.526e-1,3.890e-2,,7.984e+1,2.903e+1,,1.904e+2,3.112e-9,,9.765e-20,2.991e-16,1.383e-13,1.108e-1,5.664e+0,,,5.935e+1,,1.068e-6,2.913e-17,4.826e-9,,4.688e-19,7.297e-17
400.87,5.979e+2,7.183e-21,6.333e-10,1.959e-44,2.319e-35,2.954e-34,,1.062e-13,3.479e-22,,4.303e-15,4.942e-6,1.723e-29,1.061e-17,6.105e-20,5.924e-31,,1.049e-7,,1.375e-19,2.101e-16,5.704e-36,7.535e+1,1.153e-8,8.919e-27,2.969e-2,1.469e-19,3.390e-2,1.855e-23,1.468e+2,1.232e-20,2.573e-11,5.092e-20,6.462e-23,3.699e-10,7.890e-16,5.282e-1,2.856e-2,,8.154e+1,2.714e+1,,2.032e+2,1.990e-9,,9.763e-20,2.990e-16,2.456e-13,1.254e-1,4.667e+0,,,5.850e+1,,1.545e-6,2.911e-17,2.940e-9,,4.704e-19,7.299e-17
400.9,6.009e+2,7.185e-21,6.593e-10,1.964e-44,2.328e-35,2.943e-34,,4.792e-14,3.481e-22,,4.303e-15,3.129e-6,1.714e-29,1.060e-17,6.059e-20,5.863e-31,,1.138e-7,,1.370e-19,2.091e-16,4.928e-36,7.585e+1,2.294e-8,8.927e-27,2.273e-2,1.469e-19,3.778e-2,1.856e-23,1.313e+2,1.233e-20,2.501e-11,5.094e-20,6.464e-23,1.861e-10,3.052e-16,6.622e-1,1.780e-2,,8.484e+1,2.465e+1,,2.231e+2,1.009e-9,,9.761e-20,2.987e-16,5.757e-13,1.496e-1,3.459e+0,,,5.675e+1,,2.665e-6,2.908e-17,1.385e-9,,4.727e-19,7.302e-17
400.92,6.042e+2,7.186e-21,6.735e-10,1.967e-44,2.334e-35,2.935e-34,,2.802e-14,3.482e-22,,4.303e-15,2.294e-6,1.708e-29,1.060e-17,6.029e-20,5.822e-31,,1.202e-7,,1.366e-19,2.084e-16,4.411e-36,7.598e+1,3.607e-8,8.933e-27,1.891e-2,1.469e-19,4.096e-2,1.856e-23,1.217e+2,1.234e-20,2.446e-11,5.096e-20,6.465e-23,1.170e-10,1.610e-16,7.667e-1,1.291e-2,,8.750e+1,2.324e+1,,2.366e+2,6.374e-10,,9.759e-20,2.985e-16,1.010e-12,1.673e-1,2.816e+0,,,5.529e+1,,3.812e-6,2.906e-17,8.340e-10,,4.743e-19,7.305e-17
400.95,6.109e+2,7.188e-21,6.897e-10,1.972e-44,2.343e-35,2.924e-34,,1.241e-14,3.485e-22,,4.302e-15,1.429e-6,1.698e-29,1.060e-17,5.984e-20,5.760e-31,,1.299e-7,,1.361e-19,2.073e-16,3.634e-36,7.585e+1,7.050e-8,8.942e-27,1.422e-2,1.470e-19,4.678e-2,1.857e-23,1.084e+2,1.234e-20,2.352e-11,5.098e-20,6.466e-23,5.784e-11,6.118e-17,9.480e-1,7.909e-3,,9.210e+1,2.154e+1,,2.571e+2,3.173e-10,,9.756e-20,2.982e-16,2.327e-12,1.960e-1,2.050e+0,,,5.268e+1,,6.462e-6,2.903e-17,3.860e-10,,4.766e-19,7.308e-17
400.97,6.165e+2,7.190e-21,6.970e-10,1.975e-44,2.349e-35,2.917e-34,,7.169e-15,3.486e-22,,4.302e-15,1.039e-6,1.692e-29,1.060e-17,5.954e-20,5.719e-31,,1.364e-7,,1.358e-19,2.066e-16,3.117e-36,7.557e+1,1.096e-7,8.947e-27,1.169e-2,1.470e-19,5.145e-2,1.858e-23,1.003e+2,1.235e-20,2.282e-11,5.099e-20,6.467e-23,3.594e-11,3.190e-17,1.086e+0,5.672e-3,,9.552e+1,2.069e+1,,2.707e+2,1.981e-10,,9.755e-20,2.981e-16,4.035e-12,2.166e-1,1.650e+0,,,5.071e+1,,9.134e-6,2.901e-17,2.296e-10,,4.782e-19,7.310e-17
401,6.260e+2,7.192e-21,7.027e-10,1.980e-44,2.357e-35,2.905e-34,,3.119e-15,3.488e-22,,4.301e-15,6.441e-7,1.683e-29,1.060e-17,5.908e-20,5.658e-31,,1.460e-7,,1.353e-19,2.056e-16,2.341e-36,7.485e+1,2.104e-7,8.956e-27,8.637e-3,1.470e-19,5.983e-2,1.859e-23,8.953e+1,1.236e-20,2.168e-11,5.101e-20,6.468e-23,1.744e-11,3.180e-17,1.322e+0,3.417e-3,,1.010e+2,1.984e+1,,2.905e+2,9.687e-11,,9.752e-20,2.978e-16,9.131e-12,2.493e-1,1.180e+0,,,4.747e+1,,1.521e-5,2.898e-17,1.043e-10,,4.805e-19,7.314e-17
401.02,6.330e+2,7.193e-21,7.030e-10,1.983e-44,2.363e-35,2.898e-34,,1.780e-15,3.489e-22,,4.301e-15,4.718e-7,1.677e-29,1.060e-17,5.878e-20,5.617e-31,,1.521e-7,,1.350e-19,2.049e-16,1.823e-36,7.420e+1,3.231e-7,8.961e-27,7.016e-3,1.470e-19,6.647e-2,1.859e-23,8.325e+1,1.236e-20,2.085e-11,5.103e-20,6.469e-23,1.071e-11,3.173e-17,1.498e+0,2.427e-3,,1.049e+2,1.956e+1,,3.032e+2,5.976e-11,,9.750e-20,2.976e-16,1.565e-11,2.722e-1,9.378e-1,,,4.515e+1,,2.125e-5,2.896e-17,6.132e-11,,4.821e-19,7.316e-17
401.04,6.402e+2,7.194e-21,7.007e-10,1.986e-44,2.369e-35,2.890e-34,,1.011e-15,3.491e-22,,4.301e-15,3.519e-7,1.671e-29,1.060e-17,5.848e-20,5.576e-31,,1.578e-7,,1.346e-19,2.042e-16,1.306e-36,7.341e+1,4.940e-7,8.967e-27,5.672e-3,1.471e-19,7.406e-2,1.860e-23,7.768e+1,1.237e-20,1.998e-11,5.104e-20,6.470e-23,6.543e-12,3.166e-17,1.690e+0,1.721e-3,,1.088e+2,1.951e+1,,3.152e+2,3.669e-11,,9.749e-20,2.974e-16,2.669e-11,2.958e-1,7.419e-1,,,4.275e+1,,2.955e-5,2.894e-17,3.586e-11,,4.836e-19,7.318e-17
401.07,6.509e+2,7.196e-21,6.926e-10,1.991e-44,2.378e-35,2.879e-34,,4.289e-16,3.493e-22,,4.300e-15,2.455e-7,1.661e-29,1.060e-17,5.803e-20,5.515e-31,,1.656e-7,,1.341e-19,2.031e-16,5.294e-37,7.202e+1,9.254e-7,8.976e-27,4.086e-3,1.471e-19,8.750e-2,1.861e-23,7.065e+1,1.237e-20,1.861e-11,5.106e-20,6.471e-23,3.097e-12,3.156e-17,2.008e+0,1.033e-3,,1.147e+2,1.985e+1,,3.317e+2,1.749e-11,,9.746e-20,2.972e-16,5.893e-11,3.321e-1,5.174e-1,,,3.903e+1,,4.803e-5,2.891e-17,1.589e-11,,4.860e-19,7.322e-17
401.09,6.578e+2,7.198e-21,6.844e-10,1.995e-44,2.384e-35,2.871e-34,,2.407e-16,3.494e-22,,4.300e-15,2.130e-7,1.655e-29,1.060e-17,5.772e-20,5.474e-31,,1.701e-7,,1.338e-19,2.025e-16,1.187e-38,7.096e+1,1.398e-6,8.981e-27,3.264e-3,1.471e-19,9.801e-2,1.861e-23,6.681e+1,1.238e-20,1.766e-11,5.107e-20,6.472e-23,1.869e-12,3.149e-17,2.239e+0,7.459e-4,,1.185e+2,2.034e+1,,3.416e+2,1.061e-11,,9.745e-20,2.970e-16,9.935e-11,3.567e-1,4.045e-1,,,3.651e+1,,6.601e-5,2.890e-17,9.184e-12,,4.875e-19,7.324e-17
401.12,6.671e+2,7.200e-21,6.685e-10,1.999e-44,2.393e-35,2.860e-34,,1.003e-16,3.497e-22,,4.300e-15,2.135e-7,1.646e-29,1.060e-17,5.727e-20,5.412e-31,,1.756e-7,,1.333e-19,2.014e-16,3.119e-38,6.920e+1,2.573e-6,8.990e-27,2.310e-3,1.471e-19,1.164e-1,1.862e-23,6.223e+1,1.239e-20,1.619e-11,5.110e-20,6.474e-23,8.689e-13,3.138e-17,2.614e+0,4.870e-4,,1.240e+2,2.145e+1,,3.541e+2,4.968e-12,,9.742e-20,2.967e-16,2.155e-10,3.935e-1,2.771e-1,,,3.274e+1,,1.054e-4,2.887e-17,3.997e-12,,4.899e-19,7.327e-17
401.14,6.723e+2,7.201e-21,6.560e-10,2.003e-44,2.399e-35,2.853e-34,,5.560e-17,3.498e-22,,4.299e-15,2.469e-7,1.640e-29,1.060e-17,5.697e-20,5.371e-31,,1.784e-7,,1.330e-19,2.007e-16,5.904e-38,6.793e+1,3.842e-6,8.996e-27,1.823e-3,1.472e-19,1.307e-1,1.863e-23,5.990e+1,1.239e-20,1.520e-11,5.111e-20,6.475e-23,5.183e-13,3.132e-17,2.881e+0,3.980e-4,,1.273e+2,2.243e+1,,3.609e+2,2.978e-12,,9.740e-20,2.966e-16,3.591e-10,4.176e-1,2.140e-1,,,3.026e+1,,1.432e-4,2.885e-17,2.282e-12,,4.914e-19,7.329e-17
401.17,6.783e+2,7.203e-21,6.349e-10,2.008e-44,2.408e-35,2.841e-34,,2.275e-17,3.500e-22,,4.299e-15,3.554e-7,1.631e-29,1.060e-17,5.652e-20,5.310e-31,,1.811e-7,,1.325e-19,1.997e-16,1.524e-37,6.590e+1,6.947e-6,9.004e-27,1.267e-3,1.472e-19,1.555e-1,1.864e-23,5.738e+1,1.240e-20,1.372e-11,5.113e-20,6.476e-23,2.366e-13,3.121e-17,3.303e+0,3.599e-4,,1.318e+2,2.419e+1,,3.683e+2,1.369e-12,,9.738e-20,2.963e-16,7.653e-10,4.525e-1,1.440e-1,,,2.666e+1,,2.247e-4,2.882e-17,9.757e-13,,4.937e-19,7.333e-17
401.19,6.807e+2,7.204e-21,6.199e-10,2.011e-44,2.414e-35,2.834e-34,,1.246e-17,3.501e-22,,4.299e-15,4.778e-7,1.624e-29,1.060e-17,5.621e-20,5.269e-31,,1.818e-7,,1.321e-19,1.990e-16,2.851e-37,6.448e+1,1.025e-5,9.010e-27,9.883e-4,1.472e-19,1.745e-1,1.864e-23,5.627e+1,1.240e-20,1.274e-11,5.114e-20,6.477e-23,1.394e-13,3.114e-17,3.598e+0,3.907e-4,,1.343e+2,2.554e+1,,3.714e+2,8.109e-13,,9.736e-20,2.961e-16,1.260e-9,4.747e-1,1.099e-1,,,2.435e+1,,3.017e-4,2.880e-17,5.504e-13,,4.953e-19,7.335e-17
401.22,6.816e+2,7.206e-21,5.968e-10,2.016e-44,2.423e-35,2.823e-34,,5.008e-18,3.504e-22,,4.298e-15,7.677e-7,1.615e-29,1.060e-17,5.576e-20,5.207e-31,,1.814e-7,,1.316e-19,1.979e-16,7.231e-37,6.225e+1,1.821e-5,9.018e-27,6.747e-4,1.472e-19,2.071e-1,1.865e-23,5.530e+1,1.241e-20,1.131e-11,5.116e-20,6.478e-23,6.252e-14,3.104e-17,4.053e+0,5.239e-4,,1.373e+2,2.779e+1,,3.731e+2,3.662e-13,,9.734e-20,2.958e-16,2.639e-9,5.054e-1,7.264e-2,,,2.107e+1,,4.653e-4,2.877e-17,2.311e-13,,4.976e-19,7.339e-17
401.24,6.803e+2,7.208e-21,5.815e-10,2.019e-44,2.429e-35,2.815e-34,,2.711e-18,3.505e-22,,4.298e-15,1.060e-6,1.609e-29,1.060e-17,5.546e-20,5.166e-31,,1.801e-7,,1.313e-19,1.972e-16,1.337e-36,6.072e+1,2.655e-5,9.024e-27,5.200e-4,1.473e-19,2.317e-1,1.866e-23,5.505e+1,1.242e-20,1.038e-11,5.118e-20,6.479e-23,3.640e-14,3.097e-17,4.363e+0,6.807e-4,,1.387e+2,2.939e+1,,3.723e+2,2.143e-13,,9.732e-20,2.957e-16,4.294e-9,5.240e-1,5.478e-2,,,1.902e+1,,6.174e-4,2.875e-17,1.288e-13,,4.992e-19,7.341e-17
401.27,6.751e+2,7.210e-21,5.594e-10,2.024e-44,2.438e-35,2.804e-34,,1.070e-18,3.507e-22,,4.298e-15,1.715e-6,1.600e-29,1.060e-17,5.500e-20,5.105e-31,,1.765e-7,,1.308e-19,1.962e-16,3.332e-36,5.835e+1,4.635e-5,9.032e-27,3.487e-4,1.473e-19,2.734e-1,1.867e-23,5.510e+1,1.242e-20,9.062e-12,5.120e-20,6.480e-23,1.603e-14,3.087e-17,4.828e+0,1.050e-3,,1.398e+2,3.190e+1,,3.681e+2,9.506e-14,,9.729e-20,2.954e-16,8.836e-9,5.483e-1,3.556e-2,,,1.617e+1,,9.356e-4,2.872e-17,5.311e-14,,5.015e-19,7.344e-17
401.29,6.695e+2,7.211e-21,5.457e-10,2.027e-44,2.444e-35,2.796e-34,,5.721e-19,3.509e-22,,4.297e-15,2.355e-6,1.594e-29,1.060e-17,5.470e-20,5.064e-31,,1.732e-7,,1.305e-19,1.955e-16,6.089e-36,5.674e+1,6.680e-5,9.038e-27,2.655e-4,1.473e-19,3.044e-1,1.867e-23,5.536e+1,1.243e-20,8.228e-12,5.121e-20,6.481e-23,9.226e-15,3.080e-17,5.136e+0,1.416e-3,,1.399e+2,3.361e+1,,3.634e+2,5.496e-14,,9.728e-20,2.952e-16,1.421e-8,5.619e-1,2.650e-2,,,1.442e+1,,1.227e-3,2.870e-17,2.924e-14,,5.031e-19,7.346e-17
401.32,6.578e+2,7.213e-21,5.273e-10,2.032e-44,2.453e-35,2.785e-34,,2.217e-19,3.511e-22,,4.297e-15,3.762e-6,1.584e-29,1.060e-17,5.425e-20,5.003e-31,,1.668e-7,,1.300e-19,1.945e-16,1.491e-35,5.427e+1,1.145e-4,9.047e-27,1.749e-4,1.473e-19,3.559e-1,1.868e-23,5.592e+1,1.244e-20,7.058e-12,5.123e-20,6.483e-23,3.998e-15,3.070e-17,5.584e+0,2.217e-3,,1.391e+2,3.616e+1,,3.538e+2,2.394e-14,,9.725e-20,2.950e-16,2.873e-8,5.780e-1,1.690e-2,8.837e-19,,1.204e+1,,1.827e-3,2.867e-17,1.184e-14,,5.054e-19,7.350e-17
401.34,6.479e+2,7.214e-21,5.169e-10,2.035e-44,2.459e-35,2.778e-34,,1.172e-19,3.512e-22,,4.297e-15,5.112e-6,1.578e-29,1.060e-17,5.395e-20,4.962e-31,,1.617e-7,,1.297e-19,1.938e-16,2.693e-35,5.259e+1,1.631e-4,9.052e-27,1.316e-4,1.474e-19,3.936e-1,1.869e-23,5.636e+1,1.244e-20,6.335e-12,5.125e-20,6.484e-23,2.284e-15,3.063e-17,5.869e+0,2.980e-3,,1.379e+2,3.782e+1,,3.458e+2,1.368e-14,,9.723e-20,2.948e-16,4.566e-8,5.857e-1,1.244e-2,1.683e-18,,1.061e+1,,2.369e-3,2.865e-17,6.444e-15,,5.070e-19,7.352e-17
401.37,6.301e+2,7.216e-21,5.042e-10,2.040e-44,2.468e-35,2.766e-34,,4.460e-20,3.514e-22,,4.296e-15,8.026e-6,1.569e-29,1.060e-17,5.349e-20,4.900e-31,,1.530e-7,,1.292e-19,1.927e-16,6.478e-35,5.006e+1,2.749e-4,9.061e-27,8.515e-5,1.474e-19,4.552e-1,1.870e-23,5.701e+1,1.245e-20,5.340e-12,5.127e-20,6.485e-23,1.006e-15,3.053e-17,6.268e+0,4.610e-3,,1.351e+2,4.017e+1,,3.317e+2,5.852e-15,,9.721e-20,2.945e-16,9.070e-8,5.925e-1,7.793e-3,4.386e-18,,8.703e+0,,3.467e-3,2.862e-17,2.563e-15,,5.093e-19,7.356e-17
401.39,6.163e+2,7.218e-21,4.980e-10,2.043e-44,2.474e-35,2.759e-34,,2.329e-20,3.516e-22,,4.296e-15,1.078e-5,1.563e-29,1.060e-17,5.319e-20,4.859e-31,,1.466e-7,,1.288e-19,1.920e-16,1.156e-34,4.836e+1,3.869e-4,9.067e-27,6.331e-5,1.474e-19,4.994e-1,1.870e-23,5.738e+1,1.245e-20,4.738e-12,5.128e-20,6.486e-23,6.199e-16,3.046e-17,6.511e+0,6.133e-3,,1.326e+2,4.161e+1,,3.212e+2,3.303e-15,,9.719e-20,2.943e-16,1.425e-7,5.939e-1,5.670e-3,8.258e-18,,7.581e+0,,4.442e-3,2.860e-17,1.378e-15,,5.109e-19,7.358e-17
401.41,6.013e+2,7.219e-21,4.937e-10,2.047e-44,2.480e-35,2.751e-34,,2.339e-20,3.517e-22,,4.296e-15,1.441e-5,1.557e-29,1.060e-17,5.289e-20,4.818e-31,,1.398e-7,,1.285e-19,1.913e-16,2.054e-34,4.666e+1,5.420e-4,9.072e-27,4.685e-5,1.474e-19,5.459e-1,1.871e-23,5.768e+1,1.246e-20,4.184e-12,5.130e-20,6.487e-23,4.469e-16,3.039e-17,6.731e+0,8.122e-3,,1.297e+2,4.292e+1,,3.099e+2,1.855e-15,,9.718e-20,2.941e-16,2.228e-7,5.928e-1,4.106e-3,1.547e-17,,6.571e+0,,5.666e-3,2.858e-17,7.372e-16,,5.124e-19,7.360e-17
401.44,5.766e+2,7.221e-21,4.910e-10,2.052e-44,2.489e-35,2.740e-34,,2.356e-20,3.519e-22,,4.295e-15,2.208e-5,1.548e-29,1.060e-17,5.244e-20,4.757e-31,,1.290e-7,,1.280e-19,1.903e-16,4.823e-34,4.412e+1,8.908e-4,9.081e-27,2.956e-5,1.475e-19,6.197e-1,1.872e-23,5.793e+1,1.247e-20,3.441e-12,5.132e-20,6.488e-23,4.802e-16,3.029e-17,7.012e+0,1.227e-2,,1.245e+2,4.461e+1,,2.920e+2,7.741e-16,,9.715e-20,2.939e-16,4.317e-7,5.869e-1,2.508e-3,3.934e-17,,5.256e+0,,8.092e-3,2.855e-17,2.859e-16,,5.148e-19,7.363e-17
401.46,5.591e+2,7.222e-21,4.917e-10,2.055e-44,2.495e-35,2.732e-34,,2.367e-20,3.521e-22,,4.295e-15,2.917e-5,1.541e-29,1.060e-17,5.213e-20,4.716e-31,,1.216e-7,,1.277e-19,1.896e-16,8.468e-34,4.245e+1,1.233e-3,9.086e-27,2.162e-5,1.475e-19,6.711e-1,1.872e-23,5.795e+1,1.247e-20,3.003e-12,5.133e-20,6.489e-23,7.115e-16,3.022e-17,7.163e+0,1.606e-2,,1.205e+2,4.552e+1,,2.796e+2,4.296e-16,,9.713e-20,2.937e-16,6.670e-7,5.803e-1,1.794e-3,7.286e-17,,4.502e+0,,1.020e-2,2.853e-17,1.511e-16,,5.163e-19,7.366e-17
401.49,5.315e+2,7.224e-21,4.967e-10,2.060e-44,2.504e-35,2.721e-34,,2.383e-20,3.523e-22,,4.294e-15,4.390e-5,1.532e-29,1.060e-17,5.168e-20,4.654e-31,,1.102e-7,,1.272e-19,1.886e-16,1.953e-33,4.001e+1,1.992e-3,9.095e-27,1.340e-5,1.475e-19,7.506e-1,1.873e-23,5.774e+1,1.248e-20,2.427e-12,5.135e-20,6.490e-23,1.578e-15,3.012e-17,7.331e+0,2.384e-2,,1.140e+2,4.653e+1,,2.610e+2,1.760e-16,,9.711e-20,2.934e-16,1.270e-6,5.670e-1,1.076e-3,1.820e-16,,3.538e+0,,1.432e-2,2.850e-17,5.756e-17,,5.187e-19,7.369e-17
401.51,5.127e+2,7.226e-21,5.027e-10,2.063e-44,2.510e-35,2.714e-34,,2.394e-20,3.524e-22,,4.294e-15,5.732e-5,1.526e-29,1.060e-17,5.138e-20,4.614e-31,,1.026e-7,,1.268e-19,1.879e-16,3.390e-33,3.844e+1,2.725e-3,9.101e-27,9.679e-6,1.475e-19,8.047e-1,1.874e-23,5.745e+1,1.248e-20,2.094e-12,5.137e-20,6.491e-23,2.787e-15,3.005e-17,7.401e+0,3.085e-2,,1.094e+2,4.695e+1,,2.487e+2,9.653e-17,,9.709e-20,2.933e-16,1.939e-6,5.563e-1,7.611e-4,3.332e-16,,2.994e+0,,1.785e-2,2.848e-17,3.006e-17,,5.202e-19,7.371e-17
401.54,4.843e+2,7.228e-21,5.159e-10,2.068e-44,2.519e-35,2.702e-34,,2.411e-20,3.526e-22,,4.294e-15,8.475e-5,1.517e-29,1.060e-17,5.092e-20,4.552e-31,,9.143e-8,,1.263e-19,1.868e-16,7.681e-33,3.621e+1,4.323e-3,9.109e-27,5.892e-6,1.476e-19,8.861e-1,1.875e-23,5.679e+1,1.249e-20,1.662e-12,5.139e-20,6.493e-23,6.578e-15,2.995e-17,7.441e+0,4.499e-2,,1.020e+2,4.717e+1,,2.309e+2,3.885e-17,,9.707e-20,2.930e-16,3.628e-6,5.382e-1,4.485e-4,8.178e-16,,2.311e+0,,2.462e-2,2.845e-17,3.006e-17,,5.226e-19,7.375e-17
401.56,4.656e+2,7.229e-21,5.276e-10,2.071e-44,2.525e-35,2.695e-34,,2.421e-20,3.528e-22,,4.293e-15,1.094e-4,1.511e-29,1.060e-17,5.062e-20,4.511e-31,,8.414e-8,,1.260e-19,1.861e-16,1.318e-32,3.482e+1,5.846e-3,9.115e-27,4.206e-6,1.476e-19,9.399e-1,1.875e-23,5.623e+1,1.250e-20,1.417e-12,5.140e-20,6.494e-23,1.162e-14,2.988e-17,7.423e+0,5.753e-2,,9.693e+1,4.704e+1,,2.197e+2,2.105e-17,,9.705e-20,2.928e-16,5.475e-6,5.254e-1,3.133e-4,1.480e-15,,1.933e+0,,3.033e-2,2.843e-17,3.005e-17,,5.241e-19,7.377e-17
401.59,4.385e+2,7.231e-21,5.501e-10,2.076e-44,2.534e-35,2.684e-34,,2.438e-20,3.530e-22,,4.293e-15,1.589e-4,1.501e-29,1.060e-17,5.017e-20,4.450e-31,,7.364e-8,,1.255e-19,1.851e-16,2.934e-32,3.292e+1,9.113e-3,9.123e-27,2.515e-6,1.476e-19,1.018e+0,1.876e-23,5.526e+1,1.251e-20,1.105e-12,5.142e-20,6.495e-23,2.706e-14,2.978e-17,7.331e+0,8.245e-2,,8.917e+1,4.644e+1,,2.042e+2,8.320e-18,,9.702e-20,2.925e-16,1.006e-5,5.062e-1,1.813e-4,3.569e-15,,1.466e+0,,4.111e-2,2.840e-17,3.005e-17,,5.265e-19,7.380e-17
401.61,4.212e+2,7.232e-21,5.688e-10,2.079e-44,2.540e-35,2.676e-34,,2.449e-20,3.531e-22,,4.293e-15,2.026e-4,1.495e-29,1.060e-17,4.987e-20,4.409e-31,,6.698e-8,,1.252e-19,1.844e-16,4.973e-32,3.179e+1,1.218e-2,9.129e-27,1.774e-6,1.476e-19,1.068e+0,1.877e-23,5.454e+1,1.251e-20,9.309e-13,5.144e-20,6.496e-23,4.728e-14,2.971e-17,7.227e+0,1.042e-1,,8.398e+1,4.578e+1,,1.949e+2,4.454e-18,,9.701e-20,2.924e-16,1.501e-5,4.939e-1,1.252e-4,6.381e-15,,1.211e+0,,5.007e-2,2.838e-17,3.005e-17,,5.280e-19,7.383e-17
401.64,3.971e+2,7.234e-21,6.035e-10,2.084e-44,2.549e-35,2.665e-34,,2.465e-20,3.533e-22,,4.292e-15,2.892e-4,1.486e-29,1.060e-17,4.941e-20,4.347e-31,,5.760e-8,,1.247e-19,1.834e-16,1.088e-31,3.036e+1,1.865e-2,9.138e-27,1.042e-6,1.477e-19,1.138e+0,1.878e-23,5.345e+1,1.252e-20,7.133e-13,5.146e-20,6.497e-23,1.082e-13,2.960e-17,7.012e+0,1.468e-1,,7.628e+1,4.441e+1,,1.828e+2,1.729e-18,,9.698e-20,2.921e-16,2.711e-5,4.777e-1,7.117e-5,1.512e-14,,9.021e-1,,6.671e-2,2.835e-17,3.004e-17,,5.304e-19,7.386e-17
401.66,3.824e+2,7.236e-21,6.319e-10,2.087e-44,2.555e-35,2.657e-34,,2.476e-20,3.535e-22,,4.292e-15,3.644e-4,1.480e-29,1.060e-17,4.911e-20,4.306e-31,1.297e-20,5.179e-8,,1.243e-19,1.827e-16,1.823e-31,2.960e+1,2.463e-2,9.143e-27,7.264e-7,1.477e-19,1.181e+0,1.878e-23,5.273e+1,1.252e-20,5.938e-13,5.147e-20,6.498e-23,1.869e-13,2.954e-17,6.831e+0,1.833e-1,,7.126e+1,4.326e+1,,1.761e+2,9.146e-19,,9.697e-20,2.919e-16,3.996e-5,4.689e-1,4.855e-5,2.672e-14,,7.367e-1,,8.032e-2,2.833e-17,3.004e-17,,5.319e-19,7.388e-17
401.69,3.629e+2,7.238e-21,6.844e-10,2.092e-44,2.564e-35,2.646e-34,,2.493e-20,3.537e-22,,4.292e-15,5.110e-4,1.471e-29,1.060e-17,4.866e-20,4.245e-31,3.387e-20,4.379e-8,,1.238e-19,1.816e-16,3.919e-31,2.876e+1,3.706e-2,9.152e-27,4.190e-7,1.477e-19,1.237e+0,1.879e-23,5.177e+1,1.253e-20,4.469e-13,5.149e-20,6.499e-23,4.203e-13,2.943e-17,6.511e+0,2.538e-1,,6.400e+1,4.122e+1,,1.680e+2,3.487e-19,,9.694e-20,2.917e-16,7.090e-5,4.601e-1,2.711e-5,6.223e-14,,5.390e-1,,1.052e-1,2.830e-17,3.003e-17,,5.343e-19,7.392e-17
401.71,3.517e+2,7.239e-21,7.273e-10,2.096e-44,2.570e-35,2.639e-34,,2.503e-20,3.538e-22,,4.291e-15,6.364e-4,1.464e-29,1.060e-17,4.836e-20,4.204e-31,6.384e-20,3.894e-8,,1.235e-19,1.809e-16,6.490e-31,2.842e+1,4.837e-2,9.158e-27,2.886e-7,1.477e-19,1.269e+0,1.880e-23,5.122e+1,1.254e-20,3.677e-13,5.150e-20,6.500e-23,7.173e-13,2.936e-17,6.268e+0,3.133e-1,,5.940e+1,3.969e+1,,1.641e+2,1.822e-19,,9.692e-20,2.915e-16,1.033e-4,4.577e-1,1.827e-5,1.087e-13,,4.350e-1,,1.252e-1,2.828e-17,3.003e-17,,5.358e-19,7.394e-17
401.74,3.378e+2,7.241e-21,8.066e-10,2.100e-44,2.579e-35,2.627e-34,,2.520e-20,3.540e-22,,4.291e-15,8.767e-4,1.455e-29,1.060e-17,4.790e-20,4.142e-31,1.638e-19,3.239e-8,,1.230e-19,1.799e-16,1.371e-30,2.827e+1,7.150e-2,9.166e-27,1.635e-7,1.478e-19,1.307e+0,1.881e-23,5.063e+1,1.254e-20,2.719e-13,5.153e-20,6.502e-23,1.585e-12,2.926e-17,5.869e+0,4.263e-1,,5.290e+1,3.716e+1,,1.602e+2,1.832e-19,,9.690e-20,2.912e-16,1.801e-4,4.606e-1,1.002e-5,2.487e-13,,3.126e-1,,1.611e-1,2.825e-17,3.002e-17,,5.382e-19,7.397e-17
401.76,3.305e+2,7.242e-21,8.715e-10,2.104e-44,2.585e-35,2.620e-34,,2.531e-20,3.542e-22,,4.291e-15,1.079e-3,1.449e-29,1.060e-17,4.760e-20,4.102e-31,3.051e-19,2.851e-8,,1.227e-19,1.792e-16,2.243e-30,2.842e+1,9.223e-2,9.172e-27,1.113e-7,1.478e-19,1.326e+0,1.881e-23,5.040e+1,1.255e-20,2.210e-13,5.154e-20,6.503e-23,2.674e-12,2.919e-17,5.584e+0,5.204e-1,,4.889e+1,3.535e+1,,1.590e+2,1.838e-19,,9.688e-20,2.910e-16,2.593e-4,4.675e-1,6.674e-6,4.293e-13,,2.493e-1,,1.896e-1,2.823e-17,3.002e-17,,5.397e-19,7.400e-17
401.78,3.248e+2,7.243e-21,9.480e-10,2.107e-44,2.591e-35,2.612e-34,,2.542e-20,3.543e-22,,4.290e-15,1.322e-3,1.443e-29,1.060e-17,4.730e-20,4.061e-31,5.659e-19,2.500e-8,,1.224e-19,1.785e-16,3.654e-30,2.876e+1,1.184e-1,9.177e-27,7.541e-8,1.478e-19,1.338e+0,1.882e-23,5.034e+1,1.255e-20,1.788e-13,5.155e-20,6.504e-23,4.489e-12,2.912e-17,5.287e+0,6.323e-1,,4.515e+1,3.347e+1,,1.588e+2,1.844e-19,,9.686e-20,2.909e-16,3.716e-4,4.787e-1,4.424e-6,7.376e-13,,1.979e-1,,2.221e-1,2.821e-17,3.001e-17,,5.413e-19,7.402e-17
401.81,3.194e+2,7.245e-21,1.089e-9,2.112e-44,2.600e-35,2.601e-34,,2.558e-20,3.545e-22,,4.290e-15,1.777e-3,1.434e-29,1.060e-17,4.685e-20,3.999e-31,1.417e-18,2.040e-8,,1.219e-19,1.775e-16,7.531e-30,2.966e+1,1.708e-1,9.186e-27,4.167e-8,1.478e-19,1.346e+0,1.883e-23,5.058e+1,1.256e-20,1.290e-13,5.157e-20,6.505e-23,9.679e-12,2.902e-17,4.828e+0,8.399e-1,,4.011e+1,3.057e+1,,1.604e+2,1.853e-19,,9.684e-20,2.906e-16,6.319e-4,5.043e-1,2.366e-6,1.647e-12,,1.387e-1,,2.791e-1,2.818e-17,3.001e-17,,5.436e-19,7.405e-17
401.83,3.178e+2,7.247e-21,1.203e-9,2.115e-44,2.606e-35,2.593e-34,,2.569e-20,3.547e-22,,4.290e-15,2.151e-3,1.428e-29,1.060e-17,4.654e-20,3.958e-31,2.596e-18,1.776e-8,,1.215e-19,1.768e-16,1.212e-29,3.051e+1,2.167e-1,9.192e-27,2.790e-8,1.478e-19,1.343e+0,1.884e-23,5.097e+1,1.257e-20,1.031e-13,5.159e-20,6.506e-23,1.606e-11,2.895e-17,4.518e+0,1.009e+0,,3.713e+1,2.860e+1,,1.625e+2,1.860e-19,,9.682e-20,2.904e-16,8.951e-4,5.277e-1,1.550e-6,2.796e-12,,1.088e-1,,3.231e-1,2.816e-17,3.001e-17,,5.452e-19,7.408e-17
401.86,3.181e+2,7.249e-21,1.411e-9,2.120e-44,2.615e-35,2.582e-34,,2.585e-20,3.549e-22,,4.289e-15,2.840e-3,1.418e-29,1.060e-17,4.609e-20,3.897e-31,6.386e-18,1.438e-8,,1.210e-19,1.757e-16,2.455e-29,3.214e+1,3.070e-1,9.200e-27,1.516e-8,1.479e-19,1.329e+0,1.884e-23,5.191e+1,1.257e-20,7.306e-14,5.161e-20,6.507e-23,3.402e-11,2.885e-17,4.053e+0,1.318e+0,,3.328e+1,2.566e+1,,1.671e+2,1.869e-19,,9.680e-20,2.901e-16,1.496e-3,5.725e-1,8.142e-7,6.134e-12,,7.487e-2,,3.992e-1,2.813e-17,3.000e-17,,5.475e-19,7.411e-17
401.88,3.201e+2,7.250e-21,1.579e-9,2.123e-44,2.621e-35,2.575e-34,,2.596e-20,3.550e-22,,4.289e-15,3.398e-3,1.412e-29,1.060e-17,4.579e-20,3.856e-31,1.157e-17,1.249e-8,,1.207e-19,1.750e-16,3.906e-29,3.345e+1,3.849e-1,9.206e-27,1.005e-8,1.479e-19,1.311e+0,1.885e-23,5.277e+1,1.258e-20,5.775e-14,5.162e-20,6.508e-23,5.580e-11,2.878e-17,3.748e+0,1.567e+0,,3.112e+1,2.373e+1,,1.709e+2,1.875e-19,,9.678e-20,2.900e-16,2.094e-3,6.091e-1,5.270e-7,1.030e-11,,5.803e-2,,4.570e-1,2.811e-17,3.000e-17,,5.491e-19,7.413e-17
401.91,3.255e+2,7.252e-21,1.879e-9,2.128e-44,2.630e-35,2.563e-34,,2.613e-20,3.552e-22,,4.288e-15,4.408e-3,1.403e-29,1.060e-17,4.533e-20,3.794e-31,2.796e-17,1.013e-8,,1.202e-19,1.740e-16,7.772e-29,3.574e+1,5.358e-1,9.214e-27,5.408e-9,1.479e-19,1.276e+0,1.886e-23,5.440e+1,1.259e-20,4.025e-14,5.164e-20,6.509e-23,1.162e-10,2.868e-17,3.303e+0,2.013e+0,,2.850e+1,2.091e+1,,1.775e+2,1.884e-19,,9.675e-20,2.897e-16,3.437e-3,6.741e-1,2.719e-7,2.219e-11,,3.924e-2,,5.550e-1,2.808e-17,2.999e-17,,5.514e-19,7.417e-17
401.93,3.304e+2,7.253e-21,2.116e-9,2.131e-44,2.636e-35,2.556e-34,,2.624e-20,3.554e-22,,4.288e-15,5.212e-3,1.397e-29,1.060e-17,4.503e-20,3.753e-31,5.006e-17,8.851e-9,,1.199e-19,1.733e-16,1.222e-28,3.745e+1,6.640e-1,9.220e-27,3.602e-9,1.479e-19,1.246e+0,1.887e-23,5.569e+1,1.259e-20,3.148e-14,5.166e-20,6.510e-23,1.883e-10,2.861e-17,3.018e+0,2.367e+0,,2.717e+1,1.911e+1,,1.823e+2,1.891e-19,,9.674e-20,2.895e-16,4.755e-3,7.239e-1,1.739e-7,3.681e-11,,3.005e-2,,6.282e-1,2.806e-17,2.999e-17,,5.530e-19,7.419e-17
401.96,3.396e+2,7.255e-21,2.535e-9,2.136e-44,2.645e-35,2.545e-34,,2.640e-20,3.556e-22,,4.288e-15,6.642e-3,1.388e-29,1.060e-17,4.458e-20,3.692e-31,1.189e-16,7.320e-9,,1.194e-19,1.722e-16,2.389e-28,4.025e+1,9.080e-1,9.229e-27,2.054e-9,1.480e-19,1.194e+0,1.887e-23,5.788e+1,1.260e-20,2.167e-14,5.168e-20,6.512e-23,3.851e-10,2.851e-17,2.613e+0,2.993e+0,,2.578e+1,1.655e+1,,1.899e+2,1.900e-19,,9.671e-20,2.892e-16,7.670e-3,8.080e-1,8.814e-8,7.796e-11,,1.996e-2,,7.501e-1,2.803e-17,2.998e-17,,5.553e-19,7.422e-17
401.98,3.467e+2,7.257e-21,2.860e-9,2.139e-44,2.651e-35,2.537e-34,,2.651e-20,3.557e-22,,4.287e-15,7.761e-3,1.381e-29,1.060e-17,4.428e-20,3.651e-31,2.104e-16,6.528e-9,,1.190e-19,1.715e-16,3.714e-28,4.226e+1,1.112e+0,9.234e-27,1.538e-9,1.480e-19,1.156e+0,1.888e-23,5.948e+1,1.260e-20,1.688e-14,5.169e-20,6.513e-23,6.168e-10,2.844e-17,2.360e+0,3.483e+0,,2.525e+1,1.495e+1,,1.949e+2,1.906e-19,,9.670e-20,2.891e-16,1.049e-2,8.698e-1,5.570e-8,1.278e-10,,1.511e-2,,8.394e-1,2.801e-17,2.998e-17,,5.569e-19,7.425e-17
402.01,3.584e+2,7.259e-21,3.424e-9,2.144e-44,2.660e-35,2.526e-34,,2.667e-20,3.559e-22,,4.287e-15,9.718e-3,1.372e-29,1.060e-17,4.382e-20,3.590e-31,4.910e-16,5.636e-9,,1.185e-19,1.705e-16,7.133e-28,4.541e+1,1.494e+0,9.243e-27,1.310e-9,1.480e-19,1.093e+0,1.889e-23,6.203e+1,1.261e-20,1.171e-14,5.171e-20,6.514e-23,1.240e-9,2.834e-17,2.007e+0,4.339e+0,,2.501e+1,1.272e+1,,2.023e+2,1.915e-19,,9.667e-20,2.888e-16,1.662e-2,9.699e-1,2.773e-8,2.660e-10,,9.859e-3,,9.854e-1,2.798e-17,2.997e-17,,5.592e-19,7.428e-17
402.03,3.666e+2,7.260e-21,3.855e-9,2.148e-44,2.666e-35,2.518e-34,,2.678e-20,3.561e-22,,4.287e-15,1.122e-2,1.366e-29,1.060e-17,4.352e-20,3.549e-31,8.588e-16,5.213e-9,,1.182e-19,1.698e-16,1.096e-27,4.757e+1,1.809e+0,9.248e-27,1.483e-9,1.480e-19,1.049e+0,1.890e-23,6.378e+1,1.262e-20,9.334e-15,5.173e-20,6.515e-23,1.963e-9,2.827e-17,1.791e+0,4.999e+0,,2.522e+1,1.136e+1,,2.068e+2,1.922e-19,,9.665e-20,2.886e-16,2.246e-2,1.041e+0,1.731e-8,4.310e-10,,7.373e-3,,1.090e+0,2.796e-17,2.997e-17,,5.608e-19,7.430e-17
402.06,3.793e+2,7.262e-21,4.587e-9,2.153e-44,2.675e-35,2.507e-34,,2.695e-20,3.563e-22,,4.286e-15,1.380e-2,1.357e-29,1.060e-17,4.307e-20,3.487e-31,1.969e-15,4.798e-9,,1.177e-19,1.688e-16,2.068e-27,5.086e+1,2.387e+0,9.257e-27,2.307e-9,1.481e-19,9.823e-1,1.890e-23,6.643e+1,1.262e-20,7.060e-15,5.175e-20,6.516e-23,3.876e-9,2.817e-17,1.496e+0,6.139e+0,,2.605e+1,9.510e+0,,2.129e+2,1.931e-19,,9.663e-20,2.884e-16,3.497e-2,1.152e+0,8.466e-9,8.813e-10,,4.726e-3,,1.259e+0,2.793e-17,2.996e-17,,5.631e-19,7.434e-17
402.08,3.877e+2,7.263e-21,5.134e-9,2.156e-44,2.681e-35,2.499e-34,,2.706e-20,3.564e-22,,4.286e-15,1.576e-2,1.351e-29,1.060e-17,4.277e-20,3.446e-31,3.404e-15,4.646e-9,,1.174e-19,1.681e-16,3.140e-27,5.305e+1,2.856e+0,9.263e-27,3.376e-9,1.481e-19,9.386e-1,1.891e-23,6.817e+1,1.263e-20,6.293e-15,5.176e-20,6.517e-23,6.065e-9,2.810e-17,1.319e+0,7.008e+0,,2.692e+1,8.403e+0,,2.164e+2,1.937e-19,,9.661e-20,2.882e-16,4.670e-2,1.228e+0,5.223e-9,1.411e-9,,3.492e-3,,1.377e+0,2.791e-17,2.996e-17,,5.646e-19,7.436e-17
402.11,4.001e+2,7.265e-21,6.048e-9,2.161e-44,2.690e-35,2.488e-34,,2.722e-20,3.566e-22,,4.286e-15,1.904e-2,1.341e-29,1.060e-17,4.231e-20,3.385e-31,7.671e-15,4.572e-9,,1.169e-19,1.670e-16,5.822e-27,5.626e+1,3.704e+0,9.271e-27,6.222e-9,1.481e-19,8.761e-1,1.892e-23,7.064e+1,1.264e-20,6.200e-15,5.178e-20,6.518e-23,1.177e-8,2.799e-17,1.083e+0,8.495e+0,,2.865e+1,6.930e+0,,2.204e+2,1.946e-19,,9.659e-20,2.879e-16,7.145e-2,1.344e+0,2.509e-9,2.836e-9,,2.199e-3,,1.563e+0,2.788e-17,2.995e-17,,5.670e-19,7.439e-17
402.13,4.079e+2,7.267e-21,6.718e-9,2.164e-44,2.696e-35,2.481e-34,,2.733e-20,3.568e-22,,4.285e-15,2.148e-2,1.335e-29,1.060e-17,4.201e-20,3.344e-31,1.311e-14,4.608e-9,,1.165e-19,1.663e-16,8.736e-27,5.833e+1,4.378e+0,9.277e-27,9.415e-9,1.481e-19,8.379e-1,1.893e-23,7.217e+1,1.264e-20,6.880e-15,5.180e-20,6.519e-23,1.820e-8,2.793e-17,9.436e-1,9.619e+0,,3.008e+1,6.071e+0,,2.223e+2,1.953e-19,,9.657e-20,2.877e-16,9.430e-2,1.420e+0,1.530e-9,4.488e-9,,1.606e-3,,1.691e+0,2.786e-17,2.995e-17,,5.685e-19,7.441e-17
402.15,4.154e+2,7.268e-21,7.436e-9,2.167e-44,2.702e-35,2.473e-34,,2.744e-20,3.569e-22,,4.285e-15,2.411e-2,1.329e-29,1.060e-17,4.171e-20,3.303e-31,2.229e-14,4.700e-9,,1.162e-19,1.656e-16,1.305e-26,6.030e+1,5.152e+0,9.283e-27,1.423e-8,1.482e-19,8.036e-1,1.893e-23,7.357e+1,1.265e-20,8.244e-15,5.181e-20,6.520e-23,2.802e-8,2.786e-17,8.184e-1,1.086e+1,,3.169e+1,5.306e+0,,2.234e+2,1.959e-19,,9.655e-20,2.876e-16,1.239e-1,1.494e+0,9.280e-10,7.072e-9,,1.167e-3,,1.822e+0,2.784e-17,2.995e-17,,5.701e-19,7.444e-17
402.18,4.255e+2,7.270e-21,8.600e-9,2.172e-44,2.711e-35,2.462e-34,,2.760e-20,3.571e-22,,4.285e-15,2.842e-2,1.320e-29,1.060e-17,4.125e-20,3.241e-31,4.900e-14,4.922e-9,,1.157e-19,1.646e-16,2.361e-26,6.306e+1,6.518e+0,9.291e-27,2.627e-8,1.482e-19,7.612e-1,1.894e-23,7.538e+1,1.265e-20,1.189e-14,5.183e-20,6.522e-23,5.304e-8,2.776e-17,6.551e-1,1.296e+1,,3.442e+1,4.328e+0,,2.236e+2,1.968e-19,,9.653e-20,2.873e-16,1.849e-1,1.602e+0,4.347e-10,1.386e-8,,7.165e-4,,2.019e+0,2.781e-17,2.994e-17,,5.724e-19,7.447e-17
402.2,4.316e+2,7.271e-21,9.429e-9,2.175e-44,2.717e-35,2.454e-34,,2.771e-20,3.573e-22,,4.284e-15,3.153e-2,1.314e-29,1.060e-17,4.095e-20,3.200e-31,8.237e-14,5.113e-9,,1.154e-19,1.639e-16,3.485e-26,6.473e+1,7.579e+0,9.297e-27,3.932e-8,1.482e-19,7.406e-1,1.895e-23,7.636e+1,1.266e-20,1.572e-14,5.184e-20,6.523e-23,8.069e-8,2.769e-17,5.615e-1,1.453e+1,,3.642e+1,3.784e+0,,2.228e+2,1.974e-19,,9.651e-20,2.871e-16,2.401e-1,1.668e+0,2.606e-10,2.159e-8,,5.146e-4,,2.151e+0,2.779e-17,2.994e-17,,5.740e-19,7.449e-17
402.23,4.395e+2,7.273e-21,1.074e-8,2.180e-44,2.726e-35,2.443e-34,,2.788e-20,3.575e-22,,4.284e-15,3.652e-2,1.304e-29,1.060e-17,4.050e-20,3.139e-31,1.779e-13,5.442e-9,,1.149e-19,1.629e-16,6.195e-26,6.695e+1,9.421e+0,9.305e-27,7.139e-8,1.482e-19,7.234e-1,1.896e-23,7.747e+1,1.267e-20,2.441e-14,5.187e-20,6.524e-23,1.501e-7,2.758e-17,4.416e-1,1.719e+1,,3.964e+1,3.120e+0,,2.200e+2,1.984e-19,,9.649e-20,2.868e-16,3.520e-1,1.759e+0,1.199e-10,4.158e-8,,3.104e-4,,2.345e+0,2.776e-17,2.993e-17,,5.763e-19,7.453e-17
402.25,4.440e+2,7.275e-21,1.166e-8,2.183e-44,2.732e-35,2.436e-34,,2.799e-20,3.576e-22,,4.284e-15,4.004e-2,1.298e-29,1.060e-17,4.020e-20,3.098e-31,2.956e-13,5.680e-9,,1.146e-19,1.622e-16,9.037e-26,6.822e+1,1.083e+1,9.311e-27,1.056e-7,1.483e-19,7.226e-1,1.896e-23,7.795e+1,1.267e-20,3.285e-14,5.188e-20,6.525e-23,2.257e-7,2.752e-17,3.740e-1,1.917e+1,,4.189e+1,2.775e+0,,2.173e+2,1.990e-19,,9.647e-20,2.867e-16,4.517e-1,1.812e+0,7.103e-11,6.399e-8,,2.203e-4,,2.471e+0,2.774e-17,2.993e-17,,5.779e-19,7.455e-17
402.28,4.495e+2,7.277e-21,1.307e-8,2.188e-44,2.741e-35,2.424e-34,,2.815e-20,3.578e-22,,4.283e-15,4.557e-2,1.289e-29,1.060e-17,3.974e-20,3.037e-31,6.275e-13,6.048e-9,,1.141e-19,1.611e-16,1.579e-25,6.979e+1,1.322e+1,9.320e-27,1.885e-7,1.483e-19,7.403e-1,1.897e-23,7.827e+1,1.268e-20,5.119e-14,5.190e-20,6.526e-23,4.125e-7,2.741e-17,2.890e-1,2.252e+1,,4.540e+1,2.397e+0,,2.117e+2,1.999e-19,,9.644e-20,2.864e-16,6.509e-1,1.879e+0,3.210e-11,1.211e-7,,1.305e-4,,2.649e+0,2.771e-17,2.992e-17,,5.802e-19,7.458e-17
402.3,4.526e+2,7.278e-21,1.403e-8,2.192e-44,2.747e-35,2.417e-34,,2.826e-20,3.580e-22,,4.283e-15,4.937e-2,1.283e-29,1.060e-17,3.944e-20,2.996e-31,1.030e-12,6.291e-9,,1.137e-19,1.604e-16,2.276e-25,7.061e+1,1.502e+1,9.325e-27,2.757e-7,1.483e-19,7.663e-1,1.898e-23,7.822e+1,1.268e-20,6.854e-14,5.191e-20,6.527e-23,6.131e-7,2.734e-17,2.419e-1,2.504e+1,,4.778e+1,2.236e+0,,2.071e+2,2.005e-19,,9.643e-20,2.862e-16,8.254e-1,1.914e+0,1.879e-11,1.842e-7,,9.153e-5,,2.760e+0,2.769e-17,2.992e-17,,5.818e-19,7.461e-17
402.33,4.563e+2,7.280e-21,1.548e-8,2.197e-44,2.756e-35,2.406e-34,,2.842e-20,3.582e-22,,4.282e-15,5.520e-2,1.274e-29,1.060e-17,3.899e-20,2.934e-31,2.149e-12,6.640e-9,,1.132e-19,1.594e-16,3.906e-25,7.147e+1,1.802e+1,9.334e-27,4.834e-7,1.483e-19,8.296e-1,1.899e-23,7.774e+1,1.269e-20,1.054e-13,5.194e-20,6.528e-23,1.101e-6,2.724e-17,1.836e-1,2.928e+1,,5.139e+1,2.128e+0,,1.992e+2,2.015e-19,,9.640e-20,2.860e-16,1.168e+0,1.950e+0,8.340e-12,3.425e-7,,5.327e-5,,2.911e+0,2.766e-17,2.991e-17,,5.841e-19,7.464e-17
402.35,4.583e+2,7.281e-21,1.644e-8,2.200e-44,2.762e-35,2.398e-34,,2.853e-20,3.583e-22,,4.282e-15,5.911e-2,1.268e-29,1.060e-17,3.869e-20,2.893e-31,3.488e-12,6.854e-9,,1.129e-19,1.587e-16,5.567e-25,7.181e+1,2.022e+1,9.339e-27,6.987e-7,1.484e-19,8.899e-1,1.899e-23,7.718e+1,1.270e-20,1.397e-13,5.195e-20,6.529e-23,1.617e-6,2.717e-17,1.519e-1,3.248e+1,,5.380e+1,2.147e+0,,1.932e+2,2.021e-19,,9.638e-20,2.858e-16,1.464e+0,1.964e+0,4.824e-12,5.149e-7,,3.691e-5,,3.000e+0,2.764e-17,2.991e-17,,5.857e-19,7.466e-17
402.38,4.611e+2,7.283e-21,1.784e-8,2.205e-44,2.771e-35,2.387e-34,,2.870e-20,3.585e-22,,4.282e-15,6.492e-2,1.258e-29,1.060e-17,3.823e-20,2.832e-31,7.149e-12,7.138e-9,,1.124e-19,1.577e-16,9.387e-25,7.198e+1,2.384e+1,9.348e-27,1.204e-6,1.484e-19,1.011e+0,1.900e-23,7.599e+1,1.270e-20,2.113e-13,5.197e-20,6.531e-23,2.854e-6,2.707e-17,1.133e-1,3.789e+1,,5.735e+1,2.316e+0,,1.834e+2,2.030e-19,,9.636e-20,2.855e-16,2.037e+0,1.966e+0,2.103e-12,9.409e-7,,2.110e-5,,3.112e+0,2.761e-17,2.991e-17,,5.880e-19,7.470e-17
402.4,4.629e+2,7.285e-21,1.873e-8,2.208e-44,2.777e-35,2.379e-34,,2.881e-20,3.587e-22,,4.281e-15,6.871e-2,1.252e-29,1.060e-17,3.793e-20,2.791e-31,1.147e-11,7.296e-9,,1.121e-19,1.570e-16,1.322e-24,7.188e+1,2.644e+1,9.354e-27,1.720e-6,1.484e-19,1.114e+0,1.901e-23,7.501e+1,1.271e-20,2.768e-13,5.198e-20,6.532e-23,4.143e-6,2.700e-17,9.269e-2,4.198e+1,,5.966e+1,2.526e+0,,1.765e+2,2.036e-19,,9.634e-20,2.853e-16,2.523e+0,1.957e+0,1.202e-12,1.398e-6,,1.445e-5,,3.171e+0,2.759e-17,2.990e-17,,5.896e-19,7.472e-17
402.43,4.661e+2,7.287e-21,1.998e-8,2.213e-44,2.786e-35,2.368e-34,,2.897e-20,3.589e-22,,4.281e-15,7.414e-2,1.243e-29,1.060e-17,3.748e-20,2.729e-31,2.309e-11,7.479e-9,,1.116e-19,1.559e-16,2.191e-24,7.144e+1,3.062e+1,9.362e-27,2.911e-6,1.484e-19,1.306e+0,1.902e-23,7.328e+1,1.272e-20,4.115e-13,5.200e-20,6.533e-23,7.183e-6,2.690e-17,6.804e-2,4.894e+1,,6.302e+1,3.003e+0,,1.657e+2,2.046e-19,,9.632e-20,2.851e-16,3.448e+0,1.926e+0,5.147e-13,2.510e-6,,8.116e-6,,3.236e+0,2.756e-17,2.990e-17,,5.919e-19,7.475e-17
402.45,4.687e+2,7.288e-21,2.074e-8,2.216e-44,2.792e-35,2.360e-34,,2.908e-20,3.590e-22,,4.281e-15,7.754e-2,1.237e-29,1.059e-17,3.718e-20,2.688e-31,3.661e-11,7.562e-9,,1.112e-19,1.552e-16,3.049e-24,7.098e+1,3.357e+1,9.368e-27,4.110e-6,1.485e-19,1.462e+0,1.902e-23,7.199e+1,1.272e-20,5.328e-13,5.202e-20,6.534e-23,1.031e-5,2.683e-17,5.512e-2,5.420e+1,,6.518e+1,3.437e+0,,1.584e+2,2.052e-19,,9.630e-20,2.849e-16,4.220e+0,1.894e+0,2.907e-13,3.686e-6,,5.492e-6,,3.262e+0,2.754e-17,2.989e-17,,5.935e-19,7.478e-17
402.48,4.739e+2,7.290e-21,2.175e-8,2.221e-44,2.801e-35,2.349e-34,,2.924e-20,3.592e-22,,4.280e-15,8.220e-2,1.228e-29,1.059e-17,3.672e-20,2.627e-31,7.245e-11,7.623e-9,,1.107e-19,1.542e-16,4.964e-24,7.007e+1,3.820e+1,9.376e-27,6.836e-6,1.485e-19,1.740e+0,1.903e-23,6.993e+1,1.273e-20,7.783e-13,5.204e-20,6.535e-23,1.756e-5,2.673e-17,4.000e-2,6.316e+1,,6.825e+1,4.281e+0,,1.474e+2,2.061e-19,,9.627e-20,2.846e-16,5.666e+0,1.831e+0,1.223e-13,6.502e-6,,3.029e-6,,3.275e+0,2.751e-17,2.989e-17,,5.958e-19,7.481e-17
402.5,4.785e+2,7.291e-21,2.232e-8,2.224e-44,2.807e-35,2.342e-34,,2.935e-20,3.594e-22,,4.280e-15,8.497e-2,1.221e-29,1.059e-17,3.642e-20,2.586e-31,1.135e-10,7.620e-9,,1.104e-19,1.535e-16,6.830e-24,6.935e+1,4.139e+1,9.382e-27,9.539e-6,1.485e-19,1.958e+0,1.904e-23,6.850e+1,1.273e-20,9.960e-13,5.205e-20,6.536e-23,2.490e-5,2.666e-17,3.226e-2,6.994e+1,,7.019e+1,4.987e+0,,1.401e+2,2.067e-19,,9.626e-20,2.844e-16,6.856e+0,1.780e+0,6.823e-14,9.438e-6,,2.026e-6,,3.266e+0,2.749e-17,2.988e-17,,5.974e-19,7.483e-17
402.53,4.875e+2,7.293e-21,2.302e-8,2.229e-44,2.816e-35,2.330e-34,,2.952e-20,3.596e-22,,4.279e-15,8.850e-2,1.212e-29,1.059e-17,3.597e-20,2.525e-31,2.208e-10,7.550e-9,,1.099e-19,1.524e-16,1.093e-23,6.814e+1,4.626e+1,9.391e-27,1.559e-5,1.485e-19,2.337e+0,1.905e-23,6.633e+1,1.274e-20,1.429e-12,5.207e-20,6.537e-23,4.167e-5,2.656e-17,2.349e-2,8.145e+1,,7.293e+1,6.286e+0,,1.297e+2,2.077e-19,,9.623e-20,2.842e-16,9.044e+0,1.690e+0,2.819e-14,1.636e-5,,1.098e-6,,3.225e+0,2.746e-17,2.988e-17,,5.997e-19,7.487e-17
402.55,4.952e+2,7.294e-21,2.336e-8,2.232e-44,2.822e-35,2.323e-34,,2.963e-20,3.597e-22,,4.279e-15,9.040e-2,1.206e-29,1.059e-17,3.566e-20,2.484e-31,3.419e-10,7.461e-9,,1.096e-19,1.518e-16,1.486e-23,6.729e+1,4.954e+1,9.396e-27,2.150e-5,1.486e-19,2.626e+0,1.905e-23,6.491e+1,1.275e-20,1.808e-12,5.209e-20,6.538e-23,5.841e-5,2.649e-17,1.921e-2,9.012e+1,,7.463e+1,7.331e+0,,1.230e+2,2.083e-19,,9.622e-20,2.840e-16,1.081e+1,1.624e+0,1.554e-14,2.347e-5,,7.253e-7,,3.181e+0,2.744e-17,2.987e-17,,6.013e-19,7.489e-17
402.57,5.045e+2,7.296e-21,2.359e-8,2.236e-44,2.828e-35,2.315e-34,,2.973e-20,3.599e-22,,4.279e-15,9.190e-2,1.200e-29,1.059e-17,3.536e-20,2.443e-31,5.271e-10,7.338e-9,,1.092e-19,1.511e-16,2.011e-23,6.641e+1,5.279e+1,9.402e-27,2.952e-5,1.486e-19,2.947e+0,1.906e-23,6.353e+1,1.275e-20,2.276e-12,5.210e-20,6.539e-23,8.148e-5,2.642e-17,1.597e-2,9.965e+1,,7.623e+1,8.533e+0,,1.167e+2,2.089e-19,,9.620e-20,2.838e-16,1.287e+1,1.552e+0,8.531e-15,3.351e-5,,4.769e-7,,3.124e+0,2.742e-17,2.987e-17,,6.028e-19,7.491e-17
402.6,5.218e+2,7.298e-21,2.375e-8,2.240e-44,2.837e-35,2.304e-34,,2.990e-20,3.601e-22,,4.278e-15,9.338e-2,1.191e-29,1.059e-17,3.491e-20,2.381e-31,1.000e-9,7.094e-9,,1.087e-19,1.500e-16,3.138e-23,6.512e+1,5.757e+1,9.410e-27,4.707e-5,1.486e-19,3.490e+0,1.907e-23,6.158e+1,1.276e-20,3.187e-12,5.212e-20,6.541e-23,1.331e-4,2.632e-17,1.279e-2,1.157e+2,,7.844e+1,1.066e+1,,1.081e+2,2.098e-19,,9.617e-20,2.835e-16,1.656e+1,1.438e+0,3.437e-15,5.667e-5,,2.521e-7,,3.016e+0,2.739e-17,2.986e-17,,6.052e-19,7.495e-17
402.62,5.357e+2,7.299e-21,2.371e-8,2.244e-44,2.843e-35,2.297e-34,,3.001e-20,3.602e-22,,4.278e-15,9.382e-2,1.184e-29,1.059e-17,3.461e-20,2.340e-31,1.524e-9,6.896e-9,,1.084e-19,1.493e-16,4.197e-23,6.429e+1,6.064e+1,9.416e-27,6.386e-5,1.486e-19,3.894e+0,1.907e-23,6.040e+1,1.276e-20,3.965e-12,5.214e-20,6.542e-23,1.835e-4,2.625e-17,1.165e-2,1.276e+2,,7.978e+1,1.231e+1,,1.029e+2,2.105e-19,,9.616e-20,2.834e-16,1.948e+1,1.359e+0,1.864e-15,7.997e-5,,1.638e-7,,2.931e+0,2.737e-17,2.986e-17,,6.067e-19,7.497e-17
402.65,5.606e+2,7.301e-21,2.346e-8,2.249e-44,2.852e-35,2.285e-34,,3.017e-20,3.604e-22,,4.278e-15,9.365e-2,1.175e-29,1.059e-17,3.415e-20,2.279e-31,2.840e-9,6.552e-9,,1.079e-19,1.483e-16,6.436e-23,6.313e+1,6.497e+1,9.425e-27,1.000e-4,1.487e-19,4.564e+0,1.908e-23,5.881e+1,1.277e-20,5.454e-12,5.216e-20,6.543e-23,2.944e-4,2.615e-17,1.128e-2,1.474e+2,,8.161e+1,1.518e+1,,9.616e+1,2.114e-19,,9.613e-20,2.831e-16,2.463e+1,1.237e+0,7.376e-16,1.329e-4,,8.503e-8,,2.784e+0,2.734e-17,2.986e-17,,6.091e-19,7.500e-17
402.67,5.800e+2,7.302e-21,2.316e-8,2.252e-44,2.858e-35,2.278e-34,,3.028e-20,3.606e-22,,4.277e-15,9.299e-2,1.169e-29,1.059e-17,3.385e-20,2.238e-31,4.278e-9,6.295e-9,,1.076e-19,1.476e-16,8.509e-23,6.243e+1,6.762e+1,9.430e-27,1.342e-4,1.487e-19,5.053e+0,1.909e-23,5.790e+1,1.278e-20,6.707e-12,5.217e-20,6.544e-23,4.012e-4,2.608e-17,1.190e-2,1.620e+2,,8.271e+1,1.737e+1,,9.233e+1,2.120e-19,,9.611e-20,2.829e-16,2.864e+1,1.155e+0,3.952e-16,1.854e-4,,5.460e-8,,2.676e+0,2.732e-17,2.985e-17,,6.106e-19,7.503e-17
402.7,6.134e+2,7.304e-21,2.253e-8,2.257e-44,2.867e-35,2.266e-34,,3.045e-20,3.608e-22,,4.277e-15,9.120e-2,1.160e-29,1.059e-17,3.340e-20,2.177e-31,7.836e-9,5.878e-9,,1.071e-19,1.465e-16,1.282e-22,6.153e+1,7.118e+1,9.439e-27,2.065e-4,1.487e-19,5.852e+0,1.910e-23,5.678e+1,1.278e-20,9.065e-12,5.219e-20,6.545e-23,6.326e-4,2.597e-17,1.417e-2,1.859e+2,,8.416e+1,2.110e+1,,8.766e+1,2.129e-19,,9.609e-20,2.827e-16,3.557e+1,1.033e+0,1.536e-16,3.027e-4,,2.784e-8,,2.501e+0,2.729e-17,2.985e-17,,6.130e-19,7.506e-17
402.72,6.385e+2,7.306e-21,2.198e-8,2.260e-44,2.873e-35,2.259e-34,,3.055e-20,3.609e-22,,4.277e-15,8.949e-2,1.154e-29,1.059e-17,3.310e-20,2.136e-31,1.166e-8,5.583e-9,,1.068e-19,1.459e-16,1.675e-22,6.103e+1,7.322e+1,9.445e-27,2.737e-4,1.487e-19,6.426e+0,1.910e-23,5.618e+1,1.279e-20,1.102e-11,5.221e-20,6.546e-23,8.520e-4,2.591e-17,1.667e-2,2.032e+2,,8.500e+1,2.390e+1,,8.526e+1,2.136e-19,,9.607e-20,2.825e-16,4.087e+1,9.535e-1,8.133e-17,4.172e-4,,1.767e-8,,2.378e+0,2.727e-17,2.984e-17,,1.160e-18,7.508e-17
402.75,6.805e+2,7.308e-21,2.101e-8,2.265e-44,2.882e-35,2.248e-34,,3.072e-20,3.612e-22,,4.276e-15,8.623e-2,1.144e-29,1.059e-17,3.264e-20,2.074e-31,2.099e-8,5.125e-9,,1.063e-19,1.448e-16,2.480e-22,6.043e+1,7.573e+1,9.453e-27,4.140e-4,1.488e-19,7.346e+0,1.911e-23,5.552e+1,1.280e-20,1.463e-11,5.223e-20,6.547e-23,1.320e-3,2.580e-17,2.212e-2,2.311e+2,,8.606e+1,2.860e+1,,8.273e+1,2.145e-19,,9.605e-20,2.822e-16,4.989e+1,8.377e-1,3.105e-17,6.694e-4,,8.849e-9,,2.187e+0,2.724e-17,2.984e-17,,2.992e-18,7.512e-17
402.77,7.111e+2,7.309e-21,2.027e-8,2.268e-44,2.887e-35,2.240e-34,,3.083e-20,3.613e-22,,4.276e-15,8.362e-2,1.138e-29,1.059e-17,3.234e-20,2.033e-31,3.089e-8,4.814e-9,,1.059e-19,1.441e-16,3.202e-22,6.013e+1,7.699e+1,9.459e-27,5.424e-4,1.488e-19,7.995e+0,1.912e-23,5.521e+1,1.280e-20,1.757e-11,5.224e-20,6.548e-23,1.757e-3,2.573e-17,2.707e-2,2.508e+2,,8.663e+1,3.206e+1,,8.173e+1,2.151e-19,,9.603e-20,2.820e-16,5.664e+1,7.640e-1,3.088e-17,9.120e-4,,5.549e-9,,2.058e+0,2.722e-17,2.983e-17,,5.597e-18,7.514e-17
402.8,7.609e+2,7.311e-21,1.905e-8,2.273e-44,2.896e-35,2.229e-34,,3.099e-20,3.615e-22,,4.276e-15,7.916e-2,1.129e-29,1.059e-17,3.189e-20,1.972e-31,5.463e-8,4.348e-9,,1.054e-19,1.431e-16,4.658e-22,5.981e+1,7.822e+1,9.467e-27,8.060e-4,1.488e-19,9.017e+0,1.913e-23,5.494e+1,1.281e-20,2.293e-11,5.226e-20,6.550e-23,2.675e-3,2.563e-17,3.693e-2,2.821e+2,,8.727e+1,3.776e+1,,8.118e+1,2.160e-19,,9.601e-20,2.818e-16,6.793e+1,6.595e-1,3.061e-17,1.438e-3,,2.730e-9,,1.863e+0,2.719e-17,2.983e-17,,1.419e-17,7.517e-17
402.82,7.962e+2,7.312e-21,1.817e-8,2.276e-44,2.902e-35,2.221e-34,,3.110e-20,3.616e-22,,4.275e-15,7.587e-2,1.123e-29,1.059e-17,3.159e-20,1.931e-31,7.944e-8,4.043e-9,,1.051e-19,1.424e-16,5.945e-22,5.966e+1,7.859e+1,9.473e-27,1.044e-3,1.488e-19,9.725e+0,1.913e-23,5.486e+1,1.282e-20,2.722e-11,5.228e-20,6.551e-23,3.519e-3,2.556e-17,4.542e-2,3.038e+2,,8.755e+1,4.190e+1,,8.140e+1,2.167e-19,,9.599e-20,2.816e-16,7.623e+1,5.943e-1,3.043e-17,1.936e-3,,1.692e-9,,1.733e+0,2.717e-17,2.982e-17,,2.623e-17,7.520e-17
402.85,8.518e+2,7.314e-21,1.678e-8,2.281e-44,2.911e-35,2.210e-34,,3.127e-20,3.619e-22,,4.275e-15,7.055e-2,1.114e-29,1.059e-17,3.113e-20,1.869e-31,1.381e-7,3.602e-9,,1.046e-19,1.413e-16,8.498e-22,5.951e+1,7.845e+1,9.482e-27,1.524e-3,1.489e-19,1.082e+1,1.914e-23,5.484e+1,1.282e-20,3.490e-11,5.230e-20,6.552e-23,5.263e-3,2.546e-17,6.170e-2,3.374e+2,,8.774e+1,4.859e+1,,8.250e+1,2.176e-19,,9.596e-20,2.813e-16,8.982e+1,5.040e-1,3.016e-17,2.999e-3,,8.176e-10,,1.544e+0,2.714e-17,2.982e-17,,6.536e-17,7.523e-17
402.87,8.903e+2,7.316e-21,1.582e-8,4.324e-44,2.917e-35,2.203e-34,,3.137e-20,3.620e-22,,4.275e-15,6.683e-2,1.108e-29,1.059e-17,3.083e-20,1.828e-31,1.984e-7,3.323e-9,,1.043e-19,1.406e-16,1.072e-21,5.944e+1,7.790e+1,9.487e-27,1.950e-3,1.489e-19,1.156e+1,1.915e-23,5.486e+1,1.283e-20,4.094e-11,5.231e-20,6.553e-23,6.844e-3,2.539e-17,7.536e-2,3.601e+2,,8.771e+1,5.336e+1,,8.368e+1,2.182e-19,,9.595e-20,2.811e-16,9.961e+1,4.489e-1,2.998e-17,3.991e-3,,5.006e-10,,1.422e+0,2.712e-17,2.982e-17,,1.194e-16,7.525e-17
402.9,9.491e+2,7.318e-21,1.436e-8,1.119e-43,2.926e-35,2.191e-34,,3.154e-20,3.622e-22,,4.274e-15,6.106e-2,1.098e-29,1.059e-17,3.038e-20,1.767e-31,3.389e-7,2.934e-9,,1.038e-19,1.396e-16,1.505e-21,5.931e+1,7.640e+1,9.496e-27,2.798e-3,1.489e-19,1.268e+1,1.916e-23,5.491e+1,1.284e-20,5.157e-11,5.233e-20,6.554e-23,1.006e-2,2.529e-17,1.010e-1,3.944e+2,,8.740e+1,6.094e+1,,8.597e+1,2.192e-19,,9.592e-20,2.809e-16,1.153e+2,3.740e-1,2.971e-17,6.074e-3,,2.377e-10,,1.246e+0,2.709e-17,2.981e-17,,2.924e-16,7.529e-17
402.92,9.885e+2,7.319e-21,1.338e-8,2.096e-43,2.932e-35,2.184e-34,,3.165e-20,3.624e-22,,4.274e-15,5.715e-2,1.092e-29,1.059e-17,3.007e-20,1.726e-31,4.813e-7,2.700e-9,,1.034e-19,1.389e-16,1.877e-21,5.919e+1,7.497e+1,9.501e-27,3.538e-3,1.489e-19,1.343e+1,1.916e-23,5.491e+1,1.284e-20,5.980e-11,5.234e-20,6.555e-23,1.293e-2,2.522e-17,1.220e-1,4.169e+2,,8.701e+1,6.624e+1,,8.776e+1,2.198e-19,,9.590e-20,2.807e-16,1.264e+2,3.292e-1,2.953e-17,7.990e-3,,1.438e-10,,1.135e+0,2.707e-17,2.981e-17,,5.281e-16,7.531e-17
402.94,1.028e+3,7.320e-21,1.242e-8,3.909e-43,2.938e-35,2.176e-34,,3.176e-20,3.625e-22,,4.274e-15,5.325e-2,1.086e-29,1.059e-17,2.977e-20,1.685e-31,6.805e-7,2.488e-9,,1.031e-19,1.382e-16,2.329e-21,5.902e+1,7.322e+1,9.507e-27,4.454e-3,1.490e-19,1.417e+1,1.917e-23,5.487e+1,1.285e-20,6.902e-11,5.236e-20,6.556e-23,1.653e-2,2.515e-17,1.469e-1,4.390e+2,,8.648e+1,7.171e+1,,8.969e+1,2.204e-19,,9.589e-20,2.805e-16,1.379e+2,2.884e-1,2.935e-17,1.046e-2,,8.658e-11,,1.030e+0,2.705e-17,2.980e-17,,9.494e-16,7.533e-17
402.97,1.085e+3,7.322e-21,1.100e-8,9.870e-43,2.947e-35,2.165e-34,,3.192e-20,3.627e-22,,4.273e-15,4.746e-2,1.077e-29,1.059e-17,2.932e-20,1.624e-31,1.134e-6,2.218e-9,,1.026e-19,1.372e-16,3.191e-21,5.863e+1,7.006e+1,9.516e-27,6.235e-3,1.490e-19,1.525e+1,1.918e-23,5.467e+1,1.285e-20,8.482e-11,5.238e-20,6.557e-23,2.371e-2,2.505e-17,1.922e-1,4.707e+2,,8.540e+1,8.016e+1,,9.272e+1,2.213e-19,,9.586e-20,2.802e-16,1.557e+2,2.344e-1,2.909e-17,1.554e-2,,4.009e-11,,8.830e-1,2.702e-17,2.980e-17,,2.269e-15,7.536e-17
402.99,1.121e+3,7.324e-21,1.009e-8,1.820e-42,2.953e-35,2.158e-34,,3.203e-20,3.628e-22,,4.273e-15,4.370e-2,1.071e-29,1.059e-17,2.902e-20,1.583e-31,1.585e-6,2.075e-9,,1.023e-19,1.365e-16,3.913e-21,5.825e+1,6.762e+1,9.521e-27,7.757e-3,1.490e-19,1.594e+1,1.918e-23,5.442e+1,1.286e-20,9.674e-11,5.239e-20,6.558e-23,2.997e-2,2.498e-17,2.287e-1,4.906e+2,,8.449e+1,8.590e+1,,9.473e+1,2.219e-19,,9.584e-20,2.801e-16,1.679e+2,2.029e-1,2.891e-17,2.010e-2,,2.385e-11,,7.925e-1,2.700e-17,2.979e-17,,4.031e-15,7.539e-17
403.02,1.172e+3,7.326e-21,8.786e-9,4.514e-42,2.962e-35,2.146e-34,,8.339e-20,3.631e-22,,4.272e-15,3.827e-2,1.061e-29,1.059e-17,2.856e-20,1.521e-31,2.595e-6,1.924e-9,,1.018e-19,1.354e-16,5.268e-21,5.746e+1,6.357e+1,9.530e-27,1.067e-2,1.490e-19,1.693e+1,1.919e-23,5.384e+1,1.287e-20,1.168e-10,5.241e-20,6.560e-23,4.223e-2,2.488e-17,2.941e-1,5.177e+2,,8.284e+1,9.458e+1,,9.762e+1,2.229e-19,,9.582e-20,2.798e-16,1.863e+2,1.620e-1,2.864e-17,2.933e-2,,1.085e-11,,6.685e-1,2.697e-17,2.979e-17,,9.465e-15,7.542e-17
403.04,1.203e+3,7.327e-21,7.965e-9,8.226e-42,2.968e-35,2.139e-34,,1.569e-19,3.632e-22,,4.272e-15,3.482e-2,1.055e-29,1.059e-17,2.826e-20,1.480e-31,3.584e-6,1.871e-9,,1.014e-19,1.347e-16,6.385e-21,5.678e+1,6.064e+1,9.536e-27,1.312e-2,1.490e-19,1.754e+1,1.920e-23,5.328e+1,1.287e-20,1.317e-10,5.243e-20,6.561e-23,5.276e-2,2.481e-17,3.458e-1,5.337e+2,,8.155e+1,1.003e+2,,9.936e+1,2.235e-19,,9.580e-20,2.796e-16,1.986e+2,1.387e-1,2.846e-17,3.751e-2,,6.379e-12,,5.937e-1,2.695e-17,2.978e-17,,1.662e-14,7.544e-17
403.07,1.244e+3,7.329e-21,6.817e-9,2.006e-41,2.977e-35,2.127e-34,,4.015e-19,3.634e-22,,4.272e-15,2.995e-2,1.046e-29,1.059e-17,2.781e-20,1.419e-31,5.768e-6,1.872e-9,,1.009e-19,1.337e-16,8.447e-21,5.549e+1,5.600e+1,9.544e-27,1.773e-2,1.491e-19,1.837e+1,1.921e-23,5.219e+1,1.288e-20,1.562e-10,5.245e-20,6.562e-23,7.304e-2,2.471e-17,4.370e-1,5.540e+2,,7.936e+1,1.088e+2,,1.016e+2,2.244e-19,,9.578e-20,2.794e-16,2.165e+2,1.088e-1,2.819e-17,5.378e-2,,2.850e-12,,4.929e-1,2.692e-17,2.978e-17,,3.836e-14,7.548e-17
403.09,1.266e+3,7.330e-21,6.110e-9,3.612e-41,2.983e-35,2.120e-34,,7.466e-19,3.636e-22,,4.271e-15,2.694e-2,1.040e-29,1.059e-17,2.751e-20,1.378e-31,7.874e-6,1.934e-9,,1.006e-19,1.330e-16,1.012e-20,5.444e+1,5.279e+1,9.550e-27,2.155e-2,1.491e-19,1.887e+1,1.921e-23,5.127e+1,1.288e-20,1.741e-10,5.246e-20,6.563e-23,9.020e-2,2.464e-17,5.079e-1,5.649e+2,,7.774e+1,1.143e+2,,1.028e+2,2.250e-19,,9.576e-20,2.792e-16,2.280e+2,9.201e-2,2.801e-17,6.799e-2,,1.656e-12,,4.331e-1,2.690e-17,2.978e-17,,6.659e-14,7.550e-17
403.12,1.293e+3,7.332e-21,5.139e-9,8.655e-41,2.992e-35,2.109e-34,,1.877e-18,3.638e-22,,4.271e-15,2.277e-2,1.031e-29,1.059e-17,2.705e-20,1.316e-31,1.245e-5,2.136e-9,,1.001e-19,1.320e-16,1.315e-20,5.260e+1,4.790e+1,9.558e-27,2.862e-2,1.491e-19,1.950e+1,1.922e-23,4.962e+1,1.289e-20,2.029e-10,5.248e-20,6.564e-23,1.227e-1,2.454e-17,6.307e-1,5.767e+2,,7.509e+1,1.222e+2,,1.040e+2,2.260e-19,,9.574e-20,2.789e-16,2.442e+2,7.097e-2,2.774e-17,9.577e-2,,7.268e-13,,3.539e-1,2.687e-17,2.977e-17,,1.510e-13,7.553e-17
403.14,1.306e+3,7.334e-21,4.553e-9,1.541e-40,2.998e-35,2.101e-34,,3.451e-18,3.639e-22,,4.271e-15,2.023e-2,1.024e-29,1.059e-17,2.675e-20,1.275e-31,1.680e-5,2.352e-9,,9.979e-20,1.313e-16,1.557e-20,5.119e+1,4.463e+1,9.564e-27,3.437e-2,1.491e-19,1.985e+1,1.923e-23,4.833e+1,1.290e-20,2.234e-10,5.250e-20,6.565e-23,1.498e-1,2.447e-17,7.243e-1,5.814e+2,,7.321e+1,1.271e+2,,1.044e+2,2.266e-19,,9.572e-20,2.787e-16,2.542e+2,5.936e-2,2.757e-17,1.197e-1,,4.173e-13,,3.076e-1,2.685e-17,2.977e-17,,2.591e-13,7.556e-17
403.17,1.316e+3,7.336e-21,3.764e-9,3.628e-40,3.007e-35,2.090e-34,,8.527e-18,3.641e-22,,4.270e-15,1.680e-2,1.015e-29,1.059e-17,2.630e-20,1.214e-31,2.610e-5,2.821e-9,,9.929e-20,1.302e-16,1.989e-20,4.881e+1,3.978e+1,9.572e-27,4.485e-2,1.492e-19,2.025e+1,1.924e-23,4.614e+1,1.290e-20,2.559e-10,5.252e-20,6.566e-23,2.002e-1,2.437e-17,8.838e-1,5.836e+2,,7.023e+1,1.338e+2,,1.043e+2,2.275e-19,,9.569e-20,2.785e-16,2.675e+2,4.508e-2,2.730e-17,1.656e-1,,1.799e-13,,2.474e-1,2.682e-17,2.976e-17,,5.773e-13,7.559e-17
403.19,1.317e+3,7.337e-21,3.296e-9,6.384e-40,3.013e-35,2.082e-34,,1.550e-17,3.643e-22,,4.270e-15,1.476e-2,1.009e-29,1.059e-17,2.599e-20,1.173e-31,3.481e-5,3.244e-9,,9.896e-20,1.295e-16,2.327e-20,4.707e+1,3.663e+1,9.578e-27,5.324e-2,1.492e-19,2.043e+1,1.924e-23,4.452e+1,1.291e-20,2.785e-10,5.253e-20,6.567e-23,2.415e-1,2.430e-17,1.003e+0,5.817e+2,,6.819e+1,1.379e+2,,1.039e+2,2.281e-19,,9.568e-20,2.783e-16,2.752e+2,3.737e-2,2.712e-17,2.045e-1,,1.021e-13,,2.129e-1,2.680e-17,2.976e-17,,9.792e-13,7.561e-17
403.22,1.310e+3,7.339e-21,2.678e-9,1.477e-39,3.022e-35,2.071e-34,,3.763e-17,3.645e-22,,4.270e-15,1.204e-2,9.998e-30,1.059e-17,2.554e-20,1.112e-31,5.315e-5,4.073e-9,,9.846e-20,1.285e-16,2.920e-20,4.425e+1,3.208e+1,9.587e-27,6.826e-2,1.492e-19,2.057e+1,1.925e-23,4.189e+1,1.292e-20,3.134e-10,5.255e-20,6.569e-23,3.171e-1,2.419e-17,1.203e+0,5.739e+2,,6.508e+1,1.431e+2,,1.026e+2,2.291e-19,,9.565e-20,2.780e-16,2.846e+2,2.811e-2,2.685e-17,2.781e-1,,4.322e-14,,1.686e-1,2.677e-17,2.975e-17,,2.144e-12,7.565e-17
403.24,1.300e+3,7.340e-21,2.319e-9,2.569e-39,3.028e-35,2.064e-34,,6.758e-17,3.646e-22,,4.269e-15,1.045e-2,9.937e-30,1.059e-17,2.524e-20,1.071e-31,7.007e-5,4.776e-9,,9.813e-20,1.278e-16,3.377e-20,4.226e+1,2.920e+1,9.592e-27,8.009e-2,1.492e-19,2.058e+1,1.926e-23,4.003e+1,1.292e-20,3.370e-10,5.257e-20,6.570e-23,3.780e-1,2.413e-17,1.349e+0,5.655e+2,,6.302e+1,1.461e+2,,1.013e+2,2.297e-19,,9.563e-20,2.778e-16,2.893e+2,2.327e-2,2.667e-17,3.394e-1,,2.423e-14,,1.436e-1,2.675e-17,2.975e-17,,3.594e-12,7.567e-17
403.27,1.275e+3,7.342e-21,1.851e-9,5.843e-39,3.037e-35,2.052e-34,,1.613e-16,3.648e-22,,4.269e-15,8.375e-3,9.844e-30,1.059e-17,2.479e-20,1.009e-31,1.051e-4,6.094e-9,,9.763e-20,1.268e-16,4.163e-20,3.915e+1,2.512e+1,9.601e-27,1.009e-1,1.493e-19,2.046e+1,1.927e-23,3.711e+1,1.293e-20,3.726e-10,5.259e-20,6.571e-23,4.878e-1,2.402e-17,1.589e+0,5.483e+2,,6.001e+1,1.496e+2,,9.882e+1,2.306e-19,,9.561e-20,2.776e-16,2.939e+2,1.770e-2,2.640e-17,4.536e-1,,1.008e-14,,1.121e-1,2.672e-17,2.974e-17,,7.735e-12,7.570e-17
403.29,1.254e+3,7.344e-21,1.584e-9,1.004e-38,3.043e-35,2.045e-34,,2.863e-16,3.650e-22,,4.269e-15,7.184e-3,9.783e-30,1.059e-17,2.448e-20,9.682e-32,1.370e-4,7.173e-9,,9.730e-20,1.261e-16,4.759e-20,3.702e+1,2.259e+1,9.607e-27,1.170e-1,1.493e-19,2.029e+1,1.927e-23,3.511e+1,1.293e-20,3.961e-10,5.260e-20,6.572e-23,5.748e-1,2.395e-17,1.762e+0,5.340e+2,,5.810e+1,1.512e+2,,9.688e+1,2.313e-19,,9.559e-20,2.774e-16,2.953e+2,1.498e-2,2.622e-17,5.471e-1,,5.584e-15,,9.466e-2,2.670e-17,2.974e-17,,1.282e-11,7.573e-17
403.31,1.228e+3,7.345e-21,1.349e-9,1.719e-38,3.049e-35,2.037e-34,,5.059e-16,3.651e-22,,4.268e-15,6.133e-3,9.721e-30,1.059e-17,2.418e-20,9.273e-32,1.777e-4,8.436e-9,,9.697e-20,1.254e-16,5.415e-20,3.487e+1,2.022e+1,9.612e-27,1.350e-1,1.493e-19,2.006e+1,1.928e-23,3.310e+1,1.294e-20,4.191e-10,5.262e-20,6.573e-23,6.742e-1,2.389e-17,1.945e+0,5.177e+2,,5.631e+1,1.524e+2,,9.474e+1,2.319e-19,,9.558e-20,2.772e-16,2.953e+2,1.298e-2,2.605e-17,6.569e-1,,3.078e-15,,7.974e-2,2.668e-17,2.974e-17,,2.114e-11,7.575e-17
403.34,1.183e+3,7.347e-21,1.052e-9,3.814e-38,3.058e-35,2.026e-34,,1.178e-15,3.653e-22,,4.268e-15,4.796e-3,9.629e-30,1.059e-17,2.373e-20,8.659e-32,2.601e-4,1.072e-8,,9.647e-20,1.243e-16,6.513e-20,3.164e+1,1.698e+1,9.621e-27,1.660e-1,1.493e-19,1.960e+1,1.929e-23,3.009e+1,1.295e-20,4.521e-10,5.264e-20,6.574e-23,8.488e-1,2.378e-17,2.235e+0,4.899e+2,,5.389e+1,1.532e+2,,9.127e+1,2.328e-19,,9.555e-20,2.770e-16,2.927e+2,1.126e-2,2.578e-17,8.565e-1,,1.249e-15,,6.149e-2,2.666e-17,2.973e-17,,4.439e-11,7.578e-17
403.36,1.150e+3,7.348e-21,8.855e-10,6.452e-38,3.064e-35,2.018e-34,,2.058e-15,3.655e-22,,4.268e-15,4.046e-3,9.568e-30,1.059e-17,2.343e-20,8.249e-32,3.335e-4,1.254e-8,,9.614e-20,1.236e-16,7.324e-20,2.951e+1,1.502e+1,9.626e-27,1.893e-1,1.494e-19,1.922e+1,1.929e-23,2.813e+1,1.295e-20,4.727e-10,5.265e-20,6.575e-23,9.839e-1,2.371e-17,2.438e+0,4.695e+2,,5.250e+1,1.531e+2,,8.886e+1,2.334e-19,,9.553e-20,2.768e-16,2.893e+2,1.094e-2,2.560e-17,1.016e+0,,6.805e-16,,5.174e-2,2.664e-17,2.973e-17,,7.237e-11,7.581e-17
403.39,1.095e+3,7.350e-21,6.782e-10,1.407e-37,3.073e-35,2.007e-34,,4.710e-15,3.657e-22,,4.267e-15,3.108e-3,9.475e-30,1.059e-17,2.297e-20,7.635e-32,4.798e-4,1.577e-8,,9.564e-20,1.226e-16,8.656e-20,2.640e+1,1.238e+1,9.635e-27,2.287e-1,1.494e-19,1.855e+1,1.930e-23,2.532e+1,1.296e-20,5.010e-10,5.267e-20,6.576e-23,1.217e+0,2.361e-17,2.753e+0,4.365e+2,,5.084e+1,1.520e+2,,8.522e+1,2.344e-19,,9.551e-20,2.765e-16,2.817e+2,1.178e-2,2.533e-17,1.302e+0,,2.712e-16,,4.025e-2,2.661e-17,2.972e-17,,1.493e-10,7.584e-17
403.41,1.055e+3,7.351e-21,5.644e-10,2.352e-37,3.079e-35,2.000e-34,,8.131e-15,3.658e-22,,4.267e-15,2.592e-3,9.414e-30,1.059e-17,2.267e-20,7.225e-32,6.080e-4,1.830e-8,,9.531e-20,1.219e-16,9.620e-20,2.440e+1,1.083e+1,9.641e-27,2.578e-1,1.494e-19,1.804e+1,1.931e-23,2.356e+1,1.296e-20,5.178e-10,5.268e-20,6.577e-23,1.394e+0,2.354e-17,2.967e+0,4.134e+2,,5.005e+1,1.507e+2,,8.287e+1,2.350e-19,,9.549e-20,2.763e-16,2.752e+2,1.332e-2,2.515e-17,1.527e+0,,1.460e-16,,3.443e-2,2.659e-17,2.972e-17,,2.406e-10,7.586e-17
403.44,9.941e+2,7.353e-21,4.248e-10,5.041e-37,3.088e-35,1.988e-34,,1.829e-14,3.660e-22,,4.266e-15,1.956e-3,9.321e-30,1.059e-17,2.222e-20,6.611e-32,8.597e-4,2.272e-8,,9.481e-20,1.208e-16,1.117e-19,2.156e+1,8.772e+0,9.649e-27,3.059e-1,1.494e-19,1.722e+1,1.932e-23,2.117e+1,1.297e-20,5.392e-10,5.271e-20,6.579e-23,1.695e+0,2.344e-17,3.292e+0,3.777e+2,,4.940e+1,1.480e+2,,7.958e+1,2.359e-19,,9.547e-20,2.761e-16,2.633e+2,1.740e-2,2.488e-17,1.922e+0,,5.716e-17,,2.811e-2,2.656e-17,2.971e-17,,4.880e-10,7.590e-17
403.46,9.524e+2,7.355e-21,3.495e-10,8.330e-37,3.094e-35,1.981e-34,,3.121e-14,3.662e-22,,4.266e-15,1.612e-3,9.260e-30,1.059e-17,2.192e-20,6.201e-32,1.077e-3,2.613e-8,,9.448e-20,1.202e-16,1.227e-19,1.978e+1,7.579e+0,9.655e-27,3.409e-1,1.495e-19,1.663e+1,1.932e-23,1.978e+1,1.298e-20,5.507e-10,5.272e-20,6.580e-23,1.919e+0,2.337e-17,3.508e+0,3.536e+2,,4.937e+1,1.458e+2,,7.764e+1,2.365e-19,,9.545e-20,2.759e-16,2.542e+2,2.155e-2,2.470e-17,2.228e+0,,3.041e-17,,2.536e-2,2.654e-17,2.971e-17,,7.772e-10,7.592e-17
403.49,8.898e+2,7.357e-21,2.585e-10,1.754e-36,3.103e-35,1.970e-34,,6.897e-14,3.664e-22,,4.266e-15,1.195e-3,9.168e-30,1.059e-17,2.146e-20,5.587e-32,1.496e-3,3.201e-8,,9.398e-20,1.191e-16,1.400e-19,1.730e+1,6.033e+0,9.663e-27,3.974e-1,1.495e-19,1.570e+1,1.933e-23,1.808e+1,1.298e-20,5.635e-10,5.274e-20,6.581e-23,2.292e+0,2.327e-17,3.824e+0,3.174e+2,,4.997e+1,1.418e+2,,7.522e+1,2.375e-19,,9.542e-20,2.756e-16,2.390e+2,3.055e-2,2.444e-17,2.756e+0,,1.169e-17,,2.326e-2,2.651e-17,2.970e-17,,1.549e-9,7.595e-17
403.51,8.488e+2,7.358e-21,2.102e-10,2.865e-36,3.109e-35,1.962e-34,,1.163e-13,3.665e-22,,4.265e-15,9.733e-4,9.106e-30,1.059e-17,2.116e-20,5.177e-32,1.853e-3,3.648e-8,,9.365e-20,1.184e-16,1.520e-19,1.580e+1,5.152e+0,9.669e-27,4.377e-1,1.495e-19,1.506e+1,1.934e-23,1.725e+1,1.299e-20,5.688e-10,5.275e-20,6.582e-23,2.565e+0,2.320e-17,4.026e+0,2.937e+2,,5.082e+1,1.388e+2,,7.401e+1,2.381e-19,,9.541e-20,2.754e-16,2.280e+2,3.888e-2,2.426e-17,3.157e+0,,6.147e-18,,2.315e-2,2.649e-17,2.970e-17,,2.438e-9,7.598e-17
403.54,7.895e+2,7.360e-21,1.528e-10,5.930e-36,3.118e-35,1.951e-34,,2.527e-13,3.667e-22,,4.265e-15,7.090e-4,9.014e-30,1.059e-17,2.071e-20,4.563e-32,2.530e-3,4.409e-8,,9.315e-20,1.174e-16,1.704e-19,1.375e+1,4.029e+0,9.678e-27,5.015e-1,1.495e-19,1.409e+1,1.935e-23,1.655e+1,1.300e-20,5.718e-10,5.278e-20,6.583e-23,3.010e+0,2.310e-17,4.312e+0,2.591e+2,,5.283e+1,1.340e+2,,7.288e+1,2.390e-19,,9.538e-20,2.752e-16,2.106e+2,5.596e-2,2.399e-17,3.837e+0,,6.079e-18,,2.492e-2,2.646e-17,2.969e-17,,4.775e-9,7.601e-17
403.56,7.520e+2,7.361e-21,1.228e-10,9.575e-36,3.124e-35,1.943e-34,,4.213e-13,3.669e-22,,4.265e-15,5.706e-4,8.952e-30,1.059e-17,2.040e-20,4.153e-32,3.097e-3,4.980e-8,,9.282e-20,1.167e-16,1.828e-19,1.254e+1,3.400e+0,9.683e-27,5.458e-1,1.496e-19,1.344e+1,1.935e-23,1.652e+1,1.300e-20,5.705e-10,5.279e-20,6.584e-23,3.329e+0,2.303e-17,4.488e+0,2.369e+2,,5.467e+1,1.306e+2,,7.264e+1,2.396e-19,,9.536e-20,2.750e-16,1.986e+2,7.121e-2,2.381e-17,4.344e+0,,6.034e-18,,2.743e-2,2.644e-17,2.969e-17,,7.430e-9,7.603e-17
403.59,6.999e+2,7.363e-21,8.776e-11,1.947e-35,3.133e-35,1.932e-34,,8.993e-13,3.671e-22,,4.264e-15,4.084e-4,8.860e-30,1.059e-17,1.995e-20,3.539e-32,4.157e-3,5.937e-8,,9.232e-20,1.156e-16,2.014e-19,1.095e+1,2.613e+0,9.692e-27,6.145e-1,1.496e-19,1.249e+1,1.936e-23,1.727e+1,1.301e-20,5.635e-10,5.281e-20,6.585e-23,3.839e+0,2.293e-17,4.723e+0,2.053e+2,,5.818e+1,1.253e+2,,7.312e+1,2.406e-19,,9.534e-20,2.747e-16,1.802e+2,1.016e-1,2.354e-17,5.188e+0,,5.967e-18,,3.333e-2,2.641e-17,2.968e-17,,1.430e-8,7.607e-17
403.61,6.684e+2,7.365e-21,6.972e-11,3.108e-35,3.139e-35,1.925e-34,,1.482e-12,3.672e-22,,4.264e-15,3.248e-4,8.798e-30,1.059e-17,1.965e-20,3.129e-32,5.029e-3,6.646e-8,,9.199e-20,1.149e-16,2.136e-19,1.004e+1,2.179e+0,9.698e-27,6.610e-1,1.496e-19,1.187e+1,1.937e-23,1.840e+1,1.301e-20,5.556e-10,5.282e-20,6.586e-23,4.197e+0,2.286e-17,4.858e+0,1.855e+2,,6.103e+1,1.218e+2,,7.401e+1,2.412e-19,,9.532e-20,2.745e-16,1.679e+2,1.282e-1,2.336e-17,5.806e+0,,5.922e-18,,3.883e-2,2.639e-17,2.968e-17,,2.199e-8,7.609e-17
403.64,6.268e+2,7.367e-21,4.895e-11,6.211e-35,3.148e-35,1.913e-34,,3.109e-12,3.674e-22,,4.263e-15,2.284e-4,8.706e-30,1.059e-17,1.920e-20,2.515e-32,6.635e-3,7.817e-8,,9.149e-20,1.139e-16,2.312e-19,8.874e+0,1.645e+0,9.706e-27,7.312e-1,1.496e-19,1.098e+1,1.938e-23,2.121e+1,1.302e-20,5.392e-10,5.284e-20,6.588e-23,4.755e+0,2.276e-17,5.023e+0,1.580e+2,,6.605e+1,1.165e+2,,7.622e+1,2.421e-19,,9.530e-20,2.743e-16,1.497e+2,1.803e-1,2.309e-17,6.813e+0,,5.854e-18,,4.973e-2,2.636e-17,2.968e-17,,4.159e-8,7.612e-17
403.66,6.031e+2,7.368e-21,3.844e-11,9.797e-35,3.154e-35,1.906e-34,,5.065e-12,3.676e-22,,4.263e-15,1.795e-4,8.644e-30,1.059e-17,1.889e-20,2.105e-32,7.936e-3,8.672e-8,,9.116e-20,1.132e-16,2.423e-19,8.230e+0,1.356e+0,9.712e-27,7.775e-1,1.497e-19,1.042e+1,1.938e-23,2.398e+1,1.303e-20,5.254e-10,5.286e-20,6.589e-23,5.137e+0,2.269e-17,5.106e+0,1.411e+2,,6.988e+1,1.131e+2,,7.826e+1,2.427e-19,,9.528e-20,2.741e-16,1.379e+2,2.251e-1,2.292e-17,7.535e+0,,5.809e-18,,5.898e-2,2.634e-17,2.967e-17,,6.323e-8,7.615e-17
403.68,5.829e+2,7.369e-21,3.005e-11,1.538e-34,3.160e-35,1.898e-34,,8.213e-12,3.677e-22,,4.263e-15,1.404e-4,8.583e-30,1.059e-17,1.859e-20,1.696e-32,9.448e-3,9.587e-8,,9.083e-20,1.125e-16,2.527e-19,7.685e+0,1.112e+0,9.717e-27,8.228e-1,1.497e-19,9.894e+0,1.939e-23,2.760e+1,1.303e-20,5.096e-10,5.287e-20,6.590e-23,5.524e+0,2.262e-17,5.167e+0,1.254e+2,,7.407e+1,1.098e+2,,8.076e+1,2.433e-19,,9.526e-20,2.739e-16,1.264e+2,2.797e-1,2.274e-17,8.294e+0,,5.764e-18,,7.003e-2,2.632e-17,2.967e-17,,9.568e-8,7.617e-17
403.71,5.596e+2,7.371e-21,2.059e-11,3.000e-34,3.169e-35,1.887e-34,,1.681e-11,3.679e-22,,4.262e-15,9.633e-5,8.491e-30,1.059e-17,1.814e-20,1.081e-32,1.217e-2,1.107e-7,,9.033e-20,1.115e-16,2.669e-19,7.035e+0,8.190e-1,9.726e-27,8.880e-1,1.497e-19,9.166e+0,1.940e-23,3.487e+1,1.304e-20,4.825e-10,5.289e-20,6.591e-23,6.107e+0,2.252e-17,5.212e+0,1.042e+2,,8.100e+1,1.050e+2,,8.527e+1,2.443e-19,,9.524e-20,2.737e-16,1.100e+2,3.841e-1,2.247e-17,9.496e+0,,5.697e-18,,9.040e-2,2.629e-17,2.966e-17,,1.766e-7,7.620e-17
403.73,5.488e+2,7.373e-21,1.591e-11,4.656e-34,3.175e-35,1.879e-34,,2.694e-11,3.681e-22,,4.262e-15,7.448e-5,8.429e-30,1.059e-17,1.784e-20,6.717e-33,1.432e-2,1.213e-7,,9.000e-20,1.108e-16,2.752e-19,6.702e+0,6.640e-1,9.732e-27,9.289e-1,1.497e-19,8.726e+0,1.941e-23,4.118e+1,1.304e-20,4.626e-10,5.291e-20,6.592e-23,6.490e+0,2.245e-17,5.212e+0,9.155e+1,,8.600e+1,1.021e+2,,8.875e+1,2.449e-19,,9.522e-20,2.735e-16,9.961e+1,4.717e-1,2.229e-17,1.033e+1,,5.651e-18,,1.068e-1,2.627e-17,2.966e-17,,2.641e-7,7.622e-17
403.76,5.402e+2,7.375e-21,1.071e-11,8.925e-34,3.184e-35,1.868e-34,,5.420e-11,3.683e-22,,4.262e-15,5.019e-5,8.337e-30,1.059e-17,1.738e-20,5.734e-34,1.813e-2,1.382e-7,,8.950e-20,1.097e-16,2.855e-19,6.332e+0,4.804e-1,9.740e-27,9.852e-1,1.498e-19,8.137e+0,1.941e-23,5.325e+1,1.305e-20,4.303e-10,5.293e-20,6.593e-23,7.049e+0,2.235e-17,5.167e+0,7.473e+1,,9.400e+1,9.795e+1,,9.457e+1,2.458e-19,,9.520e-20,2.732e-16,8.514e+1,6.366e-1,2.202e-17,1.162e+1,,5.584e-18,,1.364e-1,2.624e-17,2.965e-17,,4.790e-7,7.626e-17
403.78,5.396e+2,7.376e-21,8.178e-12,1.369e-33,3.190e-35,1.861e-34,,8.587e-11,3.684e-22,,4.261e-15,3.835e-5,8.275e-30,1.059e-17,1.708e-20,1.089e-33,2.110e-2,1.501e-7,,8.917e-20,1.090e-16,2.909e-19,6.160e+0,3.850e-1,9.746e-27,1.019e+0,1.498e-19,7.794e+0,1.942e-23,6.331e+1,1.306e-20,4.077e-10,5.294e-20,6.594e-23,7.405e+0,2.228e-17,5.106e+0,6.488e+1,,9.960e+1,9.542e+1,,9.878e+1,2.465e-19,,9.518e-20,2.730e-16,7.623e+1,7.729e-1,2.184e-17,1.250e+1,,5.539e-18,,1.597e-1,2.622e-17,2.965e-17,,7.081e-7,7.628e-17
403.81,5.464e+2,7.378e-21,5.410e-12,2.579e-33,3.199e-35,1.849e-34,,1.697e-10,3.686e-22,,4.261e-15,2.539e-5,8.183e-30,1.059e-17,1.663e-20,2.824e-33,2.626e-2,1.687e-7,,8.867e-20,1.080e-16,2.966e-19,5.993e+0,2.737e-1,9.754e-27,1.062e+0,1.498e-19,7.351e+0,1.943e-23,8.199e+1,1.306e-20,3.726e-10,5.296e-20,6.595e-23,7.903e+0,2.217e-17,4.973e+0,5.203e+1,,1.083e+2,9.200e+1,,1.054e+2,2.474e-19,,9.515e-20,2.728e-16,6.401e+1,1.025e+0,2.157e-17,1.382e+1,,5.471e-18,,2.008e-1,2.619e-17,2.964e-17,,1.262e-6,7.631e-17
403.83,5.562e+2,7.379e-21,4.084e-12,3.910e-33,3.205e-35,1.842e-34,,2.658e-10,3.688e-22,,4.261e-15,1.917e-5,8.121e-30,1.059e-17,1.632e-20,5.301e-33,3.021e-2,1.816e-7,,8.834e-20,1.073e-16,2.987e-19,5.930e+0,2.167e-1,9.760e-27,1.085e+0,1.498e-19,7.102e+0,1.944e-23,9.716e+1,1.307e-20,3.489e-10,5.298e-20,6.596e-23,8.205e+0,2.211e-17,4.858e+0,4.465e+1,,1.142e+2,8.996e+1,,1.100e+2,2.480e-19,,9.514e-20,2.726e-16,5.664e+1,1.230e+0,2.139e-17,1.468e+1,,5.426e-18,,2.325e-1,2.617e-17,2.964e-17,,1.844e-6,7.634e-17
403.86,5.790e+2,7.381e-21,2.655e-12,7.237e-33,3.214e-35,1.831e-34,,5.164e-10,3.690e-22,,4.260e-15,1.247e-5,8.029e-30,1.059e-17,1.587e-20,1.351e-32,3.697e-2,2.015e-7,,8.784e-20,1.063e-16,2.992e-19,5.888e+0,1.514e-1,9.769e-27,1.111e+0,1.499e-19,6.794e+0,1.944e-23,1.247e+2,1.308e-20,3.134e-10,5.300e-20,6.598e-23,8.604e+0,2.200e-17,4.649e+0,3.518e+1,,1.232e+2,8.725e+1,,1.169e+2,2.489e-19,,9.511e-20,2.723e-16,4.673e+1,1.602e+0,2.113e-17,1.595e+1,,5.359e-18,,2.874e-1,2.614e-17,2.963e-17,,3.230e-6,7.637e-17
403.88,5.996e+2,7.383e-21,1.981e-12,1.085e-32,3.220e-35,1.823e-34,,7.993e-10,3.691e-22,,4.260e-15,9.307e-6,7.968e-30,1.059e-17,1.557e-20,2.507e-32,4.206e-2,2.150e-7,,8.751e-20,1.056e-16,2.978e-19,5.886e+0,1.185e-1,9.774e-27,1.123e+0,1.499e-19,6.628e+0,1.945e-23,1.466e+2,1.308e-20,2.900e-10,5.301e-20,6.599e-23,8.829e+0,2.193e-17,4.488e+0,2.984e+1,,1.291e+2,8.567e+1,,1.215e+2,2.496e-19,,9.510e-20,2.721e-16,4.087e+1,1.901e+0,2.095e-17,1.675e+1,,5.314e-18,,3.291e-1,2.612e-17,2.963e-17,,4.665e-6,7.639e-17
403.91,6.388e+2,7.385e-21,1.265e-12,1.973e-32,3.229e-35,1.812e-34,,1.526e-9,3.693e-22,,4.260e-15,5.947e-6,7.875e-30,1.059e-17,1.512e-20,6.281e-32,5.061e-2,2.353e-7,,8.701e-20,1.045e-16,2.931e-19,5.903e+0,8.144e-2,9.783e-27,1.130e+0,1.499e-19,6.433e+0,1.946e-23,1.855e+2,1.309e-20,2.559e-10,5.303e-20,6.600e-23,9.096e+0,2.183e-17,4.220e+0,2.310e+1,,1.378e+2,8.364e+1,,1.280e+2,2.505e-19,,9.507e-20,2.719e-16,3.313e+1,2.433e+0,2.068e-17,1.788e+1,,5.246e-18,,3.998e-1,2.609e-17,2.963e-17,,8.028e-6,7.643e-17
403.93,6.704e+2,7.386e-21,9.332e-13,2.923e-32,3.235e-35,1.804e-34,,2.335e-9,3.695e-22,,4.259e-15,4.386e-6,7.814e-30,1.059e-17,1.481e-20,1.152e-31,5.693e-2,2.488e-7,,8.668e-20,1.038e-16,2.884e-19,5.920e+0,6.310e-2,9.788e-27,1.129e+0,1.499e-19,6.332e+0,1.947e-23,2.159e+2,1.310e-20,2.340e-10,5.305e-20,6.601e-23,9.225e+0,2.176e-17,4.026e+0,1.936e+1,,1.434e+2,8.250e+1,,1.321e+2,2.511e-19,,9.505e-20,2.717e-16,2.864e+1,2.853e+0,2.050e-17,1.856e+1,,5.201e-18,,4.526e-1,2.607e-17,2.962e-17,,1.146e-5,7.645e-17
403.96,7.264e+2,7.388e-21,5.858e-13,5.225e-32,3.244e-35,1.793e-34,,4.380e-9,3.697e-22,,4.259e-15,2.754e-6,7.721e-30,1.059e-17,1.436e-20,2.837e-31,6.737e-2,2.686e-7,,8.618e-20,1.028e-16,2.789e-19,5.940e+0,4.279e-2,9.797e-27,1.118e+0,1.500e-19,6.219e+0,1.947e-23,2.688e+2,1.310e-20,2.029e-10,5.307e-20,6.602e-23,9.340e+0,2.166e-17,3.720e+0,1.473e+1,,1.513e+2,8.110e+1,,1.376e+2,2.520e-19,,9.503e-20,2.714e-16,2.281e+1,3.589e+0,2.023e-17,1.946e+1,,5.134e-18,,5.403e-1,2.604e-17,2.962e-17,,1.938e-5,7.648e-17
403.98,7.694e+2,7.389e-21,4.270e-13,7.651e-32,3.250e-35,1.785e-34,,6.624e-9,3.698e-22,,4.259e-15,2.007e-6,7.660e-30,1.059e-17,1.406e-20,5.142e-31,7.495e-2,2.814e-7,,8.585e-20,1.021e-16,2.711e-19,5.943e+0,3.297e-2,9.803e-27,1.104e+0,1.500e-19,6.162e+0,1.948e-23,3.095e+2,1.311e-20,1.834e-10,5.308e-20,6.603e-23,9.361e+0,2.159e-17,3.508e+0,1.220e+1,,1.562e+2,8.035e+1,,1.408e+2,2.527e-19,,9.501e-20,2.713e-16,1.948e+1,4.158e+0,2.005e-17,1.997e+1,,5.089e-18,,6.044e-1,2.602e-17,2.961e-17,,2.736e-5,7.651e-17
404.01,8.425e+2,7.391e-21,2.634e-13,1.344e-31,3.259e-35,1.774e-34,,1.221e-8,3.700e-22,,4.258e-15,1.238e-6,7.568e-30,1.058e-17,1.360e-20,1.244e-30,8.722e-2,2.997e-7,,8.535e-20,1.011e-16,2.577e-19,5.925e+0,2.241e-2,9.811e-27,1.075e+0,1.500e-19,6.095e+0,1.949e-23,3.790e+2,1.312e-20,1.563e-10,5.310e-20,6.604e-23,9.312e+0,2.149e-17,3.184e+0,9.116e+0,,1.628e+2,7.950e+1,,1.447e+2,2.536e-19,,9.499e-20,2.710e-16,1.524e+1,5.141e+0,1.978e-17,2.058e+1,,5.021e-18,,7.091e-1,2.599e-17,2.961e-17,,4.546e-5,7.654e-17
404.03,8.971e+2,7.393e-21,1.897e-13,1.945e-31,3.265e-35,1.767e-34,,1.826e-8,3.702e-22,,4.258e-15,8.918e-7,7.506e-30,1.058e-17,1.330e-20,2.230e-30,9.598e-2,3.111e-7,,8.502e-20,1.004e-16,2.476e-19,5.893e+0,1.752e-2,9.817e-27,1.051e+0,1.500e-19,6.058e+0,1.950e-23,4.314e+2,1.312e-20,1.396e-10,5.312e-20,6.605e-23,9.225e+0,2.142e-17,2.967e+0,7.463e+0,,1.667e+2,7.910e+1,,1.467e+2,2.542e-19,,9.497e-20,2.708e-16,1.287e+1,5.887e+0,1.961e-17,2.087e+1,,4.976e-18,,7.841e-1,2.597e-17,2.960e-17,,6.341e-5,7.656e-17
404.05,9.563e+2,7.394e-21,1.361e-13,2.802e-31,3.271e-35,1.759e-34,,2.717e-8,3.703e-22,,4.258e-15,6.393e-7,7.445e-30,1.058e-17,1.300e-20,3.978e-30,1.052e-1,3.217e-7,,8.469e-20,9.967e-17,2.368e-19,5.842e+0,1.399e-2,9.823e-27,1.023e+0,1.501e-19,6.023e+0,1.950e-23,4.889e+2,1.313e-20,1.242e-10,5.313e-20,6.606e-23,9.096e+0,2.135e-17,2.753e+0,6.081e+0,,1.700e+2,7.883e+1,,1.481e+2,2.548e-19,,9.495e-20,2.706e-16,1.081e+1,6.710e+0,1.943e-17,2.107e+1,,4.931e-18,,8.630e-1,2.595e-17,2.960e-17,,8.805e-5,7.659e-17
404.08,1.054e+3,7.396e-21,8.190e-14,4.804e-31,3.280e-35,1.748e-34,,4.888e-8,3.705e-22,,4.257e-15,3.847e-7,7.352e-30,1.058e-17,1.255e-20,9.395e-30,1.196e-1,3.359e-7,,8.419e-20,9.862e-17,2.195e-19,5.730e+0,1.074e-2,9.831e-27,9.754e-1,1.501e-19,5.967e+0,1.951e-23,5.846e+2,1.313e-20,1.033e-10,5.315e-20,6.608e-23,8.829e+0,2.125e-17,2.438e+0,4.434e+0,,1.742e+2,7.865e+1,,1.492e+2,2.558e-19,,9.493e-20,2.704e-16,8.256e+0,8.095e+0,1.916e-17,2.118e+1,,4.864e-18,,9.878e-1,2.592e-17,2.959e-17,,1.428e-4,7.662e-17
404.1,1.124e+3,7.397e-21,5.804e-14,6.841e-31,3.286e-35,1.740e-34,,7.189e-8,3.707e-22,,4.257e-15,2.726e-7,7.291e-30,1.058e-17,1.225e-20,1.657e-29,1.296e-1,3.440e-7,,8.386e-20,9.793e-17,2.075e-19,5.631e+0,9.717e-3,9.837e-27,9.407e-1,1.501e-19,5.924e+0,1.952e-23,6.548e+2,1.314e-20,9.079e-11,5.316e-20,6.609e-23,8.604e+0,2.118e-17,2.235e+0,3.570e+0,,1.762e+2,7.866e+1,,1.492e+2,2.564e-19,,9.491e-20,2.702e-16,6.856e+0,9.119e+0,1.898e-17,2.113e+1,,4.819e-18,,1.075e+0,2.590e-17,2.959e-17,,1.960e-4,7.664e-17
404.13,1.238e+3,7.399e-21,3.433e-14,1.152e-30,3.295e-35,1.729e-34,,1.271e-7,3.709e-22,,4.256e-15,1.611e-7,7.198e-30,1.058e-17,1.179e-20,3.845e-29,1.451e-1,3.540e-7,,8.336e-20,9.689e-17,1.890e-19,5.443e+0,9.732e-3,9.845e-27,8.854e-1,1.501e-19,5.844e+0,1.953e-23,7.695e+2,1.315e-20,7.425e-11,5.318e-20,6.610e-23,8.205e+0,2.108e-17,1.945e+0,2.557e+0,,1.783e+2,7.887e+1,,1.480e+2,2.573e-19,,9.488e-20,2.699e-16,5.142e+0,1.081e+1,1.871e-17,2.088e+1,,4.751e-18,,1.209e+0,2.587e-17,2.959e-17,,3.123e-4,7.668e-17
404.15,1.318e+3,7.400e-21,2.405e-14,1.622e-30,3.301e-35,1.722e-34,,1.848e-7,3.710e-22,,4.256e-15,1.128e-7,7.137e-30,1.058e-17,1.149e-20,6.702e-29,1.555e-1,3.591e-7,,8.303e-20,9.619e-17,1.766e-19,5.294e+0,1.076e-2,9.851e-27,8.473e-1,1.502e-19,5.778e+0,1.953e-23,8.520e+2,1.315e-20,6.459e-11,5.320e-20,6.611e-23,7.903e+0,2.101e-17,1.762e+0,2.035e+0,,1.789e+2,7.911e+1,,1.465e+2,2.579e-19,,9.487e-20,2.697e-16,4.220e+0,1.204e+1,1.853e-17,2.059e+1,,4.706e-18,,1.299e+0,2.585e-17,2.958e-17,,4.236e-4,7.670e-17
404.18,1.446e+3,7.402e-21,1.398e-14,2.685e-30,3.310e-35,1.710e-34,,3.211e-7,3.712e-22,,4.256e-15,6.552e-8,7.045e-30,1.058e-17,1.104e-20,1.529e-28,1.713e-1,3.641e-7,,8.253e-20,9.515e-17,1.581e-19,5.038e+0,1.398e-2,9.860e-27,7.899e-1,1.502e-19,5.659e+0,1.954e-23,9.841e+2,1.316e-20,5.204e-11,5.322e-20,6.612e-23,7.405e+0,2.091e-17,1.507e+0,1.432e+0,,1.788e+2,7.961e+1,,1.431e+2,2.589e-19,,9.484e-20,2.695e-16,3.110e+0,1.402e+1,1.826e-17,1.999e+1,,4.639e-18,,1.436e+0,2.582e-17,2.958e-17,,6.635e-4,7.673e-17
404.2,1.535e+3,7.404e-21,9.676e-15,3.736e-30,3.316e-35,1.703e-34,,4.614e-7,3.714e-22,,4.255e-15,4.534e-8,6.983e-30,1.058e-17,1.073e-20,2.634e-28,1.818e-1,3.656e-7,,8.220e-20,9.446e-17,1.460e-19,4.847e+0,1.744e-2,9.865e-27,7.522e-1,1.502e-19,5.564e+0,1.955e-23,1.077e+3,1.316e-20,4.488e-11,5.323e-20,6.613e-23,7.049e+0,2.084e-17,1.349e+0,1.127e+0,,1.780e+2,8.000e+1,,1.402e+2,2.595e-19,,9.483e-20,2.693e-16,2.523e+0,1.543e+1,1.809e-17,1.949e+1,,4.594e-18,,1.526e+0,2.580e-17,2.957e-17,,8.896e-4,7.676e-17
404.23,1.673e+3,7.406e-21,5.526e-15,6.077e-30,3.325e-35,1.692e-34,,7.879e-7,3.716e-22,,4.255e-15,2.587e-8,6.891e-30,1.058e-17,1.028e-20,5.905e-28,1.971e-1,3.652e-7,,8.170e-20,9.342e-17,1.284e-19,4.537e+0,2.509e-2,9.874e-27,6.981e-1,1.502e-19,5.399e+0,1.956e-23,1.223e+3,1.317e-20,3.579e-11,5.325e-20,6.614e-23,6.490e+0,2.074e-17,1.133e+0,7.791e-1,,1.759e+2,8.065e+1,,1.349e+2,2.604e-19,,9.480e-20,2.690e-16,1.827e+0,1.766e+1,1.782e-17,1.860e+1,,4.526e-18,,1.657e+0,2.577e-17,2.957e-17,,1.369e-3,7.679e-17
404.25,1.767e+3,7.407e-21,3.781e-15,8.358e-30,3.331e-35,1.684e-34,,1.119e-6,3.717e-22,,4.255e-15,1.769e-8,6.829e-30,1.058e-17,9.979e-21,1.006e-27,2.070e-1,3.631e-7,,8.137e-20,9.272e-17,1.171e-19,4.317e+0,3.228e-2,9.879e-27,6.643e-1,1.502e-19,5.274e+0,1.956e-23,1.323e+3,1.318e-20,3.075e-11,5.327e-20,6.615e-23,6.107e+0,2.067e-17,1.003e+0,6.056e-1,,1.738e+2,8.109e+1,,1.309e+2,2.610e-19,,9.478e-20,2.688e-16,1.464e+0,1.921e+1,1.764e-17,1.793e+1,,4.481e-18,,1.741e+0,2.575e-17,2.956e-17,,1.814e-3,7.681e-17
404.28,1.909e+3,7.409e-21,2.122e-15,1.336e-29,3.340e-35,1.673e-34,,1.878e-6,3.720e-22,,4.254e-15,9.918e-9,6.737e-30,1.058e-17,9.525e-21,2.216e-27,2.210e-1,3.572e-7,,8.087e-20,9.168e-17,1.012e-19,3.974e+0,4.717e-2,9.888e-27,6.184e-1,1.503e-19,5.068e+0,1.957e-23,1.476e+3,1.318e-20,2.457e-11,5.329e-20,6.617e-23,5.524e+0,2.056e-17,8.280e-1,4.114e-1,,1.698e+2,8.172e+1,,1.241e+2,2.620e-19,,9.476e-20,2.686e-16,1.042e+0,2.160e+1,1.737e-17,1.683e+1,,4.414e-18,,1.858e+0,2.572e-17,2.956e-17,,2.744e-3,7.685e-17
404.3,2.004e+3,7.410e-21,1.435e-15,1.816e-29,3.346e-35,1.665e-34,,2.636e-6,3.721e-22,,4.254e-15,6.703e-9,6.675e-30,1.058e-17,9.223e-21,3.730e-27,2.298e-1,3.515e-7,,8.054e-20,9.099e-17,9.130e-20,3.739e+0,6.061e-2,9.894e-27,5.915e-1,1.503e-19,4.919e+0,1.958e-23,1.578e+3,1.319e-20,2.131e-11,5.330e-20,6.618e-23,5.137e+0,2.050e-17,7.243e-1,3.161e-1,,1.666e+2,8.209e+1,,1.191e+2,2.626e-19,,9.474e-20,2.684e-16,8.254e-1,2.323e+1,1.719e-17,1.605e+1,,4.369e-18,,1.928e+0,2.570e-17,2.955e-17,,3.595e-3,7.687e-17
404.33,2.142e+3,7.412e-21,7.912e-16,2.853e-29,3.355e-35,1.654e-34,,4.348e-6,3.723e-22,,4.254e-15,3.692e-9,6.583e-30,1.058e-17,8.770e-21,8.077e-27,2.417e-1,3.404e-7,,8.004e-20,8.994e-17,7.752e-20,3.384e+0,8.771e-2,9.902e-27,5.578e-1,1.503e-19,4.683e+0,1.959e-23,1.730e+3,1.320e-20,1.758e-11,5.332e-20,6.619e-23,4.566e+0,2.039e-17,5.874e-1,2.110e-1,,1.612e+2,8.250e+1,,1.113e+2,2.635e-19,,9.472e-20,2.681e-16,5.769e-1,2.567e+1,1.692e-17,1.484e+1,,4.301e-18,,2.022e+0,2.567e-17,2.955e-17,,5.342e-3,7.690e-17
404.35,2.232e+3,7.414e-21,5.289e-16,3.834e-29,3.361e-35,1.646e-34,,6.033e-6,3.724e-22,,4.253e-15,2.466e-9,6.521e-30,1.058e-17,8.468e-21,1.344e-26,2.487e-1,3.315e-7,,7.971e-20,8.925e-17,6.911e-20,3.150e+0,1.117e-1,9.908e-27,5.400e-1,1.503e-19,4.519e+0,1.959e-23,1.829e+3,1.320e-20,1.582e-11,5.334e-20,6.620e-23,4.197e+0,2.033e-17,5.079e-1,1.602e-1,,1.571e+2,8.265e+1,,1.059e+2,2.641e-19,,9.470e-20,2.680e-16,4.517e-1,2.727e+1,1.674e-17,1.401e+1,,4.256e-18,,2.075e+0,2.565e-17,2.955e-17,,6.917e-3,7.693e-17
404.38,2.358e+3,7.416e-21,2.865e-16,5.919e-29,3.370e-35,1.635e-34,,9.778e-6,3.727e-22,,4.253e-15,1.334e-9,6.429e-30,1.058e-17,8.014e-21,2.861e-26,2.578e-1,3.160e-7,,7.921e-20,8.821e-17,5.765e-20,2.805e+0,1.591e-1,9.916e-27,5.210e-1,1.504e-19,4.270e+0,1.960e-23,1.970e+3,1.321e-20,1.420e-11,5.336e-20,6.621e-23,3.665e+0,2.022e-17,4.047e-1,1.051e-1,,1.506e+2,8.265e+1,,9.770e+1,2.651e-19,,9.467e-20,2.677e-16,3.102e-1,2.962e+1,1.648e-17,1.278e+1,,4.189e-18,,2.138e+0,2.562e-17,2.954e-17,,1.010e-2,7.696e-17
404.4,2.436e+3,7.417e-21,1.893e-16,7.861e-29,3.376e-35,1.628e-34,,1.341e-5,3.728e-22,,4.253e-15,8.807e-10,6.368e-30,1.058e-17,7.712e-21,4.705e-26,2.628e-1,3.045e-7,,7.888e-20,8.751e-17,5.079e-20,2.584e+0,2.003e-1,9.922e-27,5.136e-1,1.504e-19,4.103e+0,1.961e-23,2.059e+3,1.321e-20,1.379e-11,5.337e-20,6.622e-23,3.329e+0,2.015e-17,3.458e-1,7.883e-2,,1.460e+2,8.246e+1,,9.219e+1,2.657e-19,,9.466e-20,2.675e-16,2.401e-1,3.111e+1,1.630e-17,1.198e+1,,4.144e-18,,2.168e+0,2.560e-17,2.954e-17,,1.293e-2,7.698e-17
404.43,2.541e+3,7.419e-21,1.008e-16,1.193e-28,3.385e-35,1.616e-34,,2.136e-5,3.730e-22,,4.252e-15,4.682e-10,6.275e-30,1.058e-17,7.259e-21,9.841e-26,2.684e-1,2.857e-7,,7.839e-20,8.647e-17,4.163e-20,2.269e+0,2.805e-1,9.931e-27,5.104e-1,1.504e-19,3.859e+0,1.962e-23,2.179e+3,1.322e-20,1.415e-11,5.339e-20,6.623e-23,2.857e+0,2.005e-17,2.707e-1,5.079e-2,,1.388e+2,8.186e+1,,8.402e+1,2.666e-19,,9.463e-20,2.672e-16,1.620e-1,3.319e+1,1.603e-17,1.083e+1,,4.076e-18,,2.195e+0,2.557e-17,2.953e-17,,1.856e-2,7.702e-17
404.45,2.601e+3,7.420e-21,6.580e-17,1.566e-28,3.391e-35,1.609e-34,,2.896e-5,3.732e-22,,4.252e-15,3.054e-10,6.214e-30,1.058e-17,6.957e-21,1.600e-25,2.710e-1,2.723e-7,,7.805e-20,8.578e-17,3.625e-20,2.072e+0,3.491e-1,9.936e-27,5.136e-1,1.504e-19,3.701e+0,1.962e-23,2.251e+3,1.323e-20,1.506e-11,5.341e-20,6.624e-23,2.565e+0,1.998e-17,2.286e-1,3.767e-2,,1.339e+2,8.122e+1,,7.873e+1,2.672e-19,,9.462e-20,2.671e-16,1.239e-1,3.446e+1,1.585e-17,1.012e+1,,4.031e-18,,2.200e+0,2.555e-17,2.953e-17,,2.347e-2,7.704e-17
404.47,2.653e+3,7.422e-21,4.277e-17,2.046e-28,3.397e-35,1.601e-34,,3.908e-5,3.733e-22,,4.252e-15,1.983e-10,6.152e-30,1.058e-17,6.655e-21,2.590e-25,2.726e-1,2.585e-7,,7.772e-20,8.508e-17,3.142e-20,1.887e+0,4.325e-1,9.942e-27,5.208e-1,1.505e-19,3.550e+0,1.963e-23,2.314e+3,1.323e-20,1.653e-11,5.342e-20,6.625e-23,2.292e+0,1.991e-17,1.922e-1,2.780e-2,,1.290e+2,8.040e+1,,7.360e+1,2.679e-19,,9.460e-20,2.669e-16,9.430e-2,3.560e+1,1.567e-17,9.456e+0,,3.986e-18,,2.195e+0,2.553e-17,2.952e-17,,2.956e-2,7.706e-17
404.5,2.714e+3,7.424e-21,2.221e-17,3.029e-28,3.406e-35,1.590e-34,,6.075e-5,3.735e-22,,4.251e-15,1.028e-10,6.060e-30,1.058e-17,6.201e-21,5.287e-25,2.731e-1,2.370e-7,,7.722e-20,8.404e-17,2.513e-20,1.636e+0,5.912e-1,9.950e-27,5.387e-1,1.505e-19,3.338e+0,1.964e-23,2.391e+3,1.324e-20,1.985e-11,5.344e-20,6.627e-23,1.919e+0,1.981e-17,1.468e-1,1.748e-2,,1.215e+2,7.879e+1,,6.630e+1,2.688e-19,,9.457e-20,2.666e-16,6.208e-2,3.707e+1,1.540e-17,8.589e+0,,3.919e-18,,2.168e+0,2.550e-17,2.952e-17,,4.140e-2,7.710e-17
404.52,2.741e+3,7.425e-21,1.427e-17,3.911e-28,3.412e-35,1.583e-34,,8.103e-5,3.736e-22,,4.251e-15,6.598e-11,5.998e-30,1.058e-17,5.899e-21,8.458e-25,2.722e-1,2.225e-7,,7.689e-20,8.335e-17,2.152e-20,1.487e+0,7.239e-1,9.956e-27,5.550e-1,1.505e-19,3.208e+0,1.964e-23,2.429e+3,1.324e-20,2.288e-11,5.346e-20,6.628e-23,1.695e+0,1.974e-17,1.220e-1,1.275e-2,,1.166e+2,7.747e+1,,6.176e+1,2.694e-19,,9.456e-20,2.664e-16,4.670e-2,3.785e+1,1.522e-17,8.107e+0,,3.874e-18,,2.139e+0,2.548e-17,2.951e-17,,5.152e-2,7.712e-17
404.55,2.762e+3,7.427e-21,7.281e-18,5.691e-28,3.420e-35,1.571e-34,,1.238e-4,3.739e-22,,4.250e-15,3.362e-11,5.906e-30,1.058e-17,5.446e-21,1.697e-24,2.690e-1,2.007e-7,,7.639e-20,8.230e-17,1.691e-20,1.294e+0,9.724e-1,9.965e-27,5.853e-1,1.505e-19,3.032e+0,1.965e-23,2.466e+3,1.325e-20,2.875e-11,5.348e-20,6.629e-23,1.394e+0,1.964e-17,9.157e-2,7.874e-3,,1.094e+2,7.515e+1,,5.548e+1,2.703e-19,,9.453e-20,2.662e-16,3.021e-2,3.873e+1,1.496e-17,7.550e+0,,3.806e-18,,2.076e+0,2.545e-17,2.951e-17,,7.091e-2,7.715e-17
404.57,2.762e+3,7.428e-21,4.623e-18,7.265e-28,3.426e-35,1.564e-34,,1.632e-4,3.740e-22,,4.250e-15,2.132e-11,5.845e-30,1.058e-17,5.144e-21,2.684e-24,2.657e-1,1.864e-7,,7.606e-20,8.161e-17,1.432e-20,1.187e+0,1.177e+0,9.970e-27,6.088e-1,1.506e-19,2.928e+0,1.966e-23,2.477e+3,1.326e-20,3.365e-11,5.349e-20,6.630e-23,1.217e+0,1.957e-17,7.520e-2,5.677e-3,,1.047e+2,7.338e+1,,5.169e+1,2.710e-19,,9.451e-20,2.660e-16,2.246e-2,3.909e+1,1.478e-17,7.305e+0,,3.761e-18,,2.024e+0,2.543e-17,2.951e-17,,8.723e-2,7.717e-17
404.6,2.742e+3,7.430e-21,2.318e-18,1.039e-27,3.435e-35,1.552e-34,,2.449e-4,3.742e-22,,4.250e-15,1.067e-11,5.752e-30,1.058e-17,4.690e-21,5.291e-24,2.591e-1,1.654e-7,,7.556e-20,8.057e-17,1.106e-20,1.060e+0,1.554e+0,9.979e-27,6.477e-1,1.506e-19,2.793e+0,1.967e-23,2.471e+3,1.326e-20,4.267e-11,5.351e-20,6.631e-23,9.839e-1,1.947e-17,5.551e-2,3.444e-3,,9.797e+1,7.047e+1,,4.663e+1,2.719e-19,,9.449e-20,2.657e-16,1.427e-2,3.930e+1,1.451e-17,7.148e+0,,3.694e-18,,1.931e+0,2.540e-17,2.950e-17,,1.180e-1,7.721e-17
404.62,2.714e+3,7.432e-21,1.454e-18,1.311e-27,3.441e-35,1.545e-34,,3.192e-4,3.744e-22,,4.249e-15,6.687e-12,5.691e-30,1.058e-17,4.388e-21,8.271e-24,2.537e-1,1.519e-7,,7.523e-20,7.987e-17,9.250e-21,1.000e+0,1.859e+0,9.985e-27,6.755e-1,1.506e-19,2.716e+0,1.967e-23,2.453e+3,1.327e-20,4.991e-11,5.352e-20,6.632e-23,8.488e-1,1.940e-17,4.510e-2,2.454e-3,,9.365e+1,6.838e+1,,4.367e+1,2.725e-19,,9.447e-20,2.655e-16,1.049e-2,3.920e+1,1.433e-17,7.199e+0,,3.649e-18,,1.861e+0,2.538e-17,2.950e-17,,1.435e-1,7.723e-17
404.65,2.653e+3,7.434e-21,7.165e-19,1.842e-27,3.450e-35,1.534e-34,,4.709e-4,3.746e-22,,4.249e-15,3.288e-12,5.598e-30,1.058e-17,3.935e-21,1.603e-23,2.442e-1,1.325e-7,,7.473e-20,7.883e-17,7.018e-21,9.482e-1,2.411e+0,9.993e-27,7.188e-1,1.506e-19,2.620e+0,1.968e-23,2.405e+3,1.328e-20,6.281e-11,5.355e-20,6.633e-23,6.742e-1,1.930e-17,3.279e-2,1.463e-3,,8.750e+1,6.512e+1,,3.989e+1,2.734e-19,,9.445e-20,2.653e-16,6.548e-3,3.873e+1,1.406e-17,7.533e+0,,3.581e-18,,1.746e+0,2.535e-17,2.949e-17,,1.907e-1,7.727e-17
404.67,2.600e+3,7.435e-21,4.443e-19,2.297e-27,3.456e-35,1.526e-34,,6.066e-4,3.747e-22,,4.249e-15,2.037e-12,5.537e-30,1.058e-17,3.633e-21,2.477e-23,2.370e-1,1.203e-7,,7.440e-20,7.814e-17,5.803e-21,9.407e-1,2.851e+0,9.999e-27,7.478e-1,1.507e-19,2.567e+0,1.969e-23,2.360e+3,1.328e-20,7.291e-11,5.356e-20,6.634e-23,5.748e-1,1.923e-17,2.641e-2,1.030e-3,,8.363e+1,6.289e+1,,3.779e+1,2.741e-19,,9.443e-20,2.651e-16,4.755e-3,3.819e+1,1.388e-17,7.942e+0,,3.536e-18,,1.664e+0,2.533e-17,2.949e-17,,2.292e-1,7.729e-17
404.7,2.503e+3,7.437e-21,2.151e-19,3.172e-27,3.465e-35,1.515e-34,,8.794e-4,3.749e-22,,4.248e-15,9.839e-13,5.445e-30,1.058e-17,3.179e-21,4.716e-23,2.253e-1,1.032e-7,,7.391e-20,7.709e-17,4.326e-21,9.732e-1,3.634e+0,1.001e-26,7.904e-1,1.507e-19,2.504e+0,1.970e-23,2.273e+3,1.329e-20,9.049e-11,5.358e-20,6.636e-23,4.486e-1,1.913e-17,1.905e-2,6.035e-4,,7.821e+1,5.960e+1,,3.526e+1,2.750e-19,,9.440e-20,2.648e-16,2.917e-3,3.707e+1,1.361e-17,8.862e+0,,3.469e-18,,1.535e+0,2.530e-17,2.948e-17,,2.993e-1,7.732e-17
404.72,2.428e+3,7.438e-21,1.318e-19,3.910e-27,3.471e-35,1.507e-34,,1.120e-3,3.751e-22,,4.248e-15,6.022e-13,5.383e-30,1.058e-17,2.877e-21,7.204e-23,2.168e-1,9.268e-8,,7.357e-20,7.640e-17,3.536e-21,1.026e+0,4.248e+0,1.001e-26,8.174e-1,1.507e-19,2.471e+0,1.970e-23,2.205e+3,1.329e-20,1.040e-10,5.359e-20,6.637e-23,3.780e-1,1.906e-17,1.535e-2,4.200e-4,,7.486e+1,5.748e+1,,3.396e+1,2.756e-19,,9.439e-20,2.647e-16,2.094e-3,3.613e+1,1.343e-17,9.694e+0,,3.424e-18,,1.448e+0,2.528e-17,2.948e-17,,3.556e-1,7.734e-17
404.75,2.302e+3,7.440e-21,6.270e-20,5.306e-27,3.480e-35,1.496e-34,,1.595e-3,3.753e-22,,4.248e-15,2.858e-13,5.291e-30,1.058e-17,2.424e-21,1.348e-22,2.034e-1,7.818e-8,,7.308e-20,7.536e-17,2.590e-21,1.156e+0,5.321e+0,1.002e-26,8.545e-1,1.507e-19,2.433e+0,1.971e-23,2.087e+3,1.330e-20,1.270e-10,5.362e-20,6.638e-23,2.899e-1,1.896e-17,1.126e-2,2.417e-4,,7.025e+1,5.454e+1,,3.255e+1,2.765e-19,,9.436e-20,2.644e-16,1.262e-3,3.446e+1,1.317e-17,1.130e+1,,3.356e-18,,1.315e+0,2.525e-17,2.947e-17,,4.564e-1,7.738e-17
404.77,2.212e+3,7.442e-21,3.798e-20,6.466e-27,3.486e-35,1.489e-34,,2.008e-3,3.754e-22,,4.247e-15,1.729e-13,5.229e-30,1.058e-17,2.122e-21,2.036e-22,1.942e-1,6.940e-8,,7.274e-20,7.466e-17,2.092e-21,1.279e+0,6.147e+0,1.003e-26,8.765e-1,1.508e-19,2.413e+0,1.972e-23,2.001e+3,1.331e-20,1.443e-10,5.363e-20,6.639e-23,2.415e-1,1.889e-17,9.352e-3,1.663e-4,,6.744e+1,5.281e+1,,3.194e+1,2.772e-19,,9.435e-20,2.642e-16,8.951e-4,3.319e+1,1.299e-17,1.262e+1,,3.311e-18,,1.227e+0,2.523e-17,2.947e-17,,5.359e-1,7.740e-17
404.8,2.068e+3,7.444e-21,1.775e-20,8.622e-27,3.495e-35,1.477e-34,,2.811e-3,3.756e-22,,4.247e-15,8.063e-14,5.137e-30,1.058e-17,5.516e-21,3.744e-22,1.799e-1,5.755e-8,,7.225e-20,7.362e-17,1.505e-21,1.523e+0,7.566e+0,1.004e-26,9.040e-1,1.508e-19,2.390e+0,1.973e-23,1.861e+3,1.331e-20,1.732e-10,5.365e-20,6.640e-23,1.819e-1,1.878e-17,7.515e-3,9.403e-5,,6.365e+1,5.064e+1,,3.145e+1,2.781e-19,,9.432e-20,2.639e-16,5.300e-4,3.111e+1,1.272e-17,1.499e+1,,3.244e-18,,1.099e+0,2.520e-17,2.946e-17,,6.759e-1,7.743e-17
404.82,1.968e+3,7.445e-21,1.063e-20,1.039e-26,3.501e-35,1.470e-34,,3.497e-3,3.758e-22,,4.247e-15,4.820e-14,5.075e-30,1.058e-17,1.037e-20,5.589e-22,1.703e-1,5.051e-8,,7.191e-20,7.293e-17,1.202e-21,1.728e+0,8.640e+0,1.004e-26,9.184e-1,1.508e-19,2.378e+0,1.973e-23,1.764e+3,1.332e-20,1.946e-10,5.366e-20,6.641e-23,1.498e-1,1.872e-17,6.903e-3,6.395e-5,,6.140e+1,4.956e+1,,3.139e+1,2.787e-19,,9.430e-20,2.638e-16,3.716e-4,2.962e+1,1.254e-17,1.685e+1,,3.199e-18,,1.017e+0,2.518e-17,2.946e-17,,7.845e-1,7.746e-17
404.84,1.867e+3,7.446e-21,6.332e-21,1.245e-26,3.507e-35,1.462e-34,,4.330e-3,3.759e-22,,4.246e-15,2.868e-14,5.014e-30,1.058e-17,1.940e-20,8.303e-22,1.606e-1,4.413e-8,,7.158e-20,7.223e-17,9.549e-22,1.971e+0,9.820e+0,1.005e-26,9.291e-1,1.508e-19,2.367e+0,1.974e-23,1.663e+3,1.332e-20,2.175e-10,5.368e-20,6.642e-23,1.227e-1,1.865e-17,6.753e-3,4.331e-5,,5.937e+1,4.882e+1,,3.149e+1,2.793e-19,,9.429e-20,2.636e-16,2.593e-4,2.807e+1,1.236e-17,1.894e+1,,3.154e-18,,9.387e-1,2.516e-17,2.946e-17,,9.063e-1,7.748e-17
404.87,1.715e+3,7.448e-21,2.887e-21,1.620e-26,3.516e-35,1.451e-34,,5.916e-3,3.761e-22,,4.246e-15,1.305e-14,4.921e-30,1.058e-17,4.923e-20,1.491e-21,1.462e-1,3.573e-8,,7.108e-20,7.119e-17,6.705e-22,2.409e+0,1.180e+1,1.006e-26,9.382e-1,1.509e-19,2.353e+0,1.975e-23,1.510e+3,1.333e-20,2.550e-10,5.370e-20,6.643e-23,9.020e-2,1.854e-17,7.399e-3,2.400e-5,,5.672e+1,4.842e+1,,3.190e+1,2.803e-19,,9.426e-20,2.633e-16,1.498e-4,2.567e+1,1.209e-17,2.251e+1,,3.086e-18,,8.291e-1,2.513e-17,2.945e-17,,1.116e+0,7.751e-17
404.89,1.614e+3,7.450e-21,1.700e-21,1.920e-26,3.522e-35,1.444e-34,,7.241e-3,3.763e-22,,4.246e-15,7.671e-15,4.860e-30,1.058e-17,9.106e-20,2.189e-21,1.368e-1,3.086e-8,,7.075e-20,7.050e-17,5.266e-22,2.754e+0,1.325e+1,1.006e-26,9.394e-1,1.509e-19,2.344e+0,1.975e-23,1.407e+3,1.334e-20,2.818e-10,5.371e-20,6.644e-23,7.304e-2,1.848e-17,8.454e-3,1.618e-5,,5.521e+1,4.869e+1,,3.231e+1,2.809e-19,,9.424e-20,2.631e-16,1.033e-4,2.404e+1,1.191e-17,2.519e+1,,3.041e-18,,7.620e-1,2.511e-17,2.945e-17,,1.274e+0,7.754e-17
404.92,1.468e+3,7.451e-21,7.619e-22,2.455e-26,3.531e-35,1.432e-34,,9.722e-3,3.765e-22,,4.245e-15,3.428e-15,4.768e-30,1.058e-17,2.271e-19,3.862e-21,1.229e-1,2.456e-8,,7.026e-20,6.946e-17,3.633e-22,3.357e+0,1.564e+1,1.007e-26,9.336e-1,1.509e-19,2.330e+0,1.976e-23,1.255e+3,1.334e-20,3.245e-10,5.373e-20,6.646e-23,5.276e-2,1.837e-17,1.112e-2,9.087e-6,,5.332e+1,4.995e+1,,3.306e+1,2.818e-19,,9.422e-20,2.629e-16,5.863e-5,2.160e+1,1.165e-17,2.964e+1,,2.974e-18,,6.715e-1,2.508e-17,2.944e-17,,1.541e+0,7.757e-17
404.94,1.374e+3,7.453e-21,4.438e-22,2.876e-26,3.537e-35,1.425e-34,,1.176e-2,3.766e-22,,4.245e-15,1.992e-15,4.706e-30,1.058e-17,4.153e-19,5.606e-21,1.140e-1,2.097e-8,,6.992e-20,6.876e-17,2.820e-22,3.818e+0,1.737e+1,1.008e-26,9.249e-1,1.509e-19,2.321e+0,1.977e-23,1.157e+3,1.335e-20,3.545e-10,5.375e-20,6.647e-23,4.223e-2,1.830e-17,1.375e-2,6.388e-6,,5.228e+1,5.141e+1,,3.360e+1,2.824e-19,,9.420e-20,2.627e-16,3.996e-5,2.000e+1,1.147e-17,3.289e+1,,2.928e-18,,6.182e-1,2.506e-17,2.944e-17,,1.739e+0,7.759e-17
404.97,1.241e+3,7.455e-21,1.964e-22,3.614e-26,3.546e-35,1.413e-34,,1.552e-2,3.768e-22,,4.244e-15,8.748e-16,4.614e-30,1.058e-17,1.018e-18,9.720e-21,1.011e-1,1.640e-8,,6.943e-20,6.772e-17,1.911e-22,4.605e+0,2.015e+1,1.008e-26,9.047e-1,1.510e-19,2.307e+0,1.978e-23,1.014e+3,1.336e-20,4.012e-10,5.377e-20,6.648e-23,2.997e-2,1.820e-17,1.932e-2,4.300e-6,,5.105e+1,5.457e+1,,3.443e+1,2.834e-19,,9.418e-20,2.624e-16,2.229e-5,1.766e+1,1.120e-17,3.817e+1,,2.861e-18,,5.495e-1,2.503e-17,2.943e-17,,2.067e+0,7.763e-17
404.99,1.158e+3,7.456e-21,1.145e-22,4.184e-26,3.552e-35,1.406e-34,,1.856e-2,3.770e-22,,4.244e-15,5.024e-16,4.552e-30,1.058e-17,1.840e-18,1.395e-20,9.298e-2,1.384e-8,,6.909e-20,6.702e-17,1.466e-22,5.194e+0,2.212e+1,1.009e-26,8.868e-1,1.510e-19,2.298e+0,1.978e-23,9.233e+2,1.336e-20,4.332e-10,5.378e-20,6.649e-23,2.371e-2,1.813e-17,2.436e-2,3.878e-6,,5.042e+1,5.734e+1,,3.496e+1,2.840e-19,,9.416e-20,2.623e-16,1.501e-5,1.616e+1,1.102e-17,4.193e+1,,2.816e-18,,5.112e-1,2.501e-17,2.943e-17,,2.306e+0,7.765e-17
405.02,1.043e+3,7.458e-21,5.388e-23,5.168e-26,3.561e-35,1.395e-34,,2.406e-2,3.772e-22,,4.244e-15,2.167e-16,4.460e-30,1.058e-17,4.433e-18,2.377e-20,8.141e-2,1.064e-8,,6.860e-20,6.598e-17,9.766e-23,6.176e+0,2.521e+1,1.010e-26,8.542e-1,1.510e-19,2.286e+0,1.979e-23,7.953e+2,1.337e-20,4.818e-10,5.380e-20,6.650e-23,1.653e-2,1.803e-17,3.450e-2,4.493e-6,,4.971e+1,6.249e+1,,3.567e+1,2.849e-19,,9.414e-20,2.620e-16,8.225e-6,1.402e+1,1.075e-17,4.789e+1,,2.748e-18,,4.653e-1,2.498e-17,2.942e-17,,2.693e+0,7.768e-17
405.04,9.735e+2,7.459e-21,3.695e-23,5.914e-26,3.567e-35,1.387e-34,,2.845e-2,3.773e-22,,4.243e-15,1.230e-16,4.398e-30,1.058e-17,7.922e-18,3.371e-20,7.418e-2,8.878e-9,,6.826e-20,6.529e-17,7.405e-23,6.896e+0,2.735e+1,1.010e-26,8.290e-1,1.510e-19,2.279e+0,1.980e-23,7.158e+2,1.337e-20,5.143e-10,5.382e-20,6.651e-23,1.293e-2,1.796e-17,4.338e-2,5.800e-6,,4.938e+1,6.658e+1,,3.606e+1,2.855e-19,,9.412e-20,2.618e-16,5.475e-6,1.268e+1,2.034e-17,5.205e+1,,2.703e-18,,4.421e-1,2.496e-17,2.942e-17,,2.970e+0,7.771e-17
405.07,8.802e+2,7.461e-21,3.322e-23,7.177e-26,3.576e-35,1.376e-34,,3.624e-2,3.775e-22,,4.243e-15,5.213e-17,4.306e-30,1.058e-17,1.876e-17,5.646e-20,6.408e-2,6.708e-9,,6.777e-20,6.425e-17,4.846e-23,8.075e+0,3.064e+1,1.011e-26,7.870e-1,1.511e-19,2.273e+0,1.981e-23,6.059e+2,1.338e-20,5.621e-10,5.384e-20,6.652e-23,8.857e-3,1.786e-17,6.077e-2,9.547e-6,,4.904e+1,7.367e+1,,3.650e+1,2.865e-19,,9.409e-20,2.615e-16,2.948e-6,1.081e+1,5.244e-17,5.846e+1,,2.636e-18,,4.183e-1,2.493e-17,2.941e-17,,3.409e+0,7.774e-17
405.09,8.253e+2,7.463e-21,4.380e-23,8.119e-26,3.582e-35,1.368e-34,,4.235e-2,3.777e-22,,4.243e-15,2.924e-17,4.245e-30,1.058e-17,3.314e-17,7.916e-20,5.785e-2,5.532e-9,,6.743e-20,6.355e-17,3.631e-23,8.923e+0,3.286e+1,1.012e-26,7.569e-1,1.511e-19,2.272e+0,1.981e-23,5.391e+2,1.339e-20,5.929e-10,5.385e-20,6.653e-23,6.844e-3,1.779e-17,7.572e-2,1.373e-5,,4.889e+1,7.898e+1,,3.669e+1,2.871e-19,,9.408e-20,2.614e-16,1.939e-6,9.662e+0,9.804e-17,6.282e+1,,2.591e-18,,4.094e-1,2.491e-17,2.941e-17,,3.716e+0,7.776e-17
405.12,7.535e+2,7.465e-21,8.676e-23,9.683e-26,3.591e-35,1.357e-34,,5.303e-2,3.779e-22,,4.242e-15,1.217e-17,4.152e-30,1.058e-17,7.713e-17,1.303e-19,4.929e-2,4.108e-9,,6.694e-20,6.251e-17,2.335e-23,1.028e+1,3.617e+1,1.013e-26,7.097e-1,1.511e-19,2.276e+0,1.982e-23,4.485e+2,1.340e-20,6.368e-10,5.387e-20,6.655e-23,4.608e-3,1.769e-17,1.044e-1,2.393e-5,,4.874e+1,8.776e+1,,3.680e+1,2.880e-19,,9.405e-20,2.611e-16,1.026e-6,8.095e+0,2.485e-16,6.937e+1,,2.523e-18,,4.059e-1,2.488e-17,2.941e-17,,4.191e+0,7.780e-17
405.14,7.125e+2,7.466e-21,1.453e-22,1.083e-25,3.597e-35,1.350e-34,,6.125e-2,3.780e-22,,4.242e-15,6.749e-18,4.091e-30,1.058e-17,1.347e-16,1.806e-19,4.409e-2,3.349e-9,,6.660e-20,6.182e-17,1.729e-23,1.125e+1,3.834e+1,1.013e-26,6.775e-1,1.511e-19,2.283e+0,1.983e-23,3.944e+2,1.340e-20,6.640e-10,5.389e-20,6.656e-23,3.519e-3,1.762e-17,1.287e-1,3.464e-5,,4.865e+1,9.409e+1,,3.676e+1,2.886e-19,,9.403e-20,2.609e-16,6.670e-7,7.151e+0,4.593e-16,7.369e+1,,2.478e-18,,4.096e-1,2.486e-17,2.940e-17,,4.515e+0,7.782e-17
405.17,6.605e+2,7.468e-21,3.196e-22,1.269e-25,3.606e-35,1.338e-34,,7.536e-2,3.782e-22,,4.241e-15,2.761e-18,3.998e-30,1.058e-17,3.081e-16,2.921e-19,3.703e-2,2.444e-9,,6.611e-20,6.077e-17,1.093e-23,1.276e+1,4.147e+1,1.014e-26,6.295e-1,1.512e-19,2.302e+0,1.984e-23,3.225e+2,1.341e-20,7.009e-10,5.391e-20,6.657e-23,2.328e-3,1.752e-17,1.746e-1,5.994e-5,,4.849e+1,1.042e+2,,3.655e+1,2.896e-19,,9.401e-20,2.606e-16,3.466e-7,5.887e+0,1.144e-15,7.998e+1,,2.411e-18,,4.236e-1,2.483e-17,2.940e-17,,5.005e+0,7.785e-17
405.19,6.317e+2,7.469e-21,5.401e-22,1.402e-25,3.612e-35,1.331e-34,,8.604e-2,3.784e-22,,4.241e-15,1.512e-18,3.937e-30,1.058e-17,5.319e-16,4.002e-19,3.281e-2,1.969e-9,,6.578e-20,6.008e-17,7.997e-24,1.381e+1,4.345e+1,1.015e-26,5.983e-1,1.512e-19,2.321e+0,1.984e-23,2.805e+2,1.341e-20,7.224e-10,5.392e-20,6.658e-23,1.757e-3,1.745e-17,2.127e-1,8.595e-5,,4.834e+1,1.112e+2,,3.633e+1,2.902e-19,,9.399e-20,2.605e-16,2.228e-7,5.141e+0,2.091e-15,8.398e+1,,2.366e-18,,4.379e-1,2.481e-17,2.939e-17,,5.330e+0,7.788e-17
405.21,6.072e+2,7.471e-21,9.091e-22,1.543e-25,3.618e-35,1.323e-34,,9.777e-2,3.785e-22,,4.241e-15,8.246e-19,3.875e-30,1.058e-17,9.139e-16,5.457e-19,2.896e-2,1.580e-9,,6.544e-20,5.938e-17,5.826e-24,1.489e+1,4.531e+1,1.015e-26,5.683e-1,1.512e-19,2.344e+0,1.985e-23,2.428e+2,1.342e-20,7.410e-10,5.393e-20,6.659e-23,1.320e-3,1.738e-17,2.580e-1,1.227e-4,,4.814e+1,1.184e+2,,3.607e+1,2.908e-19,,9.398e-20,2.603e-16,1.425e-7,4.468e+0,3.803e-15,8.778e+1,,2.321e-18,,4.557e-1,2.479e-17,2.939e-17,,5.649e+0,7.790e-17
405.24,5.776e+2,7.473e-21,1.970e-21,1.764e-25,3.627e-35,1.312e-34,,1.174e-1,3.787e-22,,4.240e-15,3.291e-19,3.783e-30,1.058e-17,2.041e-15,8.616e-19,2.383e-2,1.125e-9,,6.495e-20,5.834e-17,3.592e-24,1.653e+1,4.783e+1,1.016e-26,5.263e-1,1.512e-19,2.387e+0,1.986e-23,1.941e+2,1.343e-20,7.632e-10,5.396e-20,6.660e-23,8.520e-4,1.728e-17,3.416e-1,2.075e-4,,4.770e+1,1.293e+2,,3.564e+1,2.917e-19,,9.395e-20,2.600e-16,7.224e-8,3.589e+0,9.247e-15,9.298e+1,,2.253e-18,,4.880e-1,2.476e-17,2.938e-17,,6.111e+0,7.793e-17
405.26,5.621e+2,7.474e-21,3.279e-21,1.918e-25,3.633e-35,1.304e-34,,1.319e-1,3.789e-22,,4.240e-15,1.773e-19,3.722e-30,1.058e-17,3.466e-15,1.161e-18,2.083e-2,8.918e-10,,6.461e-20,5.765e-17,2.586e-24,1.765e+1,4.930e+1,1.017e-26,5.009e-1,1.513e-19,2.421e+0,1.986e-23,1.664e+2,1.343e-20,7.739e-10,5.397e-20,6.661e-23,6.326e-4,1.721e-17,4.095e-1,2.929e-4,,4.729e+1,1.366e+2,,3.537e+1,2.924e-19,,9.393e-20,2.598e-16,4.566e-8,3.083e+0,1.663e-14,9.606e+1,,2.208e-18,,5.126e-1,2.474e-17,2.938e-17,,6.402e+0,7.796e-17
405.29,5.439e+2,7.476e-21,6.986e-21,2.156e-25,3.642e-35,1.293e-34,,1.556e-1,3.791e-22,,4.240e-15,6.951e-20,3.629e-30,1.058e-17,7.608e-15,1.802e-18,1.689e-2,6.240e-10,,6.412e-20,5.661e-17,1.566e-24,1.933e+1,5.114e+1,1.018e-26,4.677e-1,1.513e-19,2.480e+0,1.987e-23,1.312e+2,1.344e-20,7.833e-10,5.399e-20,6.662e-23,4.012e-4,1.711e-17,5.330e-1,4.868e-4,,4.649e+1,1.473e+2,,3.506e+1,2.933e-19,,9.391e-20,2.596e-16,2.275e-8,2.433e+0,3.974e-14,9.999e+1,,2.141e-18,,5.529e-1,2.471e-17,2.937e-17,,6.805e+0,7.799e-17
405.31,5.347e+2,7.477e-21,1.150e-20,2.317e-25,3.648e-35,1.286e-34,,1.728e-1,3.792e-22,,4.239e-15,3.702e-20,3.568e-30,1.058e-17,1.277e-14,2.401e-18,1.461e-2,4.890e-10,,6.378e-20,5.591e-17,1.115e-24,2.044e+1,5.210e+1,1.018e-26,4.491e-1,1.513e-19,2.524e+0,1.988e-23,1.117e+2,1.344e-20,7.851e-10,5.400e-20,6.663e-23,2.944e-4,1.704e-17,6.318e-1,6.792e-4,,4.582e+1,1.542e+2,,3.497e+1,2.939e-19,,9.389e-20,2.594e-16,1.421e-8,2.066e+0,7.064e-14,1.021e+2,,2.096e-18,,5.813e-1,2.469e-17,2.937e-17,,7.047e+0,7.801e-17
405.34,5.244e+2,7.479e-21,2.408e-20,2.560e-25,3.657e-35,1.274e-34,,2.004e-1,3.794e-22,,4.239e-15,1.426e-20,3.475e-30,1.058e-17,2.756e-14,3.661e-18,1.167e-2,3.363e-10,,6.329e-20,5.487e-17,6.634e-25,2.208e+1,5.311e+1,1.019e-26,4.271e-1,1.513e-19,2.595e+0,1.989e-23,8.751e+1,1.345e-20,7.809e-10,5.402e-20,6.665e-23,1.835e-4,1.694e-17,8.083e-1,1.110e-3,,4.460e+1,1.639e+2,,3.510e+1,2.948e-19,,9.387e-20,2.591e-16,6.955e-9,1.602e+0,1.659e-13,1.045e+2,,2.028e-18,,6.250e-1,2.466e-17,2.936e-17,,7.362e+0,7.805e-17
405.36,5.194e+2,7.481e-21,3.920e-20,2.719e-25,3.663e-35,1.267e-34,,2.199e-1,3.796e-22,,4.239e-15,7.504e-21,3.414e-30,1.058e-17,4.574e-14,4.823e-18,9.988e-3,2.605e-10,,6.295e-20,5.418e-17,4.666e-25,2.316e+1,5.348e+1,1.019e-26,4.167e-1,1.514e-19,2.644e+0,1.989e-23,7.451e+1,1.346e-20,7.736e-10,5.404e-20,6.666e-23,1.331e-4,1.687e-17,9.472e-1,1.530e-3,,4.365e+1,1.700e+2,,3.542e+1,2.955e-19,,9.385e-20,2.590e-16,4.294e-9,1.345e+0,2.916e-13,1.054e+2,,1.983e-18,,6.541e-1,2.464e-17,2.936e-17,,7.535e+0,7.807e-17
405.39,5.140e+2,7.483e-21,8.071e-20,2.952e-25,3.672e-35,1.256e-34,,2.506e-1,3.798e-22,,4.238e-15,7.498e-21,3.322e-30,1.058e-17,9.698e-14,7.227e-18,7.853e-3,1.760e-10,,6.246e-20,5.313e-17,2.728e-25,2.472e+1,5.358e+1,1.020e-26,4.075e-1,1.514e-19,2.720e+0,1.990e-23,5.911e+1,1.346e-20,7.562e-10,5.406e-20,6.667e-23,8.148e-5,1.676e-17,1.191e+0,2.457e-3,,4.200e+1,1.782e+2,,3.635e+1,2.964e-19,,9.382e-20,2.587e-16,2.065e-9,1.025e+0,6.733e-13,1.060e+2,,1.916e-18,,6.965e-1,2.461e-17,2.936e-17,,7.735e+0,7.810e-17
405.41,5.115e+2,7.484e-21,1.299e-19,3.099e-25,3.678e-35,1.248e-34,,2.718e-1,3.799e-22,,4.238e-15,7.494e-21,3.260e-30,1.058e-17,1.591e-13,9.410e-18,6.654e-3,1.348e-10,,6.213e-20,5.244e-17,1.897e-25,2.573e+1,5.333e+1,1.021e-26,4.057e-1,1.514e-19,2.771e+0,1.991e-23,5.129e+1,1.347e-20,7.405e-10,5.407e-20,6.668e-23,5.841e-5,1.670e-17,1.380e+0,3.350e-3,,4.077e+1,1.831e+2,,3.734e+1,2.970e-19,,9.381e-20,2.585e-16,1.260e-9,8.501e-1,1.169e-12,1.057e+2,,1.871e-18,,7.233e-1,2.459e-17,2.935e-17,,7.825e+0,7.812e-17
405.44,5.090e+2,7.486e-21,2.629e-19,3.306e-25,3.687e-35,1.237e-34,,3.044e-1,3.801e-22,,4.238e-15,7.489e-21,3.168e-30,1.058e-17,3.316e-13,1.386e-17,5.149e-3,8.948e-11,,6.163e-20,5.140e-17,1.090e-25,2.718e+1,5.250e+1,1.022e-26,4.096e-1,1.514e-19,2.844e+0,1.992e-23,4.285e+1,1.348e-20,7.113e-10,5.409e-20,6.669e-23,3.514e-5,1.659e-17,1.706e+0,5.286e-3,,3.875e+1,1.893e+2,,3.947e+1,2.980e-19,,9.378e-20,2.582e-16,5.954e-10,6.366e-1,2.654e-12,1.044e+2,,1.803e-18,,7.600e-1,2.456e-17,2.935e-17,,7.894e+0,7.816e-17
405.46,5.081e+2,7.487e-21,4.183e-19,3.432e-25,3.693e-35,1.229e-34,,3.264e-1,3.803e-22,,4.237e-15,7.485e-21,3.106e-30,1.058e-17,5.379e-13,1.784e-17,4.317e-3,6.771e-11,,6.130e-20,5.070e-17,7.487e-26,2.810e+1,5.165e+1,1.022e-26,4.163e-1,1.515e-19,2.891e+0,1.992e-23,3.922e+1,1.348e-20,6.885e-10,5.411e-20,6.670e-23,2.490e-5,1.652e-17,1.955e+0,7.124e-3,,3.730e+1,1.926e+2,,4.139e+1,2.986e-19,,9.376e-20,2.581e-16,3.591e-10,5.219e-1,4.558e-12,1.030e+2,,1.758e-18,,7.816e-1,2.454e-17,2.934e-17,,7.894e+0,7.818e-17
405.49,5.077e+2,7.489e-21,8.325e-19,3.598e-25,3.702e-35,1.218e-34,,3.592e-1,3.805e-22,,4.237e-15,7.479e-21,8.076e-30,1.058e-17,1.102e-12,2.582e-17,3.287e-3,4.418e-11,,6.080e-20,4.966e-17,4.226e-26,2.942e+1,4.996e+1,1.023e-26,4.323e-1,1.515e-19,2.954e+0,1.993e-23,3.657e+1,1.349e-20,6.500e-10,5.413e-20,6.671e-23,1.472e-5,1.642e-17,2.376e+0,1.105e-2,,3.499e+1,1.965e+2,,4.509e+1,2.995e-19,,9.374e-20,2.578e-16,1.667e-10,3.840e-1,1.017e-11,9.999e+1,,1.691e-18,,8.089e-1,2.451e-17,2.934e-17,,7.825e+0,7.822e-17
405.51,5.081e+2,7.491e-21,1.310e-18,3.691e-25,3.708e-35,1.211e-34,,3.807e-1,3.806e-22,,4.237e-15,7.475e-21,1.518e-29,1.058e-17,1.767e-12,3.285e-17,2.726e-3,3.304e-11,,6.047e-20,4.897e-17,2.870e-26,3.025e+1,4.858e+1,1.024e-26,4.465e-1,1.515e-19,2.991e+0,1.994e-23,3.657e+1,1.349e-20,6.219e-10,5.414e-20,6.672e-23,1.031e-5,1.635e-17,2.692e+0,1.472e-2,,3.339e+1,1.983e+2,,4.817e+1,3.001e-19,,9.372e-20,2.576e-16,9.935e-11,3.112e-1,1.726e-11,9.746e+1,,1.646e-18,,8.231e-1,2.449e-17,2.933e-17,,7.735e+0,7.824e-17
405.54,5.101e+2,7.493e-21,2.562e-18,3.803e-25,3.717e-35,1.199e-34,,4.118e-1,3.808e-22,,4.236e-15,7.470e-21,3.880e-29,1.058e-17,3.557e-12,4.672e-17,2.042e-3,2.119e-11,,5.997e-20,4.793e-17,1.592e-26,3.146e+1,4.619e+1,1.025e-26,4.726e-1,1.515e-19,3.038e+0,1.995e-23,3.917e+1,1.350e-20,5.771e-10,5.416e-20,6.674e-23,5.986e-6,1.625e-17,3.218e+0,2.243e-2,,3.093e+1,1.999e+2,,5.377e+1,3.011e-19,,9.370e-20,2.574e-16,4.531e-11,2.250e-1,3.784e-11,9.297e+1,,1.578e-18,,8.380e-1,2.446e-17,2.933e-17,,7.535e+0,7.827e-17
405.56,5.125e+2,7.494e-21,3.986e-18,3.857e-25,3.723e-35,1.192e-34,,4.314e-1,3.810e-22,,4.236e-15,7.466e-21,7.212e-29,1.058e-17,5.638e-12,5.876e-17,1.676e-3,1.566e-11,,5.964e-20,4.723e-17,1.068e-26,3.223e+1,4.439e+1,1.025e-26,4.927e-1,1.515e-19,3.062e+0,1.995e-23,4.264e+1,1.351e-20,5.458e-10,5.418e-20,6.675e-23,4.143e-6,1.618e-17,3.605e+0,2.954e-2,,2.927e+1,2.002e+2,,5.819e+1,3.017e-19,,9.368e-20,2.572e-16,2.669e-11,1.802e-1,6.350e-11,8.957e+1,,1.533e-18,,8.434e-1,2.444e-17,2.932e-17,,7.362e+0,7.829e-17
405.58,5.160e+2,7.495e-21,6.172e-18,3.895e-25,3.729e-35,1.184e-34,,4.498e-1,3.811e-22,,4.236e-15,7.462e-21,1.334e-28,1.057e-17,8.896e-12,7.355e-17,1.369e-3,1.152e-11,,5.930e-20,4.654e-17,7.136e-27,3.297e+1,4.247e+1,1.026e-26,5.145e-1,1.516e-19,3.080e+0,1.996e-23,4.755e+1,1.351e-20,5.139e-10,5.419e-20,6.676e-23,2.854e-6,1.611e-17,4.020e+0,3.872e-2,,2.762e+1,2.001e+2,,6.318e+1,3.023e-19,,9.366e-20,2.570e-16,1.565e-11,1.436e-1,1.061e-10,8.590e+1,,1.488e-18,,8.450e-1,2.443e-17,2.932e-17,,7.159e+0,7.832e-17
405.61,5.236e+2,7.497e-21,1.179e-17,3.917e-25,3.738e-35,1.173e-34,,4.748e-1,3.813e-22,,4.235e-15,7.456e-21,3.329e-28,1.057e-17,1.748e-11,1.021e-16,1.002e-3,7.210e-12,,5.881e-20,4.549e-17,3.862e-27,3.407e+1,3.940e+1,1.027e-26,5.497e-1,1.516e-19,3.095e+0,1.997e-23,5.772e+1,1.352e-20,4.654e-10,5.421e-20,6.677e-23,1.618e-6,1.601e-17,4.696e+0,5.760e-2,,2.518e+1,1.989e+2,,7.176e+1,3.032e-19,,9.364e-20,2.567e-16,6.963e-12,1.013e-1,2.270e-10,7.996e+1,,1.421e-18,,8.402e-1,2.440e-17,2.932e-17,,6.805e+0,7.835e-17
405.63,5.307e+2,7.499e-21,1.806e-17,3.910e-25,3.744e-35,1.165e-34,,4.893e-1,3.815e-22,,4.235e-15,7.453e-21,6.088e-28,1.057e-17,2.727e-11,1.264e-16,8.093e-4,5.243e-12,,5.847e-20,4.480e-17,2.550e-27,3.479e+1,3.726e+1,1.027e-26,5.742e-1,1.516e-19,3.098e+0,1.998e-23,6.651e+1,1.352e-20,4.332e-10,5.423e-20,6.678e-23,1.102e-6,1.594e-17,5.181e+0,7.463e-2,,2.360e+1,1.977e+2,,7.819e+1,3.038e-19,,9.362e-20,2.565e-16,4.035e-12,7.985e-2,3.749e-10,7.579e+1,,1.376e-18,,8.322e-1,2.438e-17,2.931e-17,,6.541e+0,7.837e-17
405.66,5.448e+2,7.501e-21,3.392e-17,3.868e-25,3.753e-35,1.154e-34,,5.076e-1,3.817e-22,,4.234e-15,7.447e-21,1.493e-27,1.057e-17,5.266e-11,1.724e-16,5.827e-4,3.223e-12,,5.798e-20,4.376e-17,1.356e-27,3.586e+1,3.397e+1,1.028e-26,6.115e-1,1.516e-19,3.088e+0,1.998e-23,8.295e+1,1.353e-20,3.858e-10,5.425e-20,6.679e-23,6.145e-7,1.584e-17,5.955e+0,1.091e-1,,2.134e+1,1.952e+2,,8.890e+1,3.048e-19,,9.360e-20,2.563e-16,1.764e-12,5.535e-2,7.886e-10,6.934e+1,,1.308e-18,,8.133e-1,2.435e-17,2.931e-17,,6.111e+0,7.841e-17
405.68,5.570e+2,7.502e-21,5.136e-17,3.818e-25,3.759e-35,1.147e-34,,5.171e-1,3.818e-22,,4.234e-15,7.443e-21,2.699e-27,1.057e-17,8.121e-11,2.109e-16,4.655e-4,2.317e-12,,5.765e-20,4.306e-17,8.846e-28,3.658e+1,3.175e+1,1.029e-26,6.361e-1,1.517e-19,3.074e+0,1.999e-23,9.626e+1,1.354e-20,3.550e-10,5.426e-20,6.680e-23,4.149e-7,1.577e-17,6.499e+0,1.397e-1,,1.992e+1,1.934e+2,,9.669e+1,3.054e-19,,9.358e-20,2.561e-16,1.010e-12,4.311e-2,1.287e-9,6.496e+1,,1.263e-18,,7.964e-1,2.433e-17,2.930e-17,,5.806e+0,7.843e-17
405.71,5.801e+2,7.504e-21,9.487e-17,3.716e-25,3.768e-35,1.135e-34,,5.271e-1,3.820e-22,,4.234e-15,7.437e-21,6.507e-27,1.057e-17,1.542e-10,2.828e-16,3.295e-4,1.400e-12,,5.715e-20,4.202e-17,4.622e-28,3.767e+1,2.844e+1,1.029e-26,6.716e-1,1.517e-19,3.041e+0,2.000e-23,1.201e+2,1.354e-20,3.109e-10,5.428e-20,6.681e-23,2.305e-7,1.567e-17,7.352e+0,2.008e-1,,1.794e+1,1.903e+2,,1.093e+2,3.063e-19,,9.355e-20,2.558e-16,4.339e-13,2.936e-2,2.662e-9,5.840e+1,,1.196e-18,,7.650e-1,2.430e-17,2.930e-17,,5.330e+0,7.846e-17
405.73,5.990e+2,7.505e-21,1.420e-16,3.630e-25,3.774e-35,1.128e-34,,5.308e-1,3.822e-22,,4.233e-15,7.434e-21,1.163e-26,1.057e-17,2.350e-10,3.419e-16,2.603e-4,9.943e-13,,5.682e-20,4.133e-17,2.981e-28,3.842e+1,2.628e+1,1.030e-26,6.937e-1,1.517e-19,3.012e+0,2.001e-23,1.387e+2,1.355e-20,2.830e-10,5.430e-20,6.682e-23,1.577e-7,1.560e-17,7.941e+0,2.542e-1,,1.674e+1,1.883e+2,,1.182e+2,3.069e-19,,9.354e-20,2.557e-16,2.456e-13,2.260e-2,4.295e-9,5.408e+1,,1.151e-18,,7.404e-1,2.428e-17,2.929e-17,,5.005e+0,7.849e-17
405.76,6.331e+2,7.507e-21,2.579e-16,3.480e-25,3.783e-35,1.117e-34,,5.317e-1,3.824e-22,,4.233e-15,7.428e-21,2.756e-26,1.057e-17,4.384e-10,4.506e-16,1.812e-4,5.902e-13,,5.632e-20,4.029e-17,1.530e-28,3.957e+1,2.313e+1,1.031e-26,7.238e-1,1.517e-19,2.959e+0,2.001e-23,1.712e+2,1.356e-20,2.438e-10,5.432e-20,6.684e-23,9.590e-8,1.550e-17,8.845e+0,3.590e-1,,1.513e+1,1.855e+2,,1.323e+2,3.079e-19,,9.351e-20,2.554e-16,1.036e-13,1.513e-2,8.729e-9,4.777e+1,,1.083e-18,,6.990e-1,2.425e-17,2.929e-17,,4.515e+0,7.852e-17
405.78,6.600e+2,7.508e-21,3.818e-16,3.368e-25,3.789e-35,1.109e-34,,5.293e-1,3.825e-22,,4.233e-15,7.424e-21,4.869e-26,1.057e-17,6.606e-10,5.385e-16,1.415e-4,4.144e-13,,5.599e-20,3.959e-17,9.752e-29,4.036e+1,2.112e+1,1.031e-26,7.413e-1,1.518e-19,2.917e+0,2.002e-23,1.960e+2,1.356e-20,2.196e-10,5.433e-20,6.685e-23,7.697e-8,1.543e-17,9.457e+0,4.493e-1,,1.419e+1,1.837e+2,,1.419e+2,3.085e-19,,9.350e-20,2.552e-16,5.797e-14,1.151e-2,1.393e-8,4.373e+1,,1.038e-18,,6.687e-1,2.423e-17,2.928e-17,,4.191e+0,7.854e-17
405.81,7.069e+2,7.510e-21,6.819e-16,3.189e-25,3.798e-35,1.098e-34,,5.210e-1,3.828e-22,,4.232e-15,7.419e-21,1.134e-25,1.057e-17,1.211e-9,6.975e-16,9.685e-5,2.417e-13,,5.549e-20,3.855e-17,4.919e-29,4.157e+1,1.827e+1,1.032e-26,7.631e-1,1.518e-19,2.848e+0,2.003e-23,2.382e+2,1.357e-20,1.863e-10,5.435e-20,6.686e-23,7.485e-8,1.533e-17,1.038e+1,6.236e-1,,1.299e+1,1.817e+2,,1.567e+2,3.094e-19,,9.347e-20,2.549e-16,2.404e-14,7.570e-3,2.782e-8,3.796e+1,,9.706e-19,,6.204e-1,2.420e-17,2.928e-17,,3.716e+0,7.858e-17
405.83,7.425e+2,7.512e-21,9.981e-16,3.065e-25,3.804e-35,1.090e-34,,5.126e-1,3.829e-22,,4.232e-15,7.415e-21,1.981e-25,1.057e-17,1.805e-9,8.240e-16,7.479e-5,1.678e-13,,5.516e-20,3.786e-17,3.099e-29,4.240e+1,1.650e+1,1.033e-26,7.742e-1,1.518e-19,2.797e+0,2.003e-23,2.699e+2,1.357e-20,1.661e-10,5.436e-20,6.687e-23,9.105e-8,1.526e-17,1.099e+1,7.714e-1,,1.233e+1,1.806e+2,,1.666e+2,3.100e-19,,9.345e-20,2.548e-16,1.329e-14,5.692e-3,4.387e-8,3.435e+1,,9.256e-19,,5.867e-1,2.418e-17,2.928e-17,,3.409e+0,7.860e-17
405.86,8.027e+2,7.514e-21,1.753e-15,2.879e-25,3.813e-35,1.079e-34,,4.959e-1,3.831e-22,,4.232e-15,7.409e-21,4.534e-25,1.057e-17,3.253e-9,1.049e-15,5.031e-5,9.615e-14,,5.466e-20,3.681e-17,1.536e-29,4.367e+1,1.402e+1,1.034e-26,7.855e-1,1.518e-19,2.717e+0,2.004e-23,3.227e+2,1.358e-20,1.389e-10,5.439e-20,6.688e-23,1.496e-7,1.515e-17,1.189e+1,1.052e+0,,1.154e+1,1.798e+2,,1.812e+2,3.110e-19,,9.343e-20,2.545e-16,5.413e-15,3.679e-3,8.613e-8,2.930e+1,,8.581e-19,,5.349e-1,2.415e-17,2.927e-17,,2.970e+0,7.863e-17
405.88,8.472e+2,7.515e-21,2.537e-15,2.759e-25,3.819e-35,1.071e-34,,4.823e-1,3.832e-22,,4.231e-15,7.405e-21,7.830e-25,1.057e-17,4.790e-9,1.225e-15,3.841e-5,6.595e-14,,5.433e-20,3.612e-17,9.561e-30,4.453e+1,1.251e+1,1.034e-26,7.893e-1,1.519e-19,2.660e+0,2.005e-23,3.615e+2,1.359e-20,1.227e-10,5.440e-20,6.689e-23,2.215e-7,1.509e-17,1.247e+1,1.287e+0,,1.116e+1,1.797e+2,,1.907e+2,3.116e-19,,9.341e-20,2.543e-16,2.957e-15,2.734e-3,1.343e-7,2.620e+1,,8.131e-19,,5.000e-1,2.413e-17,2.927e-17,,2.693e+0,7.866e-17
405.91,9.201e+2,7.517e-21,4.381e-15,2.594e-25,3.828e-35,1.060e-34,,4.585e-1,3.835e-22,,4.231e-15,7.400e-21,1.762e-24,1.057e-17,8.485e-9,1.532e-15,2.540e-5,3.714e-14,,5.383e-20,3.508e-17,4.656e-30,4.583e+1,1.045e+1,1.035e-26,7.894e-1,1.519e-19,2.574e+0,2.006e-23,4.249e+2,1.359e-20,1.014e-10,5.442e-20,6.690e-23,4.105e-7,1.498e-17,1.331e+1,1.725e+0,,1.077e+1,1.803e+2,,2.042e+2,3.125e-19,,9.339e-20,2.541e-16,1.184e-15,1.736e-3,2.591e-7,2.197e+1,,7.456e-19,,4.479e-1,2.410e-17,2.926e-17,,2.306e+0,7.869e-17
405.93,9.725e+2,7.518e-21,6.270e-15,2.498e-25,3.834e-35,1.053e-34,,4.408e-1,3.836e-22,,4.231e-15,7.396e-21,3.008e-24,1.057e-17,1.235e-8,1.769e-15,1.917e-5,2.518e-14,,5.350e-20,3.438e-17,2.865e-30,4.669e+1,9.217e+0,1.036e-26,7.858e-1,1.519e-19,2.515e+0,2.006e-23,4.706e+2,1.360e-20,8.891e-11,5.443e-20,6.691e-23,6.213e-7,1.492e-17,1.384e+1,2.085e+0,,1.064e+1,1.812e+2,,2.126e+2,3.132e-19,,9.337e-20,2.539e-16,6.392e-16,1.275e-3,3.993e-7,1.942e+1,,7.006e-19,,4.139e-1,2.408e-17,2.926e-17,,2.067e+0,7.871e-17
405.95,1.028e+3,7.520e-21,8.934e-15,2.418e-25,3.840e-35,1.045e-34,,4.217e-1,3.837e-22,,4.230e-15,7.392e-21,5.111e-24,1.057e-17,1.790e-8,2.032e-15,1.440e-5,1.699e-14,,5.317e-20,3.369e-17,1.755e-30,4.755e+1,8.090e+0,1.036e-26,7.793e-1,1.519e-19,2.456e+0,2.007e-23,5.188e+2,1.360e-20,7.782e-11,5.445e-20,6.692e-23,9.384e-7,1.485e-17,1.434e+1,2.509e+0,,1.059e+1,1.825e+2,,2.203e+2,3.138e-19,,9.335e-20,2.537e-16,3.435e-16,9.325e-4,6.126e-7,1.708e+1,,6.556e-19,,3.806e-1,2.406e-17,2.925e-17,,1.844e+0,7.874e-17
405.98,1.115e+3,7.522e-21,1.507e-14,2.335e-25,3.849e-35,1.034e-34,,3.913e-1,3.840e-22,,4.230e-15,7.386e-21,1.123e-23,1.057e-17,3.095e-8,2.482e-15,9.298e-6,9.336e-15,,5.267e-20,3.265e-17,8.336e-31,4.881e+1,6.595e+0,1.037e-26,7.647e-1,1.520e-19,2.367e+0,2.008e-23,5.954e+2,1.361e-20,6.350e-11,5.447e-20,6.694e-23,1.730e-6,1.474e-17,1.504e+1,3.283e+0,,1.068e+1,1.849e+2,,2.306e+2,3.147e-19,,9.333e-20,2.534e-16,1.341e-16,5.779e-4,1.154e-6,1.397e+1,,5.881e-19,,3.328e-1,2.403e-17,2.925e-17,,1.541e+0,7.877e-17
406,1.175e+3,7.523e-21,2.123e-14,2.310e-25,3.855e-35,1.026e-34,,3.700e-1,3.841e-22,,4.230e-15,7.383e-21,1.886e-23,1.057e-17,4.433e-8,2.819e-15,6.905e-6,6.227e-15,,5.234e-20,3.195e-17,5.046e-31,4.962e+1,5.722e+0,1.038e-26,7.520e-1,1.520e-19,2.309e+0,2.009e-23,6.488e+2,1.362e-20,5.537e-11,5.448e-20,6.695e-23,2.587e-6,1.468e-17,1.547e+1,3.905e+0,,1.084e+1,1.869e+2,,2.363e+2,3.153e-19,,9.331e-20,2.533e-16,7.125e-17,4.176e-4,1.750e-6,1.215e+1,,1.109e-18,,3.025e-1,2.401e-17,2.924e-17,,1.359e+0,7.879e-17
406.03,1.267e+3,7.525e-21,3.522e-14,2.328e-25,3.864e-35,1.015e-34,,3.374e-1,3.843e-22,,4.229e-15,7.377e-21,4.072e-23,1.057e-17,7.534e-8,3.382e-15,4.381e-6,3.362e-15,,5.184e-20,3.091e-17,2.356e-31,5.078e+1,4.584e+0,1.039e-26,7.290e-1,1.520e-19,2.224e+0,2.009e-23,7.319e+2,1.362e-20,4.506e-11,5.450e-20,6.696e-23,4.693e-6,1.457e-17,1.605e+1,5.022e+0,,1.119e+1,1.903e+2,,2.432e+2,3.163e-19,,9.328e-20,2.530e-16,2.734e-17,2.543e-4,3.240e-6,9.770e+0,,2.847e-18,,2.599e-1,2.398e-17,2.924e-17,,1.116e+0,7.883e-17
406.05,1.330e+3,7.526e-21,4.908e-14,2.384e-25,3.870e-35,1.008e-34,,3.154e-1,3.844e-22,,4.229e-15,7.373e-21,6.763e-23,1.057e-17,1.067e-7,3.797e-15,3.217e-6,2.216e-15,,5.151e-20,3.022e-17,1.409e-31,5.151e+1,3.931e+0,1.039e-26,7.116e-1,1.520e-19,2.168e+0,2.010e-23,7.886e+2,1.363e-20,3.931e-11,5.452e-20,6.697e-23,6.940e-6,1.450e-17,1.639e+1,5.904e+0,,1.150e+1,1.926e+2,,2.465e+2,3.169e-19,,9.327e-20,2.528e-16,,1.816e-4,4.858e-6,8.398e+0,,5.307e-18,,2.335e-1,2.396e-17,2.924e-17,,9.724e-1,7.885e-17
406.08,1.423e+3,7.528e-21,8.006e-14,2.545e-25,3.879e-35,9.963e-35,,2.826e-1,3.847e-22,,4.228e-15,7.367e-21,1.435e-22,1.057e-17,1.782e-7,4.478e-15,2.006e-6,1.176e-15,,5.101e-20,2.917e-17,6.464e-32,5.252e+1,3.095e+0,1.040e-26,6.829e-1,1.521e-19,2.087e+0,2.011e-23,8.744e+2,1.364e-20,3.212e-11,5.454e-20,6.698e-23,1.237e-5,1.440e-17,1.683e+1,7.462e+0,,1.206e+1,1.962e+2,,2.495e+2,3.178e-19,,9.324e-20,2.525e-16,,1.087e-4,8.840e-6,6.634e+0,,1.339e-17,,1.972e-1,2.393e-17,2.923e-17,,7.845e-1,7.888e-17
406.1,1.483e+3,7.530e-21,1.103e-13,2.711e-25,3.885e-35,9.888e-35,,2.611e-1,3.848e-22,,4.228e-15,7.364e-21,2.356e-22,1.057e-17,2.494e-7,4.970e-15,1.456e-6,7.661e-16,,5.068e-20,2.848e-17,3.822e-32,5.313e+1,2.623e+0,1.041e-26,6.627e-1,1.521e-19,2.035e+0,2.012e-23,9.314e+2,1.364e-20,2.817e-11,5.455e-20,6.699e-23,1.809e-5,1.433e-17,1.707e+1,8.672e+0,,1.249e+1,1.984e+2,,2.500e+2,3.184e-19,,9.323e-20,2.524e-16,,7.671e-5,1.310e-5,5.637e+0,,2.468e-17,,1.751e-1,2.391e-17,2.923e-17,,6.759e-1,7.891e-17
406.13,1.571e+3,7.532e-21,1.770e-13,3.060e-25,3.894e-35,9.776e-35,,2.299e-1,3.850e-22,,4.228e-15,7.358e-21,4.915e-22,1.057e-17,4.095e-7,5.760e-15,8.922e-7,3.993e-16,,5.018e-20,2.744e-17,1.722e-32,5.395e+1,2.029e+0,1.041e-26,6.314e-1,1.521e-19,1.958e+0,2.012e-23,1.015e+3,1.365e-20,2.329e-11,5.457e-20,6.700e-23,3.169e-5,1.423e-17,1.738e+1,1.077e+1,,1.319e+1,2.015e+2,,2.488e+2,3.194e-19,,9.320e-20,2.521e-16,,4.510e-5,2.343e-5,4.376e+0,,6.122e-17,,1.453e-1,2.388e-17,2.922e-17,,5.359e-1,7.894e-17
406.15,1.626e+3,7.533e-21,2.412e-13,3.368e-25,3.900e-35,9.700e-35,,2.100e-1,3.852e-22,,4.227e-15,7.354e-21,7.978e-22,1.057e-17,5.667e-7,6.319e-15,6.400e-7,2.572e-16,,4.985e-20,2.674e-17,1.007e-32,5.441e+1,1.700e+0,1.042e-26,6.103e-1,1.521e-19,1.909e+0,2.013e-23,1.069e+3,1.365e-20,2.064e-11,5.459e-20,6.701e-23,4.580e-5,1.416e-17,1.754e+1,1.238e+1,,1.370e+1,2.031e+2,,2.466e+2,3.200e-19,,9.318e-20,2.519e-16,,3.147e-5,3.433e-5,3.675e+0,,1.115e-16,,1.276e-1,2.386e-17,2.922e-17,,4.564e-1,7.896e-17
406.18,1.702e+3,7.535e-21,3.805e-13,3.956e-25,3.909e-35,9.588e-35,,1.817e-1,3.854e-22,,4.227e-15,7.348e-21,1.636e-21,1.057e-17,9.145e-7,7.198e-15,3.855e-7,1.317e-16,,4.935e-20,2.570e-17,4.457e-33,5.497e+1,1.293e+0,1.043e-26,5.790e-1,1.522e-19,1.838e+0,2.014e-23,1.146e+3,1.366e-20,1.741e-11,5.461e-20,6.703e-23,7.889e-5,1.406e-17,1.771e+1,1.511e+1,,1.451e+1,2.049e+2,,2.413e+2,3.209e-19,,9.316e-20,2.516e-16,,1.818e-5,6.036e-5,2.803e+0,,2.720e-16,,1.040e-1,2.383e-17,2.921e-17,,3.556e-1,7.900e-17
406.2,1.747e+3,7.536e-21,5.129e-13,4.441e-25,3.915e-35,9.512e-35,,1.641e-1,3.855e-22,,4.227e-15,7.345e-21,2.624e-21,1.057e-17,1.251e-6,7.805e-15,2.733e-7,8.384e-17,,4.902e-20,2.501e-17,2.574e-33,5.525e+1,1.070e+0,1.043e-26,5.588e-1,1.522e-19,1.792e+0,2.015e-23,1.194e+3,1.367e-20,1.565e-11,5.462e-20,6.704e-23,1.127e-4,1.399e-17,1.778e+1,1.716e+1,,1.508e+1,2.055e+2,,2.366e+2,3.215e-19,,9.314e-20,2.515e-16,,1.254e-5,8.742e-5,2.327e+0,,4.899e-16,,9.026e-2,2.381e-17,2.921e-17,,2.993e-1,7.902e-17
406.23,1.807e+3,7.538e-21,7.958e-13,5.321e-25,3.924e-35,9.400e-35,,1.395e-1,3.857e-22,,4.226e-15,7.339e-21,5.289e-21,1.057e-17,1.984e-6,8.738e-15,1.618e-7,4.220e-17,,4.852e-20,2.396e-17,1.120e-33,5.551e+1,7.997e-1,1.044e-26,5.299e-1,1.522e-19,1.724e+0,2.015e-23,1.258e+3,1.367e-20,1.352e-11,5.464e-20,6.705e-23,1.908e-4,1.389e-17,1.783e+1,2.058e+1,,1.598e+1,2.054e+2,,2.277e+2,3.225e-19,,9.312e-20,2.512e-16,,7.117e-6,1.511e-4,1.745e+0,,1.174e-15,,7.233e-2,2.378e-17,2.920e-17,,2.292e-1,7.905e-17
406.25,1.839e+3,7.540e-21,1.061e-12,6.018e-25,3.930e-35,9.325e-35,,1.245e-1,3.859e-22,,4.226e-15,7.335e-21,8.390e-21,1.057e-17,2.683e-6,9.366e-15,1.134e-7,2.654e-17,,4.819e-20,2.327e-17,6.394e-34,5.558e+1,6.546e-1,1.045e-26,5.119e-1,1.522e-19,1.680e+0,2.016e-23,1.296e+3,1.368e-20,1.236e-11,5.466e-20,6.706e-23,2.694e-4,1.382e-17,1.782e+1,2.311e+1,,1.662e+1,2.046e+2,,2.208e+2,3.231e-19,,9.310e-20,2.510e-16,,4.851e-6,2.163e-4,1.431e+0,,2.091e-15,,6.203e-2,2.376e-17,2.920e-17,,1.907e-1,7.907e-17
406.28,1.877e+3,7.542e-21,1.619e-12,7.244e-25,3.939e-35,9.212e-35,,1.040e-1,3.861e-22,,4.225e-15,7.330e-21,1.662e-20,1.057e-17,4.183e-6,1.030e-14,6.597e-8,1.313e-17,,4.769e-20,2.223e-17,2.734e-34,5.550e+1,4.806e-1,1.046e-26,4.869e-1,1.523e-19,1.614e+0,2.017e-23,1.344e+3,1.369e-20,1.093e-11,5.468e-20,6.707e-23,4.483e-4,1.372e-17,1.775e+1,2.725e+1,,1.763e+1,2.022e+2,,2.091e+2,3.240e-19,,9.307e-20,2.508e-16,,2.706e-6,3.674e-4,1.055e+0,,4.926e-15,,4.885e-2,2.373e-17,2.919e-17,,1.435e-1,7.911e-17
406.3,1.895e+3,7.543e-21,2.134e-12,8.187e-25,3.945e-35,9.137e-35,,9.177e-2,3.862e-22,,4.225e-15,7.326e-21,2.606e-20,1.057e-17,5.591e-6,1.092e-14,4.570e-8,8.162e-18,,4.736e-20,2.153e-17,1.542e-34,5.533e+1,3.888e-1,1.046e-26,4.717e-1,1.523e-19,1.571e+0,2.018e-23,1.370e+3,1.369e-20,1.014e-11,5.469e-20,6.708e-23,6.259e-4,1.365e-17,1.767e+1,3.024e+1,,1.835e+1,1.998e+2,,2.006e+2,3.246e-19,,9.306e-20,2.506e-16,,1.823e-6,5.200e-4,8.552e-1,,8.672e-15,,4.141e-2,2.371e-17,2.919e-17,,1.180e-1,7.913e-17
406.33,1.910e+3,7.545e-21,3.204e-12,9.803e-25,3.953e-35,9.024e-35,,7.536e-2,3.864e-22,,4.225e-15,7.320e-21,5.074e-20,1.057e-17,8.567e-6,1.181e-14,2.613e-8,3.966e-18,,4.686e-20,2.049e-17,6.478e-35,5.487e+1,2.805e-1,1.047e-26,4.511e-1,1.523e-19,1.506e+0,2.018e-23,1.398e+3,1.370e-20,9.148e-12,5.471e-20,6.709e-23,1.024e-3,1.355e-17,1.749e+1,3.504e+1,,1.952e+1,1.949e+2,,1.871e+2,3.256e-19,,9.303e-20,2.503e-16,,9.993e-7,8.680e-4,6.191e-1,,2.008e-14,,3.205e-2,2.368e-17,2.918e-17,,8.723e-2,7.917e-17
406.35,1.912e+3,7.546e-21,4.177e-12,1.102e-24,3.959e-35,8.949e-35,,6.571e-2,3.866e-22,,4.224e-15,7.316e-21,7.867e-20,1.057e-17,1.132e-5,1.237e-14,1.789e-8,2.437e-18,,4.653e-20,1.980e-17,3.612e-35,5.444e+1,2.243e-1,1.048e-26,4.388e-1,1.523e-19,1.463e+0,2.019e-23,1.410e+3,1.371e-20,8.586e-12,5.473e-20,6.710e-23,1.413e-3,1.348e-17,1.733e+1,3.844e+1,,2.037e+1,1.908e+2,,1.777e+2,3.262e-19,,9.302e-20,2.501e-16,,6.654e-7,1.215e-3,4.963e-1,,3.495e-14,,2.686e-2,2.366e-17,2.918e-17,,7.091e-2,7.919e-17
406.37,1.908e+3,7.548e-21,5.422e-12,1.235e-24,3.965e-35,8.874e-35,,5.702e-2,3.867e-22,,4.224e-15,7.313e-21,1.214e-19,1.057e-17,1.489e-5,1.289e-14,1.220e-8,1.491e-18,,4.620e-20,1.910e-17,2.005e-35,5.389e+1,1.786e-1,1.048e-26,4.276e-1,1.524e-19,1.420e+0,2.020e-23,1.417e+3,1.371e-20,8.087e-12,5.474e-20,6.711e-23,1.941e-3,1.341e-17,1.715e+1,4.198e+1,,2.129e+1,1.861e+2,,1.682e+2,3.268e-19,,9.300e-20,2.500e-16,,4.410e-7,1.692e-3,3.960e-1,,6.055e-14,,2.241e-2,2.364e-17,2.918e-17,,5.738e-2,7.921e-17
406.4,1.890e+3,7.550e-21,7.952e-12,1.456e-24,3.974e-35,8.761e-35,,4.570e-2,3.869e-22,,4.224e-15,7.307e-21,2.307e-19,1.057e-17,2.227e-5,1.360e-14,6.803e-9,7.068e-19,,4.570e-20,1.806e-17,8.216e-36,5.286e+1,1.257e-1,1.049e-26,4.127e-1,1.524e-19,1.356e+0,2.021e-23,1.416e+3,1.372e-20,7.431e-12,5.476e-20,6.713e-23,3.098e-3,1.331e-17,1.682e+1,4.749e+1,,2.282e+1,1.779e+2,,1.537e+2,3.277e-19,,9.297e-20,2.497e-16,,2.359e-7,2.757e-3,2.797e-1,,1.369e-13,,1.693e-2,2.361e-17,2.917e-17,,4.140e-2,7.924e-17
406.42,1.871e+3,7.551e-21,1.021e-11,1.618e-24,3.980e-35,8.686e-35,,3.920e-2,3.871e-22,,4.223e-15,7.303e-21,3.520e-19,1.057e-17,2.896e-5,1.402e-14,4.583e-9,4.273e-19,,4.537e-20,1.737e-17,4.507e-36,5.203e+1,9.890e-2,1.050e-26,4.037e-1,1.524e-19,1.313e+0,2.021e-23,1.409e+3,1.372e-20,7.043e-12,5.477e-20,6.714e-23,4.208e-3,1.324e-17,1.656e+1,5.126e+1,,2.396e+1,1.718e+2,,1.442e+2,3.284e-19,,9.296e-20,2.495e-16,,1.545e-7,3.795e-3,2.206e-1,,2.345e-13,,1.397e-2,2.359e-17,2.917e-17,,3.311e-2,7.927e-17
406.45,1.834e+3,7.553e-21,1.473e-11,1.882e-24,3.989e-35,8.573e-35,,3.087e-2,3.873e-22,,4.223e-15,7.297e-21,6.576e-19,1.057e-17,4.257e-5,1.454e-14,2.513e-9,1.991e-19,,4.487e-20,1.633e-17,1.815e-36,5.057e+1,6.842e-2,1.050e-26,3.915e-1,1.524e-19,1.248e+0,2.022e-23,1.390e+3,1.373e-20,6.519e-12,5.480e-20,6.715e-23,6.603e-3,1.313e-17,1.612e+1,5.700e+1,,2.588e+1,1.618e+2,,1.303e+2,3.293e-19,,9.293e-20,2.492e-16,,8.122e-8,6.079e-3,1.532e-1,,5.211e-13,,1.039e-2,2.356e-17,2.916e-17,,2.347e-2,7.930e-17
406.47,1.803e+3,7.554e-21,1.870e-11,2.071e-24,3.995e-35,8.498e-35,,2.618e-2,3.874e-22,,4.223e-15,7.294e-21,9.919e-19,1.057e-17,5.472e-5,1.481e-14,1.673e-9,1.189e-19,,4.454e-20,1.563e-17,9.838e-37,4.946e+1,5.321e-2,1.051e-26,3.840e-1,1.525e-19,1.204e+0,2.023e-23,1.372e+3,1.374e-20,6.201e-12,5.481e-20,6.716e-23,8.864e-3,1.307e-17,1.579e+1,6.083e+1,,2.733e+1,1.546e+2,,1.213e+2,3.299e-19,,9.291e-20,2.491e-16,,5.260e-8,8.274e-3,1.194e-1,,8.824e-13,,8.489e-3,2.354e-17,2.916e-17,,1.856e-2,7.932e-17
406.5,1.751e+3,7.556e-21,2.654e-11,2.374e-24,4.004e-35,8.385e-35,,2.026e-2,3.876e-22,,4.222e-15,7.288e-21,1.821e-18,1.057e-17,7.906e-5,1.510e-14,9.013e-10,5.445e-20,,1.153e-19,1.459e-17,3.893e-37,4.759e+1,3.618e-2,1.052e-26,3.731e-1,1.525e-19,1.140e+0,2.024e-23,1.338e+3,1.374e-20,5.765e-12,5.483e-20,6.717e-23,1.367e-2,1.296e-17,1.524e+1,6.649e+1,,2.977e+1,1.433e+2,,1.086e+2,3.308e-19,,9.289e-20,2.488e-16,,2.722e-8,1.303e-2,8.145e-2,,1.928e-12,,6.236e-3,2.351e-17,2.915e-17,,1.293e-2,7.936e-17
406.52,1.713e+3,7.557e-21,3.334e-11,2.586e-24,4.010e-35,8.310e-35,,1.698e-2,3.878e-22,,4.222e-15,7.284e-21,2.716e-18,1.057e-17,1.005e-4,1.520e-14,5.933e-10,3.215e-20,,2.160e-19,1.389e-17,2.086e-37,4.622e+1,2.781e-2,1.052e-26,3.660e-1,1.525e-19,1.097e+0,2.024e-23,1.312e+3,1.375e-20,5.498e-12,5.484e-20,6.718e-23,1.814e-2,1.290e-17,1.483e+1,7.015e+1,,3.161e+1,1.355e+2,,1.006e+2,3.315e-19,,9.287e-20,2.486e-16,,1.748e-8,1.753e-2,6.275e-2,,3.227e-12,,5.067e-3,2.349e-17,2.915e-17,,1.010e-2,7.938e-17
406.55,1.652e+3,7.559e-21,4.654e-11,2.919e-24,4.019e-35,8.197e-35,,1.292e-2,3.880e-22,,4.222e-15,7.278e-21,4.902e-18,1.057e-17,1.427e-4,1.523e-14,3.141e-10,1.446e-20,,5.495e-19,1.285e-17,8.109e-38,4.398e+1,1.858e-2,1.053e-26,3.551e-1,1.525e-19,1.033e+0,2.025e-23,1.269e+3,1.376e-20,5.128e-12,5.486e-20,6.719e-23,2.750e-2,1.279e-17,1.418e+1,7.539e+1,,3.471e+1,1.235e+2,,8.957e+1,3.324e-19,,9.285e-20,2.484e-16,,9.027e-9,2.712e-2,4.207e-2,,6.928e-12,,3.722e-3,2.346e-17,2.914e-17,,6.917e-3,7.941e-17
406.57,1.610e+3,7.561e-21,5.781e-11,3.149e-24,4.025e-35,8.122e-35,,1.070e-2,3.881e-22,,4.221e-15,7.275e-21,7.225e-18,1.057e-17,1.792e-4,1.516e-14,2.043e-10,8.441e-21,,1.018e-18,1.216e-17,4.294e-38,4.239e+1,1.412e-2,1.054e-26,3.475e-1,1.526e-19,9.919e-1,2.026e-23,1.238e+3,1.376e-20,4.901e-12,5.488e-20,6.720e-23,3.608e-2,1.272e-17,1.371e+1,7.866e+1,,3.703e+1,1.155e+2,,8.286e+1,3.330e-19,,9.283e-20,2.482e-16,,5.907e-9,3.607e-2,3.204e-2,,1.147e-11,,3.051e-3,2.344e-17,2.914e-17,,5.342e-3,7.944e-17
406.6,1.548e+3,7.563e-21,7.939e-11,3.500e-24,4.034e-35,8.009e-35,,7.998e-3,3.883e-22,,4.221e-15,7.269e-21,1.282e-17,1.057e-17,2.501e-4,1.492e-14,1.063e-10,3.731e-21,,2.546e-18,1.112e-17,4.274e-38,3.986e+1,9.267e-3,1.055e-26,3.354e-1,1.526e-19,9.312e-1,2.027e-23,1.192e+3,1.377e-20,4.588e-12,5.490e-20,6.722e-23,5.376e-2,1.262e-17,1.297e+1,8.314e+1,,4.094e+1,1.036e+2,,7.381e+1,3.339e-19,,9.280e-20,2.479e-16,,3.426e-9,5.486e-2,2.111e-2,,2.420e-11,,2.323e-3,2.341e-17,2.914e-17,,3.595e-3,7.947e-17
406.62,1.507e+3,7.564e-21,9.755e-11,3.736e-24,4.040e-35,7.934e-35,,6.549e-3,3.885e-22,,4.221e-15,7.265e-21,1.868e-17,1.057e-17,3.106e-4,1.468e-14,6.834e-11,2.152e-21,,4.664e-18,1.042e-17,4.261e-38,3.809e+1,6.959e-3,1.055e-26,3.268e-1,1.526e-19,8.920e-1,2.027e-23,1.161e+3,1.377e-20,4.397e-12,5.491e-20,6.723e-23,6.973e-2,1.255e-17,1.245e+1,8.580e+1,,4.384e+1,9.582e+1,,6.845e+1,3.346e-19,,9.279e-20,2.477e-16,,2.741e-9,7.214e-2,1.589e-2,,3.960e-11,,1.996e-3,2.339e-17,2.913e-17,,2.744e-3,7.949e-17
406.65,1.450e+3,7.566e-21,1.318e-10,4.089e-24,4.049e-35,7.821e-35,,4.810e-3,3.887e-22,,4.220e-15,7.259e-21,3.257e-17,1.057e-17,4.261e-4,1.421e-14,3.494e-11,9.348e-22,,1.146e-17,9.380e-18,4.242e-38,3.536e+1,4.490e-3,1.056e-26,3.128e-1,1.526e-19,8.353e-1,2.028e-23,1.118e+3,1.378e-20,4.134e-12,5.493e-20,6.724e-23,1.021e-1,1.245e-17,1.164e+1,8.923e+1,,4.867e+1,8.451e+1,,6.141e+1,3.355e-19,,9.276e-20,2.475e-16,,2.776e-9,1.078e-1,1.029e-2,,8.215e-11,,1.708e-3,2.336e-17,2.913e-17,,1.814e-3,7.953e-17
406.67,1.415e+3,7.567e-21,1.602e-10,4.321e-24,4.055e-35,7.746e-35,,3.894e-3,3.888e-22,,4.220e-15,7.256e-21,4.692e-17,1.057e-17,5.230e-4,1.382e-14,2.220e-11,5.330e-22,,2.076e-17,8.686e-18,4.229e-38,3.350e+1,3.333e-3,1.057e-26,3.028e-1,1.527e-19,7.992e-1,2.029e-23,1.091e+3,1.379e-20,3.974e-12,5.495e-20,6.725e-23,1.309e-1,1.238e-17,1.108e+1,9.112e+1,,5.224e+1,7.729e+1,,5.736e+1,3.361e-19,,9.275e-20,2.473e-16,,3.481e-9,1.402e-1,7.654e-3,,1.329e-10,,1.640e-3,2.334e-17,2.912e-17,,1.369e-3,7.955e-17
406.7,1.368e+3,7.569e-21,2.129e-10,4.656e-24,4.064e-35,7.634e-35,,2.811e-3,3.890e-22,,4.219e-15,7.250e-21,8.042e-17,1.057e-17,7.052e-4,1.314e-14,1.115e-11,2.275e-22,,5.024e-17,7.644e-18,4.209e-38,3.068e+1,2.113e-3,1.058e-26,2.867e-1,1.527e-19,7.480e-1,2.030e-23,1.055e+3,1.379e-20,3.756e-12,5.497e-20,6.726e-23,1.884e-1,1.228e-17,1.023e+1,9.334e+1,,5.812e+1,6.702e+1,,5.219e+1,3.370e-19,,9.272e-20,2.470e-16,,5.825e-9,2.060e-1,4.869e-3,,2.710e-10,,1.713e-3,2.331e-17,2.912e-17,,8.896e-4,7.958e-17
406.72,1.342e+3,7.571e-21,2.559e-10,4.869e-24,4.070e-35,7.558e-35,,2.249e-3,3.892e-22,,4.219e-15,7.246e-21,1.145e-16,1.057e-17,8.558e-4,1.263e-14,7.006e-12,1.282e-22,,8.997e-17,6.949e-18,4.196e-38,2.880e+1,1.550e-3,1.058e-26,2.754e-1,1.527e-19,7.158e-1,2.030e-23,1.035e+3,1.380e-20,3.624e-12,5.498e-20,6.727e-23,2.388e-1,1.221e-17,9.657e+0,9.440e+1,,6.243e+1,6.061e+1,,4.932e+1,3.377e-19,,9.270e-20,2.468e-16,,8.611e-9,2.647e-1,3.581e-3,,4.334e-10,,1.878e-3,2.329e-17,2.911e-17,,6.635e-4,7.961e-17
406.74,1.320e+3,7.572e-21,3.063e-10,5.071e-24,4.076e-35,7.483e-35,,1.791e-3,3.893e-22,,4.219e-15,7.242e-21,1.624e-16,1.057e-17,1.034e-3,1.209e-14,4.381e-12,7.202e-23,,1.604e-16,6.255e-18,4.183e-38,2.693e+1,1.132e-3,1.059e-26,2.635e-1,1.527e-19,6.852e-1,2.031e-23,1.018e+3,1.380e-20,3.503e-12,5.500e-20,6.728e-23,3.013e-1,1.214e-17,9.082e+0,9.513e+1,,6.704e+1,5.455e+1,,4.686e+1,3.383e-19,,9.269e-20,2.467e-16,,1.287e-8,3.385e-1,2.621e-3,,6.898e-10,,2.143e-3,2.327e-17,2.911e-17,,4.925e-4,7.963e-17
406.77,1.295e+3,7.574e-21,3.979e-10,5.348e-24,4.085e-35,7.371e-35,,1.261e-3,3.895e-22,,4.218e-15,7.237e-21,2.717e-16,1.057e-17,1.360e-3,1.122e-14,2.147e-12,3.027e-23,,3.784e-16,5.213e-18,4.164e-38,2.417e+1,7.004e-4,1.060e-26,2.451e-1,1.527e-19,6.426e-1,2.032e-23,1.000e+3,1.381e-20,3.339e-12,5.502e-20,6.729e-23,4.234e-1,1.204e-17,8.225e+0,9.566e+1,,7.457e+1,4.620e+1,,4.388e+1,3.392e-19,,9.266e-20,2.464e-16,,2.356e-8,4.855e-1,1.627e-3,,1.373e-9,,2.743e-3,2.324e-17,2.910e-17,,3.123e-4,7.966e-17
406.79,1.283e+3,7.575e-21,4.711e-10,5.512e-24,4.091e-35,7.295e-35,,9.929e-4,3.897e-22,,4.218e-15,7.233e-21,3.807e-16,1.057e-17,1.624e-3,1.061e-14,1.327e-12,1.720e-23,,6.668e-16,4.519e-18,4.151e-38,2.238e+1,5.056e-4,1.060e-26,2.323e-1,1.528e-19,6.164e-1,2.032e-23,9.923e+2,1.382e-20,3.242e-12,5.503e-20,6.730e-23,5.281e-1,1.197e-17,7.663e+0,9.568e+1,,7.999e+1,4.111e+1,,4.232e+1,3.398e-19,,9.264e-20,2.462e-16,,3.516e-8,6.140e-1,1.178e-3,,2.161e-9,,3.297e-3,2.322e-17,2.910e-17,,2.292e-4,7.969e-17
406.82,1.275e+3,7.577e-21,6.020e-10,5.724e-24,4.100e-35,7.183e-35,,6.874e-4,3.899e-22,,4.218e-15,7.227e-21,6.261e-16,1.057e-17,2.101e-3,9.680e-15,6.392e-13,8.258e-24,,1.546e-15,3.477e-18,4.131e-38,1.979e+1,3.074e-4,1.061e-26,2.129e-1,1.528e-19,5.801e-1,2.033e-23,9.875e+2,1.382e-20,3.114e-12,5.505e-20,6.732e-23,7.292e-1,1.187e-17,6.841e+0,9.530e+1,,8.876e+1,3.422e+1,,4.052e+1,3.408e-19,,9.262e-20,2.459e-16,,6.358e-8,8.655e-1,7.184e-4,,4.230e-9,,4.400e-3,2.319e-17,2.909e-17,,1.428e-4,7.972e-17
406.84,1.276e+3,7.579e-21,7.051e-10,5.839e-24,4.106e-35,7.107e-35,,5.348e-4,3.900e-22,,4.217e-15,7.224e-21,8.675e-16,1.057e-17,2.480e-3,9.052e-15,3.905e-13,6.343e-24,,2.694e-15,2.782e-18,4.118e-38,1.814e+1,2.193e-4,1.062e-26,1.998e-1,1.528e-19,5.579e-1,2.034e-23,9.887e+2,1.383e-20,3.042e-12,5.507e-20,6.733e-23,8.991e-1,1.180e-17,6.311e+0,9.485e+1,,9.503e+1,3.011e+1,,3.963e+1,3.414e-19,,9.260e-20,2.458e-16,,9.387e-8,1.082e+0,5.138e-4,,6.580e-9,,5.347e-3,2.317e-17,2.909e-17,,1.036e-4,7.974e-17
406.87,1.284e+3,7.581e-21,8.864e-10,5.971e-24,4.115e-35,6.995e-35,,3.638e-4,3.902e-22,,4.217e-15,7.218e-21,1.402e-15,1.057e-17,3.154e-3,8.114e-15,1.848e-13,7.704e-24,,6.143e-15,1.741e-18,4.098e-38,1.579e+1,1.310e-4,1.062e-26,1.803e-1,1.528e-19,5.274e-1,2.035e-23,9.965e+2,1.384e-20,2.955e-12,5.509e-20,6.734e-23,1.220e+0,1.170e-17,5.551e+0,9.405e+1,,1.051e+2,2.464e+1,,3.871e+1,3.423e-19,,9.258e-20,2.455e-16,,1.670e-7,1.499e+0,3.080e-4,,1.266e-8,,7.149e-3,2.314e-17,2.909e-17,,6.341e-5,7.978e-17
406.89,1.294e+3,7.582e-21,1.027e-9,6.029e-24,4.121e-35,6.920e-35,,2.798e-4,3.904e-22,,4.217e-15,7.214e-21,1.921e-15,1.057e-17,3.680e-3,7.500e-15,1.116e-13,1.177e-23,,1.058e-14,1.046e-18,4.085e-38,1.433e+1,9.241e-5,1.063e-26,1.675e-1,1.529e-19,5.088e-1,2.035e-23,1.005e+3,1.384e-20,2.914e-12,5.510e-20,6.735e-23,1.487e+0,1.163e-17,5.071e+0,9.355e+1,,1.121e+2,2.144e+1,,3.832e+1,3.429e-19,,9.256e-20,2.453e-16,,2.437e-7,1.852e+0,2.177e-4,,1.947e-8,,8.648e-3,2.312e-17,2.908e-17,,4.546e-5,7.980e-17
406.92,1.316e+3,7.584e-21,1.270e-9,6.069e-24,4.130e-35,6.807e-35,,1.871e-4,3.906e-22,,4.216e-15,7.208e-21,3.052e-15,1.057e-17,4.599e-3,6.607e-15,5.189e-14,2.582e-23,,2.372e-14,4.250e-21,4.066e-38,1.228e+1,5.425e-5,1.064e-26,1.487e-1,1.529e-19,4.833e-1,2.036e-23,1.022e+3,1.385e-20,2.887e-12,5.512e-20,6.736e-23,1.984e+0,1.153e-17,4.394e+0,9.304e+1,,1.234e+2,1.725e+1,,3.801e+1,3.439e-19,,9.254e-20,2.451e-16,,4.262e-7,2.523e+0,1.283e-4,,3.682e-8,,1.143e-2,2.309e-17,2.908e-17,,2.736e-5,7.983e-17
406.94,1.334e+3,7.585e-21,1.456e-9,6.065e-24,4.136e-35,6.732e-35,,1.422e-4,3.907e-22,,4.216e-15,7.205e-21,4.132e-15,1.057e-17,5.305e-3,6.037e-15,3.097e-14,4.468e-23,,4.039e-14,8.009e-21,4.053e-38,1.102e+1,3.782e-5,1.064e-26,1.366e-1,1.529e-19,4.676e-1,2.037e-23,1.036e+3,1.385e-20,2.897e-12,5.514e-20,6.737e-23,2.391e+0,1.146e-17,3.975e+0,9.302e+1,,1.312e+2,1.483e+1,,3.797e+1,3.445e-19,,9.252e-20,2.449e-16,,6.150e-7,3.082e+0,8.963e-5,,5.598e-8,,1.370e-2,2.307e-17,2.907e-17,,1.938e-5,7.986e-17
406.97,1.366e+3,7.587e-21,1.772e-9,6.013e-24,4.145e-35,6.619e-35,,9.343e-5,3.909e-22,,4.216e-15,7.199e-21,6.454e-15,1.057e-17,6.515e-3,5.226e-15,1.415e-14,1.018e-22,,8.899e-14,2.054e-20,4.033e-38,9.301e+0,2.182e-5,1.065e-26,1.193e-1,1.529e-19,4.459e-1,2.038e-23,1.058e+3,1.386e-20,2.968e-12,5.516e-20,6.738e-23,3.135e+0,1.135e-17,3.395e+0,9.371e+1,,1.435e+2,1.174e+1,,3.809e+1,3.454e-19,,9.249e-20,2.446e-16,,1.057e-6,4.125e+0,5.190e-5,,1.041e-7,,1.783e-2,2.304e-17,2.907e-17,,1.146e-5,7.989e-17
406.99,1.389e+3,7.589e-21,2.008e-9,5.947e-24,4.151e-35,6.544e-35,,7.020e-5,3.911e-22,,4.215e-15,7.195e-21,8.639e-15,1.057e-17,7.430e-3,4.720e-15,8.347e-15,1.756e-22,,1.498e-13,3.827e-20,4.020e-38,8.260e+0,1.503e-5,1.066e-26,1.084e-1,1.530e-19,4.325e-1,2.038e-23,1.073e+3,1.387e-20,3.064e-12,5.517e-20,6.739e-23,3.735e+0,1.129e-17,3.043e+0,9.482e+1,,1.521e+2,9.989e+0,,3.829e+1,3.460e-19,,9.248e-20,2.444e-16,,1.508e-6,4.982e+0,3.584e-5,,1.564e-7,,2.113e-2,2.302e-17,2.906e-17,,8.028e-6,7.991e-17
407.02,1.426e+3,7.591e-21,2.405e-9,5.804e-24,4.160e-35,6.431e-35,,4.533e-5,3.913e-22,,4.215e-15,7.189e-21,1.326e-14,1.057e-17,8.969e-3,4.017e-15,3.748e-15,3.947e-22,,3.245e-13,9.649e-20,4.001e-38,6.856e+0,8.523e-6,1.067e-26,9.309e-2,1.530e-19,4.137e-1,2.039e-23,1.095e+3,1.387e-20,3.306e-12,5.519e-20,6.741e-23,4.813e+0,1.118e-17,2.565e+0,9.774e+1,,1.652e+2,7.784e+0,,3.872e+1,3.470e-19,,9.245e-20,2.442e-16,,2.548e-6,6.554e+0,2.039e-5,,2.858e-7,,2.704e-2,2.299e-17,2.906e-17,,4.665e-6,7.995e-17
407.04,1.452e+3,7.592e-21,2.697e-9,5.682e-24,4.166e-35,6.356e-35,,3.366e-5,3.914e-22,,4.215e-15,7.186e-21,1.755e-14,1.057e-17,1.011e-2,3.586e-15,2.185e-15,6.734e-22,,5.402e-13,1.777e-19,3.988e-38,6.023e+0,5.805e-6,1.067e-26,8.363e-2,1.530e-19,4.020e-1,2.040e-23,1.109e+3,1.388e-20,3.552e-12,5.520e-20,6.742e-23,5.668e+0,1.111e-17,2.281e+0,1.007e+2,,1.742e+2,6.562e+0,,3.909e+1,3.476e-19,,9.243e-20,2.440e-16,,3.593e-6,7.825e+0,1.392e-5,,4.247e-7,,3.170e-2,2.297e-17,2.905e-17,,3.230e-6,7.997e-17
407.07,1.490e+3,7.594e-21,3.177e-9,5.460e-24,4.175e-35,6.243e-35,,2.136e-5,3.916e-22,,4.214e-15,7.180e-21,2.648e-14,1.057e-17,1.200e-2,2.999e-15,9.642e-16,1.488e-21,,1.150e-12,4.405e-19,3.968e-38,4.918e+0,3.234e-6,1.068e-26,7.062e-2,1.530e-19,3.855e-1,2.041e-23,1.126e+3,1.389e-20,4.087e-12,5.523e-20,6.743e-23,7.180e+0,1.101e-17,1.905e+0,1.069e+2,,1.878e+2,5.052e+0,,3.976e+1,3.485e-19,,9.241e-20,2.437e-16,,5.966e-6,1.012e+1,7.782e-6,,7.629e-7,,3.987e-2,2.294e-17,2.905e-17,,1.844e-6,8.000e-17
407.09,1.515e+3,7.595e-21,3.524e-9,5.290e-24,4.181e-35,6.168e-35,,1.568e-5,3.918e-22,,4.214e-15,7.176e-21,3.465e-14,1.057e-17,1.337e-2,2.646e-15,5.556e-16,2.510e-21,,1.893e-12,8.022e-19,3.955e-38,4.273e+0,2.177e-6,1.069e-26,6.273e-2,1.531e-19,3.752e-1,2.041e-23,1.134e+3,1.389e-20,4.583e-12,5.524e-20,6.744e-23,8.358e+0,1.094e-17,1.687e+0,1.125e+2,,1.970e+2,4.236e+0,,4.028e+1,3.491e-19,,9.239e-20,2.435e-16,,8.319e-6,1.194e+1,5.251e-6,,1.121e-6,,4.620e-2,2.292e-17,2.905e-17,,1.262e-6,8.002e-17
407.11,1.539e+3,7.597e-21,3.893e-9,5.104e-24,4.187e-35,6.093e-35,,1.146e-5,3.919e-22,,4.214e-15,7.172e-21,4.511e-14,1.057e-17,1.483e-2,2.325e-15,3.187e-16,4.214e-21,,3.101e-12,1.454e-18,3.942e-38,3.697e+0,1.459e-6,1.069e-26,5.546e-2,1.531e-19,3.655e-1,2.042e-23,1.139e+3,1.390e-20,5.221e-12,5.525e-20,6.745e-23,9.684e+0,1.088e-17,1.493e+0,1.192e+2,,2.062e+2,3.551e+0,,4.084e+1,3.498e-19,,9.238e-20,2.434e-16,,1.155e-5,1.403e+1,3.526e-6,,1.639e-6,,5.328e-2,2.290e-17,2.904e-17,,8.595e-7,8.005e-17
407.14,1.572e+3,7.599e-21,4.482e-9,4.799e-24,4.196e-35,5.980e-35,,7.095e-6,3.921e-22,,4.213e-15,7.167e-21,6.646e-14,1.056e-17,1.717e-2,1.897e-15,1.372e-16,9.091e-21,,6.448e-12,3.519e-18,3.922e-38,2.950e+0,7.930e-7,1.070e-26,4.572e-2,1.531e-19,3.520e-1,2.043e-23,1.142e+3,1.390e-20,6.507e-12,5.527e-20,6.746e-23,1.197e+1,1.077e-17,1.249e+0,1.318e+2,,2.198e+2,2.740e+0,,4.178e+1,3.507e-19,,9.235e-20,2.431e-16,,1.872e-5,1.771e+1,1.924e-6,,2.874e-6,,6.543e-2,2.287e-17,2.904e-17,,4.790e-7,8.008e-17
407.16,1.593e+3,7.600e-21,4.898e-9,4.582e-24,4.202e-35,5.905e-35,,5.125e-6,3.923e-22,,4.213e-15,7.163e-21,8.555e-14,1.056e-17,1.883e-2,1.647e-15,7.778e-17,1.509e-20,,1.044e-11,6.308e-18,3.909e-38,2.523e+0,5.252e-7,1.071e-26,3.997e-2,1.531e-19,3.440e-1,2.043e-23,1.139e+3,1.391e-20,7.634e-12,5.529e-20,6.747e-23,1.372e+1,1.070e-17,1.114e+0,1.420e+2,,2.287e+2,2.324e+0,,4.246e+1,3.513e-19,,9.233e-20,2.429e-16,,2.568e-5,2.056e+1,1.277e-6,,4.155e-6,,7.461e-2,2.285e-17,2.903e-17,,3.225e-7,8.010e-17
407.19,1.620e+3,7.602e-21,5.549e-9,4.242e-24,4.211e-35,5.792e-35,,3.118e-6,3.925e-22,,4.212e-15,7.157e-21,1.239e-13,1.056e-17,2.144e-2,1.321e-15,3.290e-17,3.200e-20,,2.134e-11,1.501e-17,3.890e-38,1.980e+0,2.806e-7,1.072e-26,3.239e-2,1.532e-19,3.334e-1,2.044e-23,1.128e+3,1.392e-20,9.836e-12,5.531e-20,6.748e-23,1.667e+1,1.060e-17,9.527e-1,1.602e+2,,2.415e+2,1.862e+0,,4.356e+1,3.522e-19,,9.231e-20,2.426e-16,,4.092e-5,2.551e+1,6.848e-7,,7.162e-6,,9.005e-2,2.282e-17,2.903e-17,,1.766e-7,8.014e-17
407.21,1.637e+3,7.603e-21,5.998e-9,4.008e-24,4.217e-35,5.717e-35,,2.226e-6,3.926e-22,,4.212e-15,7.153e-21,1.576e-13,1.056e-17,2.324e-2,1.134e-15,1.844e-17,5.252e-20,,3.418e-11,2.659e-17,3.877e-38,1.675e+0,1.837e-7,1.072e-26,2.799e-2,1.532e-19,3.276e-1,2.045e-23,1.115e+3,1.392e-20,1.172e-11,5.532e-20,6.749e-23,1.888e+1,1.053e-17,8.705e-1,1.743e+2,,2.497e+2,1.649e+0,,4.433e+1,3.529e-19,,9.229e-20,2.425e-16,,5.551e-5,2.929e+1,4.493e-7,,1.024e-5,,1.015e-1,2.280e-17,2.902e-17,,1.175e-7,8.016e-17
407.24,1.657e+3,7.605e-21,6.686e-9,3.653e-24,4.226e-35,5.604e-35,,1.331e-6,3.928e-22,,4.212e-15,7.148e-21,2.244e-13,1.056e-17,2.600e-2,8.941e-16,7.665e-18,1.095e-19,,6.867e-11,6.218e-17,3.857e-38,1.293e+0,9.644e-8,1.073e-26,2.229e-2,1.532e-19,3.212e-1,2.046e-23,1.090e+3,1.393e-20,1.530e-11,5.534e-20,6.751e-23,2.255e+1,1.043e-17,7.828e-1,1.984e+2,,2.613e+2,1.453e+0,,4.552e+1,3.538e-19,,9.227e-20,2.422e-16,,8.695e-5,3.572e+1,2.367e-7,,1.734e-5,,1.204e-1,2.277e-17,2.902e-17,,6.323e-8,8.019e-17
407.26,1.668e+3,7.607e-21,7.149e-9,3.415e-24,4.232e-35,5.529e-35,,9.395e-7,3.930e-22,,4.211e-15,7.144e-21,2.823e-13,1.056e-17,2.786e-2,7.586e-16,4.245e-18,1.776e-19,,1.087e-10,1.089e-16,3.844e-38,1.082e+0,6.240e-8,1.073e-26,1.904e-2,1.532e-19,3.187e-1,2.046e-23,1.068e+3,1.393e-20,1.830e-11,5.536e-20,6.752e-23,2.525e+1,1.036e-17,7.468e-1,2.165e+2,,2.684e+2,1.397e+0,,4.633e+1,3.544e-19,,9.225e-20,2.420e-16,,1.166e-4,4.054e+1,1.535e-7,,2.451e-5,,1.342e-1,2.275e-17,2.901e-17,,4.159e-8,8.022e-17
407.29,1.682e+3,7.609e-21,7.841e-9,3.064e-24,4.241e-35,5.416e-35,,5.521e-7,3.932e-22,,4.211e-15,7.138e-21,3.949e-13,1.056e-17,3.063e-2,5.877e-16,1.734e-18,3.640e-19,,2.147e-10,2.505e-16,3.825e-38,8.208e-1,3.219e-8,1.074e-26,1.491e-2,1.533e-19,3.180e-1,2.047e-23,1.028e+3,1.394e-20,2.389e-11,5.538e-20,6.753e-23,2.965e+1,1.026e-17,7.243e-1,2.466e+2,,2.779e+2,1.418e+0,,4.755e+1,3.553e-19,,9.222e-20,2.418e-16,,1.795e-4,4.859e+1,7.949e-8,,4.081e-5,,1.564e-1,2.272e-17,2.901e-17,,2.199e-8,8.025e-17
407.31,1.689e+3,7.610e-21,8.293e-9,2.835e-24,4.247e-35,5.341e-35,,3.851e-7,3.933e-22,,4.211e-15,7.134e-21,4.912e-13,1.056e-17,3.245e-2,4.929e-16,9.493e-19,5.839e-19,,3.361e-10,4.338e-16,3.812e-38,6.791e-1,2.059e-8,1.075e-26,1.259e-2,1.533e-19,3.200e-1,2.048e-23,9.979e+2,1.395e-20,2.847e-11,5.539e-20,6.754e-23,3.281e+1,1.019e-17,7.292e-1,2.685e+2,,2.835e+2,1.498e+0,,4.834e+1,3.560e-19,,9.221e-20,2.416e-16,,2.380e-4,5.451e+1,5.096e-8,,5.701e-5,,1.723e-1,2.270e-17,2.901e-17,,1.430e-8,8.027e-17
407.34,1.697e+3,7.612e-21,8.949e-9,2.504e-24,4.256e-35,5.229e-35,,2.224e-7,3.936e-22,,4.210e-15,7.129e-21,6.755e-13,1.056e-17,3.507e-2,3.753e-16,3.811e-19,1.176e-18,,6.527e-10,9.804e-16,3.792e-38,5.067e-1,1.044e-8,1.076e-26,9.685e-3,1.533e-19,3.271e-1,2.049e-23,9.470e+2,1.395e-20,3.687e-11,5.541e-20,6.755e-23,3.787e+1,1.009e-17,7.645e-1,3.039e+2,,2.905e+2,1.716e+0,,4.946e+1,3.569e-19,,9.218e-20,2.413e-16,,3.602e-4,6.422e+1,2.593e-8,,9.333e-5,,1.975e-1,2.267e-17,2.900e-17,,7.430e-9,8.031e-17
407.36,1.700e+3,7.613e-21,9.364e-9,2.292e-24,4.262e-35,5.153e-35,,1.533e-7,3.937e-22,,4.210e-15,7.125e-21,8.306e-13,1.056e-17,3.673e-2,3.111e-16,2.062e-19,1.865e-18,,1.010e-9,1.679e-15,3.779e-38,4.145e-1,6.599e-9,1.076e-26,8.084e-3,1.533e-19,3.349e-1,2.049e-23,9.101e+2,1.396e-20,4.362e-11,5.543e-20,6.756e-23,4.143e+1,1.002e-17,8.058e-1,3.290e+2,,2.943e+2,1.926e+0,,5.015e+1,3.575e-19,,9.216e-20,2.411e-16,,4.721e-4,7.123e+1,1.643e-8,,1.289e-4,,2.151e-1,2.265e-17,2.900e-17,,4.775e-9,8.033e-17
407.39,1.702e+3,7.615e-21,9.942e-9,1.992e-24,4.271e-35,5.041e-35,,8.703e-8,3.939e-22,,4.210e-15,7.119e-21,1.123e-12,1.056e-17,3.902e-2,2.328e-16,8.133e-20,3.694e-18,,1.928e-9,3.730e-15,3.759e-38,3.041e-1,3.288e-9,1.077e-26,6.113e-3,1.534e-19,3.518e-1,2.050e-23,8.510e+2,1.397e-20,5.577e-11,5.545e-20,6.757e-23,4.701e+1,9.916e-18,8.927e-1,3.684e+2,,2.983e+2,2.344e+0,,5.106e+1,3.584e-19,,9.214e-20,2.409e-16,,7.022e-4,8.248e+1,8.213e-9,,2.074e-4,,2.423e-1,2.262e-17,2.899e-17,,2.438e-9,8.036e-17
407.41,1.703e+3,7.616e-21,1.029e-8,1.805e-24,4.277e-35,4.966e-35,,5.931e-8,3.940e-22,,4.209e-15,7.116e-21,1.365e-12,1.056e-17,4.039e-2,1.908e-16,4.349e-20,5.791e-18,,2.950e-9,6.315e-15,3.746e-38,2.460e-1,2.054e-9,1.078e-26,5.044e-3,1.534e-19,3.667e-1,2.051e-23,8.098e+2,1.397e-20,6.538e-11,5.546e-20,6.758e-23,5.084e+1,9.848e-18,9.665e-1,3.955e+2,,2.999e+2,2.695e+0,,5.157e+1,3.591e-19,,9.212e-20,2.407e-16,,9.099e-4,9.043e+1,5.144e-9,,2.832e-4,,2.608e-1,2.260e-17,2.899e-17,,1.549e-9,8.039e-17
407.44,1.701e+3,7.618e-21,1.075e-8,1.544e-24,4.286e-35,4.853e-35,,3.308e-8,3.943e-22,,4.209e-15,7.110e-21,1.813e-12,1.056e-17,4.217e-2,1.403e-16,1.686e-20,1.127e-17,,5.537e-9,1.379e-14,3.727e-38,1.774e-1,1.006e-9,1.079e-26,3.749e-3,1.534e-19,3.953e-1,2.052e-23,7.462e+2,1.398e-20,8.235e-11,5.548e-20,6.760e-23,5.670e+1,9.745e-18,1.099e+0,4.370e+2,,3.006e+2,3.334e+0,,5.214e+1,3.600e-19,,9.210e-20,2.404e-16,,1.330e-3,1.029e+2,2.527e-9,,4.479e-4,,2.887e-1,2.257e-17,2.898e-17,,7.772e-10,8.042e-17
407.46,1.699e+3,7.620e-21,1.101e-8,1.384e-24,4.292e-35,4.778e-35,,2.228e-8,3.944e-22,,4.209e-15,7.106e-21,2.179e-12,1.056e-17,4.315e-2,1.137e-16,8.909e-21,1.748e-17,,8.377e-9,2.309e-14,3.714e-38,1.419e-1,6.211e-10,1.079e-26,3.058e-3,1.534e-19,4.187e-1,2.052e-23,7.032e+2,1.399e-20,9.553e-11,5.550e-20,6.761e-23,6.063e+1,9.677e-18,1.201e+0,4.647e+2,,3.000e+2,3.840e+0,,5.239e+1,3.606e-19,,9.208e-20,2.402e-16,,1.704e-3,1.116e+2,1.564e-9,,6.046e-4,,3.072e-1,2.255e-17,2.898e-17,,4.880e-10,8.044e-17
407.48,1.695e+3,7.621e-21,1.122e-8,1.235e-24,4.298e-35,4.702e-35,,1.494e-8,3.945e-22,,4.208e-15,7.102e-21,2.607e-12,1.056e-17,4.396e-2,9.164e-17,8.909e-21,2.697e-17,,1.262e-8,3.846e-14,3.701e-38,1.130e-1,3.818e-10,1.080e-26,2.483e-3,1.535e-19,4.457e-1,2.053e-23,6.603e+2,1.399e-20,1.104e-10,5.551e-20,6.762e-23,6.454e+1,9.608e-18,1.314e+0,4.922e+2,,2.985e+2,4.415e+0,,5.251e+1,3.612e-19,,9.206e-20,2.401e-16,,2.173e-3,1.204e+2,9.640e-10,,8.124e-4,,3.254e-1,2.253e-17,2.897e-17,,3.049e-10,8.047e-17
407.51,1.688e+3,7.623e-21,1.146e-8,1.033e-24,4.307e-35,4.590e-35,,8.132e-9,3.948e-22,,4.208e-15,7.097e-21,3.382e-12,1.056e-17,4.480e-2,6.578e-17,8.908e-21,5.125e-17,,2.312e-8,8.202e-14,3.681e-38,7.957e-2,1.824e-10,1.081e-26,1.801e-3,1.535e-19,4.933e-1,2.054e-23,5.965e+2,1.400e-20,1.359e-10,5.553e-20,6.763e-23,7.027e+1,9.505e-18,1.499e+0,5.324e+2,,2.946e+2,5.414e+0,,5.244e+1,3.622e-19,,9.204e-20,2.398e-16,,3.102e-3,1.337e+2,4.622e-10,,1.254e-3,,3.517e-1,2.250e-17,2.897e-17,,1.493e-10,8.050e-17
407.53,1.682e+3,7.624e-21,1.156e-8,9.124e-25,4.313e-35,4.515e-35,,5.390e-9,3.949e-22,,4.208e-15,7.093e-21,4.000e-12,1.056e-17,4.511e-2,5.243e-17,8.907e-21,7.818e-17,,3.443e-8,1.351e-13,3.668e-38,6.263e-2,1.108e-10,1.081e-26,1.445e-3,1.535e-19,5.300e-1,2.054e-23,5.550e+2,1.400e-20,1.552e-10,5.554e-20,6.764e-23,7.396e+1,9.437e-18,1.633e+0,5.580e+2,,2.910e+2,6.174e+0,,5.223e+1,3.628e-19,,9.202e-20,2.396e-16,,3.910e-3,1.426e+2,2.815e-10,,1.666e-3,,3.683e-1,2.248e-17,2.897e-17,,9.224e-11,8.052e-17
407.56,1.670e+3,7.626e-21,1.161e-8,7.510e-25,4.322e-35,4.402e-35,,2.883e-9,3.951e-22,,4.207e-15,7.087e-21,5.100e-12,1.056e-17,4.519e-2,3.698e-17,8.906e-21,1.461e-16,,6.202e-8,2.832e-13,3.649e-38,4.337e-2,5.204e-11,1.082e-26,1.030e-3,1.535e-19,5.925e-1,2.055e-23,4.948e+2,1.401e-20,1.880e-10,5.557e-20,6.765e-23,7.917e+1,9.334e-18,1.847e+0,5.939e+2,,2.841e+2,7.463e+0,,5.164e+1,3.637e-19,,9.200e-20,2.394e-16,,5.486e-3,1.557e+2,1.326e-10,,2.529e-3,,3.912e-1,2.245e-17,2.896e-17,,4.439e-11,8.056e-17
407.58,1.660e+3,7.628e-21,1.159e-8,6.561e-25,4.328e-35,4.327e-35,,1.889e-9,3.952e-22,,4.207e-15,7.083e-21,5.964e-12,1.056e-17,4.498e-2,2.914e-17,8.905e-21,2.203e-16,,9.131e-8,4.613e-13,3.636e-38,3.376e-2,3.126e-11,1.083e-26,8.173e-4,1.536e-19,6.393e-1,2.056e-23,4.564e+2,1.402e-20,2.123e-10,5.558e-20,6.766e-23,8.238e+1,9.266e-18,1.996e+0,6.157e+2,,2.786e+2,8.424e+0,,5.108e+1,3.643e-19,,9.198e-20,2.392e-16,,6.836e-3,1.642e+2,7.984e-11,,3.322e-3,,4.050e-1,2.243e-17,2.896e-17,,2.710e-11,8.058e-17
407.61,1.642e+3,7.630e-21,1.145e-8,5.314e-25,4.337e-35,4.214e-35,,9.927e-10,3.955e-22,,4.206e-15,7.078e-21,7.477e-12,1.056e-17,4.429e-2,2.020e-17,8.904e-21,4.045e-16,,1.617e-7,9.507e-13,3.616e-38,2.298e-2,1.442e-11,1.083e-26,5.726e-4,1.536e-19,7.171e-1,2.057e-23,4.019e+2,1.402e-20,2.528e-10,5.560e-20,6.767e-23,8.671e+1,9.163e-18,2.227e+0,6.446e+2,,2.692e+2,1.002e+1,,4.999e+1,3.653e-19,,9.195e-20,2.389e-16,,9.429e-3,1.762e+2,3.697e-11,,4.956e-3,,4.228e-1,2.240e-17,2.895e-17,,1.282e-11,8.061e-17
407.63,1.628e+3,7.631e-21,1.130e-8,4.593e-25,4.343e-35,4.139e-35,,6.428e-10,3.956e-22,,4.206e-15,7.074e-21,8.643e-12,1.056e-17,4.358e-2,1.573e-17,8.903e-21,6.032e-16,,2.354e-7,1.531e-12,3.603e-38,1.769e-2,8.561e-12,1.084e-26,4.491e-4,1.536e-19,7.740e-1,2.057e-23,3.678e+2,1.403e-20,2.823e-10,5.561e-20,6.768e-23,8.923e+1,9.095e-18,2.383e+0,6.610e+2,,2.623e+2,1.118e+1,,4.911e+1,3.659e-19,,9.194e-20,2.387e-16,,1.162e-2,1.837e+2,2.200e-11,,6.434e-3,,4.327e-1,2.238e-17,2.895e-17,,7.735e-12,8.064e-17
407.66,1.603e+3,7.633e-21,1.099e-8,3.660e-25,4.352e-35,4.026e-35,,3.321e-10,3.958e-22,,4.206e-15,7.068e-21,1.065e-11,1.056e-17,4.217e-2,1.072e-17,8.902e-21,1.089e-15,,4.100e-7,3.101e-12,3.583e-38,1.184e-2,3.882e-12,1.085e-26,3.092e-4,1.536e-19,8.669e-1,2.058e-23,3.204e+2,1.404e-20,3.304e-10,5.564e-20,6.770e-23,9.236e+1,8.992e-18,2.617e+0,6.807e+2,,2.511e+2,1.308e+1,,4.756e+1,3.668e-19,,9.191e-20,2.385e-16,,1.575e-2,1.938e+2,1.001e-11,,9.437e-3,,4.440e-1,2.235e-17,2.894e-17,,3.594e-12,8.067e-17
407.68,1.584e+3,7.634e-21,1.073e-8,3.129e-25,4.358e-35,3.951e-35,,2.125e-10,3.960e-22,,4.205e-15,7.064e-21,1.218e-11,1.056e-17,4.102e-2,8.251e-18,8.902e-21,1.605e-15,,5.902e-7,4.937e-12,3.570e-38,9.006e-3,2.278e-12,1.085e-26,2.397e-4,1.537e-19,9.337e-1,2.059e-23,2.913e+2,1.404e-20,3.649e-10,5.565e-20,6.771e-23,9.398e+1,8.923e-18,2.770e+0,6.904e+2,,2.432e+2,1.444e+1,,4.640e+1,3.674e-19,,9.190e-20,2.383e-16,,1.918e-2,1.997e+2,5.886e-12,,1.211e-2,,4.492e-1,2.233e-17,2.894e-17,,2.144e-12,8.069e-17
407.71,1.550e+3,7.636e-21,1.027e-8,2.453e-25,4.367e-35,3.838e-35,,1.079e-10,3.962e-22,,4.205e-15,7.059e-21,1.476e-11,1.056e-17,3.902e-2,5.525e-18,8.901e-21,2.849e-15,,1.011e-6,9.831e-12,3.551e-38,5.926e-3,1.015e-12,1.086e-26,1.622e-4,1.537e-19,1.041e+0,2.060e-23,2.514e+2,1.405e-20,4.198e-10,5.567e-20,6.772e-23,9.568e+1,8.821e-18,2.993e+0,6.995e+2,,2.310e+2,1.660e+1,,4.450e+1,3.684e-19,,9.187e-20,2.380e-16,,2.556e-2,2.070e+2,2.632e-12,,1.746e-2,,4.531e-1,2.230e-17,2.893e-17,,9.792e-13,8.073e-17
407.73,1.525e+3,7.638e-21,9.918e-9,2.075e-25,4.373e-35,3.763e-35,,6.826e-11,3.963e-22,,4.205e-15,7.055e-21,1.668e-11,1.056e-17,3.752e-2,4.205e-18,8.900e-21,4.152e-15,,1.438e-6,1.547e-11,3.538e-38,4.457e-3,5.885e-13,1.087e-26,1.243e-4,1.537e-19,1.117e+0,2.060e-23,2.273e+2,1.405e-20,4.583e-10,5.568e-20,6.773e-23,9.631e+1,8.752e-18,3.134e+0,7.019e+2,,2.227e+2,1.811e+1,,4.314e+1,3.690e-19,,9.185e-20,2.378e-16,,3.077e-2,2.109e+2,1.530e-12,,2.216e-2,,4.531e-1,2.228e-17,2.893e-17,,5.773e-13,8.075e-17
407.76,1.483e+3,7.640e-21,9.337e-9,1.600e-25,4.382e-35,3.650e-35,,3.405e-11,3.965e-22,,4.204e-15,7.049e-21,1.988e-11,1.056e-17,3.507e-2,2.767e-18,8.899e-21,7.244e-15,,2.421e-6,3.029e-11,3.518e-38,2.883e-3,2.577e-13,1.088e-26,8.265e-5,1.537e-19,1.236e+0,2.061e-23,1.948e+2,1.406e-20,5.183e-10,5.570e-20,6.774e-23,9.647e+1,8.649e-18,3.329e+0,6.999e+2,,2.104e+2,2.047e+1,,4.100e+1,3.699e-19,,9.183e-20,2.376e-16,,4.031e-2,2.149e+2,6.736e-13,,3.140e-2,,4.492e-1,2.225e-17,2.892e-17,,2.591e-13,8.078e-17
407.78,1.452e+3,7.641e-21,8.921e-9,1.339e-25,4.388e-35,3.575e-35,,2.129e-11,3.967e-22,,4.204e-15,7.045e-21,2.222e-11,1.056e-17,3.334e-2,2.081e-18,8.898e-21,1.044e-14,,3.407e-6,4.714e-11,3.505e-38,2.144e-3,1.477e-13,1.088e-26,6.261e-5,1.538e-19,1.320e+0,2.062e-23,1.756e+2,1.407e-20,5.594e-10,5.572e-20,6.775e-23,9.607e+1,8.581e-18,3.447e+0,6.950e+2,,2.024e+2,2.208e+1,,3.953e+1,3.705e-19,,9.181e-20,2.374e-16,,4.798e-2,2.164e+2,3.887e-13,,3.939e-2,,4.440e-1,2.223e-17,2.892e-17,,1.510e-13,8.081e-17
407.81,1.402e+3,7.643e-21,8.263e-9,1.016e-25,4.397e-35,3.462e-35,,1.044e-11,3.969e-22,,4.203e-15,7.040e-21,2.604e-11,1.056e-17,3.063e-2,1.346e-18,8.897e-21,1.790e-14,,5.640e-6,9.072e-11,3.486e-38,1.364e-3,6.356e-14,1.089e-26,4.092e-5,1.538e-19,1.450e+0,2.063e-23,1.500e+2,1.407e-20,6.218e-10,5.574e-20,6.776e-23,9.473e+1,8.478e-18,3.600e+0,6.827e+2,,1.908e+2,2.453e+1,,3.728e+1,3.715e-19,,9.179e-20,2.371e-16,,6.177e-2,2.168e+2,1.728e-13,,5.486e-2,,4.327e-1,2.220e-17,2.891e-17,,6.659e-14,8.084e-17
407.83,1.367e+3,7.644e-21,7.810e-9,8.403e-26,4.403e-35,3.387e-35,,6.453e-12,3.970e-22,,4.203e-15,7.036e-21,2.879e-11,1.056e-17,2.879e-2,1.001e-18,8.896e-21,2.550e-14,,7.849e-6,1.396e-10,3.473e-38,1.003e-3,3.601e-14,1.090e-26,3.064e-5,1.538e-19,1.540e+0,2.063e-23,1.350e+2,1.408e-20,6.635e-10,5.575e-20,6.777e-23,9.336e+1,8.410e-18,3.686e+0,6.714e+2,,1.835e+2,2.616e+1,,3.578e+1,3.721e-19,,9.177e-20,2.369e-16,,7.269e-2,2.158e+2,1.055e-13,,6.804e-2,,4.229e-1,2.219e-17,2.891e-17,,3.836e-14,8.086e-17
407.85,1.330e+3,7.646e-21,7.349e-9,6.922e-26,4.409e-35,3.312e-35,,3.970e-12,3.972e-22,,4.203e-15,7.032e-21,3.169e-11,1.056e-17,2.693e-2,7.408e-19,8.896e-21,3.616e-14,,1.087e-5,2.137e-10,3.460e-38,7.338e-4,2.031e-14,1.090e-26,2.284e-5,1.538e-19,1.631e+0,2.064e-23,1.216e+2,1.408e-20,7.047e-10,5.577e-20,6.778e-23,9.165e+1,8.341e-18,3.757e+0,6.580e+2,,1.766e+2,2.777e+1,,3.428e+1,3.727e-19,,9.175e-20,2.368e-16,,8.515e-2,2.138e+2,7.271e-14,,8.400e-2,,4.113e-1,2.217e-17,2.891e-17,,2.199e-14,8.088e-17
407.88,1.272e+3,7.648e-21,6.655e-9,5.132e-26,4.418e-35,3.199e-35,,1.900e-12,3.974e-22,,4.202e-15,7.027e-21,3.630e-11,1.056e-17,2.415e-2,4.676e-19,8.895e-21,6.054e-14,,1.758e-5,4.016e-10,3.440e-38,4.556e-4,8.528e-15,1.091e-26,1.457e-5,1.539e-19,1.771e+0,2.065e-23,1.042e+2,1.409e-20,7.648e-10,5.579e-20,6.780e-23,8.848e+1,8.239e-18,3.834e+0,6.345e+2,,1.671e+2,3.011e+1,,3.207e+1,3.736e-19,,9.173e-20,2.365e-16,,1.070e-1,2.091e+2,6.772e-14,,1.142e-1,,3.913e-1,2.214e-17,2.890e-17,,9.465e-15,8.092e-17
407.9,1.232e+3,7.649e-21,6.195e-9,4.181e-26,4.424e-35,3.124e-35,,1.155e-12,3.975e-22,,4.202e-15,7.023e-21,3.953e-11,1.056e-17,2.233e-2,3.421e-19,8.894e-21,8.488e-14,,2.408e-5,6.081e-10,3.427e-38,3.297e-4,4.754e-15,1.092e-26,1.073e-5,1.539e-19,1.865e+0,2.066e-23,9.424e+1,1.410e-20,8.031e-10,5.580e-20,6.781e-23,8.602e+1,8.170e-18,3.865e+0,6.170e+2,,1.615e+2,3.160e+1,,3.064e+1,3.743e-19,,9.171e-20,2.363e-16,,1.239e-1,2.048e+2,9.211e-14,,1.394e-1,,3.763e-1,2.212e-17,2.890e-17,,5.364e-15,8.094e-17
407.93,1.172e+3,7.651e-21,5.519e-9,3.049e-26,4.433e-35,3.011e-35,,5.431e-13,3.977e-22,,4.202e-15,7.017e-21,4.457e-11,1.056e-17,1.969e-2,2.122e-19,8.893e-21,1.397e-13,,3.828e-5,1.123e-9,3.407e-38,2.012e-4,1.961e-15,1.093e-26,6.728e-6,1.539e-19,2.007e+0,2.066e-23,8.159e+1,1.410e-20,8.568e-10,5.582e-20,6.782e-23,8.190e+1,8.067e-18,3.880e+0,5.891e+2,,1.540e+2,3.368e+1,,2.856e+1,3.752e-19,,9.168e-20,2.361e-16,,1.531e-1,1.968e+2,1.894e-13,,1.863e-1,,3.519e-1,2.209e-17,2.889e-17,,2.269e-15,8.098e-17
407.95,1.133e+3,7.652e-21,5.083e-9,2.457e-26,4.439e-35,2.936e-35,,3.265e-13,3.979e-22,,4.201e-15,7.013e-21,4.804e-11,1.056e-17,1.799e-2,1.535e-19,8.892e-21,1.936e-13,,5.186e-5,1.682e-9,3.394e-38,1.440e-4,1.081e-15,1.093e-26,4.900e-6,1.539e-19,2.101e+0,2.067e-23,7.453e+1,1.411e-20,8.894e-10,5.584e-20,6.783e-23,7.892e+1,7.999e-18,3.870e+0,5.698e+2,,1.498e+2,3.494e+1,,2.724e+1,3.758e-19,,9.167e-20,2.359e-16,,1.753e-1,1.906e+2,3.234e-13,,2.248e-1,,3.346e-1,2.207e-17,2.889e-17,,1.271e-15,8.100e-17
407.98,1.074e+3,7.654e-21,4.456e-9,1.762e-26,4.448e-35,2.824e-35,,1.509e-13,3.981e-22,,4.201e-15,7.008e-21,5.334e-11,1.056e-17,1.559e-2,9.358e-20,8.891e-21,3.133e-13,,8.108e-5,3.054e-9,3.375e-38,8.637e-5,4.382e-16,1.094e-26,3.020e-6,1.539e-19,2.240e+0,2.068e-23,6.578e+1,1.412e-20,9.327e-10,5.586e-20,6.784e-23,7.419e+1,7.896e-18,3.825e+0,5.409e+2,,1.446e+2,3.660e+1,,2.535e+1,3.767e-19,,9.164e-20,2.356e-16,,2.129e-1,1.800e+2,7.312e-13,,2.954e-1,,3.076e-1,2.204e-17,2.888e-17,,5.281e-16,8.103e-17
408,1.037e+3,7.656e-21,4.059e-9,1.404e-26,4.454e-35,2.748e-35,,8.963e-14,3.982e-22,,4.201e-15,7.004e-21,5.692e-11,1.056e-17,1.409e-2,6.689e-20,8.890e-21,4.293e-13,,1.086e-4,4.519e-9,3.362e-38,6.109e-5,2.387e-16,1.095e-26,2.176e-6,1.540e-19,2.330e+0,2.069e-23,6.105e+1,1.412e-20,9.572e-10,5.587e-20,6.785e-23,7.093e+1,7.828e-18,3.777e+0,5.223e+2,,1.419e+2,3.754e+1,,2.417e+1,3.774e-19,,9.163e-20,2.354e-16,,2.409e-1,1.723e+2,1.257e-12,,3.524e-1,,2.892e-1,2.202e-17,2.888e-17,,2.924e-16,8.105e-17
408.03,9.848e+2,7.658e-21,3.501e-9,9.907e-27,4.463e-35,2.636e-35,,4.070e-14,3.984e-22,,4.200e-15,6.998e-21,6.229e-11,1.056e-17,1.200e-2,4.008e-20,8.889e-21,6.828e-13,,1.670e-4,8.067e-9,3.342e-38,3.603e-5,9.509e-17,1.095e-26,1.321e-6,1.540e-19,2.461e+0,2.069e-23,5.542e+1,1.413e-20,9.868e-10,5.589e-20,6.786e-23,6.595e+1,7.725e-18,3.680e+0,4.963e+2,,1.389e+2,3.865e+1,,2.250e+1,3.783e-19,,9.160e-20,2.352e-16,,2.876e-1,1.600e+2,2.813e-12,,4.551e-1,,2.615e-1,2.199e-17,2.887e-17,,1.194e-16,8.109e-17
408.05,9.527e+2,7.659e-21,3.155e-9,7.807e-27,4.469e-35,2.561e-35,,2.390e-14,3.986e-22,,4.200e-15,6.994e-21,6.584e-11,1.056e-17,1.072e-2,2.832e-20,8.889e-21,9.250e-13,,2.212e-4,1.180e-8,3.329e-38,2.519e-5,5.119e-17,1.096e-26,9.434e-7,1.540e-19,2.544e+0,2.070e-23,5.254e+1,1.413e-20,1.001e-9,5.591e-20,6.787e-23,6.262e+1,7.657e-18,3.600e+0,4.807e+2,,1.375e+2,3.919e+1,,2.146e+1,3.789e-19,,9.158e-20,2.350e-16,,3.218e-1,1.514e+2,4.786e-12,,5.367e-1,,2.433e-1,2.197e-17,2.887e-17,,6.536e-17,8.111e-17
408.08,9.095e+2,7.661e-21,2.678e-9,5.416e-27,4.478e-35,2.448e-35,,1.067e-14,3.988e-22,,4.200e-15,6.989e-21,7.107e-11,1.056e-17,8.969e-3,1.668e-20,8.888e-21,1.446e-12,,3.345e-4,2.072e-8,3.310e-38,1.461e-5,2.004e-17,1.097e-26,5.698e-7,1.540e-19,2.660e+0,2.071e-23,4.936e+1,1.414e-20,1.015e-9,5.593e-20,6.789e-23,5.771e+1,7.554e-18,3.464e+0,4.609e+2,,1.363e+2,3.967e+1,,2.002e+1,3.799e-19,,9.156e-20,2.347e-16,,3.776e-1,1.382e+2,1.053e-11,,6.814e-1,,2.167e-1,2.194e-17,2.886e-17,,2.623e-17,8.114e-17
408.1,8.846e+2,7.662e-21,2.388e-9,4.221e-27,4.483e-35,2.373e-35,,6.192e-15,3.989e-22,,4.199e-15,6.985e-21,7.448e-11,1.056e-17,7.920e-3,1.165e-20,8.887e-21,1.937e-12,,4.383e-4,2.997e-8,3.297e-38,1.010e-5,1.067e-17,1.097e-26,4.104e-7,1.541e-19,2.731e+0,2.072e-23,4.792e+1,1.415e-20,1.018e-9,5.594e-20,6.790e-23,5.452e+1,7.485e-18,3.364e+0,4.504e+2,,1.361e+2,3.976e+1,,1.914e+1,3.805e-19,,9.154e-20,2.345e-16,,4.177e-1,1.293e+2,1.772e-11,,7.944e-1,,1.997e-1,2.192e-17,2.886e-17,,1.419e-17,8.117e-17
408.13,8.536e+2,7.664e-21,1.994e-9,2.879e-27,4.492e-35,2.260e-35,,2.715e-15,3.991e-22,,4.199e-15,6.979e-21,7.942e-11,1.056e-17,6.515e-3,6.751e-21,8.886e-21,2.977e-12,,6.519e-4,5.170e-8,3.277e-38,5.755e-6,4.104e-18,1.098e-26,2.615e-7,1.541e-19,2.825e+0,2.072e-23,4.662e+1,1.415e-20,1.014e-9,5.596e-20,6.791e-23,4.991e+1,7.383e-18,3.207e+0,4.396e+2,,1.363e+2,3.955e+1,,1.792e+1,3.814e-19,,9.152e-20,2.343e-16,,4.818e-1,1.159e+2,3.835e-11,,9.914e-1,,1.757e-1,2.189e-17,2.886e-17,,5.597e-18,8.120e-17
408.15,8.374e+2,7.665e-21,1.759e-9,2.219e-27,4.498e-35,2.185e-35,,1.558e-15,3.993e-22,,4.199e-15,6.975e-21,8.258e-11,1.056e-17,5.688e-3,4.670e-21,8.885e-21,3.942e-12,,8.447e-4,7.394e-8,3.264e-38,3.933e-6,4.146e-18,1.099e-26,2.061e-7,1.541e-19,2.880e+0,2.073e-23,4.625e+1,1.416e-20,1.005e-9,5.598e-20,6.792e-23,4.699e+1,7.314e-18,3.100e+0,4.359e+2,,1.368e+2,3.919e+1,,1.718e+1,3.820e-19,,9.150e-20,2.341e-16,,5.268e-1,1.072e+2,6.379e-11,,1.143e+0,,1.610e-1,2.187e-17,2.885e-17,,2.992e-18,8.122e-17
408.18,8.201e+2,7.667e-21,1.445e-9,1.489e-27,4.507e-35,2.072e-35,,6.714e-16,3.995e-22,,4.198e-15,6.970e-21,8.712e-11,1.056e-17,4.599e-3,2.677e-21,8.884e-21,5.956e-12,,1.236e-3,1.254e-7,3.245e-38,2.204e-6,4.209e-18,1.100e-26,1.722e-7,1.541e-19,2.947e+0,2.074e-23,4.631e+1,1.417e-20,9.846e-10,5.600e-20,6.793e-23,4.286e+1,7.211e-18,2.942e+0,4.360e+2,,1.379e+2,3.832e+1,,1.616e+1,3.830e-19,,9.147e-20,2.338e-16,,5.973e-1,9.453e+1,1.357e-10,,1.402e+0,,1.411e-1,2.184e-17,2.885e-17,,1.160e-18,8.126e-17
408.2,8.133e+2,7.669e-21,1.261e-9,1.134e-27,4.513e-35,1.997e-35,,3.808e-16,3.996e-22,,4.198e-15,6.966e-21,9.001e-11,1.056e-17,3.968e-3,1.853e-21,8.883e-21,7.798e-12,,1.584e-3,1.773e-7,3.231e-38,1.489e-6,4.252e-18,1.100e-26,1.783e-7,1.542e-19,2.981e+0,2.075e-23,4.670e+1,1.417e-20,9.654e-10,5.601e-20,6.794e-23,4.029e+1,7.143e-18,2.843e+0,4.399e+2,,1.388e+2,3.754e+1,,1.555e+1,3.836e-19,,9.146e-20,2.337e-16,,6.457e-1,8.641e+1,2.232e-10,,1.597e+0,,1.296e-1,2.182e-17,2.884e-17,,6.130e-19,8.128e-17
408.23,8.102e+2,7.671e-21,1.020e-9,7.483e-28,4.522e-35,1.884e-35,,1.613e-16,3.998e-22,,4.197e-15,6.960e-21,9.414e-11,1.056e-17,3.154e-3,1.101e-21,8.882e-21,1.158e-11,,2.279e-3,2.956e-7,3.212e-38,8.200e-7,4.315e-18,1.101e-26,2.311e-7,1.542e-19,3.015e+0,2.075e-23,4.766e+1,1.418e-20,9.294e-10,5.603e-20,6.795e-23,3.670e+1,7.040e-18,2.707e+0,4.516e+2,,1.401e+2,3.608e+1,,1.472e+1,3.845e-19,,9.143e-20,2.334e-16,,7.195e-1,7.488e+1,4.667e-10,,1.926e+0,,1.154e-1,2.179e-17,2.884e-17,,6.735e-19,8.131e-17
408.25,8.126e+2,7.672e-21,8.803e-10,5.639e-28,4.528e-35,1.809e-35,,9.041e-17,4.000e-22,,4.197e-15,6.956e-21,9.677e-11,1.056e-17,2.690e-3,8.247e-22,8.882e-21,1.499e-11,,2.889e-3,4.132e-7,3.199e-38,5.477e-7,4.357e-18,1.102e-26,3.006e-7,1.542e-19,3.026e+0,2.076e-23,4.849e+1,1.418e-20,9.010e-10,5.604e-20,6.796e-23,3.450e+1,6.972e-18,2.629e+0,4.631e+2,,1.410e+2,3.494e+1,,1.422e+1,3.851e-19,,9.142e-20,2.332e-16,,7.690e-1,6.767e+1,7.588e-10,,2.170e+0,,1.082e-1,2.177e-17,2.883e-17,,7.139e-19,8.134e-17
408.27,8.185e+2,7.673e-21,7.568e-10,4.230e-28,4.534e-35,1.734e-35,,5.045e-17,4.001e-22,,4.197e-15,6.953e-21,9.932e-11,1.056e-17,2.284e-3,6.822e-22,8.881e-21,1.931e-11,,3.647e-3,5.751e-7,3.186e-38,3.642e-7,4.399e-18,1.102e-26,4.054e-7,1.542e-19,3.027e+0,2.077e-23,4.943e+1,1.419e-20,8.695e-10,5.606e-20,6.797e-23,3.244e+1,6.903e-18,2.564e+0,4.776e+2,,1.417e+2,3.368e+1,,1.376e+1,3.857e-19,,9.140e-20,2.330e-16,,8.181e-1,6.088e+1,1.228e-9,,2.433e+0,,1.032e-1,2.175e-17,2.883e-17,,7.543e-19,8.136e-17
408.3,8.331e+2,7.675e-21,5.983e-10,2.725e-28,4.543e-35,1.621e-35,,2.085e-17,4.003e-22,,4.196e-15,6.947e-21,1.030e-10,1.056e-17,1.772e-3,6.869e-22,8.880e-21,2.800e-11,,5.130e-3,9.361e-7,3.166e-38,1.958e-7,4.463e-18,1.103e-26,6.532e-7,1.543e-19,3.009e+0,2.078e-23,5.094e+1,1.420e-20,8.173e-10,5.608e-20,6.799e-23,2.961e+1,6.801e-18,2.494e+0,5.044e+2,,1.426e+2,3.160e+1,,1.314e+1,3.867e-19,,9.137e-20,2.328e-16,,8.900e-1,5.150e+1,2.508e-9,,2.864e+0,,1.004e-1,2.172e-17,2.882e-17,,8.149e-19,8.139e-17
408.32,8.463e+2,7.677e-21,5.089e-10,2.021e-28,4.549e-35,1.546e-35,,1.150e-17,4.005e-22,,4.196e-15,6.943e-21,1.054e-10,1.056e-17,1.487e-3,8.438e-22,8.879e-21,3.567e-11,,6.405e-3,1.288e-6,3.153e-38,1.287e-7,4.505e-18,1.104e-26,9.024e-7,1.543e-19,2.984e+0,2.078e-23,5.195e+1,1.420e-20,7.798e-10,5.609e-20,6.800e-23,2.789e+1,6.732e-18,2.469e+0,5.253e+2,,1.429e+2,3.011e+1,,1.277e+1,3.873e-19,,9.136e-20,2.326e-16,,9.360e-1,4.579e+1,4.014e-9,,3.175e+0,,1.022e-1,2.170e-17,2.882e-17,,8.552e-19,8.142e-17
408.35,8.705e+2,7.679e-21,3.960e-10,1.280e-28,4.558e-35,1.433e-35,,4.671e-18,4.007e-22,,4.196e-15,6.938e-21,1.090e-10,1.056e-17,1.134e-3,1.387e-21,8.878e-21,5.084e-11,,8.864e-3,2.061e-6,3.134e-38,6.803e-8,4.569e-18,1.104e-26,1.462e-6,1.543e-19,2.929e+0,2.079e-23,5.341e+1,1.421e-20,7.207e-10,5.611e-20,6.801e-23,2.552e+1,6.629e-18,2.467e+0,5.604e+2,,1.428e+2,2.777e+1,,1.226e+1,3.882e-19,,9.133e-20,2.323e-16,,1.001e+0,3.807e+1,8.058e-9,,3.674e+0,,1.115e-1,2.167e-17,2.882e-17,,9.158e-19,8.145e-17
408.37,8.889e+2,7.680e-21,3.332e-10,9.390e-29,4.564e-35,1.358e-35,,2.547e-18,4.008e-22,,4.195e-15,6.934e-21,1.115e-10,1.056e-17,9.411e-4,2.049e-21,8.877e-21,6.403e-11,,1.095e-2,2.803e-6,3.121e-38,4.421e-8,4.611e-18,1.105e-26,2.009e-6,1.543e-19,2.879e+0,2.080e-23,5.428e+1,1.421e-20,6.800e-10,5.613e-20,6.802e-23,2.407e+1,6.561e-18,2.492e+0,5.859e+2,,1.425e+2,2.616e+1,,1.196e+1,3.888e-19,,9.131e-20,2.321e-16,,1.041e+0,3.347e+1,1.275e-8,,4.026e+0,,1.231e-1,2.165e-17,2.881e-17,,9.562e-19,8.147e-17
408.4,9.187e+2,7.682e-21,2.552e-10,5.848e-29,4.573e-35,1.245e-35,,1.016e-18,4.010e-22,,4.195e-15,6.928e-21,1.152e-10,1.056e-17,7.052e-4,3.778e-21,8.876e-21,8.971e-11,,1.491e-2,4.410e-6,3.101e-38,2.297e-8,4.674e-18,1.106e-26,3.212e-6,1.544e-19,2.788e+0,2.081e-23,5.536e+1,1.422e-20,6.180e-10,5.615e-20,6.803e-23,2.207e+1,6.458e-18,2.570e+0,6.262e+2,,1.413e+2,2.372e+1,,1.154e+1,3.898e-19,,9.129e-20,2.319e-16,,1.094e+0,2.735e+1,2.516e-8,,4.579e+0,,1.503e-1,2.162e-17,2.881e-17,,1.017e-18,8.151e-17
408.42,9.395e+2,7.683e-21,2.124e-10,4.240e-29,4.579e-35,1.170e-35,,5.478e-19,4.012e-22,,4.195e-15,6.924e-21,1.177e-10,1.056e-17,5.785e-4,5.700e-21,8.876e-21,1.117e-10,,1.822e-2,5.931e-6,3.088e-38,1.476e-8,4.716e-18,1.106e-26,4.368e-6,1.544e-19,2.716e+0,2.081e-23,5.591e+1,1.423e-20,5.766e-10,5.616e-20,6.804e-23,2.084e+1,6.390e-18,2.650e+0,6.539e+2,,1.401e+2,2.209e+1,,1.128e+1,3.904e-19,,9.127e-20,2.317e-16,,1.124e+0,2.377e+1,3.937e-8,,4.961e+0,,1.764e-1,2.160e-17,2.880e-17,,1.057e-18,8.153e-17
408.45,9.708e+2,7.685e-21,1.601e-10,2.596e-29,4.588e-35,1.057e-35,,2.149e-19,4.014e-22,,4.194e-15,6.919e-21,1.217e-10,1.056e-17,4.261e-4,1.052e-20,8.875e-21,1.539e-10,,2.442e-2,9.171e-6,3.069e-38,7.534e-9,4.780e-18,1.107e-26,6.870e-6,1.544e-19,2.594e+0,2.082e-23,5.639e+1,1.423e-20,5.154e-10,5.618e-20,6.805e-23,1.911e+1,6.287e-18,2.815e+0,6.955e+2,,1.377e+2,1.968e+1,,1.092e+1,3.913e-19,,9.125e-20,2.314e-16,,1.162e+0,1.909e+1,7.638e-8,,5.547e+0,,2.304e-1,2.157e-17,2.880e-17,,1.118e-18,8.156e-17
408.47,9.910e+2,7.687e-21,1.319e-10,1.862e-29,4.594e-35,9.822e-36,,1.145e-19,4.015e-22,,4.194e-15,6.915e-21,1.245e-10,1.056e-17,3.455e-4,1.576e-20,8.874e-21,1.894e-10,,2.953e-2,1.219e-5,3.055e-38,4.785e-9,4.822e-18,1.108e-26,9.238e-6,1.544e-19,2.505e+0,2.083e-23,5.647e+1,1.424e-20,4.757e-10,5.620e-20,6.806e-23,1.804e+1,6.218e-18,2.953e+0,7.226e+2,,1.357e+2,1.813e+1,,1.068e+1,3.920e-19,,9.123e-20,2.312e-16,,1.181e+0,1.640e+1,1.181e-7,,5.942e+0,,2.783e-1,2.155e-17,2.879e-17,,1.158e-18,8.159e-17
408.5,1.019e+3,7.689e-21,9.785e-11,1.121e-29,4.603e-35,8.695e-36,,4.412e-20,4.017e-22,,4.194e-15,6.909e-21,1.289e-10,1.056e-17,2.501e-4,2.866e-20,8.873e-21,2.564e-10,,3.895e-2,1.854e-5,3.036e-38,2.402e-9,4.885e-18,1.109e-26,1.428e-5,1.545e-19,2.359e+0,2.084e-23,5.621e+1,1.425e-20,4.183e-10,5.622e-20,6.808e-23,1.651e+1,6.116e-18,3.202e+0,7.613e+2,,1.321e+2,1.588e+1,,1.034e+1,3.929e-19,,9.120e-20,2.310e-16,,1.199e+0,1.295e+1,2.254e-7,,6.530e+0,,3.725e-1,2.152e-17,2.879e-17,,1.219e-18,8.162e-17
408.52,1.036e+3,7.690e-21,7.976e-11,7.944e-30,4.609e-35,7.943e-36,,4.415e-20,4.019e-22,,4.193e-15,6.905e-21,1.319e-10,1.056e-17,2.005e-4,4.247e-20,8.872e-21,3.120e-10,,4.660e-2,2.437e-5,3.023e-38,1.508e-9,4.928e-18,1.109e-26,1.899e-5,1.545e-19,2.257e+0,2.084e-23,5.576e+1,1.425e-20,3.820e-10,5.623e-20,6.809e-23,1.555e+1,6.047e-18,3.395e+0,7.852e+2,,1.294e+2,1.446e+1,,1.012e+1,3.935e-19,,9.119e-20,2.308e-16,,1.204e+0,1.100e+1,3.446e-7,,6.915e+0,,4.530e-1,2.150e-17,2.878e-17,,1.259e-18,8.164e-17
408.55,1.057e+3,7.692e-21,5.824e-11,4.701e-30,4.618e-35,6.816e-36,,4.420e-20,4.021e-22,,4.193e-15,6.900e-21,1.366e-10,1.056e-17,1.427e-4,7.596e-20,8.871e-21,4.153e-10,,6.052e-2,3.641e-5,3.003e-38,7.440e-10,4.991e-18,1.110e-26,2.886e-5,1.545e-19,2.096e+0,2.085e-23,5.469e+1,1.426e-20,3.308e-10,5.625e-20,6.810e-23,1.417e+1,5.945e-18,3.721e+0,8.169e+2,,1.248e+2,1.247e+1,,9.771e+0,3.944e-19,,9.116e-20,2.305e-16,,1.202e+0,8.535e+0,6.463e-7,,7.471e+0,,6.065e-1,2.147e-17,2.878e-17,,1.320e-18,8.168e-17
408.57,1.067e+3,7.693e-21,4.698e-11,3.295e-30,4.624e-35,6.064e-36,,4.424e-20,4.022e-22,,4.193e-15,6.896e-21,1.398e-10,1.056e-17,1.130e-4,1.113e-19,8.870e-21,4.997e-10,,7.166e-2,4.733e-5,2.990e-38,4.619e-10,5.033e-18,1.111e-26,3.794e-5,1.545e-19,1.987e+0,2.086e-23,5.371e+1,1.427e-20,2.991e-10,5.627e-20,6.811e-23,1.329e+1,5.876e-18,3.960e+0,8.349e+2,,1.214e+2,1.123e+1,,9.536e+0,3.951e-19,,9.115e-20,2.304e-16,,1.194e+0,7.165e+0,9.772e-7,,7.821e+0,,7.347e-1,2.145e-17,2.878e-17,,1.360e-18,8.170e-17
408.6,1.077e+3,7.695e-21,3.377e-11,1.917e-30,4.633e-35,1.559e-35,,4.429e-20,4.024e-22,,4.192e-15,6.890e-21,1.446e-10,1.056e-17,7.906e-5,1.957e-19,8.869e-21,6.538e-10,,9.161e-2,6.952e-5,2.971e-38,2.240e-10,5.097e-18,1.112e-26,5.669e-5,1.546e-19,1.821e+0,2.087e-23,5.186e+1,1.427e-20,2.554e-10,5.629e-20,6.812e-23,1.202e+1,5.773e-18,4.347e+0,8.563e+2,,1.160e+2,9.539e+0,,9.170e+0,3.960e-19,,9.112e-20,2.301e-16,,1.172e+0,5.465e+0,1.802e-6,,8.305e+0,,9.736e-1,2.142e-17,2.877e-17,,1.421e-18,8.173e-17
408.62,1.079e+3,7.697e-21,2.695e-11,1.328e-30,4.639e-35,2.910e-35,,4.433e-20,4.026e-22,,4.192e-15,6.886e-21,1.477e-10,1.056e-17,6.193e-5,2.834e-19,8.869e-21,7.777e-10,,1.074e-1,8.933e-5,2.958e-38,1.374e-10,5.139e-18,1.112e-26,7.368e-5,1.546e-19,1.711e+0,2.087e-23,5.040e+1,1.428e-20,2.289e-10,5.630e-20,6.813e-23,1.121e+1,5.705e-18,4.620e+0,8.664e+2,,1.121e+2,8.516e+0,,8.917e+0,3.966e-19,,9.110e-20,2.299e-16,,1.151e+0,4.536e+0,2.693e-6,,8.595e+0,,1.169e+0,2.140e-17,2.877e-17,,1.461e-18,8.176e-17
408.64,1.078e+3,7.698e-21,2.142e-11,9.164e-31,4.645e-35,5.407e-35,,4.436e-20,4.027e-22,,4.192e-15,6.883e-21,1.508e-10,1.056e-17,4.829e-5,4.087e-19,8.868e-21,9.208e-10,,1.253e-1,1.143e-4,2.945e-38,8.396e-11,5.181e-18,1.113e-26,9.531e-5,1.546e-19,1.602e+0,2.088e-23,4.876e+1,1.428e-20,2.045e-10,5.632e-20,6.814e-23,1.042e+1,5.636e-18,4.902e+0,8.729e+2,,1.082e+2,7.580e+0,,8.656e+0,3.972e-19,,9.109e-20,2.297e-16,,1.124e+0,3.747e+0,4.008e-6,,8.855e+0,,1.399e+0,2.138e-17,2.876e-17,,1.501e-18,8.178e-17
408.67,1.070e+3,7.700e-21,1.506e-11,5.205e-31,4.654e-35,1.358e-34,,4.441e-20,4.029e-22,,4.191e-15,6.877e-21,1.552e-10,1.056e-17,3.296e-5,7.017e-19,8.867e-21,1.176e-9,,1.568e-1,1.639e-4,2.925e-38,3.974e-11,5.245e-18,1.114e-26,1.391e-4,1.546e-19,1.442e+0,2.089e-23,4.603e+1,1.429e-20,1.719e-10,5.634e-20,6.815e-23,9.298e+0,5.534e-18,5.334e+0,8.758e+2,,1.021e+2,6.338e+0,,8.248e+0,3.982e-19,,9.106e-20,2.295e-16,,1.077e+0,2.790e+0,7.215e-6,,9.180e+0,,1.815e+0,2.135e-17,2.876e-17,,1.562e-18,8.181e-17
408.69,1.059e+3,7.701e-21,1.185e-11,3.550e-31,4.660e-35,2.495e-34,,4.445e-20,4.031e-22,,4.191e-15,6.873e-21,1.578e-10,1.056e-17,2.541e-5,1.000e-18,8.866e-21,1.377e-9,,1.812e-1,2.073e-4,2.912e-38,2.400e-11,5.287e-18,1.114e-26,1.779e-4,1.547e-19,1.339e+0,2.089e-23,4.406e+1,1.430e-20,1.528e-10,5.635e-20,6.816e-23,8.582e+0,5.465e-18,5.623e+0,8.730e+2,,9.789e+1,5.619e+0,,7.968e+0,3.988e-19,,9.104e-20,2.293e-16,,1.041e+0,2.279e+0,1.062e-5,,9.350e+0,,2.149e+0,2.133e-17,2.875e-17,,1.602e-18,8.183e-17
408.72,1.036e+3,7.703e-21,8.201e-12,1.982e-31,4.669e-35,6.159e-34,,4.450e-20,4.033e-22,,4.190e-15,6.867e-21,1.613e-10,1.055e-17,1.705e-5,1.688e-18,8.865e-21,1.729e-9,,2.233e-1,2.922e-4,2.893e-38,1.117e-11,5.350e-18,1.115e-26,2.551e-4,1.547e-19,1.192e+0,2.090e-23,4.091e+1,1.430e-20,1.277e-10,5.637e-20,6.818e-23,7.564e+0,5.362e-18,6.052e+0,8.616e+2,,9.158e+1,4.699e+0,,7.538e+0,3.997e-19,,9.102e-20,2.290e-16,,9.800e-1,1.667e+0,1.879e-5,,9.528e+0,,2.743e+0,2.130e-17,2.875e-17,,1.663e-18,8.187e-17
408.74,1.017e+3,7.705e-21,6.384e-12,1.337e-31,4.675e-35,1.119e-33,,4.454e-20,4.034e-22,,4.190e-15,6.864e-21,1.632e-10,1.055e-17,1.299e-5,2.380e-18,8.864e-21,2.001e-9,,2.555e-1,3.654e-4,2.880e-38,6.668e-12,5.393e-18,1.116e-26,3.225e-4,1.547e-19,1.100e+0,2.091e-23,3.873e+1,1.431e-20,1.134e-10,5.638e-20,6.819e-23,6.922e+0,5.294e-18,6.329e+0,8.494e+2,,8.737e+1,4.190e+0,,7.247e+0,4.003e-19,,9.100e-20,2.288e-16,,9.360e-1,1.346e+0,2.733e-5,,9.594e+0,,3.211e+0,2.128e-17,2.874e-17,,1.703e-18,8.189e-17
408.77,9.808e+2,7.707e-21,4.350e-12,7.337e-32,4.684e-35,2.715e-33,,4.459e-20,4.036e-22,,4.190e-15,6.858e-21,1.653e-10,1.055e-17,8.567e-6,3.949e-18,8.863e-21,2.470e-9,,3.102e-1,5.065e-4,2.860e-38,3.052e-12,5.456e-18,1.116e-26,4.547e-4,1.547e-19,9.699e-1,2.092e-23,3.537e+1,1.432e-20,9.507e-11,5.641e-20,6.820e-23,6.019e+0,5.191e-18,6.721e+0,8.244e+2,,8.111e+1,3.580e+0,,6.812e+0,4.013e-19,,9.098e-20,2.286e-16,,8.664e-1,9.683e-1,4.755e-5,,9.611e+0,,4.031e+0,2.125e-17,2.874e-17,,1.764e-18,8.193e-17
408.79,9.530e+2,7.708e-21,3.351e-12,4.891e-32,4.690e-35,4.877e-33,,4.462e-20,4.038e-22,,4.189e-15,6.854e-21,1.662e-10,1.055e-17,6.453e-6,5.503e-18,8.863e-21,2.827e-9,,3.514e-1,6.260e-4,2.847e-38,1.805e-12,5.498e-18,1.117e-26,5.685e-4,1.548e-19,8.896e-1,2.092e-23,3.311e+1,1.432e-20,8.487e-11,5.642e-20,6.821e-23,5.457e+0,5.123e-18,6.962e+0,8.036e+2,,7.699e+1,3.274e+0,,6.526e+0,4.019e-19,,9.096e-20,2.284e-16,,8.181e-1,7.729e-1,6.839e-5,,9.567e+0,,4.665e+0,2.123e-17,2.874e-17,,1.804e-18,8.195e-17
408.82,9.063e+2,7.710e-21,2.248e-12,2.639e-32,4.699e-35,1.164e-32,,4.468e-20,4.040e-22,,4.189e-15,6.849e-21,1.665e-10,1.055e-17,4.183e-6,8.977e-18,8.862e-21,3.430e-9,,4.206e-1,8.530e-4,2.827e-38,8.220e-13,5.562e-18,1.118e-26,7.880e-4,1.548e-19,7.792e-1,2.093e-23,2.974e+1,1.433e-20,7.229e-11,5.644e-20,6.822e-23,4.678e+0,5.020e-18,7.286e+0,7.669e+2,,7.093e+1,2.964e+0,,6.113e+0,4.028e-19,,9.094e-20,2.281e-16,,7.443e-1,5.465e-1,1.170e-4,,9.420e+0,,5.757e+0,2.120e-17,2.873e-17,,1.865e-18,8.198e-17
408.84,8.723e+2,7.711e-21,1.714e-12,1.739e-32,4.705e-35,2.067e-32,,4.471e-20,4.041e-22,,4.189e-15,6.845e-21,1.661e-10,1.055e-17,3.115e-6,1.237e-17,8.861e-21,3.880e-9,,4.718e-1,1.042e-3,2.814e-38,4.948e-13,5.604e-18,1.118e-26,9.740e-4,1.548e-19,7.122e-1,2.094e-23,2.753e+1,1.433e-20,6.554e-11,5.645e-20,6.823e-23,4.200e+0,4.952e-18,7.472e+0,7.392e+2,,6.700e+1,2.857e+0,,5.853e+0,4.034e-19,,9.092e-20,2.279e-16,,6.948e-1,4.314e-1,1.663e-4,,9.270e+0,,6.587e+0,2.118e-17,2.873e-17,,1.905e-18,8.200e-17
408.87,8.178e+2,7.713e-21,1.132e-12,9.225e-33,4.714e-35,4.850e-32,,4.476e-20,4.044e-22,,4.188e-15,6.839e-21,1.643e-10,1.055e-17,1.984e-6,1.984e-17,8.860e-21,4.628e-9,,5.566e-1,1.396e-3,2.795e-38,2.603e-13,5.667e-18,1.119e-26,1.327e-3,1.548e-19,6.217e-1,2.095e-23,2.432e+1,1.434e-20,5.759e-11,5.648e-20,6.824e-23,3.546e+0,4.849e-18,7.699e+0,6.935e+2,,6.129e+1,2.848e+0,,5.497e+0,4.044e-19,,9.089e-20,2.277e-16,,6.214e-1,3.001e-1,2.797e-4,,8.973e+0,,7.993e+0,2.115e-17,2.872e-17,,1.966e-18,8.204e-17
408.89,7.797e+2,7.715e-21,8.545e-13,6.010e-33,4.720e-35,8.516e-32,,4.480e-20,4.045e-22,,4.188e-15,6.835e-21,1.625e-10,1.055e-17,1.461e-6,2.702e-17,8.859e-21,5.176e-9,,6.185e-1,1.687e-3,2.782e-38,2.092e-13,5.710e-18,1.120e-26,1.622e-3,1.549e-19,5.677e-1,2.095e-23,2.226e+1,1.435e-20,5.356e-11,5.649e-20,6.825e-23,3.153e+0,4.780e-18,7.812e+0,6.609e+2,,5.762e+1,2.946e+0,,5.288e+0,4.050e-19,,9.088e-20,2.275e-16,,5.735e-1,2.344e-1,3.933e-4,,8.729e+0,,9.041e+0,2.113e-17,2.872e-17,,2.006e-18,8.206e-17
408.92,7.210e+2,7.716e-21,5.558e-13,3.134e-33,4.729e-35,1.965e-31,,4.485e-20,4.047e-22,,4.187e-15,6.830e-21,1.586e-10,1.055e-17,9.145e-7,4.260e-17,8.858e-21,6.070e-9,,7.194e-1,2.222e-3,2.762e-38,2.506e-13,5.773e-18,1.121e-26,2.172e-3,1.549e-19,4.959e-1,2.096e-23,1.933e+1,1.435e-20,4.919e-11,5.651e-20,6.827e-23,2.623e+0,4.678e-18,7.922e+0,6.095e+2,,5.233e+1,3.257e+0,,5.027e+0,4.059e-19,,9.085e-20,2.272e-16,,5.041e-1,1.608e-1,6.501e-4,,8.305e+0,,1.078e+1,2.110e-17,2.871e-17,,2.067e-18,8.209e-17
408.94,6.813e+2,7.718e-21,4.151e-13,2.018e-33,4.735e-35,3.411e-31,,4.489e-20,4.048e-22,,4.187e-15,6.826e-21,1.553e-10,1.055e-17,6.655e-7,5.738e-17,8.857e-21,6.711e-9,,7.921e-1,2.654e-3,2.749e-38,3.666e-13,5.815e-18,1.121e-26,2.624e-3,1.549e-19,4.538e-1,2.097e-23,1.750e+1,1.436e-20,4.723e-11,5.652e-20,6.828e-23,2.309e+0,4.609e-18,7.953e+0,5.742e+2,,4.895e+1,3.581e+0,,4.894e+0,4.065e-19,,9.083e-20,2.271e-16,,4.599e-1,1.247e-1,9.037e-4,,7.988e+0,,1.206e+1,2.108e-17,2.871e-17,,2.107e-18,8.212e-17
408.97,6.220e+2,7.720e-21,2.659e-13,1.034e-33,4.744e-35,7.736e-31,,4.494e-20,4.051e-22,,4.187e-15,6.820e-21,1.494e-10,1.055e-17,4.095e-7,8.893e-17,8.856e-21,7.736e-9,,9.088e-1,3.436e-3,2.730e-38,7.515e-13,5.879e-18,1.122e-26,3.455e-3,1.549e-19,3.984e-1,2.098e-23,1.494e+1,1.437e-20,4.551e-11,5.654e-20,6.829e-23,1.895e+0,4.506e-18,7.934e+0,5.206e+2,,4.413e+1,4.256e+0,,4.766e+0,4.075e-19,,9.081e-20,2.268e-16,,3.974e-1,8.534e-2,1.469e-3,,7.471e+0,,1.414e+1,2.105e-17,2.870e-17,,2.168e-18,8.215e-17
408.99,5.830e+2,7.721e-21,1.965e-13,6.587e-34,4.750e-35,1.328e-30,,4.497e-20,4.052e-22,,4.186e-15,6.816e-21,1.448e-10,1.055e-17,2.946e-7,1.184e-16,8.856e-21,8.456e-9,,9.915e-1,4.058e-3,2.717e-38,1.247e-12,5.921e-18,1.123e-26,4.128e-3,1.550e-19,3.662e-1,2.098e-23,1.337e+1,1.437e-20,4.506e-11,5.656e-20,6.830e-23,1.655e+0,4.438e-18,7.878e+0,4.849e+2,,4.108e+1,4.843e+0,,4.734e+0,4.081e-19,,9.079e-20,2.266e-16,,3.585e-1,6.669e-2,2.019e-3,,7.104e+0,,1.564e+1,2.103e-17,2.870e-17,,2.208e-18,8.217e-17
409.01,5.449e+2,7.722e-21,1.447e-13,4.175e-34,4.756e-35,2.269e-30,,4.501e-20,4.053e-22,,4.186e-15,6.813e-21,1.398e-10,1.055e-17,2.110e-7,1.570e-16,8.855e-21,9.201e-9,,1.078e+0,4.770e-3,2.704e-38,2.076e-12,5.963e-18,1.123e-26,4.908e-3,1.550e-19,3.375e-1,2.099e-23,1.192e+1,1.438e-20,4.507e-11,5.657e-20,6.831e-23,1.442e+0,4.370e-18,7.788e+0,4.496e+2,,3.817e+1,5.548e+0,,4.750e+0,4.087e-19,,9.078e-20,2.264e-16,,3.219e-1,5.283e-2,2.762e-3,,6.724e+0,,1.721e+1,2.101e-17,2.870e-17,,2.248e-18,8.220e-17
409.04,4.901e+2,7.724e-21,9.067e-14,2.089e-34,4.765e-35,5.027e-30,,4.506e-20,4.056e-22,,4.186e-15,6.807e-21,1.316e-10,1.055e-17,1.267e-7,2.376e-16,8.854e-21,1.036e-8,,1.214e+0,6.029e-3,2.684e-38,4.440e-12,6.027e-18,1.124e-26,6.310e-3,1.550e-19,3.002e-1,2.100e-23,9.940e+0,1.438e-20,4.580e-11,5.659e-20,6.832e-23,1.170e+0,4.267e-18,7.591e+0,3.980e+2,,3.404e+1,6.850e+0,,4.869e+0,4.096e-19,,9.075e-20,2.262e-16,,2.716e-1,3.920e-2,4.383e-3,,6.139e+0,,1.970e+1,2.098e-17,2.869e-17,,2.309e-18,8.223e-17
409.06,4.554e+2,7.726e-21,6.606e-14,1.309e-34,4.771e-35,8.493e-30,,4.510e-20,4.057e-22,,4.185e-15,6.803e-21,1.257e-10,1.055e-17,8.970e-8,3.114e-16,8.853e-21,1.114e-8,,1.309e+0,7.008e-3,2.671e-38,7.335e-12,6.069e-18,1.125e-26,7.418e-3,1.550e-19,2.788e-1,2.100e-23,8.758e+0,1.439e-20,4.668e-11,5.661e-20,6.833e-23,1.020e+0,4.198e-18,7.422e+0,3.648e+2,,3.145e+1,7.897e+0,,5.016e+0,4.103e-19,,9.073e-20,2.260e-16,,2.411e-1,3.405e-2,5.929e-3,,5.744e+0,,2.144e+1,2.096e-17,2.869e-17,,2.349e-18,8.225e-17
409.09,4.067e+2,7.728e-21,4.077e-14,6.438e-35,4.780e-35,1.850e-29,,4.515e-20,4.059e-22,,4.185e-15,6.797e-21,1.165e-10,1.055e-17,5.296e-8,4.632e-16,8.852e-21,1.232e-8,,1.455e+0,8.707e-3,2.651e-38,1.544e-11,6.132e-18,1.126e-26,9.374e-3,1.551e-19,2.509e-1,2.101e-23,7.182e+0,1.440e-20,4.846e-11,5.663e-20,6.834e-23,8.367e-1,4.096e-18,7.115e+0,3.174e+2,,2.782e+1,9.766e+0,,5.345e+0,4.112e-19,,9.071e-20,2.257e-16,,2.000e-1,3.134e-2,9.249e-3,,5.155e+0,,2.413e+1,2.093e-17,2.868e-17,,2.410e-18,8.229e-17
409.11,3.767e+2,7.729e-21,2.940e-14,3.988e-35,4.786e-35,3.090e-29,,4.519e-20,4.060e-22,,4.185e-15,6.794e-21,1.101e-10,1.055e-17,3.706e-8,6.003e-16,8.851e-21,1.311e-8,,1.555e+0,1.001e-2,2.638e-38,2.523e-11,6.175e-18,1.126e-26,1.090e-2,1.551e-19,2.348e-1,2.102e-23,6.257e+0,1.440e-20,4.988e-11,5.664e-20,6.835e-23,7.421e-1,4.027e-18,6.879e+0,2.876e+2,,2.556e+1,1.123e+1,,5.639e+0,4.118e-19,,9.069e-20,2.255e-16,,1.756e-1,3.266e-2,1.237e-2,,4.769e+0,,2.595e+1,2.091e-17,2.868e-17,,2.450e-18,8.231e-17
409.14,3.356e+2,7.731e-21,1.787e-14,1.928e-35,4.795e-35,6.616e-29,,4.524e-20,4.063e-22,,4.184e-15,6.788e-21,1.003e-10,1.055e-17,2.151e-8,8.780e-16,8.850e-21,1.426e-8,,1.708e+0,1.222e-2,2.619e-38,5.224e-11,6.238e-18,2.888e-26,1.354e-2,1.551e-19,2.137e-1,2.103e-23,5.045e+0,1.441e-20,5.226e-11,5.666e-20,6.837e-23,6.402e-1,3.924e-18,6.484e+0,2.460e+2,,2.242e+1,1.379e+1,,6.197e+0,4.127e-19,,9.067e-20,2.253e-16,,1.434e-1,3.944e-2,1.897e-2,,4.207e+0,,2.871e+1,2.088e-17,2.867e-17,,2.511e-18,8.234e-17
409.16,3.110e+2,7.732e-21,1.275e-14,1.181e-35,4.801e-35,1.093e-28,,4.527e-20,4.064e-22,,4.184e-15,6.784e-21,9.377e-11,1.055e-17,1.488e-8,1.125e-15,8.850e-21,1.499e-8,,1.812e+0,1.388e-2,2.606e-38,8.439e-11,6.280e-18,5.382e-26,1.556e-2,1.551e-19,2.013e-1,2.103e-23,4.346e+0,1.441e-20,5.395e-11,5.668e-20,6.838e-23,5.988e-1,3.856e-18,6.200e+0,2.204e+2,,2.048e+1,1.576e+1,,6.647e+0,4.134e-19,,9.065e-20,2.251e-16,,1.246e-1,4.750e-2,2.509e-2,,3.848e+0,,3.054e+1,2.086e-17,2.867e-17,,2.551e-18,8.237e-17
409.19,2.784e+2,7.734e-21,7.630e-15,5.610e-36,4.810e-35,2.301e-28,,4.533e-20,4.066e-22,,4.184e-15,6.778e-21,8.404e-11,1.055e-17,8.485e-9,1.617e-15,8.849e-21,1.602e-8,,1.967e+0,1.667e-2,2.586e-38,1.718e-10,6.344e-18,1.357e-25,1.900e-2,1.551e-19,1.848e-1,2.104e-23,3.446e+0,1.442e-20,5.658e-11,5.670e-20,6.839e-23,5.775e-1,3.753e-18,5.747e+0,1.852e+2,,1.782e+1,1.915e+1,,7.440e+0,4.143e-19,,9.062e-20,2.248e-16,,1.003e-1,6.594e-2,3.783e-2,,3.337e+0,,3.321e+1,2.083e-17,2.866e-17,,2.612e-18,8.240e-17
409.21,2.594e+2,7.736e-21,5.390e-15,3.396e-36,4.816e-35,3.758e-28,,4.536e-20,4.068e-22,,4.183e-15,6.775e-21,7.769e-11,1.055e-17,5.802e-9,2.049e-15,8.848e-21,1.666e-8,,2.070e+0,1.873e-2,2.573e-38,2.744e-10,6.386e-18,2.501e-25,2.158e-2,1.552e-19,1.749e-1,2.105e-23,2.935e+0,1.443e-20,5.835e-11,5.671e-20,6.840e-23,5.921e-1,3.685e-18,5.433e+0,1.641e+2,,1.620e+1,2.173e+1,,8.045e+0,4.149e-19,,9.061e-20,2.247e-16,,8.643e-2,8.340e-2,4.946e-2,,3.017e+0,,3.492e+1,2.081e-17,2.866e-17,,2.652e-18,8.242e-17
409.24,2.353e+2,7.738e-21,3.176e-15,1.586e-36,4.825e-35,7.778e-28,,4.541e-20,4.070e-22,,4.183e-15,6.769e-21,6.847e-11,1.055e-17,3.253e-9,2.896e-15,8.847e-21,1.751e-8,,2.222e+0,2.210e-2,2.554e-38,5.491e-10,6.449e-18,6.201e-25,2.591e-2,1.552e-19,1.614e-1,2.106e-23,2.288e+0,1.443e-20,6.096e-11,5.673e-20,6.841e-23,6.613e-1,3.582e-18,4.952e+0,1.356e+2,,1.400e+1,2.611e+1,,9.064e+0,4.158e-19,,9.058e-20,2.244e-16,,6.896e-2,1.196e-1,7.332e-2,,2.572e+0,,3.733e+1,2.078e-17,2.865e-17,,2.713e-18,8.246e-17
409.26,2.218e+2,7.739e-21,2.221e-15,9.493e-37,4.831e-35,1.256e-27,,4.545e-20,4.071e-22,,4.183e-15,6.765e-21,6.259e-11,1.055e-17,2.199e-9,3.627e-15,8.846e-21,1.799e-8,,2.321e+0,2.455e-2,2.541e-38,8.671e-10,6.491e-18,1.130e-24,2.911e-2,1.552e-19,1.532e-1,2.106e-23,1.927e+0,1.444e-20,6.264e-11,5.675e-20,6.842e-23,7.428e-1,3.514e-18,4.630e+0,1.187e+2,,1.268e+1,2.940e+1,,9.814e+0,4.165e-19,,9.056e-20,2.242e-16,,5.932e-2,1.520e-1,9.478e-2,,2.299e+0,,3.881e+1,2.076e-17,2.865e-17,,2.753e-18,8.248e-17
409.29,2.057e+2,7.741e-21,1.288e-15,4.358e-37,4.840e-35,2.556e-27,,4.550e-20,4.073e-22,,4.182e-15,6.760e-21,5.425e-11,1.055e-17,1.211e-9,5.040e-15,8.845e-21,1.859e-8,,2.466e+0,2.848e-2,2.521e-38,1.706e-9,6.555e-18,2.754e-24,3.436e-2,1.552e-19,1.416e-1,2.107e-23,1.477e+0,1.445e-20,6.504e-11,5.677e-20,6.843e-23,9.264e-1,3.411e-18,4.150e+0,9.643e+1,,1.093e+1,3.492e+1,,1.103e+1,4.174e-19,,9.054e-20,2.239e-16,,4.762e-2,2.169e-1,1.381e-1,,1.926e+0,,4.079e+1,2.073e-17,2.864e-17,,2.814e-18,8.251e-17
409.31,1.973e+2,7.742e-21,8.914e-16,2.578e-37,4.846e-35,4.081e-27,,4.554e-20,4.075e-22,,4.182e-15,6.756e-21,4.903e-11,1.055e-17,8.095e-10,6.241e-15,8.844e-21,1.889e-8,,2.559e+0,3.127e-2,2.508e-38,2.664e-9,6.597e-18,4.962e-24,3.815e-2,1.553e-19,1.343e-1,2.108e-23,1.230e+0,1.445e-20,6.652e-11,5.678e-20,6.844e-23,1.096e+0,3.342e-18,3.836e+0,8.347e+1,,9.915e+0,3.902e+1,,1.190e+1,4.180e-19,,9.052e-20,2.238e-16,,4.152e-2,2.738e-1,1.765e-1,,1.702e+0,,4.192e+1,2.071e-17,2.864e-17,,2.854e-18,8.254e-17
409.34,1.884e+2,7.744e-21,5.092e-16,1.163e-37,4.855e-35,8.166e-27,,4.559e-20,4.077e-22,,4.181e-15,6.750e-21,4.178e-11,1.055e-17,4.384e-10,8.526e-15,8.843e-21,1.918e-8,,2.691e+0,3.567e-2,2.488e-38,5.154e-9,6.661e-18,1.189e-23,4.427e-2,1.553e-19,1.240e-1,2.109e-23,9.273e-1,1.446e-20,6.854e-11,5.680e-20,6.846e-23,1.436e+0,3.240e-18,3.381e+0,6.665e+1,,8.602e+0,4.584e+1,,1.328e+1,4.189e-19,,9.050e-20,2.235e-16,,3.472e-2,3.853e-1,2.529e-1,,1.402e+0,,4.331e+1,2.068e-17,2.864e-17,,2.915e-18,8.257e-17
409.36,1.846e+2,7.746e-21,3.487e-16,6.804e-38,4.861e-35,1.289e-26,,4.562e-20,4.078e-22,,4.181e-15,6.746e-21,3.733e-11,1.055e-17,2.896e-10,1.044e-14,8.843e-21,1.927e-8,,2.775e+0,3.872e-2,2.475e-38,7.958e-9,6.703e-18,2.119e-23,4.860e-2,1.553e-19,1.175e-1,2.109e-23,7.636e-1,1.446e-20,6.974e-11,5.682e-20,6.847e-23,1.728e+0,3.171e-18,3.091e+0,5.703e+1,,7.869e+0,5.086e+1,,1.424e+1,4.196e-19,,9.048e-20,2.233e-16,,3.169e-2,4.813e-1,3.196e-1,,1.225e+0,,4.401e+1,2.066e-17,2.863e-17,,2.955e-18,8.259e-17
409.38,1.825e+2,7.747e-21,2.378e-16,3.961e-38,4.867e-35,2.026e-26,,4.566e-20,4.080e-22,,4.181e-15,6.742e-21,3.321e-11,1.055e-17,1.904e-10,1.272e-14,8.842e-21,1.927e-8,,2.854e+0,4.184e-2,2.462e-38,1.223e-8,6.745e-18,3.756e-23,5.312e-2,1.553e-19,1.111e-1,2.110e-23,6.260e-1,1.447e-20,7.079e-11,5.683e-20,6.847e-23,2.082e+0,3.103e-18,2.814e+0,4.858e+1,,7.249e+0,5.627e+1,,1.522e+1,4.202e-19,,9.046e-20,2.231e-16,,2.982e-2,5.985e-1,4.021e-1,,1.065e+0,,4.452e+1,2.064e-17,2.863e-17,,2.995e-18,8.262e-17
409.41,1.822e+2,7.749e-21,1.329e-16,1.745e-38,4.876e-35,3.959e-26,,4.571e-20,4.082e-22,,4.180e-15,6.737e-21,2.763e-11,1.055e-17,1.007e-10,1.697e-14,8.841e-21,1.910e-8,,2.964e+0,4.660e-2,2.443e-38,2.311e-8,6.808e-18,8.795e-23,6.018e-2,1.554e-19,1.021e-1,2.111e-23,4.607e-1,1.448e-20,7.211e-11,5.685e-20,6.849e-23,2.750e+0,3.000e-18,2.424e+0,3.787e+1,,6.530e+0,6.514e+1,,1.671e+1,4.211e-19,,9.044e-20,2.229e-16,,2.918e-2,8.230e-1,5.625e-1,,8.563e-1,,4.491e+1,2.061e-17,2.862e-17,,3.056e-18,8.265e-17
409.43,1.839e+2,7.750e-21,8.972e-17,1.004e-38,4.882e-35,6.153e-26,,4.575e-20,4.083e-22,,4.180e-15,6.733e-21,2.430e-11,1.055e-17,6.543e-11,2.045e-14,8.840e-21,1.889e-8,,3.031e+0,4.979e-2,2.430e-38,3.511e-8,6.851e-18,1.542e-22,6.503e-2,1.554e-19,9.634e-2,2.111e-23,3.735e-1,1.448e-20,7.279e-11,5.686e-20,6.850e-23,3.300e+0,2.931e-18,2.184e+0,3.189e+1,,6.191e+0,7.158e+1,,1.771e+1,4.217e-19,,9.042e-20,2.227e-16,,3.023e-2,1.012e+0,6.997e-1,,7.362e-1,,4.491e+1,2.059e-17,2.862e-17,,3.096e-18,8.267e-17
409.46,1.888e+2,7.752e-21,4.936e-17,4.347e-39,4.891e-35,1.182e-25,,4.580e-20,4.085e-22,,4.180e-15,6.727e-21,1.988e-11,1.055e-17,3.400e-11,2.681e-14,8.839e-21,1.841e-8,,3.121e+0,5.451e-2,2.410e-38,6.522e-8,6.914e-18,3.549e-22,7.242e-2,1.554e-19,8.812e-2,2.112e-23,2.703e-1,1.449e-20,7.351e-11,5.688e-20,6.851e-23,4.312e+0,2.829e-18,1.853e+0,2.444e+1,,5.891e+0,8.204e+1,,1.918e+1,4.227e-19,,9.040e-20,2.224e-16,,3.417e-2,1.368e+0,9.624e-1,,5.818e-1,,4.455e+1,2.056e-17,2.861e-17,,3.157e-18,8.271e-17
409.48,1.937e+2,7.754e-21,3.297e-17,2.474e-39,4.897e-35,1.816e-25,,4.583e-20,4.087e-22,,4.179e-15,6.724e-21,1.729e-11,1.055e-17,2.185e-11,3.194e-14,8.838e-21,1.799e-8,,3.174e+0,5.757e-2,2.397e-38,9.800e-8,6.956e-18,6.153e-22,7.736e-2,1.554e-19,8.293e-2,2.113e-23,2.166e-1,1.449e-20,7.378e-11,5.690e-20,6.852e-23,5.130e+0,2.760e-18,1.653e+0,2.034e+1,,5.831e+0,8.955e+1,,2.014e+1,4.233e-19,,9.038e-20,2.222e-16,,3.849e-2,1.664e+0,1.183e+0,,4.945e-1,,4.405e+1,2.054e-17,2.861e-17,,3.197e-18,8.273e-17
409.51,2.032e+2,7.756e-21,1.786e-17,1.053e-39,4.906e-35,3.430e-25,,4.589e-20,4.089e-22,,4.179e-15,6.718e-21,1.390e-11,1.055e-17,1.116e-11,4.118e-14,8.837e-21,1.724e-8,,3.242e+0,6.196e-2,2.378e-38,1.790e-7,7.020e-18,1.393e-21,8.470e-2,1.555e-19,7.558e-2,2.114e-23,1.541e-1,1.450e-20,7.388e-11,5.692e-20,6.853e-23,6.605e+0,2.658e-18,1.385e+0,1.532e+1,,5.953e+0,1.016e+2,,2.152e+1,4.242e-19,,9.035e-20,2.220e-16,,4.785e-2,2.211e+0,1.600e+0,,3.842e-1,,4.296e+1,2.051e-17,2.860e-17,,3.258e-18,8.276e-17
409.53,2.110e+2,7.757e-21,1.181e-17,5.939e-40,4.912e-35,5.211e-25,,4.592e-20,4.090e-22,,4.179e-15,6.714e-21,1.195e-11,1.055e-17,7.086e-12,4.851e-14,8.837e-21,1.666e-8,,3.280e+0,6.471e-2,2.365e-38,2.659e-7,7.062e-18,2.387e-21,8.946e-2,1.555e-19,7.100e-2,2.114e-23,1.222e-1,1.451e-20,7.374e-11,5.693e-20,6.854e-23,7.776e+0,2.589e-18,1.227e+0,1.261e+1,,6.176e+0,1.102e+2,,2.239e+1,4.248e-19,,9.034e-20,2.218e-16,,5.624e-2,2.658e+0,1.946e+0,,3.228e-1,,4.202e+1,2.049e-17,2.860e-17,,3.298e-18,8.278e-17
409.56,2.247e+2,7.759e-21,6.294e-18,2.525e-40,4.921e-35,9.677e-25,,4.598e-20,4.092e-22,,4.178e-15,6.708e-21,9.444e-12,1.055e-17,3.557e-12,6.148e-14,8.836e-21,1.569e-8,,3.325e+0,6.846e-2,2.345e-38,4.774e-7,7.125e-18,5.312e-21,9.628e-2,1.555e-19,6.462e-2,2.115e-23,8.546e-2,1.451e-20,7.321e-11,5.695e-20,6.856e-23,9.851e+0,2.486e-18,1.021e+0,9.336e+0,,6.725e+0,1.239e+2,,2.358e+1,4.258e-19,,9.031e-20,2.215e-16,,7.255e-2,3.474e+0,2.587e+0,,2.465e-1,,4.030e+1,2.046e-17,2.859e-17,,3.359e-18,8.282e-17
409.58,2.352e+2,7.760e-21,4.117e-18,1.465e-40,4.927e-35,1.454e-24,,4.601e-20,4.094e-22,,4.178e-15,6.705e-21,8.027e-12,1.055e-17,2.233e-12,7.159e-14,8.835e-21,1.499e-8,,3.346e+0,7.068e-2,2.332e-38,7.012e-7,7.168e-18,9.004e-21,1.005e-1,1.555e-19,6.070e-2,2.116e-23,6.697e-2,1.452e-20,7.266e-11,5.697e-20,6.857e-23,1.147e+1,2.418e-18,9.038e-1,7.597e+0,,7.236e+0,1.335e+2,,2.429e+1,4.264e-19,,9.030e-20,2.214e-16,,8.626e-2,4.129e+0,3.110e+0,,2.048e-1,,3.899e+1,2.044e-17,2.859e-17,,3.399e-18,8.284e-17
409.61,2.527e+2,7.762e-21,2.161e-18,7.791e-41,4.936e-35,2.654e-24,,4.606e-20,4.096e-22,,4.178e-15,6.699e-21,6.236e-12,1.055e-17,1.102e-12,8.920e-14,8.834e-21,1.388e-8,,3.366e+0,7.352e-2,2.312e-38,1.238e-6,7.231e-18,1.970e-20,1.064e-1,1.556e-19,5.534e-2,2.117e-23,4.606e-2,1.453e-20,7.154e-11,5.699e-20,6.858e-23,1.429e+1,2.315e-18,7.562e-1,5.528e+0,,8.222e+0,1.486e+2,,2.521e+1,4.273e-19,,9.027e-20,2.211e-16,,1.118e-1,5.304e+0,4.065e+0,,1.537e-1,,3.680e+1,2.041e-17,2.859e-17,,3.460e-18,8.288e-17
409.63,2.656e+2,7.764e-21,1.398e-18,6.910e-41,4.942e-35,3.942e-24,,4.610e-20,4.097e-22,,4.177e-15,6.695e-21,5.240e-12,1.055e-17,6.840e-13,1.027e-13,8.833e-21,1.311e-8,,3.371e+0,7.504e-2,2.299e-38,1.798e-6,7.273e-18,3.302e-20,1.098e-1,1.556e-19,5.211e-2,2.117e-23,3.569e-2,1.453e-20,7.061e-11,5.700e-20,6.859e-23,1.645e+1,2.247e-18,6.762e-1,4.447e+0,,9.025e+0,1.590e+2,,2.571e+1,4.279e-19,,9.025e-20,2.209e-16,,1.325e-1,6.233e+0,4.832e+0,,1.263e-1,,3.523e+1,2.039e-17,2.858e-17,,3.500e-18,8.290e-17
409.66,2.866e+2,7.766e-21,7.223e-19,1.021e-40,4.951e-35,7.076e-24,,4.615e-20,4.099e-22,,4.177e-15,6.689e-21,4.002e-12,1.055e-17,3.316e-13,1.258e-13,8.832e-21,1.193e-8,,3.365e+0,7.673e-2,2.280e-38,3.120e-6,7.337e-18,7.103e-20,1.142e-1,1.556e-19,4.780e-2,2.118e-23,2.414e-2,1.454e-20,6.896e-11,5.702e-20,6.860e-23,2.015e+1,2.144e-18,5.827e-1,3.181e+0,,1.045e+1,1.752e+2,,2.630e+1,4.289e-19,,9.023e-20,2.206e-16,,1.701e-1,7.872e+0,6.210e+0,,9.317e-2,,3.276e+1,2.036e-17,2.858e-17,,3.561e-18,8.293e-17
409.68,3.018e+2,7.767e-21,4.625e-19,1.643e-40,4.957e-35,1.039e-23,,4.619e-20,4.101e-22,,4.177e-15,6.686e-21,3.325e-12,1.055e-17,2.035e-13,1.432e-13,8.831e-21,1.114e-8,,3.352e+0,7.744e-2,2.267e-38,4.481e-6,7.379e-18,1.177e-19,1.166e-1,1.556e-19,4.527e-2,2.119e-23,1.850e-2,1.454e-20,6.770e-11,5.704e-20,6.861e-23,2.294e+1,2.075e-18,5.373e-1,2.530e+0,,1.154e+1,1.863e+2,,2.657e+1,4.295e-19,,9.021e-20,2.205e-16,,2.000e-1,9.145e+0,7.299e+0,,7.564e-2,,3.106e+1,2.034e-17,2.857e-17,,6.683e-18,8.295e-17
409.71,3.262e+2,7.769e-21,2.351e-19,3.673e-40,4.966e-35,1.834e-23,,4.624e-20,4.103e-22,,4.176e-15,6.680e-21,2.496e-12,1.055e-17,9.698e-14,1.725e-13,8.830e-21,9.967e-9,,3.320e+0,7.784e-2,2.247e-38,7.646e-6,7.442e-18,2.490e-19,1.192e-1,1.557e-19,4.199e-2,2.120e-23,1.231e-2,1.455e-20,6.560e-11,5.706e-20,6.862e-23,2.762e+1,5.328e-18,4.939e-1,1.779e+0,,1.339e+1,2.031e+2,,2.679e+1,4.304e-19,,9.019e-20,2.202e-16,,2.530e-1,1.136e+1,9.222e+0,,5.486e-2,,2.850e+1,2.031e-17,2.857e-17,,1.704e-17,8.299e-17
409.73,3.434e+2,7.770e-21,1.490e-19,6.359e-40,4.972e-35,2.663e-23,,4.627e-20,4.104e-22,,4.176e-15,6.676e-21,2.050e-12,1.055e-17,5.883e-14,1.941e-13,8.830e-21,9.201e-9,,3.289e+0,7.767e-2,2.234e-38,1.086e-5,7.485e-18,4.080e-19,1.203e-1,1.557e-19,4.013e-2,2.120e-23,9.333e-3,1.456e-20,6.407e-11,5.707e-20,6.863e-23,3.109e+1,9.932e-18,4.808e-1,1.398e+0,,1.476e+1,2.144e+2,,2.681e+1,4.310e-19,,9.017e-20,2.200e-16,,2.945e-1,1.304e+1,1.072e+1,,4.404e-2,,2.681e+1,2.029e-17,2.856e-17,,3.163e-17,8.301e-17
409.75,3.614e+2,7.771e-21,9.398e-20,1.100e-39,4.978e-35,3.850e-23,,4.631e-20,4.106e-22,,4.176e-15,6.672e-21,1.676e-12,1.055e-17,3.552e-14,2.175e-13,8.829e-21,8.456e-9,,3.252e+0,7.715e-2,2.221e-38,1.535e-5,7.527e-18,6.655e-19,1.209e-1,1.557e-19,3.853e-2,2.121e-23,7.050e-3,1.456e-20,6.246e-11,5.709e-20,6.864e-23,3.483e+1,1.843e-17,4.803e-1,1.094e+0,,1.624e+1,2.256e+2,,2.673e+1,4.317e-19,,9.015e-20,2.198e-16,,3.412e-1,1.491e+1,1.240e+1,,3.519e-2,,2.515e+1,2.027e-17,2.856e-17,,5.844e-17,8.303e-17
409.78,3.895e+2,7.773e-21,4.671e-20,2.485e-39,4.987e-35,6.635e-23,,4.636e-20,4.108e-22,,4.175e-15,6.667e-21,1.228e-12,1.055e-17,1.653e-14,2.557e-13,8.828e-21,7.386e-9,,3.184e+0,7.572e-2,2.202e-38,2.557e-5,7.590e-18,1.375e-18,1.207e-1,1.557e-19,3.659e-2,2.122e-23,4.605e-3,1.457e-20,5.990e-11,5.711e-20,6.866e-23,4.096e+1,4.621e-17,5.026e-1,7.513e-1,,1.863e+1,2.422e+2,,2.643e+1,4.326e-19,,9.013e-20,2.196e-16,,4.220e-1,1.808e+1,1.530e+1,,2.491e-2,,2.279e+1,2.024e-17,2.855e-17,,1.455e-16,8.307e-17
409.8,4.090e+2,7.775e-21,2.916e-20,4.257e-39,4.993e-35,9.484e-23,,4.640e-20,4.109e-22,,4.175e-15,6.663e-21,9.930e-13,1.055e-17,9.864e-15,2.833e-13,8.827e-21,6.711e-9,,3.131e+0,7.437e-2,2.189e-38,3.574e-5,7.633e-18,2.217e-18,1.198e-1,1.558e-19,3.559e-2,2.123e-23,3.462e-3,1.458e-20,5.812e-11,5.712e-20,6.867e-23,4.537e+1,8.481e-17,5.329e-1,5.812e-1,,2.033e+1,2.530e+2,,2.612e+1,4.332e-19,,9.011e-20,2.194e-16,,4.836e-1,2.044e+1,1.751e+1,,1.968e-2,,2.132e+1,2.022e-17,2.855e-17,,2.659e-16,8.309e-17
409.83,4.391e+2,7.777e-21,1.426e-20,9.463e-39,5.002e-35,1.607e-22,,4.645e-20,4.111e-22,,4.174e-15,6.657e-21,7.154e-13,1.055e-17,4.510e-15,3.274e-13,8.826e-21,5.762e-9,,3.039e+0,7.177e-2,2.169e-38,5.856e-5,7.696e-18,4.504e-18,1.176e-1,1.558e-19,3.451e-2,2.123e-23,2.273e-3,1.458e-20,5.537e-11,5.714e-20,6.868e-23,5.244e+1,2.091e-16,6.015e-1,3.922e-1,,2.303e+1,2.683e+2,,2.549e+1,4.341e-19,,9.008e-20,2.191e-16,,5.882e-1,2.437e+1,2.124e+1,,1.370e-2,,1.930e+1,2.019e-17,2.855e-17,,6.511e-16,8.312e-17
409.85,4.595e+2,7.778e-21,8.805e-21,1.603e-38,5.008e-35,2.271e-22,,4.648e-20,4.113e-22,,4.174e-15,6.653e-21,5.716e-13,1.055e-17,2.661e-15,3.586e-13,8.825e-21,5.176e-9,,2.972e+0,6.970e-2,2.156e-38,8.092e-5,7.738e-18,7.183e-18,1.155e-1,1.558e-19,3.406e-2,2.124e-23,1.742e-3,1.459e-20,5.351e-11,5.716e-20,6.869e-23,5.744e+1,3.794e-16,6.629e-1,3.000e-1,,2.491e+1,2.780e+2,,2.499e+1,4.348e-19,,9.007e-20,2.189e-16,,6.665e-1,2.724e+1,2.403e+1,,1.070e-2,,1.810e+1,2.017e-17,2.854e-17,,1.176e-15,8.315e-17
409.88,4.904e+2,7.780e-21,4.237e-21,3.503e-38,5.016e-35,3.783e-22,,4.654e-20,4.115e-22,,4.174e-15,6.648e-21,4.048e-13,1.055e-17,1.196e-15,4.075e-13,8.824e-21,4.369e-9,,2.861e+0,6.616e-2,2.136e-38,1.303e-4,7.802e-18,1.434e-17,1.114e-1,1.558e-19,3.376e-2,2.125e-23,1.235e-3,1.460e-20,5.069e-11,5.718e-20,6.870e-23,6.527e+1,9.195e-16,7.789e-1,1.990e-1,,2.781e+1,2.912e+2,,2.412e+1,4.357e-19,,9.004e-20,2.187e-16,,7.970e-1,3.191e+1,2.868e+1,,7.319e-3,,1.656e+1,2.014e-17,2.854e-17,,2.832e-15,8.318e-17
409.9,5.111e+2,7.781e-21,2.588e-21,5.867e-38,5.022e-35,5.287e-22,,4.657e-20,4.116e-22,,4.173e-15,6.644e-21,3.198e-13,1.055e-17,6.976e-16,4.413e-13,8.824e-21,3.880e-9,,2.783e+0,6.355e-2,2.123e-38,1.781e-4,7.844e-18,2.262e-17,1.082e-1,1.559e-19,3.381e-2,2.126e-23,1.050e-3,1.460e-20,4.881e-11,5.719e-20,6.871e-23,7.068e+1,1.650e-15,8.724e-1,1.504e-1,,2.979e+1,2.991e+2,,2.349e+1,4.363e-19,,9.003e-20,2.185e-16,,8.928e-1,3.527e+1,3.209e+1,,5.650e-3,,1.573e+1,2.012e-17,2.853e-17,,5.060e-15,8.320e-17
409.93,5.416e+2,7.783e-21,1.225e-21,1.261e-37,5.031e-35,8.659e-22,,4.662e-20,4.118e-22,,4.173e-15,6.638e-21,2.226e-13,1.055e-17,3.081e-16,4.930e-13,8.822e-21,3.220e-9,,2.659e+0,5.934e-2,2.104e-38,2.820e-4,7.907e-18,4.442e-17,1.026e-1,1.559e-19,3.424e-2,2.126e-23,9.597e-4,1.461e-20,4.602e-11,5.721e-20,6.872e-23,7.896e+1,3.932e-15,1.037e+0,9.808e-2,,3.278e+1,3.093e+2,,2.250e+1,4.372e-19,,9.000e-20,2.182e-16,,1.050e+0,4.063e+1,3.766e+1,,3.800e-3,,1.477e+1,2.009e-17,2.853e-17,,1.198e-14,8.324e-17
409.95,5.616e+2,7.785e-21,7.404e-22,2.088e-37,5.037e-35,1.196e-21,,4.666e-20,4.120e-22,,4.173e-15,6.635e-21,1.739e-13,1.055e-17,1.777e-16,5.278e-13,8.822e-21,2.827e-9,,2.575e+0,5.640e-2,2.091e-38,3.810e-4,7.950e-18,6.926e-17,9.853e-2,1.559e-19,3.476e-2,2.127e-23,1.016e-3,1.461e-20,4.419e-11,5.722e-20,6.873e-23,8.453e+1,6.977e-15,1.164e+0,7.332e-2,,3.477e+1,3.148e+2,,2.183e+1,4.379e-19,,8.998e-20,2.181e-16,,1.163e+0,4.439e+1,4.167e+1,,2.900e-3,,1.434e+1,2.007e-17,2.852e-17,,2.116e-14,8.326e-17
409.98,5.904e+2,7.787e-21,3.449e-22,4.413e-37,5.046e-35,1.927e-21,,4.671e-20,4.122e-22,,4.172e-15,6.629e-21,1.190e-13,1.055e-17,7.713e-17,5.797e-13,8.821e-21,2.307e-9,,2.447e+0,5.186e-2,2.071e-38,5.933e-4,8.013e-18,1.337e-16,9.192e-2,1.559e-19,3.588e-2,2.128e-23,1.284e-3,1.462e-20,4.153e-11,5.725e-20,6.875e-23,9.284e+1,1.635e-14,1.379e+0,4.699e-2,,3.770e+1,3.211e+2,,2.086e+1,4.388e-19,,8.996e-20,2.178e-16,,1.344e+0,5.027e+1,4.810e+1,,1.917e-3,,1.402e+1,2.004e-17,2.852e-17,,4.926e-14,8.329e-17
410,6.086e+2,7.788e-21,2.061e-22,7.226e-37,5.052e-35,2.632e-21,,4.675e-20,4.123e-22,,4.172e-15,6.625e-21,9.187e-14,1.055e-17,4.412e-17,6.137e-13,8.820e-21,2.003e-9,,2.363e+0,4.881e-2,2.058e-38,7.925e-4,8.055e-18,2.062e-16,8.727e-2,1.560e-19,3.685e-2,2.129e-23,1.602e-3,1.463e-20,3.981e-11,5.726e-20,6.876e-23,9.827e+1,2.869e-14,1.539e+0,3.473e-2,,3.961e+1,3.239e+2,,2.027e+1,4.394e-19,,8.994e-20,2.176e-16,,1.472e+0,5.431e+1,5.264e+1,,1.447e-3,,1.403e+1,2.002e-17,2.851e-17,,8.604e-14,8.332e-17
410.03,6.342e+2,7.790e-21,9.444e-23,1.501e-36,5.061e-35,4.168e-21,,4.680e-20,4.125e-22,,4.172e-15,6.619e-21,6.180e-14,1.055e-17,1.914e-17,6.626e-13,8.819e-21,1.608e-9,,2.242e+0,4.427e-2,2.039e-38,1.213e-3,8.119e-18,3.913e-16,8.008e-2,1.560e-19,3.864e-2,2.129e-23,2.343e-3,1.463e-20,3.733e-11,5.728e-20,6.877e-23,1.061e+2,6.610e-14,1.802e+0,2.187e-2,,4.236e+1,3.257e+2,,1.950e+1,4.403e-19,,8.992e-20,2.173e-16,,1.672e+0,6.047e+1,5.978e+1,,9.401e-4,,1.439e+1,1.999e-17,2.851e-17,,1.969e-13,8.335e-17
410.05,6.499e+2,7.791e-21,5.583e-23,2.431e-36,5.067e-35,5.630e-21,,4.684e-20,4.127e-22,,4.171e-15,6.616e-21,4.717e-14,1.055e-17,1.128e-17,6.935e-13,8.818e-21,1.382e-9,,2.167e+0,4.133e-2,2.026e-38,1.602e-3,8.161e-18,5.966e-16,7.522e-2,1.560e-19,4.005e-2,2.130e-23,3.064e-3,1.464e-20,3.575e-11,5.729e-20,6.878e-23,1.110e+2,1.147e-13,1.993e+0,1.598e-2,,4.410e+1,3.254e+2,,1.911e+1,4.410e-19,,8.990e-20,2.172e-16,,1.811e+0,6.459e+1,6.471e+1,,7.013e-4,,1.485e+1,1.997e-17,2.851e-17,,3.401e-13,8.337e-17
410.08,6.710e+2,7.793e-21,2.516e-23,4.967e-36,5.076e-35,8.764e-21,,4.689e-20,4.129e-22,,4.171e-15,6.610e-21,3.119e-14,1.055e-17,6.212e-18,7.362e-13,8.817e-21,1.094e-9,,2.065e+0,3.711e-2,2.006e-38,2.412e-3,8.224e-18,1.114e-15,6.795e-2,1.560e-19,4.251e-2,2.131e-23,4.604e-3,1.465e-20,3.351e-11,5.732e-20,6.879e-23,1.179e+2,2.598e-13,2.302e+0,9.896e-3,,4.654e+1,3.224e+2,,1.876e+1,4.419e-19,,8.987e-20,2.169e-16,,2.023e+0,7.069e+1,7.230e+1,,4.479e-4,,1.586e+1,1.995e-17,2.850e-17,,7.655e-13,8.341e-17
410.1,6.833e+2,7.795e-21,1.471e-23,7.952e-36,5.082e-35,1.170e-20,,4.692e-20,4.130e-22,,4.171e-15,6.606e-21,2.354e-14,1.055e-17,5.745e-18,7.618e-13,8.817e-21,9.322e-10,,2.007e+0,3.447e-2,1.993e-38,3.149e-3,8.267e-18,1.679e-15,6.319e-2,1.561e-19,4.436e-2,2.132e-23,6.032e-3,1.465e-20,3.210e-11,5.733e-20,6.880e-23,1.220e+2,4.457e-13,2.520e+0,7.148e-3,,4.804e+1,3.189e+2,,1.872e+1,4.425e-19,,8.986e-20,2.167e-16,,2.165e+0,7.465e+1,7.744e+1,,3.303e-4,,1.675e+1,1.993e-17,2.850e-17,,1.307e-12,8.343e-17
410.13,6.989e+2,7.797e-21,6.523e-24,1.597e-35,5.091e-35,1.791e-20,,4.698e-20,4.132e-22,,4.170e-15,6.600e-21,1.530e-14,1.055e-17,9.134e-18,7.951e-13,8.815e-21,7.315e-10,,1.939e+0,3.084e-2,1.974e-38,4.660e-3,8.330e-18,3.080e-15,5.629e-2,1.561e-19,4.746e-2,2.132e-23,8.996e-3,1.466e-20,3.011e-11,5.735e-20,6.881e-23,1.273e+2,9.931e-13,2.865e+0,4.350e-3,,5.010e+1,3.113e+2,,1.902e+1,4.435e-19,,8.983e-20,2.165e-16,,2.378e+0,8.033e+1,8.516e+1,,2.074e-4,,1.838e+1,1.990e-17,2.849e-17,,2.893e-12,8.346e-17
410.15,7.073e+2,7.798e-21,3.772e-24,2.529e-35,5.097e-35,2.366e-20,,4.701e-20,4.134e-22,,4.170e-15,6.597e-21,1.141e-14,1.055e-17,1.534e-17,8.135e-13,8.815e-21,6.230e-10,,1.909e+0,2.868e-2,1.960e-38,6.018e-3,8.372e-18,4.591e-15,5.191e-2,1.561e-19,4.973e-2,2.133e-23,1.169e-2,1.466e-20,2.887e-11,5.736e-20,6.882e-23,1.302e+2,1.684e-12,3.103e+0,3.107e-3,,5.133e+1,3.048e+2,,1.950e+1,4.441e-19,,8.982e-20,2.163e-16,,2.517e+0,8.387e+1,9.025e+1,,1.512e-4,,1.965e+1,1.988e-17,2.849e-17,,4.886e-12,8.349e-17
410.17,7.140e+2,7.799e-21,2.171e-24,3.986e-35,5.103e-35,3.110e-20,,4.705e-20,4.135e-22,,4.170e-15,6.593e-21,8.476e-15,1.055e-17,2.710e-17,8.286e-13,8.814e-21,5.328e-10,,1.892e+0,2.674e-2,1.947e-38,7.735e-3,8.414e-18,6.812e-15,4.774e-2,1.561e-19,5.215e-2,2.134e-23,1.512e-2,1.467e-20,2.770e-11,5.738e-20,6.883e-23,1.326e+2,2.844e-12,3.347e+0,2.208e-3,,5.244e+1,2.972e+2,,2.023e+1,4.447e-19,,8.980e-20,2.161e-16,,2.652e+0,8.718e+1,9.525e+1,,1.097e-4,,2.106e+1,1.986e-17,2.848e-17,,8.214e-12,8.351e-17
410.2,7.209e+2,7.801e-21,9.405e-25,7.819e-35,5.112e-35,4.648e-20,,4.710e-20,4.137e-22,,4.169e-15,6.587e-21,5.378e-15,1.055e-17,6.499e-17,8.446e-13,8.813e-21,4.295e-10,,1.895e+0,2.431e-2,1.928e-38,1.118e-2,8.478e-18,1.221e-14,4.198e-2,1.562e-19,5.607e-2,2.135e-23,2.208e-2,1.468e-20,2.607e-11,5.740e-20,6.885e-23,1.351e+2,6.189e-12,3.718e+0,1.312e-3,,5.391e+1,2.839e+2,,2.188e+1,4.456e-19,,8.977e-20,5.516e-16,,2.844e+0,9.159e+1,1.025e+2,,6.727e-5,,2.340e+1,1.983e-17,2.848e-17,,1.775e-11,8.354e-17
410.22,7.234e+2,7.803e-21,5.353e-25,1.218e-34,5.118e-35,6.042e-20,,4.713e-20,4.139e-22,,4.169e-15,6.583e-21,3.949e-15,1.055e-17,1.164e-16,8.506e-13,8.812e-21,3.808e-10,,1.918e+0,2.303e-2,1.915e-38,1.421e-2,8.520e-18,1.791e-14,3.849e-2,1.562e-19,5.884e-2,2.135e-23,2.825e-2,1.468e-20,2.506e-11,5.741e-20,6.886e-23,1.360e+2,1.033e-11,3.966e+0,9.220e-4,,5.476e+1,2.739e+2,,2.339e+1,4.462e-19,,8.976e-20,1.025e-15,,2.963e+0,9.413e+1,1.071e+2,,4.826e-5,,2.510e+1,1.981e-17,2.847e-17,,2.951e-11,8.357e-17
410.25,7.241e+2,7.805e-21,2.280e-25,2.350e-34,5.127e-35,8.879e-20,,4.719e-20,4.141e-22,,4.168e-15,6.578e-21,2.463e-15,1.055e-17,2.768e-16,8.526e-13,8.811e-21,3.373e-10,,1.987e+0,2.167e-2,1.895e-38,2.018e-2,8.584e-18,3.157e-14,3.388e-2,1.562e-19,6.320e-2,2.136e-23,4.056e-2,1.469e-20,2.365e-11,5.743e-20,6.887e-23,1.363e+2,2.211e-11,4.333e+0,5.385e-4,,5.584e+1,2.575e+2,,2.633e+1,4.472e-19,,8.973e-20,2.572e-15,,3.123e+0,9.722e+1,1.135e+2,,2.908e-5,,2.779e+1,1.978e-17,2.847e-17,,6.273e-11,8.360e-17
410.27,7.226e+2,7.806e-21,1.284e-25,3.622e-34,5.133e-35,1.141e-19,,4.722e-20,4.142e-22,,4.168e-15,6.574e-21,1.788e-15,1.054e-17,4.907e-16,8.492e-13,8.811e-21,3.283e-10,,2.058e+0,2.115e-2,1.882e-38,2.536e-2,8.626e-18,4.579e-14,3.125e-2,1.562e-19,6.621e-2,2.137e-23,5.134e-2,1.469e-20,2.277e-11,5.745e-20,6.888e-23,1.356e+2,3.651e-11,4.572e+0,3.742e-4,,5.645e+1,2.459e+2,,2.880e+1,4.478e-19,,8.971e-20,4.724e-15,,3.217e+0,9.878e+1,1.174e+2,,2.063e-5,,2.966e+1,1.976e-17,2.847e-17,,1.031e-10,8.362e-17
410.3,7.178e+2,7.808e-21,5.378e-26,6.870e-34,5.142e-35,1.649e-19,,4.727e-20,4.144e-22,,4.168e-15,6.568e-21,1.096e-15,1.054e-17,1.149e-15,8.371e-13,8.809e-21,3.474e-10,,2.203e+0,2.099e-2,1.863e-38,3.543e-2,8.689e-18,7.934e-14,2.800e-2,1.563e-19,7.084e-2,2.138e-23,7.248e-2,1.470e-20,2.156e-11,5.747e-20,6.889e-23,1.336e+2,7.680e-11,4.915e+0,2.149e-4,,5.721e+1,2.275e+2,,3.332e+1,4.487e-19,,8.969e-20,1.166e-14,,3.334e+0,1.003e+2,1.226e+2,,1.222e-5,,3.253e+1,1.973e-17,2.846e-17,,2.155e-10,8.366e-17
410.32,7.129e+2,7.809e-21,2.992e-26,1.047e-33,5.148e-35,2.095e-19,,4.731e-20,4.146e-22,,4.167e-15,6.564e-21,7.866e-16,1.054e-17,2.014e-15,8.245e-13,8.809e-21,3.846e-10,,2.327e+0,2.131e-2,1.850e-38,4.402e-2,8.731e-18,1.138e-13,2.634e-2,1.563e-19,7.396e-2,2.138e-23,9.071e-2,1.471e-20,2.080e-11,5.748e-20,6.890e-23,1.315e+2,1.254e-10,5.129e+0,1.477e-4,,5.765e+1,2.149e+2,,3.692e+1,4.493e-19,,8.967e-20,2.117e-14,,3.395e+0,1.008e+2,1.257e+2,,8.567e-6,,3.445e+1,1.971e-17,2.846e-17,,3.502e-10,8.368e-17
410.35,7.035e+2,7.811e-21,1.233e-26,1.952e-33,5.157e-35,2.976e-19,,4.736e-20,4.148e-22,,4.167e-15,6.559e-21,4.740e-16,1.054e-17,4.635e-15,7.996e-13,8.808e-21,4.839e-10,,2.554e+0,2.244e-2,1.830e-38,6.045e-2,8.795e-18,1.939e-13,2.463e-2,1.563e-19,7.863e-2,2.139e-23,1.259e-1,1.471e-20,1.973e-11,5.750e-20,6.891e-23,1.273e+2,2.594e-10,5.425e+0,8.356e-5,,5.820e+1,1.956e+2,,4.325e+1,4.503e-19,,8.965e-20,5.139e-14,,3.459e+0,1.006e+2,1.295e+2,,4.988e-6,,3.729e+1,1.968e-17,2.845e-17,,7.196e-10,8.371e-17
410.37,6.960e+2,7.813e-21,6.549e-27,2.941e-33,5.163e-35,3.740e-19,,4.740e-20,4.149e-22,,4.167e-15,6.555e-21,3.363e-16,1.054e-17,8.035e-15,7.791e-13,8.807e-21,5.850e-10,,2.732e+0,2.365e-2,1.817e-38,7.427e-2,8.837e-18,2.750e-13,2.405e-2,1.563e-19,8.169e-2,2.140e-23,1.559e-1,1.472e-20,1.907e-11,5.752e-20,6.892e-23,1.239e+2,4.187e-10,5.601e+0,5.701e-5,,5.852e+1,1.828e+2,,4.812e+1,4.509e-19,,8.963e-20,9.230e-14,,3.483e+0,9.991e+1,1.315e+2,,3.458e-6,,3.913e+1,1.966e-17,2.845e-17,,1.157e-9,8.374e-17
410.4,6.833e+2,7.815e-21,2.577e-27,5.393e-33,5.172e-35,5.223e-19,,4.745e-20,4.152e-22,,4.166e-15,6.549e-21,1.992e-16,1.054e-17,1.818e-14,7.435e-13,8.806e-21,8.029e-10,,3.040e+0,2.615e-2,1.798e-38,1.003e-1,8.900e-18,4.606e-13,2.404e-2,1.563e-19,8.612e-2,2.141e-23,2.128e-1,1.473e-20,1.812e-11,5.754e-20,6.894e-23,1.179e+2,8.517e-10,5.829e+0,3.228e-5,,5.896e+1,1.637e+2,,5.645e+1,4.518e-19,,8.960e-20,2.203e-13,,3.489e+0,9.806e+1,1.337e+2,,1.979e-6,,4.173e+1,1.963e-17,2.844e-17,,2.337e-9,8.377e-17
410.42,6.741e+2,7.816e-21,1.397e-27,8.033e-33,5.178e-35,6.489e-19,,4.748e-20,4.153e-22,,4.166e-15,6.546e-21,1.397e-16,1.054e-17,3.117e-14,7.170e-13,8.805e-21,1.003e-9,,3.271e+0,2.828e-2,1.784e-38,1.218e-1,8.943e-18,6.460e-13,2.463e-2,1.564e-19,8.892e-2,2.141e-23,2.605e-1,1.473e-20,1.752e-11,5.755e-20,6.895e-23,1.134e+2,1.360e-9,5.954e+0,2.248e-5,,5.923e+1,1.512e+2,,6.268e+1,4.524e-19,,8.959e-20,3.912e-13,,3.473e+0,9.629e+1,1.347e+2,,1.356e-6,,4.334e+1,1.961e-17,2.844e-17,,3.714e-9,8.379e-17
410.45,6.596e+2,7.818e-21,5.587e-28,1.448e-32,5.187e-35,8.910e-19,,4.754e-20,4.155e-22,,4.165e-15,6.540e-21,8.137e-17,1.054e-17,6.936e-14,6.739e-13,8.804e-21,1.408e-9,,3.652e+0,3.217e-2,1.765e-38,1.617e-1,9.006e-18,1.064e-12,2.648e-2,1.564e-19,9.284e-2,2.142e-23,3.499e-1,1.474e-20,1.665e-11,5.757e-20,6.896e-23,1.061e+2,2.719e-9,6.099e+0,1.418e-5,,5.962e+1,1.332e+2,,7.307e+1,4.534e-19,,8.956e-20,9.180e-13,,3.420e+0,9.291e+1,1.354e+2,,7.629e-7,,4.550e+1,1.958e-17,2.843e-17,,7.377e-9,8.383e-17
410.47,6.497e+2,7.819e-21,3.016e-28,2.134e-32,5.193e-35,1.095e-18,,4.757e-20,4.156e-22,,4.165e-15,6.536e-21,5.642e-17,1.054e-17,1.176e-13,6.435e-13,8.803e-21,1.764e-9,,3.927e+0,3.522e-2,1.752e-38,1.942e-1,9.048e-18,1.475e-12,2.836e-2,1.564e-19,9.521e-2,2.143e-23,4.235e-1,1.474e-20,1.610e-11,5.759e-20,6.897e-23,1.009e+2,4.292e-9,6.166e+0,1.173e-5,,5.988e+1,1.218e+2,,8.066e+1,4.540e-19,,8.955e-20,1.612e-12,,3.366e+0,9.020e+1,1.353e+2,,5.169e-7,,4.674e+1,1.956e-17,2.843e-17,,1.159e-8,8.385e-17
410.5,6.348e+2,7.821e-21,1.186e-28,3.782e-32,5.202e-35,1.478e-18,,4.762e-20,4.159e-22,,4.165e-15,6.530e-21,3.230e-17,1.054e-17,2.572e-13,5.964e-13,8.802e-21,2.467e-9,,4.367e+0,4.047e-2,1.732e-38,2.535e-1,9.112e-18,2.389e-12,3.222e-2,1.564e-19,9.834e-2,2.144e-23,5.595e-1,1.475e-20,1.529e-11,5.761e-20,6.898e-23,9.284e+1,8.440e-9,6.219e+0,1.172e-5,,6.028e+1,1.055e+2,,9.302e+1,4.549e-19,,8.952e-20,3.720e-12,,3.259e+0,8.556e+1,1.344e+2,,2.858e-7,,4.828e+1,1.953e-17,2.842e-17,,2.265e-8,8.388e-17
410.52,6.249e+2,7.822e-21,6.326e-29,5.509e-32,5.208e-35,1.795e-18,,4.766e-20,4.160e-22,,4.164e-15,6.527e-21,2.214e-17,1.054e-17,4.311e-13,5.644e-13,8.802e-21,3.072e-9,,4.674e+0,4.440e-2,1.719e-38,3.011e-1,9.154e-18,3.276e-12,3.550e-2,1.565e-19,1.001e-1,2.144e-23,6.700e-1,1.476e-20,1.476e-11,5.762e-20,6.899e-23,8.732e+1,1.317e-8,6.222e+0,1.416e-5,,6.055e+1,9.535e+1,,1.019e+2,4.555e-19,,8.950e-20,6.460e-12,,3.172e+0,8.213e+1,1.334e+2,,1.914e-7,,4.906e+1,1.951e-17,2.842e-17,,3.519e-8,8.390e-17
410.54,6.153e+2,7.824e-21,3.360e-29,7.988e-32,5.214e-35,2.170e-18,,4.769e-20,4.161e-22,,4.164e-15,6.523e-21,1.511e-17,1.054e-17,7.194e-13,5.325e-13,8.801e-21,3.811e-9,,4.989e+0,4.865e-2,1.706e-38,3.559e-1,9.196e-18,4.472e-12,3.936e-2,1.565e-19,1.016e-1,2.145e-23,7.988e-1,1.476e-20,1.424e-11,5.763e-20,6.900e-23,8.175e+1,2.047e-8,6.201e+0,1.892e-5,,6.081e+1,8.579e+1,,1.111e+2,4.562e-19,,8.949e-20,1.117e-11,,3.072e+0,7.848e+1,1.321e+2,,1.277e-7,,4.963e+1,1.949e-17,2.842e-17,,5.444e-8,8.393e-17
410.57,6.015e+2,7.826e-21,7.830e-28,1.383e-31,5.223e-35,2.861e-18,,4.775e-20,4.164e-22,,4.164e-15,6.517e-21,8.442e-18,1.054e-17,1.537e-12,4.855e-13,8.800e-21,5.226e-9,,5.469e+0,5.558e-2,1.687e-38,4.536e-1,9.260e-18,7.071e-12,4.628e-2,1.565e-19,1.034e-1,2.146e-23,1.032e+0,1.477e-20,1.347e-11,5.766e-20,6.901e-23,7.342e+1,3.932e-8,6.125e+0,3.207e-5,,6.121e+1,7.262e+1,,1.258e+2,4.571e-19,,8.946e-20,2.517e-11,,2.904e+0,7.269e+1,1.295e+2,,6.891e-8,,5.008e+1,1.946e-17,2.841e-17,,1.039e-7,8.396e-17
410.59,5.927e+2,7.827e-21,1.283e-27,1.983e-31,5.229e-35,3.421e-18,,4.778e-20,4.165e-22,,4.163e-15,6.513e-21,5.695e-18,1.054e-17,2.537e-12,4.552e-13,8.799e-21,6.417e-9,,5.790e+0,6.053e-2,1.674e-38,5.302e-1,9.302e-18,9.544e-12,5.166e-2,1.565e-19,1.042e-1,2.146e-23,1.217e+0,1.477e-20,1.297e-11,5.767e-20,6.902e-23,6.796e+1,6.041e-8,6.045e+0,4.668e-5,,6.145e+1,6.462e+1,,1.359e+2,4.577e-19,,8.944e-20,4.302e-11,,2.782e+0,6.867e+1,1.275e+2,,4.543e-8,,5.011e+1,1.944e-17,2.841e-17,,1.589e-7,8.398e-17
410.62,5.804e+2,7.829e-21,2.032e-27,3.376e-31,5.238e-35,4.434e-18,,4.784e-20,4.167e-22,,4.163e-15,6.508e-21,3.128e-18,1.054e-17,5.331e-12,4.118e-13,8.798e-21,8.659e-9,,6.263e+0,6.838e-2,1.654e-38,6.645e-1,9.365e-18,1.484e-11,6.087e-2,1.566e-19,1.048e-1,2.147e-23,1.547e+0,1.478e-20,1.223e-11,5.769e-20,6.904e-23,6.001e+1,1.141e-7,5.885e+0,8.254e-5,,6.178e+1,5.380e+1,,1.515e+2,4.587e-19,,8.942e-20,9.535e-11,,2.585e+0,6.253e+1,1.240e+2,,2.410e-8,,4.972e+1,1.941e-17,2.840e-17,,2.980e-7,8.402e-17
410.64,5.728e+2,7.830e-21,2.531e-27,4.786e-31,5.244e-35,5.241e-18,,4.787e-20,4.168e-22,,4.163e-15,6.504e-21,2.086e-18,1.054e-17,8.698e-12,3.847e-13,8.797e-21,1.051e-8,,6.568e+0,7.384e-2,1.641e-38,7.680e-1,9.408e-18,1.981e-11,6.778e-2,1.566e-19,1.049e-1,2.148e-23,1.806e+0,1.479e-20,1.175e-11,5.770e-20,6.905e-23,5.491e+1,1.733e-7,5.753e+0,1.205e-4,,6.196e+1,4.735e+1,,1.620e+2,4.593e-19,,8.940e-20,1.612e-10,,2.448e+0,5.841e+1,1.214e+2,,1.571e-8,,4.919e+1,1.939e-17,2.840e-17,,4.507e-7,8.404e-17
410.67,5.621e+2,7.832e-21,3.281e-27,8.011e-31,5.253e-35,6.679e-18,,4.792e-20,4.171e-22,,4.162e-15,6.498e-21,1.127e-18,1.054e-17,1.797e-11,3.472e-13,8.796e-21,1.395e-8,,6.999e+0,8.223e-2,1.622e-38,9.461e-1,9.471e-18,3.028e-11,7.926e-2,1.566e-19,1.044e-1,2.149e-23,2.260e+0,1.479e-20,1.103e-11,5.772e-20,6.906e-23,4.767e+1,3.218e-7,5.525e+0,2.111e-4,,6.216e+1,3.878e+1,,1.778e+2,4.602e-19,,8.938e-20,3.513e-10,,2.237e+0,5.228e+1,1.172e+2,,8.193e-9,,4.801e+1,1.936e-17,2.839e-17,,8.314e-7,8.407e-17
410.69,5.554e+2,7.834e-21,3.780e-27,1.123e-30,5.259e-35,7.807e-18,,4.796e-20,4.172e-22,,4.162e-15,6.494e-21,7.428e-19,1.054e-17,2.900e-11,3.245e-13,8.796e-21,1.675e-8,,7.265e+0,8.791e-2,1.609e-38,1.081e+0,9.513e-18,3.996e-11,8.764e-2,1.566e-19,1.038e-1,2.149e-23,2.611e+0,1.480e-20,1.056e-11,5.774e-20,6.907e-23,4.313e+1,4.835e-7,5.354e+0,3.053e-4,,6.222e+1,3.377e+1,,1.881e+2,4.608e-19,,8.936e-20,5.871e-10,,2.094e+0,4.829e+1,1.142e+2,,5.279e-9,,4.697e+1,1.934e-17,2.839e-17,,1.243e-6,8.410e-17
410.72,5.459e+2,7.836e-21,4.530e-27,1.848e-30,5.268e-35,9.782e-18,,4.801e-20,4.174e-22,,4.162e-15,6.489e-21,3.942e-19,1.054e-17,5.892e-11,2.942e-13,8.795e-21,2.186e-8,,7.620e+0,9.639e-2,1.589e-38,1.310e+0,9.577e-18,6.006e-11,1.012e-1,1.567e-19,1.025e-1,2.150e-23,3.219e+0,1.481e-20,9.872e-12,5.776e-20,6.908e-23,3.681e+1,8.828e-7,5.075e+0,5.265e-4,,6.220e+1,2.724e+1,,2.032e+2,4.618e-19,,8.934e-20,1.258e-9,,1.881e+0,4.249e+1,1.095e+2,,2.706e-9,,4.507e+1,1.931e-17,2.838e-17,,2.255e-6,8.413e-17
410.74,5.399e+2,7.837e-21,5.029e-27,2.562e-30,5.274e-35,1.130e-17,,4.805e-20,4.176e-22,,4.161e-15,6.485e-21,2.570e-19,1.054e-17,9.401e-11,2.766e-13,8.794e-21,2.596e-8,,7.824e+0,1.019e-1,1.576e-38,1.480e+0,9.619e-18,7.837e-11,1.109e-1,1.567e-19,1.014e-1,2.151e-23,3.683e+0,1.481e-20,9.428e-12,5.777e-20,6.909e-23,3.293e+1,1.311e-6,4.877e+0,7.530e-4,,6.209e+1,2.349e+1,,2.128e+2,4.624e-19,,8.932e-20,2.080e-9,,1.741e+0,3.880e+1,1.063e+2,,1.724e-9,,4.360e+1,1.929e-17,2.838e-17,,3.335e-6,8.415e-17
410.77,5.311e+2,7.839e-21,5.779e-27,4.146e-30,5.283e-35,1.393e-17,,4.810e-20,4.178e-22,,4.161e-15,6.479e-21,1.341e-19,1.054e-17,1.878e-10,2.542e-13,8.793e-21,3.330e-8,,8.074e+0,1.100e-1,1.556e-38,1.762e+0,9.682e-18,1.158e-10,1.261e-1,1.567e-19,9.951e-2,2.152e-23,4.475e+0,1.482e-20,8.789e-12,5.779e-20,6.910e-23,2.762e+1,2.354e-6,4.567e+0,1.277e-3,,6.179e+1,1.871e+1,,2.261e+2,4.633e-19,,8.929e-20,4.382e-9,,1.537e+0,3.357e+1,1.014e+2,,8.688e-10,,4.114e+1,1.926e-17,2.837e-17,,5.948e-6,8.419e-17
410.79,5.253e+2,7.840e-21,6.278e-27,5.683e-30,5.289e-35,1.591e-17,,4.813e-20,4.179e-22,,4.161e-15,6.475e-21,8.640e-20,1.054e-17,2.963e-10,2.418e-13,8.792e-21,3.909e-8,,8.200e+0,1.150e-1,1.543e-38,1.969e+0,9.725e-18,1.494e-10,1.367e-1,1.567e-19,9.809e-2,2.152e-23,5.072e+0,1.482e-20,8.384e-12,5.781e-20,6.911e-23,2.443e+1,3.458e-6,4.355e+0,1.806e-3,,6.149e+1,1.603e+1,,2.343e+2,4.639e-19,,8.928e-20,7.162e-9,,1.407e+0,3.031e+1,9.803e+1,,5.471e-10,,3.936e+1,1.924e-17,2.837e-17,,8.698e-6,8.421e-17
410.82,5.163e+2,7.842e-21,7.028e-27,9.042e-30,5.298e-35,1.927e-17,,4.819e-20,4.181e-22,,4.160e-15,6.470e-21,4.431e-20,1.054e-17,5.822e-10,2.269e-13,8.791e-21,4.931e-8,,8.322e+0,1.220e-1,1.524e-38,2.305e+0,9.788e-18,2.172e-10,1.531e-1,1.568e-19,9.588e-2,2.153e-23,6.080e+0,1.483e-20,7.816e-12,5.783e-20,6.913e-23,2.015e+1,6.105e-6,4.034e+0,3.012e-3,,6.088e+1,1.269e+1,,2.450e+2,4.649e-19,,8.925e-20,1.484e-8,,1.222e+0,2.578e+1,9.292e+1,,2.710e-10,,3.652e+1,1.921e-17,2.837e-17,,1.525e-5,8.424e-17
410.84,5.100e+2,7.844e-21,7.527e-27,1.225e-29,5.304e-35,2.178e-17,,4.822e-20,4.183e-22,,4.160e-15,6.466e-21,2.823e-20,1.054e-17,9.083e-10,2.194e-13,8.790e-21,5.724e-8,,8.358e+0,1.262e-1,2.844e-38,2.547e+0,9.830e-18,2.770e-10,1.641e-1,1.568e-19,9.440e-2,2.154e-23,6.832e+0,1.484e-20,7.469e-12,5.784e-20,6.914e-23,1.762e+1,8.868e-6,3.820e+0,4.212e-3,,6.037e+1,1.088e+1,,2.511e+2,4.655e-19,,8.923e-20,2.398e-8,,1.105e+0,2.301e+1,8.948e+1,,1.687e-10,,3.455e+1,1.919e-17,2.836e-17,,2.206e-5,8.427e-17
410.87,5.001e+2,7.846e-21,8.277e-27,1.917e-29,5.313e-35,2.593e-17,,4.827e-20,4.185e-22,,4.159e-15,6.460e-21,1.423e-20,1.054e-17,1.755e-9,2.114e-13,8.789e-21,7.098e-8,,8.341e+0,1.317e-1,7.189e-38,2.932e+0,9.894e-18,3.958e-10,1.807e-1,1.568e-19,9.228e-2,2.155e-23,8.087e+0,1.484e-20,7.011e-12,5.786e-20,6.915e-23,1.429e+1,1.539e-5,3.502e+0,6.906e-3,,5.945e+1,8.716e+0,,2.584e+2,4.664e-19,,8.921e-20,4.887e-8,,9.434e-1,1.924e+1,8.428e+1,,8.215e-11,,3.152e+1,1.916e-17,2.836e-17,,3.803e-5,8.430e-17
410.89,4.930e+2,7.847e-21,8.776e-27,2.569e-29,5.319e-35,2.897e-17,,4.831e-20,4.186e-22,,4.159e-15,6.457e-21,8.964e-21,1.054e-17,2.707e-9,2.082e-13,8.789e-21,8.147e-8,,8.284e+0,1.347e-1,1.341e-37,3.202e+0,9.936e-18,4.993e-10,1.917e-1,1.568e-19,9.098e-2,2.155e-23,9.014e+0,1.485e-20,6.756e-12,5.788e-20,6.916e-23,1.235e+1,2.211e-5,3.295e+0,9.549e-3,,5.875e+1,7.607e+0,,2.620e+2,4.670e-19,,8.919e-20,7.810e-8,,8.440e-1,1.698e+1,8.080e+1,,5.056e-11,,2.949e+1,1.914e-17,2.835e-17,,5.437e-5,8.432e-17
410.91,4.855e+2,7.848e-21,9.276e-27,3.428e-29,5.325e-35,3.222e-17,,4.834e-20,4.188e-22,,4.159e-15,6.453e-21,5.620e-21,1.054e-17,4.157e-9,2.064e-13,8.788e-21,9.309e-8,,8.189e+0,1.372e-1,2.465e-37,3.482e+0,9.978e-18,6.270e-10,2.023e-1,1.569e-19,8.982e-2,2.156e-23,1.002e+1,1.486e-20,6.550e-12,5.789e-20,6.917e-23,1.063e+1,3.161e-5,3.093e+0,1.314e-2,,5.798e+1,6.742e+0,,2.645e+2,4.676e-19,,8.918e-20,1.243e-7,,7.517e-1,1.491e+1,7.732e+1,,3.097e-11,,2.747e+1,1.912e-17,2.835e-17,,7.740e-5,8.435e-17
410.94,4.734e+2,7.850e-21,1.003e-26,5.237e-29,5.334e-35,3.747e-17,,4.840e-20,4.190e-22,,4.158e-15,6.447e-21,2.766e-21,1.054e-17,7.846e-9,2.061e-13,8.787e-21,1.127e-7,,7.982e+0,1.397e-1,6.088e-37,3.914e+0,1.004e-17,8.749e-10,2.176e-1,1.569e-19,8.840e-2,2.157e-23,1.168e+1,1.486e-20,6.354e-12,5.791e-20,6.918e-23,8.417e+0,5.358e-5,2.801e+0,2.105e-2,,5.674e+1,5.868e+0,,2.662e+2,4.686e-19,,8.915e-20,2.473e-7,,6.264e-1,1.218e+1,7.211e+1,,1.473e-11,,2.448e+1,1.909e-17,2.834e-17,,1.303e-4,8.438e-17
410.96,4.648e+2,7.852e-21,1.052e-26,6.909e-29,5.340e-35,4.120e-17,,4.843e-20,4.191e-22,,4.158e-15,6.443e-21,1.714e-21,1.054e-17,1.191e-8,2.074e-13,8.786e-21,1.274e-7,,7.803e+0,1.407e-1,1.106e-36,4.208e+0,1.008e-17,1.086e-9,2.272e-1,1.569e-19,8.772e-2,2.157e-23,1.289e+1,1.487e-20,6.316e-12,5.793e-20,6.919e-23,7.162e+0,7.576e-5,2.614e+0,2.865e-2,,5.586e+1,5.550e+0,,2.659e+2,4.692e-19,,8.913e-20,3.890e-7,,5.516e-1,1.058e+1,6.865e+1,,8.918e-12,,2.255e+1,1.907e-17,2.834e-17,,1.834e-4,8.440e-17
410.99,4.509e+2,7.854e-21,1.127e-26,1.038e-28,5.349e-35,4.711e-17,,4.848e-20,4.193e-22,,4.158e-15,6.438e-21,8.294e-22,1.054e-17,2.211e-8,2.111e-13,8.785e-21,1.517e-7,,7.478e+0,1.409e-1,2.687e-36,4.651e+0,1.015e-17,1.490e-9,2.403e-1,1.569e-19,8.716e-2,2.158e-23,1.489e+1,1.488e-20,6.439e-12,5.795e-20,6.920e-23,5.575e+0,1.263e-4,2.349e+0,4.512e-2,,5.451e+1,5.447e+0,,2.633e+2,4.701e-19,,8.911e-20,7.613e-7,,4.519e-1,8.489e+0,6.349e+1,,4.167e-12,,1.976e+1,1.904e-17,2.833e-17,,3.037e-4,8.444e-17
411.01,4.412e+2,7.855e-21,1.177e-26,1.354e-28,5.355e-35,5.122e-17,,4.852e-20,4.195e-22,,4.157e-15,6.434e-21,5.082e-22,1.054e-17,3.320e-8,2.145e-13,8.784e-21,1.694e-7,,7.227e+0,1.403e-1,4.829e-36,4.944e+0,1.019e-17,1.830e-9,2.480e-1,1.570e-19,8.710e-2,2.159e-23,1.634e+1,1.488e-20,6.669e-12,5.796e-20,6.921e-23,4.690e+0,1.765e-4,2.182e+0,6.072e-2,,5.361e+1,5.624e+0,,2.603e+2,4.708e-19,,8.909e-20,1.184e-6,,3.934e-1,7.291e+0,6.008e+1,,2.495e-12,,1.800e+1,1.902e-17,2.833e-17,,4.227e-4,8.446e-17
411.04,4.260e+2,7.857e-21,1.252e-26,2.000e-28,5.364e-35,5.758e-17,,4.857e-20,4.197e-22,,4.157e-15,6.428e-21,2.417e-22,1.054e-17,6.059e-8,2.208e-13,8.783e-21,1.983e-7,,6.810e+0,1.382e-1,1.154e-35,5.372e+0,1.025e-17,2.469e-9,2.579e-1,1.570e-19,8.754e-2,2.160e-23,1.873e+1,1.489e-20,7.296e-12,5.798e-20,6.923e-23,3.589e+0,2.894e-4,1.946e+0,9.401e-2,,5.230e+1,6.259e+0,,2.537e+2,4.717e-19,,8.907e-20,2.279e-6,,3.169e-1,5.753e+0,5.504e+1,,1.146e-12,,1.552e+1,1.899e-17,2.832e-17,,6.883e-4,8.449e-17
411.06,4.155e+2,7.858e-21,1.302e-26,2.579e-28,5.370e-35,6.190e-17,,4.861e-20,4.198e-22,,4.157e-15,6.424e-21,1.464e-22,1.054e-17,8.998e-8,2.255e-13,8.783e-21,2.191e-7,,6.508e+0,1.360e-1,2.050e-35,5.646e+0,1.030e-17,2.997e-9,2.632e-1,1.570e-19,8.817e-2,2.160e-23,2.047e+1,1.489e-20,7.946e-12,5.800e-20,6.924e-23,2.985e+0,4.000e-4,1.799e+0,1.251e-1,,5.149e+1,6.934e+0,,2.482e+2,4.723e-19,,8.905e-20,3.506e-6,,2.727e-1,4.885e+0,5.174e+1,,6.785e-13,,1.398e+1,1.897e-17,2.832e-17,,9.472e-4,8.452e-17
411.09,3.996e+2,7.860e-21,1.377e-26,3.747e-28,5.379e-35,6.842e-17,,4.866e-20,4.200e-22,,4.156e-15,6.419e-21,6.845e-23,1.054e-17,1.615e-7,2.332e-13,8.782e-21,2.521e-7,,6.028e+0,1.317e-1,4.815e-35,6.033e+0,1.036e-17,3.975e-9,2.690e-1,1.570e-19,8.963e-2,2.161e-23,2.333e+1,1.490e-20,9.364e-12,5.802e-20,6.925e-23,2.245e+0,6.447e-4,1.594e+0,1.905e-1,,5.040e+1,8.344e+0,,2.382e+2,4.732e-19,,8.902e-20,6.633e-6,,2.160e-1,3.789e+0,4.690e+1,,3.063e-13,,1.185e+1,1.894e-17,2.832e-17,,1.516e-3,8.455e-17
411.11,3.891e+2,7.862e-21,1.427e-26,4.778e-28,5.385e-35,7.273e-17,,4.870e-20,4.202e-22,,4.156e-15,6.415e-21,4.099e-23,1.054e-17,2.371e-7,2.385e-13,8.781e-21,2.754e-7,,5.696e+0,1.281e-1,8.462e-35,6.269e+0,1.040e-17,4.771e-9,2.715e-1,1.571e-19,9.092e-2,2.162e-23,2.541e+1,1.491e-20,1.067e-11,5.803e-20,6.926e-23,1.847e+0,8.812e-4,1.467e+0,2.507e-1,,4.979e+1,9.566e+0,,2.306e+2,4.739e-19,,8.901e-20,1.009e-5,,1.838e-1,3.181e+0,4.376e+1,,1.793e-13,,1.056e+1,1.892e-17,2.831e-17,,2.063e-3,8.457e-17
411.14,3.737e+2,7.864e-21,1.502e-26,6.824e-28,5.394e-35,7.904e-17,,4.875e-20,4.204e-22,,4.156e-15,6.409e-21,1.884e-23,1.054e-17,4.184e-7,2.465e-13,8.780e-21,3.116e-7,,5.188e+0,1.220e-1,1.955e-34,6.585e+0,1.046e-17,6.222e-9,2.729e-1,1.571e-19,9.328e-2,2.163e-23,2.882e+1,1.491e-20,1.332e-11,5.805e-20,6.927e-23,1.366e+0,1.396e-3,1.291e+0,3.752e-1,,4.912e+1,1.186e+1,,2.180e+2,4.748e-19,,8.898e-20,1.877e-5,,1.431e-1,2.426e+0,3.920e+1,,7.957e-14,,8.803e+0,1.889e-17,2.831e-17,,3.248e-3,8.461e-17
411.16,3.639e+2,7.865e-21,1.552e-26,8.605e-28,5.400e-35,8.308e-17,,4.878e-20,4.205e-22,,4.155e-15,6.405e-21,1.115e-23,1.054e-17,6.076e-7,2.517e-13,8.779e-21,3.365e-7,,4.847e+0,1.174e-1,3.397e-34,6.766e+0,1.051e-17,7.385e-9,2.723e-1,1.571e-19,9.510e-2,2.163e-23,3.132e+1,1.492e-20,1.564e-11,5.806e-20,6.928e-23,1.110e+0,1.888e-3,1.183e+0,4.882e-1,,4.886e+1,1.371e+1,,2.089e+2,4.754e-19,,8.896e-20,2.824e-5,,1.204e-1,2.013e+0,3.628e+1,,4.603e-14,,7.756e+0,1.887e-17,2.830e-17,,4.371e-3,8.463e-17
411.19,3.503e+2,7.867e-21,1.627e-26,1.208e-27,5.409e-35,8.878e-17,,4.884e-20,4.207e-22,,4.155e-15,6.400e-21,5.038e-24,1.054e-17,1.054e-6,2.592e-13,8.778e-21,3.744e-7,,4.340e+0,1.098e-1,7.717e-34,6.988e+0,1.057e-17,9.470e-9,2.690e-1,1.571e-19,9.812e-2,2.164e-23,3.542e+1,1.493e-20,2.016e-11,5.809e-20,6.929e-23,8.073e-1,2.941e-3,1.033e+0,7.186e-1,,4.881e+1,1.703e+1,,1.946e+2,4.763e-19,,8.894e-20,5.166e-5,,9.213e-2,1.510e+0,3.209e+1,,2.008e-14,,6.361e+0,1.884e-17,2.830e-17,,6.765e-3,8.466e-17
411.21,3.421e+2,7.868e-21,1.677e-26,1.507e-27,5.415e-35,9.228e-17,,4.887e-20,4.209e-22,,4.155e-15,6.396e-21,2.949e-24,1.054e-17,1.514e-6,2.639e-13,8.777e-21,3.998e-7,,4.009e+0,1.045e-1,1.326e-33,7.100e+0,1.061e-17,1.111e-8,2.654e-1,1.572e-19,1.003e-1,2.165e-23,3.841e+1,1.493e-20,2.401e-11,5.810e-20,6.930e-23,6.490e-1,3.931e-3,9.419e-1,9.246e-1,,4.904e+1,1.963e+1,,1.846e+2,4.770e-19,,8.892e-20,7.684e-5,,7.665e-2,1.239e+0,2.944e+1,,1.149e-14,,5.543e+0,1.882e-17,2.829e-17,,9.001e-3,8.469e-17
411.24,3.317e+2,7.870e-21,1.752e-26,2.080e-27,5.424e-35,9.696e-17,,4.892e-20,4.211e-22,,4.154e-15,6.390e-21,1.309e-24,1.054e-17,2.584e-6,2.703e-13,8.776e-21,4.373e-7,,3.529e+0,9.616e-2,2.962e-33,7.209e+0,1.068e-17,1.401e-8,2.579e-1,1.572e-19,1.036e-1,2.166e-23,4.332e+1,1.494e-20,3.133e-11,5.812e-20,6.932e-23,4.639e-1,6.023e-3,8.165e-1,1.338e+0,,4.981e+1,2.415e+1,,1.695e+2,4.779e-19,,8.890e-20,1.382e-4,,5.767e-2,9.131e-1,2.569e+1,,4.926e-15,,4.472e+0,1.879e-17,2.829e-17,,1.370e-2,8.472e-17
411.26,3.262e+2,7.872e-21,1.802e-26,2.565e-27,5.430e-35,9.966e-17,,4.896e-20,4.212e-22,,4.154e-15,6.386e-21,7.577e-25,1.054e-17,3.670e-6,2.740e-13,8.776e-21,4.617e-7,,3.223e+0,9.045e-2,5.034e-33,7.241e+0,1.072e-17,1.626e-8,2.515e-1,1.572e-19,1.058e-1,2.166e-23,4.690e+1,1.494e-20,3.743e-11,5.813e-20,6.933e-23,3.688e-1,7.960e-3,7.403e-1,1.702e+0,,5.064e+1,2.760e+1,,1.593e+2,4.785e-19,,8.888e-20,2.033e-4,,4.743e-2,7.409e-1,2.335e+1,,2.785e-15,,3.854e+0,1.877e-17,2.828e-17,,1.802e-2,8.474e-17
411.28,3.219e+2,7.873e-21,1.852e-26,3.148e-27,5.436e-35,1.020e-16,,4.899e-20,4.214e-22,,4.154e-15,6.383e-21,4.365e-25,1.054e-17,5.188e-6,2.773e-13,8.775e-21,4.852e-7,,2.930e+0,8.470e-2,8.517e-33,7.241e+0,1.076e-17,1.878e-8,2.442e-1,1.572e-19,1.080e-1,2.167e-23,5.074e+1,1.495e-20,4.468e-11,5.815e-20,6.933e-23,2.919e-1,1.047e-2,6.696e-1,2.156e+0,,5.176e+1,3.143e+1,,1.492e+2,4.791e-19,,8.886e-20,2.977e-4,,3.884e-2,5.984e-1,2.114e+1,,1.568e-15,,3.307e+0,1.875e-17,2.828e-17,,2.361e-2,8.476e-17
411.31,3.183e+2,7.875e-21,1.927e-26,4.245e-27,5.445e-35,1.047e-16,,4.905e-20,4.216e-22,,4.153e-15,6.377e-21,1.892e-25,1.054e-17,8.649e-6,2.813e-13,8.774e-21,5.184e-7,,2.519e+0,7.611e-2,1.859e-32,7.180e+0,1.082e-17,2.313e-8,2.317e-1,1.573e-19,1.110e-1,2.168e-23,5.701e+1,1.496e-20,5.812e-11,5.817e-20,6.935e-23,2.039e-1,1.567e-2,5.734e-1,3.047e+0,,5.399e+1,3.788e+1,,1.343e+2,4.801e-19,,8.884e-20,5.231e-4,,2.853e-2,4.306e-1,1.808e+1,,6.563e-16,,2.607e+0,1.872e-17,2.828e-17,,3.509e-2,8.480e-17
411.33,3.178e+2,7.876e-21,1.977e-26,5.153e-27,5.451e-35,1.059e-16,,4.908e-20,4.217e-22,,4.153e-15,6.373e-21,1.077e-25,1.054e-17,1.209e-5,2.832e-13,8.773e-21,5.387e-7,,2.264e+0,7.046e-2,3.109e-32,7.100e+0,1.087e-17,2.642e-8,2.225e-1,1.573e-19,1.129e-1,2.168e-23,6.154e+1,1.496e-20,6.905e-11,5.818e-20,6.936e-23,1.597e-1,2.039e-2,5.153e-1,3.816e+0,,5.586e+1,4.267e+1,,1.246e+2,4.807e-19,,8.882e-20,7.575e-4,,2.310e-2,3.439e-1,1.621e+1,,3.652e-16,,2.213e+0,1.870e-17,2.827e-17,,4.544e-2,8.482e-17
411.36,3.202e+2,7.878e-21,2.052e-26,6.831e-27,5.460e-35,1.070e-16,,4.913e-20,4.219e-22,,4.152e-15,6.368e-21,4.591e-26,1.054e-17,1.983e-5,2.850e-13,8.772e-21,5.658e-7,,1.914e+0,6.225e-2,6.672e-32,6.921e+0,1.093e-17,3.198e-8,2.075e-1,1.573e-19,1.153e-1,2.169e-23,6.887e+1,1.497e-20,8.898e-11,5.820e-20,6.937e-23,1.099e-1,3.000e-2,4.369e-1,5.304e+0,,5.928e+1,5.060e+1,,1.107e+2,4.816e-19,,8.880e-20,1.309e-3,,1.669e-2,2.433e-1,1.366e+1,,1.503e-16,,1.716e+0,1.867e-17,2.827e-17,,6.642e-2,8.485e-17
411.38,3.241e+2,7.879e-21,2.102e-26,8.198e-27,5.466e-35,1.071e-16,,4.917e-20,4.221e-22,,4.152e-15,6.364e-21,2.585e-26,1.054e-17,2.741e-5,2.854e-13,8.771e-21,5.814e-7,,1.701e+0,5.698e-2,1.104e-31,6.766e+0,1.097e-17,3.612e-8,1.970e-1,1.573e-19,1.166e-1,2.170e-23,7.412e+1,1.497e-20,1.050e-10,5.822e-20,6.938e-23,8.546e-2,3.859e-2,3.899e-1,6.568e+0,,6.198e+1,5.638e+1,,1.018e+2,4.822e-19,,8.878e-20,1.874e-3,,1.336e-2,1.921e-1,1.212e+1,,8.268e-17,,1.441e+0,1.865e-17,2.826e-17,,8.506e-2,8.488e-17
411.41,3.333e+2,7.881e-21,2.177e-26,1.069e-26,5.475e-35,1.064e-16,,4.922e-20,4.223e-22,,4.152e-15,6.358e-21,1.083e-26,1.054e-17,4.420e-5,2.848e-13,8.770e-21,6.004e-7,,1.413e+0,4.949e-2,2.329e-31,6.485e+0,1.103e-17,4.300e-8,1.807e-1,1.574e-19,1.180e-1,2.171e-23,8.251e+1,1.498e-20,1.336e-10,5.824e-20,6.939e-23,5.854e-2,5.582e-2,3.270e-1,8.975e+0,,6.666e+1,6.575e+1,,8.933e+1,4.832e-19,,8.875e-20,3.183e-3,,9.488e-3,1.336e-1,1.006e+1,,3.345e-17,,1.100e+0,1.862e-17,2.826e-17,,1.222e-1,8.491e-17
411.43,3.419e+2,7.883e-21,2.226e-26,1.268e-26,5.481e-35,1.054e-16,,4.926e-20,4.224e-22,,4.151e-15,6.354e-21,6.025e-27,1.054e-17,6.044e-5,2.835e-13,8.770e-21,6.100e-7,,1.242e+0,4.479e-2,3.811e-31,6.269e+0,1.108e-17,4.802e-8,1.696e-1,1.574e-19,1.185e-1,2.171e-23,8.844e+1,1.499e-20,1.563e-10,5.825e-20,6.940e-23,4.571e-2,7.101e-2,2.896e-1,1.099e+1,,7.019e+1,7.245e+1,,8.155e+1,4.838e-19,,8.874e-20,4.507e-3,,7.512e-3,1.043e-1,8.833e+0,,1.819e-17,,9.134e-1,1.860e-17,2.825e-17,,1.548e-1,8.493e-17
411.46,3.583e+2,7.885e-21,2.301e-26,1.626e-26,5.490e-35,1.031e-16,,4.931e-20,4.226e-22,,4.151e-15,6.349e-21,2.481e-27,1.054e-17,9.584e-5,2.804e-13,8.769e-21,6.194e-7,,1.014e+0,3.825e-2,7.908e-31,5.908e+0,1.114e-17,5.620e-8,1.530e-1,1.574e-19,1.187e-1,2.172e-23,9.778e+1,1.499e-20,1.964e-10,5.827e-20,6.942e-23,3.229e-2,1.010e-1,2.399e-1,1.477e+1,,7.610e+1,8.308e+1,,7.073e+1,4.847e-19,,8.871e-20,7.530e-3,,5.253e-3,7.133e-2,7.217e+0,,7.233e-18,,6.859e-1,1.857e-17,2.825e-17,,2.187e-1,8.497e-17
411.48,3.715e+2,7.886e-21,2.351e-26,1.908e-26,5.496e-35,1.011e-16,,4.934e-20,4.228e-22,,4.151e-15,6.345e-21,1.365e-27,1.054e-17,1.296e-4,2.774e-13,8.768e-21,6.222e-7,,8.815e-1,3.423e-2,1.279e-30,5.646e+0,1.118e-17,6.206e-8,1.421e-1,1.574e-19,1.185e-1,2.173e-23,1.043e+2,1.500e-20,2.276e-10,5.829e-20,6.943e-23,2.646e-2,1.271e-1,2.108e-1,1.788e+1,,8.042e+1,9.052e+1,,6.410e+1,4.853e-19,,8.870e-20,1.054e-2,,4.119e-3,5.505e-2,6.275e+0,,3.889e-18,,5.636e-1,1.855e-17,2.824e-17,,2.739e-1,8.499e-17
411.51,3.949e+2,7.888e-21,2.426e-26,2.404e-26,5.505e-35,9.751e-17,,4.940e-20,4.230e-22,,4.150e-15,6.339e-21,5.524e-28,1.054e-17,2.021e-4,2.716e-13,8.767e-21,6.211e-7,,7.079e-1,2.873e-2,2.611e-30,5.231e+0,1.125e-17,7.141e-8,1.260e-1,1.575e-19,1.174e-1,2.174e-23,1.143e+2,1.501e-20,2.820e-10,5.831e-20,6.944e-23,2.147e-2,1.777e-1,1.724e-1,2.362e+1,,8.745e+1,1.021e+2,,5.503e+1,4.863e-19,,8.867e-20,1.732e-2,,2.846e-3,3.701e-2,5.050e+0,,1.520e-18,,4.166e-1,1.852e-17,2.824e-17,,3.805e-1,8.502e-17
411.53,4.128e+2,7.889e-21,2.476e-26,2.789e-26,5.511e-35,9.474e-17,,4.943e-20,4.231e-22,,4.150e-15,6.335e-21,3.005e-28,1.054e-17,2.703e-4,2.669e-13,8.766e-21,6.169e-7,,6.081e-1,2.543e-2,4.177e-30,4.944e+0,1.129e-17,7.798e-8,1.158e-1,1.575e-19,1.164e-1,2.174e-23,1.211e+2,1.501e-20,3.237e-10,5.832e-20,6.945e-23,2.034e-2,2.210e-1,1.501e-1,2.828e+1,,9.246e+1,1.100e+2,,4.957e+1,4.869e-19,,8.865e-20,2.397e-2,,2.222e-3,2.824e-2,4.349e+0,,8.080e-19,,3.388e-1,1.850e-17,2.824e-17,,4.712e-1,8.505e-17
411.56,4.427e+2,7.891e-21,2.551e-26,3.457e-26,5.520e-35,9.018e-17,,4.948e-20,4.233e-22,,4.149e-15,6.330e-21,1.196e-28,1.054e-17,4.147e-4,2.585e-13,8.765e-21,6.055e-7,,4.802e-1,2.099e-2,8.383e-30,4.503e+0,1.135e-17,8.822e-8,1.011e-1,1.575e-19,1.142e-1,2.175e-23,1.314e+2,1.502e-20,3.953e-10,5.834e-20,6.946e-23,2.177e-2,3.040e-1,1.211e-1,3.674e+1,,1.004e+2,1.219e+2,,4.221e+1,4.878e-19,,8.863e-20,3.873e-2,,1.542e-3,1.866e-2,3.454e+0,,8.729e-19,,2.467e-1,1.847e-17,2.823e-17,,6.437e-1,8.508e-17
411.58,4.647e+2,7.893e-21,2.601e-26,3.966e-26,5.526e-35,8.694e-17,,4.952e-20,4.235e-22,,4.149e-15,6.326e-21,6.430e-29,1.054e-17,5.485e-4,2.522e-13,8.764e-21,5.947e-7,,4.079e-1,1.836e-2,1.326e-29,4.208e+0,1.139e-17,9.525e-8,9.194e-2,1.575e-19,1.124e-1,2.176e-23,1.382e+2,1.502e-20,4.494e-10,5.836e-20,6.947e-23,2.488e-2,3.739e-1,1.045e-1,4.349e+1,,1.060e+2,1.299e+2,,3.784e+1,4.884e-19,,8.861e-20,5.301e-2,,1.222e-3,1.408e-2,2.952e+0,,9.161e-19,,1.987e-1,1.845e-17,2.823e-17,,7.881e-1,8.510e-17
411.61,5.005e+2,7.895e-21,2.676e-26,4.832e-26,5.535e-35,8.190e-17,,4.957e-20,4.237e-22,,4.149e-15,6.320e-21,2.514e-29,1.054e-17,8.276e-4,2.416e-13,8.763e-21,5.739e-7,,3.166e-1,1.490e-2,2.618e-29,3.769e+0,1.146e-17,1.060e-7,7.917e-2,1.575e-19,1.093e-1,2.177e-23,1.482e+2,1.503e-20,5.408e-10,5.838e-20,6.948e-23,3.324e-2,5.056e-1,8.308e-2,5.555e+1,,1.145e+2,1.416e+2,,3.204e+1,4.894e-19,,8.859e-20,8.420e-2,,9.001e-4,9.150e-3,2.326e+0,,9.810e-19,,1.428e-1,1.842e-17,2.822e-17,,1.059e+0,8.514e-17
411.63,5.260e+2,7.896e-21,2.726e-26,5.482e-26,5.540e-35,7.851e-17,,4.961e-20,4.238e-22,,4.148e-15,6.316e-21,1.337e-29,1.054e-17,1.083e-3,2.338e-13,8.763e-21,5.573e-7,,2.659e-1,1.289e-2,4.095e-29,3.482e+0,1.150e-17,1.131e-7,7.138e-2,1.576e-19,1.070e-1,2.177e-23,1.547e+2,1.504e-20,6.087e-10,5.839e-20,6.949e-23,4.177e-2,6.149e-1,7.097e-2,6.503e+1,,1.204e+2,1.491e+2,,2.866e+1,4.900e-19,,8.857e-20,1.140e-1,,7.709e-4,6.825e-3,1.984e+0,,1.024e-18,,1.142e-1,1.840e-17,2.822e-17,,1.282e+0,8.516e-17
411.65,5.529e+2,7.897e-21,2.776e-26,6.191e-26,5.546e-35,7.515e-17,,4.964e-20,4.240e-22,,4.148e-15,6.313e-21,7.166e-29,1.054e-17,1.410e-3,2.256e-13,8.762e-21,5.387e-7,,2.223e-1,1.110e-2,6.379e-29,3.202e+0,1.154e-17,1.202e-7,6.420e-2,1.576e-19,1.046e-1,2.178e-23,1.608e+2,1.504e-20,6.825e-10,5.841e-20,6.950e-23,5.322e-2,7.444e-1,6.038e-2,7.578e+1,,1.263e+2,1.563e+2,,2.563e+1,4.906e-19,,8.855e-20,1.536e-1,,7.002e-4,5.068e-3,1.698e+0,,1.068e-18,,9.124e-2,1.838e-17,2.821e-17,,1.545e+0,8.518e-17
411.68,5.953e+2,7.899e-21,2.851e-26,7.367e-26,5.555e-35,7.027e-17,,4.970e-20,4.242e-22,,4.148e-15,6.307e-21,1.591e-28,1.054e-17,2.079e-3,2.124e-13,8.761e-21,5.077e-7,,1.685e-1,8.794e-3,1.230e-28,2.801e+0,1.161e-17,1.306e-7,5.459e-2,1.576e-19,1.008e-1,2.179e-23,1.694e+2,1.505e-20,8.043e-10,5.843e-20,6.952e-23,7.732e-2,9.832e-1,4.703e-2,9.454e+1,,1.353e+2,1.664e+2,,2.172e+1,4.915e-19,,8.853e-20,2.383e-1,,6.948e-4,3.215e-3,1.361e+0,,1.132e-18,,6.516e-2,1.835e-17,2.821e-17,,2.027e+0,8.522e-17
411.7,6.249e+2,7.901e-21,2.901e-26,8.226e-26,5.561e-35,6.721e-17,,4.973e-20,4.243e-22,,4.147e-15,6.303e-21,2.174e-28,1.054e-17,2.679e-3,2.032e-13,8.760e-21,4.852e-7,,1.393e-1,7.487e-3,1.894e-28,2.547e+0,1.165e-17,1.373e-7,4.899e-2,1.576e-19,9.824e-2,2.180e-23,1.746e+2,1.505e-20,8.929e-10,5.844e-20,6.952e-23,9.928e-2,1.177e+0,3.961e-2,1.089e+2,,1.413e+2,1.725e+2,,1.950e+1,4.922e-19,,8.851e-20,3.176e-1,,7.569e-4,2.360e-3,1.192e+0,,1.176e-18,,5.225e-2,1.833e-17,2.820e-17,,2.415e+0,8.524e-17
411.73,6.711e+2,7.903e-21,2.976e-26,9.625e-26,5.570e-35,6.300e-17,,4.978e-20,4.245e-22,,4.147e-15,6.297e-21,3.048e-28,1.054e-17,3.886e-3,1.889e-13,8.759e-21,4.496e-7,,1.038e-1,5.833e-3,3.591e-28,2.190e+0,1.171e-17,1.466e-7,4.179e-2,1.577e-19,9.444e-2,2.180e-23,1.813e+2,1.506e-20,1.037e-9,5.846e-20,6.954e-23,1.439e-1,1.529e+0,3.038e-2,1.336e+2,,1.501e+2,1.806e+2,,1.669e+1,4.931e-19,,8.848e-20,4.845e-1,,9.564e-4,1.472e-3,1.016e+0,,1.241e-18,,3.810e-2,1.830e-17,2.820e-17,,3.116e+0,8.527e-17
411.75,7.029e+2,7.904e-21,3.026e-26,1.063e-25,5.576e-35,6.050e-17,,4.982e-20,4.247e-22,,4.147e-15,6.294e-21,3.631e-28,1.054e-17,4.952e-3,1.791e-13,8.758e-21,4.249e-7,,8.484e-2,4.910e-3,5.469e-28,1.969e+0,1.175e-17,1.523e-7,3.780e-2,1.577e-19,9.201e-2,2.181e-23,1.850e+2,1.507e-20,1.139e-9,5.847e-20,6.955e-23,1.835e-1,1.809e+0,2.532e-2,1.522e+2,,1.558e+2,1.851e+2,,1.515e+1,4.937e-19,,8.847e-20,6.384e-1,,1.170e-3,1.069e-3,9.462e-1,,1.284e-18,,3.142e-2,1.828e-17,2.820e-17,,3.671e+0,8.530e-17
411.78,7.521e+2,7.906e-21,3.101e-26,1.223e-25,5.585e-35,5.730e-17,,4.987e-20,4.249e-22,,4.146e-15,6.288e-21,4.505e-28,1.054e-17,7.066e-3,1.642e-13,8.757e-21,3.871e-7,,6.216e-2,3.761e-3,1.020e-27,1.665e+0,1.182e-17,1.600e-7,3.303e-2,1.577e-19,8.860e-2,2.182e-23,1.894e+2,1.507e-20,1.302e-9,5.850e-20,6.956e-23,2.624e-1,2.311e+0,1.912e-2,1.836e+2,,1.643e+2,1.905e+2,,1.328e+1,4.946e-19,,8.844e-20,9.576e-1,,1.639e-3,6.552e-4,9.105e-1,,1.349e-18,,2.459e-2,1.825e-17,2.819e-17,,4.657e+0,8.533e-17
411.8,7.857e+2,7.907e-21,3.151e-26,1.335e-25,5.591e-35,5.556e-17,,4.991e-20,4.250e-22,,4.146e-15,6.284e-21,5.088e-28,1.054e-17,8.907e-3,1.542e-13,8.757e-21,3.617e-7,,5.023e-2,3.130e-3,1.536e-27,1.480e+0,1.186e-17,1.644e-7,3.067e-2,1.577e-19,8.655e-2,2.183e-23,1.914e+2,1.508e-20,1.417e-9,5.851e-20,6.957e-23,3.313e-1,2.705e+0,1.576e-2,2.069e+2,,1.697e+2,1.931e+2,,1.230e+1,4.953e-19,,8.843e-20,1.248e+0,,2.074e-3,4.702e-4,9.319e-1,,1.392e-18,,2.174e-2,1.823e-17,2.819e-17,,5.427e+0,8.535e-17
411.83,8.374e+2,7.909e-21,3.226e-26,1.510e-25,5.600e-35,5.361e-17,,4.996e-20,4.252e-22,,4.146e-15,6.279e-21,5.962e-28,1.053e-17,1.251e-2,1.394e-13,8.756e-21,3.240e-7,,3.618e-2,2.357e-3,2.816e-27,1.230e+0,1.192e-17,1.698e-7,2.835e-2,1.578e-19,8.386e-2,2.183e-23,1.930e+2,1.509e-20,1.596e-9,5.853e-20,6.958e-23,4.662e-1,3.396e+0,1.171e-2,2.453e+2,,1.775e+2,1.954e+2,,1.120e+1,4.962e-19,,8.840e-20,1.841e+0,,2.963e-3,2.835e-4,1.033e+0,,1.457e-18,,1.950e-2,1.820e-17,2.818e-17,,6.768e+0,8.539e-17
411.85,8.725e+2,7.911e-21,3.276e-26,1.630e-25,5.606e-35,5.275e-17,,4.999e-20,4.254e-22,,4.145e-15,6.275e-21,6.545e-28,1.053e-17,1.559e-2,1.296e-13,8.755e-21,2.994e-7,,2.891e-2,1.940e-3,4.194e-27,1.081e+0,1.196e-17,1.725e-7,2.762e-2,1.578e-19,8.237e-2,2.184e-23,1.930e+2,1.509e-20,1.719e-9,5.854e-20,6.959e-23,5.822e-1,3.931e+0,9.555e-3,2.733e+2,,1.825e+2,1.959e+2,,1.069e+1,4.968e-19,,8.838e-20,2.372e+0,,3.752e-3,2.011e-4,1.149e+0,,1.500e-18,,1.912e-2,1.818e-17,2.818e-17,,7.799e+0,8.541e-17
411.88,9.262e+2,7.913e-21,3.351e-26,1.813e-25,5.615e-35,5.212e-17,,5.005e-20,4.256e-22,,4.145e-15,6.269e-21,7.420e-28,1.053e-17,2.154e-2,1.155e-13,8.754e-21,2.636e-7,,2.047e-2,1.436e-3,7.561e-27,8.836e-1,1.203e-17,1.751e-7,2.778e-2,1.578e-19,8.063e-2,2.185e-23,1.917e+2,1.510e-20,1.906e-9,5.856e-20,6.961e-23,8.056e-1,4.853e+0,6.984e-3,3.187e+2,,1.896e+2,1.949e+2,,1.023e+1,4.977e-19,,8.836e-20,3.440e+0,,5.318e-3,1.192e-4,1.401e+0,,1.565e-18,,1.992e-2,1.815e-17,2.817e-17,,9.564e+0,8.544e-17
411.9,9.626e+2,7.914e-21,3.400e-26,1.936e-25,5.621e-35,5.214e-17,,5.008e-20,4.257e-22,,4.145e-15,6.265e-21,8.002e-28,1.053e-17,2.658e-2,1.063e-13,8.753e-21,2.409e-7,,1.617e-2,1.169e-3,1.114e-26,7.680e-1,1.207e-17,1.759e-7,2.874e-2,1.578e-19,7.982e-2,2.186e-23,1.898e+2,1.510e-20,2.032e-9,5.858e-20,6.962e-23,9.949e-1,5.554e+0,5.636e-3,3.511e+2,,1.941e+2,1.931e+2,,1.011e+1,4.984e-19,,8.834e-20,4.383e+0,,6.679e-3,8.362e-5,1.627e+0,,1.608e-18,,2.125e-2,1.813e-17,2.817e-17,,1.090e+1,8.547e-17
411.93,1.018e+3,7.916e-21,3.475e-26,2.117e-25,5.630e-35,5.280e-17,,5.013e-20,4.260e-22,,4.144e-15,6.260e-21,8.877e-28,1.053e-17,3.613e-2,9.328e-14,8.752e-21,2.086e-7,,1.126e-2,8.505e-4,1.975e-26,6.170e-1,1.213e-17,1.756e-7,3.149e-2,1.579e-19,7.912e-2,2.186e-23,1.856e+2,1.511e-20,2.219e-9,5.860e-20,6.963e-23,1.354e+0,6.743e+0,4.053e-3,4.025e+2,,2.005e+2,1.889e+2,,1.017e+1,4.993e-19,,8.832e-20,6.251e+0,,9.330e-3,4.872e-5,2.061e+0,,1.673e-18,,2.431e-2,1.810e-17,2.816e-17,,1.314e+1,8.550e-17
411.95,1.055e+3,7.917e-21,3.525e-26,2.235e-25,5.636e-35,5.363e-17,,5.017e-20,4.261e-22,,4.144e-15,6.256e-21,9.460e-28,1.053e-17,4.410e-2,8.504e-14,8.751e-21,1.884e-7,,8.795e-3,6.843e-4,2.877e-26,5.302e-1,1.218e-17,1.744e-7,3.424e-2,1.579e-19,7.899e-2,2.187e-23,1.819e+2,1.512e-20,2.341e-9,5.861e-20,6.964e-23,1.653e+0,7.630e+0,3.235e-3,4.384e+2,,2.045e+2,1.851e+2,,1.036e+1,4.999e-19,,8.830e-20,7.876e+0,,1.160e-2,3.379e-5,2.422e+0,,1.716e-18,,2.699e-2,1.808e-17,2.816e-17,,1.480e+1,8.552e-17
411.98,1.112e+3,7.919e-21,3.600e-26,2.403e-25,5.645e-35,5.538e-17,,5.022e-20,4.263e-22,,4.143e-15,6.250e-21,1.033e-27,1.053e-17,5.900e-2,7.345e-14,8.750e-21,1.604e-7,,6.020e-3,4.897e-4,5.015e-26,4.189e-1,1.224e-17,1.712e-7,3.977e-2,1.579e-19,7.928e-2,2.188e-23,1.751e+2,1.512e-20,2.518e-9,5.863e-20,6.965e-23,2.212e+0,9.108e+0,2.288e-3,4.943e+2,,2.103e+2,1.781e+2,,1.084e+1,5.008e-19,,8.827e-20,1.104e+1,,1.594e-2,1.935e-5,3.084e+0,,1.781e-18,,3.192e-2,1.805e-17,2.815e-17,,1.755e+1,8.556e-17
412,1.150e+3,7.921e-21,3.650e-26,2.508e-25,5.651e-35,5.684e-17,,5.026e-20,4.264e-22,,4.143e-15,6.246e-21,1.092e-27,1.053e-17,7.125e-2,6.627e-14,8.750e-21,1.432e-7,,4.650e-3,3.895e-4,7.224e-26,3.559e-1,1.228e-17,1.681e-7,4.444e-2,1.579e-19,7.977e-2,2.189e-23,1.699e+2,1.513e-20,2.629e-9,5.865e-20,6.966e-23,2.671e+0,1.019e+1,1.806e-3,5.324e+2,,2.140e+2,1.725e+2,,1.128e+1,5.015e-19,,8.826e-20,1.376e+1,,1.959e-2,1.327e-5,3.615e+0,,1.824e-18,,3.578e-2,1.803e-17,2.815e-17,,1.955e+1,8.558e-17
412.03,1.208e+3,7.923e-21,3.725e-26,2.652e-25,5.660e-35,5.939e-17,,5.031e-20,4.267e-22,,4.143e-15,6.241e-21,1.179e-27,1.053e-17,9.383e-2,5.635e-14,8.749e-21,1.199e-7,,3.129e-3,2.740e-4,1.239e-25,2.764e-1,1.234e-17,1.623e-7,5.299e-2,1.580e-19,8.088e-2,2.189e-23,1.612e+2,1.514e-20,2.784e-9,5.867e-20,6.967e-23,3.515e+0,1.196e+1,1.257e-3,5.901e+2,,2.193e+2,1.632e+2,,1.207e+1,5.024e-19,,8.823e-20,1.898e+1,,2.647e-2,7.473e-6,4.564e+0,,1.889e-18,,4.242e-2,1.800e-17,2.814e-17,,2.280e+1,8.561e-17
412.05,1.247e+3,7.924e-21,3.775e-26,2.737e-25,5.666e-35,6.126e-17,,5.034e-20,4.268e-22,,4.142e-15,6.237e-21,1.237e-27,1.053e-17,1.121e-1,5.030e-14,8.748e-21,1.059e-7,,2.389e-3,2.155e-4,1.765e-25,2.322e-1,1.239e-17,1.576e-7,5.975e-2,1.580e-19,8.183e-2,2.190e-23,1.549e+2,1.514e-20,2.878e-9,5.868e-20,6.968e-23,4.197e+0,1.324e+1,9.815e-4,6.285e+2,,2.227e+2,1.563e+2,,1.268e+1,5.030e-19,,8.822e-20,2.338e+1,,3.218e-2,5.067e-6,5.308e+0,,1.933e-18,,4.738e-2,1.798e-17,2.814e-17,,2.511e+1,8.564e-17
412.07,1.286e+3,7.925e-21,3.825e-26,2.812e-25,5.672e-35,6.323e-17,,5.038e-20,4.269e-22,,4.142e-15,6.233e-21,1.296e-27,1.053e-17,1.335e-1,4.471e-14,8.747e-21,9.311e-8,,1.816e-3,1.688e-4,2.502e-25,1.942e-1,1.243e-17,1.523e-7,6.739e-2,1.580e-19,8.290e-2,2.191e-23,1.482e+2,1.515e-20,2.962e-9,5.870e-20,6.969e-23,4.989e+0,1.458e+1,7.634e-4,6.663e+2,,2.260e+2,1.491e+2,,1.335e+1,5.036e-19,,8.820e-20,2.867e+1,,3.894e-2,3.420e-6,6.149e+0,,1.976e-18,,5.276e-2,1.796e-17,2.814e-17,,2.754e+1,8.566e-17
412.1,1.344e+3,7.927e-21,3.900e-26,2.903e-25,5.681e-35,6.625e-17,,5.043e-20,4.272e-22,,4.142e-15,6.227e-21,1.383e-27,1.053e-17,1.719e-1,3.717e-14,8.746e-21,7.612e-8,,1.193e-3,1.159e-4,4.191e-25,1.473e-1,1.249e-17,1.436e-7,8.053e-2,1.580e-19,8.466e-2,2.192e-23,1.378e+2,1.516e-20,3.069e-9,5.872e-20,6.971e-23,6.412e+0,1.671e+1,5.200e-4,7.214e+2,,2.309e+2,1.377e+2,,1.441e+1,5.046e-19,,8.817e-20,3.862e+1,,5.141e-2,1.880e-6,7.609e+0,,2.041e-18,,6.157e-2,1.793e-17,2.813e-17,,3.136e+1,8.569e-17
412.12,1.382e+3,7.928e-21,3.950e-26,2.949e-25,5.687e-35,6.825e-17,,5.047e-20,4.273e-22,,4.141e-15,6.224e-21,1.441e-27,1.053e-17,2.025e-1,3.269e-14,8.745e-21,6.618e-8,,8.970e-4,8.976e-5,5.878e-25,1.218e-1,1.254e-17,1.373e-7,9.044e-2,1.581e-19,8.589e-2,2.192e-23,1.308e+2,1.516e-20,3.126e-9,5.873e-20,6.972e-23,7.536e+0,1.821e+1,4.011e-4,7.563e+2,,2.341e+2,1.299e+2,,1.515e+1,5.052e-19,,8.816e-20,4.684e+1,,6.152e-2,1.255e-6,8.722e+0,,2.084e-18,,6.791e-2,1.791e-17,2.813e-17,,3.400e+1,8.571e-17
412.15,1.440e+3,7.930e-21,4.025e-26,2.995e-25,5.696e-35,7.112e-17,,5.052e-20,4.275e-22,,4.141e-15,6.218e-21,1.529e-27,1.053e-17,2.569e-1,2.674e-14,8.744e-21,5.322e-8,,5.795e-4,6.063e-5,9.681e-25,9.083e-2,1.260e-17,1.272e-7,1.070e-1,1.581e-19,8.770e-2,2.193e-23,1.201e+2,1.517e-20,3.189e-9,5.875e-20,6.973e-23,9.524e+0,2.052e+1,2.711e-4,8.050e+2,,2.389e+2,1.179e+2,,1.627e+1,5.061e-19,,8.813e-20,6.203e+1,,7.985e-2,6.783e-7,1.062e+1,,2.149e-18,,7.805e-2,1.788e-17,2.812e-17,,3.807e+1,8.575e-17
412.17,1.478e+3,7.932e-21,4.075e-26,3.008e-25,5.702e-35,7.289e-17,,5.056e-20,4.276e-22,,4.141e-15,6.214e-21,1.587e-27,1.053e-17,2.995e-1,2.326e-14,8.744e-21,4.578e-8,,4.306e-4,4.641e-5,1.343e-24,7.427e-2,1.264e-17,1.202e-7,1.192e-1,1.581e-19,8.883e-2,2.194e-23,1.130e+2,1.517e-20,3.215e-9,5.877e-20,6.974e-23,1.107e+1,2.210e+1,2.095e-4,8.345e+2,,2.420e+2,1.100e+2,,1.701e+1,5.067e-19,,8.811e-20,7.439e+1,,9.449e-2,4.475e-7,1.204e+1,,2.192e-18,,8.517e-2,1.786e-17,2.812e-17,,4.081e+1,8.577e-17
412.2,1.534e+3,7.934e-21,4.150e-26,3.003e-25,5.711e-35,7.522e-17,,5.061e-20,4.279e-22,,4.140e-15,6.208e-21,5.118e-27,1.053e-17,3.742e-1,1.872e-14,8.743e-21,3.624e-8,,2.735e-4,3.082e-5,2.175e-24,5.445e-2,1.270e-17,1.095e-7,1.391e-1,1.581e-19,9.032e-2,2.195e-23,1.027e+2,1.518e-20,3.228e-9,5.879e-20,6.975e-23,1.375e+1,2.450e+1,1.450e-4,8.734e+2,,2.467e+2,9.817e+1,,1.809e+1,5.077e-19,,8.809e-20,9.688e+1,,1.206e-1,2.378e-7,1.442e+1,,2.257e-18,,9.630e-2,1.783e-17,2.811e-17,,4.493e+1,8.580e-17
412.22,1.572e+3,7.935e-21,4.200e-26,2.983e-25,5.717e-35,7.650e-17,,5.064e-20,4.280e-22,,4.140e-15,6.205e-21,9.505e-27,1.053e-17,4.318e-1,1.610e-14,8.742e-21,3.086e-8,,2.010e-4,2.332e-5,2.983e-24,4.402e-2,1.275e-17,1.024e-7,1.534e-1,1.582e-19,9.113e-2,2.195e-23,9.611e+1,1.519e-20,3.221e-9,5.880e-20,6.976e-23,1.581e+1,2.609e+1,1.169e-4,8.953e+2,,2.497e+2,9.051e+1,,1.876e+1,5.083e-19,,8.807e-20,1.149e+2,,1.411e-1,1.551e-7,1.617e+1,,2.300e-18,,1.039e-1,1.781e-17,2.811e-17,,4.764e+1,8.583e-17
412.25,1.628e+3,7.937e-21,4.275e-26,2.928e-25,5.726e-35,7.796e-17,,5.070e-20,4.282e-22,,4.140e-15,6.199e-21,2.386e-26,1.053e-17,5.314e-1,1.275e-14,8.741e-21,2.411e-8,,1.255e-4,1.523e-5,4.751e-24,3.173e-2,1.281e-17,9.172e-8,1.763e-1,1.582e-19,9.200e-2,2.196e-23,8.672e+1,1.519e-20,3.184e-9,5.882e-20,6.977e-23,1.932e+1,2.843e+1,9.249e-5,9.214e+2,,2.542e+2,7.946e+1,,1.969e+1,5.092e-19,,8.805e-20,1.471e+2,,1.771e-1,8.104e-8,1.903e+1,,2.365e-18,,1.156e-1,1.778e-17,2.810e-17,,5.157e+1,8.586e-17
412.27,1.665e+3,7.938e-21,4.325e-26,2.876e-25,5.732e-35,7.859e-17,,5.073e-20,4.284e-22,,4.139e-15,6.195e-21,4.382e-26,1.053e-17,6.072e-1,1.085e-14,8.740e-21,2.039e-8,,9.116e-5,1.139e-5,6.443e-24,2.536e-2,1.285e-17,8.476e-8,1.923e-1,1.582e-19,9.231e-2,2.197e-23,8.089e+1,1.520e-20,3.143e-9,5.884e-20,6.978e-23,2.195e+1,2.994e+1,8.659e-5,9.339e+2,,2.572e+2,7.244e+1,,2.024e+1,5.098e-19,,8.803e-20,1.725e+2,,2.049e-1,5.227e-8,2.111e+1,,2.408e-18,,1.234e-1,1.776e-17,2.810e-17,,5.406e+1,8.588e-17
412.3,1.722e+3,7.940e-21,4.400e-26,2.775e-25,5.741e-35,7.895e-17,,5.078e-20,4.286e-22,,4.139e-15,6.190e-21,1.082e-25,1.053e-17,7.362e-1,8.444e-15,8.739e-21,1.584e-8,,5.597e-5,7.313e-6,1.009e-23,1.797e-2,1.292e-17,7.466e-8,2.174e-1,1.582e-19,9.232e-2,2.198e-23,7.286e+1,1.521e-20,3.059e-9,5.886e-20,6.980e-23,2.637e+1,3.209e+1,9.262e-5,9.450e+2,,2.614e+2,6.252e+1,,2.094e+1,5.108e-19,,8.800e-20,2.173e+2,,2.529e-1,2.684e-8,2.444e+1,,2.473e-18,,1.349e-1,1.774e-17,2.809e-17,,5.754e+1,8.592e-17
412.32,1.760e+3,7.942e-21,4.450e-26,2.695e-25,5.747e-35,7.880e-17,,5.082e-20,4.287e-22,,4.139e-15,6.186e-21,1.965e-25,1.053e-17,8.330e-1,7.106e-15,8.738e-21,1.341e-8,,4.020e-5,5.411e-6,1.354e-23,1.421e-2,1.296e-17,6.823e-8,2.346e-1,1.583e-19,9.200e-2,2.198e-23,6.804e+1,1.521e-20,2.988e-9,5.887e-20,6.981e-23,2.964e+1,3.341e+1,1.072e-4,9.471e+2,,2.641e+2,5.636e+1,,2.131e+1,5.114e-19,,8.799e-20,2.519e+2,,2.894e-1,1.712e-8,2.679e+1,,4.605e-18,,1.424e-1,1.772e-17,2.809e-17,,5.965e+1,8.594e-17
412.35,1.818e+3,7.944e-21,4.525e-26,2.558e-25,5.756e-35,7.796e-17,,5.087e-20,4.289e-22,,4.138e-15,6.180e-21,4.770e-25,1.053e-17,9.952e-1,5.441e-15,8.737e-21,1.058e-8,,2.426e-5,3.414e-6,2.085e-23,9.898e-3,1.302e-17,5.909e-8,2.609e-1,1.583e-19,9.103e-2,2.199e-23,6.166e+1,1.522e-20,2.862e-9,5.889e-20,6.982e-23,3.502e+1,3.520e+1,1.481e-4,9.423e+2,,2.679e+2,4.783e+1,,2.171e+1,5.123e-19,,8.796e-20,3.120e+2,,3.512e-1,8.642e-9,3.051e+1,,1.160e-17,,1.531e-1,1.769e-17,2.809e-17,,6.243e+1,8.597e-17
412.37,1.859e+3,7.945e-21,4.574e-26,2.456e-25,5.762e-35,7.700e-17,,5.091e-20,4.291e-22,,4.138e-15,6.176e-21,8.568e-25,1.053e-17,1.115e+0,4.528e-15,8.737e-21,9.163e-9,,1.723e-5,2.498e-6,2.766e-23,7.735e-3,1.306e-17,5.339e-8,2.784e-1,1.583e-19,9.005e-2,2.200e-23,5.801e+1,1.522e-20,2.767e-9,5.890e-20,6.983e-23,3.891e+1,3.625e+1,1.911e-4,9.339e+2,,2.703e+2,4.263e+1,,2.187e+1,5.129e-19,,8.795e-20,3.577e+2,,3.973e-1,5.449e-9,3.307e+1,,2.137e-17,,1.598e-1,1.767e-17,2.808e-17,,6.399e+1,8.600e-17
412.4,1.921e+3,7.947e-21,4.649e-26,2.292e-25,5.771e-35,7.497e-17,,5.096e-20,4.293e-22,,4.137e-15,6.171e-21,2.046e-24,1.053e-17,1.313e+0,3.409e-15,8.736e-21,7.692e-9,,1.022e-5,1.550e-6,4.190e-23,5.299e-3,1.313e-17,4.546e-8,3.044e-1,1.583e-19,8.810e-2,2.201e-23,5.345e+1,1.523e-20,2.609e-9,5.893e-20,6.984e-23,4.520e+1,3.755e+1,2.875e-4,9.136e+2,,2.734e+2,3.558e+1,,2.195e+1,5.139e-19,,8.792e-20,4.355e+2,,4.741e-1,2.705e-9,3.703e+1,,5.296e-17,,1.690e-1,1.764e-17,2.808e-17,,6.586e+1,8.603e-17
412.42,1.966e+3,7.948e-21,4.699e-26,2.176e-25,5.777e-35,7.326e-17,,5.099e-20,4.294e-22,,4.137e-15,6.167e-21,3.635e-24,1.053e-17,1.458e+0,2.806e-15,8.735e-21,7.115e-9,,7.180e-6,1.121e-6,5.496e-23,4.094e-3,1.317e-17,4.062e-8,3.212e-1,1.584e-19,8.650e-2,2.201e-23,5.105e+1,1.524e-20,2.495e-9,5.894e-20,6.985e-23,4.967e+1,3.824e+1,3.798e-4,8.953e+2,,2.751e+2,3.135e+1,,2.190e+1,5.145e-19,,8.790e-20,4.938e+2,,5.304e-1,1.686e-9,3.970e+1,,9.645e-17,,1.744e-1,1.762e-17,2.807e-17,,6.675e+1,8.605e-17
412.44,2.012e+3,7.950e-21,4.749e-26,2.057e-25,5.783e-35,7.126e-17,,5.103e-20,4.296e-22,,4.137e-15,6.163e-21,6.429e-24,1.053e-17,1.612e+0,2.299e-15,8.734e-21,6.847e-9,,5.019e-6,8.071e-7,7.176e-23,3.149e-3,1.321e-17,3.612e-8,3.375e-1,1.584e-19,8.467e-2,2.202e-23,4.917e+1,1.524e-20,2.377e-9,5.895e-20,6.986e-23,5.434e+1,3.876e+1,5.018e-4,8.734e+2,,2.766e+2,2.751e+1,,2.176e+1,5.151e-19,,8.789e-20,5.574e+2,,5.907e-1,1.046e-9,4.237e+1,,1.749e-16,,1.792e-1,1.760e-17,2.807e-17,,6.735e+1,8.608e-17
412.47,2.085e+3,7.952e-21,4.824e-26,1.875e-25,5.792e-35,6.782e-17,,5.108e-20,4.298e-22,,4.136e-15,6.157e-21,1.500e-23,1.053e-17,1.861e+0,1.691e-15,8.733e-21,7.022e-9,,2.908e-6,4.890e-7,1.062e-22,2.107e-3,1.327e-17,3.004e-8,3.604e-1,1.584e-19,8.157e-2,2.203e-23,4.733e+1,1.525e-20,2.192e-9,5.897e-20,6.987e-23,6.165e+1,3.922e+1,7.588e-4,8.345e+2,,2.783e+2,2.242e+1,,2.140e+1,5.160e-19,,8.786e-20,6.629e+2,,6.884e-1,5.070e-10,4.632e+1,,4.234e-16,,1.852e-1,1.757e-17,2.806e-17,,6.770e+1,8.611e-17
412.49,2.137e+3,7.953e-21,4.874e-26,1.752e-25,5.798e-35,6.525e-17,,5.112e-20,4.299e-22,,4.136e-15,6.154e-21,2.623e-23,1.053e-17,2.038e+0,1.370e-15,8.732e-21,7.534e-9,,2.010e-6,3.481e-7,1.371e-22,1.602e-3,1.332e-17,2.642e-8,3.744e-1,1.584e-19,7.929e-2,2.203e-23,4.677e+1,1.525e-20,2.066e-9,5.899e-20,6.988e-23,6.669e+1,3.930e+1,9.955e-4,8.050e+2,,2.790e+2,1.945e+1,,2.107e+1,5.167e-19,,8.784e-20,7.399e+2,,7.582e-1,3.111e-10,4.889e+1,,7.592e-16,,1.882e-1,1.755e-17,2.806e-17,,6.754e+1,8.613e-17
412.52,2.221e+3,7.955e-21,4.949e-26,1.570e-25,5.807e-35,6.107e-17,,5.117e-20,4.301e-22,,4.136e-15,6.148e-21,6.019e-23,1.053e-17,2.320e+0,9.908e-16,8.731e-21,8.939e-9,,1.145e-6,2.073e-7,1.996e-22,1.054e-3,1.338e-17,2.160e-8,3.932e-1,1.585e-19,7.564e-2,2.204e-23,4.694e+1,1.526e-20,1.875e-9,5.901e-20,6.990e-23,7.441e+1,3.911e+1,1.485e-3,7.563e+2,,2.794e+2,1.558e+1,,2.047e+1,5.176e-19,,8.782e-20,8.652e+2,,8.689e-1,1.482e-10,5.256e+1,,1.808e-15,,1.913e-1,1.752e-17,2.805e-17,,6.675e+1,8.617e-17
412.54,2.280e+3,7.956e-21,4.999e-26,1.451e-25,5.813e-35,5.811e-17,,5.120e-20,4.303e-22,,4.135e-15,6.144e-21,1.041e-22,1.053e-17,2.518e+0,7.938e-16,8.731e-21,1.034e-8,,7.824e-7,1.459e-7,2.549e-22,7.925e-4,1.342e-17,1.878e-8,4.039e-1,1.585e-19,7.311e-2,2.205e-23,4.774e+1,1.527e-20,1.748e-9,5.902e-20,6.991e-23,7.959e+1,3.876e+1,1.928e-3,7.214e+2,,2.791e+2,1.337e+1,,2.000e+1,5.182e-19,,8.780e-20,9.550e+2,,9.463e-1,8.991e-11,5.485e+1,,3.206e-15,,1.924e-1,1.750e-17,2.805e-17,,6.586e+1,8.619e-17
412.57,2.374e+3,7.958e-21,5.074e-26,1.278e-25,5.822e-35,5.348e-17,,5.126e-20,4.305e-22,,4.135e-15,6.138e-21,2.349e-22,1.053e-17,2.828e+0,5.645e-16,8.730e-21,1.325e-8,,4.382e-7,8.547e-8,3.647e-22,5.124e-4,1.349e-17,1.510e-8,4.171e-1,1.585e-19,6.925e-2,2.206e-23,4.999e+1,1.527e-20,1.562e-9,5.904e-20,6.992e-23,8.731e+1,3.792e+1,2.831e-3,6.663e+2,,2.780e+2,1.053e+1,,1.924e+1,5.191e-19,,8.778e-20,1.098e+3,,1.066e+0,4.211e-11,5.799e+1,,7.507e-15,,1.925e-1,1.747e-17,2.805e-17,,6.399e+1,8.622e-17
412.59,2.440e+3,7.960e-21,5.124e-26,1.168e-25,5.828e-35,5.033e-17,,5.129e-20,4.306e-22,,4.135e-15,6.135e-21,4.019e-22,1.053e-17,3.042e+0,4.472e-16,8.729e-21,1.579e-8,,2.961e-7,5.948e-8,4.606e-22,3.810e-4,1.353e-17,1.299e-8,4.237e-1,1.585e-19,6.668e-2,2.206e-23,5.220e+1,1.528e-20,1.442e-9,5.906e-20,6.993e-23,9.235e+1,3.716e+1,3.636e-3,6.285e+2,,2.767e+2,8.931e+0,,1.871e+1,5.198e-19,,8.776e-20,1.199e+3,,1.148e+0,2.526e-11,5.984e+1,,1.316e-14,,1.916e-1,1.745e-17,2.804e-17,,6.243e+1,8.625e-17
412.62,2.544e+3,7.962e-21,5.199e-26,1.012e-25,5.837e-35,4.555e-17,,5.134e-20,4.308e-22,,4.134e-15,6.129e-21,8.920e-22,1.053e-17,3.370e+0,3.127e-16,8.728e-21,2.068e-8,,1.630e-7,3.425e-8,6.482e-22,2.422e-4,1.359e-17,1.027e-8,4.302e-1,1.586e-19,6.296e-2,2.207e-23,5.659e+1,1.529e-20,1.268e-9,5.908e-20,6.994e-23,9.962e+1,3.574e+1,5.248e-3,5.708e+2,,2.739e+2,6.918e+0,,1.790e+1,5.207e-19,,8.774e-20,1.355e+3,,1.272e+0,1.163e-11,6.221e+1,,3.032e-14,,1.890e-1,1.742e-17,2.804e-17,,5.965e+1,8.628e-17
412.64,2.615e+3,7.963e-21,5.249e-26,9.145e-26,5.843e-35,4.238e-17,,5.138e-20,4.310e-22,,4.134e-15,6.125e-21,1.509e-21,1.053e-17,3.592e+0,2.450e-16,8.727e-21,2.475e-8,,1.089e-7,2.357e-8,8.096e-22,1.781e-4,1.363e-17,8.727e-9,4.321e-1,1.586e-19,6.061e-2,2.208e-23,6.025e+1,1.529e-20,1.158e-9,5.909e-20,6.995e-23,1.042e+2,3.463e+1,6.666e-3,5.324e+2,,2.715e+2,5.802e+0,,1.738e+1,5.213e-19,,8.772e-20,1.463e+3,,1.355e+0,6.897e-12,6.348e+1,,5.259e-14,,1.864e-1,1.740e-17,2.803e-17,,5.754e+1,8.630e-17
412.67,2.725e+3,7.965e-21,5.324e-26,7.789e-26,5.852e-35,3.772e-17,,5.143e-20,4.312e-22,,4.134e-15,6.119e-21,3.294e-21,1.053e-17,3.927e+0,1.684e-16,8.726e-21,3.231e-8,,5.895e-8,1.334e-8,1.121e-21,1.113e-4,1.370e-17,6.783e-9,4.314e-1,1.586e-19,5.741e-2,2.209e-23,6.685e+1,1.530e-20,1.003e-9,5.911e-20,6.996e-23,1.105e+2,3.276e+1,9.464e-3,4.754e+2,,2.670e+2,4.420e+0,,1.666e+1,5.222e-19,,8.769e-20,1.626e+3,,1.476e+0,3.122e-12,6.488e+1,,1.191e-13,,1.817e-1,1.737e-17,2.803e-17,,5.406e+1,8.634e-17
412.69,2.798e+3,7.966e-21,5.374e-26,6.960e-26,5.858e-35,3.470e-17,,5.147e-20,4.313e-22,,4.133e-15,6.116e-21,5.512e-21,1.053e-17,4.149e+0,1.305e-16,8.725e-21,3.846e-8,,3.894e-8,9.076e-9,1.384e-21,8.092e-5,1.374e-17,5.702e-9,4.285e-1,1.586e-19,5.553e-2,2.209e-23,7.200e+1,1.530e-20,9.071e-10,5.913e-20,6.997e-23,1.143e+2,3.139e+1,1.189e-2,4.384e+2,,2.635e+2,3.666e+0,,1.624e+1,5.229e-19,,8.768e-20,1.735e+3,,1.555e+0,1.830e-12,6.547e+1,,2.043e-13,,1.780e-1,1.735e-17,2.802e-17,,5.157e+1,8.636e-17
412.72,2.908e+3,7.968e-21,5.449e-26,5.829e-26,5.867e-35,3.037e-17,,5.152e-20,4.315e-22,,4.133e-15,6.110e-21,1.183e-20,1.053e-17,4.475e+0,8.819e-17,8.724e-21,4.961e-8,,2.072e-8,5.051e-9,1.884e-21,4.973e-5,1.380e-17,4.359e-9,4.206e-1,1.587e-19,5.322e-2,2.210e-23,8.085e+1,1.531e-20,7.745e-10,5.915e-20,6.999e-23,1.192e+2,2.919e+1,1.660e-2,3.850e+2,,2.574e+2,2.747e+0,,1.574e+1,5.238e-19,,8.765e-20,1.897e+3,,1.666e+0,8.147e-13,6.580e+1,,4.551e-13,,1.722e-1,1.732e-17,2.802e-17,,4.764e+1,8.639e-17
412.74,2.979e+3,7.970e-21,5.499e-26,5.150e-26,5.873e-35,2.763e-17,,5.156e-20,4.317e-22,,4.133e-15,6.106e-21,1.958e-20,1.053e-17,4.687e+0,6.755e-17,8.724e-21,5.849e-8,,1.353e-8,3.398e-9,2.301e-21,3.574e-5,1.385e-17,3.623e-9,4.131e-1,1.587e-19,5.206e-2,2.211e-23,8.749e+1,1.532e-20,6.939e-10,5.916e-20,7.000e-23,1.219e+2,2.766e+1,2.061e-2,3.511e+2,,2.528e+2,2.254e+0,,1.551e+1,5.244e-19,,8.763e-20,2.002e+3,,1.734e+0,4.722e-13,6.565e+1,,7.720e-13,,1.684e-1,1.730e-17,2.801e-17,,4.493e+1,8.642e-17
412.77,3.080e+3,7.972e-21,5.574e-26,4.241e-26,5.882e-35,2.378e-17,,5.161e-20,4.319e-22,,4.132e-15,6.101e-21,4.134e-20,1.053e-17,4.990e+0,4.490e-17,8.722e-21,7.430e-8,,7.082e-9,1.859e-9,3.079e-21,2.160e-5,1.391e-17,2.724e-9,3.988e-1,1.587e-19,5.098e-2,2.212e-23,9.853e+1,1.532e-20,5.850e-10,5.918e-20,7.001e-23,1.250e+2,2.529e+1,2.830e-2,3.031e+2,,2.452e+2,1.664e+0,,1.536e+1,5.254e-19,,8.761e-20,2.152e+3,,1.827e+0,2.066e-13,6.488e+1,,1.691e-12,,1.631e-1,1.727e-17,2.801e-17,,4.081e+1,8.645e-17
412.79,3.142e+3,7.973e-21,5.624e-26,3.705e-26,5.888e-35,2.139e-17,,5.164e-20,4.320e-22,,4.132e-15,6.097e-21,6.766e-20,1.053e-17,5.180e+0,3.400e-17,8.722e-21,8.668e-8,,4.573e-9,1.237e-9,3.719e-21,1.535e-5,1.395e-17,2.240e-9,3.873e-1,1.587e-19,5.076e-2,2.212e-23,1.066e+2,1.533e-20,5.204e-10,5.920e-20,7.002e-23,1.265e+2,2.370e+1,3.476e-2,2.733e+2,,2.397e+2,1.353e+0,,1.540e+1,5.260e-19,,8.759e-20,2.246e+3,,1.881e+0,1.184e-13,6.401e+1,,2.837e-12,,1.603e-1,1.725e-17,2.801e-17,,3.807e+1,8.647e-17
412.81,3.200e+3,7.974e-21,5.674e-26,3.222e-26,5.894e-35,1.916e-17,,5.168e-20,4.322e-22,,4.132e-15,6.093e-21,1.102e-19,1.053e-17,5.359e+0,2.564e-17,8.721e-21,1.007e-7,,2.939e-9,8.188e-10,4.472e-21,1.086e-5,1.399e-17,1.834e-9,3.744e-1,1.587e-19,5.096e-2,2.213e-23,1.152e+2,1.533e-20,4.621e-10,5.921e-20,7.003e-23,1.273e+2,2.210e+1,4.251e-2,2.453e+2,,2.339e+2,1.098e+0,,1.557e+1,5.266e-19,,8.758e-20,2.334e+3,,1.928e+0,6.755e-14,6.287e+1,,4.739e-12,,1.583e-1,1.723e-17,2.800e-17,,3.534e+1,8.649e-17
412.84,3.275e+3,7.976e-21,5.749e-26,2.591e-26,5.903e-35,1.610e-17,,5.173e-20,4.324e-22,,4.131e-15,6.087e-21,2.274e-19,1.053e-17,5.601e+0,1.664e-17,8.720e-21,1.250e-7,,1.502e-9,4.374e-10,5.848e-21,6.406e-6,1.406e-17,1.349e-9,3.530e-1,1.588e-19,5.213e-2,2.214e-23,1.289e+2,1.534e-20,3.862e-10,5.923e-20,7.004e-23,1.275e+2,1.974e+1,5.700e-2,2.069e+2,,2.247e+2,8.005e-1,,1.609e+1,5.275e-19,,8.755e-20,2.450e+3,,1.984e+0,2.886e-14,6.069e+1,,1.014e-11,,1.576e-1,1.720e-17,2.800e-17,,3.136e+1,8.653e-17
412.86,3.316e+3,7.978e-21,5.798e-26,2.228e-26,5.909e-35,1.426e-17,,5.177e-20,4.325e-22,,4.131e-15,6.083e-21,3.664e-19,1.053e-17,5.744e+0,1.241e-17,8.719e-21,1.436e-7,,9.544e-10,2.864e-10,6.954e-21,4.481e-6,1.410e-17,1.094e-9,3.375e-1,1.588e-19,5.352e-2,2.214e-23,1.387e+2,1.535e-20,3.431e-10,5.925e-20,7.005e-23,1.270e+2,1.821e+1,6.893e-2,1.836e+2,,2.183e+2,6.502e-1,,1.662e+1,5.281e-19,,8.753e-20,2.517e+3,,2.011e+0,1.628e-14,5.894e+1,,1.675e-11,,1.592e-1,1.718e-17,2.799e-17,,2.879e+1,8.655e-17
412.89,3.362e+3,7.979e-21,5.873e-26,1.762e-26,5.918e-35,1.178e-17,,5.182e-20,4.327e-22,,4.130e-15,6.078e-21,7.433e-19,1.053e-17,5.925e+0,7.918e-18,8.718e-21,1.753e-7,,4.794e-10,1.504e-10,8.943e-21,2.599e-6,1.416e-17,7.943e-10,3.128e-1,1.588e-19,5.658e-2,2.215e-23,1.539e+2,1.535e-20,2.893e-10,5.927e-20,7.006e-23,1.250e+2,1.599e+1,9.090e-2,1.523e+2,,2.084e+2,4.829e-1,,1.770e+1,5.291e-19,,8.751e-20,2.599e+3,,2.035e+0,6.837e-15,5.594e+1,,3.527e-11,,1.656e-1,1.715e-17,2.799e-17,,2.511e+1,8.659e-17
412.91,3.382e+3,7.981e-21,5.923e-26,1.498e-26,5.924e-35,1.032e-17,,5.185e-20,4.329e-22,,4.130e-15,6.074e-21,1.185e-18,1.053e-17,6.023e+0,5.836e-18,8.718e-21,1.992e-7,,3.013e-10,9.738e-11,1.052e-20,1.798e-6,1.420e-17,6.401e-10,2.957e-1,1.588e-19,5.929e-2,2.216e-23,1.644e+2,1.536e-20,2.604e-10,5.928e-20,7.007e-23,1.231e+2,1.458e+1,1.087e-1,1.336e+2,,2.016e+2,4.040e-1,,1.863e+1,5.297e-19,,8.749e-20,2.640e+3,,2.040e+0,3.813e-15,5.373e+1,,5.760e-11,,1.732e-1,1.713e-17,2.798e-17,,2.280e+1,8.661e-17
412.94,3.392e+3,7.983e-21,5.998e-26,1.165e-26,5.933e-35,8.381e-18,,5.191e-20,4.331e-22,,4.130e-15,6.068e-21,2.363e-18,1.053e-17,6.131e+0,3.663e-18,8.717e-21,2.392e-7,,1.488e-10,5.029e-11,1.330e-20,1.025e-6,1.427e-17,4.633e-10,2.696e-1,1.589e-19,6.437e-2,2.217e-23,1.806e+2,1.537e-20,2.273e-10,5.930e-20,7.009e-23,1.192e+2,1.259e+1,1.410e-1,1.090e+2,,1.914e+2,3.269e-1,,2.032e+1,5.306e-19,,8.747e-20,2.680e+3,,2.029e+0,1.574e-15,5.014e+1,,1.193e-10,,1.909e-1,1.710e-17,2.798e-17,,1.955e+1,8.664e-17
412.96,3.386e+3,7.984e-21,6.048e-26,9.795e-27,5.939e-35,7.257e-18,,5.194e-20,4.332e-22,,4.129e-15,6.065e-21,3.725e-18,1.053e-17,6.177e+0,2.669e-18,8.716e-21,2.687e-7,,9.244e-11,3.219e-11,1.547e-20,7.012e-7,1.431e-17,3.748e-10,2.520e-1,1.589e-19,6.845e-2,2.217e-23,1.914e+2,1.537e-20,2.118e-10,5.931e-20,7.010e-23,1.161e+2,1.135e+1,1.667e-1,9.458e+1,,1.847e+2,3.001e-1,,2.165e+1,5.312e-19,,8.745e-20,2.692e+3,,2.011e+0,8.681e-16,4.762e+1,,1.927e-10,,2.077e-1,1.708e-17,2.797e-17,,1.755e+1,8.666e-17
412.99,3.358e+3,7.986e-21,6.123e-26,7.488e-27,5.948e-35,5.798e-18,,5.199e-20,4.334e-22,,4.129e-15,6.059e-21,7.309e-18,1.053e-17,6.206e+0,1.647e-18,8.715e-21,3.173e-7,,4.488e-11,1.634e-11,1.924e-20,3.932e-7,1.437e-17,2.772e-10,2.259e-1,1.589e-19,7.560e-2,2.218e-23,2.076e+2,1.538e-20,1.982e-10,5.934e-20,7.011e-23,1.105e+2,9.640e+0,2.126e-1,7.584e+1,,1.747e+2,2.941e-1,,2.393e+1,5.322e-19,,8.742e-20,2.688e+3,,1.968e+0,3.524e-16,4.370e+1,,3.923e-10,,2.420e-1,1.705e-17,2.797e-17,,1.480e+1,8.670e-17
413.01,3.325e+3,7.987e-21,6.173e-26,6.225e-27,5.954e-35,4.964e-18,,5.203e-20,4.336e-22,,4.129e-15,6.055e-21,1.139e-17,1.053e-17,6.197e+0,1.187e-18,8.714e-21,3.525e-7,,2.757e-11,1.034e-11,2.212e-20,2.659e-7,1.442e-17,2.311e-10,2.088e-1,1.589e-19,8.103e-2,2.219e-23,2.182e+2,1.538e-20,1.956e-10,5.935e-20,7.012e-23,1.064e+2,8.596e+0,2.486e-1,6.511e+1,,1.683e+2,3.128e-1,,2.565e+1,5.328e-19,,8.741e-20,2.670e+3,,1.928e+0,1.921e-16,4.103e+1,,6.267e-10,,2.721e-1,1.703e-17,2.797e-17,,1.314e+1,8.672e-17
413.04,3.257e+3,7.989e-21,6.248e-26,4.680e-27,5.963e-35,3.899e-18,,5.208e-20,4.338e-22,,4.128e-15,6.049e-21,2.199e-17,1.053e-17,6.141e+0,7.201e-19,8.713e-21,4.092e-7,,1.316e-11,5.162e-12,2.706e-20,1.466e-7,1.448e-17,1.849e-10,1.840e-1,1.590e-19,9.015e-2,2.220e-23,2.337e+2,1.539e-20,2.013e-10,5.937e-20,7.013e-23,9.964e+1,7.177e+0,3.118e-1,5.137e+1,,1.591e+2,3.776e-1,,2.847e+1,5.337e-19,,8.738e-20,2.621e+3,,1.855e+0,7.667e-17,3.703e+1,,1.255e-9,,3.299e-1,1.700e-17,2.796e-17,,1.090e+1,8.676e-17
413.06,3.200e+3,7.991e-21,6.298e-26,3.847e-27,5.969e-35,3.301e-18,,5.212e-20,4.339e-22,,4.128e-15,6.046e-21,3.389e-17,1.053e-17,6.077e+0,5.131e-19,8.712e-21,4.496e-7,,7.994e-12,3.230e-12,3.077e-20,9.800e-8,1.452e-17,1.668e-10,1.682e-1,1.590e-19,9.683e-2,2.220e-23,2.435e+2,1.540e-20,2.117e-10,5.938e-20,7.014e-23,9.484e+1,6.328e+0,3.605e-1,4.364e+1,,1.534e+2,4.480e-1,,3.052e+1,5.343e-19,,8.736e-20,2.574e+3,,1.798e+0,4.132e-17,3.438e+1,,1.983e-9,,3.781e-1,1.698e-17,2.796e-17,,9.564e+0,8.678e-17
413.09,3.095e+3,7.993e-21,6.373e-26,2.843e-27,5.978e-35,2.550e-18,,5.217e-20,4.341e-22,,4.127e-15,6.040e-21,6.433e-17,1.053e-17,5.941e+0,3.060e-19,8.711e-21,5.133e-7,,3.752e-12,1.585e-12,3.702e-20,5.312e-8,1.458e-17,1.554e-10,1.457e-1,1.590e-19,1.077e-1,2.221e-23,2.572e+2,1.540e-20,2.373e-10,5.940e-20,7.015e-23,8.735e+1,5.195e+0,4.446e-1,3.392e+1,,1.455e+2,6.025e-1,,3.378e+1,5.353e-19,,8.734e-20,2.485e+3,,1.701e+0,1.621e-17,3.050e+1,,3.905e-9,,4.673e-1,1.695e-17,2.795e-17,,7.799e+0,8.681e-17
413.11,3.015e+3,7.994e-21,6.423e-26,2.311e-27,5.984e-35,2.134e-18,,5.220e-20,4.343e-22,,4.127e-15,6.036e-21,9.808e-17,1.053e-17,5.826e+0,2.156e-19,8.711e-21,5.576e-7,,2.253e-12,9.806e-13,4.163e-20,3.511e-8,1.463e-17,1.572e-10,1.317e-1,1.590e-19,1.154e-1,2.222e-23,2.656e+2,1.541e-20,2.613e-10,5.942e-20,7.016e-23,8.222e+1,4.529e+0,5.085e-1,2.855e+1,,1.407e+2,7.445e-1,,3.607e+1,5.359e-19,,8.732e-20,2.413e+3,,1.630e+0,8.640e-18,2.801e+1,,6.101e-9,,5.394e-1,1.693e-17,2.795e-17,,6.768e+0,8.683e-17
413.14,2.881e+3,7.996e-21,6.498e-26,1.680e-27,5.993e-35,1.621e-18,,5.226e-20,4.345e-22,,4.127e-15,6.030e-21,1.831e-16,1.053e-17,5.617e+0,1.265e-19,8.709e-21,6.261e-7,,1.040e-12,4.731e-13,4.925e-20,1.871e-8,1.469e-17,1.723e-10,1.122e-1,1.591e-19,1.275e-1,2.223e-23,2.768e+2,1.542e-20,3.083e-10,5.944e-20,7.018e-23,7.447e+1,3.656e+0,6.167e-1,2.193e+1,,1.346e+2,1.030e+0,,3.961e+1,5.368e-19,,8.730e-20,2.291e+3,,1.516e+0,,2.444e+1,,1.182e-8,,6.691e-1,1.690e-17,2.794e-17,,5.427e+0,8.687e-17
413.16,2.784e+3,7.997e-21,6.548e-26,1.350e-27,5.999e-35,1.342e-18,,5.229e-20,4.346e-22,,4.126e-15,6.027e-21,2.760e-16,1.053e-17,5.457e+0,8.810e-20,8.709e-21,6.726e-7,,6.172e-13,2.894e-13,5.478e-20,1.223e-8,1.473e-17,1.904e-10,1.003e-1,1.591e-19,1.359e-1,2.223e-23,2.833e+2,1.542e-20,3.473e-10,5.945e-20,7.019e-23,6.934e+1,3.151e+0,6.974e-1,1.836e+1,,1.311e+2,1.280e+0,,4.202e+1,5.375e-19,,8.728e-20,2.200e+3,,1.436e+0,,2.219e+1,,1.826e-8,,7.714e-1,1.688e-17,2.794e-17,,4.657e+0,8.689e-17
413.18,2.682e+3,7.999e-21,6.598e-26,1.080e-27,6.005e-35,1.106e-18,,5.233e-20,4.348e-22,,4.126e-15,6.023e-21,4.143e-16,1.053e-17,5.281e+0,6.110e-20,8.708e-21,7.193e-7,,3.648e-13,1.762e-13,6.066e-20,7.958e-9,1.478e-17,2.147e-10,8.925e-2,1.591e-19,1.445e-1,2.224e-23,2.889e+2,1.543e-20,3.928e-10,5.947e-20,7.019e-23,6.427e+1,2.705e+0,7.852e-1,1.536e+1,,1.282e+2,1.589e+0,,4.445e+1,5.381e-19,,8.726e-20,2.104e+3,,1.355e+0,,2.005e+1,,2.809e-8,,8.875e-1,1.686e-17,2.793e-17,,3.979e+0,8.691e-17
413.21,2.520e+3,8.001e-21,6.673e-26,7.667e-28,6.014e-35,8.201e-19,,5.238e-20,4.350e-22,,4.126e-15,6.017e-21,7.557e-16,1.053e-17,4.992e+0,3.499e-20,8.707e-21,7.889e-7,,1.644e-13,8.303e-14,7.010e-20,4.141e-9,1.484e-17,2.629e-10,7.427e-2,1.591e-19,1.575e-1,2.225e-23,2.955e+2,1.543e-20,4.736e-10,5.949e-20,7.021e-23,5.690e+1,2.132e+0,9.303e-1,1.182e+1,,1.250e+2,2.184e+0,,4.805e+1,5.390e-19,,8.724e-20,1.950e+3,,1.231e+0,,1.709e+1,,5.316e-8,,1.090e+0,1.683e-17,2.793e-17,,3.116e+0,8.695e-17
413.23,2.410e+3,8.002e-21,6.723e-26,6.066e-28,6.020e-35,6.683e-19,,5.242e-20,4.351e-22,,4.125e-15,6.013e-21,1.122e-15,1.053e-17,4.786e+0,2.400e-20,8.706e-21,8.343e-7,,9.606e-14,4.999e-14,7.677e-20,2.664e-9,1.488e-17,3.033e-10,6.534e-2,1.592e-19,1.662e-1,2.225e-23,2.987e+2,1.544e-20,5.363e-10,5.950e-20,7.022e-23,5.219e+1,1.809e+0,1.036e+0,9.998e+0,,1.236e+2,2.689e+0,,5.040e+1,5.396e-19,,8.722e-20,1.844e+3,,1.149e+0,,1.527e+1,,8.087e-8,,1.245e+0,1.681e-17,2.793e-17,,2.632e+0,8.697e-17
413.26,2.241e+3,8.004e-21,6.798e-26,4.233e-28,6.029e-35,4.874e-19,,5.247e-20,4.353e-22,,4.125e-15,6.008e-21,2.012e-15,1.053e-17,4.460e+0,1.351e-20,8.705e-21,8.997e-7,,4.255e-14,2.315e-14,8.725e-20,1.363e-9,1.494e-17,3.768e-10,5.347e-2,1.592e-19,1.790e-1,2.226e-23,3.017e+2,1.545e-20,6.441e-10,5.952e-20,7.023e-23,4.549e+1,1.403e+0,1.207e+0,7.961e+0,,1.228e+2,3.648e+0,,5.377e+1,5.406e-19,,8.720e-20,1.681e+3,,1.026e+0,,1.280e+1,,1.505e-7,,1.510e+0,1.678e-17,2.792e-17,,2.027e+0,8.700e-17
413.28,2.128e+3,8.005e-21,6.848e-26,3.312e-28,6.035e-35,3.927e-19,,5.250e-20,4.355e-22,,4.125e-15,6.004e-21,2.954e-15,1.053e-17,4.234e+0,9.161e-21,8.705e-21,9.409e-7,,2.459e-14,1.378e-14,9.449e-20,8.671e-10,1.499e-17,4.350e-10,4.652e-2,1.592e-19,1.873e-1,2.227e-23,3.024e+2,1.545e-20,7.256e-10,5.954e-20,7.024e-23,4.131e+1,1.177e+0,1.329e+0,7.007e+0,,1.231e+2,4.448e+0,,5.589e+1,5.412e-19,,8.718e-20,1.571e+3,,9.466e-1,,1.131e+1,,2.265e-7,,1.709e+0,1.676e-17,2.792e-17,,1.693e+0,8.703e-17
413.31,1.961e+3,8.007e-21,6.923e-26,2.273e-28,6.044e-35,2.816e-19,,5.256e-20,4.357e-22,,4.124e-15,5.998e-21,5.212e-15,1.053e-17,3.889e+0,5.072e-21,8.703e-21,9.978e-7,,1.071e-14,6.277e-15,1.056e-19,4.362e-10,1.505e-17,5.371e-10,3.743e-2,1.592e-19,1.992e-1,2.228e-23,3.016e+2,1.546e-20,8.624e-10,5.956e-20,7.025e-23,3.552e+1,8.971e-1,1.523e+0,6.098e+0,,1.246e+2,5.944e+0,,5.879e+1,5.421e-19,,8.715e-20,1.409e+3,,8.318e-1,,9.318e+0,,4.145e-7,,2.042e+0,1.673e-17,2.791e-17,,1.282e+0,8.706e-17
413.33,1.853e+3,8.009e-21,6.972e-26,1.758e-28,6.050e-35,2.243e-19,,5.259e-20,4.358e-22,,4.124e-15,5.994e-21,7.567e-15,1.053e-17,3.656e+0,3.400e-21,8.703e-21,1.032e-6,,6.117e-15,3.695e-15,1.131e-19,2.744e-10,1.509e-17,6.157e-10,3.220e-2,1.593e-19,2.066e-1,2.228e-23,2.999e+2,1.547e-20,9.635e-10,5.957e-20,7.026e-23,3.199e+1,7.444e-1,1.658e+0,5.805e+0,,1.265e+2,7.175e+0,,6.053e+1,5.427e-19,,8.714e-20,1.302e+3,,7.589e-1,,8.143e+0,,6.167e-7,,2.287e+0,1.671e-17,2.791e-17,,1.059e+0,8.708e-17
413.36,1.696e+3,8.011e-21,7.047e-26,1.186e-28,6.059e-35,1.582e-19,,5.264e-20,4.360e-22,,4.124e-15,5.989e-21,1.313e-14,1.053e-17,3.308e+0,1.851e-21,8.702e-21,1.076e-6,,2.619e-15,1.654e-15,1.243e-19,1.357e-10,1.516e-17,7.502e-10,2.547e-2,1.593e-19,2.169e-1,2.229e-23,2.957e+2,1.547e-20,1.130e-9,5.959e-20,7.028e-23,2.722e+1,5.579e-1,1.869e+0,5.791e+0,,1.303e+2,9.442e+0,,6.276e+1,5.437e-19,,8.711e-20,1.148e+3,,6.560e-1,,6.597e+0,,1.110e-6,,2.690e+0,1.668e-17,2.790e-17,,7.881e-1,8.712e-17
413.38,1.596e+3,8.012e-21,7.097e-26,9.073e-29,6.065e-35,1.246e-19,,5.268e-20,4.362e-22,,4.123e-15,5.985e-21,1.885e-14,1.053e-17,3.079e+0,1.227e-21,8.701e-21,1.100e-6,,1.479e-15,9.627e-16,1.317e-19,8.439e-11,1.520e-17,8.515e-10,2.167e-2,1.593e-19,2.231e-1,2.230e-23,2.918e+2,1.548e-20,1.250e-9,5.961e-20,7.029e-23,2.440e+1,4.577e-1,2.013e+0,6.047e+0,,1.335e+2,1.128e+1,,6.397e+1,5.443e-19,,8.710e-20,1.049e+3,,5.922e-1,,5.701e+0,,1.634e-6,,2.982e+0,1.666e-17,2.790e-17,,6.437e-1,8.714e-17
413.41,1.455e+3,8.014e-21,7.172e-26,6.019e-29,6.073e-35,8.639e-20,,5.273e-20,4.364e-22,,4.123e-15,5.979e-21,3.217e-14,1.052e-17,2.745e+0,6.566e-22,8.700e-21,1.129e-6,,6.227e-16,4.238e-16,1.424e-19,4.103e-11,1.526e-17,1.022e-9,1.686e-2,1.593e-19,2.311e-1,2.231e-23,2.847e+2,1.549e-20,1.445e-9,5.963e-20,7.030e-23,2.071e+1,3.373e-1,2.232e+0,6.815e+0,,1.392e+2,1.462e+1,,6.536e+1,5.452e-19,,8.707e-20,9.095e+2,,5.040e-1,,4.541e+0,,2.892e-6,,3.451e+0,1.663e-17,2.789e-17,,4.712e-1,8.717e-17
413.43,1.368e+3,8.015e-21,7.222e-26,4.552e-29,6.079e-35,6.729e-20,,5.277e-20,4.365e-22,,4.123e-15,5.976e-21,4.568e-14,1.052e-17,2.529e+0,4.304e-22,8.699e-21,1.141e-6,,3.478e-16,2.438e-16,1.491e-19,2.523e-11,1.530e-17,1.147e-9,1.418e-2,1.594e-19,2.357e-1,2.231e-23,2.792e+2,1.549e-20,1.583e-9,5.964e-20,7.031e-23,1.860e+1,2.737e-1,2.378e+0,7.580e+0,,1.436e+2,1.728e+1,,6.596e+1,5.458e-19,,8.705e-20,8.222e+2,,4.504e-1,,3.880e+0,,4.209e-6,,3.783e+0,1.661e-17,2.789e-17,,3.805e-1,8.720e-17
413.46,1.248e+3,8.017e-21,7.297e-26,2.970e-29,6.088e-35,4.587e-20,,5.282e-20,4.368e-22,,4.122e-15,5.970e-21,7.667e-14,1.052e-17,2.220e+0,2.265e-22,8.698e-21,1.151e-6,,1.439e-16,1.055e-16,1.585e-19,1.206e-11,1.537e-17,1.354e-9,1.085e-2,1.594e-19,2.413e-1,2.232e-23,2.700e+2,1.550e-20,1.802e-9,5.966e-20,7.032e-23,1.598e+1,1.983e-1,2.593e+0,9.115e+0,,1.508e+2,2.206e+1,,6.638e+1,5.468e-19,,8.703e-20,7.007e+2,,3.780e-1,,3.039e+0,,7.328e-6,,4.307e+0,1.658e-17,2.788e-17,,2.739e-1,8.723e-17
413.48,1.176e+3,8.019e-21,7.347e-26,2.221e-29,6.094e-35,3.533e-20,,5.285e-20,4.369e-22,,4.122e-15,5.966e-21,1.077e-13,1.052e-17,2.025e+0,1.468e-22,8.697e-21,1.151e-6,,7.948e-17,6.003e-17,1.642e-19,7.334e-12,1.541e-17,1.503e-9,9.022e-3,1.594e-19,2.441e-1,2.233e-23,2.633e+2,1.550e-20,1.955e-9,5.968e-20,7.033e-23,1.458e+1,1.591e-1,2.733e+0,1.040e+1,,1.559e+2,2.581e+1,,6.632e+1,5.474e-19,,8.701e-20,6.264e+2,,3.351e-1,,2.568e+0,,1.055e-5,,4.670e+0,1.656e-17,2.788e-17,,2.187e-1,8.725e-17
413.51,1.078e+3,8.021e-21,7.422e-26,1.425e-29,6.103e-35,2.368e-20,,5.291e-20,4.371e-22,,4.121e-15,5.960e-21,1.777e-13,1.052e-17,1.751e+0,7.593e-23,8.696e-21,1.141e-6,,3.234e-17,2.554e-17,1.717e-19,3.447e-12,1.547e-17,1.745e-9,6.786e-3,1.594e-19,2.470e-1,2.234e-23,2.529e+2,1.551e-20,2.191e-9,5.970e-20,7.034e-23,1.299e+1,1.134e-1,2.933e+0,1.276e+1,,1.639e+2,3.244e+1,,6.574e+1,5.483e-19,,8.699e-20,5.250e+2,,2.787e-1,,1.978e+0,,1.806e-5,,5.228e+0,1.653e-17,2.787e-17,,1.548e-1,8.729e-17
413.53,1.021e+3,8.022e-21,7.472e-26,1.055e-29,6.109e-35,1.804e-20,,5.294e-20,4.372e-22,,4.121e-15,5.957e-21,2.469e-13,1.052e-17,1.581e+0,4.866e-23,8.696e-21,1.129e-6,,1.766e-17,1.437e-17,1.759e-19,2.072e-12,1.551e-17,1.916e-9,5.581e-3,1.595e-19,2.481e-1,2.234e-23,2.458e+2,1.552e-20,2.353e-9,5.971e-20,7.035e-23,1.226e+1,8.992e-2,3.058e+0,1.462e+1,,1.693e+2,3.758e+1,,6.502e+1,5.489e-19,,8.697e-20,4.640e+2,,2.463e-1,,1.653e+0,,2.571e-5,,5.606e+0,1.651e-17,2.787e-17,,1.222e-1,8.731e-17
413.55,9.703e+2,8.023e-21,7.522e-26,7.775e-30,6.115e-35,1.368e-20,,5.298e-20,4.374e-22,,4.121e-15,5.953e-21,3.414e-13,1.052e-17,1.421e+0,3.104e-23,8.695e-21,1.111e-6,,9.597e-18,8.046e-18,1.794e-19,1.240e-12,2.891e-17,2.095e-9,4.569e-3,1.595e-19,2.485e-1,2.235e-23,2.387e+2,1.552e-20,2.516e-9,5.972e-20,7.036e-23,1.180e+1,7.101e-2,3.175e+0,1.673e+1,,1.748e+2,4.336e+1,,6.405e+1,5.496e-19,,8.695e-20,4.083e+2,,2.179e-1,,1.375e+0,,3.643e-5,,5.984e+0,1.649e-17,2.787e-17,,9.609e-2,8.733e-17
413.58,9.055e+2,8.025e-21,7.597e-26,4.894e-30,6.124e-35,8.953e-21,,5.303e-20,4.376e-22,,4.120e-15,5.947e-21,5.505e-13,1.052e-17,1.202e+0,1.568e-23,8.694e-21,1.076e-6,,3.813e-18,3.343e-18,1.833e-19,5.692e-13,7.292e-17,2.376e-9,3.357e-3,1.595e-19,2.481e-1,2.236e-23,2.282e+2,1.553e-20,2.760e-9,5.974e-20,7.038e-23,1.158e+1,4.941e-2,3.333e+0,2.037e+1,,1.829e+2,5.334e+1,,6.214e+1,5.505e-19,,8.693e-20,3.342e+2,,1.828e-1,,1.034e+0,,6.094e-5,,6.545e+0,1.646e-17,2.786e-17,,6.642e-2,8.737e-17
413.6,8.697e+2,8.027e-21,7.647e-26,3.589e-30,6.130e-35,6.712e-21,,5.306e-20,4.377e-22,,4.120e-15,5.943e-21,7.529e-13,1.052e-17,1.069e+0,9.892e-24,8.693e-21,1.048e-6,,2.049e-18,1.851e-18,1.849e-19,3.368e-13,1.344e-16,2.569e-9,2.718e-3,1.595e-19,2.471e-1,2.236e-23,2.216e+2,1.553e-20,2.922e-9,5.976e-20,7.038e-23,1.175e+1,3.859e-2,3.425e+0,2.313e+1,,1.881e+2,6.092e+1,,6.058e+1,5.511e-19,,8.691e-20,2.908e+2,,1.642e-1,,8.505e-1,,8.540e-5,,6.909e+0,1.644e-17,2.786e-17,,5.163e-2,8.739e-17
413.63,8.269e+2,8.029e-21,7.722e-26,2.270e-30,6.139e-35,4.320e-21,,5.312e-20,4.380e-22,,4.120e-15,5.938e-21,1.194e-12,1.052e-17,8.904e-1,4.914e-24,8.692e-21,9.979e-7,,8.003e-19,7.561e-19,1.857e-19,1.520e-13,3.334e-16,2.864e-9,1.963e-3,1.596e-19,2.448e-1,2.237e-23,2.124e+2,1.554e-20,3.157e-9,5.978e-20,7.040e-23,1.248e+1,2.640e-2,3.541e+0,2.780e+1,,1.955e+2,7.381e+1,,5.788e+1,5.520e-19,,8.688e-20,2.341e+2,,1.435e-1,,6.291e-1,,1.405e-4,,7.431e+0,1.641e-17,2.785e-17,,3.509e-2,8.742e-17
413.65,8.054e+2,8.030e-21,7.772e-26,1.700e-30,6.145e-35,3.203e-21,,5.315e-20,4.381e-22,,4.119e-15,5.934e-21,1.615e-12,1.052e-17,7.839e-1,3.065e-24,8.692e-21,9.607e-7,,8.473e-19,4.139e-19,1.853e-19,8.892e-14,6.077e-16,3.063e-9,1.572e-3,1.596e-19,2.427e-1,2.238e-23,2.070e+2,1.555e-20,3.308e-9,5.979e-20,7.041e-23,1.327e+1,2.039e-2,3.603e+0,3.127e+1,,2.001e+2,8.345e+1,,5.586e+1,5.527e-19,,8.687e-20,2.014e+2,,1.345e-1,,5.117e-1,,1.947e-4,,7.757e+0,1.639e-17,2.785e-17,,2.697e-2,8.745e-17
413.68,7.830e+2,8.032e-21,7.847e-26,1.174e-30,6.154e-35,2.027e-21,,5.321e-20,4.383e-22,,4.119e-15,5.928e-21,2.519e-12,1.052e-17,6.423e-1,1.497e-24,8.690e-21,8.998e-7,,9.177e-19,1.662e-19,1.830e-19,3.946e-14,1.483e-15,3.358e-9,1.116e-3,1.596e-19,2.391e-1,2.239e-23,2.000e+2,1.555e-20,3.521e-9,5.981e-20,7.042e-23,1.491e+1,1.372e-2,3.672e+0,3.700e+1,,2.063e+2,9.958e+1,,5.254e+1,5.536e-19,,8.684e-20,1.594e+2,,1.281e-1,,3.722e-1,,3.151e-4,,8.205e+0,1.636e-17,2.784e-17,,1.802e-2,8.748e-17
413.7,7.744e+2,8.033e-21,7.897e-26,9.937e-31,6.160e-35,1.486e-21,,5.324e-20,4.384e-22,,4.119e-15,5.924e-21,3.370e-12,1.052e-17,5.595e-1,9.231e-25,8.690e-21,8.566e-7,,9.647e-19,8.997e-20,1.806e-19,2.282e-14,2.673e-15,3.551e-9,8.837e-4,1.596e-19,2.365e-1,2.239e-23,1.963e+2,1.556e-20,3.651e-9,5.983e-20,7.043e-23,1.631e+1,1.047e-2,3.701e+0,4.117e+1,,2.099e+2,1.115e+2,,5.018e+1,5.542e-19,,8.683e-20,1.356e+2,,1.288e-1,,2.993e-1,,4.319e-4,,8.470e+0,1.634e-17,2.784e-17,,1.370e-2,8.750e-17
413.73,7.705e+2,8.035e-21,7.972e-26,9.327e-31,6.169e-35,9.247e-22,,5.329e-20,4.387e-22,,4.118e-15,5.919e-21,5.170e-12,1.052e-17,4.512e-1,4.432e-25,8.689e-21,7.891e-7,,1.035e-18,3.552e-20,1.755e-19,9.956e-15,6.417e-15,3.829e-9,6.172e-4,1.597e-19,2.322e-1,2.240e-23,1.925e+2,1.557e-20,3.828e-9,5.985e-20,7.044e-23,1.885e+1,6.928e-3,3.720e+0,4.793e+1,,2.146e+2,1.310e+2,,4.648e+1,5.551e-19,,8.680e-20,1.056e+2,,1.377e-1,,2.140e-1,,6.873e-4,,8.810e+0,1.631e-17,2.783e-17,,9.003e-3,8.754e-17
413.75,7.736e+2,8.036e-21,8.022e-26,1.025e-30,6.175e-35,6.702e-22,,5.333e-20,4.388e-22,,4.118e-15,5.915e-21,6.839e-12,1.052e-17,3.888e-1,2.703e-25,8.688e-21,7.429e-7,,1.082e-18,1.901e-20,1.712e-19,5.695e-15,1.144e-14,4.004e-9,4.831e-4,1.597e-19,2.293e-1,2.241e-23,1.912e+2,1.557e-20,3.930e-9,5.986e-20,7.045e-23,2.084e+1,5.230e-3,3.718e+0,5.275e+1,,2.172e+2,1.452e+2,,4.393e+1,5.558e-19,,8.678e-20,8.882e+1,,1.491e-1,,1.702e-1,,9.317e-4,,8.994e+0,1.629e-17,2.783e-17,,6.767e-3,8.756e-17
413.78,7.861e+2,8.038e-21,8.097e-26,1.382e-30,6.184e-35,4.101e-22,,5.338e-20,4.390e-22,,4.118e-15,5.909e-21,1.032e-11,1.052e-17,3.085e-1,1.276e-25,8.687e-21,6.730e-7,,1.153e-18,7.380e-21,1.636e-19,2.442e-15,2.701e-14,4.245e-9,3.318e-4,1.597e-19,2.250e-1,2.242e-23,1.914e+2,1.558e-20,4.059e-9,5.988e-20,7.047e-23,2.425e+1,3.402e-3,3.692e+0,6.040e+1,,2.203e+2,1.681e+2,,4.006e+1,5.567e-19,,8.676e-20,6.797e+1,,1.752e-1,,1.197e-1,,1.458e-3,,9.200e+0,1.626e-17,2.782e-17,,4.374e-3,8.759e-17
413.8,7.994e+2,8.040e-21,8.146e-26,1.797e-30,6.190e-35,2.939e-22,,5.342e-20,4.392e-22,,4.117e-15,5.905e-21,1.350e-11,1.052e-17,2.630e-1,7.693e-26,8.686e-21,6.267e-7,,1.199e-18,7.396e-21,1.578e-19,1.381e-15,4.763e-14,4.390e-9,2.568e-4,1.597e-19,2.221e-1,2.242e-23,1.929e+2,1.558e-20,4.126e-9,5.990e-20,7.048e-23,2.679e+1,2.540e-3,3.662e+0,6.574e+1,,2.218e+2,1.844e+2,,3.747e+1,5.573e-19,,8.674e-20,5.655e+1,,1.993e-1,,9.413e-2,,1.955e-3,,9.288e+0,1.624e-17,2.782e-17,,3.253e-3,8.761e-17
413.83,8.261e+2,8.042e-21,8.221e-26,2.777e-30,6.199e-35,1.768e-22,,5.347e-20,4.394e-22,,4.117e-15,5.900e-21,2.003e-11,1.052e-17,2.054e-1,3.571e-26,8.685e-21,5.584e-7,,1.270e-18,7.419e-21,1.484e-19,5.824e-16,1.106e-13,4.578e-9,1.734e-4,1.598e-19,2.181e-1,2.243e-23,1.976e+2,1.559e-20,4.197e-9,5.992e-20,7.049e-23,3.101e+1,1.624e-3,3.600e+0,7.403e+1,,2.234e+2,2.103e+2,,3.364e+1,5.582e-19,,8.672e-20,4.255e+1,,2.462e-1,,6.509e-2,,3.009e-3,,9.342e+0,1.621e-17,2.782e-17,,2.072e-3,8.765e-17
413.85,8.481e+2,8.043e-21,8.271e-26,3.753e-30,6.205e-35,1.253e-22,,5.350e-20,4.395e-22,,4.117e-15,5.896e-21,2.592e-11,1.052e-17,1.732e-1,2.129e-26,8.684e-21,5.143e-7,,1.317e-18,7.435e-21,1.416e-19,3.257e-16,1.929e-13,4.681e-9,1.327e-4,1.598e-19,2.156e-1,2.244e-23,2.023e+2,1.560e-20,4.224e-9,5.993e-20,7.050e-23,3.406e+1,1.199e-3,3.549e+0,7.968e+1,,2.240e+2,2.284e+2,,3.114e+1,5.589e-19,,8.670e-20,3.501e+1,,2.856e-1,,5.061e-2,,3.989e-3,,9.327e+0,1.619e-17,2.781e-17,,1.528e-3,8.767e-17
413.88,8.867e+2,8.045e-21,8.346e-26,5.905e-30,6.214e-35,7.414e-23,,5.356e-20,4.397e-22,,4.116e-15,5.890e-21,3.783e-11,1.052e-17,1.330e-1,9.716e-27,8.683e-21,4.510e-7,,1.387e-18,7.459e-21,1.309e-19,1.350e-16,4.406e-13,4.800e-9,8.814e-5,1.598e-19,2.120e-1,2.245e-23,2.118e+2,1.560e-20,4.232e-9,5.995e-20,7.051e-23,3.897e+1,7.542e-4,3.462e+0,8.825e+1,,2.243e+2,2.565e+2,,2.751e+1,5.598e-19,,8.667e-20,2.590e+1,,3.583e-1,,3.441e-2,,6.038e-3,,9.226e+0,1.616e-17,2.781e-17,,9.673e-4,8.771e-17
413.9,9.157e+2,8.046e-21,8.396e-26,7.968e-30,6.220e-35,5.196e-23,,5.359e-20,4.399e-22,,4.116e-15,5.887e-21,4.841e-11,1.052e-17,1.110e-1,5.727e-27,8.683e-21,4.111e-7,,1.434e-18,7.474e-21,1.235e-19,7.465e-17,7.599e-13,4.854e-9,6.670e-5,1.598e-19,2.098e-1,2.245e-23,2.198e+2,1.561e-20,4.217e-9,5.997e-20,7.052e-23,4.243e+1,5.505e-4,3.398e+0,9.394e+1,,2.241e+2,2.758e+2,,2.520e+1,5.604e-19,,8.666e-20,2.107e+1,,4.167e-1,,2.646e-2,,7.917e-3,,9.108e+0,1.614e-17,2.780e-17,,7.164e-4,8.773e-17
413.93,9.634e+2,8.048e-21,8.471e-26,1.241e-29,6.229e-35,3.022e-23,,1.359e-19,4.401e-22,,4.115e-15,5.881e-21,6.949e-11,1.052e-17,8.385e-2,2.570e-27,8.682e-21,3.550e-7,,1.505e-18,7.498e-21,1.123e-19,3.043e-17,1.707e-12,4.895e-9,4.355e-5,1.599e-19,2.067e-1,2.246e-23,2.342e+2,1.562e-20,4.164e-9,5.999e-20,7.053e-23,4.785e+1,3.404e-4,3.299e+0,1.023e+2,,2.236e+2,3.052e+2,,2.192e+1,5.613e-19,,8.663e-20,1.533e+1,,5.210e-1,,1.769e-2,,1.179e-2,,8.860e+0,1.611e-17,2.780e-17,,4.690e-4,8.776e-17
413.95,9.976e+2,8.050e-21,8.521e-26,1.659e-29,6.235e-35,2.094e-23,,2.512e-19,4.402e-22,,4.115e-15,5.877e-21,8.794e-11,1.052e-17,6.918e-2,1.498e-27,8.681e-21,3.204e-7,,1.552e-18,7.514e-21,1.048e-19,1.663e-17,2.912e-12,4.895e-9,3.259e-5,1.599e-19,2.048e-1,2.247e-23,2.453e+2,1.562e-20,4.108e-9,6.000e-20,7.054e-23,5.157e+1,2.457e-4,3.232e+0,1.077e+2,,2.231e+2,3.249e+2,,1.987e+1,5.620e-19,,8.662e-20,1.233e+1,,6.026e-1,,1.345e-2,,1.528e-2,,8.650e+0,1.609e-17,2.779e-17,,3.678e-4,8.778e-17
413.97,1.033e+3,8.051e-21,8.571e-26,2.209e-29,6.241e-35,1.445e-23,,4.625e-19,4.404e-22,,4.115e-15,5.873e-21,1.108e-10,1.052e-17,5.683e-2,8.690e-28,8.680e-21,2.882e-7,,1.599e-18,7.529e-21,9.738e-20,9.052e-18,4.946e-12,4.873e-9,2.428e-5,1.599e-19,2.029e-1,2.248e-23,2.576e+2,1.563e-20,4.037e-9,6.002e-20,7.055e-23,5.535e+1,1.765e-4,3.165e+0,1.129e+2,,2.225e+2,3.445e+2,,1.793e+1,5.626e-19,,8.660e-20,9.878e+0,,6.946e-1,,1.018e-2,,1.973e-2,,8.407e+0,1.607e-17,2.779e-17,,3.057e-4,8.781e-17
414,1.088e+3,8.053e-21,8.646e-26,3.366e-29,6.250e-35,8.206e-24,,1.146e-18,4.406e-22,,4.114e-15,5.868e-21,1.554e-10,1.052e-17,4.197e-2,3.808e-28,8.679e-21,2.445e-7,,1.669e-18,7.553e-21,8.652e-20,3.603e-18,1.086e-11,4.800e-9,1.548e-5,1.599e-19,2.002e-1,2.248e-23,2.780e+2,1.563e-20,3.904e-9,6.004e-20,7.057e-23,6.105e+1,1.066e-4,3.070e+0,1.201e+2,,2.215e+2,3.733e+2,,1.525e+1,5.635e-19,,8.657e-20,7.020e+0,,8.538e-1,,6.647e-3,,2.870e-2,,7.988e+0,1.604e-17,2.778e-17,,2.723e-4,8.784e-17
414.02,1.126e+3,8.054e-21,8.696e-26,4.433e-29,6.256e-35,5.597e-24,,2.086e-18,4.407e-22,,4.114e-15,5.864e-21,1.936e-10,1.052e-17,3.410e-2,2.185e-28,8.678e-21,2.184e-7,,1.716e-18,7.569e-21,7.953e-20,1.939e-18,1.824e-11,4.726e-9,1.141e-5,1.599e-19,1.984e-1,2.249e-23,2.927e+2,1.564e-20,3.799e-9,6.005e-20,7.058e-23,6.482e+1,7.576e-5,3.010e+0,1.245e+2,,2.209e+2,3.918e+2,,1.362e+1,5.641e-19,,8.656e-20,5.559e+0,,9.748e-1,,4.975e-3,,3.664e-2,,7.678e+0,1.602e-17,2.778e-17,,2.859e-4,8.786e-17
414.05,1.182e+3,8.056e-21,8.771e-26,6.645e-29,6.265e-35,3.127e-24,,5.082e-18,4.409e-22,,4.114e-15,5.858e-21,2.670e-10,1.052e-17,2.477e-2,9.412e-29,8.677e-21,1.840e-7,,1.786e-18,7.592e-21,6.952e-20,7.587e-19,3.937e-11,4.578e-9,7.153e-6,1.600e-19,1.957e-1,2.250e-23,3.162e+2,1.565e-20,3.619e-9,6.007e-20,7.059e-23,7.034e+1,4.499e-5,2.929e+0,1.303e+2,,2.200e+2,4.182e+2,,1.140e+1,5.651e-19,,8.653e-20,3.885e+0,,1.180e+0,,3.195e-3,,5.241e-2,,7.174e+0,1.599e-17,2.778e-17,,3.604e-4,8.790e-17
414.07,1.219e+3,8.058e-21,8.821e-26,8.655e-29,6.271e-35,2.109e-24,,9.152e-18,4.411e-22,,4.113e-15,5.854e-21,3.291e-10,1.052e-17,1.991e-2,5.339e-29,8.677e-21,1.641e-7,,1.833e-18,7.608e-21,6.323e-20,7.897e-19,6.541e-11,4.457e-9,5.211e-6,1.600e-19,1.938e-1,2.251e-23,3.325e+2,1.565e-20,3.488e-9,6.008e-20,7.060e-23,7.386e+1,3.161e-5,2.882e+0,1.336e+2,,2.196e+2,4.345e+2,,1.007e+1,5.657e-19,,8.651e-20,3.042e+0,,1.333e+0,,2.364e-3,,6.617e-2,,6.819e+0,1.597e-17,2.777e-17,,4.508e-4,8.792e-17
414.1,1.271e+3,8.060e-21,8.896e-26,1.276e-28,6.280e-35,1.158e-24,,2.194e-17,4.413e-22,,4.113e-15,5.849e-21,4.464e-10,1.052e-17,1.422e-2,2.262e-29,8.676e-21,1.387e-7,,1.904e-18,7.632e-21,5.443e-20,8.362e-19,1.389e-10,4.245e-9,3.212e-6,1.600e-19,1.908e-1,2.251e-23,3.576e+2,1.566e-20,3.275e-9,6.011e-20,7.061e-23,7.883e+1,1.846e-5,2.820e+0,1.375e+2,,2.192e+2,4.568e+2,,8.297e+0,5.666e-19,,8.649e-20,2.090e+0,,1.588e+0,,1.493e-3,,9.309e-2,,6.266e+0,1.594e-17,2.777e-17,,6.634e-4,8.795e-17
414.12,1.304e+3,8.061e-21,8.946e-26,1.644e-28,6.286e-35,7.724e-25,,3.907e-17,4.414e-22,,4.113e-15,5.845e-21,5.440e-10,1.052e-17,1.130e-2,1.268e-29,8.675e-21,1.247e-7,,1.951e-18,7.647e-21,4.901e-20,8.671e-19,2.282e-10,4.087e-9,2.314e-6,1.600e-19,1.887e-1,2.252e-23,3.745e+2,1.566e-20,3.125e-9,6.012e-20,7.062e-23,8.187e+1,1.282e-5,2.786e+0,1.395e+2,,2.190e+2,4.699e+2,,7.253e+0,5.672e-19,,8.647e-20,1.619e+0,,1.775e+0,,1.092e-3,,1.162e-1,,5.889e+0,1.592e-17,2.776e-17,,8.708e-4,8.798e-17
414.15,1.350e+3,8.063e-21,9.021e-26,2.384e-28,6.295e-35,4.171e-25,,9.210e-17,4.416e-22,,4.112e-15,5.839e-21,7.258e-10,1.052e-17,7.943e-3,5.283e-30,8.674e-21,1.079e-7,,2.021e-18,7.671e-21,4.161e-20,9.136e-19,4.767e-10,3.829e-9,1.403e-6,1.601e-19,1.854e-1,2.253e-23,3.994e+2,1.567e-20,2.891e-9,6.014e-20,7.063e-23,8.593e+1,7.362e-6,2.745e+0,1.413e+2,,2.191e+2,4.866e+2,,5.880e+0,5.682e-19,,8.645e-20,1.094e+0,,2.080e+0,,6.781e-4,,1.608e-1,,5.321e+0,1.589e-17,2.776e-17,,1.316e-3,8.801e-17
414.17,1.377e+3,8.064e-21,9.071e-26,3.038e-28,6.301e-35,2.751e-25,,1.622e-16,4.418e-22,,4.112e-15,5.835e-21,8.748e-10,1.052e-17,6.244e-3,2.930e-30,8.673e-21,9.938e-8,,2.068e-18,7.687e-21,3.718e-20,9.445e-19,7.747e-10,3.645e-9,9.993e-7,1.601e-19,1.830e-1,2.254e-23,4.154e+2,1.568e-20,2.732e-9,6.015e-20,7.064e-23,8.826e+1,5.057e-6,2.724e+0,1.418e+2,,2.193e+2,4.956e+2,,5.085e+0,5.688e-19,,8.643e-20,8.375e-1,,2.298e+0,,4.907e-4,,1.986e-1,,4.946e+0,1.587e-17,2.775e-17,,1.731e-3,8.803e-17
414.2,1.411e+3,8.066e-21,9.146e-26,4.333e-28,6.310e-35,1.461e-25,,3.762e-16,4.420e-22,,4.111e-15,5.830e-21,1.148e-9,1.052e-17,4.315e-3,1.200e-30,8.672e-21,9.043e-8,,2.139e-18,7.710e-21,3.128e-20,9.910e-19,1.592e-9,3.358e-9,5.957e-7,1.601e-19,1.794e-1,2.254e-23,4.382e+2,1.568e-20,2.492e-9,6.018e-20,7.066e-23,9.111e+1,2.855e-6,2.700e+0,1.414e+2,,2.198e+2,5.055e+2,,4.057e+0,5.697e-19,,8.640e-20,5.564e-1,,2.649e+0,,2.996e-4,,2.702e-1,,4.395e+0,1.584e-17,2.775e-17,,2.596e-3,8.807e-17
414.22,1.429e+3,8.068e-21,9.196e-26,5.460e-28,6.316e-35,9.525e-26,,6.554e-16,4.421e-22,,4.111e-15,5.826e-21,1.368e-9,1.052e-17,3.354e-3,6.578e-31,8.671e-21,8.693e-8,,2.186e-18,7.726e-21,2.785e-20,1.022e-18,2.558e-9,3.162e-9,4.195e-7,1.601e-19,1.770e-1,2.255e-23,4.521e+2,1.569e-20,2.332e-9,6.019e-20,7.067e-23,9.254e+1,1.939e-6,2.688e+0,1.404e+2,,2.203e+2,5.096e+2,,3.472e+0,5.703e-19,,8.639e-20,4.213e-1,,2.895e+0,,2.144e-4,,3.300e-1,,4.040e+0,1.582e-17,2.774e-17,,3.385e-3,8.809e-17
414.25,1.448e+3,8.070e-21,9.271e-26,7.662e-28,6.325e-35,4.973e-26,,1.495e-15,4.423e-22,,4.111e-15,5.820e-21,1.766e-9,1.052e-17,2.280e-3,2.649e-31,8.670e-21,8.519e-8,,2.256e-18,7.749e-21,2.348e-20,1.068e-18,5.169e-9,2.864e-9,2.459e-7,1.602e-19,1.733e-1,2.256e-23,4.707e+2,1.570e-20,2.097e-9,6.021e-20,7.068e-23,9.394e+1,1.077e-6,2.674e+0,1.379e+2,,2.210e+2,5.119e+2,,2.727e+0,5.713e-19,,8.636e-20,2.753e-1,,3.281e+0,,1.287e-4,,4.417e-1,,3.530e+0,1.579e-17,2.774e-17,,5.001e-3,8.812e-17
414.27,1.456e+3,8.071e-21,9.320e-26,9.550e-28,6.331e-35,3.206e-26,,2.576e-15,4.425e-22,,4.110e-15,5.816e-21,2.082e-9,1.052e-17,1.753e-3,1.436e-31,8.670e-21,8.630e-8,,2.303e-18,7.765e-21,2.108e-20,1.099e-18,8.216e-9,2.667e-9,1.713e-7,1.602e-19,1.709e-1,2.257e-23,4.812e+2,1.570e-20,1.944e-9,6.022e-20,7.069e-23,9.436e+1,7.231e-7,2.667e+0,1.356e+2,,2.216e+2,5.108e+2,,2.310e+0,5.719e-19,,8.635e-20,2.061e-1,,3.547e+0,,9.105e-5,,5.334e-1,,3.209e+0,1.577e-17,2.774e-17,,6.452e-3,8.815e-17
414.3,1.459e+3,8.073e-21,9.395e-26,1.318e-27,6.340e-35,1.646e-26,,5.779e-15,4.427e-22,,4.110e-15,5.811e-21,2.642e-9,1.052e-17,1.172e-3,5.685e-32,8.669e-21,9.122e-8,,2.373e-18,7.789e-21,1.825e-20,1.146e-18,1.633e-8,2.376e-9,9.871e-8,1.602e-19,1.675e-1,2.257e-23,4.939e+2,1.571e-20,1.723e-9,6.024e-20,7.070e-23,9.420e+1,3.947e-7,2.656e+0,1.314e+2,,2.223e+2,5.053e+2,,1.789e+0,5.728e-19,,8.632e-20,1.324e-1,,3.954e+0,,5.375e-5,,7.021e-1,,2.757e+0,1.574e-17,2.773e-17,,9.379e-3,8.818e-17
414.32,1.456e+3,8.074e-21,9.445e-26,1.625e-27,6.346e-35,1.050e-26,,9.849e-15,4.428e-22,,4.110e-15,5.807e-21,3.080e-9,1.052e-17,8.909e-4,3.047e-32,8.668e-21,9.659e-8,,2.420e-18,7.804e-21,1.688e-20,1.177e-18,2.567e-8,2.187e-9,6.798e-8,1.602e-19,1.654e-1,2.258e-23,5.001e+2,1.571e-20,1.583e-9,6.026e-20,7.071e-23,9.357e+1,2.621e-7,2.647e+0,1.281e+2,,2.228e+2,4.992e+2,,1.503e+0,5.734e-19,,8.630e-20,9.803e-2,,4.227e+0,,3.762e-5,,8.385e-1,,2.478e+0,1.572e-17,2.773e-17,,1.197e-2,8.820e-17
414.34,1.447e+3,8.076e-21,9.495e-26,1.995e-27,6.352e-35,6.661e-27,,1.671e-14,4.430e-22,,4.109e-15,5.803e-21,3.575e-9,1.052e-17,6.743e-4,1.945e-31,8.667e-21,1.036e-7,,2.467e-18,7.820e-21,1.596e-20,1.208e-18,4.018e-8,2.005e-9,4.661e-8,1.603e-19,1.635e-1,2.259e-23,5.043e+2,1.572e-20,1.449e-9,6.027e-20,7.072e-23,9.254e+1,1.733e-7,2.637e+0,1.245e+2,,2.231e+2,4.911e+2,,1.259e+0,5.741e-19,,8.629e-20,7.225e-2,,4.498e+0,,2.622e-5,,9.971e-1,,2.218e+0,1.570e-17,2.772e-17,,1.521e-2,8.823e-17
414.37,1.426e+3,8.078e-21,9.570e-26,2.691e-27,6.361e-35,3.340e-27,,3.663e-14,4.432e-22,,4.109e-15,5.798e-21,4.434e-9,1.052e-17,4.403e-4,4.405e-31,8.666e-21,1.170e-7,,2.538e-18,7.844e-21,1.541e-20,1.254e-18,7.804e-8,1.745e-9,2.624e-8,1.603e-19,1.611e-1,2.260e-23,5.068e+2,1.573e-20,1.259e-9,6.029e-20,7.073e-23,9.024e+1,9.240e-8,2.616e+0,1.187e+2,,2.234e+2,4.755e+2,,9.644e-1,5.750e-19,,8.626e-20,4.534e-2,,4.898e+0,,1.516e-5,,1.282e+0,,1.862e+0,1.567e-17,2.772e-17,,2.160e-2,8.826e-17
414.39,1.407e+3,8.079e-21,9.620e-26,3.268e-27,6.367e-35,2.096e-27,,6.148e-14,4.433e-22,,4.109e-15,5.794e-21,5.089e-9,1.052e-17,3.296e-4,6.045e-31,8.665e-21,1.279e-7,,2.585e-18,7.859e-21,1.566e-20,1.285e-18,1.208e-7,1.582e-9,1.779e-8,1.603e-19,1.599e-1,2.260e-23,5.058e+2,1.573e-20,1.142e-9,6.031e-20,7.074e-23,8.825e+1,6.041e-8,2.598e+0,1.148e+2,,2.234e+2,4.630e+2,,8.086e-1,5.756e-19,,8.624e-20,3.304e-2,,5.155e+0,,1.050e-5,,1.508e+0,,1.647e+0,1.565e-17,2.771e-17,,2.714e-2,8.828e-17
414.42,1.371e+3,8.081e-21,9.695e-26,4.338e-27,6.376e-35,1.033e-27,,1.326e-13,4.435e-22,,4.108e-15,5.788e-21,6.207e-9,1.052e-17,2.117e-4,8.505e-31,8.664e-21,1.468e-7,,2.655e-18,7.883e-21,1.702e-20,1.332e-18,2.307e-7,1.353e-9,9.852e-9,1.603e-19,1.587e-1,2.261e-23,5.004e+2,1.574e-20,9.800e-10,6.033e-20,7.076e-23,8.464e+1,3.166e-8,2.563e+0,1.088e+2,,2.231e+2,4.414e+2,,6.276e-1,5.765e-19,,8.622e-20,2.039e-2,,5.521e+0,,6.079e-6,,1.907e+0,,1.360e+0,1.562e-17,2.771e-17,,3.791e-2,8.832e-17
414.44,1.342e+3,8.082e-21,9.745e-26,5.211e-27,6.382e-35,6.413e-28,,2.200e-13,4.437e-22,,4.108e-15,5.784e-21,7.046e-9,1.052e-17,1.567e-4,1.014e-30,8.664e-21,1.611e-7,,2.702e-18,7.899e-21,1.865e-20,1.363e-18,3.533e-7,1.213e-9,6.612e-9,1.604e-19,1.583e-1,2.262e-23,4.943e+2,1.575e-20,8.811e-10,6.034e-20,7.077e-23,8.186e+1,2.047e-8,2.533e+0,1.049e+2,,2.227e+2,4.254e+2,,5.380e-1,5.772e-19,,8.620e-20,1.469e-2,,5.746e+0,,4.294e-6,,2.217e+0,,1.190e+0,1.560e-17,2.770e-17,,4.711e-2,8.834e-17
414.47,1.292e+3,8.084e-21,9.820e-26,6.805e-27,6.391e-35,3.108e-28,,4.666e-13,4.439e-22,,4.108e-15,5.779e-21,8.452e-9,1.052e-17,9.896e-5,1.260e-30,8.663e-21,1.850e-7,,2.773e-18,7.922e-21,2.234e-20,1.409e-18,6.637e-7,1.021e-9,3.616e-9,1.604e-19,1.583e-1,2.263e-23,4.814e+2,1.575e-20,7.464e-10,6.036e-20,7.078e-23,7.721e+1,1.055e-8,2.481e+0,9.946e+1,,2.217e+2,3.994e+2,,4.448e-1,5.781e-19,,8.618e-20,8.914e-3,,6.051e+0,,2.753e-6,,2.758e+0,,9.660e-1,1.557e-17,2.770e-17,,6.472e-2,8.837e-17
414.49,1.256e+3,8.085e-21,9.870e-26,8.087e-27,6.397e-35,1.907e-28,,7.660e-13,4.440e-22,,4.107e-15,5.775e-21,9.490e-9,1.052e-17,7.244e-5,1.424e-30,8.662e-21,2.023e-7,,2.820e-18,7.938e-21,2.573e-20,1.440e-18,1.005e-6,9.050e-10,2.418e-9,1.604e-19,1.588e-1,2.263e-23,4.705e+2,1.576e-20,6.656e-10,6.038e-20,7.079e-23,7.384e+1,6.745e-9,2.440e+0,9.619e+1,,2.209e+2,3.809e+2,,4.081e-1,5.787e-19,,8.616e-20,6.353e-3,,6.229e+0,,2.278e-6,,3.172e+0,,8.359e-1,1.555e-17,2.770e-17,,7.954e-2,8.840e-17
414.52,1.197e+3,8.087e-21,9.945e-26,1.039e-26,6.406e-35,9.091e-29,,1.598e-12,4.442e-22,,4.107e-15,5.769e-21,1.120e-8,1.052e-17,4.499e-5,1.670e-30,8.661e-21,2.302e-7,,2.890e-18,7.962e-21,3.242e-20,1.486e-18,1.857e-6,7.490e-10,1.348e-9,1.604e-19,1.601e-1,2.264e-23,4.511e+2,1.577e-20,5.572e-10,6.040e-20,7.080e-23,6.849e+1,3.418e-9,2.369e+0,9.205e+1,,2.193e+2,3.521e+2,,3.895e-1,5.796e-19,,8.614e-20,3.790e-3,,6.451e+0,,2.223e-6,,3.880e+0,,6.673e-1,1.552e-17,2.769e-17,,1.075e-1,8.843e-17
414.54,1.156e+3,8.089e-21,9.995e-26,1.222e-26,6.412e-35,5.516e-29,,2.595e-12,4.444e-22,,4.107e-15,5.765e-21,1.243e-8,1.052e-17,3.257e-5,1.834e-30,8.660e-21,2.498e-7,,2.937e-18,7.977e-21,3.810e-20,1.517e-18,2.782e-6,6.565e-10,9.501e-10,1.605e-19,1.613e-1,2.265e-23,4.363e+2,1.577e-20,4.932e-10,6.041e-20,7.081e-23,6.478e+1,2.161e-9,2.317e+0,8.989e+1,,2.181e+2,3.324e+2,,4.012e-1,5.803e-19,,8.612e-20,2.671e-3,,6.567e+0,,2.615e-6,,4.413e+0,,5.711e-1,1.551e-17,2.769e-17,,1.306e-1,8.845e-17
414.57,1.093e+3,8.091e-21,1.007e-25,1.546e-26,6.421e-35,2.585e-29,,5.324e-12,4.446e-22,,4.106e-15,5.760e-21,1.442e-8,1.052e-17,1.989e-5,2.080e-30,8.659e-21,2.805e-7,,3.007e-18,8.001e-21,4.874e-20,1.564e-18,5.056e-6,5.343e-10,6.618e-10,1.605e-19,1.636e-1,2.266e-23,4.119e+2,1.578e-20,4.085e-10,6.043e-20,7.082e-23,5.908e+1,1.077e-9,2.232e+0,8.774e+1,,2.161e+2,3.024e+2,,4.572e-1,5.812e-19,,8.609e-20,1.567e-3,,6.689e+0,,3.977e-6,,5.309e+0,,4.483e-1,1.548e-17,2.768e-17,,1.736e-1,8.849e-17
414.59,1.050e+3,8.092e-21,1.012e-25,1.798e-26,6.427e-35,1.551e-29,,8.549e-12,4.447e-22,,4.106e-15,5.756e-21,1.584e-8,1.052e-17,1.424e-5,2.244e-30,8.658e-21,3.016e-7,,3.054e-18,8.017e-21,5.742e-20,1.595e-18,7.489e-6,4.632e-10,6.280e-10,1.605e-19,1.654e-1,2.266e-23,3.944e+2,1.578e-20,3.591e-10,6.045e-20,7.083e-23,5.526e+1,6.730e-10,2.171e+0,8.711e+1,,2.147e+2,2.825e+2,,5.223e-1,5.818e-19,,8.608e-20,1.092e-3,,6.734e+0,,5.575e-6,,5.973e+0,,3.794e-1,1.546e-17,2.768e-17,,2.087e-1,8.851e-17
414.62,9.870e+2,8.094e-21,1.019e-25,2.239e-26,6.436e-35,7.147e-30,,1.725e-11,4.449e-22,,4.105e-15,5.750e-21,1.808e-8,1.052e-17,8.552e-6,2.490e-30,8.657e-21,3.336e-7,,3.125e-18,8.040e-21,7.319e-20,1.641e-18,1.339e-5,3.707e-10,8.003e-10,1.605e-19,1.683e-1,2.267e-23,3.669e+2,1.579e-20,2.948e-10,6.047e-20,7.085e-23,4.957e+1,3.297e-10,2.076e+0,8.749e+1,,2.126e+2,2.531e+2,,6.678e-1,5.827e-19,,8.605e-20,6.298e-4,,6.745e+0,,9.534e-6,,7.066e+0,,2.930e-1,1.543e-17,2.767e-17,,2.727e-1,8.854e-17
414.64,9.460e+2,8.095e-21,1.024e-25,2.578e-26,6.442e-35,4.240e-30,,2.741e-11,4.451e-22,,4.105e-15,5.746e-21,1.963e-8,1.052e-17,6.054e-6,2.654e-30,8.657e-21,3.550e-7,,3.172e-18,8.056e-21,8.576e-20,1.672e-18,1.961e-5,3.178e-10,1.092e-9,1.606e-19,1.702e-1,2.268e-23,3.480e+2,1.580e-20,2.578e-10,6.048e-20,7.086e-23,4.585e+1,2.038e-10,2.010e+0,8.870e+1,,2.113e+2,2.340e+2,,8.016e-1,5.834e-19,,8.603e-20,4.340e-4,,6.715e+0,,1.370e-5,,7.861e+0,,2.452e-1,1.541e-17,2.767e-17,,3.242e-1,8.856e-17
414.67,8.871e+2,8.097e-21,1.032e-25,3.160e-26,6.451e-35,1.921e-30,,5.440e-11,4.453e-22,,4.105e-15,5.741e-21,2.203e-8,1.052e-17,3.575e-6,2.900e-30,8.656e-21,3.865e-7,,3.242e-18,8.080e-21,1.081e-19,1.719e-18,3.449e-5,2.501e-10,1.914e-9,1.606e-19,1.731e-1,2.269e-23,3.195e+2,1.580e-20,2.102e-10,6.050e-20,7.087e-23,4.045e+1,9.819e-11,1.910e+0,9.199e+1,,2.094e+2,2.063e+2,,1.068e+0,5.843e-19,,8.601e-20,2.462e-4,,6.615e+0,,2.354e-5,,9.147e+0,,1.863e-1,1.538e-17,2.766e-17,,4.167e-1,8.860e-17
414.69,8.502e+2,8.099e-21,1.037e-25,3.600e-26,6.457e-35,1.127e-30,,8.546e-11,4.454e-22,,4.104e-15,5.737e-21,2.366e-8,1.052e-17,2.503e-6,3.064e-30,8.655e-21,4.068e-7,,3.289e-18,8.095e-21,1.255e-19,1.750e-18,4.997e-5,2.120e-10,2.849e-9,1.606e-19,1.748e-1,2.269e-23,3.005e+2,1.581e-20,1.831e-10,6.052e-20,7.088e-23,3.700e+1,6.001e-11,1.843e+0,9.521e+1,,2.083e+2,1.887e+2,,1.298e+0,5.849e-19,,8.599e-20,1.677e-4,,6.513e+0,,3.364e-5,,1.006e+1,,1.543e-1,1.536e-17,2.766e-17,,4.900e-1,8.862e-17
414.71,8.156e+2,8.100e-21,1.042e-25,4.086e-26,6.463e-35,6.582e-31,,1.337e-10,4.456e-22,,4.104e-15,5.733e-21,2.530e-8,1.052e-17,1.744e-6,3.228e-30,8.654e-21,4.263e-7,,3.336e-18,8.111e-21,1.451e-19,1.781e-18,7.207e-5,1.789e-10,4.257e-9,1.606e-19,1.764e-1,2.270e-23,2.819e+2,1.581e-20,1.594e-10,6.053e-20,7.089e-23,3.369e+1,3.651e-11,1.776e+0,9.923e+1,,2.073e+2,1.719e+2,,1.577e+0,5.855e-19,,8.598e-20,1.138e-4,,6.383e+0,,4.787e-5,,1.102e+1,,1.273e-1,1.534e-17,2.766e-17,,5.735e-1,8.864e-17
414.74,7.686e+2,8.102e-21,1.049e-25,4.903e-26,6.472e-35,2.912e-31,,2.593e-10,4.458e-22,,4.104e-15,5.727e-21,2.775e-8,1.052e-17,1.006e-6,3.474e-30,8.653e-21,4.536e-7,,3.407e-18,8.135e-21,1.791e-19,1.827e-18,1.238e-4,1.375e-10,7.759e-9,1.607e-19,1.781e-1,2.271e-23,2.550e+2,1.582e-20,1.295e-10,6.055e-20,7.090e-23,2.903e+1,1.718e-11,1.678e+0,1.068e+2,,2.062e+2,1.482e+2,,2.104e+0,5.865e-19,,8.595e-20,6.304e-5,,6.143e+0,,8.063e-5,,1.253e+1,,9.475e-2,1.531e-17,2.765e-17,,7.202e-1,8.868e-17
414.76,7.409e+2,8.103e-21,1.054e-25,5.508e-26,6.478e-35,1.682e-31,,4.011e-10,4.459e-22,,4.103e-15,5.724e-21,2.934e-8,1.052e-17,6.934e-7,3.638e-30,8.652e-21,4.701e-7,,3.454e-18,8.150e-21,2.050e-19,1.858e-18,1.767e-4,1.148e-10,1.153e-8,1.607e-19,1.789e-1,2.271e-23,2.379e+2,1.583e-20,1.127e-10,6.056e-20,7.091e-23,2.615e+1,1.033e-11,1.615e+0,1.128e+2,,2.057e+2,1.336e+2,,2.541e+0,5.871e-19,,8.593e-20,4.229e-5,,5.955e+0,,1.135e-4,,1.357e+1,,7.752e-2,1.529e-17,2.765e-17,,8.337e-1,8.870e-17
414.79,7.051e+2,8.105e-21,1.062e-25,6.511e-26,6.487e-35,7.318e-32,,7.652e-10,4.461e-22,,4.103e-15,5.718e-21,3.164e-8,1.052e-17,3.934e-7,3.884e-30,8.651e-21,4.920e-7,,3.524e-18,8.174e-21,2.489e-19,1.905e-18,2.986e-4,8.679e-11,2.073e-8,1.607e-19,1.792e-1,2.272e-23,2.141e+2,1.583e-20,9.181e-11,6.058e-20,7.092e-23,2.216e+1,4.782e-12,1.524e+0,1.231e+2,,2.053e+2,1.134e+2,,3.348e+0,5.880e-19,,8.591e-20,2.304e-5,,5.635e+0,,1.881e-4,,1.518e+1,,5.715e-2,1.526e-17,2.764e-17,,1.030e+0,8.873e-17
414.81,6.852e+2,8.107e-21,1.067e-25,7.244e-26,6.493e-35,4.178e-32,,1.171e-9,4.463e-22,,4.103e-15,5.714e-21,3.309e-8,1.052e-17,2.681e-7,4.048e-30,8.651e-21,5.043e-7,,3.571e-18,8.190e-21,2.818e-19,1.936e-18,4.213e-4,7.162e-11,3.050e-8,1.607e-19,1.788e-1,2.273e-23,1.996e+2,1.584e-20,8.027e-11,6.060e-20,7.093e-23,1.973e+1,2.844e-12,1.466e+0,1.309e+2,,2.054e+2,1.011e+2,,4.005e+0,5.886e-19,,8.589e-20,1.528e-5,,5.402e+0,,2.619e-4,,1.626e+1,,4.663e-2,1.524e-17,2.764e-17,,1.179e+0,8.876e-17
414.84,6.615e+2,8.109e-21,1.074e-25,8.439e-26,6.502e-35,1.788e-32,,2.197e-9,4.465e-22,,4.102e-15,5.708e-21,3.510e-8,1.052e-17,1.495e-7,4.294e-30,8.650e-21,5.191e-7,,3.641e-18,8.213e-21,3.367e-19,1.982e-18,7.002e-4,5.325e-11,5.395e-8,1.608e-19,1.772e-1,2.274e-23,1.800e+2,1.585e-20,6.600e-11,6.062e-20,7.095e-23,1.644e+1,1.294e-12,1.384e+0,1.435e+2,,2.059e+2,8.449e+1,,5.197e+0,5.896e-19,,8.587e-20,8.185e-6,,5.028e+0,,4.269e-4,,1.788e+1,,3.456e-2,1.521e-17,2.763e-17,,1.432e+0,8.879e-17
414.86,6.496e+2,8.110e-21,1.079e-25,9.299e-26,1.207e-34,1.009e-32,,3.325e-9,4.466e-22,,4.102e-15,5.705e-21,3.631e-8,1.052e-17,1.008e-7,4.458e-30,8.649e-21,5.263e-7,,3.688e-18,8.229e-21,3.770e-19,2.013e-18,9.771e-4,4.346e-11,7.848e-8,1.608e-19,1.755e-1,2.274e-23,1.686e+2,1.585e-20,5.823e-11,6.063e-20,7.096e-23,1.448e+1,7.612e-13,1.333e+0,1.526e+2,,2.064e+2,7.454e+1,,6.151e+0,5.902e-19,,8.585e-20,5.369e-6,,4.766e+0,,5.879e-4,,1.894e+1,,2.856e-2,1.519e-17,2.763e-17,,1.621e+0,8.881e-17
414.89,6.376e+2,8.112e-21,1.087e-25,1.068e-25,3.027e-34,4.246e-33,,6.137e-9,4.468e-22,,4.102e-15,5.699e-21,3.788e-8,1.052e-17,5.528e-8,4.704e-30,8.648e-21,5.327e-7,,3.759e-18,8.252e-21,4.429e-19,2.059e-18,1.598e-3,3.177e-11,1.366e-7,1.608e-19,1.719e-1,2.275e-23,1.540e+2,1.586e-20,4.878e-11,6.065e-20,7.097e-23,1.187e+1,3.405e-13,1.262e+0,1.668e+2,,2.076e+2,6.128e+1,,7.855e+0,5.911e-19,,8.582e-20,2.828e-6,,4.363e+0,,9.424e-4,,2.048e+1,,2.208e-2,1.516e-17,2.762e-17,,1.937e+0,8.885e-17
414.91,6.332e+2,8.113e-21,1.092e-25,1.166e-25,5.557e-34,2.370e-33,,9.184e-9,4.470e-22,,4.101e-15,5.695e-21,3.875e-8,1.052e-17,3.684e-8,4.868e-30,8.647e-21,5.341e-7,,3.806e-18,8.268e-21,4.905e-19,2.090e-18,2.205e-3,2.564e-11,1.965e-7,1.608e-19,1.687e-1,2.276e-23,1.461e+2,1.586e-20,4.373e-11,6.067e-20,7.098e-23,1.034e+1,1.981e-13,1.218e+0,1.765e+2,,2.085e+2,5.349e+1,,9.196e+0,5.917e-19,,8.581e-20,1.834e-6,,4.090e+0,,1.284e-3,,2.146e+1,,1.917e-2,1.514e-17,2.762e-17,,2.169e+0,8.887e-17
414.94,6.316e+2,8.115e-21,1.099e-25,1.321e-25,1.371e-33,9.804e-34,,1.668e-8,4.472e-22,,4.101e-15,5.690e-21,3.975e-8,1.052e-17,1.987e-8,5.114e-30,8.646e-21,5.317e-7,,3.876e-18,8.292e-21,5.669e-19,2.137e-18,3.546e-3,1.844e-11,3.364e-7,1.609e-19,1.630e-1,2.277e-23,1.368e+2,1.587e-20,3.771e-11,6.069e-20,7.099e-23,8.332e+0,8.726e-14,1.157e+0,1.914e+2,,2.099e+2,4.328e+1,,1.155e+1,5.927e-19,,8.578e-20,9.500e-7,,3.682e+0,,2.024e-3,,2.282e+1,,1.656e-2,1.511e-17,2.761e-17,,2.549e+0,8.890e-17
414.96,6.335e+2,8.117e-21,1.104e-25,1.430e-25,2.489e-33,5.412e-34,,2.468e-8,4.473e-22,,4.101e-15,5.686e-21,4.022e-8,1.051e-17,1.309e-8,5.278e-30,8.645e-21,5.272e-7,,3.923e-18,8.307e-21,6.208e-19,2.168e-18,4.840e-3,1.472e-11,4.786e-7,1.609e-19,1.586e-1,2.277e-23,1.323e+2,1.588e-20,3.460e-11,6.070e-20,7.100e-23,7.176e+0,5.036e-14,1.120e+0,2.011e+2,,2.109e+2,3.737e+1,,1.338e+1,5.933e-19,,8.576e-20,6.093e-7,,3.413e+0,,2.727e-3,,2.365e+1,,1.585e-2,1.509e-17,2.761e-17,,2.822e+0,8.893e-17
414.99,6.401e+2,8.119e-21,1.112e-25,1.599e-25,6.041e-33,2.201e-34,,4.408e-8,4.476e-22,,4.100e-15,5.680e-21,4.058e-8,1.051e-17,6.946e-9,5.524e-30,8.644e-21,5.162e-7,,3.994e-18,8.331e-21,7.056e-19,2.214e-18,7.655e-3,1.040e-11,8.058e-7,1.609e-19,1.510e-1,2.278e-23,1.282e+2,1.588e-20,3.105e-11,6.072e-20,7.101e-23,5.688e+0,2.231e-14,1.069e+0,2.154e+2,,2.122e+2,2.975e+1,,1.653e+1,5.942e-19,,8.574e-20,3.103e-7,,3.022e+0,,4.229e-3,,2.473e+1,,1.617e-2,1.506e-17,2.760e-17,,3.261e+0,8.896e-17
415.01,6.466e+2,8.120e-21,1.117e-25,1.716e-25,1.085e-32,1.201e-34,,6.454e-8,4.477e-22,,4.100e-15,5.676e-21,4.060e-8,1.051e-17,4.526e-9,5.688e-30,8.644e-21,5.062e-7,,4.041e-18,8.347e-21,7.643e-19,2.245e-18,1.034e-2,8.212e-12,1.134e-6,1.609e-19,1.455e-1,2.279e-23,1.271e+2,1.589e-20,2.932e-11,6.074e-20,7.102e-23,4.845e+0,1.350e-14,1.038e+0,2.245e+2,,2.129e+2,2.542e+1,,1.893e+1,5.948e-19,,8.572e-20,1.968e-7,,2.771e+0,,5.634e-3,,2.534e+1,,1.725e-2,1.504e-17,2.760e-17,,3.572e+0,8.898e-17
415.04,6.589e+2,8.122e-21,1.124e-25,1.895e-25,2.590e-32,4.804e-35,,1.134e-7,4.479e-22,,4.099e-15,5.671e-21,4.030e-8,1.051e-17,2.361e-9,5.934e-30,8.643e-21,4.874e-7,,4.111e-18,8.370e-21,8.544e-19,2.292e-18,1.608e-2,5.710e-12,1.878e-6,1.610e-19,1.366e-1,2.280e-23,1.278e+2,1.590e-20,2.754e-11,6.076e-20,7.104e-23,3.776e+0,8.124e-15,9.962e-1,2.371e+2,,2.136e+2,1.991e+1,,2.301e+1,5.958e-19,,8.570e-20,9.857e-8,,2.412e+0,,8.594e-3,,2.607e+1,,2.013e-2,1.501e-17,2.759e-17,,4.060e+0,8.902e-17
415.06,6.683e+2,8.123e-21,1.129e-25,2.017e-25,4.601e-32,2.593e-35,,1.642e-7,4.480e-22,,4.099e-15,5.667e-21,3.987e-8,1.051e-17,1.521e-9,6.098e-30,8.642e-21,4.727e-7,,4.158e-18,8.386e-21,9.152e-19,2.323e-18,2.147e-2,4.456e-12,2.614e-6,1.610e-19,1.302e-1,2.280e-23,1.297e+2,1.590e-20,2.681e-11,6.077e-20,7.105e-23,3.181e+0,8.159e-15,9.711e-1,2.447e+2,,2.137e+2,1.683e+1,,2.606e+1,5.964e-19,,8.568e-20,6.181e-8,,2.187e+0,,1.132e-2,,2.642e+1,,2.290e-2,1.499e-17,2.759e-17,,4.397e+0,8.904e-17
415.08,6.783e+2,8.125e-21,1.134e-25,2.139e-25,8.138e-32,1.393e-35,,2.366e-7,4.482e-22,,4.099e-15,5.663e-21,3.928e-8,1.051e-17,9.758e-10,6.262e-30,8.641e-21,4.563e-7,,4.205e-18,8.402e-21,9.760e-19,2.354e-18,2.854e-2,3.463e-12,3.623e-6,1.610e-19,1.237e-1,2.281e-23,1.326e+2,1.591e-20,2.642e-11,6.079e-20,7.105e-23,2.667e+0,1.103e-14,9.484e-1,2.515e+2,,2.134e+2,1.417e+1,,2.939e+1,5.970e-19,,8.566e-20,3.859e-8,,1.974e+0,,1.486e-2,,2.666e+1,,2.637e-2,1.497e-17,2.759e-17,,4.741e+0,8.906e-17
415.11,6.938e+2,8.127e-21,1.142e-25,2.324e-25,1.899e-31,5.442e-36,,4.062e-7,4.484e-22,,4.098e-15,5.657e-21,3.809e-8,1.051e-17,4.972e-10,6.508e-30,8.640e-21,4.293e-7,,4.275e-18,8.425e-21,1.066e-18,2.400e-18,4.338e-2,2.352e-12,5.862e-6,1.610e-19,1.136e-1,2.282e-23,1.388e+2,1.591e-20,2.635e-11,6.081e-20,7.107e-23,2.031e+0,2.314e-14,9.189e-1,2.600e+2,,2.123e+2,1.085e+1,,3.490e+1,5.979e-19,,8.564e-20,1.888e-8,,1.679e+0,,2.214e-2,,2.679e+1,,3.300e-2,1.494e-17,2.758e-17,,5.265e+0,8.910e-17
415.13,7.042e+2,8.128e-21,1.147e-25,2.447e-25,3.321e-31,5.452e-36,,5.791e-7,4.485e-22,,4.098e-15,5.654e-21,3.711e-8,1.051e-17,3.154e-10,6.672e-30,8.639e-21,4.099e-7,,4.322e-18,8.441e-21,1.124e-18,2.431e-18,5.704e-2,1.807e-12,8.036e-6,1.610e-19,1.068e-1,2.282e-23,1.440e+2,1.592e-20,2.661e-11,6.082e-20,7.108e-23,1.684e+0,4.034e-14,9.025e-1,2.645e+2,,2.110e+2,9.040e+0,,3.893e+1,5.986e-19,,8.562e-20,1.165e-8,,1.499e+0,,2.873e-2,,2.673e+1,,3.843e-2,1.492e-17,2.758e-17,,5.615e+0,8.912e-17
415.16,7.189e+2,8.130e-21,1.154e-25,2.630e-25,7.622e-31,5.466e-36,,9.778e-7,4.488e-22,,4.098e-15,5.648e-21,3.539e-8,1.051e-17,1.580e-10,6.918e-30,8.638e-21,3.792e-7,,4.393e-18,8.465e-21,1.208e-18,2.477e-18,8.528e-2,1.207e-12,1.279e-5,1.611e-19,9.657e-2,2.283e-23,1.531e+2,1.593e-20,2.739e-11,6.084e-20,7.109e-23,1.261e+0,9.428e-14,8.832e-1,2.691e+2,,2.082e+2,6.823e+0,,4.548e+1,5.995e-19,,8.560e-20,5.605e-9,,1.254e+0,,4.212e-2,,2.642e+1,,4.824e-2,1.489e-17,2.757e-17,,6.132e+0,8.915e-17
415.18,7.280e+2,8.131e-21,1.159e-25,2.750e-25,1.319e-30,5.476e-36,,1.379e-6,4.489e-22,,4.097e-15,5.644e-21,3.410e-8,1.051e-17,9.910e-11,7.082e-30,8.638e-21,3.581e-7,,4.440e-18,8.480e-21,1.260e-18,2.508e-18,1.109e-1,9.171e-13,1.734e-5,1.611e-19,8.983e-2,2.284e-23,1.599e+2,1.593e-20,2.815e-11,6.086e-20,7.110e-23,1.034e+0,1.658e-13,8.742e-1,2.708e+2,,2.056e+2,5.631e+0,,5.017e+1,6.001e-19,,8.558e-20,3.422e-9,,1.107e+0,,5.405e-2,,2.607e+1,,5.598e-2,1.487e-17,2.757e-17,,6.467e+0,8.918e-17
415.21,7.398e+2,8.133e-21,1.167e-25,2.925e-25,2.977e-30,5.490e-36,,2.290e-6,4.491e-22,,4.097e-15,5.638e-21,3.198e-8,1.051e-17,4.882e-11,7.328e-30,8.637e-21,3.258e-7,,4.510e-18,8.504e-21,1.331e-18,2.555e-18,1.631e-1,6.024e-13,2.714e-5,1.611e-19,7.996e-2,2.285e-23,1.709e+2,1.594e-20,2.958e-11,6.088e-20,7.111e-23,7.616e-1,3.840e-13,8.673e-1,2.711e+2,,2.008e+2,4.199e+0,,5.766e+1,6.010e-19,,8.555e-20,1.618e-9,,9.105e-1,,7.794e-2,,2.534e+1,,6.958e-2,1.484e-17,2.756e-17,,6.946e+0,8.921e-17
415.23,7.464e+2,8.135e-21,1.172e-25,3.039e-25,5.095e-30,5.500e-36,,3.194e-6,4.492e-22,,4.097e-15,5.635e-21,3.047e-8,1.051e-17,3.028e-11,7.492e-30,8.636e-21,3.042e-7,,4.557e-18,8.520e-21,1.373e-18,2.586e-18,2.097e-1,4.526e-13,3.639e-5,1.611e-19,7.359e-2,2.285e-23,1.785e+2,1.594e-20,3.072e-11,6.089e-20,7.112e-23,6.177e-1,6.686e-13,8.676e-1,2.698e+2,,1.969e+2,3.445e+0,,6.292e+1,6.017e-19,,8.554e-20,9.770e-10,,7.949e-1,,9.892e-2,,2.473e+1,,8.006e-2,1.482e-17,2.756e-17,,7.245e+0,8.923e-17
415.26,7.538e+2,8.137e-21,1.179e-25,3.201e-25,1.131e-29,5.514e-36,,5.217e-6,4.495e-22,,4.096e-15,5.629e-21,2.811e-8,1.051e-17,1.467e-11,7.738e-30,8.635e-21,2.722e-7,,4.628e-18,8.543e-21,1.426e-18,2.632e-18,3.034e-1,2.924e-13,5.603e-5,1.612e-19,6.447e-2,2.286e-23,1.904e+2,1.595e-20,3.268e-11,6.091e-20,7.114e-23,4.474e-1,1.524e-12,8.761e-1,2.657e+2,,1.901e+2,2.562e+0,,7.113e+1,6.026e-19,,8.551e-20,4.544e-10,,6.431e-1,,1.403e-1,,2.365e+1,,9.808e-2,1.479e-17,2.755e-17,,7.654e+0,8.927e-17
415.28,7.570e+2,8.138e-21,1.184e-25,3.305e-25,1.915e-29,5.524e-36,,7.196e-6,4.496e-22,,4.096e-15,5.625e-21,2.649e-8,1.051e-17,8.998e-12,7.902e-30,8.634e-21,2.514e-7,,4.675e-18,8.559e-21,1.455e-18,2.663e-18,3.859e-1,2.173e-13,7.430e-5,1.612e-19,5.871e-2,2.287e-23,1.983e+2,1.596e-20,3.415e-11,6.092e-20,7.115e-23,3.588e-1,2.624e-12,8.878e-1,2.616e+2,,1.849e+2,2.112e+0,,7.678e+1,6.032e-19,,8.549e-20,2.712e-10,,5.553e-1,,1.761e-1,,2.282e+1,,1.117e-1,1.477e-17,2.755e-17,,7.895e+0,8.929e-17
415.31,7.590e+2,8.140e-21,1.192e-25,3.450e-25,4.184e-29,5.539e-36,,1.156e-5,4.498e-22,,4.096e-15,5.619e-21,2.403e-8,1.051e-17,4.286e-12,8.148e-30,8.633e-21,2.213e-7,,4.745e-18,8.582e-21,1.487e-18,2.710e-18,5.490e-1,1.380e-13,1.125e-4,1.612e-19,5.061e-2,2.288e-23,2.100e+2,1.596e-20,3.658e-11,6.095e-20,7.116e-23,2.557e-1,5.883e-12,9.152e-1,2.534e+2,,1.763e+2,1.609e+0,,8.540e+1,6.042e-19,,8.547e-20,1.240e-10,,4.418e-1,,2.456e-1,,2.146e+1,,1.347e-1,1.474e-17,2.755e-17,,8.203e+0,8.932e-17
415.33,7.585e+2,8.141e-21,1.197e-25,3.541e-25,7.005e-29,5.548e-36,,1.578e-5,4.500e-22,,4.095e-15,5.616e-21,2.240e-8,1.051e-17,2.600e-12,8.312e-30,8.632e-21,2.021e-7,,4.792e-18,8.598e-21,1.500e-18,2.741e-18,6.906e-1,1.014e-13,1.476e-4,1.612e-19,4.560e-2,2.288e-23,2.175e+2,1.597e-20,3.838e-11,6.096e-20,7.117e-23,2.029e-1,1.002e-11,9.407e-1,2.467e+2,,1.701e+2,1.371e+0,,9.118e+1,6.048e-19,,8.545e-20,7.322e-11,,3.773e-1,,3.050e-1,,2.048e+1,,1.518e-1,1.472e-17,2.754e-17,,8.368e+0,8.935e-17
415.36,7.547e+2,8.143e-21,1.204e-25,3.666e-25,1.505e-28,5.563e-36,,2.493e-5,4.502e-22,,4.095e-15,5.610e-21,1.999e-8,1.051e-17,1.218e-12,8.558e-30,8.631e-21,1.749e-7,,4.862e-18,8.622e-21,1.508e-18,2.787e-18,9.664e-1,6.334e-14,2.199e-4,1.613e-19,3.869e-2,2.289e-23,2.282e+2,1.598e-20,4.139e-11,6.098e-20,7.118e-23,1.424e-1,2.210e-11,9.905e-1,2.351e+2,,1.600e+2,1.138e+0,,9.978e+1,6.057e-19,,8.543e-20,3.293e-11,,2.953e-1,,4.184e-1,,1.894e+1,,1.800e-1,1.469e-17,2.754e-17,,8.551e+0,8.938e-17
415.38,7.503e+2,8.144e-21,1.209e-25,3.741e-25,2.493e-28,5.572e-36,,3.364e-5,4.503e-22,,4.095e-15,5.606e-21,1.842e-8,1.051e-17,7.304e-13,8.722e-30,8.631e-21,1.580e-7,,4.909e-18,8.638e-21,1.504e-18,2.818e-18,1.202e+0,4.603e-14,2.852e-4,1.613e-19,3.449e-2,2.290e-23,2.347e+2,1.598e-20,4.365e-11,6.099e-20,7.119e-23,1.119e-1,3.724e-11,1.032e+0,2.264e+2,,1.529e+2,1.056e+0,,1.054e+2,6.063e-19,,8.541e-20,1.922e-11,,2.495e-1,,5.137e-1,,1.788e+1,,2.007e-1,1.467e-17,2.753e-17,,8.627e+0,8.940e-17
415.41,7.410e+2,8.146e-21,1.217e-25,3.842e-25,5.269e-28,5.587e-36,,5.230e-5,4.505e-22,,4.094e-15,5.601e-21,1.617e-8,1.051e-17,3.364e-13,8.968e-30,8.630e-21,1.345e-7,,4.980e-18,8.661e-21,1.487e-18,2.865e-18,1.655e+0,2.827e-14,4.179e-4,1.613e-19,2.880e-2,2.291e-23,2.436e+2,1.599e-20,4.751e-11,6.102e-20,7.120e-23,7.768e-2,8.079e-11,1.107e+0,2.121e+2,,1.419e+2,1.035e+0,,1.135e+2,6.073e-19,,8.539e-20,8.498e-12,,1.922e-1,,6.933e-1,,1.626e+1,,2.341e-1,1.464e-17,2.753e-17,,8.670e+0,8.944e-17
415.43,7.331e+2,8.148e-21,1.222e-25,3.901e-25,8.630e-28,5.597e-36,,6.979e-5,4.507e-22,,4.094e-15,5.597e-21,1.474e-8,1.051e-17,1.995e-13,9.132e-30,8.629e-21,1.201e-7,,5.027e-18,8.677e-21,1.468e-18,2.896e-18,2.036e+0,2.032e-14,5.361e-4,1.613e-19,2.540e-2,2.291e-23,2.487e+2,1.599e-20,5.049e-11,6.103e-20,7.121e-23,6.082e-2,1.347e-10,1.166e+0,2.020e+2,,1.344e+2,1.086e+0,,1.186e+2,6.079e-19,,8.537e-20,4.905e-12,,1.607e-1,,8.419e-1,,1.518e+1,,2.581e-1,1.462e-17,2.752e-17,,8.651e+0,8.946e-17
415.45,7.239e+2,8.149e-21,1.227e-25,3.953e-25,1.407e-27,5.606e-36,,9.273e-5,4.508e-22,,4.094e-15,5.593e-21,1.338e-8,1.051e-17,1.178e-13,9.296e-30,8.628e-21,1.068e-7,,5.074e-18,8.693e-21,1.442e-18,2.926e-18,2.495e+0,1.453e-14,6.848e-4,1.614e-19,2.231e-2,2.292e-23,2.531e+2,1.600e-20,5.390e-11,6.104e-20,7.122e-23,4.773e-2,2.234e-10,1.232e+0,1.915e+2,,1.267e+2,1.190e+0,,1.234e+2,6.085e-19,,8.535e-20,2.818e-12,,1.340e-1,,1.018e+0,,1.410e+1,,2.832e-1,1.460e-17,2.752e-17,,8.594e+0,8.948e-17
415.48,7.079e+2,8.151e-21,1.234e-25,4.018e-25,2.907e-27,5.621e-36,,1.409e-4,4.510e-22,,4.093e-15,5.587e-21,1.147e-8,1.051e-17,5.300e-14,9.542e-30,8.627e-21,8.881e-8,,5.144e-18,8.716e-21,1.393e-18,2.973e-18,3.355e+0,8.721e-15,9.804e-4,1.614e-19,1.822e-2,2.293e-23,2.584e+2,1.601e-20,6.001e-11,6.106e-20,7.124e-23,3.368e-2,4.737e-10,1.344e+0,1.754e+2,,1.153e+2,1.448e+0,,1.299e+2,6.094e-19,,8.533e-20,1.217e-12,,1.014e-1,,1.342e+0,,1.253e+1,,3.228e-1,1.457e-17,2.751e-17,,8.438e+0,8.951e-17
415.5,6.959e+2,8.152e-21,1.239e-25,4.052e-25,4.689e-27,5.630e-36,,1.851e-4,4.512e-22,,4.093e-15,5.584e-21,1.029e-8,1.051e-17,3.094e-14,9.706e-30,8.626e-21,7.810e-8,,5.191e-18,8.732e-21,1.354e-18,3.004e-18,4.066e+0,6.170e-15,1.239e-3,1.614e-19,1.585e-2,2.293e-23,2.609e+2,1.601e-20,6.494e-11,6.108e-20,7.124e-23,2.727e-2,7.774e-10,1.428e+0,1.644e+2,,1.077e+2,1.695e+0,,1.338e+2,6.100e-19,,8.531e-20,6.916e-13,,8.408e-2,,1.605e+0,,1.152e+1,,3.504e-1,1.455e-17,2.751e-17,,8.290e+0,8.954e-17
415.53,6.764e+2,8.154e-21,1.247e-25,4.091e-25,9.528e-27,5.645e-36,,2.766e-4,4.514e-22,,4.092e-15,5.578e-21,8.681e-9,1.051e-17,1.369e-14,9.952e-30,8.625e-21,6.387e-8,,5.262e-18,8.755e-21,1.287e-18,3.050e-18,5.378e+0,3.641e-15,1.744e-3,1.614e-19,1.276e-2,2.294e-23,2.633e+2,1.602e-20,7.399e-11,6.110e-20,7.126e-23,2.114e-2,1.621e-9,1.567e+0,1.481e+2,,9.662e+1,2.193e+0,,1.387e+2,6.110e-19,,8.528e-20,2.937e-13,,6.361e-2,,2.081e+0,,1.006e+1,,3.929e-1,1.452e-17,2.751e-17,,8.005e+0,8.957e-17
415.55,6.624e+2,8.156e-21,1.252e-25,4.108e-25,1.520e-26,5.655e-36,,3.595e-4,4.515e-22,,4.092e-15,5.574e-21,7.706e-9,1.051e-17,7.903e-15,1.012e-29,8.625e-21,5.555e-8,,5.308e-18,8.771e-21,1.237e-18,3.081e-18,6.445e+0,2.547e-15,2.179e-3,1.615e-19,1.099e-2,2.295e-23,2.638e+2,1.602e-20,8.140e-11,6.111e-20,7.127e-23,1.901e-2,2.632e-9,1.668e+0,1.373e+2,,8.944e+1,2.622e+0,,1.413e+2,6.116e-19,,8.527e-20,1.650e-13,,5.314e-2,,2.462e+0,,9.147e+0,,4.217e-1,1.450e-17,2.750e-17,,7.778e+0,8.959e-17
415.58,6.405e+2,8.158e-21,1.259e-25,4.123e-25,3.038e-26,5.669e-36,,5.283e-4,4.517e-22,,4.092e-15,5.568e-21,6.391e-9,1.051e-17,3.438e-15,1.036e-29,8.624e-21,4.468e-8,,5.379e-18,8.795e-21,1.157e-18,3.128e-18,8.385e+0,1.478e-15,3.018e-3,1.615e-19,8.741e-3,2.296e-23,2.631e+2,1.603e-20,9.514e-11,6.113e-20,7.128e-23,1.836e-2,5.399e-9,1.831e+0,1.216e+2,,7.913e+1,3.432e+0,,1.442e+2,6.125e-19,,8.524e-20,6.891e-14,,4.152e-2,,3.140e+0,,7.861e+0,,4.651e-1,1.447e-17,2.750e-17,,7.387e+0,8.963e-17
415.6,6.255e+2,8.159e-21,1.264e-25,4.126e-25,4.794e-26,5.679e-36,,6.791e-4,4.519e-22,,4.091e-15,5.565e-21,5.611e-9,1.051e-17,1.963e-15,1.053e-29,8.623e-21,3.843e-8,,5.426e-18,8.810e-21,1.100e-18,3.159e-18,9.938e+0,1.022e-15,3.730e-3,1.615e-19,7.480e-3,2.296e-23,2.616e+2,1.604e-20,1.064e-10,6.115e-20,7.129e-23,1.953e-2,8.669e-9,1.946e+0,1.115e+2,,7.263e+1,4.101e+0,,1.454e+2,6.131e-19,,8.523e-20,3.828e-14,,3.618e-2,,3.673e+0,,7.066e+0,,4.937e-1,1.445e-17,2.749e-17,,7.098e+0,8.965e-17
415.63,6.026e+2,8.161e-21,1.272e-25,4.121e-25,9.426e-26,5.693e-36,,9.817e-4,4.521e-22,,4.091e-15,5.559e-21,4.577e-9,1.051e-17,8.394e-16,1.077e-29,8.622e-21,3.040e-8,,5.496e-18,8.834e-21,1.012e-18,3.205e-18,1.272e+1,5.835e-16,5.082e-3,1.615e-19,5.909e-3,2.297e-23,2.578e+2,1.605e-20,1.273e-10,6.117e-20,7.130e-23,2.375e-2,1.749e-8,2.128e+0,9.711e+1,,6.349e+1,5.331e+0,,1.461e+2,6.141e-19,,8.520e-20,1.572e-14,,3.143e-2,,4.608e+0,,5.973e+0,,5.355e-1,1.442e-17,2.749e-17,,6.630e+0,8.968e-17
415.65,5.873e+2,8.162e-21,1.277e-25,4.112e-25,1.471e-25,5.703e-36,,1.248e-3,4.522e-22,,4.091e-15,5.555e-21,3.974e-9,1.051e-17,4.739e-16,1.094e-29,8.621e-21,2.586e-8,,5.543e-18,8.850e-21,9.530e-19,3.236e-18,1.491e+1,3.992e-16,6.211e-3,1.616e-19,5.051e-3,2.298e-23,2.544e+2,1.605e-20,1.444e-10,6.118e-20,7.131e-23,2.836e-2,2.778e-8,2.253e+0,8.808e+1,,5.785e+1,6.322e+0,,1.459e+2,6.147e-19,,8.518e-20,8.637e-15,,3.034e-2,,5.331e+0,,5.309e+0,,5.622e-1,1.440e-17,2.748e-17,,6.301e+0,8.971e-17
415.68,5.648e+2,8.164e-21,1.284e-25,4.093e-25,2.845e-25,5.718e-36,,1.775e-3,4.524e-22,,4.090e-15,5.549e-21,3.188e-9,1.051e-17,1.993e-16,1.118e-29,8.620e-21,2.012e-8,,5.614e-18,8.873e-21,8.640e-19,3.283e-18,1.876e+1,2.240e-16,8.323e-3,1.616e-19,4.014e-3,2.299e-23,2.480e+2,1.606e-20,1.756e-10,6.120e-20,7.133e-23,3.842e-2,5.515e-8,2.447e+0,7.545e+1,,5.014e+1,8.106e+0,,1.444e+2,6.156e-19,,8.516e-20,3.487e-15,,3.179e-2,,6.578e+0,,4.413e+0,,5.998e-1,1.437e-17,2.748e-17,,5.788e+0,8.974e-17
415.7,5.503e+2,8.166e-21,1.289e-25,4.078e-25,4.393e-25,5.727e-36,,2.232e-3,4.526e-22,,4.090e-15,5.546e-21,2.737e-9,1.051e-17,1.113e-16,1.135e-29,8.619e-21,1.692e-8,,5.661e-18,8.889e-21,8.054e-19,3.314e-18,2.176e+1,1.516e-16,1.006e-2,1.616e-19,3.469e-3,2.299e-23,2.429e+2,1.606e-20,2.008e-10,6.122e-20,7.134e-23,4.761e-2,8.663e-8,2.578e+0,6.767e+1,,4.551e+1,9.518e+0,,1.428e+2,6.163e-19,,8.514e-20,1.895e-15,,3.493e-2,,7.526e+0,,3.880e+0,,6.228e-1,1.435e-17,2.747e-17,,5.440e+0,8.976e-17
415.73,5.295e+2,8.168e-21,1.297e-25,4.053e-25,8.357e-25,5.742e-36,,3.121e-3,4.528e-22,,4.089e-15,5.540e-21,2.160e-9,1.051e-17,4.603e-17,1.159e-29,8.618e-21,1.295e-8,,5.731e-18,8.913e-21,7.199e-19,3.360e-18,2.693e+1,8.363e-17,1.326e-2,1.616e-19,2.845e-3,2.300e-23,2.341e+2,1.607e-20,2.464e-10,6.124e-20,7.135e-23,6.605e-2,1.692e-7,2.775e+0,5.701e+1,,3.936e+1,1.201e+1,,1.393e+2,6.172e-19,,8.512e-20,7.522e-16,,4.327e-2,,9.135e+0,,3.172e+0,,6.535e-1,1.432e-17,2.747e-17,,4.915e+0,8.980e-17
415.75,5.166e+2,8.169e-21,1.302e-25,4.037e-25,1.276e-24,5.751e-36,,3.882e-3,4.529e-22,,4.089e-15,5.536e-21,1.834e-9,1.051e-17,2.541e-17,1.176e-29,8.618e-21,1.077e-8,,5.778e-18,8.928e-21,6.653e-19,3.391e-18,3.088e+1,5.595e-17,1.585e-2,1.617e-19,2.541e-3,2.301e-23,2.276e+2,1.608e-20,2.827e-10,6.125e-20,7.136e-23,8.210e-2,2.628e-7,2.905e+0,5.057e+1,,3.581e+1,1.396e+1,,1.364e+2,6.178e-19,,8.510e-20,4.041e-16,,5.160e-2,,1.034e+1,,2.758e+0,,6.711e-1,1.430e-17,2.747e-17,,4.568e+0,8.982e-17
415.78,4.990e+2,8.171e-21,1.309e-25,4.015e-25,2.388e-24,5.766e-36,,5.339e-3,4.531e-22,,4.089e-15,5.530e-21,1.423e-9,1.051e-17,1.033e-17,1.200e-29,8.617e-21,8.104e-9,,5.849e-18,8.952e-21,5.876e-19,3.437e-18,3.761e+1,3.036e-17,2.055e-2,1.617e-19,2.235e-3,2.302e-23,2.169e+2,1.608e-20,3.473e-10,6.127e-20,7.137e-23,1.133e-1,5.048e-7,3.095e+0,4.190e+1,,3.131e+1,1.733e+1,,1.313e+2,6.187e-19,,8.507e-20,1.578e-16,,6.908e-2,,1.234e+1,,2.217e+0,,6.926e-1,1.427e-17,2.746e-17,,4.060e+0,8.985e-17
415.8,4.885e+2,8.172e-21,1.314e-25,4.004e-25,3.607e-24,5.776e-36,,6.568e-3,4.533e-22,,4.088e-15,5.527e-21,1.195e-9,1.051e-17,5.641e-18,1.217e-29,8.616e-21,6.667e-9,,5.895e-18,8.968e-21,5.392e-19,6.363e-18,4.265e+1,2.009e-17,2.430e-2,1.617e-19,2.119e-3,2.302e-23,2.093e+2,1.609e-20,3.979e-10,6.129e-20,7.138e-23,1.398e-1,7.758e-7,3.217e+0,3.676e+1,,2.886e+1,1.992e+1,,1.274e+2,6.194e-19,,8.506e-20,1.581e-16,,8.469e-2,,1.381e+1,,1.907e+0,,7.034e-1,1.425e-17,2.746e-17,,3.732e+0,8.988e-17
415.82,4.792e+2,8.174e-21,1.319e-25,3.995e-25,5.424e-24,5.785e-36,,8.044e-3,4.534e-22,,4.088e-15,5.523e-21,9.994e-10,1.051e-17,3.066e-18,1.233e-29,8.615e-21,5.461e-9,,5.942e-18,8.983e-21,4.938e-19,1.173e-17,4.815e+1,1.323e-17,2.861e-2,1.617e-19,2.066e-3,2.303e-23,2.014e+2,1.609e-20,4.552e-10,6.130e-20,7.139e-23,1.718e-1,1.187e-6,3.334e+0,3.210e+1,,2.685e+1,2.279e+1,,1.231e+2,6.200e-19,,8.504e-20,1.584e-16,,1.041e-1,,1.539e+1,,1.632e+0,,7.112e-1,1.423e-17,2.745e-17,,3.415e+0,8.990e-17
415.85,4.677e+2,8.176e-21,1.327e-25,3.991e-25,9.919e-24,5.800e-36,,1.081e-2,4.536e-22,,4.088e-15,5.517e-21,7.578e-10,1.051e-17,1.218e-18,1.258e-29,8.614e-21,4.014e-9,,6.013e-18,9.007e-21,4.316e-19,2.909e-17,5.730e+1,7.015e-18,3.624e-2,1.618e-19,2.095e-3,2.304e-23,1.890e+2,1.610e-20,5.549e-10,6.132e-20,7.140e-23,2.323e-1,2.228e-6,3.498e+0,2.599e+1,,2.465e+1,2.766e+1,,1.163e+2,6.209e-19,,8.501e-20,1.590e-16,,1.418e-1,,1.795e+1,,1.282e+0,,7.171e-1,1.420e-17,2.745e-17,,2.965e+0,8.993e-17
415.87,4.618e+2,8.177e-21,1.332e-25,3.994e-25,1.475e-23,5.809e-36,,1.310e-2,4.538e-22,,4.087e-15,5.513e-21,6.266e-10,1.051e-17,6.545e-19,1.274e-29,8.613e-21,3.251e-9,,6.060e-18,9.023e-21,3.943e-19,5.304e-17,6.398e+1,4.569e-18,4.220e-2,1.618e-19,2.180e-3,2.305e-23,1.805e+2,1.611e-20,6.313e-10,6.133e-20,7.141e-23,2.826e-1,3.372e-6,3.598e+0,2.245e+1,,2.373e+1,3.130e+1,,1.115e+2,6.215e-19,,8.500e-20,1.593e-16,,1.738e-1,,1.978e+1,,1.085e+0,,7.171e-1,1.418e-17,2.744e-17,,2.683e+0,8.996e-17
415.9,4.557e+2,8.179e-21,1.339e-25,4.009e-25,2.654e-23,5.824e-36,,1.732e-2,4.540e-22,,4.087e-15,5.508e-21,4.672e-10,1.051e-17,6.398e-19,1.299e-29,8.612e-21,2.351e-9,,6.130e-18,9.046e-21,3.446e-19,1.295e-16,7.488e+1,2.382e-18,5.258e-2,1.618e-19,2.398e-3,2.305e-23,1.675e+2,1.611e-20,7.619e-10,6.136e-20,7.143e-23,3.760e-1,6.227e-6,3.732e+0,1.787e+1,,2.314e+1,3.736e+1,,1.040e+2,6.225e-19,,8.497e-20,1.598e-16,,2.345e-1,,2.270e+1,,8.385e-1,,7.112e-1,1.415e-17,2.744e-17,,2.291e+0,8.999e-17
415.92,4.535e+2,8.180e-21,1.344e-25,4.025e-25,3.904e-23,5.834e-36,,2.074e-2,4.541e-22,,4.087e-15,5.504e-21,3.821e-10,1.051e-17,6.300e-19,1.315e-29,8.612e-21,1.883e-9,,6.177e-18,9.062e-21,3.158e-19,2.334e-16,8.271e+1,1.534e-18,6.055e-2,1.618e-19,2.601e-3,2.306e-23,1.587e+2,1.612e-20,8.603e-10,6.137e-20,7.143e-23,4.524e-1,9.321e-6,3.808e+0,1.526e+1,,2.327e+1,4.181e+1,,9.887e+1,6.231e-19,,8.496e-20,1.601e-16,,2.849e-1,,2.474e+1,,7.021e-1,,7.034e-1,1.413e-17,2.743e-17,,2.051e+0,9.001e-17
415.95,4.531e+2,8.182e-21,1.352e-25,4.061e-25,6.909e-23,5.848e-36,,2.698e-2,4.543e-22,,4.086e-15,5.498e-21,2.802e-10,1.051e-17,6.154e-19,1.340e-29,8.611e-21,1.339e-9,,6.248e-18,9.085e-21,2.787e-19,5.606e-16,9.521e+1,7.865e-19,7.421e-2,1.619e-19,2.984e-3,2.307e-23,1.456e+2,1.613e-20,1.026e-9,6.139e-20,7.145e-23,5.923e-1,1.693e-5,3.903e+0,1.195e+1,,2.424e+1,4.910e+1,,9.115e+1,6.240e-19,,8.493e-20,1.607e-16,,3.788e-1,,2.792e+1,,5.334e-1,,6.861e-1,1.410e-17,2.743e-17,,1.722e+0,9.005e-17
415.97,4.548e+2,8.184e-21,1.357e-25,4.091e-25,1.005e-22,5.858e-36,,3.196e-2,4.545e-22,,4.086e-15,5.495e-21,2.266e-10,1.051e-17,6.056e-19,1.356e-29,8.610e-21,1.061e-9,,6.295e-18,9.101e-21,2.580e-19,9.998e-16,1.040e+2,5.010e-19,8.452e-2,1.619e-19,3.289e-3,2.308e-23,1.370e+2,1.613e-20,1.148e-9,6.140e-20,7.146e-23,7.049e-1,2.507e-5,3.951e+0,1.010e+1,,2.540e+1,5.435e+1,,8.602e+1,6.246e-19,,8.491e-20,1.610e-16,,4.557e-1,,3.009e+1,,4.417e-1,,6.711e-1,1.408e-17,2.743e-17,,1.525e+0,9.007e-17
416,4.602e+2,8.186e-21,1.364e-25,4.145e-25,1.750e-22,5.872e-36,,4.089e-2,4.547e-22,,4.086e-15,5.489e-21,1.635e-10,1.051e-17,5.910e-19,1.381e-29,8.609e-21,7.416e-10,,6.365e-18,9.125e-21,2.326e-19,2.362e-15,1.178e+2,2.525e-19,1.019e-1,1.619e-19,3.818e-3,2.308e-23,1.242e+2,1.614e-20,1.350e-9,6.142e-20,7.147e-23,9.076e-1,4.479e-5,4.001e+0,7.774e+0,,2.788e+1,6.278e+1,,7.845e+1,6.256e-19,,8.489e-20,1.615e-16,,5.963e-1,,3.340e+1,,3.300e-1,,6.438e-1,1.405e-17,2.742e-17,,1.259e+0,9.010e-17
416.02,4.655e+2,8.187e-21,1.369e-25,4.185e-25,2.519e-22,5.882e-36,,4.791e-2,4.548e-22,,4.085e-15,5.485e-21,1.308e-10,1.051e-17,5.812e-19,1.397e-29,8.608e-21,5.810e-10,,6.412e-18,9.140e-21,2.192e-19,4.167e-15,1.272e+2,1.591e-19,1.148e-1,1.619e-19,4.215e-3,2.309e-23,1.159e+2,1.614e-20,1.497e-9,6.144e-20,7.148e-23,1.068e+0,6.559e-5,4.018e+0,6.495e+0,,3.002e+1,6.873e+1,,7.353e+1,6.262e-19,,8.487e-20,1.618e-16,,7.096e-1,,3.561e+1,,2.702e-1,,6.228e-1,1.403e-17,2.742e-17,,1.102e+0,9.013e-17
416.05,4.760e+2,8.189e-21,1.377e-25,4.250e-25,4.313e-22,5.896e-36,,6.028e-2,4.550e-22,,4.085e-15,5.479e-21,9.277e-11,1.051e-17,5.666e-19,1.422e-29,8.607e-21,3.996e-10,,6.482e-18,9.164e-21,2.039e-19,9.683e-15,1.417e+2,7.886e-20,1.361e-1,1.620e-19,4.873e-3,2.310e-23,1.039e+2,1.615e-20,1.735e-9,6.146e-20,7.149e-23,1.353e+0,1.153e-4,4.020e+0,4.919e+0,,3.393e+1,7.809e+1,,6.640e+1,6.271e-19,,8.485e-20,1.624e-16,,9.135e-1,,3.888e+1,,1.986e-1,,5.877e-1,1.400e-17,2.741e-17,,8.955e-1,9.016e-17
416.07,4.845e+2,8.190e-21,1.382e-25,4.295e-25,6.139e-22,5.906e-36,,6.987e-2,4.552e-22,,4.085e-15,5.476e-21,7.338e-11,1.051e-17,5.568e-19,1.438e-29,8.606e-21,3.096e-10,,6.529e-18,9.180e-21,1.966e-19,1.690e-14,1.515e+2,4.913e-20,1.516e-1,1.620e-19,5.350e-3,2.311e-23,9.621e+1,1.616e-20,1.905e-9,6.147e-20,7.150e-23,1.575e+0,1.670e-4,4.006e+0,4.064e+0,,3.698e+1,8.457e+1,,6.184e+1,6.277e-19,,8.483e-20,1.627e-16,,1.075e+0,,4.099e+1,,1.608e-1,,5.622e-1,1.398e-17,2.741e-17,,7.753e-1,9.018e-17
416.1,4.991e+2,8.192e-21,1.389e-25,4.360e-25,1.034e-21,5.921e-36,,8.647e-2,4.554e-22,,4.084e-15,5.470e-21,5.120e-11,1.051e-17,5.422e-19,1.463e-29,8.605e-21,2.094e-10,,6.600e-18,9.203e-21,1.895e-19,3.863e-14,1.659e+2,2.395e-20,1.768e-1,1.620e-19,6.116e-3,2.311e-23,8.518e+1,1.616e-20,2.176e-9,6.149e-20,7.152e-23,1.963e+0,2.887e-4,3.960e+0,3.027e+0,,4.221e+1,9.453e+1,,5.533e+1,6.287e-19,,8.480e-20,1.632e-16,,1.362e+0,,4.402e+1,,1.162e-1,,5.218e-1,1.395e-17,2.740e-17,,6.194e-1,9.022e-17
416.12,5.098e+2,8.193e-21,1.394e-25,4.400e-25,1.456e-21,5.930e-36,,9.913e-2,4.555e-22,,4.084e-15,5.466e-21,4.006e-11,1.051e-17,5.324e-19,1.479e-29,8.605e-21,1.604e-10,,6.647e-18,9.219e-21,1.870e-19,6.668e-14,1.754e+2,1.475e-20,1.948e-1,1.620e-19,6.655e-3,2.312e-23,7.822e+1,1.617e-20,2.365e-9,6.151e-20,7.153e-23,2.260e+0,4.136e-4,3.915e+0,2.473e+0,,4.610e+1,1.013e+2,,5.124e+1,6.293e-19,,8.479e-20,1.636e-16,,1.585e+0,,4.590e+1,,9.309e-2,,4.937e-1,1.393e-17,2.740e-17,,5.304e-1,9.024e-17
416.15,5.269e+2,8.195e-21,1.402e-25,4.452e-25,2.413e-21,5.945e-36,,1.207e-1,4.557e-22,,4.083e-15,5.460e-21,2.749e-11,1.051e-17,5.178e-19,1.504e-29,8.603e-21,1.067e-10,,6.717e-18,9.243e-21,1.859e-19,1.500e-13,1.891e+2,7.073e-21,2.235e-1,1.621e-19,7.498e-3,2.313e-23,6.839e+1,1.618e-20,2.660e-9,6.153e-20,7.154e-23,2.770e+0,7.035e-4,3.825e+0,1.812e+0,,5.249e+1,1.113e+2,,4.547e+1,6.302e-19,,8.476e-20,1.641e-16,,1.975e+0,,4.848e+1,,6.617e-2,,4.506e-1,1.390e-17,2.739e-17,,4.167e-1,9.027e-17
416.17,5.388e+2,8.197e-21,1.407e-25,4.479e-25,3.360e-21,5.954e-36,,1.368e-1,4.559e-22,,4.083e-15,5.457e-21,2.127e-11,1.051e-17,5.080e-19,1.520e-29,8.603e-21,8.086e-11,,6.764e-18,9.258e-21,1.867e-19,2.560e-13,1.977e+2,4.308e-21,2.436e-1,1.621e-19,8.078e-3,2.314e-23,6.228e+1,1.618e-20,2.862e-9,6.154e-20,7.155e-23,3.155e+0,9.968e-4,3.751e+0,1.464e+0,,5.708e+1,1.180e+2,,4.188e+1,6.308e-19,,8.475e-20,1.644e-16,,2.273e+0,,5.001e+1,,5.241e-2,,4.217e-1,1.388e-17,2.739e-17,,3.529e-1,9.030e-17
416.2,5.567e+2,8.199e-21,1.414e-25,4.504e-25,5.476e-21,5.969e-36,,1.638e-1,4.561e-22,,4.083e-15,5.451e-21,1.435e-11,1.051e-17,4.934e-19,1.545e-29,8.602e-21,5.290e-11,,6.835e-18,9.282e-21,1.897e-19,5.665e-13,2.097e+2,2.031e-21,2.748e-1,1.621e-19,8.960e-3,2.314e-23,5.376e+1,1.619e-20,3.170e-9,6.156e-20,7.156e-23,3.804e+0,1.668e-3,3.623e+0,1.055e+0,,6.439e+1,1.277e+2,,3.688e+1,6.318e-19,,8.472e-20,1.649e-16,,2.786e+0,,5.195e+1,,3.664e-2,,3.786e-1,1.385e-17,2.738e-17,,2.727e-1,9.033e-17
416.22,5.685e+2,8.200e-21,1.419e-25,4.509e-25,7.543e-21,5.979e-36,,1.837e-1,4.562e-22,,4.082e-15,5.447e-21,1.098e-11,1.051e-17,4.836e-19,1.561e-29,8.601e-21,3.964e-11,,6.882e-18,9.298e-21,1.924e-19,9.567e-13,2.169e+2,1.224e-21,2.962e-1,1.621e-19,9.550e-3,2.315e-23,4.853e+1,1.619e-20,3.376e-9,6.158e-20,7.157e-23,4.285e+0,2.337e-3,3.526e+0,8.430e-1,,6.950e+1,1.338e+2,,3.379e+1,6.324e-19,,8.470e-20,1.653e-16,,3.172e+0,,5.300e+1,,2.870e-2,,3.504e-1,1.383e-17,2.738e-17,,2.284e-1,9.035e-17
416.24,5.798e+2,8.201e-21,1.424e-25,4.504e-25,1.034e-20,5.988e-36,,2.051e-1,4.564e-22,,4.082e-15,5.443e-21,8.367e-12,1.051e-17,4.738e-19,1.577e-29,8.600e-21,2.958e-11,,6.929e-18,9.313e-21,1.956e-19,1.609e-12,2.234e+2,7.338e-22,3.178e-1,1.621e-19,1.013e-2,2.316e-23,4.366e+1,1.620e-20,3.581e-9,6.159e-20,7.158e-23,4.807e+0,3.262e-3,3.422e+0,6.707e-1,,7.476e+1,1.397e+2,,3.091e+1,6.330e-19,,8.469e-20,1.656e-16,,3.596e+0,,5.383e+1,,2.238e-2,,3.228e-1,1.381e-17,2.738e-17,,1.904e-1,9.037e-17
416.27,5.956e+2,8.203e-21,1.432e-25,4.472e-25,1.648e-20,6.003e-36,,2.399e-1,4.566e-22,,4.082e-15,5.438e-21,5.517e-12,1.051e-17,4.592e-19,1.602e-29,8.599e-21,1.890e-11,,6.999e-18,9.337e-21,2.008e-19,3.479e-12,2.317e+2,3.380e-22,3.504e-1,1.622e-19,1.099e-2,2.317e-23,3.700e+1,1.621e-20,3.882e-9,6.161e-20,7.159e-23,5.664e+0,5.333e-3,3.255e+0,4.721e-1,,8.282e+1,1.478e+2,,2.694e+1,6.339e-19,,8.466e-20,1.661e-16,,4.306e+0,,5.465e+1,,1.528e-2,,2.832e-1,1.378e-17,2.737e-17,,1.438e-1,9.041e-17
416.29,6.051e+2,8.205e-21,1.437e-25,4.436e-25,2.235e-20,6.013e-36,,2.650e-1,4.567e-22,,4.081e-15,5.434e-21,4.157e-12,1.051e-17,4.494e-19,1.618e-29,8.599e-21,1.395e-11,,7.046e-18,9.353e-21,2.042e-19,5.786e-12,2.361e+2,2.004e-22,3.719e-1,1.622e-19,1.154e-2,2.317e-23,3.299e+1,1.621e-20,4.076e-9,6.163e-20,7.160e-23,6.284e+0,7.361e-3,3.136e+0,3.715e-1,,8.826e+1,1.527e+2,,2.452e+1,6.346e-19,,8.464e-20,1.664e-16,,4.828e+0,,5.490e+1,,1.179e-2,,2.581e-1,1.376e-17,2.737e-17,,1.186e-1,9.043e-17
416.32,6.174e+2,8.207e-21,1.444e-25,4.355e-25,3.502e-20,6.027e-36,,3.049e-1,4.569e-22,,4.081e-15,5.428e-21,2.696e-12,1.051e-17,4.348e-19,1.643e-29,8.598e-21,8.765e-12,,7.116e-18,9.376e-21,2.090e-19,1.231e-11,2.411e+2,9.080e-23,4.033e-1,1.622e-19,1.231e-2,2.318e-23,2.759e+1,1.622e-20,4.351e-9,6.165e-20,7.162e-23,7.284e+0,1.184e-2,2.952e+0,2.571e-1,,9.638e+1,1.591e+2,,2.121e+1,6.355e-19,,8.462e-20,1.670e-16,,5.686e+0,,5.483e+1,,7.917e-3,,2.226e-1,1.373e-17,2.736e-17,,8.803e-2,9.047e-17
416.34,6.240e+2,8.208e-21,1.449e-25,4.285e-25,4.698e-20,6.037e-36,,3.330e-1,4.571e-22,,4.081e-15,5.424e-21,2.009e-12,1.051e-17,4.250e-19,1.659e-29,8.597e-21,6.396e-12,,7.163e-18,9.392e-21,2.118e-19,2.025e-11,2.432e+2,5.330e-23,4.234e-1,1.622e-19,1.278e-2,2.319e-23,2.438e+1,1.622e-20,4.522e-9,6.166e-20,7.163e-23,7.995e+0,1.616e-2,2.827e+0,2.001e-1,,1.017e+2,1.626e+2,,1.921e+1,6.361e-19,,8.460e-20,1.673e-16,,6.306e+0,,5.448e+1,,6.038e-3,,2.006e-1,1.371e-17,2.736e-17,,7.179e-2,9.049e-17
416.37,6.313e+2,8.210e-21,1.457e-25,4.154e-25,7.241e-20,6.051e-36,,3.769e-1,4.573e-22,,4.080e-15,5.419e-21,1.281e-12,1.051e-17,4.104e-19,1.684e-29,8.596e-21,3.953e-12,,7.234e-18,9.416e-21,2.150e-19,4.237e-11,2.446e+2,2.387e-23,4.516e-1,1.623e-19,1.341e-2,2.320e-23,2.011e+1,1.623e-20,4.755e-9,6.168e-20,7.164e-23,9.118e+0,2.557e-2,2.637e+0,1.362e-1,,1.094e+2,1.669e+2,,1.650e+1,6.370e-19,,8.458e-20,1.678e-16,,7.305e+0,,5.353e+1,,3.989e-3,,1.702e-1,1.368e-17,2.735e-17,,5.243e-2,9.052e-17
416.39,6.343e+2,8.211e-21,1.462e-25,4.051e-25,9.609e-20,6.061e-36,,4.071e-1,4.574e-22,,4.080e-15,5.415e-21,9.441e-13,1.051e-17,4.006e-19,1.700e-29,8.595e-21,2.853e-12,,7.281e-18,9.431e-21,2.164e-19,6.895e-11,2.443e+2,1.404e-23,4.688e-1,1.623e-19,1.378e-2,2.320e-23,1.761e+1,1.624e-20,4.892e-9,6.170e-20,7.165e-23,9.900e+0,3.453e-2,2.511e+0,1.048e-1,,1.144e+2,1.690e+2,,1.487e+1,6.377e-19,,8.456e-20,1.681e-16,,8.013e+0,,5.262e+1,,3.009e-3,,1.517e-1,1.366e-17,2.735e-17,,4.228e-2,9.054e-17
416.42,6.360e+2,8.213e-21,1.469e-25,3.874e-25,1.457e-19,6.075e-36,,4.533e-1,4.576e-22,,4.080e-15,5.409e-21,5.923e-13,1.051e-17,3.860e-19,1.725e-29,8.594e-21,1.734e-12,,7.351e-18,9.455e-21,2.172e-19,1.420e-10,2.422e+2,6.727e-24,4.918e-1,1.623e-19,1.423e-2,2.321e-23,1.433e+1,1.624e-20,5.066e-9,6.172e-20,7.166e-23,1.111e+1,5.373e-2,2.325e+0,7.019e-2,,1.212e+2,1.709e+2,,1.267e+1,6.386e-19,,8.453e-20,1.687e-16,,9.130e+0,,5.088e+1,,1.955e-3,,1.266e-1,1.363e-17,2.734e-17,,3.037e-2,9.058e-17
416.44,6.352e+2,8.215e-21,1.474e-25,3.742e-25,1.912e-19,6.085e-36,,4.843e-1,4.578e-22,,4.079e-15,5.405e-21,4.316e-13,1.051e-17,3.762e-19,1.741e-29,8.593e-21,1.238e-12,,7.398e-18,9.471e-21,2.168e-19,2.285e-10,2.397e+2,4.718e-24,5.050e-1,1.623e-19,1.446e-2,2.322e-23,1.244e+1,1.625e-20,5.160e-9,6.173e-20,7.167e-23,1.194e+1,7.177e-2,2.206e+0,5.342e-2,,1.255e+2,1.715e+2,,1.136e+1,6.392e-19,,8.452e-20,1.690e-16,,9.905e+0,,4.948e+1,,1.458e-3,,1.116e-1,1.361e-17,2.734e-17,,2.422e-2,9.060e-17
416.47,6.312e+2,8.217e-21,1.482e-25,3.526e-25,2.852e-19,6.100e-36,,5.304e-1,4.580e-22,,4.079e-15,5.400e-21,2.663e-13,1.051e-17,3.616e-19,1.766e-29,8.592e-21,7.400e-13,,7.469e-18,9.494e-21,2.148e-19,4.628e-10,2.346e+2,4.498e-24,5.212e-1,1.624e-19,1.471e-2,2.323e-23,9.994e+0,1.626e-20,5.265e-9,6.175e-20,7.168e-23,1.318e+1,1.099e-1,2.034e+0,3.518e-2,,1.311e+2,1.712e+2,,9.610e+0,6.401e-19,,8.449e-20,1.695e-16,,1.110e+1,,4.709e+1,,9.317e-4,,9.163e-2,1.358e-17,2.733e-17,,1.711e-2,9.063e-17
416.49,6.267e+2,8.218e-21,1.487e-25,3.372e-25,3.702e-19,6.109e-36,,5.604e-1,4.581e-22,,4.079e-15,5.396e-21,1.920e-13,1.051e-17,3.518e-19,1.782e-29,8.592e-21,5.223e-13,,7.516e-18,9.510e-21,2.125e-19,7.368e-10,2.303e+2,6.183e-24,5.293e-1,1.624e-19,1.479e-2,2.323e-23,8.606e+0,1.626e-20,5.310e-9,6.176e-20,7.169e-23,1.402e+1,1.451e-1,1.927e+0,2.648e-2,,1.344e+2,1.703e+2,,8.576e+0,6.408e-19,,8.448e-20,1.699e-16,,1.191e+1,,4.533e+1,,6.873e-4,,7.989e-2,1.356e-17,2.733e-17,,1.350e-2,9.066e-17
416.52,6.175e+2,8.220e-21,1.494e-25,3.130e-25,5.431e-19,6.124e-36,,6.036e-1,4.584e-22,,4.078e-15,5.390e-21,1.165e-13,1.050e-17,3.372e-19,1.807e-29,8.590e-21,3.073e-13,,7.586e-18,9.533e-21,2.078e-19,1.468e-9,2.228e+2,1.286e-23,5.372e-1,1.624e-19,1.481e-2,2.324e-23,6.845e+0,1.627e-20,5.338e-9,6.179e-20,7.171e-23,1.524e+1,2.186e-1,1.777e+0,1.715e-2,,1.384e+2,1.681e+2,,7.210e+0,6.417e-19,,8.445e-20,1.704e-16,,1.313e+1,,4.249e+1,,4.319e-4,,6.450e-2,1.353e-17,2.732e-17,,9.379e-3,9.069e-17
416.54,6.099e+2,8.221e-21,1.499e-25,2.963e-25,6.974e-19,6.133e-36,,6.308e-1,4.585e-22,,4.078e-15,5.387e-21,8.303e-14,1.050e-17,3.274e-19,1.823e-29,8.590e-21,2.147e-13,,7.633e-18,9.549e-21,2.039e-19,2.312e-9,2.173e+2,2.214e-23,5.396e-1,1.624e-19,1.476e-2,2.325e-23,5.863e+0,1.627e-20,5.331e-9,6.180e-20,7.172e-23,1.603e+1,2.856e-1,1.686e+0,1.277e-2,,1.405e+2,1.660e+2,,6.414e+0,6.423e-19,,8.443e-20,1.707e-16,,1.393e+1,,4.050e+1,,3.151e-4,,5.561e-2,1.351e-17,2.732e-17,,7.316e-3,9.071e-17
416.57,5.966e+2,8.223e-21,1.507e-25,2.708e-25,1.006e-18,6.148e-36,,6.684e-1,4.587e-22,,4.077e-15,5.381e-21,4.955e-14,1.050e-17,3.128e-19,1.848e-29,8.589e-21,1.247e-13,,7.703e-18,9.573e-21,1.969e-19,4.532e-9,2.085e+2,5.063e-23,5.387e-1,1.625e-19,1.457e-2,2.326e-23,4.645e+0,1.628e-20,5.281e-9,6.182e-20,7.173e-23,1.717e+1,4.231e-1,1.565e+0,8.131e-3,,1.428e+2,1.623e+2,,5.382e+0,6.432e-19,,8.441e-20,1.712e-16,,1.511e+1,,3.743e+1,,1.947e-4,,4.416e-2,1.348e-17,2.732e-17,,5.000e-3,9.075e-17
416.59,5.868e+2,8.225e-21,1.512e-25,2.536e-25,1.278e-18,6.158e-36,,6.908e-1,4.588e-22,,4.077e-15,5.377e-21,3.493e-14,1.050e-17,3.030e-19,1.864e-29,8.588e-21,8.680e-14,,7.750e-18,9.588e-21,1.917e-19,7.059e-9,2.024e+2,8.775e-23,5.351e-1,1.625e-19,1.439e-2,2.326e-23,3.985e+0,1.629e-20,5.222e-9,6.183e-20,7.174e-23,1.789e+1,5.468e-1,1.494e+0,5.986e-3,,1.437e+2,1.595e+2,,4.795e+0,6.439e-19,,8.439e-20,1.716e-16,,1.586e+1,,3.536e+1,,1.405e-4,,3.766e-2,1.346e-17,2.731e-17,,3.857e-3,9.077e-17
416.61,5.765e+2,8.226e-21,1.517e-25,2.366e-25,1.616e-18,6.167e-36,,7.109e-1,4.590e-22,,4.077e-15,5.373e-21,2.452e-14,1.050e-17,2.932e-19,1.881e-29,8.587e-21,6.075e-14,,7.797e-18,9.604e-21,1.863e-19,1.095e-8,1.963e+2,1.515e-22,5.293e-1,1.625e-19,1.418e-2,2.327e-23,3.433e+0,1.629e-20,5.145e-9,6.185e-20,7.175e-23,1.856e+1,7.036e-1,1.433e+0,4.387e-3,,1.441e+2,1.566e+2,,4.284e+0,6.445e-19,,8.437e-20,1.719e-16,,1.657e+1,,3.329e+1,,1.009e-4,,3.197e-2,1.344e-17,2.731e-17,,2.963e-3,9.079e-17
416.64,5.603e+2,8.228e-21,1.524e-25,2.115e-25,2.279e-18,6.182e-36,,7.360e-1,4.592e-22,,4.076e-15,5.368e-21,1.430e-14,1.050e-17,2.786e-19,1.905e-29,8.586e-21,3.698e-14,,7.868e-18,9.628e-21,1.777e-19,2.097e-8,1.873e+2,3.412e-22,5.163e-1,1.625e-19,1.379e-2,2.328e-23,2.787e+0,1.630e-20,4.994e-9,6.187e-20,7.176e-23,1.947e+1,1.019e+0,1.358e+0,2.730e-3,,1.437e+2,1.519e+2,,3.655e+0,6.454e-19,,8.435e-20,1.724e-16,,1.756e+1,,3.025e+1,,6.094e-5,,2.480e-2,1.341e-17,2.730e-17,,1.978e-3,9.083e-17
416.66,5.494e+2,8.229e-21,1.529e-25,1.951e-25,2.851e-18,6.191e-36,,7.491e-1,4.593e-22,,4.076e-15,5.364e-21,9.922e-15,1.050e-17,2.688e-19,1.922e-29,8.586e-21,2.837e-14,,7.915e-18,9.643e-21,1.719e-19,3.217e-8,1.815e+2,5.831e-22,5.050e-1,1.626e-19,1.351e-2,2.328e-23,2.465e+0,1.630e-20,4.873e-9,6.188e-20,7.177e-23,2.001e+1,1.296e+0,1.319e+0,1.979e-3,,1.429e+2,1.488e+2,,3.325e+0,6.460e-19,,8.433e-20,1.727e-16,,1.815e+1,,2.829e+1,,4.329e-5,,2.083e-2,1.339e-17,2.730e-17,,1.502e-3,9.085e-17
416.69,5.333e+2,8.231e-21,1.537e-25,1.716e-25,3.955e-18,6.206e-36,,7.628e-1,4.596e-22,,4.076e-15,5.358e-21,5.690e-15,1.050e-17,2.542e-19,1.946e-29,8.584e-21,2.352e-14,,7.985e-18,9.667e-21,1.637e-19,6.063e-8,1.735e+2,1.292e-21,4.846e-1,1.626e-19,1.307e-2,2.329e-23,2.129e+0,1.631e-20,4.664e-9,6.190e-20,7.178e-23,2.071e+1,1.846e+0,1.280e+0,1.211e-3,,1.408e+2,1.443e+2,,2.958e+0,6.470e-19,,8.431e-20,1.733e-16,,1.891e+1,,2.550e+1,,2.571e-5,,1.589e-2,1.336e-17,2.729e-17,,9.865e-4,9.088e-17
416.71,5.230e+2,8.233e-21,1.542e-25,1.567e-25,4.893e-18,6.216e-36,,7.679e-1,4.597e-22,,4.075e-15,5.354e-21,3.906e-15,1.050e-17,2.444e-19,1.963e-29,8.584e-21,2.512e-14,,8.032e-18,9.683e-21,1.586e-19,9.201e-8,1.687e+2,2.184e-21,4.688e-1,1.626e-19,1.279e-2,2.330e-23,1.994e+0,1.632e-20,4.508e-9,6.192e-20,7.179e-23,2.110e+1,2.324e+0,1.265e+0,8.681e-4,,1.389e+2,1.415e+2,,2.800e+0,6.476e-19,,8.429e-20,1.736e-16,,1.934e+1,,2.376e+1,,1.806e-5,,1.320e-2,1.334e-17,2.729e-17,,7.411e-4,9.091e-17
416.74,5.087e+2,8.235e-21,1.549e-25,1.356e-25,6.676e-18,6.230e-36,,7.692e-1,4.599e-22,,4.075e-15,5.349e-21,2.203e-15,1.050e-17,2.298e-19,1.987e-29,8.583e-21,3.565e-14,,8.103e-18,9.706e-21,1.520e-19,1.706e-7,1.624e+2,4.761e-21,4.424e-1,1.626e-19,1.242e-2,2.331e-23,1.916e+0,1.633e-20,4.254e-9,6.194e-20,7.181e-23,2.156e+1,3.255e+0,1.260e+0,5.225e-4,,1.353e+2,1.378e+2,,2.691e+0,6.485e-19,,8.427e-20,1.741e-16,,1.982e+1,,2.136e+1,,1.055e-5,,9.908e-3,1.331e-17,2.728e-17,,4.786e-4,9.094e-17
416.76,5.001e+2,8.236e-21,1.554e-25,1.224e-25,8.169e-18,6.240e-36,,7.658e-1,4.600e-22,,4.075e-15,5.345e-21,1.496e-15,1.050e-17,2.200e-19,2.004e-29,8.582e-21,4.976e-14,,8.150e-18,9.722e-21,1.485e-19,2.560e-7,1.589e+2,7.960e-21,4.234e-1,1.627e-19,1.222e-2,2.331e-23,1.942e+0,1.633e-20,4.074e-9,6.195e-20,7.182e-23,2.179e+1,4.053e+0,1.267e+0,3.704e-4,,1.325e+2,1.357e+2,,2.707e+0,6.491e-19,,8.425e-20,1.744e-16,,2.004e+1,,1.991e+1,,7.328e-6,,8.140e-3,1.329e-17,2.728e-17,,3.556e-4,9.096e-17
416.79,4.890e+2,8.238e-21,1.562e-25,1.042e-25,1.097e-17,6.254e-36,,7.545e-1,4.603e-22,,4.074e-15,5.339e-21,8.297e-16,1.050e-17,2.054e-19,2.028e-29,8.581e-21,8.710e-14,,8.220e-18,9.746e-21,1.451e-19,4.670e-7,1.549e+2,1.707e-20,3.930e-1,1.627e-19,1.205e-2,2.332e-23,2.096e+0,1.634e-20,3.792e-9,6.197e-20,7.183e-23,2.202e+1,5.585e+0,1.294e+0,2.193e-4,,1.277e+2,1.332e+2,,2.871e+0,6.501e-19,,8.422e-20,1.750e-16,,2.021e+1,,1.798e+1,,4.209e-6,,6.015e-3,1.327e-17,2.728e-17,,2.258e-4,9.100e-17
416.81,4.830e+2,8.239e-21,1.567e-25,9.308e-26,1.327e-17,6.264e-36,,7.429e-1,4.604e-22,,4.074e-15,5.335e-21,5.571e-16,1.050e-17,1.956e-19,2.045e-29,8.580e-21,1.282e-13,,8.267e-18,9.761e-21,1.443e-19,6.933e-7,1.530e+2,2.823e-20,3.719e-1,1.627e-19,1.204e-2,2.333e-23,2.274e+0,1.634e-20,3.599e-9,6.199e-20,7.184e-23,2.211e+1,6.878e+0,1.322e+0,1.537e-4,,1.242e+2,1.320e+2,,3.079e+0,6.507e-19,,8.421e-20,1.753e-16,,2.021e+1,,1.687e+1,,2.892e-6,,4.891e-3,1.325e-17,2.727e-17,,1.659e-4,9.102e-17
416.84,4.763e+2,8.241e-21,1.574e-25,7.794e-26,1.752e-17,6.279e-36,,7.200e-1,4.606e-22,,4.074e-15,5.330e-21,3.039e-16,1.050e-17,1.810e-19,2.069e-29,8.579e-21,2.294e-13,,8.337e-18,9.785e-21,1.456e-19,1.244e-6,1.512e+2,5.956e-20,3.396e-1,1.627e-19,1.223e-2,2.334e-23,2.656e+0,1.635e-20,3.305e-9,6.201e-20,7.185e-23,2.214e+1,9.324e+0,1.376e+0,8.950e-5,,1.184e+2,1.310e+2,,3.549e+0,6.516e-19,,8.418e-20,1.758e-16,,2.004e+1,,1.546e+1,,1.634e-6,,3.563e-3,1.322e-17,2.727e-17,,1.037e-4,9.105e-17
416.86,4.734e+2,8.243e-21,1.579e-25,6.886e-26,2.098e-17,6.288e-36,,7.012e-1,4.608e-22,,4.073e-15,5.326e-21,2.018e-16,1.050e-17,1.712e-19,2.086e-29,8.578e-21,3.372e-13,,8.384e-18,9.801e-21,1.484e-19,1.827e-6,1.508e+2,9.744e-20,3.178e-1,1.628e-19,1.252e-2,2.334e-23,2.990e+0,1.636e-20,3.108e-9,6.202e-20,7.186e-23,2.210e+1,1.136e+1,1.420e+0,6.205e-5,,1.144e+2,1.308e+2,,3.978e+0,6.522e-19,,8.416e-20,1.761e-16,,1.982e+1,,1.469e+1,,1.110e-6,,2.875e-3,1.320e-17,2.726e-17,,7.532e-5,9.108e-17
416.89,4.718e+2,8.244e-21,1.586e-25,5.672e-26,2.725e-17,6.303e-36,,6.684e-1,4.610e-22,,4.073e-15,5.320e-21,1.083e-16,1.050e-17,1.566e-19,2.110e-29,8.577e-21,5.967e-13,,8.455e-18,9.824e-21,1.560e-19,3.224e-6,1.512e+2,2.022e-19,2.855e-1,1.628e-19,1.325e-2,2.335e-23,3.613e+0,1.636e-20,2.817e-9,6.204e-20,7.187e-23,2.198e+1,1.514e+1,1.495e+0,3.553e-5,,1.081e+2,1.313e+2,,4.811e+0,6.532e-19,,8.414e-20,1.767e-16,,1.934e+1,,1.379e+1,,6.167e-7,,2.077e-3,1.317e-17,2.726e-17,,4.627e-5,9.111e-17
416.91,4.724e+2,8.246e-21,1.591e-25,4.957e-26,3.226e-17,6.312e-36,,6.438e-1,4.611e-22,,4.072e-15,5.316e-21,7.112e-17,1.050e-17,1.468e-19,2.127e-29,8.577e-21,8.684e-13,,8.502e-18,9.840e-21,1.634e-19,4.683e-6,1.520e+2,3.273e-19,2.643e-1,1.628e-19,1.396e-2,2.336e-23,4.114e+0,1.637e-20,2.627e-9,6.206e-20,7.188e-23,2.186e+1,1.825e+1,1.551e+0,2.436e-5,,1.038e+2,1.321e+2,,5.505e+0,6.538e-19,,8.412e-20,1.770e-16,,1.891e+1,,1.335e+1,,4.145e-7,,1.673e-3,1.315e-17,2.725e-17,,3.326e-5,9.113e-17
416.94,4.761e+2,8.248e-21,1.599e-25,4.016e-26,4.122e-17,6.327e-36,,6.036e-1,4.613e-22,,4.072e-15,5.311e-21,3.753e-17,1.050e-17,1.322e-19,2.151e-29,8.576e-21,1.513e-12,,8.572e-18,9.864e-21,1.784e-19,8.133e-6,1.540e+2,6.683e-19,2.334e-1,1.628e-19,1.543e-2,2.337e-23,5.001e+0,1.638e-20,2.350e-9,6.208e-20,7.190e-23,2.164e+1,2.393e+1,1.640e+0,1.372e-5,,9.725e+1,1.339e+2,,6.776e+0,6.547e-19,,8.410e-20,1.775e-16,,1.815e+1,,1.291e+1,,2.265e-7,,1.221e-3,1.312e-17,2.725e-17,,2.009e-5,9.117e-17
416.96,4.803e+2,8.249e-21,1.604e-25,3.471e-26,4.827e-17,6.337e-36,,5.751e-1,4.615e-22,,4.072e-15,5.307e-21,2.438e-17,1.050e-17,1.224e-19,2.168e-29,8.575e-21,2.178e-12,,8.619e-18,9.879e-21,1.911e-19,1.168e-5,1.558e+2,1.070e-18,2.137e-1,1.629e-19,1.670e-2,2.337e-23,5.686e+0,1.638e-20,2.173e-9,6.209e-20,7.191e-23,2.148e+1,2.852e+1,1.703e+0,9.304e-6,,9.284e+1,1.354e+2,,7.790e+0,6.553e-19,,8.408e-20,1.779e-16,,1.756e+1,,1.275e+1,,1.505e-7,,1.004e-3,1.310e-17,2.724e-17,,1.428e-5,9.119e-17
416.98,4.860e+2,8.250e-21,1.609e-25,2.987e-26,5.628e-17,6.346e-36,,5.455e-1,4.616e-22,,4.071e-15,5.303e-21,1.576e-17,1.050e-17,1.126e-19,2.184e-29,8.574e-21,3.123e-12,,8.666e-18,9.895e-21,2.062e-19,1.672e-5,1.577e+2,1.705e-18,1.948e-1,1.629e-19,1.823e-2,2.338e-23,6.451e+0,1.639e-20,2.003e-9,6.211e-20,7.191e-23,2.131e+1,3.384e+1,1.767e+0,6.281e-6,,8.843e+1,1.372e+2,,8.951e+0,6.560e-19,,8.406e-20,1.782e-16,,1.691e+1,,1.269e+1,,9.959e-8,,8.415e-4,1.308e-17,2.724e-17,,1.011e-5,9.121e-17
417.01,4.972e+2,8.252e-21,1.616e-25,2.365e-26,7.028e-17,6.361e-36,,4.997e-1,4.618e-22,,4.071e-15,5.298e-21,8.126e-18,1.050e-17,9.799e-20,2.209e-29,8.573e-21,5.317e-12,,8.737e-18,9.919e-21,2.333e-19,2.837e-5,1.608e+2,3.403e-18,1.682e-1,1.629e-19,2.106e-2,2.339e-23,7.751e+0,1.639e-20,1.762e-9,6.213e-20,7.193e-23,2.107e+1,4.338e+1,1.865e+0,3.456e-6,,8.186e+1,1.402e+2,,1.099e+1,6.569e-19,,8.404e-20,1.787e-16,,1.586e+1,,1.277e+1,,5.316e-8,,6.862e-4,1.305e-17,2.724e-17,,5.965e-6,9.125e-17
417.03,5.063e+2,8.254e-21,1.621e-25,2.013e-26,8.105e-17,6.370e-36,,4.688e-1,4.620e-22,,4.071e-15,5.294e-21,5.196e-18,1.050e-17,8.823e-20,2.225e-29,8.573e-21,7.540e-12,,8.784e-18,9.934e-21,2.543e-19,4.014e-5,1.628e+2,5.365e-18,1.516e-1,1.629e-19,2.332e-2,2.339e-23,8.723e+0,1.640e-20,1.611e-9,6.214e-20,7.194e-23,2.091e+1,5.090e+1,1.930e+0,2.307e-6,,7.755e+1,1.423e+2,,1.256e+1,6.575e-19,,8.402e-20,1.790e-16,,1.511e+1,,1.291e+1,,3.478e-8,,6.336e-4,1.303e-17,2.723e-17,,4.175e-6,9.127e-17
417.06,5.227e+2,8.256e-21,1.629e-25,1.567e-26,9.955e-17,6.385e-36,,4.224e-1,4.622e-22,,4.070e-15,5.288e-21,2.635e-18,1.050e-17,7.358e-20,2.250e-29,8.571e-21,1.263e-11,,8.854e-18,9.958e-21,2.905e-19,6.702e-5,1.657e+2,1.053e-17,1.287e-1,1.630e-19,2.734e-2,2.340e-23,1.034e+1,1.641e-20,1.401e-9,6.216e-20,7.195e-23,2.070e+1,6.419e+1,2.025e+0,1.248e-6,,7.120e+1,1.455e+2,,1.526e+1,6.584e-19,,8.400e-20,1.796e-16,,1.394e+1,,1.322e+1,,1.826e-8,,6.226e-4,1.300e-17,2.723e-17,,2.424e-6,9.130e-17
417.08,5.353e+2,8.257e-21,1.634e-25,1.320e-26,1.136e-16,6.395e-36,,3.920e-1,4.623e-22,,4.070e-15,5.284e-21,1.667e-18,1.050e-17,6.382e-20,2.266e-29,8.571e-21,1.771e-11,,8.901e-18,9.974e-21,3.177e-19,9.380e-5,1.674e+2,1.643e-17,1.148e-1,1.630e-19,3.046e-2,2.341e-23,1.153e+1,1.641e-20,1.272e-9,6.217e-20,7.196e-23,2.059e+1,7.451e+1,2.086e+0,8.244e-7,,6.708e+1,1.477e+2,,1.731e+1,6.591e-19,,8.398e-20,1.799e-16,,1.313e+1,,1.349e+1,,1.182e-8,,6.585e-4,1.298e-17,2.722e-17,,1.677e-6,9.132e-17
417.11,5.568e+2,8.259e-21,1.641e-25,1.011e-26,1.372e-16,6.409e-36,,3.474e-1,4.625e-22,,4.070e-15,5.279e-21,8.312e-19,1.050e-17,4.918e-20,2.291e-29,8.570e-21,2.919e-11,,8.971e-18,9.997e-21,3.627e-19,1.541e-4,1.693e+2,3.173e-17,9.584e-2,1.630e-19,3.581e-2,2.342e-23,1.347e+1,1.642e-20,1.095e-9,6.220e-20,7.197e-23,2.044e+1,9.241e+1,2.173e+0,4.387e-7,,6.108e+1,1.508e+2,,2.076e+1,6.600e-19,,8.395e-20,1.804e-16,,1.191e+1,,1.393e+1,,6.101e-9,,7.778e-4,1.295e-17,2.722e-17,,9.578e-7,9.136e-17
417.13,5.728e+2,8.260e-21,1.646e-25,8.417e-27,1.548e-16,6.419e-36,,3.188e-1,4.627e-22,,4.069e-15,5.275e-21,5.199e-19,1.050e-17,3.941e-20,2.307e-29,8.569e-21,4.050e-11,,9.018e-18,1.001e-20,3.955e-19,2.133e-4,1.701e+2,4.894e-17,8.452e-2,1.630e-19,3.984e-2,2.342e-23,1.486e+1,1.642e-20,9.879e-10,6.221e-20,7.198e-23,2.037e+1,1.061e+2,2.228e+0,2.865e-7,,5.721e+1,1.528e+2,,2.334e+1,6.606e-19,,8.394e-20,1.807e-16,,1.110e+1,,1.425e+1,,3.905e-9,,9.039e-4,1.293e-17,2.721e-17,,6.556e-7,9.138e-17
417.16,5.993e+2,8.262e-21,1.654e-25,6.345e-27,1.840e-16,6.433e-36,,2.780e-1,4.629e-22,,4.069e-15,5.269e-21,2.550e-19,1.050e-17,2.477e-20,2.332e-29,8.568e-21,6.564e-11,,9.089e-18,1.004e-20,4.484e-19,3.446e-4,1.704e+2,9.300e-17,6.942e-2,1.631e-19,4.659e-2,2.343e-23,1.711e+1,1.643e-20,8.430e-10,6.223e-20,7.200e-23,2.029e+1,1.295e+2,2.304e+0,1.499e-7,,5.164e+1,1.555e+2,,2.761e+1,6.615e-19,,8.391e-20,1.813e-16,,9.909e+0,,1.472e+1,,1.983e-9,,1.172e-3,1.290e-17,2.721e-17,,3.682e-7,9.142e-17
417.18,6.187e+2,8.264e-21,1.659e-25,5.228e-27,2.053e-16,6.443e-36,,2.523e-1,4.630e-22,,4.069e-15,5.265e-21,1.577e-19,1.050e-17,1.501e-20,2.348e-29,8.567e-21,9.009e-11,,9.136e-18,1.005e-20,4.859e-19,4.719e-4,1.700e+2,1.419e-16,6.055e-2,1.631e-19,5.156e-2,2.344e-23,1.870e+1,1.644e-20,7.565e-10,6.224e-20,7.201e-23,2.025e+1,1.470e+2,2.351e+0,9.683e-8,,4.809e+1,1.571e+2,,3.074e+1,6.622e-19,,8.389e-20,1.816e-16,,9.135e+0,,1.502e+1,,1.255e-9,,1.410e-3,1.288e-17,2.720e-17,,2.492e-7,9.144e-17
417.21,6.505e+2,8.266e-21,1.666e-25,3.882e-27,2.400e-16,6.457e-36,,2.163e-1,4.632e-22,,4.068e-15,5.260e-21,7.610e-20,1.050e-17,3.632e-22,2.373e-29,8.566e-21,1.437e-10,,9.206e-18,1.008e-20,5.447e-19,7.501e-4,1.683e+2,2.653e-16,4.892e-2,1.631e-19,5.968e-2,2.345e-23,2.121e+1,1.644e-20,6.411e-10,6.226e-20,7.202e-23,2.021e+1,1.764e+2,2.415e+0,4.984e-8,,4.301e+1,1.593e+2,,3.585e+1,6.631e-19,,8.387e-20,1.821e-16,,8.021e+0,,1.543e+1,,6.267e-10,,1.875e-3,1.285e-17,2.720e-17,,1.376e-7,9.147e-17
417.23,6.734e+2,8.267e-21,1.671e-25,3.169e-27,2.650e-16,6.467e-36,,1.942e-1,4.634e-22,,4.068e-15,5.256e-21,4.655e-20,1.050e-17,1.196e-21,2.389e-29,8.565e-21,1.950e-10,,9.253e-18,1.009e-20,5.854e-19,1.016e-3,1.664e+2,4.004e-16,4.220e-2,1.631e-19,6.553e-2,2.345e-23,2.296e+1,1.645e-20,5.731e-10,6.228e-20,7.203e-23,2.019e+1,1.982e+2,2.453e+0,3.184e-8,,3.980e+1,1.606e+2,,3.953e+1,6.637e-19,,8.385e-20,1.824e-16,,7.315e+0,,1.565e+1,,3.923e-10,,2.271e-3,1.283e-17,2.720e-17,,9.215e-8,9.149e-17
417.26,7.104e+2,8.269e-21,1.679e-25,2.327e-27,3.047e-16,6.482e-36,,1.638e-1,4.636e-22,,4.067e-15,5.250e-21,2.209e-20,1.050e-17,3.006e-21,2.414e-29,8.564e-21,3.059e-10,,9.324e-18,1.012e-20,6.476e-19,1.589e-3,1.626e+2,7.364e-16,3.353e-2,1.632e-19,7.488e-2,2.346e-23,2.567e+1,1.646e-20,4.836e-10,6.230e-20,7.204e-23,2.015e+1,2.340e+2,2.505e+0,1.613e-8,,3.525e+1,1.624e+2,,4.544e+1,6.646e-19,,8.383e-20,1.830e-16,,6.321e+0,,1.591e+1,,1.927e-10,,3.019e-3,1.280e-17,2.719e-17,,5.006e-8,9.153e-17
417.28,7.369e+2,8.270e-21,1.684e-25,1.892e-27,3.327e-16,6.491e-36,,1.454e-1,4.637e-22,,4.067e-15,5.246e-21,1.336e-20,1.050e-17,5.526e-21,2.430e-29,8.564e-21,4.108e-10,,9.371e-18,1.013e-20,6.894e-19,2.129e-3,1.593e+2,1.100e-15,2.861e-2,1.632e-19,8.146e-2,2.347e-23,2.754e+1,1.646e-20,4.316e-10,6.231e-20,7.205e-23,2.011e+1,2.599e+2,2.536e+0,1.020e-8,,3.240e+1,1.635e+2,,4.963e+1,6.653e-19,,8.381e-20,1.833e-16,,5.705e+0,,1.602e+1,,1.193e-10,,3.642e-3,1.278e-17,2.719e-17,,3.314e-8,9.155e-17
417.31,7.792e+2,8.272e-21,1.691e-25,1.393e-27,3.764e-16,6.506e-36,,1.207e-1,4.639e-22,,4.067e-15,5.241e-21,6.237e-21,1.050e-17,1.366e-20,2.455e-29,8.563e-21,6.340e-10,,9.441e-18,1.015e-20,7.516e-19,3.275e-3,1.533e+2,1.989e-15,2.236e-2,1.632e-19,9.175e-2,2.348e-23,3.039e+1,1.647e-20,3.638e-10,6.233e-20,7.206e-23,2.002e+1,3.019e+2,2.577e+0,5.111e-9,,2.840e+1,1.652e+2,,5.623e+1,6.662e-19,,8.379e-20,1.838e-16,,4.856e+0,,1.607e+1,,5.760e-11,,4.807e-3,1.275e-17,2.718e-17,,1.771e-8,9.158e-17
417.33,8.090e+2,8.274e-21,1.696e-25,1.148e-27,4.065e-16,6.515e-36,,1.060e-1,4.641e-22,,4.066e-15,5.237e-21,3.732e-21,1.050e-17,2.485e-20,2.471e-29,8.562e-21,8.421e-10,,9.488e-18,1.017e-20,7.923e-19,4.340e-3,1.487e+2,2.938e-15,1.887e-2,1.632e-19,9.882e-2,2.348e-23,3.232e+1,1.647e-20,3.248e-10,6.235e-20,7.207e-23,1.992e+1,3.317e+2,2.602e+0,3.238e-9,,2.591e+1,1.664e+2,,6.081e+1,6.668e-19,,8.377e-20,1.841e-16,,4.340e+0,,1.603e+1,,3.527e-11,,5.766e-3,1.273e-17,2.718e-17,,1.159e-8,9.161e-17
417.35,8.402e+2,8.275e-21,1.701e-25,9.605e-28,4.371e-16,6.525e-36,,9.264e-2,4.642e-22,,4.066e-15,5.233e-21,2.223e-21,1.050e-17,4.500e-20,2.488e-29,8.561e-21,1.114e-9,,9.535e-18,1.019e-20,8.318e-19,5.727e-3,1.437e+2,4.320e-15,1.585e-2,1.632e-19,1.060e-1,2.349e-23,3.426e+1,1.648e-20,2.902e-10,6.236e-20,7.208e-23,1.980e+1,3.629e+2,2.625e+0,2.088e-9,,2.357e+1,1.677e+2,,6.552e+1,6.674e-19,,8.375e-20,1.845e-16,,3.867e+0,,1.593e+1,,2.149e-11,,6.902e-3,1.271e-17,2.717e-17,,7.557e-9,9.163e-17
417.38,8.890e+2,8.277e-21,1.709e-25,7.765e-28,4.833e-16,6.540e-36,,7.510e-2,4.644e-22,,4.066e-15,5.227e-21,1.014e-21,1.050e-17,1.088e-19,2.512e-29,8.560e-21,1.680e-9,,9.605e-18,1.021e-20,8.880e-19,8.610e-3,1.354e+2,7.640e-15,1.211e-2,1.633e-19,1.169e-1,2.350e-23,3.718e+1,1.649e-20,2.458e-10,6.238e-20,7.210e-23,1.954e+1,4.119e+2,2.655e+0,1.209e-9,,2.034e+1,1.702e+2,,7.274e+1,6.684e-19,,8.373e-20,1.850e-16,,3.233e+0,,1.566e+1,,1.014e-11,,9.005e-3,1.268e-17,2.717e-17,,3.945e-9,9.166e-17
417.4,9.229e+2,8.278e-21,1.714e-25,7.123e-28,5.140e-16,6.549e-36,,6.494e-2,4.646e-22,,4.065e-15,5.224e-21,5.971e-22,1.050e-17,1.949e-19,2.529e-29,8.559e-21,2.197e-9,,9.652e-18,1.023e-20,9.230e-19,1.124e-2,1.294e+2,1.111e-14,1.006e-2,1.633e-19,1.241e-1,2.350e-23,3.913e+1,1.649e-20,2.205e-10,6.240e-20,7.210e-23,1.932e+1,4.458e+2,2.674e+0,1.000e-9,,1.836e+1,1.721e+2,,7.761e+1,6.690e-19,,8.371e-20,1.853e-16,,2.861e+0,,1.540e+1,,6.114e-12,,1.073e-2,1.266e-17,2.716e-17,,2.543e-9,9.169e-17
417.43,9.752e+2,8.280e-21,1.721e-25,6.999e-28,5.592e-16,6.564e-36,,5.178e-2,4.648e-22,,4.065e-15,5.218e-21,2.678e-22,1.050e-17,4.634e-19,2.553e-29,8.558e-21,3.260e-9,,9.723e-18,1.025e-20,9.708e-19,1.662e-2,1.200e+2,1.933e-14,7.557e-3,1.633e-19,1.347e-1,2.351e-23,4.204e+1,1.650e-20,1.882e-10,6.242e-20,7.212e-23,1.891e+1,4.977e+2,2.699e+0,1.133e-9,,1.565e+1,1.757e+2,,8.493e+1,6.699e-19,,8.368e-20,1.859e-16,,2.378e+0,,1.491e+1,,2.837e-12,,1.391e-2,1.263e-17,2.716e-17,,1.305e-9,9.172e-17
417.45,1.011e+3,8.282e-21,1.726e-25,7.489e-28,5.883e-16,6.574e-36,,4.429e-2,4.649e-22,,4.065e-15,5.214e-21,1.560e-22,1.050e-17,8.213e-19,2.570e-29,8.558e-21,4.218e-9,,9.770e-18,1.026e-20,9.992e-19,2.146e-2,1.136e+2,2.781e-14,6.211e-3,1.633e-19,1.415e-1,2.352e-23,4.397e+1,1.650e-20,1.698e-10,6.243e-20,7.213e-23,1.857e+1,5.327e+2,2.714e+0,1.548e-9,,1.401e+1,1.786e+2,,8.975e+1,6.705e-19,,8.367e-20,1.862e-16,,2.103e+0,,1.451e+1,,1.691e-12,,1.652e-2,1.261e-17,2.716e-17,,8.323e-10,9.174e-17
417.48,1.065e+3,8.284e-21,1.734e-25,9.178e-28,6.298e-16,6.588e-36,,3.474e-2,4.651e-22,,4.064e-15,5.209e-21,6.880e-23,1.050e-17,1.922e-18,2.594e-29,8.557e-21,6.157e-9,,9.840e-18,1.029e-20,1.036e-18,3.122e-2,1.036e+2,4.761e-14,4.589e-3,1.634e-19,1.513e-1,2.353e-23,4.685e+1,1.651e-20,1.464e-10,6.245e-20,7.214e-23,1.798e+1,5.850e+2,2.734e+0,2.886e-9,,1.180e+1,1.839e+2,,9.681e+1,6.715e-19,,8.364e-20,1.867e-16,,1.759e+0,,1.382e+1,,7.720e-13,,2.135e-2,1.258e-17,2.715e-17,,4.202e-10,9.178e-17
417.5,1.100e+3,8.285e-21,1.739e-25,1.104e-27,6.555e-16,6.598e-36,,2.938e-2,4.653e-22,,4.064e-15,5.205e-21,3.964e-23,1.050e-17,3.369e-18,2.611e-29,8.556e-21,7.879e-9,,9.887e-18,1.030e-20,1.056e-18,3.987e-2,9.699e+1,6.775e-14,3.730e-3,1.634e-19,1.573e-1,2.353e-23,4.877e+1,1.652e-20,1.332e-10,6.247e-20,7.215e-23,1.752e+1,6.193e+2,2.745e+0,4.534e-9,,1.049e+1,1.880e+2,,1.013e+2,6.721e-19,,8.363e-20,1.870e-16,,1.573e+0,,1.331e+1,,4.551e-13,,2.532e-2,1.256e-17,2.715e-17,,2.650e-10,9.180e-17
417.53,1.153e+3,8.287e-21,1.746e-25,1.519e-27,6.905e-16,6.612e-36,,2.267e-2,4.655e-22,,4.064e-15,5.199e-21,1.720e-23,1.050e-17,7.755e-18,2.635e-29,8.555e-21,1.131e-8,,9.958e-18,1.033e-20,1.081e-18,5.706e-2,8.709e+1,1.141e-13,2.711e-3,1.634e-19,1.655e-1,2.354e-23,5.166e+1,1.652e-20,1.161e-10,6.249e-20,7.216e-23,1.676e+1,6.691e+2,2.759e+0,9.016e-9,,8.736e+0,1.951e+2,,1.077e+2,6.730e-19,,8.360e-20,1.876e-16,,1.357e+0,,1.248e+1,,2.043e-13,,3.270e-2,1.253e-17,2.714e-17,,1.316e-10,9.183e-17
417.55,1.187e+3,8.288e-21,1.751e-25,1.908e-27,7.110e-16,6.622e-36,,1.896e-2,4.656e-22,,4.063e-15,5.195e-21,9.799e-24,1.050e-17,1.345e-17,2.652e-29,8.554e-21,1.432e-8,,1.000e-17,1.034e-20,1.093e-18,7.208e-2,8.062e+1,1.606e-13,2.179e-3,1.634e-19,1.704e-1,2.355e-23,5.360e+1,1.653e-20,1.064e-10,6.250e-20,7.217e-23,1.619e+1,7.006e+2,2.766e+0,1.424e-8,,7.708e+0,2.005e+2,,1.117e+2,6.736e-19,,8.358e-20,1.879e-16,,1.254e+0,,1.189e+1,,1.191e-13,,3.880e-2,1.251e-17,2.714e-17,,8.205e-11,9.186e-17
417.58,1.236e+3,8.290e-21,1.759e-25,2.706e-27,7.372e-16,6.636e-36,,1.439e-2,4.658e-22,,4.063e-15,5.190e-21,4.181e-24,1.050e-17,3.046e-17,2.676e-29,8.553e-21,2.023e-8,,1.007e-17,1.037e-20,1.105e-18,1.015e-1,7.123e+1,2.661e-13,1.558e-3,1.635e-19,1.766e-1,2.356e-23,5.657e+1,1.654e-20,9.375e-11,6.252e-20,7.219e-23,1.528e+1,7.445e+2,2.772e+0,2.807e-8,,6.365e+0,2.096e+2,,1.171e+2,6.746e-19,,8.356e-20,1.884e-16,,1.157e+0,,1.096e+1,,5.259e-14,,5.018e-2,1.248e-17,2.713e-17,,4.007e-11,9.189e-17
417.6,1.266e+3,8.292e-21,1.764e-25,3.418e-27,7.513e-16,6.646e-36,,1.191e-2,4.660e-22,,4.063e-15,5.186e-21,2.356e-24,1.050e-17,5.226e-17,2.693e-29,8.552e-21,2.534e-8,,1.012e-17,1.038e-20,1.109e-18,1.268e-1,6.522e+1,3.705e-13,1.239e-3,1.635e-19,1.800e-1,2.356e-23,5.860e+1,1.654e-20,8.644e-11,6.254e-20,7.220e-23,1.462e+1,7.711e+2,2.772e+0,4.390e-8,,5.593e+0,2.161e+2,,1.202e+2,6.752e-19,,8.354e-20,1.887e-16,,1.130e+0,,1.033e+1,,3.032e-14,,5.963e-2,1.246e-17,2.713e-17,,2.471e-11,9.191e-17
417.63,1.307e+3,8.294e-21,1.771e-25,4.835e-27,7.670e-16,6.661e-36,,8.887e-3,4.662e-22,,4.062e-15,5.180e-21,9.886e-25,1.050e-17,1.165e-16,2.717e-29,8.551e-21,3.521e-8,,1.019e-17,1.041e-20,1.111e-18,1.757e-1,5.668e+1,6.038e-13,8.708e-4,1.635e-19,1.838e-1,2.357e-23,6.176e+1,1.655e-20,7.682e-11,6.256e-20,7.221e-23,1.360e+1,8.061e+2,2.767e+0,8.520e-8,,4.609e+0,2.266e+2,,1.242e+2,6.761e-19,,8.352e-20,1.893e-16,,1.147e+0,,9.372e+0,,1.316e-14,,7.737e-2,1.243e-17,2.712e-17,,1.187e-11,9.195e-17
417.65,1.332e+3,8.295e-21,1.776e-25,6.070e-27,7.738e-16,6.670e-36,,7.273e-3,4.663e-22,,4.062e-15,5.176e-21,5.510e-25,1.050e-17,1.976e-16,2.734e-29,8.551e-21,4.361e-8,,1.024e-17,1.042e-20,1.110e-18,2.171e-1,5.134e+1,8.317e-13,6.848e-4,1.635e-19,1.855e-1,2.358e-23,6.397e+1,1.655e-20,7.116e-11,6.257e-20,7.222e-23,1.289e+1,8.258e+2,2.759e+0,1.319e-7,,4.060e+0,2.340e+2,,1.264e+2,6.767e-19,,8.350e-20,1.896e-16,,1.196e+0,,8.735e+0,,7.507e-15,,9.215e-2,1.241e-17,2.712e-17,,7.240e-12,9.197e-17
417.68,1.362e+3,8.297e-21,1.784e-25,8.479e-27,7.783e-16,6.685e-36,,5.339e-3,4.665e-22,,4.061e-15,5.171e-21,2.274e-25,1.050e-17,4.333e-16,2.758e-29,8.550e-21,5.962e-8,,1.031e-17,1.045e-20,1.105e-18,2.958e-1,4.389e+1,1.334e-12,4.736e-4,1.636e-19,1.868e-1,2.359e-23,6.746e+1,1.656e-20,6.360e-11,6.259e-20,7.223e-23,1.181e+1,8.492e+2,2.740e+0,2.518e-7,,3.388e+0,2.454e+2,,1.288e+2,6.777e-19,,8.347e-20,4.758e-16,,1.327e+0,,7.796e+0,,3.206e-15,,1.200e-1,1.238e-17,2.711e-17,,3.420e-12,9.200e-17
417.7,1.379e+3,8.298e-21,1.789e-25,1.054e-26,7.776e-16,6.694e-36,,4.322e-3,4.667e-22,,4.061e-15,5.167e-21,1.253e-25,1.050e-17,7.274e-16,2.775e-29,8.549e-21,7.304e-8,,1.036e-17,1.046e-20,1.101e-18,3.617e-1,3.932e+1,1.817e-12,3.683e-4,1.636e-19,1.867e-1,2.359e-23,6.993e+1,1.657e-20,5.908e-11,6.260e-20,7.224e-23,1.109e+1,8.605e+2,2.722e+0,3.854e-7,,3.033e+0,2.530e+2,,1.297e+2,6.783e-19,,8.346e-20,8.739e-16,,1.455e+0,,7.187e+0,,1.808e-15,,1.432e-1,1.236e-17,2.711e-17,,2.063e-12,9.203e-17
417.72,1.391e+3,8.299e-21,1.794e-25,1.305e-26,7.741e-16,6.704e-36,,3.482e-3,4.668e-22,,4.061e-15,5.163e-21,6.878e-26,1.050e-17,1.216e-15,2.791e-29,8.548e-21,8.910e-8,,1.040e-17,1.048e-20,1.097e-18,4.402e-1,3.507e+1,2.465e-12,2.852e-4,1.636e-19,1.860e-1,2.360e-23,7.252e+1,1.657e-20,5.493e-11,6.262e-20,7.225e-23,1.036e+1,8.680e+2,2.701e+0,5.875e-7,,2.748e+0,2.606e+2,,1.302e+2,6.789e-19,,8.344e-20,1.598e-15,,1.615e+0,,6.596e+0,,1.015e-15,,1.710e-1,1.234e-17,2.711e-17,,1.239e-12,9.205e-17
417.75,1.403e+3,8.301e-21,1.801e-25,1.784e-26,7.639e-16,6.719e-36,,2.498e-3,4.670e-22,,4.060e-15,5.157e-21,2.773e-26,1.050e-17,2.606e-15,2.816e-29,8.547e-21,1.191e-7,,1.047e-17,1.050e-20,1.092e-18,5.863e-1,2.930e+1,3.862e-12,1.927e-4,1.636e-19,1.838e-1,2.361e-23,7.669e+1,1.658e-20,4.928e-11,6.264e-20,7.226e-23,9.291e+0,8.723e+2,2.661e+0,1.096e-6,,2.446e+0,2.715e+2,,1.301e+2,6.798e-19,,8.341e-20,3.921e-15,,1.922e+0,,5.753e+0,,4.234e-16,,2.233e-1,1.231e-17,2.710e-17,,5.718e-13,9.208e-17
417.77,1.406e+3,8.303e-21,1.806e-25,2.185e-26,7.540e-16,6.728e-36,,1.991e-3,4.672e-22,,4.060e-15,5.154e-21,1.505e-26,1.050e-17,4.309e-15,2.832e-29,8.546e-21,1.436e-7,,1.052e-17,1.052e-20,1.091e-18,7.058e-1,2.585e+1,5.183e-12,1.476e-4,1.637e-19,1.816e-1,2.362e-23,7.965e+1,1.658e-20,4.587e-11,6.265e-20,7.227e-23,8.594e+0,8.704e+2,2.630e+0,1.653e-6,,2.324e+0,2.784e+2,,1.294e+2,6.805e-19,,8.340e-20,7.093e-15,,2.172e+0,,5.223e+0,,2.351e-16,,2.668e-1,1.229e-17,2.710e-17,,3.396e-13,9.211e-17
417.8,1.402e+3,8.305e-21,1.814e-25,2.938e-26,7.354e-16,6.743e-36,,1.405e-3,4.674e-22,,4.060e-15,5.148e-21,5.968e-27,1.050e-17,9.087e-15,2.857e-29,8.545e-21,1.888e-7,,1.059e-17,1.054e-20,1.094e-18,9.247e-1,2.124e+1,7.990e-12,9.810e-5,1.637e-19,1.772e-1,2.362e-23,8.440e+1,1.659e-20,4.123e-11,6.267e-20,7.229e-23,7.584e+0,8.605e+2,2.579e+0,3.036e-6,,2.255e+0,2.877e+2,,1.274e+2,6.814e-19,,8.337e-20,1.712e-14,,2.620e+0,,4.481e+0,,9.645e-17,,3.483e-1,1.226e-17,2.709e-17,,1.542e-13,9.214e-17
417.82,1.395e+3,8.306e-21,1.819e-25,3.561e-26,7.209e-16,6.752e-36,,1.108e-3,4.675e-22,,4.059e-15,5.144e-21,2.008e-27,1.050e-17,1.486e-14,2.873e-29,8.545e-21,2.253e-7,,1.064e-17,1.056e-20,1.099e-18,1.101e+0,1.854e+1,1.061e-11,7.430e-5,1.637e-19,1.737e-1,2.363e-23,8.777e+1,1.660e-20,3.843e-11,6.269e-20,7.229e-23,6.940e+0,8.492e+2,2.542e+0,4.528e-6,,2.282e+0,2.930e+2,,1.255e+2,6.820e-19,,8.336e-20,3.064e-14,,2.971e+0,,4.023e+0,,5.296e-17,,4.156e-1,1.224e-17,2.709e-17,,9.055e-14,9.216e-17
417.85,1.376e+3,8.308e-21,1.826e-25,4.711e-26,6.968e-16,6.767e-36,,7.687e-4,4.677e-22,,4.059e-15,5.138e-21,2.004e-27,1.050e-17,3.084e-14,2.898e-29,8.544e-21,2.914e-7,,1.071e-17,1.058e-20,1.116e-18,1.419e+0,1.498e+1,1.609e-11,4.858e-5,1.637e-19,1.676e-1,2.364e-23,9.313e+1,1.660e-20,3.464e-11,6.271e-20,7.231e-23,6.027e+0,8.258e+2,2.484e+0,8.180e-6,,2.433e+0,2.997e+2,,1.219e+2,6.830e-19,,8.333e-20,7.277e-14,,3.581e+0,,3.395e+0,,2.137e-17,,5.407e-1,1.221e-17,2.708e-17,,4.042e-14,9.220e-17
417.87,1.358e+3,8.309e-21,1.831e-25,5.646e-26,6.796e-16,6.777e-36,,5.993e-4,4.679e-22,,4.059e-15,5.135e-21,2.001e-27,1.050e-17,4.989e-14,2.914e-29,8.543e-21,3.440e-7,,1.076e-17,1.059e-20,1.133e-18,1.672e+0,1.293e+1,2.112e-11,3.639e-5,1.638e-19,1.632e-1,2.365e-23,9.691e+1,1.661e-20,3.238e-11,6.272e-20,7.232e-23,5.457e+0,8.061e+2,2.446e+0,1.207e-5,,2.606e+0,3.030e+2,,1.190e+2,6.836e-19,,8.331e-20,1.288e-13,,4.046e+0,,3.016e+0,,1.160e-17,,6.434e-1,1.219e-17,2.708e-17,,2.348e-14,9.222e-17
417.9,1.325e+3,8.311e-21,1.839e-25,7.349e-26,6.534e-16,6.791e-36,,4.091e-4,4.681e-22,,4.058e-15,5.129e-21,1.997e-27,1.050e-17,1.019e-13,2.939e-29,8.542e-21,4.376e-7,,1.083e-17,1.062e-20,1.168e-18,2.120e+0,1.028e+1,3.151e-11,2.340e-5,1.638e-19,1.560e-1,2.365e-23,1.028e+2,1.662e-20,2.936e-11,6.274e-20,7.233e-23,4.663e+0,7.711e+2,2.393e+0,2.145e-5,,2.975e+0,3.061e+2,,1.139e+2,6.845e-19,,8.329e-20,3.010e-13,,4.837e+0,,2.503e+0,,4.605e-18,,8.322e-1,1.216e-17,2.707e-17,,1.031e-14,9.225e-17
417.92,1.298e+3,8.313e-21,1.844e-25,8.712e-26,6.361e-16,6.801e-36,,3.155e-4,4.682e-22,,4.058e-15,5.125e-21,1.995e-27,1.050e-17,1.630e-13,2.955e-29,8.541e-21,5.110e-7,,1.087e-17,1.063e-20,1.199e-18,2.470e+0,8.778e+0,4.093e-11,1.734e-5,1.638e-19,1.509e-1,2.366e-23,1.070e+2,1.662e-20,2.759e-11,6.276e-20,7.234e-23,4.177e+0,7.445e+2,2.362e+0,3.130e-5,,3.295e+0,3.068e+2,,1.102e+2,6.851e-19,,8.327e-20,5.272e-13,,5.430e+0,,2.199e+0,,2.473e-18,,9.854e-1,1.214e-17,2.707e-17,,5.923e-15,9.227e-17
417.95,1.253e+3,8.315e-21,1.851e-25,1.116e-25,6.114e-16,6.815e-36,,2.119e-4,4.684e-22,,4.058e-15,5.120e-21,1.991e-27,1.050e-17,3.275e-13,2.980e-29,8.540e-21,6.395e-7,,1.094e-17,1.066e-20,1.257e-18,3.081e+0,6.866e+0,6.008e-11,1.097e-5,1.638e-19,1.431e-1,2.367e-23,1.134e+2,1.663e-20,2.528e-11,6.278e-20,7.235e-23,3.512e+0,7.006e+2,2.328e+0,5.474e-5,,3.890e+0,3.059e+2,,1.041e+2,6.861e-19,,8.325e-20,1.212e-12,,6.421e+0,,1.796e+0,,2.472e-18,,1.264e+0,1.211e-17,2.706e-17,,2.558e-15,9.231e-17
417.97,1.220e+3,8.316e-21,1.856e-25,1.308e-25,5.963e-16,6.825e-36,,1.616e-4,4.686e-22,,4.057e-15,5.116e-21,1.988e-27,1.050e-17,5.185e-13,2.996e-29,8.539e-21,7.386e-7,,1.099e-17,1.067e-20,1.303e-18,3.551e+0,5.797e+0,7.719e-11,8.036e-6,1.639e-19,1.378e-1,2.368e-23,1.178e+2,1.664e-20,2.398e-11,6.279e-20,7.236e-23,3.111e+0,6.691e+2,2.315e+0,7.902e-5,,4.366e+0,3.039e+2,,9.970e+1,6.867e-19,,8.323e-20,2.100e-12,,7.152e+0,,1.560e+0,,2.471e-18,,1.487e+0,1.209e-17,2.706e-17,,1.453e-15,9.233e-17
418,1.166e+3,8.318e-21,1.864e-25,1.648e-25,5.764e-16,6.840e-36,,1.067e-4,4.688e-22,,4.057e-15,5.110e-21,1.984e-27,1.050e-17,1.025e-12,3.021e-29,8.538e-21,9.093e-7,,1.106e-17,1.070e-20,1.384e-18,4.358e+0,4.460e+0,1.115e-10,4.999e-6,1.639e-19,1.300e-1,2.368e-23,1.245e+2,1.664e-20,2.234e-11,6.281e-20,7.238e-23,2.574e+0,6.193e+2,2.315e+0,1.359e-4,,5.201e+0,2.988e+2,,9.286e+1,6.876e-19,,8.320e-20,4.750e-12,,8.357e+0,,1.253e+0,,2.470e-18,,1.888e+0,1.206e-17,2.705e-17,,6.172e-16,9.237e-17
418.02,1.128e+3,8.319e-21,1.869e-25,1.911e-25,5.655e-16,6.849e-36,,8.049e-5,4.689e-22,,4.057e-15,5.106e-21,1.981e-27,1.050e-17,1.605e-12,3.037e-29,8.538e-21,1.039e-6,,1.111e-17,1.071e-20,1.446e-18,4.967e+0,3.725e+0,1.417e-10,3.623e-6,1.639e-19,1.248e-1,2.369e-23,1.291e+2,1.665e-20,2.145e-11,6.283e-20,7.239e-23,2.256e+0,5.850e+2,2.332e+0,1.941e-4,,5.841e+0,2.941e+2,,8.815e+1,6.882e-19,,8.319e-20,8.141e-12,,9.234e+0,,1.077e+0,,2.469e-18,,2.205e+0,1.204e-17,2.705e-17,,3.468e-16,9.239e-17
418.05,1.069e+3,8.321e-21,1.876e-25,2.369e-25,5.533e-16,6.864e-36,,5.230e-5,4.692e-22,,4.056e-15,5.101e-21,1.977e-27,1.050e-17,3.120e-12,3.062e-29,8.537e-21,1.258e-6,,1.118e-17,1.074e-20,1.549e-18,5.997e+0,2.819e+0,2.013e-10,2.217e-6,1.639e-19,1.171e-1,2.370e-23,1.361e+2,1.666e-20,2.041e-11,6.285e-20,7.240e-23,1.835e+0,5.327e+2,2.386e+0,3.286e-4,,6.929e+0,2.852e+2,,8.098e+1,6.892e-19,,8.316e-20,1.812e-11,,1.066e+1,,8.508e-1,,2.468e-18,,2.766e+0,1.201e-17,2.705e-17,,1.449e-16,9.242e-17
418.07,1.029e+3,8.323e-21,1.881e-25,2.718e-25,5.482e-16,6.873e-36,,3.901e-5,4.693e-22,,4.056e-15,5.097e-21,1.975e-27,1.050e-17,4.835e-12,3.078e-29,8.536e-21,1.422e-6,,1.123e-17,1.075e-20,1.623e-18,6.762e+0,2.328e+0,2.530e-10,1.589e-6,1.640e-19,1.123e-1,2.371e-23,1.408e+2,1.666e-20,1.990e-11,6.286e-20,7.241e-23,1.591e+0,4.977e+2,2.445e+0,4.642e-4,,7.741e+0,2.781e+2,,7.617e+1,6.898e-19,,8.315e-20,3.072e-11,,1.168e+1,,7.231e-1,,2.467e-18,,3.203e+0,1.199e-17,2.704e-17,,8.049e-17,9.244e-17
418.1,9.695e+2,8.325e-21,1.889e-25,3.313e-25,5.453e-16,6.888e-36,,2.493e-5,4.695e-22,,4.055e-15,5.091e-21,1.971e-27,1.049e-17,9.249e-12,3.103e-29,8.535e-21,1.694e-6,,1.130e-17,1.078e-20,1.742e-18,8.030e+0,1.733e+0,3.536e-10,9.565e-7,1.640e-19,1.052e-1,2.371e-23,1.479e+2,1.667e-20,1.938e-11,6.288e-20,7.242e-23,1.274e+0,4.458e+2,2.572e+0,7.730e-4,,9.090e+0,2.661e+2,,6.901e+1,6.907e-19,,8.312e-20,6.727e-11,,1.332e+1,,5.620e-1,,2.466e-18,,3.965e+0,1.196e-17,2.704e-17,,3.307e-17,9.248e-17
418.12,9.301e+2,8.326e-21,1.894e-25,3.760e-25,5.468e-16,6.898e-36,,1.840e-5,4.696e-22,,4.055e-15,5.087e-21,1.968e-27,1.049e-17,1.418e-11,3.119e-29,8.534e-21,1.894e-6,,1.134e-17,1.079e-20,1.825e-18,8.957e+0,1.416e+0,4.397e-10,6.781e-7,1.640e-19,1.008e-1,2.372e-23,1.527e+2,1.667e-20,1.917e-11,6.290e-20,7.243e-23,1.092e+0,4.119e+2,2.685e+0,1.080e-3,,1.008e+1,2.573e+2,,6.432e+1,6.913e-19,,8.310e-20,1.128e-10,,1.448e+1,,4.725e-1,,2.465e-18,,4.550e+0,1.194e-17,2.703e-17,,1.817e-17,9.250e-17
418.14,8.916e+2,8.327e-21,1.899e-25,4.249e-25,5.508e-16,6.907e-36,,1.351e-5,4.698e-22,,4.055e-15,5.084e-21,1.965e-27,1.049e-17,2.163e-11,3.135e-29,8.533e-21,2.107e-6,,1.139e-17,1.081e-20,1.910e-18,9.946e+0,1.152e+0,5.443e-10,4.786e-7,1.640e-19,9.657e-2,2.373e-23,1.575e+2,1.668e-20,1.907e-11,6.291e-20,7.244e-23,9.323e-1,3.790e+2,2.822e+0,1.503e-3,,1.113e+1,2.481e+2,,5.973e+1,6.919e-19,,8.309e-20,1.884e-10,,1.569e+1,,3.954e-1,,2.464e-18,,5.202e+0,1.192e-17,2.703e-17,,9.943e-18,9.252e-17
418.17,8.364e+2,8.329e-21,1.906e-25,5.062e-25,5.618e-16,6.922e-36,,8.438e-6,4.700e-22,,4.054e-15,5.078e-21,1.961e-27,1.049e-17,4.045e-11,3.160e-29,8.532e-21,2.454e-6,,1.146e-17,1.083e-20,2.039e-18,1.154e+1,8.377e-1,7.436e-10,2.815e-7,1.641e-19,9.066e-2,2.374e-23,1.647e+2,1.669e-20,1.909e-11,6.293e-20,7.245e-23,7.294e-1,3.317e+2,3.077e+0,2.446e-3,,1.283e+1,2.335e+2,,5.309e+1,6.929e-19,,8.306e-20,4.033e-10,,1.759e+1,,3.003e-1,,2.463e-18,,6.312e+0,1.189e-17,2.702e-17,,3.991e-18,9.256e-17
418.19,8.016e+2,8.331e-21,1.911e-25,5.658e-25,5.721e-16,6.931e-36,,6.131e-6,4.701e-22,,4.054e-15,5.074e-21,1.959e-27,1.049e-17,6.107e-11,3.176e-29,8.532e-21,2.701e-6,,1.151e-17,1.085e-20,2.124e-18,1.268e+1,6.739e-1,9.105e-10,1.965e-7,1.641e-19,8.701e-2,2.374e-23,1.696e+2,1.669e-20,1.920e-11,6.295e-20,7.246e-23,6.159e-1,3.019e+2,3.281e+0,3.366e-3,,1.404e+1,2.236e+2,,4.885e+1,6.935e-19,,8.304e-20,6.663e-10,,1.891e+1,,2.486e-1,,2.462e-18,,7.145e+0,1.187e-17,2.702e-17,,2.159e-18,9.258e-17
418.22,7.533e+2,8.333e-21,1.919e-25,6.632e-25,5.917e-16,6.946e-36,,3.765e-6,4.704e-22,,4.054e-15,5.068e-21,1.955e-27,1.049e-17,1.124e-10,3.201e-29,8.531e-21,3.095e-6,,1.158e-17,1.087e-20,2.248e-18,1.448e+1,4.822e-1,1.224e-9,1.137e-7,1.641e-19,8.200e-2,2.375e-23,1.769e+2,1.670e-20,1.948e-11,6.297e-20,7.248e-23,4.740e-1,2.599e+2,3.640e+0,5.391e-3,,1.597e+1,2.088e+2,,4.283e+1,6.944e-19,,8.302e-20,1.403e-9,,2.095e+1,,1.857e-1,,2.461e-18,,8.541e+0,1.184e-17,2.701e-17,,8.524e-19,9.261e-17
418.24,7.240e+2,8.334e-21,1.924e-25,7.332e-25,6.072e-16,6.956e-36,,2.706e-6,4.705e-22,,4.053e-15,5.065e-21,1.952e-27,1.049e-17,1.678e-10,3.217e-29,8.530e-21,3.370e-6,,1.162e-17,1.089e-20,2.326e-18,1.573e+1,3.837e-1,1.482e-9,7.848e-8,1.641e-19,7.897e-2,2.376e-23,1.819e+2,1.670e-20,1.972e-11,6.298e-20,7.248e-23,3.958e-1,2.340e+2,3.914e+0,7.339e-3,,1.731e+1,1.991e+2,,3.905e+1,6.950e-19,,8.300e-20,2.293e-9,,2.234e+1,,1.521e-1,,2.460e-18,,9.570e+0,1.182e-17,2.701e-17,,8.509e-19,9.264e-17
418.27,6.847e+2,8.336e-21,1.931e-25,8.454e-25,6.331e-16,6.970e-36,,1.635e-6,4.707e-22,,4.053e-15,5.059e-21,1.948e-27,1.049e-17,3.038e-10,3.242e-29,8.529e-21,3.797e-6,,1.170e-17,1.091e-20,2.434e-18,1.767e+1,2.700e-1,1.960e-9,4.466e-8,1.642e-19,7.490e-2,2.377e-23,1.895e+2,1.671e-20,2.013e-11,6.300e-20,7.250e-23,2.997e-1,1.982e+2,4.378e+0,1.156e-2,,1.941e+1,1.853e+2,,3.376e+1,6.960e-19,,8.298e-20,4.752e-9,,2.446e+1,,1.117e-1,,2.459e-18,,1.127e+1,1.179e-17,2.701e-17,,8.486e-19,9.267e-17
418.29,6.619e+2,8.337e-21,1.936e-25,9.246e-25,6.518e-16,6.980e-36,,1.162e-6,4.708e-22,,4.053e-15,5.055e-21,1.945e-27,1.049e-17,4.488e-10,3.258e-29,8.528e-21,4.090e-6,,1.174e-17,1.092e-20,2.498e-18,1.899e+1,2.125e-1,2.348e-9,3.050e-8,1.642e-19,7.251e-2,2.377e-23,1.947e+2,1.672e-20,2.043e-11,6.301e-20,7.251e-23,2.475e-1,1.764e+2,4.721e+0,1.557e-2,,2.085e+1,1.767e+2,,3.051e+1,6.966e-19,,8.296e-20,7.682e-9,,2.588e+1,,9.050e-2,,2.458e-18,,1.249e+1,1.177e-17,2.700e-17,,8.471e-19,9.269e-17
418.32,6.330e+2,8.339e-21,1.944e-25,1.049e-24,6.809e-16,6.994e-36,,6.904e-7,4.711e-22,,4.052e-15,5.049e-21,1.941e-27,1.049e-17,7.993e-10,3.283e-29,8.527e-21,4.535e-6,,1.181e-17,1.095e-20,2.579e-18,2.099e+1,1.471e-1,3.055e-9,1.707e-8,1.642e-19,6.944e-2,2.378e-23,2.027e+2,1.672e-20,2.089e-11,6.304e-20,7.252e-23,1.843e-1,1.470e+2,5.282e+0,2.414e-2,,2.305e+1,1.650e+2,,2.602e+1,6.975e-19,,8.293e-20,1.566e-8,,2.801e+1,,6.542e-2,,2.457e-18,,1.448e+1,1.174e-17,2.700e-17,,8.448e-19,9.273e-17
418.34,6.173e+2,8.341e-21,1.949e-25,1.134e-24,7.006e-16,7.004e-36,,4.853e-7,4.712e-22,,4.052e-15,5.046e-21,1.939e-27,1.049e-17,1.168e-9,3.299e-29,8.526e-21,4.831e-6,,1.186e-17,1.096e-20,2.623e-18,2.231e+1,1.145e-1,3.621e-9,1.154e-8,1.642e-19,6.773e-2,2.379e-23,2.081e+2,1.673e-20,2.118e-11,6.305e-20,7.253e-23,1.506e-1,1.295e+2,5.684e+0,3.215e-2,,2.453e+1,1.582e+2,,2.329e+1,6.982e-19,,8.292e-20,2.505e-8,,2.941e+1,,5.240e-2,,2.456e-18,,1.589e+1,1.172e-17,2.699e-17,,8.433e-19,9.275e-17
418.37,5.991e+2,8.343e-21,1.956e-25,1.266e-24,7.293e-16,7.018e-36,,2.836e-7,4.714e-22,,4.051e-15,5.040e-21,1.935e-27,1.049e-17,2.047e-9,3.324e-29,8.525e-21,5.269e-6,,1.193e-17,1.099e-20,2.670e-18,2.425e+1,7.799e-2,4.634e-9,6.367e-9,1.643e-19,6.570e-2,2.380e-23,2.165e+2,1.674e-20,2.158e-11,6.307e-20,7.254e-23,1.103e-1,1.061e+2,6.324e+0,4.903e-2,,2.675e+1,1.497e+2,,1.959e+1,6.991e-19,,8.289e-20,5.025e-8,,3.147e+1,,3.726e-2,,2.455e-18,,1.812e+1,1.169e-17,2.699e-17,,8.410e-19,9.278e-17
418.39,5.904e+2,8.344e-21,1.961e-25,1.355e-24,7.474e-16,7.028e-36,,1.972e-7,4.716e-22,,4.051e-15,5.036e-21,1.932e-27,1.049e-17,2.959e-9,3.340e-29,8.525e-21,5.552e-6,,1.198e-17,1.100e-20,2.688e-18,2.550e+1,6.004e-2,5.432e-9,4.273e-9,1.643e-19,6.471e-2,2.380e-23,2.221e+2,1.674e-20,2.182e-11,6.308e-20,7.255e-23,8.916e-2,9.241e+1,6.770e+0,6.461e-2,,2.822e+1,1.452e+2,,1.738e+1,6.997e-19,,8.288e-20,7.950e-8,,3.279e+1,,2.952e-2,,2.454e-18,,1.967e+1,1.167e-17,2.698e-17,,8.395e-19,9.281e-17
418.42,5.824e+2,8.346e-21,1.969e-25,1.487e-24,7.720e-16,7.043e-36,,1.134e-7,4.718e-22,,4.051e-15,5.031e-21,1.928e-27,1.049e-17,5.102e-9,3.365e-29,8.524e-21,5.957e-6,,1.205e-17,1.103e-20,2.695e-18,2.727e+1,4.022e-2,6.839e-9,2.364e-9,1.643e-19,6.380e-2,2.381e-23,2.308e+2,1.675e-20,2.211e-11,6.310e-20,7.257e-23,6.424e-2,7.451e+1,7.460e+0,9.694e-2,,3.036e+1,1.405e+2,,1.442e+1,7.006e-19,,8.285e-20,1.569e-7,,3.468e+1,,2.064e-2,,2.453e-18,,2.208e+1,1.164e-17,2.698e-17,,8.372e-19,9.284e-17
418.44,5.801e+2,8.347e-21,1.974e-25,1.574e-24,7.862e-16,7.052e-36,,7.796e-8,4.719e-22,,4.050e-15,5.027e-21,1.925e-27,1.049e-17,7.296e-9,3.381e-29,8.523e-21,6.210e-6,,1.209e-17,1.104e-20,2.686e-18,2.837e+1,3.062e-2,7.931e-9,1.623e-9,1.643e-19,6.358e-2,2.382e-23,2.367e+2,1.675e-20,2.226e-11,6.312e-20,7.258e-23,5.135e-2,6.419e+1,7.926e+0,1.264e-1,,3.175e+1,1.387e+2,,1.267e+1,7.013e-19,,8.283e-20,2.456e-7,,3.586e+1,,1.618e-2,,2.452e-18,,2.372e+1,1.162e-17,2.697e-17,,8.357e-19,9.286e-17
418.47,5.811e+2,8.349e-21,1.981e-25,1.700e-24,8.033e-16,7.067e-36,,4.408e-8,4.721e-22,,4.050e-15,5.021e-21,1.921e-27,1.049e-17,1.238e-8,3.406e-29,8.522e-21,6.554e-6,,1.216e-17,1.107e-20,2.652e-18,2.984e+1,2.018e-2,9.824e-9,1.012e-9,1.644e-19,6.384e-2,2.383e-23,2.455e+2,1.676e-20,2.239e-11,6.314e-20,7.259e-23,3.640e-2,5.090e+1,8.626e+0,1.865e-1,,3.374e+1,1.381e+2,,1.037e+1,7.022e-19,,8.281e-20,4.769e-7,,3.750e+1,,1.113e-2,,2.451e-18,,2.620e+1,1.159e-17,2.697e-17,,8.334e-19,9.290e-17
418.49,5.844e+2,8.350e-21,1.986e-25,1.779e-24,8.116e-16,7.076e-36,,2.998e-8,4.723e-22,,4.050e-15,5.017e-21,1.919e-27,1.049e-17,1.751e-8,3.422e-29,8.521e-21,6.758e-6,,1.221e-17,1.108e-20,2.616e-18,3.070e+1,1.520e-2,1.127e-8,8.407e-10,1.644e-19,6.443e-2,2.383e-23,2.514e+2,1.677e-20,2.243e-11,6.315e-20,7.260e-23,2.877e-2,4.338e+1,9.086e+0,2.405e-1,,3.499e+1,1.391e+2,,9.032e+0,7.028e-19,,8.279e-20,7.383e-7,,3.849e+1,,8.626e-3,,2.450e-18,,2.784e+1,1.157e-17,2.697e-17,,8.319e-19,9.292e-17
418.51,5.895e+2,8.352e-21,1.991e-25,1.855e-24,8.171e-16,7.086e-36,,2.030e-8,4.724e-22,,4.049e-15,5.013e-21,1.916e-27,1.049e-17,2.466e-8,3.439e-29,8.520e-21,6.937e-6,,1.226e-17,1.110e-20,2.569e-18,3.145e+1,1.139e-2,1.287e-8,8.208e-10,1.644e-19,6.534e-2,2.384e-23,2.572e+2,1.677e-20,2.242e-11,6.317e-20,7.261e-23,2.265e-2,3.680e+1,9.533e+0,3.088e-1,,3.618e+1,1.412e+2,,7.836e+0,7.034e-19,,8.277e-20,1.138e-6,,3.939e+1,,6.656e-3,,2.449e-18,,2.946e+1,1.155e-17,2.696e-17,,8.304e-19,9.294e-17
418.54,6.000e+2,8.354e-21,1.999e-25,1.958e-24,8.198e-16,7.101e-36,,1.122e-8,4.726e-22,,4.049e-15,5.008e-21,1.912e-27,1.049e-17,4.090e-8,3.463e-29,8.519e-21,7.156e-6,,1.233e-17,1.112e-20,2.480e-18,3.234e+1,7.337e-3,1.558e-8,1.071e-9,1.644e-19,6.732e-2,2.385e-23,2.657e+2,1.678e-20,2.232e-11,6.319e-20,7.262e-23,1.569e-2,2.852e+1,1.017e+1,4.455e-1,,3.783e+1,1.463e+2,,6.288e+0,7.044e-19,,8.275e-20,2.160e-6,,4.055e+1,,4.475e-3,,2.448e-18,,3.180e+1,1.152e-17,2.696e-17,,8.281e-19,9.298e-17
418.56,6.087e+2,8.355e-21,2.004e-25,2.018e-24,8.177e-16,7.110e-36,,7.512e-9,4.728e-22,,4.049e-15,5.004e-21,1.909e-27,1.049e-17,5.699e-8,3.480e-29,8.519e-21,7.267e-6,,1.238e-17,1.114e-20,2.410e-18,3.276e+1,5.441e-3,1.760e-8,1.461e-9,1.644e-19,6.904e-2,2.385e-23,2.711e+2,1.678e-20,2.220e-11,6.320e-20,7.263e-23,1.221e-2,2.393e+1,1.057e+1,5.657e-1,,3.884e+1,1.509e+2,,5.405e+0,7.050e-19,,8.273e-20,3.294e-6,,4.119e+1,,3.415e-3,,2.447e-18,,3.329e+1,1.150e-17,2.695e-17,,8.266e-19,9.300e-17
418.59,6.235e+2,8.357e-21,2.011e-25,2.096e-24,8.085e-16,7.125e-36,,4.083e-9,4.730e-22,,4.048e-15,4.998e-21,1.905e-27,1.049e-17,9.297e-8,3.504e-29,8.518e-21,7.374e-6,,1.245e-17,1.116e-20,2.289e-18,3.314e+1,3.446e-3,2.096e-8,2.533e-9,1.645e-19,7.218e-2,2.386e-23,2.788e+2,1.679e-20,2.195e-11,6.322e-20,7.264e-23,8.321e-3,1.825e+1,1.111e+1,8.031e-1,,4.021e+1,1.595e+2,,4.277e+0,7.059e-19,,8.271e-20,6.153e-6,,4.195e+1,,2.258e-3,,2.446e-18,,3.536e+1,1.147e-17,2.695e-17,,8.243e-19,9.303e-17
418.61,6.343e+2,8.358e-21,2.016e-25,2.137e-24,7.985e-16,7.135e-36,,2.704e-9,4.731e-22,,4.048e-15,4.995e-21,1.902e-27,1.049e-17,1.282e-7,3.521e-29,8.517e-21,7.407e-6,,1.249e-17,1.118e-20,2.200e-18,3.321e+1,2.528e-3,2.343e-8,3.730e-9,1.645e-19,7.463e-2,2.387e-23,2.836e+2,1.680e-20,2.173e-11,6.324e-20,7.265e-23,6.408e-3,1.514e+1,1.142e+1,1.009e+0,,4.103e+1,1.663e+2,,3.642e+0,7.065e-19,,8.269e-20,9.282e-6,,4.232e+1,,1.705e-3,,2.445e-18,,3.661e+1,1.145e-17,2.694e-17,,8.227e-19,9.306e-17
418.64,6.512e+2,8.360e-21,2.024e-25,2.183e-24,7.776e-16,7.149e-36,,1.446e-9,4.733e-22,,4.048e-15,4.989e-21,1.898e-27,1.049e-17,2.057e-7,3.545e-29,8.516e-21,7.395e-6,,1.256e-17,1.120e-20,2.057e-18,3.305e+1,1.575e-3,2.745e-8,6.697e-9,1.645e-19,7.879e-2,2.388e-23,2.899e+2,1.680e-20,2.134e-11,6.326e-20,7.267e-23,4.294e-3,1.136e+1,1.182e+1,1.409e+0,,4.214e+1,1.776e+2,,2.842e+0,7.075e-19,,8.267e-20,1.706e-5,,4.267e+1,,1.109e-3,,2.444e-18,,3.826e+1,1.142e-17,2.694e-17,,8.205e-19,9.309e-17
418.66,6.625e+2,8.362e-21,2.029e-25,2.203e-24,7.600e-16,7.159e-36,,9.470e-10,4.735e-22,,4.047e-15,4.985e-21,1.896e-27,1.049e-17,2.805e-7,3.562e-29,8.515e-21,7.346e-6,,1.261e-17,1.122e-20,1.956e-18,3.276e+1,1.143e-3,3.034e-8,9.871e-9,1.645e-19,8.184e-2,2.388e-23,2.936e+2,1.681e-20,2.105e-11,6.327e-20,7.268e-23,3.271e-3,9.324e+0,1.203e+1,1.751e+0,,4.279e+1,1.858e+2,,2.397e+0,7.081e-19,,8.265e-20,2.546e-5,,4.276e+1,,8.280e-4,,2.443e-18,,3.918e+1,1.140e-17,2.693e-17,,8.189e-19,9.311e-17
418.69,6.793e+2,8.364e-21,2.036e-25,2.213e-24,7.287e-16,7.173e-36,,4.980e-10,4.737e-22,,4.047e-15,4.979e-21,1.892e-27,1.049e-17,4.430e-7,3.586e-29,8.514e-21,7.215e-6,,1.268e-17,1.124e-20,1.799e-18,3.207e+1,7.002e-4,3.498e-8,1.755e-8,1.646e-19,8.675e-2,2.389e-23,2.983e+2,1.682e-20,2.057e-11,6.329e-20,7.269e-23,2.156e-3,6.878e+0,1.225e+1,2.406e+0,,4.368e+1,1.988e+2,,1.844e+0,7.090e-19,,8.262e-20,4.603e-5,,4.270e+1,,5.298e-4,,2.442e-18,,4.028e+1,1.137e-17,2.693e-17,,8.167e-19,9.315e-17
418.71,6.900e+2,8.365e-21,2.041e-25,2.209e-24,7.048e-16,7.183e-36,,3.226e-10,4.738e-22,,4.047e-15,4.976e-21,1.889e-27,1.049e-17,5.976e-7,3.603e-29,8.513e-21,7.090e-6,,1.273e-17,1.125e-20,1.692e-18,3.145e+1,5.024e-4,3.824e-8,2.563e-8,1.646e-19,9.018e-2,2.390e-23,3.006e+2,1.682e-20,2.022e-11,6.331e-20,7.270e-23,1.624e-3,5.585e+0,1.233e+1,2.957e+0,,4.423e+1,2.078e+2,,1.540e+0,7.096e-19,,8.261e-20,6.795e-5,,4.254e+1,,3.912e-4,,2.441e-18,,4.081e+1,1.135e-17,2.693e-17,,8.151e-19,9.317e-17
418.74,7.048e+2,8.367e-21,2.049e-25,2.183e-24,6.650e-16,7.197e-36,,1.669e-10,4.740e-22,,4.046e-15,4.970e-21,1.885e-27,1.049e-17,9.286e-7,3.627e-29,8.512e-21,6.851e-6,,1.280e-17,1.128e-20,1.531e-18,3.029e+1,3.029e-4,4.337e-8,4.486e-8,1.646e-19,9.547e-2,2.391e-23,3.031e+2,1.683e-20,1.968e-11,6.333e-20,7.271e-23,1.053e-3,4.053e+0,1.236e+1,3.997e+0,,4.501e+1,2.213e+2,,1.168e+0,7.106e-19,,8.258e-20,1.209e-4,,4.212e+1,,2.462e-4,,2.440e-18,,4.128e+1,1.132e-17,2.692e-17,,8.128e-19,9.320e-17
418.76,7.137e+2,8.368e-21,2.054e-25,2.155e-24,6.364e-16,7.207e-36,,1.069e-10,4.742e-22,,4.046e-15,4.966e-21,1.882e-27,1.049e-17,1.239e-6,3.644e-29,8.512e-21,6.659e-6,,1.285e-17,1.129e-20,1.424e-18,2.937e+1,2.150e-4,4.691e-8,6.481e-8,1.646e-19,9.901e-2,2.391e-23,3.040e+2,1.683e-20,1.931e-11,6.334e-20,7.272e-23,7.848e-4,3.255e+0,1.231e+1,4.860e+0,,4.552e+1,2.302e+2,,9.667e-1,7.112e-19,,8.256e-20,1.765e-4,,4.175e+1,,1.799e-4,,2.439e-18,,4.137e+1,1.130e-17,2.692e-17,,8.113e-19,9.322e-17
418.79,7.253e+2,8.370e-21,2.061e-25,2.096e-24,5.909e-16,7.222e-36,,5.440e-11,4.744e-22,,4.045e-15,4.960e-21,1.878e-27,1.049e-17,1.894e-6,3.668e-29,8.511e-21,6.329e-6,,1.292e-17,1.132e-20,1.268e-18,2.783e+1,1.275e-4,5.233e-8,1.116e-7,1.647e-19,1.042e-1,2.392e-23,3.042e+2,1.684e-20,1.874e-11,6.336e-20,7.273e-23,5.006e-4,2.324e+0,1.214e+1,6.464e+0,,4.632e+1,2.430e+2,,7.225e-1,7.121e-19,,8.254e-20,3.090e-4,,4.106e+1,,1.114e-4,,2.438e-18,,4.116e+1,1.127e-17,2.691e-17,,8.090e-19,9.326e-17
418.81,7.317e+2,8.372e-21,2.066e-25,2.046e-24,5.593e-16,7.231e-36,,3.448e-11,4.745e-22,,4.045e-15,4.957e-21,1.876e-27,1.049e-17,2.500e-6,3.685e-29,8.510e-21,6.085e-6,,1.296e-17,1.133e-20,1.166e-18,2.670e+1,8.947e-5,5.599e-8,1.595e-7,1.647e-19,1.076e-1,2.393e-23,3.036e+2,1.685e-20,1.837e-11,6.338e-20,7.274e-23,3.689e-4,1.846e+0,1.196e+1,7.775e+0,,4.689e+1,2.509e+2,,5.922e-1,7.127e-19,,8.252e-20,4.464e-4,,4.053e+1,,8.045e-5,,2.437e-18,,4.080e+1,1.125e-17,2.691e-17,,8.075e-19,9.328e-17
418.84,7.393e+2,8.374e-21,2.074e-25,1.958e-24,5.110e-16,7.246e-36,,1.725e-11,4.747e-22,,4.045e-15,4.951e-21,1.872e-27,1.049e-17,3.761e-6,3.709e-29,8.509e-21,5.690e-6,,1.303e-17,1.136e-20,1.021e-18,2.488e+1,5.218e-5,6.145e-8,2.704e-7,1.647e-19,1.122e-1,2.394e-23,3.015e+2,1.685e-20,1.782e-11,6.340e-20,7.276e-23,2.315e-4,1.296e+0,1.161e+1,1.017e+1,,4.785e+1,2.618e+2,,4.362e-1,7.137e-19,,8.250e-20,7.688e-4,,3.965e+1,,4.899e-5,,2.436e-18,,3.994e+1,1.122e-17,2.690e-17,,8.052e-19,9.332e-17
418.86,7.429e+2,8.375e-21,2.079e-25,1.891e-24,4.785e-16,7.255e-36,,1.082e-11,4.749e-22,,4.044e-15,4.947e-21,1.869e-27,1.049e-17,4.911e-6,3.726e-29,8.508e-21,5.412e-6,,1.308e-17,1.137e-20,9.298e-19,2.361e+1,3.623e-5,6.503e-8,3.823e-7,1.647e-19,1.150e-1,2.394e-23,2.995e+2,1.686e-20,1.746e-11,6.341e-20,7.277e-23,1.687e-4,1.019e+0,1.132e+1,1.210e+1,,4.857e+1,2.681e+2,,3.541e-1,7.143e-19,,8.248e-20,1.099e-3,,3.904e+1,,3.501e-5,,2.435e-18,,3.917e+1,1.120e-17,2.690e-17,,8.037e-19,9.334e-17
418.88,7.454e+2,8.376e-21,2.084e-25,1.818e-24,4.462e-16,7.265e-36,,6.750e-12,4.750e-22,,4.044e-15,4.943e-21,1.866e-27,1.049e-17,6.385e-6,3.742e-29,8.507e-21,5.124e-6,,1.313e-17,1.139e-20,8.427e-19,2.231e+1,2.504e-5,6.852e-8,5.381e-7,1.648e-19,1.175e-1,2.395e-23,2.969e+2,1.686e-20,1.712e-11,6.342e-20,7.277e-23,1.225e-4,7.968e-1,1.099e+1,1.434e+1,,4.939e+1,2.736e+2,,2.863e-1,7.149e-19,,8.246e-20,1.563e-3,,3.841e+1,,2.490e-5,,2.434e-18,,3.824e+1,1.118e-17,2.689e-17,,8.022e-19,9.336e-17
418.91,7.471e+2,8.378e-21,2.091e-25,1.700e-24,3.984e-16,7.280e-36,,3.301e-12,4.752e-22,,4.044e-15,4.938e-21,1.862e-27,1.049e-17,9.388e-6,3.767e-29,8.506e-21,4.683e-6,,1.320e-17,1.141e-20,7.212e-19,2.032e+1,1.427e-5,7.351e-8,8.915e-7,1.648e-19,1.206e-1,2.396e-23,2.922e+2,1.687e-20,1.662e-11,6.344e-20,7.279e-23,7.509e-5,5.469e-1,1.043e+1,1.834e+1,,5.080e+1,2.801e+2,,2.066e-1,7.158e-19,,8.244e-20,2.632e-3,,3.746e+1,,1.482e-5,,2.433e-18,,3.658e+1,1.115e-17,2.689e-17,,7.999e-19,9.339e-17
418.93,7.471e+2,8.380e-21,2.096e-25,1.617e-24,3.675e-16,7.289e-36,,2.037e-12,4.754e-22,,4.043e-15,4.934e-21,1.860e-27,1.049e-17,1.207e-5,3.783e-29,8.506e-21,4.386e-6,,1.324e-17,1.143e-20,6.465e-19,1.899e+1,9.758e-6,7.661e-8,1.241e-6,1.648e-19,1.222e-1,2.396e-23,2.886e+2,1.688e-20,1.632e-11,6.346e-20,7.280e-23,5.390e-5,4.232e-1,1.002e+1,2.149e+1,,5.188e+1,2.832e+2,,1.654e-1,7.165e-19,,8.242e-20,3.704e-3,,3.684e+1,,1.043e-5,,2.432e-18,,3.533e+1,1.113e-17,2.689e-17,,7.984e-19,9.342e-17
418.96,7.453e+2,8.382e-21,2.104e-25,1.487e-24,3.229e-16,7.304e-36,,9.798e-13,4.756e-22,,4.043e-15,4.928e-21,1.856e-27,1.049e-17,1.747e-5,3.808e-29,8.505e-21,3.943e-6,,1.332e-17,1.145e-20,5.443e-19,1.702e+1,5.471e-6,8.086e-8,2.024e-6,1.648e-19,1.238e-1,2.397e-23,2.827e+2,1.688e-20,1.590e-11,6.348e-20,7.281e-23,3.251e-5,2.858e-1,9.355e+0,2.704e+1,,5.373e+1,2.857e+2,,1.176e-1,7.174e-19,,8.240e-20,6.136e-3,,3.596e+1,,6.105e-6,,2.431e-18,,3.325e+1,1.110e-17,2.688e-17,,7.961e-19,9.345e-17
418.98,7.432e+2,8.383e-21,2.109e-25,1.399e-24,2.945e-16,7.313e-36,,5.982e-13,4.757e-22,,4.043e-15,4.924e-21,1.853e-27,1.049e-17,2.222e-5,3.824e-29,8.504e-21,3.653e-6,,1.336e-17,1.147e-20,4.826e-19,1.573e+1,3.699e-6,8.336e-8,2.788e-6,1.649e-19,1.242e-1,2.398e-23,2.785e+2,1.689e-20,1.564e-11,6.349e-20,7.282e-23,2.308e-5,2.188e-1,8.890e+0,3.135e+1,,5.512e+1,2.860e+2,,9.323e-2,7.180e-19,,8.238e-20,8.544e-3,,3.541e+1,,4.248e-6,,2.430e-18,,3.176e+1,1.108e-17,2.688e-17,,7.946e-19,9.347e-17
419.01,7.391e+2,8.385e-21,2.116e-25,1.266e-24,2.546e-16,7.328e-36,,2.830e-13,4.759e-22,,4.042e-15,4.919e-21,1.849e-27,1.049e-17,3.163e-5,3.849e-29,8.503e-21,3.231e-6,,1.343e-17,1.149e-20,3.997e-19,1.387e+1,2.040e-6,8.655e-8,4.471e-6,1.649e-19,1.240e-1,2.399e-23,2.720e+2,1.690e-20,1.530e-11,6.351e-20,7.283e-23,1.369e-5,1.455e-1,8.169e+0,3.880e+1,,5.746e+1,2.844e+2,,6.533e-2,7.189e-19,,8.235e-20,1.392e-2,,3.467e+1,,2.446e-6,,2.429e-18,,2.941e+1,1.105e-17,2.687e-17,,7.923e-19,9.351e-17
419.03,7.360e+2,8.386e-21,2.121e-25,1.178e-24,2.297e-16,7.338e-36,,1.709e-13,4.761e-22,,4.042e-15,4.915e-21,1.846e-27,1.049e-17,3.981e-5,3.865e-29,8.502e-21,2.961e-6,,1.348e-17,1.151e-20,3.506e-19,1.268e+1,1.364e-6,8.827e-8,6.092e-6,1.649e-19,1.233e-1,2.399e-23,2.677e+2,1.690e-20,1.510e-11,6.353e-20,7.284e-23,9.615e-6,1.103e-1,7.681e+0,4.450e+1,,5.918e+1,2.818e+2,,5.129e-2,7.196e-19,,8.234e-20,1.918e-2,,3.424e+1,,1.684e-6,,2.428e-18,,2.779e+1,1.104e-17,2.687e-17,,7.908e-19,9.353e-17
419.06,7.310e+2,8.388e-21,2.129e-25,1.049e-24,1.953e-16,7.352e-36,,7.951e-14,4.763e-22,,4.042e-15,4.909e-21,1.842e-27,1.049e-17,5.576e-5,3.890e-29,8.501e-21,2.576e-6,,1.355e-17,1.153e-20,2.857e-19,1.100e+1,7.401e-7,9.016e-8,9.613e-6,1.649e-19,1.212e-1,2.400e-23,2.615e+2,1.691e-20,1.485e-11,6.355e-20,7.286e-23,5.611e-6,7.252e-2,6.947e+0,5.419e+1,,6.198e+1,2.760e+2,,3.544e-2,7.205e-19,,8.231e-20,3.076e-2,,3.369e+1,,9.538e-7,,2.427e-18,,2.532e+1,1.101e-17,2.686e-17,,7.885e-19,9.356e-17
419.08,7.277e+2,8.390e-21,2.134e-25,9.653e-25,1.744e-16,7.362e-36,,4.748e-14,4.764e-22,,4.041e-15,4.906e-21,1.840e-27,1.049e-17,6.942e-5,3.906e-29,8.500e-21,2.335e-6,,1.360e-17,1.155e-20,2.478e-19,9.946e+0,4.896e-7,9.095e-8,1.296e-5,1.650e-19,1.193e-1,2.401e-23,2.577e+2,1.692e-20,1.472e-11,6.356e-20,7.287e-23,3.897e-6,5.475e-2,6.462e+0,6.147e+1,,6.398e+1,2.709e+2,,2.758e-2,7.211e-19,,8.229e-20,4.191e-2,,3.339e+1,,6.494e-7,,2.426e-18,,2.366e+1,1.099e-17,2.686e-17,,7.870e-19,9.359e-17
419.11,7.234e+2,8.392e-21,2.141e-25,8.454e-25,1.459e-16,7.376e-36,,2.173e-14,4.766e-22,,4.041e-15,4.900e-21,1.836e-27,1.049e-17,9.565e-5,3.931e-29,8.499e-21,1.999e-6,,1.367e-17,1.157e-20,1.986e-19,8.486e+0,2.612e-7,9.140e-8,2.012e-5,1.650e-19,1.155e-1,2.402e-23,2.526e+2,1.692e-20,1.456e-11,6.358e-20,7.288e-23,2.237e-6,3.612e-2,5.752e+0,7.366e+1,,6.716e+1,2.613e+2,,1.884e-2,7.220e-19,,8.227e-20,6.612e-2,,3.304e+1,,3.618e-7,,2.425e-18,,2.121e+1,1.096e-17,2.685e-17,,7.847e-19,9.362e-17
419.13,7.212e+2,8.393e-21,2.146e-25,7.697e-25,1.288e-16,7.386e-36,,1.284e-14,4.768e-22,,4.041e-15,4.896e-21,1.833e-27,1.049e-17,1.178e-4,3.947e-29,8.499e-21,1.792e-6,,1.371e-17,1.158e-20,1.705e-19,7.591e+0,1.709e-7,9.120e-8,2.683e-5,1.650e-19,1.125e-1,2.402e-23,2.498e+2,1.693e-20,1.448e-11,6.360e-20,7.289e-23,1.537e-6,2.770e-2,5.295e+0,8.264e+1,,6.937e+1,2.539e+2,,1.460e-2,7.227e-19,,8.225e-20,8.913e-2,,3.288e+1,,2.436e-7,,2.424e-18,,1.960e+1,1.094e-17,2.685e-17,,7.831e-19,9.364e-17
419.16,7.193e+2,8.395e-21,2.154e-25,6.632e-25,1.060e-16,7.401e-36,,5.779e-15,4.770e-22,,4.040e-15,4.890e-21,1.829e-27,1.049e-17,1.597e-4,3.972e-29,8.498e-21,1.509e-6,,1.378e-17,1.161e-20,1.344e-19,6.371e+0,8.970e-8,9.016e-8,4.099e-5,1.650e-19,1.073e-1,2.403e-23,2.466e+2,1.694e-20,1.440e-11,6.362e-20,7.290e-23,8.679e-7,1.944e-2,4.640e+0,9.743e+1,,7.278e+1,2.412e+2,,9.984e-3,7.236e-19,,8.223e-20,1.384e-1,,3.273e+1,,1.335e-7,,2.423e-18,,1.729e+1,1.091e-17,2.684e-17,,7.809e-19,9.368e-17
419.18,7.192e+2,8.396e-21,2.159e-25,5.972e-25,9.257e-17,7.410e-36,,3.376e-15,4.771e-22,,4.040e-15,4.887e-21,1.826e-27,1.049e-17,1.946e-4,3.988e-29,8.497e-21,1.338e-6,,1.383e-17,1.162e-20,1.141e-19,5.638e+0,5.805e-8,8.899e-8,5.407e-5,1.651e-19,1.035e-1,2.404e-23,2.453e+2,1.694e-20,1.437e-11,6.363e-20,7.291e-23,5.897e-7,1.619e-2,4.226e+0,1.081e+2,,7.509e+1,2.320e+2,,7.821e-3,7.242e-19,,8.221e-20,1.845e-1,,3.269e+1,,8.893e-8,,2.422e-18,,1.581e+1,1.089e-17,2.684e-17,,7.793e-19,9.370e-17
419.21,7.211e+2,8.398e-21,2.166e-25,5.062e-25,7.496e-17,7.425e-36,,1.495e-15,4.773e-22,,4.039e-15,4.881e-21,1.822e-27,1.049e-17,2.595e-4,4.013e-29,8.496e-21,1.109e-6,,1.390e-17,1.165e-20,8.852e-20,4.655e+0,2.997e-8,8.655e-8,8.126e-5,1.651e-19,9.723e-2,2.405e-23,2.449e+2,1.695e-20,1.435e-11,6.365e-20,7.292e-23,3.275e-7,1.394e-2,3.645e+0,1.254e+2,,7.856e+1,2.172e+2,,5.607e-3,7.251e-19,,8.219e-20,2.818e-1,,3.268e+1,,4.794e-8,,2.420e-18,,1.372e+1,1.086e-17,2.683e-17,,7.771e-19,9.373e-17
419.23,7.239e+2,8.400e-21,2.171e-25,4.509e-25,6.477e-17,7.434e-36,,8.637e-16,4.775e-22,,4.039e-15,4.877e-21,1.820e-27,1.049e-17,3.128e-4,4.029e-29,8.495e-21,9.724e-7,,1.395e-17,1.166e-20,7.434e-20,4.075e+0,1.918e-8,8.450e-8,1.060e-4,1.651e-19,9.284e-2,2.405e-23,2.456e+2,1.695e-20,1.435e-11,6.367e-20,7.293e-23,2.201e-7,1.395e-2,3.286e+0,1.377e+2,,8.083e+1,2.068e+2,,4.682e-3,7.258e-19,,8.217e-20,3.717e-1,,3.271e+1,,3.158e-8,,2.420e-18,,1.241e+1,1.084e-17,2.683e-17,,7.755e-19,9.376e-17
419.25,7.281e+2,8.401e-21,2.176e-25,3.999e-25,5.574e-17,7.444e-36,,4.968e-16,4.776e-22,,4.039e-15,4.873e-21,1.817e-27,1.049e-17,3.753e-4,4.046e-29,8.494e-21,8.493e-7,,1.400e-17,1.168e-20,6.216e-20,3.551e+0,1.222e-8,8.214e-8,1.378e-4,1.651e-19,8.832e-2,2.406e-23,2.473e+2,1.696e-20,1.437e-11,6.368e-20,7.294e-23,1.473e-7,1.510e-2,2.950e+0,1.505e+2,,8.306e+1,1.961e+2,,4.121e-3,7.264e-19,,8.215e-20,4.882e-1,,3.277e+1,,2.071e-8,,2.419e-18,,1.119e+1,1.082e-17,2.683e-17,,7.740e-19,9.378e-17
419.28,7.370e+2,8.403e-21,2.183e-25,3.313e-25,4.414e-17,7.459e-36,,2.150e-16,4.778e-22,,4.038e-15,4.868e-21,1.813e-27,1.049e-17,4.894e-4,4.070e-29,8.493e-21,6.876e-7,,1.407e-17,1.170e-20,4.717e-20,2.865e+0,6.166e-9,7.809e-8,2.024e-4,1.652e-19,8.140e-2,2.407e-23,2.518e+2,1.697e-20,1.439e-11,6.370e-20,7.296e-23,7.994e-8,1.897e-2,2.489e+0,1.706e+2,,8.626e+1,1.798e+2,,3.880e-3,7.273e-19,,8.213e-20,7.290e-1,,3.286e+1,,1.091e-8,,2.418e-18,,9.495e+0,1.079e-17,2.682e-17,,7.717e-19,9.381e-17
419.3,7.448e+2,8.404e-21,2.188e-25,2.906e-25,3.760e-17,7.468e-36,,1.223e-16,4.780e-22,,4.038e-15,4.864e-21,1.810e-27,1.049e-17,5.809e-4,4.087e-29,8.493e-21,5.940e-7,,1.411e-17,1.172e-20,3.905e-20,2.470e+0,3.886e-9,7.509e-8,2.602e-4,1.652e-19,7.678e-2,2.407e-23,2.561e+2,1.697e-20,1.441e-11,6.372e-20,7.296e-23,5.291e-8,2.314e-2,2.212e+0,1.845e+2,,8.828e+1,1.688e+2,,4.098e-3,7.279e-19,,8.211e-20,9.471e-1,,3.292e+1,,7.079e-9,,2.417e-18,,8.470e+0,1.077e-17,2.682e-17,,7.702e-19,9.384e-17
419.33,7.593e+2,8.406e-21,2.196e-25,2.369e-25,2.936e-17,7.483e-36,,5.205e-17,4.782e-22,,4.038e-15,4.858e-21,1.806e-27,1.049e-17,7.453e-4,4.111e-29,8.492e-21,4.731e-7,,1.418e-17,1.174e-20,2.921e-20,1.961e+0,1.929e-9,7.022e-8,3.762e-4,1.652e-19,6.997e-2,2.408e-23,2.646e+2,1.698e-20,1.443e-11,6.374e-20,7.298e-23,2.825e-8,3.224e-2,1.838e+0,2.058e+2,,9.106e+1,1.525e+2,,5.010e-3,7.289e-19,,8.208e-20,1.391e+0,,3.299e+1,,3.668e-9,,2.416e-18,,7.086e+0,1.074e-17,2.681e-17,,7.679e-19,9.387e-17
419.35,7.709e+2,8.407e-21,2.201e-25,2.055e-25,2.479e-17,7.492e-36,,2.929e-17,4.783e-22,,4.037e-15,4.854e-21,1.804e-27,1.049e-17,8.752e-4,4.128e-29,8.491e-21,4.043e-7,,1.423e-17,1.176e-20,2.398e-20,1.672e+0,1.202e-9,6.679e-8,4.783e-4,1.652e-19,6.557e-2,2.409e-23,2.717e+2,1.698e-20,1.443e-11,6.375e-20,7.299e-23,1.849e-8,4.060e-2,1.616e+0,2.202e+2,,9.275e+1,1.418e+2,,6.053e-3,7.295e-19,,8.207e-20,1.788e+0,,3.301e+1,,2.354e-9,,2.415e-18,,6.265e+0,1.072e-17,2.681e-17,,7.664e-19,9.389e-17
419.38,7.908e+2,8.409e-21,2.208e-25,1.648e-25,1.915e-17,7.507e-36,,1.226e-17,4.785e-22,,4.037e-15,4.849e-21,1.800e-27,1.049e-17,1.105e-3,4.152e-29,8.490e-21,3.168e-7,,1.430e-17,1.178e-20,1.778e-20,1.306e+0,5.868e-10,6.145e-8,6.803e-4,1.653e-19,5.930e-2,2.410e-23,2.846e+2,1.699e-20,1.440e-11,6.377e-20,7.300e-23,9.711e-9,5.752e-2,1.323e+0,2.416e+2,,9.497e+1,1.262e+2,,8.402e-3,7.304e-19,,8.204e-20,2.585e+0,,3.299e+1,,1.200e-9,,2.414e-18,,5.180e+0,1.069e-17,2.680e-17,,7.641e-19,9.393e-17
419.4,8.058e+2,8.411e-21,2.213e-25,1.414e-25,1.609e-17,7.517e-36,,6.824e-18,4.787e-22,,4.037e-15,4.845e-21,1.797e-27,1.049e-17,1.283e-3,4.169e-29,8.489e-21,2.678e-7,,1.435e-17,1.180e-20,1.457e-20,1.101e+0,3.618e-10,5.782e-8,8.557e-4,1.653e-19,5.540e-2,2.410e-23,2.946e+2,1.700e-20,1.436e-11,6.379e-20,7.301e-23,6.287e-9,7.243e-2,1.152e+0,2.556e+2,,9.624e+1,1.162e+2,,1.061e-2,7.310e-19,,8.203e-20,3.286e+0,,3.293e+1,,7.613e-10,,2.413e-18,,4.550e+0,1.067e-17,2.680e-17,,7.626e-19,9.395e-17
419.43,8.306e+2,8.413e-21,2.221e-25,1.116e-25,1.242e-17,7.531e-36,,2.810e-18,4.789e-22,,4.036e-15,4.839e-21,1.793e-27,1.049e-17,1.593e-3,4.193e-29,8.488e-21,2.064e-7,,1.442e-17,1.182e-20,1.090e-20,8.460e-1,1.737e-10,5.233e-8,1.197e-3,1.653e-19,5.006e-2,2.411e-23,3.118e+2,1.700e-20,1.427e-11,6.381e-20,7.302e-23,3.248e-9,1.018e-1,9.283e-1,2.760e+2,,9.780e+1,1.019e+2,,1.515e-2,7.320e-19,,8.200e-20,4.674e+0,,3.276e+1,,3.817e-10,,2.411e-18,,3.740e+0,1.064e-17,2.679e-17,,7.603e-19,9.398e-17
419.45,8.484e+2,8.414e-21,2.226e-25,9.471e-26,1.050e-17,7.541e-36,,1.547e-18,4.790e-22,,4.036e-15,4.835e-21,1.790e-27,1.049e-17,1.831e-3,4.210e-29,8.487e-21,1.726e-7,,1.447e-17,1.184e-20,9.086e-21,7.058e-1,1.059e-10,4.870e-8,1.490e-3,1.653e-19,4.690e-2,2.412e-23,3.246e+2,1.701e-20,1.417e-11,6.382e-20,7.303e-23,2.080e-9,1.271e-1,8.001e-1,2.888e+2,,9.861e+1,9.292e+1,,1.921e-2,7.326e-19,,8.198e-20,5.878e+0,,3.258e+1,,2.396e-10,,2.411e-18,,3.284e+0,1.062e-17,2.679e-17,,7.588e-19,9.401e-17
419.48,8.770e+2,8.416e-21,2.233e-25,7.348e-26,8.303e-18,7.555e-36,,6.264e-19,4.792e-22,,4.036e-15,4.830e-21,1.786e-27,1.049e-17,2.237e-3,4.234e-29,8.486e-21,1.308e-7,,1.454e-17,1.186e-20,7.184e-21,5.334e-1,5.004e-11,4.337e-8,2.051e-3,1.654e-19,4.279e-2,2.413e-23,3.458e+2,1.702e-20,1.398e-11,6.384e-20,7.305e-23,1.057e-9,1.760e-1,6.355e-1,3.068e+2,,9.947e+1,8.033e+1,,2.730e-2,7.335e-19,,8.196e-20,8.225e+0,,3.222e+1,,1.182e-10,,2.409e-18,,2.719e+0,1.059e-17,2.678e-17,,7.565e-19,9.404e-17
419.5,8.970e+2,8.417e-21,2.238e-25,6.171e-26,7.239e-18,7.565e-36,,3.410e-19,4.794e-22,,4.035e-15,4.826e-21,1.783e-27,1.049e-17,2.543e-3,4.251e-29,8.486e-21,1.082e-7,,1.458e-17,1.188e-20,6.394e-21,4.402e-1,3.018e-11,3.992e-8,2.525e-3,1.654e-19,4.052e-2,2.413e-23,3.612e+2,1.702e-20,1.381e-11,6.385e-20,7.306e-23,6.695e-10,2.176e-1,5.423e-1,3.176e+2,,9.981e+1,7.255e+1,,3.438e-2,7.341e-19,,8.194e-20,1.023e+1,,3.191e+1,,7.336e-11,,2.409e-18,,2.416e+0,1.057e-17,2.678e-17,,7.550e-19,9.406e-17
419.53,9.282e+2,8.419e-21,2.246e-25,4.711e-26,6.168e-18,7.579e-36,,1.359e-19,4.796e-22,,4.035e-15,4.820e-21,1.779e-27,1.049e-17,3.057e-3,4.275e-29,8.484e-21,8.072e-8,,1.465e-17,1.190e-20,5.855e-21,3.273e-1,1.402e-11,3.498e-8,3.421e-3,1.654e-19,3.787e-2,2.414e-23,3.858e+2,1.703e-20,1.351e-11,6.388e-20,7.307e-23,3.347e-10,2.966e-1,4.244e-1,3.319e+2,,9.998e+1,6.185e+1,,4.821e-2,7.351e-19,,8.192e-20,1.409e+1,,3.134e+1,,3.559e-11,,2.407e-18,,2.064e+0,1.054e-17,2.678e-17,,7.527e-19,9.410e-17
419.55,9.495e+2,8.421e-21,2.251e-25,3.913e-26,5.772e-18,7.589e-36,,7.315e-20,4.797e-22,,4.034e-15,4.817e-21,1.777e-27,1.049e-17,3.438e-3,4.292e-29,8.484e-21,6.603e-8,,1.470e-17,1.191e-20,5.910e-21,2.671e-1,8.364e-12,3.185e-8,4.165e-3,1.654e-19,3.661e-2,2.415e-23,4.031e+2,1.703e-20,1.328e-11,6.389e-20,7.308e-23,2.097e-10,3.627e-1,3.587e-1,3.400e+2,,9.988e+1,5.536e+1,,6.010e-2,7.357e-19,,8.190e-20,1.734e+1,,3.090e+1,,2.185e-11,,2.407e-18,,1.895e+0,1.052e-17,2.677e-17,,7.512e-19,9.412e-17
419.58,9.821e+2,8.423e-21,2.258e-25,2.938e-26,5.617e-18,7.604e-36,,7.338e-20,4.800e-22,,4.034e-15,4.811e-21,1.773e-27,1.049e-17,4.067e-3,4.316e-29,8.483e-21,4.845e-8,,1.477e-17,1.194e-20,6.627e-21,1.954e-1,3.822e-12,2.745e-8,5.552e-3,1.655e-19,3.552e-2,2.416e-23,4.302e+2,1.704e-20,1.288e-11,6.391e-20,7.309e-23,1.031e-10,4.866e-1,2.767e-1,3.495e+2,,9.944e+1,4.657e+1,,8.299e-2,7.366e-19,,8.187e-20,2.349e+1,,3.013e+1,,1.043e-11,,2.405e-18,,1.732e+0,1.049e-17,2.677e-17,,7.489e-19,9.415e-17
419.6,1.004e+3,8.424e-21,2.263e-25,2.414e-26,5.793e-18,7.613e-36,,7.353e-20,4.801e-22,,4.034e-15,4.807e-21,1.770e-27,1.049e-17,4.524e-3,4.333e-29,8.482e-21,3.921e-8,,1.482e-17,1.195e-20,7.558e-21,1.578e-1,2.255e-12,2.472e-8,6.687e-3,1.655e-19,3.533e-2,2.416e-23,4.487e+2,1.705e-20,1.258e-11,6.392e-20,7.310e-23,6.388e-11,5.886e-1,2.316e-1,3.541e+2,,9.896e+1,4.134e+1,,1.024e-1,7.372e-19,,8.186e-20,2.860e+1,,2.957e+1,,6.334e-12,,2.405e-18,,1.682e+0,1.047e-17,2.676e-17,,7.474e-19,9.418e-17
419.62,1.026e+3,8.425e-21,2.268e-25,1.975e-26,6.190e-18,7.623e-36,,7.368e-20,4.802e-22,,4.033e-15,4.803e-21,1.767e-27,1.049e-17,5.010e-3,4.349e-29,8.481e-21,3.159e-8,,1.486e-17,1.197e-20,8.895e-21,1.268e-1,1.325e-12,2.217e-8,8.021e-3,1.655e-19,3.556e-2,2.417e-23,4.675e+2,1.705e-20,1.226e-11,6.394e-20,7.311e-23,3.940e-11,7.090e-1,1.932e-1,3.572e+2,,9.835e+1,3.659e+1,,1.257e-1,7.379e-19,,8.184e-20,3.468e+1,,2.896e+1,,3.830e-12,,2.404e-18,,1.675e+0,1.045e-17,2.676e-17,,7.458e-19,9.420e-17
419.65,1.059e+3,8.427e-21,2.276e-25,1.450e-26,7.206e-18,7.637e-36,,7.390e-20,4.804e-22,,4.033e-15,4.798e-21,1.763e-27,1.048e-17,5.793e-3,4.374e-29,8.480e-21,2.265e-8,,1.494e-17,1.199e-20,1.178e-20,9.065e-2,5.916e-13,1.868e-8,1.045e-2,1.655e-19,3.670e-2,2.418e-23,4.958e+2,1.706e-20,1.176e-11,6.396e-20,7.312e-23,1.893e-11,9.298e-1,1.461e-1,3.589e+2,,9.722e+1,3.034e+1,,1.697e-1,7.388e-19,,8.181e-20,4.592e+1,,2.798e+1,,1.786e-12,,2.402e-18,,1.748e+0,1.042e-17,2.675e-17,,7.435e-19,9.423e-17
419.67,1.082e+3,8.429e-21,2.281e-25,1.173e-26,8.174e-18,7.647e-36,,7.405e-20,4.806e-22,,4.033e-15,4.794e-21,1.761e-27,1.048e-17,6.347e-3,4.390e-29,8.480e-21,1.805e-8,,1.498e-17,1.201e-20,1.440e-20,7.208e-2,3.438e-13,1.657e-8,1.240e-2,1.655e-19,3.797e-2,2.418e-23,5.146e+2,1.706e-20,1.140e-11,6.397e-20,7.313e-23,1.155e-11,1.108e+0,1.207e-1,3.582e+2,,9.635e+1,2.672e+1,,2.062e-1,7.394e-19,,8.180e-20,5.507e+1,,2.730e+1,,1.068e-12,,2.402e-18,,1.848e+0,1.040e-17,2.675e-17,,7.420e-19,9.425e-17
419.7,1.115e+3,8.431e-21,2.288e-25,8.469e-27,1.009e-17,7.662e-36,,7.428e-20,4.808e-22,,4.032e-15,4.788e-21,1.757e-27,1.048e-17,7.220e-3,4.415e-29,8.478e-21,1.274e-8,,1.505e-17,1.203e-20,1.962e-20,5.069e-2,1.510e-13,1.373e-8,1.589e-2,1.656e-19,4.062e-2,2.419e-23,5.421e+2,1.707e-20,1.086e-11,6.399e-20,7.315e-23,5.461e-12,1.429e+0,9.002e-2,3.541e+2,,9.490e+1,2.208e+1,,2.740e-1,7.403e-19,,8.177e-20,7.174e+1,,2.622e+1,,4.900e-13,,2.400e-18,,2.078e+0,1.037e-17,2.674e-17,,7.397e-19,9.429e-17
419.72,1.138e+3,8.432e-21,2.293e-25,6.779e-27,1.171e-17,7.671e-36,,7.443e-20,4.809e-22,,4.032e-15,4.784e-21,1.754e-27,1.048e-17,7.826e-3,4.431e-29,8.478e-21,1.004e-8,,1.510e-17,1.205e-20,2.412e-20,3.987e-2,8.677e-14,1.205e-8,1.865e-2,1.656e-19,4.285e-2,2.420e-23,5.597e+2,1.708e-20,1.050e-11,6.401e-20,7.315e-23,3.295e-12,1.685e+0,7.370e-2,3.495e+2,,9.385e+1,1.947e+1,,3.293e-1,7.410e-19,,8.176e-20,8.512e+1,,2.549e+1,,2.898e-13,,2.400e-18,,2.284e+0,1.035e-17,2.674e-17,,7.382e-19,9.431e-17
419.75,1.172e+3,8.434e-21,2.301e-25,4.815e-27,1.468e-17,7.686e-36,,7.465e-20,4.812e-22,,4.032e-15,4.779e-21,1.750e-27,1.048e-17,8.759e-3,4.456e-29,8.477e-21,6.969e-9,,1.517e-17,1.207e-20,3.279e-20,2.758e-2,3.749e-14,9.824e-9,2.353e-2,1.656e-19,4.683e-2,2.421e-23,5.847e+2,1.708e-20,9.962e-12,6.403e-20,7.317e-23,1.532e-12,2.139e+0,5.423e-2,3.400e+2,,9.221e+1,1.624e+1,,4.304e-1,7.419e-19,,8.173e-20,1.091e+2,,2.437e+1,,1.308e-13,,2.398e-18,,2.671e+0,1.032e-17,2.674e-17,,7.359e-19,9.434e-17
419.77,1.196e+3,8.435e-21,2.306e-25,3.812e-27,1.707e-17,7.696e-36,,7.480e-20,4.813e-22,,4.031e-15,4.775e-21,1.747e-27,1.048e-17,9.391e-3,4.472e-29,8.476e-21,5.433e-9,,1.522e-17,1.209e-20,4.011e-20,2.146e-2,2.131e-14,8.527e-9,2.732e-2,1.656e-19,4.988e-2,2.421e-23,6.002e+2,1.709e-20,9.619e-12,6.404e-20,7.318e-23,9.146e-13,2.494e+0,4.400e-2,3.319e+2,,9.109e+1,1.452e+1,,5.118e-1,7.425e-19,,8.171e-20,1.280e+2,,2.362e+1,,7.651e-14,,2.398e-18,,2.981e+0,1.030e-17,2.673e-17,,7.344e-19,9.437e-17
419.8,1.232e+3,8.437e-21,2.313e-25,2.664e-27,2.132e-17,7.710e-36,,7.503e-20,4.815e-22,,4.031e-15,4.769e-21,1.743e-27,1.048e-17,1.034e-2,4.497e-29,8.475e-21,3.710e-9,,1.529e-17,1.211e-20,5.392e-20,1.460e-2,9.057e-15,6.840e-9,3.390e-2,1.657e-19,5.495e-2,2.422e-23,6.212e+2,1.710e-20,9.137e-12,6.406e-20,7.319e-23,4.183e-13,3.115e+0,3.195e-2,3.176e+2,,8.939e+1,1.255e+1,,6.583e-1,7.434e-19,,8.169e-20,1.615e+2,,2.251e+1,,3.396e-14,,2.396e-18,,3.527e+0,1.027e-17,2.673e-17,,7.321e-19,9.440e-17
419.82,1.258e+3,8.439e-21,2.318e-25,2.086e-27,2.463e-17,7.720e-36,,7.518e-20,4.816e-22,,4.031e-15,4.765e-21,1.741e-27,1.048e-17,1.097e-2,4.513e-29,8.474e-21,2.861e-9,,2.821e-17,1.213e-20,6.536e-20,1.124e-2,5.092e-15,5.872e-9,3.894e-2,1.657e-19,5.862e-2,2.423e-23,6.336e+2,1.710e-20,8.845e-12,6.408e-20,7.320e-23,2.469e-13,3.594e+0,2.570e-2,3.068e+2,,8.826e+1,1.162e+1,,7.744e-1,7.441e-19,,8.167e-20,1.875e+2,,2.178e+1,,1.965e-14,,2.396e-18,,3.944e+0,1.025e-17,2.672e-17,,7.306e-19,9.442e-17
419.85,1.299e+3,8.441e-21,2.326e-25,1.434e-27,3.040e-17,7.734e-36,,7.540e-20,4.819e-22,,4.030e-15,1.188e-20,1.737e-27,1.048e-17,1.188e-2,4.538e-29,8.473e-21,1.922e-9,,7.012e-17,1.215e-20,8.661e-20,7.524e-3,2.129e-15,4.634e-9,4.754e-2,1.657e-19,6.445e-2,2.424e-23,6.493e+2,1.711e-20,8.461e-12,6.410e-20,7.321e-23,1.111e-13,4.416e+0,1.842e-2,2.888e+2,,8.661e+1,1.078e+1,,9.800e-1,7.450e-19,,8.165e-20,2.327e+2,,2.072e+1,,8.582e-15,,2.394e-18,,4.648e+0,1.022e-17,2.672e-17,,7.283e-19,9.446e-17
419.87,1.329e+3,8.442e-21,2.331e-25,1.111e-27,3.481e-17,7.744e-36,,7.555e-20,4.820e-22,,4.030e-15,2.174e-20,1.734e-27,1.048e-17,1.247e-2,4.554e-29,8.473e-21,1.466e-9,,1.280e-16,1.217e-20,1.040e-19,5.727e-3,1.184e-15,3.936e-9,5.402e-2,1.657e-19,6.850e-2,2.424e-23,6.578e+2,1.711e-20,8.245e-12,6.411e-20,7.322e-23,6.487e-14,5.040e+0,1.469e-2,2.760e+2,,8.554e+1,1.058e+1,,1.141e+0,7.456e-19,,8.163e-20,2.672e+2,,2.003e+1,,4.916e-15,,2.393e-18,,5.170e+0,1.020e-17,2.671e-17,,7.268e-19,9.448e-17
419.9,1.377e+3,8.444e-21,2.338e-25,7.511e-28,4.233e-17,7.758e-36,,7.578e-20,4.822e-22,,4.029e-15,5.788e-20,1.730e-27,1.048e-17,1.329e-2,4.579e-29,8.471e-21,9.689e-10,,3.131e-16,1.219e-20,1.357e-19,3.772e-3,4.867e-16,3.056e-9,6.490e-2,1.658e-19,7.470e-2,2.425e-23,6.671e+2,1.712e-20,7.993e-12,6.413e-20,7.324e-23,2.871e-14,6.093e+0,1.039e-2,2.556e+2,,8.400e+1,1.080e+1,,1.420e+0,7.465e-19,,8.160e-20,3.262e+2,,1.904e+1,,2.121e-15,,2.392e-18,,6.028e+0,1.017e-17,2.671e-17,,7.245e-19,9.451e-17
419.92,1.411e+3,8.445e-21,2.343e-25,5.756e-28,4.797e-17,7.768e-36,,7.593e-20,4.824e-22,,4.029e-15,1.049e-19,1.727e-27,1.048e-17,1.380e-2,4.595e-29,8.471e-21,7.310e-10,,5.655e-16,1.221e-20,1.612e-19,2.840e-3,2.677e-16,2.568e-9,7.294e-2,1.658e-19,7.884e-2,2.426e-23,6.711e+2,1.713e-20,7.876e-12,6.415e-20,7.325e-23,1.658e-14,6.878e+0,8.219e-3,2.416e+2,,8.302e+1,1.129e+1,,1.635e+0,7.472e-19,,8.159e-20,3.707e+2,,1.841e+1,,1.216e-15,,2.391e-18,,6.648e+0,1.015e-17,2.670e-17,,7.230e-19,9.454e-17
419.95,1.469e+3,8.447e-21,2.351e-25,3.829e-28,5.742e-17,7.783e-36,,7.616e-20,4.826e-22,,4.029e-15,2.568e-19,1.723e-27,1.048e-17,1.447e-2,4.620e-29,8.470e-21,4.753e-10,,1.361e-15,1.223e-20,2.071e-19,1.840e-3,1.083e-16,1.962e-9,8.622e-2,1.658e-19,8.495e-2,2.427e-23,6.734e+2,1.713e-20,7.780e-12,6.417e-20,7.326e-23,7.218e-15,8.183e+0,5.744e-3,2.202e+2,,8.164e+1,1.257e+1,,2.004e+0,7.481e-19,,8.156e-20,4.453e+2,,1.751e+1,,5.579e-16,,2.390e-18,,7.644e+0,1.012e-17,2.670e-17,,7.207e-19,9.457e-17
419.97,1.510e+3,8.449e-21,2.356e-25,2.902e-28,6.440e-17,7.792e-36,,7.631e-20,4.827e-22,,4.028e-15,4.605e-19,1.721e-27,1.048e-17,1.486e-2,4.636e-29,8.469e-21,3.547e-10,,2.432e-15,1.224e-20,2.435e-19,1.370e-3,5.889e-17,1.632e-9,9.587e-2,1.658e-19,8.889e-2,2.427e-23,6.726e+2,1.714e-20,7.772e-12,6.418e-20,7.327e-23,4.123e-15,9.138e+0,4.505e-3,2.058e+2,,8.076e+1,1.378e+1,,2.283e+0,7.487e-19,,8.155e-20,5.005e+2,,1.693e+1,,3.790e-16,,2.389e-18,,8.348e+0,1.010e-17,2.670e-17,,7.192e-19,9.459e-17
420,1.579e+3,8.451e-21,2.363e-25,1.899e-28,7.586e-17,7.807e-36,,7.653e-20,4.829e-22,,4.028e-15,1.097e-18,1.717e-27,1.048e-17,1.533e-2,4.661e-29,8.468e-21,2.269e-10,,5.763e-15,1.227e-20,3.080e-19,8.735e-4,2.343e-17,1.229e-9,1.115e-1,1.659e-19,9.446e-2,2.428e-23,6.677e+2,1.715e-20,7.844e-12,6.420e-20,7.328e-23,1.766e-15,1.070e+1,3.110e-3,1.845e+2,,7.952e+1,1.615e+1,,2.753e+0,7.497e-19,,8.152e-20,5.915e+2,,1.612e+1,,3.491e-16,,2.388e-18,,9.453e+0,1.007e-17,2.669e-17,,7.169e-19,9.463e-17
420.02,1.628e+3,8.452e-21,2.368e-25,1.424e-28,8.416e-17,7.816e-36,,7.668e-20,4.831e-22,,4.028e-15,1.946e-18,1.714e-27,1.048e-17,1.557e-2,4.677e-29,8.467e-21,1.675e-10,,1.019e-14,1.228e-20,3.584e-19,6.435e-4,1.261e-17,1.013e-9,1.226e-1,1.659e-19,9.788e-2,2.429e-23,6.621e+2,1.715e-20,7.948e-12,6.422e-20,7.329e-23,9.975e-16,1.182e+1,2.419e-3,1.706e+2,,7.872e+1,1.812e+1,,3.103e+0,7.503e-19,,8.150e-20,6.577e+2,,1.560e+1,,4.781e-16,,2.387e-18,,1.022e+1,1.005e-17,2.669e-17,,7.154e-19,9.465e-17
420.04,1.681e+3,8.453e-21,2.373e-25,1.063e-28,9.296e-17,7.826e-36,,7.683e-20,4.832e-22,,4.027e-15,3.438e-18,1.711e-27,1.048e-17,1.575e-2,4.693e-29,8.467e-21,1.231e-10,,1.793e-14,1.230e-20,4.152e-19,4.719e-4,1.263e-17,8.323e-10,1.343e-1,1.659e-19,1.010e-1,2.430e-23,6.546e+2,1.716e-20,8.095e-12,6.423e-20,7.330e-23,5.611e-16,1.300e+1,1.876e-3,1.571e+2,,7.795e+1,2.041e+1,,3.482e+0,7.509e-19,,8.149e-20,7.281e+2,,1.511e+1,,7.690e-16,,2.387e-18,,1.099e+1,1.003e-17,2.668e-17,,7.138e-19,9.467e-17
420.07,1.766e+3,8.455e-21,2.381e-25,6.798e-29,1.071e-16,7.841e-36,,7.706e-20,4.834e-22,,4.027e-15,8.009e-18,1.707e-27,1.048e-17,1.588e-2,4.718e-29,8.465e-21,7.694e-11,,4.153e-14,1.232e-20,5.138e-19,2.940e-4,1.266e-17,6.187e-10,1.527e-1,1.659e-19,1.051e-1,2.430e-23,6.400e+2,1.716e-20,8.394e-12,6.425e-20,7.331e-23,2.348e-16,1.487e+1,1.274e-3,1.377e+2,,7.682e+1,2.446e+1,,4.107e+0,7.518e-19,,8.146e-20,8.412e+2,,1.440e+1,,1.735e-15,,2.385e-18,,1.218e+1,1.000e-17,2.668e-17,,7.116e-19,9.471e-17
420.09,1.826e+3,8.456e-21,2.386e-25,5.019e-29,1.170e-16,7.850e-36,,7.721e-20,4.836e-22,,4.027e-15,1.400e-17,1.705e-27,1.048e-17,1.589e-2,4.734e-29,8.465e-21,5.594e-11,,7.232e-14,1.234e-20,5.890e-19,2.133e-4,1.268e-17,5.082e-10,1.654e-1,1.660e-19,1.073e-1,2.431e-23,6.281e+2,1.717e-20,8.641e-12,6.426e-20,7.332e-23,1.306e-16,1.618e+1,9.800e-4,1.254e+2,,7.607e+1,2.759e+1,,4.560e+0,7.524e-19,,8.144e-20,9.212e+2,,1.395e+1,,3.029e-15,,2.384e-18,,1.296e+1,9.980e-18,2.667e-17,,7.100e-19,9.473e-17
420.12,1.922e+3,8.458e-21,2.393e-25,3.158e-29,1.326e-16,7.865e-36,,7.743e-20,4.838e-22,,4.026e-15,3.209e-17,1.701e-27,1.048e-17,1.577e-2,4.759e-29,8.464e-21,3.440e-11,,1.649e-13,1.236e-20,7.174e-19,1.307e-4,1.271e-17,3.824e-10,1.851e-1,1.660e-19,1.099e-1,2.432e-23,6.074e+2,1.718e-20,9.079e-12,6.428e-20,7.334e-23,5.377e-17,1.821e+1,6.581e-4,1.081e+2,,7.492e+1,3.295e+1,,5.294e+0,7.534e-19,,8.142e-20,1.047e+3,,1.330e+1,,6.977e-15,,2.383e-18,,1.413e+1,9.950e-18,2.667e-17,,7.078e-19,9.476e-17
420.14,1.988e+3,8.460e-21,2.398e-25,2.307e-29,1.433e-16,7.874e-36,,7.758e-20,4.839e-22,,4.026e-15,5.550e-17,1.698e-27,1.048e-17,1.561e-2,4.775e-29,8.463e-21,2.474e-11,,2.840e-13,1.238e-20,8.138e-19,9.380e-5,1.273e-17,3.213e-10,1.984e-1,1.660e-19,1.111e-1,2.433e-23,5.918e+2,1.718e-20,9.410e-12,6.430e-20,7.334e-23,2.959e-17,1.961e+1,5.032e-4,9.743e+1,,7.412e+1,3.697e+1,,5.817e+0,7.540e-19,,8.140e-20,1.135e+3,,1.289e+1,,1.212e-14,,2.382e-18,,1.488e+1,9.930e-18,2.666e-17,,7.062e-19,9.479e-17
420.17,2.091e+3,8.462e-21,2.406e-25,1.428e-29,1.598e-16,7.889e-36,,7.781e-20,4.841e-22,,4.026e-15,1.252e-16,1.694e-27,1.048e-17,1.524e-2,4.800e-29,8.462e-21,1.496e-11,,6.371e-13,1.240e-20,9.756e-19,5.655e-5,1.276e-17,2.590e-10,2.183e-1,1.660e-19,1.120e-1,2.433e-23,5.659e+2,1.719e-20,9.956e-12,6.432e-20,7.336e-23,1.198e-17,2.172e+1,3.355e-4,8.264e+1,,7.285e+1,4.368e+1,,6.648e+0,7.549e-19,,8.138e-20,1.269e+3,,1.230e+1,,2.753e-14,,2.381e-18,,1.596e+1,9.900e-18,2.666e-17,,7.039e-19,9.482e-17
420.19,2.161e+3,8.463e-21,2.411e-25,1.031e-29,1.708e-16,7.899e-36,,7.796e-20,4.843e-22,,4.025e-15,2.143e-16,1.691e-27,1.048e-17,1.492e-2,4.816e-29,8.461e-21,1.065e-11,,1.086e-12,1.242e-20,1.095e-18,4.014e-5,1.278e-17,2.351e-10,2.315e-1,1.661e-19,1.119e-1,2.434e-23,5.473e+2,1.719e-20,1.035e-11,6.433e-20,7.337e-23,6.522e-18,2.312e+1,2.563e-4,7.366e+1,,7.194e+1,4.861e+1,,7.230e+0,7.555e-19,,8.136e-20,1.360e+3,,1.192e+1,,4.732e-14,,2.380e-18,,1.663e+1,9.880e-18,2.666e-17,,7.024e-19,9.484e-17
420.22,2.265e+3,8.465e-21,2.418e-25,6.281e-30,1.874e-16,7.913e-36,,7.818e-20,4.845e-22,,4.025e-15,4.758e-16,1.687e-27,1.048e-17,1.433e-2,4.841e-29,8.460e-21,6.335e-12,,2.397e-12,1.244e-20,1.292e-18,2.381e-5,1.281e-17,2.244e-10,2.507e-1,1.661e-19,1.110e-1,2.435e-23,5.175e+2,1.720e-20,1.097e-11,6.435e-20,7.338e-23,2.597e-18,2.520e+1,1.725e-4,6.147e+1,,7.046e+1,5.666e+1,,8.136e+0,7.565e-19,,8.133e-20,1.497e+3,,1.139e+1,,1.058e-13,,2.379e-18,,1.754e+1,9.850e-18,2.665e-17,,7.001e-19,9.488e-17
420.24,2.334e+3,8.466e-21,2.423e-25,4.488e-30,1.982e-16,7.923e-36,,7.833e-20,4.846e-22,,4.025e-15,8.056e-16,1.685e-27,1.048e-17,1.388e-2,4.857e-29,8.459e-21,4.457e-12,,4.042e-12,1.246e-20,1.435e-18,1.672e-5,1.283e-17,2.340e-10,2.630e-1,1.661e-19,1.098e-1,2.436e-23,4.968e+2,1.721e-20,1.140e-11,6.437e-20,7.339e-23,1.398e-18,2.654e+1,1.344e-4,5.419e+1,,6.939e+1,6.245e+1,,8.757e+0,7.571e-19,,8.132e-20,1.587e+3,,1.105e+1,,1.799e-13,,2.378e-18,,1.808e+1,9.830e-18,2.665e-17,,6.986e-19,9.490e-17
420.27,2.434e+3,8.468e-21,2.431e-25,2.689e-30,2.140e-16,7.937e-36,,7.856e-20,4.848e-22,,4.024e-15,1.760e-15,1.681e-27,1.048e-17,1.312e-2,4.882e-29,8.458e-21,2.610e-12,,8.781e-12,1.248e-20,1.667e-18,9.754e-6,1.286e-17,2.759e-10,2.803e-1,1.661e-19,1.072e-1,2.436e-23,4.645e+2,1.722e-20,1.206e-11,6.439e-20,7.340e-23,1.125e-18,2.846e+1,9.713e-5,4.450e+1,,6.763e+1,7.173e+1,,9.706e+0,7.580e-19,,8.129e-20,1.718e+3,,1.059e+1,,3.958e-13,,2.377e-18,,1.877e+1,9.801e-18,2.664e-17,,6.963e-19,9.493e-17
420.29,2.497e+3,8.470e-21,2.436e-25,1.901e-30,2.239e-16,7.947e-36,,7.871e-20,4.850e-22,,4.024e-15,2.949e-15,1.678e-27,1.048e-17,1.257e-2,4.898e-29,8.458e-21,1.816e-12,,1.465e-11,1.250e-20,1.832e-18,6.774e-6,1.288e-17,3.243e-10,2.910e-1,1.662e-19,1.049e-1,2.437e-23,4.424e+2,1.722e-20,1.251e-11,6.440e-20,7.341e-23,9.422e-19,2.966e+1,8.275e-5,3.880e+1,,6.635e+1,7.826e+1,,1.034e+1,7.586e-19,,8.128e-20,1.802e+3,,1.031e+1,,6.659e-13,,2.376e-18,,1.914e+1,9.781e-18,2.664e-17,,6.948e-19,9.496e-17
420.32,2.585e+3,8.472e-21,2.443e-25,1.120e-30,2.378e-16,7.962e-36,,7.893e-20,4.852e-22,,4.023e-15,6.343e-15,1.674e-27,1.048e-17,1.169e-2,4.923e-29,8.457e-21,1.046e-12,,3.132e-11,1.252e-20,2.094e-18,3.888e-6,1.291e-17,4.344e-10,3.052e-1,1.662e-19,1.007e-1,2.438e-23,4.090e+2,1.723e-20,1.318e-11,6.442e-20,7.343e-23,6.686e-19,3.129e+1,7.408e-5,3.135e+1,,6.428e+1,8.852e+1,,1.129e+1,7.596e-19,,8.125e-20,1.919e+3,,9.957e+0,,1.442e-12,,2.375e-18,,1.955e+1,9.751e-18,2.663e-17,,6.925e-19,9.499e-17
420.34,2.637e+3,8.473e-21,2.448e-25,7.831e-31,2.461e-16,7.971e-36,,7.908e-20,4.853e-22,,4.023e-15,1.051e-14,1.671e-27,1.048e-17,1.108e-2,4.939e-29,8.456e-21,7.205e-13,,5.169e-11,1.254e-20,2.277e-18,2.671e-6,1.293e-17,5.381e-10,3.134e-1,1.662e-19,9.746e-2,2.439e-23,3.866e+2,1.723e-20,1.362e-11,6.444e-20,7.344e-23,4.861e-19,3.225e+1,7.616e-5,2.704e+1,,6.280e+1,9.559e+1,,1.192e+1,7.602e-19,,8.123e-20,1.991e+3,,9.767e+0,,2.400e-12,,2.374e-18,,1.972e+1,9.731e-18,2.663e-17,,6.910e-19,9.501e-17
420.37,2.705e+3,8.475e-21,2.456e-25,4.540e-31,2.572e-16,7.986e-36,,7.931e-20,4.855e-22,,4.023e-15,2.225e-14,1.667e-27,1.048e-17,1.014e-2,4.964e-29,8.455e-21,4.088e-13,,1.087e-10,1.256e-20,2.562e-18,1.508e-6,1.297e-17,7.512e-10,3.236e-1,1.662e-19,9.207e-2,2.439e-23,3.532e+2,1.724e-20,1.428e-11,6.446e-20,7.345e-23,2.124e-19,3.348e+1,9.111e-5,2.149e+1,,6.042e+1,1.065e+2,,1.283e+1,7.611e-19,,8.121e-20,2.087e+3,,9.567e+0,,5.113e-12,,2.373e-18,,1.981e+1,9.701e-18,2.662e-17,,6.887e-19,9.505e-17
420.39,2.741e+3,8.476e-21,2.461e-25,3.140e-31,2.634e-16,7.995e-36,,7.946e-20,4.857e-22,,4.022e-15,3.649e-14,1.664e-27,1.048e-17,9.503e-3,4.980e-29,8.454e-21,2.791e-13,,1.776e-10,1.257e-20,2.757e-18,1.025e-6,1.299e-17,9.410e-10,3.289e-1,1.663e-19,8.816e-2,2.440e-23,3.312e+2,1.725e-20,1.472e-11,6.447e-20,7.346e-23,3.000e-20,3.414e+1,1.098e-4,1.834e+1,,5.874e+1,1.138e+2,,1.341e+1,7.617e-19,,8.119e-20,2.142e+3,,9.500e+0,,8.421e-12,,2.372e-18,,1.977e+1,9.681e-18,2.662e-17,,6.872e-19,9.507e-17
420.41,2.770e+3,8.478e-21,2.466e-25,2.162e-31,2.685e-16,8.005e-36,,7.961e-20,4.858e-22,,4.022e-15,5.958e-14,1.662e-27,1.048e-17,8.870e-3,4.997e-29,8.453e-21,1.903e-13,,2.887e-10,1.259e-20,2.954e-18,6.933e-7,1.301e-17,1.178e-9,3.329e-1,1.663e-19,8.406e-2,2.441e-23,3.096e+2,1.725e-20,1.514e-11,6.449e-20,7.347e-23,5.514e-20,3.466e+1,1.365e-4,1.558e+1,,5.701e+1,1.211e+2,,1.397e+1,7.624e-19,,8.117e-20,2.189e+3,,9.496e+0,,1.381e-11,,2.371e-18,,1.964e+1,9.661e-18,2.662e-17,,6.857e-19,9.509e-17
420.44,2.799e+3,8.480e-21,2.473e-25,1.225e-31,2.743e-16,8.020e-36,,7.983e-20,4.860e-22,,4.022e-15,1.233e-13,1.658e-27,1.048e-17,7.934e-3,5.021e-29,8.452e-21,1.079e-13,,5.938e-10,1.261e-20,3.252e-18,3.826e-7,1.304e-17,1.646e-9,3.363e-1,1.663e-19,7.762e-2,2.442e-23,2.781e+2,1.726e-20,1.577e-11,6.451e-20,7.348e-23,1.363e-19,3.517e+1,1.955e-4,1.210e+1,,5.430e+1,1.320e+2,,1.475e+1,7.633e-19,,8.115e-20,2.243e+3,,9.625e+0,,2.877e-11,,2.370e-18,,1.929e+1,9.631e-18,2.661e-17,,6.834e-19,9.513e-17
420.46,2.807e+3,8.481e-21,2.478e-25,8.343e-32,2.766e-16,8.029e-36,,7.998e-20,4.862e-22,,4.021e-15,1.993e-13,1.655e-27,1.048e-17,7.326e-3,5.038e-29,8.452e-21,7.529e-14,,9.553e-10,1.263e-20,3.448e-18,2.560e-7,1.306e-17,2.050e-9,3.370e-1,1.663e-19,7.321e-2,2.442e-23,2.579e+2,1.726e-20,1.618e-11,6.452e-20,7.349e-23,2.479e-19,3.532e+1,2.506e-4,1.017e+1,,5.245e+1,1.390e+2,,1.523e+1,7.639e-19,,8.113e-20,2.267e+3,,9.814e+0,,4.667e-11,,2.369e-18,,1.896e+1,9.611e-18,2.661e-17,,6.819e-19,9.515e-17
420.49,2.801e+3,8.483e-21,2.486e-25,4.651e-32,2.780e-16,8.044e-36,,8.021e-20,4.864e-22,,4.021e-15,4.060e-13,1.651e-27,1.048e-17,6.447e-3,5.062e-29,8.451e-21,4.771e-14,,1.934e-9,1.265e-20,3.736e-18,1.390e-7,1.309e-17,2.831e-9,3.354e-1,1.664e-19,6.652e-2,2.443e-23,2.288e+2,1.727e-20,1.679e-11,6.454e-20,7.350e-23,6.030e-19,3.526e+1,3.644e-4,7.775e+0,,4.964e+1,1.491e+2,,1.588e+1,7.649e-19,,8.111e-20,2.286e+3,,1.027e+1,,9.567e-11,,2.368e-18,,1.833e+1,9.582e-18,2.660e-17,,6.796e-19,9.518e-17
420.51,2.786e+3,8.484e-21,2.491e-25,3.133e-32,2.774e-16,8.053e-36,,8.036e-20,4.865e-22,,4.021e-15,6.490e-13,1.648e-27,1.048e-17,5.889e-3,5.079e-29,8.450e-21,3.942e-14,,3.077e-9,1.267e-20,3.921e-18,9.201e-8,1.311e-17,3.496e-9,3.328e-1,1.664e-19,6.206e-2,2.444e-23,2.104e+2,1.728e-20,1.720e-11,6.456e-20,7.351e-23,1.085e-18,3.503e+1,4.668e-4,6.464e+0,,4.775e+1,1.555e+2,,1.626e+1,7.655e-19,,8.109e-20,2.286e+3,,1.071e+1,,1.536e-10,,2.367e-18,,1.782e+1,9.562e-18,2.660e-17,,6.781e-19,9.520e-17
420.54,2.746e+3,8.486e-21,2.498e-25,1.718e-32,2.743e-16,8.068e-36,,8.058e-20,4.867e-22,,4.020e-15,1.301e-12,1.644e-27,1.048e-17,5.099e-3,5.103e-29,8.449e-21,3.859e-14,,6.130e-9,1.269e-20,4.183e-18,4.914e-8,1.314e-17,4.764e-9,3.266e-1,1.664e-19,5.548e-2,2.445e-23,1.843e+2,1.728e-20,1.780e-11,6.458e-20,7.353e-23,2.597e-18,3.441e+1,6.732e-4,4.860e+0,,4.495e+1,1.643e+2,,1.676e+1,7.664e-19,,8.107e-20,2.267e+3,,1.157e+1,,3.098e-10,,2.366e-18,,1.694e+1,9.532e-18,2.659e-17,,6.758e-19,9.524e-17
420.56,2.707e+3,8.488e-21,2.503e-25,1.145e-32,2.707e-16,8.078e-36,,8.073e-20,4.869e-22,,4.020e-15,2.058e-12,1.642e-27,1.048e-17,4.608e-3,5.120e-29,8.448e-21,4.536e-14,,9.652e-9,1.271e-20,4.345e-18,3.217e-8,1.316e-17,5.828e-9,3.212e-1,1.664e-19,5.120e-2,2.445e-23,1.680e+2,1.729e-20,1.821e-11,6.459e-20,7.353e-23,4.623e-18,3.382e+1,8.554e-4,3.997e+0,,4.311e+1,1.696e+2,,1.704e+1,7.670e-19,,8.105e-20,2.243e+3,,1.230e+1,,4.919e-10,,2.365e-18,,1.630e+1,9.512e-18,2.659e-17,,6.742e-19,9.526e-17
420.59,2.633e+3,8.490e-21,2.511e-25,6.177e-33,2.634e-16,8.092e-36,,8.096e-20,4.871e-22,,4.020e-15,4.062e-12,1.638e-27,1.048e-17,3.925e-3,5.144e-29,8.447e-21,6.824e-14,,1.892e-8,1.273e-20,4.566e-18,1.690e-8,1.319e-17,7.831e-9,3.112e-1,1.665e-19,4.503e-2,2.446e-23,1.453e+2,1.730e-20,1.882e-11,6.461e-20,7.355e-23,1.089e-17,3.269e+1,1.216e-3,2.957e+0,,4.045e+1,1.764e+2,,1.738e+1,7.680e-19,,8.102e-20,2.189e+3,,1.365e+1,,9.766e-10,,2.364e-18,,1.525e+1,9.482e-18,2.658e-17,,6.720e-19,9.529e-17
420.61,2.574e+3,8.491e-21,2.516e-25,4.071e-33,2.572e-16,8.102e-36,,8.111e-20,4.872e-22,,4.019e-15,6.357e-12,1.635e-27,1.048e-17,3.509e-3,5.161e-29,8.446e-21,9.459e-14,,2.947e-8,1.275e-20,4.695e-18,1.095e-8,1.321e-17,9.491e-9,3.035e-1,1.665e-19,4.112e-2,2.447e-23,1.314e+2,1.730e-20,1.924e-11,6.463e-20,7.356e-23,1.918e-17,3.178e+1,1.530e-3,2.406e+0,,3.874e+1,1.803e+2,,1.756e+1,7.686e-19,,8.101e-20,2.142e+3,,1.473e+1,,1.534e-9,,2.363e-18,,1.451e+1,9.462e-18,2.658e-17,,6.704e-19,9.532e-17
420.64,2.470e+3,8.493e-21,2.523e-25,2.161e-33,2.461e-16,8.116e-36,,8.133e-20,4.874e-22,,4.019e-15,1.235e-11,1.631e-27,1.048e-17,2.941e-3,5.185e-29,8.445e-21,1.586e-13,,5.685e-8,1.277e-20,4.860e-18,5.659e-9,1.324e-17,1.257e-8,2.908e-1,1.665e-19,3.558e-2,2.448e-23,1.121e+2,1.731e-20,1.988e-11,6.465e-20,7.357e-23,4.447e-17,3.022e+1,2.142e-3,1.751e+0,,3.632e+1,1.848e+2,,1.775e+1,7.695e-19,,8.098e-20,2.057e+3,,1.662e+1,,2.997e-9,,2.362e-18,,1.335e+1,9.432e-18,2.657e-17,,6.682e-19,9.535e-17
420.66,2.393e+3,8.494e-21,2.528e-25,1.409e-33,2.378e-16,8.126e-36,,8.148e-20,4.876e-22,,4.019e-15,1.912e-11,1.628e-27,1.048e-17,2.600e-3,5.202e-29,8.445e-21,2.248e-13,,8.762e-8,1.279e-20,4.948e-18,3.625e-9,1.326e-17,1.509e-8,2.817e-1,1.665e-19,3.213e-2,2.448e-23,1.005e+2,1.731e-20,2.031e-11,6.466e-20,7.358e-23,7.749e-17,2.907e+1,2.667e-3,1.409e+0,,3.482e+1,1.869e+2,,1.784e+1,7.701e-19,,8.096e-20,1.991e+3,,1.807e+1,,4.659e-9,,2.361e-18,,1.257e+1,9.412e-18,2.657e-17,,6.666e-19,9.537e-17
420.69,2.266e+3,8.496e-21,2.536e-25,7.356e-34,2.239e-16,8.140e-36,,8.171e-20,4.878e-22,,4.018e-15,3.655e-11,1.624e-27,1.048e-17,2.145e-3,5.226e-29,8.444e-21,3.782e-13,,1.663e-7,1.281e-20,5.047e-18,1.843e-9,1.329e-17,1.970e-8,2.676e-1,1.666e-19,2.736e-2,2.449e-23,8.462e+1,1.732e-20,2.097e-11,6.468e-20,7.359e-23,1.768e-16,2.720e+1,3.675e-3,1.009e+0,,3.273e+1,1.888e+2,,1.790e+1,7.711e-19,,8.094e-20,1.881e+3,,2.053e+1,,8.957e-9,,2.360e-18,,1.138e+1,9.382e-18,2.656e-17,,6.643e-19,9.541e-17
420.71,2.175e+3,8.498e-21,2.541e-25,4.744e-34,2.140e-16,8.150e-36,,8.186e-20,4.879e-22,,4.018e-15,5.600e-11,1.622e-27,1.048e-17,1.876e-3,5.243e-29,8.443e-21,5.329e-13,,2.536e-7,1.283e-20,5.090e-18,1.168e-9,1.331e-17,2.341e-8,2.581e-1,1.666e-19,2.444e-2,2.450e-23,7.515e+1,1.733e-20,2.142e-11,6.469e-20,7.360e-23,3.048e-16,2.588e+1,4.527e-3,8.031e-1,,3.147e+1,1.891e+2,,1.791e+1,7.717e-19,,8.092e-20,1.802e+3,,2.237e+1,,1.377e-8,,2.359e-18,,1.060e+1,9.363e-18,2.656e-17,,6.628e-19,9.543e-17
420.74,2.033e+3,8.500e-21,2.548e-25,2.437e-34,1.982e-16,8.165e-36,,8.208e-20,4.881e-22,,4.017e-15,1.054e-10,1.618e-27,1.048e-17,1.522e-3,5.267e-29,8.442e-21,8.847e-13,,4.737e-7,1.285e-20,5.119e-18,5.843e-10,1.334e-17,3.012e-8,2.440e-1,1.666e-19,2.048e-2,2.451e-23,6.249e+1,1.733e-20,2.209e-11,6.472e-20,7.362e-23,6.871e-16,2.382e+1,6.140e-3,5.657e-1,,2.977e+1,1.882e+2,,1.788e+1,7.726e-19,,8.090e-20,1.675e+3,,2.539e+1,,2.606e-8,,2.358e-18,,9.443e+0,9.333e-18,2.655e-17,,6.605e-19,9.546e-17
420.76,1.934e+3,8.501e-21,2.553e-25,1.554e-34,1.874e-16,8.174e-36,,8.223e-20,4.883e-22,,4.017e-15,1.597e-10,1.615e-27,1.048e-17,1.317e-3,5.284e-29,8.441e-21,1.234e-12,,7.146e-7,1.287e-20,5.116e-18,3.662e-10,1.336e-17,3.545e-8,2.350e-1,1.666e-19,1.810e-2,2.451e-23,5.503e+1,1.734e-20,2.254e-11,6.473e-20,7.363e-23,1.172e-15,2.242e+1,7.483e-3,4.455e-1,,2.877e+1,1.867e+2,,1.783e+1,7.732e-19,,8.088e-20,1.587e+3,,2.758e+1,,3.964e-8,,2.357e-18,,8.698e+0,9.313e-18,2.655e-17,,6.590e-19,9.549e-17
420.78,1.835e+3,8.502e-21,2.558e-25,9.871e-35,1.764e-16,8.184e-36,,8.238e-20,4.884e-22,,4.017e-15,2.411e-10,1.612e-27,1.048e-17,1.135e-3,5.300e-29,8.440e-21,1.714e-12,,1.073e-6,1.288e-20,5.094e-18,2.285e-10,1.338e-17,4.156e-8,2.264e-1,1.666e-19,1.593e-2,2.452e-23,4.831e+1,1.734e-20,2.298e-11,6.474e-20,7.363e-23,1.992e-15,2.101e+1,9.082e-3,3.493e-1,,2.788e+1,1.845e+2,,1.776e+1,7.738e-19,,8.086e-20,1.497e+3,,2.990e+1,,6.006e-8,,2.356e-18,,7.976e+0,9.293e-18,2.655e-17,,6.575e-19,9.551e-17
420.81,1.684e+3,8.504e-21,2.566e-25,4.956e-35,1.598e-16,8.198e-36,,8.261e-20,4.886e-22,,4.016e-15,4.437e-10,1.608e-27,1.048e-17,9.000e-4,5.325e-29,8.439e-21,2.784e-12,,1.960e-6,1.291e-20,5.029e-18,1.117e-10,1.342e-17,5.238e-8,2.144e-1,1.667e-19,1.305e-2,2.453e-23,3.952e+1,1.735e-20,2.363e-11,6.476e-20,7.365e-23,4.375e-15,1.891e+1,1.205e-2,2.405e-1,,2.675e+1,1.800e+2,,1.763e+1,7.748e-19,,8.084e-20,1.360e+3,,3.360e+1,,1.111e-7,,2.355e-18,,6.948e+0,9.263e-18,2.654e-17,,6.552e-19,9.554e-17
420.83,1.584e+3,8.506e-21,2.571e-25,3.113e-35,1.487e-16,8.208e-36,,8.276e-20,4.888e-22,,4.016e-15,6.627e-10,1.606e-27,1.048e-17,7.670e-4,5.341e-29,8.439e-21,3.827e-12,,2.913e-6,1.292e-20,4.965e-18,6.895e-11,1.344e-17,6.080e-8,2.073e-1,1.667e-19,1.136e-2,2.453e-23,3.447e+1,1.736e-20,2.404e-11,6.478e-20,7.366e-23,7.354e-15,1.753e+1,1.447e-2,1.865e-1,,2.612e+1,1.763e+2,,1.753e+1,7.754e-19,,8.082e-20,1.269e+3,,3.620e+1,,1.665e-7,,2.354e-18,,6.303e+0,9.243e-18,2.654e-17,,6.537e-19,9.557e-17
420.86,1.436e+3,8.508e-21,2.578e-25,1.538e-35,1.326e-16,8.223e-36,,8.298e-20,4.890e-22,,4.016e-15,1.200e-9,1.602e-27,1.048e-17,5.986e-4,5.366e-29,8.438e-21,6.116e-12,,5.236e-6,1.294e-20,4.843e-18,3.316e-11,1.347e-17,7.548e-8,1.979e-1,1.667e-19,9.161e-3,2.454e-23,2.800e+1,1.736e-20,2.462e-11,6.480e-20,7.367e-23,1.590e-14,1.552e+1,1.889e-2,1.264e-1,,2.536e+1,1.697e+2,,1.737e+1,7.763e-19,,8.080e-20,1.135e+3,,4.025e+1,,3.031e-7,,2.353e-18,,5.402e+0,9.213e-18,2.653e-17,,6.514e-19,9.560e-17
420.88,1.341e+3,8.509e-21,2.583e-25,9.554e-36,1.221e-16,8.232e-36,,8.313e-20,4.891e-22,,4.015e-15,1.774e-9,1.599e-27,1.048e-17,5.046e-4,5.382e-29,8.437e-21,8.317e-12,,7.699e-6,1.296e-20,4.745e-18,2.025e-11,1.349e-17,8.675e-8,1.928e-1,1.667e-19,7.897e-3,2.455e-23,2.437e+1,1.737e-20,2.496e-11,6.481e-20,7.368e-23,2.645e-14,1.423e+1,2.244e-2,9.694e-2,,2.496e+1,1.647e+2,,1.725e+1,7.770e-19,,8.078e-20,1.047e+3,,4.301e+1,,4.494e-7,,2.352e-18,,4.848e+0,9.193e-18,2.653e-17,,6.499e-19,9.562e-17
420.91,1.203e+3,8.511e-21,2.591e-25,4.642e-36,1.071e-16,8.247e-36,,8.336e-20,4.893e-22,,4.015e-15,3.161e-9,1.595e-27,1.048e-17,3.875e-4,5.407e-29,8.436e-21,1.308e-11,,1.362e-5,1.298e-20,4.577e-18,9.580e-12,1.352e-17,1.061e-7,1.866e-1,1.668e-19,6.275e-3,2.456e-23,1.984e+1,1.738e-20,2.541e-11,6.483e-20,7.369e-23,5.627e-14,1.240e+1,2.884e-2,6.461e-2,,2.453e+1,1.564e+2,,1.705e+1,7.779e-19,,8.075e-20,9.212e+2,,4.722e+1,,8.051e-7,,2.351e-18,,4.088e+0,9.163e-18,2.652e-17,,6.476e-19,9.566e-17
420.93,1.115e+3,8.512e-21,2.596e-25,2.853e-36,9.754e-17,8.257e-36,,8.351e-20,4.895e-22,,4.015e-15,4.623e-9,1.592e-27,1.048e-17,3.231e-4,5.423e-29,8.435e-21,1.760e-11,,1.981e-5,1.300e-20,4.454e-18,5.786e-12,1.354e-17,1.207e-7,1.836e-1,1.668e-19,5.360e-3,2.456e-23,1.738e+1,1.738e-20,2.565e-11,6.485e-20,7.370e-23,9.261e-14,1.125e+1,3.390e-2,4.903e-2,,2.433e+1,1.505e+2,,1.691e+1,7.785e-19,,8.074e-20,8.412e+2,,5.004e+1,,1.181e-6,,2.350e-18,,3.629e+0,9.144e-18,2.652e-17,,6.461e-19,9.568e-17
420.96,9.916e+2,8.514e-21,2.603e-25,1.364e-36,8.415e-17,8.271e-36,,8.373e-20,4.897e-22,,4.014e-15,8.110e-9,1.588e-27,1.048e-17,2.441e-4,5.448e-29,8.434e-21,2.725e-11,,3.447e-5,1.302e-20,4.256e-18,2.693e-12,1.357e-17,1.454e-7,1.807e-1,1.668e-19,4.209e-3,2.457e-23,1.445e+1,1.739e-20,2.592e-11,6.487e-20,7.372e-23,1.940e-13,9.641e+0,4.288e-2,3.215e-2,,2.417e+1,1.411e+2,,1.668e+1,7.794e-19,,8.071e-20,7.281e+2,,5.420e+1,,2.082e-6,,2.349e-18,,3.011e+0,9.114e-18,2.651e-17,,6.438e-19,9.571e-17
420.98,9.144e+2,8.515e-21,2.608e-25,8.291e-37,7.585e-17,8.281e-36,,8.388e-20,4.898e-22,,4.014e-15,1.174e-8,1.586e-27,1.048e-17,2.014e-4,5.464e-29,8.433e-21,3.628e-11,,4.961e-5,1.304e-20,4.118e-18,1.609e-12,1.359e-17,1.638e-7,1.798e-1,1.668e-19,3.574e-3,2.458e-23,1.296e+1,1.739e-20,2.603e-11,6.488e-20,7.373e-23,3.159e-13,8.652e+0,4.988e-2,2.414e-2,,2.413e+1,1.347e+2,,1.652e+1,7.801e-19,,8.069e-20,6.577e+2,,5.691e+1,,3.022e-6,,2.348e-18,,2.644e+0,9.094e-18,2.651e-17,,6.423e-19,9.574e-17
421.01,8.072e+2,8.517e-21,2.616e-25,3.898e-37,6.438e-17,8.295e-36,,8.411e-20,4.900e-22,,4.013e-15,2.026e-8,1.582e-27,1.048e-17,1.497e-4,5.489e-29,8.432e-21,5.528e-11,,8.497e-5,1.306e-20,3.905e-18,7.366e-13,1.362e-17,1.944e-7,1.798e-1,1.669e-19,2.794e-3,2.459e-23,1.137e+1,1.740e-20,2.609e-11,6.490e-20,7.374e-23,6.511e-13,7.296e+0,6.209e-2,1.557e-2,,2.416e+1,1.248e+2,,1.626e+1,7.810e-19,,8.067e-20,5.601e+2,,6.081e+1,,5.242e-6,,2.347e-18,,2.159e+0,9.064e-18,2.651e-17,,6.400e-19,9.577e-17
421.03,7.415e+2,8.519e-21,2.621e-25,2.344e-37,5.741e-17,8.305e-36,,8.426e-20,4.902e-22,,4.013e-15,2.901e-8,1.579e-27,1.048e-17,1.222e-4,5.505e-29,8.432e-21,7.282e-11,,1.210e-4,1.308e-20,3.760e-18,4.352e-13,1.364e-17,2.167e-7,1.806e-1,1.669e-19,2.376e-3,2.459e-23,1.071e+1,1.741e-20,2.606e-11,6.492e-20,7.375e-23,1.049e-12,6.478e+0,7.147e-2,1.156e-2,,2.423e+1,1.182e+2,,1.607e+1,7.816e-19,,8.065e-20,5.005e+2,,6.326e+1,,7.527e-6,,2.346e-18,,1.876e+0,9.044e-18,2.650e-17,,6.385e-19,9.579e-17
421.06,6.519e+2,8.521e-21,2.628e-25,1.084e-37,4.794e-17,8.319e-36,,8.448e-20,4.904e-22,,4.013e-15,4.931e-8,1.575e-27,1.048e-17,8.934e-5,5.530e-29,8.431e-21,1.092e-10,,2.039e-4,1.310e-20,3.544e-18,1.961e-13,1.367e-17,2.532e-7,1.829e-1,1.669e-19,1.884e-3,2.460e-23,1.026e+1,1.741e-20,2.589e-11,6.494e-20,7.376e-23,2.129e-12,5.375e+0,8.757e-2,7.339e-3,,2.439e+1,1.083e+2,,1.575e+1,7.825e-19,,8.063e-20,4.193e+2,,6.667e+1,,1.285e-5,,2.345e-18,,1.507e+0,9.014e-18,2.650e-17,,6.362e-19,9.583e-17
421.08,5.979e+2,8.522e-21,2.633e-25,6.451e-38,4.229e-17,8.329e-36,,8.463e-20,4.905e-22,,4.012e-15,6.985e-8,1.572e-27,1.048e-17,7.212e-5,5.546e-29,8.430e-21,1.423e-10,,2.872e-4,1.312e-20,3.402e-18,1.146e-13,1.369e-17,2.795e-7,1.850e-1,1.669e-19,1.635e-3,2.461e-23,1.031e+1,1.742e-20,2.571e-11,6.495e-20,7.377e-23,3.394e-12,4.720e+0,9.974e-2,5.391e-3,,2.452e+1,1.019e+2,,1.552e+1,7.832e-19,,8.061e-20,3.707e+2,,6.872e+1,,1.826e-5,,2.344e-18,,1.296e+0,8.994e-18,2.649e-17,,6.346e-19,9.585e-17
421.11,5.254e+2,8.524e-21,2.641e-25,2.936e-38,3.475e-17,8.344e-36,,8.486e-20,4.908e-22,,4.012e-15,1.168e-7,1.568e-27,1.048e-17,5.189e-5,5.571e-29,8.429e-21,2.101e-10,,4.764e-4,1.314e-20,3.193e-18,5.078e-14,1.372e-17,3.216e-7,1.887e-1,1.670e-19,1.366e-3,2.462e-23,1.090e+1,1.743e-20,2.535e-11,6.497e-20,7.378e-23,6.780e-12,3.853e+0,1.203e-1,3.366e-3,,2.474e+1,9.242e+1,,1.514e+1,7.841e-19,,8.059e-20,3.056e+2,,7.144e+1,,3.067e-5,,2.343e-18,,1.025e+0,8.964e-18,2.649e-17,,6.324e-19,9.588e-17
421.13,4.825e+2,8.525e-21,2.646e-25,1.727e-38,3.032e-17,8.353e-36,,8.501e-20,4.909e-22,,4.012e-15,1.638e-7,1.566e-27,1.048e-17,4.144e-5,5.587e-29,8.428e-21,2.709e-10,,6.639e-4,1.316e-20,3.057e-18,2.936e-14,1.374e-17,3.513e-7,1.913e-1,1.670e-19,1.251e-3,2.462e-23,1.161e+1,1.743e-20,2.506e-11,6.499e-20,7.379e-23,1.070e-11,3.348e+0,1.356e-1,2.446e-3,,2.490e+1,8.636e+1,,1.487e+1,7.847e-19,,8.057e-20,2.672e+2,,7.298e+1,,4.310e-5,,2.342e-18,,8.721e-1,8.944e-18,2.648e-17,,6.308e-19,9.591e-17
421.15,4.437e+2,8.527e-21,2.651e-25,1.012e-38,2.634e-17,8.363e-36,,8.516e-20,4.910e-22,,4.011e-15,2.286e-7,1.563e-27,1.048e-17,3.296e-5,5.604e-29,8.427e-21,3.479e-10,,9.213e-4,1.317e-20,2.926e-18,1.690e-14,1.376e-17,3.822e-7,1.941e-1,1.670e-19,1.181e-3,2.463e-23,1.259e+1,1.744e-20,2.475e-11,6.500e-20,7.380e-23,1.681e-11,2.896e+0,1.521e-1,1.770e-3,,2.505e+1,8.051e+1,,1.457e+1,7.853e-19,,8.055e-20,2.327e+2,,7.430e+1,,6.032e-5,,2.341e-18,,7.393e-1,8.925e-18,2.648e-17,,6.293e-19,9.593e-17
421.18,3.927e+2,8.529e-21,2.658e-25,4.500e-39,2.116e-17,8.377e-36,,8.538e-20,4.912e-22,,4.011e-15,3.740e-7,1.559e-27,1.048e-17,2.318e-5,5.628e-29,8.426e-21,5.022e-10,,1.494e-3,1.320e-20,2.737e-18,7.318e-15,1.379e-17,4.304e-7,1.980e-1,1.670e-19,1.160e-3,2.464e-23,1.455e+1,1.744e-20,2.426e-11,6.502e-20,7.382e-23,3.284e-11,2.311e+0,1.794e-1,1.080e-3,,2.526e+1,7.219e+1,,1.410e+1,7.863e-19,,8.053e-20,1.875e+2,,7.583e+1,,9.908e-5,,2.340e-18,,5.734e-1,8.895e-18,2.647e-17,,6.270e-19,9.596e-17
421.2,3.632e+2,8.530e-21,2.663e-25,2.608e-39,1.818e-17,8.387e-36,,8.553e-20,4.914e-22,,4.011e-15,5.166e-7,1.556e-27,1.048e-17,1.823e-5,5.645e-29,8.426e-21,6.382e-10,,2.051e-3,1.321e-20,2.616e-18,4.167e-15,1.381e-17,4.634e-7,2.004e-1,1.671e-19,1.199e-3,2.464e-23,1.618e+1,1.745e-20,2.395e-11,6.503e-20,7.382e-23,5.106e-11,1.978e+0,1.992e-1,7.730e-4,,2.538e+1,6.697e+1,,1.376e+1,7.869e-19,,8.051e-20,1.615e+2,,7.654e+1,,1.372e-4,,2.339e-18,,4.822e-1,8.875e-18,2.647e-17,,6.255e-19,9.598e-17
421.23,3.251e+2,8.532e-21,2.671e-25,1.141e-39,1.437e-17,8.402e-36,,8.576e-20,4.916e-22,,4.010e-15,8.318e-7,1.552e-27,1.047e-17,1.262e-5,5.669e-29,8.425e-21,9.069e-10,,3.274e-3,1.324e-20,2.444e-18,1.775e-15,1.385e-17,5.138e-7,2.034e-1,1.671e-19,1.335e-3,2.465e-23,1.913e+1,1.746e-20,2.355e-11,6.506e-20,7.384e-23,9.823e-11,1.553e+0,2.313e-1,4.642e-4,,2.552e+1,5.966e+1,,1.323e+1,7.878e-19,,8.048e-20,1.280e+2,,7.716e+1,,2.218e-4,,2.338e-18,,3.706e-1,8.845e-18,2.647e-17,,6.232e-19,9.602e-17
421.25,3.035e+2,8.533e-21,2.676e-25,6.540e-40,1.222e-17,8.411e-36,,8.591e-20,4.917e-22,,4.010e-15,1.137e-6,1.549e-27,1.047e-17,9.818e-6,5.686e-29,8.424e-21,1.140e-9,,4.446e-3,1.325e-20,2.335e-18,9.998e-16,1.387e-17,5.475e-7,2.048e-1,1.671e-19,1.479e-3,2.466e-23,2.144e+1,1.746e-20,2.337e-11,6.507e-20,7.385e-23,1.511e-10,1.314e+0,2.542e-1,3.286e-4,,2.559e+1,5.516e+1,,1.285e+1,7.884e-19,,8.047e-20,1.091e+2,,7.726e+1,,3.038e-4,,2.337e-18,,3.106e-1,8.825e-18,2.646e-17,,6.217e-19,9.604e-17
421.28,2.762e+2,8.535e-21,2.683e-25,2.815e-40,9.501e-18,8.426e-36,,8.613e-20,4.920e-22,,4.010e-15,1.802e-6,1.545e-27,1.047e-17,6.685e-6,5.710e-29,8.423e-21,1.595e-9,,6.983e-3,1.327e-20,2.178e-18,4.191e-16,1.390e-17,5.976e-7,2.060e-1,1.671e-19,1.777e-3,2.467e-23,2.543e+1,1.747e-20,2.330e-11,6.509e-20,7.386e-23,2.863e-10,1.015e+0,2.904e-1,1.941e-4,,2.562e+1,4.897e+1,,1.228e+1,7.894e-19,,8.044e-20,8.512e+1,,7.699e+1,,4.832e-4,,2.336e-18,,2.393e-1,8.795e-18,2.646e-17,,6.194e-19,9.608e-17
421.3,2.610e+2,8.537e-21,2.688e-25,1.596e-40,7.991e-18,8.435e-36,,8.628e-20,4.921e-22,,4.009e-15,2.437e-6,1.543e-27,1.047e-17,5.146e-6,5.727e-29,8.422e-21,1.985e-9,,9.384e-3,1.329e-20,2.079e-18,2.334e-16,1.392e-17,6.302e-7,2.061e-1,1.672e-19,2.034e-3,2.467e-23,2.845e+1,1.747e-20,2.343e-11,6.510e-20,7.387e-23,4.359e-10,8.504e-1,3.158e-1,1.359e-4,,2.561e+1,4.523e+1,,1.190e+1,7.900e-19,,8.043e-20,7.174e+1,,7.653e+1,,6.549e-4,,2.335e-18,,2.024e-1,8.775e-18,2.645e-17,,6.179e-19,9.610e-17
421.33,2.425e+2,8.539e-21,2.696e-25,6.758e-41,6.114e-18,8.450e-36,,8.651e-20,4.923e-22,,4.009e-15,3.801e-6,1.539e-27,1.047e-17,3.447e-6,5.751e-29,8.421e-21,2.733e-9,,1.450e-2,1.331e-20,1.937e-18,9.626e-17,1.395e-17,6.772e-7,2.051e-1,1.672e-19,2.513e-3,2.468e-23,3.352e+1,1.748e-20,2.400e-11,6.512e-20,7.388e-23,8.130e-10,6.464e-1,3.552e-1,7.902e-5,,2.553e+1,4.019e+1,,1.132e+1,7.909e-19,,8.040e-20,5.507e+1,,7.547e+1,,1.025e-3,,2.334e-18,,1.606e-1,8.745e-18,2.645e-17,,6.156e-19,9.613e-17
421.35,2.326e+2,8.540e-21,2.701e-25,3.790e-41,5.087e-18,8.460e-36,,8.666e-20,4.924e-22,,4.009e-15,5.086e-6,1.536e-27,1.047e-17,2.625e-6,5.768e-29,8.420e-21,3.365e-9,,1.928e-2,1.333e-20,1.845e-18,5.304e-17,1.397e-17,7.067e-7,2.036e-1,1.672e-19,2.899e-3,2.469e-23,3.726e+1,1.749e-20,2.468e-11,6.514e-20,7.389e-23,1.225e-9,5.354e-1,3.821e-1,5.474e-5,,2.543e+1,3.723e+1,,1.094e+1,7.915e-19,,8.038e-20,4.592e+1,,7.453e+1,,1.374e-3,,2.333e-18,,1.407e-1,1.610e-17,2.644e-17,,6.141e-19,9.615e-17
421.38,2.211e+2,8.542e-21,2.708e-25,1.579e-41,3.829e-18,8.474e-36,,8.688e-20,4.927e-22,,4.008e-15,7.811e-6,1.532e-27,1.047e-17,1.730e-6,5.792e-29,8.419e-21,4.563e-9,,2.932e-2,1.335e-20,1.714e-18,2.151e-17,1.400e-17,7.476e-7,2.001e-1,1.672e-19,3.588e-3,2.470e-23,4.341e+1,1.749e-20,2.628e-11,6.516e-20,7.391e-23,2.250e-9,4.004e-1,4.230e-1,3.130e-5,,2.524e+1,3.338e+1,,1.040e+1,7.925e-19,,8.036e-20,3.468e+1,,7.283e+1,,2.117e-3,,2.332e-18,,1.210e-1,3.988e-17,2.644e-17,,6.118e-19,9.619e-17
421.4,2.155e+2,8.543e-21,2.713e-25,8.758e-42,3.151e-18,8.484e-36,,8.703e-20,4.928e-22,,4.008e-15,1.034e-5,1.529e-27,1.047e-17,1.303e-6,5.808e-29,8.419e-21,5.560e-9,,3.857e-2,1.337e-20,1.629e-18,1.173e-17,1.402e-17,7.720e-7,1.969e-1,1.673e-19,4.126e-3,2.470e-23,4.786e+1,1.750e-20,2.780e-11,6.517e-20,7.392e-23,3.357e-9,3.282e-1,4.503e-1,2.145e-5,,2.508e+1,3.121e+1,,1.006e+1,7.931e-19,,8.034e-20,2.860e+1,,7.153e+1,,2.809e-3,,2.331e-18,,1.140e-1,7.264e-17,2.643e-17,,6.103e-19,9.621e-17
421.43,2.098e+2,8.545e-21,2.721e-25,3.589e-42,2.334e-18,8.498e-36,,8.726e-20,4.930e-22,,4.007e-15,1.563e-5,1.525e-27,1.047e-17,8.450e-7,5.833e-29,8.418e-21,7.421e-9,,5.772e-2,1.339e-20,1.506e-18,4.679e-18,1.405e-17,8.039e-7,1.911e-1,1.673e-19,5.059e-3,2.471e-23,5.505e+1,1.751e-20,3.091e-11,6.519e-20,7.393e-23,6.071e-9,2.415e-1,4.907e-1,1.207e-5,,2.480e+1,2.858e+1,,9.599e+0,7.940e-19,,8.032e-20,2.125e+1,,6.938e+1,,4.257e-3,,2.330e-18,,1.116e-1,1.771e-16,2.643e-17,,6.080e-19,9.625e-17
421.45,2.076e+2,8.547e-21,2.726e-25,1.969e-42,1.900e-18,8.508e-36,,8.741e-20,4.932e-22,,4.007e-15,2.048e-5,1.523e-27,1.047e-17,6.297e-7,5.849e-29,8.417e-21,8.950e-9,,7.511e-2,1.341e-20,1.427e-18,2.522e-18,1.407e-17,8.215e-7,1.865e-1,1.673e-19,5.771e-3,2.472e-23,6.015e+1,1.751e-20,3.362e-11,6.521e-20,7.394e-23,8.966e-9,1.957e-1,5.169e-1,8.180e-6,,2.460e+1,2.725e+1,,9.325e+0,7.946e-19,,8.030e-20,1.734e+1,,6.785e+1,,5.587e-3,,2.329e-18,,1.152e-1,3.192e-16,2.643e-17,,6.065e-19,9.627e-17
421.48,2.067e+2,8.549e-21,2.733e-25,7.939e-43,1.385e-18,8.523e-36,,8.763e-20,4.934e-22,,4.007e-15,3.047e-5,1.519e-27,1.047e-17,4.017e-7,5.874e-29,8.416e-21,1.176e-8,,1.106e-1,1.343e-20,1.311e-18,2.499e-18,1.410e-17,8.420e-7,1.787e-1,1.673e-19,6.980e-3,2.473e-23,6.825e+1,1.752e-20,3.878e-11,6.523e-20,7.395e-23,1.597e-8,1.417e-1,5.544e-1,4.528e-6,,2.430e+1,2.591e+1,,8.977e+0,7.956e-19,,8.027e-20,1.268e+1,,6.545e+1,,8.334e-3,,2.328e-18,,1.279e-1,7.660e-16,2.642e-17,,6.042e-19,9.630e-17
421.5,2.075e+2,8.550e-21,2.738e-25,4.309e-43,1.115e-18,8.532e-36,,8.778e-20,4.935e-22,,4.006e-15,3.950e-5,1.516e-27,1.047e-17,2.961e-7,5.890e-29,8.415e-21,1.404e-8,,1.424e-1,1.345e-20,1.236e-18,2.483e-18,1.412e-17,8.515e-7,1.730e-1,1.674e-19,7.884e-3,2.473e-23,7.390e+1,1.753e-20,4.305e-11,6.524e-20,7.396e-23,2.335e-8,1.136e-1,5.779e-1,3.036e-6,,2.412e+1,2.548e+1,,8.792e+0,7.962e-19,,8.026e-20,1.023e+1,,6.382e+1,,1.082e-2,,2.327e-18,,1.413e-1,1.366e-15,2.642e-17,,6.027e-19,9.632e-17
421.52,2.094e+2,8.551e-21,2.743e-25,2.329e-43,8.944e-19,8.542e-36,,8.793e-20,4.936e-22,,4.006e-15,5.099e-5,1.513e-27,1.047e-17,2.173e-7,5.907e-29,8.414e-21,1.669e-8,,1.826e-1,1.346e-20,1.162e-18,2.467e-18,1.414e-17,8.574e-7,1.670e-1,1.674e-19,8.870e-3,2.474e-23,7.973e+1,1.753e-20,4.807e-11,6.526e-20,7.397e-23,3.401e-8,9.074e-2,5.998e-1,2.027e-6,,2.396e+1,2.543e+1,,8.647e+0,7.968e-19,,8.024e-20,8.225e+0,,6.218e+1,,1.399e-2,,2.326e-18,,1.585e-1,2.425e-15,2.641e-17,,6.011e-19,9.635e-17
421.55,2.141e+2,8.553e-21,2.751e-25,2.321e-43,6.372e-19,8.556e-36,,8.816e-20,4.939e-22,,4.006e-15,7.421e-5,1.509e-27,1.047e-17,1.356e-7,5.931e-29,8.413e-21,2.146e-8,,2.629e-1,1.349e-20,1.055e-18,2.443e-18,1.417e-17,8.595e-7,1.576e-1,1.674e-19,1.050e-2,2.475e-23,8.873e+1,1.754e-20,5.713e-11,6.528e-20,7.398e-23,5.932e-8,6.422e-2,6.293e-1,1.097e-6,,2.380e+1,2.613e+1,,8.509e+0,7.977e-19,,8.021e-20,5.878e+0,,5.975e+1,,2.041e-2,,2.325e-18,,1.918e-1,5.690e-15,2.641e-17,,5.989e-19,9.638e-17
421.57,2.185e+2,8.555e-21,2.756e-25,2.315e-43,5.055e-19,8.566e-36,,8.831e-20,4.940e-22,,4.005e-15,9.479e-5,1.507e-27,1.047e-17,9.841e-8,5.948e-29,8.413e-21,2.526e-8,,3.334e-1,1.350e-20,9.858e-19,2.427e-18,1.419e-17,8.564e-7,1.512e-1,1.674e-19,1.169e-2,2.475e-23,9.485e+1,1.754e-20,6.429e-11,6.529e-20,7.399e-23,8.554e-8,5.073e-2,6.463e-1,7.245e-7,,2.375e+1,2.714e+1,,8.471e+0,7.984e-19,,8.020e-20,4.674e+0,,5.817e+1,,2.611e-2,,2.324e-18,,2.192e-1,9.995e-15,2.640e-17,,5.973e-19,9.640e-17
421.6,2.268e+2,8.557e-21,2.763e-25,2.308e-43,3.543e-19,8.581e-36,,8.853e-20,4.942e-22,,4.005e-15,1.358e-4,1.503e-27,1.047e-17,6.039e-8,5.972e-29,8.412e-21,3.199e-8,,4.725e-1,1.353e-20,8.857e-19,2.404e-18,1.422e-17,8.450e-7,1.415e-1,1.675e-19,1.362e-2,2.476e-23,1.041e+2,1.755e-20,7.685e-11,6.531e-20,7.401e-23,1.470e-7,3.532e-2,6.674e-1,3.863e-7,,2.382e+1,2.955e+1,,8.497e+0,7.993e-19,,8.017e-20,3.286e+0,,5.589e+1,,3.747e-2,,2.323e-18,,2.686e-1,2.309e-14,2.640e-17,,5.950e-19,9.644e-17
421.62,2.335e+2,8.558e-21,2.768e-25,2.302e-43,2.780e-19,8.590e-36,,8.868e-20,4.944e-22,,4.005e-15,1.716e-4,1.500e-27,1.047e-17,4.337e-8,5.989e-29,8.411e-21,3.726e-8,,5.929e-1,1.354e-20,8.216e-19,2.388e-18,1.424e-17,8.330e-7,1.352e-1,1.675e-19,1.500e-2,2.477e-23,1.103e+2,1.756e-20,8.653e-11,6.533e-20,7.401e-23,2.100e-7,2.760e-2,6.783e-1,2.532e-7,,2.397e+1,3.178e+1,,8.568e+0,7.999e-19,,8.016e-20,2.585e+0,,5.445e+1,,4.742e-2,,2.322e-18,,3.073e-1,4.012e-14,2.639e-17,,5.935e-19,9.646e-17
421.65,2.452e+2,8.560e-21,2.775e-25,2.294e-43,1.917e-19,8.605e-36,,8.891e-20,4.946e-22,,4.004e-15,2.420e-4,1.496e-27,1.047e-17,2.619e-8,6.013e-29,8.410e-21,4.648e-8,,8.268e-1,1.357e-20,7.297e-19,2.364e-18,1.428e-17,8.090e-7,1.260e-1,1.675e-19,1.720e-2,2.478e-23,1.195e+2,1.756e-20,1.031e-10,6.535e-20,7.403e-23,3.557e-7,1.891e-2,6.895e-1,1.348e-7,,2.439e+1,3.615e+1,,8.752e+0,8.008e-19,,8.013e-20,1.788e+0,,5.243e+1,,6.697e-2,,2.321e-18,,3.746e-1,9.121e-14,2.639e-17,,5.912e-19,9.649e-17
421.67,2.540e+2,8.561e-21,2.780e-25,2.289e-43,1.488e-19,8.614e-36,,8.906e-20,4.947e-22,,4.004e-15,3.027e-4,1.493e-27,1.047e-17,1.860e-8,6.030e-29,8.409e-21,5.359e-8,,1.026e+0,1.358e-20,6.714e-19,2.348e-18,1.430e-17,7.891e-7,1.203e-1,1.675e-19,1.875e-2,2.478e-23,1.255e+2,1.757e-20,1.156e-10,6.536e-20,7.404e-23,5.030e-7,1.462e-2,6.933e-1,8.985e-8,,2.482e+1,3.980e+1,,8.923e+0,8.015e-19,,8.011e-20,1.391e+0,,5.119e+1,,8.385e-2,,2.320e-18,,4.259e-1,1.569e-13,2.639e-17,,5.897e-19,9.652e-17
421.7,2.689e+2,8.563e-21,2.788e-25,2.281e-43,1.010e-19,8.629e-36,,8.928e-20,4.949e-22,,4.004e-15,4.201e-4,1.489e-27,1.047e-17,1.105e-8,6.054e-29,8.408e-21,6.586e-8,,1.408e+0,1.360e-20,5.888e-19,2.324e-18,1.433e-17,7.542e-7,1.124e-1,1.676e-19,2.115e-2,2.479e-23,1.342e+2,1.758e-20,1.366e-10,6.538e-20,7.405e-23,8.400e-7,9.853e-3,6.937e-1,5.315e-8,,2.572e+1,4.644e+1,,9.241e+0,8.024e-19,,8.009e-20,9.471e-1,,4.949e+1,,1.165e-1,,2.319e-18,,5.130e-1,3.509e-13,2.638e-17,,5.874e-19,9.655e-17
421.72,2.800e+2,8.564e-21,2.793e-25,2.276e-43,7.756e-20,8.639e-36,,8.943e-20,4.951e-22,,4.003e-15,5.200e-4,1.487e-27,1.047e-17,7.767e-9,6.071e-29,8.407e-21,7.518e-8,,1.730e+0,1.362e-20,5.371e-19,2.309e-18,1.435e-17,7.279e-7,1.077e-1,1.676e-19,2.280e-2,2.480e-23,1.398e+2,1.758e-20,1.521e-10,6.540e-20,7.406e-23,1.177e-6,7.534e-3,6.903e-1,4.263e-8,,2.650e+1,5.170e+1,,9.491e+0,8.030e-19,,8.007e-20,7.290e-1,,4.846e+1,,1.444e-1,,2.318e-18,,5.780e-1,5.971e-13,2.638e-17,,5.859e-19,9.657e-17
421.75,2.981e+2,8.566e-21,2.800e-25,2.268e-43,5.177e-20,8.653e-36,,8.966e-20,4.953e-22,,4.003e-15,7.104e-4,1.483e-27,1.047e-17,4.539e-9,6.095e-29,8.406e-21,9.101e-8,,2.336e+0,1.364e-20,4.648e-19,2.285e-18,1.438e-17,6.847e-7,1.015e-1,1.676e-19,2.532e-2,2.481e-23,1.477e+2,1.759e-20,1.775e-10,6.542e-20,7.407e-23,1.938e-6,4.998e-3,6.799e-1,4.276e-8,,2.795e+1,6.092e+1,,9.908e+0,8.039e-19,,8.005e-20,4.882e-1,,4.709e+1,,1.975e-1,,2.317e-18,,6.860e-1,1.315e-12,2.637e-17,,5.836e-19,9.661e-17
421.77,3.112e+2,8.568e-21,2.805e-25,2.263e-43,3.933e-20,8.663e-36,,8.981e-20,4.954e-22,,4.003e-15,8.700e-4,1.480e-27,1.047e-17,3.156e-9,6.112e-29,8.406e-21,1.029e-7,,2.839e+0,1.366e-20,4.202e-19,2.269e-18,1.440e-17,6.538e-7,9.808e-2,1.676e-19,2.701e-2,2.481e-23,1.526e+2,1.759e-20,1.959e-10,6.543e-20,7.408e-23,2.690e-6,3.781e-3,6.695e-1,5.344e-8,,2.913e+1,6.800e+1,,1.021e+1,8.046e-19,,8.003e-20,3.717e-1,,4.628e+1,,2.420e-1,,2.316e-18,,7.651e-1,2.213e-12,2.637e-17,,5.821e-19,9.663e-17
421.8,3.326e+2,8.570e-21,2.813e-25,2.255e-43,2.584e-20,8.677e-36,,9.003e-20,4.956e-22,,4.002e-15,1.170e-3,1.476e-27,1.047e-17,1.815e-9,6.136e-29,8.405e-21,1.227e-7,,3.772e+0,1.368e-20,3.588e-19,2.245e-18,1.443e-17,6.053e-7,9.400e-2,1.677e-19,2.951e-2,2.482e-23,1.594e+2,1.760e-20,2.255e-10,6.545e-20,7.410e-23,4.369e-6,2.469e-3,6.490e-1,9.018e-8,,3.120e+1,8.006e+1,,1.068e+1,8.055e-19,,8.000e-20,2.450e-1,,4.521e+1,,3.257e-1,,2.315e-18,,8.941e-1,4.796e-12,2.636e-17,,5.798e-19,9.666e-17
421.82,3.479e+2,8.571e-21,2.818e-25,2.249e-43,1.942e-20,8.687e-36,,9.018e-20,4.958e-22,,4.002e-15,1.418e-3,1.473e-27,1.047e-17,1.248e-9,6.153e-29,8.404e-21,1.373e-7,,4.535e+0,1.370e-20,3.215e-19,2.229e-18,1.445e-17,5.718e-7,9.201e-2,1.677e-19,3.114e-2,2.483e-23,1.635e+2,1.761e-20,2.464e-10,6.547e-20,7.411e-23,6.010e-6,1.850e-3,6.324e-1,1.348e-7,,3.279e+1,8.910e+1,,1.100e+1,8.061e-19,,7.999e-20,1.845e-1,,4.459e+1,,3.949e-1,,2.314e-18,,9.868e-1,7.989e-12,2.636e-17,,5.783e-19,9.669e-17
421.85,3.724e+2,8.573e-21,2.825e-25,2.242e-43,1.255e-20,8.701e-36,,9.041e-20,4.960e-22,,4.001e-15,1.877e-3,1.469e-27,1.047e-17,7.062e-10,6.177e-29,8.403e-21,1.614e-7,,5.930e+0,1.372e-20,2.709e-19,2.206e-18,1.448e-17,5.210e-7,9.012e-2,1.677e-19,3.348e-2,2.484e-23,1.691e+2,1.761e-20,2.795e-10,6.549e-20,7.412e-23,9.632e-6,1.193e-3,6.034e-1,2.519e-7,,3.548e+1,1.042e+2,,1.147e+1,8.070e-19,,7.996e-20,1.196e-1,,4.378e+1,,5.231e-1,,2.313e-18,,1.135e+0,1.704e-11,2.635e-17,,5.760e-19,9.672e-17
421.87,3.899e+2,8.574e-21,2.830e-25,2.236e-43,9.329e-21,8.711e-36,,9.056e-20,4.961e-22,,4.001e-15,2.251e-3,1.467e-27,1.047e-17,4.804e-10,6.194e-29,8.402e-21,1.789e-7,,7.053e+0,1.374e-20,2.406e-19,2.190e-18,1.450e-17,4.870e-7,8.956e-2,1.677e-19,3.495e-2,2.484e-23,1.724e+2,1.762e-20,3.024e-10,6.550e-20,7.413e-23,1.313e-5,8.882e-4,5.818e-1,3.828e-7,,3.746e+1,1.153e+2,,1.178e+1,8.077e-19,,7.995e-20,8.913e-2,,4.331e+1,,6.275e-1,,2.312e-18,,1.239e+0,2.808e-11,2.635e-17,,5.745e-19,9.674e-17
421.9,4.178e+2,8.576e-21,2.838e-25,2.228e-43,5.932e-21,8.726e-36,,9.078e-20,4.963e-22,,4.001e-15,2.933e-3,1.463e-27,1.047e-17,2.674e-10,6.218e-29,8.401e-21,2.072e-7,,9.076e+0,1.376e-20,2.004e-19,2.166e-18,1.453e-17,4.366e-7,8.971e-2,1.678e-19,3.697e-2,2.485e-23,1.768e+2,1.763e-20,3.376e-10,6.552e-20,7.414e-23,2.077e-5,5.731e-4,5.465e-1,7.137e-7,,4.069e+1,1.334e+2,,1.221e+1,8.086e-19,,7.992e-20,5.686e-2,,4.269e+1,,8.179e-1,,2.310e-18,,1.403e+0,5.894e-11,2.634e-17,,5.722e-19,9.678e-17
421.92,4.375e+2,8.578e-21,2.843e-25,2.223e-43,4.362e-21,8.735e-36,,9.093e-20,4.965e-22,,4.000e-15,3.481e-3,1.460e-27,1.047e-17,1.800e-10,6.235e-29,8.400e-21,2.275e-7,,1.068e+1,1.378e-20,1.768e-19,2.150e-18,1.455e-17,4.038e-7,9.042e-2,1.678e-19,3.818e-2,2.486e-23,1.793e+2,1.763e-20,3.615e-10,6.553e-20,7.415e-23,2.808e-5,4.329e-4,5.214e-1,1.076e-6,,4.299e+1,1.465e+2,,1.248e+1,8.092e-19,,7.990e-20,4.191e-2,,4.233e+1,,9.707e-1,,2.310e-18,,1.515e+0,9.611e-11,2.634e-17,,5.707e-19,9.680e-17
421.94,4.580e+2,8.579e-21,2.848e-25,2.218e-43,3.195e-21,8.745e-36,,9.108e-20,4.966e-22,,4.000e-15,4.114e-3,1.457e-27,1.047e-17,1.206e-10,6.251e-29,8.400e-21,2.488e-7,,1.251e+1,1.379e-20,1.558e-19,2.134e-18,1.457e-17,3.718e-7,9.158e-2,1.678e-19,3.927e-2,2.487e-23,1.817e+2,1.764e-20,3.854e-10,6.555e-20,7.416e-23,3.782e-5,3.343e-4,4.954e-1,1.616e-6,,4.540e+1,1.603e+2,,1.273e+1,8.098e-19,,7.989e-20,3.076e-2,,4.200e+1,,1.147e+0,,2.309e-18,,1.630e+0,1.560e-10,2.634e-17,,5.692e-19,9.682e-17
421.97,4.905e+2,8.581e-21,2.855e-25,2.210e-43,1.986e-21,8.759e-36,,9.131e-20,4.968e-22,,4.000e-15,5.244e-3,1.453e-27,1.047e-17,6.563e-11,6.276e-29,8.399e-21,2.825e-7,,1.575e+1,1.382e-20,1.286e-19,2.110e-18,1.460e-17,3.260e-7,9.402e-2,1.678e-19,4.062e-2,2.487e-23,1.848e+2,1.764e-20,4.210e-10,6.557e-20,7.417e-23,5.877e-5,2.473e-4,4.551e-1,2.951e-6,,4.917e+1,1.824e+2,,1.305e+1,8.108e-19,,7.986e-20,1.918e-2,,4.154e+1,,1.462e+0,,2.308e-18,,1.804e+0,3.203e-10,2.633e-17,,5.669e-19,9.686e-17
421.99,5.133e+2,8.582e-21,2.860e-25,2.205e-43,1.438e-21,8.769e-36,,9.146e-20,4.970e-22,,3.999e-15,6.133e-3,1.451e-27,1.047e-17,4.351e-11,6.292e-29,8.398e-21,3.060e-7,,1.825e+1,1.383e-20,1.132e-19,2.095e-18,1.462e-17,2.970e-7,9.604e-2,1.678e-19,4.132e-2,2.488e-23,1.867e+2,1.765e-20,4.441e-10,6.558e-20,7.418e-23,7.851e-5,2.224e-4,4.279e-1,4.386e-6,,5.175e+1,1.979e+2,,1.323e+1,8.114e-19,,7.984e-20,1.392e-2,,4.125e+1,,1.709e+0,,2.307e-18,,1.920e+0,5.146e-10,2.633e-17,,5.653e-19,9.688e-17
422.02,5.489e+2,8.584e-21,2.868e-25,2.197e-43,8.796e-22,8.784e-36,,9.168e-20,4.972e-22,,3.999e-15,7.695e-3,1.447e-27,1.047e-17,2.329e-11,6.317e-29,8.397e-21,3.426e-7,,2.260e+1,1.386e-20,9.399e-20,2.071e-18,1.465e-17,2.562e-7,9.950e-2,1.679e-19,4.207e-2,2.489e-23,1.894e+2,1.766e-20,4.774e-10,6.560e-20,7.420e-23,1.205e-4,2.296e-4,3.870e-1,7.882e-6,,5.567e+1,2.222e+2,,1.346e+1,8.123e-19,,7.982e-20,8.544e-3,,4.084e+1,,2.144e+0,,2.306e-18,,2.091e+0,1.040e-9,2.632e-17,,5.631e-19,9.691e-17
422.04,5.737e+2,8.586e-21,2.873e-25,2.191e-43,6.304e-22,8.793e-36,,9.183e-20,4.973e-22,,3.999e-15,8.906e-3,1.444e-27,1.047e-17,1.527e-11,6.333e-29,8.396e-21,3.676e-7,,2.592e+1,1.387e-20,8.357e-20,2.055e-18,1.467e-17,2.309e-7,1.020e-1,1.679e-19,4.234e-2,2.490e-23,1.912e+2,1.766e-20,4.983e-10,6.562e-20,7.420e-23,1.597e-4,2.649e-4,3.600e-1,1.159e-5,,5.828e+1,2.390e+2,,1.358e+1,8.129e-19,,7.980e-20,6.136e-3,,4.056e+1,,2.480e+0,,2.305e-18,,2.201e+0,1.653e-9,2.632e-17,,5.615e-19,9.693e-17
422.07,6.123e+2,8.588e-21,2.880e-25,2.183e-43,3.793e-22,8.808e-36,,9.206e-20,4.975e-22,,3.998e-15,1.100e-2,1.440e-27,1.047e-17,8.045e-12,6.358e-29,8.395e-21,4.059e-7,,3.158e+1,1.390e-20,7.124e-20,2.031e-18,1.471e-17,1.961e-7,1.059e-1,1.679e-19,4.242e-2,2.490e-23,1.941e+2,1.767e-20,5.271e-10,6.564e-20,7.422e-23,2.422e-4,3.714e-4,3.205e-1,2.050e-5,,6.213e+1,2.648e+2,,1.371e+1,8.139e-19,,7.978e-20,3.704e-3,,4.012e+1,,3.060e+0,,2.304e-18,,2.359e+0,3.286e-9,2.631e-17,,5.593e-19,9.697e-17
422.09,6.389e+2,8.589e-21,2.885e-25,2.178e-43,2.689e-22,8.818e-36,,9.221e-20,4.977e-22,,3.998e-15,1.260e-2,1.437e-27,1.047e-17,5.219e-12,6.374e-29,8.394e-21,4.316e-7,,3.583e+1,1.391e-20,6.506e-20,2.015e-18,1.473e-17,1.748e-7,1.084e-1,1.679e-19,4.224e-2,2.491e-23,1.962e+2,1.767e-20,5.443e-10,6.565e-20,7.423e-23,3.184e-4,4.875e-4,2.950e-1,2.982e-5,,6.462e+1,2.822e+2,,1.378e+1,8.145e-19,,7.976e-20,2.632e-3,,3.982e+1,,3.502e+0,,2.303e-18,,2.457e+0,5.167e-9,2.631e-17,,5.577e-19,9.699e-17
422.12,6.798e+2,8.591e-21,2.893e-25,2.170e-43,1.592e-22,8.832e-36,,9.243e-20,4.979e-22,,3.998e-15,1.532e-2,1.433e-27,1.047e-17,2.705e-12,6.399e-29,8.393e-21,4.699e-7,,4.296e+1,1.393e-20,5.859e-20,1.992e-18,1.476e-17,1.461e-7,1.121e-1,1.680e-19,4.165e-2,2.492e-23,1.998e+2,1.768e-20,5.667e-10,6.567e-20,7.424e-23,4.773e-4,7.547e-4,2.585e-1,5.191e-5,,6.817e+1,3.084e+2,,1.385e+1,8.154e-19,,7.973e-20,1.563e-3,,3.933e+1,,4.253e+0,,2.301e-18,,2.591e+0,1.011e-8,2.630e-17,,5.554e-19,9.703e-17
422.14,7.078e+2,8.592e-21,2.898e-25,2.165e-43,1.116e-22,8.842e-36,,9.258e-20,4.980e-22,,3.997e-15,1.736e-2,1.430e-27,1.047e-17,1.736e-12,6.415e-29,8.393e-21,4.952e-7,,4.823e+1,1.395e-20,5.602e-20,1.976e-18,1.478e-17,1.289e-7,1.144e-1,1.680e-19,4.104e-2,2.493e-23,2.026e+2,1.769e-20,5.789e-10,6.569e-20,7.425e-23,6.227e-4,1.017e-3,2.355e-1,7.471e-5,,7.039e+1,3.258e+2,,1.389e+1,8.160e-19,,7.972e-20,1.099e-3,,3.898e+1,,4.815e+0,,2.301e-18,,2.670e+0,1.573e-8,2.630e-17,,5.539e-19,9.705e-17
422.17,7.504e+2,8.594e-21,2.905e-25,2.157e-43,6.502e-23,8.856e-36,,9.281e-20,4.982e-22,,3.997e-15,2.078e-2,1.426e-27,1.047e-17,8.849e-13,6.440e-29,8.392e-21,5.319e-7,,5.691e+1,1.397e-20,5.457e-20,1.952e-18,1.481e-17,1.059e-7,1.173e-1,1.680e-19,3.984e-2,2.493e-23,2.075e+2,1.769e-20,5.931e-10,6.571e-20,7.426e-23,9.227e-4,1.589e-3,2.031e-1,1.280e-4,,7.343e+1,3.513e+2,,1.395e+1,8.170e-19,,7.969e-20,6.420e-4,,3.840e+1,,5.755e+0,,2.299e-18,,2.771e+0,3.030e-8,2.629e-17,,5.516e-19,9.708e-17
422.19,7.791e+2,8.596e-21,2.910e-25,2.152e-43,4.511e-23,8.866e-36,,9.296e-20,4.984e-22,,3.996e-15,2.330e-2,1.424e-27,1.047e-17,5.617e-13,6.456e-29,8.391e-21,5.554e-7,,6.321e+1,1.399e-20,5.512e-20,1.936e-18,1.483e-17,9.248e-8,1.188e-1,1.680e-19,3.886e-2,2.494e-23,2.113e+2,1.770e-20,5.995e-10,6.572e-20,7.427e-23,1.195e-3,2.133e-3,1.831e-1,1.823e-4,,7.525e+1,3.677e+2,,1.399e+1,8.176e-19,,7.968e-20,4.464e-4,,3.798e+1,,6.447e+0,,2.299e-18,,2.825e+0,4.666e-8,2.629e-17,,5.501e-19,9.710e-17
422.22,8.223e+2,8.598e-21,2.918e-25,2.144e-43,2.585e-23,8.880e-36,,9.319e-20,4.986e-22,,3.996e-15,2.745e-2,1.420e-27,1.047e-17,2.818e-13,6.481e-29,8.390e-21,5.887e-7,,7.339e+1,1.401e-20,5.803e-20,1.912e-18,1.486e-17,7.481e-8,1.205e-1,1.681e-19,3.715e-2,2.495e-23,2.179e+2,1.771e-20,6.043e-10,6.574e-20,7.429e-23,1.750e-3,3.297e-3,1.554e-1,3.073e-4,,7.764e+1,3.911e+2,,1.408e+1,8.185e-19,,7.965e-20,2.567e-4,,3.730e+1,,7.582e+0,,2.297e-18,,2.884e+0,8.843e-8,2.628e-17,,5.478e-19,9.714e-17
422.24,8.509e+2,8.599e-21,2.923e-25,2.139e-43,1.774e-23,8.890e-36,,9.334e-20,4.987e-22,,3.996e-15,3.047e-2,1.417e-27,1.047e-17,1.770e-13,6.497e-29,8.389e-21,6.093e-7,,8.064e+1,1.403e-20,6.131e-20,1.896e-18,1.488e-17,6.460e-8,1.212e-1,1.681e-19,3.588e-2,2.496e-23,2.230e+2,1.771e-20,6.043e-10,6.576e-20,7.430e-23,2.250e-3,4.386e-3,1.386e-1,4.330e-4,,7.898e+1,4.057e+2,,1.416e+1,8.191e-19,,7.963e-20,1.765e-4,,3.681e+1,,8.402e+0,,2.297e-18,,2.909e+0,1.347e-7,2.628e-17,,5.463e-19,9.716e-17
422.27,8.932e+2,8.601e-21,2.930e-25,2.131e-43,1.000e-23,8.905e-36,,9.356e-20,4.989e-22,,3.995e-15,3.534e-2,1.413e-27,1.047e-17,8.735e-14,6.522e-29,8.388e-21,6.372e-7,,9.214e+1,1.405e-20,6.809e-20,1.873e-18,1.491e-17,5.143e-8,1.214e-1,1.681e-19,3.383e-2,2.496e-23,2.315e+2,1.772e-20,5.995e-10,6.578e-20,7.431e-23,3.260e-3,6.678e-3,1.159e-1,7.185e-4,,8.060e+1,4.257e+2,,1.434e+1,8.201e-19,,7.961e-20,9.987e-5,,3.602e+1,,9.725e+0,,2.295e-18,,2.923e+0,2.513e-7,2.628e-17,,5.440e-19,9.720e-17
422.29,9.208e+2,8.602e-21,2.935e-25,2.125e-43,6.791e-24,8.914e-36,,9.371e-20,4.991e-22,,3.995e-15,3.881e-2,1.410e-27,1.047e-17,5.426e-14,6.538e-29,8.387e-21,6.537e-7,,1.002e+2,1.407e-20,7.380e-20,1.857e-18,1.493e-17,4.394e-8,1.210e-1,1.681e-19,3.239e-2,2.497e-23,2.377e+2,1.772e-20,5.931e-10,6.579e-20,7.432e-23,4.158e-3,8.792e-3,1.023e-1,1.002e-3,,8.142e+1,4.376e+2,,1.450e+1,8.207e-19,,7.959e-20,6.795e-5,,3.545e+1,,1.066e+1,,2.295e-18,,2.917e+0,3.788e-7,2.627e-17,,5.425e-19,9.722e-17
422.31,9.476e+2,8.604e-21,2.940e-25,2.120e-43,4.590e-24,8.924e-36,,9.386e-20,4.992e-22,,3.995e-15,4.244e-2,1.408e-27,1.047e-17,3.356e-14,6.555e-29,8.387e-21,6.682e-7,,1.084e+2,1.408e-20,8.041e-20,1.841e-18,1.495e-17,3.738e-8,1.202e-1,1.682e-19,3.093e-2,2.498e-23,2.445e+2,1.773e-20,5.842e-10,6.581e-20,7.433e-23,5.289e-3,1.153e-2,8.988e-2,1.390e-3,,8.202e+1,4.482e+2,,1.470e+1,8.213e-19,,7.957e-20,4.603e-5,,3.485e+1,,1.164e+1,,2.294e-18,,2.898e+0,5.685e-7,2.627e-17,,5.410e-19,9.724e-17
422.34,9.859e+2,8.606e-21,2.948e-25,2.112e-43,2.530e-24,8.938e-36,,9.409e-20,4.994e-22,,3.994e-15,4.816e-2,1.404e-27,1.047e-17,1.619e-14,6.579e-29,8.386e-21,6.862e-7,,1.211e+2,1.411e-20,9.195e-20,1.817e-18,1.498e-17,2.909e-8,1.182e-1,1.682e-19,2.873e-2,2.499e-23,2.555e+2,1.774e-20,5.666e-10,6.583e-20,7.434e-23,7.545e-3,1.716e-2,7.348e-2,2.256e-3,,8.254e+1,4.615e+2,,1.509e+1,8.222e-19,,7.955e-20,2.546e-5,,3.389e+1,,1.317e+1,,2.292e-18,,2.847e+0,1.037e-6,2.626e-17,,5.387e-19,9.727e-17
422.36,1.010e+3,8.607e-21,2.953e-25,2.107e-43,1.692e-24,8.948e-36,,9.424e-20,4.996e-22,,3.994e-15,5.212e-2,1.401e-27,1.047e-17,9.908e-15,6.596e-29,8.385e-21,6.953e-7,,1.297e+2,1.412e-20,1.007e-19,1.801e-18,1.500e-17,2.448e-8,1.163e-1,1.682e-19,2.730e-2,2.499e-23,2.633e+2,1.774e-20,5.522e-10,6.584e-20,7.435e-23,9.525e-3,2.226e-2,6.391e-2,3.099e-3,,8.264e+1,4.684e+2,,1.541e+1,8.229e-19,,7.953e-20,1.706e-5,,3.321e+1,,1.423e+1,,2.292e-18,,2.799e+0,1.540e-6,2.626e-17,,5.372e-19,9.730e-17
422.39,1.043e+3,8.609e-21,2.960e-25,2.099e-43,9.176e-25,8.963e-36,,9.446e-20,4.998e-22,,3.994e-15,5.822e-2,1.397e-27,1.047e-17,4.703e-15,6.620e-29,8.384e-21,7.047e-7,,1.426e+2,1.415e-20,1.151e-19,1.778e-18,1.503e-17,1.875e-8,1.129e-1,1.682e-19,2.528e-2,2.500e-23,2.755e+2,1.775e-20,5.270e-10,6.586e-20,7.436e-23,1.344e-2,3.263e-2,5.143e-2,4.948e-3,,8.244e+1,4.757e+2,,1.599e+1,8.238e-19,,7.951e-20,9.282e-6,,3.213e+1,,1.584e+1,,2.290e-18,,2.706e+0,2.765e-6,2.625e-17,,5.349e-19,9.733e-17
422.41,1.063e+3,8.610e-21,2.965e-25,2.094e-43,6.070e-25,8.972e-36,,9.461e-20,4.999e-22,,3.993e-15,6.235e-2,1.394e-27,1.047e-17,2.847e-15,6.637e-29,8.383e-21,7.080e-7,,1.511e+2,1.416e-20,1.257e-19,1.762e-18,1.505e-17,1.561e-8,1.101e-1,1.683e-19,2.406e-2,2.501e-23,2.839e+2,1.775e-20,5.081e-10,6.587e-20,7.437e-23,1.684e-2,4.188e-2,4.426e-2,6.724e-3,,8.208e+1,4.785e+2,,1.645e+1,8.244e-19,,7.949e-20,6.153e-6,,3.138e+1,,1.693e+1,,2.290e-18,,2.632e+0,4.062e-6,2.625e-17,,5.334e-19,9.735e-17
422.44,1.090e+3,8.612e-21,2.973e-25,2.086e-43,3.239e-25,8.987e-36,,9.484e-20,5.001e-22,,3.993e-15,6.856e-2,1.390e-27,1.047e-17,1.330e-15,6.661e-29,8.382e-21,7.083e-7,,1.635e+2,1.419e-20,1.427e-19,1.738e-18,1.508e-17,1.177e-8,1.056e-1,1.683e-19,2.251e-2,2.502e-23,2.966e+2,1.776e-20,4.772e-10,6.590e-20,7.439e-23,2.348e-2,6.040e-2,3.506e-2,1.057e-2,,8.125e+1,4.794e+2,,1.723e+1,8.253e-19,,7.947e-20,3.294e-6,,3.020e+1,,1.856e+1,,2.288e-18,,2.503e+0,7.178e-6,2.624e-17,,5.311e-19,9.739e-17
422.46,1.104e+3,8.614e-21,2.978e-25,2.080e-43,2.119e-25,8.996e-36,,9.499e-20,5.003e-22,,3.993e-15,7.266e-2,1.388e-27,1.047e-17,7.961e-16,6.678e-29,8.381e-21,7.055e-7,,1.714e+2,1.420e-20,1.548e-19,1.722e-18,1.510e-17,9.692e-9,1.022e-1,1.683e-19,2.171e-2,2.502e-23,3.051e+2,1.777e-20,4.552e-10,6.591e-20,7.439e-23,2.920e-2,7.669e-2,2.986e-2,1.421e-2,,8.051e+1,4.778e+2,,1.783e+1,8.260e-19,,7.945e-20,2.160e-6,,2.939e+1,,1.962e+1,,2.288e-18,,2.409e+0,1.044e-5,2.624e-17,,5.296e-19,9.741e-17
422.49,1.122e+3,8.615e-21,2.985e-25,2.072e-43,1.113e-25,9.011e-36,,9.521e-20,5.005e-22,,3.992e-15,7.866e-2,1.384e-27,1.047e-17,3.658e-16,6.702e-29,8.380e-21,6.968e-7,,1.824e+2,1.423e-20,1.739e-19,1.698e-18,1.514e-17,7.187e-9,9.696e-2,1.683e-19,2.097e-2,2.503e-23,3.174e+2,1.777e-20,4.207e-10,6.593e-20,7.441e-23,4.025e-2,1.089e-1,2.329e-2,2.197e-2,,7.918e+1,4.722e+2,,1.881e+1,8.269e-19,,7.942e-20,1.138e-6,,2.812e+1,,2.116e+1,,2.286e-18,,2.255e+0,1.815e-5,2.624e-17,,5.273e-19,9.744e-17
422.51,1.131e+3,8.617e-21,2.990e-25,2.067e-43,7.203e-26,9.021e-36,,9.536e-20,5.006e-22,,3.992e-15,8.250e-2,1.381e-27,1.047e-17,2.167e-16,6.719e-29,8.380e-21,6.880e-7,,1.892e+2,1.424e-20,1.871e-19,1.682e-18,1.516e-17,5.857e-9,9.332e-2,1.684e-19,2.084e-2,2.504e-23,3.253e+2,1.778e-20,3.970e-10,6.594e-20,7.442e-23,4.967e-2,1.368e-1,1.964e-2,2.923e-2,,7.815e+1,4.664e+2,,1.954e+1,8.275e-19,,7.941e-20,7.383e-7,,2.725e+1,,2.213e+1,,2.286e-18,,2.146e+0,2.610e-5,2.623e-17,,5.257e-19,9.747e-17
422.54,1.138e+3,8.619e-21,2.998e-25,2.059e-43,3.721e-26,9.035e-36,,9.559e-20,5.008e-22,,3.991e-15,8.792e-2,1.377e-27,1.047e-17,9.797e-17,6.743e-29,8.378e-21,6.707e-7,,1.982e+2,1.426e-20,2.077e-19,1.659e-18,1.519e-17,4.274e-9,8.784e-2,1.684e-19,2.133e-2,2.505e-23,3.364e+2,1.779e-20,3.611e-10,6.596e-20,7.443e-23,6.767e-2,1.910e-1,1.509e-2,4.449e-2,,7.643e+1,4.546e+2,,2.071e+1,8.285e-19,,7.938e-20,3.827e-7,,2.591e+1,,2.348e+1,,2.284e-18,,1.977e+0,4.467e-5,2.623e-17,,5.235e-19,9.750e-17
422.56,1.140e+3,8.620e-21,3.003e-25,2.054e-43,2.383e-26,9.045e-36,,9.574e-20,5.010e-22,,3.991e-15,9.126e-2,1.374e-27,1.047e-17,5.740e-17,6.760e-29,8.378e-21,6.566e-7,,2.034e+2,1.428e-20,2.217e-19,1.643e-18,1.521e-17,3.446e-9,8.425e-2,1.684e-19,2.220e-2,2.505e-23,3.431e+2,1.779e-20,3.371e-10,6.598e-20,7.444e-23,8.283e-2,2.375e-1,1.260e-2,5.856e-2,,7.518e+1,4.448e+2,,2.154e+1,8.291e-19,,7.936e-20,2.456e-7,,2.500e+1,,2.430e+1,,2.283e-18,,1.862e+0,6.358e-5,2.622e-17,,5.219e-19,9.752e-17
422.59,1.137e+3,8.622e-21,3.010e-25,2.046e-43,1.211e-26,9.059e-36,,9.596e-20,5.012e-22,,3.991e-15,9.574e-2,1.370e-27,1.047e-17,2.553e-17,6.784e-29,8.377e-21,6.319e-7,,2.097e+2,1.430e-20,2.431e-19,1.619e-18,1.524e-17,2.474e-9,7.907e-2,1.684e-19,2.448e-2,2.506e-23,3.519e+2,1.780e-20,3.017e-10,6.600e-20,7.445e-23,1.115e-1,3.264e-1,9.560e-3,8.772e-2,,7.319e+1,4.276e+2,,2.286e+1,8.300e-19,,7.934e-20,1.252e-7,,2.362e+1,,2.538e+1,,2.282e-18,,1.688e+0,1.071e-4,2.622e-17,,5.197e-19,9.756e-17
422.61,1.131e+3,8.623e-21,3.015e-25,2.041e-43,7.671e-27,9.069e-36,,9.611e-20,5.013e-22,,3.990e-15,9.834e-2,1.368e-27,1.047e-17,1.480e-17,6.801e-29,8.376e-21,6.132e-7,,2.129e+2,1.432e-20,2.575e-19,1.603e-18,1.526e-17,1.973e-9,7.583e-2,1.685e-19,2.677e-2,2.507e-23,3.569e+2,1.781e-20,2.787e-10,6.601e-20,7.446e-23,1.354e-1,4.015e-1,7.927e-3,1.142e-1,,7.179e+1,4.146e+2,,2.378e+1,8.306e-19,,7.932e-20,7.950e-8,,2.269e+1,,2.598e+1,,2.281e-18,,1.572e+0,1.508e-4,2.621e-17,,5.181e-19,9.758e-17
422.64,1.117e+3,8.625e-21,3.023e-25,2.033e-43,3.836e-27,9.083e-36,,9.634e-20,5.016e-22,,3.990e-15,1.016e-1,1.364e-27,1.047e-17,6.478e-18,6.825e-29,8.375e-21,5.825e-7,,2.160e+2,1.434e-20,2.791e-19,1.579e-18,1.529e-17,1.394e-9,7.140e-2,1.685e-19,3.156e-2,2.508e-23,3.627e+2,1.781e-20,2.455e-10,6.603e-20,7.448e-23,1.799e-1,5.432e-1,5.972e-3,1.684e-1,,6.961e+1,3.931e+2,,2.520e+1,8.316e-19,,7.930e-20,3.989e-8,,2.130e+1,,2.670e+1,,2.280e-18,,1.403e+0,2.500e-4,2.621e-17,,5.158e-19,9.761e-17
422.66,1.104e+3,8.627e-21,3.028e-25,2.028e-43,2.404e-27,9.093e-36,,9.649e-20,5.017e-22,,3.990e-15,1.032e-1,1.361e-27,1.047e-17,3.714e-18,6.842e-29,8.374e-21,5.604e-7,,2.169e+2,1.436e-20,2.935e-19,1.564e-18,1.531e-17,1.100e-9,6.880e-2,1.685e-19,3.581e-2,2.508e-23,3.655e+2,1.782e-20,2.244e-10,6.605e-20,7.449e-23,2.166e-1,6.609e-1,4.950e-3,2.170e-1,,6.811e+1,3.776e+2,,2.617e+1,8.322e-19,,7.928e-20,2.505e-8,,2.037e+1,,2.705e+1,,2.279e-18,,1.293e+0,3.483e-4,2.620e-17,,5.143e-19,9.764e-17
422.68,1.089e+3,8.628e-21,3.033e-25,2.022e-43,1.500e-27,9.103e-36,,9.664e-20,5.018e-22,,3.989e-15,1.045e-1,1.358e-27,1.047e-17,2.120e-18,6.858e-29,8.374e-21,5.373e-7,,2.169e+2,1.437e-20,3.077e-19,1.548e-18,1.533e-17,8.644e-10,6.651e-2,1.685e-19,4.103e-2,2.509e-23,3.674e+2,1.782e-20,2.043e-10,6.606e-20,7.449e-23,2.599e-1,8.007e-1,4.121e-3,2.784e-1,,6.658e+1,3.614e+2,,2.716e+1,8.328e-19,,7.926e-20,1.566e-8,,1.946e+1,,2.728e+1,,2.279e-18,,1.186e+0,4.832e-4,2.620e-17,,5.128e-19,9.766e-17
422.71,1.061e+3,8.630e-21,3.040e-25,2.014e-43,7.332e-28,9.117e-36,,9.686e-20,5.020e-22,,3.989e-15,1.056e-1,1.354e-27,1.047e-17,9.071e-19,6.883e-29,8.373e-21,5.010e-7,,2.152e+2,1.440e-20,3.287e-19,1.524e-18,1.536e-17,5.971e-10,6.374e-2,1.686e-19,5.096e-2,2.510e-23,3.684e+2,1.783e-20,1.760e-10,6.608e-20,7.451e-23,3.393e-1,1.059e+0,3.186e-3,4.014e-1,,6.424e+1,3.360e+2,,2.865e+1,8.337e-19,,7.924e-20,7.682e-9,,1.811e+1,,2.741e+1,,2.277e-18,,1.035e+0,7.834e-4,2.620e-17,,5.105e-19,9.769e-17
422.73,1.039e+3,8.631e-21,3.045e-25,2.009e-43,4.525e-28,9.127e-36,,9.701e-20,5.022e-22,,3.989e-15,1.058e-1,1.352e-27,1.047e-17,5.123e-19,6.899e-29,8.372e-21,4.761e-7,,2.129e+2,1.441e-20,3.425e-19,1.508e-18,1.538e-17,4.641e-10,6.235e-2,1.686e-19,5.916e-2,2.510e-23,3.679e+2,1.784e-20,1.586e-10,6.610e-20,7.452e-23,4.036e-1,1.270e+0,2.741e-3,5.095e-1,,6.265e+1,3.185e+2,,2.965e+1,8.343e-19,,7.922e-20,4.752e-9,,1.723e+1,,2.735e+1,,2.277e-18,,9.395e-1,1.075e-3,2.619e-17,,5.090e-19,9.772e-17
422.76,1.004e+3,8.633e-21,3.053e-25,2.001e-43,2.177e-28,9.142e-36,,9.724e-20,5.024e-22,,3.988e-15,1.052e-1,1.348e-27,1.047e-17,2.156e-19,6.924e-29,8.371e-21,4.381e-7,,2.078e+2,1.444e-20,3.627e-19,1.484e-18,1.541e-17,3.155e-10,6.100e-2,1.686e-19,7.423e-2,2.511e-23,3.654e+2,1.784e-20,1.346e-10,6.612e-20,7.453e-23,5.199e-1,1.653e+0,2.306e-3,7.229e-1,,6.025e+1,2.920e+2,,3.114e+1,8.353e-19,,7.920e-20,2.293e-9,,1.595e+1,,2.705e+1,,2.275e-18,,8.064e-1,1.716e-3,2.619e-17,,5.067e-19,9.775e-17
422.78,9.774e+2,8.635e-21,3.058e-25,1.996e-43,1.329e-28,9.151e-36,,9.739e-20,5.025e-22,,3.988e-15,1.043e-1,1.345e-27,1.046e-17,1.205e-19,6.940e-29,8.370e-21,4.126e-7,,2.034e+2,1.445e-20,3.759e-19,1.469e-18,1.543e-17,2.426e-10,6.059e-2,1.686e-19,8.633e-2,2.512e-23,3.627e+2,1.785e-20,1.202e-10,6.613e-20,7.454e-23,6.129e-1,1.961e+0,2.156e-3,9.079e-1,,5.863e+1,2.742e+2,,3.213e+1,8.359e-19,,7.918e-20,1.403e-9,,1.513e+1,,2.670e+1,,2.274e-18,,7.243e-1,2.330e-3,2.618e-17,,5.052e-19,9.777e-17
422.81,9.357e+2,8.637e-21,3.065e-25,1.988e-43,6.289e-29,9.166e-36,,9.761e-20,5.028e-22,,3.988e-15,1.021e-1,1.341e-27,1.046e-17,4.989e-20,6.965e-29,8.369e-21,3.746e-7,,1.954e+2,1.448e-20,3.952e-19,1.445e-18,1.546e-17,1.623e-10,6.072e-2,1.687e-19,1.080e-1,2.513e-23,3.573e+2,1.786e-20,1.007e-10,6.615e-20,7.455e-23,7.790e-1,2.512e+0,2.128e-3,1.268e+0,,5.620e+1,2.479e+2,,3.357e+1,8.368e-19,,7.915e-20,6.663e-10,,1.396e+1,,2.598e+1,,2.273e-18,,6.117e-1,3.659e-3,2.618e-17,,5.029e-19,9.781e-17
422.83,9.066e+2,8.638e-21,3.070e-25,1.983e-43,3.798e-29,9.175e-36,,9.776e-20,5.029e-22,,3.987e-15,1.002e-1,1.338e-27,1.046e-17,2.757e-20,6.981e-29,8.368e-21,3.496e-7,,1.892e+2,1.449e-20,4.077e-19,1.429e-18,1.548e-17,1.234e-10,6.129e-2,1.687e-19,1.250e-1,2.513e-23,3.528e+2,1.786e-20,8.914e-11,6.617e-20,7.456e-23,9.099e-1,2.948e+0,2.238e-3,1.575e+0,,5.459e+1,2.306e+2,,3.452e+1,8.374e-19,,7.914e-20,4.033e-10,,1.322e+1,,2.538e+1,,2.272e-18,,5.436e-1,4.917e-3,2.617e-17,,5.014e-19,9.783e-17
422.86,8.619e+2,8.640e-21,3.078e-25,1.975e-43,1.769e-29,9.190e-36,,9.799e-20,5.031e-22,,3.987e-15,9.660e-2,1.334e-27,1.046e-17,1.124e-20,7.006e-29,8.367e-21,3.131e-7,,1.789e+2,1.452e-20,4.261e-19,1.405e-18,1.551e-17,8.124e-11,6.281e-2,1.687e-19,1.549e-1,2.514e-23,3.451e+2,1.787e-20,7.398e-11,6.619e-20,7.458e-23,1.141e+0,3.718e+0,2.602e-3,2.165e+0,,5.218e+1,2.056e+2,,3.588e+1,8.384e-19,,7.911e-20,1.884e-10,,1.218e+1,,2.430e+1,,2.271e-18,,4.518e-1,7.600e-3,2.617e-17,,4.991e-19,9.786e-17
422.88,8.318e+2,8.641e-21,3.083e-25,1.970e-43,1.057e-29,9.200e-36,,9.814e-20,5.032e-22,,3.987e-15,9.378e-2,1.332e-27,1.046e-17,6.142e-21,7.022e-29,8.367e-21,2.896e-7,,1.714e+2,1.453e-20,4.381e-19,1.389e-18,1.553e-17,6.114e-11,6.425e-2,1.687e-19,1.779e-1,2.515e-23,3.395e+2,1.787e-20,6.525e-11,6.620e-20,7.458e-23,1.320e+0,4.316e+0,2.988e-3,2.662e+0,,5.060e+1,1.896e+2,,3.676e+1,8.390e-19,,7.909e-20,1.128e-10,,1.153e+1,,2.348e+1,,2.270e-18,,3.972e-1,1.010e-2,2.616e-17,,4.976e-19,9.789e-17
422.91,7.870e+2,8.643e-21,3.090e-25,1.962e-43,4.841e-30,9.214e-36,,9.836e-20,5.035e-22,,3.986e-15,8.901e-2,1.328e-27,1.046e-17,1.789e-21,7.047e-29,8.365e-21,2.558e-7,,1.594e+2,1.456e-20,4.558e-19,1.366e-18,1.557e-17,3.959e-11,6.698e-2,1.688e-19,2.175e-1,2.516e-23,3.305e+2,1.788e-20,5.410e-11,6.622e-20,7.460e-23,1.631e+0,5.356e+0,3.804e-3,3.600e+0,,4.828e+1,1.667e+2,,3.800e+1,8.399e-19,,7.907e-20,5.186e-11,,1.063e+1,,2.213e+1,,2.269e-18,,3.248e-1,1.537e-2,2.616e-17,,4.953e-19,9.792e-17
422.93,7.578e+2,8.645e-21,3.095e-25,1.956e-43,2.861e-30,9.224e-36,,9.851e-20,5.036e-22,,3.986e-15,8.552e-2,1.325e-27,1.046e-17,1.789e-21,7.063e-29,8.365e-21,2.344e-7,,1.511e+2,1.457e-20,4.674e-19,1.350e-18,1.559e-17,2.948e-11,6.913e-2,1.688e-19,2.475e-1,2.516e-23,3.245e+2,1.789e-20,4.792e-11,6.624e-20,7.461e-23,1.869e+0,6.153e+0,4.529e-3,4.379e+0,,4.678e+1,1.523e+2,,3.878e+1,8.405e-19,,7.905e-20,3.072e-11,,1.008e+1,,2.116e+1,,2.268e-18,,2.825e-1,2.022e-2,2.616e-17,,4.938e-19,9.794e-17
422.96,7.158e+2,8.647e-21,3.103e-25,1.948e-43,1.290e-30,9.238e-36,,9.874e-20,5.038e-22,,3.985e-15,7.990e-2,1.321e-27,1.046e-17,1.789e-21,7.088e-29,8.364e-21,2.042e-7,,1.383e+2,1.459e-20,4.845e-19,1.326e-18,1.562e-17,1.879e-11,7.278e-2,1.688e-19,2.983e-1,2.517e-23,3.155e+2,1.789e-20,4.041e-11,6.626e-20,7.462e-23,2.277e+0,7.514e+0,5.930e-3,5.828e+0,,4.463e+1,1.322e+2,,3.985e+1,8.415e-19,,7.903e-20,1.389e-11,,9.326e+0,,1.962e+1,,2.267e-18,,2.274e-1,3.026e-2,2.615e-17,,4.915e-19,9.798e-17
422.98,6.893e+2,8.648e-21,3.108e-25,1.943e-43,7.542e-31,9.248e-36,,9.889e-20,5.040e-22,,3.985e-15,7.597e-2,1.318e-27,1.046e-17,1.789e-21,7.104e-29,8.363e-21,1.854e-7,,1.297e+2,1.461e-20,4.958e-19,1.310e-18,1.564e-17,1.384e-11,7.544e-2,1.688e-19,3.361e-1,2.518e-23,3.097e+2,1.790e-20,3.652e-11,6.627e-20,7.463e-23,2.585e+0,8.540e+0,7.107e-3,7.014e+0,,4.327e+1,1.198e+2,,4.050e+1,8.421e-19,,7.901e-20,8.141e-12,,8.869e+0,,1.856e+1,,2.266e-18,,1.957e-1,3.939e-2,2.615e-17,,4.900e-19,9.800e-17
423.01,6.526e+2,8.650e-21,3.115e-25,1.935e-43,3.345e-31,9.262e-36,,9.911e-20,5.042e-22,,3.985e-15,6.988e-2,1.314e-27,1.046e-17,1.789e-21,7.129e-29,8.362e-21,1.592e-7,,1.169e+2,1.463e-20,5.124e-19,1.286e-18,1.567e-17,8.679e-12,7.969e-2,1.689e-19,3.988e-1,2.519e-23,3.017e+2,1.791e-20,3.229e-11,6.629e-20,7.464e-23,3.104e+0,1.026e+1,9.300e-3,9.188e+0,,4.136e+1,1.028e+2,,4.135e+1,8.430e-19,,7.899e-20,3.623e-12,,8.250e+0,,1.693e+1,,2.265e-18,,1.549e-1,5.804e-2,2.614e-17,,4.877e-19,9.803e-17
423.03,6.305e+2,8.651e-21,3.120e-25,1.930e-43,1.935e-31,9.272e-36,,9.926e-20,5.043e-22,,3.984e-15,6.575e-2,1.311e-27,1.046e-17,1.789e-21,7.145e-29,8.361e-21,1.432e-7,,1.084e+2,1.465e-20,5.233e-19,1.270e-18,1.569e-17,6.326e-12,8.264e-2,1.689e-19,4.447e-1,2.519e-23,2.969e+2,1.791e-20,3.048e-11,6.630e-20,7.465e-23,3.489e+0,1.154e+1,1.109e-2,1.094e+1,,4.019e+1,9.256e+1,,4.183e+1,8.437e-19,,7.897e-20,2.100e-12,,7.878e+0,,1.584e+1,,2.264e-18,,1.319e-1,7.474e-2,2.614e-17,,4.861e-19,9.805e-17
423.05,6.104e+2,8.653e-21,3.125e-25,1.925e-43,1.114e-31,9.282e-36,,9.941e-20,5.044e-22,,3.984e-15,6.161e-2,1.309e-27,1.046e-17,1.789e-21,7.161e-29,8.361e-21,1.283e-7,,1.002e+2,1.467e-20,5.340e-19,1.255e-18,1.571e-17,4.592e-12,8.565e-2,1.689e-19,4.938e-1,2.520e-23,2.927e+2,1.792e-20,2.947e-11,6.632e-20,7.466e-23,3.906e+0,1.292e+1,1.318e-2,1.297e+1,,3.912e+1,8.313e+1,,4.223e+1,8.443e-19,,7.895e-20,1.212e-12,,7.538e+0,,1.476e+1,,2.263e-18,,1.118e-1,9.585e-2,2.613e-17,,4.846e-19,9.808e-17
423.08,5.844e+2,8.655e-21,3.133e-25,1.917e-43,4.830e-32,9.296e-36,,9.964e-20,5.047e-22,,3.984e-15,5.545e-2,1.305e-27,1.046e-17,1.789e-21,7.186e-29,8.359e-21,1.080e-7,,8.823e+1,1.469e-20,5.497e-19,1.231e-18,1.574e-17,2.820e-12,9.020e-2,1.689e-19,5.734e-1,2.521e-23,2.876e+2,1.792e-20,2.939e-11,6.634e-20,7.468e-23,4.593e+0,1.519e+1,1.697e-2,1.662e+1,,3.771e+1,7.053e+1,,4.268e+1,8.452e-19,,7.893e-20,5.272e-13,,7.081e+0,,1.317e+1,,2.262e-18,,8.658e-2,1.381e-1,2.613e-17,,4.823e-19,9.811e-17
423.1,5.701e+2,8.656e-21,3.138e-25,1.911e-43,2.752e-32,9.306e-36,,9.979e-20,5.048e-22,,3.983e-15,5.141e-2,1.302e-27,1.046e-17,1.790e-21,7.202e-29,8.359e-21,9.580e-8,,8.064e+1,1.470e-20,5.598e-19,1.215e-18,1.576e-17,2.030e-12,9.323e-2,1.689e-19,6.301e-1,2.521e-23,2.851e+2,1.793e-20,3.028e-11,6.635e-20,7.468e-23,5.091e+0,1.683e+1,1.998e-2,1.950e+1,,3.690e+1,6.314e+1,,4.287e+1,8.458e-19,,7.891e-20,3.010e-13,,6.808e+0,,1.214e+1,,2.261e-18,,7.261e-2,1.752e-1,2.612e-17,,4.808e-19,9.813e-17
423.13,5.533e+2,8.658e-21,3.145e-25,1.903e-43,1.174e-32,9.320e-36,,1.000e-19,5.050e-22,,3.983e-15,4.555e-2,1.298e-27,1.046e-17,1.790e-21,7.227e-29,8.358e-21,7.948e-8,,6.990e+1,1.473e-20,5.743e-19,1.191e-18,1.579e-17,1.237e-12,9.771e-2,1.690e-19,7.202e-1,2.522e-23,2.828e+2,1.794e-20,3.305e-11,6.637e-20,7.470e-23,5.897e+0,1.946e+1,2.534e-2,2.458e+1,,3.593e+1,5.349e+1,,4.296e+1,8.468e-19,,7.888e-20,1.288e-13,,6.439e+0,,1.066e+1,,2.260e-18,,5.532e-2,2.485e-1,2.612e-17,,4.785e-19,9.817e-17
423.15,5.453e+2,8.659e-21,3.150e-25,1.898e-43,6.615e-33,9.330e-36,,1.002e-19,5.052e-22,,3.983e-15,4.180e-2,1.295e-27,1.046e-17,1.790e-21,7.243e-29,8.357e-21,6.983e-8,,6.321e+1,1.474e-20,5.833e-19,1.175e-18,1.581e-17,8.927e-13,1.006e-1,1.690e-19,7.832e-1,2.523e-23,2.822e+2,1.794e-20,3.585e-11,6.639e-20,7.471e-23,6.471e+0,2.133e+1,2.954e-2,2.853e+1,,3.544e+1,4.796e+1,,4.289e+1,8.474e-19,,7.887e-20,7.277e-14,,6.217e+0,,9.725e+0,,2.259e-18,,4.590e-2,3.119e-1,2.612e-17,,4.770e-19,9.819e-17
423.18,5.380e+2,8.661e-21,3.158e-25,1.890e-43,2.776e-33,9.345e-36,,1.004e-19,5.054e-22,,3.982e-15,3.646e-2,1.291e-27,1.046e-17,1.790e-21,7.268e-29,8.356e-21,5.709e-8,,5.391e+1,1.477e-20,5.957e-19,1.152e-18,1.584e-17,5.604e-13,1.049e-1,1.690e-19,8.813e-1,2.524e-23,2.827e+2,1.795e-20,4.150e-11,6.641e-20,7.472e-23,7.382e+0,2.428e+1,3.687e-2,3.540e+1,,3.495e+1,4.095e+1,,4.259e+1,8.483e-19,,7.884e-20,3.064e-14,,5.915e+0,,8.402e+0,,2.258e-18,,3.441e-2,4.353e-1,2.611e-17,,4.747e-19,9.822e-17
423.2,5.363e+2,8.663e-21,3.163e-25,1.885e-43,1.548e-33,9.354e-36,,1.005e-19,5.055e-22,,3.982e-15,3.311e-2,1.289e-27,1.046e-17,1.790e-21,7.284e-29,8.355e-21,4.967e-8,,4.823e+1,1.478e-20,6.032e-19,1.136e-18,1.586e-17,4.268e-13,1.077e-1,1.690e-19,9.484e-1,2.524e-23,2.839e+2,1.795e-20,4.626e-11,6.642e-20,7.473e-23,8.018e+0,2.633e+1,4.253e-2,4.065e+1,,3.480e+1,3.707e+1,,4.225e+1,8.489e-19,,7.883e-20,1.712e-14,,5.731e+0,,7.582e+0,,2.257e-18,,2.825e-2,5.407e-1,2.611e-17,,4.732e-19,9.825e-17
423.23,5.383e+2,8.665e-21,3.170e-25,1.877e-43,6.392e-34,9.369e-36,,1.008e-19,5.057e-22,,3.982e-15,2.843e-2,1.285e-27,1.046e-17,1.790e-21,7.309e-29,8.354e-21,4.001e-8,,4.049e+1,1.481e-20,6.128e-19,1.112e-18,1.589e-17,3.202e-13,1.117e-1,1.691e-19,1.051e+0,2.525e-23,2.871e+2,1.796e-20,5.493e-11,6.644e-20,7.474e-23,9.008e+0,2.950e+1,5.225e-2,4.964e+1,,3.482e+1,3.235e+1,,4.152e+1,8.499e-19,,7.880e-20,7.093e-15,,5.477e+0,,6.447e+0,,2.256e-18,,2.084e-2,7.426e-1,2.610e-17,,4.709e-19,9.828e-17
423.25,5.426e+2,8.666e-21,3.175e-25,1.872e-43,3.525e-34,9.379e-36,,1.009e-19,5.059e-22,,3.981e-15,2.555e-2,1.282e-27,1.046e-17,1.790e-21,7.325e-29,8.353e-21,3.447e-8,,3.583e+1,1.482e-20,6.180e-19,1.096e-18,1.591e-17,2.989e-13,1.144e-1,1.691e-19,1.119e+0,2.526e-23,2.899e+2,1.797e-20,6.176e-11,6.646e-20,7.475e-23,9.685e+0,3.165e+1,5.963e-2,5.640e+1,,3.502e+1,2.986e+1,,4.089e+1,8.505e-19,,7.878e-20,3.921e-15,,5.320e+0,,5.755e+0,,2.255e-18,,1.692e-2,9.127e-1,2.610e-17,,4.694e-19,9.830e-17
423.28,5.531e+2,8.668e-21,3.183e-25,1.864e-43,1.432e-34,9.393e-36,,1.011e-19,5.061e-22,,3.981e-15,2.160e-2,1.278e-27,1.046e-17,1.790e-21,7.350e-29,8.352e-21,2.735e-8,,2.960e+1,1.485e-20,6.240e-19,1.072e-18,1.594e-17,3.328e-13,1.183e-1,1.691e-19,1.220e+0,2.527e-23,2.952e+2,1.797e-20,7.362e-11,6.648e-20,7.477e-23,1.071e+1,3.489e+1,7.211e-2,6.778e+1,,3.556e+1,2.705e+1,,3.974e+1,8.514e-19,,7.876e-20,1.598e-15,,5.100e+0,,4.815e+0,,2.254e-18,,1.229e-2,1.234e+0,2.609e-17,,4.671e-19,9.834e-17
423.3,5.626e+2,8.669e-21,3.188e-25,1.859e-43,7.814e-35,9.403e-36,,1.013e-19,5.062e-22,,3.981e-15,1.921e-2,1.275e-27,1.046e-17,1.791e-21,7.366e-29,8.352e-21,2.333e-8,,2.592e+1,1.486e-20,6.266e-19,1.056e-18,1.596e-17,4.006e-13,1.209e-1,1.691e-19,1.286e+0,2.527e-23,2.991e+2,1.798e-20,8.261e-11,6.649e-20,7.478e-23,1.140e+1,3.704e+1,8.142e-2,7.620e+1,,3.609e+1,2.572e+1,,3.884e+1,8.520e-19,,7.874e-20,8.739e-16,,4.964e+0,,4.253e+0,,2.253e-18,,9.871e-3,1.500e+0,2.609e-17,,4.656e-19,9.836e-17
423.33,5.802e+2,8.671e-21,3.195e-25,1.851e-43,3.123e-35,9.417e-36,,1.015e-19,5.064e-22,,3.980e-15,1.599e-2,1.271e-27,1.046e-17,1.791e-21,7.391e-29,8.351e-21,1.823e-8,,2.107e+1,1.489e-20,6.284e-19,1.033e-18,1.600e-17,5.831e-13,1.249e-1,1.692e-19,1.381e+0,2.528e-23,3.056e+2,1.799e-20,9.777e-11,6.651e-20,7.479e-23,1.242e+1,4.018e+1,9.690e-2,9.011e+1,,3.713e+1,2.447e+1,,3.731e+1,8.530e-19,,7.872e-20,3.505e-16,,4.772e+0,,3.502e+0,,2.252e-18,,7.052e-3,1.996e+0,2.608e-17,,4.633e-19,9.839e-17
423.35,5.939e+2,8.672e-21,3.200e-25,1.845e-43,2.544e-23,9.427e-36,,1.017e-19,5.066e-22,,3.980e-15,1.407e-2,1.269e-27,1.046e-17,1.791e-21,7.407e-29,8.350e-21,1.539e-8,,1.825e+1,1.490e-20,6.281e-19,1.017e-18,1.602e-17,7.733e-13,1.276e-1,1.692e-19,1.441e+0,2.529e-23,3.101e+2,1.799e-20,1.090e-10,6.653e-20,7.480e-23,1.308e+1,4.220e+1,1.082e-1,1.002e+2,,3.798e+1,2.408e+1,,3.616e+1,8.536e-19,,7.870e-20,1.896e-16,,4.654e+0,,3.060e+0,,2.251e-18,,5.605e-3,2.401e+0,2.608e-17,,4.618e-19,9.842e-17
423.38,6.170e+2,8.674e-21,3.208e-25,1.837e-43,6.360e-23,9.441e-36,,1.019e-19,5.068e-22,,3.979e-15,1.153e-2,1.265e-27,1.046e-17,1.791e-21,7.432e-29,8.349e-21,1.185e-8,,1.460e+1,1.492e-20,6.255e-19,9.931e-19,1.605e-17,1.201e-12,1.319e-1,1.692e-19,1.523e+0,2.530e-23,3.168e+2,1.800e-20,1.274e-10,6.655e-20,7.481e-23,1.403e+1,4.506e+1,1.268e-1,1.167e+2,,3.949e+1,2.410e+1,,3.429e+1,8.545e-19,,7.867e-20,1.895e-16,,4.491e+0,,2.480e+0,,2.250e-18,,3.940e-3,3.144e+0,2.607e-17,,4.595e-19,9.845e-17
423.4,6.338e+2,8.676e-21,3.213e-25,1.832e-43,8.904e-23,9.451e-36,,1.020e-19,5.069e-22,,3.979e-15,1.004e-2,1.262e-27,1.046e-17,1.791e-21,7.448e-29,8.348e-21,9.905e-9,,1.251e+1,1.494e-20,6.223e-19,9.772e-19,1.607e-17,1.614e-12,1.349e-1,1.692e-19,1.573e+0,2.530e-23,3.212e+2,1.800e-20,1.407e-10,6.656e-20,7.482e-23,1.462e+1,4.683e+1,1.401e-1,1.284e+2,,4.064e+1,2.448e+1,,3.296e+1,8.551e-19,,7.866e-20,1.895e-16,,4.392e+0,,2.144e+0,,2.249e-18,,3.099e-3,3.743e+0,2.607e-17,,4.580e-19,9.847e-17
423.42,6.514e+2,8.677e-21,3.218e-25,1.827e-43,1.145e-22,9.461e-36,,1.022e-19,5.071e-22,,3.979e-15,8.709e-3,1.259e-27,1.046e-17,1.791e-21,7.465e-29,8.348e-21,8.244e-9,,1.068e+1,1.496e-20,6.181e-19,9.614e-19,1.609e-17,2.166e-12,1.381e-1,1.693e-19,1.618e+0,2.531e-23,3.253e+2,1.801e-20,1.549e-10,6.658e-20,7.483e-23,1.517e+1,4.845e+1,1.542e-1,1.407e+2,,4.190e+1,2.512e+1,,3.156e+1,8.558e-19,,7.864e-20,1.894e-16,,4.303e+0,,1.845e+0,,2.248e-18,,2.426e-3,4.436e+0,2.607e-17,,4.565e-19,9.850e-17
423.45,6.790e+2,8.679e-21,3.225e-25,1.819e-43,1.526e-22,9.475e-36,,1.024e-19,5.073e-22,,3.978e-15,6.981e-3,1.255e-27,1.046e-17,1.791e-21,7.489e-29,8.346e-21,6.212e-9,,8.353e+0,1.498e-20,6.100e-19,9.376e-19,1.612e-17,3.352e-12,1.432e-1,1.693e-19,1.675e+0,2.532e-23,3.308e+2,1.802e-20,1.774e-10,6.660e-20,7.484e-23,1.592e+1,5.059e+1,1.767e-1,1.602e+2,,4.399e+1,2.654e+1,,2.937e+1,8.567e-19,,7.861e-20,1.894e-16,,4.188e+0,,1.462e+0,,2.247e-18,,1.668e-3,5.680e+0,2.606e-17,,4.542e-19,9.853e-17
423.47,6.979e+2,8.680e-21,3.230e-25,1.814e-43,1.781e-22,9.485e-36,,1.026e-19,5.074e-22,,3.978e-15,5.992e-3,1.253e-27,1.046e-17,1.791e-21,7.506e-29,8.346e-21,5.118e-9,,7.053e+0,1.500e-20,6.035e-19,9.217e-19,1.614e-17,4.466e-12,1.469e-1,1.693e-19,1.705e+0,2.532e-23,3.339e+2,1.802e-20,1.933e-10,6.661e-20,7.485e-23,1.635e+1,5.179e+1,1.924e-1,1.737e+2,,4.551e+1,2.776e+1,,2.787e+1,8.573e-19,,7.860e-20,1.893e-16,,4.125e+0,,1.245e+0,,2.246e-18,,1.292e-3,6.662e+0,2.606e-17,,4.526e-19,9.855e-17
423.5,7.265e+2,8.682e-21,3.238e-25,1.806e-43,2.162e-22,9.499e-36,,1.028e-19,5.076e-22,,3.978e-15,4.728e-3,1.249e-27,1.046e-17,1.792e-21,7.530e-29,8.345e-21,3.797e-9,,5.428e+0,1.502e-20,5.926e-19,8.980e-19,1.617e-17,6.819e-12,1.527e-1,1.693e-19,1.739e+0,2.533e-23,3.374e+2,1.803e-20,2.181e-10,6.663e-20,7.487e-23,1.688e+1,5.322e+1,2.168e-1,1.945e+2,,4.796e+1,2.997e+1,,2.558e+1,8.582e-19,,7.857e-20,1.893e-16,,4.053e+0,,9.707e-1,,2.245e-18,,8.737e-4,8.395e+0,2.605e-17,,4.504e-19,9.859e-17
423.52,7.454e+2,8.684e-21,3.243e-25,1.800e-43,2.417e-22,9.509e-36,,1.029e-19,5.078e-22,,3.977e-15,4.016e-3,1.246e-27,1.046e-17,1.792e-21,7.547e-29,8.344e-21,3.096e-9,,4.535e+0,1.503e-20,5.846e-19,8.821e-19,1.619e-17,8.999e-12,1.568e-1,1.694e-19,1.753e+0,2.534e-23,3.389e+2,1.803e-20,2.351e-10,6.665e-20,7.487e-23,1.716e+1,5.390e+1,2.336e-1,2.087e+2,,4.970e+1,3.168e+1,,2.405e+1,8.589e-19,,7.856e-20,1.892e-16,,4.021e+0,,8.179e-1,,2.244e-18,,6.696e-4,9.742e+0,2.605e-17,,4.488e-19,9.861e-17
423.55,7.730e+2,8.686e-21,3.250e-25,1.793e-43,2.798e-22,9.524e-36,,1.032e-19,5.080e-22,,3.977e-15,3.120e-3,1.242e-27,1.046e-17,1.792e-21,7.571e-29,8.343e-21,2.262e-9,,3.435e+0,1.506e-20,5.722e-19,8.583e-19,1.622e-17,1.355e-11,1.633e-1,1.694e-19,1.762e+0,2.535e-23,3.399e+2,1.804e-20,2.612e-10,6.667e-20,7.489e-23,1.745e+1,5.451e+1,2.592e-1,2.300e+2,,5.245e+1,3.459e+1,,2.177e+1,8.598e-19,,7.853e-20,1.892e-16,,3.998e+0,,6.275e-1,,2.243e-18,,4.457e-4,1.208e+1,2.604e-17,,4.466e-19,9.864e-17
423.57,7.907e+2,8.687e-21,3.255e-25,1.787e-43,3.053e-22,9.533e-36,,1.033e-19,5.081e-22,,3.977e-15,2.623e-3,1.239e-27,1.046e-17,1.792e-21,7.588e-29,8.342e-21,1.825e-9,,2.839e+0,1.507e-20,5.637e-19,8.425e-19,1.624e-17,1.771e-11,1.678e-1,1.694e-19,1.759e+0,2.535e-23,3.395e+2,1.805e-20,2.787e-10,6.668e-20,7.490e-23,1.755e+1,5.463e+1,2.763e-1,2.442e+2,,5.438e+1,3.673e+1,,2.027e+1,8.604e-19,,7.851e-20,1.891e-16,,4.001e+0,,5.231e-1,,2.242e-18,,3.379e-4,1.387e+1,2.604e-17,,4.450e-19,9.867e-17
423.6,8.156e+2,8.689e-21,3.263e-25,1.779e-43,3.435e-22,9.548e-36,,1.035e-19,5.083e-22,,3.976e-15,2.006e-3,1.235e-27,1.046e-17,1.792e-21,7.612e-29,8.341e-21,1.313e-9,,2.116e+0,1.510e-20,5.513e-19,8.187e-19,1.627e-17,2.627e-11,1.747e-1,1.694e-19,1.743e+0,2.536e-23,3.374e+2,1.805e-20,3.047e-10,6.670e-20,7.491e-23,1.756e+1,5.437e+1,3.016e-1,2.649e+2,,5.738e+1,4.024e+1,,1.810e+1,8.613e-19,,7.849e-20,1.891e-16,,4.030e+0,,3.949e-1,,2.241e-18,,2.213e-4,1.693e+1,2.603e-17,,4.427e-19,9.870e-17
423.62,8.310e+2,8.690e-21,3.268e-25,1.774e-43,3.689e-22,9.557e-36,,1.037e-19,5.085e-22,,3.976e-15,1.669e-3,1.233e-27,1.046e-17,1.792e-21,7.629e-29,8.340e-21,1.049e-9,,1.730e+0,1.511e-20,5.433e-19,8.029e-19,1.629e-17,3.401e-11,1.793e-1,1.695e-19,1.724e+0,2.537e-23,3.350e+2,1.806e-20,3.218e-10,6.671e-20,7.492e-23,1.747e+1,5.390e+1,3.181e-1,2.782e+2,,5.944e+1,4.276e+1,,1.670e+1,8.620e-19,,7.847e-20,1.890e-16,,4.067e+0,,3.257e-1,,2.240e-18,,1.660e-4,1.924e+1,2.603e-17,,4.412e-19,9.872e-17
423.65,8.518e+2,8.692e-21,3.275e-25,1.766e-43,4.071e-22,9.572e-36,,1.039e-19,5.087e-22,,3.975e-15,1.256e-3,1.229e-27,1.046e-17,1.792e-21,7.653e-29,8.339e-21,7.425e-10,,1.269e+0,1.514e-20,5.322e-19,7.791e-19,1.632e-17,4.975e-11,1.862e-1,1.695e-19,1.684e+0,2.538e-23,3.297e+2,1.807e-20,3.464e-10,6.674e-20,7.493e-23,1.721e+1,5.280e+1,3.418e-1,2.970e+2,,6.261e+1,4.679e+1,,1.471e+1,8.629e-19,,7.845e-20,1.889e-16,,4.146e+0,,2.420e-1,,2.239e-18,,1.070e-4,2.311e+1,2.602e-17,,4.389e-19,9.876e-17
423.67,8.640e+2,8.694e-21,3.280e-25,1.761e-43,4.325e-22,9.582e-36,,1.041e-19,5.088e-22,,3.975e-15,1.034e-3,1.226e-27,1.046e-17,1.792e-21,7.670e-29,8.339e-21,5.868e-10,,1.026e+0,1.515e-20,5.255e-19,7.632e-19,1.634e-17,6.379e-11,1.907e-1,1.695e-19,1.650e+0,2.538e-23,3.251e+2,1.807e-20,3.620e-10,6.675e-20,7.494e-23,1.695e+1,5.179e+1,3.567e-1,3.086e+2,,6.475e+1,4.964e+1,,1.346e+1,8.635e-19,,7.843e-20,1.889e-16,,4.214e+0,,1.975e-1,,2.238e-18,,7.939e-5,2.597e+1,2.602e-17,,4.374e-19,9.878e-17
423.7,8.794e+2,8.696e-21,3.288e-25,1.753e-43,4.707e-22,9.596e-36,,1.043e-19,5.090e-22,,3.975e-15,7.665e-4,1.222e-27,1.046e-17,1.793e-21,7.694e-29,8.338e-21,4.090e-10,,7.408e-1,1.518e-20,5.168e-19,7.395e-19,1.637e-17,9.198e-11,1.970e-1,1.695e-19,1.590e+0,2.539e-23,3.168e+2,1.808e-20,3.837e-10,6.677e-20,7.496e-23,1.643e+1,4.992e+1,3.772e-1,3.243e+2,,6.799e+1,5.413e+1,,1.173e+1,8.644e-19,,7.840e-20,1.888e-16,,4.336e+0,,1.444e-1,,2.237e-18,,5.035e-5,3.071e+1,2.601e-17,,4.351e-19,9.881e-17
423.72,8.877e+2,8.697e-21,3.293e-25,1.748e-43,4.961e-22,9.606e-36,,1.044e-19,5.092e-22,,3.974e-15,6.245e-4,1.219e-27,1.046e-17,1.793e-21,7.711e-29,8.337e-21,3.199e-10,,5.929e-1,1.519e-20,5.119e-19,7.236e-19,1.639e-17,1.168e-10,2.009e-1,1.696e-19,1.545e+0,2.540e-23,3.103e+2,1.809e-20,3.969e-10,6.678e-20,7.497e-23,1.601e+1,4.845e+1,3.895e-1,3.334e+2,,7.014e+1,5.724e+1,,1.066e+1,8.651e-19,,7.839e-20,1.888e-16,,4.428e+0,,1.165e-1,,2.236e-18,,3.697e-5,3.415e+1,2.601e-17,,4.336e-19,9.884e-17
423.75,8.969e+2,8.699e-21,3.300e-25,1.740e-43,5.343e-22,9.620e-36,,1.047e-19,5.094e-22,,3.974e-15,4.556e-4,1.215e-27,1.046e-17,1.793e-21,7.735e-29,8.336e-21,2.195e-10,,4.211e-1,1.522e-20,5.060e-19,1.797e-18,1.643e-17,1.661e-10,2.060e-1,1.696e-19,1.470e+0,2.541e-23,2.993e+2,1.809e-20,4.142e-10,6.680e-20,7.498e-23,1.527e+1,4.596e+1,4.053e-1,3.448e+2,,7.334e+1,6.207e+1,,9.225e+0,8.660e-19,,7.836e-20,1.887e-16,,4.581e+0,,8.386e-2,,2.235e-18,,2.307e-5,3.974e+1,2.601e-17,,4.313e-19,9.887e-17
423.77,9.008e+2,8.700e-21,3.305e-25,1.734e-43,5.597e-22,9.630e-36,,1.048e-19,5.095e-22,,3.974e-15,3.673e-4,1.213e-27,1.046e-17,1.793e-21,7.752e-29,8.335e-21,1.699e-10,,3.334e-1,1.523e-20,5.031e-19,3.279e-18,1.645e-17,2.090e-10,2.089e-1,1.696e-19,1.416e+0,2.541e-23,2.912e+2,1.810e-20,4.240e-10,6.682e-20,7.499e-23,1.472e+1,4.414e+1,4.141e-1,3.507e+2,,7.542e+1,6.536e+1,,8.373e+0,8.666e-19,,7.835e-20,1.887e-16,,4.688e+0,,6.697e-2,,2.234e-18,,1.676e-5,4.373e+1,2.600e-17,,4.298e-19,9.889e-17
423.8,9.032e+2,8.702e-21,3.313e-25,1.727e-43,5.979e-22,9.644e-36,,1.050e-19,5.097e-22,,3.973e-15,2.639e-4,1.209e-27,1.046e-17,1.793e-21,7.776e-29,8.334e-21,1.148e-10,,2.331e-1,1.525e-20,5.001e-19,8.015e-18,1.648e-17,2.929e-10,2.123e-1,1.696e-19,1.330e+0,2.542e-23,2.780e+2,1.811e-20,4.358e-10,6.684e-20,7.500e-23,1.383e+1,4.120e+1,4.241e-1,3.569e+2,,7.845e+1,7.038e+1,,7.260e+0,8.675e-19,,7.832e-20,1.886e-16,,4.856e+0,,4.742e-2,,2.233e-18,,1.029e-5,5.007e+1,2.600e-17,,4.275e-19,9.893e-17
423.82,9.025e+2,8.704e-21,6.080e-25,1.721e-43,6.233e-22,9.654e-36,,1.052e-19,5.099e-22,,3.973e-15,2.105e-4,1.206e-27,1.046e-17,1.793e-21,7.793e-29,8.333e-21,8.787e-11,,1.826e-1,1.527e-20,4.988e-19,1.447e-17,1.650e-17,3.651e-10,2.138e-1,1.697e-19,1.271e+0,2.543e-23,2.686e+2,1.811e-20,4.416e-10,6.685e-20,7.501e-23,1.319e+1,3.915e+1,4.286e-1,3.592e+2,,8.039e+1,7.374e+1,,6.633e+0,8.682e-19,,7.830e-20,1.886e-16,,4.968e+0,,3.748e-2,,2.232e-18,,7.395e-6,5.452e+1,2.599e-17,,4.260e-19,9.895e-17
423.84,9.001e+2,8.705e-21,2.014e-24,1.716e-43,6.487e-22,9.664e-36,,1.053e-19,5.100e-22,,3.973e-15,1.673e-4,1.203e-27,1.046e-17,1.793e-21,7.809e-29,8.333e-21,6.701e-11,,1.424e-1,1.529e-20,4.981e-19,2.601e-17,1.652e-17,4.534e-10,2.147e-1,1.697e-19,1.210e+0,2.544e-23,2.589e+2,1.812e-20,4.457e-10,6.687e-20,7.502e-23,1.253e+1,3.704e+1,4.314e-1,3.600e+2,,8.224e+1,7.710e+1,,6.098e+0,8.688e-19,,7.829e-20,1.885e-16,,5.079e+0,,2.949e-2,,2.231e-18,,5.291e-6,5.911e+1,2.599e-17,,4.245e-19,9.897e-17
423.87,8.930e+2,8.707e-21,4.951e-24,1.708e-43,6.869e-22,9.678e-36,,1.056e-19,5.102e-22,,3.972e-15,1.175e-4,1.199e-27,1.046e-17,1.793e-21,7.834e-29,8.332e-21,4.427e-11,,9.733e-2,1.531e-20,4.976e-19,6.220e-17,1.655e-17,6.231e-10,2.148e-1,1.697e-19,1.119e+0,2.544e-23,2.438e+2,1.812e-20,4.486e-10,6.689e-20,7.503e-23,1.151e+1,3.381e+1,4.321e-1,3.582e+2,,8.483e+1,8.206e+1,,5.473e+0,8.697e-19,,7.826e-20,1.885e-16,,5.239e+0,,2.043e-2,,2.230e-18,,3.177e-6,6.619e+1,2.598e-17,,4.222e-19,9.900e-17
423.89,8.861e+2,8.708e-21,8.971e-24,1.703e-43,7.123e-22,9.688e-36,,1.057e-19,5.104e-22,,3.972e-15,9.241e-5,1.197e-27,1.046e-17,1.794e-21,7.850e-29,8.331e-21,3.340e-11,,7.511e-2,1.533e-20,4.976e-19,1.106e-16,1.657e-17,7.667e-10,2.139e-1,1.697e-19,1.058e+0,2.545e-23,2.334e+2,1.813e-20,4.483e-10,6.690e-20,7.504e-23,1.081e+1,3.165e+1,4.302e-1,3.552e+2,,8.642e+1,8.529e+1,,5.177e+0,8.703e-19,,7.824e-20,1.884e-16,,5.340e+0,,1.591e-2,,2.229e-18,,2.249e-6,7.100e+1,2.598e-17,,4.207e-19,9.903e-17
423.92,8.727e+2,8.710e-21,2.171e-23,1.695e-43,7.505e-22,9.703e-36,,1.059e-19,5.106e-22,,3.972e-15,6.392e-5,1.192e-27,1.046e-17,1.794e-21,7.875e-29,8.330e-21,2.172e-11,,5.051e-2,1.535e-20,4.975e-19,2.604e-16,1.660e-17,1.039e-9,2.113e-1,1.698e-19,9.671e-1,2.546e-23,2.178e+2,1.814e-20,4.447e-10,6.692e-20,7.506e-23,9.775e+0,2.843e+1,4.241e-1,3.479e+2,,8.858e+1,8.994e+1,,4.918e+0,8.713e-19,,7.822e-20,1.884e-16,,5.477e+0,,1.087e-2,,2.228e-18,,1.329e-6,7.826e+1,2.597e-17,,4.184e-19,9.906e-17
423.94,8.619e+2,8.712e-21,3.893e-23,1.690e-43,7.759e-22,9.712e-36,,1.061e-19,5.107e-22,,3.971e-15,4.973e-5,1.190e-27,1.046e-17,1.794e-21,7.891e-29,8.329e-21,1.622e-11,,3.857e-2,1.536e-20,4.972e-19,4.585e-16,1.662e-17,1.267e-9,2.086e-1,1.698e-19,9.080e-1,2.547e-23,2.074e+2,1.814e-20,4.402e-10,6.694e-20,7.506e-23,9.090e+0,2.633e+1,4.178e-1,3.413e+2,,8.986e+1,9.288e+1,,4.871e+0,8.719e-19,,7.820e-20,1.883e-16,,5.559e+0,,8.400e-3,,2.227e-18,,9.306e-7,8.305e+1,2.597e-17,,4.169e-19,9.908e-17
423.97,8.430e+2,8.714e-21,9.274e-23,1.682e-43,8.141e-22,9.727e-36,,1.063e-19,5.109e-22,,3.971e-15,3.387e-5,1.186e-27,1.046e-17,1.794e-21,7.916e-29,8.328e-21,1.038e-11,,2.552e-2,1.539e-20,4.959e-19,1.062e-15,1.665e-17,1.693e-9,2.033e-1,1.698e-19,8.220e-1,2.547e-23,1.920e+2,1.815e-20,4.305e-10,6.696e-20,7.508e-23,8.086e+0,2.328e+1,4.053e-1,3.290e+2,,9.153e+1,9.699e+1,,4.996e+0,8.728e-19,,7.818e-20,1.882e-16,,5.665e+0,,5.692e-3,,2.226e-18,,5.411e-7,9.009e+1,2.597e-17,,4.146e-19,9.912e-17
423.99,8.289e+2,8.715e-21,1.646e-22,1.676e-43,8.395e-22,9.736e-36,,1.065e-19,5.111e-22,,3.971e-15,2.608e-5,1.183e-27,1.046e-17,1.794e-21,7.932e-29,8.327e-21,7.667e-12,,1.928e-2,1.540e-20,4.944e-19,1.850e-15,1.667e-17,2.045e-9,1.990e-1,1.698e-19,7.668e-1,2.548e-23,1.819e+2,1.815e-20,4.224e-10,6.697e-20,7.509e-23,7.440e+0,2.133e+1,3.951e-1,3.193e+2,,9.248e+1,9.949e+1,,5.213e+0,8.734e-19,,7.816e-20,1.882e-16,,5.723e+0,,4.400e-3,,2.225e-18,,3.750e-7,9.461e+1,2.596e-17,,4.130e-19,9.914e-17
424.02,8.057e+2,8.717e-21,3.859e-22,1.668e-43,8.777e-22,9.751e-36,,1.067e-19,5.113e-22,,3.970e-15,1.748e-5,1.179e-27,1.046e-17,1.794e-21,7.957e-29,8.326e-21,4.830e-12,,1.256e-2,1.543e-20,4.905e-19,4.220e-15,1.670e-17,2.695e-9,1.914e-1,1.699e-19,6.878e-1,2.549e-23,1.674e+2,1.816e-20,4.078e-10,6.699e-20,7.510e-23,6.514e+0,1.856e+1,3.772e-1,3.029e+2,,9.365e+1,1.028e+2,,5.747e+0,8.744e-19,,7.813e-20,1.881e-16,,5.790e+0,,3.033e-3,,2.224e-18,,2.146e-7,1.010e+2,2.596e-17,,4.108e-19,9.917e-17
424.04,7.892e+2,1.592e-20,6.777e-22,1.663e-43,9.032e-22,9.761e-36,,1.068e-19,5.114e-22,,3.970e-15,1.332e-5,1.176e-27,1.046e-17,1.794e-21,7.973e-29,8.326e-21,3.530e-12,,9.384e-3,1.544e-20,4.868e-19,7.274e-15,1.672e-17,3.225e-9,1.857e-1,1.699e-19,6.378e-1,2.550e-23,1.583e+2,1.817e-20,3.967e-10,6.701e-20,7.511e-23,5.930e+0,1.683e+1,3.638e-1,2.909e+2,,9.428e+1,1.048e+2,,6.248e+0,8.750e-19,,7.812e-20,1.881e-16,,5.823e+0,,2.420e-3,,2.223e-18,,1.473e-7,1.049e+2,2.595e-17,,4.092e-19,9.920e-17
424.07,7.630e+2,3.900e-20,1.564e-21,1.655e-43,9.413e-22,9.775e-36,,1.071e-19,5.116e-22,,3.969e-15,8.789e-6,1.172e-27,1.046e-17,1.794e-21,7.998e-29,8.325e-21,2.188e-12,,6.014e-3,1.547e-20,4.793e-19,1.633e-14,1.675e-17,4.193e-9,1.763e-1,1.699e-19,5.671e-1,2.550e-23,1.453e+2,1.817e-20,3.786e-10,6.703e-20,7.512e-23,5.109e+0,1.441e+1,3.418e-1,2.716e+2,,9.501e+1,1.071e+2,,7.223e+0,8.759e-19,,7.809e-20,1.880e-16,,5.853e+0,,1.844e-3,,2.222e-18,,8.321e-8,1.103e+2,2.595e-17,,4.070e-19,9.923e-17
424.09,7.450e+2,7.050e-20,2.718e-21,1.650e-43,9.668e-22,9.785e-36,,1.072e-19,5.118e-22,,3.969e-15,6.627e-6,1.170e-27,1.046e-17,1.795e-21,8.014e-29,8.324e-21,1.583e-12,,4.446e-3,1.548e-20,4.728e-19,2.786e-14,1.677e-17,4.972e-9,1.697e-1,1.699e-19,5.230e-1,2.551e-23,1.374e+2,1.818e-20,3.657e-10,6.704e-20,7.513e-23,4.602e+0,1.292e+1,3.262e-1,2.581e+2,,9.538e+1,1.084e+2,,8.030e+0,8.765e-19,,7.808e-20,1.880e-16,,5.862e+0,,1.651e-3,,2.221e-18,,5.680e-8,1.133e+2,2.594e-17,,4.054e-19,9.925e-17
424.12,7.175e+2,1.700e-19,6.177e-21,1.642e-43,1.005e-21,9.799e-36,,1.074e-19,5.120e-22,,3.969e-15,4.305e-6,1.166e-27,1.046e-17,1.795e-21,8.039e-29,8.323e-21,9.656e-13,,2.804e-3,1.551e-20,4.609e-19,6.157e-14,1.680e-17,6.375e-9,1.595e-1,1.700e-19,4.613e-1,2.552e-23,1.266e+2,1.819e-20,3.456e-10,6.706e-20,7.515e-23,3.902e+0,1.089e+1,3.016e-1,2.371e+2,,9.578e+1,1.097e+2,,9.482e+0,8.775e-19,,7.805e-20,1.879e-16,,5.861e+0,,1.611e-3,,2.220e-18,,3.233e-8,1.172e+2,2.594e-17,,4.031e-19,9.929e-17
424.14,6.991e+2,3.041e-19,1.062e-20,1.637e-43,1.030e-21,9.809e-36,,1.076e-19,5.121e-22,,3.968e-15,3.212e-6,1.163e-27,1.046e-17,1.795e-21,8.055e-29,8.322e-21,6.910e-13,,2.051e-3,1.552e-20,4.514e-19,1.039e-13,1.682e-17,7.489e-9,1.527e-1,1.700e-19,4.231e-1,2.553e-23,1.203e+2,1.819e-20,3.320e-10,6.708e-20,7.516e-23,3.478e+0,9.664e+0,2.848e-1,2.229e+2,,9.597e+1,1.102e+2,,1.062e+1,8.781e-19,,7.803e-20,1.879e-16,,5.850e+0,,1.744e-3,,2.219e-18,,2.271e-8,1.192e+2,2.593e-17,,4.016e-19,9.931e-17
424.17,6.718e+2,7.218e-19,2.376e-20,1.629e-43,1.069e-21,9.823e-36,,1.078e-19,5.123e-22,,3.968e-15,2.054e-6,1.159e-27,1.046e-17,1.795e-21,8.080e-29,8.321e-21,4.149e-13,,1.273e-3,1.555e-20,4.348e-19,2.261e-13,1.685e-17,9.472e-9,1.428e-1,1.700e-19,3.702e-1,2.553e-23,1.121e+2,1.820e-20,3.118e-10,6.710e-20,7.517e-23,2.902e+0,8.015e+0,2.592e-1,2.016e+2,,9.620e+1,1.105e+2,,1.258e+1,8.790e-19,,7.801e-20,1.878e-16,,5.824e+0,,2.199e-3,,2.218e-18,,1.474e-8,1.213e+2,2.593e-17,,3.993e-19,9.934e-17
424.19,6.540e+2,1.278e-18,4.042e-20,1.624e-43,1.094e-21,9.833e-36,,1.080e-19,5.125e-22,,3.968e-15,1.517e-6,1.156e-27,1.046e-17,1.795e-21,8.096e-29,8.320e-21,2.938e-13,,9.213e-4,1.556e-20,4.224e-19,3.775e-13,1.688e-17,1.103e-8,1.366e-1,1.700e-19,3.379e-1,2.554e-23,1.076e+2,1.820e-20,2.986e-10,6.711e-20,7.518e-23,2.559e+0,7.038e+0,2.421e-1,1.875e+2,,9.634e+1,1.103e+2,,1.405e+1,8.796e-19,,7.799e-20,1.878e-16,,5.801e+0,,2.696e-3,,2.217e-18,,1.254e-8,1.221e+2,2.593e-17,,3.978e-19,9.937e-17
424.21,6.368e+2,2.252e-18,6.849e-20,1.618e-43,1.119e-21,9.843e-36,,1.081e-19,5.126e-22,,3.967e-15,1.115e-6,1.154e-27,1.046e-17,1.795e-21,8.113e-29,8.320e-21,2.072e-13,,6.639e-4,1.558e-20,4.089e-19,6.279e-13,1.690e-17,1.279e-8,1.311e-1,1.700e-19,3.077e-1,2.555e-23,1.040e+2,1.821e-20,2.859e-10,6.712e-20,7.519e-23,2.247e+0,6.153e+0,2.252e-1,1.737e+2,,9.650e+1,1.098e+2,,1.567e+1,8.803e-19,,7.797e-20,1.877e-16,,5.774e+0,,3.376e-3,,2.216e-18,,1.235e-8,1.224e+2,2.592e-17,,3.963e-19,9.939e-17
424.24,6.124e+2,5.229e-18,1.499e-19,1.610e-43,1.158e-21,9.857e-36,,1.083e-19,5.128e-22,,3.967e-15,6.975e-7,1.150e-27,1.046e-17,1.795e-21,8.137e-29,8.319e-21,1.218e-13,,4.029e-4,1.560e-20,3.868e-19,1.336e-12,1.693e-17,1.586e-8,1.243e-1,1.701e-19,2.664e-1,2.556e-23,1.001e+2,1.822e-20,2.681e-10,6.714e-20,7.520e-23,1.834e+0,4.990e+0,2.004e-1,1.536e+2,,9.680e+1,1.086e+2,,1.836e+1,8.812e-19,,7.795e-20,1.877e-16,,5.728e+0,,4.825e-3,,2.215e-18,,1.577e-8,1.218e+2,2.592e-17,,3.940e-19,9.942e-17
424.26,5.972e+2,9.120e-18,2.513e-19,1.605e-43,1.183e-21,9.867e-36,,1.085e-19,5.130e-22,,3.967e-15,5.075e-7,1.147e-27,1.046e-17,1.795e-21,8.154e-29,8.318e-21,8.510e-14,,2.872e-4,1.562e-20,3.710e-19,2.199e-12,1.695e-17,1.823e-8,1.211e-1,1.701e-19,2.413e-1,2.556e-23,9.872e+1,1.822e-20,2.572e-10,6.716e-20,7.521e-23,1.593e+0,4.316e+0,1.844e-1,1.407e+2,,9.708e+1,1.075e+2,,2.032e+1,8.818e-19,,7.793e-20,1.876e-16,,5.696e+0,,6.149e-3,,2.214e-18,,2.090e-8,1.207e+2,2.591e-17,,3.925e-19,9.945e-17
424.29,5.765e+2,2.084e-17,5.413e-19,1.597e-43,1.221e-21,9.881e-36,,1.087e-19,5.132e-22,,3.966e-15,3.125e-7,1.143e-27,1.046e-17,1.796e-21,8.178e-29,8.317e-21,4.958e-14,,1.715e-4,1.564e-20,3.460e-19,4.606e-12,1.698e-17,2.230e-8,1.192e-1,1.701e-19,2.072e-1,2.557e-23,9.833e+1,1.823e-20,2.426e-10,6.718e-20,7.522e-23,1.279e+0,3.445e+0,1.615e-1,1.225e+2,,9.765e+1,1.055e+2,,2.350e+1,8.827e-19,,7.791e-20,1.876e-16,,5.644e+0,,8.837e-3,,2.213e-18,,3.450e-8,1.183e+2,2.591e-17,,3.902e-19,9.948e-17
424.31,5.642e+2,3.598e-17,8.981e-19,1.592e-43,1.247e-21,9.891e-36,,1.089e-19,5.133e-22,,3.966e-15,2.250e-7,1.140e-27,1.046e-17,1.796e-21,8.195e-29,8.316e-21,3.471e-14,,1.210e-4,1.566e-20,3.287e-19,7.502e-12,1.700e-17,2.540e-8,1.203e-1,1.701e-19,1.867e-1,2.558e-23,9.927e+1,1.823e-20,2.342e-10,6.719e-20,7.523e-23,1.100e+0,2.948e+0,1.471e-1,1.110e+2,,9.816e+1,1.039e+2,,2.577e+1,8.834e-19,,7.789e-20,1.875e-16,,5.609e+0,,1.122e-2,,2.212e-18,,4.916e-8,1.160e+2,2.590e-17,,3.887e-19,9.950e-17
424.34,5.483e+2,8.095e-17,1.904e-18,1.584e-43,1.285e-21,9.906e-36,,1.091e-19,5.135e-22,,3.966e-15,1.364e-7,1.136e-27,1.046e-17,1.796e-21,8.219e-29,8.315e-21,2.091e-14,,7.109e-5,1.568e-20,3.021e-19,1.547e-11,1.703e-17,3.064e-8,1.265e-1,1.702e-19,1.590e-1,2.559e-23,1.025e+2,1.824e-20,2.237e-10,6.721e-20,7.525e-23,8.692e-1,2.316e+0,1.268e-1,9.509e+1,,9.914e+1,1.012e+2,,2.937e+1,8.843e-19,,7.787e-20,1.874e-16,,5.555e+0,,1.595e-2,,2.211e-18,,8.410e-8,1.118e+2,2.590e-17,,3.864e-19,9.954e-17
424.36,5.395e+2,1.383e-16,3.126e-18,1.579e-43,1.310e-21,9.915e-36,,1.092e-19,5.137e-22,,3.965e-15,9.717e-8,1.134e-27,1.045e-17,1.796e-21,8.236e-29,8.314e-21,1.568e-14,,4.961e-5,1.570e-20,2.842e-19,2.493e-11,1.705e-17,3.457e-8,1.344e-1,1.702e-19,1.425e-1,2.559e-23,1.060e+2,1.825e-20,2.182e-10,6.723e-20,7.525e-23,7.391e-1,1.961e+0,1.142e-1,8.531e+1,,9.995e+1,9.919e+1,,3.189e+1,8.849e-19,,7.785e-20,1.874e-16,,5.519e+0,,2.008e-2,,2.210e-18,,1.201e-7,1.086e+2,2.589e-17,,3.849e-19,9.956e-17
424.39,5.291e+2,3.062e-16,6.526e-18,1.571e-43,1.348e-21,9.930e-36,,1.095e-19,5.139e-22,,3.965e-15,5.798e-8,1.130e-27,1.045e-17,1.796e-21,8.260e-29,8.313e-21,1.208e-14,,2.869e-5,1.572e-20,2.573e-19,5.059e-11,1.708e-17,4.114e-8,1.534e-1,1.702e-19,1.203e-1,2.560e-23,1.130e+2,1.825e-20,2.123e-10,6.725e-20,7.527e-23,5.750e-1,1.516e+0,9.690e-2,7.190e+1,,1.014e+2,9.605e+1,,3.579e+1,8.858e-19,,7.782e-20,1.873e-16,,5.462e+0,,2.813e-2,,2.209e-18,,2.037e-7,1.030e+2,2.589e-17,,3.826e-19,9.959e-17
424.41,5.241e+2,5.175e-16,1.060e-17,1.565e-43,1.374e-21,9.940e-36,,1.096e-19,5.140e-22,,3.965e-15,4.088e-8,1.127e-27,1.045e-17,1.796e-21,8.277e-29,8.313e-21,1.207e-14,,1.981e-5,1.573e-20,2.396e-19,8.068e-11,1.710e-17,4.598e-8,1.718e-1,1.702e-19,1.071e-1,2.561e-23,1.189e+2,1.826e-20,2.099e-10,6.726e-20,7.528e-23,4.838e-1,1.270e+0,8.637e-2,6.382e+1,,1.025e+2,9.387e+1,,3.846e+1,8.865e-19,,7.781e-20,1.873e-16,,5.422e+0,,3.504e-2,,2.208e-18,,2.884e-7,9.893e+1,2.589e-17,,3.811e-19,9.962e-17
424.44,5.195e+2,1.128e-15,2.178e-17,1.558e-43,1.412e-21,9.954e-36,,1.098e-19,5.143e-22,,3.964e-15,2.401e-8,1.123e-27,1.045e-17,1.796e-21,8.301e-29,8.312e-21,1.570e-14,,1.127e-5,1.576e-20,2.136e-19,1.612e-10,1.713e-17,5.395e-8,2.100e-1,1.703e-19,8.956e-2,2.562e-23,1.296e+2,1.827e-20,2.086e-10,6.728e-20,7.529e-23,3.704e-1,9.660e-1,7.211e-2,5.294e+1,,1.045e+2,9.050e+1,,4.251e+1,8.874e-19,,7.778e-20,1.872e-16,,5.357e+0,,4.835e-2,,2.207e-18,,4.820e-7,9.237e+1,2.588e-17,,3.788e-19,9.965e-17
424.46,5.184e+2,1.887e-15,3.502e-17,1.552e-43,1.437e-21,9.964e-36,,1.100e-19,5.144e-22,,3.964e-15,1.675e-8,1.120e-27,1.045e-17,1.796e-21,8.318e-29,8.311e-21,2.109e-14,,7.699e-6,1.577e-20,1.969e-19,2.544e-10,1.715e-17,5.975e-8,2.441e-1,1.703e-19,7.922e-2,2.562e-23,1.380e+2,1.827e-20,2.092e-10,6.730e-20,7.530e-23,3.083e-1,8.007e-1,6.359e-2,4.649e+1,,1.059e+2,8.822e+1,,4.520e+1,8.880e-19,,7.776e-20,1.872e-16,,5.310e+0,,5.960e-2,,2.206e-18,,6.753e-7,8.778e+1,2.588e-17,,3.773e-19,9.967e-17
424.49,5.196e+2,4.050e-15,7.084e-17,1.544e-43,1.476e-21,9.978e-36,,1.102e-19,5.146e-22,,3.963e-15,9.685e-9,1.116e-27,1.045e-17,1.797e-21,8.342e-29,8.310e-21,3.559e-14,,4.311e-6,1.580e-20,1.729e-19,5.003e-10,1.718e-17,6.913e-8,3.110e-1,1.703e-19,6.558e-2,2.563e-23,1.523e+2,1.828e-20,2.121e-10,6.732e-20,7.531e-23,2.323e-1,5.995e-1,5.225e-2,3.795e+1,,1.082e+2,8.480e+1,,4.917e+1,8.889e-19,,7.774e-20,1.871e-16,,5.231e+0,,8.093e-2,,2.205e-18,,1.111e-6,8.066e+1,2.587e-17,,3.750e-19,9.971e-17
424.51,5.222e+2,6.703e-15,1.127e-16,1.539e-43,1.501e-21,9.988e-36,,1.104e-19,5.147e-22,,3.963e-15,6.686e-9,1.114e-27,1.045e-17,1.797e-21,8.359e-29,8.309e-21,5.151e-14,,2.913e-6,1.581e-20,1.577e-19,7.811e-10,1.720e-17,7.584e-8,3.680e-1,1.703e-19,5.761e-2,2.564e-23,1.629e+2,1.828e-20,2.153e-10,6.733e-20,7.532e-23,1.913e-1,4.916e-1,4.559e-2,3.298e+1,,1.098e+2,8.253e+1,,5.173e+1,8.896e-19,,7.772e-20,1.871e-16,,5.171e+0,,9.872e-2,,2.204e-18,,1.540e-6,7.584e+1,2.587e-17,,3.734e-19,9.973e-17
424.54,5.287e+2,1.416e-14,2.244e-16,1.531e-43,1.539e-21,1.000e-35,,1.106e-19,5.150e-22,,3.963e-15,3.805e-9,1.110e-27,1.045e-17,1.797e-21,8.383e-29,8.308e-21,9.027e-14,,1.606e-6,1.584e-20,1.363e-19,1.512e-9,1.723e-17,8.653e-8,4.760e-1,1.704e-19,4.718e-2,2.565e-23,1.804e+2,1.829e-20,2.217e-10,6.735e-20,7.534e-23,1.419e-1,3.622e-1,3.687e-2,2.650e+1,,1.123e+2,7.919e+1,,5.539e+1,8.905e-19,,7.770e-20,1.870e-16,,5.070e+0,,1.319e-1,,2.202e-18,,2.495e-6,6.859e+1,2.586e-17,,3.712e-19,9.976e-17
424.56,5.345e+2,2.319e-14,3.532e-16,1.526e-43,1.565e-21,1.001e-35,,1.107e-19,5.151e-22,,3.962e-15,2.600e-9,1.107e-27,1.045e-17,1.797e-21,8.400e-29,8.307e-21,1.310e-13,,1.073e-6,1.585e-20,1.230e-19,2.337e-9,1.725e-17,9.404e-8,5.656e-1,1.704e-19,4.115e-2,2.565e-23,1.930e+2,1.830e-20,2.269e-10,6.737e-20,7.535e-23,1.156e-1,2.939e-1,3.183e-2,2.278e+1,,1.140e+2,7.700e+1,,5.767e+1,8.911e-19,,7.768e-20,1.870e-16,,4.993e+0,,1.593e-1,,2.202e-18,,3.422e-6,6.381e+1,2.586e-17,,3.696e-19,9.979e-17
424.58,5.415e+2,3.782e-14,5.538e-16,1.521e-43,1.590e-21,1.002e-35,,1.109e-19,5.152e-22,,3.962e-15,1.768e-9,1.104e-27,1.045e-17,1.797e-21,8.416e-29,8.307e-21,1.896e-13,,7.146e-7,1.587e-20,1.106e-19,3.595e-9,1.727e-17,1.018e-7,6.715e-1,1.704e-19,3.579e-2,2.566e-23,2.064e+2,1.830e-20,2.327e-10,6.738e-20,7.535e-23,9.380e-2,2.375e-1,2.736e-2,1.950e+1,,1.157e+2,7.487e+1,,5.978e+1,8.917e-19,,7.766e-20,1.869e-16,,4.908e+0,,1.914e-1,,2.201e-18,,4.675e-6,5.911e+1,2.585e-17,,3.681e-19,9.981e-17
424.61,5.537e+2,7.816e-14,1.079e-15,1.513e-43,1.628e-21,1.004e-35,,1.111e-19,5.155e-22,,3.962e-15,9.845e-10,1.100e-27,1.045e-17,1.797e-21,8.441e-29,8.306e-21,3.277e-13,,3.850e-7,1.589e-20,9.356e-20,6.809e-9,1.731e-17,1.139e-7,8.659e-1,1.704e-19,2.889e-2,2.567e-23,2.275e+2,1.831e-20,2.422e-10,6.740e-20,7.537e-23,6.801e-2,1.711e-1,2.164e-2,1.532e+1,,1.181e+2,7.175e+1,,6.261e+1,8.927e-19,,7.764e-20,1.869e-16,,4.765e+0,,2.502e-1,,2.200e-18,,7.406e-6,5.228e+1,2.585e-17,,3.658e-19,9.984e-17
424.63,5.629e+2,1.261e-13,1.673e-15,1.507e-43,1.654e-21,1.005e-35,,1.113e-19,5.156e-22,,3.961e-15,6.627e-10,1.098e-27,1.045e-17,1.797e-21,8.457e-29,8.305e-21,4.696e-13,,2.536e-7,1.591e-20,8.324e-20,1.037e-8,1.733e-17,1.221e-7,1.023e+0,1.705e-19,2.497e-2,2.567e-23,2.422e+2,1.831e-20,2.489e-10,6.742e-20,7.538e-23,5.460e-2,1.368e-1,1.841e-2,1.297e+1,,1.196e+2,6.974e+1,,6.422e+1,8.933e-19,,7.762e-20,1.868e-16,,4.658e+0,,2.976e-1,,2.199e-18,,1.001e-5,4.791e+1,2.585e-17,,3.643e-19,9.986e-17
424.66,5.777e+2,2.566e-13,3.208e-15,1.499e-43,1.692e-21,1.006e-35,,1.115e-19,5.158e-22,,3.961e-15,3.631e-10,1.094e-27,1.045e-17,1.797e-21,8.482e-29,8.304e-21,7.994e-13,,1.345e-7,1.593e-20,6.934e-20,1.932e-8,1.736e-17,1.347e-7,1.305e+0,1.705e-19,1.998e-2,2.568e-23,2.649e+2,1.832e-20,2.593e-10,6.744e-20,7.539e-23,3.896e-2,9.697e-2,1.433e-2,1.003e+1,,1.216e+2,6.682e+1,,6.619e+1,8.942e-19,,7.760e-20,1.868e-16,,4.481e+0,,3.829e-1,,2.198e-18,,1.561e-5,4.171e+1,2.584e-17,,3.620e-19,9.990e-17
424.68,5.880e+2,4.098e-13,4.925e-15,1.494e-43,1.717e-21,1.007e-35,,1.116e-19,5.159e-22,,3.961e-15,2.419e-10,1.091e-27,1.045e-17,1.798e-21,8.498e-29,8.303e-21,1.134e-12,,8.762e-8,1.595e-20,6.108e-20,2.911e-8,1.738e-17,1.431e-7,1.528e+0,1.705e-19,1.720e-2,2.569e-23,2.804e+2,1.833e-20,2.661e-10,6.745e-20,7.540e-23,3.095e-2,7.669e-2,1.206e-2,8.407e+0,,1.228e+2,6.494e+1,,6.718e+1,8.948e-19,,7.758e-20,1.867e-16,,4.352e+0,,4.506e-1,,2.197e-18,,2.088e-5,3.782e+1,2.584e-17,,3.605e-19,9.992e-17
424.71,6.038e+2,8.206e-13,9.294e-15,1.486e-43,1.755e-21,1.008e-35,,1.119e-19,5.162e-22,,3.960e-15,1.305e-10,1.087e-27,1.045e-17,1.798e-21,8.523e-29,8.302e-21,1.900e-12,,4.572e-8,1.597e-20,5.015e-20,5.342e-8,1.741e-17,1.555e-7,1.924e+0,1.705e-19,1.374e-2,2.570e-23,3.037e+2,1.833e-20,2.760e-10,6.747e-20,7.541e-23,2.173e-2,5.351e-2,9.238e-3,6.397e+0,,1.242e+2,6.221e+1,,6.815e+1,8.958e-19,,7.755e-20,1.866e-16,,4.142e+0,,5.706e-1,,2.196e-18,,3.205e-5,3.240e+1,2.583e-17,,3.582e-19,9.996e-17
424.73,6.143e+2,1.297e-12,1.412e-14,1.481e-43,1.781e-21,1.009e-35,,1.120e-19,5.163e-22,,3.960e-15,8.600e-11,1.084e-27,1.045e-17,1.798e-21,8.539e-29,8.301e-21,2.666e-12,,2.947e-8,1.599e-20,4.377e-20,7.965e-8,1.743e-17,1.637e-7,2.233e+0,1.706e-19,1.186e-2,2.570e-23,3.192e+2,1.834e-20,2.822e-10,6.749e-20,7.542e-23,1.708e-2,4.188e-2,7.696e-3,5.304e+0,,1.249e+2,6.045e+1,,6.844e+1,8.964e-19,,7.754e-20,1.866e-16,,3.993e+0,,6.644e-1,,2.195e-18,,4.241e-5,2.907e+1,2.583e-17,,3.567e-19,9.998e-17
424.76,6.295e+2,2.556e-12,2.623e-14,1.473e-43,1.819e-21,1.011e-35,,1.122e-19,5.165e-22,,3.960e-15,4.566e-11,1.080e-27,1.045e-17,1.798e-21,8.564e-29,8.300e-21,4.398e-12,,1.513e-8,1.601e-20,3.547e-20,1.439e-7,1.746e-17,1.754e-7,2.770e+0,1.706e-19,9.607e-3,2.571e-23,3.420e+2,1.835e-20,2.904e-10,6.751e-20,7.544e-23,1.180e-2,2.876e-2,5.809e-3,3.972e+0,,1.254e+2,5.789e+1,,6.833e+1,8.973e-19,,7.751e-20,1.865e-16,,3.756e+0,,8.282e-1,,2.193e-18,,6.408e-5,2.451e+1,2.582e-17,,3.544e-19,1.000e-16
424.78,6.391e+2,3.998e-12,3.943e-14,1.468e-43,1.844e-21,1.012e-35,,1.124e-19,5.167e-22,,3.959e-15,2.978e-11,1.078e-27,1.045e-17,1.798e-21,8.580e-29,8.300e-21,6.107e-12,,9.652e-9,1.603e-20,3.073e-20,2.122e-7,1.748e-17,1.828e-7,3.182e+0,1.706e-19,8.445e-3,2.572e-23,3.567e+2,1.835e-20,2.951e-10,6.752e-20,7.544e-23,9.179e-3,2.226e-2,4.794e-3,3.258e+0,,1.255e+2,5.624e+1,,6.789e+1,8.979e-19,,7.749e-20,1.865e-16,,3.590e+0,,9.542e-1,,2.193e-18,,8.392e-5,2.176e+1,2.582e-17,,3.529e-19,1.000e-16
424.81,6.522e+2,7.757e-12,7.211e-14,1.460e-43,1.883e-21,1.013e-35,,1.126e-19,5.169e-22,,3.959e-15,1.556e-11,1.073e-27,1.045e-17,1.798e-21,8.605e-29,8.299e-21,9.916e-12,,4.877e-9,1.605e-20,2.468e-20,3.774e-7,1.751e-17,1.930e-7,3.888e+0,1.706e-19,7.164e-3,2.573e-23,3.776e+2,1.836e-20,3.008e-10,6.754e-20,7.546e-23,6.243e-3,1.505e-2,3.574e-3,2.402e+0,,1.251e+2,5.384e+1,,6.672e+1,8.989e-19,,7.747e-20,1.864e-16,,3.334e+0,,1.171e+0,,2.191e-18,,1.248e-4,1.806e+1,2.581e-17,,3.506e-19,1.001e-16
424.83,6.598e+2,1.200e-11,1.073e-13,1.455e-43,1.908e-21,1.014e-35,,1.128e-19,5.170e-22,,3.958e-15,1.004e-11,1.071e-27,1.045e-17,1.798e-21,8.621e-29,8.298e-21,1.363e-11,,3.077e-9,1.606e-20,2.130e-20,5.509e-7,1.753e-17,1.992e-7,4.421e+0,1.707e-19,6.595e-3,2.573e-23,3.906e+2,1.836e-20,3.034e-10,6.755e-20,7.547e-23,4.803e-3,1.153e-2,2.931e-3,1.949e+0,,1.246e+2,5.230e+1,,6.559e+1,8.995e-19,,7.745e-20,1.864e-16,,3.160e+0,,1.335e+0,,2.191e-18,,1.617e-4,1.586e+1,2.581e-17,,3.491e-19,1.001e-16
424.86,6.693e+2,2.293e-11,1.931e-13,1.447e-43,1.946e-21,1.016e-35,,1.130e-19,5.172e-22,,3.958e-15,5.166e-12,1.067e-27,1.045e-17,1.798e-21,8.646e-29,8.297e-21,2.178e-11,,1.530e-9,1.609e-20,1.710e-20,9.642e-7,1.756e-17,2.074e-7,5.318e+0,1.707e-19,6.140e-3,2.574e-23,4.084e+2,1.837e-20,3.057e-10,6.758e-20,7.548e-23,3.215e-3,7.665e-3,2.176e-3,1.414e+0,,1.232e+2,5.007e+1,,6.344e+1,9.004e-19,,7.743e-20,1.863e-16,,2.895e+0,,1.612e+0,,2.189e-18,,2.367e-4,1.295e+1,2.580e-17,,3.468e-19,1.001e-16
424.88,6.742e+2,3.511e-11,2.843e-13,1.441e-43,1.972e-21,1.017e-35,,1.131e-19,5.174e-22,,3.958e-15,3.299e-12,1.064e-27,1.045e-17,1.799e-21,8.662e-29,8.296e-21,2.961e-11,,9.553e-10,1.610e-20,1.482e-20,1.393e-6,1.758e-17,2.120e-7,5.984e+0,1.707e-19,6.092e-3,2.575e-23,4.189e+2,1.838e-20,3.060e-10,6.759e-20,7.549e-23,2.447e-3,5.810e-3,1.791e-3,1.135e+0,,1.220e+2,4.864e+1,,6.171e+1,9.010e-19,,7.741e-20,1.863e-16,,2.718e+0,,1.818e+0,,2.189e-18,,3.036e-4,1.126e+1,2.580e-17,,3.453e-19,1.001e-16
424.91,6.791e+2,6.601e-11,5.037e-13,1.433e-43,2.010e-21,1.018e-35,,1.134e-19,5.176e-22,,3.957e-15,1.671e-12,1.060e-27,1.045e-17,1.799e-21,8.687e-29,8.295e-21,4.658e-11,,4.674e-10,1.613e-20,1.209e-20,2.400e-6,1.761e-17,2.175e-7,7.086e+0,1.707e-19,6.397e-3,2.576e-23,4.324e+2,1.839e-20,3.045e-10,6.761e-20,7.550e-23,1.612e-3,3.803e-3,1.361e-3,8.105e-1,,1.198e+2,4.660e+1,,5.875e+1,9.020e-19,,7.739e-20,1.862e-16,,2.455e+0,,2.161e+0,,2.187e-18,,4.374e-4,9.049e+0,2.579e-17,,3.430e-19,1.002e-16
424.93,6.806e+2,1.000e-10,7.338e-13,1.428e-43,2.035e-21,1.019e-35,,1.135e-19,5.177e-22,,3.957e-15,1.056e-12,1.057e-27,1.045e-17,1.799e-21,8.703e-29,8.294e-21,6.268e-11,,2.887e-10,1.614e-20,1.069e-20,3.430e-6,1.763e-17,2.202e-7,7.890e+0,1.708e-19,6.853e-3,2.576e-23,4.397e+2,1.839e-20,3.022e-10,6.762e-20,7.551e-23,1.214e-3,2.851e-3,1.159e-3,6.440e-1,,1.180e+2,4.530e+1,,5.655e+1,9.026e-19,,7.737e-20,1.862e-16,,2.282e+0,,2.412e+0,,2.187e-18,,5.550e-4,7.781e+0,2.579e-17,,3.415e-19,1.002e-16
424.95,6.806e+2,1.510e-10,1.064e-12,1.423e-43,2.061e-21,1.020e-35,,1.137e-19,5.179e-22,,3.957e-15,6.643e-13,1.055e-27,1.045e-17,1.799e-21,8.719e-29,8.294e-21,8.399e-11,,1.776e-10,1.616e-20,9.572e-21,4.883e-6,1.765e-17,2.221e-7,8.749e+0,1.708e-19,7.515e-3,2.577e-23,4.455e+2,1.840e-20,2.990e-10,6.764e-20,7.552e-23,9.103e-4,2.129e-3,1.017e-3,5.095e-1,,1.161e+2,4.407e+1,,5.420e+1,9.032e-19,,7.735e-20,1.861e-16,,2.114e+0,,2.681e+0,,2.186e-18,,7.013e-4,6.662e+0,2.579e-17,,3.399e-19,1.002e-16
424.98,6.779e+2,2.776e-10,1.845e-12,1.415e-43,2.099e-21,1.022e-35,,1.139e-19,5.181e-22,,3.956e-15,3.290e-13,1.051e-27,1.045e-17,1.799e-21,8.744e-29,8.293e-21,1.292e-10,,8.495e-11,1.618e-20,8.387e-21,8.229e-6,1.768e-17,2.233e-7,1.013e+1,1.708e-19,8.916e-3,2.578e-23,4.515e+2,1.840e-20,2.922e-10,6.766e-20,7.554e-23,5.864e-4,1.363e-3,9.061e-4,3.557e-1,,1.129e+2,4.235e+1,,5.045e+1,9.041e-19,,7.733e-20,1.861e-16,,1.870e+0,,3.117e+0,,2.184e-18,,9.882e-4,5.237e+0,2.578e-17,,3.377e-19,1.003e-16
425,6.742e+2,4.146e-10,2.649e-12,1.410e-43,2.124e-21,1.022e-35,,1.140e-19,5.182e-22,,3.956e-15,2.048e-13,1.048e-27,1.045e-17,1.799e-21,8.760e-29,8.292e-21,1.713e-10,,5.169e-11,1.620e-20,7.888e-21,1.159e-5,1.770e-17,2.230e-7,1.112e+1,1.708e-19,1.014e-2,2.578e-23,4.536e+2,1.841e-20,2.866e-10,6.767e-20,7.554e-23,4.350e-4,1.007e-3,8.979e-4,2.784e-1,,1.106e+2,4.129e+1,,4.785e+1,9.048e-19,,7.731e-20,1.860e-16,,1.715e+0,,3.428e+0,,2.184e-18,,1.236e-3,4.436e+0,2.578e-17,,3.361e-19,1.003e-16
425.03,6.660e+2,7.506e-10,4.519e-12,1.402e-43,2.162e-21,1.024e-35,,1.143e-19,5.184e-22,,3.956e-15,9.984e-14,1.044e-27,1.045e-17,1.799e-21,8.785e-29,8.291e-21,2.595e-10,,2.434e-11,1.622e-20,7.522e-21,1.923e-5,1.774e-17,2.209e-7,1.268e+1,1.709e-19,1.243e-2,2.579e-23,4.536e+2,1.842e-20,2.765e-10,6.769e-20,7.556e-23,2.758e-4,6.341e-4,9.861e-4,1.913e-1,,1.069e+2,3.984e+1,,4.384e+1,9.057e-19,,7.728e-20,1.859e-16,,1.495e+0,,3.923e+0,,2.182e-18,,1.714e-3,3.432e+0,2.577e-17,,3.338e-19,1.003e-16
425.05,6.587e+2,1.109e-9,6.420e-12,1.396e-43,2.188e-21,1.025e-35,,1.144e-19,5.186e-22,,3.955e-15,6.151e-14,1.041e-27,1.045e-17,1.799e-21,8.801e-29,8.290e-21,3.405e-10,,1.465e-11,1.624e-20,7.506e-21,2.680e-5,1.776e-17,2.186e-7,1.377e+1,1.709e-19,1.429e-2,2.580e-23,4.517e+2,1.842e-20,2.688e-10,6.771e-20,7.557e-23,2.024e-4,4.634e-4,1.117e-3,1.481e-1,,1.044e+2,3.897e+1,,4.114e+1,9.063e-19,,7.727e-20,1.859e-16,,1.357e+0,,4.269e+0,,2.182e-18,,2.121e-3,2.877e+0,2.577e-17,,3.323e-19,1.003e-16
425.08,6.452e+2,1.977e-9,1.078e-11,1.389e-43,2.226e-21,1.026e-35,,1.146e-19,5.188e-22,,3.955e-15,2.951e-14,1.037e-27,1.045e-17,1.800e-21,8.826e-29,8.289e-21,5.077e-10,,6.787e-12,1.626e-20,7.787e-21,4.376e-5,1.779e-17,2.135e-7,1.545e+1,1.709e-19,1.763e-2,2.581e-23,4.460e+2,1.843e-20,2.561e-10,6.773e-20,7.558e-23,1.263e-4,2.873e-4,1.438e-3,1.002e-1,,1.006e+2,3.781e+1,,3.710e+1,9.072e-19,,7.724e-20,1.858e-16,,1.165e+0,,4.808e+0,,2.180e-18,,2.895e-3,2.190e+0,2.576e-17,,3.300e-19,1.004e-16
425.1,6.347e+2,2.891e-9,1.516e-11,1.383e-43,2.252e-21,1.027e-35,,1.148e-19,5.189e-22,,3.955e-15,1.799e-14,1.035e-27,1.045e-17,1.800e-21,8.842e-29,8.288e-21,6.591e-10,,4.042e-12,1.628e-20,8.157e-21,6.037e-5,1.781e-17,2.092e-7,1.660e+1,1.709e-19,2.024e-2,2.581e-23,4.403e+2,1.843e-20,2.469e-10,6.774e-20,7.559e-23,9.173e-5,2.078e-4,1.750e-3,7.675e-2,,9.801e+1,3.714e+1,,3.444e+1,9.079e-19,,7.723e-20,1.858e-16,,1.046e+0,,5.177e+0,,2.180e-18,,3.545e-3,1.817e+0,2.576e-17,,3.285e-19,1.004e-16
425.13,6.168e+2,5.071e-9,2.506e-11,1.375e-43,2.290e-21,1.029e-35,,1.150e-19,5.191e-22,,3.954e-15,8.497e-15,1.031e-27,1.045e-17,1.800e-21,8.867e-29,8.287e-21,9.673e-10,,1.843e-12,1.630e-20,8.958e-21,9.703e-5,1.784e-17,2.014e-7,1.835e+1,1.710e-19,2.479e-2,2.582e-23,4.293e+2,1.844e-20,2.324e-10,6.776e-20,7.560e-23,5.632e-5,1.267e-4,2.398e-3,5.107e-2,,9.423e+1,3.627e+1,,3.057e+1,9.088e-19,,7.720e-20,1.857e-16,,8.843e-1,,5.739e+0,,2.178e-18,,4.764e-3,1.361e+0,2.575e-17,,3.262e-19,1.004e-16
425.15,6.037e+2,7.338e-9,3.486e-11,1.370e-43,2.315e-21,1.030e-35,,1.152e-19,5.193e-22,,3.954e-15,5.125e-15,1.028e-27,1.045e-17,1.800e-21,8.883e-29,8.287e-21,1.243e-9,,1.086e-12,1.632e-20,9.641e-21,1.324e-4,1.786e-17,1.955e-7,1.950e+1,1.710e-19,2.826e-2,2.583e-23,4.205e+2,1.845e-20,2.222e-10,6.778e-20,7.561e-23,4.047e-5,9.068e-5,2.977e-3,3.872e-2,,9.178e+1,3.578e+1,,2.808e+1,9.094e-19,,7.718e-20,1.857e-16,,7.864e-1,,6.114e+0,,2.178e-18,,5.771e-3,1.117e+0,2.575e-17,,3.247e-19,1.005e-16
425.18,5.826e+2,1.267e-8,5.674e-11,1.362e-43,2.353e-21,1.031e-35,,1.154e-19,5.195e-22,,3.953e-15,2.382e-15,1.024e-27,1.045e-17,1.800e-21,8.908e-29,8.286e-21,1.795e-9,,4.872e-13,1.634e-20,1.086e-20,2.095e-4,1.789e-17,1.856e-7,2.121e+1,1.710e-19,3.420e-2,2.584e-23,4.052e+2,1.845e-20,2.067e-10,6.780e-20,7.563e-23,2.446e-5,5.444e-5,4.122e-3,2.536e-2,,8.824e+1,3.517e+1,,2.453e+1,9.104e-19,,7.716e-20,1.856e-16,,6.543e-1,,6.671e+0,,2.176e-18,,7.635e-3,8.237e-1,2.574e-17,,3.224e-19,1.005e-16
425.2,5.678e+2,1.814e-8,7.810e-11,1.357e-43,2.379e-21,1.032e-35,,1.155e-19,5.196e-22,,3.953e-15,1.422e-15,1.021e-27,1.045e-17,1.800e-21,8.924e-29,8.285e-21,2.282e-9,,2.840e-13,1.636e-20,1.180e-20,2.830e-4,1.791e-17,1.785e-7,2.232e+1,1.710e-19,3.865e-2,2.584e-23,3.940e+2,1.846e-20,1.962e-10,6.781e-20,7.563e-23,1.739e-5,3.854e-5,5.112e-3,1.902e-2,,8.598e+1,3.484e+1,,2.230e+1,9.110e-19,,7.714e-20,1.856e-16,,5.758e-1,,7.033e+0,,2.175e-18,,9.152e-3,6.688e-1,2.574e-17,,3.209e-19,1.005e-16
425.23,5.449e+2,3.084e-8,1.251e-10,1.349e-43,2.417e-21,1.034e-35,,1.158e-19,5.198e-22,,3.953e-15,6.506e-16,1.017e-27,1.045e-17,1.800e-21,8.949e-29,8.284e-21,3.245e-9,,1.254e-13,1.638e-20,1.336e-20,4.408e-4,1.794e-17,1.672e-7,2.389e+1,1.711e-19,4.609e-2,2.585e-23,3.761e+2,1.847e-20,1.806e-10,6.783e-20,7.565e-23,1.034e-5,2.277e-5,7.022e-3,1.226e-2,,8.279e+1,3.442e+1,,1.917e+1,9.119e-19,,7.712e-20,1.855e-16,,4.716e-1,,7.554e+0,,2.174e-18,,1.192e-2,4.854e-1,2.574e-17,,3.186e-19,1.005e-16
425.25,5.294e+2,4.370e-8,1.704e-10,1.344e-43,2.442e-21,1.035e-35,,1.159e-19,5.200e-22,,3.952e-15,3.842e-16,1.015e-27,1.045e-17,1.800e-21,8.965e-29,8.283e-21,4.082e-9,,7.232e-14,1.639e-20,1.449e-20,5.891e-4,1.796e-17,1.594e-7,2.487e+1,1.711e-19,5.158e-2,2.586e-23,3.636e+2,1.847e-20,1.703e-10,6.785e-20,7.566e-23,7.273e-6,1.595e-5,8.640e-3,9.098e-3,,8.079e+1,3.418e+1,,1.724e+1,9.125e-19,,7.710e-20,1.855e-16,,4.107e-1,,7.880e+0,,2.173e-18,,1.414e-2,3.899e-1,2.573e-17,,3.171e-19,1.006e-16
425.28,5.062e+2,7.314e-8,2.688e-10,1.336e-43,2.480e-21,1.036e-35,,1.161e-19,5.202e-22,,3.952e-15,1.730e-16,1.011e-27,1.045e-17,1.801e-21,8.990e-29,8.282e-21,5.713e-9,,3.142e-14,1.642e-20,1.630e-20,9.031e-4,1.799e-17,1.474e-7,2.621e+1,1.711e-19,6.061e-2,2.587e-23,3.446e+2,1.848e-20,1.553e-10,6.787e-20,7.567e-23,4.256e-6,9.274e-6,1.171e-2,5.771e-3,,7.799e+1,3.387e+1,,1.459e+1,9.135e-19,,7.707e-20,1.854e-16,,3.311e-1,,8.329e+0,,2.172e-18,,1.812e-2,2.785e-1,2.573e-17,,3.148e-19,1.006e-16
425.3,4.911e+2,1.025e-7,3.623e-10,1.330e-43,2.506e-21,1.037e-35,,1.163e-19,5.203e-22,,3.952e-15,1.011e-16,1.008e-27,1.045e-17,1.801e-21,9.006e-29,8.281e-21,7.111e-9,,1.793e-14,1.643e-20,1.757e-20,1.194e-3,1.801e-17,1.393e-7,2.700e+1,1.711e-19,6.715e-2,2.587e-23,3.320e+2,1.848e-20,1.457e-10,6.788e-20,7.568e-23,2.962e-6,6.427e-6,1.427e-2,4.238e-3,,7.625e+1,3.367e+1,,1.298e+1,9.141e-19,,7.706e-20,1.854e-16,,2.853e-1,,8.598e+0,,2.171e-18,,2.126e-2,2.214e-1,2.572e-17,,3.133e-19,1.006e-16
425.32,4.764e+2,1.432e-7,4.863e-10,1.325e-43,2.531e-21,1.038e-35,,1.164e-19,5.205e-22,,3.951e-15,5.884e-17,1.005e-27,1.045e-17,1.801e-21,9.023e-29,8.281e-21,8.814e-9,,1.019e-14,1.645e-20,1.887e-20,1.573e-3,1.803e-17,1.312e-7,2.769e+1,1.711e-19,7.409e-2,2.588e-23,3.197e+2,1.849e-20,1.364e-10,6.789e-20,7.569e-23,2.053e-6,4.434e-6,1.731e-2,3.099e-3,,7.460e+1,3.347e+1,,1.151e+1,9.147e-19,,7.704e-20,1.853e-16,,2.449e-1,,8.837e+0,,2.171e-18,,2.485e-2,1.752e-1,2.572e-17,,3.118e-19,1.006e-16
425.35,4.555e+2,2.344e-7,7.503e-10,1.317e-43,2.570e-21,1.039e-35,,1.167e-19,5.207e-22,,3.951e-15,2.591e-17,1.001e-27,1.045e-17,1.801e-21,9.047e-29,8.280e-21,1.207e-8,,4.327e-15,1.647e-20,2.087e-20,2.359e-3,1.806e-17,1.193e-7,2.855e+1,1.712e-19,8.522e-2,2.589e-23,3.024e+2,1.850e-20,1.233e-10,6.792e-20,7.570e-23,1.175e-6,2.521e-6,2.297e-2,1.922e-3,,7.228e+1,3.315e+1,,9.523e+0,9.156e-19,,7.701e-20,1.853e-16,,1.931e-1,,9.136e+0,,2.169e-18,,3.116e-2,1.224e-1,2.571e-17,,3.095e-19,1.007e-16
425.37,4.426e+2,3.238e-7,9.965e-10,1.312e-43,2.595e-21,1.040e-35,,1.168e-19,5.208e-22,,3.951e-15,1.492e-17,9.986e-28,1.045e-17,1.801e-21,9.064e-29,8.279e-21,1.480e-8,,2.432e-15,1.649e-20,2.221e-20,3.074e-3,1.808e-17,1.116e-7,2.898e+1,1.712e-19,9.308e-2,2.589e-23,2.918e+2,1.850e-20,1.151e-10,6.793e-20,7.571e-23,8.055e-7,1.721e-6,2.758e-2,1.390e-3,,7.082e+1,3.289e+1,,8.350e+0,9.162e-19,,7.700e-20,1.852e-16,,1.640e-1,,9.292e+0,,2.169e-18,,3.604e-2,9.585e-2,2.571e-17,,3.080e-19,1.007e-16
425.4,4.250e+2,5.218e-7,1.513e-9,1.304e-43,2.633e-21,1.042e-35,,1.170e-19,5.210e-22,,3.950e-15,6.468e-18,9.946e-28,1.045e-17,1.801e-21,9.088e-29,8.278e-21,1.995e-8,,1.018e-15,1.651e-20,2.421e-20,4.538e-3,1.811e-17,1.005e-7,2.941e+1,1.712e-19,1.055e-1,2.590e-23,2.778e+2,1.851e-20,1.038e-10,6.795e-20,7.573e-23,4.536e-7,9.632e-7,3.602e-2,8.487e-4,,6.872e+1,3.244e+1,,6.802e+0,9.172e-19,,7.697e-20,1.851e-16,,1.273e-1,,9.456e+0,,2.167e-18,,4.447e-2,6.590e-2,2.570e-17,,3.057e-19,1.007e-16
425.42,4.147e+2,7.134e-7,1.989e-9,1.299e-43,2.659e-21,1.043e-35,,1.172e-19,5.212e-22,,3.950e-15,3.685e-18,9.919e-28,1.045e-17,1.801e-21,9.105e-29,8.277e-21,2.421e-8,,5.669e-16,1.653e-20,2.551e-20,5.852e-3,1.813e-17,9.342e-8,2.954e+1,1.712e-19,1.140e-1,2.591e-23,2.700e+2,1.851e-20,9.693e-11,6.796e-20,7.573e-23,3.077e-7,6.506e-7,4.281e-2,6.075e-4,,6.737e+1,3.209e+1,,5.902e+0,9.178e-19,,7.696e-20,1.851e-16,,1.069e-1,,9.516e+0,,2.166e-18,,5.089e-2,5.106e-2,2.570e-17,,3.041e-19,1.008e-16
425.45,4.018e+2,1.132e-6,2.974e-9,1.291e-43,2.697e-21,1.044e-35,,1.174e-19,5.214e-22,,3.950e-15,1.572e-18,9.879e-28,1.045e-17,1.801e-21,9.129e-29,8.276e-21,3.211e-8,,2.360e-16,1.655e-20,2.739e-20,8.504e-3,1.817e-17,8.344e-8,2.951e+1,1.713e-19,1.273e-1,2.592e-23,2.608e+2,1.852e-20,8.761e-11,6.798e-20,7.575e-23,1.706e-7,3.583e-7,5.503e-2,3.650e-4,,6.536e+1,3.145e+1,,4.733e+0,9.187e-19,,7.693e-20,1.850e-16,,8.170e-2,,9.531e+0,,2.165e-18,,6.181e-2,3.455e-2,2.570e-17,,3.019e-19,1.008e-16
425.47,3.949e+2,1.531e-6,3.868e-9,1.286e-43,2.722e-21,1.045e-35,,1.176e-19,5.215e-22,,3.949e-15,8.863e-19,9.852e-28,1.045e-17,1.802e-21,9.146e-29,8.275e-21,3.857e-8,,1.341e-16,1.657e-20,2.856e-20,1.085e-2,1.819e-17,7.723e-8,2.934e+1,1.713e-19,1.363e-1,2.592e-23,2.566e+2,1.853e-20,8.208e-11,6.800e-20,7.576e-23,1.145e-7,2.394e-7,6.472e-2,2.585e-4,,6.403e+1,3.095e+1,,4.064e+0,9.193e-19,,7.691e-20,1.850e-16,,6.792e-2,,9.491e+0,,2.164e-18,,7.000e-2,2.649e-2,2.569e-17,,3.003e-19,1.008e-16
425.5,3.874e+2,2.391e-6,5.692e-9,1.278e-43,2.760e-21,1.047e-35,,1.178e-19,5.217e-22,,3.949e-15,3.722e-19,9.812e-28,1.045e-17,1.802e-21,9.170e-29,8.274e-21,5.036e-8,,6.645e-17,1.659e-20,3.018e-20,1.552e-2,1.822e-17,6.864e-8,2.886e+1,1.713e-19,1.499e-1,2.593e-23,2.535e+2,1.853e-20,7.480e-11,6.802e-20,7.577e-23,6.245e-8,1.298e-7,8.189e-2,1.528e-4,,6.199e+1,3.009e+1,,3.210e+0,9.203e-19,,7.689e-20,1.849e-16,,5.108e-2,,9.356e+0,,2.163e-18,,8.369e-2,1.764e-2,2.569e-17,,2.981e-19,1.008e-16
425.52,3.843e+2,3.201e-6,7.326e-9,1.272e-43,2.786e-21,1.048e-35,,1.179e-19,5.219e-22,,3.949e-15,2.076e-19,9.786e-28,1.045e-17,1.802e-21,9.187e-29,8.274e-21,5.985e-8,,5.440e-17,1.661e-20,3.115e-20,1.960e-2,1.824e-17,6.340e-8,2.839e+1,1.713e-19,1.589e-1,2.594e-23,2.535e+2,1.854e-20,7.061e-11,6.803e-20,7.578e-23,4.147e-8,8.581e-8,9.530e-2,1.071e-4,,6.059e+1,2.945e+1,,2.729e+0,9.209e-19,,7.687e-20,1.849e-16,,4.201e-2,,9.219e+0,,2.162e-18,,9.378e-2,1.338e-2,2.568e-17,,2.965e-19,1.009e-16
425.55,3.828e+2,4.919e-6,1.061e-8,1.264e-43,2.824e-21,1.049e-35,,1.182e-19,5.221e-22,,3.948e-15,8.580e-20,9.746e-28,1.045e-17,1.802e-21,9.211e-29,8.273e-21,7.693e-8,,6.220e-17,1.663e-20,3.241e-20,2.760e-2,1.827e-17,5.629e-8,2.750e+1,1.714e-19,1.723e-1,2.595e-23,2.570e+2,1.855e-20,6.529e-11,6.805e-20,7.579e-23,2.226e-8,4.577e-8,1.187e-1,6.234e-5,,5.840e+1,2.837e+1,,2.125e+0,9.218e-19,,7.685e-20,1.848e-16,,3.110e-2,,8.945e+0,,2.161e-18,,1.104e-1,8.768e-3,2.568e-17,,2.942e-19,1.009e-16
425.57,3.838e+2,6.518e-6,1.352e-8,1.259e-43,2.849e-21,1.050e-35,,1.183e-19,5.222e-22,,3.948e-15,4.546e-20,9.719e-28,1.045e-17,1.802e-21,9.228e-29,8.272e-21,9.046e-8,,1.102e-16,1.665e-20,3.310e-20,3.448e-2,1.829e-17,5.203e-8,2.678e+1,1.714e-19,1.810e-1,2.595e-23,2.615e+2,1.855e-20,6.237e-11,6.807e-20,7.580e-23,1.463e-8,2.994e-8,1.367e-1,4.325e-5,,5.687e+1,2.758e+1,,1.792e+0,9.225e-19,,7.683e-20,1.848e-16,,2.531e-2,,8.721e+0,,2.160e-18,,1.224e-1,6.580e-3,2.567e-17,,2.927e-19,1.009e-16
425.6,3.883e+2,9.861e-6,1.927e-8,1.251e-43,2.888e-21,1.052e-35,,1.185e-19,5.224e-22,,3.947e-15,1.852e-20,9.679e-28,1.045e-17,1.802e-21,9.252e-29,8.271e-21,1.145e-7,,2.576e-16,1.667e-20,3.389e-20,4.779e-2,1.832e-17,4.635e-8,2.554e+1,1.714e-19,1.935e-1,2.596e-23,2.717e+2,1.856e-20,5.885e-11,6.809e-20,7.582e-23,7.727e-9,1.572e-8,1.676e-1,2.483e-5,,5.446e+1,2.633e+1,,1.380e+0,9.234e-19,,7.680e-20,1.847e-16,,1.844e-2,,8.329e+0,,2.159e-18,,1.417e-1,4.244e-3,2.567e-17,,2.904e-19,1.010e-16
425.62,3.932e+2,1.293e-5,2.429e-8,1.246e-43,2.913e-21,1.052e-35,,1.187e-19,5.226e-22,,3.947e-15,1.012e-20,9.652e-28,1.045e-17,1.802e-21,9.269e-29,8.270e-21,1.332e-7,,4.514e-16,1.669e-20,3.425e-20,5.910e-2,1.834e-17,4.301e-8,2.462e+1,1.714e-19,2.015e-1,2.597e-23,2.806e+2,1.856e-20,5.706e-11,6.810e-20,7.583e-23,5.023e-9,1.017e-8,1.910e-1,1.711e-5,,5.277e+1,2.545e+1,,1.157e+0,9.240e-19,,7.679e-20,1.847e-16,,1.485e-2,,8.035e+0,,2.158e-18,,1.555e-1,3.152e-3,2.566e-17,,2.889e-19,1.010e-16
425.65,4.033e+2,1.925e-5,3.410e-8,1.238e-43,2.951e-21,1.054e-35,,1.189e-19,5.228e-22,,3.947e-15,3.086e-21,9.612e-28,1.045e-17,1.802e-21,9.293e-29,8.269e-21,1.659e-7,,1.039e-15,1.671e-20,3.453e-20,8.062e-2,1.837e-17,3.862e-8,2.313e+1,1.715e-19,2.127e-1,2.598e-23,2.968e+2,1.857e-20,5.514e-11,6.812e-20,7.584e-23,2.611e-9,5.255e-9,2.304e-1,9.827e-6,,5.012e+1,2.408e+1,,8.891e-1,9.249e-19,,7.676e-20,1.846e-16,,1.065e-2,,7.554e+0,,2.157e-18,,1.773e-1,2.001e-3,2.566e-17,,2.866e-19,1.010e-16
425.67,4.117e+2,2.498e-5,4.253e-8,1.233e-43,2.977e-21,1.055e-35,,1.191e-19,5.229e-22,,3.946e-15,3.079e-21,9.585e-28,1.045e-17,1.803e-21,9.310e-29,8.268e-21,1.910e-7,,1.802e-15,1.672e-20,3.453e-20,9.865e-2,1.839e-17,3.608e-8,2.208e+1,1.715e-19,2.196e-1,2.598e-23,3.095e+2,1.858e-20,5.433e-11,6.814e-20,7.585e-23,1.680e-9,3.365e-9,2.598e-1,6.883e-6,,4.828e+1,2.315e+1,,7.482e-1,9.256e-19,,7.675e-20,1.846e-16,,8.483e-3,,7.210e+0,,2.156e-18,,1.925e-1,1.470e-3,2.566e-17,,2.851e-19,1.010e-16
425.7,4.265e+2,3.662e-5,5.877e-8,1.225e-43,3.015e-21,1.056e-35,,1.193e-19,5.231e-22,,3.946e-15,3.069e-21,9.545e-28,1.045e-17,1.803e-21,9.334e-29,8.267e-21,2.341e-7,,4.084e-15,1.675e-20,3.425e-20,1.325e-1,1.842e-17,3.279e-8,2.044e+1,1.715e-19,2.291e-1,2.599e-23,3.307e+2,1.858e-20,5.375e-11,6.816e-20,7.586e-23,8.594e-10,1.711e-9,3.087e-1,4.308e-6,,4.540e+1,2.177e+1,,5.852e-1,9.265e-19,,7.672e-20,1.845e-16,,5.986e-3,,6.671e+0,,2.155e-18,,2.161e-1,9.184e-4,2.565e-17,,2.828e-19,1.011e-16
425.72,4.376e+2,4.702e-5,7.253e-8,1.220e-43,3.040e-21,1.057e-35,,1.194e-19,5.233e-22,,3.946e-15,3.063e-21,9.518e-28,1.045e-17,1.803e-21,9.351e-29,8.267e-21,2.668e-7,,7.009e-15,1.676e-20,3.390e-20,1.604e-1,1.844e-17,3.090e-8,1.933e+1,1.715e-19,2.348e-1,2.600e-23,3.462e+2,1.859e-20,5.375e-11,6.817e-20,7.587e-23,5.468e-10,1.084e-9,3.444e-1,3.460e-6,,4.342e+1,2.086e+1,,5.044e-1,9.271e-19,,7.670e-20,1.845e-16,,4.720e-3,,6.301e+0,,2.154e-18,,2.321e-1,6.676e-4,2.565e-17,,2.813e-19,1.011e-16
425.74,4.495e+2,6.011e-5,8.913e-8,1.214e-43,3.066e-21,1.058e-35,,1.196e-19,5.234e-22,,3.945e-15,3.056e-21,9.491e-28,1.045e-17,1.803e-21,9.367e-29,8.266e-21,3.027e-7,,1.198e-14,1.678e-20,3.340e-20,1.934e-1,1.846e-17,2.923e-8,1.821e+1,1.716e-19,2.400e-1,2.601e-23,3.625e+2,1.859e-20,5.402e-11,6.819e-20,7.588e-23,3.465e-10,6.838e-10,3.827e-1,3.146e-6,,4.141e+1,1.998e+1,,4.430e-1,9.277e-19,,7.669e-20,1.844e-16,,3.705e-3,,5.927e+0,,2.153e-18,,2.483e-1,4.832e-4,2.564e-17,,2.798e-19,1.011e-16
425.77,4.685e+2,8.620e-5,1.205e-7,1.206e-43,3.104e-21,1.060e-35,,1.198e-19,5.236e-22,,3.945e-15,3.046e-21,9.451e-28,1.045e-17,1.803e-21,9.392e-29,8.265e-21,3.629e-7,,2.656e-14,1.680e-20,3.241e-20,2.540e-1,1.849e-17,2.707e-8,1.653e+1,1.716e-19,2.470e-1,2.601e-23,3.880e+2,1.860e-20,5.485e-11,6.821e-20,7.589e-23,1.734e-10,3.399e-10,4.446e-1,3.572e-6,,3.834e+1,1.873e+1,,3.830e-1,9.287e-19,,7.666e-20,1.843e-16,,2.557e-3,,5.363e+0,,2.152e-18,,2.726e-1,2.953e-4,2.564e-17,,2.775e-19,1.012e-16
425.79,4.816e+2,1.091e-4,1.465e-7,1.201e-43,3.129e-21,1.061e-35,,1.200e-19,5.238e-22,,3.945e-15,3.039e-21,9.425e-28,1.045e-17,1.803e-21,9.408e-29,8.264e-21,4.075e-7,,4.492e-14,1.682e-20,3.160e-20,3.031e-1,1.851e-17,2.584e-8,1.544e+1,1.716e-19,2.510e-1,2.602e-23,4.053e+2,1.861e-20,5.566e-11,6.822e-20,7.590e-23,1.087e-10,2.122e-10,4.889e-1,4.492e-6,,3.627e+1,1.795e+1,,3.622e-1,9.293e-19,,7.664e-20,1.843e-16,,1.986e-3,,4.991e+0,,2.151e-18,,2.886e-1,2.115e-4,2.563e-17,,2.760e-19,1.012e-16
425.82,5.014e+2,1.540e-4,1.950e-7,1.193e-43,3.167e-21,1.062e-35,,1.202e-19,5.240e-22,,3.944e-15,3.029e-21,9.385e-28,1.045e-17,1.803e-21,9.433e-29,8.263e-21,4.809e-7,,9.805e-14,1.684e-20,3.019e-20,3.919e-1,1.854e-17,2.422e-8,1.385e+1,1.716e-19,2.564e-1,2.603e-23,4.312e+2,1.861e-20,5.716e-11,6.824e-20,7.592e-23,5.352e-11,1.038e-10,5.592e-1,7.097e-6,,3.317e+1,1.691e+1,,3.570e-1,9.302e-19,,7.662e-20,1.842e-16,,1.349e-3,,4.446e+0,,2.150e-18,,3.119e-1,1.272e-4,2.563e-17,,2.737e-19,1.012e-16
425.84,5.144e+2,1.927e-4,2.346e-7,1.188e-43,3.193e-21,1.063e-35,,1.203e-19,5.241e-22,,3.944e-15,3.022e-21,9.358e-28,1.045e-17,1.803e-21,9.449e-29,8.262e-21,5.343e-7,,1.641e-13,1.686e-20,2.913e-20,4.627e-1,1.856e-17,2.328e-8,1.283e+1,1.717e-19,2.596e-1,2.604e-23,4.480e+2,1.862e-20,5.832e-11,6.826e-20,7.592e-23,3.319e-11,6.411e-11,6.084e-1,9.951e-6,,3.112e+1,1.629e+1,,3.697e-1,9.308e-19,,7.660e-20,1.842e-16,,1.037e-3,,4.094e+0,,2.149e-18,,3.267e-1,9.011e-5,2.562e-17,,2.722e-19,1.012e-16
425.87,5.330e+2,2.678e-4,3.073e-7,1.180e-43,3.231e-21,1.065e-35,,1.206e-19,5.243e-22,,3.944e-15,3.012e-21,9.318e-28,1.045e-17,1.804e-21,9.474e-29,8.261e-21,6.208e-7,,3.527e-13,1.688e-20,2.739e-20,5.889e-1,1.860e-17,2.202e-8,1.138e+1,1.717e-19,2.640e-1,2.604e-23,4.721e+2,1.863e-20,6.020e-11,6.828e-20,7.594e-23,1.609e-11,3.087e-11,6.850e-1,1.676e-5,,2.809e+1,1.551e+1,,4.122e-1,9.318e-19,,7.658e-20,1.841e-16,,6.933e-4,,3.589e+0,,2.148e-18,,3.475e-1,5.332e-5,2.562e-17,,2.699e-19,1.013e-16
425.89,5.445e+2,3.318e-4,3.660e-7,1.175e-43,3.256e-21,1.066e-35,,1.207e-19,5.245e-22,,3.943e-15,3.005e-21,9.291e-28,1.045e-17,1.804e-21,9.490e-29,8.261e-21,6.824e-7,,5.842e-13,1.690e-20,2.616e-20,6.881e-1,1.862e-17,2.125e-8,1.048e+1,1.717e-19,2.668e-1,2.605e-23,4.871e+2,1.863e-20,6.150e-11,6.829e-20,7.595e-23,9.872e-12,1.886e-11,7.375e-1,2.373e-5,,2.613e+1,1.510e+1,,4.560e-1,9.324e-19,,7.656e-20,1.841e-16,,5.273e-4,,3.271e+0,,2.147e-18,,3.603e-1,3.739e-5,2.562e-17,,2.684e-19,1.013e-16
425.92,5.600e+2,4.539e-4,4.719e-7,1.167e-43,3.295e-21,1.067e-35,,1.209e-19,5.247e-22,,3.943e-15,2.995e-21,9.251e-28,1.044e-17,1.804e-21,9.515e-29,8.259e-21,7.804e-7,,1.236e-12,1.692e-20,2.423e-20,8.621e-1,1.865e-17,2.018e-8,9.215e+0,1.717e-19,2.711e-1,2.606e-23,5.071e+2,1.864e-20,6.347e-11,6.831e-20,7.596e-23,4.708e-12,8.937e-12,8.175e-1,3.982e-5,,2.328e+1,1.463e+1,,5.453e-1,9.333e-19,,7.653e-20,1.840e-16,,3.470e-4,,2.822e+0,,2.146e-18,,3.773e-1,2.178e-5,2.561e-17,,2.661e-19,1.013e-16
425.94,5.687e+2,5.564e-4,5.561e-7,1.161e-43,3.320e-21,1.068e-35,,1.211e-19,5.248e-22,,3.943e-15,2.988e-21,9.224e-28,1.044e-17,1.804e-21,9.531e-29,8.259e-21,8.490e-7,,2.026e-12,1.694e-20,2.290e-20,9.966e-1,1.867e-17,1.950e-8,8.442e+0,1.718e-19,2.742e-1,2.607e-23,5.187e+2,1.864e-20,6.474e-11,6.833e-20,7.597e-23,2.858e-12,5.403e-12,8.711e-1,5.598e-5,,2.147e+1,1.442e+1,,6.211e-1,9.339e-19,,7.652e-20,1.840e-16,,2.612e-4,,2.544e+0,,2.145e-18,,3.870e-1,1.511e-5,2.561e-17,,2.645e-19,1.013e-16
425.97,5.792e+2,7.492e-4,7.058e-7,1.154e-43,3.358e-21,1.069e-35,,1.213e-19,5.251e-22,,3.942e-15,2.978e-21,9.184e-28,1.044e-17,1.804e-21,9.556e-29,8.258e-21,9.557e-7,,4.219e-12,1.696e-20,2.090e-20,1.229e+0,1.870e-17,1.852e-8,7.387e+0,1.718e-19,2.793e-1,2.607e-23,5.329e+2,1.865e-20,6.653e-11,6.835e-20,7.598e-23,1.342e-12,2.520e-12,9.506e-1,9.263e-5,,1.888e+1,1.426e+1,,7.607e-1,9.349e-19,,7.649e-20,1.839e-16,,1.693e-4,,2.161e+0,,2.144e-18,,3.990e-1,8.659e-6,2.560e-17,,2.623e-19,1.014e-16
425.99,5.843e+2,9.088e-4,8.231e-7,1.148e-43,3.384e-21,1.070e-35,,1.215e-19,5.252e-22,,3.942e-15,2.971e-21,9.157e-28,1.044e-17,1.804e-21,9.572e-29,8.257e-21,1.029e-6,,6.845e-12,1.698e-20,1.957e-20,1.406e+0,1.872e-17,1.787e-8,6.753e+0,1.718e-19,2.833e-1,2.608e-23,5.401e+2,1.866e-20,6.761e-11,6.836e-20,7.599e-23,8.059e-13,1.507e-12,1.002e+0,1.289e-4,,1.726e+1,1.426e+1,,8.720e-1,9.355e-19,,7.648e-20,1.839e-16,,1.262e-4,,1.928e+0,,2.143e-18,,4.051e-1,5.944e-6,2.560e-17,,2.607e-19,1.014e-16
426.02,5.885e+2,1.205e-3,1.028e-6,1.140e-43,3.422e-21,1.072e-35,,1.217e-19,5.254e-22,,3.941e-15,2.961e-21,9.117e-28,1.044e-17,1.804e-21,9.597e-29,8.256e-21,1.140e-6,,1.403e-11,1.700e-20,1.762e-20,1.707e+0,1.875e-17,1.691e-8,5.903e+0,1.718e-19,2.904e-1,2.609e-23,5.471e+2,1.866e-20,6.898e-11,6.838e-20,7.601e-23,3.723e-13,6.916e-13,1.077e+0,2.100e-4,,1.500e+1,1.440e+1,,1.068e+0,9.364e-19,,7.645e-20,1.838e-16,,8.080e-5,,1.612e+0,,2.142e-18,,4.113e-1,3.353e-6,2.559e-17,,2.585e-19,1.014e-16
426.04,5.891e+2,1.446e-3,1.187e-6,1.135e-43,3.447e-21,1.073e-35,,1.218e-19,5.255e-22,,3.941e-15,2.954e-21,9.090e-28,1.044e-17,1.804e-21,9.613e-29,8.255e-21,1.214e-6,,2.253e-11,1.702e-20,1.636e-20,1.932e+0,1.877e-17,1.628e-8,5.401e+0,1.719e-19,2.960e-1,2.610e-23,5.491e+2,1.867e-20,6.971e-11,6.839e-20,7.602e-23,2.213e-13,4.093e-13,1.124e+0,2.893e-4,,1.361e+1,1.458e+1,,1.220e+0,9.370e-19,,7.643e-20,1.838e-16,,5.992e-5,,1.423e+0,,2.141e-18,,4.134e-1,2.277e-6,2.559e-17,,2.569e-19,1.015e-16
426.07,5.865e+2,1.887e-3,1.459e-6,1.127e-43,3.485e-21,1.074e-35,,1.221e-19,5.258e-22,,3.941e-15,2.944e-21,9.050e-28,1.044e-17,1.805e-21,9.638e-29,8.254e-21,1.324e-6,,4.548e-11,1.704e-20,1.457e-20,2.309e+0,1.880e-17,1.532e-8,4.740e+0,1.719e-19,3.059e-1,2.610e-23,5.482e+2,1.868e-20,7.049e-11,6.842e-20,7.603e-23,1.006e-13,1.849e-13,1.189e+0,4.640e-4,,1.171e+1,1.497e+1,,1.481e+0,9.380e-19,,7.641e-20,1.837e-16,,3.844e-5,,1.171e+0,,2.140e-18,,4.134e-1,1.264e-6,2.558e-17,,2.546e-19,1.015e-16
426.09,5.824e+2,2.241e-3,1.667e-6,1.122e-43,3.511e-21,1.075e-35,,1.222e-19,5.259e-22,,3.940e-15,2.938e-21,9.024e-28,1.044e-17,1.805e-21,9.654e-29,8.254e-21,1.396e-6,,7.227e-11,1.705e-20,1.346e-20,2.587e+0,1.882e-17,1.469e-8,4.356e+0,1.719e-19,3.136e-1,2.611e-23,5.449e+2,1.868e-20,7.077e-11,6.843e-20,7.604e-23,5.915e-14,1.082e-13,1.229e+0,6.325e-4,,1.057e+1,1.529e+1,,1.678e+0,9.386e-19,,7.639e-20,1.836e-16,,2.894e-5,,1.023e+0,,2.139e-18,,4.114e-1,8.496e-7,2.558e-17,,2.531e-19,1.015e-16
426.11,5.765e+2,2.651e-3,1.895e-6,1.117e-43,3.536e-21,1.076e-35,,1.224e-19,5.260e-22,,3.940e-15,2.931e-21,8.997e-28,1.044e-17,1.805e-21,9.671e-29,8.253e-21,1.465e-6,,1.143e-10,1.707e-20,1.243e-20,2.886e+0,1.884e-17,1.406e-8,4.013e+0,1.719e-19,3.223e-1,2.612e-23,5.396e+2,1.869e-20,7.085e-11,6.844e-20,7.605e-23,3.463e-14,6.311e-14,1.264e+0,8.586e-4,,9.534e+0,1.565e+1,,1.895e+0,9.392e-19,,7.637e-20,1.836e-16,,2.228e-5,,8.894e-1,,2.138e-18,,4.078e-1,5.685e-7,2.558e-17,,2.516e-19,1.015e-16
426.14,5.644e+2,3.384e-3,2.280e-6,1.109e-43,3.574e-21,1.078e-35,,1.226e-19,5.263e-22,,3.940e-15,2.921e-21,8.957e-28,1.044e-17,1.805e-21,9.695e-29,8.252e-21,1.563e-6,,2.258e-10,1.709e-20,1.104e-20,3.373e+0,4.646e-17,1.314e-8,3.571e+0,1.720e-19,3.372e-1,2.612e-23,5.280e+2,1.870e-20,7.059e-11,6.846e-20,7.606e-23,1.539e-14,2.787e-14,1.310e+0,1.347e-3,,8.166e+0,1.625e+1,,2.258e+0,9.401e-19,,7.635e-20,1.835e-16,,1.636e-5,,7.158e-1,,2.137e-18,,3.997e-1,3.087e-7,2.557e-17,,2.493e-19,1.016e-16
426.16,5.543e+2,3.961e-3,2.566e-6,1.103e-43,3.600e-21,1.079e-35,,1.227e-19,5.264e-22,,3.939e-15,2.914e-21,8.930e-28,1.044e-17,1.805e-21,9.712e-29,8.251e-21,1.624e-6,,3.536e-10,1.711e-20,1.024e-20,3.723e+0,8.437e-17,1.254e-8,3.319e+0,1.720e-19,3.483e-1,2.613e-23,5.180e+2,1.870e-20,7.016e-11,6.848e-20,7.607e-23,8.919e-15,1.608e-14,1.335e+0,1.810e-3,,7.380e+0,1.668e+1,,2.526e+0,9.408e-19,,7.633e-20,1.835e-16,,1.459e-5,,6.160e-1,,2.136e-18,,3.926e-1,2.044e-7,2.557e-17,,2.478e-19,1.016e-16
426.19,5.365e+2,4.977e-3,3.038e-6,1.095e-43,3.638e-21,1.080e-35,,1.230e-19,5.266e-22,,3.939e-15,2.904e-21,8.890e-28,1.044e-17,1.805e-21,9.736e-29,8.250e-21,1.705e-6,,6.873e-10,1.713e-20,9.245e-21,4.284e+0,2.049e-16,1.169e-8,2.996e+0,1.720e-19,3.667e-1,2.614e-23,4.999e+2,1.871e-20,6.912e-11,6.850e-20,7.608e-23,3.902e-15,6.988e-15,1.363e+0,2.795e-3,,6.389e+0,1.735e+1,,2.968e+0,9.417e-19,,7.631e-20,1.834e-16,,1.473e-5,,4.880e-1,,2.135e-18,,3.798e-1,1.092e-7,2.556e-17,,2.455e-19,1.016e-16
426.21,5.231e+2,5.765e-3,3.383e-6,1.090e-43,3.663e-21,1.081e-35,,1.231e-19,5.267e-22,,3.939e-15,2.897e-21,8.863e-28,1.044e-17,1.805e-21,9.753e-29,8.249e-21,1.752e-6,,1.065e-9,1.715e-20,8.741e-21,4.680e+0,3.681e-16,1.116e-8,2.813e+0,1.720e-19,3.801e-1,2.615e-23,4.862e+2,1.871e-20,6.818e-11,6.851e-20,7.609e-23,2.236e-15,3.988e-15,1.376e+0,3.715e-3,,5.850e+0,1.779e+1,,3.289e+0,9.423e-19,,7.629e-20,1.834e-16,,1.665e-5,,4.156e-1,,2.134e-18,,3.701e-1,7.153e-8,2.556e-17,,2.440e-19,1.017e-16
426.24,5.013e+2,7.130e-3,3.944e-6,1.082e-43,3.702e-21,1.082e-35,,1.233e-19,5.270e-22,,3.938e-15,2.887e-21,8.823e-28,1.044e-17,1.805e-21,9.777e-29,8.248e-21,1.811e-6,,2.039e-9,1.717e-20,8.248e-21,5.300e+0,8.800e-16,1.043e-8,2.579e+0,1.721e-19,4.017e-1,2.615e-23,4.635e+2,1.872e-20,6.642e-11,6.853e-20,7.611e-23,9.628e-16,1.706e-15,1.386e+0,5.650e-3,,5.222e+0,1.844e+1,,3.810e+0,9.432e-19,,7.627e-20,1.833e-16,,2.257e-5,,3.240e-1,,2.133e-18,,3.542e-1,3.762e-8,2.555e-17,,2.417e-19,1.017e-16
426.26,4.860e+2,8.173e-3,4.346e-6,1.077e-43,3.727e-21,1.083e-35,,1.235e-19,5.271e-22,,3.938e-15,2.880e-21,8.796e-28,1.044e-17,1.806e-21,9.794e-29,8.248e-21,1.842e-6,,3.126e-9,1.719e-20,8.116e-21,5.729e+0,1.565e-15,9.998e-9,2.446e+0,1.721e-19,4.168e-1,2.616e-23,4.474e+2,1.873e-20,6.503e-11,6.855e-20,7.611e-23,5.460e-16,9.632e-16,1.387e+0,7.432e-3,,4.920e+0,1.884e+1,,4.182e+0,9.439e-19,,7.625e-20,1.833e-16,,2.896e-5,,2.730e-1,,2.132e-18,,3.430e-1,2.438e-8,2.555e-17,,2.402e-19,1.017e-16
426.29,4.623e+2,9.951e-3,4.988e-6,1.069e-43,3.765e-21,1.085e-35,,1.237e-19,5.273e-22,,3.937e-15,2.870e-21,8.756e-28,1.044e-17,1.806e-21,9.818e-29,8.246e-21,1.874e-6,,5.890e-9,1.721e-20,8.250e-21,6.388e+0,3.684e-15,9.450e-9,2.275e+0,1.721e-19,4.404e-1,2.617e-23,4.224e+2,1.873e-20,6.266e-11,6.857e-20,7.613e-23,2.313e-16,4.055e-16,1.379e+0,1.112e-2,,4.639e+0,1.940e+1,,4.775e+0,9.448e-19,,7.622e-20,1.832e-16,,4.337e-5,,2.095e-1,,2.131e-18,,3.260e-1,1.262e-8,2.554e-17,,2.379e-19,1.017e-16
426.31,4.464e+2,1.129e-2,5.438e-6,1.064e-43,3.791e-21,1.086e-35,,1.239e-19,5.275e-22,,3.937e-15,2.863e-21,8.729e-28,1.044e-17,1.806e-21,9.835e-29,8.246e-21,1.886e-6,,8.939e-9,1.723e-20,8.587e-21,6.832e+0,6.483e-15,9.157e-9,2.177e+0,1.721e-19,4.564e-1,2.618e-23,4.056e+2,1.874e-20,6.092e-11,6.858e-20,7.614e-23,1.298e-16,2.265e-16,1.369e+0,1.448e-2,,4.565e+0,1.974e+1,,5.193e+0,9.454e-19,,7.621e-20,1.832e-16,,5.718e-5,,1.747e-1,,2.130e-18,,3.147e-1,8.093e-9,2.554e-17,,2.364e-19,1.018e-16
426.34,4.233e+2,1.353e-2,6.144e-6,1.056e-43,3.829e-21,1.087e-35,,1.241e-19,5.277e-22,,3.937e-15,2.853e-21,8.689e-28,1.044e-17,1.806e-21,9.859e-29,8.245e-21,1.889e-6,,1.658e-8,1.725e-20,9.517e-21,7.498e+0,1.502e-14,8.838e-9,2.049e+0,1.722e-19,4.804e-1,2.618e-23,3.808e+2,1.875e-20,5.813e-11,6.860e-20,7.615e-23,5.413e-17,9.384e-17,1.347e+0,2.134e-2,,4.617e+0,2.018e+1,,5.850e+0,9.463e-19,,7.618e-20,1.831e-16,,8.661e-5,,1.319e-1,,2.129e-18,,2.987e-1,4.123e-9,2.553e-17,,2.341e-19,1.018e-16
426.36,4.086e+2,1.518e-2,6.629e-6,1.051e-43,3.854e-21,1.088e-35,,1.242e-19,5.278e-22,,3.936e-15,2.846e-21,8.663e-28,1.044e-17,1.806e-21,9.876e-29,8.244e-21,1.881e-6,,2.490e-8,1.727e-20,1.046e-20,7.936e+0,2.617e-14,8.711e-9,1.974e+0,1.722e-19,4.961e-1,2.619e-23,3.650e+2,1.875e-20,5.618e-11,6.862e-20,7.616e-23,3.005e-17,5.187e-17,1.329e+0,2.749e-2,,4.761e+0,2.043e+1,,6.304e+0,9.470e-19,,7.616e-20,1.831e-16,,1.139e-4,,1.089e-1,,2.128e-18,,2.889e-1,2.616e-9,2.553e-17,,2.326e-19,1.018e-16
426.39,3.886e+2,1.791e-2,7.372e-6,1.043e-43,3.892e-21,1.090e-35,,1.245e-19,5.280e-22,,3.936e-15,2.836e-21,8.622e-28,1.044e-17,1.806e-21,9.900e-29,8.243e-21,1.855e-6,,4.548e-8,1.729e-20,1.242e-20,8.573e+0,5.969e-14,8.659e-9,1.876e+0,1.722e-19,5.187e-1,2.620e-23,3.430e+2,1.876e-20,5.319e-11,6.864e-20,7.617e-23,1.233e-17,2.115e-17,1.297e+0,3.988e-2,,5.135e+0,2.074e+1,,7.007e+0,9.479e-19,,7.614e-20,1.830e-16,,1.708e-4,,8.093e-2,,2.127e-18,,2.761e-1,1.311e-9,2.552e-17,,2.303e-19,1.019e-16
426.41,3.769e+2,1.989e-2,7.871e-6,1.037e-43,3.918e-21,1.091e-35,,1.246e-19,5.282e-22,,3.936e-15,2.830e-21,8.596e-28,1.044e-17,1.806e-21,9.917e-29,8.242e-21,1.828e-6,,6.759e-8,1.731e-20,1.414e-20,8.979e+0,1.029e-13,8.720e-9,1.818e+0,1.722e-19,5.328e-1,2.621e-23,3.300e+2,1.876e-20,5.119e-11,6.865e-20,7.618e-23,6.773e-18,1.157e-17,1.273e+0,5.083e-2,,5.489e+0,2.091e+1,,7.487e+0,9.485e-19,,7.612e-20,1.830e-16,,2.227e-4,,6.606e-2,,2.126e-18,,2.693e-1,8.232e-10,2.552e-17,,2.288e-19,1.019e-16
426.44,3.624e+2,2.310e-2,8.616e-6,1.029e-43,3.956e-21,1.092e-35,,1.248e-19,5.284e-22,,3.935e-15,2.819e-21,8.556e-28,1.044e-17,1.806e-21,9.941e-29,8.241e-21,1.774e-6,,1.215e-7,1.733e-20,1.745e-20,9.549e+0,2.311e-13,8.958e-9,1.742e+0,1.723e-19,5.520e-1,6.475e-23,3.134e+2,1.877e-20,4.824e-11,6.867e-20,7.620e-23,2.735e-18,4.641e-18,1.237e+0,7.259e-2,,6.174e+0,2.112e+1,,8.216e+0,9.494e-19,,7.610e-20,1.829e-16,,3.290e-4,,4.834e-2,,2.125e-18,,2.622e-1,4.062e-10,2.551e-17,,2.265e-19,1.019e-16
426.46,3.552e+2,2.539e-2,9.104e-6,1.024e-43,3.981e-21,1.093e-35,,1.250e-19,5.285e-22,,3.935e-15,2.813e-21,8.529e-28,1.044e-17,1.807e-21,9.958e-29,8.240e-21,1.729e-6,,1.787e-7,1.735e-20,2.020e-20,9.896e+0,3.943e-13,9.215e-9,1.699e+0,1.723e-19,5.632e-1,1.455e-22,3.047e+2,1.878e-20,4.636e-11,6.869e-20,7.621e-23,2.713e-18,4.899e-18,1.212e+0,9.158e-2,,6.731e+0,2.124e+1,,8.705e+0,9.501e-19,,7.608e-20,1.828e-16,,4.246e-4,,3.905e-2,,2.124e-18,,2.599e-1,2.523e-10,2.551e-17,,2.249e-19,1.019e-16
426.48,3.501e+2,2.779e-2,9.579e-6,1.019e-43,4.007e-21,1.094e-35,,1.251e-19,5.287e-22,,3.935e-15,2.806e-21,8.502e-28,1.044e-17,1.807e-21,9.974e-29,8.240e-21,1.679e-6,,2.618e-7,1.736e-20,2.343e-20,1.021e+1,6.700e-13,9.550e-9,1.662e+0,1.723e-19,5.728e-1,2.639e-22,2.981e+2,1.878e-20,4.456e-11,6.870e-20,7.621e-23,2.691e-18,5.158e-18,1.189e+0,1.150e-1,,7.367e+0,2.135e+1,,9.194e+0,9.507e-19,,7.606e-20,1.828e-16,,5.458e-4,,3.141e-2,,2.123e-18,,2.597e-1,1.560e-10,2.551e-17,,2.234e-19,1.020e-16
426.51,3.471e+2,3.157e-2,1.026e-5,1.011e-43,4.045e-21,1.096e-35,,1.254e-19,5.289e-22,,3.934e-15,2.796e-21,8.462e-28,1.044e-17,1.807e-21,9.999e-29,8.239e-21,1.594e-6,,4.605e-7,1.738e-20,2.932e-20,1.062e+1,1.472e-12,1.020e-8,1.619e+0,1.723e-19,5.841e-1,6.396e-22,2.927e+2,1.879e-20,4.211e-11,6.872e-20,7.623e-23,2.657e-18,5.545e-18,1.156e+0,1.607e-1,,8.462e+0,2.153e+1,,9.922e+0,9.516e-19,,7.604e-20,1.827e-16,,7.891e-4,,2.248e-2,,2.122e-18,,2.639e-1,7.530e-11,2.550e-17,,2.211e-19,1.020e-16
426.53,3.484e+2,3.419e-2,1.068e-5,1.006e-43,4.071e-21,1.096e-35,,1.255e-19,5.290e-22,,3.934e-15,2.789e-21,8.435e-28,1.044e-17,1.807e-21,1.001e-28,8.238e-21,1.531e-6,,6.675e-7,1.740e-20,3.402e-20,1.085e+1,2.475e-12,1.072e-8,1.600e+0,1.723e-19,5.893e-1,1.148e-21,2.924e+2,1.879e-20,4.067e-11,6.873e-20,7.624e-23,2.635e-18,5.804e-18,1.138e+0,1.998e-1,,9.284e+0,2.167e+1,,1.040e+1,9.522e-19,,7.602e-20,1.827e-16,,1.004e-3,,1.789e-2,,2.121e-18,,2.700e-1,4.608e-11,2.550e-17,,2.196e-19,1.020e-16
426.56,3.557e+2,3.824e-2,1.126e-5,9.977e-44,4.109e-21,1.098e-35,,1.257e-19,5.292e-22,,3.934e-15,2.779e-21,8.395e-28,1.044e-17,1.807e-21,1.004e-28,8.237e-21,1.431e-6,,1.156e-6,1.742e-20,4.238e-20,1.111e+1,5.356e-12,1.163e-8,1.589e+0,1.724e-19,5.933e-1,2.739e-21,2.970e+2,1.880e-20,3.886e-11,6.876e-20,7.625e-23,2.602e-18,6.191e-18,1.115e+0,2.748e-1,,1.064e+1,2.194e+1,,1.110e+1,9.532e-19,,7.600e-20,1.826e-16,,1.429e-3,,1.260e-2,,2.120e-18,,2.843e-1,2.188e-11,2.549e-17,,2.173e-19,1.020e-16
426.58,3.643e+2,4.098e-2,1.160e-5,9.924e-44,4.134e-21,1.099e-35,,1.259e-19,5.294e-22,,3.933e-15,2.772e-21,8.368e-28,1.044e-17,1.807e-21,1.006e-28,8.236e-21,1.360e-6,,1.658e-6,1.744e-20,4.893e-20,1.123e+1,8.912e-12,1.231e-8,1.594e+0,1.724e-19,5.932e-1,4.864e-21,3.037e+2,1.881e-20,3.793e-11,6.877e-20,7.626e-23,2.580e-18,6.450e-18,1.104e+0,3.380e-1,,1.163e+1,2.218e+1,,1.155e+1,9.538e-19,,7.598e-20,1.826e-16,,1.798e-3,,9.925e-3,,2.119e-18,,2.975e-1,1.325e-11,2.549e-17,,2.158e-19,1.021e-16
426.61,3.829e+2,4.511e-2,1.203e-5,9.845e-44,4.172e-21,1.100e-35,,1.261e-19,5.296e-22,,3.933e-15,2.762e-21,8.328e-28,1.044e-17,1.807e-21,1.008e-28,8.235e-21,1.251e-6,,2.826e-6,1.746e-20,6.037e-20,1.132e+1,1.898e-11,1.343e-8,1.625e+0,1.724e-19,5.891e-1,1.143e-20,3.194e+2,1.881e-20,3.701e-11,6.879e-20,7.627e-23,2.546e-18,6.837e-18,1.096e+0,4.576e-1,,1.321e+1,2.267e+1,,1.220e+1,9.547e-19,,7.595e-20,1.825e-16,,2.520e-3,,6.882e-3,,2.118e-18,,3.231e-1,6.193e-12,2.548e-17,,2.135e-19,1.021e-16
426.63,3.993e+2,4.784e-2,1.227e-5,9.792e-44,4.198e-21,1.101e-35,,1.263e-19,5.297e-22,,3.933e-15,2.755e-21,8.301e-28,1.044e-17,1.807e-21,1.010e-28,8.234e-21,1.177e-6,,4.013e-6,1.748e-20,6.918e-20,1.132e+1,3.126e-11,1.424e-8,1.663e+0,1.724e-19,5.836e-1,2.009e-20,3.336e+2,1.882e-20,3.674e-11,6.880e-20,7.628e-23,2.524e-18,7.096e-18,1.097e+0,5.571e-1,,1.433e+1,2.308e+1,,1.262e+1,9.553e-19,,7.594e-20,1.825e-16,,3.138e-3,,5.362e-3,,2.117e-18,,3.440e-1,3.710e-12,2.548e-17,,2.120e-19,1.021e-16
426.66,4.297e+2,5.184e-2,1.253e-5,9.713e-44,4.236e-21,1.103e-35,,1.265e-19,5.299e-22,,3.932e-15,2.745e-21,8.261e-28,1.044e-17,1.808e-21,1.012e-28,8.233e-21,1.066e-6,,6.734e-6,1.750e-20,8.434e-20,1.123e+1,6.556e-11,1.551e-8,1.752e+0,1.725e-19,5.714e-1,4.646e-20,3.607e+2,1.883e-20,3.690e-11,6.882e-20,7.630e-23,2.491e-18,7.483e-18,1.106e+0,7.425e-1,,1.608e+1,2.389e+1,,1.321e+1,9.563e-19,,7.591e-20,1.824e-16,,4.329e-3,,3.660e-3,,2.116e-18,,3.811e-1,1.707e-12,2.547e-17,,2.097e-19,1.022e-16
426.68,4.538e+2,5.441e-2,1.264e-5,9.660e-44,4.261e-21,1.104e-35,,1.266e-19,5.301e-22,,3.932e-15,2.738e-21,8.235e-28,1.044e-17,1.808e-21,1.014e-28,8.233e-21,9.921e-7,,9.461e-6,1.752e-20,9.585e-20,1.111e+1,1.068e-10,1.638e-8,1.835e+0,1.725e-19,5.606e-1,8.083e-20,3.824e+2,1.883e-20,3.741e-11,6.884e-20,7.630e-23,2.469e-18,7.742e-18,1.119e+0,8.945e-1,,1.729e+1,2.455e+1,,1.358e+1,9.569e-19,,7.589e-20,1.824e-16,,5.336e-3,,2.822e-3,,2.115e-18,,4.098e-1,1.012e-12,2.547e-17,,2.082e-19,1.022e-16
426.71,4.956e+2,5.804e-2,1.271e-5,9.581e-44,4.300e-21,1.105e-35,,1.269e-19,5.303e-22,,3.931e-15,2.728e-21,8.195e-28,1.044e-17,1.808e-21,1.016e-28,8.232e-21,8.841e-7,,1.563e-5,1.754e-20,1.154e-19,1.085e+1,2.206e-10,1.772e-8,2.000e+0,1.725e-19,5.408e-1,1.841e-19,4.204e+2,1.884e-20,3.882e-11,6.886e-20,7.632e-23,2.435e-18,8.130e-18,1.146e+0,1.174e+0,,1.912e+1,2.576e+1,,1.410e+1,9.578e-19,,7.587e-20,1.823e-16,,7.246e-3,,1.895e-3,,2.114e-18,,4.582e-1,4.580e-13,2.547e-17,,2.059e-19,1.022e-16
426.73,5.269e+2,6.027e-2,1.269e-5,9.528e-44,4.325e-21,1.106e-35,,1.270e-19,5.304e-22,,3.931e-15,2.721e-21,8.168e-28,1.044e-17,1.808e-21,1.018e-28,8.231e-21,8.144e-7,,2.173e-5,1.756e-20,1.300e-19,1.062e+1,3.558e-10,1.860e-8,2.140e+0,1.725e-19,5.253e-1,3.170e-19,4.490e+2,1.884e-20,4.021e-11,6.887e-20,7.633e-23,2.413e-18,8.388e-18,1.171e+0,1.399e+0,,2.036e+1,2.672e+1,,1.442e+1,9.584e-19,,7.585e-20,1.823e-16,,8.839e-3,,1.446e-3,,2.113e-18,,4.940e-1,2.686e-13,2.546e-17,,2.044e-19,1.022e-16
426.76,5.788e+2,6.329e-2,1.256e-5,9.449e-44,4.363e-21,1.108e-35,,1.272e-19,5.306e-22,,3.931e-15,2.711e-21,8.128e-28,1.044e-17,1.808e-21,1.020e-28,8.230e-21,7.144e-7,,3.535e-5,1.758e-20,1.545e-19,1.021e+1,7.232e-10,1.989e-8,2.402e+0,1.726e-19,4.993e-1,7.107e-19,4.966e+2,1.885e-20,4.300e-11,6.889e-20,7.634e-23,2.380e-18,8.776e-18,1.215e+0,1.807e+0,,2.219e+1,2.839e+1,,1.486e+1,9.594e-19,,7.583e-20,1.822e-16,,1.182e-2,,9.561e-4,,2.112e-18,,5.523e-1,1.197e-13,2.546e-17,,2.021e-19,1.023e-16
426.78,6.162e+2,6.504e-2,1.241e-5,9.396e-44,4.389e-21,1.109e-35,,1.274e-19,5.308e-22,,3.930e-15,2.705e-21,8.101e-28,1.044e-17,1.808e-21,1.022e-28,8.229e-21,6.512e-7,,4.864e-5,1.760e-20,1.725e-19,9.896e+0,1.155e-9,2.072e-8,2.613e+0,1.726e-19,4.802e-1,1.211e-18,5.310e+2,1.886e-20,4.534e-11,6.891e-20,7.635e-23,2.358e-18,9.034e-18,1.250e+0,2.132e+0,,2.338e+1,2.967e+1,,1.513e+1,1.750e-18,,7.581e-20,1.822e-16,,1.426e-2,,7.218e-4,,2.111e-18,,5.941e-1,6.944e-14,2.545e-17,,2.006e-19,1.023e-16
426.81,6.760e+2,6.722e-2,1.209e-5,9.317e-44,4.427e-21,1.110e-35,,1.276e-19,5.310e-22,,3.930e-15,2.694e-21,8.061e-28,1.044e-17,1.808e-21,1.024e-28,8.228e-21,5.623e-7,,7.788e-5,1.762e-20,2.023e-19,9.365e+0,2.310e-9,2.188e-8,2.992e+0,1.726e-19,4.494e-1,2.674e-18,5.860e+2,1.886e-20,4.956e-11,6.893e-20,7.636e-23,2.324e-18,9.422e-18,1.308e+0,2.711e+0,,2.509e+1,3.182e+1,,1.549e+1,4.277e-18,,7.579e-20,1.821e-16,,1.877e-2,,4.697e-4,,2.110e-18,,6.601e-1,3.045e-14,2.545e-17,,1.983e-19,1.023e-16
426.83,7.177e+2,6.836e-2,1.182e-5,9.264e-44,4.452e-21,1.111e-35,,1.278e-19,5.311e-22,,3.930e-15,2.688e-21,8.034e-28,1.044e-17,1.808e-21,1.026e-28,8.227e-21,5.072e-7,,1.060e-4,1.764e-20,2.240e-19,8.980e+0,3.650e-9,2.258e-8,3.288e+0,1.726e-19,4.279e-1,4.510e-18,6.244e+2,1.887e-20,5.285e-11,6.894e-20,7.637e-23,2.302e-18,9.680e-18,1.350e+0,3.165e+0,,2.617e+1,3.339e+1,,1.571e+1,7.720e-18,,7.577e-20,1.820e-16,,2.242e-2,,3.509e-4,,2.109e-18,,7.059e-1,1.748e-14,2.544e-17,,1.968e-19,1.024e-16
426.85,7.606e+2,6.923e-2,1.151e-5,9.211e-44,4.478e-21,1.112e-35,,1.279e-19,5.313e-22,,3.929e-15,2.681e-21,8.007e-28,1.044e-17,1.809e-21,1.028e-28,8.227e-21,4.556e-7,,1.438e-4,1.765e-20,2.472e-19,8.574e+0,5.742e-9,2.322e-8,3.622e+0,1.727e-19,4.057e-1,7.575e-18,6.639e+2,1.887e-20,5.652e-11,6.896e-20,7.638e-23,2.280e-18,9.939e-18,1.394e+0,3.679e+0,,2.718e+1,3.508e+1,,1.591e+1,1.388e-17,,7.575e-20,1.820e-16,,2.667e-2,,2.610e-4,,2.108e-18,,7.527e-1,9.995e-15,2.544e-17,,1.952e-19,1.024e-16
426.88,8.260e+2,7.000e-2,1.097e-5,9.132e-44,4.516e-21,1.113e-35,,1.281e-19,5.315e-22,,3.929e-15,2.671e-21,7.967e-28,1.044e-17,1.809e-21,1.030e-28,8.226e-21,3.848e-7,,2.253e-4,1.768e-20,2.847e-19,7.938e+0,1.124e-8,2.404e-8,4.196e+0,1.727e-19,3.717e-1,1.636e-17,7.241e+2,1.888e-20,6.270e-11,6.898e-20,7.640e-23,2.247e-18,1.033e-17,1.463e+0,4.577e+0,,2.855e+1,3.778e+1,,1.616e+1,3.319e-17,,7.573e-20,1.819e-16,,3.434e-2,,1.661e-4,,2.107e-18,,8.239e-1,4.286e-15,2.543e-17,,1.930e-19,1.024e-16
426.9,8.699e+2,7.014e-2,1.057e-5,9.079e-44,4.541e-21,1.114e-35,,1.283e-19,5.316e-22,,3.929e-15,2.664e-21,7.940e-28,1.044e-17,1.809e-21,1.032e-28,8.225e-21,3.420e-7,,3.023e-4,1.769e-20,3.115e-19,7.500e+0,1.751e-8,2.447e-8,4.630e+0,1.727e-19,3.489e-1,2.720e-17,7.643e+2,1.889e-20,6.724e-11,6.899e-20,7.640e-23,2.225e-18,1.058e-17,1.509e+0,5.265e+0,,2.935e+1,3.968e+1,,1.630e+1,5.905e-17,,7.571e-20,1.819e-16,,4.042e-2,,1.223e-4,,2.106e-18,,8.713e-1,2.425e-15,2.543e-17,,1.914e-19,1.024e-16
426.93,9.348e+2,6.981e-2,9.913e-6,9.000e-44,4.579e-21,1.116e-35,,1.285e-19,5.318e-22,,3.928e-15,2.654e-21,7.900e-28,1.044e-17,1.809e-21,1.034e-28,8.224e-21,2.843e-7,,4.662e-4,1.771e-20,3.543e-19,6.835e+0,3.375e-8,2.496e-8,5.361e+0,1.727e-19,3.149e-1,5.786e-17,8.238e+2,1.889e-20,7.463e-11,6.901e-20,7.642e-23,2.191e-18,1.097e-17,1.579e+0,6.447e+0,,3.035e+1,4.262e+1,,1.648e+1,1.390e-16,,7.568e-20,1.818e-16,,5.123e-2,,7.659e-5,,2.105e-18,,9.411e-1,1.023e-15,2.543e-17,,1.892e-19,1.025e-16
426.95,9.769e+2,6.923e-2,9.451e-6,8.947e-44,4.605e-21,1.117e-35,,1.287e-19,5.320e-22,,3.928e-15,2.647e-21,7.874e-28,1.044e-17,1.809e-21,1.036e-28,8.223e-21,2.500e-7,,6.191e-4,1.773e-20,3.845e-19,6.392e+0,5.200e-8,2.515e-8,5.901e+0,1.728e-19,2.926e-1,9.520e-17,8.621e+2,1.890e-20,7.990e-11,6.903e-20,7.643e-23,2.169e-18,1.123e-17,1.624e+0,7.340e+0,,3.088e+1,4.462e+1,,1.657e+1,2.448e-16,,7.567e-20,1.818e-16,,5.968e-2,,5.578e-5,,2.104e-18,,9.860e-1,5.727e-16,2.542e-17,,1.876e-19,1.025e-16
426.98,1.037e+3,6.783e-2,8.728e-6,8.868e-44,4.643e-21,1.118e-35,,1.289e-19,5.322e-22,,3.928e-15,2.637e-21,7.834e-28,1.044e-17,1.809e-21,1.038e-28,8.222e-21,2.046e-7,,9.401e-4,1.775e-20,4.321e-19,5.735e+0,9.869e-8,2.526e-8,6.793e+0,1.728e-19,2.601e-1,1.994e-16,9.167e+2,1.891e-20,8.823e-11,6.905e-20,7.644e-23,2.136e-18,1.162e-17,1.690e+0,8.848e+0,,3.146e+1,4.763e+1,,1.666e+1,5.675e-16,,7.564e-20,1.817e-16,,7.445e-2,,3.439e-5,,2.103e-18,,1.050e+0,2.379e-16,2.542e-17,,1.853e-19,1.025e-16
427,1.074e+3,6.656e-2,8.234e-6,8.815e-44,4.668e-21,1.119e-35,,1.290e-19,5.323e-22,,3.927e-15,2.630e-21,7.807e-28,1.044e-17,1.809e-21,1.040e-28,8.221e-21,1.781e-7,,1.235e-3,1.777e-20,4.653e-19,5.308e+0,1.505e-7,2.520e-8,7.439e+0,1.728e-19,2.393e-1,3.246e-16,9.504e+2,1.891e-20,9.400e-11,6.906e-20,7.645e-23,2.114e-18,1.188e-17,1.731e+0,9.969e+0,,3.168e+1,4.960e+1,,1.669e+1,9.890e-16,,7.563e-20,1.817e-16,,8.584e-2,,2.478e-5,,2.102e-18,,1.089e+0,1.317e-16,2.541e-17,,1.838e-19,1.025e-16
427.03,1.125e+3,6.419e-2,7.485e-6,8.736e-44,4.707e-21,1.121e-35,,1.293e-19,5.325e-22,,3.927e-15,2.620e-21,7.767e-28,1.044e-17,1.809e-21,1.042e-28,8.220e-21,1.434e-7,,1.847e-3,1.779e-20,5.168e-19,4.691e+0,2.812e-7,2.492e-8,8.484e+0,1.728e-19,2.098e-1,6.693e-16,9.960e+2,1.892e-20,1.029e-10,6.908e-20,7.646e-23,2.080e-18,1.226e-17,1.789e+0,1.183e+1,,3.179e+1,5.244e+1,,1.669e+1,2.257e-15,,7.560e-20,1.816e-16,,1.054e-1,,1.504e-5,,2.101e-18,,1.143e+0,5.385e-17,2.541e-17,,1.815e-19,1.026e-16
427.05,1.155e+3,6.233e-2,6.987e-6,8.683e-44,4.732e-21,1.122e-35,,1.294e-19,5.327e-22,,3.927e-15,2.613e-21,7.740e-28,1.044e-17,1.810e-21,1.044e-28,8.220e-21,1.235e-7,,2.402e-3,1.781e-20,5.522e-19,4.298e+0,4.244e-7,2.460e-8,9.227e+0,1.729e-19,1.913e-1,1.079e-15,1.023e+3,1.892e-20,1.088e-10,6.910e-20,7.647e-23,2.058e-18,1.252e-17,1.825e+0,1.319e+1,,3.170e+1,5.423e+1,,1.666e+1,3.893e-15,,7.558e-20,1.816e-16,,1.203e-1,,1.073e-5,,2.100e-18,,1.174e+0,2.951e-17,2.540e-17,,1.800e-19,1.026e-16
427.08,1.193e+3,5.917e-2,6.253e-6,8.604e-44,4.770e-21,1.123e-35,,1.296e-19,5.329e-22,,3.926e-15,2.603e-21,7.700e-28,1.044e-17,1.810e-21,1.047e-28,8.219e-21,9.794e-8,,3.535e-3,1.783e-20,6.066e-19,3.743e+0,7.808e-7,2.395e-8,1.040e+1,1.729e-19,1.656e-1,2.190e-15,1.056e+3,1.893e-20,1.177e-10,6.912e-20,7.649e-23,2.025e-18,1.291e-17,1.876e+0,1.541e+1,,3.134e+1,5.669e+1,,1.657e+1,8.750e-15,,7.556e-20,1.815e-16,,1.454e-1,,6.407e-6,,2.099e-18,,1.212e+0,1.187e-17,2.540e-17,,1.777e-19,1.026e-16
427.1,1.214e+3,5.686e-2,5.776e-6,8.551e-44,4.796e-21,1.124e-35,,1.298e-19,5.330e-22,,3.926e-15,2.597e-21,7.673e-28,1.044e-17,1.810e-21,1.048e-28,8.218e-21,8.346e-8,,4.549e-3,1.785e-20,6.435e-19,3.397e+0,1.166e-6,2.340e-8,1.122e+1,1.729e-19,1.499e-1,3.493e-15,1.073e+3,1.894e-20,1.236e-10,6.913e-20,7.649e-23,2.003e-18,1.317e-17,1.908e+0,1.700e+1,,3.095e+1,5.814e+1,,1.647e+1,1.493e-14,,7.554e-20,1.815e-16,,1.642e-1,,4.520e-6,,2.098e-18,,1.233e+0,,2.539e-17,,1.762e-19,1.027e-16
427.13,1.236e+3,5.314e-2,5.089e-6,8.472e-44,4.834e-21,1.125e-35,,1.300e-19,5.332e-22,,3.925e-15,2.586e-21,7.633e-28,1.044e-17,1.810e-21,1.051e-28,8.217e-21,6.514e-8,,6.591e-3,1.787e-20,6.995e-19,2.919e+0,2.112e-6,2.242e-8,1.249e+1,1.729e-19,1.285e-1,6.981e-15,1.091e+3,1.894e-20,1.319e-10,6.915e-20,7.651e-23,1.969e-18,1.356e-17,1.955e+0,1.955e+1,,3.016e+1,6.000e+1,,1.628e+1,3.305e-14,,7.552e-20,1.814e-16,,1.954e-1,,2.658e-6,,2.097e-18,,1.254e+0,,2.539e-17,,1.739e-19,1.027e-16
427.15,1.245e+3,5.053e-2,4.652e-6,8.419e-44,4.859e-21,1.126e-35,,1.302e-19,5.334e-22,,3.925e-15,2.580e-21,7.606e-28,1.044e-17,1.810e-21,1.052e-28,8.216e-21,5.493e-8,,8.395e-3,1.789e-20,7.371e-19,2.628e+0,3.122e-6,2.168e-8,1.336e+1,1.730e-19,1.158e-1,1.102e-14,1.098e+3,1.895e-20,1.372e-10,6.917e-20,7.652e-23,1.947e-18,1.381e-17,1.986e+0,2.134e+1,,2.951e+1,6.100e+1,,1.611e+1,5.582e-14,,7.550e-20,1.813e-16,,2.183e-1,,1.855e-6,,2.096e-18,,1.261e+0,,2.539e-17,,1.724e-19,1.027e-16
427.18,1.250e+3,4.648e-2,4.034e-6,8.340e-44,4.897e-21,1.128e-35,,1.304e-19,5.336e-22,,3.925e-15,2.570e-21,7.566e-28,1.044e-17,1.810e-21,1.055e-28,8.215e-21,4.220e-8,,1.197e-2,1.791e-20,7.935e-19,2.235e+0,5.567e-6,2.046e-8,1.467e+1,1.730e-19,9.899e-2,2.169e-14,1.099e+3,1.896e-20,1.445e-10,6.919e-20,7.653e-23,1.914e-18,1.420e-17,2.036e+0,2.416e+1,,2.838e+1,6.210e+1,,1.581e+1,1.216e-13,,7.547e-20,1.813e-16,,2.558e-1,,1.074e-6,,2.094e-18,,1.263e+0,,2.538e-17,,1.701e-19,1.027e-16
427.2,1.247e+3,4.374e-2,3.649e-6,8.287e-44,4.923e-21,1.129e-35,,1.305e-19,5.337e-22,,3.924e-15,2.563e-21,7.539e-28,1.044e-17,1.810e-21,1.056e-28,8.214e-21,3.521e-8,,1.509e-2,1.793e-20,8.310e-19,2.001e+0,8.144e-6,1.957e-8,1.554e+1,1.730e-19,8.934e-2,3.389e-14,1.094e+3,1.896e-20,1.488e-10,6.920e-20,7.654e-23,1.892e-18,1.446e-17,2.073e+0,2.611e+1,,2.754e+1,6.255e+1,,1.558e+1,2.033e-13,,7.546e-20,1.812e-16,,2.828e-1,,7.417e-7,,2.094e-18,,1.258e+0,,2.538e-17,,1.686e-19,1.028e-16
427.22,1.240e+3,4.098e-2,3.287e-6,8.234e-44,4.948e-21,1.130e-35,,1.307e-19,5.339e-22,,3.924e-15,2.556e-21,7.513e-28,1.044e-17,1.810e-21,1.058e-28,8.214e-21,2.926e-8,,1.895e-2,1.794e-20,8.681e-19,1.791e+0,1.186e-5,1.865e-8,1.640e+1,1.730e-19,8.090e-2,5.272e-14,1.085e+3,1.897e-20,1.527e-10,6.921e-20,7.655e-23,1.870e-18,1.472e-17,2.116e+0,2.809e+1,,2.663e+1,6.277e+1,,1.532e+1,3.385e-13,,7.544e-20,1.812e-16,,3.114e-1,,5.102e-7,,2.093e-18,,1.247e+0,,2.537e-17,,1.671e-19,1.028e-16
427.25,1.220e+3,3.688e-2,2.788e-6,8.155e-44,4.986e-21,1.131e-35,,1.309e-19,5.341e-22,,3.924e-15,2.546e-21,7.473e-28,1.044e-17,1.811e-21,1.061e-28,8.213e-21,2.199e-8,,2.644e-2,1.797e-20,9.232e-19,1.519e+0,2.070e-5,1.722e-8,1.765e+1,1.731e-19,7.049e-2,1.015e-13,1.063e+3,1.898e-20,1.575e-10,6.923e-20,7.656e-23,1.836e-18,1.511e-17,2.192e+0,3.111e+1,,2.519e+1,6.265e+1,,1.488e+1,7.217e-13,,7.541e-20,1.811e-16,,3.569e-1,,2.888e-7,,2.092e-18,,1.222e+0,,2.537e-17,,1.648e-19,1.028e-16
427.27,1.201e+3,3.419e-2,2.485e-6,8.102e-44,5.012e-21,1.132e-35,,1.311e-19,5.342e-22,,3.923e-15,2.539e-21,7.446e-28,1.044e-17,1.811e-21,1.062e-28,8.212e-21,1.808e-8,,3.284e-2,1.798e-20,9.593e-19,1.365e+0,2.984e-5,1.624e-8,1.844e+1,1.731e-19,6.502e-2,1.563e-13,1.043e+3,1.898e-20,1.600e-10,6.925e-20,7.657e-23,1.814e-18,1.537e-17,2.254e+0,3.312e+1,,2.420e+1,6.227e+1,,1.456e+1,1.189e-12,,7.540e-20,1.811e-16,,3.889e-1,,1.966e-7,,2.091e-18,,1.199e+0,,2.536e-17,,1.633e-19,1.029e-16
427.3,1.165e+3,3.029e-2,2.075e-6,8.023e-44,5.050e-21,1.134e-35,,1.313e-19,5.344e-22,,3.923e-15,2.529e-21,7.406e-28,1.044e-17,1.811e-21,1.065e-28,8.211e-21,1.337e-8,,4.512e-2,1.801e-20,1.012e-18,1.176e+0,5.126e-5,1.476e-8,1.956e+1,1.731e-19,5.896e-2,2.964e-13,1.007e+3,1.899e-20,1.626e-10,6.927e-20,7.659e-23,1.781e-18,1.575e-17,2.369e+0,3.611e+1,,2.268e+1,6.128e+1,,1.405e+1,2.496e-12,,7.537e-20,1.810e-16,,4.388e-1,,1.095e-7,,2.090e-18,,1.156e+0,,2.536e-17,,1.610e-19,1.029e-16
427.32,1.137e+3,2.779e-2,1.831e-6,7.970e-44,5.075e-21,1.135e-35,,1.314e-19,5.346e-22,,3.923e-15,2.522e-21,7.379e-28,1.044e-17,1.811e-21,1.066e-28,8.210e-21,1.088e-8,,5.547e-2,1.802e-20,1.047e-18,1.077e+0,7.315e-5,1.377e-8,2.024e+1,1.731e-19,5.633e-2,4.518e-13,9.777e+2,1.899e-20,1.635e-10,6.928e-20,7.659e-23,1.759e-18,1.601e-17,2.463e+0,3.805e+1,,2.167e+1,6.034e+1,,1.369e+1,4.070e-12,,7.536e-20,1.810e-16,,4.731e-1,,7.375e-8,,2.089e-18,,1.123e+0,,2.535e-17,,1.595e-19,1.029e-16
427.35,1.088e+3,2.423e-2,1.505e-6,7.891e-44,5.114e-21,1.136e-35,,1.317e-19,5.348e-22,,3.922e-15,2.512e-21,7.339e-28,1.044e-17,1.811e-21,1.069e-28,8.209e-21,7.921e-9,,7.502e-2,1.804e-20,1.097e-18,9.668e-1,1.237e-4,1.233e-8,2.115e+1,1.732e-19,5.444e-2,8.434e-13,9.288e+2,1.900e-20,1.636e-10,6.930e-20,7.661e-23,1.725e-18,1.640e-17,2.636e+0,4.084e+1,,2.019e+1,5.857e+1,,1.314e+1,8.411e-12,,7.533e-20,1.809e-16,,5.256e-1,,4.044e-8,,2.088e-18,,1.066e+0,,2.535e-17,,1.572e-19,1.029e-16
427.37,1.052e+3,2.200e-2,1.313e-6,7.838e-44,5.139e-21,1.137e-35,,1.318e-19,5.349e-22,,3.922e-15,2.505e-21,7.312e-28,1.044e-17,1.811e-21,1.070e-28,8.208e-21,6.377e-9,,9.127e-2,1.806e-20,1.129e-18,9.195e-1,1.747e-4,1.139e-8,2.168e+1,1.732e-19,5.454e-2,1.272e-12,8.930e+2,1.901e-20,1.629e-10,6.932e-20,7.662e-23,1.703e-18,1.666e-17,2.776e+0,4.258e+1,,1.924e+1,5.717e+1,,1.276e+1,1.357e-11,,7.531e-20,1.809e-16,,5.608e-1,,2.695e-8,,2.087e-18,,1.024e+0,,2.535e-17,,1.556e-19,1.030e-16
427.4,9.933e+2,1.889e-2,1.063e-6,7.759e-44,5.177e-21,1.139e-35,,1.320e-19,5.351e-22,,3.922e-15,2.495e-21,7.272e-28,1.044e-17,1.811e-21,1.073e-28,8.207e-21,4.570e-9,,1.215e-1,1.808e-20,1.176e-18,8.867e-1,2.908e-4,1.005e-8,2.231e+1,1.732e-19,5.667e-2,2.338e-12,8.355e+2,1.901e-20,1.605e-10,6.934e-20,7.663e-23,1.670e-18,1.705e-17,3.027e+0,4.499e+1,,1.788e+1,5.480e+1,,1.221e+1,2.762e-11,,7.529e-20,1.808e-16,,6.132e-1,,1.455e-8,,2.085e-18,,9.574e-1,,2.534e-17,,1.534e-19,1.030e-16
427.42,9.521e+2,1.697e-2,9.180e-7,7.706e-44,5.203e-21,1.140e-35,,1.322e-19,5.353e-22,,3.921e-15,2.488e-21,7.245e-28,1.044e-17,1.811e-21,1.074e-28,8.207e-21,3.641e-9,,1.463e-1,1.810e-20,1.206e-18,8.902e-1,4.065e-4,9.203e-9,2.263e+1,1.732e-19,5.941e-2,3.491e-12,7.952e+2,1.902e-20,1.582e-10,6.935e-20,7.664e-23,1.648e-18,1.730e-17,3.225e+0,4.642e+1,,1.705e+1,5.306e+1,,1.185e+1,4.412e-11,,7.527e-20,1.808e-16,,6.475e-1,,9.592e-9,,2.085e-18,,9.104e-1,,2.534e-17,,1.518e-19,1.030e-16
427.45,8.880e+2,1.434e-2,7.311e-7,7.627e-44,5.241e-21,1.141e-35,,1.324e-19,5.355e-22,,3.921e-15,2.478e-21,7.205e-28,1.044e-17,1.812e-21,1.077e-28,8.206e-21,2.569e-9,,1.918e-1,1.812e-20,1.248e-18,9.340e-1,6.663e-4,8.013e-9,2.295e+1,1.733e-19,6.548e-2,6.318e-12,7.329e+2,1.903e-20,1.535e-10,6.937e-20,7.665e-23,1.614e-18,1.769e-17,3.572e+0,4.828e+1,,1.590e+1,5.030e+1,,1.135e+1,8.838e-11,,7.525e-20,1.807e-16,,6.971e-1,,5.095e-9,,2.083e-18,,8.376e-1,,2.533e-17,,1.496e-19,1.031e-16
427.47,8.444e+2,1.275e-2,6.249e-7,7.574e-44,5.266e-21,1.142e-35,,1.326e-19,5.356e-22,,3.920e-15,2.472e-21,7.178e-28,1.044e-17,1.812e-21,1.079e-28,8.205e-21,2.025e-9,,2.285e-1,1.814e-20,1.276e-18,9.892e-1,9.216e-4,7.280e-9,2.305e+1,1.733e-19,7.082e-2,9.334e-12,6.907e+2,1.903e-20,1.497e-10,6.939e-20,7.666e-23,1.592e-18,1.795e-17,3.839e+0,4.930e+1,,1.521e+1,4.839e+1,,1.105e+1,1.397e-10,,7.523e-20,1.807e-16,,7.284e-1,,3.325e-9,,2.083e-18,,7.882e-1,,2.533e-17,,1.480e-19,1.031e-16
427.5,7.787e+2,1.060e-2,4.900e-7,7.495e-44,5.304e-21,1.143e-35,,1.328e-19,5.359e-22,,3.920e-15,2.461e-21,7.138e-28,1.043e-17,1.812e-21,1.081e-28,8.204e-21,1.406e-9,,2.949e-1,1.816e-20,1.314e-18,1.112e+0,1.487e-3,6.277e-9,2.302e+1,1.733e-19,8.076e-2,1.663e-11,6.274e+2,1.904e-20,1.431e-10,6.941e-20,7.668e-23,1.559e-18,1.834e-17,4.294e+0,5.047e+1,,1.431e+1,4.549e+1,,1.067e+1,2.756e-10,,7.520e-20,1.806e-16,,7.719e-1,,1.738e-9,,2.081e-18,,7.139e-1,,2.532e-17,,1.457e-19,1.031e-16
427.52,7.352e+2,9.329e-3,4.144e-7,7.442e-44,5.330e-21,1.144e-35,,1.329e-19,5.360e-22,,3.920e-15,2.455e-21,7.112e-28,1.043e-17,1.812e-21,1.083e-28,8.203e-21,1.097e-9,,3.478e-1,1.818e-20,1.338e-18,1.223e+0,2.036e-3,5.676e-9,2.289e+1,1.733e-19,8.867e-2,2.432e-11,5.857e+2,1.904e-20,1.382e-10,6.942e-20,7.669e-23,1.537e-18,1.860e-17,4.636e+0,5.100e+1,,1.379e+1,4.359e+1,,1.047e+1,4.311e-10,,7.519e-20,1.805e-16,,7.982e-1,,1.122e-9,,2.081e-18,,6.647e-1,,2.532e-17,,1.442e-19,1.031e-16
427.55,6.716e+2,7.638e-3,3.199e-7,7.363e-44,5.368e-21,1.146e-35,,1.332e-19,5.362e-22,,3.919e-15,2.445e-21,7.071e-28,1.043e-17,1.812e-21,1.085e-28,8.202e-21,7.498e-10,,4.419e-1,1.820e-20,1.371e-18,1.432e+0,3.235e-3,4.881e-9,2.253e+1,1.734e-19,1.024e-1,4.267e-11,5.248e+2,1.905e-20,1.302e-10,6.944e-20,7.670e-23,1.503e-18,1.898e-17,5.205e+0,5.141e+1,,1.314e+1,4.083e+1,,1.028e+1,8.372e-10,,7.516e-20,1.805e-16,,8.327e-1,,5.776e-10,,2.079e-18,,5.926e-1,,2.531e-17,,1.419e-19,1.032e-16
427.57,6.306e+2,6.650e-3,2.677e-7,7.310e-44,5.393e-21,1.147e-35,,1.333e-19,5.363e-22,,3.919e-15,2.438e-21,7.045e-28,1.043e-17,1.812e-21,1.087e-28,8.201e-21,5.787e-10,,5.157e-1,1.822e-20,1.390e-18,1.604e+0,4.382e-3,4.423e-9,2.218e+1,1.734e-19,1.129e-1,6.176e-11,4.856e+2,1.906e-20,1.245e-10,6.946e-20,7.671e-23,1.481e-18,1.924e-17,5.622e+0,5.141e+1,,1.279e+1,3.909e+1,,1.023e+1,1.296e-9,,7.514e-20,1.804e-16,,8.521e-1,,3.690e-10,,2.079e-18,,5.461e-1,,2.531e-17,,1.404e-19,1.032e-16
427.6,5.720e+2,5.359e-3,2.034e-7,7.231e-44,5.432e-21,1.148e-35,,1.335e-19,5.366e-22,,3.919e-15,2.428e-21,7.005e-28,1.043e-17,1.812e-21,1.089e-28,8.200e-21,3.894e-10,,6.450e-1,1.824e-20,1.417e-18,1.911e+0,6.856e-3,3.848e-9,2.150e+1,1.734e-19,1.304e-1,1.067e-10,4.297e+2,1.906e-20,1.156e-10,6.948e-20,7.672e-23,1.448e-18,1.963e-17,6.299e+0,5.100e+1,,1.237e+1,3.671e+1,,1.030e+1,2.479e-9,,7.512e-20,1.804e-16,,8.751e-1,,1.869e-10,,2.077e-18,,4.793e-1,,2.530e-17,,1.381e-19,1.032e-16
427.62,5.352e+2,4.617e-3,1.685e-7,7.178e-44,5.457e-21,1.149e-35,,1.337e-19,5.367e-22,,3.918e-15,2.421e-21,6.978e-28,1.043e-17,1.812e-21,1.091e-28,8.200e-21,2.974e-10,,7.450e-1,1.826e-20,1.432e-18,2.152e+0,9.191e-3,3.540e-9,2.095e+1,1.734e-19,1.432e-1,1.528e-10,3.947e+2,1.907e-20,1.096e-10,6.949e-20,7.673e-23,1.426e-18,1.989e-17,6.784e+0,5.047e+1,,1.216e+1,3.530e+1,,1.045e+1,3.799e-9,,7.510e-20,1.803e-16,,8.862e-1,,1.181e-10,,2.076e-18,,4.371e-1,,2.530e-17,,1.366e-19,1.032e-16
427.64,5.004e+2,3.961e-3,1.390e-7,7.125e-44,5.483e-21,1.150e-35,,1.338e-19,5.368e-22,,3.918e-15,2.414e-21,6.951e-28,1.043e-17,1.813e-21,1.093e-28,8.199e-21,2.262e-10,,8.568e-1,1.827e-20,1.445e-18,2.424e+0,1.227e-2,3.294e-9,2.035e+1,1.734e-19,1.569e-1,2.180e-10,3.615e+2,1.907e-20,1.035e-10,6.951e-20,7.674e-23,1.404e-18,2.015e-17,7.291e+0,4.974e+1,,1.200e+1,3.406e+1,,1.069e+1,5.797e-9,,7.509e-20,1.803e-16,,8.936e-1,,7.437e-11,,2.076e-18,,3.969e-1,,2.530e-17,,1.351e-19,1.033e-16
427.67,4.524e+2,3.123e-3,1.033e-7,7.046e-44,5.521e-21,1.152e-35,,1.341e-19,5.371e-22,,3.918e-15,2.404e-21,6.911e-28,1.043e-17,1.813e-21,1.095e-28,8.198e-21,1.489e-10,,1.049e+0,1.830e-20,1.461e-18,2.895e+0,1.878e-2,3.041e-9,1.932e+1,1.735e-19,1.792e-1,3.684e-10,3.157e+2,1.908e-20,9.450e-11,6.953e-20,7.675e-23,1.370e-18,2.053e-17,8.089e+0,4.828e+1,,1.184e+1,3.254e+1,,1.125e+1,1.085e-8,,7.506e-20,1.802e-16,,8.978e-1,,3.684e-11,,2.074e-18,,3.407e-1,,2.529e-17,,1.328e-19,1.033e-16
427.69,4.234e+2,2.651e-3,8.429e-8,6.993e-44,5.546e-21,1.153e-35,,1.342e-19,5.372e-22,,3.917e-15,2.397e-21,6.884e-28,1.043e-17,1.813e-21,1.097e-28,8.197e-21,1.121e-10,,1.194e+0,1.831e-20,1.468e-18,3.254e+0,2.482e-2,2.953e-9,1.858e+1,1.735e-19,1.949e-1,5.201e-10,2.879e+2,1.909e-20,8.865e-11,6.954e-20,7.676e-23,1.348e-18,2.079e-17,8.640e+0,4.708e+1,,1.178e+1,3.178e+1,,1.175e+1,1.638e-8,,7.504e-20,1.802e-16,,8.959e-1,,2.295e-11,,2.074e-18,,3.062e-1,,2.529e-17,,1.313e-19,1.033e-16
427.72,3.844e+2,2.058e-3,6.167e-8,6.914e-44,5.584e-21,1.154e-35,,1.344e-19,5.374e-22,,3.917e-15,2.387e-21,6.844e-28,1.043e-17,1.813e-21,1.099e-28,8.196e-21,7.259e-11,,1.438e+0,1.834e-20,1.475e-18,3.867e+0,3.740e-2,2.944e-9,1.740e+1,1.735e-19,2.199e-1,8.657e-10,2.504e+2,1.909e-20,8.026e-11,6.956e-20,7.678e-23,1.315e-18,2.118e-17,9.484e+0,4.499e+1,,1.173e+1,3.103e+1,,1.272e+1,3.017e-8,,7.502e-20,1.801e-16,,8.862e-1,,1.119e-11,,2.072e-18,,2.588e-1,,2.528e-17,,1.290e-19,1.034e-16
427.74,3.615e+2,1.729e-3,4.981e-8,6.861e-44,5.610e-21,1.155e-35,,1.346e-19,5.375e-22,,3.917e-15,2.380e-21,6.817e-28,1.043e-17,1.813e-21,1.101e-28,8.195e-21,5.406e-11,,1.621e+0,1.835e-20,1.475e-18,4.330e+0,4.891e-2,3.025e-9,1.657e+1,1.735e-19,2.373e-1,1.210e-9,2.281e+2,1.910e-20,7.500e-11,6.957e-20,7.678e-23,1.293e-18,2.144e-17,1.005e+1,4.341e+1,,1.173e+1,3.081e+1,,1.351e+1,4.510e-8,,7.500e-20,1.801e-16,,8.751e-1,,6.896e-12,,2.072e-18,,2.301e-1,,2.528e-17,,1.275e-19,1.034e-16
427.77,3.318e+2,1.321e-3,3.587e-8,6.782e-44,5.648e-21,1.156e-35,,1.348e-19,5.378e-22,,3.916e-15,2.370e-21,6.777e-28,1.043e-17,1.813e-21,1.103e-28,8.194e-21,3.448e-11,,1.923e+0,1.838e-20,1.471e-18,5.112e+0,7.258e-2,3.281e-9,1.530e+1,1.736e-19,2.642e-1,1.982e-9,1.988e+2,1.911e-20,6.775e-11,6.960e-20,7.680e-23,1.259e-18,2.183e-17,1.090e+1,4.084e+1,,1.173e+1,3.089e+1,,1.493e+1,8.180e-8,,7.498e-20,1.800e-16,,8.521e-1,,3.310e-12,,2.070e-18,,1.914e-1,,2.527e-17,,1.252e-19,1.034e-16
427.79,3.150e+2,1.098e-3,2.868e-8,6.729e-44,5.673e-21,1.157e-35,,1.350e-19,5.379e-22,,3.916e-15,2.364e-21,6.751e-28,1.043e-17,1.813e-21,1.105e-28,8.194e-21,2.541e-11,,2.144e+0,1.839e-20,1.464e-18,5.697e+0,9.393e-2,3.547e-9,1.444e+1,1.736e-19,2.825e-1,2.741e-9,1.819e+2,1.911e-20,6.341e-11,6.961e-20,7.681e-23,1.237e-18,2.208e-17,1.145e+1,3.900e+1,,1.174e+1,3.121e+1,,1.603e+1,1.210e-7,,7.496e-20,1.800e-16,,8.327e-1,,2.018e-12,,2.070e-18,,1.684e-1,,2.527e-17,,1.237e-19,1.034e-16
427.82,2.941e+2,8.256e-4,2.033e-8,6.650e-44,5.711e-21,1.159e-35,,1.352e-19,5.381e-22,,3.915e-15,2.353e-21,6.710e-28,1.043e-17,1.813e-21,1.107e-28,8.193e-21,1.595e-11,,2.505e+0,1.841e-20,1.449e-18,6.681e+0,1.372e-1,4.097e-9,1.316e+1,1.736e-19,3.103e-1,4.422e-9,1.603e+2,1.912e-20,5.774e-11,6.963e-20,7.682e-23,1.204e-18,2.247e-17,1.224e+1,3.611e+1,,1.175e+1,3.210e+1,,1.792e+1,2.161e-7,,7.493e-20,1.799e-16,,7.982e-1,,9.536e-13,,2.068e-18,,1.379e-1,,2.526e-17,,1.214e-19,1.035e-16
427.84,2.830e+2,6.792e-4,1.609e-8,6.597e-44,5.737e-21,1.160e-35,,1.353e-19,5.383e-22,,3.915e-15,2.347e-21,6.684e-28,1.043e-17,1.814e-21,1.109e-28,8.192e-21,1.163e-11,,2.765e+0,1.843e-20,1.435e-18,7.413e+0,1.758e-1,4.571e-9,1.232e+1,1.736e-19,3.288e-1,6.052e-9,1.482e+2,1.912e-20,5.458e-11,6.964e-20,7.683e-23,1.182e-18,2.273e-17,1.274e+1,3.413e+1,,1.174e+1,3.293e+1,,1.934e+1,3.164e-7,,7.492e-20,1.798e-16,,7.719e-1,,5.754e-13,,2.067e-18,,1.201e-1,,2.526e-17,,1.199e-19,1.035e-16
427.87,2.701e+2,5.028e-4,1.123e-8,6.518e-44,5.775e-21,1.161e-35,,1.356e-19,5.385e-22,,3.915e-15,2.337e-21,6.644e-28,1.043e-17,1.814e-21,1.111e-28,8.191e-21,7.186e-12,,3.181e+0,1.845e-20,1.409e-18,8.637e+0,2.528e-1,5.453e-9,1.108e+1,1.737e-19,3.561e-1,9.615e-9,1.334e+2,1.913e-20,5.085e-11,6.966e-20,7.684e-23,1.148e-18,2.312e-17,1.343e+1,3.111e+1,,1.171e+1,3.453e+1,,2.168e+1,5.562e-7,,7.489e-20,1.798e-16,,7.284e-1,,2.675e-13,,2.066e-18,,9.684e-2,,2.525e-17,,1.176e-19,1.035e-16
427.89,2.640e+2,4.093e-4,8.798e-9,6.465e-44,5.801e-21,1.162e-35,,1.357e-19,5.386e-22,,3.914e-15,2.330e-21,6.617e-28,1.043e-17,1.814e-21,1.113e-28,8.190e-21,5.185e-12,,3.475e+0,1.847e-20,1.388e-18,9.544e+0,3.205e-1,6.163e-9,1.029e+1,1.737e-19,3.739e-1,1.302e-8,1.254e+2,1.914e-20,4.908e-11,6.968e-20,7.685e-23,1.126e-18,2.338e-17,1.385e+1,2.909e+1,,1.167e+1,3.579e+1,,2.339e+1,8.060e-7,,7.488e-20,1.797e-16,,6.971e-1,,1.597e-13,,2.065e-18,,8.345e-2,,2.525e-17,,1.160e-19,1.036e-16
427.92,2.580e+2,2.982e-4,6.055e-9,6.386e-44,5.839e-21,1.164e-35,,1.359e-19,5.388e-22,,3.914e-15,2.320e-21,6.577e-28,1.043e-17,1.814e-21,1.115e-28,8.189e-21,3.154e-12,,3.937e+0,1.849e-20,1.351e-18,1.105e+1,4.539e-1,7.421e-9,9.158e+0,1.737e-19,3.994e-1,2.037e-8,1.161e+2,1.914e-20,4.755e-11,6.970e-20,7.687e-23,1.093e-18,2.376e-17,1.438e+1,2.611e+1,,1.159e+1,3.794e+1,,2.614e+1,1.395e-6,,7.485e-20,1.797e-16,,6.475e-1,,7.311e-14,,2.064e-18,,6.622e-2,,2.524e-17,,1.138e-19,1.036e-16
427.94,2.559e+2,2.403e-4,4.698e-9,6.333e-44,5.864e-21,1.165e-35,,1.361e-19,5.390e-22,,3.914e-15,2.313e-21,6.550e-28,1.043e-17,1.814e-21,1.117e-28,8.188e-21,2.252e-12,,4.258e+0,1.851e-20,1.323e-18,1.217e+1,5.695e-1,8.397e-9,8.447e+0,1.737e-19,4.154e-1,2.731e-8,1.114e+2,1.915e-20,4.732e-11,6.971e-20,7.688e-23,1.071e-18,2.402e-17,1.467e+1,2.416e+1,,1.152e+1,3.950e+1,,2.809e+1,2.001e-6,,7.483e-20,1.796e-16,,6.132e-1,,4.319e-14,,2.063e-18,,5.647e-2,,2.524e-17,,1.122e-19,1.036e-16
427.97,2.553e+2,1.723e-4,3.193e-9,6.254e-44,5.902e-21,1.166e-35,,1.363e-19,5.392e-22,,3.913e-15,2.303e-21,6.510e-28,1.043e-17,1.814e-21,1.120e-28,8.187e-21,1.348e-12,,4.753e+0,1.853e-20,1.278e-18,1.402e+1,7.942e-1,1.008e-8,7.452e+0,1.738e-19,4.376e-1,4.206e-8,1.063e+2,1.916e-20,4.818e-11,6.973e-20,7.689e-23,1.037e-18,2.441e-17,1.501e+1,2.134e+1,,1.139e+1,4.199e+1,,3.116e+1,3.410e-6,,7.481e-20,1.796e-16,,5.608e-1,,1.946e-14,,2.062e-18,,4.411e-2,,2.524e-17,,1.100e-19,1.036e-16
427.99,2.564e+2,1.374e-4,2.459e-9,6.201e-44,5.928e-21,1.167e-35,,1.365e-19,5.393e-22,,3.913e-15,2.296e-21,6.483e-28,1.043e-17,1.814e-21,1.121e-28,8.187e-21,9.525e-13,,5.089e+0,1.855e-20,1.245e-18,1.538e+1,9.862e-1,1.134e-8,6.840e+0,1.738e-19,4.509e-1,5.580e-8,1.041e+2,1.916e-20,4.958e-11,6.975e-20,7.690e-23,1.015e-18,2.467e-17,1.516e+1,1.955e+1,,1.129e+1,4.371e+1,,3.329e+1,4.840e-6,,7.479e-20,1.795e-16,,5.256e-1,,1.137e-14,,2.061e-18,,3.722e-2,,2.523e-17,,1.084e-19,1.037e-16
428.01,2.584e+2,1.091e-4,1.891e-9,6.148e-44,5.953e-21,1.168e-35,,1.366e-19,5.395e-22,,3.913e-15,2.289e-21,6.456e-28,1.043e-17,1.814e-21,1.123e-28,8.186e-21,6.702e-13,,5.427e+0,1.856e-20,1.211e-18,1.685e+1,1.220e+0,1.274e-8,6.270e+0,1.738e-19,4.630e-1,7.373e-8,1.025e+2,1.917e-20,5.165e-11,6.976e-20,7.691e-23,9.930e-19,2.493e-17,1.525e+1,1.783e+1,,1.120e+1,4.544e+1,,3.546e+1,6.841e-6,,7.477e-20,1.795e-16,,4.905e-1,,6.620e-15,,2.061e-18,,3.128e-2,,2.523e-17,,1.069e-19,1.037e-16
428.04,2.631e+2,7.652e-5,1.274e-9,6.069e-44,5.991e-21,1.170e-35,,1.368e-19,5.397e-22,,3.912e-15,2.279e-21,6.416e-28,1.043e-17,1.815e-21,1.125e-28,8.185e-21,3.924e-13,,5.933e+0,1.859e-20,1.157e-18,1.928e+1,1.664e+0,1.506e-8,5.498e+0,1.738e-19,4.783e-1,1.111e-7,1.012e+2,1.917e-20,5.602e-11,6.978e-20,7.692e-23,9.597e-19,2.532e-17,1.527e+1,1.541e+1,,1.107e+1,4.800e+1,,3.877e+1,1.141e-5,,7.475e-20,1.794e-16,,4.388e-1,,2.917e-15,,2.059e-18,,2.390e-2,,2.522e-17,,1.046e-19,1.037e-16
428.06,2.670e+2,6.011e-5,9.813e-10,6.016e-44,6.017e-21,1.170e-35,,1.370e-19,5.398e-22,,3.912e-15,2.272e-21,6.389e-28,1.043e-17,1.815e-21,1.127e-28,8.184e-21,2.732e-13,,6.266e+0,1.860e-20,1.120e-18,2.106e+1,2.037e+0,1.676e-8,5.039e+0,1.739e-19,4.866e-1,1.453e-7,1.009e+2,1.918e-20,5.977e-11,6.980e-20,7.693e-23,9.376e-19,4.610e-17,1.520e+1,1.390e+1,,1.101e+1,4.965e+1,,4.098e+1,1.596e-5,,7.473e-20,1.794e-16,,4.053e-1,,1.680e-15,,2.058e-18,,1.988e-2,,2.522e-17,,1.905e-19,1.037e-16
428.09,2.738e+2,4.152e-5,6.694e-10,5.937e-44,6.055e-21,1.172e-35,,1.372e-19,5.400e-22,,3.912e-15,2.262e-21,6.349e-28,1.043e-17,1.815e-21,1.129e-28,8.183e-21,1.575e-13,,6.753e+0,1.863e-20,1.063e-18,2.398e+1,2.737e+0,1.955e-8,4.435e+0,1.739e-19,4.960e-1,2.156e-7,1.010e+2,1.919e-20,6.664e-11,6.982e-20,7.694e-23,9.043e-19,1.124e-16,1.499e+1,1.183e+1,,1.098e+1,5.195e+1,,4.426e+1,2.620e-5,,7.471e-20,1.793e-16,,3.569e-1,,7.286e-16,,2.057e-18,,1.495e-2,,2.521e-17,,4.647e-19,1.038e-16
428.11,2.788e+2,3.227e-5,5.248e-10,5.884e-44,6.080e-21,1.173e-35,,1.374e-19,5.402e-22,,3.911e-15,2.255e-21,6.323e-28,1.043e-17,1.815e-21,1.131e-28,8.182e-21,1.085e-13,,7.064e+0,1.864e-20,1.025e-18,2.610e+1,3.315e+0,2.157e-8,4.088e+0,1.739e-19,5.000e-1,2.791e-7,1.013e+2,1.919e-20,7.202e-11,6.983e-20,7.695e-23,8.821e-19,2.026e-16,1.477e+1,1.057e+1,,1.101e+1,5.335e+1,,4.640e+1,3.628e-5,,7.469e-20,1.793e-16,,3.262e-1,,4.152e-16,,2.056e-18,,1.230e-2,,2.521e-17,,8.375e-19,1.038e-16
428.14,2.867e+2,2.194e-5,3.751e-10,5.805e-44,6.119e-21,1.174e-35,,1.376e-19,5.404e-22,,3.911e-15,2.245e-21,6.283e-28,1.043e-17,1.815e-21,1.134e-28,8.181e-21,6.156e-14,,7.507e+0,1.867e-20,9.672e-19,2.958e+1,4.386e+0,2.480e-8,3.651e+0,1.739e-19,5.028e-1,4.077e-7,1.018e+2,1.920e-20,8.125e-11,6.985e-20,7.697e-23,8.488e-19,4.866e-16,1.433e+1,8.848e+0,,1.116e+1,5.517e+1,,4.947e+1,5.864e-5,,7.466e-20,1.792e-16,,2.828e-1,,1.772e-16,,2.055e-18,,9.112e-3,,2.520e-17,,2.011e-18,1.038e-16
428.16,2.921e+2,1.688e-5,3.083e-10,5.752e-44,6.144e-21,1.175e-35,,1.377e-19,5.405e-22,,3.911e-15,2.239e-21,6.256e-28,1.043e-17,1.815e-21,1.135e-28,8.181e-21,4.197e-14,,7.782e+0,1.868e-20,9.294e-19,3.210e+1,5.259e+0,2.710e-8,3.413e+0,1.740e-19,5.024e-1,5.223e-7,1.021e+2,1.920e-20,8.812e-11,6.987e-20,7.697e-23,8.266e-19,8.681e-16,1.398e+1,7.820e+0,,1.135e+1,5.618e+1,,5.141e+1,8.036e-5,,7.465e-20,1.792e-16,,2.558e-1,,9.995e-17,,2.054e-18,,7.420e-3,,2.520e-17,,3.588e-18,1.039e-16
428.19,3.004e+2,1.130e-5,2.426e-10,5.673e-44,6.182e-21,1.177e-35,,1.380e-19,5.407e-22,,3.910e-15,2.228e-21,6.216e-28,1.043e-17,1.815e-21,1.138e-28,8.180e-21,2.344e-14,,8.160e+0,1.871e-20,8.738e-19,3.620e+1,6.852e+0,3.071e-8,3.138e+0,1.740e-19,4.984e-1,7.513e-7,1.023e+2,1.921e-20,9.944e-11,6.989e-20,7.699e-23,7.933e-19,2.053e-15,1.335e+1,6.447e+0,,1.181e+1,5.732e+1,,5.409e+1,1.279e-4,,7.462e-20,1.791e-16,,2.183e-1,,4.199e-17,,2.053e-18,,5.410e-3,,2.520e-17,,8.484e-18,1.039e-16
428.21,3.058e+2,8.599e-6,2.155e-10,5.620e-44,6.208e-21,1.178e-35,,1.381e-19,5.409e-22,,3.910e-15,2.222e-21,6.189e-28,1.043e-17,1.815e-21,1.139e-28,8.179e-21,1.581e-14,,8.386e+0,1.872e-20,8.379e-19,3.914e+1,8.131e+0,3.323e-8,3.007e+0,1.740e-19,4.937e-1,9.524e-7,1.022e+2,1.922e-20,1.076e-10,6.990e-20,7.700e-23,7.711e-19,3.624e-15,1.289e+1,5.639e+0,,1.225e+1,5.783e+1,,5.571e+1,1.734e-4,,7.461e-20,1.790e-16,,1.954e-1,,2.343e-17,,2.052e-18,,4.359e-3,,2.519e-17,,1.498e-17,1.039e-16
428.24,3.140e+2,5.665e-6,1.921e-10,5.541e-44,6.246e-21,1.179e-35,,1.383e-19,5.411e-22,,3.909e-15,2.212e-21,6.149e-28,1.043e-17,1.816e-21,1.142e-28,8.178e-21,8.694e-15,,8.684e+0,1.874e-20,7.860e-19,4.390e+1,1.043e+1,3.711e-8,2.889e+0,1.740e-19,4.834e-1,1.349e-6,1.016e+2,1.922e-20,1.205e-10,6.992e-20,7.701e-23,7.378e-19,8.438e-15,1.212e+1,4.577e+0,,1.314e+1,5.817e+1,,5.783e+1,2.718e-4,,7.458e-20,1.790e-16,,1.642e-1,,9.689e-18,,2.051e-18,,3.130e-3,,2.519e-17,,3.488e-17,1.039e-16
428.26,3.193e+2,4.267e-6,1.847e-10,5.488e-44,6.271e-21,1.180e-35,,1.385e-19,5.412e-22,,3.909e-15,2.205e-21,6.122e-28,1.043e-17,1.816e-21,1.143e-28,8.177e-21,5.805e-15,,8.853e+0,1.876e-20,7.529e-19,4.729e+1,1.226e+1,3.976e-8,2.862e+0,1.741e-19,4.747e-1,1.693e-6,1.008e+2,1.923e-20,1.296e-10,6.994e-20,7.702e-23,7.156e-19,1.475e-14,1.158e+1,3.961e+0,,1.392e+1,5.811e+1,,5.902e+1,3.648e-4,,7.456e-20,1.789e-16,,1.454e-1,,5.350e-18,,2.050e-18,,2.497e-3,,2.518e-17,,6.095e-17,1.040e-16
428.29,3.272e+2,2.768e-6,1.819e-10,5.409e-44,6.309e-21,1.182e-35,,1.387e-19,5.414e-22,,3.909e-15,2.195e-21,6.082e-28,1.043e-17,1.816e-21,1.146e-28,8.176e-21,3.144e-15,,9.063e+0,1.878e-20,7.058e-19,5.272e+1,1.549e+1,4.377e-8,2.899e+0,1.741e-19,4.589e-1,2.361e-6,9.914e+1,1.924e-20,1.436e-10,6.996e-20,7.703e-23,6.824e-19,3.381e-14,1.072e+1,3.165e+0,,1.540e+1,5.759e+1,,6.043e+1,5.628e-4,,7.454e-20,1.789e-16,,1.203e-1,,2.177e-18,,2.049e-18,,1.766e-3,,2.518e-17,,1.397e-16,1.040e-16
428.31,3.324e+2,2.063e-6,1.839e-10,5.356e-44,6.335e-21,1.183e-35,,1.389e-19,5.416e-22,,3.908e-15,2.188e-21,6.055e-28,1.043e-17,1.816e-21,1.147e-28,8.175e-21,2.080e-15,,9.173e+0,1.880e-20,6.762e-19,5.657e+1,1.801e+1,4.644e-8,2.975e+0,1.741e-19,4.467e-1,2.931e-6,9.764e+1,1.924e-20,1.532e-10,6.997e-20,7.704e-23,6.602e-19,5.847e-14,1.014e+1,2.711e+0,,1.660e+1,5.696e+1,,6.110e+1,7.476e-4,,7.452e-20,1.788e-16,,1.054e-1,,1.190e-18,,2.048e-18,,1.396e-3,,2.517e-17,,2.417e-16,1.040e-16
428.34,3.403e+2,1.317e-6,1.905e-10,5.277e-44,6.373e-21,1.184e-35,,1.391e-19,5.418e-22,,3.908e-15,2.178e-21,6.015e-28,1.043e-17,1.816e-21,1.150e-28,8.174e-21,1.116e-15,,9.295e+0,1.882e-20,6.346e-19,6.266e+1,2.241e+1,5.039e-8,3.165e+0,1.741e-19,4.265e-1,4.025e-6,9.481e+1,1.925e-20,1.676e-10,6.999e-20,7.706e-23,6.269e-19,1.320e-13,9.241e+0,2.132e+0,,1.879e+1,5.560e+1,,6.171e+1,1.136e-3,,7.450e-20,1.788e-16,,8.584e-2,,1.187e-18,,2.047e-18,,9.769e-4,,2.517e-17,,5.456e-16,1.041e-16
428.36,3.457e+2,9.714e-7,1.965e-10,5.224e-44,6.398e-21,1.185e-35,,1.392e-19,5.419e-22,,3.908e-15,2.171e-21,5.988e-28,1.043e-17,1.816e-21,1.152e-28,8.174e-21,7.404e-16,,9.350e+0,1.884e-20,6.087e-19,6.693e+1,2.579e+1,5.295e-8,3.342e+0,1.742e-19,4.118e-1,4.947e-6,9.257e+1,1.925e-20,1.770e-10,7.001e-20,7.707e-23,6.047e-19,2.260e-13,8.644e+0,1.807e+0,,2.050e+1,5.444e+1,,6.183e+1,1.493e-3,,7.448e-20,1.787e-16,,7.445e-2,,1.185e-18,,2.046e-18,,7.687e-4,,2.516e-17,,9.341e-16,1.041e-16
428.38,3.512e+2,7.134e-7,2.033e-10,5.171e-44,6.424e-21,1.186e-35,,1.394e-19,5.421e-22,,3.907e-15,2.164e-21,5.962e-28,1.043e-17,1.816e-21,1.153e-28,8.173e-21,4.983e-16,,9.384e+0,1.885e-20,5.843e-19,7.136e+1,2.957e+1,5.543e-8,3.560e+0,1.742e-19,3.963e-1,6.055e-6,9.005e+1,1.926e-20,1.863e-10,7.002e-20,7.707e-23,5.825e-19,3.853e-13,8.052e+0,1.525e+0,,2.244e+1,5.308e+1,,6.172e+1,1.954e-3,,7.446e-20,1.787e-16,,6.431e-2,,1.184e-18,,2.045e-18,,6.057e-4,,2.516e-17,,1.593e-15,1.041e-16
428.41,3.599e+2,4.456e-7,2.142e-10,5.092e-44,6.462e-21,1.187e-35,,1.396e-19,5.423e-22,,3.907e-15,2.154e-21,5.922e-28,1.043e-17,1.816e-21,1.156e-28,8.172e-21,2.992e-16,,9.402e+0,1.888e-20,5.503e-19,7.827e+1,3.603e+1,5.896e-8,3.963e+0,1.742e-19,3.720e-1,8.136e-6,8.582e+1,1.927e-20,1.997e-10,7.004e-20,7.709e-23,5.492e-19,8.511e-13,7.183e+0,1.174e+0,,2.579e+1,5.071e+1,,6.113e+1,2.905e-3,,7.444e-20,1.786e-16,,5.123e-2,,1.181e-18,,2.044e-18,,4.287e-4,,2.516e-17,,3.518e-15,1.041e-16
428.43,3.661e+2,3.238e-7,2.217e-10,5.039e-44,6.487e-21,1.188e-35,,1.398e-19,5.424e-22,,3.907e-15,2.147e-21,5.895e-28,1.043e-17,1.817e-21,1.157e-28,8.171e-21,2.412e-16,,9.394e+0,1.889e-20,5.294e-19,8.304e+1,4.089e+1,6.114e-8,4.281e+0,1.742e-19,3.552e-1,9.855e-6,8.274e+1,1.927e-20,2.081e-10,7.005e-20,7.710e-23,5.270e-19,1.436e-12,6.621e+0,9.803e-1,,2.832e+1,4.893e+1,,6.046e+1,3.764e-3,,7.442e-20,1.786e-16,,4.379e-2,,1.180e-18,,2.043e-18,,3.468e-4,,2.515e-17,,5.937e-15,1.042e-16
428.46,3.760e+2,1.991e-7,2.327e-10,4.960e-44,6.526e-21,1.190e-35,,1.400e-19,5.426e-22,,3.906e-15,2.137e-21,5.855e-28,1.043e-17,1.817e-21,1.160e-28,8.170e-21,2.386e-16,,9.357e+0,1.892e-20,5.004e-19,9.039e+1,4.908e+1,6.412e-8,4.830e+0,1.743e-19,3.295e-1,1.304e-5,7.782e+1,1.928e-20,2.198e-10,7.007e-20,7.711e-23,4.937e-19,3.124e-12,5.815e+0,7.426e-1,,3.257e+1,4.603e+1,,5.905e+1,5.509e-3,,7.440e-20,1.785e-16,,3.434e-2,,1.177e-18,,2.042e-18,,2.668e-4,,2.515e-17,,1.291e-14,1.042e-16
428.48,3.833e+2,1.432e-7,2.397e-10,4.907e-44,6.551e-21,1.191e-35,,1.401e-19,5.428e-22,,3.906e-15,2.131e-21,5.828e-28,1.043e-17,1.817e-21,1.161e-28,8.169e-21,2.914e-16,,9.320e+0,1.893e-20,4.827e-19,9.539e+1,5.515e+1,6.588e-8,5.244e+0,1.743e-19,3.122e-1,1.563e-5,7.439e+1,1.929e-20,2.267e-10,7.009e-20,7.712e-23,4.715e-19,5.218e-12,5.306e+0,6.138e-1,,3.570e+1,4.396e+1,,5.786e+1,7.064e-3,,7.438e-20,1.785e-16,,2.905e-2,,1.176e-18,,2.041e-18,,2.377e-4,,2.514e-17,,2.157e-14,1.042e-16
428.51,3.952e+2,8.665e-8,2.497e-10,4.828e-44,6.589e-21,1.192e-35,,1.404e-19,5.430e-22,,3.906e-15,2.120e-21,5.788e-28,1.043e-17,1.817e-21,1.164e-28,8.168e-21,4.724e-16,,9.250e+0,1.896e-20,4.582e-19,1.030e+2,6.521e+1,6.814e-8,5.931e+0,1.743e-19,2.865e-1,2.036e-5,6.912e+1,1.929e-20,2.358e-10,7.011e-20,7.713e-23,4.383e-19,1.118e-11,4.588e+0,4.578e-1,,4.085e+1,4.071e+1,,5.573e+1,1.018e-2,,7.435e-20,1.784e-16,,2.242e-2,,1.173e-18,,2.040e-18,,2.263e-4,,2.514e-17,,4.620e-14,1.043e-16
428.53,4.038e+2,6.167e-8,2.559e-10,4.775e-44,6.615e-21,1.193e-35,,1.405e-19,5.431e-22,,3.905e-15,2.114e-21,5.761e-28,1.043e-17,1.817e-21,1.165e-28,8.168e-21,6.881e-16,,9.198e+0,1.897e-20,4.433e-19,1.081e+2,7.256e+1,6.937e-8,6.431e+0,1.743e-19,2.695e-1,2.416e-5,6.558e+1,1.930e-20,2.407e-10,7.012e-20,7.714e-23,4.161e-19,1.847e-11,4.143e+0,3.745e-1,,4.456e+1,3.848e+1,,5.410e+1,1.292e-2,,7.434e-20,1.784e-16,,1.877e-2,,1.171e-18,,2.039e-18,,2.396e-4,,2.513e-17,,7.638e-14,1.043e-16
428.56,4.180e+2,3.673e-8,2.644e-10,4.696e-44,6.653e-21,1.195e-35,,1.407e-19,5.433e-22,,3.905e-15,2.104e-21,5.721e-28,1.043e-17,1.817e-21,1.168e-28,8.167e-21,1.239e-15,,9.114e+0,1.900e-20,4.227e-19,1.157e+2,8.455e+1,7.079e-8,7.237e+0,1.744e-19,2.447e-1,3.099e-5,6.034e+1,1.931e-20,2.466e-10,7.014e-20,7.716e-23,3.828e-19,3.896e-11,3.529e+0,2.751e-1,,5.051e+1,3.508e+1,,5.138e+1,1.832e-2,,7.431e-20,1.783e-16,,1.426e-2,,1.169e-18,,2.038e-18,,2.924e-4,,2.513e-17,,1.611e-13,1.043e-16
428.58,4.283e+2,2.587e-8,2.696e-10,4.643e-44,6.678e-21,1.196e-35,,1.409e-19,5.435e-22,,3.905e-15,2.097e-21,5.694e-28,1.043e-17,1.817e-21,1.170e-28,8.166e-21,1.838e-15,,9.058e+0,1.901e-20,4.102e-19,1.207e+2,9.316e+1,7.143e-8,7.807e+0,1.744e-19,2.287e-1,3.639e-5,5.695e+1,1.931e-20,2.492e-10,7.016e-20,7.716e-23,3.606e-19,6.375e-11,3.155e+0,2.229e-1,,5.472e+1,3.282e+1,,4.941e+1,2.302e-2,,7.429e-20,1.782e-16,,1.182e-2,,1.167e-18,,2.037e-18,,3.523e-4,,2.512e-17,,2.635e-13,1.043e-16
428.61,4.450e+2,1.517e-8,2.766e-10,4.564e-44,6.716e-21,1.197e-35,,1.411e-19,5.437e-22,,3.904e-15,2.087e-21,5.654e-28,1.043e-17,1.817e-21,1.172e-28,8.165e-21,3.309e-15,,8.975e+0,1.904e-20,3.930e-19,1.281e+2,1.070e+2,7.192e-8,8.703e+0,1.744e-19,2.056e-1,4.595e-5,5.210e+1,1.932e-20,2.514e-10,7.018e-20,7.718e-23,3.273e-19,1.324e-10,2.647e+0,1.614e-1,,6.133e+1,2.946e+1,,4.627e+1,3.215e-2,,7.427e-20,1.782e-16,,8.839e-3,,1.165e-18,,2.036e-18,,4.873e-4,,2.512e-17,,5.473e-13,1.044e-16
428.63,4.569e+2,1.057e-8,2.808e-10,4.511e-44,6.742e-21,1.198e-35,,1.413e-19,5.438e-22,,3.904e-15,2.080e-21,5.627e-28,1.043e-17,1.818e-21,1.174e-28,8.164e-21,4.877e-15,,8.923e+0,1.905e-20,3.824e-19,1.328e+2,1.167e+2,7.194e-8,9.320e+0,1.744e-19,1.910e-1,5.341e-5,4.908e+1,1.932e-20,2.516e-10,7.019e-20,7.719e-23,3.051e-19,2.144e-10,2.343e+0,1.297e-1,,6.590e+1,2.727e+1,,4.408e+1,3.996e-2,,7.425e-20,1.781e-16,,7.246e-3,,1.163e-18,,2.035e-18,,6.141e-4,,2.512e-17,,8.863e-13,1.044e-16
428.66,4.759e+2,6.103e-9,2.864e-10,4.432e-44,6.780e-21,1.199e-35,,1.415e-19,5.440e-22,,3.903e-15,2.070e-21,5.587e-28,1.043e-17,1.818e-21,1.176e-28,8.163e-21,8.660e-15,,8.849e+0,1.907e-20,3.679e-19,1.397e+2,1.321e+2,7.150e-8,1.027e+1,1.745e-19,1.703e-1,6.641e-5,4.495e+1,1.933e-20,2.500e-10,7.021e-20,7.720e-23,2.718e-19,4.384e-10,1.938e+0,9.302e-2,,7.292e+1,2.410e+1,,4.070e+1,5.496e-2,,7.423e-20,1.781e-16,,5.336e-3,,1.161e-18,,2.034e-18,,8.755e-4,,2.511e-17,,1.812e-12,1.044e-16
428.68,4.892e+2,4.209e-9,2.899e-10,4.379e-44,6.805e-21,1.200e-35,,1.416e-19,5.442e-22,,3.903e-15,2.063e-21,5.561e-28,1.043e-17,1.818e-21,1.178e-28,8.162e-21,1.264e-14,,8.804e+0,1.909e-20,3.591e-19,1.440e+2,1.429e+2,7.092e-8,1.090e+1,1.745e-19,1.574e-1,7.639e-5,4.251e+1,1.934e-20,2.478e-10,7.023e-20,7.721e-23,2.496e-19,7.026e-10,1.701e+0,7.451e-2,,7.767e+1,2.208e+1,,3.842e+1,6.761e-2,,7.421e-20,1.780e-16,,4.329e-3,,1.159e-18,,2.033e-18,,1.110e-3,,2.511e-17,,2.905e-12,1.044e-16
428.71,5.100e+2,2.392e-9,2.947e-10,4.300e-44,6.844e-21,1.202e-35,,1.419e-19,5.444e-22,,3.903e-15,2.053e-21,5.520e-28,1.043e-17,1.818e-21,1.180e-28,8.161e-21,2.210e-14,,8.739e+0,1.911e-20,3.469e-19,1.500e+2,1.594e+2,6.961e-8,1.185e+1,1.745e-19,1.393e-1,9.353e-5,3.939e+1,1.934e-20,2.427e-10,7.025e-20,7.722e-23,2.164e-19,1.415e-9,1.389e+0,5.375e-2,,8.480e+1,1.921e+1,,3.498e+1,9.155e-2,,7.418e-20,1.780e-16,,3.138e-3,,1.157e-18,,2.032e-18,,1.577e-3,,2.510e-17,,5.849e-12,1.045e-16
428.73,5.243e+2,1.632e-9,2.978e-10,4.247e-44,6.869e-21,1.203e-35,,1.420e-19,5.445e-22,,3.902e-15,2.046e-21,5.494e-28,1.043e-17,1.818e-21,1.182e-28,8.161e-21,3.192e-14,,8.698e+0,1.913e-20,3.394e-19,1.536e+2,1.708e+2,6.847e-8,1.246e+1,1.745e-19,1.282e-1,1.065e-4,3.769e+1,1.935e-20,2.383e-10,7.026e-20,7.723e-23,1.942e-19,2.244e-9,1.209e+0,4.371e-2,,8.951e+1,1.741e+1,,3.270e+1,1.115e-1,,7.417e-20,1.779e-16,,2.520e-3,,1.155e-18,,2.031e-18,,1.986e-3,,2.510e-17,,9.279e-12,1.045e-16
428.75,5.389e+2,1.109e-9,3.008e-10,4.194e-44,6.894e-21,1.204e-35,,1.422e-19,5.447e-22,,3.902e-15,2.039e-21,5.467e-28,1.043e-17,1.818e-21,1.184e-28,8.160e-21,4.590e-14,,8.657e+0,1.915e-20,3.324e-19,1.570e+2,1.822e+2,6.714e-8,1.306e+1,1.745e-19,1.178e-1,1.207e-4,3.632e+1,1.935e-20,2.331e-10,7.028e-20,7.724e-23,1.720e-19,3.545e-9,1.050e+0,3.617e-2,,9.414e+1,1.572e+1,,3.046e+1,1.352e-1,,7.415e-20,1.779e-16,,2.014e-3,,1.153e-18,,2.030e-18,,2.492e-3,,2.509e-17,,1.466e-11,1.045e-16
428.78,5.609e+2,6.165e-10,3.052e-10,4.115e-44,6.933e-21,1.205e-35,,1.424e-19,5.449e-22,,3.902e-15,2.029e-21,5.427e-28,1.043e-17,1.818e-21,1.186e-28,8.159e-21,7.856e-14,,8.592e+0,1.917e-20,3.226e-19,1.613e+2,1.995e+2,6.481e-8,1.391e+1,1.746e-19,1.035e-1,1.446e-4,3.492e+1,1.936e-20,2.242e-10,7.030e-20,7.726e-23,1.387e-19,6.986e-9,8.461e-1,2.879e-2,,1.009e+2,1.338e+1,,2.720e+1,1.791e-1,,7.413e-20,1.778e-16,,1.429e-3,,1.151e-18,,2.029e-18,,3.477e-3,,2.509e-17,,2.888e-11,1.046e-16
428.8,5.755e+2,4.146e-10,3.082e-10,4.062e-44,6.958e-21,1.206e-35,,1.425e-19,5.450e-22,,3.901e-15,2.022e-21,5.400e-28,1.043e-17,1.818e-21,1.188e-28,8.158e-21,1.118e-13,,8.545e+0,1.918e-20,3.164e-19,1.638e+2,2.110e+2,6.307e-8,1.443e+1,1.746e-19,9.486e-2,1.623e-4,3.444e+1,1.937e-20,2.175e-10,7.031e-20,7.726e-23,1.165e-19,1.092e-8,7.318e-1,2.615e-2,,1.051e+2,1.195e+1,,2.510e+1,2.149e-1,,7.411e-20,1.778e-16,,1.130e-3,,1.149e-18,,2.028e-18,,4.321e-3,,2.508e-17,,4.517e-11,1.046e-16
428.83,5.971e+2,2.268e-10,3.129e-10,3.983e-44,6.996e-21,1.208e-35,,1.428e-19,5.452e-22,,3.901e-15,2.012e-21,5.360e-28,1.043e-17,1.819e-21,1.190e-28,8.157e-21,1.885e-13,,8.464e+0,1.921e-20,3.077e-19,1.668e+2,2.280e+2,6.021e-8,1.515e+1,1.746e-19,8.314e-2,1.914e-4,3.442e+1,1.937e-20,2.068e-10,7.033e-20,7.728e-23,8.320e-20,2.119e-8,5.886e-1,2.524e-2,,1.112e+2,1.002e+1,,2.211e+1,2.803e-1,,7.408e-20,1.777e-16,,7.891e-4,,1.147e-18,,2.027e-18,,5.940e-3,,2.508e-17,,8.763e-11,1.046e-16
428.85,6.112e+2,1.510e-10,3.162e-10,3.930e-44,7.022e-21,1.209e-35,,1.429e-19,5.454e-22,,3.901e-15,2.006e-21,5.333e-28,1.043e-17,1.819e-21,1.192e-28,8.156e-21,2.655e-13,,8.401e+0,1.922e-20,3.022e-19,1.683e+2,2.391e+2,5.818e-8,1.556e+1,1.746e-19,7.613e-2,2.126e-4,3.488e+1,1.938e-20,1.993e-10,7.035e-20,7.729e-23,6.101e-20,3.280e-8,5.098e-1,2.660e-2,,1.149e+2,8.857e+0,,2.023e+1,3.329e-1,,7.407e-20,1.777e-16,,6.178e-4,,1.145e-18,,2.026e-18,,7.307e-3,,2.508e-17,,1.356e-10,1.046e-16
428.88,6.314e+2,8.131e-11,3.214e-10,3.851e-44,7.060e-21,1.210e-35,,1.431e-19,5.456e-22,,3.900e-15,1.995e-21,5.293e-28,1.043e-17,1.819e-21,1.194e-28,8.155e-21,4.407e-13,,8.289e+0,1.925e-20,2.941e-19,1.698e+2,2.551e+2,5.500e-8,1.608e+1,1.747e-19,6.671e-2,2.469e-4,3.629e+1,1.939e-20,1.879e-10,7.037e-20,7.730e-23,2.773e-20,6.266e-8,4.134e-1,3.170e-2,,1.199e+2,7.306e+0,,1.759e+1,4.276e-1,,7.404e-20,1.776e-16,,4.246e-4,,1.143e-18,,2.025e-18,,9.891e-3,,2.507e-17,,2.591e-10,1.047e-16
428.9,6.441e+2,5.354e-11,3.250e-10,3.798e-44,7.085e-21,1.211e-35,,1.433e-19,5.457e-22,,3.900e-15,1.989e-21,5.266e-28,1.043e-17,1.819e-21,1.196e-28,8.155e-21,6.145e-13,,8.200e+0,1.926e-20,2.888e-19,1.703e+2,2.653e+2,5.281e-8,1.636e+1,1.747e-19,6.111e-2,2.714e-4,3.770e+1,1.939e-20,1.804e-10,7.038e-20,7.731e-23,5.028e-20,9.598e-8,3.618e-1,3.732e-2,,1.230e+2,6.393e+0,,1.596e+1,5.026e-1,,7.402e-20,1.775e-16,,3.290e-4,,1.141e-18,,2.024e-18,,1.204e-2,,2.507e-17,,3.969e-10,1.047e-16
428.93,6.620e+2,2.839e-11,3.307e-10,3.719e-44,7.123e-21,1.213e-35,,1.435e-19,5.459e-22,,3.899e-15,1.979e-21,5.226e-28,1.043e-17,1.819e-21,1.198e-28,8.154e-21,1.004e-12,,8.044e+0,1.929e-20,2.809e-19,1.703e+2,2.796e+2,4.950e-8,1.666e+1,1.747e-19,5.366e-2,3.104e-4,4.050e+1,1.940e-20,1.694e-10,7.040e-20,7.732e-23,1.218e-19,1.806e-7,3.005e-1,4.965e-2,,1.269e+2,5.192e+0,,1.373e+1,6.356e-1,,7.400e-20,1.775e-16,,2.226e-4,,1.139e-18,,2.023e-18,,1.605e-2,,2.506e-17,,7.466e-10,1.047e-16
428.95,6.729e+2,1.850e-11,3.347e-10,3.666e-44,7.149e-21,1.214e-35,,1.437e-19,5.461e-22,,3.899e-15,1.972e-21,5.200e-28,1.043e-17,1.819e-21,1.200e-28,8.153e-21,1.386e-12,,7.923e+0,1.930e-20,2.756e-19,1.698e+2,2.885e+2,4.731e-8,1.677e+1,1.747e-19,4.926e-2,3.376e-4,4.282e+1,1.940e-20,1.625e-10,7.041e-20,7.733e-23,2.186e-19,2.737e-7,2.688e-1,6.092e-2,,1.291e+2,4.496e+0,,1.237e+1,7.394e-1,,7.398e-20,1.774e-16,,1.707e-4,,1.137e-18,,2.022e-18,,1.934e-2,,2.506e-17,,1.132e-9,1.048e-16
428.98,6.878e+2,9.654e-12,3.407e-10,3.587e-44,7.187e-21,1.215e-35,,1.439e-19,5.463e-22,,3.899e-15,1.962e-21,5.159e-28,1.043e-17,1.819e-21,1.202e-28,8.152e-21,2.230e-12,,7.716e+0,1.933e-20,2.677e-19,1.683e+2,3.007e+2,4.407e-8,1.682e+1,1.748e-19,4.343e-2,3.802e-4,4.694e+1,1.941e-20,1.532e-10,7.044e-20,7.735e-23,5.216e-19,5.070e-7,2.326e-1,8.347e-2,,1.319e+2,3.595e+0,,1.056e+1,9.205e-1,,7.396e-20,1.774e-16,,1.137e-4,,1.135e-18,,2.021e-18,,2.537e-2,,2.505e-17,,2.097e-9,1.048e-16
429,6.967e+2,6.225e-12,3.447e-10,3.534e-44,7.212e-21,1.216e-35,,1.440e-19,5.464e-22,,3.898e-15,1.955e-21,5.133e-28,1.043e-17,1.819e-21,1.204e-28,8.151e-21,3.046e-12,,7.561e+0,1.934e-20,2.623e-19,1.669e+2,3.080e+2,4.197e-8,1.676e+1,1.748e-19,4.001e-2,4.093e-4,5.010e+1,1.942e-20,1.477e-10,7.045e-20,7.735e-23,9.266e-19,7.608e-7,2.149e-1,1.030e-1,,1.334e+2,3.081e+0,,9.482e+0,1.060e+0,,7.394e-20,1.773e-16,,8.625e-5,,1.133e-18,,2.020e-18,,3.026e-2,,2.505e-17,,3.146e-9,1.048e-16
429.03,7.084e+2,3.198e-12,3.507e-10,3.455e-44,7.251e-21,1.217e-35,,1.443e-19,5.467e-22,,3.898e-15,1.945e-21,5.093e-28,1.043e-17,1.820e-21,1.206e-28,8.150e-21,4.827e-12,,7.303e+0,1.937e-20,2.543e-19,1.641e+2,3.177e+2,3.898e-8,1.656e+1,1.748e-19,3.547e-2,4.538e-4,5.540e+1,1.942e-20,1.408e-10,7.047e-20,7.737e-23,2.177e-18,1.388e-6,1.961e-1,1.409e-1,,1.352e+2,2.425e+0,,8.076e+0,1.299e+0,,7.392e-20,1.773e-16,,5.655e-5,,1.130e-18,,2.019e-18,,3.910e-2,,2.504e-17,,5.739e-9,1.048e-16
429.05,7.152e+2,2.041e-12,3.545e-10,3.402e-44,7.276e-21,1.218e-35,,1.444e-19,5.468e-22,,3.898e-15,1.938e-21,5.066e-28,1.042e-17,1.820e-21,1.208e-28,8.149e-21,6.527e-12,,7.117e+0,1.938e-20,2.489e-19,1.619e+2,3.233e+2,3.710e-8,1.634e+1,1.748e-19,3.281e-2,4.835e-4,5.928e+1,1.943e-20,1.373e-10,7.048e-20,7.738e-23,3.828e-18,2.061e-6,1.877e-1,1.730e-1,,1.360e+2,2.057e+0,,7.269e+0,1.480e+0,,7.390e-20,1.772e-16,,4.246e-5,,1.129e-18,,2.018e-18,,4.614e-2,,2.504e-17,,8.523e-9,1.049e-16
429.08,7.239e+2,1.032e-12,3.599e-10,3.323e-44,7.314e-21,1.220e-35,,1.447e-19,5.470e-22,,3.897e-15,1.928e-21,5.026e-28,1.042e-17,1.820e-21,1.211e-28,8.148e-21,1.018e-11,,6.818e+0,1.940e-20,2.411e-19,1.581e+2,3.304e+2,3.449e-8,1.590e+1,1.749e-19,2.928e-2,5.278e-4,6.556e+1,1.944e-20,1.338e-10,7.050e-20,7.739e-23,8.856e-18,3.701e-6,1.800e-1,2.337e-1,,1.370e+2,1.594e+0,,6.249e+0,1.787e+0,,7.387e-20,1.772e-16,,2.741e-5,,1.126e-18,,2.017e-18,,5.870e-2,,2.503e-17,,1.531e-8,1.049e-16
429.1,7.288e+2,6.517e-13,3.631e-10,3.270e-44,7.340e-21,1.221e-35,,1.448e-19,5.471e-22,,3.897e-15,1.921e-21,4.999e-28,1.042e-17,1.820e-21,1.212e-28,8.148e-21,1.363e-11,,6.608e+0,1.942e-20,2.362e-19,1.552e+2,3.344e+2,3.290e-8,1.554e+1,1.749e-19,2.721e-2,5.567e-4,7.002e+1,1.944e-20,1.328e-10,7.052e-20,7.740e-23,1.541e-17,5.441e-6,1.774e-1,2.844e-1,,1.374e+2,1.339e+0,,5.691e+0,2.015e+0,,7.386e-20,1.771e-16,,2.037e-5,,1.125e-18,,2.016e-18,,6.856e-2,,2.503e-17,,2.250e-8,1.049e-16
429.12,7.330e+2,4.098e-13,3.659e-10,3.217e-44,7.365e-21,1.222e-35,,1.450e-19,5.473e-22,,3.897e-15,1.914e-21,4.972e-28,1.042e-17,1.820e-21,1.214e-28,8.147e-21,1.817e-11,,6.393e+0,1.944e-20,2.316e-19,1.522e+2,3.377e+2,3.145e-8,1.513e+1,1.749e-19,2.533e-2,5.847e-4,7.468e+1,1.945e-20,1.327e-10,7.053e-20,7.741e-23,2.671e-17,7.965e-6,1.764e-1,3.446e-1,,1.377e+2,1.120e+0,,5.225e+0,2.263e+0,,7.384e-20,1.771e-16,,1.507e-5,,1.123e-18,,2.015e-18,,7.975e-2,,2.503e-17,,3.294e-8,1.049e-16
429.15,7.385e+2,2.027e-13,3.695e-10,3.138e-44,7.403e-21,1.223e-35,,1.452e-19,5.475e-22,,3.896e-15,1.904e-21,4.932e-28,1.042e-17,1.820e-21,1.216e-28,8.146e-21,2.774e-11,,6.066e+0,1.946e-20,2.257e-19,1.474e+2,3.416e+2,2.955e-8,1.443e+1,1.749e-19,2.284e-2,6.245e-4,8.196e+1,1.945e-20,1.348e-10,7.055e-20,7.742e-23,6.048e-17,1.400e-5,1.770e-1,4.562e-1,,1.381e+2,8.503e-1,,4.691e+0,2.672e+0,,7.381e-20,1.770e-16,,9.516e-6,,1.121e-18,,2.014e-18,,9.927e-2,,2.502e-17,,5.789e-8,1.050e-16
429.17,7.416e+2,1.261e-13,3.712e-10,3.085e-44,7.429e-21,1.224e-35,,1.453e-19,5.476e-22,,3.896e-15,1.898e-21,4.905e-28,1.042e-17,1.820e-21,1.218e-28,8.145e-21,3.660e-11,,5.848e+0,1.948e-20,2.227e-19,1.440e+2,3.436e+2,2.846e-8,1.391e+1,1.750e-19,2.137e-2,6.492e-4,8.698e+1,1.946e-20,1.375e-10,7.057e-20,7.743e-23,1.038e-16,2.028e-5,1.783e-1,5.472e-1,,1.383e+2,7.048e-1,,4.439e+0,2.970e+0,,7.380e-20,1.770e-16,,6.968e-6,,1.119e-18,,2.013e-18,,1.143e-1,,2.502e-17,,8.388e-8,1.050e-16
429.2,7.459e+2,6.143e-14,3.728e-10,3.006e-44,7.467e-21,1.226e-35,,1.456e-19,5.479e-22,,3.896e-15,1.887e-21,4.865e-28,1.042e-17,1.820e-21,1.220e-28,8.144e-21,5.504e-11,,5.530e+0,1.950e-20,2.202e-19,1.388e+2,3.458e+2,2.712e-8,1.308e+1,1.750e-19,1.943e-2,6.827e-4,9.468e+1,1.947e-20,1.437e-10,7.059e-20,7.745e-23,2.314e-16,3.510e-5,1.811e-1,7.135e-1,,1.388e+2,5.293e-1,,4.211e+0,3.453e+0,,7.377e-20,1.769e-16,,4.332e-6,,1.116e-18,,2.012e-18,,1.401e-1,,2.501e-17,,1.452e-7,1.050e-16
429.22,7.487e+2,3.782e-14,3.731e-10,2.953e-44,7.492e-21,1.227e-35,,1.457e-19,5.480e-22,,3.895e-15,1.881e-21,4.839e-28,1.042e-17,1.821e-21,1.222e-28,8.143e-21,7.188e-11,,5.328e+0,1.951e-20,2.203e-19,1.352e+2,3.469e+2,2.641e-8,1.250e+1,1.750e-19,1.830e-2,7.024e-4,9.990e+1,1.947e-20,1.491e-10,7.060e-20,7.745e-23,3.928e-16,5.033e-5,1.831e-1,8.471e-1,,1.392e+2,4.364e-1,,4.152e+0,3.799e+0,,7.376e-20,1.769e-16,,3.139e-6,,1.115e-18,,2.011e-18,,1.596e-1,,2.501e-17,,2.082e-7,1.051e-16
429.25,7.531e+2,1.813e-14,3.723e-10,2.874e-44,7.530e-21,1.228e-35,,1.459e-19,5.482e-22,,3.895e-15,1.871e-21,4.798e-28,1.042e-17,1.821e-21,1.225e-28,8.142e-21,1.064e-10,,5.049e+0,1.954e-20,2.239e-19,1.299e+2,3.483e+2,2.563e-8,1.159e+1,1.750e-19,1.681e-2,7.273e-4,1.078e+2,1.948e-20,1.593e-10,7.062e-20,7.747e-23,8.625e-16,8.577e-5,1.860e-1,1.087e+0,,1.401e+2,3.271e-1,,4.198e+0,4.349e+0,,7.373e-20,1.768e-16,,1.921e-6,,1.112e-18,,2.010e-18,,1.926e-1,,2.500e-17,,3.547e-7,1.051e-16
429.27,7.564e+2,1.105e-14,3.710e-10,2.821e-44,7.556e-21,1.229e-35,,1.461e-19,5.483e-22,,3.895e-15,1.864e-21,4.772e-28,1.042e-17,1.821e-21,1.226e-28,8.142e-21,1.376e-10,,4.883e+0,1.955e-20,2.292e-19,1.263e+2,3.492e+2,2.528e-8,1.098e+1,1.751e-19,1.596e-2,7.406e-4,1.131e+2,1.948e-20,1.672e-10,7.064e-20,7.748e-23,1.450e-15,1.217e-4,1.875e-1,1.278e+0,,1.410e+2,2.712e-1,,4.314e+0,4.734e+0,,7.371e-20,1.767e-16,,1.377e-6,,1.111e-18,,2.009e-18,,2.172e-1,,2.500e-17,,5.035e-7,1.051e-16
429.3,7.621e+2,5.213e-15,3.677e-10,2.742e-44,7.594e-21,1.230e-35,,1.463e-19,5.486e-22,,3.894e-15,1.854e-21,4.732e-28,1.042e-17,1.821e-21,1.229e-28,8.140e-21,2.007e-10,,4.672e+0,1.958e-20,2.427e-19,1.210e+2,3.506e+2,2.500e-8,1.007e+1,1.751e-19,1.488e-2,7.551e-4,1.209e+2,1.949e-20,1.808e-10,7.066e-20,7.749e-23,3.134e-15,2.043e-4,1.892e-1,1.615e+0,,1.426e+2,2.088e-1,,4.610e+0,5.336e+0,,7.369e-20,1.767e-16,,8.298e-7,,1.108e-18,,2.008e-18,,2.580e-1,,2.499e-17,,8.448e-7,1.051e-16
429.32,7.667e+2,3.143e-15,3.647e-10,2.689e-44,7.620e-21,1.231e-35,,1.465e-19,5.487e-22,,3.894e-15,1.847e-21,4.705e-28,1.042e-17,1.821e-21,1.230e-28,8.140e-21,2.568e-10,,4.562e+0,1.959e-20,2.561e-19,1.176e+2,3.519e+2,2.497e-8,9.462e+0,1.751e-19,1.429e-2,7.609e-4,1.261e+2,1.950e-20,1.908e-10,7.067e-20,7.750e-23,5.214e-15,2.870e-4,1.897e-1,1.879e+0,,1.440e+2,1.795e-1,,4.888e+0,5.750e+0,,7.367e-20,1.766e-16,,5.888e-7,,1.107e-18,,2.007e-18,,2.879e-1,,2.499e-17,,1.187e-6,1.052e-16
429.35,7.751e+2,1.460e-15,3.588e-10,2.610e-44,7.658e-21,1.233e-35,,1.467e-19,5.489e-22,,3.893e-15,1.837e-21,4.665e-28,1.042e-17,1.821e-21,1.233e-28,8.139e-21,3.690e-10,,4.450e+0,1.962e-20,2.843e-19,1.125e+2,3.545e+2,2.513e-8,8.580e+0,1.751e-19,1.360e-2,7.639e-4,1.338e+2,1.950e-20,2.070e-10,7.069e-20,7.751e-23,1.110e-14,4.741e-4,1.893e-1,2.338e+0,,1.465e+2,1.518e-1,,5.422e+0,6.381e+0,,7.365e-20,1.766e-16,,3.492e-7,,1.104e-18,,2.006e-18,,3.368e-1,,2.498e-17,,1.961e-6,1.052e-16
429.37,7.818e+2,8.711e-16,3.541e-10,2.557e-44,7.683e-21,1.234e-35,,1.468e-19,5.491e-22,,3.893e-15,1.830e-21,4.638e-28,1.042e-17,1.821e-21,1.234e-28,8.138e-21,4.674e-10,,4.414e+0,1.963e-20,3.095e-19,1.092e+2,3.569e+2,2.534e-8,8.014e+0,1.752e-19,1.328e-2,7.619e-4,1.388e+2,1.951e-20,2.184e-10,7.071e-20,7.752e-23,1.828e-14,6.592e-4,1.883e-1,2.691e+0,,1.484e+2,1.432e-1,,5.856e+0,6.804e+0,,7.363e-20,1.765e-16,,2.452e-7,,1.103e-18,,2.005e-18,,3.720e-1,,2.498e-17,,2.726e-6,1.052e-16
429.4,7.938e+2,3.983e-16,3.458e-10,2.477e-44,7.721e-21,1.235e-35,,1.471e-19,5.493e-22,,3.893e-15,1.820e-21,4.598e-28,1.042e-17,1.821e-21,1.237e-28,8.137e-21,6.613e-10,,4.428e+0,1.966e-20,3.588e-19,1.043e+2,3.617e+2,2.581e-8,7.205e+0,1.752e-19,1.298e-2,7.531e-4,1.462e+2,1.952e-20,2.362e-10,7.073e-20,7.754e-23,3.832e-14,1.072e-3,1.856e-1,3.298e+0,,1.517e+2,1.448e-1,,6.625e+0,7.434e+0,,7.360e-20,1.765e-16,,1.432e-7,,1.100e-18,,2.004e-18,,4.285e-1,,2.497e-17,,4.436e-6,1.053e-16
429.42,8.032e+2,2.352e-16,3.395e-10,2.425e-44,7.747e-21,1.236e-35,,1.472e-19,5.494e-22,,3.892e-15,1.813e-21,4.571e-28,1.042e-17,1.822e-21,1.238e-28,8.136e-21,8.294e-10,,4.484e+0,1.967e-20,4.005e-19,1.012e+2,3.660e+2,2.619e-8,6.698e+0,1.752e-19,1.292e-2,7.435e-4,1.510e+2,1.952e-20,2.483e-10,7.074e-20,7.754e-23,6.245e-14,1.476e-3,1.831e-1,3.757e+0,,1.542e+2,1.555e-1,,7.218e+0,7.846e+0,,7.359e-20,1.764e-16,,9.949e-8,,1.098e-18,,2.003e-18,,4.684e-1,,2.497e-17,,6.104e-6,1.053e-16
429.45,8.195e+2,1.058e-16,3.290e-10,2.345e-44,7.785e-21,1.238e-35,,1.474e-19,5.496e-22,,3.892e-15,1.803e-21,4.531e-28,1.042e-17,1.822e-21,1.241e-28,8.135e-21,1.156e-9,,4.646e+0,1.970e-20,4.785e-19,9.658e+1,3.740e+2,2.684e-8,5.990e+0,1.752e-19,1.303e-2,7.236e-4,1.580e+2,1.953e-20,2.664e-10,7.076e-20,7.756e-23,1.289e-13,2.364e-3,1.782e-1,4.533e+0,,1.582e+2,1.874e-1,,8.234e+0,8.441e+0,,7.356e-20,1.764e-16,,5.718e-8,,1.096e-18,,2.002e-18,,5.312e-1,,2.497e-17,,9.779e-6,1.053e-16
429.47,8.320e+2,6.184e-17,3.213e-10,2.293e-44,7.810e-21,1.239e-35,,1.476e-19,5.498e-22,,3.892e-15,1.796e-21,4.504e-28,1.042e-17,1.822e-21,1.243e-28,8.134e-21,1.435e-9,,4.809e+0,1.971e-20,5.422e-19,9.358e+1,3.806e+2,2.729e-8,5.556e+0,1.753e-19,1.324e-2,7.069e-4,1.625e+2,1.953e-20,2.783e-10,7.078e-20,7.757e-23,2.080e-13,3.220e-3,1.744e-1,5.110e+0,,1.610e+2,2.205e-1,,8.999e+0,8.816e+0,,7.354e-20,1.763e-16,,3.932e-8,,1.094e-18,,2.001e-18,,5.747e-1,,2.496e-17,,1.332e-5,1.053e-16
429.5,8.532e+2,2.740e-17,3.089e-10,2.213e-44,7.849e-21,1.240e-35,,1.478e-19,5.500e-22,,3.891e-15,1.786e-21,4.464e-28,1.042e-17,1.822e-21,1.245e-28,8.133e-21,1.971e-9,,5.138e+0,1.973e-20,6.578e-19,8.916e+1,3.926e+2,2.797e-8,4.962e+0,1.753e-19,1.376e-2,6.774e-4,1.691e+2,1.954e-20,2.955e-10,7.080e-20,7.758e-23,4.228e-13,5.080e-3,1.678e-1,6.071e+0,,1.653e+2,2.907e-1,,1.029e+1,9.338e+0,,7.352e-20,1.762e-16,,2.225e-8,,1.092e-18,,2.000e-18,,6.417e-1,,2.496e-17,,2.101e-5,1.054e-16
429.52,8.689e+2,1.584e-17,3.001e-10,2.161e-44,7.874e-21,1.241e-35,,1.480e-19,5.501e-22,,3.891e-15,1.779e-21,4.437e-28,1.042e-17,1.822e-21,1.247e-28,8.133e-21,2.423e-9,,5.417e+0,1.975e-20,7.498e-19,8.626e+1,4.021e+2,2.840e-8,4.605e+0,1.753e-19,1.424e-2,6.550e-4,1.734e+2,1.955e-20,3.064e-10,7.081e-20,7.759e-23,6.750e-13,6.848e-3,1.631e-1,6.774e+0,,1.682e+2,3.539e-1,,1.125e+1,9.653e+0,,7.350e-20,1.762e-16,,1.514e-8,,1.090e-18,,1.999e-18,,6.871e-1,,2.495e-17,,2.832e-5,1.054e-16
429.54,8.858e+2,9.120e-18,2.909e-10,2.108e-44,7.899e-21,1.242e-35,,1.481e-19,5.503e-22,,3.891e-15,1.773e-21,4.411e-28,1.042e-17,1.822e-21,1.248e-28,8.132e-21,2.967e-9,,5.745e+0,1.977e-20,8.550e-19,8.339e+1,4.127e+2,2.880e-8,4.279e+0,1.753e-19,1.482e-2,6.308e-4,1.775e+2,1.955e-20,3.167e-10,7.082e-20,7.760e-23,1.073e-12,9.194e-3,1.581e-1,7.528e+0,,1.711e+2,4.325e-1,,1.230e+1,9.937e+0,,7.349e-20,1.762e-16,,1.026e-8,,1.089e-18,,1.998e-18,,7.327e-1,,2.495e-17,,3.803e-5,1.054e-16
429.57,9.134e+2,3.953e-18,2.765e-10,2.029e-44,1.926e-20,1.243e-35,,1.483e-19,5.505e-22,,3.890e-15,1.762e-21,4.371e-28,1.042e-17,1.822e-21,1.251e-28,8.131e-21,3.990e-9,,6.331e+0,1.979e-20,1.040e-18,7.911e+1,4.309e+2,2.930e-8,3.846e+0,1.754e-19,1.588e-2,5.915e-4,1.834e+2,1.956e-20,3.307e-10,7.085e-20,7.761e-23,2.136e-12,1.419e-2,1.505e-1,8.751e+0,,1.752e+2,5.852e-1,,1.405e+1,1.030e+1,,7.346e-20,1.761e-16,,5.680e-9,,1.086e-18,,1.997e-18,,8.005e-1,,2.494e-17,,5.870e-5,1.055e-16
429.59,9.332e+2,2.252e-18,2.666e-10,1.976e-44,3.472e-20,1.244e-35,,1.485e-19,5.506e-22,,3.890e-15,1.756e-21,4.344e-28,1.042e-17,1.822e-21,1.252e-28,8.130e-21,4.838e-9,,6.784e+0,1.981e-20,1.183e-18,7.627e+1,4.445e+2,2.956e-8,3.594e+0,1.754e-19,1.670e-2,5.637e-4,1.872e+2,1.957e-20,3.390e-10,7.086e-20,7.762e-23,3.361e-12,1.886e-2,1.455e-1,9.625e+0,,1.777e+2,7.148e-1,,1.535e+1,1.049e+1,,7.344e-20,1.761e-16,,3.809e-9,,1.084e-18,,1.996e-18,,8.448e-1,,2.494e-17,,7.800e-5,1.055e-16
429.62,9.647e+2,9.608e-19,2.513e-10,1.897e-44,8.338e-20,1.246e-35,,1.487e-19,5.508e-22,,3.890e-15,1.746e-21,4.304e-28,1.042e-17,1.823e-21,1.255e-28,8.129e-21,6.412e-9,,7.559e+0,1.983e-20,1.429e-18,7.202e+1,4.669e+2,2.980e-8,3.265e+0,1.754e-19,1.810e-2,5.205e-4,1.925e+2,1.957e-20,3.496e-10,7.088e-20,7.764e-23,6.585e-12,2.866e-2,1.385e-1,1.102e+1,,1.811e+2,9.602e-1,,1.752e+1,1.071e+1,,7.342e-20,1.760e-16,,2.076e-9,,1.082e-18,,1.995e-18,,9.087e-1,,2.493e-17,,1.186e-4,1.055e-16
429.64,9.866e+2,5.417e-19,2.409e-10,3.453e-44,1.488e-19,1.247e-35,,1.489e-19,5.510e-22,,3.889e-15,1.739e-21,4.277e-28,1.042e-17,1.823e-21,1.257e-28,8.129e-21,7.699e-9,,8.138e+0,1.984e-20,1.616e-18,6.918e+1,4.830e+2,2.985e-8,3.077e+0,1.754e-19,1.912e-2,4.910e-4,1.959e+2,1.958e-20,3.555e-10,7.089e-20,7.764e-23,1.026e-11,3.770e-2,1.343e-1,1.199e+1,,1.831e+2,1.164e+0,,1.912e+1,1.080e+1,,7.340e-20,1.759e-16,,1.377e-9,,1.080e-18,,1.994e-18,,9.491e-1,,2.493e-17,,1.559e-4,1.055e-16
429.67,1.021e+3,2.275e-19,2.251e-10,8.416e-44,3.518e-19,1.248e-35,,1.491e-19,5.512e-22,,3.889e-15,1.729e-21,4.237e-28,1.042e-17,1.823e-21,1.259e-28,8.127e-21,1.006e-8,,9.100e+0,1.987e-20,1.932e-18,6.491e+1,5.089e+2,2.976e-8,2.837e+0,1.755e-19,2.077e-2,4.463e-4,2.006e+2,1.959e-20,3.623e-10,7.091e-20,7.766e-23,1.979e-11,5.642e-2,1.292e-1,1.351e+1,,1.854e+2,1.544e+0,,2.178e+1,1.085e+1,,7.338e-20,1.759e-16,,7.389e-10,,1.078e-18,,1.993e-18,,1.005e+0,,2.493e-17,,2.334e-4,1.056e-16
429.69,1.044e+3,1.269e-19,2.145e-10,1.517e-43,6.213e-19,1.249e-35,,1.492e-19,5.513e-22,,3.889e-15,1.722e-21,4.210e-28,1.042e-17,1.823e-21,1.261e-28,8.127e-21,1.196e-8,,9.801e+0,1.988e-20,2.168e-18,6.206e+1,5.270e+2,2.957e-8,2.702e+0,1.755e-19,2.193e-2,4.167e-4,2.035e+2,1.959e-20,3.656e-10,7.093e-20,7.767e-23,3.052e-11,7.344e-2,1.267e-1,1.456e+1,,1.865e+2,1.854e+0,,2.375e+1,1.082e+1,,7.336e-20,1.758e-16,,4.853e-10,,1.076e-18,,1.992e-18,,1.039e+0,,2.492e-17,,3.038e-4,1.056e-16
429.72,1.079e+3,5.247e-20,1.986e-10,3.641e-43,1.447e-18,1.251e-35,,1.495e-19,5.515e-22,,3.888e-15,1.712e-21,4.170e-28,1.042e-17,1.823e-21,1.263e-28,8.126e-21,1.541e-8,,1.094e+1,1.991e-20,2.560e-18,5.778e+1,5.551e+2,2.910e-8,2.532e+0,1.755e-19,2.374e-2,3.730e-4,2.075e+2,1.960e-20,3.686e-10,7.095e-20,7.768e-23,5.798e-11,1.082e-1,1.248e-1,1.615e+1,,1.875e+2,2.423e+0,,2.701e+1,1.071e+1,,7.333e-20,1.758e-16,,2.563e-10,,1.074e-18,,1.991e-18,,1.084e+0,,2.492e-17,,4.477e-4,1.056e-16
429.74,1.102e+3,2.896e-20,1.880e-10,6.494e-43,2.529e-18,1.252e-35,,1.496e-19,5.517e-22,,3.888e-15,1.705e-21,4.143e-28,1.042e-17,1.823e-21,1.265e-28,8.125e-21,1.815e-8,,1.175e+1,1.992e-20,2.847e-18,5.493e+1,5.741e+2,2.866e-8,2.437e+0,1.755e-19,2.497e-2,3.447e-4,2.099e+2,1.960e-20,3.695e-10,7.096e-20,7.769e-23,8.849e-11,1.394e-1,1.251e-1,1.722e+1,,1.876e+2,2.881e+0,,2.940e+1,1.057e+1,,7.332e-20,1.757e-16,,1.665e-10,,1.072e-18,,1.990e-18,,1.109e+0,,2.491e-17,,5.768e-4,1.056e-16
429.77,1.136e+3,1.179e-20,1.724e-10,1.535e-42,5.801e-18,1.253e-35,,1.498e-19,5.519e-22,,3.887e-15,1.695e-21,4.103e-28,1.042e-17,1.823e-21,1.267e-28,8.124e-21,2.306e-8,,1.304e+1,1.995e-20,3.316e-18,5.067e+1,6.027e+2,2.782e-8,2.319e+0,1.756e-19,2.680e-2,3.038e-4,2.130e+2,1.961e-20,3.692e-10,7.098e-20,7.770e-23,1.655e-10,2.024e-1,1.283e-1,1.881e+1,,1.871e+2,3.707e+0,,3.335e+1,1.030e+1,,7.329e-20,1.757e-16,,8.658e-11,,1.070e-18,,1.989e-18,,1.138e+0,,2.491e-17,,8.370e-4,1.057e-16
429.79,1.158e+3,6.439e-21,1.622e-10,2.710e-42,1.004e-17,1.254e-35,,1.500e-19,5.520e-22,,3.887e-15,1.688e-21,4.076e-28,1.042e-17,1.823e-21,1.269e-28,8.123e-21,2.691e-8,,1.395e+1,1.996e-20,3.653e-18,4.785e+1,6.214e+2,2.715e-8,2.254e+0,1.756e-19,2.800e-2,2.779e-4,2.148e+2,1.962e-20,3.681e-10,7.100e-20,7.771e-23,2.501e-10,2.580e-1,1.325e-1,1.985e+1,,1.862e+2,4.364e+0,,3.622e+1,1.007e+1,,7.328e-20,1.756e-16,,5.568e-11,,1.068e-18,,1.988e-18,,1.152e+0,,2.490e-17,,1.067e-3,1.057e-16
429.82,1.190e+3,6.412e-21,1.472e-10,6.310e-42,2.267e-17,1.256e-35,,1.502e-19,5.522e-22,,3.887e-15,1.678e-21,4.036e-28,1.042e-17,1.824e-21,1.271e-28,8.122e-21,3.372e-8,,1.536e+1,1.999e-20,4.194e-18,4.368e+1,6.483e+2,2.597e-8,2.171e+0,1.756e-19,2.974e-2,2.413e-4,2.171e+2,1.962e-20,3.654e-10,7.102e-20,7.773e-23,4.607e-10,3.687e-1,1.424e-1,2.136e+1,,1.841e+2,5.530e+0,,4.093e+1,9.653e+0,,7.325e-20,1.756e-16,,2.850e-11,,1.066e-18,,1.987e-18,,1.165e+0,,2.490e-17,,1.525e-3,1.057e-16
429.84,1.209e+3,6.394e-21,1.374e-10,1.103e-41,3.882e-17,1.257e-35,,1.504e-19,5.524e-22,,3.886e-15,1.671e-21,4.010e-28,1.042e-17,1.824e-21,1.273e-28,8.121e-21,3.901e-8,,1.634e+1,2.000e-20,4.577e-18,4.095e+1,6.653e+2,2.510e-8,2.124e+0,1.756e-19,3.082e-2,2.185e-4,2.184e+2,1.963e-20,3.631e-10,7.103e-20,7.774e-23,6.888e-10,4.653e-1,1.517e-1,2.230e+1,,1.822e+2,6.442e+0,,4.432e+1,9.338e+0,,7.323e-20,1.755e-16,,1.814e-11,,1.064e-18,,1.986e-18,,1.167e+0,,2.489e-17,,1.925e-3,1.058e-16
429.87,1.236e+3,6.366e-21,1.234e-10,2.528e-41,8.634e-17,1.258e-35,,1.506e-19,5.526e-22,,3.886e-15,1.661e-21,3.969e-28,1.042e-17,1.824e-21,1.275e-28,8.120e-21,4.822e-8,,1.783e+1,2.003e-20,5.178e-18,3.695e+1,6.885e+2,2.366e-8,2.062e+0,1.757e-19,3.231e-2,1.868e-4,2.201e+2,1.964e-20,3.592e-10,7.105e-20,7.775e-23,1.250e-9,6.547e-1,1.702e-1,2.362e+1,,1.787e+2,8.038e+0,,4.981e+1,8.816e+0,,7.321e-20,1.754e-16,,9.137e-12,,1.062e-18,,1.984e-18,,1.162e+0,,2.489e-17,,2.708e-3,1.058e-16
429.89,1.252e+3,6.348e-21,1.144e-10,4.373e-41,1.464e-16,1.259e-35,,1.507e-19,5.527e-22,,3.886e-15,1.654e-21,3.943e-28,1.042e-17,1.824e-21,1.277e-28,8.120e-21,5.530e-8,,1.884e+1,2.004e-20,5.595e-18,3.437e+1,7.022e+2,2.264e-8,2.025e+0,1.757e-19,3.319e-2,1.676e-4,2.210e+2,1.964e-20,3.566e-10,7.107e-20,7.776e-23,1.849e-9,8.178e-1,1.859e-1,2.442e+1,,1.759e+2,9.268e+0,,5.372e+1,8.441e+0,,7.319e-20,1.754e-16,,5.755e-12,,1.060e-18,,1.984e-18,,1.152e+0,,2.489e-17,,3.383e-3,1.058e-16
429.91,1.267e+3,6.329e-21,1.058e-10,7.534e-41,2.471e-16,1.260e-35,,1.509e-19,5.529e-22,,3.885e-15,1.648e-21,3.916e-28,1.042e-17,1.824e-21,1.279e-28,8.119e-21,6.321e-8,,1.985e+1,2.006e-20,6.021e-18,3.186e+1,7.144e+2,2.157e-8,1.990e+0,1.757e-19,3.397e-2,1.497e-4,2.220e+2,1.965e-20,3.541e-10,7.108e-20,7.777e-23,2.725e-9,1.017e+0,2.045e-1,2.513e+1,,1.729e+2,1.064e+1,,5.784e+1,8.048e+0,,7.317e-20,1.754e-16,,3.610e-12,,1.058e-18,,1.983e-18,,1.138e+0,,2.488e-17,,4.209e-3,1.058e-16
429.94,1.285e+3,6.302e-21,9.345e-11,1.690e-40,5.379e-16,1.261e-35,,1.511e-19,5.531e-22,,3.885e-15,1.638e-21,3.876e-28,1.042e-17,1.824e-21,1.281e-28,8.118e-21,7.674e-8,,2.135e+1,2.008e-20,6.671e-18,2.825e+1,7.291e+2,1.991e-8,1.939e+0,1.757e-19,3.492e-2,1.256e-4,2.234e+2,1.965e-20,3.510e-10,7.110e-20,7.778e-23,4.839e-9,1.401e+0,2.382e-1,2.605e+1,,1.678e+2,1.299e+1,,6.435e+1,7.434e+0,,7.315e-20,1.753e-16,,1.779e-12,,1.056e-18,,1.982e-18,,1.109e+0,,2.488e-17,,5.795e-3,1.059e-16
429.96,1.296e+3,6.284e-21,8.572e-11,2.883e-40,8.989e-16,1.262e-35,,1.513e-19,5.532e-22,,3.885e-15,1.631e-21,3.849e-28,1.042e-17,1.824e-21,1.283e-28,8.117e-21,8.698e-8,,2.234e+1,2.010e-20,7.108e-18,2.596e+1,7.363e+2,1.878e-8,1.906e+0,1.757e-19,3.539e-2,1.113e-4,2.245e+2,1.966e-20,3.495e-10,7.112e-20,7.779e-23,7.059e-9,1.725e+0,2.648e-1,2.654e+1,,1.642e+2,1.477e+1,,6.890e+1,7.015e+0,,7.313e-20,1.752e-16,,1.104e-12,,1.054e-18,,1.981e-18,,1.084e+0,,2.487e-17,,7.135e-3,1.059e-16
429.99,1.307e+3,6.256e-21,7.489e-11,6.370e-40,1.927e-15,1.264e-35,,1.515e-19,5.534e-22,,3.884e-15,1.621e-21,3.809e-28,1.042e-17,1.824e-21,1.285e-28,8.116e-21,1.043e-7,,2.377e+1,2.012e-20,7.759e-18,2.271e+1,7.432e+2,1.707e-8,1.855e+0,1.758e-19,3.585e-2,9.248e-5,2.266e+2,1.967e-20,3.485e-10,7.114e-20,7.780e-23,1.234e-8,2.338e+0,3.114e-1,2.708e+1,,1.585e+2,1.775e+1,,7.598e+1,6.381e+0,,7.311e-20,1.752e-16,,5.357e-13,,1.052e-18,,1.980e-18,,1.039e+0,,2.487e-17,,9.673e-3,1.059e-16
430.01,1.313e+3,6.238e-21,6.818e-11,1.075e-39,3.187e-15,1.265e-35,,1.516e-19,5.536e-22,,3.884e-15,1.614e-21,3.782e-28,1.042e-17,1.825e-21,1.287e-28,8.115e-21,1.173e-7,,2.469e+1,2.014e-20,8.185e-18,2.069e+1,7.448e+2,1.594e-8,1.820e+0,1.758e-19,3.598e-2,8.155e-5,2.284e+2,1.967e-20,3.488e-10,7.115e-20,7.781e-23,1.782e-8,2.850e+0,3.471e-1,2.730e+1,,1.545e+2,1.997e+1,,8.084e+1,5.959e+0,,7.309e-20,1.751e-16,,3.291e-13,,1.050e-18,,1.979e-18,,1.005e+0,,2.486e-17,,1.179e-2,1.059e-16
430.04,1.319e+3,6.210e-21,5.891e-11,2.340e-39,6.728e-15,1.266e-35,,1.519e-19,5.538e-22,,3.884e-15,1.604e-21,3.742e-28,1.042e-17,1.825e-21,1.289e-28,8.114e-21,1.390e-7,,2.598e+1,2.016e-20,8.801e-18,1.785e+1,7.429e+2,1.427e-8,1.764e+0,1.758e-19,3.590e-2,6.751e-5,2.323e+2,1.968e-20,3.510e-10,7.117e-20,7.783e-23,3.068e-8,3.804e+0,4.078e-1,2.743e+1,,1.485e+2,2.364e+1,,8.825e+1,5.336e+0,,7.306e-20,1.751e-16,,1.572e-13,,1.048e-18,,1.978e-18,,9.491e-1,,2.486e-17,,1.574e-2,1.060e-16
430.06,1.321e+3,6.192e-21,5.327e-11,3.909e-39,1.102e-14,1.267e-35,,1.520e-19,5.539e-22,,3.883e-15,1.597e-21,3.715e-28,1.042e-17,1.825e-21,1.291e-28,8.114e-21,1.551e-7,,2.677e+1,2.017e-20,9.190e-18,1.611e+1,7.387e+2,1.319e-8,1.726e+0,1.758e-19,3.566e-2,5.964e-5,2.357e+2,1.968e-20,3.536e-10,7.119e-20,7.783e-23,4.384e-8,4.589e+0,4.532e-1,2.737e+1,,1.445e+2,2.632e+1,,9.322e+1,4.932e+0,,7.305e-20,1.750e-16,,9.553e-14,,1.046e-18,,1.977e-18,,9.087e-1,,2.485e-17,,1.898e-2,1.060e-16
430.09,1.323e+3,6.165e-21,4.563e-11,8.377e-39,2.290e-14,1.269e-35,,1.522e-19,5.541e-22,,3.883e-15,1.587e-21,3.675e-28,1.042e-17,1.825e-21,1.293e-28,8.113e-21,1.818e-7,,2.786e+1,2.020e-20,9.734e-18,1.370e+1,7.281e+2,1.162e-8,1.664e+0,1.759e-19,3.505e-2,4.997e-5,2.425e+2,1.969e-20,3.596e-10,7.121e-20,7.785e-23,7.433e-8,6.032e+0,5.285e-1,2.708e+1,,1.386e+2,3.067e+1,,1.006e+2,4.349e+0,,1.788e-19,1.750e-16,,4.492e-14,,1.043e-18,,1.975e-18,,8.448e-1,,2.485e-17,,2.495e-2,1.060e-16
430.11,1.322e+3,6.146e-21,4.108e-11,1.385e-38,3.711e-14,1.270e-35,,1.524e-19,5.543e-22,,3.882e-15,1.580e-21,3.649e-28,1.042e-17,1.825e-21,1.295e-28,8.112e-21,2.013e-7,,2.849e+1,2.021e-20,1.006e-17,1.224e+1,7.182e+2,1.063e-8,1.621e+0,1.759e-19,3.446e-2,4.486e-5,2.484e+2,1.970e-20,3.650e-10,7.122e-20,7.786e-23,1.051e-7,7.201e+0,5.836e-1,2.674e+1,,1.348e+2,3.380e+1,,1.055e+2,3.978e+0,,3.232e-19,1.749e-16,,2.702e-14,,1.042e-18,,1.975e-18,,8.005e-1,,2.485e-17,,2.979e-2,1.061e-16
430.14,1.321e+3,6.119e-21,3.507e-11,2.923e-38,7.598e-14,1.271e-35,,1.526e-19,5.545e-22,,3.882e-15,1.570e-21,3.608e-28,1.042e-17,1.825e-21,1.298e-28,8.111e-21,2.334e-7,,2.931e+1,2.024e-20,1.050e-17,1.027e+1,6.995e+2,9.228e-9,1.554e+0,1.759e-19,3.335e-2,3.912e-5,2.596e+2,1.970e-20,3.749e-10,7.124e-20,7.787e-23,1.755e-7,9.321e+0,6.732e-1,2.605e+1,,1.294e+2,3.879e+1,,1.125e+2,3.453e+0,,7.792e-19,1.749e-16,,1.251e-14,,1.039e-18,,1.973e-18,,7.327e-1,,2.484e-17,,3.856e-2,1.061e-16
430.16,1.320e+3,6.100e-21,3.162e-11,4.785e-38,1.219e-13,1.272e-35,,1.528e-19,5.546e-22,,3.882e-15,1.563e-21,3.582e-28,1.042e-17,1.825e-21,1.299e-28,8.110e-21,2.567e-7,,2.975e+1,2.025e-20,1.074e-17,9.086e+0,6.846e+2,8.354e-9,1.507e+0,1.759e-19,3.246e-2,3.652e-5,2.689e+2,1.971e-20,3.828e-10,7.125e-20,7.788e-23,2.458e-7,1.101e+1,7.374e-1,2.546e+1,,1.260e+2,4.230e+1,,1.169e+2,3.126e+0,,1.394e-18,1.748e-16,,7.444e-15,,1.038e-18,,1.973e-18,,6.871e-1,,2.484e-17,,4.556e-2,1.061e-16
430.19,1.319e+3,6.073e-21,2.726e-11,9.945e-38,2.457e-13,1.273e-35,,1.530e-19,5.548e-22,,3.881e-15,1.553e-21,3.542e-28,1.042e-17,1.825e-21,1.302e-28,8.109e-21,2.946e-7,,3.025e+1,2.028e-20,1.104e-17,7.508e+0,6.592e+2,7.140e-9,1.435e+0,1.760e-19,3.093e-2,3.442e-5,2.858e+2,1.972e-20,3.964e-10,7.128e-20,7.789e-23,4.041e-7,1.404e+1,8.397e-1,2.442e+1,,1.213e+2,4.780e+1,,1.231e+2,2.672e+0,,3.310e-18,1.747e-16,,3.392e-15,,1.035e-18,,1.971e-18,,6.192e-1,,2.483e-17,,5.807e-2,1.062e-16
430.21,1.319e+3,6.055e-21,2.492e-11,1.611e-37,3.902e-13,1.274e-35,,1.531e-19,5.550e-22,,3.881e-15,1.546e-21,3.515e-28,1.042e-17,1.826e-21,1.303e-28,8.108e-21,3.219e-7,,3.047e+1,2.029e-20,1.119e-17,6.578e+0,6.405e+2,6.397e-9,1.385e+0,1.760e-19,2.980e-2,3.420e-5,2.993e+2,1.972e-20,4.065e-10,7.129e-20,7.790e-23,5.599e-7,1.642e+1,9.114e-1,2.362e+1,,1.184e+2,5.160e+1,,1.268e+2,2.394e+0,,5.860e-18,1.747e-16,,1.998e-15,,1.034e-18,,1.971e-18,,5.747e-1,,2.483e-17,,6.791e-2,1.062e-16
430.24,1.321e+3,6.027e-21,2.227e-11,3.298e-37,7.746e-13,1.276e-35,,1.534e-19,5.552e-22,,3.881e-15,1.536e-21,3.475e-28,1.042e-17,1.826e-21,1.306e-28,8.107e-21,3.659e-7,,3.064e+1,2.032e-20,1.132e-17,5.355e+0,6.102e+2,5.383e-9,1.310e+0,1.760e-19,2.796e-2,3.562e-5,3.231e+2,1.973e-20,4.230e-10,7.131e-20,7.792e-23,9.065e-7,2.060e+1,1.023e+0,2.230e+1,,1.145e+2,5.741e+1,,1.318e+2,2.015e+0,,1.370e-17,1.746e-16,,8.963e-16,,1.031e-18,,1.969e-18,,5.099e-1,,2.482e-17,,8.522e-2,1.062e-16
430.26,1.324e+3,6.009e-21,2.110e-11,5.289e-37,1.217e-12,1.277e-35,,1.535e-19,5.553e-22,,3.880e-15,1.529e-21,3.448e-28,1.042e-17,1.826e-21,1.307e-28,8.107e-21,3.973e-7,,3.063e+1,2.033e-20,1.135e-17,4.645e+0,5.890e+2,4.773e-9,1.259e+0,1.760e-19,2.666e-2,3.777e-5,3.414e+2,1.973e-20,4.347e-10,7.132e-20,7.793e-23,1.243e-6,2.385e+1,1.100e+0,2.136e+1,,1.123e+2,6.133e+1,,1.346e+2,1.787e+0,,2.402e-17,1.746e-16,,5.225e-16,,1.029e-18,,1.969e-18,,4.684e-1,,2.482e-17,,9.865e-2,1.062e-16
430.28,1.328e+3,5.991e-21,2.043e-11,8.448e-37,1.905e-12,1.278e-35,,1.537e-19,5.555e-22,,3.880e-15,1.523e-21,3.421e-28,1.042e-17,1.826e-21,1.309e-28,8.106e-21,4.302e-7,,3.054e+1,2.035e-20,1.134e-17,4.013e+0,5.671e+2,4.215e-9,1.208e+0,1.761e-19,2.531e-2,4.088e-5,3.618e+2,1.974e-20,4.468e-10,7.134e-20,7.793e-23,1.699e-6,2.749e+1,1.178e+0,2.036e+1,,1.102e+2,6.525e+1,,1.369e+2,1.578e+0,,4.193e-17,1.746e-16,,3.033e-16,,1.028e-18,,1.968e-18,,4.285e-1,,2.481e-17,,1.137e-1,1.063e-16
430.31,1.338e+3,5.963e-21,2.043e-11,1.692e-36,3.703e-12,1.279e-35,,1.539e-19,5.557e-22,,3.880e-15,1.513e-21,3.381e-28,1.042e-17,1.826e-21,1.311e-28,8.105e-21,4.827e-7,,3.024e+1,2.037e-20,1.124e-17,3.199e+0,5.336e+2,3.470e-9,1.132e+0,1.761e-19,2.324e-2,4.745e-5,3.962e+2,1.975e-20,4.655e-10,7.136e-20,7.795e-23,2.691e-6,3.376e+1,1.297e+0,1.881e+1,,1.077e+2,7.105e+1,,1.395e+2,1.299e+0,,9.596e-17,1.745e-16,,1.331e-16,,1.025e-18,,1.966e-18,,3.720e-1,,2.481e-17,,1.397e-1,1.063e-16
430.33,1.348e+3,5.945e-21,2.116e-11,2.675e-36,5.737e-12,1.280e-35,,1.540e-19,5.558e-22,,3.879e-15,1.506e-21,3.354e-28,1.042e-17,1.826e-21,1.313e-28,8.104e-21,5.197e-7,,2.994e+1,2.039e-20,1.111e-17,2.736e+0,5.112e+2,3.033e-9,1.082e+0,1.761e-19,2.184e-2,5.315e-5,4.217e+2,1.975e-20,4.782e-10,7.137e-20,7.796e-23,3.639e-6,3.851e+1,1.375e+0,1.776e+1,,1.063e+2,7.481e+1,,1.407e+2,1.135e+0,,1.658e-16,1.744e-16,,7.646e-17,,1.024e-18,,1.966e-18,,3.368e-1,,2.481e-17,,1.593e-1,1.063e-16
430.36,1.366e+3,5.917e-21,2.346e-11,5.277e-36,1.098e-11,1.282e-35,,1.543e-19,5.560e-22,,3.879e-15,1.496e-21,3.314e-28,1.042e-17,1.826e-21,1.316e-28,8.103e-21,5.779e-7,,2.935e+1,2.041e-20,1.084e-17,2.147e+0,4.780e+2,2.459e-9,1.007e+0,1.761e-19,1.975e-2,6.380e-5,4.635e+2,1.976e-20,4.971e-10,7.139e-20,7.797e-23,5.677e-6,4.658e+1,1.491e+0,1.615e+1,,1.046e+2,8.021e+1,,1.414e+2,9.205e-1,,3.737e-16,1.744e-16,,3.303e-17,,1.021e-18,,1.964e-18,,2.879e-1,,2.480e-17,,1.927e-1,1.063e-16
430.38,1.381e+3,5.899e-21,2.588e-11,8.259e-36,1.683e-11,1.283e-35,,1.544e-19,5.562e-22,,3.879e-15,1.489e-21,3.288e-28,1.042e-17,1.826e-21,1.317e-28,8.102e-21,6.185e-7,,2.886e+1,2.043e-20,1.061e-17,1.818e+0,4.564e+2,2.127e-9,9.588e-1,1.762e-19,1.837e-2,7.237e-5,4.937e+2,1.976e-20,5.096e-10,7.141e-20,7.798e-23,7.597e-6,5.259e+1,1.566e+0,1.509e+1,,1.037e+2,8.359e+1,,1.412e+2,7.962e-1,,6.392e-16,1.743e-16,,1.878e-17,,1.020e-18,,1.964e-18,,2.580e-1,,2.480e-17,,2.176e-1,1.064e-16
430.41,1.407e+3,5.872e-21,3.106e-11,1.604e-35,3.172e-11,1.284e-35,,1.546e-19,5.564e-22,,3.878e-15,1.479e-21,3.247e-28,1.042e-17,1.827e-21,1.320e-28,8.101e-21,6.817e-7,,2.802e+1,2.045e-20,1.020e-17,1.405e+0,4.251e+2,1.698e-9,8.881e-1,1.762e-19,1.635e-2,8.757e-5,5.419e+2,1.977e-20,5.278e-10,7.143e-20,7.799e-23,1.167e-5,6.263e+1,1.674e+0,1.351e+1,,1.027e+2,8.824e+1,,1.399e+2,6.356e-1,,1.419e-15,1.743e-16,,7.985e-18,,1.017e-18,,1.962e-18,,2.172e-1,,2.479e-17,,2.591e-1,1.064e-16
430.43,1.427e+3,5.853e-21,3.565e-11,2.485e-35,4.815e-11,1.285e-35,,1.548e-19,5.565e-22,,3.878e-15,1.472e-21,3.221e-28,1.042e-17,1.827e-21,1.321e-28,8.101e-21,7.254e-7,,2.739e+1,2.047e-20,9.882e-18,1.178e+0,4.053e+2,1.453e-9,8.426e-1,1.762e-19,1.505e-2,9.934e-5,5.757e+2,1.978e-20,5.394e-10,7.144e-20,7.800e-23,1.546e-5,6.999e+1,1.741e+0,1.249e+1,,1.022e+2,9.101e+1,,1.384e+2,5.441e-1,,2.402e-15,1.742e-16,,4.492e-18,,1.016e-18,,1.962e-18,,1.926e-1,,2.479e-17,,2.896e-1,1.064e-16
430.46,1.461e+3,5.826e-21,4.455e-11,4.754e-35,8.936e-11,1.287e-35,,1.550e-19,5.567e-22,,3.877e-15,1.462e-21,3.181e-28,1.042e-17,1.827e-21,1.324e-28,8.100e-21,7.925e-7,,2.636e+1,2.049e-20,9.354e-18,8.966e-1,3.775e+2,1.142e-9,7.769e-1,1.762e-19,1.319e-2,1.196e-4,6.284e+2,1.978e-20,5.561e-10,7.146e-20,7.802e-23,2.339e-5,8.207e+1,1.834e+0,1.102e+1,,1.016e+2,9.460e+1,,1.352e+2,4.276e-1,,5.251e-15,1.742e-16,,1.881e-18,,1.013e-18,,1.960e-18,,1.596e-1,,2.478e-17,,3.395e-1,1.065e-16
430.48,1.486e+3,5.807e-21,5.198e-11,7.289e-35,1.343e-10,1.288e-35,,1.552e-19,5.569e-22,,3.877e-15,1.455e-21,3.154e-28,1.042e-17,1.827e-21,1.325e-28,8.099e-21,8.382e-7,,2.563e+1,2.050e-20,8.972e-18,7.437e-1,3.603e+2,9.678e-10,7.351e-1,1.763e-19,1.202e-2,1.349e-4,6.643e+2,1.979e-20,5.666e-10,7.148e-20,7.802e-23,3.067e-5,9.078e+1,1.889e+0,1.008e+1,,1.013e+2,9.658e+1,,1.325e+2,3.623e-1,,8.799e-15,1.741e-16,,1.047e-18,,1.011e-18,,1.960e-18,,1.401e-1,,2.478e-17,,3.756e-1,1.065e-16
430.51,1.525e+3,5.780e-21,6.575e-11,1.373e-34,2.454e-10,1.289e-35,,1.554e-19,5.571e-22,,3.877e-15,1.445e-21,3.114e-28,1.042e-17,1.827e-21,1.328e-28,8.098e-21,9.076e-7,,2.447e+1,2.053e-20,8.363e-18,5.575e-1,3.366e+2,7.491e-10,6.753e-1,1.763e-19,1.037e-2,1.606e-4,7.188e+2,1.980e-20,5.813e-10,7.150e-20,7.804e-23,4.569e-5,1.048e+2,1.962e+0,8.751e+0,,1.009e+2,9.884e+1,,1.277e+2,2.803e-1,,1.894e-14,1.741e-16,,4.315e-19,,1.009e-18,,1.958e-18,,1.143e-1,,2.477e-17,,4.336e-1,1.065e-16
430.53,1.552e+3,5.762e-21,7.689e-11,2.084e-34,3.649e-10,1.290e-35,,1.555e-19,5.572e-22,,3.876e-15,1.438e-21,3.087e-28,1.042e-17,1.827e-21,1.329e-28,8.097e-21,9.541e-7,,2.368e+1,2.054e-20,7.940e-18,4.577e-1,3.224e+2,6.283e-10,6.375e-1,1.763e-19,9.352e-3,1.796e-4,7.548e+2,1.980e-20,5.905e-10,7.151e-20,7.805e-23,5.929e-5,1.148e+2,2.003e+0,7.924e+0,,1.007e+2,9.987e+1,,1.240e+2,2.351e-1,,3.142e-14,1.740e-16,,2.377e-19,,1.007e-18,,1.957e-18,,9.927e-2,,2.477e-17,,4.748e-1,1.065e-16
430.56,1.593e+3,5.734e-21,9.699e-11,3.867e-34,6.567e-10,1.291e-35,,1.558e-19,5.575e-22,,3.876e-15,1.428e-21,3.047e-28,1.042e-17,1.827e-21,1.332e-28,8.096e-21,1.024e-6,,2.246e+1,2.057e-20,7.289e-18,3.378e-1,3.034e+2,4.790e-10,5.840e-1,1.763e-19,7.945e-3,2.110e-4,8.077e+2,1.981e-20,6.032e-10,7.153e-20,7.806e-23,8.698e-5,1.305e+2,2.052e+0,6.774e+0,,1.003e+2,1.006e+2,,1.178e+2,1.791e-1,,6.662e-14,1.739e-16,,9.645e-20,,1.005e-18,,1.956e-18,,7.975e-2,,2.476e-17,,5.397e-1,1.066e-16
430.58,1.620e+3,5.716e-21,1.129e-10,5.808e-34,9.667e-10,1.292e-35,,1.559e-19,5.576e-22,,3.876e-15,1.421e-21,3.020e-28,1.042e-17,1.827e-21,1.334e-28,8.095e-21,1.069e-6,,2.163e+1,2.058e-20,6.850e-18,2.745e-1,2.922e+2,3.979e-10,5.504e-1,1.764e-19,7.091e-3,2.337e-4,8.415e+2,1.981e-20,6.109e-10,7.155e-20,7.807e-23,1.117e-4,1.414e+2,2.076e+0,6.071e+0,,9.992e+1,1.006e+2,,1.134e+2,1.486e-1,,1.094e-13,1.739e-16,,9.644e-20,,1.003e-18,,1.955e-18,,6.856e-2,,2.476e-17,,5.849e-1,1.066e-16
430.61,1.660e+3,5.688e-21,1.411e-10,1.061e-33,1.713e-9,1.294e-35,,1.561e-19,5.578e-22,,3.875e-15,1.411e-21,2.980e-28,1.041e-17,1.828e-21,1.336e-28,8.094e-21,1.136e-6,,2.040e+1,2.061e-20,6.194e-18,1.995e-1,2.778e+2,2.992e-10,5.032e-1,1.764e-19,5.932e-3,2.705e-4,8.892e+2,1.982e-20,6.217e-10,7.157e-20,7.808e-23,1.614e-4,1.582e+2,2.099e+0,5.110e+0,,9.920e+1,9.987e+1,,1.062e+2,1.115e-1,,2.284e-13,1.738e-16,,9.642e-20,,1.001e-18,,1.954e-18,,5.423e-2,,2.475e-17,,6.547e-1,1.066e-16
430.63,1.684e+3,5.670e-21,1.631e-10,1.578e-33,2.496e-9,1.295e-35,,1.563e-19,5.579e-22,,3.875e-15,1.405e-21,2.953e-28,1.041e-17,1.828e-21,1.338e-28,8.094e-21,1.179e-6,,1.958e+1,2.062e-20,5.762e-18,1.605e-1,2.696e+2,2.464e-10,4.738e-1,1.764e-19,5.239e-3,2.967e-4,9.183e+2,1.983e-20,6.283e-10,7.158e-20,7.809e-23,2.052e-4,1.697e+2,2.106e+0,4.533e+0,,9.858e+1,9.884e+1,,1.013e+2,9.155e-2,,3.712e-13,1.738e-16,,9.640e-20,,9.991e-19,,1.953e-18,,4.614e-2,,2.475e-17,,7.022e-1,1.067e-16
430.65,1.706e+3,5.652e-21,1.879e-10,2.337e-33,3.622e-9,1.296e-35,,1.564e-19,5.581e-22,,3.875e-15,1.398e-21,2.927e-28,1.041e-17,1.828e-21,1.339e-28,8.093e-21,1.220e-6,,1.877e+1,2.064e-20,5.338e-18,1.285e-1,2.624e+2,2.025e-10,4.460e-1,1.764e-19,4.609e-3,3.241e-4,9.450e+2,1.983e-20,6.344e-10,7.159e-20,7.810e-23,2.598e-4,1.813e+2,2.105e+0,4.004e+0,,9.782e+1,9.743e+1,,9.623e+1,7.488e-2,,6.008e-13,1.737e-16,,9.639e-20,,9.975e-19,,1.953e-18,,3.910e-2,,2.475e-17,,7.500e-1,1.067e-16
430.68,1.736e+3,5.624e-21,2.309e-10,4.178e-33,6.284e-9,1.297e-35,,1.567e-19,5.583e-22,,3.874e-15,1.388e-21,2.886e-28,1.041e-17,1.828e-21,1.342e-28,8.092e-21,1.277e-6,,1.758e+1,2.066e-20,4.724e-18,9.141e-2,2.536e+2,1.506e-10,4.071e-1,1.765e-19,3.773e-3,3.672e-4,9.795e+2,1.984e-20,6.428e-10,7.162e-20,7.812e-23,3.673e-4,1.986e+2,2.092e+0,3.298e+0,,9.639e+1,9.460e+1,,8.853e+1,5.496e-2,,1.228e-12,1.737e-16,,9.637e-20,,9.950e-19,,1.951e-18,,3.026e-2,,2.474e-17,,8.216e-1,1.067e-16
430.7,1.751e+3,5.606e-21,2.637e-10,6.125e-33,9.026e-9,1.298e-35,,1.568e-19,5.584e-22,,3.874e-15,1.381e-21,2.860e-28,1.041e-17,1.828e-21,1.343e-28,8.091e-21,1.313e-6,,1.681e+1,2.068e-20,4.332e-18,7.246e-2,2.489e+2,1.237e-10,3.830e-1,1.765e-19,3.284e-3,3.971e-4,9.984e+2,1.984e-20,6.479e-10,7.163e-20,7.812e-23,4.604e-4,2.100e+2,2.076e+0,2.883e+0,,9.524e+1,9.229e+1,,8.337e+1,4.449e-2,,1.967e-12,1.736e-16,,9.636e-20,,9.934e-19,,1.951e-18,,2.537e-2,,2.474e-17,,8.686e-1,1.067e-16
430.73,1.769e+3,5.578e-21,3.198e-10,1.079e-32,1.542e-8,1.300e-35,,1.570e-19,5.587e-22,,3.874e-15,1.371e-21,2.820e-28,1.041e-17,1.828e-21,1.346e-28,8.090e-21,1.360e-6,,1.568e+1,2.070e-20,3.775e-18,5.074e-2,2.435e+2,9.304e-11,3.494e-1,1.765e-19,2.647e-3,4.431e-4,1.020e+3,1.985e-20,6.547e-10,7.165e-20,7.814e-23,6.409e-4,2.265e+2,2.040e+0,2.339e+0,,9.319e+1,8.824e+1,,7.571e+1,3.215e-2,,3.959e-12,1.736e-16,,9.634e-20,,9.909e-19,,1.949e-18,,1.934e-2,,2.473e-17,,9.369e-1,1.068e-16
430.75,1.775e+3,5.560e-21,3.621e-10,1.565e-32,2.192e-8,1.301e-35,,1.572e-19,5.588e-22,,3.873e-15,1.364e-21,2.793e-28,1.041e-17,1.828e-21,1.348e-28,8.089e-21,1.387e-6,,1.495e+1,2.072e-20,3.427e-18,3.981e-2,2.408e+2,7.801e-11,3.286e-1,1.765e-19,2.281e-3,4.742e-4,1.030e+3,1.986e-20,6.587e-10,7.166e-20,7.815e-23,7.950e-4,2.370e+2,2.009e+0,2.024e+0,,9.160e+1,8.520e+1,,7.070e+1,2.576e-2,,6.279e-12,1.735e-16,,9.632e-20,,9.893e-19,,1.948e-18,,1.605e-2,,2.473e-17,,9.804e-1,1.068e-16
430.78,1.778e+3,5.533e-21,4.335e-10,2.714e-32,3.687e-8,1.302e-35,,1.574e-19,5.590e-22,,3.873e-15,1.354e-21,2.753e-28,1.041e-17,1.828e-21,1.350e-28,8.088e-21,1.420e-6,,1.388e+1,2.074e-20,2.941e-18,2.745e-2,2.381e+2,6.227e-11,2.997e-1,1.766e-19,1.810e-3,5.211e-4,1.036e+3,1.987e-20,6.639e-10,7.168e-20,7.816e-23,1.090e-3,2.517e+2,1.955e+0,1.617e+0,,8.891e+1,8.021e+1,,6.341e+1,1.832e-2,,1.245e-11,1.735e-16,,9.630e-20,,9.868e-19,,1.947e-18,,1.204e-2,,2.472e-17,,1.041e+0,1.068e-16
430.8,1.774e+3,5.514e-21,4.866e-10,3.897e-32,5.189e-8,1.303e-35,,1.576e-19,5.591e-22,,3.873e-15,1.347e-21,2.726e-28,1.041e-17,1.829e-21,1.352e-28,8.088e-21,1.437e-6,,1.320e+1,2.076e-20,2.643e-18,2.131e-2,2.370e+2,5.574e-11,2.818e-1,1.766e-19,1.543e-3,5.520e-4,1.036e+3,1.987e-20,6.667e-10,7.170e-20,7.817e-23,1.338e-3,2.607e+2,1.913e+0,1.385e+0,,8.690e+1,7.665e+1,,5.873e+1,1.453e-2,,1.954e-11,1.734e-16,,9.629e-20,,9.852e-19,,1.946e-18,,9.890e-3,,2.472e-17,,1.078e+0,1.068e-16
430.83,1.759e+3,5.487e-21,5.752e-10,6.656e-32,8.596e-8,1.304e-35,,1.578e-19,5.594e-22,,3.872e-15,1.337e-21,2.686e-28,1.041e-17,1.829e-21,1.354e-28,8.087e-21,1.454e-6,,1.221e+1,2.078e-20,2.234e-18,1.447e-2,2.365e+2,5.127e-11,2.569e-1,1.766e-19,1.206e-3,5.972e-4,1.027e+3,1.988e-20,6.697e-10,7.172e-20,7.818e-23,1.807e-3,2.726e+2,1.845e+0,1.091e+0,,8.359e+1,7.105e+1,,5.204e+1,1.018e-2,,3.814e-11,1.734e-16,,9.627e-20,,9.827e-19,,1.945e-18,,7.306e-3,,2.471e-17,,1.128e+0,1.069e-16
430.85,1.744e+3,5.469e-21,6.404e-10,9.461e-32,1.197e-7,1.305e-35,,1.579e-19,5.595e-22,,3.872e-15,1.330e-21,2.659e-28,1.041e-17,1.829e-21,1.356e-28,8.086e-21,1.459e-6,,1.158e+1,2.080e-20,1.987e-18,1.112e-2,2.367e+2,5.164e-11,2.415e-1,1.766e-19,1.018e-3,6.262e-4,1.016e+3,1.988e-20,6.709e-10,7.173e-20,7.819e-23,2.196e-3,2.794e+2,1.796e+0,9.259e-1,,8.121e+1,6.720e+1,,4.783e+1,7.987e-3,,5.926e-11,1.733e-16,,9.626e-20,,9.811e-19,,1.944e-18,,5.940e-3,,2.471e-17,,1.156e+0,1.069e-16
430.88,1.713e+3,5.441e-21,7.479e-10,1.591e-31,1.953e-7,1.307e-35,,1.582e-19,5.597e-22,,3.871e-15,1.320e-21,2.619e-28,1.041e-17,1.829e-21,1.358e-28,8.085e-21,1.458e-6,,1.066e+1,2.082e-20,1.653e-18,7.432e-3,2.377e+2,5.716e-11,2.201e-1,1.767e-19,7.829e-4,6.671e-4,9.924e+2,1.989e-20,6.712e-10,7.175e-20,7.821e-23,2.919e-3,2.877e+2,1.719e+0,7.201e-1,,7.739e+1,6.133e+1,,4.190e+1,5.509e-3,,1.139e-10,1.733e-16,,9.624e-20,,9.786e-19,,1.943e-18,,4.320e-3,,2.470e-17,,1.190e+0,1.069e-16
430.9,1.687e+3,5.423e-21,8.260e-10,2.239e-31,2.693e-7,1.308e-35,,1.583e-19,5.599e-22,,3.871e-15,1.313e-21,2.592e-28,1.041e-17,1.829e-21,1.360e-28,8.084e-21,1.451e-6,,1.008e+1,2.083e-20,1.456e-18,5.653e-3,2.389e+2,6.429e-11,2.068e-1,1.767e-19,6.540e-4,6.923e-4,9.719e+2,1.990e-20,6.703e-10,7.177e-20,7.821e-23,3.511e-3,2.919e+2,1.666e+0,6.072e-1,,7.471e+1,5.741e+1,,3.822e+1,4.278e-3,,1.752e-10,1.732e-16,,9.622e-20,,9.770e-19,,1.942e-18,,3.476e-3,,2.470e-17,,1.208e+0,1.070e-16
430.93,1.640e+3,5.395e-21,9.534e-10,3.708e-31,4.327e-7,1.309e-35,,1.585e-19,5.601e-22,,3.871e-15,1.303e-21,2.552e-28,1.041e-17,1.829e-21,1.362e-28,8.083e-21,1.431e-6,,9.243e+0,2.086e-20,1.193e-18,3.720e-3,2.412e+2,8.066e-11,1.883e-1,1.767e-19,4.954e-4,7.262e-4,9.347e+2,1.990e-20,6.670e-10,7.179e-20,7.823e-23,4.596e-3,2.960e+2,1.585e+0,4.694e-1,,7.052e+1,5.160e+1,,3.312e+1,2.905e-3,,3.317e-10,1.731e-16,,9.620e-20,,9.745e-19,,1.941e-18,,2.489e-3,,2.470e-17,,1.225e+0,1.070e-16
430.95,1.604e+3,5.377e-21,1.045e-9,5.165e-31,5.905e-7,1.310e-35,,1.587e-19,5.602e-22,,3.870e-15,1.296e-21,2.525e-28,1.041e-17,1.829e-21,2.461e-28,8.082e-21,1.412e-6,,8.710e+0,2.087e-20,1.040e-18,2.800e-3,2.431e+2,9.582e-11,1.769e-1,1.767e-19,4.095e-4,7.459e-4,9.061e+2,1.991e-20,6.635e-10,7.180e-20,7.824e-23,5.472e-3,2.972e+2,1.531e+0,3.960e-1,,6.763e+1,4.781e+1,,3.000e+1,2.233e-3,,5.050e-10,1.731e-16,,9.619e-20,,9.729e-19,,1.940e-18,,1.982e-3,,2.469e-17,,1.230e+0,1.070e-16
430.98,1.544e+3,5.349e-21,1.193e-9,8.424e-31,9.342e-7,1.312e-35,,1.589e-19,5.604e-22,,3.870e-15,1.286e-21,2.485e-28,1.041e-17,1.829e-21,5.932e-28,8.081e-21,1.375e-6,,7.950e+0,2.090e-20,8.390e-19,1.814e-3,2.464e+2,1.260e-10,1.610e-1,1.768e-19,3.054e-4,7.705e-4,8.582e+2,1.992e-20,6.558e-10,7.182e-20,7.825e-23,7.054e-3,2.968e+2,1.450e+0,3.099e-1,,6.321e+1,4.230e+1,,2.573e+1,1.493e-3,,9.416e-10,1.730e-16,,9.617e-20,,9.704e-19,,1.939e-18,,1.397e-3,,2.469e-17,,1.228e+0,1.070e-16
431,1.500e+3,5.331e-21,1.299e-9,1.161e-30,1.262e-6,1.313e-35,,1.591e-19,5.606e-22,,3.870e-15,1.280e-21,2.459e-28,1.041e-17,1.830e-21,1.061e-27,8.081e-21,1.344e-6,,7.470e+0,2.091e-20,7.236e-19,1.352e-3,2.488e+2,1.519e-10,1.512e-1,1.768e-19,2.499e-4,7.833e-4,8.235e+2,1.992e-20,6.491e-10,7.184e-20,7.826e-23,8.312e-3,2.949e+2,1.397e+0,2.668e-1,,6.023e+1,3.879e+1,,2.315e+1,1.136e-3,,1.419e-9,1.730e-16,,9.616e-20,,9.688e-19,,1.938e-18,,1.101e-3,,2.468e-17,,1.220e+0,1.071e-16
431.02,1.454e+3,5.313e-21,1.410e-9,1.594e-30,1.698e-6,1.314e-35,,1.592e-19,5.607e-22,,3.869e-15,1.273e-21,2.432e-28,1.041e-17,1.830e-21,1.889e-27,8.080e-21,1.309e-6,,7.013e+0,2.093e-20,6.215e-19,1.003e-3,2.515e+2,1.832e-10,1.421e-1,1.768e-19,2.036e-4,7.930e-4,7.869e+2,1.993e-20,6.410e-10,7.185e-20,7.827e-23,9.755e-3,2.919e+2,1.345e+0,2.340e-1,,5.723e+1,3.543e+1,,2.078e+1,8.603e-4,,2.130e-9,1.729e-16,,9.614e-20,,9.671e-19,,1.937e-18,,8.644e-4,,2.468e-17,,1.208e+0,1.071e-16
431.05,1.380e+3,5.285e-21,1.586e-9,2.545e-30,2.629e-6,1.315e-35,,1.594e-19,5.609e-22,,3.869e-15,1.263e-21,2.392e-28,1.041e-17,1.830e-21,4.457e-27,8.079e-21,1.250e-6,,6.371e+0,2.095e-20,4.910e-19,6.358e-4,2.556e+2,2.419e-10,1.295e-1,1.768e-19,1.486e-4,8.016e-4,7.294e+2,1.993e-20,6.262e-10,7.187e-20,7.828e-23,1.231e-2,2.852e+2,1.268e+0,2.027e-1,,5.276e+1,3.068e+1,,1.758e+1,5.628e-4,,3.887e-9,1.729e-16,,9.612e-20,,9.647e-19,,1.936e-18,,5.964e-4,,2.467e-17,,1.180e+0,1.071e-16
431.07,1.330e+3,5.267e-21,1.711e-9,3.459e-30,3.501e-6,1.316e-35,,1.596e-19,5.611e-22,,3.869e-15,1.256e-21,2.365e-28,1.041e-17,1.830e-21,7.859e-27,8.078e-21,1.206e-6,,5.974e+0,2.097e-20,4.174e-19,4.668e-4,2.585e+2,2.903e-10,1.218e-1,1.769e-19,1.198e-4,8.033e-4,6.899e+2,1.994e-20,6.146e-10,7.189e-20,7.829e-23,1.430e-2,2.794e+2,1.218e+0,1.932e-1,,4.982e+1,2.773e+1,,1.568e+1,4.219e-4,,5.774e-9,1.728e-16,,9.611e-20,,9.630e-19,,1.935e-18,,4.632e-4,,2.467e-17,,1.156e+0,1.071e-16
431.1,1.252e+3,5.240e-21,1.907e-9,5.438e-30,5.338e-6,1.317e-35,,1.598e-19,5.613e-22,,3.868e-15,1.246e-21,2.325e-28,1.041e-17,1.830e-21,1.826e-26,8.077e-21,1.136e-6,,5.427e+0,2.099e-20,3.247e-19,2.914e-4,2.628e+2,3.792e-10,1.115e-1,1.769e-19,8.609e-5,7.996e-4,6.297e+2,1.995e-20,5.945e-10,7.191e-20,7.831e-23,1.776e-2,2.688e+2,1.145e+0,1.960e-1,,4.549e+1,2.364e+1,,1.315e+1,2.718e-4,,1.038e-8,1.728e-16,,9.609e-20,,9.606e-19,,1.934e-18,,3.147e-4,,2.466e-17,,1.112e+0,1.072e-16
431.12,1.199e+3,5.221e-21,2.045e-9,7.314e-30,7.036e-6,1.318e-35,,1.600e-19,5.614e-22,,3.868e-15,1.239e-21,2.298e-28,1.041e-17,1.830e-21,3.187e-26,8.076e-21,1.086e-6,,5.097e+0,2.101e-20,2.732e-19,2.118e-4,2.657e+2,4.511e-10,1.053e-1,1.769e-19,6.871e-5,7.930e-4,5.895e+2,1.995e-20,5.794e-10,7.192e-20,7.831e-23,2.042e-2,2.607e+2,1.098e+0,2.096e-1,,4.268e+1,2.115e+1,,1.166e+1,2.017e-4,,1.526e-8,1.727e-16,,9.608e-20,,9.589e-19,,1.933e-18,,2.419e-4,,2.466e-17,,1.078e+0,1.072e-16
431.15,1.120e+3,5.194e-21,2.260e-9,1.132e-29,1.057e-5,1.320e-35,,1.602e-19,5.616e-22,,3.868e-15,1.229e-21,2.258e-28,1.041e-17,1.830e-21,7.293e-26,8.075e-21,1.008e-6,,4.655e+0,2.103e-20,2.093e-19,1.302e-4,2.699e+2,5.810e-10,9.718e-2,1.769e-19,4.861e-5,7.773e-4,5.298e+2,1.996e-20,5.544e-10,7.194e-20,7.833e-23,2.498e-2,2.469e+2,1.030e+0,2.494e-1,,3.862e+1,1.776e+1,,9.695e+0,1.279e-4,,2.701e-8,1.727e-16,,9.606e-20,,9.565e-19,,1.932e-18,,1.618e-4,,2.466e-17,,1.022e+0,1.072e-16
431.17,1.068e+3,5.175e-21,2.409e-9,1.508e-29,1.379e-5,1.321e-35,,1.603e-19,5.618e-22,,3.867e-15,1.222e-21,2.231e-28,1.041e-17,1.830e-21,1.260e-25,8.075e-21,9.543e-7,,4.398e+0,2.105e-20,1.743e-19,9.361e-5,2.726e+2,6.844e-10,9.253e-2,1.769e-19,3.840e-5,7.630e-4,4.909e+2,1.996e-20,5.362e-10,7.196e-20,7.834e-23,2.843e-2,2.370e+2,9.859e-1,2.903e-1,,3.602e+1,1.573e+1,,8.548e+0,9.392e-5,,3.932e-8,1.726e-16,,9.604e-20,,9.548e-19,,1.931e-18,,1.231e-4,,2.465e-17,,9.804e-1,1.073e-16
431.2,9.905e+2,5.148e-21,2.640e-9,2.299e-29,2.039e-5,1.322e-35,,1.606e-19,5.620e-22,,3.867e-15,1.212e-21,2.191e-28,1.041e-17,1.831e-21,2.839e-25,8.074e-21,8.729e-7,,4.070e+0,2.107e-20,1.315e-19,5.665e-5,2.761e+2,8.685e-10,8.675e-2,1.770e-19,2.675e-5,7.364e-4,4.345e+2,1.997e-20,5.069e-10,7.198e-20,7.835e-23,3.425e-2,2.211e+2,9.217e-1,3.772e-1,,3.233e+1,1.301e+1,,7.048e+0,5.864e-5,,6.853e-8,1.726e-16,,9.602e-20,,9.523e-19,,1.930e-18,,8.106e-5,,2.465e-17,,9.145e-1,1.073e-16
431.22,9.404e+2,5.130e-21,2.799e-9,3.029e-29,2.633e-5,1.323e-35,,1.607e-19,5.621e-22,,3.867e-15,1.205e-21,2.164e-28,1.041e-17,1.831e-21,4.856e-25,8.073e-21,8.185e-7,,3.892e+0,2.109e-20,1.084e-19,4.032e-5,2.782e+2,1.013e-9,8.369e-2,1.770e-19,2.091e-5,7.154e-4,3.985e+2,1.998e-20,4.862e-10,7.199e-20,7.836e-23,3.858e-2,2.100e+2,8.802e-1,4.549e-1,,3.002e+1,1.141e+1,,6.181e+0,4.262e-5,,9.874e-8,1.725e-16,,9.601e-20,,9.507e-19,,1.929e-18,,6.103e-5,,2.464e-17,,8.686e-1,1.073e-16
431.25,8.679e+2,5.102e-21,3.045e-9,4.548e-29,3.834e-5,1.325e-35,,1.609e-19,5.623e-22,,3.866e-15,1.195e-21,2.124e-28,1.041e-17,1.831e-21,1.078e-24,8.072e-21,7.378e-7,,3.686e+0,2.111e-20,8.052e-20,2.402e-5,2.806e+2,1.266e-9,8.033e-2,1.770e-19,1.434e-5,6.799e-4,3.473e+2,1.998e-20,4.538e-10,7.201e-20,7.837e-23,4.577e-2,1.929e+2,8.195e-1,6.076e-1,,2.678e+1,9.298e+0,,5.056e+0,2.620e-5,,1.695e-7,1.724e-16,,9.599e-20,,9.482e-19,,1.928e-18,,3.957e-5,,2.464e-17,,7.979e-1,1.074e-16
431.27,8.216e+2,5.084e-21,3.213e-9,5.934e-29,4.901e-5,1.326e-35,,1.611e-19,5.625e-22,,3.866e-15,1.188e-21,2.098e-28,1.041e-17,1.831e-21,1.825e-24,8.071e-21,6.851e-7,,3.590e+0,2.113e-20,6.570e-20,1.692e-5,2.817e+2,1.461e-9,7.892e-2,1.770e-19,1.110e-5,6.538e-4,3.153e+2,1.999e-20,4.316e-10,7.203e-20,7.838e-23,5.102e-2,1.813e+2,7.801e-1,7.378e-1,,2.478e+1,8.076e+0,,4.411e+0,1.885e-5,,2.417e-7,1.724e-16,,9.598e-20,,9.466e-19,,1.927e-18,,2.949e-5,,2.463e-17,,7.500e-1,1.074e-16
431.3,7.553e+2,5.056e-21,3.468e-9,8.773e-29,7.028e-5,1.327e-35,,1.613e-19,5.627e-22,,3.865e-15,1.178e-21,2.057e-28,1.041e-17,1.831e-21,3.989e-24,8.070e-21,6.084e-7,,3.509e+0,2.115e-20,4.805e-20,9.927e-6,2.826e+2,1.798e-9,7.810e-2,1.771e-19,7.493e-6,6.118e-4,2.706e+2,2.000e-20,3.975e-10,7.205e-20,7.840e-23,5.961e-2,1.640e+2,7.224e-1,9.850e-1,,2.204e+1,6.495e+0,,3.582e+0,1.141e-5,,4.086e-7,1.723e-16,,9.596e-20,,9.441e-19,,1.926e-18,,1.883e-5,,2.463e-17,,6.784e-1,1.074e-16
431.32,7.135e+2,5.038e-21,3.641e-9,1.133e-28,8.892e-5,1.328e-35,,1.615e-19,5.628e-22,,3.865e-15,1.172e-21,2.031e-28,1.041e-17,1.831e-21,6.684e-24,8.069e-21,5.594e-7,,3.497e+0,2.117e-20,3.881e-20,6.920e-6,2.824e+2,2.055e-9,7.842e-2,1.771e-19,5.738e-6,5.823e-4,2.432e+2,2.000e-20,3.745e-10,7.206e-20,7.840e-23,6.578e-2,1.526e+2,6.849e-1,1.191e+0,,2.040e+1,5.596e+0,,3.111e+0,8.121e-6,,5.769e-7,1.723e-16,,9.595e-20,,9.425e-19,,1.925e-18,,1.389e-5,,2.462e-17,,6.312e-1,1.074e-16
431.35,6.544e+2,5.011e-21,3.903e-9,1.649e-28,1.256e-4,1.330e-35,,1.617e-19,5.630e-22,,3.865e-15,1.161e-21,1.991e-28,1.041e-17,1.831e-21,1.439e-23,8.068e-21,4.894e-7,,3.541e+0,2.119e-20,2.795e-20,3.997e-6,2.812e+2,2.490e-9,8.021e-2,1.771e-19,3.815e-6,5.366e-4,2.057e+2,2.001e-20,3.402e-10,7.208e-20,7.842e-23,7.566e-2,1.359e+2,6.299e-1,1.573e+0,,1.820e+1,4.454e+0,,2.512e+0,4.840e-6,,9.603e-7,1.722e-16,,9.593e-20,,9.400e-19,,1.924e-18,,8.727e-6,,2.462e-17,,5.621e-1,1.075e-16
431.37,6.175e+2,4.992e-21,4.077e-9,2.108e-28,1.573e-4,1.331e-35,,1.618e-19,5.632e-22,,3.864e-15,1.155e-21,1.964e-28,1.041e-17,1.831e-21,2.387e-23,8.068e-21,4.455e-7,,3.609e+0,2.120e-20,2.234e-20,2.758e-6,2.796e+2,2.816e-9,8.228e-2,1.771e-19,2.891e-6,5.055e-4,1.831e+2,2.001e-20,3.176e-10,7.209e-20,7.843e-23,8.264e-2,1.251e+2,5.942e-1,1.886e+0,,1.692e+1,3.819e+0,,2.176e+0,3.410e-6,,1.342e-6,1.722e-16,,9.591e-20,,9.384e-19,,1.923e-18,,6.371e-6,,2.462e-17,,5.177e-1,1.075e-16
431.39,5.826e+2,4.974e-21,4.251e-9,2.683e-28,1.962e-4,1.332e-35,,1.620e-19,5.633e-22,,3.864e-15,1.148e-21,1.937e-28,1.041e-17,1.832e-21,3.944e-23,8.067e-21,4.039e-7,,3.709e+0,2.122e-20,1.779e-20,1.895e-6,2.773e+2,3.172e-9,8.505e-2,1.772e-19,2.182e-6,4.742e-4,1.624e+2,2.002e-20,2.954e-10,7.211e-20,7.844e-23,8.990e-2,1.148e+2,5.591e-1,2.253e+0,,1.579e+1,3.273e+0,,1.885e+0,2.392e-6,,1.868e-6,1.721e-16,,9.590e-20,,9.368e-19,,1.922e-18,,4.631e-6,,2.461e-17,,4.748e-1,1.075e-16
431.42,5.339e+2,4.946e-21,4.510e-9,3.824e-28,2.711e-4,1.333e-35,,1.622e-19,5.635e-22,,3.864e-15,1.138e-21,1.897e-28,1.041e-17,1.832e-21,8.311e-23,8.066e-21,3.460e-7,,3.912e+0,2.124e-20,1.254e-20,1.071e-6,2.727e+2,3.762e-9,9.049e-2,1.772e-19,1.420e-6,4.276e-4,1.348e+2,2.003e-20,2.630e-10,7.213e-20,7.845e-23,1.012e-1,1.000e+2,5.081e-1,2.919e+0,,1.436e+1,2.605e+0,,1.524e+0,1.395e-6,,3.043e-6,1.721e-16,,9.588e-20,,9.343e-19,,1.921e-18,,2.848e-6,,2.461e-17,,4.138e-1,1.075e-16
431.44,5.039e+2,4.928e-21,4.678e-9,4.818e-28,3.347e-4,1.334e-35,,1.624e-19,5.637e-22,,3.863e-15,1.131e-21,1.870e-28,1.041e-17,1.832e-21,1.359e-22,8.065e-21,3.105e-7,,4.081e+0,2.126e-20,9.882e-21,7.282e-7,2.688e+2,4.194e-9,9.497e-2,1.772e-19,1.061e-6,3.970e-4,1.186e+2,2.003e-20,2.422e-10,7.214e-20,7.846e-23,1.090e-1,9.078e+1,4.752e-1,3.452e+0,,1.359e+1,2.249e+0,,1.329e+0,9.688e-7,,4.193e-6,1.720e-16,,9.587e-20,,9.327e-19,,1.920e-18,,2.049e-6,,2.460e-17,,3.756e-1,1.076e-16
431.47,4.624e+2,4.901e-21,4.924e-9,6.762e-28,4.557e-4,1.335e-35,,1.626e-19,5.639e-22,,3.863e-15,1.121e-21,1.830e-28,1.041e-17,1.832e-21,2.821e-22,8.064e-21,2.620e-7,,4.379e+0,2.128e-20,6.862e-21,4.052e-7,2.617e+2,4.899e-9,1.029e-1,1.772e-19,6.794e-7,3.525e-4,9.746e+1,2.004e-20,2.126e-10,7.216e-20,7.847e-23,1.208e-1,7.791e+1,4.274e-1,4.406e+0,,1.271e+1,1.834e+0,,1.096e+0,5.562e-7,,6.728e-6,1.720e-16,,9.585e-20,,9.302e-19,,1.919e-18,,1.241e-6,,2.460e-17,,3.223e-1,1.076e-16
431.49,4.370e+2,4.882e-21,5.082e-9,8.433e-28,5.568e-4,2.419e-35,,1.627e-19,5.640e-22,,3.863e-15,1.114e-21,1.803e-28,1.041e-17,1.832e-21,4.567e-22,8.063e-21,2.328e-7,,4.605e+0,2.130e-20,5.355e-21,2.727e-7,2.561e+2,5.405e-9,1.089e-1,1.773e-19,5.023e-7,3.240e-4,8.536e+1,2.004e-20,1.939e-10,7.218e-20,7.848e-23,1.287e-1,6.999e+1,3.969e-1,5.159e+0,,1.230e+1,1.628e+0,,9.768e-1,3.822e-7,,9.175e-6,1.719e-16,,9.583e-20,,9.285e-19,,1.918e-18,,8.836e-7,,2.459e-17,,2.896e-1,1.076e-16
431.52,4.023e+2,4.855e-21,5.305e-9,1.166e-27,7.464e-4,5.851e-35,,1.630e-19,5.642e-22,,3.862e-15,1.104e-21,1.763e-28,1.041e-17,1.832e-21,9.336e-22,8.062e-21,1.935e-7,,4.977e+0,2.132e-20,3.667e-21,1.494e-7,2.466e+2,6.217e-9,1.191e-1,1.773e-19,3.168e-7,2.833e-4,7.001e+1,2.005e-20,1.676e-10,7.220e-20,7.850e-23,1.405e-1,5.915e+1,3.530e-1,6.485e+0,,1.193e+1,1.411e+0,,8.494e-1,2.161e-7,,1.450e-5,1.719e-16,,9.581e-20,,9.261e-19,,1.917e-18,,5.268e-7,,2.459e-17,,2.447e-1,1.077e-16
431.54,3.812e+2,4.837e-21,5.445e-9,1.439e-27,9.028e-4,1.049e-34,,1.631e-19,5.644e-22,,3.862e-15,1.097e-21,1.737e-28,1.041e-17,1.832e-21,1.496e-21,8.062e-21,1.702e-7,,5.242e+0,2.134e-20,2.838e-21,9.951e-8,2.395e+2,6.790e-9,1.265e-1,1.773e-19,2.318e-7,2.577e-4,6.153e+1,2.006e-20,1.514e-10,7.221e-20,7.850e-23,1.482e-1,5.259e+1,3.252e-1,7.515e+0,,1.185e+1,1.324e+0,,7.968e-1,1.470e-7,,1.957e-5,1.718e-16,,9.580e-20,,9.244e-19,,1.916e-18,,3.712e-7,,2.458e-17,,2.176e-1,1.077e-16
431.57,3.527e+2,4.809e-21,5.636e-9,1.958e-27,1.192e-3,2.500e-34,,1.633e-19,5.646e-22,,3.861e-15,1.087e-21,1.696e-28,1.041e-17,1.832e-21,3.012e-21,8.061e-21,1.393e-7,,5.659e+0,2.136e-20,1.925e-21,5.367e-8,2.280e+2,7.691e-9,1.386e-1,1.773e-19,1.439e-7,2.218e-4,5.126e+1,2.006e-20,1.289e-10,7.223e-20,7.852e-23,1.594e-1,4.376e+1,2.858e-1,9.303e+0,,1.196e+1,1.269e+0,,7.654e-1,8.180e-8,,3.046e-5,1.718e-16,,9.578e-20,,9.220e-19,,1.915e-18,,2.179e-7,,2.458e-17,,1.810e-1,1.077e-16
431.59,3.358e+2,4.791e-21,5.750e-9,2.393e-27,1.427e-3,4.437e-34,,1.635e-19,5.647e-22,,3.861e-15,1.080e-21,1.670e-28,1.041e-17,1.833e-21,4.778e-21,8.060e-21,1.213e-7,,5.943e+0,2.138e-20,1.486e-21,3.538e-8,2.197e+2,8.314e-9,1.471e-1,1.774e-19,1.042e-7,1.997e-4,4.595e+1,2.007e-20,1.153e-10,7.225e-20,7.853e-23,1.664e-1,3.851e+1,2.611e-1,1.067e+1,,1.218e+1,1.279e+0,,7.763e-1,5.506e-8,,4.070e-5,1.717e-16,,9.577e-20,,9.203e-19,,1.914e-18,,1.520e-7,,2.458e-17,,1.593e-1,1.077e-16
431.62,3.133e+2,4.763e-21,5.900e-9,3.207e-27,1.855e-3,1.041e-33,,1.637e-19,5.649e-22,,3.861e-15,1.070e-21,1.630e-28,1.041e-17,1.833e-21,9.473e-21,8.059e-21,9.776e-8,,6.372e+0,2.140e-20,1.014e-21,1.879e-8,2.066e+2,9.274e-9,1.605e-1,1.774e-19,6.374e-8,1.693e-4,4.017e+1,2.008e-20,9.669e-11,7.227e-20,7.854e-23,1.761e-1,3.156e+1,2.265e-1,1.301e+1,,1.271e+1,1.362e+0,,8.426e-1,3.017e-8,,6.238e-5,1.716e-16,,9.575e-20,,9.179e-19,,1.913e-18,,8.784e-8,,2.457e-17,,1.305e-1,1.078e-16
431.64,3.003e+2,4.745e-21,5.983e-9,3.879e-27,2.198e-3,1.829e-33,,1.639e-19,5.651e-22,,3.860e-15,1.063e-21,1.603e-28,1.041e-17,1.833e-21,1.488e-20,8.058e-21,8.425e-8,,6.653e+0,2.142e-20,7.956e-22,1.226e-8,1.974e+2,9.923e-9,1.698e-1,1.774e-19,4.568e-8,1.509e-4,3.770e+1,2.008e-20,8.558e-11,7.228e-20,7.855e-23,1.820e-1,2.749e+1,2.051e-1,1.477e+1,,1.319e+1,1.460e+0,,9.222e-1,2.010e-8,,8.249e-5,1.716e-16,,9.573e-20,,9.162e-19,,1.912e-18,,6.064e-8,,2.457e-17,,1.137e-1,1.078e-16
431.67,2.838e+2,4.718e-21,6.081e-9,5.120e-27,2.814e-3,4.228e-33,,1.641e-19,5.653e-22,,3.860e-15,1.053e-21,1.563e-28,1.041e-17,1.833e-21,2.905e-20,8.057e-21,6.688e-8,,7.060e+0,2.144e-20,5.759e-22,6.410e-9,1.833e+2,1.090e-8,1.841e-1,1.774e-19,2.750e-8,1.259e-4,3.604e+1,2.009e-20,7.071e-11,7.230e-20,7.856e-23,1.897e-1,2.217e+1,1.755e-1,1.773e+1,,1.407e+1,1.669e+0,,1.100e+0,1.085e-8,,1.245e-4,1.715e-16,,9.571e-20,,9.138e-19,,1.911e-18,,3.451e-8,,2.456e-17,,9.174e-2,1.078e-16
431.69,2.748e+2,4.699e-21,6.129e-9,6.129e-27,3.301e-3,7.354e-33,,1.642e-19,5.654e-22,,3.860e-15,1.047e-21,1.536e-28,1.041e-17,1.833e-21,4.515e-20,8.056e-21,5.705e-8,,7.315e+0,2.146e-20,4.860e-22,4.138e-9,1.737e+2,1.154e-8,1.938e-1,1.775e-19,1.951e-8,1.111e-4,3.626e+1,2.009e-20,6.195e-11,7.232e-20,7.857e-23,1.941e-1,1.912e+1,1.575e-1,1.993e+1,,1.475e+1,1.849e+0,,1.262e+0,7.151e-9,,1.630e-4,1.715e-16,,9.570e-20,,9.121e-19,,1.910e-18,,2.357e-8,,2.456e-17,,7.909e-2,1.079e-16
431.72,2.645e+2,4.672e-21,6.171e-9,7.967e-27,4.162e-3,1.674e-32,,1.645e-19,5.656e-22,,3.859e-15,1.036e-21,1.496e-28,1.041e-17,1.833e-21,8.684e-20,8.055e-21,4.460e-8,,7.666e+0,2.148e-20,4.183e-22,2.130e-9,1.592e+2,1.248e-8,2.083e-1,1.775e-19,1.156e-8,9.128e-5,3.861e+1,2.010e-20,5.042e-11,7.234e-20,7.859e-23,1.992e-1,1.519e+1,1.329e-1,2.356e+1,,1.588e+1,2.182e+0,,1.577e+0,3.799e-9,,2.423e-4,1.714e-16,,9.568e-20,,9.097e-19,,1.909e-18,,1.321e-8,,2.455e-17,,6.283e-2,1.079e-16
431.74,2.598e+2,4.653e-21,6.180e-9,9.441e-27,4.832e-3,2.882e-32,,1.646e-19,5.658e-22,,3.859e-15,1.030e-21,1.469e-28,1.041e-17,1.833e-21,1.336e-19,8.055e-21,3.766e-8,,7.874e+0,2.150e-20,4.116e-22,1.361e-9,1.496e+2,1.309e-8,2.179e-1,1.775e-19,8.117e-9,7.969e-5,4.156e+1,2.011e-20,4.373e-11,7.235e-20,7.859e-23,2.017e-1,1.296e+1,1.182e-1,2.621e+1,,1.671e+1,2.445e+0,,1.842e+0,2.479e-9,,3.140e-4,1.714e-16,,9.567e-20,,9.080e-19,,1.908e-18,,8.932e-9,,2.455e-17,,5.361e-2,1.079e-16
431.77,2.561e+2,4.626e-21,6.164e-9,1.208e-26,5.999e-3,6.463e-32,,1.648e-19,5.660e-22,,3.859e-15,2.511e-21,1.429e-28,1.041e-17,1.833e-21,2.531e-19,8.054e-21,2.899e-8,,8.139e+0,2.152e-20,4.537e-22,6.900e-10,1.353e+2,1.394e-8,2.322e-1,1.775e-19,4.738e-9,6.449e-5,4.814e+1,2.011e-20,3.505e-11,7.237e-20,7.861e-23,2.039e-1,1.014e+1,9.832e-2,3.051e+1,,1.800e+1,2.902e+0,,2.334e+0,1.296e-9,,4.596e-4,1.713e-16,,9.565e-20,,9.056e-19,,1.907e-18,,4.930e-9,,2.454e-17,,4.193e-2,1.079e-16
431.79,2.559e+2,4.608e-21,6.135e-9,1.417e-26,6.894e-3,1.101e-31,,1.650e-19,5.661e-22,,3.858e-15,6.366e-21,1.402e-28,1.041e-17,1.834e-21,3.855e-19,8.053e-21,2.423e-8,,8.282e+0,2.153e-20,5.162e-22,4.364e-10,1.260e+2,1.446e-8,2.415e-1,1.776e-19,3.292e-9,5.572e-5,5.405e+1,2.012e-20,3.008e-11,7.239e-20,7.862e-23,2.043e-1,8.561e+0,8.655e-2,3.359e+1,,1.889e+1,3.249e+0,,2.733e+0,8.372e-10,,5.896e-4,1.713e-16,,9.563e-20,,9.039e-19,,1.906e-18,,3.302e-9,,2.454e-17,,3.542e-2,1.080e-16
431.81,2.577e+2,4.589e-21,6.092e-9,1.656e-26,7.891e-3,1.870e-31,,1.651e-19,5.663e-22,,3.858e-15,1.146e-20,1.376e-28,1.041e-17,1.834e-21,5.847e-19,8.052e-21,2.016e-8,,8.394e+0,2.155e-20,6.077e-22,2.748e-10,1.169e+2,1.495e-8,2.506e-1,1.776e-19,2.278e-9,4.794e-5,6.124e+1,2.012e-20,2.572e-11,7.240e-20,7.863e-23,2.039e-1,7.201e+0,7.590e-2,3.683e+1,,1.979e+1,3.630e+0,,3.195e+0,5.384e-10,,7.532e-4,1.712e-16,,9.562e-20,,9.023e-19,,1.905e-18,,2.205e-9,,2.453e-17,,2.979e-2,1.080e-16
431.84,2.643e+2,4.562e-21,6.002e-9,2.074e-26,9.588e-3,4.104e-31,,1.654e-19,5.665e-22,,3.858e-15,2.987e-20,1.335e-28,1.041e-17,1.834e-21,1.084e-18,8.051e-21,1.519e-8,,8.503e+0,2.157e-20,8.056e-22,1.363e-10,1.037e+2,1.558e-8,2.637e-1,1.776e-19,1.301e-9,3.797e-5,7.461e+1,2.013e-20,2.018e-11,7.242e-20,7.864e-23,2.017e-1,5.512e+0,6.187e-2,4.197e+1,,2.113e+1,4.265e+0,,4.020e+0,2.756e-10,,1.079e-3,1.712e-16,,9.560e-20,,8.998e-19,,1.904e-18,,1.202e-9,,2.453e-17,,2.280e-2,1.080e-16
431.86,2.713e+2,4.544e-21,5.927e-9,2.399e-26,1.086e-2,6.896e-31,,1.655e-19,5.666e-22,,3.857e-15,5.327e-20,1.309e-28,1.041e-17,1.834e-21,1.628e-18,8.050e-21,1.251e-8,,8.533e+0,2.159e-20,9.841e-22,8.496e-11,9.536e+1,1.593e-8,2.721e-1,1.776e-19,8.908e-10,3.234e-5,8.536e+1,2.014e-20,1.707e-11,7.243e-20,7.865e-23,1.992e-1,4.589e+0,5.372e-2,4.556e+1,,2.200e+1,4.730e+0,,4.669e+0,1.754e-10,,1.365e-3,1.711e-16,,9.559e-20,,8.982e-19,,1.903e-18,,8.075e-10,,2.453e-17,,1.898e-2,1.080e-16
431.89,2.861e+2,4.516e-21,5.794e-9,2.959e-26,1.300e-2,1.491e-30,,1.657e-19,5.668e-22,,3.857e-15,1.259e-19,1.269e-28,1.041e-17,1.834e-21,2.973e-18,8.049e-21,9.285e-9,,8.515e+0,2.161e-20,1.336e-21,4.149e-11,8.348e+1,1.636e-8,2.840e-1,1.777e-19,5.009e-10,2.522e-5,1.045e+2,2.015e-20,1.319e-11,7.246e-20,7.866e-23,1.941e-1,3.459e+0,4.314e-2,5.112e+1,,2.323e+1,5.490e+0,,5.807e+0,8.838e-11,,1.926e-3,1.711e-16,,9.557e-20,,8.957e-19,,1.902e-18,,4.637e-10,,2.452e-17,,1.431e-2,1.081e-16
431.91,2.989e+2,4.498e-21,5.695e-9,3.387e-26,1.458e-2,2.480e-30,,1.659e-19,5.670e-22,,3.857e-15,2.224e-19,1.242e-28,1.041e-17,1.834e-21,4.419e-18,8.049e-21,7.571e-9,,8.461e+0,2.163e-20,1.638e-21,2.559e-11,7.604e+1,1.656e-8,2.916e-1,1.777e-19,3.395e-10,2.126e-5,1.193e+2,2.015e-20,1.105e-11,7.247e-20,7.867e-23,1.897e-1,2.850e+0,3.709e-2,5.492e+1,,2.399e+1,6.035e+0,,6.687e+0,5.567e-11,,2.410e-3,1.710e-16,,9.555e-20,,8.941e-19,,1.901e-18,,3.444e-10,,2.452e-17,,1.179e-2,1.081e-16
431.94,3.225e+2,4.470e-21,5.535e-9,4.115e-26,1.718e-2,5.279e-30,,1.661e-19,5.672e-22,,3.856e-15,5.180e-19,1.202e-28,1.041e-17,1.834e-21,7.947e-18,8.048e-21,5.531e-9,,8.316e+0,2.165e-20,2.215e-21,1.230e-11,6.565e+1,1.674e-8,3.023e-1,1.777e-19,1.879e-10,1.633e-5,1.451e+2,2.016e-20,8.403e-12,7.249e-20,7.869e-23,1.820e-1,2.115e+0,2.934e-2,6.069e+1,,2.500e+1,6.909e+0,,8.204e+0,2.762e-11,,3.349e-3,1.709e-16,,9.553e-20,,8.916e-19,,1.900e-18,,2.781e-10,,2.451e-17,,8.749e-3,1.081e-16
431.96,3.413e+2,4.452e-21,5.423e-9,4.662e-26,1.907e-2,8.693e-30,,1.663e-19,5.673e-22,,3.856e-15,9.055e-19,1.175e-28,1.041e-17,1.834e-21,1.169e-17,8.047e-21,4.464e-9,,8.179e+0,2.167e-20,2.698e-21,7.512e-12,5.925e+1,1.677e-8,3.091e-1,1.777e-19,1.261e-10,1.362e-5,1.646e+2,2.016e-20,6.967e-12,7.250e-20,7.869e-23,1.761e-1,1.725e+0,2.497e-2,6.454e+1,,2.559e+1,7.524e+0,,9.358e+0,1.722e-11,,4.150e-3,1.709e-16,,9.552e-20,,8.900e-19,,1.899e-18,,2.967e-10,,2.451e-17,,7.135e-3,1.082e-16
431.99,3.742e+2,4.424e-21,5.252e-9,5.578e-26,2.213e-2,1.823e-29,,1.665e-19,5.675e-22,,3.855e-15,2.077e-18,1.135e-28,1.041e-17,1.835e-21,2.071e-17,8.046e-21,3.211e-9,,7.918e+0,2.169e-20,3.604e-21,3.556e-12,5.044e+1,1.670e-8,3.186e-1,1.778e-19,6.873e-11,1.030e-5,1.977e+2,2.017e-20,5.218e-12,7.252e-20,7.871e-23,1.664e-1,1.260e+0,1.946e-2,7.024e+1,,2.632e+1,8.492e+0,,1.132e+1,8.411e-12,,5.679e-3,1.708e-16,,9.550e-20,,8.875e-19,,1.898e-18,,4.231e-10,,2.450e-17,,5.214e-3,1.082e-16
432.01,3.993e+2,4.406e-21,5.139e-9,6.255e-26,2.431e-2,2.971e-29,,1.666e-19,5.677e-22,,3.855e-15,3.595e-18,1.108e-28,1.041e-17,1.835e-21,3.017e-17,8.045e-21,2.565e-9,,7.709e+0,2.171e-20,4.350e-21,2.148e-12,4.509e+1,1.656e-8,3.246e-1,1.778e-19,4.562e-11,8.504e-6,2.224e+2,2.018e-20,4.282e-12,7.254e-20,7.872e-23,1.594e-1,1.017e+0,1.640e-2,7.394e+1,,2.668e+1,9.162e+0,,1.279e+1,5.190e-12,,6.965e-3,1.708e-16,,9.549e-20,,8.859e-19,,1.897e-18,,5.904e-10,,2.450e-17,,4.209e-3,1.082e-16
432.04,4.416e+2,4.379e-21,4.977e-9,7.371e-26,2.778e-2,6.137e-29,,1.669e-19,5.679e-22,,3.855e-15,8.124e-18,1.068e-28,1.041e-17,1.835e-21,5.262e-17,8.044e-21,1.817e-9,,7.349e+0,2.173e-20,5.726e-21,1.001e-12,3.785e+1,1.623e-8,3.331e-1,1.778e-19,2.449e-11,6.332e-6,2.634e+2,2.018e-20,3.158e-12,7.256e-20,7.873e-23,1.482e-1,7.321e-1,1.258e-2,7.926e+1,,2.705e+1,1.020e+1,,1.524e+1,2.496e-12,,9.387e-3,1.707e-16,,9.547e-20,,8.834e-19,,1.896e-18,,1.027e-9,,2.449e-17,,3.028e-3,1.082e-16
432.06,4.729e+2,4.360e-21,4.877e-9,8.181e-26,3.021e-2,9.903e-29,,1.670e-19,5.680e-22,,3.854e-15,1.392e-17,1.041e-28,1.041e-17,1.835e-21,7.587e-17,8.043e-21,1.437e-9,,7.082e+0,2.175e-20,6.844e-21,5.987e-13,3.352e+1,1.593e-8,3.385e-1,1.778e-19,1.609e-11,5.175e-6,2.934e+2,2.019e-20,2.565e-12,7.257e-20,7.874e-23,1.405e-1,5.849e-1,1.049e-2,8.259e+1,,2.716e+1,1.090e+1,,1.705e+1,1.524e-12,,1.139e-2,1.707e-16,,9.545e-20,,8.818e-19,,1.895e-18,,1.503e-9,,2.449e-17,,2.419e-3,1.083e-16
432.09,5.241e+2,4.333e-21,4.744e-9,9.493e-26,3.400e-2,2.014e-28,,1.672e-19,5.683e-22,,3.854e-15,3.099e-17,1.001e-28,1.041e-17,1.835e-21,1.303e-16,8.042e-21,1.002e-9,,6.649e+0,2.177e-20,8.877e-21,2.747e-13,2.774e+1,1.538e-8,3.462e-1,1.779e-19,8.503e-12,3.794e-6,3.425e+2,2.020e-20,1.863e-12,7.259e-20,7.875e-23,1.287e-1,4.144e-1,7.933e-3,8.720e+1,,2.714e+1,1.196e+1,,2.002e+1,7.217e-13,,1.512e-2,1.706e-16,,9.543e-20,,8.793e-19,,1.894e-18,,2.661e-9,,2.448e-17,,1.714e-3,1.083e-16
432.11,5.611e+2,4.315e-21,4.670e-9,1.043e-25,3.660e-2,3.218e-28,,1.674e-19,5.684e-22,,3.854e-15,5.256e-17,9.744e-29,1.041e-17,1.835e-21,1.860e-16,8.042e-21,7.842e-10,,6.342e+0,2.179e-20,1.051e-20,1.626e-13,2.433e+1,1.495e-8,3.510e-1,1.779e-19,5.529e-12,3.069e-6,3.777e+2,2.020e-20,1.498e-12,7.261e-20,7.876e-23,1.208e-1,3.277e-1,6.549e-3,8.996e+1,,2.699e+1,1.267e+1,,2.218e+1,4.361e-13,,1.817e-2,1.706e-16,,9.542e-20,,8.777e-19,,1.893e-18,,3.884e-9,,2.448e-17,,1.355e-3,1.083e-16
432.14,6.203e+2,4.287e-21,4.584e-9,1.192e-25,4.056e-2,6.446e-28,,1.676e-19,5.686e-22,,3.853e-15,1.153e-16,9.343e-29,1.041e-17,1.835e-21,3.148e-16,8.040e-21,5.387e-10,,5.863e+0,2.181e-20,1.343e-20,7.345e-14,1.985e+1,1.421e-8,3.581e-1,1.779e-19,2.877e-12,2.216e-6,4.342e+2,2.021e-20,1.071e-12,7.263e-20,7.878e-23,1.090e-1,2.286e-1,4.875e-3,9.357e+1,,2.659e+1,1.372e+1,,2.567e+1,2.033e-13,,2.375e-2,1.705e-16,,9.540e-20,,8.752e-19,,1.892e-18,,6.802e-9,,2.447e-17,,9.457e-4,1.084e-16
432.16,6.620e+2,4.269e-21,4.547e-9,1.296e-25,4.322e-2,1.019e-27,,1.678e-19,5.687e-22,,3.853e-15,1.936e-16,9.076e-29,1.041e-17,1.835e-21,4.447e-16,8.040e-21,4.172e-10,,5.536e+0,2.183e-20,1.573e-20,4.302e-14,1.725e+1,1.366e-8,3.625e-1,1.779e-19,1.852e-12,1.774e-6,4.741e+2,2.021e-20,8.523e-13,7.264e-20,7.879e-23,1.012e-1,1.789e-1,3.984e-3,9.558e+1,,2.620e+1,1.440e+1,,2.815e+1,1.216e-13,,2.825e-2,1.705e-16,,9.539e-20,,1.579e-18,,1.891e-18,,9.837e-9,,2.447e-17,,7.401e-4,1.084e-16
432.18,7.052e+2,4.250e-21,4.528e-9,1.404e-25,4.586e-2,1.605e-27,,1.679e-19,5.689e-22,,3.853e-15,3.237e-16,8.808e-29,1.040e-17,1.836e-21,6.257e-16,8.039e-21,3.218e-10,,5.206e+0,2.184e-20,1.836e-20,2.510e-14,1.493e+1,1.309e-8,3.668e-1,1.780e-19,1.187e-12,1.414e-6,5.156e+2,2.022e-20,6.753e-13,7.266e-20,7.879e-23,9.362e-2,1.394e-1,3.242e-3,9.726e+1,,2.572e+1,1.507e+1,,3.076e+1,7.244e-14,,3.347e-2,1.704e-16,,9.538e-20,,2.838e-18,,1.890e-18,,1.417e-8,,2.447e-17,,5.768e-4,1.084e-16
432.21,7.723e+2,4.223e-21,4.535e-9,1.570e-25,4.974e-2,3.148e-27,,1.681e-19,5.691e-22,,3.852e-15,6.951e-16,8.407e-29,1.040e-17,1.836e-21,1.036e-15,8.038e-21,2.163e-10,,4.710e+0,2.186e-20,2.298e-20,1.109e-14,1.193e+1,1.217e-8,3.729e-1,1.780e-19,6.042e-13,9.993e-7,5.801e+2,2.023e-20,4.727e-13,7.268e-20,7.881e-23,8.264e-2,9.521e-2,2.362e-3,9.912e+1,,2.485e+1,1.604e+1,,3.488e+1,3.305e-14,,4.282e-2,1.704e-16,,9.536e-20,,6.785e-18,,1.889e-18,,2.431e-8,,2.446e-17,,3.938e-4,1.084e-16
432.23,8.182e+2,4.205e-21,4.567e-9,1.683e-25,5.224e-2,4.908e-27,,1.683e-19,5.692e-22,,3.852e-15,1.151e-15,8.140e-29,1.040e-17,1.836e-21,1.443e-15,8.037e-21,1.651e-10,,4.384e+0,2.188e-20,2.656e-20,6.404e-15,1.023e+1,1.154e-8,3.767e-1,1.780e-19,3.833e-13,7.886e-7,6.244e+2,2.023e-20,3.707e-13,7.269e-20,7.882e-23,7.566e-2,7.344e-2,1.903e-3,9.992e+1,,2.418e+1,1.665e+1,,3.774e+1,1.948e-14,,5.021e-2,1.703e-16,,9.534e-20,,1.207e-17,,1.888e-18,,3.467e-8,,2.446e-17,,3.038e-4,1.085e-16
432.26,8.878e+2,4.177e-21,4.655e-9,1.854e-25,5.581e-2,9.480e-27,,1.685e-19,5.695e-22,,3.852e-15,2.434e-15,7.738e-29,1.040e-17,1.836e-21,2.355e-15,8.036e-21,1.093e-10,,3.906e+0,2.190e-20,3.275e-20,2.787e-15,8.059e+0,1.057e-8,3.819e-1,1.780e-19,1.921e-13,5.486e-7,6.920e+2,2.024e-20,2.555e-13,7.271e-20,7.883e-23,6.578e-2,4.938e-2,1.365e-3,1.004e+2,,2.307e+1,1.751e+1,,4.217e+1,8.750e-15,,6.326e-2,1.703e-16,,9.532e-20,,2.842e-17,,1.887e-18,,5.860e-8,,2.445e-17,,2.042e-4,1.085e-16
432.28,9.342e+2,4.159e-21,4.743e-9,1.967e-25,5.802e-2,1.463e-26,,3.039e-19,5.696e-22,,3.851e-15,3.991e-15,7.471e-29,1.040e-17,1.836e-21,3.246e-15,8.036e-21,8.263e-11,,3.598e+0,2.192e-20,3.748e-20,1.592e-15,6.841e+0,9.923e-9,3.849e-1,1.781e-19,1.206e-13,4.285e-7,7.373e+2,2.024e-20,1.983e-13,7.273e-20,7.884e-23,5.961e-2,3.770e-2,1.089e-3,1.004e+2,,2.228e+1,1.805e+1,,4.519e+1,5.105e-15,,7.342e-2,1.702e-16,,9.531e-20,,5.006e-17,,1.886e-18,,8.273e-8,,2.445e-17,,1.559e-4,1.085e-16
432.31,1.003e+3,4.131e-21,4.919e-9,2.133e-25,6.103e-2,2.783e-26,,7.308e-19,5.698e-22,,3.851e-15,8.314e-15,7.070e-29,1.040e-17,1.836e-21,5.216e-15,8.034e-21,5.391e-11,,3.157e+0,2.194e-20,4.556e-20,6.823e-16,5.313e+0,8.951e-9,3.888e-1,1.781e-19,5.954e-14,2.935e-7,8.046e+2,2.025e-20,1.346e-13,7.275e-20,7.885e-23,5.102e-2,2.496e-2,7.691e-4,9.962e+1,,2.103e+1,1.880e+1,,4.977e+1,2.257e-15,,9.111e-2,1.701e-16,,9.529e-20,,1.161e-16,,1.885e-18,,1.377e-7,,2.444e-17,,1.032e-4,1.086e-16
432.33,1.048e+3,4.113e-21,5.067e-9,2.241e-25,6.281e-2,4.252e-26,,1.305e-18,5.699e-22,,3.851e-15,1.349e-14,6.803e-29,1.040e-17,1.836e-21,7.118e-15,8.034e-21,4.037e-11,,2.879e+0,2.196e-20,5.164e-20,3.858e-16,4.467e+0,8.314e-9,3.908e-1,1.781e-19,3.700e-14,2.269e-7,8.485e+2,2.026e-20,1.034e-13,7.276e-20,7.886e-23,4.577e-2,1.886e-2,6.069e-4,9.876e+1,,2.018e+1,1.925e+1,,5.282e+1,1.304e-15,,1.047e-1,1.701e-16,,9.528e-20,,2.024e-16,,1.884e-18,,1.925e-7,,2.444e-17,,7.800e-5,1.086e-16
432.36,1.112e+3,4.086e-21,5.334e-9,2.393e-25,6.506e-2,7.968e-26,,3.090e-18,5.702e-22,,3.850e-15,2.769e-14,6.401e-29,1.040e-17,1.836e-21,1.126e-14,8.033e-21,2.602e-11,,2.487e+0,2.198e-20,6.187e-20,1.628e-16,3.420e+0,7.386e-9,3.929e-1,1.781e-19,1.798e-14,1.531e-7,9.120e+2,2.026e-20,6.909e-14,7.278e-20,7.888e-23,3.858e-2,1.229e-2,4.223e-4,9.702e+1,,1.889e+1,1.988e+1,,5.733e+1,5.675e-16,,1.279e-1,1.700e-16,,9.526e-20,,4.624e-16,,1.883e-18,,3.158e-7,,2.443e-17,,5.084e-5,1.086e-16
432.38,1.152e+3,4.067e-21,5.542e-9,2.488e-25,6.627e-2,1.205e-25,,5.462e-18,5.703e-22,,3.850e-15,4.450e-14,6.134e-29,1.040e-17,1.837e-21,1.522e-14,8.032e-21,1.939e-11,,2.245e+0,2.200e-20,6.946e-20,9.109e-17,2.849e+0,6.790e-9,3.934e-1,1.781e-19,1.106e-14,1.171e-7,9.520e+2,2.027e-20,5.254e-14,7.280e-20,7.888e-23,3.425e-2,9.194e-3,3.298e-4,9.561e+1,,1.805e+1,2.026e+1,,6.027e+1,3.243e-16,,1.455e-1,1.700e-16,,9.524e-20,,7.981e-16,,1.882e-18,,4.370e-7,,2.443e-17,,3.803e-5,1.086e-16
432.41,1.208e+3,4.040e-21,5.897e-9,2.617e-25,6.761e-2,2.224e-25,,1.274e-17,5.705e-22,,3.849e-15,8.995e-14,5.733e-29,1.040e-17,1.837e-21,2.371e-14,8.031e-21,1.252e-11,,1.910e+0,2.202e-20,8.205e-20,3.784e-17,2.153e+0,5.940e-9,3.930e-1,1.782e-19,5.291e-15,7.779e-8,1.008e+3,2.028e-20,3.457e-14,7.282e-20,7.890e-23,2.843e-2,5.901e-3,2.260e-4,9.326e+1,,1.684e+1,2.080e+1,,6.448e+1,1.390e-16,,1.750e-1,1.699e-16,,9.522e-20,,1.796e-15,,1.881e-18,,7.061e-7,,2.443e-17,,2.441e-5,1.087e-16
432.43,1.241e+3,4.021e-21,6.162e-9,2.693e-25,6.816e-2,3.329e-25,,2.230e-17,5.707e-22,,3.849e-15,1.431e-13,5.465e-29,1.040e-17,1.837e-21,3.171e-14,8.030e-21,9.455e-12,,1.706e+0,2.204e-20,9.125e-20,2.095e-17,1.779e+0,5.405e-9,3.918e-1,1.782e-19,3.220e-15,5.891e-8,1.041e+3,2.028e-20,2.602e-14,7.283e-20,7.891e-23,2.498e-2,4.368e-3,1.747e-4,9.162e+1,,1.609e+1,2.113e+1,,6.713e+1,7.864e-17,,1.970e-1,1.699e-16,,9.521e-20,,3.068e-15,,1.880e-18,,9.674e-7,,2.442e-17,,1.807e-5,1.087e-16
432.46,1.285e+3,3.994e-21,6.598e-9,2.790e-25,6.848e-2,6.051e-25,,5.122e-17,5.709e-22,,3.849e-15,2.850e-13,5.064e-29,1.040e-17,1.837e-21,4.867e-14,8.029e-21,6.476e-12,,1.429e+0,2.206e-20,1.063e-19,8.570e-18,1.330e+0,4.656e-9,3.885e-1,1.782e-19,1.517e-15,3.853e-8,1.085e+3,2.029e-20,1.686e-14,7.285e-20,7.892e-23,2.042e-2,2.761e-3,1.179e-4,8.924e+1,,1.505e+1,2.160e+1,,7.081e+1,3.319e-17,,2.335e-1,1.698e-16,,9.519e-20,,6.800e-15,,1.879e-18,,1.540e-6,,2.442e-17,,1.142e-5,1.087e-16
432.48,1.310e+3,3.976e-21,6.914e-9,2.842e-25,6.834e-2,8.966e-25,,8.874e-17,5.710e-22,,3.848e-15,4.488e-13,4.797e-29,1.040e-17,1.837e-21,6.443e-14,8.029e-21,5.314e-12,,1.264e+0,2.208e-20,1.171e-19,8.548e-18,1.095e+0,4.194e-9,3.852e-1,1.782e-19,9.138e-16,2.888e-8,1.110e+3,2.029e-20,1.256e-14,7.287e-20,7.893e-23,1.776e-2,2.023e-3,9.019e-5,8.780e+1,,1.443e+1,2.191e+1,,7.302e+1,1.858e-17,,2.602e-1,1.698e-16,,9.518e-20,,1.150e-14,,1.878e-18,,2.089e-6,,2.441e-17,,8.366e-6,1.087e-16
432.51,1.340e+3,3.948e-21,7.419e-9,2.899e-25,6.761e-2,1.605e-24,,2.008e-16,5.712e-22,,3.848e-15,8.803e-13,4.396e-29,1.040e-17,1.837e-21,9.738e-14,8.027e-21,4.536e-12,,1.043e+0,2.210e-20,1.346e-19,8.514e-18,8.185e-1,3.558e-9,3.785e-1,1.783e-19,4.239e-16,1.860e-8,1.139e+3,2.030e-20,8.012e-15,7.289e-20,7.894e-23,1.430e-2,1.259e-3,5.991e-5,8.607e+1,,1.364e+1,2.239e+1,,7.593e+1,7.720e-18,,3.037e-1,1.697e-16,,9.516e-20,,2.511e-14,,1.876e-18,,3.275e-6,,2.441e-17,,5.206e-6,1.088e-16
432.53,1.354e+3,3.930e-21,7.775e-9,2.923e-25,6.678e-2,2.355e-24,,3.444e-16,5.714e-22,,3.848e-15,1.373e-12,4.128e-29,1.040e-17,1.837e-21,1.276e-13,8.027e-21,4.578e-12,,9.126e-1,2.212e-20,1.470e-19,8.492e-18,6.781e-1,3.172e-9,3.729e-1,1.783e-19,2.527e-16,1.380e-8,1.153e+3,2.031e-20,5.907e-15,7.290e-20,7.895e-23,1.231e-2,9.128e-4,4.537e-5,8.534e+1,,1.321e+1,2.272e+1,,7.756e+1,4.277e-18,,3.350e-1,1.697e-16,,9.514e-20,,4.204e-14,,1.876e-18,,4.398e-6,,2.440e-17,,3.775e-6,1.088e-16
432.55,1.365e+3,3.912e-21,8.144e-9,2.935e-25,6.570e-2,3.440e-24,,5.882e-16,5.715e-22,,3.847e-15,2.132e-12,3.861e-29,1.040e-17,1.837e-21,1.665e-13,8.026e-21,5.051e-12,,7.954e-1,2.213e-20,1.600e-19,8.470e-18,5.673e-1,2.816e-9,3.665e-1,1.783e-19,1.500e-16,1.019e-8,1.163e+3,2.031e-20,4.337e-15,7.291e-20,7.896e-23,1.055e-2,6.592e-4,3.423e-5,8.504e+1,,1.286e+1,2.308e+1,,7.894e+1,2.359e-18,,3.679e-1,1.696e-16,,9.513e-20,,7.010e-14,,1.875e-18,,5.883e-6,,2.440e-17,,2.726e-6,1.088e-16
432.58,1.372e+3,3.884e-21,8.716e-9,2.930e-25,6.361e-2,6.029e-24,,1.303e-15,5.717e-22,,3.847e-15,4.094e-12,3.460e-29,1.040e-17,1.838e-21,2.464e-13,8.025e-21,6.629e-12,,6.423e-1,2.216e-20,1.805e-19,8.436e-18,4.487e-1,2.338e-9,3.551e-1,1.783e-19,6.810e-17,6.424e-9,1.168e+3,2.032e-20,2.708e-15,7.293e-20,7.898e-23,8.312e-3,4.015e-4,2.225e-5,8.561e+1,,1.250e+1,2.369e+1,,8.047e+1,2.277e-18,,4.203e-1,1.696e-16,,9.511e-20,,1.498e-13,,1.874e-18,,9.033e-6,,2.439e-17,,1.660e-6,1.089e-16
432.6,1.372e+3,3.866e-21,9.105e-9,2.913e-25,6.194e-2,8.720e-24,,2.203e-15,5.719e-22,,3.847e-15,6.295e-12,3.192e-29,1.040e-17,1.838e-21,3.184e-13,8.024e-21,8.358e-12,,5.541e-1,2.217e-20,1.947e-19,8.414e-18,3.975e-1,2.055e-9,3.465e-1,1.784e-19,4.002e-17,4.698e-9,1.166e+3,2.032e-20,1.968e-15,7.295e-20,7.898e-23,7.054e-3,2.870e-4,1.661e-5,8.681e+1,,1.238e+1,2.415e+1,,8.112e+1,2.223e-18,,4.570e-1,1.695e-16,,9.510e-20,,2.473e-13,,1.873e-18,,1.196e-5,,2.439e-17,,1.187e-6,1.089e-16
432.63,1.364e+3,3.838e-21,9.695e-9,2.864e-25,5.907e-2,1.505e-23,,4.808e-15,5.721e-22,,3.846e-15,1.191e-11,2.791e-29,1.040e-17,1.838e-21,4.639e-13,8.023e-21,1.225e-11,,4.406e-1,2.219e-20,2.169e-19,8.380e-18,3.575e-1,1.680e-9,3.322e-1,1.784e-19,1.788e-17,2.915e-9,1.153e+3,2.033e-20,1.210e-15,7.297e-20,7.900e-23,5.472e-3,1.721e-4,1.063e-5,9.010e+1,,1.237e+1,2.494e+1,,8.154e+1,2.141e-18,,5.142e-1,1.695e-16,,9.508e-20,,5.206e-13,,1.872e-18,,1.810e-5,,2.439e-17,,7.117e-7,1.089e-16
432.65,1.354e+3,3.820e-21,1.009e-8,2.817e-25,5.693e-2,2.155e-23,,8.047e-15,5.722e-22,,3.846e-15,1.813e-11,2.524e-29,1.040e-17,1.838e-21,5.933e-13,8.023e-21,1.595e-11,,3.762e-1,2.221e-20,2.321e-19,8.358e-18,3.541e-1,1.461e-9,3.218e-1,1.784e-19,1.040e-17,2.110e-9,1.139e+3,2.034e-20,8.702e-16,7.298e-20,7.901e-23,4.596e-3,1.217e-4,7.858e-6,9.341e+1,,1.247e+1,2.556e+1,,8.144e+1,2.086e-18,,5.533e-1,1.694e-16,,9.506e-20,,8.508e-13,,1.871e-18,,2.373e-5,,2.438e-17,,5.035e-7,1.089e-16
432.68,1.332e+3,3.792e-21,1.067e-8,2.728e-25,5.346e-2,3.663e-23,,1.730e-14,5.724e-22,,3.846e-15,3.379e-11,2.123e-29,1.040e-17,1.838e-21,8.515e-13,8.021e-21,2.375e-11,,2.946e-1,2.223e-20,2.554e-19,8.324e-18,3.831e-1,1.176e-9,3.053e-1,1.784e-19,4.577e-18,1.289e-9,1.110e+3,2.034e-20,5.268e-16,7.300e-20,7.902e-23,3.511e-3,7.188e-5,4.953e-6,1.003e+2,,1.280e+1,2.663e+1,,8.073e+1,2.004e-18,,6.131e-1,1.693e-16,,9.504e-20,,1.764e-12,,1.870e-18,,3.537e-5,,2.438e-17,,2.973e-7,1.090e-16
432.7,1.314e+3,3.774e-21,1.104e-8,2.656e-25,5.100e-2,5.192e-23,,2.866e-14,5.726e-22,,3.845e-15,5.093e-11,1.855e-29,1.040e-17,1.838e-21,1.078e-12,8.021e-21,3.092e-11,,2.490e-1,2.225e-20,2.712e-19,8.302e-18,4.261e-1,1.013e-9,2.937e-1,1.785e-19,2.634e-18,9.237e-10,1.085e+3,2.035e-20,3.750e-16,7.302e-20,7.903e-23,2.919e-3,5.033e-5,3.622e-6,1.063e+2,,1.313e+1,2.745e+1,,7.989e+1,1.950e-18,,6.531e-1,1.693e-16,,9.503e-20,,2.854e-12,,1.869e-18,,4.592e-5,,2.437e-17,,2.082e-7,1.090e-16
432.73,1.281e+3,3.747e-21,1.157e-8,2.533e-25,4.716e-2,8.694e-23,,6.067e-14,5.728e-22,,3.845e-15,9.350e-11,1.454e-29,1.040e-17,1.838e-21,1.524e-12,8.020e-21,4.565e-11,,1.920e-1,2.227e-20,2.949e-19,8.269e-18,5.295e-1,8.029e-10,2.760e-1,1.785e-19,1.141e-18,5.557e-10,1.041e+3,2.036e-20,2.235e-16,7.304e-20,7.904e-23,2.196e-3,2.927e-5,2.248e-6,1.176e+2,,1.378e+1,2.887e+1,,7.810e+1,1.868e-18,,7.127e-1,1.692e-16,,9.501e-20,,5.828e-12,,1.867e-18,,6.743e-5,,2.437e-17,,1.210e-7,1.090e-16
432.75,1.257e+3,3.728e-21,1.191e-8,2.442e-25,4.454e-2,1.220e-22,,9.952e-14,5.729e-22,,3.844e-15,1.395e-10,1.187e-29,1.040e-17,1.838e-21,1.909e-12,8.019e-21,5.894e-11,,1.606e-1,2.229e-20,3.108e-19,8.246e-18,6.274e-1,6.842e-10,2.641e-1,1.785e-19,6.501e-19,3.940e-10,1.008e+3,2.036e-20,1.575e-16,7.305e-20,7.905e-23,1.807e-3,2.028e-5,1.628e-6,1.269e+2,,1.431e+1,2.995e+1,,7.658e+1,1.813e-18,,7.515e-1,1.692e-16,,9.500e-20,,9.333e-12,,1.867e-18,,8.669e-5,,2.436e-17,,8.388e-8,1.090e-16
432.78,1.218e+3,3.701e-21,1.237e-8,2.293e-25,4.056e-2,2.011e-22,,2.075e-13,5.731e-22,,3.844e-15,2.523e-10,7.857e-30,1.040e-17,1.839e-21,2.658e-12,8.018e-21,8.584e-11,,1.219e-1,2.231e-20,3.343e-19,8.213e-18,8.252e-1,5.341e-10,2.464e-1,1.785e-19,2.773e-19,2.335e-10,9.520e+2,2.037e-20,9.246e-17,7.307e-20,7.907e-23,1.338e-3,1.161e-5,9.947e-7,1.434e+2,,1.523e+1,3.179e+1,,7.384e+1,1.731e-18,,8.076e-1,1.691e-16,,9.498e-20,,1.877e-11,,1.865e-18,,1.254e-4,,2.436e-17,,4.802e-8,1.091e-16
432.8,1.191e+3,3.683e-21,1.264e-8,2.187e-25,3.791e-2,2.793e-22,,3.370e-13,5.733e-22,,3.844e-15,3.727e-10,5.183e-30,1.040e-17,1.839e-21,3.297e-12,8.017e-21,1.097e-10,,1.010e-1,2.233e-20,3.498e-19,8.191e-18,9.968e-1,4.505e-10,2.350e-1,1.786e-19,1.563e-19,1.638e-10,9.120e+2,2.037e-20,6.448e-17,7.309e-20,7.907e-23,1.090e-3,7.965e-6,7.127e-7,1.562e+2,,1.592e+1,3.316e+1,,7.175e+1,1.676e-18,,8.429e-1,1.691e-16,,9.496e-20,,2.976e-11,,1.865e-18,,1.596e-4,,2.435e-17,,3.294e-8,1.091e-16
432.83,1.150e+3,3.655e-21,1.299e-8,2.023e-25,3.400e-2,4.537e-22,,6.921e-13,5.735e-22,,3.843e-15,6.640e-10,1.262e-29,1.040e-17,1.839e-21,4.520e-12,8.016e-21,1.574e-10,,7.548e-2,2.235e-20,3.724e-19,8.157e-18,1.325e+0,3.464e-10,2.189e-1,1.786e-19,6.567e-20,9.558e-11,8.485e+2,2.038e-20,3.727e-17,7.311e-20,7.909e-23,7.950e-4,4.490e-6,4.289e-7,1.783e+2,,1.706e+1,3.545e+1,,6.826e+1,1.594e-18,,8.920e-1,1.690e-16,,9.494e-20,,5.896e-11,,1.863e-18,,2.276e-4,,2.435e-17,,1.857e-8,1.091e-16
432.85,1.123e+3,3.637e-21,1.318e-8,1.910e-25,3.146e-2,6.238e-22,,1.113e-12,5.736e-22,,3.843e-15,9.711e-10,2.273e-29,1.040e-17,1.839e-21,5.550e-12,8.015e-21,1.993e-10,,6.186e-2,2.237e-20,3.870e-19,8.135e-18,1.601e+0,2.892e-10,2.091e-1,1.786e-19,3.664e-20,6.639e-11,8.046e+2,2.039e-20,2.572e-17,7.312e-20,7.910e-23,6.409e-4,3.048e-6,3.042e-7,1.949e+2,,1.788e+1,3.713e+1,,6.574e+1,1.540e-18,,9.216e-1,1.690e-16,,9.493e-20,,9.254e-11,,1.863e-18,,2.868e-4,,2.435e-17,,1.261e-8,1.092e-16
432.88,1.084e+3,3.609e-21,1.339e-8,1.740e-25,2.778e-2,9.979e-22,,2.251e-12,5.738e-22,,3.843e-15,1.704e-9,5.453e-29,1.040e-17,1.839e-21,7.494e-12,8.014e-21,2.816e-10,,4.555e-2,2.239e-20,4.081e-19,8.101e-18,2.114e+0,2.189e-10,1.963e-1,1.786e-19,1.515e-20,3.813e-11,7.373e+2,2.039e-20,1.464e-17,7.314e-20,7.911e-23,4.604e-4,1.692e-6,1.803e-7,2.228e+2,,1.917e+1,3.989e+1,,6.173e+1,1.458e-18,,9.605e-1,1.689e-16,,9.491e-20,,1.806e-10,,1.861e-18,,4.029e-4,,2.434e-17,,6.997e-9,1.092e-16
432.9,1.060e+3,3.591e-21,1.348e-8,1.626e-25,2.544e-2,1.358e-21,,3.582e-12,5.740e-22,,3.842e-15,2.468e-9,9.723e-29,1.040e-17,1.839e-21,9.109e-12,8.014e-21,3.528e-10,,3.695e-2,2.241e-20,4.215e-19,8.079e-18,2.535e+0,1.809e-10,1.892e-1,1.787e-19,8.368e-21,2.622e-11,6.920e+2,2.040e-20,1.000e-17,7.316e-20,7.912e-23,3.673e-4,1.137e-6,1.265e-7,2.432e+2,,2.007e+1,4.188e+1,,5.894e+1,1.403e-18,,9.823e-1,1.689e-16,,9.490e-20,,2.806e-10,,1.861e-18,,5.028e-4,,2.434e-17,,4.702e-9,1.092e-16
432.92,1.037e+3,3.573e-21,1.353e-8,1.514e-25,2.320e-2,1.841e-21,,5.677e-12,5.741e-22,,3.842e-15,3.558e-9,1.727e-28,1.040e-17,1.839e-21,1.103e-11,8.013e-21,4.403e-10,,2.985e-2,2.242e-20,4.343e-19,8.057e-18,3.029e+0,1.489e-10,1.836e-1,1.787e-19,8.361e-21,1.795e-11,6.468e+2,2.040e-20,6.805e-18,7.317e-20,7.913e-23,2.919e-4,7.608e-7,8.844e-8,2.651e+2,,2.098e+1,4.399e+1,,5.609e+1,1.348e-18,,1.001e+0,1.688e-16,,9.488e-20,,4.341e-10,,1.860e-18,,6.250e-4,,2.433e-17,,3.146e-9,1.092e-16
432.95,1.007e+3,3.545e-21,1.352e-8,1.349e-25,2.006e-2,2.883e-21,,1.124e-11,5.743e-22,,3.842e-15,6.115e-9,4.055e-28,1.040e-17,1.839e-21,1.457e-11,8.012e-21,6.090e-10,,2.151e-2,2.245e-20,4.522e-19,8.023e-18,3.928e+0,1.103e-10,1.782e-1,1.787e-19,8.349e-21,1.009e-11,5.801e+2,2.041e-20,3.790e-18,7.319e-20,7.914e-23,2.052e-4,4.133e-7,5.129e-8,3.003e+2,,2.238e+1,4.737e+1,,5.175e+1,1.266e-18,,1.021e+0,1.688e-16,,9.486e-20,,8.294e-10,,1.858e-18,,8.600e-4,,2.433e-17,,1.709e-9,1.093e-16
432.97,9.899e+2,3.527e-21,1.346e-8,1.243e-25,1.811e-2,3.868e-21,,1.764e-11,5.745e-22,,3.841e-15,8.730e-9,7.129e-28,1.040e-17,1.840e-21,1.746e-11,8.011e-21,7.523e-10,,1.720e-2,2.246e-20,4.633e-19,8.001e-18,4.649e+0,8.986e-11,1.771e-1,1.787e-19,8.341e-21,6.838e-12,5.367e+2,2.042e-20,2.552e-18,7.321e-20,7.915e-23,1.614e-4,2.737e-7,3.548e-8,3.253e+2,,2.331e+1,4.975e+1,,4.887e+1,1.212e-18,,1.029e+0,1.687e-16,,9.485e-20,,1.270e-9,,1.858e-18,,1.059e-3,,2.432e-17,,1.132e-9,1.093e-16
433,9.688e+2,3.499e-21,1.328e-8,1.091e-25,1.541e-2,5.966e-21,,3.441e-11,5.747e-22,,3.841e-15,1.478e-8,1.649e-27,1.040e-17,1.840e-21,2.274e-11,8.010e-21,1.025e-9,,1.220e-2,2.249e-20,4.784e-19,7.967e-18,5.942e+0,6.556e-11,1.795e-1,1.788e-19,8.330e-21,3.785e-12,4.741e+2,2.042e-20,1.400e-18,7.323e-20,7.917e-23,1.117e-4,1.464e-7,2.026e-8,3.648e+2,,2.471e+1,5.349e+1,,4.459e+1,1.130e-18,,1.034e+0,1.686e-16,,9.483e-20,,2.391e-9,,1.856e-18,,1.435e-3,,2.432e-17,,6.054e-10,1.093e-16
433.02,9.580e+2,3.481e-21,1.311e-8,9.955e-26,1.377e-2,7.924e-21,,5.345e-11,5.748e-22,,3.841e-15,2.089e-8,2.870e-27,1.040e-17,1.840e-21,2.697e-11,8.009e-21,1.253e-9,,9.660e-3,2.250e-20,4.875e-19,7.945e-18,6.962e+0,5.286e-11,1.841e-1,1.788e-19,8.322e-21,2.539e-12,4.342e+2,2.043e-20,9.328e-19,7.324e-20,7.917e-23,8.698e-5,9.598e-8,1.388e-8,3.921e+2,,2.563e+1,5.608e+1,,4.182e+1,1.075e-18,,1.032e+0,1.686e-16,,9.482e-20,,3.625e-9,,1.856e-18,,1.750e-3,,2.431e-17,,3.969e-10,1.094e-16
433.05,9.466e+2,3.454e-21,1.277e-8,8.605e-26,1.154e-2,1.204e-20,,1.027e-10,5.750e-22,,3.840e-15,3.484e-8,6.540e-27,1.040e-17,1.840e-21,3.458e-11,8.008e-21,1.682e-9,,6.750e-3,2.252e-20,4.994e-19,7.911e-18,8.764e+0,3.798e-11,1.963e-1,1.788e-19,8.311e-21,1.384e-12,3.776e+2,2.044e-20,5.037e-19,7.326e-20,7.919e-23,5.929e-5,5.055e-8,7.803e-9,4.341e+2,,2.697e+1,6.008e+1,,3.782e+1,9.931e-19,,1.021e+0,1.685e-16,,9.480e-20,,6.719e-9,,1.854e-18,,2.338e-3,,2.431e-17,,2.090e-10,1.094e-16
433.07,9.421e+2,3.435e-21,1.249e-8,7.769e-26,1.021e-2,1.583e-20,,1.579e-10,5.752e-22,,3.840e-15,4.875e-8,1.127e-26,1.040e-17,1.840e-21,4.060e-11,8.008e-21,2.035e-9,,5.288e-3,2.254e-20,5.063e-19,7.889e-18,1.017e+1,3.031e-11,2.082e-1,1.788e-19,8.303e-21,9.185e-13,3.423e+2,2.044e-20,3.323e-19,7.327e-20,7.920e-23,4.569e-5,3.280e-8,5.289e-9,4.625e+2,,2.785e+1,6.279e+1,,3.529e+1,9.385e-19,,1.008e+0,1.685e-16,,9.479e-20,,1.009e-8,,1.854e-18,,2.822e-3,,2.431e-17,,1.356e-10,1.094e-16
433.1,9.399e+2,3.408e-21,1.200e-8,6.613e-26,8.429e-3,2.368e-20,,2.988e-10,5.754e-22,,3.839e-15,8.010e-8,2.529e-26,1.040e-17,1.840e-21,5.126e-11,8.007e-21,2.690e-9,,3.638e-3,2.256e-20,5.147e-19,7.856e-18,1.260e+1,2.144e-11,2.323e-1,1.789e-19,8.292e-21,4.930e-13,2.932e+2,2.045e-20,1.767e-19,7.330e-20,7.921e-23,3.067e-5,1.701e-8,2.930e-9,5.051e+2,,2.911e+1,6.687e+1,,3.174e+1,8.565e-19,,9.823e-1,1.684e-16,,9.477e-20,,1.841e-8,,1.852e-18,,3.716e-3,,2.430e-17,,7.033e-11,1.094e-16
433.12,9.410e+2,3.389e-21,1.163e-8,5.910e-26,7.380e-3,3.082e-20,,4.549e-10,5.755e-22,,3.839e-15,1.110e-7,4.314e-26,1.040e-17,1.840e-21,5.958e-11,8.006e-21,3.223e-9,,2.821e-3,2.258e-20,5.190e-19,7.833e-18,1.447e+1,1.694e-11,2.528e-1,1.789e-19,8.284e-21,3.239e-13,2.631e+2,2.046e-20,1.154e-19,7.331e-20,7.922e-23,2.339e-5,1.092e-8,1.967e-9,5.332e+2,,2.992e+1,6.959e+1,,2.956e+1,8.018e-19,,9.605e-1,1.684e-16,,9.475e-20,,2.736e-8,,1.852e-18,,4.442e-3,,2.430e-17,,4.517e-11,1.095e-16
433.15,9.460e+2,3.362e-21,1.103e-8,4.954e-26,5.999e-3,4.542e-20,,8.479e-10,5.757e-22,,3.839e-15,1.796e-7,9.536e-26,1.040e-17,1.840e-21,7.410e-11,8.005e-21,4.194e-9,,1.912e-3,2.260e-20,5.236e-19,7.800e-18,1.767e+1,1.180e-11,2.911e-1,1.789e-19,8.272e-21,1.712e-13,2.219e+2,2.046e-20,6.040e-20,7.333e-20,7.923e-23,1.546e-5,5.578e-9,1.077e-9,5.739e+2,,3.109e+1,7.359e+1,,2.659e+1,7.198e-19,,9.216e-1,1.683e-16,,9.473e-20,,4.919e-8,,1.850e-18,,5.764e-3,,2.429e-17,,2.306e-11,1.095e-16
433.17,9.512e+2,3.344e-21,1.059e-8,4.382e-26,5.199e-3,5.852e-20,,1.278e-9,5.759e-22,,3.838e-15,2.463e-7,1.610e-25,1.040e-17,1.841e-21,8.525e-11,8.004e-21,4.975e-9,,1.467e-3,2.262e-20,5.254e-19,7.778e-18,2.009e+1,9.228e-12,3.218e-1,1.789e-19,8.265e-21,1.113e-13,1.971e+2,2.047e-20,3.903e-20,7.334e-20,7.924e-23,1.167e-5,3.545e-9,7.215e-10,5.999e+2,,3.184e+1,7.617e+1,,2.482e+1,6.652e-19,,8.920e-1,1.683e-16,,9.472e-20,,7.237e-8,,1.849e-18,,6.825e-3,,2.429e-17,,1.466e-11,1.095e-16
433.2,9.608e+2,3.316e-21,9.902e-9,3.618e-26,4.162e-3,8.493e-20,,2.346e-9,5.761e-22,,3.838e-15,3.928e-7,3.507e-25,1.040e-17,1.841e-21,1.044e-10,8.003e-21,6.377e-9,,9.789e-4,2.264e-20,5.259e-19,7.744e-18,2.416e+1,6.331e-12,3.763e-1,1.790e-19,8.253e-21,5.793e-14,1.637e+2,2.048e-20,2.012e-20,7.336e-20,7.926e-23,7.597e-6,1.783e-9,4.027e-10,6.363e+2,,3.291e+1,7.988e+1,,2.252e+1,5.832e-19,,8.429e-1,1.682e-16,,9.470e-20,,1.282e-7,,1.848e-18,,8.729e-3,,2.428e-17,,7.371e-12,1.096e-16
433.22,9.679e+2,3.298e-21,9.423e-9,3.168e-26,3.570e-3,1.083e-19,,3.500e-9,5.762e-22,,3.838e-15,5.333e-7,5.862e-25,1.040e-17,1.841e-21,1.189e-10,8.002e-21,7.487e-9,,7.436e-4,2.266e-20,5.248e-19,7.722e-18,2.718e+1,4.899e-12,4.186e-1,1.790e-19,8.246e-21,3.728e-14,1.439e+2,2.048e-20,1.287e-20,7.338e-20,7.926e-23,5.677e-6,1.122e-9,2.840e-10,6.586e+2,,3.360e+1,8.220e+1,,2.123e+1,5.286e-19,,8.076e-1,1.682e-16,,9.469e-20,,1.867e-7,,1.847e-18,,1.024e-2,,2.428e-17,,4.637e-12,1.096e-16
433.25,9.790e+2,3.270e-21,8.684e-9,2.575e-26,2.814e-3,1.549e-19,,6.328e-9,5.764e-22,,3.837e-15,8.377e-7,1.257e-24,1.040e-17,1.841e-21,1.435e-10,8.001e-21,9.452e-9,,4.886e-4,2.268e-20,5.212e-19,7.688e-18,3.220e+1,3.310e-12,4.913e-1,1.790e-19,8.234e-21,1.910e-14,1.177e+2,2.049e-20,6.534e-21,7.340e-20,7.928e-23,3.639e-6,5.553e-10,1.979e-10,6.881e+2,,3.460e+1,8.540e+1,,1.964e+1,4.466e-19,,7.515e-1,1.681e-16,,9.467e-20,,3.256e-7,,1.846e-18,,1.290e-2,,2.427e-17,,2.296e-12,1.096e-16
433.27,9.860e+2,3.252e-21,8.185e-9,2.232e-26,2.389e-3,1.955e-19,,9.346e-9,5.766e-22,,3.837e-15,1.126e-6,2.081e-24,1.040e-17,1.841e-21,1.617e-10,8.001e-21,1.099e-8,,3.674e-4,2.270e-20,5.173e-19,7.666e-18,3.586e+1,2.536e-12,5.462e-1,1.790e-19,8.226e-21,1.217e-14,1.025e+2,2.049e-20,4.136e-21,7.341e-20,7.929e-23,2.691e-6,3.459e-10,1.885e-10,7.051e+2,,3.524e+1,8.732e+1,,1.883e+1,3.919e-19,,7.127e-1,1.681e-16,,9.465e-20,,4.694e-7,,1.845e-18,,1.499e-2,,2.427e-17,,1.429e-12,1.096e-16
433.29,9.924e+2,3.234e-21,7.685e-9,1.926e-26,2.020e-3,2.459e-19,,1.375e-8,5.767e-22,,3.837e-15,1.508e-6,3.429e-24,1.040e-17,1.841e-21,1.816e-10,8.000e-21,1.272e-8,,2.751e-4,2.271e-20,5.123e-19,7.644e-18,3.978e+1,1.934e-12,6.064e-1,1.791e-19,8.219e-21,7.721e-15,8.879e+1,2.050e-20,2.608e-21,7.343e-20,7.930e-23,1.982e-6,2.146e-10,2.152e-10,7.195e+2,,3.587e+1,8.905e+1,,1.821e+1,3.373e-19,,6.731e-1,1.680e-16,,9.464e-20,,6.740e-7,,1.845e-18,,1.734e-2,,2.426e-17,,8.863e-13,1.097e-16
433.32,1.000e+3,3.206e-21,6.942e-9,1.533e-26,1.559e-3,3.440e-19,,2.434e-8,5.769e-22,,3.836e-15,2.319e-6,7.202e-24,1.040e-17,1.841e-21,2.144e-10,7.999e-21,1.571e-8,,1.769e-4,2.274e-20,5.026e-19,7.610e-18,4.612e+1,1.279e-12,7.067e-1,1.791e-19,8.207e-21,3.872e-15,7.109e+1,2.051e-20,1.295e-21,7.345e-20,7.931e-23,1.243e-6,1.044e-10,3.366e-10,7.360e+2,,3.679e+1,9.124e+1,,1.763e+1,2.553e-19,,6.131e-1,1.680e-16,,9.462e-20,,1.151e-6,,1.843e-18,,2.143e-2,,2.426e-17,,4.294e-13,1.097e-16
433.34,1.004e+3,3.188e-21,6.455e-9,1.309e-26,1.305e-3,4.283e-19,,3.544e-8,5.771e-22,,3.836e-15,3.075e-6,1.175e-23,1.040e-17,1.841e-21,2.383e-10,7.998e-21,1.800e-8,,1.311e-4,2.275e-20,4.948e-19,7.588e-18,5.064e+1,9.659e-13,7.804e-1,1.791e-19,8.200e-21,2.431e-15,6.098e+1,2.051e-20,8.084e-22,7.346e-20,7.932e-23,9.065e-7,6.462e-11,4.933e-10,7.435e+2,,3.739e+1,9.241e+1,,1.747e+1,2.006e-19,,5.732e-1,1.679e-16,,9.461e-20,,1.636e-6,,1.843e-18,,2.456e-2,,2.426e-17,,2.635e-13,1.097e-16
433.37,1.006e+3,3.161e-21,5.746e-9,1.026e-26,9.914e-4,5.903e-19,,6.179e-8,5.773e-22,,3.836e-15,4.658e-6,2.431e-23,1.040e-17,1.842e-21,2.772e-10,7.997e-21,2.191e-8,,8.302e-5,2.278e-20,4.811e-19,7.554e-18,5.782e+1,6.292e-13,9.011e-1,1.791e-19,8.188e-21,1.200e-15,4.808e+1,2.052e-20,3.954e-22,7.348e-20,7.933e-23,5.599e-7,3.228e-11,9.127e-10,7.491e+2,,3.829e+1,9.372e+1,,1.757e+1,4.861e-19,,5.142e-1,1.678e-16,,9.459e-20,,2.752e-6,,1.841e-18,,2.992e-2,,2.425e-17,,1.257e-13,1.098e-16
433.39,1.005e+3,3.142e-21,5.291e-9,8.677e-27,8.213e-4,7.273e-19,,8.907e-8,5.774e-22,,3.835e-15,6.114e-6,3.927e-23,1.040e-17,1.842e-21,3.049e-10,7.996e-21,2.486e-8,,6.091e-5,2.279e-20,4.708e-19,7.532e-18,6.285e+1,4.705e-13,9.881e-1,1.792e-19,8.180e-21,7.461e-16,4.083e+1,2.052e-20,2.442e-22,7.350e-20,7.934e-23,4.041e-7,2.156e-11,1.386e-9,7.491e+2,,3.887e+1,9.427e+1,,1.784e+1,8.724e-19,,4.758e-1,1.678e-16,,9.457e-20,,3.872e-6,,1.840e-18,,3.396e-2,,2.425e-17,,7.638e-14,1.098e-16
433.42,1.000e+3,3.115e-21,4.641e-9,6.696e-27,6.146e-4,9.873e-19,,1.530e-7,5.776e-22,,3.835e-15,9.126e-6,8.001e-23,1.040e-17,1.842e-21,3.492e-10,7.995e-21,2.980e-8,,3.798e-5,2.282e-20,4.534e-19,7.499e-18,7.068e+1,3.023e-13,1.128e+0,1.792e-19,8.169e-21,3.628e-16,3.170e+1,2.053e-20,1.176e-22,7.352e-20,7.936e-23,2.458e-7,1.517e-11,2.588e-9,7.434e+2,,3.974e+1,9.462e+1,,1.854e+1,2.082e-18,,4.203e-1,1.677e-16,,9.455e-20,,6.415e-6,,1.839e-18,,4.080e-2,,2.424e-17,,3.588e-14,1.098e-16
433.44,9.942e+2,3.096e-21,4.232e-9,5.605e-27,5.040e-4,1.204e-18,,2.183e-7,5.778e-22,,3.835e-15,1.186e-5,1.279e-22,1.040e-17,1.842e-21,3.804e-10,7.995e-21,3.345e-8,,2.758e-5,2.283e-20,4.408e-19,7.476e-18,7.605e+1,2.243e-13,1.228e+0,1.792e-19,8.161e-21,2.231e-16,2.664e+1,2.054e-20,7.191e-23,7.353e-20,7.936e-23,1.755e-7,1.582e-11,3.911e-9,7.358e+2,,4.031e+1,9.452e+1,,1.918e+1,3.699e-18,,3.850e-1,1.677e-16,,9.454e-20,,8.937e-6,,1.838e-18,,4.589e-2,,2.424e-17,,2.157e-14,1.098e-16
433.47,9.809e+2,3.069e-21,3.657e-9,4.259e-27,3.714e-4,1.610e-18,,3.693e-7,5.780e-22,,3.834e-15,1.744e-5,2.568e-22,1.040e-17,1.842e-21,4.291e-10,7.994e-21,3.950e-8,,1.694e-5,2.285e-20,4.204e-19,7.443e-18,8.423e+1,1.432e-13,1.385e+0,1.792e-19,8.150e-21,1.068e-16,2.037e+1,2.054e-20,3.411e-23,7.355e-20,7.938e-23,1.051e-7,2.441e-11,7.216e-9,7.191e+2,,4.114e+1,9.391e+1,,2.038e+1,8.696e-18,,3.350e-1,1.676e-16,,9.452e-20,,1.458e-5,,1.837e-18,,5.436e-2,,2.423e-17,,9.978e-15,1.099e-16
433.49,9.693e+2,3.051e-21,3.302e-9,3.529e-27,3.014e-4,1.944e-18,,5.217e-7,5.781e-22,,3.834e-15,2.243e-5,4.065e-22,1.040e-17,1.842e-21,4.626e-10,7.993e-21,4.390e-8,,1.217e-5,2.287e-20,4.060e-19,7.420e-18,8.971e+1,1.066e-13,1.495e+0,1.793e-19,8.142e-21,6.504e-17,1.695e+1,2.055e-20,2.064e-23,7.357e-20,7.939e-23,7.433e-8,3.703e-11,1.080e-8,7.046e+2,,4.167e+1,9.319e+1,,2.132e+1,1.530e-17,,3.037e-1,1.676e-16,,9.451e-20,,2.011e-5,,1.836e-18,,6.059e-2,,2.423e-17,,5.937e-15,1.099e-16
433.52,9.478e+2,3.023e-21,2.812e-9,2.641e-27,2.187e-4,2.560e-18,,8.692e-7,5.783e-22,,3.833e-15,3.249e-5,8.037e-22,1.040e-17,1.842e-21,5.139e-10,7.992e-21,5.104e-8,,7.364e-6,2.289e-20,3.834e-19,7.387e-18,9.786e+1,6.997e-14,1.666e+0,1.793e-19,8.131e-21,3.066e-17,1.276e+1,2.056e-20,9.637e-24,7.359e-20,7.940e-23,4.384e-8,7.338e-11,1.964e-8,6.782e+2,,4.242e+1,9.167e+1,,2.290e+1,3.542e-17,,2.602e-1,1.675e-16,,9.449e-20,,3.232e-5,,1.835e-18,,7.080e-2,,2.422e-17,,2.704e-15,1.099e-16
433.54,9.309e+2,3.005e-21,2.513e-9,2.166e-27,1.757e-4,3.060e-18,,1.216e-6,5.785e-22,,3.833e-15,4.139e-5,1.260e-21,1.040e-17,1.842e-21,5.484e-10,7.991e-21,5.616e-8,,5.242e-6,2.291e-20,3.679e-19,7.365e-18,1.032e+2,5.475e-14,1.784e+0,1.793e-19,8.123e-21,1.848e-17,1.051e+1,2.056e-20,5.771e-24,7.360e-20,7.941e-23,3.068e-8,1.169e-10,2.910e-8,6.578e+2,,4.288e+1,9.039e+1,,2.404e+1,6.169e-17,,2.335e-1,1.675e-16,,9.447e-20,,4.412e-5,,1.834e-18,,7.819e-2,,2.422e-17,,1.593e-15,1.099e-16
433.57,9.018e+2,2.977e-21,2.108e-9,1.596e-27,1.256e-4,3.969e-18,,1.995e-6,5.787e-22,,3.833e-15,5.905e-5,2.453e-21,1.040e-17,1.843e-21,6.000e-10,7.990e-21,6.431e-8,,3.129e-6,2.293e-20,3.440e-19,7.331e-18,1.108e+2,4.224e-14,1.964e+0,1.793e-19,8.111e-21,8.577e-18,7.793e+0,2.057e-20,2.654e-24,7.362e-20,7.942e-23,1.782e-8,2.346e-10,5.211e-8,6.235e+2,,4.350e+1,8.808e+1,,2.586e+1,1.407e-16,,1.970e-1,1.674e-16,,9.445e-20,,6.984e-5,,1.833e-18,,9.015e-2,,2.421e-17,,7.143e-16,1.100e-16
433.59,8.803e+2,2.959e-21,1.866e-9,1.296e-27,9.987e-5,4.696e-18,,2.762e-6,5.788e-22,,3.832e-15,7.447e-5,3.805e-21,1.040e-17,1.843e-21,6.339e-10,7.989e-21,7.004e-8,,2.212e-6,2.295e-20,3.279e-19,7.309e-18,1.157e+2,3.967e-14,2.086e+0,1.793e-19,8.104e-21,5.115e-18,6.352e+0,2.057e-20,1.573e-24,7.364e-20,7.943e-23,1.234e-8,3.719e-10,7.645e-8,5.986e+2,,4.385e+1,8.632e+1,,2.710e+1,2.426e-16,,1.750e-1,1.674e-16,,9.444e-20,,9.439e-5,,1.832e-18,,9.869e-2,,2.421e-17,,4.164e-16,1.100e-16
433.62,8.450e+2,2.932e-21,1.542e-9,9.403e-28,7.028e-5,5.999e-18,,4.464e-6,5.791e-22,,3.832e-15,1.047e-4,7.299e-21,1.040e-17,1.843e-21,6.830e-10,7.988e-21,7.899e-8,,1.317e-6,2.297e-20,3.037e-19,7.275e-18,1.224e+2,4.383e-14,2.270e+0,1.794e-19,8.092e-21,2.338e-18,4.638e+0,2.058e-20,7.122e-25,7.366e-20,7.945e-23,7.059e-9,7.370e-10,1.348e-7,5.588e+2,,4.426e+1,8.338e+1,,2.899e+1,5.450e-16,,1.455e-1,1.673e-16,,9.442e-20,,1.472e-4,,1.831e-18,,1.123e-1,,2.420e-17,,1.839e-16,1.100e-16
433.64,8.199e+2,2.913e-21,1.351e-9,7.556e-28,5.532e-5,7.027e-18,,6.118e-6,5.792e-22,,3.832e-15,1.307e-4,1.121e-20,1.040e-17,1.843e-21,7.143e-10,7.988e-21,8.516e-8,,9.415e-7,2.299e-20,2.877e-19,7.253e-18,1.264e+2,5.229e-14,2.393e+0,1.794e-19,8.085e-21,1.380e-18,3.742e+0,2.059e-20,4.178e-25,7.367e-20,7.945e-23,4.839e-9,1.157e-9,1.958e-7,5.311e+2,,4.445e+1,8.125e+1,,3.024e+1,9.303e-16,,1.279e-1,1.673e-16,,9.441e-20,,1.969e-4,,1.830e-18,,1.219e-1,,2.420e-17,,1.061e-16,1.101e-16
433.67,7.800e+2,2.886e-21,1.100e-9,5.400e-28,3.834e-5,8.840e-18,,9.742e-6,5.794e-22,,3.831e-15,1.810e-4,2.118e-20,1.040e-17,1.843e-21,7.580e-10,7.987e-21,9.460e-8,,5.960e-7,2.301e-20,2.642e-19,7.219e-18,1.317e+2,7.538e-14,2.574e+0,1.794e-19,8.073e-21,6.212e-19,2.691e+0,2.059e-20,1.863e-25,7.369e-20,7.947e-23,2.725e-9,2.259e-9,3.402e-7,4.883e+2,,4.459e+1,7.785e+1,,3.204e+1,2.059e-15,,1.047e-1,1.672e-16,,9.439e-20,,3.024e-4,,1.829e-18,,1.370e-1,,2.420e-17,,4.613e-17,1.101e-16
433.69,7.524e+2,2.867e-21,9.537e-10,4.295e-28,2.987e-5,1.025e-17,,1.322e-5,5.795e-22,,3.831e-15,2.237e-4,3.221e-20,1.040e-17,1.843e-21,7.847e-10,7.986e-21,1.010e-7,,4.702e-7,2.303e-20,2.490e-19,7.197e-18,1.347e+2,9.965e-14,2.694e+0,1.794e-19,8.065e-21,3.630e-19,2.149e+0,2.060e-20,1.082e-25,7.371e-20,7.948e-23,1.849e-9,3.512e-9,4.891e-7,4.593e+2,,4.456e+1,7.547e+1,,3.318e+1,3.479e-15,,9.111e-2,1.672e-16,,9.437e-20,,4.004e-4,,1.828e-18,,1.475e-1,,2.419e-17,,2.634e-17,1.101e-16
433.71,7.240e+2,2.849e-21,8.239e-10,3.402e-28,2.318e-5,1.184e-17,,1.786e-5,5.797e-22,,3.831e-15,2.754e-4,4.878e-20,1.040e-17,1.843e-21,8.090e-10,7.985e-21,1.073e-7,,4.081e-7,2.304e-20,2.342e-19,7.175e-18,1.372e+2,1.333e-13,2.810e+0,1.795e-19,8.058e-21,2.112e-19,1.709e+0,2.060e-20,6.255e-26,7.372e-20,7.949e-23,1.250e-9,5.436e-9,7.005e-7,4.304e+2,,4.444e+1,7.303e+1,,3.424e+1,5.855e-15,,7.898e-2,1.671e-16,,9.436e-20,,5.282e-4,,1.827e-18,,1.582e-1,,2.419e-17,,1.498e-17,1.101e-16
433.74,6.807e+2,2.822e-21,6.566e-10,2.380e-28,1.572e-5,1.458e-17,,2.784e-5,5.799e-22,,3.830e-15,3.735e-4,9.023e-20,1.039e-17,1.843e-21,8.404e-10,7.984e-21,1.167e-7,,4.179e-7,2.307e-20,2.130e-19,7.141e-18,1.400e+2,2.078e-13,2.980e+0,1.795e-19,8.046e-21,9.302e-20,1.203e+0,2.061e-20,2.729e-26,7.374e-20,7.950e-23,6.888e-10,1.039e-8,1.191e-6,3.873e+2,,4.407e+1,6.927e+1,,3.567e+1,1.269e-14,,6.326e-2,1.670e-16,,9.434e-20,,7.941e-4,,1.826e-18,,1.749e-1,,2.418e-17,,6.375e-18,1.102e-16
433.76,6.515e+2,2.803e-21,5.615e-10,1.866e-28,1.207e-5,1.667e-17,,3.724e-5,5.800e-22,,3.830e-15,4.552e-4,1.353e-19,1.039e-17,1.844e-21,8.577e-10,7.983e-21,1.228e-7,,4.925e-7,2.308e-20,1.996e-19,7.119e-18,1.411e+2,2.792e-13,3.088e+0,1.795e-19,8.038e-21,5.357e-20,9.471e-1,2.062e-20,1.562e-26,7.375e-20,7.951e-23,4.607e-10,1.593e-8,1.689e-6,3.592e+2,,4.369e+1,6.673e+1,,3.648e+1,2.114e-14,,5.428e-2,1.670e-16,,9.433e-20,,1.037e-3,,1.825e-18,,1.862e-1,,2.418e-17,,3.588e-18,1.102e-16
433.79,6.075e+2,2.776e-21,4.407e-10,1.285e-28,8.066e-6,2.022e-17,,5.717e-5,5.803e-22,,3.830e-15,6.081e-4,2.465e-19,1.039e-17,1.844e-21,8.775e-10,7.982e-21,1.315e-7,,7.256e-7,2.311e-20,1.807e-19,7.086e-18,1.417e+2,4.329e-13,3.244e+0,1.795e-19,8.027e-21,2.323e-20,6.565e-1,2.062e-20,6.710e-27,7.377e-20,7.952e-23,2.501e-10,2.999e-8,2.829e-6,3.183e+2,,4.291e+1,6.291e+1,,3.749e+1,4.513e-14,,4.282e-2,1.669e-16,,9.431e-20,,1.536e-3,,1.824e-18,,2.035e-1,,2.417e-17,,1.503e-18,1.102e-16
433.81,5.784e+2,2.758e-21,3.731e-10,9.974e-29,6.132e-6,2.288e-17,,7.571e-5,5.804e-22,,3.829e-15,7.339e-4,3.658e-19,1.039e-17,1.844e-21,8.865e-10,7.982e-21,1.369e-7,,9.857e-7,2.312e-20,1.691e-19,7.063e-18,1.415e+2,5.775e-13,3.342e+0,1.796e-19,8.019e-21,1.324e-20,5.116e-1,2.063e-20,3.801e-27,7.379e-20,7.953e-23,1.655e-10,4.550e-8,3.971e-6,2.922e+2,,4.226e+1,6.038e+1,,3.799e+1,7.444e-14,,3.637e-2,1.669e-16,,9.430e-20,,1.985e-3,,1.823e-18,,2.152e-1,,2.417e-17,,8.375e-19,1.102e-16
433.84,5.353e+2,2.730e-21,2.885e-10,6.767e-29,4.034e-6,2.733e-17,,1.145e-4,5.806e-22,,3.829e-15,9.657e-4,6.565e-19,1.039e-17,1.844e-21,8.932e-10,7.981e-21,1.444e-7,,1.602e-6,2.315e-20,1.529e-19,7.030e-18,1.400e+2,8.835e-13,3.481e+0,1.796e-19,8.008e-21,5.656e-21,3.492e-1,2.064e-20,1.608e-27,7.381e-20,7.955e-23,8.849e-11,8.438e-8,6.552e-6,2.551e+2,,4.106e+1,5.662e+1,,3.847e+1,1.565e-13,,2.825e-2,1.668e-16,,9.428e-20,,2.895e-3,,1.822e-18,,2.329e-1,,2.416e-17,,3.456e-19,1.103e-16
433.86,5.071e+2,2.712e-21,2.418e-10,5.198e-29,3.035e-6,3.062e-17,,1.501e-4,5.807e-22,,3.829e-15,1.154e-3,9.647e-19,1.039e-17,1.844e-21,8.932e-10,7.980e-21,1.489e-7,,2.225e-6,2.316e-20,1.431e-19,7.007e-18,1.383e+2,1.167e-12,3.568e+0,1.796e-19,8.000e-21,3.191e-21,2.693e-1,2.064e-20,9.016e-28,7.382e-20,7.955e-23,5.798e-11,1.267e-7,9.104e-6,2.318e+2,,4.013e+1,5.417e+1,,3.861e+1,2.556e-13,,2.375e-2,1.668e-16,,9.426e-20,,3.705e-3,,1.821e-18,,2.447e-1,,2.416e-17,,1.905e-19,1.103e-16
433.89,4.658e+2,2.684e-21,1.841e-10,3.472e-29,1.966e-6,3.603e-17,,2.236e-4,5.810e-22,,3.828e-15,1.496e-3,1.705e-18,1.039e-17,1.844e-21,8.865e-10,7.979e-21,1.547e-7,,3.634e-6,2.318e-20,1.298e-19,6.974e-18,1.347e+2,1.760e-12,3.689e+0,1.796e-19,7.989e-21,1.342e-21,1.811e-1,2.065e-20,3.756e-28,7.384e-20,7.957e-23,3.052e-11,2.315e-7,1.480e-5,1.993e+2,,3.856e+1,5.060e+1,,3.853e+1,5.294e-13,,1.817e-2,1.667e-16,,9.424e-20,,5.323e-3,,1.820e-18,,2.625e-1,,2.416e-17,,2.033e-19,1.103e-16
433.91,4.391e+2,2.666e-21,1.527e-10,2.640e-29,1.464e-6,3.995e-17,,2.901e-4,5.811e-22,,3.828e-15,1.770e-3,2.481e-18,1.039e-17,1.844e-21,8.775e-10,7.978e-21,1.578e-7,,5.024e-6,2.320e-20,1.219e-19,6.952e-18,1.317e+2,2.302e-12,3.764e+0,1.797e-19,7.981e-21,7.493e-22,1.382e-1,2.065e-20,2.084e-28,7.386e-20,7.958e-23,1.979e-11,3.443e-7,2.035e-5,1.792e+2,,3.739e+1,4.829e+1,,3.829e+1,8.558e-13,,1.512e-2,1.667e-16,,9.423e-20,,6.743e-3,,1.819e-18,,2.743e-1,,2.415e-17,,2.119e-19,1.104e-16
433.94,4.006e+2,2.638e-21,1.145e-10,1.737e-29,9.342e-7,4.630e-17,,4.256e-4,5.813e-22,,3.827e-15,2.260e-3,4.319e-18,1.039e-17,1.844e-21,8.577e-10,7.977e-21,1.615e-7,,8.111e-6,2.322e-20,1.113e-19,6.918e-18,1.264e+2,3.418e-12,3.868e+0,1.797e-19,7.969e-21,3.102e-22,9.151e-2,2.066e-20,8.549e-29,7.388e-20,7.959e-23,1.026e-11,6.196e-7,3.258e-5,1.517e+2,,3.550e+1,4.499e+1,,3.764e+1,1.746e-12,,1.139e-2,1.666e-16,,9.421e-20,,9.541e-3,,1.818e-18,,2.920e-1,,2.415e-17,,2.247e-19,1.104e-16
433.96,3.759e+2,2.620e-21,9.406e-11,1.307e-29,6.888e-7,5.083e-17,,5.468e-4,5.815e-22,,3.827e-15,2.647e-3,6.220e-18,1.039e-17,1.845e-21,8.404e-10,7.976e-21,1.631e-7,,1.111e-5,2.324e-20,1.051e-19,6.896e-18,1.224e+2,4.427e-12,3.933e+0,1.797e-19,7.962e-21,1.715e-22,6.915e-2,2.067e-20,8.267e-29,7.389e-20,7.960e-23,6.587e-12,9.120e-7,4.436e-5,1.351e+2,,3.415e+1,4.289e+1,,3.703e+1,2.795e-12,,9.387e-3,1.666e-16,,9.420e-20,,1.196e-2,,1.817e-18,,3.038e-1,,2.414e-17,,2.332e-19,1.104e-16
433.99,3.406e+2,2.593e-21,6.947e-11,8.470e-30,4.327e-7,5.802e-17,,7.901e-4,5.817e-22,,3.827e-15,3.330e-3,1.067e-17,1.039e-17,1.845e-21,8.090e-10,7.975e-21,1.644e-7,,1.767e-5,2.326e-20,9.699e-20,6.862e-18,1.157e+2,6.475e-12,4.022e+0,1.797e-19,7.950e-21,6.991e-23,4.508e-2,2.067e-20,7.846e-29,7.391e-20,7.961e-23,3.365e-12,1.617e-6,6.995e-5,1.126e+2,,3.204e+1,3.992e+1,,3.587e+1,5.616e-12,,6.965e-3,1.665e-16,,9.418e-20,,1.668e-2,,1.816e-18,,3.215e-1,,2.414e-17,,2.460e-19,1.105e-16
434.01,3.182e+2,2.574e-21,5.647e-11,6.310e-30,3.158e-7,6.305e-17,,1.005e-3,5.818e-22,,3.826e-15,3.861e-3,1.521e-17,1.039e-17,1.845e-21,7.847e-10,7.975e-21,1.644e-7,,2.397e-5,2.328e-20,9.234e-20,6.840e-18,1.108e+2,8.300e-12,4.078e+0,1.798e-19,7.943e-21,7.022e-23,3.372e-2,2.068e-20,7.564e-29,7.393e-20,7.962e-23,2.142e-12,2.356e-6,9.429e-5,9.928e+1,,3.058e+1,3.808e+1,,3.494e+1,8.899e-12,,5.679e-3,1.665e-16,,9.416e-20,,2.070e-2,,1.815e-18,,3.333e-1,,2.413e-17,,2.545e-19,1.105e-16
434.04,2.865e+2,2.547e-21,4.108e-11,4.026e-30,1.953e-7,7.088e-17,,1.430e-3,5.820e-22,,3.826e-15,4.785e-3,2.569e-17,1.039e-17,1.845e-21,7.439e-10,7.974e-21,1.631e-7,,3.756e-5,2.330e-20,8.639e-20,6.807e-18,1.032e+2,1.196e-11,4.155e+0,1.798e-19,7.931e-21,7.069e-23,2.165e-2,2.069e-20,7.142e-29,7.395e-20,7.964e-23,1.087e-12,4.113e-6,1.465e-4,8.152e+1,,2.836e+1,3.552e+1,,3.334e+1,1.762e-11,,4.150e-3,1.664e-16,,9.414e-20,,2.842e-2,,1.814e-18,,3.511e-1,,2.413e-17,,2.673e-19,1.105e-16
434.06,2.666e+2,2.529e-21,3.306e-11,2.969e-30,1.411e-7,7.624e-17,,1.801e-3,5.822e-22,,3.826e-15,5.494e-3,3.626e-17,1.039e-17,1.845e-21,7.143e-10,7.973e-21,1.615e-7,,5.042e-5,2.332e-20,8.304e-20,6.784e-18,9.786e+1,1.518e-11,4.203e+0,1.798e-19,7.923e-21,7.100e-23,1.603e-2,2.069e-20,6.861e-29,7.396e-20,7.964e-23,6.985e-13,5.934e-6,1.954e-4,7.112e+1,,2.687e+1,3.396e+1,,3.216e+1,2.763e-11,,3.349e-3,1.663e-16,,9.413e-20,,3.493e-2,,1.813e-18,,3.631e-1,,2.412e-17,,2.758e-19,1.105e-16
434.08,2.477e+2,2.510e-21,2.649e-11,2.180e-30,1.015e-7,8.168e-17,,2.258e-3,5.823e-22,,3.825e-15,6.282e-3,5.098e-17,1.039e-17,1.845e-21,6.830e-10,7.972e-21,1.592e-7,,6.742e-5,2.333e-20,8.012e-20,6.762e-18,9.244e+1,1.918e-11,4.249e+0,1.798e-19,7.916e-21,7.131e-23,1.182e-2,2.070e-20,6.580e-29,7.398e-20,7.965e-23,4.618e-13,8.527e-6,2.597e-4,6.179e+1,,2.540e+1,3.254e+1,,3.089e+1,4.317e-11,,2.692e-3,1.663e-16,,9.412e-20,,4.275e-2,,1.812e-18,,3.752e-1,,2.412e-17,,2.844e-19,1.106e-16
434.11,2.214e+2,2.483e-21,1.886e-11,1.361e-30,6.146e-8,8.990e-17,,3.146e-3,5.825e-22,,3.825e-15,7.624e-3,8.432e-17,1.039e-17,1.845e-21,6.339e-10,7.971e-21,1.547e-7,,1.034e-4,2.336e-20,7.649e-20,6.728e-18,8.423e+1,2.706e-11,4.313e+0,1.799e-19,7.904e-21,7.177e-23,7.427e-3,2.070e-20,6.158e-29,7.400e-20,7.967e-23,2.909e-13,1.458e-5,3.950e-4,4.966e+1,,2.324e+1,3.064e+1,,2.888e+1,8.368e-11,,1.926e-3,1.662e-16,,9.410e-20,,5.745e-2,,1.811e-18,,3.936e-1,,2.412e-17,,2.972e-19,1.106e-16
434.13,2.052e+2,2.464e-21,1.497e-11,9.895e-31,4.376e-8,9.534e-17,,3.906e-3,5.827e-22,,3.825e-15,8.631e-3,1.173e-16,1.039e-17,1.845e-21,6.000e-10,7.970e-21,1.509e-7,,1.369e-4,2.337e-20,7.448e-20,6.706e-18,7.876e+1,3.385e-11,4.353e+0,1.799e-19,7.897e-21,7.208e-23,5.421e-3,2.071e-20,5.877e-29,7.401e-20,7.968e-23,2.653e-13,2.074e-5,5.197e-4,4.272e+1,,2.185e+1,2.955e+1,,2.748e+1,1.294e-10,,1.532e-3,1.662e-16,,9.408e-20,,6.961e-2,,1.810e-18,,4.062e-1,,2.411e-17,,3.057e-19,1.106e-16
434.16,1.828e+2,2.437e-21,1.049e-11,6.086e-31,2.610e-8,1.033e-16,,5.360e-3,5.829e-22,,3.824e-15,1.032e-2,1.912e-16,1.039e-17,1.846e-21,5.484e-10,7.969e-21,1.444e-7,,2.069e-4,2.340e-20,7.201e-20,6.673e-18,7.068e+1,4.703e-11,4.409e+0,1.799e-19,7.885e-21,7.255e-23,3.354e-3,2.072e-20,5.455e-29,7.403e-20,7.969e-23,3.481e-13,3.492e-5,7.783e-4,3.381e+1,,1.988e+1,2.819e+1,,2.533e+1,2.471e-10,,1.079e-3,1.661e-16,,9.406e-20,,9.215e-2,,1.809e-18,,4.256e-1,,2.411e-17,,3.185e-19,1.106e-16
434.18,1.692e+2,2.419e-21,8.241e-12,4.379e-31,1.839e-8,1.085e-16,,6.587e-3,5.830e-22,,3.824e-15,1.157e-2,2.633e-16,1.039e-17,1.846e-21,5.139e-10,7.969e-21,1.395e-7,,2.712e-4,2.341e-20,7.065e-20,6.650e-18,6.543e+1,5.826e-11,4.444e+0,1.799e-19,7.877e-21,7.286e-23,2.423e-3,2.072e-20,5.173e-29,7.405e-20,7.970e-23,5.035e-13,4.917e-5,1.014e-3,2.879e+1,,1.866e+1,2.747e+1,,2.389e+1,3.784e-10,,8.500e-4,1.661e-16,,9.405e-20,,1.105e-1,,1.808e-18,,4.388e-1,,2.410e-17,,3.270e-19,1.107e-16
434.21,1.508e+2,5.857e-21,5.692e-12,2.652e-31,1.080e-8,1.158e-16,,8.905e-3,5.832e-22,,3.823e-15,1.362e-2,4.226e-16,1.039e-17,1.846e-21,4.626e-10,7.968e-21,1.315e-7,,4.037e-4,2.344e-20,6.897e-20,6.617e-18,5.782e+1,7.972e-11,4.492e+0,1.800e-19,7.866e-21,7.332e-23,1.477e-3,2.073e-20,4.751e-29,7.407e-20,7.971e-23,9.778e-13,8.155e-5,1.496e-3,2.244e+1,,1.699e+1,2.666e+1,,2.173e+1,7.117e-10,,5.896e-4,1.660e-16,,9.403e-20,,1.441e-1,,1.807e-18,,4.591e-1,,2.410e-17,,3.398e-19,1.107e-16
434.23,1.397e+2,1.051e-20,4.424e-12,1.888e-31,7.535e-9,1.204e-16,,1.083e-2,5.834e-22,,3.823e-15,1.512e-2,5.764e-16,1.039e-17,1.846e-21,4.291e-10,7.967e-21,1.257e-7,,5.237e-4,2.345e-20,6.802e-20,6.594e-18,5.298e+1,9.775e-11,4.520e+0,1.800e-19,7.858e-21,7.363e-23,1.056e-3,2.074e-20,4.470e-29,7.408e-20,7.972e-23,1.558e-12,1.137e-4,1.929e-3,1.891e+1,,1.601e+1,2.632e+1,,2.032e+1,1.079e-9,,4.596e-4,1.660e-16,,9.402e-20,,1.711e-1,,1.806e-18,,4.730e-1,,2.409e-17,,3.484e-19,1.107e-16
434.26,1.250e+2,2.507e-20,3.009e-12,1.126e-31,4.357e-9,1.266e-16,,1.442e-2,5.836e-22,,3.823e-15,1.754e-2,9.111e-16,1.039e-17,1.846e-21,3.804e-10,7.966e-21,1.167e-7,,7.679e-4,2.348e-20,6.678e-20,6.561e-18,4.612e+1,1.317e-10,4.558e+0,1.800e-19,7.847e-21,7.410e-23,6.338e-4,2.074e-20,4.048e-29,7.410e-20,7.974e-23,3.149e-12,1.857e-4,2.802e-3,1.452e+1,,1.473e+1,2.608e+1,,1.828e+1,1.999e-9,,3.140e-4,1.659e-16,,9.400e-20,,2.198e-1,,1.805e-18,,4.944e-1,,2.409e-17,,3.612e-19,1.108e-16
434.28,1.164e+2,4.454e-20,2.315e-12,7.940e-32,3.009e-9,1.302e-16,,1.737e-2,5.837e-22,,3.822e-15,1.927e-2,1.230e-15,1.039e-17,1.846e-21,3.492e-10,7.965e-21,1.104e-7,,9.861e-4,2.349e-20,6.604e-20,6.539e-18,4.183e+1,1.599e-10,4.579e+0,1.800e-19,7.839e-21,7.441e-23,4.486e-4,2.075e-20,1.092e-28,7.411e-20,7.974e-23,5.021e-12,2.564e-4,3.577e-3,1.211e+1,,1.403e+1,2.610e+1,,1.698e+1,3.000e-9,,2.423e-4,1.659e-16,,9.398e-20,,2.583e-1,,1.804e-18,,5.088e-1,,2.408e-17,,3.697e-19,1.108e-16
434.31,1.053e+2,1.047e-19,1.551e-12,4.663e-32,1.713e-9,1.348e-16,,2.278e-2,5.839e-22,,3.822e-15,2.203e-2,1.915e-15,1.039e-17,1.846e-21,3.049e-10,7.964e-21,1.010e-7,,1.424e-3,2.351e-20,6.498e-20,6.505e-18,3.586e+1,2.123e-10,4.605e+0,1.801e-19,7.828e-21,7.488e-23,2.651e-4,2.076e-20,3.252e-28,7.414e-20,7.976e-23,1.005e-11,4.126e-4,5.120e-3,9.157e+0,,1.321e+1,2.641e+1,,1.516e+1,5.474e-9,,1.630e-4,1.658e-16,,9.396e-20,,3.267e-1,,1.803e-18,,5.307e-1,,2.408e-17,,3.825e-19,1.108e-16
434.33,9.902e+1,1.841e-19,1.181e-12,3.254e-32,1.171e-9,1.373e-16,,2.716e-2,5.841e-22,,3.822e-15,2.397e-2,2.560e-15,1.039e-17,1.846e-21,2.772e-10,7.963e-21,9.460e-8,,1.811e-3,2.353e-20,6.428e-20,6.483e-18,3.220e+1,2.552e-10,4.617e+0,1.801e-19,7.820e-21,7.519e-23,1.857e-4,2.076e-20,6.392e-28,7.415e-20,7.977e-23,1.587e-11,5.637e-4,6.470e-3,7.561e+0,,1.284e+1,2.679e+1,,1.403e+1,8.133e-9,,1.245e-4,1.658e-16,,9.395e-20,,3.802e-1,,1.802e-18,,5.453e-1,,2.408e-17,,3.910e-19,1.108e-16
434.36,9.117e+1,4.262e-19,7.793e-13,1.882e-32,6.567e-10,1.401e-16,,3.508e-2,5.843e-22,,3.821e-15,2.699e-2,3.926e-15,1.039e-17,1.847e-21,2.383e-10,7.962e-21,8.516e-8,,2.576e-3,2.355e-20,6.318e-20,6.449e-18,2.718e+1,3.336e-10,4.627e+0,1.801e-19,7.808e-21,7.565e-23,1.081e-4,2.077e-20,1.519e-27,7.417e-20,7.978e-23,3.130e-11,8.935e-4,9.122e-3,5.630e+0,,1.254e+1,2.758e+1,,1.250e+1,1.462e-8,,8.249e-5,1.657e-16,,9.393e-20,,4.737e-1,,1.801e-18,,5.670e-1,,2.407e-17,,4.038e-19,1.109e-16
434.38,8.695e+1,7.420e-19,5.875e-13,1.300e-32,4.443e-10,1.412e-16,,4.141e-2,5.844e-22,,3.821e-15,2.906e-2,5.195e-15,1.039e-17,1.847e-21,2.144e-10,7.962e-21,7.899e-8,,3.242e-3,2.357e-20,6.239e-20,6.427e-18,2.416e+1,3.969e-10,4.628e+0,1.801e-19,7.801e-21,7.596e-23,7.497e-5,2.077e-20,2.692e-27,7.418e-20,7.979e-23,4.896e-11,1.209e-3,1.141e-2,4.602e+0,,1.251e+1,2.825e+1,,1.158e+1,2.150e-8,,6.238e-5,1.657e-16,,9.392e-20,,5.457e-1,,1.800e-18,,5.812e-1,,2.407e-17,,4.124e-19,1.109e-16
434.41,8.205e+1,1.692e-18,3.817e-13,7.404e-33,2.454e-10,1.419e-16,,5.268e-2,5.846e-22,,3.821e-15,3.224e-2,7.848e-15,1.039e-17,1.847e-21,1.816e-10,7.961e-21,7.004e-8,,4.543e-3,2.359e-20,6.109e-20,6.394e-18,2.009e+1,5.111e-10,4.622e+0,1.802e-19,7.789e-21,7.643e-23,4.297e-5,2.078e-20,6.303e-27,7.420e-20,7.980e-23,9.510e-11,1.887e-3,1.585e-2,3.375e+0,,1.276e+1,2.944e+1,,1.039e+1,3.807e-8,,4.070e-5,1.656e-16,,9.390e-20,,6.696e-1,,1.799e-18,,6.015e-1,,2.406e-17,,4.251e-19,1.109e-16
434.43,7.967e+1,2.917e-18,2.848e-13,5.061e-33,1.643e-10,1.416e-16,,6.155e-2,5.848e-22,,3.820e-15,3.438e-2,1.028e-14,1.039e-17,1.847e-21,1.617e-10,7.960e-21,6.431e-8,,5.660e-3,2.361e-20,6.013e-20,6.371e-18,1.767e+1,6.020e-10,4.612e+0,1.802e-19,7.782e-21,7.674e-23,2.950e-5,2.079e-20,1.106e-26,7.422e-20,7.981e-23,1.473e-10,2.527e-3,1.963e-2,2.730e+0,,1.310e+1,3.034e+1,,9.713e+0,5.545e-8,,3.046e-5,1.655e-16,,9.388e-20,,7.636e-1,,1.798e-18,,6.143e-1,,2.406e-17,,4.337e-19,1.109e-16
434.45,7.795e+1,5.009e-18,2.117e-13,3.446e-33,1.096e-10,1.407e-16,,7.162e-2,5.849e-22,,3.820e-15,3.651e-2,1.341e-14,1.039e-17,1.847e-21,1.435e-10,7.959e-21,5.881e-8,,7.023e-3,2.362e-20,5.909e-20,6.349e-18,1.549e+1,7.061e-10,4.598e+0,1.802e-19,7.774e-21,7.705e-23,2.016e-5,2.079e-20,1.933e-26,7.423e-20,7.982e-23,2.272e-10,3.370e-3,2.421e-2,2.200e+0,,1.359e+1,3.130e+1,,9.138e+0,8.042e-8,,2.270e-5,1.655e-16,,9.387e-20,,8.673e-1,,1.797e-18,,6.263e-1,,2.405e-17,,4.422e-19,1.110e-16
434.48,7.651e+1,1.119e-17,1.346e-13,1.921e-33,5.924e-11,1.384e-16,,8.922e-2,5.851e-22,,3.820e-15,3.966e-2,1.984e-14,1.039e-17,1.847e-21,1.189e-10,7.958e-21,5.104e-8,,9.635e-3,2.365e-20,5.736e-20,6.315e-18,1.260e+1,8.903e-10,4.569e+0,1.802e-19,7.762e-21,7.751e-23,1.131e-5,2.080e-20,4.431e-26,7.425e-20,7.984e-23,4.321e-10,5.152e-3,3.291e-2,1.579e+0,,1.460e+1,3.283e+1,,8.465e+0,1.394e-7,,1.450e-5,1.654e-16,,9.385e-20,,1.042e+0,,1.796e-18,,6.424e-1,,2.405e-17,,4.550e-19,1.110e-16
434.5,7.625e+1,1.901e-17,9.905e-14,1.295e-33,3.910e-11,1.362e-16,,1.028e-1,5.853e-22,,3.819e-15,4.170e-2,2.562e-14,1.039e-17,1.847e-21,1.044e-10,7.957e-21,4.621e-8,,1.184e-2,2.366e-20,5.609e-20,6.293e-18,1.093e+1,1.034e-9,4.546e+0,1.803e-19,7.755e-21,7.782e-23,7.654e-6,2.080e-20,7.667e-26,7.427e-20,7.984e-23,6.600e-10,6.803e-3,4.019e-2,1.260e+0,,1.546e+1,3.388e+1,,8.143e+0,2.002e-7,,1.070e-5,1.654e-16,,9.384e-20,,1.172e+0,,1.795e-18,,6.516e-1,,2.404e-17,,4.635e-19,1.110e-16
434.53,7.677e+1,4.183e-17,6.203e-14,7.108e-34,2.081e-11,1.319e-16,,1.261e-1,5.855e-22,,3.819e-15,4.463e-2,3.733e-14,1.039e-17,1.847e-21,8.525e-11,7.956e-21,3.950e-8,,1.599e-2,2.369e-20,5.403e-20,6.260e-18,8.764e+0,1.284e-9,4.505e+0,1.803e-19,7.743e-21,7.829e-23,4.228e-6,2.081e-20,1.732e-25,7.429e-20,7.986e-23,1.236e-9,1.024e-2,5.382e-2,8.905e-1,,1.700e+1,3.546e+1,,7.847e+0,3.419e-7,,6.728e-6,1.653e-16,,9.382e-20,,1.386e+0,,1.794e-18,,6.628e-1,,2.404e-17,,4.763e-19,1.111e-16
434.55,7.766e+1,7.039e-17,4.517e-14,4.741e-34,1.360e-11,1.284e-16,,1.438e-1,5.856e-22,,3.819e-15,4.646e-2,4.773e-14,1.039e-17,1.848e-21,7.410e-11,7.956e-21,3.539e-8,,1.945e-2,2.370e-20,5.255e-20,6.237e-18,7.524e+0,1.476e-9,4.476e+0,1.803e-19,7.736e-21,7.860e-23,2.832e-6,2.082e-20,2.967e-25,7.430e-20,7.987e-23,1.869e-9,1.339e-2,6.505e-2,7.031e-1,,1.819e+1,3.649e+1,,7.773e+0,4.860e-7,,4.914e-6,1.653e-16,,9.380e-20,,1.543e+0,,1.793e-18,,6.683e-1,,2.404e-17,,4.849e-19,1.111e-16
434.58,7.970e+1,1.525e-16,2.786e-14,2.563e-34,7.129e-12,1.225e-16,,1.738e-1,5.858e-22,,3.818e-15,4.898e-2,6.850e-14,1.039e-17,1.848e-21,5.958e-11,7.955e-21,2.980e-8,,2.589e-2,2.373e-20,5.019e-20,6.204e-18,5.940e+0,1.805e-9,4.430e+0,1.803e-19,7.724e-21,7.906e-23,1.541e-6,2.082e-20,6.603e-25,7.432e-20,7.988e-23,3.450e-9,1.986e-2,8.581e-2,4.895e-1,,2.022e+1,3.796e+1,,7.840e+0,8.175e-7,,3.043e-6,1.652e-16,,9.378e-20,,1.798e+0,,1.792e-18,,6.733e-1,,2.403e-17,,4.977e-19,1.111e-16
434.6,8.147e+1,2.542e-16,2.008e-14,1.693e-34,4.611e-12,1.181e-16,,1.962e-1,5.860e-22,,3.818e-15,5.049e-2,8.671e-14,1.039e-17,1.848e-21,5.126e-11,7.954e-21,2.643e-8,,3.117e-2,2.374e-20,4.854e-20,6.181e-18,5.049e+0,2.054e-9,4.399e+0,1.804e-19,7.716e-21,7.937e-23,1.022e-6,2.083e-20,1.120e-24,7.434e-20,7.989e-23,5.164e-9,2.570e-2,1.027e-1,3.826e-1,,2.172e+1,3.885e+1,,7.999e+0,1.150e-6,,2.200e-6,1.652e-16,,9.377e-20,,1.982e+0,,1.791e-18,,6.742e-1,,2.403e-17,,5.062e-19,1.111e-16
434.63,8.461e+1,5.426e-16,1.220e-14,9.012e-35,2.380e-12,1.110e-16,,2.335e-1,5.862e-22,,3.817e-15,5.243e-2,1.226e-13,1.039e-17,1.848e-21,4.060e-11,7.953e-21,2.191e-8,,4.086e-2,2.377e-20,4.600e-20,6.148e-18,3.926e+0,2.475e-9,4.355e+0,1.804e-19,7.705e-21,7.984e-23,5.473e-7,2.084e-20,2.455e-24,7.436e-20,7.990e-23,9.387e-9,3.755e-2,1.334e-1,2.623e-1,,2.418e+1,4.004e+1,,8.402e+0,1.906e-6,,1.342e-6,1.651e-16,,9.375e-20,,2.275e+0,,1.790e-18,,6.720e-1,,2.402e-17,,5.190e-19,1.112e-16
434.65,8.696e+1,8.950e-16,8.703e-15,5.890e-35,1.524e-12,1.059e-16,,2.609e-1,5.863e-22,,3.817e-15,5.351e-2,1.536e-13,1.039e-17,1.848e-21,3.458e-11,7.952e-21,1.924e-8,,4.870e-2,2.378e-20,4.427e-20,6.126e-18,3.303e+0,2.789e-9,4.329e+0,1.804e-19,7.697e-21,8.015e-23,3.592e-7,2.084e-20,4.123e-24,7.437e-20,7.991e-23,1.391e-8,4.810e-2,1.581e-1,2.029e-1,,2.593e+1,4.071e+1,,8.774e+0,2.656e-6,,9.603e-7,1.651e-16,,9.374e-20,,2.481e+0,,1.789e-18,,6.680e-1,,2.402e-17,,5.275e-19,1.112e-16
434.68,9.079e+1,1.882e-15,5.206e-15,3.088e-35,7.746e-13,9.804e-17,,3.059e-1,5.865e-22,,3.817e-15,5.474e-2,2.138e-13,1.039e-17,1.848e-21,2.697e-11,7.951e-21,1.571e-8,,6.289e-2,2.381e-20,4.170e-20,6.092e-18,2.529e+0,3.309e-9,4.295e+0,1.804e-19,7.686e-21,8.062e-23,1.895e-7,2.085e-20,8.907e-24,7.439e-20,7.993e-23,2.491e-8,6.922e-2,2.023e-1,1.370e-1,,2.872e+1,4.148e+1,,9.475e+0,4.335e-6,,5.769e-7,1.650e-16,,9.372e-20,,2.805e+0,,1.788e-18,,6.582e-1,,2.401e-17,,5.403e-19,1.112e-16
434.7,9.348e+1,3.074e-15,3.677e-15,1.998e-35,4.909e-13,9.263e-17,,3.384e-1,5.867e-22,,3.816e-15,5.531e-2,2.653e-13,1.039e-17,1.848e-21,2.274e-11,7.950e-21,1.366e-8,,7.420e-2,2.382e-20,4.002e-20,6.070e-18,2.106e+0,3.691e-9,4.278e+0,1.805e-19,7.678e-21,8.093e-23,1.231e-7,2.085e-20,1.481e-23,7.441e-20,7.993e-23,3.655e-8,8.778e-2,2.372e-1,1.049e-1,,3.066e+1,4.183e+1,,1.003e+1,5.980e-6,,4.086e-7,1.650e-16,,9.371e-20,,3.029e+0,,1.787e-18,,6.491e-1,,2.401e-17,,5.489e-19,1.113e-16
434.73,9.762e+1,6.368e-15,2.166e-15,1.032e-35,2.457e-13,8.442e-17,,3.908e-1,5.869e-22,,3.816e-15,5.575e-2,3.638e-13,1.039e-17,1.848e-21,1.747e-11,7.949e-21,1.099e-8,,9.438e-2,2.385e-20,3.764e-20,6.036e-18,1.588e+0,4.314e-9,4.262e+0,1.805e-19,7.667e-21,8.139e-23,6.395e-8,2.086e-20,3.151e-23,7.443e-20,7.995e-23,6.447e-8,1.244e-1,2.990e-1,6.979e-2,,3.366e+1,4.209e+1,,1.098e+1,9.614e-6,,2.417e-7,1.649e-16,,9.369e-20,,3.373e+0,,1.786e-18,,6.320e-1,,2.400e-17,,5.617e-19,1.113e-16
434.75,1.004e+2,1.030e-14,1.515e-15,6.605e-36,1.541e-13,7.896e-17,,4.280e-1,5.870e-22,,3.816e-15,5.576e-2,4.469e-13,1.039e-17,1.849e-21,1.458e-11,7.949e-21,9.452e-9,,1.102e-1,2.386e-20,3.618e-20,6.014e-18,1.309e+0,4.762e-9,4.259e+0,1.805e-19,7.659e-21,8.170e-23,4.112e-8,2.087e-20,5.188e-23,7.444e-20,7.996e-23,9.364e-8,1.562e-1,3.471e-1,5.290e-2,,3.571e+1,4.208e+1,,1.168e+1,1.313e-5,,1.695e-7,1.649e-16,,9.367e-20,,3.606e+0,,1.785e-18,,6.182e-1,,2.400e-17,,5.702e-19,1.113e-16
434.78,1.046e+2,2.101e-14,8.788e-16,3.359e-36,7.598e-14,7.088e-17,,4.869e-1,5.872e-22,,3.815e-15,5.537e-2,6.036e-13,1.039e-17,1.849e-21,1.103e-11,7.948e-21,7.487e-9,,1.381e-1,2.388e-20,3.426e-20,5.981e-18,9.726e-1,5.483e-9,4.266e+0,1.805e-19,7.647e-21,8.217e-23,2.104e-8,2.087e-20,1.088e-22,7.446e-20,7.997e-23,1.627e-7,2.181e-1,4.310e-1,3.465e-2,,3.880e+1,4.178e+1,,1.282e+1,2.079e-5,,9.874e-8,1.648e-16,,9.365e-20,,3.956e+0,,1.784e-18,,5.947e-1,,2.399e-17,,5.830e-19,1.113e-16
434.8,1.072e+2,3.363e-14,6.084e-16,2.129e-36,4.717e-14,6.562e-17,,5.278e-1,5.874e-22,,3.815e-15,5.484e-2,7.340e-13,1.039e-17,1.849e-21,9.109e-12,7.947e-21,6.377e-9,,1.597e-1,2.390e-20,3.323e-20,5.958e-18,7.937e-1,5.993e-9,4.279e+0,1.805e-19,7.640e-21,8.248e-23,1.339e-8,2.088e-20,1.773e-22,7.448e-20,7.998e-23,2.340e-7,2.711e-1,4.954e-1,2.600e-2,,4.086e+1,4.138e+1,,1.363e+1,2.811e-5,,6.853e-8,1.647e-16,,9.364e-20,,4.186e+0,,1.783e-18,,5.772e-1,,2.399e-17,,5.915e-19,1.114e-16
434.82,1.099e+2,5.362e-14,4.196e-16,1.344e-36,2.917e-14,6.051e-17,,5.699e-1,5.875e-22,,3.815e-15,5.409e-2,8.888e-13,1.039e-17,1.849e-21,7.495e-12,7.946e-21,5.410e-9,,1.839e-1,2.392e-20,3.243e-20,5.936e-18,6.450e-1,6.523e-9,4.298e+0,1.806e-19,7.632e-21,8.279e-23,8.487e-9,2.088e-20,2.878e-22,7.449e-20,7.999e-23,3.351e-7,3.357e-1,5.671e-1,1.943e-2,,4.290e+1,4.084e+1,,1.447e+1,3.784e-5,,4.736e-8,1.647e-16,,9.363e-20,,4.412e+0,,1.782e-18,,5.585e-1,,2.399e-17,,6.000e-19,1.114e-16
434.85,1.135e+2,1.072e-13,2.390e-16,6.688e-37,1.407e-14,5.317e-17,,6.347e-1,5.877e-22,,3.814e-15,5.259e-2,1.176e-12,1.039e-17,1.849e-21,5.551e-12,7.945e-21,4.195e-9,,2.256e-1,2.394e-20,3.179e-20,5.902e-18,4.690e-1,7.352e-9,4.339e+0,1.806e-19,7.621e-21,8.325e-23,4.250e-9,2.089e-20,5.908e-22,7.451e-20,8.000e-23,5.701e-7,4.588e-1,6.894e-1,1.245e-2,,4.587e+1,3.975e+1,,1.578e+1,5.868e-5,,2.701e-8,1.646e-16,,9.361e-20,,4.738e+0,,1.781e-18,,5.289e-1,,2.398e-17,,6.128e-19,1.114e-16
434.87,1.158e+2,1.691e-13,1.639e-16,4.178e-37,8.614e-15,4.854e-17,,6.784e-1,5.879e-22,,3.814e-15,5.136e-2,1.409e-12,1.039e-17,1.849e-21,4.521e-12,7.944e-21,3.522e-9,,2.572e-1,2.396e-20,3.181e-20,5.880e-18,3.773e-1,7.923e-9,4.373e+0,1.806e-19,7.613e-21,8.356e-23,2.667e-9,2.090e-20,9.496e-22,7.452e-20,8.001e-23,8.084e-7,5.623e-1,7.812e-1,9.213e-3,,4.778e+1,3.886e+1,,1.667e+1,7.822e-5,,1.848e-8,1.646e-16,,9.359e-20,,4.943e+0,,1.780e-18,,5.084e-1,,2.398e-17,,6.214e-19,1.114e-16
434.9,1.190e+2,3.329e-13,9.358e-17,2.048e-37,4.093e-15,4.201e-17,,7.441e-1,5.881e-22,,3.814e-15,4.920e-2,1.836e-12,1.039e-17,1.849e-21,3.298e-12,7.943e-21,2.690e-9,,3.108e-1,2.398e-20,3.264e-20,5.847e-18,2.702e-1,8.796e-9,4.433e+0,1.806e-19,7.601e-21,8.403e-23,1.315e-9,2.090e-20,1.921e-21,7.455e-20,8.003e-23,1.355e-6,7.572e-1,9.354e-1,5.817e-3,,5.048e+1,3.729e+1,,1.801e+1,1.195e-4,,1.038e-8,1.645e-16,,9.357e-20,,5.228e+0,,1.779e-18,,4.773e-1,,2.397e-17,,6.342e-19,1.115e-16
434.92,1.209e+2,5.203e-13,6.542e-17,1.267e-37,2.479e-15,3.796e-17,,7.874e-1,5.882e-22,,3.813e-15,4.757e-2,2.179e-12,1.039e-17,1.849e-21,2.659e-12,7.943e-21,2.236e-9,,3.507e-1,2.399e-20,3.382e-20,5.824e-18,2.152e-1,9.383e-9,4.477e+0,1.807e-19,7.594e-21,8.434e-23,8.167e-10,2.091e-20,3.057e-21,7.456e-20,8.003e-23,1.902e-6,9.187e-1,1.049e+0,4.259e-3,,5.216e+1,3.610e+1,,1.890e+1,1.577e-4,,7.028e-9,1.645e-16,,9.356e-20,,5.400e+0,,1.778e-18,,4.567e-1,,2.397e-17,,6.427e-19,1.115e-16
434.95,1.234e+2,1.009e-12,4.104e-17,6.113e-38,1.160e-15,3.236e-17,,8.507e-1,5.884e-22,,3.813e-15,4.489e-2,2.796e-12,1.039e-17,1.850e-21,1.911e-12,7.942e-21,1.682e-9,,4.174e-1,2.402e-20,3.672e-20,5.791e-18,1.517e-1,1.026e-8,4.547e+0,1.807e-19,7.582e-21,8.480e-23,3.966e-10,2.092e-20,6.091e-21,7.458e-20,8.005e-23,3.140e-6,1.219e+0,1.238e+0,2.648e-3,,5.446e+1,3.416e+1,,2.023e+1,2.372e-4,,3.887e-9,1.644e-16,,9.354e-20,,5.626e+0,,1.777e-18,,4.271e-1,,2.396e-17,,6.555e-19,1.115e-16
434.97,1.248e+2,1.561e-12,3.315e-17,3.742e-38,6.957e-16,2.894e-17,,8.911e-1,5.886e-22,,3.813e-15,4.297e-2,3.286e-12,1.039e-17,1.850e-21,1.526e-12,7.941e-21,1.385e-9,,4.664e-1,2.403e-20,3.950e-20,5.769e-18,1.196e-1,1.084e-8,4.595e+0,1.807e-19,7.575e-21,8.511e-23,2.438e-10,2.092e-20,9.597e-21,7.459e-20,8.006e-23,4.363e-6,1.464e+0,1.375e+0,1.919e-3,,5.581e+1,3.277e+1,,2.109e+1,3.099e-4,,2.605e-9,1.644e-16,,9.353e-20,,5.752e+0,,1.776e-18,,4.087e-1,,2.396e-17,,6.640e-19,1.116e-16
435,1.266e+2,2.982e-12,3.066e-17,1.779e-38,3.206e-16,2.430e-17,,9.482e-1,5.888e-22,,3.812e-15,3.995e-2,4.154e-12,1.039e-17,1.850e-21,1.080e-12,7.940e-21,1.026e-9,,5.467e-1,2.406e-20,4.517e-20,5.735e-18,8.309e-2,1.167e-8,4.665e+0,1.807e-19,7.563e-21,8.558e-23,1.166e-10,2.093e-20,1.884e-20,7.461e-20,8.007e-23,7.095e-6,1.912e+0,1.597e+0,1.175e-3,,5.757e+1,3.057e+1,,2.235e+1,4.594e-4,,1.419e-9,1.643e-16,,9.351e-20,,5.902e+0,,1.775e-18,,3.839e-1,,2.395e-17,,6.768e-19,1.116e-16
435.02,1.275e+2,4.568e-12,3.461e-17,1.078e-38,1.903e-16,2.152e-17,,9.834e-1,5.889e-22,,3.812e-15,3.786e-2,4.832e-12,1.039e-17,1.850e-21,8.543e-13,7.939e-21,8.366e-10,,6.047e-1,2.407e-20,5.008e-20,5.713e-18,6.484e-2,1.220e-8,4.708e+0,1.808e-19,7.555e-21,8.589e-23,7.094e-11,2.093e-20,2.939e-20,7.463e-20,8.008e-23,9.763e-6,2.274e+0,1.756e+0,8.433e-4,,5.854e+1,2.907e+1,,2.316e+1,5.941e-4,,9.416e-10,1.643e-16,,9.349e-20,,5.974e+0,,1.774e-18,,3.699e-1,,2.395e-17,,6.854e-19,1.116e-16
435.05,1.287e+2,8.596e-12,4.979e-17,5.045e-39,8.634e-17,1.779e-17,,1.031e+0,5.891e-22,,3.811e-15,3.467e-2,6.016e-12,1.039e-17,1.850e-21,5.968e-13,7.938e-21,6.116e-10,,6.981e-1,2.410e-20,5.937e-20,5.679e-18,4.437e-2,1.294e-8,4.764e+0,1.808e-19,7.544e-21,8.636e-23,3.341e-11,2.094e-20,5.684e-20,7.465e-20,8.009e-23,1.564e-5,2.926e+0,2.009e+0,5.086e-4,,5.965e+1,2.677e+1,,2.433e+1,8.674e-4,,5.050e-10,1.642e-16,,9.347e-20,,6.038e+0,,1.773e-18,,3.537e-1,,2.394e-17,,6.982e-19,1.117e-16
435.07,1.292e+2,1.304e-11,6.763e-17,3.026e-39,5.072e-17,1.560e-17,,1.058e+0,5.893e-22,,3.811e-15,3.253e-2,6.929e-12,1.039e-17,1.850e-21,4.679e-13,7.937e-21,4.944e-10,,7.645e-1,2.411e-20,6.700e-20,5.657e-18,3.428e-2,1.340e-8,4.794e+0,1.808e-19,7.536e-21,8.667e-23,2.012e-11,2.095e-20,8.780e-20,7.466e-20,8.010e-23,2.130e-5,3.445e+0,2.187e+0,3.612e-4,,6.017e+1,2.525e+1,,2.507e+1,1.111e-3,,3.317e-10,1.642e-16,,9.346e-20,,6.050e+0,,1.772e-18,,3.467e-1,,2.394e-17,,7.067e-19,1.117e-16
435.1,1.298e+2,2.416e-11,1.110e-16,1.395e-39,2.267e-17,1.270e-17,,1.092e+0,5.895e-22,,3.811e-15,2.935e-2,8.499e-12,1.039e-17,1.850e-21,3.231e-13,7.936e-21,3.576e-10,,8.694e-1,2.414e-20,8.085e-20,5.623e-18,2.312e-2,1.400e-8,4.824e+0,1.808e-19,7.525e-21,8.713e-23,9.334e-12,2.095e-20,1.673e-19,7.468e-20,8.012e-23,3.361e-5,4.366e+0,2.464e+0,2.145e-4,,6.059e+1,2.300e+1,,2.614e+1,1.597e-3,,1.752e-10,1.641e-16,,9.344e-20,,6.023e+0,,1.771e-18,,3.432e-1,,2.393e-17,,7.195e-19,1.117e-16
435.12,1.300e+2,3.628e-11,1.555e-16,8.280e-40,1.318e-17,1.102e-17,,1.110e+0,5.896e-22,,3.810e-15,2.727e-2,9.690e-12,1.039e-17,1.850e-21,2.518e-13,7.936e-21,2.877e-10,,9.424e-1,2.415e-20,9.186e-20,5.601e-18,1.770e-2,1.434e-8,4.832e+0,1.809e-19,7.517e-21,8.744e-23,5.564e-12,2.096e-20,2.558e-19,7.470e-20,8.012e-23,4.533e-5,5.088e+0,2.656e+0,1.508e-4,,6.063e+1,2.155e+1,,2.683e+1,2.025e-3,,1.139e-10,1.640e-16,,9.343e-20,,5.974e+0,,1.770e-18,,3.461e-1,,2.393e-17,,7.280e-19,1.117e-16
435.15,1.302e+2,6.625e-11,2.576e-16,3.758e-40,5.801e-18,8.841e-18,,1.129e+0,5.899e-22,,3.810e-15,2.423e-2,1.171e-11,1.039e-17,1.851e-21,1.729e-13,7.935e-21,2.079e-10,,1.056e+0,2.418e-20,1.113e-19,5.568e-18,1.180e-2,1.476e-8,4.825e+0,1.809e-19,7.506e-21,8.791e-23,2.541e-12,2.097e-20,4.803e-19,7.472e-20,8.014e-23,7.046e-5,6.353e+0,2.948e+0,8.821e-5,,6.034e+1,1.947e+1,,2.783e+1,2.868e-3,,5.926e-11,1.640e-16,,9.341e-20,,5.858e+0,,1.769e-18,,3.598e-1,,2.393e-17,,7.408e-19,1.118e-16
435.17,1.303e+2,9.848e-11,3.596e-16,2.209e-40,3.339e-18,7.594e-18,,1.136e+0,5.900e-22,,3.810e-15,2.229e-2,1.322e-11,1.039e-17,1.851e-21,1.347e-13,7.934e-21,1.683e-10,,1.133e+0,2.419e-20,1.263e-19,5.545e-18,8.983e-3,1.497e-8,4.806e+0,1.809e-19,7.498e-21,8.822e-23,1.500e-12,2.097e-20,7.272e-19,7.473e-20,8.015e-23,9.407e-5,7.330e+0,3.145e+0,6.138e-5,,5.990e+1,1.817e+1,,2.848e+1,3.599e-3,,3.814e-11,1.639e-16,,9.339e-20,,5.752e+0,,1.768e-18,,3.759e-1,,2.392e-17,,7.493e-19,1.118e-16
435.19,1.303e+2,1.458e-10,5.003e-16,1.293e-40,1.914e-18,6.496e-18,,1.138e+0,5.901e-22,,3.809e-15,2.042e-2,1.486e-11,1.039e-17,1.851e-21,1.052e-13,7.933e-21,1.375e-10,,1.211e+0,2.421e-20,1.432e-19,5.523e-18,6.846e-3,1.512e-8,4.775e+0,1.809e-19,7.490e-21,8.853e-23,8.813e-13,2.098e-20,1.097e-18,7.475e-20,8.016e-23,1.251e-4,8.423e+0,3.342e+0,4.254e-5,,5.928e+1,1.695e+1,,2.912e+1,4.499e-3,,2.444e-11,1.639e-16,,9.338e-20,,5.626e+0,,1.767e-18,,3.981e-1,,2.392e-17,,7.579e-19,1.118e-16
435.22,1.304e+2,2.607e-10,8.152e-16,5.743e-41,8.244e-19,5.101e-18,,1.133e+0,5.903e-22,,3.809e-15,1.777e-2,1.758e-11,1.039e-17,1.851e-21,7.351e-14,7.932e-21,1.048e-10,,1.328e+0,2.423e-20,1.720e-19,5.489e-18,4.604e-3,1.524e-8,4.706e+0,1.810e-19,7.479e-21,8.899e-23,3.940e-13,2.098e-20,2.016e-18,7.477e-20,8.017e-23,1.904e-4,1.030e+1,3.632e+0,2.436e-5,,5.801e+1,1.529e+1,,3.010e+1,6.240e-3,,1.245e-11,1.638e-16,,9.336e-20,,5.400e+0,,1.766e-18,,4.443e-1,,2.391e-17,,7.707e-19,1.118e-16
435.24,1.305e+2,3.822e-10,1.123e-15,3.327e-41,4.678e-19,4.320e-18,,1.124e+0,5.905e-22,,3.809e-15,1.612e-2,1.957e-11,1.039e-17,1.851e-21,5.864e-14,7.931e-21,9.033e-11,,1.405e+0,2.425e-20,1.938e-19,5.467e-18,3.599e-3,1.524e-8,4.644e+0,1.810e-19,1.344e-20,8.930e-23,2.292e-13,2.099e-20,3.010e-18,7.478e-20,8.018e-23,2.506e-4,1.171e+1,3.821e+0,1.671e-5,,5.696e+1,1.431e+1,,3.077e+1,7.722e-3,,7.896e-12,1.638e-16,,9.335e-20,,5.228e+0,,1.765e-18,,4.845e-1,,2.391e-17,,7.792e-19,1.119e-16
435.27,1.308e+2,6.732e-10,1.804e-15,1.455e-41,1.984e-19,3.341e-18,,1.102e+0,5.907e-22,,3.808e-15,1.382e-2,2.282e-11,1.039e-17,1.851e-21,4.308e-14,7.930e-21,7.778e-11,,1.518e+0,2.427e-20,2.303e-19,5.434e-18,2.641e-3,1.512e-8,4.530e+0,1.810e-19,3.211e-20,8.977e-23,1.009e-13,2.100e-20,5.452e-18,7.480e-20,8.019e-23,3.758e-4,1.410e+1,4.091e+0,9.422e-6,,5.508e+1,1.304e+1,,3.180e+1,1.055e-2,,3.959e-12,1.637e-16,,9.333e-20,,4.943e+0,,1.764e-18,,5.603e-1,,2.390e-17,,7.920e-19,1.119e-16
435.29,1.312e+2,9.769e-10,2.462e-15,8.346e-42,1.114e-19,2.801e-18,,1.082e+0,5.908e-22,,3.808e-15,1.241e-2,2.515e-11,1.039e-17,1.851e-21,3.606e-14,7.930e-21,7.466e-11,,1.590e+0,2.429e-20,2.572e-19,5.411e-18,2.298e-3,1.497e-8,4.439e+0,1.810e-19,5.712e-20,9.008e-23,5.809e-14,2.100e-20,8.061e-18,7.482e-20,8.020e-23,4.898e-4,1.588e+1,4.260e+0,6.398e-6,,5.366e+1,1.233e+1,,3.253e+1,1.292e-2,,2.486e-12,1.637e-16,,9.331e-20,,4.738e+0,,1.763e-18,,6.220e-1,,2.390e-17,,8.005e-19,1.119e-16
435.32,1.320e+2,1.695e-9,3.895e-15,3.596e-42,4.654e-20,2.134e-18,,1.045e+0,5.911e-22,,3.808e-15,1.048e-2,2.890e-11,1.038e-17,1.851e-21,2.909e-14,7.929e-21,7.695e-11,,1.692e+0,2.431e-20,3.017e-19,5.378e-18,2.158e-3,1.463e-8,4.284e+0,1.811e-19,1.345e-19,9.054e-23,2.519e-14,2.101e-20,1.438e-17,7.484e-20,8.022e-23,7.233e-4,1.884e+1,4.494e+0,3.553e-6,,5.128e+1,1.150e+1,,3.369e+1,1.739e-2,,1.228e-12,1.636e-16,,9.329e-20,,4.412e+0,,1.762e-18,,7.328e-1,,2.389e-17,,8.133e-19,1.120e-16
435.34,1.328e+2,2.435e-9,5.262e-15,2.041e-42,2.588e-20,1.771e-18,,1.016e+0,5.912e-22,,3.807e-15,9.318e-3,3.154e-11,1.038e-17,1.852e-21,2.619e-14,7.928e-21,8.283e-11,,1.754e+0,2.432e-20,3.340e-19,5.356e-18,2.299e-3,1.434e-8,4.169e+0,1.811e-19,2.369e-19,9.086e-23,1.435e-14,2.101e-20,2.105e-17,7.485e-20,8.022e-23,9.333e-4,2.100e+1,4.633e+0,2.388e-6,,4.956e+1,1.110e+1,,3.452e+1,2.110e-2,,7.632e-13,1.636e-16,,9.328e-20,,4.186e+0,,1.761e-18,,8.196e-1,,2.389e-17,,8.219e-19,1.120e-16
435.37,1.344e+2,4.163e-9,8.204e-15,8.660e-43,1.064e-20,1.330e-18,,9.661e-1,5.914e-22,,3.807e-15,7.753e-3,3.571e-11,1.038e-17,1.852e-21,2.363e-14,7.927e-21,9.809e-11,,1.838e+0,2.435e-20,3.863e-19,5.322e-18,2.877e-3,1.381e-8,3.982e+0,1.811e-19,5.494e-19,9.132e-23,6.129e-15,2.102e-20,3.701e-17,7.487e-20,8.024e-23,1.358e-3,2.454e+1,4.814e+0,1.306e-6,,4.681e+1,1.072e+1,,3.586e+1,2.796e-2,,3.712e-13,1.635e-16,,9.326e-20,,3.839e+0,,1.760e-18,,9.701e-1,,2.389e-17,,8.347e-19,1.120e-16
435.39,1.357e+2,5.921e-9,1.098e-14,4.865e-43,5.857e-21,1.093e-18,,9.297e-1,5.915e-22,,3.806e-15,6.824e-3,3.860e-11,1.038e-17,1.852e-21,2.279e-14,7.926e-21,1.127e-10,,1.887e+0,2.436e-20,4.236e-19,5.300e-18,3.541e-3,1.340e-8,3.849e+0,1.811e-19,9.580e-19,9.163e-23,3.700e-15,2.103e-20,5.364e-17,7.489e-20,8.025e-23,1.734e-3,2.708e+1,4.913e+0,8.690e-7,,4.489e+1,1.062e+1,,3.681e+1,3.358e-2,,2.284e-13,1.635e-16,,9.325e-20,,3.606e+0,,1.759e-18,,1.085e+0,,2.388e-17,,8.432e-19,1.120e-16
435.42,1.382e+2,9.971e-9,1.686e-14,2.033e-43,5.892e-21,8.098e-19,,8.711e-1,5.918e-22,,3.806e-15,5.593e-3,4.307e-11,1.038e-17,1.852e-21,2.241e-14,7.925e-21,1.416e-10,,1.948e+0,2.439e-20,4.828e-19,5.266e-18,5.055e-3,1.270e-8,3.641e+0,1.812e-19,2.189e-18,9.210e-23,2.038e-15,2.104e-20,9.289e-17,7.491e-20,8.026e-23,2.485e-3,3.117e+1,5.029e+0,4.681e-7,,4.191e+1,1.071e+1,,3.834e+1,4.385e-2,,1.094e-13,1.634e-16,,9.323e-20,,3.258e+0,,1.757e-18,,1.279e+0,,2.388e-17,,8.560e-19,1.121e-16
435.44,1.402e+2,1.404e-8,2.234e-14,1.130e-43,5.916e-21,6.604e-19,,8.299e-1,5.919e-22,,3.806e-15,4.874e-3,4.612e-11,1.038e-17,1.852e-21,2.255e-14,7.924e-21,1.661e-10,,1.980e+0,2.440e-20,5.243e-19,5.244e-18,6.499e-3,1.220e-8,3.499e+0,1.812e-19,3.780e-18,9.241e-23,1.857e-15,2.104e-20,1.333e-16,7.492e-20,8.027e-23,3.143e-3,3.406e+1,5.082e+0,3.083e-7,,3.988e+1,1.091e+1,,3.943e+1,5.212e-2,,6.662e-14,1.634e-16,,9.321e-20,,3.029e+0,,1.757e-18,,1.423e+0,,2.387e-17,,8.645e-19,1.121e-16
435.47,1.436e+2,2.329e-8,3.382e-14,4.651e-44,5.951e-21,4.845e-19,,7.658e-1,5.921e-22,,3.805e-15,3.936e-3,5.074e-11,1.038e-17,1.852e-21,2.312e-14,7.923e-21,2.114e-10,,2.013e+0,2.443e-20,5.888e-19,5.210e-18,9.530e-3,1.140e-8,3.283e+0,1.812e-19,8.509e-18,9.287e-23,2.818e-15,2.105e-20,2.274e-16,7.494e-20,8.028e-23,4.437e-3,3.860e+1,5.125e+0,1.635e-7,,3.682e+1,1.142e+1,,4.114e+1,6.704e-2,,3.142e-14,1.633e-16,,9.320e-20,,2.696e+0,,1.755e-18,,1.662e+0,,2.387e-17,,8.773e-19,1.121e-16
435.49,1.462e+2,3.247e-8,4.436e-14,4.469e-44,5.975e-21,3.939e-19,,7.223e-1,5.923e-22,,3.805e-15,3.396e-3,5.383e-11,1.038e-17,1.852e-21,2.365e-14,7.923e-21,2.481e-10,,2.025e+0,2.444e-20,6.330e-19,5.188e-18,1.230e-2,1.084e-8,3.140e+0,1.812e-19,1.454e-17,9.318e-23,4.581e-15,2.105e-20,3.231e-16,7.495e-20,8.029e-23,5.555e-3,4.176e+1,5.128e+0,1.066e-7,,3.479e+1,1.190e+1,,4.232e+1,7.889e-2,,1.894e-14,1.632e-16,,9.318e-20,,2.481e+0,,1.755e-18,,1.837e+0,,2.386e-17,,8.858e-19,1.121e-16
435.52,1.505e+2,5.306e-8,6.618e-14,4.195e-44,6.011e-21,2.900e-19,,6.565e-1,1.431e-21,,3.805e-15,2.701e-3,5.842e-11,1.038e-17,1.852e-21,2.454e-14,7.921e-21,3.139e-10,,2.028e+0,2.447e-20,7.003e-19,5.155e-18,1.794e-2,9.969e-9,2.928e+0,1.813e-19,3.226e-17,9.365e-23,1.028e-14,2.106e-20,5.431e-16,7.498e-20,8.031e-23,7.724e-3,4.663e+1,5.095e+0,5.569e-8,,3.179e+1,1.280e+1,,4.415e+1,9.996e-2,,8.799e-15,1.632e-16,,9.316e-20,,2.175e+0,,1.753e-18,,2.120e+0,,2.386e-17,,8.986e-19,1.122e-16
435.54,1.536e+2,7.324e-8,8.598e-14,4.012e-44,6.034e-21,2.386e-19,,6.129e-1,2.564e-21,,3.804e-15,2.307e-3,6.142e-11,1.038e-17,1.853e-21,2.514e-14,7.921e-21,3.659e-10,,2.020e+0,2.448e-20,7.454e-19,5.132e-18,2.298e-2,9.383e-9,2.792e+0,1.813e-19,5.459e-17,9.396e-23,1.802e-14,2.107e-20,7.640e-16,7.499e-20,8.031e-23,9.575e-3,4.993e+1,5.048e+0,3.594e-8,,2.984e+1,1.352e+1,,4.538e+1,1.165e-1,,5.251e-15,1.631e-16,,9.315e-20,,1.982e+0,,1.753e-18,,2.322e+0,,2.385e-17,,9.072e-19,1.122e-16
435.57,1.585e+2,1.179e-7,1.264e-13,3.738e-44,6.070e-21,1.834e-19,,5.488e-1,6.102e-21,,3.804e-15,1.808e-3,6.579e-11,1.038e-17,1.853e-21,2.599e-14,7.920e-21,4.575e-10,,1.993e+0,2.451e-20,8.124e-19,5.099e-18,3.310e-2,8.503e-9,2.596e+0,1.813e-19,1.193e-16,9.442e-23,4.153e-14,2.107e-20,1.265e-15,7.501e-20,8.033e-23,1.311e-2,5.491e+1,4.941e+0,1.849e-8,,2.703e+1,1.475e+1,,4.722e+1,1.453e-1,,2.402e-15,1.631e-16,,9.313e-20,,1.711e+0,,1.751e-18,,2.643e+0,,2.385e-17,,9.200e-19,1.122e-16
435.59,1.620e+2,1.611e-7,1.626e-13,3.556e-44,6.093e-21,1.590e-19,,5.072e-1,1.082e-20,,3.804e-15,1.529e-3,6.858e-11,1.038e-17,1.853e-21,2.649e-14,7.919e-21,5.284e-10,,1.965e+0,2.452e-20,8.560e-19,5.077e-18,4.202e-2,7.923e-9,2.472e+0,1.813e-19,1.999e-16,9.473e-23,7.210e-14,2.108e-20,1.762e-15,7.502e-20,8.034e-23,1.609e-2,5.822e+1,4.848e+0,1.181e-8,,2.525e+1,1.566e+1,,4.841e+1,1.676e-1,,1.419e-15,1.630e-16,,9.312e-20,,1.543e+0,,1.751e-18,,2.869e+0,,2.385e-17,,9.285e-19,1.123e-16
435.61,1.655e+2,2.193e-7,2.084e-13,3.373e-44,6.117e-21,1.434e-19,,4.669e-1,1.912e-20,,3.803e-15,1.288e-3,7.126e-11,1.038e-17,1.853e-21,2.692e-14,7.918e-21,6.081e-10,,1.930e+0,2.454e-20,8.984e-19,5.054e-18,5.312e-2,7.352e-9,2.355e+0,1.814e-19,3.336e-16,9.504e-23,1.247e-13,2.108e-20,2.444e-15,7.504e-20,8.035e-23,1.967e-2,6.147e+1,4.738e+0,7.515e-9,,2.356e+1,1.663e+1,,4.957e+1,1.926e-1,,8.346e-16,1.630e-16,,9.310e-20,,1.386e+0,,1.750e-18,,3.101e+0,,2.384e-17,,9.370e-19,1.123e-16
435.64,1.708e+2,3.457e-7,3.003e-13,3.099e-44,6.153e-21,1.351e-19,,4.092e-1,4.457e-20,,3.803e-15,9.881e-4,7.504e-11,1.038e-17,1.853e-21,2.739e-14,7.917e-21,7.451e-10,,1.864e+0,2.456e-20,9.586e-19,5.021e-18,7.496e-2,6.523e-9,2.193e+0,1.814e-19,7.138e-16,9.551e-23,2.813e-13,2.109e-20,3.964e-15,7.506e-20,8.036e-23,2.638e-2,6.619e+1,4.544e+0,3.784e-9,,2.121e+1,1.819e+1,,5.120e+1,2.353e-1,,3.737e-16,1.629e-16,,9.308e-20,,1.172e+0,,1.748e-18,,3.460e+0,,2.384e-17,,9.498e-19,1.123e-16
435.66,1.742e+2,4.658e-7,3.812e-13,2.916e-44,6.176e-21,1.392e-19,,3.729e-1,7.797e-20,,3.803e-15,8.241e-4,7.738e-11,1.038e-17,1.853e-21,2.759e-14,7.917e-21,8.490e-10,,1.812e+0,2.458e-20,9.960e-19,4.998e-18,9.384e-2,5.993e-9,2.094e+0,1.814e-19,1.179e-15,9.582e-23,4.815e-13,2.110e-20,5.445e-15,7.507e-20,8.037e-23,3.192e-2,6.919e+1,4.397e+0,2.383e-9,,1.978e+1,1.927e+1,,5.218e+1,2.676e-1,,2.176e-16,1.629e-16,,9.307e-20,,1.042e+0,,1.748e-18,,3.705e+0,,2.383e-17,,9.584e-19,1.123e-16
435.69,1.792e+2,7.233e-7,5.413e-13,2.642e-44,6.212e-21,1.603e-19,,3.219e-1,1.791e-19,,3.802e-15,6.229e-4,8.060e-11,1.038e-17,1.853e-21,2.769e-14,7.915e-21,1.025e-9,,1.723e+0,2.460e-20,1.047e-18,4.965e-18,1.305e-1,5.237e-9,1.960e+0,1.814e-19,2.486e-15,9.628e-23,1.071e-12,2.110e-20,8.699e-15,7.509e-20,8.038e-23,4.218e-2,7.339e+1,4.157e+0,1.182e-9,,1.786e+1,2.093e+1,,5.347e+1,3.222e-1,,9.596e-17,1.628e-16,,9.305e-20,,8.673e-1,,1.746e-18,,4.073e+0,,2.383e-17,,9.712e-19,1.124e-16
435.71,1.824e+2,9.650e-7,6.806e-13,2.460e-44,6.235e-21,1.850e-19,,2.904e-1,3.101e-19,,3.802e-15,5.143e-4,8.256e-11,1.038e-17,1.853e-21,2.763e-14,7.915e-21,1.156e-9,,1.659e+0,2.462e-20,1.077e-18,4.943e-18,1.617e-1,4.762e-9,1.880e+0,1.815e-19,4.067e-15,9.660e-23,1.814e-12,2.111e-20,1.183e-14,7.511e-20,8.039e-23,5.053e-2,7.594e+1,3.985e+0,7.368e-10,,1.673e+1,2.206e+1,,5.418e+1,3.627e-1,,5.531e-17,1.628e-16,,9.304e-20,,7.636e-1,,1.746e-18,,4.318e+0,,2.382e-17,,9.797e-19,1.124e-16
435.74,1.867e+2,1.476e-6,9.528e-13,2.186e-44,6.271e-21,2.403e-19,,2.470e-1,7.016e-19,,3.801e-15,3.829e-4,8.521e-11,1.038e-17,1.854e-21,2.733e-14,7.914e-21,1.375e-9,,1.554e+0,2.464e-20,1.115e-18,4.909e-18,2.214e-1,4.099e-9,1.775e+0,1.815e-19,8.447e-15,9.706e-23,3.974e-12,2.112e-20,1.862e-14,7.513e-20,8.041e-23,6.575e-2,7.935e+1,3.713e+0,3.599e-10,,1.531e+1,2.373e+1,,5.500e+1,4.301e-1,,2.402e-17,1.627e-16,,9.302e-20,,6.261e-1,,1.744e-18,,4.677e+0,,2.382e-17,,9.925e-19,1.124e-16
435.76,1.892e+2,1.950e-6,1.187e-12,2.003e-44,6.295e-21,2.914e-19,,2.205e-1,1.203e-18,,3.801e-15,3.130e-4,8.679e-11,1.038e-17,1.854e-21,2.700e-14,7.913e-21,1.536e-9,,1.481e+0,2.465e-20,1.135e-18,4.887e-18,2.717e-1,3.691e-9,1.714e+0,1.815e-19,1.368e-14,9.737e-23,6.669e-12,2.112e-20,2.507e-14,7.514e-20,8.041e-23,7.799e-2,8.129e+1,3.526e+0,2.221e-10,,1.453e+1,2.482e+1,,5.535e+1,4.794e-1,,1.370e-17,1.627e-16,,9.300e-20,,5.457e-1,,1.744e-18,,4.908e+0,,2.381e-17,,1.001e-18,1.125e-16
435.79,1.924e+2,2.937e-6,1.638e-12,1.729e-44,6.330e-21,3.938e-19,,1.847e-1,2.682e-18,,3.801e-15,2.296e-4,8.893e-11,1.038e-17,1.854e-21,2.631e-14,7.912e-21,1.799e-9,,1.367e+0,2.468e-20,1.158e-18,4.853e-18,3.665e-1,3.129e-9,1.634e+0,1.815e-19,2.799e-14,9.784e-23,1.439e-11,2.113e-20,3.888e-14,7.516e-20,8.043e-23,9.997e-2,8.365e+1,3.241e+0,1.068e-10,,1.364e+1,2.639e+1,,5.558e+1,5.599e-1,,5.860e-18,1.626e-16,,9.298e-20,,4.407e-1,,1.742e-18,,5.238e+0,,2.381e-17,,1.014e-18,1.125e-16
435.81,1.941e+2,3.841e-6,2.022e-12,1.547e-44,6.354e-21,4.826e-19,,1.633e-1,4.553e-18,,3.800e-15,1.858e-4,9.021e-11,1.038e-17,1.854e-21,2.573e-14,7.911e-21,1.989e-9,,1.289e+0,2.469e-20,1.167e-18,4.831e-18,4.451e-1,2.789e-9,1.589e+0,1.816e-19,4.489e-14,9.815e-23,2.391e-11,2.113e-20,5.184e-14,7.518e-20,8.044e-23,1.174e-1,8.484e+1,3.049e+0,6.525e-11,,1.323e+1,2.738e+1,,5.551e+1,6.179e-1,,3.310e-18,1.625e-16,,9.297e-20,,3.802e-1,,1.742e-18,,5.443e+0,,2.381e-17,,1.022e-18,1.125e-16
435.84,1.958e+2,5.702e-6,2.752e-12,1.273e-44,6.389e-21,6.539e-19,,1.347e-1,9.998e-18,,3.800e-15,1.343e-4,9.196e-11,1.038e-17,1.854e-21,2.470e-14,7.910e-21,2.296e-9,,1.172e+0,2.472e-20,1.172e-18,4.797e-18,5.915e-1,2.329e-9,1.530e+0,1.816e-19,9.048e-14,9.861e-23,5.082e-11,2.114e-20,7.920e-14,7.520e-20,8.045e-23,1.482e-1,8.600e+1,2.765e+0,3.091e-11,,1.289e+1,2.875e+1,,5.509e+1,7.109e-1,,1.394e-18,1.625e-16,,9.295e-20,,3.024e-1,,1.740e-18,,5.722e+0,,2.380e-17,,1.035e-18,1.125e-16
435.86,1.965e+2,7.382e-6,3.365e-12,2.287e-44,6.413e-21,7.986e-19,,1.179e-1,1.681e-17,,3.800e-15,1.076e-4,9.305e-11,1.038e-17,1.854e-21,2.392e-14,7.910e-21,2.513e-9,,1.094e+0,2.473e-20,1.170e-18,4.775e-18,7.114e-1,2.054e-9,1.497e+0,1.816e-19,1.437e-13,9.892e-23,8.360e-11,2.115e-20,1.045e-13,7.521e-20,8.046e-23,1.723e-1,8.635e+1,2.578e+0,1.869e-11,,1.285e+1,2.958e+1,,5.459e+1,7.766e-1,,7.792e-19,1.624e-16,,9.294e-20,,2.583e-1,,1.739e-18,,5.886e+0,,2.380e-17,,1.044e-18,1.126e-16
435.89,1.967e+2,1.079e-5,4.518e-12,5.468e-44,6.448e-21,1.071e-18,,9.580e-2,3.636e-17,,3.799e-15,7.658e-5,9.463e-11,1.038e-17,1.854e-21,2.262e-14,7.908e-21,2.857e-9,,9.797e-1,2.476e-20,1.158e-18,4.742e-18,9.312e-1,1.690e-9,1.454e+0,1.816e-19,2.853e-13,9.939e-23,1.751e-10,2.115e-20,1.574e-13,7.523e-20,8.047e-23,2.143e-1,8.622e+1,2.307e+0,8.720e-12,,1.308e+1,3.068e+1,,5.351e+1,8.801e-1,,3.232e-19,1.624e-16,,9.292e-20,,2.024e-1,,1.738e-18,,6.096e+0,,2.379e-17,,1.056e-18,1.126e-16
435.91,1.963e+2,1.384e-5,5.474e-12,9.730e-44,6.472e-21,1.298e-18,,8.300e-2,6.052e-17,,3.799e-15,6.075e-5,9.567e-11,1.038e-17,1.854e-21,2.168e-14,7.908e-21,3.096e-9,,9.056e-1,2.477e-20,1.144e-18,4.719e-18,1.109e+0,1.476e-9,1.429e+0,1.817e-19,4.485e-13,9.970e-23,2.852e-10,2.116e-20,2.056e-13,7.525e-20,8.048e-23,2.467e-1,8.570e+1,2.133e+0,5.219e-12,,1.341e+1,3.131e+1,,5.259e+1,9.519e-1,,1.788e-19,1.623e-16,,9.290e-20,,1.711e-1,,1.737e-18,,6.209e+0,,2.379e-17,,1.065e-18,1.126e-16
435.94,1.949e+2,1.993e-5,7.253e-12,2.292e-43,6.508e-21,1.718e-18,,6.643e-2,1.290e-16,,3.799e-15,4.260e-5,9.731e-11,1.038e-17,1.855e-21,2.019e-14,7.907e-21,3.466e-9,,7.988e-1,2.480e-20,1.115e-18,4.686e-18,1.430e+0,1.196e-9,1.396e+0,1.817e-19,8.773e-13,1.002e-22,5.884e-10,2.117e-20,3.050e-13,7.527e-20,8.050e-23,3.023e-1,8.430e+1,1.885e+0,2.398e-12,,1.417e+1,3.210e+1,,5.091e+1,1.063e+0,,2.240e-19,1.623e-16,,9.288e-20,,1.320e-1,,1.736e-18,,6.335e+0,,2.378e-17,,1.078e-18,1.127e-16
435.96,1.935e+2,2.529e-5,8.711e-12,4.038e-43,6.531e-21,2.062e-18,,5.697e-2,2.125e-16,,3.798e-15,3.345e-5,9.847e-11,1.038e-17,1.855e-21,1.916e-14,7.906e-21,3.719e-9,,7.309e-1,2.481e-20,1.090e-18,4.664e-18,1.685e+0,1.034e-9,1.376e+0,1.817e-19,1.365e-12,1.005e-22,9.488e-10,2.117e-20,3.946e-13,7.528e-20,8.050e-23,3.444e-1,8.295e+1,1.729e+0,1.421e-12,,1.485e+1,3.251e+1,,4.962e+1,1.138e+0,,2.541e-19,1.622e-16,,9.287e-20,,1.105e-1,,1.735e-18,,6.389e+0,,2.378e-17,,1.086e-18,1.127e-16
435.98,1.918e+2,3.196e-5,1.042e-11,7.086e-43,6.555e-21,2.464e-18,,4.867e-2,3.489e-16,,3.798e-15,2.617e-5,9.971e-11,1.038e-17,1.855e-21,1.811e-14,7.905e-21,3.974e-9,,6.661e-1,2.483e-20,1.062e-18,4.641e-18,1.978e+0,8.903e-10,1.357e+0,1.817e-19,2.117e-12,1.008e-22,1.524e-9,2.118e-20,5.086e-13,7.529e-20,8.051e-23,3.908e-1,8.131e+1,1.581e+0,8.381e-13,,1.565e+1,3.285e+1,,4.821e+1,1.213e+0,,2.841e-19,1.622e-16,,9.286e-20,,9.215e-2,,1.735e-18,,6.417e+0,,2.377e-17,,1.095e-18,1.127e-16
436.01,1.886e+2,4.508e-5,1.356e-11,1.635e-42,6.590e-21,3.195e-18,,3.813e-2,7.282e-16,,3.798e-15,1.797e-5,1.018e-10,1.038e-17,1.855e-21,1.651e-14,7.904e-21,4.357e-9,,5.752e-1,2.485e-20,1.014e-18,4.608e-18,2.498e+0,7.061e-10,1.328e+0,1.817e-19,4.055e-12,1.012e-22,3.079e-9,2.118e-20,7.386e-13,7.532e-20,8.053e-23,4.689e-1,7.831e+1,1.375e+0,3.770e-13,,1.709e+1,3.319e+1,,4.588e+1,1.326e+0,,3.293e-19,1.621e-16,,9.284e-20,,6.961e-2,,1.733e-18,,6.413e+0,,2.377e-17,,1.108e-18,1.127e-16
436.03,1.861e+2,5.641e-5,1.609e-11,2.841e-42,6.614e-21,3.781e-18,,3.225e-2,1.183e-15,,3.797e-15,1.391e-5,1.033e-10,1.038e-17,1.855e-21,1.545e-14,7.904e-21,4.609e-9,,5.190e-1,2.487e-20,9.776e-19,4.585e-18,2.903e+0,6.020e-10,1.310e+0,1.818e-19,6.224e-12,1.016e-22,4.897e-9,2.119e-20,9.425e-13,7.533e-20,8.054e-23,5.268e-1,7.599e+1,1.248e+0,2.202e-13,,1.819e+1,3.334e+1,,4.423e+1,1.400e+0,,3.594e-19,1.621e-16,,9.282e-20,,5.745e-2,,1.733e-18,,6.378e+0,,2.376e-17,,1.116e-18,1.128e-16
436.06,1.821e+2,7.838e-5,2.067e-11,6.457e-42,1.594e-20,4.831e-18,,2.489e-2,2.433e-15,,3.797e-15,9.411e-6,1.059e-10,1.038e-17,1.855e-21,1.388e-14,7.902e-21,4.977e-9,,4.414e-1,2.489e-20,9.189e-19,4.552e-18,3.611e+0,4.703e-10,1.280e+0,1.818e-19,1.175e-11,1.020e-22,9.747e-9,2.120e-20,1.348e-12,7.535e-20,8.055e-23,6.226e-1,7.210e+1,1.074e+0,9.752e-14,,2.003e+1,3.343e+1,,4.163e+1,1.507e+0,,4.045e-19,1.620e-16,,9.280e-20,,4.275e-2,,1.731e-18,,6.281e+0,,2.376e-17,,1.129e-18,1.128e-16
436.08,1.792e+2,9.711e-5,2.433e-11,1.111e-41,2.853e-20,5.660e-18,,2.083e-2,3.915e-15,,3.797e-15,7.215e-6,1.077e-10,1.038e-17,1.855e-21,1.286e-14,7.902e-21,5.213e-9,,3.943e-1,2.491e-20,8.773e-19,4.530e-18,4.155e+0,3.969e-10,1.259e+0,1.818e-19,1.785e-11,1.023e-22,1.535e-8,2.120e-20,1.704e-12,7.536e-20,8.056e-23,6.925e-1,6.928e+1,9.680e-1,5.638e-14,,2.136e+1,3.344e+1,,3.985e+1,1.576e+0,,4.346e-19,1.620e-16,,9.279e-20,,3.493e-2,,1.730e-18,,6.186e+0,,2.376e-17,,1.138e-18,1.128e-16
436.11,1.748e+2,1.329e-4,3.087e-11,2.487e-41,6.775e-20,7.124e-18,,1.584e-2,7.932e-15,,3.796e-15,4.808e-6,1.108e-10,1.038e-17,1.855e-21,1.137e-14,7.901e-21,5.545e-9,,3.303e-1,2.493e-20,8.122e-19,4.496e-18,5.091e+0,3.054e-10,1.226e+0,1.818e-19,3.319e-11,1.028e-22,3.010e-8,2.121e-20,2.402e-12,7.539e-20,8.057e-23,8.062e-1,6.478e+1,8.252e-1,2.459e-14,,2.349e+1,3.339e+1,,3.716e+1,1.671e+0,,4.797e-19,1.619e-16,,9.277e-20,,2.560e-2,,1.729e-18,,6.004e+0,,2.375e-17,,1.150e-18,1.128e-16
436.13,1.719e+2,1.630e-4,3.604e-11,4.237e-41,1.200e-19,8.264e-18,,1.312e-2,1.264e-14,,3.796e-15,3.649e-6,1.130e-10,1.038e-17,1.856e-21,1.043e-14,7.900e-21,5.749e-9,,2.921e-1,2.495e-20,7.677e-19,4.474e-18,5.800e+0,2.552e-10,1.202e+0,1.819e-19,4.994e-11,1.031e-22,4.692e-8,2.121e-20,3.004e-12,7.540e-20,8.058e-23,8.877e-1,6.165e+1,7.398e-1,1.407e-14,,2.498e+1,3.333e+1,,3.537e+1,1.729e+0,,5.098e-19,1.619e-16,,9.276e-20,,2.070e-2,,1.728e-18,,5.857e+0,,2.375e-17,,1.159e-18,1.129e-16
436.16,1.676e+2,2.198e-4,4.520e-11,9.347e-41,2.808e-19,1.025e-17,,9.826e-3,2.522e-14,,3.795e-15,2.395e-6,1.165e-10,1.038e-17,1.856e-21,9.089e-15,7.899e-21,6.025e-9,,2.410e-1,2.497e-20,7.001e-19,4.440e-18,6.999e+0,1.934e-10,1.165e+0,1.819e-19,9.149e-11,1.036e-22,9.065e-8,2.122e-20,4.172e-12,7.542e-20,8.060e-23,1.018e+0,5.684e+1,6.256e-1,6.046e-15,,2.728e+1,3.325e+1,,3.275e+1,1.806e+0,,5.550e-19,1.618e-16,,9.274e-20,,1.494e-2,,1.727e-18,,5.603e+0,,2.374e-17,,1.172e-18,1.129e-16
436.18,1.649e+2,2.669e-4,5.238e-11,1.576e-40,4.925e-19,1.177e-17,,8.062e-3,3.978e-14,,3.795e-15,1.800e-6,1.189e-10,1.038e-17,1.856e-21,8.251e-15,7.898e-21,6.184e-9,,2.110e-1,2.498e-20,6.551e-19,4.418e-18,7.894e+0,1.599e-10,1.138e+0,1.819e-19,1.363e-10,1.039e-22,1.399e-7,2.123e-20,5.167e-12,7.543e-20,8.060e-23,1.110e+0,5.360e+1,5.581e-1,3.425e-15,,2.883e+1,3.323e+1,,3.107e+1,1.850e+0,,5.851e-19,1.617e-16,,9.272e-20,,1.196e-2,,1.726e-18,,5.415e+0,,2.374e-17,,1.180e-18,1.129e-16
436.21,1.613e+2,3.545e-4,6.497e-11,3.426e-40,1.135e-18,1.437e-17,,5.945e-3,7.821e-14,,3.795e-15,1.164e-6,1.226e-10,1.038e-17,1.856e-21,7.083e-15,7.897e-21,6.383e-9,,1.715e-1,2.501e-20,5.885e-19,4.385e-18,9.385e+0,1.194e-10,1.095e+0,1.819e-19,2.459e-10,1.044e-22,2.663e-7,2.123e-20,7.070e-12,7.545e-20,8.062e-23,1.254e+0,4.878e+1,4.688e-1,1.449e-15,,3.116e+1,3.327e+1,,2.867e+1,1.904e+0,,6.302e-19,1.617e-16,,9.270e-20,,8.507e-3,,1.725e-18,,5.108e+0,,2.373e-17,,1.193e-18,1.130e-16
436.23,1.592e+2,4.262e-4,7.474e-11,5.721e-40,1.972e-18,1.634e-17,,4.828e-3,1.221e-13,,3.794e-15,8.659e-7,1.251e-10,1.038e-17,1.856e-21,6.365e-15,7.896e-21,6.486e-9,,1.486e-1,2.502e-20,5.451e-19,4.362e-18,1.048e+1,9.777e-11,1.066e+0,1.820e-19,3.627e-10,1.047e-22,4.070e-7,2.124e-20,8.670e-12,7.547e-20,8.063e-23,1.353e+0,4.565e+1,4.166e-1,8.125e-16,,3.268e+1,3.338e+1,,2.718e+1,1.931e+0,,6.603e-19,1.616e-16,,9.269e-20,,6.743e-3,,1.724e-18,,4.891e+0,,2.373e-17,,1.202e-18,1.130e-16
436.26,1.566e+2,5.576e-4,9.173e-11,1.225e-39,4.479e-18,1.966e-17,,3.507e-3,2.366e-13,,3.794e-15,5.515e-7,1.287e-10,1.038e-17,1.856e-21,5.382e-15,7.895e-21,6.595e-9,,1.190e-1,2.505e-20,4.823e-19,4.329e-18,1.227e+1,7.190e-11,1.021e+0,1.820e-19,6.449e-10,1.051e-22,7.632e-7,2.125e-20,1.169e-11,7.549e-20,8.064e-23,1.506e+0,4.113e+1,3.481e-1,3.385e-16,,3.488e+1,3.368e+1,,2.514e+1,1.958e+0,,7.054e-19,1.616e-16,,9.267e-20,,4.722e-3,,1.723e-18,,4.553e+0,,2.372e-17,,1.214e-18,1.130e-16
436.28,1.553e+2,6.637e-4,1.048e-10,2.026e-39,7.701e-18,2.212e-17,,2.820e-3,3.659e-13,,3.794e-15,4.062e-7,1.310e-10,1.038e-17,1.856e-21,4.788e-15,7.895e-21,6.635e-9,,1.021e-1,2.506e-20,4.423e-19,4.306e-18,1.357e+1,5.829e-11,9.897e-1,1.820e-19,9.417e-10,1.054e-22,1.155e-6,2.125e-20,1.419e-11,7.550e-20,8.065e-23,1.609e+0,3.828e+1,3.083e-1,1.879e-16,,3.626e+1,3.401e+1,,2.391e+1,1.965e+0,,7.355e-19,1.615e-16,,9.266e-20,,3.705e-3,,1.722e-18,,4.322e+0,,2.372e-17,,1.223e-18,1.130e-16
436.31,1.541e+2,8.555e-4,1.274e-10,4.274e-39,1.723e-17,2.622e-17,,2.017e-3,6.982e-13,,3.793e-15,2.549e-7,1.341e-10,1.038e-17,1.856e-21,3.988e-15,7.894e-21,6.645e-9,,8.048e-2,2.509e-20,3.855e-19,4.273e-18,1.565e+1,4.223e-11,9.431e-1,1.820e-19,1.649e-9,1.059e-22,2.133e-6,2.126e-20,1.884e-11,7.552e-20,8.066e-23,1.763e+0,3.434e+1,2.565e-1,1.869e-16,,3.818e+1,3.470e+1,,2.228e+1,1.963e+0,,7.806e-19,1.615e-16,,9.264e-20,,2.556e-3,,1.721e-18,,3.972e+0,,2.371e-17,,1.236e-18,1.131e-16
436.33,1.539e+2,1.008e-3,1.446e-10,6.995e-39,2.934e-17,2.922e-17,,1.606e-3,1.069e-12,,3.793e-15,1.859e-7,1.359e-10,1.038e-17,1.857e-21,3.512e-15,7.893e-21,6.618e-9,,6.835e-2,2.510e-20,3.500e-19,4.251e-18,1.713e+1,3.391e-11,9.123e-1,1.821e-19,2.385e-9,1.062e-22,3.196e-6,2.126e-20,2.265e-11,7.554e-20,8.067e-23,1.865e+0,3.198e+1,2.267e-1,1.862e-16,,3.933e+1,3.531e+1,,2.135e+1,1.951e+0,,8.107e-19,1.614e-16,,9.263e-20,,1.985e-3,,1.720e-18,,3.740e+0,,2.371e-17,,1.244e-18,1.131e-16
436.35,1.540e+2,1.183e-3,1.638e-10,1.140e-38,4.974e-17,3.243e-17,,1.273e-3,1.630e-12,,3.793e-15,1.350e-7,1.375e-10,1.038e-17,1.857e-21,3.081e-15,7.892e-21,6.565e-9,,5.781e-2,2.512e-20,3.165e-19,4.228e-18,1.867e+1,2.713e-11,8.821e-1,1.821e-19,3.434e-9,1.065e-22,4.768e-6,2.127e-20,2.713e-11,7.555e-20,8.068e-23,1.965e+0,2.986e+1,2.002e-1,1.855e-16,,4.037e+1,3.605e+1,,2.054e+1,1.931e+0,,8.408e-19,1.614e-16,,9.261e-20,,1.536e-3,,1.719e-18,,3.510e+0,,2.371e-17,,1.253e-18,1.131e-16
436.38,1.552e+2,1.493e-3,1.966e-10,2.357e-38,1.090e-16,3.764e-17,,8.915e-4,3.046e-12,,3.792e-15,8.294e-8,1.393e-10,1.038e-17,1.857e-21,2.512e-15,7.891e-21,6.438e-9,,4.463e-2,2.514e-20,2.700e-19,4.195e-18,2.109e+1,1.931e-11,8.384e-1,1.821e-19,5.890e-9,1.070e-22,8.626e-6,2.128e-20,3.528e-11,7.557e-20,8.069e-23,2.109e+0,2.721e+1,1.658e-1,1.844e-16,,4.167e+1,3.741e+1,,1.956e+1,1.888e+0,,8.860e-19,1.613e-16,,9.259e-20,,1.037e-3,,1.718e-18,,3.175e+0,,2.370e-17,,1.265e-18,1.132e-16
436.4,1.565e+2,1.735e-3,2.214e-10,3.804e-38,1.831e-16,4.135e-17,,6.996e-4,4.599e-12,,3.792e-15,5.964e-8,1.401e-10,1.038e-17,1.857e-21,2.182e-15,7.890e-21,6.322e-9,,3.737e-2,2.516e-20,2.417e-19,4.172e-18,2.276e+1,1.534e-11,8.108e-1,1.821e-19,8.398e-9,1.073e-22,1.274e-5,2.128e-20,4.183e-11,7.559e-20,8.070e-23,2.200e+0,2.585e+1,1.461e-1,1.837e-16,,4.237e+1,3.848e+1,,1.905e+1,1.850e+0,,9.160e-19,1.613e-16,,9.258e-20,,7.941e-4,,1.717e-18,,2.960e+0,,2.370e-17,,1.274e-18,1.132e-16
436.43,1.595e+2,2.157e-3,2.635e-10,7.744e-38,3.953e-16,4.728e-17,,4.827e-4,8.468e-12,,3.792e-15,3.609e-8,1.405e-10,1.038e-17,1.857e-21,1.752e-15,7.889e-21,6.107e-9,,2.842e-2,2.518e-20,2.032e-19,4.139e-18,2.533e+1,1.086e-11,7.726e-1,1.822e-19,1.419e-8,1.078e-22,2.271e-5,2.129e-20,5.359e-11,7.561e-20,8.072e-23,2.326e+0,2.451e+1,1.208e-1,1.826e-16,,4.312e+1,4.031e+1,,1.851e+1,1.782e+0,,9.612e-19,1.612e-16,,9.256e-20,,5.282e-4,,1.716e-18,,2.651e+0,,2.369e-17,,1.287e-18,1.132e-16
436.45,1.621e+2,2.482e-3,2.951e-10,1.238e-37,6.572e-16,5.143e-17,,3.750e-4,1.266e-11,,3.791e-15,2.569e-8,1.403e-10,1.038e-17,1.857e-21,1.506e-15,7.889e-21,5.937e-9,,2.356e-2,2.520e-20,1.800e-19,7.426e-18,2.706e+1,8.650e-12,7.496e-1,1.822e-19,2.003e-8,1.081e-22,3.322e-5,2.129e-20,6.291e-11,7.562e-20,8.073e-23,2.402e+0,2.414e+1,1.062e-1,1.819e-16,,4.342e+1,4.169e+1,,1.828e+1,1.729e+0,,9.913e-19,1.612e-16,,9.255e-20,,4.004e-4,,1.715e-18,,2.457e+0,,2.369e-17,,1.295e-18,1.132e-16
436.48,1.670e+2,3.040e-3,3.486e-10,2.482e-37,1.398e-15,5.791e-17,,2.548e-4,2.296e-11,,3.791e-15,1.532e-8,1.392e-10,1.038e-17,1.857e-21,1.192e-15,7.888e-21,5.649e-9,,1.765e-2,2.522e-20,1.491e-19,1.772e-17,2.966e+1,6.245e-12,7.196e-1,1.822e-19,3.335e-8,1.085e-22,5.834e-5,2.130e-20,7.941e-11,7.564e-20,8.074e-23,2.502e+0,2.449e+1,8.751e-2,1.809e-16,,4.358e+1,4.394e+1,,1.812e+1,1.640e+0,,1.036e-18,1.611e-16,,9.253e-20,,2.623e-4,,1.714e-18,,2.185e+0,,2.368e-17,,1.308e-18,1.133e-16
436.5,1.709e+2,3.462e-3,3.885e-10,3.928e-37,2.301e-15,6.237e-17,,1.959e-4,3.399e-11,,3.791e-15,1.080e-8,1.379e-10,1.038e-17,1.857e-21,1.014e-15,7.887e-21,5.438e-9,,1.448e-2,2.524e-20,1.308e-19,3.147e-17,3.137e+1,5.134e-12,7.030e-1,1.822e-19,4.661e-8,1.089e-22,8.449e-5,2.131e-20,9.230e-11,7.566e-20,8.075e-23,2.558e+0,2.542e+1,7.682e-2,1.802e-16,,4.348e+1,4.556e+1,,1.812e+1,1.576e+0,,1.066e-18,1.611e-16,,9.251e-20,,1.969e-4,,1.713e-18,,2.017e+0,,2.368e-17,,1.317e-18,1.133e-16
436.53,1.779e+2,4.177e-3,4.556e-10,7.762e-37,4.823e-15,6.919e-17,,1.311e-4,6.074e-11,,3.790e-15,6.340e-9,1.351e-10,1.038e-17,1.858e-21,7.904e-16,7.886e-21,5.096e-9,,1.068e-2,2.526e-20,1.066e-19,7.398e-17,3.388e+1,4.067e-12,6.837e-1,1.823e-19,7.643e-8,1.093e-22,1.462e-4,2.131e-20,1.148e-10,7.568e-20,8.076e-23,2.624e+0,2.800e+1,6.306e-2,1.791e-16,,4.305e+1,4.810e+1,,1.826e+1,1.472e+0,,1.112e-18,1.610e-16,,9.249e-20,,1.270e-4,,1.712e-18,,1.785e+0,,2.367e-17,,1.329e-18,1.133e-16
436.55,1.834e+2,4.710e-3,5.055e-10,1.216e-36,7.860e-15,7.378e-17,,9.984e-5,8.900e-11,,3.790e-15,4.424e-9,1.327e-10,1.038e-17,1.858e-21,6.659e-16,7.885e-21,4.856e-9,,8.680e-3,2.528e-20,9.262e-20,1.301e-16,3.548e+1,3.700e-12,6.750e-1,1.823e-19,1.058e-7,1.096e-22,2.096e-4,2.132e-20,1.321e-10,7.569e-20,8.077e-23,2.656e+0,3.062e+1,5.520e-2,1.784e-16,,4.258e+1,4.985e+1,,1.844e+1,1.400e+0,,1.142e-18,1.609e-16,,9.248e-20,,9.439e-5,,1.711e-18,,1.644e+0,,2.367e-17,,1.338e-18,1.133e-16
436.58,1.929e+2,5.598e-3,5.887e-10,2.368e-36,1.623e-14,8.062e-17,,6.582e-5,1.567e-10,,3.789e-15,2.559e-9,1.283e-10,1.038e-17,1.858e-21,5.111e-16,7.884e-21,4.483e-9,,6.308e-3,2.530e-20,7.440e-20,3.014e-16,3.773e+1,3.614e-12,6.686e-1,1.823e-19,1.709e-7,1.101e-22,3.571e-4,2.133e-20,1.618e-10,7.571e-20,8.079e-23,2.684e+0,3.612e+1,4.511e-2,1.774e-16,,4.161e+1,5.251e+1,,1.879e+1,1.289e+0,,1.187e-18,1.609e-16,,9.246e-20,,5.999e-5,,1.710e-18,,1.453e+0,,2.366e-17,,1.351e-18,1.134e-16
436.6,2.002e+2,6.250e-3,6.502e-10,3.673e-36,2.619e-14,8.510e-17,,4.961e-5,2.273e-10,,3.789e-15,1.768e-9,1.249e-10,1.038e-17,1.858e-21,4.263e-16,7.883e-21,4.230e-9,,5.073e-3,2.531e-20,6.397e-20,5.249e-16,3.912e+1,3.861e-12,6.690e-1,1.823e-19,2.341e-7,1.104e-22,5.070e-4,2.133e-20,1.844e-10,7.573e-20,8.079e-23,2.689e+0,4.097e+1,3.935e-2,1.767e-16,,4.082e+1,5.426e+1,,1.908e+1,1.213e+0,,1.217e-18,1.608e-16,,9.245e-20,,4.412e-5,,1.709e-18,,1.339e+0,,2.366e-17,,1.359e-18,1.134e-16
436.63,2.128e+2,7.317e-3,7.522e-10,7.045e-36,5.328e-14,9.161e-17,,3.221e-5,3.943e-10,,3.789e-15,1.007e-9,1.192e-10,1.038e-17,1.858e-21,3.223e-16,7.882e-21,3.846e-9,,3.631e-3,2.534e-20,5.062e-20,1.198e-15,4.099e+1,4.712e-12,6.768e-1,1.824e-19,3.727e-7,1.109e-22,8.513e-4,2.134e-20,2.226e-10,7.575e-20,8.081e-23,2.677e+0,5.030e+1,3.197e-2,1.756e-16,,3.944e+1,5.680e+1,,1.955e+1,1.100e+0,,1.262e-18,1.608e-16,,9.243e-20,,2.762e-5,,1.708e-18,,1.185e+0,,2.366e-17,,1.372e-18,1.134e-16
436.65,2.223e+2,8.088e-3,8.272e-10,1.082e-35,8.513e-14,9.574e-17,,2.403e-5,5.665e-10,,3.788e-15,6.889e-10,1.150e-10,1.038e-17,1.858e-21,2.662e-16,7.882e-21,3.592e-9,,2.891e-3,2.535e-20,4.309e-20,2.065e-15,4.207e+1,5.640e-12,6.869e-1,1.824e-19,5.055e-7,1.112e-22,1.197e-3,2.135e-20,2.511e-10,7.576e-20,8.082e-23,2.656e+0,5.806e+1,2.778e-2,1.749e-16,,3.841e+1,5.840e+1,,1.988e+1,1.025e+0,,1.292e-18,1.607e-16,,9.241e-20,,2.011e-5,,1.707e-18,,1.095e+0,,2.365e-17,,1.381e-18,1.135e-16
436.68,2.388e+2,9.328e-3,9.507e-10,2.045e-35,1.706e-13,1.015e-16,,1.537e-5,9.680e-10,,3.788e-15,3.867e-10,1.082e-10,1.038e-17,1.858e-21,1.982e-16,7.881e-21,3.218e-9,,2.038e-3,2.538e-20,3.358e-20,4.643e-15,4.342e+1,7.678e-12,7.095e-1,1.824e-19,7.927e-7,1.116e-22,1.979e-3,2.135e-20,2.986e-10,7.578e-20,8.083e-23,2.605e+0,7.236e+1,2.242e-2,1.739e-16,,3.675e+1,6.059e+1,,2.039e+1,9.157e-1,,1.337e-18,1.607e-16,,9.239e-20,,1.240e-5,,1.706e-18,,9.748e-1,,2.365e-17,,1.393e-18,1.135e-16
436.7,2.513e+2,1.021e-2,1.041e-9,3.110e-35,2.699e-13,1.050e-16,,1.135e-5,1.377e-9,,3.788e-15,2.618e-10,1.034e-10,1.038e-17,1.858e-21,1.620e-16,7.880e-21,2.975e-9,,1.607e-3,2.539e-20,2.830e-20,7.927e-15,4.412e+1,9.559e-12,7.295e-1,1.824e-19,1.065e-6,1.120e-22,2.754e-3,2.136e-20,3.336e-10,7.579e-20,8.084e-23,2.558e+0,8.388e+1,1.939e-2,1.732e-16,,3.560e+1,6.189e+1,,2.072e+1,8.450e-1,,1.367e-18,1.606e-16,,9.238e-20,,8.937e-6,,1.705e-18,,9.044e-1,,2.364e-17,,1.402e-18,1.135e-16
436.72,2.652e+2,1.113e-2,1.137e-9,4.710e-35,4.253e-13,1.083e-16,,8.351e-6,1.950e-9,,3.787e-15,1.766e-10,9.838e-11,1.038e-17,1.859e-21,1.319e-16,7.879e-21,2.740e-9,,1.261e-3,2.541e-20,2.375e-20,1.348e-14,4.466e+1,1.195e-11,7.533e-1,1.825e-19,1.424e-6,1.123e-22,3.818e-3,2.136e-20,3.711e-10,7.581e-20,8.085e-23,2.503e+0,9.716e+1,1.674e-2,1.725e-16,,3.442e+1,6.303e+1,,2.103e+1,7.766e-1,,1.397e-18,1.606e-16,,9.237e-20,,6.415e-6,,1.704e-18,,8.409e-1,,2.364e-17,,1.411e-18,1.135e-16
436.75,2.891e+2,1.256e-2,1.295e-9,8.717e-35,8.349e-13,1.124e-16,,5.229e-6,3.264e-9,,3.787e-15,9.704e-11,9.070e-11,1.038e-17,1.859e-21,9.618e-17,7.878e-21,2.403e-9,,8.706e-4,2.543e-20,1.812e-20,2.968e-14,4.513e+1,1.673e-11,7.959e-1,1.825e-19,2.187e-6,1.127e-22,6.185e-3,2.137e-20,4.322e-10,7.583e-20,8.086e-23,2.403e+0,1.207e+2,1.338e-2,1.714e-16,,3.266e+1,6.440e+1,,2.146e+1,6.791e-1,,1.443e-18,1.605e-16,,9.235e-20,,3.872e-6,,1.703e-18,,7.575e-1,,2.363e-17,,1.423e-18,1.136e-16
436.77,3.072e+2,1.356e-2,1.409e-9,1.307e-34,1.302e-12,1.147e-16,,3.808e-6,4.578e-9,,3.787e-15,6.479e-11,8.550e-11,1.038e-17,1.859e-21,7.752e-17,7.877e-21,2.191e-9,,6.766e-4,2.545e-20,1.506e-20,4.999e-14,4.522e+1,2.089e-11,8.287e-1,1.825e-19,2.896e-6,1.130e-22,8.488e-3,2.138e-20,4.761e-10,7.584e-20,8.087e-23,2.328e+0,1.391e+2,1.151e-2,1.707e-16,,3.152e+1,6.506e+1,,2.172e+1,6.179e-1,,1.473e-18,1.605e-16,,9.233e-20,,2.752e-6,,1.702e-18,,7.088e-1,,2.363e-17,,1.432e-18,1.136e-16
436.8,3.381e+2,1.508e-2,1.592e-9,2.384e-34,2.519e-12,1.173e-16,,2.348e-6,7.548e-9,,3.786e-15,3.508e-11,7.768e-11,1.038e-17,1.859e-21,5.567e-17,7.876e-21,1.893e-9,,4.600e-4,2.547e-20,1.132e-20,1.084e-13,4.502e+1,2.900e-11,8.838e-1,1.825e-19,4.382e-6,1.135e-22,1.355e-2,2.138e-20,5.463e-10,7.586e-20,8.089e-23,2.202e+0,1.712e+2,9.178e-3,1.697e-16,,2.990e+1,6.564e+1,,2.204e+1,5.322e-1,,1.518e-18,1.604e-16,,9.231e-20,,1.636e-6,,1.701e-18,,6.445e-1,,2.362e-17,,1.445e-18,1.136e-16
436.82,3.614e+2,1.611e-2,1.724e-9,3.540e-34,3.891e-12,1.185e-16,,1.693e-6,1.048e-8,,3.786e-15,2.318e-11,7.251e-11,1.038e-17,1.859e-21,4.442e-17,7.876e-21,1.709e-9,,3.539e-4,2.549e-20,9.308e-21,1.808e-13,4.466e+1,3.594e-11,9.241e-1,1.826e-19,5.746e-6,1.138e-22,1.841e-2,2.139e-20,5.958e-10,7.588e-20,8.089e-23,2.112e+0,1.958e+2,7.901e-3,1.690e-16,,2.890e+1,6.573e+1,,2.221e+1,4.794e-1,,1.548e-18,1.604e-16,,9.230e-20,,1.151e-6,,1.700e-18,,6.068e-1,,2.362e-17,,1.453e-18,1.137e-16
436.85,4.010e+2,1.766e-2,1.934e-9,6.358e-34,7.415e-12,1.194e-16,,1.028e-6,1.703e-8,,3.785e-15,1.236e-11,6.491e-11,1.038e-17,1.859e-21,3.143e-17,7.875e-21,1.454e-9,,2.370e-4,2.551e-20,6.892e-21,3.864e-13,4.379e+1,4.926e-11,9.891e-1,1.826e-19,8.563e-6,1.143e-22,2.894e-2,2.140e-20,6.736e-10,7.590e-20,8.091e-23,1.969e+0,2.378e+2,6.350e-3,1.679e-16,,2.757e+1,6.543e+1,,2.240e+1,4.067e-1,,1.593e-18,1.603e-16,,9.228e-20,,6.740e-7,,1.699e-18,,5.567e-1,,2.362e-17,,1.466e-18,1.137e-16
436.87,4.306e+2,1.868e-2,2.083e-9,9.348e-34,1.134e-11,1.194e-16,,7.339e-7,2.341e-8,,3.785e-15,8.091e-12,6.000e-11,1.037e-17,1.859e-21,2.482e-17,7.874e-21,1.299e-9,,1.805e-4,2.553e-20,5.612e-21,6.379e-13,4.301e+1,6.048e-11,1.035e+0,1.826e-19,1.112e-5,1.146e-22,3.893e-2,2.140e-20,7.273e-10,7.591e-20,8.092e-23,1.869e+0,2.695e+2,5.535e-3,1.672e-16,,2.680e+1,6.493e+1,,2.248e+1,3.627e-1,,1.623e-18,1.602e-16,,9.227e-20,,4.694e-7,,1.698e-18,,5.271e-1,,2.361e-17,,1.475e-18,1.137e-16
436.9,4.803e+2,2.016e-2,2.318e-9,1.654e-33,2.129e-11,1.185e-16,,4.391e-7,3.746e-8,,3.785e-15,4.250e-12,5.292e-11,1.037e-17,1.859e-21,1.730e-17,7.873e-21,1.089e-9,,1.191e-4,2.555e-20,4.092e-21,1.343e-12,4.155e+1,8.169e-11,1.106e+0,1.826e-19,1.632e-5,1.151e-22,6.030e-2,2.141e-20,8.101e-10,7.593e-20,8.093e-23,1.717e+0,3.229e+2,4.608e-3,1.662e-16,,2.589e+1,6.374e+1,,2.254e+1,3.032e-1,,1.668e-18,1.602e-16,,9.225e-20,,2.707e-7,,1.697e-18,,4.871e-1,,2.361e-17,,1.487e-18,1.137e-16
436.92,5.171e+2,2.111e-2,2.483e-9,2.408e-33,3.224e-11,1.173e-16,,3.102e-7,5.100e-8,,3.784e-15,2.753e-12,4.843e-11,1.037e-17,1.860e-21,1.353e-17,7.872e-21,9.635e-10,,8.978e-5,2.557e-20,3.299e-21,2.196e-12,4.040e+1,9.933e-11,1.155e+0,1.827e-19,2.098e-5,1.154e-22,8.033e-2,2.141e-20,8.661e-10,7.595e-20,8.094e-23,1.615e+0,3.624e+2,4.173e-3,1.655e-16,,2.543e+1,6.266e+1,,2.255e+1,2.676e-1,,1.698e-18,1.601e-16,,9.223e-20,,1.867e-7,,1.696e-18,,4.631e-1,,2.360e-17,,1.496e-18,1.138e-16
436.95,5.780e+2,2.245e-2,2.740e-9,4.199e-33,5.964e-11,1.147e-16,,1.828e-7,8.040e-8,,3.784e-15,1.425e-12,4.209e-11,1.037e-17,1.860e-21,9.283e-18,7.871e-21,7.956e-10,,5.833e-5,2.559e-20,2.370e-21,4.555e-12,3.844e+1,1.322e-10,1.230e+0,1.827e-19,3.035e-5,1.158e-22,1.226e-1,2.142e-20,9.504e-10,7.597e-20,8.095e-23,1.463e+0,4.279e+2,3.778e-3,1.644e-16,,2.501e+1,6.063e+1,,2.250e+1,2.203e-1,,1.744e-18,1.601e-16,,9.221e-20,,1.060e-7,,1.695e-18,,4.305e-1,,2.360e-17,,1.509e-18,1.138e-16
436.97,6.225e+2,2.328e-2,2.918e-9,6.052e-33,8.943e-11,1.124e-16,,1.279e-7,1.084e-7,,3.784e-15,9.138e-13,3.814e-11,1.037e-17,1.860e-21,7.187e-18,7.870e-21,6.968e-10,,4.354e-5,2.561e-20,1.891e-21,7.373e-12,3.700e+1,1.591e-10,1.279e+0,1.827e-19,3.863e-5,1.161e-22,1.617e-1,2.143e-20,1.006e-9,7.598e-20,8.096e-23,1.364e+0,4.757e+2,3.683e-3,1.637e-16,,2.491e+1,5.903e+1,,2.244e+1,1.926e-1,,1.774e-18,1.600e-16,,9.220e-20,,7.237e-8,,1.694e-18,,4.106e-1,,2.359e-17,,1.517e-18,1.138e-16
437,6.950e+2,2.439e-2,3.192e-9,1.040e-32,1.630e-10,1.083e-16,,7.422e-8,1.683e-7,,3.783e-15,4.658e-13,3.265e-11,1.037e-17,1.860e-21,4.858e-18,7.869e-21,5.668e-10,,2.787e-5,2.563e-20,1.338e-21,1.507e-11,3.468e+1,2.086e-10,1.351e+0,1.827e-19,5.505e-5,1.166e-22,2.430e-1,2.143e-20,1.088e-9,7.600e-20,8.098e-23,1.219e+0,5.533e+2,3.796e-3,1.627e-16,,2.503e+1,5.629e+1,,2.232e+1,1.562e-1,,1.819e-18,1.600e-16,,9.218e-20,,4.050e-8,,1.693e-18,,3.832e-1,,2.359e-17,,1.530e-18,1.139e-16
437.02,7.472e+2,2.503e-2,3.378e-9,1.484e-32,2.420e-10,1.050e-16,,5.139e-8,2.246e-7,,3.783e-15,2.958e-13,2.929e-11,1.037e-17,1.860e-21,3.724e-18,7.869e-21,4.914e-10,,2.059e-5,2.564e-20,1.057e-21,2.415e-11,3.305e+1,2.487e-10,1.398e+0,1.828e-19,6.936e-5,1.169e-22,3.173e-1,2.144e-20,1.140e-9,7.602e-20,8.098e-23,1.127e+0,6.090e+2,4.049e-3,1.620e-16,,2.529e+1,5.427e+1,,2.223e+1,1.351e-1,,1.849e-18,1.599e-16,,9.217e-20,,2.736e-8,,1.692e-18,,3.664e-1,,2.358e-17,,1.539e-18,1.139e-16
437.05,8.309e+2,2.583e-2,3.660e-9,2.511e-32,4.344e-10,9.966e-17,,2.938e-8,3.437e-7,,3.783e-15,1.485e-13,2.470e-11,1.037e-17,1.860e-21,2.479e-18,7.868e-21,3.938e-10,,1.298e-5,2.567e-20,7.368e-22,4.864e-11,3.052e+1,3.212e-10,1.465e+0,1.828e-19,9.738e-5,1.174e-22,4.700e-1,2.145e-20,1.214e-9,7.604e-20,8.100e-23,9.963e-1,6.980e+2,4.716e-3,1.609e-16,,2.595e+1,5.100e+1,,2.208e+1,1.079e-1,,1.894e-18,1.599e-16,,9.215e-20,,1.508e-8,,1.691e-18,,3.431e-1,,2.358e-17,,1.551e-18,1.139e-16
437.07,8.901e+2,2.625e-2,3.849e-9,3.547e-32,6.386e-10,9.574e-17,,2.014e-8,4.541e-7,,3.782e-15,9.335e-14,2.194e-11,1.037e-17,1.860e-21,1.881e-18,7.867e-21,3.380e-10,,9.494e-6,2.568e-20,5.763e-22,7.718e-11,2.880e+1,3.791e-10,1.507e+0,1.828e-19,1.215e-4,1.177e-22,6.076e-1,2.145e-20,1.260e-9,7.605e-20,8.101e-23,9.148e-1,7.606e+2,5.372e-3,1.602e-16,,2.655e+1,4.868e+1,,2.197e+1,9.247e-2,,1.924e-18,1.598e-16,,9.213e-20,,1.009e-8,,1.690e-18,,3.288e-1,,2.358e-17,,1.560e-18,1.139e-16
437.09,9.516e+2,2.657e-2,4.036e-9,4.993e-32,9.350e-10,9.161e-17,,1.375e-8,5.977e-7,,3.782e-15,5.844e-14,1.941e-11,1.037e-17,1.860e-21,1.422e-18,7.866e-21,2.890e-10,,6.917e-6,2.570e-20,4.489e-22,1.220e-10,2.706e+1,4.455e-10,1.546e+0,1.828e-19,1.510e-4,1.180e-22,7.824e-1,2.146e-20,1.302e-9,7.607e-20,8.102e-23,8.383e-1,8.255e+2,6.215e-3,1.595e-16,,2.728e+1,4.629e+1,,2.187e+1,7.889e-2,,1.954e-18,1.598e-16,,9.212e-20,,6.719e-9,,1.689e-18,,3.154e-1,,2.357e-17,,1.568e-18,1.140e-16
437.12,1.048e+3,2.685e-2,4.313e-9,8.275e-32,1.644e-9,8.510e-17,,7.694e-9,8.956e-7,,3.782e-15,2.873e-14,1.603e-11,1.037e-17,1.861e-21,9.268e-19,7.865e-21,2.269e-10,,4.269e-6,2.572e-20,3.063e-22,2.406e-10,2.447e+1,5.635e-10,1.599e+0,1.829e-19,2.075e-4,1.185e-22,1.135e+0,2.146e-20,1.358e-9,7.609e-20,8.103e-23,7.336e-1,9.265e+2,7.878e-3,1.584e-16,,2.859e+1,4.260e+1,,2.172e+1,6.170e-2,,1.999e-18,1.597e-16,,9.210e-20,,3.625e-9,,1.688e-18,,2.970e-1,,2.357e-17,,1.581e-18,1.140e-16
437.14,1.114e+3,2.690e-2,4.493e-9,1.153e-31,2.384e-9,8.062e-17,,5.200e-9,1.167e-6,,3.781e-15,1.781e-14,1.404e-11,1.037e-17,1.861e-21,6.933e-19,7.864e-21,1.921e-10,,3.079e-6,2.574e-20,2.362e-22,3.765e-10,2.276e+1,6.558e-10,1.630e+0,1.829e-19,2.553e-4,1.188e-22,1.447e+0,2.147e-20,1.390e-9,7.610e-20,8.104e-23,6.709e-1,9.957e+2,9.288e-3,1.577e-16,,2.958e+1,4.011e+1,,2.164e+1,5.212e-2,,2.029e-18,1.597e-16,,9.209e-20,,2.391e-9,,1.687e-18,,2.858e-1,,2.356e-17,,1.590e-18,1.140e-16
437.17,1.215e+3,2.678e-2,4.752e-9,1.883e-31,4.130e-9,7.378e-17,,2.867e-9,1.723e-6,,3.781e-15,8.625e-15,1.142e-11,1.037e-17,1.861e-21,4.452e-19,7.863e-21,1.487e-10,,1.872e-6,2.576e-20,1.588e-22,7.317e-10,2.027e+1,8.172e-10,1.670e+0,1.829e-19,3.458e-4,1.192e-22,2.067e+0,2.148e-20,1.429e-9,7.612e-20,8.105e-23,5.877e-1,1.101e+3,1.193e-2,1.567e-16,,3.125e+1,3.637e+1,,2.153e+1,4.015e-2,,2.075e-18,1.596e-16,,9.207e-20,,1.270e-9,,1.686e-18,,2.705e-1,,2.356e-17,,1.602e-18,1.140e-16
437.19,1.283e+3,2.657e-2,4.916e-9,2.598e-31,5.929e-9,6.919e-17,,1.918e-9,2.223e-6,,3.781e-15,5.292e-15,9.900e-12,1.037e-17,1.861e-21,3.297e-19,7.863e-21,1.249e-10,,1.336e-6,2.578e-20,1.212e-22,1.134e-9,1.867e+1,9.415e-10,1.691e+0,1.829e-19,4.213e-4,1.196e-22,2.610e+0,2.148e-20,1.448e-9,7.613e-20,8.106e-23,5.396e-1,1.171e+3,1.409e-2,1.560e-16,,3.244e+1,3.390e+1,,2.147e+1,3.358e-2,,2.105e-18,1.596e-16,,9.206e-20,,8.294e-10,,1.685e-18,,2.612e-1,,2.355e-17,,1.611e-18,1.141e-16
437.22,1.384e+3,2.605e-2,5.144e-9,4.179e-31,1.012e-8,6.237e-17,,1.041e-9,3.233e-6,,3.780e-15,2.524e-15,7.933e-12,1.037e-17,1.861e-21,2.086e-19,7.862e-21,9.560e-11,,8.002e-7,2.580e-20,8.026e-23,2.171e-9,1.638e+1,1.156e-9,1.715e+0,1.829e-19,5.621e-4,1.200e-22,3.674e+0,2.149e-20,1.466e-9,7.616e-20,8.108e-23,4.787e-1,1.276e+3,1.802e-2,1.549e-16,,3.433e+1,3.028e+1,,2.139e+1,2.548e-2,,2.150e-18,1.595e-16,,9.204e-20,,4.341e-10,,1.684e-18,,2.488e-1,,2.355e-17,,1.624e-18,1.141e-16
437.24,1.451e+3,2.559e-2,5.283e-9,5.709e-31,1.439e-8,5.791e-17,,6.897e-10,4.130e-6,,3.780e-15,1.534e-15,6.810e-12,1.037e-17,1.861e-21,1.529e-19,7.861e-21,7.987e-11,,5.656e-7,2.582e-20,6.066e-23,3.330e-9,1.494e+1,1.318e-9,1.725e+0,1.830e-19,6.779e-4,1.203e-22,4.591e+0,2.149e-20,1.471e-9,7.617e-20,8.108e-23,4.455e-1,1.344e+3,2.116e-2,1.542e-16,,3.564e+1,2.794e+1,,2.136e+1,2.110e-2,,2.180e-18,1.594e-16,,9.202e-20,,2.806e-10,,1.683e-18,,2.413e-1,,2.354e-17,,1.632e-18,1.141e-16
437.27,1.547e+3,2.472e-2,5.469e-9,9.047e-31,2.420e-8,5.143e-17,,3.689e-10,5.918e-6,,3.779e-15,7.206e-16,5.376e-12,1.037e-17,1.861e-21,9.526e-20,7.860e-21,6.111e-11,,3.336e-7,2.584e-20,3.956e-23,6.282e-9,1.291e+1,1.594e-9,1.733e+0,1.830e-19,8.912e-4,1.208e-22,6.368e+0,2.150e-20,1.467e-9,7.619e-20,8.110e-23,4.065e-1,1.442e+3,2.678e-2,1.532e-16,,3.763e+1,2.459e+1,,2.131e+1,1.577e-2,,2.225e-18,1.594e-16,,9.200e-20,,1.447e-10,,1.682e-18,,2.314e-1,,2.354e-17,,1.645e-18,1.142e-16
437.29,1.608e+3,2.404e-2,5.577e-9,1.224e-30,3.405e-8,4.728e-17,,2.418e-10,7.485e-6,,3.779e-15,4.334e-16,4.569e-12,1.037e-17,1.861e-21,6.914e-20,7.859e-21,5.142e-11,,2.334e-7,2.586e-20,2.960e-23,9.543e-9,1.166e+1,1.801e-9,1.732e+0,1.830e-19,1.064e-3,1.211e-22,7.880e+0,2.151e-20,1.457e-9,7.620e-20,8.111e-23,3.876e-1,1.504e+3,3.119e-2,1.525e-16,,3.896e+1,2.247e+1,,2.129e+1,1.292e-2,,2.255e-18,1.593e-16,,9.199e-20,,9.254e-11,,1.681e-18,,2.255e-1,,2.354e-17,,1.654e-18,1.142e-16
437.32,1.694e+3,2.287e-2,5.710e-9,1.911e-30,5.643e-8,4.135e-17,,1.274e-10,1.057e-5,,3.779e-15,2.006e-16,3.552e-12,1.037e-17,1.862e-21,4.243e-20,7.858e-21,4.058e-11,,1.356e-7,2.588e-20,1.901e-23,1.774e-8,9.926e+0,2.145e-9,1.723e+0,1.830e-19,1.378e-3,1.216e-22,1.077e+1,2.151e-20,1.432e-9,7.623e-20,8.112e-23,3.695e-1,1.589e+3,3.894e-2,1.514e-16,,4.092e+1,1.948e+1,,2.124e+1,9.517e-3,,2.300e-18,1.593e-16,,9.197e-20,,4.700e-11,,1.680e-18,,2.176e-1,,2.353e-17,,1.666e-18,1.142e-16
437.34,1.747e+3,2.202e-2,5.779e-9,2.559e-30,7.864e-8,3.764e-17,,8.269e-11,1.323e-5,,3.778e-15,1.194e-16,2.989e-12,1.037e-17,1.862e-21,3.049e-20,7.857e-21,3.560e-11,,9.394e-8,2.590e-20,1.408e-23,2.668e-8,8.873e+0,2.399e-9,1.712e+0,1.831e-19,1.629e-3,1.219e-22,1.319e+1,2.152e-20,1.408e-9,7.624e-20,8.113e-23,3.640e-1,1.641e+3,4.494e-2,1.507e-16,,4.219e+1,1.762e+1,,2.121e+1,7.722e-3,,2.330e-18,1.592e-16,,9.196e-20,,2.976e-11,,1.679e-18,,2.129e-1,,2.353e-17,,1.675e-18,1.142e-16
437.37,1.817e+3,2.064e-2,5.851e-9,3.936e-30,1.284e-7,3.243e-17,,4.291e-11,1.840e-5,,3.778e-15,5.445e-17,2.289e-12,1.037e-17,1.862e-21,1.843e-20,7.856e-21,3.132e-11,,5.375e-8,2.592e-20,8.912e-24,4.885e-8,7.444e+0,2.816e-9,1.687e+0,1.831e-19,2.079e-3,1.223e-22,1.775e+1,2.153e-20,1.364e-9,7.626e-20,8.114e-23,3.651e-1,1.709e+3,5.530e-2,1.497e-16,,4.401e+1,1.504e+1,,2.113e+1,5.601e-3,,2.375e-18,1.592e-16,,9.194e-20,,1.489e-11,,1.678e-18,,2.066e-1,,2.352e-17,,1.688e-18,1.143e-16
437.39,1.857e+3,1.967e-2,5.877e-9,5.220e-30,1.772e-7,2.922e-17,,2.757e-11,2.282e-5,,3.778e-15,3.209e-17,1.907e-12,1.037e-17,1.862e-21,1.311e-20,7.856e-21,3.059e-11,,3.686e-8,2.594e-20,6.535e-24,7.275e-8,6.590e+0,3.117e-9,1.666e+0,1.831e-19,2.433e-3,1.227e-22,2.154e+1,2.153e-20,1.328e-9,7.627e-20,8.115e-23,3.717e-1,1.747e+3,6.320e-2,1.490e-16,,4.516e+1,1.347e+1,,2.107e+1,4.499e-3,,2.406e-18,1.591e-16,,9.192e-20,,9.333e-12,,1.677e-18,,2.028e-1,,2.352e-17,,1.696e-18,1.143e-16
437.42,1.907e+3,1.817e-2,5.884e-9,7.911e-30,2.851e-7,2.480e-17,,1.409e-11,3.127e-5,,3.777e-15,1.441e-17,1.439e-12,1.037e-17,1.862e-21,7.806e-21,7.855e-21,3.291e-11,,2.078e-8,2.596e-20,4.073e-24,1.313e-7,5.450e+0,3.604e-9,1.627e+0,1.831e-19,3.058e-3,1.231e-22,2.856e+1,2.154e-20,1.267e-9,7.629e-20,8.117e-23,3.900e-1,1.792e+3,7.664e-2,1.479e-16,,4.677e+1,1.133e+1,,2.093e+1,3.215e-3,,2.451e-18,1.591e-16,,9.190e-20,,4.598e-12,,1.676e-18,,1.975e-1,,2.351e-17,,1.709e-18,1.143e-16
437.44,1.934e+3,1.714e-2,5.866e-9,1.039e-29,3.895e-7,2.212e-17,,8.962e-12,3.838e-5,,3.777e-15,8.410e-18,1.187e-12,1.037e-17,1.862e-21,5.497e-21,7.854e-21,3.704e-11,,1.410e-8,2.597e-20,2.957e-24,1.935e-7,4.780e+0,3.951e-9,1.597e+0,1.832e-19,3.544e-3,1.234e-22,3.430e+1,2.154e-20,1.221e-9,7.631e-20,8.117e-23,4.074e-1,1.814e+3,8.672e-2,1.472e-16,,4.776e+1,1.005e+1,,2.081e+1,2.556e-3,,2.481e-18,1.590e-16,,9.189e-20,,2.854e-12,,1.675e-18,,1.942e-1,,2.351e-17,,1.718e-18,1.144e-16
437.47,1.962e+3,1.560e-2,5.806e-9,1.551e-29,6.174e-7,1.850e-17,,4.511e-12,5.182e-5,,3.777e-15,3.721e-18,8.819e-13,1.037e-17,1.862e-21,3.224e-21,7.853e-21,4.791e-11,,7.830e-9,2.600e-20,1.815e-24,3.440e-7,3.901e+0,4.500e-9,1.547e+0,1.832e-19,4.389e-3,1.239e-22,4.481e+1,2.155e-20,1.148e-9,7.633e-20,8.119e-23,4.404e-1,1.833e+3,1.036e-1,1.462e-16,,4.911e+1,8.326e+0,,2.058e+1,1.799e-3,,2.526e-18,1.589e-16,,9.187e-20,,1.385e-12,,1.674e-18,,1.896e-1,,2.350e-17,,1.730e-18,1.144e-16
437.49,1.973e+3,1.457e-2,5.744e-9,2.016e-29,8.352e-7,1.634e-17,,2.841e-12,6.299e-5,,3.776e-15,2.149e-18,7.200e-13,1.037e-17,1.862e-21,2.247e-21,7.852e-21,5.900e-11,,5.262e-9,2.601e-20,1.305e-24,5.023e-7,3.393e+0,4.883e-9,1.509e+0,1.832e-19,5.035e-3,1.242e-22,5.329e+1,2.156e-20,1.096e-9,7.634e-20,8.120e-23,4.668e-1,1.836e+3,1.161e-1,1.455e-16,,4.993e+1,7.309e+0,,2.039e+1,1.416e-3,,2.556e-18,1.589e-16,,9.186e-20,,8.508e-13,,1.673e-18,,1.866e-1,,2.350e-17,,1.739e-18,1.144e-16
437.51,1.978e+3,1.356e-2,5.666e-9,2.610e-29,1.126e-6,1.437e-17,,1.781e-12,7.625e-5,,3.776e-15,1.237e-18,5.854e-13,1.037e-17,1.863e-21,1.560e-21,7.851e-21,7.391e-11,,3.522e-9,2.603e-20,9.338e-25,7.305e-7,2.943e+0,5.279e-9,1.470e+0,1.832e-19,5.755e-3,1.245e-22,6.312e+1,2.156e-20,1.042e-9,7.636e-20,8.121e-23,4.962e-1,1.833e+3,1.295e-1,1.448e-16,,5.068e+1,6.390e+0,,2.018e+1,1.111e-3,,2.586e-18,1.589e-16,,9.184e-20,,5.206e-13,,1.672e-18,,1.836e-1,,2.349e-17,,1.748e-18,1.144e-16
437.54,1.976e+3,1.208e-2,5.518e-9,3.817e-29,1.748e-6,1.177e-17,,8.779e-13,1.008e-4,,3.776e-15,5.356e-19,4.260e-13,1.037e-17,1.863e-21,8.960e-22,7.850e-21,1.054e-10,,1.915e-9,2.605e-20,5.613e-25,1.272e-6,2.370e+0,5.888e-9,1.407e+0,1.833e-19,6.978e-3,1.250e-22,8.075e+1,2.157e-20,9.588e-10,7.638e-20,8.122e-23,5.454e-1,1.814e+3,1.515e-1,1.437e-16,,5.171e+1,5.185e+0,,1.980e+1,7.654e-4,,2.631e-18,1.588e-16,,9.182e-20,,2.473e-13,,1.671e-18,,1.794e-1,,2.349e-17,,1.760e-18,1.145e-16
437.56,1.967e+3,1.113e-2,5.401e-9,4.893e-29,2.332e-6,1.025e-17,,5.450e-13,1.209e-4,,3.775e-15,3.051e-19,3.430e-13,1.037e-17,1.863e-21,6.159e-22,7.850e-21,1.342e-10,,1.269e-9,2.607e-20,3.977e-25,1.831e-6,2.049e+0,6.301e-9,1.363e+0,1.833e-19,7.896e-3,1.253e-22,9.470e+1,2.157e-20,9.027e-10,7.639e-20,8.123e-23,5.811e-1,1.792e+3,1.674e-1,1.430e-16,,5.233e+1,4.488e+0,,1.952e+1,5.941e-4,,2.661e-18,1.588e-16,,9.181e-20,,1.498e-13,,1.670e-18,,1.767e-1,,2.349e-17,,1.769e-18,1.145e-16
437.59,1.946e+3,9.763e-3,5.200e-9,7.049e-29,3.568e-6,8.264e-18,,2.646e-13,1.574e-4,,3.775e-15,1.302e-19,2.459e-13,1.037e-17,1.863e-21,3.483e-22,7.849e-21,1.927e-10,,6.792e-10,2.609e-20,2.355e-25,3.141e-6,1.651e+0,6.924e-9,1.294e+0,1.833e-19,9.433e-3,1.258e-22,1.194e+2,2.158e-20,8.185e-10,7.641e-20,8.124e-23,6.381e-1,1.747e+3,1.930e-1,1.420e-16,,5.318e+1,3.587e+0,,1.905e+1,4.033e-4,,2.706e-18,1.587e-16,,9.179e-20,,7.010e-14,,1.669e-18,,1.729e-1,,2.348e-17,,1.782e-18,1.145e-16
437.61,1.927e+3,8.904e-3,5.051e-9,8.947e-29,4.715e-6,7.124e-18,,1.626e-13,1.869e-4,,3.775e-15,7.340e-20,1.959e-13,1.037e-17,1.863e-21,2.370e-22,7.848e-21,2.448e-10,,4.455e-10,2.611e-20,1.652e-25,4.478e-6,1.437e+0,7.337e-9,1.247e+0,1.833e-19,1.057e-2,1.261e-22,1.386e+2,2.159e-20,7.630e-10,7.643e-20,8.125e-23,6.779e-1,1.709e+3,2.111e-1,1.413e-16,,5.373e+1,3.074e+0,,1.871e+1,3.099e-4,,2.737e-18,1.586e-16,,9.178e-20,,4.204e-14,,1.668e-18,,1.706e-1,,2.348e-17,,1.790e-18,1.145e-16
437.64,1.892e+3,7.697e-3,4.807e-9,1.270e-28,7.108e-6,5.660e-18,,7.774e-14,2.399e-4,,3.774e-15,2.982e-20,1.384e-13,1.037e-17,1.863e-21,1.320e-22,7.847e-21,3.486e-10,,2.349e-10,2.613e-20,9.635e-26,7.568e-6,1.184e+0,7.942e-9,1.176e+0,1.834e-19,1.244e-2,1.265e-22,1.721e+2,2.159e-20,6.816e-10,7.645e-20,8.127e-23,7.394e-1,1.641e+3,2.397e-1,1.402e-16,,5.452e+1,2.420e+0,,1.819e+1,2.072e-4,,2.782e-18,1.586e-16,,9.176e-20,,1.937e-14,,1.667e-18,,1.678e-1,,2.347e-17,,1.803e-18,1.146e-16
437.66,1.866e+3,6.950e-3,4.632e-9,1.596e-28,9.300e-6,4.831e-18,,4.730e-14,2.819e-4,,3.774e-15,1.665e-20,1.092e-13,1.037e-17,1.863e-21,8.895e-23,7.846e-21,4.394e-10,,1.526e-10,2.615e-20,6.693e-26,1.068e-5,1.057e+0,8.332e-9,1.128e+0,1.834e-19,1.380e-2,1.268e-22,1.978e+2,2.160e-20,6.290e-10,7.646e-20,8.127e-23,7.810e-1,1.589e+3,2.596e-1,1.395e-16,,5.506e+1,2.053e+0,,1.783e+1,1.577e-4,,2.812e-18,1.585e-16,,9.174e-20,,1.150e-14,,1.666e-18,,1.664e-1,,2.347e-17,,1.812e-18,1.146e-16
437.69,1.824e+3,5.918e-3,4.357e-9,2.232e-28,1.382e-5,3.781e-18,,2.227e-14,3.565e-4,,3.773e-15,5.887e-21,7.593e-14,1.037e-17,1.863e-21,4.881e-23,7.845e-21,6.177e-10,,7.925e-11,2.617e-20,3.848e-26,1.779e-5,9.261e-1,8.886e-9,1.057e+0,1.834e-19,1.600e-2,1.273e-22,2.420e+2,2.161e-20,5.536e-10,7.648e-20,8.129e-23,8.434e-1,1.504e+3,2.904e-1,1.385e-16,,5.591e+1,1.592e+0,,1.731e+1,1.039e-4,,2.857e-18,1.585e-16,,9.172e-20,,5.221e-15,,1.665e-18,,1.655e-1,,2.346e-17,,1.824e-18,1.146e-16
437.71,1.795e+3,5.290e-3,4.167e-9,2.777e-28,1.790e-5,3.195e-18,,1.342e-14,4.149e-4,,3.773e-15,3.260e-21,5.931e-14,1.037e-17,1.864e-21,3.255e-23,7.844e-21,7.715e-10,,5.095e-11,2.619e-20,2.651e-26,2.486e-5,8.753e-1,9.229e-9,1.011e+0,1.834e-19,1.757e-2,1.276e-22,2.755e+2,2.161e-20,5.059e-10,7.650e-20,8.130e-23,8.845e-1,1.442e+3,3.114e-1,1.378e-16,,5.653e+1,1.338e+0,,1.697e+1,7.822e-5,,2.887e-18,1.584e-16,,9.171e-20,,3.068e-15,,1.664e-18,,1.658e-1,,2.346e-17,,1.833e-18,1.147e-16
437.74,1.754e+3,4.438e-3,3.873e-9,3.826e-28,2.621e-5,2.463e-18,,6.223e-15,5.170e-4,,3.773e-15,3.274e-21,4.064e-14,1.037e-17,1.864e-21,1.759e-23,7.843e-21,1.069e-9,,2.607e-11,2.621e-20,1.511e-26,4.078e-5,8.517e-1,9.696e-9,9.436e-1,1.835e-19,2.006e-2,1.281e-22,3.320e+2,2.162e-20,4.387e-10,7.652e-20,8.131e-23,9.444e-1,1.344e+3,3.432e-1,1.367e-16,,5.756e+1,1.022e+0,,1.651e+1,5.075e-5,,2.932e-18,1.584e-16,,9.169e-20,,1.372e-15,,1.663e-18,,1.681e-1,,2.345e-17,,1.846e-18,1.147e-16
437.76,1.729e+3,3.928e-3,3.675e-9,4.713e-28,3.363e-5,2.061e-18,,3.710e-15,5.958e-4,,3.772e-15,3.284e-21,3.143e-14,1.037e-17,1.864e-21,1.162e-23,7.843e-21,1.322e-9,,1.659e-11,2.623e-20,1.042e-26,5.645e-5,8.706e-1,9.971e-9,9.004e-1,1.835e-19,2.182e-2,1.284e-22,3.741e+2,2.163e-20,3.969e-10,7.653e-20,8.132e-23,9.827e-1,1.276e+3,3.643e-1,1.360e-16,,5.832e+1,8.498e-1,,1.624e+1,3.784e-5,,2.962e-18,1.583e-16,,9.168e-20,,7.981e-16,,1.662e-18,,1.712e-1,,2.345e-17,,1.854e-18,1.147e-16
437.79,1.695e+3,3.246e-3,3.376e-9,6.397e-28,4.853e-5,1.565e-18,,1.695e-15,7.317e-4,,3.772e-15,3.298e-21,2.121e-14,1.037e-17,1.864e-21,6.185e-24,7.842e-21,1.805e-9,,8.360e-12,2.625e-20,6.144e-27,9.123e-5,9.508e-1,1.032e-8,8.389e-1,1.835e-19,2.455e-2,1.289e-22,4.443e+2,2.163e-20,3.391e-10,7.655e-20,8.133e-23,1.037e+0,1.171e+3,3.956e-1,1.349e-16,,5.962e+1,6.395e-1,,1.593e+1,2.419e-5,,3.007e-18,1.583e-16,,9.166e-20,,3.515e-16,,1.661e-18,,1.787e-1,,2.344e-17,,1.867e-18,1.147e-16
437.81,1.677e+3,2.844e-3,3.178e-9,7.803e-28,6.166e-5,1.296e-18,,1.001e-15,8.350e-4,,3.772e-15,3.307e-21,1.624e-14,1.037e-17,1.864e-21,4.043e-24,7.841e-21,2.210e-9,,5.267e-12,2.627e-20,4.546e-27,1.250e-4,1.040e+0,1.051e-8,8.005e-1,1.835e-19,2.643e-2,1.292e-22,4.957e+2,2.164e-20,3.037e-10,7.657e-20,8.134e-23,1.071e+0,1.101e+3,4.158e-1,1.342e-16,,6.059e+1,5.265e-1,,1.579e+1,1.785e-5,,3.037e-18,1.582e-16,,9.164e-20,,2.024e-16,,1.660e-18,,1.858e-1,,2.344e-17,,1.875e-18,1.148e-16
437.84,1.658e+3,2.315e-3,2.885e-9,1.043e-27,8.768e-5,9.698e-19,,4.503e-16,1.010e-3,,3.771e-15,3.322e-21,1.080e-14,1.037e-17,1.864e-21,2.121e-24,7.840e-21,2.973e-9,,2.614e-12,2.629e-20,3.461e-27,1.991e-4,1.230e+0,1.071e-8,7.473e-1,1.836e-19,2.930e-2,1.296e-22,5.799e+2,2.165e-20,2.556e-10,7.659e-20,8.136e-23,1.117e+0,9.956e+2,4.447e-1,1.332e-16,,6.221e+1,3.903e-1,,1.570e+1,1.124e-5,,3.083e-18,1.581e-16,,9.162e-20,,8.780e-17,,1.658e-18,,2.005e-1,,2.343e-17,,1.888e-18,1.148e-16
437.86,1.651e+3,2.008e-3,2.695e-9,1.260e-27,1.103e-4,7.952e-19,,2.631e-16,1.142e-3,,3.771e-15,3.331e-21,8.183e-15,1.037e-17,1.864e-21,1.373e-24,7.839e-21,3.605e-9,,1.631e-12,2.630e-20,3.468e-27,2.701e-4,1.396e+0,1.080e-8,7.152e-1,1.836e-19,3.123e-2,1.300e-22,6.406e+2,2.165e-20,2.267e-10,7.660e-20,8.136e-23,1.144e+0,9.265e+2,4.628e-1,1.325e-16,,6.341e+1,3.182e-1,,1.573e+1,8.215e-6,,3.113e-18,1.581e-16,,9.161e-20,,5.006e-17,,1.658e-18,,2.134e-1,,2.343e-17,,1.897e-18,1.148e-16
437.88,1.649e+3,1.735e-3,2.508e-9,1.516e-27,1.383e-4,6.495e-19,,1.531e-16,1.286e-3,,3.771e-15,3.340e-21,6.178e-15,1.037e-17,1.864e-21,8.869e-25,7.838e-21,4.354e-9,,1.013e-12,2.632e-20,4.057e-27,3.650e-4,1.597e+0,1.084e-8,6.858e-1,1.836e-19,3.315e-2,1.303e-22,7.048e+2,2.166e-20,2.003e-10,7.661e-20,8.137e-23,1.169e+0,8.587e+2,4.797e-1,1.318e-16,,6.470e+1,2.583e-1,,1.584e+1,5.980e-6,,3.143e-18,1.581e-16,,9.160e-20,,2.842e-17,,1.657e-18,,2.289e-1,,2.343e-17,,1.905e-18,1.149e-16
437.91,1.656e+3,1.383e-3,2.239e-9,1.985e-27,1.927e-4,4.758e-19,,6.745e-17,1.525e-3,,3.770e-15,3.355e-21,4.021e-15,1.037e-17,1.865e-21,4.602e-25,7.837e-21,5.737e-9,,4.923e-13,2.634e-20,6.268e-27,5.693e-4,1.967e+0,1.083e-8,6.474e-1,1.836e-19,3.599e-2,1.307e-22,8.075e+2,2.166e-20,1.651e-10,7.663e-20,8.139e-23,1.201e+0,7.605e+2,5.025e-1,1.307e-16,,6.680e+1,1.875e-1,,1.618e+1,3.686e-6,,3.188e-18,1.580e-16,,9.158e-20,,1.207e-17,,1.656e-18,,2.580e-1,,2.342e-17,,1.918e-18,1.149e-16
437.93,1.667e+3,1.183e-3,2.068e-9,2.365e-27,2.393e-4,3.847e-19,,3.886e-17,1.700e-3,,3.770e-15,3.364e-21,3.005e-15,1.037e-17,1.865e-21,2.999e-25,7.837e-21,6.860e-9,,3.028e-13,2.636e-20,8.961e-27,7.618e-4,2.263e+0,1.076e-8,6.258e-1,1.837e-19,3.783e-2,1.310e-22,8.797e+2,2.167e-20,1.444e-10,7.665e-20,8.140e-23,1.219e+0,6.979e+2,5.157e-1,1.300e-16,,6.829e+1,1.507e-1,,1.652e+1,2.656e-6,,3.218e-18,1.579e-16,,9.156e-20,,6.785e-18,,1.655e-18,,2.816e-1,,2.342e-17,,1.927e-18,1.149e-16
437.96,1.695e+3,9.291e-4,1.824e-9,3.051e-27,3.286e-4,2.776e-19,,1.686e-17,1.987e-3,,3.770e-15,3.378e-21,1.927e-15,1.037e-17,1.865e-21,1.678e-25,7.836e-21,8.904e-9,,1.449e-13,2.638e-20,1.586e-26,1.171e-3,2.789e+0,1.059e-8,5.994e-1,1.837e-19,4.046e-2,1.315e-22,9.929e+2,2.168e-20,1.173e-10,7.667e-20,8.141e-23,1.241e+0,6.089e+2,5.322e-1,1.290e-16,,7.066e+1,1.078e-1,,1.722e+1,1.613e-6,,3.263e-18,1.579e-16,,9.155e-20,,2.838e-18,,1.654e-18,,3.241e-1,,2.341e-17,,1.939e-18,1.149e-16
437.98,1.720e+3,7.869e-4,1.671e-9,3.598e-27,4.041e-4,2.222e-19,,9.617e-18,2.195e-3,,3.769e-15,3.388e-21,1.426e-15,1.037e-17,1.865e-21,1.269e-25,7.835e-21,1.054e-8,,8.823e-14,2.640e-20,2.336e-26,1.551e-3,3.199e+0,1.042e-8,5.860e-1,1.837e-19,4.211e-2,1.318e-22,1.071e+3,2.168e-20,1.016e-10,7.668e-20,8.142e-23,1.252e+0,5.532e+2,5.407e-1,1.283e-16,,7.230e+1,8.574e-2,,1.782e+1,1.150e-6,,3.293e-18,1.578e-16,,9.153e-20,,1.579e-18,,1.653e-18,,3.574e-1,,2.341e-17,,1.948e-18,1.150e-16
438.01,1.767e+3,6.087e-4,1.456e-9,4.574e-27,5.471e-4,1.580e-19,,4.111e-18,2.530e-3,,3.769e-15,3.402e-21,9.007e-16,1.037e-17,1.865e-21,1.159e-25,7.834e-21,1.348e-8,,4.160e-14,2.642e-20,4.169e-26,2.348e-3,3.910e+0,1.010e-8,5.721e-1,1.837e-19,4.437e-2,1.323e-22,1.191e+3,2.169e-20,8.126e-11,7.670e-20,8.143e-23,1.264e+0,4.755e+2,5.497e-1,1.272e-16,,7.483e+1,6.040e-2,,1.892e+1,6.881e-7,,3.338e-18,1.578e-16,,9.151e-20,,6.506e-19,,1.652e-18,,4.156e-1,,2.340e-17,,1.961e-18,1.150e-16
438.03,1.803e+3,5.104e-4,1.323e-9,5.341e-27,6.663e-4,1.252e-19,,2.321e-18,2.769e-3,,3.768e-15,3.411e-21,6.598e-16,1.037e-17,1.865e-21,1.402e-25,7.833e-21,1.580e-8,,2.507e-14,2.644e-20,6.113e-26,3.080e-3,4.452e+0,9.837e-9,5.669e-1,1.838e-19,4.572e-2,1.326e-22,1.272e+3,2.169e-20,6.968e-11,7.672e-20,8.144e-23,1.269e+0,4.277e+2,5.530e-1,1.265e-16,,7.654e+1,4.758e-2,,1.979e+1,4.860e-7,,3.368e-18,1.577e-16,,9.150e-20,,6.505e-19,,1.651e-18,,4.602e-1,,2.340e-17,,1.969e-18,1.150e-16
438.06,1.864e+3,3.889e-4,1.138e-9,6.689e-27,8.893e-4,8.766e-20,,9.770e-19,3.148e-3,,3.768e-15,3.425e-21,4.105e-16,1.037e-17,1.865e-21,2.366e-25,7.832e-21,1.991e-8,,1.164e-14,2.646e-20,1.078e-25,4.594e-3,5.375e+0,9.392e-9,5.650e-1,1.838e-19,4.746e-2,1.331e-22,1.393e+3,2.170e-20,5.492e-11,7.674e-20,8.146e-23,1.273e+0,3.621e+2,5.539e-1,1.255e-16,,7.909e+1,3.301e-2,,2.127e+1,2.863e-7,,3.414e-18,1.577e-16,,9.148e-20,,6.504e-19,,1.649e-18,,5.361e-1,,2.339e-17,,1.982e-18,1.151e-16
438.08,1.908e+3,3.228e-4,1.026e-9,7.733e-27,1.073e-3,6.878e-20,,5.460e-19,3.413e-3,,3.768e-15,3.435e-21,2.977e-16,1.037e-17,1.865e-21,3.600e-25,7.831e-21,2.311e-8,,6.947e-15,2.648e-20,1.566e-25,5.968e-3,6.068e+0,9.060e-9,5.676e-1,1.838e-19,4.841e-2,1.334e-22,1.473e+3,2.171e-20,4.663e-11,7.675e-20,8.146e-23,1.273e+0,3.225e+2,5.517e-1,1.248e-16,,8.077e+1,2.575e-2,,2.239e+1,2.002e-7,,3.444e-18,1.576e-16,,9.147e-20,,6.504e-19,,1.649e-18,,5.928e-1,,2.339e-17,,1.991e-18,1.151e-16
438.11,1.977e+3,2.423e-4,8.719e-10,9.541e-27,1.412e-3,4.744e-20,,2.264e-19,3.829e-3,,3.767e-15,3.449e-21,1.825e-16,1.037e-17,1.866e-21,6.956e-25,7.830e-21,2.868e-8,,3.178e-15,2.650e-20,2.722e-25,8.770e-3,7.226e+0,8.521e-9,5.766e-1,1.838e-19,4.951e-2,1.338e-22,1.590e+3,2.171e-20,3.621e-11,7.677e-20,8.148e-23,1.271e+0,2.690e+2,5.444e-1,1.237e-16,,8.321e+1,1.760e-2,,2.423e+1,1.162e-7,,3.489e-18,1.576e-16,,9.145e-20,,6.503e-19,,1.647e-18,,6.874e-1,,2.339e-17,,2.003e-18,1.151e-16
438.13,2.024e+3,1.992e-4,7.791e-10,1.092e-26,1.688e-3,3.685e-20,,1.253e-19,4.116e-3,,3.767e-15,3.459e-21,1.310e-16,1.037e-17,1.866e-21,1.083e-24,7.830e-21,3.296e-8,,1.877e-15,2.652e-20,3.916e-25,1.128e-2,8.081e+0,8.139e-9,5.858e-1,1.839e-19,5.001e-2,1.341e-22,1.665e+3,2.172e-20,3.044e-11,7.679e-20,8.149e-23,1.268e+0,2.371e+2,5.369e-1,1.230e-16,,8.477e+1,1.359e-2,,2.556e+1,8.042e-8,,3.519e-18,1.575e-16,,9.143e-20,,6.502e-19,,1.647e-18,,7.566e-1,,2.338e-17,,2.012e-18,1.151e-16
438.16,2.093e+3,1.473e-4,6.540e-10,1.328e-26,2.190e-3,2.504e-20,,1.255e-19,4.557e-3,,3.767e-15,3.473e-21,7.909e-17,1.037e-17,1.866e-21,2.098e-24,7.829e-21,4.031e-8,,8.456e-16,2.654e-20,6.708e-25,1.633e-2,9.489e+0,7.541e-9,6.038e-1,1.839e-19,5.038e-2,1.346e-22,1.770e+3,2.173e-20,2.329e-11,7.681e-20,8.150e-23,1.261e+0,1.949e+2,5.219e-1,1.220e-16,,8.696e+1,9.150e-3,,2.769e+1,4.597e-8,,3.564e-18,1.574e-16,,9.141e-20,,6.502e-19,,1.645e-18,,8.697e-1,,2.338e-17,,2.025e-18,1.152e-16
438.18,2.137e+3,1.198e-4,5.796e-10,1.505e-26,2.593e-3,1.926e-20,,1.257e-19,4.857e-3,,3.766e-15,3.482e-21,5.621e-17,1.037e-17,1.866e-21,3.246e-24,7.828e-21,4.586e-8,,4.945e-16,2.656e-20,9.555e-25,2.080e-2,1.051e+1,7.131e-9,6.181e-1,1.839e-19,5.038e-2,1.349e-22,1.835e+3,2.173e-20,1.938e-11,7.682e-20,8.151e-23,1.256e+0,1.701e+2,5.097e-1,1.213e-16,,8.832e+1,6.994e-3,,2.919e+1,3.150e-8,,3.594e-18,1.574e-16,,9.140e-20,,6.501e-19,,1.645e-18,,9.509e-1,,2.337e-17,,2.033e-18,1.152e-16
438.21,2.198e+3,8.729e-5,4.804e-10,1.802e-26,3.318e-3,1.289e-20,,1.260e-19,5.312e-3,,3.766e-15,3.496e-21,3.343e-17,1.037e-17,1.866e-21,6.204e-24,7.827e-21,5.525e-8,,2.194e-16,2.658e-20,1.613e-24,2.967e-2,1.217e+1,6.509e-9,6.423e-1,1.839e-19,5.001e-2,1.354e-22,1.922e+3,2.174e-20,1.461e-11,7.684e-20,8.152e-23,1.247e+0,1.377e+2,4.882e-1,1.202e-16,,9.017e+1,4.639e-3,,3.150e+1,1.774e-8,,3.639e-18,1.573e-16,,9.138e-20,,6.500e-19,,1.643e-18,,1.081e+0,,2.337e-17,,2.046e-18,1.152e-16
438.23,2.234e+3,7.031e-5,4.221e-10,2.022e-26,3.893e-3,9.813e-21,,1.261e-19,5.616e-3,,3.766e-15,3.506e-21,2.352e-17,1.037e-17,1.866e-21,9.509e-24,7.826e-21,6.225e-8,,1.270e-16,2.660e-20,2.274e-24,3.741e-2,1.336e+1,6.094e-9,6.598e-1,1.840e-19,4.951e-2,1.357e-22,1.973e+3,2.174e-20,1.204e-11,7.686e-20,8.153e-23,1.241e+0,1.190e+2,4.721e-1,1.195e-16,,9.127e+1,3.511e-3,,3.308e+1,1.204e-8,,3.669e-18,1.573e-16,,9.137e-20,,6.500e-19,,1.643e-18,,1.172e+0,,2.336e-17,,2.055e-18,1.152e-16
438.25,2.265e+3,5.641e-5,3.696e-10,2.260e-26,4.550e-3,7.442e-21,,1.263e-19,5.920e-3,,3.765e-15,3.515e-21,1.649e-17,1.037e-17,1.866e-21,1.452e-23,7.825e-21,6.985e-8,,7.324e-17,2.661e-20,3.195e-24,4.699e-2,1.460e+1,5.683e-9,6.779e-1,1.840e-19,4.882e-2,1.360e-22,2.017e+3,2.175e-20,9.883e-12,7.687e-20,8.154e-23,1.234e+0,1.024e+2,4.548e-1,1.188e-16,,9.226e+1,2.646e-3,,3.467e+1,8.133e-9,,3.699e-18,1.573e-16,,9.135e-20,,6.499e-19,,1.642e-18,,1.267e+0,,2.336e-17,,2.063e-18,1.153e-16
438.28,2.302e+3,4.024e-5,3.009e-10,2.651e-26,5.711e-3,4.877e-21,,1.266e-19,6.372e-3,,3.765e-15,3.529e-21,9.601e-18,1.037e-17,1.866e-21,2.719e-23,7.824e-21,8.242e-8,,3.182e-17,2.664e-20,5.282e-24,6.565e-2,1.658e+1,5.080e-9,7.056e-1,1.840e-19,4.746e-2,1.365e-22,2.070e+3,2.176e-20,7.295e-12,7.689e-20,8.155e-23,1.224e+0,8.119e+1,4.269e-1,1.178e-16,,9.353e+1,1.719e-3,,3.704e+1,4.484e-9,,3.745e-18,1.572e-16,,9.133e-20,,6.498e-19,,1.640e-18,,1.414e+0,,2.335e-17,,2.076e-18,1.153e-16
438.3,2.319e+3,3.196e-5,2.612e-10,2.933e-26,6.616e-3,3.662e-21,,1.267e-19,6.668e-3,,3.765e-15,3.539e-21,6.661e-18,1.037e-17,1.867e-21,4.111e-23,7.824e-21,9.157e-8,,1.816e-17,2.665e-20,7.347e-24,8.163e-2,1.797e+1,4.690e-9,7.238e-1,1.840e-19,4.634e-2,1.368e-22,2.095e+3,2.176e-20,5.929e-12,7.691e-20,8.156e-23,1.218e+0,6.919e+1,4.073e-1,1.171e-16,,9.425e+1,1.283e-3,,3.859e+1,3.000e-9,,3.775e-18,1.571e-16,,9.132e-20,,6.498e-19,,1.640e-18,,1.514e+0,,2.335e-17,,2.085e-18,1.153e-16
438.33,2.332e+3,2.246e-5,2.099e-10,3.390e-26,8.192e-3,2.364e-21,,1.270e-19,7.104e-3,,3.764e-15,3.553e-21,3.821e-18,1.037e-17,1.867e-21,7.588e-23,7.823e-21,1.064e-7,,7.773e-18,2.667e-20,1.197e-23,1.124e-1,2.014e+1,4.130e-9,7.499e-1,1.841e-19,4.437e-2,1.372e-22,2.118e+3,2.177e-20,4.312e-12,7.693e-20,8.158e-23,1.207e+0,5.403e+1,3.769e-1,1.160e-16,,9.513e+1,8.206e-4,,4.082e+1,1.629e-9,,3.820e-18,1.571e-16,,9.130e-20,,6.497e-19,,1.638e-18,,1.667e+0,,2.335e-17,,2.097e-18,1.154e-16
438.35,2.332e+3,1.766e-5,1.807e-10,3.714e-26,9.405e-3,1.757e-21,,1.271e-19,7.388e-3,,3.764e-15,3.562e-21,2.625e-18,1.037e-17,1.867e-21,1.136e-22,7.822e-21,1.171e-7,,4.392e-18,2.669e-20,1.648e-23,1.384e-1,2.163e+1,3.775e-9,7.660e-1,1.841e-19,4.289e-2,1.376e-22,2.123e+3,2.177e-20,3.470e-12,7.694e-20,8.159e-23,1.200e+0,4.559e+1,3.563e-1,1.153e-16,,9.559e+1,6.063e-4,,4.222e+1,1.079e-9,,3.850e-18,1.570e-16,,9.129e-20,,6.496e-19,,1.638e-18,,1.769e+0,,2.334e-17,,2.106e-18,1.154e-16
438.38,2.318e+3,1.223e-5,1.433e-10,4.228e-26,1.149e-2,1.118e-21,,1.274e-19,7.800e-3,,3.763e-15,3.577e-21,1.483e-18,1.037e-17,1.867e-21,2.066e-22,7.821e-21,1.341e-7,,1.851e-18,2.671e-20,2.645e-23,1.876e-1,2.394e+1,3.275e-9,7.872e-1,1.841e-19,4.046e-2,1.380e-22,2.115e+3,2.178e-20,2.486e-12,7.696e-20,8.160e-23,1.188e+0,3.507e+1,3.253e-1,1.143e-16,,9.613e+1,3.822e-4,,4.416e+1,5.771e-10,,3.895e-18,1.570e-16,,9.127e-20,,6.496e-19,,1.636e-18,,1.919e+0,,2.334e-17,,2.119e-18,1.154e-16
438.4,2.300e+3,9.519e-6,1.222e-10,4.587e-26,1.308e-2,8.223e-22,,1.276e-19,8.067e-3,,3.763e-15,3.586e-21,1.009e-18,1.037e-17,1.867e-21,3.064e-22,7.820e-21,1.461e-7,,1.036e-18,2.673e-20,3.607e-23,2.288e-1,2.552e+1,2.964e-9,7.991e-1,1.841e-19,3.873e-2,1.383e-22,2.099e+3,2.179e-20,1.981e-12,7.697e-20,8.161e-23,1.180e+0,2.930e+1,3.050e-1,1.136e-16,,9.639e+1,2.796e-4,,4.532e+1,3.784e-10,,3.925e-18,1.569e-16,,9.125e-20,,6.495e-19,,1.636e-18,,2.017e+0,,2.333e-17,,2.127e-18,1.154e-16
438.43,2.258e+3,6.491e-6,9.568e-11,5.145e-26,1.577e-2,5.152e-22,,1.278e-19,8.453e-3,,3.763e-15,3.600e-21,5.613e-19,1.036e-17,1.867e-21,5.491e-22,7.819e-21,1.648e-7,,4.300e-19,2.675e-20,5.703e-23,3.057e-1,2.793e+1,2.533e-9,8.128e-1,1.841e-19,3.599e-2,1.388e-22,2.060e+3,2.179e-20,1.398e-12,7.700e-20,8.162e-23,1.166e+0,2.221e+1,2.752e-1,1.125e-16,,9.668e+1,1.738e-4,,4.683e+1,1.994e-10,,3.970e-18,1.569e-16,,9.123e-20,,6.494e-19,,1.634e-18,,2.158e+0,,2.333e-17,,2.140e-18,1.155e-16
438.45,2.222e+3,5.003e-6,8.090e-11,5.526e-26,1.779e-2,3.753e-22,,1.280e-19,8.701e-3,,3.762e-15,3.610e-21,3.779e-19,1.036e-17,1.867e-21,8.063e-22,7.818e-21,1.777e-7,,4.384e-19,2.677e-20,7.702e-23,3.690e-1,2.956e+1,2.270e-9,8.189e-1,1.842e-19,3.411e-2,1.391e-22,2.024e+3,2.180e-20,1.103e-12,7.701e-20,8.163e-23,1.155e+0,1.838e+1,2.561e-1,1.118e-16,,9.680e+1,1.260e-4,,4.767e+1,1.294e-10,,4.000e-18,1.568e-16,,9.122e-20,,6.494e-19,,1.634e-18,,2.246e+0,,2.332e-17,,2.148e-18,1.155e-16
438.48,2.154e+3,3.361e-6,6.248e-11,6.107e-26,2.118e-2,2.316e-22,,1.282e-19,9.062e-3,,3.762e-15,3.624e-21,2.072e-19,1.036e-17,1.867e-21,1.424e-21,7.817e-21,1.976e-7,,4.510e-19,2.679e-20,1.200e-22,4.858e-1,3.203e+1,1.911e-9,8.230e-1,1.842e-19,3.123e-2,1.396e-22,1.958e+3,2.181e-20,7.669e-13,7.703e-20,8.165e-23,1.138e+0,1.374e+1,2.289e-1,1.107e-16,,9.694e+1,7.752e-5,,4.863e+1,6.718e-11,,4.045e-18,1.568e-16,,9.120e-20,,6.493e-19,,1.632e-18,,2.369e+0,,2.332e-17,,2.161e-18,1.155e-16
438.5,2.101e+3,2.565e-6,5.236e-11,6.495e-26,2.369e-2,1.671e-22,,1.284e-19,9.296e-3,,3.762e-15,3.633e-21,1.381e-19,1.036e-17,1.868e-21,2.071e-21,7.817e-21,2.109e-7,,4.594e-19,2.681e-20,1.604e-22,5.806e-1,3.370e+1,1.695e-9,8.223e-1,1.842e-19,2.930e-2,1.399e-22,1.905e+3,2.181e-20,5.990e-13,7.704e-20,8.165e-23,1.125e+0,1.126e+1,2.120e-1,1.100e-16,,9.700e+1,5.608e-5,,4.906e+1,4.317e-11,,4.076e-18,1.567e-16,,9.119e-20,,6.492e-19,,1.631e-18,,2.442e+0,,2.331e-17,,2.170e-18,1.156e-16
438.53,2.012e+3,1.697e-6,3.990e-11,7.070e-26,2.784e-2,1.016e-22,,1.287e-19,9.637e-3,,3.761e-15,3.647e-21,7.458e-20,1.036e-17,1.868e-21,3.605e-21,7.815e-21,2.310e-7,,4.721e-19,2.683e-20,2.462e-22,7.531e-1,3.625e+1,1.406e-9,8.157e-1,1.842e-19,2.643e-2,1.403e-22,1.815e+3,2.182e-20,4.104e-13,7.706e-20,8.167e-23,1.103e+0,8.313e+0,1.887e-1,1.090e-16,,9.708e+1,3.491e-5,,4.940e+1,2.207e-11,,4.121e-18,1.566e-16,,9.117e-20,,6.492e-19,,1.630e-18,,2.539e+0,,2.331e-17,,2.183e-18,1.156e-16
438.55,1.946e+3,1.282e-6,3.314e-11,7.445e-26,3.088e-2,7.253e-23,,1.288e-19,9.860e-3,,3.761e-15,3.657e-21,4.921e-20,1.036e-17,1.868e-21,5.192e-21,7.815e-21,2.442e-7,,4.805e-19,2.685e-20,3.260e-22,8.913e-1,3.798e+1,1.235e-9,8.078e-1,1.843e-19,2.455e-2,1.407e-22,1.749e+3,2.182e-20,3.174e-13,7.708e-20,8.168e-23,1.086e+0,6.768e+0,1.747e-1,1.083e-16,,9.715e+1,2.602e-5,,4.940e+1,1.404e-11,,4.151e-18,1.566e-16,,9.115e-20,,6.491e-19,,1.629e-18,,2.594e+0,,2.331e-17,,2.191e-18,1.156e-16
438.58,1.841e+3,8.358e-7,2.491e-11,7.985e-26,3.585e-2,4.343e-23,,1.291e-19,1.019e-2,,3.761e-15,3.671e-21,2.618e-20,1.036e-17,1.868e-21,8.907e-21,7.814e-21,2.635e-7,,4.931e-19,2.687e-20,4.930e-22,1.139e+0,4.066e+1,1.009e-9,7.904e-1,1.843e-19,2.182e-2,1.411e-22,1.643e+3,2.183e-20,2.142e-13,7.710e-20,8.169e-23,1.059e+0,4.959e+0,1.560e-1,1.072e-16,,9.727e+1,1.819e-5,,4.907e+1,7.073e-12,,4.196e-18,1.565e-16,,9.113e-20,,6.490e-19,,1.628e-18,,2.659e+0,,2.330e-17,,2.204e-18,1.156e-16
438.6,1.767e+3,6.252e-7,2.050e-11,8.326e-26,3.944e-2,3.070e-23,,1.293e-19,1.041e-2,,3.760e-15,3.680e-21,1.710e-20,1.036e-17,1.868e-21,1.270e-20,7.813e-21,2.758e-7,,5.016e-19,2.689e-20,6.463e-22,1.335e+0,4.252e+1,8.776e-10,7.755e-1,1.843e-19,2.006e-2,1.414e-22,1.568e+3,2.184e-20,1.640e-13,7.711e-20,8.170e-23,1.039e+0,4.033e+0,1.453e-1,1.065e-16,,9.739e+1,1.581e-5,,4.862e+1,4.455e-12,,4.226e-18,1.565e-16,,9.112e-20,,6.490e-19,,1.627e-18,,2.691e+0,,2.330e-17,,2.212e-18,1.157e-16
438.62,1.690e+3,4.658e-7,1.681e-11,8.646e-26,4.324e-2,2.162e-23,,1.294e-19,1.062e-2,,3.760e-15,3.690e-21,1.113e-20,1.036e-17,1.868e-21,1.805e-20,7.812e-21,2.876e-7,,5.100e-19,2.690e-20,8.440e-22,1.558e+0,4.446e+1,7.602e-10,7.579e-1,1.843e-19,1.838e-2,1.417e-22,1.491e+3,2.184e-20,1.251e-13,7.713e-20,8.171e-23,1.017e+0,3.291e+0,1.360e-1,1.058e-16,,9.753e+1,1.534e-5,,4.801e+1,2.795e-12,,4.256e-18,1.564e-16,,9.111e-20,,6.489e-19,,1.627e-18,,2.713e+0,,2.329e-17,,2.221e-18,1.157e-16
438.65,1.573e+3,2.973e-7,1.239e-11,9.082e-26,4.935e-2,1.268e-23,,1.297e-19,1.094e-2,,3.760e-15,3.704e-21,5.797e-21,1.036e-17,1.868e-21,3.034e-20,7.811e-21,3.039e-7,,5.226e-19,2.693e-20,1.250e-21,1.950e+0,4.756e+1,6.082e-10,7.271e-1,1.844e-19,1.600e-2,1.422e-22,1.372e+3,2.185e-20,8.269e-14,7.715e-20,8.172e-23,9.820e-1,2.463e+0,1.248e-1,1.048e-16,,9.781e+1,1.815e-5,,4.677e+1,1.378e-12,,4.301e-18,1.564e-16,,9.109e-20,,6.488e-19,,1.625e-18,,2.730e+0,,2.329e-17,,2.234e-18,1.157e-16
438.67,1.494e+3,2.193e-7,1.007e-11,9.338e-26,5.369e-2,8.837e-24,,1.299e-19,1.116e-2,,3.759e-15,3.714e-21,3.734e-21,1.036e-17,1.868e-21,4.268e-20,7.811e-21,3.137e-7,,5.310e-19,2.694e-20,1.616e-21,2.253e+0,4.980e+1,5.216e-10,7.039e-1,1.844e-19,1.451e-2,1.425e-22,1.291e+3,2.185e-20,6.244e-14,7.716e-20,8.173e-23,9.572e-1,2.067e+0,1.192e-1,1.041e-16,,9.805e+1,2.261e-5,,4.575e+1,8.558e-13,,4.331e-18,1.563e-16,,9.107e-20,,6.488e-19,,1.625e-18,,2.729e+0,,2.328e-17,,2.242e-18,1.157e-16
438.7,1.376e+3,1.379e-7,7.324e-12,9.664e-26,6.055e-2,5.105e-24,,1.301e-19,1.148e-2,,3.759e-15,3.728e-21,1.916e-21,1.036e-17,1.869e-21,7.072e-20,7.810e-21,3.266e-7,,5.437e-19,2.697e-20,2.359e-21,2.778e+0,5.349e+1,4.112e-10,6.655e-1,1.844e-19,1.244e-2,1.430e-22,1.171e+3,2.186e-20,4.066e-14,7.718e-20,8.174e-23,9.183e-1,1.668e+0,1.136e-1,1.030e-16,,9.846e+1,3.427e-5,,4.396e+1,4.157e-13,,4.376e-18,1.563e-16,,9.105e-20,,6.487e-19,,1.623e-18,,2.711e+0,,2.328e-17,,2.255e-18,1.158e-16
438.72,1.299e+3,1.007e-7,5.896e-12,9.838e-26,6.536e-2,3.523e-24,,1.303e-19,1.169e-2,,3.759e-15,3.737e-21,1.222e-21,1.036e-17,1.869e-21,9.854e-20,7.809e-21,3.338e-7,,5.521e-19,2.698e-20,3.020e-21,3.179e+0,5.622e+1,3.491e-10,6.380e-1,1.844e-19,1.117e-2,1.433e-22,1.092e+3,2.187e-20,3.040e-14,7.720e-20,8.175e-23,8.914e-1,1.511e+0,1.117e-1,1.023e-16,,9.878e+1,4.645e-5,,4.260e+1,2.556e-13,,4.407e-18,1.562e-16,,9.104e-20,,6.487e-19,,1.622e-18,,2.688e+0,,2.327e-17,,2.264e-18,1.158e-16
438.75,1.187e+3,6.237e-8,4.228e-12,1.003e-25,7.286e-2,2.005e-24,,1.305e-19,1.200e-2,,3.758e-15,3.751e-21,6.176e-22,1.036e-17,1.869e-21,1.609e-19,7.808e-21,3.424e-7,,5.647e-19,2.700e-20,4.343e-21,3.863e+0,6.083e+1,2.711e-10,5.945e-1,1.845e-19,9.433e-3,1.438e-22,9.769e+2,2.187e-20,1.951e-14,7.722e-20,8.177e-23,8.502e-1,1.420e+0,1.117e-1,1.013e-16,,9.931e+1,7.427e-5,,4.035e+1,1.223e-13,,4.452e-18,1.562e-16,,9.102e-20,,6.486e-19,,1.621e-18,,2.639e+0,,2.327e-17,,2.276e-18,1.158e-16
438.77,1.115e+3,4.509e-8,3.372e-12,1.011e-25,7.804e-2,1.370e-24,,1.307e-19,1.220e-2,,3.758e-15,3.761e-21,3.899e-22,1.036e-17,1.869e-21,2.221e-19,7.807e-21,3.465e-7,,5.731e-19,2.702e-20,5.505e-21,4.376e+0,6.431e+1,2.279e-10,5.644e-1,1.845e-19,8.387e-3,1.441e-22,9.024e+2,2.188e-20,1.444e-14,7.723e-20,8.178e-23,8.225e-1,1.446e+0,1.135e-1,1.006e-16,,9.968e+1,1.017e-4,,3.874e+1,7.444e-14,,4.482e-18,1.561e-16,,9.101e-20,,6.485e-19,,1.620e-18,,2.599e+0,,2.326e-17,,2.285e-18,1.159e-16
438.8,1.013e+3,2.752e-8,2.385e-12,1.016e-25,8.602e-2,7.678e-25,,1.310e-19,1.250e-2,,3.757e-15,3.775e-21,1.941e-22,1.036e-17,1.869e-21,3.574e-19,7.806e-21,3.501e-7,,5.858e-19,2.704e-20,7.800e-21,5.238e+0,7.024e+1,1.743e-10,5.182e-1,1.845e-19,6.978e-3,1.445e-22,7.957e+2,2.189e-20,9.127e-15,7.725e-20,8.179e-23,7.815e-1,1.610e+0,1.189e-1,9.952e-17,,1.003e+2,1.623e-4,,3.618e+1,3.508e-14,,4.527e-18,1.561e-16,,9.099e-20,,6.484e-19,,1.619e-18,,2.527e+0,,2.326e-17,,2.298e-18,1.159e-16
438.82,9.497e+2,1.970e-8,1.884e-12,1.014e-25,9.145e-2,5.193e-25,,1.311e-19,1.268e-2,,3.757e-15,3.784e-21,1.213e-22,1.036e-17,1.869e-21,4.885e-19,7.805e-21,3.508e-7,,5.942e-19,2.706e-20,9.790e-21,5.876e+0,7.474e+1,1.451e-10,4.871e-1,1.845e-19,6.143e-3,1.448e-22,7.282e+2,2.189e-20,6.689e-15,7.727e-20,8.180e-23,7.547e-1,1.804e+0,1.242e-1,9.882e-17,,1.007e+2,2.209e-4,,3.440e+1,2.114e-14,,4.557e-18,1.560e-16,,9.098e-20,,6.484e-19,,1.618e-18,,2.473e+0,,2.326e-17,,2.306e-18,1.159e-16
438.85,8.615e+2,1.184e-8,1.314e-12,1.003e-25,9.967e-2,2.868e-25,,1.314e-19,1.294e-2,,3.757e-15,3.799e-21,5.950e-23,1.036e-17,1.869e-21,7.750e-19,7.804e-21,3.492e-7,,6.068e-19,2.708e-20,1.367e-20,6.930e+0,8.242e+1,1.094e-10,4.406e-1,1.846e-19,5.035e-3,1.453e-22,6.333e+2,2.190e-20,4.166e-15,7.729e-20,8.181e-23,7.161e-1,2.225e+0,1.347e-1,9.777e-17,,1.012e+2,3.483e-4,,3.167e+1,9.815e-15,,4.602e-18,1.560e-16,,9.096e-20,,6.483e-19,,1.617e-18,,2.386e+0,,2.325e-17,,2.319e-18,1.159e-16
438.87,8.079e+2,8.389e-9,1.028e-12,9.912e-26,1.052e-1,1.920e-25,,1.316e-19,1.309e-2,,3.756e-15,3.808e-21,3.682e-23,1.036e-17,1.869e-21,1.049e-18,7.804e-21,3.465e-7,,6.152e-19,2.710e-20,1.699e-20,7.698e+0,8.823e+1,9.011e-11,4.101e-1,1.846e-19,4.389e-3,1.456e-22,5.743e+2,2.191e-20,3.023e-15,7.730e-20,8.182e-23,6.917e-1,2.601e+0,1.433e-1,9.707e-17,,1.015e+2,4.697e-4,,2.983e+1,5.855e-15,,4.632e-18,1.559e-16,,9.094e-20,,6.482e-19,,1.616e-18,,2.326e+0,,2.325e-17,,2.328e-18,1.160e-16
438.9,7.356e+2,4.967e-9,7.069e-13,9.664e-26,1.134e-1,1.045e-25,,1.318e-19,1.328e-2,,3.756e-15,3.822e-21,1.779e-23,1.036e-17,1.870e-21,1.641e-18,7.802e-21,3.398e-7,,6.279e-19,2.712e-20,2.336e-20,8.945e+0,9.807e+1,6.691e-11,3.656e-1,1.846e-19,3.544e-3,1.461e-22,4.927e+2,2.191e-20,1.855e-15,7.732e-20,8.184e-23,6.579e-1,3.324e+0,1.585e-1,9.601e-17,,1.020e+2,7.305e-4,,2.708e+1,2.678e-15,,4.677e-18,1.558e-16,,9.092e-20,,6.482e-19,,1.615e-18,,2.234e+0,,2.324e-17,,2.340e-18,1.160e-16
438.92,6.929e+2,3.485e-9,5.481e-13,9.455e-26,1.188e-1,6.926e-26,,1.320e-19,1.338e-2,,3.756e-15,3.832e-21,1.090e-23,1.036e-17,1.870e-21,2.200e-18,7.802e-21,3.338e-7,,6.363e-19,2.714e-20,2.875e-20,9.837e+0,1.054e+2,5.459e-11,3.369e-1,1.846e-19,3.058e-3,1.464e-22,4.428e+2,2.192e-20,1.333e-15,7.734e-20,8.184e-23,6.373e-1,3.924e+0,1.700e-1,9.531e-17,,1.022e+2,9.759e-4,,2.527e+1,1.582e-15,,4.707e-18,1.558e-16,,9.091e-20,,6.481e-19,,1.614e-18,,2.174e+0,,2.324e-17,,2.349e-18,1.160e-16
438.95,6.372e+2,2.033e-9,3.715e-13,9.082e-26,1.266e-1,3.711e-26,,1.322e-19,1.348e-2,,3.755e-15,3.846e-21,5.186e-24,1.036e-17,1.870e-21,3.391e-18,7.801e-21,3.226e-7,,6.489e-19,2.716e-20,3.896e-20,1.126e+1,1.178e+2,3.993e-11,2.958e-1,1.847e-19,2.433e-3,1.469e-22,3.749e+2,2.193e-20,8.055e-16,7.736e-20,8.186e-23,6.099e-1,5.029e+0,1.891e-1,9.426e-17,,1.023e+2,1.496e-3,,2.261e+1,7.124e-16,,4.753e-18,1.557e-16,,9.089e-20,,6.480e-19,,1.613e-18,,2.087e+0,,2.323e-17,,2.362e-18,1.161e-16
438.97,6.055e+2,1.412e-9,2.853e-13,8.798e-26,1.317e-1,2.436e-26,,1.324e-19,1.352e-2,,3.755e-15,3.855e-21,3.145e-24,1.036e-17,1.870e-21,4.504e-18,7.800e-21,3.137e-7,,6.573e-19,2.718e-20,4.748e-20,1.226e+1,1.268e+2,3.225e-11,2.700e-1,1.847e-19,2.079e-3,1.472e-22,3.340e+2,2.193e-20,5.730e-16,7.737e-20,8.187e-23,5.940e-1,5.919e+0,2.031e-1,9.356e-17,,1.023e+2,1.980e-3,,2.091e+1,4.166e-16,,4.783e-18,1.557e-16,,9.088e-20,,6.480e-19,,1.612e-18,,2.032e+0,,2.323e-17,,2.370e-18,1.161e-16
438.99,5.782e+2,9.769e-10,2.182e-13,8.489e-26,1.366e-1,1.592e-26,,1.326e-19,1.352e-2,,3.755e-15,3.865e-21,1.900e-24,1.036e-17,1.870e-21,5.959e-18,7.799e-21,3.039e-7,,6.658e-19,2.719e-20,5.762e-20,1.330e+1,1.366e+2,2.595e-11,2.454e-1,1.847e-19,1.769e-3,1.475e-22,2.966e+2,2.194e-20,4.060e-16,7.738e-20,8.188e-23,5.802e-1,6.948e+0,2.178e-1,9.286e-17,,1.022e+2,2.611e-3,,1.926e+1,2.426e-16,,4.813e-18,1.556e-16,,9.086e-20,,6.479e-19,,1.611e-18,,1.982e+0,,2.322e-17,,2.379e-18,1.161e-16
439.02,5.449e+2,5.580e-10,1.450e-13,7.985e-26,1.434e-1,8.355e-27,,1.328e-19,1.347e-2,,3.754e-15,3.879e-21,8.852e-25,1.036e-17,1.870e-21,9.004e-18,7.798e-21,2.876e-7,,6.784e-19,2.722e-20,7.649e-20,1.491e+1,1.527e+2,1.860e-11,2.110e-1,1.847e-19,1.378e-3,1.479e-22,2.467e+2,2.194e-20,2.403e-16,7.741e-20,8.189e-23,5.632e-1,8.781e+0,2.411e-1,9.181e-17,,1.018e+2,3.925e-3,,1.691e+1,1.070e-16,,4.858e-18,1.556e-16,,9.084e-20,,6.478e-19,,1.610e-18,,1.916e+0,,2.322e-17,,2.392e-18,1.161e-16
439.04,5.276e+2,3.822e-10,1.098e-13,7.629e-26,1.476e-1,5.407e-27,,1.330e-19,1.338e-2,,3.754e-15,3.888e-21,5.294e-25,1.036e-17,1.870e-21,1.180e-17,7.798e-21,2.758e-7,,6.868e-19,2.723e-20,9.192e-20,1.602e+1,1.642e+2,1.482e-11,1.899e-1,1.848e-19,1.161e-3,1.483e-22,2.173e+2,2.195e-20,1.686e-16,7.742e-20,8.190e-23,5.545e-1,1.022e+1,2.574e-1,9.110e-17,,1.014e+2,5.126e-3,,1.544e+1,6.169e-17,,4.888e-18,1.555e-16,,9.083e-20,,6.478e-19,,1.609e-18,,1.878e+0,,2.322e-17,,2.400e-18,1.162e-16
439.07,5.086e+2,2.150e-10,7.195e-14,7.070e-26,1.533e-1,2.795e-27,,1.333e-19,1.320e-2,,3.754e-15,3.902e-21,2.430e-25,1.036e-17,1.870e-21,1.758e-17,7.796e-21,2.572e-7,,6.994e-19,2.726e-20,1.202e-19,1.769e+1,1.827e+2,1.047e-11,1.609e-1,1.848e-19,8.912e-4,1.487e-22,1.785e+2,2.196e-20,9.834e-17,7.744e-20,8.191e-23,5.449e-1,1.274e+1,2.824e-1,9.005e-17,,1.005e+2,7.598e-3,,1.340e+1,2.680e-17,,4.933e-18,1.555e-16,,9.081e-20,,6.477e-19,,1.608e-18,,1.834e+0,,2.321e-17,,2.413e-18,1.162e-16
439.09,5.001e+2,1.458e-10,5.401e-14,6.688e-26,1.567e-1,1.791e-27,,1.334e-19,1.302e-2,,3.753e-15,3.912e-21,1.439e-25,1.036e-17,1.871e-21,2.282e-17,7.796e-21,2.442e-7,,7.079e-19,2.727e-20,1.431e-19,1.882e+1,1.958e+2,8.269e-12,1.434e-1,1.848e-19,7.434e-4,1.490e-22,1.560e+2,2.196e-20,6.830e-17,7.745e-20,8.192e-23,5.408e-1,1.469e+1,2.995e-1,8.935e-17,,9.969e+1,9.831e-3,,1.214e+1,1.530e-17,,4.963e-18,1.554e-16,,9.080e-20,,6.477e-19,,1.607e-18,,1.812e+0,,2.321e-17,,2.422e-18,1.162e-16
439.12,4.933e+2,8.082e-11,3.491e-14,6.107e-26,1.610e-1,9.117e-28,,1.337e-19,1.270e-2,,3.753e-15,3.926e-21,6.504e-26,1.036e-17,1.871e-21,3.351e-17,7.795e-21,2.243e-7,,7.205e-19,2.730e-20,1.843e-19,2.048e+1,2.164e+2,5.776e-12,1.197e-1,1.848e-19,5.621e-4,1.495e-22,1.268e+2,2.197e-20,3.925e-17,7.747e-20,8.194e-23,5.376e-1,1.805e+1,3.251e-1,8.830e-17,,9.823e+1,1.437e-2,,1.043e+1,6.547e-18,,5.008e-18,1.554e-16,,9.078e-20,,6.476e-19,,1.606e-18,,1.792e+0,,2.320e-17,,2.434e-18,1.163e-16
439.14,4.922e+2,5.426e-11,2.600e-14,5.719e-26,1.633e-1,5.784e-28,,1.339e-19,1.244e-2,,3.753e-15,3.935e-21,3.812e-26,1.036e-17,1.871e-21,4.309e-17,7.794e-21,2.109e-7,,7.289e-19,2.731e-20,2.172e-19,2.156e+1,2.306e+2,4.538e-12,1.056e-1,1.849e-19,4.643e-4,1.498e-22,1.100e+2,2.197e-20,2.699e-17,7.749e-20,8.194e-23,5.372e-1,2.060e+1,3.420e-1,8.760e-17,,9.707e+1,1.842e-2,,9.412e+0,3.699e-18,,5.038e-18,1.553e-16,,9.076e-20,,6.475e-19,,1.605e-18,,1.787e+0,,2.320e-17,,2.443e-18,1.163e-16
439.17,4.951e+2,2.962e-11,1.666e-14,5.145e-26,1.660e-1,2.901e-28,,1.341e-19,1.198e-2,,3.752e-15,3.950e-21,1.698e-26,1.036e-17,1.871e-21,6.240e-17,7.793e-21,1.909e-7,,7.416e-19,2.733e-20,2.758e-19,2.312e+1,2.524e+2,3.164e-12,8.682e-2,1.849e-19,3.459e-4,1.503e-22,8.847e+1,2.198e-20,1.528e-17,7.751e-20,8.196e-23,5.386e-1,2.495e+1,3.668e-1,8.654e-17,,9.504e+1,2.655e-2,,8.052e+0,1.560e-18,,5.084e-18,1.553e-16,,9.074e-20,,6.474e-19,,1.604e-18,,1.791e+0,,2.319e-17,,2.456e-18,1.163e-16
439.19,4.996e+2,1.969e-11,1.239e-14,4.771e-26,1.671e-1,1.822e-28,,1.343e-19,1.164e-2,,3.752e-15,3.959e-21,9.852e-27,1.036e-17,1.871e-21,7.949e-17,7.792e-21,1.777e-7,,7.500e-19,2.735e-20,3.218e-19,2.410e+1,2.672e+2,2.503e-12,7.583e-2,1.849e-19,2.828e-4,1.506e-22,7.629e+1,2.199e-20,1.040e-17,7.752e-20,8.197e-23,5.406e-1,2.820e+1,3.828e-1,8.584e-17,,9.351e+1,3.372e-2,,7.261e+0,8.724e-19,,5.114e-18,1.552e-16,,9.073e-20,,6.474e-19,,1.603e-18,,1.802e+0,,2.319e-17,,2.464e-18,1.163e-16
439.22,5.096e+2,1.059e-11,8.067e-15,4.228e-26,1.679e-1,9.001e-29,,1.345e-19,1.107e-2,,3.751e-15,3.973e-21,4.322e-27,1.036e-17,1.871e-21,1.135e-16,7.791e-21,1.585e-7,,7.626e-19,2.737e-20,4.025e-19,2.547e+1,2.893e+2,1.803e-12,6.144e-2,1.849e-19,2.076e-4,1.510e-22,6.086e+1,2.199e-20,5.802e-18,7.754e-20,8.198e-23,5.444e-1,3.364e+1,4.056e-1,8.479e-17,,9.097e+1,4.793e-2,,6.246e+0,3.623e-19,,5.159e-18,1.551e-16,,9.071e-20,,6.473e-19,,1.602e-18,,1.828e+0,,2.318e-17,,2.477e-18,1.164e-16
439.24,5.180e+2,6.969e-12,6.204e-15,3.882e-26,1.678e-1,5.597e-29,,1.347e-19,1.066e-2,,3.751e-15,3.983e-21,2.483e-27,1.036e-17,1.871e-21,1.432e-16,7.790e-21,1.461e-7,,7.710e-19,2.739e-20,4.650e-19,2.629e+1,3.039e+2,1.493e-12,5.314e-2,1.850e-19,1.681e-4,1.514e-22,5.225e+1,2.200e-20,3.911e-18,7.756e-20,8.199e-23,5.473e-1,3.766e+1,4.198e-1,8.409e-17,,8.912e+1,6.032e-2,,5.681e+0,3.627e-19,,5.189e-18,1.551e-16,,9.070e-20,,6.473e-19,,1.601e-18,,1.851e+0,,2.318e-17,,2.485e-18,1.164e-16
439.27,5.325e+2,3.693e-12,4.540e-15,3.390e-26,1.667e-1,2.724e-29,,1.350e-19,1.001e-2,,3.751e-15,3.997e-21,1.073e-27,1.036e-17,1.871e-21,2.017e-16,7.789e-21,1.283e-7,,7.837e-19,2.741e-20,5.732e-19,2.736e+1,3.251e+2,1.218e-12,4.242e-2,1.850e-19,1.216e-4,1.518e-22,4.151e+1,2.201e-20,2.149e-18,7.758e-20,8.200e-23,5.513e-1,4.427e+1,4.394e-1,8.304e-17,,8.616e+1,8.458e-2,,4.997e+0,3.632e-19,,5.234e-18,1.550e-16,,9.068e-20,,6.472e-19,,1.600e-18,,1.894e+0,,2.317e-17,,2.498e-18,1.164e-16
439.29,5.432e+2,2.406e-12,4.043e-15,3.081e-26,1.654e-1,1.677e-29,,1.351e-19,9.554e-3,,3.750e-15,4.006e-21,6.102e-28,1.036e-17,1.872e-21,2.521e-16,7.789e-21,1.171e-7,,7.921e-19,2.743e-20,6.557e-19,2.797e+1,3.385e+2,1.144e-12,3.632e-2,1.850e-19,9.760e-5,1.521e-22,3.561e+1,2.201e-20,1.434e-18,7.759e-20,8.201e-23,5.535e-1,4.906e+1,4.512e-1,8.234e-17,,8.408e+1,1.055e-1,,4.647e+0,3.636e-19,,5.264e-18,1.550e-16,,9.066e-20,,6.471e-19,,1.599e-18,,1.926e+0,,2.317e-17,,2.507e-18,1.164e-16
439.32,5.598e+2,1.256e-12,4.110e-15,2.651e-26,1.624e-1,8.038e-30,,1.354e-19,8.848e-3,,3.750e-15,4.020e-21,2.598e-28,1.036e-17,1.872e-21,3.501e-16,7.788e-21,1.013e-7,,8.047e-19,2.745e-20,7.964e-19,2.868e+1,3.574e+2,1.182e-12,2.856e-2,1.850e-19,6.970e-5,1.526e-22,2.842e+1,2.202e-20,7.765e-19,7.761e-20,8.203e-23,5.556e-1,5.683e+1,4.667e-1,8.128e-17,,8.084e+1,1.459e-1,,4.276e+0,3.642e-19,,5.309e-18,1.549e-16,,9.064e-20,,6.470e-19,,1.598e-18,,1.978e+0,,2.316e-17,,2.520e-18,1.165e-16
439.34,5.711e+2,8.099e-13,4.706e-15,2.386e-26,1.598e-1,4.899e-30,,1.356e-19,8.368e-3,,3.750e-15,4.030e-21,1.463e-28,1.036e-17,1.872e-21,4.337e-16,7.787e-21,9.157e-8,,8.131e-19,2.747e-20,9.021e-19,2.903e+1,3.689e+2,1.307e-12,2.421e-2,1.851e-19,5.550e-5,1.529e-22,2.458e+1,2.202e-20,5.132e-19,7.763e-20,8.203e-23,5.558e-1,6.236e+1,4.756e-1,8.058e-17,,7.863e+1,1.803e-1,,4.127e+0,3.646e-19,,5.339e-18,1.549e-16,,9.063e-20,,6.470e-19,,1.597e-18,,2.014e+0,,2.316e-17,,2.528e-18,1.165e-16
439.37,5.877e+2,4.164e-13,6.574e-15,2.022e-26,1.550e-1,2.313e-30,,1.358e-19,7.643e-3,,3.749e-15,4.044e-21,6.133e-29,1.036e-17,1.872e-21,5.939e-16,7.786e-21,7.807e-8,,8.258e-19,2.749e-20,1.080e-18,2.933e+1,3.842e+2,1.655e-12,1.876e-2,1.851e-19,3.932e-5,1.534e-22,2.007e+1,2.203e-20,2.737e-19,7.765e-20,8.205e-23,5.539e-1,7.117e+1,4.865e-1,7.953e-17,,7.529e+1,2.460e-1,,4.049e+0,3.651e-19,,5.384e-18,1.548e-16,,9.061e-20,,6.469e-19,,1.596e-18,,2.067e+0,,2.316e-17,,2.541e-18,1.165e-16
439.39,5.983e+2,2.659e-13,8.639e-15,1.802e-26,1.513e-1,1.396e-30,,1.360e-19,7.161e-3,,3.749e-15,4.053e-21,3.419e-29,1.036e-17,1.872e-21,7.289e-16,7.785e-21,6.985e-8,,8.342e-19,2.751e-20,1.211e-18,2.939e+1,3.929e+2,2.009e-12,1.575e-2,1.851e-19,3.127e-5,1.537e-22,1.780e+1,2.204e-20,1.791e-19,7.766e-20,8.206e-23,5.511e-1,7.733e+1,4.921e-1,7.883e-17,,7.308e+1,3.013e-1,,4.091e+0,3.655e-19,,5.415e-18,1.548e-16,,9.060e-20,,6.468e-19,,1.595e-18,,2.102e+0,,2.315e-17,,2.549e-18,1.166e-16
439.41,6.083e+2,1.691e-13,1.157e-14,1.599e-26,1.472e-1,8.389e-31,,1.361e-19,6.684e-3,,3.749e-15,4.063e-21,1.898e-29,1.036e-17,1.872e-21,8.914e-16,7.785e-21,6.225e-8,,8.426e-19,2.752e-20,1.353e-18,2.933e+1,4.004e+2,2.478e-12,1.316e-2,1.851e-19,2.497e-5,1.540e-22,1.608e+1,2.204e-20,1.167e-19,7.768e-20,8.207e-23,5.469e-1,8.370e+1,4.965e-1,7.813e-17,,7.090e+1,3.677e-1,,4.205e+0,3.659e-19,,5.445e-18,1.547e-16,,9.058e-20,,6.468e-19,,1.594e-18,,2.135e+0,,2.315e-17,,2.558e-18,1.166e-16
439.44,6.219e+2,8.516e-14,1.819e-14,1.328e-26,1.404e-1,3.879e-31,,1.364e-19,5.985e-3,,3.748e-15,4.077e-21,1.870e-28,1.036e-17,1.872e-21,1.197e-15,7.783e-21,5.198e-8,,8.552e-19,2.755e-20,1.586e-18,2.903e+1,4.088e+2,3.444e-12,9.989e-3,1.852e-19,1.816e-5,1.545e-22,1.442e+1,2.205e-20,6.095e-20,7.770e-20,8.208e-23,5.377e-1,9.355e+1,5.008e-1,7.707e-17,,6.772e+1,4.924e-1,,4.510e+0,3.665e-19,,5.490e-18,1.547e-16,,9.056e-20,,6.467e-19,,1.593e-18,,2.179e+0,,2.314e-17,,2.571e-18,1.166e-16
439.46,6.299e+2,5.362e-14,2.464e-14,1.167e-26,1.355e-1,2.308e-31,,1.366e-19,5.533e-3,,3.748e-15,4.087e-21,2.991e-28,1.036e-17,1.872e-21,1.451e-15,7.783e-21,4.586e-8,,8.637e-19,2.756e-20,1.755e-18,2.868e+1,4.126e+2,4.301e-12,8.268e-3,1.852e-19,1.505e-5,1.548e-22,1.390e+1,2.205e-20,3.933e-20,7.771e-20,8.209e-23,5.296e-1,1.003e+2,5.021e-1,7.637e-17,,6.569e+1,5.957e-1,,4.801e+0,3.668e-19,,5.520e-18,1.546e-16,,9.055e-20,,6.467e-19,,1.592e-18,,2.204e+0,,2.314e-17,,2.579e-18,1.166e-16
439.49,6.399e+2,2.660e-14,3.873e-14,9.541e-27,1.277e-1,1.051e-31,,1.368e-19,4.883e-3,,3.747e-15,4.101e-21,4.672e-28,1.036e-17,1.873e-21,1.922e-15,7.782e-21,3.773e-8,,8.763e-19,2.759e-20,2.027e-18,2.797e+1,4.153e+2,5.994e-12,6.181e-3,1.852e-19,1.213e-5,1.552e-22,1.396e+1,2.206e-20,2.024e-20,7.773e-20,8.210e-23,5.147e-1,1.104e+2,5.022e-1,7.532e-17,,6.281e+1,7.873e-1,,5.362e+0,3.674e-19,,5.565e-18,1.546e-16,,9.053e-20,,6.466e-19,,1.591e-18,,2.233e+0,,2.313e-17,,2.592e-18,1.167e-16
439.51,6.453e+2,1.658e-14,5.217e-14,8.302e-27,1.222e-1,6.193e-32,,1.370e-19,4.471e-3,,3.747e-15,4.110e-21,5.792e-28,1.036e-17,1.873e-21,2.309e-15,7.781e-21,3.296e-8,,8.847e-19,2.760e-20,2.221e-18,2.736e+1,4.150e+2,7.459e-12,5.066e-3,1.852e-19,1.119e-5,1.555e-22,1.457e+1,2.207e-20,1.293e-20,7.775e-20,8.211e-23,5.029e-1,1.172e+2,5.010e-1,7.462e-17,,6.102e+1,9.441e-1,,5.818e+0,3.678e-19,,5.595e-18,1.545e-16,,9.052e-20,,6.465e-19,,1.590e-18,,2.246e+0,,2.313e-17,,2.601e-18,1.167e-16
439.54,6.512e+2,8.101e-15,8.105e-14,6.689e-27,1.136e-1,2.779e-32,,1.372e-19,3.889e-3,,3.747e-15,4.124e-21,7.473e-28,1.036e-17,1.873e-21,3.018e-15,7.780e-21,2.672e-8,,8.973e-19,2.763e-20,2.528e-18,2.629e+1,4.117e+2,1.029e-11,3.732e-3,1.853e-19,1.116e-5,1.560e-22,1.636e+1,2.207e-20,6.554e-21,7.777e-20,8.213e-23,4.825e-1,1.271e+2,4.978e-1,7.357e-17,,5.856e+1,1.232e+0,,6.619e+0,3.684e-19,,5.640e-18,1.545e-16,,9.050e-20,,6.464e-19,,1.589e-18,,2.256e+0,,2.312e-17,,2.613e-18,1.167e-16
439.56,6.538e+2,5.000e-15,1.082e-13,5.763e-27,1.078e-1,1.620e-32,,1.374e-19,3.527e-3,,3.746e-15,4.134e-21,8.593e-28,1.036e-17,1.873e-21,3.591e-15,7.779e-21,2.311e-8,,9.058e-19,2.764e-20,2.743e-18,2.547e+1,4.075e+2,1.270e-11,3.029e-3,1.853e-19,1.203e-5,1.563e-22,1.818e+1,2.208e-20,4.146e-21,7.778e-20,8.213e-23,4.673e-1,1.336e+2,4.948e-1,7.287e-17,,5.706e+1,1.464e+0,,7.229e+0,3.687e-19,,5.670e-18,1.544e-16,,9.048e-20,,6.464e-19,,1.588e-18,,2.256e+0,,2.312e-17,,2.622e-18,1.168e-16
439.59,6.556e+2,2.406e-15,1.658e-13,4.574e-27,9.899e-2,7.163e-33,,1.377e-19,3.023e-3,,3.746e-15,4.148e-21,1.027e-27,1.036e-17,1.873e-21,4.631e-15,7.778e-21,1.845e-8,,2.159e-18,2.766e-20,3.077e-18,2.410e+1,3.984e+2,1.729e-11,2.199e-3,1.853e-19,1.476e-5,1.568e-22,2.190e+1,2.209e-20,2.071e-21,7.780e-20,8.215e-23,4.424e-1,1.428e+2,4.896e-1,7.181e-17,,5.506e+1,1.886e+0,,8.251e+0,3.693e-19,,5.715e-18,1.543e-16,,9.046e-20,,6.463e-19,,1.587e-18,,2.244e+0,,2.312e-17,,2.635e-18,1.168e-16
439.61,6.556e+2,1.471e-15,2.193e-13,3.902e-27,9.310e-2,4.135e-33,,1.378e-19,2.715e-3,,3.746e-15,4.157e-21,1.139e-27,1.036e-17,1.873e-21,5.462e-15,7.777e-21,1.580e-8,,3.835e-18,2.768e-20,3.306e-18,2.312e+1,3.905e+2,2.114e-11,1.768e-3,1.853e-19,1.763e-5,1.571e-22,2.512e+1,2.209e-20,1.297e-21,7.781e-20,8.216e-23,4.246e-1,1.485e+2,4.858e-1,7.111e-17,,5.388e+1,2.223e+0,,8.999e+0,3.697e-19,,5.746e-18,1.543e-16,,9.045e-20,,6.463e-19,,1.586e-18,,2.228e+0,,2.311e-17,,2.643e-18,1.168e-16
439.64,6.538e+2,6.972e-16,3.312e-13,3.051e-27,8.436e-2,1.801e-33,,1.381e-19,2.293e-3,,3.745e-15,4.172e-21,1.307e-27,1.036e-17,1.873e-21,6.950e-15,7.776e-21,1.243e-8,,9.011e-18,2.770e-20,3.656e-18,2.156e+1,3.761e+2,2.836e-11,1.267e-3,1.853e-19,2.384e-5,1.576e-22,3.116e+1,2.210e-20,6.381e-22,7.784e-20,8.217e-23,3.964e-1,1.565e+2,4.800e-1,7.006e-17,,5.232e+1,2.827e+0,,1.021e+1,3.703e-19,,5.791e-18,1.542e-16,,9.043e-20,,6.462e-19,,1.585e-18,,2.193e+0,,2.311e-17,,2.656e-18,1.168e-16
439.66,6.517e+2,4.218e-16,4.339e-13,2.577e-27,7.865e-2,1.029e-33,,1.383e-19,2.039e-3,,3.745e-15,4.181e-21,1.420e-27,1.036e-17,1.873e-21,8.125e-15,7.776e-21,1.054e-8,,1.585e-17,2.772e-20,3.890e-18,2.048e+1,3.651e+2,3.433e-11,1.011e-3,1.854e-19,2.950e-5,1.579e-22,3.610e+1,2.210e-20,3.957e-22,7.785e-20,8.218e-23,3.769e-1,1.612e+2,4.763e-1,6.936e-17,,5.142e+1,3.304e+0,,1.107e+1,3.707e-19,,5.821e-18,1.542e-16,,9.042e-20,,6.461e-19,,1.584e-18,,2.163e+0,,2.310e-17,,2.665e-18,1.169e-16
439.69,6.474e+2,1.970e-16,6.460e-13,1.985e-27,7.032e-2,4.415e-34,,1.385e-19,1.697e-3,,3.745e-15,4.195e-21,1.588e-27,1.036e-17,1.874e-21,1.020e-14,7.775e-21,8.171e-9,,3.669e-17,2.774e-20,4.241e-18,1.882e+1,3.465e+2,4.540e-11,7.177e-4,1.854e-19,4.083e-5,1.583e-22,4.502e+1,2.211e-20,1.918e-22,7.787e-20,8.219e-23,3.469e-1,1.673e+2,4.715e-1,6.831e-17,,5.025e+1,4.150e+0,,1.244e+1,3.712e-19,,5.866e-18,1.541e-16,,9.040e-20,,6.460e-19,,1.583e-18,,2.106e+0,,2.310e-17,,2.677e-18,1.169e-16
439.71,6.441e+2,1.180e-16,8.382e-13,1.660e-27,6.497e-2,2.498e-34,,1.387e-19,1.494e-3,,3.744e-15,4.205e-21,1.700e-27,1.036e-17,1.874e-21,1.182e-14,7.774e-21,6.860e-9,,6.390e-17,2.776e-20,4.470e-18,1.769e+1,3.330e+2,5.442e-11,5.712e-4,1.854e-19,5.071e-5,1.587e-22,5.208e+1,2.212e-20,1.178e-22,7.788e-20,8.220e-23,3.267e-1,1.706e+2,4.690e-1,6.760e-17,,4.957e+1,4.812e+0,,1.338e+1,3.716e-19,,5.896e-18,1.541e-16,,9.039e-20,,6.460e-19,,1.582e-18,,2.062e+0,,2.309e-17,,2.686e-18,1.169e-16
439.74,6.387e+2,5.429e-17,1.230e-12,1.260e-27,5.730e-2,1.056e-34,,1.389e-19,1.226e-3,,3.744e-15,4.219e-21,1.868e-27,1.036e-17,1.874e-21,1.465e-14,7.773e-21,5.238e-9,,1.458e-16,2.778e-20,4.804e-18,1.602e+1,3.115e+2,7.090e-11,4.083e-4,1.854e-19,6.998e-5,1.591e-22,6.453e+1,2.212e-20,5.623e-23,7.790e-20,8.222e-23,2.964e-1,1.744e+2,4.667e-1,6.655e-17,,4.867e+1,5.971e+0,,1.484e+1,3.722e-19,,5.941e-18,1.540e-16,,9.037e-20,,6.459e-19,,1.581e-18,,1.987e+0,,2.309e-17,,2.699e-18,1.170e-16
439.76,6.352e+2,3.219e-17,1.581e-12,1.043e-27,5.246e-2,5.914e-35,,1.391e-19,1.068e-3,,3.744e-15,4.228e-21,1.980e-27,1.036e-17,1.874e-21,1.682e-14,7.772e-21,4.354e-9,,2.515e-16,2.780e-20,5.017e-18,1.491e+1,2.964e+2,8.416e-11,3.302e-4,1.855e-19,8.646e-5,1.594e-22,7.418e+1,2.213e-20,3.418e-23,7.792e-20,8.222e-23,2.764e-1,1.762e+2,4.662e-1,6.585e-17,,4.813e+1,6.866e+0,,1.583e+1,3.726e-19,,5.971e-18,1.540e-16,,9.035e-20,,6.459e-19,,1.580e-18,,1.932e+0,,2.308e-17,,2.707e-18,1.170e-16
439.78,6.319e+2,1.901e-17,2.024e-12,8.605e-28,4.785e-2,3.300e-35,,1.393e-19,9.279e-4,,3.743e-15,4.238e-21,2.092e-27,1.036e-17,1.874e-21,1.926e-14,7.771e-21,3.605e-9,,4.320e-16,2.781e-20,5.220e-18,1.383e+1,2.809e+2,9.951e-11,2.718e-4,1.855e-19,1.065e-4,1.597e-22,8.500e+1,2.213e-20,2.070e-23,7.793e-20,8.223e-23,2.568e-1,1.772e+2,4.668e-1,6.515e-17,,4.761e+1,7.872e+0,,1.681e+1,3.729e-19,,6.001e-18,1.539e-16,,9.034e-20,,6.458e-19,,1.579e-18,,1.872e+0,,2.308e-17,,2.716e-18,1.170e-16
439.81,6.280e+2,8.566e-18,2.911e-12,6.397e-28,4.140e-2,1.365e-35,,1.395e-19,7.454e-4,,3.743e-15,4.252e-21,2.260e-27,1.036e-17,1.874e-21,2.343e-14,7.770e-21,2.696e-9,,9.656e-16,2.784e-20,5.501e-18,1.226e+1,2.574e+2,1.270e-10,2.150e-4,1.855e-19,1.447e-4,1.602e-22,1.036e+2,2.214e-20,9.679e-24,7.795e-20,8.225e-23,2.282e-1,1.775e+2,4.698e-1,6.410e-17,,4.685e+1,9.605e+0,,1.829e+1,3.735e-19,,6.046e-18,1.539e-16,,9.032e-20,,6.457e-19,,1.578e-18,,1.778e+0,,2.308e-17,,2.729e-18,1.170e-16
439.83,6.262e+2,5.009e-18,3.691e-12,5.223e-28,3.742e-2,,,1.397e-19,6.410e-4,,3.743e-15,4.261e-21,2.372e-27,1.036e-17,1.874e-21,2.659e-14,7.770e-21,2.210e-9,,1.643e-15,2.785e-20,5.672e-18,1.126e+1,2.415e+2,1.487e-10,1.946e-4,1.855e-19,1.767e-4,1.605e-22,1.177e+2,2.215e-20,5.803e-24,7.797e-20,8.226e-23,2.099e-1,1.768e+2,4.732e-1,6.340e-17,,4.634e+1,1.093e+1,,1.924e+1,3.739e-19,,6.077e-18,1.538e-16,,9.031e-20,,6.457e-19,,1.577e-18,,1.711e+0,,2.307e-17,,2.737e-18,1.171e-16
439.86,6.254e+2,2.223e-18,5.233e-12,3.826e-28,3.193e-2,,,1.400e-19,5.073e-4,,3.742e-15,4.275e-21,2.540e-27,1.036e-17,1.874e-21,3.193e-14,7.769e-21,1.629e-9,,3.619e-15,2.788e-20,5.899e-18,9.837e+0,2.180e+2,1.870e-10,1.873e-4,1.856e-19,2.371e-4,1.610e-22,1.415e+2,2.215e-20,2.673e-24,7.799e-20,8.227e-23,1.839e-1,1.744e+2,4.807e-1,6.234e-17,,4.552e+1,1.318e+1,,2.063e+1,3.745e-19,,6.122e-18,1.538e-16,,9.029e-20,,6.456e-19,,1.576e-18,,1.608e+0,,2.307e-17,,2.750e-18,1.171e-16
439.88,6.263e+2,1.287e-18,6.572e-12,3.093e-28,2.859e-2,,,1.401e-19,4.319e-4,,3.742e-15,4.285e-21,2.652e-27,1.036e-17,1.875e-21,3.592e-14,7.768e-21,1.322e-9,,6.096e-15,2.789e-20,6.029e-18,8.945e+0,2.026e+2,2.167e-10,1.972e-4,1.856e-19,2.871e-4,1.613e-22,1.592e+2,2.216e-20,1.587e-24,7.800e-20,8.228e-23,1.675e-1,1.720e+2,4.872e-1,6.164e-17,,4.492e+1,1.488e+1,,2.150e+1,3.748e-19,,6.152e-18,1.537e-16,,9.027e-20,,6.455e-19,,1.575e-18,,1.538e+0,,2.306e-17,,2.758e-18,1.171e-16
439.91,6.302e+2,5.626e-19,9.184e-12,2.232e-28,2.405e-2,,,1.404e-19,3.368e-4,,3.741e-15,4.299e-21,2.820e-27,1.036e-17,1.875e-21,4.259e-14,7.767e-21,9.595e-10,,1.323e-14,2.792e-20,6.189e-18,7.698e+0,1.802e+2,2.685e-10,2.348e-4,1.856e-19,3.802e-4,1.618e-22,1.886e+2,2.217e-20,7.203e-25,7.802e-20,8.229e-23,1.446e-1,1.673e+2,4.991e-1,6.059e-17,,4.391e+1,1.774e+1,,2.272e+1,3.754e-19,,6.197e-18,1.536e-16,,9.025e-20,,6.455e-19,,1.574e-18,,1.430e+0,,2.306e-17,,2.771e-18,1.171e-16
439.93,6.348e+2,3.225e-19,1.143e-11,1.786e-28,2.133e-2,,,1.406e-19,2.840e-4,,3.741e-15,4.308e-21,2.932e-27,1.036e-17,1.875e-21,4.751e-14,7.766e-21,7.711e-10,,2.208e-14,2.793e-20,6.272e-18,6.930e+0,1.658e+2,3.083e-10,2.764e-4,1.856e-19,4.566e-4,1.621e-22,2.102e+2,2.217e-20,4.233e-25,7.804e-20,8.230e-23,1.304e-1,1.633e+2,5.085e-1,5.989e-17,,4.316e+1,1.988e+1,,2.345e+1,3.758e-19,,6.227e-18,1.536e-16,,9.024e-20,,6.454e-19,,1.573e-18,,1.359e+0,,2.305e-17,,2.780e-18,1.172e-16
439.96,6.448e+2,1.389e-19,1.574e-11,1.270e-28,1.770e-2,,,1.408e-19,2.182e-4,,3.741e-15,4.323e-21,3.100e-27,1.036e-17,1.875e-21,5.561e-14,7.765e-21,5.515e-10,,4.723e-14,2.796e-20,6.361e-18,5.876e+0,1.453e+2,3.763e-10,3.674e-4,1.857e-19,5.971e-4,1.625e-22,2.455e+2,2.218e-20,1.893e-25,7.806e-20,8.232e-23,1.109e-1,1.565e+2,5.243e-1,5.884e-17,,4.189e+1,2.345e+1,,2.441e+1,3.764e-19,,6.272e-18,1.535e-16,,9.022e-20,,6.453e-19,,1.572e-18,,1.252e+0,,2.305e-17,,2.793e-18,1.172e-16
439.98,6.537e+2,7.881e-20,1.939e-11,1.006e-28,1.555e-2,,,1.410e-19,1.821e-4,,3.740e-15,4.332e-21,3.212e-27,1.036e-17,1.875e-21,6.150e-14,7.764e-21,4.388e-10,,7.803e-14,2.797e-20,6.396e-18,5.238e+0,1.324e+2,4.278e-10,4.507e-4,1.857e-19,7.111e-4,1.628e-22,2.709e+2,2.218e-20,1.101e-25,7.807e-20,8.232e-23,9.903e-2,1.513e+2,5.358e-1,5.813e-17,,4.095e+1,2.609e+1,,2.496e+1,3.768e-19,,6.302e-18,1.535e-16,,9.021e-20,,6.453e-19,,1.571e-18,,1.181e+0,,2.304e-17,,2.801e-18,1.172e-16
440.01,6.704e+2,3.343e-20,2.634e-11,7.049e-29,1.271e-2,,,1.412e-19,1.379e-4,,3.740e-15,4.346e-21,3.380e-27,1.035e-17,1.875e-21,7.108e-14,7.763e-21,3.092e-10,,1.645e-13,2.799e-20,6.414e-18,4.376e+0,1.143e+2,5.146e-10,6.175e-4,1.857e-19,9.187e-4,1.633e-22,3.118e+2,2.219e-20,4.852e-26,7.809e-20,8.234e-23,8.297e-2,1.428e+2,5.542e-1,5.708e-17,,3.938e+1,3.045e+1,,2.561e+1,3.773e-19,,6.347e-18,1.534e-16,,9.019e-20,,6.452e-19,,1.570e-18,,1.078e+0,,2.304e-17,,2.814e-18,1.173e-16
440.03,6.839e+2,1.878e-20,3.215e-11,5.531e-29,1.106e-2,,,1.414e-19,1.139e-4,,3.740e-15,4.356e-21,3.492e-27,1.035e-17,1.875e-21,7.795e-14,7.763e-21,2.436e-10,,2.691e-13,2.801e-20,6.403e-18,3.863e+0,1.032e+2,5.791e-10,7.625e-4,1.857e-19,1.085e-3,1.636e-22,3.407e+2,2.220e-20,2.795e-26,7.811e-20,8.235e-23,7.337e-2,1.367e+2,5.669e-1,1.019e-16,,3.823e+1,3.363e+1,,2.593e+1,3.777e-19,,6.377e-18,1.534e-16,,9.017e-20,,6.451e-19,,1.569e-18,,1.011e+0,,2.304e-17,,2.822e-18,1.173e-16
440.06,7.075e+2,7.850e-21,4.304e-11,3.817e-29,8.919e-3,,,1.417e-19,8.497e-5,,3.739e-15,4.370e-21,3.660e-27,1.035e-17,1.875e-21,8.895e-14,7.762e-21,1.691e-10,,5.591e-13,2.803e-20,6.356e-18,3.179e+0,8.781e+1,6.864e-10,1.043e-3,1.858e-19,1.386e-3,1.641e-22,3.863e+2,2.221e-20,1.213e-26,7.813e-20,8.236e-23,6.057e-2,1.271e+2,5.862e-1,2.410e-16,,3.638e+1,3.884e+1,,2.622e+1,3.783e-19,,6.423e-18,1.533e-16,,9.015e-20,,6.450e-19,,1.568e-18,,9.140e-1,,2.303e-17,,2.835e-18,1.173e-16
440.08,7.253e+2,4.366e-21,5.203e-11,2.965e-29,7.688e-3,,,1.418e-19,6.954e-5,,3.739e-15,4.379e-21,3.772e-27,1.035e-17,1.876e-21,9.673e-14,7.761e-21,1.319e-10,,9.058e-13,2.805e-20,6.306e-18,2.778e+0,7.850e+1,7.650e-10,1.282e-3,1.858e-19,1.625e-3,1.644e-22,4.181e+2,2.221e-20,6.920e-27,7.814e-20,8.237e-23,5.304e-2,1.205e+2,5.989e-1,4.258e-16,,3.505e+1,4.262e+1,,2.630e+1,3.787e-19,,6.453e-18,1.533e-16,,9.014e-20,,6.450e-19,,1.567e-18,,8.520e-1,,2.303e-17,,2.844e-18,1.173e-16
440.11,7.550e+2,4.373e-21,6.866e-11,2.016e-29,6.108e-3,,,1.421e-19,5.109e-5,,3.739e-15,4.393e-21,3.941e-27,1.035e-17,1.876e-21,1.090e-13,7.760e-21,9.020e-11,,1.854e-12,2.807e-20,6.205e-18,2.253e+0,6.589e+1,8.934e-10,1.736e-3,1.858e-19,2.053e-3,1.649e-22,4.671e+2,2.222e-20,2.959e-27,7.816e-20,8.238e-23,4.314e-2,1.104e+2,6.171e-1,9.929e-16,,3.296e+1,4.873e+1,,2.622e+1,3.792e-19,,6.498e-18,1.532e-16,,9.012e-20,,6.449e-19,,1.566e-18,,7.633e-1,,2.302e-17,,2.857e-18,1.174e-16
440.13,7.765e+2,4.377e-21,8.222e-11,1.551e-29,5.215e-3,,,1.423e-19,4.140e-5,,3.738e-15,4.403e-21,4.053e-27,1.035e-17,1.876e-21,1.175e-13,7.759e-21,6.967e-11,,2.975e-12,2.809e-20,6.123e-18,1.950e+0,5.837e+1,9.860e-10,2.116e-3,1.858e-19,2.390e-3,1.652e-22,5.005e+2,2.222e-20,1.671e-27,7.818e-20,8.239e-23,3.740e-2,1.036e+2,6.284e-1,1.738e-15,,3.150e+1,5.311e+1,,2.606e+1,3.796e-19,,6.528e-18,1.532e-16,,9.011e-20,,6.449e-19,,1.565e-18,,7.073e-1,,2.302e-17,,2.865e-18,1.174e-16
440.15,7.991e+2,4.381e-21,9.808e-11,1.188e-29,4.435e-3,,,1.424e-19,3.341e-5,,3.738e-15,4.412e-21,4.165e-27,1.035e-17,1.876e-21,1.263e-13,7.758e-21,5.360e-11,,4.755e-12,2.810e-20,6.032e-18,1.681e+0,5.154e+1,1.084e-9,2.570e-3,1.859e-19,2.775e-3,1.655e-22,5.341e+2,2.223e-20,9.399e-28,7.819e-20,8.240e-23,3.230e-2,9.689e+1,6.387e-1,3.029e-15,,3.000e+1,5.773e+1,,2.579e+1,3.800e-19,,6.558e-18,1.531e-16,,9.009e-20,,6.448e-19,,1.564e-18,,6.537e-1,,2.301e-17,,2.874e-18,1.174e-16
440.18,8.347e+2,4.388e-21,1.269e-10,7.911e-30,3.453e-3,,,1.427e-19,2.405e-5,,3.738e-15,4.427e-21,4.333e-27,1.035e-17,1.876e-21,1.399e-13,7.757e-21,3.590e-11,,9.536e-12,2.813e-20,5.882e-18,1.335e+0,4.251e+1,1.240e-9,3.416e-3,1.859e-19,3.454e-3,1.659e-22,5.846e+2,2.224e-20,3.697e-28,7.821e-20,8.241e-23,2.573e-2,8.694e+1,6.519e-1,6.919e-15,,2.770e+1,6.512e+1,,2.524e+1,3.806e-19,,6.603e-18,1.531e-16,,9.007e-20,,6.447e-19,,1.563e-18,,5.784e-1,,2.301e-17,,2.886e-18,1.175e-16
440.2,8.591e+2,4.392e-21,1.499e-10,6.002e-30,2.908e-3,,,1.429e-19,1.921e-5,,3.737e-15,4.436e-21,4.445e-27,1.035e-17,1.876e-21,1.491e-13,7.757e-21,2.734e-11,,1.509e-11,2.814e-20,5.774e-18,1.139e+0,3.726e+1,1.349e-9,4.111e-3,1.859e-19,3.984e-3,1.663e-22,6.178e+2,2.224e-20,1.860e-28,7.822e-20,8.242e-23,2.200e-2,8.049e+1,6.589e-1,1.194e-14,,2.615e+1,7.034e+1,,2.477e+1,3.809e-19,,6.633e-18,1.530e-16,,9.006e-20,,6.447e-19,,1.562e-18,,5.314e-1,,2.300e-17,,2.895e-18,1.175e-16
440.23,8.962e+2,4.398e-21,1.912e-10,3.936e-30,2.231e-3,,,1.431e-19,1.362e-5,,3.737e-15,4.450e-21,4.613e-27,1.035e-17,1.876e-21,1.630e-13,7.756e-21,1.804e-11,,2.983e-11,2.817e-20,5.607e-18,8.919e-1,3.046e+1,1.521e-9,5.389e-3,1.859e-19,4.913e-3,1.667e-22,6.662e+2,2.225e-20,5.773e-29,7.825e-20,8.244e-23,1.727e-2,7.116e+1,6.663e-1,2.689e-14,,2.383e+1,7.859e+1,,2.393e+1,3.815e-19,,6.678e-18,1.530e-16,,9.004e-20,,6.446e-19,,1.561e-18,,4.660e-1,,2.300e-17,,2.908e-18,1.175e-16
440.25,9.208e+2,4.403e-21,2.238e-10,2.957e-30,1.861e-3,,,1.433e-19,1.078e-5,,3.737e-15,4.460e-21,4.725e-27,1.035e-17,1.876e-21,1.723e-13,7.755e-21,1.361e-11,,4.675e-11,2.818e-20,5.493e-18,7.540e-1,2.660e+1,1.639e-9,6.425e-3,1.860e-19,5.634e-3,1.670e-22,6.971e+2,2.225e-20,5.773e-29,7.826e-20,8.245e-23,1.463e-2,6.523e+1,6.689e-1,4.596e-14,,2.229e+1,8.436e+1,,2.330e+1,3.819e-19,,6.708e-18,1.529e-16,,9.003e-20,,6.445e-19,,1.560e-18,,4.256e-1,,2.299e-17,,2.916e-18,1.175e-16
440.28,9.566e+2,4.409e-21,2.814e-10,1.911e-30,1.407e-3,,,1.435e-19,7.529e-6,,3.736e-15,4.474e-21,4.893e-27,1.035e-17,1.877e-21,1.861e-13,7.754e-21,8.845e-12,,9.105e-11,2.821e-20,5.322e-18,5.820e-1,2.170e+1,1.821e-9,8.306e-3,1.860e-19,6.888e-3,1.675e-22,7.407e+2,2.226e-20,5.774e-29,7.828e-20,8.246e-23,1.132e-2,5.683e+1,6.691e-1,1.020e-13,,2.002e+1,9.339e+1,,2.226e+1,3.825e-19,,6.754e-18,1.528e-16,,9.001e-20,,6.445e-19,,1.559e-18,,3.698e-1,,2.299e-17,,2.929e-18,1.176e-16
440.3,9.793e+2,4.414e-21,3.262e-10,1.421e-30,1.162e-3,,,1.437e-19,5.899e-6,,3.736e-15,4.483e-21,5.005e-27,1.035e-17,1.877e-21,1.951e-13,7.753e-21,6.605e-12,,1.413e-10,2.822e-20,5.210e-18,4.876e-1,1.898e+1,1.943e-9,9.812e-3,1.860e-19,7.854e-3,1.678e-22,7.675e+2,2.227e-20,5.774e-29,7.829e-20,8.247e-23,9.493e-3,5.158e+1,6.667e-1,1.726e-13,,1.856e+1,9.963e+1,,2.152e+1,3.828e-19,,6.784e-18,1.528e-16,,8.999e-20,,6.444e-19,,1.558e-18,,3.356e-1,,2.299e-17,,2.938e-18,1.176e-16
440.33,1.011e+3,4.420e-21,4.044e-10,9.047e-31,8.662e-4,,,1.440e-19,4.060e-6,,3.735e-15,4.497e-21,5.173e-27,1.035e-17,1.877e-21,2.080e-13,7.752e-21,4.230e-12,,2.712e-10,2.825e-20,5.047e-18,3.718e-1,1.565e+1,2.126e-9,1.251e-2,1.860e-19,9.528e-3,1.683e-22,8.036e+2,2.227e-20,5.775e-29,7.831e-20,8.248e-23,7.245e-3,4.427e+1,6.590e-1,3.774e-13,,1.644e+1,1.093e+2,,2.038e+1,3.834e-19,,6.829e-18,1.527e-16,,8.997e-20,,6.443e-19,,1.557e-18,,2.889e-1,,2.298e-17,,2.950e-18,1.176e-16
440.35,1.030e+3,4.424e-21,4.644e-10,6.662e-31,7.085e-4,,,1.441e-19,3.149e-6,,3.735e-15,4.507e-21,5.285e-27,1.035e-17,1.877e-21,2.162e-13,7.751e-21,3.128e-12,,4.169e-10,2.826e-20,4.942e-18,3.093e-1,1.388e+1,2.247e-9,1.464e-2,1.861e-19,1.081e-2,1.686e-22,8.246e+2,2.228e-20,5.775e-29,7.833e-20,8.249e-23,6.026e-3,3.978e+1,6.511e-1,6.327e-13,,1.509e+1,1.159e+2,,1.960e+1,3.838e-19,,6.859e-18,1.527e-16,,8.996e-20,,6.443e-19,,1.556e-18,,2.607e-1,,2.298e-17,,2.959e-18,1.176e-16
440.38,1.055e+3,4.431e-21,5.675e-10,4.179e-31,5.202e-4,,,1.444e-19,2.135e-6,,3.735e-15,4.521e-21,5.453e-27,1.035e-17,1.877e-21,2.277e-13,7.750e-21,1.973e-12,,7.885e-10,2.829e-20,4.792e-18,2.342e-1,1.183e+1,2.423e-9,1.842e-2,1.861e-19,1.302e-2,1.690e-22,8.507e+2,2.229e-20,5.776e-29,7.835e-20,8.251e-23,4.548e-3,3.364e+1,6.354e-1,1.363e-12,,1.318e+1,1.260e+2,,1.846e+1,3.844e-19,,6.904e-18,1.526e-16,,8.994e-20,,6.442e-19,,1.555e-18,,2.223e-1,,2.297e-17,,2.972e-18,1.177e-16
440.4,1.069e+3,4.435e-21,6.456e-10,3.047e-31,4.214e-4,,,1.446e-19,1.640e-6,,3.734e-15,4.530e-21,5.565e-27,1.035e-17,1.877e-21,2.348e-13,7.750e-21,1.445e-12,,1.200e-9,2.830e-20,4.697e-18,1.947e-1,1.082e+1,2.535e-9,2.136e-2,1.861e-19,1.471e-2,1.694e-22,8.644e+2,2.229e-20,5.776e-29,7.836e-20,8.251e-23,3.761e-3,2.994e+1,6.224e-1,2.263e-12,,1.198e+1,1.328e+2,,1.772e+1,3.848e-19,,6.934e-18,1.526e-16,,8.993e-20,,6.441e-19,,1.554e-18,,1.992e-1,,2.297e-17,,2.980e-18,1.177e-16
440.43,1.085e+3,4.442e-21,7.779e-10,1.883e-31,3.049e-4,,,1.448e-19,1.095e-6,,3.734e-15,4.545e-21,5.733e-27,1.035e-17,1.877e-21,2.442e-13,7.749e-21,8.981e-13,,2.237e-9,2.832e-20,4.561e-18,1.488e-1,9.790e+0,2.694e-9,2.650e-2,1.861e-19,1.761e-2,1.698e-22,8.788e+2,2.230e-20,5.776e-29,7.838e-20,8.253e-23,2.829e-3,2.494e+1,5.994e-1,4.806e-12,,1.031e+1,1.431e+2,,1.666e+1,3.853e-19,,6.979e-18,1.525e-16,,8.991e-20,,6.441e-19,,1.553e-18,,1.682e-1,,2.296e-17,,2.993e-18,1.177e-16
440.45,1.092e+3,4.446e-21,8.766e-10,1.359e-31,2.446e-4,,,1.450e-19,8.330e-7,,3.734e-15,4.554e-21,5.845e-27,1.035e-17,1.877e-21,2.496e-13,7.748e-21,6.509e-13,,3.371e-9,2.834e-20,4.475e-18,1.258e-1,9.393e+0,2.791e-9,3.046e-2,1.862e-19,1.982e-2,1.701e-22,8.842e+2,2.230e-20,5.777e-29,7.840e-20,8.254e-23,2.347e-3,2.198e+1,5.819e-1,7.901e-12,,9.287e+0,1.500e+2,,1.602e+1,3.857e-19,,7.009e-18,1.525e-16,,8.990e-20,,6.440e-19,,1.552e-18,,1.497e-1,,2.296e-17,,3.002e-18,1.178e-16
440.48,1.097e+3,4.452e-21,1.041e-9,8.275e-32,1.744e-4,,,1.452e-19,5.483e-7,,3.733e-15,4.568e-21,6.013e-27,1.035e-17,1.878e-21,2.563e-13,7.747e-21,3.987e-13,,6.193e-9,2.836e-20,4.351e-18,1.011e-1,9.184e+0,2.922e-9,3.728e-2,1.862e-19,2.359e-2,1.706e-22,8.859e+2,2.231e-20,5.777e-29,7.842e-20,8.255e-23,1.799e-3,1.804e+1,5.526e-1,1.653e-11,,7.882e+0,1.601e+2,,1.515e+1,3.863e-19,,7.054e-18,1.524e-16,,8.988e-20,,6.439e-19,,1.550e-18,,1.251e-1,,2.295e-17,,3.014e-18,1.178e-16
440.5,1.097e+3,4.457e-21,1.162e-9,5.914e-32,1.385e-4,,,1.454e-19,4.128e-7,,3.733e-15,4.578e-21,6.125e-27,1.035e-17,1.878e-21,2.598e-13,7.746e-21,2.861e-13,,9.243e-9,2.838e-20,4.271e-18,9.049e-2,9.278e+0,2.998e-9,4.247e-2,1.862e-19,2.645e-2,1.709e-22,8.828e+2,2.232e-20,5.778e-29,7.843e-20,8.256e-23,1.533e-3,1.574e+1,5.315e-1,2.692e-11,,7.033e+0,1.667e+2,,1.465e+1,3.867e-19,,7.085e-18,1.524e-16,,8.986e-20,,6.439e-19,,1.550e-18,,1.107e-1,,2.295e-17,,3.023e-18,1.178e-16
440.52,1.094e+3,4.461e-21,1.293e-9,4.211e-32,1.096e-4,,,1.456e-19,3.096e-7,,3.733e-15,4.587e-21,6.237e-27,1.035e-17,1.878e-21,2.624e-13,7.745e-21,2.045e-13,,1.374e-8,2.840e-20,4.192e-18,8.414e-2,9.542e+0,3.063e-9,4.820e-2,1.862e-19,2.962e-2,1.712e-22,8.763e+2,2.232e-20,5.778e-29,7.845e-20,8.257e-23,1.337e-3,1.368e+1,5.093e-1,4.366e-11,,6.253e+0,1.732e+2,,1.422e+1,3.870e-19,,7.115e-18,1.523e-16,,8.985e-20,,6.438e-19,,1.549e-18,,9.755e-2,,2.295e-17,,3.032e-18,1.178e-16
440.55,1.084e+3,4.468e-21,1.505e-9,2.511e-32,7.652e-5,,,1.458e-19,1.995e-7,,3.732e-15,4.601e-21,6.405e-27,1.035e-17,1.878e-21,2.648e-13,7.744e-21,1.227e-13,,2.473e-8,2.842e-20,4.075e-18,8.227e-2,1.023e+1,3.141e-9,5.790e-2,1.863e-19,3.500e-2,1.717e-22,8.604e+2,2.233e-20,5.779e-29,7.847e-20,8.258e-23,1.160e-3,1.100e+1,4.742e-1,8.950e-11,,5.209e+0,1.826e+2,,1.372e+1,3.876e-19,,7.160e-18,1.523e-16,,8.983e-20,,6.437e-19,,1.548e-18,,8.032e-2,,2.294e-17,,3.044e-18,1.179e-16
440.57,1.074e+3,4.472e-21,1.658e-9,1.770e-32,5.994e-5,,,1.460e-19,1.482e-7,,3.732e-15,4.611e-21,6.518e-27,1.035e-17,1.878e-21,2.652e-13,7.744e-21,8.680e-14,,3.641e-8,2.843e-20,3.996e-18,8.609e-2,1.086e+1,3.179e-9,6.514e-2,1.863e-19,3.907e-2,1.720e-22,8.460e+2,2.233e-20,5.779e-29,7.848e-20,8.259e-23,1.114e-3,9.464e+0,4.501e-1,1.437e-10,,4.594e+0,1.886e+2,,1.349e+1,3.880e-19,,7.190e-18,1.522e-16,,8.982e-20,,6.437e-19,,1.547e-18,,7.029e-2,,2.294e-17,,3.053e-18,1.179e-16
440.6,1.053e+3,4.478e-21,1.904e-9,1.040e-32,4.125e-5,,,1.462e-19,9.410e-8,,3.732e-15,4.625e-21,6.686e-27,1.035e-17,1.878e-21,2.642e-13,7.743e-21,5.130e-14,,6.456e-8,2.846e-20,3.874e-18,9.981e-2,1.205e+1,3.212e-9,7.722e-2,1.863e-19,4.595e-2,1.725e-22,8.189e+2,2.234e-20,5.780e-29,7.850e-20,8.260e-23,1.147e-3,7.497e+0,4.132e-1,2.904e-10,,3.785e+0,1.969e+2,,1.330e+1,3.886e-19,,7.235e-18,3.625e-16,,8.980e-20,,6.436e-19,,1.546e-18,,5.723e-2,,2.293e-17,,3.066e-18,1.179e-16
440.62,1.036e+3,4.483e-21,2.077e-9,7.255e-33,3.200e-5,,,1.464e-19,6.918e-8,,3.731e-15,4.634e-21,6.798e-27,1.035e-17,1.878e-21,2.624e-13,7.742e-21,3.594e-14,,9.413e-8,2.847e-20,3.791e-18,1.147e-1,1.298e+1,3.218e-9,8.611e-2,1.863e-19,5.112e-2,1.728e-22,7.977e+2,2.235e-20,5.780e-29,7.852e-20,8.261e-23,1.239e-3,6.388e+0,3.884e-1,4.619e-10,,3.318e+0,2.020e+2,,1.327e+1,3.889e-19,,7.265e-18,6.434e-16,,8.978e-20,,6.435e-19,,1.545e-18,,4.971e-2,,2.293e-17,,3.074e-18,1.180e-16
440.65,1.007e+3,4.489e-21,2.351e-9,4.199e-33,2.170e-5,,,1.467e-19,4.328e-8,,3.731e-15,4.648e-21,6.966e-27,1.035e-17,1.878e-21,2.580e-13,7.741e-21,2.093e-14,,1.645e-7,2.850e-20,3.659e-18,1.471e-1,1.457e+1,3.204e-9,1.007e-1,1.864e-19,5.983e-2,1.732e-22,7.617e+2,2.235e-20,5.781e-29,7.854e-20,8.263e-23,1.487e-3,4.986e+0,3.514e-1,9.197e-10,,2.720e+0,2.090e+2,,1.340e+1,3.895e-19,,7.310e-18,1.510e-15,,8.976e-20,,6.435e-19,,1.544e-18,,4.001e-2,,2.292e-17,,3.087e-18,1.180e-16
440.67,9.850e+2,4.493e-21,2.542e-9,2.901e-33,1.666e-5,,,1.468e-19,3.151e-8,,3.731e-15,4.658e-21,7.078e-27,1.035e-17,1.879e-21,2.541e-13,7.740e-21,1.452e-14,,2.375e-7,2.851e-20,3.567e-18,1.763e-1,1.574e+1,3.179e-9,1.114e-1,1.864e-19,6.634e-2,1.735e-22,7.353e+2,2.236e-20,5.781e-29,7.855e-20,8.264e-23,1.734e-3,4.206e+0,3.272e-1,1.449e-9,,2.384e+0,2.131e+2,,1.358e+1,3.899e-19,,7.340e-18,2.654e-15,,8.975e-20,,6.434e-19,,1.543e-18,,3.448e-2,,2.292e-17,,3.095e-18,1.180e-16
440.7,9.489e+2,4.500e-21,2.836e-9,1.654e-33,1.113e-5,,,1.471e-19,1.942e-8,,3.730e-15,4.672e-21,7.246e-27,1.035e-17,1.879e-21,2.467e-13,7.739e-21,8.328e-15,,4.090e-7,2.854e-20,3.421e-18,2.338e-1,1.764e+1,3.118e-9,1.286e-1,1.864e-19,7.726e-2,1.740e-22,6.930e+2,2.237e-20,5.782e-29,7.857e-20,8.265e-23,2.244e-3,3.235e+0,2.917e-1,2.842e-9,,1.968e+0,2.183e+2,,1.400e+1,3.905e-19,,7.385e-18,6.140e-15,,8.973e-20,,6.433e-19,,1.541e-18,,2.742e-2,,2.291e-17,,3.108e-18,1.180e-16
440.72,9.231e+2,4.504e-21,3.037e-9,1.132e-33,8.468e-6,,,1.473e-19,1.400e-8,,3.730e-15,4.681e-21,7.358e-27,1.035e-17,1.879e-21,2.408e-13,7.738e-21,5.721e-15,,5.848e-7,2.855e-20,3.318e-18,2.828e-1,1.899e+1,3.063e-9,1.409e-1,1.864e-19,8.536e-2,1.743e-22,6.634e+2,2.237e-20,5.782e-29,7.859e-20,8.266e-23,2.692e-3,2.703e+0,2.690e-1,4.433e-9,,1.746e+0,2.211e+2,,1.436e+1,3.909e-19,,7.416e-18,1.069e-14,,8.972e-20,,6.433e-19,,1.541e-18,,2.344e-2,,2.291e-17,,3.117e-18,1.181e-16
440.75,8.826e+2,4.511e-21,3.342e-9,6.358e-34,5.574e-6,,,1.475e-19,8.502e-9,,3.729e-15,4.696e-21,7.526e-27,1.035e-17,1.879e-21,2.307e-13,7.737e-21,3.233e-15,,9.924e-7,2.858e-20,3.156e-18,3.759e-1,2.110e+1,2.961e-9,1.607e-1,1.865e-19,9.886e-2,1.748e-22,6.178e+2,2.238e-20,5.782e-29,7.861e-20,8.267e-23,3.554e-3,2.049e+0,2.364e-1,8.573e-9,,1.491e+0,2.243e+2,,1.503e+1,3.914e-19,,7.461e-18,2.436e-14,,8.970e-20,,6.432e-19,,1.539e-18,,1.841e-2,,2.290e-17,,3.130e-18,1.181e-16
440.77,8.548e+2,4.515e-21,3.545e-9,4.307e-34,4.198e-6,,,1.477e-19,6.067e-9,,3.729e-15,4.705e-21,7.638e-27,1.035e-17,1.879e-21,2.233e-13,7.737e-21,2.199e-15,,1.405e-6,2.859e-20,3.043e-18,4.533e-1,2.255e+1,2.880e-9,1.746e-1,1.865e-19,1.088e-1,1.751e-22,5.870e+2,2.238e-20,5.783e-29,7.862e-20,8.268e-23,4.279e-3,1.695e+0,2.158e-1,1.324e-8,,1.370e+0,2.257e+2,,1.554e+1,3.918e-19,,7.491e-18,4.199e-14,,8.968e-20,,6.431e-19,,1.539e-18,,1.561e-2,,2.290e-17,,3.138e-18,1.181e-16
440.8,8.125e+2,4.521e-21,3.846e-9,2.384e-34,2.723e-6,,,1.479e-19,3.631e-9,,3.729e-15,4.719e-21,7.806e-27,1.035e-17,1.879e-21,2.112e-13,7.736e-21,1.224e-15,,2.350e-6,2.862e-20,2.866e-18,5.969e-1,2.476e+1,2.743e-9,1.965e-1,1.865e-19,1.252e-1,1.756e-22,5.410e+2,2.239e-20,5.783e-29,7.864e-20,8.270e-23,5.635e-3,1.267e+0,1.869e-1,2.523e-8,,1.260e+0,2.266e+2,,1.638e+1,3.924e-19,,7.536e-18,9.435e-14,,8.966e-20,,6.431e-19,,1.537e-18,,1.211e-2,,2.289e-17,,3.151e-18,1.182e-16
440.82,7.843e+2,4.526e-21,4.041e-9,1.599e-34,2.030e-6,,,1.481e-19,2.565e-9,,3.728e-15,4.729e-21,7.918e-27,1.035e-17,1.879e-21,2.026e-13,7.735e-21,8.244e-16,,3.295e-6,2.863e-20,2.744e-18,7.142e-1,2.623e+1,2.642e-9,2.118e-1,1.865e-19,1.373e-1,1.759e-22,5.110e+2,2.240e-20,5.784e-29,7.865e-20,8.270e-23,6.748e-3,1.039e+0,1.690e-1,3.860e-8,,1.233e+0,2.265e+2,,1.698e+1,3.928e-19,,7.566e-18,1.611e-13,,8.965e-20,,6.430e-19,,1.537e-18,,1.019e-2,,2.289e-17,,3.159e-18,1.182e-16
440.85,7.426e+2,4.532e-21,4.323e-9,8.717e-35,1.297e-6,,,1.484e-19,1.512e-9,,3.728e-15,4.743e-21,8.086e-27,1.035e-17,1.879e-21,1.891e-13,7.734e-21,4.522e-16,,5.430e-6,2.865e-20,2.557e-18,9.286e-1,2.842e+1,2.480e-9,2.354e-1,1.865e-19,1.569e-1,1.763e-22,4.675e+2,2.240e-20,5.784e-29,7.868e-20,8.272e-23,8.790e-3,7.673e-1,1.442e-1,7.249e-8,,1.264e+0,2.252e+2,,1.792e+1,3.933e-19,,7.611e-18,3.566e-13,,8.963e-20,,6.429e-19,,1.535e-18,,7.808e-3,,2.289e-17,,3.172e-18,1.182e-16
440.87,7.155e+2,4.537e-21,4.500e-9,5.789e-35,9.579e-7,,,1.485e-19,1.058e-9,,3.728e-15,4.752e-21,8.198e-27,1.035e-17,1.880e-21,1.798e-13,7.733e-21,3.015e-16,,7.540e-6,2.867e-20,2.429e-18,1.101e+0,2.984e+1,2.365e-9,2.515e-1,1.866e-19,1.712e-1,1.766e-22,4.399e+2,2.241e-20,5.785e-29,7.869e-20,8.273e-23,1.044e-2,6.252e-1,1.291e-1,1.098e-7,,1.333e+0,2.236e+2,,1.855e+1,3.937e-19,,7.641e-18,6.029e-13,,8.962e-20,,6.429e-19,,1.535e-18,,6.515e-3,,2.288e-17,,3.181e-18,1.182e-16
440.89,6.892e+2,4.541e-21,4.666e-9,3.829e-35,7.044e-7,,,1.487e-19,7.373e-10,,3.727e-15,4.762e-21,8.310e-27,1.035e-17,1.880e-21,1.703e-13,7.732e-21,2.002e-16,,1.043e-5,2.869e-20,2.300e-18,1.300e+0,3.121e+1,2.247e-9,2.678e-1,1.866e-19,1.863e-1,1.770e-22,4.136e+2,2.241e-20,5.785e-29,7.870e-20,8.274e-23,1.235e-2,5.088e-1,1.152e-1,1.657e-7,,1.442e+0,2.214e+2,,1.918e+1,3.941e-19,,7.671e-18,1.015e-12,,8.960e-20,,6.428e-19,,1.534e-18,,5.421e-3,,2.288e-17,,3.189e-18,1.183e-16
440.92,6.518e+2,4.547e-21,4.893e-9,2.045e-35,4.409e-7,,,1.490e-19,4.257e-10,,3.727e-15,4.776e-21,8.478e-27,1.035e-17,1.880e-21,1.560e-13,7.731e-21,1.076e-16,,1.684e-5,2.871e-20,2.107e-18,1.657e+0,3.314e+1,2.065e-9,2.925e-1,1.866e-19,2.108e-1,1.774e-22,3.772e+2,2.242e-20,5.786e-29,7.872e-20,8.275e-23,1.578e-2,3.744e-1,9.636e-2,3.049e-7,,1.687e+0,2.170e+2,,2.008e+1,3.947e-19,,7.716e-18,2.202e-12,,8.958e-20,,6.427e-19,,1.532e-18,,4.098e-3,,2.287e-17,,3.202e-18,1.183e-16
440.94,6.283e+2,4.552e-21,5.027e-9,1.339e-35,3.211e-7,,,1.491e-19,2.937e-10,,3.727e-15,4.785e-21,8.590e-27,1.035e-17,1.880e-21,1.465e-13,7.731e-21,7.073e-17,,2.306e-5,2.873e-20,1.978e-18,1.939e+0,3.433e+1,1.943e-9,3.089e-1,1.866e-19,2.282e-1,1.777e-22,3.551e+2,2.243e-20,5.786e-29,7.874e-20,8.276e-23,1.850e-2,3.069e-1,8.516e-2,4.555e-7,,1.908e+0,2.134e+2,,2.066e+1,3.950e-19,,7.747e-18,3.673e-12,,8.957e-20,,6.427e-19,,1.532e-18,,3.396e-3,,2.287e-17,,3.211e-18,1.183e-16
440.97,5.957e+2,4.558e-21,5.197e-9,7.045e-36,1.980e-7,,,1.494e-19,1.671e-10,,3.726e-15,4.800e-21,8.758e-27,1.035e-17,1.880e-21,1.324e-13,7.730e-21,3.743e-17,,3.669e-5,2.875e-20,1.789e-18,2.435e+0,3.593e+1,1.760e-9,3.332e-1,1.867e-19,2.560e-1,1.782e-22,3.255e+2,2.243e-20,5.787e-29,7.876e-20,8.277e-23,2.330e-2,2.326e-1,7.029e-2,8.260e-7,,2.335e+0,2.071e+2,,2.143e+1,3.956e-19,,7.792e-18,7.852e-12,,8.955e-20,,6.426e-19,,1.530e-18,,2.563e-3,,2.286e-17,,3.223e-18,1.183e-16
440.99,5.758e+2,4.563e-21,5.289e-9,4.568e-36,1.428e-7,,,1.496e-19,1.141e-10,,3.726e-15,4.809e-21,8.870e-27,1.035e-17,1.880e-21,1.232e-13,7.729e-21,2.437e-17,,4.977e-5,2.876e-20,1.665e-18,2.820e+0,3.686e+1,1.639e-9,3.491e-1,1.867e-19,2.755e-1,1.785e-22,3.082e+2,2.244e-20,5.787e-29,7.877e-20,8.278e-23,2.704e-2,1.984e-1,6.160e-2,1.222e-6,,2.691e+0,2.024e+2,,2.189e+1,3.960e-19,,7.822e-18,1.297e-11,,8.954e-20,,6.425e-19,,1.530e-18,,2.132e-3,,2.286e-17,,3.232e-18,1.184e-16
441.02,5.488e+2,4.569e-21,5.391e-9,2.368e-36,8.675e-8,,,1.498e-19,6.397e-11,,3.725e-15,4.823e-21,9.039e-27,1.035e-17,1.880e-21,1.099e-13,7.728e-21,1.271e-17,,7.803e-5,2.879e-20,1.485e-18,3.491e+0,3.801e+1,1.463e-9,3.720e-1,1.867e-19,3.062e-1,1.790e-22,2.861e+2,2.245e-20,5.788e-29,7.879e-20,8.280e-23,3.356e-2,1.662e-1,5.028e-2,2.184e-6,,3.341e+0,1.945e+2,,2.246e+1,3.966e-19,,7.867e-18,2.733e-11,,8.952e-20,,6.425e-19,,1.528e-18,,1.642e-3,,2.285e-17,,3.245e-18,1.184e-16
441.04,5.329e+2,4.573e-21,5.435e-9,1.520e-36,6.193e-8,,,1.500e-19,4.327e-11,,3.725e-15,4.833e-21,9.151e-27,1.035e-17,1.880e-21,1.014e-13,7.727e-21,8.191e-18,,1.048e-4,2.880e-20,1.370e-18,4.004e+0,3.861e+1,1.349e-9,3.865e-1,1.867e-19,3.275e-1,1.793e-22,2.738e+2,2.245e-20,5.788e-29,7.881e-20,8.280e-23,3.858e-2,1.563e-1,4.382e-2,3.200e-6,,3.862e+0,1.888e+2,,2.275e+1,3.969e-19,,7.897e-18,4.469e-11,,8.950e-20,,6.424e-19,,1.528e-18,,1.404e-3,,2.285e-17,,3.253e-18,1.184e-16
441.07,5.120e+2,4.580e-21,5.463e-9,7.762e-37,3.707e-8,,,1.502e-19,2.390e-11,,3.725e-15,4.847e-21,9.319e-27,1.035e-17,1.881e-21,8.917e-14,7.726e-21,4.208e-18,,1.619e-4,2.883e-20,1.205e-18,4.883e+0,3.924e+1,1.187e-9,4.068e-1,1.868e-19,3.604e-1,1.797e-22,2.592e+2,2.246e-20,5.788e-29,7.883e-20,8.282e-23,4.719e-2,1.575e-1,3.560e-2,5.636e-6,,4.788e+0,1.798e+2,,2.305e+1,3.975e-19,,7.942e-18,9.281e-11,,8.948e-20,,6.423e-19,,1.526e-18,,1.161e-3,,2.285e-17,,3.266e-18,1.185e-16
441.09,5.001e+2,4.584e-21,5.455e-9,4.934e-37,2.621e-8,,,1.504e-19,1.602e-11,,3.724e-15,4.856e-21,9.431e-27,1.035e-17,1.881e-21,8.150e-14,7.725e-21,2.686e-18,,2.154e-4,2.884e-20,1.101e-18,5.547e+0,3.947e+1,1.084e-9,4.193e-1,1.868e-19,3.829e-1,1.801e-22,2.518e+2,2.246e-20,5.789e-29,7.884e-20,8.283e-23,5.370e-2,1.689e-1,3.106e-2,8.179e-6,,5.512e+0,1.735e+2,,2.315e+1,3.979e-19,,7.972e-18,1.503e-10,,8.947e-20,,6.423e-19,,1.526e-18,,1.066e-3,,2.284e-17,,3.275e-18,1.185e-16
441.12,4.851e+2,4.591e-21,5.406e-9,2.482e-37,1.546e-8,,,1.507e-19,8.755e-12,,3.724e-15,4.870e-21,9.599e-27,1.035e-17,1.881e-21,7.072e-14,7.724e-21,1.359e-18,,3.280e-4,2.887e-20,9.553e-19,6.667e+0,3.953e+1,9.390e-10,4.361e-1,1.868e-19,4.171e-1,1.805e-22,2.441e+2,2.247e-20,5.789e-29,7.886e-20,8.284e-23,6.473e-2,2.027e-1,2.553e-2,1.419e-5,,6.775e+0,1.638e+2,,2.314e+1,3.985e-19,,8.017e-18,3.076e-10,,8.945e-20,,6.422e-19,,1.524e-18,,1.017e-3,,2.284e-17,,3.287e-18,1.185e-16
441.14,4.770e+2,4.595e-21,5.348e-9,1.562e-37,1.082e-8,,,1.508e-19,5.852e-12,,3.724e-15,4.880e-21,9.711e-27,1.035e-17,1.881e-21,6.404e-14,7.724e-21,8.590e-19,,4.320e-4,2.888e-20,8.648e-19,7.499e+0,3.938e+1,8.492e-10,4.459e-1,1.868e-19,4.401e-1,1.808e-22,2.410e+2,2.248e-20,5.790e-29,7.888e-20,8.285e-23,7.295e-2,2.375e-1,2.267e-2,2.040e-5,,7.746e+0,1.571e+2,,2.303e+1,3.989e-19,,8.047e-18,4.935e-10,,8.944e-20,,6.421e-19,,1.523e-18,,1.044e-3,,2.283e-17,,3.296e-18,1.185e-16
441.17,4.674e+2,4.601e-21,5.225e-9,7.744e-38,6.287e-9,,,1.511e-19,3.249e-12,,3.723e-15,4.894e-21,9.879e-27,1.035e-17,1.881e-21,5.481e-14,7.723e-21,4.283e-19,,6.483e-4,2.891e-20,7.395e-19,8.881e+0,3.886e+1,7.250e-10,4.582e-1,1.869e-19,4.742e-1,1.813e-22,2.391e+2,2.248e-20,5.790e-29,7.890e-20,8.286e-23,8.665e-2,3.108e-1,1.955e-2,3.489e-5,,9.410e+0,1.471e+2,,2.270e+1,3.994e-19,,8.093e-18,9.952e-10,,8.942e-20,,6.421e-19,,1.522e-18,,1.174e-3,,2.283e-17,,3.309e-18,1.186e-16
441.19,4.626e+2,4.606e-21,5.120e-9,4.826e-38,4.357e-9,,,1.513e-19,2.272e-12,,3.723e-15,4.903e-21,9.991e-27,1.035e-17,1.881e-21,4.918e-14,7.722e-21,2.680e-19,,8.455e-4,2.892e-20,6.631e-19,9.892e+0,3.833e+1,6.493e-10,4.647e-1,1.869e-19,4.966e-1,1.816e-22,2.395e+2,2.249e-20,5.791e-29,7.891e-20,8.287e-23,9.671e-2,3.760e-1,1.825e-2,4.965e-5,,1.067e+1,1.404e+2,,2.237e+1,3.998e-19,,8.123e-18,1.581e-9,,8.940e-20,,6.420e-19,,1.521e-18,,1.323e-3,,2.282e-17,,3.317e-18,1.186e-16
441.22,4.576e+2,4.612e-21,4.932e-9,2.357e-38,2.495e-9,,,1.515e-19,1.529e-12,,3.723e-15,4.918e-21,1.016e-26,1.035e-17,1.881e-21,4.152e-14,7.721e-21,1.316e-19,,1.250e-3,2.895e-20,5.589e-19,1.154e+1,3.727e+1,5.462e-10,4.720e-1,1.869e-19,5.292e-1,1.821e-22,2.421e+2,2.250e-20,5.791e-29,7.893e-20,8.289e-23,1.132e-1,5.036e-1,1.746e-2,8.368e-5,,1.280e+1,1.305e+2,,2.174e+1,4.004e-19,,8.168e-18,3.142e-9,,8.938e-20,,6.419e-19,,1.520e-18,,1.651e-3,,2.282e-17,,3.330e-18,1.186e-16
441.24,4.555e+2,4.616e-21,4.788e-9,1.454e-38,1.712e-9,,,1.517e-19,1.394e-12,,3.722e-15,4.927e-21,1.027e-26,1.035e-17,1.881e-21,3.691e-14,7.720e-21,8.155e-20,,1.615e-3,2.896e-20,4.963e-19,1.273e+1,3.640e+1,4.843e-10,4.750e-1,1.869e-19,5.500e-1,1.824e-22,2.450e+2,2.250e-20,5.792e-29,7.895e-20,8.289e-23,1.251e-1,6.121e-1,1.776e-2,1.179e-4,,1.438e+1,1.240e+2,,2.122e+1,4.008e-19,,8.198e-18,4.943e-9,,8.937e-20,,6.419e-19,,1.519e-18,,1.947e-3,,2.281e-17,,3.339e-18,1.187e-16
441.27,4.539e+2,4.623e-21,4.547e-9,6.995e-39,9.658e-10,,,1.519e-19,1.667e-12,,3.722e-15,4.941e-21,1.044e-26,1.035e-17,1.882e-21,3.072e-14,7.719e-21,3.947e-20,,2.353e-3,2.898e-20,4.123e-19,1.464e+1,3.487e+1,4.014e-10,4.768e-1,1.870e-19,5.793e-1,1.829e-22,2.505e+2,2.251e-20,5.792e-29,7.897e-20,8.291e-23,1.443e-1,8.177e-1,1.952e-2,1.959e-4,,1.702e+1,1.145e+2,,2.033e+1,4.013e-19,,8.243e-18,9.683e-9,,8.935e-20,,6.418e-19,,1.518e-18,,2.526e-3,,2.281e-17,,3.351e-18,1.187e-16
441.29,4.537e+2,4.627e-21,4.372e-9,4.274e-39,6.561e-10,,,1.521e-19,2.204e-12,,3.722e-15,4.951e-21,1.055e-26,1.035e-17,1.882e-21,2.706e-14,7.718e-21,2.421e-20,,3.010e-3,2.900e-20,3.626e-19,1.599e+1,3.373e+1,3.525e-10,4.762e-1,1.870e-19,5.974e-1,1.832e-22,2.548e+2,2.252e-20,5.793e-29,7.898e-20,8.292e-23,1.579e-1,9.885e-1,2.166e-2,2.734e-4,,1.896e+1,1.083e+2,,1.966e+1,4.017e-19,,8.273e-18,1.509e-8,,8.934e-20,,6.417e-19,,1.517e-18,,3.016e-3,,2.281e-17,,3.360e-18,1.187e-16
441.31,4.540e+2,4.632e-21,4.189e-9,2.600e-39,4.440e-10,,,1.523e-19,3.116e-12,,3.721e-15,4.960e-21,1.066e-26,1.035e-17,1.882e-21,2.375e-14,7.718e-21,1.479e-20,,3.835e-3,2.902e-20,3.177e-19,1.740e+1,3.249e+1,3.083e-10,4.742e-1,1.870e-19,6.141e-1,1.835e-22,2.593e+2,2.252e-20,5.793e-29,7.899e-20,8.293e-23,1.721e-1,1.191e+0,2.469e-2,3.801e-4,,2.104e+1,1.024e+2,,1.893e+1,4.021e-19,,8.303e-18,2.341e-8,,8.933e-20,,6.417e-19,,1.517e-18,,3.602e-3,,2.280e-17,,3.368e-18,1.187e-16
441.34,4.552e+2,4.638e-21,3.900e-9,1.225e-39,2.453e-10,,,1.525e-19,5.512e-12,,3.721e-15,4.974e-21,1.083e-26,1.035e-17,1.882e-21,1.939e-14,7.717e-21,7.011e-21,,5.476e-3,2.904e-20,2.586e-19,1.960e+1,3.049e+1,2.503e-10,4.686e-1,1.870e-19,6.362e-1,1.839e-22,2.662e+2,2.253e-20,5.794e-29,7.902e-20,8.294e-23,1.944e-1,1.566e+0,3.112e-2,6.185e-4,,2.443e+1,9.381e+1,,1.776e+1,4.027e-19,,8.348e-18,4.494e-8,,8.931e-20,,6.416e-19,,1.515e-18,,4.690e-3,,2.280e-17,,3.381e-18,1.188e-16
441.36,4.563e+2,4.642e-21,3.701e-9,7.382e-40,1.644e-10,,,1.527e-19,8.150e-12,,3.721e-15,4.984e-21,1.094e-26,1.035e-17,1.882e-21,1.685e-14,7.716e-21,4.241e-21,,6.909e-3,2.906e-20,2.243e-19,2.112e+1,2.909e+1,2.167e-10,4.632e-1,1.871e-19,6.488e-1,1.842e-22,2.706e+2,2.253e-20,5.794e-29,7.903e-20,8.295e-23,2.099e-1,1.870e+0,3.686e-2,8.515e-4,,2.686e+1,8.839e+1,,1.694e+1,4.030e-19,,8.378e-18,6.906e-8,,8.929e-20,,6.415e-19,,1.514e-18,,5.577e-3,,2.279e-17,,3.390e-18,1.188e-16
441.39,4.580e+2,4.649e-21,3.397e-9,3.426e-40,8.949e-11,,,1.530e-19,1.466e-11,,3.720e-15,4.998e-21,1.111e-26,1.035e-17,1.882e-21,1.356e-14,7.715e-21,1.980e-21,,9.720e-3,2.908e-20,1.799e-19,2.344e+1,2.690e+1,1.734e-10,4.530e-1,1.871e-19,6.640e-1,1.847e-22,2.767e+2,2.254e-20,5.794e-29,7.905e-20,8.296e-23,2.337e-1,2.424e+0,4.808e-2,1.366e-3,,3.077e+1,8.069e+1,,1.567e+1,4.036e-19,,8.424e-18,1.306e-7,,8.927e-20,,6.415e-19,,1.513e-18,,7.193e-3,,2.279e-17,,3.403e-18,1.188e-16
441.41,4.591e+2,4.653e-21,3.194e-9,2.044e-40,5.937e-11,,,1.531e-19,2.161e-11,,3.720e-15,5.007e-21,1.122e-26,1.035e-17,1.882e-21,1.168e-14,7.714e-21,1.186e-21,,1.214e-2,2.909e-20,1.546e-19,2.501e+1,2.541e+1,1.487e-10,4.448e-1,1.871e-19,6.716e-1,1.850e-22,2.801e+2,2.255e-20,5.795e-29,7.906e-20,8.297e-23,2.498e-1,2.868e+0,5.761e-2,1.862e-3,,3.353e+1,7.586e+1,,1.480e+1,4.040e-19,,8.454e-18,1.988e-7,,8.926e-20,,6.414e-19,,1.512e-18,,8.490e-3,,2.278e-17,,3.411e-18,1.188e-16
441.44,4.603e+2,4.660e-21,2.890e-9,9.347e-41,3.184e-11,,,1.534e-19,3.845e-11,,3.719e-15,5.021e-21,1.139e-26,1.035e-17,1.882e-21,9.271e-15,7.713e-21,5.457e-22,,1.684e-2,2.912e-20,1.222e-19,2.735e+1,2.316e+1,1.172e-10,4.309e-1,1.871e-19,6.790e-1,1.855e-22,2.842e+2,2.255e-20,5.795e-29,7.909e-20,8.299e-23,2.740e-1,3.664e+0,7.555e-2,2.942e-3,,3.787e+1,6.908e+1,,1.348e+1,4.046e-19,,8.499e-18,3.706e-7,,8.924e-20,,6.413e-19,,1.511e-18,,1.082e-2,,2.278e-17,,3.424e-18,1.189e-16
441.46,4.607e+2,4.664e-21,2.691e-9,5.521e-41,2.092e-11,,,1.536e-19,5.620e-11,,3.719e-15,5.031e-21,1.150e-26,1.035e-17,1.883e-21,7.910e-15,7.712e-21,3.236e-22,,2.083e-2,2.913e-20,1.039e-19,2.890e+1,2.166e+1,9.951e-11,4.207e-1,1.872e-19,6.813e-1,1.858e-22,2.859e+2,2.256e-20,5.796e-29,7.910e-20,8.299e-23,2.901e-1,4.293e+0,9.037e-2,3.973e-3,,4.089e+1,6.486e+1,,1.261e+1,4.050e-19,,8.529e-18,5.586e-7,,8.923e-20,,6.413e-19,,1.510e-18,,1.266e-2,,2.277e-17,,3.432e-18,1.189e-16
441.49,4.604e+2,4.670e-21,2.401e-9,2.487e-41,1.105e-11,,,1.538e-19,9.858e-11,,3.719e-15,5.045e-21,1.167e-26,1.035e-17,1.883e-21,6.189e-15,7.711e-21,1.467e-22,,2.846e-2,2.916e-20,8.096e-20,3.115e+1,1.945e+1,7.729e-11,4.044e-1,1.872e-19,6.804e-1,1.863e-22,2.870e+2,2.257e-20,5.796e-29,7.912e-20,8.301e-23,3.136e-1,5.404e+0,1.177e-1,6.187e-3,,4.556e+1,5.899e+1,,1.132e+1,4.055e-19,,8.574e-18,1.026e-6,,8.921e-20,,6.412e-19,,1.509e-18,,1.592e-2,,2.277e-17,,3.445e-18,1.189e-16
441.51,4.597e+2,4.675e-21,2.215e-9,1.455e-41,7.189e-12,,,1.540e-19,1.427e-10,,3.718e-15,5.055e-21,1.178e-26,1.035e-17,1.883e-21,5.230e-15,7.711e-21,8.612e-23,,3.488e-2,2.917e-20,6.820e-20,3.259e+1,1.801e+1,6.498e-11,3.931e-1,1.872e-19,6.770e-1,1.866e-22,2.866e+2,2.257e-20,5.797e-29,7.913e-20,8.302e-23,3.287e-1,6.271e+0,1.398e-1,8.273e-3,,4.874e+1,5.537e+1,,1.049e+1,4.059e-19,,8.604e-18,1.532e-6,,8.919e-20,,6.411e-19,,1.508e-18,,1.847e-2,,2.277e-17,,3.454e-18,1.190e-16
441.54,4.574e+2,4.681e-21,1.949e-9,6.457e-42,3.743e-12,,,1.542e-19,2.467e-10,,3.718e-15,5.069e-21,1.195e-26,1.035e-17,1.883e-21,4.035e-15,7.710e-21,3.846e-23,,4.696e-2,2.920e-20,5.235e-20,3.461e+1,1.594e+1,4.973e-11,3.759e-1,1.872e-19,6.680e-1,1.870e-22,2.842e+2,2.258e-20,5.797e-29,7.915e-20,8.303e-23,3.501e-1,7.780e+0,1.799e-1,1.270e-2,,5.356e+1,5.038e+1,,9.279e+0,4.065e-19,,8.649e-18,2.773e-6,,8.917e-20,,6.411e-19,,1.507e-18,,2.293e-2,,2.276e-17,,3.467e-18,1.190e-16
441.56,4.551e+2,4.686e-21,1.780e-9,3.739e-42,2.411e-12,,,1.544e-19,3.537e-10,,3.718e-15,5.078e-21,1.206e-26,1.034e-17,1.883e-21,3.377e-15,7.709e-21,2.236e-23,,5.698e-2,2.921e-20,4.368e-20,3.585e+1,1.462e+1,4.140e-11,3.645e-1,1.873e-19,6.593e-1,1.874e-22,2.814e+2,2.258e-20,5.798e-29,7.917e-20,8.304e-23,3.634e-1,8.939e+0,2.119e-1,1.681e-2,,5.677e+1,4.733e+1,,8.510e+0,4.069e-19,,8.679e-18,4.100e-6,,8.916e-20,,6.410e-19,,1.506e-18,,2.638e-2,,2.276e-17,,3.475e-18,1.190e-16
441.59,4.505e+2,4.692e-21,1.544e-9,1.635e-42,1.237e-12,,,1.547e-19,6.026e-10,,3.717e-15,5.092e-21,1.223e-26,1.034e-17,1.883e-21,2.568e-15,7.708e-21,9.836e-24,,7.560e-2,2.924e-20,3.305e-20,3.753e+1,1.274e+1,3.122e-11,3.481e-1,1.873e-19,6.427e-1,1.878e-22,2.754e+2,2.259e-20,5.798e-29,7.919e-20,8.305e-23,3.815e-1,1.093e+1,2.689e-1,2.543e-2,,6.153e+1,4.316e+1,,7.419e+0,4.074e-19,,8.724e-18,7.315e-6,,8.914e-20,,6.409e-19,,1.505e-18,,3.233e-2,,2.275e-17,,3.488e-18,1.190e-16
441.61,4.466e+2,4.696e-21,1.397e-9,9.373e-43,7.885e-13,,,1.548e-19,8.555e-10,,3.717e-15,5.102e-21,1.234e-26,1.034e-17,1.883e-21,2.130e-15,7.707e-21,5.662e-24,,9.083e-2,2.925e-20,2.732e-20,3.850e+1,1.157e+1,2.574e-11,3.379e-1,1.873e-19,6.293e-1,1.881e-22,2.702e+2,2.260e-20,5.799e-29,7.920e-20,8.306e-23,3.921e-1,1.243e+1,3.138e-1,3.335e-2,,6.462e+1,4.065e+1,,6.738e+0,4.078e-19,,8.755e-18,1.071e-5,,8.913e-20,,6.409e-19,,1.504e-18,,3.687e-2,,2.275e-17,,3.496e-18,1.191e-16
441.64,4.395e+2,4.703e-21,1.195e-9,4.038e-43,3.985e-13,,,1.551e-19,1.437e-9,,3.717e-15,5.116e-21,1.251e-26,1.034e-17,1.883e-21,1.597e-15,7.706e-21,2.454e-24,,1.188e-1,2.928e-20,2.040e-20,3.970e+1,9.942e+0,1.913e-11,3.239e-1,1.873e-19,6.061e-1,1.886e-22,2.609e+2,2.260e-20,5.799e-29,7.922e-20,8.308e-23,4.056e-1,1.498e+1,3.926e-1,4.971e-2,,6.906e+1,3.724e+1,,5.788e+0,4.084e-19,,8.800e-18,1.883e-5,,8.911e-20,,6.408e-19,,1.503e-18,,4.462e-2,,2.274e-17,,3.509e-18,1.191e-16
441.66,4.341e+2,4.707e-21,1.071e-9,2.292e-43,2.516e-13,,,1.552e-19,2.020e-9,,3.716e-15,5.125e-21,1.262e-26,1.034e-17,1.884e-21,1.311e-15,7.705e-21,1.399e-24,,1.413e-1,2.929e-20,1.672e-20,4.033e+1,8.940e+0,1.562e-11,3.158e-1,1.874e-19,5.889e-1,1.889e-22,2.536e+2,2.261e-20,5.800e-29,7.924e-20,8.308e-23,4.128e-1,1.688e+1,4.536e-1,6.455e-2,,7.186e+1,3.521e+1,,5.205e+0,4.088e-19,,8.830e-18,2.730e-5,,8.909e-20,,6.407e-19,,1.502e-18,,5.047e-2,,2.274e-17,,3.518e-18,1.191e-16
441.68,4.280e+2,4.711e-21,9.567e-10,1.296e-43,1.582e-13,,,1.554e-19,2.829e-9,,3.716e-15,5.135e-21,1.274e-26,1.034e-17,1.884e-21,1.073e-15,7.705e-21,7.939e-25,,1.675e-1,2.931e-20,1.368e-20,4.081e+1,8.008e+0,1.271e-11,3.089e-1,1.874e-19,5.703e-1,1.892e-22,2.456e+2,2.261e-20,5.800e-29,7.925e-20,8.309e-23,4.185e-1,1.894e+1,5.222e-1,8.349e-2,,7.451e+1,3.335e+1,,4.662e+0,4.091e-19,,8.860e-18,3.943e-5,,8.908e-20,,6.407e-19,,1.501e-18,,5.689e-2,,2.273e-17,,3.526e-18,1.191e-16
441.71,4.180e+2,4.718e-21,8.018e-10,5.468e-44,7.832e-14,,,1.557e-19,4.654e-9,,3.716e-15,5.149e-21,1.290e-26,1.034e-17,1.884e-21,7.882e-16,7.704e-21,3.370e-25,,2.146e-1,2.933e-20,1.010e-20,4.123e+1,6.739e+0,9.269e-12,3.010e-1,1.874e-19,5.406e-1,1.897e-22,2.324e+2,2.262e-20,5.800e-29,7.927e-20,8.311e-23,4.241e-1,2.236e+1,6.402e-1,1.219e-1,,7.811e+1,3.089e+1,,3.923e+0,4.097e-19,,8.905e-18,6.793e-5,,8.906e-20,,6.406e-19,,1.500e-18,,6.769e-2,,2.273e-17,,3.539e-18,1.192e-16
441.73,4.107e+2,4.722e-21,7.093e-10,3.061e-44,4.877e-14,,,1.558e-19,6.456e-9,,3.715e-15,5.158e-21,1.302e-26,1.034e-17,1.884e-21,6.388e-16,7.703e-21,1.894e-25,,2.518e-1,2.935e-20,8.255e-21,4.131e+1,5.977e+0,7.481e-12,2.976e-1,1.874e-19,5.196e-1,1.900e-22,2.230e+2,2.263e-20,5.801e-29,7.929e-20,8.312e-23,4.258e-1,2.485e+1,7.298e-1,1.562e-1,,8.024e+1,2.945e+1,,3.480e+0,4.101e-19,,8.935e-18,9.716e-5,,8.905e-20,,6.406e-19,,1.499e-18,,7.570e-2,,2.272e-17,,3.548e-18,1.192e-16
441.76,3.991e+2,4.729e-21,5.860e-10,1.273e-44,2.378e-14,,,1.561e-19,1.047e-8,,3.715e-15,5.173e-21,1.318e-26,1.034e-17,1.884e-21,4.626e-16,7.702e-21,7.921e-26,,3.179e-1,2.937e-20,6.158e-21,4.113e+1,4.956e+0,5.405e-12,2.955e-1,1.875e-19,4.871e-1,1.905e-22,2.080e+2,2.263e-20,5.801e-29,7.931e-20,8.313e-23,4.252e-1,2.891e+1,8.817e-1,2.248e-1,,8.298e+1,2.758e+1,,2.886e+0,4.107e-19,,8.980e-18,1.650e-4,,8.903e-20,,6.405e-19,,1.498e-18,,8.900e-2,,2.272e-17,,3.560e-18,1.192e-16
441.78,3.910e+2,4.733e-21,5.135e-10,1.282e-44,1.466e-14,,,1.563e-19,1.438e-8,,3.715e-15,5.182e-21,1.330e-26,1.034e-17,1.884e-21,3.713e-16,7.701e-21,4.408e-26,,3.695e-1,2.939e-20,5.133e-21,4.081e+1,4.353e+0,4.350e-12,2.963e-1,1.875e-19,4.649e-1,1.908e-22,1.976e+2,2.264e-20,5.802e-29,7.932e-20,8.314e-23,4.227e-1,3.181e+1,9.953e-1,2.851e-1,,8.447e+1,2.650e+1,,2.534e+0,4.110e-19,,9.010e-18,2.337e-4,,8.901e-20,,6.404e-19,,1.497e-18,,9.877e-2,,2.272e-17,,3.569e-18,1.193e-16
441.81,3.784e+2,4.740e-21,4.183e-10,1.295e-44,7.046e-15,,,1.565e-19,2.298e-8,,3.714e-15,5.196e-21,1.346e-26,1.034e-17,1.884e-21,2.651e-16,7.700e-21,4.366e-26,,4.597e-1,2.941e-20,4.063e-21,4.004e+1,3.557e+0,3.161e-12,3.010e-1,1.875e-19,4.313e-1,1.912e-22,1.817e+2,2.265e-20,5.802e-29,7.934e-20,8.315e-23,4.159e-1,3.646e+1,1.185e+0,4.044e-1,,8.617e+1,2.515e+1,,2.071e+0,4.116e-19,,9.055e-18,3.910e-4,,8.899e-20,,6.403e-19,,1.496e-18,,1.148e-1,,2.271e-17,,3.582e-18,1.193e-16
441.83,3.698e+2,4.744e-21,3.630e-10,1.304e-44,4.301e-15,,,1.567e-19,3.126e-8,,3.714e-15,5.206e-21,1.358e-26,1.034e-17,1.884e-21,2.107e-16,7.699e-21,4.337e-26,,5.291e-1,2.943e-20,3.622e-21,3.934e+1,3.093e+0,2.585e-12,3.065e-1,1.875e-19,4.088e-1,1.915e-22,1.709e+2,2.265e-20,5.803e-29,7.936e-20,8.316e-23,4.094e-1,3.974e+1,1.325e+0,5.080e-1,,8.694e+1,2.439e+1,,1.801e+0,4.120e-19,,9.086e-18,5.484e-4,,8.898e-20,,6.403e-19,,1.495e-18,,1.265e-1,,2.271e-17,,3.590e-18,1.193e-16
441.86,3.568e+2,4.750e-21,2.915e-10,1.318e-44,2.036e-15,,,1.569e-19,4.924e-8,,3.713e-15,5.220e-21,1.374e-26,1.034e-17,1.885e-21,1.483e-16,7.698e-21,4.295e-26,,6.486e-1,2.945e-20,3.328e-21,3.803e+1,2.491e+0,1.987e-12,3.183e-1,1.876e-19,3.755e-1,1.920e-22,1.548e+2,2.266e-20,5.803e-29,7.938e-20,8.318e-23,3.970e-1,4.489e+1,1.554e+0,7.101e-1,,8.753e+1,2.348e+1,,1.450e+0,4.126e-19,,9.131e-18,9.044e-4,,8.896e-20,,6.402e-19,,1.494e-18,,1.454e-1,,2.270e-17,,3.603e-18,1.194e-16
441.88,3.482e+2,4.755e-21,2.506e-10,1.327e-44,1.231e-15,,,1.571e-19,6.633e-8,,3.713e-15,5.229e-21,1.386e-26,1.034e-17,1.885e-21,1.167e-16,7.698e-21,4.266e-26,,7.393e-1,2.946e-20,3.367e-21,3.700e+1,2.145e+0,1.742e-12,3.285e-1,1.876e-19,3.537e-1,1.923e-22,1.443e+2,2.266e-20,5.804e-29,7.939e-20,8.318e-23,3.870e-1,4.845e+1,1.721e+0,8.834e-1,,8.755e+1,2.300e+1,,1.249e+0,4.130e-19,,9.161e-18,1.256e-3,,8.895e-20,,6.402e-19,,1.493e-18,,1.590e-1,,2.270e-17,,3.612e-18,1.194e-16
441.91,3.354e+2,4.761e-21,1.984e-10,1.341e-44,5.741e-16,,,1.574e-19,1.030e-7,,3.713e-15,5.243e-21,1.402e-26,1.034e-17,1.885e-21,8.095e-17,7.696e-21,4.224e-26,,8.932e-1,2.949e-20,3.783e-21,3.524e+1,1.702e+0,1.584e-12,3.474e-1,1.876e-19,3.220e-1,1.928e-22,1.288e+2,2.267e-20,5.804e-29,7.941e-20,8.320e-23,3.697e-1,5.392e+1,1.989e+0,1.217e+0,,8.702e+1,2.246e+1,,9.906e-1,4.135e-19,,9.206e-18,2.042e-3,,8.893e-20,,6.401e-19,,1.492e-18,,1.808e-1,,2.269e-17,,3.624e-18,1.194e-16
441.93,3.271e+2,4.765e-21,1.689e-10,1.350e-44,3.437e-16,,,1.575e-19,1.374e-7,,3.712e-15,5.253e-21,1.414e-26,1.034e-17,1.885e-21,6.312e-17,7.696e-21,4.196e-26,,1.008e+0,2.950e-20,4.315e-21,3.396e+1,1.451e+0,1.615e-12,3.622e-1,1.876e-19,3.015e-1,1.931e-22,1.188e+2,2.268e-20,5.805e-29,7.943e-20,8.321e-23,3.569e-1,5.763e+1,2.181e+0,1.499e+0,,8.632e+1,2.221e+1,,8.447e-1,4.139e-19,,9.236e-18,2.809e-3,,8.891e-20,,6.400e-19,,1.491e-18,,1.963e-1,,2.269e-17,,3.633e-18,1.194e-16
441.96,3.151e+2,4.772e-21,1.318e-10,1.364e-44,1.581e-16,,,1.578e-19,2.102e-7,,3.712e-15,5.267e-21,1.430e-26,1.034e-17,1.885e-21,4.315e-17,7.695e-21,4.153e-26,,1.200e+0,2.953e-20,5.550e-21,3.188e+1,1.134e+0,1.881e-12,3.875e-1,1.877e-19,2.721e-1,1.936e-22,1.045e+2,2.268e-20,5.805e-29,7.945e-20,8.322e-23,3.360e-1,6.321e+1,2.485e+0,2.035e+0,,8.477e+1,2.199e+1,,6.603e-1,4.145e-19,,9.281e-18,4.499e-3,,8.889e-20,,6.399e-19,,1.490e-18,,2.210e-1,,2.268e-17,,3.646e-18,1.195e-16
441.98,3.075e+2,4.776e-21,1.112e-10,1.373e-44,9.380e-17,,,1.580e-19,2.777e-7,,3.712e-15,5.276e-21,1.442e-26,1.034e-17,1.885e-21,3.332e-17,7.694e-21,4.125e-26,,1.342e+0,2.954e-20,6.710e-21,3.041e+1,9.578e-1,2.224e-12,4.063e-1,1.877e-19,2.535e-1,1.939e-22,9.551e+1,2.269e-20,5.806e-29,7.946e-20,8.323e-23,3.212e-1,6.690e+1,2.697e+0,2.483e+0,,8.343e+1,2.195e+1,,5.576e-1,4.149e-19,,9.311e-18,6.129e-3,,8.888e-20,,6.399e-19,,1.489e-18,,2.384e-1,,2.268e-17,,3.654e-18,1.195e-16
442.01,2.966e+2,4.783e-21,8.551e-11,1.387e-44,4.273e-17,,,1.582e-19,4.187e-7,,3.711e-15,5.291e-21,1.458e-26,1.034e-17,1.885e-21,2.245e-17,7.693e-21,4.082e-26,,1.574e+0,2.957e-20,9.067e-21,2.813e+1,7.377e-1,3.046e-12,4.370e-1,1.877e-19,2.270e-1,1.943e-22,8.280e+1,2.270e-20,5.806e-29,7.948e-20,8.324e-23,2.980e-1,7.231e+1,3.029e+0,3.321e+0,,8.104e+1,2.201e+1,,4.295e-1,4.154e-19,,9.356e-18,9.675e-3,,8.886e-20,,6.398e-19,,1.488e-18,,2.657e-1,,2.267e-17,,3.667e-18,1.195e-16
442.03,2.899e+2,4.787e-21,7.144e-11,1.396e-44,2.532e-17,,,1.584e-19,5.480e-7,,3.711e-15,5.300e-21,1.470e-26,1.034e-17,1.885e-21,1.717e-17,7.692e-21,4.054e-26,,1.742e+0,2.958e-20,1.113e-20,2.657e+1,6.169e-1,3.847e-12,4.588e-1,1.877e-19,2.105e-1,1.946e-22,7.492e+1,2.270e-20,5.807e-29,7.949e-20,8.325e-23,2.821e-1,7.578e+1,3.256e+0,4.012e+0,,7.922e+1,2.214e+1,,3.591e-1,4.158e-19,,9.386e-18,1.305e-2,,8.885e-20,,6.397e-19,,1.487e-18,,2.847e-1,,2.267e-17,,3.676e-18,1.195e-16
442.05,2.836e+2,4.791e-21,5.946e-11,1.405e-44,1.512e-17,,,1.586e-19,7.143e-7,,3.711e-15,5.309e-21,1.481e-26,1.034e-17,1.886e-21,1.308e-17,7.692e-21,4.026e-26,,1.921e+0,2.960e-20,1.367e-20,2.501e+1,5.138e-1,4.905e-12,4.816e-1,1.877e-19,1.947e-1,1.950e-22,6.752e+1,2.271e-20,5.807e-29,7.951e-20,8.326e-23,2.660e-1,7.912e+1,3.486e+0,4.829e+0,,7.726e+1,2.235e+1,,2.991e-1,4.162e-19,,9.417e-18,1.754e-2,,8.883e-20,,6.397e-19,,1.486e-18,,3.043e-1,,2.267e-17,,3.684e-18,1.196e-16
442.08,2.750e+2,4.798e-21,4.482e-11,1.419e-44,7.279e-18,,,1.588e-19,1.055e-6,,3.710e-15,5.324e-21,1.498e-26,1.034e-17,1.886e-21,8.633e-18,7.690e-21,3.983e-26,,2.208e+0,2.962e-20,1.855e-20,2.266e+1,3.877e-1,7.110e-12,5.170e-1,1.878e-19,1.728e-1,1.954e-22,5.734e+1,2.271e-20,5.807e-29,7.953e-20,8.327e-23,2.417e-1,8.377e+1,3.835e+0,6.329e+0,,7.411e+1,2.279e+1,,2.257e-1,4.168e-19,,9.462e-18,2.713e-2,,8.881e-20,,6.396e-19,,1.485e-18,,3.346e-1,,2.266e-17,,3.697e-18,1.196e-16
442.1,2.699e+2,4.802e-21,3.695e-11,1.428e-44,4.774e-18,,,1.590e-19,1.362e-6,,3.710e-15,5.333e-21,1.509e-26,1.034e-17,1.886e-21,6.514e-18,7.690e-21,3.955e-26,,2.412e+0,2.964e-20,2.268e-20,2.112e+1,3.197e-1,9.109e-12,5.411e-1,1.878e-19,1.592e-1,1.957e-22,5.118e+1,2.272e-20,5.808e-29,7.954e-20,8.328e-23,2.257e-1,8.661e+1,4.067e+0,7.543e+0,,7.192e+1,2.319e+1,,1.861e-1,4.171e-19,,9.492e-18,3.611e-2,,8.880e-20,,6.396e-19,,1.484e-18,,3.553e-1,,2.266e-17,,3.705e-18,1.196e-16
442.13,2.632e+2,4.809e-21,2.746e-11,1.441e-44,3.080e-18,,,1.592e-19,1.984e-6,,3.709e-15,5.347e-21,1.526e-26,1.034e-17,1.886e-21,4.238e-18,7.689e-21,3.912e-26,,2.732e+0,2.966e-20,3.045e-20,1.886e+1,2.377e-1,1.316e-11,5.775e-1,1.878e-19,1.403e-1,1.962e-22,4.283e+1,2.273e-20,5.808e-29,7.956e-20,8.330e-23,2.021e-1,9.037e+1,4.408e+0,9.742e+0,,6.859e+1,2.393e+1,,1.384e-1,4.177e-19,,9.537e-18,5.504e-2,,8.878e-20,,6.395e-19,,1.483e-18,,3.870e-1,,2.265e-17,,3.718e-18,1.197e-16
442.15,2.595e+2,4.813e-21,2.242e-11,1.451e-44,2.728e-18,,,1.594e-19,2.537e-6,,3.709e-15,5.357e-21,1.537e-26,1.034e-17,1.886e-21,3.166e-18,7.688e-21,3.884e-26,,2.954e+0,2.968e-20,3.691e-20,1.740e+1,1.941e-1,1.677e-11,6.016e-1,1.878e-19,1.288e-1,1.965e-22,3.786e+1,2.273e-20,5.809e-29,7.958e-20,8.331e-23,1.869e-1,9.252e+1,4.629e+0,1.150e+1,,6.637e+1,2.454e+1,,1.130e-1,4.181e-19,,9.567e-18,7.254e-2,,8.877e-20,,6.394e-19,,1.482e-18,,4.084e-1,,2.265e-17,,3.727e-18,1.197e-16
442.18,2.550e+2,4.819e-21,1.642e-11,1.464e-44,2.852e-18,,,1.597e-19,3.641e-6,,3.709e-15,5.371e-21,1.554e-26,1.034e-17,1.886e-21,2.030e-18,7.687e-21,3.842e-26,,3.298e+0,2.970e-20,4.891e-20,1.531e+1,1.422e-1,2.395e-11,6.369e-1,1.879e-19,1.129e-1,1.970e-22,3.123e+1,2.274e-20,5.809e-29,7.960e-20,8.332e-23,1.649e-1,9.513e+1,4.945e+0,1.464e+1,,6.315e+1,2.565e+1,,8.279e-2,4.187e-19,,9.612e-18,1.090e-1,,8.875e-20,,6.393e-19,,1.481e-18,,4.408e-1,,2.264e-17,,3.740e-18,1.197e-16
442.2,2.529e+2,4.824e-21,1.328e-11,1.473e-44,3.228e-18,,,1.598e-19,4.610e-6,,3.708e-15,5.380e-21,1.565e-26,1.034e-17,1.886e-21,1.502e-18,7.686e-21,3.813e-26,,3.532e+0,2.972e-20,5.873e-20,1.399e+1,1.150e-1,3.024e-11,6.595e-1,1.879e-19,1.032e-1,1.973e-22,2.735e+1,2.274e-20,5.810e-29,7.961e-20,8.333e-23,1.510e-1,9.644e+1,5.142e+0,1.711e+1,,6.110e+1,2.653e+1,,6.695e-2,4.191e-19,,9.642e-18,1.422e-1,,8.874e-20,,6.393e-19,,1.480e-18,,4.623e-1,,2.264e-17,,3.748e-18,1.197e-16
442.23,2.509e+2,4.830e-21,9.587e-12,1.487e-44,4.133e-18,,,1.601e-19,6.522e-6,,3.708e-15,5.394e-21,1.582e-26,1.034e-17,1.886e-21,9.491e-19,7.685e-21,3.771e-26,,3.887e+0,2.974e-20,7.673e-20,1.213e+1,8.302e-2,4.260e-11,6.917e-1,1.879e-19,8.993e-2,1.977e-22,2.225e+1,2.275e-20,5.810e-29,7.963e-20,8.334e-23,1.313e-1,9.773e+1,5.413e+0,2.146e+1,,5.825e+1,2.808e+1,,4.833e-2,4.196e-19,,9.687e-18,2.106e-1,,8.872e-20,,6.392e-19,,1.479e-18,,4.942e-1,,2.263e-17,,3.761e-18,1.198e-16
442.25,2.505e+2,4.835e-21,7.679e-12,1.496e-44,4.949e-18,,,1.603e-19,8.179e-6,,3.708e-15,5.404e-21,1.593e-26,1.034e-17,1.887e-21,6.955e-19,7.685e-21,3.742e-26,,4.123e+0,2.976e-20,9.125e-20,1.098e+1,6.648e-2,5.328e-11,7.116e-1,1.879e-19,8.190e-2,1.981e-22,1.930e+1,2.276e-20,5.811e-29,7.965e-20,8.335e-23,1.191e-1,9.811e+1,5.574e+0,2.484e+1,,5.653e+1,2.930e+1,,3.870e-2,4.200e-19,,9.717e-18,2.722e-1,,8.870e-20,,6.392e-19,,1.478e-18,,5.151e-1,,2.263e-17,,3.769e-18,1.198e-16
442.28,2.514e+2,4.841e-21,5.465e-12,1.510e-44,6.511e-18,,,1.605e-19,1.140e-5,,3.707e-15,5.418e-21,1.610e-26,1.034e-17,1.887e-21,4.331e-19,7.683e-21,3.700e-26,,4.471e+0,2.978e-20,1.175e-19,9.377e+0,4.728e-2,7.398e-11,7.388e-1,1.880e-19,7.098e-2,1.985e-22,1.549e+1,2.276e-20,5.811e-29,7.967e-20,8.337e-23,1.021e-1,9.797e+1,5.782e+0,3.070e+1,,5.426e+1,3.141e+1,,2.753e-2,4.206e-19,,9.763e-18,3.971e-1,,8.868e-20,,6.391e-19,,1.477e-18,,5.455e-1,,2.262e-17,,3.782e-18,1.198e-16
442.3,2.530e+2,4.845e-21,4.335e-12,1.519e-44,7.792e-18,,,1.607e-19,1.416e-5,,3.707e-15,5.428e-21,1.621e-26,1.034e-17,1.887e-21,3.143e-19,7.683e-21,3.672e-26,,4.698e+0,2.979e-20,1.384e-19,8.402e+0,3.749e-2,9.164e-11,7.549e-1,1.880e-19,6.439e-2,1.988e-22,1.333e+1,2.277e-20,5.812e-29,7.968e-20,8.337e-23,9.167e-2,9.739e+1,5.896e+0,3.519e+1,,5.298e+1,3.303e+1,,2.183e-2,4.210e-19,,9.793e-18,5.084e-1,,8.867e-20,,6.390e-19,,1.476e-18,,5.650e-1,,2.262e-17,,3.791e-18,1.199e-16
442.33,2.569e+2,4.852e-21,3.041e-12,1.533e-44,1.018e-17,,,1.609e-19,1.947e-5,,3.707e-15,5.442e-21,1.638e-26,1.034e-17,1.887e-21,1.929e-19,7.682e-21,3.629e-26,,5.023e+0,2.982e-20,1.756e-19,7.074e+0,2.628e-2,1.254e-10,7.758e-1,1.880e-19,5.548e-2,1.993e-22,1.059e+1,2.278e-20,5.812e-29,7.970e-20,8.339e-23,7.747e-2,9.583e+1,6.027e+0,4.287e+1,,5.143e+1,3.580e+1,,1.530e-2,4.215e-19,,9.838e-18,7.310e-1,,8.865e-20,,6.389e-19,,1.475e-18,,5.926e-1,,2.262e-17,,3.804e-18,1.199e-16
442.35,2.607e+2,4.856e-21,2.389e-12,1.542e-44,1.211e-17,,,1.611e-19,2.395e-5,,3.706e-15,5.451e-21,1.649e-26,1.034e-17,1.887e-21,1.386e-19,7.681e-21,3.601e-26,,5.227e+0,2.983e-20,2.048e-19,6.277e+0,2.063e-2,1.539e-10,7.875e-1,1.880e-19,5.015e-2,1.996e-22,9.058e+0,2.278e-20,5.813e-29,7.972e-20,8.340e-23,6.893e-2,9.435e+1,6.086e+0,4.866e+1,,5.065e+1,3.789e+1,,1.201e-2,4.219e-19,,9.868e-18,9.267e-1,,8.864e-20,,6.389e-19,,1.474e-18,,6.098e-1,,2.261e-17,,3.812e-18,1.199e-16
442.38,2.680e+2,4.863e-21,1.652e-12,1.555e-44,1.559e-17,,,1.614e-19,3.244e-5,,3.706e-15,5.465e-21,1.666e-26,1.034e-17,1.887e-21,8.382e-20,7.680e-21,3.558e-26,,5.511e+0,2.986e-20,2.561e-19,5.207e+0,1.425e-2,2.075e-10,8.014e-1,1.881e-19,4.297e-2,2.001e-22,7.154e+0,2.279e-20,5.813e-29,7.974e-20,8.341e-23,5.747e-2,9.148e+1,6.131e+0,5.842e+1,,4.986e+1,4.140e+1,,8.295e-3,4.225e-19,,9.913e-18,1.313e+0,,8.862e-20,,6.388e-19,,1.473e-18,,6.333e-1,,2.261e-17,,3.825e-18,1.199e-16
442.4,2.742e+2,4.867e-21,1.286e-12,1.565e-44,1.836e-17,,,1.615e-19,3.952e-5,,3.706e-15,5.475e-21,1.677e-26,1.034e-17,1.887e-21,5.965e-20,7.679e-21,3.530e-26,,5.683e+0,2.987e-20,2.959e-19,4.575e+0,1.108e-2,2.521e-10,8.083e-1,1.881e-19,3.871e-2,2.004e-22,6.116e+0,2.280e-20,5.813e-29,7.975e-20,8.342e-23,5.070e-2,8.919e+1,6.131e+0,6.567e+1,,4.958e+1,4.400e+1,,6.450e-3,4.229e-19,,9.943e-18,1.649e+0,,8.860e-20,,6.388e-19,,1.472e-18,,6.474e-1,,2.260e-17,,3.833e-18,1.200e-16
442.42,2.813e+2,4.871e-21,9.966e-13,1.574e-44,2.153e-17,,,1.617e-19,4.797e-5,,3.705e-15,5.484e-21,1.688e-26,1.034e-17,1.887e-21,4.228e-20,7.679e-21,3.502e-26,,5.838e+0,2.989e-20,3.404e-19,4.004e+0,8.583e-3,3.051e-10,8.132e-1,1.881e-19,3.483e-2,2.007e-22,5.241e+0,2.280e-20,5.814e-29,7.977e-20,8.343e-23,4.460e-2,8.661e+1,6.107e+0,7.353e+1,,4.949e+1,4.681e+1,,4.995e-3,4.232e-19,,9.973e-18,2.062e+0,,8.859e-20,,6.387e-19,,1.471e-18,,6.599e-1,,2.260e-17,,3.842e-18,1.200e-16
442.45,2.938e+2,4.878e-21,6.753e-13,1.587e-44,2.716e-17,,,1.620e-19,6.368e-5,,3.705e-15,5.498e-21,1.705e-26,1.034e-17,1.888e-21,2.505e-20,7.677e-21,3.459e-26,,6.039e+0,2.991e-20,4.171e-19,3.254e+0,5.810e-3,4.032e-10,8.172e-1,1.881e-19,2.969e-2,2.012e-22,4.198e+0,2.281e-20,5.814e-29,7.979e-20,8.344e-23,3.664e-2,8.227e+1,6.027e+0,8.649e+1,,4.968e+1,5.141e+1,,3.379e-3,4.238e-19,,1.002e-17,2.863e+0,,8.857e-20,,6.386e-19,,1.470e-18,,6.756e-1,,2.259e-17,,3.855e-18,1.200e-16
442.47,3.034e+2,4.882e-21,5.185e-13,1.597e-44,3.156e-17,,,1.621e-19,7.655e-5,,3.705e-15,5.508e-21,1.716e-26,1.034e-17,1.888e-21,1.759e-20,7.677e-21,3.431e-26,,6.150e+0,2.993e-20,4.753e-19,2.820e+0,4.459e-3,4.832e-10,8.177e-1,1.882e-19,2.668e-2,2.015e-22,3.661e+0,2.281e-20,5.815e-29,7.980e-20,8.345e-23,3.208e-2,7.912e+1,5.945e+0,9.590e+1,,5.000e+1,5.473e+1,,2.591e-3,4.242e-19,,1.005e-17,3.546e+0,,8.856e-20,,6.386e-19,,1.469e-18,,6.838e-1,,2.259e-17,,3.863e-18,1.200e-16
442.5,3.198e+2,4.888e-21,3.463e-13,1.610e-44,3.923e-17,,,1.624e-19,1.002e-4,,3.704e-15,5.522e-21,1.733e-26,1.034e-17,1.888e-21,1.027e-20,7.676e-21,3.388e-26,,6.280e+0,2.995e-20,5.738e-19,2.259e+0,2.981e-3,6.292e-10,8.155e-1,1.882e-19,2.278e-2,2.019e-22,3.059e+0,2.282e-20,5.815e-29,7.982e-20,8.346e-23,2.628e-2,7.406e+1,5.782e+0,1.112e+2,,5.072e+1,6.005e+1,,1.727e-3,4.248e-19,,1.009e-17,4.851e+0,,8.854e-20,,6.385e-19,,1.468e-18,,6.926e-1,,2.258e-17,,3.876e-18,1.201e-16
442.52,3.320e+2,4.893e-21,2.633e-13,1.619e-44,4.514e-17,,,1.626e-19,1.193e-4,,3.704e-15,5.531e-21,1.744e-26,1.034e-17,1.888e-21,7.138e-21,7.675e-21,3.360e-26,,6.343e+0,2.997e-20,6.475e-19,1.938e+0,2.273e-3,7.468e-10,8.122e-1,1.882e-19,2.056e-2,2.022e-22,2.778e+0,2.283e-20,5.816e-29,7.983e-20,8.347e-23,2.308e-2,7.053e+1,5.648e+0,1.221e+2,,5.134e+1,6.381e+1,,1.312e-3,4.251e-19,,1.012e-17,5.950e+0,,8.852e-20,,6.384e-19,,1.467e-18,,6.960e-1,,2.258e-17,,3.885e-18,1.201e-16
442.55,3.520e+2,4.899e-21,1.733e-13,1.633e-44,5.530e-17,,,1.628e-19,1.538e-4,,3.703e-15,5.546e-21,1.761e-26,1.034e-17,1.888e-21,4.107e-21,7.674e-21,3.317e-26,,6.401e+0,2.999e-20,7.705e-19,1.530e+0,1.513e-3,9.585e-10,8.050e-1,1.882e-19,1.778e-2,2.027e-22,2.514e+0,2.283e-20,5.816e-29,7.986e-20,8.349e-23,1.920e-2,6.506e+1,5.413e+0,1.394e+2,,5.239e+1,6.972e+1,,8.616e-4,4.257e-19,,1.017e-17,8.024e+0,,8.850e-20,,6.383e-19,,1.466e-18,,6.972e-1,,2.258e-17,,3.897e-18,1.201e-16
442.57,3.666e+2,4.904e-21,1.305e-13,1.642e-44,6.300e-17,,,1.630e-19,1.814e-4,,3.703e-15,5.555e-21,1.772e-26,1.034e-17,1.888e-21,2.827e-21,7.673e-21,3.289e-26,,6.417e+0,3.001e-20,8.610e-19,1.300e+0,1.160e-3,1.127e-9,7.988e-1,1.883e-19,1.628e-2,2.030e-22,2.431e+0,2.284e-20,5.817e-29,7.987e-20,8.350e-23,1.720e-2,6.135e+1,5.236e+0,1.516e+2,,5.315e+1,7.379e+1,,6.479e-4,4.261e-19,,1.020e-17,9.746e+0,,8.849e-20,,6.383e-19,,1.465e-18,,6.954e-1,,2.257e-17,,3.906e-18,1.202e-16
442.6,3.901e+2,4.910e-21,8.467e-14,1.656e-44,7.607e-17,,,1.632e-19,2.307e-4,,3.703e-15,5.569e-21,1.789e-26,1.034e-17,1.888e-21,1.603e-21,7.672e-21,3.247e-26,,6.411e+0,3.003e-20,1.010e-18,1.011e+0,7.998e-4,1.425e-9,7.881e-1,1.883e-19,1.456e-2,2.035e-22,2.432e+0,2.285e-20,5.817e-29,7.989e-20,8.351e-23,1.504e-2,5.577e+1,4.945e+0,1.707e+2,,5.431e+1,8.005e+1,,4.194e-4,4.267e-19,,1.024e-17,1.295e+1,,8.847e-20,,6.382e-19,,1.464e-18,,6.887e-1,,2.257e-17,,3.919e-18,1.202e-16
442.62,4.068e+2,4.914e-21,6.315e-14,1.665e-44,8.583e-17,,,1.634e-19,2.695e-4,,3.702e-15,5.579e-21,1.800e-26,1.034e-17,1.888e-21,1.093e-21,7.671e-21,3.218e-26,,6.388e+0,3.005e-20,1.117e-18,8.508e-1,6.484e-4,1.659e-9,7.801e-1,1.883e-19,1.376e-2,2.038e-22,2.508e+0,2.285e-20,5.818e-29,7.990e-20,8.352e-23,1.416e-2,5.208e+1,4.736e+0,1.838e+2,,5.506e+1,8.427e+1,,3.123e-4,4.271e-19,,1.027e-17,1.558e+1,,8.846e-20,,6.382e-19,,1.463e-18,,6.816e-1,,2.256e-17,,3.927e-18,1.202e-16
442.65,4.332e+2,4.921e-21,4.038e-14,1.679e-44,1.021e-16,,,1.637e-19,3.378e-4,,3.702e-15,5.593e-21,1.817e-26,1.034e-17,1.889e-21,6.105e-22,7.670e-21,3.176e-26,,6.332e+0,3.007e-20,1.291e-18,6.521e-1,5.281e-4,2.068e-9,7.675e-1,1.883e-19,1.311e-2,2.043e-22,2.727e+0,2.286e-20,5.818e-29,7.993e-20,8.353e-23,1.367e-2,4.665e+1,4.408e+0,2.039e+2,,5.609e+1,9.057e+1,,1.993e-4,4.276e-19,,1.032e-17,2.041e+1,,8.844e-20,,6.381e-19,,1.462e-18,,6.671e-1,,2.256e-17,,3.940e-18,1.202e-16
442.67,4.517e+2,4.925e-21,2.983e-14,1.688e-44,1.141e-16,,,1.638e-19,3.908e-4,,3.702e-15,5.602e-21,1.828e-26,1.034e-17,1.889e-21,4.121e-22,7.670e-21,3.147e-26,,6.283e+0,3.009e-20,1.415e-18,5.435e-1,5.118e-4,2.383e-9,7.589e-1,1.884e-19,1.304e-2,2.046e-22,2.938e+0,2.286e-20,5.819e-29,7.994e-20,8.354e-23,1.392e-2,4.314e+1,4.181e+0,2.175e+2,,5.668e+1,9.470e+1,,1.471e-4,4.280e-19,,1.035e-17,2.431e+1,,8.842e-20,,6.380e-19,,1.461e-18,,6.549e-1,,2.255e-17,,3.949e-18,1.203e-16
442.7,4.805e+2,4.932e-21,1.880e-14,1.701e-44,1.338e-16,,,1.641e-19,4.830e-4,,3.701e-15,5.616e-21,1.845e-26,1.034e-17,1.889e-21,2.269e-22,7.669e-21,3.105e-26,,6.200e+0,3.011e-20,1.612e-18,4.106e-1,5.834e-4,2.928e-9,7.460e-1,1.884e-19,1.354e-2,2.050e-22,3.346e+0,2.287e-20,5.819e-29,7.996e-20,8.356e-23,1.520e-2,3.809e+1,3.835e+0,2.378e+2,,5.737e+1,1.007e+2,,9.274e-5,4.286e-19,,1.039e-17,3.138e+1,,8.840e-20,,6.379e-19,,1.460e-18,,6.332e-1,,2.255e-17,,3.961e-18,1.203e-16
442.72,5.003e+2,4.936e-21,1.375e-14,1.711e-44,1.481e-16,,,1.642e-19,5.535e-4,,3.701e-15,5.626e-21,1.856e-26,1.034e-17,1.889e-21,1.517e-22,7.668e-21,3.077e-26,,6.144e+0,3.012e-20,1.749e-18,3.390e-1,7.030e-4,3.342e-9,7.376e-1,1.884e-19,1.429e-2,2.053e-22,3.677e+0,2.288e-20,5.819e-29,7.997e-20,8.356e-23,1.670e-2,3.488e+1,3.602e+0,2.511e+2,,5.767e+1,1.045e+2,,6.806e-5,4.290e-19,,1.042e-17,3.702e+1,,8.839e-20,,6.379e-19,,1.459e-18,,6.166e-1,,2.254e-17,,3.970e-18,1.203e-16
442.75,5.308e+2,4.942e-21,8.542e-15,1.724e-44,1.711e-16,,,1.645e-19,6.744e-4,,3.701e-15,5.640e-21,1.873e-26,1.034e-17,1.889e-21,8.230e-23,7.667e-21,3.034e-26,,6.065e+0,3.015e-20,1.963e-18,2.526e-1,1.019e-3,4.047e-9,7.256e-1,1.884e-19,1.610e-2,2.058e-22,4.257e+0,2.288e-20,5.820e-29,7.999e-20,8.358e-23,2.005e-2,3.034e+1,3.256e+0,2.706e+2,,5.785e+1,1.097e+2,,4.294e-5,4.295e-19,,1.047e-17,4.709e+1,,8.837e-20,,6.378e-19,,1.458e-18,,5.887e-1,,2.254e-17,,3.983e-18,1.204e-16
442.77,5.515e+2,4.947e-21,6.189e-15,1.733e-44,1.875e-16,,,1.647e-19,7.656e-4,,3.700e-15,5.649e-21,1.884e-26,1.034e-17,1.889e-21,5.448e-23,7.666e-21,3.006e-26,,6.021e+0,3.016e-20,2.110e-18,2.067e-1,1.348e-3,4.575e-9,7.181e-1,1.885e-19,1.780e-2,2.061e-22,4.698e+0,2.289e-20,5.820e-29,8.001e-20,8.359e-23,2.310e-2,2.751e+1,3.029e+0,2.830e+2,,5.777e+1,1.129e+2,,3.193e-5,4.299e-19,,1.050e-17,5.502e+1,,8.836e-20,,6.378e-19,,1.457e-18,,5.685e-1,,2.254e-17,,3.991e-18,1.204e-16
442.79,5.725e+2,4.951e-21,4.466e-15,1.743e-44,2.047e-16,,,1.648e-19,8.659e-4,,3.700e-15,5.659e-21,1.895e-26,1.034e-17,1.889e-21,3.592e-23,7.665e-21,2.978e-26,,5.989e+0,3.018e-20,2.259e-18,1.687e-1,1.805e-3,5.152e-9,7.111e-1,1.885e-19,1.993e-2,2.064e-22,5.180e+0,2.289e-20,5.821e-29,8.002e-20,8.360e-23,2.687e-2,2.485e+1,2.806e+0,2.948e+2,,5.752e+1,1.158e+2,,2.427e-5,4.303e-19,,1.053e-17,6.403e+1,,8.834e-20,,6.377e-19,,1.456e-18,,5.470e-1,,2.253e-17,,4.000e-18,1.204e-16
442.82,6.043e+2,4.958e-21,2.718e-15,1.756e-44,2.317e-16,,,1.651e-19,1.034e-3,,3.700e-15,5.673e-21,1.912e-26,1.034e-17,1.889e-21,1.909e-23,7.664e-21,2.935e-26,,5.972e+0,3.020e-20,2.484e-18,1.239e-1,2.816e-3,6.111e-9,7.016e-1,1.885e-19,2.402e-2,2.069e-22,5.977e+0,2.290e-20,5.821e-29,8.004e-20,8.361e-23,3.408e-2,2.118e+1,2.485e+0,3.112e+2,,5.682e+1,1.195e+2,,1.752e-5,4.309e-19,,1.058e-17,7.980e+1,,8.832e-20,,6.376e-19,,1.455e-18,,5.130e-1,,2.253e-17,,4.013e-18,1.204e-16
442.84,6.257e+2,4.962e-21,1.943e-15,1.765e-44,2.505e-16,,,1.653e-19,1.159e-3,,3.699e-15,5.683e-21,1.923e-26,1.034e-17,1.890e-21,1.247e-23,7.664e-21,2.907e-26,,5.985e+0,3.022e-20,2.633e-18,1.007e-1,3.788e-3,6.816e-9,6.959e-1,1.885e-19,2.739e-2,2.072e-22,6.554e+0,2.291e-20,5.822e-29,8.006e-20,8.362e-23,4.006e-2,1.894e+1,2.280e+0,3.211e+2,,5.613e+1,1.214e+2,,1.557e-5,4.312e-19,,1.061e-17,9.197e+1,,8.831e-20,,6.376e-19,,1.454e-18,,4.894e-1,,2.252e-17,,4.021e-18,1.205e-16
442.87,6.580e+2,4.968e-21,1.165e-15,1.779e-44,2.795e-16,,,1.655e-19,1.365e-3,,3.699e-15,5.697e-21,1.940e-26,1.034e-17,1.890e-21,6.529e-24,7.663e-21,2.864e-26,,6.052e+0,3.024e-20,2.854e-18,7.396e-2,5.886e-3,7.968e-9,6.884e-1,1.886e-19,3.353e-2,2.077e-22,7.485e+0,2.291e-20,5.822e-29,8.008e-20,8.363e-23,5.107e-2,1.591e+1,1.989e+0,3.340e+2,,5.477e+1,1.236e+2,,1.598e-5,4.318e-19,,1.065e-17,1.130e+2,,8.829e-20,,6.375e-19,,1.453e-18,,4.530e-1,,2.252e-17,,4.034e-18,1.205e-16
442.89,6.797e+2,4.973e-21,8.249e-16,1.788e-44,2.992e-16,,,1.657e-19,1.515e-3,,3.699e-15,5.706e-21,1.951e-26,1.034e-17,1.890e-21,4.221e-24,7.662e-21,2.836e-26,,6.132e+0,3.026e-20,2.996e-18,6.058e-2,7.865e-3,8.801e-9,6.840e-1,1.886e-19,3.840e-2,2.080e-22,8.144e+0,2.292e-20,5.823e-29,8.009e-20,8.364e-23,5.993e-2,1.409e+1,1.808e+0,3.412e+2,,5.364e+1,1.244e+2,,1.854e-5,4.322e-19,,1.068e-17,1.289e+2,,8.828e-20,,6.374e-19,,1.452e-18,,4.284e-1,,2.251e-17,,4.042e-18,1.205e-16
442.92,7.124e+2,4.979e-21,4.877e-16,1.802e-44,3.290e-16,,,1.659e-19,1.759e-3,,3.698e-15,5.720e-21,1.968e-26,1.034e-17,1.890e-21,2.179e-24,7.661e-21,2.793e-26,,6.313e+0,3.028e-20,3.200e-18,4.588e-2,1.207e-2,1.014e-8,6.781e-1,1.886e-19,4.700e-2,2.085e-22,9.181e+0,2.293e-20,5.823e-29,8.011e-20,8.365e-23,7.588e-2,1.166e+1,1.554e+0,3.498e+2,,5.166e+1,1.249e+2,,2.646e-5,4.328e-19,,1.073e-17,1.561e+2,,8.826e-20,,6.374e-19,,1.451e-18,,3.913e-1,,2.251e-17,,4.055e-18,1.206e-16
442.94,7.344e+2,4.983e-21,3.419e-16,1.811e-44,3.488e-16,,,1.661e-19,1.934e-3,,3.698e-15,5.730e-21,1.979e-26,1.034e-17,1.890e-21,1.395e-24,7.660e-21,2.765e-26,,6.477e+0,3.030e-20,3.327e-18,3.906e-2,1.598e-2,1.109e-8,6.746e-1,1.886e-19,5.367e-2,2.088e-22,9.900e+0,2.293e-20,5.824e-29,8.013e-20,8.366e-23,8.848e-2,1.023e+1,1.399e+0,3.539e+2,,5.016e+1,1.246e+2,,3.522e-5,4.332e-19,,1.076e-17,1.764e+2,,8.824e-20,,6.373e-19,,1.450e-18,,3.667e-1,,2.250e-17,,4.064e-18,1.206e-16
442.97,7.676e+2,4.990e-21,1.992e-16,1.825e-44,3.780e-16,,,1.664e-19,2.214e-3,,3.697e-15,5.744e-21,1.996e-26,1.034e-17,1.890e-21,7.094e-25,7.659e-21,2.723e-26,,6.794e+0,3.032e-20,3.502e-18,3.258e-2,2.417e-2,1.260e-8,6.695e-1,1.887e-19,6.518e-2,2.092e-22,1.101e+1,2.294e-20,5.824e-29,8.015e-20,8.368e-23,1.107e-1,8.343e+0,1.185e+0,3.576e+2,,4.766e+1,1.233e+2,,5.573e-5,4.337e-19,,1.080e-17,2.105e+2,,8.823e-20,,6.372e-19,,1.449e-18,,3.305e-1,,2.250e-17,,4.077e-18,1.206e-16
442.99,7.900e+2,4.994e-21,1.383e-16,1.834e-44,3.968e-16,,,1.665e-19,2.412e-3,,3.697e-15,5.753e-21,2.007e-26,1.034e-17,1.890e-21,4.497e-25,7.658e-21,2.694e-26,,7.053e+0,3.034e-20,3.605e-18,3.043e-2,3.171e-2,1.364e-8,6.662e-1,1.887e-19,7.393e-2,2.095e-22,1.176e+1,2.294e-20,5.825e-29,8.016e-20,8.369e-23,1.280e-1,7.247e+0,1.056e+0,3.583e+2,,4.586e+1,1.219e+2,,7.619e-5,4.341e-19,,1.083e-17,2.356e+2,,8.821e-20,,6.372e-19,,1.448e-18,,3.070e-1,,2.249e-17,,4.085e-18,1.206e-16
443.02,8.240e+2,5.001e-21,7.940e-17,1.847e-44,4.238e-16,,,1.668e-19,2.724e-3,,3.697e-15,5.768e-21,2.024e-26,1.034e-17,1.890e-21,2.254e-25,7.657e-21,2.652e-26,,7.516e+0,3.036e-20,3.740e-18,3.016e-2,4.728e-2,1.527e-8,6.610e-1,1.887e-19,8.875e-2,2.100e-22,1.289e+1,2.295e-20,5.825e-29,8.018e-20,8.370e-23,1.581e-1,5.824e+0,8.823e-1,3.567e+2,,4.298e+1,1.189e+2,,1.218e-4,4.347e-19,,1.088e-17,2.770e+2,,8.819e-20,,6.371e-19,,1.447e-18,,2.730e-1,,2.249e-17,,4.098e-18,1.207e-16
443.04,8.470e+2,5.005e-21,5.459e-17,1.857e-44,4.406e-16,,,1.670e-19,2.940e-3,,3.696e-15,5.777e-21,2.035e-26,1.034e-17,1.891e-21,1.415e-25,7.657e-21,2.623e-26,,7.874e+0,3.038e-20,3.813e-18,3.185e-2,6.141e-2,1.638e-8,6.572e-1,1.887e-19,9.981e-2,2.103e-22,1.364e+1,2.296e-20,5.825e-29,8.020e-20,8.371e-23,1.812e-1,5.010e+0,7.788e-1,3.539e+2,,4.097e+1,1.164e+2,,1.661e-4,4.351e-19,,1.091e-17,3.071e+2,,8.818e-20,,6.370e-19,,1.446e-18,,2.513e-1,,2.249e-17,,4.106e-18,1.207e-16
443.07,8.820e+2,5.012e-21,3.089e-17,1.870e-44,4.637e-16,,,1.672e-19,3.275e-3,,3.696e-15,5.791e-21,2.052e-26,1.034e-17,1.891e-21,6.987e-26,7.656e-21,2.581e-26,,8.481e+0,3.040e-20,3.898e-18,3.721e-2,9.026e-2,1.807e-8,6.506e-1,1.888e-19,1.183e-1,2.108e-22,1.473e+1,2.296e-20,5.826e-29,8.022e-20,8.372e-23,2.207e-1,3.967e+0,6.413e-1,3.473e+2,,3.787e+1,1.119e+2,,2.628e-4,4.356e-19,,1.095e-17,3.558e+2,,8.816e-20,,6.369e-19,,1.445e-18,,2.206e-1,,2.248e-17,,4.119e-18,1.207e-16
443.09,9.058e+2,5.016e-21,2.103e-17,1.879e-44,4.775e-16,,,1.674e-19,3.502e-3,,3.696e-15,5.801e-21,2.064e-26,1.034e-17,1.891e-21,4.344e-26,7.655e-21,2.553e-26,,8.930e+0,3.042e-20,3.936e-18,4.277e-2,1.161e-1,1.920e-8,6.456e-1,1.888e-19,1.318e-1,2.111e-22,1.544e+1,2.297e-20,5.826e-29,8.023e-20,8.373e-23,2.504e-1,3.379e+0,5.608e-1,3.412e+2,,3.576e+1,1.085e+2,,3.554e-4,4.360e-19,,1.098e-17,3.906e+2,,8.815e-20,,6.369e-19,,1.444e-18,,2.013e-1,,2.248e-17,,4.128e-18,1.207e-16
443.12,9.421e+2,5.022e-21,1.173e-17,1.893e-44,4.952e-16,,,1.676e-19,3.847e-3,,3.695e-15,5.815e-21,2.080e-26,1.033e-17,1.891e-21,2.114e-26,7.654e-21,2.510e-26,,9.664e+0,3.044e-20,3.965e-18,5.440e-2,1.682e-1,2.088e-8,6.367e-1,1.888e-19,1.540e-1,2.116e-22,1.644e+1,2.298e-20,5.827e-29,8.025e-20,8.375e-23,3.007e-1,2.637e+0,4.556e-1,3.299e+2,,3.259e+1,1.028e+2,,5.548e-4,4.366e-19,,1.103e-17,4.461e+2,,8.813e-20,,6.368e-19,,1.443e-18,,1.745e-1,,2.247e-17,,4.141e-18,1.208e-16
443.14,9.667e+2,5.027e-21,7.910e-18,1.902e-44,5.050e-16,,,1.678e-19,4.077e-3,,3.695e-15,5.824e-21,2.092e-26,1.033e-17,1.891e-21,1.301e-26,7.653e-21,2.482e-26,,1.019e+1,3.045e-20,3.965e-18,6.460e-2,2.143e-1,2.197e-8,6.297e-1,1.888e-19,1.700e-1,2.119e-22,1.705e+1,2.298e-20,5.827e-29,8.027e-20,8.375e-23,3.381e-1,2.225e+0,3.950e-1,3.211e+2,,3.049e+1,9.874e+1,,7.430e-4,4.370e-19,,1.106e-17,4.850e+2,,8.811e-20,,6.368e-19,,1.442e-18,,1.581e-1,,2.247e-17,,4.149e-18,1.208e-16
443.17,1.004e+3,5.033e-21,4.347e-18,1.916e-44,5.162e-16,,,1.681e-19,4.417e-3,,3.695e-15,5.838e-21,2.108e-26,1.033e-17,1.891e-21,6.238e-27,7.652e-21,2.439e-26,,1.102e+1,3.048e-20,3.936e-18,8.418e-2,3.059e-1,2.355e-8,6.176e-1,1.889e-19,1.958e-1,2.123e-22,1.790e+1,2.299e-20,5.828e-29,8.029e-20,8.377e-23,4.002e-1,1.711e+0,3.171e-1,3.059e+2,,2.739e+1,9.223e+1,,1.143e-3,4.375e-19,,1.110e-17,5.458e+2,,8.809e-20,,6.367e-19,,1.440e-18,,1.356e-1,,2.246e-17,,4.162e-18,1.208e-16
443.19,1.029e+3,5.037e-21,2.903e-18,1.925e-44,5.212e-16,,,1.682e-19,4.639e-3,,3.694e-15,5.848e-21,2.120e-26,1.033e-17,1.891e-21,3.803e-27,7.651e-21,2.411e-26,,1.159e+1,3.049e-20,3.898e-18,1.005e-1,3.860e-1,2.455e-8,6.082e-1,1.889e-19,2.141e-1,2.126e-22,1.839e+1,2.299e-20,5.828e-29,8.030e-20,8.378e-23,4.457e-1,1.429e+0,2.731e-1,2.948e+2,,2.539e+1,8.771e+1,,1.517e-3,4.379e-19,,1.113e-17,5.877e+2,,8.808e-20,,6.366e-19,,1.440e-18,,1.221e-1,,2.246e-17,,4.170e-18,1.209e-16
443.21,1.054e+3,5.042e-21,1.931e-18,1.934e-44,5.243e-16,,,1.684e-19,4.854e-3,,3.694e-15,5.857e-21,2.131e-26,1.033e-17,1.891e-21,2.309e-27,7.651e-21,2.383e-26,,1.218e+1,3.051e-20,3.845e-18,1.199e-1,4.851e-1,2.549e-8,5.979e-1,1.889e-19,2.331e-1,2.129e-22,1.883e+1,2.300e-20,5.829e-29,8.031e-20,8.379e-23,4.945e-1,1.189e+0,2.348e-1,2.830e+2,,2.344e+1,8.309e+1,,2.004e-3,4.383e-19,,1.116e-17,6.303e+2,,8.807e-20,,6.366e-19,,1.439e-18,,1.098e-1,,2.245e-17,,4.179e-18,1.209e-16
443.24,1.092e+3,5.048e-21,1.040e-18,1.948e-44,5.250e-16,,,1.687e-19,5.160e-3,,3.694e-15,5.871e-21,2.148e-26,1.033e-17,1.892e-21,1.085e-27,7.650e-21,2.340e-26,,1.306e+1,3.053e-20,3.740e-18,1.554e-1,6.786e-1,2.677e-8,5.804e-1,1.889e-19,2.631e-1,2.134e-22,1.935e+1,2.301e-20,5.829e-29,8.033e-20,8.380e-23,5.739e-1,8.959e-1,1.869e-1,2.642e+2,,2.064e+1,7.605e+1,,3.023e-3,4.389e-19,,1.121e-17,6.950e+2,,8.805e-20,,6.365e-19,,1.438e-18,,9.363e-2,,2.245e-17,,4.192e-18,1.209e-16
443.26,1.116e+3,5.053e-21,6.849e-19,1.957e-44,5.230e-16,,,1.688e-19,5.351e-3,,3.693e-15,5.881e-21,2.159e-26,1.033e-17,1.892e-21,6.521e-28,7.649e-21,2.312e-26,,1.364e+1,3.055e-20,3.653e-18,1.841e-1,8.447e-1,2.754e-8,5.674e-1,1.889e-19,2.838e-1,2.137e-22,1.962e+1,2.301e-20,5.830e-29,8.035e-20,8.381e-23,6.308e-1,7.381e-1,1.608e-1,2.511e+2,,1.888e+1,7.134e+1,,3.956e-3,4.392e-19,,1.124e-17,7.382e+2,,8.803e-20,,6.364e-19,,1.437e-18,,8.430e-2,,2.245e-17,,4.200e-18,1.209e-16
443.29,1.152e+3,5.059e-21,3.635e-19,1.971e-44,5.162e-16,,,1.691e-19,5.612e-3,,3.693e-15,5.895e-21,2.176e-26,1.033e-17,1.892e-21,3.018e-28,7.648e-21,2.269e-26,,1.450e+1,3.057e-20,3.502e-18,2.359e-1,1.165e+0,2.852e-8,5.460e-1,1.890e-19,3.157e-1,2.142e-22,1.988e+1,2.302e-20,5.830e-29,8.037e-20,8.382e-23,7.219e-1,5.480e-1,1.293e-1,2.310e+2,,1.639e+1,6.435e+1,,5.880e-3,4.398e-19,,1.128e-17,8.022e+2,,8.801e-20,,6.364e-19,,1.436e-18,,7.246e-2,,2.244e-17,,4.213e-18,1.210e-16
443.31,1.175e+3,5.063e-21,2.371e-19,1.980e-44,5.092e-16,,,1.693e-19,5.768e-3,,3.693e-15,5.904e-21,2.187e-26,1.033e-17,1.892e-21,1.797e-28,7.647e-21,2.241e-26,,1.505e+1,3.059e-20,3.387e-18,2.771e-1,1.436e+0,2.906e-8,5.305e-1,1.890e-19,3.373e-1,2.145e-22,1.996e+1,2.302e-20,5.831e-29,8.038e-20,8.383e-23,7.862e-1,4.472e-1,1.128e-1,2.175e+2,,1.485e+1,5.979e+1,,7.621e-3,4.402e-19,,1.131e-17,8.438e+2,,8.800e-20,,6.363e-19,,1.435e-18,,6.600e-2,,2.244e-17,,4.222e-18,1.210e-16
443.34,1.207e+3,5.070e-21,1.240e-19,1.993e-44,4.952e-16,,,1.695e-19,5.970e-3,,3.692e-15,5.919e-21,2.204e-26,1.033e-17,1.892e-21,8.194e-29,7.646e-21,2.198e-26,,1.581e+1,3.061e-20,3.200e-18,3.503e-1,1.951e+0,2.969e-8,5.055e-1,1.890e-19,3.697e-1,2.150e-22,1.993e+1,2.303e-20,5.831e-29,8.040e-20,8.385e-23,8.874e-1,3.271e-1,9.420e-2,1.972e+2,,1.271e+1,5.315e+1,,1.117e-2,4.408e-19,,1.136e-17,9.036e+2,,8.798e-20,,6.362e-19,,1.434e-18,,5.841e-2,,2.243e-17,,4.234e-18,1.210e-16
443.36,1.227e+3,5.074e-21,8.011e-20,2.003e-44,4.838e-16,,,1.697e-19,6.081e-3,,3.692e-15,5.928e-21,2.215e-26,1.033e-17,1.892e-21,4.831e-29,7.645e-21,2.170e-26,,1.628e+1,3.063e-20,3.066e-18,4.077e-1,2.382e+0,2.997e-8,4.879e-1,1.890e-19,3.912e-1,2.153e-22,1.981e+1,2.304e-20,5.831e-29,8.042e-20,8.385e-23,9.578e-1,2.643e-1,8.548e-2,1.838e+2,,1.140e+1,4.890e+1,,1.433e-2,4.412e-19,,1.139e-17,9.413e+2,,8.797e-20,,6.362e-19,,1.433e-18,,5.473e-2,,2.243e-17,,4.243e-18,1.211e-16
443.39,1.253e+3,5.081e-21,4.129e-20,2.016e-44,4.637e-16,,,1.699e-19,6.211e-3,,3.691e-15,5.942e-21,2.232e-26,1.033e-17,1.892e-21,2.171e-29,7.644e-21,2.128e-26,,1.690e+1,3.065e-20,2.854e-18,5.082e-1,3.189e+0,3.019e-8,4.602e-1,1.891e-19,4.226e-1,2.157e-22,1.950e+1,2.304e-20,5.832e-29,8.044e-20,8.387e-23,1.067e+0,1.906e-1,7.740e-2,1.643e+2,,9.622e+0,4.284e+1,,2.070e-2,4.417e-19,,1.143e-17,9.935e+2,,8.795e-20,,6.361e-19,,1.431e-18,,5.129e-2,,2.242e-17,,4.256e-18,1.211e-16
443.41,1.267e+3,5.085e-21,2.642e-20,2.025e-44,4.486e-16,,,1.701e-19,6.271e-3,,3.691e-15,5.952e-21,2.243e-26,1.033e-17,1.892e-21,1.267e-29,7.644e-21,2.099e-26,,1.725e+1,3.067e-20,2.707e-18,5.859e-1,3.856e+0,3.020e-8,4.410e-1,1.891e-19,4.428e-1,2.161e-22,1.920e+1,2.305e-20,5.832e-29,8.045e-20,8.388e-23,1.141e+0,1.525e-1,7.513e-2,1.516e+2,,8.552e+0,3.904e+1,,2.631e-2,4.421e-19,,1.146e-17,1.025e+3,,8.793e-20,,6.360e-19,,1.431e-18,,5.036e-2,,2.242e-17,,4.264e-18,1.211e-16
443.44,1.285e+3,5.091e-21,1.342e-20,2.039e-44,4.238e-16,,,1.704e-19,6.321e-3,,3.691e-15,5.966e-21,2.260e-26,1.033e-17,1.893e-21,5.611e-30,7.643e-21,2.057e-26,,1.767e+1,3.069e-20,2.484e-18,7.201e-1,5.090e+0,3.002e-8,4.114e-1,1.891e-19,4.714e-1,2.165e-22,1.862e+1,2.306e-20,5.833e-29,8.047e-20,8.389e-23,1.254e+0,1.083e-1,7.612e-2,1.335e+2,,7.114e+0,3.370e+1,,3.745e-2,4.427e-19,,1.151e-17,1.066e+3,,8.791e-20,,6.360e-19,,1.429e-18,,5.106e-2,,2.241e-17,,4.277e-18,1.211e-16
443.46,1.293e+3,5.096e-21,8.500e-21,2.048e-44,4.060e-16,,,1.705e-19,6.327e-3,,3.690e-15,5.975e-21,2.271e-26,1.033e-17,1.893e-21,3.244e-30,7.642e-21,2.029e-26,,1.788e+1,3.071e-20,2.334e-18,8.224e-1,6.095e+0,2.977e-8,3.914e-1,1.891e-19,4.891e-1,2.168e-22,1.815e+1,2.306e-20,5.833e-29,8.049e-20,8.390e-23,1.330e+0,8.584e-2,7.964e-2,1.221e+2,,6.263e+0,3.041e+1,,4.715e-2,4.431e-19,,1.154e-17,1.089e+3,,8.790e-20,,6.359e-19,,1.429e-18,,5.294e-2,,2.241e-17,,4.286e-18,1.212e-16
443.49,1.300e+3,5.102e-21,4.255e-21,2.062e-44,3.780e-16,,,1.708e-19,6.295e-3,,3.690e-15,5.989e-21,2.288e-26,1.033e-17,1.893e-21,1.415e-30,7.641e-21,1.986e-26,,1.807e+1,3.073e-20,2.110e-18,9.968e-1,7.928e+0,2.921e-8,3.611e-1,1.892e-19,5.132e-1,2.173e-22,1.735e+1,2.307e-20,5.834e-29,8.051e-20,8.391e-23,1.444e+0,6.010e-2,8.914e-2,1.059e+2,,5.137e+0,2.588e+1,,6.614e-2,4.436e-19,,1.158e-17,1.116e+3,,8.788e-20,,6.358e-19,,1.427e-18,,5.792e-2,,2.240e-17,,4.298e-18,1.212e-16
443.51,1.301e+3,5.107e-21,2.669e-21,2.071e-44,3.586e-16,,,1.710e-19,6.246e-3,,3.690e-15,5.999e-21,2.299e-26,1.033e-17,1.893e-21,8.102e-31,7.640e-21,1.958e-26,,1.811e+1,3.075e-20,1.963e-18,1.128e+0,9.402e+0,2.872e-8,3.410e-1,1.892e-19,5.274e-1,2.176e-22,1.675e+1,2.307e-20,5.834e-29,8.052e-20,8.392e-23,1.519e+0,4.715e-2,9.834e-2,9.590e+1,,4.480e+0,2.312e+1,,8.248e-2,4.440e-19,,1.161e-17,1.130e+3,,8.787e-20,,6.358e-19,,1.427e-18,,6.273e-2,,2.240e-17,,4.307e-18,1.212e-16
443.54,1.296e+3,5.113e-21,1.317e-21,2.085e-44,3.290e-16,,,1.712e-19,6.135e-3,,3.689e-15,6.013e-21,2.316e-26,1.033e-17,1.893e-21,3.446e-31,7.639e-21,1.915e-26,,1.805e+1,3.077e-20,1.749e-18,1.349e+0,1.205e+1,2.783e-8,3.112e-1,1.892e-19,5.454e-1,2.181e-22,1.578e+1,2.308e-20,5.835e-29,8.054e-20,8.394e-23,1.629e+0,3.253e-2,1.166e-1,8.201e+1,,3.624e+0,1.939e+1,,1.140e-1,4.446e-19,,1.166e-17,1.141e+3,,8.785e-20,,6.357e-19,,1.425e-18,,7.228e-2,,2.239e-17,,4.320e-18,1.213e-16
443.56,1.289e+3,5.117e-21,8.181e-22,2.094e-44,3.091e-16,,,1.714e-19,6.036e-3,,3.689e-15,6.022e-21,2.327e-26,1.033e-17,1.893e-21,1.954e-31,7.638e-21,1.887e-26,,1.792e+1,3.078e-20,1.612e-18,1.512e+0,1.416e+1,2.714e-8,2.917e-1,1.892e-19,5.550e-1,2.184e-22,1.509e+1,2.309e-20,5.835e-29,8.056e-20,8.394e-23,1.700e+0,2.528e-2,1.318e-1,7.353e+1,,3.132e+0,1.716e+1,,1.409e-1,4.450e-19,,1.169e-17,1.143e+3,,8.783e-20,,6.356e-19,,1.425e-18,,8.025e-2,,2.239e-17,,4.328e-18,1.213e-16
443.58,1.278e+3,5.122e-21,5.063e-22,2.103e-44,2.893e-16,,,1.716e-19,5.918e-3,,3.689e-15,6.032e-21,2.338e-26,1.033e-17,1.893e-21,1.104e-31,7.638e-21,1.859e-26,,1.773e+1,3.080e-20,1.479e-18,1.690e+0,1.656e+1,2.639e-8,2.727e-1,1.893e-19,5.626e-1,2.187e-22,1.437e+1,2.309e-20,5.836e-29,8.057e-20,8.395e-23,1.770e+0,1.956e-2,1.496e-1,6.567e+1,,2.698e+0,1.513e+1,,1.733e-1,4.453e-19,,1.172e-17,1.141e+3,,8.782e-20,,6.356e-19,,1.424e-18,,8.956e-2,,2.239e-17,,4.337e-18,1.213e-16
443.61,1.256e+3,5.128e-21,2.447e-22,2.117e-44,2.601e-16,,,1.718e-19,5.709e-3,,3.688e-15,6.046e-21,2.355e-26,1.033e-17,1.893e-21,4.649e-32,7.637e-21,1.816e-26,,1.732e+1,3.082e-20,1.291e-18,1.983e+0,2.081e+1,2.516e-8,2.453e-1,1.893e-19,5.701e-1,2.192e-22,1.326e+1,2.310e-20,5.836e-29,8.059e-20,8.397e-23,1.869e+0,1.322e-2,1.815e-1,5.502e+1,,2.144e+0,1.243e+1,,2.349e-1,4.459e-19,,1.176e-17,1.130e+3,,8.780e-20,,6.355e-19,,1.422e-18,,1.061e-1,,2.238e-17,,4.350e-18,1.213e-16
443.63,1.237e+3,5.132e-21,1.500e-22,2.126e-44,2.410e-16,,,1.720e-19,5.550e-3,,3.688e-15,6.056e-21,2.366e-26,1.033e-17,1.894e-21,2.600e-32,7.636e-21,1.788e-26,,1.698e+1,3.084e-20,1.174e-18,2.197e+0,2.411e+1,2.429e-8,2.278e-1,1.893e-19,5.723e-1,2.195e-22,1.251e+1,2.311e-20,5.837e-29,8.061e-20,8.398e-23,1.932e+0,1.013e-2,2.064e-1,4.866e+1,,1.834e+0,1.086e+1,,2.862e-1,4.463e-19,,1.179e-17,1.116e+3,,8.779e-20,,6.354e-19,,1.422e-18,,1.190e-1,,2.238e-17,,4.358e-18,1.214e-16
443.66,1.203e+3,5.139e-21,7.142e-23,2.140e-44,2.135e-16,,,1.722e-19,5.287e-3,,3.687e-15,6.070e-21,2.383e-26,1.033e-17,1.894e-21,2.263e-32,7.635e-21,1.745e-26,,1.635e+1,3.086e-20,1.010e-18,2.546e+0,2.985e+1,2.292e-8,2.031e-1,1.893e-19,5.715e-1,2.199e-22,1.138e+1,2.311e-20,5.837e-29,8.063e-20,8.399e-23,2.022e+0,6.750e-3,2.496e-1,4.018e+1,,1.445e+0,8.795e+0,,3.823e-1,4.469e-19,,1.184e-17,1.089e+3,,8.777e-20,,6.354e-19,,1.420e-18,,1.411e-1,,2.237e-17,,4.371e-18,1.214e-16
443.68,1.177e+3,5.143e-21,4.334e-23,2.149e-44,1.960e-16,,,1.724e-19,5.096e-3,,3.687e-15,6.079e-21,2.394e-26,1.033e-17,1.894e-21,2.038e-32,7.634e-21,3.102e-26,,1.587e+1,3.088e-20,9.088e-19,2.798e+0,3.425e+1,2.199e-8,1.877e-1,1.894e-19,5.682e-1,2.202e-22,1.063e+1,2.312e-20,5.838e-29,8.064e-20,8.400e-23,2.077e+0,5.123e-3,2.825e-1,3.519e+1,,1.232e+0,7.608e+0,,4.615e-1,4.473e-19,,1.187e-17,1.066e+3,,8.775e-20,,6.353e-19,,1.420e-18,,1.578e-1,,2.237e-17,,4.379e-18,1.214e-16
443.71,1.134e+3,5.150e-21,2.034e-23,2.162e-44,1.711e-16,,,1.727e-19,4.794e-3,,3.687e-15,6.093e-21,2.411e-26,1.033e-17,1.894e-21,1.702e-32,7.633e-21,7.300e-26,,1.507e+1,3.090e-20,7.705e-19,3.205e+0,4.179e+1,2.058e-8,1.664e-1,1.894e-19,5.592e-1,2.207e-22,9.524e+0,2.313e-20,5.838e-29,8.066e-20,8.401e-23,2.155e+0,3.363e-3,3.384e-1,2.863e+1,,9.720e-1,6.082e+0,,6.076e-1,4.478e-19,,1.191e-17,1.025e+3,,8.773e-20,,6.352e-19,,1.418e-18,,1.857e-1,,2.236e-17,,4.392e-18,1.214e-16
443.73,1.103e+3,5.154e-21,1.223e-23,2.171e-44,1.555e-16,,,1.728e-19,4.583e-3,,3.686e-15,6.103e-21,2.422e-26,1.033e-17,1.894e-21,1.477e-32,7.632e-21,1.285e-25,,1.449e+1,3.092e-20,6.868e-19,3.496e+0,4.749e+1,1.963e-8,1.533e-1,1.894e-19,5.506e-1,2.210e-22,8.811e+0,2.313e-20,5.838e-29,8.067e-20,8.402e-23,2.204e+0,2.527e-3,3.801e-1,2.484e+1,,8.348e-1,5.217e+0,,7.264e-1,4.482e-19,,1.194e-17,9.935e+2,,8.772e-20,,6.352e-19,,1.418e-18,,2.064e-1,,2.236e-17,,4.401e-18,1.215e-16
443.76,1.053e+3,5.161e-21,5.654e-24,2.185e-44,1.338e-16,,,1.731e-19,4.257e-3,,3.686e-15,6.117e-21,2.439e-26,1.033e-17,1.894e-21,1.140e-32,7.631e-21,2.981e-25,,1.356e+1,3.094e-20,5.738e-19,3.963e+0,5.712e+1,1.824e-8,1.356e-1,1.894e-19,5.340e-1,2.215e-22,7.783e+0,2.314e-20,5.839e-29,8.070e-20,8.404e-23,2.272e+0,1.635e-3,4.498e-1,1.991e+1,,6.763e-1,4.122e+0,,9.429e-1,4.488e-19,,1.199e-17,9.413e+2,,8.770e-20,,6.351e-19,,1.416e-18,,2.403e-1,,2.235e-17,,4.414e-18,1.215e-16
443.78,1.018e+3,5.165e-21,3.365e-24,2.194e-44,1.204e-16,,,1.732e-19,4.036e-3,,3.686e-15,6.126e-21,2.450e-26,1.033e-17,1.894e-21,9.153e-33,7.631e-21,5.199e-25,,1.291e+1,3.096e-20,5.066e-19,4.295e+0,6.429e+1,1.734e-8,1.251e-1,1.895e-19,5.208e-1,2.218e-22,7.130e+0,2.314e-20,5.839e-29,8.071e-20,8.404e-23,2.314e+0,1.217e-3,5.011e-1,1.711e+1,,5.994e-1,3.514e+0,,1.117e+0,4.492e-19,,1.202e-17,9.036e+2,,8.769e-20,,6.350e-19,,1.416e-18,,2.649e-1,,2.235e-17,,4.422e-18,1.215e-16
443.81,9.650e+2,5.171e-21,1.534e-24,2.208e-44,1.021e-16,,,1.735e-19,3.703e-3,,3.685e-15,6.141e-21,2.467e-26,1.033e-17,1.894e-21,5.784e-33,7.630e-21,1.189e-24,,1.191e+1,3.098e-20,4.171e-19,4.825e+0,7.620e+1,1.604e-8,1.111e-1,1.895e-19,4.979e-1,2.223e-22,6.206e+0,2.315e-20,5.840e-29,8.073e-20,8.406e-23,2.373e+0,7.754e-4,5.852e-1,1.352e+1,,5.235e-1,2.759e+0,,1.429e+0,4.497e-19,,1.206e-17,8.438e+2,,8.767e-20,,6.350e-19,,1.414e-18,,3.046e-1,,2.235e-17,,4.435e-18,1.216e-16
443.83,9.292e+2,5.176e-21,9.040e-25,2.217e-44,9.104e-17,,,1.737e-19,3.482e-3,,3.685e-15,6.150e-21,2.478e-26,1.033e-17,1.895e-21,3.538e-33,7.629e-21,2.053e-24,,1.123e+1,3.100e-20,3.646e-19,5.203e+0,8.493e+1,1.521e-8,1.031e-1,1.895e-19,4.809e-1,2.226e-22,5.631e+0,2.316e-20,5.840e-29,8.074e-20,8.407e-23,2.411e+0,5.715e-4,6.461e-1,1.150e+1,,4.977e-1,2.349e+0,,1.676e+0,4.501e-19,,1.209e-17,8.022e+2,,8.766e-20,,6.349e-19,,1.413e-18,,3.328e-1,,2.234e-17,,4.443e-18,1.216e-16
443.86,8.758e+2,5.182e-21,4.060e-25,2.231e-44,7.607e-17,,,1.739e-19,3.155e-3,,3.685e-15,6.164e-21,2.495e-26,1.033e-17,1.895e-21,8.367e-33,7.628e-21,4.627e-24,,1.021e+1,3.102e-20,2.959e-19,5.808e+0,9.922e+1,1.403e-8,9.279e-2,1.895e-19,4.532e-1,2.230e-22,4.830e+0,2.316e-20,5.841e-29,8.077e-20,8.408e-23,2.464e+0,3.590e-4,7.444e-1,8.954e+0,,4.954e-1,1.857e+0,,2.115e+0,4.507e-19,,1.214e-17,7.382e+2,,8.764e-20,,6.348e-19,,1.412e-18,,3.777e-1,,2.234e-17,,4.456e-18,1.216e-16
443.88,8.410e+2,5.186e-21,2.370e-25,2.240e-44,6.715e-17,,,1.741e-19,2.943e-3,,3.684e-15,6.174e-21,2.506e-26,1.033e-17,1.895e-21,1.478e-32,7.627e-21,7.916e-24,,9.541e+0,3.104e-20,2.561e-19,6.240e+0,1.095e+2,1.330e-8,8.707e-2,1.896e-19,4.336e-1,2.233e-22,4.340e+0,2.317e-20,5.841e-29,8.078e-20,8.409e-23,2.499e+0,2.620e-4,8.144e-1,7.543e+0,,5.182e-1,1.600e+0,,2.458e+0,4.511e-19,,1.217e-17,6.950e+2,,8.762e-20,,6.348e-19,,1.411e-18,,4.091e-1,,2.233e-17,,4.465e-18,1.216e-16
443.91,7.907e+2,5.193e-21,1.049e-25,2.254e-44,5.530e-17,,,1.744e-19,2.634e-3,,3.684e-15,6.188e-21,2.523e-26,1.033e-17,1.895e-21,3.446e-32,7.626e-21,1.759e-23,,8.551e+0,3.106e-20,2.048e-19,6.939e+0,1.261e+2,1.227e-8,8.012e-2,1.896e-19,4.029e-1,2.238e-22,3.669e+0,2.318e-20,5.842e-29,8.080e-20,8.410e-23,2.550e+0,1.622e-4,9.256e-1,5.789e+0,,5.910e-1,1.311e+0,,3.059e+0,4.516e-19,,1.221e-17,6.303e+2,,8.760e-20,,6.347e-19,,1.410e-18,,4.581e-1,,2.233e-17,,4.478e-18,1.217e-16
443.93,7.589e+2,5.197e-21,6.062e-26,2.263e-44,4.834e-17,,,1.745e-19,2.436e-3,,3.684e-15,6.197e-21,2.534e-26,1.033e-17,1.895e-21,6.030e-32,7.625e-21,2.980e-23,,7.911e+0,3.108e-20,1.756e-19,7.444e+0,1.379e+2,1.165e-8,7.649e-2,1.896e-19,3.820e-1,2.241e-22,3.265e+0,2.318e-20,5.842e-29,8.081e-20,8.411e-23,2.584e+0,1.172e-4,1.004e+0,4.829e+0,,6.671e-1,1.175e+0,,3.522e+0,4.520e-19,,1.225e-17,5.877e+2,,8.759e-20,,6.346e-19,,1.409e-18,,4.918e-1,,2.232e-17,,4.486e-18,1.217e-16
443.95,7.287e+2,5.202e-21,3.490e-26,2.272e-44,4.210e-17,,,1.747e-19,2.246e-3,,3.683e-15,6.207e-21,2.545e-26,1.033e-17,1.895e-21,1.051e-31,7.625e-21,5.030e-23,,7.291e+0,3.109e-20,1.500e-19,7.987e+0,1.501e+2,1.106e-8,7.362e-2,1.896e-19,3.608e-1,2.244e-22,2.894e+0,2.319e-20,5.843e-29,8.083e-20,8.412e-23,2.618e+0,8.437e-5,1.084e+0,4.012e+0,,7.675e-1,1.080e+0,,4.040e+0,4.524e-19,,1.228e-17,5.458e+2,,8.758e-20,,6.346e-19,,1.409e-18,,5.262e-1,,2.232e-17,,4.495e-18,1.217e-16
443.98,6.868e+2,5.208e-21,1.513e-26,2.286e-44,3.397e-17,,,1.749e-19,1.976e-3,,3.683e-15,6.221e-21,2.562e-26,1.033e-17,1.895e-21,2.402e-31,7.624e-21,1.095e-22,,6.404e+0,3.111e-20,1.175e-19,8.884e+0,1.694e+2,1.026e-8,7.058e-2,1.897e-19,3.292e-1,2.249e-22,2.397e+0,2.319e-20,5.843e-29,8.085e-20,8.413e-23,2.669e+0,5.116e-5,1.209e+0,3.017e+0,,9.690e-1,1.010e+0,,4.930e+0,4.530e-19,,1.232e-17,4.850e+2,,8.756e-20,,6.345e-19,,1.407e-18,,5.784e-1,,2.231e-17,,4.507e-18,1.218e-16
444,6.615e+2,5.212e-21,8.482e-27,2.295e-44,2.929e-17,,,1.751e-19,1.807e-3,,3.683e-15,6.230e-21,2.573e-26,1.033e-17,1.895e-21,4.147e-31,7.623e-21,1.831e-22,,5.845e+0,3.113e-20,9.936e-20,9.548e+0,1.827e+2,9.778e-9,6.933e-2,1.897e-19,3.084e-1,2.252e-22,2.104e+0,2.320e-20,5.844e-29,8.086e-20,8.414e-23,2.704e+0,3.647e-5,1.294e+0,2.483e+0,,1.142e+0,1.010e+0,,5.603e+0,4.533e-19,,1.235e-17,4.461e+2,,8.754e-20,,6.344e-19,,1.407e-18,,6.133e-1,,2.231e-17,,4.516e-18,1.218e-16
444.03,6.275e+2,5.219e-21,3.627e-27,2.308e-44,2.329e-17,,,1.754e-19,1.570e-3,,3.682e-15,6.244e-21,2.590e-26,1.033e-17,1.896e-21,9.340e-31,7.622e-21,3.930e-22,,5.061e+0,3.115e-20,7.672e-20,1.067e+1,2.031e+2,9.126e-9,6.845e-2,1.897e-19,2.782e-1,2.257e-22,1.717e+0,2.321e-20,5.844e-29,8.088e-20,8.416e-23,2.757e+0,2.179e-5,1.423e+0,1.840e+0,,1.468e+0,1.077e+0,,6.745e+0,4.539e-19,,1.240e-17,3.906e+2,,8.752e-20,,6.344e-19,,1.405e-18,,6.655e-1,,2.231e-17,,4.529e-18,1.218e-16
444.05,6.077e+2,5.223e-21,2.048e-27,2.317e-44,1.989e-17,,,1.755e-19,1.424e-3,,3.682e-15,6.254e-21,2.601e-26,1.033e-17,1.896e-21,1.597e-30,7.621e-21,6.507e-22,,4.576e+0,3.117e-20,6.425e-20,1.151e+1,2.169e+2,8.737e-9,6.843e-2,1.897e-19,2.589e-1,2.260e-22,1.493e+0,2.321e-20,5.844e-29,8.090e-20,8.417e-23,2.792e+0,1.539e-5,1.509e+0,1.499e+0,,1.736e+0,1.167e+0,,7.598e+0,4.543e-19,,1.243e-17,3.558e+2,,8.751e-20,,6.343e-19,,1.404e-18,,6.998e-1,,2.230e-17,,4.537e-18,1.218e-16
444.08,5.821e+2,5.230e-21,8.631e-28,2.331e-44,1.559e-17,,,1.758e-19,1.223e-3,,3.681e-15,6.268e-21,2.618e-26,1.033e-17,1.896e-21,3.546e-30,7.620e-21,1.377e-21,,3.905e+0,3.119e-20,4.889e-20,1.294e+1,2.377e+2,8.216e-9,6.911e-2,1.898e-19,2.316e-1,2.264e-22,1.201e+0,2.322e-20,5.845e-29,8.092e-20,8.418e-23,2.845e+0,9.060e-6,1.637e+0,1.095e+0,,2.228e+0,1.372e+0,,9.024e+0,4.549e-19,,1.247e-17,3.071e+2,,8.749e-20,,6.342e-19,,1.403e-18,,7.498e-1,,2.230e-17,,4.550e-18,1.219e-16
444.1,5.679e+2,5.234e-21,2.307e-28,2.340e-44,1.318e-17,,,1.760e-19,1.100e-3,,3.681e-15,6.277e-21,2.629e-26,1.033e-17,1.896e-21,6.006e-30,7.619e-21,2.258e-21,,3.498e+0,3.121e-20,4.055e-20,1.404e+1,2.515e+2,7.908e-9,6.994e-2,1.898e-19,2.148e-1,2.268e-22,1.034e+0,2.322e-20,5.845e-29,8.093e-20,8.419e-23,2.879e+0,6.334e-6,1.720e+0,8.834e-1,,2.623e+0,1.559e+0,,1.008e+1,4.553e-19,,1.250e-17,2.770e+2,,8.748e-20,,6.342e-19,,1.402e-18,,7.819e-1,,2.229e-17,,4.559e-18,1.219e-16
444.13,5.505e+2,5.240e-21,9.625e-29,2.354e-44,1.018e-17,,,1.762e-19,9.325e-4,,3.681e-15,6.292e-21,2.646e-26,1.033e-17,1.896e-21,1.314e-29,7.618e-21,4.708e-21,,2.944e+0,3.123e-20,3.041e-20,1.593e+1,2.716e+2,7.497e-9,7.160e-2,1.898e-19,1.919e-1,2.272e-22,8.196e-1,2.323e-20,5.846e-29,8.095e-20,8.420e-23,2.929e+0,3.675e-6,1.840e+0,6.357e-1,,3.334e+0,1.919e+0,,1.181e+1,4.558e-19,,1.255e-17,2.356e+2,,8.746e-20,,6.341e-19,,1.401e-18,,8.277e-1,,2.229e-17,,4.571e-18,1.219e-16
444.15,5.414e+2,5.245e-21,1.080e-28,2.363e-44,8.526e-18,,,1.764e-19,8.320e-4,,3.680e-15,6.301e-21,2.657e-26,1.033e-17,1.896e-21,2.205e-29,7.618e-21,7.648e-21,,2.612e+0,3.125e-20,2.497e-20,1.738e+1,2.845e+2,7.255e-9,7.289e-2,1.898e-19,1.784e-1,2.275e-22,6.986e-1,2.324e-20,5.846e-29,8.097e-20,8.421e-23,2.960e+0,2.544e-6,1.916e+0,5.080e-1,,3.896e+0,2.218e+0,,1.307e+1,4.562e-19,,1.258e-17,2.105e+2,,8.744e-20,,6.340e-19,,1.400e-18,,8.563e-1,,2.228e-17,,4.580e-18,1.219e-16
444.18,5.312e+2,5.251e-21,1.255e-28,2.377e-44,6.488e-18,,,1.766e-19,6.967e-4,,3.680e-15,6.315e-21,2.674e-26,1.033e-17,1.896e-21,4.757e-29,7.617e-21,1.572e-20,,2.169e+0,3.127e-20,1.846e-20,1.989e+1,3.029e+2,6.935e-9,7.498e-2,1.899e-19,1.610e-1,2.280e-22,5.459e-1,2.324e-20,5.847e-29,8.099e-20,8.423e-23,3.002e+0,1.455e-6,2.022e+0,3.603e-1,,4.890e+0,2.764e+0,,1.513e+1,4.568e-19,,1.262e-17,1.764e+2,,8.742e-20,,6.340e-19,,1.399e-18,,8.960e-1,,2.228e-17,,4.593e-18,1.220e-16
444.2,5.265e+2,5.255e-21,1.372e-28,2.386e-44,5.382e-18,,,1.768e-19,6.165e-4,,3.680e-15,6.325e-21,2.685e-26,1.033e-17,1.896e-21,7.904e-29,7.616e-21,2.529e-20,,1.908e+0,3.129e-20,1.501e-20,2.182e+1,3.142e+2,6.746e-9,7.639e-2,1.899e-19,1.515e-1,2.283e-22,4.608e-1,2.325e-20,5.847e-29,8.100e-20,8.423e-23,3.026e+0,9.974e-7,2.087e+0,2.851e-1,,5.664e+0,3.199e+0,,1.661e+1,4.572e-19,,1.265e-17,1.561e+2,,8.741e-20,,6.339e-19,,1.398e-18,,9.200e-1,,2.227e-17,,4.601e-18,1.220e-16
444.23,5.222e+2,5.262e-21,1.548e-28,2.400e-44,4.036e-18,,,1.771e-19,5.099e-4,,3.679e-15,6.339e-21,2.702e-26,1.033e-17,1.897e-21,1.681e-28,7.615e-21,5.125e-20,,1.565e+0,3.131e-20,1.093e-20,2.514e+1,3.297e+2,6.496e-9,7.841e-2,1.899e-19,1.408e-1,2.288e-22,3.548e-1,2.326e-20,5.848e-29,8.102e-20,8.425e-23,3.055e+0,5.620e-7,2.172e+0,1.993e-1,,7.013e+0,3.969e+0,,1.899e+1,4.577e-19,,1.270e-17,1.289e+2,,8.739e-20,,6.338e-19,,1.397e-18,,9.522e-1,,2.227e-17,,4.614e-18,1.220e-16
444.25,5.210e+2,5.266e-21,1.665e-28,2.409e-44,3.315e-18,,,1.772e-19,4.474e-4,,3.679e-15,6.348e-21,2.713e-26,1.033e-17,1.897e-21,2.766e-28,7.614e-21,8.167e-20,,1.367e+0,3.133e-20,8.806e-21,2.769e+1,3.387e+2,6.350e-9,7.963e-2,1.899e-19,1.361e-1,2.291e-22,2.967e-1,2.326e-20,5.848e-29,8.104e-20,8.426e-23,3.068e+0,3.815e-7,2.221e+0,1.562e-1,,8.049e+0,4.568e+0,,2.068e+1,4.581e-19,,1.273e-17,1.130e+2,,8.738e-20,,6.338e-19,,1.396e-18,,9.709e-1,,2.227e-17,,4.623e-18,1.221e-16
444.28,5.211e+2,5.273e-21,1.841e-28,2.422e-44,2.450e-18,,,1.775e-19,3.655e-4,,3.679e-15,6.362e-21,2.730e-26,1.033e-17,1.897e-21,5.798e-28,7.613e-21,1.631e-19,,1.112e+0,3.135e-20,6.320e-21,3.204e+1,3.502e+2,6.155e-9,8.118e-2,1.900e-19,1.331e-1,2.295e-22,2.251e-1,2.327e-20,5.849e-29,8.106e-20,8.427e-23,3.077e+0,2.119e-7,2.280e+0,1.076e-1,,9.828e+0,5.609e+0,,2.336e+1,4.587e-19,,1.277e-17,9.197e+1,,8.736e-20,,6.337e-19,,1.395e-18,,9.947e-1,,2.226e-17,,4.635e-18,1.221e-16
444.3,5.222e+2,5.277e-21,1.958e-28,2.432e-44,1.993e-18,,,1.777e-19,3.180e-4,,3.678e-15,6.372e-21,2.741e-26,1.033e-17,1.897e-21,9.451e-28,7.612e-21,2.575e-19,,9.681e-1,3.137e-20,5.042e-21,3.534e+1,3.564e+2,6.039e-9,8.198e-2,1.900e-19,1.340e-1,2.299e-22,1.864e-1,2.327e-20,5.849e-29,8.107e-20,8.428e-23,3.075e+0,1.424e-7,2.310e+0,8.349e-2,,1.117e+1,6.404e+0,,2.524e+1,4.591e-19,,1.280e-17,7.980e+1,,8.734e-20,,6.336e-19,,1.394e-18,,1.008e+0,,2.226e-17,,4.644e-18,1.221e-16
444.32,5.241e+2,5.281e-21,2.075e-28,2.441e-44,1.615e-18,,,1.778e-19,2.758e-4,,3.678e-15,6.381e-21,2.753e-26,1.033e-17,1.897e-21,1.535e-27,7.612e-21,4.048e-19,,8.435e-1,3.138e-20,4.006e-21,3.899e+1,3.613e+2,5.934e-9,8.255e-2,1.900e-19,1.373e-1,2.302e-22,1.537e-1,2.328e-20,5.850e-29,8.108e-20,8.429e-23,3.067e+0,9.538e-8,2.331e+0,6.455e-2,,1.266e+1,7.286e+0,,2.720e+1,4.594e-19,,1.283e-17,6.897e+1,,8.733e-20,,6.336e-19,,1.393e-18,,1.019e+0,,2.225e-17,,4.652e-18,1.221e-16
444.35,5.279e+2,5.288e-21,2.250e-28,2.454e-44,1.170e-18,,,1.781e-19,2.214e-4,,3.678e-15,6.396e-21,2.769e-26,1.033e-17,1.897e-21,3.153e-27,7.611e-21,7.924e-19,,6.900e-1,3.141e-20,2.817e-21,4.515e+1,3.660e+2,5.793e-9,8.295e-2,1.900e-19,1.471e-1,2.306e-22,1.143e-1,2.329e-20,5.850e-29,8.111e-20,8.430e-23,3.040e+0,5.188e-8,2.348e+0,4.356e-2,,1.516e+1,8.783e+0,,3.026e+1,4.600e-19,,1.288e-17,5.502e+1,,8.731e-20,,6.335e-19,,1.392e-18,,1.031e+0,,2.225e-17,,4.665e-18,1.222e-16
444.37,5.309e+2,5.292e-21,2.368e-28,2.463e-44,9.386e-19,,,1.783e-19,1.904e-4,,3.677e-15,6.405e-21,2.781e-26,1.033e-17,1.897e-21,5.071e-27,7.610e-21,1.234e-18,,6.084e-1,3.142e-20,2.217e-21,4.974e+1,3.674e+2,5.708e-9,8.289e-2,1.900e-19,1.572e-1,2.309e-22,9.334e-2,2.329e-20,5.850e-29,8.112e-20,8.431e-23,3.013e+0,3.441e-8,2.349e+0,3.335e-2,,1.701e+1,9.901e+0,,3.238e+1,4.604e-19,,1.291e-17,4.709e+1,,8.730e-20,,6.335e-19,,1.391e-18,,1.036e+0,,2.224e-17,,4.674e-18,1.222e-16
444.4,5.360e+2,5.299e-21,2.543e-28,2.477e-44,6.698e-19,,,1.785e-19,1.508e-4,,3.677e-15,6.419e-21,2.797e-26,1.033e-17,1.897e-21,1.027e-26,7.609e-21,2.381e-18,,5.147e-1,3.144e-20,1.536e-21,5.742e+1,3.669e+2,5.591e-9,8.227e-2,1.901e-19,1.779e-1,2.314e-22,6.839e-2,2.330e-20,5.851e-29,8.114e-20,8.432e-23,2.958e+0,1.844e-8,2.333e+0,2.218e-2,,2.008e+1,1.177e+1,,3.566e+1,4.610e-19,,1.295e-17,3.702e+1,,8.728e-20,,6.334e-19,,1.390e-18,,1.040e+0,,2.224e-17,,4.687e-18,1.222e-16
444.42,5.397e+2,5.303e-21,2.660e-28,2.486e-44,5.323e-19,,,1.787e-19,1.286e-4,,3.677e-15,6.429e-21,2.809e-26,1.033e-17,1.898e-21,1.636e-26,7.608e-21,3.673e-18,,4.704e-1,3.146e-20,1.197e-21,6.307e+1,3.648e+2,5.518e-9,8.151e-2,1.901e-19,1.957e-1,2.317e-22,5.532e-2,2.330e-20,5.851e-29,8.115e-20,8.433e-23,2.911e+0,1.211e-8,2.312e+0,1.681e-2,,2.233e+1,1.314e+1,,3.791e+1,4.614e-19,,1.298e-17,3.138e+1,,8.726e-20,,6.333e-19,,1.389e-18,,1.041e+0,,2.223e-17,,4.695e-18,1.222e-16
444.45,5.454e+2,5.309e-21,2.836e-28,2.500e-44,3.743e-19,,,1.789e-19,1.006e-4,,3.676e-15,6.443e-21,2.825e-26,1.033e-17,1.898e-21,3.265e-26,7.607e-21,6.986e-18,,4.297e-1,3.148e-20,8.174e-22,7.238e+1,3.590e+2,5.414e-9,7.984e-2,1.901e-19,2.289e-1,2.322e-22,3.994e-2,2.331e-20,5.852e-29,8.117e-20,8.435e-23,2.826e+0,6.398e-9,2.266e+0,1.102e-2,,2.599e+1,1.540e+1,,4.137e+1,4.619e-19,,1.303e-17,2.431e+1,,8.724e-20,,6.332e-19,,1.388e-18,,1.039e+0,,2.223e-17,,4.708e-18,1.223e-16
444.47,5.492e+2,5.314e-21,2.953e-28,2.509e-44,2.946e-19,,,1.791e-19,8.505e-5,,3.676e-15,6.452e-21,2.837e-26,1.033e-17,1.898e-21,5.152e-26,7.606e-21,1.067e-17,,4.194e-1,3.150e-20,6.308e-22,7.916e+1,3.535e+2,5.347e-9,7.839e-2,1.901e-19,2.557e-1,2.325e-22,3.199e-2,2.332e-20,5.852e-29,8.119e-20,8.436e-23,2.761e+0,4.161e-9,2.225e+0,8.273e-3,,2.863e+1,1.703e+1,,4.372e+1,4.623e-19,,1.306e-17,2.041e+1,,8.723e-20,,6.332e-19,,1.387e-18,,1.036e+0,,2.222e-17,,4.716e-18,1.223e-16
444.5,5.551e+2,5.320e-21,3.129e-28,2.523e-44,2.042e-19,,,1.794e-19,6.568e-5,,3.675e-15,6.466e-21,2.853e-26,1.033e-17,1.898e-21,1.014e-25,7.605e-21,2.001e-17,,4.292e-1,3.152e-20,4.246e-22,9.016e+1,3.428e+2,5.247e-9,7.573e-2,1.902e-19,3.031e-1,2.330e-22,2.277e-2,2.332e-20,5.853e-29,8.121e-20,8.437e-23,2.649e+0,2.166e-9,2.150e+0,5.343e-3,,3.286e+1,1.968e+1,,4.732e+1,4.629e-19,,1.310e-17,1.558e+1,,8.721e-20,,6.331e-19,,1.386e-18,,1.029e+0,,2.222e-17,,4.729e-18,1.223e-16
444.52,5.591e+2,5.325e-21,3.246e-28,2.532e-44,1.591e-19,,,1.795e-19,5.504e-5,,3.675e-15,6.476e-21,2.865e-26,1.033e-17,1.898e-21,1.584e-25,7.605e-21,3.028e-17,,4.530e-1,3.154e-20,3.245e-22,9.805e+1,3.343e+2,5.178e-9,7.367e-2,1.902e-19,3.398e-1,2.333e-22,1.806e-2,2.333e-20,5.853e-29,8.122e-20,8.438e-23,2.566e+0,1.395e-9,2.093e+0,3.973e-3,,3.586e+1,2.156e+1,,4.976e+1,4.633e-19,,1.313e-17,1.295e+1,,8.720e-20,,6.330e-19,,1.385e-18,,1.024e+0,,2.222e-17,,4.738e-18,1.224e-16
444.55,5.651e+2,5.331e-21,3.421e-28,2.546e-44,1.087e-19,,,1.798e-19,4.195e-5,,3.675e-15,6.490e-21,2.881e-26,1.033e-17,1.898e-21,3.073e-25,7.604e-21,5.595e-17,,5.158e-1,3.156e-20,2.152e-22,1.107e+2,3.196e+2,5.072e-9,7.018e-2,1.902e-19,4.030e-1,2.337e-22,1.267e-2,2.334e-20,5.854e-29,8.124e-20,8.439e-23,2.432e+0,7.155e-10,1.995e+0,2.528e-3,,4.059e+1,2.455e+1,,5.346e+1,4.638e-19,,1.318e-17,9.746e+0,,8.718e-20,,6.330e-19,,1.384e-18,,1.014e+0,,2.221e-17,,4.751e-18,1.224e-16
444.57,5.692e+2,5.335e-21,3.538e-28,2.555e-44,8.389e-20,,,1.800e-19,3.485e-5,,3.674e-15,6.499e-21,2.893e-26,1.033e-17,1.898e-21,4.757e-25,7.603e-21,8.386e-17,,5.770e-1,3.158e-20,1.629e-22,1.196e+2,3.086e+2,4.997e-9,6.763e-2,1.902e-19,4.507e-1,2.340e-22,9.950e-3,2.334e-20,5.854e-29,8.126e-20,8.440e-23,2.336e+0,4.563e-10,1.924e+0,1.862e-3,,4.388e+1,2.664e+1,,5.596e+1,4.642e-19,,1.321e-17,8.024e+0,,8.716e-20,,6.329e-19,,1.383e-18,,1.007e+0,,2.221e-17,,4.759e-18,1.224e-16
444.6,5.754e+2,5.342e-21,3.714e-28,2.568e-44,5.647e-20,,,1.802e-19,2.622e-5,,3.674e-15,6.514e-21,2.909e-26,1.033e-17,1.898e-21,9.095e-25,7.602e-21,1.528e-16,,7.004e-1,3.160e-20,1.065e-22,1.337e+2,2.908e+2,4.876e-9,6.352e-2,1.903e-19,5.309e-1,2.345e-22,6.877e-3,2.335e-20,5.855e-29,8.128e-20,8.442e-23,2.185e+0,2.306e-10,1.810e+0,1.168e-3,,4.898e+1,2.991e+1,,5.974e+1,4.648e-19,,1.325e-17,5.950e+0,,8.714e-20,,6.328e-19,,1.382e-18,,9.975e-1,,2.220e-17,,4.772e-18,1.225e-16
444.62,5.797e+2,5.346e-21,3.831e-28,2.578e-44,4.316e-20,,,1.804e-19,2.159e-5,,3.674e-15,6.523e-21,2.921e-26,1.033e-17,1.899e-21,1.394e-24,7.601e-21,2.268e-16,,8.057e-1,3.162e-20,7.978e-23,1.436e+2,2.781e+2,4.789e-9,6.064e-2,1.903e-19,5.903e-1,2.348e-22,5.350e-3,2.335e-20,5.855e-29,8.129e-20,8.442e-23,2.081e+0,1.457e-10,1.730e+0,8.515e-4,,5.247e+1,3.216e+1,,6.229e+1,4.652e-19,,1.328e-17,4.851e+0,,8.713e-20,,6.328e-19,,1.381e-18,,9.911e-1,,2.220e-17,,4.780e-18,1.225e-16
444.65,5.864e+2,5.353e-21,4.007e-28,2.591e-44,2.863e-20,,,1.806e-19,1.603e-5,,3.673e-15,6.537e-21,2.937e-26,1.033e-17,1.899e-21,2.628e-24,7.600e-21,4.072e-16,,1.002e+0,3.164e-20,5.139e-23,1.589e+2,2.583e+2,4.648e-9,5.615e-2,1.903e-19,6.882e-1,2.353e-22,3.644e-3,2.336e-20,5.856e-29,8.131e-20,8.444e-23,1.920e+0,7.256e-11,1.605e+0,5.263e-4,,5.775e+1,3.559e+1,,6.613e+1,4.657e-19,,1.333e-17,3.546e+0,,8.711e-20,,6.327e-19,,1.380e-18,,9.828e-1,,2.219e-17,,4.793e-18,1.225e-16
444.67,5.910e+2,5.357e-21,4.124e-28,2.600e-44,2.167e-20,,,1.808e-19,1.308e-5,,3.673e-15,6.547e-21,2.949e-26,1.033e-17,1.899e-21,3.990e-24,7.599e-21,5.986e-16,,1.162e+0,3.166e-20,3.814e-23,1.694e+2,2.446e+2,4.546e-9,5.310e-2,1.903e-19,7.594e-1,2.356e-22,2.808e-3,2.337e-20,5.856e-29,8.133e-20,8.445e-23,1.812e+0,4.537e-11,1.521e+0,3.801e-4,,6.129e+1,3.790e+1,,6.870e+1,4.661e-19,,1.336e-17,2.863e+0,,8.710e-20,,6.326e-19,,1.379e-18,,9.783e-1,,2.219e-17,,4.802e-18,1.225e-16
444.69,5.958e+2,5.361e-21,4.241e-28,2.609e-44,1.634e-20,,,1.810e-19,1.064e-5,,3.673e-15,6.556e-21,2.960e-26,1.032e-17,1.899e-21,6.036e-24,7.599e-21,8.768e-16,,1.346e+0,3.167e-20,2.820e-23,1.801e+2,2.308e+2,4.438e-9,5.003e-2,1.904e-19,8.351e-1,2.359e-22,2.155e-3,2.337e-20,5.856e-29,8.134e-20,8.446e-23,1.704e+0,2.826e-11,1.436e+0,2.734e-4,,6.479e+1,4.021e+1,,7.128e+1,4.665e-19,,1.339e-17,2.302e+0,,8.709e-20,,6.326e-19,,1.378e-18,,9.749e-1,,2.218e-17,,4.810e-18,1.226e-16
444.72,6.032e+2,5.368e-21,4.417e-28,2.623e-44,1.062e-20,,,1.812e-19,7.751e-6,,3.672e-15,6.570e-21,2.977e-26,1.032e-17,1.899e-21,1.115e-23,7.598e-21,1.543e-15,,1.675e+0,3.170e-20,1.780e-23,1.963e+2,2.100e+2,4.263e-9,4.543e-2,1.904e-19,9.571e-1,2.364e-22,1.439e-3,2.338e-20,5.857e-29,8.136e-20,8.447e-23,1.542e+0,1.379e-11,1.309e+0,1.656e-4,,6.995e+1,4.364e+1,,7.517e+1,4.671e-19,,1.343e-17,1.649e+0,,8.707e-20,,6.325e-19,,1.377e-18,,9.723e-1,,2.218e-17,,4.823e-18,1.226e-16
444.74,6.083e+2,5.372e-21,4.534e-28,2.632e-44,7.930e-21,,,1.814e-19,6.247e-6,,3.672e-15,6.580e-21,2.988e-26,1.032e-17,1.899e-21,1.670e-23,7.597e-21,2.238e-15,,1.932e+0,3.171e-20,1.303e-23,2.073e+2,1.962e+2,4.139e-9,4.242e-2,1.904e-19,1.044e+0,2.367e-22,1.094e-3,2.339e-20,5.857e-29,8.138e-20,8.448e-23,1.437e+0,8.508e-12,1.225e+0,1.179e-4,,7.327e+1,4.587e+1,,7.775e+1,4.675e-19,,1.346e-17,1.313e+0,,8.705e-20,,6.325e-19,,1.376e-18,,9.726e-1,,2.218e-17,,4.832e-18,1.226e-16
444.77,6.162e+2,5.379e-21,4.709e-28,2.646e-44,5.079e-21,,,1.817e-19,4.490e-6,,3.671e-15,6.594e-21,3.005e-26,1.032e-17,1.899e-21,3.042e-23,7.596e-21,3.883e-15,,2.381e+0,3.174e-20,8.104e-24,2.236e+2,1.760e+2,3.940e-9,3.802e-2,1.904e-19,1.181e+0,2.372e-22,7.211e-4,2.339e-20,5.858e-29,8.140e-20,8.449e-23,1.283e+0,4.092e-12,1.104e+0,7.038e-5,,7.801e+1,4.908e+1,,8.162e+1,4.680e-19,,1.351e-17,9.267e-1,,8.703e-20,,6.324e-19,,1.375e-18,,9.764e-1,,2.217e-17,,4.844e-18,1.226e-16
444.79,6.215e+2,5.383e-21,4.826e-28,2.655e-44,3.756e-21,,,1.818e-19,3.587e-6,,3.671e-15,6.603e-21,3.016e-26,1.032e-17,1.899e-21,4.514e-23,7.595e-21,5.579e-15,,2.725e+0,3.175e-20,5.876e-24,2.345e+2,1.628e+2,3.800e-9,3.520e-2,1.905e-19,1.276e+0,2.375e-22,5.445e-4,2.340e-20,5.858e-29,8.141e-20,8.450e-23,1.184e+0,2.499e-12,1.026e+0,4.965e-5,,8.097e+1,5.111e+1,,8.418e+1,4.684e-19,,1.354e-17,7.310e-1,,8.702e-20,,6.323e-19,,1.374e-18,,9.816e-1,,2.217e-17,,4.853e-18,1.227e-16
444.82,6.295e+2,5.389e-21,5.002e-28,2.669e-44,2.371e-21,,,1.821e-19,2.543e-6,,3.671e-15,6.617e-21,3.033e-26,1.032e-17,1.900e-21,8.101e-23,7.594e-21,9.540e-15,,3.316e+0,3.177e-20,3.602e-24,2.504e+2,1.439e+2,3.581e-9,3.119e-2,1.905e-19,1.425e+0,2.379e-22,3.568e-4,2.341e-20,5.859e-29,8.143e-20,8.451e-23,1.042e+0,1.184e-12,9.139e-1,2.920e-5,,8.503e+1,5.394e+1,,8.796e+1,4.690e-19,,1.358e-17,5.084e-1,,8.700e-20,,6.322e-19,,1.373e-18,,9.935e-1,,2.216e-17,,4.866e-18,1.227e-16
444.84,6.348e+2,5.394e-21,5.119e-28,2.678e-44,1.736e-21,,,1.822e-19,2.013e-6,,3.670e-15,6.627e-21,3.044e-26,1.032e-17,1.900e-21,1.191e-22,7.593e-21,1.358e-14,,3.763e+0,3.179e-20,2.586e-24,2.608e+2,1.319e+2,3.430e-9,2.868e-2,1.905e-19,1.527e+0,2.382e-22,2.702e-4,2.341e-20,5.859e-29,8.145e-20,8.452e-23,9.525e-1,7.165e-13,8.437e-1,2.040e-5,,8.746e+1,5.565e+1,,9.044e+1,4.694e-19,,1.361e-17,3.971e-1,,8.699e-20,,6.322e-19,,1.372e-18,,1.004e+0,,2.216e-17,,4.874e-18,1.227e-16
444.87,6.424e+2,5.400e-21,5.295e-28,2.692e-44,1.080e-21,,,1.825e-19,1.408e-6,,3.670e-15,6.641e-21,3.061e-26,1.032e-17,1.900e-21,2.107e-22,7.592e-21,2.288e-14,,4.517e+0,3.181e-20,1.562e-24,2.758e+2,1.149e+2,3.196e-9,2.519e-2,1.905e-19,1.684e+0,2.387e-22,1.819e-4,2.342e-20,5.860e-29,8.147e-20,8.454e-23,8.266e-1,3.346e-13,7.454e-1,1.182e-5,,9.060e+1,5.793e+1,,9.406e+1,4.699e-19,,1.366e-17,2.722e-1,,8.697e-20,,6.321e-19,,1.371e-18,,1.025e+0,,2.215e-17,,4.887e-18,1.228e-16
444.89,6.473e+2,5.404e-21,5.412e-28,2.701e-44,7.832e-22,,,1.827e-19,1.104e-6,,3.670e-15,6.651e-21,3.072e-26,1.032e-17,1.900e-21,3.067e-22,7.592e-21,3.225e-14,,5.078e+0,3.183e-20,1.111e-24,2.854e+2,1.043e+2,3.037e-9,2.308e-2,1.906e-19,1.789e+0,2.390e-22,1.443e-4,2.342e-20,5.860e-29,8.148e-20,8.455e-23,7.485e-1,2.004e-13,6.850e-1,8.179e-6,,9.234e+1,5.923e+1,,9.639e+1,4.703e-19,,1.369e-17,2.106e-1,,8.695e-20,,6.321e-19,,1.370e-18,,1.043e+0,,2.215e-17,,4.896e-18,1.228e-16
444.92,6.540e+2,5.411e-21,5.588e-28,2.714e-44,4.801e-22,,,1.829e-19,7.617e-7,,3.669e-15,6.665e-21,3.089e-26,1.032e-17,1.900e-21,5.348e-22,7.591e-21,5.359e-14,,6.011e+0,3.185e-20,6.612e-25,2.991e+2,8.954e+1,2.797e-9,2.023e-2,1.906e-19,1.947e+0,2.395e-22,1.126e-4,2.343e-20,5.861e-29,8.150e-20,8.456e-23,6.403e-1,9.224e-14,6.021e-1,4.672e-6,,9.439e+1,6.083e+1,,9.972e+1,4.709e-19,,1.373e-17,1.422e-1,,8.693e-20,,6.320e-19,,1.369e-18,,1.073e+0,,2.214e-17,,4.908e-18,1.228e-16
444.94,6.579e+2,5.415e-21,5.705e-28,2.724e-44,3.448e-22,,,1.831e-19,5.919e-7,,3.669e-15,6.674e-21,3.100e-26,1.032e-17,1.900e-21,7.712e-22,7.590e-21,7.481e-14,,6.694e+0,3.187e-20,4.656e-25,3.076e+2,8.049e+1,2.637e-9,1.858e-2,1.906e-19,2.052e+0,2.398e-22,1.056e-4,2.344e-20,5.861e-29,8.151e-20,8.457e-23,5.743e-1,5.471e-14,5.523e-1,3.200e-6,,9.535e+1,6.164e+1,,1.018e+2,4.713e-19,,1.376e-17,1.090e-1,,8.692e-20,,6.319e-19,,1.368e-18,,1.097e+0,,2.214e-17,,4.917e-18,1.228e-16
444.97,6.631e+2,5.422e-21,5.880e-28,2.737e-44,2.083e-22,,,1.834e-19,4.027e-7,,3.669e-15,6.688e-21,3.117e-26,1.032e-17,1.900e-21,1.326e-21,7.589e-21,1.225e-13,,7.811e+0,3.189e-20,2.731e-25,3.194e+2,6.810e+1,2.398e-9,1.646e-2,1.906e-19,2.206e+0,2.403e-22,1.150e-4,2.344e-20,5.862e-29,8.154e-20,8.458e-23,4.843e-1,2.481e-14,4.856e-1,1.802e-6,,9.619e+1,6.246e+1,,1.047e+2,4.718e-19,,1.381e-17,7.254e-2,,8.690e-20,,6.318e-19,,1.367e-18,,1.137e+0,,2.213e-17,,4.930e-18,1.229e-16
444.99,6.658e+2,5.426e-21,5.997e-28,2.746e-44,1.482e-22,,,1.835e-19,3.101e-7,,3.668e-15,6.698e-21,3.128e-26,1.032e-17,1.900e-21,1.893e-21,7.588e-21,1.694e-13,,8.616e+0,3.191e-20,1.905e-25,3.266e+2,6.063e+1,2.242e-9,1.531e-2,1.907e-19,2.306e+0,2.406e-22,1.357e-4,2.345e-20,5.862e-29,8.155e-20,8.459e-23,4.302e-1,1.457e-14,4.465e-1,1.222e-6,,9.634e+1,6.273e+1,,1.065e+2,4.722e-19,,1.384e-17,5.504e-2,,8.689e-20,,6.318e-19,,1.366e-18,,1.166e+0,,2.213e-17,,4.938e-18,1.229e-16
445.02,6.688e+2,5.433e-21,6.173e-28,2.760e-44,8.821e-23,,,1.838e-19,2.080e-7,,3.668e-15,6.712e-21,3.145e-26,1.032e-17,1.901e-21,3.208e-21,7.587e-21,2.735e-13,,9.912e+0,3.193e-20,1.101e-25,3.364e+2,5.056e+1,2.012e-9,1.399e-2,1.907e-19,2.450e+0,2.410e-22,1.931e-4,2.346e-20,5.863e-29,8.157e-20,8.461e-23,3.576e-1,6.513e-15,3.956e-1,6.780e-7,,9.596e+1,6.274e+1,,1.088e+2,4.728e-19,,1.388e-17,3.611e-2,,8.687e-20,,6.317e-19,,1.365e-18,,1.214e+0,,2.212e-17,,4.951e-18,1.229e-16
445.04,6.700e+2,5.437e-21,6.290e-28,2.769e-44,6.213e-23,,,1.839e-19,1.587e-7,,3.668e-15,6.721e-21,3.156e-26,1.032e-17,1.901e-21,4.539e-21,7.586e-21,3.746e-13,,1.083e+1,3.195e-20,7.604e-26,3.422e+2,4.457e+1,1.864e-9,1.339e-2,1.907e-19,2.542e+0,2.413e-22,2.539e-4,2.346e-20,5.863e-29,8.158e-20,8.461e-23,3.146e-1,3.789e-15,3.666e-1,4.555e-7,,9.533e+1,6.247e+1,,1.101e+2,4.732e-19,,1.392e-17,2.713e-2,,8.685e-20,,6.316e-19,,1.364e-18,,1.248e+0,,2.212e-17,,4.960e-18,1.230e-16
445.07,6.705e+2,5.443e-21,6.466e-28,2.783e-44,3.645e-23,,,1.842e-19,1.050e-7,,3.667e-15,6.735e-21,3.173e-26,1.032e-17,1.901e-21,7.581e-21,7.585e-21,5.961e-13,,1.228e+1,3.197e-20,4.332e-26,3.498e+2,3.663e+1,1.652e-9,1.294e-2,1.907e-19,2.672e+0,2.418e-22,3.921e-4,2.347e-20,5.864e-29,8.161e-20,8.463e-23,2.577e-1,1.669e-15,3.302e-1,2.490e-7,,9.383e+1,6.169e+1,,1.117e+2,4.737e-19,,1.396e-17,1.754e-2,,8.683e-20,,6.316e-19,,1.363e-18,,1.302e+0,,2.212e-17,,4.972e-18,1.230e-16
445.09,6.699e+2,5.448e-21,6.583e-28,2.792e-44,2.543e-23,,,1.844e-19,7.934e-8,,3.667e-15,6.745e-21,3.184e-26,1.032e-17,1.901e-21,1.062e-20,7.585e-21,8.086e-13,,1.329e+1,3.199e-20,2.963e-26,3.541e+2,3.199e+1,1.517e-9,1.296e-2,1.908e-19,2.752e+0,2.421e-22,5.267e-4,2.347e-20,5.864e-29,8.162e-20,8.464e-23,2.246e-1,9.611e-16,3.103e-1,1.657e-7,,9.251e+1,6.091e+1,,1.125e+2,4.741e-19,,1.399e-17,1.305e-2,,8.682e-20,,6.315e-19,,1.362e-18,,1.339e+0,,2.211e-17,,4.981e-18,1.230e-16
445.11,6.686e+2,5.452e-21,6.700e-28,2.801e-44,1.767e-23,,,1.845e-19,5.973e-8,,3.667e-15,6.754e-21,3.195e-26,1.032e-17,1.901e-21,1.482e-20,7.584e-21,1.093e-12,,1.433e+1,3.200e-20,2.018e-26,3.578e+2,2.782e+1,1.388e-9,1.323e-2,1.908e-19,2.827e+0,2.424e-22,7.075e-4,2.348e-20,5.864e-29,8.163e-20,8.465e-23,1.949e-1,5.515e-16,2.937e-1,1.098e-7,,9.095e+1,5.995e+1,,1.130e+2,4.745e-19,,1.402e-17,9.675e-3,,8.681e-20,,6.315e-19,,1.361e-18,,1.376e+0,,2.211e-17,,4.989e-18,1.230e-16
445.14,6.652e+2,5.458e-21,6.876e-28,2.815e-44,1.016e-23,,,1.848e-19,3.875e-8,,3.666e-15,6.769e-21,3.212e-26,1.032e-17,1.901e-21,2.427e-20,7.583e-21,1.704e-12,,1.593e+1,3.203e-20,1.127e-26,3.622e+2,2.241e+1,1.206e-9,1.415e-2,1.908e-19,2.931e+0,2.429e-22,1.098e-3,2.349e-20,5.865e-29,8.165e-20,8.466e-23,1.565e-1,2.379e-16,2.743e-1,5.881e-8,,8.825e+1,5.818e+1,,1.134e+2,4.751e-19,,1.407e-17,6.129e-3,,8.679e-20,,6.314e-19,,1.360e-18,,1.432e+0,,2.210e-17,,5.002e-18,1.231e-16
445.16,6.621e+2,5.463e-21,6.993e-28,2.824e-44,6.987e-24,,,1.850e-19,2.890e-8,,3.666e-15,6.778e-21,3.223e-26,1.032e-17,1.901e-21,3.355e-20,7.582e-21,2.281e-12,,1.701e+1,3.204e-20,7.601e-27,3.645e+2,1.930e+1,1.093e-9,1.512e-2,1.908e-19,2.992e+0,2.432e-22,1.465e-3,2.349e-20,5.865e-29,8.167e-20,8.467e-23,1.345e-1,1.352e-16,2.648e-1,3.860e-8,,8.625e+1,5.680e+1,,1.134e+2,4.755e-19,,1.410e-17,4.499e-3,,8.677e-20,,6.313e-19,,1.359e-18,,1.469e+0,,2.210e-17,,5.011e-18,1.231e-16
445.19,6.561e+2,5.469e-21,7.168e-28,2.838e-44,3.959e-24,,,1.852e-19,1.849e-8,,3.665e-15,6.792e-21,3.240e-26,1.032e-17,1.901e-21,5.414e-20,7.581e-21,3.506e-12,,1.864e+1,3.207e-20,4.181e-27,3.668e+2,1.532e+1,9.373e-10,1.717e-2,1.909e-19,3.075e+0,2.437e-22,2.246e-3,2.350e-20,5.866e-29,8.169e-20,8.468e-23,1.065e-1,5.748e-17,2.548e-1,2.037e-8,,8.305e+1,5.448e+1,,1.128e+2,4.760e-19,,1.414e-17,2.809e-3,,8.675e-20,,6.312e-19,,1.358e-18,,1.521e+0,,2.209e-17,,5.024e-18,1.231e-16
445.21,6.512e+2,5.474e-21,7.285e-28,2.847e-44,2.697e-24,,,1.854e-19,1.366e-8,,3.665e-15,6.802e-21,3.251e-26,1.032e-17,1.902e-21,7.413e-20,7.580e-21,4.648e-12,,1.971e+1,3.208e-20,2.794e-27,3.676e+2,1.307e+1,8.419e-10,1.894e-2,1.909e-19,3.123e+0,2.440e-22,2.973e-3,2.350e-20,5.866e-29,8.170e-20,8.469e-23,9.064e-2,3.234e-17,2.507e-1,1.324e-8,,8.083e+1,5.278e+1,,1.122e+2,4.764e-19,,1.417e-17,2.042e-3,,8.674e-20,,6.312e-19,,1.357e-18,,1.554e+0,,2.209e-17,,5.032e-18,1.231e-16
445.24,6.428e+2,5.480e-21,7.461e-28,2.860e-44,1.506e-24,,,1.856e-19,8.613e-9,,3.665e-15,6.816e-21,3.268e-26,1.032e-17,1.902e-21,1.179e-19,7.579e-21,7.043e-12,,2.130e+1,3.211e-20,1.514e-27,3.679e+2,1.023e+1,7.118e-10,2.225e-2,1.909e-19,3.185e+0,2.444e-22,4.494e-3,2.351e-20,5.867e-29,8.172e-20,8.470e-23,7.069e-2,3.230e-17,2.476e-1,6.888e-9,,7.750e+1,5.005e+1,,1.107e+2,4.770e-19,,1.422e-17,1.256e-3,,8.672e-20,,6.311e-19,,1.356e-18,,1.599e+0,,2.208e-17,,5.045e-18,1.232e-16
445.26,6.365e+2,5.484e-21,7.578e-28,2.870e-44,1.016e-24,,,1.858e-19,6.304e-9,,3.664e-15,6.825e-21,3.279e-26,1.032e-17,1.902e-21,1.599e-19,7.579e-21,9.247e-12,,2.231e+1,3.212e-20,1.002e-27,3.674e+2,8.640e+0,6.336e-10,2.492e-2,1.909e-19,3.221e+0,2.448e-22,5.892e-3,2.352e-20,5.867e-29,8.174e-20,8.471e-23,5.961e-2,3.227e-17,2.473e-1,4.433e-9,,7.533e+1,4.813e+1,,1.095e+2,4.774e-19,,1.425e-17,9.044e-4,,8.671e-20,,6.311e-19,,1.355e-18,,1.624e+0,,2.208e-17,,5.053e-18,1.232e-16
445.29,6.261e+2,5.491e-21,7.754e-28,2.883e-44,5.592e-25,,,1.861e-19,3.919e-9,,3.664e-15,6.839e-21,3.296e-26,1.032e-17,1.902e-21,2.508e-19,7.577e-21,1.381e-11,,2.376e+1,3.214e-20,5.353e-28,3.658e+2,6.663e+0,5.286e-10,2.967e-2,1.910e-19,3.266e+0,2.452e-22,8.781e-3,2.352e-20,5.868e-29,8.176e-20,8.473e-23,4.582e-2,3.223e-17,2.488e-1,2.273e-9,,7.227e+1,4.515e+1,,1.072e+2,4.779e-19,,1.429e-17,5.484e-4,,8.669e-20,,6.310e-19,,1.354e-18,,1.656e+0,,2.208e-17,,5.066e-18,1.232e-16
445.31,6.187e+2,5.495e-21,7.871e-28,2.892e-44,3.737e-25,,,1.862e-19,2.841e-9,,3.664e-15,6.849e-21,3.307e-26,1.032e-17,1.902e-21,3.368e-19,7.577e-21,1.796e-11,,2.466e+1,3.216e-20,3.507e-28,3.642e+2,5.577e+0,4.664e-10,3.335e-2,1.910e-19,3.292e+0,2.455e-22,1.140e-2,2.353e-20,5.868e-29,8.177e-20,8.474e-23,3.826e-2,3.221e-17,2.508e-1,1.449e-9,,7.041e+1,4.312e+1,,1.054e+2,4.783e-19,,1.432e-17,3.910e-4,,8.667e-20,,6.309e-19,,1.353e-18,,1.673e+0,,2.207e-17,,5.075e-18,1.233e-16
445.34,6.069e+2,5.502e-21,8.046e-28,2.906e-44,2.026e-25,,,1.865e-19,1.741e-9,,3.663e-15,6.863e-21,3.324e-26,1.032e-17,1.902e-21,5.206e-19,7.576e-21,2.645e-11,,2.588e+1,3.218e-20,1.847e-28,3.609e+2,4.242e+0,3.844e-10,3.969e-2,1.910e-19,3.324e+0,2.460e-22,1.676e-2,2.354e-20,5.869e-29,8.179e-20,8.475e-23,2.899e-2,3.217e-17,2.547e-1,7.318e-10,,6.800e+1,4.005e+1,,1.025e+2,4.789e-19,,1.437e-17,2.337e-4,,8.665e-20,,6.308e-19,,1.352e-18,,1.688e+0,,2.207e-17,,5.088e-18,1.233e-16
445.36,5.987e+2,5.506e-21,8.163e-28,2.915e-44,1.341e-25,,,1.867e-19,1.250e-9,,3.663e-15,6.872e-21,3.335e-26,1.032e-17,1.902e-21,6.927e-19,7.575e-21,3.407e-11,,2.661e+1,3.220e-20,1.198e-28,3.582e+2,3.519e+0,3.366e-10,4.448e-2,1.910e-19,3.342e+0,2.463e-22,2.155e-2,2.354e-20,5.869e-29,8.181e-20,8.476e-23,2.397e-2,3.214e-17,2.576e-1,4.619e-10,,6.671e+1,3.799e+1,,1.003e+2,4.793e-19,,1.440e-17,1.650e-4,,8.664e-20,,6.308e-19,,1.351e-18,,1.693e+0,,2.206e-17,,5.096e-18,1.233e-16
445.39,5.860e+2,5.512e-21,8.339e-28,2.929e-44,7.166e-26,,,1.869e-19,7.555e-10,,3.663e-15,6.887e-21,3.352e-26,1.032e-17,1.902e-21,1.055e-18,7.574e-21,4.944e-11,,2.753e+1,3.222e-20,6.217e-29,3.533e+2,2.644e+0,2.748e-10,5.254e-2,1.911e-19,3.366e+0,2.468e-22,3.122e-2,2.355e-20,5.870e-29,8.183e-20,8.477e-23,1.790e-2,3.210e-17,2.619e-1,2.300e-10,,6.531e+1,3.495e+1,,9.678e+1,4.798e-19,,1.444e-17,9.716e-5,,8.662e-20,,6.307e-19,,1.350e-18,,1.690e+0,,2.206e-17,,5.109e-18,1.233e-16
445.41,5.773e+2,5.517e-21,8.456e-28,2.938e-44,4.696e-26,,,1.871e-19,5.374e-10,,3.662e-15,6.896e-21,3.363e-26,1.032e-17,1.903e-21,1.391e-18,7.573e-21,6.308e-11,,2.803e+1,3.224e-20,3.995e-29,3.496e+2,2.177e+0,2.396e-10,5.851e-2,1.911e-19,3.381e+0,2.471e-22,3.978e-2,2.355e-20,5.870e-29,8.184e-20,8.478e-23,1.466e-2,3.208e-17,2.646e-1,1.437e-10,,6.479e+1,3.296e+1,,9.433e+1,4.802e-19,,1.447e-17,6.793e-5,,8.661e-20,,6.307e-19,,1.349e-18,,1.681e+0,,2.205e-17,,5.117e-18,1.234e-16
445.44,5.642e+2,5.523e-21,8.632e-28,2.952e-44,2.473e-26,,,1.873e-19,3.201e-10,,3.662e-15,6.910e-21,3.380e-26,1.032e-17,1.903e-21,2.089e-18,7.572e-21,9.024e-11,,2.860e+1,3.226e-20,2.043e-29,3.432e+2,1.623e+0,1.951e-10,6.836e-2,1.911e-19,3.401e+0,2.475e-22,5.680e-2,2.356e-20,5.871e-29,8.186e-20,8.480e-23,1.079e-2,3.204e-17,2.679e-1,7.052e-11,,6.469e+1,3.005e+1,,9.051e+1,4.808e-19,,1.452e-17,3.943e-5,,8.659e-20,,6.306e-19,,1.348e-18,,1.658e+0,,2.205e-17,,5.130e-18,1.234e-16
445.46,5.554e+2,5.528e-21,8.749e-28,2.961e-44,1.605e-26,,,1.875e-19,2.255e-10,,3.662e-15,6.920e-21,3.391e-26,1.032e-17,1.903e-21,2.726e-18,7.571e-21,1.140e-10,,2.885e+1,3.228e-20,1.300e-29,3.386e+2,1.335e+0,1.706e-10,7.551e-2,1.911e-19,3.415e+0,2.479e-22,7.169e-2,2.357e-20,5.871e-29,8.188e-20,8.480e-23,8.753e-3,3.201e-17,2.695e-1,4.366e-11,,6.510e+1,2.818e+1,,8.792e+1,4.812e-19,,1.455e-17,2.730e-5,,8.658e-20,,6.305e-19,,1.347e-18,,1.636e+0,,2.204e-17,,5.139e-18,1.234e-16
445.48,5.467e+2,5.532e-21,8.866e-28,2.970e-44,1.038e-26,,,1.877e-19,1.583e-10,,3.661e-15,6.929e-21,3.402e-26,1.032e-17,1.903e-21,3.544e-18,7.571e-21,1.435e-10,,2.898e+1,3.229e-20,8.239e-30,3.335e+2,1.101e+0,1.499e-10,8.314e-2,1.911e-19,3.429e+0,2.482e-22,9.014e-2,2.357e-20,5.871e-29,8.189e-20,8.481e-23,7.072e-3,3.199e-17,2.704e-1,2.692e-11,,6.592e+1,2.636e+1,,8.530e+1,4.816e-19,,1.458e-17,1.883e-5,,8.656e-20,,6.305e-19,,1.346e-18,,1.608e+0,,2.204e-17,,5.147e-18,1.234e-16
445.51,5.337e+2,5.538e-21,9.042e-28,2.984e-44,5.354e-27,,,1.879e-19,9.240e-11,,3.661e-15,6.943e-21,3.419e-26,1.032e-17,1.903e-21,5.217e-18,7.570e-21,2.012e-10,,2.898e+1,3.232e-20,4.127e-30,3.253e+2,8.371e-1,1.256e-10,9.540e-2,1.912e-19,3.452e+0,2.486e-22,1.262e-1,2.358e-20,5.872e-29,8.191e-20,8.483e-23,5.100e-3,3.195e-17,2.704e-1,1.294e-11,,6.791e+1,2.376e+1,,8.140e+1,4.821e-19,,1.462e-17,1.071e-5,,8.654e-20,,6.304e-19,,1.345e-18,,1.558e+0,,2.204e-17,,5.160e-18,1.235e-16
445.53,5.252e+2,5.543e-21,9.159e-28,2.993e-44,3.428e-27,,,1.881e-19,6.424e-11,,3.661e-15,6.953e-21,3.430e-26,1.032e-17,1.903e-21,6.718e-18,7.569e-21,2.509e-10,,2.884e+1,3.233e-20,2.591e-30,3.194e+2,7.101e-1,1.136e-10,1.041e-1,1.912e-19,3.469e+0,2.489e-22,1.571e-1,2.358e-20,5.872e-29,8.192e-20,8.484e-23,4.081e-3,3.192e-17,2.694e-1,7.901e-12,,6.976e+1,2.212e+1,,7.885e+1,4.825e-19,,1.465e-17,7.315e-6,,8.653e-20,,6.303e-19,,1.344e-18,,1.519e+0,,2.203e-17,,5.169e-18,1.235e-16
445.56,5.127e+2,5.549e-21,9.334e-28,3.006e-44,1.743e-27,,,1.884e-19,3.700e-11,,3.660e-15,6.967e-21,3.447e-26,1.032e-17,1.903e-21,9.748e-18,7.568e-21,3.468e-10,,2.844e+1,3.236e-20,1.279e-30,3.099e+2,5.825e-1,1.015e-10,1.179e-1,1.912e-19,3.497e+0,2.494e-22,2.169e-1,2.359e-20,5.873e-29,8.195e-20,8.485e-23,2.900e-3,3.188e-17,2.664e-1,3.743e-12,,7.331e+1,1.980e+1,,7.513e+1,4.831e-19,,1.470e-17,4.100e-6,,8.651e-20,,6.302e-19,,1.343e-18,,1.452e+0,,2.203e-17,,5.181e-18,1.235e-16
445.58,5.046e+2,5.553e-21,9.451e-28,3.016e-44,1.105e-27,,,1.885e-19,2.552e-11,,3.660e-15,6.976e-21,3.458e-26,1.032e-17,1.903e-21,1.243e-17,7.567e-21,4.282e-10,,2.803e+1,3.237e-20,7.952e-31,3.031e+2,5.349e-1,9.731e-11,1.275e-1,1.912e-19,3.518e+0,2.497e-22,2.676e-1,2.360e-20,5.873e-29,8.196e-20,8.486e-23,2.299e-3,3.185e-17,2.634e-1,2.263e-12,,7.617e+1,1.834e+1,,7.276e+1,4.835e-19,,1.473e-17,2.773e-6,,8.650e-20,,6.302e-19,,1.342e-18,,1.403e+0,,2.202e-17,,5.190e-18,1.236e-16
445.61,4.927e+2,5.560e-21,9.627e-28,3.029e-44,5.538e-28,,,1.888e-19,1.458e-11,,3.659e-15,6.990e-21,3.475e-26,1.032e-17,1.904e-21,1.778e-17,7.566e-21,5.834e-10,,2.724e+1,3.240e-20,3.869e-31,2.925e+2,5.157e-1,9.672e-11,1.424e-1,1.913e-19,3.553e+0,2.502e-22,3.641e-1,2.360e-20,5.874e-29,8.198e-20,8.487e-23,1.610e-3,3.182e-17,2.572e-1,1.057e-12,,8.115e+1,1.631e+1,,6.941e+1,4.840e-19,,1.477e-17,1.532e-6,,8.648e-20,,6.301e-19,,1.341e-18,,1.324e+0,,2.202e-17,,5.203e-18,1.236e-16
445.63,4.851e+2,5.564e-21,9.744e-28,3.038e-44,3.477e-28,,,1.890e-19,1.008e-11,,3.659e-15,7.000e-21,3.486e-26,1.032e-17,1.904e-21,2.247e-17,7.566e-21,7.135e-10,,2.661e+1,3.241e-20,2.382e-31,2.850e+2,5.369e-1,1.002e-10,1.526e-1,1.913e-19,3.579e+0,2.505e-22,4.449e-1,2.361e-20,5.874e-29,8.199e-20,8.488e-23,1.264e-3,3.179e-17,2.521e-1,6.327e-13,,8.490e+1,1.505e+1,,6.734e+1,4.844e-19,,1.480e-17,1.026e-6,,8.646e-20,,6.301e-19,,1.340e-18,,1.268e+0,,2.201e-17,,5.211e-18,1.236e-16
445.66,4.741e+2,5.571e-21,9.920e-28,3.052e-44,1.717e-28,,,1.892e-19,5.985e-12,,3.659e-15,7.014e-21,3.503e-26,1.032e-17,1.904e-21,3.167e-17,7.564e-21,9.581e-10,,2.549e+1,3.244e-20,1.142e-31,2.733e+2,6.221e-1,1.114e-10,1.681e-1,1.913e-19,3.620e+0,2.510e-22,5.969e-1,2.362e-20,5.875e-29,8.201e-20,8.490e-23,8.725e-4,3.175e-17,2.430e-1,2.911e-13,,9.107e+1,1.330e+1,,6.449e+1,4.850e-19,,1.485e-17,5.586e-7,,8.644e-20,,6.300e-19,,1.339e-18,,1.180e+0,,2.201e-17,,5.224e-18,1.237e-16
445.68,4.670e+2,5.575e-21,1.004e-27,3.061e-44,1.068e-28,,,1.894e-19,4.486e-12,,3.658e-15,7.024e-21,3.514e-26,1.032e-17,1.904e-21,3.963e-17,7.564e-21,1.161e-9,,2.466e+1,3.245e-20,6.969e-32,2.652e+2,7.175e-1,1.231e-10,1.786e-1,1.913e-19,3.650e+0,2.513e-22,7.226e-1,2.362e-20,5.875e-29,8.203e-20,8.490e-23,6.782e-4,3.172e-17,2.362e-1,1.726e-13,,9.550e+1,1.223e+1,,6.280e+1,4.854e-19,,1.488e-17,3.706e-7,,8.643e-20,,6.299e-19,,1.338e-18,,1.120e+0,,2.200e-17,,5.233e-18,1.237e-16
445.71,4.568e+2,5.581e-21,1.021e-27,3.075e-44,5.197e-29,,,1.896e-19,3.586e-12,,3.658e-15,7.038e-21,3.531e-26,1.032e-17,1.904e-21,5.508e-17,7.563e-21,1.536e-9,,2.329e+1,3.247e-20,3.304e-32,2.526e+2,9.271e-1,1.475e-10,1.941e-1,1.914e-19,3.697e+0,2.517e-22,9.558e-1,2.363e-20,5.876e-29,8.205e-20,8.492e-23,4.615e-4,3.168e-17,2.248e-1,7.826e-14,,1.025e+2,1.077e+1,,6.057e+1,4.859e-19,,1.492e-17,1.988e-7,,8.641e-20,,6.298e-19,,1.337e-18,,1.028e+0,,2.200e-17,,5.245e-18,1.237e-16
445.73,4.502e+2,5.586e-21,1.033e-27,3.084e-44,3.200e-29,,,1.898e-19,3.799e-12,,3.658e-15,7.047e-21,3.542e-26,1.032e-17,1.904e-21,6.826e-17,7.562e-21,1.843e-9,,2.232e+1,3.249e-20,2.011e-32,2.440e+2,1.118e+0,1.688e-10,2.044e-1,1.914e-19,3.729e+0,2.520e-22,1.146e+0,2.363e-20,5.876e-29,8.206e-20,8.493e-23,3.553e-4,3.166e-17,2.166e-1,4.596e-14,,1.074e+2,9.885e+0,,5.931e+1,4.863e-19,,1.495e-17,1.306e-7,,8.640e-20,,6.298e-19,,1.336e-18,,9.674e-1,,2.200e-17,,5.254e-18,1.237e-16
445.76,4.408e+2,5.592e-21,1.051e-27,3.098e-44,1.535e-29,,,1.901e-19,5.527e-12,,3.657e-15,7.061e-21,3.559e-26,1.032e-17,1.904e-21,9.351e-17,7.561e-21,2.405e-9,,2.078e+1,3.251e-20,9.782e-33,2.308e+2,1.499e+0,2.090e-10,2.193e-1,1.914e-19,3.779e+0,2.525e-22,1.495e+0,2.364e-20,5.877e-29,8.208e-20,8.494e-23,2.383e-4,3.162e-17,2.036e-1,2.054e-14,,1.147e+2,8.694e+0,,5.778e+1,4.869e-19,,1.500e-17,6.906e-8,,8.638e-20,,6.297e-19,,1.335e-18,,8.771e-1,,2.199e-17,,5.267e-18,1.238e-16
445.78,4.349e+2,5.597e-21,1.062e-27,3.107e-44,9.359e-30,,,1.902e-19,7.973e-12,,3.657e-15,7.071e-21,3.571e-26,1.032e-17,1.904e-21,1.148e-16,7.560e-21,2.858e-9,,1.973e+1,3.253e-20,6.419e-33,2.218e+2,1.826e+0,2.419e-10,2.289e-1,1.914e-19,3.813e+0,2.528e-22,1.776e+0,2.365e-20,5.877e-29,8.210e-20,8.495e-23,1.818e-4,3.159e-17,1.946e-1,1.194e-14,,1.197e+2,7.988e+0,,5.699e+1,4.873e-19,,1.503e-17,4.494e-8,,8.636e-20,,6.297e-19,,1.334e-18,,8.183e-1,,2.199e-17,,5.275e-18,1.238e-16
445.81,4.263e+2,5.603e-21,1.080e-27,3.121e-44,4.424e-30,,,1.905e-19,1.479e-11,,3.657e-15,7.085e-21,3.587e-26,1.032e-17,1.905e-21,1.550e-16,7.559e-21,3.677e-9,,1.811e+1,3.255e-20,4.440e-33,2.083e+2,2.454e+0,3.015e-10,2.425e-1,1.915e-19,3.862e+0,2.533e-22,2.284e+0,2.365e-20,5.878e-29,8.212e-20,8.496e-23,1.204e-4,3.155e-17,1.810e-1,5.258e-15,,1.269e+2,7.060e+0,,5.616e+1,4.878e-19,,1.507e-17,2.341e-8,,8.634e-20,,6.296e-19,,1.332e-18,,7.331e-1,,2.198e-17,,5.288e-18,1.238e-16
445.83,4.209e+2,5.607e-21,1.092e-27,3.130e-44,2.672e-30,,,1.907e-19,2.266e-11,,3.656e-15,7.094e-21,3.599e-26,1.032e-17,1.905e-21,1.885e-16,7.558e-21,4.327e-9,,1.703e+1,3.257e-20,4.648e-33,1.993e+2,2.981e+0,3.488e-10,2.510e-1,1.915e-19,3.894e+0,2.536e-22,2.688e+0,2.366e-20,5.878e-29,8.213e-20,8.497e-23,9.114e-5,3.153e-17,1.720e-1,3.029e-15,,1.315e+2,6.529e+0,,5.584e+1,4.882e-19,,1.510e-17,1.509e-8,,8.633e-20,,6.295e-19,,1.332e-18,,6.788e-1,,2.198e-17,,5.297e-18,1.238e-16
445.85,4.156e+2,5.612e-21,1.103e-27,3.139e-44,1.607e-30,,,1.908e-19,3.482e-11,,3.656e-15,7.104e-21,3.610e-26,1.032e-17,1.905e-21,2.283e-16,7.558e-21,5.074e-9,,1.595e+1,3.258e-20,6.066e-33,1.902e+2,3.611e+0,4.027e-10,2.589e-1,1.915e-19,3.925e+0,2.539e-22,3.152e+0,2.366e-20,5.878e-29,8.215e-20,8.498e-23,6.890e-5,3.150e-17,1.631e-1,1.738e-15,,1.360e+2,6.067e+0,,5.571e+1,4.886e-19,,1.513e-17,9.683e-9,,8.632e-20,,6.295e-19,,1.331e-18,,6.269e-1,,2.197e-17,,5.305e-18,1.239e-16
445.88,4.082e+2,5.618e-21,1.121e-27,3.152e-44,7.443e-31,,,1.911e-19,6.610e-11,,3.656e-15,7.118e-21,3.627e-26,1.032e-17,1.905e-21,3.021e-16,7.557e-21,6.396e-9,,1.435e+1,3.261e-20,1.127e-32,1.768e+2,4.786e+0,4.970e-10,2.697e-1,1.915e-19,3.967e+0,2.544e-22,3.975e+0,2.367e-20,5.879e-29,8.217e-20,8.499e-23,4.539e-5,3.146e-17,1.502e-1,7.495e-16,,1.421e+2,5.507e+0,,5.583e+1,4.892e-19,,1.518e-17,4.943e-9,,8.630e-20,,6.294e-19,,1.330e-18,,5.541e-1,,2.197e-17,,5.318e-18,1.239e-16
445.9,4.036e+2,5.623e-21,1.132e-27,3.162e-44,4.434e-31,,,1.912e-19,1.010e-10,,3.655e-15,7.127e-21,3.638e-26,1.032e-17,1.905e-21,3.624e-16,7.556e-21,7.428e-9,,1.332e+1,3.262e-20,1.796e-32,1.679e+2,5.749e+0,5.697e-10,2.761e-1,1.916e-19,3.993e+0,2.547e-22,4.618e+0,2.368e-20,5.879e-29,8.218e-20,8.500e-23,3.465e-5,3.144e-17,1.422e-1,4.258e-16,,1.457e+2,5.224e+0,,5.611e+1,4.896e-19,,1.521e-17,3.142e-9,,8.628e-20,,6.293e-19,,1.329e-18,,5.091e-1,,2.196e-17,,5.326e-18,1.239e-16
445.93,3.972e+2,5.629e-21,1.150e-27,3.175e-44,2.024e-31,,,1.915e-19,1.894e-10,,3.655e-15,7.142e-21,3.655e-26,1.032e-17,1.905e-21,4.728e-16,7.555e-21,9.230e-9,,1.182e+1,3.265e-20,3.678e-32,1.550e+2,7.518e+0,6.948e-10,2.843e-1,1.916e-19,4.027e+0,2.551e-22,5.743e+0,2.369e-20,5.880e-29,8.220e-20,8.502e-23,2.393e-5,3.140e-17,1.311e-1,1.810e-16,,1.505e+2,4.939e+0,,5.681e+1,4.901e-19,,1.525e-17,1.581e-9,,8.626e-20,,6.293e-19,,1.328e-18,,4.476e-1,,2.196e-17,,5.339e-18,1.240e-16
445.95,3.932e+2,5.633e-21,1.162e-27,3.184e-44,1.194e-31,,,1.917e-19,2.866e-10,,3.655e-15,7.151e-21,3.666e-26,1.032e-17,1.905e-21,5.618e-16,7.554e-21,1.062e-8,,1.086e+1,3.266e-20,5.932e-32,1.466e+2,8.949e+0,7.896e-10,2.888e-1,1.916e-19,4.045e+0,2.555e-22,6.611e+0,2.369e-20,5.880e-29,8.222e-20,8.503e-23,1.960e-5,3.137e-17,1.246e-1,1.019e-16,,1.531e+2,4.847e+0,,5.744e+1,4.905e-19,,1.528e-17,9.952e-10,,8.625e-20,,6.292e-19,,1.327e-18,,4.106e-1,,2.195e-17,,5.348e-18,1.240e-16
445.98,3.879e+2,5.640e-21,1.179e-27,3.198e-44,5.370e-32,,,1.919e-19,5.301e-10,,3.654e-15,7.165e-21,3.683e-26,1.032e-17,1.905e-21,7.224e-16,7.553e-21,1.300e-8,,9.502e+0,3.269e-20,1.209e-31,1.344e+2,1.154e+1,9.500e-10,2.942e-1,1.916e-19,4.066e+0,2.559e-22,8.107e+0,2.370e-20,5.881e-29,8.224e-20,8.504e-23,1.652e-5,3.133e-17,1.163e-1,4.267e-17,,1.560e+2,4.863e+0,,5.859e+1,4.911e-19,,1.533e-17,4.935e-10,,8.623e-20,,6.291e-19,,1.326e-18,,3.615e-1,,2.195e-17,,5.361e-18,1.240e-16
446,3.848e+2,5.644e-21,1.191e-27,3.207e-44,3.137e-32,,,1.921e-19,7.949e-10,,3.654e-15,7.175e-21,3.694e-26,1.032e-17,1.906e-21,8.502e-16,7.552e-21,1.481e-8,,8.651e+0,3.270e-20,1.935e-31,1.267e+2,1.361e+1,1.070e-9,2.969e-1,1.917e-19,4.074e+0,2.562e-22,9.246e+0,2.370e-20,5.881e-29,8.225e-20,8.505e-23,1.652e-5,3.131e-17,1.119e-1,4.252e-17,,1.573e+2,4.983e+0,,5.946e+1,4.915e-19,,1.536e-17,3.076e-10,,8.622e-20,,6.291e-19,,1.325e-18,,3.329e-1,,2.195e-17,,5.369e-18,1.240e-16
446.03,3.808e+2,5.651e-21,1.209e-27,3.221e-44,1.391e-32,,,1.924e-19,1.449e-9,,3.653e-15,7.189e-21,3.711e-26,1.032e-17,1.906e-21,1.078e-15,7.551e-21,1.789e-8,,7.462e+0,3.273e-20,3.890e-31,1.156e+2,1.730e+1,1.269e-9,2.994e-1,1.917e-19,4.079e+0,2.567e-22,1.118e+1,2.371e-20,5.882e-29,8.227e-20,8.506e-23,1.966e-5,3.127e-17,1.073e-1,4.229e-17,,1.583e+2,5.339e+0,,6.088e+1,4.920e-19,,1.540e-17,1.503e-10,,8.620e-20,,6.290e-19,,1.323e-18,,2.963e-1,,2.194e-17,,5.382e-18,1.241e-16
446.05,3.787e+2,5.655e-21,1.220e-27,3.230e-44,8.045e-33,,,1.925e-19,2.153e-9,,3.653e-15,7.198e-21,3.722e-26,1.032e-17,1.906e-21,1.256e-15,7.551e-21,2.018e-8,,6.729e+0,3.274e-20,6.169e-31,1.087e+2,2.020e+1,1.416e-9,3.003e-1,1.917e-19,4.076e+0,2.570e-22,1.264e+1,2.372e-20,5.882e-29,8.229e-20,8.507e-23,2.414e-5,3.124e-17,1.057e-1,4.213e-17,,1.582e+2,5.702e+0,,6.187e+1,4.924e-19,,1.543e-17,9.281e-11,,8.618e-20,,6.289e-19,,1.323e-18,,2.760e-1,,2.194e-17,,5.390e-18,1.241e-16
446.08,3.766e+2,5.661e-21,1.238e-27,3.244e-44,3.514e-33,,,1.928e-19,3.869e-9,,3.653e-15,7.212e-21,3.739e-26,1.032e-17,1.906e-21,1.570e-15,7.550e-21,2.402e-8,,5.723e+0,3.277e-20,1.223e-30,9.892e+1,2.531e+1,1.656e-9,3.002e-1,1.917e-19,4.061e+0,2.575e-22,1.508e+1,2.372e-20,5.883e-29,8.231e-20,8.509e-23,3.544e-5,3.120e-17,1.058e-1,4.190e-17,,1.570e+2,6.451e+0,,6.337e+1,4.930e-19,,1.548e-17,4.469e-11,,8.616e-20,,6.289e-19,,1.321e-18,,2.516e-1,,2.193e-17,,5.403e-18,1.241e-16
446.1,3.758e+2,5.666e-21,1.250e-27,3.253e-44,2.014e-33,,,1.929e-19,5.692e-9,,3.652e-15,7.222e-21,3.750e-26,1.032e-17,1.906e-21,1.812e-15,7.549e-21,2.684e-8,,5.112e+0,3.278e-20,1.921e-30,9.291e+1,2.928e+1,1.830e-9,2.994e-1,1.918e-19,4.045e+0,2.578e-22,1.688e+1,2.373e-20,5.883e-29,8.232e-20,8.509e-23,4.697e-5,3.117e-17,1.077e-1,4.175e-17,,1.555e+2,7.095e+0,,6.434e+1,4.934e-19,,1.551e-17,2.733e-11,,8.615e-20,,6.288e-19,,1.321e-18,,2.392e-1,,2.193e-17,,5.412e-18,1.241e-16
446.13,3.759e+2,5.672e-21,2.946e-27,3.267e-44,8.669e-34,,,1.932e-19,1.009e-8,,3.652e-15,7.236e-21,3.767e-26,1.032e-17,1.906e-21,2.232e-15,7.548e-21,3.149e-8,,4.287e+0,3.280e-20,3.754e-30,8.462e+1,3.617e+1,2.109e-9,2.970e-1,1.918e-19,4.009e+0,2.583e-22,1.987e+1,2.374e-20,5.884e-29,8.234e-20,8.511e-23,7.266e-5,3.114e-17,1.133e-1,4.152e-17,,1.523e+2,8.298e+0,,6.570e+1,4.939e-19,,1.555e-17,1.297e-11,,8.613e-20,,6.287e-19,,1.319e-18,,2.261e-1,,2.192e-17,,5.425e-18,1.242e-16
446.15,3.768e+2,5.676e-21,5.195e-27,3.276e-44,4.918e-34,,,1.934e-19,1.470e-8,,3.652e-15,7.245e-21,3.778e-26,1.032e-17,1.906e-21,2.552e-15,7.547e-21,3.486e-8,,3.794e+0,3.282e-20,5.842e-30,7.960e+1,4.144e+1,2.308e-9,2.947e-1,1.918e-19,3.978e+0,2.586e-22,2.205e+1,2.374e-20,5.884e-29,8.235e-20,8.512e-23,9.741e-5,3.111e-17,1.192e-1,4.136e-17,,1.495e+2,9.268e+0,,6.651e+1,4.943e-19,,1.559e-17,7.852e-12,,8.612e-20,,6.287e-19,,1.319e-18,,2.209e-1,,2.192e-17,,5.433e-18,1.242e-16
446.18,3.796e+2,5.683e-21,1.208e-26,3.289e-44,2.087e-34,,,1.936e-19,2.567e-8,,3.651e-15,7.260e-21,3.795e-26,1.032e-17,1.906e-21,3.099e-15,7.546e-21,4.031e-8,,3.136e+0,3.284e-20,1.126e-29,7.281e+1,5.045e+1,2.624e-9,2.904e-1,1.918e-19,3.920e+0,2.590e-22,2.559e+1,2.375e-20,5.884e-29,8.238e-20,8.513e-23,1.508e-4,3.107e-17,1.314e-1,4.113e-17,,1.445e+2,1.099e+1,,6.752e+1,4.949e-19,,1.563e-17,3.673e-12,,8.610e-20,,6.286e-19,,1.317e-18,,2.180e-1,,2.191e-17,,5.446e-18,1.242e-16
446.2,3.825e+2,5.687e-21,2.109e-26,3.298e-44,1.173e-34,,,1.938e-19,3.706e-8,,3.651e-15,7.269e-21,3.806e-26,1.032e-17,1.907e-21,3.510e-15,7.545e-21,4.420e-8,,2.749e+0,3.286e-20,1.735e-29,6.877e+1,5.725e+1,2.844e-9,2.870e-1,1.919e-19,3.875e+0,2.593e-22,2.814e+1,2.375e-20,5.885e-29,8.239e-20,8.514e-23,2.011e-4,3.104e-17,1.418e-1,4.098e-17,,1.407e+2,1.234e+1,,6.803e+1,4.953e-19,,1.566e-17,2.202e-12,,8.608e-20,,6.285e-19,,1.317e-18,,2.192e-1,,2.191e-17,,5.454e-18,1.243e-16
446.22,3.863e+2,5.692e-21,3.670e-26,3.308e-44,6.563e-35,,,1.940e-19,5.329e-8,,3.651e-15,7.279e-21,3.817e-26,1.032e-17,1.907e-21,3.960e-15,7.545e-21,4.827e-8,,2.401e+0,3.288e-20,2.664e-29,6.511e+1,6.472e+1,3.071e-9,2.833e-1,1.919e-19,3.823e+0,2.596e-22,3.084e+1,2.376e-20,5.885e-29,8.240e-20,8.515e-23,2.673e-4,3.102e-17,1.543e-1,4.083e-17,,1.365e+2,1.384e+1,,6.840e+1,4.957e-19,,1.569e-17,1.315e-12,,8.607e-20,,6.285e-19,,1.316e-18,,2.226e-1,,2.191e-17,,5.463e-18,1.243e-16
446.25,3.938e+2,5.698e-21,8.362e-26,3.321e-44,2.616e-21,,,1.942e-19,9.124e-8,,3.650e-15,7.293e-21,3.834e-26,1.031e-17,1.907e-21,4.713e-15,7.544e-21,5.471e-8,,1.946e+0,3.290e-20,5.033e-29,6.030e+1,7.724e+1,3.420e-9,2.771e-1,1.919e-19,3.734e+0,2.601e-22,3.513e+1,2.377e-20,5.886e-29,8.242e-20,8.516e-23,4.069e-4,3.098e-17,1.768e-1,4.060e-17,,1.297e+2,1.640e+1,,6.864e+1,4.962e-19,,1.574e-17,6.029e-13,,8.605e-20,,6.284e-19,,1.314e-18,,2.317e-1,,2.190e-17,,5.476e-18,1.243e-16
446.27,4.000e+2,5.702e-21,1.441e-25,3.330e-44,4.360e-21,,,1.944e-19,1.300e-7,,3.650e-15,7.302e-21,3.845e-26,1.031e-17,1.907e-21,5.267e-15,7.543e-21,5.918e-8,,1.684e+0,3.291e-20,7.655e-29,5.753e+1,8.648e+1,3.658e-9,2.726e-1,1.919e-19,3.668e+0,2.604e-22,3.815e+1,2.377e-20,5.886e-29,8.244e-20,8.517e-23,5.361e-4,3.095e-17,1.945e-1,4.044e-17,,1.249e+2,1.833e+1,,6.857e+1,4.966e-19,,1.577e-17,3.566e-13,,8.604e-20,,6.283e-19,,1.314e-18,,2.401e-1,,2.190e-17,,5.484e-18,1.243e-16
446.3,4.113e+2,5.709e-21,3.238e-25,3.344e-44,6.976e-21,,,1.946e-19,2.194e-7,,3.649e-15,7.316e-21,3.862e-26,1.031e-17,1.907e-21,6.177e-15,7.542e-21,6.611e-8,,1.345e+0,3.294e-20,1.426e-28,5.396e+1,1.017e+2,4.017e-9,2.654e-1,1.920e-19,3.559e+0,2.609e-22,4.288e+1,2.378e-20,5.887e-29,8.246e-20,8.518e-23,8.049e-4,3.091e-17,2.252e-1,4.021e-17,,1.174e+2,2.155e+1,,6.811e+1,4.972e-19,,1.581e-17,1.611e-13,,8.602e-20,,6.283e-19,,1.312e-18,,2.560e-1,,2.189e-17,,5.497e-18,1.244e-16
446.32,4.201e+2,5.713e-21,5.527e-25,3.353e-44,8.720e-21,,,1.948e-19,3.095e-7,,3.649e-15,7.326e-21,3.873e-26,1.031e-17,1.907e-21,6.838e-15,7.541e-21,7.084e-8,,1.153e+0,3.295e-20,2.148e-28,5.194e+1,1.128e+2,4.254e-9,2.604e-1,1.920e-19,3.480e+0,2.612e-22,4.616e+1,2.378e-20,5.887e-29,8.247e-20,8.519e-23,1.050e-3,3.089e-17,2.485e-1,4.006e-17,,1.123e+2,2.392e+1,,6.755e+1,4.976e-19,,1.584e-17,9.435e-14,,8.601e-20,,6.282e-19,,1.312e-18,,2.684e-1,,2.189e-17,,5.506e-18,1.244e-16
446.35,4.353e+2,5.720e-21,1.224e-24,3.367e-44,1.134e-20,,,1.951e-19,5.150e-7,,3.649e-15,7.340e-21,3.890e-26,1.031e-17,1.907e-21,7.906e-15,7.540e-21,7.800e-8,,9.086e-1,3.298e-20,3.945e-28,4.940e+1,1.308e+2,4.605e-9,2.526e-1,1.920e-19,3.354e+0,2.617e-22,5.121e+1,2.379e-20,5.888e-29,8.249e-20,8.521e-23,1.555e-3,3.085e-17,2.876e-1,3.983e-17,,1.046e+2,2.782e+1,,6.634e+1,4.981e-19,,1.589e-17,4.199e-14,,8.599e-20,,6.281e-19,,1.310e-18,,2.894e-1,,2.188e-17,,5.518e-18,1.244e-16
446.37,4.467e+2,5.724e-21,2.070e-24,3.376e-44,1.308e-20,,,1.952e-19,7.197e-7,,3.648e-15,7.349e-21,3.901e-26,1.031e-17,1.907e-21,8.667e-15,7.539e-21,8.278e-8,,7.714e-1,3.299e-20,5.887e-28,4.798e+1,1.437e+2,4.831e-9,2.473e-1,1.920e-19,3.264e+0,2.620e-22,5.463e+1,2.380e-20,5.888e-29,8.251e-20,8.522e-23,2.010e-3,3.082e-17,3.165e-1,3.967e-17,,9.960e+1,3.063e+1,,6.528e+1,4.985e-19,,1.592e-17,2.436e-14,,8.597e-20,,6.281e-19,,1.310e-18,,3.047e-1,,2.188e-17,,5.527e-18,1.245e-16
446.4,4.657e+2,5.730e-21,4.520e-24,3.390e-44,1.570e-20,,,1.955e-19,1.181e-6,,3.648e-15,7.364e-21,3.918e-26,1.031e-17,1.908e-21,9.878e-15,7.538e-21,8.985e-8,,5.993e-1,3.302e-20,1.066e-27,4.620e+1,1.642e+2,5.154e-9,2.390e-1,1.921e-19,3.124e+0,2.624e-22,5.982e+1,2.380e-20,5.889e-29,8.253e-20,8.523e-23,2.933e-3,3.078e-17,3.638e-1,3.944e-17,,9.229e+1,3.515e+1,,6.333e+1,4.991e-19,,1.596e-17,1.069e-14,,8.595e-20,,6.280e-19,,1.308e-18,,3.293e-1,,2.187e-17,,5.540e-18,1.245e-16
446.42,4.795e+2,5.735e-21,7.572e-24,3.399e-44,2.776e-20,,,1.957e-19,1.634e-6,,3.648e-15,7.373e-21,3.929e-26,1.031e-17,1.908e-21,1.073e-14,7.538e-21,9.445e-8,,5.041e-1,3.303e-20,1.576e-27,4.520e+1,1.787e+2,5.356e-9,2.334e-1,1.921e-19,3.026e+0,2.627e-22,6.327e+1,2.381e-20,5.889e-29,8.254e-20,8.524e-23,3.756e-3,3.076e-17,3.980e-1,3.929e-17,,8.766e+1,3.836e+1,,6.180e+1,4.995e-19,,1.599e-17,6.140e-15,,8.594e-20,,6.279e-19,,1.308e-18,,3.464e-1,,2.187e-17,,5.548e-18,1.245e-16
446.45,5.018e+2,5.741e-21,1.630e-23,3.413e-44,6.483e-20,,,1.959e-19,2.643e-6,,3.647e-15,7.387e-21,3.946e-26,1.031e-17,1.908e-21,1.205e-14,7.537e-21,1.011e-7,,3.861e-1,3.306e-20,2.813e-27,4.394e+1,2.013e+2,5.632e-9,2.248e-1,1.921e-19,2.877e+0,2.632e-22,6.838e+1,2.382e-20,5.890e-29,8.256e-20,8.525e-23,5.404e-3,3.072e-17,4.529e-1,3.906e-17,,8.117e+1,4.344e+1,,5.920e+1,5.000e-19,,1.604e-17,2.654e-15,,8.592e-20,,6.279e-19,,1.306e-18,,3.728e-1,,2.186e-17,,5.561e-18,1.245e-16
446.47,5.175e+2,5.746e-21,2.705e-23,3.422e-44,1.136e-19,,,1.961e-19,3.624e-6,,3.647e-15,7.397e-21,3.957e-26,1.031e-17,1.908e-21,1.296e-14,7.536e-21,1.052e-7,,3.217e-1,3.307e-20,4.120e-27,4.320e+1,2.169e+2,5.797e-9,2.189e-1,1.921e-19,2.775e+0,2.635e-22,7.170e+1,2.382e-20,5.890e-29,8.258e-20,8.526e-23,6.855e-3,3.069e-17,4.917e-1,3.891e-17,,7.722e+1,4.698e+1,,5.727e+1,5.004e-19,,1.607e-17,1.510e-15,,8.591e-20,,6.278e-19,,1.305e-18,,3.906e-1,,2.186e-17,,5.570e-18,1.246e-16
446.5,5.422e+2,5.752e-21,5.741e-23,3.435e-44,2.615e-19,,,1.963e-19,5.777e-6,,3.647e-15,7.411e-21,3.974e-26,1.031e-17,1.908e-21,1.435e-14,7.535e-21,1.110e-7,,2.430e-1,3.310e-20,7.250e-27,4.221e+1,2.409e+2,6.009e-9,2.099e-1,1.922e-19,2.621e+0,2.640e-22,7.650e+1,2.383e-20,5.890e-29,8.260e-20,8.528e-23,9.722e-3,3.065e-17,5.527e-1,3.868e-17,,7.194e+1,5.245e+1,,5.413e+1,5.010e-19,,1.611e-17,6.434e-16,,8.589e-20,,6.277e-19,,1.304e-18,,4.172e-1,,2.185e-17,,5.582e-18,1.246e-16
446.52,5.592e+2,5.756e-21,9.435e-23,3.444e-44,4.538e-19,,,1.965e-19,7.846e-6,,3.646e-15,7.420e-21,3.985e-26,1.031e-17,1.908e-21,1.529e-14,7.534e-21,1.144e-7,,2.006e-1,3.311e-20,1.052e-26,4.158e+1,2.572e+2,6.125e-9,2.038e-1,1.922e-19,2.518e+0,2.643e-22,7.954e+1,2.383e-20,5.891e-29,8.261e-20,8.528e-23,1.222e-2,3.063e-17,5.949e-1,3.852e-17,,6.888e+1,5.619e+1,,5.190e+1,5.014e-19,,1.614e-17,3.625e-16,,8.587e-20,,6.277e-19,,1.303e-18,,4.346e-1,,2.185e-17,,5.591e-18,1.246e-16
446.55,5.851e+2,5.763e-21,1.974e-22,3.458e-44,1.030e-18,,,1.968e-19,1.233e-5,,3.646e-15,7.434e-21,4.002e-26,1.031e-17,1.908e-21,1.669e-14,7.533e-21,1.189e-7,,1.494e-1,3.313e-20,1.825e-26,4.065e+1,2.815e+2,6.259e-9,1.944e-1,1.922e-19,2.365e+0,2.648e-22,8.379e+1,2.384e-20,5.891e-29,8.263e-20,8.530e-23,1.708e-2,3.059e-17,6.599e-1,3.829e-17,,6.505e+1,6.186e+1,,4.839e+1,5.019e-19,,1.619e-17,1.522e-16,,8.585e-20,,6.276e-19,,1.302e-18,,4.597e-1,,2.185e-17,,5.604e-18,1.247e-16
446.57,6.024e+2,5.767e-21,3.214e-22,3.467e-44,1.771e-18,,,1.969e-19,1.659e-5,,3.646e-15,7.444e-21,4.013e-26,1.031e-17,1.908e-21,1.761e-14,7.532e-21,1.215e-7,,1.221e-1,3.315e-20,2.623e-26,4.000e+1,2.976e+2,6.319e-9,1.881e-1,1.922e-19,2.265e+0,2.651e-22,8.639e+1,2.385e-20,5.892e-29,8.265e-20,8.531e-23,2.126e-2,3.056e-17,7.040e-1,3.814e-17,,6.303e+1,6.565e+1,,4.598e+1,5.023e-19,,1.622e-17,1.514e-16,,8.584e-20,,6.275e-19,,1.301e-18,,4.757e-1,,2.184e-17,,5.612e-18,1.247e-16
446.59,6.196e+2,5.771e-21,5.213e-22,3.476e-44,3.032e-18,,,1.971e-19,2.223e-5,,3.645e-15,7.453e-21,4.024e-26,1.031e-17,1.909e-21,1.851e-14,7.532e-21,1.236e-7,,9.949e-2,3.317e-20,3.755e-26,3.933e+1,3.134e+2,6.356e-9,1.816e-1,1.922e-19,2.166e+0,2.654e-22,8.877e+1,2.385e-20,5.892e-29,8.266e-20,8.532e-23,2.636e-2,3.053e-17,7.482e-1,3.798e-17,,6.144e+1,6.940e+1,,4.352e+1,5.027e-19,,1.625e-17,1.505e-16,,8.583e-20,,6.275e-19,,1.301e-18,,4.907e-1,,2.184e-17,,5.621e-18,1.247e-16
446.62,6.446e+2,5.778e-21,1.069e-21,3.490e-44,6.747e-18,,,1.974e-19,3.425e-5,,3.645e-15,7.467e-21,4.041e-26,1.031e-17,1.909e-21,1.980e-14,7.531e-21,1.259e-7,,7.265e-2,3.319e-20,6.386e-26,3.823e+1,3.363e+2,6.365e-9,1.717e-1,1.923e-19,2.023e+0,2.659e-22,9.188e+1,2.386e-20,5.893e-29,8.268e-20,8.533e-23,3.613e-2,3.049e-17,8.140e-1,3.775e-17,,5.987e+1,7.490e+1,,3.981e+1,5.033e-19,,1.629e-17,1.492e-16,,8.581e-20,,6.274e-19,,1.299e-18,,5.114e-1,,2.183e-17,,5.634e-18,1.247e-16
446.64,6.605e+2,5.782e-21,1.718e-21,3.499e-44,1.145e-17,,,1.975e-19,4.547e-5,,3.645e-15,7.477e-21,4.052e-26,1.031e-17,1.909e-21,2.062e-14,7.530e-21,1.269e-7,,5.863e-2,3.321e-20,9.057e-26,3.743e+1,3.508e+2,6.340e-9,1.650e-1,1.923e-19,1.931e+0,2.662e-22,9.363e+1,2.386e-20,5.893e-29,8.269e-20,8.534e-23,4.437e-2,3.047e-17,8.570e-1,3.760e-17,,5.936e+1,7.843e+1,,3.733e+1,5.037e-19,,1.632e-17,1.484e-16,,8.579e-20,,6.273e-19,,1.299e-18,,5.237e-1,,2.183e-17,,5.642e-18,1.248e-16
446.67,6.828e+2,5.789e-21,3.474e-21,3.513e-44,2.511e-17,,,1.978e-19,6.905e-5,,3.644e-15,7.491e-21,4.069e-26,1.031e-17,1.909e-21,2.174e-14,7.529e-21,1.274e-7,,4.221e-2,3.323e-20,1.519e-25,3.611e+1,3.710e+2,6.259e-9,1.549e-1,1.923e-19,1.798e+0,2.666e-22,9.572e+1,2.387e-20,5.894e-29,8.272e-20,8.535e-23,5.996e-2,3.043e-17,9.194e-1,3.737e-17,,5.938e+1,8.344e+1,,3.367e+1,5.042e-19,,1.637e-17,1.471e-16,,8.577e-20,,6.273e-19,,1.297e-18,,5.396e-1,,2.182e-17,,5.655e-18,1.248e-16
446.69,6.964e+2,5.793e-21,5.529e-21,3.522e-44,4.219e-17,,,1.980e-19,9.079e-5,,3.644e-15,7.500e-21,4.080e-26,1.031e-17,1.909e-21,2.242e-14,7.528e-21,1.272e-7,,3.375e-2,3.324e-20,2.134e-25,3.515e+1,3.833e+2,6.175e-9,1.480e-1,1.923e-19,1.714e+0,2.669e-22,9.675e+1,2.388e-20,5.894e-29,8.273e-20,8.536e-23,7.294e-2,3.040e-17,9.589e-1,3.722e-17,,5.989e+1,8.655e+1,,3.128e+1,5.046e-19,,1.640e-17,1.462e-16,,8.576e-20,,6.272e-19,,1.296e-18,,5.483e-1,,2.182e-17,,5.663e-18,1.248e-16
446.72,7.142e+2,5.800e-21,1.102e-20,3.536e-44,9.126e-17,,,1.982e-19,1.359e-4,,3.643e-15,7.515e-21,4.097e-26,1.031e-17,1.909e-21,2.331e-14,7.527e-21,1.259e-7,,2.396e-2,3.327e-20,3.528e-25,3.359e+1,3.996e+2,6.009e-9,1.377e-1,1.924e-19,1.596e+0,2.674e-22,9.771e+1,2.388e-20,5.895e-29,8.275e-20,8.537e-23,9.717e-2,3.036e-17,1.014e+0,3.699e-17,,6.135e+1,9.078e+1,,2.781e+1,5.052e-19,,1.644e-17,1.449e-16,,8.574e-20,,6.271e-19,,1.295e-18,,5.585e-1,,2.181e-17,,5.676e-18,1.249e-16
446.74,7.243e+2,5.804e-21,1.738e-20,3.545e-44,1.519e-16,,,1.984e-19,1.770e-4,,3.643e-15,7.524e-21,4.108e-26,1.031e-17,1.909e-21,2.380e-14,7.526e-21,1.245e-7,,1.898e-2,3.328e-20,4.910e-25,3.246e+1,4.089e+2,5.872e-9,1.308e-1,1.924e-19,1.522e+0,2.677e-22,9.795e+1,2.389e-20,5.895e-29,8.276e-20,8.538e-23,1.171e-1,3.034e-17,1.048e+0,3.683e-17,,6.276e+1,9.327e+1,,2.560e+1,5.056e-19,,1.647e-17,1.441e-16,,8.573e-20,,6.271e-19,,1.294e-18,,5.632e-1,,2.181e-17,,5.685e-18,1.249e-16
446.77,7.363e+2,5.810e-21,3.415e-20,3.559e-44,3.240e-16,,,1.986e-19,2.613e-4,,3.643e-15,7.538e-21,4.125e-26,1.031e-17,1.909e-21,2.439e-14,7.525e-21,1.215e-7,,1.328e-2,3.331e-20,8.003e-25,3.068e+1,4.202e+2,5.632e-9,1.205e-1,1.924e-19,1.419e+0,2.682e-22,9.773e+1,2.390e-20,5.896e-29,8.279e-20,8.540e-23,1.538e-1,3.030e-17,1.092e+0,3.660e-17,,6.542e+1,9.645e+1,,2.244e+1,5.061e-19,,1.652e-17,1.428e-16,,8.571e-20,,6.270e-19,,1.293e-18,,5.670e-1,,2.181e-17,,5.698e-18,1.249e-16
446.79,7.420e+2,5.815e-21,5.333e-20,3.568e-44,5.342e-16,,,1.988e-19,3.371e-4,,3.642e-15,7.548e-21,4.136e-26,1.031e-17,1.910e-21,2.467e-14,7.525e-21,1.189e-7,,1.042e-2,3.332e-20,1.103e-24,2.942e+1,4.259e+2,5.451e-9,1.137e-1,1.924e-19,1.356e+0,2.685e-22,9.719e+1,2.390e-20,5.896e-29,8.280e-20,8.541e-23,1.836e-1,3.027e-17,1.118e+0,3.645e-17,,6.752e+1,9.816e+1,,2.046e+1,5.065e-19,,1.655e-17,1.419e-16,,8.569e-20,,6.269e-19,,1.292e-18,,5.674e-1,,2.180e-17,,5.706e-18,1.249e-16
446.82,7.468e+2,5.821e-21,1.033e-19,3.581e-44,1.123e-15,,,1.991e-19,4.905e-4,,3.642e-15,7.562e-21,4.153e-26,1.031e-17,1.910e-21,2.492e-14,7.524e-21,1.144e-7,,7.193e-3,3.335e-20,1.773e-24,2.746e+1,4.314e+2,5.154e-9,1.036e-1,1.925e-19,1.268e+0,2.690e-22,9.581e+1,2.391e-20,5.896e-29,8.282e-20,8.542e-23,2.377e-1,3.023e-17,1.149e+0,3.622e-17,,7.106e+1,1.001e+2,,1.768e+1,5.071e-19,,1.659e-17,1.406e-16,,8.567e-20,,6.269e-19,,1.291e-18,,5.646e-1,,2.180e-17,,5.719e-18,1.250e-16
446.84,7.475e+2,5.825e-21,1.598e-19,3.591e-44,1.834e-15,,,1.992e-19,6.268e-4,,3.642e-15,7.571e-21,4.164e-26,1.031e-17,1.910e-21,2.497e-14,7.523e-21,1.110e-7,,5.592e-3,3.336e-20,2.421e-24,2.612e+1,4.331e+2,4.941e-9,9.702e-2,1.925e-19,1.215e+0,2.693e-22,9.453e+1,2.391e-20,5.897e-29,8.283e-20,8.543e-23,2.810e-1,3.021e-17,1.165e+0,3.606e-17,,7.362e+1,1.009e+2,,1.597e+1,5.075e-19,,1.662e-17,1.398e-16,,8.566e-20,,6.268e-19,,1.290e-18,,5.606e-1,,2.179e-17,,5.727e-18,1.250e-16
446.87,7.447e+2,5.832e-21,3.053e-19,3.604e-44,3.802e-15,,,1.995e-19,8.990e-4,,3.641e-15,7.585e-21,4.181e-26,1.031e-17,1.910e-21,2.487e-14,7.522e-21,1.052e-7,,3.806e-3,3.339e-20,3.836e-24,2.408e+1,4.324e+2,4.605e-9,8.743e-2,1.925e-19,1.142e+0,2.697e-22,9.209e+1,2.392e-20,5.897e-29,8.285e-20,8.544e-23,3.587e-1,3.017e-17,1.181e+0,3.583e-17,,7.767e+1,1.015e+2,,1.360e+1,5.080e-19,,1.667e-17,1.385e-16,,8.564e-20,,6.267e-19,,1.289e-18,,5.514e-1,,2.179e-17,,5.740e-18,1.250e-16
446.89,7.401e+2,5.836e-21,4.679e-19,3.613e-44,6.151e-15,,,1.997e-19,1.138e-3,,3.641e-15,7.595e-21,4.192e-26,1.031e-17,1.910e-21,2.468e-14,7.521e-21,1.011e-7,,2.931e-3,3.340e-20,5.189e-24,2.271e+1,4.300e+2,4.372e-9,8.125e-2,1.925e-19,1.098e+0,2.700e-22,9.014e+1,2.393e-20,5.898e-29,8.287e-20,8.545e-23,4.201e-1,3.014e-17,1.186e+0,3.568e-17,,8.043e+1,1.013e+2,,1.217e+1,5.084e-19,,1.670e-17,1.376e-16,,8.563e-20,,6.267e-19,,1.288e-18,,5.432e-1,,2.178e-17,,5.749e-18,1.250e-16
446.92,7.293e+2,5.843e-21,8.811e-19,3.627e-44,1.257e-14,,,1.999e-19,1.609e-3,,3.641e-15,7.609e-21,4.209e-26,1.031e-17,1.910e-21,2.422e-14,7.520e-21,9.445e-8,,1.967e-3,3.343e-20,8.107e-24,2.066e+1,4.232e+2,4.017e-9,7.235e-2,1.926e-19,1.039e+0,2.705e-22,8.678e+1,2.393e-20,5.898e-29,8.289e-20,8.547e-23,5.287e-1,3.010e-17,1.185e+0,3.545e-17,,8.458e+1,1.005e+2,,1.022e+1,5.090e-19,,1.674e-17,1.363e-16,,8.561e-20,,6.266e-19,,1.287e-18,,5.281e-1,,2.178e-17,,5.762e-18,1.251e-16
446.94,7.196e+2,5.847e-21,1.337e-18,3.636e-44,2.014e-14,,,2.001e-19,2.018e-3,,3.640e-15,7.618e-21,4.220e-26,1.031e-17,1.910e-21,2.381e-14,7.519e-21,8.985e-8,,1.501e-3,3.344e-20,1.086e-23,1.932e+1,4.168e+2,3.777e-9,6.670e-2,1.926e-19,1.003e+0,2.708e-22,8.428e+1,2.394e-20,5.899e-29,8.290e-20,8.547e-23,6.134e-1,3.008e-17,1.179e+0,3.530e-17,,8.728e+1,9.948e+1,,9.052e+0,5.094e-19,,1.677e-17,1.355e-16,,8.559e-20,,6.265e-19,,1.286e-18,,5.163e-1,,2.177e-17,,5.770e-18,1.251e-16
446.96,7.079e+2,5.851e-21,2.022e-18,3.645e-44,3.216e-14,,,2.002e-19,2.520e-3,,3.640e-15,7.628e-21,4.232e-26,1.031e-17,1.910e-21,2.331e-14,7.519e-21,8.516e-8,,1.141e-3,3.346e-20,1.450e-23,1.800e+1,4.089e+2,3.539e-9,6.128e-2,1.926e-19,9.695e-1,2.711e-22,8.159e+1,2.394e-20,5.899e-29,8.292e-20,8.548e-23,7.089e-1,3.005e-17,1.169e+0,3.514e-17,,8.988e+1,9.812e+1,,7.989e+0,5.098e-19,,1.680e-17,1.346e-16,,8.558e-20,,6.265e-19,,1.285e-18,,5.032e-1,,2.177e-17,,5.779e-18,1.251e-16
446.99,6.868e+2,5.858e-21,3.733e-18,3.659e-44,6.443e-14,,,2.005e-19,3.493e-3,,3.640e-15,7.642e-21,4.248e-26,1.031e-17,1.911e-21,2.243e-14,7.518e-21,7.800e-8,,7.505e-4,3.348e-20,2.221e-23,1.610e+1,3.944e+2,3.186e-9,5.363e-2,1.926e-19,9.243e-1,2.716e-22,7.727e+1,2.395e-20,5.900e-29,8.294e-20,8.550e-23,8.746e-1,3.001e-17,1.146e+0,3.491e-17,,9.351e+1,9.547e+1,,6.576e+0,5.103e-19,,1.685e-17,1.333e-16,,8.556e-20,,6.264e-19,,1.284e-18,,4.813e-1,,2.177e-17,,5.791e-18,1.252e-16
447.01,6.707e+2,5.862e-21,5.592e-18,3.668e-44,1.019e-13,,,2.007e-19,4.322e-3,,3.639e-15,7.652e-21,4.260e-26,1.031e-17,1.911e-21,2.175e-14,7.517e-21,7.322e-8,,5.651e-4,3.350e-20,2.937e-23,1.488e+1,3.833e+2,2.956e-9,4.887e-2,1.927e-19,8.968e-1,2.719e-22,7.423e+1,2.396e-20,5.900e-29,8.295e-20,8.551e-23,1.001e+0,2.998e-17,1.126e+0,3.476e-17,,9.570e+1,9.334e+1,,5.748e+0,5.107e-19,,1.688e-17,1.325e-16,,8.555e-20,,6.263e-19,,1.283e-18,,4.654e-1,,2.176e-17,,5.800e-18,1.252e-16
447.04,6.436e+2,5.869e-21,1.018e-17,3.682e-44,2.013e-13,,,2.009e-19,5.905e-3,,3.639e-15,7.666e-21,4.276e-26,1.031e-17,1.911e-21,2.063e-14,7.516e-21,6.611e-8,,3.667e-4,3.352e-20,4.434e-23,1.316e+1,3.645e+2,2.624e-9,4.224e-2,1.927e-19,8.588e-1,2.724e-22,6.948e+1,2.397e-20,5.901e-29,8.297e-20,8.552e-23,1.218e+0,2.994e-17,1.089e+0,3.453e-17,,9.856e+1,8.966e+1,,4.664e+0,5.113e-19,,1.692e-17,1.312e-16,,8.553e-20,,6.263e-19,,1.282e-18,,4.400e-1,,2.176e-17,,5.813e-18,1.252e-16
447.06,6.239e+2,5.873e-21,1.510e-17,3.691e-44,3.153e-13,,,2.011e-19,7.236e-3,,3.639e-15,7.675e-21,4.288e-26,1.031e-17,1.911e-21,1.982e-14,7.515e-21,6.147e-8,,2.735e-4,3.354e-20,5.808e-23,1.209e+1,3.508e+2,2.411e-9,3.817e-2,1.927e-19,8.352e-1,2.727e-22,6.623e+1,2.397e-20,5.901e-29,8.299e-20,8.553e-23,1.381e+0,2.992e-17,1.061e+0,3.437e-17,,1.001e+2,8.692e+1,,4.038e+0,5.117e-19,,1.695e-17,1.303e-16,,8.551e-20,,6.262e-19,,1.281e-18,,4.221e-1,,2.175e-17,,5.821e-18,1.252e-16
447.09,5.923e+2,5.879e-21,2.709e-17,3.705e-44,6.139e-13,,,2.014e-19,9.748e-3,,3.638e-15,7.689e-21,4.304e-26,1.031e-17,1.911e-21,1.854e-14,7.514e-21,5.471e-8,,1.750e-4,3.356e-20,8.646e-23,1.061e+1,3.288e+2,2.109e-9,3.261e-2,1.927e-19,8.019e-1,2.731e-22,6.127e+1,2.398e-20,5.902e-29,8.301e-20,8.554e-23,1.656e+0,2.988e-17,1.013e+0,3.414e-17,,1.020e+2,8.247e+1,,3.230e+0,5.122e-19,,1.700e-17,1.290e-16,,8.549e-20,,6.261e-19,,1.280e-18,,3.944e-1,,2.175e-17,,5.834e-18,1.253e-16
447.11,5.700e+2,5.884e-21,3.982e-17,3.714e-44,9.528e-13,,,2.015e-19,1.183e-2,,3.638e-15,7.699e-21,4.316e-26,1.031e-17,1.911e-21,1.764e-14,7.513e-21,5.038e-8,,1.293e-4,3.357e-20,1.122e-22,9.710e+0,3.134e+2,1.920e-9,2.925e-2,1.928e-19,7.808e-1,2.735e-22,5.795e+1,2.398e-20,5.902e-29,8.302e-20,8.555e-23,1.860e+0,2.985e-17,9.789e-1,3.399e-17,,1.028e+2,7.933e+1,,2.770e+0,5.126e-19,,1.703e-17,1.282e-16,,8.548e-20,,6.261e-19,,1.279e-18,,3.755e-1,,2.174e-17,,5.843e-18,1.253e-16
447.14,5.354e+2,5.890e-21,7.044e-17,3.727e-44,1.829e-12,,,2.018e-19,1.571e-2,,3.637e-15,7.713e-21,4.332e-26,1.031e-17,1.911e-21,1.627e-14,7.512e-21,4.420e-8,,8.161e-5,3.360e-20,1.646e-22,8.506e+0,2.896e+2,1.656e-9,2.474e-2,1.928e-19,7.501e-1,2.739e-22,5.299e+1,2.399e-20,5.903e-29,8.304e-20,8.556e-23,2.199e+0,2.981e-17,9.247e-1,3.376e-17,,1.035e+2,7.443e+1,,2.184e+0,5.132e-19,,1.707e-17,1.269e-16,,8.546e-20,,6.260e-19,,1.278e-18,,3.468e-1,,2.174e-17,,5.855e-18,1.253e-16
447.16,5.118e+2,5.895e-21,1.025e-16,3.737e-44,2.812e-12,,,2.019e-19,1.889e-2,,3.637e-15,7.722e-21,4.344e-26,1.031e-17,1.911e-21,1.534e-14,7.512e-21,4.031e-8,,5.975e-5,3.361e-20,2.116e-22,7.802e+0,2.734e+2,1.493e-9,2.206e-2,1.928e-19,7.301e-1,2.742e-22,4.973e+1,2.400e-20,5.903e-29,8.306e-20,8.557e-23,2.446e+0,2.979e-17,8.872e-1,3.360e-17,,1.035e+2,7.109e+1,,1.855e+0,5.136e-19,,1.710e-17,1.260e-16,,8.545e-20,,6.259e-19,,1.277e-18,,3.275e-1,,2.173e-17,,5.864e-18,1.253e-16
447.19,4.760e+2,5.901e-21,1.788e-16,3.750e-44,5.321e-12,,,2.022e-19,2.473e-2,,3.637e-15,7.737e-21,4.360e-26,1.031e-17,1.912e-21,1.396e-14,7.511e-21,3.486e-8,,3.717e-5,3.364e-20,3.062e-22,6.902e+0,2.490e+2,1.269e-9,1.855e-2,1.928e-19,7.005e-1,2.747e-22,4.495e+1,2.400e-20,5.903e-29,8.308e-20,8.559e-23,2.851e+0,2.975e-17,8.302e-1,3.337e-17,,1.029e+2,6.604e+1,,1.441e+0,5.141e-19,,1.715e-17,1.247e-16,,8.543e-20,,6.259e-19,,1.276e-18,,2.989e-1,,2.173e-17,,5.877e-18,1.254e-16
447.21,4.521e+2,5.905e-21,2.579e-16,3.759e-44,8.104e-12,,,2.024e-19,2.946e-2,,3.636e-15,7.746e-21,4.372e-26,1.031e-17,1.912e-21,1.305e-14,7.510e-21,3.149e-8,,2.696e-5,3.365e-20,3.899e-22,6.408e+0,2.329e+2,1.133e-9,1.652e-2,1.929e-19,6.807e-1,2.750e-22,4.185e+1,2.401e-20,5.904e-29,8.309e-20,8.560e-23,3.142e+0,2.972e-17,7.923e-1,3.322e-17,,1.021e+2,6.271e+1,,1.212e+0,5.145e-19,,1.718e-17,1.239e-16,,8.542e-20,,6.258e-19,,1.275e-18,,2.801e-1,,2.172e-17,,5.885e-18,1.254e-16
447.24,4.167e+2,5.912e-21,4.434e-16,3.773e-44,1.512e-11,,,2.026e-19,3.802e-2,,3.636e-15,7.760e-21,4.388e-26,1.031e-17,1.912e-21,1.173e-14,7.509e-21,2.684e-8,,1.654e-5,3.368e-20,5.562e-22,5.831e+0,2.091e+2,9.493e-10,1.394e-2,1.929e-19,6.510e-1,2.755e-22,3.738e+1,2.402e-20,5.904e-29,8.311e-20,8.561e-23,3.610e+0,2.968e-17,7.366e-1,3.299e-17,,1.004e+2,5.780e+1,,9.288e-1,5.151e-19,,1.722e-17,1.226e-16,,8.540e-20,,6.257e-19,,1.274e-18,,2.526e-1,,2.172e-17,,5.898e-18,1.254e-16
447.26,3.936e+2,5.916e-21,6.334e-16,3.782e-44,2.281e-11,,,2.028e-19,4.485e-2,,3.636e-15,7.770e-21,4.400e-26,1.031e-17,1.912e-21,1.088e-14,7.508e-21,2.402e-8,,1.188e-5,3.369e-20,7.016e-22,5.557e+0,1.937e+2,8.396e-10,1.251e-2,1.929e-19,6.310e-1,2.758e-22,3.453e+1,2.402e-20,5.905e-29,8.313e-20,8.562e-23,3.942e+0,2.966e-17,7.009e-1,3.284e-17,,9.891e+1,5.464e+1,,7.738e-1,5.155e-19,,1.726e-17,1.217e-16,,8.538e-20,,6.257e-19,,1.273e-18,,2.349e-1,,2.172e-17,,5.907e-18,1.255e-16
447.29,3.601e+2,5.923e-21,1.074e-15,3.796e-44,4.196e-11,,,2.031e-19,5.706e-2,,3.635e-15,7.784e-21,4.416e-26,1.031e-17,1.912e-21,9.668e-15,7.507e-21,2.018e-8,,7.189e-6,3.372e-20,9.867e-22,5.318e+0,1.714e+2,6.934e-10,1.079e-2,1.929e-19,6.006e-1,2.762e-22,3.048e+1,2.403e-20,5.905e-29,8.315e-20,8.563e-23,4.465e+0,2.962e-17,6.504e-1,3.261e-17,,9.619e+1,5.011e+1,,5.843e-1,5.160e-19,,1.730e-17,1.204e-16,,8.536e-20,,6.256e-19,,1.272e-18,,2.093e-1,,2.171e-17,,5.919e-18,1.255e-16
447.31,3.386e+2,5.927e-21,1.519e-15,3.805e-44,6.270e-11,,,2.032e-19,6.667e-2,,3.635e-15,7.793e-21,4.428e-26,1.031e-17,1.912e-21,8.912e-15,7.506e-21,1.789e-8,,5.118e-6,3.373e-20,1.233e-21,5.275e+0,1.572e+2,6.074e-10,9.917e-3,1.930e-19,5.802e-1,2.766e-22,2.794e+1,2.403e-20,5.906e-29,8.316e-20,8.564e-23,4.829e+0,2.959e-17,6.193e-1,3.245e-17,,9.410e+1,4.726e+1,,4.822e-1,5.164e-19,,1.733e-17,1.196e-16,,8.535e-20,,6.255e-19,,1.271e-18,,1.931e-1,,2.171e-17,,5.928e-18,1.255e-16
447.34,3.080e+2,5.933e-21,2.539e-15,3.819e-44,1.137e-10,,,2.035e-19,8.362e-2,,3.634e-15,7.807e-21,4.444e-26,1.031e-17,1.912e-21,7.861e-15,7.505e-21,1.481e-8,,3.053e-6,3.376e-20,1.710e-21,5.390e+0,1.372e+2,4.945e-10,9.005e-3,1.930e-19,5.492e-1,2.770e-22,2.437e+1,2.404e-20,5.906e-29,8.318e-20,8.566e-23,5.393e+0,2.955e-17,5.772e-1,3.222e-17,,9.064e+1,4.326e+1,,3.589e-1,5.170e-19,,1.738e-17,1.183e-16,,8.533e-20,,6.255e-19,,1.270e-18,,1.700e-1,,2.170e-17,,5.941e-18,1.256e-16
447.36,2.887e+2,5.938e-21,3.558e-15,3.828e-44,1.683e-10,,,2.036e-19,9.679e-2,,3.634e-15,7.817e-21,4.456e-26,1.031e-17,1.912e-21,7.223e-15,7.505e-21,1.300e-8,,2.153e-6,3.377e-20,2.116e-21,5.589e+0,1.246e+2,4.291e-10,8.658e-3,1.930e-19,5.285e-1,2.773e-22,2.216e+1,2.405e-20,5.907e-29,8.319e-20,8.566e-23,5.778e+0,2.953e-17,5.526e-1,3.207e-17,,8.814e+1,4.080e+1,,2.933e-1,5.174e-19,,1.741e-17,1.174e-16,,8.532e-20,,6.254e-19,,1.269e-18,,1.556e-1,,2.170e-17,,5.949e-18,1.256e-16
447.38,2.706e+2,5.942e-21,4.968e-15,3.837e-44,2.482e-10,,,2.038e-19,1.116e-1,,3.634e-15,7.826e-21,4.467e-26,1.031e-17,1.913e-21,6.636e-15,7.504e-21,1.137e-8,,1.513e-6,3.379e-20,2.609e-21,5.889e+0,1.128e+2,3.709e-10,8.519e-3,1.930e-19,5.077e-1,2.776e-22,2.008e+1,2.405e-20,5.907e-29,8.321e-20,8.567e-23,6.167e+0,2.950e-17,5.309e-1,3.191e-17,,8.555e+1,3.851e+1,,2.388e-1,5.178e-19,,1.744e-17,1.166e-16,,8.530e-20,,6.254e-19,,1.268e-18,,1.419e-1,,2.169e-17,,5.958e-18,1.256e-16
447.41,2.453e+2,5.948e-21,8.139e-15,3.851e-44,4.413e-10,,,2.041e-19,1.372e-1,,3.633e-15,7.840e-21,4.484e-26,1.031e-17,1.913e-21,5.859e-15,7.503e-21,9.230e-9,,8.848e-7,3.381e-20,3.546e-21,6.532e+0,9.646e+1,2.959e-10,8.702e-3,1.931e-19,4.766e-1,2.781e-22,1.722e+1,2.406e-20,5.908e-29,8.323e-20,8.569e-23,6.752e+0,2.946e-17,5.043e-1,3.168e-17,,8.153e+1,3.540e+1,,1.742e-1,5.183e-19,,1.748e-17,1.153e-16,,8.528e-20,,6.253e-19,,1.267e-18,,1.228e-1,,2.169e-17,,5.971e-18,1.256e-16
447.43,2.299e+2,5.953e-21,1.126e-14,3.860e-44,6.447e-10,,,2.042e-19,1.567e-1,,3.633e-15,7.850e-21,4.495e-26,1.031e-17,1.913e-21,5.411e-15,7.502e-21,7.993e-9,,6.159e-7,3.383e-20,4.331e-21,7.094e+0,8.649e+1,2.533e-10,9.091e-3,1.931e-19,4.560e-1,2.784e-22,1.548e+1,2.406e-20,5.908e-29,8.324e-20,8.570e-23,7.139e+0,2.943e-17,4.908e-1,3.153e-17,,7.882e+1,3.353e+1,,1.405e-1,5.187e-19,,1.751e-17,1.144e-16,,8.527e-20,,6.252e-19,,1.266e-18,,1.111e-1,,2.168e-17,,5.979e-18,1.257e-16
447.46,2.090e+2,5.959e-21,1.818e-14,3.873e-44,1.130e-9,,,2.045e-19,1.899e-1,,3.633e-15,7.864e-21,4.512e-26,1.031e-17,1.913e-21,4.850e-15,7.501e-21,6.396e-9,,3.552e-7,3.385e-20,5.805e-21,8.142e+0,7.289e+1,1.992e-10,1.009e-2,1.931e-19,4.257e-1,2.789e-22,1.312e+1,2.407e-20,5.909e-29,8.326e-20,8.571e-23,7.707e+0,2.940e-17,4.769e-1,3.130e-17,,7.477e+1,3.105e+1,,1.010e-1,5.193e-19,,1.756e-17,1.131e-16,,8.525e-20,,6.251e-19,,1.265e-18,,9.502e-2,,2.168e-17,,5.992e-18,1.257e-16
447.48,1.965e+2,5.964e-21,2.491e-14,3.883e-44,1.635e-9,,,2.047e-19,2.149e-1,,3.632e-15,7.873e-21,4.523e-26,1.031e-17,1.913e-21,4.550e-15,7.500e-21,5.486e-9,,2.450e-7,3.387e-20,7.023e-21,8.980e+0,6.473e+1,1.689e-10,1.103e-2,1.931e-19,4.058e-1,2.792e-22,1.169e+1,2.408e-20,5.909e-29,8.328e-20,8.572e-23,8.073e+0,2.937e-17,4.719e-1,3.115e-17,,7.214e+1,2.959e+1,,8.068e-2,5.197e-19,,1.759e-17,1.123e-16,,8.524e-20,,6.251e-19,,1.264e-18,,8.526e-2,,2.168e-17,,6.000e-18,1.257e-16
447.51,1.799e+2,5.970e-21,3.966e-14,3.896e-44,2.826e-9,,,2.049e-19,2.567e-1,,3.632e-15,7.888e-21,4.540e-26,1.031e-17,1.913e-21,4.212e-15,7.499e-21,4.327e-9,,1.393e-7,3.389e-20,9.280e-21,1.045e+1,5.378e+1,1.309e-10,1.291e-2,1.932e-19,3.769e-1,2.797e-22,9.785e+0,2.408e-20,5.909e-29,8.330e-20,8.573e-23,8.594e+0,2.933e-17,4.708e-1,3.092e-17,,6.836e+1,2.767e+1,,5.718e-2,5.202e-19,,1.763e-17,1.110e-16,,8.522e-20,,6.250e-19,,1.263e-18,,7.202e-2,,2.167e-17,,6.013e-18,1.257e-16
447.53,1.703e+2,5.974e-21,5.382e-14,3.905e-44,4.051e-9,,,2.051e-19,2.877e-1,,3.632e-15,7.897e-21,4.551e-26,1.031e-17,1.913e-21,4.063e-15,7.499e-21,3.677e-9,,9.518e-8,3.390e-20,1.112e-20,1.158e+1,4.731e+1,1.100e-10,1.447e-2,1.932e-19,3.583e-1,2.800e-22,8.653e+0,2.409e-20,5.910e-29,8.331e-20,8.574e-23,8.918e+0,2.930e-17,4.742e-1,3.076e-17,,6.599e+1,2.656e+1,,4.523e-2,5.206e-19,,1.766e-17,1.101e-16,,8.520e-20,,6.249e-19,,1.262e-18,,6.409e-2,,2.167e-17,,6.022e-18,1.258e-16
447.56,1.578e+2,5.981e-21,8.449e-14,3.919e-44,6.903e-9,,,2.053e-19,3.389e-1,,3.631e-15,7.911e-21,4.568e-26,1.031e-17,1.913e-21,3.953e-15,7.498e-21,2.858e-9,,5.337e-8,3.393e-20,1.449e-20,1.348e+1,3.876e+1,8.403e-11,1.733e-2,1.932e-19,3.315e-1,2.804e-22,7.151e+0,2.410e-20,5.910e-29,8.333e-20,8.575e-23,9.362e+0,2.926e-17,4.854e-1,3.053e-17,,6.270e+1,2.512e+1,,3.160e-2,5.212e-19,,1.771e-17,1.088e-16,,8.518e-20,,6.249e-19,,1.261e-18,,5.347e-2,,2.166e-17,,6.035e-18,1.258e-16
447.58,1.508e+2,5.985e-21,1.136e-13,3.928e-44,9.801e-9,,,2.055e-19,3.762e-1,,3.631e-15,7.921e-21,4.579e-26,1.031e-17,1.914e-21,3.956e-15,7.497e-21,2.405e-9,,3.612e-8,3.394e-20,1.720e-20,1.490e+1,3.377e+1,6.990e-11,1.958e-2,1.932e-19,3.145e-1,2.807e-22,6.271e+0,2.410e-20,5.911e-29,8.335e-20,8.576e-23,9.626e+0,2.924e-17,4.966e-1,3.038e-17,,6.072e+1,2.428e+1,,2.476e-2,5.216e-19,,1.774e-17,1.080e-16,,8.517e-20,,6.248e-19,,1.260e-18,,4.719e-2,,2.166e-17,,6.043e-18,1.258e-16
447.61,1.422e+2,5.992e-21,1.758e-13,3.942e-44,1.647e-8,,,2.058e-19,4.368e-1,,3.631e-15,7.935e-21,4.596e-26,1.031e-17,1.914e-21,4.073e-15,7.496e-21,1.843e-9,,1.997e-8,3.397e-20,2.209e-20,1.724e+1,2.728e+1,5.265e-11,2.354e-2,1.933e-19,2.903e-1,2.812e-22,5.117e+0,2.411e-20,5.911e-29,8.337e-20,8.578e-23,9.967e+0,2.920e-17,5.187e-1,3.015e-17,4.819e-20,5.810e+1,2.318e+1,,1.705e-2,5.221e-19,,1.778e-17,1.067e-16,,8.515e-20,,6.247e-19,,1.259e-18,,3.888e-2,,2.165e-17,,6.056e-18,1.259e-16
447.63,1.376e+2,5.996e-21,2.341e-13,3.951e-44,2.316e-8,,,2.059e-19,4.802e-1,,3.630e-15,7.944e-21,4.607e-26,1.031e-17,1.914e-21,4.226e-15,7.495e-21,1.536e-9,,1.339e-8,3.398e-20,2.598e-20,1.894e+1,2.356e+1,4.337e-11,2.657e-2,1.933e-19,2.751e-1,2.815e-22,4.449e+0,2.411e-20,5.912e-29,8.338e-20,8.579e-23,1.016e+1,2.917e-17,5.367e-1,2.999e-17,8.513e-20,5.660e+1,2.254e+1,,1.323e-2,5.225e-19,,1.781e-17,1.058e-16,,8.514e-20,,6.247e-19,,1.258e-18,,3.403e-2,,2.165e-17,,6.064e-18,1.259e-16
447.66,1.323e+2,6.002e-21,3.571e-13,3.965e-44,3.836e-8,,,2.062e-19,5.497e-1,,3.630e-15,7.958e-21,4.624e-26,1.031e-17,1.914e-21,4.567e-15,7.494e-21,1.161e-9,,7.302e-9,3.401e-20,3.290e-20,2.168e+1,1.878e+1,3.220e-11,3.174e-2,1.933e-19,2.539e-1,2.820e-22,3.584e+0,2.412e-20,5.912e-29,8.340e-20,8.580e-23,1.038e+1,2.913e-17,5.680e-1,2.976e-17,1.984e-19,5.476e+1,2.167e+1,,8.979e-3,5.231e-19,,1.786e-17,1.045e-16,,8.512e-20,,6.246e-19,,1.257e-18,,2.768e-2,,2.164e-17,,6.077e-18,1.259e-16
447.68,1.297e+2,6.007e-21,4.711e-13,3.974e-44,5.345e-8,,,2.064e-19,5.987e-1,,3.630e-15,7.968e-21,4.635e-26,1.031e-17,1.914e-21,4.868e-15,7.493e-21,9.581e-10,,4.851e-9,3.402e-20,3.833e-20,2.363e+1,1.608e+1,2.628e-11,3.563e-2,1.933e-19,2.407e-1,2.823e-22,3.090e+0,2.413e-20,5.913e-29,8.342e-20,8.581e-23,1.048e+1,2.911e-17,5.914e-1,2.961e-17,3.473e-19,5.380e+1,2.114e+1,,6.902e-3,5.235e-19,,1.789e-17,1.037e-16,,8.510e-20,,6.245e-19,,1.256e-18,,2.402e-2,,2.164e-17,,6.086e-18,1.259e-16
447.71,1.272e+2,6.013e-21,7.086e-13,3.987e-44,8.729e-8,,,2.066e-19,6.756e-1,,3.629e-15,7.982e-21,4.652e-26,1.031e-17,1.914e-21,5.427e-15,7.492e-21,7.135e-10,,2.608e-9,3.405e-20,4.785e-20,2.671e+1,1.268e+1,1.923e-11,4.212e-2,1.934e-19,2.225e-1,2.828e-22,2.457e+0,2.413e-20,5.913e-29,8.344e-20,8.582e-23,1.057e+1,2.907e-17,6.299e-1,2.938e-17,7.982e-19,5.277e+1,2.039e+1,,4.618e-3,5.240e-19,,1.793e-17,1.024e-16,,8.508e-20,,6.245e-19,,1.255e-18,,1.930e-2,,2.163e-17,,6.099e-18,1.260e-16
447.73,1.262e+2,6.018e-21,9.259e-13,3.997e-44,1.205e-7,,,2.068e-19,7.288e-1,,3.629e-15,7.992e-21,4.663e-26,1.031e-17,1.914e-21,5.869e-15,7.492e-21,5.834e-10,,1.716e-9,3.406e-20,5.522e-20,2.886e+1,1.079e+1,1.554e-11,4.691e-2,1.934e-19,2.113e-1,2.831e-22,2.100e+0,2.414e-20,5.914e-29,8.345e-20,8.583e-23,1.058e+1,2.904e-17,6.574e-1,2.923e-17,1.384e-18,5.235e+1,1.990e+1,,3.515e-3,5.244e-19,,1.796e-17,1.015e-16,,8.507e-20,,6.244e-19,,1.254e-18,,1.660e-2,,2.163e-17,,6.107e-18,1.260e-16
447.75,1.259e+2,6.022e-21,1.205e-12,4.006e-44,1.657e-7,,,2.070e-19,7.832e-1,,3.629e-15,8.001e-21,4.674e-26,1.031e-17,1.914e-21,6.366e-15,7.491e-21,4.751e-10,,1.125e-9,3.408e-20,6.348e-20,3.107e+1,9.164e+0,1.251e-11,5.206e-2,1.934e-19,2.009e-1,2.834e-22,1.789e+0,2.414e-20,5.914e-29,8.347e-20,8.584e-23,1.056e+1,2.902e-17,6.861e-1,2.907e-17,2.389e-18,5.215e+1,1.942e+1,,2.666e-3,5.248e-19,,1.799e-17,1.007e-16,,8.506e-20,,6.244e-19,,1.253e-18,,1.424e-2,,2.163e-17,,6.116e-18,1.260e-16
447.78,1.263e+2,6.028e-21,1.777e-12,4.019e-44,2.652e-7,,,2.072e-19,8.663e-1,,3.628e-15,8.015e-21,4.691e-26,1.031e-17,1.915e-21,7.209e-15,7.490e-21,3.468e-10,,5.932e-10,3.410e-20,7.770e-20,3.446e+1,7.172e+0,8.977e-12,6.046e-2,1.934e-19,1.865e-1,2.838e-22,1.397e+0,2.415e-20,5.915e-29,8.349e-20,8.585e-23,1.047e+1,2.898e-17,7.312e-1,2.884e-17,5.384e-18,5.223e+1,1.869e+1,,1.748e-3,5.254e-19,,1.804e-17,9.939e-17,,8.504e-20,,6.243e-19,,1.252e-18,,1.123e-2,,2.162e-17,,6.128e-18,1.260e-16
447.8,1.271e+2,6.033e-21,2.291e-12,4.029e-44,3.613e-7,,,2.074e-19,9.222e-1,,3.628e-15,8.025e-21,4.702e-26,1.031e-17,1.915e-21,7.833e-15,7.489e-21,2.797e-10,,3.853e-10,3.412e-20,8.848e-20,3.676e+1,6.102e+0,7.158e-12,6.650e-2,1.934e-19,1.778e-1,2.842e-22,1.179e+0,2.416e-20,5.915e-29,8.350e-20,8.586e-23,1.037e+1,2.895e-17,7.623e-1,2.869e-17,9.211e-18,5.253e+1,1.819e+1,,1.313e-3,5.258e-19,,1.807e-17,9.853e-17,,8.502e-20,,6.242e-19,,1.251e-18,,9.548e-3,,2.162e-17,,6.137e-18,1.261e-16
447.83,1.289e+2,6.039e-21,3.331e-12,4.042e-44,5.703e-7,,,2.076e-19,1.006e+0,,3.627e-15,8.039e-21,4.719e-26,1.030e-17,1.915e-21,8.853e-15,7.488e-21,2.012e-10,,2.003e-10,3.414e-20,1.068e-19,4.021e+1,4.831e+0,5.061e-12,7.620e-2,1.935e-19,1.659e-1,2.846e-22,9.088e-1,2.416e-20,5.915e-29,8.352e-20,8.588e-23,1.017e+1,2.891e-17,8.100e-1,2.846e-17,2.047e-17,5.333e+1,1.741e+1,,8.485e-4,5.263e-19,,1.811e-17,9.725e-17,,8.500e-20,,6.241e-19,,1.250e-18,,7.436e-3,,2.161e-17,,6.150e-18,1.261e-16
447.85,1.305e+2,6.043e-21,4.254e-12,4.051e-44,7.696e-7,,,2.078e-19,1.060e+0,,3.627e-15,8.048e-21,4.730e-26,1.030e-17,1.915e-21,9.585e-15,7.487e-21,1.608e-10,,1.289e-10,3.416e-20,1.204e-19,4.249e+1,4.178e+0,3.998e-12,8.306e-2,1.935e-19,1.586e-1,2.849e-22,7.605e-1,2.417e-20,5.916e-29,8.353e-20,8.589e-23,1.000e+1,2.889e-17,8.425e-1,2.830e-17,3.468e-17,5.408e+1,1.687e+1,,6.312e-4,5.267e-19,,1.814e-17,9.639e-17,,8.499e-20,,6.241e-19,,1.249e-18,,6.267e-3,,2.161e-17,,6.158e-18,1.261e-16
447.88,1.334e+2,6.050e-21,6.097e-12,4.065e-44,1.198e-6,,,2.081e-19,1.140e+0,,3.627e-15,8.062e-21,4.747e-26,1.030e-17,1.915e-21,1.075e-14,7.486e-21,1.140e-10,,6.604e-11,3.418e-20,1.433e-19,4.582e+1,3.450e+0,2.787e-12,9.388e-2,1.935e-19,1.486e-1,2.854e-22,5.783e-1,2.418e-20,5.916e-29,8.356e-20,8.590e-23,9.724e+0,2.885e-17,8.918e-1,2.807e-17,7.598e-17,5.552e+1,1.602e+1,,4.021e-4,5.273e-19,,1.819e-17,9.510e-17,,8.497e-20,,6.240e-19,,1.248e-18,,4.817e-3,,2.160e-17,,6.171e-18,1.262e-16
447.9,1.355e+2,6.054e-21,7.713e-12,4.074e-44,1.601e-6,,,2.082e-19,1.190e+0,,3.626e-15,8.072e-21,4.758e-26,1.030e-17,1.915e-21,1.156e-14,7.486e-21,9.024e-11,,4.210e-11,3.420e-20,1.601e-19,4.797e+1,3.112e+0,2.181e-12,1.014e-1,1.935e-19,1.425e-1,2.857e-22,4.796e-1,2.418e-20,5.917e-29,8.357e-20,8.591e-23,9.518e+0,2.882e-17,9.251e-1,2.792e-17,1.276e-16,5.666e+1,1.542e+1,,2.963e-4,5.277e-19,,1.822e-17,9.424e-17,,8.496e-20,,6.240e-19,,1.247e-18,,4.024e-3,,2.160e-17,,6.180e-18,1.262e-16
447.93,1.390e+2,6.061e-21,1.090e-11,4.088e-44,2.457e-6,,,2.085e-19,1.262e+0,,3.626e-15,8.086e-21,4.775e-26,1.030e-17,1.915e-21,1.283e-14,7.485e-21,6.308e-11,,2.128e-11,3.422e-20,1.878e-19,5.100e+1,2.802e+0,1.500e-12,1.130e-1,1.936e-19,1.340e-1,2.862e-22,3.599e-1,2.419e-20,5.917e-29,8.359e-20,8.592e-23,9.193e+0,2.878e-17,9.755e-1,2.769e-17,2.755e-16,5.863e+1,1.450e+1,,1.860e-4,5.282e-19,,1.826e-17,9.295e-17,,8.494e-20,,6.239e-19,,1.246e-18,,3.053e-3,,2.159e-17,,6.192e-18,1.262e-16
447.95,1.414e+2,6.065e-21,1.366e-11,4.097e-44,3.254e-6,,,2.087e-19,1.305e+0,,3.626e-15,8.095e-21,4.786e-26,1.030e-17,1.915e-21,1.369e-14,7.484e-21,4.944e-11,,1.344e-11,3.423e-20,2.079e-19,5.288e+1,2.713e+0,1.164e-12,1.210e-1,1.936e-19,1.288e-1,2.865e-22,2.958e-1,2.419e-20,5.918e-29,8.360e-20,8.593e-23,8.972e+0,2.875e-17,1.009e+0,2.754e-17,4.582e-16,6.010e+1,1.386e+1,,1.358e-4,5.286e-19,,1.829e-17,9.209e-17,,8.493e-20,,6.238e-19,,1.245e-18,,2.528e-3,,2.159e-17,,6.201e-18,1.262e-16
447.98,1.451e+2,6.072e-21,1.903e-11,4.111e-44,4.924e-6,,,2.089e-19,1.364e+0,,3.625e-15,8.110e-21,4.803e-26,1.030e-17,1.916e-21,1.500e-14,7.483e-21,3.407e-11,,6.695e-12,3.426e-20,2.404e-19,5.543e+1,2.742e+0,7.918e-13,1.331e-1,1.936e-19,1.215e-1,2.870e-22,2.189e-1,2.420e-20,5.918e-29,8.363e-20,8.595e-23,8.645e+0,2.872e-17,1.061e+0,2.730e-17,9.758e-16,6.250e+1,1.288e+1,,8.404e-5,5.292e-19,,1.834e-17,9.080e-17,,8.491e-20,,6.237e-19,,1.244e-18,,1.892e-3,,2.158e-17,,6.214e-18,1.263e-16
448,1.476e+2,6.076e-21,2.362e-11,4.120e-44,6.460e-6,,,2.091e-19,1.397e+0,,3.625e-15,8.119e-21,4.814e-26,1.030e-17,1.916e-21,1.587e-14,7.482e-21,2.645e-11,,4.188e-12,3.427e-20,2.636e-19,5.693e+1,2.863e+0,6.115e-13,1.412e-1,1.936e-19,1.170e-1,2.873e-22,1.783e-1,2.421e-20,5.919e-29,8.364e-20,8.595e-23,8.436e+0,2.869e-17,1.096e+0,2.715e-17,1.608e-15,6.422e+1,1.222e+1,,6.074e-5,5.296e-19,,1.837e-17,8.994e-17,,8.489e-20,,6.237e-19,,1.243e-18,,1.553e-3,,2.158e-17,,6.222e-18,1.263e-16
448.03,1.513e+2,6.082e-21,3.243e-11,4.133e-44,9.638e-6,,,2.093e-19,1.439e+0,,3.625e-15,8.133e-21,4.831e-26,1.030e-17,1.916e-21,1.715e-14,7.481e-21,1.796e-11,,2.058e-12,3.430e-20,3.005e-19,5.883e+1,3.192e+0,4.162e-13,1.533e-1,1.937e-19,1.106e-1,2.877e-22,1.302e-1,2.421e-20,5.919e-29,8.366e-20,8.597e-23,8.150e+0,2.865e-17,1.150e+0,2.692e-17,3.376e-15,6.696e+1,1.121e+1,,3.706e-5,5.301e-19,,1.841e-17,8.866e-17,,8.487e-20,,6.236e-19,,1.242e-18,,1.147e-3,,2.158e-17,,6.235e-18,1.263e-16
448.05,1.538e+2,6.087e-21,3.988e-11,4.143e-44,1.253e-5,,,2.095e-19,1.461e+0,,3.624e-15,8.143e-21,4.842e-26,1.030e-17,1.916e-21,1.799e-14,7.480e-21,1.381e-11,,1.275e-12,3.431e-20,3.264e-19,5.985e+1,3.508e+0,3.246e-13,1.613e-1,1.937e-19,1.066e-1,2.880e-22,1.051e-1,2.422e-20,5.920e-29,8.367e-20,8.598e-23,7.982e+0,2.862e-17,1.186e+0,2.677e-17,5.509e-15,6.887e+1,1.055e+1,,2.654e-5,5.305e-19,,1.844e-17,8.780e-17,,8.486e-20,,6.236e-19,,1.241e-18,,9.335e-4,,2.157e-17,,6.244e-18,1.264e-16
448.08,1.574e+2,6.093e-21,5.400e-11,4.156e-44,1.843e-5,,,2.098e-19,1.483e+0,,3.624e-15,8.157e-21,4.859e-26,1.030e-17,1.916e-21,1.918e-14,7.479e-21,9.247e-12,,6.178e-13,3.434e-20,3.668e-19,6.097e+1,4.127e+0,2.307e-13,1.729e-1,1.937e-19,1.010e-1,2.885e-22,7.571e-2,2.423e-20,5.920e-29,8.369e-20,8.599e-23,7.777e+0,2.858e-17,1.243e+0,2.654e-17,1.141e-14,7.185e+1,9.557e+0,,1.597e-5,5.311e-19,,1.849e-17,8.651e-17,,8.484e-20,,6.235e-19,,1.240e-18,,6.804e-4,,2.157e-17,,6.256e-18,1.264e-16
448.1,1.597e+2,6.097e-21,6.577e-11,4.165e-44,2.373e-5,,,2.099e-19,1.491e+0,,3.624e-15,8.166e-21,4.870e-26,1.030e-17,1.916e-21,1.992e-14,7.479e-21,7.043e-12,,3.793e-13,3.435e-20,3.947e-19,6.144e+1,4.638e+0,1.911e-13,1.803e-1,1.937e-19,9.760e-2,2.888e-22,6.055e-2,2.423e-20,5.921e-29,8.371e-20,8.600e-23,7.675e+0,2.856e-17,1.282e+0,2.638e-17,1.844e-14,7.388e+1,8.909e+0,,1.134e-5,5.315e-19,,1.852e-17,8.565e-17,,8.483e-20,,6.234e-19,,1.239e-18,,5.486e-4,,2.156e-17,,6.265e-18,1.264e-16
448.12,1.619e+2,6.102e-21,7.981e-11,4.175e-44,3.044e-5,,,2.101e-19,1.493e+0,,3.623e-15,8.176e-21,4.881e-26,1.030e-17,1.916e-21,2.062e-14,7.478e-21,5.344e-12,,2.320e-13,3.437e-20,4.231e-19,6.167e+1,5.230e+0,1.667e-13,1.875e-1,1.938e-19,9.437e-2,2.891e-22,4.825e-2,2.424e-20,5.921e-29,8.372e-20,8.601e-23,7.606e+0,2.853e-17,1.322e+0,2.623e-17,2.970e-14,7.594e+1,8.276e+0,,8.028e-6,5.319e-19,,1.855e-17,8.479e-17,,8.481e-20,,6.234e-19,,1.238e-18,,4.407e-4,,2.156e-17,,6.273e-18,1.264e-16
448.15,1.650e+2,6.108e-21,1.059e-10,4.188e-44,4.391e-5,,,2.104e-19,1.486e+0,,3.623e-15,8.190e-21,4.898e-26,1.030e-17,1.916e-21,2.156e-14,7.477e-21,3.506e-12,,1.102e-13,3.439e-20,4.662e-19,6.158e+1,6.274e+0,1.548e-13,1.978e-1,1.938e-19,8.998e-2,2.896e-22,3.409e-2,2.424e-20,5.921e-29,8.374e-20,8.602e-23,7.570e+0,2.849e-17,1.385e+0,2.600e-17,6.028e-14,7.906e+1,7.360e+0,,4.776e-6,5.324e-19,,1.859e-17,8.350e-17,,8.479e-20,,6.233e-19,,1.237e-18,,3.152e-4,,2.155e-17,,6.286e-18,1.265e-16
448.17,1.670e+2,6.113e-21,1.273e-10,4.197e-44,5.581e-5,,,2.105e-19,1.475e+0,,3.623e-15,8.199e-21,4.909e-26,1.030e-17,1.917e-21,2.211e-14,7.476e-21,2.635e-12,,6.677e-14,3.441e-20,4.950e-19,6.123e+1,7.078e+0,1.625e-13,2.042e-1,1.938e-19,8.740e-2,2.899e-22,2.692e-2,2.425e-20,5.922e-29,8.376e-20,8.603e-23,7.593e+0,2.847e-17,1.429e+0,2.585e-17,9.619e-14,8.114e+1,6.775e+0,,3.392e-6,5.328e-19,,1.862e-17,8.264e-17,,8.478e-20,,6.232e-19,,1.236e-18,,2.510e-4,,2.155e-17,,6.295e-18,1.265e-16
448.2,1.699e+2,6.119e-21,1.666e-10,4.211e-44,7.940e-5,,,2.108e-19,1.447e+0,,3.622e-15,8.213e-21,4.926e-26,1.030e-17,1.917e-21,2.280e-14,7.475e-21,1.704e-12,,3.127e-14,3.443e-20,5.377e-19,6.028e+1,8.452e+0,1.984e-13,2.130e-1,1.938e-19,8.410e-2,2.904e-22,1.875e-2,2.426e-20,5.922e-29,8.378e-20,8.604e-23,7.704e+0,2.843e-17,1.496e+0,2.561e-17,1.925e-13,8.422e+1,5.943e+0,,2.085e-6,5.334e-19,,1.867e-17,8.135e-17,,8.476e-20,,6.231e-19,,1.235e-18,,1.771e-4,,2.154e-17,,6.308e-18,1.265e-16
448.22,1.716e+2,6.123e-21,1.983e-10,4.220e-44,9.997e-5,,,2.109e-19,1.422e+0,,3.622e-15,8.223e-21,4.937e-26,1.030e-17,1.917e-21,2.317e-14,7.474e-21,1.268e-12,,1.877e-14,3.445e-20,5.655e-19,5.937e+1,9.484e+0,2.406e-13,2.185e-1,1.939e-19,8.233e-2,2.907e-22,1.467e-2,2.426e-20,5.923e-29,8.379e-20,8.605e-23,7.829e+0,2.840e-17,1.544e+0,2.546e-17,3.043e-13,8.624e+1,5.421e+0,,1.575e-6,5.338e-19,,1.870e-17,8.050e-17,,8.475e-20,,6.231e-19,,1.234e-18,,1.397e-4,,2.154e-17,,6.316e-18,1.265e-16
448.25,1.741e+2,6.130e-21,2.559e-10,4.234e-44,1.403e-4,,,2.112e-19,1.375e+0,,3.621e-15,8.237e-21,1.158e-25,1.030e-17,1.917e-21,2.357e-14,7.473e-21,8.086e-13,,8.666e-15,3.447e-20,6.057e-19,5.761e+1,1.121e+1,3.375e-13,2.260e-1,1.939e-19,8.041e-2,2.911e-22,1.008e-2,2.427e-20,5.923e-29,8.381e-20,8.607e-23,8.094e+0,2.836e-17,1.617e+0,2.523e-17,6.004e-13,8.916e+1,4.690e+0,,1.190e-6,5.343e-19,,1.874e-17,7.921e-17,,8.473e-20,,6.230e-19,,1.233e-18,,9.725e-5,,2.154e-17,,6.329e-18,1.266e-16
448.27,1.756e+2,6.134e-21,3.018e-10,4.243e-44,1.750e-4,,,2.114e-19,1.338e+0,,3.621e-15,8.246e-21,2.035e-25,1.030e-17,1.917e-21,2.374e-14,7.473e-21,5.961e-13,,5.153e-15,3.449e-20,6.311e-19,5.621e+1,1.248e+1,4.299e-13,2.305e-1,1.939e-19,7.969e-2,2.915e-22,7.813e-3,2.428e-20,5.924e-29,8.383e-20,8.608e-23,8.321e+0,2.834e-17,1.667e+0,2.508e-17,9.400e-13,9.101e+1,4.240e+0,,1.140e-6,5.347e-19,,1.877e-17,7.835e-17,,8.471e-20,,6.230e-19,,1.232e-18,,7.603e-5,,2.153e-17,,6.337e-18,1.266e-16
448.3,1.777e+2,6.141e-21,3.838e-10,4.257e-44,2.421e-4,,,2.116e-19,1.276e+0,,3.621e-15,8.261e-21,4.706e-25,1.030e-17,1.917e-21,2.384e-14,7.471e-21,3.746e-13,,2.346e-15,3.451e-20,6.664e-19,5.378e+1,1.456e+1,6.234e-13,2.368e-1,1.939e-19,7.951e-2,2.919e-22,5.294e-3,2.428e-20,5.924e-29,8.385e-20,8.609e-23,8.735e+0,2.830e-17,1.745e+0,2.485e-17,1.829e-12,9.363e+1,3.620e+0,,1.353e-6,5.353e-19,,1.882e-17,7.706e-17,,8.469e-20,,6.229e-19,,1.231e-18,,5.220e-5,,2.153e-17,,6.350e-18,1.266e-16
448.32,1.789e+2,6.145e-21,4.484e-10,4.266e-44,2.993e-4,,,2.118e-19,1.230e+0,,3.620e-15,8.270e-21,8.192e-25,1.030e-17,1.917e-21,2.380e-14,7.471e-21,2.735e-13,,1.382e-15,3.453e-20,6.877e-19,5.197e+1,1.606e+1,7.992e-13,2.406e-1,1.940e-19,8.006e-2,2.922e-22,4.065e-3,2.429e-20,5.925e-29,8.386e-20,8.610e-23,9.056e+0,2.827e-17,1.798e+0,2.469e-17,2.837e-12,9.524e+1,3.244e+0,,1.707e-6,5.357e-19,,1.885e-17,7.620e-17,,8.468e-20,,6.228e-19,,1.230e-18,,4.044e-5,,2.152e-17,,6.359e-18,1.267e-16
448.35,1.806e+2,6.151e-21,5.622e-10,4.279e-44,4.084e-4,,,2.121e-19,1.157e+0,,3.620e-15,8.284e-21,1.868e-24,1.030e-17,1.917e-21,2.361e-14,7.470e-21,1.695e-13,,6.203e-16,3.455e-20,7.160e-19,4.902e+1,1.849e+1,1.156e-12,2.461e-1,1.940e-19,8.198e-2,2.927e-22,2.716e-3,2.430e-20,5.925e-29,8.388e-20,8.611e-23,9.599e+0,2.823e-17,1.878e+0,2.446e-17,5.441e-12,9.741e+1,2.735e+0,,2.653e-6,5.362e-19,,1.889e-17,7.491e-17,,8.466e-20,,6.227e-19,,1.229e-18,,2.738e-5,,2.152e-17,,6.372e-18,1.267e-16
448.37,1.816e+2,6.156e-21,6.505e-10,4.289e-44,5.002e-4,,,2.122e-19,1.105e+0,,3.620e-15,8.294e-21,3.221e-24,1.030e-17,1.918e-21,2.339e-14,7.469e-21,1.226e-13,,3.620e-16,3.456e-20,7.319e-19,4.692e+1,2.021e+1,1.474e-12,2.496e-1,1.940e-19,8.403e-2,2.930e-22,2.066e-3,2.430e-20,5.926e-29,8.390e-20,8.612e-23,9.997e+0,2.820e-17,1.932e+0,2.431e-17,8.361e-12,9.867e+1,2.433e+0,,3.658e-6,5.366e-19,,1.893e-17,7.405e-17,,8.465e-20,,6.227e-19,,1.228e-18,,2.102e-5,,2.151e-17,,6.380e-18,1.267e-16
448.4,1.829e+2,6.162e-21,8.041e-10,4.302e-44,6.733e-4,,,2.125e-19,1.024e+0,,3.619e-15,8.308e-21,7.243e-24,1.030e-17,1.918e-21,2.293e-14,7.468e-21,7.493e-14,,1.602e-16,3.459e-20,7.513e-19,4.363e+1,2.294e+1,2.109e-12,2.549e-1,1.940e-19,8.835e-2,2.935e-22,1.361e-3,2.431e-20,5.926e-29,8.392e-20,8.614e-23,1.064e+1,2.817e-17,2.014e+0,2.408e-17,1.581e-11,1.003e+2,2.032e+0,,5.998e-6,5.372e-19,,1.897e-17,7.277e-17,,8.463e-20,,6.226e-19,,1.227e-18,,1.404e-5,,2.151e-17,,6.393e-18,1.268e-16
448.42,1.836e+2,6.167e-21,9.218e-10,4.311e-44,8.171e-4,,,2.126e-19,9.683e-1,,3.619e-15,8.317e-21,1.237e-23,1.030e-17,1.918e-21,2.256e-14,7.467e-21,5.377e-14,,9.260e-17,3.460e-20,7.608e-19,4.138e+1,2.484e+1,2.667e-12,2.587e-1,1.941e-19,9.209e-2,2.938e-22,1.026e-3,2.431e-20,5.927e-29,8.393e-20,8.614e-23,1.109e+1,2.814e-17,2.067e+0,2.392e-17,2.407e-11,1.011e+2,1.798e+0,,8.348e-6,5.376e-19,,1.900e-17,7.191e-17,,8.461e-20,,6.226e-19,,1.226e-18,,1.068e-5,,2.150e-17,,6.401e-18,1.268e-16
448.45,1.844e+2,6.173e-21,1.123e-9,4.325e-44,1.085e-3,,,2.129e-19,8.846e-1,,3.619e-15,8.331e-21,2.743e-23,1.030e-17,1.918e-21,2.192e-14,7.466e-21,3.258e-14,,4.041e-17,3.463e-20,7.699e-19,3.794e+1,2.780e+1,3.764e-12,2.648e-1,1.941e-19,9.901e-2,2.942e-22,6.663e-4,2.432e-20,5.927e-29,8.395e-20,8.616e-23,1.178e+1,2.810e-17,2.147e+0,2.369e-17,4.488e-11,1.020e+2,1.497e+0,,1.365e-5,5.381e-19,,1.905e-17,7.062e-17,,8.459e-20,,6.225e-19,,1.225e-18,,7.034e-6,,2.150e-17,,6.414e-18,1.268e-16
448.47,1.847e+2,6.177e-21,1.276e-9,4.334e-44,1.305e-3,,,2.131e-19,8.289e-1,,3.618e-15,8.341e-21,4.642e-23,1.030e-17,1.918e-21,2.146e-14,7.466e-21,2.336e-14,,2.314e-17,3.464e-20,7.723e-19,3.565e+1,2.982e+1,4.714e-12,2.693e-1,1.941e-19,1.045e-1,2.946e-22,4.974e-4,2.433e-20,5.927e-29,8.397e-20,8.617e-23,1.225e+1,2.807e-17,2.200e+0,2.354e-17,6.768e-11,1.023e+2,1.327e+0,,1.888e-5,5.385e-19,,1.908e-17,6.976e-17,,8.458e-20,,6.224e-19,,1.224e-18,,5.301e-6,,2.150e-17,,6.423e-18,1.268e-16
448.49,1.849e+2,6.182e-21,1.443e-9,4.343e-44,1.563e-3,,,2.132e-19,7.737e-1,,3.618e-15,8.350e-21,7.826e-23,1.030e-17,1.918e-21,2.097e-14,7.465e-21,1.688e-14,,1.048e-17,3.466e-20,7.719e-19,3.337e+1,3.187e+1,5.882e-12,2.744e-1,1.941e-19,1.107e-1,2.949e-22,3.699e-4,2.433e-20,5.928e-29,8.398e-20,8.618e-23,1.271e+1,2.805e-17,2.251e+0,2.339e-17,1.017e-10,1.024e+2,1.181e+0,,2.602e-5,5.389e-19,,1.911e-17,6.890e-17,,8.457e-20,,6.224e-19,,1.223e-18,,3.980e-6,,2.149e-17,,6.431e-18,1.269e-16
448.52,1.849e+2,6.188e-21,1.724e-9,4.357e-44,2.037e-3,,,2.135e-19,6.929e-1,,3.618e-15,8.365e-21,1.701e-22,1.030e-17,1.918e-21,2.023e-14,7.464e-21,1.080e-14,,4.511e-18,3.468e-20,7.657e-19,3.002e+1,3.497e+1,8.141e-12,2.832e-1,1.942e-19,1.214e-1,2.953e-22,2.356e-4,2.434e-20,5.928e-29,8.400e-20,8.619e-23,1.340e+1,2.801e-17,2.326e+0,2.316e-17,1.859e-10,1.021e+2,1.005e+0,,4.180e-5,5.395e-19,,1.915e-17,6.761e-17,,8.455e-20,,6.223e-19,,1.222e-18,,2.571e-6,,2.149e-17,,6.444e-18,1.269e-16
448.54,1.847e+2,6.192e-21,1.931e-9,4.366e-44,2.419e-3,,,2.137e-19,6.406e-1,,3.617e-15,8.374e-21,2.841e-22,1.030e-17,1.918e-21,1.974e-14,7.463e-21,8.515e-15,,2.560e-18,3.470e-20,7.581e-19,2.786e+1,3.702e+1,1.006e-11,2.901e-1,1.942e-19,1.293e-1,2.956e-22,1.736e-4,2.434e-20,5.929e-29,8.401e-20,8.620e-23,1.383e+1,2.798e-17,2.374e+0,2.300e-17,2.766e-10,1.016e+2,9.158e-1,,5.708e-5,5.399e-19,,1.918e-17,6.675e-17,,8.453e-20,,6.222e-19,,1.221e-18,,1.912e-6,,2.148e-17,,6.453e-18,1.269e-16
448.57,1.840e+2,6.199e-21,2.275e-9,1.023e-43,3.110e-3,,,2.139e-19,5.655e-1,,3.617e-15,8.388e-21,6.089e-22,1.030e-17,1.919e-21,1.906e-14,7.462e-21,7.104e-15,,1.086e-18,3.472e-20,7.415e-19,2.474e+1,4.003e+1,1.373e-11,3.020e-1,1.942e-19,1.424e-1,2.961e-22,1.090e-4,2.435e-20,5.929e-29,8.403e-20,8.621e-23,1.445e+1,2.794e-17,2.444e+0,2.277e-17,4.986e-10,1.005e+2,8.230e-1,,9.043e-5,5.404e-19,,1.923e-17,6.546e-17,,8.451e-20,,6.222e-19,,1.220e-18,,1.218e-6,,2.148e-17,,6.465e-18,1.269e-16
448.59,1.832e+2,6.203e-21,2.525e-9,1.796e-43,3.660e-3,,,2.141e-19,5.179e-1,,3.617e-15,8.398e-21,1.008e-21,1.030e-17,1.919e-21,1.866e-14,7.461e-21,7.352e-15,,1.073e-18,3.474e-20,7.272e-19,2.277e+1,4.198e+1,1.681e-11,3.111e-1,1.942e-19,1.518e-1,2.964e-22,7.954e-5,2.436e-20,5.930e-29,8.405e-20,8.622e-23,1.482e+1,2.792e-17,2.489e+0,2.262e-17,7.350e-10,9.940e+1,7.885e-1,,1.223e-4,5.408e-19,,1.926e-17,6.461e-17,,8.450e-20,,6.221e-19,,1.219e-18,,8.978e-7,,2.147e-17,,6.474e-18,1.270e-16
448.62,1.817e+2,6.210e-21,2.932e-9,4.148e-43,4.643e-3,,,2.143e-19,4.507e-1,,3.616e-15,8.412e-21,2.129e-21,1.030e-17,1.919e-21,1.817e-14,7.460e-21,9.596e-15,,1.054e-18,3.476e-20,7.014e-19,1.999e+1,4.476e+1,2.262e-11,3.269e-1,1.943e-19,1.669e-1,2.969e-22,4.924e-5,2.436e-20,5.930e-29,8.407e-20,8.623e-23,1.531e+1,2.788e-17,2.555e+0,2.239e-17,1.306e-9,9.737e+1,7.783e-1,,1.911e-4,5.414e-19,,1.930e-17,6.332e-17,,8.448e-20,,6.220e-19,,1.218e-18,,5.641e-7,,2.147e-17,,6.487e-18,1.270e-16
448.64,1.804e+2,6.214e-21,3.223e-9,7.955e-43,5.417e-3,,,2.145e-19,4.089e-1,,3.616e-15,8.421e-21,3.490e-21,1.030e-17,1.919e-21,1.793e-14,7.460e-21,1.260e-14,,1.041e-18,3.478e-20,6.815e-19,1.827e+1,4.650e+1,2.743e-11,3.389e-1,1.943e-19,1.775e-1,2.972e-22,3.560e-5,2.437e-20,5.931e-29,8.408e-20,8.624e-23,1.559e+1,2.785e-17,2.597e+0,2.223e-17,1.908e-9,9.572e+1,8.002e-1,,2.560e-4,5.418e-19,,1.933e-17,6.246e-17,,8.447e-20,,6.220e-19,,1.217e-18,,4.118e-7,,2.146e-17,,6.495e-18,1.270e-16
448.67,1.780e+2,6.221e-21,3.690e-9,1.817e-42,6.781e-3,,,2.148e-19,3.508e-1,,3.615e-15,8.435e-21,7.272e-21,1.030e-17,1.919e-21,1.775e-14,7.458e-21,2.027e-14,,1.021e-18,3.480e-20,6.482e-19,1.591e+1,4.888e+1,3.638e-11,3.591e-1,1.943e-19,1.939e-1,2.977e-22,2.173e-5,2.438e-20,5.931e-29,8.410e-20,8.626e-23,1.592e+1,2.781e-17,2.660e+0,2.200e-17,3.343e-9,9.285e+1,8.788e-1,,3.943e-4,5.423e-19,,1.938e-17,6.117e-17,,8.445e-20,,6.219e-19,,1.216e-18,,2.551e-7,,2.146e-17,,6.508e-18,1.271e-16
448.69,1.761e+2,6.225e-21,4.018e-9,3.136e-42,7.842e-3,,,2.149e-19,3.152e-1,,3.615e-15,8.445e-21,1.181e-20,1.030e-17,1.919e-21,1.776e-14,7.458e-21,2.833e-14,,1.008e-18,3.482e-20,6.241e-19,1.448e+1,5.029e+1,4.371e-11,3.741e-1,1.943e-19,2.052e-1,2.980e-22,1.556e-5,2.438e-20,5.932e-29,8.412e-20,8.627e-23,1.608e+1,2.779e-17,2.702e+0,2.185e-17,4.836e-9,9.068e+1,9.638e-1,,5.234e-4,5.427e-19,,1.941e-17,6.031e-17,,8.443e-20,,6.218e-19,,1.215e-18,,1.845e-7,,2.145e-17,,6.517e-18,1.271e-16
448.72,1.728e+2,6.231e-21,4.535e-9,7.062e-42,9.691e-3,,,2.152e-19,2.666e-1,,3.615e-15,8.459e-21,2.426e-20,1.030e-17,1.919e-21,1.799e-14,7.457e-21,4.714e-14,,9.882e-19,3.484e-20,5.856e-19,1.256e+1,5.212e+1,5.716e-11,3.990e-1,1.944e-19,2.223e-1,2.984e-22,9.361e-6,2.439e-20,5.932e-29,8.414e-20,8.628e-23,1.623e+1,2.775e-17,2.766e+0,2.162e-17,8.356e-9,8.707e+1,1.145e+0,,7.948e-4,5.433e-19,,1.945e-17,5.902e-17,,8.441e-20,,6.217e-19,,1.213e-18,,1.127e-7,,2.145e-17,,6.529e-18,1.271e-16
448.74,1.703e+2,6.236e-21,4.892e-9,1.208e-41,1.111e-2,,,2.154e-19,2.373e-1,,3.614e-15,8.468e-21,3.902e-20,1.030e-17,1.919e-21,1.832e-14,7.456e-21,6.615e-14,,9.751e-19,3.486e-20,5.588e-19,1.144e+1,5.313e+1,6.803e-11,4.172e-1,1.944e-19,2.336e-1,2.987e-22,6.640e-6,2.439e-20,5.933e-29,8.415e-20,8.629e-23,1.625e+1,2.772e-17,2.809e+0,2.147e-17,1.197e-8,8.446e+1,1.305e+0,,1.045e-3,5.437e-19,,1.948e-17,5.816e-17,,8.440e-20,,6.217e-19,,1.213e-18,,8.077e-8,,2.145e-17,,6.538e-18,1.271e-16
448.77,1.661e+2,6.242e-21,5.443e-9,2.682e-41,1.356e-2,,,2.156e-19,1.979e-1,,3.614e-15,8.483e-21,7.906e-20,1.030e-17,1.920e-21,1.907e-14,7.455e-21,1.094e-13,,9.554e-19,3.488e-20,5.175e-19,9.986e+0,5.429e+1,8.771e-11,4.466e-1,1.944e-19,2.504e-1,2.992e-22,3.939e-6,2.440e-20,5.933e-29,8.417e-20,8.630e-23,1.619e+1,2.768e-17,2.877e+0,2.124e-17,2.040e-8,8.025e+1,1.612e+0,,1.565e-3,5.442e-19,,1.953e-17,5.687e-17,,8.438e-20,,6.216e-19,,1.211e-18,,4.865e-8,,2.144e-17,,6.551e-18,1.272e-16
448.79,1.631e+2,6.246e-21,5.816e-9,4.544e-41,1.541e-2,,,2.158e-19,1.744e-1,,3.614e-15,8.492e-21,1.260e-19,1.030e-17,1.920e-21,1.976e-14,7.454e-21,1.524e-13,,9.423e-19,3.490e-20,4.898e-19,9.172e+0,5.483e+1,1.034e-10,4.677e-1,1.944e-19,2.612e-1,2.995e-22,2.768e-6,2.441e-20,5.934e-29,8.419e-20,8.631e-23,1.608e+1,2.766e-17,2.925e+0,2.108e-17,2.896e-8,7.729e+1,1.865e+0,,2.038e-3,5.446e-19,,1.956e-17,5.602e-17,,8.437e-20,,6.216e-19,,1.211e-18,,3.453e-8,,2.144e-17,,6.559e-18,1.272e-16
448.82,1.581e+2,6.253e-21,6.380e-9,9.952e-41,1.857e-2,,,2.160e-19,1.434e-1,,3.613e-15,8.506e-21,2.516e-19,1.030e-17,1.920e-21,2.109e-14,7.453e-21,2.488e-13,,9.226e-19,3.492e-20,4.483e-19,8.178e+0,5.525e+1,1.314e-10,5.013e-1,1.945e-19,2.768e-1,3.000e-22,1.618e-6,2.441e-20,5.934e-29,8.421e-20,8.633e-23,1.581e+1,2.762e-17,3.000e+0,2.085e-17,4.864e-8,7.264e+1,2.328e+0,,3.008e-3,5.452e-19,,1.960e-17,5.473e-17,,8.435e-20,,6.215e-19,,1.209e-18,,2.051e-8,,2.143e-17,,6.572e-18,1.272e-16
448.84,1.547e+2,6.257e-21,6.753e-9,1.670e-40,2.093e-2,,,2.162e-19,1.252e-1,,3.613e-15,8.516e-21,3.972e-19,1.030e-17,1.920e-21,2.219e-14,7.452e-21,3.434e-13,,9.095e-19,3.493e-20,4.212e-19,7.665e+0,5.527e+1,1.535e-10,5.249e-1,1.945e-19,2.865e-1,3.003e-22,1.126e-6,2.442e-20,5.934e-29,8.422e-20,8.633e-23,1.556e+1,2.759e-17,3.054e+0,2.070e-17,6.841e-8,6.945e+1,2.698e+0,,3.882e-3,5.456e-19,,1.963e-17,5.387e-17,,8.434e-20,,6.214e-19,,1.209e-18,,1.442e-8,,2.143e-17,,1.160e-17,1.272e-16
448.86,1.511e+2,6.262e-21,7.122e-9,2.794e-40,2.352e-2,,,2.164e-19,1.089e-1,,3.613e-15,8.525e-21,6.247e-19,1.030e-17,1.920e-21,2.344e-14,7.452e-21,4.722e-13,,8.964e-19,3.495e-20,3.949e-19,7.268e+0,5.510e+1,1.786e-10,5.494e-1,1.945e-19,2.956e-1,3.006e-22,7.809e-7,2.442e-20,5.935e-29,8.424e-20,8.634e-23,1.527e+1,2.756e-17,3.111e+0,2.054e-17,9.584e-8,6.620e+1,3.122e+0,,4.990e-3,5.460e-19,,1.966e-17,5.301e-17,,8.432e-20,,6.214e-19,,1.208e-18,,1.010e-8,,2.142e-17,,2.038e-17,1.273e-16
448.89,1.454e+2,6.268e-21,7.658e-9,6.000e-40,2.785e-2,,,2.166e-19,8.777e-2,,3.612e-15,8.539e-21,1.224e-18,1.030e-17,1.920e-21,2.563e-14,7.451e-21,7.560e-13,,8.768e-19,3.497e-20,3.573e-19,6.889e+0,5.447e+1,2.225e-10,5.877e-1,1.945e-19,3.079e-1,3.011e-22,4.476e-7,2.443e-20,5.935e-29,8.426e-20,8.636e-23,1.474e+1,2.752e-17,3.203e+0,2.031e-17,1.578e-7,6.126e+1,3.870e+0,,7.221e-3,5.465e-19,,1.971e-17,5.172e-17,,8.430e-20,,6.213e-19,,1.207e-18,,5.883e-9,,2.142e-17,,4.717e-17,1.273e-16
448.91,1.416e+2,6.272e-21,7.999e-9,9.941e-40,3.104e-2,,,2.168e-19,7.563e-2,,3.612e-15,8.549e-21,1.906e-18,1.030e-17,1.920e-21,2.729e-14,7.450e-21,1.030e-12,,8.637e-19,3.499e-20,3.338e-19,6.776e+0,5.381e+1,2.565e-10,6.141e-1,1.945e-19,3.152e-1,3.014e-22,3.074e-7,2.444e-20,5.936e-29,8.427e-20,8.637e-23,1.434e+1,2.750e-17,3.268e+0,2.016e-17,2.190e-7,5.795e+1,4.450e+0,,9.195e-3,5.469e-19,,1.974e-17,5.086e-17,,8.429e-20,,6.212e-19,,1.206e-18,,4.083e-9,,2.141e-17,,8.213e-17,1.273e-16
448.94,1.359e+2,6.279e-21,8.480e-9,2.106e-39,3.631e-2,,,2.171e-19,6.007e-2,,3.611e-15,8.563e-21,3.681e-18,1.030e-17,1.920e-21,3.006e-14,7.449e-21,1.626e-12,,8.440e-19,3.501e-20,3.016e-19,6.808e+0,5.249e+1,3.151e-10,6.547e-1,1.946e-19,3.245e-1,3.018e-22,1.737e-7,2.444e-20,5.936e-29,8.429e-20,8.638e-23,1.367e+1,2.746e-17,3.374e+0,1.993e-17,3.557e-7,5.300e+1,5.455e+0,,1.312e-2,5.475e-19,,1.978e-17,4.957e-17,,8.427e-20,,6.212e-19,,1.204e-18,,2.344e-9,,2.141e-17,,1.874e-16,1.274e-16
448.96,1.321e+2,6.283e-21,8.774e-9,3.456e-39,4.015e-2,,,2.172e-19,5.128e-2,,3.611e-15,8.572e-21,5.682e-18,1.030e-17,1.921e-21,3.208e-14,7.448e-21,2.194e-12,,8.309e-19,3.503e-20,2.824e-19,6.961e+0,5.142e+1,3.597e-10,6.825e-1,1.946e-19,3.296e-1,3.022e-22,1.182e-7,2.445e-20,5.937e-29,8.431e-20,8.639e-23,1.318e+1,2.743e-17,3.449e+0,1.978e-17,4.890e-7,4.975e+1,6.222e+0,,1.655e-2,5.479e-19,,1.981e-17,4.872e-17,,8.426e-20,,6.211e-19,,1.204e-18,,1.611e-9,,2.141e-17,,3.233e-16,1.274e-16
448.99,1.266e+2,6.290e-21,9.170e-9,7.219e-39,4.641e-2,,,2.175e-19,4.015e-2,,3.611e-15,8.586e-21,1.082e-17,1.030e-17,1.921e-21,3.534e-14,7.447e-21,3.415e-12,,8.113e-19,3.505e-20,2.576e-19,7.381e+0,4.955e+1,4.356e-10,7.248e-1,1.946e-19,3.357e-1,3.026e-22,6.582e-8,2.446e-20,5.937e-29,8.433e-20,8.640e-23,1.240e+1,2.739e-17,3.568e+0,1.954e-17,7.828e-7,4.498e+1,7.530e+0,,2.328e-2,5.484e-19,,1.986e-17,4.743e-17,,8.424e-20,,6.210e-19,,1.202e-18,,9.120e-10,,2.140e-17,,7.274e-16,1.274e-16
449.01,1.230e+2,6.294e-21,9.399e-9,1.174e-38,5.092e-2,,,2.177e-19,3.395e-2,,3.610e-15,8.596e-21,1.654e-17,1.030e-17,1.921e-21,3.765e-14,7.446e-21,4.565e-12,,7.981e-19,3.507e-20,2.440e-19,7.783e+0,4.816e+1,4.926e-10,7.533e-1,1.946e-19,3.386e-1,3.029e-22,4.435e-8,2.446e-20,5.938e-29,8.434e-20,8.641e-23,1.186e+1,2.737e-17,3.652e+0,1.939e-17,1.066e-6,4.188e+1,8.513e+0,,2.910e-2,5.488e-19,,1.989e-17,4.657e-17,,8.422e-20,,6.210e-19,,1.202e-18,,6.211e-10,,2.140e-17,,1.243e-15,1.274e-16
449.04,1.181e+2,6.300e-21,9.684e-9,2.418e-38,5.818e-2,,,2.179e-19,2.620e-2,,3.610e-15,8.610e-21,3.105e-17,1.030e-17,1.921e-21,4.128e-14,7.445e-21,7.006e-12,,7.785e-19,3.509e-20,2.285e-19,8.562e+0,4.591e+1,5.883e-10,7.966e-1,1.947e-19,3.414e-1,3.034e-22,2.436e-8,2.447e-20,5.938e-29,8.436e-20,8.642e-23,1.102e+1,2.733e-17,3.784e+0,1.916e-17,1.683e-6,3.741e+1,1.016e+1,,4.036e-2,5.494e-19,,1.993e-17,4.528e-17,,8.420e-20,,6.209e-19,,1.200e-18,,3.466e-10,,2.139e-17,,2.758e-15,1.275e-16
449.06,1.151e+2,6.305e-21,9.832e-9,3.897e-38,6.335e-2,,,2.181e-19,2.194e-2,,3.610e-15,8.620e-21,4.704e-17,1.030e-17,1.921e-21,4.378e-14,7.445e-21,9.278e-12,,7.654e-19,3.511e-20,2.218e-19,9.193e+0,4.434e+1,6.590e-10,8.256e-1,1.947e-19,3.422e-1,3.037e-22,1.625e-8,2.447e-20,5.939e-29,8.437e-20,8.643e-23,1.045e+1,2.730e-17,3.875e+0,1.901e-17,2.271e-6,3.455e+1,1.138e+1,,4.996e-2,5.498e-19,,1.996e-17,4.442e-17,,8.419e-20,,6.208e-19,,1.200e-18,,2.338e-10,,2.139e-17,,4.670e-15,1.275e-16
449.09,1.111e+2,6.311e-21,9.987e-9,7.916e-38,7.156e-2,,,2.183e-19,1.670e-2,,3.609e-15,8.634e-21,8.707e-17,1.030e-17,1.921e-21,4.760e-14,7.444e-21,1.404e-11,,7.457e-19,3.513e-20,2.177e-19,1.030e+1,4.194e+1,7.758e-10,8.694e-1,1.947e-19,3.423e-1,3.042e-22,8.799e-9,2.448e-20,5.939e-29,8.440e-20,8.645e-23,9.585e+0,2.726e-17,4.016e+0,1.878e-17,3.534e-6,3.049e+1,1.340e+1,,6.832e-2,5.503e-19,,2.001e-17,4.313e-17,,8.417e-20,,6.208e-19,,1.198e-18,,1.286e-10,,2.138e-17,,1.022e-14,1.275e-16
449.11,1.088e+2,6.316e-21,1.004e-8,1.264e-37,7.734e-2,,,2.185e-19,1.385e-2,,3.609e-15,8.643e-21,1.307e-16,1.030e-17,1.921e-21,5.016e-14,7.443e-21,1.842e-11,,7.326e-19,3.515e-20,2.193e-19,1.114e+1,4.035e+1,8.609e-10,8.987e-1,1.947e-19,3.416e-1,3.045e-22,5.817e-9,2.449e-20,5.940e-29,8.441e-20,8.646e-23,9.013e+0,2.724e-17,4.113e+0,1.862e-17,4.723e-6,2.793e+1,1.487e+1,,8.379e-2,5.507e-19,,2.004e-17,4.227e-17,,8.416e-20,,6.207e-19,,1.198e-18,,8.596e-11,,2.138e-17,,1.713e-14,1.276e-16
449.14,1.061e+2,6.322e-21,1.006e-8,2.532e-37,8.641e-2,,,2.188e-19,1.039e-2,,3.609e-15,8.657e-21,2.385e-16,1.030e-17,1.921e-21,5.395e-14,7.442e-21,2.747e-11,,7.130e-19,3.517e-20,2.287e-19,1.253e+1,3.804e+1,9.993e-10,9.427e-1,1.948e-19,3.397e-1,3.049e-22,3.104e-9,2.449e-20,5.940e-29,8.443e-20,8.647e-23,8.170e+0,2.720e-17,4.261e+0,1.839e-17,7.247e-6,2.434e+1,1.725e+1,,1.130e-1,5.513e-19,,2.008e-17,4.098e-17,,8.414e-20,,6.206e-19,,1.196e-18,,4.663e-11,,2.137e-17,,3.696e-14,1.276e-16
449.16,1.048e+2,6.326e-21,1.002e-8,4.004e-37,9.270e-2,,,2.189e-19,8.539e-3,,3.608e-15,8.667e-21,3.545e-16,1.030e-17,1.922e-21,5.642e-14,7.441e-21,3.570e-11,,6.999e-19,3.519e-20,2.399e-19,1.354e+1,3.661e+1,1.098e-9,9.721e-1,1.948e-19,3.381e-1,3.053e-22,2.032e-9,2.450e-20,5.940e-29,8.444e-20,8.648e-23,7.622e+0,2.717e-17,4.360e+0,1.824e-17,9.595e-6,2.211e+1,1.897e+1,,1.373e-1,5.517e-19,,2.011e-17,4.013e-17,,8.412e-20,,6.206e-19,,1.195e-18,,3.088e-11,,2.137e-17,,6.142e-14,1.276e-16
449.19,1.036e+2,6.333e-21,9.892e-9,7.910e-37,1.025e-1,,,2.192e-19,6.315e-3,,3.608e-15,8.681e-21,6.380e-16,1.030e-17,1.922e-21,5.995e-14,7.440e-21,5.252e-11,,6.802e-19,3.521e-20,2.650e-19,1.517e+1,3.468e+1,1.257e-9,1.016e+0,1.948e-19,3.355e-1,3.057e-22,1.069e-9,2.451e-20,5.941e-29,8.447e-20,8.649e-23,6.827e+0,2.713e-17,4.511e+0,1.801e-17,1.452e-5,1.903e+1,2.170e+1,,1.825e-1,5.522e-19,,2.016e-17,3.884e-17,,8.410e-20,,6.205e-19,,1.194e-18,,1.655e-11,,2.136e-17,,1.306e-13,1.276e-16
449.21,1.033e+2,6.337e-21,9.762e-9,1.240e-36,1.091e-1,,,2.194e-19,5.140e-3,,3.608e-15,8.690e-21,9.395e-16,1.030e-17,1.922e-21,6.217e-14,7.439e-21,6.761e-11,,6.671e-19,3.523e-20,2.876e-19,1.631e+1,3.359e+1,1.369e-9,1.046e+0,1.948e-19,3.338e-1,3.060e-22,6.933e-10,2.451e-20,5.941e-29,8.448e-20,8.650e-23,6.319e+0,2.711e-17,4.612e+0,1.785e-17,1.904e-5,1.714e+1,2.363e+1,,2.196e-1,5.526e-19,,2.019e-17,3.798e-17,,8.409e-20,,6.204e-19,,1.193e-18,,1.089e-11,,2.136e-17,,2.150e-13,1.277e-16
449.24,1.038e+2,6.344e-21,9.502e-9,2.415e-36,1.194e-1,,,2.196e-19,3.747e-3,,3.607e-15,8.705e-21,1.667e-15,1.030e-17,1.922e-21,6.522e-14,7.438e-21,9.805e-11,,6.474e-19,3.525e-20,3.310e-19,1.811e+1,3.232e+1,1.544e-9,1.090e+0,1.949e-19,3.318e-1,3.065e-22,3.595e-10,2.452e-20,5.942e-29,8.450e-20,8.652e-23,5.596e+0,2.707e-17,4.763e+0,1.762e-17,2.840e-5,1.456e+1,2.666e+1,,2.879e-1,5.532e-19,,2.023e-17,8.899e-17,,8.407e-20,,6.203e-19,,1.192e-18,,5.845e-12,,2.135e-17,,4.510e-13,1.277e-16
449.26,1.048e+2,6.348e-21,9.288e-9,3.750e-36,1.263e-1,,,2.198e-19,3.021e-3,,3.607e-15,8.714e-21,2.432e-15,1.030e-17,1.922e-21,6.704e-14,7.438e-21,1.250e-10,,6.343e-19,3.526e-20,3.667e-19,1.934e+1,3.177e+1,1.666e-9,1.120e+0,1.949e-19,3.310e-1,3.068e-22,2.310e-10,2.452e-20,5.942e-29,8.451e-20,8.652e-23,5.142e+0,2.704e-17,4.864e+0,1.747e-17,3.690e-5,1.300e+1,2.876e+1,,3.432e-1,5.536e-19,,2.026e-17,1.563e-16,,8.406e-20,,6.203e-19,,1.191e-18,,3.927e-12,,2.135e-17,,7.355e-13,1.277e-16
449.28,1.063e+2,6.352e-21,9.044e-9,5.801e-36,1.332e-1,,,2.199e-19,2.426e-3,,3.607e-15,8.723e-21,3.535e-15,1.030e-17,1.922e-21,6.866e-14,7.437e-21,1.589e-10,,6.212e-19,3.528e-20,4.080e-19,2.058e+1,3.149e+1,1.790e-9,1.150e+0,1.949e-19,3.309e-1,3.071e-22,1.478e-10,2.453e-20,5.943e-29,8.453e-20,8.653e-23,4.711e+0,2.701e-17,4.964e+0,1.732e-17,4.777e-5,1.157e+1,3.090e+1,,4.077e-1,5.540e-19,,2.029e-17,2.734e-16,,8.404e-20,,6.202e-19,,1.191e-18,,2.746e-12,,2.135e-17,,1.195e-12,1.277e-16
449.31,1.094e+2,6.359e-21,8.630e-9,1.108e-35,1.435e-1,,,2.202e-19,1.734e-3,,3.606e-15,8.738e-21,6.150e-15,1.030e-17,1.922e-21,7.067e-14,7.436e-21,2.259e-10,,6.016e-19,3.530e-20,4.814e-19,2.247e+1,3.165e+1,1.980e-9,1.194e+0,1.949e-19,3.322e-1,3.076e-22,7.512e-11,2.454e-20,5.943e-29,8.455e-20,8.655e-23,4.109e+0,2.698e-17,5.116e+0,1.709e-17,6.986e-5,9.654e+0,3.418e+1,,5.240e-1,5.545e-19,,2.034e-17,6.282e-16,,8.402e-20,,6.202e-19,,1.189e-18,,1.921e-12,,2.134e-17,,2.457e-12,1.278e-16
449.33,1.121e+2,6.363e-21,8.324e-9,1.699e-35,1.504e-1,,,2.204e-19,1.379e-3,,3.606e-15,8.747e-21,8.854e-15,1.030e-17,1.922e-21,7.172e-14,7.435e-21,2.843e-10,,5.885e-19,3.532e-20,5.382e-19,2.371e+1,3.218e+1,2.107e-9,1.224e+0,1.950e-19,3.343e-1,3.079e-22,4.761e-11,2.454e-20,5.944e-29,8.456e-20,8.656e-23,3.739e+0,2.695e-17,5.217e+0,1.693e-17,8.959e-5,8.517e+0,3.638e+1,,6.166e-1,5.549e-19,,2.037e-17,1.089e-15,,8.401e-20,,6.201e-19,,1.189e-18,,1.854e-12,,2.134e-17,,3.955e-12,1.278e-16
449.36,1.171e+2,6.369e-21,7.830e-9,3.201e-35,1.604e-1,,,2.206e-19,9.718e-4,,3.605e-15,8.761e-21,1.519e-14,1.030e-17,1.923e-21,7.281e-14,7.434e-21,3.986e-10,,5.688e-19,3.534e-20,6.359e-19,2.554e+1,3.371e+1,2.298e-9,1.268e+0,1.950e-19,3.395e-1,3.084e-22,2.385e-11,2.455e-20,5.944e-29,8.458e-20,8.657e-23,3.230e+0,2.691e-17,5.369e+0,1.670e-17,1.292e-4,7.012e+0,3.967e+1,,7.815e-1,5.555e-19,,2.041e-17,2.467e-15,,8.399e-20,,6.200e-19,,1.187e-18,,2.445e-12,,2.133e-17,,8.020e-12,1.278e-16
449.38,1.210e+2,6.374e-21,7.482e-9,4.861e-35,1.670e-1,,,2.208e-19,7.658e-4,,3.605e-15,8.771e-21,2.167e-14,1.029e-17,1.923e-21,7.321e-14,7.433e-21,4.969e-10,,5.557e-19,3.536e-20,7.095e-19,2.672e+1,3.525e+1,2.423e-9,1.297e+0,1.950e-19,3.446e-1,3.087e-22,1.498e-11,2.456e-20,5.945e-29,8.460e-20,8.658e-23,2.921e+0,2.688e-17,5.473e+0,1.655e-17,1.641e-4,6.132e+0,4.183e+1,,9.109e-1,5.559e-19,,2.044e-17,4.235e-15,,8.398e-20,,6.200e-19,,1.186e-18,,3.398e-12,,2.133e-17,,1.279e-11,1.279e-16
449.41,1.279e+2,6.380e-21,6.939e-9,9.033e-35,1.763e-1,,,2.211e-19,5.318e-4,,3.605e-15,8.785e-21,3.665e-14,1.029e-17,1.923e-21,7.329e-14,7.432e-21,6.868e-10,,5.361e-19,3.538e-20,8.332e-19,2.839e+1,3.842e+1,2.605e-9,1.339e+0,1.950e-19,3.547e-1,3.091e-22,7.396e-12,2.456e-20,5.945e-29,8.462e-20,8.659e-23,2.503e+0,2.684e-17,5.630e+0,1.632e-17,2.333e-4,4.982e+0,4.497e+1,,1.138e+0,5.564e-19,,2.049e-17,9.462e-15,,8.396e-20,,6.199e-19,,1.185e-18,,6.089e-12,,2.132e-17,,2.557e-11,1.279e-16
449.43,1.331e+2,6.385e-21,6.567e-9,1.359e-34,1.822e-1,,,2.212e-19,4.151e-4,,3.604e-15,8.794e-21,5.178e-14,1.029e-17,1.923e-21,7.300e-14,7.432e-21,8.483e-10,,5.229e-19,3.540e-20,9.244e-19,2.942e+1,4.114e+1,2.720e-9,1.367e+0,1.951e-19,3.634e-1,3.094e-22,4.599e-12,2.457e-20,5.946e-29,8.463e-20,8.660e-23,2.253e+0,2.682e-17,5.737e+0,1.616e-17,2.936e-4,4.318e+0,4.697e+1,,1.315e+0,5.568e-19,,2.052e-17,1.610e-14,,8.394e-20,,6.198e-19,,1.184e-18,,9.174e-12,,2.132e-17,,4.039e-11,1.279e-16
449.46,1.417e+2,6.391e-21,6.004e-9,2.491e-34,1.905e-1,,,2.215e-19,2.842e-4,,3.604e-15,8.808e-21,8.636e-14,1.029e-17,1.923e-21,7.206e-14,7.431e-21,1.156e-9,,5.033e-19,3.542e-20,1.075e-18,3.082e+1,4.621e+1,2.883e-9,1.408e+0,1.951e-19,3.792e-1,3.099e-22,2.239e-12,2.458e-20,5.946e-29,8.465e-20,8.661e-23,1.920e+0,2.678e-17,5.903e+0,1.593e-17,4.115e-4,3.461e+0,4.979e+1,,1.620e+0,5.574e-19,,2.056e-17,3.546e-14,,8.392e-20,,6.198e-19,,1.183e-18,,1.705e-11,,2.131e-17,,7.963e-11,1.279e-16
449.48,1.480e+2,6.395e-21,5.629e-9,3.713e-34,1.956e-1,,,2.216e-19,2.197e-4,,3.604e-15,8.818e-21,1.209e-13,1.029e-17,1.923e-21,7.111e-14,7.430e-21,1.414e-9,,4.902e-19,3.544e-20,1.183e-18,3.165e+1,5.027e+1,2.983e-9,1.434e+0,1.951e-19,3.916e-1,3.102e-22,1.379e-12,2.458e-20,5.946e-29,8.467e-20,8.662e-23,1.724e+0,2.675e-17,6.017e+0,1.578e-17,5.130e-4,2.974e+0,5.151e+1,,1.854e+0,5.578e-19,,2.060e-17,5.976e-14,,8.391e-20,,6.197e-19,,1.182e-18,,2.574e-11,,2.131e-17,,1.246e-10,1.280e-16
449.51,1.583e+2,6.402e-21,5.074e-9,6.711e-34,2.025e-1,,,2.219e-19,1.483e-4,,3.603e-15,8.832e-21,1.988e-13,1.029e-17,1.923e-21,6.920e-14,7.429e-21,1.901e-9,,4.705e-19,3.546e-20,1.359e-18,3.269e+1,5.743e+1,3.117e-9,1.471e+0,1.951e-19,4.132e-1,3.107e-22,6.618e-13,2.459e-20,5.947e-29,8.469e-20,8.664e-23,1.468e+0,2.671e-17,6.194e+0,1.555e-17,7.090e-4,2.352e+0,5.383e+1,,2.253e+0,5.583e-19,,2.064e-17,1.298e-13,,8.389e-20,,6.196e-19,,1.181e-18,,4.745e-11,,2.131e-17,,2.423e-10,1.280e-16
449.53,1.657e+2,6.406e-21,4.712e-9,9.912e-34,2.065e-1,,,2.221e-19,1.136e-4,,3.603e-15,8.841e-21,2.757e-13,1.029e-17,1.923e-21,6.764e-14,7.428e-21,2.303e-9,,4.574e-19,3.548e-20,1.484e-18,3.325e+1,6.294e+1,3.195e-9,1.493e+0,1.952e-19,4.295e-1,3.110e-22,4.037e-13,2.459e-20,5.947e-29,8.470e-20,8.665e-23,1.322e+0,2.669e-17,6.316e+0,1.540e-17,8.755e-4,2.002e+0,5.517e+1,,2.554e+0,5.587e-19,,2.067e-17,2.167e-13,,8.388e-20,,6.196e-19,,1.180e-18,,7.104e-11,,2.130e-17,,3.756e-10,1.280e-16
449.56,1.775e+2,6.413e-21,4.187e-9,1.767e-33,2.115e-1,,,2.223e-19,7.558e-5,,3.603e-15,8.856e-21,4.470e-13,1.029e-17,1.924e-21,6.491e-14,7.427e-21,3.052e-9,,4.378e-19,3.550e-20,1.682e-18,3.387e+1,7.232e+1,3.292e-9,1.524e+0,1.952e-19,4.566e-1,3.115e-22,1.910e-13,2.460e-20,5.948e-29,8.472e-20,8.666e-23,1.136e+0,2.665e-17,6.506e+0,1.517e-17,1.193e-3,1.562e+0,5.684e+1,,3.061e+0,5.593e-19,,2.072e-17,4.642e-13,,8.386e-20,,6.195e-19,,1.179e-18,,1.292e-10,,2.130e-17,,7.200e-10,1.281e-16
449.58,1.858e+2,6.417e-21,3.852e-9,2.586e-33,2.142e-1,,,2.225e-19,5.733e-5,,3.602e-15,8.865e-21,6.140e-13,1.029e-17,1.924e-21,6.285e-14,7.426e-21,3.664e-9,,4.247e-19,3.552e-20,1.820e-18,3.413e+1,7.932e+1,3.342e-9,1.543e+0,1.952e-19,4.763e-1,3.118e-22,1.154e-13,2.461e-20,5.948e-29,8.474e-20,8.667e-23,1.034e+0,2.662e-17,6.637e+0,2.676e-17,1.459e-3,1.318e+0,5.771e+1,,3.438e+0,5.597e-19,,2.075e-17,7.678e-13,,8.384e-20,,6.194e-19,,1.178e-18,,1.917e-10,,2.129e-17,,1.106e-9,1.281e-16
449.61,1.989e+2,6.423e-21,3.375e-9,4.546e-33,2.172e-1,,,2.227e-19,3.761e-5,,3.602e-15,8.879e-21,9.817e-13,1.029e-17,1.924e-21,5.946e-14,7.425e-21,4.786e-9,,4.050e-19,3.554e-20,2.034e-18,3.427e+1,9.092e+1,3.395e-9,1.566e+0,1.952e-19,5.080e-1,3.122e-22,5.382e-14,2.461e-20,5.949e-29,8.476e-20,8.668e-23,9.128e-1,2.658e-17,6.840e+0,6.227e-17,1.961e-3,1.014e+0,5.862e+1,,4.065e+0,5.602e-19,,2.079e-17,1.622e-12,,8.383e-20,,6.194e-19,,1.177e-18,,3.440e-10,,2.129e-17,,2.090e-9,1.281e-16
449.63,2.081e+2,6.428e-21,3.075e-9,6.591e-33,2.185e-1,,,2.229e-19,2.826e-5,,3.602e-15,8.889e-21,1.336e-12,1.029e-17,1.924e-21,5.703e-14,7.425e-21,5.692e-9,,3.919e-19,3.556e-20,2.181e-18,3.421e+1,9.938e+1,3.414e-9,1.579e+0,1.953e-19,5.305e-1,3.125e-22,3.221e-14,2.462e-20,5.949e-29,8.477e-20,8.669e-23,8.519e-1,2.656e-17,6.978e+0,1.088e-16,2.376e-3,8.476e-1,5.896e+1,,4.523e+0,5.606e-19,,2.082e-17,2.657e-12,,8.381e-20,,6.193e-19,,1.176e-18,,5.055e-10,,2.128e-17,,3.180e-9,1.281e-16
449.65,2.175e+2,6.432e-21,2.792e-9,9.521e-33,2.191e-1,,,2.231e-19,2.115e-5,,3.601e-15,8.898e-21,1.811e-12,1.029e-17,1.924e-21,5.450e-14,7.424e-21,6.745e-9,,3.788e-19,3.557e-20,2.330e-18,3.401e+1,1.084e+2,3.420e-9,1.590e+0,1.953e-19,5.539e-1,3.129e-22,1.920e-14,2.462e-20,5.950e-29,8.478e-20,8.670e-23,8.068e-1,2.653e-17,7.117e+0,1.895e-16,2.869e-3,7.060e-1,5.907e+1,,5.016e+0,5.610e-19,,2.085e-17,4.338e-12,,8.380e-20,,6.192e-19,,1.175e-18,,7.402e-10,,2.128e-17,,4.821e-9,1.282e-16
449.68,2.320e+2,6.439e-21,2.398e-9,1.642e-32,2.190e-1,,,2.233e-19,1.360e-5,,3.601e-15,8.912e-21,2.839e-12,1.029e-17,1.924e-21,5.054e-14,7.423e-21,8.638e-9,,8.837e-19,3.559e-20,2.554e-18,3.349e+1,1.228e+2,3.406e-9,1.600e+0,1.953e-19,5.901e-1,3.133e-22,8.769e-15,2.463e-20,5.950e-29,8.481e-20,8.671e-23,7.686e-1,2.649e-17,7.328e+0,4.325e-16,3.779e-3,5.329e-1,5.883e+1,,5.816e+0,5.616e-19,,2.090e-17,8.985e-12,,8.378e-20,,6.192e-19,,1.174e-18,,1.302e-9,,2.127e-17,,8.935e-9,1.282e-16
449.7,2.419e+2,6.443e-21,2.156e-9,2.350e-32,2.181e-1,,,2.235e-19,1.008e-5,,3.601e-15,8.922e-21,3.813e-12,1.029e-17,1.924e-21,4.784e-14,7.422e-21,1.014e-8,,1.547e-18,3.561e-20,2.703e-18,3.298e+1,1.331e+2,3.380e-9,1.603e+0,1.953e-19,6.148e-1,3.136e-22,5.179e-15,2.464e-20,5.951e-29,8.482e-20,8.672e-23,7.626e-1,2.647e-17,7.467e+0,7.461e-16,4.520e-3,4.398e-1,5.839e+1,,6.391e+0,5.620e-19,,2.093e-17,1.453e-11,,8.377e-20,,6.191e-19,,1.173e-18,,1.889e-9,,2.127e-17,,1.342e-8,1.282e-16
449.73,2.570e+2,6.449e-21,1.825e-9,3.995e-32,2.155e-1,,,2.238e-19,6.392e-6,,3.600e-15,8.936e-21,5.894e-12,1.029e-17,1.924e-21,4.374e-14,7.421e-21,1.280e-8,,3.559e-18,3.563e-20,2.922e-18,3.201e+1,1.491e+2,3.318e-9,1.603e+0,1.954e-19,6.523e-1,3.141e-22,2.333e-15,2.464e-20,5.951e-29,8.484e-20,8.674e-23,7.835e-1,2.643e-17,7.672e+0,1.679e-15,5.870e-3,3.274e-1,5.733e+1,,7.311e+0,5.625e-19,,2.097e-17,2.968e-11,,8.375e-20,,6.190e-19,,1.172e-18,,3.279e-9,,2.127e-17,,2.452e-8,1.283e-16
449.75,2.672e+2,6.454e-21,1.626e-9,5.666e-32,2.131e-1,,,2.239e-19,4.694e-6,,3.600e-15,8.945e-21,7.842e-12,1.029e-17,1.925e-21,4.102e-14,7.420e-21,1.489e-8,,6.174e-18,3.565e-20,3.063e-18,3.124e+1,1.602e+2,3.262e-9,1.598e+0,1.954e-19,6.773e-1,3.144e-22,1.365e-15,2.465e-20,5.952e-29,8.485e-20,8.675e-23,8.177e-1,2.640e-17,7.803e+0,2.870e-15,6.955e-3,2.677e-1,5.637e+1,,7.961e+0,5.629e-19,,2.100e-17,4.755e-11,,8.373e-20,,6.190e-19,,1.171e-18,,4.712e-9,,2.126e-17,,3.648e-8,1.283e-16
449.78,2.824e+2,6.460e-21,1.357e-9,9.503e-32,2.083e-1,,,2.242e-19,2.933e-6,,3.599e-15,8.959e-21,1.195e-11,1.029e-17,1.925e-21,3.697e-14,7.419e-21,1.853e-8,,1.401e-17,3.567e-20,3.265e-18,2.989e+1,1.774e+2,3.158e-9,1.586e+0,1.954e-19,7.142e-1,3.149e-22,6.062e-16,2.466e-20,5.952e-29,8.487e-20,8.676e-23,9.007e-1,2.636e-17,7.987e+0,6.367e-15,8.906e-3,1.966e-1,5.459e+1,,8.985e+0,5.635e-19,,2.105e-17,9.575e-11,,8.371e-20,,6.189e-19,,1.170e-18,,8.064e-9,,2.126e-17,,6.573e-8,1.283e-16
449.8,2.925e+2,6.464e-21,1.198e-9,1.335e-31,2.044e-1,,,2.244e-19,2.134e-6,,3.599e-15,8.969e-21,1.575e-11,1.029e-17,1.925e-21,3.434e-14,7.419e-21,2.135e-8,,2.407e-17,3.569e-20,3.390e-18,2.889e+1,1.889e+2,3.075e-9,1.573e+0,1.954e-19,7.382e-1,3.152e-22,3.610e-16,2.466e-20,5.952e-29,8.489e-20,8.677e-23,9.781e-1,2.633e-17,8.100e+0,1.078e-14,1.045e-2,1.592e-1,5.318e+1,,9.697e+0,5.639e-19,,2.108e-17,1.520e-10,,8.370e-20,,6.188e-19,,1.169e-18,,1.148e-8,,2.125e-17,,9.688e-8,1.283e-16
449.83,3.072e+2,6.471e-21,9.855e-10,2.209e-31,1.976e-1,,,2.246e-19,1.315e-6,,3.599e-15,8.983e-21,2.367e-11,1.029e-17,1.925e-21,3.052e-14,7.418e-21,2.620e-8,,5.384e-17,3.571e-20,3.563e-18,2.726e+1,2.064e+2,2.934e-9,1.549e+0,1.955e-19,7.726e-1,3.157e-22,1.767e-16,2.467e-20,5.953e-29,8.491e-20,8.678e-23,1.129e+0,2.630e-17,8.250e+0,2.359e-14,1.320e-2,1.153e-1,5.078e+1,,1.080e+1,5.644e-19,,2.112e-17,3.018e-10,,8.368e-20,,6.188e-19,,1.168e-18,,1.938e-8,,2.125e-17,,1.721e-7,1.284e-16
449.85,3.167e+2,6.475e-21,8.614e-10,3.075e-31,1.924e-1,,,2.248e-19,9.472e-7,,3.598e-15,8.993e-21,3.091e-11,1.029e-17,1.925e-21,2.808e-14,7.417e-21,2.990e-8,,9.166e-17,3.573e-20,3.665e-18,2.610e+1,2.179e+2,2.831e-9,1.529e+0,1.955e-19,7.943e-1,3.160e-22,1.286e-16,2.467e-20,5.953e-29,8.492e-20,8.679e-23,1.254e+0,2.627e-17,8.334e+0,3.957e-14,1.534e-2,9.255e-2,4.902e+1,,1.155e+1,5.648e-19,,2.115e-17,4.746e-10,,8.367e-20,,6.187e-19,,1.167e-18,,2.735e-8,,2.124e-17,,2.513e-7,1.284e-16
449.88,3.304e+2,6.482e-21,6.988e-10,5.016e-31,1.838e-1,,,2.250e-19,5.753e-7,,3.598e-15,9.007e-21,4.580e-11,1.029e-17,1.925e-21,2.460e-14,7.416e-21,3.618e-8,,2.022e-16,3.575e-20,3.797e-18,2.428e+1,2.347e+2,2.663e-9,1.493e+0,1.955e-19,8.245e-1,3.164e-22,1.315e-16,2.468e-20,5.954e-29,8.494e-20,8.680e-23,1.480e+0,2.623e-17,8.432e+0,8.538e-14,1.910e-2,6.608e-2,4.618e+1,,1.270e+1,5.654e-19,,2.120e-17,9.293e-10,,8.365e-20,,6.186e-19,,1.166e-18,,4.552e-8,,2.124e-17,,4.404e-7,1.284e-16
449.9,3.389e+2,6.486e-21,6.050e-10,6.919e-31,1.777e-1,,,2.252e-19,4.106e-7,,3.598e-15,9.016e-21,5.924e-11,1.029e-17,1.925e-21,2.242e-14,7.415e-21,4.090e-8,,3.410e-16,3.577e-20,3.870e-18,2.303e+1,2.455e+2,2.545e-9,1.466e+0,1.955e-19,8.427e-1,3.167e-22,1.842e-16,2.469e-20,5.954e-29,8.496e-20,8.681e-23,1.659e+0,2.620e-17,8.476e+0,1.419e-13,2.200e-2,5.255e-2,4.419e+1,,1.347e+1,5.658e-19,,2.123e-17,1.448e-9,,8.363e-20,,6.186e-19,,1.165e-18,,6.364e-8,,2.123e-17,,6.370e-7,1.284e-16
449.93,3.507e+2,6.493e-21,4.839e-10,1.113e-30,1.678e-1,,,2.255e-19,2.458e-7,,3.597e-15,9.030e-21,8.655e-11,1.029e-17,1.925e-21,1.937e-14,7.414e-21,4.880e-8,,7.418e-16,3.579e-20,3.953e-18,2.112e+1,2.609e+2,2.360e-9,1.421e+0,1.956e-19,8.670e-1,3.172e-22,3.798e-16,2.469e-20,5.955e-29,8.498e-20,8.683e-23,1.969e+0,2.616e-17,8.509e+0,3.019e-13,2.700e-2,3.700e-2,4.109e+1,,1.462e+1,5.663e-19,,2.127e-17,2.795e-9,,8.361e-20,,6.185e-19,,1.164e-18,,1.045e-7,,2.123e-17,,1.100e-6,1.285e-16
449.95,3.578e+2,6.497e-21,4.150e-10,1.522e-30,1.608e-1,,,2.256e-19,1.738e-7,,3.597e-15,9.040e-21,1.109e-10,1.029e-17,1.926e-21,1.749e-14,7.413e-21,5.465e-8,,1.239e-15,3.581e-20,3.990e-18,1.985e+1,2.704e+2,2.234e-9,1.388e+0,1.956e-19,8.808e-1,3.175e-22,6.441e-16,2.470e-20,5.955e-29,8.499e-20,8.684e-23,2.205e+0,2.614e-17,8.505e+0,4.971e-13,3.081e-2,2.915e-2,3.899e+1,,1.537e+1,5.667e-19,,2.130e-17,4.314e-9,,8.360e-20,,6.184e-19,,1.163e-18,,1.447e-7,,2.122e-17,,1.577e-6,1.285e-16
449.98,3.670e+2,6.503e-21,3.273e-10,2.414e-30,1.500e-1,,,2.259e-19,1.026e-7,,3.596e-15,9.054e-21,1.598e-10,1.029e-17,1.926e-21,1.489e-14,7.412e-21,6.429e-8,,2.659e-15,3.583e-20,4.019e-18,1.795e+1,2.832e+2,2.043e-9,1.335e+0,1.956e-19,8.979e-1,3.180e-22,1.436e-15,2.471e-20,5.956e-29,8.501e-20,8.685e-23,2.607e+0,2.610e-17,8.460e+0,1.043e-12,3.728e-2,2.024e-2,3.583e+1,,1.647e+1,5.673e-19,,2.135e-17,8.214e-9,,8.358e-20,,6.184e-19,,1.162e-18,,2.343e-7,,2.122e-17,,2.686e-6,1.285e-16
450,3.722e+2,6.508e-21,2.780e-10,3.270e-30,1.427e-1,,,2.261e-19,7.183e-8,,3.596e-15,9.063e-21,2.028e-10,1.029e-17,1.926e-21,1.332e-14,7.412e-21,7.132e-8,,4.401e-15,3.585e-20,4.019e-18,1.671e+1,2.908e+2,1.916e-9,1.297e+0,1.956e-19,9.065e-1,3.183e-22,2.454e-15,2.471e-20,5.956e-29,8.503e-20,8.686e-23,2.906e+0,2.607e-17,8.403e+0,1.701e-12,4.214e-2,1.579e-2,3.375e+1,,1.718e+1,5.677e-19,,2.138e-17,1.256e-8,,8.357e-20,,6.183e-19,,1.161e-18,,3.216e-7,,2.122e-17,,3.813e-6,1.286e-16
450.02,3.764e+2,6.512e-21,2.353e-10,4.412e-30,1.352e-1,,,2.262e-19,5.011e-8,,3.596e-15,9.073e-21,2.565e-10,1.029e-17,1.926e-21,1.187e-14,7.411e-21,7.881e-8,,7.259e-15,3.586e-20,4.003e-18,1.550e+1,2.975e+2,1.790e-9,1.258e+0,1.956e-19,9.130e-1,3.186e-22,4.176e-15,2.472e-20,5.957e-29,8.504e-20,8.687e-23,3.231e+0,2.605e-17,8.323e+0,2.765e-12,4.745e-2,1.228e-2,3.171e+1,,1.786e+1,5.681e-19,,2.141e-17,1.913e-8,,8.355e-20,,6.183e-19,,1.160e-18,,4.398e-7,,2.121e-17,,5.393e-6,1.286e-16
450.05,3.811e+2,6.518e-21,1.819e-10,6.867e-30,1.240e-1,,,2.265e-19,2.899e-8,,3.595e-15,9.087e-21,3.623e-10,1.029e-17,1.926e-21,9.906e-15,7.410e-21,9.091e-8,,1.527e-14,3.589e-20,3.953e-18,1.376e+1,3.055e+2,1.605e-9,1.198e+0,1.957e-19,9.183e-1,3.191e-22,9.205e-15,2.472e-20,5.957e-29,8.506e-20,8.688e-23,3.767e+0,2.601e-17,8.162e+0,5.687e-12,5.630e-2,8.359e-3,2.877e+1,,1.882e+1,5.686e-19,,2.145e-17,3.572e-8,,8.353e-20,,6.182e-19,,1.159e-18,,6.985e-7,,2.121e-17,,9.008e-6,1.286e-16
450.07,3.830e+2,6.523e-21,1.525e-10,9.180e-30,1.165e-1,,,2.267e-19,2.003e-8,,3.595e-15,9.096e-21,4.539e-10,1.029e-17,1.926e-21,8.742e-15,7.409e-21,9.951e-8,,2.495e-14,3.590e-20,3.901e-18,1.265e+1,3.096e+2,1.485e-9,1.157e+0,1.957e-19,9.189e-1,3.194e-22,1.552e-14,2.473e-20,5.958e-29,8.508e-20,8.689e-23,4.156e+0,2.598e-17,8.027e+0,9.157e-12,6.280e-2,6.438e-3,2.691e+1,,1.941e+1,5.690e-19,,2.148e-17,5.390e-8,,8.352e-20,,6.181e-19,,1.158e-18,,9.466e-7,,2.120e-17,,1.262e-5,1.286e-16
450.1,3.839e+2,6.529e-21,1.162e-10,1.409e-29,1.055e-1,,,2.269e-19,1.142e-8,,3.595e-15,9.111e-21,6.320e-10,1.029e-17,1.926e-21,7.196e-15,7.408e-21,1.132e-7,,5.174e-14,3.592e-20,3.797e-18,1.108e+1,3.136e+2,1.312e-9,1.094e+0,1.957e-19,9.154e-1,3.198e-22,3.374e-14,2.474e-20,5.958e-29,8.510e-20,8.690e-23,4.786e+0,2.594e-17,7.785e+0,1.858e-11,7.346e-2,4.321e-3,2.431e+1,,2.022e+1,5.696e-19,,2.153e-17,9.923e-8,,8.350e-20,,6.180e-19,,1.157e-18,,1.483e-6,,2.120e-17,,2.079e-5,1.287e-16
450.12,3.832e+2,6.534e-21,9.648e-11,1.867e-29,9.834e-2,,,2.271e-19,7.820e-9,,3.594e-15,9.120e-21,7.845e-10,1.029e-17,1.926e-21,6.290e-15,7.407e-21,1.227e-7,,8.375e-14,3.594e-20,3.712e-18,1.011e+1,3.147e+2,1.203e-9,1.053e+0,1.957e-19,9.100e-1,3.202e-22,5.636e-14,2.474e-20,5.958e-29,8.511e-20,8.691e-23,5.235e+0,2.592e-17,7.598e+0,2.963e-11,8.118e-2,3.297e-3,2.272e+1,,2.070e+1,5.700e-19,,2.156e-17,1.484e-7,,8.349e-20,,6.180e-19,,1.156e-18,,1.991e-6,,2.119e-17,,2.886e-5,1.287e-16
450.15,3.803e+2,6.540e-21,7.249e-11,2.826e-29,8.791e-2,,,2.273e-19,4.397e-9,,3.594e-15,9.134e-21,1.077e-9,1.029e-17,1.927e-21,5.105e-15,7.406e-21,1.376e-7,,1.713e-13,3.596e-20,3.563e-18,8.760e+0,3.143e+2,1.048e-9,9.909e-1,1.958e-19,8.976e-1,3.206e-22,1.208e-13,2.475e-20,5.959e-29,8.513e-20,8.693e-23,5.950e+0,2.588e-17,7.284e+0,5.927e-11,9.363e-2,2.182e-3,2.060e+1,,2.132e+1,5.705e-19,,2.160e-17,2.693e-7,,8.347e-20,,6.179e-19,,1.155e-18,,3.078e-6,,2.119e-17,,4.686e-5,1.287e-16
450.17,3.770e+2,6.544e-21,5.962e-11,3.709e-29,8.123e-2,,,2.275e-19,2.981e-9,,3.594e-15,9.144e-21,1.324e-9,1.029e-17,1.927e-21,4.420e-15,7.406e-21,1.478e-7,,2.747e-13,3.598e-20,3.450e-18,7.939e+0,3.125e+2,9.518e-10,9.504e-1,1.958e-19,8.865e-1,3.209e-22,1.999e-13,2.475e-20,5.959e-29,8.515e-20,8.694e-23,6.450e+0,2.585e-17,7.053e+0,9.366e-11,1.025e-1,1.649e-3,1.937e+1,,2.167e+1,5.709e-19,,2.163e-17,3.989e-7,,8.345e-20,,6.178e-19,,1.154e-18,,4.096e-6,,2.118e-17,,6.444e-5,1.288e-16
450.2,3.703e+2,6.551e-21,4.416e-11,5.539e-29,7.168e-2,,,2.278e-19,1.652e-9,,3.593e-15,9.158e-21,1.793e-9,1.029e-17,1.927e-21,3.536e-15,7.405e-21,1.634e-7,,5.540e-13,3.600e-20,3.265e-18,6.829e+0,3.077e+2,8.177e-10,8.915e-1,1.958e-19,8.658e-1,3.214e-22,4.226e-13,2.476e-20,5.960e-29,8.517e-20,8.695e-23,7.231e+0,2.581e-17,6.679e+0,1.848e-10,1.166e-1,1.076e-3,1.782e+1,,2.209e+1,5.715e-19,,2.168e-17,7.140e-7,,8.343e-20,,6.178e-19,,1.153e-18,,6.245e-6,,2.118e-17,,1.032e-4,1.288e-16
450.22,3.646e+2,6.555e-21,3.598e-11,7.204e-29,6.566e-2,,,2.279e-19,1.110e-9,,3.593e-15,9.167e-21,2.184e-9,1.029e-17,1.927e-21,3.033e-15,7.404e-21,1.739e-7,,8.803e-13,3.602e-20,3.132e-18,6.171e+0,3.031e+2,7.355e-10,8.536e-1,1.958e-19,8.493e-1,3.217e-22,6.929e-13,2.477e-20,5.960e-29,8.518e-20,8.696e-23,7.768e+0,2.578e-17,6.415e+0,2.892e-10,1.264e-1,8.060e-4,1.700e+1,,2.230e+1,5.719e-19,,2.171e-17,1.048e-6,,8.342e-20,,6.177e-19,,1.152e-18,,8.235e-6,,2.118e-17,,1.406e-4,1.288e-16
450.25,3.545e+2,6.562e-21,2.628e-11,1.061e-28,5.719e-2,,,2.282e-19,6.063e-10,,3.593e-15,9.181e-21,2.916e-9,1.029e-17,1.927e-21,2.393e-15,7.403e-21,1.896e-7,,1.751e-12,3.604e-20,2.922e-18,5.307e+0,2.942e+2,6.229e-10,7.995e-1,1.959e-19,8.211e-1,3.222e-22,1.444e-12,2.477e-20,5.961e-29,8.520e-20,8.697e-23,8.589e+0,2.575e-17,6.000e+0,5.626e-10,1.417e-1,5.186e-4,1.611e+1,,2.251e+1,5.724e-19,,2.175e-17,1.849e-6,,8.340e-20,,6.176e-19,,1.151e-18,,1.239e-5,,2.117e-17,,2.220e-4,1.288e-16
450.27,3.468e+2,6.566e-21,2.121e-11,1.367e-28,5.192e-2,,,2.284e-19,4.033e-10,,3.592e-15,9.191e-21,3.518e-9,1.029e-17,1.927e-21,2.033e-15,7.402e-21,1.999e-7,,2.756e-12,3.606e-20,2.776e-18,4.814e+0,2.870e+2,5.550e-10,7.655e-1,1.959e-19,8.000e-1,3.225e-22,2.346e-12,2.478e-20,5.961e-29,8.521e-20,8.698e-23,9.142e+0,2.572e-17,5.714e+0,8.726e-10,1.522e-1,3.847e-4,1.575e+1,,2.258e+1,5.728e-19,,2.178e-17,2.688e-6,,8.339e-20,,6.176e-19,,1.150e-18,,1.619e-5,,2.117e-17,,2.996e-4,1.289e-16
450.3,3.340e+2,6.572e-21,1.527e-11,1.986e-28,4.463e-2,,,2.286e-19,2.172e-10,,3.592e-15,9.205e-21,4.631e-9,1.029e-17,1.927e-21,1.581e-15,7.401e-21,2.148e-7,,5.404e-12,3.608e-20,2.554e-18,4.197e+0,2.747e+2,4.635e-10,7.179e-1,1.959e-19,7.655e-1,3.229e-22,4.822e-12,2.479e-20,5.962e-29,8.524e-20,8.700e-23,9.968e+0,2.568e-17,5.277e+0,1.674e-9,1.683e-1,2.443e-4,1.557e+1,,2.259e+1,5.734e-19,,2.183e-17,4.678e-6,,8.337e-20,,6.175e-19,,1.149e-18,,2.403e-5,,2.116e-17,,4.664e-4,1.289e-16
450.32,3.248e+2,6.577e-21,1.221e-11,2.536e-28,4.016e-2,,,2.288e-19,1.431e-10,,3.592e-15,9.214e-21,5.536e-9,1.029e-17,1.927e-21,1.331e-15,7.400e-21,2.243e-7,,8.427e-12,3.610e-20,2.404e-18,3.868e+0,2.655e+2,4.091e-10,6.885e-1,1.959e-19,7.407e-1,3.233e-22,7.760e-12,2.479e-20,5.962e-29,8.525e-20,8.700e-23,1.051e+1,2.565e-17,4.983e+0,2.572e-9,1.791e-1,1.797e-4,1.570e+1,,2.253e+1,5.738e-19,,2.186e-17,6.738e-6,,8.335e-20,,6.174e-19,,1.148e-18,,3.112e-5,,2.116e-17,,6.236e-4,1.289e-16
450.35,3.101e+2,6.583e-21,8.664e-12,3.634e-28,3.405e-2,,,2.290e-19,7.601e-11,,3.591e-15,9.229e-21,7.185e-9,1.029e-17,1.928e-21,1.020e-15,7.399e-21,2.377e-7,,1.630e-11,3.612e-20,2.181e-18,3.497e+0,2.506e+2,3.368e-10,6.483e-1,1.960e-19,7.013e-1,3.237e-22,1.573e-11,2.480e-20,5.963e-29,8.527e-20,8.702e-23,1.130e+1,2.561e-17,4.543e+0,4.864e-9,1.952e-1,1.129e-4,1.626e+1,,2.235e+1,5.743e-19,,2.190e-17,1.156e-5,,8.333e-20,,6.174e-19,,1.147e-18,,4.558e-5,,2.115e-17,,9.573e-4,1.290e-16
450.37,2.999e+2,6.588e-21,6.861e-12,4.597e-28,3.037e-2,,,2.292e-19,4.961e-11,,3.591e-15,9.238e-21,8.508e-9,1.029e-17,1.928e-21,8.505e-16,7.399e-21,2.459e-7,,2.518e-11,3.614e-20,2.034e-18,3.330e+0,2.399e+2,2.945e-10,6.241e-1,1.960e-19,6.738e-1,3.240e-22,2.508e-11,2.480e-20,5.963e-29,8.528e-20,8.703e-23,1.181e+1,2.559e-17,4.253e+0,7.405e-9,2.058e-1,8.279e-5,1.689e+1,,2.218e+1,5.747e-19,,2.193e-17,1.650e-5,,8.332e-20,,6.173e-19,,1.146e-18,,5.852e-5,,2.115e-17,,1.268e-3,1.290e-16
450.39,2.895e+2,6.592e-21,5.413e-12,5.794e-28,2.699e-2,,,2.294e-19,3.226e-11,,3.591e-15,9.248e-21,1.004e-8,1.029e-17,1.928e-21,7.064e-16,7.398e-21,2.535e-7,,3.875e-11,3.615e-20,1.890e-18,3.229e+0,2.288e+2,2.565e-10,6.021e-1,1.960e-19,6.455e-1,3.243e-22,3.983e-11,2.481e-20,5.964e-29,8.530e-20,8.704e-23,1.230e+1,2.556e-17,3.967e+0,1.123e-8,2.161e-1,6.088e-5,1.772e+1,,2.196e+1,5.751e-19,,2.196e-17,2.345e-5,,8.331e-20,,6.173e-19,,1.145e-18,,7.487e-5,,2.114e-17,,1.673e-3,1.290e-16
450.42,2.737e+2,6.598e-21,3.766e-12,8.144e-28,2.246e-2,,,2.296e-19,1.679e-11,,3.590e-15,9.262e-21,1.277e-8,1.029e-17,1.928e-21,5.309e-16,7.397e-21,2.633e-7,,7.349e-11,3.618e-20,1.681e-18,3.201e+0,2.117e+2,2.070e-10,5.731e-1,1.960e-19,6.020e-1,3.248e-22,7.917e-11,2.482e-20,5.964e-29,8.532e-20,8.705e-23,1.297e+1,2.552e-17,3.551e+0,2.083e-8,2.310e-1,3.922e-5,1.934e+1,,2.156e+1,5.757e-19,,2.201e-17,3.946e-5,,8.329e-20,,6.172e-19,,1.144e-18,,1.076e-4,,2.114e-17,,2.519e-3,1.290e-16
450.44,2.633e+2,6.603e-21,2.943e-12,1.017e-27,1.978e-2,,,2.298e-19,1.081e-11,,3.590e-15,9.271e-21,1.493e-8,1.029e-17,1.928e-21,4.368e-16,7.396e-21,2.688e-7,,1.121e-10,3.619e-20,1.547e-18,3.266e+0,2.000e+2,1.786e-10,5.565e-1,1.961e-19,5.725e-1,3.251e-22,1.246e-10,2.482e-20,5.965e-29,8.533e-20,8.706e-23,1.338e+1,2.550e-17,3.284e+0,3.130e-8,2.403e-1,3.025e-5,2.066e+1,,2.125e+1,5.761e-19,,2.204e-17,5.557e-5,,8.328e-20,,6.171e-19,,1.143e-18,,1.365e-4,,2.114e-17,,3.293e-3,1.291e-16
450.47,2.478e+2,6.609e-21,2.019e-12,1.410e-27,1.623e-2,,,2.301e-19,5.549e-12,,3.589e-15,9.285e-21,1.873e-8,1.029e-17,1.928e-21,3.237e-16,7.395e-21,2.754e-7,,2.095e-10,3.622e-20,1.358e-18,3.491e+0,1.824e+2,1.422e-10,5.354e-1,1.961e-19,5.281e-1,3.256e-22,2.442e-10,2.483e-20,5.965e-29,8.535e-20,8.707e-23,1.392e+1,2.546e-17,2.901e+0,5.724e-8,2.532e-1,2.281e-5,2.301e+1,,2.073e+1,5.766e-19,,2.208e-17,9.222e-5,,8.326e-20,,6.170e-19,,1.142e-18,,1.937e-4,,2.113e-17,,4.887e-3,1.291e-16
450.49,2.379e+2,6.613e-21,1.563e-12,1.745e-27,1.417e-2,,,2.302e-19,3.540e-12,,3.589e-15,9.295e-21,2.169e-8,1.029e-17,1.928e-21,2.638e-16,7.394e-21,2.785e-7,,3.166e-10,3.623e-20,1.239e-18,3.729e+0,1.708e+2,1.216e-10,5.239e-1,1.961e-19,4.985e-1,3.259e-22,3.807e-10,2.483e-20,5.965e-29,8.537e-20,8.708e-23,1.424e+1,2.543e-17,2.659e+0,8.520e-8,2.609e-1,2.116e-5,2.481e+1,,2.035e+1,5.770e-19,,2.211e-17,1.286e-4,,8.324e-20,,6.170e-19,,1.141e-18,,2.435e-4,,2.113e-17,,6.329e-3,1.291e-16
450.52,2.236e+2,6.620e-21,1.057e-12,2.386e-27,1.147e-2,,,2.305e-19,1.791e-12,,3.589e-15,9.309e-21,2.683e-8,1.029e-17,1.928e-21,1.927e-16,7.393e-21,2.813e-7,,5.837e-10,3.625e-20,1.073e-18,4.222e+0,1.536e+2,9.545e-11,5.103e-1,1.961e-19,4.547e-1,3.264e-22,7.358e-10,2.484e-20,5.966e-29,8.539e-20,8.709e-23,1.462e+1,2.539e-17,2.317e+0,1.536e-7,2.711e-1,2.319e-5,2.784e+1,,1.975e+1,5.776e-19,,2.216e-17,2.105e-4,,8.322e-20,,6.169e-19,,1.140e-18,,3.409e-4,,2.112e-17,,9.263e-3,1.291e-16
450.54,2.146e+2,6.624e-21,8.104e-13,2.926e-27,9.918e-3,,,2.306e-19,1.132e-12,,3.588e-15,9.318e-21,3.077e-8,1.029e-17,1.929e-21,1.556e-16,7.393e-21,2.818e-7,,8.737e-10,3.627e-20,9.710e-19,4.646e+0,1.424e+2,8.089e-11,5.036e-1,1.962e-19,4.260e-1,3.267e-22,1.136e-9,2.485e-20,5.966e-29,8.540e-20,8.710e-23,1.481e+1,2.537e-17,2.105e+0,2.266e-7,2.767e-1,2.775e-5,3.006e+1,,1.932e+1,5.780e-19,,2.219e-17,2.909e-4,,8.321e-20,,6.169e-19,,1.139e-18,,4.249e-4,,2.112e-17,,1.188e-2,1.292e-16
450.57,2.020e+2,6.631e-21,5.403e-13,3.945e-27,7.920e-3,,,2.309e-19,5.643e-13,,3.588e-15,9.333e-21,3.754e-8,1.029e-17,1.929e-21,1.120e-16,7.392e-21,2.806e-7,,1.589e-9,3.629e-20,8.313e-19,5.429e+0,1.262e+2,6.273e-11,4.967e-1,1.962e-19,3.841e-1,3.271e-22,2.166e-9,2.486e-20,5.967e-29,8.542e-20,8.712e-23,1.501e+1,2.533e-17,1.811e+0,4.030e-7,2.835e-1,4.047e-5,3.368e+1,,1.866e+1,5.785e-19,,2.224e-17,4.694e-4,,8.319e-20,,6.168e-19,,1.138e-18,,5.875e-4,,2.111e-17,,1.715e-2,1.292e-16
450.59,1.943e+2,6.635e-21,4.104e-13,4.794e-27,6.786e-3,,,2.311e-19,3.532e-13,,3.588e-15,9.342e-21,4.265e-8,1.029e-17,1.929e-21,8.960e-17,7.391e-21,2.785e-7,,2.355e-9,3.631e-20,7.471e-19,6.054e+0,1.160e+2,5.276e-11,4.942e-1,1.962e-19,3.571e-1,3.274e-22,3.314e-9,2.486e-20,5.967e-29,8.544e-20,8.713e-23,1.508e+1,2.530e-17,1.630e+0,5.887e-7,2.867e-1,5.404e-5,3.625e+1,,1.820e+1,5.789e-19,,2.227e-17,6.427e-4,,8.318e-20,,6.167e-19,,1.137e-18,,7.259e-4,,2.111e-17,,2.180e-2,1.292e-16
450.62,1.840e+2,6.641e-21,2.697e-13,6.376e-27,5.344e-3,,,2.313e-19,1.736e-13,,3.587e-15,9.356e-21,5.130e-8,1.029e-17,1.929e-21,6.362e-17,7.390e-21,2.734e-7,,4.223e-9,3.633e-20,6.341e-19,7.152e+0,1.014e+2,4.056e-11,4.932e-1,1.962e-19,3.182e-1,3.279e-22,6.229e-9,2.487e-20,5.968e-29,8.546e-20,8.714e-23,1.509e+1,2.526e-17,1.384e+0,1.032e-6,2.895e-1,8.519e-5,4.032e+1,,1.751e+1,5.795e-19,,2.231e-17,1.023e-3,,8.316e-20,,6.166e-19,,1.136e-18,,9.909e-4,,2.110e-17,,3.102e-2,1.293e-16
450.64,1.778e+2,6.646e-21,2.029e-13,7.677e-27,4.537e-3,,,2.315e-19,1.077e-13,,3.587e-15,9.366e-21,5.775e-8,1.029e-17,1.929e-21,5.040e-17,7.389e-21,2.688e-7,,6.204e-9,3.635e-20,5.676e-19,7.996e+0,9.223e+1,3.400e-11,4.943e-1,1.963e-19,2.935e-1,3.282e-22,9.443e-9,2.487e-20,5.968e-29,8.547e-20,8.715e-23,1.504e+1,2.524e-17,1.235e+0,1.494e-6,2.901e-1,1.159e-4,4.315e+1,,1.704e+1,5.799e-19,,2.234e-17,1.387e-3,,8.314e-20,,6.166e-19,,1.135e-18,,1.214e-3,,2.110e-17,,3.906e-2,1.293e-16
450.67,1.698e+2,6.652e-21,1.315e-13,1.007e-26,3.524e-3,,,2.317e-19,5.218e-14,,3.587e-15,9.380e-21,6.848e-8,1.029e-17,1.929e-21,3.528e-17,7.388e-21,2.602e-7,,1.097e-8,3.637e-20,4.807e-19,9.434e+0,7.949e+1,2.618e-11,4.983e-1,1.963e-19,2.585e-1,3.287e-22,1.750e-8,2.488e-20,5.969e-29,8.549e-20,8.716e-23,1.488e+1,2.520e-17,1.034e+0,2.584e-6,2.889e-1,1.836e-4,4.750e+1,,1.634e+1,5.804e-19,,2.239e-17,2.176e-3,,8.312e-20,,6.165e-19,,1.134e-18,,1.636e-3,,2.109e-17,,5.481e-2,1.293e-16
450.69,1.652e+2,6.657e-21,9.801e-14,1.202e-26,2.964e-3,,,2.319e-19,3.204e-14,,3.586e-15,9.389e-21,7.637e-8,1.029e-17,1.929e-21,2.768e-17,7.387e-21,2.535e-7,,1.596e-8,3.639e-20,4.310e-19,1.051e+1,7.165e+1,2.214e-11,5.024e-1,1.963e-19,2.365e-1,3.290e-22,2.628e-8,2.489e-20,5.969e-29,8.551e-20,8.717e-23,1.471e+1,2.517e-17,9.142e-1,3.705e-6,2.867e-1,2.487e-4,5.045e+1,,1.588e+1,5.808e-19,,2.242e-17,2.924e-3,,8.311e-20,,6.164e-19,,1.133e-18,,1.988e-3,,2.109e-17,,6.837e-2,1.293e-16
450.72,1.595e+2,6.663e-21,6.261e-14,1.555e-26,2.270e-3,,,2.322e-19,1.531e-14,,3.586e-15,9.403e-21,8.929e-8,1.029e-17,1.929e-21,1.911e-17,7.386e-21,2.419e-7,,2.783e-8,3.641e-20,3.686e-19,1.231e+1,6.088e+1,1.757e-11,5.104e-1,1.963e-19,2.058e-1,3.295e-22,4.804e-8,2.489e-20,5.970e-29,8.553e-20,8.719e-23,1.439e+1,2.513e-17,7.552e-1,6.318e-6,2.815e-1,3.899e-4,5.487e+1,,1.521e+1,5.814e-19,,2.246e-17,4.524e-3,,8.309e-20,,6.164e-19,,1.132e-18,,2.647e-3,,2.108e-17,,9.460e-2,1.294e-16
450.74,1.565e+2,6.667e-21,4.623e-14,1.838e-26,1.891e-3,,,2.323e-19,9.312e-15,,3.586e-15,9.413e-21,9.864e-8,1.029e-17,1.930e-21,1.485e-17,7.386e-21,2.334e-7,,4.013e-8,3.643e-20,3.347e-19,1.363e+1,5.436e+1,1.542e-11,5.168e-1,1.964e-19,1.868e-1,3.298e-22,7.148e-8,2.490e-20,5.970e-29,8.554e-20,8.719e-23,1.413e+1,2.510e-17,6.620e-1,8.976e-6,2.767e-1,5.239e-4,5.779e+1,,1.478e+1,5.818e-19,,2.249e-17,6.023e-3,,8.308e-20,,6.163e-19,,1.131e-18,,3.189e-3,,2.108e-17,,1.169e-1,1.294e-16
450.76,1.540e+2,6.672e-21,3.400e-14,2.165e-26,1.570e-3,,,2.325e-19,5.643e-15,,3.585e-15,9.422e-21,1.086e-7,1.029e-17,1.930e-21,1.150e-17,7.385e-21,2.243e-7,,5.765e-8,3.644e-20,3.067e-19,1.505e+1,4.835e+1,1.392e-11,5.240e-1,1.964e-19,1.690e-1,3.301e-22,1.060e-7,2.490e-20,5.971e-29,8.555e-20,8.720e-23,1.384e+1,2.508e-17,5.781e-1,1.270e-5,2.711e-1,7.014e-4,6.065e+1,,1.436e+1,5.822e-19,,2.252e-17,7.989e-3,,8.306e-20,,6.163e-19,,1.130e-18,,3.831e-3,,2.108e-17,,1.439e-1,1.294e-16
450.79,1.512e+2,6.678e-21,2.129e-14,2.748e-26,1.179e-3,,,2.328e-19,2.643e-15,,3.585e-15,9.436e-21,1.245e-7,1.029e-17,1.930e-21,7.780e-18,7.384e-21,2.099e-7,,9.856e-8,3.647e-20,2.757e-19,1.736e+1,4.028e+1,1.282e-11,5.360e-1,1.964e-19,1.445e-1,3.305e-22,1.899e-7,2.491e-20,5.971e-29,8.558e-20,8.722e-23,1.336e+1,2.504e-17,4.687e-1,2.124e-5,2.609e-1,1.079e-3,6.478e+1,,1.376e+1,5.827e-19,,2.257e-17,1.212e-2,,8.304e-20,,6.162e-19,,1.129e-18,,5.012e-3,,2.107e-17,,1.953e-1,1.295e-16
450.81,1.499e+2,6.683e-21,1.551e-14,3.207e-26,9.699e-4,,,2.329e-19,1.586e-15,,3.585e-15,9.446e-21,1.357e-7,1.029e-17,1.930e-21,5.968e-18,7.383e-21,1.999e-7,,1.403e-7,3.648e-20,2.619e-19,1.903e+1,3.549e+1,1.282e-11,5.446e-1,1.964e-19,1.297e-1,3.309e-22,2.789e-7,2.492e-20,5.971e-29,8.559e-20,8.723e-23,1.302e+1,2.501e-17,4.057e-1,2.979e-5,2.532e-1,1.431e-3,6.738e+1,,1.339e+1,5.831e-19,,2.260e-17,1.592e-2,,8.303e-20,,6.161e-19,,1.128e-18,,5.971e-3,,2.107e-17,,2.382e-1,1.295e-16
450.84,1.488e+2,6.689e-21,9.576e-15,4.015e-26,7.184e-4,,,2.332e-19,7.324e-16,,3.584e-15,9.460e-21,1.534e-7,1.029e-17,1.930e-21,3.981e-18,7.382e-21,1.844e-7,,2.365e-7,3.651e-20,2.515e-19,2.169e+1,2.915e+1,1.398e-11,5.583e-1,1.965e-19,1.096e-1,3.313e-22,4.929e-7,2.492e-20,5.972e-29,8.561e-20,8.724e-23,1.248e+1,2.497e-17,3.245e-1,4.911e-5,2.403e-1,2.171e-3,7.100e+1,,1.288e+1,5.837e-19,,2.264e-17,2.382e-2,,8.301e-20,,6.160e-19,,1.127e-18,,7.717e-3,,2.106e-17,,3.186e-1,1.295e-16
450.86,1.485e+2,6.693e-21,6.911e-15,4.643e-26,5.853e-4,,,2.334e-19,4.354e-16,,3.584e-15,9.469e-21,1.657e-7,1.029e-17,1.930e-21,3.025e-18,7.381e-21,1.739e-7,,3.334e-7,3.652e-20,2.511e-19,2.358e+1,2.544e+1,1.556e-11,5.678e-1,1.965e-19,9.749e-2,3.316e-22,7.171e-7,2.493e-20,5.972e-29,8.562e-20,8.725e-23,1.211e+1,2.495e-17,2.783e-1,6.823e-5,2.310e-1,2.853e-3,7.319e+1,,1.257e+1,5.841e-19,,2.267e-17,3.101e-2,,8.300e-20,,6.160e-19,,1.126e-18,,9.120e-3,,2.106e-17,,3.850e-1,1.295e-16
450.89,1.486e+2,6.700e-21,4.206e-15,5.734e-26,4.275e-4,,,2.336e-19,1.982e-16,,3.583e-15,9.484e-21,1.847e-7,1.029e-17,1.930e-21,1.989e-18,7.380e-21,1.582e-7,,5.542e-7,3.655e-20,2.604e-19,2.656e+1,2.060e+1,1.930e-11,5.822e-1,1.965e-19,8.133e-2,3.321e-22,1.250e-6,2.494e-20,5.973e-29,8.565e-20,8.726e-23,1.155e+1,2.491e-17,2.196e-1,1.109e-4,2.161e-1,4.268e-3,7.608e+1,,1.216e+1,5.846e-19,,2.272e-17,4.573e-2,,8.298e-20,,6.159e-19,,1.125e-18,,1.165e-2,,2.105e-17,,5.078e-1,1.296e-16
450.91,1.490e+2,6.704e-21,3.007e-15,6.570e-26,3.450e-4,,,2.338e-19,1.167e-16,,3.583e-15,9.493e-21,1.976e-7,1.029e-17,1.930e-21,1.497e-18,7.380e-21,1.478e-7,,7.741e-7,3.656e-20,2.730e-19,2.865e+1,1.782e+1,2.283e-11,5.917e-1,1.965e-19,7.177e-2,3.324e-22,1.801e-6,2.494e-20,5.973e-29,8.566e-20,8.727e-23,1.118e+1,2.488e-17,1.867e-1,1.527e-4,2.058e-1,5.557e-3,7.772e+1,,1.192e+1,5.850e-19,,2.275e-17,5.898e-2,,8.296e-20,,6.159e-19,,1.124e-18,,1.366e-2,,2.105e-17,,6.078e-1,1.296e-16
450.94,1.500e+2,6.711e-21,1.804e-15,8.003e-26,2.485e-4,,,2.340e-19,5.237e-17,,3.583e-15,9.507e-21,2.172e-7,1.029e-17,1.931e-21,9.706e-19,7.379e-21,1.326e-7,,1.269e-6,3.658e-20,3.016e-19,3.190e+1,1.422e+1,2.996e-11,6.058e-1,1.966e-19,5.912e-2,3.329e-22,3.096e-6,2.495e-20,5.974e-29,8.568e-20,8.728e-23,1.064e+1,2.484e-17,1.454e-1,2.448e-4,1.899e-1,8.198e-3,7.970e+1,,1.164e+1,5.856e-19,,2.279e-17,8.578e-2,,8.294e-20,,6.158e-19,,1.123e-18,,1.724e-2,,2.104e-17,,7.906e-1,1.296e-16
450.96,1.508e+2,6.715e-21,1.278e-15,9.086e-26,1.987e-4,,,2.342e-19,3.055e-17,,3.582e-15,9.517e-21,2.302e-7,1.028e-17,1.931e-21,7.236e-19,7.378e-21,1.227e-7,,1.756e-6,3.660e-20,3.271e-19,3.414e+1,1.218e+1,3.617e-11,6.148e-1,1.966e-19,5.173e-2,3.332e-22,4.421e-6,2.495e-20,5.974e-29,8.569e-20,8.729e-23,1.030e+1,2.482e-17,1.225e-1,3.337e-4,1.791e-1,1.057e-2,8.068e+1,,1.149e+1,5.860e-19,,2.282e-17,1.096e-1,,8.293e-20,,6.157e-19,,1.122e-18,,2.005e-2,,2.104e-17,,9.375e-1,1.296e-16
450.99,1.523e+2,6.721e-21,7.559e-16,1.092e-25,1.411e-4,,,2.345e-19,1.351e-17,,3.582e-15,9.531e-21,2.494e-7,1.028e-17,1.931e-21,4.625e-19,7.377e-21,1.085e-7,,2.839e-6,3.662e-20,3.750e-19,3.759e+1,9.590e+0,4.810e-11,6.275e-1,1.966e-19,4.208e-2,3.336e-22,7.492e-6,2.496e-20,5.975e-29,8.571e-20,8.731e-23,9.807e+0,2.478e-17,9.407e-2,5.276e-4,1.629e-1,1.538e-2,8.162e+1,,1.134e+1,5.865e-19,,2.287e-17,1.572e-1,,8.291e-20,,6.156e-19,,1.121e-18,,2.501e-2,,2.104e-17,,1.202e+0,1.297e-16
451.01,1.533e+2,6.726e-21,5.302e-16,1.228e-25,1.118e-4,,,2.346e-19,7.809e-18,,3.582e-15,9.540e-21,2.619e-7,1.028e-17,1.931e-21,3.416e-19,7.376e-21,9.951e-8,,3.892e-6,3.664e-20,4.135e-19,3.994e+1,8.137e+0,5.813e-11,6.352e-1,1.966e-19,3.651e-2,3.340e-22,1.060e-5,2.497e-20,5.975e-29,8.573e-20,8.732e-23,9.504e+0,2.475e-17,7.855e-2,7.127e-4,1.522e-1,1.966e-2,8.189e+1,,1.129e+1,5.869e-19,,2.290e-17,1.989e-1,,8.290e-20,,6.156e-19,,1.120e-18,,2.887e-2,,2.103e-17,,1.413e+0,1.297e-16
451.04,1.550e+2,6.732e-21,3.092e-16,1.455e-25,7.824e-5,,,2.349e-19,3.405e-18,,3.581e-15,9.554e-21,2.799e-7,1.028e-17,1.931e-21,2.153e-19,7.375e-21,8.676e-8,,6.204e-6,3.666e-20,4.812e-19,4.351e+1,6.315e+0,7.695e-11,6.453e-1,1.967e-19,2.931e-2,3.344e-22,1.771e-5,2.497e-20,5.976e-29,8.575e-20,8.733e-23,9.087e+0,2.471e-17,5.953e-2,1.111e-3,1.365e-1,2.820e-2,8.176e+1,,1.129e+1,5.875e-19,,2.294e-17,2.813e-1,,8.288e-20,,6.155e-19,,1.119e-18,,3.560e-2,,2.103e-17,,1.786e+0,1.297e-16
451.06,1.561e+2,6.736e-21,2.149e-16,1.623e-25,6.140e-5,,,2.351e-19,1.949e-18,,3.581e-15,9.564e-21,2.911e-7,1.028e-17,1.931e-21,1.575e-19,7.374e-21,7.881e-8,,8.426e-6,3.668e-20,5.328e-19,4.591e+1,5.308e+0,9.247e-11,6.510e-1,1.967e-19,2.522e-2,3.347e-22,2.483e-5,2.498e-20,5.976e-29,8.576e-20,8.734e-23,8.836e+0,2.469e-17,4.926e-2,1.487e-3,1.264e-1,3.571e-2,8.131e+1,,1.134e+1,5.879e-19,,2.297e-17,3.528e-1,,8.286e-20,,6.155e-19,,1.118e-18,,4.078e-2,,2.102e-17,,2.079e+0,1.298e-16
451.09,1.577e+2,6.743e-21,1.235e-16,1.897e-25,4.238e-5,,,2.353e-19,8.378e-19,,3.581e-15,9.578e-21,3.067e-7,1.028e-17,1.931e-21,9.784e-20,7.373e-21,6.775e-8,,1.324e-5,3.670e-20,6.201e-19,4.952e+1,4.061e+0,1.211e-10,6.575e-1,1.967e-19,1.999e-2,3.352e-22,4.092e-5,2.499e-20,5.977e-29,8.578e-20,8.735e-23,8.498e+0,2.465e-17,3.684e-2,2.286e-3,1.118e-1,5.052e-2,8.012e+1,,1.147e+1,5.884e-19,,2.302e-17,4.919e-1,,8.284e-20,,6.154e-19,,1.117e-18,,4.972e-2,,2.102e-17,,2.592e+0,1.298e-16
451.11,1.587e+2,6.747e-21,8.503e-17,2.095e-25,3.295e-5,,,2.355e-19,4.750e-19,,3.580e-15,9.587e-21,3.161e-7,1.028e-17,1.931e-21,7.090e-20,7.373e-21,6.096e-8,,1.782e-5,3.672e-20,6.848e-19,5.192e+1,3.382e+0,1.443e-10,6.605e-1,1.967e-19,1.705e-2,3.355e-22,5.682e-5,2.499e-20,5.977e-29,8.580e-20,8.736e-23,8.298e+0,2.462e-17,3.021e-2,3.030e-3,1.025e-1,6.337e-2,7.901e+1,,1.161e+1,5.888e-19,,2.305e-17,6.112e-1,,8.283e-20,,6.153e-19,,1.116e-18,,5.652e-2,,2.101e-17,,2.989e+0,1.298e-16
451.14,1.603e+2,6.754e-21,4.820e-17,2.415e-25,2.243e-5,,,2.357e-19,1.085e-19,,3.580e-15,9.602e-21,3.283e-7,1.028e-17,1.932e-21,4.343e-20,7.371e-21,5.167e-8,,2.762e-5,3.674e-20,7.914e-19,5.549e+1,2.551e+0,1.865e-10,6.625e-1,1.968e-19,1.334e-2,3.360e-22,9.233e-5,2.500e-20,5.978e-29,8.582e-20,8.738e-23,8.036e+0,2.458e-17,2.229e-2,4.594e-3,8.936e-2,8.842e-2,7.688e+1,,1.188e+1,5.894e-19,,2.309e-17,8.403e-1,,8.281e-20,,6.152e-19,,1.114e-18,,6.813e-2,,2.101e-17,,3.675e+0,1.299e-16
451.16,1.613e+2,6.758e-21,3.286e-17,2.644e-25,1.727e-5,,,2.359e-19,1.084e-19,,3.580e-15,9.611e-21,3.352e-7,1.028e-17,1.932e-21,3.118e-20,7.371e-21,4.606e-8,,3.683e-5,3.676e-20,8.685e-19,5.785e+1,2.104e+0,2.202e-10,6.622e-1,1.968e-19,1.128e-2,3.363e-22,1.270e-4,2.500e-20,5.978e-29,8.583e-20,8.738e-23,7.883e+0,2.456e-17,1.811e-2,6.034e-3,8.118e-2,1.099e-1,7.519e+1,,1.210e+1,5.898e-19,,2.312e-17,1.034e+0,,8.280e-20,,6.152e-19,,1.114e-18,,7.688e-2,,2.100e-17,,4.198e+0,1.299e-16
451.18,1.623e+2,6.762e-21,2.232e-17,2.883e-25,1.325e-5,,,2.361e-19,1.083e-19,,3.579e-15,9.621e-21,3.409e-7,1.028e-17,1.932e-21,2.229e-20,7.370e-21,4.090e-8,,4.891e-5,3.677e-20,9.502e-19,6.018e+1,1.729e+0,2.592e-10,6.605e-1,1.968e-19,9.507e-3,3.366e-22,1.741e-4,2.501e-20,5.978e-29,8.585e-20,8.739e-23,7.746e+0,2.453e-17,1.467e-2,7.895e-3,7.346e-2,1.361e-1,7.330e+1,,1.235e+1,5.902e-19,,2.315e-17,1.268e+0,,8.278e-20,,6.151e-19,,1.113e-18,,8.649e-2,,2.100e-17,,4.777e+0,1.299e-16
451.21,1.639e+2,6.769e-21,1.240e-17,3.261e-25,8.842e-6,,,2.363e-19,1.081e-19,,3.579e-15,9.635e-21,3.472e-7,1.028e-17,1.932e-21,1.339e-20,7.369e-21,3.399e-8,,7.434e-5,3.680e-20,1.081e-18,6.362e+1,1.279e+0,3.286e-10,6.551e-1,1.968e-19,7.306e-3,3.371e-22,2.774e-4,2.502e-20,5.979e-29,8.587e-20,8.741e-23,7.565e+0,2.449e-17,1.062e-2,1.174e-2,6.280e-2,1.862e-1,7.015e+1,,1.277e+1,5.907e-19,,2.320e-17,1.710e+0,,8.276e-20,,6.150e-19,,1.112e-18,,1.026e-1,,2.100e-17,,5.759e+0,1.299e-16
451.23,1.650e+2,6.773e-21,8.343e-18,3.523e-25,6.720e-6,,,2.365e-19,1.080e-19,,3.579e-15,9.644e-21,3.498e-7,1.028e-17,1.932e-21,9.483e-21,7.368e-21,2.990e-8,,9.782e-5,3.681e-20,1.173e-18,6.587e+1,1.041e+0,3.831e-10,6.496e-1,1.968e-19,6.103e-3,3.374e-22,3.767e-4,2.502e-20,5.979e-29,8.588e-20,8.742e-23,7.458e+0,2.446e-17,8.525e-3,1.521e-2,5.630e-2,2.285e-1,6.788e+1,,1.307e+1,5.911e-19,,2.323e-17,2.077e+0,,8.275e-20,,6.150e-19,,1.111e-18,,1.146e-1,,2.099e-17,,6.493e+0,1.300e-16
451.26,1.667e+2,6.780e-21,4.571e-18,3.931e-25,4.421e-6,,,2.368e-19,1.078e-19,,3.578e-15,9.658e-21,3.513e-7,1.028e-17,1.932e-21,5.614e-21,7.367e-21,2.449e-8,,1.466e-4,3.684e-20,1.317e-18,6.917e+1,7.590e-1,4.789e-10,6.386e-1,1.969e-19,4.630e-3,3.378e-22,5.920e-4,2.503e-20,5.980e-29,8.590e-20,8.743e-23,7.311e+0,2.442e-17,6.090e-3,2.230e-2,4.745e-2,3.084e-1,6.427e+1,,1.355e+1,5.917e-19,,2.327e-17,2.761e+0,,8.273e-20,,6.149e-19,,1.110e-18,,1.345e-1,,2.099e-17,,7.718e+0,1.300e-16
451.28,1.680e+2,6.784e-21,3.046e-18,4.209e-25,3.329e-6,,,2.369e-19,1.077e-19,,3.578e-15,9.668e-21,3.506e-7,1.028e-17,1.932e-21,3.939e-21,7.367e-21,2.135e-8,,1.911e-4,3.685e-20,1.416e-18,7.132e+1,6.120e-1,5.532e-10,6.294e-1,1.969e-19,3.834e-3,3.381e-22,7.964e-4,2.503e-20,5.980e-29,8.592e-20,8.744e-23,7.219e+0,2.440e-17,4.844e-3,2.864e-2,4.214e-2,3.749e-1,6.177e+1,,1.388e+1,5.921e-19,,2.330e-17,3.323e+0,,8.272e-20,,6.149e-19,,1.109e-18,,1.491e-1,,2.098e-17,,8.621e+0,1.300e-16
451.31,1.701e+2,6.790e-21,1.645e-18,4.631e-25,2.159e-6,,,2.372e-19,1.075e-19,,3.577e-15,9.682e-21,3.472e-7,1.028e-17,1.932e-21,2.299e-21,7.366e-21,1.724e-8,,2.825e-4,3.688e-20,1.569e-18,7.448e+1,4.400e-1,6.819e-10,6.128e-1,1.969e-19,2.871e-3,3.386e-22,1.234e-3,2.504e-20,5.981e-29,8.594e-20,8.745e-23,7.083e+0,2.436e-17,3.414e-3,4.140e-2,3.502e-2,4.991e-1,5.792e+1,,1.439e+1,5.926e-19,,2.335e-17,4.356e+0,,8.270e-20,,6.148e-19,,1.108e-18,,1.730e-1,,2.098e-17,,1.010e+1,1.300e-16
451.33,1.718e+2,6.795e-21,1.086e-18,4.913e-25,1.610e-6,,,2.374e-19,1.074e-19,,3.577e-15,9.691e-21,3.433e-7,1.028e-17,1.933e-21,1.598e-21,7.365e-21,1.489e-8,,3.648e-4,3.689e-20,1.672e-18,7.654e+1,3.515e-1,7.803e-10,6.001e-1,1.969e-19,2.357e-3,3.389e-22,1.645e-3,2.505e-20,5.981e-29,8.595e-20,8.746e-23,6.991e+0,2.433e-17,2.692e-3,5.268e-2,3.081e-2,6.012e-1,5.534e+1,,1.472e+1,5.930e-19,,2.338e-17,5.194e+0,,8.269e-20,,6.147e-19,,1.107e-18,,1.904e-1,,2.097e-17,,1.118e+1,1.301e-16
451.36,1.747e+2,6.801e-21,5.783e-19,5.332e-25,1.030e-6,,,2.376e-19,1.073e-19,,3.577e-15,9.706e-21,3.352e-7,1.028e-17,1.933e-21,9.195e-22,7.364e-21,1.186e-8,,5.316e-4,3.691e-20,1.826e-18,7.956e+1,2.491e-1,9.485e-10,5.785e-1,1.970e-19,1.742e-3,3.394e-22,2.513e-3,2.505e-20,5.982e-29,8.597e-20,8.747e-23,6.846e+0,2.429e-17,1.872e-3,7.508e-2,2.524e-2,7.894e-1,5.148e+1,,1.521e+1,5.936e-19,,2.342e-17,6.714e+0,,8.267e-20,,6.146e-19,,1.105e-18,,2.185e-1,,2.097e-17,,1.292e+1,1.301e-16
451.38,1.769e+2,6.806e-21,3.781e-19,5.606e-25,7.609e-7,,,2.378e-19,1.072e-19,,3.576e-15,9.715e-21,3.283e-7,1.028e-17,1.933e-21,6.331e-22,7.363e-21,1.014e-8,,6.802e-4,3.693e-20,1.928e-18,8.153e+1,1.971e-1,1.075e-9,5.626e-1,1.970e-19,1.418e-3,3.397e-22,3.318e-3,2.506e-20,5.982e-29,8.599e-20,8.748e-23,6.741e+0,2.427e-17,1.463e-3,9.465e-2,2.200e-2,9.423e-1,4.896e+1,,1.551e+1,5.940e-19,,2.345e-17,7.930e+0,,8.265e-20,,6.146e-19,,1.105e-18,,2.387e-1,,2.096e-17,,1.416e+1,1.301e-16
451.41,1.808e+2,6.812e-21,1.985e-19,6.001e-25,4.798e-7,,,2.380e-19,1.070e-19,,3.576e-15,9.729e-21,3.161e-7,1.028e-17,1.933e-21,3.592e-22,7.362e-21,7.961e-9,,9.775e-4,3.695e-20,2.077e-18,8.443e+1,1.378e-1,1.289e-9,5.369e-1,1.970e-19,1.034e-3,3.402e-22,5.000e-3,2.507e-20,5.983e-29,8.601e-20,8.750e-23,6.569e+0,2.423e-17,1.003e-3,1.330e-1,1.777e-2,1.221e+0,4.527e+1,,1.593e+1,5.945e-19,,2.350e-17,1.011e+1,,8.263e-20,,6.145e-19,,1.103e-18,,2.710e-1,,2.096e-17,,1.614e+1,1.302e-16
451.43,1.838e+2,6.816e-21,1.286e-19,6.251e-25,3.511e-7,,,2.382e-19,1.069e-19,,3.576e-15,9.739e-21,3.067e-7,1.028e-17,1.933e-21,2.450e-22,7.361e-21,6.745e-9,,1.239e-3,3.697e-20,2.173e-18,8.632e+1,1.080e-1,1.447e-9,5.187e-1,1.970e-19,8.347e-4,3.405e-22,6.541e-3,2.507e-20,5.983e-29,8.602e-20,8.751e-23,6.443e+0,2.420e-17,7.771e-4,1.661e-1,1.534e-2,1.444e+0,4.291e+1,,1.618e+1,5.949e-19,,2.353e-17,1.183e+1,,8.262e-20,,6.145e-19,,1.103e-18,,2.939e-1,,2.095e-17,,1.753e+1,1.302e-16
451.46,1.889e+2,6.823e-21,6.655e-20,6.601e-25,2.183e-7,,,2.385e-19,1.067e-19,,3.575e-15,9.753e-21,2.912e-7,1.028e-17,1.933e-21,1.370e-22,7.360e-21,5.222e-9,,1.756e-3,3.699e-20,2.308e-18,8.910e+1,7.440e-2,1.711e-9,4.900e-1,1.971e-19,6.010e-4,3.409e-22,9.718e-3,2.508e-20,5.984e-29,8.604e-20,8.752e-23,6.235e+0,2.416e-17,5.261e-4,2.303e-1,1.222e-2,1.845e+0,3.953e+1,,1.649e+1,5.955e-19,,2.357e-17,1.487e+1,,8.260e-20,,6.144e-19,,1.101e-18,,3.301e-1,,2.095e-17,,1.970e+1,1.302e-16
451.48,1.928e+2,6.827e-21,4.270e-20,6.813e-25,1.583e-7,,,2.386e-19,1.066e-19,,3.575e-15,9.762e-21,2.799e-7,1.028e-17,1.933e-21,9.256e-23,7.360e-21,4.382e-9,,2.205e-3,3.701e-20,2.392e-18,9.092e+1,5.778e-2,1.903e-9,4.703e-1,1.971e-19,4.807e-4,3.413e-22,1.260e-2,2.508e-20,5.984e-29,8.605e-20,8.753e-23,6.082e+0,2.414e-17,4.038e-4,2.849e-1,1.045e-2,2.163e+0,3.740e+1,,1.665e+1,5.959e-19,,2.360e-17,1.724e+1,,8.259e-20,,6.143e-19,,1.101e-18,,3.553e-1,,2.095e-17,,2.119e+1,1.302e-16
451.51,1.995e+2,6.834e-21,2.179e-20,7.096e-25,9.701e-8,,,2.389e-19,1.064e-19,,3.574e-15,9.776e-21,2.620e-7,1.028e-17,1.933e-21,5.104e-23,7.358e-21,3.345e-9,,3.082e-3,3.703e-20,2.506e-18,9.360e+1,3.926e-2,2.218e-9,4.400e-1,1.971e-19,3.417e-4,3.417e-22,1.845e-2,2.509e-20,5.985e-29,8.608e-20,8.754e-23,5.834e+0,2.410e-17,2.697e-4,3.893e-1,8.209e-3,2.727e+0,3.441e+1,,1.682e+1,5.964e-19,,2.365e-17,2.136e+1,,8.257e-20,,6.142e-19,,1.099e-18,,3.947e-1,,2.094e-17,,2.348e+1,1.303e-16
451.53,2.046e+2,6.838e-21,1.385e-20,7.257e-25,6.967e-8,,,2.391e-19,1.063e-19,,3.574e-15,9.786e-21,2.495e-7,1.028e-17,1.934e-21,3.416e-23,7.358e-21,2.781e-9,,3.834e-3,3.705e-20,2.572e-18,9.534e+1,3.021e-2,2.445e-9,4.197e-1,1.971e-19,2.709e-4,3.420e-22,2.370e-2,2.510e-20,5.985e-29,8.609e-20,8.755e-23,5.656e+0,2.407e-17,2.052e-4,4.772e-1,6.955e-3,3.168e+0,3.256e+1,,1.688e+1,5.968e-19,,2.368e-17,2.453e+1,,8.255e-20,,6.142e-19,,1.099e-18,,4.219e-1,,2.094e-17,,2.503e+1,1.303e-16
451.55,2.100e+2,6.842e-21,8.766e-21,7.395e-25,4.984e-8,,,2.392e-19,1.062e-19,,3.574e-15,9.795e-21,2.368e-7,1.028e-17,1.934e-21,2.277e-23,7.357e-21,2.303e-9,,4.752e-3,3.706e-20,2.631e-18,9.705e+1,2.316e-2,2.685e-9,3.994e-1,1.972e-19,2.141e-4,3.423e-22,3.031e-2,2.510e-20,5.985e-29,8.610e-20,8.756e-23,5.468e+0,2.404e-17,1.555e-4,5.828e-1,5.870e-3,3.668e+0,3.082e+1,,1.689e+1,5.972e-19,,2.371e-17,2.807e+1,,8.254e-20,,6.141e-19,,1.098e-18,,4.496e-1,,2.093e-17,,2.657e+1,1.303e-16
451.58,2.192e+2,6.849e-21,4.385e-21,7.555e-25,2.995e-8,,,2.395e-19,1.061e-19,,3.573e-15,9.809e-21,2.173e-7,1.028e-17,1.934e-21,1.231e-23,7.356e-21,1.724e-9,,6.512e-3,3.709e-20,2.702e-18,9.955e+1,1.546e-2,3.068e-9,3.695e-1,1.972e-19,1.494e-4,3.428e-22,4.355e-2,2.511e-20,5.986e-29,8.612e-20,8.757e-23,5.171e+0,2.401e-17,1.019e-4,7.810e-1,4.520e-3,4.540e+0,2.842e+1,,1.683e+1,5.978e-19,,2.375e-17,3.411e+1,,8.252e-20,,6.141e-19,,1.096e-18,,4.919e-1,,2.093e-17,,2.887e+1,1.303e-16
451.6,2.259e+2,6.853e-21,2.750e-21,7.629e-25,2.123e-8,,,2.396e-19,1.059e-19,,3.573e-15,9.819e-21,2.043e-7,1.028e-17,1.934e-21,8.130e-24,7.355e-21,1.414e-9,,7.996e-3,3.710e-20,2.738e-18,1.012e+2,1.177e-2,3.338e-9,3.502e-1,1.972e-19,1.170e-4,3.431e-22,5.519e-2,2.511e-20,5.986e-29,8.614e-20,8.758e-23,4.965e+0,2.398e-17,7.658e-5,9.449e-1,3.779e-3,5.210e+0,2.695e+1,,1.672e+1,5.982e-19,,2.378e-17,3.867e+1,,8.251e-20,,6.140e-19,,1.096e-18,,5.204e-1,,2.092e-17,,3.037e+1,1.304e-16
451.63,2.370e+2,6.860e-21,1.356e-21,7.687e-25,1.258e-8,,,2.399e-19,1.058e-19,,3.573e-15,9.833e-21,1.850e-7,1.028e-17,1.934e-21,4.332e-24,7.354e-21,1.044e-9,,1.081e-2,3.713e-20,2.773e-18,1.035e+2,7.805e-3,3.761e-9,3.224e-1,1.972e-19,8.058e-5,3.436e-22,7.820e-2,2.512e-20,5.987e-29,8.616e-20,8.760e-23,4.646e+0,2.394e-17,4.953e-5,1.249e+0,2.869e-3,6.364e+0,2.495e+1,,1.647e+1,5.987e-19,,2.383e-17,4.634e+1,,8.249e-20,,6.139e-19,,1.094e-18,,5.634e-1,,2.092e-17,,3.253e+1,1.304e-16
451.65,2.451e+2,6.864e-21,8.424e-22,7.691e-25,8.830e-9,,,2.401e-19,1.057e-19,,3.572e-15,9.842e-21,1.723e-7,1.028e-17,1.934e-21,2.834e-24,7.354e-21,8.483e-10,,1.315e-2,3.714e-20,2.783e-18,1.050e+2,5.950e-3,4.054e-9,3.049e-1,1.973e-19,6.257e-5,3.439e-22,9.818e-2,2.513e-20,5.987e-29,8.617e-20,8.761e-23,4.429e+0,2.391e-17,3.688e-5,1.497e+0,2.376e-3,7.241e+0,2.373e+1,,1.624e+1,5.991e-19,,2.386e-17,5.204e+1,,8.247e-20,,6.139e-19,,1.094e-18,,5.918e-1,,2.091e-17,,3.390e+1,1.304e-16
451.68,2.581e+2,6.870e-21,4.096e-22,7.644e-25,5.157e-9,,,2.403e-19,1.055e-19,,3.572e-15,9.857e-21,1.540e-7,1.028e-17,1.934e-21,1.489e-24,7.352e-21,6.172e-10,,1.752e-2,3.717e-20,2.779e-18,1.071e+2,4.024e-3,4.504e-9,2.807e-1,1.973e-19,4.253e-5,3.444e-22,1.372e-1,2.513e-20,5.988e-29,8.619e-20,8.762e-23,4.103e+0,2.387e-17,2.353e-5,1.950e+0,1.779e-3,8.732e+0,2.206e+1,,1.582e+1,5.997e-19,,2.391e-17,6.149e+1,,8.245e-20,,6.138e-19,,1.092e-18,,6.339e-1,,2.091e-17,,3.581e+1,1.305e-16
451.7,2.675e+2,6.875e-21,2.520e-22,7.578e-25,3.587e-9,,,2.405e-19,1.054e-19,,3.572e-15,9.866e-21,1.422e-7,1.028e-17,1.934e-21,9.650e-25,7.352e-21,4.969e-10,,2.111e-2,3.718e-20,2.763e-18,1.084e+2,3.178e-3,4.809e-9,2.662e-1,1.973e-19,3.274e-5,3.447e-22,1.706e-1,2.514e-20,5.988e-29,8.621e-20,8.763e-23,3.887e+0,2.385e-17,1.737e-5,2.316e+0,1.459e-3,9.851e+0,2.104e+1,,1.548e+1,6.001e-19,,2.394e-17,6.841e+1,,8.244e-20,,6.137e-19,,1.092e-18,,6.613e-1,,2.091e-17,,3.697e+1,1.305e-16
451.73,2.825e+2,6.881e-21,1.208e-22,7.429e-25,2.066e-9,,,2.407e-19,1.052e-19,,3.571e-15,9.880e-21,1.254e-7,1.028e-17,1.935e-21,4.999e-25,7.351e-21,3.564e-10,,2.774e-2,3.721e-20,2.721e-18,1.102e+2,2.408e-3,5.269e-9,2.471e-1,1.973e-19,2.197e-5,3.451e-22,2.351e-1,2.515e-20,5.989e-29,8.623e-20,8.764e-23,3.570e+0,2.381e-17,1.093e-5,2.976e+0,1.077e-3,1.173e+1,1.964e+1,,1.489e+1,6.006e-19,,2.398e-17,7.972e+1,,8.242e-20,,6.137e-19,,1.090e-18,,7.009e-1,,2.090e-17,,3.851e+1,1.305e-16
451.75,2.931e+2,6.885e-21,7.363e-23,7.297e-25,1.423e-9,,,2.409e-19,1.051e-19,,3.571e-15,9.890e-21,1.150e-7,1.028e-17,1.935e-21,3.209e-25,7.350e-21,2.843e-10,,3.312e-2,3.722e-20,2.680e-18,1.113e+2,2.171e-3,5.573e-9,2.364e-1,1.974e-19,1.676e-5,3.454e-22,2.897e-1,2.515e-20,5.989e-29,8.624e-20,8.765e-23,3.367e+0,2.378e-17,7.997e-6,3.501e+0,8.755e-4,1.313e+1,1.878e+1,,1.446e+1,6.010e-19,,2.401e-17,8.786e+1,,8.241e-20,,6.136e-19,,1.090e-18,,7.262e-1,,2.090e-17,,3.939e+1,1.305e-16
451.78,3.099e+2,6.892e-21,3.479e-23,7.056e-25,8.080e-10,,,2.412e-19,1.050e-19,,3.571e-15,9.904e-21,1.003e-7,1.028e-17,1.935e-21,1.639e-25,7.349e-21,2.011e-10,,4.292e-2,3.724e-20,2.602e-18,1.128e+2,2.182e-3,6.021e-9,2.237e-1,1.974e-19,1.110e-5,3.459e-22,3.936e-1,2.516e-20,5.990e-29,8.626e-20,8.766e-23,3.077e+0,2.374e-17,4.968e-6,4.436e+0,6.371e-4,1.544e+1,1.758e+1,,1.374e+1,6.016e-19,,2.406e-17,1.009e+2,,8.239e-20,,6.135e-19,,1.088e-18,,7.620e-1,,2.089e-17,,4.045e+1,1.306e-16
451.8,3.217e+2,6.896e-21,2.101e-23,6.868e-25,5.514e-10,,,2.413e-19,1.048e-19,,3.570e-15,9.913e-21,9.137e-8,1.028e-17,1.935e-21,1.042e-25,7.348e-21,1.589e-10,,5.077e-2,3.726e-20,2.540e-18,1.137e+2,2.434e-3,6.310e-9,2.178e-1,1.974e-19,8.395e-6,3.462e-22,4.805e-1,2.517e-20,5.990e-29,8.628e-20,8.767e-23,2.898e+0,2.372e-17,3.601e-6,5.170e+0,5.130e-4,1.713e+1,1.683e+1,,1.323e+1,6.020e-19,,2.409e-17,1.102e+2,,8.237e-20,,6.135e-19,,1.087e-18,,7.842e-1,,2.089e-17,,4.099e+1,1.306e-16
451.83,3.402e+2,6.903e-21,9.787e-24,6.550e-25,3.087e-10,,,2.416e-19,1.047e-19,,3.570e-15,9.927e-21,7.919e-8,1.028e-17,1.935e-21,5.246e-26,7.347e-21,1.108e-10,,6.486e-2,3.728e-20,2.431e-18,1.149e+2,3.225e-3,6.722e-9,2.129e-1,1.974e-19,5.486e-6,3.467e-22,6.437e-1,2.517e-20,5.991e-29,8.630e-20,8.769e-23,2.652e+0,2.368e-17,2.207e-6,6.460e+0,3.680e-4,1.992e+1,1.577e+1,,1.242e+1,6.025e-19,,2.413e-17,1.249e+2,,8.235e-20,,6.134e-19,,1.086e-18,,8.148e-1,,2.088e-17,,4.151e+1,1.306e-16
451.85,3.530e+2,6.907e-21,5.853e-24,6.317e-25,2.087e-10,,,2.418e-19,1.046e-19,,3.570e-15,9.937e-21,7.193e-8,1.028e-17,1.935e-21,3.304e-26,7.346e-21,8.671e-11,,7.602e-2,3.730e-20,2.351e-18,1.155e+2,4.082e-3,6.979e-9,2.126e-1,1.975e-19,4.113e-6,3.470e-22,7.787e-1,2.518e-20,5.991e-29,8.631e-20,8.770e-23,2.508e+0,2.365e-17,1.586e-6,7.459e+0,2.936e-4,2.193e+1,1.509e+1,,1.186e+1,6.029e-19,,2.416e-17,1.351e+2,,8.234e-20,,6.133e-19,,1.085e-18,,8.332e-1,,2.088e-17,,4.166e+1,1.307e-16
451.88,3.728e+2,6.914e-21,2.688e-24,5.942e-25,1.152e-10,,,2.420e-19,1.044e-19,,3.569e-15,9.951e-21,6.238e-8,1.028e-17,1.935e-21,1.640e-26,7.345e-21,5.962e-11,,9.578e-2,3.732e-20,2.219e-18,1.163e+2,6.015e-3,7.332e-9,2.169e-1,1.975e-19,2.653e-6,3.475e-22,1.029e+0,2.519e-20,5.992e-29,8.633e-20,8.771e-23,2.323e+0,2.361e-17,9.591e-7,9.190e+0,2.077e-4,2.520e+1,1.410e+1,,1.099e+1,6.035e-19,,2.421e-17,1.509e+2,,8.232e-20,,6.132e-19,,1.084e-18,,8.576e-1,,2.087e-17,,4.160e+1,1.307e-16
451.9,3.864e+2,6.918e-21,1.593e-24,5.678e-25,7.712e-11,,,2.422e-19,1.043e-19,,3.569e-15,9.961e-21,5.691e-8,1.028e-17,1.935e-21,1.023e-26,7.345e-21,4.622e-11,,1.112e-1,3.734e-20,2.125e-18,1.167e+2,7.867e-3,7.541e-9,2.230e-1,1.975e-19,1.972e-6,3.478e-22,1.233e+0,2.519e-20,5.992e-29,8.635e-20,8.772e-23,2.224e+0,2.359e-17,6.829e-7,1.051e+1,1.641e-4,2.754e+1,1.347e+1,,1.040e+1,6.039e-19,,2.424e-17,1.617e+2,,8.231e-20,,6.132e-19,,1.083e-18,,8.717e-1,,2.087e-17,,4.137e+1,1.307e-16
451.92,4.002e+2,6.922e-21,9.401e-25,5.406e-25,5.145e-11,,,2.424e-19,1.042e-19,,3.569e-15,9.970e-21,5.217e-8,1.028e-17,1.936e-21,6.361e-27,7.344e-21,3.570e-11,,1.286e-1,3.735e-20,2.028e-18,1.170e+2,1.031e-2,7.728e-9,2.320e-1,1.975e-19,1.460e-6,3.481e-22,1.472e+0,2.520e-20,5.992e-29,8.636e-20,8.773e-23,2.146e+0,2.356e-17,4.845e-7,1.198e+1,1.292e-4,3.001e+1,1.285e+1,,9.815e+0,6.043e-19,,2.427e-17,1.727e+2,,8.229e-20,,6.131e-19,,1.083e-18,,8.839e-1,,2.087e-17,,4.099e+1,1.307e-16
451.95,4.212e+2,6.929e-21,4.232e-25,4.988e-25,2.784e-11,,,2.426e-19,1.040e-19,,3.568e-15,9.984e-21,4.645e-8,1.028e-17,1.936e-21,3.095e-27,7.343e-21,2.407e-11,,1.589e-1,3.738e-20,1.877e-18,1.173e+2,1.544e-2,7.962e-9,2.510e-1,1.976e-19,9.248e-7,3.485e-22,1.907e+0,2.520e-20,5.993e-29,8.638e-20,8.774e-23,2.072e+0,2.352e-17,2.877e-7,1.447e+1,8.959e-5,3.396e+1,1.193e+1,,8.935e+0,6.048e-19,,2.431e-17,1.892e+2,,8.227e-20,,6.131e-19,,1.081e-18,,8.988e-1,,2.086e-17,,4.013e+1,1.308e-16
451.97,4.353e+2,6.933e-21,2.474e-25,4.706e-25,1.840e-11,,,2.428e-19,1.039e-19,,3.568e-15,9.994e-21,4.356e-8,1.028e-17,1.936e-21,1.906e-27,7.342e-21,1.842e-11,,1.821e-1,3.739e-20,1.774e-18,1.174e+2,2.016e-2,8.085e-9,2.675e-1,1.976e-19,6.789e-7,3.489e-22,2.255e+0,2.521e-20,5.993e-29,8.639e-20,8.775e-23,2.053e+0,2.350e-17,2.024e-7,1.634e+1,6.986e-5,3.675e+1,1.133e+1,,8.356e+0,6.052e-19,,2.434e-17,2.001e+2,,8.226e-20,,6.130e-19,,1.081e-18,,9.064e-1,,2.086e-17,,3.939e+1,1.308e-16
452,4.565e+2,6.939e-21,1.098e-25,4.282e-25,9.814e-12,,,2.430e-19,1.037e-19,,3.567e-15,1.001e-20,4.065e-8,1.028e-17,1.936e-21,9.143e-28,7.341e-21,1.224e-11,,2.219e-1,3.742e-20,1.619e-18,1.174e+2,2.989e-2,8.215e-9,2.983e-1,1.976e-19,4.243e-7,3.493e-22,2.881e+0,2.522e-20,5.994e-29,8.642e-20,8.776e-23,2.073e+0,2.346e-17,1.188e-7,1.947e+1,4.777e-5,4.117e+1,1.045e+1,,7.508e+0,6.058e-19,,2.439e-17,2.161e+2,,8.224e-20,,6.129e-19,,1.079e-18,,9.145e-1,,2.085e-17,,3.803e+1,1.308e-16
452.02,4.706e+2,6.944e-21,6.360e-26,4.003e-25,6.425e-12,,,2.432e-19,1.036e-19,,3.567e-15,1.002e-20,3.966e-8,1.028e-17,1.936e-21,5.576e-28,7.341e-21,9.278e-12,,2.519e-1,3.743e-20,1.516e-18,1.173e+2,3.870e-2,8.266e-9,3.231e-1,1.976e-19,3.088e-7,3.496e-22,3.376e+0,2.522e-20,5.994e-29,8.643e-20,8.777e-23,2.122e+0,2.343e-17,8.318e-8,2.178e+1,3.690e-5,4.425e+1,9.868e+0,,6.961e+0,6.062e-19,,2.442e-17,2.265e+2,,8.223e-20,,6.129e-19,,1.078e-18,,9.176e-1,,2.085e-17,,3.697e+1,1.308e-16
452.05,4.914e+2,6.950e-21,2.783e-26,3.593e-25,3.379e-12,,,2.435e-19,1.035e-19,,3.567e-15,1.003e-20,3.967e-8,1.028e-17,1.936e-21,2.637e-28,7.339e-21,6.080e-12,,3.026e-1,3.746e-20,1.365e-18,1.170e+2,5.664e-2,8.287e-9,3.666e-1,1.977e-19,1.904e-7,3.501e-22,4.252e+0,2.523e-20,5.995e-29,8.645e-20,8.779e-23,2.250e+0,2.339e-17,4.891e-8,2.559e+1,2.488e-5,4.909e+1,9.018e+0,,6.173e+0,6.067e-19,,2.446e-17,2.412e+2,,8.221e-20,,6.128e-19,,1.077e-18,,9.191e-1,,2.084e-17,,3.520e+1,1.309e-16
452.07,5.051e+2,6.955e-21,1.597e-26,3.328e-25,2.191e-12,,,2.436e-19,1.034e-19,,3.566e-15,1.004e-20,4.068e-8,1.028e-17,1.936e-21,1.593e-28,7.339e-21,4.565e-12,,3.404e-1,3.747e-20,1.266e-18,1.167e+2,7.268e-2,8.264e-9,4.000e-1,1.977e-19,1.374e-7,3.504e-22,4.937e+0,2.523e-20,5.995e-29,8.646e-20,8.780e-23,2.374e+0,2.336e-17,3.476e-8,2.835e+1,1.904e-5,5.244e+1,8.464e+0,,5.672e+0,6.071e-19,,2.449e-17,2.504e+2,,8.219e-20,,6.127e-19,,1.076e-18,,9.182e-1,,2.084e-17,,3.390e+1,1.309e-16
452.1,5.249e+2,6.961e-21,6.888e-27,2.946e-25,1.136e-12,,,2.439e-19,1.032e-19,,3.566e-15,1.005e-20,4.377e-8,1.028e-17,1.936e-21,7.430e-29,7.338e-21,2.949e-12,,4.032e-1,3.750e-20,1.123e-18,1.163e+2,1.049e-1,8.176e-9,4.567e-1,1.977e-19,8.360e-8,3.509e-22,6.132e+0,2.524e-20,5.996e-29,8.649e-20,8.781e-23,2.620e+0,2.333e-17,2.207e-8,3.285e+1,1.266e-5,5.765e+1,7.658e+0,,4.964e+0,6.077e-19,,2.454e-17,2.630e+2,,8.218e-20,,6.127e-19,,1.075e-18,,9.140e-1,,2.083e-17,,3.182e+1,1.309e-16
452.12,5.377e+2,6.965e-21,3.914e-27,2.704e-25,7.298e-13,,,2.441e-19,1.031e-19,,3.566e-15,1.006e-20,4.691e-8,1.028e-17,1.937e-21,4.447e-29,7.337e-21,2.194e-12,,4.494e-1,3.751e-20,1.032e-18,1.160e+2,1.334e-1,8.084e-9,4.990e-1,1.977e-19,5.977e-8,3.512e-22,7.053e+0,2.525e-20,5.996e-29,8.650e-20,8.782e-23,2.826e+0,2.330e-17,1.769e-8,3.606e+1,9.595e-6,6.124e+1,7.138e+0,,4.521e+0,6.081e-19,,2.457e-17,2.705e+2,,8.216e-20,,6.126e-19,,1.074e-18,,9.095e-1,,2.083e-17,,3.037e+1,1.310e-16
452.15,5.560e+2,6.972e-21,1.665e-27,2.361e-25,3.731e-13,,,2.443e-19,1.029e-19,,3.565e-15,1.008e-20,5.333e-8,1.028e-17,1.937e-21,2.044e-29,7.336e-21,1.398e-12,,5.249e-1,3.754e-20,9.032e-19,1.154e+2,1.899e-1,7.899e-9,5.691e-1,1.978e-19,3.590e-8,3.516e-22,8.640e+0,2.525e-20,5.997e-29,8.652e-20,8.783e-23,3.198e+0,2.326e-17,1.578e-8,4.119e+1,6.289e-6,6.676e+1,6.390e+0,,3.903e+0,6.086e-19,,2.461e-17,2.802e+2,,8.214e-20,,6.125e-19,,1.073e-18,,9.005e-1,,2.082e-17,,2.811e+1,1.310e-16
452.17,5.675e+2,6.976e-21,1.661e-27,2.147e-25,2.374e-13,,,2.445e-19,1.028e-19,,3.565e-15,1.009e-20,5.880e-8,1.028e-17,1.937e-21,1.212e-29,7.335e-21,1.030e-12,,5.795e-1,3.755e-20,8.224e-19,1.150e+2,2.391e-1,7.748e-9,6.201e-1,1.978e-19,2.544e-8,3.520e-22,9.845e+0,2.526e-20,5.997e-29,8.653e-20,8.784e-23,3.490e+0,2.323e-17,1.734e-8,4.480e+1,4.723e-6,7.053e+1,5.914e+0,,3.524e+0,6.090e-19,,2.464e-17,2.855e+2,,8.213e-20,,6.125e-19,,1.072e-18,,8.932e-1,,2.082e-17,,2.657e+1,1.310e-16
452.2,5.837e+2,6.983e-21,1.655e-27,1.849e-25,1.197e-13,,,2.447e-19,1.026e-19,,3.565e-15,1.010e-20,6.887e-8,1.028e-17,1.937e-21,2.465e-27,7.334e-21,6.468e-13,,6.676e-1,3.758e-20,7.094e-19,1.144e+2,3.357e-1,7.487e-9,7.028e-1,1.978e-19,1.508e-8,3.524e-22,1.189e+1,2.527e-20,5.998e-29,8.655e-20,8.785e-23,3.994e+0,2.319e-17,2.439e-8,5.047e+1,3.052e-6,7.630e+1,5.238e+0,,3.002e+0,6.096e-19,,2.469e-17,2.916e+2,,8.211e-20,,6.124e-19,,1.071e-18,,8.804e-1,,2.081e-17,,2.425e+1,1.310e-16
452.22,5.938e+2,6.987e-21,1.651e-27,1.666e-25,7.543e-14,,,2.449e-19,1.025e-19,,3.564e-15,1.011e-20,7.689e-8,1.028e-17,1.937e-21,4.321e-27,7.333e-21,4.722e-13,,7.301e-1,3.759e-20,6.399e-19,1.141e+2,4.189e-1,7.294e-9,7.620e-1,1.978e-19,1.059e-8,3.527e-22,1.343e+1,2.527e-20,5.998e-29,8.657e-20,8.786e-23,4.373e+0,2.317e-17,3.306e-8,5.438e+1,2.271e-6,8.022e+1,4.815e+0,,2.685e+0,6.100e-19,,2.472e-17,2.943e+2,,8.210e-20,,6.123e-19,,1.070e-18,,8.710e-1,,2.081e-17,,2.271e+1,1.311e-16
452.25,6.076e+2,6.993e-21,1.646e-27,1.415e-25,3.748e-14,,,2.452e-19,1.024e-19,,3.564e-15,1.013e-20,9.095e-8,1.028e-17,1.937e-21,9.980e-27,7.332e-21,2.924e-13,,8.294e-1,3.761e-20,5.443e-19,1.136e+2,5.800e-1,6.986e-9,8.563e-1,1.979e-19,6.194e-9,3.532e-22,1.599e+1,2.528e-20,5.999e-29,8.659e-20,8.788e-23,5.007e+0,2.313e-17,5.466e-8,6.041e+1,1.447e-6,8.616e+1,4.225e+0,,2.257e+0,6.105e-19,,2.476e-17,2.964e+2,,8.208e-20,,6.123e-19,,1.069e-18,,8.556e-1,,2.081e-17,,2.044e+1,1.311e-16
452.27,6.159e+2,6.998e-21,1.642e-27,1.263e-25,2.340e-14,,,2.453e-19,1.023e-19,,3.564e-15,1.014e-20,1.017e-7,1.028e-17,1.937e-21,1.736e-26,7.332e-21,2.114e-13,,8.987e-1,3.763e-20,4.864e-19,1.133e+2,7.170e-1,6.773e-9,9.225e-1,1.979e-19,4.313e-9,3.535e-22,1.788e+1,2.528e-20,5.999e-29,8.660e-20,8.789e-23,5.471e+0,2.310e-17,7.728e-8,6.449e+1,1.066e-6,9.015e+1,3.863e+0,,2.001e+0,6.109e-19,,2.479e-17,2.964e+2,,8.206e-20,,6.122e-19,,1.068e-18,,8.446e-1,,2.080e-17,,1.896e+1,1.311e-16
452.29,6.236e+2,7.002e-21,1.638e-27,1.123e-25,1.456e-14,,,2.455e-19,1.022e-19,,3.563e-15,1.014e-20,1.137e-7,1.028e-17,1.937e-21,3.009e-26,7.331e-21,1.523e-13,,9.702e-1,3.765e-20,4.330e-19,1.131e+2,8.832e-1,6.560e-9,9.912e-1,1.979e-19,2.992e-9,3.538e-22,1.993e+1,2.529e-20,5.999e-29,8.662e-20,8.790e-23,5.968e+0,2.308e-17,1.094e-7,6.859e+1,7.828e-7,9.417e+1,3.527e+0,,1.767e+0,6.113e-19,,2.482e-17,2.953e+2,,8.205e-20,,6.121e-19,,1.067e-18,,8.333e-1,,2.080e-17,,1.753e+1,1.312e-16
452.32,6.337e+2,7.009e-21,1.632e-27,9.358e-26,7.092e-15,,,2.458e-19,1.020e-19,,3.563e-15,1.016e-20,1.338e-7,1.028e-17,1.938e-21,6.821e-26,7.330e-21,9.247e-14,,1.081e+0,3.767e-20,3.612e-19,1.130e+2,1.199e+0,6.248e-9,1.098e+0,1.979e-19,1.717e-9,3.543e-22,2.328e+1,2.530e-20,6.000e-29,8.664e-20,8.791e-23,6.768e+0,2.304e-17,1.838e-7,7.471e+1,4.890e-7,1.002e+2,3.075e+0,,1.457e+0,6.119e-19,,2.487e-17,2.916e+2,,8.203e-20,,6.121e-19,,1.066e-18,,8.157e-1,,2.079e-17,,1.547e+1,1.312e-16
452.34,6.396e+2,7.013e-21,1.629e-27,8.247e-26,4.370e-15,,,2.459e-19,1.019e-19,,3.563e-15,1.017e-20,1.488e-7,1.028e-17,1.938e-21,1.171e-25,7.329e-21,6.599e-14,,1.156e+0,3.769e-20,3.185e-19,1.131e+2,1.463e+0,6.053e-9,1.172e+0,1.979e-19,1.181e-9,3.546e-22,2.570e+1,2.530e-20,6.000e-29,8.665e-20,8.792e-23,7.336e+0,2.301e-17,2.589e-7,7.872e+1,3.557e-7,1.042e+2,2.809e+0,,1.276e+0,6.123e-19,,2.490e-17,2.878e+2,,8.202e-20,,6.120e-19,,1.065e-18,,8.038e-1,,2.079e-17,,1.416e+1,1.312e-16
452.37,6.473e+2,7.019e-21,1.623e-27,6.776e-26,2.099e-15,,,2.462e-19,1.017e-19,,3.562e-15,1.018e-20,1.734e-7,1.028e-17,1.938e-21,2.618e-25,7.328e-21,3.950e-14,,1.269e+0,3.771e-20,2.619e-19,1.134e+2,1.959e+0,5.792e-9,1.284e+0,1.980e-19,6.689e-10,3.551e-22,2.960e+1,2.531e-20,6.001e-29,8.667e-20,8.793e-23,8.233e+0,2.297e-17,4.300e-7,8.455e+1,2.190e-7,1.102e+2,2.465e+0,,1.037e+0,6.128e-19,,2.494e-17,2.802e+2,,8.200e-20,,6.119e-19,,1.064e-18,,7.858e-1,,2.078e-17,,1.232e+1,1.312e-16
452.39,6.516e+2,7.024e-21,1.619e-27,5.917e-26,1.281e-15,,,2.464e-19,1.016e-19,,3.562e-15,1.019e-20,1.914e-7,1.028e-17,1.938e-21,4.456e-25,7.327e-21,2.793e-14,,1.345e+0,3.772e-20,2.289e-19,1.138e+2,2.368e+0,5.646e-9,1.360e+0,1.980e-19,4.558e-10,3.554e-22,3.237e+1,2.531e-20,6.001e-29,8.669e-20,8.794e-23,8.855e+0,2.295e-17,6.004e-7,8.826e+1,1.578e-7,1.141e+2,2.273e+0,,8.999e-1,6.132e-19,,2.497e-17,2.740e+2,,8.198e-20,,6.119e-19,,1.063e-18,,7.739e-1,,2.078e-17,,1.118e+1,1.313e-16
452.42,6.570e+2,7.030e-21,1.613e-27,4.795e-26,6.067e-16,,,2.466e-19,1.014e-19,,3.561e-15,1.021e-20,2.204e-7,1.028e-17,1.938e-21,9.823e-25,7.326e-21,1.648e-14,,1.457e+0,3.775e-20,1.856e-19,1.148e+2,3.127e+0,5.484e-9,1.475e+0,1.980e-19,2.547e-10,3.558e-22,3.676e+1,2.532e-20,6.002e-29,8.671e-20,8.795e-23,9.817e+0,2.291e-17,9.837e-7,9.347e+1,9.584e-8,1.199e+2,2.044e+0,,7.219e-1,6.138e-19,,2.502e-17,2.630e+2,,8.196e-20,,6.118e-19,,1.062e-18,,7.563e-1,,2.077e-17,,9.592e+0,1.313e-16
452.44,6.600e+2,7.034e-21,1.610e-27,4.149e-26,3.668e-16,,,2.468e-19,1.013e-19,,3.561e-15,1.022e-20,2.412e-7,1.028e-17,1.938e-21,1.656e-24,7.326e-21,1.154e-14,,1.529e+0,3.776e-20,1.606e-19,1.158e+2,3.746e+0,5.422e-9,1.551e+0,1.980e-19,1.721e-10,3.561e-22,3.984e+1,2.533e-20,6.002e-29,8.672e-20,8.796e-23,1.047e+1,2.288e-17,1.361e-6,9.667e+1,6.841e-8,1.236e+2,1.931e+0,,6.205e-1,6.142e-19,,2.505e-17,2.548e+2,,8.195e-20,,6.117e-19,,1.061e-18,,7.449e-1,,2.077e-17,,8.621e+0,1.313e-16
452.47,6.637e+2,7.041e-21,1.604e-27,3.316e-26,1.713e-16,,,2.470e-19,1.012e-19,,3.561e-15,1.023e-20,2.742e-7,1.028e-17,1.938e-21,3.601e-24,7.325e-21,6.717e-15,,1.633e+0,3.779e-20,1.284e-19,1.178e+2,4.876e+0,5.412e-9,1.664e+0,1.981e-19,9.487e-11,3.566e-22,4.462e+1,2.533e-20,6.003e-29,8.674e-20,8.798e-23,1.146e+1,2.284e-17,2.199e-6,1.010e+2,4.096e-8,1.291e+2,1.825e+0,,4.910e-1,6.147e-19,,2.509e-17,2.412e+2,,8.193e-20,,6.117e-19,,1.060e-18,,7.285e-1,,2.077e-17,,7.293e+0,1.314e-16
452.49,6.657e+2,7.045e-21,1.600e-27,2.842e-26,1.026e-16,,,2.472e-19,1.011e-19,,3.560e-15,1.024e-20,2.974e-7,1.028e-17,1.938e-21,6.016e-24,7.324e-21,4.660e-15,,1.699e+0,3.780e-20,1.101e-19,1.196e+2,5.787e+0,5.469e-9,1.738e+0,1.981e-19,6.351e-11,3.569e-22,4.789e+1,2.534e-20,6.003e-29,8.676e-20,8.799e-23,1.211e+1,2.282e-17,3.014e-6,1.034e+2,2.896e-8,1.325e+2,1.798e+0,,4.181e-1,6.151e-19,,2.512e-17,2.315e+2,,8.192e-20,,6.116e-19,,1.059e-18,,7.182e-1,,2.076e-17,,6.493e+0,1.314e-16
452.52,6.683e+2,7.052e-21,1.594e-27,2.240e-26,4.721e-17,,,2.475e-19,1.009e-19,,3.560e-15,1.025e-20,3.336e-7,1.027e-17,1.939e-21,1.290e-23,7.323e-21,2.674e-15,,1.789e+0,3.783e-20,8.683e-20,1.229e+2,7.430e+0,5.665e-9,1.845e+0,1.981e-19,3.455e-11,3.574e-22,5.290e+1,2.535e-20,6.004e-29,8.678e-20,8.800e-23,1.308e+1,2.278e-17,4.804e-6,1.065e+2,1.710e-8,1.374e+2,1.827e+0,,3.264e-1,6.157e-19,,2.517e-17,2.161e+2,,8.190e-20,,6.115e-19,,1.058e-18,,7.039e-1,,2.076e-17,,5.416e+0,1.314e-16
452.54,6.699e+2,7.056e-21,1.591e-27,1.903e-26,2.801e-17,,,2.476e-19,1.008e-19,,3.560e-15,1.026e-20,3.585e-7,1.027e-17,1.939e-21,2.135e-23,7.322e-21,1.837e-15,,1.843e+0,3.784e-20,7.376e-20,1.257e+2,8.735e+0,5.877e-9,1.914e+0,1.981e-19,2.292e-11,3.577e-22,5.625e+1,2.535e-20,6.004e-29,8.679e-20,8.801e-23,1.370e+1,2.275e-17,6.524e-6,1.081e+2,1.197e-8,1.404e+2,1.896e+0,,2.754e-1,6.161e-19,,2.520e-17,2.055e+2,,8.188e-20,,6.115e-19,,1.057e-18,,6.953e-1,,2.075e-17,,4.777e+0,1.314e-16
452.57,6.721e+2,7.062e-21,1.585e-27,1.479e-26,1.271e-17,,,2.479e-19,1.006e-19,,3.559e-15,1.028e-20,3.966e-7,1.027e-17,1.939e-21,4.516e-23,7.321e-21,1.039e-15,,1.914e+0,3.787e-20,5.734e-20,1.309e+2,1.106e+1,6.332e-9,2.013e+0,1.982e-19,1.230e-11,3.582e-22,6.127e+1,2.536e-20,6.005e-29,8.681e-20,8.802e-23,1.459e+1,2.271e-17,1.025e-5,1.098e+2,6.970e-9,1.445e+2,2.078e+0,,2.121e-1,6.166e-19,,2.524e-17,1.892e+2,,8.186e-20,,6.114e-19,,1.056e-18,,6.840e-1,,2.075e-17,,3.930e+0,1.315e-16
452.59,6.738e+2,7.067e-21,1.581e-27,1.245e-26,7.472e-18,,,2.481e-19,1.005e-19,,3.559e-15,1.029e-20,4.223e-7,1.027e-17,1.939e-21,7.406e-23,7.320e-21,7.076e-16,,1.954e+0,3.788e-20,4.825e-20,1.350e+2,1.288e+1,6.735e-9,2.075e+0,1.982e-19,8.088e-12,3.585e-22,6.455e+1,2.536e-20,6.005e-29,8.683e-20,8.803e-23,1.515e+1,2.268e-17,1.379e-5,1.104e+2,4.836e-9,1.470e+2,2.256e+0,,1.774e-1,6.170e-19,,2.527e-17,1.782e+2,,8.185e-20,,6.113e-19,,1.055e-18,,6.778e-1,,2.074e-17,,3.434e+0,1.315e-16
452.62,6.766e+2,7.073e-21,1.575e-27,9.544e-27,3.343e-18,,,2.483e-19,1.003e-19,,3.558e-15,1.030e-20,4.607e-7,1.027e-17,1.939e-21,1.545e-22,7.319e-21,3.947e-16,,2.001e+0,3.791e-20,3.699e-20,1.425e+2,1.608e+1,7.503e-9,2.161e+0,1.982e-19,4.283e-12,3.589e-22,6.933e+1,2.537e-20,6.005e-29,8.685e-20,8.805e-23,1.591e+1,2.265e-17,2.138e-5,1.106e+2,2.775e-9,1.501e+2,2.615e+0,,1.349e-1,6.176e-19,,2.532e-17,1.617e+2,,8.183e-20,,6.113e-19,,1.054e-18,,6.705e-1,,2.074e-17,,2.785e+0,1.315e-16
452.64,6.789e+2,7.078e-21,1.572e-27,7.958e-27,1.946e-18,,,2.485e-19,1.002e-19,,3.558e-15,1.031e-20,4.860e-7,1.027e-17,1.939e-21,2.510e-22,7.319e-21,2.662e-16,,2.024e+0,3.792e-20,3.083e-20,1.483e+2,1.856e+1,8.130e-9,2.215e+0,1.982e-19,2.790e-12,3.592e-22,7.237e+1,2.538e-20,6.006e-29,8.686e-20,8.805e-23,1.636e+1,2.262e-17,2.850e-5,1.102e+2,1.908e-9,1.518e+2,2.920e+0,,1.120e-1,6.180e-19,,2.535e-17,1.509e+2,,8.182e-20,,6.112e-19,,1.053e-18,,6.672e-1,,2.073e-17,,2.411e+0,1.315e-16
452.66,6.816e+2,7.082e-21,1.568e-27,6.611e-27,1.129e-18,,,2.486e-19,1.001e-19,,3.558e-15,1.032e-20,5.108e-7,1.027e-17,1.939e-21,4.064e-22,7.318e-21,1.788e-16,,2.039e+0,3.794e-20,2.561e-20,1.549e+2,2.134e+1,8.855e-9,2.264e+0,1.983e-19,1.812e-12,3.596e-22,7.526e+1,2.538e-20,6.006e-29,8.687e-20,8.806e-23,1.677e+1,2.259e-17,3.785e-5,1.094e+2,1.306e-9,1.532e+2,3.282e+0,,9.268e-2,6.184e-19,,2.538e-17,1.403e+2,,8.180e-20,,6.111e-19,,1.052e-18,,6.652e-1,,2.073e-17,,2.079e+0,1.316e-16
452.69,6.866e+2,7.088e-21,1.562e-27,4.971e-27,4.951e-19,,,2.489e-19,9.995e-20,,3.557e-15,1.033e-20,5.465e-7,1.027e-17,1.939e-21,8.313e-22,7.317e-21,9.779e-17,,2.047e+0,3.796e-20,1.925e-20,1.663e+2,2.613e+1,1.014e-8,2.330e+0,1.983e-19,9.412e-13,3.600e-22,7.925e+1,2.539e-20,6.007e-29,8.689e-20,8.808e-23,1.728e+1,2.255e-17,5.754e-5,1.074e+2,7.350e-10,1.547e+2,3.941e+0,,6.959e-2,6.189e-19,,2.542e-17,1.249e+2,,8.178e-20,,6.111e-19,,1.051e-18,,6.648e-1,,2.073e-17,,1.653e+0,1.316e-16
452.71,6.908e+2,7.093e-21,1.558e-27,4.092e-27,2.845e-19,,,2.491e-19,9.984e-20,,3.557e-15,1.034e-20,5.691e-7,1.027e-17,1.940e-21,1.333e-21,7.316e-21,6.509e-17,,2.043e+0,3.798e-20,1.584e-20,1.751e+2,2.977e+1,1.112e-8,2.369e+0,1.983e-19,6.055e-13,3.603e-22,8.166e+1,2.539e-20,6.007e-29,8.691e-20,8.809e-23,1.754e+1,2.253e-17,7.571e-5,1.056e+2,4.986e-10,1.552e+2,4.463e+0,,5.747e-2,6.193e-19,,2.545e-17,1.150e+2,,8.177e-20,,6.110e-19,,1.050e-18,,6.664e-1,,2.072e-17,,1.413e+0,1.316e-16
452.74,6.985e+2,7.099e-21,1.552e-27,3.035e-27,1.230e-19,,,2.493e-19,9.968e-20,,3.557e-15,1.036e-20,6.005e-7,1.027e-17,1.940e-21,2.690e-21,7.315e-21,3.509e-17,,2.024e+0,3.800e-20,1.174e-20,1.899e+2,3.594e+1,1.281e-8,2.419e+0,1.983e-19,3.103e-13,3.608e-22,8.480e+1,2.540e-20,6.008e-29,8.693e-20,8.810e-23,1.783e+1,2.249e-17,1.135e-4,1.022e+2,2.766e-10,1.552e+2,5.381e+0,,4.334e-2,6.199e-19,,2.550e-17,1.009e+2,,8.175e-20,,6.109e-19,,1.049e-18,,6.717e-1,,2.072e-17,,1.108e+0,1.317e-16
452.76,7.047e+2,7.103e-21,1.549e-27,2.475e-27,7.002e-20,,,2.495e-19,9.957e-20,,3.556e-15,1.037e-20,6.194e-7,1.027e-17,1.940e-21,4.276e-21,7.314e-21,2.314e-17,,2.001e+0,3.802e-20,9.567e-21,2.011e+2,4.056e+1,1.407e-8,2.446e+0,1.984e-19,1.978e-13,3.611e-22,8.656e+1,2.541e-20,6.008e-29,8.694e-20,8.811e-23,1.793e+1,2.246e-17,1.480e-4,9.960e+1,1.859e-10,1.547e+2,6.089e+0,,3.622e-2,6.203e-19,,2.553e-17,9.211e+1,,8.174e-20,,6.109e-19,,1.048e-18,,6.772e-1,,2.071e-17,,9.375e-1,1.317e-16
452.79,7.158e+2,7.110e-21,1.543e-27,1.810e-27,2.985e-20,,,2.497e-19,9.940e-20,,3.556e-15,1.038e-20,6.445e-7,1.027e-17,1.940e-21,8.509e-21,7.313e-21,1.230e-17,,1.954e+0,3.804e-20,6.991e-21,2.197e+2,4.829e+1,1.617e-8,2.480e+0,1.984e-19,1.000e-13,3.616e-22,8.864e+1,2.541e-20,6.009e-29,8.696e-20,8.812e-23,1.797e+1,2.242e-17,2.187e-4,9.510e+1,1.017e-10,1.532e+2,7.304e+0,,2.843e-2,6.208e-19,,2.558e-17,7.972e+1,,8.172e-20,,6.108e-19,,1.047e-18,,6.882e-1,,2.071e-17,,7.249e-1,1.317e-16
452.81,7.245e+2,7.114e-21,1.539e-27,1.462e-27,2.986e-20,,,2.499e-19,9.929e-20,,3.556e-15,1.039e-20,6.587e-7,1.027e-17,1.940e-21,1.340e-20,7.313e-21,8.033e-18,,1.914e+0,3.805e-20,5.645e-21,2.335e+2,5.400e+1,1.770e-8,2.497e+0,3.485e-19,6.319e-14,3.619e-22,8.964e+1,2.542e-20,6.009e-29,8.698e-20,8.813e-23,1.792e+1,2.240e-17,2.825e-4,9.179e+1,6.768e-11,1.517e+2,8.223e+0,,2.493e-2,6.212e-19,,2.561e-17,7.206e+1,,8.170e-20,,6.107e-19,,1.046e-18,,6.974e-1,,2.070e-17,,6.078e-1,1.317e-16
452.84,7.397e+2,7.121e-21,1.533e-27,1.055e-27,2.987e-20,,,2.502e-19,9.913e-20,,3.555e-15,1.040e-20,6.759e-7,1.027e-17,1.940e-21,2.630e-20,7.312e-21,4.210e-18,,1.843e+0,3.808e-20,4.068e-21,2.561e+2,6.340e+1,2.020e-8,2.515e+0,8.057e-19,3.152e-14,3.623e-22,9.052e+1,2.543e-20,6.010e-29,8.700e-20,8.814e-23,1.772e+1,2.236e-17,4.119e-4,8.642e+1,3.650e-11,1.487e+2,9.772e+0,,2.192e-2,6.218e-19,,2.565e-17,6.149e+1,,8.168e-20,,6.107e-19,,1.045e-18,,7.137e-1,,2.070e-17,,4.634e-1,1.318e-16
452.86,7.511e+2,7.125e-21,1.530e-27,8.445e-28,2.987e-20,,,2.503e-19,9.902e-20,,3.555e-15,1.041e-20,6.844e-7,1.027e-17,1.940e-21,4.103e-20,7.311e-21,2.724e-18,,1.789e+0,3.809e-20,3.254e-21,2.724e+2,7.024e+1,2.200e-8,2.522e+0,1.402e-18,1.973e-14,3.627e-22,9.069e+1,2.543e-20,6.010e-29,8.701e-20,8.815e-23,1.750e+1,2.233e-17,5.272e-4,8.263e+1,2.407e-11,1.462e+2,1.092e+1,,2.134e-2,6.222e-19,,2.568e-17,5.507e+1,,8.167e-20,,6.106e-19,,1.044e-18,,7.261e-1,,2.069e-17,,3.850e-1,1.318e-16
452.89,7.706e+2,7.132e-21,1.524e-27,6.007e-28,2.988e-20,,,2.506e-19,9.885e-20,,3.555e-15,1.043e-20,6.925e-7,1.027e-17,1.940e-21,7.941e-20,7.310e-21,1.408e-18,,1.699e+0,3.812e-20,2.312e-21,2.989e+2,8.132e+1,2.485e-8,2.526e+0,3.198e-18,9.706e-15,3.631e-22,9.031e+1,2.544e-20,6.011e-29,8.703e-20,8.817e-23,1.707e+1,2.229e-17,7.579e-4,7.672e+1,1.280e-11,1.418e+2,1.283e+1,,2.257e-2,6.227e-19,,2.573e-17,4.634e+1,,8.165e-20,,6.105e-19,,1.043e-18,,7.467e-1,,2.069e-17,,2.894e-1,1.318e-16
452.91,7.849e+2,7.136e-21,1.520e-27,4.765e-28,2.988e-20,,,2.508e-19,9.874e-20,,3.554e-15,1.044e-20,6.947e-7,1.027e-17,1.941e-21,1.228e-19,7.309e-21,9.023e-19,,1.633e+0,3.813e-20,1.832e-21,3.177e+2,8.926e+1,2.686e-8,2.524e+0,5.515e-18,6.021e-15,3.634e-22,8.964e+1,2.545e-20,6.011e-29,8.705e-20,8.818e-23,1.671e+1,2.227e-17,9.610e-4,7.268e+1,8.361e-12,1.384e+2,1.423e+1,,2.487e-2,6.231e-19,,2.576e-17,4.111e+1,,8.164e-20,,6.105e-19,,1.042e-18,,7.614e-1,,2.068e-17,,2.382e-1,1.319e-16
452.94,8.086e+2,7.142e-21,1.514e-27,3.343e-28,2.989e-20,,,2.510e-19,9.858e-20,,3.554e-15,1.045e-20,6.931e-7,1.027e-17,1.941e-21,2.344e-19,7.308e-21,4.597e-19,,1.529e+0,3.816e-20,1.284e-21,3.475e+2,1.019e+2,3.000e-8,2.515e+0,1.240e-17,2.922e-15,3.639e-22,8.802e+1,2.545e-20,6.011e-29,8.707e-20,8.819e-23,1.608e+1,2.223e-17,1.363e-3,6.654e+1,4.383e-12,1.328e+2,1.651e+1,,3.077e-2,6.237e-19,,2.580e-17,3.411e+1,,8.162e-20,,6.104e-19,,1.041e-18,,7.845e-1,,2.068e-17,,1.766e-1,1.319e-16
452.96,8.256e+2,7.147e-21,1.511e-27,2.627e-28,2.990e-20,,,2.512e-19,9.847e-20,,3.554e-15,1.046e-20,6.889e-7,1.027e-17,1.941e-21,3.590e-19,7.307e-21,2.919e-19,,1.457e+0,3.817e-20,1.008e-21,3.684e+2,1.108e+2,3.215e-8,2.505e+0,2.119e-17,1.796e-15,3.642e-22,8.656e+1,2.546e-20,6.012e-29,8.708e-20,8.820e-23,1.560e+1,2.220e-17,1.712e-3,6.244e+1,2.837e-12,1.287e+2,1.815e+1,,3.657e-2,6.241e-19,,2.583e-17,2.998e+1,,8.161e-20,,6.103e-19,,1.040e-18,,8.003e-1,,2.068e-17,,1.439e-1,1.319e-16
452.99,8.529e+2,7.153e-21,1.505e-27,1.817e-28,2.991e-20,,,2.514e-19,9.830e-20,,3.553e-15,1.048e-20,6.778e-7,1.027e-17,1.941e-21,6.758e-19,7.306e-21,1.466e-19,,1.345e+0,3.820e-20,6.961e-22,4.009e+2,1.248e+2,3.545e-8,2.485e+0,4.701e-17,8.596e-16,3.647e-22,8.382e+1,2.547e-20,6.012e-29,8.710e-20,8.821e-23,1.481e+1,2.216e-17,2.394e-3,5.637e+1,1.466e-12,1.221e+2,2.079e+1,,4.865e-2,6.246e-19,,2.588e-17,2.453e+1,,8.159e-20,,6.103e-19,,1.039e-18,,8.239e-1,,2.067e-17,,1.052e-1,1.319e-16
453.01,8.722e+2,7.157e-21,1.501e-27,1.415e-28,2.991e-20,,,2.516e-19,9.819e-20,,3.553e-15,1.048e-20,6.674e-7,1.027e-17,1.941e-21,1.026e-18,7.306e-21,9.223e-20,,1.269e+0,3.821e-20,5.414e-22,4.232e+2,1.344e+2,3.767e-8,2.469e+0,7.960e-17,5.235e-16,3.650e-22,8.166e+1,2.547e-20,6.013e-29,8.712e-20,8.822e-23,1.425e+1,2.214e-17,2.979e-3,5.241e+1,9.400e-13,1.175e+2,2.266e+1,,5.939e-2,6.250e-19,,2.591e-17,2.136e+1,,8.157e-20,,6.102e-19,,1.038e-18,,8.391e-1,,2.067e-17,,8.498e-2,1.320e-16
453.04,9.022e+2,7.164e-21,1.495e-27,9.655e-29,2.992e-20,,,2.519e-19,9.803e-20,,3.552e-15,1.050e-20,6.475e-7,1.027e-17,1.941e-21,1.905e-18,7.305e-21,4.568e-20,,1.156e+0,3.824e-20,3.688e-22,4.572e+2,1.493e+2,4.098e-8,2.442e+0,1.741e-16,2.472e-16,3.655e-22,7.797e+1,2.548e-20,6.013e-29,8.714e-20,8.824e-23,1.335e+1,2.210e-17,4.108e-3,4.666e+1,4.791e-13,1.102e+2,2.562e+1,,8.048e-2,6.256e-19,,2.595e-17,1.724e+1,,8.155e-20,,6.101e-19,,1.037e-18,,8.606e-1,,2.066e-17,,6.125e-2,1.320e-16
453.06,9.227e+2,7.168e-21,1.492e-27,7.449e-29,2.992e-20,,,2.520e-19,9.792e-20,,3.552e-15,1.051e-20,6.317e-7,1.027e-17,1.941e-21,2.864e-18,7.304e-21,2.846e-20,,1.081e+0,3.825e-20,2.842e-22,4.801e+2,1.593e+2,4.316e-8,2.421e+0,2.921e-16,1.492e-16,3.658e-22,7.526e+1,2.548e-20,6.014e-29,8.715e-20,8.824e-23,1.273e+1,2.207e-17,5.066e-3,4.298e+1,3.043e-13,1.053e+2,2.768e+1,,9.856e-2,6.260e-19,,2.598e-17,1.487e+1,,8.154e-20,,6.101e-19,,1.036e-18,,8.737e-1,,2.066e-17,,4.900e-2,1.320e-16
453.08,9.435e+2,7.173e-21,1.488e-27,5.725e-29,2.993e-20,,,2.522e-19,9.781e-20,,3.552e-15,1.052e-20,6.139e-7,1.027e-17,1.941e-21,4.291e-18,7.303e-21,1.767e-20,,1.007e+0,3.827e-20,2.181e-22,5.028e+2,1.694e+2,4.529e-8,2.400e+0,4.883e-16,8.969e-17,3.661e-22,7.237e+1,2.549e-20,6.014e-29,8.717e-20,8.825e-23,1.210e+1,2.204e-17,6.224e-3,3.944e+1,1.925e-13,1.003e+2,2.980e+1,,1.205e-1,6.264e-19,,2.601e-17,1.278e+1,,8.153e-20,,6.100e-19,,1.035e-18,,8.853e-1,,2.065e-17,,3.906e-2,1.320e-16
453.11,9.746e+2,7.179e-21,1.482e-27,3.831e-29,2.994e-20,,,2.525e-19,9.764e-20,,3.551e-15,1.053e-20,5.841e-7,1.027e-17,1.942e-21,7.814e-18,7.302e-21,8.579e-21,,8.987e-1,3.829e-20,1.457e-22,5.364e+2,1.844e+2,4.834e-8,2.365e+0,1.048e-15,4.153e-17,3.665e-22,6.776e+1,2.550e-20,6.015e-29,8.719e-20,8.827e-23,1.114e+1,2.200e-17,8.418e-3,3.443e+1,9.619e-14,9.285e+1,3.307e+1,,1.622e-1,6.269e-19,,2.606e-17,1.011e+1,,8.151e-20,,6.099e-19,,1.034e-18,,8.998e-1,,2.065e-17,,2.761e-2,1.321e-16
453.13,9.949e+2,7.183e-21,1.478e-27,2.917e-29,2.994e-20,,,2.526e-19,9.753e-20,,3.551e-15,1.054e-20,5.624e-7,1.027e-17,1.942e-21,1.160e-17,7.301e-21,5.276e-21,,8.294e-1,3.831e-20,1.108e-22,5.581e+2,1.943e+2,5.026e-8,2.341e+0,1.735e-15,2.474e-17,3.668e-22,6.455e+1,2.550e-20,6.015e-29,8.720e-20,8.828e-23,1.050e+1,2.198e-17,1.025e-2,3.130e+1,6.028e-14,8.791e+1,3.530e+1,,1.971e-1,6.273e-19,,2.609e-17,8.607e+0,,8.149e-20,,6.099e-19,,1.033e-18,,9.070e-1,,2.064e-17,,2.180e-2,1.321e-16
453.16,1.024e+3,7.190e-21,1.473e-27,1.925e-29,2.995e-20,,,2.529e-19,9.737e-20,,3.551e-15,1.056e-20,5.277e-7,1.027e-17,1.942e-21,2.083e-17,7.300e-21,2.526e-21,,7.301e-1,3.833e-20,7.295e-23,5.893e+2,2.086e+2,5.291e-8,2.305e+0,3.673e-15,1.130e-17,3.673e-22,5.960e+1,2.551e-20,6.016e-29,8.722e-20,8.829e-23,9.548e+0,2.194e-17,1.367e-2,2.695e+1,2.970e-14,8.068e+1,3.866e+1,,2.623e-1,6.279e-19,,2.613e-17,6.714e+0,,8.147e-20,,6.098e-19,,1.032e-18,,9.138e-1,,2.064e-17,,1.519e-2,1.321e-16
453.18,1.043e+3,7.194e-21,1.469e-27,1.452e-29,2.996e-20,,,2.531e-19,9.726e-20,,3.550e-15,1.056e-20,5.034e-7,1.027e-17,1.942e-21,3.064e-17,7.300e-21,1.539e-21,,6.676e-1,3.835e-20,5.496e-23,6.088e+2,2.178e+2,5.451e-8,2.281e+0,6.026e-15,6.671e-18,3.676e-22,5.625e+1,2.551e-20,6.016e-29,8.723e-20,8.830e-23,8.928e+0,2.191e-17,1.648e-2,2.427e+1,1.844e-14,7.603e+1,4.091e+1,,3.160e-1,6.283e-19,,2.616e-17,5.663e+0,,8.146e-20,,6.097e-19,,1.031e-18,,9.154e-1,,2.064e-17,,1.188e-2,1.322e-16
453.21,1.068e+3,7.201e-21,1.463e-27,9.451e-30,2.996e-20,,,2.533e-19,9.709e-20,,3.550e-15,1.058e-20,4.658e-7,1.027e-17,1.942e-21,5.428e-17,7.299e-21,7.263e-22,,5.795e-1,3.837e-20,3.569e-23,6.357e+2,2.306e+2,5.660e-8,2.245e+0,1.258e-14,3.005e-18,3.681e-22,5.122e+1,2.552e-20,6.017e-29,8.726e-20,8.831e-23,8.028e+0,2.187e-17,2.168e-2,2.060e+1,8.957e-15,6.938e+1,4.422e+1,,4.152e-1,6.288e-19,,2.621e-17,4.356e+0,,8.144e-20,,6.097e-19,,1.030e-18,,9.129e-1,,2.063e-17,,8.166e-3,1.322e-16
453.23,1.083e+3,7.205e-21,1.459e-27,7.065e-30,2.997e-20,,,2.535e-19,9.698e-20,,3.550e-15,1.059e-20,4.402e-7,1.027e-17,1.942e-21,7.910e-17,7.298e-21,4.383e-22,,5.249e-1,3.838e-20,2.663e-23,6.518e+2,2.385e+2,5.777e-8,2.222e+0,2.045e-14,1.757e-18,3.684e-22,4.789e+1,2.553e-20,6.017e-29,8.727e-20,8.832e-23,7.451e+0,2.185e-17,2.590e-2,1.838e+1,5.509e-15,6.522e+1,4.638e+1,,4.959e-1,6.292e-19,,2.624e-17,3.640e+0,,8.143e-20,,6.096e-19,,1.029e-18,,9.079e-1,,2.063e-17,,6.329e-3,1.322e-16
453.26,1.103e+3,7.211e-21,1.454e-27,4.534e-30,2.998e-20,,,2.537e-19,9.682e-20,,3.549e-15,1.060e-20,4.016e-7,1.027e-17,1.942e-21,1.382e-16,7.297e-21,2.040e-22,,4.494e-1,3.841e-20,1.705e-23,6.728e+2,2.490e+2,5.915e-8,2.188e+0,4.211e-14,7.227e-19,3.689e-22,4.300e+1,2.553e-20,6.017e-29,8.729e-20,8.833e-23,6.628e+0,2.181e-17,3.360e-2,1.539e+1,2.639e-15,5.944e+1,4.948e+1,,6.431e-1,6.298e-19,,2.628e-17,2.761e+0,,8.141e-20,,6.095e-19,,1.028e-18,,8.954e-1,,2.062e-17,,4.288e-3,1.322e-16
453.28,1.113e+3,7.216e-21,1.450e-27,3.358e-30,2.998e-20,,,2.539e-19,9.671e-20,,3.549e-15,1.061e-20,3.761e-7,1.027e-17,1.942e-21,1.995e-16,7.296e-21,1.219e-22,,4.032e-1,3.842e-20,1.261e-23,6.844e+2,2.551e+2,5.981e-8,2.167e+0,6.784e-14,4.198e-19,3.692e-22,3.984e+1,2.554e-20,6.018e-29,8.730e-20,8.834e-23,6.110e+0,2.178e-17,3.978e-2,1.360e+1,1.608e-15,5.592e+1,5.144e+1,,7.613e-1,6.302e-19,,2.631e-17,2.286e+0,,8.139e-20,,6.095e-19,,1.027e-18,,8.836e-1,,2.062e-17,,3.293e-3,1.323e-16
453.31,1.124e+3,7.222e-21,1.444e-27,2.125e-30,2.999e-20,,,2.542e-19,9.654e-20,,3.549e-15,1.063e-20,3.383e-7,1.027e-17,1.943e-21,3.438e-16,7.295e-21,5.596e-23,,3.404e-1,3.845e-20,7.960e-24,6.980e+2,2.627e+2,6.040e-8,2.138e+0,1.378e-13,1.846e-19,3.696e-22,3.527e+1,2.555e-20,6.018e-29,8.733e-20,8.836e-23,5.383e+0,2.174e-17,5.089e-2,1.123e+1,7.592e-16,5.121e+1,5.418e+1,,9.741e-1,6.307e-19,,2.636e-17,1.710e+0,,8.137e-20,,6.094e-19,,1.026e-18,,8.611e-1,,2.061e-17,,2.200e-3,1.323e-16
453.33,1.128e+3,7.227e-21,1.440e-27,1.559e-30,3.000e-20,,,2.543e-19,9.643e-20,,3.548e-15,1.064e-20,3.139e-7,1.027e-17,1.943e-21,4.918e-16,7.294e-21,3.314e-23,,3.026e-1,3.846e-20,5.831e-24,7.043e+2,2.666e+2,6.051e-8,2.121e+0,2.199e-13,1.062e-19,3.700e-22,3.237e+1,2.555e-20,6.019e-29,8.734e-20,8.837e-23,4.933e+0,2.172e-17,5.969e-2,9.834e+0,4.582e-16,4.846e+1,5.583e+1,,1.143e+0,6.311e-19,,2.639e-17,1.402e+0,,8.136e-20,,6.093e-19,,1.025e-18,,8.428e-1,,2.061e-17,,1.673e-3,1.323e-16
453.36,1.130e+3,7.233e-21,1.434e-27,9.731e-31,3.000e-20,,,2.546e-19,9.627e-20,,3.548e-15,1.065e-20,2.785e-7,1.027e-17,1.943e-21,8.358e-16,7.293e-21,1.499e-23,,2.519e-1,3.849e-20,3.631e-24,7.095e+2,2.708e+2,6.026e-8,2.098e+0,4.404e-13,4.603e-20,3.704e-22,2.826e+1,2.556e-20,6.019e-29,8.736e-20,8.838e-23,4.311e+0,2.168e-17,7.531e-2,8.004e+0,2.133e-16,4.495e+1,5.803e+1,,1.443e+0,6.317e-19,,2.643e-17,1.034e+0,,8.134e-20,,6.093e-19,,1.024e-18,,8.111e-1,,2.060e-17,,1.102e-3,1.324e-16
453.38,1.127e+3,7.237e-21,1.431e-27,7.074e-31,3.001e-20,,,2.548e-19,9.616e-20,,3.548e-15,1.066e-20,2.559e-7,1.027e-17,1.943e-21,1.185e-15,7.293e-21,8.795e-24,,2.219e-1,3.850e-20,2.636e-24,7.100e+2,2.723e+2,5.981e-8,2.085e+0,6.965e-13,2.624e-20,3.707e-22,2.570e+1,2.556e-20,6.020e-29,8.737e-20,8.839e-23,3.933e+0,2.165e-17,8.752e-2,6.945e+0,1.276e-16,4.303e+1,5.929e+1,,1.678e+0,6.321e-19,,2.646e-17,8.403e-1,,8.133e-20,,6.092e-19,,1.023e-18,,7.872e-1,,2.060e-17,,8.306e-4,1.324e-16
453.41,1.118e+3,7.244e-21,1.425e-27,4.354e-31,3.002e-20,,,2.550e-19,9.599e-20,,3.547e-15,1.067e-20,2.239e-7,1.027e-17,1.943e-21,1.986e-15,7.292e-21,3.924e-24,,1.821e-1,3.853e-20,1.621e-24,7.064e+2,2.727e+2,5.873e-8,2.069e+0,1.376e-12,1.121e-20,3.712e-22,2.212e+1,2.557e-20,6.020e-29,8.739e-20,8.840e-23,3.417e+0,2.161e-17,1.089e-1,5.574e+0,5.856e-17,4.077e+1,6.082e+1,,2.091e+0,6.327e-19,,2.651e-17,6.112e-1,,8.131e-20,,6.091e-19,,1.022e-18,,7.478e-1,,2.059e-17,,5.395e-4,1.324e-16
453.43,1.108e+3,7.248e-21,1.421e-27,3.136e-31,3.002e-20,,,2.552e-19,9.588e-20,,3.547e-15,1.068e-20,2.039e-7,1.027e-17,1.943e-21,2.789e-15,7.291e-21,2.280e-24,,1.589e-1,3.854e-20,1.168e-24,7.010e+2,2.717e+2,5.776e-8,2.061e+0,2.156e-12,1.126e-20,3.715e-22,1.993e+1,2.558e-20,6.021e-29,8.741e-20,8.841e-23,3.108e+0,2.159e-17,1.254e-1,4.791e+0,3.468e-17,3.968e+1,6.160e+1,,2.410e+0,6.330e-19,,2.654e-17,4.919e-1,,8.129e-20,,6.091e-19,,1.021e-18,,7.195e-1,,2.059e-17,,4.028e-4,1.324e-16
453.45,1.095e+3,7.252e-21,1.417e-27,2.250e-31,3.003e-20,,,2.554e-19,9.577e-20,,3.547e-15,1.069e-20,1.849e-7,1.027e-17,1.943e-21,3.902e-15,7.290e-21,1.320e-24,,1.382e-1,3.856e-20,8.410e-25,6.933e+2,2.696e+2,5.658e-8,2.056e+0,3.366e-12,1.132e-20,3.718e-22,1.788e+1,2.558e-20,6.021e-29,8.742e-20,8.842e-23,2.826e+0,2.156e-17,1.438e-1,4.103e+0,2.047e-17,3.892e+1,6.217e+1,,2.767e+0,6.334e-19,,2.657e-17,3.945e-1,,8.128e-20,,6.090e-19,,1.020e-18,,6.898e-1,,2.059e-17,,2.996e-4,1.325e-16
453.48,1.071e+3,7.259e-21,1.412e-27,1.358e-31,3.004e-20,,,2.556e-19,9.561e-20,,3.546e-15,1.071e-20,1.587e-7,1.027e-17,1.943e-21,6.414e-15,7.289e-21,5.773e-25,,1.112e-1,3.858e-20,5.157e-25,6.776e+2,2.648e+2,5.449e-8,2.051e+0,6.522e-12,1.139e-20,3.723e-22,1.510e+1,2.559e-20,6.022e-29,8.744e-20,8.843e-23,2.451e+0,2.152e-17,1.755e-1,3.229e+0,9.211e-18,3.836e+1,6.263e+1,,3.384e+0,6.340e-19,,2.661e-17,2.813e-1,,8.126e-20,,6.089e-19,,1.019e-18,,6.433e-1,,2.058e-17,,1.908e-4,1.325e-16
453.5,1.051e+3,7.263e-21,1.408e-27,9.655e-32,3.004e-20,,,2.558e-19,9.550e-20,,3.546e-15,1.072e-20,1.426e-7,1.027e-17,1.944e-21,8.893e-15,7.288e-21,3.311e-25,,9.578e-2,3.860e-20,3.762e-25,6.646e+2,2.604e+2,5.289e-8,2.051e+0,1.009e-11,1.144e-20,3.726e-22,1.343e+1,2.559e-20,6.022e-29,8.746e-20,8.844e-23,2.231e+0,2.149e-17,1.995e-1,2.740e+0,5.384e-18,3.837e+1,6.266e+1,,3.851e+0,6.344e-19,,2.664e-17,2.235e-1,,8.125e-20,,6.089e-19,,1.018e-18,,6.113e-1,,2.058e-17,,1.406e-4,1.325e-16
453.53,1.018e+3,7.270e-21,1.402e-27,5.747e-32,3.005e-20,,,2.560e-19,9.533e-20,,3.545e-15,1.073e-20,1.206e-7,1.027e-17,1.944e-21,1.442e-14,7.287e-21,1.428e-25,,7.602e-2,3.862e-20,2.454e-25,6.413e+2,2.522e+2,5.023e-8,2.054e+0,1.928e-11,1.152e-20,3.731e-22,1.118e+1,2.560e-20,6.023e-29,8.748e-20,8.846e-23,1.944e+0,2.145e-17,2.401e-1,2.126e+0,2.389e-18,3.889e+1,6.230e+1,,4.646e+0,6.349e-19,,2.669e-17,1.572e-1,,8.123e-20,,6.088e-19,,1.017e-18,,5.625e-1,,2.057e-17,,8.828e-5,1.326e-16
453.55,9.925e+2,7.274e-21,1.398e-27,4.048e-32,3.006e-20,,,2.562e-19,9.522e-20,,3.545e-15,1.074e-20,1.074e-7,1.027e-17,1.944e-21,1.981e-14,7.287e-21,8.111e-26,,6.486e-2,3.864e-20,1.963e-25,6.236e+2,2.458e+2,4.830e-8,2.059e+0,2.955e-11,1.157e-20,3.734e-22,9.845e+0,2.561e-20,6.023e-29,8.749e-20,8.847e-23,1.781e+0,2.143e-17,2.705e-1,1.787e+0,1.384e-18,3.957e+1,6.179e+1,,5.242e+0,6.353e-19,,2.672e-17,1.237e-1,,8.121e-20,,6.088e-19,,1.016e-18,,5.298e-1,,2.057e-17,,6.444e-5,1.326e-16
453.58,9.509e+2,7.281e-21,1.393e-27,2.376e-32,3.006e-20,,,2.565e-19,9.506e-20,,3.545e-15,1.075e-20,8.962e-8,1.027e-17,1.944e-21,3.167e-14,7.286e-21,3.449e-26,,5.077e-2,3.866e-20,1.651e-25,5.942e+2,2.347e+2,4.523e-8,2.071e+0,5.570e-11,1.165e-20,3.738e-22,8.083e+0,2.561e-20,6.023e-29,8.751e-20,8.848e-23,1.573e+0,2.139e-17,3.210e-1,1.368e+0,6.054e-19,4.101e+1,6.065e+1,,6.240e+0,6.359e-19,,2.676e-17,8.578e-2,,8.119e-20,,6.087e-19,,1.015e-18,,4.811e-1,,2.056e-17,,3.990e-5,1.326e-16
453.6,9.211e+2,7.285e-21,1.389e-27,1.658e-32,3.007e-20,,,2.566e-19,9.495e-20,,3.544e-15,1.076e-20,7.906e-8,1.027e-17,1.944e-21,4.310e-14,7.285e-21,3.490e-26,,4.292e-2,3.868e-20,1.684e-25,5.730e+2,2.266e+2,4.310e-8,2.081e+0,8.460e-11,1.170e-20,3.741e-22,7.053e+0,2.562e-20,6.024e-29,8.753e-20,8.849e-23,1.459e+0,2.136e-17,3.583e-1,1.139e+0,3.473e-19,4.222e+1,5.963e+1,,6.977e+0,6.363e-19,,2.679e-17,6.689e-2,,8.118e-20,,6.086e-19,,1.014e-18,,4.492e-1,,2.056e-17,,2.886e-5,1.326e-16
453.63,8.739e+2,7.291e-21,1.383e-27,9.597e-33,3.008e-20,,,2.569e-19,9.478e-20,,3.544e-15,1.078e-20,6.504e-8,1.027e-17,1.944e-21,6.797e-14,7.284e-21,3.553e-26,,3.312e-2,3.870e-20,2.085e-25,5.392e+2,2.135e+2,3.980e-8,2.100e+0,1.573e-10,1.177e-20,3.746e-22,5.710e+0,2.563e-20,6.024e-29,8.755e-20,8.850e-23,1.321e+0,2.132e-17,4.194e-1,8.595e-1,1.498e-19,4.435e+1,5.777e+1,,8.195e+0,6.368e-19,,2.684e-17,4.573e-2,,8.116e-20,,6.085e-19,,1.013e-18,,4.026e-1,,2.055e-17,,1.762e-5,1.327e-16
453.65,8.411e+2,7.296e-21,1.379e-27,6.635e-33,3.008e-20,,,2.571e-19,9.467e-20,,3.544e-15,1.079e-20,5.684e-8,1.027e-17,1.944e-21,9.166e-14,7.283e-21,3.595e-26,,2.774e-2,3.871e-20,2.612e-25,5.156e+2,2.042e+2,3.757e-8,2.115e+0,2.367e-10,1.182e-20,3.749e-22,4.937e+0,2.563e-20,6.025e-29,8.756e-20,8.851e-23,1.250e+0,2.130e-17,4.638e-1,7.091e-1,8.513e-20,4.595e+1,5.631e+1,,9.083e+0,6.372e-19,,2.687e-17,3.533e-2,,8.115e-20,,6.085e-19,,1.012e-18,,3.728e-1,,2.055e-17,,1.262e-5,1.327e-16
453.68,7.905e+2,7.302e-21,1.374e-27,3.787e-33,3.009e-20,,,2.573e-19,9.451e-20,,3.543e-15,1.080e-20,4.612e-8,1.027e-17,1.944e-21,1.426e-13,7.282e-21,3.657e-26,,2.111e-2,3.874e-20,3.898e-25,4.791e+2,1.898e+2,3.421e-8,2.139e+0,4.339e-10,1.190e-20,3.754e-22,3.941e+0,2.564e-20,6.025e-29,8.758e-20,8.852e-23,1.174e+0,2.126e-17,5.356e-1,5.276e-1,3.621e-20,4.854e+1,5.385e+1,,1.053e+1,6.378e-19,,2.691e-17,2.382e-2,,8.113e-20,,6.084e-19,,1.011e-18,,3.301e-1,,2.054e-17,,7.600e-6,1.327e-16
453.7,7.564e+2,7.306e-21,1.370e-27,2.594e-33,3.010e-20,,,2.575e-19,9.440e-20,,3.543e-15,1.081e-20,3.993e-8,1.027e-17,1.945e-21,1.905e-13,7.281e-21,3.699e-26,,1.752e-2,3.875e-20,5.184e-25,4.544e+2,1.800e+2,3.199e-8,2.157e+0,6.470e-10,1.195e-20,3.757e-22,3.376e+0,2.564e-20,6.026e-29,8.760e-20,8.853e-23,1.143e+0,2.123e-17,5.869e-1,4.313e-1,3.653e-20,5.034e+1,5.204e+1,,1.156e+1,6.382e-19,,2.694e-17,1.823e-2,,8.111e-20,,6.084e-19,,1.010e-18,,3.033e-1,,2.054e-17,,5.393e-6,1.327e-16
453.73,7.050e+2,7.313e-21,1.364e-27,1.460e-33,3.010e-20,,,2.577e-19,9.423e-20,,3.543e-15,1.082e-20,3.194e-8,1.027e-17,1.945e-21,2.922e-13,7.280e-21,3.762e-26,,1.315e-2,3.878e-20,8.012e-25,4.172e+2,1.651e+2,2.873e-8,2.186e+0,1.170e-9,1.203e-20,3.762e-22,2.657e+0,2.565e-20,6.026e-29,8.762e-20,8.855e-23,1.122e+0,2.119e-17,6.686e-1,3.164e-1,3.700e-20,5.312e+1,4.911e+1,,1.322e+1,6.387e-19,,2.699e-17,1.212e-2,,8.109e-20,,6.083e-19,,1.009e-18,,2.659e-1,,2.054e-17,,3.202e-6,1.328e-16
453.75,6.711e+2,7.317e-21,1.360e-27,9.908e-34,3.011e-20,,,2.579e-19,9.412e-20,,3.542e-15,1.083e-20,2.740e-8,1.027e-17,1.945e-21,3.868e-13,7.280e-21,3.803e-26,,1.081e-2,3.879e-20,1.071e-24,3.926e+2,1.552e+2,2.662e-8,2.205e+0,1.728e-9,1.208e-20,3.765e-22,2.255e+0,2.566e-20,6.027e-29,8.763e-20,8.856e-23,1.126e+0,2.117e-17,7.261e-1,2.562e-1,3.732e-20,5.497e+1,4.705e+1,,1.440e+1,6.391e-19,,2.702e-17,9.188e-3,,8.108e-20,,6.082e-19,,1.008e-18,,2.429e-1,,2.053e-17,,2.251e-6,1.328e-16
453.78,6.211e+2,7.324e-21,1.355e-27,5.500e-34,3.012e-20,,,2.582e-19,9.396e-20,,3.542e-15,1.085e-20,2.162e-8,1.027e-17,1.945e-21,5.851e-13,7.279e-21,3.866e-26,,7.996e-3,3.882e-20,1.648e-24,3.563e+2,1.407e+2,2.358e-8,2.236e+0,3.083e-9,1.215e-20,3.769e-22,1.751e+0,2.566e-20,6.027e-29,8.765e-20,8.857e-23,1.157e+0,2.113e-17,8.161e-1,1.854e-1,3.780e-20,5.767e+1,4.384e+1,,1.624e+1,6.397e-19,,2.706e-17,6.023e-3,,8.106e-20,,6.081e-19,,1.006e-18,,2.116e-1,,2.053e-17,,1.318e-6,1.328e-16
453.8,5.888e+2,7.328e-21,1.351e-27,3.698e-34,3.012e-20,,,2.583e-19,9.385e-20,,3.542e-15,1.086e-20,1.837e-8,1.027e-17,1.945e-21,7.675e-13,7.278e-21,3.908e-26,,6.512e-3,3.883e-20,2.188e-24,3.328e+2,1.312e+2,2.164e-8,2.256e+0,4.512e-9,1.220e-20,3.772e-22,1.472e+0,2.567e-20,6.028e-29,8.767e-20,8.858e-23,1.194e+0,2.110e-17,8.783e-1,1.487e-1,3.811e-20,5.939e+1,4.163e+1,,1.753e+1,6.401e-19,,2.709e-17,4.524e-3,,8.105e-20,,6.081e-19,,1.006e-18,,1.929e-1,,2.052e-17,,9.180e-7,1.329e-16
453.82,5.574e+2,7.332e-21,1.347e-27,2.477e-34,3.013e-20,,,2.585e-19,9.374e-20,,3.541e-15,1.087e-20,1.556e-8,1.027e-17,1.945e-21,1.003e-12,7.277e-21,3.949e-26,,5.283e-3,3.885e-20,2.896e-24,3.100e+2,1.221e+2,1.979e-8,2.275e+0,6.581e-9,1.225e-20,3.776e-22,1.233e+0,2.567e-20,6.028e-29,8.768e-20,8.859e-23,1.244e+0,2.108e-17,9.419e-1,1.189e-1,3.843e-20,6.102e+1,3.940e+1,,1.885e+1,6.405e-19,,2.712e-17,3.385e-3,,8.104e-20,,6.080e-19,,1.005e-18,,1.760e-1,,2.052e-17,,6.370e-7,1.329e-16
453.85,5.126e+2,7.339e-21,1.341e-27,1.348e-34,3.014e-20,,,2.587e-19,9.357e-20,,3.541e-15,1.088e-20,1.203e-8,1.027e-17,1.945e-21,1.488e-12,7.276e-21,4.012e-26,,3.834e-3,3.887e-20,4.380e-24,2.774e+2,1.092e+2,1.719e-8,2.303e+0,1.151e-8,1.233e-20,3.780e-22,9.384e-1,2.568e-20,6.029e-29,8.770e-20,8.860e-23,1.341e+0,2.104e-17,1.039e+0,8.434e-2,3.891e-20,6.323e+1,3.605e+1,,2.087e+1,6.410e-19,,2.717e-17,2.176e-3,,8.102e-20,,6.079e-19,,1.004e-18,,1.541e-1,,2.051e-17,,3.656e-7,1.329e-16
453.87,4.843e+2,7.343e-21,1.337e-27,8.945e-35,3.014e-20,,,2.589e-19,9.346e-20,,3.541e-15,1.089e-20,1.009e-8,1.027e-17,1.945e-21,1.927e-12,7.275e-21,4.054e-26,,3.082e-3,3.889e-20,5.744e-24,2.568e+2,1.011e+2,1.557e-8,2.320e+0,1.664e-8,1.238e-20,3.783e-22,7.787e-1,2.569e-20,6.029e-29,8.771e-20,8.861e-23,1.421e+0,2.101e-17,1.105e+0,6.678e-2,3.923e-20,6.453e+1,3.382e+1,,2.224e+1,6.414e-19,,2.720e-17,1.613e-3,,8.100e-20,,6.079e-19,,1.003e-18,,1.419e-1,,2.051e-17,,2.513e-7,1.329e-16
453.9,4.447e+2,7.350e-21,1.332e-27,4.802e-35,3.015e-20,,,2.592e-19,9.330e-20,,3.540e-15,1.090e-20,7.701e-9,1.027e-17,1.946e-21,2.820e-12,7.274e-21,4.116e-26,,2.205e-3,3.891e-20,8.569e-24,2.279e+2,8.992e+1,1.334e-8,2.341e+0,2.871e-8,1.246e-20,3.788e-22,5.845e-1,2.569e-20,6.030e-29,8.773e-20,8.862e-23,1.562e+0,2.097e-17,1.203e+0,4.673e-2,3.970e-20,6.616e+1,3.054e+1,,2.430e+1,6.420e-19,,2.725e-17,1.023e-3,,8.098e-20,,6.078e-19,,1.002e-18,,1.272e-1,,2.050e-17,,1.423e-7,1.330e-16
453.92,4.203e+2,7.354e-21,1.328e-27,3.157e-35,3.016e-20,,,2.593e-19,9.319e-20,,3.540e-15,1.091e-20,6.400e-9,1.027e-17,1.946e-21,3.618e-12,7.274e-21,4.158e-26,,1.756e-3,3.893e-20,1.114e-23,2.101e+2,8.320e+1,1.197e-8,2.353e+0,4.110e-8,1.251e-20,3.791e-22,4.805e-1,2.570e-20,6.030e-29,8.775e-20,8.863e-23,1.669e+0,2.094e-17,1.268e+0,3.665e-2,4.002e-20,6.702e+1,2.841e+1,,2.567e+1,6.424e-19,,2.728e-17,7.510e-4,,8.097e-20,,6.078e-19,,1.001e-18,,1.199e-1,,2.050e-17,,9.688e-8,1.330e-16
453.95,3.869e+2,7.360e-21,1.322e-27,1.671e-35,3.016e-20,,,2.596e-19,9.302e-20,,3.539e-15,1.093e-20,4.815e-9,1.027e-17,1.946e-21,5.222e-12,7.273e-21,4.221e-26,,1.239e-3,3.895e-20,1.638e-23,1.855e+2,7.431e+1,1.011e-8,2.367e+0,6.995e-8,1.258e-20,3.796e-22,3.557e-1,2.571e-20,6.030e-29,8.777e-20,8.865e-23,1.849e+0,2.091e-17,1.364e+0,2.529e-2,4.050e-20,6.795e+1,2.532e+1,,2.768e+1,6.429e-19,,2.732e-17,4.694e-4,,8.095e-20,,6.077e-19,,9.995e-19,,1.126e-1,,2.050e-17,,5.407e-8,1.330e-16
453.97,3.667e+2,7.365e-21,1.318e-27,1.088e-35,3.017e-20,,,2.598e-19,9.291e-20,,3.539e-15,1.094e-20,3.964e-9,1.027e-17,1.946e-21,6.638e-12,7.272e-21,4.263e-26,,9.775e-4,3.897e-20,2.110e-23,1.706e+2,6.924e+1,8.992e-9,2.372e+0,9.924e-8,1.263e-20,3.799e-22,2.897e-1,2.571e-20,6.031e-29,8.778e-20,8.866e-23,1.981e+0,2.088e-17,1.426e+0,1.966e-2,4.081e-20,6.831e+1,2.335e+1,,2.897e+1,6.433e-19,,2.735e-17,3.416e-4,,8.094e-20,,6.076e-19,,9.987e-19,,1.103e-1,,2.049e-17,,3.648e-8,1.331e-16
454,3.398e+2,7.371e-21,1.313e-27,5.681e-36,3.018e-20,,,2.600e-19,9.275e-20,,3.539e-15,1.095e-20,2.941e-9,1.027e-17,1.946e-21,9.449e-12,7.271e-21,4.325e-26,,6.802e-4,3.899e-20,3.061e-23,1.506e+2,6.299e+1,7.489e-9,2.373e+0,1.666e-7,1.271e-20,3.803e-22,2.115e-1,2.572e-20,6.031e-29,8.780e-20,8.867e-23,2.195e+0,2.084e-17,1.516e+0,1.338e-2,4.129e-20,6.846e+1,2.054e+1,,3.082e+1,6.439e-19,,2.740e-17,2.105e-4,,8.092e-20,,6.075e-19,,9.975e-19,,1.108e-1,,2.049e-17,,2.007e-8,1.331e-16
454.02,3.242e+2,7.376e-21,1.309e-27,3.666e-36,3.018e-20,,,2.602e-19,9.264e-20,,3.538e-15,1.096e-20,2.399e-9,1.027e-17,1.946e-21,1.190e-11,7.270e-21,4.367e-26,,5.316e-4,3.901e-20,3.906e-23,1.387e+2,5.979e+1,6.598e-9,2.370e+0,2.341e-7,1.276e-20,3.807e-22,1.706e-1,2.572e-20,6.032e-29,8.782e-20,8.868e-23,2.347e+0,2.081e-17,1.573e+0,1.031e-2,4.161e-20,6.830e+1,1.877e+1,,3.198e+1,6.443e-19,,2.743e-17,1.517e-4,,8.090e-20,,6.075e-19,,9.967e-19,,1.139e-1,,2.048e-17,,1.342e-8,1.331e-16
454.05,3.041e+2,7.382e-21,1.303e-27,1.887e-36,3.019e-20,,,2.604e-19,9.247e-20,,3.538e-15,1.098e-20,1.755e-9,1.027e-17,1.946e-21,1.671e-11,7.269e-21,4.430e-26,,3.648e-4,3.903e-20,5.590e-23,1.231e+2,5.653e+1,5.419e-9,2.358e+0,3.876e-7,1.284e-20,3.811e-22,1.228e-1,2.573e-20,6.032e-29,8.784e-20,8.869e-23,2.585e+0,2.077e-17,1.653e+0,6.931e-3,4.208e-20,6.768e+1,1.630e+1,,3.357e+1,6.448e-19,,2.747e-17,9.222e-5,,8.088e-20,,6.074e-19,,9.955e-19,,1.227e-1,,2.048e-17,,7.281e-9,1.331e-16
454.07,2.929e+2,7.386e-21,1.299e-27,1.206e-36,3.020e-20,,,2.606e-19,9.236e-20,,3.538e-15,1.099e-20,1.418e-9,1.027e-17,1.946e-21,2.085e-11,7.268e-21,4.471e-26,,2.825e-4,3.904e-20,7.066e-23,1.142e+2,5.543e+1,4.731e-9,2.344e+0,5.398e-7,1.289e-20,3.814e-22,9.818e-2,2.574e-20,6.033e-29,8.785e-20,8.870e-23,2.750e+0,2.075e-17,1.702e+0,5.304e-3,4.240e-20,6.702e+1,1.477e+1,,3.452e+1,6.452e-19,,2.750e-17,6.585e-5,,8.087e-20,,6.074e-19,,9.946e-19,,1.315e-1,,2.047e-17,,4.821e-9,1.332e-16
454.1,2.796e+2,7.393e-21,1.294e-27,6.122e-37,3.020e-20,,,2.609e-19,9.220e-20,,3.537e-15,1.100e-20,1.023e-9,1.026e-17,1.947e-21,2.887e-11,7.267e-21,4.534e-26,,1.911e-4,3.907e-20,9.974e-23,1.027e+2,5.549e+1,3.831e-9,2.317e+0,8.814e-7,1.296e-20,3.819e-22,6.969e-2,2.575e-20,6.033e-29,8.787e-20,8.871e-23,3.004e+0,2.071e-17,1.771e+0,3.544e-3,4.288e-20,6.567e+1,1.266e+1,,3.576e+1,6.458e-19,,2.755e-17,3.946e-5,,8.085e-20,,6.073e-19,,9.934e-19,,1.492e-1,,2.047e-17,,2.579e-9,1.332e-16
454.12,2.729e+2,7.397e-21,1.290e-27,3.877e-37,3.021e-20,,,2.610e-19,9.209e-20,,3.537e-15,1.101e-20,8.191e-10,1.026e-17,1.947e-21,3.569e-11,7.267e-21,4.576e-26,,1.466e-4,3.908e-20,1.249e-22,9.633e+1,5.673e+1,3.313e-9,2.293e+0,1.216e-6,1.302e-20,3.822e-22,5.519e-2,2.575e-20,6.034e-29,8.789e-20,8.872e-23,3.174e+0,2.068e-17,1.813e+0,2.715e-3,4.319e-20,6.457e+1,1.137e+1,,3.644e+1,6.462e-19,,2.758e-17,2.792e-5,,8.084e-20,,6.072e-19,,9.926e-19,,1.643e-1,,2.046e-17,,1.692e-9,1.332e-16
454.15,2.663e+2,7.404e-21,1.284e-27,1.941e-37,3.022e-20,,,2.613e-19,9.192e-20,,3.536e-15,1.102e-20,5.827e-10,1.026e-17,1.947e-21,4.874e-11,7.266e-21,4.638e-26,,9.782e-5,3.911e-20,1.739e-22,8.855e+1,6.049e+1,2.646e-9,2.250e+0,1.959e-6,1.309e-20,3.827e-22,3.863e-2,2.576e-20,6.034e-29,8.791e-20,8.874e-23,3.429e+0,2.064e-17,1.869e+0,1.849e-3,4.367e-20,6.261e+1,9.618e+0,,3.724e+1,6.468e-19,,2.762e-17,1.650e-5,,8.082e-20,,6.071e-19,,9.914e-19,,1.918e-1,,2.046e-17,,8.927e-10,1.333e-16
454.17,2.641e+2,7.408e-21,1.280e-27,1.218e-37,3.022e-20,,,2.615e-19,9.181e-20,,3.536e-15,1.103e-20,4.622e-10,1.026e-17,1.947e-21,5.971e-11,7.265e-21,4.680e-26,,7.434e-5,3.912e-20,2.158e-22,8.446e+1,6.434e+1,2.267e-9,2.216e+0,2.678e-6,1.314e-20,3.830e-22,3.031e-2,2.576e-20,6.035e-29,8.792e-20,8.875e-23,3.596e+0,2.062e-17,1.903e+0,1.465e-3,4.399e-20,6.114e+1,8.564e+0,,3.762e+1,6.471e-19,,2.765e-17,1.156e-5,,8.080e-20,,6.071e-19,,9.905e-19,,2.137e-1,,2.045e-17,,5.801e-10,1.333e-16
454.19,2.636e+2,7.412e-21,1.277e-27,7.612e-38,3.023e-20,,,2.616e-19,9.170e-20,,3.536e-15,1.104e-20,3.653e-10,1.026e-17,1.947e-21,7.288e-11,7.264e-21,4.722e-26,,5.629e-5,3.914e-20,2.668e-22,8.119e+1,6.930e+1,1.936e-9,2.178e+0,3.649e-6,1.319e-20,3.833e-22,2.370e-2,2.577e-20,6.035e-29,8.794e-20,8.876e-23,3.759e+0,2.059e-17,1.935e+0,1.203e-3,4.431e-20,5.955e+1,7.599e+0,,3.786e+1,6.475e-19,,2.768e-17,8.074e-6,,8.079e-20,,6.070e-19,,9.897e-19,,2.384e-1,,2.045e-17,,3.756e-10,1.333e-16
454.22,2.662e+2,7.419e-21,1.271e-27,3.736e-38,3.024e-20,,,2.619e-19,9.154e-20,,3.535e-15,1.106e-20,2.548e-10,1.026e-17,1.947e-21,9.761e-11,7.263e-21,4.784e-26,,3.683e-5,3.916e-20,3.643e-22,7.765e+1,7.894e+1,1.516e-9,2.114e+0,5.764e-6,1.327e-20,3.838e-22,1.626e-2,2.578e-20,6.036e-29,8.796e-20,8.877e-23,3.992e+0,2.055e-17,1.977e+0,9.982e-4,4.478e-20,5.699e+1,6.311e+0,,3.797e+1,6.481e-19,,2.773e-17,4.678e-6,,8.077e-20,,6.070e-19,,9.885e-19,,2.811e-1,,2.045e-17,,1.943e-10,1.333e-16
454.24,2.702e+2,7.423e-21,1.267e-27,2.314e-38,3.024e-20,,,2.621e-19,9.143e-20,,3.535e-15,1.107e-20,1.995e-10,1.026e-17,1.947e-21,1.181e-10,7.262e-21,4.826e-26,,2.762e-5,3.918e-20,4.463e-22,7.612e+1,8.691e+1,1.282e-9,2.067e+0,7.781e-6,1.332e-20,3.841e-22,1.260e-2,2.578e-20,6.036e-29,8.797e-20,8.878e-23,4.137e+0,2.053e-17,2.003e+0,9.717e-4,4.510e-20,5.519e+1,5.551e+0,,3.788e+1,6.485e-19,,2.776e-17,3.236e-6,,8.076e-20,,6.069e-19,,9.877e-19,,3.134e-1,,2.044e-17,,1.246e-10,1.334e-16
454.27,2.794e+2,7.429e-21,1.261e-27,1.120e-38,3.025e-20,,,2.623e-19,9.126e-20,,3.535e-15,1.108e-20,1.372e-10,1.026e-17,1.947e-21,1.559e-10,7.261e-21,4.889e-26,,1.782e-5,3.920e-20,6.010e-22,7.494e+1,1.013e+2,9.902e-10,1.991e+0,1.212e-5,1.340e-20,3.845e-22,8.525e-3,2.579e-20,6.036e-29,8.799e-20,8.879e-23,4.337e+0,2.049e-17,2.038e+0,1.091e-3,4.558e-20,5.238e+1,4.549e+0,,3.748e+1,6.490e-19,,2.780e-17,1.849e-6,,8.074e-20,,6.068e-19,,9.865e-19,,3.677e-1,,2.044e-17,,6.357e-11,1.334e-16
454.29,2.877e+2,7.434e-21,1.257e-27,6.871e-39,3.026e-20,,,2.625e-19,9.115e-20,,3.534e-15,1.109e-20,1.065e-10,1.026e-17,1.948e-21,1.868e-10,7.261e-21,4.931e-26,,1.324e-5,3.922e-20,7.295e-22,7.479e+1,1.126e+2,8.297e-10,1.936e+0,1.621e-5,1.345e-20,3.848e-22,6.541e-3,2.579e-20,6.037e-29,8.801e-20,8.880e-23,4.456e+0,2.046e-17,2.061e+0,1.285e-3,4.589e-20,5.047e+1,3.966e+0,,3.706e+1,6.494e-19,,2.783e-17,1.267e-6,,8.072e-20,,6.068e-19,,9.856e-19,,4.078e-1,,2.043e-17,,4.039e-11,1.334e-16
454.32,3.035e+2,7.440e-21,1.252e-27,3.279e-39,3.026e-20,,,2.627e-19,9.099e-20,,3.534e-15,1.110e-20,7.221e-11,1.026e-17,1.948e-21,2.434e-10,7.260e-21,4.993e-26,,8.426e-6,3.924e-20,9.688e-22,7.542e+1,1.321e+2,6.319e-10,1.849e+0,2.491e-5,1.352e-20,3.853e-22,4.365e-3,2.580e-20,6.037e-29,8.803e-20,8.881e-23,4.609e+0,2.042e-17,2.096e+0,1.778e-3,4.637e-20,4.759e+1,3.208e+0,,3.618e+1,6.500e-19,,2.788e-17,7.140e-7,,8.070e-20,,6.067e-19,,9.844e-19,,4.738e-1,,2.043e-17,,2.032e-11,1.334e-16
454.34,3.162e+2,7.445e-21,1.248e-27,1.993e-39,3.027e-20,,,2.629e-19,9.088e-20,,3.534e-15,1.111e-20,5.549e-11,1.026e-17,1.948e-21,2.890e-10,7.259e-21,5.035e-26,,6.204e-6,3.926e-20,1.165e-21,7.632e+1,1.469e+2,5.246e-10,1.788e+0,3.301e-5,1.357e-20,3.856e-22,3.318e-3,2.581e-20,6.038e-29,8.804e-20,8.882e-23,4.693e+0,2.040e-17,2.119e+0,2.274e-3,4.669e-20,4.568e+1,2.772e+0,,3.545e+1,6.504e-19,,2.791e-17,4.848e-7,,8.069e-20,,6.066e-19,,9.836e-19,,5.217e-1,,2.042e-17,,1.279e-11,1.335e-16
454.37,3.386e+2,7.451e-21,1.242e-27,9.380e-40,3.028e-20,,,2.632e-19,9.071e-20,,3.533e-15,1.113e-20,3.712e-11,1.026e-17,1.948e-21,3.713e-10,7.258e-21,5.097e-26,,3.892e-6,3.928e-20,1.526e-21,7.827e+1,1.719e+2,3.940e-10,1.694e+0,5.002e-5,1.365e-20,3.861e-22,2.184e-3,2.581e-20,6.038e-29,8.806e-20,8.884e-23,4.790e+0,2.036e-17,2.157e+0,3.352e-3,4.716e-20,4.285e+1,2.213e+0,,3.416e+1,6.509e-19,,2.795e-17,2.693e-7,,8.067e-20,,6.065e-19,,9.824e-19,,5.991e-1,,2.042e-17,,6.342e-12,1.335e-16
454.39,3.557e+2,7.455e-21,1.238e-27,5.649e-40,3.028e-20,,,2.633e-19,9.060e-20,,3.533e-15,1.114e-20,2.826e-11,1.026e-17,1.948e-21,4.368e-10,7.257e-21,5.139e-26,,2.839e-6,3.930e-20,1.819e-21,7.992e+1,1.903e+2,3.241e-10,1.630e+0,6.569e-5,1.370e-20,3.864e-22,1.645e-3,2.582e-20,6.039e-29,8.807e-20,8.885e-23,4.833e+0,2.033e-17,2.185e+0,4.359e-3,4.748e-20,4.102e+1,1.896e+0,,3.317e+1,6.513e-19,,2.798e-17,1.811e-7,,8.066e-20,,6.065e-19,,9.815e-19,,6.542e-1,,2.041e-17,,3.955e-12,1.335e-16
454.42,3.844e+2,7.462e-21,1.233e-27,2.621e-40,3.029e-20,,,2.636e-19,9.044e-20,,3.533e-15,1.115e-20,1.864e-11,1.026e-17,1.948e-21,5.534e-10,7.256e-21,5.202e-26,,1.756e-6,3.932e-20,2.349e-21,8.280e+1,2.208e+2,2.400e-10,1.532e+0,9.818e-5,1.378e-20,3.869e-22,1.067e-3,2.583e-20,6.039e-29,8.810e-20,8.886e-23,4.865e+0,2.029e-17,2.233e+0,6.460e-3,4.796e-20,3.838e+1,1.493e+0,,3.153e+1,6.519e-19,,2.803e-17,9.923e-8,,8.064e-20,,6.064e-19,,9.803e-19,,7.415e-1,,2.041e-17,,1.934e-12,1.336e-16
454.44,4.056e+2,7.466e-21,1.229e-27,1.564e-40,3.030e-20,,,2.638e-19,9.033e-20,,3.532e-15,1.116e-20,1.406e-11,1.026e-17,1.948e-21,6.451e-10,7.255e-21,5.244e-26,,1.269e-6,3.934e-20,2.774e-21,8.494e+1,2.430e+2,1.956e-10,1.465e+0,1.277e-4,1.383e-20,3.872e-22,7.964e-4,2.583e-20,6.040e-29,8.811e-20,8.887e-23,4.864e+0,2.026e-17,2.268e+0,8.376e-3,4.828e-20,3.670e+1,1.268e+0,,3.034e+1,6.523e-19,,2.806e-17,6.612e-8,,8.062e-20,,6.064e-19,,9.795e-19,,8.026e-1,,2.041e-17,,1.195e-12,1.336e-16
454.47,4.404e+2,7.473e-21,1.223e-27,7.157e-41,3.030e-20,,,2.640e-19,9.016e-20,,3.532e-15,1.117e-20,9.148e-12,1.026e-17,1.948e-21,8.062e-10,7.254e-21,5.306e-26,,7.741e-7,3.936e-20,3.534e-21,8.841e+1,2.788e+2,1.428e-10,1.366e+0,1.883e-4,1.390e-20,3.876e-22,5.097e-4,2.584e-20,6.040e-29,8.813e-20,8.888e-23,4.829e+0,2.023e-17,2.329e+0,1.230e-2,4.875e-20,3.433e+1,9.855e-1,,2.846e+1,6.528e-19,,2.810e-17,3.572e-8,,8.060e-20,,6.063e-19,,9.783e-19,,8.977e-1,,2.040e-17,,5.762e-13,1.336e-16
454.49,4.654e+2,7.477e-21,1.219e-27,4.230e-41,3.031e-20,,,2.642e-19,9.005e-20,,3.532e-15,1.118e-20,6.836e-12,1.026e-17,1.949e-21,9.310e-10,7.254e-21,5.348e-26,,5.542e-7,3.937e-20,4.134e-21,9.085e+1,3.043e+2,1.153e-10,1.300e+0,2.428e-4,1.395e-20,3.879e-22,3.767e-4,2.584e-20,6.041e-29,8.814e-20,8.889e-23,4.784e+0,2.020e-17,2.374e+0,1.582e-2,4.907e-20,3.285e+1,8.295e-1,,2.715e+1,6.532e-19,,2.813e-17,2.358e-8,,8.059e-20,,6.062e-19,,9.775e-19,,9.628e-1,,2.040e-17,,3.527e-13,1.336e-16
454.52,5.054e+2,7.483e-21,1.214e-27,1.909e-41,3.032e-20,,,2.644e-19,8.989e-20,,3.531e-15,1.120e-20,4.385e-12,1.026e-17,1.949e-21,1.147e-9,7.252e-21,5.411e-26,,3.334e-7,3.940e-20,5.194e-21,9.465e+1,3.447e+2,8.306e-11,1.202e+0,3.530e-4,1.403e-20,3.884e-22,2.377e-4,2.585e-20,6.041e-29,8.817e-20,8.891e-23,4.685e+0,2.016e-17,2.450e+0,2.293e-2,4.955e-20,3.080e+1,6.362e-1,,2.512e+1,6.538e-19,,2.818e-17,1.256e-8,,8.057e-20,,6.061e-19,,9.762e-19,,1.062e+0,,2.039e-17,,1.677e-13,1.337e-16
454.54,5.335e+2,7.488e-21,1.210e-27,1.118e-41,3.032e-20,,,2.646e-19,8.978e-20,,3.531e-15,1.121e-20,3.246e-12,1.026e-17,1.949e-21,1.313e-9,7.252e-21,5.452e-26,,2.365e-7,3.941e-20,6.021e-21,9.723e+1,3.730e+2,6.643e-11,1.138e+0,4.509e-4,1.408e-20,3.887e-22,1.741e-4,2.586e-20,6.042e-29,8.818e-20,8.891e-23,4.599e+0,2.013e-17,2.506e+0,2.923e-2,4.986e-20,2.955e+1,5.307e-1,,2.375e+1,6.542e-19,,2.821e-17,8.214e-9,,8.056e-20,,6.061e-19,,9.754e-19,,1.129e+0,,2.039e-17,,1.017e-13,1.337e-16
454.56,5.627e+2,7.492e-21,1.206e-27,6.520e-42,3.033e-20,,,2.648e-19,8.967e-20,,3.531e-15,1.122e-20,2.394e-12,1.026e-17,1.949e-21,1.497e-9,7.251e-21,5.494e-26,,1.671e-7,3.943e-20,6.953e-21,9.983e+1,4.022e+2,5.293e-11,1.075e+0,5.739e-4,1.413e-20,3.890e-22,1.270e-4,2.586e-20,6.042e-29,8.819e-20,8.892e-23,4.498e+0,2.011e-17,2.566e+0,3.714e-2,5.018e-20,2.840e+1,4.411e-1,,2.237e+1,6.546e-19,,2.824e-17,5.352e-9,,8.054e-20,,6.060e-19,,9.746e-19,,1.196e+0,,2.038e-17,,6.142e-14,1.337e-16
454.59,6.079e+2,7.499e-21,1.200e-27,2.885e-42,3.034e-20,,,2.650e-19,8.950e-20,,3.530e-15,1.123e-20,1.506e-12,1.026e-17,1.949e-21,1.809e-9,7.250e-21,5.557e-26,,9.856e-8,3.945e-20,8.569e-21,1.037e+2,4.473e+2,3.739e-11,9.833e-1,8.183e-4,1.421e-20,3.895e-22,7.861e-5,2.587e-20,6.042e-29,8.821e-20,8.894e-23,4.320e+0,2.007e-17,2.663e+0,5.281e-2,5.066e-20,2.685e+1,3.321e-1,,2.032e+1,6.551e-19,,2.828e-17,2.795e-9,,8.053e-20,,6.060e-19,,9.734e-19,,1.294e+0,,2.038e-17,,2.863e-14,1.338e-16
454.61,6.388e+2,7.503e-21,1.197e-27,1.667e-42,3.034e-20,,,2.652e-19,8.939e-20,,3.530e-15,1.124e-20,1.101e-12,1.026e-17,1.949e-21,2.044e-9,7.249e-21,5.598e-26,,6.900e-8,3.947e-20,9.805e-21,1.063e+2,4.780e+2,2.951e-11,9.242e-1,1.032e-3,1.426e-20,3.898e-22,5.682e-5,2.587e-20,6.043e-29,8.823e-20,8.895e-23,4.186e+0,2.004e-17,2.732e+0,6.648e-2,5.097e-20,2.594e+1,2.736e-1,,1.898e+1,6.555e-19,,2.831e-17,1.804e-9,,8.051e-20,,6.059e-19,,9.725e-19,,1.358e+0,,2.037e-17,,1.713e-14,1.338e-16
454.64,6.857e+2,7.509e-21,1.191e-27,7.029e-43,3.035e-20,,,2.655e-19,8.923e-20,,3.529e-15,1.125e-20,6.828e-13,1.026e-17,1.949e-21,2.437e-9,7.248e-21,5.661e-26,,4.013e-8,3.949e-20,1.192e-20,1.102e+2,5.244e+2,2.056e-11,8.391e-1,1.451e-3,1.434e-20,3.903e-22,3.467e-5,2.588e-20,6.043e-29,8.825e-20,8.896e-23,3.965e+0,2.000e-17,2.841e+0,9.324e-2,5.145e-20,2.475e+1,2.032e-1,,1.702e+1,6.561e-19,,2.836e-17,9.293e-10,,8.049e-20,,6.058e-19,,9.713e-19,,1.449e+0,,2.037e-17,,7.877e-15,1.338e-16
454.66,7.171e+2,7.514e-21,1.187e-27,4.027e-43,3.035e-20,,,2.656e-19,8.912e-20,,3.529e-15,1.126e-20,4.943e-13,1.026e-17,1.949e-21,2.727e-9,7.248e-21,5.703e-26,,2.783e-8,3.951e-20,1.351e-20,1.127e+2,5.553e+2,1.608e-11,7.849e-1,1.814e-3,1.439e-20,3.906e-22,2.483e-5,2.589e-20,6.044e-29,8.826e-20,8.897e-23,3.807e+0,1.998e-17,2.915e+0,1.163e-1,5.177e-20,2.407e+1,1.660e-1,,1.575e+1,6.565e-19,,2.839e-17,5.943e-10,,8.048e-20,,6.058e-19,,9.705e-19,,1.506e+0,,2.037e-17,,4.670e-15,1.338e-16
454.69,7.635e+2,7.520e-21,1.181e-27,1.734e-43,3.036e-20,,,2.659e-19,8.895e-20,,3.529e-15,1.128e-20,3.024e-13,1.026e-17,1.950e-21,3.207e-9,7.247e-21,5.765e-26,,1.596e-8,3.953e-20,1.620e-20,1.163e+2,6.009e+2,1.104e-11,7.077e-1,2.516e-3,1.446e-20,3.910e-22,1.494e-5,2.589e-20,6.044e-29,8.828e-20,8.898e-23,3.558e+0,1.994e-17,3.027e+0,1.609e-1,5.224e-20,2.321e+1,1.216e-1,,1.395e+1,6.570e-19,,2.843e-17,3.018e-10,,8.046e-20,,6.057e-19,,9.693e-19,,1.586e+0,,2.036e-17,,2.117e-15,1.339e-16
454.71,7.937e+2,7.524e-21,1.178e-27,9.843e-44,3.037e-20,,,2.661e-19,8.884e-20,,3.528e-15,1.129e-20,2.169e-13,1.026e-17,1.950e-21,3.556e-9,7.246e-21,5.807e-26,,1.097e-8,3.955e-20,1.819e-20,1.187e+2,6.304e+2,8.558e-12,6.590e-1,3.115e-3,1.451e-20,3.914e-22,1.060e-5,2.590e-20,6.045e-29,8.830e-20,8.899e-23,3.385e+0,1.991e-17,3.102e+0,1.988e-1,5.256e-20,2.274e+1,9.843e-2,,1.281e+1,6.574e-19,,2.846e-17,1.912e-10,,1.412e-19,,6.056e-19,,9.685e-19,,1.633e+0,,2.036e-17,,1.243e-15,1.339e-16
454.74,8.372e+2,7.531e-21,1.172e-27,5.201e-41,3.038e-20,,,2.663e-19,8.868e-20,,3.528e-15,1.130e-20,1.308e-13,1.026e-17,1.950e-21,4.124e-9,7.245e-21,5.870e-26,,6.204e-9,3.957e-20,2.151e-20,1.220e+2,6.729e+2,5.796e-12,5.905e-1,4.261e-3,1.459e-20,3.918e-22,6.290e-6,2.591e-20,6.045e-29,8.832e-20,8.900e-23,3.120e+0,1.987e-17,3.210e+0,2.713e-1,5.304e-20,2.218e+1,7.118e-2,,1.120e+1,6.580e-19,,2.851e-17,9.575e-11,,3.259e-19,,6.056e-19,,9.672e-19,,1.695e+0,,2.035e-17,,5.557e-16,1.339e-16
454.76,8.647e+2,7.535e-21,1.168e-27,8.662e-41,3.038e-20,,,2.665e-19,8.857e-20,,3.528e-15,1.131e-20,9.296e-14,1.026e-17,1.950e-21,4.531e-9,7.244e-21,5.912e-26,,4.223e-9,3.959e-20,2.394e-20,1.242e+2,6.995e+2,4.450e-12,5.479e-1,5.227e-3,1.464e-20,3.921e-22,4.421e-6,2.591e-20,6.046e-29,8.833e-20,8.901e-23,2.941e+0,1.985e-17,3.279e+0,3.322e-1,5.336e-20,2.190e+1,5.709e-2,,1.021e+1,6.584e-19,,2.854e-17,6.010e-11,,5.667e-19,,6.055e-19,,9.664e-19,,1.730e+0,,2.035e-17,,3.233e-16,1.339e-16
454.79,9.028e+2,7.542e-21,1.162e-27,1.385e-40,3.039e-20,,,2.667e-19,8.840e-20,,3.527e-15,1.133e-20,5.529e-14,1.026e-17,1.950e-21,5.182e-9,7.243e-21,5.974e-26,,2.355e-9,3.961e-20,2.792e-20,1.273e+2,7.363e+2,2.972e-12,4.886e-1,7.053e-3,1.472e-20,3.926e-22,2.587e-6,2.592e-20,6.046e-29,8.835e-20,8.903e-23,2.675e+0,1.981e-17,3.373e+0,4.470e-1,5.383e-20,2.159e+1,4.073e-2,,8.835e+0,6.589e-19,,2.858e-17,2.968e-11,,1.291e-18,,6.054e-19,,9.652e-19,,1.772e+0,,2.034e-17,,1.425e-16,1.340e-16
454.81,9.258e+2,7.546e-21,1.159e-27,1.731e-40,3.039e-20,,,2.669e-19,8.829e-20,,3.527e-15,1.133e-20,3.893e-14,1.026e-17,1.950e-21,5.641e-9,7.242e-21,6.016e-26,,1.589e-9,3.963e-20,3.078e-20,1.292e+2,7.584e+2,2.261e-12,4.522e-1,8.573e-3,1.477e-20,3.929e-22,1.801e-6,2.592e-20,6.047e-29,8.837e-20,8.904e-23,2.500e+0,1.978e-17,3.430e+0,5.423e-1,5.415e-20,2.146e+1,3.238e-2,,8.000e+0,6.593e-19,,2.861e-17,1.845e-11,,2.224e-18,,6.054e-19,,9.644e-19,,1.791e+0,,2.034e-17,,8.213e-17,1.340e-16
454.84,9.561e+2,7.553e-21,1.153e-27,2.251e-40,3.040e-20,,,2.672e-19,8.813e-20,,3.527e-15,1.135e-20,2.283e-14,1.026e-17,1.950e-21,6.363e-9,7.241e-21,6.079e-26,,8.737e-10,3.965e-20,3.540e-20,1.319e+2,7.873e+2,1.489e-12,4.022e-1,1.141e-2,1.484e-20,3.934e-22,1.039e-6,2.593e-20,6.047e-29,8.839e-20,8.905e-23,2.244e+0,1.974e-17,3.501e+0,7.198e-1,5.463e-20,2.134e+1,2.279e-2,,6.868e+0,6.599e-19,,2.866e-17,8.985e-12,,4.995e-18,,6.053e-19,,9.631e-19,,1.809e+0,,2.033e-17,,3.569e-17,1.340e-16
454.86,9.732e+2,7.557e-21,1.149e-27,2.597e-40,3.041e-20,,,2.673e-19,8.802e-20,,3.526e-15,1.136e-20,1.593e-14,1.026e-17,1.950e-21,6.864e-9,7.241e-21,6.120e-26,,5.837e-10,3.967e-20,3.868e-20,1.336e+2,8.034e+2,1.122e-12,3.720e-1,1.374e-2,1.489e-20,3.937e-22,7.171e-7,2.594e-20,6.048e-29,8.840e-20,8.906e-23,2.079e+0,1.971e-17,3.539e+0,8.653e-1,5.494e-20,2.132e+1,1.795e-2,,6.192e+0,6.603e-19,,2.869e-17,5.535e-12,,8.527e-18,,6.052e-19,,9.623e-19,,1.812e+0,,2.033e-17,,2.038e-17,1.341e-16
454.89,9.939e+2,7.563e-21,1.143e-27,3.116e-40,3.042e-20,,,2.676e-19,8.785e-20,,3.526e-15,1.137e-20,9.212e-15,1.026e-17,1.951e-21,7.636e-9,7.239e-21,6.183e-26,,3.166e-10,3.969e-20,4.387e-20,1.359e+2,8.226e+2,7.289e-13,3.313e-1,1.804e-2,1.497e-20,3.942e-22,4.080e-7,2.594e-20,6.048e-29,8.842e-20,8.907e-23,1.844e+0,1.968e-17,3.579e+0,1.133e+0,5.542e-20,2.135e+1,1.247e-2,,5.296e+0,6.609e-19,,2.873e-17,2.657e-12,,1.889e-17,,6.051e-19,,9.611e-19,,1.805e+0,,2.032e-17,,8.734e-18,1.341e-16
454.91,1.004e+3,7.568e-21,1.140e-27,3.462e-40,3.042e-20,,,2.677e-19,8.774e-20,,3.526e-15,1.138e-20,6.365e-15,1.026e-17,1.951e-21,8.161e-9,7.239e-21,6.225e-26,,2.095e-10,3.970e-20,4.750e-20,1.373e+2,8.318e+2,5.441e-13,3.071e-1,2.152e-2,1.502e-20,3.945e-22,2.789e-7,2.595e-20,6.048e-29,8.844e-20,8.908e-23,1.696e+0,1.965e-17,3.593e+0,1.349e+0,5.574e-20,2.140e+1,9.735e-3,,4.773e+0,6.612e-19,,2.876e-17,1.622e-12,,3.196e-17,,6.051e-19,,9.603e-19,,1.791e+0,,2.032e-17,,8.714e-18,1.341e-16
454.94,1.014e+3,7.574e-21,1.134e-27,3.981e-40,3.043e-20,,,2.680e-19,8.758e-20,,3.525e-15,1.140e-20,3.631e-15,1.026e-17,1.951e-21,8.954e-9,7.238e-21,6.287e-26,,1.121e-10,3.973e-20,5.313e-20,1.392e+2,8.399e+2,3.486e-13,2.752e-1,2.787e-2,1.510e-20,3.949e-22,1.565e-7,2.596e-20,6.049e-29,8.846e-20,8.910e-23,1.489e+0,1.961e-17,3.595e+0,1.742e+0,5.621e-20,2.152e+1,6.670e-3,,4.096e+0,6.618e-19,,2.881e-17,7.678e-13,,6.986e-17,,6.050e-19,,9.590e-19,,1.759e+0,,2.031e-17,,8.685e-18,1.341e-16
454.96,1.016e+3,7.578e-21,1.130e-27,4.327e-40,3.044e-20,,,2.682e-19,8.747e-20,,3.525e-15,1.141e-20,2.485e-15,1.026e-17,1.951e-21,9.481e-9,7.237e-21,6.329e-26,,7.349e-11,3.974e-20,5.699e-20,1.403e+2,8.414e+2,2.578e-13,2.567e-1,3.295e-2,1.515e-20,3.952e-22,1.060e-7,2.596e-20,6.049e-29,8.847e-20,8.910e-23,1.361e+0,1.958e-17,3.583e+0,2.056e+0,5.653e-20,2.162e+1,5.160e-3,,3.713e+0,6.622e-19,,2.884e-17,4.642e-13,,1.171e-16,,6.050e-19,,9.582e-19,,1.730e+0,,2.031e-17,,8.666e-18,1.342e-16
454.98,1.015e+3,7.583e-21,1.126e-27,4.673e-40,3.044e-20,,,2.683e-19,8.736e-20,,3.525e-15,1.141e-20,1.695e-15,1.026e-17,1.951e-21,1.000e-8,7.236e-21,6.371e-26,,4.801e-11,3.976e-20,6.091e-20,1.413e+2,8.399e+2,1.900e-13,2.404e-1,3.881e-2,1.520e-20,3.955e-22,7.148e-8,2.597e-20,6.050e-29,8.848e-20,8.911e-23,1.243e+0,1.956e-17,3.560e+0,2.417e+0,5.685e-20,2.172e+1,3.978e-3,,3.381e+0,6.626e-19,,2.887e-17,2.796e-13,,1.956e-16,,6.049e-19,,9.574e-19,,1.696e+0,,2.031e-17,,8.647e-18,1.342e-16
455.01,1.009e+3,7.589e-21,1.120e-27,5.192e-40,3.045e-20,,,2.686e-19,8.719e-20,,3.524e-15,1.143e-20,9.482e-16,1.026e-17,1.951e-21,1.076e-8,7.235e-21,6.433e-26,,2.518e-11,3.978e-20,6.682e-20,1.425e+2,8.318e+2,1.193e-13,2.198e-1,4.929e-2,1.527e-20,3.960e-22,3.933e-8,2.597e-20,6.050e-29,8.851e-20,8.913e-23,1.082e+0,1.952e-17,3.504e+0,3.061e+0,5.733e-20,2.189e+1,2.674e-3,,2.973e+0,6.631e-19,,2.892e-17,1.298e-13,,4.194e-16,,6.048e-19,,9.562e-19,,1.633e+0,,2.030e-17,,8.618e-18,1.342e-16
455.03,1.000e+3,7.594e-21,1.117e-27,5.538e-40,3.045e-20,,,2.688e-19,8.708e-20,,3.524e-15,1.144e-20,6.407e-16,1.026e-17,1.951e-21,1.125e-8,7.235e-21,6.475e-26,,1.630e-11,3.980e-20,7.076e-20,1.431e+2,8.226e+2,8.712e-14,2.085e-1,5.753e-2,1.533e-20,3.963e-22,2.628e-8,2.598e-20,6.051e-29,8.852e-20,8.914e-23,9.871e-1,1.949e-17,3.453e+0,3.567e+0,5.764e-20,2.200e+1,2.043e-3,,2.757e+0,6.635e-19,,2.895e-17,7.746e-14,,6.942e-16,,6.048e-19,,9.554e-19,,1.586e+0,,2.030e-17,,8.599e-18,1.343e-16
455.06,9.824e+2,7.600e-21,1.111e-27,6.058e-40,3.046e-20,,,2.690e-19,8.692e-20,,3.523e-15,1.145e-20,3.534e-16,1.026e-17,1.951e-21,1.194e-8,7.233e-21,6.538e-26,,8.428e-12,3.982e-20,7.657e-20,1.438e+2,8.035e+2,5.397e-14,1.949e-1,7.205e-2,1.540e-20,3.968e-22,1.426e-8,2.599e-20,6.051e-29,8.854e-20,8.915e-23,8.625e-1,1.945e-17,3.357e+0,4.455e+0,5.812e-20,2.218e+1,1.355e-3,,2.509e+0,6.641e-19,,2.899e-17,3.546e-14,,1.468e-15,,6.047e-19,,9.541e-19,,1.506e+0,,2.029e-17,,8.570e-18,1.343e-16
455.08,9.670e+2,7.604e-21,1.107e-27,6.404e-40,3.047e-20,,,2.692e-19,8.681e-20,,3.523e-15,1.146e-20,2.366e-16,1.026e-17,1.952e-21,1.237e-8,7.233e-21,6.579e-26,,5.405e-12,3.984e-20,8.033e-20,1.441e+2,7.873e+2,3.903e-14,1.880e-1,8.333e-2,1.545e-20,3.971e-22,9.443e-9,2.599e-20,6.052e-29,8.855e-20,8.916e-23,7.915e-1,1.943e-17,3.281e+0,5.143e+0,5.844e-20,2.230e+1,1.026e-3,,2.390e+0,6.645e-19,,2.902e-17,2.096e-14,,2.408e-15,,6.046e-19,,9.533e-19,,1.449e+0,,2.029e-17,,8.550e-18,1.343e-16
455.11,9.392e+2,7.611e-21,1.101e-27,6.923e-40,3.048e-20,,,2.694e-19,8.664e-20,,3.523e-15,1.148e-20,1.287e-16,1.026e-17,1.952e-21,1.295e-8,7.232e-21,6.642e-26,,2.758e-12,3.986e-20,8.573e-20,1.442e+2,7.584e+2,2.384e-14,1.806e-1,1.029e-1,1.553e-20,3.976e-22,5.052e-9,2.600e-20,6.052e-29,8.857e-20,8.917e-23,7.030e-1,1.939e-17,3.149e+0,6.335e+0,5.891e-20,2.249e+1,6.710e-4,,2.275e+0,6.650e-19,,2.907e-17,9.462e-15,,5.023e-15,,6.046e-19,,9.521e-19,,1.358e+0,,2.028e-17,,8.521e-18,1.343e-16
455.13,9.178e+2,7.615e-21,1.098e-27,7.269e-40,3.048e-20,,,2.696e-19,8.653e-20,,3.522e-15,1.149e-20,8.534e-17,1.026e-17,1.952e-21,1.329e-8,7.231e-21,6.684e-26,,1.754e-12,3.988e-20,8.912e-20,1.441e+2,7.364e+2,1.709e-14,1.774e-1,1.180e-1,1.558e-20,3.979e-22,3.314e-9,2.600e-20,6.053e-29,8.859e-20,8.918e-23,6.560e-1,1.936e-17,3.051e+0,7.246e+0,5.923e-20,2.263e+1,5.034e-4,,2.237e+0,6.654e-19,,2.910e-17,5.542e-15,,8.164e-15,,6.045e-19,,9.513e-19,,1.294e+0,,2.028e-17,,8.502e-18,1.344e-16
455.16,8.821e+2,7.622e-21,1.092e-27,7.788e-40,3.049e-20,,,2.699e-19,8.637e-20,,3.522e-15,1.150e-20,4.577e-17,1.026e-17,1.952e-21,1.371e-8,7.230e-21,6.746e-26,,8.870e-13,3.990e-20,9.380e-20,1.436e+2,6.996e+2,1.029e-14,1.750e-1,1.437e-1,1.566e-20,3.983e-22,1.749e-9,2.601e-20,6.053e-29,8.861e-20,8.919e-23,6.031e-1,1.932e-17,2.890e+0,8.804e+0,5.971e-20,2.287e+1,3.249e-4,,2.229e+0,6.660e-19,,2.914e-17,2.467e-15,,1.680e-14,,6.044e-19,,9.500e-19,,1.196e+0,,2.027e-17,,8.473e-18,1.344e-16
455.18,8.562e+2,7.626e-21,1.088e-27,8.134e-40,3.049e-20,,,2.700e-19,8.626e-20,,3.522e-15,1.151e-20,3.008e-17,1.026e-17,1.952e-21,1.394e-8,7.229e-21,6.788e-26,,5.650e-13,3.992e-20,9.661e-20,1.430e+2,6.730e+2,7.307e-15,1.749e-1,1.632e-1,1.571e-20,3.987e-22,1.136e-9,2.602e-20,6.054e-29,8.862e-20,8.920e-23,5.795e-1,1.930e-17,2.776e+0,9.978e+0,6.002e-20,2.306e+1,2.415e-4,,2.253e+0,6.664e-19,,2.917e-17,1.431e-15,,2.705e-14,,6.044e-19,,9.492e-19,,1.129e+0,,2.027e-17,,8.454e-18,1.344e-16
455.21,8.148e+2,7.632e-21,1.082e-27,8.653e-40,3.050e-20,,,2.703e-19,8.609e-20,,3.521e-15,1.152e-20,1.591e-17,1.026e-17,1.952e-21,1.420e-8,7.228e-21,6.851e-26,,2.974e-13,3.994e-20,1.003e-19,1.419e+2,6.307e+2,4.341e-15,1.765e-1,1.961e-1,1.578e-20,3.991e-22,5.912e-10,2.603e-20,6.054e-29,8.864e-20,8.922e-23,5.610e-1,1.926e-17,2.595e+0,1.196e+1,6.050e-20,2.341e+1,1.537e-4,,2.328e+0,6.669e-19,,2.922e-17,6.282e-16,,5.491e-14,,6.043e-19,,9.480e-19,,1.030e+0,,2.027e-17,,8.425e-18,1.345e-16
455.23,7.861e+2,7.637e-21,1.079e-27,8.999e-40,3.051e-20,,,2.705e-19,8.598e-20,,3.521e-15,1.153e-20,1.036e-17,1.026e-17,1.952e-21,1.430e-8,7.227e-21,6.893e-26,,2.081e-13,3.996e-20,1.023e-19,1.409e+2,6.012e+2,3.053e-15,1.787e-1,2.206e-1,1.583e-20,3.994e-22,3.807e-10,2.603e-20,6.054e-29,8.866e-20,8.923e-23,5.598e-1,1.923e-17,2.470e+0,1.343e+1,6.082e-20,2.371e+1,1.133e-4,,2.401e+0,6.673e-19,,2.925e-17,3.611e-16,,8.763e-14,,6.042e-19,,9.472e-19,,9.635e-1,,2.026e-17,,8.406e-18,1.345e-16
455.26,7.417e+2,7.643e-21,1.073e-27,9.518e-40,3.052e-20,,,2.707e-19,8.582e-20,,3.520e-15,1.155e-20,5.401e-18,1.026e-17,1.952e-21,1.436e-8,7.226e-21,6.955e-26,,1.590e-13,3.998e-20,1.048e-19,1.392e+2,5.557e+2,1.789e-15,1.832e-1,2.614e-1,1.591e-20,3.999e-22,1.953e-10,2.604e-20,6.055e-29,8.868e-20,8.924e-23,5.744e-1,1.919e-17,2.278e+0,1.587e+1,6.130e-20,2.428e+1,7.112e-5,,2.538e+0,6.679e-19,,2.929e-17,1.563e-16,,1.754e-13,,6.042e-19,,9.460e-19,,8.665e-1,,2.026e-17,,8.377e-18,1.345e-16
455.28,7.117e+2,7.648e-21,1.069e-27,9.865e-40,3.052e-20,,,2.709e-19,8.571e-20,,3.520e-15,1.156e-20,3.484e-18,1.026e-17,1.953e-21,1.434e-8,7.226e-21,6.997e-26,,1.725e-13,4.000e-20,1.059e-19,1.377e+2,5.249e+2,1.247e-15,1.869e-1,2.914e-1,1.596e-20,4.002e-22,1.246e-10,2.604e-20,6.055e-29,8.869e-20,8.925e-23,5.948e-1,1.917e-17,2.149e+0,1.766e+1,6.161e-20,2.477e+1,5.192e-5,,2.646e+0,6.683e-19,,2.932e-17,8.899e-17,,2.774e-13,,6.041e-19,,9.451e-19,,8.038e-1,,2.025e-17,,8.357e-18,1.345e-16
455.31,6.669e+2,7.654e-21,1.063e-27,1.038e-39,3.053e-20,,,2.711e-19,8.554e-20,,3.520e-15,1.157e-20,1.792e-18,1.026e-17,1.953e-21,1.420e-8,7.225e-21,7.060e-26,,2.687e-13,4.002e-20,1.070e-19,1.353e+2,4.787e+2,7.209e-16,1.932e-1,3.406e-1,1.604e-20,4.007e-22,6.303e-11,2.605e-20,6.056e-29,8.871e-20,8.926e-23,6.409e-1,1.913e-17,1.956e+0,2.058e+1,6.209e-20,2.570e+1,3.216e-5,,2.826e+0,6.689e-19,,2.937e-17,,,5.479e-13,,6.040e-19,,9.439e-19,,7.134e-1,,2.025e-17,,8.328e-18,1.346e-16
455.33,6.374e+2,7.658e-21,1.060e-27,1.073e-39,3.053e-20,,,2.713e-19,8.543e-20,,3.519e-15,1.158e-20,1.145e-18,1.026e-17,1.953e-21,1.404e-8,7.224e-21,7.101e-26,,4.029e-13,4.003e-20,1.072e-19,1.334e+2,4.481e+2,4.985e-16,1.978e-1,3.762e-1,1.609e-20,4.010e-22,3.983e-11,2.606e-20,6.056e-29,8.873e-20,8.927e-23,6.817e-1,1.910e-17,1.829e+0,2.269e+1,6.241e-20,2.647e+1,2.326e-5,,2.957e+0,6.692e-19,,2.940e-17,,,8.585e-13,,6.040e-19,,9.431e-19,,6.561e-1,,2.024e-17,,8.309e-18,1.346e-16
455.35,6.084e+2,7.663e-21,1.056e-27,1.108e-39,3.054e-20,,,2.715e-19,8.532e-20,,3.519e-15,1.159e-20,7.288e-19,1.026e-17,1.953e-21,1.384e-8,7.223e-21,7.143e-26,,6.233e-13,4.005e-20,1.070e-19,1.314e+2,4.180e+2,3.441e-16,2.026e-1,4.140e-1,1.614e-20,4.013e-22,2.508e-11,2.606e-20,6.057e-29,8.874e-20,8.928e-23,7.304e-1,1.907e-17,1.704e+0,2.493e+1,6.272e-20,2.739e+1,1.677e-5,,3.094e+0,6.696e-19,,2.943e-17,,,1.340e-12,,6.039e-19,,9.423e-19,,6.015e-1,,2.024e-17,,8.290e-18,1.346e-16
455.38,5.666e+2,7.669e-21,1.050e-27,1.160e-39,3.055e-20,,,2.717e-19,8.516e-20,,3.519e-15,1.160e-20,3.676e-19,1.026e-17,1.953e-21,1.344e-8,7.222e-21,7.206e-26,,1.220e-12,4.007e-20,1.059e-19,1.280e+2,3.742e+2,1.977e-16,2.099e-1,4.747e-1,1.621e-20,4.018e-22,1.244e-11,2.607e-20,6.057e-29,8.876e-20,8.929e-23,8.176e-1,1.903e-17,1.522e+0,2.850e+1,6.320e-20,2.909e+1,1.019e-5,,3.309e+0,6.702e-19,,2.947e-17,,,2.597e-12,,6.038e-19,,9.411e-19,,5.249e-1,,2.023e-17,,8.261e-18,1.346e-16
455.4,5.400e+2,7.673e-21,1.046e-27,1.194e-39,3.055e-20,,,2.719e-19,8.505e-20,,3.518e-15,1.161e-20,2.318e-19,1.026e-17,1.953e-21,1.312e-8,7.222e-21,7.247e-26,,1.911e-12,4.009e-20,1.048e-19,1.255e+2,3.461e+2,1.381e-16,2.147e-1,5.176e-1,1.626e-20,4.021e-22,7.760e-12,2.607e-20,6.058e-29,8.878e-20,8.930e-23,8.849e-1,1.901e-17,1.405e+0,3.102e+1,6.352e-20,3.045e+1,7.276e-6,,3.456e+0,6.706e-19,,2.950e-17,,,4.017e-12,,6.038e-19,,9.402e-19,,4.777e-1,,2.023e-17,,8.242e-18,1.347e-16
455.43,5.025e+2,7.680e-21,1.041e-27,1.246e-39,3.056e-20,,,2.722e-19,8.488e-20,,3.518e-15,1.163e-20,1.153e-19,1.026e-17,1.953e-21,1.257e-8,7.220e-21,7.310e-26,,3.729e-12,4.011e-20,1.023e-19,1.215e+2,3.060e+2,8.502e-17,2.218e-1,5.853e-1,1.634e-20,4.025e-22,3.796e-12,2.608e-20,6.058e-29,8.880e-20,8.932e-23,9.987e-1,1.897e-17,1.239e+0,3.498e+1,6.399e-20,3.290e+1,4.361e-6,,3.682e+0,6.711e-19,,2.955e-17,,,7.677e-12,,6.037e-19,,9.390e-19,,4.129e-1,,2.023e-17,,8.213e-18,1.347e-16
455.45,4.792e+2,7.684e-21,1.037e-27,1.281e-39,3.057e-20,,,2.723e-19,8.477e-20,,3.518e-15,1.164e-20,7.204e-20,1.026e-17,1.953e-21,1.216e-8,7.220e-21,7.352e-26,,5.800e-12,4.013e-20,1.003e-19,1.186e+2,2.808e+2,6.669e-17,2.262e-1,6.323e-1,1.639e-20,4.028e-22,2.346e-12,2.609e-20,6.059e-29,8.881e-20,8.933e-23,1.083e+0,1.894e-17,1.135e+0,3.772e+1,6.431e-20,3.482e+1,3.086e-6,,3.833e+0,6.715e-19,,2.958e-17,,,1.177e-11,,6.036e-19,,9.382e-19,,3.738e-1,,2.022e-17,,8.193e-18,1.347e-16
455.48,4.472e+2,7.691e-21,1.031e-27,1.333e-39,3.057e-20,,,2.726e-19,8.461e-20,,3.517e-15,1.165e-20,3.533e-20,1.026e-17,1.954e-21,1.149e-8,7.219e-21,7.414e-26,,1.117e-11,4.015e-20,9.661e-20,1.140e+2,2.455e+2,5.822e-17,2.325e-1,7.052e-1,1.647e-20,4.033e-22,1.132e-12,2.609e-20,6.059e-29,8.883e-20,8.934e-23,1.220e+0,1.890e-17,9.885e-1,4.195e+1,6.479e-20,3.818e+1,1.824e-6,,4.062e+0,6.721e-19,,2.962e-17,,,2.219e-11,,6.036e-19,,9.370e-19,,3.214e-1,,2.022e-17,,8.164e-18,1.348e-16
455.5,4.279e+2,7.695e-21,1.027e-27,1.367e-39,3.058e-20,,,2.728e-19,8.450e-20,,3.517e-15,1.166e-20,2.187e-20,1.026e-17,1.954e-21,1.101e-8,7.218e-21,7.456e-26,,1.722e-11,4.017e-20,9.381e-20,1.108e+2,2.238e+2,6.406e-17,2.363e-1,7.549e-1,1.652e-20,4.036e-22,6.929e-13,2.610e-20,6.060e-29,8.885e-20,8.935e-23,1.318e+0,1.888e-17,8.983e-1,4.483e+1,6.511e-20,4.076e+1,1.279e-6,,4.214e+0,6.725e-19,,2.965e-17,,,3.370e-11,,6.035e-19,,9.361e-19,,2.906e-1,,2.021e-17,,8.145e-18,1.348e-16
455.53,4.022e+2,7.702e-21,1.022e-27,1.419e-39,3.059e-20,,,2.730e-19,8.433e-20,,3.517e-15,2.691e-20,1.058e-20,1.026e-17,1.954e-21,1.027e-8,7.217e-21,7.519e-26,,3.274e-11,4.019e-20,8.913e-20,1.058e+2,1.940e+2,9.210e-17,2.413e-1,8.303e-1,1.659e-20,4.041e-22,3.296e-13,2.611e-20,6.060e-29,8.887e-20,8.936e-23,1.473e+0,1.884e-17,7.745e-1,4.917e+1,6.558e-20,4.517e+1,7.459e-7,,4.442e+0,6.730e-19,,2.970e-17,,,6.267e-11,,6.034e-19,,9.349e-19,,2.507e-1,,2.021e-17,,8.116e-18,1.348e-16
455.55,3.871e+2,7.706e-21,1.018e-27,1.454e-39,3.059e-20,,,2.732e-19,8.422e-20,,3.516e-15,4.679e-20,6.487e-21,1.026e-17,1.954e-21,9.751e-9,7.216e-21,7.560e-26,,5.001e-11,4.021e-20,8.574e-20,1.023e+2,1.760e+2,1.274e-16,2.443e-1,8.807e-1,1.665e-20,4.044e-22,1.999e-13,2.611e-20,6.061e-29,8.888e-20,8.937e-23,1.582e+0,1.881e-17,6.998e-1,5.206e+1,6.590e-20,4.848e+1,5.182e-7,,4.593e+0,6.734e-19,,2.973e-17,,,9.433e-11,,6.034e-19,,9.341e-19,,2.281e-1,,2.020e-17,,8.097e-18,1.348e-16
455.58,3.678e+2,7.712e-21,1.012e-27,1.506e-39,3.060e-20,,,2.734e-19,8.406e-20,,3.516e-15,1.065e-19,3.094e-21,1.026e-17,1.954e-21,8.966e-9,7.215e-21,7.623e-26,,9.376e-11,4.023e-20,8.035e-20,9.700e+1,1.519e+2,2.176e-16,2.482e-1,9.555e-1,1.672e-20,4.049e-22,9.378e-14,2.612e-20,6.061e-29,8.890e-20,8.938e-23,1.751e+0,1.877e-17,5.995e-1,5.633e+1,6.638e-20,5.401e+1,2.981e-7,,4.822e+0,6.740e-19,,2.977e-17,,,1.730e-10,,6.033e-19,,9.329e-19,,2.003e-1,,2.020e-17,,8.068e-18,1.349e-16
455.6,3.571e+2,7.717e-21,1.008e-27,1.540e-39,3.061e-20,,,2.736e-19,8.395e-20,,3.516e-15,1.835e-19,1.880e-21,1.026e-17,1.954e-21,8.439e-9,7.214e-21,7.665e-26,,1.419e-10,4.025e-20,7.660e-20,9.337e+1,1.378e+2,3.144e-16,2.504e-1,1.004e+0,1.677e-20,4.052e-22,5.636e-14,2.612e-20,6.061e-29,8.891e-20,8.939e-23,1.866e+0,1.875e-17,5.405e-1,5.909e+1,6.669e-20,5.808e+1,2.052e-7,,4.975e+0,6.744e-19,,2.980e-17,,,2.581e-10,,6.032e-19,,9.321e-19,,1.857e-1,,2.019e-17,,8.049e-18,1.349e-16
455.63,3.442e+2,7.723e-21,1.002e-27,1.592e-39,3.062e-20,,,2.739e-19,8.378e-20,,3.515e-15,4.122e-19,8.841e-22,1.026e-17,1.954e-21,7.656e-9,7.213e-21,7.727e-26,,2.625e-10,4.027e-20,7.081e-20,8.785e+1,1.193e+2,5.469e-16,2.532e-1,1.074e+0,1.685e-20,4.056e-22,2.607e-14,2.613e-20,6.062e-29,8.894e-20,8.941e-23,2.040e+0,1.871e-17,4.637e-1,6.305e+1,6.717e-20,6.475e+1,1.164e-7,,5.209e+0,6.750e-19,,2.985e-17,,,4.669e-10,,6.032e-19,,9.308e-19,,1.695e-1,,2.019e-17,,8.020e-18,1.349e-16
455.65,3.375e+2,7.727e-21,9.987e-28,1.627e-39,3.062e-20,,,2.740e-19,8.367e-20,,3.515e-15,7.038e-19,5.322e-22,1.025e-17,1.954e-21,7.143e-9,7.213e-21,7.769e-26,,3.937e-10,4.029e-20,6.689e-20,8.415e+1,1.088e+2,7.890e-16,2.548e-1,1.119e+0,1.690e-20,4.059e-22,1.552e-14,2.614e-20,6.062e-29,8.895e-20,8.942e-23,2.156e+0,1.868e-17,4.203e-1,6.553e+1,6.749e-20,6.957e+1,7.940e-8,,5.369e+0,6.753e-19,,2.988e-17,,,6.901e-10,,6.031e-19,,9.300e-19,,1.624e-1,,2.018e-17,,8.000e-18,1.350e-16
455.68,3.304e+2,7.734e-21,9.930e-28,1.679e-39,3.063e-20,,,2.743e-19,8.351e-20,,3.514e-15,1.559e-18,2.468e-22,1.025e-17,1.955e-21,6.397e-9,7.212e-21,7.832e-26,,7.182e-10,4.031e-20,6.101e-20,7.862e+1,9.562e+1,1.360e-15,2.570e-1,1.181e+0,1.698e-20,4.064e-22,7.080e-15,2.614e-20,6.063e-29,8.897e-20,8.943e-23,2.328e+0,1.864e-17,3.666e-1,6.897e+1,6.796e-20,7.731e+1,4.442e-8,,5.616e+0,6.759e-19,,2.992e-17,,,1.232e-9,,6.030e-19,,9.288e-19,,1.574e-1,,2.018e-17,,7.971e-18,1.350e-16
455.7,3.275e+2,7.738e-21,9.892e-28,1.713e-39,3.063e-20,,,2.745e-19,8.340e-20,,3.514e-15,2.638e-18,1.472e-22,1.025e-17,1.955e-21,5.919e-9,7.211e-21,7.874e-26,,1.068e-9,4.033e-20,5.713e-20,7.495e+1,8.850e+1,1.946e-15,2.584e-1,1.218e+0,1.703e-20,4.067e-22,4.176e-15,2.615e-20,6.063e-29,8.898e-20,8.944e-23,2.439e+0,1.862e-17,3.383e-1,7.103e+1,6.828e-20,8.278e+1,3.002e-8,,5.788e+0,6.763e-19,,2.995e-17,,,1.804e-9,,6.030e-19,,9.280e-19,,1.576e-1,,2.018e-17,,7.952e-18,1.350e-16
455.72,3.259e+2,7.743e-21,9.854e-28,1.748e-39,3.064e-20,,,2.746e-19,8.329e-20,,3.514e-15,4.446e-18,8.745e-23,1.025e-17,1.955e-21,5.459e-9,7.210e-21,7.915e-26,,1.581e-9,4.034e-20,5.331e-20,7.134e+1,8.265e+1,2.776e-15,2.598e-1,1.252e+0,1.708e-20,4.070e-22,2.454e-15,2.615e-20,6.064e-29,8.900e-20,8.945e-23,2.547e+0,1.859e-17,3.161e-1,7.289e+1,6.860e-20,8.849e+1,2.022e-8,,5.967e+0,6.767e-19,,2.998e-17,,,2.632e-9,,6.029e-19,,9.271e-19,,1.607e-1,,2.017e-17,,7.933e-18,1.350e-16
455.75,3.258e+2,7.749e-21,9.797e-28,1.800e-39,3.065e-20,,,2.749e-19,8.312e-20,,3.513e-15,9.676e-18,3.977e-23,1.025e-17,1.955e-21,4.809e-9,7.209e-21,7.978e-26,,2.830e-9,4.037e-20,4.777e-20,6.603e+1,7.611e+1,4.696e-15,2.621e-1,1.296e+0,1.715e-20,4.075e-22,1.098e-15,2.616e-20,6.064e-29,8.902e-20,8.946e-23,2.700e+0,1.855e-17,2.941e-1,7.524e+1,6.908e-20,9.741e+1,1.110e-8,,6.250e+0,6.772e-19,,3.003e-17,,,4.608e-9,,6.028e-19,,9.259e-19,,1.707e-1,,2.017e-17,,7.904e-18,1.351e-16
455.77,3.271e+2,7.753e-21,9.758e-28,1.834e-39,3.065e-20,,,2.751e-19,8.301e-20,,3.513e-15,1.616e-17,2.341e-23,1.025e-17,1.955e-21,4.405e-9,7.208e-21,8.020e-26,,4.153e-9,4.038e-20,4.423e-20,6.259e+1,7.316e+1,6.638e-15,2.639e-1,1.321e+0,1.720e-20,4.078e-22,6.389e-16,2.617e-20,6.065e-29,8.903e-20,8.947e-23,2.795e+0,1.852e-17,2.871e-1,7.650e+1,6.939e-20,1.036e+2,7.403e-9,,6.451e+0,6.776e-19,,3.006e-17,,,6.663e-9,,6.028e-19,,9.251e-19,,1.809e-1,,2.016e-17,,7.885e-18,1.351e-16
455.8,3.309e+2,7.760e-21,9.701e-28,1.886e-39,3.066e-20,,,2.753e-19,8.285e-20,,3.513e-15,3.466e-17,1.050e-23,1.025e-17,1.955e-21,3.845e-9,7.207e-21,8.082e-26,,7.332e-9,4.040e-20,3.920e-20,5.761e+1,7.068e+1,1.108e-14,2.671e-1,1.348e+0,1.728e-20,4.083e-22,2.818e-16,2.617e-20,6.065e-29,8.905e-20,8.948e-23,2.924e+0,1.849e-17,2.882e-1,7.788e+1,6.987e-20,1.130e+2,4.007e-9,,6.771e+0,6.782e-19,,3.010e-17,,,1.151e-8,,6.027e-19,,9.239e-19,,2.013e-1,,2.016e-17,,7.856e-18,1.351e-16
455.82,3.346e+2,7.764e-21,9.663e-28,1.921e-39,3.067e-20,,,2.755e-19,8.274e-20,,3.512e-15,5.737e-17,6.123e-24,1.025e-17,1.955e-21,3.505e-9,7.207e-21,8.124e-26,,1.066e-8,4.042e-20,3.608e-20,5.443e+1,7.023e+1,1.552e-14,2.697e-1,1.361e+0,1.733e-20,4.086e-22,1.625e-16,2.618e-20,6.066e-29,8.907e-20,8.949e-23,3.001e+0,1.846e-17,2.969e-1,7.846e+1,7.019e-20,1.193e+2,2.649e-9,,6.998e+0,6.786e-19,,3.013e-17,,,1.649e-8,,6.026e-19,,9.231e-19,,2.184e-1,,2.015e-17,,7.836e-18,1.351e-16
455.85,3.414e+2,7.771e-21,9.606e-28,1.973e-39,3.067e-20,,,2.757e-19,8.257e-20,,3.512e-15,1.214e-16,2.708e-24,1.025e-17,1.955e-21,3.045e-9,7.206e-21,8.187e-26,,1.857e-8,4.044e-20,3.177e-20,4.990e+1,7.122e+1,2.556e-14,2.746e-1,1.370e+0,1.741e-20,4.090e-22,7.070e-17,2.619e-20,6.066e-29,8.909e-20,8.951e-23,3.099e+0,1.842e-17,3.228e-1,7.878e+1,7.066e-20,1.288e+2,1.414e-9,,7.361e+0,6.791e-19,,3.018e-17,,,2.808e-8,,6.026e-19,,9.218e-19,,2.492e-1,,2.015e-17,,7.807e-18,1.352e-16
455.87,3.467e+2,7.775e-21,9.568e-28,2.007e-39,3.068e-20,,,2.759e-19,8.246e-20,,3.512e-15,1.991e-16,1.564e-24,1.025e-17,1.956e-21,2.773e-9,7.205e-21,8.228e-26,,2.677e-8,4.046e-20,2.918e-20,4.704e+1,7.290e+1,3.548e-14,2.784e-1,1.370e+0,1.746e-20,4.094e-22,4.040e-17,2.619e-20,6.067e-29,8.910e-20,8.952e-23,3.153e+0,1.839e-17,3.489e-1,7.864e+1,7.098e-20,1.351e+2,9.263e-10,,7.617e+0,6.795e-19,,3.021e-17,,,3.988e-8,,6.025e-19,,9.210e-19,,2.731e-1,,2.014e-17,,7.788e-18,1.352e-16
455.9,3.556e+2,7.781e-21,9.511e-28,2.059e-39,3.069e-20,,,2.762e-19,8.230e-20,,3.511e-15,4.154e-16,6.823e-25,1.025e-17,1.956e-21,2.417e-9,7.204e-21,8.291e-26,,4.599e-8,4.048e-20,2.576e-20,4.304e+1,7.677e+1,5.763e-14,2.853e-1,1.361e+0,1.753e-20,4.098e-22,1.733e-17,2.620e-20,6.067e-29,8.912e-20,8.953e-23,3.215e+0,1.835e-17,4.025e-1,7.788e+1,7.146e-20,1.443e+2,4.877e-10,,8.022e+0,6.801e-19,,3.025e-17,,,6.700e-8,,6.024e-19,,9.198e-19,,3.141e-1,,2.014e-17,,7.759e-18,1.352e-16
455.92,3.619e+2,7.786e-21,9.473e-28,2.094e-39,3.069e-20,,,2.763e-19,8.219e-20,,3.511e-15,6.752e-16,3.905e-25,1.025e-17,1.956e-21,2.214e-9,7.203e-21,8.333e-26,,6.568e-8,4.050e-20,2.381e-20,4.056e+1,8.017e+1,7.928e-14,2.908e-1,1.348e+0,1.758e-20,4.101e-22,1.734e-17,2.620e-20,6.067e-29,8.914e-20,8.954e-23,3.244e+0,1.833e-17,4.486e-1,7.703e+1,7.177e-20,1.502e+2,3.165e-10,,8.305e+0,6.805e-19,,3.028e-17,,,9.426e-8,,6.024e-19,,9.190e-19,,3.446e-1,,2.014e-17,,7.740e-18,1.353e-16
455.95,3.718e+2,7.792e-21,9.416e-28,2.146e-39,3.070e-20,,,2.766e-19,8.202e-20,,3.511e-15,1.390e-15,1.679e-25,1.025e-17,1.956e-21,1.962e-9,7.202e-21,8.395e-26,,1.113e-7,4.052e-20,2.146e-20,3.712e+1,8.634e+1,1.271e-13,3.001e-1,1.321e+0,1.766e-20,4.106e-22,1.736e-17,2.621e-20,6.068e-29,8.916e-20,8.955e-23,3.266e+0,1.829e-17,5.347e-1,7.524e+1,7.225e-20,1.585e+2,1.643e-10,,8.746e+0,6.810e-19,,3.033e-17,,,1.562e-7,,6.023e-19,,9.177e-19,,3.951e-1,,2.013e-17,,7.711e-18,1.353e-16
455.97,3.785e+2,7.796e-21,9.378e-28,2.180e-39,3.071e-20,,,2.767e-19,8.191e-20,,3.510e-15,2.239e-15,9.097e-26,1.025e-17,1.956e-21,1.828e-9,7.201e-21,8.437e-26,,1.576e-7,4.054e-20,2.030e-20,3.502e+1,9.108e+1,1.732e-13,3.072e-1,1.296e+0,1.771e-20,4.109e-22,1.738e-17,2.622e-20,6.068e-29,8.917e-20,8.956e-23,3.268e+0,1.826e-17,6.044e-1,7.373e+1,7.257e-20,1.637e+2,1.057e-10,,9.049e+0,6.814e-19,,3.036e-17,,,2.178e-7,,6.022e-19,,9.169e-19,,4.318e-1,,2.013e-17,,7.692e-18,1.353e-16
456,3.884e+2,7.803e-21,9.321e-28,2.232e-39,3.071e-20,,,2.770e-19,8.175e-20,,3.510e-15,4.546e-15,9.072e-26,1.025e-17,1.956e-21,1.677e-9,7.200e-21,8.500e-26,,2.635e-7,4.056e-20,1.926e-20,3.216e+1,9.896e+1,2.739e-13,3.191e-1,1.252e+0,1.779e-20,4.114e-22,1.740e-17,2.622e-20,6.069e-29,8.919e-20,8.957e-23,3.250e+0,1.822e-17,7.294e-1,7.104e+1,7.304e-20,1.707e+2,5.412e-11,,9.511e+0,6.820e-19,,3.040e-17,,,3.561e-7,,6.022e-19,,9.157e-19,,4.910e-1,,2.012e-17,,7.663e-18,1.353e-16
456.02,3.949e+2,7.807e-21,9.283e-28,2.267e-39,3.072e-20,,,2.772e-19,8.164e-20,,3.510e-15,7.256e-15,9.056e-26,1.025e-17,1.956e-21,1.609e-9,7.200e-21,8.541e-26,,3.695e-7,4.058e-20,1.908e-20,3.044e+1,1.046e+2,3.700e-13,3.278e-1,1.218e+0,1.784e-20,4.117e-22,1.742e-17,2.623e-20,6.069e-29,8.921e-20,8.958e-23,3.226e+0,1.820e-17,8.275e-1,6.897e+1,7.336e-20,1.749e+2,3.448e-11,,9.821e+0,6.824e-19,,3.043e-17,,,4.919e-7,,6.021e-19,,9.149e-19,,5.330e-1,,2.012e-17,,7.643e-18,1.354e-16
456.05,4.041e+2,7.814e-21,9.226e-28,2.319e-39,3.073e-20,,,2.774e-19,8.147e-20,,3.509e-15,1.453e-14,9.031e-26,1.025e-17,1.956e-21,1.555e-9,7.199e-21,8.604e-26,,6.095e-7,4.060e-20,1.969e-20,2.813e+1,1.137e+2,5.771e-13,3.419e-1,1.161e+0,1.791e-20,4.121e-22,1.744e-17,2.624e-20,6.070e-29,8.923e-20,8.960e-23,3.171e+0,1.816e-17,9.992e-1,6.554e+1,7.384e-20,1.802e+2,1.742e-11,,1.028e+1,6.830e-19,,3.048e-17,,,7.933e-7,,6.020e-19,,9.136e-19,,5.994e-1,,2.011e-17,,7.614e-18,1.354e-16
456.07,4.098e+2,7.818e-21,9.188e-28,2.354e-39,3.073e-20,,,2.776e-19,8.136e-20,,3.509e-15,2.299e-14,9.014e-26,1.025e-17,1.957e-21,1.550e-9,7.198e-21,8.646e-26,,8.471e-7,4.062e-20,2.077e-20,2.676e+1,1.199e+2,7.727e-13,3.520e-1,1.119e+0,1.797e-20,4.125e-22,1.745e-17,2.624e-20,6.070e-29,8.924e-20,8.961e-23,3.122e+0,1.813e-17,1.131e+0,6.306e+1,7.416e-20,1.831e+2,1.099e-11,,1.058e+1,6.833e-19,,3.051e-17,,,1.086e-6,,6.020e-19,,9.128e-19,,6.456e-1,,2.011e-17,,7.595e-18,1.354e-16
456.09,4.150e+2,7.822e-21,9.149e-28,2.388e-39,3.074e-20,,,2.778e-19,8.125e-20,,3.509e-15,3.624e-14,8.998e-26,1.025e-17,1.957e-21,1.569e-9,7.197e-21,8.688e-26,,1.173e-6,4.063e-20,2.247e-20,2.551e+1,1.263e+2,1.031e-12,3.625e-1,1.074e+0,1.802e-20,4.128e-22,1.747e-17,2.625e-20,6.071e-29,8.926e-20,8.962e-23,3.066e+0,1.811e-17,1.279e+0,6.044e+1,7.447e-20,1.854e+2,6.915e-12,,1.087e+1,6.837e-19,,3.054e-17,,,1.481e-6,,6.019e-19,,9.120e-19,,6.929e-1,,2.010e-17,,7.576e-18,1.354e-16
456.12,4.219e+2,7.829e-21,9.092e-28,2.440e-39,3.075e-20,,,2.780e-19,8.109e-20,,3.508e-15,7.121e-14,8.973e-26,1.025e-17,1.957e-21,1.643e-9,7.196e-21,8.750e-26,,1.899e-6,4.066e-20,2.635e-20,2.386e+1,1.359e+2,1.578e-12,3.789e-1,1.004e+0,1.809e-20,4.132e-22,1.749e-17,2.625e-20,6.071e-29,8.928e-20,8.963e-23,2.966e+0,1.807e-17,1.531e+0,5.634e+1,7.495e-20,1.879e+2,3.425e-12,,1.129e+1,6.843e-19,,3.059e-17,,,2.343e-6,,6.018e-19,,9.108e-19,,7.655e-1,,2.010e-17,,7.547e-18,1.355e-16
456.14,4.257e+2,7.833e-21,9.054e-28,2.475e-39,3.075e-20,,,2.782e-19,8.098e-20,,3.508e-15,1.112e-13,8.956e-26,1.025e-17,1.957e-21,1.721e-9,7.195e-21,8.792e-26,,2.606e-6,4.067e-20,2.997e-20,2.289e+1,1.423e+2,2.086e-12,3.901e-1,9.555e-1,1.814e-20,4.135e-22,1.751e-17,2.626e-20,6.072e-29,8.929e-20,8.964e-23,2.891e+0,1.804e-17,1.722e+0,5.351e+1,7.527e-20,1.887e+2,2.134e-12,,1.154e+1,6.847e-19,,3.062e-17,,,3.167e-6,,6.018e-19,,9.100e-19,,8.145e-1,,2.010e-17,,7.528e-18,1.355e-16
456.17,4.303e+2,7.840e-21,8.997e-28,2.527e-39,3.076e-20,,,2.784e-19,8.081e-20,,3.507e-15,2.156e-13,8.932e-26,1.025e-17,1.957e-21,1.880e-9,7.194e-21,8.855e-26,,4.161e-6,4.070e-20,3.723e-20,2.161e+1,1.518e+2,3.150e-12,4.072e-1,8.807e-1,1.822e-20,4.140e-22,1.753e-17,2.627e-20,6.072e-29,8.931e-20,8.965e-23,2.767e+0,1.800e-17,2.044e+0,4.920e+1,7.574e-20,1.888e+2,1.043e-12,,1.188e+1,6.852e-19,,3.066e-17,,,4.942e-6,,6.017e-19,,9.087e-19,,8.880e-1,,2.009e-17,,7.499e-18,1.355e-16
456.19,4.324e+2,7.844e-21,8.959e-28,2.561e-39,3.077e-20,,,2.786e-19,8.070e-20,,3.507e-15,3.337e-13,8.915e-26,1.025e-17,1.957e-21,2.013e-9,7.194e-21,8.896e-26,,5.659e-6,4.071e-20,4.349e-20,2.086e+1,1.579e+2,4.127e-12,4.186e-1,8.303e-1,1.827e-20,4.143e-22,1.754e-17,2.627e-20,6.073e-29,8.932e-20,8.966e-23,2.679e+0,1.798e-17,2.283e+0,4.631e+1,7.606e-20,1.881e+2,6.438e-13,,1.208e+1,6.856e-19,,3.069e-17,,,6.619e-6,,6.017e-19,,9.079e-19,,9.364e-1,,2.009e-17,,7.479e-18,1.356e-16
456.22,4.343e+2,7.850e-21,8.902e-28,2.613e-39,3.077e-20,,,2.789e-19,8.053e-20,,3.507e-15,6.381e-13,8.890e-26,1.025e-17,1.957e-21,2.251e-9,7.193e-21,8.959e-26,,8.915e-6,4.073e-20,5.543e-20,1.986e+1,1.667e+2,6.149e-12,4.355e-1,7.549e-1,1.835e-20,4.148e-22,1.757e-17,2.628e-20,6.073e-29,8.935e-20,8.967e-23,2.539e+0,1.794e-17,2.683e+0,4.200e+1,7.654e-20,1.860e+2,3.102e-13,,1.232e+1,6.862e-19,,3.074e-17,,,1.019e-5,,6.016e-19,,9.067e-19,,1.007e+0,,2.008e-17,,7.450e-18,1.356e-16
456.24,4.347e+2,7.855e-21,8.864e-28,2.648e-39,3.078e-20,,,2.790e-19,8.042e-20,,3.506e-15,9.786e-13,8.874e-26,1.025e-17,1.957e-21,2.435e-9,7.192e-21,9.001e-26,,1.202e-5,4.075e-20,6.534e-20,1.927e+1,1.723e+2,7.985e-12,4.465e-1,7.052e-1,1.840e-20,4.151e-22,1.758e-17,2.628e-20,6.073e-29,8.936e-20,8.968e-23,2.443e+0,1.791e-17,2.978e+0,3.918e+1,7.686e-20,1.838e+2,1.897e-13,,1.243e+1,6.866e-19,,3.077e-17,,,1.352e-5,,6.015e-19,,9.059e-19,,1.052e+0,,2.008e-17,,7.431e-18,1.356e-16
456.27,4.338e+2,7.861e-21,8.807e-28,2.700e-39,3.079e-20,,,2.793e-19,8.026e-20,,3.506e-15,1.846e-12,8.849e-26,1.025e-17,1.958e-21,2.747e-9,7.191e-21,9.063e-26,,1.868e-5,4.077e-20,8.370e-20,1.846e+1,1.802e+2,1.174e-11,4.624e-1,6.323e-1,1.847e-20,4.156e-22,1.760e-17,2.629e-20,6.074e-29,8.938e-20,8.970e-23,2.295e+0,1.787e-17,3.464e+0,3.506e+1,7.733e-20,1.796e+2,9.016e-14,,1.255e+1,6.871e-19,,3.081e-17,,,2.053e-5,,6.014e-19,,9.046e-19,,1.116e+0,,2.007e-17,,7.402e-18,1.357e-16
456.29,4.324e+2,7.866e-21,8.769e-28,2.734e-39,3.079e-20,,,2.795e-19,8.015e-20,,3.506e-15,2.806e-12,8.832e-26,1.025e-17,1.958e-21,2.976e-9,7.190e-21,9.105e-26,,2.495e-5,4.079e-20,9.860e-20,1.796e+1,1.852e+2,1.510e-11,4.725e-1,5.853e-1,1.852e-20,4.159e-22,1.762e-17,2.630e-20,6.074e-29,8.939e-20,8.971e-23,2.195e+0,1.784e-17,3.817e+0,3.242e+1,7.765e-20,1.761e+2,5.464e-14,,1.258e+1,6.875e-19,,3.084e-17,,,2.700e-5,,6.014e-19,,9.038e-19,,1.156e+0,,2.007e-17,,7.383e-18,1.357e-16
456.32,4.291e+2,7.872e-21,8.712e-28,2.786e-39,3.080e-20,,,2.797e-19,7.998e-20,,3.505e-15,5.222e-12,8.807e-26,1.025e-17,1.958e-21,3.351e-9,7.189e-21,9.168e-26,,3.826e-5,4.081e-20,1.256e-19,1.725e+1,1.920e+2,2.191e-11,4.867e-1,5.176e-1,1.860e-20,4.163e-22,1.764e-17,2.630e-20,6.075e-29,8.941e-20,8.972e-23,2.045e+0,1.780e-17,4.392e+0,2.864e+1,7.813e-20,1.701e+2,2.561e-14,,1.255e+1,6.881e-19,,3.089e-17,,,4.043e-5,,6.013e-19,,9.026e-19,,1.210e+0,,2.006e-17,,7.354e-18,1.357e-16
456.34,4.262e+2,7.876e-21,8.674e-28,2.821e-39,3.081e-20,,,2.799e-19,7.987e-20,,3.505e-15,7.864e-12,8.791e-26,1.025e-17,1.958e-21,3.619e-9,7.188e-21,9.209e-26,,5.065e-5,4.083e-20,1.472e-19,1.680e+1,1.962e+2,2.794e-11,4.955e-1,4.747e-1,1.865e-20,4.166e-22,1.765e-17,2.631e-20,6.075e-29,8.943e-20,8.973e-23,1.946e+0,1.778e-17,4.805e+0,2.626e+1,7.844e-20,1.655e+2,1.538e-14,,1.248e+1,6.885e-19,,5.388e-17,,,5.269e-5,,6.012e-19,,9.018e-19,,1.241e+0,,2.006e-17,,7.335e-18,1.357e-16
456.37,4.209e+2,7.883e-21,8.617e-28,2.873e-39,3.081e-20,,,2.801e-19,7.971e-20,,3.505e-15,1.444e-11,8.766e-26,1.025e-17,1.958e-21,4.044e-9,7.187e-21,9.272e-26,,7.663e-5,4.085e-20,1.856e-19,1.613e+1,2.020e+2,3.998e-11,5.076e-1,4.140e-1,1.873e-20,4.171e-22,1.768e-17,2.632e-20,6.076e-29,8.945e-20,8.974e-23,1.800e+0,1.774e-17,5.469e+0,2.293e+1,7.892e-20,1.581e+2,7.106e-15,,1.230e+1,6.891e-19,,1.233e-16,,,7.784e-5,,6.012e-19,,9.006e-19,,1.281e+0,,2.005e-17,,7.306e-18,1.358e-16
456.39,4.170e+2,7.887e-21,8.579e-28,2.907e-39,3.082e-20,,,2.803e-19,7.960e-20,,3.504e-15,2.155e-11,8.749e-26,1.025e-17,1.958e-21,4.340e-9,7.187e-21,9.314e-26,,1.005e-4,4.087e-20,2.158e-19,1.568e+1,2.056e+2,5.055e-11,5.149e-1,3.762e-1,1.878e-20,4.174e-22,1.769e-17,2.632e-20,6.076e-29,8.946e-20,8.975e-23,1.705e+0,1.771e-17,5.940e+0,2.087e+1,7.924e-20,1.528e+2,4.228e-15,,1.213e+1,6.894e-19,,2.132e-16,,,1.005e-4,,6.011e-19,,8.997e-19,,1.303e+0,,2.005e-17,,7.286e-18,1.358e-16
456.42,4.105e+2,7.894e-21,8.521e-28,2.959e-39,3.083e-20,,,2.806e-19,7.943e-20,,3.504e-15,3.902e-11,8.725e-26,1.025e-17,1.958e-21,4.799e-9,7.186e-21,9.376e-26,,1.501e-4,4.089e-20,2.689e-19,1.500e+1,2.107e+2,7.137e-11,5.247e-1,3.237e-1,1.885e-20,4.179e-22,1.771e-17,2.633e-20,6.077e-29,8.948e-20,8.976e-23,1.567e+0,1.767e-17,6.686e+0,1.804e+1,7.971e-20,1.445e+2,1.927e-15,,1.181e+1,6.900e-19,,4.814e-16,,,1.465e-4,,6.010e-19,,8.985e-19,,1.326e+0,,2.004e-17,,7.257e-18,1.358e-16
456.44,4.061e+2,7.898e-21,8.483e-28,2.994e-39,3.083e-20,,,2.807e-19,7.932e-20,,3.504e-15,5.771e-11,8.708e-26,1.025e-17,1.958e-21,5.112e-9,7.185e-21,9.418e-26,,1.952e-4,4.091e-20,3.100e-19,1.454e+1,2.140e+2,8.943e-11,5.306e-1,2.914e-1,1.890e-20,4.182e-22,1.773e-17,2.634e-20,6.077e-29,8.950e-20,8.977e-23,1.479e+0,1.765e-17,7.208e+0,1.634e+1,8.003e-20,1.388e+2,1.136e-15,,1.155e+1,6.904e-19,,8.248e-16,,,1.874e-4,,6.010e-19,,8.977e-19,,1.336e+0,,2.004e-17,,7.238e-18,1.358e-16
456.46,4.016e+2,7.902e-21,8.445e-28,3.028e-39,3.084e-20,,,2.809e-19,7.921e-20,,3.503e-15,8.505e-11,8.692e-26,1.025e-17,1.959e-21,5.428e-9,7.184e-21,9.460e-26,,2.529e-4,4.092e-20,3.561e-19,1.407e+1,2.172e+2,1.116e-10,5.359e-1,2.614e-1,1.896e-20,4.185e-22,1.774e-17,2.634e-20,6.078e-29,8.951e-20,8.978e-23,1.393e+0,1.762e-17,7.747e+0,1.478e+1,8.035e-20,1.330e+2,6.671e-16,,1.126e+1,6.908e-19,,1.408e-15,,,2.389e-4,,6.009e-19,,8.969e-19,,1.341e+0,,2.004e-17,,7.219e-18,1.359e-16
456.49,3.953e+2,7.909e-21,8.388e-28,3.080e-39,3.085e-20,,,2.812e-19,7.905e-20,,3.503e-15,1.511e-10,8.667e-26,1.025e-17,1.959e-21,5.902e-9,7.183e-21,9.523e-26,,3.705e-4,4.095e-20,4.356e-19,1.334e+1,2.221e+2,1.547e-10,5.429e-1,2.206e-1,1.903e-20,4.190e-22,1.777e-17,2.635e-20,6.078e-29,8.953e-20,8.980e-23,1.271e+0,1.758e-17,8.584e+0,1.271e+1,8.082e-20,1.244e+2,2.949e-16,,1.077e+1,6.913e-19,,3.119e-15,,,3.415e-4,,6.008e-19,,8.956e-19,,1.339e+0,,2.003e-17,,7.190e-18,1.359e-16
456.51,3.914e+2,7.913e-21,8.350e-28,3.115e-39,3.085e-20,,,2.813e-19,7.894e-20,,3.503e-15,2.207e-10,8.650e-26,1.025e-17,1.959e-21,6.214e-9,7.182e-21,9.564e-26,,4.758e-4,4.096e-20,4.960e-19,1.283e+1,2.255e+2,1.915e-10,5.470e-1,1.961e-1,1.908e-20,4.193e-22,1.778e-17,2.635e-20,6.079e-29,8.955e-20,8.981e-23,1.194e+0,1.756e-17,9.158e+0,1.151e+1,8.114e-20,1.188e+2,1.716e-16,,1.040e+1,6.917e-19,,5.276e-15,,,4.314e-4,,6.008e-19,,8.948e-19,,1.332e+0,,2.003e-17,,7.170e-18,1.359e-16
456.54,3.866e+2,7.920e-21,8.293e-28,3.167e-39,3.086e-20,,,2.816e-19,7.877e-20,,3.502e-15,3.868e-10,8.625e-26,1.025e-17,1.959e-21,6.671e-9,7.181e-21,9.627e-26,,6.879e-4,4.099e-20,5.985e-19,1.206e+1,2.311e+2,2.618e-10,5.526e-1,1.632e-1,1.916e-20,4.198e-22,1.780e-17,2.636e-20,6.079e-29,8.957e-20,8.982e-23,1.084e+0,1.752e-17,1.003e+1,9.976e+0,8.162e-20,1.105e+2,7.570e-17,,9.817e+0,6.923e-19,,1.153e-14,,,6.084e-4,,6.007e-19,,8.936e-19,,1.312e+0,,2.002e-17,,7.142e-18,1.360e-16
456.56,3.841e+2,7.924e-21,8.255e-28,3.201e-39,3.087e-20,,,2.818e-19,7.866e-20,,3.502e-15,5.598e-10,8.609e-26,1.025e-17,1.959e-21,6.963e-9,7.181e-21,9.669e-26,,8.757e-4,4.100e-20,6.753e-19,1.153e+1,2.352e+2,3.211e-10,5.560e-1,1.437e-1,1.921e-20,4.201e-22,1.782e-17,2.637e-20,6.079e-29,8.958e-20,8.983e-23,1.015e+0,1.749e-17,1.062e+1,9.132e+0,8.194e-20,1.053e+2,4.365e-17,,9.403e+0,6.927e-19,,1.933e-14,,,7.616e-4,,6.007e-19,,8.928e-19,,1.293e+0,,2.002e-17,,7.122e-18,1.360e-16
456.59,3.819e+2,7.930e-21,8.198e-28,3.253e-39,3.087e-20,,,2.820e-19,7.850e-20,,3.501e-15,9.679e-10,8.584e-26,1.025e-17,1.959e-21,7.378e-9,7.180e-21,9.731e-26,,1.249e-3,4.103e-20,8.039e-19,1.072e+1,2.421e+2,4.333e-10,5.607e-1,1.180e-1,1.929e-20,4.205e-22,1.784e-17,2.637e-20,6.080e-29,8.960e-20,8.984e-23,9.179e-1,1.745e-17,1.150e+1,8.125e+0,8.241e-20,9.788e+1,1.899e-17,,8.757e+0,6.932e-19,,4.167e-14,,,1.059e-3,,6.006e-19,,8.916e-19,,1.257e+0,,2.001e-17,,7.093e-18,1.360e-16
456.61,3.816e+2,7.935e-21,8.160e-28,3.288e-39,3.088e-20,,,2.822e-19,7.839e-20,,3.501e-15,1.388e-9,8.567e-26,1.025e-17,1.959e-21,7.636e-9,7.179e-21,9.773e-26,,1.576e-3,4.104e-20,8.988e-19,1.017e+1,2.474e+2,5.268e-10,5.638e-1,1.029e-1,1.934e-20,4.208e-22,1.786e-17,2.638e-20,6.080e-29,8.962e-20,8.985e-23,8.572e-1,1.743e-17,1.209e+1,7.625e+0,8.273e-20,9.332e+1,1.085e-17,,8.314e+0,6.936e-19,,6.923e-14,,,1.314e-3,,6.005e-19,,8.907e-19,,1.227e+0,,2.001e-17,,7.074e-18,1.360e-16
456.64,3.831e+2,7.941e-21,8.103e-28,3.340e-39,3.089e-20,,,2.824e-19,7.822e-20,,3.501e-15,2.368e-9,8.543e-26,1.025e-17,1.959e-21,7.987e-9,7.178e-21,9.836e-26,,2.219e-3,4.106e-20,1.055e-18,9.353e+0,2.564e+2,7.014e-10,5.682e-1,8.333e-2,1.941e-20,4.213e-22,1.788e-17,2.639e-20,6.081e-29,8.964e-20,8.986e-23,7.719e-1,1.739e-17,1.294e+1,7.127e+0,8.321e-20,8.711e+1,4.653e-18,,7.640e+0,6.942e-19,,1.472e-13,,,1.803e-3,,6.004e-19,,8.895e-19,,1.177e+0,,2.000e-17,,7.045e-18,1.361e-16
456.66,3.856e+2,7.945e-21,8.065e-28,3.374e-39,3.089e-20,,,2.826e-19,7.811e-20,,3.500e-15,3.365e-9,8.526e-26,1.025e-17,1.960e-21,8.195e-9,7.177e-21,9.877e-26,,2.776e-3,4.108e-20,1.169e-18,8.808e+0,2.632e+2,8.453e-10,5.713e-1,7.205e-2,1.946e-20,4.216e-22,1.789e-17,2.639e-20,6.081e-29,8.965e-20,8.987e-23,7.187e-1,1.736e-17,1.349e+1,6.961e+0,8.352e-20,8.343e+1,4.652e-18,,7.190e+0,6.946e-19,,2.424e-13,,,2.216e-3,,6.004e-19,,8.887e-19,,1.139e+0,,2.000e-17,,7.026e-18,1.361e-16
456.69,3.916e+2,7.952e-21,8.008e-28,3.426e-39,3.090e-20,,,2.829e-19,7.795e-20,,3.500e-15,5.663e-9,8.501e-26,1.025e-17,1.960e-21,8.463e-9,7.176e-21,9.940e-26,,3.857e-3,4.110e-20,1.354e-18,8.000e+0,2.748e+2,1.111e-9,5.759e-1,5.753e-2,1.954e-20,4.221e-22,1.792e-17,2.640e-20,6.082e-29,8.967e-20,8.989e-23,6.444e-1,1.732e-17,1.427e+1,6.960e+0,8.400e-20,7.865e+1,4.650e-18,,6.521e+0,6.951e-19,,5.085e-13,,,2.999e-3,,6.003e-19,,8.875e-19,,1.077e+0,,2.000e-17,,6.997e-18,1.361e-16
456.71,3.971e+2,7.956e-21,7.970e-28,3.461e-39,3.091e-20,,,2.830e-19,7.784e-20,,3.500e-15,7.975e-9,8.485e-26,1.025e-17,1.960e-21,8.611e-9,7.175e-21,9.982e-26,,4.781e-3,4.112e-20,1.487e-18,7.472e+0,2.835e+2,1.327e-9,5.792e-1,4.929e-2,1.959e-20,4.224e-22,1.793e-17,2.640e-20,6.082e-29,8.969e-20,8.990e-23,5.982e-1,1.729e-17,1.476e+1,7.125e+0,8.432e-20,7.597e+1,4.649e-18,,6.083e+0,6.955e-19,,8.296e-13,,,3.653e-3,,6.003e-19,,8.867e-19,,1.034e+0,,1.999e-17,,6.977e-18,1.362e-16
456.74,4.080e+2,7.963e-21,7.912e-28,3.513e-39,3.091e-20,,,2.833e-19,7.767e-20,,3.499e-15,1.324e-8,8.460e-26,1.025e-17,1.960e-21,8.782e-9,7.174e-21,1.004e-25,,6.557e-3,4.114e-20,1.698e-18,6.702e+0,2.979e+2,1.721e-9,5.842e-1,3.881e-2,1.967e-20,4.229e-22,1.795e-17,2.641e-20,6.083e-29,8.971e-20,8.991e-23,5.337e-1,1.726e-17,1.544e+1,7.619e+0,8.479e-20,7.272e+1,4.648e-18,,5.447e+0,6.961e-19,,1.717e-12,,,4.876e-3,,6.002e-19,,8.854e-19,,9.648e-1,,1.999e-17,,6.949e-18,1.362e-16
456.76,4.168e+2,7.967e-21,7.874e-28,3.548e-39,3.092e-20,,,2.835e-19,7.756e-20,,3.499e-15,1.848e-8,8.443e-26,1.025e-17,1.960e-21,8.863e-9,7.174e-21,1.009e-25,,8.059e-3,4.116e-20,1.848e-18,6.206e+0,3.085e+2,2.037e-9,5.878e-1,3.295e-2,1.972e-20,4.232e-22,1.797e-17,2.642e-20,6.083e-29,8.972e-20,8.992e-23,4.937e-1,1.723e-17,1.584e+1,8.115e+0,8.511e-20,7.107e+1,4.647e-18,,5.040e+0,6.965e-19,,2.776e-12,,,5.885e-3,,6.001e-19,,8.846e-19,,9.176e-1,,1.998e-17,,6.929e-18,1.362e-16
456.79,4.323e+2,7.974e-21,7.817e-28,3.599e-39,3.093e-20,,,2.837e-19,7.740e-20,,3.498e-15,3.026e-8,8.418e-26,1.025e-17,1.960e-21,8.932e-9,7.173e-21,1.015e-25,,1.091e-2,4.118e-20,2.082e-18,5.495e+0,3.256e+2,2.607e-9,5.931e-1,2.559e-2,1.979e-20,4.236e-22,1.799e-17,2.642e-20,6.084e-29,8.974e-20,8.993e-23,4.381e-1,1.719e-17,1.637e+1,9.110e+0,8.559e-20,6.935e+1,4.646e-18,,4.460e+0,6.971e-19,,5.667e-12,,,7.750e-3,,6.000e-19,,8.834e-19,,8.458e-1,,1.998e-17,,6.900e-18,1.362e-16
456.81,4.442e+2,7.978e-21,7.779e-28,3.634e-39,3.093e-20,,,2.839e-19,7.729e-20,,3.498e-15,4.185e-8,8.402e-26,1.025e-17,1.960e-21,8.943e-9,7.172e-21,1.019e-25,,1.329e-2,4.120e-20,2.244e-18,5.045e+0,3.379e+2,3.060e-9,5.967e-1,2.152e-2,1.984e-20,4.239e-22,1.800e-17,2.643e-20,6.084e-29,8.975e-20,8.994e-23,4.037e-1,1.716e-17,1.667e+1,9.943e+0,8.591e-20,6.868e+1,4.645e-18,,4.096e+0,6.974e-19,,9.080e-12,,,9.268e-3,,6.000e-19,,8.826e-19,,7.978e-1,,1.997e-17,,6.881e-18,1.363e-16
456.84,4.639e+2,7.984e-21,7.722e-28,3.686e-39,3.094e-20,,,2.841e-19,7.712e-20,,3.498e-15,6.762e-8,8.377e-26,1.025e-17,1.960e-21,8.910e-9,7.171e-21,1.025e-25,,1.776e-2,4.122e-20,2.494e-18,4.408e+0,3.573e+2,3.866e-9,6.020e-1,1.649e-2,1.992e-20,4.244e-22,1.803e-17,2.644e-20,6.085e-29,8.978e-20,8.996e-23,3.561e-1,1.712e-17,1.702e+1,1.145e+1,8.638e-20,6.835e+1,4.644e-18,,3.587e+0,6.980e-19,,1.829e-11,,,1.204e-2,,5.999e-19,,8.813e-19,,7.266e-1,,1.997e-17,,6.852e-18,1.363e-16
456.86,4.782e+2,7.989e-21,7.684e-28,3.721e-39,3.095e-20,,,2.843e-19,7.701e-20,,3.497e-15,9.269e-8,8.360e-26,1.025e-17,1.961e-21,8.855e-9,7.170e-21,1.029e-25,,2.145e-2,4.124e-20,2.664e-18,4.011e+0,3.709e+2,4.498e-9,6.053e-1,1.374e-2,1.997e-20,4.247e-22,1.804e-17,2.644e-20,6.085e-29,8.979e-20,8.996e-23,3.268e-1,1.710e-17,1.719e+1,1.263e+1,8.670e-20,6.854e+1,4.643e-18,,3.276e+0,6.984e-19,,2.903e-11,,,1.427e-2,,5.998e-19,,8.805e-19,,6.802e-1,,1.996e-17,,6.833e-18,1.363e-16
456.88,4.932e+2,7.993e-21,7.646e-28,3.755e-39,3.095e-20,,,2.845e-19,7.690e-20,,3.497e-15,1.266e-7,8.344e-26,1.025e-17,1.961e-21,8.776e-9,7.169e-21,1.034e-25,,2.583e-2,4.125e-20,2.835e-18,3.636e+0,3.847e+2,5.215e-9,6.083e-1,1.141e-2,2.002e-20,4.250e-22,1.806e-17,2.645e-20,6.085e-29,8.980e-20,8.997e-23,2.994e-1,1.707e-17,1.731e+1,1.395e+1,8.702e-20,6.902e+1,4.642e-18,,2.987e+0,6.988e-19,,4.593e-11,,,1.684e-2,,5.998e-19,,8.797e-19,,6.349e-1,,1.996e-17,,6.813e-18,1.363e-16
456.91,5.168e+2,7.999e-21,7.589e-28,3.807e-39,3.096e-20,,,2.847e-19,7.674e-20,,3.497e-15,2.007e-7,8.319e-26,1.025e-17,1.961e-21,8.616e-9,7.168e-21,1.040e-25,,3.389e-2,4.128e-20,3.091e-18,3.118e+0,4.058e+2,6.468e-9,6.122e-1,8.573e-3,2.010e-20,4.255e-22,1.808e-17,2.645e-20,6.086e-29,8.982e-20,8.999e-23,2.618e-1,1.703e-17,1.738e+1,1.619e+1,8.749e-20,7.022e+1,4.641e-18,,2.597e+0,6.993e-19,,9.077e-11,,,2.146e-2,,5.997e-19,,8.785e-19,,5.699e-1,,1.995e-17,,6.785e-18,1.364e-16
456.93,5.330e+2,8.004e-21,7.551e-28,3.842e-39,3.096e-20,,,2.849e-19,7.663e-20,,3.496e-15,2.716e-7,8.302e-26,1.025e-17,1.961e-21,8.484e-9,7.168e-21,1.044e-25,,4.045e-2,4.129e-20,3.260e-18,2.802e+0,4.199e+2,7.434e-9,6.142e-1,7.054e-3,2.015e-20,4.258e-22,1.809e-17,2.646e-20,6.086e-29,8.984e-20,9.000e-23,2.390e-1,1.701e-17,1.736e+1,1.786e+1,8.781e-20,7.130e+1,4.640e-18,,2.368e+0,6.997e-19,,1.423e-10,,,2.511e-2,,5.997e-19,,8.777e-19,,5.289e-1,,1.995e-17,,6.765e-18,1.364e-16
456.96,5.575e+2,8.010e-21,7.494e-28,3.894e-39,3.097e-20,,,2.852e-19,7.646e-20,,3.496e-15,4.248e-7,8.278e-26,1.025e-17,1.961e-21,8.253e-9,7.167e-21,1.050e-25,,5.242e-2,4.132e-20,3.506e-18,2.370e+0,4.406e+2,9.101e-9,6.160e-1,5.227e-3,2.022e-20,4.263e-22,1.812e-17,2.647e-20,6.087e-29,8.986e-20,9.001e-23,2.079e-1,1.697e-17,1.722e+1,2.063e+1,8.829e-20,7.321e+1,4.638e-18,,2.070e+0,7.003e-19,,2.774e-10,,,3.157e-2,,5.996e-19,,8.764e-19,,4.712e-1,,1.995e-17,,6.736e-18,1.364e-16
456.98,5.737e+2,8.015e-21,7.456e-28,3.928e-39,3.098e-20,,,2.853e-19,7.635e-20,,3.496e-15,5.697e-7,8.261e-26,1.025e-17,1.961e-21,8.080e-9,7.166e-21,1.055e-25,,6.204e-2,4.133e-20,3.663e-18,2.111e+0,4.540e+2,1.037e-8,6.163e-1,4.261e-3,2.028e-20,4.266e-22,1.813e-17,2.647e-20,6.087e-29,8.987e-20,9.002e-23,1.892e-1,1.694e-17,1.706e+1,2.265e+1,8.860e-20,7.464e+1,4.637e-18,,1.902e+0,7.007e-19,,4.309e-10,,,3.660e-2,,5.995e-19,,8.756e-19,,4.355e-1,,1.994e-17,,6.717e-18,1.365e-16
457.01,5.972e+2,8.021e-21,7.399e-28,3.980e-39,3.099e-20,,,2.856e-19,7.619e-20,,3.495e-15,8.791e-7,8.236e-26,1.025e-17,1.961e-21,7.798e-9,7.165e-21,1.061e-25,,7.938e-2,4.136e-20,3.886e-18,1.761e+0,4.729e+2,1.253e-8,6.153e-1,3.115e-3,2.035e-20,4.270e-22,1.815e-17,2.648e-20,6.088e-29,8.989e-20,9.003e-23,1.643e-1,1.690e-17,1.672e+1,2.592e+1,8.908e-20,7.690e+1,4.636e-18,,1.697e+0,7.012e-19,,8.287e-10,,,4.537e-2,,5.994e-19,,8.744e-19,,3.866e-1,,1.994e-17,,6.688e-18,1.365e-16
457.03,6.121e+2,8.025e-21,7.361e-28,4.015e-39,3.099e-20,,,2.857e-19,7.608e-20,,3.495e-15,1.169e-6,8.220e-26,1.025e-17,1.961e-21,7.598e-9,7.164e-21,1.065e-25,,9.316e-2,4.137e-20,4.024e-18,1.554e+0,4.845e+2,1.416e-8,6.133e-1,2.516e-3,2.040e-20,4.274e-22,1.817e-17,2.648e-20,6.088e-29,8.991e-20,9.004e-23,1.497e-1,1.688e-17,1.643e+1,2.825e+1,8.940e-20,7.843e+1,4.635e-18,,1.592e+0,7.016e-19,,1.276e-9,,,5.213e-2,,5.994e-19,,8.736e-19,,3.572e-1,,1.993e-17,,6.669e-18,1.365e-16
457.06,6.327e+2,8.032e-21,7.304e-28,4.067e-39,3.100e-20,,,2.860e-19,7.591e-20,,3.495e-15,1.779e-6,8.195e-26,1.025e-17,1.962e-21,7.287e-9,7.163e-21,1.071e-25,,1.177e-1,4.139e-20,4.210e-18,1.279e+0,5.002e+2,1.689e-8,6.086e-1,1.815e-3,2.048e-20,4.278e-22,1.819e-17,2.649e-20,6.089e-29,8.993e-20,9.005e-23,1.308e-1,1.684e-17,1.591e+1,3.197e+1,8.987e-20,8.067e+1,4.634e-18,,1.481e+0,7.022e-19,,2.420e-9,,,6.375e-2,,5.993e-19,,8.723e-19,,3.178e-1,,1.993e-17,,6.640e-18,1.365e-16
457.08,6.451e+2,8.036e-21,7.265e-28,4.101e-39,3.101e-20,,,2.862e-19,7.580e-20,,3.494e-15,2.343e-6,8.178e-26,1.025e-17,1.962e-21,7.075e-9,7.162e-21,1.075e-25,,1.370e-1,4.141e-20,4.319e-18,1.119e+0,5.091e+2,1.891e-8,6.040e-1,1.453e-3,2.053e-20,4.281e-22,1.821e-17,2.650e-20,6.089e-29,8.994e-20,9.006e-23,1.201e-1,1.681e-17,1.551e+1,3.458e+1,9.019e-20,8.207e+1,4.633e-18,,1.439e+0,7.026e-19,,3.693e-9,,,7.257e-2,,5.993e-19,,8.715e-19,,2.948e-1,,1.992e-17,,6.620e-18,1.366e-16
457.11,6.611e+2,8.043e-21,7.208e-28,4.153e-39,3.101e-20,,,2.864e-19,7.564e-20,,3.494e-15,3.519e-6,8.153e-26,1.025e-17,1.962e-21,6.755e-9,7.161e-21,1.082e-25,,1.710e-1,4.143e-20,4.458e-18,9.084e-1,5.201e+2,2.227e-8,5.950e-1,1.034e-3,2.061e-20,4.286e-22,1.823e-17,2.650e-20,6.090e-29,8.996e-20,9.008e-23,1.070e-1,1.677e-17,1.483e+1,3.867e+1,9.067e-20,8.394e+1,4.632e-18,,1.423e+0,7.032e-19,,6.911e-9,,,8.755e-2,,5.992e-19,,8.703e-19,,2.650e-1,,1.992e-17,,6.592e-18,1.366e-16
457.13,6.698e+2,8.047e-21,7.170e-28,4.188e-39,3.102e-20,,,2.866e-19,7.553e-20,,3.494e-15,4.595e-6,8.137e-26,1.025e-17,1.962e-21,6.543e-9,7.161e-21,1.086e-25,,1.974e-1,4.145e-20,4.532e-18,7.871e-1,5.256e+2,2.473e-8,5.875e-1,8.216e-4,2.066e-20,4.289e-22,1.824e-17,2.651e-20,6.090e-29,8.998e-20,9.009e-23,1.003e-1,1.675e-17,1.434e+1,4.149e+1,9.099e-20,8.499e+1,4.631e-18,,1.445e+0,7.035e-19,,1.045e-8,,,9.876e-2,,5.991e-19,,8.695e-19,,2.483e-1,,1.991e-17,,6.572e-18,1.366e-16
457.16,6.798e+2,8.053e-21,7.113e-28,4.240e-39,3.103e-20,,,2.869e-19,7.536e-20,,3.493e-15,6.809e-6,8.112e-26,1.025e-17,1.962e-21,6.231e-9,7.160e-21,1.092e-25,,2.433e-1,4.147e-20,4.614e-18,6.304e-1,5.308e+2,2.875e-8,5.741e-1,5.791e-4,2.073e-20,4.294e-22,1.827e-17,2.652e-20,6.091e-29,9.000e-20,9.010e-23,9.326e-2,1.671e-17,1.355e+1,4.583e+1,9.146e-20,8.621e+1,4.630e-18,,1.527e+0,7.041e-19,,1.929e-8,,,1.175e-1,,5.990e-19,,8.682e-19,,2.276e-1,,1.991e-17,,6.543e-18,1.367e-16
457.18,6.841e+2,8.058e-21,7.075e-28,4.274e-39,3.103e-20,,,2.870e-19,7.525e-20,,3.493e-15,8.810e-6,8.095e-26,1.025e-17,1.962e-21,6.029e-9,7.159e-21,1.096e-25,,2.786e-1,4.149e-20,4.647e-18,5.412e-1,5.321e+2,3.166e-8,5.638e-1,4.579e-4,2.078e-20,4.297e-22,1.828e-17,2.652e-20,6.091e-29,9.001e-20,9.011e-23,9.065e-2,1.668e-17,1.299e+1,4.877e+1,9.178e-20,8.675e+1,4.629e-18,,1.614e+0,7.045e-19,,2.890e-8,,,1.314e-1,,5.990e-19,,8.674e-19,,2.166e-1,,1.991e-17,,6.524e-18,1.367e-16
457.21,6.870e+2,8.064e-21,7.018e-28,4.326e-39,3.104e-20,,,2.873e-19,7.509e-20,,3.492e-15,1.288e-5,8.071e-26,1.024e-17,1.962e-21,5.736e-9,7.158e-21,1.103e-25,,3.393e-1,4.151e-20,4.667e-18,4.276e-1,5.309e+2,3.633e-8,5.462e-1,3.228e-4,2.086e-20,4.301e-22,1.830e-17,2.653e-20,6.092e-29,9.003e-20,9.012e-23,9.001e-2,1.664e-17,1.212e+1,5.321e+1,9.226e-20,8.711e+1,4.627e-18,,1.796e+0,7.051e-19,,5.264e-8,,,1.542e-1,,5.989e-19,,8.662e-19,,2.040e-1,,1.990e-17,,6.495e-18,1.367e-16
457.23,6.864e+2,8.069e-21,6.980e-28,4.361e-39,3.105e-20,,,2.874e-19,7.498e-20,,3.492e-15,1.652e-5,8.054e-26,1.024e-17,1.962e-21,5.550e-9,7.157e-21,1.107e-25,,3.855e-1,4.153e-20,4.658e-18,3.637e-1,5.279e+2,3.966e-8,5.332e-1,2.574e-4,2.091e-20,4.305e-22,1.832e-17,2.653e-20,6.092e-29,9.005e-20,9.013e-23,9.187e-2,1.661e-17,1.153e+1,5.618e+1,9.257e-20,8.703e+1,4.626e-18,,1.951e+0,7.054e-19,,7.815e-8,,,1.708e-1,,5.989e-19,,8.654e-19,,1.980e-1,,1.990e-17,,6.476e-18,1.367e-16
457.25,6.838e+2,8.073e-21,6.942e-28,4.395e-39,3.105e-20,,,2.876e-19,7.487e-20,,3.492e-15,2.110e-5,8.038e-26,1.024e-17,1.963e-21,5.371e-9,7.156e-21,1.111e-25,,4.364e-1,4.154e-20,4.633e-18,3.083e-1,5.232e+2,4.315e-8,5.192e-1,2.078e-4,2.096e-20,4.308e-22,1.833e-17,2.654e-20,6.092e-29,9.006e-20,9.014e-23,9.566e-2,1.659e-17,1.093e+1,5.911e+1,9.289e-20,8.668e+1,4.626e-18,,2.134e+0,7.058e-19,,1.156e-7,,,1.885e-1,,5.988e-19,,8.646e-19,,1.938e-1,,1.989e-17,,6.456e-18,1.368e-16
457.28,6.762e+2,8.079e-21,6.885e-28,4.447e-39,3.106e-20,,,2.879e-19,7.470e-20,,3.491e-15,3.028e-5,8.013e-26,1.024e-17,1.963e-21,5.117e-9,7.155e-21,1.117e-25,,5.227e-1,4.157e-20,4.563e-18,2.389e-1,5.128e+2,4.865e-8,4.967e-1,1.575e-4,2.104e-20,4.312e-22,1.835e-17,2.655e-20,6.093e-29,9.008e-20,9.015e-23,1.052e-1,1.655e-17,1.003e+1,6.343e+1,9.337e-20,8.566e+1,4.624e-18,,2.462e+0,7.064e-19,,2.066e-7,,,2.170e-1,,5.987e-19,,8.633e-19,,1.904e-1,,1.989e-17,,6.427e-18,1.368e-16
457.3,6.687e+2,8.084e-21,6.847e-28,4.482e-39,3.106e-20,,,2.880e-19,7.459e-20,,3.491e-15,3.835e-5,7.996e-26,1.024e-17,1.963e-21,4.956e-9,7.155e-21,1.121e-25,,5.872e-1,4.158e-20,4.497e-18,2.006e-1,5.039e+2,5.248e-8,4.808e-1,1.375e-4,2.109e-20,4.315e-22,1.837e-17,2.655e-20,6.093e-29,9.009e-20,9.016e-23,1.143e-1,1.652e-17,9.435e+0,6.623e+1,9.369e-20,8.465e+1,4.623e-18,,2.716e+0,7.068e-19,,3.029e-7,,,2.373e-1,,5.987e-19,,8.625e-19,,1.898e-1,,1.988e-17,,6.408e-18,1.368e-16
457.33,6.540e+2,8.090e-21,6.790e-28,4.534e-39,3.107e-20,,,2.883e-19,7.443e-20,,3.491e-15,5.429e-5,7.971e-26,1.024e-17,1.963e-21,4.729e-9,7.154e-21,1.128e-25,,6.951e-1,4.161e-20,4.369e-18,1.534e-1,4.875e+2,5.842e-8,4.559e-1,1.250e-4,2.116e-20,4.320e-22,1.839e-17,2.656e-20,6.094e-29,9.012e-20,9.018e-23,1.324e-1,1.648e-17,8.558e+0,7.025e+1,9.416e-20,8.265e+1,4.622e-18,,3.152e+0,7.073e-19,,5.339e-7,,,2.696e-1,,5.986e-19,,8.613e-19,,1.913e-1,,1.988e-17,,6.379e-18,1.369e-16
457.35,6.420e+2,8.094e-21,6.752e-28,4.568e-39,3.108e-20,,,2.885e-19,7.432e-20,,3.490e-15,6.814e-5,7.955e-26,1.024e-17,1.963e-21,4.586e-9,7.153e-21,1.132e-25,,7.749e-1,4.162e-20,4.266e-18,1.276e-1,4.748e+2,6.249e-8,4.387e-1,1.276e-4,2.121e-20,4.323e-22,1.841e-17,2.656e-20,6.094e-29,9.013e-20,9.019e-23,1.476e-1,1.646e-17,7.989e+0,7.280e+1,9.448e-20,8.102e+1,4.621e-18,,3.478e+0,7.077e-19,,7.756e-7,,,2.921e-1,,5.985e-19,,8.605e-19,,1.934e-1,,1.987e-17,,6.360e-18,1.369e-16
457.38,6.211e+2,8.101e-21,6.695e-28,4.620e-39,3.109e-20,,,2.887e-19,7.415e-20,,3.490e-15,9.518e-5,7.930e-26,1.024e-17,1.963e-21,4.382e-9,7.152e-21,1.138e-25,,9.067e-1,4.165e-20,4.089e-18,9.621e-2,4.533e+2,6.869e-8,4.123e-1,1.484e-4,2.129e-20,4.328e-22,1.843e-17,2.657e-20,6.095e-29,9.015e-20,9.020e-23,1.756e-1,1.642e-17,7.167e+0,7.637e+1,9.496e-20,7.815e+1,4.620e-18,,4.021e+0,7.083e-19,,1.349e-6,,,3.273e-1,,5.985e-19,,8.592e-19,,1.981e-1,,1.987e-17,,6.331e-18,1.369e-16
457.4,6.054e+2,8.105e-21,6.656e-28,4.655e-39,3.109e-20,,,2.889e-19,7.404e-20,,3.490e-15,1.184e-4,7.913e-26,1.024e-17,1.963e-21,4.253e-9,7.151e-21,1.142e-25,,1.003e+0,4.166e-20,3.956e-18,7.933e-2,4.375e+2,7.285e-8,3.945e-1,1.745e-4,2.134e-20,4.331e-22,1.844e-17,2.658e-20,6.095e-29,9.016e-20,9.021e-23,1.981e-1,1.639e-17,6.643e+0,7.857e+1,9.527e-20,7.599e+1,4.619e-18,,4.417e+0,7.087e-19,,1.942e-6,,,3.515e-1,,5.984e-19,,8.584e-19,,2.019e-1,,1.987e-17,,6.312e-18,1.369e-16
457.43,5.795e+2,8.112e-21,6.599e-28,4.707e-39,3.110e-20,,,2.891e-19,7.388e-20,,3.489e-15,1.632e-4,7.889e-26,1.024e-17,1.963e-21,4.066e-9,7.150e-21,1.148e-25,,1.160e+0,4.169e-20,3.740e-18,5.899e-2,4.122e+2,7.908e-8,3.678e-1,2.357e-4,2.142e-20,4.336e-22,1.847e-17,2.658e-20,6.096e-29,9.019e-20,9.022e-23,2.377e-1,1.635e-17,5.901e+0,8.156e+1,9.575e-20,7.243e+1,4.618e-18,,5.062e+0,7.092e-19,,3.331e-6,,,3.885e-1,,5.983e-19,,8.572e-19,,2.084e-1,,1.986e-17,,6.283e-18,1.370e-16
457.45,5.610e+2,8.116e-21,6.561e-28,4.742e-39,3.110e-20,,,2.893e-19,7.377e-20,,3.489e-15,2.012e-4,7.872e-26,1.024e-17,1.964e-21,3.945e-9,7.149e-21,1.153e-25,,1.274e+0,4.170e-20,3.585e-18,4.819e-2,3.943e+2,8.317e-8,3.501e-1,2.941e-4,3.747e-20,4.339e-22,1.848e-17,2.659e-20,6.096e-29,9.020e-20,9.023e-23,2.684e-1,1.633e-17,5.436e+0,8.334e+1,9.607e-20,6.988e+1,4.617e-18,,5.524e+0,7.096e-19,,4.753e-6,,,4.134e-1,,5.983e-19,,8.564e-19,,2.130e-1,,1.986e-17,,6.263e-18,1.370e-16
457.48,5.318e+2,8.122e-21,6.504e-28,4.793e-39,3.111e-20,,,2.896e-19,7.360e-20,,3.489e-15,2.737e-4,7.847e-26,1.024e-17,1.964e-21,3.768e-9,7.148e-21,1.159e-25,,1.458e+0,4.172e-20,3.343e-18,3.535e-2,3.665e+2,8.915e-8,3.241e-1,4.158e-4,8.610e-20,4.343e-22,1.850e-17,2.660e-20,6.097e-29,9.022e-20,9.024e-23,3.213e-1,1.629e-17,4.789e+0,8.565e+1,9.654e-20,6.585e+1,4.615e-18,,6.259e+0,7.102e-19,,8.044e-6,,,4.507e-1,,5.982e-19,,8.552e-19,,2.198e-1,,1.985e-17,,6.234e-18,1.370e-16
457.5,5.116e+2,8.127e-21,6.466e-28,4.828e-39,3.112e-20,,,2.897e-19,7.349e-20,,3.488e-15,3.346e-4,7.831e-26,1.024e-17,1.964e-21,3.651e-9,7.148e-21,1.163e-25,,1.589e+0,4.174e-20,3.176e-18,2.861e-2,3.474e+2,9.298e-8,3.071e-1,5.254e-4,1.493e-19,4.346e-22,1.852e-17,2.660e-20,6.097e-29,9.023e-20,9.025e-23,3.614e-1,1.626e-17,4.392e+0,8.695e+1,9.686e-20,6.307e+1,4.614e-18,,6.776e+0,7.106e-19,,1.137e-5,,,4.753e-1,,5.981e-19,,8.543e-19,,2.243e-1,,1.985e-17,,6.215e-18,1.370e-16
457.53,4.806e+2,8.133e-21,6.409e-28,4.880e-39,3.113e-20,,,2.900e-19,7.333e-20,,3.488e-15,4.491e-4,7.806e-26,1.024e-17,1.964e-21,3.478e-9,7.147e-21,1.169e-25,,1.798e+0,4.176e-20,2.921e-18,2.070e-2,3.185e+2,9.842e-8,2.826e-1,7.453e-4,3.384e-19,4.351e-22,1.854e-17,2.661e-20,6.098e-29,9.025e-20,9.027e-23,4.291e-1,1.622e-17,3.848e+0,8.854e+1,9.734e-20,5.883e+1,4.613e-18,,7.582e+0,7.112e-19,,1.899e-5,,,5.112e-1,,5.980e-19,,8.531e-19,,2.304e-1,,1.984e-17,,6.186e-18,1.371e-16
457.55,4.597e+2,8.138e-21,6.371e-28,4.915e-39,3.113e-20,,,2.902e-19,7.322e-20,,3.488e-15,5.440e-4,7.789e-26,1.024e-17,1.964e-21,3.362e-9,7.146e-21,1.174e-25,,1.946e+0,4.178e-20,2.750e-18,1.660e-2,2.993e+2,1.018e-7,2.669e-1,9.385e-4,5.813e-19,4.354e-22,1.856e-17,2.662e-20,6.098e-29,9.027e-20,9.028e-23,4.794e-1,1.620e-17,3.521e+0,8.936e+1,9.765e-20,5.599e+1,4.612e-18,,8.137e+0,7.115e-19,,2.660e-5,,,5.342e-1,,5.980e-19,,8.523e-19,,2.339e-1,,1.984e-17,,6.167e-18,1.371e-16
457.58,4.285e+2,8.144e-21,6.314e-28,4.966e-39,3.114e-20,,,2.904e-19,7.305e-20,,3.487e-15,7.207e-4,7.764e-26,1.024e-17,1.964e-21,3.187e-9,7.145e-21,1.180e-25,,2.179e+0,4.180e-20,2.494e-18,1.185e-2,2.707e+2,1.064e-7,2.444e-1,1.319e-3,1.300e-18,4.359e-22,1.858e-17,2.662e-20,6.099e-29,9.029e-20,9.029e-23,5.630e-1,1.616e-17,3.082e+0,9.021e+1,9.813e-20,5.178e+1,4.611e-18,,8.988e+0,7.121e-19,,4.381e-5,,,5.668e-1,,5.979e-19,,8.511e-19,,2.383e-1,,1.983e-17,,6.138e-18,1.371e-16
457.6,4.080e+2,8.148e-21,6.276e-28,5.001e-39,3.115e-20,,,2.906e-19,7.294e-20,,3.487e-15,8.654e-4,7.748e-26,1.024e-17,1.964e-21,3.070e-9,7.144e-21,1.184e-25,,2.341e+0,4.182e-20,2.327e-18,9.416e-3,2.520e+2,1.091e-7,2.303e-1,1.649e-3,2.214e-18,4.362e-22,1.859e-17,2.663e-20,6.099e-29,9.030e-20,9.030e-23,6.241e-1,1.613e-17,2.823e+0,9.055e+1,9.845e-20,4.904e+1,4.610e-18,,9.561e+0,7.125e-19,,6.082e-5,,,5.870e-1,,5.979e-19,,1.480e-18,,2.404e-1,,1.983e-17,,6.119e-18,1.372e-16
457.62,3.878e+2,8.153e-21,6.238e-28,5.036e-39,3.115e-20,,,2.908e-19,7.283e-20,,3.487e-15,1.036e-3,7.731e-26,1.024e-17,1.964e-21,2.951e-9,7.143e-21,1.188e-25,,2.509e+0,4.183e-20,2.163e-18,7.456e-3,2.337e+2,1.116e-7,2.168e-1,2.054e-3,3.756e-18,4.365e-22,1.861e-17,2.663e-20,6.099e-29,9.032e-20,9.031e-23,6.896e-1,1.610e-17,2.591e+0,9.069e+1,9.877e-20,4.638e+1,4.609e-18,,1.013e+1,7.129e-19,,8.414e-5,,,6.058e-1,,5.978e-19,,2.565e-18,,2.419e-1,,1.983e-17,,6.099e-18,1.372e-16
457.65,3.585e+2,8.159e-21,6.181e-28,5.088e-39,3.116e-20,,,2.910e-19,7.267e-20,,3.486e-15,1.347e-3,7.706e-26,1.024e-17,1.965e-21,2.771e-9,7.142e-21,1.194e-25,,2.769e+0,4.186e-20,1.924e-18,5.218e-3,2.074e+2,1.146e-7,1.978e-1,2.836e-3,8.242e-18,4.370e-22,1.863e-17,2.664e-20,6.100e-29,9.034e-20,9.032e-23,7.958e-1,1.607e-17,2.289e+0,9.058e+1,9.924e-20,4.257e+1,4.608e-18,,1.098e+1,7.134e-19,,1.360e-4,,,6.308e-1,,5.977e-19,,5.814e-18,,2.426e-1,,1.982e-17,,6.070e-18,1.372e-16
457.67,3.397e+2,8.163e-21,6.143e-28,5.122e-39,3.116e-20,,,2.912e-19,7.256e-20,,3.486e-15,1.598e-3,7.690e-26,1.024e-17,1.965e-21,2.650e-9,7.142e-21,1.199e-25,,2.948e+0,4.187e-20,1.772e-18,4.095e-3,1.906e+2,1.162e-7,1.860e-1,3.502e-3,1.386e-17,4.373e-22,1.864e-17,2.665e-20,6.100e-29,9.035e-20,9.033e-23,8.717e-1,1.604e-17,2.117e+0,9.029e+1,9.956e-20,4.018e+1,4.607e-18,,1.154e+1,7.138e-19,,1.864e-4,,,6.453e-1,,5.977e-19,,9.985e-18,,2.422e-1,,1.982e-17,,6.051e-18,1.372e-16
457.7,3.128e+2,8.170e-21,6.086e-28,5.174e-39,3.117e-20,,,2.914e-19,7.239e-20,,3.485e-15,2.051e-3,7.665e-26,1.024e-17,1.965e-21,2.468e-9,7.141e-21,1.205e-25,,3.221e+0,4.190e-20,1.556e-18,2.826e-3,1.669e+2,1.179e-7,1.696e-1,4.771e-3,3.000e-17,4.377e-22,1.867e-17,2.665e-20,6.101e-29,9.037e-20,9.034e-23,9.928e-1,1.600e-17,1.900e+0,8.956e+1,1.000e-19,3.686e+1,4.606e-18,,1.234e+1,7.144e-19,,2.971e-4,,,6.632e-1,,5.976e-19,,2.232e-17,,2.401e-1,,1.981e-17,,6.022e-18,1.373e-16
457.72,2.959e+2,8.174e-21,6.047e-28,5.209e-39,3.118e-20,,,2.916e-19,7.228e-20,,3.485e-15,2.412e-3,7.648e-26,1.024e-17,1.965e-21,2.345e-9,7.140e-21,1.209e-25,,3.407e+0,4.191e-20,1.420e-18,2.197e-3,1.520e+2,1.185e-7,1.595e-1,5.838e-3,4.999e-17,4.381e-22,1.868e-17,2.666e-20,6.101e-29,9.039e-20,9.035e-23,1.078e+0,1.597e-17,1.780e+0,8.888e+1,1.004e-19,3.483e+1,4.605e-18,,1.284e+1,7.148e-19,,4.036e-4,,,6.726e-1,,5.975e-19,,3.800e-17,,2.376e-1,,1.981e-17,,6.003e-18,1.373e-16
457.75,2.721e+2,8.181e-21,5.990e-28,5.261e-39,3.119e-20,,,2.919e-19,7.212e-20,,3.485e-15,3.056e-3,7.624e-26,1.024e-17,1.965e-21,2.163e-9,7.139e-21,1.215e-25,,3.688e+0,4.194e-20,1.229e-18,1.496e-3,1.312e+2,1.187e-7,1.455e-1,7.847e-3,1.068e-16,4.385e-22,1.870e-17,2.667e-20,6.102e-29,9.041e-20,9.037e-23,1.212e+0,1.593e-17,1.635e+0,8.761e+1,1.008e-19,3.210e+1,4.603e-18,,1.354e+1,7.153e-19,,6.348e-4,,,6.826e-1,,5.975e-19,,8.381e-17,,2.325e-1,,1.980e-17,,5.974e-18,1.373e-16
457.77,2.573e+2,8.185e-21,5.952e-28,5.295e-39,3.119e-20,,,2.920e-19,7.201e-20,,3.484e-15,3.563e-3,7.607e-26,1.024e-17,1.965e-21,2.041e-9,7.138e-21,2.120e-25,,3.876e+0,4.195e-20,1.111e-18,1.153e-3,1.184e+2,1.184e-7,1.370e-1,9.514e-3,1.763e-16,4.388e-22,1.872e-17,2.667e-20,6.102e-29,9.042e-20,9.038e-23,1.304e+0,1.591e-17,1.559e+0,8.660e+1,1.011e-19,3.049e+1,4.603e-18,,1.397e+1,7.157e-19,,8.545e-4,,,6.865e-1,,5.974e-19,,1.414e-16,,2.282e-1,,1.980e-17,,5.955e-18,1.373e-16
457.8,2.367e+2,8.192e-21,5.895e-28,5.347e-39,3.120e-20,,,2.923e-19,7.184e-20,,3.484e-15,4.456e-3,7.582e-26,1.024e-17,1.965e-21,1.862e-9,7.137e-21,4.854e-25,,4.157e+0,4.198e-20,9.490e-19,7.740e-4,1.008e+2,1.171e-7,1.252e-1,1.262e-2,3.716e-16,4.393e-22,1.874e-17,2.668e-20,6.103e-29,9.044e-20,9.039e-23,1.446e+0,1.587e-17,1.471e+0,8.485e+1,1.016e-19,2.839e+1,4.601e-18,,1.454e+1,7.163e-19,,1.326e-3,,,6.884e-1,,5.973e-19,,3.076e-16,,2.203e-1,,1.979e-17,,5.926e-18,1.374e-16
457.82,2.242e+2,8.196e-21,5.857e-28,5.382e-39,3.120e-20,,,2.925e-19,7.173e-20,,3.484e-15,5.151e-3,7.566e-26,1.024e-17,1.965e-21,1.745e-9,7.136e-21,8.393e-25,,4.343e+0,4.199e-20,8.503e-19,5.908e-4,9.019e+1,1.158e-7,1.179e-1,1.516e-2,6.080e-16,4.396e-22,1.876e-17,2.668e-20,6.103e-29,9.046e-20,9.040e-23,1.542e+0,1.584e-17,1.428e+0,8.355e+1,1.019e-19,2.720e+1,4.600e-18,,1.486e+1,7.167e-19,,1.769e-3,,,6.870e-1,,5.973e-19,,5.142e-16,,2.143e-1,,1.979e-17,,5.906e-18,1.374e-16
457.85,2.068e+2,8.202e-21,5.800e-28,5.434e-39,3.121e-20,,,2.927e-19,7.157e-20,,3.483e-15,6.361e-3,7.541e-26,1.024e-17,1.966e-21,1.573e-9,7.135e-21,1.896e-24,,4.618e+0,4.202e-20,7.163e-19,3.913e-4,7.576e+1,1.132e-7,1.079e-1,1.983e-2,1.264e-15,4.401e-22,1.878e-17,2.669e-20,6.104e-29,9.048e-20,9.041e-23,1.687e+0,1.580e-17,1.382e+0,8.141e+1,1.024e-19,2.572e+1,4.599e-18,,1.525e+1,7.173e-19,,2.707e-3,,,6.814e-1,,5.972e-19,,1.104e-15,,2.042e-1,,1.978e-17,,5.877e-18,1.374e-16
457.87,1.963e+2,8.207e-21,5.762e-28,5.468e-39,3.122e-20,,,2.929e-19,7.146e-20,,3.483e-15,7.290e-3,7.524e-26,1.024e-17,1.966e-21,1.463e-9,7.135e-21,3.249e-24,,4.798e+0,4.203e-20,6.359e-19,2.960e-4,6.714e+1,1.110e-7,1.018e-1,2.360e-2,2.050e-15,4.404e-22,1.879e-17,2.670e-20,6.104e-29,9.049e-20,9.042e-23,1.783e+0,1.578e-17,1.363e+0,7.987e+1,1.027e-19,2.492e+1,4.598e-18,,1.544e+1,7.176e-19,,3.578e-3,,,6.754e-1,,5.971e-19,,1.829e-15,,1.968e-1,,1.978e-17,,5.858e-18,1.375e-16
457.9,1.820e+2,8.213e-21,5.705e-28,5.520e-39,3.123e-20,,,2.931e-19,7.129e-20,,3.482e-15,8.888e-3,7.499e-26,1.024e-17,1.966e-21,1.303e-9,7.133e-21,7.238e-24,,5.060e+0,4.205e-20,5.284e-19,1.933e-4,5.563e+1,1.071e-7,9.326e-2,3.046e-2,4.205e-15,4.408e-22,1.882e-17,2.670e-20,6.105e-29,9.051e-20,9.043e-23,1.925e+0,1.574e-17,1.347e+0,7.739e+1,1.032e-19,2.401e+1,4.597e-18,,1.564e+1,7.182e-19,,5.403e-3,,,6.638e-1,,5.971e-19,,3.874e-15,,1.850e-1,,1.977e-17,,5.829e-18,1.375e-16
457.92,1.733e+2,8.217e-21,5.667e-28,5.555e-39,3.123e-20,,,2.933e-19,7.118e-20,,3.482e-15,1.010e-2,7.483e-26,1.024e-17,1.966e-21,1.201e-9,7.133e-21,1.229e-23,,5.229e+0,4.207e-20,4.648e-19,1.449e-4,4.885e+1,1.042e-7,8.799e-2,3.594e-2,6.757e-15,4.412e-22,1.883e-17,2.671e-20,6.105e-29,9.053e-20,9.044e-23,2.017e+0,1.571e-17,1.343e+0,7.564e+1,1.035e-19,2.356e+1,4.596e-18,,1.569e+1,7.186e-19,,7.078e-3,,,6.546e-1,,5.970e-19,,6.360e-15,,1.767e-1,,1.977e-17,,5.810e-18,1.375e-16
457.95,1.615e+2,8.224e-21,5.610e-28,5.607e-39,3.124e-20,,,2.936e-19,7.102e-20,,3.482e-15,1.216e-2,7.458e-26,1.024e-17,1.966e-21,1.057e-9,7.132e-21,2.702e-23,,5.473e+0,4.209e-20,3.809e-19,9.336e-5,3.992e+1,9.933e-8,8.062e-2,4.574e-2,1.367e-14,4.416e-22,1.885e-17,2.672e-20,6.106e-29,9.055e-20,9.046e-23,2.148e+0,1.567e-17,1.343e+0,7.287e+1,1.040e-19,2.311e+1,4.595e-18,,1.567e+1,7.192e-19,,1.054e-2,,,6.393e-1,,5.969e-19,,1.329e-14,,1.639e-1,,1.977e-17,,5.781e-18,1.376e-16
457.97,1.543e+2,8.228e-21,5.572e-28,5.641e-39,3.124e-20,,,2.937e-19,7.091e-20,,3.481e-15,1.370e-2,7.441e-26,1.024e-17,1.966e-21,9.665e-10,7.131e-21,4.548e-23,,5.628e+0,4.211e-20,3.321e-19,6.933e-5,3.473e+1,9.581e-8,7.603e-2,5.348e-2,2.178e-14,4.419e-22,1.887e-17,2.672e-20,6.106e-29,9.056e-20,9.047e-23,2.230e+0,1.565e-17,1.346e+0,7.094e+1,1.043e-19,2.294e+1,4.594e-18,,1.559e+1,7.195e-19,,1.369e-2,,,6.286e-1,,5.969e-19,,2.162e-14,,1.551e-1,,1.976e-17,,5.762e-18,1.376e-16
457.99,1.477e+2,8.233e-21,5.534e-28,5.676e-39,3.125e-20,,,2.939e-19,7.080e-20,,3.481e-15,1.539e-2,7.425e-26,1.024e-17,1.966e-21,8.806e-10,7.130e-21,7.627e-23,,5.777e+0,4.213e-20,2.884e-19,5.129e-5,3.011e+1,9.211e-8,7.166e-2,6.230e-2,3.456e-14,4.422e-22,1.888e-17,2.673e-20,6.106e-29,9.057e-20,9.048e-23,2.307e+0,1.562e-17,1.351e+0,6.895e+1,1.046e-19,2.286e+1,4.593e-18,,1.544e+1,7.199e-19,,1.770e-2,,,6.180e-1,,5.968e-19,,3.506e-14,,1.463e-1,,1.976e-17,,5.742e-18,1.376e-16
458.02,1.387e+2,8.239e-21,5.477e-28,5.728e-39,3.126e-20,,,2.942e-19,7.063e-20,,3.481e-15,1.820e-2,7.400e-26,1.024e-17,1.966e-21,7.610e-10,7.129e-21,1.645e-22,,5.987e+0,4.215e-20,2.319e-19,3.242e-5,2.414e+1,8.628e-8,6.550e-2,7.780e-2,6.862e-14,4.427e-22,1.891e-17,2.673e-20,6.107e-29,9.059e-20,9.049e-23,2.411e+0,1.558e-17,1.357e+0,6.585e+1,1.051e-19,2.287e+1,4.591e-18,,1.513e+1,7.205e-19,,2.587e-2,,,6.030e-1,,5.967e-19,,7.188e-14,,1.331e-1,,1.975e-17,,5.713e-18,1.376e-16
458.04,1.331e+2,8.243e-21,5.439e-28,5.763e-39,3.126e-20,,,2.943e-19,7.052e-20,,3.480e-15,2.027e-2,7.384e-26,1.024e-17,1.967e-21,6.874e-10,7.129e-21,2.734e-22,,6.118e+0,4.216e-20,1.996e-19,2.376e-5,2.074e+1,8.226e-8,6.162e-2,8.981e-2,1.079e-13,4.430e-22,1.892e-17,2.674e-20,6.107e-29,9.061e-20,9.050e-23,2.471e+0,1.555e-17,1.361e+0,6.371e+1,1.054e-19,2.295e+1,4.591e-18,,1.486e+1,7.209e-19,,3.316e-2,,,5.942e-1,,5.967e-19,,1.155e-13,,1.244e-1,,1.975e-17,,5.694e-18,1.377e-16
458.07,1.255e+2,8.250e-21,5.381e-28,5.814e-39,3.127e-20,,,2.946e-19,7.036e-20,,3.480e-15,2.369e-2,7.359e-26,1.024e-17,1.967e-21,5.862e-10,7.127e-21,5.819e-22,,6.301e+0,4.219e-20,1.582e-19,1.481e-5,1.640e+1,7.610e-8,5.612e-2,1.106e-1,2.114e-13,4.435e-22,1.894e-17,2.675e-20,6.108e-29,9.063e-20,9.051e-23,2.548e+0,1.552e-17,1.363e+0,6.043e+1,1.059e-19,2.313e+1,4.589e-18,,1.436e+1,7.214e-19,,4.781e-2,,,5.839e-1,,5.966e-19,,2.336e-13,,1.116e-1,,1.974e-17,,5.665e-18,1.377e-16
458.09,1.207e+2,8.254e-21,5.343e-28,5.849e-39,3.128e-20,,,2.948e-19,7.025e-20,,3.480e-15,2.617e-2,7.342e-26,1.024e-17,1.967e-21,5.249e-10,7.127e-21,9.585e-22,,6.413e+0,4.220e-20,1.349e-19,1.076e-5,1.396e+1,7.195e-8,5.265e-2,1.266e-1,3.295e-13,4.438e-22,1.896e-17,2.675e-20,6.108e-29,9.064e-20,9.052e-23,2.589e+0,1.549e-17,1.361e+0,5.819e+1,1.062e-19,2.329e+1,4.588e-18,,1.397e+1,7.218e-19,,6.073e-2,,,5.798e-1,,5.965e-19,,3.719e-13,,1.034e-1,,1.974e-17,,5.646e-18,1.377e-16
458.12,1.141e+2,8.261e-21,5.286e-28,5.901e-39,3.128e-20,,,2.950e-19,7.008e-20,,3.479e-15,3.020e-2,7.317e-26,1.024e-17,1.967e-21,4.417e-10,7.126e-21,2.012e-21,,6.567e+0,4.223e-20,1.056e-19,6.616e-6,1.089e+1,6.574e-8,4.773e-2,1.538e-1,6.368e-13,4.443e-22,1.898e-17,2.676e-20,6.109e-29,9.066e-20,9.053e-23,2.634e+0,1.545e-17,1.354e+0,5.477e+1,1.067e-19,2.353e+1,4.587e-18,,1.332e+1,7.224e-19,,8.637e-2,,,5.786e-1,,5.965e-19,,7.423e-13,,9.152e-2,,1.973e-17,,5.617e-18,1.377e-16
458.14,1.099e+2,8.265e-21,5.248e-28,5.936e-39,3.129e-20,,,2.952e-19,6.997e-20,,3.479e-15,3.309e-2,7.301e-26,1.024e-17,1.967e-21,3.920e-10,7.125e-21,3.285e-21,,6.659e+0,4.224e-20,8.919e-20,4.762e-6,9.184e+0,6.164e-8,4.463e-2,1.743e-1,9.835e-13,4.446e-22,1.899e-17,2.676e-20,6.109e-29,9.068e-20,9.054e-23,2.652e+0,1.542e-17,1.344e+0,5.246e+1,1.070e-19,2.369e+1,4.586e-18,,1.284e+1,7.228e-19,,1.087e-1,,,5.820e-1,,5.964e-19,,1.171e-12,,8.399e-2,,1.973e-17,,5.598e-18,1.378e-16
458.17,1.039e+2,8.271e-21,5.191e-28,5.987e-39,3.130e-20,,,2.954e-19,6.981e-20,,3.479e-15,3.773e-2,7.276e-26,1.024e-17,1.967e-21,3.255e-10,7.124e-21,6.804e-21,,6.782e+0,4.227e-20,6.881e-20,2.888e-6,7.066e+0,5.561e-8,4.025e-2,2.090e-1,1.875e-12,4.450e-22,1.902e-17,2.677e-20,6.110e-29,9.070e-20,9.056e-23,2.662e+0,1.538e-17,1.324e+0,4.897e+1,1.075e-19,2.390e+1,4.585e-18,,1.207e+1,7.233e-19,,1.525e-1,,,5.945e-1,,5.963e-19,,2.306e-12,,7.334e-2,,1.973e-17,,5.569e-18,1.378e-16
458.19,1.001e+2,8.276e-21,5.153e-28,6.022e-39,3.130e-20,,,2.956e-19,6.970e-20,,3.478e-15,4.101e-2,7.259e-26,1.024e-17,1.967e-21,2.862e-10,7.123e-21,1.101e-20,,6.853e+0,4.228e-20,5.762e-20,2.059e-6,5.906e+0,5.171e-8,3.751e-2,2.348e-1,2.870e-12,4.453e-22,1.903e-17,2.678e-20,6.110e-29,9.071e-20,9.057e-23,2.656e+0,1.536e-17,1.305e+0,4.664e+1,1.078e-19,2.400e+1,4.584e-18,,1.153e+1,7.237e-19,,1.903e-1,,,6.084e-1,,5.963e-19,,3.606e-12,,6.669e-2,,1.972e-17,,5.549e-18,1.378e-16
458.22,9.457e+1,8.282e-21,5.096e-28,6.074e-39,3.131e-20,,,2.959e-19,6.953e-20,,3.478e-15,4.620e-2,7.235e-26,1.024e-17,1.967e-21,2.345e-10,7.122e-21,2.249e-20,,6.945e+0,4.231e-20,4.385e-20,1.232e-6,4.482e+0,4.607e-8,3.369e-2,2.776e-1,5.399e-12,4.458e-22,1.905e-17,2.678e-20,6.111e-29,9.073e-20,9.058e-23,2.630e+0,1.532e-17,1.271e+0,4.314e+1,1.083e-19,2.409e+1,4.583e-18,,1.070e+1,7.243e-19,,2.634e-1,,,6.387e-1,,5.962e-19,,7.005e-12,,5.744e-2,,1.972e-17,,5.520e-18,1.379e-16
458.24,9.104e+1,8.287e-21,5.058e-28,6.109e-39,3.132e-20,,,2.960e-19,6.942e-20,,3.478e-15,4.982e-2,7.218e-26,1.024e-17,1.968e-21,2.044e-10,7.122e-21,3.606e-20,,6.995e+0,4.232e-20,3.638e-20,8.704e-7,3.712e+0,4.248e-8,3.134e-2,3.091e-1,8.190e-12,4.461e-22,1.907e-17,2.679e-20,6.111e-29,9.075e-20,9.059e-23,2.601e+0,1.529e-17,1.243e+0,4.083e+1,1.086e-19,2.409e+1,4.582e-18,,1.013e+1,7.247e-19,,3.256e-1,,,6.658e-1,,5.961e-19,,1.086e-11,,5.176e-2,,1.971e-17,,5.501e-18,1.379e-16
458.27,8.591e+1,8.293e-21,5.001e-28,6.161e-39,3.133e-20,,,2.963e-19,6.926e-20,,3.477e-15,5.546e-2,7.193e-26,1.024e-17,1.968e-21,1.652e-10,7.120e-21,7.271e-20,,7.054e+0,4.235e-20,2.731e-20,5.135e-7,2.778e+0,3.738e-8,2.813e-2,3.605e-1,1.520e-11,4.466e-22,1.909e-17,2.680e-20,6.112e-29,9.077e-20,9.060e-23,2.541e+0,1.525e-17,1.196e+0,3.740e+1,1.091e-19,2.402e+1,4.580e-18,,9.267e+0,7.253e-19,,4.445e-1,,,7.178e-1,,5.961e-19,,2.080e-11,,4.398e-2,,1.971e-17,,5.472e-18,1.379e-16
458.29,8.262e+1,8.297e-21,4.963e-28,6.195e-39,3.133e-20,,,2.964e-19,6.915e-20,,3.477e-15,5.933e-2,7.177e-26,1.024e-17,1.968e-21,1.427e-10,7.120e-21,1.155e-19,,7.082e+0,4.236e-20,2.245e-20,3.595e-7,2.280e+0,3.417e-8,2.621e-2,3.977e-1,2.285e-11,4.469e-22,1.911e-17,2.680e-20,6.112e-29,9.078e-20,9.061e-23,2.491e+0,1.523e-17,1.160e+0,3.516e+1,1.094e-19,2.392e+1,4.580e-18,,8.694e+0,7.256e-19,,5.446e-1,,,7.605e-1,,5.960e-19,,3.195e-11,,3.927e-2,,1.970e-17,,5.453e-18,1.379e-16
458.32,7.785e+1,8.304e-21,4.906e-28,6.247e-39,3.134e-20,,,2.967e-19,6.898e-20,,3.476e-15,6.528e-2,7.152e-26,1.024e-17,1.968e-21,1.138e-10,7.119e-21,2.298e-19,,7.106e+0,4.238e-20,1.662e-20,2.092e-7,1.683e+0,2.969e-8,2.367e-2,4.576e-1,4.183e-11,4.474e-22,1.913e-17,2.681e-20,6.113e-29,9.080e-20,9.062e-23,2.401e+0,1.519e-17,1.101e+0,3.188e+1,1.099e-19,2.369e+1,4.578e-18,,7.847e+0,7.262e-19,,7.334e-1,,,8.373e-1,,5.959e-19,,6.041e-11,,3.291e-2,,1.970e-17,,5.424e-18,1.380e-16
458.34,7.481e+1,8.308e-21,4.868e-28,6.282e-39,3.134e-20,,,2.969e-19,6.887e-20,,3.476e-15,6.931e-2,7.135e-26,1.024e-17,1.968e-21,9.737e-11,7.118e-21,3.618e-19,,7.111e+0,4.240e-20,1.354e-20,1.451e-7,1.369e+0,2.692e-8,2.222e-2,5.003e-1,6.232e-11,4.477e-22,1.914e-17,2.681e-20,6.113e-29,9.082e-20,9.063e-23,2.332e+0,1.516e-17,1.059e+0,2.976e+1,1.102e-19,2.348e+1,4.577e-18,,7.295e+0,7.266e-19,,8.904e-1,,,8.972e-1,,5.959e-19,,9.194e-11,,2.912e-2,,1.969e-17,,5.405e-18,1.380e-16
458.36,7.188e+1,8.312e-21,4.830e-28,6.316e-39,3.135e-20,,,2.970e-19,6.876e-20,,3.476e-15,7.336e-2,7.119e-26,1.024e-17,1.968e-21,8.304e-11,7.117e-21,5.676e-19,,7.106e+0,4.242e-20,1.099e-20,1.003e-7,1.109e+0,2.432e-8,2.098e-2,5.449e-1,9.251e-11,4.480e-22,1.916e-17,2.682e-20,6.113e-29,9.083e-20,9.064e-23,2.258e+0,1.514e-17,1.015e+0,2.769e+1,1.105e-19,2.323e+1,4.576e-18,,6.757e+0,7.270e-19,,1.077e+0,,,9.643e-1,,5.958e-19,,1.394e-10,,2.568e-2,,1.969e-17,,5.385e-18,1.380e-16
458.39,6.772e+1,8.319e-21,4.772e-28,6.368e-39,3.136e-20,,,2.973e-19,6.860e-20,,3.475e-15,7.942e-2,7.094e-26,1.024e-17,1.968e-21,6.495e-11,7.116e-21,1.108e-18,,7.080e+0,4.244e-20,7.982e-21,5.726e-8,8.032e-1,2.076e-8,1.954e-2,6.152e-1,1.662e-10,4.485e-22,1.918e-17,2.683e-20,6.114e-29,9.085e-20,9.066e-23,2.136e+0,1.510e-17,9.466e-1,2.473e+1,1.110e-19,2.281e+1,4.575e-18,,5.983e+0,7.275e-19,,1.423e+0,,,1.078e+0,,5.957e-19,,2.587e-10,,2.112e-2,,1.968e-17,,5.356e-18,1.381e-16
458.41,6.513e+1,8.323e-21,4.734e-28,6.403e-39,3.136e-20,,,2.975e-19,6.849e-20,,3.475e-15,8.343e-2,7.077e-26,1.024e-17,1.968e-21,5.489e-11,7.116e-21,1.723e-18,,7.050e+0,4.246e-20,6.420e-21,3.922e-8,6.448e-1,1.860e-8,1.887e-2,6.640e-1,2.445e-10,4.488e-22,1.920e-17,2.683e-20,6.114e-29,9.087e-20,9.067e-23,2.049e+0,1.507e-17,8.993e-1,2.284e+1,1.113e-19,2.250e+1,4.574e-18,,5.493e+0,7.279e-19,,1.706e+0,,,1.163e+0,,5.957e-19,,3.888e-10,,1.845e-2,,1.968e-17,,5.337e-18,1.381e-16
458.44,6.155e+1,8.330e-21,4.677e-28,6.455e-39,3.137e-20,,,2.977e-19,6.832e-20,,3.475e-15,8.931e-2,7.052e-26,1.024e-17,1.969e-21,4.236e-11,7.114e-21,3.317e-18,,6.985e+0,4.248e-20,4.599e-21,2.208e-8,4.607e-1,1.567e-8,1.834e-2,7.394e-1,4.333e-10,4.492e-22,1.922e-17,2.684e-20,6.115e-29,9.089e-20,9.068e-23,1.913e+0,1.503e-17,8.273e-1,2.016e+1,1.118e-19,2.202e+1,4.573e-18,,4.799e+0,7.285e-19,,2.224e+0,,,1.304e+0,,5.956e-19,,7.116e-10,,1.498e-2,,1.968e-17,,5.308e-18,1.381e-16
458.46,5.940e+1,8.334e-21,4.639e-28,6.489e-39,3.138e-20,,,2.979e-19,6.821e-20,,3.474e-15,9.310e-2,7.036e-26,1.024e-17,1.969e-21,3.547e-11,7.114e-21,5.111e-18,,6.928e+0,4.249e-20,3.665e-21,1.498e-8,3.665e-1,1.392e-8,1.832e-2,7.909e-1,6.318e-10,4.495e-22,1.923e-17,2.684e-20,6.115e-29,9.090e-20,9.069e-23,1.820e+0,1.501e-17,7.791e-1,1.847e+1,1.121e-19,2.170e+1,4.572e-18,,4.366e+0,7.289e-19,,2.642e+0,,,1.406e+0,,5.955e-19,,1.060e-9,,1.298e-2,,1.967e-17,,5.289e-18,1.381e-16
458.49,5.655e+1,8.341e-21,4.582e-28,6.541e-39,3.138e-20,,,2.981e-19,6.805e-20,,3.474e-15,9.856e-2,7.011e-26,1.024e-17,1.969e-21,2.700e-11,7.113e-21,9.711e-18,,6.822e+0,4.252e-20,2.590e-21,8.319e-9,2.582e-1,1.159e-8,1.885e-2,8.689e-1,1.105e-9,4.500e-22,1.926e-17,2.685e-20,6.116e-29,9.092e-20,9.070e-23,1.677e+0,1.497e-17,7.073e-1,1.611e+1,1.126e-19,2.125e+1,4.571e-18,,3.764e+0,7.294e-19,,3.398e+0,,,1.571e+0,,5.955e-19,,1.914e-9,,1.041e-2,,1.967e-17,,5.260e-18,1.382e-16
458.51,5.494e+1,8.345e-21,4.544e-28,6.576e-39,3.139e-20,,,2.983e-19,6.794e-20,,3.474e-15,1.020e-1,6.994e-26,1.024e-17,1.969e-21,2.240e-11,7.112e-21,1.483e-17,,6.738e+0,4.253e-20,2.045e-21,5.594e-9,2.035e-1,1.021e-8,1.959e-2,9.209e-1,1.596e-9,4.503e-22,1.927e-17,2.686e-20,6.116e-29,9.093e-20,9.071e-23,1.582e+0,1.494e-17,6.602e-1,1.464e+1,1.129e-19,2.098e+1,4.570e-18,,3.395e+0,7.298e-19,,4.000e+0,,,1.687e+0,,5.954e-19,,2.825e-9,,8.960e-3,,1.966e-17,,5.241e-18,1.382e-16
458.54,5.299e+1,8.351e-21,4.487e-28,6.628e-39,3.140e-20,,,2.986e-19,6.777e-20,,3.473e-15,1.068e-1,6.970e-26,1.024e-17,1.969e-21,1.682e-11,7.111e-21,2.779e-17,,6.590e+0,4.256e-20,1.426e-21,3.064e-9,1.415e-1,8.383e-9,2.135e-2,9.980e-1,2.753e-9,4.508e-22,1.929e-17,2.686e-20,6.117e-29,9.096e-20,9.072e-23,1.440e+0,1.490e-17,5.916e-1,1.261e+1,1.134e-19,2.065e+1,4.568e-18,,2.891e+0,7.304e-19,,5.075e+0,,,1.871e+0,,5.953e-19,,5.032e-9,,7.125e-3,,1.966e-17,,5.212e-18,1.382e-16
458.56,5.204e+1,8.356e-21,4.449e-28,6.662e-39,3.140e-20,,,2.987e-19,6.766e-20,,3.473e-15,1.097e-1,6.953e-26,1.024e-17,1.969e-21,1.383e-11,7.110e-21,4.206e-17,,6.477e+0,4.257e-20,1.115e-21,2.041e-9,1.105e-1,7.321e-9,2.298e-2,1.048e+0,3.942e-9,4.511e-22,1.931e-17,2.687e-20,6.117e-29,9.097e-20,9.073e-23,1.347e+0,1.487e-17,5.476e-1,1.137e+1,1.137e-19,2.049e+1,4.568e-18,,2.586e+0,7.308e-19,,5.920e+0,,,1.999e+0,,5.953e-19,,7.362e-9,,6.108e-3,,1.965e-17,,5.192e-18,1.382e-16
458.59,5.116e+1,8.362e-21,4.392e-28,6.714e-39,3.141e-20,,,2.990e-19,6.750e-20,,3.473e-15,1.136e-1,6.928e-26,1.024e-17,1.969e-21,1.024e-11,7.109e-21,7.778e-17,,6.287e+0,4.260e-20,7.669e-22,1.103e-9,7.575e-2,5.937e-9,2.619e-2,1.121e+0,6.709e-9,4.516e-22,1.933e-17,2.688e-20,6.118e-29,9.099e-20,9.075e-23,1.212e+0,1.484e-17,4.846e-1,9.673e+0,1.142e-19,2.038e+1,4.566e-18,,2.177e+0,7.314e-19,,7.409e+0,,,2.195e+0,,5.952e-19,,1.294e-8,,4.855e-3,,1.965e-17,,5.163e-18,1.383e-16
458.61,5.098e+1,8.366e-21,4.354e-28,6.749e-39,3.142e-20,,,2.992e-19,6.739e-20,,3.472e-15,1.158e-1,6.912e-26,1.024e-17,1.969e-21,8.347e-12,7.108e-21,1.167e-16,,6.147e+0,4.261e-20,5.946e-22,7.279e-10,5.863e-2,5.140e-9,2.887e-2,1.166e+0,9.519e-9,4.519e-22,1.934e-17,2.688e-20,6.118e-29,9.100e-20,9.076e-23,1.126e+0,1.481e-17,4.450e-1,8.647e+0,1.145e-19,2.041e+1,4.565e-18,,1.935e+0,7.317e-19,,8.565e+0,,,2.328e+0,,5.951e-19,,1.876e-8,,4.183e-3,,1.964e-17,,5.144e-18,1.383e-16
458.64,5.134e+1,8.373e-21,4.297e-28,6.801e-39,3.142e-20,,,2.994e-19,6.722e-20,,3.472e-15,1.187e-1,6.887e-26,1.024e-17,1.970e-21,6.097e-12,7.107e-21,2.128e-16,,5.918e+0,4.264e-20,4.032e-22,3.878e-10,3.965e-2,4.115e-9,3.378e-2,1.230e+0,1.598e-8,4.523e-22,1.937e-17,2.689e-20,6.119e-29,9.103e-20,9.077e-23,1.003e+0,1.477e-17,3.893e-1,7.262e+0,1.150e-19,2.062e+1,4.564e-18,,1.615e+0,7.323e-19,,1.057e+1,,,2.528e+0,,5.951e-19,,3.252e-8,,3.392e-3,,1.964e-17,,5.115e-18,1.383e-16
458.66,5.203e+1,8.377e-21,4.259e-28,6.835e-39,3.143e-20,,,2.996e-19,6.711e-20,,3.472e-15,1.202e-1,6.870e-26,1.024e-17,1.970e-21,4.923e-12,7.107e-21,3.163e-16,,5.753e+0,4.265e-20,3.098e-22,2.537e-10,3.041e-2,3.533e-9,3.770e-2,1.269e+0,2.248e-8,4.526e-22,1.938e-17,2.689e-20,6.119e-29,9.104e-20,9.078e-23,9.267e-1,1.474e-17,3.550e-1,6.437e+0,1.153e-19,2.089e+1,4.563e-18,,1.429e+0,7.327e-19,,1.211e+1,,,2.660e+0,,5.950e-19,,4.673e-8,,2.997e-3,,1.964e-17,,5.096e-18,1.384e-16
458.69,5.377e+1,8.384e-21,4.202e-28,6.887e-39,3.144e-20,,,2.998e-19,6.695e-20,,3.471e-15,1.218e-1,6.845e-26,1.024e-17,1.970e-21,3.547e-12,7.106e-21,5.693e-16,,5.490e+0,4.268e-20,2.072e-22,1.333e-10,2.028e-2,2.792e-9,4.462e-2,1.320e+0,3.723e-8,4.531e-22,1.940e-17,2.690e-20,6.119e-29,9.106e-20,9.079e-23,8.207e-1,1.470e-17,3.078e-1,5.336e+0,1.158e-19,2.151e+1,4.562e-18,,1.190e+0,7.333e-19,,1.475e+1,,,2.853e+0,,5.949e-19,,7.993e-8,,2.586e-3,,1.963e-17,,5.067e-18,1.384e-16
458.71,5.541e+1,8.388e-21,4.163e-28,6.922e-39,3.144e-20,,,3.000e-19,6.684e-20,,3.471e-15,1.225e-1,6.829e-26,1.024e-17,1.970e-21,2.838e-12,7.105e-21,8.386e-16,,5.304e+0,4.269e-20,1.577e-22,8.641e-11,1.541e-2,2.376e-9,4.998e-2,1.349e+0,5.188e-8,4.534e-22,1.942e-17,2.691e-20,6.120e-29,9.107e-20,9.080e-23,7.563e-1,1.468e-17,2.792e-1,4.689e+0,1.161e-19,2.206e+1,4.561e-18,,1.055e+0,7.336e-19,,1.675e+1,,,2.977e+0,,5.949e-19,,1.138e-7,,2.427e-3,,1.963e-17,,5.048e-18,1.384e-16
458.74,5.864e+1,8.394e-21,4.106e-28,6.974e-39,3.145e-20,,,3.003e-19,6.667e-20,,3.470e-15,1.228e-1,6.804e-26,1.024e-17,1.970e-21,2.017e-12,7.104e-21,1.489e-15,,5.012e+0,4.271e-20,1.041e-22,4.478e-11,1.014e-2,1.853e-9,5.925e-2,1.384e+0,8.478e-8,4.539e-22,1.944e-17,2.692e-20,6.120e-29,9.109e-20,9.081e-23,6.698e-1,1.464e-17,2.408e-1,3.837e+0,1.165e-19,2.314e+1,4.560e-18,,8.865e-1,7.342e-19,,2.013e+1,,,3.153e+0,,5.948e-19,,1.921e-7,,2.354e-3,,1.962e-17,,5.019e-18,1.384e-16
458.76,6.131e+1,8.399e-21,7.160e-28,7.008e-39,3.146e-20,,,3.004e-19,6.656e-20,,3.470e-15,1.226e-1,6.788e-26,1.024e-17,1.970e-21,1.599e-12,7.103e-21,2.174e-15,,4.811e+0,4.273e-20,7.851e-23,2.876e-11,7.635e-3,1.564e-9,6.629e-2,1.402e+0,1.171e-7,4.542e-22,1.946e-17,2.692e-20,6.121e-29,9.111e-20,9.082e-23,6.191e-1,1.461e-17,2.181e-1,3.342e+0,1.169e-19,2.402e+1,4.559e-18,,7.957e-1,7.346e-19,,2.264e+1,,,3.262e+0,,5.947e-19,,2.710e-7,,2.417e-3,,1.962e-17,,4.999e-18,1.385e-16
458.78,6.439e+1,8.403e-21,1.244e-27,7.043e-39,3.146e-20,,,3.006e-19,6.645e-20,,3.470e-15,1.221e-1,6.771e-26,1.023e-17,1.970e-21,1.263e-12,7.102e-21,3.162e-15,,4.605e+0,4.275e-20,5.901e-23,1.841e-11,5.728e-3,1.315e-9,7.407e-2,1.415e+0,1.611e-7,4.545e-22,1.947e-17,2.693e-20,6.121e-29,9.112e-20,9.083e-23,5.742e-1,1.459e-17,1.978e-1,2.900e+0,1.172e-19,2.503e+1,4.558e-18,,7.209e-1,7.350e-19,,2.538e+1,,,3.362e+0,,5.947e-19,,3.810e-7,,2.573e-3,,1.961e-17,,4.980e-18,1.385e-16
458.81,6.979e+1,8.410e-21,3.382e-27,7.095e-39,3.147e-20,,,3.009e-19,6.629e-20,,3.469e-15,1.206e-1,6.746e-26,1.023e-17,1.970e-21,8.808e-13,7.101e-21,5.510e-15,,4.289e+0,4.277e-20,3.819e-23,9.359e-12,3.697e-3,1.007e-9,8.721e-2,1.424e+0,2.584e-7,4.550e-22,1.949e-17,2.693e-20,6.122e-29,9.114e-20,9.085e-23,5.178e-1,1.455e-17,1.717e-1,2.330e+0,1.177e-19,2.679e+1,4.556e-18,,6.370e-1,7.355e-19,,2.992e+1,,,3.496e+0,,5.946e-19,,6.310e-7,,2.990e-3,,1.961e-17,,4.951e-18,1.385e-16
458.83,7.391e+1,8.414e-21,5.836e-27,7.130e-39,3.148e-20,,,3.010e-19,6.618e-20,,3.469e-15,1.193e-1,6.730e-26,1.023e-17,1.971e-21,6.895e-13,7.101e-21,7.943e-15,,4.076e+0,4.279e-20,2.844e-23,5.938e-12,2.748e-3,8.392e-10,9.699e-2,1.424e+0,3.524e-7,4.553e-22,1.951e-17,2.694e-20,6.122e-29,9.116e-20,9.086e-23,4.878e-1,1.452e-17,1.570e-1,2.004e+0,1.180e-19,2.813e+1,4.556e-18,,5.989e-1,7.359e-19,,3.324e+1,,,3.572e+0,,5.945e-19,,8.792e-7,,3.402e-3,,1.960e-17,,4.932e-18,1.385e-16
458.86,8.084e+1,8.420e-21,1.314e-26,7.181e-39,3.148e-20,,,3.013e-19,6.601e-20,,3.469e-15,1.166e-1,6.705e-26,1.023e-17,1.971e-21,4.742e-13,7.100e-21,1.365e-14,,3.756e+0,4.281e-20,1.816e-23,2.986e-12,1.749e-3,6.344e-10,1.133e-1,1.415e+0,5.574e-7,4.557e-22,1.953e-17,2.695e-20,6.123e-29,9.118e-20,9.087e-23,4.540e-1,1.448e-17,1.391e-1,1.588e+0,1.185e-19,3.037e+1,4.554e-18,,5.670e-1,7.365e-19,,3.865e+1,,,3.664e+0,,5.945e-19,,1.436e-6,,4.248e-3,,1.960e-17,,4.903e-18,1.386e-16
458.88,8.594e+1,8.425e-21,2.247e-26,7.216e-39,3.149e-20,,,3.015e-19,6.590e-20,,3.468e-15,1.145e-1,6.688e-26,1.023e-17,1.971e-21,3.678e-13,7.099e-21,1.951e-14,,3.543e+0,4.282e-20,1.340e-23,1.888e-12,1.289e-3,5.242e-10,1.253e-1,1.402e+0,7.534e-7,4.561e-22,1.955e-17,2.695e-20,6.123e-29,9.119e-20,9.088e-23,4.392e-1,1.446e-17,1.297e-1,1.354e+0,1.188e-19,3.201e+1,4.553e-18,,5.618e-1,7.369e-19,,4.255e+1,,,3.710e+0,,5.944e-19,,1.983e-6,,4.983e-3,,1.960e-17,,4.884e-18,1.386e-16
458.91,9.429e+1,8.431e-21,5.088e-26,7.268e-39,3.150e-20,,,3.017e-19,6.574e-20,,3.468e-15,1.108e-1,6.663e-26,1.023e-17,1.971e-21,2.495e-13,7.098e-21,3.308e-14,,3.227e+0,4.285e-20,8.437e-24,9.646e-13,8.092e-4,3.911e-10,1.450e-1,1.374e+0,1.176e-6,4.565e-22,1.957e-17,2.696e-20,6.124e-29,9.121e-20,9.089e-23,4.283e-1,1.442e-17,1.194e-1,1.059e+0,1.192e-19,3.467e+1,4.552e-18,,5.771e-1,7.374e-19,,4.881e+1,,,3.756e+0,,5.943e-19,,3.197e-6,,6.385e-3,,1.959e-17,,4.855e-18,1.386e-16
458.93,1.003e+2,8.436e-21,8.866e-26,7.303e-39,3.150e-20,,,3.019e-19,6.563e-20,,3.468e-15,1.080e-1,6.647e-26,1.023e-17,1.971e-21,1.918e-13,7.097e-21,4.684e-14,,3.020e+0,4.286e-20,6.170e-24,6.423e-13,5.906e-4,3.203e-10,1.593e-1,1.349e+0,1.575e-6,4.568e-22,1.958e-17,2.696e-20,6.124e-29,9.123e-20,9.090e-23,4.288e-1,1.439e-17,1.150e-1,8.951e-1,1.196e-19,3.656e+1,4.551e-18,,6.024e-1,7.378e-19,,5.325e+1,,,3.769e+0,,5.943e-19,,4.375e-6,,7.547e-3,,1.959e-17,,4.835e-18,1.387e-16
458.96,1.098e+2,8.442e-21,1.948e-25,7.355e-39,3.151e-20,,,3.021e-19,6.546e-20,,3.467e-15,1.034e-1,6.622e-26,1.023e-17,1.971e-21,1.283e-13,7.096e-21,7.837e-14,,2.719e+0,4.289e-20,3.832e-24,4.223e-13,3.658e-4,2.359e-10,1.826e-1,1.304e+0,2.425e-6,4.573e-22,1.960e-17,2.697e-20,6.125e-29,9.125e-20,9.091e-23,4.408e-1,1.435e-17,1.117e-1,6.907e-1,1.200e-19,3.956e+1,4.550e-18,,6.623e-1,7.384e-19,,6.026e+1,,,3.763e+0,,5.942e-19,,6.956e-6,,9.692e-3,,1.958e-17,,4.806e-18,1.387e-16
458.98,1.165e+2,8.446e-21,3.276e-25,7.389e-39,3.152e-20,,,3.023e-19,6.535e-20,,3.467e-15,1.001e-1,6.605e-26,1.023e-17,1.971e-21,9.772e-14,7.095e-21,1.100e-13,,2.525e+0,4.290e-20,2.777e-24,4.056e-13,2.646e-4,1.915e-10,1.994e-1,1.269e+0,3.219e-6,4.576e-22,1.962e-17,2.698e-20,6.125e-29,9.126e-20,9.092e-23,4.564e-1,1.433e-17,1.117e-1,5.785e-1,1.204e-19,4.163e+1,4.549e-18,,7.169e-1,7.388e-19,,6.515e+1,,,3.743e+0,,5.941e-19,,9.434e-6,,1.143e-2,,1.958e-17,,4.787e-18,1.387e-16
459.01,1.269e+2,8.453e-21,7.103e-25,7.441e-39,3.152e-20,,,3.026e-19,6.519e-20,,3.467e-15,9.486e-2,6.581e-26,1.023e-17,1.971e-21,6.450e-14,7.094e-21,1.815e-13,,2.246e+0,4.293e-20,1.701e-24,5.687e-13,1.616e-4,1.392e-10,2.263e-1,1.209e+0,4.889e-6,4.581e-22,1.964e-17,2.698e-20,6.126e-29,9.128e-20,9.094e-23,4.909e-1,1.429e-17,1.149e-1,4.406e-1,1.208e-19,4.483e+1,4.548e-18,,8.205e-1,7.394e-19,,7.273e+1,,,3.687e+0,,5.941e-19,,1.480e-5,,1.456e-2,,1.957e-17,,4.758e-18,1.388e-16
459.03,1.340e+2,8.457e-21,1.184e-24,7.476e-39,3.153e-20,,,3.027e-19,6.508e-20,,3.466e-15,9.118e-2,6.564e-26,1.023e-17,1.972e-21,4.867e-14,7.094e-21,2.524e-13,,2.068e+0,4.294e-20,1.221e-24,8.404e-13,1.158e-4,1.120e-10,2.454e-1,1.166e+0,6.432e-6,4.584e-22,1.966e-17,2.699e-20,6.126e-29,9.130e-20,9.095e-23,5.213e-1,1.426e-17,1.191e-1,3.659e-1,1.212e-19,4.699e+1,4.547e-18,,9.041e-1,7.397e-19,,7.792e+1,,,3.633e+0,,5.940e-19,,1.989e-5,,1.706e-2,,1.957e-17,,4.739e-18,1.388e-16
459.06,1.449e+2,8.464e-21,2.534e-24,7.528e-39,3.154e-20,,,3.030e-19,6.491e-20,,3.466e-15,8.548e-2,6.539e-26,1.023e-17,7.358e-21,3.169e-14,7.093e-21,4.111e-13,,1.817e+0,4.297e-20,7.380e-25,1.651e-12,6.980e-5,8.031e-11,2.757e-1,1.097e+0,9.638e-6,4.588e-22,1.968e-17,2.700e-20,6.126e-29,9.132e-20,9.096e-23,5.777e-1,1.422e-17,1.282e-1,2.752e-1,1.216e-19,5.024e+1,4.545e-18,,1.051e+0,7.403e-19,,8.582e+1,,,3.531e+0,,5.939e-19,,3.079e-5,,2.149e-2,,1.956e-17,,4.710e-18,1.388e-16
459.08,1.522e+2,8.468e-21,4.188e-24,7.562e-39,3.154e-20,,,3.032e-19,6.480e-20,,3.466e-15,8.159e-2,6.523e-26,1.023e-17,1.278e-20,2.370e-14,7.092e-21,5.665e-13,,1.660e+0,4.298e-20,5.251e-25,2.636e-12,4.957e-5,6.406e-11,2.970e-1,1.048e+0,1.256e-5,4.592e-22,1.969e-17,2.700e-20,6.127e-29,9.133e-20,9.097e-23,6.223e-1,1.419e-17,1.362e-1,2.268e-1,1.219e-19,5.237e+1,4.545e-18,3.762e-19,1.164e+0,7.407e-19,,9.111e+1,,,3.448e+0,,5.939e-19,,4.101e-5,,2.497e-2,,1.956e-17,,4.691e-18,1.388e-16
459.11,1.630e+2,8.474e-21,8.843e-24,7.614e-39,3.155e-20,,,3.034e-19,6.464e-20,,3.465e-15,7.567e-2,6.498e-26,1.023e-17,2.905e-20,1.522e-14,7.091e-21,9.102e-13,,1.440e+0,4.301e-20,3.129e-25,5.336e-12,2.946e-5,4.534e-11,3.305e-1,9.725e-1,1.858e-5,4.596e-22,1.972e-17,2.701e-20,6.127e-29,9.135e-20,9.098e-23,6.993e-1,1.416e-17,1.509e-1,1.689e-1,1.224e-19,5.549e+1,4.543e-18,8.640e-19,1.355e+0,7.413e-19,,9.899e+1,,,3.306e+0,,5.938e-19,,6.261e-5,,3.106e-2,,1.955e-17,,4.662e-18,1.389e-16
459.13,1.701e+2,8.479e-21,1.449e-23,7.649e-39,3.156e-20,,,3.036e-19,6.453e-20,,3.465e-15,7.171e-2,6.481e-26,1.023e-17,5.001e-20,1.128e-14,7.090e-21,1.243e-12,,1.304e+0,4.302e-20,2.206e-25,8.516e-12,2.073e-5,3.585e-11,3.536e-1,9.209e-1,2.400e-5,4.599e-22,1.973e-17,2.701e-20,6.128e-29,9.137e-20,9.099e-23,7.571e-1,1.413e-17,1.625e-1,1.386e-1,1.227e-19,5.748e+1,4.542e-18,1.497e-18,1.496e+0,7.416e-19,,1.041e+2,,,3.199e+0,,5.937e-19,,8.265e-5,,3.578e-2,,1.955e-17,,4.642e-18,1.389e-16
459.15,1.769e+2,8.483e-21,2.366e-23,7.683e-39,3.156e-20,,,3.038e-19,6.442e-20,,3.465e-15,6.776e-2,6.465e-26,1.023e-17,8.577e-20,8.324e-15,7.089e-21,1.691e-12,,1.177e+0,4.304e-20,1.550e-25,1.355e-11,1.454e-5,2.824e-11,3.775e-1,8.689e-1,3.089e-5,4.602e-22,1.975e-17,2.702e-20,6.128e-29,9.138e-20,9.100e-23,8.198e-1,1.410e-17,1.754e-1,1.137e-1,1.231e-19,5.938e+1,4.541e-18,2.586e-18,1.649e+0,7.420e-19,,1.092e+2,,,3.085e+0,,5.937e-19,,1.087e-4,,4.106e-2,,1.955e-17,,4.623e-18,1.389e-16
459.18,1.867e+2,8.489e-21,4.903e-23,7.735e-39,3.157e-20,,,3.040e-19,6.425e-20,,3.464e-15,6.190e-2,6.440e-26,1.023e-17,1.914e-19,5.244e-15,7.088e-21,2.667e-12,,1.003e+0,4.306e-20,9.061e-26,2.703e-11,8.475e-6,1.962e-11,4.142e-1,7.909e-1,4.482e-5,4.607e-22,1.977e-17,2.703e-20,6.129e-29,9.140e-20,9.101e-23,9.224e-1,1.406e-17,1.975e-1,8.488e-2,1.235e-19,6.202e+1,4.540e-18,5.828e-18,1.899e+0,7.426e-19,,1.164e+2,,,2.902e+0,,5.936e-19,,1.629e-4,,5.015e-2,,1.954e-17,,4.594e-18,1.389e-16
459.2,1.928e+2,8.494e-21,7.936e-23,7.770e-39,3.158e-20,,,3.042e-19,6.414e-20,,3.464e-15,5.806e-2,6.423e-26,1.023e-17,3.253e-19,3.836e-15,7.088e-21,3.596e-12,,8.973e-1,4.308e-20,6.306e-26,4.263e-11,5.888e-6,1.532e-11,4.392e-1,7.394e-1,5.718e-5,4.610e-22,1.978e-17,2.703e-20,6.129e-29,9.141e-20,9.102e-23,9.959e-1,1.404e-17,2.138e-1,7.045e-2,1.239e-19,6.361e+1,4.539e-18,9.973e-18,2.079e+0,7.430e-19,,1.209e+2,,,2.773e+0,,5.936e-19,,2.123e-4,,5.705e-2,,1.954e-17,,4.575e-18,1.390e-16
459.23,2.012e+2,8.500e-21,1.623e-22,7.822e-39,3.158e-20,,,3.044e-19,6.398e-20,,3.463e-15,5.246e-2,6.398e-26,1.023e-17,7.161e-19,2.384e-15,7.087e-21,5.594e-12,,7.546e-1,4.310e-20,3.637e-26,8.390e-11,3.386e-6,1.050e-11,4.773e-1,6.640e-1,8.183e-5,4.615e-22,1.981e-17,2.704e-20,6.130e-29,9.143e-20,9.104e-23,1.113e+0,1.400e-17,2.409e-1,5.469e-2,1.243e-19,6.570e+1,4.538e-18,2.218e-17,2.368e+0,7.435e-19,,1.271e+2,,,2.573e+0,,5.935e-19,,3.138e-4,,6.877e-2,,1.953e-17,,4.546e-18,1.390e-16
459.25,2.062e+2,8.505e-21,2.604e-22,7.856e-39,3.159e-20,,,3.046e-19,6.387e-20,,3.463e-15,4.885e-2,6.382e-26,1.023e-17,1.206e-18,1.728e-15,7.086e-21,7.477e-12,,6.694e-1,4.312e-20,2.508e-26,1.312e-10,2.331e-6,8.127e-12,5.029e-1,6.152e-1,1.035e-4,4.618e-22,1.982e-17,2.704e-20,6.130e-29,9.145e-20,9.105e-23,1.195e+0,1.397e-17,2.606e-1,4.756e-2,1.246e-19,6.687e+1,4.537e-18,3.762e-17,2.571e+0,7.439e-19,,1.309e+2,,,2.436e+0,,5.934e-19,,4.054e-4,,7.754e-2,,1.953e-17,,4.527e-18,1.390e-16
459.28,2.126e+2,8.511e-21,5.258e-22,7.908e-39,3.160e-20,,,3.049e-19,6.370e-20,,3.463e-15,4.365e-2,6.357e-26,1.023e-17,2.621e-18,1.059e-15,7.085e-21,1.147e-11,,5.557e-1,4.314e-20,1.427e-26,2.547e-10,1.322e-6,5.496e-12,5.414e-1,5.449e-1,1.461e-4,4.623e-22,1.984e-17,2.705e-20,6.131e-29,9.147e-20,9.106e-23,1.323e+0,1.393e-17,2.926e-1,4.124e-2,1.251e-19,6.827e+1,4.536e-18,8.254e-17,2.891e+0,7.445e-19,,1.358e+2,,,2.230e+0,,5.933e-19,,5.911e-4,,9.222e-2,,1.952e-17,,4.498e-18,1.391e-16
459.3,2.161e+2,8.515e-21,8.362e-22,7.943e-39,3.160e-20,,,3.050e-19,6.359e-20,,3.462e-15,4.035e-2,6.340e-26,1.023e-17,4.376e-18,7.608e-16,7.084e-21,1.520e-11,,4.886e-1,4.316e-20,9.750e-27,3.946e-10,9.019e-7,4.216e-12,5.670e-1,5.003e-1,1.830e-4,4.626e-22,1.986e-17,2.706e-20,6.131e-29,9.148e-20,9.107e-23,1.410e+0,1.391e-17,3.157e-1,3.970e-2,1.254e-19,6.894e+1,4.535e-18,1.387e-16,3.113e+0,7.449e-19,,1.385e+2,,,2.092e+0,,5.933e-19,,7.567e-4,,1.031e-1,,1.952e-17,,4.478e-18,1.391e-16
459.33,2.202e+2,8.522e-21,1.666e-21,7.995e-39,3.161e-20,,,3.053e-19,6.343e-20,,3.462e-15,3.565e-2,6.316e-26,1.023e-17,9.377e-18,4.600e-16,7.083e-21,2.301e-11,,4.003e-1,4.318e-20,5.471e-27,7.560e-10,5.046e-7,2.814e-12,6.049e-1,4.371e-1,2.550e-4,4.630e-22,1.988e-17,2.706e-20,6.132e-29,9.150e-20,9.108e-23,1.543e+0,1.387e-17,3.529e-1,4.121e-2,1.259e-19,6.954e+1,4.533e-18,3.004e-16,3.455e+0,7.455e-19,,1.417e+2,,,1.889e+0,,5.932e-19,,1.089e-3,,1.210e-1,,1.951e-17,,4.449e-18,1.391e-16
459.35,2.220e+2,8.526e-21,2.627e-21,8.029e-39,3.162e-20,,,3.054e-19,6.332e-20,,3.462e-15,3.270e-2,6.299e-26,1.023e-17,1.552e-17,3.274e-16,7.082e-21,3.020e-11,,3.489e-1,4.319e-20,3.705e-27,1.161e-9,3.411e-7,2.139e-12,6.297e-1,3.977e-1,3.166e-4,4.633e-22,1.990e-17,2.707e-20,6.132e-29,9.152e-20,9.109e-23,1.632e+0,1.384e-17,3.795e-1,4.479e-2,1.262e-19,6.967e+1,4.533e-18,5.004e-16,3.687e+0,7.458e-19,,1.433e+2,,,1.757e+0,,5.932e-19,,1.381e-3,,1.340e-1,,1.951e-17,,4.430e-18,1.391e-16
459.38,2.234e+2,8.533e-21,5.165e-21,8.081e-39,3.162e-20,,,3.057e-19,6.315e-20,,3.461e-15,2.857e-2,6.274e-26,1.023e-17,3.282e-17,1.952e-16,7.081e-21,4.511e-11,,2.820e-1,4.322e-20,2.050e-27,2.194e-9,1.882e-7,1.409e-12,6.660e-1,3.428e-1,4.351e-4,4.638e-22,1.992e-17,2.708e-20,6.132e-29,9.154e-20,9.110e-23,1.764e+0,1.380e-17,4.222e-1,5.430e-2,1.267e-19,6.943e+1,4.531e-18,1.069e-15,4.037e+0,7.464e-19,,1.446e+2,,,1.565e+0,,5.931e-19,,1.961e-3,,1.553e-1,,1.950e-17,,4.401e-18,1.392e-16
459.4,2.234e+2,8.537e-21,8.072e-21,8.116e-39,3.163e-20,,,3.059e-19,6.304e-20,,3.461e-15,2.601e-2,6.258e-26,1.023e-17,5.382e-17,1.377e-16,7.081e-21,5.868e-11,,2.436e-1,4.323e-20,1.376e-27,3.339e-9,1.261e-7,1.061e-12,6.894e-1,3.091e-1,5.354e-4,4.641e-22,1.993e-17,2.708e-20,6.133e-29,9.155e-20,9.111e-23,1.850e+0,1.378e-17,4.526e-1,6.370e-2,1.270e-19,6.899e+1,4.530e-18,1.765e-15,4.270e+0,7.468e-19,,1.449e+2,,,1.442e+0,,5.930e-19,,2.465e-3,,1.706e-1,,1.950e-17,,4.382e-18,1.392e-16
459.43,2.221e+2,8.543e-21,1.567e-20,8.168e-39,3.164e-20,,,3.061e-19,6.288e-20,,3.460e-15,2.246e-2,6.233e-26,1.023e-17,1.123e-16,8.100e-17,7.080e-21,8.648e-11,,1.943e-1,4.326e-20,7.510e-28,6.227e-9,6.863e-8,6.895e-13,7.232e-1,2.628e-1,7.259e-4,4.646e-22,1.995e-17,2.709e-20,6.133e-29,9.157e-20,9.113e-23,1.975e+0,1.374e-17,5.014e-1,8.312e-2,1.275e-19,6.791e+1,4.529e-18,3.719e-15,4.613e+0,7.474e-19,,1.443e+2,,,1.267e+0,,5.929e-19,,3.452e-3,,1.951e-1,,1.950e-17,,4.353e-18,1.392e-16
459.45,2.203e+2,8.548e-21,2.427e-20,8.202e-39,3.164e-20,,,3.063e-19,6.277e-20,,3.460e-15,2.029e-2,6.216e-26,1.023e-17,1.825e-16,5.661e-17,7.079e-21,1.115e-10,,1.664e-1,4.327e-20,4.993e-28,9.392e-9,4.555e-8,5.149e-13,7.448e-1,2.348e-1,8.852e-4,4.649e-22,1.997e-17,2.709e-20,6.134e-29,9.159e-20,9.114e-23,2.054e+0,1.371e-17,5.362e-1,1.002e-1,1.278e-19,6.692e+1,4.528e-18,6.087e-15,4.835e+0,7.477e-19,,1.433e+2,,,1.157e+0,,5.929e-19,,4.301e-3,,2.124e-1,,1.949e-17,,4.334e-18,1.392e-16
459.48,2.162e+2,8.554e-21,4.649e-20,8.254e-39,3.165e-20,,,3.066e-19,6.260e-20,,3.460e-15,1.732e-2,6.191e-26,1.023e-17,3.758e-16,3.285e-17,7.078e-21,1.621e-10,,1.309e-1,4.330e-20,2.689e-28,1.728e-8,2.446e-8,3.301e-13,7.754e-1,1.969e-1,1.184e-3,4.654e-22,1.999e-17,2.710e-20,6.134e-29,9.161e-20,9.115e-23,2.166e+0,1.367e-17,5.920e-1,1.334e-1,1.283e-19,6.506e+1,4.527e-18,1.266e-14,5.154e+0,7.483e-19,,1.408e+2,,,1.003e+0,,5.928e-19,,5.942e-3,,2.398e-1,,1.949e-17,,4.305e-18,1.393e-16
459.5,2.127e+2,8.559e-21,7.140e-20,8.289e-39,3.166e-20,,,3.067e-19,6.249e-20,,3.459e-15,1.553e-2,6.175e-26,1.023e-17,6.054e-16,2.275e-17,7.077e-21,2.071e-10,,1.111e-1,4.331e-20,1.771e-28,2.583e-8,1.608e-8,2.443e-13,7.946e-1,1.743e-1,1.431e-3,4.657e-22,2.001e-17,2.711e-20,6.135e-29,9.162e-20,9.116e-23,2.235e+0,1.364e-17,6.318e-1,1.614e-1,1.286e-19,6.359e+1,4.526e-18,2.053e-14,5.353e+0,7.487e-19,,1.385e+2,,,9.072e-1,,5.927e-19,,7.337e-3,,2.589e-1,,1.948e-17,,4.285e-18,1.393e-16
459.52,2.086e+2,8.563e-21,1.093e-19,8.324e-39,3.166e-20,,,3.069e-19,6.238e-20,,3.459e-15,1.387e-2,6.158e-26,1.023e-17,9.719e-16,1.569e-17,7.076e-21,2.636e-10,,9.395e-2,4.333e-20,1.163e-28,3.847e-8,1.054e-8,1.801e-13,8.128e-1,1.538e-1,1.723e-3,4.660e-22,2.002e-17,2.711e-20,6.135e-29,9.164e-20,9.117e-23,2.299e+0,1.362e-17,6.739e-1,1.950e-1,1.289e-19,6.194e+1,4.525e-18,3.317e-14,5.541e+0,7.491e-19,,1.358e+2,,,8.180e-1,,5.927e-19,,9.027e-3,,2.787e-1,,1.948e-17,,4.266e-18,1.393e-16
459.55,2.013e+2,8.569e-21,2.055e-19,8.375e-39,3.167e-20,,,3.071e-19,6.222e-20,,3.459e-15,1.165e-2,6.134e-26,1.023e-17,1.964e-15,8.933e-18,7.075e-21,3.761e-10,,7.255e-2,4.335e-20,6.142e-29,6.947e-8,5.551e-9,1.133e-13,8.381e-1,1.266e-1,2.262e-3,4.664e-22,2.004e-17,2.712e-20,6.136e-29,9.166e-20,9.118e-23,2.383e+0,1.358e-17,7.414e-1,2.579e-1,1.294e-19,5.919e+1,4.524e-18,6.769e-14,5.795e+0,7.496e-19,,1.309e+2,,,6.956e-1,,5.926e-19,,1.224e-2,,3.092e-1,,1.947e-17,,4.237e-18,1.394e-16
459.57,1.958e+2,8.574e-21,3.118e-19,8.410e-39,3.167e-20,,,3.073e-19,6.211e-20,,3.458e-15,1.033e-2,6.117e-26,1.023e-17,3.124e-15,6.108e-18,7.075e-21,4.745e-10,,6.080e-2,4.337e-20,3.995e-29,1.025e-7,3.604e-9,8.281e-14,8.537e-1,1.106e-1,2.699e-3,4.668e-22,2.006e-17,2.712e-20,6.136e-29,9.167e-20,9.119e-23,2.432e+0,1.355e-17,7.896e-1,3.096e-1,1.297e-19,5.718e+1,4.523e-18,1.084e-13,5.943e+0,7.500e-19,,1.271e+2,,,6.215e-1,,5.926e-19,,1.492e-2,,3.300e-1,,1.947e-17,,4.218e-18,1.394e-16
459.6,1.867e+2,8.580e-21,5.788e-19,8.462e-39,3.168e-20,,,3.076e-19,6.194e-20,,3.458e-15,8.568e-3,6.092e-26,1.023e-17,6.228e-15,3.429e-18,7.074e-21,6.679e-10,,4.632e-2,4.339e-20,2.081e-29,1.827e-7,1.872e-9,5.139e-14,8.749e-1,8.981e-2,3.495e-3,4.672e-22,2.008e-17,2.713e-20,6.137e-29,9.169e-20,9.120e-23,2.493e+0,1.351e-17,8.670e-1,4.049e-1,1.302e-19,5.398e+1,4.522e-18,2.183e-13,6.132e+0,7.506e-19,,1.209e+2,,,5.213e-1,,5.925e-19,,1.996e-2,,3.617e-1,,1.946e-17,,4.189e-18,1.394e-16
459.62,1.801e+2,8.584e-21,8.706e-19,8.497e-39,3.169e-20,,,3.077e-19,6.183e-20,,3.458e-15,7.535e-3,6.076e-26,1.023e-17,9.821e-15,2.323e-18,7.073e-21,8.351e-10,,3.847e-2,4.341e-20,1.341e-29,2.672e-7,1.204e-9,3.722e-14,8.876e-1,7.780e-2,4.133e-3,4.675e-22,2.010e-17,2.714e-20,6.137e-29,9.171e-20,9.121e-23,2.526e+0,1.349e-17,9.222e-1,4.821e-1,1.305e-19,5.173e+1,4.521e-18,3.465e-13,6.233e+0,7.510e-19,,1.164e+2,,,4.616e-1,,5.924e-19,,2.412e-2,,3.830e-1,,1.946e-17,,4.170e-18,1.394e-16
459.65,1.698e+2,8.591e-21,1.595e-18,8.549e-39,3.170e-20,,,3.080e-19,6.167e-20,,3.457e-15,6.176e-3,6.051e-26,1.023e-17,1.932e-14,1.287e-18,7.072e-21,1.160e-9,,2.892e-2,4.343e-20,6.893e-30,4.697e-7,6.172e-10,2.279e-14,9.047e-1,6.230e-2,5.280e-3,4.680e-22,2.012e-17,2.714e-20,6.138e-29,9.173e-20,9.123e-23,2.563e+0,1.345e-17,1.011e+0,6.224e-1,1.310e-19,4.826e+1,4.519e-18,6.883e-13,6.344e+0,7.515e-19,,1.092e+2,,,3.820e-1,,5.923e-19,,3.182e-2,,4.149e-1,,1.946e-17,,4.141e-18,1.395e-16
459.67,1.626e+2,8.595e-21,2.378e-18,8.583e-39,3.170e-20,,,3.082e-19,6.156e-20,,3.457e-15,5.388e-3,6.034e-26,1.023e-17,3.019e-14,8.637e-19,7.071e-21,1.437e-9,,2.380e-2,4.345e-20,4.402e-30,6.810e-7,3.935e-10,1.636e-14,9.147e-1,5.348e-2,6.188e-3,4.683e-22,2.013e-17,2.715e-20,6.138e-29,9.174e-20,9.124e-23,2.579e+0,1.342e-17,1.074e+0,7.347e-1,1.313e-19,4.590e+1,4.518e-18,1.083e-12,6.390e+0,7.519e-19,,1.041e+2,,,3.352e-1,,5.923e-19,,3.811e-2,,4.359e-1,,1.945e-17,,4.121e-18,1.395e-16
459.7,1.516e+2,8.602e-21,4.302e-18,8.635e-39,3.171e-20,,,3.084e-19,6.139e-20,,3.457e-15,4.363e-3,6.009e-26,1.023e-17,5.859e-14,4.718e-19,7.070e-21,1.968e-9,,1.765e-2,4.347e-20,2.232e-30,1.181e-6,1.989e-10,9.881e-15,9.276e-1,4.224e-2,7.799e-3,4.688e-22,2.016e-17,2.716e-20,6.138e-29,9.176e-20,9.125e-23,2.593e+0,1.338e-17,1.174e+0,9.360e-1,1.318e-19,4.235e+1,4.517e-18,2.123e-12,6.416e+0,7.525e-19,,9.637e+1,,,2.736e-1,,5.922e-19,,4.960e-2,,4.670e-1,,1.945e-17,,4.092e-18,1.395e-16
459.72,1.442e+2,8.606e-21,6.359e-18,8.670e-39,3.172e-20,,,3.086e-19,6.128e-20,,3.456e-15,3.775e-3,5.993e-26,1.023e-17,9.075e-14,3.139e-19,7.069e-21,2.417e-9,,1.439e-2,4.349e-20,1.412e-30,1.697e-6,1.256e-10,7.029e-15,9.348e-1,3.594e-2,9.059e-3,4.691e-22,2.017e-17,2.716e-20,6.139e-29,9.177e-20,9.126e-23,2.595e+0,1.336e-17,1.246e+0,1.095e+0,1.321e-19,4.000e+1,4.516e-18,3.309e-12,6.404e+0,7.529e-19,,9.111e+1,,,2.379e-1,,5.922e-19,,5.887e-2,,4.871e-1,,1.944e-17,,4.073e-18,1.396e-16
459.75,1.332e+2,8.613e-21,1.135e-17,8.722e-39,3.172e-20,,,3.088e-19,6.112e-20,,3.456e-15,3.020e-3,5.968e-26,1.023e-17,1.738e-13,1.691e-19,7.068e-21,3.267e-9,,1.053e-2,4.351e-20,7.061e-31,2.903e-6,6.264e-11,4.189e-15,9.435e-1,2.800e-2,1.126e-2,4.696e-22,2.019e-17,2.717e-20,6.139e-29,9.180e-20,9.127e-23,2.590e+0,1.332e-17,1.358e+0,1.376e+0,1.326e-19,3.654e+1,4.515e-18,6.400e-12,6.344e+0,7.535e-19,,8.317e+1,,,1.916e-1,,5.921e-19,,7.560e-2,,5.162e-1,,1.944e-17,,4.044e-18,1.396e-16
459.77,1.259e+2,8.617e-21,1.664e-17,8.756e-39,3.173e-20,,,3.090e-19,6.101e-20,,3.456e-15,2.592e-3,5.951e-26,1.023e-17,2.668e-13,1.115e-19,7.068e-21,3.976e-9,,8.511e-3,4.352e-20,4.428e-31,4.135e-6,3.920e-11,2.953e-15,9.480e-1,2.360e-2,1.296e-2,4.699e-22,2.021e-17,2.717e-20,6.140e-29,9.181e-20,9.128e-23,2.581e+0,1.329e-17,1.438e+0,1.596e+0,1.329e-19,3.432e+1,4.514e-18,9.890e-12,6.275e+0,7.538e-19,,7.792e+1,,,1.652e-1,,5.920e-19,,8.892e-2,,5.348e-1,,1.943e-17,,4.025e-18,1.396e-16
459.8,1.153e+2,8.623e-21,2.932e-17,8.808e-39,3.174e-20,,,3.093e-19,6.084e-20,,3.455e-15,2.048e-3,5.927e-26,1.023e-17,5.040e-13,5.932e-20,7.067e-21,5.302e-9,,6.142e-3,4.355e-20,2.183e-31,6.979e-6,1.928e-11,1.736e-15,9.525e-1,1.814e-2,1.590e-2,4.703e-22,2.023e-17,2.718e-20,6.140e-29,9.183e-20,9.129e-23,2.562e+0,1.325e-17,1.562e+0,1.979e+0,1.334e-19,3.112e+1,1.031e-17,1.887e-11,6.132e+0,7.544e-19,,7.017e+1,,,1.313e-1,,5.919e-19,,1.127e-1,,5.611e-1,,1.943e-17,,3.996e-18,1.396e-16
459.82,1.086e+2,8.628e-21,4.259e-17,8.843e-39,3.174e-20,,,3.094e-19,6.073e-20,,3.455e-15,1.743e-3,5.910e-26,1.023e-17,7.669e-13,3.880e-20,7.066e-21,6.394e-9,,4.920e-3,4.356e-20,1.357e-31,9.851e-6,1.196e-11,1.213e-15,9.541e-1,1.516e-2,1.814e-2,4.706e-22,2.025e-17,2.719e-20,6.141e-29,9.184e-20,9.130e-23,2.546e+0,1.323e-17,1.649e+0,2.274e+0,1.337e-19,2.911e+1,1.781e-17,2.890e-11,6.011e+0,7.548e-19,,6.515e+1,,,1.122e-1,,5.919e-19,,1.313e-1,,5.776e-1,,1.942e-17,,3.977e-18,1.397e-16
459.85,9.892e+1,8.634e-21,7.409e-17,8.895e-39,3.175e-20,,,3.097e-19,6.057e-20,,3.454e-15,1.360e-3,5.885e-26,1.023e-17,1.430e-12,2.048e-20,7.065e-21,8.412e-9,,3.503e-3,4.359e-20,6.600e-32,1.641e-5,5.800e-12,7.034e-16,9.543e-1,1.149e-2,2.195e-2,4.711e-22,2.027e-17,2.720e-20,6.141e-29,9.187e-20,9.132e-23,2.521e+0,1.319e-17,1.783e+0,2.783e+0,1.342e-19,2.631e+1,4.016e-17,5.441e-11,5.795e+0,7.554e-19,,5.788e+1,,,8.814e-2,,5.918e-19,,1.641e-1,,6.006e-1,,1.942e-17,,3.948e-18,1.397e-16
459.87,9.290e+1,8.638e-21,1.067e-16,8.929e-39,3.176e-20,,,3.099e-19,6.046e-20,,3.454e-15,1.148e-3,5.869e-26,1.023e-17,2.156e-12,1.341e-20,7.064e-21,1.005e-8,,2.780e-3,4.360e-20,4.063e-32,2.295e-5,3.565e-12,4.870e-16,9.530e-1,9.514e-3,2.482e-2,4.714e-22,2.028e-17,2.720e-20,6.142e-29,9.188e-20,9.133e-23,2.503e+0,1.316e-17,1.875e+0,3.170e+0,1.345e-19,2.460e+1,6.874e-17,8.258e-11,5.629e+0,7.557e-19,,5.325e+1,,,7.476e-2,,5.918e-19,,1.896e-1,,6.147e-1,,1.941e-17,,3.928e-18,1.397e-16
459.89,8.724e+1,8.643e-21,1.532e-16,8.964e-39,3.176e-20,,,3.100e-19,6.035e-20,,3.454e-15,9.654e-4,5.852e-26,1.023e-17,3.239e-12,8.875e-21,7.063e-21,1.197e-8,,2.199e-3,4.362e-20,2.493e-32,3.198e-5,2.183e-12,3.359e-16,9.504e-1,7.847e-3,2.796e-2,4.717e-22,2.030e-17,2.721e-20,6.142e-29,9.189e-20,9.134e-23,2.486e+0,1.313e-17,1.969e+0,3.597e+0,1.348e-19,2.303e+1,1.173e-16,1.249e-10,5.449e+0,7.561e-19,,4.881e+1,,,6.327e-2,,5.917e-19,,2.182e-1,,6.278e-1,,1.941e-17,,3.909e-18,1.397e-16
459.92,7.948e+1,8.649e-21,2.617e-16,9.016e-39,3.177e-20,,,3.103e-19,6.018e-20,,3.453e-15,7.401e-4,5.827e-26,1.023e-17,5.926e-12,5.064e-21,7.062e-21,1.546e-8,,1.536e-3,4.364e-20,1.189e-32,5.227e-5,1.039e-12,1.912e-16,9.442e-1,5.838e-3,3.320e-2,4.722e-22,2.032e-17,2.721e-20,6.143e-29,9.191e-20,9.135e-23,2.465e+0,1.310e-17,2.111e+0,4.319e+0,1.353e-19,2.093e+1,2.594e-16,2.308e-10,5.154e+0,7.567e-19,,4.255e+1,,,4.911e-2,,5.916e-19,,2.677e-1,,6.456e-1,,1.941e-17,,3.880e-18,1.398e-16
459.94,7.482e+1,8.654e-21,3.723e-16,9.050e-39,3.177e-20,,,3.105e-19,6.007e-20,,3.453e-15,6.174e-4,5.811e-26,1.023e-17,8.826e-12,3.803e-21,7.062e-21,1.824e-8,,1.204e-3,4.366e-20,7.230e-33,7.221e-5,6.301e-13,1.307e-16,9.384e-1,4.771e-3,3.706e-2,4.725e-22,2.033e-17,2.722e-20,6.143e-29,9.193e-20,9.136e-23,2.453e+0,1.307e-17,2.206e+0,4.858e+0,1.356e-19,1.973e+1,4.386e-16,3.459e-10,4.943e+0,7.571e-19,,3.865e+1,,,4.146e-2,,5.916e-19,,3.053e-1,,6.562e-1,,1.940e-17,,3.861e-18,1.398e-16
459.97,6.865e+1,8.660e-21,6.279e-16,9.102e-39,3.178e-20,,,3.107e-19,5.991e-20,,3.453e-15,4.674e-4,5.786e-26,1.023e-17,1.593e-11,3.162e-21,7.061e-21,2.323e-8,,8.294e-4,4.368e-20,3.403e-33,1.164e-4,2.958e-13,7.336e-17,9.273e-1,3.501e-3,4.342e-2,4.730e-22,2.036e-17,2.723e-20,6.144e-29,9.195e-20,9.137e-23,2.442e+0,1.303e-17,2.348e+0,5.756e+0,1.361e-19,1.820e+1,9.575e-16,6.305e-10,4.613e+0,7.576e-19,,3.324e+1,,,3.228e-2,,5.915e-19,,3.695e-1,,6.704e-1,,1.940e-17,,3.832e-18,1.398e-16
459.99,6.508e+1,8.664e-21,8.858e-16,9.137e-39,3.179e-20,,,3.109e-19,5.980e-20,,3.452e-15,3.866e-4,5.769e-26,1.023e-17,2.351e-11,3.390e-21,7.060e-21,2.718e-8,,6.442e-4,4.370e-20,2.050e-33,1.594e-4,1.778e-13,4.970e-17,9.182e-1,2.836e-3,4.803e-2,4.733e-22,2.037e-17,2.723e-20,6.144e-29,9.196e-20,9.138e-23,2.440e+0,1.300e-17,2.441e+0,6.417e+0,1.364e-19,1.738e+1,1.604e-15,9.367e-10,4.385e+0,7.580e-19,,2.992e+1,,,2.749e-2,,5.914e-19,,4.176e-1,,6.786e-1,,1.939e-17,,3.813e-18,1.399e-16
460.02,6.056e+1,8.671e-21,1.475e-15,9.189e-39,3.180e-20,,,3.111e-19,5.963e-20,,3.452e-15,2.889e-4,5.744e-26,1.023e-17,4.188e-11,4.670e-21,7.059e-21,3.415e-8,,4.379e-4,4.372e-20,9.516e-34,2.536e-4,8.232e-14,2.752e-17,9.019e-1,2.053e-3,5.551e-2,4.737e-22,2.039e-17,2.724e-20,6.144e-29,9.198e-20,9.139e-23,2.444e+0,1.296e-17,2.577e+0,7.503e+0,1.369e-19,1.645e+1,3.456e-15,1.685e-9,4.036e+0,7.586e-19,,2.538e+1,,,2.203e-2,,5.913e-19,,4.986e-1,,6.894e-1,,1.939e-17,,3.784e-18,1.399e-16
460.04,5.810e+1,8.675e-21,2.063e-15,9.223e-39,3.180e-20,,,3.113e-19,5.952e-20,,3.452e-15,2.369e-4,5.728e-26,1.023e-17,6.127e-11,6.250e-21,7.058e-21,3.958e-8,,3.370e-4,4.374e-20,5.679e-34,3.441e-4,4.904e-14,1.848e-17,8.894e-1,1.648e-3,6.086e-2,4.740e-22,2.041e-17,2.724e-20,6.145e-29,9.200e-20,9.140e-23,2.454e+0,1.294e-17,2.664e+0,8.291e+0,1.372e-19,1.602e+1,5.739e-15,2.481e-9,3.802e+0,7.590e-19,,2.264e+1,,,1.940e-2,,5.913e-19,,5.586e-1,,6.955e-1,,1.938e-17,,3.764e-18,1.399e-16
460.07,5.522e+1,8.682e-21,3.390e-15,9.275e-39,3.181e-20,,,3.116e-19,5.936e-20,,3.451e-15,1.749e-4,5.703e-26,1.023e-17,1.077e-10,1.010e-20,7.057e-21,4.907e-8,,2.260e-4,4.376e-20,2.601e-34,5.401e-4,2.239e-14,1.009e-17,8.680e-1,1.177e-3,6.940e-2,4.745e-22,2.043e-17,2.725e-20,6.145e-29,9.202e-20,9.142e-23,2.477e+0,1.290e-17,2.787e+0,9.567e+0,1.377e-19,1.567e+1,1.220e-14,4.402e-9,3.453e+0,7.596e-19,,1.895e+1,,,1.680e-2,,5.912e-19,,6.578e-1,,7.034e-1,,1.938e-17,,3.735e-18,1.400e-16
460.09,5.381e+1,8.686e-21,4.701e-15,9.310e-39,3.181e-20,,,3.117e-19,5.925e-20,,3.451e-15,1.422e-4,5.686e-26,1.023e-17,1.561e-10,1.404e-20,7.056e-21,5.637e-8,,1.723e-4,4.378e-20,1.538e-34,7.262e-4,1.322e-14,6.715e-18,8.521e-1,9.359e-4,7.540e-2,4.748e-22,2.045e-17,2.726e-20,6.146e-29,9.203e-20,9.143e-23,2.499e+0,1.287e-17,2.862e+0,1.048e+1,1.380e-19,1.561e+1,2.007e-14,6.423e-9,3.223e+0,7.599e-19,,1.675e+1,,,1.590e-2,,5.912e-19,,7.304e-1,,7.078e-1,,1.937e-17,,3.716e-18,1.400e-16
460.12,5.245e+1,8.692e-21,7.628e-15,9.362e-39,3.182e-20,,,3.120e-19,5.908e-20,,3.451e-15,1.036e-4,5.662e-26,1.023e-17,2.707e-10,2.302e-20,7.055e-21,6.894e-8,,1.140e-4,4.380e-20,6.947e-35,1.125e-3,5.954e-15,3.619e-18,8.258e-1,6.593e-4,8.482e-2,4.753e-22,2.047e-17,2.726e-20,6.146e-29,9.205e-20,9.144e-23,2.541e+0,1.283e-17,2.966e+0,1.193e+1,1.385e-19,1.580e+1,4.210e-14,1.125e-8,2.887e+0,7.605e-19,,1.383e+1,,,1.572e-2,,5.911e-19,,8.486e-1,,7.131e-1,,1.937e-17,,3.687e-18,1.400e-16
460.14,5.200e+1,8.697e-21,1.049e-14,9.396e-39,3.183e-20,,,3.122e-19,5.897e-20,,3.450e-15,8.350e-5,5.645e-26,1.023e-17,3.889e-10,3.193e-20,7.055e-21,7.849e-8,,8.616e-5,4.382e-20,4.071e-35,1.499e-3,3.483e-15,2.386e-18,8.067e-1,5.196e-4,9.133e-2,4.756e-22,2.048e-17,2.727e-20,6.147e-29,9.207e-20,9.145e-23,2.574e+0,1.281e-17,3.026e+0,1.296e+1,2.406e-19,1.609e+1,6.867e-14,1.626e-8,2.671e+0,7.609e-19,,1.211e+1,,,1.636e-2,,5.910e-19,,9.337e-1,,7.160e-1,,1.937e-17,,3.668e-18,1.400e-16
460.17,5.197e+1,8.703e-21,1.680e-14,9.448e-39,3.184e-20,,,3.124e-19,5.881e-20,,3.450e-15,6.005e-5,5.620e-26,1.023e-17,6.654e-10,5.185e-20,7.054e-21,9.471e-8,,5.622e-5,4.384e-20,1.814e-35,2.290e-3,1.547e-15,1.268e-18,7.759e-1,3.611e-4,1.014e-1,4.761e-22,2.051e-17,2.728e-20,6.147e-29,9.209e-20,9.146e-23,2.631e+0,1.277e-17,3.103e+0,1.457e+1,5.477e-19,1.675e+1,1.421e-13,2.810e-8,2.361e+0,7.615e-19,,9.866e+0,,,1.850e-2,,5.909e-19,,1.070e+0,,7.192e-1,,1.936e-17,,3.639e-18,1.401e-16
460.19,5.235e+1,8.708e-21,2.290e-14,9.483e-39,3.184e-20,,,3.126e-19,5.870e-20,,3.450e-15,4.799e-5,5.604e-26,1.023e-17,9.476e-10,7.134e-20,7.053e-21,1.069e-7,,4.211e-5,4.385e-20,1.054e-35,3.025e-3,8.968e-16,8.286e-19,7.541e-1,2.820e-4,1.082e-1,4.764e-22,2.052e-17,2.728e-20,6.148e-29,9.210e-20,9.147e-23,2.673e+0,1.274e-17,3.144e+0,1.569e+1,9.434e-19,1.734e+1,2.297e-13,4.027e-8,2.164e+0,7.618e-19,,8.565e+0,,,2.074e-2,,5.909e-19,,1.167e+0,,7.207e-1,,1.936e-17,,3.620e-18,1.401e-16
460.22,5.343e+1,8.714e-21,3.621e-14,9.535e-39,3.185e-20,,,3.128e-19,5.853e-20,,3.449e-15,3.407e-5,5.579e-26,1.023e-17,1.600e-9,1.144e-19,7.052e-21,1.272e-7,,2.710e-5,4.388e-20,4.653e-36,4.560e-3,3.930e-16,4.346e-19,7.197e-1,1.933e-4,1.184e-1,4.768e-22,2.054e-17,2.729e-20,6.148e-29,9.212e-20,9.148e-23,2.740e+0,1.270e-17,3.190e+0,1.742e+1,2.119e-18,1.840e+1,4.691e-13,6.864e-8,1.887e+0,7.624e-19,,6.881e+0,,,2.544e-2,,5.908e-19,,1.320e+0,,7.220e-1,,1.935e-17,,3.591e-18,1.401e-16
460.24,5.445e+1,8.718e-21,4.894e-14,9.569e-39,3.185e-20,,,3.130e-19,5.842e-20,,3.449e-15,2.699e-5,5.562e-26,1.023e-17,2.258e-9,1.559e-19,7.051e-21,1.422e-7,,2.011e-5,4.389e-20,2.705e-36,5.969e-3,2.257e-16,2.813e-19,6.958e-1,1.496e-4,1.252e-1,4.772e-22,2.056e-17,2.729e-20,6.149e-29,9.214e-20,9.149e-23,2.786e+0,1.268e-17,3.210e+0,1.860e+1,3.617e-18,1.922e+1,7.516e-13,9.751e-8,1.714e+0,7.628e-19,,5.920e+0,,,2.955e-2,,5.908e-19,,1.426e+0,,7.222e-1,,1.935e-17,,3.571e-18,1.401e-16
460.26,5.569e+1,8.723e-21,6.592e-14,9.604e-39,3.186e-20,,,3.132e-19,5.831e-20,,3.449e-15,2.131e-5,5.546e-26,1.023e-17,3.175e-9,2.119e-19,7.050e-21,1.585e-7,,1.487e-5,4.391e-20,1.599e-36,7.785e-3,1.291e-16,1.815e-19,6.712e-1,1.154e-4,1.320e-1,4.775e-22,2.057e-17,2.730e-20,6.149e-29,9.215e-20,9.150e-23,2.832e+0,1.265e-17,3.219e+0,1.979e+1,6.153e-18,2.011e+1,1.200e-12,1.380e-7,1.552e+0,7.632e-19,,5.075e+0,,,3.454e-2,,5.907e-19,,1.536e+0,,7.219e-1,,1.934e-17,,3.552e-18,1.402e-16
460.29,5.787e+1,8.729e-21,1.024e-13,9.656e-39,3.187e-20,,,3.134e-19,5.815e-20,,3.448e-15,1.486e-5,5.521e-26,1.023e-17,5.261e-9,3.333e-19,7.049e-21,1.851e-7,,9.393e-6,4.393e-20,8.191e-37,1.152e-2,1.290e-16,9.337e-20,6.334e-1,7.760e-5,1.418e-1,4.779e-22,2.059e-17,2.731e-20,6.150e-29,9.217e-20,9.152e-23,2.901e+0,1.261e-17,3.216e+0,2.160e+1,1.356e-17,2.157e+1,2.405e-12,2.309e-7,1.327e+0,7.637e-19,,4.000e+0,,,4.386e-2,,5.906e-19,,1.704e+0,,7.203e-1,,1.934e-17,,3.523e-18,1.402e-16
460.31,5.950e+1,8.733e-21,1.368e-13,9.691e-39,3.187e-20,,,3.136e-19,5.804e-20,,3.448e-15,1.163e-5,5.504e-26,1.023e-17,7.333e-9,4.488e-19,7.049e-21,2.044e-7,,6.883e-6,4.395e-20,2.743e-37,1.489e-2,1.289e-16,5.968e-20,6.078e-1,5.930e-5,1.480e-1,4.782e-22,2.061e-17,2.731e-20,6.150e-29,9.218e-20,9.153e-23,2.944e+0,1.259e-17,3.202e+0,2.281e+1,2.287e-17,2.259e+1,3.805e-12,3.239e-7,1.191e+0,7.641e-19,,3.398e+0,,,5.147e-2,,5.906e-19,,1.819e+0,,7.185e-1,,1.933e-17,,3.504e-18,1.402e-16
460.34,6.213e+1,8.740e-21,2.097e-13,9.743e-39,3.188e-20,,,3.139e-19,5.787e-20,,3.447e-15,8.002e-6,5.480e-26,1.022e-17,1.199e-8,6.967e-19,7.048e-21,2.355e-7,,4.288e-6,4.397e-20,6.061e-37,2.173e-2,1.287e-16,3.029e-20,5.691e-1,3.934e-5,1.569e-1,4.787e-22,2.063e-17,2.732e-20,6.150e-29,9.221e-20,9.154e-23,3.003e+0,1.255e-17,3.163e+0,2.461e+1,4.973e-17,2.418e+1,7.523e-12,5.345e-7,1.005e+0,7.647e-19,,2.642e+0,,,6.526e-2,,5.905e-19,,1.991e+0,,7.146e-1,,1.933e-17,,3.475e-18,1.403e-16
460.36,6.396e+1,8.744e-21,2.777e-13,9.777e-39,3.189e-20,,,3.140e-19,5.776e-20,,3.447e-15,6.209e-6,5.463e-26,1.022e-17,1.656e-8,9.298e-19,7.047e-21,2.577e-7,,3.113e-6,4.399e-20,1.024e-36,2.784e-2,1.286e-16,1.919e-20,5.433e-1,2.979e-5,1.624e-1,4.790e-22,2.065e-17,2.732e-20,6.151e-29,9.222e-20,9.155e-23,3.038e+0,1.252e-17,3.125e+0,2.579e+1,8.310e-17,2.526e+1,1.180e-11,7.432e-7,8.933e-1,7.651e-19,,2.224e+0,,,7.624e-2,,5.904e-19,,2.105e+0,,7.112e-1,,1.933e-17,,3.455e-18,1.403e-16
460.39,6.677e+1,8.751e-21,4.204e-13,9.829e-39,3.190e-20,,,3.143e-19,5.760e-20,,3.447e-15,4.216e-6,5.438e-26,1.022e-17,2.671e-8,1.424e-18,7.046e-21,2.930e-7,,1.913e-6,4.401e-20,2.232e-36,4.009e-2,1.285e-16,9.607e-21,5.050e-1,1.950e-5,1.698e-1,4.795e-22,2.067e-17,2.733e-20,6.151e-29,9.224e-20,9.156e-23,3.080e+0,1.248e-17,3.052e+0,2.753e+1,1.783e-16,2.687e+1,2.302e-11,1.210e-6,7.437e-1,7.656e-19,,1.706e+0,,,9.579e-2,,5.904e-19,,2.274e+0,,7.046e-1,,1.932e-17,,3.427e-18,1.403e-16
460.41,6.864e+1,8.755e-21,5.520e-13,9.864e-39,3.190e-20,,,3.144e-19,5.749e-20,,3.446e-15,3.243e-6,5.422e-26,1.022e-17,3.657e-8,1.883e-18,7.045e-21,3.178e-7,,1.377e-6,4.403e-20,3.735e-36,5.090e-2,1.284e-16,6.030e-21,4.798e-1,1.463e-5,1.741e-1,4.798e-22,2.068e-17,2.734e-20,6.152e-29,9.225e-20,9.157e-23,3.101e+0,1.245e-17,2.992e+0,2.865e+1,2.954e-16,2.792e+1,3.578e-11,1.668e-6,6.552e-1,7.660e-19,,1.423e+0,,,1.111e-1,,5.903e-19,,2.383e+0,,6.993e-1,,1.932e-17,,3.407e-18,1.403e-16
460.44,7.139e+1,8.762e-21,8.252e-13,9.916e-39,3.191e-20,,,3.147e-19,5.732e-20,,3.446e-15,2.173e-6,5.397e-26,1.022e-17,5.820e-8,2.846e-18,7.044e-21,3.564e-7,,8.346e-7,4.405e-20,8.036e-36,7.232e-2,1.282e-16,2.978e-21,4.430e-1,9.447e-6,1.796e-1,4.803e-22,2.071e-17,2.734e-20,6.152e-29,9.227e-20,9.158e-23,3.121e+0,1.242e-17,2.888e+0,3.027e+1,6.254e-16,2.943e+1,6.888e-11,2.679e-6,5.381e-1,7.666e-19,,1.077e+0,,,1.379e-1,,5.902e-19,,2.540e+0,,6.898e-1,,1.931e-17,,3.378e-18,1.404e-16
460.46,7.315e+1,8.766e-21,1.074e-12,9.950e-39,3.191e-20,,,3.149e-19,5.721e-20,,3.446e-15,1.657e-6,5.380e-26,1.022e-17,7.897e-8,3.731e-18,7.043e-21,3.831e-7,,5.951e-7,4.407e-20,1.333e-35,9.100e-2,1.281e-16,1.853e-21,4.192e-1,7.025e-6,1.826e-1,4.806e-22,2.072e-17,2.735e-20,6.153e-29,9.229e-20,9.159e-23,3.126e+0,1.239e-17,2.810e+0,3.131e+1,1.027e-15,3.036e+1,1.061e-10,3.659e-6,4.698e-1,7.670e-19,,8.904e-1,,,1.587e-1,,5.902e-19,,2.638e+0,,6.824e-1,,1.931e-17,,3.359e-18,1.404e-16
460.49,7.563e+1,8.772e-21,1.585e-12,1.000e-38,3.192e-20,,,3.151e-19,5.705e-20,,3.445e-15,1.096e-6,5.355e-26,1.022e-17,1.240e-7,5.562e-18,7.042e-21,4.239e-7,,3.559e-7,4.409e-20,2.830e-35,1.276e-1,1.280e-16,9.026e-22,3.850e-1,4.474e-6,1.858e-1,4.810e-22,2.074e-17,2.736e-20,6.153e-29,9.231e-20,9.161e-23,3.119e+0,1.235e-17,2.681e+0,3.281e+1,2.145e-15,3.165e+1,2.015e-10,5.800e-6,3.806e-1,7.676e-19,,6.647e-1,,,1.944e-1,,5.901e-19,,2.773e+0,,6.699e-1,,1.930e-17,,3.330e-18,1.404e-16
460.51,7.717e+1,8.777e-21,2.047e-12,1.004e-38,3.193e-20,,,3.153e-19,5.694e-20,,3.445e-15,8.284e-7,5.339e-26,1.022e-17,1.668e-7,7.226e-18,7.042e-21,4.515e-7,,2.515e-7,4.411e-20,4.653e-35,1.591e-1,1.279e-16,5.563e-22,3.632e-1,3.297e-6,1.872e-1,4.813e-22,2.076e-17,2.736e-20,6.154e-29,9.232e-20,9.162e-23,3.105e+0,1.232e-17,2.588e+0,3.376e+1,3.490e-15,3.240e+1,3.077e-10,7.850e-6,3.293e-1,7.679e-19,,5.446e-1,,,2.217e-1,,5.900e-19,,2.854e+0,,6.606e-1,,1.930e-17,,3.311e-18,1.404e-16
460.54,7.927e+1,8.783e-21,2.982e-12,1.009e-38,3.194e-20,,,3.156e-19,5.677e-20,,3.444e-15,5.408e-7,5.314e-26,1.022e-17,2.584e-7,1.063e-17,7.041e-21,4.930e-7,,1.483e-7,4.413e-20,9.746e-35,2.201e-1,1.277e-16,2.674e-22,3.324e-1,2.071e-6,1.879e-1,4.818e-22,2.078e-17,2.737e-20,6.154e-29,9.234e-20,9.163e-23,3.070e+0,1.228e-17,2.440e+0,3.512e+1,7.194e-15,3.337e+1,5.767e-10,1.228e-5,2.632e-1,7.685e-19,,4.010e-1,,,2.681e-1,,5.899e-19,,2.960e+0,,6.453e-1,,1.929e-17,,3.282e-18,1.405e-16
460.56,8.052e+1,8.787e-21,3.817e-12,1.012e-38,3.194e-20,,,3.157e-19,5.666e-20,,3.444e-15,4.051e-7,5.297e-26,1.022e-17,3.444e-7,1.369e-17,7.040e-21,5.203e-7,,1.039e-7,4.415e-20,1.588e-34,2.720e-1,1.276e-16,1.633e-22,3.132e-1,1.512e-6,1.876e-1,4.821e-22,2.080e-17,2.737e-20,6.155e-29,9.236e-20,9.164e-23,3.038e+0,1.226e-17,2.337e+0,3.599e+1,1.160e-14,3.388e+1,8.727e-10,1.647e-5,2.256e-1,7.689e-19,,3.256e-1,,,3.030e-1,,5.899e-19,,3.020e+0,,6.343e-1,,1.929e-17,,3.263e-18,1.405e-16
460.59,8.217e+1,8.794e-21,5.492e-12,1.018e-38,3.195e-20,,,3.160e-19,5.650e-20,,3.444e-15,2.610e-7,5.273e-26,1.022e-17,5.265e-7,1.986e-17,7.039e-21,5.605e-7,,6.044e-8,4.417e-20,3.283e-34,3.712e-1,1.274e-16,7.742e-23,2.865e-1,9.374e-7,1.858e-1,4.826e-22,2.082e-17,2.738e-20,6.155e-29,9.238e-20,9.165e-23,2.978e+0,1.222e-17,2.177e+0,3.725e+1,2.360e-14,3.444e+1,1.614e-9,2.542e-5,1.779e-1,7.695e-19,,2.365e-1,,,3.615e-1,,5.898e-19,,3.090e+0,,6.168e-1,,1.928e-17,,3.234e-18,1.405e-16
460.61,8.312e+1,8.798e-21,6.969e-12,1.021e-38,3.195e-20,,,3.161e-19,5.639e-20,,3.443e-15,1.938e-7,5.256e-26,1.022e-17,6.955e-7,2.535e-17,7.038e-21,5.863e-7,,4.193e-8,4.418e-20,5.302e-34,4.546e-1,1.273e-16,4.686e-23,2.702e-1,6.783e-7,1.838e-1,4.829e-22,2.083e-17,2.739e-20,6.156e-29,9.239e-20,9.166e-23,2.930e+0,1.219e-17,2.069e+0,3.807e+1,3.772e-14,3.468e+1,2.420e-9,3.379e-5,1.512e-1,7.698e-19,,1.903e-1,,,4.049e-1,,5.898e-19,,3.123e+0,,6.046e-1,,1.928e-17,,3.214e-18,1.406e-16
460.64,8.434e+1,8.805e-21,9.901e-12,1.026e-38,3.196e-20,,,3.164e-19,5.622e-20,,3.443e-15,1.232e-7,5.231e-26,1.022e-17,1.049e-6,3.629e-17,7.037e-21,6.231e-7,,2.407e-8,4.421e-20,1.081e-33,6.121e-1,1.272e-16,2.191e-23,2.480e-1,4.147e-7,1.796e-1,4.834e-22,2.086e-17,2.739e-20,6.156e-29,9.241e-20,9.167e-23,2.848e+0,1.215e-17,1.904e+0,3.928e+1,7.570e-14,3.480e+1,4.416e-9,5.145e-5,1.176e-1,7.704e-19,,1.364e-1,,,4.766e-1,,5.897e-19,,3.153e+0,,5.858e-1,,1.927e-17,,3.185e-18,1.406e-16
460.66,8.503e+1,8.809e-21,1.246e-11,1.030e-38,3.197e-20,,,3.166e-19,5.611e-20,,3.443e-15,9.066e-8,5.215e-26,1.022e-17,1.374e-6,4.590e-17,7.036e-21,6.459e-7,,1.655e-8,4.422e-20,1.731e-33,7.431e-1,1.271e-16,1.314e-23,2.349e-1,2.974e-7,1.761e-1,4.837e-22,2.087e-17,2.740e-20,6.157e-29,9.243e-20,9.168e-23,2.787e+0,1.213e-17,1.795e+0,4.010e+1,1.199e-13,3.472e+1,6.565e-9,6.779e-5,9.901e-2,7.708e-19,,1.087e-1,,,5.290e-1,,5.896e-19,,3.159e+0,,5.732e-1,,1.927e-17,,3.166e-18,1.406e-16
460.68,8.563e+1,8.813e-21,1.562e-11,1.033e-38,3.197e-20,,,3.167e-19,5.600e-20,,3.442e-15,6.650e-8,5.198e-26,1.022e-17,1.792e-6,5.784e-17,7.036e-21,6.672e-7,,1.134e-8,4.424e-20,2.762e-33,8.988e-1,1.270e-16,7.854e-24,2.231e-1,2.124e-7,1.720e-1,4.840e-22,2.089e-17,2.740e-20,6.157e-29,9.244e-20,9.169e-23,2.723e+0,1.210e-17,1.687e+0,4.093e+1,1.893e-13,3.453e+1,9.724e-9,8.900e-5,8.306e-2,7.712e-19,,8.637e-2,,,5.851e-1,,5.896e-19,,3.153e+0,,5.607e-1,,1.927e-17,,3.147e-18,1.406e-16
460.71,8.641e+1,8.820e-21,2.180e-11,1.038e-38,3.198e-20,,,3.170e-19,5.584e-20,,3.442e-15,4.149e-8,5.173e-26,1.022e-17,2.653e-6,8.128e-17,7.035e-21,6.957e-7,,6.385e-9,4.426e-20,5.527e-33,1.188e+0,1.268e-16,3.603e-24,2.079e-1,1.274e-7,1.650e-1,4.844e-22,2.091e-17,2.741e-20,6.157e-29,9.246e-20,9.171e-23,2.622e+0,1.206e-17,1.527e+0,4.223e+1,3.729e-13,3.401e+1,1.741e-8,1.330e-4,6.340e-2,7.717e-19,,6.074e-2,,,6.759e-1,,5.895e-19,,3.123e+0,,5.424e-1,,1.926e-17,,3.118e-18,1.407e-16
460.73,8.688e+1,8.824e-21,2.711e-11,1.042e-38,3.199e-20,,,3.172e-19,5.573e-20,,3.442e-15,3.016e-8,5.157e-26,1.022e-17,3.430e-6,1.015e-16,7.034e-21,7.122e-7,,4.335e-9,4.428e-20,8.739e-33,1.424e+0,1.267e-16,2.124e-24,1.996e-1,9.022e-8,1.597e-1,4.848e-22,2.092e-17,2.742e-20,6.158e-29,9.248e-20,9.172e-23,2.552e+0,1.204e-17,1.423e+0,4.314e+1,5.833e-13,3.352e+1,2.556e-8,1.731e-4,5.271e-2,7.721e-19,,4.781e-2,,,7.409e-1,,5.894e-19,,3.090e+0,,5.308e-1,,1.926e-17,,3.098e-18,1.407e-16
460.76,8.755e+1,8.831e-21,3.736e-11,1.047e-38,3.199e-20,,,3.174e-19,5.556e-20,,3.441e-15,1.857e-8,5.132e-26,1.022e-17,5.010e-6,1.407e-16,7.033e-21,7.327e-7,,2.408e-9,4.430e-20,1.726e-32,1.856e+0,1.266e-16,9.613e-25,1.898e-1,5.338e-8,1.511e-1,4.852e-22,2.094e-17,2.742e-20,6.158e-29,9.250e-20,9.173e-23,2.446e+0,1.200e-17,1.273e+0,4.461e+1,1.134e-12,3.257e+1,4.516e-8,2.551e-4,3.968e-2,7.727e-19,,3.317e-2,,,8.444e-1,,5.894e-19,,3.020e+0,,5.147e-1,,1.925e-17,,3.070e-18,1.407e-16
460.78,8.801e+1,8.835e-21,4.607e-11,1.050e-38,3.200e-20,,,3.176e-19,5.545e-20,,3.441e-15,1.338e-8,5.115e-26,1.022e-17,6.420e-6,1.742e-16,7.032e-21,7.434e-7,,1.620e-9,4.432e-20,2.704e-32,2.206e+0,1.265e-16,5.642e-25,1.851e-1,3.745e-8,1.449e-1,4.855e-22,2.096e-17,2.743e-20,6.159e-29,9.251e-20,9.174e-23,2.375e+0,1.197e-17,1.177e+0,4.566e+1,1.758e-12,3.182e+1,6.571e-8,3.290e-4,3.270e-2,7.731e-19,,2.588e-2,,,9.173e-1,,5.893e-19,,2.960e+0,,5.050e-1,,1.925e-17,,3.050e-18,1.408e-16
460.81,8.878e+1,8.841e-21,6.268e-11,1.056e-38,3.201e-20,,,3.178e-19,5.529e-20,,3.441e-15,8.129e-9,5.090e-26,1.022e-17,9.252e-6,2.383e-16,7.031e-21,7.545e-7,,8.877e-10,4.434e-20,5.270e-32,2.837e+0,1.263e-16,2.519e-25,1.810e-1,2.186e-8,1.353e-1,4.860e-22,2.098e-17,2.744e-20,6.159e-29,9.253e-20,9.175e-23,2.271e+0,1.193e-17,1.040e+0,4.738e+1,3.372e-12,3.051e+1,1.146e-7,4.786e-4,2.429e-2,7.737e-19,,1.771e-2,,,1.031e+0,,5.892e-19,,2.854e+0,,4.924e-1,,1.924e-17,,3.021e-18,1.408e-16
460.83,8.937e+1,8.846e-21,7.663e-11,1.059e-38,3.201e-20,,,3.180e-19,5.518e-20,,3.440e-15,5.805e-9,5.074e-26,1.022e-17,1.175e-5,2.923e-16,7.030e-21,7.586e-7,,5.918e-10,4.436e-20,8.185e-32,3.341e+0,1.262e-16,1.465e-25,1.802e-1,1.520e-8,1.286e-1,4.863e-22,2.100e-17,2.744e-20,6.160e-29,9.255e-20,9.176e-23,2.204e+0,1.191e-17,9.542e-1,4.863e+1,5.181e-12,2.953e+1,1.652e-7,6.117e-4,1.983e-2,7.740e-19,,1.370e-2,,,1.110e+0,,5.892e-19,,2.773e+0,,4.856e-1,,1.924e-17,,3.002e-18,1.408e-16
460.86,9.045e+1,8.852e-21,1.029e-10,1.064e-38,3.202e-20,,,3.183e-19,5.501e-20,,3.440e-15,3.480e-9,5.049e-26,1.022e-17,1.671e-5,3.946e-16,7.029e-21,7.596e-7,,3.199e-10,4.438e-20,1.574e-31,4.240e+0,1.260e-16,6.453e-26,1.821e-1,8.751e-9,1.184e-1,4.868e-22,2.102e-17,2.745e-20,6.160e-29,9.257e-20,9.177e-23,2.109e+0,1.187e-17,8.331e-1,5.066e+1,9.805e-12,2.794e+1,2.842e-7,8.779e-4,1.453e-2,7.746e-19,,9.260e-3,,,1.232e+0,,5.891e-19,,2.638e+0,,4.779e-1,,1.923e-17,,2.973e-18,1.408e-16
460.88,9.133e+1,8.856e-21,1.248e-10,1.068e-38,3.203e-20,,,3.184e-19,5.490e-20,,3.440e-15,2.463e-9,5.033e-26,1.022e-17,2.104e-5,4.797e-16,7.029e-21,7.569e-7,,2.113e-10,4.440e-20,2.422e-31,4.949e+0,1.259e-16,3.719e-26,1.854e-1,6.029e-9,1.116e-1,4.871e-22,2.103e-17,2.745e-20,6.161e-29,9.258e-20,9.178e-23,2.049e+0,1.184e-17,7.580e-1,5.212e+1,1.493e-11,2.680e+1,4.061e-7,1.112e-3,1.176e-2,7.750e-19,,7.107e-3,,,1.314e+0,,5.890e-19,,2.540e+0,,4.746e-1,,1.923e-17,,2.954e-18,1.409e-16
460.91,9.292e+1,8.863e-21,1.655e-10,1.073e-38,3.203e-20,,,3.187e-19,5.474e-20,,3.439e-15,1.457e-9,5.008e-26,1.022e-17,2.951e-5,6.388e-16,7.027e-21,7.477e-7,,1.127e-10,4.442e-20,4.596e-31,6.198e+0,1.258e-16,1.616e-26,1.936e-1,3.424e-9,1.014e-1,4.875e-22,2.106e-17,2.746e-20,6.161e-29,9.260e-20,9.180e-23,1.967e+0,1.180e-17,6.537e-1,5.449e+1,2.789e-11,2.502e+1,6.893e-7,1.575e-3,8.498e-3,7.756e-19,,4.761e-3,,,1.439e+0,,5.890e-19,,2.383e+0,,4.727e-1,,1.923e-17,,2.925e-18,1.409e-16
460.93,9.420e+1,8.867e-21,1.990e-10,1.076e-38,3.204e-20,,,3.189e-19,5.463e-20,,3.439e-15,1.022e-9,4.991e-26,1.022e-17,3.682e-5,7.697e-16,7.027e-21,7.384e-7,,7.377e-11,4.444e-20,7.012e-31,7.169e+0,1.257e-16,1.599e-26,2.013e-1,2.338e-9,9.464e-2,4.879e-22,2.107e-17,2.747e-20,6.162e-29,9.261e-20,9.181e-23,1.917e+0,1.177e-17,5.899e-1,5.617e+1,4.210e-11,2.378e+1,9.765e-7,1.977e-3,6.814e-3,7.759e-19,,3.644e-3,,,1.521e+0,,5.889e-19,,2.274e+0,,4.734e-1,,1.922e-17,,2.905e-18,1.409e-16
460.96,9.648e+1,8.874e-21,2.606e-10,1.082e-38,3.205e-20,,,3.191e-19,5.446e-20,,3.438e-15,5.966e-10,4.966e-26,1.022e-17,5.097e-5,1.011e-15,7.026e-21,7.196e-7,,3.881e-11,4.446e-20,1.313e-30,8.858e+0,1.255e-16,1.575e-26,2.162e-1,1.310e-9,8.482e-2,4.883e-22,2.109e-17,2.747e-20,6.162e-29,9.264e-20,9.182e-23,1.850e+0,1.173e-17,5.026e-1,5.883e+1,7.757e-11,2.190e+1,1.635e-6,2.762e-3,4.859e-3,7.765e-19,,2.457e-3,,,1.643e+0,,5.888e-19,,2.105e+0,,4.775e-1,,1.922e-17,,2.877e-18,1.410e-16
460.98,9.825e+1,8.878e-21,3.107e-10,1.085e-38,3.205e-20,,,3.193e-19,5.435e-20,,3.438e-15,4.148e-10,4.950e-26,1.022e-17,6.302e-5,1.208e-15,7.025e-21,7.042e-7,,2.517e-11,4.448e-20,1.985e-30,1.015e+1,1.254e-16,1.558e-26,2.284e-1,8.862e-10,7.849e-2,4.886e-22,2.111e-17,2.748e-20,6.163e-29,9.265e-20,9.183e-23,1.811e+0,1.171e-17,4.499e-1,6.069e+1,1.161e-10,2.063e+1,2.296e-6,3.437e-3,3.861e-3,7.769e-19,,1.913e-3,,,1.721e+0,,5.888e-19,,1.991e+0,,4.822e-1,,1.921e-17,,2.857e-18,1.410e-16
461.01,1.013e+2,8.885e-21,4.017e-10,1.090e-38,3.206e-20,,,3.195e-19,5.419e-20,,3.438e-15,2.389e-10,4.925e-26,1.022e-17,8.608e-5,1.565e-15,7.024e-21,6.772e-7,,1.306e-11,4.450e-20,3.667e-30,1.238e+1,1.253e-16,1.534e-26,2.503e-1,4.898e-10,6.940e-2,4.891e-22,2.113e-17,2.749e-20,6.163e-29,9.267e-20,9.184e-23,1.760e+0,1.167e-17,3.786e-1,6.356e+1,2.110e-10,1.875e+1,3.794e-6,4.738e-3,2.716e-3,7.775e-19,,1.376e-3,,,1.834e+0,,5.887e-19,,1.819e+0,,4.921e-1,,1.921e-17,,2.828e-18,1.410e-16
461.03,1.036e+2,8.889e-21,4.748e-10,1.094e-38,3.207e-20,,,3.197e-19,5.408e-20,,3.437e-15,1.646e-10,4.908e-26,1.022e-17,1.055e-4,1.853e-15,7.023e-21,6.568e-7,,8.396e-12,4.451e-20,5.495e-30,1.407e+1,1.252e-16,1.518e-26,2.672e-1,3.284e-10,6.364e-2,4.894e-22,2.115e-17,2.749e-20,6.163e-29,9.268e-20,9.185e-23,1.731e+0,1.164e-17,3.361e-1,6.552e+1,3.129e-10,1.750e+1,5.279e-6,5.842e-3,2.139e-3,7.778e-19,,1.166e-3,,,1.905e+0,,5.886e-19,,1.704e+0,,5.005e-1,,1.920e-17,,2.809e-18,1.410e-16
461.05,1.061e+2,8.893e-21,5.593e-10,1.097e-38,3.207e-20,,,3.199e-19,5.397e-20,,3.437e-15,1.130e-10,4.892e-26,1.022e-17,1.288e-4,2.185e-15,7.023e-21,6.347e-7,,5.378e-12,4.453e-20,8.207e-30,1.593e+1,1.251e-16,1.501e-26,2.861e-1,2.194e-10,5.816e-2,4.897e-22,2.116e-17,2.750e-20,6.164e-29,9.270e-20,9.186e-23,1.705e+0,1.162e-17,2.974e-1,6.748e+1,4.624e-10,1.629e+1,7.319e-6,7.178e-3,1.678e-3,7.782e-19,,1.055e-3,,,1.971e+0,,5.886e-19,,1.591e+0,,5.101e-1,,1.920e-17,,2.790e-18,1.411e-16
461.08,1.103e+2,8.900e-21,7.105e-10,1.102e-38,3.208e-20,,,3.201e-19,5.380e-20,,3.437e-15,6.387e-11,4.867e-26,1.022e-17,1.727e-4,2.780e-15,7.022e-21,5.988e-7,,2.738e-12,4.455e-20,1.488e-29,1.906e+1,1.249e-16,1.477e-26,3.179e-1,1.190e-10,5.046e-2,4.902e-22,2.118e-17,2.751e-20,6.164e-29,9.272e-20,9.187e-23,1.672e+0,1.158e-17,2.460e-1,7.041e+1,8.250e-10,1.452e+1,1.187e-5,9.711e-3,1.158e-3,7.788e-19,,1.058e-3,,,2.061e+0,,5.885e-19,,1.426e+0,,5.266e-1,,1.919e-17,,2.761e-18,1.411e-16
461.1,1.133e+2,8.904e-21,8.299e-10,1.106e-38,3.209e-20,,,3.203e-19,5.369e-20,,3.436e-15,4.346e-11,4.850e-26,1.022e-17,2.090e-4,3.249e-15,7.021e-21,5.735e-7,,1.738e-12,4.457e-20,2.202e-29,2.139e+1,1.248e-16,1.460e-26,3.413e-1,7.874e-11,4.569e-2,4.905e-22,2.120e-17,2.751e-20,6.165e-29,9.273e-20,9.188e-23,1.653e+0,1.155e-17,2.159e-1,7.231e+1,1.208e-9,1.339e+1,1.631e-5,1.183e-2,9.006e-4,7.792e-19,,1.173e-3,,,2.113e+0,,5.884e-19,,1.320e+0,,5.388e-1,,1.919e-17,,2.741e-18,1.411e-16
461.13,1.182e+2,8.910e-21,1.041e-9,1.111e-38,3.209e-20,,,3.206e-19,5.353e-20,,3.436e-15,2.424e-11,4.826e-26,1.022e-17,2.764e-4,4.078e-15,7.020e-21,5.339e-7,,8.726e-13,4.459e-20,3.939e-29,2.526e+1,1.246e-16,1.436e-26,3.799e-1,4.212e-11,3.911e-2,4.910e-22,2.122e-17,2.752e-20,6.165e-29,9.275e-20,9.190e-23,1.629e+0,1.151e-17,1.763e-1,7.504e+1,2.127e-9,1.177e+1,2.610e-5,1.579e-2,6.133e-4,7.797e-19,,1.533e-3,,,2.180e+0,,5.884e-19,,1.167e+0,,5.584e-1,,1.918e-17,,2.712e-18,1.411e-16
461.15,1.217e+2,8.915e-21,1.206e-9,1.114e-38,3.210e-20,,,3.207e-19,5.342e-20,,3.436e-15,1.635e-11,4.809e-26,1.022e-17,3.316e-4,4.723e-15,7.019e-21,5.067e-7,,5.488e-13,4.461e-20,5.779e-29,2.810e+1,1.245e-16,1.420e-26,4.077e-1,2.763e-11,3.510e-2,4.913e-22,2.123e-17,2.752e-20,6.166e-29,9.277e-20,9.191e-23,1.614e+0,1.149e-17,1.535e-1,7.675e+1,3.088e-9,1.076e+1,3.555e-5,1.905e-2,4.725e-4,7.801e-19,,1.922e-3,,,2.215e+0,,5.883e-19,,1.070e+0,,5.720e-1,,1.918e-17,,2.693e-18,1.412e-16
461.18,1.272e+2,8.921e-21,1.493e-9,1.120e-38,3.211e-20,,,3.210e-19,5.325e-20,,3.435e-15,8.993e-12,4.784e-26,1.022e-17,4.327e-4,5.849e-15,7.018e-21,4.654e-7,,2.719e-13,4.463e-20,1.020e-28,3.275e+1,1.244e-16,1.395e-26,4.524e-1,1.458e-11,2.965e-2,4.917e-22,2.126e-17,2.753e-20,6.166e-29,9.279e-20,9.192e-23,1.594e+0,1.145e-17,1.238e-1,7.907e+1,5.364e-9,9.334e+0,5.612e-5,2.509e-2,3.174e-4,7.807e-19,,2.793e-3,,,2.254e+0,,5.882e-19,,9.337e-1,,5.927e-1,,1.918e-17,,2.664e-18,1.412e-16
461.2,1.310e+2,8.926e-21,1.715e-9,1.123e-38,3.211e-20,,,3.212e-19,5.314e-20,,3.435e-15,6.011e-12,4.768e-26,1.022e-17,5.144e-4,6.715e-15,7.017e-21,4.377e-7,,1.694e-13,4.465e-20,1.483e-28,3.611e+1,1.243e-16,1.379e-26,4.841e-1,9.477e-12,2.637e-2,4.920e-22,2.127e-17,2.754e-20,6.167e-29,9.280e-20,9.193e-23,1.580e+0,1.142e-17,1.069e-1,8.044e+1,7.717e-9,8.453e+0,7.576e-5,3.001e-2,2.424e-4,7.811e-19,,3.621e-3,,,2.271e+0,,5.882e-19,,8.486e-1,,6.065e-1,,1.917e-17,,2.645e-18,1.412e-16
461.23,1.368e+2,8.932e-21,2.097e-9,1.128e-38,3.212e-20,,,3.214e-19,5.298e-20,,3.435e-15,3.263e-12,4.743e-26,1.022e-17,6.623e-4,8.205e-15,7.016e-21,3.966e-7,,8.280e-14,4.467e-20,2.583e-28,4.153e+1,1.241e-16,1.354e-26,5.339e-1,4.933e-12,2.198e-2,4.925e-22,2.129e-17,2.754e-20,6.167e-29,9.282e-20,9.194e-23,1.559e+0,1.138e-17,8.513e-2,8.215e+1,1.323e-8,7.236e+0,1.180e-4,3.900e-2,1.606e-4,7.817e-19,,5.367e-3,,,2.280e+0,,5.881e-19,,7.304e-1,,6.265e-1,,1.917e-17,,2.616e-18,1.413e-16
461.25,1.408e+2,8.936e-21,2.387e-9,1.132e-38,3.213e-20,,,3.216e-19,5.287e-20,,3.434e-15,2.162e-12,4.726e-26,1.022e-17,7.804e-4,9.335e-15,7.016e-21,3.697e-7,,5.114e-14,4.469e-20,3.723e-28,4.539e+1,1.240e-16,1.338e-26,5.686e-1,3.178e-12,1.939e-2,4.928e-22,2.131e-17,2.755e-20,6.168e-29,9.284e-20,9.195e-23,1.544e+0,1.136e-17,7.286e-2,8.305e+1,1.886e-8,6.494e+0,1.579e-4,4.623e-2,1.215e-4,7.820e-19,,6.970e-3,,,2.276e+0,,5.880e-19,,6.578e-1,,6.391e-1,,1.916e-17,,2.597e-18,1.413e-16
461.28,1.467e+2,8.943e-21,2.882e-9,1.137e-38,3.213e-20,,,3.218e-19,5.270e-20,,3.434e-15,1.158e-12,4.701e-26,1.022e-17,9.915e-4,1.125e-14,7.014e-21,3.305e-7,,2.465e-14,4.471e-20,6.397e-28,5.152e+1,1.239e-16,1.313e-26,6.222e-1,1.632e-12,1.595e-2,4.933e-22,2.133e-17,2.756e-20,6.168e-29,9.286e-20,9.196e-23,1.517e+0,1.132e-17,5.732e-2,8.397e+1,3.190e-8,5.485e+0,2.427e-4,5.927e-2,7.946e-5,7.826e-19,,1.027e-2,,,2.254e+0,,5.880e-19,,5.586e-1,,6.566e-1,,1.916e-17,,2.568e-18,1.413e-16
461.3,1.507e+2,8.947e-21,3.254e-9,1.140e-38,3.214e-20,,,3.220e-19,5.259e-20,,3.434e-15,7.614e-13,4.685e-26,1.022e-17,1.158e-3,1.269e-14,7.014e-21,3.053e-7,,1.509e-14,4.473e-20,9.138e-28,5.583e+1,1.238e-16,1.297e-26,6.588e-1,1.042e-12,1.396e-2,4.936e-22,2.135e-17,2.756e-20,6.169e-29,9.287e-20,9.197e-23,1.497e+0,1.129e-17,4.865e-2,8.430e+1,4.508e-8,4.880e+0,3.218e-4,6.964e-2,5.958e-5,7.830e-19,,1.325e-2,,,2.230e+0,,5.879e-19,,4.986e-1,,6.671e-1,,1.915e-17,,2.548e-18,1.413e-16
461.33,1.565e+2,8.954e-21,3.879e-9,1.146e-38,3.215e-20,,,3.223e-19,5.243e-20,,3.433e-15,4.046e-13,4.660e-26,1.022e-17,1.451e-3,1.509e-14,7.013e-21,2.692e-7,,7.174e-15,4.475e-20,1.549e-27,6.256e+1,1.236e-16,1.272e-26,7.144e-1,5.276e-13,1.136e-2,4.941e-22,2.137e-17,2.757e-20,6.169e-29,9.289e-20,9.199e-23,1.463e+0,1.125e-17,3.779e-2,8.431e+1,7.524e-8,4.067e+0,4.881e-4,8.810e-2,3.843e-5,7.836e-19,,1.930e-2,,,2.180e+0,,5.878e-19,,4.176e-1,,6.806e-1,,1.915e-17,,2.520e-18,1.414e-16
461.35,1.603e+2,8.958e-21,4.342e-9,1.149e-38,3.215e-20,,,3.224e-19,5.232e-20,,3.433e-15,2.661e-13,4.643e-26,1.022e-17,1.680e-3,1.687e-14,7.012e-21,2.465e-7,,4.350e-15,4.477e-20,2.193e-27,6.720e+1,1.235e-16,1.256e-26,7.516e-1,3.337e-13,9.868e-3,4.944e-22,2.138e-17,2.757e-20,6.169e-29,9.291e-20,9.200e-23,1.437e+0,1.122e-17,3.180e-2,8.400e+1,1.054e-7,3.587e+0,6.414e-4,1.026e-1,2.856e-5,7.839e-19,,2.470e-2,,,2.137e+0,,5.878e-19,,3.695e-1,,6.880e-1,,1.914e-17,,2.500e-18,1.414e-16
461.38,1.658e+2,8.964e-21,5.110e-9,1.154e-38,3.216e-20,,,3.227e-19,5.215e-20,,3.432e-15,1.459e-13,4.619e-26,1.022e-17,2.078e-3,1.979e-14,7.011e-21,2.145e-7,,2.041e-15,4.479e-20,3.670e-27,7.434e+1,1.234e-16,1.231e-26,8.073e-1,1.668e-13,7.966e-3,4.948e-22,2.141e-17,2.758e-20,6.170e-29,9.293e-20,9.201e-23,1.393e+0,1.119e-17,2.439e-2,8.304e+1,1.735e-7,2.952e+0,9.599e-4,1.280e-1,1.817e-5,7.845e-19,,3.551e-2,,,2.061e+0,,5.877e-19,,3.053e-1,,6.966e-1,,1.914e-17,,2.471e-18,1.414e-16
461.4,1.692e+2,8.969e-21,5.672e-9,1.158e-38,3.217e-20,,,3.229e-19,5.204e-20,,3.432e-15,1.033e-13,4.602e-26,1.022e-17,2.383e-3,2.192e-14,7.010e-21,1.946e-7,,1.226e-15,4.481e-20,5.149e-27,7.918e+1,1.233e-16,1.215e-26,8.440e-1,1.045e-13,6.899e-3,4.951e-22,2.142e-17,2.759e-20,6.170e-29,9.294e-20,9.202e-23,1.361e+0,1.116e-17,2.035e-2,8.208e+1,2.409e-7,2.582e+0,1.250e-3,1.478e-1,1.338e-5,7.849e-19,,4.503e-2,,,2.002e+0,,5.876e-19,,2.677e-1,,7.006e-1,,1.914e-17,,2.452e-18,1.415e-16
461.42,1.725e+2,8.973e-21,6.275e-9,1.161e-38,3.217e-20,,,3.230e-19,5.193e-20,,3.432e-15,8.074e-14,4.585e-26,1.022e-17,2.724e-3,2.420e-14,7.010e-21,1.759e-7,,7.343e-16,4.482e-20,7.199e-27,8.405e+1,1.232e-16,1.199e-26,8.800e-1,6.528e-14,5.979e-3,4.955e-22,2.144e-17,2.759e-20,6.171e-29,9.296e-20,9.203e-23,1.325e+0,1.113e-17,1.692e-2,8.087e+1,3.333e-7,2.252e+0,1.623e-3,1.699e-1,9.818e-6,7.853e-19,,5.691e-2,,,1.938e+0,,5.876e-19,,2.338e-1,,7.032e-1,,1.913e-17,,2.433e-18,1.415e-16
461.45,1.770e+2,8.980e-21,7.254e-9,1.166e-38,3.218e-20,,,3.233e-19,5.176e-20,,3.431e-15,7.659e-14,4.561e-26,1.022e-17,3.307e-3,2.786e-14,7.008e-21,1.502e-7,,3.379e-16,4.484e-20,1.182e-26,9.135e+1,1.230e-16,1.174e-26,9.324e-1,3.200e-14,4.850e-3,4.959e-22,2.146e-17,2.760e-20,6.171e-29,9.298e-20,9.204e-23,1.267e+0,1.109e-17,1.275e-2,7.859e+1,5.387e-7,1.825e+0,2.383e-3,2.081e-1,6.129e-6,7.858e-19,,8.030e-2,,,1.834e+0,,5.875e-19,,1.896e-1,,7.045e-1,,1.913e-17,,2.404e-18,1.415e-16
461.47,1.797e+2,8.984e-21,7.956e-9,1.170e-38,3.219e-20,,,3.234e-19,5.165e-20,,3.431e-15,9.285e-14,4.544e-26,1.022e-17,3.746e-3,3.048e-14,7.008e-21,1.346e-7,,2.005e-16,4.486e-20,1.638e-26,9.617e+1,1.229e-16,1.158e-26,9.660e-1,1.981e-14,4.249e-3,4.962e-22,2.147e-17,2.760e-20,6.172e-29,9.299e-20,9.205e-23,1.226e+0,1.107e-17,1.051e-2,7.679e+1,7.385e-7,1.582e+0,3.065e-3,2.372e-1,4.457e-6,7.862e-19,,1.006e-1,,,1.760e+0,,5.874e-19,,1.641e-1,,7.037e-1,,1.912e-17,,2.384e-18,1.415e-16
461.5,1.833e+2,8.990e-21,9.081e-9,1.175e-38,3.219e-20,,,3.237e-19,5.149e-20,,3.431e-15,1.535e-13,4.519e-26,1.022e-17,4.486e-3,3.463e-14,7.007e-21,1.133e-7,,9.103e-17,4.488e-20,2.654e-26,1.032e+2,1.227e-16,1.133e-26,1.014e+0,9.579e-15,3.555e-3,4.967e-22,2.150e-17,2.761e-20,6.172e-29,9.301e-20,9.206e-23,1.159e+0,1.103e-17,7.819e-3,7.369e+1,1.178e-6,1.275e+0,4.442e-3,2.866e-1,2.745e-6,7.868e-19,,1.400e-1,,,1.643e+0,,5.874e-19,,1.313e-1,,7.004e-1,,1.912e-17,,2.355e-18,1.416e-16
461.52,1.853e+2,8.995e-21,9.876e-9,1.178e-38,3.220e-20,,,3.239e-19,5.138e-20,,3.430e-15,2.289e-13,4.503e-26,1.022e-17,5.037e-3,3.754e-14,7.006e-21,1.006e-7,,5.353e-17,4.490e-20,3.646e-26,1.078e+2,1.226e-16,1.117e-26,1.044e+0,5.875e-15,3.220e-3,4.970e-22,2.151e-17,2.762e-20,6.173e-29,9.302e-20,9.207e-23,1.113e+0,1.100e-17,6.391e-3,7.139e+1,1.600e-6,1.105e+0,5.664e-3,3.238e-1,1.978e-6,7.872e-19,,1.738e-1,,,1.562e+0,,5.873e-19,,1.127e-1,,6.968e-1,,1.911e-17,,2.336e-18,1.416e-16
461.55,1.879e+2,9.001e-21,1.113e-8,1.184e-38,3.221e-20,,,3.241e-19,5.121e-20,,3.430e-15,4.291e-13,4.478e-26,1.022e-17,5.952e-3,4.208e-14,7.005e-21,8.364e-8,,2.397e-17,4.492e-20,5.829e-26,1.143e+2,1.225e-16,1.093e-26,1.086e+0,2.803e-15,2.897e-3,4.975e-22,2.153e-17,2.762e-20,6.173e-29,9.305e-20,9.209e-23,1.040e+0,1.096e-17,4.693e-3,6.763e+1,2.518e-6,8.956e-1,8.098e-3,3.861e-1,1.202e-6,7.878e-19,,2.388e-1,,,1.439e+0,,5.872e-19,,8.892e-2,,6.900e-1,,1.911e-17,,2.307e-18,1.416e-16
461.57,1.892e+2,9.005e-21,1.200e-8,1.187e-38,3.221e-20,,,3.243e-19,5.110e-20,,3.430e-15,6.552e-13,4.461e-26,1.022e-17,6.623e-3,4.521e-14,7.004e-21,7.359e-8,,1.397e-17,4.494e-20,7.934e-26,1.185e+2,1.224e-16,1.076e-26,1.111e+0,1.703e-15,2.797e-3,4.978e-22,2.155e-17,2.763e-20,6.174e-29,9.306e-20,9.210e-23,9.905e-1,1.094e-17,3.803e-3,6.495e+1,3.392e-6,7.848e-1,1.023e-2,4.322e-1,8.580e-7,7.881e-19,,2.939e-1,,,1.356e+0,,5.872e-19,,7.560e-2,,6.846e-1,,1.910e-17,,2.288e-18,1.416e-16
461.6,1.905e+2,9.012e-21,1.335e-8,1.192e-38,3.222e-20,,,3.246e-19,5.094e-20,,3.429e-15,1.233e-12,4.436e-26,1.022e-17,7.723e-3,5.001e-14,7.003e-21,6.034e-8,,6.170e-18,4.496e-20,1.252e-25,1.242e+2,1.222e-16,1.052e-26,1.146e+0,8.015e-16,2.815e-3,4.983e-22,2.157e-17,2.764e-20,6.174e-29,9.308e-20,9.211e-23,9.147e-1,1.090e-17,2.757e-3,6.074e+1,5.266e-6,6.575e-1,1.444e-2,5.084e-1,5.143e-7,7.887e-19,,3.983e-1,,,1.232e+0,,5.871e-19,,5.887e-2,,6.756e-1,,1.910e-17,,2.259e-18,1.417e-16
461.62,1.911e+2,9.016e-21,1.427e-8,1.196e-38,3.223e-20,,,3.247e-19,5.083e-20,,3.429e-15,1.873e-12,4.420e-26,1.022e-17,8.517e-3,5.325e-14,7.002e-21,5.262e-8,,3.562e-18,4.498e-20,1.689e-25,1.277e+2,1.221e-16,1.035e-26,1.166e+0,4.827e-16,2.941e-3,4.986e-22,2.158e-17,2.764e-20,6.175e-29,9.309e-20,9.212e-23,8.637e-1,1.087e-17,2.215e-3,5.782e+1,7.030e-6,5.971e-1,1.808e-2,5.641e-1,3.639e-7,7.891e-19,,4.857e-1,,,1.151e+0,,5.870e-19,,4.960e-2,,6.694e-1,,1.910e-17,,2.240e-18,1.417e-16
461.65,1.913e+2,9.023e-21,1.567e-8,2.729e-38,3.223e-20,,,3.250e-19,5.066e-20,,3.429e-15,3.485e-12,4.395e-26,1.022e-17,9.798e-3,5.811e-14,7.001e-21,4.256e-8,,1.552e-18,4.500e-20,2.629e-25,1.324e+2,1.220e-16,1.011e-26,1.193e+0,2.241e-16,3.305e-3,4.990e-22,2.161e-17,2.765e-20,6.175e-29,9.311e-20,9.213e-23,7.876e-1,1.083e-17,1.585e-3,5.336e+1,1.077e-5,5.411e-1,2.517e-2,6.548e-1,2.152e-7,7.897e-19,,6.497e-1,,,1.031e+0,,5.870e-19,,3.811e-2,,6.602e-1,,1.909e-17,,2.211e-18,1.417e-16
461.67,1.911e+2,9.027e-21,1.661e-8,4.709e-38,3.224e-20,,,3.251e-19,5.055e-20,,3.428e-15,5.249e-12,4.379e-26,1.022e-17,1.071e-2,6.132e-14,7.001e-21,3.678e-8,,8.882e-19,4.502e-20,3.515e-25,1.351e+2,1.219e-16,9.944e-27,1.209e+0,1.337e-16,3.671e-3,4.993e-22,2.162e-17,2.765e-20,6.175e-29,9.313e-20,9.214e-23,7.374e-1,1.081e-17,1.262e-3,5.036e+1,1.425e-5,5.263e-1,3.124e-2,7.200e-1,1.509e-7,7.900e-19,,7.851e-1,,,9.547e-1,,5.869e-19,,3.182e-2,,6.544e-1,,1.909e-17,,2.191e-18,1.418e-16
461.7,1.903e+2,9.034e-21,1.801e-8,1.060e-37,3.225e-20,,,3.254e-19,5.039e-20,,3.428e-15,9.640e-12,4.354e-26,1.022e-17,1.216e-2,6.603e-14,7.000e-21,2.935e-8,,8.815e-19,4.504e-20,5.399e-25,1.386e+2,1.217e-16,9.699e-27,1.228e+0,6.125e-17,4.422e-3,4.998e-22,2.164e-17,2.766e-20,6.176e-29,9.315e-20,9.215e-23,6.638e-1,1.077e-17,8.914e-4,4.586e+1,2.154e-5,5.383e-1,4.291e-2,8.246e-1,8.802e-8,7.906e-19,,1.036e+0,,,8.444e-1,,5.868e-19,,2.412e-2,,6.465e-1,,1.908e-17,,2.162e-18,1.418e-16
461.72,1.894e+2,9.038e-21,1.893e-8,1.814e-37,3.225e-20,,,3.256e-19,5.028e-20,,3.428e-15,1.439e-11,4.337e-26,1.022e-17,1.317e-2,6.906e-14,6.999e-21,2.514e-8,,8.771e-19,4.506e-20,7.155e-25,1.405e+2,1.216e-16,9.536e-27,1.238e+0,3.622e-17,5.069e-3,5.001e-22,2.166e-17,2.767e-20,6.176e-29,9.316e-20,9.216e-23,6.162e-1,1.074e-17,7.038e-4,4.290e+1,2.824e-5,5.697e-1,5.278e-2,8.987e-1,6.117e-8,7.910e-19,,1.241e+0,,,7.746e-1,,5.868e-19,,1.996e-2,,6.420e-1,,1.908e-17,,2.143e-18,1.418e-16
461.75,1.877e+2,9.044e-21,2.026e-8,4.030e-37,3.226e-20,,,3.258e-19,5.011e-20,,3.427e-15,2.609e-11,4.312e-26,1.022e-17,1.475e-2,7.336e-14,6.998e-21,1.979e-8,,8.705e-19,4.508e-20,1.084e-24,1.427e+2,1.214e-16,9.290e-27,1.250e+0,1.636e-17,6.283e-3,5.006e-22,2.168e-17,2.767e-20,6.177e-29,9.318e-20,9.218e-23,5.475e-1,1.070e-17,4.906e-4,3.855e+1,4.213e-5,6.545e-1,7.154e-2,1.016e+0,3.520e-8,7.916e-19,,1.616e+0,,,6.759e-1,,5.867e-19,,1.492e-2,,6.370e-1,,1.907e-17,,2.114e-18,1.419e-16
461.77,1.863e+2,9.049e-21,2.111e-8,6.832e-37,3.227e-20,,,3.260e-19,5.000e-20,,3.427e-15,3.861e-11,4.296e-26,1.022e-17,1.584e-2,7.604e-14,6.997e-21,1.680e-8,,8.661e-19,4.510e-20,1.424e-24,1.437e+2,1.213e-16,9.127e-27,1.256e+0,9.590e-18,7.272e-3,5.009e-22,2.170e-17,2.768e-20,6.177e-29,9.320e-20,9.219e-23,5.038e-1,1.068e-17,3.840e-4,3.574e+1,5.475e-5,7.383e-1,8.722e-2,1.097e+0,2.424e-8,7.919e-19,,1.919e+0,,,6.145e-1,,5.866e-19,,1.224e-2,,6.348e-1,,1.907e-17,,2.095e-18,1.419e-16
461.79,1.847e+2,9.053e-21,2.192e-8,1.154e-36,3.227e-20,,,3.262e-19,4.989e-20,,3.427e-15,5.695e-11,4.279e-26,1.022e-17,1.694e-2,7.854e-14,6.997e-21,1.421e-8,,8.616e-19,4.511e-20,1.864e-24,1.444e+2,1.212e-16,8.963e-27,1.260e+0,5.600e-18,8.421e-3,5.012e-22,2.171e-17,2.768e-20,6.178e-29,9.321e-20,9.220e-23,4.619e-1,1.065e-17,2.995e-4,3.301e+1,7.090e-5,8.461e-1,1.060e-1,1.180e+0,1.663e-8,7.923e-19,,2.269e+0,,,5.566e-1,,5.866e-19,,1.000e-2,,6.337e-1,,1.906e-17,,2.076e-18,1.419e-16
461.82,1.821e+2,9.059e-21,2.305e-8,2.517e-36,3.228e-20,,,3.264e-19,4.973e-20,,3.426e-15,1.013e-10,4.254e-26,1.022e-17,1.862e-2,8.188e-14,6.995e-21,1.098e-8,,8.550e-19,4.514e-20,2.773e-24,1.448e+2,1.211e-16,8.718e-27,1.263e+0,2.482e-18,1.047e-2,5.017e-22,2.173e-17,2.769e-20,6.178e-29,9.323e-20,9.221e-23,4.029e-1,1.061e-17,2.050e-4,2.912e+1,1.038e-4,1.058e+0,1.409e-1,1.309e+0,9.392e-9,7.929e-19,,2.900e+0,,,4.766e-1,,5.865e-19,,7.337e-3,,6.343e-1,,1.906e-17,,2.047e-18,1.419e-16
461.84,1.803e+2,9.064e-21,2.373e-8,4.215e-36,3.229e-20,,,3.266e-19,4.962e-20,,3.426e-15,1.481e-10,4.238e-26,1.022e-17,1.975e-2,8.381e-14,6.995e-21,9.201e-9,,8.506e-19,4.515e-20,3.597e-24,1.447e+2,1.210e-16,1.514e-26,1.263e+0,1.436e-18,1.208e-2,5.020e-22,2.175e-17,2.770e-20,6.179e-29,9.325e-20,9.222e-23,3.661e-1,1.058e-17,1.585e-4,2.666e+1,1.332e-4,1.238e+0,1.697e-1,1.396e+0,6.387e-9,7.933e-19,,3.400e+0,,,4.279e-1,,5.865e-19,,5.942e-3,,6.362e-1,,1.906e-17,,2.027e-18,1.420e-16
461.87,1.774e+2,9.070e-21,2.462e-8,9.072e-36,3.229e-20,,,3.268e-19,4.945e-20,,3.425e-15,2.601e-10,4.213e-26,1.022e-17,2.142e-2,8.621e-14,6.994e-21,7.012e-9,,8.439e-19,4.517e-20,5.280e-24,1.440e+2,1.208e-16,3.444e-26,1.260e+0,6.279e-19,1.490e-2,5.024e-22,2.177e-17,2.770e-20,6.179e-29,9.327e-20,9.223e-23,3.151e-1,1.054e-17,1.071e-4,2.320e+1,1.924e-4,1.573e+0,2.227e-1,1.528e+0,3.557e-9,7.938e-19,,4.287e+0,,,3.615e-1,,5.864e-19,,4.301e-3,,6.413e-1,,1.905e-17,,1.998e-18,1.420e-16
461.89,1.755e+2,9.075e-21,2.513e-8,1.506e-35,3.230e-20,,,3.270e-19,4.934e-20,,3.425e-15,3.770e-10,4.196e-26,1.022e-17,2.251e-2,8.746e-14,6.993e-21,5.825e-9,,8.395e-19,4.519e-20,6.788e-24,1.432e+2,1.207e-16,5.930e-26,1.257e+0,3.600e-19,1.708e-2,5.028e-22,2.179e-17,2.771e-20,6.180e-29,9.328e-20,9.224e-23,2.838e-1,1.052e-17,8.205e-5,2.105e+1,2.448e-4,1.846e+0,2.658e-1,1.615e+0,2.397e-9,7.942e-19,,4.982e+0,,,3.216e-1,,5.863e-19,,3.452e-3,,6.462e-1,,1.905e-17,,1.979e-18,1.420e-16
461.92,1.727e+2,9.081e-21,2.575e-8,3.199e-35,3.231e-20,,,3.273e-19,4.918e-20,,3.425e-15,6.533e-10,4.172e-26,1.021e-17,2.408e-2,8.876e-14,6.992e-21,4.380e-9,,8.329e-19,4.521e-20,9.831e-24,1.415e+2,1.206e-16,1.331e-25,1.250e+0,,2.083e-2,5.032e-22,2.181e-17,2.772e-20,6.180e-29,9.330e-20,9.225e-23,2.411e-1,1.048e-17,5.469e-5,1.807e+1,3.489e-4,2.341e+0,3.442e-1,1.743e+0,1.317e-9,7.948e-19,,6.198e+0,,,2.681e-1,,5.862e-19,,2.465e-3,,6.557e-1,,1.904e-17,,1.950e-18,1.420e-16
461.94,1.709e+2,9.085e-21,2.606e-8,5.263e-35,3.231e-20,,,3.274e-19,4.907e-20,,3.424e-15,9.385e-10,4.155e-26,1.021e-17,2.508e-2,8.924e-14,6.991e-21,3.606e-9,,8.285e-19,4.523e-20,1.253e-23,1.401e+2,1.205e-16,2.271e-25,1.244e+0,,2.368e-2,5.035e-22,2.182e-17,2.772e-20,6.181e-29,9.332e-20,9.226e-23,2.152e-1,1.045e-17,4.155e-5,1.625e+1,4.399e-4,2.737e+0,4.071e-1,1.827e+0,8.800e-10,7.952e-19,,7.137e+0,,,2.364e-1,,5.862e-19,,1.961e-3,,6.634e-1,,1.904e-17,,1.931e-18,1.421e-16
461.97,1.684e+2,9.092e-21,2.636e-8,1.103e-34,3.232e-20,,,3.277e-19,4.890e-20,,3.424e-15,1.605e-9,4.130e-26,1.021e-17,2.649e-2,8.936e-14,6.990e-21,2.675e-9,,8.218e-19,4.525e-20,1.790e-23,1.377e+2,1.203e-16,5.030e-25,1.233e+0,,2.851e-2,5.040e-22,2.185e-17,2.773e-20,6.181e-29,9.334e-20,9.228e-23,1.803e-1,1.041e-17,2.734e-5,1.377e+1,6.187e-4,3.441e+0,5.202e-1,1.946e+0,4.776e-10,7.958e-19,,8.762e+0,,,1.944e-1,,5.861e-19,,1.381e-3,,6.769e-1,,1.903e-17,,1.902e-18,1.421e-16
461.99,1.670e+2,9.096e-21,2.644e-8,1.799e-34,3.233e-20,,,3.279e-19,4.879e-20,,3.424e-15,2.285e-9,4.114e-26,1.021e-17,2.734e-2,8.904e-14,6.989e-21,2.182e-9,,8.174e-19,4.527e-20,2.261e-23,1.358e+2,1.202e-16,8.508e-25,1.224e+0,,3.213e-2,5.043e-22,2.186e-17,2.773e-20,6.181e-29,9.335e-20,9.229e-23,1.596e-1,1.039e-17,2.058e-5,1.227e+1,7.731e-4,3.993e+0,6.098e-1,2.020e+0,3.168e-10,7.961e-19,,1.000e+1,,,1.698e-1,,5.860e-19,,1.089e-3,,6.870e-1,,1.903e-17,,1.883e-18,1.421e-16
462.02,1.653e+2,9.103e-21,2.641e-8,3.721e-34,3.233e-20,,,3.281e-19,4.863e-20,,3.423e-15,3.857e-9,4.089e-26,1.021e-17,2.848e-2,8.797e-14,6.988e-21,1.597e-9,,8.108e-19,4.529e-20,3.188e-23,1.328e+2,1.201e-16,1.859e-24,1.210e+0,,3.819e-2,5.048e-22,2.188e-17,2.774e-20,6.182e-29,9.337e-20,9.230e-23,1.319e-1,1.035e-17,1.336e-5,1.026e+1,1.073e-3,4.962e+0,7.687e-1,2.123e+0,1.713e-10,7.967e-19,,1.211e+1,,,1.378e-1,,5.860e-19,,7.567e-4,,7.035e-1,,1.902e-17,,1.854e-18,1.422e-16
462.04,1.644e+2,9.107e-21,2.627e-8,6.013e-34,3.234e-20,,,3.283e-19,4.852e-20,,3.423e-15,5.445e-9,4.072e-26,1.021e-17,2.914e-2,8.687e-14,6.988e-21,1.291e-9,,8.064e-19,4.531e-20,3.991e-23,1.306e+2,1.199e-16,3.118e-24,1.200e+0,,4.267e-2,5.051e-22,2.190e-17,2.775e-20,6.182e-29,9.339e-20,9.231e-23,1.157e-1,1.032e-17,9.975e-6,9.060e+0,1.329e-3,5.712e+0,8.932e-1,2.185e+0,1.146e-10,7.971e-19,,1.370e+1,,,1.193e-1,,5.859e-19,,5.911e-4,,7.153e-1,,1.902e-17,,1.834e-18,1.422e-16
462.07,1.636e+2,9.113e-21,2.589e-8,1.227e-33,3.235e-20,,,3.285e-19,4.835e-20,,3.422e-15,9.069e-9,4.047e-26,1.021e-17,2.995e-2,8.468e-14,6.987e-21,9.325e-10,,7.997e-19,4.533e-20,5.553e-23,1.272e+2,1.198e-16,6.723e-24,1.183e+0,,5.004e-2,5.055e-22,2.192e-17,2.775e-20,6.183e-29,9.341e-20,9.232e-23,9.436e-2,1.028e-17,6.390e-6,7.471e+0,1.819e-3,7.009e+0,1.111e+0,2.266e+0,6.611e-11,7.977e-19,,1.638e+1,,,9.552e-2,,5.858e-19,,4.054e-4,,7.339e-1,,1.901e-17,,1.805e-18,1.422e-16
462.09,1.634e+2,9.118e-21,2.554e-8,1.966e-33,3.235e-20,,,3.287e-19,4.824e-20,,3.422e-15,1.269e-8,4.031e-26,1.021e-17,3.037e-2,8.288e-14,6.986e-21,7.471e-10,,7.953e-19,4.535e-20,6.889e-23,1.248e+2,1.197e-16,1.117e-23,1.170e+0,,5.541e-2,5.059e-22,2.193e-17,2.776e-20,6.183e-29,9.342e-20,9.233e-23,8.201e-2,1.026e-17,4.728e-6,6.540e+0,2.233e-3,7.998e+0,1.279e+0,2.311e+0,4.998e-11,7.980e-19,,1.836e+1,,,8.198e-2,,5.858e-19,,3.138e-4,,7.468e-1,,1.901e-17,,1.786e-18,1.422e-16
462.12,1.638e+2,9.124e-21,2.485e-8,3.960e-33,3.236e-20,,,3.290e-19,4.808e-20,,3.422e-15,2.086e-8,4.006e-26,1.021e-17,3.080e-2,7.971e-14,6.985e-21,5.323e-10,,7.887e-19,4.537e-20,9.457e-23,1.211e+2,1.195e-16,2.378e-23,1.150e+0,,6.412e-2,5.063e-22,2.196e-17,2.777e-20,6.184e-29,9.344e-20,9.234e-23,6.600e-2,1.022e-17,2.989e-6,5.321e+0,3.017e-3,9.685e+0,1.570e+0,2.365e+0,4.300e-11,7.986e-19,,2.165e+1,,,6.474e-2,,5.857e-19,,2.123e-4,,7.665e-1,,1.900e-17,,1.757e-18,1.423e-16
462.14,1.644e+2,9.129e-21,2.430e-8,6.288e-33,3.237e-20,,,3.291e-19,4.797e-20,,3.421e-15,2.893e-8,3.989e-26,1.021e-17,3.096e-2,7.731e-14,6.984e-21,4.227e-10,,7.843e-19,4.539e-20,1.163e-22,1.185e+2,1.194e-16,3.917e-23,1.136e+0,,7.037e-2,5.066e-22,2.197e-17,2.777e-20,6.184e-29,9.345e-20,9.235e-23,5.685e-2,1.019e-17,2.192e-6,4.616e+0,3.671e-3,1.095e+1,1.792e+0,2.391e+0,4.862e-11,7.990e-19,,2.406e+1,,,5.507e-2,,5.856e-19,,1.629e-4,,7.797e-1,,1.900e-17,,1.738e-18,1.423e-16
462.16,1.654e+2,9.133e-21,2.368e-8,9.949e-33,3.237e-20,,,3.293e-19,4.786e-20,,3.421e-15,3.998e-8,3.973e-26,1.021e-17,3.100e-2,7.473e-14,6.983e-21,3.344e-10,,7.798e-19,4.540e-20,1.425e-22,1.159e+2,1.193e-16,6.432e-23,1.121e+0,,7.695e-2,5.069e-22,2.199e-17,2.778e-20,6.185e-29,9.347e-20,9.236e-23,4.879e-2,1.017e-17,1.602e-6,3.991e+0,4.451e-3,1.235e+1,2.038e+0,2.409e+0,6.339e-11,7.994e-19,,2.664e+1,,,4.667e-2,,5.856e-19,,1.245e-4,,7.929e-1,,1.900e-17,,1.719e-18,1.423e-16
462.19,1.676e+2,9.139e-21,2.264e-8,1.967e-32,3.238e-20,,,3.296e-19,4.769e-20,,3.421e-15,6.452e-8,3.948e-26,1.021e-17,3.085e-2,7.053e-14,6.982e-21,2.338e-10,,7.732e-19,4.543e-20,1.920e-22,1.119e+2,1.192e-16,1.344e-22,1.097e+0,,8.740e-2,5.074e-22,2.201e-17,2.779e-20,6.185e-29,9.349e-20,9.238e-23,3.853e-2,1.013e-17,9.949e-7,3.186e+0,5.902e-3,1.468e+1,2.455e+0,2.419e+0,1.088e-10,7.999e-19,,3.083e+1,,,3.617e-2,,5.855e-19,,8.265e-5,,8.126e-1,,1.899e-17,,1.690e-18,1.423e-16
462.21,1.695e+2,9.144e-21,2.188e-8,3.085e-32,3.238e-20,,,3.297e-19,4.758e-20,,3.420e-15,8.839e-8,3.931e-26,1.021e-17,3.062e-2,6.756e-14,6.982e-21,1.833e-10,,7.688e-19,4.544e-20,2.332e-22,1.092e+2,1.191e-16,2.186e-22,1.079e+0,,9.472e-2,5.077e-22,2.202e-17,2.779e-20,6.186e-29,9.350e-20,9.239e-23,3.278e-2,1.010e-17,7.214e-7,2.730e+0,7.091e-3,1.639e+1,2.767e+0,2.416e+0,1.623e-10,8.003e-19,,3.383e+1,,,3.038e-2,,5.855e-19,,6.261e-5,,8.254e-1,,1.899e-17,,1.670e-18,1.424e-16
462.24,1.729e+2,9.150e-21,2.065e-8,6.018e-32,3.239e-20,,,3.300e-19,4.742e-20,,3.420e-15,1.408e-7,3.907e-26,1.021e-17,3.007e-2,6.291e-14,6.981e-21,1.264e-10,,7.621e-19,4.547e-20,3.100e-22,1.051e+2,1.189e-16,4.507e-22,1.052e+0,,1.061e-1,5.082e-22,2.205e-17,2.780e-20,6.186e-29,9.352e-20,9.240e-23,2.554e-2,1.006e-17,4.435e-7,2.150e+0,9.278e-3,1.923e+1,3.289e+0,2.395e+0,2.999e-10,8.009e-19,,3.863e+1,,,2.323e-2,,5.854e-19,,4.101e-5,,8.441e-1,,1.898e-17,,1.641e-18,1.424e-16
462.26,1.756e+2,9.154e-21,1.979e-8,9.355e-32,3.240e-20,,,3.302e-19,4.731e-20,,3.420e-15,1.912e-7,3.890e-26,1.021e-17,2.958e-2,5.972e-14,6.980e-21,9.824e-11,,7.577e-19,4.548e-20,3.731e-22,1.023e+2,1.188e-16,7.268e-22,1.032e+0,,1.140e-1,5.085e-22,2.206e-17,2.780e-20,6.187e-29,9.354e-20,9.241e-23,2.153e-2,1.003e-17,3.205e-7,1.826e+0,1.105e-2,2.129e+1,3.674e+0,2.371e+0,4.521e-10,8.013e-19,,4.201e+1,,,1.933e-2,,5.853e-19,,3.079e-5,,8.561e-1,,1.898e-17,,1.622e-18,1.424e-16
462.29,1.801e+2,9.161e-21,1.845e-8,1.801e-31,3.241e-20,,,3.304e-19,4.714e-20,,3.419e-15,3.005e-7,3.865e-26,1.021e-17,2.866e-2,5.487e-14,6.979e-21,6.684e-11,,7.511e-19,4.550e-20,4.895e-22,9.804e+1,1.187e-16,1.479e-21,1.002e+0,,1.261e-1,5.090e-22,2.208e-17,2.781e-20,6.187e-29,9.356e-20,9.242e-23,1.655e-2,9.995e-18,1.982e-7,1.419e+0,1.427e-2,2.463e+1,4.309e+0,2.320e+0,8.333e-10,8.019e-19,,4.733e+1,,,1.458e-2,,5.852e-19,,1.989e-5,,8.733e-1,,1.897e-17,,1.593e-18,1.425e-16
462.31,1.835e+2,9.165e-21,1.753e-8,2.775e-31,3.241e-20,,,3.306e-19,4.703e-20,,3.419e-15,4.045e-7,3.849e-26,1.021e-17,2.794e-2,5.163e-14,6.978e-21,5.148e-11,,7.467e-19,4.552e-20,5.839e-22,9.515e+1,1.186e-16,2.363e-21,9.800e-1,,1.342e-1,5.093e-22,2.210e-17,2.782e-20,6.188e-29,9.357e-20,9.243e-23,1.383e-2,9.969e-18,1.462e-7,1.194e+0,1.684e-2,2.703e+1,4.771e+0,2.277e+0,1.248e-9,8.022e-19,,5.102e+1,,,1.203e-2,,5.852e-19,,1.480e-5,,8.841e-1,,1.897e-17,,1.574e-18,1.425e-16
462.34,1.890e+2,9.172e-21,1.614e-8,5.272e-31,3.242e-20,,,3.308e-19,4.687e-20,,3.419e-15,6.275e-7,3.824e-26,1.021e-17,2.672e-2,4.680e-14,6.977e-21,3.455e-11,,7.400e-19,4.554e-20,7.558e-22,9.075e+1,1.184e-16,4.745e-21,9.460e-1,,1.464e-1,5.097e-22,2.212e-17,2.782e-20,6.188e-29,9.359e-20,9.244e-23,1.049e-2,9.930e-18,9.833e-8,9.154e-1,2.145e-2,3.086e+1,5.520e+0,2.200e+0,2.273e-9,8.028e-19,,5.672e+1,,,8.954e-3,,5.851e-19,,9.434e-6,,8.993e-1,,1.896e-17,,1.545e-18,1.425e-16
462.36,1.929e+2,9.176e-21,1.522e-8,8.051e-31,3.242e-20,,,3.310e-19,4.676e-20,,3.418e-15,8.372e-7,3.807e-26,1.021e-17,2.581e-2,4.365e-14,6.976e-21,2.637e-11,,7.356e-19,4.556e-20,8.937e-22,8.776e+1,1.183e-16,7.517e-21,9.224e-1,,1.545e-1,5.100e-22,2.214e-17,2.783e-20,6.188e-29,9.361e-20,9.245e-23,8.684e-3,9.904e-18,8.162e-8,7.634e-1,2.509e-2,3.357e+1,6.057e+0,2.141e+0,3.374e-9,8.032e-19,,6.060e+1,,,7.320e-3,,5.851e-19,,6.956e-6,,9.087e-1,,1.896e-17,,1.526e-18,1.425e-16
462.39,1.991e+2,9.182e-21,1.384e-8,1.509e-30,3.243e-20,,,3.313e-19,4.659e-20,,3.418e-15,1.282e-6,3.782e-26,1.021e-17,2.435e-2,3.904e-14,6.975e-21,1.747e-11,,7.290e-19,4.558e-20,1.141e-21,8.322e+1,1.181e-16,1.489e-20,8.855e-1,,1.663e-1,5.105e-22,2.216e-17,2.784e-20,6.189e-29,9.363e-20,9.247e-23,6.499e-3,9.864e-18,7.457e-8,5.775e-1,3.154e-2,3.782e+1,6.916e+0,2.045e+0,6.065e-9,8.038e-19,,6.647e+1,,,5.375e-3,,5.850e-19,,4.375e-6,,9.215e-1,,1.896e-17,,1.497e-18,1.426e-16
462.41,2.033e+2,9.187e-21,1.294e-8,2.285e-30,3.244e-20,,,3.314e-19,4.648e-20,,3.418e-15,1.695e-6,3.766e-26,1.021e-17,2.332e-2,3.608e-14,6.975e-21,1.321e-11,,7.246e-19,4.560e-20,1.338e-21,8.015e+1,1.180e-16,2.339e-20,8.601e-1,,1.739e-1,5.108e-22,2.217e-17,2.784e-20,6.189e-29,9.364e-20,9.248e-23,5.333e-3,9.838e-18,8.097e-8,4.773e-1,3.657e-2,4.076e+1,7.522e+0,1.975e+0,8.926e-9,8.041e-19,,7.038e+1,,,4.355e-3,,5.849e-19,,3.197e-6,,9.291e-1,,1.895e-17,,1.477e-18,1.426e-16
462.44,2.097e+2,9.193e-21,1.164e-8,4.227e-30,3.245e-20,,,3.317e-19,4.632e-20,,3.417e-15,2.562e-6,3.741e-26,1.021e-17,2.171e-2,3.185e-14,6.974e-21,8.632e-12,,7.179e-19,4.562e-20,1.686e-21,7.549e+1,1.179e-16,4.572e-20,8.208e-1,,1.847e-1,5.113e-22,2.219e-17,2.785e-20,6.190e-29,9.366e-20,9.249e-23,3.938e-3,9.799e-18,1.086e-7,3.563e-1,4.535e-2,4.532e+1,8.474e+0,1.865e+0,1.583e-8,8.047e-19,,7.617e+1,,,3.155e-3,,5.848e-19,,1.983e-6,,9.391e-1,,1.895e-17,,1.448e-18,1.426e-16
462.46,2.139e+2,9.198e-21,1.080e-8,6.342e-30,3.245e-20,,,3.319e-19,4.621e-20,,3.417e-15,3.358e-6,3.725e-26,1.021e-17,2.060e-2,2.917e-14,6.973e-21,6.470e-12,,7.135e-19,4.564e-20,1.958e-21,7.235e+1,1.178e-16,7.118e-20,7.939e-1,,1.915e-1,5.116e-22,2.221e-17,2.785e-20,6.190e-29,9.368e-20,9.250e-23,3.203e-3,9.773e-18,1.415e-7,2.918e-1,5.212e-2,4.841e+1,9.134e+0,1.789e+0,2.309e-8,8.051e-19,,7.994e+1,,,2.533e-3,,5.848e-19,,1.436e-6,,9.448e-1,,1.894e-17,,1.429e-18,1.427e-16
462.49,2.201e+2,9.204e-21,9.597e-9,1.158e-29,3.246e-20,,,3.321e-19,4.604e-20,,3.416e-15,5.008e-6,3.700e-26,1.021e-17,1.892e-2,2.541e-14,6.972e-21,4.171e-12,,7.069e-19,4.566e-20,2.435e-21,6.761e+1,1.176e-16,1.373e-19,7.527e-1,,2.007e-1,5.121e-22,2.223e-17,2.786e-20,6.191e-29,9.370e-20,9.251e-23,2.335e-3,9.733e-18,2.206e-7,2.149e-1,6.378e-2,5.310e+1,1.015e+1,1.673e+0,4.042e-8,8.057e-19,,8.536e+1,,,1.811e-3,,5.847e-19,,8.792e-7,,9.518e-1,,1.894e-17,,1.400e-18,1.427e-16
462.51,2.241e+2,9.208e-21,8.840e-9,1.722e-29,3.247e-20,,,3.323e-19,4.593e-20,,3.416e-15,6.509e-6,3.683e-26,1.021e-17,1.780e-2,2.307e-14,6.971e-21,3.098e-12,,7.025e-19,4.568e-20,2.803e-21,6.445e+1,1.175e-16,2.119e-19,7.248e-1,,2.061e-1,5.124e-22,2.225e-17,2.787e-20,6.191e-29,9.371e-20,9.252e-23,1.884e-3,9.707e-18,3.005e-7,1.744e-1,7.265e-2,5.622e+1,1.085e+1,1.597e+0,5.844e-8,8.060e-19,,8.878e+1,,,1.441e-3,,5.846e-19,,6.310e-7,,9.552e-1,,1.893e-17,,1.381e-18,1.427e-16
462.53,2.278e+2,9.213e-21,8.120e-9,2.552e-29,3.247e-20,,,3.324e-19,4.582e-20,,3.416e-15,8.429e-6,3.667e-26,1.021e-17,1.668e-2,2.088e-14,6.970e-21,2.293e-12,,6.980e-19,4.569e-20,3.215e-21,6.128e+1,1.174e-16,3.257e-19,6.967e-1,,2.110e-1,5.127e-22,2.226e-17,2.787e-20,6.192e-29,9.373e-20,9.253e-23,1.515e-3,9.681e-18,4.103e-7,1.411e-1,8.245e-2,5.932e+1,1.155e+1,1.521e+0,8.419e-8,8.064e-19,,9.201e+1,,,1.143e-3,,5.846e-19,,4.512e-7,,9.578e-1,,1.893e-17,,1.362e-18,1.427e-16
462.56,2.329e+2,9.219e-21,7.113e-9,4.573e-29,3.248e-20,,,3.327e-19,4.566e-20,,3.415e-15,1.234e-5,3.642e-26,1.021e-17,1.504e-2,1.786e-14,6.969e-21,1.451e-12,,6.914e-19,4.572e-20,3.924e-21,5.657e+1,1.173e-16,6.169e-19,6.542e-1,,2.170e-1,5.131e-22,2.228e-17,2.788e-20,6.192e-29,9.375e-20,9.254e-23,1.089e-3,9.642e-18,6.538e-7,1.020e-1,9.903e-2,6.385e+1,1.260e+1,1.411e+0,1.446e-7,8.070e-19,,9.643e+1,,,8.013e-4,,5.845e-19,,2.710e-7,,9.599e-1,,1.892e-17,,1.333e-18,1.428e-16
462.58,2.359e+2,9.224e-21,6.492e-9,6.717e-29,3.248e-20,,,3.329e-19,4.555e-20,,3.415e-15,1.584e-5,3.625e-26,1.021e-17,1.397e-2,1.603e-14,6.969e-21,1.064e-12,,6.870e-19,4.573e-20,4.461e-21,5.345e+1,1.172e-16,9.401e-19,6.259e-1,,2.201e-1,5.135e-22,2.230e-17,2.788e-20,6.193e-29,9.376e-20,9.255e-23,8.725e-4,9.616e-18,8.893e-7,8.173e-2,1.114e-1,6.677e+1,1.329e+1,1.342e+0,2.065e-7,8.074e-19,,9.905e+1,,,6.297e-4,,5.845e-19,,1.921e-7,,9.600e-1,,1.892e-17,,1.313e-18,1.428e-16
462.61,2.397e+2,9.230e-21,5.635e-9,1.188e-28,3.249e-20,,,3.331e-19,4.538e-20,,3.415e-15,2.289e-5,3.600e-26,1.021e-17,1.242e-2,1.355e-14,6.968e-21,6.641e-13,,6.804e-19,4.576e-20,5.373e-21,4.885e+1,1.170e-16,1.757e-18,5.835e-1,,2.234e-1,5.139e-22,2.232e-17,2.789e-20,6.193e-29,9.378e-20,9.257e-23,6.279e-4,9.576e-18,1.403e-6,5.826e-2,1.320e-1,7.092e+1,1.431e+1,1.245e+0,3.501e-7,8.079e-19,,1.024e+2,,,4.357e-4,,5.844e-19,,1.138e-7,,9.584e-1,,1.891e-17,,1.284e-18,1.428e-16
462.63,2.417e+2,9.234e-21,5.114e-9,1.730e-28,3.250e-20,,,3.333e-19,4.527e-20,,3.414e-15,2.913e-5,3.584e-26,1.021e-17,1.144e-2,1.208e-14,6.967e-21,4.828e-13,,6.759e-19,4.577e-20,6.054e-21,4.585e+1,1.169e-16,2.654e-18,5.554e-1,,2.246e-1,5.142e-22,2.234e-17,2.790e-20,6.194e-29,9.380e-20,9.258e-23,5.082e-4,9.550e-18,1.893e-6,4.629e-2,1.472e-1,7.350e+1,1.496e+1,1.187e+0,4.956e-7,8.083e-19,,1.043e+2,,,3.393e-4,,5.843e-19,,7.993e-8,,9.560e-1,,1.891e-17,,1.265e-18,1.428e-16
462.66,2.438e+2,9.241e-21,4.406e-9,3.018e-28,3.251e-20,,,3.336e-19,4.511e-20,,3.414e-15,4.153e-5,3.559e-26,1.021e-17,1.003e-2,1.011e-14,6.966e-21,2.972e-13,,6.693e-19,4.580e-20,7.194e-21,4.147e+1,1.167e-16,4.894e-18,5.139e-1,,2.249e-1,5.147e-22,2.236e-17,2.790e-20,6.194e-29,9.382e-20,9.259e-23,3.807e-4,9.511e-18,2.949e-6,3.256e-2,1.721e-1,7.702e+1,1.589e+1,1.109e+0,8.291e-7,8.089e-19,,1.064e+2,,,2.317e-4,,5.842e-19,,4.673e-8,,9.507e-1,,1.891e-17,,1.236e-18,1.429e-16
462.68,2.445e+2,9.245e-21,3.982e-9,4.356e-28,3.251e-20,,,3.337e-19,4.500e-20,,3.414e-15,5.239e-5,3.542e-26,1.021e-17,9.156e-3,8.957e-15,6.965e-21,2.141e-13,,6.649e-19,4.581e-20,8.034e-21,3.865e+1,1.166e-16,7.328e-18,4.867e-1,,2.241e-1,5.150e-22,2.237e-17,2.791e-20,6.194e-29,9.383e-20,9.260e-23,3.253e-4,9.485e-18,3.945e-6,2.564e-2,1.902e-1,7.912e+1,1.647e+1,1.066e+0,1.163e-6,8.093e-19,,1.073e+2,,,1.788e-4,,5.842e-19,,3.252e-8,,9.460e-1,,1.890e-17,,2.147e-18,1.429e-16
462.71,2.446e+2,9.252e-21,3.413e-9,7.501e-28,3.252e-20,,,3.340e-19,4.483e-20,,3.413e-15,7.373e-5,3.518e-26,1.021e-17,7.928e-3,7.459e-15,6.964e-21,1.301e-13,,6.582e-19,4.584e-20,9.420e-21,3.457e+1,1.165e-16,1.334e-17,4.468e-1,,2.214e-1,5.155e-22,2.240e-17,2.792e-20,6.195e-29,9.385e-20,9.261e-23,2.806e-4,9.446e-18,6.065e-6,1.779e-2,2.194e-1,8.181e+1,1.726e+1,1.012e+0,1.920e-6,8.099e-19,,1.081e+2,,,1.204e-4,,5.841e-19,,1.876e-8,,9.374e-1,,1.890e-17,,4.880e-18,1.429e-16
462.73,2.439e+2,9.256e-21,3.078e-9,1.073e-27,3.252e-20,,,3.341e-19,4.472e-20,,3.413e-15,9.219e-5,3.501e-26,1.021e-17,7.169e-3,6.603e-15,6.963e-21,9.287e-14,,6.538e-19,4.585e-20,1.043e-20,3.198e+1,1.164e-16,1.979e-17,4.210e-1,,2.186e-1,5.158e-22,2.241e-17,2.792e-20,6.195e-29,9.386e-20,9.262e-23,2.753e-4,9.420e-18,8.043e-6,1.389e-2,2.403e-1,8.329e+1,1.772e+1,9.860e-1,2.670e-6,8.102e-19,,1.081e+2,,,9.212e-5,,5.841e-19,,1.294e-8,,9.306e-1,,1.889e-17,,8.401e-18,1.430e-16
462.76,2.417e+2,9.262e-21,2.636e-9,1.824e-27,3.253e-20,,,3.344e-19,4.456e-20,,3.413e-15,1.281e-4,3.476e-26,1.021e-17,6.125e-3,5.522e-15,6.962e-21,5.565e-14,,6.472e-19,4.587e-20,1.206e-20,2.828e+1,1.162e-16,3.554e-17,3.834e-1,,2.131e-1,5.162e-22,2.243e-17,2.793e-20,6.196e-29,9.389e-20,9.263e-23,3.049e-4,9.380e-18,1.220e-5,9.517e-3,2.736e-1,8.498e+1,1.833e+1,9.608e-1,4.349e-6,8.108e-19,,1.073e+2,,,6.121e-5,,5.840e-19,,7.362e-9,,9.191e-1,,1.889e-17,,1.885e-17,1.430e-16
462.78,2.395e+2,9.267e-21,2.379e-9,2.585e-27,3.254e-20,,,3.346e-19,4.445e-20,,3.412e-15,1.587e-4,3.460e-26,1.021e-17,5.489e-3,4.928e-15,6.962e-21,3.938e-14,,6.428e-19,4.589e-20,1.323e-20,2.596e+1,1.161e-16,5.229e-17,3.593e-1,,2.086e-1,5.166e-22,2.245e-17,2.793e-20,6.196e-29,9.390e-20,9.264e-23,3.526e-4,9.354e-18,1.604e-5,7.368e-3,2.970e-1,8.574e+1,1.866e+1,9.538e-1,5.994e-6,8.112e-19,,1.064e+2,,,4.640e-5,,5.839e-19,,5.032e-9,,9.107e-1,,1.888e-17,,3.216e-17,1.430e-16
462.81,2.351e+2,9.273e-21,2.048e-9,4.336e-27,3.255e-20,,,3.348e-19,4.428e-20,,3.412e-15,2.176e-4,3.435e-26,1.021e-17,4.627e-3,4.216e-15,6.961e-21,2.328e-14,,6.361e-19,4.591e-20,1.511e-20,2.271e+1,1.160e-16,9.267e-17,3.247e-1,,2.007e-1,5.170e-22,2.247e-17,2.794e-20,6.197e-29,9.392e-20,9.266e-23,4.750e-4,9.315e-18,2.400e-5,4.994e-3,3.336e-1,8.631e+1,1.904e+1,9.585e-1,9.635e-6,8.118e-19,,1.043e+2,,,3.042e-5,,5.838e-19,,2.825e-9,,8.974e-1,,1.888e-17,,7.120e-17,1.431e-16
462.83,2.314e+2,9.277e-21,1.859e-9,6.094e-27,3.255e-20,,,3.350e-19,4.417e-20,,3.412e-15,2.673e-4,3.418e-26,1.021e-17,4.110e-3,3.854e-15,6.960e-21,1.633e-14,,6.317e-19,4.593e-20,1.643e-20,2.069e+1,1.159e-16,1.351e-16,3.027e-1,,1.947e-1,5.173e-22,2.249e-17,2.795e-20,6.197e-29,9.393e-20,9.267e-23,5.986e-4,9.289e-18,3.127e-5,3.845e-3,3.589e-1,8.631e+1,1.921e+1,9.718e-1,1.316e-5,8.121e-19,,1.024e+2,,,2.286e-5,,5.838e-19,,1.914e-9,,8.880e-1,,1.887e-17,,1.204e-16,1.431e-16
462.86,2.248e+2,9.284e-21,1.622e-9,1.009e-26,3.256e-20,,,3.353e-19,4.401e-20,,3.411e-15,3.617e-4,3.393e-26,1.021e-17,3.418e-3,3.472e-15,6.959e-21,9.523e-15,,6.251e-19,4.595e-20,1.850e-20,1.790e+1,1.157e-16,2.363e-16,2.714e-1,,1.847e-1,5.178e-22,2.251e-17,2.795e-20,6.198e-29,9.395e-20,9.268e-23,8.676e-4,9.249e-18,4.620e-5,2.600e-3,3.979e-1,8.574e+1,1.934e+1,1.007e+0,2.088e-5,8.127e-19,,9.905e+1,,,1.478e-5,,5.837e-19,,1.060e-9,,8.738e-1,,1.887e-17,,2.631e-16,1.431e-16
462.88,2.197e+2,9.288e-21,1.493e-9,1.405e-26,3.256e-20,,,3.354e-19,4.390e-20,,3.411e-15,4.405e-4,3.377e-26,1.021e-17,3.010e-3,3.320e-15,6.958e-21,6.618e-15,,6.207e-19,4.597e-20,1.994e-20,1.619e+1,1.156e-16,3.416e-16,2.517e-1,,1.776e-1,5.181e-22,2.252e-17,2.796e-20,6.198e-29,9.397e-20,9.269e-23,1.119e-3,9.223e-18,5.965e-5,2.012e-3,4.243e-1,8.498e+1,1.934e+1,1.040e+0,2.827e-5,8.131e-19,,9.643e+1,,,1.101e-5,,5.837e-19,,7.116e-10,,8.642e-1,,1.887e-17,,4.411e-16,1.431e-16
462.91,2.112e+2,9.295e-21,1.337e-9,2.295e-26,3.257e-20,,,3.357e-19,4.373e-20,,3.410e-15,5.881e-4,3.352e-26,1.021e-17,2.470e-3,3.243e-15,6.957e-21,3.809e-15,,6.140e-19,4.599e-20,2.216e-20,1.387e+1,1.155e-16,5.896e-16,2.240e-1,,1.663e-1,5.186e-22,2.254e-17,2.797e-20,6.199e-29,9.399e-20,9.270e-23,1.642e-3,9.184e-18,8.696e-5,1.399e-3,4.640e-1,8.329e+1,1.921e+1,1.104e+0,4.425e-5,8.137e-19,,9.201e+1,,,7.025e-6,,5.836e-19,,3.888e-10,,8.502e-1,,1.886e-17,,9.511e-16,1.432e-16
462.93,2.050e+2,9.299e-21,1.258e-9,3.168e-26,3.258e-20,,,3.358e-19,4.362e-20,,3.410e-15,7.100e-4,3.335e-26,1.021e-17,2.155e-3,3.290e-15,6.956e-21,2.623e-15,,6.096e-19,4.601e-20,2.367e-20,1.248e+1,1.154e-16,8.446e-16,2.069e-1,,1.585e-1,5.189e-22,2.256e-17,2.797e-20,6.199e-29,9.400e-20,9.271e-23,2.117e-3,9.158e-18,1.113e-4,1.130e-3,4.904e-1,8.181e+1,1.904e+1,1.156e+0,5.939e-5,8.140e-19,,8.878e+1,,,5.183e-6,,5.835e-19,,2.587e-10,,8.412e-1,,1.886e-17,,1.580e-15,1.432e-16
462.95,1.984e+2,9.303e-21,1.197e-9,4.359e-26,3.258e-20,,,3.360e-19,4.351e-20,,3.410e-15,8.542e-4,3.319e-26,1.021e-17,1.874e-3,3.416e-15,6.956e-21,1.800e-15,,6.052e-19,4.602e-20,2.520e-20,1.121e+1,1.152e-16,1.206e-15,1.907e-1,,1.505e-1,5.192e-22,2.257e-17,2.798e-20,6.200e-29,9.402e-20,9.272e-23,2.724e-3,9.132e-18,1.420e-4,9.496e-4,5.164e-1,8.008e+1,1.880e+1,1.214e+0,7.943e-5,8.144e-19,,8.536e+1,,,3.811e-6,,5.835e-19,,1.715e-10,,8.325e-1,,1.885e-17,,2.617e-15,1.432e-16
462.98,1.878e+2,9.310e-21,1.140e-9,6.989e-26,3.259e-20,,,3.363e-19,4.335e-20,,3.409e-15,1.120e-3,3.294e-26,1.021e-17,1.509e-3,3.753e-15,6.955e-21,1.016e-15,,5.986e-19,4.605e-20,2.749e-20,9.523e+0,1.151e-16,2.043e-15,1.684e-1,,1.383e-1,5.197e-22,2.260e-17,2.798e-20,6.200e-29,9.404e-20,9.273e-23,3.953e-3,9.092e-18,2.031e-4,8.171e-4,5.543e-1,7.702e+1,1.833e+1,1.313e+0,1.220e-4,8.150e-19,,7.994e+1,,,2.387e-6,,5.834e-19,,9.194e-11,,8.204e-1,,1.885e-17,,5.539e-15,1.432e-16
463,1.804e+2,9.314e-21,1.123e-9,9.532e-26,3.260e-20,,,3.364e-19,4.324e-20,,3.409e-15,1.335e-3,3.277e-26,1.021e-17,1.300e-3,4.080e-15,6.954e-21,6.913e-16,,5.941e-19,4.606e-20,2.900e-20,8.543e+0,1.150e-16,2.891e-15,1.549e-1,,1.301e-1,5.200e-22,2.261e-17,2.799e-20,6.200e-29,9.405e-20,9.274e-23,5.047e-3,9.066e-18,2.568e-4,8.104e-4,5.786e-1,7.472e+1,1.794e+1,1.386e+0,1.618e-4,8.154e-19,,7.617e+1,,,1.739e-6,,5.833e-19,,6.041e-11,,8.131e-1,,1.884e-17,,9.092e-15,1.433e-16
463.03,1.690e+2,9.321e-21,1.129e-9,1.508e-25,3.261e-20,,,3.367e-19,4.307e-20,,3.409e-15,1.728e-3,3.253e-26,1.021e-17,1.033e-3,4.727e-15,6.953e-21,3.851e-16,,5.875e-19,4.609e-20,3.121e-20,7.280e+0,1.148e-16,4.834e-15,1.365e-1,,1.180e-1,5.204e-22,2.263e-17,2.800e-20,6.201e-29,9.407e-20,9.276e-23,7.237e-3,9.027e-18,3.626e-4,9.178e-4,6.128e-1,7.092e+1,1.726e+1,1.505e+0,2.453e-4,8.160e-19,,7.038e+1,,,1.074e-6,,5.832e-19,,3.195e-11,,8.032e-1,,1.884e-17,,1.899e-14,1.433e-16
463.05,1.612e+2,9.325e-21,1.154e-9,2.039e-25,3.261e-20,,,3.369e-19,4.296e-20,,3.408e-15,2.042e-3,3.236e-26,1.021e-17,8.824e-4,5.268e-15,6.952e-21,2.596e-16,,5.831e-19,4.610e-20,3.263e-20,6.570e+0,1.147e-16,6.780e-15,1.256e-1,,1.101e-1,5.207e-22,2.265e-17,2.800e-20,6.201e-29,9.409e-20,9.277e-23,9.162e-3,9.001e-18,4.545e-4,1.072e-3,6.339e-1,6.818e+1,1.674e+1,1.588e+0,3.222e-4,8.163e-19,,6.647e+1,,,7.759e-7,,5.832e-19,,2.080e-11,,7.973e-1,,1.883e-17,,3.090e-14,1.433e-16
463.08,1.494e+2,9.331e-21,1.223e-9,3.183e-25,3.262e-20,,,3.371e-19,4.280e-20,,3.408e-15,2.608e-3,3.211e-26,1.021e-17,6.918e-4,6.250e-15,6.951e-21,1.427e-16,,5.765e-19,4.613e-20,3.465e-20,5.694e+0,1.146e-16,1.119e-14,1.112e-1,,9.847e-2,5.212e-22,2.267e-17,2.801e-20,6.202e-29,9.411e-20,9.278e-23,1.296e-2,8.962e-18,6.333e-4,1.446e-3,6.625e-1,6.385e+1,1.589e+1,1.719e+0,4.821e-4,8.169e-19,,6.060e+1,,,4.729e-7,,5.831e-19,,1.086e-11,,7.898e-1,,1.883e-17,,6.369e-14,1.434e-16
463.1,1.416e+2,9.336e-21,1.291e-9,4.265e-25,3.262e-20,,,3.373e-19,4.269e-20,,3.408e-15,3.056e-3,3.195e-26,1.021e-17,5.856e-4,7.024e-15,6.950e-21,9.530e-17,,5.720e-19,4.614e-20,3.591e-20,5.231e+0,1.145e-16,1.556e-14,1.029e-1,,9.102e-2,5.215e-22,2.269e-17,2.801e-20,6.202e-29,9.412e-20,9.279e-23,1.627e-2,8.935e-18,7.867e-4,1.810e-3,6.793e-1,6.085e+1,1.528e+1,1.809e+0,6.278e-4,8.173e-19,,5.672e+1,,,3.385e-7,,5.831e-19,,7.005e-12,,7.854e-1,,1.883e-17,,1.027e-13,1.434e-16
463.13,1.299e+2,9.342e-21,1.426e-9,6.572e-25,3.263e-20,,,3.375e-19,4.252e-20,,3.407e-15,3.851e-3,3.170e-26,1.021e-17,4.530e-4,8.374e-15,6.949e-21,5.167e-17,,5.654e-19,4.617e-20,3.763e-20,4.709e+0,1.143e-16,2.533e-14,9.234e-2,,8.035e-2,5.220e-22,2.271e-17,2.802e-20,6.203e-29,9.414e-20,9.280e-23,2.272e-2,8.896e-18,1.082e-3,2.576e-3,7.005e-1,5.622e+1,1.431e+1,1.944e+0,9.269e-4,8.179e-19,,5.102e+1,,,2.036e-7,,5.830e-19,,3.606e-12,,7.799e-1,,1.882e-17,,2.090e-13,1.434e-16
463.15,1.223e+2,9.347e-21,1.539e-9,8.730e-25,3.264e-20,,,3.377e-19,4.241e-20,,3.407e-15,4.474e-3,3.153e-26,1.021e-17,3.800e-4,9.405e-15,6.949e-21,3.421e-17,,5.610e-19,4.618e-20,3.865e-20,4.473e+0,1.142e-16,3.491e-14,8.659e-2,,7.362e-2,5.223e-22,2.272e-17,2.803e-20,6.203e-29,9.416e-20,9.281e-23,2.826e-2,8.870e-18,1.332e-3,3.270e-3,7.118e-1,5.310e+1,1.363e+1,2.034e+0,1.196e-3,8.182e-19,,4.733e+1,,,1.444e-7,,5.829e-19,,2.306e-12,,7.767e-1,,1.882e-17,,3.340e-13,1.434e-16
463.18,1.112e+2,9.353e-21,1.744e-9,1.328e-24,3.265e-20,,,3.380e-19,4.225e-20,,3.406e-15,5.564e-3,3.128e-26,1.021e-17,2.901e-4,1.116e-14,6.948e-21,1.830e-17,,5.543e-19,4.620e-20,3.997e-20,4.278e+0,1.141e-16,5.612e-14,7.986e-2,,6.412e-2,5.228e-22,2.275e-17,2.803e-20,6.204e-29,9.418e-20,9.282e-23,3.895e-2,8.831e-18,1.808e-3,4.674e-3,7.243e-1,4.841e+1,1.260e+1,2.166e+0,1.743e-3,8.188e-19,,4.201e+1,,,8.566e-8,,5.828e-19,,1.171e-12,,7.724e-1,,1.881e-17,,6.706e-13,1.435e-16
463.2,1.040e+2,9.357e-21,1.906e-9,1.748e-24,3.265e-20,,,3.381e-19,4.214e-20,,3.406e-15,6.407e-3,3.112e-26,1.021e-17,2.412e-4,1.247e-14,6.947e-21,1.201e-17,,5.499e-19,4.622e-20,4.068e-20,4.252e+0,1.140e-16,7.666e-14,7.663e-2,,5.822e-2,5.231e-22,2.276e-17,2.804e-20,6.204e-29,9.419e-20,9.283e-23,4.802e-2,8.805e-18,2.207e-3,5.916e-3,7.295e-1,4.531e+1,1.190e+1,2.250e+0,2.230e-3,8.192e-19,,3.863e+1,,,6.021e-8,,5.828e-19,,7.423e-13,,7.696e-1,,1.881e-17,,1.063e-12,1.435e-16
463.23,9.388e+1,9.364e-21,2.187e-9,2.623e-24,3.266e-20,,,3.384e-19,4.197e-20,,3.406e-15,7.865e-3,3.087e-26,1.021e-17,1.816e-4,1.465e-14,6.946e-21,6.337e-18,,5.433e-19,4.624e-20,4.151e-20,4.363e+0,1.138e-16,1.216e-13,7.365e-2,,5.004e-2,5.235e-22,2.278e-17,2.805e-20,6.205e-29,9.421e-20,9.285e-23,6.530e-2,8.765e-18,2.957e-3,8.381e-3,7.324e-1,4.076e+1,1.085e+1,2.370e+0,3.206e-3,8.198e-19,,3.383e+1,,,3.525e-8,,5.827e-19,,3.719e-13,,7.654e-1,,1.880e-17,,2.105e-12,1.435e-16
463.25,8.750e+1,9.368e-21,2.401e-9,3.423e-24,3.266e-20,,,3.386e-19,4.186e-20,,3.405e-15,8.977e-3,3.071e-26,1.021e-17,1.497e-4,1.625e-14,6.945e-21,4.121e-18,,5.389e-19,4.626e-20,4.188e-20,4.536e+0,1.137e-16,1.647e-13,7.290e-2,,4.503e-2,5.238e-22,2.280e-17,2.805e-20,6.205e-29,9.423e-20,9.286e-23,7.979e-2,8.739e-18,3.578e-3,1.053e-2,7.311e-1,3.782e+1,1.016e+1,2.443e+0,4.065e-3,8.201e-19,,3.083e+1,,,2.455e-8,,5.827e-19,,2.336e-13,,7.622e-1,,1.880e-17,,3.306e-12,1.435e-16
463.28,7.856e+1,9.375e-21,2.763e-9,5.070e-24,3.267e-20,,,3.388e-19,4.170e-20,,3.405e-15,1.088e-2,3.046e-26,1.021e-17,1.112e-4,1.886e-14,6.944e-21,2.148e-18,,5.322e-19,4.628e-20,4.216e-20,4.941e+0,1.135e-16,2.578e-13,7.361e-2,,3.818e-2,5.243e-22,2.282e-17,2.806e-20,6.206e-29,9.425e-20,9.287e-23,1.071e-1,8.700e-18,4.731e-3,1.474e-2,7.243e-1,3.357e+1,9.137e+0,2.542e+0,5.767e-3,8.207e-19,,2.664e+1,,,1.418e-8,,5.826e-19,,1.155e-13,,7.567e-1,,1.879e-17,,6.464e-12,1.436e-16
463.3,7.306e+1,9.379e-21,3.032e-9,6.559e-24,3.268e-20,,,3.390e-19,4.159e-20,,3.405e-15,1.231e-2,3.029e-26,1.021e-17,9.084e-5,2.075e-14,6.943e-21,1.387e-18,,5.278e-19,4.630e-20,4.216e-20,5.307e+0,1.134e-16,3.460e-13,7.531e-2,,3.406e-2,5.246e-22,2.284e-17,2.806e-20,6.206e-29,9.426e-20,9.288e-23,1.297e-1,8.674e-18,5.675e-3,1.836e-2,7.166e-1,3.086e+1,8.478e+0,2.599e+0,7.248e-3,8.211e-19,,2.406e+1,,,9.791e-9,,5.825e-19,,7.188e-14,,7.522e-1,,1.879e-17,,1.006e-11,1.436e-16
463.32,6.794e+1,9.383e-21,3.324e-9,8.455e-24,3.268e-20,,,3.392e-19,4.148e-20,,3.404e-15,1.388e-2,3.013e-26,1.021e-17,7.393e-5,2.276e-14,6.943e-21,8.944e-19,,5.234e-19,4.631e-20,4.201e-20,5.749e+0,1.133e-16,4.629e-13,7.798e-2,,3.027e-2,5.249e-22,2.285e-17,2.807e-20,6.206e-29,9.427e-20,9.289e-23,1.565e-1,8.648e-18,6.784e-3,2.279e-2,7.065e-1,2.828e+1,7.839e+0,2.648e+0,9.078e-3,8.215e-19,,2.165e+1,,,6.735e-9,,5.825e-19,,4.457e-14,,7.470e-1,,1.879e-17,,1.561e-11,1.436e-16
463.35,6.099e+1,9.390e-21,3.802e-9,1.229e-23,3.269e-20,,,3.394e-19,4.131e-20,,3.404e-15,1.650e-2,2.988e-26,1.021e-17,5.391e-5,2.596e-14,6.942e-21,4.675e-19,,5.168e-19,4.634e-20,4.151e-20,6.554e+0,1.132e-16,7.114e-13,8.381e-2,,2.519e-2,5.254e-22,2.287e-17,2.808e-20,6.207e-29,9.429e-20,9.290e-23,2.062e-1,8.608e-18,8.810e-3,3.132e-2,6.869e-1,2.463e+1,6.924e+0,2.707e+0,1.264e-2,8.221e-19,,1.836e+1,,,3.817e-9,,5.824e-19,,2.162e-14,,7.374e-1,,1.878e-17,,2.996e-11,1.437e-16
463.37,5.685e+1,9.394e-21,4.148e-9,1.571e-23,5.658e-20,,,3.396e-19,4.120e-20,,3.404e-15,1.845e-2,2.971e-26,1.021e-17,4.348e-5,2.822e-14,6.941e-21,3.106e-19,,5.123e-19,4.635e-20,4.099e-20,7.185e+0,1.131e-16,9.433e-13,8.891e-2,,2.219e-2,5.257e-22,2.289e-17,2.808e-20,6.207e-29,9.431e-20,9.291e-23,2.466e-1,8.582e-18,1.044e-2,3.853e-2,6.712e-1,2.237e+1,6.346e+0,2.735e+0,1.569e-2,8.224e-19,,1.638e+1,,,2.602e-9,,5.823e-19,,1.329e-14,,7.297e-1,,1.878e-17,,4.607e-11,1.437e-16
463.4,5.140e+1,9.401e-21,4.706e-9,2.254e-23,1.280e-19,,,3.398e-19,4.104e-20,,3.403e-15,2.165e-2,2.946e-26,1.021e-17,3.129e-5,3.177e-14,6.940e-21,1.890e-19,,5.057e-19,4.638e-20,3.997e-20,8.271e+0,1.129e-16,1.431e-12,9.837e-2,,1.822e-2,5.262e-22,2.291e-17,2.809e-20,6.208e-29,9.433e-20,9.292e-23,3.205e-1,8.543e-18,1.339e-2,5.225e-2,6.439e-1,1.923e+1,5.533e+0,2.759e+0,2.156e-2,8.230e-19,,1.370e+1,,,1.455e-9,,5.823e-19,,6.360e-15,,7.159e-1,,1.877e-17,,8.727e-11,1.437e-16
463.42,4.826e+1,9.405e-21,5.103e-9,2.856e-23,2.196e-19,,,3.400e-19,4.093e-20,,3.403e-15,2.399e-2,2.930e-26,1.021e-17,2.501e-5,3.423e-14,6.939e-21,1.598e-19,,5.013e-19,4.639e-20,3.912e-20,9.087e+0,1.128e-16,1.881e-12,1.059e-1,,1.590e-2,5.265e-22,2.292e-17,2.810e-20,6.208e-29,9.434e-20,9.293e-23,3.801e-1,8.517e-18,1.573e-2,6.373e-2,6.236e-1,1.730e+1,5.028e+0,2.763e+0,2.653e-2,8.234e-19,,1.211e+1,,,9.831e-10,,5.822e-19,,3.874e-15,,7.052e-1,,1.877e-17,,1.330e-10,1.437e-16
463.45,4.427e+1,9.411e-21,5.730e-9,4.045e-23,4.902e-19,,,3.403e-19,4.076e-20,,3.403e-15,2.780e-2,2.905e-26,1.021e-17,1.776e-5,3.803e-14,6.938e-21,1.776e-19,,4.947e-19,4.642e-20,3.763e-20,1.045e+1,1.127e-16,2.816e-12,1.190e-1,,1.289e-2,5.270e-22,2.295e-17,2.810e-20,6.209e-29,9.436e-20,9.295e-23,4.874e-1,8.478e-18,1.991e-2,8.527e-2,5.903e-1,1.467e+1,4.330e+0,2.751e+0,3.597e-2,8.240e-19,,1.000e+1,,,5.423e-10,,5.821e-19,,1.829e-15,,6.866e-1,,1.876e-17,,2.486e-10,1.438e-16
463.47,4.208e+1,9.416e-21,6.168e-9,5.079e-23,8.336e-19,,,3.404e-19,4.065e-20,,3.402e-15,3.053e-2,2.888e-26,1.020e-17,1.407e-5,4.061e-14,6.937e-21,2.329e-19,,4.902e-19,4.643e-20,3.651e-20,1.144e+1,1.126e-16,3.670e-12,1.289e-1,,1.115e-2,5.273e-22,2.296e-17,2.811e-20,6.209e-29,9.438e-20,9.296e-23,5.728e-1,8.451e-18,2.320e-2,1.031e-1,5.666e-1,1.309e+1,3.904e+0,2.732e+0,4.388e-2,8.243e-19,,8.762e+0,,,3.631e-10,,5.821e-19,,1.104e-15,,6.725e-1,,1.876e-17,,3.756e-10,1.438e-16
463.5,3.947e+1,9.422e-21,6.848e-9,7.099e-23,1.836e-18,,,3.407e-19,4.049e-20,,3.402e-15,3.491e-2,2.864e-26,1.020e-17,9.855e-6,4.453e-14,6.936e-21,4.051e-19,,4.836e-19,4.646e-20,3.465e-20,1.305e+1,1.124e-16,5.423e-12,1.455e-1,,8.913e-3,5.277e-22,2.298e-17,2.812e-20,6.210e-29,9.440e-20,9.297e-23,7.250e-1,8.412e-18,2.901e-2,1.361e-1,5.292e-1,1.095e+1,3.324e+0,2.684e+0,5.870e-2,8.249e-19,,7.137e+0,,,1.976e-10,,5.820e-19,,5.142e-16,,6.489e-1,,1.875e-17,,6.929e-10,1.438e-16
463.52,3.816e+1,9.426e-21,7.313e-9,8.837e-23,3.096e-18,,,3.409e-19,4.038e-20,,3.402e-15,3.801e-2,2.847e-26,1.020e-17,7.738e-6,4.714e-14,6.936e-21,6.088e-19,,4.792e-19,4.647e-20,3.332e-20,1.421e+1,1.123e-16,7.006e-12,1.579e-1,,7.643e-3,5.280e-22,2.300e-17,2.812e-20,6.210e-29,9.441e-20,9.298e-23,8.445e-1,8.386e-18,3.352e-2,1.631e-1,5.035e-1,9.683e+0,2.976e+0,2.641e+0,7.096e-2,8.253e-19,,6.198e+0,,,1.312e-10,,5.819e-19,,3.076e-16,,6.315e-1,,1.875e-17,,1.038e-9,1.439e-16
463.55,3.680e+1,9.433e-21,8.021e-9,1.219e-22,6.731e-18,,,3.411e-19,4.021e-20,,3.401e-15,4.289e-2,2.822e-26,1.020e-17,5.348e-6,5.099e-14,6.935e-21,1.138e-18,,4.725e-19,4.650e-20,3.121e-20,1.605e+1,1.121e-16,1.022e-11,1.782e-1,,6.028e-3,5.285e-22,2.302e-17,2.813e-20,6.211e-29,9.443e-20,9.299e-23,1.055e+0,8.347e-18,4.139e-2,2.125e-1,4.640e-1,7.995e+0,2.512e+0,2.561e+0,9.370e-2,8.259e-19,,4.982e+0,,,7.042e-11,,5.819e-19,,1.414e-16,,6.033e-1,,1.874e-17,,1.889e-9,1.439e-16
463.57,3.627e+1,9.437e-21,8.496e-9,1.504e-22,1.125e-17,,,3.413e-19,4.010e-20,,3.401e-15,4.629e-2,2.806e-26,1.020e-17,4.162e-6,5.350e-14,6.934e-21,1.726e-18,,4.681e-19,4.651e-20,2.974e-20,1.735e+1,1.120e-16,1.309e-11,1.929e-1,,5.123e-3,5.288e-22,2.304e-17,2.813e-20,6.211e-29,9.445e-20,9.300e-23,1.218e+0,8.321e-18,4.745e-2,2.524e-1,4.375e-1,7.005e+0,2.238e+0,2.498e+0,1.123e-1,8.262e-19,,4.287e+0,,,4.632e-11,,5.818e-19,,8.381e-17,,5.831e-1,,1.874e-17,,2.804e-9,1.439e-16
463.6,3.600e+1,9.444e-21,9.202e-9,2.049e-22,2.413e-17,,,3.415e-19,3.994e-20,,3.400e-15,5.156e-2,2.781e-26,1.020e-17,2.839e-6,5.712e-14,6.933e-21,3.214e-18,,4.615e-19,4.653e-20,2.749e-20,1.937e+1,1.119e-16,1.885e-11,2.168e-1,,3.987e-3,5.293e-22,2.306e-17,2.814e-20,6.212e-29,9.447e-20,9.301e-23,1.501e+0,8.281e-18,5.788e-2,3.245e-1,3.979e-1,5.707e+0,1.881e+0,2.390e+0,1.463e-1,8.268e-19,,3.400e+0,,,2.454e-11,,5.817e-19,,3.800e-17,,5.510e-1,,1.873e-17,,5.038e-9,1.439e-16
463.62,3.614e+1,9.448e-21,9.665e-9,2.506e-22,3.997e-17,,,3.417e-19,3.983e-20,,3.400e-15,5.516e-2,2.764e-26,1.020e-17,2.189e-6,5.939e-14,6.932e-21,4.845e-18,,4.571e-19,4.655e-20,2.596e-20,2.077e+1,1.118e-16,2.393e-11,2.340e-1,,3.359e-3,5.296e-22,2.307e-17,2.815e-20,6.212e-29,9.448e-20,9.302e-23,1.717e+0,8.255e-18,6.583e-2,3.820e-1,3.718e-1,4.956e+0,1.677e+0,2.310e+0,1.737e-1,8.272e-19,,2.900e+0,,,1.599e-11,,5.817e-19,,2.232e-17,,5.286e-1,,1.873e-17,,7.412e-9,1.440e-16
463.65,3.679e+1,9.455e-21,1.033e-8,3.369e-22,8.465e-17,,,3.420e-19,3.966e-20,,3.400e-15,6.064e-2,2.739e-26,1.020e-17,1.473e-6,6.256e-14,6.931e-21,8.909e-18,,4.504e-19,4.657e-20,2.367e-20,2.291e+1,1.116e-16,3.401e-11,2.617e-1,,2.579e-3,5.301e-22,2.310e-17,2.815e-20,6.213e-29,9.450e-20,9.304e-23,2.088e+0,8.216e-18,7.937e-2,4.846e-1,3.337e-1,3.984e+0,1.418e+0,2.181e+0,2.233e-1,8.278e-19,,2.269e+0,,,8.359e-12,,5.816e-19,,9.985e-18,,4.938e-1,,1.873e-17,,1.314e-8,1.440e-16
463.67,3.749e+1,9.459e-21,1.076e-8,4.085e-22,1.390e-16,,,3.421e-19,3.955e-20,,3.399e-15,6.431e-2,2.723e-26,1.020e-17,1.126e-6,6.449e-14,6.930e-21,1.331e-17,,4.460e-19,4.659e-20,2.216e-20,2.436e+1,1.115e-16,4.282e-11,2.815e-1,,2.153e-3,5.304e-22,2.311e-17,2.816e-20,6.213e-29,9.452e-20,9.305e-23,2.368e+0,8.190e-18,8.957e-2,5.655e-1,3.091e-1,3.429e+0,1.275e+0,2.090e+0,2.629e-1,8.281e-19,,1.919e+0,,,5.399e-12,,5.815e-19,,5.814e-18,,4.700e-1,,1.872e-17,,1.917e-8,1.440e-16
463.69,3.838e+1,9.463e-21,1.117e-8,4.937e-22,2.274e-16,,,3.423e-19,3.944e-20,,3.399e-15,6.796e-2,2.706e-26,1.020e-17,8.578e-7,6.623e-14,6.930e-21,1.983e-17,,4.416e-19,4.661e-20,2.067e-20,2.582e+1,1.114e-16,5.371e-11,3.023e-1,,1.791e-3,5.307e-22,2.313e-17,2.816e-20,6.213e-29,9.453e-20,9.306e-23,2.677e+0,8.164e-18,1.008e-1,6.574e-1,2.853e-1,2.941e+0,1.154e+0,1.995e+0,3.084e-1,8.285e-19,,1.616e+0,,,3.475e-12,,5.815e-19,,3.373e-18,,4.459e-1,,1.872e-17,,2.785e-8,1.440e-16
463.72,4.002e+1,9.470e-21,1.172e-8,6.517e-22,4.728e-16,,,3.426e-19,3.928e-20,,3.399e-15,7.335e-2,2.681e-26,1.020e-17,5.665e-7,6.847e-14,6.929e-21,3.580e-17,,4.350e-19,4.663e-20,1.850e-20,2.801e+1,1.113e-16,7.498e-11,3.356e-1,,1.350e-3,5.311e-22,2.315e-17,2.817e-20,6.214e-29,9.455e-20,9.307e-23,3.195e+0,8.124e-18,1.196e-1,8.187e-1,2.513e-1,2.320e+0,1.014e+0,1.849e+0,3.891e-1,8.291e-19,,1.241e+0,,,1.782e-12,,5.814e-19,,1.480e-18,,4.096e-1,,1.871e-17,,4.847e-8,1.441e-16
463.74,4.131e+1,9.474e-21,1.206e-8,7.808e-22,7.667e-16,,,3.427e-19,3.917e-20,,3.398e-15,7.684e-2,2.665e-26,1.020e-17,4.277e-7,6.970e-14,6.928e-21,5.285e-17,,4.305e-19,4.664e-20,1.711e-20,2.944e+1,1.112e-16,9.327e-11,3.593e-1,,1.113e-3,5.315e-22,2.316e-17,2.818e-20,6.214e-29,9.457e-20,9.308e-23,3.579e+0,8.098e-18,1.336e-1,9.435e-1,2.299e-1,1.972e+0,9.460e-1,1.750e+0,4.524e-1,8.295e-19,,1.036e+0,,,1.137e-12,,5.813e-19,,8.511e-19,,3.855e-1,,1.871e-17,,6.983e-8,1.441e-16
463.77,4.347e+1,9.480e-21,1.250e-8,1.017e-21,1.573e-15,,,3.430e-19,3.900e-20,,3.398e-15,8.185e-2,2.640e-26,1.020e-17,2.786e-7,7.111e-14,6.927e-21,9.416e-17,,4.239e-19,4.667e-20,1.511e-20,3.155e+1,1.110e-16,1.286e-10,3.972e-1,,8.275e-4,5.319e-22,2.318e-17,2.818e-20,6.215e-29,9.459e-20,9.309e-23,4.216e+0,8.059e-18,1.569e-1,1.159e+0,1.998e-1,1.535e+0,8.800e-1,1.600e+0,5.634e-1,8.301e-19,,7.851e-1,,,5.753e-13,,5.813e-19,,8.510e-19,,3.497e-1,,1.870e-17,,1.199e-7,1.441e-16
463.79,4.505e+1,9.485e-21,1.274e-8,1.208e-21,2.529e-15,,,3.431e-19,3.889e-20,,3.398e-15,8.500e-2,2.624e-26,1.020e-17,2.085e-7,7.175e-14,6.926e-21,1.378e-16,,4.195e-19,4.668e-20,1.384e-20,3.290e+1,1.109e-16,1.585e-10,4.241e-1,,6.762e-4,5.322e-22,2.320e-17,2.819e-20,6.215e-29,9.460e-20,9.310e-23,4.681e+0,8.033e-18,1.740e-1,1.324e+0,1.812e-1,1.293e+0,8.590e-1,1.500e+0,6.492e-1,8.304e-19,,6.497e-1,,,3.637e-13,,5.812e-19,,8.509e-19,,3.263e-1,,1.870e-17,,1.713e-7,1.442e-16
463.82,4.758e+1,9.491e-21,1.303e-8,1.554e-21,5.120e-15,,,3.434e-19,3.873e-20,,3.397e-15,8.936e-2,2.599e-26,1.020e-17,1.340e-7,7.223e-14,6.925e-21,2.423e-16,,4.129e-19,4.671e-20,1.206e-20,3.483e+1,1.108e-16,2.158e-10,4.673e-1,,4.961e-4,5.327e-22,2.322e-17,2.820e-20,6.216e-29,9.462e-20,9.311e-23,5.441e+0,7.994e-18,2.024e-1,1.606e+0,1.555e-1,9.931e-1,8.605e-1,1.354e+0,7.978e-1,8.310e-19,,4.857e-1,,,1.816e-13,,5.811e-19,,8.509e-19,,2.923e-1,,1.869e-17,,2.903e-7,1.442e-16
463.84,4.935e+1,9.496e-21,1.317e-8,1.831e-21,8.159e-15,,,3.436e-19,3.862e-20,,3.397e-15,9.198e-2,2.582e-26,1.020e-17,9.939e-8,7.223e-14,6.924e-21,3.514e-16,,4.084e-19,4.672e-20,1.096e-20,3.604e+1,1.107e-16,2.639e-10,4.980e-1,,4.018e-4,5.330e-22,2.324e-17,2.820e-20,6.216e-29,9.464e-20,9.312e-23,5.988e+0,7.967e-18,2.230e-1,1.818e+0,1.398e-1,8.292e-1,8.828e-1,1.258e+0,9.112e-1,8.314e-19,,3.983e-1,,,1.138e-13,,5.811e-19,,8.508e-19,,2.705e-1,,1.869e-17,,4.108e-7,1.442e-16
463.87,5.211e+1,9.502e-21,1.329e-8,2.325e-21,1.631e-14,,,3.438e-19,3.845e-20,,3.397e-15,9.544e-2,2.557e-26,1.020e-17,6.305e-8,7.175e-14,6.923e-21,6.097e-16,,4.018e-19,4.675e-20,9.420e-21,3.771e+1,1.105e-16,3.546e-10,5.473e-1,,2.908e-4,5.335e-22,2.326e-17,2.821e-20,6.217e-29,9.466e-20,9.314e-23,6.867e+0,7.928e-18,2.569e-1,2.176e+0,1.185e-1,6.285e-1,9.474e-1,1.120e+0,1.105e+0,8.320e-19,,2.939e-1,,,5.603e-14,,5.810e-19,,8.507e-19,,2.392e-1,,1.869e-17,,6.872e-7,1.442e-16
463.89,5.400e+1,9.506e-21,1.331e-8,2.714e-21,2.576e-14,,,3.440e-19,3.834e-20,,3.396e-15,9.739e-2,2.541e-26,1.020e-17,4.634e-8,7.111e-14,6.923e-21,8.766e-16,,3.974e-19,4.676e-20,8.479e-21,3.873e+1,1.104e-16,4.300e-10,5.825e-1,,2.334e-4,5.338e-22,2.327e-17,2.821e-20,6.217e-29,9.467e-20,9.315e-23,7.491e+0,7.902e-18,2.816e-1,2.442e+0,1.057e-1,5.202e-1,1.011e+0,1.032e+0,1.251e+0,8.323e-19,,2.388e-1,,,3.479e-14,,5.809e-19,,8.507e-19,,2.194e-1,,1.868e-17,,9.641e-7,1.443e-16
463.92,5.688e+1,9.513e-21,1.326e-8,3.403e-21,5.079e-14,,,3.443e-19,3.818e-20,,3.396e-15,9.974e-2,2.516e-26,1.020e-17,2.900e-8,6.970e-14,6.922e-21,1.501e-15,,3.908e-19,4.679e-20,7.194e-21,4.007e+1,1.102e-16,5.707e-10,6.390e-1,,1.667e-4,5.342e-22,2.330e-17,2.822e-20,6.218e-29,9.469e-20,9.316e-23,8.478e+0,7.863e-18,3.216e-1,2.883e+0,8.853e-2,3.891e-1,1.136e+0,9.066e-1,1.497e+0,8.329e-19,,1.738e-1,,,1.690e-14,,5.809e-19,,8.506e-19,,1.915e-1,,1.868e-17,,1.592e-6,1.443e-16
463.94,5.881e+1,9.517e-21,1.316e-8,3.940e-21,7.953e-14,,,3.444e-19,3.807e-20,,3.396e-15,1.009e-1,2.499e-26,1.020e-17,2.112e-8,6.847e-14,6.921e-21,2.139e-15,,3.863e-19,4.680e-20,6.418e-21,4.085e+1,1.101e-16,6.863e-10,6.794e-1,,1.326e-4,5.346e-22,2.331e-17,2.823e-20,6.218e-29,9.470e-20,9.317e-23,9.167e+0,7.837e-18,3.506e-1,3.207e+0,7.841e-2,3.193e-1,1.239e+0,8.279e-1,1.680e+0,8.333e-19,,1.400e-1,,,1.040e-14,,5.808e-19,,8.506e-19,,1.742e-1,,1.867e-17,,2.213e-6,1.443e-16
463.97,6.171e+1,9.524e-21,1.294e-8,4.877e-21,1.548e-13,,,3.447e-19,3.790e-20,,3.395e-15,1.020e-1,2.474e-26,1.020e-17,1.305e-8,6.623e-14,6.920e-21,3.615e-15,,3.797e-19,4.683e-20,5.373e-21,4.181e+1,1.100e-16,8.995e-10,7.443e-1,,9.348e-5,5.350e-22,2.333e-17,2.823e-20,6.219e-29,9.473e-20,9.318e-23,1.024e+1,7.797e-18,3.975e-1,3.736e+0,6.510e-2,2.358e-1,1.423e+0,7.176e-1,1.983e+0,8.339e-19,,1.006e-1,,,4.987e-15,,5.807e-19,,8.505e-19,,1.500e-1,,1.867e-17,,3.605e-6,1.444e-16
463.99,6.362e+1,9.528e-21,1.273e-8,5.599e-21,2.402e-13,,,3.448e-19,3.779e-20,,3.395e-15,1.022e-1,2.458e-26,1.020e-17,9.418e-9,6.448e-14,6.919e-21,5.107e-15,,3.753e-19,4.684e-20,4.751e-21,4.232e+1,1.099e-16,1.073e-9,7.907e-1,,7.370e-5,5.353e-22,2.335e-17,2.824e-20,6.219e-29,9.474e-20,9.319e-23,1.097e+1,7.771e-18,4.313e-1,4.119e+0,5.739e-2,1.920e-1,1.565e+0,6.495e-1,2.206e+0,8.342e-19,,8.030e-2,,,3.041e-15,,5.807e-19,,8.504e-19,,1.352e-1,,1.866e-17,,4.970e-6,1.444e-16
464.02,6.646e+1,9.534e-21,1.235e-8,6.843e-21,4.615e-13,,,3.451e-19,3.763e-20,,3.394e-15,1.020e-1,2.433e-26,1.020e-17,5.738e-9,6.154e-14,6.918e-21,8.517e-15,,3.686e-19,4.686e-20,3.924e-21,4.289e+1,1.097e-16,1.389e-9,8.651e-1,,5.125e-5,5.358e-22,2.337e-17,2.825e-20,6.220e-29,9.476e-20,9.320e-23,1.209e+1,7.732e-18,4.859e-1,4.736e+0,4.745e-2,1.403e-1,1.807e+0,5.555e-1,2.570e+0,8.348e-19,,5.690e-2,,,1.439e-15,,5.806e-19,,8.504e-19,,1.150e-1,,1.866e-17,,7.990e-6,1.444e-16
464.04,6.831e+1,9.539e-21,1.204e-8,7.790e-21,7.099e-13,,,3.453e-19,3.752e-20,,3.394e-15,1.014e-1,2.417e-26,1.020e-17,4.106e-9,5.939e-14,6.917e-21,1.192e-14,,3.642e-19,4.688e-20,3.439e-21,4.313e+1,1.096e-16,1.643e-9,9.180e-1,,4.005e-5,5.361e-22,2.339e-17,2.825e-20,6.220e-29,9.477e-20,9.321e-23,1.284e+1,7.706e-18,5.251e-1,5.176e+0,4.184e-2,1.136e-1,1.987e+0,4.983e-1,2.834e+0,8.352e-19,,4.503e-2,,,8.694e-16,,5.805e-19,,8.503e-19,,1.028e-1,,1.865e-17,,1.092e-5,1.444e-16
464.06,7.013e+1,9.543e-21,1.170e-8,8.838e-21,1.088e-12,,,3.454e-19,3.741e-20,,3.394e-15,1.004e-1,2.400e-26,1.020e-17,2.927e-9,5.711e-14,6.917e-21,1.664e-14,,3.598e-19,4.690e-20,3.003e-21,4.327e+1,1.095e-16,1.938e-9,9.737e-1,,3.118e-5,5.364e-22,2.340e-17,2.826e-20,6.220e-29,9.479e-20,9.322e-23,1.359e+1,7.680e-18,5.667e-1,5.635e+0,3.697e-2,9.183e-2,2.182e+0,4.454e-1,3.113e+0,8.356e-19,,3.550e-2,,,5.236e-16,,5.805e-19,,8.503e-19,,9.149e-2,,1.865e-17,,1.486e-5,1.445e-16
464.09,7.277e+1,9.549e-21,1.114e-8,1.061e-20,2.052e-12,,,3.457e-19,3.724e-20,,3.393e-15,9.835e-2,2.375e-26,1.020e-17,1.750e-9,5.350e-14,6.916e-21,2.724e-14,,3.532e-19,4.692e-20,2.435e-21,4.328e+1,1.094e-16,2.466e-9,1.062e+0,,2.128e-5,5.369e-22,2.342e-17,2.826e-20,6.221e-29,9.481e-20,9.324e-23,1.470e+1,7.640e-18,6.338e-1,6.360e+0,3.099e-2,6.689e-2,2.500e+0,3.739e-1,3.560e+0,8.362e-19,,2.469e-2,,,2.430e-16,,5.804e-19,,8.502e-19,,7.636e-2,,1.864e-17,,2.346e-5,1.445e-16
464.11,7.446e+1,9.554e-21,1.073e-8,1.194e-20,3.119e-12,,,3.459e-19,3.713e-20,,3.393e-15,9.657e-2,2.359e-26,1.020e-17,1.237e-9,5.099e-14,6.915e-21,3.767e-14,,3.488e-19,4.694e-20,2.107e-21,4.316e+1,1.093e-16,2.885e-9,1.125e+0,,1.642e-5,5.372e-22,2.344e-17,2.827e-20,6.221e-29,9.482e-20,9.325e-23,1.542e+1,7.614e-18,6.819e-1,6.864e+0,2.780e-2,5.442e-2,2.729e+0,3.312e-1,3.876e+0,8.365e-19,,1.930e-2,,,1.450e-16,,5.803e-19,,8.501e-19,,6.740e-2,,1.864e-17,,3.166e-5,1.445e-16
464.14,7.688e+1,9.560e-21,1.008e-8,1.416e-20,5.804e-12,,,3.461e-19,3.697e-20,,3.393e-15,9.334e-2,2.334e-26,1.020e-17,7.297e-10,4.713e-14,6.914e-21,6.087e-14,,3.421e-19,4.696e-20,1.686e-21,4.282e+1,1.091e-16,3.628e-9,1.224e+0,,1.106e-5,5.377e-22,2.346e-17,2.828e-20,6.222e-29,9.484e-20,9.326e-23,1.646e+1,7.575e-18,7.595e-1,7.645e+0,2.414e-2,4.066e-2,3.096e+0,2.743e-1,4.375e+0,8.371e-19,,1.324e-2,,,6.642e-17,,5.803e-19,,8.501e-19,,5.551e-2,,1.864e-17,,4.930e-5,1.446e-16
464.16,7.842e+1,9.565e-21,9.624e-9,1.581e-20,8.743e-12,,,3.463e-19,3.686e-20,,3.392e-15,9.085e-2,2.317e-26,1.020e-17,5.111e-10,4.453e-14,6.913e-21,8.344e-14,,3.377e-19,4.697e-20,1.446e-21,4.249e+1,1.090e-16,4.210e-9,1.293e+0,,8.457e-6,5.380e-22,2.348e-17,2.828e-20,6.222e-29,9.486e-20,9.327e-23,1.712e+1,7.549e-18,8.151e-1,8.177e+0,2.239e-2,3.420e-2,3.355e+0,2.409e-1,4.721e+0,8.375e-19,,1.026e-2,,,3.928e-17,,5.802e-19,,8.500e-19,,4.856e-2,,1.863e-17,,6.595e-5,1.446e-16
464.19,8.057e+1,9.571e-21,8.920e-9,1.852e-20,1.606e-11,,,3.465e-19,3.669e-20,,3.392e-15,8.667e-2,2.292e-26,1.020e-17,2.975e-10,4.061e-14,6.912e-21,1.331e-13,,3.311e-19,4.700e-20,1.141e-21,4.185e+1,1.088e-16,5.232e-9,1.401e+0,,5.619e-6,5.384e-22,2.350e-17,2.829e-20,6.223e-29,9.488e-20,9.328e-23,1.803e+1,7.510e-18,9.048e-1,8.987e+0,2.073e-2,2.780e-2,3.762e+0,1.969e-1,5.258e+0,8.381e-19,,6.945e-3,,,1.775e-17,,5.801e-19,,8.499e-19,,3.947e-2,,1.863e-17,,1.014e-4,1.446e-16
464.21,8.191e+1,9.575e-21,8.442e-9,2.049e-20,2.398e-11,,,3.467e-19,3.658e-20,,3.392e-15,8.362e-2,2.276e-26,1.020e-17,2.065e-10,3.803e-14,6.911e-21,1.808e-13,,3.266e-19,4.701e-20,9.705e-22,4.134e+1,1.087e-16,6.025e-9,1.476e+0,,4.259e-6,5.387e-22,2.351e-17,2.829e-20,6.223e-29,9.489e-20,9.329e-23,1.859e+1,7.483e-18,9.690e-1,9.529e+0,2.023e-2,2.542e-2,4.043e+0,1.713e-1,5.624e+0,8.384e-19,,5.332e-3,,,1.040e-17,,5.801e-19,,8.499e-19,,3.422e-2,,1.862e-17,,1.344e-4,1.446e-16
464.24,8.374e+1,9.582e-21,7.720e-9,2.371e-20,4.346e-11,,,3.470e-19,3.642e-20,,3.391e-15,7.873e-2,2.251e-26,1.020e-17,1.186e-10,3.422e-14,6.910e-21,2.845e-13,,3.200e-19,4.704e-20,7.558e-22,4.048e+1,1.086e-16,7.401e-9,1.591e+0,,2.792e-6,5.392e-22,2.353e-17,2.830e-20,6.224e-29,9.491e-20,9.330e-23,1.932e+1,7.444e-18,1.073e+0,1.033e+1,2.033e-2,2.432e-2,4.476e+0,1.382e-1,6.181e+0,8.390e-19,,3.565e-3,,,4.638e-18,,5.800e-19,,8.498e-19,,2.745e-2,,1.862e-17,,2.039e-4,1.447e-16
464.26,8.484e+1,9.586e-21,7.241e-9,2.603e-20,6.433e-11,,,3.471e-19,3.631e-20,,3.391e-15,7.530e-2,2.234e-26,1.020e-17,8.159e-11,3.176e-14,6.910e-21,3.832e-13,,3.156e-19,4.705e-20,6.370e-22,3.984e+1,1.085e-16,8.456e-9,1.669e+0,,2.098e-6,5.395e-22,2.355e-17,2.831e-20,6.224e-29,9.493e-20,9.331e-23,1.973e+1,7.418e-18,1.147e+0,1.086e+1,2.095e-2,2.510e-2,4.770e+0,1.192e-1,6.554e+0,8.394e-19,,2.715e-3,,,2.694e-18,,5.799e-19,,8.498e-19,,2.359e-2,,1.861e-17,,2.679e-4,1.447e-16
464.29,8.630e+1,9.593e-21,6.535e-9,2.976e-20,1.151e-10,,,3.474e-19,3.614e-20,,3.391e-15,6.997e-2,2.210e-26,1.020e-17,4.624e-11,2.820e-14,6.908e-21,5.951e-13,,3.090e-19,4.708e-20,4.895e-22,3.883e+1,1.083e-16,1.027e-8,1.788e+0,,1.357e-6,5.400e-22,2.357e-17,2.831e-20,6.225e-29,9.495e-20,9.333e-23,2.024e+1,7.379e-18,1.265e+0,1.162e+1,2.268e-2,2.849e-2,5.213e+0,9.483e-2,7.107e+0,8.400e-19,,1.796e-3,,,1.185e-18,,5.799e-19,,8.497e-19,,1.867e-2,,1.861e-17,,4.011e-4,1.447e-16
464.31,8.713e+1,9.597e-21,6.075e-9,3.241e-20,1.688e-10,,,3.476e-19,3.603e-20,,3.390e-15,6.634e-2,2.193e-26,1.020e-17,3.153e-11,2.594e-14,6.908e-21,7.945e-13,,3.045e-19,4.709e-20,4.088e-22,3.811e+1,1.082e-16,1.164e-8,1.868e+0,,1.010e-6,5.403e-22,2.359e-17,2.832e-20,6.225e-29,9.496e-20,9.334e-23,2.050e+1,7.353e-18,1.350e+0,1.211e+1,2.435e-2,3.226e-2,5.507e+0,8.107e-2,7.469e+0,8.403e-19,,1.360e-3,,,6.821e-19,,5.798e-19,,8.496e-19,,1.590e-2,,1.860e-17,,5.225e-4,1.447e-16
464.34,8.816e+1,9.603e-21,5.410e-9,3.661e-20,2.981e-10,,,3.478e-19,3.587e-20,,3.390e-15,6.085e-2,2.168e-26,1.020e-17,1.763e-11,2.273e-14,6.907e-21,1.218e-12,,2.979e-19,4.712e-20,3.100e-22,3.702e+1,1.081e-16,1.398e-8,1.986e+0,,6.448e-7,5.408e-22,2.361e-17,2.833e-20,6.226e-29,9.498e-20,9.335e-23,2.075e+1,7.313e-18,1.486e+0,1.278e+1,2.763e-2,4.036e-2,5.939e+0,6.366e-2,7.993e+0,8.409e-19,,8.987e-4,,,6.813e-19,,5.797e-19,,8.496e-19,,1.242e-2,,1.860e-17,,7.718e-4,1.448e-16
464.36,8.869e+1,9.608e-21,4.985e-9,3.955e-20,4.335e-10,,,3.480e-19,3.576e-20,,3.390e-15,5.718e-2,2.152e-26,1.020e-17,1.191e-11,2.073e-14,6.906e-21,1.611e-12,,2.935e-19,4.713e-20,2.566e-22,3.628e+1,1.080e-16,1.573e-8,2.064e+0,,4.758e-7,5.411e-22,2.362e-17,2.833e-20,6.226e-29,9.500e-20,9.336e-23,2.082e+1,7.287e-18,1.582e+0,1.320e+1,3.033e-2,4.755e-2,6.219e+0,5.394e-2,8.326e+0,8.413e-19,,6.863e-4,,,6.808e-19,,5.797e-19,,8.495e-19,,1.048e-2,,1.860e-17,,9.967e-4,1.448e-16
464.39,8.924e+1,9.614e-21,4.380e-9,4.414e-20,7.553e-10,,,3.482e-19,3.559e-20,,3.389e-15,5.176e-2,2.127e-26,1.020e-17,6.573e-12,1.792e-14,6.905e-21,2.437e-12,,2.869e-19,4.716e-20,1.920e-22,3.516e+1,1.078e-16,1.868e-8,2.178e+0,,2.996e-7,5.415e-22,2.365e-17,2.834e-20,6.227e-29,9.502e-20,9.337e-23,2.080e+1,7.248e-18,1.736e+0,1.375e+1,3.514e-2,6.145e-2,6.620e+0,4.179e-2,8.792e+0,8.419e-19,,4.714e-4,,,6.799e-19,,5.796e-19,,8.494e-19,,8.078e-3,,1.859e-17,,1.453e-3,1.448e-16
464.41,8.945e+1,9.619e-21,4.000e-9,4.731e-20,1.089e-9,,,3.484e-19,3.548e-20,,3.389e-15,4.823e-2,2.110e-26,1.020e-17,4.402e-12,1.619e-14,6.904e-21,3.197e-12,,2.824e-19,4.717e-20,1.575e-22,3.443e+1,1.077e-16,2.087e-8,2.251e+0,,2.191e-7,5.418e-22,2.366e-17,2.834e-20,6.227e-29,9.503e-20,9.338e-23,2.070e+1,7.222e-18,1.844e+0,1.407e+1,3.886e-2,7.307e-2,6.870e+0,3.509e-2,9.077e+0,8.422e-19,,3.816e-4,,,6.794e-19,,5.795e-19,,8.494e-19,,6.760e-3,,1.859e-17,,1.860e-3,1.449e-16
464.43,8.951e+1,9.623e-21,3.641e-9,5.055e-20,1.564e-9,,,3.486e-19,3.537e-20,,3.389e-15,4.477e-2,2.094e-26,1.020e-17,2.937e-12,1.458e-14,6.904e-21,4.179e-12,,2.780e-19,4.719e-20,1.288e-22,3.370e+1,1.076e-16,2.325e-8,2.321e+0,,1.597e-7,5.422e-22,2.368e-17,2.835e-20,6.227e-29,9.504e-20,9.339e-23,2.052e+1,7.196e-18,1.957e+0,1.435e+1,4.298e-2,8.686e-2,7.106e+0,2.937e-2,9.338e+0,8.426e-19,,3.259e-4,,,6.788e-19,,5.795e-19,,8.493e-19,,5.636e-3,,1.858e-17,,2.372e-3,1.449e-16
464.46,8.934e+1,9.629e-21,3.140e-9,5.551e-20,2.676e-9,,,3.488e-19,3.521e-20,,3.388e-15,3.979e-2,2.069e-26,1.020e-17,1.590e-12,1.237e-14,6.903e-21,6.204e-12,,2.714e-19,4.721e-20,9.457e-23,3.265e+1,1.074e-16,2.720e-8,2.419e+0,,9.870e-8,5.426e-22,2.370e-17,2.836e-20,6.228e-29,9.507e-20,9.340e-23,2.013e+1,7.156e-18,2.134e+0,1.468e+1,4.993e-2,1.122e-1,7.424e+0,2.233e-2,9.679e+0,8.432e-19,,2.973e-4,,,6.780e-19,,5.794e-19,,8.492e-19,,4.263e-3,,1.858e-17,,3.395e-3,1.449e-16
464.48,8.906e+1,9.634e-21,2.832e-9,5.885e-20,3.810e-9,,,3.490e-19,3.510e-20,,3.388e-15,3.662e-2,2.052e-26,1.020e-17,1.052e-12,1.104e-14,6.902e-21,8.038e-12,,2.670e-19,4.723e-20,7.663e-23,3.197e+1,1.073e-16,3.008e-8,2.480e+0,,7.129e-8,5.429e-22,2.371e-17,2.836e-20,6.228e-29,9.508e-20,9.341e-23,1.978e+1,7.130e-18,2.258e+0,1.484e+1,5.506e-2,1.327e-1,7.611e+0,1.852e-2,9.870e+0,8.436e-19,,3.125e-4,,,6.775e-19,,5.793e-19,,8.492e-19,,3.523e-3,,1.857e-17,,4.292e-3,1.449e-16
464.51,8.837e+1,9.640e-21,2.410e-9,6.388e-20,6.432e-9,,,3.493e-19,3.493e-20,,3.387e-15,3.213e-2,2.027e-26,1.020e-17,5.620e-13,9.248e-15,6.901e-21,1.178e-11,,2.603e-19,4.725e-20,5.553e-23,3.100e+1,1.072e-16,3.481e-8,2.561e+0,,4.347e-8,5.434e-22,2.374e-17,2.837e-20,6.229e-29,9.510e-20,9.343e-23,1.915e+1,7.091e-18,2.451e+0,1.498e+1,6.349e-2,1.698e-1,7.847e+0,1.390e-2,1.010e+1,8.442e-19,,3.892e-4,,,6.766e-19,,5.793e-19,,8.491e-19,,2.629e-3,,1.857e-17,,6.061e-3,1.450e-16
464.53,8.773e+1,9.644e-21,2.155e-9,6.721e-20,9.079e-9,,,3.494e-19,3.482e-20,,3.387e-15,2.932e-2,2.011e-26,1.020e-17,3.684e-13,8.180e-15,6.900e-21,1.513e-11,,2.559e-19,4.727e-20,4.459e-23,3.038e+1,1.071e-16,3.823e-8,2.609e+0,,3.112e-8,5.437e-22,2.375e-17,2.838e-20,6.229e-29,9.511e-20,9.344e-23,1.866e+1,7.065e-18,2.583e+0,1.500e+1,6.958e-2,1.993e-1,7.973e+0,1.142e-2,1.020e+1,8.445e-19,,4.817e-4,,,6.761e-19,,5.792e-19,,8.491e-19,,2.153e-3,,1.856e-17,,7.596e-3,1.450e-16
464.56,8.654e+1,9.651e-21,1.809e-9,7.212e-20,1.513e-8,,,3.497e-19,3.466e-20,,3.387e-15,2.540e-2,1.986e-26,1.020e-17,1.942e-13,6.760e-15,6.899e-21,2.187e-11,,2.493e-19,4.729e-20,3.188e-23,2.951e+1,1.069e-16,4.377e-8,2.670e+0,,1.872e-8,5.442e-22,2.377e-17,2.838e-20,6.230e-29,9.513e-20,9.345e-23,1.783e+1,7.026e-18,2.787e+0,1.494e+1,7.938e-2,2.518e-1,8.112e+0,8.458e-3,1.030e+1,8.451e-19,,6.994e-4,,,6.753e-19,,5.791e-19,,8.490e-19,,1.586e-3,,1.856e-17,,1.059e-2,1.450e-16
464.58,8.558e+1,9.655e-21,1.603e-9,7.531e-20,2.117e-8,,,3.499e-19,3.455e-20,,3.386e-15,2.298e-2,1.970e-26,1.020e-17,1.262e-13,5.926e-15,6.898e-21,2.784e-11,,2.448e-19,4.730e-20,2.538e-23,2.897e+1,1.068e-16,4.774e-8,2.703e+0,,1.328e-8,5.445e-22,2.379e-17,2.839e-20,6.230e-29,9.515e-20,9.346e-23,1.723e+1,6.999e-18,2.926e+0,1.484e+1,8.634e-2,2.931e-1,8.170e+0,6.891e-3,1.032e+1,8.455e-19,,9.124e-4,,,6.747e-19,,5.791e-19,,8.489e-19,,1.287e-3,,1.856e-17,,1.315e-2,1.451e-16
464.61,8.392e+1,9.662e-21,1.329e-9,7.992e-20,3.480e-8,,,3.501e-19,3.438e-20,,3.386e-15,1.967e-2,1.945e-26,1.020e-17,6.573e-14,4.832e-15,6.897e-21,3.973e-11,,2.382e-19,4.733e-20,1.790e-23,2.821e+1,1.067e-16,5.411e-8,2.742e+0,,7.886e-9,5.449e-22,2.381e-17,2.840e-20,6.231e-29,9.517e-20,9.347e-23,1.626e+1,6.960e-18,3.135e+0,1.458e+1,9.732e-2,3.656e-1,8.202e+0,5.034e-3,1.028e+1,8.461e-19,,1.371e-3,,,6.739e-19,,5.790e-19,,8.489e-19,,9.353e-4,,1.855e-17,,1.809e-2,1.451e-16
464.63,8.268e+1,9.666e-21,1.167e-9,8.283e-20,4.827e-8,,,3.503e-19,3.427e-20,,3.386e-15,1.767e-2,1.928e-26,1.020e-17,4.244e-14,4.199e-15,6.897e-21,5.014e-11,,2.338e-19,4.734e-20,1.412e-23,2.774e+1,1.066e-16,5.862e-8,2.760e+0,,5.546e-9,5.453e-22,2.382e-17,2.840e-20,6.231e-29,9.518e-20,9.348e-23,1.559e+1,6.934e-18,3.276e+0,1.435e+1,1.050e-1,4.218e-1,8.188e+0,4.065e-3,1.020e+1,8.464e-19,,1.800e-3,,,6.734e-19,,5.789e-19,,8.488e-19,,7.526e-4,,1.855e-17,,2.227e-2,1.451e-16
464.66,8.063e+1,9.673e-21,9.541e-10,8.692e-20,7.834e-8,,,3.505e-19,3.411e-20,,3.385e-15,1.497e-2,1.903e-26,1.020e-17,2.207e-14,3.379e-15,6.895e-21,7.061e-11,,2.272e-19,4.737e-20,9.831e-24,2.708e+1,1.064e-16,6.576e-8,2.775e+0,,3.248e-9,5.457e-22,2.385e-17,2.841e-20,6.232e-29,9.520e-20,9.349e-23,1.454e+1,6.895e-18,3.485e+0,1.392e+1,1.168e-1,5.193e-1,8.112e+0,2.930e-3,1.003e+1,8.470e-19,,2.698e-3,,,6.725e-19,,5.789e-19,,8.487e-19,,5.396e-4,,1.854e-17,,3.023e-2,1.451e-16
464.68,7.916e+1,9.677e-21,8.305e-10,8.943e-20,1.077e-7,,,3.507e-19,3.400e-20,,3.385e-15,1.338e-2,1.887e-26,1.020e-17,1.446e-14,2.910e-15,6.895e-21,8.832e-11,,2.227e-19,4.738e-20,7.687e-24,2.669e+1,1.063e-16,7.076e-8,2.777e+0,,2.264e-9,5.460e-22,2.386e-17,2.841e-20,6.232e-29,9.522e-20,9.350e-23,1.382e+1,6.869e-18,3.622e+0,1.358e+1,1.249e-1,5.939e-1,8.026e+0,2.345e-3,9.870e+0,8.474e-19,,3.523e-3,,,6.720e-19,,5.788e-19,,8.487e-19,,4.303e-4,,1.854e-17,,3.689e-2,1.452e-16
464.71,7.682e+1,9.683e-21,6.701e-10,9.283e-20,1.725e-7,,,3.510e-19,3.383e-20,,3.384e-15,1.129e-2,1.862e-26,1.020e-17,8.251e-15,2.310e-15,6.894e-21,1.227e-10,,2.161e-19,4.741e-20,5.280e-24,2.614e+1,1.062e-16,7.859e-8,2.769e+0,,1.308e-9,5.465e-22,2.388e-17,2.842e-20,6.233e-29,9.524e-20,9.352e-23,1.275e+1,6.829e-18,3.822e+0,1.300e+1,1.372e-1,7.215e-1,7.847e+0,1.668e-3,9.573e+0,8.480e-19,,5.225e-3,,,6.712e-19,,5.787e-19,,8.486e-19,,3.044e-4,,1.853e-17,,4.942e-2,1.452e-16
464.73,7.519e+1,9.688e-21,5.781e-10,9.482e-20,2.351e-7,,,3.511e-19,3.372e-20,,3.384e-15,1.009e-2,1.845e-26,1.020e-17,6.398e-15,1.972e-15,6.893e-21,1.522e-10,,2.117e-19,4.742e-20,4.092e-24,2.580e+1,1.061e-16,8.401e-8,2.757e+0,,9.037e-10,5.468e-22,2.390e-17,2.843e-20,6.233e-29,9.525e-20,9.353e-23,1.203e+1,6.803e-18,3.950e+0,1.257e+1,1.455e-1,8.179e-1,7.695e+0,1.323e-3,9.338e+0,8.483e-19,,6.766e-3,,,6.706e-19,,5.787e-19,,8.486e-19,,2.406e-4,,1.853e-17,,5.978e-2,1.452e-16
464.76,7.267e+1,9.694e-21,4.603e-10,9.737e-20,3.716e-7,,,3.514e-19,3.356e-20,,3.384e-15,8.599e-3,1.821e-26,1.020e-17,6.094e-15,1.545e-15,6.892e-21,2.087e-10,,2.051e-19,4.745e-20,2.773e-24,2.535e+1,1.059e-16,9.238e-8,2.729e+0,,5.153e-10,5.473e-22,2.392e-17,2.843e-20,6.234e-29,9.527e-20,9.354e-23,1.098e+1,6.764e-18,4.133e+0,1.187e+1,1.577e-1,9.807e-1,7.424e+0,9.287e-4,8.937e+0,8.489e-19,,9.908e-3,,,6.698e-19,,5.786e-19,,8.485e-19,,1.680e-4,,1.852e-17,,7.903e-2,1.453e-16
464.78,7.096e+1,9.698e-21,3.936e-10,9.875e-20,5.021e-7,,,3.516e-19,3.345e-20,,3.383e-15,7.804e-3,1.804e-26,1.020e-17,7.464e-15,1.307e-15,6.891e-21,2.565e-10,,2.006e-19,4.746e-20,2.130e-24,2.508e+1,1.058e-16,9.810e-8,2.704e+0,,3.528e-10,5.476e-22,2.394e-17,2.844e-20,6.234e-29,9.529e-20,9.355e-23,1.030e+1,6.738e-18,4.247e+0,1.138e+1,1.657e-1,1.102e+0,7.216e+0,7.302e-4,8.641e+0,8.493e-19,,1.272e-2,,,6.693e-19,,5.785e-19,,8.484e-19,,1.316e-4,,1.852e-17,,9.476e-2,1.453e-16
464.81,6.838e+1,9.705e-21,3.092e-10,1.003e-19,7.833e-7,,,3.518e-19,3.328e-20,,3.383e-15,6.926e-3,1.779e-26,1.020e-17,1.251e-14,1.010e-15,6.890e-21,3.472e-10,,1.940e-19,4.749e-20,1.424e-24,2.472e+1,1.056e-16,1.068e-7,2.658e+0,,1.985e-10,5.481e-22,2.396e-17,2.845e-20,6.234e-29,9.531e-20,9.356e-23,9.330e+0,6.699e-18,4.403e+0,1.060e+1,1.773e-1,1.304e+0,6.870e+0,5.056e-4,8.161e+0,8.499e-19,,1.839e-2,,,6.684e-19,,5.785e-19,,8.484e-19,,9.063e-5,,1.851e-17,,1.236e-1,1.453e-16
464.83,6.667e+1,9.709e-21,2.621e-10,1.010e-19,1.049e-6,,,3.520e-19,3.317e-20,,3.383e-15,6.564e-3,1.763e-26,1.020e-17,1.879e-14,8.474e-16,6.889e-21,4.229e-10,,1.896e-19,4.750e-20,1.084e-24,2.451e+1,1.055e-16,1.127e-7,2.623e+0,,1.347e-10,5.484e-22,2.397e-17,2.845e-20,6.235e-29,9.532e-20,9.357e-23,8.713e+0,6.672e-18,4.497e+0,1.008e+1,1.847e-1,1.452e+0,6.619e+0,3.940e-4,7.821e+0,8.503e-19,,2.340e-2,,,6.679e-19,,5.784e-19,,8.483e-19,,7.037e-5,,1.851e-17,,1.469e-1,1.453e-16
464.85,6.499e+1,9.714e-21,2.213e-10,1.015e-19,1.400e-6,,,3.521e-19,3.306e-20,,3.382e-15,6.398e-3,1.746e-26,1.020e-17,2.866e-14,7.081e-16,6.889e-21,5.134e-10,,1.852e-19,4.752e-20,8.226e-25,2.432e+1,1.054e-16,1.185e-7,2.585e+0,,9.106e-11,5.487e-22,2.399e-17,2.846e-20,6.235e-29,9.534e-20,9.358e-23,8.128e+0,6.646e-18,4.581e+0,9.540e+0,1.917e-1,1.612e+0,6.355e+0,3.060e-4,7.469e+0,8.506e-19,,2.968e-2,,,6.674e-19,,5.784e-19,,8.483e-19,,5.445e-5,,1.851e-17,,1.740e-1,1.454e-16
464.88,6.255e+1,9.720e-21,1.707e-10,1.016e-19,2.144e-6,,,3.524e-19,3.290e-20,,3.382e-15,6.563e-3,1.721e-26,1.020e-17,5.441e-14,5.373e-16,6.888e-21,6.821e-10,,1.785e-19,4.754e-20,5.399e-25,2.408e+1,1.053e-16,1.273e-7,2.522e+0,,5.028e-11,5.491e-22,2.401e-17,2.846e-20,6.236e-29,9.536e-20,9.359e-23,7.312e+0,6.607e-18,4.687e+0,8.732e+0,2.013e-1,1.872e+0,5.938e+0,2.080e-4,6.924e+0,8.512e-19,,4.211e-2,,,6.665e-19,,5.783e-19,,8.482e-19,,3.681e-5,,1.850e-17,,2.229e-1,1.454e-16
464.9,6.098e+1,9.724e-21,1.429e-10,1.013e-19,2.837e-6,,,3.526e-19,3.279e-20,,3.382e-15,6.990e-3,1.705e-26,1.020e-17,8.331e-14,4.451e-16,6.887e-21,8.207e-10,,1.741e-19,4.756e-20,4.059e-25,2.396e+1,1.052e-16,1.331e-7,2.477e+0,,3.369e-11,5.494e-22,2.403e-17,2.847e-20,6.236e-29,9.537e-20,9.360e-23,6.814e+0,6.581e-18,4.745e+0,8.197e+0,2.071e-1,2.059e+0,5.651e+0,1.600e-4,6.554e+0,8.516e-19,,5.294e-2,,,6.660e-19,,5.782e-19,,8.481e-19,,2.823e-5,,1.850e-17,,2.617e-1,1.454e-16
464.93,5.876e+1,9.731e-21,1.087e-10,1.003e-19,4.289e-6,,,3.528e-19,3.262e-20,,3.381e-15,8.206e-3,1.680e-26,1.020e-17,1.570e-13,3.334e-16,6.886e-21,1.076e-9,,1.675e-19,4.758e-20,2.629e-25,2.381e+1,1.050e-16,1.415e-7,2.406e+0,,1.836e-11,5.499e-22,2.405e-17,2.848e-20,6.237e-29,9.539e-20,9.362e-23,6.139e+0,6.542e-18,4.808e+0,7.410e+0,2.146e-1,2.360e+0,5.211e+0,1.073e-4,5.995e+0,8.522e-19,,7.414e-2,,,6.652e-19,,5.781e-19,,8.481e-19,,1.883e-5,,1.849e-17,,3.307e-1,1.454e-16
464.95,5.739e+1,9.735e-21,9.019e-11,9.938e-20,5.625e-6,,,3.530e-19,3.251e-20,,3.381e-15,9.479e-3,1.663e-26,1.020e-17,2.387e-13,2.738e-16,6.885e-21,1.284e-9,,1.631e-19,4.760e-20,1.959e-25,2.374e+1,1.049e-16,1.469e-7,2.358e+0,,1.219e-11,5.502e-22,2.406e-17,2.848e-20,6.237e-29,9.541e-20,9.363e-23,5.738e+0,6.515e-18,4.836e+0,6.900e+0,2.189e-1,2.573e+0,4.915e+0,8.187e-5,5.624e+0,8.525e-19,,9.238e-2,,,6.646e-19,,5.781e-19,,8.480e-19,,1.431e-5,,1.849e-17,,3.848e-1,1.455e-16
464.98,5.550e+1,9.742e-21,6.771e-11,9.745e-20,8.392e-6,,,3.533e-19,3.235e-20,,3.381e-15,1.226e-2,1.638e-26,1.020e-17,4.443e-13,2.026e-16,6.884e-21,1.661e-9,,1.564e-19,4.762e-20,1.252e-25,2.368e+1,1.048e-16,1.546e-7,2.282e+0,,6.553e-12,5.507e-22,2.409e-17,2.849e-20,6.238e-29,9.543e-20,9.364e-23,5.212e+0,6.476e-18,4.853e+0,6.164e+0,2.239e-1,2.911e+0,4.473e+0,5.418e-5,5.077e+0,8.531e-19,,1.277e-1,,,6.638e-19,,5.780e-19,,8.479e-19,,9.419e-6,,1.848e-17,,4.799e-1,1.455e-16
465,5.437e+1,9.746e-21,5.568e-11,9.585e-20,1.091e-5,,,3.534e-19,3.224e-20,,3.380e-15,1.482e-2,1.622e-26,1.020e-17,6.694e-13,1.651e-16,6.883e-21,1.964e-9,,1.520e-19,4.763e-20,9.244e-26,2.368e+1,1.047e-16,1.595e-7,2.231e+0,,4.313e-12,5.510e-22,2.410e-17,2.849e-20,6.238e-29,9.544e-20,9.365e-23,4.911e+0,6.450e-18,4.849e+0,5.698e+0,2.262e-1,3.146e+0,4.181e+0,4.096e-5,4.721e+0,8.535e-19,,1.577e-1,,,6.633e-19,,5.779e-19,,8.479e-19,,7.095e-6,,1.848e-17,,5.536e-1,1.455e-16
465.03,5.289e+1,9.752e-21,4.125e-11,9.303e-20,1.607e-5,,,3.537e-19,3.207e-20,,3.380e-15,2.001e-2,1.597e-26,1.019e-17,1.230e-12,1.210e-16,6.882e-21,2.508e-9,,1.454e-19,4.766e-20,5.829e-26,2.373e+1,1.045e-16,1.662e-7,2.154e+0,,2.288e-12,5.515e-22,2.412e-17,2.850e-20,6.239e-29,9.546e-20,9.366e-23,4.534e+0,6.411e-18,4.819e+0,5.040e+0,2.284e-1,3.512e+0,3.755e+0,2.675e-5,4.206e+0,8.541e-19,,2.151e-1,,,6.624e-19,,5.779e-19,,8.478e-19,,4.608e-6,,1.847e-17,,6.814e-1,1.456e-16
465.05,5.206e+1,9.757e-21,3.362e-11,9.088e-20,2.071e-5,,,3.538e-19,3.196e-20,,3.380e-15,2.459e-2,1.580e-26,1.019e-17,1.837e-12,9.819e-17,6.882e-21,2.939e-9,,1.409e-19,4.767e-20,4.267e-26,2.380e+1,1.044e-16,1.702e-7,2.102e+0,,1.492e-12,5.518e-22,2.414e-17,2.851e-20,6.239e-29,9.547e-20,9.367e-23,4.331e+0,6.385e-18,4.783e+0,4.632e+0,2.288e-1,3.762e+0,3.480e+0,2.004e-5,3.876e+0,8.544e-19,,2.633e-1,,,6.619e-19,,5.778e-19,,8.478e-19,,3.440e-6,,1.847e-17,,7.791e-1,1.456e-16
465.08,5.105e+1,9.763e-21,2.458e-11,8.730e-20,3.010e-5,,,3.541e-19,3.180e-20,,3.379e-15,3.356e-2,1.556e-26,1.019e-17,3.331e-12,7.185e-17,6.881e-21,3.703e-9,,1.343e-19,4.770e-20,2.654e-26,2.395e+1,1.042e-16,1.756e-7,2.024e+0,,7.811e-13,5.522e-22,2.416e-17,2.851e-20,6.240e-29,9.550e-20,9.368e-23,4.097e+0,6.345e-18,4.707e+0,4.071e+0,2.279e-1,4.144e+0,3.085e+0,1.291e-5,3.407e+0,8.550e-19,,3.544e-1,,,6.611e-19,,5.777e-19,,8.477e-19,,2.205e-6,,1.846e-17,,9.463e-1,1.456e-16
465.1,5.055e+1,9.768e-21,1.986e-11,8.470e-20,3.846e-5,,,3.543e-19,3.169e-20,,3.379e-15,4.128e-2,1.539e-26,1.019e-17,4.932e-12,5.861e-17,6.880e-21,4.302e-9,,1.299e-19,4.771e-20,1.926e-26,2.410e+1,1.041e-16,1.786e-7,1.973e+0,,5.050e-13,5.525e-22,2.417e-17,2.852e-20,6.240e-29,9.551e-20,9.369e-23,3.986e+0,1.098e-17,4.642e+0,3.733e+0,2.262e-1,4.401e+0,2.834e+0,9.589e-6,3.113e+0,8.554e-19,,4.301e-1,,,6.605e-19,,5.777e-19,,8.476e-19,,1.631e-6,,1.846e-17,,1.073e+0,1.456e-16
465.13,5.006e+1,9.774e-21,1.432e-11,8.054e-20,5.518e-5,,,3.545e-19,3.152e-20,,3.378e-15,5.614e-2,1.514e-26,1.019e-17,8.826e-12,4.395e-17,6.879e-21,5.350e-9,,1.233e-19,4.774e-20,1.182e-26,2.437e+1,1.040e-16,1.823e-7,1.895e+0,,2.608e-13,5.530e-22,2.420e-17,2.853e-20,6.240e-29,9.553e-20,9.371e-23,3.883e+0,2.481e-17,4.525e+0,3.284e+0,2.224e-1,4.784e+0,2.480e+0,6.096e-6,2.700e+0,8.560e-19,,5.713e-1,,,6.597e-19,,5.776e-19,,8.476e-19,,1.032e-6,,1.846e-17,,1.286e+0,1.457e-16
465.15,4.991e+1,9.778e-21,1.147e-11,7.761e-20,6.989e-5,,,3.547e-19,3.141e-20,,3.378e-15,6.870e-2,1.498e-26,1.019e-17,1.295e-11,3.707e-17,6.878e-21,6.160e-9,,1.188e-19,4.775e-20,8.501e-27,2.460e+1,1.039e-16,1.842e-7,1.844e+0,,1.671e-13,5.533e-22,2.421e-17,2.853e-20,6.241e-29,9.554e-20,9.372e-23,3.854e+0,4.253e-17,4.435e+0,3.025e+0,2.189e-1,5.035e+0,2.259e+0,4.488e-6,2.445e+0,8.563e-19,,6.873e-1,,,6.592e-19,,5.775e-19,,8.475e-19,,7.567e-7,,1.845e-17,,1.444e+0,1.457e-16
465.18,4.996e+1,9.785e-21,8.162e-12,7.304e-20,9.897e-5,,,3.549e-19,3.125e-20,,3.378e-15,9.251e-2,1.473e-26,1.019e-17,2.288e-11,3.038e-17,6.877e-21,7.560e-9,,1.122e-19,4.778e-20,5.149e-27,2.499e+1,1.037e-16,1.861e-7,1.766e+0,,8.514e-14,5.538e-22,2.423e-17,2.854e-20,6.241e-29,9.557e-20,9.373e-23,3.868e+0,9.488e-17,4.283e+0,2.698e+0,2.123e-1,5.401e+0,1.953e+0,2.815e-6,2.093e+0,8.569e-19,,9.010e-1,,,6.583e-19,,5.775e-19,,8.474e-19,,4.721e-7,,1.845e-17,,1.708e+0,1.457e-16
465.2,5.018e+1,9.789e-21,6.478e-12,6.990e-20,1.243e-4,,,3.551e-19,3.114e-20,,3.377e-15,1.124e-1,1.456e-26,1.019e-17,3.329e-11,2.806e-17,6.876e-21,8.629e-9,,1.078e-19,4.779e-20,3.670e-27,2.528e+1,1.036e-16,1.866e-7,1.715e+0,,5.407e-14,5.541e-22,2.425e-17,2.854e-20,6.242e-29,9.558e-20,9.374e-23,3.912e+0,1.613e-16,4.172e+0,2.524e+0,2.071e-1,5.635e+0,1.765e+0,2.054e-6,1.878e+0,8.573e-19,,1.074e+0,,,6.578e-19,,5.774e-19,,8.474e-19,,3.433e-7,,1.844e-17,,1.902e+0,1.458e-16
465.22,5.054e+1,9.793e-21,5.123e-12,6.671e-20,1.555e-4,,,3.553e-19,3.103e-20,,3.377e-15,1.361e-1,1.440e-26,1.019e-17,4.826e-11,2.730e-17,6.876e-21,9.813e-9,,1.034e-19,4.781e-20,2.606e-27,2.560e+1,1.035e-16,1.867e-7,1.664e+0,,3.422e-14,5.544e-22,2.426e-17,2.855e-20,6.242e-29,9.559e-20,9.375e-23,3.981e+0,2.732e-16,4.054e+0,2.386e+0,2.013e-1,5.858e+0,1.591e+0,1.493e-6,1.680e+0,8.577e-19,,1.277e+0,,,6.572e-19,,5.774e-19,,8.473e-19,,2.487e-7,,1.844e-17,,2.111e+0,1.458e-16
465.25,5.137e+1,9.800e-21,3.579e-12,6.188e-20,2.163e-4,,,3.555e-19,3.086e-20,,3.377e-15,1.801e-1,1.415e-26,1.019e-17,8.369e-11,2.906e-17,6.875e-21,1.182e-8,,9.673e-20,4.783e-20,1.549e-27,2.613e+1,1.034e-16,1.857e-7,1.587e+0,,1.711e-14,5.549e-22,2.429e-17,2.856e-20,6.243e-29,9.561e-20,9.376e-23,4.131e+0,5.983e-16,3.868e+0,2.249e+0,1.917e-1,6.169e+0,1.354e+0,9.192e-7,1.411e+0,8.583e-19,,1.643e+0,,,6.564e-19,,5.773e-19,,8.473e-19,,1.524e-7,,1.843e-17,,2.451e+0,1.458e-16
465.27,5.211e+1,9.804e-21,2.805e-12,5.865e-20,2.683e-4,,,3.557e-19,3.075e-20,,3.376e-15,2.163e-1,1.398e-26,1.019e-17,1.203e-10,3.220e-17,6.874e-21,1.333e-8,,9.231e-20,4.785e-20,1.091e-27,2.651e+1,1.033e-16,1.844e-7,1.535e+0,,1.073e-14,5.552e-22,2.430e-17,2.856e-20,6.243e-29,9.563e-20,9.377e-23,4.257e+0,1.005e-15,3.739e+0,2.208e+0,1.847e-1,6.357e+0,1.213e+0,6.623e-7,1.251e+0,8.586e-19,,1.935e+0,,,6.559e-19,,5.772e-19,,8.472e-19,,1.096e-7,,1.843e-17,,2.696e+0,1.458e-16
465.3,5.349e+1,9.811e-21,1.934e-12,5.384e-20,3.683e-4,,,3.560e-19,3.059e-20,,3.376e-15,2.826e-1,1.373e-26,1.019e-17,2.058e-10,4.018e-17,6.873e-21,1.585e-8,,8.568e-20,4.787e-20,6.397e-28,2.711e+1,1.031e-16,1.814e-7,1.458e+0,,5.294e-15,5.557e-22,2.432e-17,2.857e-20,6.244e-29,9.565e-20,9.378e-23,4.483e+0,2.172e-15,3.540e+0,2.223e+0,1.735e-1,6.606e+0,1.026e+0,4.024e-7,1.037e+0,8.592e-19,,2.458e+0,,,6.551e-19,,5.771e-19,,8.471e-19,,6.654e-8,,1.842e-17,,3.089e+0,1.459e-16
465.32,5.459e+1,9.815e-21,1.502e-12,5.068e-20,4.531e-4,,,3.561e-19,3.048e-20,,3.376e-15,3.364e-1,1.357e-26,1.019e-17,2.932e-10,4.797e-17,6.872e-21,1.771e-8,,8.126e-20,4.789e-20,4.463e-28,2.752e+1,1.030e-16,1.788e-7,1.406e+0,,3.291e-15,5.560e-22,2.434e-17,2.857e-20,6.244e-29,9.566e-20,9.379e-23,4.654e+0,3.615e-15,3.406e+0,2.288e+0,1.657e-1,6.747e+0,9.173e-1,2.873e-7,9.113e-1,8.596e-19,,2.869e+0,,,6.545e-19,,5.771e-19,,8.471e-19,,4.774e-8,,1.842e-17,,3.368e+0,1.459e-16
465.35,5.653e+1,9.822e-21,1.022e-12,4.603e-20,6.140e-4,,,3.564e-19,3.031e-20,,3.375e-15,4.340e-1,1.332e-26,1.019e-17,4.953e-10,6.407e-17,6.871e-21,2.078e-8,,7.463e-20,4.791e-20,2.583e-28,2.815e+1,1.029e-16,1.740e-7,1.328e+0,,1.602e-15,5.564e-22,2.436e-17,2.858e-20,6.245e-29,9.568e-20,9.381e-23,4.939e+0,7.713e-15,3.205e+0,2.474e+0,1.536e-1,6.919e+0,7.765e-1,1.722e-7,7.455e-1,8.602e-19,,3.596e+0,,,6.537e-19,,5.770e-19,,8.470e-19,,2.935e-8,,1.841e-17,,3.809e+0,1.459e-16
465.37,5.800e+1,9.826e-21,7.868e-13,4.302e-20,7.488e-4,,,3.566e-19,3.020e-20,,3.375e-15,5.120e-1,1.316e-26,1.019e-17,6.995e-10,7.834e-17,6.870e-21,2.302e-8,,7.021e-20,4.793e-20,1.786e-28,2.856e+1,1.027e-16,1.702e-7,1.276e+0,,9.870e-16,5.567e-22,2.438e-17,2.859e-20,6.245e-29,9.570e-20,9.382e-23,5.143e+0,1.273e-14,3.072e+0,2.660e+0,1.454e-1,7.005e+0,6.974e-1,1.219e-7,6.493e-1,8.605e-19,,4.162e+0,,,6.531e-19,,5.770e-19,,8.470e-19,,2.170e-8,,1.841e-17,,4.116e+0,1.459e-16
465.4,6.048e+1,9.832e-21,5.281e-13,3.867e-20,1.002e-3,,,3.568e-19,3.004e-20,,3.375e-15,6.518e-1,1.291e-26,1.019e-17,1.166e-9,1.063e-16,6.869e-21,2.665e-8,,1.598e-19,4.795e-20,1.020e-28,2.916e+1,1.026e-16,1.637e-7,1.199e+0,,4.741e-16,5.572e-22,2.440e-17,2.859e-20,6.246e-29,9.572e-20,9.383e-23,5.469e+0,2.680e-14,2.878e+0,3.040e+0,1.331e-1,7.089e+0,5.999e-1,7.211e-8,5.242e-1,8.611e-19,,5.148e+0,,,6.523e-19,,5.769e-19,,8.469e-19,,1.504e-8,,1.841e-17,,4.594e+0,1.460e-16
465.42,6.232e+1,9.837e-21,4.030e-13,3.588e-20,1.211e-3,,,3.570e-19,2.993e-20,,3.374e-15,7.623e-1,1.274e-26,1.019e-17,1.632e-9,1.302e-16,6.869e-21,2.926e-8,,2.752e-19,4.796e-20,6.990e-29,2.953e+1,1.025e-16,1.589e-7,1.147e+0,,2.895e-16,5.575e-22,2.441e-17,2.860e-20,6.246e-29,9.573e-20,9.384e-23,5.695e+0,4.384e-14,2.753e+0,3.365e+0,1.249e-1,7.115e+0,5.486e-1,5.059e-8,4.525e-1,8.615e-19,,5.905e+0,,,6.518e-19,,5.768e-19,,8.468e-19,,1.308e-8,,1.840e-17,,4.921e+0,1.460e-16
465.45,6.536e+1,9.843e-21,2.669e-13,3.191e-20,1.600e-3,,,3.572e-19,2.976e-20,,3.374e-15,9.578e-1,1.249e-26,1.019e-17,2.686e-9,1.758e-16,6.868e-21,3.344e-8,,6.180e-19,4.799e-20,3.939e-29,3.004e+1,1.023e-16,1.511e-7,1.071e+0,,1.372e-16,5.580e-22,2.444e-17,2.861e-20,6.246e-29,9.575e-20,9.385e-23,6.043e+0,9.112e-14,2.574e+0,3.969e+0,1.127e-1,7.105e+0,4.916e-1,2.952e-8,3.605e-1,8.621e-19,,7.208e+0,,,6.510e-19,,5.767e-19,,8.468e-19,,1.330e-8,,1.840e-17,,5.420e+0,1.460e-16
465.47,6.757e+1,9.847e-21,2.019e-13,2.940e-20,1.919e-3,,,3.574e-19,2.965e-20,,3.374e-15,1.110e+0,1.233e-26,1.019e-17,3.727e-9,2.141e-16,6.867e-21,3.640e-8,,1.055e-18,4.800e-20,2.676e-29,3.034e+1,1.022e-16,1.455e-7,1.020e+0,,8.302e-17,5.583e-22,2.445e-17,2.861e-20,6.247e-29,9.577e-20,9.386e-23,6.277e+0,1.478e-13,2.462e+0,4.455e+0,1.048e-1,7.068e+0,4.666e-1,2.053e-8,3.084e-1,8.624e-19,,8.197e+0,,,6.504e-19,,5.767e-19,,8.467e-19,,1.560e-8,,1.839e-17,,5.755e+0,1.461e-16
465.5,7.116e+1,9.854e-21,1.320e-13,2.585e-20,2.503e-3,,,3.577e-19,2.949e-20,,3.373e-15,1.377e+0,1.208e-26,1.019e-17,6.052e-9,2.862e-16,6.866e-21,4.105e-8,,2.339e-18,4.803e-20,1.488e-29,3.071e+1,1.021e-16,1.368e-7,9.456e-1,,3.882e-17,5.588e-22,2.447e-17,2.862e-20,6.247e-29,9.579e-20,9.387e-23,6.628e+0,3.031e-13,2.306e+0,5.318e+0,9.342e-2,6.965e+0,4.484e-1,1.182e-8,2.425e-1,8.630e-19,,9.874e+0,,,6.496e-19,,5.766e-19,,8.466e-19,,2.297e-8,,1.839e-17,,6.255e+0,1.461e-16
465.52,7.375e+1,9.858e-21,9.894e-14,2.365e-20,2.975e-3,,,3.578e-19,2.938e-20,,3.373e-15,1.582e+0,1.191e-26,1.019e-17,8.325e-9,3.459e-16,6.865e-21,4.428e-8,,3.960e-18,4.804e-20,1.002e-29,3.089e+1,1.020e-16,1.307e-7,8.970e-1,,2.328e-17,5.591e-22,2.449e-17,2.862e-20,6.248e-29,9.580e-20,9.388e-23,6.859e+0,4.872e-13,2.211e+0,5.989e+0,8.612e-2,6.868e+0,4.492e-1,8.147e-9,2.057e-1,8.634e-19,,1.113e+1,,,6.490e-19,,5.766e-19,,8.466e-19,,3.133e-8,,1.838e-17,,6.583e+0,1.461e-16
465.55,7.792e+1,9.865e-21,6.380e-14,2.057e-20,3.832e-3,,,3.581e-19,2.921e-20,,3.372e-15,1.936e+0,1.167e-26,1.019e-17,1.334e-8,4.567e-16,6.864e-21,4.928e-8,,8.665e-18,4.807e-20,5.495e-30,3.105e+1,1.018e-16,1.213e-7,8.262e-1,,1.074e-17,5.595e-22,2.451e-17,2.863e-20,6.248e-29,9.582e-20,9.390e-23,7.194e+0,9.865e-13,2.082e+0,7.147e+0,7.572e-2,6.679e+0,4.700e-1,4.630e-9,1.597e-1,8.640e-19,,1.323e+1,,,6.482e-19,,5.765e-19,,8.465e-19,,5.145e-8,,1.838e-17,,7.061e+0,1.461e-16
465.57,8.089e+1,9.869e-21,4.741e-14,1.868e-20,4.518e-3,,,3.583e-19,2.910e-20,,3.372e-15,2.205e+0,1.150e-26,1.019e-17,1.819e-8,5.473e-16,6.863e-21,5.269e-8,,1.454e-17,4.808e-20,3.667e-30,3.108e+1,1.017e-16,1.150e-7,7.805e-1,,6.386e-18,5.598e-22,2.452e-17,2.864e-20,6.249e-29,9.584e-20,9.391e-23,7.407e+0,1.572e-12,2.006e+0,8.025e+0,6.919e-2,6.528e+0,4.972e-1,3.162e-9,1.344e-1,8.644e-19,,1.478e+1,,,6.477e-19,,5.764e-19,,8.464e-19,,7.210e-8,,1.837e-17,,7.366e+0,1.462e-16
465.59,8.402e+1,9.873e-21,3.511e-14,1.690e-20,5.309e-3,,,3.584e-19,2.899e-20,,3.372e-15,2.503e+0,1.133e-26,1.019e-17,2.472e-8,6.535e-16,6.863e-21,5.615e-8,,2.431e-17,4.810e-20,2.438e-30,3.105e+1,1.016e-16,1.087e-7,7.362e-1,,3.783e-18,5.602e-22,2.454e-17,2.864e-20,6.249e-29,9.585e-20,9.392e-23,7.609e+0,2.496e-12,1.938e+0,8.993e+0,6.299e-2,6.357e+0,5.354e-1,2.152e-9,1.127e-1,8.647e-19,,1.646e+1,,,6.471e-19,,5.764e-19,,8.464e-19,,1.011e-7,,1.837e-17,,7.657e+0,1.462e-16
465.62,8.900e+1,9.880e-21,2.222e-14,1.448e-20,6.719e-3,,,3.587e-19,2.883e-20,,3.371e-15,3.007e+0,1.109e-26,1.019e-17,3.890e-8,8.472e-16,6.862e-21,6.134e-8,,5.223e-17,4.812e-20,1.313e-30,3.086e+1,1.015e-16,9.922e-8,6.729e-1,,1.713e-18,5.606e-22,2.456e-17,2.865e-20,6.250e-29,9.587e-20,9.393e-23,7.889e+0,4.963e-12,1.851e+0,1.062e+1,5.437e-2,6.069e+0,6.144e-1,1.200e-9,8.610e-2,8.653e-19,,1.921e+1,,,6.463e-19,,5.763e-19,,8.463e-19,,1.672e-7,,1.837e-17,,8.063e+0,1.462e-16
465.64,9.252e+1,9.884e-21,1.631e-14,1.301e-20,7.830e-3,,,3.589e-19,2.872e-20,,3.371e-15,3.384e+0,1.092e-26,1.019e-17,5.239e-8,1.003e-15,6.861e-21,6.479e-8,,8.659e-17,4.814e-20,8.650e-31,3.065e+1,1.014e-16,9.300e-8,6.329e-1,,1.005e-18,5.609e-22,2.458e-17,2.865e-20,6.250e-29,9.588e-20,9.394e-23,8.057e+0,7.812e-12,1.803e+0,1.182e+1,4.907e-2,5.858e+0,6.821e-1,8.097e-10,7.176e-2,8.657e-19,,2.120e+1,,,6.458e-19,,5.762e-19,,8.463e-19,,2.330e-7,,1.836e-17,,8.308e+0,1.463e-16
465.67,9.808e+1,9.891e-21,1.019e-14,1.101e-20,9.789e-3,,,3.591e-19,2.855e-20,,3.371e-15,4.012e+0,1.067e-26,1.019e-17,8.136e-8,1.283e-15,6.860e-21,6.986e-8,,1.836e-16,4.816e-20,4.596e-31,3.019e+1,1.012e-16,8.386e-8,5.766e-1,,4.492e-19,5.614e-22,2.460e-17,2.866e-20,6.251e-29,9.591e-20,9.395e-23,8.275e+0,1.533e-11,1.746e+0,1.380e+1,4.179e-2,5.519e+0,8.077e-1,4.456e-10,5.447e-2,8.663e-19,,2.441e+1,,,6.449e-19,,5.761e-19,,8.462e-19,,3.810e-7,,1.836e-17,,8.633e+0,1.463e-16
465.69,1.020e+2,9.895e-21,7.410e-15,9.819e-21,1.131e-2,,,3.593e-19,2.844e-20,,3.370e-15,4.474e+0,1.051e-26,1.019e-17,1.086e-7,1.506e-15,6.859e-21,7.313e-8,,3.017e-16,4.818e-20,3.002e-31,2.979e+1,1.011e-16,7.796e-8,5.417e-1,,2.614e-19,5.617e-22,2.461e-17,2.867e-20,6.251e-29,9.592e-20,9.396e-23,8.396e+0,2.392e-11,1.716e+0,1.524e+1,3.738e-2,5.281e+0,9.084e-1,2.980e-10,4.534e-2,8.666e-19,,2.671e+1,,,6.444e-19,,5.761e-19,,8.461e-19,,5.267e-7,,1.835e-17,,8.818e+0,1.463e-16
465.72,1.081e+2,9.901e-21,4.566e-15,8.219e-21,1.397e-2,,,3.595e-19,2.828e-20,,3.370e-15,5.235e+0,1.026e-26,1.019e-17,1.665e-7,1.901e-15,6.858e-21,7.782e-8,,6.315e-16,4.820e-20,1.574e-31,2.907e+1,1.009e-16,6.944e-8,4.933e-1,,1.152e-19,5.622e-22,2.464e-17,2.868e-20,6.252e-29,9.594e-20,9.397e-23,8.538e+0,4.632e-11,1.685e+0,1.759e+1,3.142e-2,4.910e+0,1.087e+0,1.620e-10,3.463e-2,8.672e-19,,3.036e+1,,,6.436e-19,,5.760e-19,,8.461e-19,,8.504e-7,,1.835e-17,,9.042e+0,1.463e-16
465.74,1.123e+2,9.906e-21,3.292e-15,7.273e-21,1.602e-2,,,3.597e-19,2.817e-20,,3.370e-15,5.787e+0,1.009e-26,1.019e-17,2.203e-7,2.211e-15,6.857e-21,8.076e-8,,1.029e-15,4.822e-20,1.019e-31,2.850e+1,1.008e-16,6.401e-8,4.640e-1,,6.644e-20,5.625e-22,2.465e-17,2.868e-20,6.252e-29,9.595e-20,9.398e-23,8.605e+0,7.166e-11,1.672e+0,1.926e+1,2.786e-2,4.656e+0,1.224e+0,1.076e-10,2.918e-2,8.676e-19,,3.292e+1,,,6.430e-19,,5.760e-19,,8.460e-19,,1.165e-6,,1.834e-17,,9.154e+0,1.464e-16
465.77,1.189e+2,9.912e-21,2.002e-15,6.018e-21,1.955e-2,,,3.600e-19,2.800e-20,,3.369e-15,6.682e+0,9.844e-27,1.019e-17,3.333e-7,2.756e-15,6.856e-21,8.480e-8,,2.125e-15,4.824e-20,5.270e-32,2.754e+1,1.007e-16,5.631e-8,4.243e-1,,2.890e-20,5.629e-22,2.467e-17,2.869e-20,6.253e-29,9.597e-20,9.400e-23,8.658e+0,1.370e-10,1.662e+0,2.194e+1,2.310e-2,4.272e+0,1.461e+0,5.824e-11,2.315e-2,8.682e-19,,3.693e+1,,,6.422e-19,,5.759e-19,,8.459e-19,,1.857e-6,,1.834e-17,,9.264e+0,1.464e-16
465.79,1.234e+2,9.917e-21,1.431e-15,5.283e-21,2.223e-2,,,3.601e-19,2.789e-20,,3.369e-15,7.322e+0,9.678e-27,1.019e-17,4.373e-7,3.178e-15,6.856e-21,8.723e-8,,3.432e-15,4.826e-20,3.381e-32,2.683e+1,1.006e-16,5.148e-8,4.007e-1,,2.998e-20,5.633e-22,2.469e-17,2.869e-20,6.253e-29,9.599e-20,9.401e-23,8.663e+0,2.100e-10,1.661e+0,2.383e+1,2.030e-2,4.016e+0,1.640e+0,3.898e-11,2.037e-2,8.685e-19,,3.969e+1,,,6.417e-19,,5.758e-19,,8.459e-19,,2.523e-6,,1.833e-17,,9.297e+0,1.464e-16
465.82,1.304e+2,9.923e-21,8.586e-16,4.321e-21,2.681e-2,,,3.604e-19,2.773e-20,,3.369e-15,8.344e+0,9.430e-27,1.019e-17,6.529e-7,3.908e-15,6.855e-21,9.040e-8,,6.997e-15,4.828e-20,1.726e-32,2.569e+1,1.004e-16,4.471e-8,3.699e-1,,3.159e-20,5.637e-22,2.471e-17,2.870e-20,6.253e-29,9.601e-20,9.402e-23,8.623e+0,3.963e-10,1.667e+0,2.680e+1,1.662e-2,3.636e+0,1.941e+0,2.239e-11,1.783e-2,8.691e-19,,4.394e+1,,,6.408e-19,,5.757e-19,,8.458e-19,,3.968e-6,,1.833e-17,,9.284e+0,1.465e-16
465.84,1.350e+2,9.927e-21,6.081e-16,3.764e-21,3.025e-2,,,3.606e-19,2.762e-20,,3.368e-15,9.064e+0,9.265e-27,1.019e-17,8.491e-7,4.467e-15,6.854e-21,9.217e-8,,1.120e-14,4.829e-20,1.097e-32,2.488e+1,1.003e-16,4.054e-8,3.523e-1,,3.267e-20,5.640e-22,2.473e-17,2.871e-20,6.254e-29,9.602e-20,9.403e-23,8.563e+0,6.024e-10,1.675e+0,2.885e+1,1.448e-2,3.388e+0,2.165e+0,1.679e-11,1.715e-2,8.695e-19,,4.681e+1,,,6.403e-19,,5.757e-19,,8.458e-19,,5.343e-6,,1.833e-17,,9.235e+0,1.465e-16
465.87,1.422e+2,9.934e-21,3.601e-16,3.042e-21,3.605e-2,,,3.608e-19,2.745e-20,,3.368e-15,1.019e+1,9.016e-27,1.019e-17,1.251e-6,5.422e-15,6.853e-21,9.426e-8,,2.254e-14,4.832e-20,5.527e-33,2.363e+1,1.002e-16,3.477e-8,3.302e-1,,3.428e-20,5.645e-22,2.475e-17,2.871e-20,6.254e-29,9.604e-20,9.404e-23,8.427e+0,1.122e-9,1.689e+0,3.202e+1,1.169e-2,3.028e+0,2.535e+0,1.408e-11,1.755e-2,8.701e-19,,5.114e+1,,,6.395e-19,,5.756e-19,,8.457e-19,,8.294e-6,,1.832e-17,,9.102e+0,1.465e-16
465.89,1.469e+2,9.938e-21,2.528e-16,2.629e-21,4.037e-2,,,3.610e-19,2.734e-20,,3.367e-15,1.098e+1,8.851e-27,1.019e-17,1.613e-6,6.142e-15,6.852e-21,9.526e-8,,3.578e-14,4.833e-20,3.483e-33,2.277e+1,1.001e-16,3.125e-8,3.183e-1,,3.535e-20,5.648e-22,2.476e-17,2.872e-20,6.255e-29,9.606e-20,9.405e-23,8.306e+0,1.690e-9,1.700e+0,3.417e+1,1.010e-2,2.796e+0,2.805e+0,1.562e-11,1.876e-2,8.704e-19,,5.401e+1,,,6.389e-19,,5.756e-19,,8.456e-19,,1.107e-5,,1.832e-17,,8.974e+0,1.465e-16
465.92,1.539e+2,9.945e-21,1.477e-16,2.100e-21,4.756e-2,,,3.612e-19,2.718e-20,,3.367e-15,1.218e+1,8.602e-27,1.019e-17,2.345e-6,7.358e-15,6.851e-21,9.615e-8,,7.106e-14,4.836e-20,1.731e-33,2.148e+1,9.991e-17,2.647e-8,3.045e-1,,3.697e-20,5.653e-22,2.479e-17,2.873e-20,6.255e-29,9.608e-20,9.406e-23,8.080e+0,3.107e-9,1.716e+0,3.743e+1,8.046e-3,2.466e+0,3.244e+0,2.357e-11,2.207e-2,8.710e-19,,5.823e+1,,,6.381e-19,,5.755e-19,,8.456e-19,,1.696e-5,,1.831e-17,,8.729e+0,1.466e-16
465.94,1.586e+2,9.949e-21,1.028e-16,1.801e-21,5.285e-2,,,3.614e-19,2.707e-20,,3.367e-15,1.300e+1,8.437e-27,1.019e-17,2.997e-6,8.262e-15,6.850e-21,9.632e-8,,1.118e-13,4.837e-20,1.081e-33,2.064e+1,9.980e-17,2.359e-8,2.979e-1,,3.804e-20,5.656e-22,2.480e-17,2.873e-20,6.256e-29,9.609e-20,9.407e-23,7.901e+0,4.641e-9,1.726e+0,3.960e+1,6.886e-3,2.257e+0,3.560e+0,3.396e-11,2.535e-2,8.714e-19,,6.096e+1,,,6.376e-19,,5.754e-19,,8.455e-19,,2.244e-5,,1.831e-17,,8.531e+0,1.466e-16
465.96,1.631e+2,9.953e-21,7.125e-17,1.539e-21,5.856e-2,,,3.616e-19,2.696e-20,,3.366e-15,1.383e+1,8.271e-27,1.019e-17,3.817e-6,9.246e-15,6.850e-21,9.615e-8,,1.753e-13,4.839e-20,6.730e-34,1.981e+1,9.970e-17,2.095e-8,2.932e-1,,3.912e-20,5.659e-22,2.481e-17,2.874e-20,6.256e-29,9.611e-20,9.408e-23,7.702e+0,6.909e-9,1.734e+0,4.174e+1,5.873e-3,2.059e+0,3.893e+0,5.034e-11,2.958e-2,8.718e-19,,6.359e+1,,,6.370e-19,,5.754e-19,,8.455e-19,,2.959e-5,,1.830e-17,,8.308e+0,1.466e-16
465.99,1.695e+2,9.960e-21,4.086e-17,1.209e-21,6.791e-2,,,3.618e-19,2.679e-20,,3.366e-15,1.506e+1,8.023e-27,1.019e-17,5.450e-6,1.087e-14,6.849e-21,9.526e-8,,3.418e-13,4.841e-20,3.283e-34,1.863e+1,9.954e-17,1.743e-8,2.896e-1,,4.073e-20,5.664e-22,2.484e-17,2.874e-20,6.257e-29,9.613e-20,9.410e-23,7.368e+0,1.247e-8,1.743e+0,4.488e+1,4.595e-3,1.782e+0,4.423e+0,9.247e-11,3.792e-2,8.724e-19,,6.730e+1,,,6.362e-19,,5.753e-19,,8.454e-19,,4.451e-5,,1.830e-17,,7.932e+0,1.466e-16
466.01,1.736e+2,9.964e-21,2.808e-17,1.025e-21,7.469e-2,,,3.620e-19,2.668e-20,,3.366e-15,1.588e+1,7.857e-27,1.019e-17,6.879e-6,1.206e-14,6.848e-21,9.426e-8,,5.313e-13,4.843e-20,2.025e-34,1.789e+1,9.944e-17,1.535e-8,2.894e-1,,4.181e-20,5.667e-22,2.485e-17,2.875e-20,6.257e-29,9.614e-20,9.411e-23,7.125e+0,1.840e-8,1.745e+0,4.690e+1,3.884e-3,1.612e+0,4.795e+0,1.389e-10,4.501e-2,8.727e-19,,6.959e+1,,,6.356e-19,,5.752e-19,,8.453e-19,,5.818e-5,,1.829e-17,,7.657e+0,1.467e-16
466.04,1.793e+2,9.970e-21,1.589e-17,7.959e-22,8.568e-2,,,3.623e-19,2.652e-20,,3.365e-15,1.708e+1,7.609e-27,1.019e-17,9.693e-6,1.400e-14,6.847e-21,9.217e-8,,1.023e-12,4.845e-20,9.746e-35,1.687e+1,9.929e-17,1.261e-8,2.920e-1,,4.342e-20,5.671e-22,2.487e-17,2.876e-20,6.258e-29,9.616e-20,9.412e-23,6.734e+0,3.277e-8,1.742e+0,4.977e+1,2.998e-3,1.377e+0,5.378e+0,2.548e-10,5.834e-2,8.733e-19,,7.269e+1,,,6.348e-19,,5.752e-19,,8.453e-19,,8.638e-5,,1.829e-17,,7.215e+0,1.467e-16
466.06,1.827e+2,9.975e-21,1.082e-17,6.696e-22,9.356e-2,,,3.624e-19,2.641e-20,,3.365e-15,1.784e+1,7.443e-27,1.019e-17,1.213e-5,1.539e-14,6.846e-21,9.040e-8,,1.576e-12,4.847e-20,5.959e-35,1.627e+1,9.918e-17,1.101e-8,2.955e-1,,4.450e-20,5.674e-22,2.489e-17,2.876e-20,6.258e-29,9.618e-20,9.413e-23,6.459e+0,4.793e-8,1.735e+0,5.156e+1,2.512e-3,1.234e+0,5.779e+0,3.805e-10,6.930e-2,8.737e-19,,7.450e+1,,,6.343e-19,,5.751e-19,,8.452e-19,,1.119e-4,,1.829e-17,,6.904e+0,1.467e-16
466.09,1.873e+2,9.981e-21,6.043e-18,5.137e-22,1.062e-1,,,3.627e-19,2.624e-20,,3.365e-15,1.894e+1,7.195e-27,1.019e-17,1.687e-5,1.763e-14,6.845e-21,8.723e-8,,2.994e-12,4.849e-20,2.830e-35,1.550e+1,9.903e-17,8.936e-9,3.032e-1,,4.611e-20,5.679e-22,2.491e-17,2.877e-20,6.259e-29,9.620e-20,9.414e-23,6.031e+0,8.426e-8,1.717e+0,5.399e+1,1.914e-3,1.040e+0,6.397e+0,6.898e-10,8.941e-2,8.743e-19,,7.680e+1,,,6.335e-19,,5.750e-19,,8.451e-19,,1.640e-4,,1.828e-17,,6.420e+0,1.468e-16
466.11,1.900e+2,9.986e-21,4.080e-18,4.288e-22,1.151e-1,,,3.628e-19,2.613e-20,,3.364e-15,1.961e+1,7.029e-27,1.019e-17,2.093e-5,1.922e-14,6.844e-21,8.480e-8,,4.572e-12,4.851e-20,1.715e-35,1.507e+1,9.892e-17,7.742e-9,3.097e-1,,4.719e-20,5.682e-22,2.493e-17,2.877e-20,6.259e-29,9.621e-20,9.415e-23,5.737e+0,1.222e-7,1.699e+0,5.544e+1,1.590e-3,9.239e-1,6.814e+0,1.021e-9,1.056e-1,8.746e-19,,7.803e+1,,,6.329e-19,,5.750e-19,,8.451e-19,,2.106e-4,,1.828e-17,,6.089e+0,1.468e-16
466.14,1.932e+2,9.992e-21,2.248e-18,3.252e-22,1.293e-1,,,3.631e-19,2.597e-20,,3.364e-15,2.054e+1,6.781e-27,1.019e-17,2.872e-5,2.172e-14,6.843e-21,8.076e-8,,8.574e-12,4.853e-20,8.036e-36,1.459e+1,9.877e-17,6.208e-9,3.213e-1,,4.880e-20,5.687e-22,2.495e-17,2.878e-20,6.259e-29,9.623e-20,9.416e-23,5.292e+0,2.120e-7,1.665e+0,5.730e+1,1.195e-3,7.686e-1,7.444e+0,1.828e-9,1.349e-1,8.752e-19,,7.938e+1,,,6.321e-19,,5.749e-19,,8.450e-19,,3.046e-4,,1.827e-17,,5.587e+0,1.468e-16
466.16,1.948e+2,9.996e-21,1.504e-18,2.694e-22,1.393e-1,,,3.633e-19,2.586e-20,,3.364e-15,2.109e+1,6.615e-27,1.019e-17,3.532e-5,2.347e-14,6.843e-21,7.782e-8,,1.298e-11,4.855e-20,4.826e-36,1.438e+1,9.867e-17,5.340e-9,3.300e-1,,4.988e-20,5.690e-22,2.496e-17,2.879e-20,6.260e-29,9.625e-20,9.417e-23,4.993e+0,3.048e-7,1.637e+0,5.832e+1,9.837e-4,6.768e-1,7.861e+0,2.683e-9,1.581e-1,8.756e-19,,7.994e+1,,,6.315e-19,,5.748e-19,,8.450e-19,,3.878e-4,,1.827e-17,,5.253e+0,1.468e-16
466.19,1.964e+2,1.000e-20,8.177e-19,2.021e-22,1.548e-1,,,3.635e-19,2.569e-20,,3.363e-15,2.180e+1,6.367e-27,1.019e-17,4.784e-5,2.618e-14,6.842e-21,7.313e-8,,2.403e-11,4.857e-20,2.232e-36,1.422e+1,9.851e-17,4.240e-9,3.443e-1,,5.149e-20,5.695e-22,2.499e-17,2.879e-20,6.260e-29,9.627e-20,9.419e-23,4.550e+0,5.219e-7,1.586e+0,5.948e+1,7.298e-4,5.556e-1,8.474e+0,4.740e-9,1.995e-1,8.762e-19,,8.026e+1,,,6.307e-19,,5.747e-19,,8.449e-19,,5.535e-4,,1.826e-17,,4.757e+0,1.469e-16
466.21,1.969e+2,1.001e-20,5.423e-19,1.663e-22,1.656e-1,,,3.637e-19,2.558e-20,,3.363e-15,2.219e+1,6.202e-27,1.019e-17,5.831e-5,2.804e-14,6.841e-21,6.986e-8,,3.606e-11,4.859e-20,1.328e-36,1.423e+1,9.841e-17,3.628e-9,3.546e-1,,5.257e-20,5.698e-22,2.500e-17,2.880e-20,6.261e-29,9.628e-20,9.420e-23,4.260e+0,7.438e-7,1.548e+0,6.001e+1,5.955e-4,4.849e-1,8.871e+0,6.896e-9,2.319e-1,8.765e-19,,8.012e+1,,,6.302e-19,,5.747e-19,,8.448e-19,,6.986e-4,,1.826e-17,,4.433e+0,1.469e-16
466.24,1.968e+2,1.001e-20,2.909e-19,1.235e-22,1.823e-1,,,3.639e-19,2.542e-20,,3.362e-15,2.263e+1,5.953e-27,1.019e-17,7.796e-5,3.087e-14,6.840e-21,6.479e-8,,6.588e-11,4.861e-20,6.061e-37,1.441e+1,9.825e-17,2.866e-9,3.706e-1,,5.418e-20,5.702e-22,2.502e-17,2.881e-20,6.261e-29,9.630e-20,9.421e-23,3.837e+0,1.257e-6,1.484e+0,6.040e+1,4.360e-4,3.928e-1,9.438e+0,1.202e-8,2.889e-1,8.771e-19,,7.938e+1,,,6.294e-19,,5.746e-19,,8.448e-19,,9.841e-4,,1.825e-17,,3.962e+0,1.469e-16
466.26,1.961e+2,1.002e-20,1.912e-19,1.010e-22,1.938e-1,,,3.641e-19,2.531e-20,,3.362e-15,2.283e+1,5.788e-27,1.019e-17,9.419e-5,3.277e-14,6.839e-21,6.134e-8,,9.803e-11,4.863e-20,3.576e-37,1.463e+1,9.815e-17,2.451e-9,3.817e-1,,5.526e-20,5.705e-22,2.504e-17,2.881e-20,6.262e-29,9.631e-20,9.422e-23,3.565e+0,1.776e-6,1.437e+0,6.040e+1,3.526e-4,3.399e-1,9.793e+0,1.734e-8,3.329e-1,8.775e-19,,7.855e+1,,,6.288e-19,,5.746e-19,,8.447e-19,,1.231e-3,,1.825e-17,,3.659e+0,1.470e-16
466.29,1.943e+2,1.002e-20,1.012e-19,7.446e-23,2.113e-1,,,3.644e-19,2.514e-20,,3.362e-15,2.298e+1,5.539e-27,1.019e-17,1.243e-4,3.561e-14,6.838e-21,5.615e-8,,1.768e-10,4.865e-20,1.610e-37,1.513e+1,9.799e-17,1.947e-9,3.985e-1,,5.687e-20,5.710e-22,2.506e-17,2.882e-20,6.262e-29,9.634e-20,9.423e-23,3.177e+0,2.963e-6,1.361e+0,6.001e+1,2.547e-4,2.717e-1,1.028e+1,2.985e-8,4.093e-1,8.781e-19,,7.680e+1,,,6.280e-19,,5.745e-19,,8.446e-19,,1.712e-3,,1.824e-17,,3.227e+0,1.470e-16
466.31,1.925e+2,1.003e-20,6.596e-20,6.066e-23,2.231e-1,,,3.645e-19,2.503e-20,,3.361e-15,2.298e+1,5.374e-27,1.019e-17,1.489e-4,3.747e-14,6.837e-21,5.269e-8,,2.607e-10,4.866e-20,9.413e-38,1.556e+1,9.789e-17,1.681e-9,4.097e-1,,5.795e-20,5.713e-22,2.508e-17,2.882e-20,6.263e-29,9.635e-20,9.424e-23,2.933e+0,4.149e-6,1.308e+0,5.948e+1,2.042e-4,2.330e-1,1.058e+1,4.268e-8,4.676e-1,8.785e-19,,7.533e+1,,,6.274e-19,,5.744e-19,,8.446e-19,,2.123e-3,,1.824e-17,,2.955e+0,1.470e-16
466.33,1.902e+2,1.003e-20,4.282e-20,4.937e-23,2.351e-1,,,3.647e-19,2.492e-20,,3.361e-15,2.290e+1,5.208e-27,1.019e-17,1.777e-4,3.929e-14,6.837e-21,4.928e-8,,3.832e-10,4.868e-20,5.485e-38,1.606e+1,9.779e-17,1.465e-9,4.208e-1,,5.902e-20,5.716e-22,2.509e-17,2.883e-20,6.263e-29,9.636e-20,9.425e-23,2.702e+0,5.790e-6,1.254e+0,5.875e+1,1.631e-4,1.992e-1,1.084e+1,6.081e-8,5.324e-1,8.788e-19,,7.362e+1,,,6.269e-19,,5.744e-19,,8.445e-19,,2.624e-3,,1.824e-17,,2.696e+0,1.470e-16
466.36,1.861e+2,1.004e-20,2.225e-20,3.624e-23,2.530e-1,,,3.650e-19,2.476e-20,,3.361e-15,2.263e+1,4.960e-27,1.019e-17,2.302e-4,4.191e-14,6.836e-21,4.428e-8,,6.785e-10,4.870e-20,2.423e-38,1.694e+1,9.763e-17,1.221e-9,4.372e-1,,6.064e-20,5.721e-22,2.511e-17,2.884e-20,6.264e-29,9.638e-20,9.426e-23,2.383e+0,9.484e-6,1.169e+0,5.730e+1,1.157e-4,1.563e-1,1.117e+1,1.027e-7,6.426e-1,8.794e-19,,7.067e+1,,,6.261e-19,,5.743e-19,,8.445e-19,,3.581e-3,,1.823e-17,,2.334e+0,1.471e-16
466.38,1.829e+2,1.004e-20,1.432e-20,2.953e-23,2.648e-1,,,3.651e-19,2.465e-20,,3.360e-15,2.235e+1,4.794e-27,1.019e-17,2.723e-4,4.356e-14,6.835e-21,4.105e-8,,9.886e-10,4.872e-20,1.399e-38,1.760e+1,9.753e-17,1.107e-9,4.478e-1,,6.171e-20,5.724e-22,2.513e-17,2.884e-20,6.264e-29,9.640e-20,9.427e-23,2.189e+0,1.312e-5,1.113e+0,5.610e+1,9.159e-5,1.324e-1,1.135e+1,1.451e-7,7.253e-1,8.798e-19,,6.847e+1,,,6.255e-19,,5.742e-19,,8.444e-19,,4.388e-3,,1.823e-17,,2.111e+0,1.471e-16
466.41,1.774e+2,1.005e-20,7.340e-21,2.181e-23,2.824e-1,,,3.654e-19,2.448e-20,,3.360e-15,2.180e+1,4.546e-27,1.019e-17,3.482e-4,4.586e-14,6.834e-21,3.640e-8,,1.728e-9,4.874e-20,1.698e-38,1.867e+1,9.737e-17,9.992e-10,4.631e-1,,6.332e-20,5.729e-22,2.515e-17,2.885e-20,6.265e-29,9.642e-20,9.429e-23,1.928e+0,2.121e-5,1.027e+0,5.399e+1,6.410e-5,1.026e-1,1.155e+1,2.420e-7,8.639e-1,8.804e-19,,6.486e+1,,,6.247e-19,,5.742e-19,,8.443e-19,,5.911e-3,,1.822e-17,,1.804e+0,1.471e-16
466.43,1.733e+2,1.005e-20,4.681e-21,1.791e-23,2.938e-1,,,3.656e-19,2.437e-20,,3.360e-15,2.134e+1,4.380e-27,1.019e-17,4.083e-4,4.725e-14,6.833e-21,3.344e-8,,2.495e-9,4.876e-20,1.897e-38,1.944e+1,9.727e-17,9.662e-10,4.727e-1,,6.440e-20,5.732e-22,2.516e-17,2.885e-20,6.265e-29,9.643e-20,9.430e-23,1.776e+0,2.909e-5,9.713e-1,5.240e+1,5.030e-5,8.625e-2,1.163e+1,3.389e-7,9.666e-1,8.807e-19,,6.229e+1,,,6.242e-19,,5.741e-19,,8.443e-19,,7.179e-3,,1.822e-17,,1.617e+0,1.471e-16
466.46,1.667e+2,1.006e-20,2.368e-21,1.347e-23,3.105e-1,,,3.658e-19,2.421e-20,,3.359e-15,2.054e+1,4.132e-27,1.019e-17,5.152e-4,4.909e-14,6.832e-21,2.926e-8,,4.304e-9,4.878e-20,2.196e-38,2.063e+1,9.712e-17,9.697e-10,4.862e-1,,6.601e-20,5.736e-22,2.519e-17,2.886e-20,6.265e-29,9.645e-20,9.431e-23,1.579e+0,4.642e-5,8.890e-1,4.977e+1,3.474e-5,6.607e-2,1.168e+1,5.579e-7,1.136e+0,8.813e-19,,5.823e+1,,,6.233e-19,,5.740e-19,,8.442e-19,,9.545e-3,,1.821e-17,,1.363e+0,1.472e-16
466.48,1.620e+2,1.007e-20,1.497e-21,1.124e-23,3.211e-1,,,3.660e-19,2.410e-20,,3.359e-15,1.994e+1,3.966e-27,1.019e-17,5.990e-4,5.014e-14,6.831e-21,2.665e-8,,6.163e-9,4.880e-20,2.395e-38,2.144e+1,9.701e-17,1.005e-9,4.946e-1,,6.709e-20,5.740e-22,2.520e-17,2.887e-20,6.266e-29,9.647e-20,9.432e-23,1.471e+0,6.310e-5,8.360e-1,4.788e+1,2.702e-5,5.513e-2,1.165e+1,7.744e-7,1.260e+0,8.817e-19,,5.543e+1,,,6.228e-19,,5.740e-19,,8.442e-19,,1.149e-2,,1.821e-17,,1.211e+0,1.472e-16
466.51,1.546e+2,1.007e-20,7.473e-22,8.727e-24,3.363e-1,,,3.662e-19,2.393e-20,,3.359e-15,1.894e+1,3.718e-27,1.019e-17,7.460e-4,5.141e-14,6.830e-21,2.302e-8,,1.049e-8,4.882e-20,2.693e-38,2.266e+1,9.686e-17,1.106e-9,5.059e-1,,6.870e-20,5.744e-22,2.522e-17,2.887e-20,6.266e-29,9.649e-20,9.433e-23,1.343e+0,9.938e-5,7.602e-1,4.488e+1,1.842e-5,4.188e-2,1.155e+1,1.258e-6,1.462e+0,8.823e-19,,5.114e+1,,,6.220e-19,,5.739e-19,,8.441e-19,,1.508e-2,,1.820e-17,,1.008e+0,1.472e-16
466.53,1.496e+2,1.008e-20,4.682e-22,7.477e-24,3.457e-1,,,3.664e-19,2.382e-20,,3.358e-15,1.822e+1,3.552e-27,1.019e-17,8.597e-4,5.205e-14,6.830e-21,2.078e-8,,1.489e-8,4.884e-20,2.892e-38,2.346e+1,9.675e-17,1.205e-9,5.126e-1,,6.978e-20,5.747e-22,2.524e-17,2.888e-20,6.267e-29,9.650e-20,9.434e-23,1.282e+0,1.339e-4,7.124e-1,4.280e+1,1.420e-5,3.483e-2,1.143e+1,1.731e-6,1.607e+0,8.826e-19,,4.825e+1,,,6.214e-19,,5.738e-19,,8.440e-19,,1.800e-2,,1.820e-17,,8.877e-1,1.473e-16
466.56,1.418e+2,1.008e-20,2.306e-22,6.072e-24,3.588e-1,,,3.667e-19,2.365e-20,,3.358e-15,1.708e+1,3.304e-27,1.019e-17,1.057e-3,5.267e-14,6.829e-21,1.771e-8,,2.503e-8,4.886e-20,3.191e-38,2.461e+1,9.660e-17,1.399e-9,5.214e-1,,7.139e-20,5.752e-22,2.526e-17,2.889e-20,6.267e-29,9.652e-20,9.435e-23,1.228e+0,2.082e-4,6.457e-1,3.959e+1,9.549e-6,2.649e-2,1.117e+1,2.776e-6,1.841e+0,8.832e-19,,4.394e+1,,,6.206e-19,,5.738e-19,,8.439e-19,,2.331e-2,,1.819e-17,,7.289e-1,1.473e-16
466.58,1.365e+2,1.009e-20,1.432e-22,5.372e-24,3.667e-1,,,3.668e-19,2.354e-20,,3.358e-15,1.628e+1,3.139e-27,1.019e-17,1.207e-3,5.286e-14,6.828e-21,1.585e-8,,3.522e-8,4.888e-20,3.390e-38,2.534e+1,9.650e-17,1.560e-9,5.263e-1,,7.247e-20,5.755e-22,2.528e-17,2.889e-20,6.268e-29,9.654e-20,9.436e-23,1.218e+0,2.781e-4,6.047e-1,3.743e+1,7.298e-6,2.220e-2,1.096e+1,3.787e-6,2.006e+0,8.836e-19,,4.109e+1,,,6.201e-19,,5.737e-19,,8.439e-19,,2.757e-2,,1.819e-17,,6.364e-1,1.473e-16
466.61,1.286e+2,1.009e-20,6.962e-23,4.580e-24,3.771e-1,,,3.671e-19,2.338e-20,,3.357e-15,1.506e+1,2.890e-27,1.018e-17,1.464e-3,5.279e-14,6.827e-21,1.333e-8,,5.840e-8,4.890e-20,3.689e-38,2.634e+1,9.634e-17,1.849e-9,5.322e-1,,7.408e-20,5.760e-22,2.530e-17,2.890e-20,6.268e-29,9.656e-20,9.438e-23,1.242e+0,4.267e-4,5.489e-1,3.417e+1,4.843e-6,1.736e-2,1.058e+1,5.994e-6,2.267e+0,8.842e-19,,3.693e+1,,,6.192e-19,,5.736e-19,,8.438e-19,,3.525e-2,,1.819e-17,,5.157e-1,1.473e-16
466.63,1.234e+2,1.010e-20,4.285e-23,4.181e-24,3.830e-1,,,3.673e-19,2.327e-20,,3.357e-15,1.424e+1,2.725e-27,1.018e-17,1.658e-3,5.251e-14,6.826e-21,1.182e-8,,8.147e-8,4.892e-20,3.888e-38,2.693e+1,9.624e-17,2.074e-9,5.350e-1,,7.516e-20,5.763e-22,2.531e-17,2.890e-20,6.269e-29,9.657e-20,9.439e-23,1.285e+0,5.651e-4,5.155e-1,3.201e+1,3.669e-6,1.507e-2,1.028e+1,8.105e-6,2.449e+0,8.845e-19,,3.423e+1,,,6.187e-19,,5.736e-19,,8.438e-19,,4.134e-2,,1.818e-17,,4.463e-1,1.474e-16
466.66,1.156e+2,1.010e-20,2.055e-23,3.717e-24,3.903e-1,,,3.675e-19,2.310e-20,,3.356e-15,1.300e+1,2.476e-27,1.018e-17,1.985e-3,5.175e-14,6.825e-21,9.813e-9,,1.334e-7,4.894e-20,4.186e-38,2.770e+1,9.608e-17,2.463e-9,5.378e-1,,7.677e-20,5.768e-22,2.534e-17,2.891e-20,6.269e-29,9.659e-20,9.440e-23,1.394e+0,8.557e-4,4.713e-1,2.884e+1,2.403e-6,1.286e-2,9.793e+0,1.266e-5,2.731e+0,8.851e-19,,3.036e+1,,,6.179e-19,,5.735e-19,,8.437e-19,,5.215e-2,,1.818e-17,,3.569e-1,1.474e-16
466.68,1.106e+2,1.011e-20,1.254e-23,3.475e-24,3.940e-1,,,3.677e-19,2.299e-20,,3.356e-15,1.218e+1,2.311e-27,1.018e-17,2.229e-3,5.103e-14,6.824e-21,8.629e-9,,1.844e-7,4.896e-20,4.385e-38,2.812e+1,9.598e-17,2.757e-9,5.385e-1,,7.785e-20,5.771e-22,2.535e-17,2.892e-20,6.270e-29,9.661e-20,9.441e-23,1.496e+0,1.123e-3,4.457e-1,2.679e+1,1.804e-6,1.213e-2,9.438e+0,1.697e-5,2.925e+0,8.855e-19,,2.790e+1,,,6.173e-19,,5.734e-19,,8.436e-19,,6.063e-2,,1.817e-17,,3.061e-1,1.474e-16
466.71,1.033e+2,1.012e-20,5.933e-24,3.180e-24,3.978e-1,,,3.679e-19,2.283e-20,,3.356e-15,1.098e+1,2.062e-27,1.018e-17,2.633e-3,4.964e-14,6.823e-21,7.068e-9,,2.980e-7,4.898e-20,4.684e-38,2.860e+1,9.583e-17,3.251e-9,5.379e-1,,7.946e-20,5.775e-22,2.537e-17,2.892e-20,6.270e-29,9.663e-20,9.442e-23,1.698e+0,1.679e-3,4.131e-1,2.382e+1,1.166e-6,1.213e-2,8.871e+0,2.617e-5,3.219e+0,8.861e-19,,2.441e+1,,,6.165e-19,,5.733e-19,,8.436e-19,,7.550e-2,,1.817e-17,,2.416e-1,1.475e-16
466.73,9.857e+1,1.012e-20,3.587e-24,3.017e-24,3.991e-1,,,3.681e-19,2.272e-20,,3.355e-15,1.019e+1,1.897e-27,1.018e-17,2.930e-3,4.852e-14,6.823e-21,6.160e-9,,4.085e-7,4.899e-20,4.883e-38,2.881e+1,9.572e-17,3.618e-9,5.364e-1,,8.054e-20,5.778e-22,2.539e-17,2.893e-20,6.271e-29,9.664e-20,9.443e-23,1.865e+0,2.185e-3,3.950e-1,2.193e+1,8.677e-7,1.285e-2,8.474e+0,3.477e-5,3.417e+0,8.865e-19,,2.224e+1,,,6.160e-19,,5.733e-19,,8.435e-19,,8.701e-2,,1.816e-17,,2.054e-1,1.475e-16
466.75,9.402e+1,1.012e-20,2.161e-24,2.873e-24,3.993e-1,,,3.683e-19,2.261e-20,,3.355e-15,9.434e+0,1.731e-27,1.018e-17,3.250e-3,4.726e-14,6.822e-21,5.350e-9,,5.580e-7,4.901e-20,5.082e-38,2.893e+1,9.562e-17,4.013e-9,5.339e-1,,8.161e-20,5.781e-22,2.540e-17,2.893e-20,6.271e-29,9.666e-20,9.444e-23,2.059e+0,2.834e-3,3.798e-1,2.012e+1,6.435e-7,1.419e-2,8.067e+0,4.605e-5,3.614e+0,8.868e-19,,2.019e+1,,,6.154e-19,,5.732e-19,,8.435e-19,,9.992e-2,,1.816e-17,,1.740e-1,1.475e-16
466.78,8.752e+1,1.013e-20,1.004e-24,2.682e-24,3.978e-1,,,3.685e-19,2.244e-20,,3.355e-15,8.344e+0,1.483e-27,1.018e-17,3.770e-3,4.513e-14,6.821e-21,4.302e-9,,8.852e-7,4.903e-20,5.381e-38,2.895e+1,9.546e-17,4.662e-9,5.285e-1,,8.323e-20,5.786e-22,2.543e-17,2.894e-20,6.271e-29,9.668e-20,9.445e-23,2.404e+0,4.159e-3,3.618e-1,1.756e+1,4.082e-7,1.745e-2,7.444e+0,6.971e-5,3.906e+0,8.874e-19,,1.734e+1,,,6.146e-19,,5.732e-19,,8.434e-19,,1.222e-1,,1.815e-17,,1.348e-1,1.475e-16
466.8,8.342e+1,1.013e-20,5.996e-25,2.566e-24,3.954e-1,,,3.687e-19,2.233e-20,,3.354e-15,7.655e+0,1.317e-27,1.018e-17,4.144e-3,4.358e-14,6.820e-21,3.703e-9,,1.199e-6,4.905e-20,5.580e-38,2.885e+1,9.536e-17,5.131e-9,5.237e-1,,8.430e-20,5.789e-22,2.544e-17,2.895e-20,6.272e-29,9.669e-20,9.446e-23,2.670e+0,5.347e-3,3.529e-1,1.597e+1,3.001e-7,2.058e-2,7.024e+0,9.151e-5,4.095e+0,8.878e-19,,1.561e+1,,,6.141e-19,,5.731e-19,,8.433e-19,,1.391e-1,,1.815e-17,,1.132e-1,1.476e-16
466.83,7.764e+1,1.014e-20,2.748e-25,2.406e-24,3.900e-1,,,3.690e-19,2.217e-20,,3.354e-15,6.682e+0,1.069e-27,1.018e-17,4.744e-3,4.108e-14,6.819e-21,2.939e-9,,1.877e-6,4.907e-20,5.878e-38,2.853e+1,9.521e-17,5.887e-9,5.147e-1,,8.592e-20,5.794e-22,2.546e-17,2.895e-20,6.272e-29,9.671e-20,9.448e-23,3.128e+0,7.744e-3,3.435e-1,1.375e+1,1.878e-7,2.695e-2,6.396e+0,1.367e-4,4.368e+0,8.884e-19,,1.323e+1,,,6.132e-19,,5.730e-19,,8.433e-19,,1.678e-1,,1.814e-17,,8.658e-2,1.476e-16
466.85,7.403e+1,1.015e-20,1.627e-25,2.306e-24,3.852e-1,,,3.691e-19,2.206e-20,,3.354e-15,6.076e+0,9.034e-28,1.018e-17,5.169e-3,3.932e-14,6.818e-21,2.508e-9,,2.520e-6,4.909e-20,6.077e-38,2.822e+1,9.510e-17,6.424e-9,5.076e-1,,8.699e-20,5.797e-22,2.548e-17,2.896e-20,6.273e-29,9.672e-20,9.449e-23,3.471e+0,9.870e-3,3.397e-1,1.240e+1,1.369e-7,3.252e-2,5.983e+0,1.779e-4,4.540e+0,8.887e-19,,1.180e+1,,,6.127e-19,,5.730e-19,,8.432e-19,,1.894e-1,,1.814e-17,,7.207e-2,1.476e-16
466.88,6.900e+1,1.015e-20,7.357e-26,2.164e-24,3.761e-1,,,3.694e-19,2.189e-20,,3.353e-15,5.235e+0,6.550e-28,1.018e-17,5.841e-3,3.659e-14,6.817e-21,1.964e-9,,3.894e-6,4.911e-20,6.376e-38,2.760e+1,9.495e-17,7.277e-9,4.953e-1,,8.861e-20,5.802e-22,2.550e-17,2.897e-20,6.273e-29,9.675e-20,9.450e-23,4.047e+0,1.411e-2,3.370e-1,1.054e+1,8.455e-8,4.329e-2,5.377e+0,2.624e-4,4.779e+0,8.893e-19,,9.874e+0,,,6.119e-19,,5.729e-19,,8.431e-19,,2.256e-1,,1.814e-17,,5.438e-2,1.477e-16
466.9,6.590e+1,1.016e-20,4.316e-26,2.074e-24,3.689e-1,,,3.696e-19,2.178e-20,,3.353e-15,4.718e+0,4.895e-28,1.018e-17,6.309e-3,3.472e-14,6.817e-21,1.661e-9,,5.183e-6,4.913e-20,6.575e-38,2.709e+1,9.484e-17,7.873e-9,4.859e-1,,8.968e-20,5.805e-22,2.551e-17,2.897e-20,6.274e-29,9.676e-20,9.451e-23,4.470e+0,1.782e-2,3.369e-1,9.417e+0,6.106e-8,5.238e-2,4.985e+0,3.385e-4,4.924e+0,8.897e-19,,8.729e+0,,,6.113e-19,,5.728e-19,,8.431e-19,,2.524e-1,,1.813e-17,,4.487e-2,1.477e-16
466.93,6.163e+1,1.016e-20,1.926e-26,1.946e-24,3.564e-1,,,3.698e-19,2.162e-20,,3.353e-15,4.012e+0,2.411e-28,1.018e-17,7.036e-3,3.190e-14,6.816e-21,1.284e-9,,7.906e-6,4.915e-20,6.874e-38,2.621e+1,9.469e-17,8.803e-9,4.704e-1,,9.130e-20,5.809e-22,2.554e-17,2.898e-20,6.274e-29,9.678e-20,9.452e-23,5.164e+0,2.515e-2,3.387e-1,7.901e+0,3.722e-8,6.952e-2,4.421e+0,4.928e-4,5.115e+0,8.903e-19,,7.208e+0,,,6.105e-19,,5.728e-19,,8.430e-19,,2.968e-1,,1.813e-17,,3.341e-2,1.477e-16
466.95,5.903e+1,1.017e-20,1.120e-26,1.865e-24,3.472e-1,,,3.700e-19,2.151e-20,,3.352e-15,3.584e+0,7.556e-29,1.018e-17,7.534e-3,3.002e-14,6.815e-21,1.076e-9,,1.043e-5,4.917e-20,7.073e-38,2.555e+1,9.459e-17,9.441e-9,4.591e-1,,9.237e-20,5.813e-22,2.555e-17,2.899e-20,6.275e-29,9.679e-20,9.453e-23,5.666e+0,3.150e-2,3.410e-1,6.998e+0,2.665e-8,8.371e-2,4.063e+0,6.302e-4,5.224e+0,8.906e-19,,6.317e+0,,,6.100e-19,,5.727e-19,,8.430e-19,,3.292e-1,,1.812e-17,,2.732e-2,1.477e-16
466.98,5.550e+1,1.017e-20,4.933e-27,1.751e-24,3.319e-1,,,3.702e-19,2.134e-20,,3.352e-15,3.007e+0,2.796e-28,1.018e-17,8.292e-3,2.725e-14,6.814e-21,8.207e-10,,1.570e-5,4.919e-20,7.371e-38,2.448e+1,9.443e-17,1.042e-8,4.408e-1,,9.398e-20,5.817e-22,2.557e-17,2.899e-20,6.275e-29,9.681e-20,9.454e-23,6.473e+0,4.386e-2,3.453e-1,5.794e+0,1.603e-8,1.100e-1,3.557e+0,9.054e-4,5.356e+0,8.912e-19,,5.148e+0,,,6.091e-19,,5.726e-19,,8.429e-19,,3.821e-1,,1.812e-17,,2.008e-2,1.478e-16
467,5.338e+1,1.018e-20,2.843e-27,1.679e-24,3.210e-1,,,3.704e-19,2.123e-20,,3.352e-15,2.663e+0,4.808e-28,1.018e-17,8.801e-3,2.544e-14,6.813e-21,6.821e-10,,2.054e-5,4.921e-20,7.570e-38,2.372e+1,9.433e-17,1.108e-8,4.278e-1,,9.506e-20,5.820e-22,2.559e-17,2.900e-20,6.276e-29,9.683e-20,9.455e-23,7.047e+0,5.446e-2,3.485e-1,5.086e+0,1.137e-8,1.315e-1,3.240e+0,1.148e-3,5.422e+0,8.916e-19,,4.471e+0,,,6.086e-19,,5.726e-19,,8.428e-19,,4.201e-1,,1.811e-17,,1.628e-2,1.478e-16
467.03,5.054e+1,1.018e-20,2.816e-27,1.580e-24,3.035e-1,,,3.707e-19,2.107e-20,,3.351e-15,2.205e+0,1.077e-27,1.018e-17,9.561e-3,2.284e-14,6.812e-21,5.134e-10,,3.052e-5,4.923e-20,7.869e-38,2.252e+1,9.417e-17,1.206e-8,4.073e-1,,9.667e-20,5.825e-22,2.561e-17,2.901e-20,6.276e-29,9.685e-20,9.457e-23,7.955e+0,7.485e-2,3.534e-1,4.156e+0,6.752e-9,1.709e-1,2.799e+0,1.628e-3,5.487e+0,8.922e-19,,3.596e+0,,,6.078e-19,,5.725e-19,,8.428e-19,,4.813e-1,,1.811e-17,,1.180e-2,1.478e-16
467.05,4.886e+1,1.019e-20,2.797e-27,1.519e-24,2.914e-1,,,3.708e-19,2.096e-20,,3.351e-15,1.936e+0,1.836e-27,1.018e-17,1.006e-2,2.118e-14,6.811e-21,4.229e-10,,3.957e-5,4.925e-20,8.068e-38,2.171e+1,9.407e-17,1.272e-8,3.930e-1,,9.775e-20,5.828e-22,2.563e-17,2.901e-20,6.277e-29,9.686e-20,9.458e-23,8.588e+0,9.213e-2,3.563e-1,3.617e+0,4.748e-9,2.026e-1,2.528e+0,2.045e-3,5.506e+0,8.926e-19,,3.096e+0,,,6.072e-19,,5.724e-19,,8.427e-19,,5.247e-1,,1.810e-17,,9.486e-3,1.478e-16
467.08,4.665e+1,1.019e-20,2.770e-27,1.435e-24,2.725e-1,,,3.711e-19,2.079e-20,,3.350e-15,1.582e+0,4.061e-27,1.018e-17,1.078e-2,1.884e-14,6.810e-21,3.141e-10,,5.803e-5,4.927e-20,8.367e-38,2.047e+1,9.391e-17,1.367e-8,3.709e-1,,9.936e-20,5.833e-22,2.565e-17,2.902e-20,6.277e-29,9.688e-20,9.459e-23,9.572e+0,1.250e-1,3.601e-1,2.917e+0,2.782e-9,2.599e-1,2.155e+0,2.863e-3,5.499e+0,8.931e-19,,2.458e+0,,,6.064e-19,,5.724e-19,,8.426e-19,,5.935e-1,,1.810e-17,,6.788e-3,1.479e-16
467.1,4.538e+1,1.020e-20,2.752e-27,1.384e-24,2.596e-1,,,3.713e-19,2.068e-20,,3.350e-15,1.377e+0,6.864e-27,1.018e-17,1.125e-2,1.739e-14,6.810e-21,2.565e-10,,7.459e-5,4.929e-20,8.566e-38,1.965e+1,9.381e-17,1.428e-8,3.557e-1,,1.004e-19,5.836e-22,2.566e-17,2.902e-20,6.277e-29,9.690e-20,9.460e-23,1.025e+1,1.525e-1,3.618e-1,2.516e+0,1.939e-9,3.056e-1,1.929e+0,3.566e-3,5.470e+0,8.935e-19,,2.097e+0,,,6.059e-19,,5.723e-19,,8.426e-19,,6.415e-1,,1.810e-17,,5.407e-3,1.479e-16
467.12,4.426e+1,1.020e-20,2.734e-27,1.337e-24,2.466e-1,,,3.714e-19,2.057e-20,,3.350e-15,1.194e+0,1.156e-26,1.018e-17,1.169e-2,1.604e-14,6.809e-21,2.087e-10,,9.553e-5,4.930e-20,8.765e-38,1.884e+1,9.371e-17,1.487e-8,3.404e-1,,1.015e-19,5.839e-22,2.568e-17,2.903e-20,6.278e-29,9.691e-20,9.461e-23,1.093e+1,1.854e-1,3.629e-1,2.162e+0,1.347e-9,3.581e-1,1.721e+0,4.427e-3,5.422e+0,8.939e-19,,1.784e+0,,,6.053e-19,,5.722e-19,,8.425e-19,,6.910e-1,,1.809e-17,,4.292e-3,1.479e-16
467.15,4.283e+1,1.021e-20,2.707e-27,1.274e-24,2.269e-1,,,3.717e-19,2.041e-20,,3.349e-15,9.578e-1,2.511e-26,1.018e-17,1.230e-2,1.422e-14,6.808e-21,1.522e-10,,1.376e-4,4.932e-20,9.063e-38,1.766e+1,9.355e-17,1.569e-8,3.173e-1,,1.031e-19,5.844e-22,2.570e-17,2.904e-20,6.278e-29,9.693e-20,9.462e-23,1.196e+1,2.469e-1,3.630e-1,1.712e+0,7.746e-10,4.514e-1,1.440e+0,6.084e-3,5.316e+0,8.945e-19,,1.390e+0,,,6.045e-19,,5.722e-19,,8.425e-19,,7.677e-1,,1.809e-17,,3.015e-3,1.480e-16
467.17,4.205e+1,1.021e-20,2.689e-27,1.236e-24,2.139e-1,,,6.398e-19,2.030e-20,,3.349e-15,8.233e-1,4.193e-26,1.018e-17,1.268e-2,1.315e-14,6.807e-21,1.227e-10,,1.747e-4,4.934e-20,9.262e-38,1.691e+1,9.345e-17,1.619e-8,3.020e-1,,1.042e-19,5.847e-22,2.572e-17,2.904e-20,6.279e-29,9.695e-20,9.463e-23,1.265e+1,2.976e-1,3.619e-1,1.459e+0,5.333e-10,5.245e-1,1.273e+0,7.488e-3,5.224e+0,8.948e-19,,1.172e+0,,,6.039e-19,,5.721e-19,,8.424e-19,,8.201e-1,,1.808e-17,,2.372e-3,1.480e-16
467.2,4.112e+1,1.022e-20,2.662e-27,1.186e-24,1.946e-1,,,1.436e-18,2.013e-20,,3.349e-15,6.518e-1,8.989e-26,1.018e-17,1.317e-2,1.177e-14,6.806e-21,8.832e-11,,2.483e-4,4.936e-20,9.561e-38,1.585e+1,9.329e-17,1.687e-8,2.791e-1,,1.058e-19,5.851e-22,2.574e-17,2.905e-20,6.279e-29,9.697e-20,9.464e-23,1.367e+1,3.913e-1,3.584e-1,1.140e+0,3.026e-10,6.528e-1,1.052e+0,1.016e-2,5.055e+0,8.954e-19,,9.010e-1,,,6.031e-19,,5.720e-19,,8.423e-19,,8.997e-1,,1.808e-17,,1.645e-3,1.480e-16
467.22,4.064e+1,1.023e-20,2.644e-27,1.156e-24,1.820e-1,,,2.450e-18,2.002e-20,,3.348e-15,5.554e-1,1.488e-25,1.018e-17,1.345e-2,1.101e-14,6.805e-21,7.061e-11,,3.125e-4,4.938e-20,9.760e-38,1.519e+1,9.319e-17,1.725e-8,2.642e-1,,1.069e-19,5.854e-22,2.575e-17,2.905e-20,6.280e-29,9.698e-20,9.465e-23,1.433e+1,4.675e-1,3.549e-1,9.624e-1,2.065e-10,7.522e-1,9.217e-1,1.239e-2,4.924e+0,8.958e-19,,7.529e-1,,,6.026e-19,,5.720e-19,,8.423e-19,,9.530e-1,,1.807e-17,,1.283e-3,1.480e-16
467.25,4.013e+1,1.023e-20,2.617e-27,1.115e-24,1.636e-1,,,5.427e-18,1.986e-20,,3.348e-15,4.339e-1,3.149e-25,1.018e-17,1.379e-2,1.013e-14,6.804e-21,5.014e-11,,4.384e-4,4.940e-20,1.006e-37,1.429e+1,9.304e-17,1.774e-8,2.425e-1,,1.085e-19,5.859e-22,2.577e-17,2.906e-20,6.280e-29,9.700e-20,9.467e-23,1.528e+1,6.066e-1,3.477e-1,7.420e-1,1.157e-10,9.247e-1,7.513e-1,1.659e-2,4.702e+0,8.964e-19,,5.713e-1,,,6.018e-19,,5.719e-19,,8.422e-19,,1.033e+0,,1.807e-17,,8.775e-4,1.481e-16
467.27,3.991e+1,1.024e-20,2.599e-27,1.090e-24,1.517e-1,,,9.182e-18,1.975e-20,,3.348e-15,3.665e-1,5.169e-25,1.018e-17,1.396e-2,9.737e-15,6.804e-21,3.973e-11,,5.470e-4,4.942e-20,1.026e-37,1.376e+1,9.293e-17,1.799e-8,2.285e-1,,1.096e-19,5.862e-22,2.579e-17,2.907e-20,6.281e-29,9.702e-20,9.468e-23,1.588e+1,7.185e-1,3.416e-1,6.212e-1,7.823e-11,1.057e+0,6.527e-1,2.006e-2,4.540e+0,8.967e-19,,4.732e-1,,,6.012e-19,,5.718e-19,,8.422e-19,,1.085e+0,,1.806e-17,,6.783e-4,1.481e-16
467.3,3.977e+1,1.024e-20,2.572e-27,1.056e-24,1.348e-1,,,2.008e-17,1.958e-20,,3.347e-15,2.826e-1,1.080e-24,1.018e-17,1.412e-2,9.438e-15,6.803e-21,2.784e-11,,7.575e-4,4.944e-20,1.056e-37,1.306e+1,9.278e-17,1.825e-8,2.086e-1,,1.112e-19,5.867e-22,2.581e-17,2.907e-20,6.281e-29,9.704e-20,9.469e-23,1.672e+1,9.201e-1,3.307e-1,4.727e-1,4.323e-11,1.283e+0,5.251e-1,2.651e-2,4.279e+0,8.973e-19,,3.544e-1,,,6.004e-19,,5.718e-19,,8.421e-19,,1.161e+0,,1.806e-17,,4.580e-4,1.481e-16
467.32,3.979e+1,1.025e-20,2.554e-27,1.034e-24,1.240e-1,,,3.368e-17,1.947e-20,,3.347e-15,2.366e-1,1.757e-24,1.018e-17,1.417e-2,9.450e-15,6.802e-21,2.187e-11,,9.370e-4,4.946e-20,1.076e-37,1.266e+1,9.267e-17,1.834e-8,1.961e-1,,1.123e-19,5.870e-22,2.583e-17,2.908e-20,6.282e-29,9.705e-20,9.470e-23,1.722e+1,1.080e+0,3.223e-1,3.922e-1,2.898e-11,1.454e+0,4.522e-1,3.178e-2,4.095e+0,8.977e-19,,2.910e-1,,,5.998e-19,,5.717e-19,,8.420e-19,,1.210e+0,,1.806e-17,,3.509e-4,1.482e-16
467.35,3.998e+1,1.025e-20,2.527e-27,1.003e-24,1.088e-1,,,7.268e-17,1.931e-20,,3.346e-15,1.800e-1,3.623e-24,1.018e-17,1.415e-2,9.811e-15,6.801e-21,1.513e-11,,1.281e-3,4.948e-20,1.105e-37,1.219e+1,9.252e-17,1.837e-8,1.786e-1,,1.139e-19,5.875e-22,2.585e-17,2.909e-20,6.282e-29,9.707e-20,9.471e-23,1.789e+1,1.366e+0,3.082e-1,2.946e-1,1.581e-11,1.744e+0,3.590e-1,4.144e-2,3.810e+0,8.983e-19,,2.151e-1,,,5.990e-19,,5.716e-19,,8.420e-19,,1.280e+0,,1.805e-17,,2.338e-4,1.482e-16
467.37,4.021e+1,1.026e-20,2.509e-27,9.831e-25,9.933e-2,,,1.209e-16,1.920e-20,,3.346e-15,1.494e-1,5.845e-24,1.018e-17,1.408e-2,1.030e-14,6.800e-21,1.178e-11,,1.570e-3,4.950e-20,1.125e-37,1.195e+1,9.242e-17,1.830e-8,1.678e-1,,1.150e-19,5.878e-22,2.586e-17,2.909e-20,6.283e-29,9.709e-20,9.472e-23,1.827e+1,1.589e+0,2.979e-1,2.423e-1,1.050e-11,1.960e+0,3.064e-1,4.925e-2,3.614e+0,8.986e-19,,1.750e-1,,,5.985e-19,,5.716e-19,,8.419e-19,,1.324e+0,,1.805e-17,,1.776e-4,1.482e-16
467.4,4.071e+1,1.026e-20,2.482e-27,9.525e-25,8.608e-2,,,2.575e-16,1.903e-20,,3.346e-15,1.122e-1,1.190e-23,1.018e-17,1.388e-2,1.143e-14,6.799e-21,8.038e-12,,2.118e-3,4.952e-20,1.155e-37,1.171e+1,9.226e-17,1.809e-8,1.532e-1,,1.166e-19,5.882e-22,2.589e-17,2.910e-20,6.283e-29,9.711e-20,9.473e-23,1.873e+1,1.983e+0,2.813e-1,1.796e-1,5.653e-12,2.323e+0,2.401e-1,6.340e-2,3.318e+0,8.992e-19,,1.277e-1,,,5.977e-19,,5.715e-19,,8.418e-19,,1.384e+0,,1.804e-17,,1.168e-4,1.482e-16
467.42,4.115e+1,1.027e-20,2.464e-27,9.316e-25,7.792e-2,,,4.245e-16,1.892e-20,,3.345e-15,9.229e-2,1.903e-23,1.018e-17,1.369e-2,1.247e-14,6.798e-21,6.204e-12,,2.575e-3,4.954e-20,1.175e-37,1.163e+1,9.216e-17,1.787e-8,1.445e-1,,1.177e-19,5.885e-22,2.590e-17,2.910e-20,6.284e-29,9.712e-20,9.474e-23,1.896e+1,2.288e+0,2.696e-1,1.464e-1,3.723e-12,2.590e+0,2.032e-1,7.469e-2,3.121e+0,8.996e-19,,1.030e-1,,,5.971e-19,,5.714e-19,,8.418e-19,,1.421e+0,,1.804e-17,,8.791e-5,1.483e-16
467.45,4.195e+1,1.027e-20,2.437e-27,8.993e-25,6.670e-2,,,8.927e-16,1.876e-20,,3.345e-15,6.840e-2,3.823e-23,1.018e-17,1.331e-2,1.451e-14,6.797e-21,4.179e-12,,3.428e-3,4.956e-20,1.205e-37,1.164e+1,9.200e-17,1.743e-8,1.331e-1,,1.193e-19,5.890e-22,2.592e-17,2.911e-20,6.284e-29,9.714e-20,9.476e-23,1.919e+1,2.817e+0,2.513e-1,1.071e-1,1.977e-12,3.033e+0,1.571e-1,9.490e-2,2.827e+0,9.002e-19,,7.414e-2,,,5.963e-19,,5.714e-19,,8.417e-19,,1.469e+0,,1.803e-17,,5.705e-5,1.483e-16
467.47,4.259e+1,1.028e-20,2.419e-27,8.767e-25,5.988e-2,,,1.459e-15,1.865e-20,,3.345e-15,5.577e-2,6.062e-23,1.018e-17,1.301e-2,1.621e-14,6.797e-21,3.197e-12,,4.131e-3,4.958e-20,1.225e-37,1.174e+1,9.190e-17,1.707e-8,1.266e-1,,1.203e-19,5.893e-22,2.594e-17,2.912e-20,6.284e-29,9.715e-20,9.477e-23,1.926e+1,3.222e+0,2.388e-1,8.663e-2,1.291e-12,3.356e+0,1.318e-1,1.108e-1,2.636e+0,9.006e-19,,5.928e-2,,,5.957e-19,,5.713e-19,,8.417e-19,,1.497e+0,,1.803e-17,,4.257e-5,1.483e-16
467.49,4.332e+1,1.028e-20,2.401e-27,8.533e-25,5.357e-2,,,2.376e-15,1.854e-20,,3.344e-15,4.531e-2,9.578e-23,1.018e-17,1.268e-2,1.820e-14,6.796e-21,2.437e-12,,4.961e-3,4.959e-20,1.245e-37,1.189e+1,9.180e-17,1.665e-8,1.210e-1,,1.214e-19,5.896e-22,2.595e-17,2.912e-20,6.285e-29,9.717e-20,9.478e-23,1.926e+1,3.673e+0,2.261e-1,6.982e-2,8.399e-13,3.702e+0,1.101e-1,1.290e-1,2.449e+0,9.009e-19,,4.724e-2,,,5.952e-19,,5.713e-19,,8.416e-19,,1.522e+0,,1.802e-17,,3.166e-5,1.483e-16
467.52,4.457e+1,1.029e-20,2.374e-27,8.163e-25,4.506e-2,,,4.907e-15,1.837e-20,,3.344e-15,3.297e-2,1.890e-22,1.018e-17,1.211e-2,2.180e-14,6.795e-21,1.611e-12,,6.485e-3,4.962e-20,1.275e-37,1.226e+1,9.164e-17,1.595e-8,1.142e-1,,1.230e-19,5.901e-22,2.598e-17,2.913e-20,6.285e-29,9.719e-20,9.479e-23,1.913e+1,4.441e+0,2.070e-1,5.023e-2,4.379e-13,4.264e+0,8.360e-2,1.609e-1,2.178e+0,9.015e-19,,3.338e-2,,,5.944e-19,,5.712e-19,,8.415e-19,,1.552e+0,,1.802e-17,,2.016e-5,1.484e-16
467.54,4.552e+1,1.029e-20,2.356e-27,7.904e-25,3.998e-2,,,7.924e-15,1.826e-20,,3.344e-15,2.655e-2,2.960e-22,1.018e-17,1.169e-2,2.463e-14,6.794e-21,1.218e-12,,7.720e-3,4.963e-20,1.294e-37,1.259e+1,9.154e-17,1.542e-8,1.108e-1,,1.241e-19,5.904e-22,2.599e-17,2.913e-20,6.286e-29,9.720e-20,9.480e-23,1.896e+1,5.018e+0,1.943e-1,4.020e-2,2.824e-13,4.668e+0,6.927e-2,1.857e-1,2.006e+0,9.019e-19,,2.637e-2,,,5.938e-19,,5.711e-19,,8.415e-19,,1.567e+0,,1.802e-17,,1.486e-5,1.484e-16
467.57,4.713e+1,1.030e-20,2.329e-27,7.499e-25,3.320e-2,,,1.615e-14,1.810e-20,,3.343e-15,1.907e-2,5.767e-22,1.018e-17,1.102e-2,2.957e-14,6.793e-21,7.945e-13,,9.961e-3,4.965e-20,1.324e-37,1.321e+1,9.138e-17,1.458e-8,1.073e-1,,1.257e-19,5.909e-22,2.601e-17,2.914e-20,6.286e-29,9.722e-20,9.481e-23,1.859e+1,5.987e+0,1.756e-1,2.869e-2,1.452e-13,5.317e+0,5.189e-2,2.286e-1,1.761e+0,9.025e-19,,1.839e-2,,,5.930e-19,,5.710e-19,,8.414e-19,,1.583e+0,,1.801e-17,,9.343e-6,1.484e-16
467.59,4.834e+1,1.031e-20,2.311e-27,7.217e-25,2.920e-2,,,2.586e-14,1.799e-20,,3.343e-15,1.522e-2,8.955e-22,1.018e-17,1.055e-2,3.337e-14,6.792e-21,5.951e-13,,1.175e-2,4.967e-20,1.344e-37,1.370e+1,9.128e-17,1.398e-8,1.059e-1,,1.268e-19,5.912e-22,2.603e-17,2.915e-20,6.287e-29,9.724e-20,9.482e-23,1.827e+1,6.706e+0,1.634e-1,2.291e-2,9.284e-14,5.777e+0,4.262e-2,2.614e-1,1.607e+0,9.028e-19,,1.440e-2,,,5.925e-19,,5.710e-19,,8.413e-19,,1.590e+0,,1.801e-17,,6.826e-6,1.485e-16
467.62,5.033e+1,1.031e-20,2.284e-27,6.780e-25,2.394e-2,,,5.203e-14,1.782e-20,,3.343e-15,1.079e-2,1.722e-21,1.018e-17,9.811e-3,3.985e-14,6.791e-21,3.832e-13,,1.497e-2,4.969e-20,1.374e-37,1.457e+1,9.112e-17,1.304e-8,1.054e-1,,1.284e-19,5.916e-22,2.605e-17,2.915e-20,6.287e-29,9.726e-20,9.483e-23,1.768e+1,7.898e+0,1.457e-1,1.642e-2,4.713e-14,6.508e+0,3.151e-2,3.177e-1,1.393e+0,9.034e-19,,9.908e-3,,,5.916e-19,,5.709e-19,,8.413e-19,,1.594e+0,,1.800e-17,,4.235e-6,1.485e-16
467.64,5.180e+1,1.032e-20,2.266e-27,6.481e-25,2.089e-2,,,8.258e-14,1.771e-20,,3.342e-15,8.536e-3,2.651e-21,1.018e-17,9.309e-3,4.474e-14,6.791e-21,2.845e-13,,1.751e-2,4.971e-20,1.394e-37,1.523e+1,9.102e-17,1.239e-8,1.059e-1,,1.295e-19,5.920e-22,2.607e-17,2.916e-20,6.288e-29,9.727e-20,9.484e-23,1.722e+1,8.770e+0,1.344e-1,1.327e-2,2.986e-14,7.021e+0,2.565e-2,3.602e-1,1.260e+0,9.038e-19,,7.689e-3,,,5.911e-19,,5.708e-19,,8.412e-19,,1.593e+0,,1.800e-17,,3.067e-6,1.485e-16
467.67,5.421e+1,1.032e-20,2.239e-27,6.024e-25,1.691e-2,,,1.640e-13,1.755e-20,,3.342e-15,5.969e-3,5.032e-21,1.018e-17,8.547e-3,5.295e-14,6.789e-21,1.808e-13,,2.201e-2,4.973e-20,1.424e-37,1.633e+1,9.087e-17,1.141e-8,1.079e-1,,1.311e-19,5.924e-22,2.609e-17,2.917e-20,6.288e-29,9.729e-20,9.486e-23,1.645e+1,1.019e+1,1.183e-1,9.924e-3,1.496e-14,7.825e+0,1.871e-2,4.320e-1,1.078e+0,9.044e-19,,5.222e-3,,,5.903e-19,,5.708e-19,,8.411e-19,,1.587e+0,,1.799e-17,,1.878e-6,1.485e-16
467.69,5.596e+1,1.033e-20,2.221e-27,5.717e-25,1.462e-2,,,2.581e-13,1.744e-20,,3.342e-15,4.682e-3,7.680e-21,1.018e-17,8.038e-3,5.903e-14,6.789e-21,1.331e-13,,2.553e-2,4.975e-20,1.444e-37,1.714e+1,9.076e-17,1.075e-8,1.100e-1,,1.322e-19,5.927e-22,2.610e-17,2.917e-20,6.289e-29,9.731e-20,9.487e-23,1.589e+1,1.122e+1,1.082e-1,8.450e-3,9.393e-15,8.382e+0,1.510e-2,4.856e-1,9.666e-1,9.047e-19,,4.017e-3,,,5.897e-19,,5.707e-19,,8.411e-19,,1.581e+0,,1.799e-17,,1.348e-6,1.486e-16
467.72,5.879e+1,1.033e-20,2.194e-27,5.254e-25,1.169e-2,,,5.060e-13,1.727e-20,,3.341e-15,3.232e-3,1.439e-20,1.018e-17,7.284e-3,6.908e-14,6.788e-21,8.344e-14,,3.167e-2,4.977e-20,1.474e-37,1.845e+1,9.061e-17,9.764e-9,1.141e-1,,1.338e-19,5.932e-22,2.612e-17,2.918e-20,6.289e-29,9.733e-20,9.488e-23,1.498e+1,1.287e+1,9.399e-2,7.178e-3,4.643e-15,9.247e+0,1.087e-2,5.749e-1,8.157e-1,9.053e-19,,2.693e-3,,,5.889e-19,,5.706e-19,,8.410e-19,,1.567e+0,,1.798e-17,,8.144e-7,1.486e-16
467.74,6.081e+1,1.034e-20,2.176e-27,4.946e-25,1.002e-2,,,7.893e-13,1.716e-20,,3.341e-15,2.513e-3,2.177e-20,1.018e-17,6.791e-3,7.641e-14,6.787e-21,6.087e-14,,3.641e-2,4.979e-20,2.538e-37,1.939e+1,9.050e-17,9.119e-9,1.174e-1,,1.349e-19,5.935e-22,2.614e-17,2.918e-20,6.290e-29,9.734e-20,9.489e-23,1.434e+1,1.405e+1,8.520e-2,6.883e-3,2.890e-15,9.839e+0,8.698e-3,6.405e-1,7.253e-1,9.057e-19,,2.053e-3,,,5.884e-19,,5.706e-19,,8.410e-19,,1.557e+0,,1.798e-17,,5.794e-7,1.486e-16
467.77,6.404e+1,1.034e-20,2.149e-27,4.492e-25,7.904e-3,,,1.528e-12,1.700e-20,,3.340e-15,1.711e-3,4.027e-20,1.018e-17,6.073e-3,8.834e-14,6.786e-21,3.767e-14,,4.459e-2,4.981e-20,5.698e-37,2.088e+1,9.035e-17,8.177e-9,1.231e-1,,1.365e-19,5.940e-22,2.616e-17,2.919e-20,6.290e-29,9.736e-20,9.490e-23,1.334e+1,1.591e+1,7.305e-2,7.213e-3,1.410e-15,1.075e+1,6.182e-3,7.484e-1,6.041e-1,9.063e-19,,1.358e-3,,,5.875e-19,,5.705e-19,,8.409e-19,,1.539e+0,,1.797e-17,,3.455e-7,1.487e-16
467.79,6.631e+1,1.035e-20,2.130e-27,4.196e-25,6.720e-3,,,2.362e-12,1.689e-20,,3.340e-15,1.319e-3,6.042e-20,1.018e-17,5.613e-3,9.691e-14,6.785e-21,2.724e-14,,5.082e-2,4.983e-20,9.728e-37,2.192e+1,9.025e-17,7.571e-9,1.272e-1,,1.376e-19,5.943e-22,2.618e-17,2.920e-20,6.290e-29,9.738e-20,9.491e-23,1.266e+1,1.721e+1,6.564e-2,7.946e-3,8.699e-16,1.136e+1,4.901e-3,8.266e-1,5.324e-1,9.067e-19,,1.027e-3,,,5.870e-19,,5.704e-19,,8.408e-19,,1.526e+0,,1.797e-17,,2.437e-7,1.487e-16
467.82,6.986e+1,1.035e-20,2.103e-27,3.764e-25,5.233e-3,,,4.513e-12,1.672e-20,,3.340e-15,8.867e-4,1.103e-19,1.018e-17,4.954e-3,1.106e-13,6.784e-21,1.664e-14,,6.142e-2,4.985e-20,2.156e-36,2.353e+1,9.009e-17,6.700e-9,1.337e-1,,1.392e-19,5.947e-22,2.620e-17,2.920e-20,6.291e-29,9.740e-20,9.492e-23,1.163e+1,1.923e+1,5.555e-2,9.872e-3,4.188e-16,1.230e+1,3.437e-3,9.533e-1,4.377e-1,9.072e-19,,6.702e-4,,,5.862e-19,,5.704e-19,,8.408e-19,,1.507e+0,,1.796e-17,,1.434e-7,1.487e-16
467.84,7.231e+1,1.036e-20,2.085e-27,3.487e-25,4.410e-3,,,6.919e-12,1.661e-20,,3.339e-15,6.774e-4,1.640e-19,1.018e-17,4.539e-3,1.203e-13,6.783e-21,1.192e-14,,6.940e-2,4.987e-20,3.649e-36,2.463e+1,8.999e-17,6.149e-9,1.383e-1,,2.392e-19,5.951e-22,2.621e-17,2.921e-20,6.291e-29,9.741e-20,9.493e-23,1.094e+1,2.062e+1,4.948e-2,1.177e-2,2.561e-16,1.292e+1,2.702e-3,1.044e+0,3.824e-1,9.076e-19,,5.022e-4,,,5.856e-19,,5.703e-19,,8.407e-19,,1.495e+0,,1.796e-17,,1.002e-7,1.487e-16
467.86,7.482e+1,1.036e-20,2.067e-27,3.219e-25,3.704e-3,,,1.057e-11,1.650e-20,,3.339e-15,5.157e-4,2.431e-19,1.018e-17,4.144e-3,1.305e-13,6.783e-21,8.517e-15,,7.813e-2,4.988e-20,6.156e-36,2.573e+1,8.988e-17,5.623e-9,1.429e-1,,4.097e-19,5.954e-22,2.623e-17,2.921e-20,6.292e-29,9.743e-20,9.494e-23,1.026e+1,2.204e+1,4.392e-2,1.424e-2,1.561e-16,1.354e+1,2.116e-3,1.139e+0,3.329e-1,9.080e-19,,3.749e-4,,,5.851e-19,,5.703e-19,,8.407e-19,,1.483e+0,,1.796e-17,,6.983e-8,1.488e-16
467.89,7.864e+1,1.037e-20,2.040e-27,2.837e-25,2.833e-3,,,1.983e-11,1.634e-20,,3.339e-15,3.403e-4,4.359e-19,1.018e-17,3.591e-3,1.463e-13,6.782e-21,5.107e-15,,9.272e-2,4.991e-20,1.340e-35,2.739e+1,8.973e-17,4.886e-9,1.497e-1,,9.125e-19,5.958e-22,2.625e-17,2.922e-20,6.292e-29,9.745e-20,9.496e-23,9.253e+0,2.418e+1,3.648e-2,1.921e-2,7.374e-17,1.447e+1,1.457e-3,1.290e+0,2.687e-1,9.086e-19,,2.403e-4,,,5.843e-19,,5.702e-19,,8.406e-19,,1.466e+0,,1.795e-17,,4.033e-8,1.488e-16
467.91,8.120e+1,1.037e-20,2.022e-27,2.597e-25,2.359e-3,,,3.003e-11,1.623e-20,,3.338e-15,2.568e-4,6.406e-19,1.018e-17,3.250e-3,1.572e-13,6.781e-21,3.615e-15,,1.035e-1,4.992e-20,2.241e-35,2.849e+1,8.963e-17,4.429e-9,1.542e-1,,1.550e-18,5.961e-22,2.627e-17,2.923e-20,6.293e-29,9.746e-20,9.497e-23,8.604e+0,2.562e+1,3.210e-2,2.354e-2,4.454e-17,1.509e+1,1.131e-3,1.395e+0,2.319e-1,9.089e-19,,1.778e-4,,,5.837e-19,,5.701e-19,,8.405e-19,,1.456e+0,,1.795e-17,,2.785e-8,1.488e-16
467.94,8.502e+1,1.038e-20,1.995e-27,2.261e-25,1.780e-3,,,5.562e-11,1.606e-20,,3.338e-15,1.672e-4,1.134e-18,1.018e-17,2.779e-3,1.741e-13,6.780e-21,2.139e-15,,1.212e-1,4.995e-20,4.814e-35,3.008e+1,8.947e-17,3.798e-9,1.607e-1,,3.407e-18,5.966e-22,2.629e-17,2.923e-20,6.293e-29,9.748e-20,9.498e-23,7.666e+0,2.775e+1,2.632e-2,3.190e-2,2.077e-17,1.599e+1,7.685e-4,1.559e+0,1.847e-1,9.095e-19,,1.125e-4,,,5.829e-19,,5.700e-19,,8.405e-19,,1.443e+0,,1.794e-17,,1.588e-8,1.489e-16
467.96,8.751e+1,1.038e-20,1.977e-27,2.052e-25,1.470e-3,,,8.352e-11,1.595e-20,,3.338e-15,1.251e-4,1.651e-18,1.018e-17,2.493e-3,1.855e-13,6.779e-21,1.501e-15,,1.341e-1,4.996e-20,7.981e-35,3.110e+1,8.937e-17,3.413e-9,1.648e-1,,5.736e-18,5.969e-22,2.630e-17,2.924e-20,6.294e-29,9.750e-20,9.499e-23,7.070e+0,2.914e+1,2.296e-2,3.900e-2,1.243e-17,1.657e+1,5.913e-4,1.672e+0,1.580e-1,9.099e-19,,8.249e-5,,,5.823e-19,,5.700e-19,,8.404e-19,,1.436e+0,,1.794e-17,,1.087e-8,1.489e-16
467.99,9.113e+1,1.039e-20,1.950e-27,1.763e-25,1.095e-3,,,1.527e-10,1.579e-20,,3.337e-15,8.040e-5,2.885e-18,1.018e-17,2.104e-3,2.027e-13,6.778e-21,8.766e-16,,1.550e-1,4.998e-20,1.693e-34,3.254e+1,8.921e-17,2.889e-9,1.705e-1,,1.245e-17,5.974e-22,2.633e-17,2.925e-20,6.294e-29,9.752e-20,9.500e-23,6.226e+0,3.115e+1,1.858e-2,5.246e-2,5.722e-18,1.742e+1,3.966e-4,1.844e+0,1.242e-1,9.105e-19,,5.149e-5,,,5.815e-19,,5.699e-19,,8.403e-19,,1.428e+0,,1.793e-17,,6.113e-9,1.489e-16
468.01,9.343e+1,1.040e-20,1.932e-27,1.586e-25,8.959e-4,,,2.273e-10,1.568e-20,,3.337e-15,5.962e-5,4.167e-18,1.018e-17,1.871e-3,2.141e-13,6.778e-21,6.097e-16,,1.701e-1,5.000e-20,2.783e-34,3.343e+1,8.911e-17,2.573e-9,1.741e-1,,2.078e-17,5.977e-22,2.634e-17,2.925e-20,6.295e-29,9.753e-20,9.501e-23,5.700e+0,3.242e+1,1.606e-2,6.368e-2,3.395e-18,1.796e+1,3.025e-4,1.960e+0,1.053e-1,9.108e-19,,3.744e-5,,,5.810e-19,,5.699e-19,,8.403e-19,,1.424e+0,,1.793e-17,,4.148e-9,1.489e-16
468.04,9.664e+1,1.040e-20,1.905e-27,1.346e-25,6.588e-4,,,4.101e-10,1.551e-20,,3.337e-15,3.781e-5,7.185e-18,1.018e-17,1.559e-3,2.309e-13,6.776e-21,3.514e-16,,1.941e-1,5.002e-20,5.826e-34,3.462e+1,8.895e-17,2.149e-9,1.788e-1,,4.451e-17,5.982e-22,2.636e-17,2.926e-20,6.295e-29,9.755e-20,9.502e-23,4.967e+0,3.421e+1,1.283e-2,8.468e-2,1.542e-18,1.873e+1,2.002e-4,2.134e+0,8.169e-2,9.114e-19,,2.306e-5,,,5.802e-19,,5.698e-19,,8.402e-19,,1.420e+0,,1.792e-17,,2.302e-9,1.490e-16
468.06,9.859e+1,1.041e-20,1.887e-27,1.200e-25,5.344e-4,,,6.053e-10,1.540e-20,,3.336e-15,2.779e-5,1.029e-17,1.018e-17,1.374e-3,2.418e-13,6.776e-21,2.423e-16,,2.110e-1,5.004e-20,9.493e-34,3.530e+1,8.885e-17,1.898e-9,1.817e-1,,7.366e-17,5.985e-22,2.638e-17,2.927e-20,6.296e-29,9.756e-20,9.503e-23,4.518e+0,3.530e+1,1.099e-2,1.020e-1,9.069e-19,1.922e+1,1.514e-4,2.249e+0,6.867e-2,9.118e-19,,1.662e-5,,,5.796e-19,,5.697e-19,,8.402e-19,,1.419e+0,,1.792e-17,,1.548e-9,1.490e-16
468.09,1.012e+2,1.041e-20,1.860e-27,1.005e-25,3.879e-4,,,1.078e-9,1.524e-20,,3.336e-15,1.740e-5,1.751e-17,1.018e-17,1.130e-3,2.575e-13,6.775e-21,1.378e-16,,2.376e-1,5.006e-20,1.962e-33,3.616e+1,8.870e-17,1.565e-9,1.854e-1,,1.558e-16,5.989e-22,2.640e-17,2.927e-20,6.296e-29,9.759e-20,9.505e-23,3.904e+0,3.676e+1,8.666e-3,1.339e-1,4.064e-19,1.990e+1,9.886e-5,2.416e+0,5.258e-2,9.124e-19,,1.010e-5,,,5.788e-19,,5.696e-19,,8.401e-19,,1.418e+0,,1.791e-17,,8.483e-10,1.490e-16
468.11,1.027e+2,1.042e-20,1.842e-27,8.889e-26,3.119e-4,,,1.577e-9,1.513e-20,,3.336e-15,1.267e-5,2.486e-17,1.018e-17,9.873e-4,2.674e-13,6.774e-21,9.416e-17,,2.561e-1,5.008e-20,3.170e-33,3.660e+1,8.859e-17,1.370e-9,1.876e-1,,2.556e-16,5.992e-22,2.641e-17,2.928e-20,6.296e-29,9.760e-20,9.506e-23,3.536e+0,3.761e+1,7.362e-3,1.599e-1,2.369e-19,2.032e+1,7.410e-5,2.524e+0,4.381e-2,9.127e-19,,7.219e-6,,,5.782e-19,,5.696e-19,,8.400e-19,,1.419e+0,,1.791e-17,,5.655e-10,1.490e-16
468.14,1.045e+2,1.042e-20,1.815e-27,7.345e-26,2.235e-4,,,2.774e-9,1.496e-20,,3.335e-15,7.829e-6,4.177e-17,1.018e-17,8.012e-4,2.810e-13,6.773e-21,5.285e-17,,2.847e-1,5.010e-20,6.467e-33,3.706e+1,8.844e-17,1.114e-9,1.905e-1,,5.336e-16,5.997e-22,2.644e-17,2.929e-20,6.297e-29,9.762e-20,9.507e-23,3.044e+0,3.866e+1,5.727e-3,2.072e-1,1.048e-19,2.088e+1,4.776e-5,2.677e+0,3.311e-2,9.133e-19,,4.331e-6,,,5.774e-19,,5.695e-19,,8.400e-19,,1.420e+0,,1.791e-17,,3.057e-10,1.491e-16
468.16,1.054e+2,1.043e-20,1.797e-27,6.440e-26,1.781e-4,,,4.023e-9,1.485e-20,,3.335e-15,5.654e-6,5.879e-17,1.017e-17,6.940e-4,2.892e-13,6.772e-21,3.580e-17,,3.042e-1,5.012e-20,1.036e-32,3.722e+1,8.834e-17,9.670e-10,1.923e-1,,8.678e-16,6.000e-22,2.645e-17,2.929e-20,6.297e-29,9.763e-20,9.508e-23,2.755e+0,3.920e+1,4.823e-3,2.453e-1,6.055e-20,2.121e+1,3.548e-5,2.772e+0,2.735e-2,9.137e-19,,3.067e-6,,,5.769e-19,,5.694e-19,,8.399e-19,,1.422e+0,,1.790e-17,,2.020e-10,1.491e-16
468.19,1.062e+2,1.043e-20,1.770e-27,5.253e-26,1.260e-4,,,6.982e-9,1.469e-20,,3.334e-15,3.447e-6,9.752e-17,1.017e-17,5.558e-4,3.001e-13,6.771e-21,1.983e-17,,3.338e-1,5.014e-20,2.086e-32,3.724e+1,8.818e-17,7.765e-10,1.947e-1,,1.788e-15,6.005e-22,2.647e-17,2.930e-20,6.298e-29,9.765e-20,9.509e-23,2.380e+0,3.977e+1,3.703e-3,3.138e-1,6.087e-20,2.164e+1,2.257e-5,2.902e+0,2.039e-2,9.143e-19,,1.816e-6,,,5.761e-19,,5.694e-19,,8.398e-19,,1.424e+0,,1.790e-17,,1.078e-10,1.491e-16
468.21,1.065e+2,1.044e-20,1.752e-27,4.565e-26,9.954e-5,,,1.004e-8,1.458e-20,,3.334e-15,2.467e-6,1.361e-16,1.017e-17,4.772e-4,3.062e-13,6.770e-21,1.331e-17,,3.536e-1,5.016e-20,3.313e-32,3.710e+1,8.808e-17,6.679e-10,1.963e-1,,2.884e-15,6.008e-22,2.649e-17,2.930e-20,6.298e-29,9.767e-20,9.510e-23,2.166e+0,3.998e+1,3.091e-3,3.682e-1,6.109e-20,2.188e+1,1.662e-5,2.979e+0,1.670e-2,9.147e-19,,1.275e-6,,,5.755e-19,,5.693e-19,,8.398e-19,,1.424e+0,,1.789e-17,,7.059e-11,1.492e-16
468.23,1.064e+2,1.044e-20,1.734e-27,3.954e-26,7.838e-5,,,1.439e-8,1.447e-20,,3.334e-15,1.760e-6,1.892e-16,1.017e-17,4.083e-4,3.114e-13,6.770e-21,8.909e-18,,3.732e-1,5.017e-20,5.242e-32,3.685e+1,8.797e-17,5.725e-10,1.979e-1,,4.634e-15,6.011e-22,2.650e-17,2.931e-20,6.299e-29,9.768e-20,9.511e-23,1.980e+0,4.005e+1,2.572e-3,4.306e-1,6.130e-20,2.207e+1,1.220e-5,3.047e+0,1.362e-2,9.150e-19,,8.917e-7,,,5.750e-19,,5.693e-19,,8.397e-19,,1.425e+0,,1.789e-17,,4.607e-11,1.492e-16
468.26,1.059e+2,1.045e-20,1.707e-27,3.167e-26,5.442e-5,,,2.452e-8,1.430e-20,,3.333e-15,1.053e-6,3.081e-16,1.017e-17,3.211e-4,3.173e-13,6.769e-21,4.844e-18,,4.021e-1,5.020e-20,1.037e-31,3.624e+1,8.782e-17,4.513e-10,2.005e-1,,9.379e-15,6.016e-22,2.653e-17,2.932e-20,6.299e-29,9.770e-20,9.512e-23,1.753e+0,3.989e+1,1.938e-3,5.409e-1,6.163e-20,2.229e+1,7.618e-6,3.132e+0,9.975e-3,9.156e-19,,5.183e-7,,,5.741e-19,,5.692e-19,,8.397e-19,,1.424e+0,,1.788e-17,,2.413e-11,1.492e-16
468.28,1.052e+2,1.045e-20,1.689e-27,2.719e-26,4.248e-5,,,3.484e-8,1.419e-20,,3.333e-15,7.448e-7,4.247e-16,1.017e-17,2.723e-4,3.199e-13,6.768e-21,3.213e-18,,4.207e-1,5.021e-20,1.627e-31,3.569e+1,8.772e-17,3.835e-10,2.024e-1,,1.494e-14,6.019e-22,2.654e-17,2.932e-20,6.300e-29,9.772e-20,9.513e-23,1.633e+0,3.961e+1,1.598e-3,6.271e-1,6.184e-20,2.237e+1,5.542e-6,3.176e+0,8.068e-3,9.160e-19,,3.593e-7,,,5.736e-19,,5.691e-19,,8.396e-19,,1.423e+0,,1.788e-17,,1.561e-11,1.492e-16
468.31,1.036e+2,1.046e-20,1.662e-27,2.149e-26,2.910e-5,,,5.862e-8,1.403e-20,,3.333e-15,4.399e-7,6.830e-16,1.017e-17,2.113e-4,3.217e-13,6.767e-21,1.724e-18,,4.474e-1,5.024e-20,3.176e-31,3.466e+1,8.756e-17,2.984e-10,2.058e-1,,2.985e-14,6.023e-22,2.656e-17,2.933e-20,6.300e-29,9.774e-20,9.515e-23,1.498e+0,3.894e+1,1.189e-3,7.776e-1,6.217e-20,2.242e+1,3.415e-6,3.222e+0,5.830e-3,9.166e-19,,2.061e-7,,,5.728e-19,,5.690e-19,,8.395e-19,,1.419e+0,,1.787e-17,,8.069e-12,1.493e-16
468.33,1.022e+2,1.046e-20,1.644e-27,1.829e-26,2.252e-5,,,8.256e-8,1.392e-20,,3.332e-15,3.083e-7,9.333e-16,1.017e-17,1.777e-4,3.216e-13,6.766e-21,1.133e-18,,4.641e-1,5.025e-20,4.940e-31,3.385e+1,8.746e-17,2.513e-10,2.085e-1,,4.715e-14,6.027e-22,2.658e-17,2.933e-20,6.301e-29,9.775e-20,9.516e-23,1.436e+0,3.834e+1,9.721e-4,8.937e-1,6.238e-20,2.239e+1,2.463e-6,3.239e+0,4.674e-3,9.169e-19,,1.417e-7,,,5.722e-19,,5.690e-19,,8.395e-19,,1.414e+0,,1.787e-17,,5.174e-12,1.493e-16
468.36,9.975e+1,1.047e-20,1.617e-27,1.427e-26,1.523e-5,,,1.371e-7,1.375e-20,,3.332e-15,1.797e-7,1.481e-15,1.017e-17,1.361e-4,3.193e-13,6.765e-21,6.002e-19,,4.870e-1,5.028e-20,9.520e-31,3.247e+1,8.730e-17,1.930e-10,2.134e-1,,9.299e-14,6.031e-22,2.660e-17,2.934e-20,6.301e-29,9.777e-20,9.517e-23,1.382e+0,3.720e+1,7.138e-4,1.094e+0,6.271e-20,2.225e+1,1.498e-6,3.243e+0,3.333e-3,9.175e-19,,8.019e-8,,,5.714e-19,,5.689e-19,,8.394e-19,,1.406e+0,,1.787e-17,,2.639e-12,1.493e-16
468.38,9.781e+1,1.048e-20,1.599e-27,1.204e-26,1.168e-5,,,1.914e-7,1.364e-20,,3.332e-15,1.249e-7,2.007e-15,1.017e-17,1.134e-4,3.164e-13,6.764e-21,3.911e-19,,5.008e-1,5.029e-20,1.468e-30,3.144e+1,8.720e-17,1.611e-10,2.172e-1,,1.456e-13,6.034e-22,2.662e-17,2.935e-20,6.302e-29,9.779e-20,9.518e-23,1.371e+0,3.630e+1,5.785e-4,1.246e+0,6.292e-20,2.210e+1,1.071e-6,3.232e+0,2.649e-3,9.179e-19,,5.463e-8,,,5.709e-19,,5.689e-19,,8.394e-19,,1.399e+0,,1.786e-17,,1.678e-12,1.494e-16
468.41,9.454e+1,1.048e-20,1.572e-27,9.269e-27,7.797e-6,,,3.138e-7,1.348e-20,,3.331e-15,7.183e-8,3.145e-15,1.017e-17,8.573e-5,3.100e-13,6.763e-21,2.044e-19,,5.188e-1,5.031e-20,2.793e-30,2.977e+1,8.704e-17,1.221e-10,2.240e-1,,2.835e-13,6.039e-22,2.664e-17,2.935e-20,6.302e-29,9.781e-20,9.519e-23,1.386e+0,3.477e+1,4.194e-4,1.505e+0,6.325e-20,2.179e+1,6.427e-7,3.194e+0,1.865e-3,9.185e-19,,3.052e-8,,,5.700e-19,,5.688e-19,,8.393e-19,,1.386e+0,,1.786e-17,,8.445e-13,1.494e-16
468.43,9.214e+1,1.049e-20,1.554e-27,7.753e-27,5.928e-6,,,4.345e-7,1.337e-20,,3.331e-15,4.946e-8,4.224e-15,1.017e-17,7.083e-5,3.046e-13,6.763e-21,1.320e-19,,5.289e-1,5.033e-20,4.270e-30,2.858e+1,8.694e-17,1.011e-10,2.293e-1,,4.401e-13,6.042e-22,2.665e-17,2.936e-20,6.302e-29,9.782e-20,9.520e-23,1.417e+0,3.363e+1,3.371e-4,1.700e+0,6.346e-20,2.152e+1,4.553e-7,3.155e+0,1.469e-3,9.188e-19,,2.061e-8,,,5.695e-19,,5.687e-19,,8.392e-19,,1.376e+0,,1.785e-17,,5.320e-13,1.494e-16
468.46,8.827e+1,1.049e-20,1.527e-27,5.891e-27,3.905e-6,,,7.030e-7,1.320e-20,,3.331e-15,2.808e-8,6.532e-15,1.017e-17,5.284e-5,2.946e-13,6.762e-21,6.809e-20,,5.407e-1,5.035e-20,8.019e-30,2.672e+1,8.679e-17,7.559e-11,2.384e-1,,8.458e-13,6.047e-22,2.668e-17,2.937e-20,6.303e-29,9.784e-20,9.521e-23,1.491e+0,3.179e+1,2.415e-4,2.028e+0,6.379e-20,2.102e+1,2.697e-7,3.078e+0,1.021e-3,9.194e-19,,1.136e-8,,,5.687e-19,,5.686e-19,,8.392e-19,,1.358e+0,,1.785e-17,,2.643e-13,1.494e-16
468.48,8.554e+1,1.050e-20,1.509e-27,4.884e-27,2.943e-6,,,9.648e-7,1.309e-20,,3.330e-15,1.917e-8,8.699e-15,1.017e-17,4.327e-5,2.870e-13,6.761e-21,4.359e-20,,5.464e-1,5.037e-20,1.215e-29,2.544e+1,8.668e-17,6.202e-11,2.452e-1,,1.302e-12,6.050e-22,2.669e-17,2.937e-20,6.303e-29,9.786e-20,9.522e-23,1.557e+0,3.049e+1,1.928e-4,2.270e+0,6.401e-20,2.064e+1,1.894e-7,3.014e+0,7.985e-4,9.198e-19,,7.606e-9,,,5.681e-19,,5.686e-19,,8.391e-19,,1.345e+0,,1.784e-17,,1.651e-13,1.495e-16
468.51,8.128e+1,1.050e-20,1.482e-27,3.663e-27,1.913e-6,,,1.541e-6,1.293e-20,,3.330e-15,1.074e-8,1.328e-14,1.017e-17,3.186e-5,2.740e-13,6.760e-21,2.219e-20,,5.514e-1,5.039e-20,2.253e-29,2.347e+1,8.653e-17,4.578e-11,2.567e-1,,2.470e-12,6.055e-22,2.671e-17,2.938e-20,6.304e-29,9.788e-20,9.524e-23,1.678e+0,2.845e+1,1.371e-4,2.672e+0,6.433e-20,1.998e+1,1.108e-7,2.902e+0,5.490e-4,9.204e-19,,4.138e-9,,,5.673e-19,,5.685e-19,,8.390e-19,,1.324e+0,,1.784e-17,,8.092e-14,1.495e-16
468.53,7.837e+1,1.051e-20,1.463e-27,3.011e-27,1.430e-6,,,2.097e-6,1.282e-20,,3.329e-15,7.267e-9,1.753e-14,1.017e-17,2.587e-5,2.646e-13,6.759e-21,1.408e-20,,5.524e-1,5.041e-20,3.386e-29,2.215e+1,8.642e-17,3.723e-11,2.652e-1,,3.769e-12,6.058e-22,2.673e-17,2.938e-20,6.304e-29,9.789e-20,9.525e-23,1.772e+0,2.704e+1,1.092e-4,2.966e+0,6.455e-20,1.949e+1,7.710e-8,2.817e+0,4.267e-4,9.208e-19,,2.746e-9,,,5.668e-19,,5.685e-19,,8.390e-19,,1.308e+0,,1.783e-17,,5.009e-14,1.495e-16
468.56,7.393e+1,1.051e-20,1.436e-27,2.229e-27,9.173e-7,,,3.306e-6,1.265e-20,,3.329e-15,4.018e-9,2.642e-14,1.017e-17,1.880e-5,2.494e-13,6.758e-21,7.073e-21,,5.502e-1,5.043e-20,6.196e-29,2.018e+1,8.627e-17,2.713e-11,2.789e-1,,7.058e-12,6.062e-22,2.675e-17,2.939e-20,6.305e-29,9.791e-20,9.526e-23,1.929e+0,2.490e+1,7.824e-5,3.446e+0,6.487e-20,1.869e+1,4.449e-8,2.677e+0,2.923e-4,9.213e-19,,1.474e-9,,,5.659e-19,,5.684e-19,,8.389e-19,,1.284e+0,,1.783e-17,,2.423e-14,1.496e-16
468.58,7.097e+1,1.052e-20,1.418e-27,1.816e-27,6.794e-7,,,4.460e-6,1.254e-20,,3.329e-15,2.695e-9,3.458e-14,1.017e-17,1.513e-5,2.388e-13,6.757e-21,4.449e-21,,5.464e-1,5.045e-20,9.230e-29,1.888e+1,8.617e-17,2.187e-11,2.888e-1,,1.068e-11,6.065e-22,2.676e-17,2.940e-20,6.305e-29,9.793e-20,9.527e-23,2.043e+0,2.347e+1,6.337e-5,3.791e+0,6.509e-20,1.811e+1,3.070e-8,2.576e+0,2.281e-4,9.217e-19,,9.698e-10,,,5.654e-19,,5.683e-19,,8.388e-19,,1.267e+0,,1.783e-17,,1.487e-14,1.496e-16
468.61,6.657e+1,1.053e-20,1.391e-27,1.326e-27,4.302e-7,,,6.941e-6,1.238e-20,,3.328e-15,1.471e-9,5.144e-14,1.017e-17,1.085e-5,2.222e-13,6.756e-21,2.205e-21,,5.372e-1,5.047e-20,1.667e-28,1.697e+1,8.601e-17,1.573e-11,3.045e-1,,1.974e-11,6.070e-22,2.679e-17,2.940e-20,6.306e-29,9.795e-20,9.528e-23,2.225e+0,2.133e+1,4.800e-5,4.347e+0,6.541e-20,1.720e+1,1.748e-8,2.416e+0,1.601e-4,9.223e-19,,5.139e-10,,,5.646e-19,,5.682e-19,,8.388e-19,,1.241e+0,,1.782e-17,,7.100e-15,1.496e-16
468.63,6.369e+1,1.053e-20,1.373e-27,1.071e-27,3.158e-7,,,9.282e-6,1.227e-20,,3.328e-15,9.777e-10,6.675e-14,1.017e-17,8.654e-6,2.109e-13,6.756e-21,1.375e-21,,5.289e-1,5.049e-20,2.463e-28,1.574e+1,8.591e-17,1.257e-11,3.155e-1,,2.960e-11,6.073e-22,2.680e-17,2.941e-20,6.306e-29,9.796e-20,9.529e-23,2.351e+0,1.993e+1,4.165e-5,4.742e+0,6.563e-20,1.655e+1,1.196e-8,2.305e+0,1.298e-4,9.227e-19,,3.350e-10,,,5.640e-19,,5.682e-19,,8.387e-19,,1.224e+0,,1.782e-17,,4.318e-15,1.496e-16
468.65,6.087e+1,1.053e-20,1.355e-27,8.621e-28,2.311e-7,,,1.237e-5,1.216e-20,,3.328e-15,6.477e-10,8.632e-14,1.017e-17,6.879e-6,1.994e-13,6.755e-21,8.546e-22,,5.188e-1,5.050e-20,3.625e-28,1.455e+1,8.580e-17,1.001e-11,3.268e-1,,4.425e-11,6.076e-22,2.682e-17,2.941e-20,6.307e-29,9.797e-20,9.530e-23,2.480e+0,1.855e+1,3.804e-5,5.155e+0,6.584e-20,1.589e+1,8.150e-9,2.192e+0,1.092e-4,9.230e-19,,2.177e-10,,,5.635e-19,,5.681e-19,,8.387e-19,,1.206e+0,,1.781e-17,,2.617e-15,1.497e-16
468.68,5.679e+1,1.054e-20,1.328e-27,6.184e-28,1.437e-7,,,1.890e-5,1.199e-20,,3.327e-15,3.470e-10,1.261e-13,1.017e-17,4.844e-6,1.822e-13,6.754e-21,4.158e-22,,5.008e-1,5.053e-20,6.431e-28,1.285e+1,8.565e-17,7.066e-12,3.441e-1,,8.033e-11,6.081e-22,2.684e-17,2.942e-20,6.307e-29,9.799e-20,9.531e-23,2.677e+0,1.655e+1,3.746e-5,5.804e+0,6.617e-20,1.486e+1,4.556e-9,2.018e+0,9.382e-5,9.236e-19,,1.132e-10,,,5.627e-19,,5.680e-19,,8.386e-19,,1.180e+0,,1.781e-17,,1.227e-15,1.497e-16
468.7,5.418e+1,1.054e-20,1.310e-27,4.933e-28,1.042e-7,,,2.498e-5,1.188e-20,,3.327e-15,2.279e-10,1.617e-13,1.017e-17,3.817e-6,1.709e-13,6.753e-21,2.561e-22,,4.870e-1,5.054e-20,9.384e-28,1.177e+1,8.555e-17,5.578e-12,3.558e-1,,1.190e-10,6.084e-22,2.685e-17,2.943e-20,6.308e-29,9.801e-20,9.532e-23,2.808e+0,1.528e+1,4.031e-5,6.255e+0,6.638e-20,1.416e+1,3.078e-9,1.902e+0,9.299e-5,9.240e-19,,7.291e-11,,,5.621e-19,,5.680e-19,,8.385e-19,,1.162e+0,,1.780e-17,,7.368e-16,1.497e-16
468.73,5.047e+1,1.055e-20,1.283e-27,3.492e-28,6.392e-8,,,3.768e-5,1.172e-20,,3.327e-15,1.205e-10,2.331e-13,1.017e-17,2.653e-6,1.541e-13,6.752e-21,1.230e-22,,4.641e-1,5.057e-20,1.643e-27,1.026e+1,8.539e-17,3.886e-12,3.733e-1,,2.133e-10,6.089e-22,2.688e-17,2.943e-20,6.308e-29,9.803e-20,9.534e-23,3.000e+0,1.345e+1,4.995e-5,6.952e+0,6.671e-20,1.310e+1,1.698e-9,1.729e+0,1.058e-4,9.246e-19,,3.743e-11,,,5.613e-19,,5.679e-19,,8.385e-19,,1.136e+0,,1.780e-17,,3.408e-16,1.497e-16
468.75,4.814e+1,1.056e-20,1.265e-27,2.762e-28,4.595e-8,,,4.935e-5,1.161e-20,,3.326e-15,7.842e-11,2.963e-13,1.017e-17,2.072e-6,1.433e-13,6.751e-21,7.509e-23,,4.474e-1,5.058e-20,2.377e-27,9.321e+0,8.529e-17,3.041e-12,3.849e-1,,3.134e-10,6.092e-22,2.689e-17,2.944e-20,6.308e-29,9.804e-20,9.535e-23,3.124e+0,1.231e+1,6.050e-5,7.427e+0,6.692e-20,1.240e+1,1.137e-9,1.615e+0,1.246e-4,9.249e-19,,2.389e-11,,,5.607e-19,,5.679e-19,,8.384e-19,,1.119e+0,,1.779e-17,,2.029e-16,1.498e-16
468.78,4.487e+1,1.056e-20,1.238e-27,1.929e-28,2.782e-8,,,7.350e-5,1.144e-20,,3.326e-15,4.091e-11,4.218e-13,1.017e-17,1.421e-6,1.276e-13,6.750e-21,3.558e-23,,4.207e-1,5.061e-20,4.110e-27,8.017e+0,8.513e-17,2.091e-12,4.017e-1,,5.544e-10,6.096e-22,2.691e-17,2.945e-20,6.309e-29,9.806e-20,9.536e-23,3.300e+0,1.070e+1,8.406e-5,8.147e+0,6.725e-20,1.134e+1,6.192e-10,1.449e+0,1.714e-4,9.255e-19,,1.210e-11,,,5.599e-19,,5.678e-19,,8.383e-19,,1.094e+0,,1.779e-17,,9.263e-17,1.498e-16
468.8,4.284e+1,1.057e-20,1.220e-27,1.512e-28,1.983e-8,,,9.544e-5,1.133e-20,,3.326e-15,2.640e-11,5.314e-13,1.017e-17,1.100e-6,1.176e-13,6.750e-21,2.153e-23,,4.021e-1,5.062e-20,5.894e-27,7.220e+0,8.503e-17,1.622e-12,4.125e-1,,8.075e-10,6.100e-22,2.693e-17,2.945e-20,6.309e-29,9.808e-20,9.537e-23,3.410e+0,9.704e+0,1.062e-4,8.628e+0,6.746e-20,1.065e+1,4.111e-10,1.342e+0,2.180e-4,9.259e-19,,7.659e-12,,,5.594e-19,,5.677e-19,,8.383e-19,,1.078e+0,,1.779e-17,,5.468e-17,1.498e-16
468.83,4.003e+1,1.057e-20,1.193e-27,1.043e-28,1.185e-8,,,1.403e-4,1.117e-20,,3.325e-15,1.359e-11,7.468e-13,1.017e-17,7.449e-7,1.034e-13,6.749e-21,1.007e-23,,3.732e-1,5.064e-20,1.006e-26,6.129e+0,8.487e-17,1.101e-12,4.279e-1,,1.410e-9,6.104e-22,2.695e-17,2.946e-20,6.310e-29,9.810e-20,9.538e-23,3.559e+0,8.327e+0,1.520e-4,9.342e+0,6.779e-20,9.628e+0,2.209e-10,1.188e+0,3.183e-4,9.265e-19,,3.829e-12,,,5.586e-19,,5.676e-19,,8.382e-19,,1.054e+0,,1.778e-17,,2.463e-17,1.499e-16
468.85,3.830e+1,1.058e-20,1.175e-27,8.104e-29,8.370e-9,,,1.806e-4,1.106e-20,,3.325e-15,8.694e-12,9.328e-13,1.017e-17,5.717e-7,9.444e-14,6.748e-21,6.041e-24,,3.536e-1,5.066e-20,1.430e-26,5.472e+0,8.477e-17,8.466e-13,4.375e-1,,2.036e-9,6.107e-22,2.697e-17,2.946e-20,6.310e-29,9.811e-20,9.539e-23,3.647e+0,7.486e+0,1.933e-4,9.808e+0,6.800e-20,8.969e+0,1.454e-10,1.091e+0,4.115e-4,9.268e-19,,2.402e-12,,,5.580e-19,,5.676e-19,,8.382e-19,,1.038e+0,,1.778e-17,,1.441e-17,1.499e-16
468.88,3.593e+1,1.058e-20,1.148e-27,5.515e-29,4.937e-9,,,2.621e-4,1.089e-20,,3.324e-15,4.418e-12,1.294e-12,1.017e-17,3.820e-7,8.195e-14,6.747e-21,2.788e-24,,3.239e-1,5.068e-20,2.409e-26,4.585e+0,8.462e-17,5.671e-13,4.507e-1,,3.511e-9,6.112e-22,2.699e-17,2.947e-20,6.311e-29,9.813e-20,9.540e-23,3.759e+0,6.339e+0,2.764e-4,1.048e+1,6.833e-20,8.016e+0,7.708e-11,9.533e-1,6.049e-4,9.274e-19,,1.185e-12,,,5.572e-19,,5.675e-19,,8.381e-19,,1.015e+0,,1.777e-17,,6.406e-18,1.499e-16
468.9,3.448e+1,1.059e-20,1.130e-27,4.249e-29,3.457e-9,,,3.345e-4,1.078e-20,,3.324e-15,2.801e-12,1.602e-12,1.017e-17,2.906e-7,7.423e-14,6.746e-21,1.658e-24,,3.042e-1,5.070e-20,3.397e-26,4.058e+0,8.451e-17,4.322e-13,4.587e-1,,5.026e-9,6.115e-22,2.700e-17,2.948e-20,6.311e-29,9.815e-20,9.541e-23,3.820e+0,5.650e+0,3.498e-4,1.091e+1,6.854e-20,7.408e+0,5.028e-11,8.676e-1,7.804e-4,9.278e-19,,7.368e-13,,,5.566e-19,,5.675e-19,,8.380e-19,,9.998e-1,,1.777e-17,,3.715e-18,1.499e-16
468.93,3.249e+1,1.059e-20,1.103e-27,2.854e-29,2.012e-9,,,4.791e-4,1.062e-20,,3.324e-15,1.405e-12,2.194e-12,1.017e-17,1.916e-7,6.359e-14,6.745e-21,7.551e-25,,2.751e-1,5.072e-20,5.648e-26,3.356e+0,8.436e-17,2.857e-13,4.694e-1,,8.553e-9,6.120e-22,2.703e-17,2.948e-20,6.312e-29,9.817e-20,9.543e-23,3.888e+0,4.722e+0,4.954e-4,1.151e+1,6.887e-20,6.542e+0,2.631e-11,7.484e-1,1.138e-3,9.284e-19,,3.588e-13,,,5.558e-19,,5.674e-19,,8.380e-19,,9.771e-1,,1.776e-17,,1.630e-18,1.500e-16
468.95,3.128e+1,1.060e-20,1.085e-27,2.179e-29,1.397e-9,,,6.062e-4,1.051e-20,,3.323e-15,8.827e-13,2.694e-12,1.017e-17,1.445e-7,5.711e-14,6.744e-21,4.450e-25,,2.561e-1,5.074e-20,7.894e-26,2.944e+0,8.425e-17,2.159e-13,4.756e-1,,1.214e-8,6.123e-22,2.704e-17,2.949e-20,6.312e-29,9.818e-20,9.544e-23,3.918e+0,4.172e+0,6.223e-4,1.188e+1,6.908e-20,5.998e+0,1.701e-11,6.752e-1,1.458e-3,9.288e-19,,2.211e-13,,,5.553e-19,,5.673e-19,,8.379e-19,,9.618e-1,,1.776e-17,,1.627e-18,1.500e-16
468.98,2.961e+1,1.061e-20,1.058e-27,1.444e-29,8.024e-10,,,8.571e-4,1.034e-20,,3.323e-15,4.369e-13,3.641e-12,1.017e-17,9.405e-8,4.829e-14,6.743e-21,2.000e-25,,2.286e-1,5.076e-20,1.296e-25,2.403e+0,8.410e-17,1.409e-13,4.837e-1,,2.039e-8,6.127e-22,2.706e-17,2.950e-20,6.313e-29,9.820e-20,9.545e-23,3.938e+0,3.442e+0,8.706e-4,1.237e+1,6.941e-20,5.233e+0,8.787e-12,5.749e-1,2.103e-3,9.293e-19,,1.063e-13,,,5.545e-19,,5.672e-19,,8.378e-19,,9.386e-1,,1.775e-17,,1.622e-18,1.500e-16
469,2.859e+1,1.061e-20,1.040e-27,1.093e-29,5.521e-10,,,1.075e-3,1.023e-20,,3.323e-15,2.721e-13,4.432e-12,1.017e-17,7.032e-8,4.299e-14,6.743e-21,1.169e-25,,2.110e-1,5.078e-20,1.796e-25,2.090e+0,8.400e-17,1.055e-13,4.881e-1,,2.869e-8,6.131e-22,2.708e-17,2.950e-20,6.313e-29,9.822e-20,9.546e-23,3.934e+0,3.014e+0,1.085e-3,1.265e+1,6.962e-20,4.758e+0,5.632e-12,5.141e-1,2.674e-3,9.297e-19,,6.490e-14,,,5.539e-19,,5.672e-19,,8.378e-19,,9.228e-1,,1.775e-17,,1.619e-18,1.501e-16
469.02,2.762e+1,1.061e-20,1.022e-27,8.247e-30,3.785e-10,,,1.344e-3,1.012e-20,,3.322e-15,1.689e-13,5.376e-12,1.017e-17,5.239e-8,3.815e-14,6.742e-21,6.804e-26,,1.941e-1,5.079e-20,2.479e-25,1.811e+0,8.389e-17,7.875e-14,4.920e-1,,4.023e-8,6.134e-22,2.709e-17,2.951e-20,6.314e-29,9.823e-20,9.547e-23,3.917e+0,2.631e+0,1.346e-3,1.289e+1,6.984e-20,4.313e+0,3.597e-12,4.582e-1,3.388e-3,9.301e-19,,3.951e-14,,,5.534e-19,,5.671e-19,,8.377e-19,,9.066e-1,,1.775e-17,,1.616e-18,1.501e-16
469.05,2.627e+1,1.062e-20,9.948e-28,5.368e-30,2.135e-10,,,1.866e-3,9.958e-21,,3.322e-15,8.207e-14,7.136e-12,1.017e-17,3.347e-8,3.168e-14,6.741e-21,3.002e-26,,1.701e-1,5.082e-20,3.997e-25,1.452e+0,8.374e-17,5.045e-14,4.966e-1,,6.638e-8,6.138e-22,2.711e-17,2.951e-20,6.314e-29,9.825e-20,9.548e-23,3.868e+0,2.131e+0,1.850e-3,1.318e+1,7.017e-20,3.698e+0,1.824e-12,3.830e-1,4.803e-3,9.307e-19,,1.864e-14,,,5.525e-19,,5.671e-19,,8.377e-19,,8.815e-1,,1.774e-17,,1.612e-18,1.501e-16
469.07,2.542e+1,1.062e-20,9.768e-28,4.013e-30,1.451e-10,,,2.312e-3,9.848e-21,,3.322e-15,5.050e-14,8.581e-12,1.017e-17,2.472e-8,2.787e-14,6.740e-21,3.037e-26,,1.550e-1,5.083e-20,5.471e-25,1.247e+0,8.363e-17,3.732e-14,4.991e-1,,9.228e-8,6.141e-22,2.713e-17,2.952e-20,6.315e-29,9.827e-20,9.549e-23,3.819e+0,1.844e+0,2.277e-3,1.332e+1,7.038e-20,3.324e+0,1.155e-12,3.384e-1,6.036e-3,9.310e-19,,1.125e-14,,,5.520e-19,,5.670e-19,,8.376e-19,,8.641e-1,,1.774e-17,,1.609e-18,1.501e-16
469.1,2.421e+1,1.063e-20,9.497e-28,2.578e-30,8.076e-11,,,3.169e-3,9.683e-21,,3.321e-15,2.421e-14,1.124e-11,1.017e-17,1.559e-8,2.284e-14,6.739e-21,3.088e-26,,1.341e-1,5.086e-20,8.707e-25,9.868e-1,8.348e-17,2.360e-14,5.020e-1,,1.503e-7,6.146e-22,2.715e-17,2.953e-20,6.315e-29,9.829e-20,9.550e-23,3.723e+0,1.474e+0,3.090e-3,1.344e+1,7.071e-20,2.815e+0,5.778e-13,2.792e-1,8.453e-3,9.316e-19,,5.236e-15,,,5.512e-19,,5.669e-19,,8.375e-19,,8.368e-1,,1.773e-17,,1.605e-18,1.502e-16
469.12,2.343e+1,1.064e-20,9.317e-28,1.911e-30,5.441e-11,,,3.894e-3,9.572e-21,,3.321e-15,1.477e-14,1.340e-11,1.017e-17,1.141e-8,1.992e-14,6.738e-21,3.123e-26,,1.212e-1,5.087e-20,1.182e-24,8.404e-1,8.338e-17,1.731e-14,5.036e-1,,2.071e-7,6.149e-22,2.717e-17,2.953e-20,6.315e-29,9.830e-20,9.551e-23,3.645e+0,1.264e+0,3.770e-3,1.346e+1,7.092e-20,2.509e+0,3.626e-13,2.446e-1,1.054e-2,9.320e-19,,3.131e-15,,,5.506e-19,,5.669e-19,,8.375e-19,,8.179e-1,,1.773e-17,,1.602e-18,1.502e-16
469.15,2.229e+1,1.064e-20,9.047e-28,1.211e-30,2.989e-11,,,5.268e-3,9.407e-21,,3.321e-15,6.988e-15,1.734e-11,1.017e-17,7.101e-9,1.612e-14,6.737e-21,3.175e-26,,1.035e-1,5.090e-20,1.856e-24,6.562e-1,8.322e-17,1.080e-14,5.055e-1,,3.330e-7,6.154e-22,2.719e-17,2.954e-20,6.316e-29,9.832e-20,9.553e-23,3.509e+0,9.974e-1,5.049e-3,1.341e+1,7.125e-20,2.098e+0,1.791e-13,1.992e-1,1.458e-2,9.326e-19,,1.439e-15,,,5.498e-19,,5.668e-19,,8.374e-19,,7.882e-1,,1.772e-17,,1.597e-18,1.502e-16
469.17,2.155e+1,1.065e-20,8.866e-28,8.900e-31,1.996e-11,,,6.416e-3,9.297e-21,,3.320e-15,4.225e-15,2.049e-11,1.017e-17,5.154e-9,1.394e-14,6.737e-21,3.209e-26,,9.272e-2,5.091e-20,2.498e-24,5.540e-1,8.312e-17,7.850e-15,5.068e-1,,4.550e-7,6.157e-22,2.720e-17,2.954e-20,6.316e-29,9.834e-20,9.554e-23,3.407e+0,8.480e-1,6.108e-3,1.332e+1,7.146e-20,1.855e+0,1.114e-13,1.729e-1,1.802e-2,9.329e-19,,8.530e-16,,,5.493e-19,,5.667e-19,,8.374e-19,,7.676e-1,,1.772e-17,,1.594e-18,1.502e-16
469.2,2.046e+1,1.065e-20,8.596e-28,5.569e-31,1.082e-11,,,8.569e-3,9.132e-21,,3.320e-15,1.973e-15,2.616e-11,1.017e-17,3.165e-9,1.114e-14,6.736e-21,3.261e-26,,7.813e-2,5.094e-20,3.873e-24,4.269e-1,8.296e-17,4.834e-15,5.087e-1,,7.221e-7,6.162e-22,2.723e-17,2.955e-20,6.317e-29,9.836e-20,9.555e-23,3.240e+0,6.604e-1,8.075e-3,1.310e+1,7.179e-20,1.532e+0,5.428e-14,1.390e-1,2.463e-2,9.335e-19,,3.868e-16,,,5.484e-19,,5.667e-19,,8.373e-19,,7.357e-1,,1.771e-17,,1.590e-18,1.503e-16
469.22,1.973e+1,1.066e-20,8.416e-28,4.056e-31,7.163e-12,,,1.035e-2,9.022e-21,,3.320e-15,1.182e-15,3.066e-11,1.017e-17,2.277e-9,9.546e-15,6.735e-21,3.296e-26,,6.940e-2,5.095e-20,5.167e-24,3.573e-1,8.286e-17,3.484e-15,5.103e-1,,9.782e-7,6.165e-22,2.724e-17,2.956e-20,6.317e-29,9.837e-20,9.556e-23,3.119e+0,5.566e-1,9.685e-3,1.289e+1,7.200e-20,1.342e+0,3.347e-14,1.196e-1,3.021e-2,9.339e-19,,2.273e-16,,,5.479e-19,,5.666e-19,,8.372e-19,,7.137e-1,,1.771e-17,,1.587e-18,1.503e-16
469.25,1.865e+1,1.066e-20,8.145e-28,2.505e-31,3.833e-12,,,1.364e-2,8.857e-21,,3.319e-15,5.449e-16,3.864e-11,1.017e-17,1.380e-9,7.528e-15,6.734e-21,3.347e-26,,5.771e-2,5.097e-20,7.909e-24,2.718e-1,8.270e-17,2.117e-15,5.131e-1,,1.532e-6,6.169e-22,2.726e-17,2.957e-20,6.318e-29,9.839e-20,9.557e-23,2.930e+0,4.279e-1,1.264e-2,1.251e+1,7.233e-20,1.094e+0,1.610e-14,9.490e-2,4.079e-2,9.345e-19,,1.017e-16,,,5.471e-19,,5.665e-19,,8.372e-19,,6.800e-1,,1.770e-17,,1.583e-18,1.503e-16
469.27,1.793e+1,1.067e-20,7.965e-28,1.808e-31,2.515e-12,,,1.633e-2,8.747e-21,,3.319e-15,3.237e-16,4.489e-11,1.017e-17,9.843e-10,6.398e-15,6.733e-21,3.382e-26,,5.082e-2,5.099e-20,1.046e-23,2.255e-1,8.260e-17,1.513e-15,5.155e-1,,2.058e-6,6.172e-22,2.728e-17,2.957e-20,6.318e-29,9.840e-20,9.558e-23,2.798e+0,3.575e-1,1.503e-2,1.221e+1,7.254e-20,9.510e-1,9.840e-15,8.097e-2,4.963e-2,9.349e-19,,5.925e-17,,,5.465e-19,,5.665e-19,,8.371e-19,,6.571e-1,,1.770e-17,,1.580e-18,1.504e-16
469.3,1.685e+1,1.067e-20,7.695e-28,1.102e-31,1.328e-12,,,2.125e-2,8.582e-21,,3.318e-15,1.472e-16,5.584e-11,1.017e-17,5.889e-10,4.981e-15,6.732e-21,3.434e-26,,4.172e-2,5.101e-20,1.581e-23,1.693e-1,8.245e-17,9.074e-16,5.201e-1,,3.183e-6,6.177e-22,2.730e-17,2.958e-20,6.319e-29,9.843e-20,9.559e-23,2.596e+0,2.712e-1,1.936e-2,1.170e+1,7.287e-20,7.654e-1,4.671e-15,6.340e-2,6.622e-2,9.354e-19,,2.616e-17,,,5.457e-19,,5.664e-19,,8.370e-19,,6.224e-1,,1.769e-17,,1.575e-18,1.504e-16
469.32,1.614e+1,1.068e-20,7.514e-28,7.887e-32,8.639e-13,,,2.522e-2,8.472e-21,,3.318e-15,8.670e-17,6.431e-11,1.017e-17,4.163e-10,4.197e-15,6.731e-21,3.468e-26,,3.641e-2,5.103e-20,2.072e-23,1.392e-1,8.234e-17,6.426e-16,5.238e-1,,4.238e-6,6.180e-22,2.732e-17,2.958e-20,6.319e-29,9.844e-20,9.560e-23,2.459e+0,2.246e-1,2.283e-2,1.132e+1,7.308e-20,6.595e-1,2.830e-15,5.362e-2,7.993e-2,9.358e-19,,2.614e-17,,,5.452e-19,,5.663e-19,,8.370e-19,,5.993e-1,,1.769e-17,,1.572e-18,1.504e-16
469.35,1.508e+1,1.069e-20,7.244e-28,4.744e-32,4.502e-13,,,3.239e-2,8.307e-21,,3.318e-15,3.891e-17,7.898e-11,1.017e-17,2.458e-10,3.225e-15,6.730e-21,3.520e-26,,2.950e-2,5.105e-20,3.091e-23,1.032e-1,8.219e-17,3.804e-16,5.307e-1,,6.469e-6,6.185e-22,2.734e-17,2.959e-20,6.320e-29,9.846e-20,9.562e-23,2.254e+0,1.682e-1,2.903e-2,1.070e+1,7.341e-20,5.241e-1,1.326e-15,4.144e-2,1.054e-1,9.364e-19,,2.609e-17,,,5.443e-19,,5.662e-19,,8.369e-19,,5.650e-1,,1.769e-17,,1.568e-18,1.504e-16
469.37,1.439e+1,1.069e-20,7.064e-28,3.366e-32,2.903e-13,,,3.811e-2,8.197e-21,,3.317e-15,2.271e-17,9.018e-11,1.017e-17,1.722e-10,2.694e-15,6.730e-21,3.555e-26,,2.553e-2,5.107e-20,4.018e-23,8.411e-2,8.208e-17,2.670e-16,5.361e-1,,8.540e-6,6.188e-22,2.735e-17,2.960e-20,6.320e-29,9.847e-20,9.563e-23,2.119e+0,1.381e-1,3.394e-2,1.026e+1,7.362e-20,4.477e-1,7.962e-16,3.475e-2,1.262e-1,9.368e-19,,2.606e-17,,,5.438e-19,,5.662e-19,,8.369e-19,,5.426e-1,,1.768e-17,,1.565e-18,1.505e-16
469.39,1.370e+1,1.069e-20,6.883e-28,2.379e-32,1.865e-13,,,4.468e-2,8.087e-21,,3.317e-15,1.321e-17,1.026e-10,1.017e-17,1.203e-10,2.243e-15,6.729e-21,3.589e-26,,2.201e-2,5.108e-20,5.205e-23,6.833e-2,8.198e-17,1.868e-16,5.421e-1,,1.123e-5,6.191e-22,2.737e-17,2.960e-20,6.321e-29,9.849e-20,9.564e-23,1.985e+0,1.130e-1,3.953e-2,9.808e+0,7.384e-20,3.811e-1,4.764e-16,2.903e-2,1.507e-1,9.371e-19,,2.604e-17,,,5.433e-19,,5.661e-19,,8.368e-19,,5.207e-1,,1.768e-17,,1.562e-18,1.505e-16
469.42,1.271e+1,1.070e-20,6.613e-28,1.405e-32,9.543e-14,,,5.637e-2,7.922e-21,,3.317e-15,5.821e-18,1.238e-10,1.017e-17,6.972e-11,1.693e-15,6.728e-21,3.641e-26,,1.751e-2,5.111e-20,7.625e-23,4.971e-2,8.183e-17,1.086e-16,5.526e-1,,1.684e-5,6.196e-22,2.739e-17,2.961e-20,6.321e-29,9.851e-20,9.565e-23,1.790e+0,8.308e-2,4.938e-2,9.106e+0,7.416e-20,2.974e-1,2.191e-16,2.203e-2,1.954e-1,9.377e-19,,2.599e-17,,,5.424e-19,,5.661e-19,,8.367e-19,,4.893e-1,,1.767e-17,,1.557e-18,1.505e-16
469.44,1.207e+1,1.070e-20,6.433e-28,9.848e-33,6.078e-14,,,6.552e-2,7.812e-21,,3.316e-15,5.818e-18,1.396e-10,1.017e-17,4.826e-11,1.397e-15,6.727e-21,3.675e-26,,1.497e-2,5.112e-20,9.792e-23,4.004e-2,8.172e-17,7.529e-17,5.603e-1,,2.197e-5,6.199e-22,2.740e-17,2.961e-20,6.321e-29,9.852e-20,9.566e-23,1.664e+0,6.738e-2,5.703e-2,8.628e+0,7.438e-20,2.510e-1,1.300e-16,1.825e-2,2.315e-1,9.381e-19,,2.596e-17,,,5.419e-19,,5.660e-19,,8.367e-19,,4.694e-1,,1.767e-17,,1.555e-18,1.505e-16
469.47,1.115e+1,1.071e-20,6.162e-28,5.740e-33,3.069e-14,,,8.158e-2,7.647e-21,,3.316e-15,5.814e-18,1.662e-10,1.017e-17,2.761e-11,1.041e-15,6.726e-21,3.727e-26,,1.175e-2,5.115e-20,1.416e-22,2.875e-2,8.157e-17,4.319e-17,5.731e-1,,3.251e-5,6.203e-22,2.743e-17,2.962e-20,6.322e-29,9.854e-20,9.567e-23,1.483e+0,4.890e-2,7.034e-2,7.906e+0,7.470e-20,1.934e-1,5.900e-17,1.367e-2,2.968e-1,9.387e-19,,2.592e-17,,,5.411e-19,,5.659e-19,,8.366e-19,,4.417e-1,,1.766e-17,,1.550e-18,1.506e-16
469.49,1.057e+1,1.072e-20,5.982e-28,3.987e-33,1.938e-14,,,9.401e-2,7.537e-21,,3.316e-15,5.812e-18,1.859e-10,1.017e-17,1.894e-11,8.518e-16,6.725e-21,3.762e-26,,9.961e-3,5.116e-20,1.803e-22,2.295e-2,8.146e-17,2.969e-17,5.823e-1,,4.203e-5,6.207e-22,2.744e-17,2.963e-20,6.322e-29,9.856e-20,9.568e-23,1.369e+0,3.931e-2,8.055e-2,7.427e+0,7.492e-20,1.618e-1,3.469e-17,1.122e-2,3.489e-1,9.390e-19,,2.589e-17,,,5.405e-19,,5.659e-19,,8.366e-19,,4.249e-1,,1.766e-17,,1.547e-18,1.506e-16
469.52,9.762e+0,1.072e-20,5.712e-28,2.294e-33,9.657e-15,,,1.156e-1,7.372e-21,,3.315e-15,5.807e-18,2.184e-10,1.017e-17,1.070e-11,6.265e-16,6.724e-21,3.814e-26,,7.720e-3,5.119e-20,2.574e-22,1.627e-2,8.131e-17,1.681e-17,5.968e-1,,6.141e-5,6.211e-22,2.746e-17,2.963e-20,6.323e-29,9.858e-20,9.569e-23,1.207e+0,2.816e-2,9.807e-2,6.717e+0,7.524e-20,1.231e-1,1.554e-17,8.295e-3,4.422e-1,9.396e-19,,2.585e-17,,,5.397e-19,,5.658e-19,,8.365e-19,,4.022e-1,,1.765e-17,,1.543e-18,1.506e-16
469.54,9.266e+0,1.073e-20,5.531e-28,1.579e-33,6.043e-15,,,1.320e-1,7.262e-21,,3.315e-15,5.805e-18,2.422e-10,1.017e-17,7.276e-12,5.083e-16,6.724e-21,3.848e-26,,6.485e-3,5.120e-20,3.249e-22,1.288e-2,8.121e-17,1.145e-17,6.069e-1,,7.872e-5,6.214e-22,2.748e-17,2.964e-20,6.323e-29,9.859e-20,9.570e-23,1.105e+0,2.244e-2,1.114e-1,6.255e+0,7.546e-20,1.021e-1,9.057e-18,6.752e-3,5.159e-1,9.400e-19,,2.582e-17,,,5.392e-19,,5.657e-19,,8.364e-19,,3.891e-1,,1.765e-17,,1.540e-18,1.507e-16
469.57,8.595e+0,1.073e-20,5.261e-28,8.967e-34,2.972e-15,,,1.602e-1,7.097e-21,,3.315e-15,5.800e-18,2.809e-10,1.017e-17,4.055e-12,3.691e-16,6.723e-21,3.900e-26,,4.961e-3,5.123e-20,4.578e-22,9.007e-3,8.105e-17,6.399e-18,6.223e-1,,1.135e-4,6.219e-22,2.750e-17,2.965e-20,6.324e-29,9.861e-20,9.572e-23,9.640e-1,1.587e-2,1.339e-1,5.584e+0,7.579e-20,7.664e-2,4.004e-18,4.927e-3,6.465e-1,9.406e-19,,2.578e-17,,,5.383e-19,,5.657e-19,,8.364e-19,,3.725e-1,,1.764e-17,,1.535e-18,1.507e-16
469.59,8.200e+0,1.074e-20,5.081e-28,6.121e-34,1.844e-15,,,1.814e-1,6.987e-21,,3.314e-15,5.798e-18,3.088e-10,1.017e-17,2.734e-12,2.969e-16,6.722e-21,3.934e-26,,4.131e-3,5.124e-20,5.729e-22,7.066e-3,8.095e-17,4.322e-18,6.327e-1,,1.443e-4,6.222e-22,2.752e-17,2.965e-20,6.324e-29,9.863e-20,9.573e-23,8.769e-1,1.254e-2,1.507e-1,5.155e+0,7.600e-20,6.304e-2,3.983e-18,3.975e-3,7.486e-1,9.409e-19,,2.575e-17,,,5.378e-19,,5.656e-19,,8.363e-19,,3.636e-1,,1.764e-17,,1.532e-18,1.507e-16
469.62,7.691e+0,1.074e-20,4.810e-28,3.430e-34,8.950e-16,,,2.173e-1,6.822e-21,,3.314e-15,5.793e-18,3.536e-10,1.017e-17,1.504e-12,2.129e-16,6.721e-21,3.986e-26,,3.119e-3,5.127e-20,7.968e-22,4.879e-3,8.079e-17,2.384e-18,6.479e-1,,2.054e-4,6.227e-22,2.754e-17,2.966e-20,6.325e-29,9.865e-20,9.574e-23,7.571e-1,8.746e-3,1.789e-1,4.543e+0,7.633e-20,4.672e-2,3.951e-18,2.863e-3,9.276e-1,9.415e-19,,2.570e-17,,,5.370e-19,,5.655e-19,,8.362e-19,,3.536e-1,,1.764e-17,,1.528e-18,1.508e-16
469.64,7.412e+0,1.075e-20,4.630e-28,2.321e-34,5.504e-16,,,2.440e-1,6.712e-21,,3.314e-15,5.791e-18,3.853e-10,1.017e-17,1.005e-12,1.699e-16,6.720e-21,4.021e-26,,2.575e-3,5.128e-20,9.887e-22,3.795e-3,8.069e-17,1.596e-18,6.576e-1,,2.588e-4,6.230e-22,2.755e-17,2.966e-20,6.325e-29,9.866e-20,9.575e-23,6.842e-1,6.850e-3,1.998e-1,4.157e+0,7.654e-20,3.810e-2,3.930e-18,2.290e-3,1.066e+0,9.419e-19,,2.568e-17,,,5.364e-19,,5.655e-19,,8.362e-19,,3.493e-1,,1.763e-17,,1.525e-18,1.508e-16
469.67,7.087e+0,1.075e-20,4.360e-28,1.283e-34,2.637e-16,,,2.884e-1,6.547e-21,,3.313e-15,5.786e-18,4.355e-10,1.017e-17,5.455e-13,1.205e-16,6.719e-21,4.073e-26,,1.919e-3,5.131e-20,1.358e-21,2.586e-3,8.053e-17,8.687e-19,6.714e-1,,3.637e-4,6.234e-22,2.758e-17,2.967e-20,6.326e-29,9.868e-20,9.576e-23,5.851e-1,4.718e-3,2.342e-1,3.616e+0,7.687e-20,2.789e-2,3.899e-18,1.628e-3,1.307e+0,9.425e-19,,2.563e-17,,,5.356e-19,,5.654e-19,,8.361e-19,,3.461e-1,,1.763e-17,,1.521e-18,1.508e-16
469.69,6.935e+0,1.076e-20,4.179e-28,8.609e-35,1.607e-16,,,3.210e-1,6.437e-21,,3.313e-15,5.784e-18,4.706e-10,1.017e-17,3.614e-13,9.560e-17,6.718e-21,4.107e-26,,1.570e-3,5.132e-20,1.670e-21,1.994e-3,8.043e-17,5.765e-19,6.798e-1,,4.543e-4,6.238e-22,2.759e-17,2.968e-20,6.326e-29,9.870e-20,9.577e-23,5.257e-1,3.663e-3,2.593e-1,3.280e+0,7.708e-20,2.257e-2,3.878e-18,1.291e-3,1.491e+0,1.618e-18,,2.560e-17,,,5.351e-19,,5.653e-19,,8.360e-19,,3.462e-1,,1.762e-17,,1.518e-18,1.508e-16
469.72,6.807e+0,1.076e-20,3.909e-28,4.699e-35,7.598e-17,,,3.746e-1,6.272e-21,,3.312e-15,5.779e-18,5.250e-10,1.016e-17,1.936e-13,6.745e-17,6.717e-21,4.159e-26,,1.155e-3,5.134e-20,2.263e-21,1.341e-3,8.028e-17,3.097e-19,6.909e-1,,6.302e-4,6.242e-22,2.761e-17,2.968e-20,6.327e-29,9.872e-20,9.578e-23,4.458e-1,2.490e-3,3.002e-1,2.816e+0,7.741e-20,1.634e-2,3.847e-18,9.054e-4,1.807e+0,3.619e-18,,2.556e-17,,,5.342e-19,,5.653e-19,,8.360e-19,,3.495e-1,,1.762e-17,,1.513e-18,1.509e-16
469.74,6.791e+0,1.077e-20,3.729e-28,3.124e-35,4.591e-17,,,4.135e-1,6.162e-21,,3.312e-15,5.777e-18,5.624e-10,1.016e-17,1.272e-13,5.358e-17,6.717e-21,4.193e-26,,9.370e-4,5.136e-20,2.760e-21,1.025e-3,8.017e-17,2.038e-19,6.973e-1,,7.805e-4,6.245e-22,2.763e-17,2.969e-20,6.327e-29,9.873e-20,9.579e-23,3.984e-1,1.916e-3,3.297e-1,2.533e+0,7.762e-20,1.314e-2,3.826e-18,7.117e-4,2.047e+0,6.162e-18,,2.553e-17,,,5.337e-19,,5.652e-19,,8.359e-19,,3.537e-1,,1.761e-17,,1.510e-18,1.509e-16
469.76,6.830e+0,1.077e-20,3.548e-28,2.070e-35,2.764e-17,,,4.547e-1,6.052e-21,,3.312e-15,5.774e-18,6.003e-10,1.016e-17,8.323e-14,4.284e-17,6.716e-21,4.228e-26,,7.575e-4,5.138e-20,3.354e-21,7.805e-4,8.007e-17,1.336e-19,7.026e-1,,9.633e-4,6.248e-22,2.764e-17,2.969e-20,6.327e-29,9.874e-20,9.580e-23,3.555e-1,1.470e-3,3.609e-1,2.270e+0,7.784e-20,1.056e-2,3.805e-18,5.575e-4,2.312e+0,1.046e-17,,2.550e-17,,,5.331e-19,,5.651e-19,,8.359e-19,,3.594e-1,,1.761e-17,,1.507e-18,1.509e-16
469.79,6.995e+0,1.078e-20,3.278e-28,1.109e-35,1.283e-17,,,5.211e-1,5.887e-21,,3.311e-15,5.770e-18,6.578e-10,1.016e-17,4.378e-14,3.152e-17,6.715e-21,4.280e-26,,5.470e-4,5.140e-20,4.465e-21,5.154e-4,7.992e-17,7.045e-20,7.086e-1,,1.312e-3,6.253e-22,2.767e-17,2.970e-20,6.328e-29,9.877e-20,9.582e-23,2.988e-1,9.809e-4,4.107e-1,1.914e+0,7.816e-20,7.621e-3,3.773e-18,3.840e-4,2.760e+0,2.296e-17,,2.546e-17,,,5.323e-19,,5.651e-19,,8.358e-19,,3.702e-1,,1.760e-17,,1.503e-18,1.509e-16
469.81,7.176e+0,1.078e-20,3.098e-28,7.287e-36,7.658e-18,,,5.682e-1,5.777e-21,,3.311e-15,5.767e-18,6.961e-10,1.016e-17,2.840e-14,2.664e-17,6.714e-21,4.314e-26,,4.384e-4,5.142e-20,5.380e-21,3.892e-4,7.981e-17,4.579e-20,7.113e-1,,1.606e-3,6.256e-22,2.768e-17,2.971e-20,6.328e-29,9.878e-20,9.583e-23,2.659e-1,7.458e-4,4.459e-1,1.700e+0,7.838e-20,6.166e-3,3.752e-18,2.982e-4,3.096e+0,3.863e-17,,2.543e-17,,,5.318e-19,,5.650e-19,,8.357e-19,,3.789e-1,,1.760e-17,,1.500e-18,1.510e-16
469.84,7.554e+0,1.079e-20,2.827e-28,3.854e-36,3.508e-18,,,6.427e-1,5.612e-21,,3.311e-15,5.763e-18,7.529e-10,1.016e-17,1.474e-14,2.278e-17,6.713e-21,4.366e-26,,3.125e-4,5.144e-20,7.069e-21,2.537e-4,7.966e-17,2.383e-20,7.130e-1,,2.159e-3,6.261e-22,2.770e-17,2.971e-20,6.329e-29,9.880e-20,9.584e-23,2.231e-1,4.913e-4,5.014e-1,1.415e+0,7.870e-20,4.583e-3,3.721e-18,2.027e-4,3.657e+0,8.376e-17,,2.539e-17,,,5.310e-19,,5.649e-19,,8.357e-19,,3.936e-1,,1.760e-17,,1.496e-18,1.510e-16
469.86,7.877e+0,1.080e-20,2.647e-28,2.509e-36,2.076e-18,,,6.947e-1,5.502e-21,,3.310e-15,5.760e-18,7.899e-10,1.016e-17,9.481e-15,2.239e-17,6.712e-21,4.401e-26,,2.483e-4,5.145e-20,8.444e-21,1.898e-4,7.955e-17,1.535e-20,7.128e-1,,2.620e-3,6.264e-22,2.772e-17,2.972e-20,6.329e-29,9.881e-20,9.585e-23,1.986e-1,3.703e-4,5.401e-1,1.246e+0,7.892e-20,3.858e-3,3.700e-18,1.561e-4,4.072e+0,1.397e-16,,2.536e-17,,,5.304e-19,,5.649e-19,,8.356e-19,,4.043e-1,,1.759e-17,,1.493e-18,1.510e-16
469.89,8.467e+0,1.080e-20,2.377e-28,1.310e-36,9.383e-19,,,7.757e-1,5.337e-21,,3.310e-15,5.756e-18,8.433e-10,1.016e-17,4.858e-15,2.526e-17,6.711e-21,4.452e-26,,1.747e-4,5.148e-20,1.095e-20,1.221e-4,7.940e-17,7.887e-21,7.106e-1,,3.478e-3,6.269e-22,2.774e-17,2.973e-20,6.330e-29,9.883e-20,9.586e-23,1.674e-1,2.407e-4,6.002e-1,1.023e+0,7.924e-20,3.187e-3,3.669e-18,1.048e-4,4.761e+0,2.991e-16,,2.532e-17,,,5.296e-19,,5.648e-19,,8.355e-19,,4.212e-1,,1.759e-17,,1.488e-18,1.511e-16
469.91,8.930e+0,1.081e-20,2.196e-28,8.453e-37,5.503e-19,,,8.313e-1,5.227e-21,,3.310e-15,5.753e-18,8.771e-10,1.016e-17,3.097e-15,2.980e-17,6.711e-21,4.487e-26,,1.376e-4,5.149e-20,1.297e-20,9.062e-5,7.930e-17,5.037e-21,7.078e-1,,4.182e-3,6.272e-22,2.775e-17,2.973e-20,6.330e-29,9.885e-20,9.587e-23,1.500e-1,1.799e-4,6.414e-1,8.937e-1,7.946e-20,2.986e-3,3.648e-18,7.996e-5,5.265e+0,4.946e-16,,2.529e-17,,,5.290e-19,,5.647e-19,,8.355e-19,,4.328e-1,,1.758e-17,,1.485e-18,1.511e-16
469.94,9.727e+0,1.081e-20,1.926e-28,4.354e-37,2.455e-19,,,9.162e-1,5.062e-21,,3.309e-15,5.749e-18,9.244e-10,1.016e-17,1.566e-15,4.155e-17,6.710e-21,4.539e-26,,9.553e-5,5.152e-20,1.661e-20,5.753e-5,7.914e-17,2.554e-21,7.021e-1,,5.481e-3,6.276e-22,2.778e-17,2.974e-20,6.331e-29,9.887e-20,9.588e-23,1.286e-1,1.154e-4,7.047e-1,7.245e-1,7.978e-20,3.031e-3,3.616e-18,5.302e-5,6.092e+0,1.045e-15,,2.524e-17,,,5.282e-19,,5.647e-19,,8.354e-19,,4.501e-1,,1.758e-17,,1.481e-18,1.511e-16
469.96,1.032e+1,1.082e-20,1.746e-28,2.786e-37,1.427e-19,,,9.734e-1,4.952e-21,,3.309e-15,5.746e-18,9.532e-10,1.016e-17,9.895e-16,5.364e-17,6.709e-21,4.573e-26,,7.459e-5,5.153e-20,1.950e-20,4.232e-5,7.904e-17,1.617e-21,6.975e-1,,6.535e-3,6.279e-22,2.779e-17,2.974e-20,6.331e-29,9.888e-20,9.589e-23,1.172e-1,8.549e-5,7.474e-1,6.272e-1,8.000e-20,3.295e-3,3.595e-18,4.017e-5,6.690e+0,1.714e-15,,2.521e-17,,,5.277e-19,,5.646e-19,,8.354e-19,,4.613e-1,,1.757e-17,,1.478e-18,1.511e-16
469.99,1.132e+1,1.082e-20,1.475e-28,1.416e-37,6.285e-20,,,1.059e+0,4.787e-21,,3.308e-15,5.742e-18,9.917e-10,1.016e-17,4.938e-16,8.050e-17,6.708e-21,4.625e-26,,5.112e-5,5.156e-20,2.465e-20,2.652e-5,7.888e-17,8.089e-22,6.897e-1,,8.454e-3,6.284e-22,2.781e-17,2.975e-20,6.332e-29,9.890e-20,9.591e-23,1.039e-1,5.414e-5,8.120e-1,5.020e-1,8.032e-20,4.075e-3,3.564e-18,2.640e-5,7.662e+0,3.576e-15,,2.517e-17,,,5.269e-19,,5.645e-19,,8.353e-19,,4.771e-1,,1.757e-17,,1.473e-18,1.512e-16
470.01,1.204e+1,1.083e-20,1.295e-28,8.983e-38,6.293e-20,,,1.115e+0,4.677e-21,,3.308e-15,5.739e-18,1.014e-9,1.016e-17,3.093e-16,1.062e-16,6.707e-21,4.660e-26,,3.957e-5,5.157e-20,2.869e-20,1.934e-5,7.878e-17,5.076e-22,6.841e-1,,9.994e-3,6.287e-22,2.783e-17,2.976e-20,6.332e-29,9.892e-20,9.592e-23,9.758e-2,3.976e-5,8.550e-1,4.309e-1,8.054e-20,4.887e-3,3.543e-18,1.994e-5,8.358e+0,5.813e-15,,2.514e-17,,,5.263e-19,,5.645e-19,,8.352e-19,,4.868e-1,,1.756e-17,,1.470e-18,1.512e-16
470.04,1.322e+1,1.083e-20,1.025e-28,4.508e-38,6.305e-20,,,1.198e+0,4.512e-21,,3.308e-15,5.735e-18,1.041e-9,1.016e-17,1.524e-16,1.611e-16,6.706e-21,4.711e-26,,2.677e-5,5.160e-20,3.580e-20,1.196e-5,7.862e-17,2.507e-22,6.759e-1,,1.276e-2,6.292e-22,2.785e-17,2.976e-20,6.333e-29,9.894e-20,9.593e-23,9.147e-2,2.485e-5,9.190e-1,3.405e-1,8.086e-20,6.638e-3,3.512e-18,1.317e-5,9.475e+0,1.197e-14,,2.510e-17,,,5.255e-19,,5.644e-19,,8.352e-19,,4.996e-1,,1.756e-17,,1.466e-18,1.512e-16
470.06,1.406e+1,1.084e-20,8.443e-29,2.834e-38,6.313e-20,,,1.251e+0,4.402e-21,,3.307e-15,5.732e-18,1.055e-9,1.016e-17,9.461e-17,2.124e-16,6.705e-21,4.746e-26,,2.054e-5,5.161e-20,4.132e-20,8.650e-6,7.852e-17,1.559e-22,6.707e-1,,1.496e-2,6.295e-22,2.787e-17,2.977e-20,6.333e-29,9.895e-20,9.594e-23,8.957e-2,1.809e-5,9.609e-1,2.899e-1,8.108e-20,8.239e-3,3.491e-18,1.011e-5,1.027e+1,1.930e-14,,2.507e-17,,,5.249e-19,,5.643e-19,,8.351e-19,,5.067e-1,,1.756e-17,,1.463e-18,1.513e-16
470.09,1.540e+1,1.084e-20,5.739e-29,1.403e-38,6.325e-20,,,1.326e+0,4.237e-21,,3.307e-15,5.728e-18,1.070e-9,1.016e-17,4.599e-17,3.199e-16,6.704e-21,4.798e-26,,1.371e-5,5.164e-20,5.089e-20,5.286e-6,7.837e-17,7.601e-23,6.641e-1,,1.885e-2,6.300e-22,2.789e-17,2.978e-20,6.334e-29,9.897e-20,9.595e-23,8.981e-2,1.116e-5,1.022e+0,2.264e-1,8.141e-20,1.147e-2,3.459e-18,7.115e-6,1.152e+1,3.925e-14,,2.503e-17,,,5.241e-19,,5.643e-19,,8.350e-19,,5.149e-1,,1.755e-17,,1.459e-18,1.513e-16
470.11,1.634e+1,1.085e-20,3.936e-29,8.747e-39,6.333e-20,,,1.373e+0,4.127e-21,,3.307e-15,5.725e-18,1.075e-9,1.016e-17,2.831e-17,4.188e-16,6.704e-21,4.832e-26,,1.043e-5,5.165e-20,5.823e-20,3.795e-6,7.826e-17,4.687e-23,6.608e-1,,2.191e-2,6.303e-22,2.790e-17,2.978e-20,6.334e-29,9.899e-20,9.596e-23,9.197e-2,8.053e-6,1.062e+0,1.913e-1,8.162e-20,1.430e-2,3.438e-18,5.945e-6,1.240e+1,6.273e-14,,2.500e-17,,,5.236e-19,,5.642e-19,,8.350e-19,,5.187e-1,,1.755e-17,,1.456e-18,1.513e-16
470.13,1.731e+1,1.085e-20,6.764e-29,5.432e-39,6.341e-20,,,1.416e+0,4.017e-21,,3.306e-15,5.722e-18,1.076e-9,1.016e-17,1.736e-17,5.465e-16,6.703e-21,4.867e-26,,7.906e-6,5.167e-20,6.639e-20,2.719e-6,7.816e-17,2.880e-23,6.586e-1,,2.536e-2,6.306e-22,2.792e-17,2.979e-20,6.334e-29,9.900e-20,9.597e-23,9.569e-2,5.790e-6,1.100e+0,1.613e-1,8.184e-20,1.782e-2,3.417e-18,5.318e-6,1.331e+1,9.990e-14,,2.497e-17,,,5.230e-19,,5.641e-19,,8.349e-19,,5.209e-1,,1.754e-17,,1.453e-18,1.513e-16
470.16,1.883e+1,1.086e-20,1.514e-28,2.641e-39,6.353e-20,,,1.474e+0,3.851e-21,,3.306e-15,5.718e-18,1.071e-9,1.016e-17,8.287e-18,8.098e-16,6.702e-21,4.919e-26,,5.183e-6,5.169e-20,8.032e-20,1.652e-6,7.800e-17,1.378e-23,6.579e-1,,3.140e-2,6.311e-22,2.794e-17,2.979e-20,6.335e-29,9.902e-20,9.598e-23,1.042e-1,3.508e-6,1.155e+0,1.245e-1,8.216e-20,2.467e-2,3.386e-18,5.289e-6,1.474e+1,1.995e-13,,2.493e-17,,,5.222e-19,,5.641e-19,,8.349e-19,,5.213e-1,,1.754e-17,,1.448e-18,1.514e-16
470.18,1.987e+1,1.086e-20,2.580e-28,1.626e-39,6.361e-20,,,1.508e+0,3.741e-21,,3.306e-15,5.715e-18,1.064e-9,1.016e-17,5.039e-18,1.048e-15,6.701e-21,4.953e-26,,3.894e-6,5.171e-20,9.080e-20,1.193e-6,7.790e-17,8.395e-24,6.594e-1,,3.605e-2,6.314e-22,2.796e-17,2.980e-20,6.335e-29,9.904e-20,9.599e-23,1.117e-1,2.500e-6,1.190e+0,1.048e-1,8.238e-20,3.054e-2,3.365e-18,5.865e-6,1.571e+1,3.151e-13,,2.490e-17,,,5.217e-19,,5.640e-19,,8.348e-19,,5.196e-1,,1.753e-17,,1.445e-18,1.514e-16
470.21,2.148e+1,1.087e-20,5.701e-28,7.802e-40,6.373e-20,,,1.549e+0,3.576e-21,,3.305e-15,5.711e-18,1.045e-9,1.016e-17,2.373e-18,1.533e-15,6.700e-21,5.005e-26,,2.520e-6,5.173e-20,1.084e-19,7.591e-7,7.775e-17,3.965e-24,6.652e-1,,4.405e-2,6.318e-22,2.798e-17,2.981e-20,6.336e-29,9.906e-20,9.601e-23,1.259e-1,1.495e-6,1.238e+0,8.111e-2,8.270e-20,4.182e-2,3.333e-18,7.722e-6,1.722e+1,6.213e-13,,2.486e-17,,,5.208e-19,,5.639e-19,,8.347e-19,,5.138e-1,,1.753e-17,,1.441e-18,1.514e-16
470.23,2.257e+1,1.088e-20,9.630e-28,4.761e-40,6.380e-20,,,1.571e+0,3.466e-21,,3.305e-15,5.708e-18,1.029e-9,1.016e-17,1.430e-18,1.967e-15,6.699e-21,5.039e-26,,1.877e-6,5.175e-20,1.215e-19,5.911e-7,7.764e-17,2.394e-24,6.717e-1,,5.013e-2,6.321e-22,2.799e-17,2.981e-20,6.336e-29,9.907e-20,9.602e-23,1.372e-1,1.056e-6,1.268e+0,6.884e-2,8.292e-20,5.137e-2,3.313e-18,9.747e-6,1.825e+1,9.727e-13,,2.483e-17,,,5.203e-19,,5.639e-19,,8.347e-19,,5.080e-1,,1.752e-17,,1.438e-18,1.514e-16
470.26,2.423e+1,1.088e-20,2.101e-27,2.255e-40,6.392e-20,,,1.594e+0,3.301e-21,,3.305e-15,5.704e-18,9.979e-10,1.016e-17,6.650e-19,2.841e-15,6.698e-21,5.091e-26,,1.199e-6,5.177e-20,1.433e-19,4.719e-7,7.749e-17,1.116e-24,6.855e-1,,6.048e-2,6.326e-22,2.802e-17,2.982e-20,6.337e-29,9.909e-20,9.603e-23,1.569e-1,6.233e-7,1.310e+0,5.493e-2,8.324e-20,6.949e-2,7.469e-18,1.432e-5,1.980e+1,1.894e-12,,2.478e-17,,,5.195e-19,,5.638e-19,,8.346e-19,,4.963e-1,,1.752e-17,,1.434e-18,1.515e-16
470.28,2.534e+1,1.089e-20,3.519e-27,1.364e-40,6.400e-20,,,1.602e+0,3.191e-21,,3.304e-15,5.701e-18,9.736e-10,1.016e-17,3.973e-19,3.615e-15,6.698e-21,5.126e-26,,8.852e-7,5.178e-20,1.592e-19,4.665e-7,7.738e-17,6.679e-25,6.976e-1,,6.824e-2,6.329e-22,2.803e-17,2.982e-20,6.337e-29,9.911e-20,9.604e-23,1.720e-1,4.366e-7,1.335e+0,4.832e-2,8.346e-20,8.465e-2,1.279e-17,1.871e-5,2.085e+1,2.939e-12,,2.475e-17,,,5.189e-19,,5.637e-19,,8.346e-19,,4.866e-1,,1.752e-17,,1.431e-18,1.515e-16
470.31,2.700e+1,1.089e-20,7.605e-27,6.376e-41,6.412e-20,,,1.604e+0,3.026e-21,,3.304e-15,5.697e-18,9.323e-10,1.016e-17,1.823e-19,5.154e-15,6.697e-21,5.178e-26,,5.580e-7,5.181e-20,1.853e-19,5.646e-7,7.723e-17,3.072e-25,7.201e-1,,8.126e-2,6.334e-22,2.805e-17,2.983e-20,6.338e-29,9.913e-20,9.605e-23,1.973e-1,2.543e-7,1.369e+0,4.200e-2,8.378e-20,1.131e-1,2.846e-17,2.803e-5,2.240e+1,5.649e-12,,2.471e-17,,,5.181e-19,,5.637e-19,,8.345e-19,,4.694e-1,,1.751e-17,,1.426e-18,1.515e-16
470.33,2.810e+1,1.090e-20,1.263e-26,3.824e-41,6.420e-20,,,1.598e+0,2.916e-21,,3.304e-15,5.694e-18,9.018e-10,1.016e-17,1.080e-19,6.501e-15,6.696e-21,5.212e-26,,4.085e-7,5.182e-20,2.042e-19,7.090e-7,7.713e-17,1.823e-25,7.381e-1,,9.090e-2,6.337e-22,2.807e-17,2.984e-20,6.338e-29,9.914e-20,9.606e-23,2.159e-1,1.766e-7,1.390e+0,4.004e-2,8.400e-20,1.366e-1,4.832e-17,3.667e-5,2.343e+1,8.695e-12,,2.468e-17,,,5.176e-19,,5.636e-19,,8.344e-19,,4.564e-1,,1.751e-17,,1.423e-18,1.516e-16
470.36,2.972e+1,1.090e-20,2.686e-26,1.764e-41,6.432e-20,,,1.580e+0,2.751e-21,,3.303e-15,5.690e-18,8.524e-10,1.016e-17,4.889e-20,9.150e-15,6.695e-21,5.264e-26,,2.541e-7,5.185e-20,2.347e-19,1.079e-6,7.697e-17,8.276e-26,7.693e-1,,1.069e-1,6.342e-22,2.809e-17,2.985e-20,6.339e-29,9.916e-20,9.607e-23,2.465e-1,1.015e-7,1.416e+0,4.037e-2,8.432e-20,1.801e-1,1.062e-16,5.464e-5,2.494e+1,1.650e-11,,2.464e-17,,,5.167e-19,,5.635e-19,,8.344e-19,,4.348e-1,,1.750e-17,,1.419e-18,1.516e-16
470.38,3.077e+1,1.091e-20,4.424e-26,1.049e-41,6.440e-20,,,1.561e+0,2.641e-21,,3.303e-15,5.687e-18,8.175e-10,1.016e-17,2.870e-20,1.144e-14,6.694e-21,5.298e-26,,1.844e-7,5.186e-20,2.564e-19,1.461e-6,7.687e-17,4.868e-26,7.928e-1,,1.185e-1,6.345e-22,2.810e-17,2.985e-20,6.339e-29,9.918e-20,9.608e-23,2.685e-1,6.988e-8,1.432e+0,4.281e-2,8.454e-20,2.157e-1,1.787e-16,7.103e-5,2.592e+1,2.517e-11,,2.461e-17,,,5.162e-19,,5.635e-19,,8.343e-19,,4.192e-1,,1.750e-17,,1.416e-18,1.516e-16
470.41,3.231e+1,1.091e-20,9.289e-26,4.774e-42,6.452e-20,,,1.523e+0,2.476e-21,,3.302e-15,5.683e-18,7.628e-10,1.016e-17,1.283e-20,1.590e-14,6.693e-21,5.350e-26,,1.133e-7,5.189e-20,2.909e-19,2.330e-6,7.671e-17,2.181e-26,8.316e-1,,1.375e-1,6.349e-22,2.813e-17,2.986e-20,6.340e-29,9.920e-20,9.610e-23,3.039e-1,3.965e-8,1.452e+0,5.005e-2,8.486e-20,2.808e-1,3.878e-16,1.046e-4,2.733e+1,4.715e-11,,2.457e-17,,,5.154e-19,,5.634e-19,,8.342e-19,,3.942e-1,,1.749e-17,,1.411e-18,1.516e-16
470.43,3.329e+1,1.092e-20,1.517e-25,2.813e-42,6.460e-20,,,1.492e+0,2.366e-21,,3.302e-15,5.681e-18,7.252e-10,1.016e-17,7.465e-21,1.971e-14,6.692e-21,5.385e-26,,8.147e-8,5.190e-20,3.151e-19,3.182e-6,7.661e-17,1.272e-26,8.596e-1,,1.512e-1,6.352e-22,2.814e-17,2.986e-20,6.340e-29,9.921e-20,9.611e-23,3.289e-1,2.705e-8,1.463e+0,5.749e-2,8.508e-20,3.335e-1,6.471e-16,1.349e-4,2.823e+1,7.134e-11,,2.454e-17,,,5.148e-19,,5.633e-19,,8.342e-19,,3.768e-1,,1.749e-17,,1.409e-18,1.517e-16
470.46,3.469e+1,1.092e-20,3.144e-25,1.264e-42,6.472e-20,,,1.437e+0,2.201e-21,,3.302e-15,5.676e-18,6.679e-10,1.016e-17,3.293e-21,2.704e-14,6.691e-21,5.437e-26,,4.938e-8,5.193e-20,3.530e-19,5.065e-6,7.645e-17,5.624e-27,9.042e-1,,1.732e-1,6.357e-22,2.816e-17,2.987e-20,6.341e-29,9.923e-20,9.612e-23,3.682e-1,1.515e-8,1.477e+0,7.319e-2,8.540e-20,4.287e-1,1.386e-15,1.963e-4,2.948e+1,1.319e-10,,2.450e-17,,,5.140e-19,,5.633e-19,,8.341e-19,,3.499e-1,,1.748e-17,,1.404e-18,1.517e-16
470.48,3.558e+1,1.093e-20,5.090e-25,7.384e-43,6.479e-20,,,1.395e+0,2.091e-21,,3.301e-15,5.674e-18,6.296e-10,1.016e-17,3.464e-21,3.323e-14,6.691e-21,5.471e-26,,3.522e-8,5.194e-20,3.792e-19,6.881e-6,7.635e-17,3.250e-27,9.353e-1,,1.888e-1,6.360e-22,2.818e-17,2.988e-20,6.341e-29,9.924e-20,9.613e-23,3.954e-1,1.025e-8,1.484e+0,8.713e-2,8.562e-20,5.047e-1,2.294e-15,2.509e-4,3.025e+1,1.979e-10,,2.447e-17,,,5.135e-19,,5.632e-19,,8.341e-19,,3.316e-1,,1.748e-17,,1.401e-18,1.517e-16
470.51,3.682e+1,1.094e-20,1.042e-24,3.275e-43,6.491e-20,,,1.326e+0,1.926e-21,,3.301e-15,5.669e-18,5.724e-10,1.016e-17,3.722e-21,4.500e-14,6.689e-21,5.523e-26,,2.107e-8,5.197e-20,4.196e-19,1.083e-5,7.620e-17,3.278e-27,9.829e-1,,2.135e-1,6.365e-22,2.820e-17,2.988e-20,6.342e-29,9.927e-20,9.614e-23,4.374e-1,5.665e-9,1.491e+0,1.143e-1,8.594e-20,6.405e-1,4.851e-15,3.604e-4,3.131e+1,3.613e-10,,2.442e-17,,,5.126e-19,,5.631e-19,,8.340e-19,,3.039e-1,,1.747e-17,,1.397e-18,1.518e-16
470.53,3.758e+1,1.094e-20,1.672e-24,1.896e-43,6.499e-20,,,1.277e+0,1.816e-21,,3.301e-15,5.667e-18,5.349e-10,1.016e-17,3.894e-21,5.484e-14,6.689e-21,5.557e-26,,1.489e-8,5.198e-20,4.470e-19,1.460e-5,7.609e-17,3.297e-27,1.015e+0,,2.307e-1,6.368e-22,2.822e-17,2.989e-20,6.342e-29,9.928e-20,9.615e-23,4.660e-1,3.799e-9,1.495e+0,1.372e-1,8.616e-20,7.477e-1,7.958e-15,4.568e-4,3.193e+1,5.374e-10,,2.439e-17,,,5.121e-19,,5.631e-19,,8.339e-19,,2.855e-1,,1.747e-17,,1.394e-18,1.518e-16
470.55,3.830e+1,1.094e-20,2.675e-24,1.896e-43,6.507e-20,,,1.225e+0,1.706e-21,,3.300e-15,5.664e-18,4.981e-10,1.016e-17,4.066e-21,6.660e-14,6.688e-21,5.592e-26,,1.049e-8,5.200e-20,4.746e-19,1.961e-5,7.599e-17,3.316e-27,1.047e+0,,2.485e-1,6.371e-22,2.823e-17,2.989e-20,6.342e-29,9.929e-20,9.616e-23,4.948e-1,2.538e-9,1.497e+0,1.648e-1,8.638e-20,8.698e-1,1.301e-14,5.770e-4,3.248e+1,7.966e-10,,2.437e-17,,,5.115e-19,,5.630e-19,,8.339e-19,,2.673e-1,,1.747e-17,,1.391e-18,1.518e-16
470.58,3.928e+1,1.095e-20,5.379e-24,1.895e-43,6.519e-20,,,1.143e+0,1.541e-21,,3.300e-15,5.660e-18,4.447e-10,1.016e-17,4.324e-21,8.857e-14,6.687e-21,5.644e-26,,6.163e-9,5.202e-20,5.161e-19,3.033e-5,7.583e-17,3.344e-27,1.093e+0,,2.759e-1,6.376e-22,2.825e-17,2.990e-20,6.343e-29,9.931e-20,9.617e-23,5.380e-1,1.378e-9,1.497e+0,2.163e-1,8.670e-20,1.084e+0,2.703e-14,8.140e-4,3.319e+1,1.428e-9,,2.432e-17,,,5.107e-19,,5.629e-19,,8.338e-19,,2.406e-1,,1.746e-17,,1.386e-18,1.518e-16
470.6,3.986e+1,1.095e-20,8.531e-24,1.894e-43,6.527e-20,,,1.087e+0,1.431e-21,,3.300e-15,5.657e-18,4.106e-10,1.016e-17,4.496e-21,1.066e-13,6.686e-21,5.678e-26,,4.304e-9,5.204e-20,5.436e-19,4.039e-5,7.573e-17,3.363e-27,1.123e+0,,2.946e-1,6.379e-22,2.827e-17,2.991e-20,6.343e-29,9.933e-20,9.618e-23,5.664e-1,9.125e-10,1.496e+0,2.586e-1,8.692e-20,1.251e+0,4.381e-14,1.019e-3,3.356e+1,2.099e-9,,2.429e-17,,,5.102e-19,,5.629e-19,,8.338e-19,,2.234e-1,,1.746e-17,,1.383e-18,1.519e-16
470.63,4.065e+1,1.096e-20,1.693e-23,1.893e-43,6.539e-20,,,1.002e+0,1.266e-21,,3.299e-15,5.653e-18,3.619e-10,1.016e-17,4.753e-21,1.400e-13,6.685e-21,5.730e-26,,2.495e-9,5.206e-20,5.840e-19,6.167e-5,7.558e-17,3.391e-27,1.164e+0,,3.229e-1,6.383e-22,2.829e-17,2.991e-20,6.344e-29,9.935e-20,9.620e-23,6.081e-1,4.888e-10,1.491e+0,3.362e-1,8.724e-20,1.540e+0,8.986e-14,1.420e-3,3.398e+1,3.716e-9,,2.425e-17,,,5.094e-19,,5.628e-19,,8.337e-19,,1.985e-1,,1.745e-17,,1.379e-18,1.519e-16
470.65,4.111e+1,1.097e-20,2.663e-23,1.893e-43,6.547e-20,,,9.448e-1,1.156e-21,,3.299e-15,5.650e-18,3.312e-10,1.016e-17,4.925e-21,1.671e-13,6.685e-21,5.765e-26,,1.728e-9,5.208e-20,6.102e-19,8.143e-5,7.547e-17,3.409e-27,1.189e+0,,3.419e-1,6.387e-22,2.831e-17,2.992e-20,6.344e-29,9.936e-20,9.621e-23,6.348e-1,3.210e-10,1.486e+0,3.990e-1,8.746e-20,1.761e+0,1.444e-13,1.763e-3,3.417e+1,5.415e-9,,2.422e-17,,,5.088e-19,,5.627e-19,,8.336e-19,,1.826e-1,,1.745e-17,,1.376e-18,1.519e-16
470.68,4.171e+1,1.097e-20,5.219e-23,1.892e-43,6.559e-20,,,8.594e-1,9.910e-22,,3.299e-15,5.646e-18,2.882e-10,1.016e-17,5.183e-21,2.166e-13,6.683e-21,5.816e-26,,9.886e-10,5.210e-20,6.479e-19,1.227e-4,7.532e-17,3.437e-27,1.222e+0,,3.699e-1,6.391e-22,2.833e-17,2.993e-20,6.345e-29,9.938e-20,9.622e-23,6.728e-1,1.697e-10,1.476e+0,5.128e-1,8.778e-20,2.140e+0,2.924e-13,2.423e-3,3.430e+1,9.463e-9,,2.418e-17,,,5.080e-19,,5.627e-19,,8.335e-19,,1.602e-1,,1.744e-17,,1.372e-18,1.520e-16
470.7,4.206e+1,1.098e-20,8.137e-23,1.891e-43,6.567e-20,,,8.034e-1,8.810e-22,,3.298e-15,5.643e-18,2.615e-10,1.016e-17,5.355e-21,2.564e-13,6.683e-21,5.851e-26,,6.785e-10,5.211e-20,6.718e-19,1.607e-4,7.521e-17,3.456e-27,1.241e+0,,3.882e-1,6.394e-22,2.834e-17,2.993e-20,6.345e-29,9.940e-20,9.623e-23,6.963e-1,1.105e-10,1.467e+0,6.037e-1,8.800e-20,2.426e+0,4.660e-13,2.983e-3,3.429e+1,1.367e-8,,2.415e-17,,,5.074e-19,,5.626e-19,,8.335e-19,,1.462e-1,,1.744e-17,,1.369e-18,1.520e-16
470.73,4.252e+1,1.098e-20,1.574e-22,1.890e-43,6.579e-20,,,7.213e-1,7.159e-22,,3.298e-15,5.639e-18,2.246e-10,1.016e-17,5.613e-21,3.280e-13,6.682e-21,5.903e-26,,3.832e-10,5.214e-20,7.053e-19,2.391e-4,7.506e-17,3.484e-27,1.262e+0,,4.147e-1,6.399e-22,2.836e-17,2.994e-20,6.346e-29,9.942e-20,9.624e-23,7.286e-1,5.764e-11,1.452e+0,7.663e-1,8.832e-20,2.911e+0,9.316e-13,4.049e-3,3.413e+1,2.359e-8,,2.411e-17,,,5.066e-19,,5.625e-19,,8.334e-19,,1.265e-1,,1.743e-17,,1.364e-18,1.520e-16
470.75,4.279e+1,1.099e-20,2.434e-22,1.890e-43,6.586e-20,,,6.685e-1,6.059e-22,,3.298e-15,5.636e-18,2.020e-10,1.016e-17,5.785e-21,3.849e-13,6.681e-21,5.937e-26,,2.607e-10,5.215e-20,7.259e-19,3.104e-4,7.496e-17,3.503e-27,1.273e+0,,4.315e-1,6.402e-22,2.838e-17,2.994e-20,6.346e-29,9.943e-20,9.625e-23,7.476e-1,3.720e-11,1.440e+0,8.945e-1,8.854e-20,3.273e+0,1.472e-12,4.942e-3,3.394e+1,3.379e-8,,2.408e-17,,,5.061e-19,,5.625e-19,,8.334e-19,,1.145e-1,,1.743e-17,,1.361e-18,1.520e-16
470.78,4.315e+1,1.099e-20,4.649e-22,1.889e-43,6.598e-20,,,5.925e-1,4.409e-22,,3.297e-15,5.632e-18,1.713e-10,1.016e-17,6.042e-21,4.861e-13,6.680e-21,5.989e-26,,1.454e-10,5.218e-20,7.539e-19,4.560e-4,7.480e-17,3.531e-27,1.282e+0,,4.550e-1,6.407e-22,2.840e-17,2.995e-20,6.347e-29,9.945e-20,9.626e-23,7.722e-1,1.916e-11,1.419e+0,1.121e+0,8.886e-20,3.877e+0,2.905e-12,6.621e-3,3.353e+1,5.755e-8,,2.403e-17,,,5.053e-19,,5.624e-19,,8.333e-19,,9.782e-2,,1.742e-17,,1.357e-18,1.521e-16
470.8,4.337e+1,1.100e-20,7.127e-22,1.888e-43,6.606e-20,,,5.444e-1,7.569e-22,,3.297e-15,5.629e-18,1.527e-10,1.016e-17,6.214e-21,5.655e-13,6.679e-21,6.024e-26,,9.803e-11,5.219e-20,7.705e-19,5.867e-4,7.470e-17,3.550e-27,1.283e+0,,4.694e-1,6.410e-22,2.842e-17,2.996e-20,6.347e-29,9.947e-20,9.627e-23,7.856e-1,1.225e-11,1.403e+0,1.297e+0,8.908e-20,4.322e+0,4.551e-12,8.012e-3,3.317e+1,8.174e-8,,2.401e-17,,,5.047e-19,,5.623e-19,,8.332e-19,,8.771e-2,,1.742e-17,,1.354e-18,1.521e-16
470.83,4.369e+1,1.100e-20,1.344e-21,1.887e-43,6.618e-20,,,4.763e-1,1.692e-21,,3.296e-15,5.625e-18,1.278e-10,1.016e-17,6.472e-21,7.051e-13,6.678e-21,6.075e-26,,5.394e-11,5.222e-20,7.923e-19,8.510e-4,7.454e-17,3.578e-27,1.278e+0,,4.886e-1,6.414e-22,2.844e-17,2.996e-20,6.348e-29,9.949e-20,9.629e-23,8.010e-1,6.229e-12,1.377e+0,1.605e+0,8.940e-20,5.055e+0,8.868e-12,1.060e-2,3.253e+1,1.375e-7,,2.396e-17,,,5.039e-19,,5.623e-19,,8.332e-19,,7.400e-2,,1.742e-17,,1.350e-18,1.521e-16
470.85,4.391e+1,1.101e-20,2.043e-21,1.886e-43,6.626e-20,,,4.338e-1,2.880e-21,,3.296e-15,5.622e-18,1.130e-10,1.016e-17,6.644e-21,8.132e-13,6.678e-21,6.110e-26,,3.606e-11,5.223e-20,8.047e-19,1.086e-3,7.444e-17,3.596e-27,1.271e+0,,4.996e-1,6.418e-22,2.845e-17,2.997e-20,6.348e-29,9.950e-20,9.630e-23,8.079e-1,3.950e-12,1.358e+0,1.842e+0,8.962e-20,5.588e+0,1.378e-11,1.271e-2,3.203e+1,1.936e-7,,2.393e-17,,,5.033e-19,,5.622e-19,,8.331e-19,,6.578e-2,,1.741e-17,,1.347e-18,1.521e-16
470.88,4.426e+1,1.102e-20,3.804e-21,1.886e-43,6.638e-20,,,3.746e-1,6.356e-21,,3.296e-15,5.618e-18,9.335e-11,1.016e-17,6.902e-21,1.001e-12,6.676e-21,6.162e-26,,1.959e-11,5.226e-20,8.199e-19,1.555e-3,7.428e-17,3.624e-27,1.253e+0,,5.134e-1,6.422e-22,2.848e-17,2.998e-20,6.349e-29,9.952e-20,9.631e-23,8.132e-1,1.982e-12,1.326e+0,2.249e+0,8.994e-20,6.452e+0,2.650e-11,1.660e-2,3.121e+1,3.213e-7,,2.389e-17,,,5.025e-19,,5.621e-19,,8.330e-19,,5.478e-2,,1.741e-17,,1.342e-18,1.522e-16
470.9,4.452e+1,1.102e-20,5.732e-21,1.885e-43,6.646e-20,,,3.383e-1,1.073e-20,,3.295e-15,5.615e-18,8.183e-11,1.016e-17,7.074e-21,1.145e-12,6.676e-21,6.196e-26,,1.298e-11,5.227e-20,8.280e-19,1.966e-3,7.418e-17,3.643e-27,1.237e+0,,5.205e-1,6.425e-22,2.849e-17,2.998e-20,6.349e-29,9.954e-20,9.632e-23,8.132e-1,1.246e-12,1.303e+0,2.559e+0,9.016e-20,7.072e+0,4.081e-11,1.974e-2,3.061e+1,4.486e-7,,2.386e-17,,,5.020e-19,,5.621e-19,,8.330e-19,,4.828e-2,,1.740e-17,,1.339e-18,1.522e-16
470.92,4.481e+1,1.102e-20,8.610e-21,1.884e-43,6.654e-20,,,3.044e-1,1.805e-20,,3.295e-15,5.612e-18,7.149e-11,1.016e-17,7.245e-21,1.304e-12,6.675e-21,6.231e-26,,8.574e-12,5.229e-20,8.345e-19,2.479e-3,7.408e-17,3.662e-27,1.217e+0,,5.259e-1,6.428e-22,2.851e-17,2.999e-20,6.349e-29,9.955e-20,9.633e-23,8.104e-1,7.805e-13,1.279e+0,2.902e+0,9.038e-20,7.724e+0,6.264e-11,2.340e-2,2.998e+1,6.242e-7,,2.383e-17,,,5.014e-19,,5.620e-19,,8.329e-19,,4.241e-2,,1.740e-17,,1.336e-18,1.522e-16
470.95,4.531e+1,1.103e-20,1.575e-20,1.883e-43,6.666e-20,,,2.582e-1,3.912e-20,,3.295e-15,5.608e-18,5.799e-11,1.016e-17,7.503e-21,1.577e-12,6.674e-21,6.283e-26,,4.572e-12,5.231e-20,8.413e-19,3.486e-3,7.392e-17,3.690e-27,1.184e+0,,5.307e-1,6.433e-22,2.853e-17,2.999e-20,6.350e-29,9.957e-20,9.634e-23,8.010e-1,3.845e-13,1.241e+0,3.480e+0,9.070e-20,8.761e+0,1.184e-10,3.001e-2,2.899e+1,1.018e-6,,2.379e-17,,,5.006e-19,,5.619e-19,,8.329e-19,,3.469e-2,,1.739e-17,,1.332e-18,1.523e-16
470.97,4.570e+1,1.103e-20,2.345e-20,1.883e-43,6.674e-20,,,2.303e-1,6.524e-20,,3.294e-15,5.605e-18,5.022e-11,1.016e-17,7.675e-21,1.782e-12,6.673e-21,6.317e-26,,2.994e-12,5.233e-20,8.442e-19,4.357e-3,7.382e-17,3.708e-27,1.158e+0,,5.316e-1,6.436e-22,2.854e-17,3.000e-20,6.350e-29,9.958e-20,9.635e-23,7.914e-1,2.388e-13,1.215e+0,3.912e+0,9.092e-20,9.488e+0,1.801e-10,3.527e-2,2.830e+1,1.404e-6,,2.376e-17,,,5.001e-19,,5.619e-19,,8.328e-19,,3.021e-2,,1.739e-17,,1.329e-18,1.523e-16
471,4.638e+1,1.104e-20,4.234e-20,1.882e-43,6.685e-20,,,1.928e-1,1.396e-19,,3.294e-15,5.601e-18,4.022e-11,1.016e-17,7.933e-21,2.126e-12,6.672e-21,6.369e-26,,1.576e-12,5.235e-20,8.463e-19,6.049e-3,7.366e-17,3.736e-27,1.117e+0,,5.296e-1,6.441e-22,2.857e-17,3.001e-20,6.351e-29,9.961e-20,9.636e-23,7.722e-1,1.161e-13,1.173e+0,4.632e+0,9.124e-20,1.063e+1,3.360e-10,4.465e-2,2.726e+1,2.260e-6,,2.372e-17,,,4.992e-19,,5.618e-19,,8.327e-19,,2.441e-2,,1.738e-17,,1.324e-18,1.523e-16
471.02,4.690e+1,1.105e-20,6.252e-20,1.881e-43,6.693e-20,,,1.705e-1,2.309e-19,,3.294e-15,5.598e-18,3.453e-11,1.016e-17,8.105e-21,2.381e-12,6.672e-21,6.403e-26,,1.023e-12,5.237e-20,8.465e-19,7.495e-3,7.356e-17,3.755e-27,1.088e+0,,5.259e-1,6.444e-22,2.858e-17,3.001e-20,6.351e-29,9.962e-20,9.637e-23,7.563e-1,7.146e-14,1.145e+0,5.162e+0,9.146e-20,1.141e+1,5.071e-10,5.203e-2,2.656e+1,3.092e-6,,2.369e-17,,,4.987e-19,,5.618e-19,,8.327e-19,,2.109e-2,,1.738e-17,,1.322e-18,1.523e-16
471.05,4.779e+1,1.105e-20,1.114e-19,1.880e-43,6.705e-20,,,1.409e-1,4.880e-19,,3.293e-15,5.594e-18,2.729e-11,1.016e-17,8.363e-21,2.805e-12,6.670e-21,6.455e-26,,5.313e-13,5.239e-20,8.453e-19,1.027e-2,7.341e-17,3.783e-27,1.042e+0,,5.172e-1,6.449e-22,2.860e-17,3.002e-20,6.352e-29,9.964e-20,9.639e-23,7.285e-1,3.429e-14,1.101e+0,6.035e+0,9.178e-20,1.262e+1,9.339e-10,6.502e-2,2.552e+1,4.914e-6,,2.365e-17,,,4.979e-19,,5.617e-19,,8.326e-19,,1.683e-2,,1.737e-17,,1.317e-18,1.524e-16
471.07,4.845e+1,1.106e-20,1.632e-19,1.880e-43,6.713e-20,,,1.236e-1,8.001e-19,,3.293e-15,5.591e-18,2.323e-11,1.016e-17,8.534e-21,3.116e-12,6.670e-21,6.490e-26,,3.418e-13,5.241e-20,8.438e-19,1.262e-2,7.330e-17,3.802e-27,1.011e+0,,5.092e-1,6.452e-22,2.862e-17,3.002e-20,6.352e-29,9.965e-20,9.640e-23,7.075e-1,2.093e-14,1.071e+0,6.668e+0,9.200e-20,1.343e+1,1.397e-9,7.512e-2,2.483e+1,6.663e-6,,2.362e-17,,,4.973e-19,,5.616e-19,,8.326e-19,,1.444e-2,,1.737e-17,,1.314e-18,1.524e-16
471.1,4.957e+1,1.106e-20,2.872e-19,1.879e-43,6.725e-20,,,1.008e-1,1.669e-18,,3.293e-15,5.587e-18,1.813e-11,1.016e-17,8.792e-21,3.623e-12,6.669e-21,6.542e-26,,1.753e-13,5.243e-20,8.410e-19,1.708e-2,7.315e-17,3.830e-27,9.656e-1,,4.943e-1,6.456e-22,2.864e-17,3.003e-20,6.353e-29,9.967e-20,9.641e-23,6.727e-1,9.912e-15,1.026e+0,7.694e+0,9.232e-20,1.466e+1,2.540e-9,9.267e-2,2.383e+1,1.045e-5,,2.357e-17,,,4.965e-19,,5.615e-19,,8.325e-19,,1.142e-2,,1.737e-17,,1.310e-18,1.524e-16
471.12,5.038e+1,1.107e-20,4.169e-19,1.878e-43,6.733e-20,,,8.762e-2,2.714e-18,,3.292e-15,5.584e-18,1.530e-11,1.016e-17,8.964e-21,3.989e-12,6.668e-21,6.576e-26,,1.118e-13,5.244e-20,8.390e-19,2.080e-2,7.304e-17,3.849e-27,9.361e-1,,4.825e-1,6.459e-22,2.866e-17,3.004e-20,6.353e-29,9.969e-20,9.642e-23,6.476e-1,5.996e-15,9.964e-1,8.428e+0,9.254e-20,1.548e+1,3.768e-9,1.061e-1,2.318e+1,1.406e-5,,2.355e-17,,,4.960e-19,,5.615e-19,,8.324e-19,,9.740e-3,,1.736e-17,,1.307e-18,1.524e-16
471.15,5.169e+1,1.107e-20,7.244e-19,1.877e-43,6.745e-20,,,7.055e-2,5.590e-18,,3.292e-15,5.580e-18,1.178e-11,1.016e-17,9.222e-21,4.580e-12,6.667e-21,6.628e-26,,5.658e-14,5.247e-20,8.360e-19,2.778e-2,7.289e-17,3.877e-27,8.944e-1,,4.623e-1,6.464e-22,2.868e-17,3.004e-20,6.354e-29,9.971e-20,9.643e-23,6.079e-1,2.803e-15,9.515e-1,9.601e+0,9.286e-20,1.668e+1,6.765e-9,1.293e-1,2.226e+1,2.177e-5,,2.350e-17,,,4.951e-19,,5.614e-19,,8.324e-19,,7.668e-3,,1.736e-17,,1.302e-18,1.525e-16
471.17,5.263e+1,1.108e-20,1.043e-18,1.877e-43,6.753e-20,,,6.080e-2,9.011e-18,,3.291e-15,5.577e-18,9.858e-12,1.016e-17,9.394e-21,4.999e-12,6.666e-21,6.662e-26,,3.578e-14,5.248e-20,8.344e-19,3.355e-2,7.279e-17,3.895e-27,8.687e-1,,4.474e-1,6.467e-22,2.869e-17,3.005e-20,6.354e-29,9.972e-20,9.644e-23,5.803e-1,1.681e-15,9.218e-1,1.043e+1,9.308e-20,1.746e+1,9.950e-9,1.468e-1,2.167e+1,2.903e-5,,2.347e-17,,,4.946e-19,,5.614e-19,,8.323e-19,,6.545e-3,,1.735e-17,,1.299e-18,1.525e-16
471.2,5.410e+1,1.108e-20,1.789e-18,1.876e-43,6.765e-20,,,4.832e-2,1.833e-17,,3.291e-15,5.573e-18,7.495e-12,1.016e-17,9.652e-21,5.666e-12,6.665e-21,6.714e-26,,1.787e-14,5.251e-20,8.327e-19,4.424e-2,7.263e-17,3.923e-27,8.345e-1,,4.232e-1,6.472e-22,2.871e-17,3.006e-20,6.355e-29,9.974e-20,9.645e-23,5.378e-1,7.756e-16,8.780e-1,1.173e+1,9.340e-20,1.858e+1,1.763e-8,1.765e-1,2.085e+1,4.439e-5,,2.343e-17,,,4.938e-19,,5.613e-19,,8.322e-19,,5.197e-3,,1.735e-17,,1.295e-18,1.525e-16
471.22,5.512e+1,1.109e-20,2.553e-18,1.875e-43,6.773e-20,,,4.129e-2,2.929e-17,,3.291e-15,5.570e-18,6.216e-12,1.016e-17,9.823e-21,6.132e-12,6.664e-21,6.749e-26,,1.120e-14,5.252e-20,8.322e-19,5.298e-2,7.253e-17,3.942e-27,8.149e-1,,4.061e-1,6.475e-22,2.873e-17,3.006e-20,6.355e-29,9.976e-20,9.646e-23,5.090e-1,4.611e-16,8.493e-1,1.263e+1,9.362e-20,1.929e+1,2.572e-8,1.987e-1,2.033e+1,5.867e-5,,2.340e-17,,,4.932e-19,,5.612e-19,,8.322e-19,,4.496e-3,,1.734e-17,,1.292e-18,1.526e-16
471.25,5.668e+1,1.110e-20,4.325e-18,1.874e-43,6.785e-20,,,3.239e-2,5.881e-17,,3.290e-15,5.566e-18,4.666e-12,1.016e-17,1.008e-20,6.860e-12,6.663e-21,6.801e-26,,5.523e-15,5.255e-20,8.325e-19,6.897e-2,7.237e-17,3.970e-27,7.910e-1,,3.792e-1,6.480e-22,2.875e-17,3.007e-20,6.355e-29,9.978e-20,9.648e-23,4.657e-1,2.100e-16,8.071e-1,1.402e+1,9.394e-20,2.026e+1,4.500e-8,2.359e-1,1.961e+1,8.858e-5,,2.336e-17,,,4.924e-19,,5.611e-19,,8.321e-19,,3.705e-3,,1.734e-17,,1.288e-18,1.526e-16
471.27,5.772e+1,1.110e-20,6.119e-18,1.874e-43,6.792e-20,,,2.744e-2,9.320e-17,,3.290e-15,5.563e-18,3.836e-12,1.016e-17,1.025e-20,7.362e-12,6.663e-21,6.835e-26,,3.432e-15,5.256e-20,8.335e-19,8.187e-2,7.227e-17,3.989e-27,7.791e-1,,3.607e-1,6.483e-22,2.877e-17,3.007e-20,6.356e-29,9.979e-20,9.649e-23,4.371e-1,1.238e-16,7.797e-1,1.496e+1,9.416e-20,2.085e+1,6.506e-8,2.633e-1,1.917e+1,1.161e-4,,2.333e-17,,,4.919e-19,,5.611e-19,,8.321e-19,,3.334e-3,,1.733e-17,,1.285e-18,1.526e-16
471.29,5.875e+1,1.110e-20,8.629e-18,1.873e-43,6.800e-20,,,2.316e-2,1.472e-16,,3.290e-15,5.561e-18,3.144e-12,1.015e-17,1.042e-20,7.872e-12,6.662e-21,6.870e-26,,2.125e-15,5.258e-20,8.350e-19,9.686e-2,7.217e-17,4.008e-27,7.706e-1,,3.419e-1,6.486e-22,2.878e-17,3.008e-20,6.356e-29,9.981e-20,9.649e-23,4.088e-1,7.268e-17,7.529e-1,1.592e+1,9.437e-20,2.139e+1,9.375e-8,2.929e-1,1.875e+1,1.516e-4,,2.330e-17,,,4.913e-19,,5.610e-19,,8.320e-19,,3.076e-3,,1.733e-17,,1.282e-18,1.526e-16
471.32,6.025e+1,1.111e-20,1.436e-17,1.872e-43,6.812e-20,,,1.784e-2,2.903e-16,,3.289e-15,5.556e-18,2.317e-12,1.015e-17,1.068e-20,8.650e-12,6.661e-21,6.921e-26,,1.029e-15,5.260e-20,8.384e-19,1.238e-1,7.201e-17,4.036e-27,7.645e-1,,3.135e-1,6.490e-22,2.880e-17,3.009e-20,6.357e-29,9.983e-20,9.651e-23,3.676e-1,3.250e-17,7.139e-1,1.736e+1,9.470e-20,2.207e+1,1.611e-7,3.414e-1,1.817e+1,2.248e-4,,2.326e-17,,,4.905e-19,,5.609e-19,,8.319e-19,,2.889e-3,,1.733e-17,,1.277e-18,1.527e-16
471.34,6.121e+1,1.111e-20,2.008e-17,1.872e-43,6.820e-20,,,1.493e-2,4.547e-16,,3.289e-15,5.554e-18,1.882e-12,1.015e-17,1.085e-20,9.170e-12,6.660e-21,6.956e-26,,6.315e-16,5.262e-20,8.412e-19,1.453e-1,7.191e-17,4.054e-27,7.649e-1,,2.947e-1,6.494e-22,2.882e-17,3.009e-20,6.357e-29,9.984e-20,9.652e-23,3.411e-1,1.892e-17,6.886e-1,1.831e+1,9.491e-20,2.245e+1,2.302e-7,3.765e-1,1.782e+1,2.911e-4,,2.323e-17,,,4.899e-19,,5.609e-19,,8.319e-19,,2.892e-3,,1.732e-17,,1.274e-18,1.527e-16
471.37,6.254e+1,1.112e-20,3.298e-17,1.871e-43,6.832e-20,,,1.135e-2,8.853e-16,,3.289e-15,5.550e-18,1.370e-12,1.015e-17,1.111e-20,9.947e-12,6.659e-21,7.008e-26,,3.017e-16,5.264e-20,8.460e-19,1.834e-1,7.175e-17,4.082e-27,7.723e-1,,2.668e-1,6.498e-22,2.884e-17,3.010e-20,6.358e-29,9.986e-20,9.653e-23,3.032e-1,1.882e-17,6.519e-1,1.971e+1,9.524e-20,2.287e+1,3.906e-7,4.333e-1,1.733e+1,4.262e-4,,2.319e-17,,,4.891e-19,,5.608e-19,,8.318e-19,,3.082e-3,,1.732e-17,,1.270e-18,1.527e-16
471.39,6.334e+1,1.113e-20,4.573e-17,1.870e-43,6.840e-20,,,9.420e-3,1.375e-15,,3.288e-15,5.547e-18,1.103e-12,1.015e-17,1.128e-20,1.046e-11,6.658e-21,7.042e-26,,1.836e-16,5.266e-20,8.494e-19,2.132e-1,7.165e-17,4.101e-27,7.816e-1,,2.486e-1,6.501e-22,2.886e-17,3.010e-20,6.358e-29,9.988e-20,9.654e-23,2.793e-1,1.875e-17,6.281e-1,2.061e+1,9.545e-20,2.306e+1,5.534e-7,4.738e-1,1.702e+1,5.471e-4,,2.316e-17,,,4.886e-19,,5.608e-19,,8.318e-19,,3.335e-3,,1.731e-17,,1.267e-18,1.528e-16
471.42,6.438e+1,1.113e-20,7.417e-17,1.869e-43,6.852e-20,,,7.072e-3,2.643e-15,,3.288e-15,5.543e-18,7.922e-13,1.015e-17,1.154e-20,1.120e-11,6.657e-21,7.094e-26,,8.659e-17,5.268e-20,8.545e-19,2.657e-1,7.150e-17,4.129e-27,8.019e-1,,2.222e-1,6.506e-22,2.888e-17,3.011e-20,6.359e-29,9.990e-20,9.655e-23,2.456e-1,1.865e-17,5.937e-1,2.190e+1,9.578e-20,2.320e+1,9.270e-7,5.383e-1,1.660e+1,7.908e-4,,2.311e-17,,,4.878e-19,,5.607e-19,,8.317e-19,,3.913e-3,,1.731e-17,,1.263e-18,1.528e-16
471.44,6.496e+1,1.114e-20,1.020e-16,1.869e-43,6.860e-20,,,5.816e-3,4.069e-15,,3.288e-15,5.540e-18,6.325e-13,1.015e-17,1.171e-20,1.167e-11,6.657e-21,7.129e-26,,5.223e-17,5.270e-20,8.576e-19,3.064e-1,7.139e-17,4.148e-27,8.193e-1,,2.053e-1,6.509e-22,2.889e-17,3.012e-20,6.359e-29,9.991e-20,9.656e-23,2.248e-1,1.858e-17,5.714e-1,2.271e+1,9.600e-20,2.320e+1,1.302e-6,5.835e-1,1.633e+1,1.007e-3,,2.308e-17,,,4.872e-19,,5.606e-19,,8.316e-19,,4.439e-3,,1.730e-17,,1.260e-18,1.528e-16
471.47,6.562e+1,1.114e-20,1.633e-16,1.868e-43,6.872e-20,,,4.310e-3,7.723e-15,,3.287e-15,5.536e-18,4.484e-13,1.015e-17,1.197e-20,1.233e-11,6.656e-21,7.180e-26,,2.431e-17,5.272e-20,8.614e-19,3.769e-1,7.124e-17,4.176e-27,8.508e-1,,1.812e-1,6.514e-22,2.892e-17,3.012e-20,6.360e-29,9.993e-20,9.658e-23,1.962e-1,1.848e-17,5.392e-1,2.382e+1,9.632e-20,2.305e+1,2.153e-6,6.544e-1,1.595e+1,1.436e-3,,2.304e-17,,,4.864e-19,,5.605e-19,,8.316e-19,,5.459e-3,,1.730e-17,,1.255e-18,1.528e-16
471.49,6.592e+1,1.115e-20,2.226e-16,1.867e-43,6.880e-20,,,3.514e-3,1.179e-14,,3.287e-15,5.533e-18,3.550e-13,1.015e-17,1.214e-20,1.274e-11,6.655e-21,7.215e-26,,1.454e-17,5.274e-20,8.631e-19,4.308e-1,7.113e-17,4.195e-27,8.750e-1,,1.661e-1,6.517e-22,2.893e-17,3.013e-20,6.360e-29,9.995e-20,9.659e-23,1.789e-1,1.841e-17,5.183e-1,2.449e+1,9.654e-20,2.285e+1,2.999e-6,7.034e-1,1.570e+1,1.813e-3,,2.301e-17,,,4.858e-19,,5.605e-19,,8.315e-19,,6.307e-3,,1.729e-17,,1.252e-18,1.529e-16
471.52,6.613e+1,1.115e-20,3.519e-16,1.866e-43,6.891e-20,,,2.571e-3,2.209e-14,,3.286e-15,5.529e-18,2.484e-13,1.015e-17,1.240e-20,1.330e-11,6.654e-21,7.267e-26,,6.680e-18,5.276e-20,8.639e-19,5.232e-1,7.098e-17,4.223e-27,9.152e-1,,1.448e-1,6.521e-22,2.895e-17,3.014e-20,6.361e-29,9.997e-20,9.660e-23,1.558e-1,1.831e-17,4.882e-1,2.536e+1,9.686e-20,2.241e+1,4.897e-6,7.788e-1,1.534e+1,2.553e-3,,2.297e-17,,,4.850e-19,,5.604e-19,,8.314e-19,,7.863e-3,,1.729e-17,,1.248e-18,1.529e-16
471.54,6.610e+1,1.116e-20,4.756e-16,1.866e-43,6.899e-20,,,2.078e-3,3.344e-14,,3.286e-15,5.526e-18,1.950e-13,1.015e-17,1.257e-20,1.362e-11,6.653e-21,7.301e-26,,3.960e-18,5.277e-20,8.631e-19,5.930e-1,7.088e-17,4.241e-27,9.442e-1,,1.317e-1,6.525e-22,2.897e-17,3.014e-20,6.361e-29,9.998e-20,9.661e-23,1.422e-1,1.824e-17,4.687e-1,2.585e+1,9.708e-20,2.202e+1,6.761e-6,8.299e-1,1.511e+1,3.195e-3,,2.294e-17,,,4.845e-19,,5.604e-19,,8.314e-19,,9.110e-3,,1.729e-17,,1.245e-18,1.529e-16
471.57,6.582e+1,1.116e-20,7.426e-16,1.865e-43,6.911e-20,,,1.501e-3,6.188e-14,,3.286e-15,5.522e-18,1.347e-13,1.015e-17,1.283e-20,1.403e-11,6.652e-21,7.353e-26,,1.796e-18,5.280e-20,8.593e-19,7.109e-1,7.072e-17,4.269e-27,9.901e-1,,1.136e-1,6.529e-22,2.899e-17,3.015e-20,6.361e-29,1.000e-19,9.662e-23,1.246e-1,1.814e-17,4.407e-1,2.643e+1,9.740e-20,2.133e+1,1.090e-5,9.071e-1,1.476e+1,4.443e-3,,2.290e-17,,,4.837e-19,,5.603e-19,,8.313e-19,,1.133e-2,,1.728e-17,,1.240e-18,1.530e-16
471.59,6.547e+1,1.117e-20,9.951e-16,1.864e-43,6.919e-20,,,1.203e-3,9.286e-14,,3.285e-15,5.519e-18,1.048e-13,1.015e-17,1.300e-20,1.425e-11,6.651e-21,7.388e-26,,1.055e-18,5.281e-20,8.549e-19,7.989e-1,7.062e-17,4.288e-27,1.022e+0,,1.025e-1,6.532e-22,2.901e-17,3.016e-20,6.362e-29,1.000e-19,9.663e-23,1.148e-1,1.807e-17,4.227e-1,2.671e+1,9.762e-20,2.078e+1,1.492e-5,9.583e-1,1.454e+1,5.513e-3,,2.287e-17,,,4.831e-19,,5.602e-19,,8.313e-19,,1.308e-2,,1.728e-17,,1.237e-18,1.530e-16
471.62,6.471e+1,1.118e-20,1.534e-15,1.863e-43,6.931e-20,,,8.571e-4,1.696e-13,,3.285e-15,5.515e-18,7.145e-14,1.015e-17,1.326e-20,1.449e-11,6.650e-21,7.439e-26,,4.723e-19,5.284e-20,8.453e-19,9.456e-1,7.046e-17,4.316e-27,1.070e+0,,8.760e-2,6.537e-22,2.903e-17,3.016e-20,6.362e-29,1.000e-19,9.664e-23,1.029e-1,1.797e-17,3.969e-1,2.697e+1,9.794e-20,1.987e+1,2.375e-5,1.034e+0,1.420e+1,7.569e-3,,2.283e-17,,,4.823e-19,,5.601e-19,,8.312e-19,,1.613e-2,,1.727e-17,,1.233e-18,1.530e-16
471.64,6.404e+1,1.118e-20,2.038e-15,1.863e-43,6.939e-20,,,6.810e-4,2.524e-13,,3.285e-15,5.512e-18,5.511e-14,1.015e-17,1.343e-20,1.459e-11,6.650e-21,7.474e-26,,2.752e-19,5.285e-20,8.367e-19,1.053e+0,7.036e-17,4.335e-27,1.101e+0,,7.869e-2,6.540e-22,2.904e-17,3.017e-20,6.363e-29,1.000e-19,9.665e-23,9.691e-2,1.790e-17,3.805e-1,2.703e+1,9.816e-20,1.920e+1,3.224e-5,1.083e+0,1.398e+1,9.310e-3,,2.280e-17,,,4.817e-19,,5.601e-19,,8.311e-19,,1.848e-2,,1.727e-17,,1.230e-18,1.530e-16
471.66,6.326e+1,1.118e-20,2.699e-15,1.862e-43,6.947e-20,,,5.391e-4,3.743e-13,,3.284e-15,5.509e-18,4.237e-14,1.015e-17,1.360e-20,1.464e-11,6.649e-21,7.508e-26,,1.598e-19,5.287e-20,8.263e-19,1.170e+0,7.026e-17,4.353e-27,1.133e+0,,7.061e-2,6.543e-22,2.906e-17,3.017e-20,6.363e-29,1.001e-19,9.666e-23,9.241e-2,1.784e-17,3.649e-1,2.700e+1,9.837e-20,1.850e+1,4.361e-5,1.131e+0,1.376e+1,1.141e-2,,2.277e-17,,,4.812e-19,,5.600e-19,,8.311e-19,,2.111e-2,,1.726e-17,,1.227e-18,1.531e-16
471.69,6.189e+1,1.119e-20,4.087e-15,1.861e-43,6.959e-20,,,3.774e-4,6.717e-13,,3.284e-15,5.505e-18,2.837e-14,1.015e-17,1.386e-20,1.462e-11,6.648e-21,7.560e-26,,1.611e-19,5.289e-20,8.073e-19,1.360e+0,7.010e-17,4.381e-27,1.177e+0,,5.998e-2,6.548e-22,2.908e-17,3.018e-20,6.364e-29,1.001e-19,9.668e-23,8.851e-2,1.773e-17,3.427e-1,2.680e+1,9.870e-20,1.737e+1,6.818e-5,1.198e+0,1.345e+1,1.539e-2,,2.273e-17,,,4.804e-19,,5.600e-19,,8.310e-19,,2.562e-2,,1.726e-17,,1.223e-18,1.531e-16
471.71,6.086e+1,1.119e-20,5.366e-15,1.861e-43,6.967e-20,,,2.962e-4,9.877e-13,,3.284e-15,5.502e-18,2.162e-14,1.015e-17,1.403e-20,1.455e-11,6.647e-21,7.595e-26,,1.619e-19,5.291e-20,7.923e-19,1.497e+0,7.000e-17,4.400e-27,1.206e+0,,5.387e-2,6.551e-22,2.909e-17,3.019e-20,6.364e-29,1.001e-19,9.669e-23,8.785e-2,1.767e-17,3.290e-1,2.655e+1,9.891e-20,1.659e+1,9.145e-5,1.240e+0,1.326e+1,1.871e-2,,2.270e-17,,,4.798e-19,,5.599e-19,,8.309e-19,,2.903e-2,,1.725e-17,,1.220e-18,1.531e-16
471.74,5.916e+1,1.120e-20,8.023e-15,1.860e-43,6.979e-20,,,2.047e-4,1.750e-12,,3.283e-15,5.498e-18,1.429e-14,1.015e-17,1.429e-20,1.434e-11,6.646e-21,7.647e-26,,1.632e-19,5.293e-20,7.665e-19,1.718e+0,6.984e-17,4.428e-27,1.245e+0,,4.610e-2,6.556e-22,2.912e-17,3.019e-20,6.365e-29,1.001e-19,9.670e-23,8.977e-2,1.756e-17,3.099e-1,2.603e+1,9.924e-20,1.538e+1,1.411e-4,1.297e+0,1.298e+1,2.490e-2,,2.265e-17,,,4.790e-19,,5.598e-19,,8.309e-19,,3.480e-2,,1.725e-17,,1.215e-18,1.532e-16
471.76,5.795e+1,1.121e-20,1.045e-14,1.859e-43,6.987e-20,,,1.593e-4,2.551e-12,,3.283e-15,5.495e-18,1.080e-14,1.015e-17,1.446e-20,1.415e-11,6.645e-21,7.681e-26,,1.641e-19,5.295e-20,7.472e-19,1.875e+0,6.974e-17,4.447e-27,1.268e+0,,4.182e-2,6.559e-22,2.913e-17,3.020e-20,6.365e-29,1.001e-19,9.671e-23,9.302e-2,1.750e-17,2.983e-1,2.559e+1,9.945e-20,1.456e+1,1.877e-4,1.331e+0,1.282e+1,3.001e-2,,2.262e-17,,,4.785e-19,,5.598e-19,,8.308e-19,,3.910e-2,,1.725e-17,,1.212e-18,1.532e-16
471.79,5.604e+1,1.121e-20,1.542e-14,1.858e-43,6.998e-20,,,1.086e-4,4.462e-12,,3.283e-15,5.491e-18,7.045e-15,1.015e-17,1.472e-20,1.377e-11,6.644e-21,7.733e-26,,1.654e-19,5.297e-20,7.152e-19,2.124e+0,6.958e-17,4.475e-27,1.298e+0,,3.668e-2,6.563e-22,2.915e-17,3.021e-20,6.366e-29,1.002e-19,9.672e-23,1.009e-1,1.740e-17,2.826e-1,2.480e+1,9.978e-20,1.333e+1,2.860e-4,1.375e+0,1.261e+1,3.945e-2,,2.258e-17,,,4.776e-19,,5.597e-19,,8.307e-19,,4.629e-2,,1.724e-17,,1.208e-18,1.532e-16
471.81,5.473e+1,1.122e-20,1.991e-14,1.858e-43,7.006e-20,,,8.379e-5,6.451e-12,,3.282e-15,5.488e-18,5.277e-15,1.015e-17,1.489e-20,1.346e-11,6.644e-21,7.767e-26,,1.662e-19,5.299e-20,6.921e-19,2.298e+0,6.948e-17,4.494e-27,1.315e+0,,3.409e-2,6.566e-22,2.917e-17,3.021e-20,6.366e-29,1.002e-19,9.673e-23,1.083e-1,1.733e-17,2.733e-1,2.419e+1,9.999e-20,1.252e+1,3.772e-4,1.399e+0,1.249e+1,4.713e-2,,2.255e-17,,,4.771e-19,,5.596e-19,,8.307e-19,,5.158e-2,,1.724e-17,,1.205e-18,1.532e-16
471.84,5.275e+1,1.122e-20,2.902e-14,1.857e-43,7.018e-20,,,5.641e-5,1.114e-11,,3.282e-15,5.484e-18,3.399e-15,1.015e-17,1.515e-20,1.294e-11,6.643e-21,7.819e-26,,1.675e-19,5.301e-20,6.551e-19,2.571e+0,6.933e-17,4.522e-27,1.336e+0,,3.140e-2,6.571e-22,2.919e-17,3.022e-20,6.367e-29,1.002e-19,9.674e-23,1.225e-1,1.723e-17,2.613e-1,2.320e+1,1.003e-19,1.132e+1,5.674e-4,1.426e+0,1.236e+1,6.116e-2,,2.251e-17,,,4.763e-19,,5.595e-19,,8.306e-19,,6.028e-2,,1.723e-17,,1.201e-18,1.533e-16
471.86,5.143e+1,1.123e-20,3.714e-14,1.856e-43,7.026e-20,,,4.314e-5,1.597e-11,,3.282e-15,5.481e-18,2.524e-15,1.015e-17,1.532e-20,1.254e-11,6.642e-21,7.854e-26,,1.684e-19,5.303e-20,6.292e-19,2.758e+0,6.922e-17,4.540e-27,1.346e+0,,3.038e-2,6.574e-22,2.921e-17,3.022e-20,6.367e-29,1.002e-19,9.675e-23,1.341e-1,1.716e-17,2.546e-1,2.249e+1,1.005e-19,1.054e+1,7.418e-4,1.438e+0,1.231e+1,7.245e-2,,2.248e-17,,,4.757e-19,,5.595e-19,,8.306e-19,,6.661e-2,,1.723e-17,,1.198e-18,1.533e-16
471.89,4.951e+1,1.123e-20,5.345e-14,1.855e-43,7.038e-20,,,2.867e-5,2.723e-11,,3.281e-15,5.477e-18,1.605e-15,1.015e-17,1.558e-20,1.189e-11,6.641e-21,7.906e-26,,1.697e-19,5.305e-20,5.887e-19,3.045e+0,6.907e-17,4.568e-27,1.356e+0,,2.998e-2,6.579e-22,2.923e-17,3.023e-20,6.367e-29,1.002e-19,9.677e-23,1.550e-1,1.706e-17,2.463e-1,2.137e+1,1.009e-19,9.403e+0,1.102e-3,1.447e+0,1.228e+1,9.281e-2,,2.244e-17,,,4.749e-19,,5.594e-19,,8.305e-19,,7.687e-2,,1.722e-17,,1.193e-18,1.533e-16
471.91,4.827e+1,1.124e-20,6.785e-14,1.854e-43,7.046e-20,,,2.174e-5,3.869e-11,,3.281e-15,5.474e-18,1.181e-15,1.015e-17,1.575e-20,1.143e-11,6.640e-21,7.940e-26,,1.706e-19,5.307e-20,5.609e-19,3.239e+0,6.896e-17,4.587e-27,1.358e+0,,3.047e-2,6.582e-22,2.924e-17,3.024e-20,6.368e-29,1.002e-19,9.678e-23,1.712e-1,1.699e-17,2.421e-1,2.060e+1,1.011e-19,8.680e+0,1.428e-3,1.447e+0,1.231e+1,1.090e-1,,2.241e-17,,,4.744e-19,,5.594e-19,,8.304e-19,,8.423e-2,,1.722e-17,,1.190e-18,1.533e-16
471.94,4.653e+1,1.124e-20,9.641e-14,1.854e-43,7.058e-20,,,1.426e-5,6.514e-11,,3.280e-15,5.470e-18,7.415e-16,1.015e-17,1.601e-20,1.071e-11,6.639e-21,7.992e-26,,1.719e-19,5.309e-20,5.185e-19,3.531e+0,6.881e-17,4.615e-27,1.358e+0,,3.230e-2,6.587e-22,2.927e-17,3.024e-20,6.368e-29,1.003e-19,9.679e-23,1.990e-1,1.689e-17,2.375e-1,1.944e+1,1.014e-19,7.649e+0,2.094e-3,1.438e+0,1.241e+1,1.379e-1,,2.237e-17,,,4.735e-19,,5.593e-19,,8.304e-19,,9.600e-2,,1.721e-17,,1.186e-18,1.534e-16
471.96,4.545e+1,1.125e-20,1.213e-13,1.853e-43,7.066e-20,,,1.072e-5,9.178e-11,,3.280e-15,5.467e-18,5.412e-16,1.015e-17,1.618e-20,1.020e-11,6.638e-21,8.026e-26,,1.727e-19,5.310e-20,4.901e-19,3.723e+0,6.871e-17,4.634e-27,1.354e+0,,3.426e-2,6.590e-22,2.928e-17,3.025e-20,6.369e-29,1.003e-19,9.680e-23,2.199e-1,1.682e-17,2.357e-1,1.868e+1,1.016e-19,7.001e+0,2.692e-3,1.426e+0,1.252e+1,1.605e-1,,2.234e-17,,,4.730e-19,,5.592e-19,,8.303e-19,,1.043e-1,,1.721e-17,,1.183e-18,1.534e-16
471.99,4.400e+1,1.126e-20,1.703e-13,1.852e-43,7.078e-20,,,6.941e-6,1.525e-10,,3.280e-15,5.463e-18,3.353e-16,1.015e-17,1.644e-20,9.431e-12,6.637e-21,8.078e-26,,1.740e-19,5.313e-20,4.475e-19,4.007e+0,6.855e-17,4.662e-27,1.343e+0,,3.831e-2,6.594e-22,2.930e-17,3.026e-20,6.369e-29,1.003e-19,9.681e-23,2.549e-1,1.672e-17,2.345e-1,1.757e+1,1.019e-19,6.091e+0,3.897e-3,1.399e+0,1.274e+1,2.005e-1,,2.229e-17,,,4.722e-19,,5.591e-19,,8.302e-19,,1.174e-1,,1.720e-17,,1.179e-18,1.534e-16
472.01,4.314e+1,1.126e-20,2.125e-13,1.851e-43,7.086e-20,,,5.173e-6,2.131e-10,,3.279e-15,5.460e-18,2.426e-16,1.015e-17,1.661e-20,8.911e-12,6.637e-21,8.113e-26,,1.749e-19,5.314e-20,4.195e-19,4.190e+0,6.845e-17,4.681e-27,1.334e+0,,4.177e-2,6.598e-22,2.932e-17,3.026e-20,6.370e-29,1.003e-19,9.682e-23,2.806e-1,1.665e-17,2.346e-1,1.687e+1,1.022e-19,5.528e+0,4.966e-3,1.375e+0,1.293e+1,2.314e-1,,2.226e-17,,,4.716e-19,,5.591e-19,,8.302e-19,,1.265e-1,,1.720e-17,,1.176e-18,1.535e-16
472.03,4.239e+1,1.126e-20,2.643e-13,1.851e-43,7.093e-20,,,3.841e-6,2.968e-10,,3.279e-15,5.458e-18,1.749e-16,1.015e-17,1.678e-20,8.390e-12,6.636e-21,8.147e-26,,1.758e-19,5.316e-20,3.919e-19,4.366e+0,6.834e-17,4.699e-27,1.322e+0,,4.583e-2,6.601e-22,2.933e-17,3.027e-20,6.370e-29,1.003e-19,9.683e-23,3.083e-1,1.658e-17,2.355e-1,1.621e+1,1.024e-19,5.000e+0,6.306e-3,1.347e+0,1.316e+1,2.663e-1,,2.224e-17,,,4.711e-19,,5.590e-19,,8.301e-19,,1.359e-1,,1.720e-17,,1.173e-18,1.535e-16
472.06,4.147e+1,1.127e-20,3.643e-13,1.850e-43,7.105e-20,,,2.443e-6,4.845e-10,,3.279e-15,5.453e-18,1.064e-16,1.015e-17,1.704e-20,7.617e-12,6.635e-21,8.199e-26,,1.771e-19,5.318e-20,3.518e-19,4.614e+0,6.819e-17,4.727e-27,1.302e+0,,5.308e-2,6.605e-22,2.935e-17,3.027e-20,6.371e-29,1.003e-19,9.684e-23,3.535e-1,1.648e-17,2.380e-1,1.531e+1,1.027e-19,4.273e+0,8.968e-3,1.297e+0,1.355e+1,3.266e-1,,2.219e-17,,,4.703e-19,,5.590e-19,,8.301e-19,,1.504e-1,,1.719e-17,,1.168e-18,1.535e-16
472.08,4.100e+1,1.127e-20,4.493e-13,1.849e-43,7.113e-20,,,1.798e-6,6.689e-10,,3.278e-15,5.451e-18,7.609e-17,1.015e-17,1.721e-20,7.111e-12,6.634e-21,8.234e-26,,1.779e-19,5.320e-20,3.259e-19,4.767e+0,6.809e-17,4.746e-27,1.287e+0,,5.870e-2,6.608e-22,2.937e-17,3.028e-20,6.371e-29,1.004e-19,9.685e-23,3.859e-1,1.641e-17,2.403e-1,1.479e+1,1.029e-19,3.832e+0,1.129e-2,1.260e+0,1.384e+1,3.726e-1,,2.216e-17,,,4.697e-19,,5.589e-19,,8.300e-19,,1.603e-1,,1.719e-17,,1.165e-18,1.535e-16
472.11,4.051e+1,1.128e-20,6.116e-13,1.848e-43,7.125e-20,,,1.129e-6,1.078e-9,,3.278e-15,5.446e-18,4.569e-17,1.015e-17,1.747e-20,6.373e-12,6.633e-21,8.285e-26,,1.792e-19,5.322e-20,2.888e-19,4.974e+0,6.793e-17,4.774e-27,1.262e+0,,6.831e-2,6.613e-22,2.939e-17,3.029e-20,6.372e-29,1.004e-19,9.687e-23,4.378e-1,1.631e-17,2.444e-1,1.413e+1,1.032e-19,3.234e+0,1.585e-2,1.198e+0,1.431e+1,4.511e-1,,2.212e-17,,,4.689e-19,,5.588e-19,,8.299e-19,,1.754e-1,,1.718e-17,,1.161e-18,1.536e-16
472.13,4.033e+1,1.129e-20,7.480e-13,1.848e-43,7.133e-20,,,8.240e-7,1.476e-9,,3.278e-15,5.444e-18,3.239e-17,1.015e-17,1.764e-20,5.899e-12,6.632e-21,8.320e-26,,1.801e-19,5.324e-20,2.654e-19,5.094e+0,6.783e-17,4.793e-27,1.244e+0,,7.551e-2,6.616e-22,2.941e-17,3.029e-20,6.372e-29,1.004e-19,9.688e-23,4.745e-1,1.624e-17,2.476e-1,1.379e+1,1.035e-19,2.876e+0,1.979e-2,1.154e+0,1.465e+1,5.103e-1,,2.209e-17,,,4.684e-19,,5.588e-19,,8.299e-19,,1.854e-1,,1.718e-17,,1.158e-18,1.536e-16
472.16,4.028e+1,1.129e-20,1.005e-12,1.847e-43,7.145e-20,,,5.105e-7,2.349e-9,,3.277e-15,5.439e-18,1.920e-17,1.015e-17,1.790e-20,5.220e-12,6.631e-21,8.372e-26,,1.814e-19,5.326e-20,2.322e-19,5.247e+0,6.767e-17,4.821e-27,1.217e+0,,8.751e-2,6.621e-22,2.943e-17,3.030e-20,6.373e-29,1.004e-19,9.689e-23,5.325e-1,1.614e-17,2.525e-1,1.344e+1,1.038e-19,2.397e+0,2.743e-2,1.083e+0,1.518e+1,6.099e-1,,2.205e-17,,,4.675e-19,,5.587e-19,,8.298e-19,,2.006e-1,,1.717e-17,,1.153e-18,1.536e-16
472.18,4.038e+1,1.130e-20,1.219e-12,1.846e-43,7.153e-20,,,3.694e-7,3.188e-9,,3.277e-15,5.437e-18,1.349e-17,1.015e-17,1.807e-20,4.790e-12,6.631e-21,8.406e-26,,1.822e-19,5.328e-20,2.115e-19,5.329e+0,6.757e-17,4.840e-27,1.199e+0,,9.630e-2,6.624e-22,2.944e-17,3.030e-20,6.373e-29,1.004e-19,9.690e-23,5.730e-1,1.608e-17,2.558e-1,1.331e+1,1.040e-19,2.114e+0,3.396e-2,1.034e+0,1.554e+1,6.840e-1,,2.202e-17,,,4.670e-19,,5.586e-19,,8.298e-19,,2.106e-1,,1.717e-17,,1.151e-18,1.536e-16
472.21,4.075e+1,1.130e-20,1.618e-12,1.845e-43,7.165e-20,,,2.259e-7,5.010e-9,,3.277e-15,5.432e-18,7.894e-18,1.015e-17,1.833e-20,4.185e-12,6.630e-21,8.458e-26,,1.835e-19,5.330e-20,1.828e-19,5.419e+0,6.741e-17,4.868e-27,1.172e+0,,1.106e-1,6.629e-22,2.947e-17,3.031e-20,6.373e-29,1.004e-19,9.691e-23,6.359e-1,1.597e-17,2.605e-1,1.330e+1,1.043e-19,1.739e+0,4.647e-2,9.583e-1,1.607e+1,8.072e-1,,2.198e-17,,,4.662e-19,,5.586e-19,,8.297e-19,,2.253e-1,,1.716e-17,,1.146e-18,1.537e-16
472.23,4.112e+1,1.131e-20,1.946e-12,1.845e-43,7.173e-20,,,1.621e-7,6.742e-9,,3.276e-15,5.430e-18,5.499e-18,1.015e-17,1.850e-20,3.808e-12,6.629e-21,8.493e-26,,1.844e-19,5.332e-20,1.651e-19,5.456e+0,6.731e-17,4.886e-27,1.155e+0,,1.209e-1,6.632e-22,2.948e-17,3.032e-20,6.374e-29,1.005e-19,9.692e-23,6.792e-1,1.591e-17,2.634e-1,1.341e+1,1.045e-19,1.521e+0,5.703e-2,9.071e-1,1.642e+1,8.975e-1,,2.195e-17,,,4.656e-19,,5.585e-19,,8.296e-19,,2.350e-1,,1.716e-17,,1.143e-18,1.537e-16
472.26,4.186e+1,1.131e-20,2.550e-12,1.844e-43,7.185e-20,,,9.785e-8,1.046e-8,,3.276e-15,5.426e-18,3.176e-18,1.015e-17,1.876e-20,3.285e-12,6.628e-21,8.544e-26,,1.857e-19,5.334e-20,1.408e-19,5.477e+0,6.716e-17,4.914e-27,1.130e+0,,1.375e-1,6.636e-22,2.950e-17,3.032e-20,6.374e-29,1.005e-19,9.693e-23,7.456e-1,1.580e-17,2.671e-1,1.375e+1,1.049e-19,1.237e+0,7.706e-2,8.299e-1,1.691e+1,1.046e+0,,2.190e-17,,,4.648e-19,,5.584e-19,,8.296e-19,,2.490e-1,,1.715e-17,,1.139e-18,1.537e-16
472.28,4.246e+1,1.132e-20,3.040e-12,1.843e-43,7.193e-20,,,6.960e-8,1.396e-8,,3.276e-15,5.423e-18,2.194e-18,1.015e-17,1.893e-20,2.964e-12,6.627e-21,8.579e-26,,1.866e-19,5.336e-20,1.261e-19,5.468e+0,6.705e-17,4.933e-27,1.115e+0,,1.491e-1,6.639e-22,2.952e-17,3.033e-20,6.375e-29,1.005e-19,9.694e-23,7.907e-1,1.574e-17,2.690e-1,1.410e+1,1.051e-19,1.073e+0,9.377e-2,7.788e-1,1.720e+1,1.153e+0,,2.188e-17,,,4.643e-19,,5.584e-19,,8.295e-19,,2.582e-1,,1.715e-17,,1.136e-18,1.538e-16
472.31,4.350e+1,1.132e-20,3.934e-12,1.842e-43,7.204e-20,,,4.147e-8,2.137e-8,,3.275e-15,5.419e-18,1.251e-18,1.015e-17,1.919e-20,2.525e-12,6.626e-21,8.631e-26,,1.879e-19,5.338e-20,1.062e-19,5.419e+0,6.690e-17,4.961e-27,1.094e+0,,1.675e-1,6.644e-22,2.954e-17,3.034e-20,6.375e-29,1.005e-19,9.696e-23,8.590e-1,1.564e-17,2.708e-1,1.481e+1,1.054e-19,8.627e-1,1.251e-1,7.034e-1,1.760e+1,1.326e+0,,2.183e-17,,,4.634e-19,,5.583e-19,,8.294e-19,,2.714e-1,,1.714e-17,,1.131e-18,1.538e-16
472.33,4.428e+1,1.133e-20,4.652e-12,1.842e-43,7.212e-20,,,2.924e-8,2.828e-8,,3.275e-15,5.416e-18,8.564e-19,1.015e-17,1.936e-20,2.260e-12,6.625e-21,8.665e-26,,1.887e-19,5.340e-20,9.433e-20,5.364e+0,6.679e-17,4.980e-27,1.082e+0,,1.802e-1,6.647e-22,2.956e-17,3.034e-20,6.376e-29,1.005e-19,9.697e-23,9.047e-1,1.557e-17,2.713e-1,1.539e+1,1.056e-19,7.435e-1,1.509e-1,6.544e-1,1.782e+1,1.449e+0,,2.180e-17,,,4.629e-19,,5.582e-19,,8.294e-19,,2.800e-1,,1.714e-17,,1.128e-18,1.538e-16
472.36,4.556e+1,1.133e-20,5.945e-12,1.841e-43,7.224e-20,,,1.720e-8,4.277e-8,,3.274e-15,5.412e-18,4.820e-19,1.015e-17,1.962e-20,1.902e-12,6.624e-21,8.717e-26,,1.900e-19,5.342e-20,7.844e-20,5.247e+0,6.664e-17,5.008e-27,1.066e+0,,1.999e-1,6.652e-22,2.958e-17,3.035e-20,6.376e-29,1.005e-19,9.698e-23,9.731e-1,1.547e-17,2.708e-1,1.642e+1,1.059e-19,5.925e-1,1.987e-1,5.835e-1,1.807e+1,1.646e+0,,2.176e-17,,,4.621e-19,,5.581e-19,,8.293e-19,,2.924e-1,,1.714e-17,,1.124e-18,1.539e-16
472.38,4.648e+1,1.134e-20,6.971e-12,1.840e-43,7.232e-20,,,1.202e-8,5.610e-8,,3.274e-15,5.409e-18,3.272e-19,1.015e-17,1.979e-20,1.689e-12,6.624e-21,8.752e-26,,1.909e-19,5.343e-20,6.907e-20,5.149e+0,6.654e-17,5.026e-27,1.057e+0,,2.133e-1,6.655e-22,2.959e-17,3.035e-20,6.377e-29,1.006e-19,9.699e-23,1.018e+0,1.540e-17,2.696e-1,1.721e+1,1.062e-19,5.085e-1,2.377e-1,5.383e-1,1.819e+1,1.783e+0,,2.173e-17,,,4.615e-19,,5.581e-19,,8.293e-19,,3.006e-1,,1.713e-17,,1.121e-18,1.539e-16
472.41,4.791e+1,1.135e-20,8.797e-12,1.839e-43,7.244e-20,,,6.982e-9,8.376e-8,,3.274e-15,5.405e-18,1.818e-19,1.015e-17,2.005e-20,1.405e-12,6.623e-21,8.803e-26,,1.922e-19,5.346e-20,5.671e-20,4.974e+0,6.638e-17,5.054e-27,1.047e+0,,2.336e-1,6.660e-22,2.962e-17,3.036e-20,6.377e-29,1.006e-19,9.700e-23,1.085e+0,1.530e-17,2.663e-1,1.853e+1,1.065e-19,4.043e-1,3.091e-1,4.738e-1,1.827e+1,1.999e+0,,2.169e-17,,,4.607e-19,,5.580e-19,,8.292e-19,,3.128e-1,,1.713e-17,,1.117e-18,1.539e-16
472.43,4.889e+1,1.135e-20,1.023e-11,1.839e-43,7.252e-20,,,4.839e-9,1.089e-7,,3.273e-15,5.402e-18,1.223e-19,1.015e-17,2.022e-20,1.239e-12,6.622e-21,8.838e-26,,1.930e-19,5.347e-20,4.952e-20,4.839e+0,6.628e-17,5.073e-27,1.042e+0,,2.472e-1,6.663e-22,2.963e-17,3.037e-20,6.378e-29,1.006e-19,9.701e-23,1.129e+0,1.523e-17,2.632e-1,1.949e+1,1.067e-19,3.478e-1,3.666e-1,4.333e-1,1.826e+1,2.148e+0,,2.166e-17,,,4.602e-19,,5.580e-19,,8.291e-19,,3.209e-1,,1.712e-17,,1.114e-18,1.539e-16
472.45,4.989e+1,1.135e-20,1.186e-11,1.838e-43,7.260e-20,,,3.342e-9,1.412e-7,,3.273e-15,5.399e-18,8.204e-20,1.015e-17,2.039e-20,1.089e-12,6.621e-21,8.872e-26,,1.939e-19,5.349e-20,4.310e-20,4.692e+0,6.617e-17,5.092e-27,1.039e+0,,2.606e-1,6.666e-22,2.965e-17,3.037e-20,6.378e-29,1.006e-19,9.702e-23,1.172e+0,1.516e-17,2.594e-1,2.051e+1,1.069e-19,3.005e-1,4.334e-1,3.949e-1,1.820e+1,2.300e+0,,2.163e-17,,,4.596e-19,,5.579e-19,,8.291e-19,,3.293e-1,,1.712e-17,,1.111e-18,1.540e-16
472.48,5.139e+1,1.136e-20,1.470e-11,1.837e-43,7.272e-20,,,1.906e-9,2.071e-7,,3.273e-15,5.395e-18,4.476e-20,1.015e-17,2.065e-20,8.931e-13,6.620e-21,8.924e-26,,1.952e-19,5.351e-20,3.478e-20,4.451e+0,6.602e-17,5.120e-27,1.037e+0,,2.804e-1,6.670e-22,2.967e-17,3.038e-20,6.379e-29,1.006e-19,9.703e-23,1.235e+0,1.506e-17,2.524e-1,2.211e+1,1.072e-19,2.453e-1,5.535e-1,3.414e-1,1.800e+1,2.533e+0,,2.159e-17,,,4.588e-19,,5.578e-19,,8.290e-19,,3.423e-1,,1.711e-17,,1.106e-18,1.540e-16
472.5,5.238e+1,1.137e-20,1.689e-11,1.837e-43,7.280e-20,,,1.305e-9,2.662e-7,,3.272e-15,5.392e-18,2.976e-20,1.015e-17,2.082e-20,7.805e-13,6.619e-21,8.959e-26,,1.961e-19,5.353e-20,3.003e-20,4.279e+0,6.592e-17,5.139e-27,1.038e+0,,2.932e-1,6.674e-22,2.968e-17,3.038e-20,6.379e-29,1.006e-19,9.704e-23,1.276e+0,1.499e-17,2.468e-1,2.322e+1,1.075e-19,2.179e-1,6.487e-1,3.085e-1,1.781e+1,2.689e+0,,2.156e-17,,,4.582e-19,,5.578e-19,,8.290e-19,,3.516e-1,,1.711e-17,,1.103e-18,1.540e-16
472.53,5.383e+1,1.137e-20,2.068e-11,1.836e-43,7.292e-20,,,7.343e-10,3.855e-7,,3.272e-15,5.388e-18,1.603e-20,1.015e-17,2.108e-20,6.355e-13,6.618e-21,9.011e-26,,1.974e-19,5.355e-20,2.396e-20,4.007e+0,6.576e-17,5.167e-27,1.042e+0,,3.114e-1,6.678e-22,2.970e-17,3.039e-20,6.380e-29,1.007e-19,9.706e-23,1.336e+0,1.489e-17,2.372e-1,2.492e+1,1.078e-19,1.896e-1,8.179e-1,2.633e-1,1.742e+1,2.923e+0,,2.152e-17,,,4.574e-19,,5.577e-19,,8.289e-19,,3.668e-1,,1.710e-17,,1.099e-18,1.540e-16
472.55,5.476e+1,1.138e-20,2.357e-11,1.835e-43,7.299e-20,,,4.985e-10,4.912e-7,,3.272e-15,5.385e-18,1.057e-20,1.015e-17,2.125e-20,5.532e-13,6.618e-21,9.045e-26,,1.982e-19,5.357e-20,2.055e-20,3.819e+0,6.566e-17,5.185e-27,1.046e+0,,3.228e-1,6.681e-22,2.972e-17,3.040e-20,6.380e-29,1.007e-19,9.707e-23,1.374e+0,1.482e-17,2.302e-1,2.606e+1,1.080e-19,1.788e-1,9.504e-1,2.359e-1,1.709e+1,3.077e+0,,2.149e-17,,,4.569e-19,,5.576e-19,,8.288e-19,,3.780e-1,,1.710e-17,,1.096e-18,1.541e-16
472.58,5.609e+1,1.138e-20,2.850e-11,1.834e-43,7.311e-20,,,2.769e-10,7.023e-7,,3.271e-15,5.381e-18,5.617e-21,1.015e-17,2.151e-20,4.489e-13,6.617e-21,9.097e-26,,1.995e-19,5.359e-20,1.624e-20,3.531e+0,6.550e-17,5.213e-27,1.055e+0,,3.386e-1,6.686e-22,2.974e-17,3.040e-20,6.380e-29,1.007e-19,9.708e-23,1.430e+0,1.472e-17,2.186e-1,2.775e+1,1.083e-19,1.741e-1,1.183e+0,1.987e-1,1.652e+1,3.302e+0,,2.144e-17,,,4.561e-19,,5.576e-19,,8.288e-19,,3.968e-1,,1.710e-17,,1.092e-18,1.541e-16
472.6,5.693e+1,1.139e-20,3.222e-11,1.834e-43,7.319e-20,,,1.864e-10,8.874e-7,,3.271e-15,5.378e-18,3.670e-21,1.015e-17,2.168e-20,3.906e-13,6.616e-21,9.131e-26,,2.004e-19,5.361e-20,1.386e-20,3.337e+0,6.540e-17,5.232e-27,1.062e+0,,3.480e-1,6.689e-22,2.976e-17,3.041e-20,6.381e-29,1.007e-19,9.709e-23,1.466e+0,1.465e-17,2.103e-1,2.884e+1,1.085e-19,1.786e-1,1.363e+0,1.765e-1,1.608e+1,3.446e+0,,2.142e-17,,,4.555e-19,,5.575e-19,,8.287e-19,,4.110e-1,,1.709e-17,,1.089e-18,1.541e-16
472.63,5.808e+1,1.139e-20,3.847e-11,1.833e-43,7.331e-20,,,1.022e-10,1.252e-6,,3.270e-15,5.374e-18,1.926e-21,1.015e-17,2.194e-20,3.179e-13,6.615e-21,9.183e-26,,2.017e-19,5.363e-20,1.091e-20,3.046e+0,6.524e-17,5.260e-27,1.074e+0,,3.604e-1,6.694e-22,2.978e-17,3.042e-20,6.381e-29,1.007e-19,9.710e-23,1.519e+0,1.455e-17,1.973e-1,3.042e+1,1.089e-19,1.970e-1,1.675e+0,1.468e-1,1.535e+1,3.651e+0,,2.137e-17,,,4.547e-19,,5.574e-19,,8.286e-19,,4.352e-1,,1.709e-17,,1.084e-18,1.542e-16
472.65,5.877e+1,1.140e-20,4.312e-11,1.832e-43,7.339e-20,,,6.819e-11,1.569e-6,,3.270e-15,5.371e-18,1.248e-21,1.015e-17,2.211e-20,2.779e-13,6.614e-21,9.218e-26,,2.026e-19,5.365e-20,9.310e-21,2.854e+0,6.514e-17,5.279e-27,1.083e+0,,3.673e-1,6.697e-22,2.979e-17,3.042e-20,6.382e-29,1.008e-19,9.711e-23,1.554e+0,1.449e-17,1.883e-1,3.141e+1,1.091e-19,2.174e-1,1.914e+0,1.293e-1,1.482e+1,3.778e+0,,2.134e-17,,,4.541e-19,,5.574e-19,,8.286e-19,,4.534e-1,,1.708e-17,,1.081e-18,1.542e-16
472.68,5.970e+1,1.140e-20,5.085e-11,1.831e-43,7.351e-20,,,3.692e-11,2.187e-6,,3.270e-15,5.367e-18,6.465e-22,1.015e-17,2.237e-20,2.289e-13,6.613e-21,9.270e-26,,2.039e-19,5.367e-20,7.378e-21,2.572e+0,6.499e-17,5.307e-27,1.098e+0,,3.756e-1,6.701e-22,2.982e-17,3.043e-20,6.382e-29,1.008e-19,9.712e-23,1.605e+0,1.438e-17,1.744e-1,3.277e+1,1.094e-19,2.614e-1,2.322e+0,1.061e-1,1.398e+1,3.952e+0,,2.130e-17,,,4.533e-19,,5.573e-19,,8.285e-19,,4.846e-1,,1.708e-17,,1.077e-18,1.542e-16
472.7,6.023e+1,1.141e-20,5.653e-11,1.831e-43,7.359e-20,,,2.442e-11,2.717e-6,,3.269e-15,5.364e-18,4.152e-22,1.015e-17,2.254e-20,2.025e-13,6.612e-21,9.304e-26,,2.047e-19,5.369e-20,6.361e-21,2.389e+0,6.488e-17,5.326e-27,1.109e+0,,3.796e-1,6.705e-22,2.983e-17,3.044e-20,6.383e-29,1.008e-19,9.713e-23,1.638e+0,1.432e-17,1.650e-1,3.358e+1,1.096e-19,3.005e-1,2.630e+0,9.267e-2,1.339e+1,4.055e+0,,2.127e-17,,,4.528e-19,,5.572e-19,,8.284e-19,,5.080e-1,,1.707e-17,,1.074e-18,1.542e-16
472.73,6.090e+1,1.141e-20,6.584e-11,1.830e-43,7.371e-20,,,1.305e-11,3.737e-6,,3.269e-15,5.360e-18,2.123e-22,1.015e-17,2.280e-20,1.708e-13,6.611e-21,9.356e-26,,2.060e-19,5.371e-20,5.184e-21,2.126e+0,6.473e-17,5.354e-27,1.125e+0,,3.832e-1,6.709e-22,2.985e-17,3.044e-20,6.383e-29,1.008e-19,9.715e-23,1.688e+0,1.421e-17,1.510e-1,3.463e+1,1.099e-19,3.755e-1,3.150e+0,7.512e-2,1.246e+1,4.187e+0,,2.123e-17,,,4.520e-19,,5.572e-19,,8.284e-19,,5.474e-1,,1.707e-17,,1.069e-18,1.543e-16
472.75,6.126e+1,1.142e-20,7.258e-11,1.829e-43,7.379e-20,,,8.555e-12,4.604e-6,,3.269e-15,5.357e-18,1.352e-22,1.015e-17,2.297e-20,1.541e-13,6.611e-21,9.390e-26,,2.069e-19,5.373e-20,4.602e-21,1.959e+0,6.462e-17,5.372e-27,1.136e+0,,3.841e-1,6.712e-22,2.987e-17,3.045e-20,6.384e-29,1.008e-19,9.716e-23,1.722e+0,1.415e-17,1.417e-1,3.521e+1,1.102e-19,4.379e-1,3.538e+0,6.502e-2,1.183e+1,4.259e+0,,2.120e-17,,,4.514e-19,,5.571e-19,,8.283e-19,,5.768e-1,,1.706e-17,,1.066e-18,1.543e-16
472.78,6.168e+1,1.143e-20,8.349e-11,1.828e-43,7.391e-20,,,4.513e-12,6.253e-6,,3.268e-15,5.353e-18,6.825e-23,1.015e-17,2.323e-20,1.345e-13,6.610e-21,9.442e-26,,2.082e-19,5.375e-20,3.989e-21,1.722e+0,6.447e-17,5.400e-27,1.152e+0,,3.830e-1,6.717e-22,2.989e-17,3.046e-20,6.384e-29,1.008e-19,9.717e-23,1.771e+0,1.405e-17,1.279e-1,3.589e+1,1.105e-19,5.524e-1,4.184e+0,5.203e-2,1.088e+1,4.342e+0,,2.116e-17,,,4.506e-19,,5.570e-19,,8.282e-19,,6.255e-1,,1.706e-17,,1.062e-18,1.543e-16
472.8,6.187e+1,1.143e-20,9.128e-11,1.828e-43,7.399e-20,,,2.934e-12,7.637e-6,,3.268e-15,5.350e-18,4.308e-23,1.015e-17,2.340e-20,1.244e-13,6.609e-21,9.477e-26,,2.090e-19,5.376e-20,3.735e-21,1.574e+0,6.437e-17,5.419e-27,1.163e+0,,3.807e-1,6.720e-22,2.991e-17,3.046e-20,6.385e-29,1.009e-19,9.718e-23,1.805e+0,1.398e-17,1.190e-1,3.620e+1,1.107e-19,6.447e-1,4.659e+0,4.465e-2,1.024e+1,4.379e+0,,2.113e-17,,,4.500e-19,,5.570e-19,,8.282e-19,,6.612e-1,,1.706e-17,,1.059e-18,1.543e-16
472.82,6.201e+1,1.143e-20,9.946e-11,1.827e-43,7.406e-20,,,1.900e-12,9.296e-6,,3.268e-15,5.347e-18,2.710e-23,1.015e-17,2.357e-20,1.163e-13,6.608e-21,9.511e-26,,2.099e-19,5.378e-20,3.589e-21,1.434e+0,6.426e-17,5.438e-27,1.172e+0,,3.773e-1,6.723e-22,2.992e-17,3.047e-20,6.385e-29,1.009e-19,9.719e-23,1.838e+0,1.391e-17,1.104e-1,3.640e+1,1.109e-19,7.512e-1,5.171e+0,3.819e-2,9.613e+0,4.402e+0,,2.110e-17,,,4.495e-19,,5.569e-19,,8.281e-19,,6.994e-1,,1.705e-17,,1.056e-18,1.544e-16
472.85,6.210e+1,1.144e-20,1.124e-10,1.826e-43,7.418e-20,,,9.844e-13,1.240e-5,,3.267e-15,5.343e-18,1.343e-23,1.014e-17,2.383e-20,1.072e-13,6.607e-21,9.563e-26,,2.112e-19,5.380e-20,3.556e-21,1.241e+0,6.411e-17,5.466e-27,1.186e+0,,3.699e-1,6.728e-22,2.994e-17,3.047e-20,6.386e-29,1.009e-19,9.720e-23,1.888e+0,1.381e-17,9.791e-2,3.649e+1,1.112e-19,9.408e-1,6.006e+0,3.001e-2,8.682e+0,4.407e+0,,2.106e-17,,,4.487e-19,,5.568e-19,,8.281e-19,,7.614e-1,,1.705e-17,,1.052e-18,1.544e-16
472.87,6.209e+1,1.144e-20,1.215e-10,1.826e-43,7.426e-20,,,6.322e-13,1.497e-5,,3.267e-15,5.340e-18,8.379e-24,1.014e-17,2.400e-20,1.027e-13,6.606e-21,9.598e-26,,2.121e-19,5.382e-20,3.647e-21,1.123e+0,6.401e-17,5.484e-27,1.194e+0,,3.636e-1,6.731e-22,2.996e-17,3.048e-20,6.386e-29,1.009e-19,9.721e-23,1.920e+0,1.374e-17,9.001e-2,3.640e+1,1.115e-19,1.090e+0,6.609e+0,2.545e-2,8.078e+0,4.392e+0,,2.103e-17,,,4.481e-19,,5.568e-19,,8.280e-19,,8.056e-1,,1.704e-17,,1.049e-18,1.544e-16
472.9,6.200e+1,1.145e-20,1.357e-10,1.825e-43,7.438e-20,,,3.233e-13,1.972e-5,,3.267e-15,5.336e-18,4.100e-24,1.014e-17,2.426e-20,9.782e-14,6.605e-21,9.649e-26,,2.134e-19,5.384e-20,3.938e-21,9.629e-1,6.385e-17,5.513e-27,1.204e+0,,3.524e-1,6.736e-22,2.998e-17,3.049e-20,6.386e-29,1.009e-19,9.722e-23,1.969e+0,1.364e-17,7.884e-2,3.607e+1,1.118e-19,1.351e+0,7.579e+0,1.974e-2,7.203e+0,4.342e+0,,2.098e-17,,,4.473e-19,,5.567e-19,,8.279e-19,,8.759e-1,,1.704e-17,,1.044e-18,1.545e-16
472.92,6.190e+1,1.146e-20,1.454e-10,1.824e-43,7.446e-20,,,2.058e-13,2.360e-5,,3.266e-15,5.334e-18,2.535e-24,1.014e-17,2.443e-20,9.545e-14,6.605e-21,9.684e-26,,2.142e-19,5.386e-20,4.230e-21,8.676e-1,6.375e-17,5.531e-27,1.209e+0,,3.438e-1,6.739e-22,2.999e-17,3.049e-20,6.387e-29,1.009e-19,9.723e-23,2.001e+0,1.357e-17,7.186e-2,3.571e+1,1.120e-19,1.552e+0,8.268e+0,1.660e-2,6.645e+0,4.290e+0,,2.095e-17,,,4.468e-19,,5.566e-19,,8.279e-19,,9.251e-1,,1.703e-17,,1.041e-18,1.545e-16
472.95,6.171e+1,1.146e-20,1.604e-10,1.823e-43,7.458e-20,,,1.039e-13,3.069e-5,,3.266e-15,5.329e-18,1.224e-24,1.014e-17,2.469e-20,9.284e-14,6.604e-21,9.736e-26,,2.155e-19,5.388e-20,4.807e-21,7.416e-1,6.359e-17,5.559e-27,1.215e+0,,3.297e-1,6.743e-22,3.002e-17,3.050e-20,6.387e-29,1.010e-19,9.725e-23,2.047e+0,1.347e-17,6.214e-2,3.500e+1,1.123e-19,1.901e+0,9.362e+0,1.271e-2,5.850e+0,4.187e+0,,2.091e-17,,,4.459e-19,,5.566e-19,,8.278e-19,,1.002e+0,,1.703e-17,,1.037e-18,1.545e-16
472.97,6.156e+1,1.147e-20,1.705e-10,1.822e-43,7.466e-20,,,6.558e-14,3.641e-5,,3.266e-15,5.327e-18,7.506e-25,1.014e-17,2.486e-20,9.154e-14,6.603e-21,9.770e-26,,2.164e-19,5.390e-20,5.281e-21,6.689e-1,6.349e-17,5.578e-27,1.218e+0,,3.195e-1,6.746e-22,3.003e-17,3.050e-20,6.388e-29,1.010e-19,9.726e-23,2.076e+0,1.340e-17,5.616e-2,3.441e+1,1.125e-19,2.168e+0,1.013e+1,1.060e-2,5.351e+0,4.102e+0,,2.088e-17,,,4.454e-19,,5.565e-19,,8.278e-19,,1.054e+0,,1.702e-17,,1.034e-18,1.545e-16
473,6.133e+1,1.147e-20,1.857e-10,1.822e-43,7.478e-20,,,3.267e-14,4.676e-5,,3.265e-15,5.322e-18,3.579e-25,1.014e-17,2.512e-20,8.996e-14,6.602e-21,9.822e-26,,2.177e-19,5.392e-20,6.126e-21,5.765e-1,6.333e-17,5.606e-27,1.220e+0,,3.035e-1,6.751e-22,3.005e-17,3.051e-20,6.388e-29,1.010e-19,9.727e-23,2.117e+0,1.330e-17,4.794e-2,3.338e+1,1.129e-19,2.622e+0,1.132e+1,8.012e-3,4.651e+0,3.952e+0,,2.084e-17,,,4.446e-19,,5.564e-19,,8.277e-19,,1.135e+0,,1.702e-17,,1.030e-18,1.546e-16
473.02,6.120e+1,1.148e-20,1.958e-10,1.821e-43,7.486e-20,,,2.045e-14,5.501e-5,,3.265e-15,5.320e-18,2.175e-25,1.014e-17,2.529e-20,8.903e-14,6.601e-21,9.857e-26,,2.186e-19,5.394e-20,6.775e-21,5.261e-1,6.323e-17,5.625e-27,1.219e+0,,2.924e-1,6.754e-22,3.007e-17,3.052e-20,6.389e-29,1.010e-19,9.728e-23,2.142e+0,1.323e-17,4.296e-2,3.262e+1,1.131e-19,2.964e+0,1.214e+1,6.621e-3,4.218e+0,3.839e+0,,2.081e-17,,,4.440e-19,,5.564e-19,,8.276e-19,,1.188e+0,,1.702e-17,,1.027e-18,1.546e-16
473.05,6.104e+1,1.148e-20,2.106e-10,1.820e-43,7.498e-20,,,1.006e-14,6.974e-5,,3.264e-15,5.315e-18,1.024e-25,1.014e-17,2.555e-20,8.763e-14,6.600e-21,9.908e-26,,2.199e-19,5.396e-20,7.878e-21,4.674e-1,6.308e-17,5.653e-27,1.216e+0,,2.757e-1,6.759e-22,3.009e-17,3.052e-20,6.389e-29,1.010e-19,9.729e-23,2.174e+0,1.313e-17,3.620e-2,3.139e+1,1.134e-19,3.540e+0,1.340e+1,4.942e-3,3.619e+0,3.651e+0,,2.077e-17,,,4.432e-19,,5.563e-19,,8.276e-19,,1.268e+0,,1.701e-17,,1.022e-18,1.546e-16
473.07,6.098e+1,1.149e-20,2.203e-10,1.819e-43,7.505e-20,,,6.239e-15,8.135e-5,,3.264e-15,5.313e-18,6.167e-26,1.014e-17,2.572e-20,8.662e-14,6.599e-21,9.943e-26,,2.207e-19,5.398e-20,8.699e-21,4.398e-1,6.297e-17,5.671e-27,1.213e+0,,2.646e-1,6.762e-22,3.011e-17,3.053e-20,6.390e-29,1.010e-19,9.730e-23,2.192e+0,1.306e-17,3.216e-2,3.053e+1,1.136e-19,3.969e+0,1.425e+1,4.049e-3,3.254e+0,3.516e+0,,2.074e-17,,,4.427e-19,,5.562e-19,,8.275e-19,,1.320e+0,,1.701e-17,,1.019e-18,1.547e-16
473.1,6.098e+1,1.149e-20,2.341e-10,1.819e-43,7.517e-20,,,3.029e-15,1.018e-4,,3.264e-15,5.308e-18,2.865e-26,1.014e-17,2.598e-20,8.490e-14,6.598e-21,9.995e-26,,2.220e-19,5.400e-20,1.005e-20,4.163e-1,6.282e-17,5.699e-27,1.207e+0,,2.483e-1,6.767e-22,3.013e-17,3.054e-20,6.390e-29,1.011e-19,9.731e-23,2.212e+0,1.296e-17,2.676e-2,2.921e+1,1.139e-19,4.680e+0,1.552e+1,2.983e-3,2.757e+0,3.302e+0,,2.070e-17,,,4.418e-19,,5.562e-19,,8.274e-19,,1.396e+0,,1.700e-17,,1.015e-18,1.547e-16
473.12,6.105e+1,1.150e-20,2.428e-10,1.818e-43,7.525e-20,,,1.863e-15,1.178e-4,,3.263e-15,5.306e-18,1.711e-26,1.014e-17,2.615e-20,8.357e-14,6.598e-21,1.003e-25,,2.229e-19,5.402e-20,1.104e-20,4.132e-1,6.271e-17,5.718e-27,1.201e+0,,2.379e-1,6.770e-22,3.014e-17,3.054e-20,6.391e-29,1.011e-19,9.732e-23,2.221e+0,1.289e-17,2.357e-2,2.833e+1,1.142e-19,5.202e+0,1.637e+1,2.423e-3,2.458e+0,3.153e+0,,2.067e-17,,,4.413e-19,,5.561e-19,,8.274e-19,,1.443e+0,,1.700e-17,,1.012e-18,1.547e-16
473.15,6.131e+1,1.151e-20,2.549e-10,1.817e-43,7.537e-20,,,8.927e-16,1.455e-4,,3.263e-15,5.301e-18,7.849e-27,1.014e-17,2.641e-20,8.126e-14,6.597e-21,1.008e-25,,2.242e-19,5.404e-20,1.263e-20,4.287e-1,6.256e-17,5.746e-27,1.192e+0,,2.233e-1,6.774e-22,3.017e-17,3.055e-20,6.391e-29,1.011e-19,9.734e-23,2.226e+0,1.279e-17,1.936e-2,2.707e+1,1.145e-19,6.057e+0,1.761e+1,1.763e-3,2.055e+0,2.923e+0,,2.062e-17,,,4.405e-19,,5.560e-19,,8.273e-19,,1.510e+0,,1.699e-17,,1.007e-18,1.547e-16
473.17,6.158e+1,1.151e-20,2.622e-10,1.816e-43,7.545e-20,,,5.443e-16,1.669e-4,,3.263e-15,5.299e-18,4.648e-27,1.014e-17,2.658e-20,7.949e-14,6.596e-21,1.012e-25,,2.250e-19,5.406e-20,1.377e-20,4.535e-1,6.246e-17,5.765e-27,1.185e+0,,2.143e-1,6.777e-22,3.018e-17,3.055e-20,6.392e-29,1.011e-19,9.735e-23,2.223e+0,1.273e-17,1.691e-2,2.627e+1,1.147e-19,6.675e+0,1.840e+1,1.420e-3,1.817e+0,2.767e+0,,2.059e-17,,,4.399e-19,,5.560e-19,,8.273e-19,,1.550e+0,,1.699e-17,,1.005e-18,1.548e-16
473.19,6.195e+1,1.151e-20,2.689e-10,1.816e-43,7.553e-20,,,3.307e-16,1.907e-4,,3.262e-15,5.296e-18,2.743e-27,1.014e-17,2.675e-20,7.756e-14,6.595e-21,1.015e-25,,2.259e-19,5.407e-20,1.496e-20,4.911e-1,6.235e-17,9.855e-27,1.178e+0,,2.061e-1,6.781e-22,3.020e-17,3.056e-20,6.392e-29,1.011e-19,9.735e-23,2.216e+0,1.266e-17,1.472e-2,2.554e+1,1.149e-19,7.331e+0,1.917e+1,1.139e-3,1.600e+0,2.611e+0,,2.057e-17,,,4.394e-19,,5.559e-19,,8.272e-19,,1.586e+0,,1.698e-17,,1.002e-18,1.548e-16
473.22,6.269e+1,1.152e-20,2.775e-10,1.815e-43,7.565e-20,,,1.557e-16,2.316e-4,,3.262e-15,5.292e-18,1.235e-27,1.014e-17,2.701e-20,7.433e-14,6.594e-21,1.020e-25,,2.272e-19,5.410e-20,1.683e-20,5.739e-1,6.220e-17,2.189e-26,1.166e+0,,1.953e-1,6.785e-22,3.022e-17,3.057e-20,6.392e-29,1.011e-19,9.737e-23,2.196e+0,1.256e-17,1.187e-2,2.457e+1,1.152e-19,8.384e+0,2.026e+1,8.140e-4,1.315e+0,2.377e+0,,2.052e-17,,,4.386e-19,,5.558e-19,,8.271e-19,,1.633e+0,,1.698e-17,,9.972e-19,1.548e-16
473.24,6.332e+1,1.152e-20,2.822e-10,1.814e-43,7.573e-20,,,9.376e-17,2.624e-4,,3.262e-15,5.289e-18,7.226e-28,1.014e-17,2.718e-20,7.198e-14,6.593e-21,1.024e-25,,2.281e-19,5.411e-20,1.814e-20,6.487e-1,6.209e-17,3.710e-26,1.159e+0,,1.893e-1,6.788e-22,3.023e-17,3.057e-20,6.393e-29,1.012e-19,9.738e-23,2.176e+0,1.249e-17,1.025e-2,2.405e+1,1.154e-19,9.130e+0,2.093e+1,6.477e-4,1.148e+0,2.224e+0,,2.049e-17,,,4.380e-19,,5.558e-19,,8.271e-19,,1.659e+0,,1.698e-17,,9.942e-19,1.548e-16
473.27,6.449e+1,1.153e-20,2.877e-10,1.813e-43,7.585e-20,,,4.356e-17,3.145e-4,,3.261e-15,5.285e-18,2.457e-28,1.014e-17,2.744e-20,6.819e-14,6.592e-21,1.029e-25,,2.294e-19,5.413e-20,2.017e-20,7.944e-1,6.194e-17,8.136e-26,1.148e+0,,1.821e-1,6.793e-22,3.026e-17,3.058e-20,6.393e-29,1.012e-19,9.739e-23,2.136e+0,1.239e-17,8.164e-3,2.347e+1,1.158e-19,1.031e+1,2.183e+1,4.568e-4,9.310e-1,1.999e+0,,2.045e-17,,,4.372e-19,,5.557e-19,,8.270e-19,,1.687e+0,,1.697e-17,,9.898e-19,1.549e-16
473.29,6.543e+1,1.154e-20,2.903e-10,1.813e-43,7.593e-20,,,2.601e-17,3.533e-4,,3.261e-15,5.282e-18,2.455e-28,1.014e-17,2.761e-20,6.551e-14,6.592e-21,1.032e-25,,2.302e-19,5.415e-20,2.155e-20,9.167e-1,6.184e-17,1.368e-25,1.141e+0,,1.787e-1,6.796e-22,3.027e-17,3.058e-20,6.394e-29,1.012e-19,9.740e-23,2.102e+0,1.232e-17,6.987e-3,2.323e+1,1.160e-19,1.113e+1,2.236e+1,3.604e-4,8.061e-1,1.854e+0,,2.042e-17,,,4.366e-19,,5.556e-19,,8.270e-19,,1.700e+0,,1.697e-17,,9.868e-19,1.549e-16
473.32,6.708e+1,1.154e-20,2.923e-10,1.812e-43,7.605e-20,,,1.193e-17,4.181e-4,,3.261e-15,5.278e-18,2.453e-28,1.014e-17,2.787e-20,6.131e-14,6.591e-21,1.037e-25,,2.315e-19,5.417e-20,2.366e-20,1.144e+0,6.168e-17,2.961e-25,1.131e+0,,1.756e-1,6.801e-22,3.029e-17,3.059e-20,6.394e-29,1.012e-19,9.741e-23,2.043e+0,1.222e-17,5.500e-3,2.315e+1,1.163e-19,1.241e+1,2.303e+1,2.509e-4,6.454e-1,1.646e+0,,2.038e-17,,,4.358e-19,,5.556e-19,,8.269e-19,,1.709e+0,,1.696e-17,,9.824e-19,1.549e-16
473.34,6.835e+1,1.155e-20,2.925e-10,1.811e-43,7.612e-20,,,7.062e-18,4.658e-4,,3.260e-15,5.275e-18,2.451e-28,1.014e-17,2.804e-20,5.842e-14,6.590e-21,1.041e-25,,2.324e-19,5.419e-20,2.507e-20,1.327e+0,6.158e-17,4.936e-25,1.125e+0,,1.749e-1,6.804e-22,3.031e-17,3.060e-20,6.395e-29,1.012e-19,9.742e-23,1.998e+0,1.215e-17,4.671e-3,2.328e+1,1.165e-19,1.329e+1,2.338e+1,1.963e-4,5.540e-1,1.513e+0,,2.035e-17,,,4.353e-19,,5.555e-19,,8.268e-19,,1.707e+0,,1.696e-17,,9.795e-19,1.550e-16
473.37,7.052e+1,1.155e-20,2.910e-10,1.810e-43,7.624e-20,,,3.197e-18,5.442e-4,,3.260e-15,5.271e-18,2.448e-28,1.014e-17,2.830e-20,5.400e-14,6.589e-21,1.046e-25,,2.337e-19,5.421e-20,2.717e-20,1.659e+0,6.142e-17,1.055e-24,1.117e+0,,1.760e-1,6.809e-22,3.033e-17,3.060e-20,6.395e-29,1.013e-19,9.744e-23,1.921e+0,1.205e-17,3.638e-3,2.378e+1,1.169e-19,1.462e+1,2.378e+1,1.349e-4,4.379e-1,1.326e+0,,2.031e-17,,,4.345e-19,,5.554e-19,,8.268e-19,,1.695e+0,,1.695e-17,,9.750e-19,1.550e-16
473.39,7.213e+1,1.156e-20,2.889e-10,1.810e-43,7.632e-20,,,1.876e-18,6.011e-4,,3.260e-15,5.268e-18,2.447e-28,1.014e-17,2.847e-20,5.103e-14,6.588e-21,1.050e-25,,2.346e-19,5.423e-20,2.855e-20,1.921e+0,6.132e-17,1.744e-24,1.113e+0,,1.781e-1,6.812e-22,3.034e-17,3.061e-20,6.396e-29,1.013e-19,9.745e-23,1.865e+0,1.198e-17,3.072e-3,2.433e+1,1.171e-19,1.552e+1,2.394e+1,1.046e-4,3.727e-1,1.209e+0,,2.028e-17,,,4.339e-19,,5.554e-19,,8.267e-19,,1.679e+0,,1.695e-17,,9.721e-19,1.550e-16
473.42,7.482e+1,1.156e-20,2.840e-10,1.809e-43,7.644e-20,,,8.384e-19,6.934e-4,,3.259e-15,5.264e-18,2.444e-28,1.014e-17,2.873e-20,4.657e-14,6.587e-21,1.055e-25,,2.359e-19,5.425e-20,3.055e-20,2.386e+0,6.116e-17,3.683e-24,1.107e+0,,1.832e-1,6.816e-22,3.037e-17,3.062e-20,6.396e-29,1.013e-19,9.746e-23,1.773e+0,1.188e-17,2.379e-3,2.548e+1,1.174e-19,1.687e+1,2.403e+1,7.097e-5,2.908e-1,1.046e+0,,2.024e-17,,,4.331e-19,,5.553e-19,,8.266e-19,,1.646e+0,,1.694e-17,,9.677e-19,1.551e-16
473.44,7.678e+1,1.157e-20,2.796e-10,1.808e-43,7.652e-20,,,4.879e-19,7.594e-4,,3.259e-15,5.261e-18,2.442e-28,1.014e-17,2.890e-20,4.364e-14,6.586e-21,1.058e-25,,2.367e-19,5.427e-20,3.183e-20,2.748e+0,6.106e-17,6.036e-24,1.104e+0,,1.879e-1,6.819e-22,3.038e-17,3.062e-20,6.397e-29,1.013e-19,9.747e-23,1.708e+0,1.181e-17,2.007e-3,2.648e+1,1.176e-19,1.775e+1,2.399e+1,5.457e-5,2.454e-1,9.452e-1,,2.021e-17,,,4.325e-19,,5.552e-19,,8.266e-19,,1.618e+0,,1.694e-17,,9.647e-19,1.551e-16
473.47,7.998e+1,1.157e-20,2.715e-10,1.807e-43,7.664e-20,,,4.887e-19,8.649e-4,,3.258e-15,5.257e-18,2.440e-28,1.014e-17,2.916e-20,3.933e-14,6.585e-21,1.063e-25,,2.380e-19,5.429e-20,3.363e-20,3.379e+0,6.091e-17,1.258e-23,1.101e+0,,1.966e-1,6.824e-22,3.040e-17,3.063e-20,6.397e-29,1.013e-19,9.748e-23,1.606e+0,1.171e-17,1.567e-3,2.831e+1,1.179e-19,1.904e+1,2.378e+1,3.655e-5,1.891e-1,8.072e-1,,2.016e-17,,,4.317e-19,,5.552e-19,,8.265e-19,,1.566e+0,,1.693e-17,,9.603e-19,1.551e-16
473.49,8.227e+1,1.158e-20,2.652e-10,1.807e-43,7.672e-20,,,4.892e-19,9.392e-4,,3.258e-15,5.254e-18,2.438e-28,1.014e-17,2.933e-20,3.654e-14,6.585e-21,1.067e-25,,2.389e-19,5.431e-20,3.474e-20,3.864e+0,6.080e-17,2.045e-23,1.099e+0,,2.035e-1,6.827e-22,3.042e-17,3.063e-20,6.398e-29,1.013e-19,9.749e-23,1.535e+0,1.164e-17,1.343e-3,2.975e+1,1.182e-19,1.987e+1,2.353e+1,2.786e-5,1.582e-1,7.234e-1,,2.013e-17,,,4.312e-19,,5.551e-19,,8.265e-19,,1.526e+0,,1.693e-17,,9.573e-19,1.551e-16
473.52,8.595e+1,1.159e-20,2.545e-10,1.806e-43,7.684e-20,,,4.900e-19,1.056e-3,,3.258e-15,5.250e-18,2.436e-28,1.014e-17,2.959e-20,3.251e-14,6.584e-21,1.072e-25,,2.402e-19,5.433e-20,3.623e-20,4.696e+0,6.065e-17,4.210e-23,1.096e+0,,2.152e-1,6.832e-22,3.044e-17,3.064e-20,6.398e-29,1.014e-19,9.750e-23,1.426e+0,1.154e-17,1.096e-3,3.224e+1,1.185e-19,2.105e+1,2.303e+1,1.842e-5,1.203e-1,6.099e-1,,2.009e-17,,,4.304e-19,,5.550e-19,,8.264e-19,,1.459e+0,,1.692e-17,,9.529e-19,1.552e-16
473.54,8.854e+1,1.159e-20,2.466e-10,1.805e-43,7.692e-20,,,4.905e-19,1.137e-3,,3.257e-15,5.247e-18,2.434e-28,1.014e-17,2.976e-20,2.995e-14,6.583e-21,1.075e-25,,2.410e-19,5.435e-20,3.711e-20,5.327e+0,6.054e-17,6.784e-23,1.094e+0,,2.238e-1,6.835e-22,3.046e-17,3.065e-20,6.398e-29,1.014e-19,9.751e-23,1.352e+0,1.147e-17,9.883e-4,3.411e+1,1.187e-19,2.178e+1,2.260e+1,1.392e-5,9.979e-2,5.420e-1,,2.006e-17,,,4.298e-19,,5.550e-19,,8.263e-19,,1.410e+0,,1.692e-17,,9.500e-19,1.552e-16
473.56,9.125e+1,1.159e-20,2.381e-10,1.805e-43,7.700e-20,,,4.911e-19,1.220e-3,,3.257e-15,5.244e-18,2.432e-28,1.014e-17,2.993e-20,2.749e-14,6.582e-21,1.079e-25,,2.419e-19,5.436e-20,3.787e-20,6.023e+0,6.044e-17,1.090e-22,1.092e+0,,2.329e-1,6.838e-22,3.047e-17,3.065e-20,6.399e-29,1.014e-19,9.752e-23,1.278e+0,1.141e-17,9.226e-4,3.614e+1,1.189e-19,2.246e+1,2.210e+1,1.049e-5,8.250e-2,4.800e-1,,2.003e-17,,,4.293e-19,,5.549e-19,,8.263e-19,,1.358e+0,,1.692e-17,,9.470e-19,1.552e-16
473.59,9.549e+1,1.160e-20,2.247e-10,1.804e-43,7.711e-20,,,4.919e-19,1.348e-3,,3.257e-15,5.240e-18,2.430e-28,1.014e-17,3.019e-20,2.403e-14,6.581e-21,1.084e-25,,2.432e-19,5.439e-20,3.881e-20,7.195e+0,6.029e-17,2.204e-22,1.089e+0,,2.472e-1,6.843e-22,3.049e-17,3.066e-20,6.399e-29,1.014e-19,9.754e-23,1.167e+0,1.130e-17,9.034e-4,3.945e+1,1.192e-19,2.337e+1,2.124e+1,6.811e-6,6.162e-2,3.975e-1,,1.999e-17,,,4.284e-19,,5.548e-19,,8.262e-19,,1.275e+0,,1.691e-17,,9.426e-19,1.552e-16
473.61,9.843e+1,1.160e-20,2.152e-10,1.803e-43,7.719e-20,,,4.924e-19,1.434e-3,,3.256e-15,5.237e-18,2.428e-28,1.014e-17,3.036e-20,2.187e-14,6.580e-21,1.088e-25,,2.441e-19,5.440e-20,3.927e-20,8.068e+0,6.018e-17,3.510e-22,1.086e+0,,2.571e-1,6.846e-22,3.051e-17,3.066e-20,6.400e-29,1.014e-19,9.755e-23,1.094e+0,1.124e-17,9.455e-4,4.181e+1,1.194e-19,2.389e+1,2.060e+1,5.086e-6,5.051e-2,3.490e-1,,1.996e-17,,,4.279e-19,,5.548e-19,,8.262e-19,,1.217e+0,,1.691e-17,,9.397e-19,1.553e-16
473.64,1.030e+2,1.161e-20,2.006e-10,1.802e-43,7.731e-20,,,4.932e-19,1.564e-3,,3.256e-15,5.233e-18,2.426e-28,1.014e-17,3.062e-20,1.887e-14,6.579e-21,1.093e-25,,2.454e-19,5.443e-20,3.973e-20,9.518e+0,6.003e-17,7.009e-22,1.080e+0,,2.720e-1,6.850e-22,3.053e-17,3.067e-20,6.400e-29,1.014e-19,9.756e-23,9.875e-1,1.113e-17,1.099e-3,4.557e+1,1.198e-19,2.454e+1,1.955e+1,3.260e-6,3.724e-2,2.853e-1,,1.992e-17,,,4.271e-19,,5.547e-19,,8.261e-19,,1.129e+0,,1.690e-17,,9.352e-19,1.553e-16
473.66,1.061e+2,1.162e-20,1.907e-10,1.802e-43,7.739e-20,,,4.937e-19,1.649e-3,,3.256e-15,5.230e-18,2.424e-28,1.014e-17,3.079e-20,1.703e-14,6.579e-21,1.096e-25,,2.462e-19,5.444e-20,3.986e-20,1.058e+1,5.992e-17,1.107e-21,1.075e+0,,2.819e-1,6.853e-22,3.055e-17,3.068e-20,6.401e-29,1.015e-19,9.757e-23,9.182e-1,1.107e-17,1.271e-3,4.818e+1,1.200e-19,2.488e+1,1.879e+1,2.414e-6,3.027e-2,2.484e-1,,1.989e-17,,,4.265e-19,,5.547e-19,,8.260e-19,,1.069e+0,,1.690e-17,,9.323e-19,1.553e-16
473.69,1.108e+2,1.162e-20,1.756e-10,1.801e-43,7.751e-20,,,4.946e-19,1.776e-3,,3.255e-15,5.226e-18,2.421e-28,1.014e-17,3.105e-20,1.451e-14,6.578e-21,1.101e-25,,2.475e-19,5.446e-20,3.981e-20,1.233e+1,5.977e-17,2.183e-21,1.066e+0,,2.964e-1,6.858e-22,3.057e-17,3.068e-20,6.401e-29,1.015e-19,9.758e-23,8.183e-1,1.097e-17,1.652e-3,5.222e+1,1.203e-19,2.523e+1,1.761e+1,1.528e-6,2.203e-2,2.005e-1,,1.985e-17,,,4.257e-19,,5.546e-19,,8.260e-19,,9.781e-1,,1.689e-17,,9.279e-19,1.554e-16
473.71,1.139e+2,1.163e-20,1.656e-10,1.800e-43,7.759e-20,,,4.951e-19,1.858e-3,,3.255e-15,5.223e-18,2.420e-28,1.014e-17,3.122e-20,1.298e-14,6.577e-21,1.105e-25,,2.484e-19,5.448e-20,3.961e-20,1.359e+1,5.967e-17,3.418e-21,1.058e+0,,3.055e-1,6.861e-22,3.058e-17,3.069e-20,6.402e-29,1.015e-19,9.759e-23,7.547e-1,1.090e-17,2.005e-3,5.496e+1,1.205e-19,2.536e+1,1.678e+1,1.121e-6,1.775e-2,1.730e-1,,1.982e-17,,,4.252e-19,,5.545e-19,,8.259e-19,,9.181e-1,,1.689e-17,,9.249e-19,1.554e-16
473.74,1.187e+2,1.163e-20,1.507e-10,1.799e-43,7.771e-20,,,4.959e-19,1.975e-3,,3.255e-15,5.219e-18,2.417e-28,1.014e-17,3.148e-20,1.092e-14,6.576e-21,1.110e-25,,2.497e-19,5.450e-20,3.906e-20,1.563e+1,5.951e-17,6.656e-21,1.043e+0,,3.183e-1,6.866e-22,3.061e-17,3.070e-20,6.402e-29,1.015e-19,9.760e-23,6.642e-1,1.080e-17,2.720e-3,5.910e+1,1.209e-19,2.539e+1,1.552e+1,7.006e-7,1.276e-2,1.379e-1,,1.977e-17,,,4.243e-19,,5.544e-19,,8.258e-19,,8.297e-1,,1.688e-17,,9.205e-19,1.554e-16
473.76,1.218e+2,1.164e-20,1.410e-10,1.799e-43,7.779e-20,,,4.964e-19,2.048e-3,,3.254e-15,5.216e-18,2.415e-28,1.014e-17,3.165e-20,9.689e-15,6.575e-21,1.113e-25,,2.506e-19,5.452e-20,3.853e-20,1.709e+1,5.941e-17,1.034e-20,1.031e+0,,3.260e-1,6.869e-22,3.062e-17,3.070e-20,6.403e-29,1.015e-19,9.761e-23,6.075e-1,1.073e-17,3.347e-3,6.184e+1,1.211e-19,2.531e+1,1.467e+1,5.099e-7,1.019e-2,1.180e-1,,1.975e-17,,,4.238e-19,,5.544e-19,,8.258e-19,,7.723e-1,,1.688e-17,,9.175e-19,1.554e-16
473.79,1.264e+2,1.164e-20,1.268e-10,1.798e-43,7.791e-20,,,4.972e-19,2.149e-3,,3.254e-15,5.212e-18,2.413e-28,1.014e-17,3.191e-20,8.045e-15,6.574e-21,1.119e-25,,2.519e-19,5.454e-20,3.751e-20,1.941e+1,5.925e-17,1.987e-20,1.011e+0,,3.362e-1,6.874e-22,3.064e-17,3.071e-20,6.403e-29,1.015e-19,9.763e-23,5.282e-1,1.063e-17,4.573e-3,6.587e+1,1.214e-19,2.502e+1,1.340e+1,3.145e-7,7.230e-3,9.281e-2,,1.970e-17,,,4.230e-19,,5.543e-19,,8.257e-19,,6.891e-1,,1.687e-17,,9.131e-19,1.555e-16
473.81,1.293e+2,1.165e-20,1.176e-10,1.797e-43,7.799e-20,,,4.978e-19,2.210e-3,,3.253e-15,5.210e-18,2.411e-28,1.014e-17,3.208e-20,7.076e-15,6.573e-21,1.122e-25,,2.527e-19,5.456e-20,3.668e-20,2.104e+1,5.915e-17,3.060e-20,9.953e-1,,3.419e-1,6.877e-22,3.066e-17,3.071e-20,6.404e-29,1.016e-19,9.764e-23,4.791e-1,1.056e-17,5.623e-3,6.848e+1,1.216e-19,2.472e+1,1.256e+1,2.269e-7,5.727e-3,7.875e-2,,1.967e-17,,,4.224e-19,,5.542e-19,,8.256e-19,,6.359e-1,,1.687e-17,,9.102e-19,1.555e-16
473.84,1.336e+2,1.165e-20,1.045e-10,1.796e-43,7.811e-20,,,4.986e-19,2.290e-3,,3.253e-15,5.205e-18,2.409e-28,1.014e-17,3.234e-20,5.801e-15,6.572e-21,1.127e-25,,2.540e-19,5.458e-20,3.526e-20,2.359e+1,5.899e-17,5.810e-20,9.688e-1,,3.486e-1,6.881e-22,3.068e-17,3.072e-20,6.404e-29,1.016e-19,9.765e-23,4.115e-1,1.046e-17,7.637e-3,7.220e+1,1.219e-19,2.413e+1,1.132e+1,1.382e-7,4.011e-3,6.116e-2,,1.963e-17,,,4.216e-19,,5.542e-19,,8.256e-19,,5.602e-1,,1.687e-17,,9.057e-19,1.555e-16
473.86,1.363e+2,1.166e-20,9.622e-11,1.796e-43,7.818e-20,,,4.991e-19,2.335e-3,,3.253e-15,5.203e-18,2.407e-28,1.014e-17,3.251e-20,5.059e-15,6.572e-21,1.131e-25,,2.549e-19,5.460e-20,3.419e-20,2.535e+1,5.889e-17,8.870e-20,9.492e-1,,3.518e-1,6.885e-22,3.069e-17,3.073e-20,6.404e-29,1.016e-19,9.766e-23,3.704e-1,1.039e-17,9.336e-3,7.453e+1,1.221e-19,2.364e+1,1.052e+1,9.883e-8,3.150e-3,5.145e-2,,1.960e-17,,,4.211e-19,,5.541e-19,,8.255e-19,,5.126e-1,,1.686e-17,,9.028e-19,1.555e-16
473.89,1.401e+2,1.167e-20,8.448e-11,1.795e-43,7.830e-20,,,4.999e-19,2.389e-3,,3.252e-15,5.198e-18,2.404e-28,1.014e-17,3.277e-20,4.095e-15,6.570e-21,1.136e-25,,2.562e-19,5.462e-20,3.244e-20,2.807e+1,5.874e-17,1.663e-19,9.169e-1,,3.545e-1,6.889e-22,3.072e-17,3.074e-20,6.405e-29,1.016e-19,9.767e-23,3.145e-1,1.029e-17,1.255e-2,7.777e+1,1.225e-19,2.278e+1,9.362e+0,5.941e-8,2.178e-3,3.945e-2,,1.956e-17,,,4.202e-19,,5.540e-19,,8.254e-19,,4.458e-1,,1.686e-17,,8.984e-19,1.556e-16
473.91,1.424e+2,1.167e-20,7.716e-11,1.794e-43,7.838e-20,,,5.004e-19,2.415e-3,,3.252e-15,5.196e-18,2.403e-28,1.014e-17,3.294e-20,3.541e-15,6.570e-21,1.139e-25,,2.570e-19,5.464e-20,3.120e-20,2.991e+1,5.863e-17,2.518e-19,8.937e-1,,3.548e-1,6.892e-22,3.073e-17,3.074e-20,6.405e-29,1.016e-19,9.768e-23,2.810e-1,1.022e-17,1.522e-2,7.972e+1,1.227e-19,2.213e+1,8.625e+0,4.213e-8,1.696e-3,3.290e-2,,1.953e-17,,,4.197e-19,,5.540e-19,,8.254e-19,,4.044e-1,,1.685e-17,,8.954e-19,1.556e-16
473.93,1.445e+2,1.167e-20,7.024e-11,1.794e-43,7.846e-20,,,5.010e-19,2.433e-3,,3.252e-15,5.193e-18,2.401e-28,1.014e-17,3.311e-20,3.051e-15,6.569e-21,1.143e-25,,2.579e-19,5.465e-20,2.989e-20,3.177e+1,5.853e-17,3.799e-19,8.692e-1,,3.540e-1,6.895e-22,3.075e-17,3.075e-20,6.406e-29,1.016e-19,9.769e-23,2.505e-1,1.015e-17,1.840e-2,8.151e+1,1.229e-19,2.142e+1,7.919e+0,2.978e-8,1.316e-3,2.735e-2,,1.950e-17,,,4.191e-19,,5.539e-19,,8.253e-19,,3.657e-1,,1.685e-17,,8.925e-19,1.556e-16
473.96,1.473e+2,1.168e-20,6.065e-11,1.793e-43,7.858e-20,,,5.018e-19,2.445e-3,,3.251e-15,5.189e-18,2.398e-28,1.014e-17,3.337e-20,2.426e-15,6.568e-21,1.148e-25,,2.592e-19,5.468e-20,2.786e-20,3.455e+1,5.837e-17,6.997e-19,8.303e-1,,3.507e-1,6.900e-22,3.077e-17,3.075e-20,6.406e-29,1.017e-19,9.770e-23,2.100e-1,1.005e-17,2.432e-2,8.383e+1,1.232e-19,2.028e+1,6.923e+0,1.758e-8,8.935e-4,2.060e-2,,1.946e-17,,,4.183e-19,,5.538e-19,,8.253e-19,,3.124e-1,,1.684e-17,,8.880e-19,1.557e-16
473.98,1.490e+2,1.168e-20,5.478e-11,1.792e-43,7.866e-20,,,5.023e-19,2.443e-3,,3.251e-15,5.186e-18,2.397e-28,1.014e-17,3.354e-20,2.073e-15,6.567e-21,1.151e-25,,2.601e-19,5.469e-20,2.647e-20,3.639e+1,5.827e-17,1.047e-18,8.031e-1,,3.471e-1,6.903e-22,3.078e-17,3.076e-20,6.407e-29,1.017e-19,9.771e-23,1.864e-1,9.984e-18,2.916e-2,8.514e+1,1.234e-19,1.946e+1,6.303e+0,1.232e-8,6.874e-4,1.697e-2,,1.943e-17,,,4.178e-19,,5.538e-19,,8.252e-19,,2.800e-1,,1.684e-17,,8.851e-19,1.557e-16
474.01,1.510e+2,2.601e-20,4.674e-11,1.791e-43,7.878e-20,,,5.031e-19,2.423e-3,,3.251e-15,5.182e-18,2.394e-28,1.014e-17,3.380e-20,1.627e-15,6.566e-21,1.157e-25,,2.614e-19,5.472e-20,2.436e-20,3.908e+1,5.812e-17,1.904e-18,7.610e-1,,3.397e-1,6.908e-22,3.081e-17,3.077e-20,6.407e-29,1.017e-19,9.773e-23,1.557e-1,9.883e-18,3.806e-2,8.674e+1,1.238e-19,1.819e+1,5.440e+0,7.180e-9,4.608e-4,1.262e-2,,1.939e-17,,,4.170e-19,,5.537e-19,,8.251e-19,,2.362e-1,,1.683e-17,,8.807e-19,1.557e-16
474.03,1.521e+2,4.416e-20,4.188e-11,1.790e-43,7.886e-20,,,5.037e-19,2.401e-3,,3.250e-15,5.179e-18,2.393e-28,1.014e-17,3.397e-20,1.378e-15,6.566e-21,1.160e-25,,2.622e-19,5.473e-20,2.295e-20,4.080e+1,5.801e-17,2.825e-18,7.322e-1,,3.335e-1,6.911e-22,3.082e-17,3.077e-20,6.408e-29,1.017e-19,9.774e-23,1.384e-1,9.815e-18,4.525e-2,8.756e+1,1.240e-19,1.731e+1,4.910e+0,4.988e-9,3.515e-4,1.031e-2,,1.936e-17,,,4.164e-19,,5.537e-19,,8.251e-19,,2.099e-1,,1.683e-17,,8.777e-19,1.557e-16
474.06,1.532e+2,9.707e-20,3.531e-11,1.790e-43,7.898e-20,,,5.045e-19,2.351e-3,,3.250e-15,5.175e-18,2.390e-28,1.014e-17,3.423e-20,1.068e-15,6.564e-21,1.165e-25,,2.635e-19,5.476e-20,2.085e-20,4.326e+1,5.786e-17,5.074e-18,6.883e-1,,3.224e-1,6.916e-22,3.084e-17,3.078e-20,6.408e-29,1.017e-19,9.775e-23,1.167e-1,9.714e-18,5.831e-2,8.844e+1,1.243e-19,1.597e+1,4.184e+0,2.870e-9,2.326e-4,7.569e-3,,1.931e-17,,,4.156e-19,,5.536e-19,,8.250e-19,,1.748e-1,,1.683e-17,,8.733e-19,1.558e-16
474.08,1.537e+2,1.634e-19,3.139e-11,1.789e-43,7.906e-20,,,5.050e-19,2.309e-3,,3.250e-15,5.172e-18,2.388e-28,1.014e-17,3.440e-20,8.968e-16,6.564e-21,1.169e-25,,2.644e-19,5.477e-20,1.948e-20,4.480e+1,5.775e-17,7.465e-18,6.589e-1,,3.139e-1,6.919e-22,3.086e-17,3.078e-20,6.409e-29,1.017e-19,9.776e-23,1.049e-1,9.646e-18,6.876e-2,8.881e+1,1.245e-19,1.507e+1,3.745e+0,1.977e-9,1.759e-4,6.132e-3,,1.929e-17,,,4.150e-19,,5.535e-19,,8.250e-19,,1.540e-1,,1.682e-17,,8.704e-19,1.558e-16
474.11,1.541e+2,3.547e-19,2.615e-11,1.788e-43,7.917e-20,,,5.058e-19,2.233e-3,,3.249e-15,5.168e-18,2.386e-28,1.014e-17,3.466e-20,6.859e-16,6.563e-21,1.174e-25,,2.657e-19,5.479e-20,1.747e-20,4.689e+1,5.760e-17,1.324e-17,6.149e-1,,2.999e-1,6.923e-22,3.088e-17,3.079e-20,6.409e-29,1.018e-19,9.777e-23,9.134e-2,9.544e-18,8.749e-2,8.906e+1,1.249e-19,1.373e+1,3.150e+0,1.123e-9,1.150e-4,4.444e-3,,1.924e-17,,,4.142e-19,,5.534e-19,,8.249e-19,,1.266e-1,,1.682e-17,,8.659e-19,1.558e-16
474.13,1.540e+2,5.922e-19,2.306e-11,1.787e-43,7.925e-20,,,5.063e-19,2.175e-3,,3.249e-15,5.165e-18,2.384e-28,1.014e-17,3.483e-20,5.713e-16,6.562e-21,1.177e-25,,2.666e-19,5.481e-20,1.618e-20,4.814e+1,5.750e-17,1.931e-17,5.859e-1,,2.898e-1,6.926e-22,3.090e-17,3.080e-20,6.410e-29,1.018e-19,9.778e-23,8.485e-2,9.477e-18,1.023e-1,8.905e+1,1.251e-19,1.285e+1,2.796e+0,7.667e-10,8.619e-5,3.570e-3,,1.921e-17,,,4.137e-19,,5.534e-19,,8.248e-19,,1.106e-1,,1.681e-17,,8.630e-19,1.559e-16
474.16,1.536e+2,1.269e-18,1.899e-11,1.787e-43,7.937e-20,,,5.071e-19,2.077e-3,,3.248e-15,5.161e-18,2.382e-28,1.014e-17,3.509e-20,4.314e-16,6.561e-21,1.182e-25,,2.679e-19,5.483e-20,1.433e-20,4.976e+1,5.734e-17,3.381e-17,5.434e-1,,2.738e-1,6.931e-22,3.092e-17,3.080e-20,6.410e-29,1.018e-19,9.779e-23,7.892e-2,9.375e-18,1.285e-1,8.883e+1,1.254e-19,1.155e+1,2.322e+0,4.299e-10,5.560e-5,2.554e-3,,1.917e-17,,,4.129e-19,,5.533e-19,,8.248e-19,,8.980e-2,,1.681e-17,,8.586e-19,1.559e-16
474.18,1.531e+2,2.101e-18,1.661e-11,1.786e-43,7.945e-20,,,5.077e-19,2.005e-3,,3.248e-15,5.158e-18,2.380e-28,1.014e-17,3.526e-20,3.562e-16,6.560e-21,1.186e-25,,2.687e-19,5.485e-20,1.316e-20,5.066e+1,5.724e-17,4.892e-17,5.158e-1,,2.627e-1,6.934e-22,3.093e-17,3.081e-20,6.411e-29,1.018e-19,9.780e-23,7.751e-2,9.307e-18,1.490e-1,8.857e+1,1.256e-19,1.072e+1,2.043e+0,2.911e-10,4.133e-5,2.034e-3,,1.914e-17,,,4.123e-19,,5.533e-19,,8.247e-19,,7.780e-2,,1.680e-17,,8.556e-19,1.559e-16
474.21,1.520e+2,4.448e-18,1.351e-11,1.785e-43,7.957e-20,,,5.085e-19,1.890e-3,,3.248e-15,5.154e-18,2.377e-28,1.014e-17,3.552e-20,2.656e-16,6.559e-21,1.191e-25,,2.700e-19,5.487e-20,1.150e-20,5.170e+1,5.708e-17,8.458e-17,4.761e-1,,2.458e-1,6.939e-22,3.096e-17,3.082e-20,6.411e-29,1.018e-19,9.782e-23,7.930e-2,9.206e-18,1.849e-1,8.807e+1,1.259e-19,9.516e+0,1.675e+0,1.611e-10,2.632e-5,1.437e-3,,1.910e-17,,,4.115e-19,,5.532e-19,,8.246e-19,,6.234e-2,,1.680e-17,,8.512e-19,1.559e-16
474.23,1.511e+2,7.302e-18,1.173e-11,1.784e-43,7.965e-20,,,5.090e-19,1.810e-3,,3.247e-15,5.151e-18,2.376e-28,1.014e-17,3.569e-20,2.174e-16,6.559e-21,1.195e-25,,2.709e-19,5.489e-20,1.047e-20,5.218e+1,5.698e-17,1.213e-16,4.508e-1,,2.345e-1,6.942e-22,3.097e-17,3.082e-20,6.411e-29,1.018e-19,9.783e-23,8.320e-2,9.138e-18,2.125e-1,8.770e+1,1.261e-19,8.753e+0,1.461e+0,1.082e-10,1.940e-5,1.135e-3,,1.907e-17,,,4.109e-19,,5.531e-19,,8.246e-19,,5.355e-2,,1.679e-17,,8.482e-19,1.560e-16
474.26,1.496e+2,1.526e-17,9.430e-12,1.784e-43,7.977e-20,,,5.098e-19,1.685e-3,,3.247e-15,5.147e-18,2.373e-28,1.014e-17,3.595e-20,1.600e-16,6.557e-21,1.200e-25,,2.722e-19,5.491e-20,9.042e-21,5.258e+1,5.682e-17,2.071e-16,4.152e-1,,2.177e-1,6.947e-22,3.099e-17,3.083e-20,6.412e-29,1.019e-19,9.784e-23,9.337e-2,9.037e-18,2.603e-1,8.714e+1,1.265e-19,7.673e+0,1.183e+0,5.910e-11,1.220e-5,7.925e-4,,1.903e-17,,,4.101e-19,,5.530e-19,,8.245e-19,,4.236e-2,,1.679e-17,,8.438e-19,1.560e-16
474.28,1.485e+2,2.485e-17,8.120e-12,1.783e-43,7.985e-20,,,5.103e-19,1.599e-3,,3.247e-15,5.144e-18,2.371e-28,1.014e-17,3.612e-20,1.299e-16,6.557e-21,1.203e-25,,2.730e-19,5.493e-20,8.162e-21,5.262e+1,5.672e-17,2.946e-16,3.931e-1,,2.069e-1,6.950e-22,3.101e-17,3.083e-20,6.412e-29,1.019e-19,9.785e-23,1.032e-1,8.969e-18,2.968e-1,8.681e+1,1.267e-19,6.999e+0,1.023e+0,3.933e-11,8.913e-6,6.214e-4,,1.900e-17,,,4.096e-19,,5.530e-19,,8.245e-19,,3.608e-2,,1.679e-17,,8.409e-19,1.560e-16
474.31,1.467e+2,5.128e-17,6.450e-12,1.782e-43,7.997e-20,,,5.112e-19,1.469e-3,,3.246e-15,5.140e-18,2.369e-28,1.014e-17,3.638e-20,9.440e-17,6.556e-21,1.208e-25,,2.743e-19,5.495e-20,6.957e-21,5.236e+1,5.657e-17,4.967e-16,3.626e-1,,1.915e-1,6.954e-22,3.103e-17,3.084e-20,6.413e-29,1.019e-19,9.786e-23,1.231e-1,8.867e-18,3.590e-1,8.643e+1,1.270e-19,6.057e+0,8.179e-1,2.122e-11,5.532e-6,4.297e-4,,1.895e-17,,,4.088e-19,,5.529e-19,,8.244e-19,,2.818e-2,,1.678e-17,,8.364e-19,1.561e-16
474.33,1.455e+2,8.278e-17,5.510e-12,1.781e-43,8.005e-20,,,5.117e-19,1.383e-3,,3.246e-15,5.137e-18,2.367e-28,1.014e-17,3.655e-20,7.598e-17,6.555e-21,1.212e-25,,2.752e-19,5.497e-20,6.227e-21,5.196e+1,5.646e-17,7.006e-16,3.442e-1,,1.820e-1,6.957e-22,3.104e-17,3.085e-20,6.413e-29,1.019e-19,9.787e-23,1.401e-1,8.800e-18,4.058e-1,8.628e+1,1.272e-19,5.478e+0,7.014e-1,1.400e-11,4.008e-6,3.355e-4,,1.893e-17,,,4.082e-19,,5.528e-19,,8.243e-19,,2.380e-2,,1.678e-17,,8.335e-19,1.561e-16
474.35,1.443e+2,1.332e-16,4.693e-12,1.781e-43,8.013e-20,,,5.122e-19,1.297e-3,,3.246e-15,5.134e-18,2.365e-28,1.014e-17,3.672e-20,6.094e-17,6.554e-21,1.215e-25,,2.761e-19,5.498e-20,5.554e-21,5.139e+1,5.636e-17,9.849e-16,3.274e-1,,1.732e-1,6.961e-22,3.106e-17,3.085e-20,6.414e-29,1.019e-19,9.788e-23,1.603e-1,8.732e-18,4.572e-1,8.624e+1,1.274e-19,4.937e+0,5.994e-1,9.207e-12,2.894e-6,2.622e-4,,1.890e-17,,,4.077e-19,,5.528e-19,,8.243e-19,,2.004e-2,,1.677e-17,,8.305e-19,1.561e-16
474.38,1.425e+2,2.701e-16,3.666e-12,1.780e-43,8.024e-20,,,5.130e-19,1.171e-3,,3.245e-15,5.130e-18,2.363e-28,1.014e-17,3.698e-20,4.349e-17,6.553e-21,1.220e-25,,2.774e-19,5.501e-20,4.650e-21,5.023e+1,5.620e-17,1.631e-15,3.056e-1,,1.616e-1,6.965e-22,3.108e-17,3.086e-20,6.414e-29,1.020e-19,9.789e-23,1.974e-1,8.631e-18,5.433e-1,8.640e+1,1.278e-19,4.198e+0,4.706e-1,4.878e-12,1.764e-6,1.826e-4,,1.885e-17,,,4.068e-19,,5.527e-19,,8.242e-19,,1.538e-2,,1.677e-17,,8.261e-19,1.561e-16
474.4,1.414e+2,4.309e-16,3.097e-12,1.779e-43,8.032e-20,,,5.136e-19,1.089e-3,,3.245e-15,5.127e-18,2.361e-28,1.014e-17,3.715e-20,3.459e-17,6.553e-21,1.224e-25,,2.782e-19,5.502e-20,4.113e-21,4.926e+1,5.610e-17,2.274e-15,2.934e-1,,1.552e-1,6.968e-22,3.110e-17,3.086e-20,6.415e-29,1.020e-19,9.790e-23,2.271e-1,8.563e-18,6.070e-1,8.669e+1,1.280e-19,3.752e+0,3.988e-1,3.180e-12,1.263e-6,1.453e-4,,1.882e-17,,,4.063e-19,,5.527e-19,,8.242e-19,,1.284e-2,,1.676e-17,,8.232e-19,1.562e-16
474.43,1.398e+2,8.628e-16,2.390e-12,1.778e-43,8.044e-20,,,5.144e-19,9.706e-4,,3.245e-15,5.123e-18,2.359e-28,1.013e-17,3.741e-20,2.437e-17,6.551e-21,1.229e-25,,2.795e-19,5.505e-20,3.399e-21,4.755e+1,5.595e-17,3.719e-15,2.786e-1,,1.478e-1,6.973e-22,3.112e-17,3.087e-20,6.415e-29,1.020e-19,9.792e-23,2.800e-1,8.461e-18,7.122e-1,8.739e+1,1.283e-19,3.150e+0,3.091e-1,1.663e-12,7.600e-7,1.075e-4,,1.878e-17,,,4.055e-19,,5.526e-19,,8.241e-19,,9.744e-3,,1.676e-17,,8.187e-19,1.562e-16
474.45,1.389e+2,1.365e-15,2.003e-12,1.778e-43,8.052e-20,,,5.149e-19,8.951e-4,,3.244e-15,5.120e-18,2.357e-28,1.013e-17,3.758e-20,1.922e-17,6.551e-21,1.233e-25,,2.804e-19,5.506e-20,2.981e-21,4.624e+1,5.584e-17,5.140e-15,2.713e-1,,1.445e-1,6.976e-22,3.113e-17,3.088e-20,6.416e-29,1.020e-19,9.793e-23,3.214e-1,8.394e-18,7.890e-1,8.804e+1,1.285e-19,2.793e+0,2.597e-1,1.075e-12,5.394e-7,9.215e-5,,1.875e-17,,,4.049e-19,,5.525e-19,,8.240e-19,,8.079e-3,,1.675e-17,,8.158e-19,1.562e-16
474.48,1.376e+2,2.699e-15,1.528e-12,1.777e-43,8.064e-20,,,5.157e-19,7.876e-4,,3.244e-15,5.116e-18,2.354e-28,1.013e-17,3.784e-20,1.337e-17,6.550e-21,1.238e-25,,2.817e-19,5.509e-20,2.432e-21,4.407e+1,5.569e-17,8.301e-15,2.643e-1,,1.424e-1,6.981e-22,3.116e-17,3.088e-20,6.416e-29,1.020e-19,9.794e-23,3.936e-1,8.292e-18,9.142e-1,8.931e+1,1.289e-19,2.316e+0,1.987e-1,5.551e-13,3.205e-7,8.122e-5,,1.871e-17,,,4.041e-19,,5.524e-19,,8.240e-19,,6.075e-3,,1.675e-17,,8.114e-19,1.563e-16
474.5,1.369e+2,4.234e-15,1.270e-12,1.776e-43,8.072e-20,,,5.162e-19,7.201e-4,,3.244e-15,5.113e-18,2.353e-28,1.013e-17,3.801e-20,1.045e-17,6.549e-21,1.241e-25,,2.826e-19,5.510e-20,2.115e-21,4.251e+1,5.559e-17,1.138e-14,2.623e-1,,1.430e-1,6.984e-22,3.117e-17,3.089e-20,6.417e-29,1.020e-19,9.795e-23,4.491e-1,8.224e-18,1.004e+0,9.032e+1,1.291e-19,2.037e+0,1.656e-1,3.557e-13,2.255e-7,8.124e-5,,1.868e-17,,,4.036e-19,,5.524e-19,,8.239e-19,,5.016e-3,,1.675e-17,,8.084e-19,1.563e-16
474.53,1.360e+2,8.268e-15,9.573e-13,1.775e-43,8.084e-20,,,5.170e-19,6.256e-4,,3.243e-15,5.109e-18,2.350e-28,1.013e-17,3.827e-20,7.178e-18,6.548e-21,1.246e-25,,2.839e-19,5.512e-20,1.704e-21,4.002e+1,5.543e-17,1.814e-14,2.635e-1,,1.473e-1,6.988e-22,3.119e-17,3.090e-20,6.417e-29,1.021e-19,9.796e-23,5.445e-1,8.123e-18,1.149e+0,9.208e+1,1.294e-19,1.671e+0,1.251e-1,1.813e-13,1.323e-7,9.188e-5,,1.864e-17,,,4.027e-19,,5.523e-19,,8.238e-19,,3.768e-3,,1.674e-17,,8.040e-19,1.563e-16
474.55,1.355e+2,1.286e-14,7.896e-13,1.775e-43,8.092e-20,,,5.176e-19,5.672e-4,,3.243e-15,5.106e-18,2.349e-28,1.013e-17,3.844e-20,5.564e-18,6.547e-21,1.250e-25,,2.847e-19,5.514e-20,1.469e-21,3.829e+1,5.533e-17,2.466e-14,2.671e-1,,1.527e-1,6.992e-22,3.121e-17,3.090e-20,6.417e-29,1.021e-19,9.797e-23,6.167e-1,8.055e-18,1.252e+0,9.339e+1,1.296e-19,1.459e+0,1.033e-1,1.152e-13,9.228e-8,1.064e-4,,1.861e-17,,,4.022e-19,,5.523e-19,,8.238e-19,,3.126e-3,,1.674e-17,,8.011e-19,1.563e-16
474.58,1.350e+2,2.480e-14,5.879e-13,1.774e-43,8.104e-20,,,5.184e-19,4.865e-4,,3.242e-15,5.102e-18,2.346e-28,1.013e-17,3.870e-20,3.773e-18,6.546e-21,1.255e-25,,2.860e-19,5.516e-20,1.168e-21,3.562e+1,5.517e-17,3.883e-14,2.770e-1,,1.646e-1,6.996e-22,3.123e-17,3.091e-20,6.418e-29,1.021e-19,9.798e-23,7.390e-1,7.954e-18,1.414e+0,9.551e+1,1.299e-19,1.185e+0,7.710e-2,5.797e-14,5.343e-8,1.411e-4,,1.857e-17,,,4.014e-19,,5.522e-19,,8.237e-19,,2.397e-3,,1.673e-17,,7.966e-19,1.564e-16
474.6,1.347e+2,3.826e-14,4.810e-13,1.773e-43,8.112e-20,,,5.189e-19,4.373e-4,,3.242e-15,5.099e-18,2.344e-28,1.013e-17,3.887e-20,2.899e-18,6.545e-21,1.258e-25,,2.869e-19,5.518e-20,9.987e-22,3.381e+1,5.507e-17,5.233e-14,2.866e-1,,1.754e-1,6.999e-22,3.125e-17,3.091e-20,6.418e-29,1.021e-19,9.799e-23,8.304e-1,7.886e-18,1.528e+0,9.698e+1,1.301e-19,1.029e+0,6.317e-2,3.652e-14,3.696e-8,1.744e-4,,1.854e-17,,,4.008e-19,,5.521e-19,,8.237e-19,,2.044e-3,,1.673e-17,,7.937e-19,1.564e-16
474.63,1.344e+2,7.285e-14,3.539e-13,1.772e-43,8.123e-20,,,5.197e-19,3.703e-4,,3.242e-15,5.095e-18,2.342e-28,1.013e-17,3.913e-20,1.941e-18,6.544e-21,1.264e-25,,2.882e-19,5.520e-20,7.842e-22,3.110e+1,5.491e-17,8.136e-14,3.056e-1,,1.962e-1,7.004e-22,3.127e-17,3.092e-20,6.419e-29,1.021e-19,9.801e-23,9.830e-1,7.785e-18,1.704e+0,9.924e+1,1.305e-19,8.322e-1,4.657e-2,1.814e-14,2.113e-8,2.434e-4,,1.849e-17,,,4.000e-19,,5.520e-19,,8.236e-19,,1.684e-3,,1.672e-17,,7.893e-19,1.564e-16
474.65,1.343e+2,1.114e-13,2.872e-13,1.772e-43,8.131e-20,,,5.203e-19,3.301e-4,,3.241e-15,5.092e-18,2.340e-28,1.013e-17,3.930e-20,1.479e-18,6.544e-21,1.267e-25,,2.890e-19,5.522e-20,6.647e-22,2.931e+1,5.481e-17,1.087e-13,3.213e-1,,2.133e-1,7.007e-22,3.128e-17,3.093e-20,6.419e-29,1.021e-19,9.802e-23,1.095e+0,7.717e-18,1.826e+0,1.007e+2,1.307e-19,7.224e-1,3.786e-2,1.133e-14,1.449e-8,3.051e-4,,1.846e-17,,,3.995e-19,,5.520e-19,,8.235e-19,,1.544e-3,,1.672e-17,,7.863e-19,1.564e-16
474.68,1.341e+2,2.095e-13,2.088e-13,1.771e-43,8.143e-20,,,5.211e-19,2.760e-4,,3.241e-15,5.088e-18,2.338e-28,1.013e-17,3.956e-20,9.773e-19,6.543e-21,1.272e-25,,2.903e-19,5.524e-20,5.153e-22,2.670e+1,5.466e-17,1.669e-13,3.496e-1,,2.440e-1,7.012e-22,3.130e-17,3.093e-20,6.420e-29,1.022e-19,9.803e-23,1.281e+0,7.615e-18,2.011e+0,1.029e+2,1.310e-19,5.867e-1,2.763e-2,5.555e-15,8.178e-9,4.283e-4,,1.842e-17,,,3.986e-19,,5.519e-19,,8.235e-19,,1.471e-3,,1.671e-17,,7.819e-19,1.565e-16
474.7,1.339e+2,3.179e-13,1.681e-13,1.770e-43,8.151e-20,,,5.216e-19,2.439e-4,,3.241e-15,5.085e-18,2.336e-28,1.013e-17,3.973e-20,7.384e-19,6.542e-21,1.276e-25,,2.912e-19,5.526e-20,4.330e-22,2.502e+1,5.455e-17,2.212e-13,3.715e-1,,2.681e-1,7.015e-22,3.132e-17,3.094e-20,6.420e-29,1.022e-19,9.804e-23,1.415e+0,7.548e-18,2.136e+0,1.042e+2,1.312e-19,5.138e-1,2.234e-2,3.440e-15,5.561e-9,5.358e-4,,1.839e-17,,,3.981e-19,,5.519e-19,,8.234e-19,,1.510e-3,,1.671e-17,,7.789e-19,1.565e-16
474.72,1.338e+2,4.806e-13,1.349e-13,1.770e-43,8.159e-20,,,5.221e-19,2.148e-4,,3.240e-15,5.083e-18,2.334e-28,1.013e-17,3.990e-20,5.559e-19,6.541e-21,1.279e-25,,2.921e-19,5.527e-20,3.627e-22,2.340e+1,5.445e-17,2.922e-13,3.960e-1,,2.951e-1,7.018e-22,3.133e-17,3.094e-20,6.421e-29,1.022e-19,9.805e-23,1.559e+0,7.480e-18,2.262e+0,1.054e+2,1.314e-19,4.535e-1,1.805e-2,2.123e-15,3.768e-9,6.688e-4,,1.836e-17,,,3.976e-19,,5.518e-19,,8.234e-19,,1.621e-3,,1.671e-17,,7.760e-19,1.565e-16
474.75,1.334e+2,8.877e-13,9.641e-14,1.769e-43,8.171e-20,,,5.229e-19,1.764e-4,,3.240e-15,5.079e-18,2.332e-28,1.013e-17,4.016e-20,3.609e-19,6.540e-21,1.284e-25,,2.934e-19,5.530e-20,2.762e-22,2.112e+1,5.429e-17,4.407e-13,4.372e-1,,3.414e-1,7.023e-22,3.136e-17,3.095e-20,6.421e-29,1.022e-19,9.806e-23,1.791e+0,7.378e-18,2.448e+0,1.069e+2,1.318e-19,3.845e-1,1.314e-2,1.022e-15,2.089e-9,9.274e-4,,1.832e-17,,,3.967e-19,,5.517e-19,,8.233e-19,,1.926e-3,,1.670e-17,,7.716e-19,1.566e-16
474.77,1.331e+2,1.331e-12,7.675e-14,1.768e-43,8.179e-20,,,5.235e-19,1.540e-4,,3.240e-15,5.076e-18,2.330e-28,1.013e-17,4.033e-20,2.694e-19,6.539e-21,1.288e-25,,2.942e-19,5.531e-20,2.293e-22,1.971e+1,5.419e-17,5.771e-13,4.678e-1,,3.762e-1,7.026e-22,3.137e-17,3.096e-20,6.422e-29,1.022e-19,9.807e-23,1.956e+0,7.311e-18,2.570e+0,1.077e+2,1.320e-19,3.516e-1,1.069e-2,6.254e-16,1.403e-9,1.149e-3,,1.829e-17,,,3.962e-19,,5.517e-19,,8.232e-19,,2.232e-3,,1.670e-17,,7.686e-19,1.566e-16
474.8,1.325e+2,2.428e-12,5.419e-14,1.767e-43,8.191e-20,,,5.243e-19,1.249e-4,,3.239e-15,5.072e-18,2.327e-28,1.013e-17,4.059e-20,1.726e-19,6.538e-21,1.293e-25,,2.955e-19,5.534e-20,1.724e-22,1.779e+1,5.404e-17,8.595e-13,5.180e-1,,4.343e-1,7.030e-22,3.139e-17,3.096e-20,6.422e-29,1.022e-19,9.808e-23,2.218e+0,7.209e-18,2.748e+0,1.085e+2,1.323e-19,3.202e-1,8.010e-3,2.974e-16,7.679e-10,1.574e-3,,1.825e-17,,,3.954e-19,,5.516e-19,,8.231e-19,,2.866e-3,,1.669e-17,,7.642e-19,1.566e-16
474.82,1.320e+2,3.609e-12,4.279e-14,1.767e-43,8.199e-20,,,5.248e-19,1.082e-4,,3.239e-15,5.069e-18,2.326e-28,1.013e-17,4.076e-20,1.278e-19,6.538e-21,1.296e-25,,2.964e-19,5.535e-20,1.420e-22,1.665e+1,5.393e-17,1.116e-12,5.544e-1,,4.771e-1,7.033e-22,3.141e-17,3.097e-20,6.423e-29,1.023e-19,9.809e-23,2.403e+0,7.142e-18,2.861e+0,1.087e+2,1.325e-19,3.103e-1,6.766e-3,1.804e-16,5.115e-10,1.934e-3,,1.822e-17,,,3.948e-19,,5.515e-19,,8.231e-19,,3.424e-3,,1.669e-17,,7.612e-19,1.566e-16
474.85,1.309e+2,6.502e-12,2.985e-14,1.766e-43,8.211e-20,,,5.256e-19,8.659e-5,,3.239e-15,5.065e-18,2.323e-28,1.013e-17,4.102e-20,8.084e-20,6.537e-21,1.302e-25,,2.977e-19,5.538e-20,1.054e-22,1.517e+1,5.378e-17,1.642e-12,6.130e-1,,5.471e-1,7.038e-22,3.143e-17,3.098e-20,6.423e-29,1.023e-19,9.811e-23,2.691e+0,7.040e-18,3.020e+0,1.085e+2,1.328e-19,3.113e-1,5.575e-3,8.466e-17,2.763e-10,2.618e-3,,1.818e-17,,,3.940e-19,,5.514e-19,,8.230e-19,,4.502e-3,,1.668e-17,,7.568e-19,1.567e-16
474.87,1.301e+2,9.585e-12,2.338e-14,1.765e-43,8.219e-20,,,5.261e-19,7.433e-5,,3.238e-15,5.062e-18,2.321e-28,1.013e-17,4.119e-20,5.933e-20,6.536e-21,1.305e-25,,2.986e-19,5.539e-20,8.603e-23,1.436e+1,5.367e-17,2.114e-12,6.547e-1,,5.978e-1,7.041e-22,3.145e-17,3.098e-20,6.423e-29,1.023e-19,9.812e-23,2.891e+0,6.972e-18,3.119e+0,1.081e+2,1.331e-19,3.221e-1,5.177e-3,5.091e-17,1.825e-10,3.189e-3,,1.815e-17,,,3.935e-19,,5.514e-19,,8.230e-19,,5.410e-3,,1.668e-17,,7.539e-19,1.567e-16
474.9,1.285e+2,1.705e-11,1.611e-14,1.764e-43,8.230e-20,,,5.269e-19,5.875e-5,,3.238e-15,5.058e-18,2.319e-28,1.013e-17,4.145e-20,3.706e-20,6.535e-21,1.310e-25,,2.999e-19,5.542e-20,6.305e-23,1.341e+1,5.352e-17,3.070e-12,7.207e-1,,6.792e-1,7.046e-22,3.147e-17,3.099e-20,6.424e-29,1.023e-19,9.813e-23,3.197e+0,6.871e-18,3.251e+0,1.069e+2,1.334e-19,3.532e-1,5.117e-3,2.359e-17,9.733e-11,4.262e-3,,1.811e-17,,,3.926e-19,,5.513e-19,,8.229e-19,,7.112e-3,,1.667e-17,,7.494e-19,1.567e-16
474.92,1.274e+2,2.493e-11,1.252e-14,1.764e-43,8.238e-20,,,5.275e-19,5.001e-5,,3.238e-15,5.055e-18,2.317e-28,1.013e-17,4.162e-20,2.696e-20,6.534e-21,1.314e-25,,3.007e-19,5.543e-20,5.103e-23,1.297e+1,5.342e-17,3.920e-12,7.670e-1,,7.371e-1,7.049e-22,3.148e-17,3.099e-20,6.424e-29,1.023e-19,9.814e-23,3.406e+0,6.803e-18,3.329e+0,1.057e+2,1.336e-19,3.839e-1,5.426e-3,1.407e-17,6.373e-11,5.149e-3,,1.808e-17,,,3.921e-19,,5.513e-19,,8.228e-19,,8.515e-3,,1.667e-17,,7.465e-19,1.567e-16
474.95,1.254e+2,4.378e-11,8.520e-15,1.763e-43,8.250e-20,,,5.283e-19,3.903e-5,,3.237e-15,5.051e-18,2.315e-28,1.013e-17,4.188e-20,1.663e-20,6.533e-21,1.319e-25,,3.020e-19,5.545e-20,3.692e-23,1.261e+1,5.326e-17,5.621e-12,8.392e-1,,8.287e-1,7.054e-22,3.151e-17,3.100e-20,6.425e-29,1.023e-19,9.815e-23,3.721e+0,6.702e-18,3.429e+0,1.035e+2,1.339e-19,4.449e-1,6.431e-3,6.434e-18,3.355e-11,6.795e-3,,1.803e-17,,,3.913e-19,,5.512e-19,,8.228e-19,,1.110e-2,,1.666e-17,,7.421e-19,1.568e-16
474.97,1.239e+2,6.347e-11,6.566e-15,1.762e-43,8.258e-20,,,5.288e-19,3.294e-5,,3.237e-15,5.048e-18,2.313e-28,1.013e-17,4.205e-20,1.200e-20,6.532e-21,1.322e-25,,3.029e-19,5.547e-20,2.963e-23,1.259e+1,5.316e-17,7.117e-12,8.891e-1,,8.926e-1,7.057e-22,3.152e-17,3.101e-20,6.425e-29,1.024e-19,9.816e-23,3.930e+0,6.634e-18,3.482e+0,1.016e+2,1.341e-19,4.960e-1,7.494e-3,3.803e-18,2.178e-11,8.140e-3,,1.800e-17,,,3.907e-19,,5.511e-19,,8.227e-19,,1.320e-2,,1.666e-17,,7.391e-19,1.568e-16
475,1.216e+2,1.101e-10,4.415e-15,1.761e-43,8.270e-20,,,5.296e-19,2.538e-5,,3.236e-15,5.044e-18,2.310e-28,1.013e-17,4.231e-20,7.303e-21,6.531e-21,1.328e-25,,3.042e-19,5.549e-20,2.117e-23,1.289e+1,5.300e-17,1.008e-11,9.660e-1,,9.922e-1,7.061e-22,3.154e-17,3.102e-20,6.426e-29,1.024e-19,9.817e-23,4.240e+0,6.532e-18,3.542e+0,9.832e+1,1.345e-19,5.887e-1,9.768e-3,1.717e-18,1.132e-11,1.061e-2,,1.796e-17,,,3.899e-19,,5.510e-19,,8.226e-19,,1.702e-2,,1.665e-17,,7.347e-19,1.568e-16
475.02,1.199e+2,1.583e-10,3.375e-15,1.761e-43,8.278e-20,,,5.302e-19,2.124e-5,,3.236e-15,5.041e-18,2.309e-28,1.013e-17,4.248e-20,5.223e-21,6.531e-21,1.331e-25,,3.050e-19,5.551e-20,1.684e-23,1.334e+1,5.290e-17,1.265e-11,1.018e+0,,1.061e+0,7.064e-22,3.156e-17,3.102e-20,6.426e-29,1.024e-19,9.818e-23,4.443e+0,6.465e-18,3.567e+0,9.582e+1,1.347e-19,6.617e-1,1.181e-2,1.007e-18,7.288e-12,1.260e-2,,1.793e-17,,,3.894e-19,,5.510e-19,,8.226e-19,,2.007e-2,,1.665e-17,,7.317e-19,1.569e-16
475.05,1.174e+2,2.711e-10,2.242e-15,1.760e-43,8.290e-20,,,5.310e-19,1.616e-5,,3.236e-15,5.037e-18,2.306e-28,1.013e-17,4.274e-20,3.140e-21,6.530e-21,1.336e-25,,3.063e-19,5.553e-20,1.188e-23,1.438e+1,5.274e-17,1.769e-11,1.098e+0,,1.165e+0,7.069e-22,3.158e-17,3.103e-20,6.427e-29,1.024e-19,9.820e-23,4.735e+0,6.363e-18,3.585e+0,9.164e+1,1.350e-19,7.889e-1,1.584e-2,4.487e-19,3.740e-12,1.621e-2,,1.789e-17,,,3.885e-19,,5.509e-19,,8.225e-19,,2.556e-2,,1.665e-17,,7.273e-19,1.569e-16
475.07,1.158e+2,3.864e-10,1.700e-15,1.759e-43,8.298e-20,,,5.315e-19,1.341e-5,,3.235e-15,5.034e-18,2.305e-28,1.013e-17,4.291e-20,2.227e-21,6.529e-21,1.340e-25,,3.072e-19,5.555e-20,9.373e-24,1.534e+1,5.264e-17,2.203e-11,1.152e+0,,1.236e+0,7.072e-22,3.160e-17,3.103e-20,6.427e-29,1.024e-19,9.821e-23,4.921e+0,6.296e-18,3.581e+0,8.861e+1,1.352e-19,8.860e-1,1.929e-2,4.498e-19,2.387e-12,1.910e-2,,1.786e-17,,,3.880e-19,,5.509e-19,,8.225e-19,,2.991e-2,,1.664e-17,,7.244e-19,1.569e-16
475.09,1.142e+2,5.490e-10,1.285e-15,1.758e-43,8.306e-20,,,5.320e-19,1.109e-5,,3.235e-15,5.031e-18,2.303e-28,1.013e-17,4.308e-20,1.574e-21,6.528e-21,1.343e-25,,3.081e-19,5.556e-20,7.370e-24,1.651e+1,5.254e-17,2.733e-11,1.205e+0,,1.307e+0,7.075e-22,3.161e-17,3.104e-20,6.428e-29,1.024e-19,9.821e-23,5.097e+0,6.228e-18,3.567e+0,8.540e+1,1.354e-19,9.933e-1,2.348e-2,4.509e-19,1.518e-12,2.242e-2,,1.783e-17,,,3.874e-19,,5.508e-19,,8.224e-19,,3.487e-2,,1.664e-17,,7.214e-19,1.569e-16
475.12,1.119e+2,9.238e-10,8.387e-16,1.758e-43,8.318e-20,,,5.328e-19,8.284e-6,,3.235e-15,5.027e-18,2.300e-28,1.013e-17,4.334e-20,9.290e-22,6.527e-21,1.348e-25,,3.094e-19,5.559e-20,5.106e-24,1.871e+1,5.238e-17,3.754e-11,1.285e+0,,1.413e+0,7.080e-22,3.163e-17,3.105e-20,6.428e-29,1.025e-19,9.823e-23,5.342e+0,6.126e-18,3.524e+0,8.032e+1,1.358e-19,1.174e+0,3.141e-2,4.526e-19,7.650e-13,2.834e-2,,1.779e-17,,,3.866e-19,,5.507e-19,,8.223e-19,,4.363e-2,,1.663e-17,,7.170e-19,1.570e-16
475.14,1.105e+2,1.302e-9,6.286e-16,1.757e-43,8.325e-20,,,5.334e-19,6.793e-6,,3.234e-15,5.024e-18,2.299e-28,1.013e-17,4.351e-20,6.510e-22,6.526e-21,1.352e-25,,3.102e-19,5.560e-20,3.980e-24,2.047e+1,5.228e-17,4.619e-11,1.338e+0,,1.482e+0,7.083e-22,3.165e-17,3.105e-20,6.429e-29,1.025e-19,9.824e-23,5.490e+0,6.059e-18,3.482e+0,7.678e+1,1.360e-19,1.308e+0,3.802e-2,4.537e-19,4.824e-13,3.299e-2,,1.776e-17,,,3.861e-19,,5.507e-19,,8.223e-19,,5.045e-2,,1.663e-17,,7.141e-19,1.570e-16
475.17,1.087e+2,2.163e-9,4.054e-16,1.756e-43,8.337e-20,,,5.342e-19,5.011e-6,,3.234e-15,5.020e-18,2.296e-28,1.013e-17,4.377e-20,3.794e-22,6.525e-21,1.357e-25,,3.115e-19,5.563e-20,2.722e-24,2.357e+1,5.212e-17,6.265e-11,1.416e+0,,1.585e+0,7.088e-22,3.167e-17,3.106e-20,6.429e-29,1.025e-19,9.825e-23,5.687e+0,5.957e-18,3.400e+0,7.133e+1,1.363e-19,1.530e+0,5.036e-2,4.554e-19,2.400e-13,4.117e-2,,1.772e-17,,,3.853e-19,,5.506e-19,,8.222e-19,,6.233e-2,,1.662e-17,,7.096e-19,1.570e-16
475.19,1.077e+2,3.022e-9,3.014e-16,1.755e-43,8.345e-20,,,5.347e-19,4.074e-6,,3.234e-15,5.017e-18,2.294e-28,1.013e-17,4.394e-20,2.636e-22,6.525e-21,1.360e-25,,3.124e-19,5.564e-20,2.104e-24,2.596e+1,5.202e-17,7.644e-11,1.466e+0,,1.651e+0,7.091e-22,3.168e-17,3.106e-20,6.429e-29,1.025e-19,9.826e-23,5.800e+0,5.889e-18,3.333e+0,6.764e+1,1.365e-19,1.692e+0,6.050e-2,4.565e-19,1.501e-13,4.752e-2,,1.769e-17,,,3.847e-19,,5.505e-19,,8.222e-19,,7.147e-2,,1.662e-17,,7.067e-19,1.571e-16
475.22,1.067e+2,4.958e-9,1.920e-16,1.755e-43,8.357e-20,,,5.355e-19,2.967e-6,,3.233e-15,5.013e-18,2.292e-28,1.013e-17,4.420e-20,1.517e-22,6.524e-21,1.366e-25,,3.137e-19,5.567e-20,1.421e-24,3.003e+1,5.187e-17,1.024e-10,1.539e+0,,1.745e+0,7.096e-22,3.171e-17,3.107e-20,6.430e-29,1.025e-19,9.827e-23,5.940e+0,5.788e-18,3.218e+0,6.206e+1,1.368e-19,1.957e+0,7.918e-2,4.581e-19,7.371e-14,5.856e-2,,1.764e-17,,,3.839e-19,,5.505e-19,,8.221e-19,,8.719e-2,,1.661e-17,,7.023e-19,1.571e-16
475.24,1.064e+2,6.869e-9,1.416e-16,1.754e-43,8.365e-20,,,5.360e-19,2.392e-6,,3.233e-15,5.010e-18,2.290e-28,1.013e-17,4.437e-20,1.045e-22,6.523e-21,1.369e-25,,3.146e-19,5.568e-20,1.089e-24,3.308e+1,5.176e-17,1.239e-10,1.585e+0,,1.805e+0,7.099e-22,3.172e-17,3.108e-20,6.430e-29,1.025e-19,9.828e-23,6.013e+0,5.720e-18,3.131e+0,5.836e+1,1.371e-19,2.147e+0,9.435e-2,4.592e-19,4.569e-14,6.703e-2,,1.762e-17,,,3.833e-19,,5.504e-19,,8.220e-19,,9.913e-2,,1.661e-17,,6.993e-19,1.571e-16
475.27,1.064e+2,1.113e-8,8.906e-17,1.753e-43,8.377e-20,,,5.369e-19,1.720e-6,,3.232e-15,5.006e-18,2.288e-28,1.013e-17,4.463e-20,5.936e-23,6.522e-21,1.374e-25,,3.159e-19,5.571e-20,7.261e-25,3.814e+1,5.161e-17,1.638e-10,1.650e+0,,1.890e+0,7.103e-22,3.174e-17,3.108e-20,6.431e-29,1.026e-19,9.830e-23,6.093e+0,5.619e-18,2.990e+0,5.289e+1,1.374e-19,2.451e+0,1.220e-1,4.609e-19,2.215e-14,8.157e-2,,1.757e-17,,,3.825e-19,,5.503e-19,,8.220e-19,,1.194e-1,,1.660e-17,,6.949e-19,1.571e-16
475.29,1.069e+2,1.529e-8,6.513e-17,1.752e-43,8.385e-20,,,5.374e-19,1.375e-6,,3.232e-15,5.003e-18,2.286e-28,1.013e-17,4.480e-20,4.054e-23,6.521e-21,1.378e-25,,3.167e-19,5.572e-20,5.518e-25,4.185e+1,5.150e-17,1.965e-10,1.691e+0,,1.942e+0,7.106e-22,3.176e-17,3.109e-20,6.431e-29,1.026e-19,9.831e-23,6.126e+0,5.551e-18,2.889e+0,4.932e+1,1.376e-19,2.667e+0,1.441e-1,4.620e-19,1.362e-14,9.258e-2,,1.754e-17,,,3.820e-19,,5.503e-19,,8.219e-19,,1.346e-1,,1.660e-17,,6.919e-19,1.572e-16
475.32,1.081e+2,2.447e-8,4.047e-17,1.752e-43,8.397e-20,,,5.382e-19,9.762e-7,,3.232e-15,4.999e-18,2.283e-28,1.013e-17,4.506e-20,2.274e-23,6.520e-21,1.383e-25,,3.180e-19,5.575e-20,3.632e-25,4.791e+1,5.135e-17,2.566e-10,1.747e+0,,2.014e+0,7.111e-22,3.178e-17,3.110e-20,6.432e-29,1.026e-19,9.832e-23,6.145e+0,5.450e-18,2.730e+0,4.413e+1,1.379e-19,3.008e+0,1.840e-1,4.637e-19,6.518e-15,1.112e-1,,1.750e-17,,,3.812e-19,,5.502e-19,,8.218e-19,,1.601e-1,,1.660e-17,,6.875e-19,1.572e-16
475.34,1.094e+2,3.333e-8,2.935e-17,1.751e-43,8.405e-20,,,5.387e-19,7.736e-7,,3.231e-15,4.996e-18,2.282e-28,1.013e-17,4.523e-20,1.540e-23,6.519e-21,1.386e-25,,3.189e-19,5.576e-20,2.737e-25,5.226e+1,5.125e-17,3.053e-10,1.780e+0,,2.058e+0,7.114e-22,3.180e-17,3.110e-20,6.432e-29,1.026e-19,9.833e-23,6.139e+0,5.382e-18,2.621e+0,4.081e+1,1.381e-19,3.246e+0,2.156e-1,4.648e-19,3.971e-15,1.252e-1,,1.747e-17,,,3.806e-19,,5.501e-19,,8.218e-19,,1.790e-1,,1.659e-17,,6.846e-19,1.572e-16
475.37,1.120e+2,5.267e-8,1.802e-17,1.750e-43,8.417e-20,,,5.395e-19,5.423e-7,,3.231e-15,4.992e-18,2.279e-28,1.013e-17,4.549e-20,8.526e-24,6.518e-21,1.391e-25,,3.202e-19,5.578e-20,1.778e-25,5.924e+1,5.109e-17,3.936e-10,1.824e+0,,2.117e+0,7.119e-22,3.182e-17,3.111e-20,6.433e-29,1.026e-19,9.834e-23,6.103e+0,5.280e-18,2.454e+0,3.606e+1,1.385e-19,3.615e+0,2.717e-1,4.664e-19,1.877e-15,1.485e-1,,1.743e-17,,,3.798e-19,,5.501e-19,,8.217e-19,,2.103e-1,,1.659e-17,,6.801e-19,1.573e-16
475.39,1.142e+2,7.115e-8,1.296e-17,1.749e-43,8.425e-20,,,5.401e-19,4.261e-7,,3.231e-15,4.989e-18,2.277e-28,1.013e-17,4.566e-20,5.725e-24,6.518e-21,1.395e-25,,3.210e-19,5.580e-20,1.329e-25,6.417e+1,5.099e-17,4.643e-10,1.849e+0,,2.152e+0,7.122e-22,3.183e-17,3.111e-20,6.433e-29,1.027e-19,9.835e-23,6.062e+0,5.213e-18,2.343e+0,3.307e+1,1.387e-19,3.868e+0,3.157e-1,4.675e-19,1.134e-15,1.658e-1,,1.740e-17,,,3.792e-19,,5.500e-19,,8.217e-19,,2.331e-1,,1.658e-17,,6.772e-19,1.573e-16
475.42,1.182e+2,1.110e-7,7.855e-18,1.749e-43,8.436e-20,,,5.409e-19,2.949e-7,,3.230e-15,4.985e-18,2.275e-28,1.013e-17,4.592e-20,3.129e-24,6.517e-21,1.400e-25,,3.223e-19,5.582e-20,8.524e-26,7.195e+1,5.083e-17,5.912e-10,1.880e+0,,2.200e+0,7.127e-22,3.186e-17,3.112e-20,6.434e-29,1.027e-19,9.836e-23,5.981e+0,5.111e-18,2.177e+0,2.885e+1,1.390e-19,4.254e+0,3.930e-1,4.692e-19,5.290e-16,1.942e-1,,1.736e-17,,,3.784e-19,,5.499e-19,,8.216e-19,,2.703e-1,,1.658e-17,,6.728e-19,1.573e-16
475.44,1.212e+2,1.487e-7,5.603e-18,1.748e-43,8.444e-20,,,5.414e-19,2.298e-7,,3.230e-15,4.982e-18,2.273e-28,1.013e-17,4.609e-20,2.083e-24,6.516e-21,1.403e-25,,3.232e-19,5.584e-20,6.314e-26,7.735e+1,5.073e-17,6.915e-10,1.895e+0,,2.229e+0,7.130e-22,3.187e-17,3.113e-20,6.434e-29,1.027e-19,9.837e-23,5.914e+0,5.043e-18,2.068e+0,2.624e+1,1.392e-19,4.513e+0,4.528e-1,4.703e-19,3.169e-16,2.149e-1,,1.733e-17,,,3.779e-19,,5.499e-19,,8.215e-19,,2.971e-1,,1.657e-17,,6.698e-19,1.573e-16
475.46,1.245e+2,1.985e-7,3.983e-18,1.747e-43,8.452e-20,,,5.419e-19,1.784e-7,,3.230e-15,4.980e-18,2.272e-28,1.013e-17,4.626e-20,1.382e-24,6.515e-21,1.407e-25,,3.241e-19,5.586e-20,4.661e-26,8.290e+1,5.063e-17,8.062e-10,1.907e+0,,2.256e+0,7.133e-22,3.189e-17,3.113e-20,6.435e-29,1.027e-19,9.838e-23,5.839e+0,8.620e-18,1.962e+0,2.378e+1,1.394e-19,4.772e+0,5.200e-1,4.714e-19,1.891e-16,2.370e-1,,1.730e-17,,,3.773e-19,,5.498e-19,,8.215e-19,,3.255e-1,,1.657e-17,,6.669e-19,1.574e-16
475.49,1.300e+2,3.044e-7,2.373e-18,1.746e-43,8.464e-20,,,5.427e-19,1.213e-7,,3.229e-15,4.975e-18,2.269e-28,1.013e-17,4.652e-20,7.421e-25,6.514e-21,1.412e-25,,3.254e-19,5.588e-20,2.937e-26,9.144e+1,5.047e-17,1.008e-9,1.916e+0,,2.293e+0,7.137e-22,3.191e-17,3.114e-20,6.435e-29,1.027e-19,9.840e-23,5.715e+0,1.914e-17,1.810e+0,2.038e+1,1.398e-19,5.156e+0,6.358e-1,4.731e-19,8.667e-17,2.728e-1,,1.726e-17,,,3.765e-19,,5.497e-19,,8.214e-19,,3.708e-1,,1.656e-17,,6.624e-19,1.574e-16
475.51,1.339e+2,4.029e-7,1.673e-18,1.746e-43,8.472e-20,,,5.433e-19,9.338e-8,,3.229e-15,4.973e-18,2.267e-28,1.013e-17,4.669e-20,4.881e-25,6.513e-21,1.416e-25,,3.262e-19,5.589e-20,2.150e-26,9.723e+1,5.037e-17,1.166e-9,1.917e+0,,2.317e+0,7.141e-22,3.192e-17,3.114e-20,6.435e-29,1.027e-19,9.840e-23,5.627e+0,3.245e-17,1.713e+0,1.831e+1,1.400e-19,5.407e+0,7.240e-1,4.742e-19,5.130e-17,2.983e-1,,1.723e-17,,,3.760e-19,,5.497e-19,,8.214e-19,,4.028e-1,,1.656e-17,,6.595e-19,1.574e-16
475.54,1.402e+2,6.100e-7,9.842e-19,1.745e-43,8.484e-20,,,5.441e-19,6.268e-8,,3.229e-15,4.968e-18,2.265e-28,1.013e-17,4.695e-20,2.587e-25,6.512e-21,1.421e-25,,3.275e-19,5.592e-20,1.338e-26,1.060e+2,5.021e-17,1.440e-9,1.911e+0,,2.353e+0,7.145e-22,3.194e-17,3.115e-20,6.436e-29,1.028e-19,9.842e-23,5.491e+0,7.115e-17,1.577e+0,1.550e+1,1.403e-19,5.769e+0,8.741e-1,4.758e-19,2.321e-17,3.390e-1,,1.718e-17,,,3.751e-19,,5.496e-19,,8.213e-19,,4.532e-1,,1.656e-17,,6.551e-19,1.574e-16
475.56,1.446e+2,8.008e-7,6.882e-19,1.744e-43,8.492e-20,,,5.446e-19,4.784e-8,,3.228e-15,4.966e-18,2.263e-28,1.013e-17,4.712e-20,1.687e-25,6.512e-21,1.424e-25,,3.284e-19,5.593e-20,9.708e-27,1.118e+2,5.011e-17,1.651e-9,1.901e+0,,2.377e+0,7.148e-22,3.196e-17,3.116e-20,6.436e-29,1.028e-19,9.843e-23,5.400e+0,1.196e-16,1.493e+0,1.381e+1,1.405e-19,5.998e+0,9.870e-1,4.770e-19,1.362e-17,3.676e-1,,1.716e-17,,,3.746e-19,,5.495e-19,,8.212e-19,,4.881e-1,,1.655e-17,,6.521e-19,1.575e-16
475.59,1.513e+2,1.197e-6,3.998e-19,1.743e-43,8.504e-20,,,5.454e-19,3.171e-8,,3.228e-15,4.961e-18,2.261e-28,1.013e-17,4.738e-20,8.831e-26,6.511e-21,1.429e-25,,3.297e-19,5.596e-20,5.964e-27,1.203e+2,4.995e-17,2.013e-9,1.878e+0,,2.418e+0,7.153e-22,3.198e-17,3.116e-20,6.437e-29,1.028e-19,9.844e-23,5.265e+0,2.590e-16,1.377e+0,1.154e+1,1.408e-19,6.320e+0,1.177e+0,4.786e-19,6.081e-18,4.125e-1,,1.711e-17,,,3.738e-19,,5.495e-19,,8.212e-19,,5.422e-1,,1.655e-17,,6.477e-19,1.575e-16
475.61,1.557e+2,1.558e-6,2.772e-19,1.743e-43,8.512e-20,,,5.460e-19,2.400e-8,,3.228e-15,4.959e-18,2.259e-28,1.013e-17,4.755e-20,5.710e-26,6.510e-21,1.433e-25,,3.306e-19,5.597e-20,4.291e-27,1.259e+2,4.985e-17,2.288e-9,1.858e+0,,2.447e+0,7.156e-22,3.200e-17,3.117e-20,6.437e-29,1.028e-19,9.845e-23,5.179e+0,4.318e-16,1.307e+0,1.020e+1,1.411e-19,6.516e+0,1.318e+0,4.797e-19,5.999e-18,4.436e-1,,1.708e-17,,,3.732e-19,,5.494e-19,,8.211e-19,,5.791e-1,,1.654e-17,,6.448e-19,1.575e-16
475.64,1.623e+2,2.300e-6,1.591e-19,1.742e-43,8.524e-20,,,5.468e-19,1.570e-8,,3.227e-15,4.954e-18,2.256e-28,1.013e-17,4.781e-20,2.950e-26,6.509e-21,1.438e-25,,3.319e-19,5.600e-20,2.603e-27,1.339e+2,4.970e-17,2.756e-9,1.821e+0,,2.498e+0,7.161e-22,3.202e-17,3.118e-20,6.438e-29,1.028e-19,9.846e-23,5.059e+0,9.235e-16,1.213e+0,8.414e+0,1.414e-19,6.780e+0,1.551e+0,4.814e-19,5.875e-18,4.915e-1,,1.704e-17,,,3.724e-19,,5.493e-19,,8.210e-19,,6.352e-1,,1.654e-17,,6.403e-19,1.576e-16
475.66,1.666e+2,2.970e-6,1.094e-19,1.741e-43,8.531e-20,,,5.473e-19,1.178e-8,,3.227e-15,4.952e-18,2.255e-28,1.013e-17,4.798e-20,1.892e-26,6.508e-21,1.441e-25,,3.327e-19,5.601e-20,1.857e-27,1.389e+2,4.959e-17,3.106e-9,1.792e+0,,2.537e+0,7.164e-22,3.203e-17,3.118e-20,6.438e-29,1.028e-19,9.847e-23,4.986e+0,1.527e-15,1.159e+0,7.371e+0,1.416e-19,6.933e+0,1.722e+0,4.825e-19,5.792e-18,5.241e-1,,1.701e-17,,,3.719e-19,,5.493e-19,,8.210e-19,,6.728e-1,,1.653e-17,,6.374e-19,1.576e-16
475.69,1.727e+2,4.329e-6,6.198e-20,1.740e-43,8.543e-20,,,5.481e-19,7.612e-9,,3.226e-15,4.948e-18,2.252e-28,1.013e-17,4.824e-20,9.648e-27,6.507e-21,1.447e-25,,3.340e-19,5.604e-20,1.112e-27,1.460e+2,4.944e-17,3.694e-9,1.741e+0,,2.604e+0,7.168e-22,3.206e-17,3.119e-20,6.439e-29,1.029e-19,9.849e-23,4.889e+0,3.224e-15,1.088e+0,6.005e+0,1.419e-19,7.124e+0,2.002e+0,4.842e-19,5.669e-18,5.734e-1,,1.697e-17,,,3.710e-19,,5.492e-19,,8.209e-19,,7.286e-1,,1.653e-17,,6.330e-19,1.576e-16
475.71,1.765e+2,5.542e-6,4.226e-20,1.740e-43,8.551e-20,,,5.486e-19,5.664e-9,,3.226e-15,4.945e-18,2.250e-28,1.013e-17,4.841e-20,6.133e-27,6.506e-21,1.450e-25,,3.349e-19,5.605e-20,7.865e-28,1.502e+2,4.933e-17,4.129e-9,1.703e+0,,2.655e+0,7.172e-22,3.207e-17,3.119e-20,6.439e-29,1.029e-19,9.850e-23,4.833e+0,5.286e-15,1.048e+0,5.216e+0,1.421e-19,7.224e+0,2.204e+0,4.853e-19,5.586e-18,6.062e-1,,1.694e-17,,,3.705e-19,,5.491e-19,,8.209e-19,,7.652e-1,,1.652e-17,,6.300e-19,1.576e-16
475.74,1.816e+2,7.977e-6,2.365e-20,1.739e-43,8.563e-20,,,5.494e-19,3.612e-9,,3.226e-15,4.941e-18,2.248e-28,1.013e-17,4.867e-20,3.089e-27,6.505e-21,1.455e-25,,3.362e-19,5.608e-20,4.650e-28,1.559e+2,4.918e-17,4.848e-9,1.642e+0,,2.743e+0,7.176e-22,3.209e-17,3.120e-20,6.440e-29,1.029e-19,9.851e-23,4.764e+0,1.102e-14,1.000e+0,4.196e+0,1.425e-19,7.333e+0,2.530e+0,4.869e-19,5.462e-18,6.549e-1,,1.690e-17,,,3.697e-19,,5.491e-19,,8.208e-19,,8.183e-1,,1.652e-17,,6.256e-19,1.577e-16
475.76,1.846e+2,1.013e-5,1.599e-20,1.738e-43,8.571e-20,,,5.500e-19,2.665e-9,,3.225e-15,4.938e-18,2.246e-28,1.013e-17,4.884e-20,1.947e-27,6.505e-21,1.459e-25,,3.370e-19,5.609e-20,3.261e-28,1.592e+2,4.908e-17,5.373e-9,1.598e+0,,2.809e+0,7.179e-22,3.211e-17,3.121e-20,6.440e-29,1.029e-19,9.852e-23,4.727e+0,1.792e-14,9.755e-1,3.614e+0,1.427e-19,7.376e+0,2.761e+0,4.880e-19,5.380e-18,6.866e-1,,1.687e-17,,,3.691e-19,,5.490e-19,,8.207e-19,,8.522e-1,,1.652e-17,,6.226e-19,1.577e-16
475.79,1.883e+2,1.439e-5,8.837e-21,1.737e-43,8.583e-20,,,5.508e-19,1.678e-9,,3.225e-15,4.934e-18,2.244e-28,1.013e-17,4.909e-20,9.678e-28,6.504e-21,1.464e-25,,3.383e-19,5.611e-20,1.903e-28,1.632e+2,4.892e-17,6.230e-9,1.528e+0,,2.920e+0,7.184e-22,3.213e-17,3.121e-20,6.441e-29,1.029e-19,9.853e-23,4.685e+0,3.692e-14,9.492e-1,2.871e+0,1.430e-19,7.397e+0,3.130e+0,4.897e-19,5.256e-18,7.324e-1,,1.682e-17,,,3.683e-19,,5.489e-19,,8.207e-19,,8.999e-1,,1.651e-17,,6.182e-19,1.577e-16
475.81,1.902e+2,1.812e-5,5.926e-21,1.737e-43,8.591e-20,,,5.513e-19,1.228e-9,,3.225e-15,4.931e-18,2.242e-28,1.013e-17,4.927e-20,6.048e-28,6.503e-21,1.467e-25,,3.392e-19,5.613e-20,1.324e-28,1.652e+2,4.882e-17,6.847e-9,1.479e+0,,3.002e+0,7.187e-22,3.215e-17,3.122e-20,6.441e-29,1.029e-19,9.854e-23,4.666e+0,5.952e-14,9.385e-1,2.452e+0,1.432e-19,7.381e+0,3.388e+0,4.908e-19,5.173e-18,7.614e-1,,1.680e-17,,,3.678e-19,,5.489e-19,,8.206e-19,,9.292e-1,,1.651e-17,,6.153e-19,1.578e-16
475.83,1.917e+2,2.273e-5,3.960e-21,1.736e-43,8.599e-20,,,5.518e-19,8.950e-10,,3.224e-15,4.928e-18,2.240e-28,1.013e-17,4.944e-20,3.766e-28,6.502e-21,1.471e-25,,3.401e-19,5.615e-20,9.174e-29,1.667e+2,4.871e-17,7.499e-9,1.430e+0,,3.091e+0,7.190e-22,3.216e-17,3.122e-20,6.441e-29,1.030e-19,9.855e-23,4.653e+0,9.564e-14,9.334e-1,2.087e+0,1.434e-19,7.342e+0,3.655e+0,4.919e-19,5.091e-18,7.889e-1,,1.677e-17,,,3.672e-19,,5.488e-19,,8.205e-19,,9.563e-1,,1.650e-17,,6.123e-19,1.578e-16
475.86,1.929e+2,3.174e-5,2.150e-21,1.735e-43,8.611e-20,,,5.526e-19,5.536e-10,,3.224e-15,4.924e-18,2.238e-28,1.013e-17,4.970e-20,1.839e-28,6.501e-21,1.476e-25,,3.414e-19,5.617e-20,5.260e-29,1.680e+2,4.856e-17,8.542e-9,1.354e+0,,3.234e+0,7.195e-22,3.218e-17,3.123e-20,6.442e-29,1.030e-19,9.856e-23,4.643e+0,1.936e-13,9.356e-1,1.628e+0,1.438e-19,7.243e+0,4.070e+0,4.936e-19,4.967e-18,8.268e-1,,1.672e-17,,,3.664e-19,,5.487e-19,,8.205e-19,,9.921e-1,,1.650e-17,,6.079e-19,1.578e-16
475.88,1.931e+2,3.949e-5,1.425e-21,1.735e-43,8.619e-20,,,5.532e-19,4.002e-10,,3.224e-15,4.921e-18,2.236e-28,1.013e-17,4.987e-20,1.136e-28,6.500e-21,1.479e-25,,3.422e-19,5.619e-20,3.614e-29,1.682e+2,4.846e-17,9.278e-9,1.303e+0,,3.337e+0,7.198e-22,3.220e-17,3.124e-20,6.442e-29,1.030e-19,9.857e-23,4.641e+0,3.085e-13,9.437e-1,1.374e+0,1.440e-19,7.151e+0,4.354e+0,4.947e-19,4.885e-18,8.494e-1,,1.669e-17,,,3.658e-19,,5.487e-19,,8.204e-19,,1.012e+0,,1.649e-17,,6.049e-19,1.578e-16
475.91,1.925e+2,5.446e-5,7.639e-22,1.734e-43,8.631e-20,,,5.540e-19,2.444e-10,,3.223e-15,4.917e-18,2.233e-28,1.013e-17,5.013e-20,5.475e-29,6.499e-21,1.485e-25,,3.435e-19,5.621e-20,2.046e-29,1.674e+2,4.830e-17,1.044e-8,1.227e+0,,3.501e+0,7.203e-22,3.222e-17,3.124e-20,6.443e-29,1.030e-19,9.859e-23,4.643e+0,6.166e-13,9.655e-1,1.059e+0,1.443e-19,6.977e+0,4.788e+0,4.963e-19,4.761e-18,8.789e-1,,1.665e-17,,,3.650e-19,,5.486e-19,,8.203e-19,,1.037e+0,,1.649e-17,,6.005e-19,1.579e-16
475.93,1.914e+2,6.719e-5,5.020e-22,1.733e-43,8.638e-20,,,5.545e-19,1.752e-10,,3.223e-15,4.914e-18,2.232e-28,1.013e-17,5.030e-20,3.352e-29,6.499e-21,1.488e-25,,3.444e-19,5.622e-20,1.394e-29,1.662e+2,4.820e-17,1.124e-8,1.177e+0,,3.615e+0,7.206e-22,3.224e-17,3.125e-20,6.443e-29,1.030e-19,9.860e-23,4.645e+0,9.743e-13,9.865e-1,8.858e-1,1.445e-19,6.840e+0,5.079e+0,4.974e-19,4.678e-18,8.954e-1,,1.662e-17,,,3.645e-19,,5.485e-19,,8.203e-19,,1.049e+0,,1.648e-17,,5.976e-19,1.579e-16
475.96,1.888e+2,9.150e-5,2.658e-22,1.732e-43,8.650e-20,,,5.553e-19,1.056e-10,,3.223e-15,4.910e-18,2.229e-28,1.013e-17,5.056e-20,1.595e-29,6.498e-21,1.493e-25,,3.457e-19,5.625e-20,7.789e-30,1.634e+2,4.804e-17,1.248e-8,1.104e+0,,3.792e+0,7.210e-22,3.226e-17,3.126e-20,6.444e-29,1.030e-19,9.861e-23,4.648e+0,1.923e-12,1.028e+0,6.738e-1,1.448e-19,6.608e+0,5.514e+0,4.991e-19,4.554e-18,9.149e-1,,1.658e-17,,,3.637e-19,,5.485e-19,,8.202e-19,,1.061e+0,,1.648e-17,,5.931e-19,1.579e-16
475.98,1.864e+2,1.119e-4,1.732e-22,1.732e-43,8.658e-20,,,5.559e-19,7.506e-11,,3.222e-15,4.907e-18,2.228e-28,1.012e-17,5.073e-20,9.683e-30,6.497e-21,1.497e-25,,3.466e-19,5.626e-20,5.262e-30,1.609e+2,4.794e-17,1.333e-8,1.057e+0,,3.913e+0,7.213e-22,3.227e-17,3.126e-20,6.444e-29,1.031e-19,9.862e-23,4.648e+0,3.014e-12,1.062e+0,5.591e-1,1.451e-19,6.437e+0,5.800e+0,5.002e-19,4.472e-18,9.242e-1,,1.655e-17,,,3.631e-19,,5.484e-19,,8.202e-19,,1.065e+0,,1.648e-17,,5.902e-19,1.579e-16
476.01,1.819e+2,1.505e-4,9.054e-23,1.731e-43,8.670e-20,,,5.567e-19,4.468e-11,,3.222e-15,4.903e-18,2.225e-28,1.012e-17,5.099e-20,4.550e-30,6.496e-21,1.502e-25,,3.479e-19,5.629e-20,2.903e-30,1.563e+2,4.779e-17,1.462e-8,9.895e-1,,4.096e+0,7.218e-22,3.229e-17,3.127e-20,6.445e-29,1.031e-19,9.863e-23,4.641e+0,5.875e-12,1.123e+0,4.199e-1,1.454e-19,6.166e+0,6.218e+0,5.019e-19,4.348e-18,9.324e-1,,1.651e-17,,,3.623e-19,,5.483e-19,,8.201e-19,,1.064e+0,,1.647e-17,,5.858e-19,1.580e-16
476.03,1.784e+2,1.826e-4,5.851e-23,1.730e-43,8.678e-20,,,5.572e-19,3.148e-11,,3.222e-15,4.900e-18,2.223e-28,1.012e-17,5.116e-20,2.738e-30,6.495e-21,1.505e-25,,3.487e-19,5.630e-20,1.945e-30,1.526e+2,4.768e-17,1.548e-8,9.466e-1,,4.218e+0,7.221e-22,3.231e-17,3.127e-20,6.445e-29,1.031e-19,9.864e-23,4.631e+0,9.131e-12,1.170e+0,3.455e-1,1.456e-19,5.977e+0,6.486e+0,5.030e-19,4.266e-18,9.340e-1,,1.648e-17,,,3.617e-19,,5.483e-19,,8.200e-19,,1.058e+0,,1.647e-17,,5.828e-19,1.580e-16
476.06,1.723e+2,2.425e-4,3.020e-23,1.729e-43,8.690e-20,,,5.580e-19,1.850e-11,,3.221e-15,4.896e-18,2.221e-28,1.012e-17,5.141e-20,1.270e-30,6.494e-21,1.511e-25,,3.500e-19,5.633e-20,1.059e-30,1.464e+2,4.753e-17,1.677e-8,8.862e-1,,4.398e+0,7.226e-22,3.233e-17,3.128e-20,6.446e-29,1.031e-19,9.865e-23,4.604e+0,1.758e-11,1.252e+0,2.562e-1,1.459e-19,5.688e+0,6.866e+0,5.046e-19,4.142e-18,9.305e-1,,1.644e-17,,,3.609e-19,,5.482e-19,,8.200e-19,,1.044e+0,,1.646e-17,,5.784e-19,1.580e-16
476.08,1.679e+2,2.917e-4,1.935e-23,1.729e-43,8.698e-20,,,5.585e-19,1.293e-11,,3.221e-15,4.893e-18,2.219e-28,1.012e-17,5.159e-20,7.580e-31,6.493e-21,1.514e-25,,3.509e-19,5.634e-20,7.035e-31,1.418e+2,4.742e-17,1.761e-8,8.487e-1,,4.514e+0,7.229e-22,3.235e-17,3.129e-20,6.446e-29,1.031e-19,9.866e-23,4.577e+0,2.709e-11,1.313e+0,2.090e-1,1.461e-19,5.496e+0,7.101e+0,5.057e-19,4.059e-18,9.242e-1,,1.641e-17,,,3.604e-19,,5.481e-19,,8.199e-19,,1.030e+0,,1.646e-17,,5.755e-19,1.581e-16
476.11,1.605e+2,3.825e-4,9.864e-24,1.728e-43,8.710e-20,,,5.593e-19,7.502e-12,,3.220e-15,4.889e-18,2.217e-28,1.012e-17,5.184e-20,3.472e-31,6.492e-21,1.519e-25,,3.522e-19,5.637e-20,3.783e-31,1.344e+2,4.727e-17,1.883e-8,7.968e-1,,4.682e+0,7.234e-22,3.237e-17,3.129e-20,6.447e-29,1.032e-19,9.868e-23,4.522e+0,5.150e-11,1.416e+0,1.530e-1,1.465e-19,5.215e+0,7.423e+0,5.074e-19,3.936e-18,9.091e-1,,1.636e-17,,,3.596e-19,,5.481e-19,,8.198e-19,,1.003e+0,,1.645e-17,,5.710e-19,1.581e-16
476.13,1.553e+2,4.563e-4,6.267e-24,1.727e-43,8.718e-20,,,5.599e-19,5.197e-12,,3.220e-15,4.886e-18,2.215e-28,1.012e-17,5.202e-20,2.054e-31,6.492e-21,1.523e-25,,3.530e-19,5.638e-20,2.491e-31,1.291e+2,4.717e-17,1.961e-8,7.651e-1,,4.787e+0,7.237e-22,3.238e-17,3.130e-20,6.447e-29,1.032e-19,9.869e-23,4.474e+0,7.871e-11,1.492e+0,1.238e-1,1.467e-19,5.036e+0,7.613e+0,5.085e-19,3.853e-18,8.954e-1,,1.633e-17,,,3.590e-19,,5.480e-19,,8.198e-19,,9.808e-1,,1.645e-17,,5.681e-19,1.581e-16
476.16,1.471e+2,5.908e-4,3.154e-24,1.726e-43,8.730e-20,,,5.607e-19,2.977e-12,,3.220e-15,4.882e-18,2.212e-28,1.012e-17,5.227e-20,9.287e-32,6.491e-21,1.528e-25,,3.543e-19,5.641e-20,1.323e-31,1.209e+2,4.701e-17,2.070e-8,7.222e-1,,4.932e+0,7.241e-22,3.241e-17,3.131e-20,6.448e-29,1.032e-19,9.870e-23,4.386e+0,1.478e-10,1.617e+0,8.948e-2,1.470e-19,4.785e+0,7.858e+0,5.102e-19,3.729e-18,8.697e-1,,1.629e-17,,,3.582e-19,,5.479e-19,,8.197e-19,,9.430e-1,,1.644e-17,,5.637e-19,1.582e-16
476.18,1.414e+2,6.989e-4,1.987e-24,1.726e-43,8.737e-20,,,5.612e-19,2.045e-12,,3.219e-15,4.879e-18,2.211e-28,1.012e-17,5.245e-20,5.447e-32,6.490e-21,1.531e-25,,3.552e-19,5.642e-20,8.637e-32,1.152e+2,4.691e-17,2.138e-8,6.965e-1,,5.020e+0,7.244e-22,3.242e-17,3.131e-20,6.448e-29,1.032e-19,9.871e-23,4.316e+0,2.240e-10,1.707e+0,7.177e-2,1.472e-19,4.633e+0,7.991e+0,5.113e-19,3.647e-18,8.494e-1,,1.626e-17,,,3.576e-19,,5.479e-19,,8.197e-19,,9.148e-1,,1.644e-17,,5.607e-19,1.582e-16
476.2,1.356e+2,8.240e-4,1.248e-24,1.725e-43,8.745e-20,,,5.618e-19,1.400e-12,,3.219e-15,4.876e-18,2.209e-28,1.012e-17,5.262e-20,3.185e-32,6.489e-21,1.535e-25,,3.561e-19,5.644e-20,5.620e-32,1.094e+2,4.680e-17,2.200e-8,6.731e-1,,5.099e+0,7.248e-22,3.244e-17,3.132e-20,6.448e-29,1.032e-19,9.872e-23,4.236e+0,3.383e-10,1.804e+0,5.737e-2,1.474e-19,4.496e+0,8.100e+0,5.124e-19,3.564e-18,8.268e-1,,1.623e-17,,,3.571e-19,,5.478e-19,,8.196e-19,,8.844e-1,,1.644e-17,,5.578e-19,1.582e-16
476.23,1.268e+2,1.048e-3,6.170e-25,1.724e-43,8.757e-20,,,5.626e-19,7.878e-13,,3.219e-15,4.872e-18,2.206e-28,1.012e-17,5.288e-20,1.414e-32,6.488e-21,1.540e-25,,3.574e-19,5.646e-20,2.931e-32,1.007e+2,4.665e-17,2.282e-8,6.420e-1,,5.201e+0,7.252e-22,3.246e-17,3.133e-20,6.449e-29,1.032e-19,9.873e-23,4.099e+0,6.242e-10,1.959e+0,4.074e-2,1.478e-19,4.323e+0,8.213e+0,5.140e-19,3.440e-18,7.889e-1,,1.619e-17,,,3.563e-19,,5.477e-19,,8.195e-19,,8.354e-1,,1.643e-17,,5.533e-19,1.582e-16
476.25,1.208e+2,1.225e-3,3.842e-25,1.723e-43,8.765e-20,,,5.631e-19,5.347e-13,,3.218e-15,4.869e-18,2.205e-28,1.012e-17,5.305e-20,1.931e-32,6.487e-21,1.543e-25,,3.582e-19,5.648e-20,1.891e-32,9.482e+1,4.655e-17,2.329e-8,6.239e-1,,5.256e+0,7.255e-22,3.247e-17,3.133e-20,6.449e-29,1.032e-19,9.874e-23,3.997e+0,9.350e-10,2.069e+0,3.229e-2,1.480e-19,4.231e+0,8.255e+0,5.151e-19,3.358e-18,7.614e-1,,1.616e-17,,,3.557e-19,,5.477e-19,,8.195e-19,,8.009e-1,,1.643e-17,,5.504e-19,1.583e-16
476.28,1.120e+2,1.539e-3,1.876e-25,1.723e-43,8.777e-20,,,5.639e-19,2.971e-13,,3.218e-15,4.865e-18,2.202e-28,1.012e-17,5.331e-20,2.706e-32,6.486e-21,1.549e-25,,3.595e-19,5.650e-20,9.736e-33,8.617e+1,4.639e-17,2.385e-8,6.001e-1,,5.318e+0,7.260e-22,3.250e-17,3.134e-20,6.450e-29,1.033e-19,9.875e-23,3.828e+0,1.704e-9,2.244e+0,2.264e-2,1.483e-19,4.132e+0,8.266e+0,5.168e-19,3.234e-18,7.174e-1,,1.612e-17,,,3.549e-19,,5.476e-19,,8.194e-19,,7.470e-1,,1.642e-17,,5.460e-19,1.583e-16
476.3,1.063e+2,1.785e-3,1.158e-25,1.722e-43,8.785e-20,,,5.644e-19,1.999e-13,,3.218e-15,4.863e-18,2.200e-28,1.012e-17,5.348e-20,3.222e-32,6.486e-21,1.552e-25,,3.604e-19,5.652e-20,6.228e-33,8.051e+1,4.629e-17,2.413e-8,5.864e-1,,5.346e+0,7.263e-22,3.251e-17,3.134e-20,6.450e-29,1.033e-19,9.876e-23,3.707e+0,2.531e-9,2.366e+0,1.779e-2,1.485e-19,4.094e+0,8.238e+0,5.179e-19,3.151e-18,6.866e-1,,1.609e-17,,,3.544e-19,,5.475e-19,,8.194e-19,,7.101e-1,,1.642e-17,,5.430e-19,1.583e-16
476.33,9.781e+1,2.214e-3,5.582e-26,1.721e-43,8.797e-20,,,5.652e-19,1.097e-13,,3.217e-15,4.858e-18,2.198e-28,1.012e-17,5.374e-20,3.997e-32,6.485e-21,1.557e-25,,3.617e-19,5.654e-20,3.166e-33,7.227e+1,4.613e-17,2.441e-8,5.686e-1,,5.366e+0,7.268e-22,3.253e-17,3.135e-20,6.451e-29,1.033e-19,9.878e-23,3.512e+0,4.553e-9,2.558e+0,1.232e-2,1.488e-19,4.082e+0,8.144e+0,5.196e-19,3.028e-18,6.388e-1,,1.605e-17,,,3.535e-19,,5.475e-19,,8.193e-19,,6.540e-1,,1.641e-17,,5.386e-19,1.583e-16
476.35,9.235e+1,2.545e-3,3.417e-26,1.720e-43,8.805e-20,,,5.658e-19,7.318e-14,,3.217e-15,4.856e-18,2.196e-28,1.012e-17,5.391e-20,4.514e-32,6.484e-21,1.561e-25,,3.626e-19,5.655e-20,2.008e-33,6.698e+1,4.603e-17,2.449e-8,5.583e-1,,5.365e+0,7.271e-22,3.255e-17,3.136e-20,6.451e-29,1.033e-19,9.879e-23,3.376e+0,6.708e-9,2.690e+0,9.599e-3,1.491e-19,4.104e+0,8.049e+0,5.207e-19,2.945e-18,6.062e-1,,1.602e-17,,,3.530e-19,,5.474e-19,,8.192e-19,,6.165e-1,,1.641e-17,,5.356e-19,1.584e-16
476.38,8.450e+1,3.118e-3,1.626e-26,1.720e-43,8.817e-20,,,5.666e-19,3.964e-14,,3.217e-15,4.851e-18,2.194e-28,1.012e-17,5.416e-20,5.289e-32,6.483e-21,1.566e-25,,3.639e-19,5.658e-20,1.008e-33,5.938e+1,4.587e-17,2.446e-8,5.447e-1,,5.341e+0,7.275e-22,3.257e-17,3.136e-20,6.452e-29,1.033e-19,9.880e-23,3.163e+0,1.192e-8,2.892e+0,6.561e-3,1.494e-19,4.185e+0,7.858e+0,5.223e-19,2.821e-18,5.569e-1,,1.598e-17,,,3.522e-19,,5.473e-19,,8.192e-19,,5.606e-1,,1.640e-17,,5.312e-19,1.584e-16
476.4,7.950e+1,3.555e-3,9.873e-27,1.719e-43,8.825e-20,,,5.671e-19,2.622e-14,,3.216e-15,4.849e-18,2.192e-28,1.012e-17,5.434e-20,5.806e-32,6.482e-21,1.569e-25,,3.647e-19,5.659e-20,6.338e-34,5.458e+1,4.577e-17,2.434e-8,5.367e-1,,5.310e+0,7.279e-22,3.258e-17,3.137e-20,6.452e-29,1.034e-19,9.881e-23,3.017e+0,1.741e-8,3.030e+0,5.070e-3,1.496e-19,4.271e+0,7.700e+0,5.235e-19,2.739e-18,5.241e-1,,1.595e-17,,,3.516e-19,,5.473e-19,,8.191e-19,,5.240e-1,,1.640e-17,,5.283e-19,1.584e-16
476.43,7.243e+1,4.300e-3,4.640e-27,1.718e-43,8.837e-20,,,5.679e-19,1.402e-14,,3.216e-15,4.844e-18,2.189e-28,1.012e-17,5.459e-20,6.581e-32,6.481e-21,1.574e-25,,3.660e-19,5.662e-20,3.141e-34,4.780e+1,4.562e-17,2.400e-8,5.258e-1,,5.243e+0,7.283e-22,3.261e-17,3.138e-20,6.453e-29,1.034e-19,9.882e-23,2.795e+0,3.056e-8,3.237e+0,3.422e-3,1.499e-19,4.448e+0,7.423e+0,5.251e-19,2.615e-18,4.754e-1,,1.590e-17,,,3.508e-19,,5.472e-19,,8.190e-19,,4.705e-1,,1.639e-17,,5.238e-19,1.585e-16
476.45,6.800e+1,4.861e-3,2.793e-27,1.717e-43,8.844e-20,,,5.684e-19,9.199e-15,,3.215e-15,4.842e-18,2.188e-28,1.012e-17,5.477e-20,7.097e-32,6.480e-21,1.578e-25,,3.669e-19,5.663e-20,1.958e-34,4.358e+1,4.551e-17,2.368e-8,5.191e-1,,5.184e+0,7.286e-22,3.262e-17,3.138e-20,6.453e-29,1.034e-19,9.883e-23,2.645e+0,4.427e-8,3.376e+0,2.621e-3,1.501e-19,4.597e+0,7.213e+0,5.262e-19,2.533e-18,4.436e-1,,1.587e-17,,,3.503e-19,,5.471e-19,,8.190e-19,,4.361e-1,,1.639e-17,,5.209e-19,1.585e-16
476.48,6.181e+1,5.806e-3,1.266e-27,1.717e-43,8.856e-20,,,5.692e-19,4.857e-15,,3.215e-15,4.837e-18,2.185e-28,1.012e-17,5.502e-20,7.872e-32,6.479e-21,1.583e-25,,3.682e-19,5.666e-20,9.581e-35,3.770e+1,4.536e-17,2.306e-8,5.094e-1,,5.076e+0,7.291e-22,3.264e-17,3.139e-20,6.454e-29,1.034e-19,9.884e-23,2.422e+0,7.671e-8,3.581e+0,1.747e-3,1.505e-19,4.867e+0,6.866e+0,5.279e-19,2.409e-18,3.973e-1,,1.583e-17,,,3.494e-19,,5.471e-19,,8.189e-19,,3.866e-1,,1.638e-17,,5.165e-19,1.585e-16
476.5,5.800e+1,6.509e-3,7.561e-28,1.716e-43,8.864e-20,,,5.698e-19,3.159e-15,,3.215e-15,4.835e-18,2.184e-28,1.012e-17,5.520e-20,8.389e-32,6.479e-21,1.587e-25,,3.690e-19,5.667e-20,5.923e-35,3.409e+1,4.525e-17,2.256e-8,5.031e-1,,4.992e+0,7.294e-22,3.266e-17,3.139e-20,6.454e-29,1.034e-19,9.885e-23,2.274e+0,1.102e-7,3.715e+0,1.327e-3,1.507e-19,5.077e+0,6.616e+0,5.290e-19,2.326e-18,3.676e-1,,1.580e-17,,,3.489e-19,,5.470e-19,,8.189e-19,,3.553e-1,,1.638e-17,,5.135e-19,1.585e-16
476.53,5.274e+1,7.677e-3,3.467e-28,1.715e-43,8.876e-20,,,5.706e-19,1.647e-15,,3.214e-15,4.830e-18,2.181e-28,1.012e-17,5.545e-20,9.164e-32,6.478e-21,1.592e-25,,3.703e-19,5.670e-20,2.861e-35,2.913e+1,4.510e-17,2.169e-8,4.934e-1,,4.848e+0,7.299e-22,3.268e-17,3.140e-20,6.455e-29,1.034e-19,9.887e-23,2.058e+0,1.886e-7,3.909e+0,8.731e-4,1.510e-19,5.435e+0,6.218e+0,5.306e-19,5.173e-18,3.251e-1,,1.576e-17,,,3.481e-19,,5.469e-19,,8.188e-19,,3.111e-1,,1.637e-17,,5.091e-19,1.586e-16
476.55,4.954e+1,8.534e-3,2.053e-28,1.714e-43,8.884e-20,,,5.711e-19,1.062e-15,,3.214e-15,4.828e-18,2.179e-28,1.012e-17,5.563e-20,9.680e-32,6.477e-21,1.595e-25,,3.712e-19,5.671e-20,1.754e-35,2.613e+1,4.500e-17,2.104e-8,4.866e-1,,4.741e+0,7.302e-22,3.270e-17,3.141e-20,6.455e-29,1.035e-19,9.888e-23,1.917e+0,2.687e-7,4.033e+0,6.577e-4,1.512e-19,5.701e+0,5.941e+0,5.318e-19,8.777e-18,2.983e-1,,1.573e-17,,,3.475e-19,,5.469e-19,,8.187e-19,,2.835e-1,,1.637e-17,,5.062e-19,1.586e-16
476.58,4.519e+1,9.940e-3,9.297e-29,1.714e-43,8.896e-20,,,5.719e-19,5.465e-16,,3.214e-15,4.823e-18,2.177e-28,1.012e-17,5.588e-20,1.046e-31,6.476e-21,1.600e-25,,3.725e-19,5.674e-20,8.363e-36,2.206e+1,4.484e-17,1.998e-8,4.759e-1,,4.565e+0,7.306e-22,3.272e-17,3.141e-20,6.456e-29,1.035e-19,9.889e-23,1.714e+0,4.542e-7,4.208e+0,4.273e-4,1.515e-19,6.139e+0,5.514e+0,5.334e-19,1.928e-17,2.605e-1,,1.569e-17,,,3.467e-19,,5.468e-19,,8.187e-19,,2.451e-1,,1.637e-17,,5.017e-19,1.586e-16
476.6,4.259e+1,1.096e-2,5.459e-29,1.713e-43,8.904e-20,,,5.725e-19,3.495e-16,,3.213e-15,4.821e-18,2.175e-28,1.012e-17,5.606e-20,1.097e-31,6.475e-21,1.604e-25,,3.734e-19,5.675e-20,5.083e-36,1.963e+1,4.474e-17,1.922e-8,4.683e-1,,4.440e+0,7.310e-22,3.273e-17,3.142e-20,6.456e-29,1.035e-19,9.890e-23,1.584e+0,6.417e-7,4.316e+0,3.191e-4,1.518e-19,6.455e+0,5.224e+0,5.345e-19,3.244e-17,2.370e-1,,1.566e-17,,,3.462e-19,,5.467e-19,,8.186e-19,,2.215e-1,,1.636e-17,,4.988e-19,1.586e-16
476.62,4.021e+1,1.204e-2,3.194e-29,1.712e-43,8.912e-20,,,5.730e-19,2.227e-16,,3.213e-15,4.818e-18,2.173e-28,1.012e-17,5.623e-20,1.149e-31,6.474e-21,1.607e-25,,3.742e-19,5.677e-20,3.079e-36,1.741e+1,4.463e-17,1.843e-8,4.602e-1,,4.308e+0,7.313e-22,3.275e-17,3.142e-20,6.456e-29,1.035e-19,9.891e-23,1.460e+0,9.037e-7,4.417e+0,2.375e-4,1.520e-19,6.789e+0,4.933e+0,5.356e-19,5.440e-17,2.149e-1,,1.563e-17,,,3.456e-19,,5.467e-19,,8.186e-19,,1.994e-1,,1.636e-17,,4.958e-19,1.587e-16
476.65,3.703e+1,1.378e-2,2.852e-28,1.711e-43,8.924e-20,,,5.738e-19,1.126e-16,,3.213e-15,4.814e-18,2.171e-28,1.012e-17,5.648e-20,1.226e-31,6.473e-21,1.612e-25,,3.755e-19,5.679e-20,1.442e-36,1.446e+1,4.448e-17,1.719e-8,4.471e-1,,4.101e+0,7.317e-22,3.277e-17,3.143e-20,6.457e-29,1.035e-19,9.892e-23,1.284e+0,1.501e-6,4.553e+0,1.516e-4,1.523e-19,7.321e+0,4.498e+0,5.373e-19,1.174e-16,1.844e-1,,1.559e-17,,,3.448e-19,,5.466e-19,,8.185e-19,,1.694e-1,,1.635e-17,,4.914e-19,1.587e-16
476.67,3.517e+1,1.501e-2,4.540e-28,1.711e-43,8.932e-20,,,5.743e-19,7.114e-17,,3.212e-15,4.811e-18,2.169e-28,1.012e-17,5.666e-20,1.278e-31,6.473e-21,1.616e-25,,3.764e-19,5.681e-20,8.661e-37,1.273e+1,4.438e-17,1.634e-8,4.378e-1,,3.957e+0,7.320e-22,3.279e-17,3.144e-20,6.457e-29,1.035e-19,9.893e-23,1.174e+0,2.096e-6,4.632e+0,1.119e-4,1.525e-19,7.695e+0,4.212e+0,5.384e-19,1.953e-16,1.658e-1,,1.556e-17,,,3.443e-19,,5.466e-19,,8.184e-19,,1.513e-1,,1.635e-17,,4.885e-19,1.587e-16
476.7,3.273e+1,1.696e-2,7.072e-28,1.710e-43,8.943e-20,,,5.751e-19,3.551e-17,,3.212e-15,4.807e-18,2.167e-28,1.012e-17,5.691e-20,1.356e-31,6.472e-21,1.621e-25,,3.777e-19,5.683e-20,4.005e-37,1.046e+1,4.422e-17,1.505e-8,4.228e-1,,3.734e+0,7.325e-22,3.281e-17,3.144e-20,6.458e-29,1.036e-19,9.894e-23,1.020e+0,3.437e-6,4.732e+0,7.050e-5,1.528e-19,8.281e+0,3.792e+0,5.401e-19,4.163e-16,1.404e-1,,1.551e-17,,,3.434e-19,,5.465e-19,,8.184e-19,,1.268e-1,,1.634e-17,,4.840e-19,1.588e-16
476.72,3.132e+1,1.832e-2,8.760e-28,1.709e-43,8.951e-20,,,5.757e-19,2.225e-17,,3.212e-15,4.804e-18,2.165e-28,1.012e-17,5.709e-20,1.407e-31,6.471e-21,1.624e-25,,3.786e-19,5.685e-20,2.385e-37,9.153e+0,4.412e-17,1.419e-8,4.121e-1,,3.583e+0,7.328e-22,3.282e-17,3.145e-20,6.458e-29,1.036e-19,9.895e-23,9.254e-1,4.760e-6,4.785e+0,5.159e-5,1.531e-19,8.687e+0,3.521e+0,5.412e-19,6.866e-16,1.252e-1,,1.549e-17,,,3.429e-19,,5.464e-19,,8.183e-19,,1.123e-1,,1.634e-17,,4.811e-19,1.588e-16
476.75,2.951e+1,2.045e-2,1.129e-27,1.708e-43,8.963e-20,,,5.765e-19,1.096e-17,,3.211e-15,4.800e-18,2.162e-28,1.012e-17,5.734e-20,1.485e-31,6.470e-21,1.630e-25,,3.799e-19,5.687e-20,1.089e-37,7.459e+0,4.396e-17,1.291e-8,3.953e-1,,3.352e+0,7.333e-22,3.285e-17,3.146e-20,6.459e-29,1.036e-19,9.897e-23,7.952e-1,7.709e-6,4.846e+0,3.210e-5,1.534e-19,9.315e+0,3.130e+0,5.428e-19,1.445e-15,1.047e-1,,1.544e-17,,,3.421e-19,,5.463e-19,,8.182e-19,,9.301e-2,,1.633e-17,,4.767e-19,1.588e-16
476.77,2.849e+1,2.191e-2,1.298e-27,1.708e-43,8.971e-20,,,5.770e-19,6.810e-18,,3.211e-15,4.797e-18,2.161e-28,1.012e-17,5.752e-20,1.536e-31,6.469e-21,1.633e-25,,3.807e-19,5.689e-20,6.430e-38,6.496e+0,4.386e-17,1.206e-8,3.834e-1,,3.198e+0,7.336e-22,3.286e-17,3.146e-20,6.459e-29,1.036e-19,9.898e-23,7.162e-1,1.059e-5,4.872e+0,2.329e-5,1.536e-19,9.746e+0,2.882e+0,5.439e-19,2.364e-15,9.258e-2,,1.541e-17,,,3.415e-19,,5.463e-19,,8.182e-19,,8.167e-2,,1.633e-17,,4.737e-19,1.588e-16
476.8,2.721e+1,2.414e-2,1.551e-27,1.707e-43,8.983e-20,,,5.778e-19,3.313e-18,,3.210e-15,4.793e-18,2.158e-28,1.012e-17,5.777e-20,1.614e-31,6.468e-21,1.638e-25,,3.820e-19,5.691e-20,2.898e-38,5.274e+0,4.370e-17,1.083e-8,3.650e-1,,2.966e+0,7.341e-22,3.288e-17,3.147e-20,6.460e-29,1.036e-19,9.899e-23,6.092e-1,1.694e-5,4.892e+0,1.431e-5,1.539e-19,1.041e+1,2.530e+0,5.456e-19,4.916e-15,7.647e-2,,1.537e-17,,,3.407e-19,,5.462e-19,,8.181e-19,,6.677e-2,,1.633e-17,,4.693e-19,1.589e-16
476.82,2.651e+1,2.564e-2,1.720e-27,1.706e-43,8.991e-20,,,5.783e-19,2.041e-18,,3.210e-15,4.790e-18,2.156e-28,1.012e-17,5.795e-20,1.665e-31,6.467e-21,1.642e-25,,3.829e-19,5.692e-20,1.697e-38,4.593e+0,4.360e-17,1.004e-8,3.522e-1,,2.812e+0,7.344e-22,3.290e-17,3.147e-20,6.460e-29,1.036e-19,9.900e-23,5.452e-1,2.306e-5,4.891e+0,1.029e-5,1.541e-19,1.085e+1,2.309e+0,5.467e-19,7.974e-15,6.703e-2,,1.534e-17,,,3.401e-19,,5.461e-19,,8.181e-19,,5.814e-2,,1.632e-17,,4.663e-19,1.589e-16
476.85,2.566e+1,2.790e-2,1.973e-27,1.705e-43,9.003e-20,,,5.792e-19,9.802e-19,,3.210e-15,4.786e-18,2.154e-28,1.012e-17,5.820e-20,3.700e-31,6.466e-21,1.647e-25,,3.842e-19,5.695e-20,1.707e-38,3.750e+0,4.345e-17,8.906e-9,3.325e-1,,2.585e+0,7.348e-22,3.292e-17,3.148e-20,6.461e-29,1.037e-19,9.901e-23,4.599e-1,3.643e-5,4.870e+0,6.244e-6,1.545e-19,1.153e+1,2.002e+0,5.484e-19,1.637e-14,5.467e-2,,1.530e-17,,,3.393e-19,,5.461e-19,,8.180e-19,,4.694e-2,,1.632e-17,,4.619e-19,1.589e-16
476.87,2.522e+1,2.939e-2,2.142e-27,1.705e-43,9.011e-20,,,5.797e-19,5.986e-19,,3.209e-15,4.783e-18,2.152e-28,1.012e-17,5.838e-20,6.273e-31,6.466e-21,1.650e-25,,3.850e-19,5.696e-20,1.714e-38,3.296e+0,4.334e-17,8.186e-9,3.191e-1,,2.436e+0,7.351e-22,3.293e-17,3.149e-20,6.461e-29,1.037e-19,9.902e-23,4.099e-1,4.921e-5,4.842e+0,4.455e-6,1.547e-19,1.199e+1,1.812e+0,5.495e-19,2.634e-14,4.752e-2,,1.527e-17,,,3.388e-19,,5.460e-19,,8.179e-19,,4.052e-2,,1.631e-17,,4.590e-19,1.590e-16
476.9,2.473e+1,3.158e-2,2.395e-27,1.704e-43,9.023e-20,,,5.805e-19,2.839e-19,,3.209e-15,4.779e-18,2.150e-28,1.012e-17,5.863e-20,1.376e-30,6.464e-21,1.656e-25,,3.863e-19,5.699e-20,1.724e-38,2.755e+0,4.319e-17,7.168e-9,2.988e-1,,2.219e+0,7.356e-22,3.296e-17,3.149e-20,6.462e-29,1.037e-19,9.903e-23,3.446e-1,7.676e-5,4.783e+0,2.667e-6,1.550e-19,1.267e+1,1.551e+0,5.511e-19,5.342e-14,3.827e-2,,1.523e-17,,,3.380e-19,,5.459e-19,,8.178e-19,,3.230e-2,,1.631e-17,,4.545e-19,1.590e-16
476.92,2.450e+1,3.299e-2,2.564e-27,1.703e-43,9.031e-20,,,5.810e-19,1.719e-19,,3.209e-15,4.776e-18,2.148e-28,1.012e-17,5.881e-20,2.314e-30,6.464e-21,1.659e-25,,3.872e-19,5.700e-20,1.731e-38,2.481e+0,4.308e-17,6.534e-9,2.851e-1,,2.078e+0,7.359e-22,3.297e-17,3.150e-20,6.462e-29,1.037e-19,9.904e-23,3.071e-1,1.028e-4,4.732e+0,1.887e-6,1.552e-19,1.313e+1,1.392e+0,5.522e-19,8.523e-14,3.299e-2,,1.520e-17,,,3.374e-19,,5.459e-19,,8.178e-19,,2.766e-2,,1.630e-17,,4.516e-19,1.590e-16
476.95,2.428e+1,3.501e-2,2.817e-27,1.702e-43,9.042e-20,,,5.818e-19,8.050e-20,,3.208e-15,4.772e-18,2.145e-28,1.012e-17,5.906e-20,5.014e-30,6.463e-21,1.664e-25,,3.885e-19,5.703e-20,1.742e-38,2.182e+0,4.293e-17,5.649e-9,2.646e-1,,1.875e+0,7.364e-22,3.299e-17,3.151e-20,6.463e-29,1.037e-19,9.906e-23,2.597e-1,1.584e-4,4.639e+0,1.116e-6,1.555e-19,1.380e+1,1.177e+0,5.539e-19,1.707e-13,2.623e-2,,1.515e-17,,,3.366e-19,,5.458e-19,,8.177e-19,,2.177e-2,,1.630e-17,,4.472e-19,1.590e-16
476.97,2.422e+1,3.626e-2,2.986e-27,1.702e-43,9.050e-20,,,5.824e-19,4.833e-20,,3.208e-15,4.769e-18,2.144e-28,1.012e-17,5.923e-20,8.362e-30,6.462e-21,1.668e-25,,3.894e-19,5.704e-20,1.749e-38,2.051e+0,4.283e-17,5.106e-9,2.510e-1,,1.745e+0,7.367e-22,3.301e-17,3.151e-20,6.463e-29,1.037e-19,9.907e-23,2.335e-1,2.104e-4,4.567e+0,7.826e-7,1.558e-19,1.425e+1,1.047e+0,5.550e-19,2.701e-13,2.242e-2,,1.513e-17,,,3.360e-19,,5.457e-19,,8.177e-19,,1.848e-2,,1.629e-17,,4.442e-19,1.591e-16
476.99,2.422e+1,3.744e-2,3.155e-27,1.701e-43,9.058e-20,,,5.829e-19,2.892e-20,,3.208e-15,4.766e-18,2.142e-28,1.012e-17,5.941e-20,1.390e-29,6.461e-21,1.671e-25,,3.902e-19,5.706e-20,1.756e-38,1.971e+0,4.272e-17,4.599e-9,2.376e-1,,1.620e+0,7.370e-22,3.302e-17,3.152e-20,6.463e-29,1.038e-19,9.907e-23,2.116e-1,2.785e-4,4.488e+0,5.471e-7,1.560e-19,1.469e+1,9.292e-1,5.561e-19,4.259e-13,1.910e-2,,1.510e-17,,,3.355e-19,,5.457e-19,,8.176e-19,,1.563e-2,,1.629e-17,,4.413e-19,1.591e-16
477.02,2.430e+1,3.903e-2,3.408e-27,1.700e-43,9.070e-20,,,5.837e-19,1.330e-20,,3.207e-15,4.762e-18,2.140e-28,1.012e-17,5.966e-20,2.959e-29,6.460e-21,1.676e-25,,3.915e-19,5.708e-20,1.766e-38,1.937e+0,4.257e-17,3.907e-9,2.177e-1,,1.442e+0,7.375e-22,3.305e-17,3.152e-20,6.464e-29,1.038e-19,9.909e-23,1.862e-1,4.215e-4,4.358e+0,3.178e-7,1.563e-19,1.533e+1,7.716e-1,5.578e-19,8.383e-13,1.492e-2,,1.505e-17,,,3.347e-19,,5.456e-19,,8.175e-19,,1.209e-2,,1.629e-17,,4.369e-19,1.591e-16
477.04,2.442e+1,3.996e-2,5.810e-27,1.700e-43,9.078e-20,,,5.842e-19,7.892e-21,,3.207e-15,4.759e-18,2.138e-28,1.012e-17,5.984e-20,4.878e-29,6.460e-21,1.680e-25,,3.924e-19,5.710e-20,1.773e-38,1.969e+0,4.246e-17,3.489e-9,2.048e-1,,1.330e+0,7.378e-22,3.306e-17,3.153e-20,6.464e-29,1.038e-19,9.910e-23,1.742e-1,5.534e-4,4.264e+0,2.203e-7,1.565e-19,1.574e+1,6.787e-1,5.589e-19,1.311e-12,1.260e-2,,1.503e-17,,,3.341e-19,,5.456e-19,,8.175e-19,,1.014e-2,,1.628e-17,,4.339e-19,1.591e-16
477.07,2.467e+1,4.113e-2,1.285e-26,1.699e-43,9.090e-20,,,5.850e-19,3.584e-21,,3.207e-15,4.755e-18,2.135e-28,1.012e-17,6.009e-20,1.026e-28,6.459e-21,1.685e-25,,3.937e-19,5.712e-20,1.783e-38,2.091e+0,4.231e-17,2.927e-9,1.859e-1,,1.173e+0,7.383e-22,3.308e-17,3.154e-20,6.465e-29,1.038e-19,9.911e-23,1.631e-1,8.273e-4,4.114e+0,1.263e-7,1.568e-19,1.632e+1,5.565e-1,5.605e-19,2.548e-12,9.719e-3,,1.498e-17,,,3.333e-19,,5.455e-19,,8.174e-19,,7.745e-3,,1.628e-17,,4.295e-19,1.592e-16
477.09,2.488e+1,4.176e-2,2.172e-26,1.698e-43,9.098e-20,,,5.856e-19,2.108e-21,,3.206e-15,4.752e-18,2.134e-28,1.012e-17,6.027e-20,1.677e-28,6.458e-21,1.688e-25,,3.946e-19,5.714e-20,1.790e-38,2.219e+0,4.221e-17,2.592e-9,1.738e-1,,1.075e+0,7.386e-22,3.310e-17,3.154e-20,6.465e-29,1.038e-19,9.912e-23,1.604e-1,1.077e-3,4.010e+0,8.682e-8,1.571e-19,1.669e+1,4.854e-1,5.616e-19,3.952e-12,8.140e-3,,1.495e-17,,,3.328e-19,,5.454e-19,,8.174e-19,,6.443e-3,,1.627e-17,,4.265e-19,1.592e-16
477.12,2.524e+1,4.245e-2,4.745e-26,1.697e-43,9.110e-20,,,5.864e-19,9.451e-22,,3.206e-15,4.748e-18,2.131e-28,1.012e-17,6.052e-20,3.483e-28,6.457e-21,1.694e-25,,3.959e-19,5.716e-20,1.801e-38,2.481e+0,4.205e-17,2.147e-9,1.563e-1,,9.389e-1,7.390e-22,3.312e-17,3.155e-20,6.466e-29,1.039e-19,9.913e-23,1.633e-1,1.590e-3,3.848e+0,4.916e-8,1.574e-19,1.721e+1,3.930e-1,5.633e-19,7.587e-12,6.200e-3,,1.491e-17,,,3.319e-19,,5.453e-19,,8.173e-19,,4.857e-3,,1.627e-17,,4.221e-19,1.592e-16
477.14,2.552e+1,4.274e-2,7.955e-26,1.697e-43,9.118e-20,,,5.869e-19,2.640e-22,,3.206e-15,4.745e-18,2.129e-28,1.012e-17,6.070e-20,5.647e-28,6.456e-21,1.697e-25,,3.967e-19,5.718e-20,1.808e-38,2.699e+0,4.195e-17,1.886e-9,1.451e-1,,8.554e-1,7.393e-22,3.314e-17,3.155e-20,6.466e-29,1.039e-19,9.914e-23,1.699e-1,2.053e-3,3.738e+0,3.350e-8,1.576e-19,1.752e+1,3.399e-1,5.644e-19,1.167e-11,5.149e-3,,1.488e-17,,,3.314e-19,,5.453e-19,,8.172e-19,,4.007e-3,,1.626e-17,,4.192e-19,1.593e-16
477.17,2.598e+1,4.290e-2,1.716e-25,1.696e-43,9.130e-20,,,5.877e-19,2.645e-22,,3.205e-15,4.741e-18,2.127e-28,1.012e-17,6.095e-20,1.158e-27,6.455e-21,1.702e-25,,3.980e-19,5.720e-20,1.818e-38,3.089e+0,4.179e-17,1.542e-9,1.292e-1,,7.408e-1,7.398e-22,3.316e-17,3.156e-20,6.467e-29,1.039e-19,9.916e-23,1.870e-1,2.993e-3,3.570e+0,1.873e-8,1.579e-19,1.794e+1,2.717e-1,5.661e-19,2.212e-11,3.873e-3,,1.484e-17,,,3.306e-19,,5.452e-19,,8.172e-19,,2.983e-3,,1.626e-17,,4.147e-19,1.593e-16
477.19,2.631e+1,4.283e-2,2.853e-25,1.695e-43,9.138e-20,,,5.883e-19,2.648e-22,,3.205e-15,4.738e-18,2.125e-28,1.012e-17,6.113e-20,1.862e-27,6.454e-21,1.706e-25,,3.989e-19,5.722e-20,1.825e-38,3.392e+0,4.169e-17,1.343e-9,1.192e-1,,6.714e-1,7.401e-22,3.317e-17,3.157e-20,6.467e-29,1.039e-19,9.917e-23,2.035e-1,3.832e-3,3.458e+0,1.266e-8,1.581e-19,1.818e+1,2.331e-1,5.672e-19,3.375e-11,3.189e-3,,1.481e-17,,,3.300e-19,,5.452e-19,,8.171e-19,,2.440e-3,,1.625e-17,,4.118e-19,1.593e-16
477.22,2.683e+1,4.245e-2,6.080e-25,1.694e-43,9.149e-20,,,5.891e-19,2.652e-22,,3.204e-15,4.734e-18,2.123e-28,1.012e-17,6.138e-20,3.773e-27,6.453e-21,1.711e-25,,4.002e-19,5.724e-20,1.836e-38,3.906e+0,4.153e-17,1.085e-9,1.051e-1,,5.777e-1,7.406e-22,3.320e-17,3.157e-20,6.468e-29,1.039e-19,9.918e-23,2.360e-1,5.517e-3,3.290e+0,6.986e-9,1.585e-19,1.848e+1,1.840e-1,5.688e-19,6.319e-11,2.368e-3,,1.477e-17,,,3.292e-19,,5.451e-19,,8.170e-19,,1.794e-3,,1.625e-17,,4.074e-19,1.593e-16
477.24,2.719e+1,4.202e-2,1.003e-24,1.694e-43,9.157e-20,,,5.896e-19,2.655e-22,,3.204e-15,4.732e-18,2.121e-28,1.012e-17,6.155e-20,6.015e-27,6.453e-21,1.714e-25,,4.010e-19,5.725e-20,1.842e-38,4.288e+0,4.143e-17,9.367e-10,9.632e-2,,5.219e-1,7.409e-22,3.321e-17,3.158e-20,6.468e-29,1.039e-19,9.919e-23,2.633e-1,7.005e-3,3.178e+0,4.681e-9,1.587e-19,1.863e+1,1.565e-1,5.700e-19,9.560e-11,1.934e-3,,1.474e-17,,,3.287e-19,,5.450e-19,,8.170e-19,,1.455e-3,,1.625e-17,,4.044e-19,1.594e-16
477.27,2.774e+1,4.113e-2,2.110e-24,1.693e-43,9.169e-20,,,5.904e-19,2.659e-22,,3.204e-15,4.727e-18,2.118e-28,1.012e-17,6.181e-20,1.204e-26,6.451e-21,1.719e-25,,4.023e-19,5.728e-20,1.853e-38,4.919e+0,4.128e-17,7.470e-10,8.406e-2,,4.480e-1,7.414e-22,3.323e-17,3.159e-20,6.469e-29,1.040e-19,9.920e-23,3.131e-1,9.959e-3,3.014e+0,2.551e-9,1.590e-19,1.879e+1,1.220e-1,5.716e-19,1.768e-10,1.418e-3,,1.469e-17,,,3.278e-19,,5.449e-19,,8.169e-19,,1.056e-3,,1.624e-17,,4.000e-19,1.594e-16
477.29,2.811e+1,4.038e-2,3.450e-24,1.692e-43,9.177e-20,,,5.909e-19,2.662e-22,,3.203e-15,4.725e-18,2.117e-28,1.012e-17,6.198e-20,1.903e-26,6.451e-21,1.723e-25,,4.032e-19,5.729e-20,1.860e-38,5.377e+0,4.117e-17,6.396e-10,7.650e-2,,4.051e-1,7.417e-22,3.325e-17,3.159e-20,6.469e-29,1.040e-19,9.921e-23,3.526e-1,1.254e-2,2.907e+0,1.695e-9,1.592e-19,1.884e+1,1.029e-1,5.727e-19,2.652e-10,1.148e-3,,1.467e-17,,,3.273e-19,,5.449e-19,,8.169e-19,,8.492e-4,,1.624e-17,,3.970e-19,1.594e-16
477.32,2.868e+1,3.903e-2,7.170e-24,1.691e-43,9.189e-20,,,5.917e-19,2.667e-22,,3.203e-15,4.720e-18,2.114e-28,1.012e-17,6.224e-20,3.761e-26,6.450e-21,1.728e-25,,4.045e-19,5.732e-20,1.870e-38,6.115e+0,4.102e-17,5.037e-10,6.608e-2,,3.497e-1,7.421e-22,3.327e-17,3.160e-20,6.469e-29,1.040e-19,9.922e-23,4.222e-1,1.761e-2,2.750e+0,9.121e-10,1.595e-19,1.884e+1,7.916e-2,5.744e-19,4.843e-10,8.314e-4,,1.462e-17,,,3.265e-19,,5.448e-19,,8.168e-19,,6.086e-4,,1.623e-17,,3.926e-19,1.595e-16
477.34,2.905e+1,3.799e-2,1.163e-23,1.691e-43,9.197e-20,,,5.923e-19,2.670e-22,,3.203e-15,4.718e-18,2.112e-28,1.012e-17,6.241e-20,5.898e-26,6.449e-21,1.732e-25,,4.054e-19,5.733e-20,1.877e-38,6.640e+0,4.091e-17,4.277e-10,5.972e-2,,3.187e-1,7.424e-22,3.328e-17,3.161e-20,6.470e-29,1.040e-19,9.923e-23,4.757e-1,2.199e-2,2.648e+0,6.009e-10,1.598e-19,1.878e+1,6.620e-2,5.755e-19,7.206e-10,6.676e-4,,1.459e-17,,,3.259e-19,,5.448e-19,,8.167e-19,,4.854e-4,,1.623e-17,,3.897e-19,1.595e-16
477.36,2.942e+1,3.686e-2,1.880e-23,1.690e-43,9.205e-20,,,5.928e-19,2.673e-22,,3.202e-15,4.715e-18,2.111e-28,1.012e-17,6.259e-20,9.219e-26,6.448e-21,1.735e-25,,4.062e-19,5.735e-20,1.884e-38,7.189e+0,4.081e-17,3.619e-10,5.382e-2,,2.922e-1,7.428e-22,3.330e-17,3.161e-20,6.470e-29,1.040e-19,9.924e-23,5.354e-1,2.736e-2,2.549e+0,3.945e-10,1.600e-19,1.868e+1,5.517e-2,5.766e-19,1.069e-9,5.342e-4,,1.456e-17,,,3.254e-19,,5.447e-19,,8.167e-19,,3.858e-4,,1.622e-17,,3.867e-19,1.595e-16
477.39,2.995e+1,3.501e-2,3.839e-23,1.689e-43,9.217e-20,,,5.936e-19,2.677e-22,,3.202e-15,4.711e-18,2.108e-28,1.012e-17,6.284e-20,1.790e-25,6.447e-21,1.740e-25,,4.075e-19,5.737e-20,1.895e-38,8.051e+0,4.066e-17,2.800e-10,4.581e-2,,2.608e-1,7.432e-22,3.332e-17,3.162e-20,6.471e-29,1.040e-19,9.926e-23,6.371e-1,3.775e-2,2.406e+0,2.085e-10,1.603e-19,1.844e+1,4.172e-2,5.783e-19,1.918e-9,3.800e-4,,1.452e-17,,,3.246e-19,,5.446e-19,,8.166e-19,,2.716e-4,,1.622e-17,,3.823e-19,1.595e-16
477.41,3.030e+1,3.368e-2,6.155e-23,1.688e-43,9.225e-20,,,5.941e-19,2.680e-22,,3.202e-15,4.708e-18,2.107e-28,1.012e-17,6.302e-20,2.775e-25,6.447e-21,1.744e-25,,4.084e-19,5.739e-20,1.902e-38,8.649e+0,4.055e-17,2.350e-10,4.100e-2,,2.451e-1,7.435e-22,3.334e-17,3.162e-20,6.471e-29,1.041e-19,9.926e-23,7.134e-1,4.660e-2,2.314e+0,1.358e-10,1.605e-19,1.822e+1,3.448e-2,5.794e-19,2.820e-9,3.015e-4,,1.449e-17,,,3.240e-19,,5.446e-19,,8.166e-19,,2.141e-4,,1.621e-17,,3.794e-19,1.596e-16
477.44,3.079e+1,3.158e-2,1.242e-22,1.688e-43,9.237e-20,,,5.949e-19,2.684e-22,,3.201e-15,4.704e-18,2.104e-28,1.012e-17,6.327e-20,5.322e-25,6.445e-21,1.749e-25,,4.097e-19,5.741e-20,1.912e-38,9.571e+0,4.040e-17,1.795e-10,3.454e-2,,2.295e-1,7.440e-22,3.336e-17,3.163e-20,6.472e-29,1.041e-19,9.928e-23,8.412e-1,6.349e-2,2.182e+0,7.086e-11,1.608e-19,1.781e+1,2.574e-2,5.810e-19,4.999e-9,2.118e-4,,1.445e-17,,,3.232e-19,,5.445e-19,,8.165e-19,,1.488e-4,,1.621e-17,,3.749e-19,1.596e-16
477.46,3.110e+1,3.013e-2,1.974e-22,1.687e-43,9.245e-20,,,5.955e-19,2.687e-22,,3.201e-15,4.701e-18,2.102e-28,1.012e-17,6.345e-20,8.182e-25,6.445e-21,1.752e-25,,4.106e-19,5.743e-20,1.919e-38,1.020e+1,4.029e-17,1.493e-10,3.071e-2,,2.242e-1,7.443e-22,3.337e-17,3.164e-20,6.472e-29,1.041e-19,9.929e-23,9.357e-1,7.770e-2,2.098e+0,4.575e-11,1.611e-19,1.749e+1,2.110e-2,5.821e-19,7.291e-9,1.666e-4,,1.442e-17,,,3.227e-19,,5.444e-19,,8.164e-19,,1.163e-4,,1.621e-17,,3.720e-19,1.596e-16
477.49,3.154e+1,2.790e-2,3.933e-22,1.686e-43,9.256e-20,,,5.963e-19,2.692e-22,,3.201e-15,4.697e-18,2.100e-28,1.012e-17,6.370e-20,1.550e-24,6.444e-21,1.757e-25,,4.119e-19,5.745e-20,1.929e-38,1.115e+1,4.014e-17,1.126e-10,2.562e-2,,2.238e-1,7.448e-22,3.340e-17,3.164e-20,6.473e-29,1.041e-19,9.930e-23,1.092e+0,1.046e-1,1.977e+0,2.359e-11,1.614e-19,1.692e+1,1.555e-2,5.838e-19,1.276e-8,1.156e-4,,1.438e-17,,,3.218e-19,,5.443e-19,,8.164e-19,,7.985e-5,,1.620e-17,,3.676e-19,1.597e-16
477.51,3.180e+1,2.640e-2,6.201e-22,1.685e-43,9.264e-20,,,5.968e-19,2.695e-22,,3.200e-15,4.694e-18,2.098e-28,1.012e-17,6.388e-20,2.363e-24,6.443e-21,1.761e-25,,4.127e-19,5.747e-20,1.936e-38,1.178e+1,4.004e-17,9.295e-11,2.264e-2,,2.286e-1,7.451e-22,3.341e-17,3.165e-20,6.473e-29,1.041e-19,9.931e-23,1.206e+0,1.269e-1,1.901e+0,1.511e-11,1.616e-19,1.650e+1,1.264e-2,5.849e-19,1.846e-8,9.016e-5,,1.435e-17,,,3.213e-19,,5.443e-19,,8.163e-19,,6.188e-5,,1.620e-17,,3.646e-19,1.597e-16
477.54,3.216e+1,2.414e-2,1.220e-21,1.685e-43,9.276e-20,,,5.976e-19,2.699e-22,,3.200e-15,4.690e-18,2.096e-28,1.011e-17,6.413e-20,4.420e-24,6.442e-21,1.766e-25,,4.140e-19,5.749e-20,1.947e-38,1.272e+1,3.988e-17,6.923e-11,1.875e-2,,2.432e-1,7.455e-22,3.343e-17,3.166e-20,6.474e-29,1.041e-19,9.932e-23,1.391e+0,1.686e-1,1.791e+0,7.726e-12,1.619e-19,1.580e+1,9.200e-3,5.866e-19,3.191e-8,6.174e-5,,1.431e-17,,,3.205e-19,,5.442e-19,,8.162e-19,,4.195e-5,,1.619e-17,,3.602e-19,1.597e-16
477.56,3.238e+1,2.264e-2,1.908e-21,1.684e-43,9.284e-20,,,5.982e-19,2.702e-22,,3.200e-15,4.687e-18,2.094e-28,1.011e-17,6.430e-20,6.683e-24,6.441e-21,1.770e-25,,4.149e-19,5.751e-20,1.954e-38,1.333e+1,3.978e-17,5.664e-11,1.651e-2,,2.579e-1,7.459e-22,3.345e-17,3.166e-20,6.474e-29,1.042e-19,9.933e-23,1.525e+0,2.030e-1,1.721e+0,4.952e-12,1.621e-19,1.529e+1,7.414e-3,5.877e-19,4.577e-8,4.777e-5,,1.428e-17,,,3.199e-19,,5.442e-19,,8.162e-19,,3.223e-5,,1.619e-17,,3.572e-19,1.597e-16
477.59,3.265e+1,2.045e-2,3.708e-21,1.683e-43,9.296e-20,,,5.990e-19,2.707e-22,,3.199e-15,4.683e-18,2.091e-28,1.011e-17,6.456e-20,1.235e-23,6.440e-21,1.775e-25,,4.162e-19,5.753e-20,1.964e-38,1.421e+1,3.962e-17,4.166e-11,1.364e-2,,2.876e-1,7.463e-22,3.347e-17,3.167e-20,6.475e-29,1.042e-19,9.935e-23,1.739e+0,2.664e-1,1.622e+0,2.610e-12,1.625e-19,1.449e+1,5.329e-3,5.893e-19,7.815e-8,3.230e-5,,1.423e-17,,,3.191e-19,,5.441e-19,,8.161e-19,,2.157e-5,,1.618e-17,,3.528e-19,1.598e-16
477.61,3.281e+1,1.902e-2,5.750e-21,1.682e-43,9.304e-20,,,5.995e-19,2.710e-22,,3.199e-15,4.680e-18,2.090e-28,1.011e-17,6.473e-20,1.851e-23,6.439e-21,1.778e-25,,4.170e-19,5.755e-20,1.971e-38,1.477e+1,3.952e-17,3.380e-11,1.203e-2,,3.126e-1,7.466e-22,3.349e-17,3.167e-20,6.475e-29,1.042e-19,9.936e-23,1.892e+0,3.179e-1,1.559e+0,1.798e-12,1.627e-19,1.392e+1,4.258e-3,5.904e-19,1.112e-7,2.478e-5,,1.420e-17,,,3.186e-19,,5.440e-19,,8.161e-19,,1.644e-5,,1.618e-17,,3.499e-19,1.598e-16
477.64,3.299e+1,1.696e-2,1.104e-20,1.682e-43,9.316e-20,,,6.003e-19,2.714e-22,,3.198e-15,4.676e-18,2.087e-28,1.011e-17,6.499e-20,3.378e-23,6.438e-21,1.783e-25,,4.183e-19,5.757e-20,1.981e-38,1.555e+1,3.937e-17,2.455e-11,1.003e-2,,3.577e-1,7.471e-22,3.351e-17,3.168e-20,6.476e-29,1.042e-19,9.937e-23,2.134e+0,4.120e-1,1.469e+0,1.279e-12,1.630e-19,1.304e+1,3.022e-3,5.921e-19,1.875e-7,1.654e-5,,1.416e-17,,,3.177e-19,,5.439e-19,,8.160e-19,,1.086e-5,,1.617e-17,,3.454e-19,1.598e-16
477.66,3.308e+1,1.565e-2,1.697e-20,1.681e-43,9.324e-20,,,6.008e-19,2.717e-22,,3.198e-15,4.673e-18,2.085e-28,1.011e-17,6.516e-20,5.024e-23,6.438e-21,1.787e-25,,4.192e-19,5.758e-20,1.988e-38,1.602e+1,3.926e-17,1.975e-11,8.963e-3,,3.930e-1,7.474e-22,3.352e-17,3.169e-20,6.476e-29,1.042e-19,9.938e-23,2.304e+0,4.877e-1,1.411e+0,1.289e-12,1.632e-19,1.244e+1,2.395e-3,5.932e-19,2.645e-7,1.259e-5,,1.413e-17,,,3.172e-19,,5.439e-19,,8.159e-19,,8.208e-6,,1.617e-17,,3.425e-19,1.598e-16
477.69,3.318e+1,1.378e-2,3.218e-20,1.680e-43,9.336e-20,,,6.016e-19,2.721e-22,,3.198e-15,4.669e-18,2.083e-28,1.011e-17,6.542e-20,9.054e-23,6.437e-21,1.792e-25,,4.205e-19,5.761e-20,1.999e-38,1.666e+1,3.911e-17,1.416e-11,7.731e-3,,4.539e-1,7.479e-22,3.355e-17,3.169e-20,6.476e-29,1.042e-19,9.939e-23,2.571e+0,6.242e-1,1.329e+0,1.833e-12,1.635e-19,1.152e+1,1.678e-3,5.949e-19,4.404e-7,8.297e-6,,1.409e-17,,,3.164e-19,,5.438e-19,,8.159e-19,,5.357e-6,,1.616e-17,,3.381e-19,1.599e-16
477.71,3.321e+1,1.260e-2,4.908e-20,1.679e-43,9.344e-20,,,6.022e-19,2.724e-22,,3.197e-15,4.666e-18,2.081e-28,1.011e-17,6.559e-20,1.335e-22,6.436e-21,1.795e-25,,4.214e-19,5.762e-20,2.006e-38,1.703e+1,3.900e-17,1.130e-11,7.148e-3,,4.998e-1,7.482e-22,3.356e-17,3.170e-20,6.477e-29,1.043e-19,9.940e-23,2.756e+0,7.328e-1,1.277e+0,2.647e-12,1.638e-19,1.090e+1,1.319e-3,5.960e-19,6.162e-7,6.259e-6,,1.406e-17,,,3.158e-19,,5.438e-19,,8.158e-19,,4.013e-6,,1.616e-17,,3.351e-19,1.599e-16
477.73,3.323e+1,1.149e-2,7.461e-20,1.679e-43,9.351e-20,,,6.027e-19,2.727e-22,,3.197e-15,4.663e-18,2.079e-28,1.011e-17,6.577e-20,1.963e-22,6.435e-21,1.799e-25,,4.222e-19,5.764e-20,2.013e-38,1.735e+1,3.890e-17,8.982e-12,6.752e-3,,5.500e-1,7.485e-22,3.357e-17,3.170e-20,6.477e-29,1.043e-19,9.941e-23,2.946e+0,8.573e-1,1.227e+0,3.992e-12,1.640e-19,1.028e+1,1.033e-3,5.971e-19,8.592e-7,4.705e-6,,1.403e-17,,,3.153e-19,,5.437e-19,,8.158e-19,,2.997e-6,,1.616e-17,,3.322e-19,1.599e-16
477.76,3.321e+1,9.940e-3,1.390e-19,1.678e-43,9.363e-20,,,6.035e-19,2.732e-22,,3.197e-15,4.659e-18,2.077e-28,1.011e-17,6.602e-20,3.476e-22,6.434e-21,1.804e-25,,4.235e-19,5.766e-20,2.023e-38,1.772e+1,3.875e-17,6.328e-12,6.506e-3,,6.331e-1,7.490e-22,3.360e-17,3.171e-20,6.478e-29,1.043e-19,9.942e-23,3.239e+0,1.078e+0,1.155e+0,7.595e-12,1.643e-19,9.367e+0,7.110e-4,5.987e-19,1.406e-6,3.047e-6,,1.399e-17,,,3.145e-19,,5.436e-19,,8.157e-19,,1.921e-6,,1.615e-17,,3.277e-19,1.600e-16
477.78,3.317e+1,8.987e-3,2.096e-19,1.677e-43,9.371e-20,,,6.041e-19,2.735e-22,,3.196e-15,4.656e-18,2.075e-28,1.011e-17,6.620e-20,5.067e-22,6.434e-21,1.808e-25,,4.244e-19,5.768e-20,2.030e-38,1.790e+1,3.864e-17,4.989e-12,6.580e-3,,6.937e-1,7.493e-22,3.361e-17,3.172e-20,6.478e-29,1.043e-19,9.943e-23,3.438e+0,1.251e+0,1.109e+0,1.171e-11,1.645e-19,8.769e+0,5.521e-4,5.998e-19,1.944e-6,2.272e-6,,1.396e-17,,,3.139e-19,,5.436e-19,,8.156e-19,,1.422e-6,,1.615e-17,,3.248e-19,1.600e-16
477.81,3.310e+1,7.677e-3,3.855e-19,1.676e-43,9.383e-20,,,6.049e-19,2.739e-22,,3.196e-15,4.652e-18,2.073e-28,1.011e-17,6.645e-20,8.862e-22,6.432e-21,1.813e-25,,4.257e-19,5.770e-20,2.040e-38,1.806e+1,3.849e-17,3.470e-12,7.066e-3,,7.920e-1,7.497e-22,3.363e-17,3.172e-20,6.479e-29,1.043e-19,9.945e-23,3.742e+0,1.553e+0,1.042e+0,2.234e-11,1.648e-19,7.894e+0,3.753e-4,6.015e-19,3.143e-6,1.453e-6,,1.392e-17,,,3.131e-19,,5.435e-19,,8.156e-19,,9.004e-7,,1.614e-17,,3.204e-19,1.600e-16
477.83,3.303e+1,6.883e-3,5.765e-19,1.676e-43,9.391e-20,,,6.054e-19,2.742e-22,,3.196e-15,4.649e-18,2.071e-28,1.011e-17,6.662e-20,1.281e-21,6.432e-21,1.816e-25,,4.266e-19,5.772e-20,2.047e-38,1.809e+1,3.838e-17,2.713e-12,7.655e-3,,8.622e-1,7.500e-22,3.365e-17,3.173e-20,6.479e-29,1.043e-19,9.945e-23,3.947e+0,1.787e+0,1.000e+0,3.425e-11,1.651e-19,7.331e+0,2.890e-4,6.026e-19,4.310e-6,1.074e-6,,1.389e-17,,,3.125e-19,,5.434e-19,,8.155e-19,,6.611e-7,,1.614e-17,,3.174e-19,1.600e-16
477.86,3.292e+1,5.806e-3,1.048e-18,1.675e-43,9.403e-20,,,6.062e-19,2.746e-22,,3.195e-15,4.645e-18,2.069e-28,1.011e-17,6.688e-20,2.213e-21,6.431e-21,1.821e-25,,4.279e-19,5.774e-20,2.058e-38,1.802e+1,3.823e-17,1.864e-12,8.979e-3,,9.742e-1,7.505e-22,3.367e-17,3.174e-20,6.480e-29,1.044e-19,9.947e-23,4.255e+0,2.192e+0,9.389e-1,6.463e-11,1.654e-19,6.521e+0,1.940e-4,6.043e-19,6.879e-6,6.782e-7,,1.384e-17,,,3.117e-19,,5.434e-19,,8.154e-19,,4.132e-7,,1.613e-17,,3.130e-19,1.601e-16
477.88,3.284e+1,5.162e-3,1.553e-18,1.674e-43,9.411e-20,,,6.067e-19,2.749e-22,,3.195e-15,4.642e-18,2.067e-28,1.011e-17,6.705e-20,3.173e-21,6.430e-21,1.825e-25,,4.287e-19,5.776e-20,2.065e-38,1.790e+1,3.813e-17,1.445e-12,1.018e-2,,1.053e+0,7.508e-22,3.369e-17,3.174e-20,6.480e-29,1.044e-19,9.948e-23,4.461e+0,2.501e+0,8.998e-1,9.831e-11,1.656e-19,6.007e+0,1.481e-4,6.054e-19,9.356e-6,4.971e-7,,1.382e-17,,,3.112e-19,,5.433e-19,,8.154e-19,,3.008e-7,,1.613e-17,,3.101e-19,1.601e-16
477.91,3.272e+1,4.300e-3,2.788e-18,1.673e-43,9.423e-20,,,6.075e-19,2.754e-22,,3.194e-15,4.638e-18,2.064e-28,1.011e-17,6.731e-20,5.413e-21,6.429e-21,1.830e-25,,4.300e-19,5.778e-20,2.075e-38,1.761e+1,3.797e-17,9.800e-13,1.254e-2,,1.176e+0,7.513e-22,3.371e-17,3.175e-20,6.481e-29,1.044e-19,9.949e-23,4.767e+0,3.030e+0,8.433e-1,1.833e-10,1.659e-19,5.279e+0,9.819e-5,6.070e-19,1.475e-5,3.099e-7,,1.377e-17,,,3.104e-19,,5.432e-19,,8.153e-19,,1.857e-7,,1.612e-17,,3.056e-19,1.601e-16
477.93,3.265e+1,3.791e-3,4.100e-18,1.673e-43,9.431e-20,,,6.081e-19,2.757e-22,,3.194e-15,4.635e-18,2.063e-28,1.011e-17,6.748e-20,7.697e-21,6.428e-21,1.833e-25,,4.309e-19,5.780e-20,2.082e-38,1.734e+1,3.787e-17,7.534e-13,1.452e-2,,1.261e+0,7.516e-22,3.372e-17,3.175e-20,6.481e-29,1.044e-19,9.950e-23,4.969e+0,3.428e+0,8.070e-1,2.765e-10,1.661e-19,4.824e+0,7.434e-5,6.081e-19,1.989e-5,2.253e-7,,1.374e-17,,,3.098e-19,,5.432e-19,,8.152e-19,,1.340e-7,,1.612e-17,,3.027e-19,1.602e-16
477.96,3.257e+1,3.118e-3,7.266e-18,1.672e-43,9.443e-20,,,6.089e-19,2.761e-22,,3.194e-15,4.631e-18,2.060e-28,1.011e-17,6.774e-20,1.297e-20,6.427e-21,1.839e-25,,4.322e-19,5.782e-20,2.092e-38,1.685e+1,3.771e-17,5.046e-13,1.820e-2,,1.392e+0,7.521e-22,3.375e-17,3.176e-20,6.482e-29,1.044e-19,9.951e-23,5.267e+0,4.101e+0,7.545e-1,5.091e-10,1.665e-19,4.188e+0,4.866e-5,6.098e-19,3.097e-5,1.387e-7,,1.370e-17,,,3.090e-19,,5.431e-19,,8.152e-19,,8.169e-8,,1.611e-17,,2.983e-19,1.602e-16
477.98,3.254e+1,2.726e-3,1.060e-17,1.671e-43,9.451e-20,,,6.094e-19,2.764e-22,,3.193e-15,4.628e-18,2.058e-28,1.011e-17,6.791e-20,1.829e-20,6.426e-21,1.842e-25,,4.330e-19,5.784e-20,2.099e-38,1.646e+1,3.761e-17,3.847e-13,2.119e-2,,1.480e+0,7.524e-22,3.376e-17,3.177e-20,6.482e-29,1.045e-19,9.952e-23,5.463e+0,4.601e+0,7.208e-1,7.616e-10,1.667e-19,3.795e+0,3.653e-5,6.109e-19,4.143e-5,9.996e-8,,1.367e-17,,,3.084e-19,,5.430e-19,,8.151e-19,,5.847e-8,,1.611e-17,,2.953e-19,1.602e-16
478.01,3.255e+1,2.214e-3,1.855e-17,1.670e-43,9.462e-20,,,6.102e-19,2.768e-22,,3.193e-15,4.624e-18,2.056e-28,1.011e-17,6.817e-20,3.043e-20,6.425e-21,1.847e-25,,4.343e-19,5.786e-20,2.110e-38,1.579e+1,3.745e-17,2.545e-13,2.658e-2,,1.614e+0,7.528e-22,3.378e-17,3.177e-20,6.482e-29,1.045e-19,9.954e-23,5.749e+0,5.435e+0,6.720e-1,1.385e-9,1.670e-19,3.255e+0,2.361e-5,6.126e-19,6.370e-5,6.077e-8,,1.363e-17,,,3.076e-19,,5.429e-19,,8.150e-19,,3.519e-8,,1.610e-17,,2.909e-19,1.602e-16
478.03,3.258e+1,1.919e-3,2.684e-17,1.670e-43,9.470e-20,,,6.107e-19,2.771e-22,,3.193e-15,4.621e-18,2.054e-28,1.011e-17,6.834e-20,4.256e-20,6.425e-21,1.851e-25,,4.352e-19,5.788e-20,2.117e-38,1.530e+1,3.735e-17,1.925e-13,3.087e-2,,1.702e+0,7.531e-22,3.380e-17,3.178e-20,6.483e-29,1.045e-19,9.955e-23,5.935e+0,6.048e+0,6.406e-1,2.055e-9,1.672e-19,2.926e+0,1.758e-5,6.137e-19,8.451e-5,4.343e-8,,1.360e-17,,,3.071e-19,,5.429e-19,,8.150e-19,,2.498e-8,,1.610e-17,,2.879e-19,1.603e-16
478.06,3.270e+1,1.539e-3,4.640e-17,1.669e-43,9.482e-20,,,6.115e-19,2.776e-22,,3.192e-15,4.617e-18,2.052e-28,1.011e-17,6.860e-20,6.995e-20,6.424e-21,1.856e-25,,4.365e-19,5.790e-20,2.127e-38,1.449e+1,3.720e-17,1.260e-13,3.847e-2,,1.833e+0,7.536e-22,3.382e-17,3.179e-20,6.483e-29,1.045e-19,9.956e-23,6.207e+0,7.056e+0,5.953e-1,3.691e-9,1.675e-19,2.478e+0,1.122e-5,6.153e-19,1.283e-4,2.607e-8,,1.356e-17,,,3.063e-19,,5.428e-19,,8.149e-19,,1.484e-8,,1.610e-17,,2.835e-19,1.603e-16
478.08,3.283e+1,1.323e-3,6.656e-17,1.668e-43,9.490e-20,,,6.121e-19,2.779e-22,,3.192e-15,4.614e-18,2.050e-28,1.011e-17,6.877e-20,9.701e-20,6.423e-21,1.859e-25,,4.374e-19,5.791e-20,2.134e-38,1.392e+1,3.709e-17,9.477e-14,4.441e-2,,1.917e+0,7.539e-22,3.384e-17,3.179e-20,6.484e-29,1.045e-19,9.957e-23,6.383e+0,7.786e+0,5.662e-1,5.431e-9,1.678e-19,2.209e+0,8.280e-6,6.164e-19,1.688e-4,1.847e-8,,1.353e-17,,,3.057e-19,,5.428e-19,,8.149e-19,,1.044e-8,,1.609e-17,,2.806e-19,1.603e-16
478.1,3.300e+1,1.134e-3,9.516e-17,1.668e-43,9.498e-20,,,6.126e-19,2.782e-22,,3.192e-15,4.612e-18,2.048e-28,1.011e-17,6.895e-20,1.341e-19,6.422e-21,1.863e-25,,4.382e-19,5.793e-20,2.141e-38,1.333e+1,3.699e-17,7.123e-14,5.113e-2,,1.999e+0,7.542e-22,3.385e-17,3.180e-20,6.484e-29,1.045e-19,9.958e-23,6.555e+0,8.564e+0,5.379e-1,7.965e-9,1.680e-19,1.963e+0,6.091e-6,6.176e-19,2.214e-4,1.305e-8,,1.350e-17,,,3.052e-19,,5.427e-19,,8.148e-19,,7.327e-9,,1.609e-17,,2.776e-19,1.603e-16
478.13,3.334e+1,8.935e-4,1.617e-16,1.667e-43,9.510e-20,,,6.134e-19,2.786e-22,,3.191e-15,4.607e-18,2.046e-28,1.011e-17,6.920e-20,2.166e-19,6.421e-21,1.868e-25,,4.395e-19,5.795e-20,2.151e-38,1.241e+1,3.683e-17,4.661e-14,6.283e-2,,2.115e+0,7.547e-22,3.387e-17,3.180e-20,6.485e-29,1.046e-19,9.959e-23,6.805e+0,9.816e+0,4.973e-1,1.406e-8,1.683e-19,1.634e+0,3.819e-6,6.192e-19,3.303e-4,7.695e-9,,1.346e-17,,,3.043e-19,,5.426e-19,,8.147e-19,,4.277e-9,,1.608e-17,,2.732e-19,1.604e-16
478.15,3.362e+1,7.592e-4,2.293e-16,1.666e-43,9.518e-20,,,6.140e-19,2.789e-22,,3.191e-15,4.605e-18,2.044e-28,1.011e-17,6.937e-20,2.969e-19,6.420e-21,1.871e-25,,4.404e-19,5.797e-20,2.158e-38,1.178e+1,3.673e-17,3.547e-14,7.180e-2,,2.187e+0,7.550e-22,3.389e-17,3.181e-20,6.485e-29,1.046e-19,9.960e-23,6.966e+0,1.071e+1,4.713e-1,2.045e-8,1.685e-19,1.440e+0,2.786e-6,6.203e-19,4.296e-4,5.388e-9,,1.343e-17,,,3.038e-19,,5.426e-19,,8.147e-19,,2.975e-9,,1.608e-17,,2.702e-19,1.604e-16
478.18,3.414e+1,5.908e-4,3.847e-16,1.665e-43,9.530e-20,,,6.148e-19,2.793e-22,,3.191e-15,4.601e-18,2.041e-28,1.011e-17,6.963e-20,4.736e-19,6.419e-21,1.877e-25,,4.417e-19,5.799e-20,2.169e-38,1.083e+1,3.658e-17,2.445e-14,8.722e-2,,2.285e+0,7.555e-22,3.391e-17,3.182e-20,6.486e-29,1.046e-19,9.961e-23,7.200e+0,1.212e+1,4.340e-1,3.565e-8,1.688e-19,1.184e+0,1.725e-6,6.220e-19,6.331e-4,3.138e-9,,1.338e-17,,,3.030e-19,,5.425e-19,,8.146e-19,,1.715e-9,,1.607e-17,,2.658e-19,1.604e-16
478.2,3.454e+1,4.977e-4,5.410e-16,1.665e-43,9.538e-20,,,6.153e-19,2.796e-22,,3.190e-15,4.598e-18,2.040e-28,1.011e-17,6.980e-20,6.439e-19,6.419e-21,1.880e-25,,4.426e-19,5.801e-20,2.176e-38,1.019e+1,3.647e-17,2.001e-14,9.890e-2,,2.343e+0,7.558e-22,3.392e-17,3.182e-20,6.486e-29,1.046e-19,9.962e-23,7.352e+0,1.311e+1,4.103e-1,5.142e-8,1.691e-19,1.035e+0,1.248e-6,6.231e-19,8.164e-4,2.179e-9,,1.336e-17,,,3.024e-19,,5.424e-19,,8.146e-19,,1.183e-9,,1.607e-17,,2.629e-19,1.605e-16
478.23,3.523e+1,3.825e-4,8.966e-16,1.664e-43,9.550e-20,,,6.161e-19,2.801e-22,,3.190e-15,4.594e-18,2.037e-28,1.011e-17,7.006e-20,1.014e-18,6.418e-21,1.885e-25,,4.438e-19,5.803e-20,2.186e-38,9.253e+0,3.632e-17,1.674e-14,1.187e-1,,2.417e+0,7.562e-22,3.395e-17,3.183e-20,6.487e-29,1.046e-19,9.964e-23,7.571e+0,1.466e+1,3.766e-1,8.854e-8,1.694e-19,8.404e-1,7.629e-7,6.248e-19,1.188e-3,1.253e-9,,1.331e-17,,,3.016e-19,,5.424e-19,,8.145e-19,,6.745e-10,,1.606e-17,,2.584e-19,1.605e-16
478.25,3.575e+1,3.195e-4,1.250e-15,1.663e-43,9.557e-20,,,6.166e-19,2.804e-22,,3.190e-15,4.591e-18,2.036e-28,1.011e-17,7.023e-20,1.368e-18,6.417e-21,1.889e-25,,4.447e-19,5.805e-20,2.193e-38,8.638e+0,3.621e-17,1.653e-14,1.336e-1,,2.458e+0,7.566e-22,3.396e-17,3.183e-20,6.487e-29,1.046e-19,9.965e-23,7.713e+0,1.572e+1,3.553e-1,1.267e-7,1.696e-19,7.285e-1,5.472e-7,6.259e-19,1.520e-3,8.627e-10,,1.328e-17,,,3.011e-19,,5.423e-19,,8.144e-19,,4.625e-10,,1.606e-17,,2.555e-19,1.605e-16
478.28,3.659e+1,2.425e-4,2.047e-15,1.662e-43,9.569e-20,,,6.174e-19,2.808e-22,,3.189e-15,4.587e-18,2.033e-28,1.011e-17,7.049e-20,2.128e-18,6.416e-21,1.894e-25,,4.460e-19,5.807e-20,2.204e-38,7.744e+0,3.606e-17,1.904e-14,1.585e-1,,2.505e+0,7.570e-22,3.398e-17,3.184e-20,6.488e-29,1.047e-19,9.966e-23,7.918e+0,1.736e+1,3.253e-1,2.154e-7,1.699e-19,5.842e-1,3.303e-7,6.275e-19,2.185e-3,4.898e-10,,1.324e-17,,,3.002e-19,,5.422e-19,,8.144e-19,,2.628e-10,,1.606e-17,,2.511e-19,1.605e-16
478.3,3.719e+1,2.009e-4,2.831e-15,1.662e-43,9.577e-20,,,6.180e-19,2.811e-22,,3.189e-15,4.584e-18,2.031e-28,1.011e-17,7.066e-20,2.846e-18,6.415e-21,1.897e-25,,4.469e-19,5.809e-20,2.210e-38,7.169e+0,3.596e-17,2.273e-14,1.769e-1,,2.526e+0,7.573e-22,3.400e-17,3.185e-20,6.488e-29,1.047e-19,9.967e-23,8.049e+0,1.846e+1,3.067e-1,3.056e-7,1.701e-19,5.021e-1,2.350e-7,6.286e-19,2.771e-3,3.345e-10,,1.321e-17,,,2.997e-19,,5.422e-19,,8.143e-19,,1.815e-10,,1.605e-17,,4.264e-19,1.606e-16
478.33,3.814e+1,1.505e-4,4.576e-15,1.661e-43,9.589e-20,,,6.188e-19,2.816e-22,,3.188e-15,4.580e-18,2.029e-28,1.011e-17,7.092e-20,4.373e-18,6.414e-21,1.902e-25,,4.482e-19,5.811e-20,2.221e-38,6.346e+0,3.580e-17,3.193e-14,2.074e-1,,2.542e+0,7.578e-22,3.402e-17,3.185e-20,6.488e-29,1.047e-19,9.968e-23,8.238e+0,2.013e+1,2.808e-1,5.132e-7,1.705e-19,3.976e-1,1.401e-7,6.303e-19,3.934e-3,1.875e-10,,1.317e-17,,,2.989e-19,,5.421e-19,,8.142e-19,,1.085e-10,,1.605e-17,,9.381e-19,1.606e-16
478.35,3.880e+1,1.237e-4,6.277e-15,1.660e-43,9.597e-20,,,6.193e-19,2.819e-22,,3.188e-15,4.577e-18,2.027e-28,1.011e-17,7.109e-20,5.798e-18,6.413e-21,1.906e-25,,4.490e-19,5.813e-20,2.228e-38,5.826e+0,3.570e-17,4.111e-14,2.297e-1,,2.542e+0,7.581e-22,3.404e-17,3.186e-20,6.489e-29,1.047e-19,9.969e-23,8.357e+0,2.123e+1,2.649e-1,7.221e-7,1.707e-19,3.390e-1,9.878e-8,6.314e-19,4.948e-3,1.269e-10,,1.314e-17,,,2.983e-19,,5.420e-19,,8.142e-19,,8.215e-11,,1.604e-17,,1.580e-18,1.606e-16
478.38,3.979e+1,9.150e-5,1.002e-14,1.659e-43,9.609e-20,,,6.201e-19,2.823e-22,,3.188e-15,4.573e-18,2.025e-28,1.011e-17,7.135e-20,8.800e-18,6.412e-21,1.911e-25,,4.503e-19,5.815e-20,2.238e-38,5.093e+0,3.554e-17,6.097e-14,2.661e-1,,2.526e+0,7.586e-22,3.406e-17,3.187e-20,6.489e-29,1.047e-19,9.970e-23,8.525e+0,2.286e+1,2.433e-1,1.198e-6,1.710e-19,2.651e-1,5.814e-8,6.331e-19,6.937e-3,7.028e-11,,1.310e-17,,,2.975e-19,,5.420e-19,,8.141e-19,,6.612e-11,,1.604e-17,,3.433e-18,1.607e-16
478.4,4.044e+1,7.454e-5,1.363e-14,1.659e-43,9.617e-20,,,6.207e-19,2.826e-22,,3.187e-15,4.570e-18,2.023e-28,1.011e-17,7.152e-20,1.157e-17,6.412e-21,1.915e-25,,4.512e-19,5.817e-20,2.245e-38,4.637e+0,3.544e-17,7.956e-14,2.924e-1,,2.505e+0,7.589e-22,3.407e-17,3.187e-20,6.490e-29,1.047e-19,9.971e-23,8.629e+0,2.392e+1,2.304e-1,1.672e-6,1.712e-19,2.241e-1,4.066e-8,6.342e-19,8.654e-3,4.718e-11,,1.307e-17,,,2.970e-19,,5.419e-19,,8.141e-19,,6.871e-11,,1.603e-17,,5.736e-18,1.607e-16
478.43,4.139e+1,5.446e-5,2.150e-14,1.658e-43,9.629e-20,,,6.215e-19,2.830e-22,,3.187e-15,4.566e-18,2.020e-28,1.011e-17,7.178e-20,1.735e-17,6.411e-21,1.920e-25,,4.525e-19,5.819e-20,2.256e-38,4.003e+0,3.528e-17,1.184e-13,3.349e-1,,2.458e+0,7.594e-22,3.410e-17,3.188e-20,6.490e-29,1.048e-19,9.973e-23,8.770e+0,2.543e+1,2.134e-1,2.738e-6,1.715e-19,1.731e-1,2.363e-8,6.358e-19,1.198e-2,2.579e-11,,1.302e-17,,,2.961e-19,,5.418e-19,,8.140e-19,,9.319e-11,,1.603e-17,,1.231e-17,1.607e-16
478.45,4.199e+1,4.400e-5,2.900e-14,1.657e-43,9.637e-20,,,6.220e-19,2.833e-22,,3.187e-15,4.563e-18,2.019e-28,1.011e-17,7.195e-20,2.262e-17,6.410e-21,1.923e-25,,4.534e-19,5.821e-20,2.263e-38,3.614e+0,3.518e-17,1.540e-13,3.651e-1,,2.417e+0,7.597e-22,3.411e-17,3.188e-20,6.491e-29,1.048e-19,9.974e-23,8.854e+0,2.638e+1,2.035e-1,3.790e-6,1.718e-19,1.451e-1,1.639e-8,6.369e-19,1.482e-2,1.717e-11,,1.300e-17,,,2.956e-19,,5.418e-19,,8.139e-19,,1.264e-10,,1.602e-17,,2.040e-17,1.607e-16
478.48,4.282e+1,3.174e-5,4.517e-14,1.656e-43,9.649e-20,,,6.228e-19,2.838e-22,,3.186e-15,4.559e-18,2.016e-28,1.011e-17,7.221e-20,3.349e-17,6.409e-21,1.928e-25,,4.547e-19,5.823e-20,2.273e-38,3.081e+0,3.503e-17,2.272e-13,4.133e-1,,2.343e+0,7.601e-22,3.413e-17,3.189e-20,6.491e-29,1.048e-19,9.975e-23,8.961e+0,2.770e+1,1.912e-1,6.132e-6,1.721e-19,1.107e-1,9.405e-9,6.386e-19,2.027e-2,9.266e-12,,1.295e-17,,,2.948e-19,,5.417e-19,,8.139e-19,,2.132e-10,,1.602e-17,,4.323e-17,1.608e-16
478.5,4.331e+1,2.543e-5,6.044e-14,1.656e-43,9.657e-20,,,6.233e-19,2.841e-22,,3.186e-15,4.556e-18,2.014e-28,1.011e-17,7.238e-20,4.332e-17,6.408e-21,1.932e-25,,4.555e-19,5.824e-20,2.280e-38,2.758e+0,3.492e-17,2.933e-13,4.472e-1,,2.285e+0,7.604e-22,3.415e-17,3.190e-20,6.492e-29,1.048e-19,9.976e-23,9.018e+0,2.850e+1,1.845e-1,8.416e-6,1.723e-19,9.199e-2,6.468e-9,6.397e-19,2.487e-2,6.117e-12,,1.292e-17,,,2.942e-19,,5.416e-19,,8.138e-19,,3.069e-10,,1.602e-17,,7.105e-17,1.608e-16
478.52,4.373e+1,2.030e-5,8.059e-14,1.655e-43,9.664e-20,,,6.239e-19,2.844e-22,,3.186e-15,4.553e-18,2.013e-28,1.011e-17,7.255e-20,5.585e-17,6.407e-21,1.935e-25,,4.564e-19,5.826e-20,2.287e-38,2.461e+0,3.482e-17,3.774e-13,4.824e-1,,2.221e+0,7.607e-22,3.416e-17,3.190e-20,6.492e-29,1.048e-19,9.977e-23,9.063e+0,2.922e+1,1.791e-1,1.151e-5,1.725e-19,7.622e-2,4.433e-9,6.408e-19,3.041e-2,4.024e-12,,1.290e-17,,,2.937e-19,,5.416e-19,,8.138e-19,,4.434e-10,,1.601e-17,,1.164e-16,1.608e-16
478.55,4.424e+1,1.439e-5,1.233e-13,1.654e-43,9.676e-20,,,6.247e-19,2.848e-22,,3.185e-15,4.549e-18,2.010e-28,1.011e-17,7.281e-20,8.124e-17,6.406e-21,1.940e-25,,4.577e-19,5.828e-20,2.297e-38,2.062e+0,3.466e-17,5.476e-13,5.373e-1,,2.115e+0,7.612e-22,3.419e-17,3.191e-20,6.493e-29,1.048e-19,9.978e-23,9.105e+0,3.015e+1,1.733e-1,1.831e-5,1.728e-19,5.712e-2,2.499e-9,6.425e-19,4.087e-2,2.134e-12,,1.285e-17,,,2.929e-19,,5.415e-19,,8.137e-19,,7.689e-10,,1.601e-17,,2.424e-16,1.609e-16
478.57,4.448e+1,1.139e-5,1.631e-13,1.653e-43,9.684e-20,,,6.252e-19,2.851e-22,,3.185e-15,4.546e-18,2.008e-28,1.011e-17,7.298e-20,1.039e-16,6.406e-21,1.944e-25,,4.586e-19,5.830e-20,2.304e-38,1.824e+0,3.456e-17,6.989e-13,5.752e-1,,2.038e+0,7.615e-22,3.420e-17,3.192e-20,6.493e-29,1.049e-19,9.979e-23,9.115e+0,3.066e+1,1.709e-1,2.484e-5,1.731e-19,4.693e-2,1.698e-9,6.436e-19,4.956e-2,1.392e-12,,1.282e-17,,,2.923e-19,,5.414e-19,,8.136e-19,,1.107e-9,,1.600e-17,,3.938e-16,1.609e-16
478.6,4.467e+1,7.977e-6,2.466e-13,1.653e-43,9.696e-20,,,6.260e-19,2.855e-22,,3.185e-15,4.542e-18,2.006e-28,1.011e-17,7.324e-20,1.492e-16,6.405e-21,1.949e-25,,4.598e-19,5.832e-20,2.315e-38,1.509e+0,3.441e-17,1.002e-12,6.335e-1,,1.917e+0,7.620e-22,3.422e-17,3.192e-20,6.494e-29,1.049e-19,9.980e-23,9.099e+0,3.124e+1,1.697e-1,3.900e-5,1.734e-19,3.473e-2,9.456e-10,6.452e-19,6.578e-2,7.288e-13,,1.278e-17,,,2.915e-19,,5.414e-19,,8.136e-19,,1.901e-9,,1.600e-17,,8.103e-16,1.609e-16
478.62,4.468e+1,6.262e-6,3.234e-13,1.652e-43,9.704e-20,,,6.265e-19,2.858e-22,,3.184e-15,4.539e-18,2.004e-28,1.011e-17,7.341e-20,1.892e-16,6.404e-21,1.953e-25,,4.607e-19,5.834e-20,2.322e-38,1.324e+0,3.430e-17,1.268e-12,6.731e-1,,1.832e+0,7.623e-22,3.424e-17,3.193e-20,6.494e-29,1.049e-19,9.981e-23,9.068e+0,3.150e+1,1.703e-1,5.248e-5,1.736e-19,2.830e-2,6.372e-10,6.463e-19,7.911e-2,4.714e-13,,1.275e-17,,,2.909e-19,,5.413e-19,,8.135e-19,,2.716e-9,,1.599e-17,,1.305e-15,1.609e-16
478.65,4.450e+1,4.329e-6,4.828e-13,1.651e-43,9.716e-20,,,6.273e-19,2.863e-22,,3.184e-15,4.535e-18,2.002e-28,1.011e-17,7.367e-20,2.685e-16,6.403e-21,1.958e-25,,4.620e-19,5.836e-20,2.332e-38,1.081e+0,3.415e-17,1.795e-12,7.332e-1,,1.702e+0,7.628e-22,3.426e-17,3.194e-20,6.494e-29,1.049e-19,9.983e-23,8.988e+0,3.170e+1,1.732e-1,8.140e-5,1.739e-19,2.068e-2,3.503e-10,6.480e-19,1.037e-1,2.437e-13,,1.271e-17,,,2.901e-19,,5.412e-19,,8.134e-19,,4.609e-9,,1.599e-17,,2.653e-15,1.610e-16
478.67,4.426e+1,3.370e-6,6.281e-13,1.650e-43,9.724e-20,,,6.279e-19,2.866e-22,,3.184e-15,4.532e-18,2.000e-28,1.011e-17,7.384e-20,3.376e-16,6.402e-21,1.961e-25,,4.629e-19,5.838e-20,2.339e-38,9.411e-1,3.404e-17,2.253e-12,7.733e-1,,1.613e+0,7.631e-22,3.427e-17,3.194e-20,6.495e-29,1.049e-19,9.984e-23,8.912e+0,3.170e+1,1.764e-1,1.086e-4,1.741e-19,1.671e-2,2.341e-10,6.491e-19,1.237e-1,1.563e-13,,1.268e-17,,,2.896e-19,,5.412e-19,,8.134e-19,,6.532e-9,,1.598e-17,,4.239e-15,1.610e-16
478.7,4.369e+1,2.300e-6,9.260e-13,1.650e-43,9.736e-20,,,6.287e-19,2.870e-22,,3.183e-15,4.528e-18,1.997e-28,1.011e-17,7.410e-20,4.731e-16,6.401e-21,1.966e-25,,4.642e-19,5.840e-20,2.349e-38,7.591e-1,3.389e-17,3.150e-12,8.330e-1,,1.479e+0,7.635e-22,3.430e-17,3.195e-20,6.495e-29,1.050e-19,9.985e-23,8.764e+0,3.150e+1,1.831e-1,1.664e-4,1.745e-19,1.206e-2,1.271e-10,6.508e-19,1.601e-1,7.981e-14,,1.264e-17,,,2.888e-19,,5.411e-19,,8.133e-19,,1.095e-8,,1.598e-17,,8.510e-15,1.610e-16
478.72,4.319e+1,1.776e-6,1.195e-12,1.649e-43,9.744e-20,,,6.292e-19,2.873e-22,,3.183e-15,4.525e-18,1.996e-28,1.011e-17,7.427e-20,5.900e-16,6.400e-21,1.970e-25,,4.650e-19,5.842e-20,2.356e-38,6.550e-1,3.379e-17,3.921e-12,8.723e-1,,1.390e+0,7.638e-22,3.431e-17,3.195e-20,6.496e-29,1.050e-19,9.986e-23,8.642e+0,3.124e+1,1.886e-1,2.202e-4,1.747e-19,9.661e-3,8.419e-11,6.519e-19,1.894e-1,5.076e-14,,1.261e-17,,,2.882e-19,,5.410e-19,,8.133e-19,,1.539e-8,,1.598e-17,,1.349e-14,1.610e-16
478.75,4.224e+1,1.197e-6,1.740e-12,1.648e-43,9.756e-20,,,6.300e-19,2.877e-22,,3.182e-15,4.521e-18,1.993e-28,1.011e-17,7.453e-20,8.166e-16,6.399e-21,1.975e-25,,4.663e-19,5.844e-20,2.367e-38,5.218e-1,3.363e-17,5.414e-12,9.296e-1,,1.259e+0,7.643e-22,3.433e-17,3.196e-20,6.496e-29,1.050e-19,9.987e-23,8.425e+0,3.066e+1,1.983e-1,3.332e-4,1.750e-19,6.885e-3,4.513e-11,6.535e-19,2.421e-1,2.559e-14,,1.256e-17,,,2.874e-19,,5.410e-19,,8.132e-19,,2.550e-8,,1.597e-17,,2.674e-14,1.611e-16
478.77,4.149e+1,9.164e-7,2.226e-12,1.647e-43,9.763e-20,,,6.306e-19,2.880e-22,,3.182e-15,4.518e-18,1.992e-28,1.011e-17,7.470e-20,1.010e-15,6.399e-21,1.978e-25,,4.672e-19,5.846e-20,2.374e-38,4.465e-1,3.353e-17,6.685e-12,9.664e-1,,1.174e+0,7.646e-22,3.435e-17,3.197e-20,6.497e-29,1.050e-19,9.988e-23,8.258e+0,3.015e+1,2.056e-1,4.373e-4,1.752e-19,5.470e-3,2.965e-11,6.546e-19,2.840e-1,1.614e-14,,1.254e-17,,,2.868e-19,,5.409e-19,,8.131e-19,,3.555e-8,,1.597e-17,,4.202e-14,1.611e-16
478.8,4.020e+1,6.100e-7,3.201e-12,1.646e-43,9.775e-20,,,6.314e-19,2.885e-22,,3.182e-15,4.514e-18,1.989e-28,1.011e-17,7.496e-20,1.381e-15,6.398e-21,1.984e-25,,4.685e-19,5.848e-20,2.384e-38,3.513e-1,3.337e-17,9.115e-12,1.019e+0,,1.050e+0,7.651e-22,3.437e-17,3.197e-20,6.497e-29,1.050e-19,9.989e-23,7.978e+0,2.922e+1,2.177e-1,6.534e-4,1.755e-19,3.850e-3,1.569e-11,6.563e-19,3.586e-1,8.032e-15,,1.249e-17,,,2.860e-19,,5.408e-19,,8.131e-19,,5.816e-8,,1.596e-17,,8.229e-14,1.611e-16
478.82,3.924e+1,4.631e-7,4.061e-12,1.646e-43,9.783e-20,,,6.319e-19,2.888e-22,,3.181e-15,4.511e-18,1.987e-28,1.011e-17,7.513e-20,1.693e-15,6.397e-21,1.987e-25,,4.694e-19,5.850e-20,2.391e-38,2.982e-1,3.327e-17,1.116e-11,1.052e+0,,9.706e-1,7.654e-22,3.439e-17,3.198e-20,6.498e-29,1.050e-19,9.990e-23,7.771e+0,2.850e+1,2.264e-1,8.505e-4,1.758e-19,3.033e-3,1.022e-11,6.574e-19,4.171e-1,5.023e-15,,1.246e-17,,,2.855e-19,,5.408e-19,,8.130e-19,,8.043e-8,,1.596e-17,,1.283e-13,1.612e-16
478.85,3.766e+1,3.044e-7,5.769e-12,1.645e-43,9.795e-20,,,6.327e-19,2.892e-22,,3.181e-15,4.507e-18,1.985e-28,1.011e-17,7.539e-20,2.286e-15,6.396e-21,1.992e-25,,4.707e-19,5.852e-20,2.401e-38,2.317e-1,3.311e-17,1.503e-11,1.098e+0,,8.573e-1,7.659e-22,3.441e-17,3.199e-20,6.498e-29,1.051e-19,9.992e-23,7.436e+0,2.728e+1,2.400e-1,1.255e-3,1.761e-19,2.108e-3,5.343e-12,6.591e-19,5.201e-1,2.469e-15,,1.242e-17,,,2.847e-19,,5.407e-19,,8.129e-19,,1.300e-7,,1.595e-17,,2.481e-13,1.612e-16
478.87,3.654e+1,2.291e-7,7.259e-12,1.644e-43,9.803e-20,,,6.332e-19,2.895e-22,,3.181e-15,4.504e-18,1.983e-28,1.011e-17,7.556e-20,2.781e-15,6.395e-21,1.996e-25,,4.715e-19,5.854e-20,2.408e-38,1.951e-1,3.301e-17,1.825e-11,1.126e+0,,7.859e-1,7.662e-22,3.442e-17,3.199e-20,6.499e-29,1.051e-19,9.993e-23,7.198e+0,2.638e+1,2.495e-1,1.620e-3,1.763e-19,1.647e-3,3.452e-12,6.602e-19,6.001e-1,1.531e-15,,1.239e-17,,,2.841e-19,,5.406e-19,,8.129e-19,,1.783e-7,,1.595e-17,,3.835e-13,1.612e-16
478.89,3.536e+1,1.719e-7,9.105e-12,1.644e-43,9.811e-20,,,6.338e-19,2.898e-22,,3.180e-15,4.502e-18,1.981e-28,1.011e-17,7.573e-20,3.371e-15,6.394e-21,1.999e-25,,4.724e-19,5.855e-20,2.415e-38,1.638e-1,3.291e-17,2.209e-11,1.151e+0,,7.180e-1,7.665e-22,3.444e-17,3.200e-20,6.499e-29,1.051e-19,9.993e-23,6.950e+0,2.543e+1,2.591e-1,2.085e-3,1.765e-19,1.282e-3,2.223e-12,6.613e-19,6.900e-1,9.461e-16,,1.236e-17,,,2.836e-19,,5.406e-19,,8.128e-19,,2.438e-7,,1.594e-17,,5.910e-13,1.612e-16
478.92,3.353e+1,1.110e-7,1.271e-11,1.643e-43,9.823e-20,,,6.346e-19,2.902e-22,,3.180e-15,4.497e-18,1.979e-28,1.011e-17,7.599e-20,4.473e-15,6.393e-21,2.004e-25,,4.737e-19,5.857e-20,2.426e-38,1.254e-1,3.275e-17,2.924e-11,1.185e+0,,6.232e-1,7.670e-22,3.446e-17,3.200e-20,6.500e-29,1.051e-19,9.995e-23,6.563e+0,2.392e+1,2.738e-1,3.024e-3,1.768e-19,8.757e-4,1.141e-12,6.629e-19,8.455e-1,4.568e-16,,1.232e-17,,,2.827e-19,,5.405e-19,,8.127e-19,,3.874e-7,,1.594e-17,,1.123e-12,1.613e-16
478.94,3.228e+1,8.259e-8,1.581e-11,1.642e-43,9.831e-20,,,6.351e-19,2.905e-22,,3.180e-15,4.495e-18,1.977e-28,1.011e-17,7.616e-20,5.378e-15,6.393e-21,2.008e-25,,4.746e-19,5.859e-20,2.433e-38,1.046e-1,3.265e-17,3.510e-11,1.204e+0,,5.646e-1,7.673e-22,3.448e-17,3.201e-20,6.500e-29,1.051e-19,9.996e-23,6.297e+0,2.286e+1,2.835e-1,3.859e-3,1.771e-19,6.762e-4,7.287e-13,6.641e-19,9.642e-1,2.800e-16,,1.229e-17,,,2.822e-19,,5.404e-19,,8.127e-19,,5.253e-7,,1.594e-17,,1.717e-12,1.613e-16
478.97,3.039e+1,5.267e-8,2.179e-11,1.641e-43,9.843e-20,,,6.359e-19,2.910e-22,,3.179e-15,4.490e-18,1.975e-28,1.011e-17,7.642e-20,7.046e-15,6.392e-21,2.013e-25,,4.758e-19,5.861e-20,2.443e-38,7.948e-2,3.249e-17,4.587e-11,1.227e+0,,4.839e-1,7.677e-22,3.450e-17,3.202e-20,6.500e-29,1.051e-19,9.997e-23,5.893e+0,2.123e+1,2.982e-1,5.528e-3,1.774e-19,4.559e-4,3.694e-13,6.657e-19,1.167e+0,1.335e-16,,1.225e-17,,,2.814e-19,,5.404e-19,,8.126e-19,,8.245e-7,,1.593e-17,,3.223e-12,1.613e-16
478.99,2.913e+1,3.886e-8,2.688e-11,1.641e-43,9.851e-20,,,6.364e-19,2.913e-22,,3.179e-15,4.488e-18,1.973e-28,1.011e-17,7.659e-20,8.402e-15,6.391e-21,2.016e-25,,4.767e-19,5.863e-20,2.450e-38,6.618e-2,3.239e-17,5.461e-11,1.239e+0,,4.348e-1,7.680e-22,3.451e-17,3.202e-20,6.501e-29,1.052e-19,9.998e-23,5.623e+0,2.013e+1,3.078e-1,6.996e-3,1.776e-19,3.491e-4,2.339e-13,6.668e-19,1.320e+0,8.111e-17,,1.222e-17,,,2.808e-19,,5.403e-19,,8.126e-19,,1.109e-6,,1.593e-17,,4.886e-12,1.614e-16
479.02,2.726e+1,2.447e-8,3.660e-11,1.640e-43,9.863e-20,,,6.372e-19,2.917e-22,,3.179e-15,4.483e-18,1.970e-28,1.011e-17,7.685e-20,1.087e-14,6.390e-21,2.022e-25,,4.780e-19,5.865e-20,2.460e-38,5.051e-2,3.224e-17,7.049e-11,1.252e+0,,3.680e-1,7.685e-22,3.453e-17,3.203e-20,6.501e-29,1.052e-19,9.999e-23,5.220e+0,1.846e+1,3.220e-1,9.899e-3,1.779e-19,2.325e-4,1.171e-13,6.685e-19,1.577e+0,3.818e-17,,1.218e-17,,,2.800e-19,,5.402e-19,,8.125e-19,,1.720e-6,,1.592e-17,,9.060e-12,1.614e-16
479.04,2.605e+1,1.790e-8,4.478e-11,1.639e-43,9.870e-20,,,6.378e-19,2.920e-22,,3.178e-15,4.481e-18,1.969e-28,1.011e-17,7.702e-20,1.286e-14,6.389e-21,2.025e-25,,4.789e-19,5.867e-20,2.467e-38,4.249e-2,3.213e-17,8.322e-11,1.256e+0,,3.279e-1,7.688e-22,3.455e-17,3.203e-20,6.502e-29,1.052e-19,1.000e-22,4.958e+0,1.736e+1,3.313e-1,1.242e-2,3.022e-19,1.765e-4,7.351e-14,6.696e-19,1.769e+0,2.301e-17,,1.215e-17,,,2.795e-19,,5.402e-19,,8.124e-19,,2.295e-6,,1.592e-17,,1.362e-11,1.614e-16
479.07,2.431e+1,1.113e-8,6.022e-11,1.638e-43,9.882e-20,,,6.386e-19,2.925e-22,,3.178e-15,4.476e-18,1.966e-28,1.011e-17,7.728e-20,1.643e-14,6.388e-21,2.030e-25,,4.802e-19,5.869e-20,2.478e-38,3.355e-2,3.198e-17,1.061e-10,1.258e+0,,2.741e-1,7.693e-22,3.457e-17,3.204e-20,6.502e-29,1.052e-19,1.000e-22,4.576e+0,1.572e+1,3.451e-1,1.736e-2,6.648e-19,1.161e-4,3.633e-14,6.712e-19,2.088e+0,1.069e-17,,1.210e-17,,,2.786e-19,,5.401e-19,,8.124e-19,,3.515e-6,,1.591e-17,,2.495e-11,1.614e-16
479.09,2.321e+1,8.075e-9,7.306e-11,1.638e-43,9.890e-20,,,6.391e-19,2.928e-22,,3.177e-15,4.474e-18,1.964e-28,1.011e-17,7.745e-20,1.927e-14,6.387e-21,2.034e-25,,4.810e-19,5.871e-20,2.485e-38,2.939e-2,3.187e-17,1.242e-10,1.255e+0,,2.422e-1,7.696e-22,3.459e-17,3.205e-20,6.503e-29,1.052e-19,1.000e-22,4.332e+0,1.466e+1,3.542e-1,2.161e-2,1.120e-18,8.739e-5,2.262e-14,6.724e-19,2.322e+0,6.390e-18,,1.207e-17,,,2.781e-19,,5.400e-19,,8.123e-19,,4.651e-6,,1.591e-17,,3.719e-11,1.615e-16
479.12,2.168e+1,4.958e-9,9.703e-11,1.637e-43,9.902e-20,,,6.399e-19,2.932e-22,,3.177e-15,4.470e-18,1.962e-28,1.010e-17,7.771e-20,2.432e-14,6.386e-21,2.039e-25,,4.823e-19,5.873e-20,2.495e-38,2.555e-2,3.172e-17,1.564e-10,1.246e+0,,1.999e-1,7.701e-22,3.461e-17,3.205e-20,6.503e-29,1.052e-19,1.000e-22,3.988e+0,1.311e+1,3.678e-1,2.983e-2,2.433e-18,5.674e-5,1.104e-14,6.740e-19,2.707e+0,2.933e-18,,1.203e-17,,,2.773e-19,,5.400e-19,,8.122e-19,,7.039e-6,,1.590e-17,,6.728e-11,1.615e-16
479.14,2.073e+1,3.567e-9,1.168e-10,1.636e-43,9.910e-20,,,6.405e-19,2.935e-22,,3.177e-15,4.467e-18,1.960e-28,1.010e-17,7.788e-20,2.829e-14,6.386e-21,2.042e-25,,4.832e-19,5.875e-20,2.502e-38,2.449e-2,3.162e-17,1.816e-10,1.238e+0,,1.752e-1,7.704e-22,3.462e-17,3.206e-20,6.504e-29,1.053e-19,1.000e-22,3.775e+0,1.212e+1,3.769e-1,3.683e-2,4.065e-18,4.237e-5,6.815e-15,6.751e-19,2.986e+0,1.738e-18,,1.200e-17,,,2.767e-19,,5.399e-19,,8.122e-19,,9.240e-6,,1.590e-17,,9.948e-11,1.615e-16
479.17,1.946e+1,2.163e-9,1.531e-10,1.635e-43,9.922e-20,,,6.413e-19,2.939e-22,,3.176e-15,4.463e-18,1.958e-28,1.010e-17,7.814e-20,3.527e-14,6.385e-21,2.047e-25,,4.845e-19,5.877e-20,2.513e-38,2.508e-2,3.146e-17,2.258e-10,1.220e+0,,1.428e-1,7.708e-22,3.465e-17,3.207e-20,6.504e-29,1.053e-19,1.001e-22,3.483e+0,1.071e+1,3.911e-1,5.021e-2,8.725e-18,2.717e-5,3.285e-15,6.768e-19,3.438e+0,7.875e-19,,1.196e-17,,,2.759e-19,,5.398e-19,,8.121e-19,,1.381e-5,,1.589e-17,,1.778e-10,1.616e-16
479.19,1.871e+1,1.543e-9,1.828e-10,1.635e-43,9.930e-20,,,6.418e-19,2.942e-22,,3.176e-15,4.460e-18,1.956e-28,1.010e-17,7.831e-20,4.068e-14,6.384e-21,2.051e-25,,4.854e-19,5.879e-20,2.519e-38,2.696e-2,3.136e-17,2.601e-10,1.206e+0,,1.241e-1,7.711e-22,3.466e-17,3.207e-20,6.505e-29,1.053e-19,1.001e-22,3.308e+0,9.816e+0,4.009e-1,6.148e-2,1.446e-17,2.012e-5,2.011e-15,6.779e-19,3.761e+0,4.627e-19,,1.193e-17,,,2.754e-19,,5.398e-19,,8.121e-19,,1.799e-5,,1.589e-17,,2.607e-10,1.616e-16
479.22,1.773e+1,9.238e-10,2.368e-10,1.634e-43,9.942e-20,,,6.426e-19,2.947e-22,,3.176e-15,4.456e-18,1.953e-28,1.010e-17,7.857e-20,5.008e-14,6.383e-21,2.056e-25,,4.867e-19,5.881e-20,2.530e-38,3.222e-2,3.120e-17,3.194e-10,1.181e+0,,9.987e-2,7.716e-22,3.468e-17,3.208e-20,6.505e-29,1.053e-19,1.001e-22,3.080e+0,8.564e+0,4.166e-1,8.278e-2,3.065e-17,1.274e-5,9.569e-16,6.796e-19,4.277e+0,4.845e-19,,1.189e-17,,,2.745e-19,,5.397e-19,,8.120e-19,,2.656e-5,,1.588e-17,,4.601e-10,1.616e-16
479.24,1.719e+1,6.535e-10,2.802e-10,1.633e-43,9.950e-20,,,6.431e-19,2.950e-22,,3.175e-15,4.453e-18,1.952e-28,1.010e-17,7.874e-20,5.729e-14,6.382e-21,2.060e-25,,4.875e-19,5.883e-20,2.537e-38,3.754e-2,3.110e-17,3.648e-10,1.162e+0,,8.606e-2,7.719e-22,3.470e-17,3.208e-20,6.506e-29,1.053e-19,1.001e-22,2.950e+0,7.786e+0,4.280e-1,1.005e-1,5.037e-17,9.351e-6,5.808e-16,6.807e-19,4.640e+0,4.990e-19,,1.186e-17,,,2.740e-19,,5.396e-19,,8.119e-19,,3.431e-5,,1.588e-17,,6.691e-10,1.616e-16
479.26,1.674e+1,4.608e-10,3.305e-10,1.633e-43,9.958e-20,,,6.437e-19,2.953e-22,,3.175e-15,4.450e-18,1.950e-28,1.010e-17,7.891e-20,6.532e-14,6.381e-21,2.063e-25,,4.884e-19,5.884e-20,2.544e-38,4.452e-2,3.100e-17,4.152e-10,1.142e+0,,7.391e-2,7.722e-22,3.471e-17,3.209e-20,6.506e-29,1.053e-19,1.001e-22,2.841e+0,7.056e+0,4.401e-1,1.217e-1,8.251e-17,6.843e-6,3.513e-16,6.818e-19,5.017e+0,5.135e-19,,1.183e-17,,,2.735e-19,,5.396e-19,,8.119e-19,,4.416e-5,,1.588e-17,,9.700e-10,1.617e-16
479.29,1.622e+1,2.711e-10,4.208e-10,1.632e-43,9.969e-20,,,6.445e-19,2.957e-22,,3.175e-15,4.446e-18,1.948e-28,1.010e-17,7.917e-20,7.903e-14,6.380e-21,2.068e-25,,4.897e-19,5.887e-20,2.554e-38,5.864e-2,3.084e-17,5.011e-10,1.111e+0,,5.846e-2,7.727e-22,3.474e-17,3.210e-20,6.507e-29,1.054e-19,1.001e-22,2.713e+0,6.048e+0,4.603e-1,1.610e-1,1.719e-16,4.257e-6,1.643e-16,6.834e-19,5.605e+0,5.353e-19,,1.179e-17,,,2.726e-19,,5.395e-19,,8.118e-19,,6.412e-5,,1.587e-17,,1.683e-9,1.617e-16
479.31,1.598e+1,1.895e-10,4.922e-10,1.631e-43,9.977e-20,,,6.450e-19,2.960e-22,,3.174e-15,4.443e-18,1.946e-28,1.010e-17,7.934e-20,8.936e-14,6.380e-21,2.072e-25,,4.906e-19,5.888e-20,2.561e-38,7.095e-2,3.074e-17,5.657e-10,1.089e+0,,4.979e-2,7.730e-22,3.475e-17,3.210e-20,6.507e-29,1.054e-19,1.001e-22,2.653e+0,5.435e+0,4.754e-1,1.933e-1,2.793e-16,3.089e-6,9.854e-17,6.845e-19,6.011e+0,5.499e-19,,1.176e-17,,,2.721e-19,,5.395e-19,,8.118e-19,,8.188e-5,,1.587e-17,,2.419e-9,1.617e-16
479.34,1.578e+1,1.101e-10,6.189e-10,1.630e-43,9.989e-20,,,6.458e-19,2.964e-22,,3.174e-15,4.439e-18,1.943e-28,1.010e-17,7.960e-20,1.068e-13,6.379e-21,2.077e-25,,4.918e-19,5.890e-20,2.572e-38,9.471e-2,3.058e-17,6.742e-10,1.055e+0,,3.889e-2,7.735e-22,3.477e-17,3.211e-20,6.507e-29,1.054e-19,1.001e-22,2.602e+0,4.601e+0,5.006e-1,2.527e-1,5.749e-16,1.898e-6,4.549e-17,6.862e-19,6.633e+0,5.716e-19,,1.171e-17,,,2.713e-19,,5.394e-19,,8.117e-19,,1.174e-4,,1.586e-17,,4.144e-9,1.617e-16
479.36,1.575e+1,7.632e-11,7.180e-10,1.630e-43,9.997e-20,,,6.464e-19,2.967e-22,,3.174e-15,4.436e-18,1.942e-28,1.010e-17,7.977e-20,1.197e-13,6.378e-21,2.080e-25,,4.927e-19,5.892e-20,2.578e-38,1.148e-1,3.048e-17,7.548e-10,1.033e+0,,3.285e-2,7.738e-22,3.479e-17,3.211e-20,6.508e-29,1.054e-19,1.001e-22,2.592e+0,4.101e+0,5.195e-1,3.009e-1,9.263e-16,1.366e-6,2.706e-17,6.873e-19,7.054e+0,5.862e-19,,1.169e-17,,,2.707e-19,,5.393e-19,,8.116e-19,,1.488e-4,,1.586e-17,,5.909e-9,1.618e-16
479.39,1.585e+1,4.378e-11,8.917e-10,1.629e-43,1.001e-19,,,6.472e-19,2.972e-22,,3.173e-15,4.432e-18,1.939e-28,1.010e-17,8.003e-20,1.413e-13,6.377e-21,2.085e-25,,4.940e-19,5.894e-20,2.589e-38,1.527e-1,3.033e-17,8.886e-10,9.994e-1,,2.534e-2,7.742e-22,3.481e-17,3.212e-20,6.508e-29,1.054e-19,1.002e-22,2.616e+0,3.428e+0,5.512e-1,3.886e-1,1.883e-15,8.285e-7,1.234e-17,6.890e-19,7.688e+0,6.080e-19,,1.164e-17,,,2.699e-19,,5.392e-19,,8.116e-19,,2.108e-4,,1.585e-17,,9.999e-9,1.618e-16
479.41,1.601e+1,3.010e-11,1.026e-9,1.628e-43,1.002e-19,,,6.477e-19,2.975e-22,,3.173e-15,4.429e-18,1.937e-28,1.010e-17,8.020e-20,1.571e-13,6.376e-21,2.089e-25,,4.949e-19,5.896e-20,2.596e-38,1.841e-1,3.022e-17,9.866e-10,9.777e-1,,2.122e-2,7.746e-22,3.483e-17,3.213e-20,6.509e-29,1.054e-19,1.002e-22,2.655e+0,3.030e+0,5.749e-1,4.589e-1,3.009e-15,5.912e-7,7.276e-18,6.901e-19,8.108e+0,6.225e-19,,1.161e-17,,,2.694e-19,,5.392e-19,,8.115e-19,,2.649e-4,,1.585e-17,,1.414e-8,1.618e-16
479.44,1.638e+1,1.705e-11,1.258e-9,1.627e-43,1.003e-19,,,6.485e-19,2.979e-22,,3.172e-15,4.425e-18,1.935e-28,1.010e-17,8.046e-20,1.832e-13,6.375e-21,2.094e-25,,4.962e-19,5.898e-20,2.606e-38,2.426e-1,3.007e-17,1.147e-9,9.465e-1,,1.617e-2,7.750e-22,3.485e-17,3.213e-20,6.509e-29,1.055e-19,1.002e-22,2.749e+0,2.501e+0,6.143e-1,5.854e-1,6.043e-15,3.541e-7,3.275e-18,6.917e-19,8.727e+0,6.443e-19,,1.157e-17,,,2.685e-19,,5.391e-19,,8.114e-19,,3.708e-4,,1.584e-17,,2.363e-8,1.619e-16
479.46,1.671e+1,1.162e-11,1.436e-9,1.627e-43,1.004e-19,,,6.490e-19,2.982e-22,,3.172e-15,4.422e-18,1.933e-28,1.010e-17,8.063e-20,2.020e-13,6.374e-21,2.098e-25,,4.970e-19,5.900e-20,2.613e-38,2.904e-1,2.996e-17,1.263e-9,9.269e-1,,1.343e-2,7.753e-22,3.486e-17,3.214e-20,6.510e-29,1.055e-19,1.002e-22,2.834e+0,2.192e+0,6.433e-1,6.857e-1,9.578e-15,2.506e-7,3.268e-18,6.928e-19,9.127e+0,6.588e-19,,1.154e-17,,,2.680e-19,,5.390e-19,,8.114e-19,,4.622e-4,,1.584e-17,,3.315e-8,1.619e-16
479.49,1.733e+1,6.502e-12,1.739e-9,1.626e-43,1.005e-19,,,6.498e-19,2.986e-22,,3.172e-15,4.418e-18,1.931e-28,1.010e-17,8.089e-20,2.325e-13,6.373e-21,2.103e-25,,4.983e-19,5.902e-20,2.624e-38,3.782e-1,2.981e-17,1.450e-9,8.996e-1,,1.010e-2,7.758e-22,3.488e-17,3.215e-20,6.510e-29,1.055e-19,1.002e-22,2.992e+0,1.787e+0,6.911e-1,8.641e-1,1.900e-14,1.482e-7,3.256e-18,6.945e-19,9.702e+0,6.806e-19,,1.150e-17,,,2.672e-19,,5.390e-19,,8.113e-19,,6.392e-4,,1.583e-17,,5.472e-8,1.619e-16
479.51,1.780e+1,4.395e-12,1.968e-9,1.625e-43,1.006e-19,,,6.504e-19,2.989e-22,,3.171e-15,4.415e-18,1.929e-28,1.010e-17,8.106e-20,2.543e-13,6.373e-21,2.106e-25,,4.992e-19,5.904e-20,2.631e-38,4.493e-1,2.971e-17,1.584e-9,8.832e-1,,8.321e-3,7.761e-22,3.490e-17,3.215e-20,6.511e-29,1.055e-19,1.002e-22,3.116e+0,1.553e+0,7.257e-1,1.004e+0,2.986e-14,1.040e-7,3.249e-18,6.956e-19,1.006e+1,6.951e-19,,1.147e-17,,,2.666e-19,,5.389e-19,,8.113e-19,,7.902e-4,,1.583e-17,,7.612e-8,1.619e-16
479.54,1.862e+1,2.428e-12,2.355e-9,1.624e-43,1.007e-19,,,6.512e-19,2.994e-22,,3.171e-15,4.411e-18,1.926e-28,1.010e-17,8.132e-20,2.892e-13,6.372e-21,2.111e-25,,5.005e-19,5.906e-20,2.641e-38,5.781e-1,2.955e-17,1.796e-9,8.613e-1,,6.181e-3,7.766e-22,3.492e-17,3.216e-20,6.511e-29,1.055e-19,1.002e-22,3.327e+0,1.251e+0,7.818e-1,1.250e+0,5.850e-14,6.077e-8,3.238e-18,6.973e-19,1.057e+1,7.169e-19,,1.143e-17,,,2.658e-19,,5.388e-19,,8.112e-19,,1.080e-3,,1.583e-17,,1.241e-7,1.620e-16
479.56,1.923e+1,1.628e-12,2.643e-9,1.624e-43,1.008e-19,,,6.517e-19,2.997e-22,,3.171e-15,4.408e-18,1.925e-28,1.010e-17,8.149e-20,3.137e-13,6.371e-21,2.115e-25,,5.014e-19,5.908e-20,2.648e-38,6.811e-1,2.945e-17,1.945e-9,8.487e-1,,5.049e-3,7.769e-22,3.494e-17,3.216e-20,6.512e-29,1.055e-19,1.002e-22,3.484e+0,1.078e+0,8.218e-1,1.440e+0,9.121e-14,4.228e-8,3.230e-18,6.984e-19,1.087e+1,7.314e-19,,1.140e-17,,,2.653e-19,,5.388e-19,,8.111e-19,,1.324e-3,,1.582e-17,,1.712e-7,1.620e-16
479.59,2.022e+1,8.877e-13,3.122e-9,1.623e-43,1.009e-19,,,6.525e-19,3.001e-22,,3.170e-15,4.404e-18,1.922e-28,1.010e-17,8.175e-20,3.522e-13,6.370e-21,2.120e-25,,5.027e-19,5.910e-20,2.658e-38,8.657e-1,2.929e-17,2.178e-9,8.330e-1,,3.704e-3,7.773e-22,3.496e-17,3.217e-20,6.512e-29,1.056e-19,1.003e-22,3.738e+0,8.573e-1,8.853e-1,1.772e+0,1.765e-13,2.439e-8,3.219e-18,7.000e-19,1.127e+1,7.532e-19,,1.136e-17,,,2.644e-19,,5.387e-19,,8.111e-19,,1.788e-3,,1.582e-17,,2.757e-7,1.620e-16
479.61,2.094e+1,5.901e-13,3.475e-9,1.622e-43,1.010e-19,,,6.530e-19,3.004e-22,,3.170e-15,4.401e-18,1.920e-28,1.010e-17,8.192e-20,3.789e-13,6.369e-21,2.123e-25,,5.035e-19,5.912e-20,2.665e-38,1.012e+0,2.919e-17,2.339e-9,8.247e-1,,3.000e-3,7.777e-22,3.497e-17,3.218e-20,6.513e-29,1.056e-19,1.003e-22,3.918e+0,7.328e-1,9.297e-1,2.025e+0,2.729e-13,1.683e-8,3.211e-18,7.011e-19,1.150e+1,7.678e-19,,1.133e-17,,,2.639e-19,,5.386e-19,,8.110e-19,,2.175e-3,,1.581e-17,,3.773e-7,1.621e-16
479.63,2.170e+1,3.910e-13,3.855e-9,1.621e-43,1.010e-19,,,6.536e-19,3.007e-22,,3.170e-15,4.398e-18,1.919e-28,1.010e-17,8.209e-20,4.063e-13,6.368e-21,2.127e-25,,5.044e-19,5.913e-20,2.672e-38,1.178e+0,2.909e-17,2.504e-9,8.181e-1,,2.422e-3,7.780e-22,3.499e-17,3.218e-20,6.513e-29,1.056e-19,1.003e-22,4.105e+0,6.242e-1,9.756e-1,2.308e+0,4.207e-13,1.158e-8,3.204e-18,7.022e-19,1.169e+1,7.823e-19,,1.130e-17,,,2.633e-19,,5.386e-19,,8.110e-19,,2.637e-3,,1.581e-17,,5.145e-7,1.621e-16
479.66,2.292e+1,2.095e-13,4.477e-9,1.621e-43,1.012e-19,,,6.544e-19,3.011e-22,,3.169e-15,4.394e-18,1.916e-28,1.010e-17,8.235e-20,4.483e-13,6.367e-21,2.132e-25,,5.057e-19,5.916e-20,2.683e-38,1.472e+0,2.893e-17,2.756e-9,8.113e-1,,1.746e-3,7.784e-22,3.501e-17,3.219e-20,6.513e-29,1.056e-19,1.003e-22,4.397e+0,4.877e-1,1.046e+0,2.792e+0,8.001e-13,6.560e-9,3.192e-18,7.039e-19,1.191e+1,8.041e-19,,1.125e-17,,,2.625e-19,,5.385e-19,,8.109e-19,,3.500e-3,,1.580e-17,,8.143e-7,1.621e-16
479.68,2.378e+1,1.377e-13,4.925e-9,1.620e-43,1.012e-19,,,6.549e-19,3.014e-22,,3.169e-15,4.391e-18,1.915e-28,1.010e-17,8.252e-20,4.767e-13,6.367e-21,2.136e-25,,5.065e-19,5.917e-20,2.690e-38,1.700e+0,2.883e-17,2.926e-9,8.088e-1,,1.398e-3,7.787e-22,3.503e-17,3.220e-20,6.514e-29,1.056e-19,1.003e-22,4.597e+0,4.120e-1,1.094e+0,3.156e+0,1.223e-12,4.474e-9,3.185e-18,7.050e-19,1.201e+1,8.186e-19,,1.123e-17,,,2.620e-19,,5.385e-19,,8.108e-19,,4.210e-3,,1.580e-17,,1.101e-6,1.621e-16
479.71,2.515e+1,7.285e-14,5.648e-9,1.619e-43,1.014e-19,,,6.557e-19,3.019e-22,,3.169e-15,4.387e-18,1.912e-28,1.010e-17,8.278e-20,5.196e-13,6.366e-21,4.722e-25,,5.078e-19,5.920e-20,2.700e-38,2.097e+0,2.867e-17,3.180e-9,8.078e-1,,9.952e-4,7.792e-22,3.505e-17,3.220e-20,6.514e-29,1.057e-19,1.003e-22,4.899e+0,3.179e-1,1.167e+0,3.772e+0,2.298e-12,2.504e-9,3.174e-18,7.067e-19,1.208e+1,8.404e-19,,1.118e-17,,,2.612e-19,,5.384e-19,,8.108e-19,,5.520e-3,,1.579e-17,,1.722e-6,1.622e-16
479.73,2.612e+1,4.746e-14,6.163e-9,1.618e-43,1.014e-19,,,6.563e-19,3.022e-22,,3.168e-15,4.385e-18,1.910e-28,1.010e-17,8.295e-20,5.480e-13,6.365e-21,7.983e-25,,5.087e-19,5.921e-20,2.707e-38,2.402e+0,2.857e-17,3.348e-9,8.089e-1,,7.901e-4,7.795e-22,3.506e-17,3.221e-20,6.515e-29,1.057e-19,1.003e-22,5.102e+0,2.664e-1,1.215e+0,4.231e+0,3.484e-12,1.693e-9,3.166e-18,7.078e-19,1.208e+1,8.549e-19,,1.115e-17,,,2.606e-19,,5.383e-19,,8.107e-19,,6.586e-3,,1.579e-17,,2.310e-6,1.622e-16
479.76,2.765e+1,2.480e-14,6.980e-9,1.618e-43,1.016e-19,,,6.571e-19,3.026e-22,,3.168e-15,4.380e-18,1.908e-28,1.010e-17,8.321e-20,5.899e-13,6.364e-21,1.744e-24,,5.100e-19,5.923e-20,2.717e-38,2.927e+0,2.841e-17,3.595e-9,8.126e-1,,5.555e-4,7.800e-22,3.509e-17,3.222e-20,6.515e-29,1.057e-19,1.003e-22,5.403e+0,2.030e-1,1.286e+0,4.996e+0,6.464e-12,9.358e-10,3.155e-18,7.094e-19,1.201e+1,8.767e-19,,1.111e-17,,,2.598e-19,,5.382e-19,,8.106e-19,,8.533e-3,,1.579e-17,,3.566e-6,1.622e-16
479.78,2.872e+1,1.602e-14,7.553e-9,1.617e-43,1.016e-19,,,6.576e-19,3.029e-22,,3.168e-15,4.378e-18,1.906e-28,1.010e-17,8.338e-20,6.170e-13,6.363e-21,2.923e-24,,5.109e-19,5.925e-20,2.724e-38,3.325e+0,2.831e-17,3.753e-9,8.164e-1,,4.373e-4,7.803e-22,3.510e-17,3.222e-20,6.516e-29,1.057e-19,1.003e-22,5.600e+0,1.686e-1,1.331e+0,5.561e+0,9.720e-12,6.276e-10,3.147e-18,7.106e-19,1.191e+1,8.912e-19,,1.108e-17,,,2.592e-19,,5.382e-19,,8.106e-19,,1.010e-2,,1.578e-17,,4.745e-6,1.622e-16
479.81,3.043e+1,8.268e-15,8.449e-9,1.616e-43,1.018e-19,,,6.584e-19,3.034e-22,,3.167e-15,4.373e-18,1.904e-28,1.010e-17,8.364e-20,6.561e-13,6.362e-21,6.308e-24,,5.122e-19,5.927e-20,2.735e-38,4.001e+0,2.816e-17,3.980e-9,8.233e-1,,3.036e-4,7.808e-22,3.512e-17,3.223e-20,6.516e-29,1.057e-19,1.004e-22,5.888e+0,1.269e-1,1.396e+0,6.491e+0,1.781e-11,3.425e-10,3.136e-18,7.122e-19,1.169e+1,9.130e-19,,1.104e-17,,,2.584e-19,,5.381e-19,,8.105e-19,,1.293e-2,,1.578e-17,,7.236e-6,1.623e-16
479.83,3.163e+1,5.297e-15,9.067e-9,1.615e-43,1.018e-19,,,6.589e-19,3.037e-22,,3.167e-15,4.371e-18,1.902e-28,1.010e-17,8.381e-20,6.807e-13,6.361e-21,1.049e-23,,5.130e-19,5.929e-20,2.742e-38,4.508e+0,2.805e-17,4.121e-9,8.286e-1,,2.371e-4,7.811e-22,3.514e-17,3.223e-20,6.517e-29,1.057e-19,1.004e-22,6.073e+0,1.046e-1,1.437e+0,7.169e+0,2.657e-11,2.278e-10,3.129e-18,7.133e-19,1.150e+1,9.275e-19,,1.101e-17,,,2.579e-19,,5.381e-19,,8.105e-19,,1.518e-2,,1.577e-17,,9.548e-6,1.623e-16
479.86,3.354e+1,2.699e-15,1.002e-8,1.614e-43,1.020e-19,,,6.597e-19,3.041e-22,,3.166e-15,4.366e-18,1.899e-28,1.010e-17,8.407e-20,7.149e-13,6.360e-21,2.235e-23,,5.143e-19,5.931e-20,2.752e-38,5.358e+0,2.790e-17,4.315e-9,8.370e-1,,1.625e-4,7.815e-22,3.516e-17,3.224e-20,6.517e-29,1.058e-19,1.004e-22,6.338e+0,7.770e-2,1.492e+0,8.273e+0,4.809e-11,1.228e-10,3.117e-18,7.150e-19,1.114e+1,9.493e-19,,1.097e-17,,,2.570e-19,,5.380e-19,,8.104e-19,,1.919e-2,,1.577e-17,,1.438e-5,1.623e-16
479.88,3.488e+1,1.715e-15,1.066e-8,1.614e-43,1.020e-19,,,6.603e-19,3.044e-22,,3.166e-15,4.364e-18,1.898e-28,1.010e-17,8.424e-20,7.358e-13,6.360e-21,3.687e-23,,5.152e-19,5.933e-20,2.759e-38,5.987e+0,2.779e-17,4.431e-9,8.425e-1,,1.258e-4,7.818e-22,3.518e-17,3.225e-20,6.518e-29,1.058e-19,1.004e-22,6.505e+0,6.349e-2,1.525e+0,9.067e+0,7.114e-11,8.095e-11,3.110e-18,7.161e-19,1.087e+1,9.639e-19,,1.094e-17,,,2.565e-19,,5.379e-19,,8.103e-19,,2.236e-2,,1.576e-17,,1.882e-5,1.624e-16
479.91,3.701e+1,8.628e-16,1.163e-8,1.613e-43,1.022e-19,,,6.611e-19,3.048e-22,,3.166e-15,4.359e-18,1.895e-28,1.010e-17,8.450e-20,7.636e-13,6.359e-21,7.761e-23,,5.165e-19,5.935e-20,2.769e-38,7.028e+0,2.764e-17,4.583e-9,8.502e-1,,8.520e-5,7.823e-22,3.520e-17,3.225e-20,6.518e-29,1.058e-19,1.004e-22,6.739e+0,4.660e-2,1.566e+0,1.035e+1,1.272e-10,4.308e-11,3.099e-18,7.177e-19,1.040e+1,9.857e-19,,1.089e-17,,,2.557e-19,,5.378e-19,,8.103e-19,,2.793e-2,,1.576e-17,,2.800e-5,1.624e-16
479.93,3.851e+1,5.435e-16,1.228e-8,1.612e-43,1.022e-19,,,6.616e-19,3.051e-22,,3.165e-15,4.357e-18,1.893e-28,1.010e-17,8.467e-20,7.796e-13,6.358e-21,1.270e-22,,5.174e-19,5.937e-20,2.776e-38,7.789e+0,2.754e-17,4.667e-9,8.547e-1,,6.542e-5,7.826e-22,3.521e-17,3.226e-20,6.519e-29,1.058e-19,1.004e-22,6.883e+0,3.775e-2,1.589e+0,1.126e+1,1.866e-10,2.817e-11,3.091e-18,7.189e-19,1.006e+1,1.000e-18,,1.087e-17,,,2.551e-19,,5.378e-19,,8.102e-19,,3.228e-2,,1.575e-17,,3.634e-5,1.624e-16
479.96,4.087e+1,2.701e-16,1.323e-8,1.611e-43,1.023e-19,,,6.624e-19,3.056e-22,,3.165e-15,4.352e-18,1.891e-28,1.010e-17,8.493e-20,7.997e-13,6.357e-21,2.640e-22,,5.187e-19,5.939e-20,2.787e-38,9.030e+0,2.738e-17,4.767e-9,8.598e-1,,4.374e-5,7.831e-22,3.523e-17,3.227e-20,6.519e-29,1.058e-19,1.004e-22,7.082e+0,2.736e-2,1.614e+0,1.270e+1,3.296e-10,1.480e-11,3.080e-18,7.205e-19,9.515e+0,1.022e-18,,1.082e-17,,,2.543e-19,,5.377e-19,,8.101e-19,,3.984e-2,,1.575e-17,,5.340e-5,1.624e-16
479.98,4.252e+1,1.687e-16,1.385e-8,1.611e-43,1.024e-19,,,6.630e-19,3.059e-22,,3.165e-15,4.350e-18,1.889e-28,1.010e-17,8.510e-20,8.102e-13,6.356e-21,4.283e-22,,5.195e-19,5.941e-20,2.794e-38,9.924e+0,2.728e-17,4.815e-9,8.619e-1,,3.330e-5,7.834e-22,3.525e-17,3.227e-20,6.519e-29,1.058e-19,1.004e-22,7.201e+0,2.199e-2,1.625e+0,1.372e+1,4.796e-10,9.601e-12,3.072e-18,7.216e-19,9.127e+0,1.036e-18,,1.079e-17,,,2.538e-19,,5.376e-19,,8.101e-19,,4.567e-2,,1.575e-17,,6.874e-5,1.625e-16
480,4.424e+1,1.050e-16,1.445e-8,1.610e-43,1.025e-19,,,6.635e-19,3.062e-22,,3.164e-15,4.347e-18,1.887e-28,1.010e-17,8.527e-20,8.184e-13,6.355e-21,6.927e-22,,5.204e-19,5.942e-20,2.801e-38,1.087e+1,2.717e-17,4.847e-9,8.628e-1,,2.527e-5,7.837e-22,3.526e-17,3.228e-20,6.520e-29,1.059e-19,1.004e-22,7.309e+0,1.761e-2,1.631e+0,1.477e+1,6.956e-10,6.205e-12,3.065e-18,7.227e-19,8.727e+0,1.051e-18,,1.077e-17,,,2.532e-19,,5.376e-19,,8.100e-19,,5.218e-2,,1.574e-17,,8.820e-5,1.625e-16
480.03,4.693e+1,5.128e-17,1.530e-8,1.609e-43,1.026e-19,,,6.643e-19,3.066e-22,,3.164e-15,4.343e-18,1.885e-28,1.010e-17,8.553e-20,8.265e-13,6.354e-21,1.416e-21,,5.217e-19,5.945e-20,2.811e-38,1.239e+1,2.702e-17,4.865e-9,8.614e-1,,1.660e-5,7.842e-22,3.529e-17,3.228e-20,6.520e-29,1.059e-19,1.005e-22,7.452e+0,1.254e-2,1.630e+0,1.642e+1,1.207e-9,3.204e-12,3.053e-18,7.244e-19,8.108e+0,1.073e-18,,1.072e-17,,,2.524e-19,,5.375e-19,,8.099e-19,,6.334e-2,,1.574e-17,,1.274e-4,1.625e-16
480.05,4.880e+1,3.166e-17,1.584e-8,1.609e-43,1.027e-19,,,6.648e-19,3.069e-22,,3.164e-15,4.340e-18,1.883e-28,1.010e-17,8.570e-20,8.290e-13,6.354e-21,2.271e-21,,5.225e-19,5.946e-20,2.818e-38,1.346e+1,2.692e-17,4.857e-9,8.584e-1,,1.250e-5,7.845e-22,3.530e-17,3.229e-20,6.521e-29,1.059e-19,1.005e-22,7.533e+0,9.959e-3,1.623e+0,1.756e+1,1.737e-9,2.053e-12,3.046e-18,7.255e-19,7.688e+0,1.087e-18,,1.069e-17,,,2.519e-19,,5.375e-19,,8.099e-19,,7.179e-2,,1.573e-17,,1.621e-4,1.626e-16
480.08,5.170e+1,1.526e-17,1.656e-8,1.608e-43,1.028e-19,,,6.656e-19,3.073e-22,,3.163e-15,4.336e-18,1.881e-28,1.010e-17,8.596e-20,8.288e-13,6.353e-21,4.585e-21,,5.238e-19,5.949e-20,2.828e-38,1.514e+1,2.676e-17,4.815e-9,8.508e-1,,8.109e-6,7.849e-22,3.532e-17,3.230e-20,6.521e-29,1.059e-19,1.005e-22,7.635e+0,7.005e-3,1.603e+0,1.932e+1,2.978e-9,1.047e-12,3.035e-18,7.272e-19,7.054e+0,1.109e-18,,1.065e-17,,,2.510e-19,,5.374e-19,,8.098e-19,,8.610e-2,,1.573e-17,,2.312e-4,1.626e-16
480.1,5.369e+1,9.344e-18,1.700e-8,1.607e-43,1.029e-19,,,6.662e-19,3.076e-22,,3.163e-15,4.333e-18,1.879e-28,1.010e-17,8.613e-20,8.262e-13,6.352e-21,7.293e-21,,5.247e-19,5.950e-20,2.835e-38,1.631e+1,2.666e-17,4.767e-9,8.435e-1,,6.053e-6,7.853e-22,3.534e-17,3.230e-20,6.522e-29,1.059e-19,1.005e-22,7.689e+0,5.517e-3,1.584e+0,2.052e+1,4.249e-9,6.654e-13,3.027e-18,7.283e-19,6.633e+0,1.124e-18,,1.062e-17,,,2.505e-19,,5.373e-19,,8.098e-19,,9.681e-2,,1.572e-17,,2.918e-4,1.626e-16
480.13,5.674e+1,4.448e-18,1.756e-8,1.606e-43,1.030e-19,,,6.670e-19,3.081e-22,,3.163e-15,4.329e-18,1.876e-28,1.010e-17,8.639e-20,8.192e-13,6.351e-21,1.454e-20,,5.260e-19,5.953e-20,2.846e-38,1.813e+1,2.650e-17,4.667e-9,8.289e-1,,3.881e-6,7.857e-22,3.536e-17,3.231e-20,6.522e-29,1.059e-19,1.005e-22,7.750e+0,3.832e-3,1.545e+0,2.235e+1,7.195e-9,3.350e-13,3.016e-18,7.299e-19,6.011e+0,1.145e-18,,1.058e-17,,,2.497e-19,,5.372e-19,,8.097e-19,,1.147e-1,,1.572e-17,,4.111e-4,1.626e-16
480.15,5.881e+1,2.700e-18,1.787e-8,1.606e-43,1.031e-19,,,6.675e-19,3.084e-22,,3.162e-15,4.326e-18,1.875e-28,1.010e-17,8.656e-20,8.127e-13,6.350e-21,2.295e-20,,5.269e-19,5.954e-20,2.853e-38,1.937e+1,2.640e-17,4.583e-9,8.168e-1,,2.876e-6,7.860e-22,3.538e-17,3.231e-20,6.523e-29,1.060e-19,1.005e-22,7.777e+0,2.993e-3,1.514e+0,2.359e+1,1.018e-8,2.111e-13,3.008e-18,7.310e-19,5.605e+0,1.160e-18,,1.055e-17,,,2.491e-19,,5.372e-19,,8.096e-19,,1.280e-1,,1.571e-17,,5.145e-4,1.627e-16
480.18,6.194e+1,1.269e-18,1.823e-8,1.605e-43,1.032e-19,,,6.683e-19,3.088e-22,,3.162e-15,4.322e-18,1.872e-28,1.010e-17,8.682e-20,8.012e-13,6.349e-21,4.521e-20,,5.282e-19,5.957e-20,2.863e-38,2.127e+1,2.624e-17,4.431e-9,7.953e-1,,1.828e-6,7.865e-22,3.540e-17,3.232e-20,6.523e-29,1.060e-19,1.005e-22,7.797e+0,2.053e-3,1.460e+0,2.545e+1,1.703e-8,1.050e-13,2.997e-18,7.327e-19,5.017e+0,1.182e-18,,1.051e-17,,,2.483e-19,,5.371e-19,,8.096e-19,,1.499e-1,,1.571e-17,,7.160e-4,1.627e-16
480.2,6.403e+1,7.642e-19,1.840e-8,1.604e-43,1.033e-19,,,6.688e-19,3.091e-22,,3.162e-15,4.319e-18,1.871e-28,1.010e-17,8.699e-20,7.928e-13,6.348e-21,7.075e-20,,5.290e-19,5.958e-20,2.870e-38,2.254e+1,2.614e-17,4.315e-9,7.786e-1,,1.350e-6,7.868e-22,3.541e-17,3.233e-20,6.524e-29,1.060e-19,1.005e-22,7.796e+0,1.590e-3,1.419e+0,2.669e+1,2.390e-8,6.561e-14,2.990e-18,7.338e-19,4.640e+0,1.196e-18,,1.048e-17,,,2.478e-19,,5.371e-19,,8.095e-19,,1.659e-1,,1.571e-17,,8.888e-4,1.627e-16
480.23,6.714e+1,3.547e-19,1.854e-8,1.603e-43,1.034e-19,,,6.696e-19,3.095e-22,,3.161e-15,4.315e-18,1.868e-28,1.010e-17,8.725e-20,7.803e-13,6.347e-21,1.377e-19,,5.303e-19,5.960e-20,2.880e-38,2.443e+1,2.599e-17,4.121e-9,7.504e-1,,8.621e-7,7.873e-22,3.544e-17,3.233e-20,6.524e-29,1.060e-19,1.005e-22,7.776e+0,1.078e-3,1.351e+0,2.853e+1,3.949e-8,3.221e-14,2.978e-18,7.355e-19,4.101e+0,1.218e-18,,1.043e-17,,,2.469e-19,,5.370e-19,,8.094e-19,,1.919e-1,,1.570e-17,,1.222e-3,1.628e-16
480.25,6.918e+1,2.118e-19,1.856e-8,1.603e-43,1.035e-19,,,6.702e-19,3.098e-22,,3.161e-15,4.312e-18,1.866e-28,1.010e-17,8.742e-20,7.726e-13,6.347e-21,2.137e-19,,5.312e-19,5.962e-20,2.887e-38,2.568e+1,2.588e-17,3.980e-9,7.296e-1,,6.479e-7,7.876e-22,3.545e-17,3.234e-20,6.525e-29,1.060e-19,1.006e-22,7.749e+0,8.282e-4,1.302e+0,2.975e+1,5.497e-8,1.996e-14,2.971e-18,7.366e-19,3.761e+0,1.233e-18,,1.041e-17,,,2.464e-19,,5.369e-19,,8.094e-19,,2.107e-1,,1.570e-17,,1.504e-3,1.628e-16
480.28,7.216e+1,9.707e-20,1.847e-8,1.602e-43,1.036e-19,,,6.710e-19,3.103e-22,,3.160e-15,4.308e-18,1.864e-28,1.010e-17,8.768e-20,7.637e-13,6.345e-21,4.106e-19,,5.325e-19,5.964e-20,2.898e-38,2.749e+1,2.573e-17,3.753e-9,6.958e-1,,4.441e-7,7.881e-22,3.547e-17,3.235e-20,6.525e-29,1.060e-19,1.006e-22,7.688e+0,5.550e-4,1.225e+0,3.153e+1,8.971e-8,9.679e-15,2.959e-18,7.382e-19,3.283e+0,1.254e-18,,1.036e-17,,,2.456e-19,,5.368e-19,,8.093e-19,,2.409e-1,,1.569e-17,,2.042e-3,1.628e-16
480.3,7.408e+1,5.747e-20,1.833e-8,1.601e-43,1.037e-19,,,6.715e-19,3.106e-22,,3.160e-15,4.305e-18,1.862e-28,1.010e-17,8.785e-20,7.603e-13,6.345e-21,6.322e-19,,5.334e-19,5.966e-20,2.905e-38,2.866e+1,2.562e-17,3.595e-9,6.716e-1,,3.684e-7,7.884e-22,3.549e-17,3.235e-20,6.525e-29,1.061e-19,1.006e-22,7.634e+0,4.238e-4,1.171e+0,3.269e+1,1.238e-7,5.948e-15,2.952e-18,7.393e-19,2.986e+0,1.269e-18,,1.033e-17,,,2.450e-19,,5.368e-19,,8.093e-19,,2.624e-1,,1.569e-17,,2.493e-3,1.628e-16
480.33,7.681e+1,2.601e-20,1.802e-8,1.600e-43,1.038e-19,,,6.723e-19,3.110e-22,,3.160e-15,4.301e-18,1.860e-28,1.010e-17,8.811e-20,7.607e-13,6.344e-21,1.200e-18,,5.347e-19,5.968e-20,2.915e-38,3.030e+1,2.547e-17,3.348e-9,6.334e-1,,3.272e-7,7.888e-22,3.551e-17,3.236e-20,6.526e-29,1.061e-19,1.006e-22,7.533e+0,2.821e-4,1.088e+0,3.438e+1,1.996e-7,2.848e-15,2.941e-18,7.410e-19,2.575e+0,1.291e-18,,1.029e-17,,,2.442e-19,,5.367e-19,,8.092e-19,,2.965e-1,,1.568e-17,,3.343e-3,1.629e-16
480.35,7.852e+1,1.527e-20,1.774e-8,1.600e-43,1.039e-19,,,6.729e-19,3.113e-22,,3.159e-15,4.298e-18,1.858e-28,1.010e-17,8.828e-20,7.656e-13,6.343e-21,1.833e-18,,5.355e-19,5.970e-20,2.922e-38,3.133e+1,2.537e-17,3.180e-9,6.069e-1,,3.442e-7,7.891e-22,3.552e-17,3.236e-20,6.526e-29,1.061e-19,1.006e-22,7.452e+0,2.154e-4,1.032e+0,3.546e+1,2.733e-7,1.736e-15,2.933e-18,7.421e-19,2.322e+0,1.305e-18,,1.026e-17,,,2.437e-19,,5.367e-19,,8.091e-19,,3.204e-1,,1.568e-17,,4.048e-3,1.629e-16
480.38,8.088e+1,6.825e-21,1.722e-8,1.599e-43,1.040e-19,,,6.737e-19,3.118e-22,,3.159e-15,4.294e-18,1.855e-28,1.010e-17,8.854e-20,7.819e-13,6.342e-21,3.436e-18,,5.368e-19,5.972e-20,2.933e-38,3.272e+1,2.521e-17,2.926e-9,5.659e-1,,4.404e-7,7.896e-22,3.555e-17,3.237e-20,6.527e-29,1.061e-19,1.006e-22,7.311e+0,1.454e-4,9.468e-1,3.700e+1,4.352e-7,8.205e-16,2.922e-18,7.438e-19,1.977e+0,1.327e-18,,1.022e-17,,,2.428e-19,,5.366e-19,,8.091e-19,,3.579e-1,,1.567e-17,,5.361e-3,1.629e-16
480.4,8.231e+1,6.840e-21,1.681e-8,1.598e-43,1.041e-19,,,6.742e-19,3.120e-22,,3.159e-15,4.291e-18,1.854e-28,1.010e-17,8.871e-20,7.999e-13,6.341e-21,5.204e-18,,5.377e-19,5.974e-20,2.940e-38,3.354e+1,2.511e-17,2.756e-9,5.381e-1,,5.604e-7,7.899e-22,3.556e-17,3.238e-20,6.527e-29,1.061e-19,1.006e-22,7.204e+0,1.141e-4,8.905e-1,3.798e+1,5.910e-7,4.959e-16,2.914e-18,7.449e-19,1.769e+0,1.342e-18,,1.019e-17,,,2.423e-19,,5.365e-19,,8.090e-19,,3.837e-1,,1.567e-17,,6.439e-3,1.629e-16
480.42,8.360e+1,6.854e-21,1.636e-8,1.598e-43,1.042e-19,,,6.747e-19,3.123e-22,,3.158e-15,4.288e-18,1.852e-28,1.010e-17,8.888e-20,8.247e-13,6.341e-21,7.856e-18,,5.385e-19,5.975e-20,2.946e-38,3.427e+1,2.500e-17,2.588e-9,5.101e-1,,7.374e-7,7.902e-22,3.558e-17,3.238e-20,6.528e-29,1.061e-19,1.006e-22,7.086e+0,9.222e-5,8.348e-1,3.891e+1,7.999e-7,2.987e-16,2.907e-18,7.460e-19,1.577e+0,1.356e-18,,1.016e-17,,,2.417e-19,,5.365e-19,,8.090e-19,,4.101e-1,,1.567e-17,,7.708e-3,1.630e-16
480.45,8.527e+1,6.876e-21,1.561e-8,1.597e-43,1.043e-19,,,6.755e-19,3.128e-22,,3.158e-15,4.284e-18,1.849e-28,1.010e-17,8.914e-20,8.763e-13,6.339e-21,1.448e-17,,5.398e-19,5.978e-20,2.957e-38,3.518e+1,2.485e-17,2.339e-9,4.681e-1,,1.147e-6,7.907e-22,3.560e-17,3.239e-20,6.528e-29,1.062e-19,1.006e-22,6.889e+0,7.389e-5,7.532e-1,4.020e+1,1.252e-6,1.387e-16,2.896e-18,7.476e-19,1.320e+0,1.378e-18,,1.012e-17,,,2.409e-19,,5.364e-19,,8.089e-19,,4.505e-1,,1.566e-17,,1.003e-2,1.630e-16
480.47,8.619e+1,6.891e-21,1.506e-8,1.596e-43,1.044e-19,,,6.761e-19,3.131e-22,,3.158e-15,4.281e-18,1.848e-28,1.010e-17,8.931e-20,9.217e-13,6.339e-21,2.168e-17,,5.407e-19,5.979e-20,2.964e-38,3.565e+1,2.475e-17,2.178e-9,4.403e-1,,1.551e-6,7.910e-22,3.561e-17,3.239e-20,6.529e-29,1.062e-19,1.006e-22,6.746e+0,7.001e-5,7.005e-1,4.100e+1,1.680e-6,8.287e-17,2.888e-18,7.487e-19,1.167e+0,1.392e-18,,1.009e-17,,,2.404e-19,,5.363e-19,,8.088e-19,,4.778e-1,,1.566e-17,,1.191e-2,1.630e-16
480.5,8.727e+1,6.913e-21,1.419e-8,1.595e-43,1.045e-19,,,6.769e-19,3.135e-22,,3.157e-15,4.277e-18,1.845e-28,1.010e-17,8.957e-20,1.009e-12,6.338e-21,3.947e-17,,5.420e-19,5.982e-20,2.974e-38,3.614e+1,2.459e-17,1.945e-9,3.993e-1,,2.442e-6,7.915e-22,3.564e-17,3.240e-20,6.529e-29,1.062e-19,1.007e-22,6.513e+0,7.599e-5,6.245e-1,4.209e+1,2.598e-6,3.801e-17,2.877e-18,7.504e-19,9.649e-1,1.414e-18,,1.005e-17,,,2.396e-19,,5.362e-19,,8.088e-19,,5.188e-1,,1.565e-17,,1.531e-2,1.631e-16
480.52,8.777e+1,6.928e-21,1.358e-8,1.595e-43,1.046e-19,,,6.774e-19,3.138e-22,,3.157e-15,4.274e-18,1.843e-28,1.010e-17,8.974e-20,1.081e-12,6.337e-21,5.861e-17,,5.429e-19,5.983e-20,2.981e-38,3.632e+1,2.449e-17,1.796e-9,3.728e-1,,3.299e-6,7.918e-22,3.565e-17,3.241e-20,6.530e-29,1.062e-19,1.007e-22,6.346e+0,8.833e-5,5.763e-1,4.275e+1,3.459e-6,2.251e-17,2.869e-18,7.515e-19,8.464e-1,1.429e-18,,1.002e-17,,,2.390e-19,,5.362e-19,,8.087e-19,,5.460e-1,,1.565e-17,,1.803e-2,1.631e-16
480.55,8.820e+1,6.950e-21,1.264e-8,1.594e-43,1.047e-19,,,6.782e-19,3.143e-22,,3.156e-15,4.270e-18,1.841e-28,1.010e-17,9.000e-20,1.212e-12,6.336e-21,1.054e-16,,5.442e-19,5.986e-20,2.992e-38,3.636e+1,2.433e-17,1.584e-9,3.342e-1,,5.156e-6,7.922e-22,3.567e-17,3.241e-20,6.530e-29,1.062e-19,1.007e-22,6.080e+0,1.218e-4,5.081e-1,4.362e+1,5.281e-6,1.020e-17,2.858e-18,7.532e-19,6.913e-1,1.451e-18,,9.973e-18,,,2.382e-19,,5.361e-19,,8.086e-19,,5.861e-1,,1.564e-17,,2.290e-2,1.631e-16
480.57,8.827e+1,6.965e-21,1.200e-8,1.593e-43,1.048e-19,,,6.787e-19,3.146e-22,,3.156e-15,4.267e-18,1.839e-28,1.010e-17,9.017e-20,1.316e-12,6.335e-21,1.552e-16,,5.450e-19,5.987e-20,2.999e-38,3.625e+1,2.423e-17,1.450e-9,3.096e-1,,6.918e-6,7.926e-22,3.569e-17,3.242e-20,6.531e-29,1.062e-19,1.007e-22,5.893e+0,1.564e-4,4.655e-1,4.411e+1,6.973e-6,5.989e-18,2.850e-18,7.543e-19,6.018e-1,1.465e-18,,9.945e-18,,,2.376e-19,,5.361e-19,,8.086e-19,,6.121e-1,,1.564e-17,,2.674e-2,1.631e-16
480.6,8.803e+1,6.987e-21,1.103e-8,1.592e-43,1.049e-19,,,6.795e-19,3.150e-22,,3.156e-15,4.263e-18,1.837e-28,1.010e-17,9.043e-20,1.500e-12,6.334e-21,2.758e-16,,5.463e-19,5.990e-20,3.009e-38,3.584e+1,2.407e-17,1.263e-9,2.746e-1,,1.069e-5,7.930e-22,3.571e-17,3.243e-20,6.531e-29,1.063e-19,1.007e-22,5.599e+0,2.335e-4,4.062e-1,4.474e+1,1.052e-5,6.010e-18,2.839e-18,7.559e-19,4.861e-1,1.487e-18,,9.901e-18,,,2.368e-19,,5.360e-19,,8.085e-19,,6.495e-1,,1.563e-17,,3.353e-2,1.632e-16
480.62,8.765e+1,7.001e-21,1.038e-8,1.592e-43,1.050e-19,,,6.801e-19,3.153e-22,,3.155e-15,4.260e-18,1.835e-28,1.010e-17,9.060e-20,1.642e-12,6.334e-21,4.028e-16,,5.472e-19,5.991e-20,3.016e-38,3.543e+1,2.397e-17,1.147e-9,2.525e-1,,1.423e-5,7.933e-22,3.573e-17,3.243e-20,6.531e-29,1.063e-19,1.007e-22,5.396e+0,3.070e-4,3.699e-1,4.506e+1,1.377e-5,6.024e-18,2.832e-18,7.570e-19,4.202e-1,1.501e-18,,9.873e-18,,,2.363e-19,,5.359e-19,,8.085e-19,,6.732e-1,,1.563e-17,,3.884e-2,1.632e-16
480.65,8.675e+1,7.023e-21,9.422e-9,1.591e-43,1.051e-19,,,6.809e-19,3.157e-22,,3.155e-15,4.256e-18,1.832e-28,1.010e-17,9.086e-20,1.887e-12,6.332e-21,7.068e-16,,5.485e-19,5.993e-20,3.026e-38,3.461e+1,2.382e-17,9.867e-10,2.216e-1,,2.172e-5,7.938e-22,3.575e-17,3.244e-20,6.532e-29,1.063e-19,1.007e-22,5.083e+0,4.632e-4,3.202e-1,4.543e+1,2.052e-5,6.045e-18,2.820e-18,7.587e-19,3.363e-1,1.523e-18,,9.830e-18,,,2.355e-19,,5.358e-19,,8.084e-19,,7.064e-1,,1.562e-17,,4.811e-2,1.632e-16
480.67,8.594e+1,7.038e-21,8.796e-9,1.590e-43,1.052e-19,,,6.814e-19,3.160e-22,,3.155e-15,4.254e-18,1.831e-28,1.009e-17,9.103e-20,2.071e-12,6.332e-21,1.024e-15,,5.494e-19,5.995e-20,3.033e-38,3.393e+1,2.371e-17,8.888e-10,2.025e-1,,2.868e-5,7.941e-22,3.576e-17,3.244e-20,6.532e-29,1.063e-19,1.007e-22,4.870e+0,6.083e-4,2.904e-1,4.558e+1,2.665e-5,6.059e-18,2.813e-18,7.598e-19,2.894e-1,1.538e-18,,9.801e-18,,,2.349e-19,,5.358e-19,,8.083e-19,,7.268e-1,,1.562e-17,,5.527e-2,1.633e-16
480.7,8.442e+1,7.060e-21,7.885e-9,1.589e-43,1.053e-19,,,6.822e-19,3.165e-22,,3.154e-15,4.249e-18,1.828e-28,1.009e-17,9.129e-20,2.383e-12,6.331e-21,1.775e-15,,5.507e-19,5.997e-20,3.044e-38,3.273e+1,2.356e-17,7.552e-10,1.761e-1,,4.324e-5,7.946e-22,3.579e-17,3.245e-20,6.533e-29,1.063e-19,1.008e-22,4.545e+0,9.114e-4,2.505e-1,4.566e+1,3.921e-5,6.080e-18,2.802e-18,7.615e-19,2.308e-1,1.559e-18,,9.758e-18,,,2.341e-19,,5.357e-19,,8.083e-19,,7.542e-1,,1.561e-17,,6.762e-2,1.633e-16
480.72,8.322e+1,7.075e-21,7.301e-9,1.589e-43,1.054e-19,,,6.828e-19,3.168e-22,,3.154e-15,4.247e-18,1.827e-28,1.009e-17,9.146e-20,2.614e-12,6.330e-21,2.551e-15,,5.515e-19,5.999e-20,3.051e-38,3.183e+1,2.346e-17,6.747e-10,1.600e-1,,5.663e-5,7.949e-22,3.580e-17,3.246e-20,6.533e-29,1.064e-19,1.008e-22,4.327e+0,1.189e-3,2.271e-1,4.563e+1,5.052e-5,6.094e-18,2.794e-18,7.626e-19,1.988e-1,1.574e-18,,9.729e-18,,,2.335e-19,,5.357e-19,,8.082e-19,,7.702e-1,,1.561e-17,,7.703e-2,1.633e-16
480.75,8.114e+1,7.097e-21,6.464e-9,1.588e-43,1.055e-19,,,6.836e-19,3.172e-22,,3.154e-15,4.242e-18,1.824e-28,1.009e-17,9.172e-20,2.996e-12,6.329e-21,4.367e-15,,5.528e-19,6.001e-20,3.061e-38,3.033e+1,2.330e-17,5.663e-10,1.383e-1,,8.434e-5,7.953e-22,3.582e-17,3.246e-20,6.534e-29,1.064e-19,1.008e-22,4.001e+0,1.762e-3,1.968e-1,4.543e+1,7.342e-5,6.115e-18,2.783e-18,7.642e-19,1.600e-1,1.596e-18,,9.686e-18,,,2.327e-19,,5.356e-19,,8.081e-19,,7.906e-1,,1.560e-17,,9.309e-2,1.633e-16
480.77,7.959e+1,7.111e-21,5.935e-9,1.587e-43,1.056e-19,,,6.841e-19,3.175e-22,,3.153e-15,4.240e-18,1.822e-28,1.009e-17,9.189e-20,3.274e-12,6.328e-21,6.224e-15,,5.537e-19,6.003e-20,3.068e-38,2.925e+1,2.320e-17,5.019e-10,1.254e-1,,1.095e-4,7.957e-22,3.584e-17,3.247e-20,6.534e-29,1.064e-19,1.008e-22,3.785e+0,2.281e-3,1.796e-1,4.520e+1,9.381e-5,6.129e-18,2.775e-18,7.654e-19,1.396e-1,1.610e-18,,9.657e-18,,,2.322e-19,,5.355e-19,,8.081e-19,,8.016e-1,,1.560e-17,,1.052e-1,1.634e-16
480.79,7.791e+1,7.126e-21,5.432e-9,1.586e-43,1.056e-19,,,6.846e-19,3.178e-22,,3.153e-15,4.237e-18,1.821e-28,1.009e-17,9.206e-20,3.572e-12,6.328e-21,8.841e-15,,5.545e-19,6.004e-20,3.075e-38,2.812e+1,2.309e-17,4.434e-10,1.136e-1,,1.418e-4,7.960e-22,3.585e-17,3.247e-20,6.535e-29,1.064e-19,1.008e-22,3.572e+0,2.943e-3,1.648e-1,4.489e+1,1.195e-4,6.143e-18,2.768e-18,7.665e-19,1.233e-1,1.625e-18,,9.628e-18,,,2.316e-19,,5.355e-19,,8.080e-19,,8.105e-1,,1.560e-17,,1.185e-1,1.634e-16
480.82,7.519e+1,7.148e-21,4.726e-9,1.586e-43,1.058e-19,,,6.854e-19,3.182e-22,,3.153e-15,4.233e-18,1.818e-28,1.009e-17,9.232e-20,4.053e-12,6.326e-21,1.488e-14,,5.558e-19,6.007e-20,3.085e-38,2.635e+1,2.294e-17,3.662e-10,9.819e-2,,2.076e-4,7.964e-22,3.587e-17,3.248e-20,6.535e-29,1.064e-19,1.008e-22,3.259e+0,4.286e-3,1.470e-1,4.427e+1,1.707e-4,6.164e-18,2.757e-18,7.681e-19,1.057e-1,1.647e-18,,9.585e-18,,,2.308e-19,,5.354e-19,,8.080e-19,,8.197e-1,,1.559e-17,,1.407e-1,1.634e-16
480.84,7.326e+1,7.163e-21,4.290e-9,1.585e-43,1.058e-19,,,6.860e-19,3.185e-22,,3.152e-15,4.230e-18,1.816e-28,1.009e-17,9.249e-20,4.396e-12,6.326e-21,2.096e-14,,5.567e-19,6.008e-20,3.092e-38,2.512e+1,2.284e-17,3.212e-10,8.931e-2,,2.666e-4,7.967e-22,3.589e-17,3.249e-20,6.536e-29,1.064e-19,1.008e-22,3.057e+0,5.486e-3,1.380e-1,4.376e+1,2.156e-4,6.178e-18,2.749e-18,7.692e-19,9.815e-2,1.661e-18,,9.556e-18,,,2.303e-19,,5.353e-19,,8.079e-19,,8.231e-1,,1.559e-17,,1.571e-1,1.634e-16
480.87,7.020e+1,7.185e-21,3.686e-9,1.584e-43,1.060e-19,,,6.868e-19,3.190e-22,,3.152e-15,4.226e-18,1.814e-28,1.009e-17,9.275e-20,4.944e-12,6.325e-21,3.484e-14,,5.580e-19,6.011e-20,3.103e-38,2.326e+1,2.268e-17,2.625e-10,7.801e-2,,3.854e-4,7.972e-22,3.591e-17,3.250e-20,6.536e-29,1.065e-19,1.008e-22,2.765e+0,7.893e-3,1.285e-1,4.285e+1,3.041e-4,6.199e-18,2.738e-18,7.709e-19,9.287e-2,1.683e-18,,9.513e-18,,,2.294e-19,,5.353e-19,,8.078e-19,,8.240e-1,,1.558e-17,,1.843e-1,1.635e-16
480.89,6.807e+1,7.200e-21,3.318e-9,1.583e-43,1.060e-19,,,6.873e-19,3.193e-22,,3.152e-15,4.223e-18,1.812e-28,1.009e-17,9.292e-20,5.328e-12,6.324e-21,4.869e-14,,5.589e-19,6.012e-20,3.110e-38,2.201e+1,2.258e-17,2.289e-10,7.176e-2,,4.908e-4,7.975e-22,3.593e-17,3.250e-20,6.537e-29,1.065e-19,1.008e-22,2.580e+0,1.002e-2,1.249e-1,4.215e+1,3.810e-4,6.213e-18,2.730e-18,7.720e-19,9.324e-2,1.697e-18,,9.484e-18,,,2.289e-19,,5.352e-19,,8.078e-19,,8.218e-1,,1.558e-17,,2.042e-1,1.635e-16
480.92,6.477e+1,7.222e-21,2.816e-9,1.582e-43,1.062e-19,,,6.881e-19,3.197e-22,,3.151e-15,4.219e-18,1.810e-28,1.009e-17,9.318e-20,5.932e-12,6.323e-21,7.995e-14,,5.602e-19,6.015e-20,3.120e-38,2.015e+1,2.242e-17,1.858e-10,6.421e-2,,7.010e-4,7.980e-22,3.595e-17,3.251e-20,6.537e-29,1.065e-19,1.009e-22,2.316e+0,1.424e-2,1.233e-1,4.096e+1,5.310e-4,6.234e-18,2.719e-18,7.737e-19,9.964e-2,1.719e-18,,9.441e-18,,,2.281e-19,,5.351e-19,,8.077e-19,,8.146e-1,,1.557e-17,,2.366e-1,1.635e-16
480.94,6.253e+1,7.236e-21,2.514e-9,1.582e-43,1.062e-19,,,6.887e-19,3.200e-22,,3.151e-15,4.216e-18,1.808e-28,1.009e-17,9.335e-20,6.350e-12,6.322e-21,1.108e-13,,5.610e-19,6.016e-20,3.127e-38,1.892e+1,2.232e-17,1.615e-10,6.031e-2,,8.853e-4,7.983e-22,3.596e-17,3.251e-20,6.537e-29,1.065e-19,1.009e-22,2.152e+0,1.793e-2,1.248e-1,4.008e+1,6.598e-4,6.248e-18,2.711e-18,7.748e-19,1.079e-1,2.917e-18,,9.412e-18,,,2.275e-19,,5.351e-19,,8.077e-19,,8.072e-1,,1.557e-17,,2.599e-1,1.636e-16
480.97,5.912e+1,7.258e-21,2.107e-9,1.581e-43,1.063e-19,,,6.895e-19,3.204e-22,,3.150e-15,4.212e-18,1.805e-28,1.009e-17,9.361e-20,6.997e-12,6.321e-21,1.797e-13,,5.623e-19,6.019e-20,3.137e-38,1.714e+1,2.216e-17,1.312e-10,5.607e-2,,1.249e-3,7.988e-22,3.599e-17,3.252e-20,6.538e-29,1.065e-19,1.009e-22,1.924e+0,2.516e-2,1.307e-1,3.863e+1,9.082e-4,6.269e-18,2.700e-18,7.764e-19,1.267e-1,6.409e-18,,9.369e-18,,,2.267e-19,,5.350e-19,,8.076e-19,,7.926e-1,,1.556e-17,,2.975e-1,1.636e-16
480.99,5.683e+1,7.273e-21,1.866e-9,1.580e-43,1.064e-19,,,6.900e-19,3.207e-22,,3.150e-15,4.209e-18,1.804e-28,1.009e-17,9.378e-20,7.439e-12,6.320e-21,2.471e-13,,5.632e-19,6.020e-20,3.144e-38,1.599e+1,2.206e-17,1.145e-10,5.425e-2,,1.565e-3,7.991e-22,3.600e-17,3.253e-20,6.538e-29,1.065e-19,1.009e-22,1.785e+0,3.142e-2,1.371e-1,3.758e+1,1.119e-3,6.283e-18,2.693e-18,7.775e-19,1.439e-1,1.079e-17,,9.340e-18,,,2.262e-19,,5.349e-19,,8.075e-19,,7.806e-1,,1.556e-17,,3.241e-1,1.636e-16
481.02,5.341e+1,7.295e-21,1.544e-9,1.579e-43,1.065e-19,,,6.908e-19,3.212e-22,,3.150e-15,4.205e-18,1.801e-28,1.009e-17,9.404e-20,8.114e-12,6.319e-21,3.958e-13,,5.645e-19,6.023e-20,3.155e-38,1.435e+1,2.191e-17,9.451e-11,5.291e-2,,2.180e-3,7.995e-22,3.602e-17,3.253e-20,6.539e-29,1.066e-19,1.009e-22,1.597e+0,4.357e-2,1.502e-1,3.591e+1,1.522e-3,6.304e-18,2.681e-18,7.792e-19,1.772e-1,2.341e-17,,9.297e-18,,,2.253e-19,,5.349e-19,,8.074e-19,,7.596e-1,,1.556e-17,,3.664e-1,1.636e-16
481.04,5.116e+1,7.310e-21,1.356e-9,1.579e-43,1.066e-19,,,6.913e-19,3.215e-22,,3.149e-15,4.202e-18,1.799e-28,1.009e-17,9.421e-20,8.567e-12,6.319e-21,5.397e-13,,5.654e-19,6.024e-20,3.162e-38,1.332e+1,2.180e-17,8.413e-11,5.289e-2,,2.709e-3,7.998e-22,3.604e-17,3.254e-20,6.539e-29,1.066e-19,1.009e-22,1.486e+0,5.395e-2,1.613e-1,3.473e+1,1.860e-3,6.318e-18,2.674e-18,7.803e-19,2.052e-1,3.908e-17,,9.268e-18,,,2.248e-19,,5.348e-19,,8.074e-19,,7.437e-1,,1.555e-17,,3.959e-1,1.637e-16
481.07,4.785e+1,7.332e-21,1.109e-9,1.578e-43,1.067e-19,,,6.921e-19,3.219e-22,,3.149e-15,4.198e-18,1.797e-28,1.009e-17,9.447e-20,9.250e-12,6.318e-21,8.540e-13,,5.667e-19,6.026e-20,3.172e-38,1.188e+1,2.165e-17,7.262e-11,5.405e-2,,3.728e-3,8.003e-22,3.606e-17,3.255e-20,6.540e-29,1.066e-19,1.009e-22,1.343e+0,7.389e-2,1.814e-1,3.289e+1,2.498e-3,6.339e-18,2.663e-18,7.820e-19,2.568e-1,8.379e-17,,9.225e-18,,,2.240e-19,,5.347e-19,,8.073e-19,,7.176e-1,,1.555e-17,,4.420e-1,1.637e-16
481.09,4.571e+1,7.347e-21,9.655e-10,1.577e-43,1.068e-19,,,6.927e-19,3.222e-22,,3.149e-15,4.195e-18,1.795e-28,1.009e-17,9.464e-20,9.703e-12,6.317e-21,1.155e-12,,5.675e-19,6.028e-20,3.179e-38,1.100e+1,2.154e-17,6.746e-11,5.558e-2,,4.594e-3,8.006e-22,3.608e-17,3.255e-20,6.540e-29,1.066e-19,1.009e-22,1.263e+0,9.075e-2,1.970e-1,3.162e+1,3.028e-3,6.353e-18,2.655e-18,7.831e-19,2.984e-1,1.387e-16,,9.196e-18,,,2.234e-19,,5.347e-19,,8.073e-19,,6.987e-1,,1.554e-17,,4.738e-1,1.637e-16
481.12,4.262e+1,7.369e-21,7.796e-10,1.576e-43,1.069e-19,,,6.935e-19,3.227e-22,,3.148e-15,4.191e-18,1.793e-28,1.009e-17,9.490e-20,1.037e-11,6.316e-21,1.805e-12,,5.688e-19,6.030e-20,3.189e-38,9.798e+0,2.139e-17,6.324e-11,5.889e-2,,6.245e-3,8.011e-22,3.610e-17,3.256e-20,6.541e-29,1.066e-19,1.009e-22,1.168e+0,1.228e-1,2.238e-1,2.967e+1,4.017e-3,6.374e-18,2.644e-18,7.847e-19,3.732e-1,2.938e-16,,9.153e-18,,,2.226e-19,,5.346e-19,,8.072e-19,,6.688e-1,,1.554e-17,,5.224e-1,1.638e-16
481.14,4.065e+1,7.383e-21,6.733e-10,1.576e-43,1.070e-19,,,6.940e-19,3.230e-22,,3.148e-15,4.188e-18,1.791e-28,1.009e-17,9.507e-20,1.081e-11,6.315e-21,2.421e-12,,5.697e-19,6.032e-20,3.196e-38,9.081e+0,2.129e-17,6.269e-11,6.173e-2,,7.632e-3,8.014e-22,3.611e-17,3.256e-20,6.541e-29,1.066e-19,1.010e-22,1.121e+0,1.496e-1,2.438e-1,2.835e+1,4.829e-3,6.388e-18,2.636e-18,7.858e-19,4.323e-1,4.826e-16,,9.124e-18,,,2.221e-19,,5.345e-19,,8.071e-19,,6.479e-1,,1.553e-17,,5.553e-1,1.638e-16
481.16,3.878e+1,7.398e-21,5.795e-10,1.575e-43,1.071e-19,,,6.945e-19,3.232e-22,,3.148e-15,4.185e-18,1.789e-28,1.009e-17,9.524e-20,1.125e-11,6.314e-21,3.237e-12,,5.705e-19,6.034e-20,3.203e-38,8.435e+0,2.118e-17,6.391e-11,6.503e-2,,9.297e-3,8.017e-22,3.613e-17,3.257e-20,6.542e-29,1.067e-19,1.010e-22,1.088e+0,1.816e-1,2.654e-1,2.702e+1,5.787e-3,6.402e-18,2.629e-18,7.869e-19,4.997e-1,7.900e-16,,9.096e-18,,,2.215e-19,,5.345e-19,,8.071e-19,,6.264e-1,,1.553e-17,,5.883e-1,1.638e-16
481.19,3.617e+1,7.420e-21,4.599e-10,1.574e-43,1.072e-19,,,6.953e-19,3.237e-22,,3.147e-15,4.181e-18,1.787e-28,1.009e-17,9.550e-20,1.187e-11,6.313e-21,4.973e-12,,5.718e-19,6.036e-20,3.214e-38,7.601e+0,2.103e-17,6.904e-11,7.077e-2,,1.242e-2,8.022e-22,3.615e-17,3.258e-20,6.542e-29,1.067e-19,1.010e-22,1.064e+0,2.414e-1,3.008e-1,2.502e+1,7.545e-3,6.423e-18,2.618e-18,7.886e-19,6.181e-1,1.645e-15,,9.052e-18,,,2.207e-19,,5.344e-19,,8.070e-19,,5.934e-1,,1.552e-17,,6.376e-1,1.638e-16
481.21,3.457e+1,7.435e-21,3.926e-10,1.574e-43,1.073e-19,,,6.959e-19,3.240e-22,,3.147e-15,4.178e-18,1.785e-28,1.009e-17,9.567e-20,1.228e-11,6.313e-21,6.594e-12,,5.727e-19,6.037e-20,3.221e-38,7.136e+0,2.092e-17,7.471e-11,7.507e-2,,1.501e-2,8.025e-22,3.616e-17,3.258e-20,6.543e-29,1.067e-19,1.010e-22,1.066e+0,2.908e-1,3.263e-1,2.370e+1,8.968e-3,6.437e-18,2.610e-18,7.897e-19,7.099e-1,2.670e-15,,9.024e-18,,,2.201e-19,,5.343e-19,,8.070e-19,,5.711e-1,,1.552e-17,,6.700e-1,1.639e-16
481.24,3.242e+1,7.457e-21,3.077e-10,1.573e-43,1.074e-19,,,6.967e-19,3.244e-22,,3.147e-15,4.174e-18,1.783e-28,1.009e-17,9.593e-20,1.286e-11,6.312e-21,1.001e-11,,5.740e-19,6.040e-20,3.231e-38,6.576e+0,2.077e-17,8.670e-11,8.215e-2,,1.981e-2,8.029e-22,3.619e-17,3.259e-20,6.543e-29,1.067e-19,1.010e-22,1.097e+0,3.819e-1,3.670e-1,2.176e+1,1.155e-2,6.458e-18,2.599e-18,7.914e-19,8.690e-1,5.491e-15,,8.980e-18,,,2.193e-19,,5.343e-19,,8.069e-19,,5.374e-1,,1.552e-17,,7.172e-1,1.639e-16
481.26,3.116e+1,7.472e-21,2.605e-10,1.572e-43,1.075e-19,,,6.972e-19,3.247e-22,,3.146e-15,4.171e-18,1.781e-28,1.009e-17,9.610e-20,1.323e-11,6.311e-21,1.316e-11,,5.749e-19,6.041e-20,3.238e-38,6.295e+0,2.067e-17,9.715e-11,8.725e-2,,2.374e-2,8.033e-22,3.620e-17,3.259e-20,6.544e-29,1.067e-19,1.010e-22,1.136e+0,4.561e-1,3.957e-1,2.050e+1,1.361e-2,6.472e-18,2.591e-18,7.925e-19,9.909e-1,8.844e-15,,8.952e-18,,,2.188e-19,,5.342e-19,,8.068e-19,,5.150e-1,,1.551e-17,,7.474e-1,1.639e-16
481.29,2.956e+1,7.494e-21,2.016e-10,1.571e-43,1.076e-19,,,6.980e-19,3.252e-22,,3.146e-15,4.167e-18,1.778e-28,1.009e-17,9.636e-20,1.375e-11,6.310e-21,1.973e-11,,5.762e-19,6.044e-20,3.248e-38,6.012e+0,2.051e-17,1.168e-10,9.535e-2,,3.094e-2,8.037e-22,3.622e-17,3.260e-20,6.544e-29,1.067e-19,1.010e-22,1.223e+0,5.917e-1,4.407e-1,1.868e+1,1.732e-2,6.493e-18,2.580e-18,7.941e-19,1.200e+0,1.797e-14,,8.908e-18,,,2.180e-19,,5.341e-19,,8.068e-19,,4.816e-1,,1.551e-17,,7.902e-1,1.640e-16
481.31,2.870e+1,7.508e-21,1.693e-10,1.571e-43,1.077e-19,,,6.986e-19,3.255e-22,,3.146e-15,4.164e-18,1.777e-28,1.009e-17,9.653e-20,1.408e-11,6.309e-21,2.573e-11,,5.770e-19,6.045e-20,3.255e-38,5.913e+0,2.041e-17,1.326e-10,1.010e-1,,3.678e-2,8.040e-22,3.624e-17,3.261e-20,6.544e-29,1.068e-19,1.010e-22,1.301e+0,7.009e-1,4.717e-1,1.752e+1,2.025e-2,6.507e-18,2.572e-18,7.952e-19,1.358e+0,2.870e-14,,8.880e-18,,,2.174e-19,,5.341e-19,,8.067e-19,,4.596e-1,,1.550e-17,,8.167e-1,1.640e-16
481.34,2.774e+1,7.530e-21,1.294e-10,1.570e-43,1.078e-19,,,6.994e-19,3.259e-22,,3.145e-15,4.160e-18,1.774e-28,1.009e-17,9.679e-20,1.455e-11,6.308e-21,3.810e-11,,5.783e-19,6.048e-20,3.266e-38,5.899e+0,2.025e-17,1.610e-10,1.098e-1,,4.736e-2,8.045e-22,3.626e-17,3.261e-20,6.545e-29,1.068e-19,1.010e-22,1.448e+0,8.981e-1,5.195e-1,1.588e+1,2.544e-2,6.528e-18,2.561e-18,7.969e-19,1.626e+0,5.759e-14,,8.836e-18,,,2.166e-19,,5.340e-19,,8.066e-19,,4.273e-1,,1.550e-17,,8.529e-1,1.640e-16
481.36,2.733e+1,7.545e-21,1.078e-10,1.569e-43,1.079e-19,,,6.999e-19,3.262e-22,,3.145e-15,4.157e-18,1.772e-28,1.009e-17,9.696e-20,1.485e-11,6.307e-21,4.930e-11,,5.792e-19,6.049e-20,3.273e-38,5.978e+0,2.015e-17,1.833e-10,1.158e-1,,5.582e-2,8.048e-22,3.628e-17,3.262e-20,6.545e-29,1.068e-19,1.011e-22,1.567e+0,1.055e+0,5.519e-1,1.487e+1,2.950e-2,6.542e-18,2.554e-18,7.980e-19,1.827e+0,9.125e-14,,8.808e-18,,,2.160e-19,,5.339e-19,,8.066e-19,,4.063e-1,,1.549e-17,,8.742e-1,1.640e-16
481.39,2.708e+1,7.567e-21,8.136e-11,1.568e-43,1.080e-19,,,7.007e-19,3.266e-22,,3.144e-15,4.153e-18,1.770e-28,1.009e-17,9.722e-20,1.526e-11,6.306e-21,7.210e-11,,5.805e-19,6.052e-20,3.283e-38,6.223e+0,1.999e-17,2.219e-10,1.250e-1,,7.100e-2,8.053e-22,3.630e-17,3.263e-20,6.546e-29,1.068e-19,1.011e-22,1.776e+0,1.335e+0,6.007e-1,1.347e+1,3.661e-2,6.563e-18,2.542e-18,7.997e-19,2.165e+0,1.809e-13,,8.765e-18,,,2.152e-19,,5.339e-19,,8.065e-19,,3.756e-1,,1.549e-17,,9.017e-1,1.641e-16
481.41,2.717e+1,7.582e-21,6.718e-11,1.568e-43,1.081e-19,,,7.012e-19,3.269e-22,,3.144e-15,4.150e-18,1.768e-28,1.009e-17,9.739e-20,1.552e-11,6.306e-21,9.252e-11,,5.814e-19,6.053e-20,3.290e-38,6.469e+0,1.989e-17,2.516e-10,1.311e-1,,8.300e-2,8.056e-22,3.631e-17,3.263e-20,6.546e-29,1.068e-19,1.011e-22,1.937e+0,1.556e+0,6.331e-1,1.263e+1,4.210e-2,6.577e-18,2.535e-18,8.008e-19,2.415e+0,2.843e-13,,8.736e-18,,,2.147e-19,,5.338e-19,,8.065e-19,,3.558e-1,,1.548e-17,,9.167e-1,1.641e-16
481.44,2.771e+1,7.604e-21,5.010e-11,1.567e-43,1.082e-19,,,7.020e-19,3.274e-22,,3.144e-15,4.146e-18,1.766e-28,1.009e-17,9.765e-20,1.589e-11,6.305e-21,1.337e-10,,5.827e-19,6.056e-20,3.301e-38,6.959e+0,1.974e-17,3.022e-10,1.402e-1,,1.043e-1,8.060e-22,3.634e-17,3.264e-20,6.547e-29,1.069e-19,1.011e-22,2.210e+0,1.945e+0,6.809e-1,1.152e+1,5.160e-2,6.598e-18,2.524e-18,8.024e-19,2.831e+0,5.566e-13,,8.693e-18,,,2.139e-19,,5.337e-19,,8.064e-19,,3.272e-1,,1.548e-17,,9.339e-1,1.641e-16
481.46,2.834e+1,7.618e-21,4.103e-11,1.566e-43,1.083e-19,,,7.026e-19,3.277e-22,,3.143e-15,4.143e-18,1.764e-28,1.009e-17,9.782e-20,1.612e-11,6.304e-21,1.701e-10,,5.835e-19,6.057e-20,3.307e-38,7.361e+0,1.963e-17,3.404e-10,1.463e-1,,1.209e-1,8.064e-22,3.635e-17,3.264e-20,6.547e-29,1.069e-19,1.011e-22,2.413e+0,2.248e+0,7.118e-1,1.089e+1,5.886e-2,6.612e-18,2.516e-18,8.035e-19,3.136e+0,8.677e-13,,8.664e-18,,,2.133e-19,,5.337e-19,,8.063e-19,,3.089e-1,,1.548e-17,,9.416e-1,1.641e-16
481.49,2.971e+1,7.640e-21,3.022e-11,1.565e-43,1.084e-19,,,7.034e-19,3.281e-22,,3.143e-15,4.139e-18,1.761e-28,1.009e-17,9.808e-20,1.645e-11,6.303e-21,2.428e-10,,5.848e-19,6.059e-20,3.318e-38,8.074e+0,1.948e-17,4.046e-10,1.551e-1,,1.500e-1,8.068e-22,3.637e-17,3.265e-20,6.548e-29,1.069e-19,1.011e-22,2.751e+0,2.776e+0,7.562e-1,1.011e+1,7.127e-2,6.633e-18,2.505e-18,8.052e-19,3.638e+0,1.678e-12,,8.621e-18,,,2.125e-19,,5.336e-19,,8.063e-19,,2.825e-1,,1.547e-17,,9.475e-1,1.642e-16
481.51,3.093e+1,7.655e-21,2.454e-11,1.565e-43,1.085e-19,,,7.039e-19,3.284e-22,,3.143e-15,4.136e-18,1.760e-28,1.009e-17,9.825e-20,1.666e-11,6.302e-21,3.064e-10,,5.857e-19,6.061e-20,3.325e-38,8.617e+0,1.937e-17,4.522e-10,1.607e-1,,1.725e-1,8.071e-22,3.639e-17,3.266e-20,6.548e-29,1.069e-19,1.011e-22,2.997e+0,3.182e+0,7.842e-1,9.714e+0,8.063e-2,6.647e-18,2.497e-18,8.063e-19,4.004e+0,2.595e-12,,8.592e-18,,,2.119e-19,,5.335e-19,,8.062e-19,,2.657e-1,,1.547e-17,,9.475e-1,1.642e-16
481.53,3.237e+1,7.670e-21,1.987e-11,1.564e-43,1.086e-19,,,7.044e-19,3.287e-22,,3.142e-15,4.134e-18,1.758e-28,1.009e-17,9.842e-20,1.687e-11,6.301e-21,3.856e-10,,5.865e-19,6.063e-20,3.332e-38,9.210e+0,1.927e-17,5.039e-10,1.662e-1,,1.978e-1,8.074e-22,3.640e-17,3.266e-20,6.549e-29,1.069e-19,1.011e-22,3.260e+0,3.636e+0,8.105e-1,9.416e+0,9.091e-2,6.661e-18,2.490e-18,8.074e-19,4.394e+0,3.999e-12,,8.563e-18,,,2.114e-19,,5.335e-19,,8.062e-19,,2.495e-1,,1.546e-17,,9.444e-1,1.642e-16
481.56,3.500e+1,7.692e-21,1.438e-11,1.563e-43,1.087e-19,,,7.053e-19,3.291e-22,,3.142e-15,4.130e-18,1.755e-28,1.009e-17,9.868e-20,1.716e-11,6.300e-21,5.408e-10,,5.878e-19,6.065e-20,3.342e-38,1.019e+1,1.912e-17,5.892e-10,1.740e-1,,2.412e-1,8.079e-22,3.643e-17,3.267e-20,6.549e-29,1.069e-19,1.011e-22,3.684e+0,4.412e+0,8.464e-1,9.162e+0,1.082e-1,6.682e-18,2.478e-18,8.091e-19,5.028e+0,7.605e-12,,8.520e-18,,,2.106e-19,,5.334e-19,,8.061e-19,,2.264e-1,,1.546e-17,,9.339e-1,1.643e-16
481.58,3.706e+1,7.707e-21,1.154e-11,1.563e-43,1.088e-19,,,7.058e-19,3.294e-22,,3.142e-15,4.127e-18,1.754e-28,1.009e-17,9.885e-20,1.734e-11,6.300e-21,6.749e-10,,5.887e-19,6.067e-20,3.349e-38,1.089e+1,1.901e-17,6.514e-10,1.788e-1,,2.742e-1,8.082e-22,3.644e-17,3.267e-20,6.550e-29,1.070e-19,1.012e-22,3.986e+0,5.000e+0,8.677e-1,9.127e+0,1.210e-1,6.696e-18,2.471e-18,8.102e-19,5.483e+0,1.162e-11,,8.491e-18,,,2.100e-19,,5.333e-19,,8.060e-19,,2.118e-1,,1.545e-17,,9.232e-1,1.643e-16
481.61,4.062e+1,7.729e-21,8.252e-12,1.562e-43,1.089e-19,,,7.066e-19,3.299e-22,,3.141e-15,4.123e-18,1.751e-28,1.009e-17,9.911e-20,1.761e-11,6.299e-21,9.350e-10,,5.900e-19,6.069e-20,3.360e-38,1.201e+1,1.886e-17,7.525e-10,1.855e-1,,3.303e-1,8.087e-22,3.646e-17,3.268e-20,6.550e-29,1.070e-19,1.012e-22,4.466e+0,5.994e+0,8.951e-1,9.285e+0,1.422e-1,6.717e-18,2.460e-18,8.119e-19,6.216e+0,2.183e-11,,8.448e-18,,,2.092e-19,,5.333e-19,,8.060e-19,,1.911e-1,,1.545e-17,,9.017e-1,1.643e-16
481.63,4.330e+1,7.743e-21,6.570e-12,1.561e-43,1.090e-19,,,7.071e-19,3.302e-22,,3.141e-15,4.120e-18,1.750e-28,1.009e-17,9.928e-20,1.778e-11,6.298e-21,1.157e-9,,5.909e-19,6.070e-20,3.367e-38,1.280e+1,1.875e-17,8.250e-10,1.896e-1,,3.725e-1,8.090e-22,3.648e-17,3.269e-20,6.550e-29,1.070e-19,1.012e-22,4.803e+0,6.736e+0,9.102e-1,9.533e+0,1.578e-1,6.731e-18,2.452e-18,8.130e-19,6.738e+0,3.311e-11,,8.419e-18,,,2.087e-19,,5.332e-19,,8.059e-19,,1.781e-1,,1.544e-17,,8.840e-1,1.643e-16
481.66,4.778e+1,7.765e-21,4.638e-12,1.560e-43,1.091e-19,,,7.079e-19,3.306e-22,,3.141e-15,4.116e-18,1.747e-28,1.009e-17,9.954e-20,1.802e-11,6.297e-21,1.584e-9,,5.922e-19,6.073e-20,3.377e-38,1.402e+1,1.860e-17,9.415e-10,1.950e-1,,4.432e-1,8.095e-22,3.650e-17,3.269e-20,6.551e-29,1.070e-19,1.012e-22,5.329e+0,7.976e+0,9.275e-1,1.013e+1,1.832e-1,6.752e-18,2.441e-18,8.146e-19,7.572e+0,6.143e-11,,8.376e-18,,,2.078e-19,,5.331e-19,,8.058e-19,,1.597e-1,,1.544e-17,,8.529e-1,1.644e-16
481.68,5.108e+1,7.780e-21,3.663e-12,1.560e-43,1.092e-19,,,7.085e-19,3.309e-22,,3.140e-15,4.113e-18,1.745e-28,1.009e-17,9.971e-20,1.817e-11,6.296e-21,1.944e-9,,5.930e-19,6.074e-20,3.384e-38,1.485e+1,1.850e-17,1.024e-9,1.981e-1,,4.957e-1,8.098e-22,3.651e-17,3.270e-20,6.551e-29,1.070e-19,1.012e-22,5.692e+0,8.891e+0,9.354e-1,1.067e+1,2.015e-1,6.766e-18,2.433e-18,8.157e-19,8.161e+0,9.238e-11,,8.347e-18,,,2.073e-19,,5.331e-19,,8.058e-19,,1.483e-1,,1.544e-17,,8.293e-1,1.644e-16
481.71,5.646e+1,7.802e-21,2.554e-12,1.559e-43,1.093e-19,,,7.093e-19,3.313e-22,,3.140e-15,4.109e-18,1.743e-28,1.009e-17,9.997e-20,1.838e-11,6.295e-21,2.628e-9,,5.943e-19,6.077e-20,3.394e-38,1.612e+1,1.834e-17,1.154e-9,2.020e-1,,5.826e-1,8.102e-22,3.654e-17,3.271e-20,6.552e-29,1.070e-19,1.012e-22,6.251e+0,1.040e+1,9.417e-1,1.172e+1,2.311e-1,6.787e-18,2.422e-18,8.174e-19,9.096e+0,1.693e-10,,8.304e-18,,,2.065e-19,,5.330e-19,,8.057e-19,,1.322e-1,,1.543e-17,,7.902e-1,1.644e-16
481.73,6.034e+1,7.817e-21,2.000e-12,1.558e-43,1.094e-19,,,7.098e-19,3.316e-22,,3.139e-15,4.106e-18,1.741e-28,1.009e-17,1.001e-19,1.850e-11,6.294e-21,3.200e-9,,5.952e-19,6.078e-20,3.401e-38,1.696e+1,1.824e-17,1.245e-9,2.041e-1,,6.462e-1,8.105e-22,3.655e-17,3.271e-20,6.552e-29,1.071e-19,1.012e-22,6.631e+0,1.150e+1,9.421e-1,1.257e+1,2.521e-1,6.801e-18,2.415e-18,8.185e-19,9.752e+0,2.526e-10,,8.275e-18,,,2.059e-19,,5.329e-19,,8.057e-19,,1.222e-1,,1.543e-17,,7.620e-1,1.645e-16
481.76,6.657e+1,7.839e-21,1.377e-12,1.557e-43,1.095e-19,,,7.106e-19,3.321e-22,,3.139e-15,4.102e-18,1.739e-28,1.009e-17,1.004e-19,1.867e-11,6.293e-21,4.273e-9,,5.965e-19,6.081e-20,3.412e-38,1.821e+1,1.808e-17,1.386e-9,2.064e-1,,7.502e-1,8.110e-22,3.657e-17,3.272e-20,6.553e-29,1.071e-19,1.012e-22,7.206e+0,1.328e+1,9.370e-1,1.409e+1,2.856e-1,6.822e-18,2.403e-18,8.202e-19,1.079e+1,4.573e-10,,8.232e-18,,,2.051e-19,,5.329e-19,,8.056e-19,,1.083e-1,,1.542e-17,,7.172e-1,1.645e-16
481.78,7.098e+1,7.854e-21,1.070e-12,1.557e-43,1.096e-19,,,7.111e-19,3.324e-22,,3.139e-15,4.099e-18,1.737e-28,1.009e-17,1.006e-19,1.876e-11,6.293e-21,5.160e-9,,5.974e-19,6.082e-20,3.419e-38,1.902e+1,1.798e-17,1.483e-9,2.075e-1,,8.252e-1,8.113e-22,3.659e-17,3.272e-20,6.553e-29,1.071e-19,1.012e-22,7.590e+0,1.456e+1,9.299e-1,1.525e+1,3.090e-1,6.836e-18,2.396e-18,8.213e-19,1.151e+1,6.765e-10,,8.203e-18,,,2.046e-19,,5.328e-19,,8.055e-19,,9.983e-2,,1.542e-17,,6.859e-1,1.645e-16
481.81,7.796e+1,7.876e-21,7.274e-13,1.556e-43,1.097e-19,,,7.119e-19,3.328e-22,,3.138e-15,4.095e-18,1.734e-28,1.009e-17,1.008e-19,1.886e-11,6.292e-21,6.806e-9,,5.987e-19,6.085e-20,3.429e-38,2.018e+1,1.782e-17,1.630e-9,2.083e-1,,9.463e-1,8.118e-22,3.661e-17,3.273e-20,6.554e-29,1.071e-19,1.013e-22,8.160e+0,1.662e+1,9.138e-1,1.722e+1,3.458e-1,6.857e-18,2.385e-18,8.229e-19,1.264e+1,1.210e-9,,8.160e-18,,,2.037e-19,,5.327e-19,,8.055e-19,,8.814e-2,,1.541e-17,,6.376e-1,1.645e-16
481.83,8.283e+1,7.890e-21,5.603e-13,1.555e-43,1.098e-19,,,7.125e-19,3.331e-22,,3.138e-15,4.092e-18,1.733e-28,1.009e-17,1.010e-19,1.891e-11,6.291e-21,8.152e-9,,5.995e-19,6.086e-20,3.436e-38,2.092e+1,1.772e-17,1.730e-9,2.083e-1,,1.032e+0,8.121e-22,3.663e-17,3.274e-20,6.554e-29,1.071e-19,1.013e-22,8.533e+0,1.807e+1,8.997e-1,1.869e+1,3.711e-1,6.871e-18,2.377e-18,8.240e-19,1.342e+1,1.776e-9,,8.131e-18,,,2.032e-19,,5.327e-19,,8.054e-19,,8.105e-2,,1.541e-17,,6.048e-1,1.646e-16
481.86,9.042e+1,7.912e-21,3.764e-13,1.554e-43,1.099e-19,,,7.133e-19,3.336e-22,,3.138e-15,4.088e-18,1.730e-28,1.009e-17,1.013e-19,1.894e-11,6.290e-21,1.062e-8,,6.008e-19,6.089e-20,3.446e-38,2.194e+1,1.757e-17,1.879e-9,2.076e-1,,1.169e+0,8.126e-22,3.665e-17,3.274e-20,6.555e-29,1.071e-19,1.013e-22,9.076e+0,2.037e+1,8.738e-1,2.111e+1,4.101e-1,6.892e-18,2.366e-18,8.257e-19,1.464e+1,3.137e-9,,8.088e-18,,,2.024e-19,,5.326e-19,,8.053e-19,,7.147e-2,,1.540e-17,,5.553e-1,1.646e-16
481.88,9.563e+1,7.927e-21,2.875e-13,1.554e-43,1.100e-19,,,7.138e-19,3.339e-22,,3.137e-15,4.085e-18,1.728e-28,1.009e-17,1.014e-19,1.893e-11,6.289e-21,1.262e-8,,6.017e-19,6.090e-20,3.453e-38,2.256e+1,1.746e-17,1.977e-9,2.066e-1,,1.265e+0,8.129e-22,3.666e-17,3.275e-20,6.555e-29,1.072e-19,1.013e-22,9.422e+0,2.197e+1,8.536e-1,2.286e+1,4.366e-1,6.906e-18,2.358e-18,8.268e-19,1.548e+1,4.567e-9,,8.059e-18,,,2.018e-19,,5.325e-19,,8.053e-19,,6.577e-2,,1.540e-17,,5.224e-1,1.646e-16
481.9,1.010e+2,7.942e-21,2.189e-13,1.553e-43,1.100e-19,,,7.144e-19,3.341e-22,,3.137e-15,4.082e-18,1.727e-28,1.009e-17,1.016e-19,1.890e-11,6.288e-21,1.494e-8,,6.025e-19,6.092e-20,3.460e-38,2.311e+1,1.736e-17,2.074e-9,2.052e-1,,1.365e+0,8.132e-22,3.668e-17,3.275e-20,6.556e-29,1.072e-19,1.013e-22,9.754e+0,2.361e+1,8.313e-1,2.471e+1,4.632e-1,6.920e-18,2.351e-18,8.279e-19,1.635e+1,6.625e-9,,8.030e-18,,,2.013e-19,,5.325e-19,,8.052e-19,,6.062e-2,,1.540e-17,,4.899e-1,1.646e-16
481.93,1.091e+2,7.964e-21,1.445e-13,1.552e-43,1.102e-19,,,7.152e-19,3.346e-22,,3.137e-15,4.078e-18,1.724e-28,1.009e-17,1.019e-19,1.881e-11,6.287e-21,1.913e-8,,6.038e-19,6.094e-20,3.471e-38,2.383e+1,1.720e-17,2.214e-9,2.026e-1,,1.520e+0,8.136e-22,3.670e-17,3.276e-20,6.556e-29,1.072e-19,1.013e-22,1.022e+1,2.616e+1,7.945e-1,2.767e+1,5.031e-1,6.941e-18,2.339e-18,8.296e-19,1.768e+1,1.151e-8,,7.987e-18,,,2.005e-19,,5.324e-19,,8.052e-19,,5.390e-2,,1.539e-17,,4.420e-1,1.647e-16
481.95,1.145e+2,7.978e-21,1.091e-13,1.551e-43,1.102e-19,,,7.157e-19,3.349e-22,,3.136e-15,4.075e-18,1.722e-28,1.009e-17,1.020e-19,1.871e-11,6.287e-21,2.247e-8,,6.047e-19,6.096e-20,3.478e-38,2.423e+1,1.710e-17,2.303e-9,2.004e-1,,1.625e+0,8.140e-22,3.672e-17,3.277e-20,6.556e-29,1.072e-19,1.013e-22,1.050e+1,2.789e+1,7.681e-1,2.975e+1,5.294e-1,6.955e-18,2.332e-18,8.307e-19,1.859e+1,1.656e-8,,7.959e-18,,,1.999e-19,,5.323e-19,,8.051e-19,,5.009e-2,,1.539e-17,,4.111e-1,1.647e-16
481.98,1.228e+2,8.001e-21,7.112e-14,1.550e-43,1.104e-19,,,7.165e-19,3.353e-22,,3.136e-15,4.071e-18,1.720e-28,1.009e-17,1.023e-19,1.853e-11,6.286e-21,2.842e-8,,6.060e-19,6.098e-20,7.633e-38,2.468e+1,1.695e-17,2.429e-9,1.966e-1,,1.787e+0,8.144e-22,3.674e-17,3.277e-20,6.557e-29,1.072e-19,1.013e-22,1.088e+1,3.052e+1,7.261e-1,3.300e+1,5.680e-1,6.976e-18,2.321e-18,8.323e-19,2.000e+1,2.841e-8,,7.915e-18,,,1.991e-19,,5.323e-19,,8.050e-19,,4.537e-2,,1.538e-17,,3.664e-1,1.647e-16
482,1.282e+2,8.015e-21,5.325e-14,1.550e-43,1.104e-19,,,7.170e-19,3.356e-22,,3.136e-15,4.068e-18,1.718e-28,1.009e-17,1.025e-19,1.838e-11,6.285e-21,3.311e-8,,6.069e-19,6.100e-20,1.284e-37,2.488e+1,1.684e-17,2.506e-9,1.937e-1,,1.896e+0,8.147e-22,3.675e-17,3.278e-20,6.557e-29,1.072e-19,1.013e-22,1.110e+1,3.228e+1,6.969e-1,3.524e+1,5.928e-1,6.990e-18,2.313e-18,8.334e-19,2.095e+1,4.055e-8,,7.887e-18,,,1.986e-19,,5.322e-19,,8.050e-19,,4.289e-2,,1.538e-17,,3.379e-1,1.648e-16
482.03,1.362e+2,8.037e-21,3.429e-14,1.549e-43,1.105e-19,,,7.178e-19,3.361e-22,,3.135e-15,4.064e-18,1.716e-28,1.009e-17,1.027e-19,1.812e-11,6.284e-21,4.136e-8,,6.082e-19,6.102e-20,2.784e-37,2.503e+1,1.669e-17,2.610e-9,1.889e-1,,2.060e+0,8.152e-22,3.678e-17,3.279e-20,6.558e-29,1.073e-19,1.014e-22,1.138e+1,3.488e+1,6.521e-1,3.867e+1,6.282e-1,7.011e-18,2.302e-18,8.351e-19,2.241e+1,6.872e-8,,7.843e-18,,,1.977e-19,,5.321e-19,,8.049e-19,,4.016e-2,,1.537e-17,,2.975e-1,1.648e-16
482.05,1.415e+2,8.052e-21,2.546e-14,1.548e-43,1.106e-19,,,7.184e-19,3.364e-22,,3.135e-15,4.061e-18,1.714e-28,1.009e-17,1.029e-19,1.792e-11,6.283e-21,4.779e-8,,6.090e-19,6.103e-20,4.646e-37,2.503e+1,1.658e-17,2.671e-9,1.854e-1,,2.168e+0,8.155e-22,3.679e-17,3.279e-20,6.558e-29,1.073e-19,1.014e-22,1.152e+1,3.659e+1,6.219e-1,4.099e+1,6.503e-1,7.025e-18,2.294e-18,8.362e-19,2.339e+1,9.729e-8,,7.815e-18,,,1.972e-19,,5.321e-19,,8.048e-19,,3.899e-2,,1.537e-17,,2.721e-1,1.648e-16
482.08,1.490e+2,8.074e-21,1.619e-14,1.547e-43,1.107e-19,,,7.192e-19,3.368e-22,,3.134e-15,4.057e-18,1.711e-28,1.009e-17,1.031e-19,1.759e-11,6.282e-21,5.898e-8,,6.103e-19,6.106e-20,9.952e-37,2.488e+1,1.643e-17,2.748e-9,1.798e-1,,2.325e+0,8.160e-22,3.681e-17,3.280e-20,6.559e-29,1.073e-19,1.014e-22,1.168e+1,3.906e+1,5.765e-1,4.447e+1,6.807e-1,7.046e-18,2.283e-18,8.379e-19,2.488e+1,1.629e-7,,7.771e-18,,,1.964e-19,,5.320e-19,,8.048e-19,,3.824e-2,,1.536e-17,,2.366e-1,1.648e-16
482.1,1.538e+2,8.089e-21,1.193e-14,1.547e-43,1.108e-19,,,7.197e-19,3.371e-22,,3.134e-15,4.054e-18,1.710e-28,1.009e-17,1.033e-19,1.735e-11,6.281e-21,6.758e-8,,6.112e-19,6.107e-20,1.647e-36,2.467e+1,1.633e-17,2.789e-9,1.759e-1,,2.427e+0,8.163e-22,3.683e-17,3.281e-20,6.559e-29,1.073e-19,1.014e-22,1.175e+1,4.063e+1,5.466e-1,4.678e+1,6.988e-1,7.060e-18,2.276e-18,8.390e-19,2.588e+1,2.287e-7,,7.743e-18,,,1.958e-19,,5.319e-19,,8.047e-19,,3.839e-2,,1.536e-17,,2.147e-1,1.649e-16
482.13,1.606e+2,8.111e-21,7.491e-15,1.546e-43,1.109e-19,,,7.205e-19,3.375e-22,,3.134e-15,4.050e-18,1.707e-28,1.009e-17,1.036e-19,1.698e-11,6.280e-21,8.239e-8,,6.125e-19,6.110e-20,3.486e-36,2.422e+1,1.617e-17,2.834e-9,1.698e-1,,2.572e+0,8.168e-22,3.685e-17,3.281e-20,6.560e-29,1.073e-19,1.014e-22,1.178e+1,4.285e+1,5.027e-1,5.015e+1,7.225e-1,7.080e-18,2.264e-18,8.406e-19,2.738e+1,3.783e-7,,7.699e-18,,,1.950e-19,,5.319e-19,,8.046e-19,,3.963e-2,,1.535e-17,,1.843e-1,1.649e-16
482.15,1.647e+2,8.125e-21,5.471e-15,1.545e-43,1.110e-19,,,7.210e-19,3.378e-22,,3.133e-15,4.047e-18,1.706e-28,1.009e-17,1.037e-19,1.674e-11,6.280e-21,9.363e-8,,6.134e-19,6.111e-20,5.722e-36,2.382e+1,1.607e-17,2.853e-9,1.655e-1,,2.662e+0,8.171e-22,3.686e-17,3.282e-20,6.560e-29,1.073e-19,1.014e-22,1.175e+1,4.421e+1,4.744e-1,5.233e+1,7.357e-1,7.094e-18,2.257e-18,8.417e-19,2.836e+1,5.268e-7,,7.671e-18,,,1.945e-19,,5.318e-19,,8.046e-19,,4.112e-2,,1.535e-17,,1.659e-1,1.649e-16
482.18,1.704e+2,8.147e-21,3.394e-15,1.544e-43,1.111e-19,,,7.218e-19,3.383e-22,,3.133e-15,4.043e-18,1.703e-28,1.009e-17,1.040e-19,1.637e-11,6.279e-21,1.127e-7,,6.147e-19,6.114e-20,1.196e-35,2.310e+1,1.591e-17,2.863e-9,1.590e-1,,2.786e+0,8.175e-22,3.689e-17,3.283e-20,6.561e-29,1.074e-19,1.014e-22,1.166e+1,4.604e+1,4.338e-1,5.544e+1,7.513e-1,7.115e-18,2.246e-18,8.434e-19,2.982e+1,8.607e-7,,7.628e-18,,,1.936e-19,,5.317e-19,,8.045e-19,,4.436e-2,,1.534e-17,,1.407e-1,1.650e-16
482.2,1.737e+2,8.162e-21,2.459e-15,1.544e-43,1.112e-19,,,7.224e-19,3.386e-22,,3.133e-15,4.040e-18,1.701e-28,1.009e-17,1.042e-19,1.613e-11,6.278e-21,1.271e-7,,6.155e-19,6.115e-20,1.948e-35,2.253e+1,1.581e-17,2.859e-9,1.546e-1,,2.861e+0,8.178e-22,3.690e-17,3.283e-20,6.561e-29,1.074e-19,1.014e-22,1.155e+1,4.711e+1,4.081e-1,5.738e+1,7.587e-1,7.129e-18,2.238e-18,8.445e-19,3.077e+1,1.189e-6,,7.599e-18,,,1.931e-19,,5.317e-19,,8.045e-19,,4.720e-2,,1.534e-17,,1.256e-1,1.650e-16
482.23,1.780e+2,8.184e-21,1.506e-15,1.543e-43,1.113e-19,,,7.232e-19,3.390e-22,,3.132e-15,4.036e-18,1.699e-28,1.009e-17,1.044e-19,1.580e-11,6.277e-21,1.512e-7,,6.168e-19,6.118e-20,4.023e-35,2.158e+1,1.565e-17,2.834e-9,1.478e-1,,2.958e+0,8.183e-22,3.692e-17,3.284e-20,6.562e-29,1.074e-19,1.014e-22,1.132e+1,4.847e+1,3.718e-1,6.004e+1,7.653e-1,7.150e-18,2.227e-18,8.462e-19,3.215e+1,1.919e-6,,7.556e-18,,,1.923e-19,,5.316e-19,,8.044e-19,,5.247e-2,,1.533e-17,,1.052e-1,1.650e-16
482.25,1.803e+2,8.199e-21,1.082e-15,1.542e-43,1.114e-19,,,7.237e-19,3.393e-22,,3.132e-15,4.033e-18,1.697e-28,1.008e-17,1.046e-19,1.560e-11,6.276e-21,1.690e-7,,6.177e-19,6.119e-20,6.497e-35,2.088e+1,1.555e-17,2.806e-9,1.433e-1,,3.012e+0,8.186e-22,3.694e-17,3.284e-20,6.562e-29,1.074e-19,1.015e-22,1.114e+1,4.919e+1,3.493e-1,6.164e+1,7.666e-1,7.164e-18,2.219e-18,8.473e-19,3.303e+1,2.629e-6,,7.527e-18,,,1.917e-19,,5.315e-19,,8.043e-19,,5.667e-2,,1.533e-17,,9.309e-2,1.650e-16
482.28,1.830e+2,8.221e-21,6.547e-16,1.541e-43,1.115e-19,,,7.245e-19,3.397e-22,,3.132e-15,4.029e-18,1.695e-28,1.008e-17,1.049e-19,1.535e-11,6.275e-21,1.986e-7,,6.190e-19,6.122e-20,1.326e-34,1.975e+1,1.540e-17,2.748e-9,1.364e-1,,3.075e+0,8.191e-22,3.696e-17,3.285e-20,6.563e-29,1.074e-19,1.015e-22,1.080e+1,4.999e+1,3.182e-1,6.372e+1,7.637e-1,7.185e-18,2.208e-18,8.489e-19,3.428e+1,4.192e-6,,7.484e-18,,,1.909e-19,,5.315e-19,,8.043e-19,,6.397e-2,,1.533e-17,,7.703e-2,1.651e-16
482.3,1.842e+2,8.236e-21,4.665e-16,1.541e-43,1.116e-19,,,7.251e-19,3.400e-22,,3.131e-15,4.026e-18,1.693e-28,1.008e-17,1.050e-19,1.521e-11,6.274e-21,2.202e-7,,6.198e-19,6.123e-20,2.124e-34,1.896e+1,1.529e-17,2.699e-9,1.318e-1,,3.106e+0,8.194e-22,3.698e-17,3.286e-20,6.563e-29,1.074e-19,1.015e-22,1.054e+1,5.032e+1,2.993e-1,6.488e+1,7.587e-1,7.199e-18,2.200e-18,8.500e-19,3.505e+1,5.697e-6,,7.455e-18,,,1.904e-19,,5.314e-19,,8.042e-19,,6.950e-2,,1.532e-17,,6.762e-2,1.651e-16
482.32,1.849e+2,8.250e-21,3.312e-16,1.540e-43,1.117e-19,,,7.256e-19,3.403e-22,,3.131e-15,4.024e-18,1.691e-28,1.008e-17,1.052e-19,1.511e-11,6.274e-21,2.434e-7,,6.207e-19,6.125e-20,3.391e-34,1.813e+1,1.519e-17,2.642e-9,1.273e-1,,3.126e+0,8.197e-22,3.699e-17,3.286e-20,6.563e-29,1.075e-19,1.015e-22,1.026e+1,5.048e+1,2.818e-1,6.585e+1,7.513e-1,7.213e-18,2.193e-18,8.512e-19,3.577e+1,7.718e-6,,7.426e-18,,,1.898e-19,,5.314e-19,,8.042e-19,,7.557e-2,,1.532e-17,,5.916e-2,1.651e-16
482.35,1.851e+2,8.272e-21,1.970e-16,1.539e-43,1.118e-19,,,7.264e-19,3.408e-22,,3.131e-15,4.019e-18,1.689e-28,1.008e-17,1.055e-19,1.502e-11,6.273e-21,2.810e-7,,6.220e-19,6.127e-20,6.802e-34,1.686e+1,1.504e-17,2.542e-9,1.204e-1,,3.138e+0,8.202e-22,3.701e-17,3.287e-20,6.564e-29,1.075e-19,1.015e-22,9.793e+0,5.042e+1,2.582e-1,6.691e+1,7.357e-1,7.234e-18,2.182e-18,8.528e-19,3.673e+1,1.209e-5,,7.383e-18,,,1.890e-19,,5.313e-19,,8.041e-19,,8.562e-2,,1.531e-17,,4.811e-2,1.652e-16
482.37,1.846e+2,8.287e-21,1.387e-16,1.539e-43,1.119e-19,,,7.269e-19,3.411e-22,,3.130e-15,4.017e-18,1.687e-28,1.008e-17,1.056e-19,1.500e-11,6.272e-21,3.081e-7,,6.229e-19,6.129e-20,1.077e-33,1.599e+1,1.493e-17,2.468e-9,1.159e-1,,3.133e+0,8.205e-22,3.703e-17,3.287e-20,6.564e-29,1.075e-19,1.015e-22,9.459e+0,5.017e+1,2.442e-1,6.735e+1,7.225e-1,7.248e-18,2.174e-18,8.539e-19,3.729e+1,1.625e-5,,7.354e-18,,,1.884e-19,,5.312e-19,,8.040e-19,,9.295e-2,,1.531e-17,,4.175e-2,1.652e-16
482.4,1.830e+2,8.309e-21,8.146e-17,1.538e-43,1.120e-19,,,7.277e-19,3.415e-22,,3.130e-15,4.012e-18,1.684e-28,1.008e-17,1.059e-19,1.505e-11,6.271e-21,3.514e-7,,6.242e-19,6.131e-20,2.135e-33,1.469e+1,1.478e-17,2.346e-9,1.091e-1,,3.106e+0,8.209e-22,3.705e-17,3.288e-20,6.565e-29,1.075e-19,1.015e-22,8.928e+0,4.950e+1,2.257e-1,6.760e+1,6.988e-1,7.269e-18,2.163e-18,8.556e-19,3.799e+1,2.516e-5,,7.311e-18,,,1.876e-19,,5.311e-19,,8.040e-19,,1.048e-1,,1.530e-17,,3.353e-2,1.652e-16
482.42,1.813e+2,8.324e-21,5.689e-17,1.537e-43,1.121e-19,,,7.283e-19,3.418e-22,,3.130e-15,4.010e-18,1.683e-28,1.008e-17,1.061e-19,1.514e-11,6.270e-21,3.821e-7,,6.250e-19,6.133e-20,3.354e-33,1.382e+1,1.467e-17,2.259e-9,1.047e-1,,3.075e+0,8.213e-22,3.707e-17,3.289e-20,6.565e-29,1.075e-19,1.015e-22,8.559e+0,4.885e+1,2.150e-1,6.748e+1,6.807e-1,7.283e-18,2.155e-18,8.567e-19,3.835e+1,3.353e-5,,7.282e-18,,,1.871e-19,,5.311e-19,,8.039e-19,,1.133e-1,,1.530e-17,,2.886e-2,1.652e-16
482.45,1.779e+2,8.346e-21,3.300e-17,1.536e-43,1.122e-19,,,7.291e-19,3.422e-22,,3.129e-15,4.005e-18,1.680e-28,1.008e-17,1.063e-19,1.534e-11,6.269e-21,4.305e-7,,6.263e-19,6.135e-20,6.565e-33,1.253e+1,1.452e-17,2.121e-9,9.811e-2,,3.012e+0,8.217e-22,3.709e-17,3.289e-20,6.566e-29,1.076e-19,1.015e-22,7.989e+0,4.760e+1,2.010e-1,6.690e+1,6.503e-1,7.304e-18,2.144e-18,8.583e-19,3.872e+1,5.127e-5,,7.239e-18,,,1.863e-19,,5.310e-19,,8.038e-19,,1.268e-1,,1.529e-17,,2.290e-2,1.653e-16
482.47,1.750e+2,8.361e-21,2.286e-17,1.536e-43,1.123e-19,,,7.296e-19,3.425e-22,,3.129e-15,4.003e-18,1.678e-28,1.008e-17,1.065e-19,1.552e-11,6.268e-21,4.643e-7,,6.272e-19,6.136e-20,1.023e-32,1.170e+1,1.442e-17,2.026e-9,9.378e-2,,2.958e+0,8.220e-22,3.710e-17,3.290e-20,6.566e-29,1.076e-19,1.016e-22,7.601e+0,4.659e+1,1.930e-1,6.625e+1,6.282e-1,7.318e-18,2.137e-18,8.595e-19,3.886e+1,6.778e-5,,7.210e-18,,,1.857e-19,,5.309e-19,,8.038e-19,,1.362e-1,,1.529e-17,,1.954e-2,1.653e-16
482.5,1.700e+2,8.383e-21,1.309e-17,1.535e-43,1.124e-19,,,7.304e-19,3.430e-22,,3.128e-15,3.999e-18,1.676e-28,1.008e-17,1.068e-19,1.585e-11,6.267e-21,5.168e-7,,6.285e-19,6.139e-20,1.979e-32,1.048e+1,1.426e-17,1.879e-9,8.740e-2,,2.861e+0,8.225e-22,3.713e-17,3.291e-20,6.567e-29,1.076e-19,1.016e-22,7.015e+0,4.485e+1,1.827e-1,6.487e+1,5.928e-1,7.339e-18,2.125e-18,8.611e-19,3.888e+1,1.024e-4,,7.167e-18,,,1.849e-19,,5.309e-19,,8.037e-19,,1.510e-1,,1.529e-17,,1.531e-2,1.653e-16
482.52,1.661e+2,8.397e-21,8.994e-18,1.534e-43,1.125e-19,,,7.310e-19,3.433e-22,,3.128e-15,3.996e-18,1.674e-28,1.008e-17,1.069e-19,1.612e-11,6.267e-21,5.527e-7,,6.294e-19,6.140e-20,3.058e-32,9.701e+0,1.416e-17,1.780e-9,8.323e-2,,2.786e+0,8.228e-22,3.714e-17,3.291e-20,6.567e-29,1.076e-19,1.016e-22,6.624e+0,4.354e+1,1.769e-1,6.371e+1,5.680e-1,7.353e-18,2.118e-18,8.622e-19,3.878e+1,1.342e-4,,7.138e-18,,,1.843e-19,,5.308e-19,,8.037e-19,,1.611e-1,,1.528e-17,,1.296e-2,1.653e-16
482.55,1.597e+2,8.419e-21,5.089e-18,1.533e-43,1.126e-19,,,7.318e-19,3.437e-22,,3.128e-15,3.992e-18,1.672e-28,1.008e-17,1.072e-19,1.657e-11,6.266e-21,6.076e-7,,6.307e-19,6.143e-20,5.842e-32,8.585e+0,1.400e-17,1.630e-9,7.711e-2,,2.662e+0,8.233e-22,3.716e-17,3.292e-20,6.568e-29,1.076e-19,1.016e-22,6.045e+0,4.139e+1,1.696e-1,6.162e+1,5.294e-1,7.374e-18,2.106e-18,8.639e-19,3.843e+1,2.003e-4,,7.095e-18,,,1.835e-19,,5.307e-19,,8.036e-19,,1.767e-1,,1.528e-17,,1.003e-2,1.654e-16
482.57,1.550e+2,8.434e-21,3.467e-18,1.533e-43,1.127e-19,,,7.323e-19,3.440e-22,,3.127e-15,3.989e-18,1.670e-28,1.008e-17,1.074e-19,1.689e-11,6.265e-21,6.446e-7,,6.315e-19,6.144e-20,8.958e-32,7.882e+0,1.390e-17,1.532e-9,7.313e-2,,2.572e+0,8.236e-22,3.718e-17,3.292e-20,6.568e-29,1.076e-19,1.016e-22,5.667e+0,3.985e+1,1.656e-1,6.003e+1,5.031e-1,7.388e-18,2.099e-18,8.650e-19,3.807e+1,2.605e-4,,7.066e-18,,,1.830e-19,,5.307e-19,,8.035e-19,,1.873e-1,,1.527e-17,,8.423e-3,1.654e-16
482.6,1.475e+2,8.456e-21,1.937e-18,1.532e-43,1.128e-19,,,7.331e-19,3.445e-22,,3.127e-15,3.985e-18,1.667e-28,1.008e-17,1.076e-19,1.742e-11,6.264e-21,7.000e-7,,6.328e-19,6.147e-20,1.691e-31,6.891e+0,1.374e-17,1.386e-9,6.731e-2,,2.427e+0,8.240e-22,3.720e-17,3.293e-20,6.569e-29,1.077e-19,1.016e-22,5.115e+0,3.743e+1,1.605e-1,5.735e+1,4.632e-1,7.409e-18,2.088e-18,8.667e-19,3.735e+1,3.840e-4,,7.023e-18,,,1.822e-19,,5.306e-19,,8.035e-19,,2.033e-1,,1.527e-17,,6.439e-3,1.654e-16
482.62,1.421e+2,8.471e-21,1.309e-18,1.531e-43,1.129e-19,,,7.336e-19,3.448e-22,,3.127e-15,3.982e-18,1.666e-28,1.008e-17,1.078e-19,1.778e-11,6.263e-21,7.365e-7,,6.337e-19,6.148e-20,2.571e-31,6.276e+0,1.364e-17,1.291e-9,6.355e-2,,2.325e+0,8.244e-22,3.721e-17,3.294e-20,6.569e-29,1.077e-19,1.016e-22,4.761e+0,3.574e+1,1.577e-1,5.540e+1,4.366e-1,7.423e-18,2.080e-18,8.678e-19,3.675e+1,4.954e-4,,6.994e-18,,,1.816e-19,,5.305e-19,,8.034e-19,,2.140e-1,,1.526e-17,,5.361e-3,1.655e-16
482.65,1.338e+2,8.493e-21,7.223e-19,1.530e-43,1.130e-19,,,7.344e-19,3.452e-22,,3.126e-15,3.978e-18,1.663e-28,1.008e-17,1.080e-19,1.833e-11,6.262e-21,7.900e-7,,6.350e-19,6.151e-20,4.793e-31,5.422e+0,1.349e-17,1.154e-9,5.809e-2,,2.168e+0,8.248e-22,3.724e-17,3.294e-20,6.570e-29,1.077e-19,1.016e-22,4.253e+0,3.315e+1,1.543e-1,5.229e+1,3.970e-1,7.444e-18,2.069e-18,8.694e-19,3.568e+1,7.213e-4,,6.951e-18,,,1.808e-19,,5.305e-19,,8.033e-19,,2.298e-1,,1.526e-17,,4.048e-3,1.655e-16
482.67,1.281e+2,8.508e-21,4.839e-19,1.530e-43,1.131e-19,,,7.350e-19,3.455e-22,,3.126e-15,3.975e-18,1.662e-28,1.008e-17,1.082e-19,1.869e-11,6.261e-21,8.244e-7,,6.358e-19,6.152e-20,7.231e-31,4.899e+0,1.338e-17,1.066e-9,5.458e-2,,2.060e+0,8.251e-22,3.725e-17,3.295e-20,6.570e-29,1.077e-19,1.016e-22,3.932e+0,3.140e+1,1.524e-1,5.010e+1,3.711e-1,7.458e-18,2.061e-18,8.705e-19,3.486e+1,9.229e-4,,6.922e-18,,,1.802e-19,,5.304e-19,,8.033e-19,,2.402e-1,,1.525e-17,,3.343e-3,1.655e-16
482.69,1.222e+2,8.522e-21,3.232e-19,1.529e-43,1.132e-19,,,7.355e-19,3.458e-22,,3.126e-15,3.972e-18,1.660e-28,1.008e-17,1.084e-19,1.903e-11,6.261e-21,8.575e-7,,6.367e-19,6.154e-20,1.087e-30,4.413e+0,1.328e-17,9.821e-10,5.119e-2,,1.951e+0,8.254e-22,3.727e-17,3.295e-20,6.570e-29,1.077e-19,1.017e-22,3.627e+0,2.964e+1,1.509e-1,4.785e+1,3.458e-1,7.472e-18,2.054e-18,8.716e-19,3.396e+1,1.177e-3,,6.894e-18,,,1.797e-19,,5.304e-19,,8.032e-19,,2.504e-1,,1.525e-17,,2.751e-3,1.655e-16
482.72,1.134e+2,8.544e-21,1.753e-19,1.528e-43,1.133e-19,,,7.363e-19,3.462e-22,,3.125e-15,3.968e-18,1.657e-28,1.008e-17,1.086e-19,1.952e-11,6.260e-21,9.041e-7,,6.380e-19,6.156e-20,1.993e-30,3.752e+0,1.312e-17,8.628e-10,4.632e-2,,1.787e+0,8.259e-22,3.729e-17,3.296e-20,6.571e-29,1.077e-19,1.017e-22,3.201e+0,2.702e+1,1.492e-1,4.439e+1,3.090e-1,7.493e-18,2.043e-18,8.733e-19,3.248e+1,1.685e-3,,6.850e-18,,,1.789e-19,,5.303e-19,,8.032e-19,,2.652e-1,,1.525e-17,,2.042e-3,1.656e-16
482.74,1.075e+2,8.559e-21,1.161e-19,1.528e-43,1.134e-19,,,7.368e-19,3.465e-22,,3.125e-15,3.965e-18,1.656e-28,1.008e-17,1.088e-19,1.982e-11,6.259e-21,9.328e-7,,6.389e-19,6.158e-20,2.972e-30,3.357e+0,1.302e-17,7.881e-10,4.322e-2,,1.679e+0,8.262e-22,3.730e-17,3.297e-20,6.571e-29,1.078e-19,1.017e-22,2.938e+0,2.530e+1,1.484e-1,4.205e+1,2.856e-1,7.507e-18,2.035e-18,8.744e-19,3.141e+1,2.131e-3,,6.822e-18,,,1.783e-19,,5.302e-19,,8.031e-19,,2.746e-1,,1.524e-17,,1.667e-3,1.656e-16
482.77,9.868e+1,8.581e-21,6.218e-20,1.527e-43,1.135e-19,,,7.376e-19,3.470e-22,,3.125e-15,3.961e-18,1.653e-28,1.008e-17,1.091e-19,2.020e-11,6.258e-21,9.714e-7,,6.402e-19,6.160e-20,5.381e-30,2.827e+0,1.287e-17,6.838e-10,3.883e-2,,1.520e+0,8.267e-22,3.733e-17,3.297e-20,6.572e-29,1.078e-19,1.017e-22,2.580e+0,2.278e+1,1.481e-1,3.853e+1,2.521e-1,7.528e-18,2.024e-18,8.761e-19,2.970e+1,3.013e-3,,6.778e-18,,,1.775e-19,,5.301e-19,,8.030e-19,,2.881e-1,,1.524e-17,,1.222e-3,1.656e-16
482.79,9.289e+1,8.596e-21,4.084e-20,1.526e-43,1.136e-19,,,7.382e-19,3.473e-22,,3.124e-15,3.958e-18,1.651e-28,1.008e-17,1.092e-19,2.041e-11,6.257e-21,9.940e-7,,6.410e-19,6.162e-20,7.961e-30,2.515e+0,1.276e-17,6.195e-10,3.606e-2,,1.416e+0,8.270e-22,3.734e-17,3.298e-20,6.572e-29,1.078e-19,1.017e-22,2.365e+0,2.116e+1,1.484e-1,3.620e+1,2.311e-1,7.542e-18,2.016e-18,8.772e-19,2.851e+1,3.781e-3,,6.750e-18,,,1.770e-19,,5.301e-19,,8.030e-19,,2.965e-1,,1.523e-17,,9.890e-4,1.656e-16
482.82,8.440e+1,8.618e-21,2.161e-20,1.525e-43,1.137e-19,,,7.390e-19,3.477e-22,,3.124e-15,3.954e-18,1.649e-28,1.008e-17,1.095e-19,2.063e-11,6.256e-21,1.023e-6,,6.423e-19,6.164e-20,1.424e-29,2.106e+0,1.261e-17,5.310e-10,3.218e-2,,1.265e+0,8.275e-22,3.736e-17,3.299e-20,6.573e-29,1.078e-19,1.017e-22,2.079e+0,1.882e+1,1.498e-1,3.278e+1,2.015e-1,7.563e-18,2.005e-18,8.788e-19,2.666e+1,5.281e-3,,6.706e-18,,,1.761e-19,,5.300e-19,,8.029e-19,,3.084e-1,,1.523e-17,,7.160e-4,1.657e-16
482.84,7.892e+1,8.632e-21,1.408e-20,1.525e-43,1.138e-19,,,7.395e-19,3.480e-22,,3.124e-15,3.951e-18,1.647e-28,1.008e-17,1.097e-19,2.073e-11,6.255e-21,1.038e-6,,6.432e-19,6.166e-20,2.090e-29,1.870e+0,1.250e-17,4.771e-10,2.977e-2,,1.169e+0,8.278e-22,3.738e-17,3.299e-20,6.573e-29,1.078e-19,1.017e-22,1.914e+0,1.733e+1,1.516e-1,3.055e+1,1.832e-1,7.577e-18,1.997e-18,8.799e-19,2.539e+1,6.572e-3,,6.678e-18,,,1.756e-19,,5.300e-19,,8.029e-19,,3.156e-1,,1.522e-17,,5.749e-4,1.657e-16
482.87,7.101e+1,8.654e-21,7.354e-21,1.524e-43,1.139e-19,,,7.403e-19,3.484e-22,,3.123e-15,3.947e-18,1.645e-28,1.008e-17,1.099e-19,2.076e-11,6.254e-21,1.054e-6,,6.445e-19,6.168e-20,3.692e-29,1.568e+0,1.235e-17,4.039e-10,2.642e-2,,1.032e+0,8.282e-22,3.740e-17,3.300e-20,6.574e-29,1.078e-19,1.017e-22,1.705e+0,1.523e+1,1.558e-1,2.733e+1,1.578e-1,7.598e-18,1.986e-18,8.816e-19,2.347e+1,9.068e-3,,6.634e-18,,,1.748e-19,,5.299e-19,,8.028e-19,,3.256e-1,,1.522e-17,,4.111e-4,1.657e-16
482.89,6.598e+1,8.669e-21,4.751e-21,1.523e-43,1.140e-19,,,7.409e-19,3.487e-22,,3.123e-15,3.944e-18,1.643e-28,1.008e-17,1.101e-19,2.072e-11,6.254e-21,1.061e-6,,6.454e-19,6.169e-20,5.374e-29,1.400e+0,1.225e-17,3.599e-10,2.438e-2,,9.463e-1,8.285e-22,3.742e-17,3.300e-20,6.574e-29,1.079e-19,1.017e-22,1.592e+0,1.391e+1,1.598e-1,2.527e+1,1.422e-1,7.612e-18,1.979e-18,8.827e-19,2.219e+1,1.119e-2,,6.606e-18,,,1.742e-19,,5.298e-19,,8.027e-19,,3.317e-1,,1.521e-17,,3.274e-4,1.658e-16
482.92,5.884e+1,8.691e-21,2.452e-21,1.522e-43,1.141e-19,,,7.417e-19,3.492e-22,,3.122e-15,3.940e-18,1.640e-28,1.008e-17,1.104e-19,2.055e-11,6.253e-21,1.065e-6,,6.467e-19,6.172e-20,9.381e-29,1.194e+0,1.209e-17,3.010e-10,2.159e-2,,8.252e-1,8.290e-22,3.744e-17,3.301e-20,6.575e-29,1.079e-19,1.018e-22,1.464e+0,1.207e+1,1.681e-1,2.235e+1,1.210e-1,7.633e-18,1.967e-18,8.844e-19,2.027e+1,1.526e-2,,6.562e-18,,,1.734e-19,,5.297e-19,,8.027e-19,,3.398e-1,,1.521e-17,,2.312e-4,1.658e-16
482.94,5.437e+1,8.706e-21,1.571e-21,1.521e-43,1.142e-19,,,7.422e-19,3.495e-22,,3.122e-15,3.937e-18,1.639e-28,1.008e-17,1.105e-19,2.037e-11,6.252e-21,1.064e-6,,6.475e-19,6.173e-20,1.354e-28,1.087e+0,1.199e-17,2.660e-10,1.992e-2,,7.502e-1,8.293e-22,3.745e-17,3.302e-20,6.575e-29,1.079e-19,1.018e-22,1.407e+0,1.094e+1,1.755e-1,2.051e+1,1.082e-1,7.647e-18,1.960e-18,8.855e-19,1.901e+1,1.868e-2,,6.534e-18,,,1.729e-19,,5.297e-19,,8.026e-19,,3.446e-1,,1.521e-17,,1.826e-4,1.658e-16
482.97,4.813e+1,8.728e-21,8.005e-22,1.521e-43,1.143e-19,,,7.430e-19,3.499e-22,,3.122e-15,3.933e-18,1.636e-28,1.008e-17,1.108e-19,1.998e-11,6.251e-21,1.054e-6,,6.488e-19,6.176e-20,2.336e-28,9.686e-1,1.183e-17,2.197e-10,1.769e-2,,6.462e-1,8.298e-22,3.747e-17,3.302e-20,6.576e-29,1.079e-19,1.018e-22,1.364e+0,9.375e+0,1.899e-1,1.794e+1,9.091e-2,7.668e-18,1.949e-18,8.871e-19,1.717e+1,2.515e-2,,6.491e-18,,,1.720e-19,,5.296e-19,,8.025e-19,,3.511e-1,,1.520e-17,,1.274e-4,1.659e-16
482.99,4.430e+1,8.743e-21,5.087e-22,1.520e-43,1.144e-19,,,7.435e-19,3.502e-22,,3.121e-15,3.930e-18,1.634e-28,1.008e-17,1.110e-19,1.966e-11,6.250e-21,1.044e-6,,6.497e-19,6.177e-20,3.345e-28,9.175e-1,1.173e-17,1.926e-10,1.640e-2,,5.826e-1,8.301e-22,3.749e-17,3.303e-20,6.576e-29,1.079e-19,1.018e-22,1.366e+0,8.424e+0,2.020e-1,1.635e+1,8.063e-2,7.682e-18,1.941e-18,8.882e-19,1.597e+1,3.054e-2,,6.462e-18,,,1.715e-19,,5.296e-19,,8.025e-19,,3.548e-1,,1.520e-17,,9.977e-5,1.659e-16
483.02,3.904e+1,8.765e-21,2.560e-22,1.519e-43,1.145e-19,,,7.443e-19,3.506e-22,,3.121e-15,3.926e-18,1.632e-28,1.008e-17,1.112e-19,1.907e-11,6.249e-21,1.023e-6,,6.510e-19,6.180e-20,5.698e-28,8.818e-1,1.157e-17,1.571e-10,1.473e-2,,4.957e-1,8.306e-22,3.751e-17,3.304e-20,6.577e-29,1.079e-19,1.018e-22,1.417e+0,7.132e+0,2.248e-1,1.416e+1,6.692e-2,7.703e-18,1.930e-18,8.899e-19,1.425e+1,4.062e-2,,6.419e-18,,,1.707e-19,,5.295e-19,,8.024e-19,,3.597e-1,,1.519e-17,,6.874e-5,1.659e-16
483.04,3.588e+1,8.779e-21,1.613e-22,1.518e-43,1.145e-19,,,7.449e-19,3.509e-22,,3.121e-15,3.923e-18,1.630e-28,1.008e-17,1.114e-19,1.861e-11,6.248e-21,1.004e-6,,6.518e-19,6.181e-20,8.094e-28,8.853e-1,1.147e-17,1.366e-10,1.380e-2,,4.432e-1,8.309e-22,3.753e-17,3.304e-20,6.577e-29,1.080e-19,1.018e-22,1.484e+0,6.357e+0,2.434e-1,1.283e+1,5.886e-2,7.717e-18,1.922e-18,8.910e-19,1.316e+1,4.892e-2,,6.390e-18,,,1.701e-19,,5.294e-19,,8.023e-19,,3.626e-1,,1.519e-17,,5.340e-5,1.659e-16
483.06,3.300e+1,8.794e-21,1.013e-22,1.518e-43,1.146e-19,,,7.454e-19,3.512e-22,,3.120e-15,3.920e-18,1.629e-28,1.008e-17,1.116e-19,1.812e-11,6.248e-21,9.830e-7,,6.527e-19,6.183e-20,1.146e-27,9.111e-1,1.137e-17,1.184e-10,1.301e-2,,3.950e-1,8.312e-22,3.754e-17,3.305e-20,6.577e-29,1.080e-19,1.018e-22,1.580e+0,5.647e+0,2.651e-1,1.160e+1,5.160e-2,7.731e-18,1.915e-18,8.921e-19,1.211e+1,5.874e-2,,6.361e-18,,,1.696e-19,,5.294e-19,,8.023e-19,,3.652e-1,,1.518e-17,,4.135e-5,1.660e-16
483.09,2.918e+1,8.816e-21,5.012e-23,1.517e-43,1.147e-19,,,7.462e-19,3.517e-22,,3.120e-15,3.916e-18,1.626e-28,1.008e-17,1.118e-19,1.729e-11,6.247e-21,9.462e-7,,6.540e-19,6.185e-20,1.919e-27,9.927e-1,1.121e-17,9.491e-11,1.210e-2,,3.303e-1,8.316e-22,3.756e-17,3.305e-20,6.578e-29,1.080e-19,1.018e-22,1.780e+0,4.699e+0,3.044e-1,9.955e+0,4.210e-2,7.752e-18,1.904e-18,8.938e-19,1.062e+1,7.679e-2,,6.318e-18,,,1.688e-19,,5.293e-19,,8.022e-19,,3.686e-1,,1.518e-17,,2.800e-5,1.660e-16
483.11,2.698e+1,8.831e-21,3.122e-23,1.516e-43,1.148e-19,,,7.467e-19,3.520e-22,,3.120e-15,3.914e-18,1.624e-28,1.008e-17,1.120e-19,1.670e-11,6.246e-21,9.187e-7,,6.549e-19,6.187e-20,2.695e-27,1.077e+0,1.111e-17,8.158e-11,1.166e-2,,2.920e-1,8.320e-22,3.758e-17,3.306e-20,6.578e-29,1.080e-19,1.018e-22,1.953e+0,4.140e+0,3.355e-1,8.980e+0,3.661e-2,7.766e-18,1.896e-18,8.949e-19,9.696e+0,9.145e-2,,6.289e-18,,,1.682e-19,,5.292e-19,,8.022e-19,,3.706e-1,,1.517e-17,,2.150e-5,1.660e-16
483.14,2.420e+1,8.853e-21,1.525e-23,1.515e-43,1.149e-19,,,7.476e-19,3.524e-22,,3.119e-15,3.909e-18,1.622e-28,1.008e-17,1.123e-19,1.575e-11,6.245e-21,8.735e-7,,6.562e-19,6.189e-20,4.459e-27,1.251e+0,1.095e-17,6.461e-11,1.125e-2,,2.412e-1,8.324e-22,3.760e-17,3.307e-20,6.579e-29,1.080e-19,1.019e-22,2.277e+0,3.403e+0,3.904e-1,7.698e+0,2.950e-2,7.787e-18,1.885e-18,8.965e-19,8.406e+0,1.181e-1,,6.246e-18,,,1.674e-19,,5.291e-19,,8.021e-19,,3.733e-1,,1.517e-17,,1.438e-5,1.660e-16
483.16,2.268e+1,8.868e-21,9.422e-24,1.515e-43,1.150e-19,,,7.481e-19,3.527e-22,,3.119e-15,3.907e-18,1.620e-28,1.008e-17,1.124e-19,1.508e-11,6.244e-21,8.412e-7,,6.570e-19,6.191e-20,6.212e-27,1.402e+0,1.085e-17,5.508e-11,1.114e-2,,2.115e-1,8.327e-22,3.762e-17,3.307e-20,6.579e-29,1.080e-19,1.019e-22,2.539e+0,2.973e+0,4.330e-1,6.959e+0,2.544e-2,7.801e-18,1.877e-18,8.977e-19,7.611e+0,1.395e-1,,6.217e-18,,,1.668e-19,,5.291e-19,,8.020e-19,,3.750e-1,,1.517e-17,,1.095e-5,1.661e-16
483.19,2.090e+1,8.890e-21,4.546e-24,1.514e-43,1.151e-19,,,7.489e-19,3.531e-22,,3.118e-15,3.902e-18,1.618e-28,1.008e-17,1.127e-19,1.406e-11,6.243e-21,7.900e-7,,6.583e-19,6.193e-20,1.015e-26,1.683e+0,1.070e-17,4.308e-11,1.122e-2,,1.725e-1,8.332e-22,3.764e-17,3.308e-20,6.580e-29,1.081e-19,1.019e-22,3.006e+0,2.414e+0,5.068e-1,6.013e+0,2.025e-2,7.822e-18,1.866e-18,8.993e-19,6.519e+0,1.780e-1,,6.174e-18,,,1.660e-19,,5.290e-19,,8.020e-19,,3.772e-1,,1.516e-17,,7.236e-6,1.661e-16
483.21,2.004e+1,8.904e-21,2.785e-24,1.513e-43,1.152e-19,,,7.494e-19,3.534e-22,,3.118e-15,3.900e-18,1.616e-28,1.008e-17,1.129e-19,1.336e-11,6.242e-21,7.545e-7,,6.592e-19,6.195e-20,1.403e-26,1.910e+0,1.059e-17,3.642e-11,1.142e-2,,1.500e-1,8.335e-22,3.765e-17,3.309e-20,6.580e-29,1.081e-19,1.019e-22,3.370e+0,2.092e+0,5.631e-1,5.486e+0,1.732e-2,7.836e-18,1.858e-18,9.004e-19,5.855e+0,2.085e-1,,6.145e-18,,,1.655e-19,,5.290e-19,,8.019e-19,,3.786e-1,,1.516e-17,,5.466e-6,1.661e-16
483.24,1.924e+1,8.926e-21,1.327e-24,1.512e-43,1.153e-19,,,7.502e-19,3.539e-22,,3.118e-15,3.895e-18,1.613e-28,1.008e-17,1.131e-19,1.230e-11,6.241e-21,7.000e-7,,6.605e-19,6.197e-20,2.265e-26,2.317e+0,1.044e-17,2.814e-11,1.194e-2,,1.209e-1,8.340e-22,3.768e-17,3.309e-20,6.581e-29,1.081e-19,1.019e-22,4.001e+0,1.678e+0,6.591e-1,4.841e+0,1.361e-2,7.857e-18,1.847e-18,9.021e-19,4.954e+0,2.628e-1,,6.102e-18,,,1.647e-19,,5.289e-19,,8.018e-19,,3.806e-1,,1.515e-17,,3.566e-6,1.662e-16
483.26,1.902e+1,8.941e-21,8.064e-25,1.512e-43,1.154e-19,,,7.508e-19,3.542e-22,,3.117e-15,3.893e-18,1.612e-28,1.008e-17,1.133e-19,1.159e-11,6.241e-21,6.631e-7,,6.614e-19,6.199e-20,3.105e-26,2.636e+0,1.033e-17,2.360e-11,1.242e-2,,1.043e-1,8.343e-22,3.769e-17,3.310e-20,6.581e-29,1.081e-19,1.019e-22,4.480e+0,1.442e+0,7.311e-1,4.502e+0,1.155e-2,7.871e-18,1.840e-18,9.032e-19,4.414e+0,3.053e-1,,6.073e-18,,,1.641e-19,,5.288e-19,,8.018e-19,,3.818e-1,,1.515e-17,,2.672e-6,1.662e-16
483.29,1.916e+1,8.963e-21,3.795e-25,1.511e-43,1.155e-19,,,7.516e-19,3.546e-22,,3.117e-15,3.888e-18,1.609e-28,1.008e-17,1.135e-19,1.054e-11,6.240e-21,6.076e-7,,6.627e-19,6.201e-20,4.952e-26,3.191e+0,1.018e-17,1.801e-11,1.333e-2,,8.300e-2,8.347e-22,3.771e-17,3.311e-20,6.582e-29,1.081e-19,1.019e-22,5.292e+0,1.142e+0,8.519e-1,4.121e+0,8.968e-3,7.892e-18,1.828e-18,9.048e-19,3.690e+0,3.801e-1,,6.030e-18,,,1.633e-19,,5.287e-19,,8.017e-19,,3.834e-1,,1.514e-17,,1.722e-6,1.662e-16
483.31,1.955e+1,8.978e-21,2.287e-25,1.510e-43,1.156e-19,,,7.521e-19,3.549e-22,,3.117e-15,3.886e-18,1.607e-28,1.008e-17,1.137e-19,9.857e-12,6.239e-21,5.709e-7,,6.635e-19,6.202e-20,6.732e-26,3.618e+0,1.008e-17,1.498e-11,1.406e-2,,7.100e-2,8.351e-22,3.773e-17,3.311e-20,6.582e-29,1.082e-19,1.019e-22,5.899e+0,9.738e-1,9.412e-1,3.946e+0,7.545e-3,7.906e-18,1.821e-18,9.060e-19,3.261e+0,4.381e-1,,6.001e-18,,,1.627e-19,,5.287e-19,,8.017e-19,,3.843e-1,,1.514e-17,,1.279e-6,1.662e-16
483.34,2.060e+1,9.000e-21,1.063e-25,1.509e-43,1.157e-19,,,7.529e-19,3.554e-22,,3.116e-15,3.881e-18,1.605e-28,1.008e-17,1.140e-19,8.857e-12,6.238e-21,5.168e-7,,6.648e-19,6.205e-20,1.061e-25,4.347e+0,9.921e-18,1.129e-11,1.532e-2,,5.582e-2,8.355e-22,3.775e-17,3.312e-20,6.583e-29,1.082e-19,1.019e-22,6.912e+0,7.619e-1,1.089e+0,3.793e+0,5.787e-3,7.927e-18,1.810e-18,9.076e-19,2.693e+0,5.388e-1,,5.958e-18,,,1.619e-19,,5.286e-19,,8.016e-19,,3.855e-1,,1.513e-17,,8.143e-7,1.663e-16
483.36,2.158e+1,9.015e-21,6.353e-26,1.509e-43,1.158e-19,,,7.534e-19,3.557e-22,,3.116e-15,3.879e-18,1.603e-28,1.008e-17,1.141e-19,8.214e-12,6.237e-21,4.816e-7,,6.657e-19,6.206e-20,1.430e-25,4.898e+0,9.818e-18,9.314e-12,1.626e-2,,4.736e-2,8.358e-22,3.777e-17,3.312e-20,6.583e-29,1.082e-19,1.020e-22,7.656e+0,6.442e-1,1.196e+0,3.758e+0,4.829e-3,7.941e-18,1.802e-18,9.087e-19,2.360e+0,6.160e-1,,5.929e-18,,,1.614e-19,,5.286e-19,,8.015e-19,,3.860e-1,,1.513e-17,,6.001e-7,1.663e-16
483.39,2.349e+1,9.037e-21,2.916e-26,1.508e-43,1.159e-19,,,7.542e-19,3.561e-22,,3.116e-15,3.874e-18,1.601e-28,1.008e-17,1.144e-19,7.291e-12,6.236e-21,4.305e-7,,6.670e-19,6.209e-20,2.227e-25,5.826e+0,9.663e-18,6.934e-12,1.780e-2,,3.678e-2,8.363e-22,3.779e-17,3.313e-20,6.584e-29,1.082e-19,1.020e-22,8.879e+0,4.978e-1,1.371e+0,3.800e+0,3.659e-3,7.962e-18,1.791e-18,9.104e-19,1.925e+0,7.484e-1,,5.886e-18,,,1.606e-19,,5.285e-19,,8.015e-19,,3.864e-1,,1.512e-17,,3.773e-7,1.663e-16
483.41,2.504e+1,9.051e-21,1.728e-26,1.507e-43,1.160e-19,,,7.548e-19,3.564e-22,,3.115e-15,3.872e-18,1.599e-28,1.008e-17,1.146e-19,6.706e-12,6.235e-21,3.979e-7,,6.678e-19,6.210e-20,2.978e-25,6.516e+0,9.560e-18,5.673e-12,1.891e-2,,3.094e-2,8.366e-22,3.780e-17,3.314e-20,6.584e-29,1.082e-19,1.020e-22,9.765e+0,4.175e-1,1.496e+0,3.885e+0,3.028e-3,7.976e-18,1.783e-18,9.115e-19,1.674e+0,8.486e-1,,5.857e-18,,,1.600e-19,,5.284e-19,,8.014e-19,,3.864e-1,,1.512e-17,,2.757e-7,1.664e-16
483.43,2.681e+1,9.066e-21,1.021e-26,1.507e-43,1.161e-19,,,7.553e-19,3.567e-22,,3.115e-15,3.869e-18,1.597e-28,1.008e-17,1.147e-19,6.148e-12,6.235e-21,3.666e-7,,6.687e-19,6.212e-20,3.971e-25,7.266e+0,9.456e-18,4.626e-12,2.006e-2,,2.595e-2,8.369e-22,3.782e-17,3.314e-20,6.584e-29,1.082e-19,1.020e-22,1.071e+1,3.490e-1,1.628e+0,4.012e+0,2.498e-3,7.990e-18,1.776e-18,9.126e-19,1.451e+0,9.591e-1,,5.828e-18,,,1.595e-19,,5.284e-19,,8.014e-19,,3.861e-1,,1.512e-17,,2.009e-7,1.664e-16
483.46,2.985e+1,9.088e-21,1.017e-26,1.506e-43,1.162e-19,,,7.561e-19,3.571e-22,,3.115e-15,3.865e-18,1.595e-28,1.008e-17,1.150e-19,5.364e-12,6.234e-21,3.222e-7,,6.700e-19,6.214e-20,6.077e-25,8.505e+0,9.301e-18,3.385e-12,2.187e-2,,1.981e-2,8.374e-22,3.784e-17,3.315e-20,6.585e-29,1.083e-19,1.020e-22,1.223e+1,2.651e-1,1.838e+0,4.274e+0,1.860e-3,8.011e-18,1.765e-18,9.143e-19,1.163e+0,1.145e+0,,5.785e-18,,,1.586e-19,,5.283e-19,,8.013e-19,,3.849e-1,,1.511e-17,,1.241e-7,1.664e-16
483.48,3.212e+1,9.103e-21,1.015e-26,1.505e-43,1.163e-19,,,7.567e-19,3.574e-22,,3.114e-15,3.862e-18,1.593e-28,1.008e-17,1.152e-19,4.878e-12,6.233e-21,2.944e-7,,6.709e-19,6.216e-20,8.036e-25,9.410e+0,9.198e-18,2.738e-12,2.312e-2,,1.648e-2,8.377e-22,3.785e-17,3.315e-20,6.585e-29,1.083e-19,1.020e-22,1.331e+1,2.198e-1,1.986e+0,4.493e+0,1.522e-3,8.025e-18,1.757e-18,9.154e-19,9.998e-1,1.284e+0,,5.757e-18,,,1.581e-19,,5.282e-19,,8.012e-19,,3.837e-1,,1.511e-17,,8.966e-8,1.664e-16
483.51,3.589e+1,9.125e-21,1.012e-26,1.504e-43,1.164e-19,,,7.575e-19,3.579e-22,,3.114e-15,3.858e-18,1.590e-28,1.008e-17,1.154e-19,4.204e-12,6.232e-21,2.555e-7,,6.722e-19,6.218e-20,1.215e-24,1.088e+1,9.043e-18,1.979e-12,2.501e-2,,1.242e-2,8.382e-22,3.788e-17,3.316e-20,6.586e-29,1.083e-19,1.020e-22,1.502e+1,1.649e-1,2.217e+0,4.878e+0,1.119e-3,8.046e-18,1.746e-18,9.170e-19,7.919e-1,1.515e+0,,5.713e-18,,,1.573e-19,,5.282e-19,,8.012e-19,,3.812e-1,,1.510e-17,,5.472e-8,1.665e-16
483.53,3.862e+1,9.139e-21,1.009e-26,1.504e-43,1.165e-19,,,7.580e-19,3.582e-22,,3.114e-15,3.855e-18,1.589e-28,1.008e-17,1.156e-19,3.792e-12,6.231e-21,2.316e-7,,6.730e-19,6.220e-20,1.594e-24,1.194e+1,8.940e-18,1.587e-12,2.628e-2,,1.025e-2,8.385e-22,3.789e-17,3.317e-20,6.586e-29,1.083e-19,1.020e-22,1.622e+1,1.356e-1,2.377e+0,5.169e+0,9.082e-4,8.060e-18,1.738e-18,9.181e-19,6.751e-1,1.684e+0,,5.685e-18,,,1.567e-19,,5.281e-19,,8.011e-19,,3.789e-1,,1.510e-17,,3.921e-8,1.665e-16
483.56,4.302e+1,9.161e-21,1.006e-26,1.503e-43,1.166e-19,,,7.588e-19,3.586e-22,,3.113e-15,3.851e-18,1.586e-28,1.008e-17,1.159e-19,3.228e-12,6.230e-21,1.986e-7,,6.743e-19,6.222e-20,2.380e-24,1.365e+1,8.785e-18,1.133e-12,2.815e-2,,7.632e-3,8.389e-22,3.791e-17,3.317e-20,6.587e-29,1.083e-19,1.020e-22,1.810e+1,1.005e-1,2.623e+0,5.650e+0,6.598e-4,8.081e-18,1.727e-18,9.198e-19,5.282e-1,1.963e+0,,5.641e-18,,,1.559e-19,,5.280e-19,,8.010e-19,,3.747e-1,,1.509e-17,,2.363e-8,1.665e-16
483.58,4.614e+1,9.176e-21,1.004e-26,1.502e-43,1.167e-19,,,7.593e-19,3.589e-22,,3.113e-15,3.848e-18,1.585e-28,1.008e-17,1.160e-19,2.888e-12,6.229e-21,1.785e-7,,6.752e-19,6.224e-20,3.097e-24,1.486e+1,8.681e-18,9.016e-13,2.938e-2,,6.245e-3,8.392e-22,3.793e-17,3.318e-20,6.587e-29,1.083e-19,1.021e-22,1.940e+1,8.202e-2,2.790e+0,5.994e+0,5.310e-4,8.095e-18,1.719e-18,9.209e-19,4.466e-1,2.165e+0,,5.613e-18,,,1.554e-19,,5.280e-19,,8.010e-19,,3.714e-1,,1.509e-17,,1.680e-8,1.665e-16
483.61,5.105e+1,9.198e-21,1.000e-26,1.501e-43,1.168e-19,,,7.601e-19,3.593e-22,,3.112e-15,3.844e-18,1.582e-28,1.008e-17,1.163e-19,2.428e-12,6.228e-21,1.512e-7,,6.765e-19,6.226e-20,4.568e-24,1.677e+1,8.526e-18,6.358e-13,3.114e-2,,4.594e-3,8.397e-22,3.795e-17,3.319e-20,6.588e-29,1.084e-19,1.021e-22,2.140e+1,6.012e-2,3.042e+0,6.540e+0,3.810e-4,8.116e-18,1.708e-18,9.226e-19,3.452e-1,2.492e+0,,5.569e-18,,,1.545e-19,,5.279e-19,,8.009e-19,,3.656e-1,,1.508e-17,,9.999e-9,1.666e-16
483.63,5.446e+1,9.213e-21,9.980e-27,1.501e-43,1.169e-19,,,7.607e-19,3.596e-22,,3.112e-15,3.841e-18,1.580e-28,1.008e-17,1.165e-19,2.154e-12,6.228e-21,1.348e-7,,6.774e-19,6.228e-20,5.896e-24,1.811e+1,8.423e-18,5.016e-13,3.225e-2,,3.728e-3,8.400e-22,3.797e-17,3.319e-20,6.588e-29,1.084e-19,1.021e-22,2.276e+1,4.872e-2,3.210e+0,6.918e+0,3.041e-4,8.130e-18,1.701e-18,9.237e-19,2.895e-1,2.726e+0,,5.541e-18,,,1.540e-19,,5.278e-19,,8.009e-19,,3.612e-1,,1.508e-17,,7.047e-9,1.666e-16
483.66,5.972e+1,9.235e-21,9.946e-27,1.500e-43,1.170e-19,,,7.615e-19,3.601e-22,,3.112e-15,3.837e-18,1.578e-28,1.008e-17,1.167e-19,1.790e-12,6.226e-21,1.127e-7,,6.787e-19,6.230e-20,8.593e-24,2.019e+1,8.268e-18,3.494e-13,3.380e-2,,2.709e-3,8.405e-22,3.799e-17,3.320e-20,6.589e-29,1.084e-19,1.021e-22,2.483e+1,3.541e-2,3.458e+0,7.499e+0,2.156e-4,8.151e-18,1.689e-18,9.253e-19,2.210e-1,3.100e+0,,5.497e-18,,,1.532e-19,,5.277e-19,,8.008e-19,,3.540e-1,,1.507e-17,,4.144e-9,1.666e-16
483.68,6.331e+1,9.250e-21,9.923e-27,1.499e-43,1.171e-19,,,7.620e-19,3.604e-22,,3.111e-15,3.834e-18,1.576e-28,1.008e-17,1.169e-19,1.575e-12,6.226e-21,9.970e-8,,6.795e-19,6.232e-20,1.100e-23,2.163e+1,8.165e-18,2.734e-13,3.473e-2,,2.180e-3,8.408e-22,3.800e-17,3.320e-20,6.589e-29,1.084e-19,1.021e-22,2.621e+1,2.859e-2,3.619e+0,7.890e+0,1.707e-4,8.165e-18,1.682e-18,9.264e-19,1.838e-1,3.363e+0,,5.469e-18,,,1.526e-19,,5.277e-19,,8.007e-19,,3.488e-1,,1.507e-17,,2.897e-9,1.667e-16
483.71,6.874e+1,9.272e-21,9.888e-27,1.498e-43,1.172e-19,,,7.628e-19,3.608e-22,,3.111e-15,3.830e-18,1.574e-28,1.008e-17,1.172e-19,1.292e-12,6.225e-21,8.239e-8,,6.808e-19,6.234e-20,1.584e-23,2.382e+1,8.010e-18,1.881e-13,3.597e-2,,1.565e-3,8.413e-22,3.803e-17,3.321e-20,6.590e-29,1.084e-19,1.021e-22,2.827e+1,2.080e-2,3.852e+0,8.474e+0,1.195e-4,8.186e-18,1.671e-18,9.281e-19,1.386e-1,3.778e+0,,5.425e-18,,,1.518e-19,,5.276e-19,,8.007e-19,,3.406e-1,,1.506e-17,,1.683e-9,1.667e-16
483.73,7.236e+1,9.286e-21,9.865e-27,1.498e-43,1.173e-19,,,7.633e-19,3.611e-22,,3.111e-15,3.827e-18,1.572e-28,1.008e-17,1.173e-19,1.128e-12,6.224e-21,7.225e-8,,6.817e-19,6.236e-20,2.011e-23,2.530e+1,7.907e-18,1.460e-13,3.667e-2,,1.249e-3,8.416e-22,3.804e-17,3.322e-20,6.590e-29,1.084e-19,1.021e-22,2.963e+1,1.693e-2,4.000e+0,8.856e+0,9.381e-5,8.200e-18,1.663e-18,9.292e-19,1.144e-1,4.066e+0,,5.397e-18,,,1.513e-19,,5.276e-19,,8.006e-19,,3.349e-1,,1.506e-17,,1.166e-9,1.667e-16
483.76,7.775e+1,9.308e-21,9.831e-27,1.497e-43,1.174e-19,,,7.641e-19,3.615e-22,,3.110e-15,3.823e-18,1.569e-28,1.008e-17,1.176e-19,9.141e-13,6.223e-21,5.898e-8,,6.830e-19,6.238e-20,2.861e-23,2.754e+1,7.752e-18,9.923e-14,3.753e-2,,8.853e-4,8.420e-22,3.806e-17,3.322e-20,6.590e-29,1.085e-19,1.021e-22,3.162e+1,1.272e-2,4.206e+0,9.411e+0,6.487e-5,8.221e-18,1.652e-18,9.309e-19,8.519e-2,4.512e+0,,5.354e-18,,,1.504e-19,,5.275e-19,,8.005e-19,,3.263e-1,,1.506e-17,,6.691e-10,1.667e-16
483.78,8.127e+1,9.323e-21,9.808e-27,1.496e-43,1.175e-19,,,7.647e-19,3.618e-22,,3.110e-15,3.820e-18,1.568e-28,1.008e-17,1.178e-19,7.913e-13,6.222e-21,5.130e-8,,6.838e-19,6.239e-20,3.603e-23,2.901e+1,7.648e-18,7.638e-14,3.795e-2,,7.010e-4,8.424e-22,3.808e-17,3.323e-20,6.591e-29,1.085e-19,1.021e-22,3.290e+1,1.081e-2,4.331e+0,9.763e+0,5.052e-5,8.235e-18,1.644e-18,9.320e-19,6.971e-2,4.816e+0,,5.325e-18,,,1.499e-19,,5.274e-19,,8.005e-19,,3.206e-1,,1.505e-17,,4.601e-10,1.668e-16
483.8,8.470e+1,9.338e-21,9.785e-27,1.496e-43,1.176e-19,,,7.652e-19,3.621e-22,,3.110e-15,3.817e-18,1.566e-28,1.007e-17,1.179e-19,6.828e-13,6.222e-21,4.448e-8,,6.847e-19,6.241e-20,4.524e-23,3.047e+1,7.545e-18,5.860e-14,3.826e-2,,5.532e-4,8.427e-22,3.809e-17,3.323e-20,6.591e-29,1.085e-19,1.022e-22,3.414e+1,9.515e-3,4.446e+0,1.010e+1,3.921e-5,8.249e-18,1.637e-18,9.331e-19,5.686e-2,5.124e+0,,5.296e-18,,,1.493e-19,,5.274e-19,,8.004e-19,,3.150e-1,,1.505e-17,,3.153e-10,1.668e-16
483.83,8.964e+1,9.360e-21,9.751e-27,1.495e-43,1.177e-19,,,7.660e-19,3.626e-22,,3.109e-15,3.813e-18,1.563e-28,1.007e-17,1.182e-19,5.440e-13,6.220e-21,3.569e-8,,6.860e-19,6.243e-20,6.325e-23,3.259e+1,7.390e-18,3.914e-14,3.849e-2,,3.854e-4,8.431e-22,3.811e-17,3.324e-20,6.592e-29,1.085e-19,1.022e-22,3.591e+1,8.637e-3,4.597e+0,1.056e+1,2.665e-5,8.270e-18,1.625e-18,9.347e-19,4.163e-2,5.589e+0,,5.253e-18,,,1.485e-19,,5.273e-19,,8.004e-19,,3.070e-1,,1.504e-17,,1.778e-10,1.668e-16
483.85,9.275e+1,9.375e-21,9.728e-27,1.494e-43,1.178e-19,,,7.666e-19,3.629e-22,,3.109e-15,3.810e-18,1.562e-28,1.007e-17,1.184e-19,4.655e-13,6.220e-21,3.069e-8,,6.869e-19,6.245e-20,7.877e-23,3.395e+1,7.287e-18,2.979e-14,3.849e-2,,3.017e-4,8.434e-22,3.813e-17,3.325e-20,6.592e-29,1.085e-19,1.022e-22,3.701e+1,8.733e-3,4.681e+0,1.083e+1,2.052e-5,8.283e-18,1.618e-18,9.358e-19,3.368e-2,5.899e+0,,5.224e-18,,,1.480e-19,,5.272e-19,,8.003e-19,,3.022e-1,,1.504e-17,,1.208e-10,1.668e-16
483.88,9.711e+1,9.397e-21,9.693e-27,1.493e-43,1.179e-19,,,7.674e-19,3.633e-22,,3.109e-15,3.806e-18,1.559e-28,1.007e-17,1.186e-19,3.663e-13,6.219e-21,2.432e-8,,6.882e-19,6.247e-20,1.088e-22,3.587e+1,7.132e-18,1.965e-14,3.825e-2,,2.076e-4,8.439e-22,3.815e-17,3.325e-20,6.593e-29,1.085e-19,1.022e-22,3.853e+1,9.942e-3,4.780e+0,1.119e+1,1.377e-5,8.304e-18,1.607e-18,9.375e-19,2.435e-2,6.356e+0,,5.181e-18,,,1.472e-19,,5.272e-19,,8.002e-19,,2.957e-1,,1.503e-17,,6.728e-11,1.669e-16
483.9,9.976e+1,9.411e-21,9.670e-27,1.493e-43,1.180e-19,,,7.679e-19,3.636e-22,,3.108e-15,3.803e-18,1.557e-28,1.007e-17,1.188e-19,3.109e-13,6.218e-21,2.074e-8,,6.890e-19,6.249e-20,1.344e-22,3.706e+1,7.028e-18,1.483e-14,3.794e-2,,1.612e-4,8.442e-22,6.433e-17,3.326e-20,6.593e-29,1.086e-19,1.022e-22,3.946e+1,1.154e-2,4.829e+0,1.140e+1,1.052e-5,8.318e-18,1.599e-18,9.386e-19,1.954e-2,6.653e+0,,5.152e-18,,,1.466e-19,,5.271e-19,,8.002e-19,,2.920e-1,,1.503e-17,,4.535e-11,1.669e-16
483.93,1.033e+2,9.433e-21,9.636e-27,1.492e-43,1.181e-19,,,7.687e-19,3.640e-22,,3.108e-15,3.799e-18,1.555e-28,1.007e-17,1.190e-19,2.417e-13,6.217e-21,1.624e-8,,6.903e-19,6.251e-20,1.834e-22,3.869e+1,6.873e-18,9.665e-15,3.724e-2,,1.095e-4,8.447e-22,1.400e-16,3.327e-20,6.594e-29,1.086e-19,1.022e-22,4.070e+1,1.534e-2,4.873e+0,1.163e+1,6.973e-6,8.339e-18,1.588e-18,9.403e-19,1.396e-2,7.082e+0,,5.109e-18,,,1.458e-19,,5.270e-19,,8.001e-19,,2.878e-1,,1.502e-17,,2.495e-11,1.669e-16
483.95,1.054e+2,9.448e-21,9.613e-27,1.491e-43,1.182e-19,,,7.692e-19,3.643e-22,,3.108e-15,3.796e-18,1.553e-28,1.007e-17,1.192e-19,2.035e-13,6.216e-21,1.374e-8,,6.912e-19,6.253e-20,2.247e-22,3.965e+1,6.770e-18,7.234e-15,3.664e-2,,8.434e-5,8.450e-22,2.524e-16,3.327e-20,6.594e-29,1.086e-19,1.022e-22,4.142e+1,1.903e-2,4.883e+0,1.175e+1,5.281e-6,8.353e-18,1.580e-18,9.414e-19,1.111e-2,7.352e+0,,5.080e-18,,,1.452e-19,,5.270e-19,,8.001e-19,,2.858e-1,,1.502e-17,,1.668e-11,1.670e-16
483.98,1.080e+2,9.470e-21,9.579e-27,1.490e-43,1.183e-19,,,7.700e-19,3.648e-22,,3.107e-15,3.792e-18,1.551e-28,1.007e-17,1.195e-19,1.562e-13,6.215e-21,1.062e-8,,6.925e-19,6.255e-20,3.029e-22,4.088e+1,6.615e-18,4.656e-15,3.553e-2,,5.663e-5,8.455e-22,5.433e-16,3.328e-20,6.595e-29,1.086e-19,1.022e-22,4.235e+1,2.677e-2,4.869e+0,1.185e+1,3.459e-6,8.374e-18,1.569e-18,9.430e-19,7.846e-3,7.731e+0,,5.037e-18,,,1.444e-19,,5.269e-19,,8.000e-19,,2.844e-1,,1.502e-17,,9.060e-12,1.670e-16
484,1.094e+2,9.485e-21,9.556e-27,1.489e-43,1.184e-19,,,7.706e-19,3.651e-22,,3.107e-15,3.789e-18,1.549e-28,1.007e-17,1.196e-19,1.304e-13,6.215e-21,8.911e-9,,6.934e-19,6.257e-20,3.682e-22,4.155e+1,6.512e-18,3.457e-15,3.467e-2,,4.324e-5,8.458e-22,9.023e-16,3.328e-20,6.595e-29,1.086e-19,1.022e-22,4.286e+1,3.379e-2,4.840e+0,1.187e+1,2.598e-6,8.388e-18,1.562e-18,9.441e-19,6.198e-3,7.961e+0,,5.008e-18,,,1.439e-19,,5.268e-19,,7.999e-19,,2.846e-1,,1.501e-17,,6.007e-12,1.670e-16
484.03,1.110e+2,9.507e-21,9.521e-27,1.489e-43,1.185e-19,,,7.714e-19,3.655e-22,,3.106e-15,3.785e-18,1.546e-28,1.007e-17,1.199e-19,9.893e-14,6.213e-21,6.806e-9,,6.947e-19,6.259e-20,4.903e-22,4.232e+1,6.357e-18,2.198e-15,3.321e-2,,2.868e-5,8.462e-22,1.919e-15,3.329e-20,6.596e-29,1.087e-19,1.023e-22,4.346e+1,4.798e-2,4.770e+0,1.182e+1,1.680e-6,8.409e-18,1.550e-18,9.458e-19,4.331e-3,8.269e+0,,4.965e-18,,,1.431e-19,,5.268e-19,,7.999e-19,,2.865e-1,,1.501e-17,,3.223e-12,1.671e-16
484.05,1.117e+2,9.521e-21,9.498e-27,1.488e-43,1.186e-19,,,7.719e-19,3.658e-22,,3.106e-15,3.783e-18,1.545e-28,1.007e-17,1.201e-19,8.193e-14,6.213e-21,5.664e-9,,6.955e-19,6.261e-20,5.911e-22,4.267e+1,6.254e-18,1.618e-15,3.215e-2,,2.172e-5,8.465e-22,3.162e-15,3.330e-20,6.596e-29,1.087e-19,1.023e-22,4.376e+1,6.054e-2,4.705e+0,1.174e+1,1.252e-6,8.423e-18,1.543e-18,9.469e-19,3.402e-3,8.447e+0,,4.936e-18,,,1.425e-19,,5.267e-19,,7.998e-19,,2.890e-1,,1.500e-17,,2.120e-12,1.671e-16
484.08,1.122e+2,9.544e-21,9.464e-27,1.487e-43,1.187e-19,,,7.727e-19,3.663e-22,,3.106e-15,3.778e-18,1.542e-28,1.007e-17,1.203e-19,6.138e-14,6.212e-21,4.273e-9,,6.968e-19,6.263e-20,7.777e-22,4.294e+1,6.099e-18,1.016e-15,3.042e-2,,1.423e-5,8.470e-22,6.645e-15,3.330e-20,6.596e-29,1.087e-19,1.023e-22,4.404e+1,8.545e-2,4.584e+0,1.156e+1,7.999e-7,8.444e-18,1.532e-18,9.486e-19,2.366e-3,8.667e+0,,4.893e-18,,,1.417e-19,,5.266e-19,,7.997e-19,,2.944e-1,,1.500e-17,,1.123e-12,1.671e-16
484.1,1.122e+2,9.558e-21,9.441e-27,1.486e-43,1.187e-19,,,7.733e-19,3.666e-22,,3.105e-15,3.776e-18,1.541e-28,1.007e-17,1.205e-19,5.042e-14,6.211e-21,3.527e-9,,6.977e-19,6.265e-20,9.300e-22,4.294e+1,5.995e-18,7.421e-16,2.920e-2,,1.069e-5,8.473e-22,1.086e-14,3.331e-20,6.597e-29,1.087e-19,1.023e-22,4.414e+1,1.072e-1,4.487e+0,1.139e+1,5.910e-7,8.458e-18,1.524e-18,9.497e-19,1.861e-3,8.780e+0,,4.864e-18,,,1.411e-19,,5.266e-19,,7.997e-19,,2.993e-1,,1.499e-17,,7.327e-13,1.671e-16
484.13,1.116e+2,9.580e-21,9.407e-27,1.486e-43,1.189e-19,,,7.741e-19,3.670e-22,,3.105e-15,3.771e-18,1.538e-28,1.007e-17,1.208e-19,3.731e-14,6.210e-21,2.628e-9,,6.990e-19,6.267e-20,1.209e-21,4.268e+1,5.840e-18,4.603e-16,2.730e-2,,6.915e-6,8.478e-22,2.255e-14,3.332e-20,6.597e-29,1.087e-19,1.023e-22,4.413e+1,1.497e-1,4.323e+0,1.107e+1,3.730e-7,8.479e-18,1.513e-18,9.513e-19,1.315e-3,8.899e+0,,4.821e-18,,,1.403e-19,,5.265e-19,,7.996e-19,,3.083e-1,,1.499e-17,,3.835e-13,1.672e-16
484.15,1.109e+2,9.595e-21,9.384e-27,1.485e-43,1.189e-19,,,7.746e-19,3.673e-22,,3.105e-15,3.769e-18,1.536e-28,1.007e-17,1.209e-19,3.039e-14,6.209e-21,2.152e-9,,6.998e-19,6.269e-20,1.434e-21,4.234e+1,9.873e-18,3.334e-16,2.599e-2,,5.152e-6,8.481e-22,3.655e-14,3.332e-20,6.598e-29,1.087e-19,1.023e-22,4.405e+1,1.863e-1,4.202e+0,1.082e+1,2.733e-7,8.493e-18,1.505e-18,9.525e-19,1.062e-3,8.943e+0,,4.792e-18,,,1.398e-19,,5.264e-19,,7.995e-19,,3.154e-1,,1.498e-17,,2.481e-13,1.672e-16
484.18,1.093e+2,9.617e-21,9.349e-27,1.484e-43,1.191e-19,,,7.754e-19,3.677e-22,,3.104e-15,3.764e-18,1.534e-28,1.007e-17,1.212e-19,2.221e-14,6.208e-21,1.584e-9,,7.011e-19,6.271e-20,1.841e-21,4.157e+1,2.157e-17,2.043e-16,2.400e-2,,3.293e-6,8.486e-22,7.499e-14,3.333e-20,6.598e-29,1.088e-19,1.023e-22,4.379e+1,2.572e-1,4.007e+0,1.039e+1,1.704e-7,8.514e-18,1.494e-18,9.541e-19,8.135e-4,8.954e+0,,4.749e-18,,,1.390e-19,,5.263e-19,,7.995e-19,,3.276e-1,,1.498e-17,,1.283e-13,1.672e-16
484.2,1.080e+2,9.632e-21,9.326e-27,1.483e-43,1.191e-19,,,7.759e-19,3.680e-22,,3.104e-15,3.762e-18,1.532e-28,1.007e-17,1.214e-19,1.795e-14,6.207e-21,1.286e-9,,7.020e-19,6.272e-20,2.166e-21,4.091e+1,3.617e-17,1.467e-16,2.267e-2,,2.433e-6,8.489e-22,1.206e-13,3.333e-20,6.599e-29,1.088e-19,1.023e-22,4.355e+1,3.176e-1,3.869e+0,1.008e+1,1.238e-7,8.528e-18,1.486e-18,9.552e-19,7.209e-4,8.925e+0,,4.720e-18,,,1.384e-19,,5.263e-19,,7.994e-19,,3.368e-1,,1.498e-17,,8.229e-14,1.672e-16
484.22,1.065e+2,9.646e-21,9.303e-27,1.483e-43,1.192e-19,,,7.765e-19,3.683e-22,,3.104e-15,3.759e-18,1.530e-28,1.007e-17,1.215e-19,1.446e-14,6.207e-21,1.041e-9,,7.029e-19,6.274e-20,2.540e-21,4.012e+1,6.046e-17,1.051e-16,2.134e-2,,1.792e-6,8.492e-22,1.933e-13,3.334e-20,6.599e-29,1.088e-19,1.023e-22,4.326e+1,3.909e-1,3.727e+0,9.736e+0,8.971e-8,8.542e-18,1.479e-18,9.563e-19,6.797e-4,8.867e+0,,4.691e-18,,,1.379e-19,,5.262e-19,,7.994e-19,,3.466e-1,,1.497e-17,,5.262e-14,1.673e-16
484.25,1.038e+2,9.668e-21,9.269e-27,1.482e-43,1.193e-19,,,7.773e-19,3.688e-22,,3.103e-15,3.755e-18,1.528e-28,1.007e-17,1.218e-19,1.039e-14,6.206e-21,7.530e-10,,7.042e-19,6.276e-20,3.206e-21,3.873e+1,1.299e-16,6.326e-17,1.937e-2,,1.126e-6,8.496e-22,3.900e-13,3.335e-20,6.600e-29,1.088e-19,1.024e-22,4.273e+1,5.307e-1,3.509e+0,9.192e+0,5.497e-8,8.563e-18,1.468e-18,9.580e-19,7.095e-4,8.727e+0,,4.648e-18,,,1.370e-19,,5.262e-19,,7.993e-19,,3.626e-1,,1.497e-17,,2.674e-14,1.673e-16
484.27,1.018e+2,9.683e-21,9.246e-27,1.481e-43,1.194e-19,,,7.778e-19,3.691e-22,,3.103e-15,3.752e-18,1.526e-28,1.007e-17,1.220e-19,8.298e-15,6.205e-21,6.044e-10,,7.050e-19,6.278e-20,3.730e-21,3.769e+1,2.154e-16,4.493e-17,1.808e-2,,8.222e-7,8.500e-22,6.201e-13,3.335e-20,6.600e-29,1.088e-19,1.024e-22,4.232e+1,6.479e-1,3.362e+0,8.810e+0,3.949e-8,8.577e-18,1.460e-18,9.591e-19,7.917e-4,8.600e+0,,4.620e-18,,,1.365e-19,,5.261e-19,,7.992e-19,,3.740e-1,,1.496e-17,,1.695e-14,1.673e-16
484.3,9.860e+1,9.705e-21,9.212e-27,1.480e-43,1.195e-19,,,7.786e-19,3.695e-22,,3.103e-15,3.748e-18,1.524e-28,1.007e-17,1.222e-19,5.888e-15,6.204e-21,4.319e-10,,7.063e-19,6.280e-20,4.651e-21,3.596e+1,4.571e-16,2.672e-17,1.621e-2,,5.102e-7,8.504e-22,1.236e-12,3.336e-20,6.601e-29,1.088e-19,1.024e-22,4.165e+1,8.688e-1,3.143e+0,8.216e+0,2.390e-8,8.598e-18,1.449e-18,9.608e-19,1.020e-3,8.361e+0,,4.576e-18,,,1.357e-19,,5.260e-19,,7.992e-19,,3.919e-1,,1.496e-17,,8.510e-15,1.674e-16
484.32,9.633e+1,9.720e-21,9.189e-27,1.480e-43,1.196e-19,,,7.791e-19,3.698e-22,,3.102e-15,3.745e-18,1.522e-28,1.007e-17,1.224e-19,4.665e-15,6.203e-21,3.439e-10,,7.072e-19,6.282e-20,5.367e-21,3.471e+1,7.518e-16,1.882e-17,1.502e-2,,3.696e-7,8.507e-22,1.950e-12,3.336e-20,6.601e-29,1.089e-19,1.024e-22,4.116e+1,1.052e+0,3.001e+0,7.810e+0,1.703e-8,8.612e-18,1.441e-18,9.619e-19,1.254e-3,8.172e+0,,4.548e-18,,,1.351e-19,,5.260e-19,,7.991e-19,,4.043e-1,,1.495e-17,,5.352e-15,1.674e-16
484.35,9.279e+1,9.742e-21,9.154e-27,1.479e-43,1.197e-19,,,7.799e-19,3.702e-22,,3.102e-15,3.741e-18,1.519e-28,1.007e-17,1.227e-19,3.270e-15,6.202e-21,2.428e-10,,7.085e-19,6.284e-20,6.613e-21,3.273e+1,1.576e-15,1.106e-17,1.330e-2,,2.265e-7,8.512e-22,3.840e-12,3.337e-20,6.602e-29,1.089e-19,1.024e-22,4.039e+1,1.394e+0,2.794e+0,7.195e+0,1.018e-8,8.633e-18,1.430e-18,9.635e-19,1.762e-3,7.848e+0,,4.504e-18,,,1.343e-19,,5.259e-19,,7.990e-19,,4.234e-1,,1.495e-17,,2.653e-15,1.674e-16
484.37,9.038e+1,9.757e-21,9.131e-27,1.478e-43,1.198e-19,,,7.805e-19,3.705e-22,,3.101e-15,3.738e-18,1.518e-28,1.007e-17,1.228e-19,2.570e-15,6.201e-21,1.917e-10,,7.094e-19,6.286e-20,7.569e-21,3.136e+1,2.572e-15,7.723e-18,1.222e-2,,1.628e-7,8.515e-22,6.008e-12,3.338e-20,6.602e-29,1.089e-19,1.024e-22,3.984e+1,1.675e+0,2.663e+0,6.784e+0,7.195e-9,8.647e-18,1.423e-18,9.646e-19,2.230e-3,7.609e+0,,4.476e-18,,,1.338e-19,,5.258e-19,,7.990e-19,,4.364e-1,,1.494e-17,,1.655e-15,1.674e-16
484.4,8.677e+1,9.779e-21,9.097e-27,1.477e-43,1.199e-19,,,7.813e-19,3.710e-22,,3.101e-15,3.734e-18,1.515e-28,1.007e-17,1.231e-19,1.779e-15,6.200e-21,1.337e-10,,7.106e-19,6.288e-20,9.213e-21,2.924e+1,5.329e-15,4.482e-18,1.069e-2,,9.852e-8,8.520e-22,1.169e-11,3.339e-20,6.603e-29,1.089e-19,1.024e-22,3.900e+1,2.192e+0,2.479e+0,6.174e+0,4.249e-9,8.668e-18,1.411e-18,9.663e-19,3.188e-3,7.219e+0,,4.432e-18,,,1.329e-19,,5.258e-19,,7.989e-19,,4.560e-1,,1.494e-17,,8.103e-16,1.675e-16
484.42,8.441e+1,9.793e-21,9.074e-27,1.477e-43,1.200e-19,,,7.818e-19,3.713e-22,,3.101e-15,3.731e-18,1.513e-28,1.007e-17,1.233e-19,1.387e-15,6.200e-21,1.047e-10,,7.115e-19,6.290e-20,1.046e-20,2.781e+1,8.625e-15,3.105e-18,9.738e-3,,7.021e-8,8.523e-22,1.815e-11,3.339e-20,6.603e-29,1.089e-19,1.024e-22,3.842e+1,2.612e+0,2.366e+0,5.774e+0,2.978e-9,8.682e-18,1.404e-18,9.674e-19,4.044e-3,6.941e+0,,4.404e-18,,,1.324e-19,,5.257e-19,,7.989e-19,,4.691e-1,,1.494e-17,,5.013e-16,1.675e-16
484.45,8.099e+1,9.815e-21,9.040e-27,1.476e-43,1.201e-19,,,7.826e-19,3.717e-22,,3.100e-15,3.727e-18,1.511e-28,1.007e-17,1.235e-19,9.485e-16,6.199e-21,7.210e-11,,7.128e-19,6.292e-20,1.258e-20,2.568e+1,1.765e-14,1.780e-18,8.416e-3,,4.198e-8,8.527e-22,3.489e-11,3.340e-20,6.603e-29,1.089e-19,1.025e-22,3.752e+1,3.377e+0,2.214e+0,5.191e+0,1.737e-9,8.703e-18,1.393e-18,9.691e-19,5.757e-3,6.505e+0,,4.360e-18,,,1.316e-19,,5.256e-19,,7.988e-19,,4.886e-1,,1.493e-17,,2.424e-16,1.675e-16
484.47,7.884e+1,9.830e-21,9.017e-27,1.475e-43,1.202e-19,,,7.832e-19,3.720e-22,,3.100e-15,3.724e-18,1.509e-28,1.007e-17,1.237e-19,7.333e-16,6.198e-21,5.601e-11,,7.137e-19,6.294e-20,1.417e-20,2.427e+1,2.834e-14,1.223e-18,7.605e-3,,2.967e-8,8.531e-22,5.373e-11,3.340e-20,6.604e-29,1.090e-19,1.025e-22,3.692e+1,3.991e+0,2.124e+0,4.816e+0,1.207e-9,8.717e-18,1.385e-18,9.702e-19,7.263e-3,6.205e+0,,4.332e-18,,,1.310e-19,,5.256e-19,,7.987e-19,,5.015e-1,,1.493e-17,,1.487e-16,1.675e-16
484.5,7.588e+1,9.852e-21,8.982e-27,1.474e-43,1.203e-19,,,7.840e-19,3.724e-22,,3.100e-15,3.720e-18,1.507e-28,1.007e-17,1.239e-19,4.954e-16,6.197e-21,3.810e-11,,7.150e-19,6.296e-20,1.684e-20,2.221e+1,5.732e-14,6.925e-19,6.493e-3,,1.753e-8,8.535e-22,1.020e-10,3.341e-20,6.604e-29,1.090e-19,1.025e-22,3.601e+1,5.097e+0,2.010e+0,4.277e+0,6.956e-10,8.738e-18,1.374e-18,9.718e-19,1.024e-2,5.744e+0,,4.288e-18,,,1.302e-19,,5.255e-19,,7.987e-19,,5.204e-1,,1.492e-17,,7.105e-17,1.676e-16
484.52,7.412e+1,9.867e-21,8.959e-27,1.474e-43,1.204e-19,,,7.845e-19,3.727e-22,,3.099e-15,3.717e-18,1.505e-28,1.007e-17,1.241e-19,3.798e-16,6.196e-21,2.936e-11,,7.158e-19,6.298e-20,1.881e-20,2.089e+1,9.129e-14,4.721e-19,5.820e-3,,1.229e-8,8.538e-22,1.559e-10,3.342e-20,6.605e-29,1.090e-19,1.025e-22,3.539e+1,5.976e+0,1.946e+0,3.936e+0,4.796e-10,8.752e-18,1.366e-18,9.729e-19,1.282e-2,5.434e+0,,4.260e-18,,,1.297e-19,,5.254e-19,,7.986e-19,,5.328e-1,,1.492e-17,,4.323e-17,1.676e-16
484.55,7.189e+1,9.889e-21,8.925e-27,1.473e-43,1.205e-19,,,7.853e-19,3.732e-22,,3.099e-15,3.713e-18,1.502e-28,1.007e-17,1.244e-19,2.534e-16,6.195e-21,1.973e-11,,7.171e-19,6.300e-20,2.209e-20,1.901e+1,1.824e-13,2.645e-19,4.908e-3,,7.167e-9,8.543e-22,2.926e-10,3.342e-20,6.605e-29,1.090e-19,1.025e-22,3.447e+1,7.541e+0,1.872e+0,3.455e+0,2.729e-10,8.773e-18,1.355e-18,9.746e-19,1.786e-2,4.970e+0,,4.217e-18,,,1.288e-19,,5.254e-19,,7.985e-19,,5.508e-1,,1.491e-17,,2.040e-17,1.676e-16
484.57,7.070e+1,9.904e-21,8.902e-27,1.472e-43,1.206e-19,,,7.858e-19,3.735e-22,,3.099e-15,3.710e-18,1.501e-28,1.007e-17,1.245e-19,1.927e-16,6.194e-21,1.507e-11,,1.209e-18,6.302e-20,2.449e-20,1.784e+1,2.882e-13,1.794e-19,4.363e-3,,4.983e-9,8.546e-22,4.434e-10,3.343e-20,6.606e-29,1.090e-19,1.025e-22,3.385e+1,8.770e+0,1.837e+0,3.155e+0,1.866e-10,8.787e-18,1.347e-18,9.757e-19,2.219e-2,4.663e+0,,4.188e-18,,,1.283e-19,,5.253e-19,,7.985e-19,,5.625e-1,,1.491e-17,,1.231e-17,1.677e-16
484.59,6.980e+1,9.918e-21,8.879e-27,1.472e-43,1.207e-19,,,7.864e-19,3.738e-22,,3.098e-15,3.707e-18,1.499e-28,1.007e-17,1.247e-19,1.461e-16,6.194e-21,1.148e-11,,2.033e-18,6.303e-20,2.706e-20,1.674e+1,4.538e-13,1.218e-19,3.866e-3,,3.454e-9,8.549e-22,6.697e-10,3.343e-20,6.606e-29,1.090e-19,1.025e-22,3.324e+1,1.017e+1,1.813e+0,2.872e+0,1.272e-10,8.801e-18,1.340e-18,9.768e-19,2.749e-2,4.361e+0,,4.159e-18,,,1.278e-19,,5.252e-19,,7.984e-19,,5.738e-1,,1.490e-17,,7.405e-18,1.677e-16
484.62,6.902e+1,9.940e-21,8.845e-27,1.471e-43,1.208e-19,,,7.872e-19,3.742e-22,,3.098e-15,3.703e-18,1.497e-28,1.007e-17,1.250e-19,9.582e-17,6.193e-21,7.584e-12,,4.403e-18,6.305e-20,3.124e-20,1.526e+1,8.916e-13,6.920e-20,3.205e-3,,1.980e-9,8.554e-22,1.236e-9,3.344e-20,6.607e-29,1.091e-19,1.025e-22,3.232e+1,1.261e+1,1.797e+0,2.481e+0,7.114e-11,8.822e-18,1.329e-18,9.785e-19,3.765e-2,3.921e+0,,4.116e-18,,,1.269e-19,,5.252e-19,,7.984e-19,,5.902e-1,,1.490e-17,,3.433e-18,1.677e-16
484.64,6.893e+1,9.955e-21,8.822e-27,1.470e-43,1.209e-19,,,7.877e-19,3.745e-22,,3.098e-15,3.700e-18,1.495e-28,1.007e-17,1.251e-19,7.204e-17,6.192e-21,5.729e-12,,7.342e-18,6.307e-20,3.425e-20,1.438e+1,1.393e-12,4.907e-20,2.817e-3,,1.361e-9,8.557e-22,1.852e-9,3.345e-20,6.607e-29,1.091e-19,1.025e-22,3.172e+1,1.450e+1,1.799e+0,2.243e+0,4.809e-11,8.836e-18,1.321e-18,9.796e-19,4.626e-2,3.637e+0,,4.087e-18,,,1.264e-19,,5.251e-19,,7.983e-19,,6.007e-1,,1.490e-17,,2.048e-18,1.677e-16
484.67,6.950e+1,9.977e-21,8.787e-27,1.469e-43,1.210e-19,,,7.885e-19,3.749e-22,,3.097e-15,3.696e-18,1.492e-28,1.007e-17,1.254e-19,4.667e-17,6.191e-21,3.738e-12,,1.571e-17,6.309e-20,3.909e-20,1.325e+1,2.703e-12,3.356e-20,2.307e-3,,7.708e-10,8.562e-22,3.377e-9,3.345e-20,6.608e-29,1.091e-19,1.026e-22,3.083e+1,1.777e+1,1.822e+0,1.919e+0,2.657e-11,8.857e-18,2.896e-18,9.812e-19,6.260e-2,3.230e+0,,4.044e-18,,,1.256e-19,,5.250e-19,,7.982e-19,,6.159e-1,,1.489e-17,,9.381e-19,1.678e-16
484.69,7.040e+1,9.992e-21,8.764e-27,1.469e-43,1.211e-19,,,7.890e-19,3.752e-22,,3.097e-15,3.693e-18,1.491e-28,1.007e-17,1.256e-19,3.480e-17,6.190e-21,2.801e-12,,2.599e-17,6.311e-20,4.252e-20,1.263e+1,4.189e-12,3.076e-20,2.011e-3,,5.255e-10,8.565e-22,5.019e-9,3.346e-20,6.608e-29,1.091e-19,1.026e-22,3.025e+1,2.027e+1,1.849e+0,1.724e+0,1.781e-11,8.871e-18,4.866e-18,9.823e-19,7.629e-2,2.972e+0,,4.015e-18,,,1.250e-19,,5.250e-19,,7.982e-19,,6.255e-1,,1.489e-17,,5.551e-19,1.678e-16
484.72,7.259e+1,1.001e-20,8.730e-27,1.468e-43,1.212e-19,,,7.899e-19,3.757e-22,,3.096e-15,3.689e-18,1.488e-28,1.007e-17,1.258e-19,2.227e-17,6.189e-21,1.805e-12,,5.496e-17,6.313e-20,4.797e-20,1.192e+1,8.033e-12,3.707e-20,1.627e-3,,2.940e-10,8.569e-22,9.042e-9,3.347e-20,6.609e-29,1.091e-19,1.026e-22,2.941e+1,2.453e+1,1.907e+0,1.466e+0,9.720e-12,8.892e-18,1.054e-17,9.840e-19,1.020e-1,2.607e+0,,3.972e-18,,,1.242e-19,,5.249e-19,,7.981e-19,,6.394e-1,,1.488e-17,,2.511e-19,1.678e-16
484.74,7.464e+1,1.003e-20,8.707e-27,1.467e-43,1.213e-19,,,7.904e-19,3.760e-22,,3.096e-15,3.686e-18,1.486e-28,1.007e-17,1.260e-19,1.647e-17,6.188e-21,1.341e-12,,9.018e-17,6.315e-20,5.178e-20,1.160e+1,1.235e-11,4.949e-20,1.406e-3,,1.988e-10,8.572e-22,1.333e-8,3.347e-20,6.609e-29,1.091e-19,1.026e-22,2.887e+1,2.775e+1,1.955e+0,1.314e+0,6.464e-12,8.906e-18,1.757e-17,9.851e-19,1.233e-1,2.379e+0,,3.943e-18,,,1.237e-19,,5.248e-19,,7.981e-19,,6.481e-1,,1.488e-17,,2.533e-19,1.679e-16
484.77,7.867e+1,1.005e-20,8.673e-27,1.466e-43,1.214e-19,,,7.912e-19,3.764e-22,,3.096e-15,3.682e-18,1.484e-28,1.007e-17,1.263e-19,1.041e-17,6.187e-21,8.540e-13,,1.884e-16,6.317e-20,5.774e-20,1.135e+1,2.340e-11,8.613e-20,1.124e-3,,1.098e-10,8.577e-22,2.373e-8,3.348e-20,6.609e-29,1.092e-19,1.026e-22,2.808e+1,3.319e+1,2.042e+0,1.118e+0,3.484e-12,8.927e-18,3.758e-17,9.868e-19,1.629e-1,2.062e+0,,3.900e-18,,,1.228e-19,,5.248e-19,,7.980e-19,,6.606e-1,,1.487e-17,,2.567e-19,1.679e-16
484.79,8.202e+1,1.007e-20,8.650e-27,1.466e-43,1.215e-19,,,7.917e-19,3.767e-22,,3.095e-15,3.679e-18,1.482e-28,1.007e-17,1.264e-19,7.638e-18,6.187e-21,6.294e-13,,3.066e-16,6.319e-20,6.186e-20,1.134e+1,3.568e-11,1.288e-19,9.638e-4,,7.365e-11,8.580e-22,3.472e-8,3.348e-20,6.610e-29,1.092e-19,1.026e-22,2.758e+1,3.725e+1,2.107e+0,1.006e+0,2.298e-12,8.941e-18,6.215e-17,9.879e-19,1.953e-1,1.867e+0,,3.871e-18,,,1.223e-19,,5.247e-19,,7.979e-19,,6.684e-1,,1.487e-17,,2.589e-19,1.679e-16
484.82,8.809e+1,1.009e-20,8.615e-27,1.465e-43,1.216e-19,,,7.925e-19,3.772e-22,,3.095e-15,3.675e-18,1.480e-28,1.007e-17,1.267e-19,4.769e-18,6.186e-21,3.958e-13,,6.330e-16,6.321e-20,6.822e-20,1.159e+1,6.678e-11,2.384e-19,7.607e-4,,4.019e-11,8.585e-22,6.106e-8,3.349e-20,6.610e-29,1.092e-19,1.026e-22,2.688e+1,4.401e+1,2.216e+0,8.692e-1,1.223e-12,8.962e-18,1.314e-16,9.895e-19,2.548e-1,1.598e+0,,3.828e-18,,,1.215e-19,,5.246e-19,,7.979e-19,,6.793e-1,,1.486e-17,,2.623e-19,1.679e-16
484.84,9.286e+1,1.010e-20,8.592e-27,1.464e-43,1.217e-19,,,7.931e-19,3.775e-22,,3.095e-15,3.672e-18,1.478e-28,1.007e-17,1.269e-19,3.470e-18,6.185e-21,2.893e-13,,1.022e-15,6.323e-20,7.255e-20,1.193e+1,1.010e-10,3.598e-19,6.471e-4,,2.673e-11,8.588e-22,8.860e-8,3.350e-20,6.611e-29,1.092e-19,1.026e-22,2.643e+1,4.899e+1,2.294e+0,7.969e-1,8.001e-13,8.976e-18,2.155e-16,9.906e-19,3.031e-1,1.435e+0,,3.799e-18,,,1.209e-19,,5.246e-19,,7.978e-19,,6.860e-1,,1.486e-17,,2.645e-19,1.680e-16
484.87,1.011e+2,1.012e-20,8.558e-27,1.463e-43,1.218e-19,,,7.939e-19,3.779e-22,,3.094e-15,3.668e-18,1.475e-28,1.007e-17,1.271e-19,2.140e-18,6.184e-21,1.797e-13,,2.084e-15,6.325e-20,7.914e-20,1.270e+1,1.868e-10,6.644e-19,5.046e-4,,1.441e-11,8.593e-22,1.540e-7,3.350e-20,6.611e-29,1.092e-19,1.026e-22,2.582e+1,5.718e+1,2.417e+0,7.172e-1,4.207e-13,8.997e-18,4.502e-16,9.923e-19,3.907e-1,1.213e+0,,3.756e-18,,,1.201e-19,,5.245e-19,,7.977e-19,,6.951e-1,,1.485e-17,,2.679e-19,1.680e-16
484.89,1.074e+2,1.014e-20,8.535e-27,1.463e-43,1.219e-19,,,7.944e-19,3.782e-22,,3.094e-15,3.665e-18,1.474e-28,1.007e-17,1.273e-19,1.544e-18,6.183e-21,1.303e-13,,3.338e-15,6.327e-20,8.357e-20,1.339e+1,2.803e-10,9.967e-19,4.257e-4,,9.507e-12,8.596e-22,2.216e-7,3.351e-20,6.612e-29,1.092e-19,1.027e-22,2.544e+1,6.313e+1,2.503e+0,6.834e-1,2.729e-13,9.011e-18,7.326e-16,9.934e-19,4.609e-1,1.080e+0,,3.727e-18,,,1.196e-19,,5.244e-19,,7.977e-19,,7.004e-1,,1.485e-17,,2.701e-19,1.680e-16
484.92,1.179e+2,1.016e-20,8.501e-27,1.462e-43,1.220e-19,,,7.952e-19,3.786e-22,,3.094e-15,3.661e-18,1.471e-28,1.007e-17,1.276e-19,9.408e-19,6.182e-21,7.995e-14,,6.727e-15,6.329e-20,9.021e-20,1.471e+1,5.122e-10,1.821e-18,3.279e-4,,5.062e-12,8.600e-22,3.805e-7,3.352e-20,6.612e-29,1.093e-19,1.027e-22,2.493e+1,7.279e+1,2.633e+0,6.625e-1,1.418e-13,9.032e-18,1.512e-15,9.951e-19,5.870e-1,9.025e-1,,3.684e-18,,,1.187e-19,,5.244e-19,,7.976e-19,,7.072e-1,,1.484e-17,,2.734e-19,1.681e-16
484.94,1.257e+2,1.018e-20,8.478e-27,1.461e-43,1.221e-19,,,7.957e-19,3.789e-22,,3.093e-15,3.658e-18,1.469e-28,1.007e-17,1.277e-19,6.733e-19,6.181e-21,5.749e-14,,1.069e-14,6.331e-20,9.461e-20,1.577e+1,7.624e-10,2.710e-18,2.744e-4,,3.312e-12,8.603e-22,5.434e-7,3.352e-20,6.613e-29,1.093e-19,1.027e-22,2.462e+1,7.972e+1,2.721e+0,6.693e-1,9.121e-14,9.046e-18,2.441e-15,9.962e-19,6.869e-1,7.972e-1,,3.655e-18,,,1.182e-19,,5.243e-19,,7.976e-19,,7.109e-1,,1.484e-17,,2.757e-19,1.681e-16
484.96,1.341e+2,1.019e-20,8.455e-27,1.461e-43,1.222e-19,,,7.963e-19,3.792e-22,,3.093e-15,3.656e-18,1.468e-28,1.007e-17,1.279e-19,4.803e-19,6.181e-21,4.121e-14,,1.693e-14,6.332e-20,9.897e-20,1.698e+1,1.131e-9,4.021e-18,2.289e-4,,2.160e-12,8.607e-22,7.736e-7,3.353e-20,6.613e-29,1.093e-19,1.027e-22,2.433e+1,8.702e+1,2.808e+0,6.935e-1,5.850e-14,9.060e-18,3.927e-15,9.973e-19,8.013e-1,7.019e-1,,3.626e-18,,,1.176e-19,,5.243e-19,,7.975e-19,,7.137e-1,,1.484e-17,,2.779e-19,1.681e-16
484.99,1.477e+2,1.021e-20,8.420e-27,1.460e-43,1.223e-19,,,7.971e-19,3.797e-22,,3.093e-15,3.652e-18,1.465e-28,1.007e-17,1.282e-19,2.876e-19,6.180e-21,2.485e-14,,3.354e-14,6.335e-20,1.054e-19,1.907e+1,2.032e-9,7.224e-18,1.733e-4,,1.130e-12,8.611e-22,1.306e-6,3.353e-20,6.614e-29,1.093e-19,1.027e-22,2.396e+1,9.865e+1,2.937e+0,7.651e-1,2.986e-14,9.081e-18,7.968e-15,9.990e-19,1.003e+0,5.764e-1,,3.583e-18,,,1.168e-19,,5.242e-19,,7.974e-19,,7.165e-1,,1.483e-17,,2.813e-19,1.681e-16
485.01,1.574e+2,1.023e-20,8.398e-27,1.459e-43,1.224e-19,,,7.976e-19,3.800e-22,,3.092e-15,3.649e-18,1.464e-28,1.007e-17,1.283e-19,2.035e-19,6.179e-21,1.767e-14,,5.269e-14,6.336e-20,1.096e-19,2.064e+1,2.991e-9,1.063e-17,1.434e-4,,7.310e-13,8.614e-22,1.844e-6,3.354e-20,6.614e-29,1.093e-19,1.027e-22,2.374e+1,1.068e+2,3.020e+0,8.382e-1,1.900e-14,1.530e-17,1.272e-14,1.000e-18,1.161e+0,5.033e-1,,3.554e-18,,,1.163e-19,,5.241e-19,,7.974e-19,,7.172e-1,,1.483e-17,,2.835e-19,1.682e-16
485.04,1.730e+2,1.025e-20,8.363e-27,1.458e-43,1.225e-19,,,7.984e-19,3.804e-22,,3.092e-15,3.645e-18,1.461e-28,1.007e-17,1.286e-19,1.204e-19,6.178e-21,1.052e-14,,1.031e-13,6.338e-20,1.156e-19,2.326e+1,5.309e-9,1.887e-17,1.073e-4,,3.779e-13,8.619e-22,3.076e-6,3.355e-20,6.615e-29,1.094e-19,1.027e-22,2.346e+1,1.196e+2,3.140e+0,9.903e-1,9.578e-15,3.325e-17,2.550e-14,1.002e-18,1.436e+0,4.083e-1,,3.511e-18,,,1.155e-19,,5.240e-19,,7.973e-19,,7.163e-1,,1.482e-17,,2.869e-19,1.682e-16
485.06,1.840e+2,1.026e-20,8.340e-27,1.457e-43,1.226e-19,,,7.990e-19,3.807e-22,,3.092e-15,3.642e-18,1.459e-28,1.007e-17,1.288e-19,8.447e-20,6.177e-21,7.421e-15,,1.608e-13,6.340e-20,1.195e-19,2.517e+1,7.751e-9,2.756e-17,8.806e-5,,2.424e-13,8.622e-22,4.309e-6,3.355e-20,6.615e-29,1.094e-19,1.027e-22,2.330e+1,1.285e+2,3.215e+0,1.123e+0,6.043e-15,5.558e-17,4.038e-14,1.003e-18,1.648e+0,3.537e-1,,3.483e-18,,,1.149e-19,,5.240e-19,,7.973e-19,,7.143e-1,,1.482e-17,,2.891e-19,1.682e-16
485.09,2.012e+2,1.029e-20,8.306e-27,1.457e-43,1.227e-19,,,7.998e-19,3.811e-22,,3.091e-15,3.638e-18,1.457e-28,1.007e-17,1.290e-19,4.935e-20,6.176e-21,4.367e-15,,3.109e-13,6.342e-20,1.252e-19,2.828e+1,1.359e-8,4.832e-17,6.513e-5,,1.238e-13,8.627e-22,7.102e-6,3.356e-20,6.615e-29,1.094e-19,1.027e-22,2.309e+1,1.421e+2,3.320e+0,1.375e+0,3.009e-15,1.194e-16,7.998e-14,1.004e-18,2.014e+0,2.834e-1,,3.439e-18,,,1.141e-19,,5.239e-19,,7.972e-19,,7.093e-1,,1.481e-17,,2.925e-19,1.683e-16
485.11,2.131e+2,1.030e-20,8.283e-27,1.456e-43,1.227e-19,,,8.003e-19,3.814e-22,,3.091e-15,3.635e-18,1.455e-28,1.007e-17,1.292e-19,3.435e-20,6.175e-21,3.054e-15,,4.807e-13,6.344e-20,1.288e-19,3.050e+1,1.969e-8,6.999e-17,5.309e-5,,7.875e-14,8.630e-22,9.870e-6,3.356e-20,6.616e-29,1.094e-19,1.027e-22,2.297e+1,1.514e+2,3.384e+0,1.583e+0,1.883e-15,1.979e-16,1.256e-13,1.006e-18,2.293e+0,2.435e-1,,3.411e-18,,,1.135e-19,,5.238e-19,,7.971e-19,,7.044e-1,,1.481e-17,,2.947e-19,1.683e-16
485.14,2.314e+2,1.032e-20,8.248e-27,1.455e-43,1.229e-19,,,8.011e-19,3.819e-22,,3.090e-15,3.631e-18,1.453e-28,1.007e-17,1.294e-19,1.982e-20,6.174e-21,1.775e-15,,9.185e-13,6.346e-20,1.339e-19,3.403e+1,3.411e-8,1.213e-16,3.891e-5,,3.972e-14,8.634e-22,1.607e-5,3.357e-20,6.616e-29,1.094e-19,1.028e-22,2.282e+1,1.655e+2,3.469e+0,1.962e+0,9.263e-16,4.199e-16,2.459e-13,2.201e-18,2.768e+0,1.927e-1,,3.367e-18,,,1.127e-19,,5.238e-19,,7.970e-19,,6.948e-1,,1.480e-17,,2.981e-19,1.683e-16
485.16,2.439e+2,1.034e-20,8.226e-27,1.454e-43,1.229e-19,,,8.016e-19,3.822e-22,,3.090e-15,3.628e-18,1.451e-28,1.007e-17,1.296e-19,1.369e-20,6.174e-21,1.231e-15,,1.409e-12,6.348e-20,1.372e-19,3.649e+1,4.900e-8,1.742e-16,3.159e-5,,2.506e-14,8.638e-22,2.216e-5,3.358e-20,6.617e-29,1.094e-19,1.028e-22,2.273e+1,1.749e+2,3.518e+0,2.265e+0,5.749e-16,6.906e-16,3.831e-13,3.695e-18,3.126e+0,1.642e-1,,3.339e-18,,,1.122e-19,,5.237e-19,,7.970e-19,,6.868e-1,,1.480e-17,,3.003e-19,1.683e-16
485.19,2.627e+2,1.036e-20,8.191e-27,1.454e-43,1.231e-19,,,8.024e-19,3.826e-22,,3.090e-15,3.624e-18,1.448e-28,1.007e-17,1.299e-19,7.802e-21,6.173e-21,7.068e-16,,2.660e-12,6.350e-20,1.419e-19,4.033e+1,8.388e-8,2.982e-16,2.314e-5,,1.249e-14,8.642e-22,3.565e-5,3.358e-20,6.617e-29,1.095e-19,1.028e-22,2.261e+1,1.888e+2,3.580e+0,2.804e+0,2.793e-16,1.448e-15,7.407e-13,7.989e-18,3.728e+0,1.284e-1,,3.295e-18,,,1.114e-19,,5.236e-19,,7.969e-19,,6.723e-1,,1.479e-17,,3.037e-19,1.684e-16
485.21,2.752e+2,1.037e-20,8.168e-27,1.453e-43,1.231e-19,,,8.030e-19,3.829e-22,,3.089e-15,3.621e-18,1.447e-28,1.007e-17,1.300e-19,5.342e-21,6.172e-21,4.863e-16,,4.046e-12,6.352e-20,1.449e-19,4.296e+1,1.196e-7,4.250e-16,1.890e-5,,7.814e-15,8.645e-22,4.876e-5,3.359e-20,6.618e-29,1.095e-19,1.028e-22,2.254e+1,1.979e+2,3.613e+0,3.227e+0,1.719e-16,2.362e-15,1.145e-12,1.330e-17,4.176e+0,1.085e-1,,3.267e-18,,,1.108e-19,,5.236e-19,,7.969e-19,,6.611e-1,,1.479e-17,,3.059e-19,1.684e-16
485.24,2.938e+2,1.040e-20,8.134e-27,1.452e-43,1.233e-19,,,8.038e-19,3.833e-22,,3.089e-15,3.617e-18,1.444e-28,1.007e-17,1.303e-19,3.008e-21,6.171e-21,2.758e-16,,7.548e-12,6.354e-20,1.492e-19,4.698e+1,2.022e-7,7.187e-16,1.424e-5,,3.845e-15,8.650e-22,7.751e-5,3.360e-20,6.618e-29,1.095e-19,1.028e-22,2.243e+1,2.111e+2,3.649e+0,3.966e+0,8.251e-17,4.893e-15,2.187e-12,2.842e-17,4.920e+0,8.383e-2,,3.223e-18,,,1.100e-19,,5.235e-19,,7.968e-19,,6.420e-1,,1.479e-17,,3.092e-19,1.684e-16
485.26,3.059e+2,1.041e-20,8.111e-27,1.451e-43,1.233e-19,,,8.043e-19,3.836e-22,,3.089e-15,3.614e-18,1.442e-28,1.007e-17,1.305e-19,2.043e-21,6.170e-21,1.882e-16,,1.139e-11,6.356e-20,1.521e-19,4.968e+1,2.858e-7,1.016e-15,1.209e-5,,2.387e-15,8.653e-22,1.052e-4,3.360e-20,6.619e-29,1.095e-19,1.028e-22,2.236e+1,2.195e+2,3.664e+0,4.537e+0,5.037e-17,7.919e-15,3.354e-12,4.696e-17,5.467e+0,7.029e-2,,3.195e-18,,,1.094e-19,,5.234e-19,,7.967e-19,,6.277e-1,,1.478e-17,,3.115e-19,1.684e-16
485.29,3.235e+2,1.043e-20,8.076e-27,1.451e-43,1.235e-19,,,8.051e-19,3.841e-22,,3.088e-15,3.610e-18,1.440e-28,1.007e-17,1.307e-19,1.136e-21,6.169e-21,1.054e-16,,2.099e-11,6.358e-20,1.562e-19,5.372e+1,4.776e-7,1.698e-15,1.013e-5,,1.160e-15,8.658e-22,1.652e-4,3.361e-20,6.619e-29,1.095e-19,1.028e-22,2.224e+1,2.313e+2,3.673e+0,5.521e+0,2.388e-17,1.621e-14,6.331e-12,9.913e-17,6.364e+0,5.363e-2,,3.152e-18,,,1.086e-19,,5.234e-19,,7.967e-19,,6.041e-1,,1.478e-17,,3.148e-19,1.685e-16
485.31,3.347e+2,1.045e-20,8.054e-27,1.450e-43,1.235e-19,,,8.056e-19,3.844e-22,,3.088e-15,3.607e-18,1.438e-28,1.007e-17,1.309e-19,7.653e-22,6.168e-21,7.133e-17,,3.143e-11,6.360e-20,1.590e-19,5.637e+1,6.698e-7,2.381e-15,9.597e-6,,7.141e-16,8.661e-22,2.223e-4,3.361e-20,6.620e-29,1.095e-19,1.028e-22,2.216e+1,2.386e+2,3.669e+0,6.270e+0,1.446e-17,2.602e-14,9.630e-12,1.625e-16,7.013e+0,4.460e-2,,3.123e-18,,,1.081e-19,,5.233e-19,,7.966e-19,,5.871e-1,,1.477e-17,,3.171e-19,1.685e-16
485.33,3.453e+2,1.046e-20,8.031e-27,1.449e-43,1.236e-19,,,8.062e-19,3.847e-22,,3.088e-15,3.604e-18,1.436e-28,1.007e-17,1.311e-19,5.138e-22,6.168e-21,4.812e-17,,4.690e-11,6.361e-20,1.617e-19,5.897e+1,9.363e-7,3.329e-15,9.686e-6,,4.382e-16,8.664e-22,2.982e-4,3.362e-20,6.620e-29,1.096e-19,1.028e-22,2.208e+1,2.452e+2,3.658e+0,7.099e+0,8.725e-18,4.164e-14,1.460e-11,2.654e-16,7.705e+0,3.696e-2,,3.094e-18,,,1.075e-19,,5.233e-19,,7.966e-19,,5.691e-1,,1.477e-17,,3.193e-19,1.685e-16
485.36,3.602e+2,1.048e-20,7.996e-27,1.448e-43,1.237e-19,,,8.070e-19,3.851e-22,,3.087e-15,3.600e-18,1.434e-28,1.007e-17,1.313e-19,2.809e-22,6.167e-21,2.649e-17,,8.499e-11,6.364e-20,1.659e-19,6.272e+1,1.538e-6,5.468e-15,1.106e-5,,2.093e-16,8.669e-22,4.607e-4,3.363e-20,6.621e-29,1.096e-19,1.029e-22,2.194e+1,2.540e+2,3.627e+0,8.504e+0,4.065e-18,8.381e-14,2.710e-11,5.509e-16,8.817e+0,2.772e-2,,3.051e-18,,,1.067e-19,,5.232e-19,,7.965e-19,,5.405e-1,,1.476e-17,,3.227e-19,1.686e-16
485.38,3.693e+2,1.050e-20,7.973e-27,1.448e-43,1.238e-19,,,8.075e-19,3.854e-22,,3.087e-15,3.597e-18,1.432e-28,1.006e-17,1.315e-19,1.870e-22,6.166e-21,1.772e-17,,1.258e-10,6.365e-20,1.688e-19,6.509e+1,2.133e-6,7.583e-15,1.293e-5,,1.274e-16,8.672e-22,6.131e-4,3.363e-20,6.621e-29,1.096e-19,1.029e-22,2.184e+1,2.590e+2,3.597e+0,9.553e+0,2.433e-18,1.331e-13,4.076e-11,8.928e-16,9.608e+0,2.279e-2,,3.022e-18,,,1.062e-19,,5.231e-19,,7.964e-19,,5.205e-1,,1.476e-17,,3.249e-19,1.686e-16
485.41,3.814e+2,1.052e-20,7.939e-27,1.447e-43,1.239e-19,,,8.083e-19,3.859e-22,,3.087e-15,3.593e-18,1.430e-28,1.006e-17,1.318e-19,1.010e-22,6.165e-21,9.640e-18,,2.253e-10,6.368e-20,1.733e-19,6.840e+1,3.462e-6,1.231e-14,1.748e-5,,6.011e-17,8.676e-22,9.356e-4,3.364e-20,6.621e-29,1.096e-19,1.029e-22,2.168e+1,2.651e+2,3.539e+0,1.131e+1,1.120e-18,2.646e-13,7.474e-11,1.831e-15,1.086e+1,1.689e-2,,2.979e-18,,,1.053e-19,,5.230e-19,,7.964e-19,,4.894e-1,,1.475e-17,,3.283e-19,1.686e-16
485.43,3.884e+2,1.054e-20,7.916e-27,1.446e-43,1.240e-19,,,8.089e-19,3.861e-22,,3.086e-15,3.590e-18,1.428e-28,1.006e-17,1.319e-19,6.671e-23,6.164e-21,6.397e-18,,3.308e-10,6.369e-20,1.763e-19,7.042e+1,4.763e-6,1.693e-14,2.197e-5,,3.628e-17,8.679e-22,1.235e-3,3.364e-20,6.622e-29,1.096e-19,1.029e-22,2.157e+1,2.681e+2,3.491e+0,1.260e+1,6.648e-19,4.167e-13,1.115e-10,2.944e-15,1.174e+1,1.377e-2,,2.950e-18,,,1.048e-19,,5.230e-19,,7.963e-19,,4.681e-1,,1.475e-17,,3.305e-19,1.686e-16
485.46,3.973e+2,1.056e-20,7.882e-27,1.445e-43,1.241e-19,,,8.097e-19,3.866e-22,,3.086e-15,3.586e-18,1.425e-28,1.006e-17,1.322e-19,3.558e-23,6.163e-21,3.436e-18,,5.852e-10,6.371e-20,1.811e-19,7.312e+1,7.638e-6,2.715e-14,3.161e-5,,1.691e-17,8.684e-22,1.863e-3,3.365e-20,6.622e-29,1.096e-19,1.029e-22,2.139e+1,2.711e+2,3.407e+0,1.474e+1,3.022e-19,8.186e-13,2.020e-10,5.964e-15,1.311e+1,1.008e-2,,2.907e-18,,,1.040e-19,,5.229e-19,,7.962e-19,,4.355e-1,,1.475e-17,,3.339e-19,1.687e-16
485.48,4.020e+2,1.057e-20,7.859e-27,1.445e-43,1.242e-19,,,8.102e-19,3.869e-22,,3.086e-15,3.583e-18,1.424e-28,1.006e-17,1.324e-19,2.331e-23,6.162e-21,2.262e-18,,8.525e-10,6.373e-20,1.845e-19,7.468e+1,1.042e-5,3.705e-14,4.054e-5,,1.012e-17,8.687e-22,2.440e-3,3.366e-20,6.623e-29,1.097e-19,1.029e-22,2.126e+1,2.720e+2,3.343e+0,1.629e+1,3.025e-19,1.279e-12,2.991e-10,9.512e-15,1.406e+1,8.152e-3,,2.878e-18,,,1.034e-19,,5.229e-19,,7.962e-19,,4.136e-1,,1.474e-17,,3.361e-19,1.687e-16
485.51,4.073e+2,1.059e-20,7.824e-27,1.444e-43,1.243e-19,,,8.110e-19,3.873e-22,,3.085e-15,3.579e-18,1.421e-28,1.006e-17,1.326e-19,1.228e-23,6.161e-21,1.200e-18,,1.490e-9,6.375e-20,1.896e-19,7.661e+1,1.651e-5,5.870e-14,5.896e-5,,4.661e-18,8.692e-22,3.635e-3,3.367e-20,6.623e-29,1.097e-19,1.029e-22,2.107e+1,2.716e+2,3.236e+0,1.883e+1,3.031e-19,2.482e-12,5.353e-10,1.904e-14,1.552e+1,5.894e-3,,2.835e-18,,,1.026e-19,,5.228e-19,,7.961e-19,,3.808e-1,,1.474e-17,,3.395e-19,1.687e-16
485.53,4.095e+2,1.061e-20,7.801e-27,1.443e-43,1.244e-19,,,8.115e-19,3.876e-22,,3.085e-15,3.576e-18,1.420e-28,1.006e-17,1.328e-19,7.979e-24,6.161e-21,7.834e-19,,2.153e-9,6.377e-20,1.932e-19,7.761e+1,2.235e-5,7.946e-14,7.559e-5,,2.767e-18,8.695e-22,4.723e-3,3.367e-20,6.624e-29,1.097e-19,1.029e-22,2.093e+1,2.703e+2,3.158e+0,2.065e+1,3.035e-19,3.847e-12,7.860e-10,3.013e-14,1.650e+1,4.728e-3,,2.806e-18,,,1.021e-19,,5.227e-19,,7.961e-19,,3.590e-1,,1.473e-17,,3.417e-19,1.687e-16
485.56,4.110e+2,1.063e-20,7.767e-27,1.442e-43,1.245e-19,,,8.123e-19,3.881e-22,,3.084e-15,3.572e-18,1.417e-28,1.006e-17,1.331e-19,4.153e-24,6.160e-21,4.106e-19,,3.718e-9,6.379e-20,1.987e-19,7.865e+1,3.499e-5,1.244e-13,1.093e-4,,1.258e-18,8.700e-22,6.953e-3,3.368e-20,6.624e-29,1.097e-19,1.030e-22,2.073e+1,2.667e+2,3.032e+0,2.357e+1,3.040e-19,7.379e-12,1.390e-9,5.960e-14,1.799e+1,3.377e-3,,2.763e-18,,,2.236e-19,,5.226e-19,,7.960e-19,,3.268e-1,,1.473e-17,,3.450e-19,1.688e-16
485.58,4.108e+2,1.065e-20,7.744e-27,1.442e-43,1.246e-19,,,8.129e-19,3.884e-22,,3.084e-15,3.569e-18,1.415e-28,1.006e-17,1.332e-19,2.676e-24,6.159e-21,2.659e-19,,5.330e-9,6.381e-20,2.024e-19,7.904e+1,4.698e-5,1.670e-13,1.393e-4,,1.258e-18,8.703e-22,8.962e-3,3.368e-20,6.625e-29,1.097e-19,1.030e-22,2.059e+1,2.633e+2,2.942e+0,2.564e+1,3.044e-19,1.134e-11,2.025e-9,9.354e-14,1.898e+1,2.687e-3,,2.734e-18,,,3.756e-19,,5.226e-19,,7.959e-19,,3.059e-1,,1.472e-17,,3.473e-19,1.688e-16
485.61,4.086e+2,1.067e-20,7.710e-27,1.441e-43,1.247e-19,,,8.137e-19,3.888e-22,,3.084e-15,3.565e-18,1.413e-28,1.006e-17,1.335e-19,1.376e-24,6.158e-21,1.377e-19,,9.093e-9,6.383e-20,2.081e-19,7.913e+1,7.266e-5,2.583e-13,1.994e-4,,1.257e-18,8.707e-22,1.304e-2,3.369e-20,6.625e-29,1.097e-19,1.030e-22,2.039e+1,2.566e+2,2.799e+0,2.891e+1,3.049e-19,2.150e-11,3.538e-9,1.828e-13,2.044e+1,1.896e-3,,2.691e-18,,,8.130e-19,,5.225e-19,,7.959e-19,,2.754e-1,,1.472e-17,,3.506e-19,1.688e-16
485.63,4.060e+2,1.068e-20,7.687e-27,1.440e-43,1.248e-19,,,8.142e-19,3.891e-22,,3.083e-15,3.562e-18,1.411e-28,1.006e-17,1.337e-19,8.792e-25,6.157e-21,8.839e-20,,1.293e-8,6.385e-20,2.118e-19,7.888e+1,9.679e-5,3.441e-13,2.523e-4,,1.256e-18,8.711e-22,1.667e-2,3.370e-20,6.626e-29,1.098e-19,1.030e-22,2.025e+1,2.513e+2,2.700e+0,3.120e+1,3.053e-19,3.278e-11,5.112e-9,2.846e-13,2.139e+1,1.496e-3,,2.662e-18,,,1.355e-18,,5.224e-19,,7.958e-19,,2.558e-1,,1.471e-17,,3.529e-19,1.689e-16
485.66,4.003e+2,1.070e-20,7.652e-27,1.439e-43,1.249e-19,,,8.150e-19,3.895e-22,,3.083e-15,3.558e-18,1.409e-28,1.006e-17,1.339e-19,4.465e-25,6.156e-21,4.521e-20,,2.180e-8,6.387e-20,2.172e-19,7.803e+1,1.479e-4,5.258e-13,3.570e-4,,1.255e-18,8.715e-22,2.396e-2,3.370e-20,6.626e-29,1.098e-19,1.030e-22,2.004e+1,2.420e+2,2.546e+0,3.476e+1,3.059e-19,6.138e-11,8.825e-9,5.496e-13,2.275e+1,1.043e-3,,2.619e-18,,,2.898e-18,,5.224e-19,,7.957e-19,,2.278e-1,,1.471e-17,,3.562e-19,1.689e-16
485.68,3.956e+2,1.072e-20,7.629e-27,1.439e-43,1.250e-19,,,8.156e-19,3.898e-22,,3.083e-15,3.555e-18,1.407e-28,1.006e-17,1.341e-19,2.830e-25,6.155e-21,2.879e-20,,3.075e-8,6.389e-20,2.207e-19,7.715e+1,1.954e-4,6.947e-13,4.481e-4,,1.254e-18,8.718e-22,3.039e-2,3.371e-20,6.627e-29,1.098e-19,1.030e-22,1.989e+1,2.350e+2,2.441e+0,3.721e+1,3.062e-19,9.287e-11,1.265e-8,8.489e-13,2.362e+1,8.163e-4,,2.590e-18,,,4.791e-18,,5.223e-19,,7.957e-19,,2.100e-1,,1.471e-17,,3.585e-19,1.689e-16
485.7,3.900e+2,1.073e-20,7.606e-27,1.438e-43,1.251e-19,,,8.161e-19,3.901e-22,,3.082e-15,3.553e-18,1.405e-28,1.006e-17,1.343e-19,1.788e-25,6.155e-21,1.828e-20,,4.323e-8,6.390e-20,2.240e-19,7.604e+1,2.574e-4,9.149e-13,5.607e-4,,1.254e-18,8.721e-22,3.842e-2,3.371e-20,6.627e-29,1.098e-19,1.030e-22,1.975e+1,2.275e+2,2.335e+0,3.970e+1,3.066e-19,1.401e-10,1.807e-8,1.307e-12,2.443e+1,6.369e-4,,2.561e-18,,,7.896e-18,,5.223e-19,,7.956e-19,,1.931e-1,,1.470e-17,,3.607e-19,1.689e-16
485.73,3.803e+2,1.076e-20,7.572e-27,1.437e-43,1.252e-19,,,8.169e-19,3.906e-22,,3.082e-15,3.548e-18,1.403e-28,1.006e-17,1.345e-19,8.925e-26,6.154e-21,9.188e-21,,7.166e-8,6.393e-20,2.285e-19,7.396e+1,3.867e-4,1.375e-12,7.800e-4,,1.253e-18,8.726e-22,5.431e-2,3.372e-20,6.627e-29,1.098e-19,1.030e-22,1.952e+1,2.154e+2,2.174e+0,4.348e+1,3.071e-19,2.578e-10,3.068e-8,2.482e-12,2.556e+1,4.363e-4,,2.518e-18,,,1.661e-17,,5.222e-19,,7.956e-19,,1.692e-1,,1.470e-17,,3.641e-19,1.690e-16
485.75,3.730e+2,1.077e-20,7.549e-27,1.437e-43,1.253e-19,,,8.174e-19,3.909e-22,,3.082e-15,3.546e-18,1.401e-28,1.006e-17,1.347e-19,5.593e-26,6.153e-21,5.785e-21,,9.995e-8,6.394e-20,2.312e-19,7.231e+1,5.052e-4,1.796e-12,9.682e-4,,1.252e-18,8.729e-22,6.812e-2,3.373e-20,6.628e-29,1.098e-19,1.030e-22,1.937e+1,2.068e+2,2.066e+0,4.602e+1,3.075e-19,3.857e-10,4.348e-8,3.790e-12,2.623e+1,3.377e-4,,2.489e-18,,,2.715e-17,,5.221e-19,,7.955e-19,,1.545e-1,,1.469e-17,,3.663e-19,1.690e-16
485.78,3.610e+2,1.079e-20,7.515e-27,1.436e-43,1.254e-19,,,8.182e-19,3.913e-22,,3.081e-15,3.541e-18,1.398e-28,1.006e-17,1.349e-19,2.758e-26,6.152e-21,2.872e-21,,1.637e-7,6.397e-20,2.346e-19,6.948e+1,7.499e-4,2.666e-12,1.331e-3,,1.251e-18,8.734e-22,9.513e-2,3.373e-20,6.628e-29,1.099e-19,1.031e-22,1.912e+1,1.934e+2,1.904e+0,4.980e+1,3.081e-19,7.016e-10,7.292e-8,7.110e-12,2.710e+1,2.285e-4,,2.446e-18,,,5.641e-17,,5.220e-19,,7.954e-19,,1.340e-1,,1.469e-17,,3.697e-19,1.690e-16
485.8,3.525e+2,1.081e-20,7.492e-27,1.435e-43,1.255e-19,,,8.188e-19,3.916e-22,,3.081e-15,3.539e-18,1.397e-28,1.006e-17,1.351e-19,1.714e-26,6.151e-21,1.794e-21,,2.265e-7,6.398e-20,2.363e-19,6.739e+1,9.718e-4,3.455e-12,1.638e-3,,1.250e-18,8.737e-22,1.184e-1,3.374e-20,6.629e-29,1.099e-19,1.031e-22,1.894e+1,1.842e+2,1.798e+0,5.227e+1,3.084e-19,1.041e-9,1.025e-7,1.077e-11,2.759e+1,1.754e-4,,2.417e-18,,,9.150e-17,,5.220e-19,,7.954e-19,,1.215e-1,,1.468e-17,,3.719e-19,1.691e-16
485.83,3.388e+2,1.083e-20,7.457e-27,1.434e-43,1.256e-19,,,8.196e-19,3.920e-22,,3.080e-15,3.534e-18,1.394e-28,1.006e-17,1.354e-19,8.347e-27,6.150e-21,8.798e-22,,3.664e-7,6.401e-20,2.382e-19,6.398e+1,1.425e-3,5.067e-12,2.225e-3,,1.249e-18,8.742e-22,1.633e-1,3.375e-20,6.629e-29,1.099e-19,1.031e-22,1.866e+1,1.702e+2,1.641e+0,5.589e+1,3.090e-19,1.871e-9,1.699e-7,1.997e-11,2.817e+1,1.173e-4,,2.374e-18,,,1.879e-16,,5.219e-19,,7.953e-19,,1.044e-1,,1.468e-17,,3.753e-19,1.691e-16
485.85,3.293e+2,1.084e-20,7.434e-27,1.434e-43,1.257e-19,,,8.201e-19,3.923e-22,,3.080e-15,3.532e-18,1.392e-28,1.006e-17,1.355e-19,5.145e-27,6.149e-21,5.449e-22,,5.030e-7,6.402e-20,2.388e-19,6.157e+1,1.832e-3,6.514e-12,2.718e-3,,1.249e-18,8.745e-22,2.016e-1,3.375e-20,6.630e-29,1.099e-19,1.031e-22,1.845e+1,1.608e+2,1.539e+0,5.819e+1,3.093e-19,2.755e-9,2.369e-7,3.001e-11,2.844e+1,8.930e-5,,2.346e-18,,,3.022e-16,,5.219e-19,,7.953e-19,,9.418e-2,,1.467e-17,,3.775e-19,1.691e-16
485.88,3.146e+2,1.087e-20,7.400e-27,1.433e-43,1.258e-19,,,8.209e-19,3.928e-22,,3.080e-15,3.527e-18,1.390e-28,1.006e-17,1.358e-19,2.475e-27,6.148e-21,2.640e-22,,8.040e-7,6.404e-20,2.387e-19,5.777e+1,2.655e-3,9.438e-12,3.646e-3,,1.248e-18,8.749e-22,2.749e-1,3.376e-20,6.630e-29,1.099e-19,1.031e-22,1.812e+1,1.468e+2,1.391e+0,6.146e+1,3.099e-19,4.892e-9,3.879e-7,5.497e-11,2.869e+1,5.897e-5,,2.302e-18,,,6.131e-16,,5.218e-19,,7.952e-19,,8.045e-2,,1.467e-17,,3.808e-19,1.691e-16
485.9,3.045e+2,1.088e-20,7.377e-27,1.432e-43,1.259e-19,,,8.214e-19,3.931e-22,,3.079e-15,3.525e-18,1.388e-28,1.006e-17,1.360e-19,1.513e-27,6.148e-21,1.622e-22,,1.095e-6,6.406e-20,2.380e-19,5.515e+1,3.386e-3,1.204e-11,4.417e-3,,1.247e-18,8.752e-22,3.366e-1,3.376e-20,6.631e-29,1.099e-19,1.031e-22,1.787e+1,1.375e+2,1.296e+0,6.349e+1,3.103e-19,7.145e-9,5.367e-7,8.195e-11,2.873e+1,4.454e-5,,2.274e-18,,,9.786e-16,,5.217e-19,,7.951e-19,,7.237e-2,,1.467e-17,,3.831e-19,1.692e-16
485.93,2.892e+2,1.090e-20,7.343e-27,1.431e-43,1.260e-19,,,8.222e-19,3.935e-22,,3.079e-15,3.521e-18,1.386e-28,1.006e-17,1.362e-19,7.191e-28,6.147e-21,7.761e-23,,1.729e-6,6.408e-20,2.359e-19,5.114e+1,4.847e-3,1.723e-11,5.855e-3,,1.246e-18,8.757e-22,4.535e-1,3.377e-20,6.631e-29,1.100e-19,1.031e-22,1.747e+1,1.240e+2,1.159e+0,6.624e+1,3.108e-19,1.254e-8,8.682e-7,1.483e-10,2.863e+1,2.905e-5,,2.230e-18,,,1.962e-15,,5.216e-19,,7.951e-19,,6.179e-2,,1.466e-17,,3.864e-19,1.692e-16
485.95,2.789e+2,1.092e-20,7.320e-27,1.431e-43,1.261e-19,,,8.228e-19,3.938e-22,,3.079e-15,3.518e-18,1.384e-28,1.006e-17,1.364e-19,4.361e-28,6.146e-21,4.729e-23,,2.336e-6,6.410e-20,2.337e-19,4.845e+1,6.132e-3,2.180e-11,7.037e-3,,1.246e-18,8.760e-22,5.510e-1,3.378e-20,6.632e-29,1.100e-19,1.031e-22,1.718e+1,1.153e+2,1.072e+0,6.787e+1,3.112e-19,1.816e-8,1.192e-6,2.193e-10,2.844e+1,2.177e-5,,2.202e-18,,,3.106e-15,,5.216e-19,,7.950e-19,,5.573e-2,,1.466e-17,,3.887e-19,1.692e-16
485.98,2.635e+2,1.094e-20,7.285e-27,1.430e-43,1.262e-19,,,8.236e-19,3.942e-22,,3.078e-15,3.514e-18,1.381e-28,1.006e-17,1.367e-19,2.047e-28,6.145e-21,2.235e-23,,3.644e-6,6.412e-20,2.294e-19,4.443e+1,8.672e-3,3.083e-11,9.216e-3,,1.245e-18,8.765e-22,7.334e-1,3.378e-20,6.632e-29,1.100e-19,1.031e-22,1.670e+1,1.027e+2,9.483e-1,6.996e+1,3.117e-19,3.148e-8,1.904e-6,3.922e-10,2.800e+1,1.403e-5,,2.158e-18,,,6.151e-15,,5.215e-19,,7.949e-19,,4.808e-2,,1.465e-17,,3.920e-19,1.693e-16
486,2.533e+2,1.095e-20,7.262e-27,1.429e-43,1.263e-19,,,8.241e-19,3.945e-22,,3.078e-15,3.511e-18,1.380e-28,1.006e-17,1.368e-19,1.231e-28,6.144e-21,1.351e-23,,4.883e-6,6.414e-20,2.258e-19,4.178e+1,1.088e-2,3.869e-11,1.099e-2,,1.244e-18,8.768e-22,8.839e-1,3.379e-20,6.633e-29,1.100e-19,1.032e-22,1.635e+1,9.469e+1,8.708e-1,7.111e+1,3.121e-19,4.524e-8,2.593e-6,5.754e-10,2.759e+1,1.042e-5,,2.130e-18,,,9.662e-15,,5.215e-19,,7.949e-19,,4.391e-2,,1.465e-17,,3.943e-19,1.693e-16
486.03,2.382e+2,1.098e-20,7.228e-27,1.428e-43,1.264e-19,,,8.249e-19,3.950e-22,,3.078e-15,3.507e-18,1.377e-28,1.006e-17,1.371e-19,5.708e-29,6.143e-21,6.308e-24,,7.529e-6,6.416e-20,2.193e-19,3.789e+1,1.521e-2,5.406e-11,1.422e-2,,1.243e-18,8.773e-22,1.162e+0,3.380e-20,6.633e-29,1.100e-19,1.032e-22,1.579e+1,8.333e+1,7.622e-1,7.241e+1,3.127e-19,7.749e-8,4.094e-6,1.016e-9,2.683e+1,6.634e-6,,2.086e-18,,,1.891e-14,,5.214e-19,,7.948e-19,,3.898e-2,,1.464e-17,,3.976e-19,1.693e-16
486.05,2.284e+2,1.099e-20,7.205e-27,1.428e-43,1.265e-19,,,8.255e-19,3.953e-22,,3.077e-15,3.504e-18,1.376e-28,1.006e-17,1.373e-19,3.405e-29,6.142e-21,3.781e-24,,1.001e-5,6.418e-20,2.144e-19,3.538e+1,1.893e-2,6.730e-11,1.681e-2,,1.242e-18,8.776e-22,1.390e+0,3.380e-20,6.633e-29,1.101e-19,1.032e-22,1.539e+1,7.621e+1,6.948e-1,7.300e+1,3.130e-19,1.105e-7,5.529e-6,1.480e-9,2.623e+1,4.889e-6,,2.058e-18,,,2.946e-14,,5.213e-19,,7.948e-19,,3.656e-2,,1.464e-17,,3.999e-19,1.693e-16
486.08,2.139e+2,1.101e-20,7.171e-27,1.427e-43,1.266e-19,,,8.263e-19,3.957e-22,,3.077e-15,3.500e-18,1.373e-28,1.006e-17,1.375e-19,1.559e-29,6.141e-21,1.744e-24,,1.524e-5,6.420e-20,2.060e-19,3.177e+1,2.614e-2,9.291e-11,2.149e-2,,1.241e-18,8.780e-22,1.806e+0,3.381e-20,6.634e-29,1.101e-19,1.032e-22,1.476e+1,6.625e+1,6.015e-1,7.345e+1,3.136e-19,1.870e-7,8.627e-6,2.582e-9,2.520e+1,3.074e-6,,2.015e-18,,,5.696e-14,,5.212e-19,,7.947e-19,,3.418e-2,,1.463e-17,,4.032e-19,1.694e-16
486.1,2.046e+2,1.103e-20,7.148e-27,1.426e-43,1.267e-19,,,8.268e-19,3.960e-22,,3.077e-15,3.497e-18,1.371e-28,1.006e-17,1.377e-19,9.227e-30,6.141e-21,1.037e-24,,2.010e-5,6.422e-20,1.999e-19,2.948e+1,3.227e-2,1.147e-10,2.521e-2,,1.241e-18,8.783e-22,2.142e+0,3.381e-20,6.634e-29,1.101e-19,1.032e-22,1.431e+1,6.010e+1,5.443e-1,7.345e+1,3.139e-19,2.644e-7,1.156e-5,3.729e-9,2.443e+1,2.247e-6,,1.986e-18,,,8.805e-14,,5.212e-19,,7.946e-19,,3.342e-2,,1.463e-17,,4.055e-19,1.694e-16
486.12,1.954e+2,1.104e-20,7.125e-27,1.425e-43,1.268e-19,,,8.273e-19,3.963e-22,,3.076e-15,3.494e-18,1.370e-28,1.006e-17,1.379e-19,5.442e-30,6.140e-21,6.142e-25,,2.642e-5,6.423e-20,1.934e-19,2.729e+1,3.973e-2,1.412e-10,2.948e-2,,1.240e-18,8.787e-22,2.533e+0,3.382e-20,6.635e-29,1.101e-19,1.032e-22,1.384e+1,5.435e+1,4.911e-1,7.321e+1,3.143e-19,3.728e-7,1.544e-5,5.366e-9,2.362e+1,1.637e-6,,1.957e-18,,,1.357e-13,,5.211e-19,,7.946e-19,,3.331e-2,,1.463e-17,,4.077e-19,1.694e-16
486.15,1.823e+2,1.106e-20,7.090e-27,1.425e-43,1.269e-19,,,8.281e-19,3.968e-22,,3.076e-15,3.490e-18,1.367e-28,1.006e-17,1.381e-19,1.974e-31,6.139e-21,2.785e-25,,3.957e-5,6.426e-20,1.831e-19,2.422e+1,5.393e-2,1.917e-10,3.705e-2,,1.239e-18,8.791e-22,3.237e+0,3.383e-20,6.635e-29,1.101e-19,1.032e-22,1.312e+1,4.645e+1,4.185e-1,7.241e+1,3.149e-19,6.203e-7,2.368e-5,9.210e-9,2.231e+1,1.012e-6,,1.914e-18,,,2.580e-13,,5.210e-19,,7.945e-19,,3.436e-2,,1.462e-17,,4.111e-19,1.695e-16
486.17,1.739e+2,1.108e-20,7.067e-27,1.424e-43,1.269e-19,,,8.287e-19,3.970e-22,,3.076e-15,3.487e-18,1.365e-28,1.006e-17,1.383e-19,1.972e-31,6.138e-21,2.783e-25,,5.159e-5,6.427e-20,1.758e-19,2.232e+1,6.585e-2,2.341e-10,4.297e-2,,1.238e-18,8.794e-22,3.797e+0,3.383e-20,6.636e-29,1.101e-19,1.032e-22,1.262e+1,4.166e+1,3.748e-1,7.160e+1,3.152e-19,8.675e-7,3.137e-5,1.315e-8,2.139e+1,7.314e-7,,1.885e-18,,,3.943e-13,,5.210e-19,,7.944e-19,,3.588e-2,,1.462e-17,,4.133e-19,1.695e-16
486.2,1.619e+2,1.110e-20,7.033e-27,1.423e-43,1.271e-19,,,8.295e-19,3.975e-22,,3.075e-15,3.483e-18,1.363e-28,1.006e-17,1.386e-19,1.970e-31,6.137e-21,2.780e-25,,7.634e-5,6.430e-20,1.645e-19,1.969e+1,8.831e-2,3.140e-10,5.336e-2,,1.237e-18,8.799e-22,4.794e+0,3.384e-20,6.636e-29,1.102e-19,1.032e-22,1.184e+1,3.518e+1,3.158e-1,6.996e+1,3.158e-19,1.426e-6,4.754e-5,2.230e-8,1.995e+1,4.466e-7,,1.842e-18,,,7.407e-13,,5.209e-19,,7.944e-19,,3.939e-2,,1.461e-17,,4.166e-19,1.695e-16
486.22,1.544e+2,1.112e-20,7.010e-27,1.422e-43,1.271e-19,,,8.300e-19,3.978e-22,,3.075e-15,3.480e-18,1.361e-28,1.006e-17,1.387e-19,1.969e-31,6.136e-21,2.779e-25,,9.873e-5,6.431e-20,1.567e-19,1.809e+1,1.070e-1,3.803e-10,6.140e-2,,1.237e-18,8.802e-22,5.579e+0,3.384e-20,6.637e-29,1.102e-19,1.033e-22,1.132e+1,3.130e+1,2.806e-1,6.862e+1,3.161e-19,1.979e-6,6.248e-5,3.158e-8,1.898e+1,3.201e-7,,1.813e-18,,,1.123e-12,,5.209e-19,,7.943e-19,,4.256e-2,,1.461e-17,,4.189e-19,1.695e-16
486.25,1.437e+2,1.114e-20,6.976e-27,1.422e-43,1.273e-19,,,8.308e-19,3.982e-22,,3.074e-15,3.476e-18,1.359e-28,1.006e-17,1.390e-19,1.966e-31,6.135e-21,2.776e-25,,1.444e-4,6.434e-20,1.449e-19,1.593e+1,1.417e-1,5.039e-10,7.532e-2,,1.236e-18,8.807e-22,6.961e+0,3.385e-20,6.637e-29,1.102e-19,1.033e-22,1.052e+1,2.611e+1,2.338e-1,6.624e+1,3.167e-19,3.214e-6,9.357e-5,5.292e-8,1.749e+1,1.931e-7,,1.770e-18,,,2.085e-12,,5.208e-19,,7.942e-19,,4.862e-2,,1.460e-17,,4.222e-19,1.696e-16
486.27,1.372e+2,1.115e-20,6.953e-27,1.421e-43,1.273e-19,,,8.313e-19,3.985e-22,,3.074e-15,3.473e-18,1.357e-28,1.006e-17,1.392e-19,1.965e-31,6.135e-21,2.775e-25,,1.852e-4,6.435e-20,1.370e-19,1.464e+1,1.703e-1,6.054e-10,8.597e-2,,1.235e-18,8.810e-22,8.035e+0,3.386e-20,6.638e-29,1.102e-19,1.033e-22,9.988e+0,2.304e+1,2.062e-1,6.444e+1,3.171e-19,4.423e-6,1.220e-4,7.435e-8,1.650e+1,1.373e-7,,1.741e-18,,,3.136e-12,,5.207e-19,,7.942e-19,,5.354e-2,,1.460e-17,,4.245e-19,1.696e-16
486.3,1.280e+2,1.117e-20,6.918e-27,1.420e-43,1.275e-19,,,8.322e-19,3.990e-22,,3.074e-15,3.469e-18,1.354e-28,1.006e-17,1.394e-19,1.962e-31,6.134e-21,2.772e-25,,2.675e-4,6.437e-20,1.252e-19,1.292e+1,2.229e-1,7.926e-10,1.042e-1,,1.234e-18,8.814e-22,9.906e+0,3.386e-20,6.638e-29,1.102e-19,1.033e-22,9.190e+0,1.898e+1,1.698e-1,6.146e+1,3.176e-19,7.099e-6,1.805e-4,1.231e-7,1.503e+1,8.180e-8,,1.698e-18,,,5.752e-12,,5.206e-19,,7.941e-19,,6.229e-2,,1.459e-17,,4.278e-19,1.696e-16
486.32,1.225e+2,1.119e-20,6.895e-27,1.419e-43,1.275e-19,,,8.327e-19,3.993e-22,,3.073e-15,3.466e-18,1.353e-28,1.006e-17,1.396e-19,1.961e-31,6.133e-21,2.771e-25,,3.405e-4,6.439e-20,1.175e-19,1.191e+1,2.657e-1,9.447e-10,1.180e-1,,1.233e-18,8.818e-22,1.134e+1,3.387e-20,6.639e-29,1.102e-19,1.033e-22,8.664e+0,1.662e+1,1.487e-1,5.931e+1,3.180e-19,9.692e-6,2.334e-4,1.716e-7,1.406e+1,5.769e-8,,1.669e-18,,,8.583e-12,,5.206e-19,,7.941e-19,,6.906e-2,,1.459e-17,,4.301e-19,1.696e-16
486.35,1.151e+2,1.121e-20,6.861e-27,1.419e-43,1.277e-19,,,8.335e-19,3.997e-22,,3.073e-15,3.462e-18,1.350e-28,1.006e-17,1.398e-19,1.959e-31,6.132e-21,2.768e-25,,4.860e-4,6.441e-20,1.061e-19,1.061e+1,3.437e-1,1.222e-9,1.413e-1,,1.232e-18,8.822e-22,1.382e+1,3.388e-20,6.639e-29,1.103e-19,1.033e-22,7.888e+0,1.353e+1,1.211e-1,5.589e+1,3.185e-19,1.537e-5,3.412e-4,2.806e-7,1.265e+1,3.395e-8,,1.626e-18,,,1.555e-11,,5.205e-19,,7.940e-19,,8.066e-2,,1.458e-17,,4.334e-19,1.697e-16
486.37,1.107e+2,1.123e-20,6.838e-27,1.418e-43,1.277e-19,,,8.340e-19,4.000e-22,,3.073e-15,3.459e-18,1.348e-28,1.006e-17,1.400e-19,1.957e-31,6.131e-21,2.766e-25,,6.136e-4,6.443e-20,9.877e-20,9.860e+0,4.064e-1,1.445e-9,1.587e-1,,1.232e-18,8.825e-22,1.570e+1,3.388e-20,6.640e-29,1.103e-19,1.033e-22,7.383e+0,1.175e+1,1.052e-1,5.350e+1,3.189e-19,2.081e-5,4.377e-4,3.880e-7,1.174e+1,2.375e-8,,1.597e-18,,,2.302e-11,,5.205e-19,,7.939e-19,,8.938e-2,,1.458e-17,,4.357e-19,1.697e-16
486.4,1.050e+2,1.125e-20,6.804e-27,1.417e-43,1.279e-19,,,8.348e-19,4.004e-22,,3.072e-15,3.455e-18,1.346e-28,1.006e-17,1.403e-19,1.955e-31,6.130e-21,2.764e-25,,8.652e-4,6.445e-20,8.815e-20,8.916e+0,5.193e-1,1.846e-9,1.877e-1,,1.231e-18,8.830e-22,1.890e+1,3.389e-20,6.640e-29,1.103e-19,1.033e-22,6.650e+0,9.446e+0,8.484e-2,4.980e+1,3.194e-19,3.261e-5,6.322e-4,6.270e-7,1.044e+1,1.381e-8,,1.554e-18,,,4.122e-11,,5.204e-19,,7.939e-19,,1.040e-1,,1.457e-17,,4.390e-19,1.697e-16
486.42,1.019e+2,1.126e-20,6.781e-27,1.416e-43,1.279e-19,,,8.354e-19,4.007e-22,,3.072e-15,3.452e-18,1.344e-28,1.006e-17,1.404e-19,1.953e-31,6.129e-21,2.762e-25,,1.084e-3,6.447e-20,8.139e-20,8.394e+0,6.090e-1,2.165e-9,2.091e-1,,1.230e-18,8.833e-22,2.130e+1,3.389e-20,6.640e-29,1.103e-19,1.033e-22,6.179e+0,8.136e+0,7.327e-2,4.728e+1,3.198e-19,4.381e-5,8.045e-4,8.601e-7,9.608e+0,9.581e-9,,1.525e-18,,,6.054e-11,,5.203e-19,,7.938e-19,,1.147e-1,,1.457e-17,,4.413e-19,1.698e-16
486.45,9.818e+1,1.128e-20,6.746e-27,1.416e-43,1.281e-19,,,8.362e-19,4.012e-22,,3.072e-15,3.448e-18,1.342e-28,1.006e-17,1.407e-19,1.951e-31,6.128e-21,2.760e-25,,1.510e-3,6.449e-20,7.178e-20,7.754e+0,7.689e-1,2.734e-9,2.444e-1,,1.229e-18,8.838e-22,2.533e+1,3.390e-20,6.641e-29,1.103e-19,1.034e-22,5.503e+0,6.464e+0,5.860e-2,4.348e+1,3.204e-19,6.782e-5,1.148e-3,1.373e-6,8.436e+0,5.503e-9,,1.482e-18,,,1.071e-10,,5.202e-19,,7.937e-19,,1.323e-1,,1.456e-17,,4.446e-19,1.698e-16
486.47,9.635e+1,1.130e-20,6.723e-27,1.415e-43,1.281e-19,,,8.367e-19,4.015e-22,,3.071e-15,3.445e-18,1.340e-28,1.006e-17,1.409e-19,1.949e-31,6.128e-21,2.758e-25,,1.876e-3,6.451e-20,6.575e-20,7.415e+0,8.946e-1,3.180e-9,2.702e-1,,1.228e-18,8.841e-22,2.832e+1,3.391e-20,6.641e-29,1.103e-19,1.034e-22,5.075e+0,5.522e+0,5.042e-2,4.095e+1,3.207e-19,9.039e-5,1.449e-3,1.869e-6,7.705e+0,3.787e-9,,1.453e-18,,,1.560e-10,,5.202e-19,,7.937e-19,,1.451e-1,,1.456e-17,,4.469e-19,1.698e-16
486.49,9.507e+1,1.131e-20,6.700e-27,1.414e-43,1.282e-19,,,8.372e-19,4.018e-22,,3.071e-15,3.442e-18,1.338e-28,1.006e-17,1.410e-19,1.948e-31,6.127e-21,2.757e-25,,2.323e-3,6.452e-20,6.003e-20,7.137e+0,1.037e+0,3.688e-9,2.976e-1,,1.228e-18,8.844e-22,3.156e+1,3.391e-20,6.642e-29,1.104e-19,1.034e-22,4.666e+0,4.702e+0,4.338e-2,3.845e+1,3.211e-19,1.201e-4,1.824e-3,2.534e-6,7.013e+0,2.597e-9,,1.424e-18,,,2.266e-10,,5.201e-19,,7.936e-19,,1.587e-1,,1.456e-17,,4.491e-19,1.698e-16
486.52,9.417e+1,1.134e-20,6.666e-27,1.413e-43,1.283e-19,,,8.380e-19,4.022e-22,,3.071e-15,3.438e-18,1.336e-28,1.006e-17,1.413e-19,1.946e-31,6.126e-21,2.754e-25,,3.182e-3,6.455e-20,5.206e-20,6.822e+0,1.288e+0,4.579e-9,3.420e-1,,1.227e-18,8.849e-22,3.692e+1,3.392e-20,6.642e-29,1.104e-19,1.034e-22,4.091e+0,3.673e+0,3.471e-2,3.476e+1,3.217e-19,1.828e-4,2.559e-3,3.979e-6,6.054e+0,1.466e-9,,1.381e-18,,,3.942e-10,,5.201e-19,,7.936e-19,,1.804e-1,,1.455e-17,,4.524e-19,1.699e-16
486.54,9.425e+1,1.135e-20,6.643e-27,1.413e-43,1.284e-19,,,8.386e-19,4.025e-22,,3.070e-15,3.436e-18,1.334e-28,1.006e-17,1.415e-19,1.944e-31,6.125e-21,2.752e-25,,3.909e-3,6.456e-20,4.715e-20,6.671e+0,1.482e+0,5.267e-9,3.737e-1,,1.226e-18,8.852e-22,4.082e+1,3.392e-20,6.643e-29,1.104e-19,1.034e-22,3.732e+0,3.103e+0,3.006e-2,3.237e+1,3.220e-19,2.409e-4,3.195e-3,5.354e-6,5.467e+0,9.977e-10,,1.352e-18,,,5.679e-10,,5.200e-19,,7.935e-19,,1.958e-1,,1.455e-17,,4.547e-19,1.699e-16
486.57,9.539e+1,1.137e-20,6.609e-27,1.412e-43,1.285e-19,,,8.394e-19,4.029e-22,,3.070e-15,3.431e-18,1.332e-28,1.006e-17,1.417e-19,1.942e-31,6.124e-21,2.750e-25,,5.291e-3,6.459e-20,4.040e-20,6.517e+0,1.817e+0,6.460e-9,4.243e-1,,1.225e-18,8.856e-22,4.717e+1,3.393e-20,6.643e-29,1.104e-19,1.034e-22,3.235e+0,2.395e+0,2.459e-2,2.891e+1,3.226e-19,3.623e-4,4.429e-3,8.306e-6,4.662e+0,5.564e-10,,1.309e-18,,,9.760e-10,,5.199e-19,,7.934e-19,,2.201e-1,,1.454e-17,,4.580e-19,1.699e-16
486.59,9.682e+1,1.139e-20,6.586e-27,1.411e-43,1.286e-19,,,8.399e-19,4.032e-22,,3.070e-15,3.429e-18,1.330e-28,1.006e-17,1.419e-19,1.940e-31,6.123e-21,2.748e-25,,6.448e-3,6.460e-20,3.629e-20,6.455e+0,2.074e+0,7.372e-9,4.600e-1,,1.224e-18,8.859e-22,5.174e+1,3.394e-20,6.644e-29,1.104e-19,1.034e-22,2.929e+0,2.007e+0,2.185e-2,2.671e+1,3.229e-19,4.736e-4,5.484e-3,1.109e-5,4.176e+0,3.755e-10,,1.281e-18,,,1.395e-9,,5.199e-19,,7.934e-19,,2.371e-1,,1.454e-17,,4.603e-19,1.699e-16
486.62,9.995e+1,1.141e-20,6.551e-27,1.410e-43,1.287e-19,,,8.407e-19,4.037e-22,,3.069e-15,3.424e-18,1.327e-28,1.006e-17,1.422e-19,1.938e-31,6.122e-21,2.746e-25,,8.622e-3,6.463e-20,3.072e-20,6.409e+0,2.513e+0,8.933e-9,5.160e-1,,1.223e-18,8.864e-22,5.909e+1,3.394e-20,6.644e-29,1.104e-19,1.034e-22,2.509e+0,1.532e+0,1.897e-2,2.357e+1,3.235e-19,7.038e-4,7.512e-3,1.699e-5,3.518e+0,2.069e-10,,1.237e-18,,,2.369e-9,,5.198e-19,,7.933e-19,,2.634e-1,,1.453e-17,,4.636e-19,1.700e-16
486.64,1.027e+2,1.142e-20,6.528e-27,1.410e-43,1.288e-19,,,8.413e-19,4.040e-22,,3.069e-15,3.422e-18,1.326e-28,1.006e-17,1.423e-19,1.937e-31,6.122e-21,2.744e-25,,1.042e-2,6.464e-20,2.738e-20,6.404e+0,2.844e+0,1.011e-8,5.548e-1,,1.223e-18,8.867e-22,6.430e+1,3.395e-20,6.645e-29,1.105e-19,1.034e-22,2.254e+0,1.275e+0,1.783e-2,2.159e+1,3.239e-19,9.127e-4,9.228e-3,2.250e-5,3.126e+0,1.385e-10,,1.209e-18,,,3.359e-9,,5.197e-19,,7.933e-19,,2.815e-1,,1.453e-17,,4.659e-19,1.700e-16
486.67,1.076e+2,1.145e-20,6.494e-27,1.409e-43,1.289e-19,,,8.421e-19,4.044e-22,,3.068e-15,3.417e-18,1.323e-28,1.006e-17,1.426e-19,1.934e-31,6.120e-21,2.742e-25,,1.377e-2,6.467e-20,2.290e-20,6.423e+0,3.405e+0,1.211e-8,6.149e-1,,1.222e-18,8.872e-22,7.255e+1,3.396e-20,6.645e-29,1.105e-19,1.035e-22,1.908e+0,9.630e-1,1.722e-2,1.883e+1,3.244e-19,1.340e-3,1.249e-2,3.408e-5,2.602e+0,7.536e-11,,1.165e-18,,,5.636e-9,,5.196e-19,,7.932e-19,,3.091e-1,,1.452e-17,,4.692e-19,1.700e-16
486.69,1.115e+2,1.146e-20,6.471e-27,1.408e-43,1.290e-19,,,8.426e-19,4.047e-22,,3.068e-15,3.415e-18,1.321e-28,1.006e-17,1.428e-19,1.933e-31,6.120e-21,2.740e-25,,1.652e-2,6.468e-20,2.024e-20,6.447e+0,3.824e+0,1.360e-8,6.559e-1,,1.221e-18,8.875e-22,7.832e+1,3.396e-20,6.646e-29,1.105e-19,1.035e-22,1.701e+0,7.970e-1,1.754e-2,1.711e+1,3.248e-19,1.724e-3,1.522e-2,4.476e-5,2.293e+0,5.003e-11,,1.137e-18,,,7.926e-9,,5.196e-19,,7.931e-19,,3.277e-1,,1.452e-17,,4.715e-19,1.701e-16
486.72,1.181e+2,1.148e-20,6.437e-27,1.407e-43,1.291e-19,,,8.434e-19,4.051e-22,,3.068e-15,3.410e-18,1.319e-28,1.006e-17,1.430e-19,1.930e-31,6.119e-21,2.738e-25,,2.156e-2,6.470e-20,1.673e-20,6.493e+0,4.523e+0,1.608e-8,7.181e-1,,1.220e-18,8.880e-22,8.733e+1,3.397e-20,6.646e-29,1.105e-19,1.035e-22,1.423e+0,5.992e-1,1.914e-2,1.474e+1,3.253e-19,2.501e-3,2.035e-2,6.697e-5,1.885e+0,2.690e-11,,1.093e-18,,,1.314e-8,,5.195e-19,,7.931e-19,,3.556e-1,,1.452e-17,,4.748e-19,1.701e-16
486.74,1.230e+2,1.150e-20,6.414e-27,1.407e-43,1.292e-19,,,8.439e-19,4.054e-22,,3.067e-15,3.408e-18,1.317e-28,1.006e-17,1.432e-19,1.929e-31,6.118e-21,2.736e-25,,2.565e-2,6.472e-20,1.467e-20,6.525e+0,5.039e+0,1.791e-8,7.598e-1,,1.219e-18,8.883e-22,9.352e+1,3.398e-20,6.646e-29,1.105e-19,1.035e-22,1.259e+0,4.961e-1,2.099e-2,1.329e+1,3.257e-19,3.192e-3,2.460e-2,8.726e-5,1.648e+0,1.771e-11,,1.065e-18,,,1.834e-8,,5.195e-19,,7.930e-19,,3.741e-1,,1.451e-17,,4.771e-19,1.701e-16
486.77,1.309e+2,1.152e-20,6.379e-27,1.406e-43,1.293e-19,,,8.447e-19,4.059e-22,,3.067e-15,3.403e-18,1.315e-28,1.006e-17,1.434e-19,1.927e-31,6.117e-21,2.733e-25,,3.308e-2,6.474e-20,1.197e-20,6.571e+0,5.888e+0,2.093e-8,8.220e-1,,1.218e-18,8.887e-22,1.030e+2,3.398e-20,6.647e-29,1.106e-19,1.035e-22,1.041e+0,3.767e-1,2.503e-2,1.130e+1,3.262e-19,4.574e-3,3.250e-2,1.290e-4,1.339e+0,9.406e-12,,1.021e-18,,,3.004e-8,,5.194e-19,,7.929e-19,,4.013e-1,,1.451e-17,,4.804e-19,1.702e-16
486.79,1.365e+2,1.153e-20,6.356e-27,1.405e-43,1.294e-19,,,8.453e-19,4.062e-22,,3.067e-15,3.401e-18,1.313e-28,1.006e-17,1.436e-19,1.925e-31,6.116e-21,2.732e-25,,3.903e-2,6.476e-20,1.041e-20,6.597e+0,6.506e+0,2.313e-8,8.627e-1,,1.218e-18,8.890e-22,1.095e+2,3.399e-20,6.647e-29,1.106e-19,1.035e-22,9.132e-1,3.171e-1,2.865e-2,1.011e+1,3.266e-19,5.792e-3,3.897e-2,1.668e-4,1.161e+0,6.143e-12,,9.927e-19,,,4.157e-8,,5.193e-19,,7.929e-19,,4.189e-1,,1.450e-17,,4.827e-19,1.702e-16
486.82,1.452e+2,1.156e-20,6.322e-27,1.404e-43,1.295e-19,,,8.461e-19,4.066e-22,,3.066e-15,3.397e-18,1.310e-28,1.006e-17,1.439e-19,1.923e-31,6.115e-21,2.729e-25,,4.974e-2,6.478e-20,8.398e-21,6.624e+0,7.512e+0,2.671e-8,9.221e-1,,1.217e-18,8.895e-22,1.192e+2,3.400e-20,6.648e-29,1.106e-19,1.035e-22,7.461e-1,2.531e-1,3.566e-2,8.497e+0,3.272e-19,8.201e-3,5.087e-2,2.436e-4,9.316e-1,3.223e-12,,9.495e-19,,,6.729e-8,,5.192e-19,,7.928e-19,,4.441e-1,,1.450e-17,,4.860e-19,1.702e-16
486.84,1.513e+2,1.157e-20,6.299e-27,1.404e-43,1.296e-19,,,8.466e-19,4.069e-22,,3.066e-15,3.394e-18,1.309e-28,1.006e-17,1.441e-19,1.921e-31,6.115e-21,2.728e-25,,5.823e-2,6.480e-20,7.247e-21,6.633e+0,8.234e+0,2.927e-8,9.600e-1,,1.216e-18,8.898e-22,1.256e+2,3.400e-20,6.648e-29,1.106e-19,1.035e-22,6.495e-1,2.252e-1,4.150e-2,7.538e+0,3.275e-19,1.030e-2,6.051e-2,3.124e-4,8.013e-1,2.088e-12,,1.593e-18,,,9.240e-8,,5.192e-19,,7.928e-19,,4.601e-1,,1.449e-17,,4.882e-19,1.702e-16
486.86,1.574e+2,1.159e-20,6.276e-27,1.403e-43,1.297e-19,,,8.471e-19,4.072e-22,,3.066e-15,3.391e-18,1.307e-28,1.006e-17,1.442e-19,1.920e-31,6.114e-21,2.726e-25,,6.795e-2,6.481e-20,6.233e-21,6.634e+0,8.997e+0,3.199e-8,9.963e-1,,1.216e-18,8.901e-22,1.320e+2,3.401e-20,6.649e-29,1.106e-19,1.035e-22,5.636e-1,2.082e-1,4.840e-2,6.665e+0,3.279e-19,1.290e-2,7.175e-2,3.993e-4,6.869e-1,1.348e-12,,2.665e-18,,,1.265e-7,,5.191e-19,,7.927e-19,,4.751e-1,,1.449e-17,,4.905e-19,1.703e-16
486.89,1.666e+2,1.161e-20,6.242e-27,1.402e-43,1.298e-19,,,8.479e-19,4.077e-22,,3.065e-15,3.387e-18,1.304e-28,1.006e-17,1.445e-19,1.917e-31,6.113e-21,2.724e-25,,8.513e-2,6.484e-20,4.941e-21,6.619e+0,1.021e+1,3.631e-8,1.047e+0,,1.215e-18,8.906e-22,1.413e+2,3.401e-20,6.649e-29,1.106e-19,1.036e-22,4.529e-1,2.021e-1,6.099e-2,5.508e+0,3.285e-19,1.796e-2,9.209e-2,5.735e-4,5.420e-1,6.953e-13,,5.733e-18,,,2.013e-7,,5.191e-19,,7.926e-19,,4.959e-1,,1.448e-17,,4.938e-19,1.703e-16
486.91,1.727e+2,1.162e-20,6.219e-27,1.402e-43,1.299e-19,,,8.485e-19,4.079e-22,,3.065e-15,3.384e-18,1.303e-28,1.006e-17,1.447e-19,1.916e-31,6.112e-21,2.722e-25,,9.855e-2,6.485e-20,4.216e-21,6.598e+0,1.107e+1,3.936e-8,1.078e+0,,1.214e-18,8.909e-22,1.473e+2,3.402e-20,6.650e-29,1.107e-19,1.036e-22,3.898e-1,2.109e-1,7.107e-2,4.831e+0,3.288e-19,2.230e-2,1.083e-1,7.271e-4,4.609e-1,4.453e-13,,9.514e-18,,,2.733e-7,,5.190e-19,,7.926e-19,,5.083e-1,,1.448e-17,,4.961e-19,1.703e-16
486.94,1.816e+2,1.164e-20,6.184e-27,1.401e-43,1.300e-19,,,8.493e-19,4.084e-22,,3.065e-15,3.380e-18,1.300e-28,1.005e-17,1.449e-19,1.914e-31,6.111e-21,2.719e-25,,1.220e-1,6.488e-20,3.302e-21,6.551e+0,1.242e+1,4.414e-8,1.119e+0,,1.213e-18,8.914e-22,1.558e+2,3.403e-20,6.650e-29,1.107e-19,1.036e-22,3.095e-1,2.445e-1,8.908e-2,3.944e+0,3.294e-19,3.068e-2,1.374e-1,1.032e-3,3.593e-1,2.269e-13,,2.022e-17,,,4.298e-7,,5.189e-19,,7.925e-19,,5.247e-1,,1.448e-17,,4.994e-19,1.703e-16
486.96,1.873e+2,1.166e-20,6.161e-27,1.400e-43,1.301e-19,,,8.498e-19,4.087e-22,,3.064e-15,3.377e-18,1.299e-28,1.005e-17,1.451e-19,1.912e-31,6.110e-21,2.718e-25,,1.401e-1,6.489e-20,2.794e-21,6.509e+0,1.335e+1,4.746e-8,1.143e+0,,1.212e-18,8.917e-22,1.611e+2,3.403e-20,6.651e-29,1.107e-19,1.036e-22,2.643e-1,2.821e-1,1.033e-1,3.431e+0,3.297e-19,3.779e-2,1.603e-1,1.298e-3,3.031e-1,1.441e-13,,3.329e-17,,,5.789e-7,,5.189e-19,,7.925e-19,,5.341e-1,,1.447e-17,,5.017e-19,1.704e-16
486.99,1.955e+2,1.168e-20,6.127e-27,1.399e-43,1.302e-19,,,8.506e-19,4.091e-22,,3.064e-15,3.373e-18,1.296e-28,1.005e-17,1.453e-19,1.910e-31,6.109e-21,2.715e-25,,1.713e-1,6.492e-20,2.162e-21,6.433e+0,1.479e+1,5.259e-8,1.172e+0,,1.211e-18,8.922e-22,1.684e+2,3.404e-20,6.651e-29,1.107e-19,1.036e-22,2.074e-1,3.649e-1,1.282e-1,2.768e+0,3.303e-19,5.137e-2,2.008e-1,1.820e-3,2.334e-1,7.252e-14,,6.990e-17,,,8.995e-7,,5.188e-19,,7.924e-19,,5.456e-1,,1.447e-17,,5.050e-19,1.704e-16
487.01,2.005e+2,1.170e-20,6.104e-27,1.399e-43,1.303e-19,,,8.512e-19,4.094e-22,,3.063e-15,3.370e-18,1.294e-28,1.005e-17,1.455e-19,1.908e-31,6.109e-21,2.714e-25,,1.952e-1,6.493e-20,1.815e-21,6.374e+0,1.578e+1,5.609e-8,1.187e+0,,1.211e-18,8.925e-22,1.727e+2,3.404e-20,6.652e-29,1.107e-19,1.036e-22,1.757e-1,4.409e-1,1.476e-1,2.389e+0,3.307e-19,6.279e-2,2.325e-1,2.271e-3,1.953e-1,4.570e-14,,1.142e-16,,,1.202e-6,,5.187e-19,,7.923e-19,,5.516e-1,,1.446e-17,,5.073e-19,1.704e-16
487.04,2.073e+2,1.172e-20,6.070e-27,1.398e-43,1.304e-19,,,8.520e-19,4.099e-22,,3.063e-15,3.366e-18,1.292e-28,1.005e-17,1.458e-19,1.906e-31,6.107e-21,2.711e-25,,2.358e-1,6.496e-20,1.388e-21,6.276e+0,1.727e+1,6.141e-8,1.203e+0,,1.210e-18,8.929e-22,1.784e+2,3.405e-20,6.652e-29,1.107e-19,1.036e-22,1.362e-1,5.934e-1,1.813e-1,1.903e+0,3.312e-19,8.432e-2,2.878e-1,3.146e-3,1.486e-1,2.272e-14,,2.369e-16,,,1.845e-6,,5.187e-19,,7.923e-19,,5.581e-1,,1.446e-17,,5.106e-19,1.705e-16
487.06,2.113e+2,1.173e-20,6.047e-27,1.397e-43,1.305e-19,,,8.525e-19,4.102e-22,,3.063e-15,3.363e-18,1.290e-28,1.005e-17,1.459e-19,1.904e-31,6.107e-21,2.710e-25,,2.665e-1,6.497e-20,1.155e-21,6.206e+0,1.827e+1,6.497e-8,1.209e+0,,1.209e-18,8.932e-22,1.816e+2,3.406e-20,6.652e-29,1.108e-19,1.036e-22,1.145e-1,7.260e-1,2.071e-1,1.629e+0,3.316e-19,1.022e-1,3.305e-1,3.895e-3,1.233e-1,1.420e-14,,3.839e-16,,,2.446e-6,,5.186e-19,,7.922e-19,,5.607e-1,,1.445e-17,,5.129e-19,1.705e-16
487.09,2.165e+2,1.176e-20,6.012e-27,1.396e-43,1.306e-19,,,8.533e-19,4.106e-22,,3.062e-15,3.359e-18,1.288e-28,1.005e-17,1.462e-19,1.902e-31,6.106e-21,2.707e-25,,3.182e-1,6.500e-20,8.726e-22,6.095e+0,1.977e+1,7.028e-8,1.210e+0,,1.208e-18,8.937e-22,1.853e+2,3.406e-20,6.653e-29,1.108e-19,1.036e-22,8.774e-2,9.830e-1,2.514e-1,1.283e+0,3.321e-19,1.357e-1,4.043e-1,5.331e-3,9.268e-2,6.972e-15,,7.871e-16,,,3.711e-6,,5.185e-19,,7.921e-19,,5.623e-1,,1.445e-17,,5.162e-19,1.705e-16
487.11,2.193e+2,1.177e-20,5.989e-27,1.396e-43,1.307e-19,,,8.538e-19,4.109e-22,,3.062e-15,3.356e-18,1.286e-28,1.005e-17,1.464e-19,1.901e-31,6.105e-21,2.705e-25,,3.567e-1,6.501e-20,7.208e-22,6.019e+0,2.075e+1,7.376e-8,1.207e+0,,1.207e-18,8.940e-22,1.871e+2,3.407e-20,6.653e-29,1.108e-19,1.037e-22,7.319e-2,1.201e+0,2.850e-1,1.089e+0,3.325e-19,1.632e-1,4.605e-1,6.546e-3,7.632e-2,4.322e-15,,1.265e-15,,,4.880e-6,,5.185e-19,,7.921e-19,,5.618e-1,,1.444e-17,,5.185e-19,1.705e-16
487.14,2.226e+2,1.179e-20,5.955e-27,1.395e-43,1.308e-19,,,8.546e-19,4.113e-22,,3.062e-15,3.352e-18,1.283e-28,1.005e-17,1.466e-19,1.898e-31,6.104e-21,2.703e-25,,4.207e-1,6.504e-20,5.378e-22,5.904e+0,2.217e+1,7.882e-8,1.194e+0,,1.206e-18,8.945e-22,1.887e+2,3.408e-20,6.654e-29,1.108e-19,1.037e-22,5.548e-2,1.617e+0,3.418e-1,8.470e-1,3.330e-19,2.139e-1,5.566e-1,8.854e-3,5.669e-2,2.096e-15,,2.563e-15,,,7.314e-6,,5.184e-19,,7.920e-19,,5.591e-1,,1.444e-17,,5.218e-19,1.706e-16
487.16,2.242e+2,1.181e-20,5.932e-27,1.394e-43,1.309e-19,,,8.552e-19,4.116e-22,,3.061e-15,3.349e-18,2.154e-28,1.005e-17,1.468e-19,1.897e-31,6.103e-21,2.701e-25,,4.678e-1,6.505e-20,4.406e-22,5.830e+0,2.308e+1,8.206e-8,1.180e+0,,1.206e-18,8.948e-22,1.890e+2,3.408e-20,6.654e-29,1.108e-19,1.037e-22,4.597e-2,1.964e+0,3.844e-1,7.134e-1,3.334e-19,2.552e-1,6.290e-1,1.079e-2,4.632e-2,1.289e-15,,4.088e-15,,,9.541e-6,,5.183e-19,,7.920e-19,,5.561e-1,,1.444e-17,,5.240e-19,1.706e-16
487.19,2.254e+2,1.183e-20,5.898e-27,1.393e-43,1.310e-19,,,8.560e-19,4.121e-22,,3.061e-15,3.345e-18,4.657e-28,1.005e-17,1.471e-19,1.895e-31,6.102e-21,2.699e-25,,5.452e-1,6.507e-20,3.248e-22,5.722e+0,2.437e+1,8.664e-8,1.153e+0,,1.205e-18,8.953e-22,1.883e+2,3.409e-20,6.655e-29,1.108e-19,1.037e-22,3.454e-2,2.616e+0,4.556e-1,5.482e-1,3.340e-19,3.306e-1,7.512e-1,1.441e-2,3.403e-2,6.177e-16,,8.184e-15,,,1.413e-5,,5.183e-19,,7.919e-19,,5.502e-1,,1.443e-17,,5.274e-19,1.706e-16
487.21,2.257e+2,1.184e-20,5.875e-27,1.393e-43,1.311e-19,,,8.565e-19,4.124e-22,,3.061e-15,3.342e-18,7.755e-28,1.005e-17,1.472e-19,1.893e-31,6.101e-21,2.697e-25,,6.014e-1,6.509e-20,2.640e-22,5.654e+0,2.517e+1,8.948e-8,1.131e+0,,1.204e-18,8.956e-22,1.871e+2,3.409e-20,6.655e-29,1.109e-19,1.037e-22,2.849e-2,3.155e+0,5.082e-1,4.580e-1,3.343e-19,3.913e-1,8.422e-1,1.742e-2,2.762e-2,3.767e-16,,1.295e-14,,,1.829e-5,,5.182e-19,,7.918e-19,,5.454e-1,,1.443e-17,,5.296e-19,1.706e-16
487.23,2.254e+2,1.186e-20,5.852e-27,1.392e-43,1.311e-19,,,8.570e-19,4.127e-22,,3.060e-15,3.339e-18,1.287e-27,1.005e-17,1.474e-19,1.892e-31,6.101e-21,2.696e-25,,6.613e-1,6.511e-20,2.139e-22,5.591e+0,2.591e+1,9.211e-8,1.106e+0,,1.203e-18,8.959e-22,1.854e+2,3.410e-20,6.656e-29,1.109e-19,1.037e-22,2.350e-2,3.794e+0,5.651e-1,3.814e-1,3.347e-19,4.616e-1,9.412e-1,2.098e-2,2.237e-2,2.290e-16,,2.042e-14,,,2.359e-5,,5.181e-19,,7.918e-19,,5.403e-1,,1.442e-17,,5.319e-19,1.707e-16
487.26,2.241e+2,1.188e-20,5.817e-27,1.391e-43,1.313e-19,,,8.579e-19,4.131e-22,,3.060e-15,3.335e-18,2.737e-27,1.005e-17,1.477e-19,1.889e-31,6.100e-21,2.693e-25,,7.578e-1,6.513e-20,1.551e-22,5.509e+0,2.690e+1,9.563e-8,1.063e+0,,1.202e-18,8.963e-22,1.816e+2,3.411e-20,6.656e-29,1.109e-19,1.037e-22,1.766e-2,4.972e+0,6.586e-1,2.881e-1,3.352e-19,5.879e-1,1.105e+0,2.757e-2,1.627e-2,1.079e-16,,4.020e-14,,,3.435e-5,,5.181e-19,,7.917e-19,,5.320e-1,,1.442e-17,,5.352e-19,1.707e-16
487.28,2.227e+2,1.189e-20,5.795e-27,1.390e-43,1.313e-19,,,8.584e-19,4.134e-22,,3.060e-15,3.332e-18,4.508e-27,1.005e-17,1.478e-19,1.888e-31,6.099e-21,2.691e-25,,8.266e-1,6.515e-20,1.248e-22,5.462e+0,2.747e+1,9.765e-8,1.031e+0,,1.202e-18,8.966e-22,1.785e+2,3.411e-20,6.657e-29,1.109e-19,1.037e-22,1.468e-2,5.931e+0,7.265e-1,2.380e-1,3.356e-19,6.881e-1,1.225e+0,3.294e-2,1.317e-2,6.503e-17,,6.290e-14,,,4.396e-5,,5.180e-19,,7.916e-19,,5.263e-1,,1.441e-17,,5.375e-19,1.707e-16
487.31,2.199e+2,1.192e-20,5.760e-27,1.390e-43,1.315e-19,,,8.592e-19,4.138e-22,,3.059e-15,3.328e-18,9.470e-27,1.005e-17,1.481e-19,1.885e-31,6.098e-21,2.689e-25,,9.359e-1,6.517e-20,8.955e-23,5.410e+0,2.817e+1,1.002e-7,9.789e-1,,1.201e-18,8.971e-22,1.729e+2,3.412e-20,6.657e-29,1.109e-19,1.037e-22,1.133e-2,7.682e+0,8.366e-1,1.776e-1,3.362e-19,8.659e-1,1.422e+0,4.276e-2,9.653e-3,3.026e-17,,1.224e-13,,,6.325e-5,,5.179e-19,,7.916e-19,,5.181e-1,,1.441e-17,,5.408e-19,1.708e-16
487.33,2.177e+2,1.193e-20,5.737e-27,1.389e-43,1.315e-19,,,8.597e-19,4.141e-22,,3.059e-15,3.325e-18,1.547e-26,1.005e-17,1.483e-19,1.884e-31,6.097e-21,2.687e-25,,1.013e+0,6.518e-20,7.159e-23,5.388e+0,2.854e+1,1.015e-7,9.420e-1,,1.200e-18,8.974e-22,1.685e+2,3.412e-20,6.658e-29,1.109e-19,1.038e-22,9.722e-3,9.091e+0,9.155e-1,1.455e-1,3.365e-19,1.005e+0,1.564e+0,5.069e-2,7.931e-3,1.810e-17,,1.899e-13,,,8.029e-5,,5.179e-19,,7.915e-19,,5.130e-1,,1.440e-17,,5.431e-19,1.708e-16
487.36,2.140e+2,1.195e-20,5.703e-27,1.388e-43,1.317e-19,,,8.605e-19,4.146e-22,,3.058e-15,3.321e-18,3.212e-26,1.005e-17,1.485e-19,1.882e-31,6.096e-21,2.685e-25,,1.133e+0,6.521e-20,5.107e-23,5.378e+0,2.892e+1,1.028e-7,8.838e-1,,1.199e-18,8.979e-22,1.612e+2,3.413e-20,6.658e-29,1.110e-19,1.038e-22,8.110e-3,1.163e+1,1.042e+0,1.073e-1,3.371e-19,1.250e+0,1.794e+0,6.502e-2,6.098e-3,8.318e-18,,3.651e-13,,,1.142e-4,,5.178e-19,,7.914e-19,,5.063e-1,,1.440e-17,,5.464e-19,1.708e-16
487.38,2.113e+2,1.197e-20,5.680e-27,1.387e-43,1.317e-19,,,8.611e-19,4.149e-22,,3.058e-15,3.318e-18,5.206e-26,1.005e-17,1.487e-19,1.880e-31,6.095e-21,2.683e-25,,1.216e+0,6.522e-20,4.079e-23,5.390e+0,2.906e+1,1.033e-7,8.437e-1,,1.198e-18,8.982e-22,1.559e+2,3.414e-20,6.658e-29,1.110e-19,1.038e-22,7.499e-3,1.366e+1,1.131e+0,8.721e-2,3.375e-19,1.440e+0,1.958e+0,7.646e-2,5.300e-3,4.934e-18,,5.621e-13,,,1.438e-4,,5.177e-19,,7.914e-19,,5.027e-1,,1.440e-17,,5.487e-19,1.708e-16
487.41,2.073e+2,1.199e-20,5.645e-27,1.387e-43,1.319e-19,,,8.619e-19,4.153e-22,,3.058e-15,3.314e-18,1.068e-25,1.005e-17,1.489e-19,1.878e-31,6.094e-21,2.681e-25,,1.344e+0,6.525e-20,2.932e-23,5.439e+0,2.909e+1,1.034e-7,7.824e-1,,1.197e-18,8.987e-22,1.474e+2,3.414e-20,6.659e-29,1.110e-19,1.038e-22,7.207e-3,1.727e+1,1.271e+0,6.352e-2,3.380e-19,1.769e+0,2.218e+0,9.690e-2,4.648e-3,,,1.068e-12,,,2.019e-4,,5.177e-19,,7.913e-19,,4.988e-1,,1.439e-17,,5.520e-19,1.709e-16
487.43,2.047e+2,1.200e-20,5.623e-27,1.386e-43,1.319e-19,,,8.624e-19,4.156e-22,,3.057e-15,3.311e-18,1.717e-25,1.005e-17,1.491e-19,1.876e-31,6.094e-21,2.679e-25,,1.431e+0,6.526e-20,2.378e-23,5.498e+0,2.900e+1,1.031e-7,7.411e-1,,1.197e-18,8.990e-22,1.415e+2,3.415e-20,6.659e-29,1.110e-19,1.038e-22,7.403e-3,2.011e+1,1.369e+0,5.121e-2,3.384e-19,2.021e+0,2.402e+0,1.130e-1,4.549e-3,,,1.631e-12,,,2.523e-4,,5.176e-19,,7.913e-19,,4.975e-1,,1.439e-17,,5.543e-19,1.709e-16
487.46,2.012e+2,1.203e-20,5.588e-27,1.385e-43,1.321e-19,,,8.632e-19,4.160e-22,,3.057e-15,3.307e-18,3.481e-25,1.005e-17,1.494e-19,1.874e-31,6.093e-21,2.677e-25,,1.562e+0,6.529e-20,1.793e-23,5.630e+0,2.869e+1,1.020e-7,6.794e-1,,1.196e-18,8.994e-22,1.322e+2,3.416e-20,6.660e-29,1.110e-19,1.038e-22,8.274e-3,2.513e+1,1.520e+0,3.685e-2,3.389e-19,2.453e+0,2.690e+0,1.416e-1,4.887e-3,,,3.061e-12,,,3.502e-4,,5.175e-19,,7.912e-19,,4.974e-1,,1.438e-17,,5.576e-19,1.709e-16
487.48,1.993e+2,1.204e-20,5.565e-27,1.384e-43,1.321e-19,,,8.637e-19,4.163e-22,,3.057e-15,3.305e-18,5.554e-25,1.005e-17,1.496e-19,1.872e-31,6.092e-21,2.675e-25,,1.650e+0,6.530e-20,1.539e-23,5.752e+0,2.837e+1,1.008e-7,6.388e-1,,1.195e-18,8.998e-22,1.258e+2,3.416e-20,6.660e-29,1.110e-19,1.038e-22,9.249e-3,2.903e+1,1.624e+0,2.947e-2,3.393e-19,2.780e+0,2.890e+0,1.638e-1,5.452e-3,,,4.640e-12,,,4.340e-4,,5.175e-19,,7.911e-19,,4.988e-1,,1.438e-17,,5.598e-19,1.710e-16
487.51,1.971e+2,1.206e-20,5.531e-27,1.384e-43,1.323e-19,,,8.645e-19,4.168e-22,,3.056e-15,3.300e-18,1.112e-24,1.005e-17,1.498e-19,1.870e-31,6.091e-21,2.672e-25,,1.780e+0,6.533e-20,1.327e-23,5.996e+0,2.772e+1,9.856e-8,5.793e-1,,1.194e-18,9.002e-22,1.162e+2,3.417e-20,6.661e-29,1.111e-19,1.038e-22,1.135e-2,3.583e+1,1.783e+0,2.095e-2,3.398e-19,3.334e+0,3.200e+0,2.027e-1,6.864e-3,,,8.604e-12,,,5.952e-4,,5.174e-19,,7.911e-19,,5.032e-1,,1.437e-17,,5.632e-19,1.710e-16
487.53,1.964e+2,1.208e-20,5.508e-27,1.383e-43,1.323e-19,,,8.651e-19,4.171e-22,,3.056e-15,3.298e-18,1.761e-24,1.005e-17,1.500e-19,1.869e-31,6.090e-21,2.671e-25,,1.865e+0,6.534e-20,1.284e-23,6.206e+0,2.719e+1,9.667e-8,5.409e-1,,1.193e-18,9.005e-22,1.097e+2,3.417e-20,6.661e-29,1.111e-19,1.038e-22,1.321e-2,4.107e+1,1.889e+0,1.662e-2,3.402e-19,3.749e+0,3.411e+0,2.327e-1,8.240e-3,,,1.294e-11,,,7.317e-4,,5.173e-19,,7.910e-19,,5.077e-1,,1.437e-17,,5.654e-19,1.710e-16
487.56,1.966e+2,1.210e-20,5.473e-27,1.382e-43,1.325e-19,,,8.659e-19,4.175e-22,,3.056e-15,3.293e-18,3.485e-24,1.005e-17,1.502e-19,1.866e-31,6.089e-21,2.668e-25,,1.988e+0,6.537e-20,1.358e-23,6.602e+0,2.626e+1,9.334e-8,4.857e-1,,1.192e-18,9.010e-22,1.001e+2,7.439e-20,6.662e-29,1.111e-19,1.039e-22,1.680e-2,5.008e+1,2.049e+0,1.167e-2,3.408e-19,4.442e+0,3.733e+0,2.844e-1,1.110e-2,,,2.371e-11,,,9.915e-4,,5.173e-19,,7.909e-19,,5.167e-1,,1.436e-17,,5.688e-19,1.710e-16
487.58,1.976e+2,1.212e-20,5.451e-27,1.381e-43,1.325e-19,,,8.664e-19,4.178e-22,,3.055e-15,3.291e-18,5.472e-24,1.005e-17,1.504e-19,1.865e-31,6.088e-21,2.667e-25,,2.067e+0,6.538e-20,1.500e-23,6.929e+0,2.555e+1,9.082e-8,4.509e-1,,1.192e-18,9.013e-22,9.376e+1,1.244e-19,6.662e-29,1.111e-19,1.039e-22,1.978e-2,5.694e+1,2.154e+0,9.186e-3,3.411e-19,4.954e+0,3.950e+0,3.239e-1,1.364e-2,,,3.536e-11,,,1.209e-3,,5.172e-19,,7.909e-19,,5.243e-1,,1.436e-17,,5.710e-19,1.711e-16
487.6,1.996e+2,1.213e-20,5.428e-27,1.381e-43,1.326e-19,,,8.670e-19,4.181e-22,,3.055e-15,3.288e-18,8.564e-24,1.005e-17,1.506e-19,1.863e-31,6.088e-21,2.665e-25,,2.141e+0,6.540e-20,1.720e-23,7.312e+0,2.478e+1,8.809e-8,4.177e-1,,1.191e-18,9.016e-22,8.757e+1,2.075e-19,6.663e-29,1.111e-19,1.039e-22,2.332e-2,6.453e+1,2.258e+0,7.205e-3,3.415e-19,5.508e+0,4.166e+0,3.676e-1,1.680e-2,,,5.258e-11,,,1.470e-3,,5.171e-19,,7.908e-19,,5.330e-1,,1.436e-17,,5.733e-19,1.711e-16
487.63,2.045e+2,1.215e-20,5.393e-27,1.380e-43,1.327e-19,,,8.678e-19,4.186e-22,,3.055e-15,3.284e-18,1.667e-23,1.005e-17,1.508e-19,1.861e-31,6.087e-21,2.663e-25,,2.244e+0,6.542e-20,2.211e-23,8.006e+0,2.352e+1,8.363e-8,3.714e-1,,1.190e-18,9.021e-22,7.857e+1,4.443e-19,6.663e-29,1.111e-19,1.039e-22,2.979e-2,7.739e+1,2.408e+0,4.975e-3,3.420e-19,6.418e+0,4.488e+0,4.419e-1,2.298e-2,,,9.475e-11,,,1.959e-3,,5.171e-19,,7.908e-19,,5.481e-1,,1.435e-17,,5.766e-19,1.711e-16
487.65,2.091e+2,1.217e-20,5.370e-27,1.379e-43,1.328e-19,,,8.683e-19,4.188e-22,,3.054e-15,3.281e-18,2.589e-23,1.005e-17,1.510e-19,1.859e-31,6.086e-21,2.661e-25,,2.306e+0,6.544e-20,2.662e-23,8.558e+0,2.263e+1,8.046e-8,3.431e-1,,1.189e-18,9.024e-22,7.281e+1,7.350e-19,6.664e-29,1.112e-19,1.039e-22,3.500e-2,8.700e+1,2.504e+0,3.871e-3,3.424e-19,7.078e+0,4.698e+0,4.976e-1,2.828e-2,,,1.398e-10,,,2.363e-3,,5.170e-19,,7.907e-19,,5.594e-1,,1.435e-17,,5.789e-19,1.711e-16
487.68,2.182e+2,1.219e-20,5.336e-27,1.378e-43,1.329e-19,,,8.691e-19,4.193e-22,,3.054e-15,3.277e-18,4.979e-23,1.005e-17,1.513e-19,1.857e-31,6.085e-21,2.658e-25,,2.388e+0,6.546e-20,3.563e-23,9.538e+0,2.123e+1,7.547e-8,3.046e-1,,1.188e-18,9.029e-22,6.458e+1,1.555e-18,6.664e-29,1.112e-19,1.039e-22,4.437e-2,1.031e+2,2.639e+0,2.640e-3,3.430e-19,8.148e+0,5.005e+0,5.911e-1,3.844e-2,,,2.489e-10,,,3.110e-3,,5.169e-19,,7.906e-19,,5.780e-1,,1.434e-17,,5.822e-19,1.712e-16
487.7,2.258e+2,1.220e-20,5.313e-27,1.378e-43,1.330e-19,,,8.696e-19,4.196e-22,,3.054e-15,3.274e-18,7.670e-23,1.005e-17,1.514e-19,1.856e-31,6.084e-21,2.657e-25,,2.435e+0,6.548e-20,4.342e-23,1.030e+1,2.026e+1,7.202e-8,2.817e-1,,1.188e-18,9.032e-22,5.938e+1,2.552e-18,6.664e-29,1.112e-19,1.039e-22,5.179e-2,1.150e+2,2.723e+0,2.038e-3,3.433e-19,8.914e+0,5.202e+0,6.602e-1,4.702e-2,,,3.642e-10,,,3.721e-3,,5.169e-19,,7.906e-19,,5.914e-1,,1.434e-17,,5.845e-19,1.712e-16
487.73,2.398e+2,1.223e-20,5.279e-27,1.377e-43,1.331e-19,,,8.704e-19,4.200e-22,,3.053e-15,3.270e-18,1.458e-22,1.005e-17,1.517e-19,1.853e-31,6.083e-21,2.654e-25,,2.491e+0,6.550e-20,5.840e-23,1.163e+1,1.877e+1,6.675e-8,2.516e-1,,1.187e-18,9.036e-22,5.207e+1,5.334e-18,6.665e-29,1.112e-19,1.039e-22,6.497e-2,1.346e+2,2.837e+0,1.373e-3,3.439e-19,1.014e+1,5.483e+0,7.748e-1,6.327e-2,,,6.408e-10,,,4.841e-3,,5.168e-19,,7.905e-19,,6.126e-1,,1.433e-17,,5.878e-19,1.712e-16
487.75,2.508e+2,1.224e-20,5.256e-27,1.376e-43,1.332e-19,,,8.710e-19,4.203e-22,,3.053e-15,3.267e-18,2.228e-22,1.005e-17,1.519e-19,1.852e-31,6.082e-21,2.653e-25,,2.520e+0,6.551e-20,7.104e-23,1.265e+1,1.777e+1,6.319e-8,2.346e-1,,1.186e-18,9.039e-22,4.752e+1,8.686e-18,6.665e-29,1.112e-19,1.039e-22,7.528e-2,1.489e+2,2.904e+0,1.052e-3,3.442e-19,1.100e+1,5.659e+0,8.586e-1,7.684e-2,,,9.303e-10,,,5.746e-3,,5.167e-19,,7.905e-19,,6.272e-1,,1.433e-17,,5.901e-19,1.713e-16
487.78,2.700e+2,1.226e-20,5.221e-27,1.375e-43,1.333e-19,,,8.718e-19,4.208e-22,,3.052e-15,3.263e-18,4.185e-22,1.005e-17,1.521e-19,1.850e-31,6.081e-21,2.650e-25,,2.547e+0,6.554e-20,9.489e-23,1.441e+1,1.627e+1,5.786e-8,2.135e-1,,1.185e-18,9.044e-22,4.123e+1,1.794e-17,6.666e-29,1.113e-19,1.040e-22,9.336e-2,1.722e+2,2.991e+0,7.005e-4,3.448e-19,1.237e+1,5.903e+0,9.955e-1,1.023e-1,,,1.617e-9,,,7.385e-3,,5.167e-19,,7.904e-19,,6.498e-1,,1.432e-17,,5.934e-19,1.713e-16
487.8,2.846e+2,1.228e-20,5.198e-27,1.375e-43,1.334e-19,,,8.723e-19,4.211e-22,,3.052e-15,3.260e-18,6.345e-22,1.005e-17,1.523e-19,1.848e-31,6.081e-21,2.649e-25,,2.555e+0,6.555e-20,1.147e-22,1.573e+1,1.528e+1,5.433e-8,2.024e-1,,1.185e-18,9.047e-22,3.737e+1,2.899e-17,6.666e-29,1.113e-19,1.040e-22,1.073e-1,1.890e+2,3.039e+0,5.324e-4,3.452e-19,1.331e+1,6.051e+0,1.094e+0,1.233e-1,,,2.329e-9,,,8.695e-3,,5.166e-19,,7.903e-19,,6.650e-1,,1.432e-17,,5.956e-19,1.713e-16
487.83,3.091e+2,1.230e-20,5.164e-27,1.374e-43,1.335e-19,,,8.731e-19,4.215e-22,,3.052e-15,3.256e-18,1.177e-21,1.005e-17,1.526e-19,1.846e-31,6.080e-21,2.646e-25,,2.552e+0,6.558e-20,1.516e-22,1.796e+1,1.383e+1,4.915e-8,1.905e-1,,1.184e-18,9.052e-22,3.212e+1,5.916e-17,6.667e-29,1.113e-19,1.040e-22,1.316e-1,2.160e+2,3.094e+0,3.512e-4,3.457e-19,1.478e+1,6.250e+0,1.254e+0,1.622e-1,,,4.002e-9,,,1.104e-2,,5.165e-19,,7.903e-19,,6.878e-1,,1.431e-17,,5.990e-19,1.714e-16
487.85,3.271e+2,1.231e-20,5.141e-27,1.373e-43,1.336e-19,,,8.736e-19,4.218e-22,,3.051e-15,3.253e-18,1.771e-21,1.005e-17,1.527e-19,1.844e-31,6.079e-21,2.644e-25,,2.540e+0,6.559e-20,1.819e-22,1.962e+1,1.288e+1,4.579e-8,1.857e-1,,1.183e-18,9.055e-22,2.896e+1,9.482e-17,6.667e-29,1.113e-19,1.040e-22,1.501e-1,2.352e+2,3.120e+0,2.656e-4,3.461e-19,1.579e+1,6.366e+0,1.367e+0,1.941e-1,,,5.718e-9,,,1.290e-2,,5.165e-19,,7.902e-19,,7.027e-1,,1.431e-17,,6.012e-19,1.714e-16
487.88,3.566e+2,1.234e-20,5.107e-27,1.372e-43,1.337e-19,,,8.745e-19,4.222e-22,,3.051e-15,3.249e-18,3.248e-21,1.005e-17,1.530e-19,1.842e-31,6.078e-21,2.642e-25,,2.506e+0,6.562e-20,2.377e-22,2.238e+1,1.151e+1,4.092e-8,1.831e-1,,1.182e-18,9.060e-22,2.473e+1,1.912e-16,6.668e-29,1.113e-19,1.040e-22,1.818e-1,2.656e+2,3.142e+0,1.750e-4,3.466e-19,1.732e+1,6.515e+0,1.547e+0,2.525e-1,,,9.708e-9,,,1.618e-2,,5.164e-19,,7.901e-19,,7.245e-1,,1.430e-17,,6.046e-19,1.714e-16
487.9,3.778e+2,1.235e-20,5.084e-27,1.372e-43,1.338e-19,,,8.750e-19,4.225e-22,,3.051e-15,3.246e-18,4.847e-21,1.005e-17,1.532e-19,1.840e-31,6.077e-21,2.640e-25,,2.474e+0,6.563e-20,2.830e-22,2.440e+1,1.064e+1,3.782e-8,1.845e-1,,1.181e-18,9.063e-22,2.224e+1,3.041e-16,6.668e-29,1.113e-19,1.747e-22,2.058e-1,2.869e+2,3.146e+0,1.333e-4,3.470e-19,1.835e+1,6.596e+0,1.674e+0,2.997e-1,,,1.376e-8,,,1.875e-2,,5.163e-19,,7.901e-19,,7.384e-1,,1.430e-17,,6.068e-19,1.714e-16
487.93,4.117e+2,1.237e-20,5.049e-27,1.371e-43,1.339e-19,,,8.758e-19,4.230e-22,,3.050e-15,3.242e-18,8.784e-21,1.005e-17,1.534e-19,1.838e-31,6.076e-21,2.638e-25,,2.413e+0,6.566e-20,3.654e-22,2.771e+1,9.393e+0,3.339e-8,1.914e-1,,1.180e-18,9.067e-22,1.899e+1,6.061e-16,6.669e-29,1.114e-19,3.780e-22,2.463e-1,3.200e+2,3.134e+0,9.098e-5,3.476e-19,1.990e+1,6.693e+0,1.872e+0,3.855e-1,,,2.308e-8,,,2.325e-2,,5.163e-19,,7.900e-19,,7.581e-1,,1.429e-17,,6.102e-19,1.715e-16
487.95,4.356e+2,1.239e-20,5.026e-27,1.370e-43,1.340e-19,,,8.763e-19,4.233e-22,,3.050e-15,3.239e-18,1.300e-20,1.005e-17,1.536e-19,1.837e-31,6.075e-21,2.636e-25,,2.363e+0,6.567e-20,4.315e-22,3.010e+1,8.611e+0,3.061e-8,1.991e-1,,1.180e-18,9.070e-22,1.713e+1,9.560e-16,6.669e-29,1.114e-19,6.300e-22,2.766e-1,3.429e+2,3.116e+0,7.319e-5,3.479e-19,2.091e+1,6.740e+0,2.009e+0,4.541e-1,,,3.246e-8,,,2.673e-2,,5.162e-19,,7.900e-19,,7.703e-1,,1.429e-17,,6.124e-19,1.715e-16
487.98,4.729e+2,1.241e-20,4.992e-27,1.369e-43,1.341e-19,,,8.771e-19,4.237e-22,,3.050e-15,3.235e-18,2.329e-20,1.005e-17,1.538e-19,1.834e-31,6.074e-21,2.634e-25,,2.276e+0,6.570e-20,5.505e-22,3.395e+1,7.512e+0,2.671e-8,2.155e-1,,1.179e-18,9.075e-22,1.479e+1,1.883e-15,6.670e-29,1.114e-19,1.347e-21,3.273e-1,3.780e+2,3.074e+0,5.864e-5,3.485e-19,2.240e+1,6.787e+0,2.220e+0,5.774e-1,,,5.380e-8,,,3.274e-2,,5.161e-19,,7.899e-19,,7.871e-1,,1.429e-17,,6.158e-19,1.715e-16
488,4.987e+2,1.242e-20,4.969e-27,1.369e-43,1.342e-19,,,8.777e-19,4.240e-22,,3.049e-15,3.232e-18,3.420e-20,1.005e-17,1.540e-19,1.833e-31,6.074e-21,2.632e-25,,2.211e+0,6.571e-20,6.450e-22,3.669e+1,6.831e+0,2.429e-8,2.296e-1,,1.178e-18,9.078e-22,1.352e+1,2.947e-15,6.670e-29,1.114e-19,2.227e-21,3.646e-1,4.018e+2,3.036e+0,5.596e-5,3.488e-19,2.335e+1,6.803e+0,2.363e+0,6.751e-1,,,7.505e-8,,,3.733e-2,,5.161e-19,,7.898e-19,,7.971e-1,,1.428e-17,,6.180e-19,1.715e-16
488.02,5.249e+2,1.244e-20,4.946e-27,1.368e-43,1.343e-19,,,8.782e-19,4.243e-22,,3.049e-15,3.229e-18,5.007e-20,1.005e-17,1.542e-19,1.831e-31,6.073e-21,2.630e-25,,2.141e+0,6.573e-20,7.533e-22,3.956e+1,6.192e+0,2.201e-8,2.462e-1,,1.177e-18,9.081e-22,1.248e+1,4.597e-15,6.671e-29,1.114e-19,3.670e-21,4.050e-1,4.256e+2,2.992e+0,5.863e-5,3.492e-19,2.427e+1,6.807e+0,2.508e+0,7.869e-1,,,1.044e-7,,,4.244e-2,,5.160e-19,,7.898e-19,,8.061e-1,,1.428e-17,,6.203e-19,1.716e-16
488.05,5.647e+2,1.246e-20,4.912e-27,1.367e-43,1.344e-19,,,8.790e-19,4.247e-22,,3.049e-15,3.225e-18,8.818e-20,1.005e-17,1.544e-19,1.829e-31,6.072e-21,2.628e-25,,2.028e+0,6.575e-20,9.452e-22,4.409e+1,5.311e+0,1.888e-8,2.758e-1,,1.176e-18,9.086e-22,1.135e+1,8.904e-15,6.671e-29,1.114e-19,7.719e-21,4.714e-1,4.614e+2,2.913e+0,7.335e-5,3.498e-19,2.556e+1,6.793e+0,2.725e+0,9.846e-1,,,1.701e-7,,,5.112e-2,,5.159e-19,,7.897e-19,,8.175e-1,,1.427e-17,,6.236e-19,1.716e-16
488.07,5.914e+2,1.248e-20,4.889e-27,1.367e-43,1.345e-19,,,8.795e-19,4.250e-22,,3.048e-15,3.222e-18,1.281e-19,1.005e-17,1.546e-19,1.827e-31,6.071e-21,2.626e-25,,1.948e+0,6.577e-20,1.095e-21,4.724e+1,4.776e+0,1.698e-8,2.986e-1,,1.176e-18,9.089e-22,1.086e+1,1.378e-14,6.671e-29,1.115e-19,1.262e-20,5.196e-1,4.849e+2,2.855e+0,9.156e-5,3.501e-19,2.635e+1,6.771e+0,2.868e+0,1.139e+0,,,2.347e-7,,,5.764e-2,,5.159e-19,,7.897e-19,,8.238e-1,,1.427e-17,,6.259e-19,1.716e-16
488.1,6.311e+2,1.250e-20,4.854e-27,1.366e-43,1.346e-19,,,8.803e-19,4.255e-22,,3.048e-15,3.218e-18,2.229e-19,1.005e-17,1.549e-19,1.825e-31,6.070e-21,2.624e-25,,1.823e+0,6.579e-20,1.357e-21,5.213e+1,4.047e+0,1.439e-8,3.374e-1,,1.175e-18,9.094e-22,1.056e+1,2.637e-14,6.672e-29,1.115e-19,2.623e-20,5.979e-1,5.193e+2,2.759e+0,1.353e-4,3.507e-19,2.742e+1,6.724e+0,3.080e+0,1.409e+0,,,3.781e-7,,,6.861e-2,,5.158e-19,,7.896e-19,,8.309e-1,,1.426e-17,,6.292e-19,1.717e-16
488.12,6.571e+2,1.251e-20,4.831e-27,1.365e-43,1.347e-19,,,8.809e-19,4.258e-22,,3.048e-15,3.215e-18,3.212e-19,1.005e-17,1.550e-19,1.824e-31,6.069e-21,2.622e-25,,1.737e+0,6.581e-20,1.560e-21,5.547e+1,3.610e+0,1.283e-8,3.663e-1,,1.174e-18,9.097e-22,1.063e+1,4.050e-14,6.672e-29,1.115e-19,4.255e-20,6.540e-1,5.414e+2,2.691e+0,1.789e-4,3.510e-19,2.804e+1,6.683e+0,3.216e+0,1.618e+0,,,5.174e-7,,,7.674e-2,,5.157e-19,,7.895e-19,,8.341e-1,,1.426e-17,,6.314e-19,1.717e-16
488.15,6.948e+2,1.253e-20,4.797e-27,1.364e-43,1.348e-19,,,8.817e-19,4.262e-22,,3.047e-15,3.211e-18,5.523e-19,1.005e-17,1.553e-19,1.821e-31,6.068e-21,2.620e-25,,1.606e+0,6.583e-20,1.911e-21,6.056e+1,3.023e+0,1.075e-8,4.138e-1,,1.173e-18,9.101e-22,1.116e+1,7.659e-14,6.673e-29,1.115e-19,8.738e-20,7.440e-1,5.729e+2,2.584e+0,2.748e-4,3.516e-19,2.883e+1,6.611e+0,3.411e+0,1.978e+0,,,8.235e-7,,,9.025e-2,,5.157e-19,,7.895e-19,,8.365e-1,,1.425e-17,,6.348e-19,1.717e-16
488.17,7.188e+2,1.255e-20,4.774e-27,1.364e-43,1.349e-19,,,8.822e-19,4.265e-22,,3.047e-15,3.208e-18,7.895e-19,1.005e-17,1.555e-19,1.820e-31,6.068e-21,2.618e-25,,1.518e+0,6.584e-20,2.179e-21,6.398e+1,2.675e+0,9.508e-9,4.482e-1,,1.172e-18,9.105e-22,1.181e+1,1.167e-13,6.673e-29,1.115e-19,1.406e-19,8.077e-1,5.926e+2,2.511e+0,3.663e-4,3.520e-19,2.924e+1,6.557e+0,3.534e+0,2.254e+0,,,1.118e-6,,,1.002e-1,,5.156e-19,,7.894e-19,,8.366e-1,,1.425e-17,,6.370e-19,1.717e-16
488.2,7.528e+2,1.257e-20,4.740e-27,1.363e-43,1.350e-19,,,8.830e-19,4.269e-22,,3.046e-15,3.204e-18,1.342e-18,1.005e-17,1.557e-19,1.818e-31,6.067e-21,2.616e-25,,1.387e+0,6.587e-20,2.637e-21,6.908e+1,2.213e+0,7.866e-9,5.036e-1,,1.171e-18,9.109e-22,1.324e+1,2.180e-13,6.674e-29,1.115e-19,2.854e-19,9.086e-1,6.195e+2,2.401e+0,5.622e-4,3.525e-19,2.971e+1,6.469e+0,3.704e+0,2.725e+0,,,1.758e-6,,,1.164e-1,,5.155e-19,,7.893e-19,,8.344e-1,,1.425e-17,,6.404e-19,1.718e-16
488.22,7.738e+2,1.259e-20,4.717e-27,1.362e-43,1.351e-19,,,8.836e-19,4.272e-22,,3.046e-15,3.201e-18,1.903e-18,1.005e-17,1.559e-19,1.816e-31,6.066e-21,2.614e-25,,1.301e+0,6.588e-20,2.983e-21,7.243e+1,1.942e+0,6.904e-9,5.428e-1,,1.171e-18,9.112e-22,1.452e+1,3.295e-13,6.674e-29,1.116e-19,4.556e-19,9.792e-1,6.356e+2,2.328e+0,7.459e-4,3.529e-19,2.990e+1,6.408e+0,3.806e+0,3.081e+0,,,2.369e-6,,,1.281e-1,,5.155e-19,,7.893e-19,,8.313e-1,,1.424e-17,,6.426e-19,1.718e-16
488.25,8.025e+2,1.261e-20,4.682e-27,1.361e-43,1.352e-19,,,8.844e-19,4.277e-22,,3.046e-15,3.197e-18,3.195e-18,1.005e-17,1.562e-19,1.814e-31,6.065e-21,2.611e-25,,1.174e+0,6.591e-20,3.567e-21,7.733e+1,1.587e+0,5.643e-9,6.046e-1,,1.170e-18,9.117e-22,1.694e+1,6.085e-13,6.675e-29,1.116e-19,9.136e-19,1.089e+0,6.566e+2,2.221e+0,1.134e-3,3.534e-19,3.001e+1,6.312e+0,3.942e+0,3.683e+0,,,3.681e-6,,,1.471e-1,,5.154e-19,,7.892e-19,,8.243e-1,,1.424e-17,,6.460e-19,1.718e-16
488.27,8.195e+2,1.262e-20,4.659e-27,1.361e-43,1.353e-19,,,8.849e-19,4.280e-22,,3.045e-15,3.194e-18,4.495e-18,1.005e-17,1.563e-19,1.812e-31,6.064e-21,2.610e-25,,1.092e+0,6.592e-20,4.003e-21,8.047e+1,1.382e+0,4.913e-9,6.476e-1,,1.169e-18,9.120e-22,1.892e+1,9.124e-13,6.675e-29,1.116e-19,1.447e-18,1.166e+0,6.683e+2,2.152e+0,1.494e-3,3.538e-19,2.996e+1,6.247e+0,4.018e+0,4.133e+0,,,4.919e-6,,,1.606e-1,,5.153e-19,,7.891e-19,,8.181e-1,,1.423e-17,,6.482e-19,1.718e-16
488.3,8.415e+2,1.264e-20,4.625e-27,1.360e-43,1.354e-19,,,8.857e-19,4.284e-22,,3.045e-15,3.190e-18,7.457e-18,1.005e-17,1.566e-19,1.810e-31,6.063e-21,2.607e-25,,9.738e-1,6.595e-20,4.730e-21,8.492e+1,1.116e+0,3.967e-9,7.140e-1,,1.168e-18,9.125e-22,2.247e+1,1.665e-12,6.676e-29,1.116e-19,2.868e-18,1.283e+0,6.821e+2,2.054e+0,2.245e-3,3.544e-19,2.971e+1,6.148e+0,4.112e+0,4.885e+0,,,7.553e-6,,,1.822e-1,,5.153e-19,,7.891e-19,,8.065e-1,,1.423e-17,,6.516e-19,1.719e-16
488.32,8.537e+2,1.266e-20,4.602e-27,1.359e-43,1.355e-19,,,8.862e-19,4.287e-22,,3.045e-15,3.187e-18,1.041e-17,1.005e-17,1.568e-19,1.808e-31,6.062e-21,2.606e-25,,8.986e-1,6.596e-20,5.265e-21,8.769e+1,9.638e-1,3.426e-9,7.593e-1,,1.167e-18,9.128e-22,2.524e+1,2.477e-12,6.676e-29,1.116e-19,4.507e-18,1.364e+0,6.887e+2,1.993e+0,2.934e-3,3.547e-19,2.942e+1,6.081e+0,4.158e+0,5.440e+0,,,1.001e-5,,,1.974e-1,,5.152e-19,,7.890e-19,,7.973e-1,,1.422e-17,,6.538e-19,1.719e-16
488.35,8.682e+2,1.268e-20,4.568e-27,1.358e-43,1.356e-19,,,8.870e-19,4.292e-22,,3.044e-15,3.183e-18,1.707e-17,1.005e-17,1.570e-19,1.806e-31,6.061e-21,2.603e-25,,7.918e-1,6.599e-20,6.147e-21,9.147e+1,7.689e-1,2.734e-9,8.281e-1,,1.166e-18,9.132e-22,3.006e+1,4.466e-12,6.677e-29,1.116e-19,8.825e-18,1.486e+0,6.946e+2,1.907e+0,4.357e-3,3.553e-19,2.883e+1,5.982e+0,4.204e+0,6.356e+0,,,1.519e-5,,,2.213e-1,,5.151e-19,,7.889e-19,,7.814e-1,,1.422e-17,,6.572e-19,1.719e-16
488.37,8.753e+2,1.270e-20,4.545e-27,1.358e-43,1.357e-19,,,8.876e-19,4.295e-22,,3.044e-15,3.181e-18,2.363e-17,1.005e-17,1.572e-19,1.805e-31,6.061e-21,2.602e-25,,7.247e-1,6.600e-20,6.789e-21,9.371e+1,6.588e-1,2.342e-9,8.740e-1,,1.166e-18,9.136e-22,3.374e+1,6.590e-12,6.677e-29,1.117e-19,1.376e-17,1.568e+0,6.957e+2,1.855e+0,5.649e-3,3.556e-19,2.832e+1,5.915e+0,4.219e+0,7.024e+0,,,1.998e-5,,,2.378e-1,,5.151e-19,,7.889e-19,,7.695e-1,,1.421e-17,,6.594e-19,1.720e-16
488.39,8.802e+2,1.271e-20,4.522e-27,1.357e-43,1.357e-19,,,8.881e-19,4.297e-22,,3.044e-15,3.178e-18,3.263e-17,1.005e-17,1.574e-19,1.803e-31,6.060e-21,2.600e-25,,6.613e-1,6.602e-20,7.473e-21,9.571e+1,5.626e-1,2.000e-9,9.196e-1,,1.165e-18,9.139e-22,3.781e+1,9.694e-12,6.677e-29,1.117e-19,2.138e-17,1.651e+0,6.946e+2,1.807e+0,7.302e-3,3.560e-19,2.774e+1,5.848e+0,4.219e+0,7.740e+0,,,2.620e-5,,,2.547e-1,,5.150e-19,,7.888e-19,,7.564e-1,,1.421e-17,,6.617e-19,1.720e-16
488.42,8.837e+2,1.273e-20,4.487e-27,1.356e-43,1.359e-19,,,8.889e-19,4.302e-22,,3.043e-15,3.174e-18,5.260e-17,1.005e-17,1.576e-19,1.801e-31,6.059e-21,2.597e-25,,5.729e-1,6.604e-20,8.580e-21,9.820e+1,4.413e-1,1.569e-9,9.868e-1,,1.164e-18,9.143e-22,4.468e+1,1.719e-11,6.678e-29,1.117e-19,4.118e-17,1.775e+0,6.887e+2,1.742e+0,1.066e-2,3.566e-19,2.672e+1,5.746e+0,4.196e+0,8.901e+0,,,3.909e-5,,,2.808e-1,,5.149e-19,,7.888e-19,,7.350e-1,,1.421e-17,,6.650e-19,1.720e-16
488.44,8.835e+2,1.275e-20,4.464e-27,1.355e-43,1.359e-19,,,8.894e-19,4.305e-22,,3.043e-15,3.171e-18,7.204e-17,1.005e-17,1.578e-19,1.799e-31,6.058e-21,2.596e-25,,5.185e-1,6.606e-20,9.371e-21,9.951e+1,3.739e-1,1.329e-9,1.030e+0,,1.163e-18,9.146e-22,4.979e+1,2.509e-11,6.678e-29,1.117e-19,6.349e-17,1.857e+0,6.822e+2,1.704e+0,1.367e-2,3.569e-19,2.596e+1,5.676e+0,4.163e+0,9.733e+0,,,5.084e-5,,,2.984e-1,,5.149e-19,,7.887e-19,,7.196e-1,,1.420e-17,,6.672e-19,1.720e-16
488.47,8.795e+2,1.277e-20,4.430e-27,1.355e-43,1.361e-19,,,8.902e-19,4.309e-22,,3.042e-15,3.167e-18,1.148e-16,1.005e-17,1.581e-19,1.797e-31,6.057e-21,2.593e-25,,4.438e-1,6.608e-20,1.063e-20,1.009e+2,2.898e-1,1.030e-9,1.092e+0,,1.162e-18,9.151e-22,5.828e+1,4.397e-11,6.679e-29,1.117e-19,1.208e-16,1.980e+0,6.684e+2,1.654e+0,1.974e-2,3.575e-19,2.471e+1,5.569e+0,4.091e+0,1.107e+1,,,7.496e-5,,,3.249e-1,,5.148e-19,,7.886e-19,,6.949e-1,,1.420e-17,,6.706e-19,1.721e-16
488.49,8.745e+2,1.278e-20,4.407e-27,1.354e-43,1.361e-19,,,8.908e-19,4.312e-22,,3.042e-15,3.164e-18,1.559e-16,1.005e-17,1.582e-19,1.795e-31,6.056e-21,2.592e-25,,3.985e-1,6.610e-20,1.152e-20,1.014e+2,2.435e-1,8.656e-10,1.131e+0,,1.162e-18,9.154e-22,6.451e+1,6.366e-11,6.679e-29,1.117e-19,1.848e-16,2.060e+0,6.567e+2,1.625e+0,2.511e-2,3.578e-19,2.381e+1,5.494e+0,4.028e+0,1.201e+1,,,9.672e-5,,,3.426e-1,,5.148e-19,,7.886e-19,,6.774e-1,,1.419e-17,,6.728e-19,1.721e-16
488.52,8.638e+2,1.281e-20,4.373e-27,1.353e-43,1.363e-19,,,8.916e-19,4.317e-22,,3.042e-15,3.160e-18,2.455e-16,1.004e-17,1.585e-19,1.793e-31,6.055e-21,2.589e-25,,3.370e-1,6.612e-20,1.291e-20,1.017e+2,1.864e-1,6.628e-10,1.186e+0,,1.161e-18,9.159e-22,7.471e+1,1.102e-10,6.680e-29,1.118e-19,3.476e-16,2.178e+0,6.357e+2,1.587e+0,3.580e-2,3.584e-19,2.240e+1,5.377e+0,3.913e+0,1.350e+1,,,1.409e-4,,,3.686e-1,,5.147e-19,,7.885e-19,,6.498e-1,,1.419e-17,,6.762e-19,1.721e-16
488.54,8.547e+2,1.282e-20,4.350e-27,1.352e-43,1.363e-19,,,8.921e-19,4.320e-22,,3.041e-15,3.157e-18,3.309e-16,1.004e-17,1.587e-19,1.792e-31,6.055e-21,2.588e-25,,3.002e-1,6.614e-20,1.388e-20,1.014e+2,1.554e-1,5.525e-10,1.218e+0,,1.160e-18,9.162e-22,8.208e+1,1.583e-10,6.680e-29,1.118e-19,5.275e-16,2.254e+0,6.196e+2,1.565e+0,4.518e-2,3.588e-19,2.141e+1,5.294e+0,3.823e+0,1.454e+1,,,1.804e-4,,,3.855e-1,,5.146e-19,,7.885e-19,,6.307e-1,,1.418e-17,,6.784e-19,1.722e-16
488.57,8.386e+2,1.284e-20,4.315e-27,1.352e-43,1.365e-19,,,8.929e-19,4.324e-22,,3.041e-15,3.153e-18,5.148e-16,1.004e-17,1.589e-19,1.789e-31,6.054e-21,2.585e-25,,2.508e-1,6.616e-20,1.537e-20,1.004e+2,1.176e-1,4.180e-10,1.261e+0,,1.159e-18,9.167e-22,9.398e+1,2.710e-10,6.681e-29,1.118e-19,9.803e-16,2.367e+0,5.927e+2,1.537e+0,6.367e-2,3.593e-19,1.990e+1,5.163e+0,3.672e+0,1.616e+1,,,2.597e-4,,,4.099e-1,,5.145e-19,,7.884e-19,,6.010e-1,,1.418e-17,,6.818e-19,1.722e-16
488.59,8.264e+2,1.286e-20,4.292e-27,1.351e-43,1.365e-19,,,8.935e-19,4.327e-22,,3.041e-15,3.150e-18,6.884e-16,1.004e-17,1.591e-19,1.788e-31,6.053e-21,2.583e-25,,2.216e-1,6.617e-20,1.639e-20,9.938e+1,9.723e-2,3.457e-10,1.286e+0,,1.158e-18,9.170e-22,1.025e+2,3.861e-10,6.681e-29,1.118e-19,1.476e-15,2.439e+0,5.731e+2,1.520e+0,7.971e-2,3.597e-19,1.887e+1,5.069e+0,3.561e+0,1.727e+1,,,3.298e-4,,,4.252e-1,,5.145e-19,,7.883e-19,,5.807e-1,,1.417e-17,,6.840e-19,1.722e-16
488.62,8.062e+2,1.288e-20,4.258e-27,1.350e-43,1.367e-19,,,8.943e-19,4.331e-22,,3.040e-15,3.146e-18,1.058e-15,1.004e-17,1.593e-19,1.785e-31,6.052e-21,2.581e-25,,1.829e-1,6.620e-20,1.795e-20,9.727e+1,7.267e-2,2.584e-10,1.315e+0,,1.158e-18,9.174e-22,1.160e+2,6.529e-10,6.682e-29,1.118e-19,2.710e-15,2.545e+0,5.417e+2,1.497e+0,1.110e-1,3.602e-19,1.732e+1,4.919e+0,3.383e+0,1.898e+1,,,4.691e-4,,,4.467e-1,,5.144e-19,,7.883e-19,,5.496e-1,,1.417e-17,,6.874e-19,1.722e-16
488.64,7.918e+2,1.289e-20,4.235e-27,1.349e-43,1.367e-19,,,8.948e-19,4.334e-22,,3.040e-15,3.143e-18,1.404e-15,1.004e-17,1.595e-19,1.784e-31,6.051e-21,2.579e-25,,1.603e-1,6.621e-20,1.899e-20,9.551e+1,5.961e-2,2.119e-10,1.330e+0,,1.157e-18,9.177e-22,1.254e+2,9.231e-10,6.682e-29,1.119e-19,4.048e-15,2.614e+0,5.196e+2,1.482e+0,1.378e-1,3.606e-19,1.630e+1,4.813e+0,3.258e+0,2.013e+1,,,5.910e-4,,,4.598e-1,,5.143e-19,,7.882e-19,,5.285e-1,,1.417e-17,,6.896e-19,1.723e-16
488.67,7.692e+2,1.292e-20,4.201e-27,1.349e-43,1.369e-19,,,8.956e-19,4.339e-22,,3.040e-15,3.139e-18,2.133e-15,1.004e-17,1.598e-19,1.782e-31,6.050e-21,2.577e-25,,1.308e-1,6.624e-20,2.055e-20,9.238e+1,4.402e-2,1.565e-10,1.345e+0,,1.156e-18,9.182e-22,1.403e+2,1.542e-9,6.683e-29,1.119e-19,7.347e-15,2.715e+0,4.853e+2,1.461e+0,1.897e-1,3.612e-19,1.478e+1,4.643e+0,3.064e+0,2.187e+1,,,8.307e-4,,,4.772e-1,,5.143e-19,,7.881e-19,,4.966e-1,,1.416e-17,,6.930e-19,1.723e-16
488.69,7.536e+2,1.293e-20,4.178e-27,1.348e-43,1.369e-19,,,8.961e-19,4.342e-22,,3.039e-15,3.136e-18,2.807e-15,1.004e-17,1.599e-19,1.780e-31,6.049e-21,2.575e-25,,1.137e-1,6.625e-20,2.157e-20,8.999e+1,3.582e-2,1.274e-10,1.349e+0,,1.155e-18,9.185e-22,1.506e+2,2.163e-9,6.683e-29,1.119e-19,1.089e-14,2.781e+0,4.619e+2,1.446e+0,2.337e-1,3.615e-19,1.380e+1,4.522e+0,2.932e+0,2.302e+1,,,1.038e-3,,,4.872e-1,,5.142e-19,,7.881e-19,,4.753e-1,,1.416e-17,,6.952e-19,1.723e-16
488.72,7.300e+2,1.295e-20,4.143e-27,1.347e-43,1.371e-19,,,8.969e-19,4.346e-22,,3.039e-15,3.132e-18,4.213e-15,1.004e-17,1.602e-19,1.778e-31,6.048e-21,2.573e-25,,9.163e-2,6.628e-20,2.307e-20,8.603e+1,2.614e-2,9.291e-11,1.347e+0,,1.154e-18,9.190e-22,1.665e+2,3.572e-9,6.684e-29,1.119e-19,1.952e-14,2.877e+0,4.263e+2,1.423e+0,3.177e-1,3.621e-19,1.237e+1,4.331e+0,2.733e+0,2.472e+1,,,1.442e-3,,,4.997e-1,,5.141e-19,,7.880e-19,,4.434e-1,,1.415e-17,,6.986e-19,1.724e-16
488.74,7.142e+2,1.297e-20,4.120e-27,1.346e-43,1.371e-19,,,8.975e-19,4.349e-22,,3.039e-15,3.129e-18,5.501e-15,1.004e-17,1.604e-19,1.776e-31,6.048e-21,2.571e-25,,7.903e-2,6.629e-20,2.403e-20,8.315e+1,2.110e-2,7.500e-11,1.341e+0,,1.154e-18,9.193e-22,1.772e+2,4.970e-9,6.684e-29,1.119e-19,2.870e-14,2.941e+0,4.026e+2,1.405e+0,3.884e-1,3.624e-19,1.145e+1,4.198e+0,2.601e+0,2.583e+1,,,1.788e-3,,,5.061e-1,,5.141e-19,,7.880e-19,,4.223e-1,,1.415e-17,,7.008e-19,1.724e-16
488.76,6.985e+2,1.298e-20,4.097e-27,1.346e-43,1.372e-19,,,8.980e-19,4.352e-22,,3.038e-15,3.126e-18,7.160e-15,1.004e-17,1.605e-19,1.775e-31,6.047e-21,2.569e-25,,6.795e-2,6.631e-20,2.495e-20,8.012e+1,1.697e-2,6.034e-11,1.330e+0,,1.153e-18,9.196e-22,1.881e+2,6.894e-9,6.684e-29,1.119e-19,4.206e-14,3.004e+0,3.790e+2,1.387e+0,4.732e-1,3.628e-19,1.057e+1,4.059e+0,2.472e+0,2.691e+1,,,2.210e-3,,,5.110e-1,,5.140e-19,,7.879e-19,,4.015e-1,,1.414e-17,,7.031e-19,1.724e-16
488.79,6.754e+2,1.300e-20,4.063e-27,1.345e-43,1.373e-19,,,8.988e-19,4.356e-22,,3.038e-15,3.122e-18,1.057e-14,1.004e-17,1.608e-19,1.773e-31,6.046e-21,2.567e-25,,5.384e-2,6.633e-20,2.626e-20,7.534e+1,1.218e-2,4.329e-11,1.306e+0,,1.152e-18,9.201e-22,2.045e+2,1.120e-8,6.685e-29,1.120e-19,7.419e-14,3.099e+0,3.443e+2,1.356e+0,6.327e-1,3.634e-19,9.313e+0,3.844e+0,2.284e+0,2.844e+1,,,3.019e-3,,,5.153e-1,,5.139e-19,,7.878e-19,,3.706e-1,,1.414e-17,,7.064e-19,1.724e-16
488.81,6.604e+2,1.302e-20,4.040e-27,1.344e-43,1.374e-19,,,8.993e-19,4.359e-22,,3.038e-15,3.119e-18,1.365e-14,1.004e-17,1.610e-19,1.771e-31,6.045e-21,2.565e-25,,4.592e-2,6.635e-20,2.707e-20,7.204e+1,9.719e-3,3.455e-11,1.286e+0,,1.151e-18,9.204e-22,2.154e+2,1.541e-8,6.685e-29,1.120e-19,1.079e-13,3.163e+0,3.217e+2,1.333e+0,7.648e-1,3.637e-19,8.526e+0,3.695e+0,2.165e+0,2.940e+1,,,3.701e-3,,,5.161e-1,,5.139e-19,,7.878e-19,,3.506e-1,,1.413e-17,,7.086e-19,1.725e-16
488.84,6.387e+2,1.304e-20,4.006e-27,1.343e-43,1.375e-19,,,9.002e-19,4.364e-22,,3.037e-15,3.115e-18,1.991e-14,1.004e-17,1.612e-19,1.769e-31,6.044e-21,2.563e-25,,3.595e-2,6.637e-20,2.817e-20,6.695e+1,6.888e-3,2.449e-11,1.248e+0,,1.150e-18,9.209e-22,2.314e+2,2.472e-8,6.686e-29,1.120e-19,1.880e-13,3.259e+0,2.890e+2,1.295e+0,1.010e+0,3.643e-19,7.424e+0,3.467e+0,1.997e+0,3.072e+1,,,4.996e-3,,,5.143e-1,,5.138e-19,,7.877e-19,,3.212e-1,,1.413e-17,,7.120e-19,1.725e-16
488.86,6.249e+2,1.306e-20,3.983e-27,1.343e-43,1.376e-19,,,9.007e-19,4.367e-22,,3.037e-15,3.112e-18,2.550e-14,1.004e-17,1.614e-19,1.767e-31,6.043e-21,2.561e-25,,3.041e-2,6.639e-20,2.882e-20,6.352e+1,5.454e-3,1.939e-11,1.218e+0,,1.150e-18,9.212e-22,2.418e+2,3.375e-8,6.686e-29,1.120e-19,2.712e-13,3.325e+0,2.682e+2,1.267e+0,1.212e+0,3.646e-19,6.742e+0,3.312e+0,1.893e+0,3.152e+1,,,6.077e-3,,,5.110e-1,,5.138e-19,,7.877e-19,,3.022e-1,,1.413e-17,,7.142e-19,1.725e-16
488.89,6.051e+2,1.308e-20,3.948e-27,1.342e-43,1.377e-19,,,9.015e-19,4.371e-22,,3.036e-15,3.108e-18,3.676e-14,1.004e-17,1.617e-19,1.765e-31,6.042e-21,2.559e-25,,2.352e-2,6.641e-20,2.967e-20,5.835e+1,3.819e-3,1.358e-11,1.168e+0,,1.149e-18,9.216e-22,2.567e+2,5.352e-8,6.687e-29,1.120e-19,4.670e-13,3.425e+0,2.386e+2,1.221e+0,1.582e+0,3.652e-19,5.800e+0,3.077e+0,1.752e+0,3.256e+1,,,8.104e-3,,,5.031e-1,,5.137e-19,,7.876e-19,,2.748e-1,,1.412e-17,,7.176e-19,1.725e-16
488.91,5.926e+2,1.309e-20,3.925e-27,1.341e-43,1.378e-19,,,9.020e-19,4.374e-22,,3.036e-15,3.105e-18,4.672e-14,1.004e-17,1.618e-19,1.763e-31,6.042e-21,2.557e-25,,1.974e-2,6.643e-20,3.015e-20,5.493e+1,2.999e-3,1.066e-11,1.131e+0,,1.148e-18,9.219e-22,2.661e+2,7.248e-8,6.687e-29,1.120e-19,6.683e-13,3.493e+0,2.201e+2,1.187e+0,1.882e+0,3.656e-19,5.226e+0,2.920e+0,1.669e+0,3.315e+1,,,9.780e-3,,,4.959e-1,,5.136e-19,,7.875e-19,,2.573e-1,,1.412e-17,,7.198e-19,1.726e-16
488.94,5.749e+2,1.311e-20,3.891e-27,1.340e-43,1.379e-19,,,9.028e-19,4.378e-22,,3.036e-15,3.101e-18,6.654e-14,1.004e-17,1.621e-19,1.761e-31,6.041e-21,2.555e-25,,1.509e-2,6.645e-20,3.072e-20,4.988e+1,2.075e-3,7.377e-12,1.072e+0,,1.147e-18,9.224e-22,2.791e+2,1.136e-7,6.688e-29,1.121e-19,1.137e-12,3.598e+0,1.943e+2,1.134e+0,2.427e+0,3.661e-19,4.442e+0,2.685e+0,1.562e+0,3.386e+1,,,1.289e-2,,,4.824e-1,,5.135e-19,,7.875e-19,,2.321e-1,,1.411e-17,,7.232e-19,1.726e-16
488.96,5.638e+2,1.313e-20,3.868e-27,1.340e-43,1.380e-19,,,9.034e-19,4.381e-22,,3.035e-15,3.098e-18,8.390e-14,1.004e-17,1.623e-19,1.760e-31,6.040e-21,2.553e-25,,1.256e-2,6.647e-20,3.101e-20,4.660e+1,1.617e-3,5.747e-12,1.029e+0,,1.146e-18,9.227e-22,2.870e+2,1.526e-7,6.688e-29,1.121e-19,1.615e-12,3.670e+0,1.785e+2,1.097e+0,2.865e+0,3.665e-19,3.970e+0,2.530e+0,1.503e+0,3.422e+1,,,1.543e-2,,,4.717e-1,,5.135e-19,,7.874e-19,,2.161e-1,,1.411e-17,,7.254e-19,1.726e-16
488.99,5.481e+2,1.315e-20,3.834e-27,1.339e-43,1.381e-19,,,9.042e-19,4.386e-22,,3.035e-15,3.094e-18,1.181e-13,1.004e-17,1.625e-19,1.757e-31,6.039e-21,2.551e-25,,9.484e-3,6.649e-20,3.130e-20,4.183e+1,1.106e-3,3.928e-12,9.636e-1,,1.145e-18,9.232e-22,2.976e+2,2.363e-7,6.689e-29,1.121e-19,2.715e-12,3.780e+0,1.570e+2,1.038e+0,3.651e+0,3.670e-19,3.334e+0,2.302e+0,1.433e+0,3.455e+1,,,2.009e-2,,,4.534e-1,,5.134e-19,,7.873e-19,,1.934e-1,,1.410e-17,,7.288e-19,1.727e-16
489.01,5.383e+2,1.317e-20,3.811e-27,1.338e-43,1.382e-19,,,9.047e-19,4.389e-22,,3.035e-15,3.091e-18,1.477e-13,1.004e-17,1.627e-19,1.756e-31,6.038e-21,2.549e-25,,7.832e-3,6.650e-20,3.140e-20,3.878e+1,8.549e-4,3.036e-12,9.184e-1,,1.145e-18,9.235e-22,3.036e+2,3.150e-7,6.689e-29,1.121e-19,3.825e-12,3.855e+0,1.441e+2,9.975e-1,4.275e+0,3.674e-19,2.956e+0,2.154e+0,1.400e+0,3.465e+1,,,2.387e-2,,,4.398e-1,,5.134e-19,,7.873e-19,,1.792e-1,,1.410e-17,,7.310e-19,1.727e-16
489.04,5.245e+2,1.319e-20,3.776e-27,1.337e-43,1.383e-19,,,9.055e-19,4.393e-22,,3.034e-15,3.087e-18,2.054e-13,1.004e-17,1.630e-19,1.753e-31,6.037e-21,2.546e-25,,5.843e-3,6.653e-20,3.143e-20,3.441e+1,5.783e-4,2.050e-12,8.494e-1,,1.144e-18,9.240e-22,3.110e+2,4.820e-7,6.690e-29,1.121e-19,6.356e-12,3.969e+0,1.269e+2,9.353e-1,5.385e+0,3.679e-19,2.453e+0,1.938e+0,1.370e+0,3.459e+1,,,3.071e-2,,,4.176e-1,,5.133e-19,,7.872e-19,,1.591e-1,,1.409e-17,,7.344e-19,1.727e-16
489.06,5.158e+2,1.320e-20,3.753e-27,1.337e-43,1.384e-19,,,9.060e-19,4.396e-22,,3.034e-15,3.084e-18,2.549e-13,1.004e-17,1.631e-19,1.752e-31,6.036e-21,2.545e-25,,4.787e-3,6.654e-20,3.137e-20,3.166e+1,4.443e-4,1.572e-12,8.031e-1,,1.143e-18,9.243e-22,3.148e+2,6.374e-7,6.690e-29,1.121e-19,8.882e-12,4.046e+0,1.170e+2,8.932e-1,6.255e+0,3.683e-19,2.157e+0,1.800e+0,1.363e+0,3.443e+1,,,3.618e-2,,,4.019e-1,,5.132e-19,,7.872e-19,,1.465e-1,,1.409e-17,,7.366e-19,1.727e-16
489.09,5.037e+2,1.322e-20,3.719e-27,1.336e-43,1.385e-19,,,9.068e-19,4.401e-22,,3.034e-15,3.080e-18,3.503e-13,1.004e-17,1.634e-19,1.750e-31,6.035e-21,2.542e-25,,3.528e-3,6.657e-20,3.117e-20,2.778e+1,2.985e-4,1.049e-12,7.339e-1,,1.142e-18,9.247e-22,3.187e+2,9.637e-7,6.691e-29,1.122e-19,1.459e-11,4.162e+0,1.045e+2,8.301e-1,7.784e+0,3.689e-19,1.769e+0,1.601e+0,1.373e+0,3.398e+1,,,4.600e-2,,,3.771e-1,,5.131e-19,,7.871e-19,,1.290e-1,,1.408e-17,,7.400e-19,1.728e-16
489.11,4.962e+2,1.324e-20,3.696e-27,1.335e-43,1.386e-19,,,9.074e-19,4.404e-22,,3.033e-15,3.077e-18,4.313e-13,1.004e-17,1.636e-19,1.748e-31,6.035e-21,2.541e-25,,2.867e-3,6.658e-20,3.099e-20,2.537e+1,2.292e-4,7.976e-13,6.884e-1,,1.141e-18,9.250e-22,3.200e+2,1.265e-6,6.691e-29,1.122e-19,2.022e-11,4.239e+0,9.757e+1,7.885e-1,8.970e+0,3.692e-19,1.543e+0,1.476e+0,1.392e+0,3.357e+1,,,5.378e-2,,,3.600e-1,,5.131e-19,,7.870e-19,,1.182e-1,,1.408e-17,,7.422e-19,1.728e-16
489.13,4.890e+2,1.325e-20,3.673e-27,1.335e-43,1.387e-19,,,9.079e-19,4.406e-22,,3.033e-15,3.075e-18,5.293e-13,1.004e-17,1.637e-19,1.747e-31,6.034e-21,2.539e-25,,2.323e-3,6.660e-20,3.076e-20,2.309e+1,1.767e-4,6.046e-13,6.436e-1,,1.141e-18,9.253e-22,3.204e+2,1.654e-6,6.691e-29,1.122e-19,2.795e-11,4.315e+0,9.187e+1,7.474e-1,1.030e+1,3.696e-19,1.342e+0,1.356e+0,1.422e+0,3.305e+1,,,6.266e-2,,,3.426e-1,,5.130e-19,,7.870e-19,,1.081e-1,,1.408e-17,,7.444e-19,1.728e-16
489.16,4.791e+2,1.328e-20,3.639e-27,1.334e-43,1.388e-19,,,9.087e-19,4.411e-22,,3.033e-15,3.070e-18,7.154e-13,1.004e-17,1.640e-19,1.744e-31,6.033e-21,2.536e-25,,1.683e-3,6.662e-20,3.037e-20,1.995e+1,1.223e-4,3.967e-13,5.783e-1,,1.140e-18,9.258e-22,3.190e+2,2.459e-6,6.692e-29,1.122e-19,4.513e-11,4.429e+0,8.554e+1,6.877e-1,1.261e+1,3.702e-19,1.082e+0,1.188e+0,1.484e+0,3.211e+1,,,7.835e-2,,,3.161e-1,,5.130e-19,,7.869e-19,,9.404e-2,,1.407e-17,,7.478e-19,1.729e-16
489.18,4.730e+2,1.329e-20,3.616e-27,1.333e-43,1.389e-19,,,9.093e-19,4.414e-22,,3.032e-15,3.068e-18,8.710e-13,1.004e-17,1.642e-19,1.743e-31,6.032e-21,2.535e-25,,1.353e-3,6.664e-20,3.009e-20,1.802e+1,9.846e-5,2.983e-13,5.364e-1,,1.139e-18,9.261e-22,3.168e+2,3.191e-6,6.692e-29,1.122e-19,6.188e-11,4.503e+0,8.277e+1,6.496e-1,1.437e+1,3.705e-19,9.334e-1,1.083e+0,1.537e+0,3.139e+1,,,9.057e-2,,,2.984e-1,,5.129e-19,,7.869e-19,,8.548e-2,,1.407e-17,,7.500e-19,1.729e-16
489.21,4.648e+2,1.331e-20,3.581e-27,1.332e-43,1.390e-19,,,9.101e-19,4.418e-22,,3.032e-15,3.063e-18,1.163e-12,1.004e-17,1.644e-19,1.740e-31,6.031e-21,2.532e-25,,9.686e-4,6.666e-20,2.966e-20,1.539e+1,7.740e-5,1.934e-13,4.762e-1,,1.138e-18,9.266e-22,3.117e+2,4.689e-6,6.693e-29,1.122e-19,9.876e-11,4.612e+0,8.079e+1,5.955e-1,1.738e+1,3.711e-19,7.435e-1,9.372e-1,1.631e+0,3.016e+1,,,1.119e-1,,,2.720e-1,,5.128e-19,,7.868e-19,,7.376e-2,,1.406e-17,,7.534e-19,1.729e-16
489.23,4.600e+2,1.333e-20,3.558e-27,1.332e-43,1.391e-19,,,9.106e-19,4.421e-22,,3.032e-15,3.061e-18,1.405e-12,1.004e-17,1.646e-19,1.739e-31,6.030e-21,2.531e-25,,7.722e-4,6.668e-20,2.939e-20,1.381e+1,7.168e-5,1.443e-13,4.381e-1,,1.137e-18,9.269e-22,3.071e+2,6.037e-6,6.693e-29,1.123e-19,1.343e-10,4.681e+0,8.088e+1,5.620e-1,1.965e+1,3.714e-19,6.363e-1,8.479e-1,1.704e+0,2.926e+1,,,1.283e-1,,,2.547e-1,,5.128e-19,,7.867e-19,,6.666e-2,,1.406e-17,,7.556e-19,1.729e-16
489.26,4.538e+2,1.335e-20,3.524e-27,1.331e-43,1.392e-19,,,9.114e-19,4.426e-22,,3.031e-15,3.056e-18,1.854e-12,1.004e-17,1.648e-19,1.737e-31,6.029e-21,2.528e-25,,5.463e-4,6.670e-20,2.901e-20,1.166e+1,7.459e-5,9.259e-14,3.844e-1,,1.136e-18,9.274e-22,2.985e+2,8.766e-6,6.694e-29,1.123e-19,2.119e-10,4.782e+0,8.312e+1,5.159e-1,2.348e+1,3.720e-19,5.008e-1,7.254e-1,1.826e+0,2.780e+1,,,1.567e-1,,,2.295e-1,,5.127e-19,,7.866e-19,,5.702e-2,,1.405e-17,,7.590e-19,1.730e-16
489.28,4.504e+2,1.336e-20,3.501e-27,1.330e-43,1.393e-19,,,9.119e-19,4.429e-22,,3.031e-15,3.054e-18,2.222e-12,1.004e-17,1.650e-19,1.735e-31,6.029e-21,2.527e-25,,4.320e-4,6.672e-20,2.879e-20,1.039e+1,8.442e-5,6.868e-14,3.508e-1,,1.136e-18,9.277e-22,2.918e+2,1.120e-5,6.694e-29,1.123e-19,2.859e-10,4.846e+0,8.598e+1,4.885e-1,2.633e+1,3.724e-19,4.251e-1,6.512e-1,1.914e+0,2.677e+1,,,1.782e-1,,,2.132e-1,,5.126e-19,,7.866e-19,,5.123e-2,,1.405e-17,,7.612e-19,1.730e-16
489.31,4.467e+2,1.339e-20,3.467e-27,1.329e-43,1.394e-19,,,9.127e-19,4.433e-22,,3.030e-15,3.050e-18,2.897e-12,1.004e-17,1.653e-19,1.733e-31,6.028e-21,2.524e-25,,3.019e-4,6.674e-20,2.854e-20,8.679e+0,1.128e-4,4.381e-14,3.041e-1,,1.135e-18,9.281e-22,2.804e+2,1.607e-5,6.695e-29,1.123e-19,4.456e-10,4.938e+0,9.231e+1,4.526e-1,3.109e+1,3.729e-19,3.306e-1,5.506e-1,2.055e+0,2.517e+1,,,2.150e-1,,,1.897e-1,,5.125e-19,,7.865e-19,,4.343e-2,,1.404e-17,,7.646e-19,1.730e-16
489.33,4.452e+2,1.340e-20,3.444e-27,1.329e-43,1.395e-19,,,9.133e-19,4.436e-22,,3.030e-15,3.047e-18,3.445e-12,1.004e-17,1.654e-19,1.731e-31,6.027e-21,2.522e-25,,2.369e-4,6.676e-20,2.844e-20,7.672e+0,1.428e-4,3.255e-14,2.753e-1,,1.134e-18,9.285e-22,2.719e+2,2.036e-5,6.695e-29,1.123e-19,5.966e-10,4.996e+0,9.786e+1,4.325e-1,3.459e+1,3.733e-19,2.784e-1,4.904e-1,2.154e+0,2.407e+1,,,2.427e-1,,,1.749e-1,,5.125e-19,,7.865e-19,,3.879e-2,,1.404e-17,,7.668e-19,1.730e-16
489.36,4.445e+2,1.342e-20,3.409e-27,1.328e-43,1.396e-19,,,9.141e-19,4.440e-22,,3.030e-15,3.043e-18,4.439e-12,1.004e-17,1.657e-19,1.729e-31,6.026e-21,2.520e-25,,1.636e-4,6.678e-20,2.840e-20,6.342e+0,2.099e-4,2.117e-14,2.358e-1,,1.133e-18,9.289e-22,2.581e+2,2.887e-5,6.696e-29,1.124e-19,9.187e-10,5.078e+0,1.081e+2,4.085e-1,4.036e+1,3.738e-19,2.139e-1,4.097e-1,2.306e+0,2.239e+1,,,2.893e-1,,,1.538e-1,,5.124e-19,,7.864e-19,,3.259e-2,,1.403e-17,,7.702e-19,1.731e-16
489.38,4.452e+2,1.344e-20,3.386e-27,1.327e-43,1.397e-19,,,9.146e-19,4.443e-22,,3.029e-15,3.040e-18,5.235e-12,1.004e-17,1.659e-19,1.728e-31,6.025e-21,2.518e-25,,1.273e-4,6.680e-20,2.846e-20,5.567e+0,2.737e-4,1.630e-14,2.118e-1,,1.132e-18,9.292e-22,2.484e+2,3.629e-5,6.696e-29,1.124e-19,1.220e-9,5.131e+0,1.162e+2,3.968e-1,4.455e+1,3.742e-19,1.787e-1,3.621e-1,2.409e+0,2.127e+1,,,3.239e-1,,,1.406e-1,,5.124e-19,,7.863e-19,,2.893e-2,,1.403e-17,,7.724e-19,1.731e-16
489.41,4.481e+2,1.346e-20,3.352e-27,1.326e-43,1.398e-19,,,9.154e-19,4.448e-22,,3.029e-15,3.036e-18,6.666e-12,1.004e-17,1.661e-19,1.725e-31,6.024e-21,2.516e-25,,8.685e-5,6.682e-20,2.868e-20,4.554e+0,4.090e-4,1.193e-14,1.792e-1,,1.131e-18,9.297e-22,2.330e+2,5.085e-5,6.697e-29,1.124e-19,1.857e-9,5.205e+0,1.303e+2,3.861e-1,5.136e+1,3.747e-19,1.357e-1,2.989e-1,2.563e+0,1.960e+1,,,3.815e-1,,,1.222e-1,,5.123e-19,,7.863e-19,,2.409e-2,,1.402e-17,,7.758e-19,1.731e-16
489.43,4.513e+2,1.347e-20,3.329e-27,1.326e-43,1.399e-19,,,9.159e-19,4.451e-22,,3.029e-15,3.033e-18,7.799e-12,1.004e-17,1.663e-19,1.724e-31,6.023e-21,2.514e-25,,6.704e-5,6.683e-20,2.891e-20,3.969e+0,5.341e-4,1.058e-14,1.597e-1,,1.131e-18,9.300e-22,2.224e+2,6.343e-5,6.697e-29,1.124e-19,2.447e-9,5.253e+0,1.408e+2,3.837e-1,5.624e+1,3.751e-19,1.124e-1,2.621e-1,2.664e+0,1.850e+1,,,4.238e-1,,,1.108e-1,,5.122e-19,,7.862e-19,,2.126e-2,,1.402e-17,,7.780e-19,1.732e-16
489.46,4.582e+2,1.350e-20,3.295e-27,1.325e-43,1.400e-19,,,9.168e-19,4.455e-22,,3.028e-15,3.029e-18,9.813e-12,1.004e-17,1.666e-19,1.721e-31,6.022e-21,2.512e-25,,4.520e-5,6.686e-20,2.941e-20,3.213e+0,7.940e-4,1.057e-14,1.335e-1,,1.130e-18,9.305e-22,2.062e+2,8.783e-5,6.698e-29,1.124e-19,3.680e-9,5.322e+0,1.583e+2,3.872e-1,6.406e+1,3.757e-19,8.432e-2,2.138e-1,2.810e+0,1.690e+1,,,4.932e-1,,,9.511e-2,,5.121e-19,,7.861e-19,,1.754e-2,,1.402e-17,,7.814e-19,1.732e-16
489.48,4.642e+2,1.351e-20,3.272e-27,1.324e-43,1.401e-19,,,9.173e-19,4.458e-22,,3.028e-15,3.026e-18,1.139e-11,1.004e-17,1.667e-19,1.720e-31,6.022e-21,2.510e-25,,3.461e-5,6.687e-20,2.984e-20,2.781e+0,1.031e-3,1.187e-14,1.180e-1,,1.129e-18,9.308e-22,1.953e+2,1.087e-4,6.698e-29,1.124e-19,4.811e-9,5.367e+0,1.710e+2,3.946e-1,6.960e+1,3.760e-19,6.933e-2,1.860e-1,2.903e+0,1.587e+1,,,5.436e-1,,,8.557e-2,,5.121e-19,,7.861e-19,,1.539e-2,,1.401e-17,,7.836e-19,1.732e-16
489.5,4.714e+2,1.353e-20,3.249e-27,1.323e-43,1.401e-19,,,9.178e-19,4.461e-22,,3.028e-15,3.023e-18,1.318e-11,1.004e-17,1.669e-19,1.718e-31,6.021e-21,2.508e-25,,2.642e-5,6.689e-20,3.033e-20,2.400e+0,1.335e-3,1.432e-14,1.040e-1,,1.128e-18,9.311e-22,1.843e+2,1.341e-4,6.698e-29,1.124e-19,6.270e-9,5.412e+0,1.846e+2,4.059e-1,7.537e+1,3.764e-19,5.682e-2,1.613e-1,2.991e+0,1.488e+1,,,5.971e-1,,,7.674e-2,,5.120e-19,,7.860e-19,,1.348e-2,,1.401e-17,,7.858e-19,1.732e-16
489.53,4.841e+2,1.355e-20,3.214e-27,1.323e-43,1.403e-19,,,9.186e-19,4.465e-22,,3.027e-15,3.019e-18,1.631e-11,1.004e-17,1.672e-19,1.716e-31,6.020e-21,2.506e-25,,1.751e-5,6.691e-20,3.121e-20,1.915e+0,1.955e-3,2.061e-14,8.550e-2,,1.128e-18,9.316e-22,1.681e+2,1.826e-4,6.699e-29,1.125e-19,9.273e-9,5.479e+0,2.062e+2,4.305e-1,8.443e+1,3.769e-19,4.190e-2,1.294e-1,3.111e+0,1.346e+1,,,6.834e-1,,,6.479e-2,,5.120e-19,,7.860e-19,,1.100e-2,,1.400e-17,,7.892e-19,1.733e-16
489.55,4.940e+2,1.356e-20,3.192e-27,1.322e-43,1.403e-19,,,9.192e-19,4.468e-22,,3.027e-15,3.016e-18,1.872e-11,1.004e-17,1.673e-19,1.715e-31,6.019e-21,2.504e-25,,1.326e-5,6.693e-20,3.186e-20,1.642e+0,2.511e-3,2.704e-14,7.474e-2,,1.127e-18,9.319e-22,1.574e+2,2.235e-4,6.699e-29,1.125e-19,1.199e-8,5.524e+0,2.215e+2,4.521e-1,9.071e+1,3.773e-19,3.406e-2,1.113e-1,3.182e+0,1.258e+1,,,7.448e-1,,,5.764e-2,,5.119e-19,,7.859e-19,,9.593e-3,,1.400e-17,,7.914e-19,1.733e-16
489.58,5.107e+2,1.358e-20,3.157e-27,1.321e-43,1.405e-19,,,9.200e-19,4.473e-22,,3.027e-15,3.012e-18,2.289e-11,1.004e-17,1.676e-19,1.712e-31,6.018e-21,2.502e-25,,8.683e-6,6.695e-20,3.295e-20,1.297e+0,3.636e-3,4.129e-14,6.071e-2,,1.126e-18,9.323e-22,1.418e+2,3.008e-4,6.700e-29,1.125e-19,1.752e-8,5.593e+0,2.454e+2,4.920e-1,1.004e+2,3.779e-19,2.482e-2,8.835e-2,3.274e+0,1.134e+1,,,8.423e-1,,,4.808e-2,,5.118e-19,,7.858e-19,,7.798e-3,,1.399e-17,,7.948e-19,1.733e-16
489.6,5.229e+2,1.360e-20,3.134e-27,1.320e-43,1.405e-19,,,9.205e-19,4.476e-22,,3.026e-15,3.009e-18,2.607e-11,1.004e-17,1.678e-19,1.711e-31,6.017e-21,2.500e-25,,6.522e-6,6.697e-20,3.373e-20,1.105e+0,4.634e-3,5.494e-14,5.264e-2,,1.125e-18,9.326e-22,1.318e+2,3.653e-4,6.700e-29,1.125e-19,2.248e-8,5.640e+0,2.619e+2,5.237e-1,1.070e+2,3.782e-19,2.002e-2,7.546e-2,3.324e+0,1.058e+1,,,9.107e-1,,,4.244e-2,,5.118e-19,,7.858e-19,,6.793e-3,,1.399e-17,,7.970e-19,1.734e-16
489.63,5.428e+2,1.362e-20,3.100e-27,1.320e-43,1.407e-19,,,9.213e-19,4.480e-22,,3.026e-15,3.005e-18,3.150e-11,1.004e-17,1.680e-19,1.708e-31,6.016e-21,2.498e-25,,4.220e-6,6.699e-20,3.494e-20,8.646e-1,6.629e-3,8.422e-14,4.225e-2,,1.124e-18,9.331e-22,1.173e+2,4.859e-4,6.701e-29,1.125e-19,3.246e-8,5.713e+0,2.872e+2,5.786e-1,1.171e+2,3.788e-19,1.441e-2,5.925e-2,3.381e+0,9.541e+0,,,1.018e+0,,,3.498e-2,,5.117e-19,,7.857e-19,,5.541e-3,,1.398e-17,,8.004e-19,1.734e-16
489.65,5.569e+2,1.364e-20,3.077e-27,1.319e-43,1.407e-19,,,9.218e-19,4.483e-22,,3.026e-15,3.002e-18,3.559e-11,1.004e-17,1.682e-19,1.707e-31,6.016e-21,2.496e-25,,3.145e-6,6.701e-20,3.578e-20,7.318e-1,8.383e-3,1.117e-13,3.635e-2,,1.124e-18,9.334e-22,1.081e+2,5.855e-4,6.701e-29,1.126e-19,4.131e-8,5.763e+0,3.044e+2,6.200e-1,1.238e+2,3.792e-19,1.153e-2,5.029e-2,3.407e+0,8.915e+0,,,1.092e+0,,,3.062e-2,,5.116e-19,,7.857e-19,,4.861e-3,,1.398e-17,,8.026e-19,1.734e-16
489.68,5.790e+2,1.366e-20,3.042e-27,1.318e-43,1.409e-19,,,9.226e-19,4.488e-22,,3.025e-15,2.998e-18,4.250e-11,1.004e-17,1.685e-19,1.705e-31,6.015e-21,2.494e-25,,2.010e-6,6.703e-20,3.704e-20,5.673e-1,1.185e-2,1.698e-13,2.882e-2,,1.123e-18,9.339e-22,9.513e+1,7.697e-4,6.702e-29,1.126e-19,5.895e-8,5.840e+0,3.302e+2,6.891e-1,1.338e+2,3.797e-19,8.201e-3,3.919e-2,3.426e+0,8.078e+0,,,1.205e+0,,,2.494e-2,,5.116e-19,,7.856e-19,,4.048e-3,,1.398e-17,,8.060e-19,1.734e-16
489.7,5.941e+2,1.367e-20,3.020e-27,1.317e-43,1.409e-19,,,9.232e-19,4.490e-22,,3.025e-15,2.995e-18,4.764e-11,1.004e-17,1.686e-19,1.703e-31,6.014e-21,2.492e-25,,1.486e-6,6.705e-20,3.786e-20,4.774e-1,1.487e-2,2.236e-13,2.460e-2,,1.122e-18,9.342e-22,8.699e+1,9.201e-4,6.702e-29,1.126e-19,7.443e-8,5.893e+0,3.473e+2,7.396e-1,1.403e+2,3.801e-19,6.509e-3,3.316e-2,3.425e+0,7.586e+0,,,1.283e+0,,,2.166e-2,,5.115e-19,,7.855e-19,,3.633e-3,,1.397e-17,,8.082e-19,1.735e-16
489.73,6.169e+2,1.369e-20,2.985e-27,1.317e-43,1.411e-19,,,9.240e-19,4.495e-22,,3.024e-15,2.991e-18,5.620e-11,1.004e-17,1.689e-19,1.701e-31,6.013e-21,2.490e-25,,9.386e-7,6.707e-20,3.905e-20,3.671e-1,2.077e-2,3.361e-13,1.927e-2,,1.121e-18,9.347e-22,7.563e+1,1.196e-3,6.703e-29,1.126e-19,1.050e-7,5.975e+0,3.725e+2,8.215e-1,1.498e+2,3.806e-19,4.574e-3,2.586e-2,3.403e+0,6.945e+0,,,1.400e+0,,,1.743e-2,,5.114e-19,,7.855e-19,,3.188e-3,,1.397e-17,,8.116e-19,1.735e-16
489.75,6.320e+2,1.371e-20,2.962e-27,1.316e-43,1.411e-19,,,9.245e-19,4.498e-22,,3.024e-15,2.988e-18,6.250e-11,1.004e-17,1.691e-19,1.699e-31,6.012e-21,2.488e-25,,6.882e-7,6.709e-20,3.979e-20,3.075e-1,2.585e-2,4.392e-13,1.632e-2,,1.120e-18,9.350e-22,6.862e+1,1.418e-3,6.703e-29,1.126e-19,1.315e-7,6.030e+0,3.887e+2,8.799e-1,1.559e+2,3.810e-19,3.601e-3,2.201e-2,3.376e+0,6.579e+0,,,1.477e+0,,,1.502e-2,,5.114e-19,,7.854e-19,,3.003e-3,,1.396e-17,,8.138e-19,1.735e-16
489.78,6.540e+2,1.373e-20,2.928e-27,1.315e-43,1.412e-19,,,9.253e-19,4.502e-22,,3.024e-15,2.984e-18,7.286e-11,1.004e-17,1.693e-19,1.697e-31,6.011e-21,2.485e-25,,4.295e-7,6.711e-20,4.079e-20,2.353e-1,3.569e-2,6.523e-13,1.263e-2,,1.119e-18,9.354e-22,5.895e+1,1.821e-3,6.704e-29,1.126e-19,1.832e-7,6.113e+0,4.121e+2,9.725e-1,1.646e+2,3.815e-19,2.501e-3,1.753e-2,3.315e+0,6.117e+0,,,1.593e+0,,,1.194e-2,,5.113e-19,,7.853e-19,,2.889e-3,,1.396e-17,,8.172e-19,1.736e-16
489.8,6.679e+2,1.375e-20,2.905e-27,1.314e-43,1.413e-19,,,9.259e-19,4.505e-22,,3.023e-15,2.981e-18,8.038e-11,1.004e-17,1.695e-19,1.695e-31,6.010e-21,2.484e-25,,3.124e-7,6.713e-20,4.138e-20,1.969e-1,4.407e-2,8.459e-13,1.061e-2,,1.119e-18,9.357e-22,5.306e+1,2.143e-3,6.704e-29,1.127e-19,2.277e-7,6.168e+0,4.267e+2,1.037e+0,1.699e+2,3.819e-19,1.953e-3,1.532e-2,3.262e+0,5.863e+0,,,1.668e+0,,,1.021e-2,,5.112e-19,,7.853e-19,,2.920e-3,,1.395e-17,,8.194e-19,1.736e-16
489.83,6.873e+2,1.377e-20,2.870e-27,1.313e-43,1.414e-19,,,9.267e-19,4.510e-22,,3.023e-15,2.977e-18,9.259e-11,1.004e-17,1.697e-19,1.693e-31,6.009e-21,2.481e-25,,1.926e-7,6.715e-20,4.211e-20,1.512e-1,6.012e-2,1.242e-12,8.115e-3,,1.118e-18,9.362e-22,4.504e+1,2.721e-3,6.705e-29,1.127e-19,3.135e-7,6.248e+0,4.470e+2,1.138e+0,1.771e+2,3.825e-19,1.340e-3,1.305e-2,3.166e+0,5.555e+0,,,1.777e+0,,,8.017e-3,,5.111e-19,,7.852e-19,,3.133e-3,,1.395e-17,,8.228e-19,1.736e-16
489.85,6.990e+2,1.378e-20,2.848e-27,1.313e-43,1.415e-19,,,9.272e-19,4.513e-22,,3.023e-15,2.974e-18,1.013e-10,1.004e-17,1.699e-19,1.692e-31,6.009e-21,2.480e-25,,1.390e-7,6.716e-20,4.248e-20,1.275e-1,7.365e-2,1.597e-12,6.760e-3,,1.117e-18,9.365e-22,4.022e+1,3.178e-3,6.705e-29,1.127e-19,3.866e-7,6.300e+0,4.592e+2,1.207e+0,1.814e+2,3.828e-19,1.038e-3,1.217e-2,3.091e+0,5.395e+0,,,1.847e+0,,,6.798e-3,,5.111e-19,,7.852e-19,,3.391e-3,,1.394e-17,,8.250e-19,1.736e-16
489.88,7.141e+2,1.381e-20,2.813e-27,1.312e-43,1.416e-19,,,9.280e-19,4.517e-22,,3.022e-15,2.970e-18,1.154e-10,1.004e-17,1.702e-19,1.689e-31,6.007e-21,2.477e-25,,8.467e-8,6.719e-20,4.284e-20,1.005e-1,9.928e-2,2.317e-12,5.110e-3,,1.116e-18,9.370e-22,3.374e+1,3.988e-3,6.705e-29,1.127e-19,5.260e-7,6.374e+0,4.754e+2,1.312e+0,1.869e+2,3.834e-19,7.038e-4,1.179e-2,2.964e+0,5.214e+0,,,1.944e+0,,,5.276e-3,,5.110e-19,,7.851e-19,,3.966e-3,,1.394e-17,,8.284e-19,1.737e-16
489.9,7.224e+2,1.382e-20,2.790e-27,1.311e-43,1.417e-19,,,9.285e-19,4.520e-22,,3.022e-15,2.967e-18,1.253e-10,1.004e-17,1.703e-19,1.688e-31,6.007e-21,2.476e-25,,6.060e-8,6.720e-20,4.295e-20,8.736e-2,1.207e-1,2.957e-12,4.223e-3,,1.115e-18,9.373e-22,2.989e+1,4.621e-3,6.706e-29,1.127e-19,6.434e-7,6.420e+0,4.846e+2,1.383e+0,1.899e+2,3.837e-19,5.409e-4,1.214e-2,2.871e+0,5.128e+0,,,2.004e+0,,,4.438e-3,,5.110e-19,,7.850e-19,,4.484e-3,,1.394e-17,,8.306e-19,1.737e-16
489.92,7.292e+2,2.319e-20,2.767e-27,1.311e-43,1.418e-19,,,9.291e-19,4.523e-22,,3.022e-15,2.965e-18,1.356e-10,1.004e-17,1.705e-19,1.686e-31,6.006e-21,2.474e-25,,4.323e-8,6.722e-20,4.294e-20,7.767e-2,1.462e-1,3.762e-12,3.479e-3,,1.115e-18,9.376e-22,2.640e+1,5.339e-3,6.706e-29,1.127e-19,7.845e-7,6.462e+0,4.923e+2,1.454e+0,1.924e+2,3.841e-19,4.144e-4,1.301e-2,2.771e+0,5.066e+0,,,2.059e+0,,,3.721e-3,,5.109e-19,,7.850e-19,,5.122e-3,,1.393e-17,,8.328e-19,1.737e-16
489.95,7.360e+2,5.009e-20,2.733e-27,1.310e-43,1.419e-19,,,9.299e-19,4.527e-22,,3.021e-15,2.960e-18,1.518e-10,1.004e-17,1.708e-19,1.684e-31,6.005e-21,2.471e-25,,2.590e-8,6.724e-20,4.271e-20,6.903e-2,1.938e-1,5.367e-12,2.585e-3,,1.114e-18,9.381e-22,2.178e+1,6.593e-3,6.707e-29,1.128e-19,1.050e-6,6.519e+0,5.012e+2,1.559e+0,1.949e+2,3.847e-19,2.762e-4,1.535e-2,2.614e+0,5.010e+0,,,2.131e+0,,,2.840e-3,,5.108e-19,,7.849e-19,,6.328e-3,,1.393e-17,,8.362e-19,1.737e-16
489.97,7.383e+2,8.339e-20,2.710e-27,1.309e-43,1.420e-19,,,9.304e-19,4.530e-22,,3.021e-15,2.958e-18,1.630e-10,1.004e-17,1.709e-19,1.683e-31,6.004e-21,2.470e-25,,1.833e-8,6.726e-20,4.241e-20,6.696e-2,2.330e-1,6.774e-12,2.113e-3,,1.113e-18,9.384e-22,1.908e+1,7.560e-3,6.707e-29,1.128e-19,1.270e-6,6.551e+0,5.052e+2,1.628e+0,1.958e+2,3.850e-19,2.099e-4,1.769e-2,2.503e+0,4.993e+0,,,2.172e+0,,,2.363e-3,,5.108e-19,,7.849e-19,,7.317e-3,,1.392e-17,,8.384e-19,1.738e-16
490,7.382e+2,1.780e-19,2.676e-27,1.308e-43,1.421e-19,,,9.312e-19,4.535e-22,,3.020e-15,2.953e-18,1.803e-10,1.004e-17,1.712e-19,1.680e-31,6.003e-21,2.467e-25,,1.085e-8,6.728e-20,4.173e-20,6.926e-2,3.052e-1,9.549e-12,1.552e-3,,1.112e-18,9.388e-22,1.556e+1,9.230e-3,6.708e-29,1.128e-19,1.680e-6,6.591e+0,5.082e+2,1.728e+0,1.961e+2,3.856e-19,1.382e-4,2.252e-2,2.333e+0,4.989e+0,,,2.222e+0,,,1.782e-3,,5.107e-19,,7.848e-19,,9.115e-3,,1.392e-17,,8.418e-19,1.738e-16
490.02,7.356e+2,2.940e-19,2.653e-27,1.308e-43,1.422e-19,,,9.317e-19,4.538e-22,,3.020e-15,2.951e-18,1.921e-10,1.004e-17,1.714e-19,1.679e-31,6.003e-21,2.466e-25,,7.616e-9,6.730e-20,4.114e-20,7.450e-2,3.640e-1,1.196e-11,1.258e-3,,1.111e-18,9.392e-22,1.352e+1,1.050e-2,6.708e-29,1.128e-19,2.016e-6,6.612e+0,5.082e+2,1.791e+0,1.955e+2,3.860e-19,1.042e-4,2.678e-2,2.217e+0,4.998e+0,,,2.247e+0,,,1.470e-3,,5.106e-19,,7.847e-19,,1.055e-2,,1.391e-17,,8.440e-19,1.738e-16
490.05,7.279e+2,6.204e-19,2.618e-27,1.307e-43,1.423e-19,,,9.325e-19,4.542e-22,,3.020e-15,2.946e-18,2.100e-10,1.004e-17,1.716e-19,1.676e-31,6.001e-21,2.463e-25,,4.453e-9,6.732e-20,4.004e-20,8.838e-2,4.712e-1,1.666e-11,9.127e-4,,1.110e-18,9.396e-22,1.089e+1,1.268e-2,6.709e-29,1.128e-19,2.634e-6,6.633e+0,5.052e+2,1.882e+0,1.934e+2,3.865e-19,6.782e-5,3.503e-2,2.041e+0,5.019e+0,,,2.271e+0,,,1.095e-3,,5.106e-19,,7.847e-19,,1.310e-2,,1.391e-17,,8.474e-19,1.739e-16
490.07,7.204e+2,1.017e-18,2.595e-27,1.306e-43,1.424e-19,,,9.331e-19,4.545e-22,,3.019e-15,2.944e-18,2.219e-10,1.003e-17,1.718e-19,1.675e-31,6.001e-21,2.462e-25,,3.101e-9,6.734e-20,3.918e-20,1.021e-1,5.575e-1,2.070e-11,7.340e-4,,1.110e-18,9.399e-22,9.394e+0,1.432e-2,6.709e-29,1.128e-19,3.136e-6,6.640e+0,5.012e+2,1.938e+0,1.912e+2,3.869e-19,5.072e-5,4.199e-2,1.924e+0,5.036e+0,,,2.279e+0,,,8.967e-4,,5.105e-19,,7.846e-19,,1.510e-2,,1.390e-17,,8.496e-19,1.739e-16
490.1,7.054e+2,2.120e-18,2.561e-27,1.305e-43,1.425e-19,,,9.339e-19,4.549e-22,,3.019e-15,2.939e-18,2.397e-10,1.003e-17,1.721e-19,1.673e-31,6.000e-21,2.459e-25,,1.792e-9,6.736e-20,3.770e-20,1.304e-1,7.131e-1,2.849e-11,5.262e-4,,1.109e-18,9.404e-22,7.478e+0,1.710e-2,6.710e-29,1.129e-19,4.050e-6,6.641e+0,4.923e+2,2.015e+0,1.869e+2,3.874e-19,3.261e-5,5.508e-2,1.750e+0,5.059e+0,,,2.276e+0,,,6.602e-4,,5.104e-19,,7.845e-19,,1.859e-2,,1.390e-17,,8.530e-19,1.739e-16
490.12,6.931e+2,3.447e-18,2.538e-27,1.305e-43,1.426e-19,,,9.344e-19,4.552e-22,,3.019e-15,2.937e-18,2.513e-10,1.003e-17,1.722e-19,1.671e-31,5.999e-21,2.457e-25,,1.238e-9,6.738e-20,3.661e-20,1.553e-1,8.370e-1,3.512e-11,4.199e-4,,1.108e-18,9.407e-22,6.398e+0,1.918e-2,6.710e-29,1.129e-19,4.784e-6,6.635e+0,4.845e+2,2.060e+0,1.834e+2,3.878e-19,2.419e-5,6.588e-2,1.637e+0,5.070e+0,,,2.265e+0,,,5.361e-4,,5.104e-19,,7.845e-19,,2.129e-2,,1.390e-17,,8.552e-19,1.739e-16
490.15,6.713e+2,7.104e-18,2.504e-27,1.304e-43,1.427e-19,,,9.352e-19,4.557e-22,,3.018e-15,2.932e-18,2.682e-10,1.003e-17,1.725e-19,1.669e-31,5.998e-21,2.455e-25,,7.066e-10,6.740e-20,3.482e-20,2.034e-1,1.058e+0,4.777e-11,2.975e-4,,1.107e-18,9.412e-22,5.033e+0,2.265e-2,6.711e-29,1.129e-19,6.105e-6,6.616e+0,4.702e+2,2.120e+0,1.771e+2,3.883e-19,1.537e-5,8.585e-2,1.471e+0,5.076e+0,,,2.236e+0,,,3.900e-4,,5.103e-19,,7.844e-19,,2.595e-2,,1.389e-17,,8.586e-19,1.740e-16
490.17,6.548e+2,1.146e-17,2.481e-27,1.303e-43,1.428e-19,,,9.358e-19,4.560e-22,,3.018e-15,2.930e-18,2.790e-10,1.003e-17,1.727e-19,1.667e-31,5.997e-21,2.453e-25,,4.843e-10,6.742e-20,3.355e-20,2.440e-1,1.232e+0,5.842e-11,2.355e-4,,1.106e-18,9.415e-22,4.273e+0,2.521e-2,6.711e-29,1.129e-19,7.154e-6,6.598e+0,4.591e+2,2.153e+0,1.724e+2,3.887e-19,1.131e-5,1.021e-1,1.365e+0,5.072e+0,,,2.207e+0,,,3.142e-4,,5.102e-19,,7.844e-19,,2.949e-2,,1.389e-17,,8.608e-19,1.740e-16
490.2,6.274e+2,2.334e-17,2.446e-27,1.302e-43,1.429e-19,,,9.366e-19,4.564e-22,,3.018e-15,2.925e-18,2.943e-10,1.003e-17,1.729e-19,1.665e-31,5.996e-21,2.451e-25,,2.731e-10,6.744e-20,3.155e-20,3.204e-1,1.539e+0,7.853e-11,1.649e-4,,1.105e-18,9.419e-22,3.322e+0,2.946e-2,6.711e-29,1.129e-19,9.022e-6,6.560e+0,4.403e+2,2.193e+0,1.646e+2,3.893e-19,7.099e-6,1.317e-1,1.213e+0,5.048e+0,,,2.153e+0,,,2.258e-4,,5.102e-19,,7.843e-19,,3.554e-2,,1.388e-17,,8.642e-19,1.740e-16
490.22,6.076e+2,3.735e-17,2.423e-27,1.302e-43,1.430e-19,,,9.371e-19,4.567e-22,,3.017e-15,2.923e-18,3.037e-10,1.003e-17,1.731e-19,1.663e-31,5.995e-21,2.449e-25,,1.857e-10,6.746e-20,3.016e-20,3.834e-1,1.778e+0,9.527e-11,1.296e-4,,1.105e-18,9.423e-22,2.798e+0,3.256e-2,6.712e-29,1.129e-19,1.049e-5,6.530e+0,4.265e+2,2.212e+0,1.589e+2,3.896e-19,5.183e-6,1.555e-1,1.116e+0,5.021e+0,,,2.108e+0,,,1.805e-4,,5.101e-19,,7.842e-19,,4.010e-2,,1.388e-17,,8.664e-19,1.741e-16
490.25,5.758e+2,7.518e-17,2.389e-27,1.301e-43,1.431e-19,,,9.379e-19,4.571e-22,,3.017e-15,2.919e-18,3.165e-10,1.003e-17,1.734e-19,1.661e-31,5.994e-21,2.447e-25,,1.035e-10,6.748e-20,2.803e-20,4.998e-1,2.195e+0,1.266e-10,8.981e-5,,1.104e-18,9.427e-22,2.151e+0,3.765e-2,6.712e-29,1.130e-19,1.307e-5,6.476e+0,4.042e+2,2.230e+0,1.498e+2,3.902e-19,3.214e-6,1.983e-1,9.796e-1,4.962e+0,,,2.032e+0,,,1.282e-4,,5.100e-19,,7.842e-19,,4.776e-2,,1.387e-17,,8.697e-19,1.741e-16
490.27,5.536e+2,1.194e-16,2.366e-27,1.300e-43,1.432e-19,,,9.384e-19,4.574e-22,,3.017e-15,2.916e-18,3.241e-10,1.003e-17,1.735e-19,1.660e-31,5.994e-21,2.445e-25,,6.977e-11,6.749e-20,2.659e-20,5.946e-1,2.516e+0,1.523e-10,7.017e-5,,1.103e-18,9.430e-22,1.799e+0,4.133e-2,6.713e-29,1.130e-19,1.508e-5,6.435e+0,3.884e+2,2.235e+0,1.435e+2,3.905e-19,2.328e-6,2.324e-1,8.945e-1,4.910e+0,,,1.974e+0,,,1.016e-4,,5.100e-19,,7.841e-19,,5.346e-2,,1.387e-17,,8.720e-19,1.741e-16
490.29,5.308e+2,1.890e-16,2.343e-27,1.300e-43,1.433e-19,,,9.390e-19,4.577e-22,,3.016e-15,2.913e-18,3.307e-10,1.003e-17,1.737e-19,1.658e-31,5.993e-21,2.443e-25,,4.690e-11,6.751e-20,2.514e-20,7.053e-1,2.874e+0,1.828e-10,5.478e-5,,1.102e-18,9.433e-22,1.500e+0,4.525e-2,6.713e-29,1.130e-19,1.733e-5,6.390e+0,3.720e+2,2.233e+0,1.371e+2,3.909e-19,1.680e-6,2.714e-1,8.141e-1,4.848e+0,,,1.912e+0,,,8.029e-5,,5.099e-19,,7.840e-19,,5.965e-2,,1.386e-17,,8.742e-19,1.741e-16
490.32,4.956e+2,3.741e-16,2.309e-27,1.299e-43,1.434e-19,,,9.398e-19,4.582e-22,,3.016e-15,2.909e-18,3.390e-10,1.003e-17,1.740e-19,1.656e-31,5.992e-21,2.441e-25,,2.570e-11,6.753e-20,2.298e-20,9.063e-1,3.489e+0,2.388e-10,3.788e-5,,1.101e-18,9.438e-22,1.137e+0,5.158e-2,6.714e-29,1.130e-19,2.124e-5,6.315e+0,3.467e+2,2.220e+0,1.271e+2,3.915e-19,1.025e-6,3.406e-1,7.027e-1,4.738e+0,,,1.812e+0,,,5.607e-5,,5.098e-19,,7.840e-19,,6.989e-2,,1.386e-17,,8.776e-19,1.742e-16
490.34,4.719e+2,5.876e-16,2.286e-27,1.298e-43,1.435e-19,,,9.403e-19,4.585e-22,,3.016e-15,2.906e-18,3.432e-10,1.003e-17,1.741e-19,1.654e-31,5.991e-21,2.439e-25,,1.714e-11,6.755e-20,2.156e-20,1.067e+0,3.955e+0,2.842e-10,2.981e-5,,1.101e-18,9.441e-22,9.436e-1,5.610e-2,6.714e-29,1.130e-19,2.423e-5,6.260e+0,3.295e+2,2.204e+0,1.204e+2,3.918e-19,7.338e-7,3.947e-1,6.345e-1,4.655e+0,,,1.742e+0,,,4.396e-5,,5.098e-19,,7.839e-19,,7.737e-2,,1.386e-17,,8.798e-19,1.742e-16
490.37,4.362e+2,1.150e-15,2.251e-27,1.297e-43,1.436e-19,,,9.411e-19,4.589e-22,,3.015e-15,2.902e-18,3.476e-10,1.003e-17,1.744e-19,1.652e-31,5.990e-21,2.437e-25,,9.276e-12,6.757e-20,1.948e-20,1.356e+0,4.745e+0,3.670e-10,2.135e-5,,1.100e-18,9.446e-22,7.125e-1,6.333e-2,6.715e-29,1.131e-19,2.935e-5,6.171e+0,3.034e+2,2.169e+0,1.104e+2,3.924e-19,4.421e-7,4.894e-1,5.411e-1,4.516e+0,,,1.631e+0,,,3.033e-5,,5.097e-19,,7.838e-19,,8.958e-2,,1.385e-17,,8.832e-19,1.742e-16
490.39,4.127e+2,1.791e-15,2.228e-27,1.297e-43,1.437e-19,,,9.416e-19,4.592e-22,,3.015e-15,2.899e-18,3.492e-10,1.003e-17,1.746e-19,1.650e-31,5.990e-21,2.435e-25,,6.136e-12,6.759e-20,1.814e-20,1.584e+0,5.336e+0,4.334e-10,1.765e-5,,1.099e-18,9.449e-22,5.916e-1,6.844e-2,6.715e-29,1.131e-19,3.321e-5,6.107e+0,2.860e+2,2.139e+0,1.037e+2,3.927e-19,3.141e-7,5.627e-1,4.847e-1,4.417e+0,,,1.555e+0,,,2.359e-5,,5.096e-19,,7.838e-19,,9.839e-2,,1.385e-17,,8.854e-19,1.742e-16
490.42,3.780e+2,3.464e-15,2.194e-27,1.296e-43,1.438e-19,,,9.425e-19,4.597e-22,,3.014e-15,2.895e-18,3.494e-10,1.003e-17,1.748e-19,1.648e-31,5.988e-21,2.433e-25,,3.282e-12,6.761e-20,1.620e-20,1.989e+0,6.325e+0,5.529e-10,1.444e-5,,1.098e-18,9.454e-22,4.512e-1,7.654e-2,6.716e-29,1.131e-19,3.975e-5,6.004e+0,2.603e+2,2.085e+0,9.391e+1,3.933e-19,1.870e-7,6.896e-1,4.085e-1,4.261e+0,,,1.439e+0,,,1.608e-5,,5.096e-19,,7.837e-19,,1.126e-1,,1.384e-17,,8.888e-19,1.743e-16
490.44,3.556e+2,5.355e-15,2.171e-27,1.295e-43,1.439e-19,,,9.430e-19,4.599e-22,,3.014e-15,2.892e-18,3.482e-10,1.003e-17,1.750e-19,1.647e-31,5.988e-21,2.431e-25,,2.154e-12,6.763e-20,1.496e-20,2.305e+0,7.057e+0,6.478e-10,1.368e-5,,1.098e-18,9.457e-22,3.809e-1,8.221e-2,6.716e-29,1.131e-19,4.462e-5,5.931e+0,2.434e+2,2.043e+0,8.756e+1,3.937e-19,1.318e-7,7.865e-1,3.630e-1,4.155e+0,,,1.361e+0,,,1.241e-5,,5.095e-19,,7.837e-19,,1.227e-1,,1.384e-17,,8.910e-19,1.743e-16
490.47,3.231e+2,1.023e-14,2.137e-27,1.294e-43,1.440e-19,,,9.438e-19,4.604e-22,,3.014e-15,2.888e-18,3.444e-10,1.003e-17,1.752e-19,1.644e-31,5.987e-21,2.429e-25,,1.138e-12,6.765e-20,1.322e-20,2.861e+0,8.266e+0,8.167e-10,1.448e-5,,1.097e-18,9.461e-22,3.046e-1,9.113e-2,6.717e-29,1.131e-19,5.277e-5,5.812e+0,2.189e+2,1.972e+0,7.835e+1,3.942e-19,7.749e-8,9.525e-1,3.023e-1,3.997e+0,,,1.244e+0,,,8.357e-6,,5.094e-19,,7.836e-19,,1.388e-1,,1.383e-17,,8.944e-19,1.743e-16
490.49,3.025e+2,1.570e-14,2.114e-27,1.294e-43,1.441e-19,,,9.443e-19,4.607e-22,,3.013e-15,2.885e-18,3.405e-10,1.003e-17,1.754e-19,1.643e-31,5.986e-21,2.427e-25,,7.408e-13,6.767e-20,1.212e-20,3.290e+0,9.150e+0,9.494e-10,1.638e-5,,1.096e-18,9.464e-22,2.708e-1,9.732e-2,6.717e-29,1.131e-19,5.878e-5,5.728e+0,2.031e+2,1.920e+0,7.247e+1,3.946e-19,5.418e-8,1.078e+0,2.665e-1,3.894e+0,,,1.167e+0,,,6.396e-6,,5.094e-19,,7.835e-19,,1.500e-1,,1.383e-17,,8.966e-19,1.744e-16
490.52,2.734e+2,2.965e-14,2.079e-27,1.293e-43,1.442e-19,,,9.451e-19,4.611e-22,,3.013e-15,2.881e-18,3.327e-10,1.003e-17,1.757e-19,1.641e-31,5.985e-21,2.424e-25,,3.867e-13,6.769e-20,1.059e-20,4.035e+0,1.059e+1,1.183e-9,2.155e-5,,1.095e-18,9.469e-22,2.430e-1,1.070e-1,6.717e-29,1.132e-19,6.869e-5,5.594e+0,1.804e+2,1.835e+0,6.408e+1,3.951e-19,3.148e-8,1.290e+0,2.193e-1,3.750e+0,,,1.054e+0,,,4.257e-6,,5.093e-19,,7.835e-19,,1.677e-1,,1.382e-17,,9.000e-19,1.744e-16
490.54,2.552e+2,4.512e-14,2.056e-27,1.292e-43,1.443e-19,,,9.457e-19,4.614e-22,,3.013e-15,2.878e-18,3.263e-10,1.003e-17,1.758e-19,1.639e-31,5.984e-21,2.423e-25,,2.497e-13,6.771e-20,9.656e-21,4.604e+0,1.163e+1,1.364e-9,2.687e-5,,1.094e-18,9.472e-22,2.387e-1,1.136e-1,6.718e-29,1.132e-19,7.591e-5,5.498e+0,1.661e+2,1.775e+0,5.880e+1,3.955e-19,2.183e-8,1.448e+0,1.918e-1,3.664e+0,,,9.815e-1,,,3.232e-6,,5.092e-19,,7.834e-19,,1.799e-1,,1.382e-17,,9.022e-19,1.744e-16
490.57,2.300e+2,8.421e-14,2.022e-27,1.291e-43,1.444e-19,,,9.465e-19,4.619e-22,,3.012e-15,2.874e-18,3.151e-10,1.003e-17,1.761e-19,1.637e-31,5.983e-21,2.420e-25,,1.288e-13,6.773e-20,8.368e-21,5.579e+0,1.330e+1,1.679e-9,3.848e-5,,1.093e-18,9.477e-22,2.535e-1,1.239e-1,6.718e-29,1.132e-19,8.766e-5,5.345e+0,1.458e+2,1.681e+0,5.139e+1,3.961e-19,1.254e-8,1.712e+0,1.559e-1,3.552e+0,,,8.762e-1,,,2.126e-6,,5.092e-19,,7.833e-19,,1.987e-1,,1.381e-17,,9.055e-19,1.744e-16
490.59,2.145e+2,1.272e-13,1.999e-27,1.291e-43,1.445e-19,,,9.470e-19,4.622e-22,,3.012e-15,2.871e-18,3.066e-10,1.003e-17,1.763e-19,1.635e-31,5.982e-21,2.419e-25,,8.252e-14,6.775e-20,7.592e-21,6.317e+0,1.449e+1,1.921e-9,4.931e-5,,1.093e-18,9.480e-22,2.778e-1,1.309e-1,6.719e-29,1.132e-19,9.611e-5,5.237e+0,1.331e+2,1.616e+0,4.679e+1,3.964e-19,8.624e-9,1.907e+0,1.353e-1,3.494e+0,,,8.091e-1,,,1.601e-6,,5.091e-19,,7.833e-19,,2.115e-1,,1.381e-17,,9.078e-19,1.745e-16
490.62,1.936e+2,2.345e-13,1.965e-27,1.290e-43,1.446e-19,,,9.478e-19,4.626e-22,,3.012e-15,2.867e-18,2.926e-10,1.003e-17,1.765e-19,1.633e-31,5.981e-21,2.416e-25,,4.206e-14,6.777e-20,6.550e-21,7.565e+0,1.638e+1,2.337e-9,7.177e-5,,1.092e-18,9.485e-22,3.383e-1,1.417e-1,6.719e-29,1.132e-19,1.097e-4,5.066e+0,1.155e+2,1.515e+0,4.042e+1,3.970e-19,4.892e-9,2.229e+0,1.087e-1,3.434e+0,,,7.137e-1,,,1.040e-6,,1.105e-18,,7.832e-19,,2.309e-1,,1.380e-17,,9.111e-19,1.745e-16
490.64,1.811e+2,3.514e-13,1.942e-27,1.289e-43,1.447e-19,,,9.483e-19,4.629e-22,,3.011e-15,2.864e-18,2.824e-10,1.003e-17,1.767e-19,1.631e-31,5.981e-21,2.415e-25,,2.673e-14,6.779e-20,5.938e-21,8.498e+0,1.771e+1,2.653e-9,9.211e-5,,1.091e-18,9.488e-22,3.965e-1,1.490e-1,6.720e-29,1.132e-19,1.193e-4,4.945e+0,1.046e+2,1.447e+0,3.652e+1,3.973e-19,3.339e-9,2.463e+0,9.354e-2,3.415e+0,,,6.539e-1,,,7.773e-7,,1.846e-18,,7.832e-19,,2.439e-1,,1.380e-17,,9.134e-19,1.745e-16
490.66,1.699e+2,5.248e-13,1.919e-27,1.288e-43,1.447e-19,,,9.489e-19,4.632e-22,,3.011e-15,2.861e-18,2.718e-10,1.003e-17,1.769e-19,1.630e-31,5.980e-21,2.413e-25,,1.693e-14,6.780e-20,5.391e-21,9.515e+0,1.908e+1,3.002e-9,1.180e-4,,1.090e-18,9.491e-22,4.711e-1,1.564e-1,6.720e-29,1.133e-19,1.293e-4,4.819e+0,9.447e+1,1.379e+0,3.290e+1,3.977e-19,2.272e-9,2.713e+0,8.026e-2,3.416e+0,,,5.971e-1,,,5.789e-7,,3.073e-18,,7.831e-19,,2.568e-1,,1.380e-17,,9.156e-19,1.746e-16
490.69,1.551e+2,9.521e-13,1.884e-27,1.288e-43,1.449e-19,,,9.497e-19,4.636e-22,,3.011e-15,2.857e-18,2.550e-10,1.003e-17,1.771e-19,1.628e-31,5.979e-21,2.410e-25,,8.483e-15,6.783e-20,4.694e-21,1.121e+1,2.121e+1,3.592e-9,1.703e-4,,1.089e-18,9.496e-22,6.192e-1,1.676e-1,6.721e-29,1.133e-19,1.452e-4,4.621e+0,8.059e+1,1.276e+0,2.799e+1,3.983e-19,1.267e-9,3.118e+0,6.342e-2,3.457e+0,,,5.180e-1,,,3.699e-7,,6.563e-18,,7.830e-19,,2.759e-1,,1.379e-17,,9.190e-19,1.746e-16
490.71,1.467e+2,1.411e-12,1.861e-27,1.287e-43,1.449e-19,,,9.502e-19,4.639e-22,,3.010e-15,2.854e-18,2.435e-10,1.003e-17,1.773e-19,1.626e-31,5.978e-21,2.409e-25,,5.330e-15,6.784e-20,4.311e-21,1.245e+1,2.267e+1,4.033e-9,2.168e-4,,1.089e-18,9.499e-22,7.465e-1,1.752e-1,6.721e-29,1.133e-19,1.562e-4,4.484e+0,7.220e+1,1.208e+0,2.504e+1,3.986e-19,8.551e-10,3.407e+0,5.399e-2,3.514e+0,,,4.693e-1,,,2.733e-7,,1.084e-17,,7.830e-19,,2.883e-1,,1.379e-17,,9.212e-19,1.746e-16
490.74,1.362e+2,2.530e-12,1.827e-27,1.286e-43,1.451e-19,,,9.510e-19,4.644e-22,,3.010e-15,2.850e-18,2.258e-10,1.003e-17,1.776e-19,1.624e-31,5.977e-21,2.406e-25,,2.639e-15,6.786e-20,3.860e-21,1.449e+1,2.490e+1,4.768e-9,3.095e-4,,1.088e-18,9.503e-22,9.897e-1,1.866e-1,6.722e-29,1.133e-19,1.732e-4,4.269e+0,6.086e+1,1.107e+0,2.110e+1,3.992e-19,4.712e-10,3.869e+0,4.217e-2,3.645e+0,,,4.022e-1,,,1.725e-7,,2.288e-17,,7.829e-19,,3.062e-1,,1.378e-17,,9.246e-19,1.746e-16
490.76,1.305e+2,3.719e-12,1.804e-27,1.285e-43,1.451e-19,,,9.516e-19,4.647e-22,,3.010e-15,2.847e-18,2.138e-10,1.003e-17,1.777e-19,1.622e-31,5.976e-21,2.405e-25,,1.645e-15,6.788e-20,3.642e-21,1.598e+1,2.641e+1,5.310e-9,3.909e-4,,1.087e-18,9.506e-22,1.193e+0,1.942e-1,6.722e-29,1.133e-19,1.848e-4,4.121e+0,5.409e+1,1.042e+0,1.878e+1,3.995e-19,3.155e-10,4.195e+0,3.563e-2,3.765e+0,,,3.615e-1,,,1.265e-7,,3.750e-17,,7.829e-19,,3.175e-1,,1.378e-17,,9.268e-19,1.747e-16
490.79,1.238e+2,6.590e-12,1.770e-27,1.285e-43,1.453e-19,,,9.524e-19,4.651e-22,,3.009e-15,2.843e-18,1.959e-10,1.003e-17,1.780e-19,1.620e-31,5.975e-21,2.402e-25,,8.046e-16,6.790e-20,3.443e-21,1.838e+1,2.867e+1,6.205e-9,5.518e-4,,1.086e-18,9.511e-22,1.575e+0,2.056e-1,6.723e-29,1.133e-19,2.025e-4,3.893e+0,4.505e+1,9.458e-1,1.573e+1,4.001e-19,1.718e-10,4.708e+0,2.753e-2,3.998e+0,,,3.062e-1,,,7.888e-8,,7.822e-17,,7.828e-19,,3.335e-1,,1.377e-17,,9.302e-19,1.747e-16
490.81,1.206e+2,9.612e-12,1.747e-27,1.284e-43,1.453e-19,,,9.529e-19,4.654e-22,,3.009e-15,2.840e-18,1.841e-10,1.003e-17,1.782e-19,1.618e-31,5.975e-21,2.401e-25,,4.975e-16,6.792e-20,3.399e-21,2.010e+1,3.016e+1,6.856e-9,6.915e-4,,1.085e-18,9.514e-22,1.889e+0,2.132e-1,6.723e-29,1.134e-19,2.145e-4,3.738e+0,3.972e+1,8.841e-1,1.397e+1,4.005e-19,1.141e-10,5.064e+0,2.311e-2,4.189e+0,,,2.730e-1,,,5.736e-8,,1.272e-16,,7.827e-19,,3.433e-1,,1.377e-17,,9.324e-19,1.747e-16
490.84,1.174e+2,1.683e-11,1.712e-27,1.283e-43,1.454e-19,,,9.537e-19,4.658e-22,,3.008e-15,2.836e-18,1.667e-10,1.003e-17,1.784e-19,1.616e-31,5.974e-21,2.398e-25,,2.405e-16,6.794e-20,3.471e-21,2.285e+1,3.235e+1,7.916e-9,9.646e-4,,1.084e-18,9.519e-22,2.471e+0,2.244e-1,6.723e-29,1.134e-19,2.323e-4,3.501e+0,3.269e+1,7.951e-1,1.172e+1,4.010e-19,6.138e-11,5.616e+0,1.770e-2,4.531e+0,,,2.285e-1,,,3.535e-8,,2.622e-16,,7.827e-19,,3.566e-1,,1.376e-17,,9.358e-19,1.748e-16
490.86,1.162e+2,2.436e-11,1.689e-27,1.282e-43,1.455e-19,,,9.542e-19,4.661e-22,,3.008e-15,2.834e-18,1.554e-10,1.003e-17,1.786e-19,1.615e-31,5.973e-21,2.396e-25,,1.475e-16,6.796e-20,3.616e-21,2.479e+1,3.377e+1,8.678e-9,1.199e-3,,1.084e-18,9.522e-22,2.944e+0,2.318e-1,6.724e-29,1.134e-19,2.440e-4,3.342e+0,2.860e+1,7.385e-1,1.046e+1,4.014e-19,4.044e-11,5.993e+0,1.480e-2,4.796e+0,,,2.021e-1,,,2.550e-8,,4.230e-16,,7.826e-19,,3.644e-1,,1.376e-17,,9.380e-19,1.748e-16
490.89,1.160e+2,4.216e-11,1.655e-27,1.281e-43,1.456e-19,,,9.550e-19,4.666e-22,,3.008e-15,2.829e-18,1.390e-10,1.003e-17,1.789e-19,1.612e-31,5.972e-21,2.394e-25,,7.043e-17,6.798e-20,3.992e-21,2.785e+1,3.580e+1,9.901e-9,1.653e-3,,1.083e-18,9.527e-22,3.810e+0,2.427e-1,6.724e-29,1.134e-19,2.611e-4,3.101e+0,2.325e+1,6.578e-1,8.920e+0,4.019e-19,2.150e-11,6.568e+0,1.132e-2,5.250e+0,,,1.672e-1,,,1.553e-8,,8.619e-16,,7.825e-19,,3.745e-1,,1.375e-17,,9.413e-19,1.748e-16
490.91,1.167e+2,6.053e-11,1.632e-27,1.281e-43,1.457e-19,,,9.556e-19,4.669e-22,,3.007e-15,2.827e-18,1.286e-10,1.003e-17,1.790e-19,1.611e-31,5.971e-21,2.392e-25,,4.285e-17,6.800e-20,4.356e-21,2.998e+1,3.707e+1,1.077e-8,2.040e-3,,1.082e-18,9.530e-22,4.507e+0,2.498e-1,6.725e-29,1.134e-19,2.721e-4,2.942e+0,2.018e+1,6.071e-1,8.113e+0,4.023e-19,1.405e-11,6.954e+0,9.491e-3,5.589e+0,,,1.467e-1,,,1.111e-8,,1.380e-15,,7.825e-19,,3.800e-1,,1.375e-17,,9.436e-19,1.748e-16
490.94,1.190e+2,1.035e-10,1.598e-27,1.280e-43,1.458e-19,,,9.564e-19,4.673e-22,,3.007e-15,2.822e-18,1.136e-10,1.003e-17,1.793e-19,1.609e-31,5.970e-21,2.390e-25,,2.022e-17,6.802e-20,5.088e-21,3.329e+1,3.883e+1,1.214e-8,2.778e-3,,1.081e-18,9.534e-22,5.768e+0,2.601e-1,6.725e-29,1.134e-19,2.878e-4,2.704e+0,1.622e+1,5.356e-1,7.220e+0,4.029e-19,7.379e-12,7.530e+0,7.377e-3,6.152e+0,,,1.199e-1,,,6.686e-9,,2.778e-15,,7.824e-19,,3.865e-1,,1.375e-17,,9.469e-19,1.749e-16
490.96,1.213e+2,1.475e-10,1.575e-27,1.279e-43,1.459e-19,,,9.569e-19,4.676e-22,,3.007e-15,2.820e-18,1.043e-10,1.003e-17,1.795e-19,1.607e-31,5.969e-21,2.388e-25,,1.220e-17,6.804e-20,5.711e-21,3.556e+1,3.989e+1,1.310e-8,3.401e-3,,1.080e-18,9.537e-22,6.772e+0,2.666e-1,6.726e-29,1.135e-19,2.976e-4,2.548e+0,1.396e+1,4.910e-1,6.831e+0,4.032e-19,4.784e-12,7.910e+0,6.327e-3,6.563e+0,,,1.044e-1,,,4.746e-9,,4.413e-15,,7.824e-19,,3.896e-1,,1.374e-17,,1.583e-18,1.749e-16
490.99,1.257e+2,2.493e-10,1.540e-27,1.278e-43,1.460e-19,,,9.577e-19,4.680e-22,,3.006e-15,2.815e-18,9.109e-11,1.003e-17,1.797e-19,1.605e-31,5.968e-21,2.386e-25,,5.688e-18,6.806e-20,6.871e-21,3.901e+1,4.129e+1,1.460e-8,4.578e-3,,1.079e-18,9.542e-22,8.569e+0,2.760e-1,6.726e-29,1.135e-19,3.110e-4,2.319e+0,1.108e+1,4.290e-1,6.557e+0,4.038e-19,2.482e-12,8.464e+0,5.216e-3,7.228e+0,,,8.427e-2,,,2.822e-9,,8.781e-15,,7.823e-19,,3.925e-1,,1.374e-17,,3.401e-18,1.749e-16
491.01,1.293e+2,3.524e-10,1.517e-27,1.278e-43,1.461e-19,,,9.582e-19,4.683e-22,,3.006e-15,2.813e-18,8.291e-11,1.003e-17,1.799e-19,1.603e-31,5.968e-21,2.384e-25,,3.406e-18,6.808e-20,7.808e-21,4.134e+1,4.208e+1,1.563e-8,5.560e-3,,1.079e-18,9.545e-22,9.987e+0,2.819e-1,6.727e-29,1.135e-19,3.191e-4,2.170e+0,9.467e+0,3.907e-1,6.582e+0,4.041e-19,1.597e-12,8.820e+0,4.755e-3,7.703e+0,,,7.278e-2,,,1.987e-9,,1.384e-14,,7.822e-19,,3.932e-1,,1.373e-17,,5.640e-18,1.749e-16
491.03,1.334e+2,4.966e-10,1.494e-27,1.277e-43,1.462e-19,,,9.588e-19,4.686e-22,,3.006e-15,2.810e-18,7.523e-11,1.003e-17,1.801e-19,1.602e-31,5.967e-21,2.382e-25,,2.033e-18,6.809e-20,8.890e-21,4.367e+1,4.276e+1,1.667e-8,6.730e-3,,1.078e-18,9.548e-22,1.160e+1,2.875e-1,6.727e-29,1.135e-19,3.263e-4,2.025e+0,8.060e+0,3.550e-1,6.776e+0,4.045e-19,1.024e-12,9.162e+0,4.501e-3,8.201e+0,,,6.266e-2,,,1.395e-9,,2.174e-14,,7.822e-19,,3.930e-1,,1.373e-17,,9.325e-18,1.750e-16
491.06,1.403e+2,8.256e-10,1.460e-27,1.276e-43,1.463e-19,,,9.596e-19,4.691e-22,,3.005e-15,2.806e-18,6.463e-11,1.003e-17,1.803e-19,1.599e-31,5.966e-21,2.380e-25,,9.316e-19,6.812e-20,1.081e-20,4.713e+1,4.353e+1,1.827e-8,8.911e-3,,1.077e-18,9.553e-22,1.445e+1,2.952e-1,6.728e-29,1.135e-19,3.355e-4,1.816e+0,6.293e+0,3.058e-1,7.401e+0,4.051e-19,5.223e-13,9.643e+0,4.495e-3,8.987e+0,,,4.976e-2,,,8.155e-10,,4.256e-14,,7.821e-19,,3.910e-1,,1.372e-17,,1.971e-17,1.750e-16
491.08,1.455e+2,1.154e-9,1.437e-27,1.276e-43,1.464e-19,,,9.601e-19,4.694e-22,,3.005e-15,2.803e-18,5.818e-11,1.003e-17,1.805e-19,1.598e-31,5.965e-21,2.378e-25,,9.316e-19,6.813e-20,1.230e-20,4.940e+1,4.387e+1,1.934e-8,1.070e-2,,1.076e-18,9.556e-22,1.667e+1,2.998e-1,6.728e-29,1.135e-19,3.405e-4,1.683e+0,5.315e+0,2.760e-1,8.052e+0,4.054e-19,3.321e-13,9.938e+0,4.742e-3,9.535e+0,,,4.250e-2,,,5.679e-10,,6.633e-14,,7.821e-19,,3.887e-1,,1.372e-17,,3.233e-17,1.750e-16
491.11,1.541e+2,1.896e-9,1.403e-27,1.275e-43,1.465e-19,,,9.609e-19,4.698e-22,,3.004e-15,2.799e-18,4.939e-11,1.003e-17,1.807e-19,1.596e-31,5.964e-21,2.376e-25,,9.316e-19,6.816e-20,1.489e-20,5.269e+1,4.414e+1,2.095e-8,1.400e-2,,1.075e-18,9.561e-22,2.052e+1,3.058e-1,6.729e-29,1.136e-19,3.460e-4,1.493e+0,4.101e+0,2.354e-1,9.410e+0,4.060e-19,1.674e-13,1.034e+1,5.513e-3,1.039e+1,,,3.335e-2,,,3.280e-10,,1.283e-13,,7.820e-19,,3.839e-1,,1.371e-17,,6.752e-17,1.751e-16
491.13,1.603e+2,2.630e-9,1.380e-27,1.274e-43,1.466e-19,,,9.615e-19,4.701e-22,,3.004e-15,2.796e-18,4.411e-11,1.003e-17,1.809e-19,1.594e-31,5.963e-21,2.374e-25,,9.317e-19,6.817e-20,1.688e-20,5.479e+1,4.414e+1,2.200e-8,1.669e-2,,1.075e-18,9.564e-22,2.349e+1,3.092e-1,6.729e-29,1.136e-19,3.485e-4,1.373e+0,3.436e+0,2.111e-1,1.059e+1,4.063e-19,1.056e-13,1.057e+1,6.320e-3,1.097e+1,,,2.825e-2,,,2.266e-10,,1.985e-13,,7.819e-19,,3.800e-1,,1.371e-17,,1.099e-16,1.751e-16
491.16,1.705e+2,4.272e-9,1.345e-27,1.273e-43,1.467e-19,,,9.623e-19,4.706e-22,,3.004e-15,2.792e-18,3.700e-11,1.003e-17,1.812e-19,1.592e-31,5.962e-21,2.372e-25,,9.317e-19,6.819e-20,2.027e-20,5.776e+1,4.387e+1,2.354e-8,2.158e-2,,1.074e-18,9.568e-22,2.860e+1,3.132e-1,6.730e-29,1.136e-19,3.501e-4,1.205e+0,2.620e+0,1.782e-1,1.282e+1,4.069e-19,5.262e-14,1.086e+1,8.032e-3,1.187e+1,,,2.191e-2,,,1.293e-10,,3.795e-13,,7.819e-19,,3.731e-1,,1.371e-17,,2.269e-16,1.751e-16
491.18,1.779e+2,5.878e-9,1.322e-27,1.273e-43,1.468e-19,,,9.628e-19,4.708e-22,,3.003e-15,2.789e-18,3.278e-11,1.003e-17,1.813e-19,1.590e-31,5.962e-21,2.370e-25,,9.317e-19,6.821e-20,2.283e-20,5.959e+1,4.353e+1,2.453e-8,2.551e-2,,1.073e-18,9.572e-22,3.248e+1,3.152e-1,6.730e-29,1.136e-19,3.499e-4,1.100e+0,2.178e+0,1.587e-1,1.464e+1,4.073e-19,3.293e-14,1.102e+1,9.561e-3,1.248e+1,,,1.842e-2,,,8.862e-11,,5.823e-13,,7.818e-19,,3.681e-1,,1.370e-17,,3.664e-16,1.751e-16
491.21,1.899e+2,9.434e-9,1.288e-27,1.272e-43,1.469e-19,,,9.636e-19,4.713e-22,,3.003e-15,2.785e-18,2.717e-11,1.003e-17,1.816e-19,1.588e-31,5.961e-21,2.368e-25,,9.317e-19,6.823e-20,2.714e-20,6.208e+1,4.276e+1,2.594e-8,3.259e-2,,1.072e-18,9.576e-22,3.910e+1,3.170e-1,6.730e-29,1.136e-19,3.477e-4,9.543e-1,1.641e+0,1.326e-1,1.793e+1,4.078e-19,1.621e-14,1.119e+1,1.255e-2,1.340e+1,,,1.411e-2,,,4.998e-11,,1.100e-12,,7.817e-19,,3.601e-1,,1.370e-17,,7.475e-16,1.752e-16
491.23,1.986e+2,1.288e-8,1.265e-27,1.271e-43,1.470e-19,,,9.641e-19,4.716e-22,,3.003e-15,2.782e-18,2.388e-11,1.003e-17,1.818e-19,1.586e-31,5.960e-21,2.366e-25,,9.317e-19,6.825e-20,3.034e-20,6.355e+1,4.208e+1,2.682e-8,3.823e-2,,1.071e-18,9.579e-22,4.408e+1,3.173e-1,6.731e-29,1.136e-19,3.449e-4,8.649e-1,1.353e+0,1.173e-1,2.053e+1,4.082e-19,1.006e-14,1.126e+1,1.509e-2,1.402e+1,,,1.177e-2,,,3.398e-11,,1.675e-12,,7.817e-19,,3.547e-1,,1.369e-17,,1.198e-15,1.752e-16
491.26,2.127e+2,2.043e-8,1.231e-27,1.270e-43,1.471e-19,,,9.649e-19,4.720e-22,,3.002e-15,2.778e-18,1.956e-11,1.003e-17,1.820e-19,1.584e-31,5.959e-21,2.363e-25,,9.317e-19,6.827e-20,3.567e-20,6.543e+1,4.085e+1,2.803e-8,4.827e-2,,1.070e-18,9.584e-22,5.246e+1,3.166e-1,6.731e-29,1.137e-19,3.391e-4,7.420e-1,1.007e+0,9.700e-2,2.512e+1,4.087e-19,4.893e-15,1.130e+1,1.990e-2,1.495e+1,,,8.907e-3,,,1.893e-11,,3.128e-12,,7.816e-19,,3.467e-1,,1.369e-17,,2.415e-15,1.752e-16
491.28,2.229e+2,2.767e-8,1.208e-27,1.270e-43,1.472e-19,,,9.655e-19,4.723e-22,,3.002e-15,2.775e-18,1.706e-11,1.003e-17,1.822e-19,1.583e-31,5.958e-21,2.362e-25,,9.317e-19,6.829e-20,3.958e-20,6.646e+1,3.989e+1,2.874e-8,5.618e-2,,1.070e-18,9.587e-22,5.870e+1,3.153e-1,6.732e-29,1.137e-19,3.341e-4,6.674e-1,8.239e-1,8.517e-2,2.869e+1,4.091e-19,3.013e-15,1.128e+1,2.389e-2,1.557e+1,,,7.369e-3,,,1.277e-11,,4.725e-12,,7.816e-19,,3.415e-1,,1.368e-17,,3.840e-15,1.753e-16
491.31,2.395e+2,4.338e-8,1.173e-27,1.269e-43,1.473e-19,,,9.663e-19,4.728e-22,,3.002e-15,2.771e-18,1.381e-11,1.003e-17,1.825e-19,1.580e-31,5.957e-21,2.359e-25,,9.317e-19,6.831e-20,4.600e-20,6.763e+1,3.826e+1,2.968e-8,7.010e-2,,1.069e-18,9.592e-22,6.908e+1,3.120e-1,6.732e-29,1.137e-19,3.251e-4,5.662e-1,6.061e-1,6.972e-2,3.486e+1,4.096e-19,1.448e-15,1.119e+1,3.131e-2,1.649e+1,,,5.512e-3,,,7.029e-12,,8.722e-12,,7.815e-19,,3.346e-1,,1.368e-17,,7.652e-15,1.753e-16
491.33,2.515e+2,5.830e-8,1.150e-27,1.268e-43,1.474e-19,,,9.668e-19,4.731e-22,,3.001e-15,2.768e-18,1.195e-11,1.003e-17,1.826e-19,1.579e-31,5.956e-21,2.358e-25,,9.317e-19,6.833e-20,5.065e-20,6.815e+1,3.707e+1,3.020e-8,8.094e-2,,1.068e-18,9.595e-22,7.671e+1,3.089e-1,6.733e-29,1.137e-19,3.183e-4,5.055e-1,4.919e-1,6.079e-2,3.957e+1,4.100e-19,8.845e-16,1.108e+1,3.738e-2,1.710e+1,,,4.524e-3,,,4.703e-12,,1.307e-11,,7.814e-19,,3.305e-1,,1.367e-17,,1.207e-14,1.753e-16
491.36,2.710e+2,9.032e-8,1.116e-27,1.267e-43,1.475e-19,,,9.676e-19,4.735e-22,,3.001e-15,2.764e-18,9.554e-12,1.003e-17,1.829e-19,1.576e-31,5.955e-21,2.355e-25,,9.317e-19,6.835e-20,5.818e-20,6.854e+1,3.514e+1,3.082e-8,9.981e-2,,1.067e-18,9.599e-22,8.925e+1,3.030e-1,6.733e-29,1.137e-19,3.071e-4,4.242e-1,3.575e-1,4.924e-2,4.762e+1,4.106e-19,4.199e-16,1.086e+1,4.851e-2,1.800e+1,,,3.344e-3,,,2.558e-12,,2.384e-11,,7.813e-19,,3.258e-1,,1.367e-17,,2.377e-14,1.753e-16
491.38,2.851e+2,1.204e-7,1.093e-27,1.267e-43,1.476e-19,,,9.682e-19,4.738e-22,,3.001e-15,2.761e-18,8.200e-12,1.003e-17,1.831e-19,1.575e-31,5.955e-21,2.354e-25,,9.317e-19,6.837e-20,6.357e-20,6.853e+1,3.377e+1,3.111e-8,1.143e-1,,1.067e-18,9.603e-22,9.836e+1,2.982e-1,6.734e-29,1.138e-19,2.991e-4,3.760e-1,2.879e-1,4.263e-2,5.369e+1,4.109e-19,2.545e-16,1.067e+1,5.750e-2,1.859e+1,,,2.723e-3,,,1.698e-12,,3.546e-11,,7.813e-19,,3.236e-1,,1.367e-17,,3.721e-14,1.754e-16
491.4,3.001e+2,1.601e-7,1.070e-27,1.266e-43,1.477e-19,,,9.687e-19,4.741e-22,,3.000e-15,2.758e-18,7.015e-12,1.003e-17,1.832e-19,1.573e-31,5.954e-21,2.352e-25,,9.317e-19,6.838e-20,6.923e-20,6.830e+1,3.235e+1,3.131e-8,1.305e-1,,1.066e-18,9.606e-22,1.081e+2,2.927e-1,6.734e-29,1.138e-19,2.908e-4,3.325e-1,2.310e-1,3.680e-2,6.036e+1,4.113e-19,1.537e-16,1.046e+1,6.795e-2,1.918e+1,,,2.210e-3,,,1.123e-12,,5.256e-11,,7.812e-19,,3.224e-1,,1.366e-17,,5.805e-14,1.754e-16
491.43,3.245e+2,2.439e-7,1.036e-27,1.265e-43,1.478e-19,,,9.695e-19,4.745e-22,,3.000e-15,2.754e-18,5.518e-12,1.003e-17,1.835e-19,1.571e-31,5.953e-21,2.349e-25,,9.318e-19,6.841e-20,7.822e-20,6.757e+1,3.016e+1,3.142e-8,1.583e-1,,1.065e-18,9.610e-22,1.238e+2,2.834e-1,6.735e-29,1.138e-19,2.780e-4,2.751e-1,1.651e-1,2.936e-2,7.154e+1,4.119e-19,7.176e-17,1.008e+1,8.679e-2,2.004e+1,,,1.606e-3,,,6.008e-13,,9.432e-11,,7.812e-19,,3.227e-1,,1.366e-17,,1.125e-13,1.754e-16
491.45,3.420e+2,3.218e-7,1.013e-27,1.265e-43,1.479e-19,,,9.700e-19,4.748e-22,,3.000e-15,2.751e-18,4.683e-12,1.003e-17,1.837e-19,1.570e-31,5.952e-21,2.348e-25,,9.318e-19,6.842e-20,8.452e-20,6.683e+1,2.867e+1,3.137e-8,1.794e-1,,1.064e-18,9.613e-22,1.350e+2,2.764e-1,6.735e-29,1.138e-19,2.694e-4,2.418e-1,1.315e-1,2.516e-2,7.981e+1,4.122e-19,4.301e-17,9.793e+0,1.018e-1,2.061e+1,,,1.294e-3,,,3.943e-13,,1.387e-10,,7.811e-19,,3.245e-1,,1.365e-17,,1.741e-13,1.754e-16
491.48,3.701e+2,4.845e-7,9.784e-28,1.264e-43,1.480e-19,,,9.708e-19,4.753e-22,,2.999e-15,2.747e-18,3.640e-12,1.003e-17,1.839e-19,1.567e-31,5.951e-21,2.345e-25,,9.318e-19,6.845e-20,9.437e-20,6.535e+1,2.641e+1,3.111e-8,2.150e-1,,1.063e-18,9.618e-22,1.528e+2,2.650e-1,6.736e-29,1.138e-19,2.568e-4,1.985e-1,9.286e-2,1.986e-2,9.352e+1,4.128e-19,1.983e-17,9.327e+0,1.285e-1,2.144e+1,,,9.291e-4,,,2.084e-13,,2.460e-10,,7.810e-19,,3.297e-1,,1.365e-17,,3.334e-13,1.755e-16
491.5,3.902e+2,6.340e-7,9.555e-28,1.263e-43,1.481e-19,,,9.714e-19,4.756e-22,,2.999e-15,2.744e-18,3.065e-12,1.003e-17,1.841e-19,1.566e-31,5.950e-21,2.344e-25,,9.318e-19,6.846e-20,1.012e-19,6.413e+1,2.490e+1,3.082e-8,2.417e-1,,1.063e-18,9.621e-22,1.654e+2,2.568e-1,6.736e-29,1.138e-19,2.487e-4,1.738e-1,7.336e-2,1.690e-2,1.035e+2,4.131e-19,1.179e-17,8.993e+0,1.495e-1,2.199e+1,,,7.422e-4,,,1.357e-13,,3.590e-10,,7.810e-19,,3.352e-1,,1.364e-17,,5.121e-13,1.755e-16
491.53,4.223e+2,9.435e-7,9.211e-28,1.262e-43,1.482e-19,,,9.722e-19,4.760e-22,,2.998e-15,2.740e-18,2.354e-12,1.003e-17,1.844e-19,1.564e-31,5.949e-21,2.341e-25,,9.318e-19,6.849e-20,1.116e-19,6.198e+1,2.267e+1,3.020e-8,2.863e-1,,1.062e-18,9.626e-22,1.852e+2,2.437e-1,6.736e-29,1.139e-19,2.375e-4,1.423e-1,5.119e-2,1.319e-2,1.199e+2,4.137e-19,1.175e-17,8.464e+0,1.865e-1,2.280e+1,,,5.267e-4,,,7.085e-14,,6.292e-10,,7.809e-19,,3.465e-1,,1.364e-17,,9.691e-13,1.755e-16
491.55,4.449e+2,1.225e-6,8.981e-28,1.262e-43,1.483e-19,,,9.727e-19,4.763e-22,,2.998e-15,2.737e-18,1.966e-12,1.003e-17,1.845e-19,1.562e-31,5.949e-21,2.340e-25,,9.318e-19,6.850e-20,1.187e-19,6.035e+1,2.121e+1,2.968e-8,3.192e-1,,1.061e-18,9.629e-22,1.989e+2,2.345e-1,6.737e-29,1.139e-19,2.307e-4,1.246e-1,4.012e-2,1.114e-2,1.318e+2,4.141e-19,1.172e-17,8.097e+0,2.153e-1,2.334e+1,,,4.174e-4,,,4.576e-14,,9.110e-10,,7.809e-19,,3.564e-1,,1.363e-17,,1.477e-12,1.756e-16
491.58,4.807e+2,1.802e-6,8.637e-28,1.261e-43,1.484e-19,,,9.735e-19,4.767e-22,,2.998e-15,2.733e-18,1.492e-12,1.003e-17,1.848e-19,1.560e-31,5.948e-21,2.337e-25,,9.318e-19,6.852e-20,1.295e-19,5.766e+1,1.908e+1,2.874e-8,3.737e-1,,1.060e-18,9.634e-22,2.201e+2,2.203e-1,6.737e-29,1.139e-19,2.220e-4,1.027e-1,2.766e-2,8.601e-3,1.508e+2,4.146e-19,1.167e-17,7.530e+0,2.655e-1,2.413e+1,,,2.928e-4,,,2.361e-14,,1.578e-9,,7.808e-19,,3.749e-1,,1.363e-17,,2.762e-12,1.756e-16
491.6,5.057e+2,2.321e-6,8.408e-28,1.260e-43,1.485e-19,,,9.740e-19,4.770e-22,,2.997e-15,2.730e-18,1.237e-12,1.003e-17,1.850e-19,1.558e-31,5.947e-21,2.335e-25,,9.318e-19,6.854e-20,1.366e-19,5.572e+1,1.771e+1,2.803e-8,4.134e-1,,1.059e-18,9.637e-22,2.347e+2,2.105e-1,6.738e-29,1.139e-19,2.172e-4,9.085e-2,2.151e-2,7.212e-3,1.644e+2,4.150e-19,1.164e-17,7.146e+0,3.040e-1,2.464e+1,,,2.302e-4,,,1.513e-14,,2.267e-9,,7.807e-19,,3.899e-1,,1.363e-17,,4.177e-12,1.756e-16
491.63,5.448e+2,3.373e-6,8.064e-28,1.259e-43,1.486e-19,,,9.748e-19,4.775e-22,,2.997e-15,2.726e-18,9.276e-13,1.002e-17,1.852e-19,1.556e-31,5.946e-21,2.333e-25,,9.318e-19,6.856e-20,1.472e-19,5.263e+1,1.574e+1,2.682e-8,4.783e-1,,1.058e-18,9.641e-22,2.568e+2,1.956e-1,6.738e-29,1.139e-19,2.120e-4,7.673e-2,1.466e-2,5.506e-3,1.860e+2,4.155e-19,1.160e-17,6.568e+0,3.705e-1,2.541e+1,,,1.595e-4,,,7.712e-15,,3.881e-9,,7.807e-19,,4.166e-1,,1.362e-17,,7.721e-12,1.756e-16
491.65,5.716e+2,4.311e-6,7.835e-28,1.259e-43,1.487e-19,,,9.754e-19,4.778e-22,,2.997e-15,2.723e-18,7.627e-13,1.002e-17,1.854e-19,1.554e-31,5.945e-21,2.331e-25,,9.318e-19,6.858e-20,1.541e-19,5.047e+1,1.449e+1,2.594e-8,5.250e-1,,1.058e-18,9.644e-22,2.717e+2,1.856e-1,6.739e-29,1.139e-19,2.098e-4,6.954e-2,1.130e-2,4.582e-3,2.012e+2,4.159e-19,1.157e-17,6.184e+0,4.209e-1,2.591e+1,,,1.244e-4,,,4.902e-15,,5.532e-9,,7.806e-19,,4.374e-1,,1.362e-17,,1.158e-11,1.757e-16
491.68,6.130e+2,6.193e-6,7.491e-28,1.258e-43,1.488e-19,,,9.762e-19,4.782e-22,,2.996e-15,2.719e-18,5.652e-13,1.002e-17,1.856e-19,1.552e-31,5.944e-21,2.329e-25,,9.318e-19,6.860e-20,1.641e-19,4.714e+1,1.273e+1,2.453e-8,6.001e-1,,1.057e-18,9.649e-22,2.940e+2,1.706e-1,6.739e-29,1.140e-19,2.089e-4,6.178e-2,7.610e-3,3.459e-3,2.251e+2,4.164e-19,1.152e-17,5.616e+0,5.069e-1,2.665e+1,,,8.518e-5,,,2.469e-15,,9.358e-9,,7.805e-19,,4.732e-1,,1.361e-17,,2.116e-11,1.757e-16
491.7,6.410e+2,7.853e-6,7.261e-28,1.257e-43,1.489e-19,,,9.767e-19,4.785e-22,,2.996e-15,2.716e-18,4.610e-13,1.002e-17,1.858e-19,1.551e-31,5.943e-21,2.327e-25,,9.318e-19,6.862e-20,1.705e-19,4.488e+1,1.163e+1,2.354e-8,6.535e-1,,1.056e-18,9.652e-22,3.086e+2,1.607e-1,6.740e-29,1.140e-19,2.099e-4,5.846e-2,5.823e-3,2.857e-3,2.415e+2,4.168e-19,1.149e-17,5.246e+0,5.715e-1,2.712e+1,,,6.591e-5,,,1.557e-15,,1.324e-8,,7.805e-19,,5.003e-1,,1.361e-17,,3.151e-11,1.757e-16
491.73,6.834e+2,1.115e-5,6.917e-28,1.256e-43,1.490e-19,,,9.775e-19,4.789e-22,,2.996e-15,2.712e-18,3.376e-13,1.002e-17,1.861e-19,1.548e-31,5.942e-21,2.325e-25,,9.319e-19,6.864e-20,1.794e-19,4.148e+1,1.010e+1,2.200e-8,7.383e-1,,1.055e-18,9.657e-22,3.302e+2,1.460e-1,6.740e-29,1.140e-19,2.140e-4,5.603e-2,3.874e-3,2.133e-3,2.670e+2,4.174e-19,1.145e-17,4.708e+0,6.800e-1,2.782e+1,,,4.460e-5,,,7.749e-16,,2.213e-8,,7.804e-19,,5.460e-1,,1.360e-17,,5.689e-11,1.758e-16
491.75,7.117e+2,1.403e-5,6.688e-28,1.256e-43,1.491e-19,,,9.781e-19,4.792e-22,,2.995e-15,2.709e-18,2.732e-13,1.002e-17,1.862e-19,1.547e-31,5.942e-21,2.323e-25,,9.319e-19,6.866e-20,1.848e-19,3.921e+1,9.150e+0,2.095e-8,7.977e-1,,1.054e-18,9.660e-22,3.440e+2,1.365e-1,6.741e-29,1.140e-19,2.185e-4,5.600e-2,2.941e-3,1.748e-3,2.843e+2,4.177e-19,1.142e-17,4.363e+0,7.606e-1,2.826e+1,,,3.424e-5,,,4.847e-16,,3.105e-8,,7.804e-19,,5.799e-1,,1.360e-17,,8.402e-11,1.758e-16
491.77,7.397e+2,1.759e-5,6.459e-28,1.255e-43,1.491e-19,,,9.786e-19,4.795e-22,,2.995e-15,2.707e-18,2.204e-13,1.002e-17,1.864e-19,1.545e-31,5.941e-21,2.321e-25,,9.319e-19,6.867e-20,1.899e-19,3.698e+1,8.266e+0,1.988e-8,8.592e-1,,1.054e-18,9.663e-22,3.574e+2,1.273e-1,6.741e-29,1.140e-19,2.244e-4,5.718e-2,2.225e-3,1.429e-3,3.018e+2,4.181e-19,1.139e-17,4.031e+0,8.481e-1,2.868e+1,,,2.620e-5,,,3.022e-16,,4.344e-8,,7.803e-19,,6.165e-1,,1.359e-17,,1.237e-10,1.758e-16
491.8,7.809e+2,2.456e-5,6.115e-28,1.254e-43,1.493e-19,,,9.794e-19,4.800e-22,,2.995e-15,2.703e-18,1.587e-13,1.002e-17,1.867e-19,1.543e-31,5.940e-21,2.319e-25,,9.319e-19,6.870e-20,1.965e-19,3.370e+1,7.057e+0,1.827e-8,9.547e-1,,1.053e-18,9.668e-22,3.763e+2,1.139e-1,6.742e-29,1.140e-19,2.361e-4,6.112e-2,1.456e-3,1.050e-3,3.282e+2,4.187e-19,1.134e-17,3.558e+0,9.926e-1,2.928e+1,,,1.743e-5,,,1.479e-16,,7.144e-8,,7.802e-19,,6.767e-1,,1.359e-17,,2.197e-10,1.758e-16
491.82,8.075e+2,3.056e-5,5.885e-28,1.253e-43,1.493e-19,,,9.799e-19,4.803e-22,,2.994e-15,2.700e-18,1.270e-13,1.002e-17,1.868e-19,1.541e-31,5.939e-21,2.317e-25,,9.319e-19,6.871e-20,2.003e-19,3.159e+1,6.325e+0,1.720e-8,1.020e+0,,1.052e-18,9.671e-22,3.880e+2,1.054e-1,6.742e-29,1.141e-19,2.457e-4,6.516e-2,1.093e-3,8.515e-4,3.457e+2,4.190e-19,1.131e-17,3.261e+0,1.098e+0,2.964e+1,,,1.323e-5,,,9.150e-17,,9.916e-8,,7.802e-19,,7.203e-1,,1.358e-17,,3.210e-10,1.759e-16
491.85,8.456e+2,4.218e-5,5.541e-28,1.253e-43,1.494e-19,,,9.807e-19,4.807e-22,,2.994e-15,2.696e-18,9.038e-14,1.002e-17,1.871e-19,1.539e-31,5.938e-21,2.315e-25,,9.319e-19,6.874e-20,2.048e-19,2.857e+1,5.336e+0,1.563e-8,1.120e+0,,1.051e-18,9.675e-22,4.038e+2,9.324e-2,6.742e-29,1.141e-19,2.628e-4,7.326e-2,7.065e-4,6.184e-4,3.716e+2,4.196e-19,1.127e-17,2.844e+0,1.270e+0,3.013e+1,,,8.700e-6,,,4.425e-17,,1.612e-7,,7.801e-19,,7.907e-1,,1.358e-17,,5.635e-10,1.759e-16
491.87,8.695e+2,5.207e-5,5.312e-28,1.252e-43,1.495e-19,,,9.813e-19,4.810e-22,,2.994e-15,2.693e-18,7.175e-14,1.002e-17,1.873e-19,1.538e-31,5.937e-21,2.313e-25,,9.319e-19,6.875e-20,2.071e-19,2.666e+1,4.745e+0,1.460e-8,1.188e+0,,1.050e-18,9.679e-22,4.132e+2,8.560e-2,6.743e-29,1.141e-19,2.760e-4,8.002e-2,5.261e-4,4.978e-4,3.884e+2,4.199e-19,1.124e-17,2.586e+0,1.394e+0,3.041e+1,,,6.552e-6,,,2.715e-17,,2.220e-7,,7.801e-19,,8.409e-1,,1.358e-17,,8.167e-10,1.759e-16
491.9,9.026e+2,7.101e-5,4.968e-28,1.251e-43,1.496e-19,,,9.821e-19,4.815e-22,,2.993e-15,2.689e-18,5.046e-14,1.002e-17,1.875e-19,1.535e-31,5.936e-21,2.311e-25,,9.319e-19,6.878e-20,2.093e-19,2.397e+1,3.955e+0,1.310e-8,1.289e+0,,1.049e-18,9.683e-22,4.252e+2,7.488e-2,6.743e-29,1.141e-19,2.981e-4,9.219e-2,3.361e-4,3.574e-4,4.125e+2,4.205e-19,1.119e-17,2.229e+0,1.593e+0,3.075e+1,,,4.257e-6,,,1.297e-17,,3.566e-7,,7.800e-19,,9.209e-1,,1.357e-17,,1.417e-9,1.760e-16
491.92,9.225e+2,8.699e-5,4.739e-28,1.250e-43,1.497e-19,,,9.826e-19,4.817e-22,,2.993e-15,2.686e-18,3.974e-14,1.002e-17,1.877e-19,1.534e-31,5.936e-21,2.309e-25,,9.319e-19,6.879e-20,2.100e-19,2.232e+1,3.489e+0,1.214e-8,1.356e+0,,1.049e-18,9.686e-22,4.317e+2,6.822e-2,6.744e-29,1.141e-19,3.144e-4,1.017e-1,2.483e-4,2.855e-4,4.278e+2,4.209e-19,1.116e-17,2.010e+0,1.735e+0,3.092e+1,,,3.180e-6,,,7.896e-18,,4.872e-7,,7.799e-19,,9.770e-1,,1.357e-17,,2.038e-9,1.760e-16
491.95,9.488e+2,1.172e-4,4.395e-28,1.249e-43,1.498e-19,,,9.834e-19,4.822e-22,,2.992e-15,2.682e-18,2.761e-14,1.002e-17,1.880e-19,1.531e-31,5.935e-21,2.307e-25,,9.319e-19,6.882e-20,2.098e-19,2.005e+1,2.874e+0,1.077e-8,1.454e+0,,1.048e-18,9.691e-22,4.393e+2,5.899e-2,6.744e-29,1.141e-19,3.410e-4,1.179e-1,1.567e-4,2.026e-4,4.492e+2,4.214e-19,1.112e-17,1.712e+0,1.960e+0,3.109e+1,,,2.042e-6,,,3.728e-18,,7.735e-7,,7.799e-19,,1.065e+0,,1.356e-17,,3.494e-9,1.760e-16
491.97,9.636e+2,1.425e-4,4.165e-28,1.249e-43,1.499e-19,,,9.839e-19,4.825e-22,,2.992e-15,2.679e-18,2.158e-14,1.002e-17,1.881e-19,1.530e-31,5.934e-21,2.305e-25,,9.319e-19,6.883e-20,2.088e-19,1.869e+1,2.516e+0,9.901e-9,1.517e+0,,1.047e-18,9.694e-22,4.426e+2,5.334e-2,6.745e-29,1.142e-19,3.599e-4,1.301e-1,1.149e-4,1.606e-4,4.622e+2,4.218e-19,1.109e-17,1.532e+0,2.118e+0,3.113e+1,,,1.513e-6,,,2.251e-18,,1.049e-6,,7.798e-19,,1.126e+0,,1.356e-17,,4.986e-9,1.760e-16
492,9.815e+2,1.898e-4,3.821e-28,1.248e-43,1.500e-19,,,9.848e-19,4.829e-22,,2.992e-15,2.675e-18,1.482e-14,1.002e-17,1.884e-19,1.528e-31,5.933e-21,2.302e-25,,9.319e-19,6.885e-20,2.061e-19,1.688e+1,2.048e+0,8.678e-9,1.608e+0,,1.046e-18,9.699e-22,4.452e+2,4.559e-2,6.745e-29,1.142e-19,3.898e-4,1.504e-1,7.165e-5,1.127e-4,4.796e+2,4.223e-19,1.104e-17,1.290e+0,2.364e+0,3.108e+1,,,9.600e-7,,,1.050e-18,,1.645e-6,,7.797e-19,,1.220e+0,,1.355e-17,,8.449e-9,1.761e-16
492.02,9.904e+2,2.288e-4,3.592e-28,1.247e-43,1.501e-19,,,9.853e-19,4.832e-22,,2.991e-15,2.672e-18,1.149e-14,1.002e-17,1.886e-19,1.526e-31,5.932e-21,2.301e-25,,9.320e-19,6.887e-20,2.035e-19,1.584e+1,1.778e+0,7.916e-9,1.664e+0,,1.045e-18,9.702e-22,4.452e+2,4.090e-2,6.746e-29,1.142e-19,4.105e-4,1.653e-1,5.210e-5,8.862e-5,4.897e+2,4.227e-19,1.101e-17,1.145e+0,2.534e+0,3.097e+1,,,7.059e-7,,,6.290e-19,,2.213e-6,,7.797e-19,,1.284e+0,,1.355e-17,,1.196e-8,1.761e-16
492.05,9.987e+2,3.012e-4,3.248e-28,1.246e-43,1.502e-19,,,9.861e-19,4.837e-22,,2.991e-15,2.668e-18,7.793e-15,1.002e-17,1.888e-19,1.524e-31,5.931e-21,2.298e-25,,9.320e-19,6.889e-20,1.985e-19,1.452e+1,1.430e+0,6.856e-9,1.743e+0,,1.044e-18,9.707e-22,4.427e+2,3.455e-2,6.746e-29,1.142e-19,4.424e-4,1.896e-1,3.211e-5,6.146e-5,5.023e+2,4.232e-19,1.097e-17,9.525e-1,2.795e+0,3.069e+1,,,4.425e-7,,,2.899e-19,,3.432e-6,,7.796e-19,,1.381e+0,,1.354e-17,,2.004e-8,1.761e-16
492.07,1.001e+3,3.604e-4,3.019e-28,1.246e-43,1.503e-19,,,9.866e-19,4.840e-22,,2.991e-15,2.665e-18,5.993e-15,1.002e-17,1.890e-19,1.522e-31,5.930e-21,2.297e-25,,9.320e-19,6.891e-20,1.944e-19,1.381e+1,1.232e+0,6.205e-9,1.791e+0,,1.044e-18,9.710e-22,4.394e+2,3.076e-2,6.747e-29,1.142e-19,4.639e-4,2.071e-1,2.316e-5,4.796e-5,5.088e+2,4.236e-19,1.094e-17,8.390e-1,2.973e+0,3.042e+1,,,3.228e-7,,,1.723e-19,,4.580e-6,,7.796e-19,,1.447e+0,,1.354e-17,,2.815e-8,1.761e-16
492.1,9.992e+2,4.689e-4,6.539e-28,1.245e-43,1.504e-19,,,9.874e-19,4.844e-22,,2.990e-15,2.661e-18,4.018e-15,1.002e-17,1.893e-19,1.520e-31,5.929e-21,2.294e-25,,9.320e-19,6.893e-20,1.874e-19,1.298e+1,9.794e-1,5.310e-9,1.853e+0,,1.043e-18,9.714e-22,4.320e+2,2.568e-2,6.747e-29,1.143e-19,4.962e-4,2.352e-1,1.410e-5,3.288e-5,5.158e+2,4.242e-19,1.090e-17,6.896e-1,3.241e+0,2.989e+1,,,1.999e-7,,,1.729e-19,,7.020e-6,,7.795e-19,,1.544e+0,,1.353e-17,,4.659e-8,1.762e-16
492.12,9.946e+2,5.565e-4,1.090e-27,1.244e-43,1.505e-19,,,9.880e-19,4.847e-22,,2.990e-15,2.658e-18,3.066e-15,1.002e-17,1.894e-19,1.519e-31,5.929e-21,2.293e-25,,9.320e-19,6.895e-20,1.822e-19,1.259e+1,8.370e-1,4.768e-9,1.889e+0,,1.042e-18,9.717e-22,4.254e+2,2.268e-2,6.748e-29,1.143e-19,5.175e-4,2.552e-1,1.009e-5,2.546e-5,5.185e+2,4.245e-19,1.087e-17,6.026e-1,3.419e+0,2.946e+1,,,1.447e-7,,,1.733e-19,,9.295e-6,,7.794e-19,,1.607e+0,,1.353e-17,,6.494e-8,1.762e-16
492.15,9.826e+2,7.155e-4,2.334e-27,1.243e-43,1.506e-19,,,9.888e-19,4.851e-22,,2.990e-15,2.654e-18,2.031e-15,1.002e-17,1.897e-19,1.516e-31,5.928e-21,2.290e-25,,9.320e-19,6.897e-20,1.735e-19,1.224e+1,6.574e-1,4.033e-9,1.932e+0,,1.041e-18,9.722e-22,4.135e+2,1.872e-2,6.748e-29,1.143e-19,5.485e-4,2.867e-1,6.074e-6,1.725e-5,5.195e+2,4.251e-19,1.082e-17,4.894e-1,3.684e+0,2.869e+1,,,8.854e-8,,,1.739e-19,,1.408e-5,,7.794e-19,,1.700e+0,,1.352e-17,,1.062e-7,1.762e-16
492.17,9.713e+2,8.427e-4,3.862e-27,1.243e-43,1.507e-19,,,9.893e-19,4.854e-22,,2.989e-15,2.651e-18,1.538e-15,1.002e-17,1.899e-19,1.515e-31,5.927e-21,2.288e-25,,9.320e-19,6.899e-20,1.673e-19,1.216e+1,5.575e-1,3.592e-9,1.953e+0,,1.040e-18,9.725e-22,4.041e+2,1.641e-2,6.748e-29,1.143e-19,5.684e-4,3.086e-1,4.312e-6,1.325e-5,5.181e+2,4.254e-19,1.079e-17,4.243e-1,3.857e+0,2.810e+1,,,6.357e-8,,,1.743e-19,,1.850e-5,,7.793e-19,,1.759e+0,,1.352e-17,,1.469e-7,1.763e-16
492.19,9.575e+2,9.893e-4,6.371e-27,1.242e-43,1.508e-19,,,9.898e-19,4.857e-22,,2.989e-15,2.648e-18,1.160e-15,1.002e-17,1.900e-19,1.513e-31,5.926e-21,2.287e-25,,9.320e-19,6.900e-20,1.608e-19,1.220e+1,4.712e-1,3.190e-9,1.969e+0,,1.040e-18,9.728e-22,3.938e+2,1.433e-2,6.749e-29,1.143e-19,5.873e-4,3.312e-1,3.052e-6,1.015e-5,5.151e+2,4.258e-19,1.076e-17,3.668e-1,4.024e+0,2.745e+1,,,4.550e-8,,,1.747e-19,,2.423e-5,,7.793e-19,,1.817e+0,,1.352e-17,,2.025e-7,1.763e-16
492.22,9.324e+2,1.251e-3,1.342e-26,1.241e-43,1.509e-19,,,9.906e-19,4.862e-22,,2.989e-15,2.644e-18,7.559e-16,1.002e-17,1.903e-19,1.511e-31,5.925e-21,2.284e-25,,9.320e-19,6.903e-20,1.507e-19,1.248e+1,3.640e-1,2.653e-9,1.980e+0,,1.039e-18,9.733e-22,3.766e+2,1.164e-2,6.749e-29,1.143e-19,6.137e-4,3.662e-1,1.806e-6,6.765e-6,5.077e+2,4.264e-19,1.072e-17,2.929e-1,4.265e+0,2.637e+1,,,2.738e-8,,,1.753e-19,,3.609e-5,,7.792e-19,,1.897e+0,,1.351e-17,,3.259e-7,1.763e-16
492.24,9.128e+2,1.457e-3,2.196e-26,1.241e-43,1.510e-19,,,9.912e-19,4.865e-22,,2.988e-15,2.641e-18,5.658e-16,1.002e-17,1.905e-19,1.509e-31,5.924e-21,2.283e-25,,9.320e-19,6.904e-20,1.437e-19,1.281e+1,3.052e-1,2.337e-9,1.980e+0,,1.038e-18,9.736e-22,3.641e+2,1.009e-2,6.750e-29,1.144e-19,6.296e-4,3.900e-1,1.268e-6,5.142e-6,5.009e+2,4.267e-19,1.069e-17,2.512e-1,4.415e+0,2.559e+1,,,1.944e-8,,,1.757e-19,,4.690e-5,,7.791e-19,,1.946e+0,,1.351e-17,,4.459e-7,1.763e-16
492.27,8.795e+2,1.821e-3,4.571e-26,1.240e-43,1.511e-19,,,9.920e-19,4.869e-22,,2.988e-15,2.637e-18,3.643e-16,1.002e-17,1.907e-19,1.507e-31,5.923e-21,2.280e-25,,9.320e-19,6.907e-20,1.330e-19,1.349e+1,2.330e-1,1.921e-9,1.969e+0,,1.037e-18,9.741e-22,3.443e+2,8.091e-3,6.750e-29,1.144e-19,6.507e-4,4.261e-1,7.414e-7,3.387e-6,4.880e+2,4.273e-19,1.064e-17,1.983e-1,4.624e+0,2.434e+1,,,1.156e-8,,,1.764e-19,,6.907e-5,,7.791e-19,,2.013e+0,,1.350e-17,,7.091e-7,1.764e-16
492.29,8.551e+2,2.105e-3,7.423e-26,1.239e-43,1.512e-19,,,9.925e-19,4.872e-22,,2.988e-15,2.634e-18,2.705e-16,1.002e-17,1.909e-19,1.506e-31,5.923e-21,2.279e-25,,9.320e-19,6.908e-20,1.259e-19,1.407e+1,1.938e-1,1.679e-9,1.953e+0,,1.037e-18,9.744e-22,3.304e+2,6.958e-3,6.751e-29,1.144e-19,6.627e-4,4.502e-1,5.163e-7,2.554e-6,4.777e+2,4.277e-19,1.061e-17,1.687e-1,4.749e+0,2.346e+1,,,8.144e-9,,,1.768e-19,,8.905e-5,,7.790e-19,,2.052e+0,,1.350e-17,,9.624e-7,1.764e-16
492.32,8.156e+2,2.600e-3,1.527e-25,1.238e-43,1.513e-19,,,9.933e-19,4.876e-22,,2.987e-15,2.630e-18,1.721e-16,1.002e-17,1.911e-19,1.503e-31,5.922e-21,2.276e-25,,9.321e-19,6.911e-20,1.152e-19,1.510e+1,1.462e-1,1.364e-9,1.919e+0,,1.036e-18,9.748e-22,3.087e+2,5.517e-3,6.751e-29,1.144e-19,6.772e-4,4.862e-1,2.983e-7,1.664e-6,4.599e+2,4.282e-19,1.057e-17,1.316e-1,4.915e+0,2.208e+1,,,4.786e-9,,,1.774e-19,,1.296e-4,,7.789e-19,,2.101e+0,,1.349e-17,,1.513e-6,1.764e-16
492.34,7.875e+2,2.981e-3,2.461e-25,1.238e-43,1.514e-19,,,9.939e-19,4.879e-22,,2.987e-15,2.627e-18,1.268e-16,1.002e-17,1.913e-19,1.502e-31,5.921e-21,2.274e-25,,9.321e-19,6.912e-20,1.081e-19,1.590e+1,1.207e-1,1.183e-9,1.889e+0,,1.035e-18,9.751e-22,2.940e+2,4.707e-3,6.752e-29,1.144e-19,6.844e-4,5.097e-1,2.061e-7,1.246e-6,4.467e+2,4.286e-19,1.054e-17,1.110e-1,5.009e+0,2.113e+1,,,3.344e-9,,,1.778e-19,,1.658e-4,,7.789e-19,,2.128e+0,,1.349e-17,,2.037e-6,1.765e-16
492.37,7.435e+2,3.638e-3,5.004e-25,1.237e-43,1.515e-19,,,9.947e-19,4.884e-22,,2.986e-15,2.623e-18,7.972e-17,1.002e-17,1.916e-19,1.499e-31,5.920e-21,2.272e-25,,9.321e-19,6.915e-20,9.774e-20,1.722e+1,8.995e-2,9.494e-10,1.834e+0,,1.034e-18,9.756e-22,2.716e+2,3.688e-3,6.752e-29,1.144e-19,6.914e-4,5.439e-1,1.177e-7,8.037e-7,4.251e+2,4.291e-19,1.049e-17,8.558e-2,5.123e+0,1.967e+1,,,1.942e-9,,,1.784e-19,,2.384e-4,,7.788e-19,,2.159e+0,,1.348e-17,,3.165e-6,1.765e-16
492.39,7.131e+2,4.139e-3,8.000e-25,1.236e-43,1.516e-19,,,9.952e-19,4.887e-22,,2.986e-15,2.620e-18,5.827e-17,1.002e-17,1.917e-19,1.498e-31,5.919e-21,2.270e-25,,9.321e-19,6.916e-20,9.103e-20,1.818e+1,7.365e-2,8.167e-10,1.792e+0,,1.033e-18,9.759e-22,2.567e+2,3.122e-3,6.753e-29,1.145e-19,6.934e-4,5.658e-1,8.068e-8,5.990e-7,4.097e+2,4.295e-19,1.046e-17,7.165e-2,5.180e+0,1.869e+1,,,1.346e-9,,,1.788e-19,,3.026e-4,,7.787e-19,,2.172e+0,,1.348e-17,,4.228e-6,1.765e-16
492.42,6.666e+2,4.993e-3,1.608e-24,1.235e-43,1.517e-19,,,9.960e-19,4.891e-22,,2.986e-15,2.616e-18,3.620e-17,1.002e-17,1.920e-19,1.496e-31,5.918e-21,2.268e-25,,9.321e-19,6.918e-20,8.133e-20,1.973e+1,5.425e-2,6.478e-10,1.719e+0,,1.032e-18,9.764e-22,2.344e+2,2.418e-3,6.753e-29,1.145e-19,6.923e-4,5.967e-1,4.551e-8,3.861e-7,3.854e+2,4.300e-19,1.042e-17,5.457e-2,5.235e+0,1.721e+1,,,7.724e-10,,,1.794e-19,,4.302e-4,,7.787e-19,,2.182e+0,,1.348e-17,,6.492e-6,1.765e-16
492.44,6.352e+2,5.636e-3,2.551e-24,1.235e-43,1.518e-19,,,9.965e-19,4.894e-22,,2.985e-15,2.613e-18,2.625e-17,1.002e-17,1.922e-19,1.494e-31,5.917e-21,2.266e-25,,9.321e-19,6.920e-20,7.515e-20,2.081e+1,4.407e-2,5.529e-10,1.666e+0,,1.032e-18,9.767e-22,2.198e+2,2.031e-3,6.754e-29,1.145e-19,6.889e-4,6.158e-1,3.095e-8,2.900e-7,3.685e+2,4.304e-19,1.039e-17,4.534e-2,5.252e+0,1.623e+1,,,5.312e-10,,,1.798e-19,,5.417e-4,,7.786e-19,,2.181e+0,,1.347e-17,,8.607e-6,1.766e-16
492.47,5.880e+2,6.719e-3,5.067e-24,1.234e-43,1.519e-19,,,9.973e-19,4.898e-22,,2.985e-15,2.609e-18,1.611e-17,1.002e-17,1.924e-19,1.492e-31,5.916e-21,2.264e-25,,9.321e-19,6.922e-20,6.635e-20,2.249e+1,3.208e-2,4.334e-10,1.580e+0,,1.031e-18,9.772e-22,1.985e+2,1.554e-3,6.754e-29,1.145e-19,6.799e-4,6.418e-1,1.725e-8,1.943e-7,3.426e+2,4.310e-19,1.034e-17,3.412e-2,5.246e+0,1.478e+1,,,3.012e-10,,,1.804e-19,,7.611e-4,,7.785e-19,,2.169e+0,,1.347e-17,,1.306e-5,1.766e-16
492.49,5.568e+2,7.525e-3,7.976e-24,1.233e-43,1.520e-19,,,9.979e-19,4.901e-22,,2.985e-15,2.606e-18,1.159e-17,1.002e-17,1.926e-19,1.490e-31,5.916e-21,2.262e-25,,9.321e-19,6.924e-20,6.083e-20,2.363e+1,2.585e-2,3.670e-10,1.520e+0,,1.030e-18,9.775e-22,1.847e+2,1.295e-3,6.754e-29,1.145e-19,6.713e-4,6.572e-1,1.164e-8,1.549e-7,3.250e+2,4.313e-19,1.031e-17,2.812e-2,5.221e+0,1.383e+1,,,2.055e-10,,,1.808e-19,,9.509e-4,,7.785e-19,,2.155e+0,,1.346e-17,,1.718e-5,1.766e-16
492.52,5.107e+2,8.866e-3,1.566e-23,1.232e-43,1.521e-19,,,9.987e-19,4.906e-22,,2.984e-15,2.602e-18,7.031e-18,1.002e-17,1.929e-19,1.488e-31,5.915e-21,2.260e-25,,9.321e-19,6.926e-20,5.307e-20,2.536e+1,1.860e-2,2.842e-10,1.425e+0,,1.029e-18,9.779e-22,1.648e+2,9.791e-4,6.755e-29,1.145e-19,6.547e-4,6.769e-1,6.412e-9,1.236e-7,2.987e+2,4.319e-19,1.027e-17,2.091e-2,5.153e+0,1.245e+1,,,1.151e-10,,,1.814e-19,,1.320e-3,,7.784e-19,,2.123e+0,,1.346e-17,,2.576e-5,1.767e-16
492.54,4.807e+2,9.851e-3,2.446e-23,1.232e-43,1.522e-19,,,9.992e-19,4.909e-22,,2.984e-15,2.599e-18,5.018e-18,1.002e-17,1.930e-19,1.486e-31,5.914e-21,2.258e-25,,9.321e-19,6.928e-20,4.827e-20,2.650e+1,1.487e-2,2.388e-10,1.360e+0,,1.028e-18,9.783e-22,1.522e+2,8.094e-4,6.755e-29,1.146e-19,6.414e-4,6.877e-1,4.291e-9,1.185e-7,2.812e+2,4.322e-19,1.024e-17,1.710e-2,5.089e+0,1.157e+1,,,7.792e-11,,,1.818e-19,,1.637e-3,,7.784e-19,,2.095e+0,,1.345e-17,,3.362e-5,1.767e-16
492.56,4.514e+2,1.091e-2,3.808e-23,1.231e-43,1.523e-19,,,9.997e-19,4.912e-22,,2.984e-15,2.597e-18,3.570e-18,1.002e-17,1.932e-19,1.485e-31,5.913e-21,2.256e-25,,9.321e-19,6.929e-20,4.376e-20,2.763e+1,1.185e-2,2.000e-10,1.294e+0,,1.028e-18,9.786e-22,1.401e+2,6.671e-4,6.756e-29,1.146e-19,6.264e-4,6.964e-1,2.863e-9,1.255e-7,2.639e+2,4.326e-19,1.021e-17,1.394e-2,5.009e+0,1.071e+1,,,5.258e-11,,,1.822e-19,,2.023e-3,,7.783e-19,,2.062e+0,,1.345e-17,,4.374e-5,1.767e-16
492.59,4.091e+2,1.264e-2,7.356e-23,1.230e-43,1.524e-19,,,1.001e-18,4.916e-22,,2.983e-15,2.592e-18,2.130e-18,1.002e-17,1.935e-19,1.483e-31,5.912e-21,2.254e-25,,9.321e-19,6.932e-20,3.756e-20,2.926e+1,8.383e-3,1.523e-10,1.194e+0,,1.027e-18,9.790e-22,1.230e+2,4.961e-4,6.756e-29,1.146e-19,6.009e-4,7.055e-1,1.551e-9,1.599e-7,2.385e+2,4.332e-19,1.016e-17,1.020e-2,4.863e+0,9.490e+0,,,2.897e-11,,,1.829e-19,,2.763e-3,,7.782e-19,,2.005e+0,,1.344e-17,,6.453e-5,1.767e-16
492.61,3.821e+2,1.390e-2,1.136e-22,1.230e-43,1.525e-19,,,1.001e-18,4.919e-22,,2.983e-15,2.590e-18,1.503e-18,1.002e-17,1.936e-19,1.481e-31,5.911e-21,2.252e-25,,9.321e-19,6.933e-20,3.378e-20,3.030e+1,6.629e-3,1.266e-10,1.128e+0,,1.026e-18,9.793e-22,1.124e+2,4.056e-4,6.757e-29,1.146e-19,5.822e-4,7.089e-1,1.026e-9,2.018e-7,2.221e+2,4.335e-19,1.013e-17,8.244e-3,4.749e+0,8.721e+0,,,1.939e-11,,,1.833e-19,,3.388e-3,,7.782e-19,,1.962e+0,,1.344e-17,,8.331e-5,1.768e-16
492.64,3.436e+2,1.592e-2,2.169e-22,1.229e-43,1.526e-19,,,1.002e-18,4.924e-22,,2.982e-15,2.585e-18,8.861e-19,1.002e-17,1.939e-19,1.479e-31,5.910e-21,2.250e-25,,9.322e-19,6.936e-20,2.865e-20,3.175e+1,4.634e-3,9.527e-11,1.030e+0,,1.025e-18,9.798e-22,9.755e+1,2.981e-4,6.757e-29,1.146e-19,5.520e-4,7.097e-1,5.494e-10,3.018e-7,1.984e+2,4.341e-19,1.009e-17,5.959e-3,4.557e+0,7.638e+0,,,1.055e-11,,,1.839e-19,,4.572e-3,,7.781e-19,,1.890e+0,,1.344e-17,,1.215e-4,1.768e-16
492.66,3.193e+2,1.735e-2,3.325e-22,1.228e-43,1.527e-19,,,1.002e-18,4.926e-22,,2.982e-15,2.583e-18,6.205e-19,1.002e-17,1.941e-19,1.477e-31,5.910e-21,2.248e-25,,9.322e-19,6.937e-20,2.557e-20,3.264e+1,3.635e-3,7.853e-11,9.666e-1,,1.024e-18,9.801e-22,8.842e+1,2.418e-4,6.758e-29,1.146e-19,5.306e-4,7.075e-1,3.608e-10,4.016e-7,1.833e+2,4.344e-19,1.006e-17,4.781e-3,4.415e+0,6.965e+0,,,7.009e-12,,,1.843e-19,,5.563e-3,,7.781e-19,,1.837e+0,,1.343e-17,,1.556e-4,1.768e-16
492.69,2.851e+2,1.964e-2,6.275e-22,1.227e-43,1.528e-19,,,1.003e-18,4.931e-22,,2.982e-15,2.578e-18,3.614e-19,1.002e-17,1.943e-19,1.475e-31,5.909e-21,2.246e-25,,9.322e-19,6.940e-20,2.143e-20,3.382e+1,2.511e-3,5.842e-11,8.741e-1,,1.023e-18,9.806e-22,7.587e+1,1.756e-4,6.758e-29,1.147e-19,4.972e-4,7.000e-1,1.908e-10,6.214e-7,1.619e+2,4.350e-19,1.001e-17,3.415e-3,4.186e+0,6.029e+0,,,3.770e-12,,,1.849e-19,,7.421e-3,,7.780e-19,,1.754e+0,,1.343e-17,,2.242e-4,1.768e-16
492.71,2.639e+2,2.125e-2,9.544e-22,1.227e-43,1.529e-19,,,1.004e-18,4.934e-22,,2.981e-15,2.576e-18,2.511e-19,1.002e-17,1.945e-19,1.474e-31,5.908e-21,2.244e-25,,9.322e-19,6.941e-20,1.897e-20,3.451e+1,1.954e-3,4.777e-11,8.150e-1,,1.023e-18,9.809e-22,6.824e+1,1.414e-4,6.759e-29,1.147e-19,4.742e-4,6.923e-1,1.243e-10,8.319e-7,1.484e+2,4.354e-19,9.984e-18,2.718e-3,4.024e+0,5.456e+0,,,2.484e-12,,,1.853e-19,,8.958e-3,,7.779e-19,,1.695e+0,,1.342e-17,,2.849e-4,1.769e-16
492.74,2.342e+2,2.377e-2,1.780e-21,1.226e-43,1.530e-19,,,1.005e-18,4.938e-22,,2.981e-15,2.572e-18,1.445e-19,1.002e-17,1.948e-19,1.471e-31,5.907e-21,2.241e-25,,9.322e-19,6.944e-20,1.571e-20,3.535e+1,1.334e-3,3.512e-11,7.308e-1,,1.022e-18,9.814e-22,5.787e+1,1.015e-4,6.759e-29,1.147e-19,4.391e-4,6.769e-1,6.496e-11,1.285e-6,1.295e+2,4.359e-19,9.939e-18,1.918e-3,3.771e+0,4.668e+0,,,1.320e-12,,,1.859e-19,,1.181e-2,,7.779e-19,,1.604e+0,,1.342e-17,,4.057e-4,1.769e-16
492.76,2.160e+2,2.551e-2,2.686e-21,1.225e-43,1.531e-19,,,1.005e-18,4.941e-22,,2.981e-15,2.569e-18,9.959e-20,1.002e-17,1.949e-19,1.470e-31,5.906e-21,2.240e-25,,9.322e-19,6.945e-20,1.380e-20,3.579e+1,1.030e-3,2.849e-11,6.780e-1,,1.021e-18,9.817e-22,5.165e+1,8.102e-5,6.760e-29,1.147e-19,4.155e-4,6.642e-1,4.198e-11,1.712e-6,1.178e+2,4.363e-19,9.910e-18,1.515e-3,3.597e+0,4.191e+0,,,8.629e-13,,,1.863e-19,,1.414e-2,,7.778e-19,,1.541e+0,,1.341e-17,,5.116e-4,1.769e-16
492.79,1.908e+2,2.820e-2,4.951e-21,1.224e-43,1.532e-19,,,1.006e-18,4.946e-22,,2.980e-15,2.565e-18,5.664e-20,1.002e-17,1.952e-19,1.467e-31,5.905e-21,2.237e-25,,9.322e-19,6.948e-20,1.129e-20,3.625e+1,6.948e-4,2.070e-11,6.044e-1,,1.020e-18,9.821e-22,4.330e+1,5.748e-5,6.760e-29,1.147e-19,3.802e-4,6.418e-1,2.168e-11,2.620e-6,1.016e+2,4.368e-19,9.865e-18,1.056e-3,3.330e+0,3.544e+0,,,4.532e-13,,,1.869e-19,,1.843e-2,,7.777e-19,,1.445e+0,,1.341e-17,,7.200e-4,1.770e-16
492.81,1.754e+2,3.003e-2,7.414e-21,1.224e-43,1.533e-19,,,1.006e-18,4.949e-22,,2.980e-15,2.562e-18,3.873e-20,1.002e-17,1.954e-19,1.466e-31,5.904e-21,2.236e-25,,9.322e-19,6.949e-20,9.843e-21,3.642e+1,5.323e-4,1.666e-11,5.591e-1,,1.019e-18,9.824e-22,3.835e+1,4.554e-5,6.760e-29,1.147e-19,3.569e-4,6.249e-1,1.390e-11,3.467e-6,9.173e+1,4.372e-19,9.835e-18,8.276e-4,3.151e+0,3.157e+0,,,2.938e-13,,,1.873e-19,,2.190e-2,,7.777e-19,,1.380e+0,,1.340e-17,,9.008e-4,1.770e-16
492.84,1.544e+2,3.281e-2,1.351e-20,1.223e-43,1.534e-19,,,1.007e-18,4.953e-22,,2.980e-15,2.558e-18,2.177e-20,1.002e-17,1.956e-19,1.464e-31,5.903e-21,2.233e-25,,9.322e-19,6.951e-20,7.960e-21,3.646e+1,3.548e-4,1.196e-11,4.972e-1,,1.018e-18,9.829e-22,3.178e+1,3.195e-5,6.761e-29,1.148e-19,3.228e-4,5.967e-1,7.092e-12,5.247e-6,7.820e+1,4.378e-19,9.790e-18,5.704e-4,2.884e+0,2.639e+0,,,1.525e-13,,,1.879e-19,,2.820e-2,,7.776e-19,,1.283e+0,,1.340e-17,,1.253e-3,1.770e-16
492.86,1.417e+2,3.467e-2,2.007e-20,1.222e-43,1.535e-19,,,1.008e-18,4.956e-22,,2.979e-15,2.555e-18,1.476e-20,1.002e-17,1.958e-19,1.462e-31,5.903e-21,2.232e-25,,9.322e-19,6.953e-20,6.883e-21,3.634e+1,2.696e-4,9.549e-12,4.601e-1,,1.018e-18,9.832e-22,2.793e+1,2.514e-5,6.761e-29,1.148e-19,3.007e-4,5.764e-1,4.510e-12,6.891e-6,7.003e+1,4.381e-19,9.760e-18,4.433e-4,2.708e+0,2.332e+0,,,9.809e-14,,,1.883e-19,,3.325e-2,,7.776e-19,,1.219e+0,,1.340e-17,,1.555e-3,1.770e-16
492.89,1.244e+2,3.743e-2,3.614e-20,1.221e-43,1.536e-19,,,1.009e-18,4.960e-22,,2.979e-15,2.551e-18,8.200e-21,1.002e-17,1.960e-19,1.460e-31,5.901e-21,2.229e-25,,9.322e-19,6.955e-20,5.501e-21,3.595e+1,1.776e-4,6.774e-12,4.106e-1,,1.017e-18,9.837e-22,2.287e+1,1.748e-5,6.762e-29,1.148e-19,2.687e-4,5.439e-1,2.274e-12,1.031e-5,5.901e+1,4.387e-19,9.715e-18,3.020e-4,2.449e+0,1.927e+0,,,5.030e-14,,,1.890e-19,,4.232e-2,,7.775e-19,,1.124e+0,,1.339e-17,,2.139e-3,1.771e-16
492.91,1.140e+2,3.924e-2,5.328e-20,1.221e-43,1.536e-19,,,1.009e-18,4.963e-22,,2.979e-15,2.548e-18,5.518e-21,1.002e-17,1.962e-19,1.458e-31,5.901e-21,2.227e-25,,9.323e-19,6.957e-20,4.719e-21,3.556e+1,1.339e-4,5.367e-12,3.817e-1,,1.016e-18,9.840e-22,1.995e+1,1.370e-5,6.762e-29,1.148e-19,2.483e-4,5.213e-1,1.435e-12,1.344e-5,5.244e+1,4.390e-19,9.685e-18,2.328e-4,2.281e+0,1.690e+0,,,3.210e-14,,,1.894e-19,,4.950e-2,,7.774e-19,,1.061e+0,,1.339e-17,,2.634e-3,1.771e-16
492.93,1.044e+2,4.101e-2,7.831e-20,1.220e-43,1.537e-19,,,1.010e-18,4.966e-22,,2.978e-15,2.545e-18,3.702e-21,1.002e-17,1.964e-19,1.457e-31,5.900e-21,2.226e-25,,9.323e-19,6.959e-20,4.035e-21,3.506e+1,1.006e-4,4.238e-12,3.561e-1,,1.015e-18,9.843e-22,1.734e+1,1.074e-5,6.763e-29,1.148e-19,2.287e-4,4.980e-1,9.025e-13,1.747e-5,4.645e+1,4.394e-19,9.656e-18,1.790e-4,2.118e+0,1.477e+0,,,2.042e-14,,,1.898e-19,,5.773e-2,,7.774e-19,,1.000e+0,,1.338e-17,,3.234e-3,1.771e-16
492.96,9.149e+1,4.355e-2,1.387e-19,1.219e-43,1.538e-19,,,1.010e-18,4.971e-22,,2.978e-15,2.541e-18,2.022e-21,1.002e-17,1.966e-19,1.454e-31,5.899e-21,2.223e-25,,9.323e-19,6.961e-20,3.172e-21,3.412e+1,6.520e-5,2.957e-12,3.237e-1,,1.014e-18,9.848e-22,1.397e+1,7.504e-6,6.763e-29,1.148e-19,2.011e-4,4.622e-1,4.475e-13,2.574e-5,3.850e+1,4.400e-19,9.611e-18,1.199e-4,1.884e+0,1.200e+0,,,1.030e-14,,,1.904e-19,,7.227e-2,,7.773e-19,,9.116e-1,,1.338e-17,,4.373e-3,1.772e-16
492.98,8.378e+1,4.515e-2,2.023e-19,1.218e-43,1.539e-19,,,1.011e-18,4.974e-22,,2.978e-15,2.538e-18,1.345e-21,1.002e-17,1.968e-19,1.453e-31,5.898e-21,2.222e-25,,9.323e-19,6.962e-20,2.691e-21,3.338e+1,4.862e-5,2.317e-12,3.060e-1,,1.014e-18,9.851e-22,1.205e+1,5.978e-6,6.764e-29,1.149e-19,1.838e-4,4.381e-1,2.792e-13,3.321e-5,3.384e+1,4.403e-19,9.581e-18,9.141e-5,1.736e+0,1.041e+0,,,6.499e-15,,,1.908e-19,,8.362e-2,,7.773e-19,,8.544e-1,,1.337e-17,,5.328e-3,1.772e-16
493.01,7.341e+1,4.739e-2,3.542e-19,1.217e-43,1.540e-19,,,1.012e-18,4.978e-22,,2.977e-15,2.534e-18,7.261e-22,1.002e-17,1.971e-19,1.451e-31,5.897e-21,2.219e-25,,9.323e-19,6.965e-20,2.090e-21,3.210e+1,3.112e-5,1.597e-12,2.851e-1,,1.013e-18,9.855e-22,9.598e+0,4.415e-6,6.764e-29,1.149e-19,1.596e-4,4.019e-1,1.368e-13,4.839e-5,2.772e+1,4.409e-19,9.536e-18,6.051e-5,1.526e+0,8.359e-1,,,3.238e-15,,,1.914e-19,,1.035e-1,,7.772e-19,,7.721e-1,,1.337e-17,,7.121e-3,1.772e-16
493.03,6.722e+1,4.875e-2,5.125e-19,1.217e-43,1.541e-19,,,1.012e-18,4.981e-22,,2.977e-15,2.531e-18,4.794e-22,1.002e-17,1.972e-19,1.449e-31,5.897e-21,2.218e-25,,9.323e-19,6.966e-20,1.759e-21,3.116e+1,2.302e-5,1.242e-12,2.747e-1,,1.012e-18,9.859e-22,8.215e+0,3.770e-6,6.765e-29,1.149e-19,1.447e-4,3.779e-1,8.469e-14,6.197e-5,2.418e+1,4.412e-19,9.506e-18,4.578e-5,1.395e+0,7.193e-1,,,2.027e-15,,,1.918e-19,,1.188e-1,,7.771e-19,,7.197e-1,,1.336e-17,,8.607e-3,1.772e-16
493.06,5.891e+1,5.057e-2,8.868e-19,1.216e-43,1.542e-19,,,1.013e-18,4.985e-22,,2.976e-15,2.527e-18,2.557e-22,1.002e-17,1.975e-19,1.447e-31,5.896e-21,2.215e-25,,9.323e-19,6.969e-20,1.351e-21,2.963e+1,1.456e-5,8.459e-13,2.641e-1,,1.011e-18,9.863e-22,6.467e+0,3.299e-6,6.765e-29,1.149e-19,1.242e-4,3.426e-1,4.100e-14,8.932e-5,1.958e+1,4.418e-19,9.461e-18,2.994e-5,1.212e+0,5.708e-1,,,9.983e-16,,,1.924e-19,,1.452e-1,,7.771e-19,,6.450e-1,,1.336e-17,,1.137e-2,1.773e-16
493.08,5.396e+1,5.161e-2,1.273e-18,1.215e-43,1.543e-19,,,1.014e-18,4.988e-22,,2.976e-15,2.524e-18,1.675e-22,1.002e-17,1.977e-19,1.445e-31,5.895e-21,2.213e-25,,9.323e-19,6.970e-20,1.128e-21,2.853e+1,1.069e-5,6.523e-13,2.601e-1,,1.010e-18,9.866e-22,5.492e+0,3.291e-6,6.766e-29,1.149e-19,1.118e-4,3.196e-1,2.518e-14,1.135e-4,1.694e+1,4.422e-19,9.432e-18,2.248e-5,1.100e+0,4.873e-1,,,6.200e-16,,,1.928e-19,,1.654e-1,,7.770e-19,,5.979e-1,,1.336e-17,,1.364e-2,1.773e-16
493.11,4.732e+1,5.291e-2,2.178e-18,1.214e-43,1.544e-19,,,1.014e-18,4.993e-22,,2.976e-15,2.520e-18,8.824e-23,1.002e-17,1.979e-19,1.443e-31,5.894e-21,2.211e-25,,9.323e-19,6.973e-20,8.556e-22,2.681e+1,6.680e-6,4.392e-13,2.586e-1,,1.009e-18,9.871e-22,4.274e+0,3.734e-6,6.766e-29,1.150e-19,9.483e-5,2.863e-1,1.205e-14,1.619e-4,1.356e+1,4.427e-19,9.387e-18,1.453e-5,9.452e-1,3.822e-1,,,3.017e-16,,,1.934e-19,,1.999e-1,,7.769e-19,,5.315e-1,,1.335e-17,,1.780e-2,1.773e-16
493.13,4.336e+1,5.358e-2,3.102e-18,1.214e-43,1.545e-19,,,1.015e-18,4.996e-22,,2.975e-15,2.517e-18,5.734e-23,1.002e-17,1.981e-19,1.441e-31,5.893e-21,2.209e-25,,9.323e-19,6.974e-20,7.089e-22,2.562e+1,4.864e-6,3.360e-13,2.601e-1,,1.009e-18,9.874e-22,3.601e+0,4.360e-6,6.767e-29,1.150e-19,8.464e-5,2.651e-1,7.339e-15,2.043e-4,1.164e+1,4.431e-19,9.357e-18,1.082e-5,8.513e-1,3.237e-1,,,1.859e-16,,,1.938e-19,,2.259e-1,,7.769e-19,,4.899e-1,,1.335e-17,,2.118e-2,1.773e-16
493.16,3.804e+1,5.428e-2,5.245e-18,1.213e-43,1.546e-19,,,1.016e-18,5.000e-22,,2.975e-15,2.513e-18,2.986e-23,1.002e-17,1.984e-19,1.439e-31,5.892e-21,2.207e-25,,9.323e-19,6.977e-20,5.315e-22,2.380e+1,3.005e-6,2.235e-13,2.661e-1,,1.008e-18,9.879e-22,2.770e+0,5.890e-6,6.767e-29,1.150e-19,7.096e-5,2.347e-1,3.469e-15,2.882e-4,9.209e+0,4.436e-19,9.312e-18,6.910e-6,7.238e-1,2.509e-1,,,8.937e-17,,,1.944e-19,,2.699e-1,,7.768e-19,,4.319e-1,,1.334e-17,,2.733e-2,1.774e-16
493.18,3.487e+1,5.453e-2,7.413e-18,1.212e-43,1.547e-19,,,1.016e-18,5.003e-22,,2.975e-15,2.510e-18,1.925e-23,1.002e-17,1.985e-19,1.438e-31,5.891e-21,2.205e-25,,9.323e-19,6.978e-20,4.369e-22,2.257e+1,2.170e-6,1.697e-13,2.721e-1,,1.007e-18,9.882e-22,2.316e+0,7.391e-6,6.767e-29,1.150e-19,6.284e-5,2.155e-1,2.097e-15,3.611e-4,7.846e+0,4.440e-19,9.282e-18,5.105e-6,6.475e-1,2.109e-1,,,5.463e-17,,,1.949e-19,,3.026e-1,,7.768e-19,,3.959e-1,,1.334e-17,,3.227e-2,1.774e-16
493.21,3.061e+1,5.460e-2,1.239e-17,1.211e-43,1.548e-19,,,1.017e-18,5.007e-22,,2.974e-15,2.506e-18,9.905e-24,1.001e-17,1.988e-19,1.435e-31,1.272e-20,2.203e-25,,9.324e-19,6.981e-20,3.237e-22,2.073e+1,1.325e-6,1.116e-13,2.840e-1,,1.006e-18,9.886e-22,1.760e+0,1.058e-5,6.768e-29,1.150e-19,5.206e-5,1.886e-1,9.793e-16,5.039e-4,6.136e+0,4.446e-19,9.237e-18,3.222e-6,5.456e-1,1.615e-1,,,2.595e-17,,,1.955e-19,,3.572e-1,,7.767e-19,,3.461e-1,,1.333e-17,,4.115e-2,1.774e-16
493.23,2.807e+1,5.443e-2,1.737e-17,1.211e-43,1.549e-19,,,1.018e-18,5.010e-22,,2.974e-15,2.503e-18,6.335e-24,1.001e-17,1.990e-19,1.434e-31,2.116e-20,2.201e-25,,9.324e-19,6.982e-20,2.641e-22,1.952e+1,9.495e-7,8.401e-14,2.934e-1,,1.006e-18,9.890e-22,1.460e+0,1.351e-5,6.768e-29,1.150e-19,4.574e-5,1.718e-1,5.872e-16,6.271e-4,5.189e+0,4.449e-19,9.208e-18,2.362e-6,4.856e-1,1.347e-1,,,1.574e-17,,,1.959e-19,,3.974e-1,,7.766e-19,,3.155e-1,,1.333e-17,,4.821e-2,1.775e-16
493.26,2.466e+1,5.385e-2,2.869e-17,1.210e-43,1.550e-19,,,1.018e-18,5.015e-22,,2.974e-15,2.499e-18,3.221e-24,1.001e-17,1.992e-19,1.432e-31,4.514e-20,2.199e-25,,9.324e-19,6.984e-20,1.935e-22,1.773e+1,5.727e-7,5.458e-14,3.095e-1,,1.005e-18,9.894e-22,1.097e+0,1.951e-5,6.769e-29,1.151e-19,3.745e-5,1.486e-1,2.710e-16,8.659e-4,4.013e+0,4.455e-19,9.163e-18,1.473e-6,4.068e-1,1.019e-1,,,7.388e-18,,,1.965e-19,,4.636e-1,,7.766e-19,,2.734e-1,,1.332e-17,,6.076e-2,1.775e-16
493.28,2.263e+1,5.326e-2,3.993e-17,1.209e-43,1.551e-19,,,1.019e-18,5.018e-22,,2.973e-15,2.496e-18,2.044e-24,1.001e-17,1.994e-19,1.430e-31,7.452e-20,2.197e-25,,9.324e-19,6.986e-20,1.567e-22,1.657e+1,4.072e-7,4.078e-14,3.213e-1,,1.004e-18,9.897e-22,9.032e-1,2.488e-5,6.769e-29,1.151e-19,3.265e-5,1.343e-1,1.612e-16,1.070e-3,3.369e+0,4.458e-19,9.133e-18,1.071e-6,3.613e-1,8.432e-2,,,4.445e-18,,,1.969e-19,,5.117e-1,,7.765e-19,,2.478e-1,,1.332e-17,,7.062e-2,1.775e-16
493.3,2.078e+1,5.251e-2,5.539e-17,1.209e-43,1.552e-19,,,1.020e-18,5.021e-22,,2.973e-15,2.493e-18,1.293e-24,1.001e-17,1.996e-19,1.429e-31,1.226e-19,2.195e-25,,9.324e-19,6.988e-20,1.266e-22,1.544e+1,2.886e-7,3.037e-14,3.336e-1,,1.003e-18,9.900e-22,7.412e-1,3.167e-5,6.770e-29,1.151e-19,2.837e-5,1.211e-1,1.612e-16,1.319e-3,2.821e+0,4.462e-19,9.103e-18,7.763e-7,3.211e-1,6.953e-2,,,2.665e-18,,,1.973e-19,,5.631e-1,,7.765e-19,,2.240e-1,,1.331e-17,,8.182e-2,1.775e-16
493.33,1.830e+1,5.111e-2,8.999e-17,1.208e-43,1.553e-19,,,1.020e-18,5.025e-22,,2.973e-15,2.489e-18,6.464e-25,1.001e-17,1.998e-19,1.426e-31,2.574e-19,2.193e-25,,9.324e-19,6.990e-20,9.156e-23,1.383e+1,1.712e-7,1.941e-14,3.528e-1,,1.002e-18,9.905e-22,5.478e-1,4.525e-5,6.770e-29,1.151e-19,2.284e-5,1.030e-1,1.611e-16,1.795e-3,2.152e+0,4.468e-19,9.058e-18,4.762e-7,2.702e-1,5.176e-2,,,1.230e-18,,,1.979e-19,,6.462e-1,,7.764e-19,,1.918e-1,,1.331e-17,,1.014e-1,1.776e-16
493.35,1.683e+1,5.000e-2,1.239e-16,1.207e-43,1.554e-19,,,1.021e-18,5.028e-22,,2.972e-15,2.487e-18,4.056e-25,1.001e-17,2.000e-19,1.425e-31,4.204e-19,2.191e-25,,9.324e-19,6.992e-20,7.366e-23,1.281e+1,1.204e-7,1.434e-14,3.659e-1,,1.002e-18,9.908e-22,4.460e-1,5.722e-5,6.771e-29,1.151e-19,1.970e-5,9.212e-2,1.611e-16,2.197e-3,1.793e+0,4.471e-19,9.028e-18,3.425e-7,2.421e-1,4.235e-2,,,7.321e-19,,,1.983e-19,,7.055e-1,,7.763e-19,,1.724e-1,,1.331e-17,,1.166e-1,1.776e-16
493.38,1.489e+1,4.809e-2,1.989e-16,1.206e-43,1.555e-19,,,1.022e-18,5.033e-22,,2.972e-15,2.482e-18,2.004e-25,1.001e-17,2.003e-19,1.422e-31,8.721e-19,2.189e-25,,9.324e-19,6.994e-20,5.321e-23,1.136e+1,7.056e-8,9.054e-15,3.853e-1,,1.001e-18,9.913e-22,3.258e-1,8.089e-5,6.771e-29,1.151e-19,1.567e-5,7.748e-2,1.611e-16,2.961e-3,1.360e+0,4.477e-19,8.984e-18,2.076e-7,2.082e-1,3.116e-2,,,7.402e-19,,,1.989e-19,,8.002e-1,,7.762e-19,,1.463e-1,,1.330e-17,,1.429e-1,1.776e-16
493.4,1.375e+1,4.667e-2,2.717e-16,1.206e-43,1.556e-19,,,1.022e-18,5.035e-22,,2.972e-15,2.480e-18,1.248e-25,1.001e-17,2.004e-19,1.421e-31,1.413e-18,2.187e-25,,9.324e-19,6.995e-20,4.301e-23,1.046e+1,4.923e-8,6.637e-15,3.980e-1,,9.999e-19,9.916e-22,2.632e-1,1.015e-4,6.772e-29,1.152e-19,1.341e-5,6.878e-2,1.610e-16,3.601e-3,1.132e+0,4.480e-19,8.954e-18,1.481e-7,1.908e-1,2.529e-2,,,7.456e-19,,,1.993e-19,,8.668e-1,,7.762e-19,,1.307e-1,,1.330e-17,,1.630e-1,1.777e-16
493.43,1.226e+1,4.436e-2,4.312e-16,1.205e-43,1.557e-19,,,1.023e-18,5.040e-22,,2.971e-15,2.475e-18,6.092e-26,1.001e-17,2.007e-19,1.419e-31,2.898e-18,2.185e-25,,9.324e-19,6.998e-20,3.177e-23,9.217e+0,2.851e-8,4.141e-15,4.162e-1,,9.989e-19,9.921e-22,1.900e-1,1.419e-4,6.772e-29,1.152e-19,1.054e-5,5.723e-2,1.610e-16,4.804e-3,8.622e-1,4.486e-19,8.909e-18,8.872e-8,1.720e-1,1.839e-2,,,7.538e-19,,,1.999e-19,,9.715e-1,,7.761e-19,,1.099e-1,,1.329e-17,,1.974e-1,1.777e-16
493.45,1.140e+1,4.272e-2,5.843e-16,1.204e-43,1.558e-19,,,1.024e-18,5.043e-22,,2.971e-15,2.473e-18,3.763e-26,1.001e-17,2.009e-19,1.417e-31,4.660e-18,2.183e-25,,9.324e-19,6.999e-20,2.648e-23,8.454e+0,1.973e-8,3.012e-15,4.276e-1,,9.983e-19,9.924e-22,1.523e-1,1.768e-4,6.773e-29,1.152e-19,8.948e-6,5.045e-2,1.610e-16,5.804e-3,7.235e-1,4.490e-19,8.879e-18,6.280e-8,1.642e-1,1.481e-2,,,7.592e-19,,,2.003e-19,,1.044e+0,,7.761e-19,,9.763e-2,,1.329e-17,,2.234e-1,1.777e-16
493.48,1.030e+1,4.013e-2,9.166e-16,1.203e-43,1.559e-19,,,1.024e-18,5.047e-22,,2.970e-15,2.468e-18,1.815e-26,1.001e-17,2.011e-19,1.415e-31,9.445e-18,2.181e-25,,9.324e-19,7.002e-20,2.125e-23,7.413e+0,1.130e-8,1.857e-15,4.432e-1,,9.973e-19,9.928e-22,1.087e-1,2.444e-4,6.773e-29,1.152e-19,6.954e-6,4.158e-2,1.609e-16,7.670e-3,5.658e-1,4.495e-19,8.834e-18,3.717e-8,1.592e-1,1.064e-2,,,7.673e-19,,,2.010e-19,,1.157e+0,,7.760e-19,,8.136e-2,,1.328e-17,,2.674e-1,1.777e-16
493.5,9.674e+0,3.834e-2,1.233e-15,1.203e-43,1.560e-19,,,1.025e-18,5.050e-22,,2.970e-15,2.466e-18,1.112e-26,1.001e-17,2.013e-19,1.413e-31,1.507e-17,2.179e-25,,9.324e-19,7.003e-20,1.931e-23,6.787e+0,7.756e-9,1.340e-15,4.524e-1,,9.966e-19,9.931e-22,8.645e-2,3.021e-4,6.773e-29,1.152e-19,5.855e-6,3.646e-2,1.609e-16,9.207e-3,4.890e-1,4.499e-19,8.804e-18,2.610e-8,1.604e-1,8.500e-3,,,7.728e-19,,,2.014e-19,,1.234e+0,,7.759e-19,,7.184e-2,,1.328e-17,,3.002e-1,1.778e-16
493.53,8.901e+0,3.559e-2,1.911e-15,1.202e-43,1.561e-19,,,1.026e-18,5.055e-22,,2.970e-15,2.461e-18,5.303e-27,1.001e-17,2.015e-19,1.411e-31,3.019e-17,2.176e-25,,9.325e-19,7.006e-20,1.849e-23,5.949e+0,4.387e-9,8.164e-16,4.642e-1,,9.957e-19,9.936e-22,6.097e-2,4.129e-4,6.774e-29,1.152e-19,4.497e-6,2.987e-2,1.609e-16,1.205e-2,4.090e-1,4.504e-19,8.759e-18,1.527e-8,1.688e-1,6.035e-3,,,7.809e-19,,,2.020e-19,,1.351e+0,,7.759e-19,,5.935e-2,,1.327e-17,,3.552e-1,1.778e-16
493.55,8.486e+0,3.374e-2,2.550e-15,1.201e-43,1.562e-19,,,1.026e-18,5.058e-22,,2.969e-15,2.459e-18,3.223e-27,1.001e-17,2.017e-19,1.409e-31,4.780e-17,2.175e-25,,9.325e-19,7.007e-20,1.927e-23,5.456e+0,2.988e-9,5.844e-16,4.706e-1,,9.950e-19,9.939e-22,4.811e-2,5.066e-4,6.774e-29,1.153e-19,3.757e-6,2.613e-2,1.608e-16,1.438e-2,3.760e-1,4.508e-19,8.730e-18,1.064e-8,1.788e-1,4.784e-3,,,7.863e-19,,,2.024e-19,,1.429e+0,,7.758e-19,,5.212e-2,,1.327e-17,,3.957e-1,1.778e-16
493.58,8.002e+0,3.096e-2,3.907e-15,1.200e-43,1.563e-19,,,1.027e-18,5.062e-22,,2.969e-15,2.454e-18,1.519e-27,1.001e-17,2.020e-19,1.407e-31,9.465e-17,2.172e-25,,9.325e-19,7.010e-20,2.248e-23,4.810e+0,1.670e-9,3.519e-16,4.778e-1,,9.940e-19,9.944e-22,3.354e-2,6.845e-4,6.775e-29,1.153e-19,2.851e-6,2.143e-2,1.608e-16,1.865e-2,3.526e-1,4.514e-19,8.685e-18,6.149e-9,2.007e-1,3.357e-3,,,7.945e-19,,,2.030e-19,,1.546e+0,,7.757e-19,,4.273e-2,,1.326e-17,,4.626e-1,1.779e-16
493.6,7.765e+0,2.912e-2,5.173e-15,1.200e-43,1.564e-19,,,1.028e-18,5.065e-22,,2.969e-15,2.452e-18,9.158e-28,1.001e-17,2.021e-19,1.406e-31,1.487e-16,2.171e-25,,9.325e-19,7.011e-20,2.610e-23,4.439e+0,1.129e-9,2.499e-16,4.810e-1,,9.933e-19,9.947e-22,2.626e-2,8.334e-4,6.775e-29,1.153e-19,2.363e-6,1.885e-2,1.608e-16,2.212e-2,3.528e-1,4.517e-19,8.655e-18,4.250e-9,2.200e-1,2.640e-3,,,7.999e-19,,,2.034e-19,,1.623e+0,,7.757e-19,,3.736e-2,,1.326e-17,,5.114e-1,1.779e-16
493.63,7.529e+0,2.640e-2,7.834e-15,1.199e-43,1.565e-19,,,1.028e-18,5.069e-22,,2.968e-15,2.447e-18,4.263e-28,1.001e-17,2.024e-19,1.403e-31,2.911e-16,2.168e-25,,9.325e-19,7.014e-20,3.410e-23,3.966e+0,6.235e-10,1.487e-16,4.831e-1,,9.924e-19,9.952e-22,1.810e-2,1.114e-3,6.776e-29,1.153e-19,1.773e-6,1.572e-2,1.607e-16,2.843e-2,3.745e-1,4.523e-19,8.610e-18,2.427e-9,2.562e-1,1.831e-3,,,8.080e-19,,,2.040e-19,,1.736e+0,,7.756e-19,,3.048e-2,,1.325e-17,,5.909e-1,1.779e-16
493.65,7.445e+0,2.463e-2,1.029e-14,1.198e-43,1.566e-19,,,1.029e-18,5.072e-22,,2.968e-15,2.445e-18,2.551e-28,1.001e-17,2.026e-19,1.402e-31,4.537e-16,2.167e-25,,9.325e-19,7.015e-20,4.144e-23,3.703e+0,4.180e-10,1.048e-16,4.827e-1,,9.917e-19,9.955e-22,1.407e-2,1.346e-3,6.776e-29,1.153e-19,1.458e-6,1.410e-2,1.607e-16,3.351e-2,4.027e-1,4.526e-19,8.580e-18,1.665e-9,2.854e-1,1.428e-3,,,8.134e-19,,,2.044e-19,,1.808e+0,,7.756e-19,,2.660e-2,,1.325e-17,,6.481e-1,1.779e-16
493.67,7.417e+0,2.291e-2,1.348e-14,1.198e-43,1.567e-19,,,1.029e-18,5.075e-22,,2.968e-15,2.442e-18,8.223e-29,1.001e-17,2.027e-19,1.400e-31,7.050e-16,2.165e-25,,9.325e-19,7.017e-20,5.072e-23,3.478e+0,2.794e-10,7.359e-17,4.810e-1,,9.910e-19,9.958e-22,1.091e-2,1.621e-3,6.777e-29,1.153e-19,1.195e-6,1.283e-2,1.607e-16,3.941e-2,4.416e-1,4.530e-19,8.550e-18,1.138e-9,3.190e-1,1.111e-3,,,8.189e-19,,,2.048e-19,,1.877e+0,,7.755e-19,,2.323e-2,,1.325e-17,,7.086e-1,1.780e-16
493.7,7.472e+0,2.044e-2,2.008e-14,1.197e-43,1.568e-19,,,1.030e-18,5.080e-22,,2.967e-15,2.438e-18,1.017e-27,1.001e-17,2.030e-19,1.398e-31,1.358e-15,2.162e-25,,9.325e-19,7.019e-20,6.902e-23,3.207e+0,1.518e-10,4.306e-17,4.758e-1,,9.900e-19,9.962e-22,7.419e-3,2.132e-3,6.777e-29,1.154e-19,8.814e-7,1.153e-2,1.606e-16,5.004e-2,5.202e-1,4.536e-19,8.506e-18,6.392e-10,3.776e-1,7.579e-4,,,8.270e-19,,,2.054e-19,,1.975e+0,,7.754e-19,,1.903e-2,,1.324e-17,,8.054e-1,1.780e-16
493.72,7.569e+0,1.886e-2,2.609e-14,1.196e-43,1.569e-19,,,1.031e-18,5.083e-22,,2.967e-15,2.435e-18,1.641e-27,1.001e-17,2.032e-19,1.396e-31,2.093e-15,2.161e-25,,9.325e-19,7.021e-20,8.479e-23,3.067e+0,1.006e-10,3.001e-17,4.707e-1,,9.894e-19,9.966e-22,5.728e-3,2.550e-3,6.778e-29,1.154e-19,7.168e-7,1.106e-2,1.606e-16,5.851e-2,5.864e-1,4.539e-19,8.476e-18,4.335e-10,4.225e-1,5.850e-4,,,8.324e-19,,,2.058e-19,,2.034e+0,,7.754e-19,,1.674e-2,,1.324e-17,,8.737e-1,1.780e-16
493.75,7.796e+0,1.663e-2,3.842e-14,1.195e-43,1.570e-19,,,1.032e-18,5.087e-22,,2.966e-15,2.431e-18,2.576e-27,1.001e-17,2.034e-19,1.394e-31,3.985e-15,2.158e-25,,9.325e-19,7.023e-20,1.152e-22,2.909e+0,5.402e-11,1.735e-17,4.607e-1,,9.884e-19,9.970e-22,3.894e-3,3.316e-3,6.778e-29,1.154e-19,5.226e-7,1.092e-2,1.605e-16,7.366e-2,7.077e-1,4.545e-19,8.431e-18,2.406e-10,4.991e-1,3.945e-4,,,8.406e-19,,,2.064e-19,,2.115e+0,,7.753e-19,,1.400e-2,,1.323e-17,,9.815e-1,1.780e-16
493.77,8.000e+0,1.522e-2,4.954e-14,1.195e-43,1.571e-19,,,1.032e-18,5.090e-22,,2.966e-15,2.428e-18,3.199e-27,1.001e-17,2.036e-19,1.393e-31,6.096e-15,2.157e-25,,9.325e-19,7.025e-20,1.409e-22,2.836e+0,3.554e-11,1.200e-17,4.525e-1,,9.877e-19,9.973e-22,3.028e-3,3.936e-3,6.779e-29,1.154e-19,4.217e-7,1.121e-2,1.605e-16,8.565e-2,8.040e-1,4.548e-19,8.401e-18,1.619e-10,5.566e-1,3.024e-4,,,8.460e-19,,,2.068e-19,,2.162e+0,,7.753e-19,,1.259e-2,,1.323e-17,,1.056e+0,1.781e-16
493.8,8.377e+0,1.326e-2,7.211e-14,1.194e-43,1.572e-19,,,1.033e-18,5.094e-22,,2.966e-15,2.424e-18,4.134e-27,1.001e-17,2.039e-19,1.390e-31,1.147e-14,2.154e-25,,9.325e-19,7.027e-20,1.897e-22,2.767e+0,1.885e-11,6.855e-18,4.383e-1,,9.868e-19,9.978e-22,2.129e-3,5.062e-3,6.779e-29,1.154e-19,3.038e-7,1.222e-2,1.605e-16,1.069e-1,9.734e-1,4.554e-19,8.356e-18,8.881e-11,6.528e-1,2.021e-4,,,8.541e-19,,,2.075e-19,,2.221e+0,,7.752e-19,,1.102e-2,,1.322e-17,,1.173e+0,1.781e-16
493.82,8.672e+0,1.205e-2,9.225e-14,1.193e-43,1.573e-19,,,1.033e-18,5.097e-22,,2.965e-15,2.421e-18,4.757e-27,1.001e-17,2.040e-19,1.389e-31,1.741e-14,2.153e-25,,9.326e-19,7.028e-20,2.304e-22,2.744e+0,1.230e-11,4.702e-18,4.276e-1,,9.861e-19,9.981e-22,1.738e-3,5.964e-3,6.779e-29,1.154e-19,2.432e-7,1.331e-2,1.604e-16,1.236e-1,1.104e+0,4.558e-19,8.326e-18,5.928e-11,7.238e-1,1.542e-4,,,8.596e-19,,,2.079e-19,,2.253e+0,,7.751e-19,,1.033e-2,,1.322e-17,,1.253e+0,1.781e-16
493.85,9.178e+0,1.037e-2,1.327e-13,1.192e-43,1.574e-19,,,1.034e-18,5.102e-22,,2.965e-15,2.417e-18,5.692e-27,1.001e-17,2.043e-19,1.387e-31,3.238e-14,2.150e-25,,9.326e-19,7.031e-20,3.069e-22,2.739e+0,6.448e-12,2.655e-18,4.101e-1,,9.851e-19,9.986e-22,1.400e-3,7.585e-3,6.780e-29,1.155e-19,1.732e-7,1.558e-2,1.604e-16,1.531e-1,1.329e+0,4.563e-19,8.282e-18,3.213e-11,8.407e-1,1.029e-4,,,8.677e-19,,,2.085e-19,,2.288e+0,,7.751e-19,,9.758e-3,,1.321e-17,,1.374e+0,1.782e-16
493.87,9.554e+0,9.349e-3,1.685e-13,1.192e-43,1.575e-19,,,1.035e-18,5.105e-22,,2.965e-15,2.414e-18,6.316e-27,1.001e-17,2.045e-19,1.385e-31,4.878e-14,2.148e-25,,9.326e-19,7.032e-20,3.701e-22,2.751e+0,4.175e-12,1.807e-18,3.975e-1,,9.844e-19,9.989e-22,1.319e-3,8.870e-3,6.780e-29,1.155e-19,1.375e-7,1.756e-2,1.604e-16,1.761e-1,1.499e+0,4.567e-19,8.252e-18,2.128e-11,9.256e-1,7.910e-5,,,8.731e-19,,,2.089e-19,,2.302e+0,,7.750e-19,,9.679e-3,,1.321e-17,,1.457e+0,1.782e-16
493.9,1.017e+1,7.954e-3,2.395e-13,1.191e-43,1.576e-19,,,1.036e-18,5.109e-22,,2.964e-15,2.410e-18,7.251e-27,1.001e-17,2.047e-19,1.383e-31,8.967e-14,2.146e-25,,9.326e-19,7.035e-20,4.872e-22,2.786e+0,2.163e-12,1.008e-18,3.776e-1,,9.835e-19,9.994e-22,1.400e-3,1.116e-2,6.781e-29,1.155e-19,9.677e-8,2.129e-2,1.603e-16,2.162e-1,1.787e+0,4.572e-19,8.207e-18,1.140e-11,1.064e+0,5.463e-5,,,8.813e-19,,,2.095e-19,,2.310e+0,,7.749e-19,,9.992e-3,,1.321e-17,,1.579e+0,1.782e-16
493.92,1.062e+1,7.113e-3,3.017e-13,1.190e-43,1.576e-19,,,1.036e-18,5.112e-22,,2.964e-15,2.407e-18,7.874e-27,1.001e-17,2.049e-19,1.381e-31,1.340e-13,2.144e-25,,9.326e-19,7.036e-20,5.830e-22,2.819e+0,1.389e-12,6.806e-19,3.638e-1,,9.828e-19,9.997e-22,1.596e-3,1.295e-2,6.781e-29,1.155e-19,7.625e-8,2.433e-2,1.603e-16,2.473e-1,2.002e+0,4.576e-19,8.177e-18,7.489e-12,1.162e+0,4.411e-5,,,8.867e-19,,,2.099e-19,,2.306e+0,,7.749e-19,,1.048e-2,,1.320e-17,,1.661e+0,1.782e-16
493.95,1.133e+1,5.981e-3,4.239e-13,1.189e-43,1.578e-19,,,1.037e-18,5.117e-22,,2.964e-15,2.403e-18,8.809e-27,1.001e-17,2.051e-19,1.379e-31,2.435e-13,2.142e-25,,9.326e-19,7.039e-20,7.587e-22,2.876e+0,7.110e-13,3.753e-19,3.427e-1,,9.818e-19,1.000e-21,2.134e-3,1.611e-2,6.782e-29,1.155e-19,5.302e-8,2.983e-2,1.603e-16,3.013e-1,2.360e+0,4.581e-19,8.132e-18,3.964e-12,1.321e+0,3.509e-5,,,8.948e-19,,,2.105e-19,,2.288e+0,,7.748e-19,,1.163e-2,,1.320e-17,,1.780e+0,1.783e-16
493.97,1.184e+1,5.307e-3,5.298e-13,1.189e-43,1.578e-19,,,1.037e-18,5.119e-22,,2.963e-15,2.400e-18,9.432e-27,1.001e-17,2.053e-19,1.377e-31,3.612e-13,2.140e-25,,9.326e-19,7.040e-20,9.008e-22,2.916e+0,4.532e-13,2.514e-19,3.284e-1,,9.811e-19,1.000e-21,2.694e-3,1.857e-2,6.782e-29,1.156e-19,4.145e-8,3.417e-2,1.602e-16,3.428e-1,2.625e+0,4.585e-19,8.102e-18,2.584e-12,1.432e+0,3.291e-5,,,9.002e-19,,,2.109e-19,,2.266e+0,,7.748e-19,,1.268e-2,,1.319e-17,,1.857e+0,1.783e-16
494,1.264e+1,4.410e-3,7.359e-13,1.188e-43,1.580e-19,,,1.038e-18,5.124e-22,,2.963e-15,2.396e-18,1.037e-26,1.001e-17,2.056e-19,1.375e-31,6.487e-13,2.138e-25,,9.326e-19,7.043e-20,1.159e-21,2.977e+0,2.292e-13,1.370e-19,3.070e-1,,9.802e-19,1.001e-21,3.928e-3,2.285e-2,6.783e-29,1.156e-19,2.849e-8,4.182e-2,1.602e-16,4.142e-1,3.060e+0,4.591e-19,8.057e-18,1.352e-12,1.609e+0,3.493e-5,,,9.084e-19,,,2.115e-19,,2.221e+0,,7.747e-19,,1.468e-2,,1.319e-17,,1.967e+0,1.783e-16
494.02,1.320e+1,3.882e-3,9.125e-13,1.187e-43,1.580e-19,,,1.039e-18,5.127e-22,,2.963e-15,2.393e-18,1.099e-26,1.001e-17,2.058e-19,1.374e-31,9.547e-13,2.136e-25,,9.326e-19,7.044e-20,1.365e-21,3.016e+0,1.449e-13,9.103e-20,2.928e-1,,9.795e-19,1.001e-21,5.094e-3,2.614e-2,6.783e-29,1.156e-19,2.210e-8,4.775e-2,1.602e-16,4.687e-1,3.377e+0,4.594e-19,8.028e-18,8.740e-13,1.731e+0,3.991e-5,,,9.138e-19,,,2.119e-19,,2.183e+0,,7.746e-19,,1.631e-2,,1.318e-17,,2.036e+0,1.784e-16
494.05,1.408e+1,3.188e-3,1.253e-12,1.186e-43,1.582e-19,,,1.040e-18,5.131e-22,,2.962e-15,2.389e-18,1.193e-26,1.001e-17,2.060e-19,1.371e-31,1.695e-12,2.134e-25,,9.326e-19,7.047e-20,1.735e-21,3.068e+0,7.243e-14,4.904e-20,2.721e-1,,9.785e-19,1.002e-21,7.542e-3,3.182e-2,6.784e-29,1.156e-19,1.500e-8,5.801e-2,1.601e-16,5.618e-1,3.891e+0,4.600e-19,7.983e-18,4.518e-13,1.922e+0,5.369e-5,,,9.219e-19,,,2.125e-19,,2.115e+0,,7.746e-19,,1.922e-2,,1.318e-17,,2.131e+0,1.784e-16
494.07,1.469e+1,2.785e-3,1.541e-12,1.185e-43,1.582e-19,,,1.040e-18,5.134e-22,,2.962e-15,2.386e-18,1.255e-26,1.001e-17,2.062e-19,1.370e-31,2.475e-12,2.132e-25,,9.326e-19,7.048e-20,2.028e-21,3.096e+0,4.543e-14,3.235e-20,2.586e-1,,9.779e-19,1.002e-21,9.789e-3,3.614e-2,6.784e-29,1.156e-19,1.155e-8,6.584e-2,1.601e-16,6.323e-1,4.260e+0,4.604e-19,7.953e-18,2.898e-13,2.053e+0,6.799e-5,,,9.274e-19,,,2.129e-19,,2.063e+0,,7.745e-19,,2.147e-2,,1.317e-17,,2.189e+0,1.784e-16
494.09,1.531e+1,2.425e-3,1.891e-12,1.185e-43,1.583e-19,,,1.041e-18,5.137e-22,,2.962e-15,2.383e-18,1.317e-26,1.001e-17,2.064e-19,1.368e-31,3.603e-12,2.130e-25,,9.326e-19,7.050e-20,2.364e-21,3.119e+0,2.841e-14,2.131e-20,2.455e-1,,9.772e-19,1.002e-21,1.268e-2,4.093e-2,6.785e-29,1.156e-19,8.858e-9,7.453e-2,1.601e-16,7.100e-1,4.650e+0,4.607e-19,7.923e-18,1.854e-13,2.185e+0,8.747e-5,,,9.328e-19,,,2.134e-19,,2.005e+0,,7.745e-19,,2.399e-2,,1.317e-17,,2.241e+0,1.784e-16
494.12,1.627e+1,1.959e-3,2.553e-12,1.184e-43,1.584e-19,,,1.042e-18,5.142e-22,,2.961e-15,2.379e-18,1.411e-26,1.001e-17,2.066e-19,1.366e-31,6.292e-12,2.128e-25,,9.327e-19,7.052e-20,2.956e-21,3.140e+0,1.396e-14,1.139e-20,2.268e-1,,9.762e-19,1.003e-21,1.861e-2,4.907e-2,6.785e-29,1.157e-19,5.917e-9,8.929e-2,1.600e-16,8.413e-1,5.272e+0,4.613e-19,7.878e-18,9.423e-14,2.386e+0,1.293e-4,,,9.409e-19,,,2.140e-19,,1.911e+0,,7.744e-19,,2.830e-2,,1.317e-17,,2.307e+0,1.785e-16
494.14,1.693e+1,1.692e-3,3.108e-12,1.183e-43,1.585e-19,,,1.042e-18,5.144e-22,,2.961e-15,2.376e-18,1.473e-26,1.001e-17,2.068e-19,1.364e-31,9.090e-12,2.126e-25,,9.327e-19,7.054e-20,3.418e-21,3.145e+0,8.663e-15,7.566e-21,2.150e-1,,9.755e-19,1.003e-21,2.395e-2,5.518e-2,6.785e-29,1.157e-19,4.503e-9,1.004e-1,1.600e-16,9.395e-1,5.709e+0,4.616e-19,7.848e-18,5.979e-14,2.521e+0,1.683e-4,,,9.464e-19,,,2.144e-19,,1.843e+0,,7.743e-19,,3.153e-2,,1.316e-17,,2.344e+0,1.785e-16
494.17,1.794e+1,1.351e-3,4.148e-12,1.182e-43,1.586e-19,,,1.043e-18,5.149e-22,,2.960e-15,2.372e-18,1.567e-26,1.001e-17,2.070e-19,1.362e-31,1.569e-11,2.124e-25,,9.327e-19,7.056e-20,4.225e-21,3.137e+0,4.208e-15,4.305e-21,1.983e-1,,9.746e-19,1.004e-21,3.477e-2,6.545e-2,6.786e-29,1.157e-19,2.972e-9,1.189e-1,1.599e-16,1.104e+0,6.397e+0,4.622e-19,7.804e-18,3.003e-14,2.721e+0,2.496e-4,,,9.545e-19,,,2.150e-19,,1.736e+0,,7.743e-19,,3.694e-2,,1.316e-17,,2.386e+0,1.785e-16
494.19,1.862e+1,1.158e-3,5.009e-12,1.182e-43,1.587e-19,,,1.043e-18,5.152e-22,,2.960e-15,2.369e-18,1.629e-26,1.001e-17,2.072e-19,1.361e-31,2.249e-11,2.122e-25,,9.327e-19,7.058e-20,4.847e-21,3.122e+0,2.590e-15,3.220e-21,1.878e-1,,9.739e-19,1.004e-21,4.442e-2,7.307e-2,6.786e-29,1.157e-19,2.244e-9,1.327e-1,1.599e-16,1.226e+0,6.874e+0,4.626e-19,7.774e-18,1.891e-14,2.852e+0,3.239e-4,,,9.599e-19,,,2.154e-19,,1.661e+0,,7.742e-19,,4.094e-2,,1.315e-17,,2.404e+0,1.785e-16
494.22,1.966e+1,9.134e-4,6.609e-12,1.181e-43,1.588e-19,,,1.044e-18,5.156e-22,,2.960e-15,2.365e-18,1.722e-26,1.001e-17,2.075e-19,1.358e-31,3.838e-11,2.120e-25,,9.327e-19,7.060e-20,5.921e-21,3.082e+0,1.243e-15,2.737e-21,1.734e-1,,9.729e-19,1.004e-21,6.375e-2,8.576e-2,6.787e-29,1.157e-19,1.464e-9,1.555e-1,1.599e-16,1.428e+0,7.613e+0,4.631e-19,7.729e-18,9.385e-15,3.043e+0,4.764e-4,,,9.681e-19,,,2.160e-19,,1.546e+0,,7.741e-19,,4.754e-2,,1.315e-17,,2.418e+0,1.786e-16
494.24,2.036e+1,7.768e-4,7.919e-12,1.180e-43,1.589e-19,,,1.045e-18,5.159e-22,,2.959e-15,2.362e-18,1.785e-26,1.001e-17,2.076e-19,1.357e-31,5.458e-11,2.118e-25,,9.327e-19,7.062e-20,6.741e-21,3.045e+0,7.589e-16,3.098e-21,1.645e-1,,9.722e-19,1.005e-21,8.081e-2,9.508e-2,6.787e-29,1.157e-19,1.097e-9,1.721e-1,1.598e-16,1.577e+0,8.117e+0,4.635e-19,7.699e-18,5.861e-15,3.165e+0,6.141e-4,,,9.735e-19,,,2.164e-19,,1.468e+0,,7.741e-19,,5.235e-2,,1.314e-17,,2.418e+0,1.786e-16
494.27,2.141e+1,6.056e-4,1.033e-11,1.179e-43,1.590e-19,,,1.046e-18,5.164e-22,,2.959e-15,2.358e-18,1.878e-26,1.001e-17,2.079e-19,1.355e-31,9.205e-11,2.115e-25,,9.327e-19,7.064e-20,8.139e-21,2.974e+0,3.600e-16,4.844e-21,1.523e-1,,9.713e-19,1.005e-21,1.146e-1,1.104e-1,6.788e-29,1.158e-19,7.071e-10,1.994e-1,1.598e-16,1.822e+0,8.884e+0,4.640e-19,7.654e-18,2.875e-15,3.338e+0,8.937e-4,,,9.816e-19,,,2.170e-19,,1.351e+0,,7.740e-19,,6.019e-2,,1.314e-17,,2.404e+0,1.786e-16
494.29,2.211e+1,5.110e-4,1.228e-11,1.179e-43,1.591e-19,,,1.046e-18,5.167e-22,,2.959e-15,2.356e-18,1.941e-26,1.001e-17,2.081e-19,1.353e-31,1.299e-10,2.114e-25,,9.327e-19,7.065e-20,9.193e-21,2.917e+0,2.181e-16,7.134e-21,1.449e-1,,9.706e-19,1.005e-21,1.442e-1,1.216e-1,6.788e-29,1.158e-19,5.256e-10,2.191e-1,1.598e-16,1.999e+0,9.398e+0,4.644e-19,7.624e-18,1.781e-15,3.445e+0,1.143e-3,,,9.870e-19,,,2.174e-19,,1.272e+0,,7.740e-19,,6.584e-2,,1.313e-17,,2.386e+0,1.787e-16
494.32,2.317e+1,3.937e-4,1.582e-11,1.178e-43,1.592e-19,,,1.047e-18,5.171e-22,,2.958e-15,2.351e-18,2.034e-26,1.001e-17,2.083e-19,1.351e-31,2.166e-10,2.111e-25,,9.327e-19,7.068e-20,1.097e-20,2.817e+0,1.022e-16,1.334e-20,1.349e-1,,9.696e-19,1.006e-21,2.022e-1,1.397e-1,6.789e-29,1.158e-19,3.348e-10,2.509e-1,1.597e-16,2.289e+0,1.017e+1,4.649e-19,7.580e-18,8.635e-16,3.592e+0,1.645e-3,,,9.952e-19,,,2.180e-19,,1.157e+0,,7.739e-19,,7.495e-2,,1.313e-17,,2.344e+0,1.787e-16
494.34,2.387e+1,3.296e-4,1.867e-11,1.177e-43,1.593e-19,,,1.047e-18,5.174e-22,,2.958e-15,2.349e-18,2.096e-26,1.001e-17,2.085e-19,1.349e-31,3.033e-10,2.110e-25,,9.327e-19,7.069e-20,1.229e-20,2.742e+0,6.142e-17,2.042e-20,1.290e-1,,9.689e-19,1.006e-21,2.523e-1,1.528e-1,6.789e-29,1.158e-19,2.469e-10,2.736e-1,1.597e-16,2.497e+0,1.067e+1,4.653e-19,7.550e-18,5.308e-16,3.678e+0,2.089e-3,,,1.001e-18,,,2.184e-19,,1.081e+0,,7.738e-19,,8.144e-2,,1.313e-17,,2.307e+0,1.787e-16
494.37,2.491e+1,2.510e-4,2.378e-11,1.176e-43,1.594e-19,,,1.048e-18,5.178e-22,,2.958e-15,2.344e-18,2.190e-26,1.001e-17,2.088e-19,1.347e-31,4.997e-10,2.107e-25,,9.327e-19,7.072e-20,1.450e-20,2.618e+0,2.845e-17,3.868e-20,1.210e-1,,9.680e-19,1.007e-21,3.497e-1,1.738e-1,6.790e-29,1.158e-19,1.554e-10,3.098e-1,1.597e-16,2.833e+0,1.141e+1,4.659e-19,7.505e-18,2.543e-16,3.791e+0,2.973e-3,,,1.009e-18,,,2.190e-19,,9.715e-1,,7.738e-19,,9.180e-2,,1.312e-17,,2.241e+0,1.787e-16
494.39,2.560e+1,2.085e-4,2.783e-11,1.176e-43,1.595e-19,,,1.049e-18,5.181e-22,,2.957e-15,2.342e-18,2.252e-26,1.001e-17,2.089e-19,1.345e-31,6.944e-10,2.106e-25,,9.327e-19,7.073e-20,1.613e-20,2.529e+0,1.696e-17,5.908e-20,1.164e-1,,9.673e-19,1.007e-21,4.331e-1,1.887e-1,6.790e-29,1.158e-19,1.137e-10,3.353e-1,1.596e-16,3.072e+0,1.188e+1,4.662e-19,7.475e-18,1.550e-16,3.853e+0,3.746e-3,,,1.014e-18,,,2.195e-19,,9.011e-1,,7.737e-19,,9.911e-2,,1.312e-17,,2.189e+0,1.788e-16
494.42,2.663e+1,1.569e-4,3.504e-11,1.175e-43,1.596e-19,,,1.050e-18,5.186e-22,,2.957e-15,2.337e-18,2.346e-26,1.001e-17,2.092e-19,1.343e-31,1.131e-9,2.103e-25,,9.328e-19,7.076e-20,1.880e-20,2.386e+0,,1.110e-19,1.103e-1,,9.663e-19,1.007e-21,5.933e-1,2.124e-1,6.791e-29,1.159e-19,7.076e-11,3.753e-1,1.596e-16,3.452e+0,1.256e+1,4.668e-19,7.430e-18,7.340e-17,3.926e+0,5.269e-3,,,1.022e-18,,,2.201e-19,,8.002e-1,,7.736e-19,,1.107e-1,,1.311e-17,,2.100e+0,1.788e-16
494.44,2.731e+1,1.293e-4,4.070e-11,1.174e-43,1.597e-19,,,1.050e-18,5.189e-22,,2.957e-15,2.335e-18,2.408e-26,1.001e-17,2.094e-19,1.342e-31,1.559e-9,2.101e-25,,9.328e-19,7.077e-20,2.074e-20,2.287e+0,,1.683e-19,1.069e-1,,9.657e-19,1.008e-21,7.290e-1,2.291e-1,6.791e-29,1.159e-19,5.137e-11,4.030e-1,1.596e-16,3.720e+0,1.297e+1,4.671e-19,7.400e-18,4.440e-17,3.960e+0,6.589e-3,,,1.028e-18,,,2.205e-19,,7.363e-1,,7.736e-19,,1.188e-1,,1.311e-17,,2.036e+0,1.788e-16
494.46,2.799e+1,1.062e-4,4.712e-11,1.174e-43,1.598e-19,,,1.051e-18,5.192e-22,,2.956e-15,2.332e-18,2.470e-26,1.001e-17,2.095e-19,1.340e-31,2.144e-9,2.100e-25,,9.328e-19,7.079e-20,2.281e-20,2.185e+0,,2.544e-19,1.038e-1,,9.650e-19,1.008e-21,8.930e-1,2.465e-1,6.791e-29,1.159e-19,3.717e-11,4.315e-1,1.595e-16,3.998e+0,1.337e+1,4.675e-19,7.370e-18,2.678e-17,3.983e+0,8.214e-3,,,1.033e-18,,,2.209e-19,,6.755e-1,,7.735e-19,,1.273e-1,,1.310e-17,,1.967e+0,1.788e-16
494.49,2.900e+1,7.863e-5,5.837e-11,1.173e-43,1.599e-19,,,1.051e-18,5.196e-22,,2.956e-15,2.328e-18,2.564e-26,1.001e-17,2.098e-19,1.338e-31,3.435e-9,2.097e-25,,9.328e-19,7.081e-20,2.616e-20,2.029e+0,,4.701e-19,1.001e-1,,9.640e-19,1.009e-21,1.204e+0,2.736e-1,6.792e-29,1.159e-19,2.274e-11,4.753e-1,1.595e-16,4.433e+0,1.389e+1,4.681e-19,7.326e-18,1.247e-17,3.996e+0,1.137e-2,,,1.041e-18,,,2.215e-19,,5.900e-1,,7.734e-19,,1.405e-1,,1.310e-17,,1.857e+0,1.789e-16
494.51,2.969e+1,6.409e-5,6.706e-11,1.172e-43,1.600e-19,,,1.052e-18,5.199e-22,,2.956e-15,2.325e-18,2.626e-26,1.001e-17,2.100e-19,1.336e-31,4.685e-9,2.096e-25,,9.328e-19,7.083e-20,2.855e-20,1.924e+0,,7.053e-19,9.822e-2,,9.633e-19,1.009e-21,1.463e+0,2.923e-1,6.792e-29,1.159e-19,1.633e-11,5.051e-1,1.595e-16,4.733e+0,1.420e+1,4.684e-19,7.296e-18,7.459e-18,3.990e+0,1.407e-2,,,1.047e-18,,,2.219e-19,,5.370e-1,,7.734e-19,,1.498e-1,,1.309e-17,,1.780e+0,1.789e-16
494.54,3.074e+1,4.688e-5,8.209e-11,1.171e-43,1.601e-19,,,1.053e-18,5.203e-22,,2.955e-15,2.321e-18,2.720e-26,1.001e-17,2.102e-19,1.334e-31,7.419e-9,2.093e-25,,9.328e-19,7.085e-20,3.236e-20,1.766e+0,,1.289e-18,9.612e-2,,9.624e-19,1.009e-21,1.949e+0,3.213e-1,6.793e-29,1.159e-19,9.875e-12,5.501e-1,1.594e-16,5.197e+0,1.459e+1,4.690e-19,7.251e-18,3.432e-18,3.959e+0,1.925e-2,,,1.055e-18,,,2.225e-19,,4.636e-1,,7.733e-19,,1.643e-1,,1.309e-17,,1.661e+0,1.789e-16
494.56,3.146e+1,3.791e-5,9.358e-11,1.171e-43,2.665e-19,,,1.053e-18,5.206e-22,,2.955e-15,2.318e-18,2.782e-26,1.001e-17,2.104e-19,1.332e-31,1.004e-8,2.092e-25,,9.328e-19,7.087e-20,3.505e-20,1.661e+0,,1.918e-18,9.526e-2,,9.617e-19,1.010e-21,2.350e+0,3.410e-1,6.793e-29,1.160e-19,7.034e-12,5.800e-1,1.594e-16,5.513e+0,1.480e+1,4.694e-19,7.221e-18,3.447e-18,3.925e+0,2.364e-2,,,1.060e-18,,,2.229e-19,,4.187e-1,,7.733e-19,,1.744e-1,,1.309e-17,,1.579e+0,1.790e-16
494.59,3.260e+1,2.741e-5,1.132e-10,1.170e-43,5.688e-19,,,1.054e-18,5.211e-22,,2.954e-15,2.314e-18,2.876e-26,1.001e-17,2.106e-19,1.330e-31,1.572e-8,2.089e-25,,9.328e-19,7.089e-20,3.926e-20,1.506e+0,,3.464e-18,9.479e-2,,9.607e-19,1.010e-21,3.095e+0,3.711e-1,6.794e-29,1.160e-19,4.203e-12,6.245e-1,1.594e-16,5.992e+0,1.502e+1,4.699e-19,7.176e-18,3.471e-18,3.855e+0,3.198e-2,,,1.068e-18,,,2.235e-19,,3.572e-1,,7.732e-19,,1.903e-1,,1.308e-17,,1.457e+0,1.790e-16
494.61,3.341e+1,2.199e-5,1.281e-10,1.169e-43,9.393e-19,,,1.055e-18,5.214e-22,,2.954e-15,2.311e-18,2.938e-26,1.001e-17,2.108e-19,1.329e-31,2.111e-8,2.087e-25,,9.328e-19,7.091e-20,4.218e-20,1.406e+0,,5.117e-18,9.504e-2,,9.600e-19,1.010e-21,3.703e+0,3.913e-1,6.794e-29,1.160e-19,2.971e-12,6.536e-1,1.593e-16,6.313e+0,1.512e+1,4.703e-19,7.146e-18,3.486e-18,3.796e+0,3.896e-2,,,1.074e-18,,,2.239e-19,,3.200e-1,,7.731e-19,,2.015e-1,,1.308e-17,,1.374e+0,1.790e-16
494.64,3.474e+1,1.571e-5,1.532e-10,1.168e-43,1.982e-18,,,1.055e-18,5.218e-22,,2.954e-15,2.307e-18,3.031e-26,1.001e-17,2.111e-19,1.326e-31,3.266e-8,2.085e-25,,9.328e-19,7.093e-20,4.671e-20,1.260e+0,,9.134e-18,9.633e-2,,9.591e-19,1.011e-21,4.820e+0,4.216e-1,6.795e-29,1.160e-19,1.754e-12,6.957e-1,1.593e-16,6.793e+0,1.517e+1,4.708e-19,7.102e-18,3.510e-18,3.692e+0,5.211e-2,,,1.082e-18,,,2.245e-19,,2.699e-1,,7.731e-19,,2.192e-1,,1.307e-17,,1.253e+0,1.791e-16
494.66,3.573e+1,1.251e-5,1.719e-10,1.168e-43,3.248e-18,,,1.056e-18,5.221e-22,,2.953e-15,2.304e-18,3.094e-26,1.001e-17,2.112e-19,1.325e-31,4.353e-8,2.083e-25,,9.328e-19,7.095e-20,4.979e-20,1.167e+0,,1.339e-17,9.782e-2,,9.584e-19,1.011e-21,5.723e+0,4.417e-1,6.795e-29,1.160e-19,1.230e-12,7.225e-1,1.593e-16,7.108e+0,1.515e+1,4.712e-19,7.072e-18,3.525e-18,3.613e+0,6.301e-2,,,1.087e-18,,,2.249e-19,,2.399e-1,,7.730e-19,,2.318e-1,,1.307e-17,,1.173e+0,1.791e-16
494.69,3.740e+1,8.833e-6,2.032e-10,1.167e-43,6.775e-18,,,1.057e-18,5.226e-22,,2.953e-15,2.300e-18,3.187e-26,1.001e-17,2.115e-19,1.322e-31,6.657e-8,2.081e-25,,9.328e-19,7.097e-20,5.449e-20,1.034e+0,,2.362e-17,1.011e-1,,9.574e-19,1.012e-21,7.362e+0,4.713e-1,6.796e-29,1.161e-19,7.179e-13,7.604e-1,1.592e-16,7.568e+0,1.502e+1,4.717e-19,7.027e-18,3.549e-18,3.483e+0,8.331e-2,,,1.096e-18,,,2.255e-19,,1.999e-1,,7.729e-19,,2.520e-1,,1.306e-17,,1.056e+0,1.791e-16
494.71,3.866e+1,6.976e-6,2.263e-10,1.166e-43,1.102e-17,,,1.057e-18,5.228e-22,,2.953e-15,2.297e-18,3.250e-26,1.001e-17,2.117e-19,1.321e-31,8.802e-8,2.079e-25,,9.329e-19,7.098e-20,5.764e-20,9.504e-1,,3.436e-17,1.039e-1,,9.568e-19,1.012e-21,8.674e+0,4.906e-1,6.796e-29,1.161e-19,4.994e-13,7.838e-1,1.592e-16,7.864e+0,1.488e+1,4.721e-19,6.997e-18,3.564e-18,3.390e+0,9.998e-2,,,1.101e-18,,,2.260e-19,,1.763e-1,,7.729e-19,,2.664e-1,,1.306e-17,,9.815e-1,1.791e-16
494.74,4.086e+1,4.868e-6,2.643e-10,1.165e-43,2.271e-17,,,1.058e-18,5.233e-22,,2.952e-15,2.293e-18,3.343e-26,1.001e-17,2.119e-19,1.319e-31,1.331e-7,2.077e-25,,9.329e-19,7.101e-20,6.235e-20,8.322e-1,,5.992e-17,1.094e-1,,9.558e-19,1.012e-21,1.103e+1,5.185e-1,6.797e-29,1.161e-19,2.880e-13,8.155e-1,1.591e-16,8.285e+0,1.459e+1,4.727e-19,6.952e-18,3.588e-18,3.243e+0,1.307e-1,,,1.109e-18,,,2.266e-19,,1.452e-1,,7.728e-19,,2.900e-1,,1.305e-17,,8.737e-1,1.792e-16
494.76,4.256e+1,3.815e-6,2.921e-10,1.165e-43,3.665e-17,,,1.059e-18,5.236e-22,,2.952e-15,2.290e-18,3.405e-26,1.000e-17,2.121e-19,1.317e-31,1.746e-7,2.075e-25,,9.329e-19,7.102e-20,6.544e-20,7.587e-1,,8.648e-17,1.139e-1,,9.551e-19,1.013e-21,1.289e+1,5.362e-1,6.797e-29,1.161e-19,1.988e-13,8.342e-1,1.591e-16,8.548e+0,1.434e+1,4.730e-19,6.922e-18,3.603e-18,3.141e+0,1.556e-1,,,1.115e-18,,,2.270e-19,,1.271e-1,,7.728e-19,,3.072e-1,,1.305e-17,,8.054e-1,1.792e-16
494.79,4.554e+1,2.631e-6,3.373e-10,1.164e-43,7.470e-17,,,1.059e-18,5.240e-22,,2.952e-15,2.286e-18,3.499e-26,1.000e-17,2.124e-19,1.315e-31,2.609e-7,2.073e-25,,9.329e-19,7.105e-20,6.995e-20,6.567e-1,,1.491e-16,1.218e-1,,9.541e-19,1.013e-21,1.620e+1,5.612e-1,6.798e-29,1.161e-19,1.133e-13,8.582e-1,1.591e-16,8.911e+0,1.389e+1,4.736e-19,6.878e-18,3.627e-18,2.987e+0,2.011e-1,,,1.123e-18,,,2.276e-19,,1.035e-1,,7.727e-19,,3.356e-1,,1.304e-17,,7.086e-1,1.792e-16
494.81,4.786e+1,2.046e-6,3.698e-10,1.163e-43,1.196e-16,,,1.060e-18,5.243e-22,,2.951e-15,2.283e-18,3.561e-26,1.000e-17,2.125e-19,1.313e-31,3.396e-7,2.071e-25,,9.329e-19,7.106e-20,7.285e-20,5.941e-1,,2.135e-16,1.280e-1,,9.535e-19,1.013e-21,1.880e+1,5.767e-1,6.798e-29,1.161e-19,7.759e-14,8.712e-1,1.590e-16,9.128e+0,1.355e+1,4.739e-19,6.848e-18,3.642e-18,2.884e+0,2.377e-1,,,1.128e-18,,,2.280e-19,,8.984e-2,,7.726e-19,,3.565e-1,,1.304e-17,,6.481e-1,1.792e-16
494.83,5.049e+1,1.585e-6,4.041e-10,1.163e-43,1.910e-16,,,1.061e-18,5.246e-22,,2.951e-15,2.280e-18,3.624e-26,1.000e-17,2.127e-19,1.312e-31,4.408e-7,2.069e-25,,9.329e-19,7.108e-20,7.563e-20,5.357e-1,,3.048e-16,1.349e-1,,9.528e-19,1.014e-21,2.174e+1,5.911e-1,6.798e-29,1.161e-19,5.296e-14,8.818e-1,1.590e-16,9.323e+0,1.317e+1,4.743e-19,6.818e-18,3.658e-18,2.783e+0,2.800e-1,,,1.134e-18,,,2.284e-19,,7.777e-2,,7.726e-19,,3.793e-1,,1.304e-17,,5.909e-1,1.793e-16
494.86,5.509e+1,1.076e-6,4.591e-10,1.162e-43,3.829e-16,,,1.061e-18,5.251e-22,,2.951e-15,2.276e-18,3.717e-26,1.000e-17,2.130e-19,1.310e-31,6.480e-7,2.067e-25,,9.329e-19,7.110e-20,7.954e-20,4.562e-1,,5.170e-16,1.467e-1,,9.518e-19,1.014e-21,2.687e+1,6.105e-1,6.799e-29,1.162e-19,2.969e-14,8.928e-1,1.590e-16,9.572e+0,1.256e+1,4.749e-19,6.773e-18,3.682e-18,2.634e+0,3.561e-1,,,1.142e-18,,,2.290e-19,,6.227e-2,,7.725e-19,,4.174e-1,,1.303e-17,,5.114e-1,1.793e-16
494.88,5.865e+1,8.271e-7,4.979e-10,1.161e-43,6.066e-16,,,1.062e-18,5.253e-22,,2.950e-15,2.273e-18,3.779e-26,1.000e-17,2.131e-19,1.308e-31,8.345e-7,2.065e-25,,9.329e-19,7.112e-20,8.193e-20,4.083e-1,,7.324e-16,1.555e-1,,9.511e-19,1.015e-21,3.084e+1,6.218e-1,6.799e-29,1.162e-19,2.011e-14,8.968e-1,1.589e-16,9.706e+0,1.211e+1,4.752e-19,6.743e-18,3.697e-18,2.539e+0,4.164e-1,,,1.147e-18,,,2.294e-19,,5.348e-2,,7.725e-19,,4.458e-1,,1.303e-17,,4.626e-1,1.793e-16
494.91,6.485e+1,5.545e-7,5.591e-10,1.160e-43,1.202e-15,,,1.063e-18,5.258e-22,,2.950e-15,2.269e-18,3.873e-26,1.000e-17,2.134e-19,1.306e-31,1.213e-6,2.063e-25,,9.329e-19,7.114e-20,8.516e-20,3.437e-1,,1.228e-15,1.702e-1,,9.502e-19,1.015e-21,3.768e+1,6.362e-1,6.800e-29,1.162e-19,1.114e-14,8.977e-1,1.589e-16,9.856e+0,1.141e+1,4.758e-19,6.698e-18,3.721e-18,2.404e+0,5.235e-1,,,1.155e-18,,,2.300e-19,,4.232e-2,,7.724e-19,,4.934e-1,,1.302e-17,,3.957e-1,1.794e-16
494.93,6.962e+1,4.230e-7,6.016e-10,1.160e-43,1.890e-15,,,1.063e-18,5.261e-22,,2.950e-15,2.266e-18,3.935e-26,1.000e-17,2.136e-19,1.304e-31,1.550e-6,2.061e-25,,9.329e-19,7.116e-20,8.704e-20,3.053e-1,,1.726e-15,1.809e-1,,9.495e-19,1.015e-21,4.291e+1,6.438e-1,6.800e-29,1.162e-19,7.484e-15,8.950e-1,1.589e-16,9.920e+0,1.092e+1,4.762e-19,6.668e-18,3.736e-18,2.320e+0,6.074e-1,,,1.161e-18,,,2.304e-19,,3.606e-2,,7.723e-19,,5.290e-1,,1.302e-17,,3.552e-1,1.794e-16
494.96,7.782e+1,2.803e-7,6.677e-10,1.159e-43,3.703e-15,,,1.064e-18,5.265e-22,,2.949e-15,2.262e-18,4.029e-26,1.000e-17,2.138e-19,1.302e-31,2.225e-6,2.059e-25,,9.329e-19,7.118e-20,8.942e-20,2.542e-1,,2.860e-15,1.983e-1,,9.485e-19,1.016e-21,5.182e+1,6.524e-1,6.801e-29,1.162e-19,4.098e-15,8.858e-1,1.588e-16,9.963e+0,1.017e+1,4.767e-19,6.624e-18,3.760e-18,2.205e+0,7.549e-1,,,1.169e-18,,,2.310e-19,,2.820e-2,,7.723e-19,,5.885e-1,,1.301e-17,,3.002e-1,1.794e-16
494.98,8.406e+1,2.122e-7,7.130e-10,1.158e-43,5.776e-15,,,1.065e-18,5.268e-22,,2.949e-15,2.259e-18,4.091e-26,1.000e-17,2.140e-19,1.300e-31,2.822e-6,2.057e-25,,9.329e-19,7.120e-20,9.068e-20,2.243e-1,,3.990e-15,2.108e-1,,9.479e-19,1.016e-21,5.855e+1,6.562e-1,6.801e-29,1.163e-19,2.732e-15,8.764e-1,1.588e-16,9.954e+0,9.655e+0,4.771e-19,6.594e-18,3.775e-18,2.136e+0,8.693e-1,,,1.174e-18,,,2.314e-19,,2.385e-2,,7.722e-19,,6.328e-1,,1.301e-17,,2.674e-1,1.794e-16
495.01,9.466e+1,1.389e-7,7.822e-10,1.157e-43,1.119e-14,,,1.065e-18,5.273e-22,,2.948e-15,2.255e-18,4.185e-26,1.000e-17,2.143e-19,1.298e-31,4.006e-6,2.054e-25,,9.330e-19,7.122e-20,9.207e-20,1.850e-1,,6.536e-15,2.307e-1,,9.469e-19,1.017e-21,6.990e+1,6.586e-1,6.802e-29,1.163e-19,1.478e-15,8.576e-1,1.588e-16,9.885e+0,8.884e+0,4.776e-19,6.549e-18,3.799e-18,2.044e+0,1.068e+0,,,1.182e-18,,,2.321e-19,,1.843e-2,,7.721e-19,,7.067e-1,,1.300e-17,,2.234e-1,1.795e-16
495.03,1.026e+2,1.043e-7,8.288e-10,1.157e-43,1.732e-14,,,1.066e-18,5.276e-22,,2.948e-15,2.252e-18,4.247e-26,1.000e-17,2.144e-19,1.297e-31,5.040e-6,2.053e-25,,9.330e-19,7.124e-20,9.265e-20,1.622e-1,,9.047e-15,2.447e-1,,9.462e-19,1.017e-21,7.836e+1,6.582e-1,6.802e-29,1.163e-19,9.775e-16,8.422e-1,1.587e-16,9.803e+0,8.371e+0,4.780e-19,6.519e-18,3.814e-18,1.991e+0,1.220e+0,,,1.188e-18,,,2.325e-19,,1.546e-2,,7.721e-19,,7.612e-1,,1.300e-17,,1.974e-1,1.795e-16
495.06,1.160e+2,6.751e-8,8.988e-10,1.156e-43,3.315e-14,,,1.067e-18,5.280e-22,,2.948e-15,2.248e-18,4.340e-26,1.000e-17,2.147e-19,1.294e-31,7.072e-6,2.050e-25,,9.330e-19,7.126e-20,9.298e-20,1.329e-1,,1.465e-14,2.667e-1,,9.452e-19,1.017e-21,9.246e+1,6.544e-1,6.803e-29,1.163e-19,5.227e-16,8.149e-1,1.587e-16,9.627e+0,7.613e+0,4.785e-19,6.474e-18,3.838e-18,1.924e+0,1.482e+0,,,1.196e-18,,,2.331e-19,,1.181e-2,,7.720e-19,,8.515e-1,,1.299e-17,,1.630e-1,1.795e-16
495.08,1.259e+2,5.031e-8,9.451e-10,1.155e-43,5.092e-14,,,1.067e-18,5.283e-22,,2.947e-15,2.245e-18,4.403e-26,1.000e-17,2.149e-19,1.293e-31,8.830e-6,2.049e-25,,9.330e-19,7.128e-20,9.283e-20,1.163e-1,,2.012e-14,2.818e-1,,9.446e-19,1.018e-21,1.029e+2,6.498e-1,6.803e-29,1.163e-19,3.430e-16,7.941e-1,1.587e-16,9.476e+0,7.118e+0,4.789e-19,6.444e-18,3.853e-18,1.887e+0,1.681e+0,,,1.201e-18,,,2.335e-19,,9.830e-3,,7.720e-19,,9.175e-1,,1.299e-17,,1.429e-1,1.796e-16
495.11,1.424e+2,3.217e-8,1.013e-9,1.154e-43,9.637e-14,,,1.068e-18,5.287e-22,,2.947e-15,2.241e-18,4.496e-26,1.000e-17,2.151e-19,1.290e-31,1.225e-5,2.046e-25,,9.330e-19,7.130e-20,9.207e-20,9.529e-2,,3.220e-14,3.050e-1,,9.436e-19,1.018e-21,1.200e+2,6.400e-1,6.804e-29,1.163e-19,1.812e-16,7.597e-1,1.586e-16,9.201e+0,6.397e+0,4.795e-19,6.400e-18,3.877e-18,1.843e+0,2.019e+0,,,1.209e-18,,,2.341e-19,,7.421e-3,,7.719e-19,,1.026e+0,,1.298e-17,,1.166e-1,1.796e-16
495.13,1.544e+2,2.379e-8,1.057e-9,1.153e-43,1.469e-13,,,1.069e-18,5.290e-22,,2.947e-15,2.238e-18,4.559e-26,1.000e-17,2.153e-19,1.289e-31,1.517e-5,2.045e-25,,9.330e-19,7.131e-20,9.121e-20,8.373e-2,,4.388e-14,3.207e-1,,9.429e-19,1.018e-21,1.324e+2,6.315e-1,6.804e-29,1.164e-19,1.180e-16,7.348e-1,1.586e-16,8.988e+0,5.935e+0,4.798e-19,6.370e-18,3.892e-18,1.821e+0,2.272e+0,,,1.215e-18,,,2.345e-19,,6.129e-3,,7.718e-19,,1.104e+0,,1.298e-17,,1.014e-1,1.796e-16
495.16,1.741e+2,1.503e-8,1.121e-9,1.153e-43,2.748e-13,,,1.069e-18,5.295e-22,,2.946e-15,2.234e-18,4.652e-26,1.000e-17,2.155e-19,1.287e-31,2.080e-5,2.042e-25,,9.330e-19,7.134e-20,8.942e-20,6.972e-2,,6.942e-14,3.443e-1,,9.419e-19,1.019e-21,1.526e+2,6.159e-1,6.805e-29,1.164e-19,6.161e-17,6.951e-1,1.585e-16,8.629e+0,5.272e+0,4.804e-19,6.325e-18,3.916e-18,1.798e+0,2.697e+0,,,1.223e-18,,,2.351e-19,,4.572e-3,,7.718e-19,,1.230e+0,,1.298e-17,,8.182e-2,1.796e-16
495.18,1.883e+2,1.103e-8,1.161e-9,1.152e-43,4.155e-13,,,1.070e-18,5.298e-22,,2.946e-15,2.231e-18,4.714e-26,1.000e-17,2.157e-19,1.285e-31,2.557e-5,2.040e-25,,9.330e-19,7.135e-20,8.789e-20,6.244e-2,,9.389e-14,3.599e-1,,9.413e-19,1.019e-21,1.672e+2,6.038e-1,6.805e-29,1.164e-19,3.979e-17,6.673e-1,1.585e-16,8.365e+0,4.852e+0,4.807e-19,6.295e-18,3.931e-18,1.789e+0,3.012e+0,,,1.228e-18,,,2.355e-19,,3.747e-3,,7.717e-19,,1.320e+0,,1.297e-17,,7.062e-2,1.797e-16
495.2,2.033e+2,8.064e-9,1.198e-9,1.151e-43,6.265e-13,,,1.070e-18,5.301e-22,,2.946e-15,2.229e-18,4.777e-26,1.000e-17,2.159e-19,1.284e-31,3.133e-5,2.039e-25,,9.330e-19,7.137e-20,8.613e-20,5.670e-2,,1.266e-13,3.752e-1,,9.406e-19,1.020e-21,1.825e+2,5.905e-1,6.805e-29,1.164e-19,2.562e-17,6.386e-1,1.585e-16,8.085e+0,4.453e+0,4.811e-19,6.265e-18,3.947e-18,1.783e+0,3.353e+0,,,1.234e-18,,,2.359e-19,,3.060e-3,,7.717e-19,,1.415e+0,,1.297e-17,,6.076e-2,1.797e-16
495.23,2.274e+2,5.013e-9,1.250e-9,1.150e-43,1.153e-12,,,1.071e-18,5.305e-22,,2.945e-15,2.225e-18,4.870e-26,1.000e-17,2.161e-19,1.281e-31,4.225e-5,2.036e-25,,9.330e-19,7.139e-20,8.306e-20,5.085e-2,,1.970e-13,3.975e-1,,9.396e-19,1.020e-21,2.070e+2,5.682e-1,6.806e-29,1.164e-19,1.316e-17,5.946e-1,1.584e-16,7.639e+0,3.891e+0,4.817e-19,6.220e-18,3.970e-18,1.781e+0,3.917e+0,,,1.242e-18,,,2.365e-19,,2.246e-3,,7.716e-19,,1.566e+0,,1.296e-17,,4.821e-2,1.797e-16
495.25,2.445e+2,3.637e-9,1.282e-9,1.150e-43,1.725e-12,,,1.072e-18,5.308e-22,,2.945e-15,2.222e-18,4.933e-26,1.000e-17,2.163e-19,1.280e-31,5.138e-5,2.035e-25,,9.330e-19,7.141e-20,8.076e-20,4.874e-2,,2.636e-13,4.117e-1,,9.390e-19,1.020e-21,2.242e+2,5.521e-1,6.806e-29,1.164e-19,8.406e-18,5.648e-1,1.584e-16,7.328e+0,3.542e+0,4.820e-19,6.191e-18,3.986e-18,1.783e+0,4.328e+0,,,1.247e-18,,,2.369e-19,,1.820e-3,,7.715e-19,,1.672e+0,,1.296e-17,,4.115e-2,1.797e-16
495.28,2.714e+2,2.234e-9,1.323e-9,1.149e-43,3.139e-12,,,1.073e-18,5.312e-22,,2.944e-15,2.218e-18,5.026e-26,1.000e-17,2.166e-19,1.277e-31,6.850e-5,2.032e-25,,9.330e-19,7.143e-20,7.697e-20,4.822e-2,,4.055e-13,4.317e-1,,9.380e-19,1.021e-21,2.514e+2,5.261e-1,6.807e-29,1.165e-19,4.267e-18,5.200e-1,1.584e-16,6.845e+0,3.060e+0,4.826e-19,6.146e-18,4.009e-18,1.790e+0,4.998e+0,,,1.256e-18,,,2.375e-19,,1.320e-3,,7.715e-19,,1.836e+0,,1.295e-17,,3.227e-2,1.798e-16
495.3,2.902e+2,1.608e-9,1.346e-9,1.148e-43,4.661e-12,,,1.073e-18,5.315e-22,,2.944e-15,2.215e-18,5.088e-26,1.000e-17,2.167e-19,1.276e-31,8.265e-5,2.031e-25,,9.331e-19,7.145e-20,7.426e-20,4.966e-2,,5.383e-13,4.440e-1,,9.373e-19,1.021e-21,2.702e+2,5.078e-1,6.807e-29,1.165e-19,2.704e-18,4.902e-1,1.583e-16,6.515e+0,2.764e+0,4.829e-19,6.116e-18,4.025e-18,1.795e+0,5.480e+0,,,1.261e-18,,,2.380e-19,,1.062e-3,,7.714e-19,,1.950e+0,,1.295e-17,,2.733e-2,1.798e-16
495.33,3.194e+2,9.765e-10,1.375e-9,1.147e-43,8.382e-12,,,1.074e-18,5.320e-22,,2.944e-15,2.211e-18,5.182e-26,1.000e-17,2.170e-19,1.274e-31,1.089e-4,2.028e-25,,9.331e-19,7.147e-20,6.995e-20,5.462e-2,,8.186e-13,4.605e-1,,9.363e-19,1.022e-21,2.994e+2,4.792e-1,6.808e-29,1.165e-19,1.356e-18,4.462e-1,1.583e-16,6.017e+0,2.360e+0,4.835e-19,6.071e-18,4.048e-18,1.804e+0,6.257e+0,,,1.269e-18,,,2.386e-19,,7.611e-4,,7.713e-19,,2.125e+0,,1.294e-17,,2.118e-2,1.798e-16
495.35,3.394e+2,6.974e-10,1.390e-9,1.147e-43,1.235e-11,,,1.074e-18,5.323e-22,,2.943e-15,2.208e-18,5.244e-26,1.000e-17,2.172e-19,1.272e-31,1.304e-4,2.026e-25,,9.331e-19,7.149e-20,6.696e-20,5.991e-2,,1.078e-12,4.702e-1,,9.357e-19,1.022e-21,3.193e+2,4.595e-1,6.808e-29,1.165e-19,8.529e-19,4.175e-1,1.583e-16,5.684e+0,2.115e+0,4.839e-19,6.041e-18,4.064e-18,1.809e+0,6.808e+0,,,1.275e-18,,,2.390e-19,,6.072e-4,,7.713e-19,,2.243e+0,,1.294e-17,,1.780e-2,1.799e-16
495.38,3.700e+2,4.185e-10,1.406e-9,1.146e-43,2.195e-11,,,1.075e-18,5.327e-22,,2.943e-15,2.204e-18,5.338e-26,1.000e-17,2.174e-19,1.270e-31,1.698e-4,2.024e-25,,9.331e-19,7.151e-20,6.235e-20,7.111e-2,,1.621e-12,4.824e-1,,9.347e-19,1.022e-21,3.497e+2,4.293e-1,6.809e-29,1.165e-19,4.228e-19,3.758e-1,1.582e-16,5.189e+0,1.785e+0,4.844e-19,5.996e-18,4.087e-18,1.814e+0,7.683e+0,,,1.283e-18,,,2.396e-19,,4.302e-4,,7.712e-19,,2.421e+0,,1.294e-17,,1.364e-2,1.799e-16
495.4,3.905e+2,2.965e-10,1.412e-9,1.145e-43,3.210e-11,,,1.076e-18,5.330e-22,,2.943e-15,2.201e-18,5.400e-26,1.000e-17,2.176e-19,1.268e-31,2.017e-4,2.022e-25,,9.331e-19,7.153e-20,5.922e-20,8.096e-2,,2.119e-12,4.889e-1,,9.340e-19,1.023e-21,3.701e+2,4.089e-1,6.809e-29,1.165e-19,2.638e-19,3.490e-1,1.582e-16,4.864e+0,1.588e+0,4.848e-19,5.967e-18,4.103e-18,1.815e+0,8.296e+0,,,1.288e-18,,,2.400e-19,,3.405e-4,,7.712e-19,,2.540e+0,,1.293e-17,,1.137e-2,1.799e-16
495.43,4.214e+2,1.758e-10,1.416e-9,1.144e-43,5.640e-11,,,1.077e-18,5.335e-22,,2.942e-15,2.197e-18,5.494e-26,1.000e-17,2.179e-19,1.266e-31,2.597e-4,2.020e-25,,9.331e-19,7.155e-20,5.449e-20,9.977e-2,,3.148e-12,4.959e-1,,9.330e-19,1.023e-21,4.006e+2,3.782e-1,6.810e-29,1.166e-19,1.292e-19,3.106e-1,1.582e-16,4.390e+0,1.325e+0,4.853e-19,5.922e-18,4.126e-18,1.812e+0,9.256e+0,,,1.296e-18,,,2.406e-19,,2.384e-4,,7.711e-19,,2.715e+0,,1.293e-17,,8.607e-3,1.799e-16
495.45,4.418e+2,1.236e-10,1.414e-9,1.144e-43,8.182e-11,,,1.077e-18,5.337e-22,,2.942e-15,2.194e-18,5.556e-26,1.000e-17,2.180e-19,1.265e-31,3.061e-4,2.018e-25,,9.331e-19,7.157e-20,5.135e-20,1.153e-1,,4.083e-12,4.988e-1,,9.324e-19,1.023e-21,4.207e+2,3.579e-1,6.810e-29,1.166e-19,7.997e-20,2.863e-1,1.581e-16,4.085e+0,1.170e+0,4.857e-19,5.892e-18,4.142e-18,1.807e+0,9.919e+0,,,1.302e-18,,,2.410e-19,,1.873e-4,,7.710e-19,,2.829e+0,,1.292e-17,,7.121e-3,1.800e-16
495.48,4.717e+2,7.245e-11,1.407e-9,1.143e-43,1.421e-10,,,1.078e-18,5.342e-22,,2.942e-15,2.190e-18,5.649e-26,1.000e-17,2.183e-19,1.262e-31,3.896e-4,2.016e-25,,9.331e-19,7.159e-20,4.671e-20,1.438e-1,,5.996e-12,5.002e-1,,9.314e-19,1.024e-21,4.501e+2,3.277e-1,6.811e-29,1.166e-19,3.872e-20,2.519e-1,1.581e-16,3.645e+0,9.659e-1,4.863e-19,5.847e-18,4.165e-18,1.792e+0,1.094e+1,,,1.310e-18,,,2.416e-19,,1.296e-4,,7.709e-19,,2.993e+0,,1.292e-17,,5.328e-3,1.800e-16
495.5,4.909e+2,5.054e-11,1.399e-9,1.142e-43,2.046e-10,,,1.078e-18,5.345e-22,,2.941e-15,2.187e-18,5.712e-26,1.000e-17,2.185e-19,1.261e-31,4.557e-4,2.014e-25,,9.331e-19,7.161e-20,4.367e-20,1.666e-1,,7.718e-12,4.993e-1,,9.307e-19,1.024e-21,4.690e+2,3.080e-1,6.811e-29,1.166e-19,2.378e-20,2.304e-1,1.581e-16,3.366e+0,8.474e-1,4.866e-19,5.817e-18,4.181e-18,1.778e+0,1.163e+1,,,1.315e-18,,,2.420e-19,,1.010e-4,,7.709e-19,,3.096e+0,,1.291e-17,,4.373e-3,1.800e-16
495.53,5.185e+2,2.927e-11,1.384e-9,1.141e-43,3.514e-10,,,1.079e-18,5.349e-22,,2.941e-15,2.183e-18,5.805e-26,1.000e-17,2.187e-19,1.258e-31,5.731e-4,2.012e-25,,9.331e-19,7.163e-20,3.926e-20,2.076e-1,,1.120e-11,4.950e-1,,9.297e-19,1.025e-21,4.960e+2,2.791e-1,6.812e-29,1.166e-19,1.137e-20,2.005e-1,1.580e-16,2.970e+0,6.934e-1,4.872e-19,5.772e-18,4.204e-18,1.749e+0,1.268e+1,,,1.323e-18,,,2.426e-19,,6.907e-5,,7.708e-19,,3.241e+0,,1.291e-17,,3.234e-3,1.801e-16
495.55,5.358e+2,2.026e-11,1.372e-9,1.141e-43,5.019e-10,,,1.080e-18,5.352e-22,,2.941e-15,2.180e-18,5.868e-26,1.000e-17,2.189e-19,1.257e-31,6.652e-4,2.010e-25,,9.331e-19,7.164e-20,3.643e-20,2.398e-1,,1.431e-11,4.903e-1,,9.291e-19,1.025e-21,5.128e+2,2.605e-1,6.812e-29,1.166e-19,6.930e-21,1.821e-1,1.580e-16,2.722e+0,6.053e-1,4.875e-19,5.742e-18,4.220e-18,1.726e+0,1.338e+1,,,1.329e-18,,,2.430e-19,,5.340e-5,,7.708e-19,,3.328e+0,,1.290e-17,,2.634e-3,1.801e-16
495.57,5.520e+2,1.398e-11,1.360e-9,1.140e-43,7.148e-10,,,1.080e-18,5.355e-22,,2.940e-15,2.177e-18,5.930e-26,1.000e-17,2.191e-19,1.255e-31,7.697e-4,2.008e-25,,9.331e-19,7.166e-20,3.369e-20,2.765e-1,,1.822e-11,4.842e-1,,9.284e-19,1.025e-21,5.286e+2,2.425e-1,6.812e-29,1.167e-19,4.209e-21,1.648e-1,1.580e-16,2.488e+0,5.279e-1,4.879e-19,5.713e-18,4.236e-18,1.698e+0,1.408e+1,,,1.334e-18,,,2.434e-19,,4.116e-5,,7.707e-19,,3.408e+0,,1.290e-17,,2.139e-3,1.801e-16
495.6,5.739e+2,7.962e-12,1.340e-9,1.139e-43,1.208e-9,,,1.081e-18,5.360e-22,,2.940e-15,2.173e-18,6.023e-26,1.000e-17,2.193e-19,1.253e-31,9.524e-4,2.006e-25,,9.332e-19,7.168e-20,2.979e-20,3.408e-1,,2.602e-11,4.723e-1,,9.274e-19,1.026e-21,5.499e+2,2.166e-1,6.813e-29,1.167e-19,1.980e-21,1.412e-1,1.579e-16,2.163e+0,4.301e-1,4.885e-19,5.668e-18,4.259e-18,1.649e+0,1.511e+1,,,1.342e-18,,,2.440e-19,,2.769e-5,,7.706e-19,,3.513e+0,,1.290e-17,,1.555e-3,1.801e-16
495.62,5.869e+2,5.450e-12,1.328e-9,1.139e-43,1.707e-9,,,1.082e-18,5.363e-22,,2.940e-15,2.170e-18,6.086e-26,9.999e-18,2.195e-19,1.252e-31,1.093e-3,2.004e-25,,9.332e-19,7.170e-20,2.734e-20,3.905e-1,,3.287e-11,4.628e-1,,9.268e-19,1.026e-21,5.624e+2,2.002e-1,6.813e-29,1.167e-19,1.193e-21,1.268e-1,1.579e-16,1.963e+0,3.761e-1,4.888e-19,5.638e-18,4.275e-18,1.612e+0,1.577e+1,,,1.348e-18,,,2.445e-19,,2.118e-5,,7.706e-19,,3.570e+0,,1.289e-17,,1.253e-3,1.802e-16
495.65,6.035e+2,3.068e-12,1.311e-9,1.138e-43,2.850e-9,,,1.082e-18,5.367e-22,,2.939e-15,2.166e-18,6.179e-26,9.999e-18,2.198e-19,1.249e-31,1.337e-3,2.002e-25,,9.332e-19,7.172e-20,2.390e-20,4.767e-1,,4.641e-11,4.462e-1,,9.258e-19,1.027e-21,5.783e+2,1.770e-1,6.814e-29,1.167e-19,5.549e-22,1.074e-1,1.578e-16,1.689e+0,3.102e-1,4.894e-19,5.593e-18,4.298e-18,1.549e+0,1.673e+1,,,1.356e-18,,,2.451e-19,,1.408e-5,,7.705e-19,,3.638e+0,,1.289e-17,,9.008e-4,1.802e-16
495.67,6.125e+2,2.084e-12,1.302e-9,1.137e-43,3.997e-9,,,1.083e-18,5.370e-22,,2.939e-15,2.163e-18,6.242e-26,9.999e-18,2.199e-19,1.248e-31,1.524e-3,2.000e-25,,9.332e-19,7.174e-20,2.176e-20,5.426e-1,,5.818e-11,4.339e-1,,9.251e-19,1.027e-21,5.869e+2,1.625e-1,6.814e-29,1.167e-19,3.318e-22,9.578e-2,1.578e-16,1.524e+0,2.757e-1,4.897e-19,5.563e-18,4.314e-18,1.504e+0,1.733e+1,,,1.361e-18,,,2.455e-19,,1.068e-5,,7.705e-19,,3.670e+0,,1.288e-17,,7.200e-4,1.802e-16
495.7,6.227e+2,1.159e-12,1.293e-9,1.136e-43,6.598e-9,,,1.084e-18,5.374e-22,,2.938e-15,2.159e-18,6.335e-26,9.999e-18,2.202e-19,1.245e-31,1.842e-3,1.998e-25,,9.332e-19,7.176e-20,1.880e-20,6.556e-1,,8.118e-11,4.135e-1,,9.241e-19,1.027e-21,5.965e+2,1.421e-1,6.815e-29,1.168e-19,3.317e-22,8.021e-2,1.578e-16,1.300e+0,2.368e-1,4.903e-19,5.518e-18,4.337e-18,1.430e+0,1.817e+1,,,1.370e-18,,,2.461e-19,,7.020e-6,,7.704e-19,,3.698e+0,,1.288e-17,,5.116e-4,1.803e-16
495.72,6.272e+2,7.812e-13,1.291e-9,1.136e-43,9.182e-9,,,1.084e-18,5.377e-22,,2.938e-15,2.156e-18,6.397e-26,9.999e-18,2.204e-19,1.244e-31,2.082e-3,1.996e-25,,9.332e-19,7.178e-20,1.698e-20,7.411e-1,,1.010e-10,3.989e-1,,9.235e-19,1.028e-21,6.007e+2,1.296e-1,6.815e-29,1.168e-19,3.316e-22,7.099e-2,1.577e-16,1.166e+0,2.191e-1,4.907e-19,5.489e-18,4.353e-18,1.378e+0,1.868e+1,,,1.375e-18,,,2.465e-19,,5.285e-6,,7.703e-19,,3.702e+0,,1.287e-17,,4.057e-4,1.803e-16
495.75,6.304e+2,4.296e-13,1.295e-9,1.135e-43,1.498e-8,,,1.085e-18,5.382e-22,,2.938e-15,2.152e-18,6.491e-26,9.999e-18,2.206e-19,1.242e-31,2.488e-3,1.993e-25,,9.332e-19,7.180e-20,1.450e-20,8.861e-1,,1.393e-10,3.758e-1,,9.225e-19,1.028e-21,6.034e+2,1.121e-1,6.816e-29,1.168e-19,3.316e-22,5.878e-2,1.577e-16,9.886e-1,2.045e-1,4.912e-19,5.444e-18,4.376e-18,1.297e+0,1.936e+1,,,1.383e-18,,,2.471e-19,,3.432e-6,,7.703e-19,,3.688e+0,,1.287e-17,,2.849e-4,1.803e-16
495.77,6.302e+2,2.872e-13,1.303e-9,1.134e-43,2.069e-8,,,1.086e-18,5.385e-22,,2.937e-15,2.149e-18,6.553e-26,9.998e-18,2.208e-19,1.240e-31,2.791e-3,1.992e-25,,9.332e-19,7.182e-20,1.300e-20,9.948e-1,,1.719e-10,3.598e-1,,9.218e-19,1.028e-21,6.029e+2,1.015e-1,6.816e-29,1.168e-19,3.315e-22,5.164e-2,1.577e-16,8.842e-1,2.027e-1,4.916e-19,5.414e-18,4.392e-18,1.240e+0,1.975e+1,,,1.388e-18,,,2.475e-19,,2.564e-6,,7.702e-19,,3.664e+0,,1.286e-17,,2.242e-4,1.803e-16
495.8,6.263e+2,1.561e-13,1.324e-9,1.133e-43,3.338e-8,,,1.086e-18,5.389e-22,,2.937e-15,2.145e-18,6.647e-26,9.998e-18,2.210e-19,1.238e-31,3.296e-3,1.989e-25,,9.332e-19,7.184e-20,1.097e-20,1.177e+0,,2.344e-10,3.350e-1,,9.208e-19,1.029e-21,5.987e+2,8.689e-2,6.817e-29,1.168e-19,3.314e-22,4.228e-2,1.576e-16,7.474e-1,2.121e-1,4.921e-19,5.369e-18,4.415e-18,1.154e+0,2.024e+1,,,1.397e-18,,,2.481e-19,,1.645e-6,,7.701e-19,,3.608e+0,,1.286e-17,,1.556e-4,1.804e-16
495.82,6.213e+2,1.035e-13,1.345e-9,1.133e-43,4.573e-8,,,1.087e-18,5.392e-22,,2.937e-15,2.142e-18,6.709e-26,9.998e-18,2.212e-19,1.236e-31,3.669e-3,1.988e-25,,9.332e-19,7.186e-20,9.758e-21,1.312e+0,,2.872e-10,3.182e-1,,9.202e-19,1.029e-21,5.936e+2,7.807e-2,6.817e-29,1.168e-19,3.314e-22,3.686e-2,1.576e-16,6.685e-1,2.269e-1,4.925e-19,5.339e-18,4.431e-18,1.095e+0,2.049e+1,,,1.402e-18,,,2.485e-19,,1.219e-6,,7.701e-19,,3.557e+0,,1.286e-17,,1.215e-4,1.804e-16
495.85,6.105e+2,5.559e-14,1.387e-9,1.132e-43,7.293e-8,,,1.088e-18,5.396e-22,,2.936e-15,2.138e-18,6.803e-26,9.998e-18,2.215e-19,1.234e-31,4.283e-3,1.985e-25,,9.332e-19,7.188e-20,8.139e-21,1.537e+0,,3.870e-10,2.929e-1,,9.192e-19,1.030e-21,5.825e+2,6.613e-2,6.818e-29,1.169e-19,3.313e-22,2.984e-2,1.576e-16,5.671e-1,2.630e-1,4.931e-19,5.294e-18,4.454e-18,1.007e+0,2.076e+1,,,1.410e-18,,,2.491e-19,,7.735e-7,,7.700e-19,,3.462e+0,,1.285e-17,,8.331e-5,1.804e-16
495.87,6.011e+2,3.659e-14,1.423e-9,1.131e-43,9.916e-8,,,1.088e-18,5.399e-22,,2.936e-15,2.135e-18,6.865e-26,9.998e-18,2.216e-19,1.232e-31,4.731e-3,1.984e-25,,9.332e-19,7.190e-20,7.183e-21,1.702e+0,,4.704e-10,2.760e-1,,9.185e-19,1.030e-21,5.731e+2,5.898e-2,6.818e-29,1.169e-19,3.312e-22,2.582e-2,1.575e-16,5.098e-1,2.972e-1,4.934e-19,5.265e-18,4.470e-18,9.491e-1,2.085e+1,,,1.416e-18,,,2.495e-19,,5.688e-7,,7.700e-19,,3.387e+0,,1.285e-17,,6.453e-5,1.804e-16
495.9,5.840e+2,1.942e-14,1.488e-9,1.130e-43,1.563e-7,,,1.089e-18,5.404e-22,,2.936e-15,2.131e-18,6.958e-26,9.998e-18,2.219e-19,1.230e-31,5.459e-3,1.981e-25,,9.333e-19,7.192e-20,5.921e-21,1.974e+0,,6.266e-10,2.511e-1,,9.175e-19,1.030e-21,5.559e+2,4.942e-2,6.819e-29,1.169e-19,3.312e-22,2.067e-2,1.575e-16,4.379e-1,3.656e-1,4.940e-19,5.220e-18,4.493e-18,8.630e-1,2.088e+1,,,1.424e-18,,,2.501e-19,,3.566e-7,,7.699e-19,,3.260e+0,,1.284e-17,,4.374e-5,1.805e-16
495.92,5.707e+2,1.268e-14,1.539e-9,1.130e-43,2.109e-7,,,1.090e-18,5.407e-22,,2.935e-15,2.128e-18,7.021e-26,9.998e-18,2.221e-19,1.229e-31,5.982e-3,1.979e-25,,9.333e-19,7.194e-20,5.186e-21,2.171e+0,,7.557e-10,2.348e-1,,9.169e-19,1.031e-21,5.426e+2,4.376e-2,6.819e-29,1.169e-19,3.311e-22,1.776e-2,1.575e-16,3.984e-1,4.242e-1,4.943e-19,5.190e-18,4.509e-18,8.069e-1,2.082e+1,,,1.429e-18,,,2.506e-19,,2.602e-7,,7.698e-19,,3.165e+0,,1.284e-17,,3.362e-5,1.805e-16
495.95,5.483e+2,6.651e-15,1.627e-9,1.129e-43,3.286e-7,,,1.091e-18,5.411e-22,,2.935e-15,2.124e-18,7.114e-26,9.997e-18,2.223e-19,1.226e-31,6.823e-3,1.977e-25,,9.333e-19,7.196e-20,4.225e-21,2.492e+0,,9.951e-10,2.111e-1,,9.159e-19,1.031e-21,5.203e+2,3.627e-2,6.819e-29,1.169e-19,3.310e-22,1.405e-2,1.574e-16,3.505e-1,5.344e-1,4.949e-19,5.145e-18,4.532e-18,7.252e-1,2.060e+1,,,1.437e-18,,,2.512e-19,,1.612e-7,,7.698e-19,,3.011e+0,,1.283e-17,,2.253e-5,1.805e-16
495.97,5.318e+2,4.309e-15,1.693e-9,1.128e-43,4.400e-7,,,1.091e-18,5.414e-22,,2.935e-15,2.121e-18,7.177e-26,9.997e-18,2.225e-19,1.225e-31,7.420e-3,1.975e-25,,9.333e-19,7.197e-20,3.671e-21,2.724e+0,,1.191e-9,1.959e-1,,9.152e-19,1.031e-21,5.039e+2,3.188e-2,6.820e-29,1.169e-19,3.310e-22,1.198e-2,1.574e-16,3.254e-1,6.249e-1,4.953e-19,5.115e-18,4.548e-18,6.728e-1,2.038e+1,,,1.443e-18,,,2.516e-19,,1.167e-7,,7.697e-19,,2.901e+0,,1.283e-17,,1.718e-5,1.806e-16
495.99,5.143e+2,2.783e-15,1.765e-9,1.128e-43,5.873e-7,,,1.092e-18,5.417e-22,,2.934e-15,2.119e-18,7.239e-26,9.997e-18,2.227e-19,1.223e-31,8.043e-3,1.974e-25,,9.333e-19,7.199e-20,3.180e-21,2.969e+0,,1.421e-9,1.812e-1,,9.146e-19,1.032e-21,4.866e+2,2.794e-2,6.820e-29,1.170e-19,3.309e-22,1.018e-2,1.574e-16,3.051e-1,7.309e-1,4.956e-19,5.085e-18,4.563e-18,6.223e-1,2.011e+1,,,1.448e-18,,,2.520e-19,,8.420e-8,,7.697e-19,,2.787e+0,,1.282e-17,,1.306e-5,1.806e-16
496.02,4.865e+2,1.436e-15,1.884e-9,1.127e-43,9.005e-7,,,1.092e-18,5.421e-22,,2.934e-15,2.114e-18,7.332e-26,9.997e-18,2.229e-19,1.221e-31,9.026e-3,1.971e-25,,9.333e-19,7.201e-20,2.549e-21,3.362e+0,,1.841e-9,1.603e-1,,9.136e-19,1.032e-21,4.590e+2,2.280e-2,6.821e-29,1.170e-19,3.308e-22,7.934e-3,1.573e-16,2.826e-1,9.228e-1,4.962e-19,5.041e-18,4.587e-18,5.503e-1,1.958e+1,,,1.456e-18,,,2.526e-19,,5.132e-8,,7.696e-19,,2.609e+0,,1.282e-17,,8.607e-6,1.806e-16
496.04,4.671e+2,9.199e-16,1.968e-9,1.126e-43,1.193e-6,,,1.093e-18,5.424e-22,,2.934e-15,2.112e-18,7.395e-26,9.997e-18,2.231e-19,1.220e-31,9.709e-3,1.970e-25,,9.333e-19,7.203e-20,2.191e-21,3.642e+0,,2.179e-9,1.471e-1,,9.129e-19,1.033e-21,4.397e+2,1.984e-2,6.821e-29,1.170e-19,3.308e-22,6.693e-3,1.573e-16,2.724e-1,1.076e+0,4.965e-19,5.011e-18,4.602e-18,5.051e-1,1.917e+1,,,1.462e-18,,,2.530e-19,,3.674e-8,,7.695e-19,,2.488e+0,,1.281e-17,,6.492e-6,1.806e-16
496.07,4.370e+2,4.690e-16,2.103e-9,1.125e-43,1.808e-6,,,1.094e-18,5.429e-22,,2.933e-15,2.107e-18,7.488e-26,9.997e-18,2.234e-19,1.217e-31,1.077e-2,1.967e-25,,9.333e-19,7.205e-20,1.735e-21,4.086e+0,,2.790e-9,1.286e-1,,9.119e-19,1.033e-21,4.100e+2,1.601e-2,6.822e-29,1.170e-19,3.307e-22,5.156e-3,1.573e-16,2.630e-1,1.349e+0,4.971e-19,4.966e-18,4.626e-18,4.415e-1,1.845e+1,,,1.470e-18,,,2.536e-19,,2.213e-8,,7.695e-19,,2.304e+0,,1.281e-17,,4.228e-6,1.807e-16
496.09,4.166e+2,2.982e-16,2.197e-9,1.125e-43,2.376e-6,,,1.094e-18,5.432e-22,,2.933e-15,2.105e-18,7.551e-26,9.996e-18,2.235e-19,1.216e-31,1.149e-2,1.965e-25,,9.333e-19,7.207e-20,1.480e-21,4.399e+0,,3.278e-9,1.171e-1,,9.113e-19,1.033e-21,3.898e+2,1.383e-2,6.822e-29,1.170e-19,3.307e-22,4.317e-3,1.572e-16,2.603e-1,1.563e+0,4.975e-19,4.936e-18,4.641e-18,4.021e-1,1.792e+1,,,1.475e-18,,,2.540e-19,,1.572e-8,,7.694e-19,,2.181e+0,,1.281e-17,,3.165e-6,1.807e-16
496.12,3.858e+2,1.503e-16,2.343e-9,1.124e-43,3.560e-6,,,1.095e-18,5.436e-22,,2.932e-15,2.101e-18,7.644e-26,9.996e-18,2.238e-19,1.213e-31,1.260e-2,1.963e-25,,9.333e-19,7.209e-20,1.159e-21,4.892e+0,,4.149e-9,1.012e-1,,9.103e-19,1.034e-21,3.592e+2,1.104e-2,6.823e-29,1.170e-19,3.306e-22,3.289e-3,1.572e-16,2.606e-1,1.940e+0,4.980e-19,4.891e-18,4.665e-18,3.474e-1,1.706e+1,,,1.483e-18,,,2.546e-19,,9.358e-9,,7.693e-19,,1.998e+0,,1.280e-17,,2.037e-6,1.807e-16
496.14,3.653e+2,9.477e-17,2.442e-9,1.123e-43,4.644e-6,,,1.096e-18,5.439e-22,,2.932e-15,2.098e-18,7.706e-26,9.996e-18,2.240e-19,1.212e-31,1.335e-2,1.961e-25,,9.333e-19,7.211e-20,9.804e-22,5.235e+0,,4.836e-9,9.145e-2,,9.096e-19,1.034e-21,3.388e+2,9.470e-3,6.823e-29,1.171e-19,3.305e-22,2.733e-3,1.572e-16,2.633e-1,2.232e+0,4.984e-19,4.861e-18,4.680e-18,3.139e-1,1.644e+1,,,1.489e-18,,,2.550e-19,,6.596e-9,,7.693e-19,,1.879e+0,,1.280e-17,,1.513e-6,1.807e-16
496.17,3.349e+2,4.720e-17,2.591e-9,1.122e-43,6.878e-6,,,1.096e-18,5.444e-22,,2.932e-15,2.094e-18,7.800e-26,9.996e-18,2.242e-19,1.210e-31,1.446e-2,1.959e-25,,9.333e-19,7.213e-20,7.587e-22,5.770e+0,,6.051e-9,7.810e-2,,9.086e-19,1.035e-21,3.086e+2,7.483e-3,6.824e-29,1.171e-19,3.304e-22,2.058e-3,1.571e-16,2.704e-1,2.741e+0,4.989e-19,4.816e-18,4.704e-18,2.681e-1,1.547e+1,,,1.497e-18,,,2.556e-19,,3.881e-9,,7.692e-19,,1.705e+0,,1.279e-17,,9.624e-7,1.808e-16
496.19,3.151e+2,2.954e-17,2.689e-9,1.121e-43,8.903e-6,,,1.097e-18,5.446e-22,,2.931e-15,2.091e-18,7.862e-26,9.996e-18,2.244e-19,1.208e-31,1.520e-2,1.957e-25,,9.334e-19,7.215e-20,6.370e-22,6.139e+0,,6.999e-9,7.003e-2,,9.080e-19,1.035e-21,2.888e+2,6.376e-3,6.824e-29,1.171e-19,3.304e-22,1.698e-3,1.571e-16,2.768e-1,3.131e+0,4.993e-19,4.787e-18,4.719e-18,2.404e-1,1.479e+1,,,1.502e-18,,,2.560e-19,,2.714e-9,,7.692e-19,,1.593e+0,,1.279e-17,,7.091e-7,1.808e-16
496.22,2.863e+2,1.454e-17,2.834e-9,1.121e-43,1.303e-5,,,1.098e-18,5.451e-22,,2.931e-15,2.087e-18,7.956e-26,9.996e-18,2.247e-19,1.206e-31,1.628e-2,1.955e-25,,9.334e-19,7.217e-20,4.872e-22,6.710e+0,,8.656e-9,5.911e-2,,9.070e-19,1.035e-21,2.600e+2,4.994e-3,6.825e-29,1.171e-19,3.303e-22,1.264e-3,1.570e-16,2.882e-1,3.800e+0,4.998e-19,4.742e-18,4.743e-18,2.029e-1,1.376e+1,,,1.511e-18,,,2.567e-19,,1.578e-9,,7.691e-19,,1.432e+0,,1.278e-17,,4.459e-7,1.808e-16
496.24,2.679e+2,9.026e-18,2.926e-9,1.120e-43,1.674e-5,,,1.098e-18,5.454e-22,,2.931e-15,2.084e-18,8.018e-26,9.995e-18,2.248e-19,1.204e-31,1.698e-2,1.953e-25,,9.334e-19,7.219e-20,4.058e-22,7.100e+0,,9.934e-9,5.259e-2,,9.063e-19,1.036e-21,2.415e+2,4.233e-3,6.825e-29,1.171e-19,3.303e-22,1.035e-3,1.570e-16,2.968e-1,4.308e+0,5.002e-19,4.712e-18,4.759e-18,1.805e-1,1.306e+1,,,1.516e-18,,,2.571e-19,,1.095e-9,,7.690e-19,,1.331e+0,,1.278e-17,,3.259e-7,1.809e-16
496.27,2.415e+2,4.390e-18,3.057e-9,1.119e-43,2.423e-5,,,1.099e-18,5.458e-22,,2.930e-15,2.080e-18,8.112e-26,9.995e-18,2.251e-19,1.202e-31,1.797e-2,1.951e-25,,9.334e-19,7.221e-20,3.068e-22,7.697e+0,,1.214e-8,4.388e-2,,9.053e-19,1.036e-21,2.149e+2,3.299e-3,6.826e-29,1.171e-19,3.302e-22,7.621e-4,1.570e-16,3.107e-1,5.169e+0,5.008e-19,4.667e-18,4.782e-18,1.506e-1,1.200e+1,,,1.524e-18,,,2.577e-19,,6.292e-10,,7.690e-19,,1.190e+0,,1.277e-17,,2.025e-7,1.809e-16
496.29,2.249e+2,2.704e-18,3.138e-9,1.118e-43,3.089e-5,,,1.100e-18,5.461e-22,,2.930e-15,2.077e-18,8.174e-26,9.995e-18,2.253e-19,1.200e-31,1.860e-2,1.949e-25,,9.334e-19,7.223e-20,2.536e-22,8.101e+0,,1.383e-8,3.873e-2,,9.047e-19,1.036e-21,1.980e+2,2.794e-3,6.826e-29,1.172e-19,3.301e-22,6.192e-4,1.569e-16,3.203e-1,5.815e+0,5.011e-19,4.637e-18,4.798e-18,1.329e-1,1.131e+1,,,1.530e-18,,,2.581e-19,,4.332e-10,,7.689e-19,,1.102e+0,,1.277e-17,,1.469e-7,1.809e-16
496.32,2.015e+2,1.300e-18,3.247e-9,1.118e-43,4.419e-5,,,1.100e-18,5.466e-22,,2.929e-15,2.073e-18,8.267e-26,9.995e-18,2.255e-19,1.198e-31,1.946e-2,1.946e-25,,9.334e-19,7.225e-20,1.895e-22,8.715e+0,,1.671e-8,3.194e-2,,9.037e-19,1.037e-21,1.742e+2,2.188e-3,6.826e-29,1.172e-19,3.301e-22,4.508e-4,1.569e-16,3.350e-1,6.897e+0,5.017e-19,4.592e-18,4.821e-18,1.096e-1,1.027e+1,,,1.538e-18,,,2.587e-19,,2.460e-10,,7.688e-19,,9.814e-1,,1.276e-17,,9.023e-8,1.810e-16
496.34,1.871e+2,7.945e-19,3.311e-9,1.117e-43,5.590e-5,,,1.101e-18,5.469e-22,,2.929e-15,2.070e-18,8.330e-26,9.995e-18,2.257e-19,1.197e-31,1.998e-2,1.945e-25,,9.334e-19,7.227e-20,1.554e-22,9.127e+0,,1.889e-8,2.798e-2,,9.030e-19,1.037e-21,1.593e+2,1.871e-3,6.827e-29,1.172e-19,3.300e-22,3.635e-4,1.569e-16,3.447e-1,7.698e+0,5.021e-19,4.563e-18,4.837e-18,9.601e-2,9.602e+0,,,1.543e-18,,,2.591e-19,,1.680e-10,,7.688e-19,,9.085e-1,,1.276e-17,,6.494e-8,1.810e-16
496.36,1.736e+2,4.841e-19,3.367e-9,1.116e-43,7.050e-5,,,1.101e-18,5.472e-22,,2.929e-15,2.067e-18,8.392e-26,9.995e-18,2.259e-19,1.195e-31,2.045e-2,1.943e-25,,9.334e-19,7.228e-20,1.270e-22,9.540e+0,,2.128e-8,2.443e-2,,9.024e-19,1.038e-21,1.452e+2,1.615e-3,6.827e-29,1.172e-19,3.299e-22,2.922e-4,1.568e-16,3.542e-1,8.567e+0,5.024e-19,4.533e-18,4.852e-18,8.384e-2,8.947e+0,,,1.549e-18,,,2.595e-19,,1.144e-10,,7.687e-19,,8.418e-1,,1.276e-17,,4.659e-8,1.810e-16
496.39,1.550e+2,2.289e-19,3.434e-9,1.115e-43,9.926e-5,,,1.102e-18,5.476e-22,,2.928e-15,2.063e-18,8.486e-26,9.995e-18,2.261e-19,1.193e-31,2.105e-2,1.941e-25,,9.334e-19,7.230e-20,9.337e-23,1.016e+1,,2.530e-8,1.982e-2,,9.014e-19,1.038e-21,1.256e+2,1.330e-3,6.828e-29,1.172e-19,3.299e-22,2.094e-4,1.568e-16,3.678e-1,9.998e+0,5.030e-19,4.488e-18,4.876e-18,6.801e-2,8.000e+0,,,1.557e-18,,,2.601e-19,,6.392e-11,,7.687e-19,,7.531e-1,,1.275e-17,,2.815e-8,1.810e-16
496.41,1.438e+2,1.384e-19,3.468e-9,1.115e-43,1.242e-4,,,1.103e-18,5.479e-22,,2.928e-15,2.060e-18,8.548e-26,9.994e-18,2.263e-19,1.191e-31,2.138e-2,1.939e-25,,9.334e-19,7.232e-20,7.575e-23,1.057e+1,,2.828e-8,1.717e-2,,9.007e-19,1.038e-21,1.136e+2,1.199e-3,6.828e-29,1.172e-19,3.298e-22,1.671e-4,1.568e-16,3.764e-1,1.104e+1,5.033e-19,4.458e-18,4.891e-18,5.893e-2,7.396e+0,,,1.562e-18,,,2.605e-19,,4.319e-11,,7.686e-19,,7.016e-1,,1.275e-17,,2.004e-8,1.811e-16
496.44,1.287e+2,6.466e-20,3.499e-9,1.114e-43,1.729e-4,,,1.104e-18,5.483e-22,,2.928e-15,2.056e-18,8.641e-26,9.994e-18,2.265e-19,1.189e-31,2.176e-2,1.937e-25,,9.334e-19,7.234e-20,5.502e-23,1.118e+1,,3.323e-8,1.377e-2,,8.997e-19,1.039e-21,9.718e+1,1.084e-3,6.829e-29,1.173e-19,3.297e-22,1.184e-4,1.567e-16,3.882e-1,1.273e+1,5.039e-19,4.413e-18,4.915e-18,4.725e-2,6.538e+0,,,1.570e-18,,,2.611e-19,,2.384e-11,,7.685e-19,,6.356e-1,,1.274e-17,,1.196e-8,1.811e-16
496.46,1.198e+2,3.878e-20,3.507e-9,1.113e-43,2.147e-4,,,1.104e-18,5.486e-22,,2.927e-15,2.053e-18,8.704e-26,9.994e-18,2.267e-19,1.187e-31,2.193e-2,1.935e-25,,9.334e-19,7.236e-20,4.429e-23,1.158e+1,,3.687e-8,1.184e-2,,8.991e-19,1.039e-21,8.722e+1,1.056e-3,6.829e-29,1.173e-19,3.297e-22,9.377e-5,1.567e-16,3.953e-1,1.395e+1,5.043e-19,4.383e-18,4.930e-18,4.062e-2,5.998e+0,,,1.576e-18,,,2.615e-19,,1.598e-11,,7.685e-19,,5.990e-1,,1.274e-17,,8.449e-9,1.811e-16
496.49,1.081e+2,1.791e-20,3.499e-9,1.112e-43,2.955e-4,,,1.105e-18,5.491e-22,,2.927e-15,2.049e-18,8.797e-26,9.994e-18,2.270e-19,1.185e-31,2.206e-2,1.932e-25,,9.335e-19,7.238e-20,3.180e-23,1.216e+1,,4.282e-8,9.380e-3,,8.981e-19,1.040e-21,7.373e+1,1.087e-3,6.830e-29,1.173e-19,3.296e-22,6.570e-5,1.567e-16,4.045e-1,1.591e+1,5.048e-19,4.339e-18,4.954e-18,3.219e-2,5.241e+0,,,1.584e-18,,,2.621e-19,,8.722e-12,,7.684e-19,,5.546e-1,,1.273e-17,,4.986e-9,1.811e-16
496.51,1.013e+2,1.788e-20,3.481e-9,1.112e-43,3.642e-4,,,1.105e-18,5.494e-22,,2.927e-15,2.046e-18,8.860e-26,9.994e-18,2.271e-19,1.184e-31,2.206e-2,1.931e-25,,9.335e-19,7.240e-20,2.540e-23,1.255e+1,,4.714e-8,8.001e-3,,8.974e-19,1.040e-21,6.566e+1,1.155e-3,6.830e-29,1.173e-19,3.296e-22,5.164e-5,1.566e-16,4.097e-1,1.730e+1,5.052e-19,4.309e-18,4.969e-18,2.746e-2,4.772e+0,,,1.589e-18,,,2.626e-19,,5.801e-12,,7.683e-19,,5.318e-1,,1.273e-17,,3.494e-9,1.812e-16
496.54,9.256e+1,1.785e-20,3.434e-9,1.111e-43,4.955e-4,,,1.106e-18,5.498e-22,,2.926e-15,2.042e-18,8.953e-26,9.994e-18,2.274e-19,1.181e-31,2.193e-2,1.928e-25,,9.335e-19,7.242e-20,1.802e-23,1.311e+1,,5.412e-8,6.267e-3,,8.964e-19,1.040e-21,5.486e+1,1.330e-3,6.831e-29,1.173e-19,3.295e-22,3.577e-5,1.566e-16,4.160e-1,1.950e+1,5.057e-19,4.264e-18,4.993e-18,2.151e-2,4.121e+0,,,1.597e-18,,,2.632e-19,,3.128e-12,,7.683e-19,,5.072e-1,,1.272e-17,,2.038e-9,1.812e-16
496.56,8.767e+1,1.782e-20,3.391e-9,1.110e-43,6.061e-4,,,1.107e-18,5.501e-22,,2.926e-15,2.039e-18,9.015e-26,9.993e-18,2.276e-19,1.180e-31,2.176e-2,1.927e-25,,9.335e-19,7.244e-20,1.428e-23,1.347e+1,,5.912e-8,5.305e-3,,8.958e-19,1.041e-21,4.848e+1,1.499e-3,6.831e-29,1.173e-19,3.294e-22,2.790e-5,1.566e-16,4.191e-1,2.103e+1,5.061e-19,4.234e-18,5.008e-18,1.820e-2,3.723e+0,,,1.603e-18,,,2.636e-19,,2.064e-12,,7.682e-19,,4.968e-1,,1.272e-17,,1.417e-9,1.812e-16
496.59,8.159e+1,1.779e-20,3.307e-9,1.109e-43,8.153e-4,,,1.108e-18,5.505e-22,,2.926e-15,2.035e-18,9.109e-26,9.993e-18,2.278e-19,1.178e-31,2.138e-2,1.924e-25,,9.335e-19,7.246e-20,1.002e-23,1.399e+1,,6.709e-8,4.107e-3,,8.948e-19,1.041e-21,4.003e+1,1.838e-3,6.832e-29,1.174e-19,3.293e-22,1.911e-5,1.565e-16,4.222e-1,2.343e+1,5.066e-19,4.189e-18,5.032e-18,1.409e-2,3.179e+0,,,1.611e-18,,,2.642e-19,,1.100e-12,,7.681e-19,,4.897e-1,,1.271e-17,,8.167e-10,1.813e-16
496.61,7.832e+1,1.776e-20,3.241e-9,1.109e-43,9.897e-4,,,1.108e-18,5.508e-22,,2.925e-15,2.032e-18,9.171e-26,9.993e-18,2.280e-19,1.176e-31,2.105e-2,1.923e-25,,9.335e-19,7.248e-20,7.876e-24,1.433e+1,,7.272e-8,3.449e-3,,8.941e-19,1.041e-21,3.510e+1,2.128e-3,6.832e-29,1.174e-19,3.293e-22,1.480e-5,1.565e-16,4.231e-1,2.508e+1,5.070e-19,4.159e-18,5.047e-18,1.183e-2,2.850e+0,,,1.616e-18,,,2.646e-19,,7.204e-13,,7.681e-19,,4.901e-1,,1.271e-17,,5.635e-10,1.813e-16
496.64,7.445e+1,1.772e-20,3.125e-9,1.108e-43,1.316e-3,,,1.109e-18,5.513e-22,,2.925e-15,2.028e-18,9.265e-26,9.993e-18,2.283e-19,1.174e-31,2.045e-2,1.920e-25,,9.335e-19,7.250e-20,5.459e-24,1.482e+1,,8.157e-8,2.639e-3,,8.931e-19,1.042e-21,2.865e+1,2.669e-3,6.832e-29,1.174e-19,3.292e-22,1.002e-5,1.564e-16,4.229e-1,2.762e+1,5.076e-19,4.114e-18,5.071e-18,9.056e-3,2.405e+0,,,1.624e-18,,,2.652e-19,,3.795e-13,,7.680e-19,,4.979e-1,,1.271e-17,,3.210e-10,1.813e-16
496.66,7.250e+1,1.770e-20,3.038e-9,1.107e-43,1.586e-3,,,1.110e-18,5.516e-22,,2.925e-15,2.025e-18,9.327e-26,9.993e-18,2.284e-19,1.172e-31,1.998e-2,1.918e-25,,9.335e-19,7.252e-20,4.259e-24,1.513e+1,,8.773e-8,2.199e-3,,8.925e-19,1.042e-21,2.493e+1,3.110e-3,6.833e-29,1.174e-19,3.292e-22,7.698e-6,1.564e-16,4.218e-1,2.934e+1,5.079e-19,4.085e-18,5.086e-18,7.546e-3,2.140e+0,,,1.630e-18,,,2.656e-19,,2.465e-13,,7.680e-19,,5.073e-1,,1.270e-17,,2.197e-10,1.813e-16
496.69,7.039e+1,1.766e-20,2.896e-9,1.106e-43,2.085e-3,,,1.110e-18,5.520e-22,,2.924e-15,2.021e-18,9.421e-26,9.993e-18,2.287e-19,1.170e-31,1.918e-2,1.916e-25,,9.335e-19,7.254e-20,2.918e-24,1.558e+1,,9.728e-8,1.663e-3,,8.915e-19,1.043e-21,2.011e+1,3.911e-3,6.833e-29,1.174e-19,3.291e-22,5.155e-6,1.564e-16,4.186e-1,3.194e+1,5.085e-19,4.040e-18,5.110e-18,5.707e-3,1.785e+0,,,1.638e-18,,,2.662e-19,,1.283e-13,,7.679e-19,,5.269e-1,,1.270e-17,,1.237e-10,1.814e-16
496.71,6.946e+1,1.764e-20,2.794e-9,1.106e-43,2.493e-3,,,1.111e-18,5.523e-22,,2.924e-15,2.018e-18,9.483e-26,9.992e-18,2.289e-19,1.168e-31,1.860e-2,1.914e-25,,9.335e-19,7.256e-20,2.259e-24,1.586e+1,,1.038e-7,1.375e-3,,8.908e-19,1.043e-21,1.736e+1,4.548e-3,6.834e-29,1.175e-19,3.290e-22,3.930e-6,1.563e-16,4.155e-1,3.367e+1,5.089e-19,4.010e-18,5.125e-18,4.719e-3,1.576e+0,,,1.643e-18,,,2.666e-19,,8.272e-14,,7.678e-19,,5.432e-1,,1.269e-17,,8.402e-11,1.814e-16
496.73,6.885e+1,1.762e-20,2.688e-9,1.105e-43,2.973e-3,,,1.111e-18,5.526e-22,,2.924e-15,2.016e-18,9.545e-26,9.992e-18,2.290e-19,1.167e-31,1.797e-2,1.913e-25,,9.335e-19,7.257e-20,1.743e-24,1.614e+1,,1.105e-7,1.134e-3,,8.902e-19,1.043e-21,1.494e+1,5.279e-3,6.834e-29,1.175e-19,3.290e-22,2.988e-6,1.563e-16,4.117e-1,3.538e+1,5.092e-19,3.980e-18,5.141e-18,3.890e-3,1.387e+0,,,1.649e-18,,,2.670e-19,,5.315e-14,,7.678e-19,,5.618e-1,,1.269e-17,,5.689e-11,1.814e-16
496.76,6.846e+1,1.758e-20,2.521e-9,1.104e-43,3.848e-3,,,1.112e-18,5.530e-22,,2.923e-15,2.011e-18,9.639e-26,9.992e-18,2.293e-19,1.165e-31,1.698e-2,1.910e-25,,9.335e-19,7.260e-20,1.175e-24,1.654e+1,,1.205e-7,8.434e-4,,8.892e-19,1.044e-21,1.186e+1,6.573e-3,6.835e-29,1.175e-19,3.289e-22,1.969e-6,1.563e-16,4.050e-1,3.789e+1,5.098e-19,3.935e-18,5.164e-18,2.894e-3,1.138e+0,,,1.657e-18,,,2.676e-19,,2.722e-14,,7.677e-19,,5.930e-1,,1.268e-17,,3.151e-11,1.815e-16
496.78,6.848e+1,1.755e-20,2.406e-9,1.104e-43,4.553e-3,,,1.113e-18,5.533e-22,,2.923e-15,2.009e-18,9.701e-26,9.992e-18,2.295e-19,1.163e-31,1.628e-2,1.909e-25,,9.336e-19,7.261e-20,8.997e-25,1.681e+1,,1.272e-7,6.898e-4,,8.885e-19,1.044e-21,1.013e+1,7.583e-3,6.835e-29,1.175e-19,3.288e-22,1.485e-6,1.562e-16,3.998e-1,3.950e+1,5.101e-19,3.905e-18,5.180e-18,2.367e-3,9.939e-1,,,1.662e-18,,,2.680e-19,,1.735e-14,,7.677e-19,,6.156e-1,,1.268e-17,,2.116e-11,1.815e-16
496.81,6.884e+1,1.752e-20,2.230e-9,1.103e-43,5.828e-3,,,1.114e-18,5.538e-22,,2.922e-15,2.004e-18,9.795e-26,9.992e-18,2.297e-19,1.161e-31,1.520e-2,1.906e-25,,9.336e-19,7.263e-20,5.993e-25,1.719e+1,,1.372e-7,5.072e-4,,8.875e-19,1.044e-21,7.945e+0,9.345e-3,6.836e-29,1.175e-19,3.288e-22,9.679e-7,1.562e-16,3.911e-1,4.182e+1,5.107e-19,3.861e-18,5.203e-18,1.741e-3,8.065e-1,,,1.671e-18,,,2.686e-19,,8.781e-15,,7.676e-19,,6.513e-1,,1.267e-17,,1.158e-11,1.815e-16
496.83,6.924e+1,1.749e-20,2.112e-9,1.102e-43,6.845e-3,,,1.114e-18,5.541e-22,,2.922e-15,2.002e-18,9.857e-26,9.992e-18,2.299e-19,1.159e-31,1.446e-2,1.904e-25,,9.336e-19,1.209e-19,4.553e-25,1.745e+1,,1.437e-7,4.116e-4,,8.869e-19,1.045e-21,6.732e+0,1.070e-2,6.836e-29,1.175e-19,3.287e-22,7.247e-7,1.562e-16,3.849e-1,4.327e+1,5.111e-19,3.831e-18,5.219e-18,1.412e-3,6.989e-1,,,1.676e-18,,,2.691e-19,,5.555e-15,,7.675e-19,,6.758e-1,,1.267e-17,,7.722e-12,1.815e-16
496.86,7.002e+1,1.746e-20,1.936e-9,1.101e-43,8.665e-3,,,1.115e-18,5.545e-22,,2.922e-15,1.997e-18,9.950e-26,9.992e-18,2.302e-19,1.157e-31,1.335e-2,1.902e-25,,9.336e-19,2.580e-19,2.998e-25,1.785e+1,,1.532e-7,2.992e-4,,8.859e-19,1.045e-21,5.220e+0,1.305e-2,6.837e-29,1.176e-19,3.286e-22,4.668e-7,1.561e-16,3.752e-1,4.527e+1,5.116e-19,3.786e-18,5.242e-18,1.027e-3,5.605e-1,,,1.684e-18,,,2.697e-19,,2.778e-15,,7.675e-19,,7.129e-1,,1.267e-17,,4.177e-12,1.816e-16
496.88,7.061e+1,1.743e-20,1.819e-9,1.101e-43,1.010e-2,,,1.115e-18,5.548e-22,,2.921e-15,1.995e-18,1.001e-25,9.991e-18,2.303e-19,1.155e-31,1.260e-2,1.900e-25,,9.336e-19,4.261e-19,2.260e-25,1.812e+1,,1.592e-7,2.409e-4,,8.852e-19,1.046e-21,4.389e+0,1.483e-2,6.837e-29,1.176e-19,3.286e-22,3.469e-7,1.561e-16,3.685e-1,4.648e+1,5.120e-19,3.756e-18,5.258e-18,8.267e-4,4.820e-1,,,1.690e-18,,,2.701e-19,,1.744e-15,,7.674e-19,,7.374e-1,,1.266e-17,,2.763e-12,1.816e-16
496.91,7.155e+1,1.740e-20,1.648e-9,1.100e-43,1.265e-2,,,1.116e-18,5.553e-22,,2.921e-15,1.990e-18,1.011e-25,9.991e-18,2.306e-19,1.153e-31,1.149e-2,1.898e-25,,9.336e-19,8.991e-19,1.471e-25,1.856e+1,,1.678e-7,1.731e-4,,8.842e-19,1.046e-21,3.364e+0,1.788e-2,6.838e-29,1.176e-19,3.285e-22,2.209e-7,1.561e-16,3.585e-1,4.807e+1,5.125e-19,3.711e-18,5.281e-18,5.938e-4,3.821e-1,,,1.698e-18,,,2.707e-19,,8.619e-16,,7.673e-19,,7.729e-1,,1.266e-17,,1.477e-12,1.816e-16
496.93,7.217e+1,1.737e-20,1.537e-9,1.099e-43,1.464e-2,,,1.117e-18,5.555e-22,,2.921e-15,1.988e-18,1.017e-25,9.991e-18,2.308e-19,1.152e-31,1.077e-2,1.896e-25,,9.336e-19,1.474e-18,1.100e-25,1.887e+1,,1.730e-7,1.383e-4,,8.836e-19,1.046e-21,2.807e+0,2.017e-2,6.838e-29,1.176e-19,3.284e-22,1.629e-7,1.560e-16,3.519e-1,4.897e+1,5.129e-19,3.681e-18,5.297e-18,4.745e-4,3.260e-1,,,1.703e-18,,,2.711e-19,,5.367e-16,,7.673e-19,,7.954e-1,,1.265e-17,,9.695e-13,1.816e-16
496.96,7.307e+1,1.733e-20,1.376e-9,1.098e-43,1.812e-2,,,1.118e-18,5.560e-22,,2.920e-15,1.983e-18,1.026e-25,9.991e-18,2.310e-19,1.149e-31,9.709e-3,1.894e-25,,9.336e-19,3.074e-18,7.074e-26,1.940e+1,,1.802e-7,9.818e-5,,8.826e-19,1.047e-21,2.127e+0,2.403e-2,6.838e-29,1.176e-19,3.284e-22,1.026e-7,1.560e-16,3.425e-1,5.007e+1,5.134e-19,3.637e-18,5.320e-18,3.369e-4,2.555e-1,,,1.711e-18,,,2.717e-19,,2.622e-16,,7.672e-19,,8.267e-1,,1.265e-17,,5.128e-13,1.817e-16
496.98,7.363e+1,1.731e-20,1.273e-9,1.098e-43,2.082e-2,,,1.118e-18,5.563e-22,,2.920e-15,1.981e-18,1.032e-25,9.991e-18,2.312e-19,1.148e-31,9.026e-3,1.892e-25,,9.336e-19,5.000e-18,5.250e-26,1.980e+1,,1.845e-7,7.783e-5,,8.819e-19,1.047e-21,1.762e+0,2.691e-2,6.839e-29,1.176e-19,3.283e-22,7.508e-8,1.560e-16,3.367e-1,5.061e+1,5.138e-19,3.607e-18,5.336e-18,2.671e-4,2.163e-1,,,1.717e-18,,,2.721e-19,,1.620e-16,,7.672e-19,,8.456e-1,,1.264e-17,,3.345e-13,1.817e-16
497.01,7.439e+1,1.727e-20,1.126e-9,1.097e-43,2.551e-2,,,1.119e-18,5.567e-22,,2.920e-15,1.976e-18,1.042e-25,9.991e-18,2.314e-19,1.146e-31,8.043e-3,1.890e-25,,9.336e-19,1.031e-17,3.337e-26,2.050e+1,,1.899e-7,5.462e-5,,8.809e-19,1.048e-21,1.320e+0,3.169e-2,6.839e-29,1.177e-19,3.282e-22,4.674e-8,1.559e-16,3.288e-1,5.114e+1,5.144e-19,3.562e-18,5.359e-18,1.874e-4,1.676e-1,,,1.725e-18,,,2.727e-19,,7.822e-17,,7.671e-19,,8.703e-1,,1.264e-17,,1.763e-13,1.817e-16
497.03,7.484e+1,1.725e-20,1.034e-9,1.096e-43,2.910e-2,,,1.119e-18,5.570e-22,,2.919e-15,1.974e-18,1.048e-25,9.990e-18,2.316e-19,1.144e-31,7.420e-3,1.888e-25,,9.336e-19,1.664e-17,2.458e-26,2.103e+1,,1.928e-7,4.297e-5,,8.803e-19,1.048e-21,1.086e+0,3.522e-2,6.840e-29,1.177e-19,3.282e-22,3.395e-8,1.559e-16,3.243e-1,5.130e+1,5.147e-19,3.532e-18,5.375e-18,1.474e-4,1.408e-1,,,1.730e-18,,,2.731e-19,,4.795e-17,,7.670e-19,,8.842e-1,,1.263e-17,,1.160e-13,1.818e-16
497.06,7.544e+1,1.721e-20,9.046e-10,1.095e-43,3.526e-2,,,1.120e-18,5.575e-22,,2.919e-15,1.970e-18,1.057e-25,9.990e-18,2.319e-19,1.142e-31,6.536e-3,1.886e-25,,9.336e-19,3.393e-17,1.544e-26,2.198e+1,,1.962e-7,2.980e-5,,8.793e-19,1.048e-21,8.061e-1,4.101e-2,6.840e-29,1.177e-19,3.281e-22,2.089e-8,1.558e-16,3.189e-1,5.124e+1,5.153e-19,3.487e-18,5.398e-18,1.023e-4,1.078e-1,,,1.738e-18,,,2.737e-19,,2.288e-17,,7.670e-19,,9.005e-1,,1.263e-17,,6.515e-14,1.818e-16
497.08,7.580e+1,1.719e-20,8.242e-10,1.095e-43,3.993e-2,,,1.121e-18,5.578e-22,,2.919e-15,1.967e-18,1.064e-25,9.990e-18,2.320e-19,1.140e-31,5.982e-3,1.884e-25,,9.337e-19,5.434e-17,1.128e-26,2.273e+1,,1.978e-7,2.326e-5,,8.786e-19,1.049e-21,6.593e-1,4.522e-2,6.841e-29,1.177e-19,3.280e-22,1.506e-8,1.558e-16,3.163e-1,5.101e+1,5.156e-19,3.457e-18,5.414e-18,7.982e-5,8.989e-2,,,1.744e-18,,,2.741e-19,,1.392e-17,,7.669e-19,,9.082e-1,,1.263e-17,,4.850e-14,1.818e-16
497.1,7.614e+1,1.716e-20,7.486e-10,1.094e-43,4.510e-2,,,1.121e-18,5.581e-22,,2.918e-15,1.964e-18,1.070e-25,9.990e-18,2.322e-19,1.139e-31,5.459e-3,1.882e-25,,9.337e-19,8.678e-17,8.218e-27,2.359e+1,,1.987e-7,1.810e-5,,8.780e-19,1.049e-21,5.385e-1,4.972e-2,6.841e-29,1.177e-19,3.280e-22,1.082e-8,1.558e-16,3.146e-1,5.061e+1,5.160e-19,3.427e-18,5.430e-18,6.210e-5,7.471e-2,,,1.749e-18,,,2.745e-19,,8.438e-18,,7.669e-19,,9.134e-1,,1.262e-17,,4.169e-14,1.818e-16
497.13,7.666e+1,1.713e-20,6.442e-10,1.093e-43,5.385e-2,,,1.122e-18,5.585e-22,,2.918e-15,1.960e-18,1.079e-25,9.990e-18,2.325e-19,1.136e-31,4.731e-3,1.880e-25,,9.337e-19,1.741e-16,5.079e-27,2.512e+1,,1.989e-7,1.235e-5,,8.770e-19,1.049e-21,3.976e-1,5.699e-2,6.842e-29,1.177e-19,3.279e-22,6.555e-9,1.557e-16,3.139e-1,4.974e+1,5.166e-19,3.383e-18,5.453e-18,4.238e-5,5.628e-2,,,1.757e-18,,,2.752e-19,,3.960e-18,,7.668e-19,,9.160e-1,,1.262e-17,,4.770e-14,1.819e-16
497.15,7.703e+1,1.710e-20,5.805e-10,1.093e-43,6.039e-2,,,1.123e-18,5.588e-22,,2.918e-15,1.957e-18,1.085e-25,9.990e-18,2.326e-19,1.135e-31,4.283e-3,1.878e-25,,9.337e-19,2.759e-16,3.671e-27,2.632e+1,,1.983e-7,9.535e-6,,8.763e-19,1.050e-21,3.255e-1,6.218e-2,6.842e-29,1.178e-19,3.279e-22,4.675e-9,1.557e-16,3.147e-1,4.898e+1,5.169e-19,3.353e-18,5.469e-18,3.272e-5,4.642e-2,,,1.763e-18,,,2.756e-19,,2.383e-18,,7.667e-19,,9.143e-1,,1.261e-17,,6.377e-14,1.819e-16
497.18,7.768e+1,1.707e-20,4.938e-10,1.092e-43,7.136e-2,,,1.123e-18,5.592e-22,,2.917e-15,1.953e-18,1.095e-25,9.989e-18,2.329e-19,1.133e-31,3.669e-3,1.876e-25,,9.337e-19,5.472e-16,2.242e-27,2.846e+1,,1.962e-7,6.431e-6,,8.753e-19,1.050e-21,2.435e-1,7.048e-2,6.843e-29,1.178e-19,3.278e-22,2.799e-9,1.557e-16,3.181e-1,4.758e+1,5.175e-19,3.308e-18,5.492e-18,2.207e-5,3.457e-2,,,1.771e-18,,,2.762e-19,,1.105e-18,,7.667e-19,,9.066e-1,,1.261e-17,,1.141e-13,1.819e-16
497.2,7.823e+1,1.704e-20,4.416e-10,1.091e-43,7.948e-2,,,1.124e-18,5.595e-22,,2.917e-15,1.950e-18,1.101e-25,9.989e-18,2.331e-19,1.131e-31,3.296e-3,1.874e-25,,9.337e-19,8.605e-16,1.608e-27,3.013e+1,,1.941e-7,4.926e-6,,8.747e-19,1.051e-21,2.032e-1,7.632e-2,6.843e-29,1.178e-19,3.277e-22,1.981e-9,1.556e-16,3.219e-1,4.649e+1,5.179e-19,3.278e-18,5.508e-18,1.690e-5,2.829e-2,,,1.776e-18,,,2.766e-19,,1.105e-18,,7.666e-19,,8.982e-1,,1.260e-17,,1.748e-13,1.819e-16
497.23,7.930e+1,1.701e-20,3.713e-10,1.090e-43,9.296e-2,,,1.125e-18,5.600e-22,,2.916e-15,1.946e-18,1.110e-25,9.989e-18,2.333e-19,1.129e-31,2.791e-3,1.872e-25,,9.337e-19,1.687e-15,9.708e-28,3.309e+1,,1.899e-7,3.284e-6,,8.737e-19,1.051e-21,1.599e-1,8.554e-2,6.844e-29,1.178e-19,3.277e-22,1.173e-9,1.556e-16,3.297e-1,4.464e+1,5.184e-19,3.233e-18,5.531e-18,1.127e-5,2.083e-2,,,1.785e-18,,,2.772e-19,,1.106e-18,,7.665e-19,,8.806e-1,,1.260e-17,,3.362e-13,1.820e-16
497.25,8.023e+1,1.698e-20,3.294e-10,1.089e-43,1.028e-1,,,1.125e-18,5.603e-22,,2.916e-15,1.943e-18,1.117e-25,9.989e-18,2.335e-19,1.127e-31,2.488e-3,3.107e-25,,9.337e-19,2.633e-15,6.907e-28,3.539e+1,,1.864e-7,2.496e-6,,8.730e-19,1.051e-21,1.408e-1,9.196e-2,6.844e-29,1.178e-19,3.276e-22,8.237e-10,1.556e-16,3.365e-1,4.328e+1,5.188e-19,3.203e-18,5.547e-18,8.565e-6,1.691e-2,,,1.790e-18,,,2.776e-19,,1.106e-18,,7.665e-19,,8.657e-1,,1.259e-17,,5.204e-13,1.820e-16
497.28,8.204e+1,1.694e-20,2.738e-10,1.089e-43,1.191e-1,,,1.126e-18,5.607e-22,,2.916e-15,1.939e-18,1.126e-25,9.989e-18,2.338e-19,1.125e-31,2.082e-3,6.609e-25,,9.337e-19,5.104e-15,4.122e-28,3.940e+1,,1.802e-7,1.645e-6,,8.720e-19,1.052e-21,1.242e-1,1.019e-1,6.844e-29,1.178e-19,3.275e-22,4.820e-10,1.555e-16,3.488e-1,4.109e+1,5.193e-19,3.159e-18,5.570e-18,5.643e-6,1.231e-2,,,1.798e-18,,,2.782e-19,,1.106e-18,,7.664e-19,,8.392e-1,,1.259e-17,,9.985e-13,1.820e-16
497.3,8.358e+1,1.692e-20,2.411e-10,1.088e-43,1.309e-1,,,1.127e-18,5.610e-22,,2.915e-15,1.936e-18,1.132e-25,9.989e-18,2.339e-19,1.123e-31,1.842e-3,1.089e-24,,9.337e-19,7.905e-15,2.910e-28,4.249e+1,,1.755e-7,1.240e-6,,8.714e-19,1.052e-21,1.203e-1,1.088e-1,6.845e-29,1.179e-19,3.275e-22,3.360e-10,1.555e-16,3.585e-1,3.953e+1,5.197e-19,3.129e-18,5.586e-18,4.256e-6,9.916e-3,,,1.804e-18,,,2.786e-19,,1.106e-18,,7.664e-19,,8.188e-1,,1.259e-17,,1.537e-12,1.821e-16
497.33,8.649e+1,1.688e-20,1.980e-10,1.087e-43,1.501e-1,,,1.127e-18,5.614e-22,,2.915e-15,1.932e-18,1.142e-25,9.989e-18,2.342e-19,1.121e-31,1.524e-3,2.289e-24,,9.337e-19,1.515e-14,1.716e-28,4.783e+1,,1.678e-7,8.077e-7,,8.704e-19,1.053e-21,1.240e-1,1.193e-1,6.845e-29,1.179e-19,3.274e-22,1.944e-10,1.555e-16,3.752e-1,3.710e+1,5.202e-19,3.084e-18,5.609e-18,2.771e-6,7.132e-3,,,1.812e-18,,,2.792e-19,,1.106e-18,,7.663e-19,,7.848e-1,,1.258e-17,,2.918e-12,1.821e-16
497.35,8.891e+1,1.686e-20,1.730e-10,1.086e-43,1.639e-1,,,1.128e-18,5.617e-22,,2.915e-15,1.929e-18,1.148e-25,9.988e-18,2.344e-19,1.120e-31,1.337e-3,3.743e-24,,9.337e-19,2.328e-14,1.202e-28,5.190e+1,,1.621e-7,6.045e-7,,8.697e-19,1.053e-21,1.326e-1,1.264e-1,6.846e-29,1.179e-19,3.273e-22,1.344e-10,1.554e-16,3.875e-1,3.542e+1,5.206e-19,3.054e-18,5.625e-18,2.074e-6,5.703e-3,,,1.817e-18,,,2.796e-19,,1.106e-18,,7.662e-19,,7.600e-1,,1.258e-17,,4.458e-12,1.821e-16
497.38,9.333e+1,1.682e-20,1.405e-10,1.086e-43,1.861e-1,,,1.129e-18,5.622e-22,,2.914e-15,1.925e-18,1.157e-25,9.988e-18,2.346e-19,1.117e-31,1.093e-3,7.782e-24,,9.338e-19,4.411e-14,7.008e-29,5.885e+1,,1.532e-7,3.890e-7,,8.687e-19,1.053e-21,1.546e-1,1.371e-1,6.846e-29,1.179e-19,3.273e-22,7.689e-11,1.554e-16,4.078e-1,3.287e+1,5.212e-19,3.009e-18,5.648e-18,1.335e-6,4.054e-3,,,1.825e-18,,,2.802e-19,,1.107e-18,,7.662e-19,,7.203e-1,,1.257e-17,,8.368e-12,1.822e-16
497.4,9.688e+1,1.680e-20,1.218e-10,1.085e-43,2.019e-1,,,1.129e-18,5.625e-22,,2.914e-15,1.922e-18,1.163e-25,9.988e-18,2.348e-19,1.116e-31,9.524e-4,1.263e-23,,9.338e-19,6.727e-14,4.871e-29,6.408e+1,,1.469e-7,2.889e-7,,8.681e-19,1.054e-21,1.756e-1,1.443e-1,6.847e-29,1.179e-19,3.272e-22,5.278e-11,1.554e-16,4.223e-1,3.115e+1,5.215e-19,2.979e-18,5.664e-18,9.912e-7,3.217e-3,,,1.831e-18,,,2.806e-19,,1.107e-18,,7.661e-19,,6.924e-1,,1.257e-17,,1.269e-11,1.822e-16
497.43,1.032e+2,1.676e-20,9.773e-11,1.084e-43,2.271e-1,,,1.130e-18,5.629e-22,,2.914e-15,1.918e-18,1.173e-25,9.988e-18,2.351e-19,1.113e-31,7.697e-4,2.595e-23,,9.338e-19,1.260e-13,2.806e-29,7.291e+1,,1.372e-7,1.838e-7,,8.671e-19,1.054e-21,2.172e-1,1.549e-1,6.847e-29,1.180e-19,3.271e-22,2.984e-11,1.553e-16,4.454e-1,2.859e+1,5.221e-19,2.935e-18,5.687e-18,6.305e-7,2.261e-3,,,1.839e-18,,,2.813e-19,,1.107e-18,,7.660e-19,,6.491e-1,,1.256e-17,,2.354e-11,1.822e-16
497.45,1.081e+2,1.674e-20,8.407e-11,1.083e-43,2.450e-1,,,1.131e-18,5.632e-22,,2.913e-15,1.915e-18,1.179e-25,9.988e-18,2.352e-19,1.112e-31,6.652e-4,4.179e-23,,9.338e-19,1.907e-13,1.935e-29,7.949e+1,,1.306e-7,1.354e-7,,8.664e-19,1.054e-21,2.524e-1,1.619e-1,6.848e-29,1.180e-19,3.271e-22,2.033e-11,1.553e-16,4.613e-1,2.690e+1,5.224e-19,2.905e-18,5.703e-18,4.646e-7,1.780e-3,,,1.844e-18,,,2.817e-19,,1.107e-18,,7.660e-19,,6.195e-1,,1.256e-17,,3.542e-11,1.822e-16
497.47,1.137e+2,1.671e-20,7.210e-11,1.083e-43,2.635e-1,,,1.131e-18,5.635e-22,,2.913e-15,1.912e-18,1.185e-25,9.988e-18,2.354e-19,1.110e-31,5.731e-4,6.708e-23,,9.338e-19,2.878e-13,1.331e-29,8.665e+1,,1.239e-7,9.945e-8,,8.658e-19,1.055e-21,2.941e-1,1.688e-1,6.848e-29,1.180e-19,3.270e-22,1.380e-11,1.553e-16,4.776e-1,2.524e+1,5.228e-19,2.875e-18,5.718e-18,3.412e-7,1.397e-3,,,1.850e-18,,,2.821e-19,,1.107e-18,,7.659e-19,,5.896e-1,,1.255e-17,,5.313e-11,1.823e-16
497.5,1.232e+2,1.668e-20,5.694e-11,1.082e-43,2.927e-1,,,1.132e-18,5.639e-22,,2.913e-15,1.908e-18,1.195e-25,9.987e-18,2.357e-19,1.108e-31,4.557e-4,1.357e-22,,9.338e-19,5.304e-13,7.541e-30,9.851e+1,,1.138e-7,6.224e-8,,8.648e-19,1.055e-21,3.704e-1,1.787e-1,6.849e-29,1.180e-19,3.269e-22,7.680e-12,1.552e-16,5.023e-1,2.283e+1,5.234e-19,2.830e-18,5.742e-18,2.135e-7,9.659e-4,,,1.858e-18,,,2.827e-19,,1.107e-18,,7.658e-19,,5.448e-1,,1.255e-17,,9.703e-11,1.823e-16
497.52,1.304e+2,1.665e-20,4.846e-11,1.081e-43,3.131e-1,,,1.133e-18,5.642e-22,,2.912e-15,1.905e-18,1.201e-25,9.987e-18,2.358e-19,1.107e-31,3.896e-4,2.161e-22,,9.338e-19,7.942e-13,5.144e-30,1.072e+2,,1.071e-7,4.536e-8,,8.641e-19,1.056e-21,4.316e-1,1.851e-1,6.849e-29,1.180e-19,3.269e-22,5.176e-12,1.552e-16,5.188e-1,2.128e+1,5.237e-19,2.800e-18,5.757e-18,1.556e-7,7.523e-4,,,1.863e-18,,,2.831e-19,,1.107e-18,,7.658e-19,,5.151e-1,,1.254e-17,,1.444e-10,1.823e-16
497.55,1.426e+2,1.662e-20,3.783e-11,1.080e-43,3.447e-1,,,1.133e-18,5.647e-22,,2.912e-15,1.901e-18,1.210e-25,9.987e-18,2.361e-19,1.104e-31,3.061e-4,4.321e-22,,9.338e-19,1.447e-12,2.882e-30,1.214e+2,,9.728e-8,2.806e-8,,8.631e-19,1.056e-21,5.411e-1,1.943e-1,6.850e-29,1.180e-19,3.268e-22,2.847e-12,1.551e-16,5.430e-1,1.907e+1,5.243e-19,2.755e-18,5.781e-18,9.627e-8,5.141e-4,,,1.871e-18,,,2.837e-19,,1.108e-18,,7.657e-19,,4.715e-1,,1.254e-17,,2.607e-10,1.823e-16
497.57,1.516e+2,1.659e-20,3.196e-11,1.080e-43,3.666e-1,,,1.134e-18,5.650e-22,,2.912e-15,1.898e-18,1.216e-25,9.987e-18,2.363e-19,1.103e-31,2.597e-4,6.832e-22,,9.338e-19,2.150e-12,1.950e-30,1.317e+2,,9.088e-8,2.029e-8,,8.625e-19,1.056e-21,6.273e-1,2.001e-1,6.850e-29,1.181e-19,3.268e-22,1.904e-12,1.551e-16,5.585e-1,1.768e+1,5.246e-19,2.725e-18,5.796e-18,6.961e-8,3.973e-4,,,1.877e-18,,,2.841e-19,,1.108e-18,,7.657e-19,,4.433e-1,,1.254e-17,,3.851e-10,1.824e-16
497.6,1.664e+2,1.655e-20,2.468e-11,1.079e-43,4.002e-1,,,1.135e-18,5.654e-22,,2.911e-15,1.894e-18,1.226e-25,9.987e-18,2.365e-19,1.101e-31,2.017e-4,1.350e-21,,9.338e-19,3.873e-12,1.080e-30,1.483e+2,,8.157e-8,1.240e-8,,8.615e-19,1.057e-21,7.793e-1,2.082e-1,6.850e-29,1.181e-19,3.267e-22,1.035e-12,1.551e-16,5.806e-1,1.574e+1,1.122e-18,2.681e-18,5.820e-18,4.256e-8,2.684e-4,,,1.885e-18,,,2.847e-19,,1.108e-18,,7.656e-19,,4.026e-1,,1.253e-17,,6.874e-10,1.824e-16
497.62,1.772e+2,1.653e-20,2.070e-11,1.078e-43,4.232e-1,,,1.135e-18,5.657e-22,,2.911e-15,1.891e-18,1.232e-25,9.987e-18,2.367e-19,1.099e-31,1.698e-4,2.119e-21,,9.338e-19,5.712e-12,7.252e-31,1.601e+2,,7.561e-8,8.900e-9,,8.608e-19,1.057e-21,8.975e-1,2.133e-1,6.851e-29,1.181e-19,3.266e-22,6.869e-13,1.550e-16,5.942e-1,1.454e+1,1.856e-18,2.651e-18,5.836e-18,3.054e-8,2.058e-4,,,1.890e-18,,,2.851e-19,,1.108e-18,,7.655e-19,,3.768e-1,,1.253e-17,,1.008e-9,1.824e-16
497.65,1.946e+2,1.649e-20,1.583e-11,1.077e-43,4.583e-1,,,1.136e-18,5.662e-22,,2.910e-15,1.887e-18,1.241e-25,9.986e-18,2.369e-19,1.097e-31,1.304e-4,4.141e-21,,9.338e-19,1.017e-11,3.968e-31,1.790e+2,,6.709e-8,5.378e-9,,8.598e-19,1.058e-21,1.103e+0,2.203e-1,6.851e-29,1.181e-19,3.265e-22,3.692e-13,1.550e-16,6.126e-1,1.290e+1,3.926e-18,2.606e-18,5.859e-18,1.845e-8,1.374e-4,,,1.898e-18,,,2.857e-19,,1.108e-18,,7.655e-19,,3.404e-1,,1.252e-17,,1.778e-9,1.825e-16
497.67,2.071e+2,1.647e-20,1.319e-11,1.077e-43,4.820e-1,,,1.137e-18,5.664e-22,,2.910e-15,1.885e-18,1.247e-25,9.986e-18,2.371e-19,1.095e-31,1.089e-4,6.447e-21,,9.339e-19,1.489e-11,2.644e-31,1.923e+2,,6.171e-8,3.829e-9,,8.592e-19,1.058e-21,1.261e+0,2.245e-1,6.852e-29,1.181e-19,3.265e-22,2.431e-13,1.550e-16,6.233e-1,1.191e+1,6.445e-18,2.576e-18,5.875e-18,1.314e-8,1.046e-4,,,1.904e-18,,,2.861e-19,,1.108e-18,,7.654e-19,,3.178e-1,,1.252e-17,,2.586e-9,1.825e-16
497.7,2.270e+2,1.643e-20,1.001e-11,1.076e-43,5.178e-1,,,1.137e-18,5.669e-22,,2.910e-15,1.880e-18,1.257e-25,9.986e-18,2.374e-19,1.093e-31,8.265e-5,1.246e-20,,9.339e-19,2.621e-11,1.430e-31,2.132e+2,,5.412e-8,2.287e-9,,8.582e-19,1.058e-21,1.532e+0,2.304e-1,6.852e-29,1.181e-19,3.264e-22,1.292e-13,1.549e-16,6.368e-1,1.060e+1,1.348e-17,2.531e-18,5.898e-18,7.846e-9,6.902e-5,,,1.912e-18,,,2.867e-19,,1.109e-18,,7.653e-19,,2.867e-1,,1.251e-17,,4.512e-9,1.825e-16
497.72,2.409e+2,1.641e-20,8.311e-12,1.075e-43,5.417e-1,,,1.138e-18,5.672e-22,,2.909e-15,1.878e-18,1.263e-25,9.986e-18,2.375e-19,1.091e-31,6.850e-5,1.925e-20,,9.339e-19,3.806e-11,9.457e-32,2.276e+2,,4.940e-8,1.615e-9,,8.575e-19,1.059e-21,1.738e+0,2.340e-1,6.853e-29,1.182e-19,3.264e-22,8.441e-14,1.549e-16,6.438e-1,9.841e+0,2.195e-17,2.501e-18,5.914e-18,5.542e-9,5.212e-5,,,1.917e-18,,,2.871e-19,,1.109e-18,,7.653e-19,,2.679e-1,,1.251e-17,,6.513e-9,1.825e-16
497.75,2.627e+2,1.637e-20,6.288e-12,1.074e-43,5.775e-1,,,1.139e-18,5.676e-22,,2.909e-15,1.873e-18,1.272e-25,9.986e-18,2.378e-19,1.089e-31,5.138e-5,3.676e-20,,9.339e-19,6.623e-11,5.056e-32,2.500e+2,,4.282e-8,9.536e-10,,8.565e-19,1.059e-21,2.089e+0,2.389e-1,6.853e-29,1.182e-19,3.263e-22,4.434e-14,1.549e-16,6.511e-1,8.876e+0,4.538e-17,2.457e-18,5.937e-18,3.272e-9,3.400e-5,,,1.926e-18,,,2.878e-19,,1.109e-18,,7.652e-19,,2.427e-1,,1.250e-17,,1.123e-8,1.826e-16
497.77,2.777e+2,1.635e-20,5.229e-12,1.074e-43,6.010e-1,,,1.139e-18,5.679e-22,,2.909e-15,1.871e-18,1.279e-25,9.986e-18,2.380e-19,1.088e-31,4.225e-5,5.637e-20,,9.339e-19,9.546e-11,3.318e-32,2.653e+2,,3.878e-8,6.684e-10,,8.559e-19,1.059e-21,2.352e+0,2.418e-1,6.854e-29,1.182e-19,3.262e-22,2.875e-14,1.548e-16,6.538e-1,8.349e+0,7.336e-17,2.427e-18,5.953e-18,2.293e-9,2.548e-5,,,1.931e-18,,,2.882e-19,,1.109e-18,,7.652e-19,,2.279e-1,,1.250e-17,,1.609e-8,1.826e-16
497.8,3.008e+2,1.631e-20,3.992e-12,1.073e-43,6.358e-1,,,1.140e-18,5.684e-22,,2.908e-15,1.866e-18,1.288e-25,9.986e-18,2.382e-19,1.085e-31,3.133e-5,1.064e-19,,9.339e-19,1.642e-10,1.755e-32,2.886e+2,,3.323e-8,3.900e-10,,8.549e-19,1.060e-21,2.793e+0,2.459e-1,6.854e-29,1.182e-19,3.262e-22,1.493e-14,1.548e-16,6.545e-1,7.736e+0,1.499e-16,2.382e-18,5.976e-18,1.338e-9,1.643e-5,,,1.939e-18,,,2.888e-19,,1.109e-18,,7.651e-19,,2.089e-1,,1.249e-17,,2.743e-8,1.826e-16
497.82,3.165e+2,1.629e-20,3.362e-12,1.072e-43,6.584e-1,,,1.141e-18,5.687e-22,,2.908e-15,1.864e-18,1.294e-25,9.985e-18,2.384e-19,1.084e-31,2.557e-5,1.620e-19,,9.339e-19,2.349e-10,1.146e-32,3.042e+2,,2.987e-8,2.712e-10,,8.542e-19,1.060e-21,3.120e+0,2.485e-1,6.855e-29,1.182e-19,3.261e-22,9.605e-15,1.548e-16,6.525e-1,7.445e+0,2.405e-16,2.352e-18,5.992e-18,9.306e-10,1.221e-5,,,1.945e-18,,,2.892e-19,,1.109e-18,,7.650e-19,,1.983e-1,,1.249e-17,,3.900e-8,1.827e-16
497.85,3.401e+2,1.625e-20,2.652e-12,1.071e-43,6.913e-1,,,1.141e-18,5.691e-22,,2.907e-15,1.859e-18,1.304e-25,9.985e-18,2.387e-19,1.081e-31,1.874e-5,3.023e-19,,9.339e-19,3.995e-10,6.065e-33,3.275e+2,,2.530e-8,1.564e-10,,8.532e-19,1.061e-21,3.663e+0,2.521e-1,6.855e-29,1.182e-19,3.260e-22,4.930e-15,1.547e-16,6.462e-1,7.184e+0,4.860e-16,5.051e-18,6.015e-18,5.366e-10,7.785e-6,,,1.953e-18,,,2.898e-19,,1.110e-18,,7.650e-19,,1.855e-1,,1.248e-17,,6.573e-8,1.827e-16
497.87,3.559e+2,1.623e-20,2.308e-12,1.071e-43,7.123e-1,,,1.142e-18,5.694e-22,,2.907e-15,1.857e-18,1.310e-25,9.985e-18,2.388e-19,1.080e-31,1.517e-5,4.566e-19,,9.339e-19,5.671e-10,4.021e-33,3.429e+2,,2.256e-8,1.079e-10,,8.526e-19,1.061e-21,4.061e+0,2.545e-1,6.856e-29,1.183e-19,3.260e-22,3.148e-15,1.547e-16,6.396e-1,7.127e+0,7.737e-16,8.375e-18,6.031e-18,3.703e-10,5.743e-6,,,1.958e-18,,,2.902e-19,,1.110e-18,,7.649e-19,,1.789e-1,,1.248e-17,,9.273e-8,1.827e-16
497.89,3.714e+2,1.620e-20,2.050e-12,1.070e-43,7.325e-1,,,1.142e-18,5.697e-22,,2.907e-15,1.854e-18,1.316e-25,9.985e-18,2.390e-19,1.078e-31,1.225e-5,6.875e-19,,9.339e-19,8.025e-10,2.752e-33,3.580e+2,,2.006e-8,7.426e-11,,8.519e-19,1.061e-21,4.489e+0,2.568e-1,6.856e-29,1.183e-19,3.259e-22,2.004e-15,1.547e-16,6.313e-1,7.164e+0,1.228e-15,1.385e-17,6.046e-18,2.548e-10,4.224e-6,,,1.964e-18,,,2.906e-19,,1.110e-18,,7.649e-19,,1.739e-1,,1.248e-17,,1.304e-7,1.827e-16
497.92,3.943e+2,1.616e-20,1.797e-12,1.069e-43,7.611e-1,,,1.143e-18,5.701e-22,,2.906e-15,1.850e-18,1.325e-25,9.985e-18,2.393e-19,1.076e-31,8.830e-6,1.263e-18,,9.339e-19,1.343e-9,1.818e-33,3.799e+2,,1.671e-8,4.213e-11,,8.509e-19,1.062e-21,5.186e+0,2.604e-1,6.856e-29,1.183e-19,3.258e-22,1.012e-15,1.546e-16,6.156e-1,7.395e+0,2.442e-15,2.926e-17,6.070e-18,1.445e-10,2.649e-6,,,1.972e-18,,,2.912e-19,,1.110e-18,,7.648e-19,,1.692e-1,,1.247e-17,,2.163e-7,1.828e-16
497.94,4.090e+2,1.614e-20,1.705e-12,1.069e-43,7.788e-1,,,1.144e-18,5.704e-22,,2.906e-15,1.847e-18,1.332e-25,9.985e-18,2.394e-19,1.075e-31,7.072e-6,1.887e-18,,9.339e-19,1.886e-9,1.670e-33,3.938e+2,,1.474e-8,2.876e-11,,8.503e-19,1.062e-21,5.688e+0,2.629e-1,6.857e-29,1.183e-19,3.258e-22,6.393e-16,1.546e-16,6.031e-1,7.665e+0,3.847e-15,4.800e-17,6.085e-18,9.866e-11,1.933e-6,,,1.977e-18,,,2.916e-19,,1.110e-18,,7.647e-19,,1.679e-1,,1.247e-17,,3.019e-7,1.828e-16
497.97,4.301e+2,1.610e-20,1.660e-12,1.068e-43,8.031e-1,,,1.145e-18,5.709e-22,,2.906e-15,1.843e-18,1.341e-25,9.984e-18,2.397e-19,1.072e-31,5.040e-6,3.427e-18,,9.340e-19,3.121e-9,2.090e-33,4.136e+2,,1.214e-8,1.612e-11,,8.493e-19,1.062e-21,6.495e+0,2.669e-1,6.857e-29,1.183e-19,3.257e-22,3.191e-16,1.546e-16,5.816e-1,8.244e+0,7.562e-15,1.003e-16,6.109e-18,5.532e-11,1.198e-6,,,1.985e-18,,,2.922e-19,,1.110e-18,,7.647e-19,,1.684e-1,,1.246e-17,,4.951e-7,1.828e-16
497.99,4.434e+2,1.608e-20,1.683e-12,1.067e-43,8.177e-1,,,1.145e-18,5.712e-22,,2.905e-15,1.840e-18,1.347e-25,9.984e-18,2.399e-19,1.071e-31,4.006e-6,5.081e-18,,9.340e-19,4.350e-9,2.877e-33,4.258e+2,,1.063e-8,1.092e-11,,8.486e-19,1.063e-21,7.069e+0,2.697e-1,6.858e-29,1.183e-19,3.257e-22,2.000e-16,1.545e-16,5.656e-1,8.745e+0,1.182e-14,1.633e-16,6.124e-18,3.747e-11,8.677e-7,,,3.296e-18,,,2.926e-19,,1.111e-18,,7.646e-19,,1.703e-1,,1.246e-17,,6.858e-7,1.828e-16
498.02,4.619e+2,1.604e-20,1.788e-12,1.066e-43,8.369e-1,,,1.146e-18,5.716e-22,,2.905e-15,1.836e-18,1.357e-25,9.984e-18,2.401e-19,1.068e-31,2.822e-6,9.122e-18,,9.340e-19,7.115e-9,5.190e-33,4.424e+2,,8.656e-9,6.052e-12,,8.476e-19,1.063e-21,7.980e+0,2.744e-1,6.858e-29,1.184e-19,3.256e-22,9.870e-17,1.545e-16,5.394e-1,9.667e+0,2.297e-14,3.373e-16,6.148e-18,2.076e-11,5.316e-7,,,7.010e-18,,,2.932e-19,,1.111e-18,,7.645e-19,,1.754e-1,,1.245e-17,,1.112e-6,1.829e-16
498.04,4.732e+2,1.602e-20,1.899e-12,1.066e-43,8.478e-1,,,1.146e-18,5.719e-22,,2.905e-15,1.833e-18,1.363e-25,9.984e-18,2.403e-19,1.067e-31,2.225e-6,1.342e-17,,9.340e-19,9.840e-9,7.908e-33,4.523e+2,,7.518e-9,4.068e-12,,8.470e-19,1.064e-21,8.619e+0,2.777e-1,6.859e-29,1.184e-19,3.255e-22,6.140e-17,1.545e-16,5.207e-1,1.040e+1,3.564e-14,5.450e-16,6.163e-18,1.395e-11,3.820e-7,,,1.155e-17,,,2.937e-19,,1.111e-18,,7.645e-19,,1.800e-1,,1.245e-17,,1.528e-6,1.829e-16
498.07,4.883e+2,1.598e-20,2.120e-12,1.065e-43,8.611e-1,,,1.147e-18,5.723e-22,,2.904e-15,1.829e-18,1.372e-25,9.984e-18,2.406e-19,1.065e-31,1.550e-6,2.383e-17,,9.340e-19,1.591e-8,1.501e-32,4.652e+2,,6.051e-9,2.228e-12,,8.460e-19,1.064e-21,9.618e+0,2.832e-1,6.859e-29,1.184e-19,3.254e-22,2.995e-17,1.544e-16,4.911e-1,1.166e+1,6.847e-14,1.113e-15,6.187e-18,7.643e-12,2.313e-7,,,2.429e-17,,,2.943e-19,,1.111e-18,,7.644e-19,,1.887e-1,,1.244e-17,,2.449e-6,1.829e-16
498.09,4.971e+2,1.596e-20,2.301e-12,1.064e-43,8.679e-1,,,1.148e-18,5.726e-22,,2.904e-15,1.826e-18,1.378e-25,9.984e-18,2.407e-19,1.063e-31,1.213e-6,3.479e-17,,9.340e-19,2.184e-8,2.300e-32,4.724e+2,,5.215e-9,1.486e-12,,8.453e-19,1.064e-21,1.031e+1,2.872e-1,6.860e-29,1.184e-19,3.254e-22,1.848e-17,1.544e-16,4.707e-1,1.261e+1,1.054e-13,1.785e-15,6.202e-18,5.097e-12,1.649e-7,,,3.972e-17,,,2.947e-19,,1.111e-18,,7.644e-19,,1.954e-1,,1.244e-17,,3.340e-6,1.830e-16
498.12,5.084e+2,1.592e-20,2.619e-12,1.063e-43,8.746e-1,,,1.149e-18,5.731e-22,,2.904e-15,1.822e-18,1.388e-25,9.983e-18,2.410e-19,1.061e-31,8.345e-7,6.105e-17,,9.340e-19,3.491e-8,4.345e-32,4.810e+2,,4.149e-9,8.043e-13,,8.443e-19,1.065e-21,1.137e+1,2.936e-1,6.860e-29,1.184e-19,3.253e-22,8.911e-18,1.543e-16,4.394e-1,1.419e+1,2.002e-13,3.603e-15,6.226e-18,2.759e-12,9.873e-8,,,8.257e-17,,,2.953e-19,,1.111e-18,,7.643e-19,,2.068e-1,,1.244e-17,,5.291e-6,1.830e-16
498.14,5.145e+2,1.590e-20,2.860e-12,1.063e-43,8.768e-1,,,1.149e-18,5.734e-22,,2.903e-15,1.819e-18,1.394e-25,9.983e-18,2.412e-19,1.059e-31,6.480e-7,8.848e-17,,9.340e-19,4.755e-8,6.618e-32,4.852e+2,,3.548e-9,5.322e-13,,8.437e-19,1.065e-21,1.209e+1,2.982e-1,6.861e-29,1.184e-19,3.253e-22,5.458e-18,1.543e-16,4.182e-1,1.535e+1,3.059e-13,5.734e-15,6.241e-18,1.826e-12,6.985e-8,,,1.340e-16,,,2.957e-19,,1.112e-18,,7.642e-19,,2.151e-1,,1.243e-17,,7.163e-6,1.830e-16
498.17,5.215e+2,1.586e-20,3.262e-12,1.062e-43,8.766e-1,,,1.150e-18,5.738e-22,,2.903e-15,1.815e-18,1.403e-25,9.983e-18,2.414e-19,1.057e-31,4.408e-7,1.535e-16,,9.340e-19,7.515e-8,1.237e-31,4.893e+2,,2.790e-9,2.848e-13,,8.427e-19,1.066e-21,1.319e+1,3.055e-1,6.861e-29,1.185e-19,3.252e-22,2.601e-18,1.543e-16,3.865e-1,1.724e+1,5.745e-13,1.144e-14,6.265e-18,9.770e-13,4.133e-8,,,2.754e-16,,,2.963e-19,,1.112e-18,,7.642e-19,,2.282e-1,,1.243e-17,,1.122e-5,1.830e-16
498.19,5.248e+2,1.584e-20,3.557e-12,1.061e-43,8.740e-1,,,1.150e-18,5.741e-22,,2.903e-15,1.812e-18,1.410e-25,9.983e-18,2.416e-19,1.056e-31,3.396e-7,2.207e-16,,9.340e-19,1.016e-7,1.870e-31,4.905e+2,,2.368e-9,1.870e-13,,8.420e-19,1.066e-21,1.392e+1,3.106e-1,6.862e-29,1.185e-19,3.251e-22,1.481e-18,1.542e-16,3.656e-1,1.859e+1,8.712e-13,1.807e-14,6.280e-18,6.414e-13,2.902e-8,,,4.435e-16,,,2.967e-19,,1.112e-18,,7.641e-19,,2.373e-1,,1.242e-17,,1.507e-5,1.831e-16
498.22,5.277e+2,1.580e-20,4.035e-12,1.060e-43,8.666e-1,,,1.151e-18,5.746e-22,,2.902e-15,1.808e-18,1.419e-25,9.983e-18,2.418e-19,1.053e-31,2.284e-7,3.786e-16,,9.340e-19,1.587e-7,3.456e-31,4.902e+2,,1.841e-9,9.888e-14,,8.411e-19,1.066e-21,1.500e+1,3.187e-1,6.862e-29,1.185e-19,3.250e-22,6.989e-19,1.542e-16,3.350e-1,2.075e+1,1.617e-12,3.567e-14,6.304e-18,3.392e-13,1.697e-8,,,9.012e-16,,,2.973e-19,,1.112e-18,,7.640e-19,,2.512e-1,,1.242e-17,,2.333e-5,1.831e-16
498.24,5.284e+2,1.577e-20,4.377e-12,1.060e-43,8.592e-1,,,1.152e-18,5.748e-22,,2.902e-15,1.805e-18,1.425e-25,9.983e-18,2.420e-19,1.052e-31,1.746e-7,5.403e-16,,9.340e-19,2.129e-7,5.185e-31,4.886e+2,,1.550e-9,6.442e-14,,8.404e-19,1.067e-21,1.571e+1,3.243e-1,6.863e-29,1.185e-19,3.250e-22,4.221e-19,1.542e-16,3.153e-1,2.228e+1,2.434e-12,5.590e-14,6.319e-18,2.210e-13,1.182e-8,,,1.440e-15,,,2.977e-19,,1.112e-18,,7.640e-19,,2.604e-1,,1.241e-17,,3.111e-5,1.831e-16
498.26,5.280e+2,1.575e-20,4.735e-12,1.059e-43,8.500e-1,,,1.152e-18,5.751e-22,,2.902e-15,1.802e-18,1.431e-25,9.983e-18,2.422e-19,1.050e-31,1.331e-7,7.689e-16,,9.340e-19,2.846e-7,7.754e-31,4.860e+2,,1.301e-9,4.183e-14,,8.397e-19,1.067e-21,1.640e+1,3.300e-1,6.863e-29,1.185e-19,3.249e-22,2.541e-19,1.541e-16,2.963e-1,2.386e+1,3.651e-12,8.734e-14,6.335e-18,1.435e-13,8.209e-9,,,2.295e-15,,,2.981e-19,,1.112e-18,,7.639e-19,,2.695e-1,,1.241e-17,,4.134e-5,1.831e-16
498.29,5.258e+2,1.571e-20,5.301e-12,1.058e-43,8.327e-1,,,1.153e-18,5.756e-22,,2.901e-15,1.798e-18,1.441e-25,9.982e-18,2.424e-19,1.048e-31,8.802e-8,1.298e-15,,9.341e-19,4.376e-7,1.410e-30,4.803e+2,,9.951e-10,2.177e-14,,8.387e-19,1.067e-21,1.740e+1,3.387e-1,6.863e-29,1.185e-19,3.249e-22,1.180e-19,1.541e-16,2.694e-1,2.633e+1,6.671e-12,1.696e-13,6.358e-18,7.467e-14,4.723e-9,,,4.589e-15,,,2.987e-19,,1.112e-18,,7.639e-19,,2.826e-1,,1.240e-17,,6.299e-5,1.832e-16
498.31,5.232e+2,1.569e-20,5.696e-12,1.057e-43,8.190e-1,,,1.154e-18,5.759e-22,,2.901e-15,1.795e-18,1.447e-25,9.982e-18,2.426e-19,1.046e-31,6.657e-8,1.832e-15,,9.341e-19,5.808e-7,2.093e-30,4.755e+2,,8.289e-10,1.403e-14,,8.381e-19,1.068e-21,1.802e+1,3.446e-1,6.864e-29,1.186e-19,3.248e-22,7.048e-20,1.541e-16,2.527e-1,2.803e+1,9.931e-12,2.630e-13,6.374e-18,4.811e-14,3.255e-9,,,7.257e-15,,,2.991e-19,,1.113e-18,,7.638e-19,,2.909e-1,,1.240e-17,,8.308e-5,1.832e-16
498.34,5.181e+2,1.565e-20,6.308e-12,1.057e-43,7.952e-1,,,1.154e-18,5.763e-22,,2.900e-15,1.791e-18,1.456e-25,9.982e-18,2.429e-19,1.044e-31,4.353e-8,3.057e-15,,9.341e-19,8.828e-7,3.764e-30,4.669e+2,,6.266e-10,7.212e-15,,8.371e-19,1.068e-21,1.890e+1,3.535e-1,6.864e-29,1.186e-19,3.247e-22,7.303e-20,1.540e-16,2.297e-1,3.064e+1,1.794e-11,5.050e-13,6.397e-18,2.474e-14,1.851e-9,,,1.435e-14,,,2.998e-19,,1.113e-18,,7.637e-19,,3.024e-1,,1.240e-17,,1.251e-4,1.832e-16
498.36,5.140e+2,1.563e-20,6.728e-12,1.056e-43,7.774e-1,,,1.155e-18,5.766e-22,,2.900e-15,1.788e-18,1.463e-25,9.982e-18,2.430e-19,1.043e-31,3.266e-8,4.284e-15,,9.341e-19,1.163e-6,5.545e-30,4.605e+2,,5.179e-10,4.611e-15,,8.364e-19,1.069e-21,1.943e+1,3.595e-1,6.865e-29,1.186e-19,3.247e-22,7.472e-20,1.540e-16,2.160e-1,3.241e+1,2.650e-11,7.771e-13,6.413e-18,1.582e-14,1.266e-9,,,2.252e-14,,,3.002e-19,,1.113e-18,,7.637e-19,,3.093e-1,,1.239e-17,,1.638e-4,1.833e-16
498.39,5.069e+2,1.559e-20,7.368e-12,1.055e-43,7.480e-1,,,1.156e-18,5.771e-22,,2.900e-15,1.784e-18,1.472e-25,9.982e-18,2.433e-19,1.040e-31,2.111e-8,7.067e-15,,9.341e-19,1.747e-6,9.856e-30,4.500e+2,,3.870e-10,2.344e-15,,8.354e-19,1.069e-21,2.014e+1,3.683e-1,6.865e-29,1.186e-19,3.246e-22,7.726e-20,1.540e-16,1.980e-1,3.510e+1,4.733e-11,1.475e-12,6.436e-18,8.040e-15,7.115e-10,,,4.401e-14,,,3.008e-19,,1.113e-18,,7.636e-19,,3.184e-1,,1.239e-17,,2.439e-4,1.833e-16
498.41,5.018e+2,1.557e-20,7.799e-12,1.054e-43,7.268e-1,,,1.156e-18,5.773e-22,,2.899e-15,1.781e-18,1.478e-25,9.982e-18,2.435e-19,1.039e-31,1.572e-8,9.828e-15,,9.341e-19,2.283e-6,1.441e-29,4.427e+2,,3.174e-10,1.487e-15,,8.348e-19,1.069e-21,2.054e+1,3.741e-1,6.866e-29,1.186e-19,3.245e-22,7.896e-20,1.539e-16,1.878e-1,3.689e+1,6.940e-11,2.253e-12,6.452e-18,5.101e-15,4.827e-10,,,6.854e-14,,,3.012e-19,,1.113e-18,,7.636e-19,,3.234e-1,,1.238e-17,,3.168e-4,1.833e-16
498.44,4.937e+2,1.553e-20,8.444e-12,1.054e-43,6.928e-1,,,1.157e-18,5.778e-22,,2.899e-15,1.777e-18,1.487e-25,9.981e-18,2.437e-19,1.036e-31,1.004e-8,1.603e-14,,9.341e-19,3.391e-6,2.532e-29,4.315e+2,,2.344e-10,7.470e-16,,8.338e-19,1.070e-21,2.105e+1,3.827e-1,6.866e-29,1.187e-19,3.245e-22,8.150e-20,1.539e-16,1.754e-1,3.957e+1,1.225e-10,4.228e-12,6.475e-18,2.562e-15,2.682e-10,,,1.325e-13,,,3.018e-19,,1.113e-18,,7.635e-19,,3.294e-1,,1.238e-17,,4.664e-4,1.834e-16
498.46,4.883e+2,1.551e-20,8.870e-12,1.053e-43,6.688e-1,,,1.158e-18,5.781e-22,,2.899e-15,1.774e-18,1.494e-25,9.981e-18,2.439e-19,1.035e-31,7.419e-9,2.212e-14,,9.341e-19,4.398e-6,3.673e-29,4.241e+2,,1.908e-10,4.702e-16,,8.331e-19,1.070e-21,2.131e+1,3.882e-1,6.867e-29,1.187e-19,3.244e-22,8.319e-20,1.539e-16,1.692e-1,4.133e+1,1.783e-10,6.408e-12,6.491e-18,1.613e-15,1.806e-10,,,2.047e-13,,,3.022e-19,,1.114e-18,,7.634e-19,,3.322e-1,,1.237e-17,,6.012e-4,1.834e-16
498.49,4.803e+2,1.547e-20,9.494e-12,1.052e-43,6.314e-1,,,1.159e-18,5.785e-22,,2.898e-15,1.770e-18,1.503e-25,9.981e-18,2.442e-19,1.033e-31,4.685e-9,3.566e-14,,9.341e-19,6.459e-6,6.382e-29,4.133e+2,,1.393e-10,2.335e-16,,8.322e-19,1.071e-21,2.158e+1,3.963e-1,6.867e-29,1.187e-19,3.243e-22,8.573e-20,1.538e-16,1.632e-1,4.391e+1,3.111e-10,1.189e-11,6.514e-18,8.009e-16,9.917e-11,,,3.911e-13,,,3.028e-19,,1.114e-18,,7.634e-19,,3.346e-1,,1.237e-17,,8.748e-4,1.834e-16
498.51,4.752e+2,1.545e-20,9.897e-12,1.051e-43,6.057e-1,,,1.159e-18,5.788e-22,,2.898e-15,1.767e-18,1.509e-25,9.981e-18,2.443e-19,1.031e-31,3.435e-9,4.884e-14,,9.341e-19,8.314e-6,9.189e-29,4.064e+2,,1.125e-10,1.458e-16,,8.315e-19,1.071e-21,2.168e+1,4.014e-1,6.868e-29,1.187e-19,3.243e-22,8.743e-20,1.538e-16,1.614e-1,4.558e+1,4.493e-10,1.788e-11,6.530e-18,5.002e-16,6.625e-11,,,5.999e-13,,,3.032e-19,,1.114e-18,,7.633e-19,,3.350e-1,,1.236e-17,,1.119e-3,1.834e-16
498.54,4.681e+2,1.541e-20,1.047e-11,1.051e-43,5.662e-1,,,1.160e-18,5.793e-22,,2.898e-15,1.763e-18,1.519e-25,9.981e-18,2.446e-19,1.029e-31,2.144e-9,7.783e-14,,9.341e-19,1.207e-5,1.578e-28,3.970e+2,,8.118e-11,7.157e-17,,8.305e-19,1.071e-21,2.171e+1,4.089e-1,6.868e-29,1.187e-19,3.242e-22,8.997e-20,1.537e-16,1.623e-1,4.799e+1,7.753e-10,3.280e-11,6.554e-18,2.455e-16,3.596e-11,,,1.133e-12,,,3.038e-19,,1.114e-18,,7.632e-19,,3.337e-1,,1.236e-17,,1.610e-3,1.835e-16
498.56,4.639e+2,1.538e-20,1.083e-11,1.050e-43,5.395e-1,,,1.160e-18,5.796e-22,,2.897e-15,1.760e-18,1.525e-25,9.981e-18,2.448e-19,1.027e-31,1.559e-9,1.058e-13,,9.342e-19,1.542e-5,2.255e-28,3.913e+2,,6.506e-11,4.435e-17,,8.298e-19,1.072e-21,2.164e+1,4.136e-1,6.869e-29,1.187e-19,3.241e-22,9.166e-20,1.537e-16,1.654e-1,4.951e+1,1.111e-9,4.896e-11,6.569e-18,1.521e-16,2.384e-11,,,1.725e-12,,,3.042e-19,,1.114e-18,,7.632e-19,,3.316e-1,,1.236e-17,,2.044e-3,1.835e-16
498.59,4.585e+2,1.535e-20,1.133e-11,1.049e-43,4.993e-1,,,1.161e-18,5.800e-22,,2.897e-15,1.756e-18,1.534e-25,9.980e-18,2.450e-19,1.025e-31,9.620e-10,1.667e-13,,9.342e-19,2.213e-5,3.829e-28,3.840e+2,,4.641e-11,2.151e-17,,8.289e-19,1.072e-21,2.142e+1,4.203e-1,6.869e-29,1.188e-19,3.241e-22,9.420e-20,1.537e-16,1.737e-1,5.166e+1,1.895e-9,8.878e-11,6.593e-18,7.380e-17,1.279e-11,,,3.221e-12,,,3.048e-19,,1.114e-18,,7.631e-19,,3.265e-1,,1.235e-17,,2.907e-3,1.835e-16
498.61,4.555e+2,1.532e-20,1.163e-11,1.048e-43,4.725e-1,,,1.162e-18,5.803e-22,,2.897e-15,1.754e-18,1.540e-25,9.980e-18,2.452e-19,1.023e-31,6.944e-10,2.248e-13,,9.342e-19,2.805e-5,5.430e-28,3.799e+2,,3.690e-11,1.323e-17,,8.282e-19,1.072e-21,2.119e+1,4.245e-1,6.869e-29,1.188e-19,3.240e-22,9.590e-20,1.536e-16,1.818e-1,5.299e+1,2.696e-9,1.315e-10,6.608e-18,4.538e-17,8.414e-12,,,4.866e-12,,,3.052e-19,,1.115e-18,,7.630e-19,,3.220e-1,,1.235e-17,,3.662e-3,1.835e-16
498.63,4.531e+2,1.530e-20,1.190e-11,1.048e-43,4.460e-1,,,1.162e-18,5.806e-22,,2.896e-15,1.751e-18,1.547e-25,9.980e-18,2.454e-19,1.022e-31,4.997e-10,3.024e-13,,9.342e-19,3.544e-5,7.676e-28,3.766e+2,,2.926e-11,8.110e-18,,8.275e-19,1.073e-21,2.090e+1,4.285e-1,6.870e-29,1.188e-19,3.240e-22,9.759e-20,1.536e-16,1.921e-1,5.423e+1,3.822e-9,1.942e-10,6.624e-18,2.782e-17,5.517e-12,,,7.329e-12,,,3.057e-19,,1.115e-18,,7.630e-19,,3.166e-1,,1.234e-17,,4.600e-3,1.836e-16
498.66,4.507e+2,1.526e-20,1.225e-11,1.047e-43,4.068e-1,,,1.163e-18,5.810e-22,,2.896e-15,1.747e-18,1.556e-25,9.980e-18,2.456e-19,1.020e-31,3.033e-10,4.688e-13,,9.342e-19,5.005e-5,1.283e-27,3.730e+2,,2.053e-11,3.870e-18,,8.265e-19,1.073e-21,2.036e+1,4.341e-1,6.870e-29,1.188e-19,3.239e-22,1.001e-19,1.536e-16,2.115e-1,5.591e+1,6.416e-9,3.466e-10,6.647e-18,1.328e-17,2.912e-12,,,1.347e-11,,,3.063e-19,,1.115e-18,,7.629e-19,,3.068e-1,,1.234e-17,,6.437e-3,1.836e-16
498.68,4.498e+2,1.524e-20,1.244e-11,1.046e-43,3.813e-1,,,1.164e-18,5.813e-22,,2.896e-15,1.744e-18,1.562e-25,9.980e-18,2.458e-19,1.018e-31,2.166e-10,6.257e-13,,9.342e-19,6.277e-5,1.800e-27,3.716e+2,,1.615e-11,2.354e-18,,8.259e-19,1.074e-21,1.993e+1,4.375e-1,6.871e-29,1.188e-19,3.238e-22,1.018e-19,1.535e-16,2.273e-1,5.691e+1,9.029e-9,5.081e-10,6.663e-18,8.075e-18,1.895e-12,,,2.013e-11,,,3.067e-19,,1.115e-18,,7.629e-19,,2.993e-1,,1.233e-17,,8.024e-3,1.836e-16
498.71,4.496e+2,1.520e-20,1.266e-11,1.045e-43,3.442e-1,,,1.164e-18,5.818e-22,,2.895e-15,1.740e-18,1.572e-25,9.980e-18,2.461e-19,1.016e-31,1.299e-10,9.591e-13,,9.342e-19,8.764e-5,2.973e-27,3.708e+2,,1.120e-11,1.110e-18,,8.249e-19,1.074e-21,1.919e+1,4.421e-1,6.871e-29,1.188e-19,3.238e-22,1.044e-19,1.535e-16,2.550e-1,5.821e+1,1.498e-8,8.964e-10,6.686e-18,3.808e-18,9.887e-13,,,3.658e-11,,,3.073e-19,,1.115e-18,,7.628e-19,,2.868e-1,,1.233e-17,,1.110e-2,1.837e-16
498.73,4.501e+2,1.518e-20,1.276e-11,1.045e-43,3.204e-1,,,1.165e-18,5.821e-22,,2.895e-15,1.737e-18,1.578e-25,9.980e-18,2.462e-19,1.014e-31,9.205e-11,1.270e-12,,9.342e-19,1.091e-4,4.139e-27,3.712e+2,,8.745e-12,6.701e-19,,8.242e-19,1.074e-21,1.864e+1,4.448e-1,6.872e-29,1.189e-19,3.237e-22,1.061e-19,1.535e-16,2.764e-1,5.894e+1,2.093e-8,1.304e-9,6.702e-18,2.298e-18,6.383e-13,,,5.425e-11,,,3.077e-19,,1.115e-18,,7.627e-19,,2.776e-1,,1.232e-17,,1.373e-2,1.837e-16
498.76,4.519e+2,1.514e-20,1.283e-11,1.044e-43,2.861e-1,,,1.166e-18,5.825e-22,,2.894e-15,1.733e-18,1.587e-25,9.979e-18,2.465e-19,1.012e-31,5.458e-11,1.925e-12,,9.342e-19,1.506e-4,6.761e-27,3.730e+2,,5.996e-12,3.124e-19,,8.232e-19,1.075e-21,1.775e+1,4.483e-1,6.872e-29,1.189e-19,3.236e-22,1.086e-19,1.534e-16,3.126e-1,5.984e+1,3.434e-8,2.274e-9,6.725e-18,1.071e-18,3.292e-13,,,9.746e-11,,,3.083e-19,,1.116e-18,,7.627e-19,,2.630e-1,,1.232e-17,,1.878e-2,1.837e-16
498.78,4.537e+2,1.512e-20,1.283e-11,1.043e-43,2.644e-1,,,1.166e-18,5.828e-22,,2.894e-15,1.730e-18,1.593e-25,9.979e-18,2.467e-19,1.011e-31,3.838e-11,2.530e-12,,9.342e-19,1.859e-4,9.341e-27,3.749e+2,,4.645e-12,1.871e-19,,8.226e-19,1.075e-21,1.711e+1,4.502e-1,6.873e-29,1.189e-19,3.236e-22,1.103e-19,1.534e-16,3.396e-1,6.030e+1,4.758e-8,3.283e-9,6.741e-18,6.416e-19,2.109e-13,,,1.435e-10,,,3.087e-19,,1.116e-18,,7.626e-19,,2.526e-1,,1.232e-17,,2.305e-2,1.837e-16
498.81,4.570e+2,1.508e-20,1.276e-11,1.042e-43,2.337e-1,,,1.167e-18,5.832e-22,,2.894e-15,1.726e-18,1.603e-25,9.979e-18,2.469e-19,1.008e-31,2.249e-11,3.790e-12,,9.342e-19,2.537e-4,1.508e-26,3.787e+2,,3.148e-12,1.868e-19,,8.216e-19,1.076e-21,1.611e+1,4.524e-1,6.873e-29,1.189e-19,3.235e-22,1.128e-19,1.534e-16,3.842e-1,6.081e+1,7.719e-8,5.662e-9,6.764e-18,,1.075e-13,,,2.548e-10,,,3.093e-19,,1.116e-18,,7.625e-19,,2.365e-1,,1.231e-17,,3.117e-2,1.838e-16
498.83,4.596e+2,1.506e-20,1.266e-11,1.042e-43,2.144e-1,,,1.168e-18,5.835e-22,,2.893e-15,1.723e-18,1.609e-25,9.979e-18,2.471e-19,1.007e-31,1.569e-11,4.944e-12,,9.342e-19,3.110e-4,2.068e-26,3.818e+2,,2.419e-12,1.866e-19,,8.209e-19,1.076e-21,1.543e+1,4.534e-1,6.874e-29,1.189e-19,3.234e-22,1.145e-19,1.533e-16,4.166e-1,6.102e+1,1.062e-7,8.111e-9,6.780e-18,,6.833e-14,,,3.722e-10,,,3.097e-19,,1.116e-18,,7.625e-19,,2.255e-1,,1.231e-17,,3.798e-2,1.838e-16
498.86,4.638e+2,1.502e-20,1.244e-11,1.041e-43,1.874e-1,,,1.168e-18,5.840e-22,,2.893e-15,1.719e-18,1.618e-25,9.979e-18,2.473e-19,1.004e-31,9.090e-12,7.323e-12,,9.343e-19,4.195e-4,3.302e-26,3.869e+2,,1.621e-12,1.864e-19,,8.200e-19,1.076e-21,1.437e+1,4.541e-1,6.874e-29,1.189e-19,3.234e-22,1.171e-19,1.533e-16,4.691e-1,6.115e+1,1.702e-7,1.383e-8,6.803e-18,,3.443e-14,,,6.535e-10,,,3.103e-19,,1.116e-18,,7.624e-19,,2.087e-1,,1.230e-17,,5.076e-2,1.838e-16
498.88,4.667e+2,1.500e-20,1.225e-11,1.040e-43,1.707e-1,,,1.169e-18,5.843e-22,,2.893e-15,1.716e-18,1.625e-25,9.979e-18,2.475e-19,1.003e-31,6.292e-12,9.478e-12,,9.343e-19,5.102e-4,4.493e-26,3.905e+2,,1.236e-12,1.862e-19,,8.193e-19,1.077e-21,1.367e+1,4.540e-1,6.875e-29,1.190e-19,3.233e-22,1.188e-19,1.533e-16,5.066e-1,6.113e+1,2.324e-7,1.966e-8,6.819e-18,,2.172e-14,,,9.475e-10,,,3.107e-19,,1.116e-18,,7.624e-19,,1.975e-1,,1.230e-17,,6.137e-2,1.838e-16
498.91,4.710e+2,1.496e-20,1.190e-11,1.039e-43,1.476e-1,,,1.170e-18,5.847e-22,,2.892e-15,1.712e-18,1.634e-25,9.978e-18,2.478e-19,1.001e-31,3.603e-12,1.388e-11,,9.343e-19,6.805e-4,7.091e-26,3.960e+2,,8.186e-13,1.859e-19,,8.183e-19,1.077e-21,1.261e+1,4.530e-1,6.875e-29,1.190e-19,3.232e-22,1.213e-19,1.532e-16,5.662e-1,6.094e+1,3.684e-7,3.314e-8,6.842e-18,,1.082e-14,,,1.645e-9,,,3.113e-19,,1.117e-18,,7.623e-19,,1.807e-1,,1.229e-17,,8.110e-2,1.839e-16
498.93,4.738e+2,1.493e-20,1.163e-11,1.039e-43,1.334e-1,,,1.170e-18,5.850e-22,,2.892e-15,1.709e-18,1.640e-25,9.978e-18,2.479e-19,9.991e-32,2.475e-12,1.783e-11,,9.343e-19,8.213e-4,9.576e-26,3.997e+2,,6.195e-13,1.857e-19,,8.176e-19,1.077e-21,1.192e+1,4.518e-1,6.875e-29,1.190e-19,3.232e-22,1.230e-19,1.532e-16,6.081e-1,6.073e+1,4.990e-7,4.675e-8,6.858e-18,,6.769e-15,,,2.366e-9,,,3.117e-19,,1.117e-18,,7.622e-19,,1.696e-1,,1.229e-17,,9.729e-2,1.839e-16
498.96,4.775e+2,1.490e-20,1.117e-11,1.038e-43,1.141e-1,,,1.171e-18,5.855e-22,,2.891e-15,1.705e-18,1.650e-25,9.978e-18,2.482e-19,9.968e-32,1.401e-12,2.581e-11,,9.343e-19,1.083e-3,1.494e-25,4.048e+2,,4.055e-13,1.855e-19,,8.167e-19,1.078e-21,1.091e+1,4.491e-1,6.876e-29,1.190e-19,3.231e-22,1.255e-19,1.531e-16,6.737e-1,6.029e+1,7.821e-7,7.791e-8,6.881e-18,,3.332e-15,,,4.061e-9,,,3.124e-19,,1.117e-18,,7.622e-19,,1.534e-1,,1.228e-17,,1.271e-1,1.839e-16
498.98,4.797e+2,1.487e-20,1.083e-11,1.037e-43,1.024e-1,,,1.172e-18,5.857e-22,,2.891e-15,1.702e-18,1.656e-25,9.978e-18,2.484e-19,9.953e-32,9.547e-13,3.290e-11,,9.343e-19,1.297e-3,2.002e-25,4.079e+2,,3.045e-13,1.853e-19,,8.160e-19,1.078e-21,1.026e+1,4.467e-1,6.876e-29,1.190e-19,3.230e-22,1.272e-19,1.531e-16,7.190e-1,5.994e+1,1.051e-6,1.091e-7,6.897e-18,,2.069e-15,,,5.799e-9,,,3.128e-19,,1.117e-18,,7.621e-19,,1.429e-1,,1.228e-17,,1.513e-1,1.840e-16
499,4.814e+2,1.485e-20,1.047e-11,1.037e-43,9.162e-2,,,1.172e-18,5.860e-22,,2.891e-15,1.699e-18,1.662e-25,9.978e-18,2.485e-19,9.937e-32,6.487e-13,4.181e-11,,9.343e-19,1.549e-3,2.675e-25,4.106e+2,,2.280e-13,1.851e-19,,8.153e-19,1.078e-21,9.643e+0,4.439e-1,6.877e-29,1.190e-19,3.230e-22,1.289e-19,1.531e-16,7.655e-1,5.956e+1,1.409e-6,1.523e-7,6.913e-18,,1.281e-15,,,8.255e-9,,,3.132e-19,,1.117e-18,,7.621e-19,,1.327e-1,,1.227e-17,,1.796e-1,1.840e-16
499.03,4.833e+2,1.481e-20,9.896e-12,1.036e-43,7.712e-2,,,1.173e-18,5.865e-22,,2.890e-15,1.695e-18,1.671e-25,9.978e-18,2.488e-19,9.914e-32,3.612e-13,5.956e-11,,9.343e-19,2.009e-3,4.108e-25,4.139e+2,,1.468e-13,1.848e-19,,8.143e-19,1.079e-21,8.773e+0,4.389e-1,6.877e-29,1.191e-19,3.229e-22,1.315e-19,1.530e-16,8.367e-1,5.893e+1,2.173e-6,2.497e-7,6.936e-18,,6.205e-16,,,1.394e-8,,,3.138e-19,,1.117e-18,,7.620e-19,,1.181e-1,,1.227e-17,,2.309e-1,1.840e-16
499.05,4.840e+2,1.479e-20,9.494e-12,1.035e-43,6.850e-2,,,1.173e-18,5.868e-22,,2.890e-15,1.692e-18,1.678e-25,9.978e-18,2.490e-19,9.899e-32,2.435e-13,7.512e-11,,9.343e-19,2.381e-3,5.447e-25,4.155e+2,,1.091e-13,1.847e-19,,8.137e-19,1.079e-21,8.238e+0,4.350e-1,6.878e-29,1.191e-19,3.229e-22,1.332e-19,1.530e-16,8.849e-1,5.850e+1,2.891e-6,3.460e-7,6.952e-18,,3.812e-16,,,1.970e-8,,,3.142e-19,,1.117e-18,,7.619e-19,,1.089e-1,,1.227e-17,,2.720e-1,1.840e-16
499.08,4.841e+2,1.475e-20,8.869e-12,1.034e-43,5.702e-2,,,1.174e-18,5.872e-22,,2.890e-15,1.688e-18,1.687e-25,9.977e-18,2.492e-19,9.876e-32,1.340e-13,1.058e-10,,9.343e-19,3.054e-3,8.269e-25,4.168e+2,,6.942e-14,1.844e-19,,8.127e-19,1.080e-21,7.515e+0,4.287e-1,6.878e-29,1.191e-19,3.228e-22,1.357e-19,1.530e-16,9.578e-1,5.787e+1,4.408e-6,5.609e-7,6.975e-18,,1.825e-16,,,3.289e-8,,,3.148e-19,,1.118e-18,,7.619e-19,,9.577e-2,,1.226e-17,,3.456e-1,1.841e-16
499.1,4.835e+2,1.473e-20,8.443e-12,1.034e-43,5.027e-2,,,1.175e-18,5.875e-22,,2.889e-15,1.685e-18,1.693e-25,9.977e-18,2.494e-19,9.861e-32,8.967e-14,1.324e-10,,9.343e-19,3.592e-3,1.088e-24,4.170e+2,,5.117e-14,1.842e-19,,8.120e-19,1.080e-21,7.090e+0,4.242e-1,6.879e-29,1.191e-19,3.227e-22,1.374e-19,1.529e-16,1.006e+0,5.747e+1,5.818e-6,7.712e-7,6.991e-18,,1.112e-16,,,4.611e-8,,,3.152e-19,,1.118e-18,,7.618e-19,,8.759e-2,,1.226e-17,,4.040e-1,1.841e-16
499.13,4.817e+2,1.469e-20,7.797e-12,1.033e-43,4.138e-2,,,1.176e-18,5.880e-22,,2.889e-15,1.681e-18,1.703e-25,9.977e-18,2.497e-19,9.838e-32,4.878e-14,1.844e-10,,9.343e-19,4.555e-3,1.633e-24,4.161e+2,,3.220e-14,1.839e-19,,8.111e-19,1.080e-21,6.550e+0,4.171e-1,6.879e-29,1.191e-19,3.226e-22,1.400e-19,1.529e-16,1.079e+0,5.695e+1,8.771e-6,1.236e-6,7.014e-18,,5.163e-17,,,7.612e-8,,,3.158e-19,,1.118e-18,,7.617e-19,,7.617e-2,,1.225e-17,,5.076e-1,1.841e-16
499.15,4.799e+2,1.467e-20,7.366e-12,1.032e-43,3.620e-2,,,1.176e-18,5.882e-22,,2.889e-15,1.678e-18,1.709e-25,9.977e-18,2.498e-19,9.823e-32,3.238e-14,2.290e-10,,9.343e-19,5.315e-3,2.133e-24,4.147e+2,,2.355e-14,1.838e-19,,8.104e-19,1.081e-21,6.259e+0,4.124e-1,6.880e-29,1.191e-19,3.226e-22,1.416e-19,1.529e-16,1.127e+0,5.667e+1,1.149e-5,1.687e-6,7.030e-18,,3.124e-17,,,1.059e-7,,,3.162e-19,,1.118e-18,,7.617e-19,,6.913e-2,,1.225e-17,,5.888e-1,1.842e-16
499.18,4.764e+2,1.463e-20,6.725e-12,1.031e-43,2.947e-2,,,1.177e-18,5.887e-22,,2.888e-15,1.674e-18,1.718e-25,9.977e-18,2.501e-19,9.800e-32,1.741e-14,3.152e-10,,9.344e-19,6.663e-3,3.164e-24,4.116e+2,,1.465e-14,1.835e-19,,8.094e-19,1.081e-21,5.934e+0,4.057e-1,6.880e-29,1.192e-19,3.225e-22,1.442e-19,1.528e-16,1.197e+0,5.638e+1,1.712e-5,2.673e-6,7.053e-18,,1.461e-17,,,1.729e-7,,,3.168e-19,,1.118e-18,,7.616e-19,,5.943e-2,,1.224e-17,,7.314e-1,1.842e-16
499.2,4.735e+2,1.461e-20,6.304e-12,1.031e-43,2.559e-2,,,1.178e-18,5.890e-22,,2.888e-15,1.671e-18,1.724e-25,9.977e-18,2.503e-19,9.785e-32,1.147e-14,3.886e-10,,9.344e-19,7.717e-3,4.101e-24,4.089e+2,,1.063e-14,1.833e-19,,8.087e-19,1.082e-21,5.799e+0,4.016e-1,6.881e-29,1.192e-19,3.225e-22,1.459e-19,1.528e-16,1.242e+0,5.630e+1,2.226e-5,3.619e-6,7.069e-18,,8.773e-18,,,2.387e-7,,,3.172e-19,,1.118e-18,,7.616e-19,,5.352e-2,,1.224e-17,,8.419e-1,1.842e-16
499.23,4.687e+2,1.457e-20,5.689e-12,1.030e-43,2.059e-2,,,1.178e-18,5.894e-22,,2.888e-15,1.667e-18,1.734e-25,9.976e-18,2.505e-19,9.762e-32,6.096e-15,5.288e-10,,9.344e-19,9.563e-3,6.015e-24,4.038e+2,,6.536e-15,1.830e-19,,8.078e-19,1.082e-21,5.725e+0,3.963e-1,6.881e-29,1.192e-19,3.224e-22,1.484e-19,1.528e-16,1.309e+0,5.637e+1,3.280e-5,5.670e-6,7.092e-18,,8.560e-18,,,3.852e-7,,,3.178e-19,,1.119e-18,,7.615e-19,,4.548e-2,,1.223e-17,,1.034e+0,1.842e-16
499.25,4.652e+2,1.454e-20,5.292e-12,1.029e-43,1.775e-2,,,1.179e-18,5.897e-22,,2.887e-15,1.664e-18,1.740e-25,9.976e-18,2.507e-19,9.747e-32,3.985e-15,6.468e-10,,9.344e-19,1.099e-2,7.736e-24,3.999e+2,,4.707e-15,1.829e-19,,8.071e-19,1.082e-21,5.767e+0,3.937e-1,6.881e-29,1.192e-19,3.223e-22,1.501e-19,1.527e-16,1.351e+0,5.656e+1,4.231e-5,7.619e-6,7.108e-18,,8.417e-18,,,5.278e-7,,,3.183e-19,,1.119e-18,,7.614e-19,,4.064e-2,,1.223e-17,,1.181e+0,1.843e-16
499.28,4.598e+2,1.451e-20,4.721e-12,1.028e-43,1.412e-2,,,1.180e-18,5.902e-22,,2.887e-15,1.660e-18,1.749e-25,9.976e-18,2.510e-19,9.724e-32,2.093e-15,8.702e-10,,9.344e-19,1.347e-2,1.122e-23,3.934e+2,,2.860e-15,1.826e-19,,8.061e-19,1.083e-21,5.979e+0,3.915e-1,6.882e-29,1.192e-19,3.223e-22,1.527e-19,1.527e-16,1.412e+0,5.709e+1,6.164e-5,1.180e-5,7.131e-18,,8.204e-18,,,8.420e-7,,,3.189e-19,,1.119e-18,,7.614e-19,,3.414e-2,,1.222e-17,,1.434e+0,1.843e-16
499.3,4.561e+2,1.448e-20,4.358e-12,1.028e-43,1.208e-2,,,1.180e-18,5.905e-22,,2.887e-15,1.657e-18,1.756e-25,9.976e-18,2.511e-19,9.708e-32,1.358e-15,1.056e-9,,9.344e-19,1.536e-2,1.432e-23,3.887e+2,,2.044e-15,1.824e-19,,8.054e-19,1.083e-21,6.224e+0,3.915e-1,6.882e-29,1.193e-19,3.222e-22,1.544e-19,1.527e-16,1.451e+0,5.763e+1,7.892e-5,1.574e-5,7.147e-18,,8.061e-18,,,1.145e-6,,,3.193e-19,,1.119e-18,,7.613e-19,,3.028e-2,,1.222e-17,,1.625e+0,1.843e-16
499.33,4.508e+2,1.445e-20,3.843e-12,1.027e-43,9.498e-3,,,1.181e-18,5.909e-22,,2.886e-15,1.653e-18,1.765e-25,9.976e-18,2.514e-19,9.686e-32,7.050e-16,1.405e-9,,9.344e-19,1.860e-2,2.053e-23,3.814e+2,,1.228e-15,1.822e-19,,8.045e-19,1.084e-21,6.759e+0,3.942e-1,6.883e-29,1.193e-19,3.221e-22,1.569e-19,1.526e-16,1.507e+0,5.871e+1,1.137e-4,2.410e-5,7.170e-18,,7.847e-18,,,1.806e-6,,,3.199e-19,,1.119e-18,,7.612e-19,,2.514e-2,,1.221e-17,,1.951e+0,1.844e-16
499.35,4.475e+2,1.442e-20,3.521e-12,1.026e-43,8.062e-3,,,1.182e-18,5.912e-22,,2.886e-15,1.650e-18,1.771e-25,9.976e-18,2.516e-19,9.670e-32,4.537e-16,1.693e-9,,9.344e-19,2.105e-2,2.600e-23,3.764e+2,,8.708e-16,1.820e-19,,8.038e-19,1.084e-21,7.234e+0,3.981e-1,6.883e-29,1.193e-19,3.221e-22,1.586e-19,1.526e-16,1.542e+0,5.964e+1,1.444e-4,3.190e-5,7.186e-18,,7.705e-18,,,2.438e-6,,,3.203e-19,,1.119e-18,,7.612e-19,,2.213e-2,,1.221e-17,,2.194e+0,1.844e-16
499.37,4.445e+2,1.440e-20,3.215e-12,1.025e-43,6.823e-3,,,1.182e-18,5.915e-22,,2.886e-15,1.648e-18,1.777e-25,9.975e-18,2.517e-19,9.655e-32,2.911e-16,2.033e-9,,9.344e-19,2.376e-2,3.283e-23,3.714e+2,,6.156e-16,1.818e-19,,8.031e-19,1.084e-21,7.808e+0,4.039e-1,6.884e-29,1.193e-19,3.220e-22,1.603e-19,1.526e-16,1.576e+0,6.073e+1,1.829e-4,4.209e-5,7.201e-18,,7.562e-18,,,3.280e-6,,,3.207e-19,,1.120e-18,,7.611e-19,,1.941e-2,,1.221e-17,,2.461e+0,1.844e-16
499.4,4.407e+2,1.436e-20,2.790e-12,1.025e-43,5.281e-3,,,1.183e-18,5.919e-22,,2.885e-15,1.643e-18,1.787e-25,9.975e-18,2.520e-19,9.632e-32,1.487e-16,2.661e-9,,9.344e-19,2.832e-2,4.633e-23,3.641e+2,,3.638e-16,1.815e-19,,8.022e-19,1.085e-21,8.866e+0,4.168e-1,6.884e-29,1.193e-19,3.219e-22,1.628e-19,1.525e-16,1.624e+0,6.268e+1,2.592e-4,6.342e-5,7.225e-18,,7.349e-18,,,5.091e-6,,,3.213e-19,,1.120e-18,,7.611e-19,,1.586e-2,,1.220e-17,,2.907e+0,1.844e-16
499.42,4.388e+2,1.434e-20,2.529e-12,1.024e-43,4.435e-3,,,1.183e-18,5.922e-22,,2.885e-15,1.641e-18,1.793e-25,9.975e-18,2.522e-19,9.617e-32,9.465e-17,3.172e-9,,9.344e-19,3.171e-2,5.806e-23,3.595e+2,,2.552e-16,1.813e-19,,8.015e-19,1.085e-21,9.710e+0,4.284e-1,6.885e-29,1.193e-19,3.219e-22,1.645e-19,1.525e-16,1.656e+0,6.419e+1,3.259e-4,8.305e-5,7.240e-18,,7.206e-18,,,6.798e-6,,,3.217e-19,,1.120e-18,,7.610e-19,,1.381e-2,,1.220e-17,,3.235e+0,1.845e-16
499.45,4.370e+2,1.430e-20,2.169e-12,1.023e-43,3.394e-3,,,1.184e-18,5.927e-22,,2.884e-15,1.636e-18,1.802e-25,9.975e-18,2.524e-19,9.594e-32,4.780e-17,4.104e-9,,9.344e-19,3.736e-2,8.098e-23,3.530e+2,,1.491e-16,1.811e-19,,8.005e-19,1.085e-21,1.119e+1,4.511e-1,6.885e-29,1.194e-19,3.218e-22,1.671e-19,1.525e-16,1.701e+0,6.676e+1,4.566e-4,1.237e-4,7.264e-18,,6.993e-18,,,1.043e-5,,,3.223e-19,,1.120e-18,,7.609e-19,,1.115e-2,,1.219e-17,,3.777e+0,1.845e-16
499.47,4.365e+2,1.428e-20,1.951e-12,1.022e-43,2.829e-3,,,1.185e-18,5.930e-22,,2.884e-15,1.634e-18,1.808e-25,9.975e-18,2.526e-19,9.579e-32,3.019e-17,4.854e-9,,9.345e-19,4.152e-2,1.007e-22,3.491e+2,,1.038e-16,1.809e-19,,7.998e-19,1.086e-21,1.233e+1,4.699e-1,6.886e-29,1.194e-19,3.218e-22,1.688e-19,1.524e-16,1.731e+0,6.867e+1,5.696e-4,1.608e-4,7.279e-18,,6.850e-18,,,1.383e-5,,,3.227e-19,,1.120e-18,,7.609e-19,,9.635e-3,,1.219e-17,,4.172e+0,1.845e-16
499.5,4.372e+2,1.424e-20,1.654e-12,1.022e-43,2.140e-3,,,1.186e-18,5.934e-22,,2.884e-15,1.629e-18,1.818e-25,9.975e-18,2.528e-19,9.556e-32,1.507e-17,6.210e-9,,9.345e-19,4.837e-2,1.389e-22,3.440e+2,,5.992e-17,1.806e-19,,7.989e-19,1.086e-21,1.429e+1,5.041e-1,6.886e-29,1.194e-19,3.217e-22,1.713e-19,1.524e-16,1.776e+0,7.181e+1,7.891e-4,2.368e-4,7.303e-18,,6.636e-18,,,2.097e-5,,,3.233e-19,,1.120e-18,,7.608e-19,,7.692e-3,,1.218e-17,,4.815e+0,1.846e-16
499.52,4.386e+2,1.422e-20,1.476e-12,1.021e-43,1.770e-3,,,1.186e-18,5.937e-22,,2.883e-15,1.627e-18,1.824e-25,9.975e-18,2.530e-19,9.541e-32,9.445e-18,7.290e-9,,9.345e-19,5.334e-2,1.714e-22,3.411e+2,,4.139e-17,1.805e-19,,7.982e-19,1.087e-21,1.575e+1,5.313e-1,6.887e-29,1.194e-19,3.216e-22,1.730e-19,1.524e-16,1.806e+0,7.408e+1,9.768e-4,3.055e-4,7.318e-18,,6.494e-18,,,2.758e-5,,,3.237e-19,,1.121e-18,,7.608e-19,,6.595e-3,,1.218e-17,,5.278e+0,1.846e-16
499.55,4.420e+2,1.418e-20,1.237e-12,1.020e-43,1.324e-3,,,1.187e-18,5.941e-22,,2.883e-15,1.623e-18,1.833e-25,9.974e-18,2.533e-19,9.518e-32,4.660e-18,9.218e-9,,9.345e-19,6.142e-2,2.337e-22,3.376e+2,,2.362e-17,1.802e-19,,7.972e-19,1.087e-21,1.821e+1,5.788e-1,6.887e-29,1.194e-19,3.215e-22,1.755e-19,1.523e-16,1.852e+0,7.769e+1,1.338e-3,4.448e-4,7.342e-18,,6.280e-18,,,4.137e-5,,,3.244e-19,,1.121e-18,,7.607e-19,,5.205e-3,,1.217e-17,,6.022e+0,1.846e-16
499.57,4.452e+2,1.415e-20,1.096e-12,1.019e-43,1.087e-3,,,1.187e-18,5.944e-22,,2.883e-15,1.620e-18,1.840e-25,9.974e-18,2.534e-19,9.502e-32,2.898e-18,1.074e-8,,9.345e-19,6.722e-2,2.862e-22,3.358e+2,,1.619e-17,1.800e-19,,7.965e-19,1.087e-21,2.002e+1,6.153e-1,6.887e-29,1.194e-19,3.215e-22,1.772e-19,1.523e-16,1.883e+0,8.021e+1,1.644e-3,5.693e-4,7.357e-18,,6.138e-18,,,5.400e-5,,,3.248e-19,,1.121e-18,,7.606e-19,,4.428e-3,,1.217e-17,,6.551e+0,1.846e-16
499.6,4.513e+2,1.412e-20,9.079e-13,1.019e-43,8.033e-4,,,1.188e-18,5.949e-22,,2.882e-15,1.616e-18,1.849e-25,9.974e-18,2.537e-19,9.480e-32,1.413e-18,1.343e-8,,9.345e-19,7.653e-2,3.858e-22,3.341e+2,,9.134e-18,1.797e-19,,7.956e-19,1.088e-21,2.300e+1,6.772e-1,6.888e-29,1.195e-19,3.214e-22,1.798e-19,1.522e-16,1.934e+0,8.413e+1,2.225e-3,8.196e-4,7.381e-18,,5.924e-18,,,8.007e-5,,,3.254e-19,,1.121e-18,,7.605e-19,,3.455e-3,,1.217e-17,,7.389e+0,1.847e-16
499.62,4.563e+2,1.409e-20,7.979e-13,1.018e-43,6.543e-4,,,1.189e-18,5.952e-22,,2.882e-15,1.613e-18,1.855e-25,9.974e-18,2.539e-19,9.464e-32,8.721e-19,1.552e-8,,9.345e-19,8.311e-2,4.690e-22,3.336e+2,,6.212e-18,1.796e-19,,7.949e-19,1.088e-21,2.517e+1,7.235e-1,6.888e-29,1.195e-19,3.214e-22,1.815e-19,1.522e-16,1.969e+0,8.680e+1,2.713e-3,1.041e-3,7.396e-18,,5.782e-18,,,1.037e-4,,,3.258e-19,,1.121e-18,,7.605e-19,,2.916e-3,,1.216e-17,,7.977e+0,1.847e-16
499.65,4.648e+2,1.406e-20,6.535e-13,1.017e-43,4.782e-4,,,1.190e-18,5.956e-22,,2.882e-15,1.609e-18,1.865e-25,9.974e-18,2.541e-19,9.441e-32,4.204e-19,1.919e-8,,9.345e-19,9.354e-2,6.249e-22,3.335e+2,,3.464e-18,1.793e-19,,7.939e-19,1.089e-21,2.869e+1,8.003e-1,6.889e-29,1.195e-19,3.213e-22,1.840e-19,1.522e-16,2.025e+0,9.083e+1,3.632e-3,1.482e-3,7.420e-18,,5.568e-18,,,1.520e-4,,,3.264e-19,,1.121e-18,,7.604e-19,,2.249e-3,,1.216e-17,,8.895e+0,1.847e-16
499.67,4.712e+2,1.403e-20,5.699e-13,1.016e-43,3.865e-4,,,1.190e-18,5.959e-22,,2.881e-15,1.606e-18,1.871e-25,9.974e-18,2.543e-19,9.426e-32,2.574e-19,2.201e-8,,9.345e-19,1.008e-1,7.538e-22,3.339e+2,,2.338e-18,1.791e-19,,7.933e-19,1.089e-21,3.122e+1,8.565e-1,6.889e-29,1.195e-19,3.212e-22,1.857e-19,1.521e-16,2.065e+0,9.349e+1,4.395e-3,1.868e-3,7.435e-18,,5.426e-18,,,1.955e-4,,,3.268e-19,,1.121e-18,,7.604e-19,,1.884e-3,,1.215e-17,,9.529e+0,1.847e-16
499.7,4.816e+2,1.400e-20,4.615e-13,1.016e-43,2.793e-4,,,1.191e-18,5.964e-22,,2.881e-15,1.602e-18,1.880e-25,9.973e-18,2.546e-19,9.403e-32,1.226e-19,2.690e-8,,9.345e-19,1.122e-1,9.931e-22,3.352e+2,,1.289e-18,1.788e-19,,7.923e-19,1.089e-21,3.527e+1,9.479e-1,6.890e-29,1.195e-19,3.211e-22,1.882e-19,1.521e-16,2.129e+0,9.740e+1,5.816e-3,2.628e-3,7.459e-18,,5.212e-18,,,2.833e-4,,,3.274e-19,,1.122e-18,,7.603e-19,,1.436e-3,,1.215e-17,,1.051e+1,1.848e-16
499.72,4.889e+2,1.397e-20,3.994e-13,1.015e-43,2.240e-4,,,1.191e-18,5.966e-22,,2.881e-15,1.599e-18,1.886e-25,9.973e-18,2.547e-19,9.388e-32,7.452e-20,3.062e-8,,9.345e-19,1.200e-1,1.189e-21,3.364e+2,,8.629e-19,1.787e-19,,7.916e-19,1.090e-21,3.813e+1,1.013e+0,6.890e-29,1.195e-19,3.211e-22,1.899e-19,1.521e-16,2.174e+0,9.990e+1,6.984e-3,3.288e-3,7.474e-18,,5.069e-18,,,3.614e-4,,,3.278e-19,,1.122e-18,,7.602e-19,,1.194e-3,,1.214e-17,,1.117e+1,1.848e-16
499.75,5.003e+2,1.393e-20,3.197e-13,1.014e-43,1.600e-4,,,1.192e-18,5.971e-22,,2.880e-15,1.595e-18,1.896e-25,9.973e-18,2.550e-19,9.365e-32,3.509e-20,3.699e-8,,9.346e-19,1.320e-1,1.548e-21,3.385e+2,,4.701e-19,1.784e-19,,7.906e-19,1.090e-21,4.267e+1,1.118e+0,6.891e-29,1.196e-19,3.210e-22,1.925e-19,1.520e-16,2.245e+0,1.034e+2,9.137e-3,4.574e-3,7.498e-18,,4.856e-18,,,5.179e-4,,,3.284e-19,,1.122e-18,,7.602e-19,,8.999e-4,,1.214e-17,,1.217e+1,1.848e-16
499.77,5.080e+2,1.391e-20,2.745e-13,1.013e-43,1.274e-4,,,1.193e-18,5.974e-22,,2.880e-15,1.592e-18,1.902e-25,9.973e-18,2.552e-19,9.350e-32,2.116e-20,4.180e-8,,9.346e-19,1.401e-1,1.840e-21,3.401e+2,,3.124e-19,1.782e-19,,7.900e-19,1.090e-21,4.583e+1,1.192e+0,6.891e-29,1.196e-19,3.210e-22,1.942e-19,1.520e-16,2.295e+0,1.056e+2,1.089e-2,5.678e-3,7.513e-18,,4.713e-18,,,6.557e-4,,,3.288e-19,,1.122e-18,,7.601e-19,,7.424e-4,,1.213e-17,,1.284e+1,1.849e-16
499.79,5.157e+2,1.389e-20,2.350e-13,1.013e-43,1.011e-4,,,1.193e-18,5.977e-22,,2.880e-15,1.589e-18,1.908e-25,9.973e-18,2.553e-19,9.335e-32,1.272e-20,4.709e-8,,9.346e-19,1.482e-1,2.179e-21,3.417e+2,,2.070e-19,1.780e-19,,7.893e-19,1.091e-21,4.911e+1,1.268e+0,6.892e-29,1.196e-19,3.209e-22,1.959e-19,1.520e-16,2.346e+0,1.076e+2,1.294e-2,7.028e-3,7.529e-18,,4.571e-18,,,8.276e-4,,,3.292e-19,,1.122e-18,,7.601e-19,,6.105e-4,,1.213e-17,,1.351e+1,1.849e-16
499.82,5.270e+2,1.385e-20,1.851e-13,1.012e-43,7.103e-5,,,1.194e-18,5.981e-22,,2.879e-15,1.585e-18,1.918e-25,9.973e-18,2.556e-19,9.312e-32,1.270e-20,5.597e-8,,9.346e-19,1.604e-1,2.793e-21,3.442e+2,,1.109e-19,1.778e-19,,7.883e-19,1.091e-21,5.421e+1,1.388e+0,6.892e-29,1.196e-19,3.208e-22,1.984e-19,1.519e-16,2.425e+0,1.102e+2,1.666e-2,9.622e-3,7.552e-18,,4.357e-18,,,1.167e-3,,,3.298e-19,,1.122e-18,,7.600e-19,,4.527e-4,,1.213e-17,,1.449e+1,1.849e-16
499.84,5.343e+2,1.383e-20,1.573e-13,1.011e-43,5.593e-5,,,1.195e-18,5.984e-22,,2.879e-15,1.582e-18,1.924e-25,9.972e-18,2.558e-19,9.297e-32,1.268e-20,6.257e-8,,9.346e-19,1.685e-1,3.282e-21,3.457e+2,,7.293e-20,1.776e-19,,7.876e-19,1.092e-21,5.771e+1,1.470e+0,6.893e-29,1.196e-19,3.208e-22,2.001e-19,1.519e-16,2.479e+0,1.116e+2,1.964e-2,1.182e-2,7.568e-18,,4.215e-18,,,1.462e-3,,,3.302e-19,,1.123e-18,,7.599e-19,,3.695e-4,,1.212e-17,,1.512e+1,1.849e-16
499.87,5.444e+2,1.379e-20,1.224e-13,1.010e-43,3.886e-5,,,1.195e-18,5.989e-22,,2.878e-15,1.578e-18,1.933e-25,9.972e-18,2.560e-19,9.274e-32,1.266e-20,7.354e-8,,9.346e-19,1.803e-1,4.159e-21,3.477e+2,,3.864e-20,1.773e-19,,7.867e-19,1.092e-21,6.308e+1,1.595e+0,6.893e-29,1.196e-19,3.207e-22,2.026e-19,1.519e-16,2.561e+0,1.133e+2,2.500e-2,1.600e-2,7.591e-18,,4.001e-18,,,2.038e-3,,,3.309e-19,,1.123e-18,,7.599e-19,,2.708e-4,,1.212e-17,,1.603e+1,1.850e-16
499.89,5.506e+2,1.376e-20,1.032e-13,1.010e-43,3.036e-5,,,1.196e-18,5.992e-22,,2.878e-15,1.575e-18,1.939e-25,9.972e-18,2.562e-19,9.258e-32,1.265e-20,8.159e-8,,9.346e-19,1.879e-1,4.852e-21,3.487e+2,,2.520e-20,1.771e-19,,7.860e-19,1.092e-21,6.673e+1,1.680e+0,6.894e-29,1.197e-19,3.206e-22,2.043e-19,1.518e-16,2.615e+0,1.141e+2,2.925e-2,1.950e-2,7.607e-18,,3.858e-18,,,2.534e-3,,,3.313e-19,,1.123e-18,,7.598e-19,,2.193e-4,,1.211e-17,,1.660e+1,1.850e-16
499.92,5.588e+2,1.373e-20,7.944e-14,1.009e-43,2.085e-5,,,1.197e-18,5.996e-22,,2.878e-15,1.571e-18,1.949e-25,9.972e-18,2.565e-19,9.235e-32,1.263e-20,9.479e-8,,9.346e-19,1.987e-1,6.078e-21,3.498e+2,,1.320e-20,1.769e-19,,7.850e-19,1.093e-21,7.224e+1,1.808e+0,6.894e-29,1.197e-19,3.206e-22,2.069e-19,1.518e-16,2.694e+0,1.147e+2,3.681e-2,2.610e-2,7.631e-18,,3.645e-18,,,3.492e-3,,,3.319e-19,,1.123e-18,,7.597e-19,,1.589e-4,,1.211e-17,,1.740e+1,1.850e-16
499.94,5.635e+2,1.370e-20,6.646e-14,1.008e-43,1.617e-5,,,1.197e-18,5.999e-22,,2.877e-15,1.568e-18,1.955e-25,9.972e-18,2.566e-19,9.220e-32,1.262e-20,1.044e-7,,9.346e-19,2.055e-1,7.036e-21,3.501e+2,,8.544e-21,1.767e-19,,7.844e-19,1.093e-21,7.594e+1,1.892e+0,6.894e-29,1.197e-19,3.205e-22,2.086e-19,1.518e-16,2.745e+0,1.147e+2,4.274e-2,3.157e-2,7.646e-18,,3.502e-18,,,4.309e-3,,,3.323e-19,,1.123e-18,,7.597e-19,,1.277e-4,,1.210e-17,,1.789e+1,1.850e-16
499.97,5.692e+2,1.367e-20,5.057e-14,1.007e-43,1.098e-5,,,1.198e-18,6.003e-22,,2.877e-15,1.564e-18,1.964e-25,9.972e-18,2.569e-19,9.197e-32,1.260e-20,1.199e-7,,9.346e-19,2.149e-1,8.714e-21,3.499e+2,,4.423e-21,1.764e-19,,7.834e-19,1.094e-21,8.145e+1,2.016e+0,6.895e-29,1.197e-19,3.204e-22,2.111e-19,1.517e-16,2.817e+0,1.141e+2,5.317e-2,4.177e-2,7.670e-18,,3.289e-18,,,5.871e-3,,,3.329e-19,,1.123e-18,,7.596e-19,,9.148e-5,,1.210e-17,,1.854e+1,1.851e-16
499.99,5.720e+2,1.364e-20,4.198e-14,1.007e-43,8.448e-6,,,1.199e-18,6.006e-22,,2.877e-15,1.561e-18,1.971e-25,9.972e-18,2.571e-19,9.182e-32,1.259e-20,1.310e-7,,9.346e-19,2.206e-1,1.001e-20,3.493e+2,,2.841e-21,1.763e-19,,7.827e-19,1.094e-21,8.509e+1,2.096e+0,6.895e-29,1.197e-19,3.204e-22,2.128e-19,1.517e-16,2.861e+0,1.134e+2,6.127e-2,5.014e-2,7.685e-18,,3.146e-18,,,7.189e-3,,,3.333e-19,,1.124e-18,,7.596e-19,,7.296e-5,,1.209e-17,,1.891e+1,1.851e-16
500.02,5.748e+2,1.361e-20,3.157e-14,1.006e-43,5.670e-6,,,1.199e-18,6.011e-22,,2.876e-15,1.557e-18,1.980e-25,9.971e-18,2.573e-19,9.159e-32,1.257e-20,1.487e-7,,9.346e-19,2.281e-1,1.226e-20,3.478e+2,,1.454e-21,1.760e-19,,7.817e-19,1.094e-21,9.043e+1,2.212e+0,6.896e-29,1.198e-19,3.203e-22,2.153e-19,1.516e-16,2.919e+0,1.117e+2,7.536e-2,6.558e-2,7.709e-18,,6.712e-18,,,9.685e-3,,,3.339e-19,,1.124e-18,,7.595e-19,,5.167e-5,,1.209e-17,,1.937e+1,1.851e-16
500.04,5.756e+2,1.358e-20,2.601e-14,1.005e-43,4.329e-6,,,1.200e-18,6.014e-22,,2.876e-15,1.554e-18,1.986e-25,9.971e-18,2.575e-19,9.144e-32,1.255e-20,1.613e-7,,9.346e-19,2.323e-1,1.397e-20,3.463e+2,,9.265e-22,1.758e-19,,7.811e-19,1.095e-21,9.390e+1,2.285e+0,6.896e-29,1.198e-19,3.202e-22,2.170e-19,1.516e-16,2.953e+0,1.101e+2,8.618e-2,7.814e-2,7.724e-18,,1.108e-17,,,1.177e-2,,,3.343e-19,,1.124e-18,,7.594e-19,,4.089e-5,,1.209e-17,,1.961e+1,1.852e-16
500.07,5.753e+2,1.354e-20,1.934e-14,1.004e-43,2.872e-6,,,1.201e-18,6.018e-22,,2.876e-15,1.550e-18,1.995e-25,9.971e-18,2.577e-19,9.121e-32,1.253e-20,1.810e-7,,9.347e-19,2.374e-1,1.692e-20,3.434e+2,,4.686e-22,1.755e-19,,7.801e-19,1.095e-21,9.892e+1,2.386e+0,6.897e-29,1.198e-19,3.202e-22,2.196e-19,1.516e-16,2.994e+0,1.073e+2,1.048e-1,1.010e-1,7.748e-18,,2.337e-17,,,1.567e-2,,,3.349e-19,,1.124e-18,,7.594e-19,,2.864e-5,,1.208e-17,,1.986e+1,1.852e-16
500.09,5.741e+2,1.352e-20,1.581e-14,1.004e-43,2.176e-6,,,1.201e-18,6.021e-22,,2.875e-15,1.547e-18,2.002e-25,9.971e-18,2.579e-19,9.106e-32,1.252e-20,1.948e-7,,9.347e-19,2.400e-1,1.914e-20,3.410e+2,,2.963e-22,1.754e-19,,7.794e-19,1.095e-21,1.021e+2,2.448e+0,6.897e-29,1.198e-19,3.201e-22,2.213e-19,1.515e-16,3.013e+0,1.051e+2,1.189e-1,1.195e-1,1.287e-17,,3.830e-17,,,1.890e-2,,,3.353e-19,,1.124e-18,,7.593e-19,,2.251e-5,,1.208e-17,,1.995e+1,1.852e-16
500.12,5.709e+2,1.348e-20,1.162e-14,1.003e-43,1.427e-6,,,1.202e-18,6.025e-22,,2.875e-15,1.543e-18,2.011e-25,9.971e-18,2.582e-19,9.083e-32,1.250e-20,2.162e-7,,9.347e-19,2.425e-1,2.290e-20,3.370e+2,,1.482e-22,1.751e-19,,7.784e-19,1.096e-21,1.066e+2,2.531e+0,6.898e-29,1.198e-19,3.200e-22,2.238e-19,1.515e-16,3.031e+0,1.013e+2,1.430e-1,1.527e-1,2.738e-17,,7.987e-17,,,2.489e-2,,,3.359e-19,,1.124e-18,,7.592e-19,,1.561e-5,,1.207e-17,,1.997e+1,1.853e-16
500.14,5.679e+2,1.346e-20,9.426e-15,1.002e-43,1.073e-6,,,1.203e-18,6.028e-22,,2.875e-15,1.540e-18,2.017e-25,9.971e-18,2.583e-19,9.068e-32,1.249e-20,2.309e-7,,9.347e-19,2.432e-1,2.572e-20,3.339e+2,,9.298e-23,1.749e-19,,7.778e-19,1.096e-21,1.094e+2,2.578e+0,6.898e-29,1.198e-19,3.200e-22,2.255e-19,1.515e-16,3.034e+0,9.844e+1,1.610e-1,1.792e-1,4.512e-17,,1.299e-16,,,2.979e-2,,,3.363e-19,,1.125e-18,,7.592e-19,,1.220e-5,,1.207e-17,,1.991e+1,1.853e-16
500.16,5.643e+2,1.344e-20,7.624e-15,1.002e-43,8.045e-7,,,1.203e-18,6.031e-22,,2.874e-15,1.538e-18,2.024e-25,9.970e-18,2.585e-19,9.052e-32,1.248e-20,2.458e-7,,9.347e-19,2.432e-1,2.879e-20,3.307e+2,,5.816e-23,1.747e-19,,7.771e-19,1.096e-21,1.121e+2,2.620e+0,6.899e-29,1.198e-19,3.199e-22,2.272e-19,1.514e-16,3.030e+0,9.540e+1,1.808e-1,2.097e-1,7.414e-17,,2.106e-16,,,3.554e-2,,,3.368e-19,,1.125e-18,,7.591e-19,,9.525e-6,,1.206e-17,,1.979e+1,1.853e-16
500.19,5.577e+2,1.340e-20,5.513e-15,1.001e-43,5.191e-7,,,1.204e-18,6.036e-22,,2.874e-15,1.533e-18,2.033e-25,9.970e-18,2.588e-19,9.030e-32,1.246e-20,2.685e-7,,9.347e-19,2.418e-1,3.391e-20,3.256e+2,,2.861e-23,1.745e-19,,7.761e-19,1.097e-21,1.157e+2,2.670e+0,6.899e-29,1.199e-19,3.199e-22,2.297e-19,1.514e-16,3.011e+0,9.052e+1,2.139e-1,2.638e-1,1.553e-16,,4.322e-16,,,4.606e-2,,,3.374e-19,,1.125e-18,,7.591e-19,,6.584e-6,,1.206e-17,,1.950e+1,1.853e-16
500.21,5.526e+2,1.337e-20,4.425e-15,1.000e-43,3.861e-7,,,1.205e-18,6.039e-22,,2.874e-15,1.531e-18,2.039e-25,9.970e-18,2.589e-19,9.014e-32,1.244e-20,2.836e-7,,9.347e-19,2.400e-1,3.767e-20,3.220e+2,,1.776e-23,1.743e-19,,7.755e-19,1.097e-21,1.178e+2,2.694e+0,6.900e-29,1.199e-19,3.198e-22,2.314e-19,1.514e-16,2.989e+0,8.707e+1,2.384e-1,3.063e-1,2.533e-16,,6.955e-16,,,5.453e-2,,,3.378e-19,,1.125e-18,,7.590e-19,,5.176e-6,,1.205e-17,,1.923e+1,1.854e-16
500.24,5.442e+2,1.334e-20,3.163e-15,9.992e-44,2.463e-7,,,1.205e-18,6.043e-22,,2.873e-15,1.526e-18,2.048e-25,9.970e-18,2.592e-19,8.991e-32,1.242e-20,3.062e-7,,9.347e-19,2.359e-1,4.386e-20,3.166e+2,,8.636e-24,1.740e-19,,7.745e-19,1.098e-21,1.206e+2,2.717e+0,6.900e-29,1.199e-19,3.197e-22,2.340e-19,1.513e-16,2.941e+0,8.169e+1,2.788e-1,3.809e-1,5.245e-16,,1.412e-15,,,6.987e-2,,,3.384e-19,,1.125e-18,,7.589e-19,,3.688e-6,,1.205e-17,,1.873e+1,1.854e-16
500.26,5.382e+2,1.331e-20,2.519e-15,9.986e-44,1.818e-7,,,1.206e-18,6.046e-22,,2.873e-15,1.524e-18,2.055e-25,9.970e-18,2.594e-19,8.976e-32,1.241e-20,3.211e-7,,9.347e-19,2.323e-1,4.835e-20,3.130e+2,,5.319e-24,1.738e-19,,7.738e-19,1.098e-21,1.222e+2,2.724e+0,6.900e-29,1.199e-19,3.197e-22,2.357e-19,1.513e-16,2.900e+0,7.800e+1,3.084e-1,4.389e-1,8.489e-16,,2.254e-15,,,8.210e-2,,,3.388e-19,,1.125e-18,,7.589e-19,,3.026e-6,,1.204e-17,,1.833e+1,1.854e-16
500.29,5.286e+2,1.328e-20,1.780e-15,9.977e-44,1.146e-7,,,1.207e-18,6.050e-22,,2.872e-15,1.519e-18,2.064e-25,9.970e-18,2.596e-19,8.953e-32,1.239e-20,3.427e-7,,9.347e-19,2.257e-1,5.566e-20,3.077e+2,,2.557e-24,1.736e-19,,7.728e-19,1.098e-21,1.241e+2,2.719e+0,6.901e-29,1.199e-19,3.196e-22,2.382e-19,1.513e-16,2.826e+0,7.235e+1,3.566e-1,5.397e-1,1.738e-15,,4.524e-15,,,1.040e-1,,,3.394e-19,,1.126e-18,,7.588e-19,,2.425e-6,,1.204e-17,,1.765e+1,1.854e-16
500.31,5.219e+2,1.325e-20,1.407e-15,9.971e-44,8.398e-8,,,1.207e-18,6.053e-22,,2.872e-15,1.517e-18,2.070e-25,9.969e-18,2.598e-19,8.938e-32,1.238e-20,3.566e-7,,9.347e-19,2.206e-1,6.090e-20,3.043e+2,,1.563e-24,1.734e-19,,7.722e-19,1.099e-21,1.251e+2,2.707e+0,6.901e-29,1.200e-19,3.195e-22,2.399e-19,1.512e-16,2.768e+0,6.856e+1,3.913e-1,6.171e-1,2.792e-15,,7.170e-15,,,1.213e-1,,,3.398e-19,,1.126e-18,,7.588e-19,,2.249e-6,,1.204e-17,,1.715e+1,1.855e-16
500.34,5.116e+2,1.322e-20,9.829e-16,9.962e-44,5.234e-8,,,1.208e-18,6.058e-22,,2.872e-15,1.512e-18,2.080e-25,9.969e-18,2.601e-19,8.915e-32,1.236e-20,3.763e-7,,9.347e-19,2.119e-1,6.930e-20,2.994e+2,,7.424e-25,1.731e-19,,7.712e-19,1.099e-21,1.261e+2,2.675e+0,6.902e-29,1.200e-19,3.195e-22,2.425e-19,1.512e-16,2.669e+0,6.288e+1,4.473e-1,7.503e-1,5.653e-15,,1.423e-14,,,1.519e-1,,,3.404e-19,,1.126e-18,,7.587e-19,,2.293e-6,,1.203e-17,,1.632e+1,1.855e-16
500.36,5.047e+2,1.319e-20,7.708e-16,9.956e-44,3.805e-8,,,1.209e-18,6.061e-22,,2.871e-15,1.510e-18,2.086e-25,9.969e-18,2.602e-19,8.900e-32,1.235e-20,3.886e-7,,9.348e-19,2.056e-1,7.525e-20,2.965e+2,,4.502e-25,1.729e-19,,7.705e-19,1.100e-21,1.264e+2,2.645e+0,6.902e-29,1.200e-19,3.194e-22,2.441e-19,1.512e-16,2.596e+0,5.914e+1,4.872e-1,8.514e-1,9.012e-15,,2.238e-14,,,1.758e-1,,,3.408e-19,,1.126e-18,,7.586e-19,,2.529e-6,,1.203e-17,,1.573e+1,1.855e-16
500.39,4.944e+2,1.315e-20,5.323e-16,9.947e-44,2.344e-8,,,1.209e-18,6.065e-22,,2.871e-15,1.505e-18,2.095e-25,9.969e-18,2.605e-19,8.877e-32,1.233e-20,4.054e-7,,9.348e-19,1.952e-1,8.465e-20,2.924e+2,,2.114e-25,1.727e-19,,7.695e-19,1.100e-21,1.265e+2,2.588e+0,6.903e-29,1.200e-19,3.193e-22,2.467e-19,1.511e-16,2.476e+0,5.362e+1,5.506e-1,1.023e+0,1.804e-14,,4.391e-14,,,2.176e-1,,,3.414e-19,,1.126e-18,,7.586e-19,,3.223e-6,,1.202e-17,,1.480e+1,1.856e-16
500.41,4.875e+2,1.313e-20,4.143e-16,9.941e-44,1.691e-8,,,1.210e-18,6.068e-22,,2.871e-15,1.503e-18,2.101e-25,9.969e-18,2.607e-19,8.862e-32,1.231e-20,4.155e-7,,9.348e-19,1.879e-1,9.122e-20,2.900e+2,,1.272e-25,1.725e-19,,7.689e-19,1.100e-21,1.262e+2,2.542e+0,6.903e-29,1.200e-19,3.193e-22,2.484e-19,1.511e-16,2.391e+0,5.005e+1,5.952e-1,1.152e+0,2.854e-14,,6.855e-14,,,2.499e-1,,,3.418e-19,,1.126e-18,,7.585e-19,,3.951e-6,,1.202e-17,,1.416e+1,1.856e-16
500.44,4.774e+2,1.309e-20,2.828e-16,9.932e-44,1.030e-8,,,1.211e-18,6.073e-22,,2.870e-15,1.498e-18,2.111e-25,9.969e-18,2.609e-19,8.839e-32,1.229e-20,4.285e-7,,9.348e-19,1.764e-1,1.015e-19,2.868e+2,,5.906e-26,1.722e-19,,7.679e-19,1.101e-21,1.254e+2,2.463e+0,6.904e-29,1.200e-19,3.192e-22,2.509e-19,1.510e-16,2.257e+0,4.487e+1,6.650e-1,1.369e+0,5.649e-14,,1.330e-13,,,3.059e-1,,,3.424e-19,,1.127e-18,,7.584e-19,,5.543e-6,,1.201e-17,,1.317e+1,1.856e-16
500.46,4.709e+2,1.307e-20,2.184e-16,9.926e-44,7.372e-9,,,1.211e-18,6.075e-22,,2.870e-15,1.496e-18,2.117e-25,9.969e-18,2.611e-19,8.824e-32,1.228e-20,4.358e-7,,9.348e-19,1.685e-1,1.085e-19,2.850e+2,,5.883e-26,1.721e-19,,7.672e-19,1.101e-21,1.245e+2,2.404e+0,6.904e-29,1.201e-19,3.191e-22,2.526e-19,1.510e-16,2.163e+0,4.156e+1,7.133e-1,1.530e+0,8.872e-14,,2.060e-13,,,3.487e-1,,,3.429e-19,,1.127e-18,,7.584e-19,,7.022e-6,,1.201e-17,,1.251e+1,1.856e-16
500.49,4.614e+2,1.303e-20,1.474e-16,9.917e-44,4.438e-9,,,1.212e-18,6.080e-22,,2.869e-15,1.492e-18,2.126e-25,9.968e-18,2.613e-19,8.801e-32,1.226e-20,4.443e-7,,9.348e-19,1.564e-1,1.193e-19,2.828e+2,,5.848e-26,1.718e-19,,7.662e-19,1.102e-21,1.228e+2,2.306e+0,6.905e-29,1.201e-19,3.191e-22,2.552e-19,1.510e-16,2.019e+0,3.683e+1,7.879e-1,1.798e+0,1.736e-13,,3.951e-13,,,4.220e-1,,,3.435e-19,,1.127e-18,,7.583e-19,,1.007e-5,,1.200e-17,,1.150e+1,1.857e-16
500.51,4.553e+2,1.301e-20,1.130e-16,9.911e-44,3.152e-9,,,1.213e-18,6.083e-22,,2.869e-15,1.489e-18,2.133e-25,9.968e-18,2.615e-19,8.785e-32,1.225e-20,4.484e-7,,9.348e-19,1.483e-1,1.266e-19,2.816e+2,,5.824e-26,1.716e-19,,7.656e-19,1.102e-21,1.214e+2,2.236e+0,6.905e-29,1.201e-19,3.190e-22,2.569e-19,1.509e-16,1.921e+0,3.386e+1,8.387e-1,1.994e+0,2.706e-13,,6.076e-13,,,4.774e-1,,,3.439e-19,,1.127e-18,,7.583e-19,,1.280e-5,,1.200e-17,,1.084e+1,1.857e-16
500.53,4.494e+2,1.298e-20,8.636e-17,9.905e-44,2.232e-9,,,1.213e-18,6.086e-22,,2.869e-15,1.486e-18,2.139e-25,9.968e-18,2.617e-19,8.770e-32,1.224e-20,4.512e-7,,9.348e-19,1.402e-1,1.340e-19,2.807e+2,,5.801e-26,1.714e-19,,7.649e-19,1.102e-21,1.197e+2,2.163e+0,6.906e-29,1.201e-19,3.190e-22,2.585e-19,1.509e-16,1.823e+0,3.103e+1,8.901e-1,2.205e+0,4.205e-13,,9.316e-13,,,5.384e-1,,,3.443e-19,,1.127e-18,,7.582e-19,,1.626e-5,,1.200e-17,,1.018e+1,1.857e-16
500.56,4.410e+2,1.295e-20,5.742e-17,9.896e-44,1.322e-9,,,1.214e-18,6.090e-22,,2.868e-15,1.482e-18,2.148e-25,9.968e-18,2.620e-19,8.747e-32,1.222e-20,4.527e-7,,9.348e-19,1.281e-1,1.450e-19,2.798e+2,,5.766e-26,1.712e-19,,7.639e-19,1.103e-21,1.170e+2,2.048e+0,6.906e-29,1.201e-19,3.189e-22,2.611e-19,1.509e-16,1.675e+0,2.706e+1,9.676e-1,2.549e+0,8.099e-13,,1.759e-12,,,6.411e-1,,,3.449e-19,,1.127e-18,,7.581e-19,,2.318e-5,,1.199e-17,,9.210e+0,1.857e-16
500.58,4.357e+2,2.142e-20,4.361e-17,9.890e-44,9.292e-10,,,1.214e-18,6.093e-22,,2.868e-15,1.479e-18,2.154e-25,9.968e-18,2.621e-19,8.732e-32,1.220e-20,4.520e-7,,9.348e-19,1.202e-1,1.522e-19,2.794e+2,,5.743e-26,1.710e-19,,7.633e-19,1.103e-21,1.149e+2,1.968e+0,6.906e-29,1.201e-19,3.188e-22,2.628e-19,1.508e-16,1.577e+0,2.461e+1,1.019e+0,2.798e+0,1.249e-12,,2.676e-12,,,7.176e-1,,,3.453e-19,,1.127e-18,,7.581e-19,,2.926e-5,,1.199e-17,,8.585e+0,1.858e-16
500.61,4.282e+2,4.530e-20,2.882e-17,9.880e-44,5.441e-10,,,1.215e-18,6.098e-22,,2.868e-15,1.475e-18,2.164e-25,9.968e-18,2.624e-19,8.709e-32,1.218e-20,4.484e-7,,9.348e-19,1.086e-1,1.628e-19,2.792e+2,,5.708e-26,1.707e-19,,7.623e-19,1.103e-21,1.115e+2,1.846e+0,6.907e-29,1.202e-19,3.187e-22,2.653e-19,1.508e-16,1.433e+0,2.122e+1,1.095e+0,3.198e+0,2.379e-12,,4.995e-12,,,8.449e-1,,,3.459e-19,,1.128e-18,,7.580e-19,,4.130e-5,,1.198e-17,,7.680e+0,1.858e-16
500.63,4.234e+2,7.437e-20,2.190e-17,9.874e-44,3.794e-10,,,1.216e-18,6.101e-22,,2.867e-15,1.472e-18,2.170e-25,9.967e-18,2.626e-19,8.694e-32,1.217e-20,4.443e-7,,9.348e-19,1.012e-1,1.697e-19,2.794e+2,,5.684e-26,1.705e-19,,7.616e-19,1.104e-21,1.091e+2,1.764e+0,6.907e-29,1.202e-19,3.187e-22,2.670e-19,1.508e-16,1.339e+0,1.915e+1,1.145e+0,3.483e+0,3.641e-12,,7.543e-12,,,9.385e-1,,,3.463e-19,,1.128e-18,,7.579e-19,,5.177e-5,,1.198e-17,,7.104e+0,1.858e-16
500.66,4.168e+2,1.556e-19,1.471e-17,9.865e-44,2.196e-10,,,1.217e-18,6.105e-22,,2.867e-15,1.468e-18,2.179e-25,9.967e-18,2.628e-19,8.671e-32,1.215e-20,4.358e-7,,9.349e-19,9.045e-2,1.795e-19,2.799e+2,,5.649e-26,1.703e-19,,7.606e-19,1.104e-21,1.052e+2,1.640e+0,6.908e-29,1.202e-19,3.186e-22,2.696e-19,1.507e-16,1.203e+0,1.633e+1,1.216e+0,3.936e+0,6.856e-12,,1.392e-11,,,1.092e+0,,,3.469e-19,,1.128e-18,,7.579e-19,,7.225e-5,,1.197e-17,,6.283e+0,1.859e-16
500.68,4.127e+2,2.535e-19,1.155e-17,9.859e-44,1.520e-10,,,1.217e-18,6.108e-22,,2.867e-15,1.465e-18,2.186e-25,9.967e-18,2.630e-19,8.656e-32,1.214e-20,4.285e-7,,9.349e-19,8.368e-2,1.856e-19,2.804e+2,,5.626e-26,1.701e-19,,7.600e-19,1.105e-21,1.025e+2,1.558e+0,6.908e-29,1.202e-19,3.186e-22,2.713e-19,1.507e-16,1.116e+0,1.462e+1,1.262e+0,4.254e+0,1.042e-11,,2.086e-11,,,1.204e+0,,,3.473e-19,,1.128e-18,,7.578e-19,,8.989e-5,,1.197e-17,,5.768e+0,1.859e-16
500.71,4.070e+2,5.242e-19,8.716e-18,9.850e-44,8.696e-11,,,1.218e-18,6.112e-22,,2.866e-15,1.461e-18,2.195e-25,9.967e-18,2.632e-19,8.633e-32,1.212e-20,4.155e-7,,9.349e-19,7.410e-2,1.941e-19,2.814e+2,,5.591e-26,1.698e-19,,7.590e-19,1.105e-21,9.829e+1,1.437e+0,6.909e-29,1.202e-19,3.185e-22,2.738e-19,1.507e-16,9.914e-1,1.232e+1,1.325e+0,4.752e+0,1.939e-11,,3.807e-11,,,1.386e+0,,,3.479e-19,,1.128e-18,,7.577e-19,,1.240e-4,,1.196e-17,,5.043e+0,1.859e-16
500.73,4.036e+2,8.477e-19,7.924e-18,9.844e-44,5.971e-11,,,1.218e-18,6.115e-22,,2.866e-15,1.458e-18,2.201e-25,9.967e-18,2.634e-19,8.618e-32,1.211e-20,4.054e-7,,9.349e-19,6.814e-2,1.991e-19,2.823e+2,,5.568e-26,1.696e-19,,7.583e-19,1.105e-21,9.543e+1,1.358e+0,6.909e-29,1.202e-19,3.184e-22,2.755e-19,1.506e-16,9.126e-1,1.095e+1,1.364e+0,5.098e+0,2.924e-11,,5.663e-11,,,1.516e+0,,,3.483e-19,,1.128e-18,,7.577e-19,,1.532e-4,,1.196e-17,,4.594e+0,1.859e-16
500.76,3.988e+2,1.733e-18,8.350e-18,9.835e-44,3.377e-11,,,1.219e-18,6.120e-22,,2.866e-15,1.454e-18,2.211e-25,9.967e-18,5.619e-19,8.595e-32,1.209e-20,3.886e-7,,9.349e-19,5.987e-2,2.059e-19,2.838e+2,,5.533e-26,1.694e-19,,7.573e-19,1.106e-21,9.109e+1,1.243e+0,6.910e-29,1.203e-19,3.184e-22,2.780e-19,1.506e-16,8.015e-1,9.125e+0,1.417e+0,5.631e+0,5.382e-11,,1.022e-10,,,1.725e+0,,,3.490e-19,,1.129e-18,,7.576e-19,,2.090e-4,,1.195e-17,,3.971e+0,1.860e-16
500.78,3.960e+2,2.787e-18,9.847e-18,9.829e-44,2.301e-11,,,1.220e-18,6.123e-22,,2.865e-15,1.451e-18,2.217e-25,9.966e-18,9.277e-19,8.579e-32,1.207e-20,3.763e-7,,9.349e-19,5.481e-2,2.097e-19,2.849e+2,,5.509e-26,1.692e-19,,7.567e-19,1.106e-21,8.819e+1,1.169e+0,6.910e-29,1.203e-19,3.183e-22,2.797e-19,1.506e-16,7.322e-1,8.049e+0,1.447e+0,5.994e+0,8.054e-11,,1.508e-10,,,1.873e+0,,,3.494e-19,,1.129e-18,,7.576e-19,,2.561e-4,,1.195e-17,,3.590e+0,1.860e-16
500.81,3.923e+2,5.640e-18,1.448e-17,9.820e-44,1.287e-11,,,1.221e-18,6.127e-22,,2.865e-15,1.447e-18,2.226e-25,9.966e-18,1.957e-18,8.557e-32,1.205e-20,3.566e-7,,9.349e-19,4.794e-2,2.143e-19,2.869e+2,,5.474e-26,1.689e-19,,7.557e-19,1.107e-21,8.386e+1,1.062e+0,6.911e-29,1.203e-19,3.182e-22,2.823e-19,1.505e-16,6.358e-1,6.629e+0,1.486e+0,6.546e+0,1.466e-10,,2.691e-10,,,2.107e+0,,,3.500e-19,,1.129e-18,,7.575e-19,,3.455e-4,,1.194e-17,,3.068e+0,1.860e-16
500.83,3.902e+2,8.986e-18,1.977e-17,9.814e-44,8.699e-12,,,1.221e-18,6.130e-22,,2.865e-15,1.444e-18,2.232e-25,9.966e-18,3.207e-18,8.541e-32,1.204e-20,3.427e-7,,1.546e-18,4.384e-2,2.166e-19,2.884e+2,,5.451e-26,1.687e-19,,7.550e-19,1.107e-21,8.102e+1,9.945e-1,6.911e-29,1.203e-19,3.182e-22,2.840e-19,1.505e-16,5.764e-1,5.803e+0,1.506e+0,6.916e+0,2.177e-10,,3.942e-10,,,2.271e+0,,,3.504e-19,,1.129e-18,,7.574e-19,,4.202e-4,,1.194e-17,,2.752e+0,1.861e-16
500.86,3.877e+2,1.797e-17,3.264e-17,9.805e-44,4.808e-12,,,1.222e-18,6.134e-22,,2.864e-15,1.440e-18,2.242e-25,9.966e-18,6.688e-18,8.518e-32,1.202e-20,3.211e-7,,3.267e-18,3.841e-2,2.188e-19,2.908e+2,,5.416e-26,1.685e-19,,7.540e-19,1.107e-21,7.686e+1,8.988e-1,6.912e-29,1.203e-19,3.181e-22,2.865e-19,1.504e-16,4.948e-1,4.725e+0,1.529e+0,7.467e+0,3.918e-10,,6.953e-10,,,2.526e+0,,,3.510e-19,,1.129e-18,,7.574e-19,,5.604e-4,,1.194e-17,,2.325e+0,1.861e-16
500.88,3.863e+2,2.841e-17,4.602e-17,9.799e-44,3.226e-12,,,1.222e-18,6.137e-22,,2.864e-15,1.437e-18,2.248e-25,9.966e-18,1.088e-17,8.503e-32,1.201e-20,3.062e-7,,5.361e-18,3.529e-2,2.195e-19,2.926e+2,,5.393e-26,1.683e-19,,7.534e-19,1.108e-21,7.418e+1,8.390e-1,6.912e-29,1.203e-19,3.180e-22,2.882e-19,1.504e-16,4.452e-1,4.104e+0,1.538e+0,7.829e+0,5.775e-10,,1.011e-9,,,2.701e+0,,,3.514e-19,,1.129e-18,,7.573e-19,,6.765e-4,,1.193e-17,,2.070e+0,1.861e-16
500.9,3.853e+2,4.478e-17,6.501e-17,9.793e-44,2.158e-12,,,1.223e-18,6.140e-22,,2.864e-15,1.434e-18,2.254e-25,9.966e-18,1.763e-17,8.488e-32,1.200e-20,2.912e-7,,8.770e-18,3.255e-2,2.195e-19,2.945e+2,,5.369e-26,1.681e-19,,7.527e-19,1.108e-21,7.159e+1,7.824e-1,6.912e-29,1.204e-19,3.180e-22,2.899e-19,1.504e-16,3.994e-1,3.554e+0,1.543e+0,8.184e+0,8.486e-10,,1.466e-9,,,2.880e+0,,,3.518e-19,,1.130e-18,,7.573e-19,,8.140e-4,,1.193e-17,,1.837e+0,1.861e-16
500.93,3.844e+2,8.814e-17,1.090e-16,9.784e-44,1.173e-12,,,1.224e-18,6.145e-22,,2.863e-15,1.430e-18,2.264e-25,9.966e-18,3.620e-17,8.465e-32,1.198e-20,2.685e-7,,1.825e-17,2.918e-2,2.182e-19,2.977e+2,,5.334e-26,1.679e-19,,7.517e-19,1.108e-21,6.789e+1,7.037e-1,6.913e-29,1.204e-19,3.179e-22,2.924e-19,1.503e-16,3.374e-1,2.848e+0,1.541e+0,8.698e+0,1.503e-9,,2.545e-9,,,3.153e+0,,,7.484e-19,,1.130e-18,,7.572e-19,,1.069e-3,,1.192e-17,,1.527e+0,1.862e-16
500.95,3.842e+2,1.379e-16,1.535e-16,9.778e-44,7.789e-13,,,1.224e-18,6.148e-22,,2.863e-15,1.427e-18,2.270e-25,9.965e-18,5.826e-17,8.450e-32,1.196e-20,2.533e-7,,2.963e-17,2.742e-2,2.166e-19,2.999e+2,,5.311e-26,1.677e-19,,7.511e-19,1.109e-21,6.557e+1,6.554e-1,6.913e-29,1.204e-19,3.179e-22,2.941e-19,1.503e-16,3.003e-1,2.447e+0,1.534e+0,9.024e+0,2.192e-9,,3.662e-9,,,3.336e+0,,,1.233e-18,,1.130e-18,,7.571e-19,,1.276e-3,,1.192e-17,,1.345e+0,1.862e-16
500.98,3.844e+2,2.684e-16,2.551e-16,9.769e-44,4.187e-13,,,1.225e-18,6.152e-22,,2.862e-15,1.423e-18,2.279e-25,9.965e-18,1.183e-16,8.427e-32,1.194e-20,2.309e-7,,6.095e-17,2.552e-2,2.129e-19,3.036e+2,,5.276e-26,1.674e-19,,7.501e-19,1.109e-21,6.232e+1,5.893e-1,6.914e-29,1.204e-19,3.178e-22,2.967e-19,1.503e-16,2.508e-1,1.938e+0,1.515e+0,9.483e+0,3.839e-9,,6.286e-9,,,3.611e+0,,,2.595e-18,,1.130e-18,,7.571e-19,,1.656e-3,,1.191e-17,,1.105e+0,1.862e-16
501,3.850e+2,4.167e-16,3.567e-16,9.763e-44,2.758e-13,,,1.226e-18,6.155e-22,,2.862e-15,1.420e-18,2.285e-25,9.965e-18,1.889e-16,8.412e-32,1.193e-20,2.162e-7,,9.822e-17,2.475e-2,2.097e-19,3.062e+2,,5.253e-26,1.672e-19,,7.494e-19,1.110e-21,6.032e+1,5.493e-1,6.914e-29,1.204e-19,3.177e-22,2.984e-19,1.502e-16,2.216e-1,1.653e+0,1.497e+0,9.766e+0,5.558e-9,,8.977e-9,,,3.793e+0,,,4.244e-18,,1.130e-18,,7.570e-19,,1.963e-3,,1.191e-17,,9.662e-1,1.862e-16
501.03,3.865e+2,8.019e-16,5.866e-16,9.754e-44,1.466e-13,,,1.227e-18,6.159e-22,,2.862e-15,1.416e-18,2.295e-25,9.965e-18,3.791e-16,8.389e-32,1.191e-20,1.948e-7,,1.998e-16,2.434e-2,2.038e-19,3.104e+2,,5.218e-26,1.670e-19,,7.484e-19,1.110e-21,5.760e+1,4.954e-1,6.915e-29,1.205e-19,3.176e-22,3.009e-19,1.502e-16,1.830e-1,1.295e+0,1.461e+0,1.015e+1,9.624e-9,,1.523e-8,,,4.060e+0,,,8.827e-18,,1.130e-18,,7.569e-19,,2.518e-3,,1.190e-17,,7.850e-1,1.863e-16
501.05,3.878e+2,1.236e-15,8.142e-16,9.748e-44,9.579e-14,,,1.227e-18,6.162e-22,,2.861e-15,1.413e-18,2.301e-25,9.965e-18,6.010e-16,8.374e-32,1.190e-20,1.810e-7,,3.195e-16,2.459e-2,1.991e-19,3.133e+2,,5.194e-26,1.668e-19,,7.478e-19,1.110e-21,5.596e+1,4.634e-1,6.915e-29,1.205e-19,3.176e-22,3.026e-19,1.502e-16,1.604e-1,1.096e+0,1.432e+0,1.037e+1,1.383e-8,,2.159e-8,,,4.233e+0,,,1.433e-17,,1.130e-18,,7.569e-19,,2.963e-3,,1.190e-17,,6.809e-1,1.863e-16
501.08,3.902e+2,2.352e-15,1.324e-15,9.739e-44,5.032e-14,,,1.228e-18,6.167e-22,,2.861e-15,1.409e-18,2.310e-25,9.965e-18,1.193e-15,8.351e-32,1.188e-20,1.613e-7,,6.427e-16,2.573e-2,1.913e-19,3.179e+2,,5.159e-26,1.665e-19,,7.468e-19,1.111e-21,5.377e+1,4.210e-1,6.916e-29,1.205e-19,3.175e-22,3.051e-19,1.501e-16,1.309e-1,8.481e-1,1.383e+0,1.066e+1,2.367e-8,,3.623e-8,,,4.481e+0,,,2.947e-17,,1.131e-18,,7.568e-19,,3.758e-3,,1.190e-17,,5.469e-1,1.863e-16
501.1,3.920e+2,3.597e-15,1.824e-15,9.733e-44,3.264e-14,,,1.228e-18,6.170e-22,,2.861e-15,1.407e-18,2.317e-25,9.964e-18,1.876e-15,8.335e-32,1.187e-20,1.487e-7,,1.020e-15,2.703e-2,1.856e-19,3.210e+2,,5.136e-26,1.663e-19,,7.461e-19,1.111e-21,5.249e+1,3.964e-1,6.916e-29,1.205e-19,3.175e-22,3.068e-19,1.501e-16,1.139e-1,7.123e-1,1.345e+0,1.082e+1,3.375e-8,,5.097e-8,,,4.637e+0,,,4.748e-17,,1.131e-18,,7.568e-19,,4.387e-3,,1.189e-17,,4.708e-1,1.864e-16
501.13,3.951e+2,6.767e-15,2.933e-15,9.723e-44,1.695e-14,,,1.229e-18,6.174e-22,,2.860e-15,1.402e-18,2.326e-25,9.964e-18,3.682e-15,8.313e-32,1.185e-20,1.310e-7,,2.029e-15,2.981e-2,1.763e-19,3.257e+2,,5.101e-26,1.661e-19,,7.451e-19,1.112e-21,5.084e+1,3.644e-1,6.917e-29,1.205e-19,3.174e-22,3.094e-19,1.501e-16,9.193e-2,5.451e-1,1.283e+0,1.100e+1,5.714e-8,,8.456e-8,,,4.855e+0,,,9.655e-17,,1.131e-18,,7.567e-19,,5.502e-3,,1.189e-17,,3.738e-1,1.864e-16
501.15,3.974e+2,1.027e-14,4.010e-15,9.717e-44,1.091e-14,,,1.230e-18,6.177e-22,,2.860e-15,1.400e-18,2.332e-25,9.964e-18,5.750e-15,8.297e-32,1.183e-20,1.199e-7,,3.197e-15,3.224e-2,1.697e-19,3.289e+2,,5.078e-26,1.659e-19,,7.445e-19,1.112e-21,4.990e+1,3.463e-1,6.917e-29,1.205e-19,3.173e-22,3.111e-19,1.500e-16,7.937e-2,4.544e-1,1.239e+0,1.108e+1,8.086e-8,,1.181e-7,,,4.988e+0,,,1.544e-16,,1.131e-18,,7.566e-19,,6.375e-3,,1.188e-17,,3.193e-1,1.864e-16
501.18,4.008e+2,1.911e-14,6.374e-15,9.708e-44,5.599e-15,,,1.231e-18,6.182e-22,,2.860e-15,1.395e-18,2.341e-25,9.964e-18,1.116e-14,8.274e-32,1.181e-20,1.044e-7,,6.286e-15,3.677e-2,1.593e-19,3.336e+2,,5.043e-26,1.656e-19,,7.435e-19,1.112e-21,4.872e+1,3.237e-1,6.918e-29,1.206e-19,3.172e-22,3.136e-19,1.500e-16,6.332e-2,3.438e-1,1.169e+0,1.115e+1,1.353e-7,,1.937e-7,,,5.166e+0,,,3.105e-16,,1.131e-18,,7.566e-19,,7.905e-3,,1.188e-17,,2.507e-1,1.865e-16
501.2,4.031e+2,2.880e-14,8.649e-15,9.702e-44,3.576e-15,,,1.231e-18,6.184e-22,,2.859e-15,1.393e-18,2.348e-25,9.964e-18,1.729e-14,8.259e-32,1.180e-20,9.479e-8,,9.829e-15,4.041e-2,1.522e-19,3.366e+2,,5.019e-26,1.654e-19,,7.428e-19,1.113e-21,4.808e+1,3.113e-1,6.918e-29,1.206e-19,3.172e-22,3.153e-19,1.500e-16,5.426e-2,2.843e-1,1.120e+0,1.116e+1,1.901e-7,,2.684e-7,,,5.270e+0,,,4.927e-16,,1.131e-18,,7.565e-19,,9.089e-3,,1.187e-17,,2.125e-1,1.865e-16
501.23,4.064e+2,5.297e-14,1.360e-14,9.693e-44,1.814e-15,,,1.232e-18,6.189e-22,,2.859e-15,1.388e-18,2.357e-25,9.964e-18,3.317e-14,8.236e-32,1.178e-20,8.159e-8,,1.911e-14,4.684e-2,1.413e-19,3.408e+2,,4.984e-26,1.652e-19,,7.418e-19,1.113e-21,4.731e+1,2.966e-1,6.919e-29,1.206e-19,3.171e-22,3.178e-19,1.499e-16,4.279e-2,2.127e-1,1.045e+0,1.112e+1,3.146e-7,,4.353e-7,,,5.402e+0,,,9.796e-16,,1.132e-18,,7.564e-19,,1.114e-2,,1.187e-17,,1.649e-1,1.865e-16
501.25,4.085e+2,7.923e-14,1.831e-14,9.687e-44,1.150e-15,,,1.232e-18,6.192e-22,,2.859e-15,1.386e-18,2.363e-25,9.963e-18,5.102e-14,8.221e-32,1.177e-20,7.354e-8,,2.966e-14,5.179e-2,1.340e-19,3.434e+2,,4.961e-26,1.650e-19,,7.412e-19,1.113e-21,4.690e+1,2.892e-1,6.919e-29,1.206e-19,3.171e-22,3.195e-19,1.499e-16,3.639e-2,1.745e-1,9.934e-1,1.105e+1,4.385e-7,,5.986e-7,,,5.472e+0,,,1.543e-15,,1.132e-18,,7.564e-19,,1.272e-2,,1.186e-17,,1.387e-1,1.865e-16
501.27,4.104e+2,1.181e-13,2.458e-14,9.681e-44,7.264e-16,,,1.233e-18,6.195e-22,,2.858e-15,1.383e-18,2.369e-25,9.963e-18,7.824e-14,8.206e-32,1.176e-20,6.609e-8,,4.589e-14,5.729e-2,1.266e-19,3.457e+2,,4.937e-26,1.648e-19,,7.405e-19,1.114e-21,4.658e+1,2.834e-1,6.919e-29,1.206e-19,3.170e-22,3.212e-19,1.499e-16,3.085e-2,1.428e-1,9.418e-1,1.096e+1,6.094e-7,,8.207e-7,,,5.529e+0,,,2.423e-15,,1.132e-18,,7.563e-19,,1.447e-2,,1.186e-17,,1.164e-1,1.866e-16
501.3,4.127e+2,2.139e-13,3.803e-14,9.672e-44,3.627e-16,,,1.234e-18,6.199e-22,,2.858e-15,1.379e-18,2.379e-25,9.963e-18,1.478e-13,8.183e-32,1.174e-20,5.597e-8,,8.784e-14,6.661e-2,1.157e-19,3.487e+2,,4.902e-26,1.645e-19,,7.395e-19,1.114e-21,4.620e+1,2.777e-1,6.920e-29,1.206e-19,3.169e-22,3.238e-19,1.498e-16,2.394e-2,1.051e-1,8.644e-1,1.078e+1,9.927e-7,,1.310e-6,,,5.588e+0,,,4.743e-15,,1.132e-18,,7.563e-19,,1.746e-2,,1.186e-17,,8.886e-2,1.866e-16
501.32,4.139e+2,3.166e-13,5.069e-14,9.666e-44,2.274e-16,,,1.234e-18,6.202e-22,,2.858e-15,1.376e-18,2.385e-25,9.963e-18,2.249e-13,8.168e-32,1.172e-20,4.992e-8,,1.349e-13,7.354e-2,1.085e-19,3.503e+2,,4.879e-26,1.644e-19,,7.389e-19,1.114e-21,4.602e+1,2.757e-1,6.920e-29,1.207e-19,3.169e-22,3.255e-19,1.498e-16,2.014e-2,8.537e-2,8.132e-1,1.063e+1,1.369e-6,,1.783e-6,,,5.610e+0,,,7.393e-15,,1.132e-18,,7.562e-19,,1.971e-2,,1.185e-17,,7.396e-2,1.866e-16
501.35,4.151e+2,5.667e-13,7.753e-14,9.657e-44,1.122e-16,,,1.235e-18,6.207e-22,,2.857e-15,1.372e-18,2.394e-25,9.963e-18,4.199e-13,8.145e-32,1.170e-20,4.180e-8,,2.553e-13,8.505e-2,9.800e-20,3.520e+2,,4.844e-26,1.641e-19,,7.379e-19,1.115e-21,4.580e+1,2.751e-1,6.921e-29,1.207e-19,3.168e-22,3.280e-19,1.498e-16,1.545e-2,6.211e-2,7.379e-1,1.037e+1,2.205e-6,,2.814e-6,,,5.618e+0,,,1.431e-14,,1.132e-18,,7.561e-19,,2.351e-2,,1.185e-17,,5.584e-2,1.866e-16
501.37,4.153e+2,8.325e-13,1.025e-13,9.651e-44,6.982e-17,,,1.236e-18,6.210e-22,,2.857e-15,1.369e-18,2.401e-25,9.963e-18,6.343e-13,8.129e-32,1.169e-20,3.699e-8,,3.891e-13,9.346e-2,9.122e-20,3.527e+2,,4.821e-26,1.639e-19,,7.372e-19,1.115e-21,4.568e+1,2.761e-1,6.921e-29,1.207e-19,3.167e-22,3.297e-19,1.497e-16,1.290e-2,5.006e-2,6.890e-1,1.018e+1,3.019e-6,,3.800e-6,,,5.607e+0,,,2.213e-14,,1.133e-18,,7.561e-19,,2.634e-2,,1.184e-17,,4.612e-2,1.867e-16
501.4,4.149e+2,1.474e-12,1.551e-13,9.642e-44,3.406e-17,,,1.236e-18,6.214e-22,,2.856e-15,1.365e-18,2.410e-25,9.963e-18,1.171e-12,8.107e-32,1.167e-20,3.062e-8,,7.280e-13,1.072e-1,8.146e-20,3.528e+2,,4.786e-26,1.637e-19,,7.362e-19,1.116e-21,4.551e+1,2.794e-1,6.922e-29,1.207e-19,3.167e-22,3.323e-19,1.497e-16,9.785e-3,3.601e-2,6.180e-1,9.873e+0,4.807e-6,,5.931e-6,,,5.567e+0,,,4.234e-14,,1.133e-18,,7.560e-19,,3.107e-2,,1.184e-17,,3.442e-2,1.867e-16
501.42,4.140e+2,2.148e-12,2.036e-13,9.636e-44,2.103e-17,,,1.237e-18,6.217e-22,,2.856e-15,1.362e-18,2.416e-25,9.962e-18,1.756e-12,8.091e-32,1.166e-20,2.690e-8,,1.101e-12,1.171e-1,7.525e-20,3.524e+2,,4.762e-26,1.635e-19,,7.356e-19,1.116e-21,4.540e+1,2.828e-1,6.922e-29,1.207e-19,3.166e-22,3.339e-19,1.497e-16,8.107e-3,2.879e-2,5.727e-1,9.659e+0,6.531e-6,,7.950e-6,,,5.527e+0,,,6.502e-14,,1.133e-18,,7.560e-19,,3.455e-2,,1.183e-17,,2.821e-2,1.867e-16
501.45,4.118e+2,3.761e-12,3.045e-13,9.627e-44,1.014e-17,,,1.238e-18,6.221e-22,,2.856e-15,1.358e-18,2.426e-25,9.962e-18,3.205e-12,8.068e-32,1.164e-20,2.201e-8,,2.037e-12,1.329e-1,6.643e-20,3.508e+2,,4.727e-26,1.632e-19,,7.346e-19,1.116e-21,4.520e+1,2.893e-1,6.923e-29,1.207e-19,3.165e-22,3.365e-19,1.496e-16,6.079e-3,2.048e-2,5.079e-1,9.332e+0,1.028e-5,,1.227e-5,,,5.450e+0,,,1.230e-13,,1.133e-18,,7.559e-19,,4.029e-2,,1.183e-17,,2.082e-2,1.868e-16
501.47,4.097e+2,5.442e-12,3.967e-13,9.621e-44,6.213e-18,,,1.238e-18,6.224e-22,,2.855e-15,1.355e-18,2.432e-25,9.962e-18,4.770e-12,8.053e-32,1.163e-20,1.919e-8,,3.059e-12,1.442e-1,6.090e-20,3.492e+2,,4.704e-26,1.630e-19,,7.339e-19,1.117e-21,4.504e+1,2.945e-1,6.923e-29,1.208e-19,3.165e-22,3.382e-19,1.496e-16,4.998e-3,1.625e-2,4.670e-1,9.116e+0,1.387e-5,,1.632e-5,,,5.387e+0,,,1.874e-13,,1.133e-18,,7.558e-19,,4.447e-2,,1.182e-17,,1.693e-2,1.868e-16
501.5,4.056e+2,9.419e-12,5.866e-13,9.612e-44,2.962e-18,,,1.239e-18,6.229e-22,,2.855e-15,1.351e-18,2.441e-25,9.962e-18,8.609e-12,8.030e-32,1.161e-20,1.552e-8,,5.596e-12,1.620e-1,5.315e-20,3.459e+2,,4.669e-26,1.628e-19,,7.329e-19,1.117e-21,4.474e+1,3.035e-1,6.924e-29,1.208e-19,3.164e-22,3.407e-19,1.495e-16,3.705e-3,1.142e-2,4.095e-1,8.802e+0,2.159e-5,,2.490e-5,,,5.282e+0,,,3.507e-13,,1.133e-18,,7.558e-19,,5.127e-2,,1.182e-17,,1.235e-2,1.868e-16
501.52,4.023e+2,1.353e-11,7.584e-13,9.606e-44,1.801e-18,,,1.240e-18,6.232e-22,,2.855e-15,1.348e-18,2.447e-25,9.962e-18,1.271e-11,8.015e-32,1.159e-20,1.343e-8,,8.339e-12,1.745e-1,4.835e-20,3.431e+2,,4.646e-26,1.626e-19,,7.323e-19,1.118e-21,4.450e+1,3.102e-1,6.924e-29,1.208e-19,3.163e-22,3.424e-19,1.495e-16,3.023e-3,8.997e-3,3.737e-1,8.604e+0,2.889e-5,,3.287e-5,,,5.206e+0,,,5.304e-13,,1.134e-18,,7.557e-19,,5.616e-2,,1.182e-17,,9.970e-3,1.868e-16
501.55,3.965e+2,2.315e-11,1.109e-12,9.597e-44,8.485e-19,,,1.240e-18,6.236e-22,,2.854e-15,1.344e-18,2.457e-25,9.962e-18,2.269e-11,7.992e-32,1.157e-20,1.074e-8,,1.508e-11,1.939e-1,4.172e-20,3.381e+2,,4.611e-26,1.623e-19,,7.313e-19,1.118e-21,4.405e+1,3.211e-1,6.925e-29,1.208e-19,3.163e-22,3.450e-19,1.495e-16,2.216e-3,6.252e-3,3.239e-1,8.334e+0,4.447e-5,,4.959e-5,,,5.087e+0,,,9.810e-13,,1.134e-18,,7.556e-19,,6.401e-2,,1.181e-17,,7.190e-3,1.869e-16
501.57,3.920e+2,3.300e-11,1.423e-12,9.591e-44,5.118e-19,,,1.241e-18,6.239e-22,,2.854e-15,1.341e-18,2.463e-25,9.961e-18,3.326e-11,7.977e-32,1.156e-20,9.218e-9,,2.231e-11,2.072e-1,3.767e-20,3.342e+2,,4.587e-26,1.621e-19,,7.306e-19,1.118e-21,4.371e+1,3.290e-1,6.925e-29,1.208e-19,3.162e-22,3.467e-19,1.494e-16,1.794e-3,4.886e-3,2.933e-1,8.176e+0,5.906e-5,,6.498e-5,,,5.006e+0,,,1.473e-12,,1.134e-18,,7.556e-19,,6.958e-2,,1.181e-17,,5.759e-3,1.869e-16
501.6,3.847e+2,5.585e-11,2.057e-12,9.582e-44,2.384e-19,,,1.242e-18,6.243e-22,,2.853e-15,1.337e-18,2.472e-25,9.961e-18,5.870e-11,7.954e-32,1.154e-20,7.290e-9,,3.990e-11,2.277e-1,3.213e-20,3.278e+2,,4.552e-26,1.619e-19,,7.296e-19,1.119e-21,4.311e+1,3.415e-1,6.926e-29,1.208e-19,3.161e-22,3.492e-19,1.494e-16,1.300e-3,3.357e-3,2.514e-1,7.979e+0,8.989e-5,,9.691e-5,,,4.886e+0,,,2.693e-12,,1.134e-18,,7.555e-19,,7.841e-2,,1.180e-17,,4.106e-3,1.869e-16
501.62,3.793e+2,7.901e-11,2.620e-12,9.576e-44,2.362e-19,,,1.242e-18,6.246e-22,,2.853e-15,1.334e-18,2.479e-25,9.961e-18,8.540e-11,7.939e-32,1.153e-20,6.210e-9,,5.857e-11,2.416e-1,2.879e-20,3.231e+2,,4.529e-26,1.617e-19,,7.290e-19,1.119e-21,4.266e+1,3.503e-1,6.926e-29,1.209e-19,3.161e-22,3.509e-19,1.494e-16,1.044e-3,2.604e-3,2.259e-1,7.877e+0,1.185e-4,,1.260e-4,,,4.810e+0,,,4.013e-12,,1.134e-18,,7.555e-19,,8.460e-2,,1.180e-17,,3.264e-3,1.869e-16
501.65,3.709e+2,1.322e-10,3.745e-12,9.566e-44,2.329e-19,,,1.243e-18,6.251e-22,,2.853e-15,1.330e-18,2.488e-25,9.961e-18,1.490e-10,7.916e-32,1.151e-20,4.854e-9,,1.036e-10,2.625e-1,2.428e-20,3.155e+2,,4.494e-26,1.614e-19,,7.280e-19,1.120e-21,4.192e+1,3.641e-1,6.927e-29,1.209e-19,3.160e-22,3.534e-19,1.493e-16,7.481e-4,1.768e-3,1.914e-1,7.775e+0,1.783e-4,,1.859e-4,,,4.705e+0,,,7.257e-12,,1.134e-18,,7.554e-19,,9.425e-2,,1.179e-17,,2.300e-3,1.870e-16
501.67,3.649e+2,1.857e-10,4.735e-12,9.560e-44,2.306e-19,,,1.244e-18,6.254e-22,,2.852e-15,1.327e-18,2.494e-25,9.961e-18,2.151e-10,7.901e-32,1.150e-20,4.104e-9,,1.509e-10,2.764e-1,2.159e-20,3.102e+2,,4.471e-26,1.612e-19,,7.273e-19,1.120e-21,4.138e+1,3.737e-1,6.927e-29,1.209e-19,3.160e-22,3.551e-19,1.493e-16,5.966e-4,1.361e-3,1.707e-1,7.744e+0,2.333e-4,,2.399e-4,,,4.642e+0,,,1.073e-11,,1.135e-18,,7.553e-19,,1.009e-1,,1.179e-17,,1.815e-3,1.870e-16
501.69,3.588e+2,2.600e-10,5.968e-12,9.554e-44,2.284e-19,,,1.244e-18,6.257e-22,,2.852e-15,1.324e-18,2.500e-25,9.961e-18,3.097e-10,7.885e-32,1.148e-20,3.459e-9,,2.192e-10,2.902e-1,1.914e-20,3.048e+2,,4.447e-26,1.611e-19,,7.267e-19,1.120e-21,4.080e+1,3.836e-1,6.927e-29,1.209e-19,3.159e-22,3.568e-19,1.493e-16,4.743e-4,1.044e-3,1.518e-1,7.742e+0,3.043e-4,,3.087e-4,,,4.587e+0,,,1.582e-11,,1.135e-18,,7.553e-19,,1.077e-1,,1.178e-17,,1.427e-3,1.870e-16
501.72,3.495e+2,4.282e-10,8.396e-12,9.545e-44,2.251e-19,,,1.245e-18,6.261e-22,,2.852e-15,1.320e-18,2.510e-25,9.960e-18,5.320e-10,7.862e-32,1.146e-20,2.661e-9,,3.815e-10,3.103e-1,1.588e-20,2.963e+2,,4.412e-26,1.608e-19,,7.257e-19,1.121e-21,3.990e+1,3.989e-1,6.928e-29,1.209e-19,3.158e-22,3.594e-19,1.492e-16,3.343e-4,6.981e-4,1.266e-1,7.799e+0,4.507e-4,,4.481e-4,,,4.520e+0,,,2.816e-11,,1.135e-18,,7.552e-19,,1.181e-1,,1.178e-17,,9.898e-4,1.871e-16
501.74,3.433e+2,5.951e-10,1.050e-11,9.539e-44,2.228e-19,,,1.246e-18,6.264e-22,,2.851e-15,1.317e-18,2.516e-25,9.960e-18,7.600e-10,7.847e-32,1.145e-20,2.226e-9,,5.500e-10,3.233e-1,1.397e-20,2.907e+2,,4.389e-26,1.606e-19,,7.250e-19,1.121e-21,3.927e+1,4.093e-1,6.928e-29,1.209e-19,3.158e-22,3.611e-19,1.492e-16,2.637e-4,5.316e-4,1.117e-1,7.877e+0,5.834e-4,,5.723e-4,,,4.488e+0,,,4.121e-11,,1.135e-18,,7.551e-19,,1.251e-1,,1.177e-17,,7.726e-4,1.871e-16
501.77,3.339e+2,9.693e-10,1.461e-11,9.530e-44,2.195e-19,,,1.246e-18,6.268e-22,,2.851e-15,1.313e-18,2.525e-25,9.960e-18,1.291e-9,7.824e-32,1.143e-20,1.693e-9,,9.467e-10,3.419e-1,1.147e-20,2.821e+2,,4.354e-26,1.603e-19,,7.240e-19,1.121e-21,3.830e+1,4.254e-1,6.929e-29,1.210e-19,3.157e-22,3.636e-19,1.492e-16,1.838e-4,3.512e-4,9.206e-2,8.053e+0,8.544e-4,,8.214e-4,,,4.459e+0,,,7.253e-11,,1.135e-18,,7.551e-19,,1.357e-1,,1.177e-17,,5.297e-4,1.871e-16
501.79,3.278e+2,1.337e-9,1.814e-11,9.524e-44,2.173e-19,,,1.247e-18,6.271e-22,,2.851e-15,1.310e-18,2.532e-25,9.960e-18,1.830e-9,7.809e-32,1.142e-20,1.405e-9,,1.355e-9,3.535e-1,1.001e-20,2.765e+2,,4.331e-26,1.602e-19,,7.234e-19,1.122e-21,3.765e+1,4.364e-1,6.929e-29,1.210e-19,3.156e-22,3.653e-19,1.491e-16,1.439e-4,2.654e-4,8.062e-2,8.210e+0,1.098e-3,,1.041e-3,,,4.453e+0,,,1.053e-10,,1.135e-18,,7.550e-19,,1.426e-1,,1.177e-17,,4.103e-4,1.871e-16
501.82,3.189e+2,2.153e-9,2.496e-11,9.515e-44,2.139e-19,,,1.248e-18,6.276e-22,,2.850e-15,1.306e-18,2.541e-25,9.960e-18,3.073e-9,7.786e-32,1.140e-20,1.056e-9,,2.305e-9,3.695e-1,8.121e-21,2.683e+2,,4.296e-26,1.599e-19,,7.224e-19,1.122e-21,3.665e+1,4.530e-1,6.930e-29,1.210e-19,3.156e-22,3.678e-19,1.491e-16,9.910e-5,1.734e-4,6.570e-2,8.500e+0,1.590e-3,,1.477e-3,,,4.466e+0,,,1.833e-10,,1.136e-18,,7.549e-19,,1.529e-1,,1.176e-17,,2.781e-4,1.872e-16
501.84,3.132e+2,2.948e-9,3.075e-11,9.509e-44,2.117e-19,,,1.248e-18,6.279e-22,,2.850e-15,1.303e-18,2.547e-25,9.960e-18,4.326e-9,7.771e-32,1.139e-20,8.702e-10,,3.274e-9,3.792e-1,7.036e-21,2.630e+2,,4.272e-26,1.597e-19,,7.217e-19,1.123e-21,3.600e+1,4.641e-1,6.930e-29,1.210e-19,3.155e-22,3.695e-19,1.491e-16,7.700e-5,1.300e-4,5.710e-2,8.729e+0,2.027e-3,,1.859e-3,,,4.488e+0,,,2.642e-10,,1.136e-18,,7.549e-19,,1.595e-1,,1.176e-17,,2.138e-4,1.872e-16
501.87,3.051e+2,4.696e-9,4.183e-11,9.500e-44,2.084e-19,,,1.249e-18,6.283e-22,,2.850e-15,1.299e-18,2.556e-25,9.959e-18,7.182e-9,7.748e-32,1.137e-20,6.468e-10,,5.509e-9,3.919e-1,5.642e-21,2.554e+2,,4.237e-26,1.595e-19,,7.207e-19,1.123e-21,3.502e+1,4.809e-1,6.931e-29,1.210e-19,3.154e-22,3.721e-19,1.490e-16,5.244e-5,8.395e-5,4.600e-2,9.118e+0,2.902e-3,,2.608e-3,,,4.540e+0,,,4.547e-10,,1.136e-18,,7.548e-19,,1.691e-1,,1.175e-17,,1.432e-4,1.872e-16
501.89,3.001e+2,6.381e-9,5.116e-11,9.494e-44,2.061e-19,,,1.250e-18,6.286e-22,,2.849e-15,1.296e-18,2.563e-25,9.959e-18,1.003e-8,7.733e-32,1.135e-20,5.288e-10,,7.764e-9,3.991e-1,4.852e-21,2.506e+2,,4.214e-26,1.593e-19,,7.201e-19,1.123e-21,3.438e+1,4.921e-1,6.931e-29,1.210e-19,3.154e-22,3.738e-19,1.490e-16,4.043e-5,6.248e-5,3.968e-2,9.406e+0,3.672e-3,,3.256e-3,,,4.588e+0,,,6.505e-10,,1.136e-18,,7.548e-19,,1.751e-1,,1.175e-17,,1.093e-4,1.873e-16
501.92,2.930e+2,1.005e-8,6.882e-11,9.485e-44,2.028e-19,,,1.250e-18,6.291e-22,,2.849e-15,1.292e-18,2.572e-25,9.959e-18,1.647e-8,7.710e-32,1.133e-20,3.886e-10,,1.292e-8,4.078e-1,3.847e-21,2.438e+2,,4.179e-26,1.590e-19,,7.191e-19,1.124e-21,3.344e+1,5.086e-1,6.932e-29,1.211e-19,3.153e-22,3.763e-19,1.489e-16,2.722e-5,3.988e-5,3.160e-2,9.873e+0,5.199e-3,,4.516e-3,,,4.677e+0,,,1.107e-9,,1.136e-18,,7.547e-19,,1.834e-1,,1.174e-17,,7.237e-5,1.873e-16
501.94,2.886e+2,1.355e-8,8.354e-11,9.479e-44,2.006e-19,,,1.251e-18,6.293e-22,,2.849e-15,1.289e-18,2.578e-25,9.959e-18,2.283e-8,7.695e-32,1.132e-20,3.152e-10,,1.807e-8,4.122e-1,3.282e-21,2.397e+2,,4.156e-26,1.588e-19,,7.184e-19,1.124e-21,3.283e+1,5.193e-1,6.932e-29,1.211e-19,3.152e-22,3.780e-19,1.489e-16,2.083e-5,2.945e-5,2.705e-2,1.020e+1,6.530e-3,,5.596e-3,,,4.746e+0,,,1.571e-9,,1.136e-18,,7.546e-19,,1.885e-1,,1.174e-17,,5.478e-5,1.873e-16
501.97,2.827e+2,2.111e-8,1.111e-10,9.470e-44,1.972e-19,,,1.252e-18,6.298e-22,,2.848e-15,1.285e-18,2.588e-25,9.959e-18,3.706e-8,7.672e-32,1.130e-20,2.290e-10,,2.973e-8,4.164e-1,2.573e-21,2.340e+2,,4.121e-26,1.586e-19,,7.174e-19,1.125e-21,3.194e+1,5.350e-1,6.933e-29,1.211e-19,3.152e-22,3.805e-19,1.489e-16,1.386e-5,1.859e-5,2.130e-2,1.071e+1,9.139e-3,,7.676e-3,,,4.862e+0,,,2.644e-9,,1.136e-18,,7.546e-19,,1.953e-1,,1.173e-17,,3.588e-5,1.873e-16
501.99,2.791e+2,2.826e-8,1.339e-10,9.464e-44,1.950e-19,,,1.252e-18,6.301e-22,,2.848e-15,1.282e-18,2.594e-25,9.959e-18,5.100e-8,7.657e-32,1.129e-20,1.844e-10,,4.128e-8,4.177e-1,2.179e-21,2.305e+2,,4.097e-26,1.584e-19,,7.168e-19,1.125e-21,3.136e+1,5.451e-1,6.933e-29,1.211e-19,3.151e-22,3.822e-19,1.488e-16,1.053e-5,1.362e-5,1.809e-2,1.106e+1,1.139e-2,,9.440e-3,,,4.945e+0,,,3.726e-9,,1.137e-18,,7.545e-19,,1.992e-1,,1.173e-17,,2.695e-5,1.874e-16
502.02,2.742e+2,4.353e-8,1.761e-10,9.455e-44,1.916e-19,,,1.253e-18,6.305e-22,,2.847e-15,1.278e-18,2.603e-25,9.959e-18,8.185e-8,7.634e-32,1.127e-20,1.324e-10,,6.715e-8,4.172e-1,1.688e-21,2.258e+2,,4.062e-26,1.581e-19,,7.158e-19,1.125e-21,3.052e+1,5.595e-1,6.934e-29,1.211e-19,3.150e-22,3.848e-19,1.488e-16,6.925e-6,8.498e-6,1.408e-2,1.159e+1,1.577e-2,,1.280e-2,,,5.075e+0,,,6.198e-9,,1.137e-18,,7.544e-19,,2.040e-1,,1.172e-17,,1.745e-5,1.874e-16
502.04,2.713e+2,5.784e-8,2.106e-10,9.449e-44,1.894e-19,,,1.254e-18,6.308e-22,,2.847e-15,1.276e-18,2.609e-25,9.958e-18,1.118e-7,7.618e-32,1.126e-20,1.058e-10,,9.252e-8,4.153e-1,1.419e-21,2.230e+2,,4.039e-26,1.579e-19,,7.151e-19,1.126e-21,2.998e+1,5.685e-1,6.934e-29,1.212e-19,3.150e-22,3.865e-19,1.488e-16,5.219e-6,6.181e-6,1.187e-2,1.193e+1,1.951e-2,,1.563e-2,,,5.164e+0,,,8.669e-9,,1.137e-18,,7.544e-19,,2.065e-1,,1.172e-17,,1.301e-5,1.874e-16
502.06,2.687e+2,7.662e-8,2.511e-10,9.443e-44,1.872e-19,,,1.254e-18,6.311e-22,,2.847e-15,1.273e-18,2.616e-25,9.958e-18,1.522e-7,7.603e-32,1.124e-20,8.427e-11,,1.271e-7,4.122e-1,1.189e-21,2.205e+2,,4.016e-26,1.578e-19,,7.145e-19,1.126e-21,2.944e+1,5.769e-1,6.934e-29,1.212e-19,3.149e-22,3.882e-19,1.487e-16,3.921e-6,4.482e-6,9.978e-3,1.227e+1,2.406e-2,,1.902e-2,,,5.253e+0,,,1.209e-8,,1.137e-18,,7.543e-19,,2.084e-1,,1.172e-17,,9.667e-6,1.874e-16
502.09,2.651e+2,1.162e-7,3.250e-10,9.434e-44,1.838e-19,,,1.255e-18,6.316e-22,,2.846e-15,1.269e-18,2.625e-25,9.958e-18,2.405e-7,7.580e-32,1.122e-20,5.956e-11,,2.035e-7,4.052e-1,9.066e-22,2.171e+2,,3.981e-26,1.575e-19,,7.135e-19,1.126e-21,2.865e+1,5.886e-1,6.935e-29,1.212e-19,3.148e-22,3.907e-19,1.487e-16,2.539e-6,2.751e-6,7.645e-3,1.275e+1,3.277e-2,,2.538e-2,,,5.381e+0,,,1.979e-8,,1.137e-18,,7.543e-19,,2.100e-1,,1.171e-17,,6.159e-6,1.875e-16
502.11,2.630e+2,1.528e-7,3.847e-10,9.428e-44,1.816e-19,,,1.255e-18,6.319e-22,,2.846e-15,1.266e-18,2.631e-25,9.958e-18,3.249e-7,7.565e-32,1.121e-20,4.708e-11,,2.775e-7,3.991e-1,7.538e-22,2.151e+2,,3.957e-26,1.573e-19,,7.128e-19,1.127e-21,2.812e+1,5.956e-1,6.935e-29,1.212e-19,3.148e-22,3.924e-19,1.487e-16,1.893e-6,1.980e-6,6.376e-3,1.305e+1,4.012e-2,,3.066e-2,,,5.461e+0,,,2.740e-8,,1.137e-18,,7.542e-19,,2.103e-1,,1.171e-17,,4.542e-6,1.875e-16
502.14,2.601e+2,2.291e-7,4.925e-10,9.419e-44,1.783e-19,,,1.256e-18,6.323e-22,,2.846e-15,1.262e-18,2.641e-25,9.958e-18,5.076e-7,7.542e-32,1.119e-20,3.290e-11,,4.394e-7,3.879e-1,5.683e-22,2.124e+2,,3.922e-26,1.570e-19,,7.118e-19,1.127e-21,2.733e+1,6.049e-1,6.936e-29,1.212e-19,3.147e-22,3.949e-19,1.486e-16,1.212e-6,1.202e-6,4.830e-3,1.345e+1,5.404e-2,,4.046e-2,,,5.571e+0,,,4.436e-8,,1.138e-18,,7.541e-19,,2.096e-1,,1.170e-17,,2.861e-6,1.875e-16
502.16,2.583e+2,2.990e-7,5.786e-10,9.413e-44,1.760e-19,,,1.257e-18,6.326e-22,,2.845e-15,1.259e-18,2.647e-25,9.958e-18,6.808e-7,7.527e-32,1.118e-20,2.581e-11,,5.946e-7,3.792e-1,4.690e-22,2.108e+2,,3.899e-26,1.569e-19,,7.112e-19,1.127e-21,2.680e+1,6.102e-1,6.936e-29,1.212e-19,3.147e-22,3.966e-19,1.486e-16,8.964e-7,8.580e-7,3.998e-3,1.369e+1,6.566e-2,,4.850e-2,,,5.634e+0,,,6.093e-8,,1.138e-18,,7.541e-19,,2.084e-1,,1.170e-17,,2.094e-6,1.876e-16
502.19,2.556e+2,4.434e-7,7.326e-10,9.403e-44,1.727e-19,,,1.258e-18,6.330e-22,,2.845e-15,1.255e-18,2.656e-25,9.957e-18,1.052e-6,7.504e-32,1.116e-20,1.783e-11,,9.308e-7,3.644e-1,3.495e-22,2.086e+2,,3.864e-26,1.566e-19,,7.102e-19,1.128e-21,2.599e+1,6.171e-1,6.937e-29,1.213e-19,3.146e-22,3.992e-19,1.486e-16,5.674e-7,5.148e-7,2.995e-3,1.398e+1,8.743e-2,,6.329e-2,,,5.712e+0,,,9.754e-8,,1.138e-18,,7.540e-19,,2.053e-1,,1.169e-17,,1.304e-6,1.876e-16
502.21,2.539e+2,5.745e-7,8.542e-10,9.397e-44,1.705e-19,,,1.258e-18,6.333e-22,,2.845e-15,1.252e-18,2.662e-25,9.957e-18,1.400e-6,7.489e-32,1.115e-20,1.388e-11,,1.250e-6,3.535e-1,2.862e-22,2.072e+2,,3.840e-26,1.564e-19,,7.095e-19,1.128e-21,2.544e+1,6.208e-1,6.937e-29,1.213e-19,3.145e-22,4.009e-19,1.485e-16,4.167e-7,3.648e-7,2.461e-3,1.414e+1,1.054e-1,,7.529e-2,,,5.750e+0,,,1.330e-7,,1.138e-18,,7.540e-19,,2.025e-1,,1.169e-17,,9.470e-7,1.876e-16
502.24,2.512e+2,8.425e-7,1.070e-9,9.388e-44,1.671e-19,,,1.259e-18,6.338e-22,,2.844e-15,1.248e-18,2.672e-25,9.957e-18,2.138e-6,7.466e-32,1.113e-20,9.478e-12,,1.935e-6,3.358e-1,2.109e-22,2.051e+2,,3.805e-26,1.561e-19,,7.085e-19,1.129e-21,2.459e+1,6.253e-1,6.938e-29,1.213e-19,3.145e-22,4.034e-19,1.485e-16,2.610e-7,2.164e-7,1.824e-3,1.431e+1,1.388e-1,,9.714e-2,,,5.785e+0,,,2.105e-7,,1.138e-18,,7.539e-19,,1.973e-1,,1.168e-17,,5.829e-7,1.876e-16
502.26,2.494e+2,1.084e-6,1.238e-9,9.382e-44,1.649e-19,,,1.259e-18,6.341e-22,,2.844e-15,1.245e-18,2.678e-25,9.957e-18,2.824e-6,7.451e-32,1.111e-20,7.323e-12,,2.580e-6,3.233e-1,1.714e-22,2.038e+2,,3.782e-26,1.560e-19,,7.079e-19,1.129e-21,2.400e+1,6.276e-1,6.938e-29,1.213e-19,3.144e-22,4.051e-19,1.485e-16,1.905e-7,1.522e-7,1.488e-3,1.437e+1,1.661e-1,,1.147e-1,,,5.792e+0,,,2.848e-7,,1.138e-18,,7.538e-19,,1.931e-1,,1.168e-17,,4.202e-7,1.877e-16
502.29,2.464e+2,1.571e-6,1.533e-9,9.373e-44,1.616e-19,,,1.260e-18,6.345e-22,,2.844e-15,1.241e-18,2.687e-25,9.957e-18,4.265e-6,7.428e-32,1.109e-20,4.944e-12,,3.949e-6,3.037e-1,1.249e-22,2.016e+2,,3.747e-26,1.557e-19,,7.069e-19,1.130e-21,2.309e+1,6.303e-1,6.939e-29,1.213e-19,3.143e-22,4.076e-19,1.484e-16,1.186e-7,8.922e-8,1.093e-3,1.439e+1,2.163e-1,,1.463e-1,,,5.777e+0,,,4.458e-7,,1.139e-18,,7.538e-19,,1.860e-1,,1.167e-17,,2.557e-7,1.877e-16
502.31,2.442e+2,2.006e-6,1.761e-9,9.367e-44,1.593e-19,,,1.261e-18,6.348e-22,,2.843e-15,1.238e-18,2.694e-25,9.957e-18,5.592e-6,7.412e-32,1.108e-20,3.790e-12,,5.224e-6,2.902e-1,1.007e-22,2.001e+2,,3.724e-26,1.555e-19,,7.062e-19,1.130e-21,2.246e+1,6.317e-1,6.939e-29,1.213e-19,3.143e-22,4.093e-19,1.484e-16,8.663e-8,6.226e-8,8.882e-4,1.435e+1,2.569e-1,,1.715e-1,,,5.748e+0,,,5.987e-7,,1.139e-18,,7.537e-19,,1.807e-1,,1.167e-17,,1.829e-7,1.877e-16
502.34,2.406e+2,2.877e-6,2.157e-9,9.358e-44,1.560e-19,,,1.262e-18,6.352e-22,,2.843e-15,1.234e-18,2.703e-25,9.956e-18,8.350e-6,7.390e-32,1.106e-20,2.530e-12,,7.906e-6,2.695e-1,7.253e-23,1.976e+2,,3.689e-26,1.553e-19,,7.052e-19,1.130e-21,2.148e+1,6.332e-1,6.940e-29,1.214e-19,3.142e-22,4.119e-19,1.483e-16,5.487e-8,3.609e-8,6.502e-4,1.422e+1,3.307e-1,,2.163e-1,,,5.679e+0,,,9.266e-7,,1.139e-18,,7.536e-19,,1.721e-1,,1.167e-17,,1.100e-7,1.878e-16
502.36,2.379e+2,3.646e-6,2.460e-9,9.352e-44,1.538e-19,,,1.262e-18,6.355e-22,,2.843e-15,1.231e-18,2.709e-25,9.956e-18,1.087e-5,7.374e-32,1.105e-20,1.925e-12,,1.038e-5,2.555e-1,5.806e-23,1.957e+2,,3.665e-26,1.551e-19,,7.046e-19,1.131e-21,2.081e+1,6.342e-1,6.940e-29,1.214e-19,3.141e-22,4.136e-19,1.483e-16,4.147e-8,2.500e-8,5.293e-4,1.409e+1,3.898e-1,,2.515e-1,,,5.614e+0,,,1.235e-6,,1.139e-18,,7.536e-19,,1.659e-1,,1.166e-17,,7.810e-8,1.878e-16
502.39,2.335e+2,5.172e-6,2.980e-9,9.343e-44,1.504e-19,,,1.263e-18,6.360e-22,,2.842e-15,1.227e-18,2.719e-25,9.956e-18,1.604e-5,7.351e-32,1.103e-20,1.270e-12,,1.553e-5,2.346e-1,4.134e-23,1.926e+2,,3.630e-26,1.548e-19,,7.036e-19,1.131e-21,1.977e+1,6.357e-1,6.940e-29,1.214e-19,3.141e-22,4.161e-19,1.483e-16,2.963e-8,1.432e-8,3.930e-4,1.381e+1,4.961e-1,,3.137e-1,,,5.490e+0,,,1.890e-6,,1.139e-18,,7.535e-19,,1.562e-1,,1.166e-17,,4.645e-8,1.878e-16
502.41,2.303e+2,6.505e-6,3.374e-9,9.337e-44,1.482e-19,,,1.263e-18,6.363e-22,,2.842e-15,1.224e-18,2.725e-25,9.956e-18,2.072e-5,7.336e-32,1.102e-20,9.591e-13,,2.025e-5,2.208e-1,3.283e-23,1.903e+2,,3.607e-26,1.546e-19,,7.029e-19,1.131e-21,1.906e+1,6.371e-1,6.941e-29,1.214e-19,3.140e-22,4.178e-19,1.482e-16,2.608e-8,9.844e-9,3.269e-4,1.357e+1,5.804e-1,,3.621e-1,,,5.391e+0,,,2.500e-6,,1.139e-18,,7.535e-19,,1.495e-1,,1.165e-17,,3.272e-8,1.878e-16
502.43,2.268e+2,8.159e-6,3.809e-9,9.331e-44,1.460e-19,,,1.264e-18,6.366e-22,,2.842e-15,1.221e-18,2.731e-25,9.956e-18,2.669e-5,7.321e-32,1.100e-20,7.220e-13,,2.631e-5,2.071e-1,2.600e-23,1.878e+2,,3.584e-26,1.545e-19,,7.023e-19,1.132e-21,1.833e+1,6.387e-1,6.941e-29,1.214e-19,3.139e-22,4.195e-19,1.482e-16,2.551e-8,6.745e-9,2.774e-4,1.330e+1,6.771e-1,,4.166e-1,,,5.278e+0,,,3.298e-6,,1.139e-18,,7.534e-19,,1.426e-1,,1.165e-17,,2.298e-8,1.879e-16
502.46,2.211e+2,1.140e-5,4.543e-9,9.322e-44,1.426e-19,,,1.265e-18,6.370e-22,,2.841e-15,1.217e-18,2.740e-25,9.956e-18,3.878e-5,7.298e-32,1.098e-20,4.688e-13,,3.875e-5,1.872e-1,1.822e-23,1.837e+2,,3.549e-26,1.542e-19,,7.013e-19,1.132e-21,1.722e+1,6.423e-1,6.942e-29,1.214e-19,3.139e-22,4.220e-19,1.482e-16,3.021e-8,3.804e-9,2.297e-4,1.284e+1,8.482e-1,,5.114e-1,,,5.086e+0,,,4.967e-6,,1.140e-18,,7.533e-19,,1.322e-1,,1.164e-17,,1.345e-8,1.879e-16
502.48,2.170e+2,1.419e-5,5.092e-9,9.316e-44,1.404e-19,,,1.265e-18,6.373e-22,,2.841e-15,1.214e-18,2.747e-25,9.956e-18,4.957e-5,7.283e-32,1.097e-20,3.502e-13,,4.997e-5,1.743e-1,1.432e-23,1.806e+2,,3.525e-26,1.540e-19,,7.006e-19,1.132e-21,1.647e+1,6.455e-1,6.942e-29,1.215e-19,3.138e-22,4.237e-19,1.481e-16,3.749e-8,2.586e-9,2.137e-4,1.249e+1,9.819e-1,,5.841e-1,,,4.945e+0,,,6.503e-6,,1.140e-18,,7.533e-19,,1.251e-1,,1.164e-17,,9.374e-9,1.879e-16
502.51,2.105e+2,1.960e-5,6.008e-9,9.307e-44,1.370e-19,,,1.266e-18,6.377e-22,,2.840e-15,1.210e-18,2.756e-25,9.955e-18,7.122e-5,7.260e-32,1.095e-20,2.248e-13,,7.278e-5,1.557e-1,9.921e-24,1.757e+2,,3.490e-26,1.537e-19,,6.996e-19,1.133e-21,1.534e+1,6.520e-1,6.943e-29,1.215e-19,3.137e-22,4.263e-19,1.481e-16,5.647e-8,1.442e-9,2.116e-4,1.193e+1,1.216e+0,,7.089e-1,,,4.714e+0,,,9.685e-6,,1.140e-18,,7.532e-19,,1.146e-1,,1.163e-17,,5.423e-9,1.880e-16
502.53,2.059e+2,2.422e-5,6.685e-9,9.301e-44,1.348e-19,,,1.267e-18,6.380e-22,,2.840e-15,1.207e-18,2.762e-25,9.955e-18,9.035e-5,7.245e-32,1.094e-20,1.667e-13,,9.316e-5,1.439e-1,7.739e-24,1.721e+2,,3.467e-26,1.536e-19,,6.990e-19,1.133e-21,1.458e+1,6.576e-1,6.943e-29,1.215e-19,3.137e-22,4.280e-19,1.481e-16,7.631e-8,9.728e-10,2.246e-4,1.152e+1,1.397e+0,,8.036e-1,,,4.549e+0,,,1.258e-5,,1.140e-18,,7.532e-19,,1.077e-1,,1.163e-17,,3.751e-9,1.880e-16
502.56,1.986e+2,3.310e-5,7.803e-9,9.292e-44,1.315e-19,,,1.267e-18,6.385e-22,,2.840e-15,1.203e-18,2.772e-25,9.955e-18,1.284e-4,7.222e-32,1.092e-20,1.058e-13,,1.341e-4,1.271e-1,5.303e-24,1.664e+2,,3.432e-26,1.533e-19,,6.980e-19,1.134e-21,1.345e+1,6.682e-1,6.944e-29,1.215e-19,3.136e-22,4.305e-19,1.480e-16,1.217e-7,5.361e-10,2.670e-4,1.088e+1,1.711e+0,,9.643e-1,,,4.289e+0,,,1.853e-5,,1.140e-18,,7.531e-19,,9.757e-2,,1.163e-17,,2.145e-9,1.880e-16
502.58,1.935e+2,4.061e-5,8.619e-9,9.286e-44,1.292e-19,,,1.268e-18,6.388e-22,,2.839e-15,1.200e-18,2.778e-25,9.955e-18,1.616e-4,7.206e-32,1.091e-20,7.783e-14,,1.704e-4,1.166e-1,4.108e-24,1.624e+2,,3.409e-26,1.531e-19,,6.973e-19,1.134e-21,1.271e+1,6.769e-1,6.944e-29,1.215e-19,3.136e-22,4.322e-19,1.480e-16,1.666e-7,3.590e-10,3.121e-4,1.044e+1,1.951e+0,,1.085e+0,,,4.109e+0,,,2.390e-5,,1.140e-18,,7.530e-19,,9.099e-2,,1.162e-17,,1.473e-9,1.880e-16
502.61,1.857e+2,5.488e-5,9.953e-9,9.277e-44,1.259e-19,,,1.269e-18,6.392e-22,,2.839e-15,1.196e-18,2.787e-25,9.955e-18,2.270e-4,7.184e-32,1.089e-20,4.884e-14,,2.426e-4,1.018e-1,2.788e-24,1.560e+2,,3.374e-26,1.528e-19,,6.963e-19,1.134e-21,1.161e+1,6.927e-1,6.945e-29,1.215e-19,3.135e-22,4.348e-19,1.480e-16,2.664e-7,1.956e-10,4.097e-4,9.751e+0,2.363e+0,,1.287e+0,,,3.831e+0,,,3.480e-5,,1.141e-18,,7.530e-19,,8.148e-2,,1.162e-17,,8.326e-10,1.881e-16
502.63,1.804e+2,6.684e-5,1.092e-8,9.271e-44,1.237e-19,,,1.269e-18,6.395e-22,,2.839e-15,1.193e-18,2.793e-25,9.955e-18,2.837e-4,7.168e-32,1.087e-20,3.566e-14,,3.059e-4,9.264e-2,2.148e-24,1.516e+2,,3.350e-26,1.527e-19,,6.957e-19,1.135e-21,1.089e+1,7.051e-1,6.945e-29,1.216e-19,3.134e-22,4.364e-19,1.479e-16,3.633e-7,1.300e-10,4.984e-4,9.287e+0,2.674e+0,,1.437e+0,,,3.643e+0,,,4.453e-5,,1.141e-18,,7.529e-19,,7.541e-2,,1.161e-17,,5.671e-10,1.881e-16
502.66,1.723e+2,8.935e-5,1.247e-8,9.262e-44,1.203e-19,,,1.270e-18,6.400e-22,,2.838e-15,1.189e-18,2.803e-25,9.954e-18,3.941e-4,7.145e-32,1.085e-20,2.212e-14,,4.307e-4,7.998e-2,1.452e-24,1.447e+2,,3.315e-26,1.524e-19,,6.947e-19,1.135e-21,9.850e+0,7.266e-1,6.946e-29,1.216e-19,3.133e-22,4.390e-19,1.479e-16,5.757e-7,7.000e-11,6.753e-4,8.590e+0,3.202e+0,,1.686e+0,,,3.359e+0,,,6.412e-5,,1.141e-18,,7.528e-19,,6.677e-2,,1.161e-17,,3.170e-10,1.881e-16
502.68,1.669e+2,1.080e-4,1.358e-8,9.256e-44,1.181e-19,,,1.271e-18,6.402e-22,,2.838e-15,1.186e-18,2.809e-25,9.954e-18,4.887e-4,7.130e-32,1.084e-20,1.603e-14,,5.390e-4,7.225e-2,1.122e-24,1.401e+2,,3.292e-26,1.522e-19,,6.940e-19,1.136e-21,9.179e+0,7.430e-1,6.946e-29,1.216e-19,3.133e-22,4.407e-19,1.479e-16,7.798e-7,4.616e-11,8.289e-4,8.129e+0,3.596e+0,,1.868e+0,,,3.170e+0,,,8.145e-5,,1.141e-18,,7.528e-19,,6.133e-2,,1.160e-17,,2.143e-10,1.881e-16
502.71,1.589e+2,1.428e-4,1.535e-8,9.246e-44,1.148e-19,,,1.271e-18,6.407e-22,,2.838e-15,1.182e-18,2.818e-25,9.954e-18,6.712e-4,7.107e-32,1.082e-20,9.828e-15,,7.503e-4,6.167e-2,7.728e-25,1.331e+2,,3.257e-26,1.519e-19,,6.930e-19,1.136e-21,8.215e+0,7.706e-1,6.946e-29,1.216e-19,3.132e-22,4.432e-19,1.478e-16,1.223e-6,2.458e-11,1.126e-3,7.450e+0,4.257e+0,,2.167e+0,,,2.890e+0,,,1.160e-4,,1.141e-18,,7.527e-19,,5.369e-2,,1.160e-17,,1.184e-10,1.882e-16
502.73,1.537e+2,1.715e-4,1.660e-8,9.240e-44,1.125e-19,,,1.272e-18,6.410e-22,,2.837e-15,1.179e-18,2.825e-25,9.954e-18,8.262e-4,7.092e-32,1.081e-20,7.067e-15,,9.319e-4,5.529e-2,6.157e-25,1.283e+2,,3.234e-26,1.518e-19,,6.924e-19,1.136e-21,7.601e+0,7.911e-1,6.947e-29,1.216e-19,3.132e-22,4.449e-19,1.478e-16,1.644e-6,1.609e-11,1.379e-3,7.009e+0,4.746e+0,,2.384e+0,,,2.708e+0,,,1.462e-4,,1.141e-18,,7.526e-19,,4.895e-2,,1.159e-17,,7.944e-11,1.882e-16
502.76,1.461e+2,2.243e-4,1.857e-8,9.231e-44,1.092e-19,,,1.273e-18,6.414e-22,,2.837e-15,1.175e-18,2.834e-25,9.954e-18,1.122e-3,7.069e-32,1.079e-20,4.284e-15,,1.283e-3,4.666e-2,4.667e-25,1.214e+2,,3.199e-26,1.515e-19,,6.914e-19,1.137e-21,6.730e+0,8.247e-1,6.947e-29,1.217e-19,3.131e-22,4.475e-19,1.477e-16,2.549e-6,8.467e-12,1.861e-3,6.374e+0,5.555e+0,,2.734e+0,,,2.441e+0,,,2.058e-4,,1.142e-18,,7.526e-19,,4.237e-2,,1.159e-17,,4.340e-11,1.882e-16
502.78,1.413e+2,2.673e-4,1.995e-8,9.225e-44,1.070e-19,,,1.273e-18,6.417e-22,,2.837e-15,1.172e-18,2.840e-25,9.954e-18,1.371e-3,7.054e-32,1.078e-20,3.057e-15,,1.581e-3,4.151e-2,4.149e-25,1.168e+2,,3.175e-26,1.513e-19,,6.907e-19,1.137e-21,6.184e+0,8.489e-1,6.948e-29,1.217e-19,3.130e-22,4.492e-19,1.477e-16,3.402e-6,5.499e-12,2.265e-3,5.971e+0,6.146e+0,,2.984e+0,,,2.269e+0,,,2.575e-4,,1.142e-18,,7.525e-19,,3.834e-2,,1.159e-17,,2.889e-11,1.883e-16
502.8,1.367e+2,3.176e-4,2.136e-8,9.219e-44,1.047e-19,,,1.274e-18,6.420e-22,,2.836e-15,1.170e-18,2.846e-25,9.954e-18,1.670e-3,7.039e-32,1.076e-20,2.175e-15,,1.943e-3,3.682e-2,3.967e-25,1.123e+2,,3.152e-26,1.511e-19,,6.901e-19,1.137e-21,5.665e+0,8.746e-1,6.948e-29,1.217e-19,3.130e-22,4.508e-19,1.477e-16,4.527e-6,3.560e-12,2.749e-3,5.587e+0,6.780e+0,,3.247e+0,,,2.103e+0,,,3.212e-4,,1.142e-18,,7.525e-19,,3.459e-2,,1.158e-17,,1.917e-11,1.883e-16
502.83,1.303e+2,4.091e-4,2.355e-8,9.210e-44,1.014e-19,,,1.275e-18,6.425e-22,,2.836e-15,1.165e-18,2.856e-25,9.953e-18,2.232e-3,7.016e-32,1.074e-20,1.298e-15,,2.633e-3,3.058e-2,4.294e-25,1.060e+2,,3.117e-26,1.509e-19,,6.891e-19,1.138e-21,4.940e+0,9.156e-1,6.949e-29,1.217e-19,3.129e-22,4.534e-19,1.477e-16,6.909e-6,1.844e-12,3.657e-3,5.049e+0,7.810e+0,,3.666e+0,,,1.866e+0,,,4.451e-4,,1.142e-18,,7.524e-19,,2.948e-2,,1.158e-17,,1.031e-11,1.883e-16
502.85,1.264e+2,4.827e-4,2.505e-8,9.204e-44,9.916e-20,,,1.275e-18,6.428e-22,,2.836e-15,1.163e-18,2.862e-25,9.953e-18,2.698e-3,7.001e-32,1.073e-20,9.161e-16,,3.212e-3,2.692e-2,4.933e-25,1.019e+2,,3.094e-26,1.507e-19,,6.884e-19,1.138e-21,4.493e+0,9.444e-1,6.949e-29,1.217e-19,3.128e-22,4.551e-19,1.476e-16,9.125e-6,1.185e-12,4.407e-3,4.719e+0,8.551e+0,,3.959e+0,,,1.717e+0,,,5.511e-4,,1.142e-18,,7.523e-19,,2.641e-2,,1.157e-17,,6.789e-12,1.883e-16
502.88,1.212e+2,6.152e-4,2.734e-8,9.195e-44,9.582e-20,,,1.276e-18,6.432e-22,,2.835e-15,1.158e-18,2.871e-25,9.953e-18,3.566e-3,6.978e-32,1.071e-20,5.404e-16,,4.302e-3,2.211e-2,6.626e-25,9.633e+1,,3.059e-26,1.504e-19,,6.874e-19,1.139e-21,3.875e+0,9.894e-1,6.950e-29,1.217e-19,3.128e-22,4.576e-19,1.476e-16,1.377e-5,6.067e-13,5.798e-3,4.270e+0,9.740e+0,,4.419e+0,,,1.506e+0,,,7.550e-4,,1.142e-18,,7.523e-19,,2.227e-2,,1.157e-17,,3.608e-12,1.884e-16
502.9,1.182e+2,7.205e-4,2.888e-8,9.189e-44,9.359e-20,,,1.277e-18,6.435e-22,,2.835e-15,1.156e-18,2.878e-25,9.953e-18,4.278e-3,6.962e-32,1.070e-20,3.787e-16,,5.209e-3,1.931e-2,8.351e-25,9.293e+1,,3.035e-26,1.503e-19,,6.868e-19,1.139e-21,3.498e+0,1.020e+0,6.950e-29,1.218e-19,3.127e-22,4.593e-19,1.476e-16,1.806e-5,3.869e-13,6.936e-3,4.004e+0,1.058e+1,,4.737e+0,,,1.375e+0,,,9.279e-4,,1.143e-18,,7.522e-19,,1.982e-2,,1.156e-17,,2.358e-12,1.884e-16
502.93,1.145e+2,9.085e-4,3.120e-8,9.180e-44,9.025e-20,,,1.277e-18,6.439e-22,,2.834e-15,1.152e-18,2.887e-25,9.953e-18,5.591e-3,6.940e-32,1.068e-20,2.209e-16,,6.899e-3,1.568e-2,1.211e-24,8.839e+1,,3.000e-26,1.500e-19,,6.858e-19,1.139e-21,2.984e+0,1.068e+0,6.951e-29,1.218e-19,3.126e-22,4.619e-19,1.475e-16,2.695e-5,1.958e-13,9.023e-3,3.654e+0,1.192e+1,,5.227e+0,,,1.193e+0,,,1.257e-3,,1.143e-18,,7.521e-19,,1.656e-2,,1.156e-17,,1.239e-12,1.884e-16
502.95,1.126e+2,1.057e-3,3.274e-8,9.174e-44,8.802e-20,,,1.278e-18,6.442e-22,,2.834e-15,1.149e-18,2.893e-25,9.953e-18,6.658e-3,6.924e-32,1.067e-20,1.538e-16,,8.290e-3,1.359e-2,1.563e-24,8.578e+1,,2.977e-26,1.498e-19,,6.851e-19,1.140e-21,2.674e+0,1.101e+0,6.951e-29,1.218e-19,3.126e-22,4.636e-19,1.475e-16,3.507e-5,1.239e-13,1.071e-2,3.456e+0,1.285e+1,,5.561e+0,,,1.081e+0,,,1.533e-3,,1.143e-18,,7.521e-19,,1.466e-2,,1.155e-17,,8.036e-13,1.885e-16
502.98,1.105e+2,1.318e-3,3.502e-8,9.165e-44,8.468e-20,,,1.279e-18,6.447e-22,,2.834e-15,1.145e-18,2.902e-25,9.952e-18,8.603e-3,6.901e-32,1.065e-20,8.899e-17,,1.086e-2,1.091e-2,2.297e-24,8.254e+1,,2.942e-26,1.495e-19,,6.841e-19,1.140e-21,2.255e+0,1.150e+0,6.952e-29,1.218e-19,3.125e-22,4.661e-19,1.474e-16,5.175e-5,6.201e-14,1.378e-2,3.212e+0,1.431e+1,,6.068e+0,,,9.271e-1,,,2.054e-3,,1.143e-18,,7.520e-19,,1.217e-2,,1.155e-17,,4.174e-13,1.885e-16
503,1.098e+2,1.522e-3,3.651e-8,9.159e-44,8.245e-20,,,1.279e-18,6.450e-22,,2.833e-15,1.142e-18,2.909e-25,9.952e-18,1.017e-2,6.886e-32,1.063e-20,6.182e-17,,1.295e-2,9.390e-3,2.966e-24,8.086e+1,,2.918e-26,1.494e-19,,6.835e-19,1.141e-21,2.006e+0,1.182e+0,6.952e-29,1.218e-19,3.124e-22,4.678e-19,1.474e-16,6.684e-5,3.894e-14,1.624e-2,3.086e+0,1.532e+1,,6.407e+0,,,8.337e-1,,,2.486e-3,,1.143e-18,,7.520e-19,,1.074e-2,,1.154e-17,,2.687e-13,1.885e-16
503.03,1.095e+2,1.878e-3,3.868e-8,9.150e-44,7.911e-20,,,1.280e-18,6.454e-22,,2.833e-15,1.138e-18,2.918e-25,9.952e-18,1.299e-2,6.863e-32,1.061e-20,3.617e-17,,1.677e-2,7.452e-3,4.336e-24,7.911e+1,,2.883e-26,1.491e-19,,6.825e-19,1.141e-21,1.673e+0,1.231e+0,6.952e-29,1.218e-19,3.124e-22,4.703e-19,1.474e-16,9.756e-5,1.926e-14,2.065e-2,2.950e+0,1.687e+1,,6.912e+0,,,7.069e-1,,,3.293e-3,,1.143e-18,,7.519e-19,,8.911e-3,,1.154e-17,,1.380e-13,1.885e-16
503.05,1.100e+2,2.154e-3,4.006e-8,9.144e-44,7.688e-20,,,1.281e-18,6.457e-22,,2.833e-15,1.135e-18,2.924e-25,9.952e-18,1.524e-2,6.848e-32,1.060e-20,2.585e-17,,1.985e-2,6.363e-3,5.570e-24,7.847e+1,,2.860e-26,1.489e-19,,6.818e-19,1.141e-21,1.477e+0,1.263e+0,6.953e-29,1.219e-19,3.123e-22,4.720e-19,1.473e-16,1.251e-4,1.200e-14,2.416e-2,2.896e+0,1.792e+1,,7.243e+0,,,6.309e-1,,,3.956e-3,,1.144e-18,,7.518e-19,,7.888e-3,,1.154e-17,,8.812e-14,1.886e-16
503.08,1.116e+2,2.630e-3,4.203e-8,9.135e-44,7.354e-20,,,1.281e-18,6.461e-22,,2.832e-15,1.131e-18,2.934e-25,9.952e-18,1.925e-2,6.825e-32,1.058e-20,1.703e-17,,2.541e-2,4.993e-3,8.069e-24,7.831e+1,,2.825e-26,1.486e-19,,6.808e-19,1.142e-21,1.218e+0,1.309e+0,6.953e-29,1.219e-19,3.122e-22,4.746e-19,1.473e-16,1.805e-4,5.871e-15,3.038e-2,2.869e+0,1.950e+1,,7.726e+0,,,5.289e-1,,,5.181e-3,,1.144e-18,,7.518e-19,,6.626e-3,,1.153e-17,,4.473e-14,1.886e-16
503.1,1.132e+2,2.994e-3,4.326e-8,9.129e-44,7.131e-20,,,1.282e-18,6.464e-22,,2.832e-15,1.128e-18,2.940e-25,9.952e-18,2.241e-2,6.810e-32,1.057e-20,1.439e-17,,2.986e-2,4.231e-3,1.029e-23,7.876e+1,,2.802e-26,1.485e-19,,6.802e-19,1.142e-21,1.067e+0,1.339e+0,6.954e-29,1.219e-19,3.122e-22,4.763e-19,1.473e-16,2.297e-4,3.631e-15,3.526e-2,2.886e+0,2.056e+1,,8.035e+0,,,4.685e-1,,,6.178e-3,,1.144e-18,,7.517e-19,,5.954e-3,,1.153e-17,,2.836e-14,1.886e-16
503.13,1.166e+2,3.618e-3,4.496e-8,9.120e-44,6.797e-20,,,1.283e-18,6.469e-22,,2.831e-15,1.124e-18,2.949e-25,9.951e-18,2.800e-2,6.787e-32,1.055e-20,1.435e-17,,3.780e-2,3.283e-3,1.476e-23,8.025e+1,,2.767e-26,1.482e-19,,6.792e-19,1.143e-21,8.705e-1,1.381e+0,6.954e-29,1.219e-19,3.121e-22,4.788e-19,1.472e-16,3.279e-4,1.755e-15,4.385e-2,2.965e+0,2.213e+1,,8.474e+0,,,3.883e-1,,,7.999e-3,,1.144e-18,,7.516e-19,,5.182e-3,,1.152e-17,,1.423e-14,1.887e-16
503.15,1.194e+2,4.090e-3,4.598e-8,9.114e-44,6.574e-20,,,1.283e-18,6.472e-22,,2.831e-15,1.121e-18,2.955e-25,9.951e-18,3.235e-2,6.772e-32,1.054e-20,1.688e-17,,4.407e-2,2.761e-3,1.870e-23,8.179e+1,,2.743e-26,1.480e-19,,6.785e-19,1.143e-21,7.570e-1,1.408e+0,6.955e-29,1.219e-19,3.121e-22,4.805e-19,1.472e-16,4.141e-4,1.077e-15,5.052e-2,3.052e+0,2.316e+1,,8.748e+0,,,3.414e-1,,,9.468e-3,,1.144e-18,,7.516e-19,,4.818e-3,,1.152e-17,,8.952e-15,1.887e-16
503.17,1.226e+2,4.611e-3,4.692e-8,9.108e-44,6.351e-20,,,1.284e-18,6.475e-22,,2.831e-15,1.118e-18,2.962e-25,9.951e-18,3.727e-2,6.756e-32,1.052e-20,2.177e-17,,5.123e-2,2.315e-3,2.363e-23,8.375e+1,,2.720e-26,1.478e-19,,6.779e-19,1.143e-21,6.563e-1,1.433e+0,6.955e-29,1.219e-19,3.120e-22,4.822e-19,1.472e-16,5.215e-4,6.590e-16,5.802e-2,3.165e+0,2.416e+1,,9.002e+0,,,2.992e-1,,,1.117e-2,,1.144e-18,,7.515e-19,,4.569e-3,,1.151e-17,,5.614e-15,1.887e-16
503.2,1.282e+2,5.490e-3,4.813e-8,9.099e-44,6.017e-20,,,1.285e-18,6.479e-22,,2.830e-15,1.114e-18,2.971e-25,9.951e-18,4.583e-2,6.734e-32,1.050e-20,3.496e-17,,6.385e-2,1.767e-3,3.337e-23,8.748e+1,,2.685e-26,1.476e-19,,6.769e-19,1.144e-21,5.268e-1,1.468e+0,6.956e-29,1.220e-19,3.119e-22,4.847e-19,1.471e-16,7.328e-4,3.136e-16,7.102e-2,3.384e+0,2.559e+1,,9.345e+0,,,2.441e-1,,,1.424e-2,,1.145e-18,,7.515e-19,,4.409e-3,,1.151e-17,,2.772e-15,1.887e-16
503.22,1.324e+2,6.147e-3,4.881e-8,9.093e-44,5.794e-20,,,1.285e-18,6.482e-22,,2.830e-15,1.111e-18,2.977e-25,9.951e-18,5.240e-2,6.718e-32,1.049e-20,4.925e-17,,7.366e-2,1.471e-3,4.187e-23,9.045e+1,,2.662e-26,1.474e-19,,6.762e-19,1.144e-21,4.533e-1,1.489e+0,6.956e-29,1.220e-19,3.119e-22,4.864e-19,1.471e-16,9.160e-4,1.904e-16,8.096e-2,3.561e+0,2.650e+1,,9.545e+0,,,2.123e-1,,,1.668e-2,,1.145e-18,,7.514e-19,,4.443e-3,,1.150e-17,,1.726e-15,1.888e-16
503.25,1.394e+2,7.243e-3,4.962e-8,9.083e-44,5.460e-20,,,1.286e-18,6.486e-22,,2.830e-15,1.107e-18,2.987e-25,9.951e-18,6.370e-2,6.695e-32,1.047e-20,8.332e-17,,9.077e-2,1.110e-3,5.853e-23,9.561e+1,,2.627e-26,1.471e-19,,6.752e-19,1.144e-21,3.598e-1,1.516e+0,6.957e-29,1.220e-19,3.118e-22,4.890e-19,1.471e-16,1.273e-3,8.955e-17,9.798e-2,3.871e+0,2.776e+1,,9.797e+0,,,1.712e-1,,,2.102e-2,,1.145e-18,,7.513e-19,,4.709e-3,,1.150e-17,,8.424e-16,1.888e-16
503.27,1.443e+2,8.052e-3,5.002e-8,9.077e-44,5.237e-20,,,1.286e-18,6.489e-22,,2.829e-15,1.104e-18,2.993e-25,9.951e-18,7.229e-2,6.680e-32,1.046e-20,1.184e-16,,1.039e-1,9.170e-4,7.292e-23,9.947e+1,,2.603e-26,1.469e-19,,6.746e-19,1.145e-21,3.072e-1,1.532e+0,6.957e-29,1.220e-19,3.117e-22,4.907e-19,1.470e-16,1.580e-3,5.395e-17,1.109e-1,4.107e+0,2.852e+1,,9.931e+0,,,1.478e-1,,,2.443e-2,,1.145e-18,,7.513e-19,,5.034e-3,,1.150e-17,,5.203e-16,1.888e-16
503.3,1.523e+2,9.390e-3,5.040e-8,9.068e-44,4.902e-20,,,1.287e-18,6.494e-22,,2.829e-15,1.100e-18,3.002e-25,9.950e-18,8.690e-2,6.657e-32,1.044e-20,2.002e-16,,1.266e-1,6.843e-4,1.009e-22,1.058e+2,,2.568e-26,1.467e-19,,6.736e-19,1.145e-21,2.411e-1,1.551e+0,6.958e-29,1.220e-19,3.117e-22,4.932e-19,1.470e-16,2.171e-3,5.374e-17,1.327e-1,4.501e+0,2.954e+1,,1.008e+1,,,1.179e-1,,,3.044e-2,,1.145e-18,,7.512e-19,,5.756e-3,,1.149e-17,,2.511e-16,1.888e-16
503.32,1.578e+2,1.037e-2,5.051e-8,9.062e-44,4.680e-20,,,1.288e-18,6.497e-22,,2.829e-15,1.097e-18,3.008e-25,9.950e-18,9.787e-2,6.642e-32,1.043e-20,2.831e-16,,1.439e-1,5.609e-4,1.248e-22,1.104e+2,,2.545e-26,1.465e-19,,6.729e-19,1.145e-21,2.043e-1,1.560e+0,6.958e-29,1.220e-19,3.116e-22,4.949e-19,1.470e-16,2.674e-3,5.360e-17,1.490e-1,4.789e+0,3.012e+1,,1.014e+1,,,1.010e-1,,,3.512e-2,,1.145e-18,,7.512e-19,,6.402e-3,,1.149e-17,,1.539e-16,1.889e-16
503.35,1.663e+2,1.197e-2,5.046e-8,9.053e-44,4.345e-20,,,1.289e-18,6.501e-22,,2.828e-15,1.093e-18,3.018e-25,9.950e-18,1.163e-1,6.619e-32,1.041e-20,4.738e-16,,1.734e-1,4.139e-4,1.708e-22,1.177e+2,,2.510e-26,1.462e-19,,6.719e-19,1.146e-21,1.585e-1,1.569e+0,6.959e-29,1.221e-19,3.115e-22,4.974e-19,1.469e-16,3.635e-3,5.339e-17,1.763e-1,5.257e+0,3.085e+1,,1.017e+1,,,7.961e-2,,,4.327e-2,,1.145e-18,,7.511e-19,,7.642e-3,,1.148e-17,,7.344e-17,1.889e-16
503.37,1.721e+2,1.312e-2,5.027e-8,9.047e-44,4.122e-20,,,1.289e-18,6.504e-22,,2.828e-15,1.090e-18,3.024e-25,9.950e-18,1.300e-1,6.604e-32,1.039e-20,6.654e-16,,1.956e-1,3.366e-4,2.099e-22,1.228e+2,,2.487e-26,1.461e-19,,6.713e-19,1.146e-21,1.334e-1,1.572e+0,6.959e-29,1.221e-19,3.115e-22,4.991e-19,1.469e-16,4.445e-3,5.325e-17,1.964e-1,5.591e+0,3.122e+1,,1.016e+1,,,6.769e-2,,,4.955e-2,,1.146e-18,,7.510e-19,,8.664e-3,,1.148e-17,,4.467e-17,1.889e-16
503.4,1.809e+2,1.499e-2,4.979e-8,9.038e-44,3.788e-20,,,1.290e-18,6.509e-22,,2.828e-15,1.086e-18,3.033e-25,9.950e-18,1.528e-1,6.581e-32,1.037e-20,1.101e-15,,2.330e-1,2.456e-4,2.844e-22,1.306e+2,,2.452e-26,1.458e-19,,6.703e-19,1.147e-21,1.023e-1,1.571e+0,6.959e-29,1.221e-19,3.114e-22,5.017e-19,1.468e-16,5.976e-3,5.303e-17,2.298e-1,6.121e+0,3.162e+1,,1.008e+1,,,5.276e-2,,,6.037e-2,,1.146e-18,,7.510e-19,,1.052e-2,,1.147e-17,,2.107e-17,1.890e-16
503.42,1.867e+2,1.632e-2,4.933e-8,9.032e-44,3.565e-20,,,1.290e-18,6.512e-22,,2.827e-15,1.083e-18,3.040e-25,9.950e-18,1.696e-1,6.566e-32,1.036e-20,1.535e-15,,2.608e-1,1.983e-4,3.471e-22,1.360e+2,,2.428e-26,1.456e-19,,6.696e-19,1.147e-21,8.540e-2,1.567e+0,6.960e-29,1.221e-19,3.113e-22,5.034e-19,1.468e-16,7.254e-3,5.289e-17,2.542e-1,6.492e+0,3.176e+1,,9.987e+0,,,4.452e-2,,,6.860e-2,,1.146e-18,,7.509e-19,,1.199e-2,,1.147e-17,,1.272e-17,1.890e-16
503.45,1.952e+2,1.846e-2,4.844e-8,9.023e-44,3.231e-20,,,1.291e-18,6.516e-22,,2.827e-15,1.079e-18,3.049e-25,9.949e-18,1.970e-1,6.543e-32,1.034e-20,2.513e-15,,3.072e-1,1.430e-4,4.655e-22,1.440e+2,,2.393e-26,1.453e-19,,6.686e-19,1.148e-21,6.477e-2,1.556e+0,6.960e-29,1.221e-19,3.113e-22,5.059e-19,1.468e-16,9.646e-3,5.268e-17,2.941e-1,7.073e+0,3.179e+1,,9.797e+0,,,3.431e-2,,,8.264e-2,,1.146e-18,,7.508e-19,,1.459e-2,,1.146e-17,,5.930e-18,1.890e-16
503.47,2.008e+2,1.996e-2,4.772e-8,9.017e-44,3.008e-20,,,1.292e-18,6.519e-22,,2.827e-15,1.076e-18,3.055e-25,9.949e-18,2.170e-1,6.528e-32,1.033e-20,3.477e-15,,3.414e-1,1.146e-4,5.643e-22,1.493e+2,,2.370e-26,1.452e-19,,6.680e-19,1.148e-21,5.366e-2,1.545e+0,6.961e-29,1.221e-19,3.112e-22,5.076e-19,1.467e-16,1.162e-2,5.254e-17,3.229e-1,7.474e+0,3.170e+1,,9.635e+0,,,2.873e-2,,,9.321e-2,,1.146e-18,,7.508e-19,,1.660e-2,,1.146e-17,,5.934e-18,1.890e-16
503.5,2.087e+2,2.234e-2,4.648e-8,9.008e-44,2.674e-20,,,1.293e-18,6.523e-22,,2.826e-15,1.072e-18,3.065e-25,9.949e-18,2.493e-1,6.505e-32,1.031e-20,5.628e-15,,3.976e-1,8.169e-5,7.492e-22,1.571e+2,,2.335e-26,1.449e-19,,6.670e-19,1.148e-21,4.024e-2,1.523e+0,6.961e-29,1.222e-19,3.111e-22,5.101e-19,1.467e-16,1.529e-2,5.233e-17,3.693e-1,8.093e+0,3.138e+1,,9.345e+0,,,2.190e-2,,,1.110e-1,,1.146e-18,,7.507e-19,,2.009e-2,,1.145e-17,,5.940e-18,1.891e-16
503.52,2.137e+2,2.400e-2,4.554e-8,9.002e-44,2.451e-20,,,1.293e-18,6.526e-22,,2.826e-15,1.069e-18,3.071e-25,9.949e-18,2.724e-1,6.489e-32,1.030e-20,7.729e-15,,4.384e-1,6.495e-5,9.020e-22,1.621e+2,,2.312e-26,1.447e-19,,6.663e-19,1.149e-21,3.309e-2,1.505e+0,6.962e-29,1.222e-19,3.111e-22,5.118e-19,1.467e-16,1.829e-2,5.219e-17,4.024e-1,8.516e+0,3.105e+1,,9.122e+0,,,1.820e-2,,,1.243e-1,,1.147e-18,,7.507e-19,,2.275e-2,,1.145e-17,,5.943e-18,1.891e-16
503.55,2.206e+2,2.659e-2,4.398e-8,8.993e-44,2.117e-20,,,1.294e-18,6.531e-22,,2.825e-15,1.065e-18,3.080e-25,9.949e-18,3.095e-1,6.467e-32,1.028e-20,1.237e-14,,5.049e-1,4.579e-5,1.186e-21,1.693e+2,,2.277e-26,1.444e-19,,6.654e-19,1.149e-21,2.453e-2,1.474e+0,6.962e-29,1.222e-19,3.110e-22,5.144e-19,1.466e-16,2.380e-2,5.198e-17,4.551e-1,9.162e+0,3.039e+1,,8.748e+0,,,1.371e-2,,,1.464e-1,,1.147e-18,,7.506e-19,,2.728e-2,,1.144e-17,,5.949e-18,1.891e-16
503.57,2.247e+2,2.838e-2,4.285e-8,8.987e-44,1.894e-20,,,1.295e-18,6.534e-22,,2.825e-15,1.062e-18,3.086e-25,9.949e-18,3.357e-1,6.451e-32,1.026e-20,1.686e-14,,5.526e-1,3.613e-5,1.418e-21,1.737e+2,,2.253e-26,1.443e-19,,6.647e-19,1.149e-21,2.002e-2,1.450e+0,6.963e-29,1.222e-19,3.109e-22,5.161e-19,1.466e-16,2.826e-2,5.183e-17,4.922e-1,9.599e+0,2.984e+1,,8.474e+0,,,1.131e-2,,,1.626e-1,,1.147e-18,,7.505e-19,,3.070e-2,,1.144e-17,,5.952e-18,1.892e-16
503.59,2.285e+2,3.020e-2,4.167e-8,8.981e-44,1.671e-20,,,1.295e-18,6.537e-22,,2.825e-15,1.060e-18,3.093e-25,9.949e-18,3.631e-1,6.436e-32,1.025e-20,2.292e-14,,6.030e-1,2.843e-5,1.691e-21,1.779e+2,,2.230e-26,1.441e-19,,6.640e-19,1.150e-21,1.629e-2,1.423e+0,6.963e-29,1.222e-19,3.109e-22,5.178e-19,1.466e-16,3.346e-2,5.169e-17,5.307e-1,1.004e+1,2.922e+1,,8.185e+0,,,9.299e-3,,,1.802e-1,,1.147e-18,,7.505e-19,,3.445e-2,,1.144e-17,,5.956e-18,1.892e-16
503.62,2.335e+2,3.299e-2,3.978e-8,8.972e-44,1.337e-20,,,1.296e-18,6.541e-22,,2.824e-15,1.055e-18,3.102e-25,9.948e-18,4.060e-1,6.413e-32,1.023e-20,3.611e-14,,6.835e-1,1.972e-5,2.193e-21,1.835e+2,,2.195e-26,1.438e-19,,6.630e-19,1.150e-21,1.188e-2,1.379e+0,6.964e-29,1.223e-19,3.108e-22,5.203e-19,1.465e-16,4.288e-2,5.148e-17,5.908e-1,1.071e+1,2.815e+1,,7.726e+0,,,6.895e-3,,,2.089e-1,,1.147e-18,,7.504e-19,,4.073e-2,,1.143e-17,,5.961e-18,1.892e-16
503.64,2.362e+2,3.488e-2,3.847e-8,8.966e-44,1.114e-20,,,1.296e-18,6.544e-22,,2.824e-15,1.053e-18,3.108e-25,9.948e-18,4.358e-1,6.398e-32,1.022e-20,4.870e-14,,7.403e-1,1.540e-5,2.598e-21,1.867e+2,,2.172e-26,1.436e-19,,6.624e-19,1.150e-21,9.596e-3,1.347e+0,6.964e-29,1.223e-19,3.108e-22,5.220e-19,1.465e-16,5.041e-2,5.134e-17,6.322e-1,1.115e+1,2.735e+1,,7.406e+0,,,5.627e-3,,,2.296e-1,,1.147e-18,,7.504e-19,,4.538e-2,,1.143e-17,,5.965e-18,1.892e-16
503.67,2.394e+2,3.772e-2,3.643e-8,8.957e-44,7.799e-21,,,1.297e-18,6.548e-22,,2.824e-15,1.048e-18,3.117e-25,9.948e-18,4.819e-1,6.375e-32,1.020e-20,7.588e-14,,8.297e-1,1.056e-5,3.336e-21,1.908e+2,,2.137e-26,1.434e-19,,6.614e-19,1.151e-21,6.923e-3,1.296e+0,6.965e-29,1.223e-19,3.107e-22,1.106e-18,1.465e-16,6.392e-2,5.113e-17,6.959e-1,1.183e+1,2.605e+1,,6.912e+0,,,4.125e-3,,,2.632e-1,,1.148e-18,,7.503e-19,,5.307e-2,,1.142e-17,,5.970e-18,1.893e-16
503.69,2.409e+2,3.961e-2,3.504e-8,8.951e-44,5.571e-21,,,1.298e-18,6.551e-22,,2.823e-15,1.046e-18,3.124e-25,9.948e-18,5.133e-1,6.360e-32,1.019e-20,1.016e-13,,8.918e-1,8.186e-6,3.927e-21,1.930e+2,,2.113e-26,1.432e-19,,6.607e-19,1.151e-21,5.548e-3,1.259e+0,6.965e-29,1.223e-19,3.106e-22,1.819e-18,1.464e-16,7.461e-2,5.099e-17,7.391e-1,1.228e+1,2.512e+1,,6.576e+0,,,3.341e-3,,,2.872e-1,,1.148e-18,,7.502e-19,,5.869e-2,,1.142e-17,,5.974e-18,1.893e-16
503.72,2.422e+2,4.242e-2,3.291e-8,8.942e-44,2.228e-21,,,1.299e-18,6.556e-22,,2.823e-15,1.041e-18,3.133e-25,9.948e-18,5.612e-1,6.337e-32,1.017e-20,1.565e-13,,9.883e-1,5.552e-6,4.993e-21,1.954e+2,,2.078e-26,1.429e-19,,6.597e-19,1.152e-21,3.957e-3,1.203e+0,6.965e-29,1.223e-19,3.105e-22,3.813e-18,1.464e-16,9.359e-2,5.078e-17,8.044e-1,1.295e+1,2.366e+1,,6.068e+0,,,2.422e-3,,,3.256e-1,,1.148e-18,,7.501e-19,,6.787e-2,,1.141e-17,,5.980e-18,1.893e-16
503.74,2.424e+2,4.425e-2,3.148e-8,8.936e-44,4.735e-34,,,1.299e-18,6.559e-22,,2.823e-15,1.039e-18,3.139e-25,9.948e-18,5.934e-1,6.322e-32,1.015e-20,2.080e-13,,1.054e+0,4.269e-6,5.841e-21,1.964e+2,,2.055e-26,1.427e-19,,6.591e-19,1.152e-21,3.147e-3,1.164e+0,6.966e-29,1.223e-19,3.105e-22,6.221e-18,1.464e-16,1.085e-1,5.063e-17,8.479e-1,1.340e+1,2.265e+1,,5.729e+0,,,1.946e-3,,,3.526e-1,,1.148e-18,,7.501e-19,,7.450e-2,,1.141e-17,,5.983e-18,1.893e-16
503.77,2.418e+2,4.692e-2,2.933e-8,8.926e-44,1.003e-33,,,1.300e-18,6.563e-22,,2.822e-15,1.034e-18,3.149e-25,9.947e-18,6.415e-1,6.299e-32,1.013e-20,3.168e-13,,1.155e+0,2.863e-6,7.355e-21,1.969e+2,,2.020e-26,1.425e-19,,6.581e-19,1.152e-21,2.219e-3,1.104e+0,6.966e-29,1.224e-19,3.104e-22,1.289e-17,1.463e-16,1.346e-1,5.042e-17,9.125e-1,1.407e+1,2.109e+1,,5.227e+0,,,1.395e-3,,,3.952e-1,,1.148e-18,,7.500e-19,,8.520e-2,,1.140e-17,,5.989e-18,1.894e-16
503.79,2.407e+2,4.863e-2,2.790e-8,8.920e-44,1.649e-33,,,1.300e-18,6.566e-22,,2.822e-15,1.032e-18,3.155e-25,9.947e-18,6.731e-1,6.284e-32,1.012e-20,4.178e-13,,1.223e+0,2.185e-6,8.550e-21,1.966e+2,,1.997e-26,1.423e-19,,6.574e-19,1.153e-21,1.752e-3,1.063e+0,6.967e-29,1.224e-19,3.104e-22,2.089e-17,1.463e-16,1.549e-1,5.028e-17,9.547e-1,1.451e+1,2.003e+1,,4.898e+0,,,1.113e-3,,,4.248e-1,,1.148e-18,,7.500e-19,,9.283e-2,,1.140e-17,,5.992e-18,1.894e-16
503.82,2.382e+2,5.105e-2,2.578e-8,8.911e-44,3.455e-33,,,1.301e-18,6.570e-22,,2.822e-15,1.027e-18,3.164e-25,9.947e-18,7.195e-1,6.261e-32,1.010e-20,6.294e-13,,1.325e+0,1.448e-6,1.066e-20,1.952e+2,,1.961e-26,1.420e-19,,6.565e-19,1.153e-21,1.221e-3,1.002e+0,6.967e-29,1.224e-19,3.103e-22,4.281e-17,1.462e-16,1.903e-1,5.007e-17,1.016e+0,1.518e+1,1.844e+1,,4.419e+0,,,7.884e-4,,,4.707e-1,,1.149e-18,,7.499e-19,,1.050e-1,,1.140e-17,,5.998e-18,1.894e-16
503.84,2.359e+2,5.257e-2,2.439e-8,8.905e-44,5.637e-33,,,1.302e-18,6.573e-22,,2.821e-15,1.025e-18,3.170e-25,9.947e-18,7.494e-1,6.245e-32,1.009e-20,8.240e-13,,1.393e+0,1.097e-6,1.232e-20,1.937e+2,,1.938e-26,1.419e-19,,6.558e-19,1.154e-21,9.566e-4,9.615e-1,6.968e-29,1.224e-19,3.102e-22,6.882e-17,1.462e-16,2.175e-1,4.993e-17,1.055e+0,1.562e+1,1.739e+1,,4.110e+0,,,6.242e-4,,,5.022e-1,,1.149e-18,,7.498e-19,,1.135e-1,,1.139e-17,,6.001e-18,1.895e-16
503.87,2.315e+2,5.466e-2,2.236e-8,8.896e-44,1.168e-32,,,1.303e-18,6.578e-22,,2.821e-15,1.021e-18,3.180e-25,9.947e-18,7.920e-1,6.222e-32,1.007e-20,1.227e-12,,1.492e+0,7.191e-7,1.522e-20,1.905e+2,,1.903e-26,1.416e-19,,6.548e-19,1.154e-21,6.594e-4,9.013e-1,6.968e-29,1.224e-19,3.102e-22,1.395e-16,1.462e-16,2.643e-1,4.972e-17,1.110e+0,1.628e+1,1.583e+1,,3.666e+0,,,4.372e-4,,,5.502e-1,,1.149e-18,,7.498e-19,,1.269e-1,,1.139e-17,,6.007e-18,1.895e-16
503.89,2.281e+2,5.592e-2,2.104e-8,8.890e-44,1.892e-32,,,1.303e-18,6.581e-22,,2.821e-15,1.018e-18,3.186e-25,9.947e-18,8.187e-1,6.207e-32,1.006e-20,1.595e-12,,1.557e+0,5.405e-7,1.747e-20,1.877e+2,,1.880e-26,1.414e-19,,6.541e-19,1.154e-21,5.127e-4,8.620e-1,6.969e-29,1.224e-19,3.101e-22,2.226e-16,1.461e-16,3.000e-1,4.958e-17,1.144e+0,1.671e+1,1.481e+1,,3.384e+0,,,3.436e-4,,,5.826e-1,,1.149e-18,,7.497e-19,,1.362e-1,,1.138e-17,,6.011e-18,1.895e-16
503.92,2.222e+2,5.759e-2,1.912e-8,8.881e-44,3.876e-32,,,1.304e-18,6.585e-22,,2.820e-15,1.014e-18,3.195e-25,9.946e-18,8.556e-1,6.184e-32,1.004e-20,2.349e-12,,1.649e+0,3.503e-7,2.139e-20,1.828e+2,,1.845e-26,1.411e-19,,6.532e-19,1.155e-21,3.494e-4,8.047e-1,6.969e-29,1.225e-19,3.100e-22,4.462e-16,1.461e-16,3.609e-1,4.936e-17,1.190e+0,1.736e+1,1.333e+1,,2.984e+0,,,2.379e-4,,,6.312e-1,,1.149e-18,,7.496e-19,,1.506e-1,,1.138e-17,,6.016e-18,1.895e-16
503.94,2.177e+2,5.854e-2,1.789e-8,8.875e-44,6.230e-32,,,1.304e-18,6.588e-22,,2.820e-15,1.011e-18,3.202e-25,9.946e-18,8.778e-1,6.169e-32,1.002e-20,3.029e-12,,1.707e+0,2.613e-7,2.440e-20,1.790e+2,,1.821e-26,1.410e-19,,6.525e-19,1.155e-21,2.696e-4,7.680e-1,6.970e-29,1.225e-19,3.100e-22,7.068e-16,1.461e-16,4.068e-1,4.922e-17,1.217e+0,1.779e+1,1.238e+1,,2.734e+0,,,1.855e-4,,,6.633e-1,,1.149e-18,,7.496e-19,,1.604e-1,,1.137e-17,,6.020e-18,1.896e-16
503.96,2.130e+2,5.937e-2,1.671e-8,8.869e-44,9.984e-32,,,1.305e-18,6.591e-22,,2.820e-15,1.008e-18,3.208e-25,9.946e-18,8.979e-1,6.154e-32,1.001e-20,3.895e-12,,1.762e+0,1.944e-7,2.777e-20,1.748e+2,,1.798e-26,1.408e-19,,6.518e-19,1.155e-21,2.074e-4,7.325e-1,6.970e-29,1.225e-19,3.099e-22,1.116e-15,1.460e-16,4.573e-1,4.908e-17,1.241e+0,1.821e+1,1.146e+1,,2.497e+0,,,1.443e-4,,,6.950e-1,,1.149e-18,,7.495e-19,,1.704e-1,,1.137e-17,,6.023e-18,1.896e-16
503.99,2.053e+2,6.035e-2,1.501e-8,8.860e-44,2.014e-31,,,1.306e-18,6.595e-22,,2.819e-15,1.004e-18,3.217e-25,9.946e-18,9.236e-1,6.131e-32,9.992e-21,5.648e-12,,1.837e+0,1.240e-7,3.355e-20,1.679e+2,,1.763e-26,1.405e-19,,6.508e-19,1.156e-21,1.391e-4,6.821e-1,6.971e-29,1.225e-19,3.098e-22,2.203e-15,1.460e-16,5.423e-1,4.887e-17,1.271e+0,1.884e+1,1.016e+1,,2.167e+0,,,9.833e-5,,,7.412e-1,,1.150e-18,,7.495e-19,,1.854e-1,,1.136e-17,,6.029e-18,1.896e-16
504.01,1.998e+2,6.083e-2,1.394e-8,8.854e-44,3.204e-31,,,1.306e-18,6.598e-22,,2.819e-15,1.001e-18,3.223e-25,9.946e-18,9.377e-1,6.116e-32,9.979e-21,7.208e-12,,1.882e+0,9.149e-8,3.795e-20,1.629e+2,,1.740e-26,1.403e-19,,6.502e-19,1.156e-21,1.062e-4,6.506e-1,6.971e-29,1.225e-19,3.098e-22,3.453e-15,1.460e-16,6.055e-1,4.873e-17,1.286e+0,1.924e+1,9.333e+0,,1.965e+0,,,7.587e-5,,,7.707e-1,,1.150e-18,,7.494e-19,,1.954e-1,,1.136e-17,,6.032e-18,1.897e-16
504.04,1.912e+2,6.128e-2,1.243e-8,8.845e-44,6.392e-31,,,1.307e-18,6.603e-22,,2.818e-15,9.968e-19,3.233e-25,9.946e-18,9.538e-1,6.093e-32,9.960e-21,1.033e-11,,1.940e+0,5.769e-8,4.544e-20,1.549e+2,,1.705e-26,1.401e-19,,6.492e-19,1.157e-21,7.042e-5,6.066e-1,6.971e-29,1.225e-19,3.097e-22,6.738e-15,1.459e-16,7.109e-1,4.852e-17,1.302e+0,1.984e+1,8.175e+0,,1.686e+0,,,5.113e-5,,,8.127e-1,,1.150e-18,,7.493e-19,,2.103e-1,,1.136e-17,,6.038e-18,1.897e-16
504.06,1.852e+2,6.141e-2,1.148e-8,8.839e-44,1.009e-30,,,1.308e-18,6.606e-22,,2.818e-15,9.940e-19,3.239e-25,9.945e-18,9.611e-1,6.078e-32,9.947e-21,1.309e-11,,1.972e+0,4.226e-8,5.108e-20,1.493e+2,,1.681e-26,1.399e-19,,6.485e-19,1.157e-21,5.335e-5,5.796e-1,6.972e-29,1.226e-19,3.097e-22,1.048e-14,1.459e-16,7.886e-1,4.838e-17,1.308e+0,2.022e+1,7.456e+0,,1.517e+0,,,3.915e-5,,,8.388e-1,,1.150e-18,,7.493e-19,,2.200e-1,,1.135e-17,,6.041e-18,1.897e-16
504.09,1.760e+2,6.135e-2,1.015e-8,8.830e-44,1.991e-30,,,1.308e-18,6.610e-22,,2.818e-15,9.899e-19,3.248e-25,9.945e-18,9.667e-1,6.055e-32,9.927e-21,1.856e-11,,2.010e+0,2.635e-8,6.061e-20,1.406e+2,,1.646e-26,1.396e-19,,6.476e-19,1.157e-21,3.498e-5,5.426e-1,6.972e-29,1.226e-19,3.096e-22,2.023e-14,1.459e-16,9.167e-1,4.816e-17,1.310e+0,2.076e+1,6.458e+0,,1.287e+0,,,2.609e-5,,,8.746e-1,,1.150e-18,,7.492e-19,,2.341e-1,,1.135e-17,,6.047e-18,1.897e-16
504.11,1.698e+2,6.114e-2,9.331e-9,8.824e-44,3.121e-30,,,1.309e-18,6.613e-22,,2.817e-15,9.871e-19,3.255e-25,9.945e-18,9.669e-1,6.039e-32,9.914e-21,2.334e-11,,2.029e+0,1.915e-8,6.772e-20,1.347e+2,,1.623e-26,1.394e-19,,6.469e-19,1.158e-21,2.630e-5,5.204e-1,6.973e-29,1.226e-19,3.095e-22,3.124e-14,1.458e-16,1.010e+0,4.802e-17,1.306e+0,2.110e+1,5.845e+0,,1.149e+0,,,1.982e-5,,,8.959e-1,,1.150e-18,,7.492e-19,,2.431e-1,,1.134e-17,,6.051e-18,1.898e-16
504.14,1.603e+2,6.061e-2,8.192e-9,8.815e-44,6.088e-30,,,1.310e-18,6.618e-22,,2.817e-15,9.829e-19,3.264e-25,9.945e-18,9.617e-1,6.017e-32,9.895e-21,3.271e-11,,2.045e+0,1.181e-8,7.961e-20,1.256e+2,,1.588e-26,1.392e-19,,6.459e-19,1.158e-21,1.705e-5,4.907e-1,6.973e-29,1.226e-19,3.094e-22,5.963e-14,1.458e-16,1.163e+0,4.781e-17,1.293e+0,2.157e+1,5.005e+0,,9.643e-1,,,1.306e-5,,,9.236e-1,,1.151e-18,,7.491e-19,,2.557e-1,,1.134e-17,,6.056e-18,1.898e-16
504.16,1.540e+2,6.012e-2,7.493e-9,8.809e-44,9.471e-30,,,1.310e-18,6.621e-22,,2.817e-15,9.801e-19,3.270e-25,9.945e-18,9.548e-1,6.001e-32,9.882e-21,4.083e-11,,2.048e+0,8.518e-9,8.842e-20,1.195e+2,,1.565e-26,1.390e-19,,6.452e-19,1.159e-21,1.272e-5,4.733e-1,6.974e-29,1.226e-19,3.094e-22,9.140e-14,1.458e-16,1.273e+0,4.767e-17,1.279e+0,2.186e+1,4.497e+0,,8.546e-1,,,9.850e-6,,,9.390e-1,,1.151e-18,,7.490e-19,,2.635e-1,,1.133e-17,,6.060e-18,1.898e-16
504.19,1.445e+2,5.921e-2,6.533e-9,8.800e-44,1.827e-29,,,1.311e-18,6.625e-22,,2.816e-15,9.759e-19,3.280e-25,9.945e-18,9.393e-1,5.978e-32,9.862e-21,5.660e-11,,2.041e+0,5.190e-9,1.030e-19,1.103e+2,,1.530e-26,1.387e-19,,6.443e-19,1.159e-21,8.155e-6,4.506e-1,6.974e-29,1.226e-19,3.093e-22,1.725e-13,1.457e-16,1.452e+0,4.746e-17,1.252e+0,2.224e+1,3.807e+0,,7.089e-1,,,6.415e-6,,,9.572e-1,,1.151e-18,,7.490e-19,,2.741e-1,,1.133e-17,,6.065e-18,1.899e-16
504.21,1.383e+2,5.850e-2,5.950e-9,8.794e-44,2.821e-29,,,1.312e-18,6.628e-22,,2.816e-15,9.731e-19,3.286e-25,9.945e-18,9.257e-1,5.963e-32,9.849e-21,7.010e-11,,2.029e+0,3.717e-9,1.137e-19,1.043e+2,,1.506e-26,1.385e-19,,6.436e-19,1.159e-21,6.039e-6,4.377e-1,6.975e-29,1.227e-19,3.093e-22,2.625e-13,1.457e-16,1.580e+0,4.732e-17,1.229e+0,2.246e+1,3.395e+0,,6.235e-1,,,4.802e-6,,,9.659e-1,,1.151e-18,,7.489e-19,,2.804e-1,,1.132e-17,,6.069e-18,1.899e-16
504.24,1.290e+2,5.732e-2,5.158e-9,8.785e-44,5.383e-29,,,1.312e-18,6.632e-22,,2.815e-15,9.689e-19,3.295e-25,9.944e-18,9.009e-1,5.940e-32,9.830e-21,9.609e-11,,1.999e+0,2.239e-9,1.313e-19,9.534e+1,,1.471e-26,1.383e-19,,6.426e-19,1.160e-21,3.827e-6,4.213e-1,6.975e-29,1.227e-19,3.092e-22,4.898e-13,1.456e-16,1.784e+0,4.710e-17,1.190e+0,2.272e+1,2.842e+0,,5.114e-1,,,3.092e-6,,,9.735e-1,,1.151e-18,,7.488e-19,,2.884e-1,,1.132e-17,,6.074e-18,1.899e-16
504.26,1.230e+2,5.649e-2,4.681e-9,8.779e-44,8.250e-29,,,1.313e-18,6.635e-22,,2.815e-15,9.662e-19,3.301e-25,9.944e-18,8.815e-1,5.925e-32,9.817e-21,1.181e-10,,1.972e+0,1.591e-9,1.440e-19,8.953e+1,,1.448e-26,1.381e-19,,6.419e-19,1.160e-21,2.813e-6,4.123e-1,6.976e-29,1.227e-19,3.091e-22,7.397e-13,1.456e-16,1.929e+0,4.696e-17,1.160e+0,2.284e+1,2.515e+0,,4.464e-1,,,2.297e-6,,,9.750e-1,,1.151e-18,,7.488e-19,,2.928e-1,,1.132e-17,,6.078e-18,1.899e-16
504.29,1.142e+2,5.519e-2,4.038e-9,8.769e-44,1.557e-28,,,1.314e-18,6.640e-22,,2.815e-15,9.620e-19,3.311e-25,9.944e-18,8.489e-1,5.902e-32,9.797e-21,1.601e-10,,1.922e+0,9.478e-10,1.647e-19,8.106e+1,,1.413e-26,1.378e-19,,6.410e-19,1.161e-21,1.762e-6,4.013e-1,6.976e-29,1.227e-19,3.090e-22,1.365e-12,1.456e-16,2.159e+0,4.675e-17,1.110e+0,2.296e+1,2.082e+0,,3.621e-1,,,1.463e-6,,,9.717e-1,,1.152e-18,,7.487e-19,,2.978e-1,,1.131e-17,,6.083e-18,1.900e-16
504.31,1.086e+2,5.433e-2,3.656e-9,8.763e-44,2.368e-28,,,1.314e-18,6.643e-22,,2.814e-15,9.592e-19,3.317e-25,9.944e-18,8.250e-1,5.887e-32,9.784e-21,1.954e-10,,1.882e+0,6.684e-10,1.797e-19,7.562e+1,,1.390e-26,1.377e-19,,6.403e-19,1.161e-21,1.285e-6,3.955e-1,6.977e-29,1.227e-19,3.090e-22,2.047e-12,1.455e-16,2.320e+0,4.661e-17,1.074e+0,2.299e+1,1.828e+0,,3.137e-1,,,1.078e-6,,,9.659e-1,,1.152e-18,,7.487e-19,,3.000e-1,,1.131e-17,,6.087e-18,1.900e-16
504.33,1.031e+2,5.349e-2,3.307e-9,8.757e-44,3.592e-28,,,1.315e-18,6.646e-22,,2.814e-15,9.564e-19,3.323e-25,9.944e-18,7.996e-1,5.872e-32,9.771e-21,2.377e-10,,1.837e+0,4.700e-10,1.954e-19,7.036e+1,,1.366e-26,1.375e-19,,6.396e-19,1.161e-21,9.347e-7,3.908e-1,6.977e-29,1.227e-19,3.089e-22,3.059e-12,1.455e-16,2.487e+0,4.647e-17,1.036e+0,2.297e+1,1.601e+0,,2.709e-1,,,7.927e-7,,,9.572e-1,,1.152e-18,,7.486e-19,,3.014e-1,,1.130e-17,,6.091e-18,1.900e-16
504.36,9.513e+1,5.231e-2,2.842e-9,8.748e-44,6.672e-28,,,1.316e-18,6.650e-22,,2.814e-15,9.522e-19,3.333e-25,9.944e-18,7.595e-1,5.849e-32,9.752e-21,3.172e-10,,1.762e+0,2.755e-10,2.207e-19,6.283e+1,,1.331e-26,1.372e-19,,6.387e-19,1.162e-21,5.764e-7,3.853e-1,6.977e-29,1.228e-19,3.089e-22,5.558e-12,1.455e-16,2.749e+0,4.626e-17,9.754e-1,2.285e+1,1.304e+0,,2.163e-1,,,4.969e-7,,,9.390e-1,,1.152e-18,,7.485e-19,,3.017e-1,,1.130e-17,,6.096e-18,1.900e-16
504.38,9.007e+1,5.161e-2,2.569e-9,8.742e-44,1.004e-27,,,1.316e-18,6.653e-22,,2.813e-15,9.494e-19,3.339e-25,9.943e-18,7.317e-1,5.833e-32,9.739e-21,3.830e-10,,1.707e+0,1.923e-10,2.386e-19,5.808e+1,,1.308e-26,1.370e-19,,6.380e-19,1.162e-21,4.160e-7,3.826e-1,6.978e-29,1.228e-19,3.088e-22,8.245e-12,1.454e-16,2.929e+0,4.612e-17,9.337e-1,2.271e+1,1.133e+0,,1.854e-1,,,3.627e-7,,,9.236e-1,,1.152e-18,,7.485e-19,,3.008e-1,,1.129e-17,,6.100e-18,1.901e-16
504.41,8.284e+1,5.074e-2,2.209e-9,8.733e-44,1.845e-27,,,1.317e-18,6.657e-22,,2.813e-15,9.453e-19,3.348e-25,9.943e-18,6.892e-1,5.811e-32,9.720e-21,5.054e-10,,1.619e+0,1.114e-10,2.670e-19,5.135e+1,,1.273e-26,1.368e-19,,6.370e-19,1.162e-21,2.536e-7,3.796e-1,1.479e-28,1.228e-19,3.087e-22,1.481e-11,1.454e-16,3.209e+0,4.590e-17,8.696e-1,2.242e+1,9.129e-1,,1.463e-1,,,2.252e-7,,,8.959e-1,,1.152e-18,,7.484e-19,,2.978e-1,,1.129e-17,,6.105e-18,1.901e-16
504.43,7.827e+1,5.030e-2,1.998e-9,8.727e-44,2.757e-27,,,1.318e-18,6.660e-22,,2.813e-15,9.425e-19,3.354e-25,9.943e-18,6.606e-1,5.795e-32,9.707e-21,6.057e-10,,1.557e+0,7.717e-11,2.869e-19,4.715e+1,,1.250e-26,1.366e-19,,6.363e-19,1.163e-21,1.816e-7,3.781e-1,2.431e-28,1.228e-19,3.087e-22,2.181e-11,1.454e-16,3.400e+0,4.576e-17,8.262e-1,2.216e+1,7.874e-1,,1.245e-1,,,1.635e-7,,,8.746e-1,,1.153e-18,,7.484e-19,,2.947e-1,,1.128e-17,,6.109e-18,1.901e-16
504.46,7.178e+1,4.991e-2,1.722e-9,8.718e-44,5.008e-27,,,1.318e-18,6.665e-22,,2.812e-15,9.383e-19,3.364e-25,9.943e-18,6.182e-1,5.772e-32,9.687e-21,7.903e-10,,1.460e+0,4.422e-11,3.181e-19,4.129e+1,,1.215e-26,1.363e-19,,6.354e-19,1.163e-21,1.095e-7,3.762e-1,5.097e-28,1.228e-19,3.086e-22,3.876e-11,1.453e-16,3.692e+0,4.555e-17,7.608e-1,2.169e+1,6.271e-1,,9.715e-2,,,1.013e-7,,,8.388e-1,,1.153e-18,,7.483e-19,,2.884e-1,,1.128e-17,,6.114e-18,1.902e-16
504.48,6.771e+1,4.984e-2,1.562e-9,8.712e-44,7.429e-27,,,1.319e-18,6.668e-22,,2.812e-15,9.355e-19,3.370e-25,9.943e-18,5.907e-1,5.757e-32,9.674e-21,9.401e-10,,1.393e+0,3.039e-11,3.396e-19,3.766e+1,,1.191e-26,1.361e-19,,6.347e-19,1.163e-21,7.783e-8,3.750e-1,8.317e-28,1.228e-19,3.085e-22,5.665e-11,1.453e-16,3.889e+0,4.541e-17,7.174e-1,2.131e+1,5.368e-1,,8.204e-2,,,7.398e-8,,,8.127e-1,,1.153e-18,,7.482e-19,,2.833e-1,,1.127e-17,,6.118e-18,1.902e-16
504.51,6.196e+1,5.008e-2,1.354e-9,8.703e-44,1.335e-26,,,1.320e-18,6.672e-22,,2.812e-15,9.313e-19,3.379e-25,9.943e-18,5.511e-1,5.734e-32,9.655e-21,1.213e-9,,1.292e+0,1.722e-11,3.730e-19,3.265e+1,,1.156e-26,1.359e-19,,6.337e-19,1.164e-21,4.638e-8,3.732e-1,1.839e-27,1.229e-19,3.085e-22,9.955e-11,1.453e-16,4.188e+0,4.520e-17,6.532e-1,2.067e+1,4.228e-1,,6.331e-2,,,4.743e-8,,,7.707e-1,,1.153e-18,,7.482e-19,,2.742e-1,,1.127e-17,,6.123e-18,1.902e-16
504.53,5.837e+1,5.049e-2,1.233e-9,8.697e-44,1.965e-26,,,1.320e-18,6.675e-22,,2.811e-15,9.285e-19,3.386e-25,9.942e-18,5.263e-1,5.719e-32,9.642e-21,1.432e-9,,1.223e+0,1.175e-11,3.958e-19,2.958e+1,,1.133e-26,1.357e-19,,6.330e-19,1.164e-21,3.272e-8,3.717e-1,2.982e-27,1.229e-19,3.084e-22,1.444e-10,1.452e-16,4.388e+0,4.506e-17,6.114e-1,2.019e+1,3.592e-1,,5.307e-2,,,3.666e-8,,,7.412e-1,,1.153e-18,,7.481e-19,,2.673e-1,,1.127e-17,,6.127e-18,1.902e-16
504.56,5.333e+1,5.149e-2,1.077e-9,8.688e-44,3.490e-26,,,1.321e-18,6.679e-22,,2.811e-15,9.244e-19,3.395e-25,9.942e-18,4.921e-1,5.696e-32,9.622e-21,1.827e-9,,1.122e+0,6.579e-12,4.306e-19,2.539e+1,,1.098e-26,1.354e-19,,6.321e-19,1.165e-21,1.928e-8,3.690e-1,6.122e-27,1.229e-19,3.083e-22,2.509e-10,1.452e-16,4.687e+0,4.485e-17,5.504e-1,1.940e+1,2.797e-1,,4.050e-2,,,2.804e-8,,,6.950e-1,,1.153e-18,,7.480e-19,,2.558e-1,,1.126e-17,,6.132e-18,1.903e-16
504.58,5.020e+1,5.244e-2,9.864e-10,8.682e-44,5.101e-26,,,1.322e-18,6.682e-22,,2.811e-15,9.216e-19,3.401e-25,9.942e-18,4.717e-1,5.681e-32,9.609e-21,2.141e-9,,1.054e+0,4.453e-12,4.541e-19,2.286e+1,,1.075e-26,1.352e-19,,6.314e-19,1.165e-21,1.350e-8,3.667e-1,9.855e-27,1.229e-19,3.083e-22,3.614e-10,1.452e-16,4.884e+0,4.470e-17,5.113e-1,1.882e+1,2.358e-1,,3.371e-2,,,2.638e-8,,,6.633e-1,,1.154e-18,,7.480e-19,,2.475e-1,,1.126e-17,,6.136e-18,1.903e-16
504.61,4.583e+1,5.430e-2,8.691e-10,8.673e-44,8.960e-26,,,1.322e-18,6.687e-22,,2.810e-15,9.174e-19,3.410e-25,9.942e-18,4.455e-1,5.658e-32,9.590e-21,2.701e-9,,9.558e-1,2.466e-12,4.893e-19,1.942e+1,,1.040e-26,1.350e-19,,6.304e-19,1.166e-21,7.865e-9,3.623e-1,2.001e-26,1.229e-19,3.082e-22,6.209e-10,1.451e-16,5.175e+0,4.449e-17,4.551e-1,1.791e+1,1.815e-1,,2.547e-2,,,2.946e-8,,,6.150e-1,,1.154e-18,,7.479e-19,,2.342e-1,,1.125e-17,,6.141e-18,1.903e-16
504.63,4.313e+1,5.583e-2,8.014e-10,8.667e-44,1.300e-25,,,1.323e-18,6.690e-22,,2.810e-15,9.146e-19,3.417e-25,9.942e-18,4.312e-1,5.643e-32,9.577e-21,3.142e-9,,8.918e-1,1.657e-12,5.126e-19,1.737e+1,,1.016e-26,1.348e-19,,6.298e-19,1.166e-21,5.467e-9,3.587e-1,3.198e-26,1.230e-19,3.082e-22,8.875e-10,1.451e-16,5.364e+0,4.435e-17,4.196e-1,1.726e+1,1.519e-1,,2.106e-2,,,3.544e-8,,,5.826e-1,,1.154e-18,,7.479e-19,,2.249e-1,,1.125e-17,,6.145e-18,1.904e-16
504.66,3.938e+1,5.856e-2,7.129e-10,8.658e-44,2.258e-25,,,1.324e-18,6.694e-22,,2.809e-15,9.104e-19,3.426e-25,9.942e-18,4.151e-1,5.620e-32,9.557e-21,3.919e-9,,7.993e-1,9.072e-13,5.471e-19,1.461e+1,,9.812e-27,1.345e-19,,6.288e-19,1.166e-21,3.153e-9,3.523e-1,6.423e-26,1.230e-19,3.081e-22,1.508e-9,1.451e-16,5.639e+0,4.414e-17,3.693e-1,1.626e+1,1.156e-1,,1.579e-2,,,5.164e-8,,,5.341e-1,,1.154e-18,,7.478e-19,,2.105e-1,,1.124e-17,,6.151e-18,1.904e-16
504.68,3.707e+1,6.068e-2,6.615e-10,8.652e-44,3.251e-25,,,1.324e-18,6.697e-22,,2.809e-15,9.076e-19,3.432e-25,9.942e-18,4.084e-1,5.605e-32,9.544e-21,4.525e-9,,7.403e-1,6.049e-13,5.695e-19,1.298e+1,,9.578e-27,1.343e-19,,6.281e-19,1.167e-21,2.179e-9,3.473e-1,1.019e-25,1.230e-19,3.080e-22,2.140e-9,1.450e-16,5.815e+0,4.400e-17,3.379e-1,1.557e+1,9.605e-2,,1.301e-2,,,6.867e-8,,,5.022e-1,,1.154e-18,,7.477e-19,,2.006e-1,,1.124e-17,,6.154e-18,1.904e-16
504.7,3.490e+1,6.302e-2,6.151e-10,8.646e-44,4.667e-25,,,1.325e-18,6.700e-22,,2.809e-15,9.048e-19,3.439e-25,9.941e-18,4.052e-1,5.589e-32,9.531e-21,5.208e-9,,6.835e-1,4.021e-13,5.913e-19,1.150e+1,,9.345e-27,1.342e-19,,6.274e-19,1.167e-21,1.506e-9,3.417e-1,1.611e-25,1.230e-19,3.080e-22,3.026e-9,1.450e-16,5.985e+0,4.386e-17,3.083e-1,1.486e+1,7.953e-2,,1.072e-2,,,9.240e-8,,,4.707e-1,,1.154e-18,,7.477e-19,,1.907e-1,,1.123e-17,,6.158e-18,1.904e-16
504.73,3.191e+1,6.693e-2,5.538e-10,8.637e-44,7.982e-25,,,1.326e-18,6.704e-22,,2.808e-15,9.007e-19,3.448e-25,9.941e-18,4.072e-1,5.567e-32,9.512e-21,6.396e-9,,6.030e-1,2.167e-13,6.225e-19,9.541e+0,,8.995e-27,1.339e-19,,6.265e-19,1.167e-21,8.715e-10,3.321e-1,3.186e-25,1.230e-19,3.079e-22,5.063e-9,1.450e-16,6.225e+0,4.365e-17,2.671e-1,1.380e+1,5.959e-2,,8.062e-3,,,1.453e-7,,,4.248e-1,,1.154e-18,,7.476e-19,,1.758e-1,,1.123e-17,,6.163e-18,1.905e-16
504.75,3.007e+1,6.979e-2,5.174e-10,8.631e-44,1.137e-24,,,1.326e-18,6.707e-22,,2.808e-15,8.979e-19,3.454e-25,9.941e-18,4.135e-1,5.551e-32,9.499e-21,7.307e-9,,5.526e-1,1.429e-13,6.421e-19,8.396e+0,,8.761e-27,1.337e-19,,6.258e-19,1.168e-21,6.158e-10,3.251e-1,5.002e-25,1.230e-19,3.078e-22,7.109e-9,1.449e-16,6.376e+0,4.350e-17,2.418e-1,1.308e+1,4.897e-2,,6.714e-3,,,1.966e-7,,,3.952e-1,,1.155e-18,,7.475e-19,,1.659e-1,,1.123e-17,,6.167e-18,1.905e-16
504.78,2.755e+1,7.441e-2,4.686e-10,8.622e-44,1.924e-24,,,1.327e-18,6.712e-22,,2.808e-15,8.937e-19,3.463e-25,9.941e-18,4.308e-1,5.528e-32,9.480e-21,8.873e-9,,4.820e-1,7.614e-14,6.693e-19,6.898e+0,,8.411e-27,1.335e-19,,6.248e-19,1.168e-21,3.942e-10,3.134e-1,9.784e-25,1.231e-19,3.078e-22,1.176e-8,1.449e-16,6.584e+0,4.329e-17,2.072e-1,1.201e+1,3.628e-2,,5.220e-3,,,3.085e-7,,,3.526e-1,,1.155e-18,,7.475e-19,,1.512e-1,,1.122e-17,,6.172e-18,1.905e-16
504.8,2.601e+1,7.768e-2,4.393e-10,8.616e-44,2.721e-24,,,1.327e-18,6.715e-22,,2.807e-15,8.909e-19,3.470e-25,9.941e-18,4.478e-1,5.513e-32,9.467e-21,1.006e-8,,4.384e-1,4.985e-14,6.858e-19,6.031e+0,,8.178e-27,1.333e-19,,6.241e-19,1.168e-21,3.245e-10,3.050e-1,1.525e-24,1.231e-19,3.077e-22,1.639e-8,1.449e-16,6.711e+0,4.315e-17,1.862e-1,1.131e+1,2.959e-2,,4.525e-3,,,4.154e-7,,,3.256e-1,,1.155e-18,,7.474e-19,,1.417e-1,,1.122e-17,,6.176e-18,1.905e-16
504.83,2.390e+1,8.283e-2,3.992e-10,8.606e-44,4.550e-24,,,1.328e-18,6.719e-22,,2.807e-15,8.867e-19,3.479e-25,9.941e-18,4.820e-1,5.490e-32,9.447e-21,1.208e-8,,3.782e-1,2.626e-14,7.078e-19,4.907e+0,,7.828e-27,1.330e-19,,6.232e-19,1.169e-21,3.120e-10,2.916e-1,2.949e-24,1.231e-19,3.076e-22,2.681e-8,1.448e-16,6.882e+0,4.294e-17,1.577e-1,1.028e+1,2.167e-2,,3.870e-3,,,6.456e-7,,,2.872e-1,,1.155e-18,,7.473e-19,,1.280e-1,,1.121e-17,,6.181e-18,1.906e-16
504.85,2.262e+1,8.639e-2,3.747e-10,8.600e-44,6.388e-24,,,1.329e-18,6.722e-22,,2.807e-15,8.839e-19,3.485e-25,9.940e-18,5.109e-1,5.475e-32,9.434e-21,1.360e-8,,3.414e-1,1.706e-14,7.205e-19,4.264e+0,,7.594e-27,1.328e-19,,6.225e-19,1.169e-21,3.633e-10,2.821e-1,4.562e-24,1.231e-19,3.076e-22,3.709e-8,1.448e-16,6.983e+0,4.280e-17,1.406e-1,9.608e+0,1.754e-2,,3.668e-3,,,8.631e-7,,,2.632e-1,,1.155e-18,,7.473e-19,,1.192e-1,,1.121e-17,,6.185e-18,1.906e-16
504.88,2.087e+1,9.183e-2,3.407e-10,8.591e-44,1.057e-23,,,1.330e-18,6.727e-22,,2.806e-15,8.798e-19,3.495e-25,9.940e-18,5.634e-1,5.452e-32,9.415e-21,1.615e-8,,2.911e-1,8.885e-15,7.361e-19,3.439e+0,,7.244e-27,1.326e-19,,6.215e-19,1.170e-21,5.482e-10,2.673e-1,8.728e-24,1.231e-19,3.075e-22,6.000e-8,1.447e-16,7.113e+0,4.259e-17,1.178e-1,8.636e+0,1.271e-2,,3.699e-3,,,1.327e-6,,,2.296e-1,,1.155e-18,,7.472e-19,,1.066e-1,,1.120e-17,,6.191e-18,1.906e-16
504.9,1.982e+1,9.549e-2,3.197e-10,8.585e-44,1.472e-23,,,1.330e-18,6.730e-22,,2.806e-15,8.770e-19,3.501e-25,9.940e-18,6.048e-1,5.437e-32,9.402e-21,1.804e-8,,2.608e-1,5.729e-15,7.442e-19,2.972e+0,,7.011e-27,1.324e-19,,6.209e-19,1.170e-21,7.685e-10,2.571e-1,1.340e-23,1.231e-19,3.074e-22,8.238e-8,1.447e-16,7.186e+0,4.245e-17,1.043e-1,8.014e+0,1.021e-2,,3.941e-3,,,1.761e-6,,,2.089e-1,,1.156e-18,,7.472e-19,,9.875e-2,,1.120e-17,,6.194e-18,1.907e-16
504.93,1.839e+1,1.010e-1,2.902e-10,8.576e-44,2.408e-23,,,1.331e-18,6.734e-22,,2.806e-15,8.728e-19,3.510e-25,9.940e-18,6.766e-1,5.414e-32,9.382e-21,2.118e-8,,2.200e-1,2.950e-15,7.527e-19,2.381e+0,,6.661e-27,1.321e-19,,6.199e-19,1.170e-21,1.321e-9,2.416e-1,2.536e-23,1.232e-19,3.074e-22,1.318e-7,1.447e-16,7.274e+0,4.223e-17,8.634e-2,7.126e+0,7.310e-3,,4.658e-3,,,2.677e-6,,,1.802e-1,,1.156e-18,,7.471e-19,,8.777e-2,,1.119e-17,,6.200e-18,1.907e-16
504.95,1.753e+1,1.045e-1,2.718e-10,8.570e-44,3.331e-23,,,1.331e-18,6.737e-22,,2.805e-15,8.700e-19,3.516e-25,9.940e-18,7.310e-1,5.399e-32,9.369e-21,2.348e-8,,1.956e-1,1.888e-15,7.558e-19,2.051e+0,,6.427e-27,1.319e-19,,6.192e-19,1.171e-21,1.912e-9,2.311e-1,3.866e-23,1.232e-19,3.073e-22,1.796e-7,1.446e-16,7.319e+0,4.209e-17,7.585e-2,6.564e+0,5.829e-3,,5.395e-3,,,3.527e-6,,,1.626e-1,,1.156e-18,,7.470e-19,,8.102e-2,,1.119e-17,,6.203e-18,1.907e-16
504.98,1.637e+1,1.097e-1,2.458e-10,8.561e-44,5.387e-23,,,1.332e-18,6.741e-22,,2.805e-15,8.658e-19,3.526e-25,9.940e-18,8.223e-1,5.376e-32,9.350e-21,2.726e-8,,1.631e-1,9.609e-16,7.566e-19,1.639e+0,,6.077e-27,1.317e-19,,6.182e-19,1.171e-21,3.328e-9,2.153e-1,7.235e-23,1.232e-19,3.072e-22,2.842e-7,1.446e-16,7.365e+0,4.188e-17,6.211e-2,5.773e+0,4.127e-3,,6.952e-3,,,5.302e-6,,,1.387e-1,,1.156e-18,,7.470e-19,,7.180e-2,,1.118e-17,,6.209e-18,1.907e-16
505,1.568e+1,1.130e-1,2.295e-10,8.555e-44,7.396e-23,,,1.333e-18,6.744e-22,,2.805e-15,8.630e-19,3.532e-25,9.939e-18,8.897e-1,5.361e-32,9.337e-21,3.000e-8,,1.439e-1,6.103e-16,7.546e-19,1.413e+0,,1.004e-26,1.315e-19,,6.176e-19,1.172e-21,4.805e-9,2.048e-1,1.095e-22,1.232e-19,3.072e-22,3.844e-7,1.446e-16,7.382e+0,4.174e-17,5.416e-2,5.279e+0,3.266e-3,,8.341e-3,,,6.933e-6,,,1.243e-1,,1.156e-18,,7.469e-19,,6.628e-2,,1.118e-17,,6.212e-18,1.908e-16
505.03,1.476e+1,1.176e-1,2.065e-10,8.546e-44,1.183e-22,,,1.334e-18,6.749e-22,,2.804e-15,8.589e-19,3.541e-25,9.939e-18,1.000e+0,5.338e-32,9.317e-21,3.444e-8,,1.187e-1,3.071e-16,7.476e-19,1.138e+0,,2.119e-26,1.312e-19,,6.166e-19,1.172e-21,8.300e-9,1.894e-1,2.026e-22,1.232e-19,3.071e-22,6.015e-7,1.445e-16,7.387e+0,4.153e-17,4.385e-2,4.591e+0,2.286e-3,,1.106e-2,,,1.031e-5,,,1.048e-1,,1.156e-18,,7.468e-19,,5.898e-2,,1.117e-17,,6.218e-18,1.908e-16
505.05,1.422e+1,1.204e-1,1.920e-10,8.540e-44,1.612e-22,,,1.334e-18,6.752e-22,,2.804e-15,8.561e-19,3.548e-25,9.939e-18,1.080e+0,5.322e-32,9.304e-21,3.762e-8,,1.039e-1,1.936e-16,7.405e-19,9.923e-1,,3.474e-26,1.310e-19,,6.159e-19,1.172e-21,1.191e-8,1.794e-1,3.043e-22,1.232e-19,3.070e-22,8.076e-7,1.445e-16,7.379e+0,4.139e-17,3.795e-2,4.168e+0,1.796e-3,,1.338e-2,,,1.338e-5,,,9.321e-2,,1.157e-18,,7.468e-19,,5.477e-2,,1.117e-17,,6.221e-18,1.908e-16
505.07,1.374e+1,1.229e-1,1.782e-10,8.534e-44,2.190e-22,,,1.335e-18,6.755e-22,,2.804e-15,8.533e-19,3.554e-25,9.939e-18,1.164e+0,5.307e-32,9.291e-21,4.097e-8,,9.077e-2,1.217e-16,7.314e-19,8.730e-1,,5.680e-26,1.309e-19,,6.152e-19,1.173e-21,1.703e-8,1.697e-1,4.558e-22,1.233e-19,3.070e-22,1.081e-6,1.445e-16,7.360e+0,4.125e-17,3.274e-2,3.772e+0,1.406e-3,,1.619e-2,,,1.731e-5,,,8.264e-2,,1.157e-18,,7.467e-19,,5.109e-2,,1.117e-17,,6.225e-18,1.909e-16
505.1,1.310e+1,1.263e-1,1.588e-10,8.525e-44,3.449e-22,,,1.335e-18,6.759e-22,,2.803e-15,8.491e-19,3.563e-25,9.939e-18,1.298e+0,5.284e-32,9.272e-21,4.630e-8,,7.366e-2,6.026e-17,7.141e-19,7.387e-1,,1.180e-25,1.306e-19,,6.143e-19,1.173e-21,2.898e-8,1.558e-1,8.307e-22,1.233e-19,3.069e-22,1.665e-6,1.444e-16,7.316e+0,4.103e-17,2.609e-2,3.230e+0,9.688e-4,,2.149e-2,,,2.534e-5,,,6.860e-2,,1.157e-18,,7.467e-19,,4.660e-2,,1.116e-17,,6.231e-18,1.909e-16
505.12,1.274e+1,1.281e-1,1.467e-10,8.519e-44,4.651e-22,,,1.336e-18,6.762e-22,,2.803e-15,8.463e-19,3.569e-25,9.939e-18,1.393e+0,5.269e-32,9.259e-21,5.005e-8,,6.385e-2,3.758e-17,7.004e-19,6.760e-1,,1.916e-25,1.304e-19,,6.136e-19,1.173e-21,4.115e-8,1.470e-1,1.235e-21,1.233e-19,3.069e-22,2.213e-6,1.444e-16,7.276e+0,4.089e-17,2.234e-2,2.902e+0,7.529e-4,,2.589e-2,,,3.254e-5,,,6.037e-2,,1.157e-18,,7.466e-19,,4.430e-2,,1.116e-17,,6.234e-18,1.909e-16
505.15,1.228e+1,1.302e-1,1.297e-10,8.510e-44,7.244e-22,,,1.337e-18,6.766e-22,,2.802e-15,8.421e-19,3.579e-25,9.939e-18,1.540e+0,5.246e-32,9.240e-21,5.593e-8,,5.123e-2,1.840e-17,6.768e-19,6.186e-1,,3.938e-25,1.301e-19,,6.126e-19,1.174e-21,6.924e-8,1.348e-1,2.226e-21,1.233e-19,3.068e-22,3.371e-6,1.444e-16,7.202e+0,4.068e-17,1.761e-2,2.457e+0,5.130e-4,,3.409e-2,,,4.710e-5,,,4.955e-2,,1.157e-18,,7.465e-19,,4.190e-2,,1.115e-17,,6.240e-18,1.909e-16
505.17,1.202e+1,1.312e-1,1.191e-10,8.504e-44,9.696e-22,,,1.337e-18,6.769e-22,,2.802e-15,8.393e-19,3.585e-25,9.938e-18,1.643e+0,5.231e-32,9.227e-21,6.001e-8,,4.407e-2,1.139e-17,6.592e-19,6.032e-1,,6.342e-25,1.300e-19,,6.120e-19,1.174e-21,9.758e-8,1.272e-1,3.285e-21,1.233e-19,3.067e-22,4.446e-6,1.443e-16,7.144e+0,4.054e-17,1.496e-2,2.191e+0,3.957e-4,,4.081e-2,,,6.005e-5,,,4.327e-2,,1.157e-18,,7.465e-19,,4.102e-2,,1.115e-17,,6.243e-18,1.910e-16
505.2,1.172e+1,1.320e-1,1.044e-10,8.495e-44,1.493e-21,,,1.338e-18,6.774e-22,,2.802e-15,8.352e-19,3.594e-25,9.938e-18,1.800e+0,5.208e-32,9.207e-21,6.631e-8,,3.497e-2,5.515e-18,6.304e-19,6.126e-1,,1.289e-24,1.297e-19,,6.110e-19,1.175e-21,1.624e-7,1.170e-1,5.857e-21,1.233e-19,3.066e-22,6.696e-6,1.443e-16,7.045e+0,4.033e-17,1.166e-2,1.835e+0,2.665e-4,,5.318e-2,,,8.595e-5,,,3.512e-2,,1.158e-18,,7.464e-19,,4.077e-2,,1.114e-17,,6.249e-18,1.910e-16
505.22,1.156e+1,1.320e-1,9.535e-11,8.489e-44,1.984e-21,,,1.339e-18,6.777e-22,,2.801e-15,8.324e-19,3.601e-25,9.938e-18,1.907e+0,5.193e-32,9.194e-21,7.061e-8,,2.986e-2,3.388e-18,6.097e-19,6.403e-1,,2.061e-24,1.295e-19,,6.103e-19,1.175e-21,2.272e-7,1.110e-1,8.580e-21,1.234e-19,3.066e-22,8.767e-6,1.443e-16,6.973e+0,4.019e-17,9.835e-3,1.624e+0,2.040e-4,,6.322e-2,,,1.088e-4,,,3.044e-2,,1.158e-18,,7.464e-19,,4.135e-2,,1.114e-17,,6.252e-18,1.910e-16
505.25,1.140e+1,1.314e-1,8.283e-11,8.480e-44,3.021e-21,,,1.339e-18,6.781e-22,,2.801e-15,8.282e-19,3.610e-25,9.938e-18,2.068e+0,5.170e-32,9.175e-21,7.716e-8,,2.342e-2,1.622e-18,5.769e-19,7.140e-1,,4.144e-24,1.293e-19,,6.093e-19,1.175e-21,3.738e-7,1.032e-1,1.513e-20,1.234e-19,3.065e-22,1.306e-5,1.442e-16,6.855e+0,3.997e-17,7.577e-3,1.345e+0,1.359e-4,,8.150e-2,,,1.539e-4,,,2.443e-2,,1.158e-18,,7.463e-19,,4.336e-2,,1.113e-17,,6.258e-18,1.911e-16
505.27,1.133e+1,1.305e-1,7.519e-11,8.474e-44,3.985e-21,,,1.340e-18,6.784e-22,,2.801e-15,8.254e-19,3.616e-25,9.938e-18,2.175e+0,5.155e-32,9.162e-21,8.155e-8,,1.985e-2,9.885e-19,5.541e-19,7.854e-1,,6.577e-24,1.291e-19,,6.087e-19,1.176e-21,5.191e-7,9.892e-2,2.200e-20,1.234e-19,3.065e-22,1.697e-5,1.442e-16,6.772e+0,3.983e-17,6.344e-3,1.182e+0,1.032e-4,,9.617e-2,,,1.933e-4,,,2.102e-2,,1.158e-18,,7.462e-19,,4.548e-2,,1.113e-17,,6.261e-18,1.911e-16
505.3,1.130e+1,1.285e-1,6.472e-11,8.465e-44,6.001e-21,,,1.341e-18,6.788e-22,,2.800e-15,8.212e-19,3.626e-25,9.938e-18,2.334e+0,5.132e-32,9.142e-21,8.812e-8,,1.540e-2,4.678e-19,5.188e-19,9.276e-1,,1.308e-23,1.288e-19,,6.077e-19,1.176e-21,8.447e-7,9.387e-2,3.837e-20,1.234e-19,3.064e-22,2.500e-5,1.441e-16,6.640e+0,3.962e-17,4.832e-3,9.676e-1,6.799e-5,,1.226e-1,,,2.706e-4,,,1.668e-2,,1.158e-18,,7.462e-19,,4.986e-2,,1.113e-17,,6.267e-18,1.911e-16
505.32,1.132e+1,1.267e-1,5.838e-11,8.459e-44,7.855e-21,,,1.341e-18,6.791e-22,,2.800e-15,8.184e-19,3.632e-25,9.937e-18,2.438e+0,5.116e-32,9.129e-21,9.244e-8,,1.295e-2,2.830e-19,4.948e-19,1.048e+0,,2.060e-23,1.286e-19,,6.070e-19,1.177e-21,1.164e-6,9.146e-2,5.539e-20,1.234e-19,3.063e-22,3.224e-5,1.441e-16,6.549e+0,3.948e-17,4.015e-3,8.437e-1,5.127e-5,,1.436e-1,,,3.374e-4,,,1.425e-2,,1.158e-18,,7.461e-19,,5.362e-2,,1.112e-17,,6.271e-18,1.911e-16
505.35,1.143e+1,1.234e-1,4.977e-11,8.449e-44,1.170e-20,,,1.342e-18,6.796e-22,,2.800e-15,8.143e-19,3.641e-25,9.937e-18,2.588e+0,5.094e-32,9.110e-21,9.877e-8,,9.931e-3,2.827e-19,4.586e-19,1.269e+0,,4.051e-23,1.284e-19,,6.060e-19,1.177e-21,1.874e-6,8.937e-2,9.555e-20,1.235e-19,3.063e-22,4.696e-5,1.441e-16,6.407e+0,3.927e-17,3.024e-3,6.831e-1,3.338e-5,,1.810e-1,,,4.670e-4,,,1.118e-2,,1.159e-18,,7.460e-19,,6.055e-2,,1.112e-17,,6.276e-18,1.912e-16
505.37,1.154e+1,1.208e-1,4.461e-11,8.443e-44,1.520e-20,,,1.343e-18,6.799e-22,,2.799e-15,8.115e-19,3.647e-25,9.937e-18,2.683e+0,5.078e-32,9.097e-21,1.028e-7,,8.290e-3,2.825e-19,4.344e-19,1.446e+0,,6.334e-23,1.282e-19,,6.054e-19,1.177e-21,2.563e-6,8.900e-2,1.369e-19,1.235e-19,3.062e-22,6.013e-5,2.374e-16,6.310e+0,3.913e-17,2.494e-3,5.912e-1,2.498e-5,,2.105e-1,,,5.779e-4,,,9.479e-3,,1.159e-18,,7.460e-19,,6.607e-2,,1.111e-17,,6.280e-18,1.912e-16
505.4,1.177e+1,1.164e-1,3.766e-11,8.434e-44,2.239e-20,,,1.344e-18,6.803e-22,,2.799e-15,8.073e-19,3.657e-25,9.937e-18,2.816e+0,5.055e-32,9.077e-21,1.087e-7,,6.287e-3,2.822e-19,3.986e-19,1.762e+0,,1.232e-22,1.279e-19,,6.044e-19,1.178e-21,4.079e-6,9.004e-2,2.336e-19,1.235e-19,3.061e-22,8.661e-5,4.996e-16,6.161e+0,3.892e-17,1.857e-3,4.734e-1,1.608e-5,,2.624e-1,,,7.910e-4,,,7.361e-3,,1.159e-18,,7.459e-19,,7.575e-2,,1.111e-17,,6.285e-18,1.912e-16
505.42,1.198e+1,1.131e-1,3.354e-11,8.428e-44,2.887e-20,,,1.344e-18,6.806e-22,,2.799e-15,8.045e-19,3.663e-25,9.937e-18,2.898e+0,5.040e-32,9.064e-21,1.123e-7,,5.209e-3,2.820e-19,3.751e-19,2.009e+0,,1.912e-22,1.277e-19,,6.037e-19,1.178e-21,5.540e-6,9.181e-2,3.323e-19,1.235e-19,3.061e-22,1.101e-4,8.174e-16,6.059e+0,3.877e-17,1.520e-3,4.066e-1,1.195e-5,,3.028e-1,,,9.715e-4,,,6.198e-3,,1.159e-18,,7.459e-19,,8.319e-2,,1.110e-17,,6.289e-18,1.912e-16
505.45,1.236e+1,1.077e-1,2.804e-11,8.419e-44,4.205e-20,,,1.345e-18,6.811e-22,,2.798e-15,8.003e-19,3.672e-25,9.937e-18,3.009e+0,5.017e-32,9.045e-21,1.173e-7,,3.906e-3,2.818e-19,3.408e-19,2.440e+0,,3.677e-22,1.275e-19,,6.027e-19,1.179e-21,8.719e-6,9.611e-2,5.607e-19,1.235e-19,3.060e-22,1.568e-4,1.701e-15,5.904e+0,3.856e-17,1.120e-3,3.219e-1,7.603e-6,,3.733e-1,,,1.315e-3,,,4.768e-3,,1.159e-18,,7.458e-19,,9.587e-2,,1.110e-17,,6.294e-18,1.913e-16
505.47,1.267e+1,1.039e-1,2.480e-11,8.413e-44,5.383e-20,,,1.345e-18,6.813e-22,,2.798e-15,7.975e-19,3.678e-25,9.936e-18,3.074e+0,5.002e-32,9.032e-21,1.203e-7,,3.212e-3,2.816e-19,3.188e-19,2.772e+0,,5.665e-22,1.273e-19,,6.021e-19,1.179e-21,1.175e-5,1.001e-1,7.919e-19,1.235e-19,3.059e-22,1.978e-4,2.762e-15,5.798e+0,3.842e-17,9.095e-4,2.745e-1,5.605e-6,,4.276e-1,,,1.603e-3,,,3.993e-3,,1.159e-18,,7.457e-19,,1.054e-1,,1.109e-17,,6.298e-18,1.913e-16
505.49,1.302e+1,9.996e-2,2.188e-11,8.407e-44,6.871e-20,,,1.346e-18,6.816e-22,,2.798e-15,7.948e-19,3.685e-25,9.936e-18,3.130e+0,4.987e-32,9.019e-21,1.231e-7,,2.633e-3,2.814e-19,2.974e-19,3.143e+0,,8.702e-22,1.271e-19,,6.014e-19,1.179e-21,1.580e-5,1.049e-1,1.115e-18,1.235e-19,3.059e-22,2.487e-4,4.473e-15,5.691e+0,3.828e-17,7.366e-4,2.333e-1,4.120e-6,,4.883e-1,,,1.949e-3,,,3.340e-3,,1.159e-18,,7.457e-19,,1.158e-1,,1.109e-17,,6.301e-18,1.913e-16
505.52,1.363e+1,9.376e-2,1.804e-11,8.398e-44,9.852e-20,,,1.347e-18,6.821e-22,,2.797e-15,7.906e-19,3.694e-25,9.936e-18,3.199e+0,4.964e-32,9.000e-21,1.266e-7,,1.943e-3,2.811e-19,2.670e-19,3.779e+0,,1.648e-21,1.268e-19,,6.004e-19,1.180e-21,2.447e-5,1.139e-1,1.853e-18,1.236e-19,3.058e-22,3.488e-4,9.164e-15,5.527e+0,3.807e-17,5.339e-4,1.818e-1,2.581e-6,,5.926e-1,,,2.597e-3,,,2.553e-3,,1.160e-18,,7.456e-19,,1.332e-1,,1.109e-17,,6.307e-18,1.914e-16
505.54,1.410e+1,8.951e-2,1.581e-11,8.392e-44,1.248e-19,,,1.347e-18,6.824e-22,,2.797e-15,7.878e-19,3.700e-25,9.936e-18,3.234e+0,4.949e-32,8.987e-21,1.285e-7,,1.581e-3,2.809e-19,2.478e-19,4.260e+0,,2.512e-21,1.267e-19,,5.998e-19,1.180e-21,3.265e-5,1.209e-1,2.590e-18,1.236e-19,3.058e-22,4.354e-4,1.473e-14,5.416e+0,3.793e-17,4.292e-4,1.534e-1,1.883e-6,,6.717e-1,,,3.133e-3,,,2.138e-3,,1.160e-18,,7.456e-19,,1.459e-1,,1.108e-17,,6.311e-18,1.914e-16
505.57,1.490e+1,8.304e-2,1.290e-11,8.383e-44,1.770e-19,,,1.348e-18,6.828e-22,,2.796e-15,7.836e-19,3.710e-25,9.936e-18,3.269e+0,4.926e-32,8.967e-21,1.307e-7,,1.154e-3,2.806e-19,2.209e-19,5.075e+0,,4.705e-21,1.264e-19,,5.988e-19,1.180e-21,5.003e-5,1.331e-1,4.256e-18,1.236e-19,3.057e-22,6.038e-4,2.985e-14,5.245e+0,3.772e-17,3.076e-4,1.182e-1,1.166e-6,,8.061e-1,,,4.128e-3,,,1.651e-3,,1.160e-18,,7.455e-19,,1.670e-1,,1.108e-17,,6.316e-18,1.914e-16
505.59,1.551e+1,7.869e-2,1.123e-11,8.377e-44,2.226e-19,,,1.349e-18,6.831e-22,,2.796e-15,7.808e-19,3.716e-25,9.936e-18,3.280e+0,4.911e-32,8.954e-21,1.316e-7,,9.319e-4,2.804e-19,2.042e-19,5.685e+0,,7.121e-21,1.262e-19,,5.981e-19,1.181e-21,6.624e-5,1.422e-1,5.905e-18,1.236e-19,3.056e-22,7.481e-4,4.761e-14,5.129e+0,3.757e-17,2.454e-4,9.900e-2,8.443e-7,,9.070e-1,,,4.944e-3,,,1.405e-3,,1.160e-18,,7.454e-19,,1.824e-1,,1.107e-17,,6.320e-18,1.914e-16
505.62,1.654e+1,7.219e-2,9.069e-12,8.368e-44,3.121e-19,,,1.349e-18,6.836e-22,,2.796e-15,7.766e-19,3.725e-25,9.936e-18,3.278e+0,4.888e-32,8.935e-21,1.324e-7,,6.725e-4,2.801e-19,1.812e-19,6.709e+0,,1.319e-20,1.259e-19,,5.971e-19,1.181e-21,1.004e-4,1.574e-1,9.599e-18,1.236e-19,3.055e-22,1.026e-3,9.542e-14,4.951e+0,3.736e-17,1.739e-4,7.544e-2,5.171e-7,,1.076e+0,,,6.442e-3,,,1.133e-3,,1.160e-18,,7.454e-19,,2.075e-1,,1.107e-17,,6.325e-18,1.915e-16
505.64,1.730e+1,6.791e-2,7.839e-12,8.362e-44,3.895e-19,,,1.350e-18,6.839e-22,,2.795e-15,7.739e-19,3.731e-25,9.935e-18,3.265e+0,4.872e-32,8.922e-21,1.324e-7,,5.390e-4,2.799e-19,1.672e-19,7.467e+0,,1.981e-20,1.258e-19,,5.965e-19,1.181e-21,1.319e-4,1.685e-1,1.322e-17,1.237e-19,3.055e-22,1.262e-3,1.511e-13,4.829e+0,3.722e-17,1.377e-4,6.271e-2,3.716e-7,,1.202e+0,,,7.657e-3,,,1.009e-3,,1.160e-18,,7.453e-19,,2.256e-1,,1.106e-17,,6.329e-18,1.915e-16
505.67,1.857e+1,6.162e-2,6.268e-12,8.353e-44,5.402e-19,,,1.351e-18,6.843e-22,,2.795e-15,7.697e-19,3.741e-25,9.935e-18,3.226e+0,4.849e-32,8.902e-21,1.316e-7,,3.846e-4,2.796e-19,1.482e-19,8.726e+0,,3.628e-20,1.255e-19,,5.955e-19,1.182e-21,1.977e-4,1.865e-1,2.126e-17,1.237e-19,3.054e-22,1.711e-3,2.995e-13,4.642e+0,3.701e-17,9.649e-5,4.726e-2,2.250e-7,,1.411e+0,,,9.868e-3,,,8.990e-4,,1.161e-18,,7.452e-19,,2.551e-1,,1.106e-17,,6.334e-18,1.915e-16
505.69,1.950e+1,5.753e-2,5.381e-12,8.347e-44,6.692e-19,,,1.351e-18,6.846e-22,,2.795e-15,7.669e-19,3.747e-25,9.935e-18,3.189e+0,4.834e-32,8.889e-21,1.307e-7,,3.059e-4,2.794e-19,1.368e-19,9.649e+0,,5.411e-20,1.253e-19,,5.948e-19,1.182e-21,2.579e-4,1.993e-1,2.907e-17,1.237e-19,3.054e-22,2.089e-3,4.708e-13,4.515e+0,3.687e-17,7.583e-5,3.900e-2,1.605e-7,,1.564e+0,,,1.164e-2,,,8.730e-4,,1.161e-18,,7.452e-19,,2.764e-1,,1.105e-17,,6.338e-18,1.916e-16
505.72,2.105e+1,5.162e-2,4.258e-12,8.338e-44,9.177e-19,,,1.352e-18,6.850e-22,,2.794e-15,7.627e-19,3.756e-25,9.935e-18,3.117e+0,4.811e-32,8.870e-21,1.285e-7,,2.158e-4,2.791e-19,1.218e-19,1.117e+1,,9.801e-20,1.251e-19,,5.938e-19,1.183e-21,3.822e-4,2.196e-1,4.623e-17,1.237e-19,3.053e-22,2.802e-3,9.228e-13,4.320e+0,3.666e-17,5.254e-5,2.909e-2,9.608e-8,,1.815e+0,,,1.484e-2,,,9.015e-4,,1.161e-18,,7.451e-19,,3.106e-1,,1.105e-17,,6.343e-18,1.916e-16
505.74,2.217e+1,4.785e-2,3.630e-12,8.332e-44,1.128e-18,,,1.353e-18,6.853e-22,,2.794e-15,7.599e-19,3.763e-25,9.935e-18,3.058e+0,4.796e-32,8.857e-21,1.266e-7,,1.704e-4,2.789e-19,1.130e-19,1.227e+1,,1.451e-19,1.249e-19,,5.932e-19,1.183e-21,4.950e-4,2.337e-1,6.275e-17,1.237e-19,3.052e-22,3.395e-3,1.440e-12,4.188e+0,3.652e-17,4.098e-5,2.385e-2,6.800e-8,,1.996e+0,,,1.737e-2,,,9.658e-4,,1.161e-18,,7.451e-19,,3.352e-1,,1.105e-17,,6.347e-18,1.916e-16
505.77,2.400e+1,4.246e-2,2.842e-12,8.323e-44,1.530e-18,,,1.353e-18,6.858e-22,,2.793e-15,7.557e-19,3.772e-25,9.935e-18,2.955e+0,4.773e-32,8.837e-21,1.231e-7,,1.189e-4,2.786e-19,1.017e-19,1.405e+1,,2.599e-19,1.246e-19,,5.922e-19,1.184e-21,7.254e-4,2.557e-1,9.869e-17,1.237e-19,3.051e-22,4.503e-3,2.791e-12,3.985e+0,3.630e-17,2.807e-5,1.764e-2,4.026e-8,,2.291e+0,,,2.189e-2,,,1.134e-3,,1.161e-18,,7.450e-19,,3.747e-1,,1.104e-17,,6.352e-18,1.916e-16
505.79,2.532e+1,3.907e-2,2.406e-12,8.317e-44,1.868e-18,,,1.354e-18,6.861e-22,,2.793e-15,7.530e-19,3.778e-25,9.934e-18,2.878e+0,4.758e-32,8.824e-21,1.203e-7,,9.316e-5,2.784e-19,9.533e-20,1.534e+1,,3.819e-19,1.244e-19,,5.915e-19,1.184e-21,9.324e-4,2.709e-1,1.330e-16,1.238e-19,3.051e-22,5.416e-3,4.323e-12,3.848e+0,3.616e-17,2.173e-5,1.440e-2,2.828e-8,,2.502e+0,,,2.545e-2,,,1.297e-3,,1.161e-18,,7.449e-19,,4.029e-1,,1.104e-17,,6.356e-18,1.917e-16
505.82,2.746e+1,3.428e-2,1.865e-12,8.308e-44,2.505e-18,,,1.355e-18,6.865e-22,,2.793e-15,7.488e-19,3.788e-25,9.934e-18,2.750e+0,4.735e-32,8.805e-21,1.157e-7,,6.426e-5,2.781e-19,8.738e-20,1.740e+1,,6.765e-19,1.242e-19,,5.905e-19,1.184e-21,1.351e-3,2.940e-1,2.069e-16,1.238e-19,3.050e-22,7.103e-3,8.288e-12,3.641e+0,3.595e-17,1.472e-5,1.062e-2,1.655e-8,,2.839e+0,,,3.171e-2,,,1.630e-3,,1.162e-18,,7.448e-19,,4.481e-1,,1.103e-17,,6.362e-18,1.917e-16
505.84,2.898e+1,3.131e-2,1.568e-12,8.302e-44,3.035e-18,,,1.355e-18,6.868e-22,,2.792e-15,7.460e-19,3.794e-25,9.934e-18,2.658e+0,4.720e-32,8.792e-21,1.123e-7,,4.997e-5,2.779e-19,8.309e-20,1.886e+1,,9.867e-19,1.240e-19,,5.899e-19,1.185e-21,1.724e-3,3.095e-1,2.768e-16,1.238e-19,3.050e-22,8.479e-3,1.274e-11,3.502e+0,3.581e-17,1.131e-5,8.694e-3,1.154e-8,,3.077e+0,,,3.659e-2,,,1.917e-3,,1.162e-18,,7.448e-19,,4.802e-1,,1.103e-17,,6.365e-18,1.917e-16
505.86,3.057e+1,2.851e-2,1.314e-12,8.296e-44,3.666e-18,,,1.356e-18,6.871e-22,,2.792e-15,7.432e-19,3.800e-25,9.934e-18,2.562e+0,4.705e-32,8.779e-21,1.087e-7,,3.875e-5,2.777e-19,7.957e-20,2.039e+1,,1.435e-18,1.238e-19,,5.892e-19,1.185e-21,2.193e-3,3.251e-1,3.692e-16,1.238e-19,3.049e-22,1.009e-2,1.953e-11,3.362e+0,3.567e-17,8.664e-6,7.153e-3,8.020e-9,,3.326e+0,,,4.209e-2,,,2.265e-3,,1.162e-18,,7.447e-19,,5.140e-1,,1.102e-17,,6.369e-18,1.917e-16
505.89,3.311e+1,2.464e-2,1.003e-12,8.286e-44,4.840e-18,,,1.357e-18,6.875e-22,,2.792e-15,7.390e-19,3.809e-25,9.934e-18,2.410e+0,4.682e-32,8.760e-21,1.028e-7,,2.631e-5,2.774e-19,7.558e-20,2.281e+1,,2.503e-18,1.235e-19,,5.882e-19,1.185e-21,3.129e-3,3.484e-1,5.656e-16,1.238e-19,3.048e-22,1.303e-2,3.687e-11,3.152e+0,3.546e-17,5.777e-6,5.447e-3,4.621e-9,,3.715e+0,,,5.164e-2,,,2.919e-3,,1.162e-18,,7.447e-19,,5.680e-1,,1.102e-17,,6.374e-18,1.918e-16
505.91,3.488e+1,2.227e-2,8.353e-13,8.280e-44,5.804e-18,,,1.357e-18,6.878e-22,,2.791e-15,7.362e-19,3.816e-25,9.934e-18,2.305e+0,4.666e-32,8.747e-21,9.877e-8,,2.025e-5,2.772e-19,7.372e-20,2.450e+1,,3.613e-18,1.234e-19,,5.876e-19,1.186e-21,3.951e-3,3.637e-1,7.489e-16,1.238e-19,3.048e-22,1.540e-2,5.611e-11,3.013e+0,3.532e-17,4.392e-6,4.649e-3,3.188e-9,,3.985e+0,,,5.896e-2,,,3.455e-3,,1.162e-18,,7.446e-19,,6.062e-1,,1.101e-17,,6.378e-18,1.918e-16
505.94,3.767e+1,1.903e-2,6.310e-13,8.271e-44,7.577e-18,,,1.358e-18,6.883e-22,,2.791e-15,7.320e-19,3.825e-25,9.933e-18,2.144e+0,4.644e-32,8.727e-21,9.244e-8,,1.359e-5,2.769e-19,7.198e-20,2.714e+1,,6.232e-18,1.231e-19,,5.866e-19,1.186e-21,5.575e-3,3.862e-1,1.135e-15,1.239e-19,3.047e-22,1.966e-2,1.047e-10,2.808e+0,3.510e-17,2.895e-6,3.878e-3,1.816e-9,,4.402e+0,,,7.153e-2,,,4.440e-3,,1.162e-18,,7.445e-19,,6.671e-1,,1.101e-17,,6.383e-18,1.918e-16
505.96,3.960e+1,1.707e-2,5.216e-13,8.265e-44,9.018e-18,,,1.358e-18,6.886e-22,,2.791e-15,7.293e-19,3.831e-25,9.933e-18,2.036e+0,4.628e-32,8.714e-21,8.812e-8,,1.038e-5,2.767e-19,7.145e-20,2.895e+1,,8.930e-18,1.229e-19,,5.859e-19,1.186e-21,6.988e-3,4.007e-1,1.492e-15,1.239e-19,3.046e-22,2.305e-2,1.582e-10,2.673e+0,3.496e-17,2.185e-6,3.619e-3,1.243e-9,,4.687e+0,,,8.106e-2,,,5.236e-3,,1.163e-18,,7.445e-19,,7.101e-1,,1.100e-17,,6.387e-18,1.919e-16
505.99,4.258e+1,1.443e-2,3.898e-13,8.256e-44,1.164e-17,,,1.359e-18,6.890e-22,,2.790e-15,7.251e-19,3.841e-25,9.933e-18,1.872e+0,4.605e-32,8.695e-21,8.155e-8,,6.891e-6,2.764e-19,7.146e-20,3.175e+1,,1.523e-17,1.226e-19,,5.849e-19,1.187e-21,9.750e-3,4.215e-1,2.236e-15,1.239e-19,3.046e-22,2.911e-2,2.921e-10,2.475e+0,3.475e-17,1.424e-6,3.583e-3,7.003e-10,,5.120e+0,,,9.726e-2,,,6.675e-3,,1.163e-18,,7.444e-19,,7.782e-1,,1.100e-17,,6.392e-18,1.919e-16
506.01,4.461e+1,1.285e-2,3.199e-13,8.250e-44,1.375e-17,,,1.360e-18,6.893e-22,,2.790e-15,7.223e-19,3.847e-25,9.933e-18,1.764e+0,4.590e-32,8.682e-21,7.716e-8,,5.224e-6,2.763e-19,7.192e-20,3.365e+1,,2.167e-17,1.225e-19,,5.843e-19,1.187e-21,1.213e-2,4.347e-1,2.918e-15,1.239e-19,3.045e-22,3.388e-2,4.379e-10,2.347e+0,3.461e-17,1.067e-6,3.791e-3,4.758e-10,,5.411e+0,,,1.094e-1,,,7.822e-3,,1.163e-18,,7.444e-19,,8.262e-1,,1.100e-17,,6.396e-18,1.919e-16
506.04,4.771e+1,1.074e-2,2.366e-13,8.241e-44,1.756e-17,,,1.361e-18,6.897e-22,,2.790e-15,7.181e-19,3.856e-25,9.933e-18,1.605e+0,4.567e-32,8.662e-21,7.061e-8,,3.429e-6,2.760e-19,7.317e-20,3.653e+1,,3.655e-17,1.222e-19,,5.833e-19,1.188e-21,1.674e-2,4.532e-1,4.326e-15,1.239e-19,3.044e-22,4.231e-2,7.995e-10,2.162e+0,3.440e-17,6.874e-7,4.471e-3,2.650e-10,,5.845e+0,,,1.298e-1,,,9.870e-3,,1.163e-18,,7.443e-19,,9.019e-1,,1.099e-17,,6.402e-18,1.919e-16
506.06,4.979e+1,9.498e-3,1.927e-13,8.235e-44,2.059e-17,,,1.361e-18,6.900e-22,,2.789e-15,7.153e-19,3.862e-25,9.933e-18,1.501e+0,4.552e-32,8.649e-21,6.631e-8,,2.580e-6,2.758e-19,7.431e-20,3.845e+1,,5.160e-17,1.220e-19,,5.826e-19,1.188e-21,2.067e-2,4.647e-1,5.604e-15,1.239e-19,3.044e-22,4.888e-2,1.190e-9,2.044e+0,3.426e-17,5.110e-7,5.193e-3,1.787e-10,,6.131e+0,,,1.449e-1,,,1.149e-2,,1.163e-18,,7.442e-19,,9.549e-1,,1.099e-17,,6.405e-18,1.920e-16
506.09,5.291e+1,7.852e-3,1.410e-13,8.226e-44,2.600e-17,,,1.362e-18,6.905e-22,,2.789e-15,7.111e-19,3.872e-25,9.933e-18,1.350e+0,4.529e-32,8.630e-21,6.001e-8,,1.674e-6,2.755e-19,7.634e-20,4.133e+1,,8.609e-17,1.217e-19,,5.816e-19,1.188e-21,2.821e-2,4.805e-1,8.217e-15,1.240e-19,3.043e-22,6.036e-2,2.149e-9,1.875e+0,3.405e-17,3.256e-7,6.746e-3,9.840e-11,,6.550e+0,,,1.700e-1,,,1.434e-2,,1.163e-18,,7.442e-19,,1.038e+0,,1.098e-17,,6.411e-18,1.920e-16
506.11,5.497e+1,6.891e-3,1.141e-13,8.220e-44,3.026e-17,,,1.363e-18,6.908e-22,,2.789e-15,7.084e-19,3.878e-25,9.932e-18,1.253e+0,4.514e-32,8.617e-21,5.593e-8,,1.250e-6,2.753e-19,7.785e-20,4.321e+1,,1.207e-16,1.216e-19,,5.810e-19,1.189e-21,3.457e-2,4.901e-1,1.057e-14,1.240e-19,3.043e-22,6.922e-2,3.174e-9,1.769e+0,3.390e-17,2.402e-7,8.150e-3,6.586e-11,,6.819e+0,,,1.884e-1,,,1.656e-2,,1.163e-18,,7.441e-19,,1.096e+0,,1.098e-17,,6.414e-18,1.920e-16
506.14,5.799e+1,5.634e-3,8.254e-14,8.211e-44,3.778e-17,,,1.363e-18,6.912e-22,,2.788e-15,7.042e-19,3.887e-25,9.932e-18,1.115e+0,4.491e-32,8.597e-21,5.005e-8,,8.023e-7,2.750e-19,8.023e-20,4.598e+1,,1.991e-16,1.213e-19,,5.800e-19,1.189e-21,4.665e-2,5.029e-1,1.533e-14,1.240e-19,3.042e-22,8.452e-2,5.668e-9,1.621e+0,3.369e-17,1.514e-7,1.093e-2,3.586e-11,,7.203e+0,,,2.186e-1,,,2.045e-2,,1.164e-18,,7.440e-19,,1.187e+0,,1.097e-17,,6.420e-18,1.921e-16
506.16,5.995e+1,4.908e-3,6.630e-14,8.205e-44,4.365e-17,,,1.364e-18,6.915e-22,,2.788e-15,7.014e-19,3.894e-25,9.932e-18,1.027e+0,4.476e-32,8.584e-21,4.630e-8,,5.946e-7,2.748e-19,8.184e-20,4.776e+1,,2.769e-16,1.211e-19,,5.793e-19,1.190e-21,5.676e-2,5.104e-1,1.957e-14,1.240e-19,3.041e-22,9.621e-2,8.313e-9,1.529e+0,3.355e-17,1.108e-7,1.333e-2,2.382e-11,,7.444e+0,,,2.405e-1,,,2.345e-2,,1.164e-18,,7.440e-19,,1.249e+0,,1.097e-17,,6.423e-18,1.921e-16
506.19,6.277e+1,3.969e-3,4.746e-14,8.196e-44,5.390e-17,,,1.365e-18,6.920e-22,,2.787e-15,6.972e-19,3.903e-25,9.932e-18,9.032e-1,4.453e-32,8.565e-21,4.097e-8,,3.773e-7,2.745e-19,8.419e-20,5.030e+1,,4.519e-16,1.209e-19,,5.783e-19,1.190e-21,7.575e-2,5.201e-1,2.808e-14,1.240e-19,3.040e-22,1.162e-1,1.468e-8,1.402e+0,3.334e-17,6.906e-8,1.795e-2,1.282e-11,,7.776e+0,,,2.759e-1,,,2.864e-2,,1.164e-18,,7.439e-19,,1.346e+0,,1.096e-17,,6.429e-18,1.921e-16
506.21,6.454e+1,3.432e-3,3.784e-14,8.190e-44,6.180e-17,,,1.365e-18,6.922e-22,,2.787e-15,6.944e-19,3.909e-25,9.932e-18,8.260e-1,4.438e-32,8.552e-21,3.762e-8,,2.775e-7,2.743e-19,8.567e-20,5.190e+1,,6.240e-16,1.207e-19,,5.777e-19,1.190e-21,9.148e-2,5.257e-1,3.559e-14,1.240e-19,3.040e-22,1.313e-1,2.137e-8,1.326e+0,3.320e-17,5.018e-8,2.185e-2,8.454e-12,,7.975e+0,,,3.013e-1,,,3.259e-2,,1.164e-18,,7.439e-19,,1.413e+0,,1.096e-17,,6.432e-18,1.921e-16
506.23,6.623e+1,2.959e-3,3.008e-14,8.184e-44,7.066e-17,,,1.366e-18,6.925e-22,,2.787e-15,6.916e-19,3.915e-25,9.932e-18,7.531e-1,4.422e-32,8.539e-21,3.444e-8,,2.035e-7,2.741e-19,8.704e-20,5.340e+1,,8.591e-16,1.205e-19,,5.770e-19,1.191e-21,1.101e-1,5.305e-1,4.497e-14,1.241e-19,3.039e-22,1.479e-1,3.102e-8,1.255e+0,3.306e-17,3.636e-8,2.654e-2,5.556e-12,,8.156e+0,,,3.280e-1,,,3.699e-2,,1.164e-18,,7.438e-19,,1.481e+0,,1.096e-17,,6.436e-18,1.922e-16
506.26,6.855e+1,2.356e-3,2.121e-14,8.175e-44,8.589e-17,,,1.367e-18,6.930e-22,,2.786e-15,6.875e-19,3.925e-25,9.931e-18,6.521e-1,4.399e-32,8.520e-21,3.000e-8,,1.271e-7,2.738e-19,8.882e-20,5.545e+1,,1.380e-15,1.202e-19,,5.760e-19,1.191e-21,1.447e-1,5.365e-1,6.354e-14,1.241e-19,3.039e-22,1.758e-1,5.393e-8,1.161e+0,3.285e-17,2.230e-8,3.537e-2,2.944e-12,,8.387e+0,,,3.704e-1,,,4.447e-2,,1.164e-18,,7.437e-19,,1.584e+0,,1.095e-17,,6.442e-18,1.922e-16
506.28,6.995e+1,2.017e-3,1.674e-14,8.169e-44,9.747e-17,,,1.367e-18,6.933e-22,,2.786e-15,6.847e-19,3.931e-25,9.931e-18,5.901e-1,4.384e-32,8.507e-21,2.726e-8,,9.252e-8,2.736e-19,8.980e-20,5.668e+1,,1.886e-15,1.200e-19,,5.754e-19,1.191e-21,1.730e-1,5.398e-1,7.972e-14,1.241e-19,3.038e-22,1.965e-1,7.770e-8,1.106e+0,3.270e-17,1.604e-8,4.269e-2,1.921e-12,,8.513e+0,,,4.003e-1,,,5.009e-2,,1.165e-18,,7.437e-19,,1.654e+0,,1.095e-17,,6.445e-18,1.922e-16
506.31,7.179e+1,1.588e-3,1.167e-14,8.160e-44,1.172e-16,,,1.368e-18,6.937e-22,,2.786e-15,6.805e-19,3.940e-25,9.931e-18,5.052e-1,4.361e-32,8.487e-21,2.348e-8,,5.714e-8,2.733e-19,9.089e-20,5.827e+1,,2.997e-15,1.198e-19,,5.744e-19,1.192e-21,2.247e-1,5.437e-1,1.114e-13,1.241e-19,3.037e-22,2.311e-1,1.336e-7,1.035e+0,3.249e-17,9.723e-9,5.632e-2,1.006e-12,,8.658e+0,,,4.471e-1,,,5.955e-2,,1.165e-18,,7.436e-19,,1.760e+0,,1.094e-17,,6.451e-18,1.923e-16
506.33,7.284e+1,1.350e-3,9.147e-15,8.154e-44,1.320e-16,,,1.368e-18,6.940e-22,,2.785e-15,6.777e-19,3.947e-25,9.931e-18,4.538e-1,4.346e-32,8.474e-21,2.118e-8,,4.128e-8,2.731e-19,9.135e-20,5.916e+1,,4.065e-15,1.196e-19,,5.737e-19,1.192e-21,2.666e-1,5.459e-1,1.388e-13,1.241e-19,3.037e-22,2.565e-1,1.911e-7,9.944e-1,3.235e-17,6.940e-9,6.750e-2,6.514e-13,,8.722e+0,,,4.795e-1,,,6.658e-2,,1.165e-18,,7.436e-19,,1.830e+0,,1.094e-17,,6.454e-18,1.923e-16
506.36,7.414e+1,1.051e-3,6.310e-15,8.145e-44,1.569e-16,,,1.369e-18,6.945e-22,,2.785e-15,6.735e-19,3.956e-25,9.931e-18,3.842e-1,4.323e-32,8.455e-21,1.804e-8,,2.520e-8,2.728e-19,9.161e-20,6.022e+1,,6.387e-15,1.193e-19,,5.727e-19,1.193e-21,3.426e-1,5.485e-1,1.918e-13,1.242e-19,3.036e-22,2.982e-1,3.250e-7,9.439e-1,3.214e-17,4.161e-9,8.808e-2,3.374e-13,,8.771e+0,,,5.296e-1,,,7.827e-2,,1.165e-18,,7.435e-19,,1.935e+0,,1.093e-17,,6.460e-18,1.923e-16
506.38,7.480e+1,8.866e-4,4.908e-15,8.139e-44,1.754e-16,,,1.370e-18,6.948e-22,,2.785e-15,6.707e-19,3.962e-25,9.931e-18,3.425e-1,4.308e-32,8.442e-21,1.615e-8,,1.807e-8,2.726e-19,9.147e-20,6.073e+1,,8.601e-15,1.192e-19,,5.721e-19,1.193e-21,4.034e-1,5.499e-1,2.372e-13,1.242e-19,3.035e-22,3.284e-1,4.613e-7,9.167e-1,3.200e-17,2.947e-9,1.048e-1,2.168e-13,,8.771e+0,,,5.638e-1,,,8.687e-2,,1.165e-18,,7.434e-19,,2.005e+0,,1.093e-17,,6.463e-18,1.923e-16
506.41,7.549e+1,6.830e-4,3.348e-15,8.129e-44,2.062e-16,,,1.371e-18,6.952e-22,,2.784e-15,6.666e-19,3.971e-25,9.930e-18,2.867e-1,4.285e-32,8.422e-21,1.360e-8,,1.091e-8,2.723e-19,9.081e-20,6.120e+1,,1.337e-14,1.189e-19,,5.711e-19,1.193e-21,5.126e-1,5.520e-1,3.244e-13,1.242e-19,3.035e-22,3.776e-1,7.760e-7,8.845e-1,3.179e-17,1.747e-9,1.352e-1,1.111e-13,,8.722e+0,,,6.158e-1,,,1.010e-1,,1.165e-18,,7.434e-19,,2.106e+0,,1.092e-17,,6.469e-18,1.924e-16
506.43,7.575e+1,5.719e-4,2.585e-15,8.123e-44,2.289e-16,,,1.371e-18,6.955e-22,,2.784e-15,6.638e-19,3.978e-25,9.930e-18,2.537e-1,4.270e-32,8.409e-21,1.208e-8,,7.764e-9,2.721e-19,9.006e-20,6.131e+1,,1.786e-14,1.187e-19,,5.704e-19,1.194e-21,5.991e-1,5.533e-1,3.982e-13,1.242e-19,3.034e-22,4.129e-1,1.093e-6,8.684e-1,3.165e-17,1.228e-9,1.597e-1,7.082e-14,,8.658e+0,,,6.507e-1,,,1.112e-1,,1.166e-18,,7.433e-19,,2.172e+0,,1.092e-17,,6.472e-18,1.924e-16
506.46,7.584e+1,4.357e-4,1.745e-15,8.114e-44,2.661e-16,,,1.372e-18,6.959e-22,,2.784e-15,6.596e-19,3.987e-25,9.930e-18,2.100e-1,4.247e-32,8.390e-21,1.006e-8,,4.635e-9,2.718e-19,8.847e-20,6.118e+1,,2.745e-14,1.184e-19,,5.694e-19,1.194e-21,7.528e-1,5.556e-1,5.386e-13,1.242e-19,3.033e-22,4.695e-1,1.819e-6,8.514e-1,3.143e-17,7.201e-10,2.038e-1,3.586e-14,,8.513e+0,,,7.029e-1,,,1.279e-1,,1.166e-18,,7.432e-19,,2.267e+0,,1.091e-17,,6.478e-18,1.924e-16
506.48,7.570e+1,3.622e-4,1.337e-15,8.108e-44,2.931e-16,,,1.372e-18,6.962e-22,,2.783e-15,6.568e-19,3.993e-25,9.930e-18,1.845e-1,4.232e-32,8.377e-21,8.873e-9,,3.274e-9,2.716e-19,8.711e-20,6.090e+1,,3.642e-14,1.183e-19,,5.688e-19,1.195e-21,8.734e-1,5.573e-1,6.563e-13,1.242e-19,3.033e-22,5.095e-1,2.544e-6,8.441e-1,3.129e-17,5.024e-10,2.389e-1,2.270e-14,,8.387e+0,,,7.372e-1,,,1.398e-1,,1.166e-18,,7.432e-19,,2.327e+0,,1.091e-17,,6.482e-18,1.924e-16
506.51,7.520e+1,2.729e-4,8.924e-16,8.099e-44,3.369e-16,,,1.373e-18,6.967e-22,,2.783e-15,6.526e-19,4.003e-25,9.930e-18,1.510e-1,4.209e-32,8.357e-21,7.307e-9,,1.932e-9,2.713e-19,8.466e-20,6.018e+1,,5.535e-14,1.180e-19,,5.678e-19,1.195e-21,1.085e+0,5.604e-1,8.781e-13,1.243e-19,3.032e-22,5.729e-1,4.185e-6,8.384e-1,3.108e-17,2.912e-10,3.016e-1,1.137e-14,,8.156e+0,,,7.874e-1,,,1.590e-1,,1.166e-18,,7.431e-19,,2.412e+0,,1.090e-17,,6.487e-18,1.925e-16
506.53,7.469e+1,2.252e-4,6.790e-16,8.093e-44,3.684e-16,,,1.374e-18,6.970e-22,,2.783e-15,6.498e-19,4.009e-25,9.930e-18,1.316e-1,4.193e-32,8.344e-21,6.396e-9,,1.355e-9,2.711e-19,8.276e-20,5.951e+1,,7.290e-14,1.178e-19,,5.671e-19,1.195e-21,1.250e+0,5.629e-1,1.062e-12,1.243e-19,3.031e-22,6.171e-1,5.811e-6,8.374e-1,3.094e-17,2.017e-10,3.509e-1,7.140e-15,,7.975e+0,,,8.197e-1,,,1.726e-1,,1.166e-18,,7.431e-19,,2.464e+0,,1.090e-17,,6.491e-18,1.925e-16
506.56,7.369e+1,1.679e-4,4.482e-16,8.084e-44,4.188e-16,,,1.375e-18,6.974e-22,,2.782e-15,6.456e-19,4.018e-25,9.930e-18,1.066e-1,4.171e-32,8.325e-21,5.208e-9,,7.906e-10,2.708e-19,7.955e-20,5.825e+1,,1.096e-13,1.175e-19,,5.661e-19,1.196e-21,1.536e+0,5.674e-1,1.406e-12,1.243e-19,3.031e-22,6.861e-1,9.454e-6,8.393e-1,3.073e-17,1.156e-10,4.380e-1,3.535e-15,,7.669e+0,,,8.659e-1,,,1.940e-1,,1.166e-18,,7.430e-19,,2.536e+0,,1.090e-17,,6.496e-18,1.925e-16
506.58,7.287e+1,1.375e-4,3.385e-16,8.078e-44,4.545e-16,,,1.375e-18,6.977e-22,,2.782e-15,6.429e-19,4.024e-25,9.929e-18,9.220e-2,4.155e-32,8.312e-21,4.525e-9,,5.500e-10,2.707e-19,7.719e-20,5.724e+1,,1.432e-13,1.174e-19,,5.655e-19,1.196e-21,1.756e+0,5.710e-1,1.689e-12,1.243e-19,3.030e-22,7.337e-1,1.303e-5,8.421e-1,3.059e-17,7.944e-11,5.059e-1,2.204e-15,,7.444e+0,,,8.947e-1,,,2.090e-1,,1.167e-18,,7.429e-19,,2.579e+0,,1.089e-17,,6.500e-18,1.926e-16
506.6,7.195e+1,1.123e-4,2.549e-16,8.072e-44,4.918e-16,,,1.376e-18,6.980e-22,,2.782e-15,6.401e-19,4.031e-25,9.929e-18,7.954e-2,4.140e-32,8.299e-21,3.919e-9,,3.815e-10,2.705e-19,7.469e-20,5.612e+1,,1.867e-13,1.172e-19,,5.648e-19,1.196e-21,2.001e+0,5.750e-1,2.022e-12,1.243e-19,3.030e-22,7.822e-1,1.790e-5,8.457e-1,3.045e-17,5.444e-11,5.825e-1,1.370e-15,,7.203e+0,,,9.218e-1,,,2.245e-1,,1.167e-18,,7.429e-19,,2.618e+0,,1.089e-17,,6.503e-18,1.926e-16
506.63,7.040e+1,8.243e-5,1.657e-16,8.063e-44,5.505e-16,,,1.376e-18,6.984e-22,,2.781e-15,6.359e-19,4.040e-25,9.929e-18,6.338e-2,4.117e-32,8.280e-21,3.142e-9,,2.192e-10,2.702e-19,7.069e-20,5.422e+1,,2.763e-13,1.169e-19,,5.638e-19,1.197e-21,2.421e+0,5.818e-1,2.636e-12,1.243e-19,3.029e-22,8.562e-1,2.868e-5,8.519e-1,3.023e-17,3.071e-11,7.158e-1,6.675e-16,,6.819e+0,,,9.585e-1,,,2.485e-1,,1.167e-18,,7.428e-19,,2.668e+0,,1.088e-17,,6.509e-18,1.926e-16
506.65,6.928e+1,6.683e-5,1.238e-16,8.057e-44,5.913e-16,,,1.377e-18,6.987e-22,,2.781e-15,6.331e-19,4.046e-25,9.929e-18,5.427e-2,4.102e-32,8.267e-21,2.701e-9,,1.509e-10,2.700e-19,6.789e-20,5.283e+1,,3.574e-13,1.167e-19,,5.632e-19,1.197e-21,2.739e+0,5.870e-1,3.134e-12,1.244e-19,3.028e-22,9.060e-1,3.912e-5,8.560e-1,3.009e-17,2.089e-11,8.182e-1,4.118e-16,,6.550e+0,,,9.802e-1,,,2.649e-1,,1.167e-18,,7.428e-19,,2.696e+0,,1.088e-17,,6.512e-18,1.926e-16
506.68,6.750e+1,4.852e-5,7.958e-17,8.048e-44,6.544e-16,,,1.378e-18,6.992e-22,,2.780e-15,6.289e-19,4.056e-25,9.929e-18,4.276e-2,4.079e-32,8.247e-21,2.141e-9,,8.572e-11,2.697e-19,6.355e-20,5.059e+1,,5.231e-13,1.165e-19,,5.622e-19,1.198e-21,3.277e+0,5.955e-1,4.041e-12,1.244e-19,3.027e-22,9.807e-1,6.197e-5,8.613e-1,2.988e-17,1.165e-11,9.943e-1,1.984e-16,,6.131e+0,,,1.008e+0,,,2.899e-1,,1.167e-18,,7.427e-19,,2.729e+0,,1.087e-17,,6.518e-18,1.927e-16
506.7,6.627e+1,3.905e-5,5.905e-17,8.042e-44,6.977e-16,,,1.378e-18,6.995e-22,,2.780e-15,6.261e-19,4.062e-25,9.929e-18,3.634e-2,4.064e-32,8.234e-21,1.827e-9,,5.857e-11,2.695e-19,6.058e-20,4.901e+1,,6.718e-13,1.163e-19,,5.615e-19,1.198e-21,3.679e+0,6.017e-1,4.770e-12,1.244e-19,3.027e-22,1.030e+0,8.391e-5,8.640e-1,2.974e-17,7.864e-12,1.128e+0,1.215e-16,,5.845e+0,,,1.023e+0,,,3.068e-1,,1.167e-18,,7.426e-19,,2.745e+0,,1.087e-17,,6.522e-18,1.927e-16
506.73,6.440e+1,2.804e-5,3.753e-17,8.033e-44,7.637e-16,,,1.379e-18,6.999e-22,,2.780e-15,6.220e-19,4.071e-25,9.928e-18,2.832e-2,4.041e-32,8.215e-21,1.432e-9,,3.290e-11,2.692e-19,5.608e-20,4.654e+1,,9.723e-13,1.160e-19,,5.605e-19,1.198e-21,4.354e+0,6.115e-1,6.083e-12,1.244e-19,3.026e-22,1.103e+0,1.315e-4,8.659e-1,2.953e-17,4.337e-12,1.356e+0,5.786e-17,,5.411e+0,,,1.040e+0,,,3.321e-1,,1.168e-18,,7.426e-19,,2.760e+0,,1.086e-17,,6.527e-18,1.927e-16
506.75,6.316e+1,2.241e-5,2.764e-17,8.027e-44,8.081e-16,,,1.380e-18,7.002e-22,,2.779e-15,6.192e-19,4.077e-25,9.928e-18,2.389e-2,4.026e-32,8.202e-21,1.213e-9,,2.231e-11,2.690e-19,5.306e-20,4.485e+1,,1.240e-12,1.158e-19,,5.599e-19,1.199e-21,4.852e+0,6.184e-1,7.128e-12,1.244e-19,3.026e-22,1.150e+0,1.767e-4,8.654e-1,2.939e-17,2.906e-12,1.527e+0,3.516e-17,,5.120e+0,,,1.048e+0,,,3.488e-1,,1.168e-18,,7.425e-19,,2.765e+0,,1.086e-17,,6.531e-18,1.928e-16
506.78,6.135e+1,1.592e-5,1.738e-17,8.018e-44,8.747e-16,,,1.380e-18,7.006e-22,,2.779e-15,6.150e-19,4.087e-25,9.928e-18,1.840e-2,4.003e-32,8.182e-21,9.401e-10,,1.239e-11,2.687e-19,4.857e-20,4.225e+1,,1.774e-12,1.156e-19,,5.589e-19,1.199e-21,5.678e+0,6.291e-1,8.993e-12,1.244e-19,3.025e-22,1.217e+0,2.738e-4,8.619e-1,2.917e-17,1.585e-12,1.815e+0,1.656e-17,,4.687e+0,,,1.054e+0,,,3.734e-1,,1.168e-18,,7.424e-19,,2.763e+0,,1.086e-17,,6.536e-18,1.928e-16
506.8,6.018e+1,1.262e-5,1.270e-17,8.012e-44,9.187e-16,,,1.381e-18,7.009e-22,,2.779e-15,6.122e-19,4.093e-25,9.928e-18,1.541e-2,3.988e-32,8.169e-21,7.903e-10,,8.339e-12,2.685e-19,4.562e-20,4.050e+1,,2.245e-12,1.154e-19,,5.582e-19,1.199e-21,6.281e+0,6.364e-1,1.046e-11,1.245e-19,3.024e-22,1.259e+0,3.653e-4,8.574e-1,2.903e-17,1.054e-12,2.028e+0,9.988e-18,,4.402e+0,,,1.054e+0,,,3.893e-1,,1.168e-18,,7.424e-19,,2.756e+0,,1.085e-17,,6.540e-18,1.928e-16
506.83,5.854e+1,8.870e-6,7.896e-18,8.003e-44,9.834e-16,,,1.382e-18,7.014e-22,,2.778e-15,6.080e-19,4.102e-25,9.928e-18,1.174e-2,3.965e-32,8.150e-21,6.057e-10,,4.579e-12,2.682e-19,4.129e-20,3.788e+1,,3.178e-12,1.151e-19,,5.572e-19,1.200e-21,7.268e+0,6.472e-1,1.306e-11,1.245e-19,3.024e-22,1.318e+0,5.597e-4,8.471e-1,2.882e-17,5.681e-13,2.384e+0,1.001e-17,,3.985e+0,,,1.048e+0,,,4.121e-1,,1.168e-18,,7.423e-19,,2.739e+0,,1.085e-17,,6.545e-18,1.928e-16
506.85,5.754e+1,6.985e-6,5.730e-18,7.997e-44,1.025e-15,,,1.382e-18,7.017e-22,,2.778e-15,6.052e-19,4.109e-25,9.928e-18,9.755e-3,3.949e-32,8.137e-21,5.054e-10,,3.059e-12,2.680e-19,3.850e-20,3.615e+1,,3.992e-12,1.150e-19,,5.566e-19,1.200e-21,7.982e+0,6.544e-1,1.508e-11,1.245e-19,3.023e-22,1.354e+0,7.412e-4,8.379e-1,2.868e-17,3.749e-13,2.645e+0,1.002e-17,,3.715e+0,,,1.040e+0,,,4.264e-1,,1.168e-18,,7.422e-19,,2.722e+0,,1.084e-17,,6.549e-18,1.929e-16
506.88,5.618e+1,4.854e-6,3.522e-18,7.988e-44,1.085e-15,,,1.383e-18,7.021e-22,,2.777e-15,6.011e-19,4.118e-25,9.927e-18,7.349e-3,3.927e-32,8.117e-21,3.830e-10,,1.661e-12,2.677e-19,3.446e-20,3.359e+1,,5.588e-12,1.147e-19,,5.556e-19,1.201e-21,9.134e+0,6.648e-1,1.862e-11,1.245e-19,3.022e-22,1.402e+0,1.123e-3,8.205e-1,2.847e-17,1.999e-13,3.074e+0,1.004e-17,,3.326e+0,,,1.023e+0,,,4.464e-1,,1.169e-18,,7.422e-19,,2.690e+0,,1.084e-17,,6.554e-18,1.929e-16
506.9,5.539e+1,3.795e-6,2.537e-18,7.982e-44,1.123e-15,,,1.384e-18,7.024e-22,,2.777e-15,5.983e-19,4.124e-25,9.927e-18,6.062e-3,3.911e-32,8.105e-21,3.172e-10,,1.101e-12,2.675e-19,3.189e-20,3.193e+1,,6.967e-12,1.145e-19,,5.549e-19,1.201e-21,9.955e+0,6.713e-1,2.135e-11,1.245e-19,3.022e-22,1.429e+0,1.477e-3,8.066e-1,2.833e-17,1.309e-13,3.386e+0,1.005e-17,,3.077e+0,,,1.008e+0,,,4.585e-1,,1.169e-18,,7.421e-19,,2.664e+0,,1.083e-17,,6.558e-18,1.929e-16
506.93,5.439e+1,2.608e-6,1.542e-18,7.972e-44,1.176e-15,,,1.384e-18,7.029e-22,,2.777e-15,5.941e-19,4.134e-25,9.927e-18,4.516e-3,3.888e-32,8.085e-21,2.377e-10,,5.912e-13,2.672e-19,2.823e-20,2.950e+1,,9.645e-12,1.142e-19,,5.539e-19,1.201e-21,1.127e+1,6.805e-1,2.607e-11,1.245e-19,3.021e-22,1.463e+0,2.213e-3,7.822e-1,2.812e-17,6.902e-14,3.892e+0,1.007e-17,,2.724e+0,,,9.802e-1,,,4.746e-1,,1.169e-18,,7.420e-19,,2.620e+0,,1.083e-17,,6.563e-18,1.930e-16
506.95,5.385e+1,2.024e-6,1.103e-18,7.966e-44,1.208e-15,,,1.385e-18,7.031e-22,,2.776e-15,5.913e-19,4.140e-25,9.927e-18,3.697e-3,3.873e-32,8.072e-21,1.954e-10,,3.891e-13,2.670e-19,2.592e-20,2.794e+1,,1.194e-11,1.141e-19,,5.533e-19,1.202e-21,1.219e+1,6.860e-1,2.967e-11,1.246e-19,3.020e-22,1.481e+0,2.888e-3,7.638e-1,2.797e-17,4.487e-14,4.255e+0,1.008e-17,,2.502e+0,,,9.585e-1,,,4.839e-1,,1.169e-18,,7.420e-19,,2.586e+0,,1.082e-17,,6.567e-18,1.930e-16
506.97,5.342e+1,1.566e-6,7.860e-19,7.960e-44,1.237e-15,,,1.386e-18,7.034e-22,,2.776e-15,5.885e-19,4.146e-25,9.927e-18,3.018e-3,3.858e-32,8.059e-21,1.601e-10,,2.553e-13,2.668e-19,2.374e-20,2.643e+1,,1.473e-11,1.139e-19,,5.526e-19,1.202e-21,1.315e+1,6.909e-1,3.368e-11,1.246e-19,3.020e-22,1.494e+0,3.757e-3,7.437e-1,2.783e-17,2.908e-14,4.637e+0,1.010e-17,,2.291e+0,,,9.346e-1,,,4.919e-1,,1.169e-18,,7.419e-19,,2.551e+0,,1.082e-17,,6.571e-18,1.930e-16
507,5.298e+1,1.060e-6,4.704e-19,7.951e-44,1.274e-15,,,1.386e-18,7.039e-22,,2.776e-15,5.843e-19,4.155e-25,9.927e-18,2.213e-3,3.835e-32,8.040e-21,1.181e-10,,1.349e-13,2.665e-19,2.069e-20,2.427e+1,,2.008e-11,1.136e-19,,5.516e-19,1.203e-21,1.465e+1,6.973e-1,4.051e-11,1.246e-19,3.019e-22,1.506e+0,5.544e-3,7.109e-1,2.762e-17,1.509e-14,5.248e+0,1.012e-17,,1.996e+0,,,8.947e-1,,,5.013e-1,,1.169e-18,,7.419e-19,,2.493e+0,,1.082e-17,,6.576e-18,1.930e-16
507.02,5.281e+1,8.147e-7,3.328e-19,7.945e-44,1.295e-15,,,1.387e-18,7.042e-22,,2.775e-15,5.815e-19,4.162e-25,9.927e-18,1.793e-3,3.820e-32,8.027e-21,9.609e-11,,8.784e-14,2.663e-19,1.880e-20,2.290e+1,,2.459e-11,1.134e-19,,5.510e-19,1.203e-21,1.569e+1,7.007e-1,4.565e-11,1.246e-19,3.019e-22,1.508e+0,7.160e-3,6.874e-1,2.748e-17,9.707e-15,5.677e+0,1.013e-17,,1.815e+0,,,8.659e-1,,,5.058e-1,,1.169e-18,,7.418e-19,,2.451e+0,,1.081e-17,,6.580e-18,1.931e-16
507.05,5.274e+1,5.455e-7,1.970e-19,7.936e-44,1.320e-15,,,1.388e-18,7.046e-22,,2.775e-15,5.774e-19,4.171e-25,9.926e-18,1.300e-3,3.797e-32,8.007e-21,7.010e-11,,4.589e-14,2.660e-19,1.620e-20,2.096e+1,,3.315e-11,1.132e-19,,5.500e-19,1.203e-21,1.728e+1,7.045e-1,5.431e-11,1.246e-19,3.018e-22,1.503e+0,1.045e-2,6.502e-1,2.727e-17,4.980e-15,6.354e+0,1.015e-17,,1.564e+0,,,8.197e-1,,,5.098e-1,,1.170e-18,,7.417e-19,,2.386e+0,,1.081e-17,,6.585e-18,1.931e-16
507.07,5.282e+1,4.161e-7,1.383e-19,7.930e-44,1.332e-15,,,1.388e-18,7.049e-22,,2.775e-15,5.746e-19,4.177e-25,9.926e-18,1.046e-3,3.782e-32,7.994e-21,5.660e-11,,2.966e-14,2.658e-19,1.462e-20,1.974e+1,,4.030e-11,1.130e-19,,5.493e-19,1.204e-21,1.837e+1,7.061e-1,6.076e-11,1.246e-19,3.017e-22,1.494e+0,1.340e-2,6.242e-1,2.713e-17,3.180e-15,6.823e+0,1.016e-17,,1.411e+0,,,7.874e-1,,,5.105e-1,,1.170e-18,,7.417e-19,,2.340e+0,,1.080e-17,,6.589e-18,1.931e-16
507.1,5.308e+1,2.756e-7,8.095e-20,7.921e-44,1.343e-15,,,1.389e-18,7.054e-22,,2.774e-15,5.704e-19,4.187e-25,9.926e-18,7.497e-4,3.759e-32,7.975e-21,4.083e-11,,1.532e-14,2.655e-19,1.246e-20,1.802e+1,,5.373e-11,1.127e-19,,5.483e-19,1.204e-21,2.001e+1,7.070e-1,7.152e-11,1.247e-19,3.016e-22,1.472e+0,1.933e-2,5.840e-1,2.692e-17,1.613e-15,7.551e+0,1.018e-17,,1.202e+0,,,7.372e-1,,,5.088e-1,,1.170e-18,,7.416e-19,,2.269e+0,,1.080e-17,,6.594e-18,1.931e-16
507.12,5.336e+1,2.087e-7,5.642e-20,7.915e-44,1.345e-15,,,1.390e-18,7.057e-22,,2.774e-15,5.676e-19,4.193e-25,9.926e-18,5.984e-4,3.743e-32,7.962e-21,3.271e-11,,9.829e-15,2.653e-19,1.115e-20,1.695e+1,,6.485e-11,1.125e-19,,5.477e-19,1.204e-21,2.111e+1,7.066e-1,7.943e-11,1.247e-19,3.016e-22,1.453e+0,2.460e-2,5.566e-1,2.677e-17,1.022e-15,8.049e+0,1.020e-17,,1.076e+0,,,7.029e-1,,,5.058e-1,,1.170e-18,,7.416e-19,,2.220e+0,,1.079e-17,,6.598e-18,1.932e-16
507.15,5.388e+1,1.367e-7,3.265e-20,7.906e-44,1.340e-15,,,1.390e-18,7.061e-22,,2.774e-15,5.634e-19,4.202e-25,9.926e-18,4.243e-4,3.721e-32,7.942e-21,2.334e-11,,5.021e-15,2.651e-19,9.398e-21,1.545e+1,,8.550e-11,1.123e-19,,5.467e-19,1.205e-21,2.275e+1,7.046e-1,9.248e-11,1.247e-19,3.015e-22,1.416e+0,3.512e-2,5.151e-1,2.656e-17,5.127e-16,8.809e+0,1.021e-17,,9.070e-1,,,6.507e-1,,,4.985e-1,,1.170e-18,,7.415e-19,,2.144e+0,,1.079e-17,,6.603e-18,1.932e-16
507.17,5.428e+1,1.028e-7,2.259e-20,7.900e-44,1.332e-15,,,1.391e-18,7.064e-22,,2.773e-15,5.606e-19,4.208e-25,9.926e-18,3.361e-4,3.705e-32,7.929e-21,1.856e-11,,3.197e-15,2.649e-19,8.353e-21,1.452e+1,,1.024e-10,1.121e-19,,5.460e-19,1.205e-21,2.382e+1,7.022e-1,1.020e-10,1.247e-19,3.015e-22,1.387e+0,4.436e-2,4.874e-1,2.642e-17,3.224e-16,9.320e+0,1.023e-17,,8.061e-1,,,6.158e-1,,,4.919e-1,,1.170e-18,,7.414e-19,,2.092e+0,,1.078e-17,,6.607e-18,1.932e-16
507.2,5.495e+1,6.661e-8,1.293e-20,7.891e-44,1.313e-15,,,1.392e-18,7.068e-22,,2.773e-15,5.565e-19,4.218e-25,9.925e-18,2.357e-4,3.682e-32,7.910e-21,1.309e-11,,1.615e-15,2.646e-19,6.960e-21,1.321e+1,,1.335e-10,1.118e-19,,5.450e-19,1.206e-21,2.538e+1,6.971e-1,1.174e-10,1.247e-19,3.014e-22,1.337e+0,6.262e-2,4.461e-1,2.621e-17,1.599e-16,1.009e+1,1.025e-17,,6.717e-1,,,5.638e-1,,,4.794e-1,,1.171e-18,,7.414e-19,,2.013e+0,,1.078e-17,,6.612e-18,1.933e-16
507.22,5.543e+1,4.971e-8,8.878e-21,7.885e-44,1.295e-15,,,1.392e-18,7.071e-22,,2.773e-15,5.537e-19,4.224e-25,9.925e-18,1.853e-4,3.667e-32,7.897e-21,1.033e-11,,1.020e-15,2.644e-19,6.140e-21,1.241e+1,,1.588e-10,1.116e-19,,5.444e-19,1.206e-21,2.638e+1,6.928e-1,1.286e-10,1.247e-19,3.013e-22,1.299e+0,7.851e-2,4.189e-1,2.607e-17,9.982e-17,1.059e+1,1.026e-17,,5.926e-1,,,5.296e-1,,,4.695e-1,,1.171e-18,,7.413e-19,,1.959e+0,,1.077e-17,,6.616e-18,1.933e-16
507.25,5.614e+1,3.187e-8,5.024e-21,7.876e-44,1.263e-15,,,1.393e-18,7.076e-22,,2.772e-15,5.495e-19,4.233e-25,9.925e-18,1.285e-4,3.644e-32,7.877e-21,7.208e-12,,5.095e-16,2.641e-19,5.060e-21,1.129e+1,,2.048e-10,1.114e-19,,5.434e-19,1.206e-21,2.780e+1,6.850e-1,1.465e-10,1.248e-19,3.012e-22,1.238e+0,1.096e-1,3.792e-1,2.586e-17,4.895e-17,1.134e+1,1.028e-17,,4.883e-1,,,4.795e-1,,,4.526e-1,,1.171e-18,,7.412e-19,,1.877e+0,,1.077e-17,,6.622e-18,1.933e-16
507.27,5.659e+1,2.361e-8,3.424e-21,7.870e-44,1.237e-15,,,1.394e-18,7.079e-22,,2.772e-15,5.467e-19,4.240e-25,9.925e-18,1.003e-4,3.629e-32,7.865e-21,5.648e-12,,3.195e-16,2.639e-19,4.430e-21,1.059e+1,,2.417e-10,1.112e-19,,5.427e-19,1.207e-21,2.868e+1,6.789e-1,1.592e-10,1.248e-19,3.012e-22,1.195e+0,1.364e-1,3.535e-1,2.572e-17,3.033e-17,1.182e+1,1.029e-17,,4.276e-1,,,4.471e-1,,,4.400e-1,,1.171e-18,,7.412e-19,,1.822e+0,,1.077e-17,,6.625e-18,1.933e-16
507.3,5.723e+1,1.497e-8,1.916e-21,7.861e-44,1.192e-15,,,1.394e-18,7.083e-22,,2.771e-15,5.425e-19,4.249e-25,9.925e-18,6.875e-5,3.606e-32,7.845e-21,3.895e-12,,1.578e-16,2.636e-19,3.610e-21,9.625e+0,,3.082e-10,1.109e-19,,5.417e-19,1.207e-21,2.989e+1,6.686e-1,1.794e-10,1.248e-19,3.011e-22,1.126e+0,1.884e-1,3.165e-1,2.550e-17,1.470e-17,1.251e+1,1.031e-17,,3.484e-1,,,4.003e-1,,,4.193e-1,,1.171e-18,,7.411e-19,,1.738e+0,,1.076e-17,,6.631e-18,1.934e-16
507.32,5.761e+1,1.101e-8,1.296e-21,7.855e-44,1.159e-15,,,1.395e-18,7.086e-22,,2.771e-15,5.397e-19,4.255e-25,9.925e-18,5.326e-5,3.591e-32,7.832e-21,3.029e-12,,9.822e-17,2.634e-19,3.138e-21,9.027e+0,,3.611e-10,1.108e-19,,5.411e-19,1.208e-21,3.061e+1,6.609e-1,1.936e-10,1.248e-19,3.011e-22,1.079e+0,2.327e-1,2.929e-1,2.536e-17,9.041e-18,1.295e+1,1.032e-17,,3.028e-1,,,3.704e-1,,,4.046e-1,,1.171e-18,,7.411e-19,,1.681e+0,,1.076e-17,,6.634e-18,1.934e-16
507.34,5.793e+1,8.078e-9,8.743e-22,7.849e-44,1.123e-15,,,1.395e-18,7.089e-22,,2.771e-15,5.370e-19,4.261e-25,9.925e-18,4.113e-5,3.576e-32,7.819e-21,2.349e-12,,6.095e-17,2.632e-19,2.719e-21,8.463e+0,,4.219e-10,1.106e-19,,5.404e-19,1.208e-21,3.125e+1,6.527e-1,2.083e-10,1.248e-19,3.010e-22,1.030e+0,2.866e-1,2.702e-1,2.522e-17,5.543e-18,1.336e+1,1.034e-17,,2.624e-1,,,3.418e-1,,,3.893e-1,,1.172e-18,,7.410e-19,,1.624e+0,,1.075e-17,,6.638e-18,1.934e-16
507.37,5.830e+1,5.046e-9,4.816e-22,7.840e-44,1.066e-15,,,1.396e-18,7.093e-22,,2.770e-15,5.328e-19,4.271e-25,9.924e-18,2.776e-5,3.553e-32,7.800e-21,1.595e-12,,2.963e-17,2.629e-19,2.181e-21,7.676e+0,,5.297e-10,1.103e-19,,5.394e-19,1.208e-21,3.206e+1,6.394e-1,2.312e-10,1.249e-19,3.009e-22,9.558e-1,3.897e-1,2.382e-1,2.501e-17,2.645e-18,1.392e+1,1.036e-17,,2.105e-1,,,3.013e-1,,,3.653e-1,,1.172e-18,,7.409e-19,,1.538e+0,,1.075e-17,,6.643e-18,1.935e-16
507.39,5.845e+1,3.674e-9,3.224e-22,7.834e-44,1.025e-15,,,1.397e-18,7.096e-22,,2.770e-15,5.300e-19,4.277e-25,9.924e-18,2.128e-5,3.538e-32,7.787e-21,1.227e-12,,1.825e-17,2.627e-19,1.876e-21,7.188e+0,,6.142e-10,1.101e-19,,5.388e-19,1.209e-21,3.249e+1,6.299e-1,2.470e-10,1.249e-19,3.009e-22,9.060e-1,4.764e-1,2.181e-1,2.487e-17,1.609e-18,1.425e+1,1.037e-17,,1.811e-1,,,2.759e-1,,,3.488e-1,,1.172e-18,,7.409e-19,,1.481e+0,,1.074e-17,,6.647e-18,1.935e-16
507.42,5.854e+1,2.270e-9,1.756e-22,7.825e-44,9.621e-16,,,1.398e-18,7.101e-22,,2.770e-15,5.258e-19,4.286e-25,9.924e-18,1.420e-5,3.515e-32,7.767e-21,8.240e-13,,8.770e-18,2.624e-19,1.488e-21,6.507e+0,,7.626e-10,1.099e-19,,5.378e-19,1.209e-21,3.297e+1,6.149e-1,2.712e-10,1.249e-19,3.008e-22,8.314e-1,6.406e-1,1.901e-1,2.466e-17,7.595e-19,1.469e+1,1.039e-17,,1.437e-1,,,2.405e-1,,,3.237e-1,,1.172e-18,,7.408e-19,,1.394e+0,,1.074e-17,,6.652e-18,1.935e-16
507.44,5.850e+1,1.641e-9,1.167e-22,7.819e-44,9.187e-16,,,1.398e-18,7.104e-22,,2.769e-15,5.230e-19,4.292e-25,9.924e-18,1.081e-5,3.499e-32,7.754e-21,6.294e-13,,5.361e-18,2.622e-19,1.270e-21,6.085e+0,,8.778e-10,1.097e-19,,5.371e-19,1.209e-21,3.317e+1,6.045e-1,2.876e-10,1.249e-19,3.007e-22,7.822e-1,7.774e-1,1.728e-1,2.452e-17,4.587e-19,1.493e+1,1.040e-17,,1.227e-1,,,2.186e-1,,,3.068e-1,,1.172e-18,,7.408e-19,,1.337e+0,,1.073e-17,,6.656e-18,1.935e-16
507.47,5.829e+1,1.003e-9,6.286e-23,7.809e-44,8.525e-16,,,1.399e-18,7.108e-22,,2.769e-15,5.188e-19,4.302e-25,9.924e-18,7.132e-6,3.476e-32,7.735e-21,4.178e-13,,2.548e-18,2.619e-19,9.964e-22,5.496e+0,,1.078e-9,1.094e-19,,5.361e-19,1.210e-21,3.328e+1,5.883e-1,3.124e-10,1.249e-19,3.007e-22,7.098e-1,1.034e+0,1.489e-1,2.430e-17,4.533e-19,1.522e+1,1.042e-17,,9.626e-2,,,1.884e-1,,,2.815e-1,,1.172e-18,,7.407e-19,,1.251e+0,,1.073e-17,,6.662e-18,1.936e-16
507.49,5.804e+1,7.198e-10,4.145e-23,7.803e-44,8.081e-16,,,1.399e-18,7.111e-22,,2.769e-15,5.160e-19,4.308e-25,9.924e-18,5.386e-6,3.461e-32,7.722e-21,3.168e-13,,1.546e-18,2.617e-19,8.443e-22,5.131e+0,,1.232e-9,1.092e-19,,5.355e-19,1.210e-21,3.323e+1,5.772e-1,3.290e-10,1.249e-19,3.006e-22,6.628e-1,1.245e+0,1.344e-1,2.416e-17,4.498e-19,1.535e+1,1.044e-17,,8.162e-2,,,1.700e-1,,,2.649e-1,,1.172e-18,,7.406e-19,,1.194e+0,,1.073e-17,,6.665e-18,1.936e-16
507.52,5.753e+1,4.353e-10,2.208e-23,7.794e-44,7.416e-16,,,1.400e-18,7.115e-22,,2.768e-15,5.119e-19,4.317e-25,9.923e-18,3.515e-6,3.438e-32,7.702e-21,2.080e-13,,7.263e-19,2.614e-19,6.549e-22,4.622e+0,,1.496e-9,1.090e-19,,5.345e-19,1.211e-21,3.297e+1,5.601e-1,3.535e-10,1.250e-19,3.005e-22,5.948e-1,1.638e+0,1.146e-1,2.395e-17,4.444e-19,1.547e+1,1.045e-17,,6.340e-2,,,1.449e-1,,,2.404e-1,,1.173e-18,,7.406e-19,,1.109e+0,,1.072e-17,,6.671e-18,1.936e-16
507.54,5.710e+1,3.101e-10,1.446e-23,7.788e-44,6.977e-16,,,1.401e-18,7.118e-22,,2.768e-15,5.091e-19,4.324e-25,9.923e-18,2.634e-6,3.423e-32,7.689e-21,1.565e-13,,7.291e-19,2.612e-19,5.508e-22,4.309e+0,,1.696e-9,1.088e-19,,5.338e-19,1.211e-21,3.268e+1,5.485e-1,3.695e-10,1.250e-19,3.005e-22,5.513e-1,1.958e+0,1.026e-1,2.381e-17,4.408e-19,1.550e+1,1.047e-17,,5.341e-2,,,1.298e-1,,,2.245e-1,,1.173e-18,,7.405e-19,,1.054e+0,,1.072e-17,,6.674e-18,1.936e-16
507.57,5.636e+1,1.855e-10,7.617e-24,7.779e-44,6.331e-16,,,1.402e-18,7.123e-22,,2.768e-15,5.049e-19,4.333e-25,9.923e-18,1.700e-6,3.400e-32,7.670e-21,1.016e-13,,7.334e-19,2.609e-19,4.225e-22,3.875e+0,,2.037e-9,1.085e-19,,5.328e-19,1.211e-21,3.207e+1,5.308e-1,3.928e-10,1.250e-19,3.004e-22,4.892e-1,2.547e+0,8.647e-2,2.360e-17,4.355e-19,1.544e+1,1.049e-17,,4.115e-2,,,1.094e-1,,,2.014e-1,,1.173e-18,,7.404e-19,,9.722e-1,,1.071e-17,,6.680e-18,1.937e-16
507.59,5.582e+1,1.312e-10,4.954e-24,7.773e-44,5.913e-16,,,1.402e-18,7.126e-22,,2.767e-15,5.021e-19,4.339e-25,9.923e-18,1.265e-6,3.385e-32,7.657e-21,7.588e-14,,7.363e-19,2.607e-19,3.527e-22,3.609e+0,,2.293e-9,1.083e-19,,5.322e-19,1.212e-21,3.155e+1,5.190e-1,4.076e-10,1.250e-19,3.004e-22,4.501e-1,3.023e+0,7.687e-2,2.346e-17,4.319e-19,1.535e+1,1.050e-17,,3.452e-2,,,9.726e-2,,,1.867e-1,,1.173e-18,,7.404e-19,,9.188e-1,,1.071e-17,,6.683e-18,1.937e-16
507.62,5.495e+1,7.764e-11,2.593e-24,7.764e-44,5.306e-16,,,1.403e-18,7.130e-22,,2.767e-15,4.979e-19,4.349e-25,9.923e-18,8.071e-7,3.362e-32,7.637e-21,4.870e-14,,7.406e-19,2.604e-19,2.675e-22,3.245e+0,,2.724e-9,1.081e-19,,5.312e-19,1.212e-21,3.062e+1,5.012e-1,4.286e-10,1.250e-19,3.003e-22,3.950e-1,3.889e+0,6.407e-2,2.324e-17,4.266e-19,1.513e+1,1.052e-17,,2.652e-2,,,8.106e-2,,,1.657e-1,,1.173e-18,,7.403e-19,,8.408e-1,,1.070e-17,,6.689e-18,1.937e-16
507.64,5.438e+1,5.452e-11,1.689e-24,7.758e-44,4.918e-16,,,1.403e-18,7.133e-22,,2.767e-15,4.951e-19,4.355e-25,9.923e-18,5.960e-7,3.347e-32,7.625e-21,3.611e-14,,7.434e-19,2.602e-19,2.217e-22,3.026e+0,,3.044e-9,1.079e-19,,5.305e-19,1.213e-21,2.990e+1,4.894e-1,4.416e-10,1.250e-19,3.002e-22,3.607e-1,4.582e+0,5.654e-2,2.310e-17,4.230e-19,1.493e+1,1.734e-17,,2.228e-2,,,7.153e-2,,,1.524e-1,,1.173e-18,,7.403e-19,,7.903e-1,,1.070e-17,,6.692e-18,1.938e-16
507.67,5.356e+1,3.192e-11,9.105e-25,7.749e-44,4.365e-16,,,1.404e-18,7.138e-22,,2.766e-15,4.910e-19,4.364e-25,9.922e-18,3.761e-7,3.324e-32,7.605e-21,2.292e-14,,7.477e-19,2.599e-19,1.663e-22,2.730e+0,,3.576e-9,1.076e-19,,5.295e-19,1.213e-21,2.869e+1,4.718e-1,4.593e-10,1.251e-19,3.001e-22,3.131e-1,5.828e+0,4.660e-2,2.289e-17,4.177e-19,1.455e+1,6.212e-17,,1.732e-2,,,5.896e-2,,,1.338e-1,,1.174e-18,,7.402e-19,,7.172e-1,,1.069e-17,,6.698e-18,1.938e-16
507.69,5.309e+1,2.225e-11,6.345e-25,7.743e-44,4.016e-16,,,1.405e-18,7.141e-22,,2.766e-15,4.882e-19,4.370e-25,9.922e-18,2.756e-7,3.309e-32,7.592e-21,1.686e-14,,7.506e-19,2.597e-19,1.368e-22,2.556e+0,,3.966e-9,1.074e-19,,5.289e-19,1.213e-21,2.782e+1,4.602e-1,4.699e-10,1.251e-19,3.001e-22,2.838e-1,6.817e+0,4.081e-2,2.275e-17,4.141e-19,1.425e+1,1.019e-16,,1.481e-2,,,5.164e-2,,,1.222e-1,,1.174e-18,,7.401e-19,,6.703e-1,,1.069e-17,,6.702e-18,1.938e-16
507.72,5.253e+1,1.289e-11,4.502e-25,7.734e-44,3.524e-16,,,1.406e-18,7.145e-22,,2.765e-15,4.840e-19,4.380e-25,9.922e-18,1.720e-7,3.286e-32,7.573e-21,1.058e-14,,7.549e-19,2.595e-19,1.014e-22,2.330e+0,,4.607e-9,1.072e-19,,5.279e-19,1.214e-21,2.640e+1,4.430e-1,4.835e-10,1.251e-19,3.000e-22,2.435e-1,8.575e+0,3.327e-2,2.254e-17,4.088e-19,1.374e+1,2.128e-16,,1.208e-2,,,4.209e-2,,,1.060e-1,,1.174e-18,,7.401e-19,,6.029e-1,,1.068e-17,,6.707e-18,1.938e-16
507.74,5.231e+1,8.919e-12,4.452e-25,7.728e-44,3.219e-16,,,1.406e-18,7.148e-22,,2.765e-15,4.812e-19,4.386e-25,9.922e-18,1.251e-7,3.271e-32,7.560e-21,7.729e-15,,7.577e-19,2.593e-19,8.280e-23,2.202e+0,,5.073e-9,1.070e-19,,5.272e-19,1.214e-21,2.541e+1,4.318e-1,4.910e-10,1.251e-19,3.000e-22,2.191e-1,9.956e+0,2.892e-2,2.240e-17,4.052e-19,1.336e+1,3.464e-16,,1.086e-2,,,3.659e-2,,,9.612e-2,,1.174e-18,,7.400e-19,,5.601e-1,,1.068e-17,,6.711e-18,1.939e-16
507.76,5.223e+1,6.156e-12,5.304e-25,7.722e-44,2.931e-16,,,1.407e-18,7.151e-22,,2.765e-15,4.784e-19,4.392e-25,9.922e-18,9.074e-8,3.255e-32,7.547e-21,5.628e-15,,7.606e-19,2.591e-19,6.739e-23,2.092e+0,,5.569e-9,1.068e-19,,5.266e-19,1.214e-21,2.438e+1,4.208e-1,4.972e-10,1.251e-19,2.999e-22,1.965e-1,1.153e+1,2.507e-2,2.226e-17,4.017e-19,1.295e+1,5.622e-16,,1.011e-2,,,3.171e-2,,,8.687e-2,,1.174e-18,,7.400e-19,,5.191e-1,,1.068e-17,,6.714e-18,1.939e-16
507.79,5.248e+1,3.511e-12,8.662e-25,7.713e-44,2.532e-16,,,1.407e-18,7.155e-22,,2.764e-15,4.742e-19,4.402e-25,9.922e-18,5.574e-8,3.232e-32,7.527e-21,3.477e-15,,7.649e-19,2.588e-19,4.921e-23,1.964e+0,,6.369e-9,1.066e-19,,5.256e-19,1.215e-21,2.279e+1,4.048e-1,5.039e-10,1.251e-19,2.998e-22,1.661e-1,1.427e+1,2.011e-2,2.204e-17,3.963e-19,1.229e+1,1.156e-15,,9.773e-3,,,2.545e-2,,,7.422e-2,,1.174e-18,,7.399e-19,,4.609e-1,,1.067e-17,,6.720e-18,1.939e-16
507.81,5.292e+1,2.406e-12,1.289e-24,7.707e-44,2.289e-16,,,1.408e-18,7.158e-22,,2.764e-15,4.715e-19,4.408e-25,9.922e-18,4.013e-8,3.217e-32,7.514e-21,2.513e-15,,7.678e-19,2.586e-19,3.975e-23,1.902e+0,,6.940e-9,1.064e-19,,5.249e-19,1.215e-21,2.171e+1,3.944e-1,5.066e-10,1.252e-19,2.998e-22,1.479e-1,1.640e+1,1.730e-2,2.190e-17,3.927e-19,1.182e+1,1.863e-15,,1.009e-2,,,2.189e-2,,,6.658e-2,,1.175e-18,,7.398e-19,,4.245e-1,,1.067e-17,,6.723e-18,1.939e-16
507.84,5.409e+1,1.357e-12,2.419e-24,7.698e-44,1.955e-16,,,1.409e-18,7.163e-22,,2.764e-15,4.673e-19,4.417e-25,9.921e-18,2.437e-8,3.194e-32,1.587e-20,1.535e-15,,7.720e-19,2.583e-19,2.870e-23,1.846e+0,,7.850e-9,1.061e-19,,5.239e-19,1.216e-21,2.008e+1,3.794e-1,5.079e-10,1.252e-19,2.997e-22,1.235e-1,2.009e+1,1.373e-2,2.169e-17,3.874e-19,1.109e+1,3.791e-15,,1.139e-2,,,1.737e-2,,,5.625e-2,,1.175e-18,,7.397e-19,,3.734e-1,,1.066e-17,,6.729e-18,1.940e-16
507.86,5.525e+1,9.235e-13,3.702e-24,7.692e-44,1.754e-16,,,1.409e-18,7.166e-22,,2.763e-15,4.645e-19,4.423e-25,9.921e-18,1.741e-8,3.179e-32,2.603e-20,1.101e-15,,7.749e-19,2.581e-19,2.302e-23,1.833e+0,,8.491e-9,1.059e-19,,5.233e-19,1.216e-21,1.900e+1,3.698e-1,5.069e-10,1.252e-19,2.996e-22,1.092e-1,2.292e+1,1.173e-2,2.155e-17,3.838e-19,1.059e+1,6.064e-15,,1.287e-2,,,1.484e-2,,,5.009e-2,,1.175e-18,,7.397e-19,,3.416e-1,,1.066e-17,,6.733e-18,1.940e-16
507.89,5.766e+1,5.154e-13,6.999e-24,7.683e-44,1.482e-16,,,1.410e-18,7.170e-22,,2.763e-15,4.603e-19,4.433e-25,9.921e-18,1.046e-8,3.156e-32,5.438e-20,6.654e-16,,7.792e-19,2.578e-19,1.643e-23,1.852e+0,,9.499e-9,1.057e-19,,5.223e-19,1.216e-21,1.739e+1,3.561e-1,5.028e-10,1.252e-19,2.996e-22,9.021e-2,2.776e+1,9.201e-3,2.134e-17,8.088e-19,9.832e+0,1.220e-14,,1.612e-2,,,1.164e-2,,,4.185e-2,,1.175e-18,,7.396e-19,,2.976e-1,,1.065e-17,,6.738e-18,1.940e-16
507.91,5.975e+1,3.482e-13,1.067e-23,7.677e-44,1.320e-16,,,1.411e-18,7.173e-22,,2.763e-15,4.575e-19,4.439e-25,9.921e-18,7.418e-9,3.141e-32,8.854e-20,4.737e-16,,7.820e-19,2.576e-19,1.308e-23,1.890e+0,,1.020e-8,1.055e-19,,5.216e-19,1.217e-21,1.634e+1,3.473e-1,4.982e-10,1.252e-19,2.995e-22,7.914e-2,3.143e+1,7.799e-3,2.120e-17,1.325e-18,9.320e+0,1.938e-14,,1.907e-2,,,9.868e-3,,,3.699e-2,,1.175e-18,,7.396e-19,,2.705e-1,,1.065e-17,,6.742e-18,1.941e-16
507.94,6.371e+1,1.922e-13,1.999e-23,7.668e-44,1.103e-16,,,1.412e-18,7.177e-22,,2.762e-15,4.533e-19,4.448e-25,9.921e-18,4.406e-9,3.118e-32,1.829e-19,2.830e-16,,7.863e-19,2.573e-19,9.235e-24,1.986e+0,,1.128e-8,1.052e-19,,5.206e-19,1.217e-21,1.481e+1,3.349e-1,4.888e-10,1.252e-19,2.994e-22,6.466e-2,3.766e+1,6.052e-3,2.099e-17,2.761e-18,8.554e+0,3.856e-14,,2.493e-2,,,7.657e-3,,,3.056e-2,,1.175e-18,,7.395e-19,,2.333e-1,,1.064e-17,,6.747e-18,1.941e-16
507.96,6.695e+1,1.289e-13,3.028e-23,7.662e-44,9.747e-17,,,1.412e-18,7.180e-22,,2.762e-15,4.506e-19,4.455e-25,9.921e-18,3.101e-9,3.103e-32,2.957e-19,2.000e-16,,7.892e-19,2.571e-19,7.296e-24,2.076e+0,,1.202e-8,1.050e-19,,5.200e-19,1.217e-21,1.383e+1,3.271e-1,4.809e-10,1.253e-19,2.994e-22,5.630e-2,4.232e+1,5.092e-3,2.084e-17,4.488e-18,8.049e+0,6.080e-14,,2.996e-2,,,6.442e-3,,,2.681e-2,,1.176e-18,,7.394e-19,,2.106e-1,,1.064e-17,,6.751e-18,1.941e-16
507.99,7.275e+1,7.040e-14,5.611e-23,7.652e-44,8.054e-17,,,1.413e-18,7.185e-22,,2.762e-15,4.464e-19,4.464e-25,9.920e-18,1.821e-9,1.329e-31,6.043e-19,1.181e-16,,7.935e-19,2.568e-19,5.094e-24,2.250e+0,,1.316e-8,1.048e-19,,5.190e-19,1.218e-21,1.244e+1,3.162e-1,4.667e-10,1.253e-19,2.993e-22,4.549e-2,5.015e+1,3.907e-3,2.063e-17,9.252e-18,7.305e+0,1.197e-13,,3.953e-2,,,4.944e-3,,,2.191e-2,,1.176e-18,,7.394e-19,,1.798e-1,,1.063e-17,,6.756e-18,1.942e-16
508.01,7.730e+1,4.687e-14,8.436e-23,7.646e-44,7.066e-17,,,1.413e-18,7.188e-22,,2.761e-15,4.436e-19,4.470e-25,9.920e-18,1.273e-9,3.062e-31,9.697e-19,8.287e-17,,7.963e-19,2.566e-19,3.994e-24,2.393e+0,,1.392e-8,1.046e-19,,5.183e-19,1.218e-21,1.156e+1,3.094e-1,4.558e-10,1.253e-19,2.992e-22,3.932e-2,5.595e+1,3.263e-3,2.049e-17,1.493e-17,6.823e+0,1.873e-13,,4.754e-2,,,4.128e-3,,,1.908e-2,,1.176e-18,,7.393e-19,,1.612e-1,,1.063e-17,,6.760e-18,1.942e-16
508.04,8.520e+1,2.533e-14,1.546e-22,7.637e-44,5.773e-17,,,1.414e-18,7.192e-22,,2.761e-15,4.394e-19,4.479e-25,9.920e-18,7.390e-10,6.410e-31,1.960e-18,4.841e-17,,8.006e-19,2.563e-19,2.758e-24,2.647e+0,,1.506e-8,1.043e-19,,5.173e-19,1.219e-21,1.032e+1,2.999e-1,4.376e-10,1.253e-19,2.992e-22,3.142e-2,6.556e+1,2.476e-3,2.028e-17,3.044e-17,6.124e+0,3.647e-13,,6.252e-2,,,3.133e-3,,,1.541e-2,,1.176e-18,,7.392e-19,,1.362e-1,,1.063e-17,,6.765e-18,1.942e-16
508.06,9.121e+1,1.674e-14,2.308e-22,7.631e-44,5.027e-17,,,1.415e-18,7.195e-22,,2.761e-15,4.366e-19,4.486e-25,9.920e-18,5.125e-10,1.045e-30,3.122e-18,3.370e-17,,8.035e-19,2.561e-19,2.146e-24,2.842e+0,,1.581e-8,1.041e-19,,5.167e-19,1.219e-21,9.559e+0,2.941e-1,4.243e-10,1.253e-19,2.991e-22,2.695e-2,7.260e+1,2.052e-3,3.339e-17,4.877e-17,5.677e+0,5.666e-13,,7.484e-2,,,2.597e-3,,,1.332e-2,,1.176e-18,,7.392e-19,,1.214e-1,,1.062e-17,,6.769e-18,1.942e-16
508.09,1.014e+2,8.947e-15,4.184e-22,7.622e-44,4.063e-17,,,1.416e-18,7.199e-22,,2.760e-15,4.324e-19,4.495e-25,9.920e-18,2.943e-10,2.165e-30,6.242e-18,1.946e-17,,8.078e-19,2.558e-19,1.465e-24,3.173e+0,,1.692e-8,1.039e-19,,5.157e-19,1.219e-21,8.513e+0,2.861e-1,4.030e-10,1.254e-19,2.990e-22,2.130e-2,8.413e+1,1.540e-3,7.018e-17,9.836e-17,5.040e+0,1.091e-12,,9.758e-2,,,1.949e-3,,,1.065e-2,,1.176e-18,,7.391e-19,,1.015e-1,,1.062e-17,,6.774e-18,1.943e-16
508.11,1.089e+2,5.871e-15,6.198e-22,7.616e-44,3.511e-17,,,1.416e-18,7.202e-22,,2.760e-15,4.296e-19,4.501e-25,9.920e-18,2.026e-10,3.504e-30,9.870e-18,1.345e-17,,8.106e-19,2.556e-19,1.132e-24,3.419e+0,,1.764e-8,1.037e-19,,5.150e-19,1.220e-21,7.883e+0,2.813e-1,3.879e-10,1.254e-19,2.990e-22,1.813e-2,9.248e+1,1.267e-3,1.147e-16,1.564e-16,4.637e+0,1.683e-12,,1.161e-1,,,1.603e-3,,,9.133e-3,,1.177e-18,,7.391e-19,,8.976e-2,,1.061e-17,,6.778e-18,1.943e-16
508.13,1.171e+2,3.842e-15,9.156e-22,7.610e-44,3.026e-17,,,1.417e-18,7.205e-22,,2.760e-15,4.269e-19,4.508e-25,9.919e-18,1.390e-10,5.655e-30,1.556e-17,9.266e-18,,8.135e-19,2.554e-19,8.719e-25,3.684e+0,,1.833e-8,1.035e-19,,5.144e-19,1.220e-21,7.308e+0,2.769e-1,3.724e-10,1.254e-19,2.989e-22,1.540e-2,1.014e+2,1.039e-3,1.870e-16,2.480e-16,4.255e+0,2.588e-12,,1.377e-1,,,1.315e-3,,,7.812e-3,,1.177e-18,,7.390e-19,,7.918e-2,,1.061e-17,,6.782e-18,1.943e-16
508.16,1.306e+2,2.023e-15,1.635e-21,7.601e-44,2.407e-17,,,1.417e-18,7.210e-22,,2.759e-15,4.227e-19,4.517e-25,9.919e-18,7.859e-11,1.153e-29,3.064e-17,5.269e-18,,8.178e-19,2.551e-19,5.861e-25,4.117e+0,,1.931e-8,1.033e-19,,5.134e-19,1.221e-21,6.549e+0,2.711e-1,3.483e-10,1.254e-19,2.988e-22,1.198e-2,1.157e+2,7.678e-4,3.869e-16,4.926e-16,3.718e+0,4.908e-12,,1.770e-1,,,9.715e-4,,,6.145e-3,,1.177e-18,,7.389e-19,,6.525e-2,,1.060e-17,,6.787e-18,1.943e-16
508.18,1.403e+2,1.314e-15,2.397e-21,7.595e-44,2.059e-17,,,1.418e-18,7.213e-22,,2.759e-15,4.199e-19,4.523e-25,9.919e-18,5.353e-11,1.848e-29,4.795e-17,3.603e-18,,8.207e-19,2.549e-19,4.480e-25,4.427e+0,,1.992e-8,1.031e-19,,5.127e-19,1.221e-21,6.113e+0,2.677e-1,3.320e-10,1.254e-19,2.988e-22,1.009e-2,1.258e+2,6.251e-4,6.260e-16,7.754e-16,3.386e+0,7.493e-12,,2.084e-1,,,7.910e-4,,,5.217e-3,,1.177e-18,,7.389e-19,,5.715e-2,,1.060e-17,,6.791e-18,1.944e-16
508.21,1.560e+2,6.843e-16,4.232e-21,7.586e-44,1.620e-17,,,1.419e-18,7.217e-22,,2.758e-15,4.157e-19,4.532e-25,9.919e-18,2.993e-11,3.727e-29,9.337e-17,2.026e-18,,8.249e-19,2.546e-19,2.978e-25,4.923e+0,,2.075e-8,1.028e-19,,5.117e-19,1.221e-21,5.566e+0,2.633e-1,3.072e-10,1.254e-19,2.987e-22,7.764e-3,1.420e+2,4.567e-4,1.281e-15,1.523e-15,2.926e+0,1.406e-11,,2.649e-1,,,5.779e-4,,,4.059e-3,,1.177e-18,,7.388e-19,,4.660e-2,,1.059e-17,,6.796e-18,1.944e-16
508.23,1.671e+2,4.413e-16,6.161e-21,7.580e-44,1.375e-17,,,1.419e-18,7.220e-22,,2.758e-15,4.129e-19,4.539e-25,9.919e-18,2.023e-11,5.929e-29,1.451e-16,1.375e-18,,8.278e-19,2.544e-19,2.260e-25,5.272e+0,,2.125e-8,1.026e-19,,5.111e-19,1.222e-21,5.271e+0,2.609e-1,2.906e-10,1.255e-19,2.987e-22,6.494e-3,1.533e+2,3.691e-4,2.058e-15,2.380e-15,2.645e+0,2.130e-11,,3.098e-1,,,4.670e-4,,,3.421e-3,,1.177e-18,,7.388e-19,,4.053e-2,,1.059e-17,,6.800e-18,1.944e-16
508.26,1.848e+2,2.274e-16,1.076e-20,7.571e-44,1.070e-17,,,1.420e-18,7.224e-22,,2.758e-15,4.087e-19,4.548e-25,9.919e-18,1.118e-11,1.183e-28,2.794e-16,7.644e-19,,8.321e-19,2.541e-19,1.485e-25,5.817e+0,,2.190e-8,1.024e-19,,5.101e-19,1.222e-21,4.932e+0,2.580e-1,2.660e-10,1.255e-19,2.986e-22,4.940e-3,1.711e+2,2.666e-4,4.167e-15,4.624e-15,2.261e+0,3.953e-11,,3.895e-1,,,3.374e-4,,,2.631e-3,,1.178e-18,,7.387e-19,,3.270e-2,,1.059e-17,,6.805e-18,1.945e-16
508.28,1.972e+2,1.456e-16,1.555e-20,7.565e-44,9.018e-18,,,1.421e-18,7.227e-22,,2.757e-15,4.060e-19,4.554e-25,9.919e-18,7.505e-12,1.868e-28,4.310e-16,5.149e-19,,8.350e-19,2.539e-19,1.119e-25,6.194e+0,,2.226e-8,1.022e-19,,5.094e-19,1.222e-21,4.776e+0,2.566e-1,2.499e-10,1.255e-19,2.985e-22,4.101e-3,1.834e+2,2.139e-4,6.644e-15,7.174e-15,2.028e+0,5.947e-11,,4.520e-1,,,2.706e-4,,,2.201e-3,,1.178e-18,,7.386e-19,,2.824e-2,,1.058e-17,,6.809e-18,1.945e-16
508.31,2.164e+2,7.419e-17,2.686e-20,7.556e-44,6.938e-18,,,1.421e-18,7.232e-22,,2.757e-15,4.018e-19,4.564e-25,9.918e-18,4.102e-12,3.686e-28,8.210e-16,2.831e-19,,8.392e-19,2.537e-19,7.270e-26,6.774e+0,,2.268e-8,1.019e-19,,5.084e-19,1.223e-21,4.641e+0,2.553e-1,2.262e-10,1.255e-19,2.985e-22,3.085e-3,2.024e+2,1.528e-4,1.330e-14,1.378e-14,1.714e+0,1.091e-10,,5.621e-1,,,1.933e-4,,,1.675e-3,,1.178e-18,,7.386e-19,,2.254e-2,,1.058e-17,,6.814e-18,1.945e-16
508.33,2.296e+2,4.716e-17,3.852e-20,7.550e-44,5.804e-18,,,1.422e-18,7.235e-22,,2.757e-15,3.990e-19,4.570e-25,9.918e-18,2.732e-12,5.778e-28,1.257e-15,1.893e-19,,8.421e-19,2.535e-19,5.435e-26,7.167e+0,,2.289e-8,1.017e-19,,5.078e-19,1.223e-21,4.618e+0,2.550e-1,2.110e-10,1.255e-19,2.984e-22,2.543e-3,2.154e+2,1.217e-4,2.106e-14,2.123e-14,1.527e+0,1.630e-10,,6.476e-1,,,1.539e-4,,,1.390e-3,,1.178e-18,,7.385e-19,,1.933e-2,,1.057e-17,,6.818e-18,1.945e-16
508.36,2.499e+2,2.378e-17,6.582e-20,7.541e-44,4.415e-18,,,1.423e-18,7.239e-22,,2.756e-15,3.948e-19,4.579e-25,9.918e-18,1.477e-12,1.128e-27,2.368e-15,1.029e-19,,8.464e-19,2.532e-19,3.493e-26,7.760e+0,,2.306e-8,1.015e-19,,5.068e-19,1.224e-21,4.679e+0,2.553e-1,1.889e-10,1.255e-19,2.983e-22,1.892e-3,2.351e+2,8.600e-5,4.171e-14,4.035e-14,1.276e+0,2.959e-10,,7.965e-1,,,1.088e-4,,,1.046e-3,,1.178e-18,,7.384e-19,,1.527e-2,,1.057e-17,,6.823e-18,1.946e-16
508.38,2.636e+2,1.501e-17,9.372e-20,7.535e-44,3.666e-18,,,1.423e-18,7.242e-22,,2.756e-15,3.920e-19,4.585e-25,9.918e-18,9.763e-13,1.755e-27,3.600e-15,6.828e-20,,8.492e-19,2.530e-19,2.592e-26,8.154e+0,,2.310e-8,1.013e-19,,5.061e-19,1.224e-21,4.782e+0,2.561e-1,1.749e-10,1.256e-19,2.983e-22,1.547e-3,2.483e+2,6.800e-5,6.554e-14,6.168e-14,1.128e+0,4.387e-10,,9.109e-1,,,8.595e-5,,,8.620e-4,,1.178e-18,,7.384e-19,,1.300e-2,,1.056e-17,,6.827e-18,1.946e-16
508.41,2.842e+2,7.483e-18,1.584e-19,7.526e-44,2.758e-18,,,1.424e-18,7.247e-22,,2.755e-15,3.878e-19,4.595e-25,9.918e-18,5.218e-13,3.388e-27,6.709e-15,3.671e-20,,8.535e-19,2.527e-19,1.647e-26,8.737e+0,,2.302e-8,1.010e-19,,5.051e-19,1.224e-21,5.027e+0,2.581e-1,1.550e-10,1.256e-19,2.982e-22,1.138e-3,2.681e+2,4.759e-5,1.284e-13,1.160e-13,9.324e-1,7.876e-10,,1.108e+0,,,6.005e-5,,,6.413e-4,,1.178e-18,,7.383e-19,,1.016e-2,,1.056e-17,,6.833e-18,1.946e-16
508.43,2.978e+2,4.689e-18,2.239e-19,7.520e-44,2.273e-18,,,1.425e-18,7.250e-22,,2.755e-15,3.851e-19,4.601e-25,9.918e-18,3.424e-13,5.234e-27,1.012e-14,2.418e-20,,8.564e-19,2.525e-19,1.213e-26,9.116e+0,,2.289e-8,1.008e-19,,5.045e-19,1.225e-21,5.249e+0,2.601e-1,1.424e-10,1.256e-19,2.981e-22,9.242e-4,2.811e+2,3.741e-5,2.003e-13,1.760e-13,8.182e-1,1.159e-9,,1.258e+0,,,4.710e-5,,,5.246e-4,,1.179e-18,,7.383e-19,,8.584e-3,,1.055e-17,,6.836e-18,1.947e-16
508.46,3.179e+2,2.313e-18,3.742e-19,7.511e-44,1.691e-18,,,1.425e-18,7.254e-22,,2.755e-15,3.809e-19,4.610e-25,9.917e-18,1.810e-13,9.994e-27,1.866e-14,1.285e-20,,8.607e-19,2.522e-19,7.625e-27,9.663e+0,,2.256e-8,1.006e-19,,5.035e-19,1.225e-21,5.666e+0,2.639e-1,1.248e-10,1.256e-19,2.981e-22,6.724e-4,3.001e+2,2.601e-5,3.881e-13,3.272e-13,6.688e-1,2.059e-9,,1.513e+0,,,3.254e-5,,,3.860e-4,,1.179e-18,,7.382e-19,,6.636e-3,,1.055e-17,,6.842e-18,1.947e-16
508.48,3.309e+2,1.439e-18,5.250e-19,7.505e-44,1.384e-18,,,1.426e-18,7.257e-22,,2.754e-15,3.781e-19,4.617e-25,9.917e-18,1.179e-13,1.533e-26,2.795e-14,8.403e-21,,8.635e-19,2.520e-19,5.574e-27,1.001e+1,,2.226e-8,1.004e-19,,5.028e-19,1.226e-21,5.997e+0,2.670e-1,1.139e-10,1.256e-19,2.980e-22,5.419e-4,3.123e+2,2.043e-5,6.009e-13,4.929e-13,5.825e-1,3.008e-9,,1.705e+0,,,2.534e-5,,,3.134e-4,,1.179e-18,,7.381e-19,,5.569e-3,,1.055e-17,,6.845e-18,1.947e-16
508.5,3.435e+2,8.925e-19,7.346e-19,7.499e-44,1.128e-18,,,1.426e-18,7.260e-22,,2.754e-15,3.753e-19,4.623e-25,9.917e-18,7.653e-14,2.343e-26,4.174e-14,5.477e-21,,8.664e-19,2.518e-19,4.062e-27,1.034e+1,,2.190e-8,1.002e-19,,5.022e-19,1.226e-21,6.369e+0,2.707e-1,1.036e-10,1.256e-19,2.980e-22,4.354e-4,3.241e+2,1.610e-5,9.278e-13,7.404e-13,5.059e-1,4.383e-9,,1.916e+0,,,1.967e-5,,,2.537e-4,,1.179e-18,,7.381e-19,,4.660e-3,,1.054e-17,,6.849e-18,1.947e-16
508.53,3.614e+2,4.336e-19,1.209e-18,7.489e-44,8.266e-19,,,1.427e-18,7.264e-22,,2.754e-15,3.711e-19,4.632e-25,9.917e-18,3.982e-14,4.407e-26,7.577e-14,2.866e-21,,8.707e-19,2.515e-19,2.513e-27,1.079e+1,,2.125e-8,9.994e-20,,5.012e-19,1.226e-21,6.997e+0,2.771e-1,8.946e-11,1.257e-19,2.979e-22,3.118e-4,3.406e+2,1.146e-5,1.770e-12,1.356e-12,4.071e-1,7.665e-9,,2.269e+0,,,1.338e-5,,,1.838e-4,,1.179e-18,,7.380e-19,,3.549e-3,,1.054e-17,,6.854e-18,1.948e-16
508.55,3.725e+2,2.670e-19,1.679e-18,7.483e-44,6.692e-19,,,1.428e-18,7.267e-22,,2.753e-15,3.683e-19,4.638e-25,9.917e-18,2.566e-14,6.689e-26,1.123e-13,1.854e-21,,8.736e-19,2.513e-19,1.818e-27,1.107e+1,,2.075e-8,9.977e-20,,5.005e-19,1.227e-21,7.460e+0,2.821e-1,8.081e-11,1.257e-19,2.978e-22,2.487e-4,3.508e+2,9.348e-6,2.714e-12,2.022e-12,3.509e-1,1.109e-8,,2.531e+0,,,1.031e-5,,,1.477e-4,,1.179e-18,,7.380e-19,,2.948e-3,,1.053e-17,,6.858e-18,1.948e-16
508.58,3.879e+2,1.283e-19,2.733e-18,7.474e-44,4.847e-19,,,1.429e-18,7.272e-22,,2.753e-15,3.642e-19,4.648e-25,9.917e-18,1.320e-14,1.244e-25,2.017e-13,9.594e-22,,8.778e-19,2.510e-19,1.113e-27,1.143e+1,,1.992e-8,9.950e-20,,4.995e-19,1.227e-21,8.213e+0,2.904e-1,6.900e-11,1.257e-19,2.977e-22,1.762e-4,3.647e+2,7.369e-6,5.121e-12,3.661e-12,2.793e-1,1.918e-8,,2.965e+0,,,6.933e-6,,,1.058e-4,,1.180e-18,,7.379e-19,,2.221e-3,,1.053e-17,,6.863e-18,1.948e-16
508.6,3.971e+2,5.391e-20,3.769e-18,7.468e-44,3.895e-19,,,1.429e-18,7.275e-22,,2.753e-15,3.614e-19,4.654e-25,9.916e-18,8.446e-15,1.875e-25,2.968e-13,6.161e-22,,8.807e-19,2.508e-19,7.989e-28,1.163e+1,,1.931e-8,9.932e-20,,4.989e-19,1.227e-21,8.751e+0,2.966e-1,6.187e-11,1.257e-19,2.977e-22,1.394e-4,3.729e+2,6.736e-6,7.793e-12,5.420e-12,2.389e-1,2.753e-8,,3.282e+0,,,5.302e-6,,,8.435e-5,,1.180e-18,,7.378e-19,,1.832e-3,,1.052e-17,,6.867e-18,1.948e-16
508.63,4.092e+2,2.589e-20,6.068e-18,7.459e-44,2.790e-19,,,1.430e-18,7.279e-22,,2.752e-15,3.572e-19,4.663e-25,9.916e-18,4.297e-15,3.449e-25,5.271e-13,3.152e-22,,8.850e-19,2.505e-19,4.836e-28,1.188e+1,,1.833e-8,9.905e-20,,4.979e-19,1.228e-21,9.604e+0,3.069e-1,5.226e-11,1.257e-19,2.976e-22,9.767e-5,3.834e+2,6.746e-6,1.455e-11,9.708e-12,1.880e-1,4.711e-8,,3.803e+0,,,3.527e-6,,,5.975e-5,,1.180e-18,,7.378e-19,,1.365e-3,,1.052e-17,,6.873e-18,1.949e-16
508.65,4.160e+2,1.581e-20,8.305e-18,7.453e-44,2.226e-19,,,1.431e-18,7.282e-22,,2.752e-15,3.544e-19,4.670e-25,9.916e-18,2.728e-15,5.160e-25,7.701e-13,2.009e-22,,8.879e-19,2.503e-19,3.449e-28,1.200e+1,,1.764e-8,9.887e-20,,4.972e-19,1.228e-21,1.020e+1,3.144e-1,4.652e-11,1.257e-19,2.976e-22,7.675e-5,3.891e+2,7.409e-6,2.197e-11,1.427e-11,1.597e-1,6.715e-8,,4.179e+0,,,2.677e-6,,,4.730e-5,,1.180e-18,,7.377e-19,,1.118e-3,,1.051e-17,,6.876e-18,1.949e-16
508.68,4.241e+2,7.507e-21,1.323e-17,7.444e-44,1.577e-19,,,1.431e-18,7.286e-22,,2.752e-15,3.502e-19,4.679e-25,9.916e-18,1.373e-15,9.388e-25,1.353e-12,1.017e-22,,8.921e-19,2.500e-19,2.069e-28,1.212e+1,,1.655e-8,9.860e-20,,4.962e-19,1.229e-21,1.112e+1,3.266e-1,3.887e-11,1.258e-19,2.975e-22,5.316e-5,3.956e+2,9.532e-6,4.057e-11,2.527e-11,1.243e-1,1.136e-7,,4.788e+0,,,1.761e-6,,,3.313e-5,,1.180e-18,,7.376e-19,,8.243e-4,,1.051e-17,,6.882e-18,1.949e-16
508.7,4.281e+2,4.552e-21,1.797e-17,7.438e-44,1.248e-19,,,1.432e-18,7.289e-22,,2.751e-15,3.474e-19,4.685e-25,9.916e-18,8.650e-16,1.394e-24,1.962e-12,6.431e-23,,8.950e-19,2.498e-19,1.469e-28,1.216e+1,,1.581e-8,9.842e-20,,4.956e-19,1.229e-21,1.174e+1,3.353e-1,3.435e-11,1.258e-19,2.974e-22,4.146e-5,3.986e+2,1.185e-5,6.083e-11,3.687e-11,1.048e-1,1.608e-7,,5.224e+0,,,1.327e-6,,,2.604e-5,,1.180e-18,,7.376e-19,,6.704e-4,,1.050e-17,,6.885e-18,1.950e-16
508.73,4.320e+2,2.137e-21,2.830e-17,7.429e-44,8.744e-20,,,1.433e-18,7.294e-22,,2.751e-15,3.432e-19,4.695e-25,9.916e-18,4.303e-16,2.509e-24,3.408e-12,3.217e-23,,8.993e-19,2.495e-19,8.824e-29,1.214e+1,,1.468e-8,9.816e-20,,4.946e-19,1.229e-21,1.269e+1,3.493e-1,2.839e-11,1.258e-19,2.973e-22,2.840e-5,4.008e+2,1.712e-5,1.111e-10,6.461e-11,8.065e-2,2.691e-7,,5.919e+0,,,8.630e-7,,,1.803e-5,,1.181e-18,,7.375e-19,,4.890e-4,,1.050e-17,,6.891e-18,1.950e-16
508.75,4.330e+2,2.140e-21,3.817e-17,7.423e-44,6.871e-20,,,1.433e-18,7.297e-22,,2.751e-15,3.405e-19,4.701e-25,9.916e-18,2.691e-16,3.699e-24,4.907e-12,2.020e-23,,9.021e-19,2.493e-19,6.346e-29,1.209e+1,,1.392e-8,9.798e-20,,4.939e-19,1.230e-21,1.332e+1,3.592e-1,2.491e-11,1.258e-19,2.973e-22,2.198e-5,4.008e+2,2.217e-5,1.654e-10,9.357e-11,6.748e-2,3.780e-7,,6.410e+0,,,6.455e-7,,,1.407e-5,,1.181e-18,,7.375e-19,,3.950e-4,,1.050e-17,,6.894e-18,1.950e-16
508.78,4.324e+2,2.144e-21,5.947e-17,7.414e-44,4.760e-20,,,1.434e-18,7.301e-22,,2.750e-15,3.363e-19,4.710e-25,9.915e-18,1.324e-16,6.585e-24,8.430e-12,9.994e-24,,9.064e-19,2.490e-19,4.049e-29,1.194e+1,,1.278e-8,9.771e-20,,4.930e-19,1.230e-21,1.426e+1,3.750e-1,2.036e-11,1.258e-19,2.972e-22,1.489e-5,3.986e+2,3.291e-5,2.987e-10,1.622e-10,5.136e-2,6.259e-7,,7.184e+0,,,4.152e-7,,,9.636e-6,,1.181e-18,,7.374e-19,,2.853e-4,,1.049e-17,,6.900e-18,1.950e-16
508.8,4.305e+2,2.147e-21,7.962e-17,7.408e-44,3.713e-20,,,1.435e-18,7.304e-22,,2.750e-15,3.335e-19,4.716e-25,9.915e-18,8.220e-17,9.637e-24,1.205e-11,6.228e-24,,9.093e-19,2.488e-19,3.200e-29,1.180e+1,,1.202e-8,9.753e-20,,4.923e-19,1.231e-21,1.487e+1,3.860e-1,1.774e-11,1.258e-19,2.972e-22,1.144e-5,3.956e+2,4.286e-5,4.414e-10,2.331e-10,4.266e-2,8.728e-7,,7.722e+0,,,3.082e-7,,,7.460e-6,,1.181e-18,,7.373e-19,,2.291e-4,,1.049e-17,,6.903e-18,1.951e-16
508.83,4.254e+2,2.151e-21,1.227e-16,7.399e-44,2.543e-20,,,1.435e-18,7.308e-22,,2.749e-15,3.293e-19,4.726e-25,9.915e-18,3.999e-17,1.697e-23,2.048e-11,3.047e-24,,9.136e-19,2.485e-19,2.689e-29,1.153e+1,,1.092e-8,9.726e-20,,4.913e-19,1.231e-21,1.576e+1,4.034e-1,1.434e-11,1.259e-19,2.971e-22,7.665e-6,3.891e+2,6.357e-5,7.885e-10,3.997e-10,3.211e-2,1.429e-6,,8.559e+0,,,1.961e-7,,,5.053e-6,,1.181e-18,,7.373e-19,,1.643e-4,,1.048e-17,,6.909e-18,1.951e-16
508.85,4.206e+2,2.154e-21,1.631e-16,7.393e-44,1.969e-20,,,1.436e-18,7.311e-22,,2.749e-15,3.265e-19,4.732e-25,9.915e-18,2.464e-17,2.465e-23,2.906e-11,1.885e-24,,9.164e-19,2.483e-19,2.795e-29,1.131e+1,,1.020e-8,9.708e-20,,4.906e-19,1.231e-21,1.632e+1,4.156e-1,1.240e-11,1.259e-19,2.970e-22,5.846e-6,3.834e+2,8.246e-5,1.157e-9,5.704e-10,2.647e-2,1.979e-6,,9.133e+0,,,1.445e-7,,,3.883e-6,,1.181e-18,,7.372e-19,,1.316e-4,,1.048e-17,,6.913e-18,1.951e-16
508.87,4.147e+2,2.157e-21,2.161e-16,7.387e-44,1.520e-20,,,1.436e-18,7.314e-22,,2.749e-15,3.237e-19,4.738e-25,9.915e-18,1.514e-17,3.571e-23,4.111e-11,1.162e-24,,9.193e-19,2.482e-19,3.264e-29,1.106e+1,,9.499e-9,9.691e-20,,4.900e-19,1.232e-21,1.685e+1,4.282e-1,1.070e-11,1.259e-19,2.970e-22,4.446e-6,3.766e+2,1.067e-4,1.692e-9,8.116e-10,2.176e-2,2.731e-6,,9.717e+0,,,1.062e-7,,,2.975e-6,,1.181e-18,,7.371e-19,,1.055e-4,,1.047e-17,,6.916e-18,1.951e-16
508.9,4.040e+2,2.162e-21,3.279e-16,7.378e-44,1.025e-20,,,1.437e-18,7.319e-22,,2.748e-15,3.196e-19,4.748e-25,9.915e-18,7.249e-18,6.192e-23,6.879e-11,5.597e-25,,9.236e-19,2.479e-19,4.776e-29,1.064e+1,,8.491e-9,9.664e-20,,4.890e-19,1.232e-21,1.759e+1,4.480e-1,8.519e-12,1.259e-19,2.969e-22,2.932e-6,3.647e+2,1.563e-4,2.977e-9,1.370e-9,1.613e-2,4.404e-6,,1.060e+1,,,6.665e-8,,,1.984e-6,,1.182e-18,,7.371e-19,,7.632e-5,,1.047e-17,,6.922e-18,1.952e-16
508.92,3.957e+2,2.165e-21,4.314e-16,7.372e-44,7.855e-21,,,1.438e-18,7.322e-22,,2.748e-15,3.168e-19,4.754e-25,9.914e-18,4.420e-18,8.905e-23,9.661e-11,3.426e-25,,9.265e-19,2.477e-19,6.491e-29,1.033e+1,,7.850e-9,9.646e-20,,4.883e-19,1.232e-21,1.803e+1,4.617e-1,7.294e-12,1.259e-19,2.968e-22,2.213e-6,3.557e+2,2.008e-4,4.322e-9,1.935e-9,1.316e-2,6.035e-6,,1.120e+1,,,4.875e-8,,,1.509e-6,,1.182e-18,,7.370e-19,,6.227e-5,,1.046e-17,,6.925e-18,1.952e-16
508.95,3.817e+2,2.169e-21,6.474e-16,7.363e-44,5.239e-21,,,1.439e-18,7.326e-22,,2.748e-15,3.126e-19,4.763e-25,9.914e-18,2.093e-18,1.527e-22,1.599e-10,1.632e-25,,9.307e-19,2.474e-19,1.061e-28,9.829e+0,,6.940e-9,9.619e-20,,4.873e-19,1.233e-21,1.862e+1,4.831e-1,5.748e-12,1.260e-19,2.968e-22,1.443e-6,3.406e+2,2.910e-4,7.521e-9,3.232e-9,9.642e-3,9.626e-6,,1.209e+1,,,3.051e-8,,,9.951e-7,,1.182e-18,,7.369e-19,,4.760e-5,,1.046e-17,,6.931e-18,1.952e-16
508.97,3.713e+2,2.172e-21,8.456e-16,7.357e-44,3.985e-21,,,1.439e-18,7.329e-22,,2.747e-15,3.098e-19,4.769e-25,9.914e-18,2.166e-19,2.180e-22,2.230e-10,9.912e-26,,9.336e-19,2.472e-19,1.484e-28,9.473e+0,,6.369e-9,9.601e-20,,4.867e-19,1.233e-21,1.895e+1,4.980e-1,4.887e-12,1.260e-19,2.967e-22,1.081e-6,3.297e+2,3.712e-4,1.084e-8,4.531e-9,7.809e-3,1.309e-5,,1.267e+1,,,2.244e-8,,,7.512e-7,,1.182e-18,,7.369e-19,,4.140e-5,,1.046e-17,,6.934e-18,1.953e-16
509,3.546e+2,2.177e-21,1.255e-15,7.348e-44,2.628e-21,,,1.440e-18,7.333e-22,,2.747e-15,3.056e-19,4.779e-25,9.914e-18,1.020e-19,3.698e-22,3.650e-10,4.668e-26,,9.379e-19,2.469e-19,2.455e-28,8.912e+0,,5.569e-9,9.574e-20,,4.857e-19,1.234e-21,1.935e+1,5.213e-1,3.813e-12,1.260e-19,2.966e-22,6.972e-7,3.123e+2,5.320e-4,1.866e-8,7.484e-9,5.659e-3,2.066e-5,,1.353e+1,,,1.454e-8,,,4.899e-7,,1.182e-18,,7.368e-19,,3.672e-5,,1.045e-17,,6.940e-18,1.953e-16
509.02,3.428e+2,2.179e-21,1.627e-15,7.342e-44,1.984e-21,,,1.440e-18,7.336e-22,,2.747e-15,3.028e-19,4.785e-25,9.914e-18,1.017e-19,5.241e-22,5.052e-10,4.667e-26,,9.408e-19,2.467e-19,3.429e-28,8.526e+0,,5.073e-9,9.557e-20,,4.850e-19,1.234e-21,1.955e+1,5.374e-1,3.221e-12,1.260e-19,2.966e-22,5.185e-7,3.001e+2,6.738e-4,2.670e-8,1.042e-8,4.549e-3,2.790e-5,,1.408e+1,,,1.132e-8,,,3.671e-7,,1.182e-18,,7.368e-19,,3.646e-5,,1.045e-17,,6.943e-18,1.953e-16
509.05,3.242e+2,2.184e-21,2.389e-15,7.332e-44,1.294e-21,,,1.441e-18,7.341e-22,,2.746e-15,2.987e-19,4.794e-25,9.914e-18,1.012e-19,8.794e-22,8.180e-10,4.665e-26,,9.450e-19,2.464e-19,5.633e-28,7.933e+0,,4.386e-9,9.530e-20,,4.841e-19,1.234e-21,1.974e+1,5.627e-1,2.490e-12,1.260e-19,2.965e-22,3.307e-7,2.811e+2,9.552e-4,4.545e-8,1.702e-8,3.261e-3,4.353e-5,,1.486e+1,,,8.771e-9,,,2.367e-7,,1.183e-18,,7.367e-19,,4.034e-5,,1.044e-17,,6.949e-18,1.954e-16
509.07,3.114e+2,2.187e-21,3.075e-15,7.326e-44,9.696e-22,,,1.442e-18,7.344e-22,,2.746e-15,2.959e-19,4.801e-25,9.913e-18,1.009e-19,1.237e-21,1.124e-9,4.665e-26,,9.479e-19,2.462e-19,7.817e-28,7.533e+0,,3.966e-9,9.512e-20,,4.834e-19,1.235e-21,1.980e+1,5.803e-1,2.093e-12,1.260e-19,2.965e-22,2.441e-7,2.681e+2,1.201e-3,6.457e-8,2.352e-8,2.602e-3,5.836e-5,,1.535e+1,,,8.349e-9,,,1.761e-7,,1.183e-18,,7.366e-19,,4.595e-5,,1.044e-17,,6.953e-18,1.954e-16
509.1,2.917e+2,2.191e-21,4.466e-15,7.317e-44,6.254e-22,,,1.443e-18,7.348e-22,,2.746e-15,2.917e-19,4.810e-25,9.913e-18,1.004e-19,2.053e-21,1.800e-9,4.663e-26,,9.522e-19,2.459e-19,1.271e-27,6.932e+0,,3.391e-9,9.485e-20,,4.824e-19,1.235e-21,1.978e+1,6.080e-1,1.609e-12,1.261e-19,2.964e-22,1.539e-7,2.483e+2,1.684e-3,1.087e-7,3.799e-8,1.844e-3,9.008e-5,,1.603e+1,,,9.536e-9,,,1.123e-7,,1.183e-18,,7.366e-19,,5.962e-5,,1.043e-17,,6.958e-18,1.954e-16
509.12,2.784e+2,2.194e-21,5.706e-15,7.311e-44,4.651e-22,,,1.443e-18,7.351e-22,,2.745e-15,2.889e-19,4.816e-25,9.913e-18,1.001e-19,2.868e-21,2.455e-9,4.662e-26,,9.551e-19,2.457e-19,1.751e-27,6.534e+0,,3.044e-9,9.467e-20,,4.817e-19,1.235e-21,1.969e+1,6.273e-1,1.351e-12,1.261e-19,2.963e-22,1.128e-7,2.351e+2,2.102e-3,1.533e-7,5.212e-8,1.460e-3,1.199e-4,,1.644e+1,,,1.167e-8,,,8.289e-8,,1.183e-18,,7.365e-19,,7.288e-5,,1.043e-17,,6.962e-18,1.954e-16
509.15,2.584e+2,2.199e-21,8.196e-15,7.302e-44,2.967e-22,,,1.444e-18,7.356e-22,,2.745e-15,2.847e-19,4.825e-25,9.913e-18,9.962e-20,4.707e-21,3.889e-9,4.661e-26,,9.593e-19,2.454e-19,2.817e-27,5.946e+0,,2.574e-9,9.440e-20,,4.808e-19,1.236e-21,1.945e+1,6.576e-1,1.042e-12,1.261e-19,2.962e-22,7.033e-8,2.154e+2,2.915e-3,2.553e-7,8.328e-8,1.024e-3,1.830e-4,,1.698e+1,,,1.745e-8,,,5.228e-8,,1.183e-18,,7.364e-19,,1.006e-4,,1.042e-17,,6.967e-18,1.955e-16
509.17,2.452e+2,2.202e-21,1.040e-14,7.296e-44,2.190e-22,,,1.444e-18,7.359e-22,,2.745e-15,2.819e-19,4.832e-25,9.913e-18,9.931e-20,6.526e-21,5.266e-9,4.660e-26,,9.622e-19,2.452e-19,3.853e-27,5.563e+0,,2.293e-9,9.423e-20,,4.801e-19,1.236e-21,1.922e+1,6.788e-1,8.807e-13,1.261e-19,2.962e-22,5.115e-8,2.024e+2,3.612e-3,3.574e-7,1.134e-7,8.048e-4,2.418e-4,,1.728e+1,,,2.360e-8,,,3.831e-8,,1.183e-18,,7.364e-19,,1.255e-4,,1.042e-17,,6.971e-18,1.955e-16
509.2,2.256e+2,2.206e-21,1.477e-14,7.287e-44,1.382e-22,,,1.445e-18,7.363e-22,,2.744e-15,2.778e-19,4.841e-25,9.913e-18,9.883e-20,1.060e-20,8.251e-9,4.659e-26,,9.665e-19,2.449e-19,6.129e-27,5.007e+0,,1.918e-9,9.396e-20,,4.791e-19,1.237e-21,1.878e+1,7.123e-1,6.951e-13,1.261e-19,2.961e-22,3.155e-8,1.834e+2,4.954e-3,5.888e-7,1.793e-7,5.578e-4,3.651e-4,,1.765e+1,,,3.786e-8,,,2.389e-8,,1.184e-18,,7.363e-19,,1.754e-4,,1.041e-17,,6.976e-18,1.955e-16
509.22,2.128e+2,2.209e-21,1.860e-14,7.281e-44,1.012e-22,,,1.446e-18,7.366e-22,,2.744e-15,2.750e-19,4.847e-25,9.913e-18,9.852e-20,1.458e-20,1.109e-8,4.658e-26,,9.693e-19,2.447e-19,8.322e-27,4.650e+0,,1.696e-9,9.378e-20,,4.784e-19,1.237e-21,1.842e+1,7.357e-1,6.035e-13,1.261e-19,2.961e-22,2.277e-8,1.711e+2,6.093e-3,8.182e-7,2.423e-7,4.353e-4,4.788e-4,,1.784e+1,,,5.210e-8,,,1.738e-8,,1.184e-18,,7.363e-19,,2.191e-4,,1.041e-17,,6.980e-18,1.955e-16
509.24,2.002e+2,2.212e-21,2.336e-14,7.275e-44,7.396e-23,,,1.446e-18,7.369e-22,,2.744e-15,2.722e-19,4.853e-25,9.912e-18,9.820e-20,2.001e-20,1.486e-8,4.657e-26,,9.722e-19,2.445e-19,1.127e-26,4.306e+0,,1.496e-9,9.360e-20,,4.778e-19,1.237e-21,1.802e+1,7.601e-1,5.342e-13,1.262e-19,2.960e-22,1.639e-8,1.592e+2,7.472e-3,1.134e-6,3.267e-7,3.387e-4,6.261e-4,,1.798e+1,,,7.167e-8,,,1.260e-8,,1.184e-18,,7.362e-19,,2.733e-4,,1.041e-17,,6.983e-18,1.956e-16
509.27,1.820e+2,2.216e-21,3.268e-14,7.266e-44,4.593e-23,,,1.447e-18,7.373e-22,,2.743e-15,2.680e-19,4.863e-25,9.912e-18,9.773e-20,3.200e-20,2.293e-8,4.655e-26,,9.765e-19,2.442e-19,1.765e-26,3.816e+0,,1.232e-9,9.333e-20,,4.768e-19,1.238e-21,1.733e+1,7.985e-1,4.669e-13,1.262e-19,2.959e-22,9.951e-9,1.420e+2,1.009e-2,1.839e-6,5.084e-7,2.311e-4,9.311e-4,,1.808e+1,,,1.153e-7,,,7.737e-9,,1.184e-18,,7.361e-19,,3.790e-4,,1.040e-17,,6.989e-18,1.956e-16
509.29,1.704e+2,2.219e-21,4.074e-14,7.260e-44,3.331e-23,,,1.448e-18,7.376e-22,,2.743e-15,2.652e-19,4.869e-25,9.912e-18,9.741e-20,4.360e-20,3.051e-8,4.655e-26,,9.794e-19,2.440e-19,2.372e-26,3.507e+0,,1.078e-9,9.315e-20,,4.761e-19,1.238e-21,1.683e+1,8.255e-1,4.441e-13,1.262e-19,2.959e-22,7.109e-9,1.311e+2,1.229e-2,2.530e-6,6.803e-7,1.785e-4,1.209e-3,,1.809e+1,,,1.578e-7,,,5.569e-9,,1.184e-18,,7.361e-19,,4.700e-4,,1.040e-17,,6.993e-18,1.956e-16
509.32,1.536e+2,2.224e-21,5.639e-14,7.251e-44,2.045e-23,,,1.448e-18,7.381e-22,,2.742e-15,2.610e-19,4.878e-25,9.912e-18,9.694e-20,6.894e-20,4.656e-8,4.653e-26,,9.836e-19,2.437e-19,3.676e-26,3.074e+0,,8.778e-10,9.288e-20,,4.752e-19,1.239e-21,1.601e+1,8.679e-1,4.400e-13,1.262e-19,2.958e-22,4.268e-9,1.157e+2,1.641e-2,4.059e-6,1.047e-6,1.205e-4,1.778e-3,,1.800e+1,,,2.515e-7,,,3.381e-9,,1.184e-18,,7.360e-19,,6.456e-4,,1.039e-17,,6.998e-18,1.957e-16
509.34,1.430e+2,2.227e-21,6.978e-14,7.245e-44,1.472e-23,,,1.449e-18,7.384e-22,,2.742e-15,2.582e-19,4.885e-25,9.912e-18,9.662e-20,9.324e-20,6.148e-8,4.652e-26,,9.865e-19,2.435e-19,4.904e-26,2.805e+0,,7.626e-10,9.271e-20,,4.745e-19,1.239e-21,1.543e+1,8.976e-1,4.564e-13,1.262e-19,2.957e-22,3.026e-9,1.060e+2,1.984e-2,5.543e-6,1.391e-6,9.233e-5,2.291e-3,,1.788e+1,,,3.419e-7,,,2.416e-9,,1.185e-18,,7.360e-19,,7.949e-4,,1.039e-17,,7.002e-18,1.957e-16
509.37,1.280e+2,2.231e-21,9.554e-14,7.236e-44,8.941e-24,,,1.450e-18,7.388e-22,,2.742e-15,2.541e-19,4.894e-25,9.912e-18,9.615e-20,1.459e-19,9.281e-8,4.651e-26,,9.908e-19,2.432e-19,7.516e-26,2.431e+0,,6.142e-10,9.244e-20,,4.735e-19,1.239e-21,1.452e+1,9.442e-1,5.094e-13,1.262e-19,2.957e-22,1.797e-9,9.248e+1,2.621e-2,8.796e-6,2.118e-6,6.162e-5,3.333e-3,,1.760e+1,,,5.389e-7,,,1.451e-9,,1.185e-18,,7.359e-19,,1.080e-3,,1.038e-17,,7.007e-18,1.957e-16
509.39,1.186e+2,2.234e-21,1.174e-13,7.230e-44,6.388e-24,,,1.450e-18,7.391e-22,,2.741e-15,2.513e-19,4.900e-25,9.911e-18,9.583e-20,1.958e-19,1.217e-7,4.650e-26,,9.937e-19,2.430e-19,9.954e-26,2.202e+0,,5.297e-10,9.226e-20,,4.728e-19,1.240e-21,1.389e+1,9.766e-1,5.639e-13,1.263e-19,2.956e-22,1.265e-9,8.413e+1,3.145e-2,1.192e-5,2.793e-6,4.689e-5,4.264e-3,,1.736e+1,,,7.274e-7,,,1.029e-9,,1.185e-18,,7.358e-19,,1.321e-3,,1.038e-17,,7.011e-18,1.957e-16
509.42,1.054e+2,2.238e-21,1.590e-13,7.221e-44,3.836e-24,,,1.451e-18,7.395e-22,,2.741e-15,2.471e-19,4.910e-25,9.911e-18,9.535e-20,3.030e-19,1.816e-7,4.649e-26,,9.979e-19,2.427e-19,1.509e-25,1.887e+0,,4.219e-10,9.199e-20,,4.719e-19,1.240e-21,1.293e+1,1.027e+0,6.762e-13,1.263e-19,2.955e-22,7.426e-10,7.260e+1,4.110e-2,1.872e-5,4.207e-6,3.095e-5,6.137e-3,,1.692e+1,,,1.134e-6,,,6.108e-10,,1.185e-18,,7.358e-19,,1.775e-3,,1.037e-17,,7.016e-18,1.958e-16
509.44,9.722e+1,2.241e-21,1.940e-13,7.215e-44,2.721e-24,,,1.452e-18,7.398e-22,,2.741e-15,2.443e-19,4.916e-25,9.911e-18,9.504e-20,4.038e-19,2.364e-7,4.648e-26,,1.001e-18,2.426e-19,1.984e-25,1.697e+0,,3.611e-10,9.181e-20,,4.712e-19,1.240e-21,1.227e+1,1.063e+0,7.728e-13,1.263e-19,2.955e-22,5.188e-10,6.556e+1,4.895e-2,2.518e-5,5.507e-6,2.337e-5,7.794e-3,,1.657e+1,,,1.520e-6,,,4.300e-10,,1.185e-18,,7.357e-19,,2.154e-3,,1.037e-17,,7.020e-18,1.958e-16
509.47,8.586e+1,2.246e-21,2.599e-13,7.206e-44,1.616e-24,,,1.452e-18,7.403e-22,,2.740e-15,2.401e-19,4.925e-25,9.911e-18,9.456e-20,6.179e-19,3.491e-7,4.646e-26,,1.005e-18,2.423e-19,2.975e-25,1.438e+0,,2.844e-10,9.154e-20,,4.702e-19,1.241e-21,1.130e+1,1.117e+0,9.538e-13,1.263e-19,2.954e-22,3.012e-10,5.595e+1,6.327e-2,3.910e-5,8.203e-6,1.525e-5,1.109e-2,,1.598e+1,,,2.344e-6,,,2.525e-10,,1.185e-18,,7.356e-19,,2.865e-3,,1.036e-17,,7.025e-18,1.958e-16
509.49,7.888e+1,2.249e-21,3.148e-13,7.200e-44,1.137e-24,,,1.453e-18,7.406e-22,,2.740e-15,2.373e-19,4.931e-25,9.911e-18,9.425e-20,8.176e-19,4.510e-7,4.646e-26,,1.008e-18,2.421e-19,3.882e-25,1.283e+0,,2.417e-10,9.137e-20,,4.695e-19,1.241e-21,1.065e+1,1.155e+0,1.101e-12,1.263e-19,2.953e-22,2.089e-10,5.015e+1,7.481e-2,5.223e-5,1.066e-5,1.144e-5,1.399e-2,,1.555e+1,,,3.118e-6,,,1.764e-10,,1.186e-18,,7.356e-19,,3.451e-3,,1.036e-17,,7.029e-18,1.959e-16
509.52,6.929e+1,2.253e-21,4.173e-13,7.191e-44,6.679e-25,,,1.454e-18,7.410e-22,,2.739e-15,2.332e-19,4.941e-25,9.911e-18,9.377e-20,1.237e-18,6.587e-7,4.644e-26,,1.012e-18,2.418e-19,5.758e-25,1.076e+0,,1.883e-10,9.110e-20,,4.686e-19,1.242e-21,9.692e+0,1.212e+0,1.366e-12,1.263e-19,2.953e-22,1.199e-10,4.232e+1,9.564e-2,8.021e-5,1.571e-5,7.381e-6,1.969e-2,,1.486e+1,,,4.756e-6,,,1.024e-10,,1.186e-18,,7.355e-19,,4.539e-3,,1.036e-17,,7.034e-18,1.959e-16
509.54,6.345e+1,2.256e-21,5.019e-13,7.185e-44,4.667e-25,,,1.454e-18,7.413e-22,,2.739e-15,2.304e-19,4.947e-25,9.910e-18,9.346e-20,1.625e-18,8.449e-7,4.643e-26,,1.015e-18,2.416e-19,7.460e-25,9.532e-1,,1.588e-10,9.092e-20,,4.679e-19,1.242e-21,9.069e+0,1.252e+0,1.577e-12,1.264e-19,2.952e-22,8.255e-11,3.766e+1,1.122e-1,1.064e-4,2.026e-5,5.492e-6,2.464e-2,,1.438e+1,,,6.280e-6,,,7.104e-11,,1.186e-18,,7.355e-19,,5.428e-3,,1.035e-17,,7.038e-18,1.959e-16
509.57,5.550e+1,2.260e-21,6.583e-13,7.175e-44,2.710e-25,,,1.455e-18,7.417e-22,,2.739e-15,2.262e-19,4.956e-25,9.910e-18,9.298e-20,2.433e-18,1.220e-6,4.642e-26,,1.019e-18,2.413e-19,1.094e-24,7.904e-1,,1.223e-10,9.065e-20,,4.669e-19,1.242e-21,8.164e+0,1.312e+0,1.948e-12,1.264e-19,2.951e-22,4.688e-11,3.143e+1,1.419e-1,1.615e-4,2.952e-5,3.506e-6,3.432e-2,,1.362e+1,,,9.476e-6,,,4.079e-11,,1.186e-18,,7.354e-19,,7.060e-3,,1.035e-17,,7.043e-18,1.959e-16
509.59,5.072e+1,2.263e-21,7.861e-13,7.169e-44,1.880e-25,,,1.456e-18,7.420e-22,,2.738e-15,2.234e-19,4.963e-25,9.910e-18,9.267e-20,3.173e-18,1.554e-6,4.641e-26,,1.022e-18,2.411e-19,1.407e-24,6.951e-1,,1.024e-10,9.047e-20,,4.663e-19,1.243e-21,7.583e+0,1.352e+0,2.238e-12,1.264e-19,2.951e-22,3.203e-11,2.776e+1,1.654e-1,2.127e-4,3.781e-5,2.589e-6,4.264e-2,,1.311e+1,,,1.242e-5,,,2.808e-11,,1.186e-18,,7.353e-19,,8.382e-3,,1.034e-17,,7.047e-18,1.960e-16
509.62,4.426e+1,2.268e-21,1.020e-12,7.160e-44,1.080e-25,,,1.456e-18,7.425e-22,,2.738e-15,2.192e-19,4.972e-25,9.910e-18,9.219e-20,4.699e-18,2.220e-6,4.640e-26,,1.027e-18,2.408e-19,2.042e-24,5.700e-1,,7.803e-11,9.020e-20,,4.653e-19,1.243e-21,6.750e+0,1.413e+0,2.742e-12,1.264e-19,2.950e-22,1.798e-11,2.292e+1,2.069e-1,3.195e-4,5.449e-5,1.635e-6,5.873e-2,,1.233e+1,,,1.854e-5,,,1.595e-11,,1.186e-18,,7.353e-19,,1.078e-2,,1.034e-17,,7.053e-18,1.960e-16
509.64,4.041e+1,2.271e-21,1.210e-12,7.154e-44,7.432e-26,,,1.457e-18,7.428e-22,,2.738e-15,2.164e-19,4.978e-25,9.910e-18,9.188e-20,6.082e-18,2.806e-6,4.639e-26,,1.029e-18,2.406e-19,2.607e-24,4.976e-1,,6.485e-11,9.003e-20,,4.646e-19,1.244e-21,6.224e+0,1.453e+0,3.130e-12,1.264e-19,2.949e-22,1.219e-11,2.009e+1,2.393e-1,4.175e-4,6.928e-5,1.198e-6,7.243e-2,,1.182e+1,,,2.412e-5,,,1.089e-11,,1.187e-18,,7.352e-19,,1.271e-2,,1.033e-17,,7.056e-18,1.960e-16
509.66,3.691e+1,2.274e-21,1.431e-12,7.148e-44,5.101e-26,,,1.458e-18,7.431e-22,,2.737e-15,2.136e-19,4.984e-25,9.910e-18,9.156e-20,7.850e-18,3.536e-6,4.638e-26,,1.032e-18,2.404e-19,3.319e-24,4.332e-1,,5.373e-11,8.985e-20,,4.639e-19,1.244e-21,5.722e+0,1.493e+0,3.564e-12,1.264e-19,2.949e-22,8.245e-12,1.756e+1,2.759e-1,5.441e-4,8.781e-5,8.760e-7,8.908e-2,,1.132e+1,,,3.129e-5,,,7.421e-12,,1.187e-18,,7.352e-19,,1.493e-2,,1.033e-17,,7.060e-18,1.960e-16
509.69,3.227e+1,2.278e-21,1.830e-12,7.139e-44,2.884e-26,,,1.458e-18,7.435e-22,,2.737e-15,2.095e-19,4.994e-25,9.910e-18,9.109e-20,1.145e-17,4.976e-6,4.637e-26,,1.037e-18,2.401e-19,4.742e-24,3.500e-1,,4.030e-11,8.958e-20,,4.630e-19,1.244e-21,5.015e+0,1.552e+0,4.307e-12,1.265e-19,2.948e-22,4.558e-12,1.427e+1,3.399e-1,8.049e-4,1.246e-4,5.444e-7,1.208e-1,,1.059e+1,,,4.599e-5,,,4.149e-12,,1.187e-18,,7.351e-19,,1.892e-2,,1.032e-17,,7.065e-18,1.961e-16
509.71,2.955e+1,2.281e-21,2.149e-12,7.133e-44,1.965e-26,,,1.459e-18,7.438e-22,,2.737e-15,2.067e-19,5.000e-25,9.909e-18,9.077e-20,1.467e-17,6.225e-6,4.636e-26,,1.039e-18,2.399e-19,5.993e-24,3.026e-1,,3.315e-11,8.940e-20,,4.623e-19,1.245e-21,4.577e+0,1.590e+0,4.869e-12,1.265e-19,2.948e-22,3.059e-12,1.239e+1,3.891e-1,1.041e-3,1.568e-4,3.950e-7,1.475e-1,,1.013e+1,,,5.923e-5,,,2.806e-12,,1.187e-18,,7.350e-19,,2.207e-2,,1.032e-17,,7.069e-18,1.961e-16
509.74,2.600e+1,2.285e-21,2.721e-12,7.124e-44,1.099e-26,,,1.460e-18,7.442e-22,,2.736e-15,2.025e-19,5.009e-25,9.909e-18,9.030e-20,2.115e-17,8.663e-6,4.634e-26,,1.044e-18,2.396e-19,8.468e-24,2.420e-1,,2.459e-11,8.913e-20,,4.613e-19,1.245e-21,3.968e+0,1.645e+0,5.824e-12,1.265e-19,2.947e-22,1.672e-12,9.956e+0,4.740e-1,1.524e-3,2.202e-4,2.428e-7,1.979e-1,,9.487e+0,,,8.611e-5,,,1.551e-12,,1.187e-18,,7.350e-19,,2.765e-2,,1.032e-17,,7.074e-18,1.961e-16
509.76,2.396e+1,2.288e-21,3.174e-12,7.118e-44,7.429e-27,,,1.460e-18,7.445e-22,,2.736e-15,1.997e-19,5.016e-25,9.909e-18,8.998e-20,2.691e-17,1.076e-5,4.633e-26,,1.047e-18,2.394e-19,1.062e-23,2.080e-1,,2.008e-11,8.895e-20,,4.606e-19,1.245e-21,3.594e+0,1.680e+0,6.539e-12,1.265e-19,2.946e-22,1.114e-12,8.575e+0,5.387e-1,1.956e-3,2.750e-4,1.748e-7,2.399e-1,,9.094e+0,,,1.101e-4,,,1.041e-12,,1.187e-18,,7.349e-19,,3.202e-2,,1.031e-17,,7.078e-18,1.962e-16
509.79,2.137e+1,2.293e-21,3.979e-12,7.109e-44,4.108e-27,,,1.461e-18,7.450e-22,,2.736e-15,1.955e-19,5.025e-25,9.909e-18,8.951e-20,3.838e-17,1.481e-5,4.632e-26,,1.051e-18,2.391e-19,1.485e-23,1.650e-1,,1.473e-11,8.868e-20,,4.597e-19,1.246e-21,3.081e+0,1.729e+0,7.739e-12,1.265e-19,2.946e-22,6.022e-13,6.817e+0,6.492e-1,2.831e-3,3.819e-4,1.063e-7,3.183e-1,,8.568e+0,,,1.583e-4,,,5.692e-13,,1.187e-18,,7.348e-19,,3.968e-2,,1.031e-17,,7.084e-18,1.962e-16
509.81,1.993e+1,2.296e-21,4.611e-12,7.103e-44,2.757e-27,,,1.462e-18,7.453e-22,,2.735e-15,1.927e-19,5.031e-25,9.909e-18,8.919e-20,4.847e-17,1.826e-5,4.631e-26,,1.054e-18,2.389e-19,1.849e-23,1.412e-1,,1.194e-11,8.851e-20,,4.590e-19,1.246e-21,2.771e+0,1.759e+0,8.628e-12,1.265e-19,2.945e-22,3.981e-13,5.828e+0,7.325e-1,3.610e-3,4.735e-4,7.596e-8,3.830e-1,,8.264e+0,,,2.009e-4,,,3.792e-13,,1.188e-18,,7.348e-19,,4.561e-2,,1.030e-17,,7.087e-18,1.962e-16
509.84,1.816e+1,2.300e-21,5.723e-12,7.094e-44,1.508e-27,,,1.462e-18,7.457e-22,,2.735e-15,1.886e-19,5.040e-25,9.909e-18,8.872e-20,6.839e-17,2.485e-5,4.630e-26,,1.058e-18,2.386e-19,2.557e-23,1.117e-1,,8.660e-12,8.824e-20,,4.580e-19,1.247e-21,2.349e+0,1.799e+0,1.011e-11,1.266e-19,2.944e-22,2.129e-13,4.582e+0,8.730e-1,5.167e-3,6.503e-4,4.566e-8,5.027e-1,,7.885e+0,,,2.857e-4,,,2.050e-13,,1.188e-18,,7.347e-19,,5.591e-2,,1.030e-17,,7.093e-18,1.962e-16
509.86,1.724e+1,2.303e-21,6.589e-12,7.088e-44,1.004e-27,,,1.463e-18,7.460e-22,,2.735e-15,1.858e-19,5.047e-25,9.908e-18,8.840e-20,8.572e-17,3.042e-5,4.629e-26,,1.061e-18,2.384e-19,3.161e-23,9.565e-2,,6.967e-12,8.806e-20,,4.574e-19,1.247e-21,2.097e+0,1.822e+0,1.119e-11,1.266e-19,2.944e-22,1.397e-13,3.889e+0,9.778e-1,6.539e-3,8.006e-4,3.240e-8,6.004e-1,,7.688e+0,,,3.600e-4,,,1.356e-13,,1.188e-18,,7.347e-19,,6.380e-2,,1.029e-17,,7.096e-18,1.963e-16
509.89,1.621e+1,2.307e-21,8.101e-12,7.079e-44,5.431e-28,,,1.464e-18,7.465e-22,,2.734e-15,1.816e-19,5.056e-25,9.908e-18,8.793e-20,1.196e-16,4.096e-5,4.628e-26,,1.065e-18,2.381e-19,4.322e-23,7.631e-2,,4.999e-12,8.779e-20,,4.564e-19,1.247e-21,1.758e+0,1.851e+0,1.297e-11,1.266e-19,2.943e-22,7.385e-14,3.023e+0,1.153e+0,9.258e-3,1.087e-3,1.926e-8,7.794e-1,,7.479e+0,,,5.064e-4,,,7.248e-14,,1.188e-18,,7.346e-19,,7.735e-2,,1.029e-17,,7.102e-18,1.963e-16
509.91,1.575e+1,2.310e-21,9.268e-12,7.073e-44,3.592e-28,,,1.464e-18,7.468e-22,,2.734e-15,1.788e-19,5.062e-25,9.908e-18,8.761e-20,1.489e-16,4.976e-5,4.627e-26,,1.068e-18,2.379e-19,5.305e-23,6.619e-2,,3.992e-12,8.761e-20,,4.557e-19,1.248e-21,1.558e+0,1.867e+0,1.426e-11,1.266e-19,2.942e-22,4.811e-14,2.547e+0,1.282e+0,1.163e-2,1.329e-3,1.356e-8,9.242e-1,,7.400e+0,,,6.334e-4,,,4.757e-14,,1.188e-18,,7.345e-19,,8.763e-2,,1.028e-17,,7.105e-18,1.963e-16
509.94,1.537e+1,2.315e-21,1.129e-11,7.064e-44,1.921e-28,,,1.465e-18,7.472e-22,,2.733e-15,1.746e-19,5.072e-25,9.908e-18,8.714e-20,2.055e-16,6.628e-5,4.625e-26,,1.072e-18,2.376e-19,7.174e-23,5.465e-2,,2.832e-12,8.734e-20,,4.547e-19,1.248e-21,1.292e+0,1.883e+0,1.636e-11,1.266e-19,2.942e-22,2.515e-14,1.958e+0,1.495e+0,1.629e-2,1.785e-3,7.972e-9,1.187e+0,,7.377e+0,,,8.812e-4,,,2.515e-14,,1.188e-18,,7.344e-19,,1.051e-1,,1.028e-17,,7.111e-18,1.964e-16
509.96,1.533e+1,2.318e-21,1.284e-11,7.058e-44,1.261e-28,,,1.466e-18,7.475e-22,,2.733e-15,1.718e-19,5.078e-25,9.908e-18,8.682e-20,2.539e-16,7.994e-5,4.624e-26,,1.075e-18,2.374e-19,8.741e-23,4.916e-2,,2.245e-12,8.717e-20,,4.541e-19,1.249e-21,1.136e+0,1.890e+0,1.787e-11,1.267e-19,2.941e-22,1.626e-14,1.638e+0,1.650e+0,2.031e-2,2.166e-3,5.573e-9,1.397e+0,,7.425e+0,,,1.094e-3,,,1.639e-14,,1.189e-18,,7.344e-19,,1.182e-1,,1.028e-17,,7.114e-18,1.964e-16
509.99,1.556e+1,2.322e-21,1.550e-11,7.049e-44,6.667e-29,,,1.466e-18,7.479e-22,,2.733e-15,1.677e-19,5.087e-25,9.908e-18,8.635e-20,3.467e-16,1.053e-4,4.623e-26,,1.079e-18,2.371e-19,1.169e-22,4.391e-2,,1.575e-12,8.690e-20,,4.531e-19,1.249e-21,9.320e-1,1.893e+0,2.030e-11,1.267e-19,2.940e-22,8.408e-15,1.245e+0,1.903e+0,2.814e-2,2.878e-3,3.240e-9,1.774e+0,,7.594e+0,,,1.506e-3,,,8.568e-15,,1.189e-18,,7.343e-19,,1.401e-1,,1.027e-17,,7.120e-18,1.964e-16
510.01,1.591e+1,2.325e-21,1.752e-11,7.043e-44,4.343e-29,,,1.467e-18,7.482e-22,,2.732e-15,1.649e-19,5.093e-25,9.907e-18,8.603e-20,4.251e-16,1.261e-4,4.622e-26,,1.082e-18,2.369e-19,1.414e-22,4.229e-2,,1.240e-12,8.672e-20,,4.524e-19,1.249e-21,8.136e-1,1.889e+0,2.203e-11,1.267e-19,2.940e-22,5.396e-15,1.034e+0,2.085e+0,3.483e-2,3.466e-3,2.248e-9,2.073e+0,,7.771e+0,,,1.856e-3,,,5.540e-15,,1.189e-18,,7.343e-19,,1.565e-1,,1.027e-17,,7.124e-18,1.964e-16
510.03,1.641e+1,2.328e-21,1.976e-11,7.037e-44,2.821e-29,,,1.467e-18,7.485e-22,,2.732e-15,1.621e-19,5.100e-25,9.907e-18,8.571e-20,5.198e-16,1.505e-4,4.621e-26,,1.085e-18,2.368e-19,1.706e-22,4.214e-2,,9.723e-13,8.654e-20,,4.517e-19,1.250e-21,7.082e-1,1.882e+0,2.384e-11,1.267e-19,2.939e-22,3.453e-15,8.555e-1,2.279e+0,4.300e-2,4.162e-3,1.555e-9,2.416e+0,,8.000e+0,,,2.281e-3,,,3.572e-15,,1.189e-18,,7.342e-19,,1.742e-1,,1.026e-17,,7.127e-18,1.965e-16
510.06,1.744e+1,2.333e-21,2.358e-11,7.028e-44,1.469e-29,,,1.468e-18,7.490e-22,,2.732e-15,1.579e-19,5.109e-25,9.907e-18,8.524e-20,6.989e-16,1.952e-4,4.620e-26,,1.089e-18,2.365e-19,2.247e-22,4.463e-2,,6.718e-13,8.627e-20,,4.508e-19,1.250e-21,5.719e-1,1.864e+0,2.671e-11,1.267e-19,2.938e-22,1.757e-15,6.406e-1,2.588e+0,5.865e-2,5.446e-3,8.902e-10,3.021e+0,,8.437e+0,,,3.091e-3,,,1.839e-15,,1.189e-18,,7.341e-19,,2.034e-1,,1.026e-17,,7.133e-18,1.965e-16
510.08,1.832e+1,2.335e-21,2.645e-11,7.022e-44,9.471e-30,,,1.469e-18,7.493e-22,,2.731e-15,1.551e-19,5.115e-25,9.907e-18,8.492e-20,8.484e-16,2.314e-4,4.619e-26,,1.092e-18,2.363e-19,2.690e-22,4.817e-2,,5.231e-13,8.609e-20,,4.501e-19,1.250e-21,4.942e-1,1.848e+0,2.873e-11,1.267e-19,2.938e-22,1.116e-15,5.262e-1,2.808e+0,7.188e-2,6.492e-3,6.114e-10,3.495e+0,,8.790e+0,,,3.771e-3,,,1.177e-15,,1.189e-18,,7.341e-19,,2.248e-1,,1.025e-17,,7.136e-18,1.965e-16
510.11,1.991e+1,2.340e-21,3.132e-11,7.012e-44,4.876e-30,,,1.470e-18,7.497e-22,,2.731e-15,1.509e-19,5.125e-25,9.907e-18,8.445e-20,1.128e-15,2.969e-4,4.618e-26,,1.097e-18,2.360e-19,3.504e-22,5.647e-2,,3.574e-13,8.583e-20,,4.491e-19,1.251e-21,3.947e-1,1.815e+0,3.188e-11,1.268e-19,2.937e-22,5.618e-16,3.897e-1,3.155e+0,9.697e-2,8.403e-3,3.460e-10,4.323e+0,,9.407e+0,,,5.055e-3,,,5.989e-16,,1.190e-18,,7.340e-19,,2.597e-1,,1.025e-17,,1.501e-17,1.966e-16
510.13,2.116e+1,2.343e-21,3.496e-11,7.006e-44,3.121e-30,,,1.470e-18,7.500e-22,,2.731e-15,1.482e-19,5.131e-25,9.907e-18,8.413e-20,1.360e-15,3.492e-4,4.617e-26,,1.099e-18,2.358e-19,4.165e-22,6.418e-2,,2.763e-13,8.565e-20,,4.485e-19,1.251e-21,3.385e-1,1.789e+0,3.407e-11,1.268e-19,2.937e-22,3.542e-16,3.178e-1,3.397e+0,1.180e-1,9.943e-3,2.359e-10,4.964e+0,,9.874e+0,,,6.123e-3,,,3.804e-16,,1.190e-18,,7.340e-19,,2.848e-1,,1.024e-17,,2.454e-17,1.966e-16
510.16,2.333e+1,2.347e-21,4.109e-11,6.997e-44,1.589e-30,,,1.471e-18,7.504e-22,,2.730e-15,1.440e-19,5.140e-25,9.907e-18,8.366e-20,1.789e-15,4.432e-4,4.615e-26,,1.104e-18,2.355e-19,5.366e-22,7.939e-2,,1.867e-13,8.538e-20,,4.475e-19,1.252e-21,2.674e-1,1.743e+0,3.747e-11,1.268e-19,2.936e-22,1.763e-16,2.327e-1,3.776e+0,1.574e-1,1.273e-2,1.320e-10,6.074e+0,,1.065e+1,,,8.117e-3,,,1.915e-16,,1.190e-18,,7.339e-19,,3.255e-1,,1.024e-17,,5.104e-17,1.966e-16
510.18,2.496e+1,2.350e-21,4.566e-11,6.991e-44,1.009e-30,,,1.471e-18,7.507e-22,,2.730e-15,1.412e-19,5.146e-25,9.906e-18,8.334e-20,2.139e-15,5.176e-4,4.614e-26,,1.107e-18,2.353e-19,6.332e-22,9.226e-2,,1.432e-13,8.520e-20,,4.468e-19,1.252e-21,2.277e-1,1.708e+0,3.981e-11,1.268e-19,2.935e-22,1.103e-16,1.884e-1,4.037e+0,1.901e-1,1.495e-2,8.932e-11,6.924e+0,,1.122e+1,,,9.759e-3,,,1.207e-16,,1.190e-18,,7.338e-19,,3.544e-1,,1.023e-17,,8.287e-17,1.966e-16
510.21,2.771e+1,2.355e-21,5.331e-11,6.982e-44,5.081e-31,,,1.472e-18,7.512e-22,,2.730e-15,1.370e-19,5.156e-25,9.906e-18,8.287e-20,2.784e-15,6.497e-4,4.613e-26,,1.111e-18,2.350e-19,8.070e-22,1.163e-1,,9.573e-14,8.493e-20,,4.458e-19,1.252e-21,1.778e-1,1.650e+0,4.339e-11,1.268e-19,2.934e-22,5.430e-17,1.364e-1,4.438e+0,2.509e-1,1.893e-2,4.944e-11,8.380e+0,,1.213e+1,,,1.280e-2,,,6.011e-17,,1.190e-18,,7.338e-19,,4.006e-1,,1.023e-17,,1.705e-16,1.967e-16
510.23,2.975e+1,2.358e-21,5.899e-11,6.976e-44,3.204e-31,,,1.473e-18,7.515e-22,,2.729e-15,1.342e-19,5.162e-25,9.906e-18,8.255e-20,3.306e-15,7.532e-4,4.612e-26,,1.114e-18,2.348e-19,9.452e-22,1.359e-1,,7.290e-14,8.475e-20,,4.452e-19,1.253e-21,1.503e-1,1.608e+0,4.583e-11,1.268e-19,2.934e-22,3.373e-17,1.096e-1,4.710e+0,3.008e-1,2.208e-2,3.320e-11,9.483e+0,,1.278e+1,,,1.527e-2,,,3.762e-17,,1.190e-18,,7.337e-19,,4.331e-1,,1.023e-17,,2.748e-16,1.967e-16
510.26,3.310e+1,2.362e-21,6.846e-11,6.967e-44,1.595e-31,,,1.474e-18,7.519e-22,,2.729e-15,1.300e-19,5.171e-25,9.906e-18,8.208e-20,4.254e-15,9.350e-4,4.611e-26,,1.118e-18,2.345e-19,1.191e-21,1.714e-1,,4.818e-14,8.449e-20,,4.442e-19,1.253e-21,1.161e-1,1.541e+0,4.955e-11,1.269e-19,2.933e-22,1.642e-17,7.853e-2,5.122e+0,3.927e-1,2.765e-2,1.817e-11,1.135e+1,,1.379e+1,,,1.981e-2,,,1.852e-17,,1.191e-18,,7.336e-19,,4.842e-1,,1.022e-17,,5.593e-16,1.967e-16
510.28,3.554e+1,2.365e-21,7.547e-11,6.961e-44,9.984e-32,,,1.474e-18,7.522e-22,,2.729e-15,1.272e-19,5.178e-25,9.906e-18,8.176e-20,5.015e-15,1.076e-3,4.610e-26,,1.121e-18,2.343e-19,1.385e-21,1.999e-1,,3.642e-14,8.431e-20,,4.435e-19,1.253e-21,9.741e-2,1.493e+0,5.205e-11,1.269e-19,2.933e-22,1.012e-17,6.265e-2,5.398e+0,4.674e-1,3.201e-2,1.212e-11,1.275e+1,,1.449e+1,,,2.347e-2,,,1.150e-17,,1.191e-18,,7.336e-19,,5.196e-1,,1.022e-17,,8.949e-16,1.967e-16
510.31,3.952e+1,2.369e-21,8.712e-11,6.952e-44,4.916e-32,,,1.475e-18,7.526e-22,,2.728e-15,1.231e-19,5.187e-25,9.906e-18,8.129e-20,6.384e-15,1.321e-3,4.609e-26,,1.125e-18,2.340e-19,1.727e-21,2.506e-1,,2.381e-14,8.404e-20,,4.425e-19,1.254e-21,7.443e-2,1.419e+0,5.583e-11,1.269e-19,2.932e-22,4.872e-18,4.440e-2,5.807e+0,6.035e-1,3.965e-2,6.559e-12,1.510e+1,,1.557e+1,,,3.011e-2,,,5.600e-18,,1.191e-18,,7.335e-19,,5.747e-1,,1.021e-17,,1.802e-15,1.968e-16
510.33,4.238e+1,2.372e-21,9.572e-11,6.946e-44,3.054e-32,,,1.475e-18,7.529e-22,,2.728e-15,1.203e-19,5.193e-25,9.905e-18,8.097e-20,7.471e-15,1.510e-3,4.608e-26,,1.128e-18,2.338e-19,1.994e-21,2.906e-1,,1.786e-14,8.386e-20,,4.419e-19,1.254e-21,6.198e-2,1.368e+0,5.836e-11,1.269e-19,2.931e-22,2.981e-18,3.517e-2,6.074e+0,7.130e-1,4.556e-2,4.340e-12,1.684e+1,,1.630e+1,,,3.542e-2,,,3.453e-18,,1.191e-18,,7.335e-19,,6.123e-1,,1.021e-17,,2.862e-15,1.968e-16
510.36,4.699e+1,2.377e-21,1.100e-10,6.937e-44,1.487e-32,,,1.476e-18,7.534e-22,,2.727e-15,1.161e-19,5.203e-25,9.905e-18,8.050e-20,9.407e-15,1.834e-3,4.606e-26,,1.132e-18,2.335e-19,2.459e-21,3.612e-1,,1.155e-14,8.359e-20,,4.409e-19,1.255e-21,4.684e-2,1.289e+0,6.213e-11,1.269e-19,2.931e-22,1.419e-18,2.469e-2,6.465e+0,9.106e-1,5.582e-2,2.323e-12,1.972e+1,,1.740e+1,,,4.494e-2,,,1.662e-18,,1.191e-18,,7.334e-19,,6.698e-1,,1.020e-17,,5.699e-15,1.968e-16
510.38,5.027e+1,2.380e-21,1.205e-10,6.931e-44,9.169e-33,,,1.477e-18,7.537e-22,,2.727e-15,1.133e-19,5.209e-25,9.905e-18,8.018e-20,1.093e-14,2.079e-3,4.605e-26,,1.135e-18,2.333e-19,2.817e-21,4.160e-1,,8.601e-15,8.341e-20,,4.402e-19,1.255e-21,3.872e-2,1.235e+0,6.464e-11,1.269e-19,2.930e-22,8.620e-19,1.945e-2,6.714e+0,1.068e+0,6.368e-2,1.526e-12,2.183e+1,,1.812e+1,,,5.248e-2,,,1.017e-18,,1.191e-18,,7.333e-19,,7.086e-1,,1.020e-17,,8.989e-15,1.969e-16
510.4,5.373e+1,2.383e-21,1.319e-10,6.925e-44,5.637e-33,,,1.477e-18,7.540e-22,,2.727e-15,1.105e-19,5.215e-25,9.905e-18,7.987e-20,1.266e-14,2.352e-3,4.605e-26,,1.138e-18,2.331e-19,3.218e-21,4.779e-1,,6.387e-15,8.323e-20,,4.396e-19,1.255e-21,3.191e-2,1.181e+0,6.712e-11,1.270e-19,2.929e-22,5.220e-19,1.530e-2,6.953e+0,1.249e+0,7.243e-2,9.993e-13,2.410e+1,,1.884e+1,,,6.110e-2,,,6.207e-19,,1.191e-18,,7.333e-19,,7.474e-1,,1.019e-17,,1.413e-14,1.969e-16
510.43,5.922e+1,2.387e-21,1.507e-10,6.916e-44,2.702e-33,,,1.478e-18,7.544e-22,,2.726e-15,1.063e-19,5.224e-25,9.905e-18,7.939e-20,1.570e-14,2.812e-3,4.603e-26,,1.142e-18,2.328e-19,3.909e-21,5.853e-1,,4.065e-15,8.297e-20,,4.386e-19,1.256e-21,2.374e-2,1.101e+0,7.080e-11,1.270e-19,2.929e-22,5.215e-19,1.067e-2,7.289e+0,1.571e+0,8.739e-2,5.267e-13,2.780e+1,,1.988e+1,,,7.634e-2,,,2.942e-19,,1.192e-18,,7.332e-19,,8.053e-1,,1.019e-17,,2.772e-14,1.969e-16
510.45,6.309e+1,2.390e-21,1.645e-10,6.910e-44,1.649e-33,,,1.479e-18,7.547e-22,,2.726e-15,1.036e-19,5.231e-25,9.905e-18,7.908e-20,1.805e-14,3.157e-3,4.602e-26,,1.145e-18,2.326e-19,4.433e-21,6.677e-1,,2.997e-15,8.279e-20,,4.379e-19,1.256e-21,1.942e-2,1.047e+0,7.322e-11,1.270e-19,2.928e-22,5.211e-19,8.421e-3,7.494e+0,1.824e+0,9.868e-2,3.423e-13,3.046e+1,,2.054e+1,,,8.823e-2,,,1.782e-19,,1.192e-18,,7.332e-19,,8.434e-1,,1.019e-17,,4.328e-14,1.969e-16
510.48,6.920e+1,2.394e-21,1.873e-10,6.901e-44,7.817e-34,,,1.480e-18,7.551e-22,,2.726e-15,9.938e-20,5.240e-25,9.904e-18,7.860e-20,2.214e-14,3.735e-3,4.601e-26,,1.149e-18,2.323e-19,5.325e-21,8.089e-1,,1.886e-15,8.252e-20,,4.369e-19,1.257e-21,1.429e-2,9.685e-1,7.678e-11,1.270e-19,2.927e-22,5.206e-19,5.985e-3,7.772e+0,2.269e+0,1.178e-1,1.784e-13,3.475e+1,,2.148e+1,,,1.090e-1,,,1.781e-19,,1.192e-18,,7.331e-19,,8.990e-1,,1.018e-17,,8.396e-14,1.970e-16
510.5,7.346e+1,2.397e-21,2.040e-10,6.895e-44,4.735e-34,,,1.480e-18,7.554e-22,,2.725e-15,9.659e-20,5.246e-25,9.904e-18,7.829e-20,2.527e-14,4.162e-3,4.600e-26,,1.152e-18,2.321e-19,5.995e-21,9.160e-1,,1.380e-15,8.234e-20,,4.363e-19,1.257e-21,1.161e-2,9.170e-1,7.910e-11,1.270e-19,2.927e-22,5.203e-19,4.855e-3,7.934e+0,2.614e+0,1.320e-1,1.151e-13,3.780e+1,,2.206e+1,,,1.251e-1,,,1.780e-19,,1.192e-18,,7.330e-19,,9.348e-1,,1.018e-17,,1.301e-13,1.970e-16
510.53,8.012e+1,2.402e-21,2.315e-10,6.886e-44,9.163e-22,,,1.481e-18,7.559e-22,,2.725e-15,9.241e-20,5.256e-25,9.904e-18,7.781e-20,3.065e-14,4.870e-3,4.599e-26,,1.157e-18,2.318e-19,7.122e-21,1.098e+0,,8.591e-16,8.207e-20,,4.353e-19,1.257e-21,8.447e-3,8.417e-1,8.250e-11,1.270e-19,2.926e-22,5.197e-19,3.741e-3,8.140e+0,3.217e+0,1.558e-1,5.934e-14,4.265e+1,,2.286e+1,,,1.529e-1,,,1.779e-19,,1.192e-18,,7.330e-19,,9.859e-1,,1.017e-17,,2.497e-13,1.970e-16
510.55,8.473e+1,2.405e-21,2.516e-10,6.880e-44,1.527e-21,,,1.481e-18,7.562e-22,,2.725e-15,8.962e-20,5.262e-25,9.904e-18,7.750e-20,3.474e-14,5.387e-3,4.598e-26,,1.160e-18,2.316e-19,7.960e-21,1.234e+0,,6.240e-16,1.347e-19,,4.346e-19,1.258e-21,6.810e-3,7.931e-1,8.472e-11,1.271e-19,2.925e-22,5.194e-19,3.319e-3,8.250e+0,3.680e+0,1.734e-1,3.800e-14,4.606e+1,,2.333e+1,,,1.742e-1,,,1.778e-19,,1.192e-18,,7.329e-19,,1.018e+0,,1.017e-17,,3.843e-13,1.970e-16
510.58,9.188e+1,2.409e-21,2.847e-10,6.871e-44,2.443e-21,,,1.482e-18,7.566e-22,,2.724e-15,8.544e-20,5.271e-25,9.904e-18,7.702e-20,4.168e-14,6.234e-3,4.596e-26,,1.164e-18,2.313e-19,9.354e-21,1.463e+0,,3.841e-16,2.816e-19,,4.336e-19,1.258e-21,4.901e-3,7.231e-1,8.795e-11,1.271e-19,2.925e-22,5.188e-19,3.099e-3,8.374e+0,4.479e+0,2.024e-1,1.937e-14,5.141e+1,,2.394e+1,,,2.106e-1,,,1.776e-19,,1.193e-18,,7.328e-19,,1.062e+0,,1.016e-17,,7.294e-13,1.971e-16
510.6,9.678e+1,2.412e-21,3.089e-10,6.865e-44,3.054e-21,,,1.483e-18,7.569e-22,,2.724e-15,8.266e-20,5.277e-25,9.904e-18,7.671e-20,4.689e-14,6.847e-3,4.596e-26,,1.167e-18,2.312e-19,1.038e-20,1.633e+0,,2.769e-16,4.588e-19,,4.330e-19,1.258e-21,3.922e-3,6.784e-1,9.004e-11,1.271e-19,2.924e-22,5.185e-19,3.211e-3,8.428e+0,5.087e+0,2.236e-1,1.231e-14,5.511e+1,,2.428e+1,,,2.381e-1,,,1.776e-19,,1.193e-18,,7.328e-19,,1.089e+0,,1.016e-17,,1.114e-12,1.971e-16
510.63,1.043e+2,2.416e-21,3.485e-10,6.855e-44,3.971e-21,,,1.484e-18,7.574e-22,,2.724e-15,7.847e-20,5.287e-25,9.904e-18,7.623e-20,5.564e-14,7.836e-3,4.594e-26,,1.171e-18,2.309e-19,1.206e-20,1.914e+0,,1.686e-16,9.489e-19,,4.320e-19,1.259e-21,2.792e-3,6.146e-1,9.308e-11,1.271e-19,2.923e-22,5.180e-19,3.772e-3,8.464e+0,6.124e+0,2.581e-1,6.207e-15,6.084e+1,,2.467e+1,,,2.847e-1,,,1.774e-19,,1.193e-18,,7.327e-19,,1.124e+0,,1.015e-17,,2.092e-12,1.971e-16
510.65,1.094e+2,2.419e-21,3.773e-10,6.849e-44,4.581e-21,,,1.484e-18,7.577e-22,,2.723e-15,7.569e-20,5.293e-25,9.903e-18,7.592e-20,6.214e-14,8.543e-3,4.593e-26,,1.174e-18,2.307e-19,1.329e-20,2.121e+0,,1.207e-16,1.535e-18,,4.313e-19,1.259e-21,2.217e-3,5.744e-1,9.504e-11,1.271e-19,2.923e-22,5.176e-19,4.432e-3,8.458e+0,6.905e+0,2.831e-1,3.916e-15,6.474e+1,,2.485e+1,,,3.196e-1,,,1.774e-19,,1.193e-18,,7.327e-19,,1.145e+0,,1.015e-17,,3.173e-12,1.972e-16
510.68,1.172e+2,2.424e-21,4.244e-10,6.840e-44,5.498e-21,,,1.485e-18,7.581e-22,,2.723e-15,7.151e-20,5.302e-25,9.903e-18,7.544e-20,7.294e-14,9.672e-3,4.592e-26,,1.178e-18,2.304e-19,1.527e-20,2.459e+0,,7.264e-17,3.140e-18,,4.303e-19,1.260e-21,1.561e-3,5.176e-1,9.787e-11,1.272e-19,2.922e-22,5.171e-19,5.926e-3,8.405e+0,8.222e+0,3.233e-1,1.952e-15,7.069e+1,,2.500e+1,,,3.780e-1,,,1.772e-19,,1.193e-18,,7.326e-19,,1.170e+0,,1.014e-17,,5.893e-12,1.972e-16
510.7,1.224e+2,2.427e-21,4.585e-10,6.834e-44,6.109e-21,,,1.485e-18,7.584e-22,,2.723e-15,6.872e-20,5.309e-25,9.903e-18,7.513e-20,8.086e-14,1.047e-2,4.591e-26,,1.181e-18,2.302e-19,1.670e-20,2.705e+0,,5.160e-17,5.042e-18,,4.297e-19,1.260e-21,1.231e-3,4.821e-1,9.969e-11,1.272e-19,2.922e-22,5.167e-19,7.326e-3,8.341e+0,9.203e+0,3.519e-1,1.223e-15,7.469e+1,,2.502e+1,,,4.213e-1,,,1.771e-19,,1.193e-18,,7.325e-19,,1.183e+0,,1.014e-17,,8.873e-12,1.972e-16
510.73,1.303e+2,2.431e-21,5.141e-10,6.825e-44,7.025e-21,,,1.486e-18,7.588e-22,,2.722e-15,6.454e-20,5.318e-25,9.903e-18,7.465e-20,9.388e-14,1.172e-2,4.590e-26,,1.185e-18,2.299e-19,1.899e-20,3.102e+0,,3.073e-17,1.020e-17,,4.287e-19,1.260e-21,8.569e-4,4.325e-1,1.023e-10,1.272e-19,2.921e-22,5.162e-19,1.019e-2,8.202e+0,1.084e+1,3.975e-1,6.027e-16,8.066e+1,,2.492e+1,,,4.928e-1,,,1.770e-19,,1.194e-18,,7.325e-19,,1.197e+0,,1.013e-17,,1.630e-11,1.973e-16
510.75,1.355e+2,2.434e-21,5.543e-10,6.819e-44,7.636e-21,,,1.487e-18,7.591e-22,,2.722e-15,6.175e-20,5.324e-25,9.903e-18,7.434e-20,1.033e-13,1.259e-2,4.589e-26,,1.188e-18,2.297e-19,2.061e-20,3.387e+0,,2.167e-17,1.627e-17,,4.280e-19,1.261e-21,6.707e-4,4.019e-1,1.040e-10,1.272e-19,2.920e-22,5.159e-19,1.274e-2,8.082e+0,1.205e+1,4.296e-1,3.747e-16,8.460e+1,,2.477e+1,,,5.451e-1,,,1.769e-19,,1.194e-18,,7.324e-19,,1.202e+0,,1.013e-17,,2.437e-11,1.973e-16
510.77,1.407e+2,2.437e-21,5.972e-10,6.813e-44,8.247e-21,,,1.487e-18,7.594e-22,,2.722e-15,5.897e-20,5.330e-25,9.903e-18,7.402e-20,1.134e-13,1.349e-2,4.588e-26,,1.191e-18,2.295e-19,2.230e-20,3.687e+0,,1.523e-17,2.586e-17,,4.274e-19,1.261e-21,5.234e-4,3.731e-1,1.056e-10,1.272e-19,2.920e-22,5.155e-19,1.593e-2,7.942e+0,1.335e+1,4.629e-1,2.323e-16,8.847e+1,,2.456e+1,,,6.013e-1,,,1.769e-19,,1.194e-18,,7.324e-19,,1.204e+0,,1.013e-17,,3.631e-11,1.973e-16
510.8,1.483e+2,2.441e-21,6.666e-10,6.804e-44,9.163e-21,,,1.488e-18,7.599e-22,,2.721e-15,5.478e-20,5.340e-25,9.902e-18,7.355e-20,1.296e-13,1.487e-2,4.587e-26,,1.195e-18,2.292e-19,2.497e-20,4.165e+0,,8.930e-18,5.154e-17,,4.264e-19,1.262e-21,3.588e-4,3.335e-1,1.079e-10,1.272e-19,2.919e-22,5.150e-19,2.221e-2,7.697e+0,1.548e+1,5.149e-1,1.127e-16,9.409e+1,,2.412e+1,,,6.927e-1,,,1.767e-19,,1.194e-18,,7.323e-19,,1.201e+0,,1.012e-17,,6.571e-11,1.973e-16
510.82,1.533e+2,2.444e-21,7.166e-10,6.798e-44,9.774e-21,,,1.489e-18,7.602e-22,,2.721e-15,5.200e-20,5.346e-25,9.902e-18,7.323e-20,1.412e-13,1.582e-2,4.586e-26,,1.198e-18,2.290e-19,2.683e-20,4.500e+0,,6.232e-18,8.134e-17,,4.257e-19,1.262e-21,2.779e-4,3.094e-1,1.093e-10,1.272e-19,2.918e-22,5.146e-19,2.764e-2,7.513e+0,1.703e+1,5.508e-1,6.936e-17,9.768e+1,,2.375e+1,,,7.584e-1,,,1.766e-19,,1.194e-18,,7.322e-19,,1.195e+0,,1.012e-17,,9.722e-11,1.974e-16
510.85,1.606e+2,2.449e-21,7.975e-10,6.789e-44,1.069e-20,,,1.489e-18,7.606e-22,,2.720e-15,4.782e-20,5.355e-25,9.902e-18,7.276e-20,1.597e-13,1.725e-2,4.584e-26,,1.202e-18,2.287e-19,2.971e-20,5.028e+0,,3.613e-18,1.604e-16,,4.247e-19,1.262e-21,1.884e-4,2.765e-1,1.113e-10,1.273e-19,2.918e-22,5.141e-19,3.821e-2,7.207e+0,1.954e+1,6.060e-1,3.329e-17,1.028e+2,,2.309e+1,,,8.642e-1,,,1.765e-19,,1.194e-18,,7.322e-19,,1.181e+0,,1.011e-17,,1.740e-10,1.974e-16
510.87,1.653e+2,2.452e-21,8.556e-10,6.783e-44,1.130e-20,,,1.490e-18,7.609e-22,,2.720e-15,4.503e-20,5.362e-25,9.902e-18,7.244e-20,1.727e-13,1.821e-2,4.583e-26,,1.205e-18,2.285e-19,3.169e-20,5.394e+0,,2.503e-18,2.513e-16,,4.241e-19,1.263e-21,1.449e-4,2.567e-1,1.126e-10,1.273e-19,2.917e-22,5.138e-19,4.726e-2,6.987e+0,2.134e+1,6.434e-1,2.033e-17,1.059e+2,,2.259e+1,,,9.393e-1,,,1.764e-19,,1.195e-18,,7.321e-19,,1.168e+0,,1.011e-17,,2.556e-10,1.974e-16
510.9,1.720e+2,2.456e-21,9.494e-10,6.774e-44,1.222e-20,,,1.491e-18,7.613e-22,,2.720e-15,4.085e-20,5.371e-25,9.902e-18,7.197e-20,1.932e-13,1.964e-2,4.582e-26,,1.210e-18,2.282e-19,3.471e-20,5.960e+0,,1.435e-18,4.901e-16,,4.231e-19,1.263e-21,9.715e-5,2.301e-1,1.143e-10,1.273e-19,2.916e-22,5.132e-19,6.466e-2,6.636e+0,2.422e+1,7.002e-1,9.649e-18,1.102e+2,,2.174e+1,,,1.059e+0,,,1.763e-19,,1.195e-18,,7.320e-19,,1.143e+0,,1.010e-17,,4.526e-10,1.974e-16
510.92,1.762e+2,2.459e-21,1.017e-9,6.768e-44,1.283e-20,,,1.491e-18,7.616e-22,,2.719e-15,3.806e-20,5.377e-25,9.902e-18,7.165e-20,2.074e-13,2.059e-2,4.581e-26,,1.212e-18,2.280e-19,3.675e-20,6.347e+0,,9.867e-19,7.623e-16,,4.224e-19,1.263e-21,7.415e-5,2.143e-1,1.153e-10,1.273e-19,2.916e-22,5.129e-19,7.941e-2,6.390e+0,2.626e+1,7.381e-1,5.849e-18,1.127e+2,,2.112e+1,,,1.142e+0,,,1.762e-19,,1.195e-18,,7.320e-19,,1.123e+0,,1.010e-17,,6.600e-10,1.975e-16
510.95,1.820e+2,2.464e-21,1.125e-9,6.759e-44,1.374e-20,,,1.492e-18,7.621e-22,,2.719e-15,3.388e-20,5.386e-25,9.901e-18,7.118e-20,2.295e-13,2.196e-2,4.580e-26,,1.217e-18,2.277e-19,3.982e-20,6.937e+0,,5.595e-19,1.471e-15,,4.214e-19,1.264e-21,4.917e-5,1.934e-1,1.166e-10,1.273e-19,2.915e-22,5.124e-19,1.075e-1,6.011e+0,2.949e+1,7.944e-1,5.682e-18,1.160e+2,,2.012e+1,,,1.273e+0,,,1.761e-19,,1.195e-18,,7.319e-19,,1.090e+0,,1.009e-17,,1.156e-9,1.975e-16
510.97,1.857e+2,2.466e-21,1.203e-9,6.753e-44,1.436e-20,,,1.493e-18,7.624e-22,,2.719e-15,3.109e-20,5.393e-25,9.901e-18,7.086e-20,2.446e-13,2.285e-2,4.579e-26,,1.220e-18,2.275e-19,4.185e-20,7.334e+0,,3.819e-19,2.271e-15,,4.208e-19,1.264e-21,3.725e-5,1.812e-1,1.174e-10,1.274e-19,2.914e-22,5.120e-19,1.310e-1,5.752e+0,3.175e+1,8.313e-1,5.571e-18,1.178e+2,,1.941e+1,,,1.364e+0,,,1.760e-19,,1.195e-18,,7.318e-19,,1.065e+0,,1.009e-17,,1.673e-9,1.975e-16
511,1.906e+2,2.471e-21,1.330e-9,6.744e-44,1.527e-20,,,1.493e-18,7.628e-22,,2.718e-15,2.691e-20,5.402e-25,9.901e-18,7.039e-20,2.676e-13,2.411e-2,4.577e-26,,1.224e-18,2.272e-19,4.484e-20,7.928e+0,,2.142e-19,4.335e-15,,4.198e-19,1.265e-21,2.443e-5,1.654e-1,1.183e-10,1.274e-19,2.914e-22,5.115e-19,1.755e-1,5.360e+0,3.527e+1,8.849e-1,5.404e-18,1.199e+2,,1.830e+1,,,1.504e+0,,,1.759e-19,,1.195e-18,,7.318e-19,,1.025e+0,,1.009e-17,,2.899e-9,1.976e-16
511.02,1.935e+2,2.474e-21,1.421e-9,6.738e-44,1.588e-20,,,1.494e-18,7.631e-22,,2.718e-15,2.413e-20,5.408e-25,9.901e-18,7.007e-20,2.832e-13,2.490e-2,4.577e-26,,1.227e-18,2.270e-19,4.679e-20,8.321e+0,,1.451e-19,6.645e-15,,4.191e-19,1.265e-21,1.837e-5,1.565e-1,1.187e-10,1.274e-19,2.913e-22,5.111e-19,2.124e-1,5.098e+0,3.770e+1,9.193e-1,5.292e-18,1.209e+2,,1.754e+1,,,1.599e+0,,,1.758e-19,,1.196e-18,,7.317e-19,,9.957e-1,,1.008e-17,,4.167e-9,1.976e-16
511.05,1.973e+2,2.478e-21,1.569e-9,6.729e-44,1.680e-20,,,1.495e-18,7.635e-22,,2.717e-15,5.049e-20,5.418e-25,9.901e-18,6.960e-20,3.065e-13,2.599e-2,4.575e-26,,1.231e-18,2.267e-19,4.959e-20,8.897e+0,,8.046e-20,1.255e-14,,4.181e-19,1.265e-21,1.192e-5,1.453e-1,1.192e-10,1.274e-19,2.912e-22,5.106e-19,2.813e-1,4.708e+0,4.144e+1,9.679e-1,5.125e-18,1.218e+2,,1.638e+1,,,1.744e+0,,,1.757e-19,,1.196e-18,,7.316e-19,,9.503e-1,,1.008e-17,,7.140e-9,1.976e-16
511.07,1.994e+2,2.481e-21,1.676e-9,6.723e-44,1.741e-20,,,1.495e-18,7.638e-22,,2.717e-15,1.141e-19,5.424e-25,9.901e-18,6.928e-20,3.219e-13,2.665e-2,4.574e-26,,1.234e-18,2.265e-19,5.136e-20,9.269e+0,,5.411e-20,1.909e-14,,4.175e-19,1.266e-21,8.897e-6,1.392e-1,1.194e-10,1.274e-19,2.912e-22,5.102e-19,3.380e-1,4.453e+0,4.399e+1,9.982e-1,5.014e-18,1.219e+2,,1.559e+1,,,1.841e+0,,,1.756e-19,,1.196e-18,,7.316e-19,,9.189e-1,,1.007e-17,,1.019e-8,1.976e-16
511.1,2.020e+2,2.486e-21,1.850e-9,6.714e-44,1.833e-20,,,1.496e-18,7.643e-22,,2.717e-15,2.369e-19,5.433e-25,9.901e-18,6.880e-20,3.446e-13,2.751e-2,4.573e-26,,1.238e-18,2.262e-19,5.384e-20,9.802e+0,,2.968e-20,3.566e-14,,4.165e-19,1.266e-21,5.708e-6,1.320e-1,1.193e-10,1.274e-19,2.911e-22,5.097e-19,4.428e-1,4.080e+0,4.785e+1,1.040e+0,4.846e-18,1.214e+2,,1.441e+1,,,1.986e+0,,,1.755e-19,,1.196e-18,,7.315e-19,,8.706e-1,,1.007e-17,,1.727e-8,1.977e-16
511.12,2.033e+2,2.489e-21,1.978e-9,6.708e-44,1.894e-20,,,1.497e-18,7.646e-22,,2.716e-15,3.842e-19,5.439e-25,9.900e-18,6.849e-20,3.593e-13,2.799e-2,4.572e-26,,1.241e-18,2.260e-19,5.536e-20,1.014e+1,,1.981e-20,5.388e-14,,4.158e-19,1.267e-21,4.230e-6,1.284e-1,1.192e-10,1.275e-19,2.910e-22,5.094e-19,5.282e-1,3.839e+0,5.044e+1,1.064e+0,4.735e-18,1.206e+2,,1.363e+1,,,2.081e+0,,,1.754e-19,,1.196e-18,,7.315e-19,,8.380e-1,,1.006e-17,,2.446e-8,1.977e-16
511.14,2.043e+2,2.491e-21,2.114e-9,6.701e-44,1.955e-20,,,1.497e-18,7.649e-22,,2.716e-15,6.540e-19,5.446e-25,9.900e-18,6.817e-20,3.736e-13,2.841e-2,4.571e-26,,1.244e-18,2.258e-19,5.676e-20,1.045e+1,,1.319e-20,8.118e-14,,4.152e-19,1.267e-21,3.125e-6,1.258e-1,1.189e-10,1.275e-19,2.910e-22,5.090e-19,6.282e-1,3.606e+0,5.302e+1,1.086e+0,4.623e-18,1.195e+2,,1.286e+1,,,2.174e+0,,,1.753e-19,,1.196e-18,,7.314e-19,,8.052e-1,,1.006e-17,,3.455e-8,1.977e-16
511.17,2.051e+2,2.496e-21,2.340e-9,6.692e-44,2.046e-20,,,1.498e-18,7.653e-22,,2.716e-15,1.339e-18,5.455e-25,9.900e-18,6.770e-20,3.938e-13,2.888e-2,4.570e-26,,1.248e-18,2.256e-19,5.859e-20,1.089e+1,,7.121e-21,1.493e-13,,4.142e-19,1.267e-21,1.975e-6,1.233e-1,1.181e-10,1.275e-19,2.909e-22,5.085e-19,8.104e-1,3.274e+0,5.686e+1,1.114e+0,4.456e-18,1.172e+2,,1.173e+1,,,2.309e+0,,,1.752e-19,,1.196e-18,,7.313e-19,,7.560e-1,,1.005e-17,,5.769e-8,1.978e-16
511.19,2.052e+2,2.499e-21,2.506e-9,6.686e-44,2.107e-20,,,1.499e-18,7.656e-22,,2.715e-15,2.152e-18,5.461e-25,9.900e-18,6.738e-20,4.065e-13,2.909e-2,4.569e-26,,1.251e-18,2.254e-19,5.963e-20,1.115e+1,,4.705e-21,2.233e-13,,4.135e-19,1.268e-21,1.449e-6,1.226e-1,1.175e-10,1.275e-19,2.909e-22,5.081e-19,9.570e-1,3.064e+0,5.937e+1,1.129e+0,4.345e-18,1.152e+2,,1.100e+1,,,2.395e+0,,,1.751e-19,,1.197e-18,,7.313e-19,,7.236e-1,,1.005e-17,,8.090e-8,1.978e-16
511.22,2.047e+2,2.503e-21,2.781e-9,6.677e-44,2.199e-20,,,1.499e-18,7.660e-22,,2.715e-15,4.358e-18,5.471e-25,9.900e-18,6.691e-20,4.238e-13,2.925e-2,4.568e-26,,1.255e-18,2.251e-19,6.089e-20,1.148e+1,,2.512e-21,4.063e-13,,4.125e-19,1.268e-21,9.065e-7,1.229e-1,1.163e-10,1.275e-19,2.908e-22,5.076e-19,1.221e+0,2.768e+0,6.303e+1,1.145e+0,4.178e-18,1.118e+2,,9.944e+0,,,2.517e+0,,,1.750e-19,,1.197e-18,,7.312e-19,,6.756e-1,,1.005e-17,,1.336e-7,1.978e-16
511.24,2.040e+2,2.506e-21,2.984e-9,6.671e-44,2.260e-20,,,1.500e-18,7.663e-22,,2.715e-15,6.953e-18,5.477e-25,9.900e-18,6.659e-20,4.342e-13,2.925e-2,4.567e-26,,1.258e-18,2.249e-19,6.152e-20,1.167e+1,,1.648e-21,6.034e-13,,4.119e-19,1.268e-21,6.616e-7,1.239e-1,1.153e-10,1.275e-19,2.907e-22,5.073e-19,1.431e+0,2.584e+0,6.538e+1,1.152e+0,4.066e-18,1.091e+2,,9.274e+0,,,2.591e+0,,,1.749e-19,,1.197e-18,,7.312e-19,,6.444e-1,,1.004e-17,,1.860e-7,1.978e-16
511.27,2.024e+2,2.511e-21,3.322e-9,6.662e-44,2.352e-20,,,1.501e-18,7.668e-22,,2.714e-15,1.393e-17,5.486e-25,9.899e-18,6.612e-20,4.479e-13,2.909e-2,4.565e-26,,1.262e-18,2.246e-19,6.213e-20,1.189e+1,,8.702e-22,1.086e-12,,4.109e-19,1.269e-21,4.123e-7,1.264e-1,1.136e-10,1.276e-19,2.907e-22,5.067e-19,1.807e+0,2.330e+0,6.875e+1,1.155e+0,3.899e-18,1.047e+2,,8.326e+0,,,2.693e+0,,,1.748e-19,,1.197e-18,,7.311e-19,,5.989e-1,,1.004e-17,,3.038e-7,1.979e-16
511.29,2.010e+2,2.514e-21,3.572e-9,6.656e-44,2.413e-20,,,1.501e-18,7.671e-22,,2.714e-15,2.207e-17,5.492e-25,9.899e-18,6.580e-20,4.555e-13,2.888e-2,4.564e-26,,1.265e-18,2.244e-19,6.231e-20,1.199e+1,,5.666e-22,1.601e-12,,4.102e-19,1.269e-21,3.019e-7,1.287e-1,1.123e-10,1.276e-19,2.906e-22,5.064e-19,2.103e+0,2.175e+0,7.088e+1,1.154e+0,3.788e-18,1.015e+2,,7.734e+0,,,2.753e+0,,,1.747e-19,,1.197e-18,,7.310e-19,,5.696e-1,,1.003e-17,,4.199e-7,1.979e-16
511.32,1.984e+2,2.518e-21,3.991e-9,6.647e-44,2.505e-20,,,1.502e-18,7.675e-22,,2.714e-15,4.375e-17,5.502e-25,9.899e-18,6.533e-20,4.647e-13,2.841e-2,4.563e-26,,1.270e-18,2.241e-19,6.224e-20,1.208e+1,,2.962e-22,2.850e-12,,4.092e-19,1.270e-21,1.933e-7,1.329e-1,1.102e-10,1.276e-19,2.905e-22,5.059e-19,2.625e+0,1.964e+0,7.385e+1,1.145e+0,3.620e-18,9.632e+1,,6.910e+0,,,2.829e+0,,,1.746e-19,,1.197e-18,,7.310e-19,,5.272e-1,,1.003e-17,,6.785e-7,1.979e-16
511.34,1.964e+2,2.521e-21,4.301e-9,6.641e-44,2.566e-20,,,1.503e-18,7.678e-22,,2.713e-15,6.880e-17,5.508e-25,9.899e-18,6.501e-20,4.692e-13,2.799e-2,4.562e-26,,1.272e-18,2.239e-19,6.197e-20,1.210e+1,,1.917e-22,4.172e-12,,4.086e-19,1.270e-21,1.483e-7,1.360e-1,1.087e-10,1.276e-19,2.905e-22,5.055e-19,3.032e+0,1.837e+0,7.568e+1,1.135e+0,5.941e-18,9.268e+1,,6.407e+0,,,2.871e+0,,,1.745e-19,,1.198e-18,,7.309e-19,,5.002e-1,,1.002e-17,,9.309e-7,1.979e-16
511.37,1.930e+2,2.525e-21,4.819e-9,6.632e-44,2.657e-20,,,1.503e-18,7.683e-22,,2.713e-15,1.349e-16,5.517e-25,9.899e-18,6.454e-20,4.735e-13,2.724e-2,4.561e-26,,1.277e-18,2.236e-19,6.122e-20,1.206e+1,,9.975e-23,7.347e-12,,4.076e-19,1.270e-21,1.106e-7,1.413e-1,1.062e-10,1.276e-19,2.904e-22,5.050e-19,3.745e+0,1.668e+0,7.819e+1,1.114e+0,1.242e-17,8.699e+1,,5.722e+0,,,2.919e+0,,,1.743e-19,,1.198e-18,,7.308e-19,,4.614e-1,,1.002e-17,,1.488e-6,1.980e-16
511.39,1.906e+2,2.528e-21,5.202e-9,6.626e-44,2.718e-20,,,1.504e-18,7.686e-22,,2.713e-15,2.107e-16,5.524e-25,9.899e-18,6.422e-20,4.746e-13,2.665e-2,4.560e-26,,1.280e-18,2.234e-19,6.051e-20,1.199e+1,,6.496e-23,1.068e-11,,4.069e-19,1.271e-21,1.017e-7,1.450e-1,1.044e-10,1.276e-19,2.903e-22,5.046e-19,4.295e+0,1.569e+0,7.969e+1,1.096e+0,2.023e-17,8.310e+1,,5.314e+0,,,2.941e+0,,,1.743e-19,,1.198e-18,,7.308e-19,,4.368e-1,,1.001e-17,,2.027e-6,1.980e-16
511.42,1.867e+2,2.533e-21,5.839e-9,6.617e-44,2.810e-20,,,1.505e-18,7.690e-22,,2.712e-15,4.088e-16,5.533e-25,9.898e-18,6.375e-20,4.736e-13,2.564e-2,4.559e-26,,1.284e-18,2.231e-19,5.913e-20,1.182e+1,,3.570e-23,1.860e-11,,4.059e-19,1.271e-21,1.103e-7,1.508e-1,1.016e-10,1.277e-19,2.903e-22,5.041e-19,5.246e+0,1.440e+0,8.169e+1,1.064e+0,4.185e-17,7.715e+1,,4.777e+0,,,2.957e+0,,,1.741e-19,,1.198e-18,,7.307e-19,,4.019e-1,,1.001e-17,,3.205e-6,1.980e-16
511.44,1.840e+2,2.536e-21,6.309e-9,6.611e-44,2.871e-20,,,1.505e-18,7.693e-22,,2.712e-15,6.337e-16,5.539e-25,9.898e-18,6.343e-20,4.713e-13,2.490e-2,4.558e-26,,1.287e-18,2.229e-19,5.802e-20,1.167e+1,,2.598e-23,2.683e-11,,4.053e-19,1.271e-21,1.316e-7,1.547e-1,9.969e-11,1.277e-19,2.902e-22,5.038e-19,5.973e+0,1.367e+0,8.286e+1,1.040e+0,6.768e-17,7.316e+1,,4.469e+0,,,2.957e+0,,,1.741e-19,,1.198e-18,,7.307e-19,,3.798e-1,,1.000e-17,,4.333e-6,1.981e-16
511.47,1.800e+2,2.540e-21,7.087e-9,6.602e-44,2.963e-20,,,1.506e-18,7.697e-22,,2.711e-15,1.217e-15,5.549e-25,9.898e-18,6.296e-20,4.652e-13,2.370e-2,4.556e-26,,1.291e-18,2.226e-19,5.608e-20,1.138e+1,,2.135e-23,4.623e-11,,4.043e-19,1.272e-21,1.923e-7,1.605e-1,9.666e-11,1.277e-19,2.901e-22,5.032e-19,7.216e+0,1.275e+0,8.436e+1,9.982e-1,1.385e-16,6.719e+1,,4.083e+0,,,2.942e+0,,,1.739e-19,,1.198e-18,,7.306e-19,,3.485e-1,,9.999e-18,,6.777e-6,1.981e-16
511.49,1.773e+2,2.543e-21,7.657e-9,6.596e-44,3.024e-20,,,1.507e-18,7.700e-22,,2.711e-15,1.872e-15,5.555e-25,9.898e-18,6.264e-20,4.596e-13,2.285e-2,4.555e-26,,1.294e-18,2.224e-19,5.462e-20,1.115e+1,,2.407e-23,6.621e-11,,4.036e-19,1.272e-21,2.580e-7,1.642e-1,9.459e-11,1.277e-19,2.901e-22,5.029e-19,8.156e+0,1.224e+0,8.520e+1,9.679e-1,2.223e-16,6.325e+1,,3.877e+0,,,2.921e+0,,,1.738e-19,,1.199e-18,,7.305e-19,,3.288e-1,,9.996e-18,,9.099e-6,1.981e-16
511.52,1.733e+2,2.547e-21,8.593e-9,6.587e-44,3.115e-20,,,1.507e-18,7.705e-22,,2.711e-15,3.556e-15,5.564e-25,9.898e-18,6.217e-20,4.487e-13,2.151e-2,4.554e-26,,1.298e-18,2.221e-19,5.222e-20,1.075e+1,,3.846e-23,1.129e-10,,4.026e-19,1.273e-21,4.112e-7,1.694e-1,9.141e-11,1.277e-19,2.900e-22,5.023e-19,9.747e+0,1.165e+0,8.625e+1,9.193e-1,4.500e-16,5.746e+1,,3.645e+0,,,2.874e+0,,,1.737e-19,,1.199e-18,,7.305e-19,,3.009e-1,,9.990e-18,,1.408e-5,1.981e-16
511.54,1.708e+2,2.550e-21,9.273e-9,6.581e-44,3.176e-20,,,1.508e-18,7.708e-22,,2.710e-15,5.434e-15,5.570e-25,9.898e-18,6.185e-20,4.400e-13,2.059e-2,4.553e-26,,1.301e-18,2.219e-19,5.049e-20,1.045e+1,,5.789e-23,1.605e-10,,4.020e-19,1.273e-21,5.642e-7,1.726e-1,8.926e-11,1.277e-19,2.899e-22,5.020e-19,1.094e+1,1.134e+0,8.683e+1,8.849e-1,7.173e-16,5.371e+1,,3.541e+0,,,2.833e+0,,,1.736e-19,,1.199e-18,,7.304e-19,,2.834e-1,,9.987e-18,,1.876e-5,1.982e-16
511.56,1.684e+2,2.553e-21,1.000e-8,6.575e-44,3.238e-20,,,1.508e-18,7.711e-22,,2.710e-15,8.280e-15,5.577e-25,9.898e-18,6.154e-20,4.302e-13,1.964e-2,4.552e-26,,1.304e-18,2.217e-19,4.867e-20,1.014e+1,,8.966e-23,2.275e-10,,4.013e-19,1.273e-21,7.747e-7,1.755e-1,8.708e-11,1.278e-19,2.899e-22,5.016e-19,1.224e+1,1.111e+0,8.731e+1,8.494e-1,1.140e-15,5.005e+1,,3.477e+0,,,2.785e+0,,,1.736e-19,,1.199e-18,,7.304e-19,,2.668e-1,,9.983e-18,,2.493e-5,1.982e-16
511.59,1.652e+2,2.558e-21,1.118e-8,6.566e-44,3.329e-20,,,1.509e-18,7.715e-22,,2.710e-15,1.549e-14,5.586e-25,9.897e-18,6.106e-20,4.137e-13,1.821e-2,4.551e-26,,1.308e-18,2.214e-19,4.582e-20,9.628e+0,,1.757e-22,3.820e-10,,4.003e-19,1.274e-21,1.244e-6,1.792e-1,8.381e-11,1.278e-19,2.898e-22,5.011e-19,1.440e+1,1.089e+0,8.790e+1,7.944e-1,2.273e-15,4.479e+1,,3.458e+0,,,2.699e+0,,,1.734e-19,,1.199e-18,,7.303e-19,,2.433e-1,,9.978e-18,,3.799e-5,1.982e-16
511.61,1.633e+2,2.561e-21,1.202e-8,6.560e-44,3.390e-20,,,1.510e-18,7.718e-22,,2.709e-15,2.343e-14,5.592e-25,9.897e-18,6.074e-20,4.015e-13,1.725e-2,4.550e-26,,1.311e-18,2.212e-19,4.385e-20,9.269e+0,,2.754e-22,5.376e-10,,3.997e-19,1.274e-21,1.700e-6,1.813e-1,8.163e-11,1.278e-19,2.898e-22,5.008e-19,1.599e+1,1.081e+0,8.822e+1,7.569e-1,3.587e-15,4.145e+1,,3.496e+0,,,2.634e+0,,,1.733e-19,,1.199e-18,,7.302e-19,,2.285e-1,,9.974e-18,,5.012e-5,1.982e-16
511.64,1.610e+2,2.565e-21,1.338e-8,6.551e-44,3.482e-20,,,1.511e-18,7.722e-22,,2.709e-15,4.337e-14,5.601e-25,9.897e-18,6.027e-20,3.819e-13,1.582e-2,4.549e-26,,1.315e-18,2.209e-19,4.083e-20,8.707e+0,,5.391e-22,8.929e-10,,3.987e-19,1.275e-21,2.706e-6,1.835e-1,7.839e-11,1.278e-19,2.897e-22,5.002e-19,1.862e+1,1.079e+0,8.864e+1,7.002e-1,7.074e-15,3.670e+1,,3.627e+0,,,2.527e+0,,,1.732e-19,,1.200e-18,,7.302e-19,,2.077e-1,,9.968e-18,,7.554e-5,1.983e-16
511.66,1.598e+2,2.568e-21,1.434e-8,6.545e-44,3.543e-20,,,1.511e-18,7.725e-22,,2.709e-15,6.515e-14,5.608e-25,9.897e-18,5.995e-20,3.680e-13,1.487e-2,4.548e-26,,1.318e-18,2.207e-19,3.879e-20,8.321e+0,,8.408e-22,1.248e-9,,3.980e-19,1.275e-21,3.676e-6,1.844e-1,7.626e-11,1.278e-19,2.896e-22,4.999e-19,2.053e+1,1.084e+0,8.889e+1,6.623e-1,1.108e-14,3.373e+1,,3.764e+0,,,2.449e+0,,,1.731e-19,,1.200e-18,,7.301e-19,,1.946e-1,,9.965e-18,,9.894e-5,1.983e-16
511.69,1.587e+2,2.572e-21,1.586e-8,6.535e-44,3.635e-20,,,1.512e-18,7.730e-22,,2.708e-15,1.193e-13,5.617e-25,9.897e-18,5.948e-20,3.461e-13,1.349e-2,4.546e-26,,1.322e-18,2.204e-19,3.573e-20,7.731e+0,,1.629e-21,2.050e-9,,3.970e-19,1.275e-21,5.791e-6,1.849e-1,7.312e-11,1.279e-19,2.895e-22,4.994e-19,2.364e+1,1.098e+0,8.926e+1,6.060e-1,2.162e-14,2.957e+1,,4.044e+0,,,2.326e+0,,,1.730e-19,,1.200e-18,,7.300e-19,,1.762e-1,,9.959e-18,,1.475e-4,1.983e-16
511.71,1.583e+2,2.575e-21,1.693e-8,6.529e-44,3.696e-20,,,1.512e-18,7.733e-22,,2.708e-15,1.779e-13,5.623e-25,9.897e-18,5.916e-20,3.311e-13,1.259e-2,4.545e-26,,1.325e-18,2.202e-19,3.370e-20,7.334e+0,,2.524e-21,2.843e-9,,3.964e-19,1.276e-21,7.812e-6,1.846e-1,7.108e-11,1.279e-19,2.895e-22,4.990e-19,2.587e+1,1.111e+0,8.954e+1,5.690e-1,3.363e-14,2.700e+1,,4.279e+0,,,2.239e+0,,,1.729e-19,,1.200e-18,,7.300e-19,,1.647e-1,,9.956e-18,,1.918e-4,1.984e-16
511.74,1.585e+2,2.580e-21,1.860e-8,6.520e-44,3.787e-20,,,1.513e-18,7.737e-22,,2.708e-15,3.223e-13,5.633e-25,9.896e-18,5.869e-20,3.081e-13,1.130e-2,4.544e-26,,1.330e-18,2.200e-19,3.070e-20,6.740e+0,,4.839e-21,4.621e-9,,3.954e-19,1.276e-21,1.218e-5,1.833e-1,6.812e-11,1.279e-19,2.894e-22,4.985e-19,2.947e+1,1.136e+0,9.002e+1,5.149e-1,6.489e-14,2.345e+1,,4.704e+0,,,2.106e+0,,,1.728e-19,,1.200e-18,,7.299e-19,,1.484e-1,,9.950e-18,,2.829e-4,1.984e-16
511.76,1.591e+2,2.583e-21,1.975e-8,6.514e-44,3.848e-20,,,1.514e-18,7.740e-22,,2.707e-15,4.772e-13,5.639e-25,9.896e-18,5.837e-20,2.925e-13,1.047e-2,4.543e-26,,1.333e-18,2.198e-19,2.874e-20,6.347e+0,,7.441e-21,6.364e-9,,3.947e-19,1.276e-21,1.632e-5,1.817e-1,6.623e-11,1.279e-19,2.894e-22,4.981e-19,3.202e+1,1.156e+0,9.040e+1,4.800e-1,1.002e-13,2.129e+1,,5.035e+0,,,2.015e+0,,,1.727e-19,,1.200e-18,,7.299e-19,,1.382e-1,,9.947e-18,,3.652e-4,1.984e-16
511.79,1.607e+2,2.587e-21,2.153e-8,6.505e-44,3.940e-20,,,1.515e-18,7.744e-22,,2.707e-15,8.553e-13,5.648e-25,9.896e-18,5.790e-20,2.692e-13,9.287e-3,4.542e-26,,1.337e-18,2.195e-19,2.589e-20,5.769e+0,,1.411e-20,1.023e-8,,3.937e-19,1.277e-21,2.517e-5,1.785e-1,6.354e-11,1.279e-19,2.893e-22,4.976e-19,3.607e+1,1.187e+0,9.110e+1,4.296e-1,1.913e-13,1.836e+1,,5.602e+0,,,1.879e+0,,,1.726e-19,,1.201e-18,,7.298e-19,,1.239e-1,,9.941e-18,,5.327e-4,1.985e-16
511.81,1.623e+2,2.590e-21,2.274e-8,6.499e-44,4.001e-20,,,1.515e-18,7.747e-22,,2.707e-15,1.257e-12,5.654e-25,9.896e-18,5.758e-20,2.538e-13,8.543e-3,4.541e-26,,1.340e-18,2.193e-19,2.407e-20,5.394e+0,,2.154e-20,1.399e-8,,3.931e-19,1.277e-21,3.349e-5,1.758e-1,6.185e-11,1.279e-19,2.892e-22,4.973e-19,3.891e+1,1.209e+0,9.165e+1,3.975e-1,2.933e-13,1.660e+1,,6.026e+0,,,1.789e+0,,,1.725e-19,,1.201e-18,,7.297e-19,,1.150e-1,,9.937e-18,,6.827e-4,1.985e-16
511.84,1.654e+2,2.594e-21,2.458e-8,6.490e-44,4.093e-20,,,1.516e-18,7.752e-22,,2.706e-15,2.230e-12,5.664e-25,9.896e-18,5.711e-20,2.310e-13,7.497e-3,4.540e-26,,1.344e-18,2.190e-19,2.145e-20,4.849e+0,,4.042e-20,2.224e-8,,3.921e-19,1.278e-21,5.112e-5,1.709e-1,5.948e-11,1.280e-19,2.892e-22,4.967e-19,4.336e+1,1.242e+0,9.264e+1,3.519e-1,5.539e-13,1.425e+1,,6.731e+0,,,1.656e+0,,,1.724e-19,,1.201e-18,,7.297e-19,,1.024e-1,,9.932e-18,,9.852e-4,1.985e-16
511.86,1.679e+2,2.597e-21,2.581e-8,6.484e-44,4.154e-20,,,1.516e-18,7.755e-22,,2.706e-15,3.255e-12,5.670e-25,9.896e-18,5.679e-20,2.162e-13,6.847e-3,4.539e-26,,1.347e-18,2.188e-19,1.979e-20,4.500e+0,,6.127e-20,3.019e-8,,3.914e-19,1.278e-21,6.754e-5,1.672e-1,5.804e-11,1.280e-19,2.891e-22,4.964e-19,4.644e+1,1.264e+0,9.339e+1,3.233e-1,8.431e-13,1.287e+1,,7.245e+0,,,1.571e+0,,,1.723e-19,,1.201e-18,,7.296e-19,,9.465e-2,,9.928e-18,,1.253e-3,1.985e-16
511.89,1.723e+2,2.602e-21,2.765e-8,6.475e-44,4.245e-20,,,1.517e-18,7.759e-22,,2.705e-15,5.709e-12,5.679e-25,9.895e-18,5.632e-20,1.946e-13,5.942e-3,4.537e-26,,1.351e-18,2.185e-19,1.744e-20,4.002e+0,,1.137e-19,4.749e-8,,3.904e-19,1.278e-21,1.020e-4,1.608e-1,5.607e-11,1.280e-19,2.890e-22,4.959e-19,5.118e+1,1.295e+0,9.468e+1,2.831e-1,1.575e-12,1.106e+1,,8.081e+0,,,1.448e+0,,,1.722e-19,,1.201e-18,,7.295e-19,,8.375e-2,,9.923e-18,,1.789e-3,1.986e-16
511.91,1.756e+2,2.605e-21,2.886e-8,6.469e-44,4.307e-20,,,1.518e-18,7.762e-22,,2.705e-15,8.274e-12,5.686e-25,9.895e-18,5.600e-20,1.808e-13,5.387e-3,4.536e-26,,1.354e-18,2.183e-19,1.598e-20,3.687e+0,,1.711e-19,6.400e-8,,3.898e-19,1.279e-21,1.339e-4,1.561e-1,5.491e-11,1.280e-19,2.890e-22,4.955e-19,5.441e+1,1.314e+0,9.564e+1,2.581e-1,2.380e-12,1.003e+1,,8.681e+0,,,1.371e+0,,,1.721e-19,,1.201e-18,,7.295e-19,,7.700e-2,,9.919e-18,,2.260e-3,1.986e-16
511.93,1.793e+2,2.608e-21,3.004e-8,6.463e-44,7.049e-20,,,1.518e-18,7.765e-22,,2.705e-15,1.196e-11,5.692e-25,9.895e-18,5.569e-20,1.675e-13,4.870e-3,4.536e-26,,1.357e-18,2.181e-19,1.459e-20,3.387e+0,,2.567e-19,8.601e-8,,3.891e-19,1.279e-21,1.752e-4,1.511e-1,5.388e-11,1.280e-19,2.889e-22,4.952e-19,5.768e+1,1.331e+0,9.666e+1,2.347e-1,3.587e-12,9.130e+0,,9.314e+0,,,1.298e+0,,,1.720e-19,,1.201e-18,,7.294e-19,,7.065e-2,,9.916e-18,,2.846e-3,1.986e-16
511.96,1.852e+2,2.612e-21,3.176e-8,6.454e-44,1.468e-19,,,1.519e-18,7.770e-22,,2.704e-15,2.066e-11,5.701e-25,9.895e-18,5.521e-20,1.485e-13,4.162e-3,4.534e-26,,1.361e-18,2.178e-19,1.266e-20,2.966e+0,,4.693e-19,1.332e-7,,3.881e-19,1.280e-21,2.608e-4,1.432e-1,5.256e-11,1.280e-19,2.888e-22,4.946e-19,6.261e+1,1.353e+0,9.831e+1,2.024e-1,6.599e-12,8.013e+0,,1.032e+1,,,1.198e+0,,,1.719e-19,,1.202e-18,,7.294e-19,,6.185e-2,,9.910e-18,,4.001e-3,1.986e-16
511.98,1.894e+2,2.615e-21,3.286e-8,6.448e-44,2.385e-19,,,1.520e-18,7.772e-22,,2.704e-15,2.965e-11,5.707e-25,9.895e-18,5.490e-20,1.366e-13,3.735e-3,4.533e-26,,1.364e-18,2.176e-19,1.148e-20,2.705e+0,,6.992e-19,1.778e-7,,3.875e-19,1.280e-21,3.389e-4,1.376e-1,5.185e-11,1.281e-19,2.888e-22,4.943e-19,6.589e+1,1.365e+0,9.947e+1,1.827e-1,9.872e-12,7.418e+0,,1.103e+1,,,1.138e+0,,,1.718e-19,,1.202e-18,,7.293e-19,,5.645e-2,,9.906e-18,,5.003e-3,1.987e-16
512.01,1.960e+2,2.620e-21,3.440e-8,6.439e-44,4.915e-19,,,1.520e-18,7.777e-22,,2.704e-15,5.069e-11,5.717e-25,9.895e-18,5.442e-20,1.198e-13,3.157e-3,4.532e-26,,1.368e-18,2.173e-19,9.858e-21,2.342e+0,,1.264e-18,2.724e-7,,3.865e-19,1.280e-21,4.994e-4,1.290e-1,5.104e-11,1.281e-19,2.887e-22,4.937e-19,7.074e+1,1.378e+0,1.012e+2,1.558e-1,1.797e-11,6.738e+0,,1.216e+1,,,1.060e+0,,,1.717e-19,,1.202e-18,,7.292e-19,,4.901e-2,,9.901e-18,,6.957e-3,1.987e-16
512.03,2.005e+2,2.622e-21,3.536e-8,6.433e-44,7.929e-19,,,1.521e-18,7.780e-22,,2.703e-15,7.221e-11,5.723e-25,9.895e-18,5.411e-20,1.093e-13,2.812e-3,4.531e-26,,1.371e-18,2.171e-19,8.873e-21,2.121e+0,,1.870e-18,3.608e-7,,3.858e-19,1.281e-21,6.444e-4,1.231e-1,5.067e-11,1.281e-19,2.886e-22,4.934e-19,7.390e+1,1.383e+0,1.024e+2,1.396e-1,2.669e-11,6.421e+0,,1.294e+1,,,1.017e+0,,,1.716e-19,,1.202e-18,,7.292e-19,,4.447e-2,,9.897e-18,,8.636e-3,1.987e-16
512.06,2.074e+2,2.627e-21,3.667e-8,6.424e-44,1.616e-18,,,1.522e-18,7.784e-22,,2.703e-15,1.221e-10,5.732e-25,9.894e-18,5.363e-20,9.483e-14,2.352e-3,4.530e-26,,1.375e-18,2.168e-19,7.536e-21,1.817e+0,,3.345e-18,5.469e-7,,3.848e-19,1.281e-21,9.398e-4,1.141e-1,5.037e-11,1.281e-19,2.886e-22,4.929e-19,7.848e+1,1.385e+0,1.042e+2,1.178e-1,4.805e-11,6.141e+0,,1.417e+1,,,9.642e-1,,,1.715e-19,,1.202e-18,,7.291e-19,,3.827e-2,,9.892e-18,,1.188e-2,1.988e-16
512.08,2.120e+2,2.630e-21,3.745e-8,6.418e-44,2.588e-18,,,1.522e-18,7.787e-22,,2.703e-15,1.728e-10,5.739e-25,9.894e-18,5.332e-20,8.593e-14,2.079e-3,4.529e-26,,1.378e-18,2.166e-19,6.734e-21,1.633e+0,,4.912e-18,7.191e-7,,3.842e-19,1.281e-21,1.204e-3,1.081e-1,5.033e-11,1.281e-19,2.885e-22,4.925e-19,8.139e+1,1.382e+0,1.053e+2,1.047e-1,7.085e-11,6.079e+0,,1.503e+1,,,9.385e-1,,,1.714e-19,,1.202e-18,,7.290e-19,,3.452e-2,,9.888e-18,,1.464e-2,1.988e-16
512.11,2.188e+2,2.634e-21,3.846e-8,6.409e-44,5.219e-18,,,1.523e-18,7.792e-22,,2.702e-15,2.891e-10,5.748e-25,9.894e-18,5.284e-20,7.373e-14,1.720e-3,4.527e-26,,1.383e-18,2.163e-19,5.659e-21,1.383e+0,,8.691e-18,1.078e-6,,3.832e-19,1.282e-21,1.739e-3,9.911e-2,5.050e-11,1.281e-19,2.884e-22,4.920e-19,8.550e+1,1.371e+0,1.069e+2,8.739e-2,1.262e-10,6.168e+0,,1.636e+1,,,9.145e-1,,,1.713e-19,,1.203e-18,,7.290e-19,,2.943e-2,,9.883e-18,,1.992e-2,1.988e-16
512.13,2.232e+2,2.637e-21,3.903e-8,6.403e-44,8.299e-18,,,1.524e-18,7.795e-22,,2.702e-15,4.060e-10,5.754e-25,9.894e-18,5.253e-20,6.632e-14,1.510e-3,4.527e-26,,1.385e-18,2.161e-19,5.022e-21,1.234e+0,,1.267e-17,1.408e-6,,3.825e-19,1.282e-21,2.213e-3,9.321e-2,5.077e-11,1.282e-19,2.884e-22,4.916e-19,8.803e+1,1.360e+0,1.078e+2,7.717e-2,1.848e-10,6.346e+0,,1.728e+1,,,9.086e-1,,,1.712e-19,,1.203e-18,,7.289e-19,,2.638e-2,,9.879e-18,,2.437e-2,1.988e-16
512.16,2.294e+2,2.642e-21,3.971e-8,6.394e-44,1.655e-17,,,1.524e-18,7.799e-22,,2.701e-15,6.722e-10,5.764e-25,9.894e-18,5.205e-20,5.628e-14,1.235e-3,4.525e-26,,1.390e-18,2.158e-19,4.177e-21,1.034e+0,,2.218e-17,2.088e-6,,3.815e-19,1.283e-21,3.161e-3,8.454e-2,5.137e-11,1.282e-19,2.883e-22,4.911e-19,9.146e+1,1.337e+0,1.089e+2,6.368e-2,3.255e-10,6.784e+0,,1.872e+1,,,9.154e-1,,,1.710e-19,,1.203e-18,,7.288e-19,,2.228e-2,,9.874e-18,,3.280e-2,1.989e-16
512.18,2.333e+2,2.645e-21,4.005e-8,6.388e-44,2.613e-17,,,1.525e-18,7.802e-22,,2.701e-15,9.374e-10,5.770e-25,9.894e-18,5.174e-20,5.026e-14,1.076e-3,4.524e-26,,1.393e-18,2.156e-19,3.683e-21,9.159e-1,,3.210e-17,2.706e-6,,3.809e-19,1.283e-21,3.996e-3,7.893e-2,5.189e-11,1.282e-19,2.883e-22,4.908e-19,9.348e+1,1.317e+0,1.095e+2,5.582e-2,4.731e-10,7.189e+0,,1.971e+1,,,9.305e-1,,,1.710e-19,,1.203e-18,,7.288e-19,,1.984e-2,,9.870e-18,,3.984e-2,1.989e-16
512.21,2.386e+2,2.649e-21,4.040e-8,6.378e-44,5.156e-17,,,1.526e-18,7.806e-22,,2.701e-15,1.535e-9,5.779e-25,9.893e-18,5.126e-20,4.219e-14,8.706e-4,4.523e-26,,1.397e-18,2.153e-19,3.036e-21,7.592e-1,,5.559e-17,3.971e-6,,3.799e-19,1.283e-21,5.651e-3,7.081e-2,5.283e-11,1.282e-19,2.882e-22,4.902e-19,9.607e+1,1.282e+0,1.101e+2,4.556e-2,8.246e-10,7.964e+0,,2.125e+1,,,9.696e-1,,,1.708e-19,,1.203e-18,,7.287e-19,,1.659e-2,,9.864e-18,,5.304e-2,1.989e-16
512.23,2.418e+2,2.652e-21,4.051e-8,6.372e-44,8.083e-17,,,1.526e-18,7.809e-22,,2.700e-15,2.126e-9,5.785e-25,9.893e-18,5.095e-20,3.740e-14,7.532e-4,4.522e-26,,1.400e-18,2.151e-19,2.662e-21,6.675e-1,,7.987e-17,5.109e-6,,3.792e-19,1.284e-21,7.095e-3,6.563e-2,5.355e-11,1.282e-19,2.881e-22,4.899e-19,9.748e+1,1.255e+0,1.103e+2,3.965e-2,1.190e-9,8.591e+0,,2.231e+1,,,1.007e+0,,,1.708e-19,,1.203e-18,,7.287e-19,,1.468e-2,,9.861e-18,,6.396e-2,1.989e-16
512.26,2.459e+2,2.656e-21,4.052e-8,6.363e-44,1.578e-16,,,1.527e-18,7.814e-22,,2.700e-15,3.445e-9,5.795e-25,9.893e-18,5.047e-20,3.105e-14,6.027e-4,4.521e-26,,1.404e-18,2.148e-19,2.180e-21,5.472e-1,,1.368e-16,7.415e-6,,3.782e-19,1.284e-21,9.929e-3,5.824e-2,5.472e-11,1.282e-19,2.880e-22,4.894e-19,9.909e+1,1.209e+0,1.101e+2,3.201e-2,2.052e-9,9.694e+0,,2.397e+1,,,1.079e+0,,,1.706e-19,,1.204e-18,,7.286e-19,,1.215e-2,,9.855e-18,,8.423e-2,1.990e-16
512.28,2.482e+2,2.659e-21,4.043e-8,6.357e-44,2.455e-16,,,1.528e-18,7.817e-22,,2.700e-15,4.736e-9,5.801e-25,9.893e-18,5.016e-20,2.733e-14,5.176e-4,4.520e-26,,1.407e-18,2.146e-19,1.907e-21,4.776e-1,,1.952e-16,9.472e-6,,3.776e-19,1.284e-21,1.238e-2,5.358e-2,5.554e-11,1.283e-19,2.880e-22,4.890e-19,9.982e+1,1.176e+0,1.097e+2,2.765e-2,2.939e-9,1.054e+1,,2.511e+1,,,1.139e+0,,,1.705e-19,,1.204e-18,,7.285e-19,,1.068e-2,,9.852e-18,,1.008e-1,1.990e-16
512.3,2.502e+2,2.662e-21,4.027e-8,6.351e-44,3.810e-16,,,1.528e-18,7.820e-22,,2.699e-15,6.491e-9,5.807e-25,9.893e-18,4.984e-20,2.398e-14,4.432e-4,4.519e-26,,1.410e-18,2.144e-19,1.669e-21,4.156e-1,,2.776e-16,1.206e-5,,3.769e-19,1.285e-21,1.540e-2,4.915e-2,5.639e-11,1.283e-19,2.879e-22,4.887e-19,1.003e+2,1.140e+0,1.092e+2,2.382e-2,4.199e-9,1.147e+1,,2.629e+1,,,1.207e+0,,,1.705e-19,,1.204e-18,,7.285e-19,,9.358e-3,,9.848e-18,,1.204e-1,1.990e-16
512.33,2.523e+2,2.667e-21,3.990e-8,6.342e-44,7.325e-16,,,1.529e-18,7.824e-22,,2.699e-15,1.036e-8,5.817e-25,9.893e-18,4.937e-20,1.961e-14,3.492e-4,4.518e-26,,1.414e-18,2.142e-19,1.371e-21,3.356e-1,,4.684e-16,1.725e-5,,3.759e-19,1.285e-21,2.124e-2,4.296e-2,5.767e-11,1.283e-19,2.879e-22,4.881e-19,1.004e+2,1.083e+0,1.078e+2,1.893e-2,7.130e-9,1.302e+1,,2.814e+1,,,1.327e+0,,,1.703e-19,,1.204e-18,,7.284e-19,,7.637e-3,,9.843e-18,,1.561e-1,1.991e-16
512.35,2.533e+2,2.670e-21,3.958e-8,6.336e-44,1.128e-15,,,1.530e-18,7.827e-22,,2.699e-15,1.410e-8,5.823e-25,9.893e-18,4.905e-20,1.708e-14,2.969e-4,4.517e-26,,1.417e-18,2.140e-19,1.210e-21,2.899e-1,,6.615e-16,2.181e-5,,3.753e-19,1.286e-21,2.624e-2,3.912e-2,5.850e-11,1.283e-19,2.878e-22,4.878e-19,1.001e+2,1.043e+0,1.067e+2,1.619e-2,1.011e-8,1.416e+1,,2.942e+1,,,1.418e+0,,,1.703e-19,,1.204e-18,,7.284e-19,,6.646e-3,,9.839e-18,,1.850e-1,1.991e-16
512.38,2.541e+2,2.674e-21,3.903e-8,6.327e-44,2.146e-15,,,1.530e-18,7.831e-22,,2.698e-15,2.228e-8,5.832e-25,9.892e-18,4.858e-20,1.381e-14,2.314e-4,4.515e-26,,1.421e-18,2.137e-19,1.017e-21,2.315e-1,,1.104e-15,3.084e-5,,3.743e-19,1.286e-21,3.583e-2,3.381e-2,5.969e-11,1.283e-19,2.877e-22,4.873e-19,9.909e+1,9.800e-1,1.045e+2,1.273e-2,1.699e-8,1.602e+1,,3.142e+1,,,1.571e+0,,,1.701e-19,,1.204e-18,,7.283e-19,,5.368e-3,,9.833e-18,,2.373e-1,1.991e-16
512.4,2.541e+2,2.677e-21,3.862e-8,6.321e-44,3.283e-15,,,1.531e-18,7.834e-22,,2.698e-15,3.010e-8,5.838e-25,9.892e-18,4.826e-20,1.195e-14,1.952e-4,4.514e-26,,1.424e-18,2.135e-19,9.204e-22,1.985e-1,,1.548e-15,3.871e-5,,3.736e-19,1.286e-21,4.396e-2,3.057e-2,6.043e-11,1.283e-19,2.877e-22,4.869e-19,9.809e+1,9.370e-1,1.027e+2,1.080e-2,2.392e-8,1.735e+1,,3.282e+1,,,1.684e+0,,,1.700e-19,,1.205e-18,,7.282e-19,,4.639e-3,,9.830e-18,,2.792e-1,1.991e-16
512.43,2.536e+2,2.681e-21,3.799e-8,6.312e-44,6.177e-15,,,1.532e-18,7.839e-22,,2.698e-15,4.704e-8,5.848e-25,9.892e-18,4.779e-20,9.555e-15,1.505e-4,4.513e-26,,1.428e-18,2.132e-19,8.188e-22,1.568e-1,,2.556e-15,5.415e-5,,3.726e-19,1.287e-21,5.943e-2,2.614e-2,6.141e-11,1.284e-19,2.876e-22,4.864e-19,9.607e+1,8.714e-1,9.966e+1,8.403e-3,3.975e-8,1.950e+1,,3.500e+1,,,1.869e+0,,,1.699e-19,,1.205e-18,,7.282e-19,,3.708e-3,,9.824e-18,,3.544e-1,1.992e-16
512.45,2.528e+2,2.684e-21,3.757e-8,6.306e-44,9.380e-15,,,1.532e-18,7.842e-22,,2.697e-15,6.311e-8,5.854e-25,9.892e-18,4.747e-20,8.203e-15,1.261e-4,4.512e-26,,1.431e-18,2.130e-19,7.793e-22,1.335e-1,,3.557e-15,6.749e-5,,3.720e-19,1.287e-21,7.242e-2,2.346e-2,6.197e-11,1.284e-19,2.875e-22,4.860e-19,9.441e+1,8.273e-1,9.737e+1,7.080e-3,5.556e-8,2.102e+1,,3.651e+1,,,2.002e+0,,,1.698e-19,,1.205e-18,,7.281e-19,,3.183e-3,,9.821e-18,,4.139e-1,1.992e-16
512.48,2.511e+2,2.689e-21,3.697e-8,6.297e-44,1.746e-14,,,1.533e-18,7.846e-22,,2.697e-15,9.757e-8,5.863e-25,9.892e-18,4.700e-20,6.490e-15,9.613e-5,4.511e-26,,1.435e-18,2.127e-19,7.617e-22,1.043e-1,,5.810e-15,9.338e-5,,3.710e-19,1.288e-21,9.691e-2,1.984e-2,6.263e-11,1.284e-19,2.875e-22,4.855e-19,9.146e+1,7.613e-1,9.358e+1,5.446e-3,9.134e-8,2.342e+1,,3.889e+1,,,2.217e+0,,,1.697e-19,,1.205e-18,,7.280e-19,,2.519e-3,,9.815e-18,,5.196e-1,1.992e-16
512.5,2.496e+2,2.692e-21,3.661e-8,6.291e-44,2.632e-14,,,1.534e-18,7.849e-22,,2.697e-15,1.300e-7,5.870e-25,9.892e-18,4.668e-20,5.531e-15,7.994e-5,4.510e-26,,1.438e-18,2.125e-19,7.779e-22,8.813e-2,,8.029e-15,1.155e-4,,3.703e-19,1.288e-21,1.173e-1,1.767e-2,6.295e-11,1.284e-19,2.874e-22,4.851e-19,8.922e+1,7.176e-1,9.083e+1,4.556e-3,1.268e-7,2.510e+1,,4.053e+1,,,2.369e+0,,,1.696e-19,,1.205e-18,,7.280e-19,,2.148e-3,,9.812e-18,,6.025e-1,1.993e-16
512.53,2.470e+2,2.696e-21,3.617e-8,6.282e-44,4.847e-14,,,1.534e-18,7.853e-22,,2.696e-15,1.988e-7,5.879e-25,9.891e-18,4.621e-20,4.328e-15,6.028e-5,4.509e-26,,1.443e-18,2.122e-19,8.461e-22,6.810e-2,,1.297e-14,1.582e-4,,3.693e-19,1.288e-21,1.554e-1,1.478e-2,6.322e-11,1.284e-19,2.873e-22,4.846e-19,8.550e+1,6.533e-1,8.642e+1,3.466e-3,2.061e-7,2.772e+1,,4.310e+1,,,2.610e+0,,,1.695e-19,,1.205e-18,,7.279e-19,,1.684e-3,,9.806e-18,,7.481e-1,1.993e-16
512.55,2.450e+2,2.699e-21,3.596e-8,6.276e-44,7.255e-14,,,1.535e-18,7.856e-22,,2.696e-15,2.630e-7,5.885e-25,9.891e-18,4.589e-20,3.662e-15,4.976e-5,4.508e-26,,1.445e-18,2.120e-19,9.224e-22,5.714e-2,,1.780e-14,1.943e-4,,3.687e-19,1.289e-21,1.868e-1,1.308e-2,6.326e-11,1.284e-19,2.873e-22,4.843e-19,8.280e+1,6.114e-1,8.332e+1,2.878e-3,2.840e-7,2.952e+1,,4.487e+1,,,2.779e+0,,,1.694e-19,,1.205e-18,,7.279e-19,,1.428e-3,,9.802e-18,,8.612e-1,1.993e-16
512.58,2.418e+2,2.703e-21,3.580e-8,6.267e-44,1.321e-13,,,1.536e-18,7.861e-22,,2.695e-15,3.980e-7,5.894e-25,9.891e-18,4.542e-20,2.834e-15,3.712e-5,4.506e-26,,1.450e-18,2.117e-19,1.088e-21,4.368e-2,,2.845e-14,2.630e-4,,3.677e-19,1.289e-21,2.450e-1,1.082e-2,6.311e-11,1.285e-19,2.872e-22,4.837e-19,7.848e+1,5.507e-1,7.848e+1,2.166e-3,4.569e-7,3.230e+1,,4.762e+1,,,3.043e+0,,,1.693e-19,,1.206e-18,,7.278e-19,,1.113e-3,,9.797e-18,,1.058e+0,1.993e-16
512.6,2.396e+2,2.706e-21,3.581e-8,6.261e-44,1.964e-13,,,1.536e-18,7.864e-22,,2.695e-15,5.227e-7,5.901e-25,9.891e-18,4.510e-20,2.380e-15,3.042e-5,4.505e-26,,1.453e-18,2.115e-19,1.235e-21,3.638e-2,,3.875e-14,3.208e-4,,3.670e-19,1.289e-21,2.925e-1,9.501e-3,6.286e-11,1.285e-19,2.871e-22,4.834e-19,7.545e+1,5.117e-1,7.514e+1,1.785e-3,6.250e-7,3.419e+1,,4.950e+1,,,3.225e+0,,,1.692e-19,,1.206e-18,,7.277e-19,,9.416e-4,,9.793e-18,,1.209e+0,1.994e-16
512.63,2.361e+2,2.711e-21,3.603e-8,6.252e-44,3.539e-13,,,1.537e-18,7.868e-22,,2.695e-15,7.826e-7,5.910e-25,9.891e-18,4.463e-20,1.822e-15,2.244e-5,4.504e-26,,1.457e-18,2.112e-19,1.518e-21,2.752e-2,,6.126e-14,4.296e-4,,3.660e-19,1.290e-21,3.798e-1,7.777e-3,6.228e-11,1.285e-19,2.871e-22,4.829e-19,7.074e+1,4.559e-1,7.004e+1,1.329e-3,9.947e-7,3.705e+1,,5.240e+1,,,3.506e+0,,,1.691e-19,,1.206e-18,,7.277e-19,,7.345e-4,,9.788e-18,,1.469e+0,1.994e-16
512.65,2.337e+2,2.714e-21,3.632e-8,6.246e-44,5.221e-13,,,1.538e-18,7.871e-22,,2.694e-15,1.021e-6,5.916e-25,9.891e-18,4.431e-20,1.519e-15,1.826e-5,4.503e-26,,1.460e-18,2.110e-19,1.754e-21,2.277e-2,,8.284e-14,5.201e-4,,3.654e-19,1.290e-21,4.505e-1,6.781e-3,6.176e-11,1.285e-19,2.870e-22,4.825e-19,6.751e+1,4.206e-1,6.659e+1,1.087e-3,1.351e-6,3.898e+1,,5.436e+1,,,3.698e+0,,,1.690e-19,,1.206e-18,,7.276e-19,,6.252e-4,,9.784e-18,,1.666e+0,1.994e-16
512.67,2.314e+2,2.717e-21,3.675e-8,6.240e-44,7.682e-13,,,1.538e-18,7.874e-22,,2.694e-15,1.327e-6,5.923e-25,9.890e-18,4.399e-20,1.263e-15,1.481e-5,4.502e-26,,1.463e-18,2.108e-19,2.032e-21,1.879e-2,,1.117e-13,6.279e-4,,3.647e-19,1.291e-21,5.329e-1,5.896e-3,6.115e-11,1.285e-19,2.870e-22,4.822e-19,6.425e+1,3.869e-1,6.314e+1,8.873e-4,1.829e-6,4.090e+1,,5.634e+1,,,3.893e+0,,,1.689e-19,,1.206e-18,,7.276e-19,,5.360e-4,,9.781e-18,,1.885e+0,1.994e-16
512.7,2.279e+2,2.721e-21,3.765e-8,6.231e-44,1.363e-12,,,1.539e-18,7.879e-22,,2.694e-15,1.957e-6,5.932e-25,9.890e-18,4.352e-20,9.522e-16,1.076e-5,4.501e-26,,1.467e-18,2.105e-19,2.538e-21,1.403e-2,,1.740e-13,8.283e-4,,3.637e-19,1.291e-21,6.822e-1,4.756e-3,6.007e-11,1.286e-19,2.869e-22,4.816e-19,5.932e+1,3.396e-1,5.799e+1,6.503e-4,2.867e-6,4.377e+1,,5.933e+1,,,4.189e+0,,,1.688e-19,,1.206e-18,,7.275e-19,,4.354e-4,,9.775e-18,,2.256e+0,1.995e-16
512.72,2.257e+2,2.724e-21,3.842e-8,6.224e-44,1.991e-12,,,1.539e-18,7.881e-22,,2.693e-15,2.527e-6,5.938e-25,9.890e-18,4.320e-20,7.859e-16,8.663e-6,4.500e-26,,1.470e-18,2.103e-19,2.943e-21,1.152e-2,,2.329e-13,9.927e-4,,3.631e-19,1.291e-21,8.016e-1,4.109e-3,5.925e-11,1.286e-19,2.868e-22,4.813e-19,5.604e+1,3.101e-1,5.459e+1,5.268e-4,3.855e-6,4.565e+1,,6.132e+1,,,4.388e+0,,,1.687e-19,,1.207e-18,,7.274e-19,,3.882e-4,,9.771e-18,,2.534e+0,1.995e-16
512.75,2.225e+2,2.728e-21,3.985e-8,6.215e-44,3.497e-12,,,1.540e-18,7.886e-22,,2.693e-15,3.688e-6,5.947e-25,9.890e-18,4.273e-20,5.860e-16,6.225e-6,4.499e-26,,1.474e-18,2.100e-19,3.665e-21,8.563e-3,,3.588e-13,1.295e-3,,3.621e-19,1.292e-21,1.016e+0,3.285e-3,5.793e-11,1.286e-19,2.868e-22,4.808e-19,5.118e+1,2.693e-1,4.961e+1,3.819e-4,5.977e-6,4.842e+1,,6.428e+1,,,4.686e+0,,,1.686e-19,,1.207e-18,,7.274e-19,,3.446e-4,,9.766e-18,,2.999e+0,1.995e-16
512.77,2.205e+2,2.731e-21,4.099e-8,6.209e-44,5.071e-12,,,1.541e-18,7.889e-22,,2.693e-15,4.728e-6,5.954e-25,9.890e-18,4.241e-20,4.801e-16,4.976e-6,4.498e-26,,1.477e-18,2.098e-19,4.233e-21,7.034e-3,,4.768e-13,1.541e-3,,3.614e-19,1.292e-21,1.186e+0,2.822e-3,5.699e-11,1.286e-19,2.867e-22,4.804e-19,4.800e+1,2.442e-1,4.637e+1,3.071e-4,7.978e-6,5.022e+1,,6.621e+1,,,4.883e+0,,,1.685e-19,,1.207e-18,,7.273e-19,,3.328e-4,,9.762e-18,,3.344e+0,1.996e-16
512.8,2.177e+2,2.736e-21,4.297e-8,6.200e-44,8.807e-12,,,1.542e-18,7.893e-22,,2.692e-15,6.826e-6,5.963e-25,9.890e-18,4.194e-20,3.541e-16,3.536e-6,4.496e-26,,1.481e-18,2.095e-19,5.232e-21,5.277e-3,,7.266e-13,1.989e-3,,3.604e-19,1.293e-21,1.488e+0,2.243e-3,5.555e-11,1.286e-19,2.866e-22,4.799e-19,4.336e+1,2.098e-1,4.168e+1,2.202e-4,1.224e-5,5.281e+1,,6.902e+1,,,5.177e+0,,,1.684e-19,,1.207e-18,,7.272e-19,,3.408e-4,,9.757e-18,,3.915e+0,1.996e-16
512.82,2.160e+2,2.739e-21,4.446e-8,6.194e-44,1.268e-11,,,1.542e-18,7.896e-22,,2.692e-15,8.688e-6,5.969e-25,9.890e-18,4.162e-20,2.880e-16,2.806e-6,4.495e-26,,1.484e-18,2.093e-19,6.008e-21,4.402e-3,,9.588e-13,2.350e-3,,3.598e-19,1.293e-21,1.725e+0,1.924e-3,5.458e-11,1.286e-19,2.866e-22,4.795e-19,4.037e+1,1.889e-1,3.868e+1,1.757e-4,1.622e-5,5.447e+1,,7.081e+1,,,5.369e+0,,,1.683e-19,,1.207e-18,,7.272e-19,,3.639e-4,,9.753e-18,,4.334e+0,1.996e-16
512.85,2.136e+2,2.743e-21,4.694e-8,6.185e-44,2.179e-11,,,1.543e-18,7.901e-22,,2.692e-15,1.241e-5,5.979e-25,9.889e-18,4.115e-20,2.101e-16,1.973e-6,4.494e-26,,1.488e-18,2.090e-19,7.355e-21,3.459e-3,,1.445e-12,3.001e-3,,3.588e-19,1.293e-21,2.143e+0,1.532e-3,5.317e-11,1.287e-19,2.865e-22,4.790e-19,3.607e+1,1.606e-1,3.440e+1,1.246e-4,2.461e-5,5.682e+1,,7.335e+1,,,5.649e+0,,,1.682e-19,,1.207e-18,,7.271e-19,,4.274e-4,,9.748e-18,,5.020e+0,1.997e-16
512.87,2.122e+2,2.746e-21,4.875e-8,6.179e-44,3.114e-11,,,1.543e-18,7.904e-22,,2.691e-15,1.569e-5,5.985e-25,9.889e-18,4.083e-20,1.696e-16,1.554e-6,4.493e-26,,1.491e-18,2.088e-19,8.389e-21,3.041e-3,,1.894e-12,3.519e-3,,3.581e-19,1.294e-21,2.468e+0,1.322e-3,5.227e-11,1.287e-19,2.864e-22,4.787e-19,3.334e+1,1.437e-1,3.170e+1,9.876e-5,3.237e-5,5.829e+1,,7.491e+1,,,5.831e+0,,,1.681e-19,,1.208e-18,,7.271e-19,,4.912e-4,,9.744e-18,,5.516e+0,1.997e-16
512.9,2.103e+2,2.751e-21,5.167e-8,6.170e-44,5.294e-11,,,1.544e-18,7.908e-22,,2.691e-15,2.217e-5,5.994e-25,9.889e-18,4.036e-20,1.224e-16,1.080e-6,4.492e-26,,1.495e-18,2.086e-19,1.016e-20,2.695e-3,,2.824e-12,4.445e-3,,3.571e-19,1.294e-21,3.035e+0,1.076e-3,5.102e-11,1.287e-19,2.864e-22,4.781e-19,2.947e+1,1.210e-1,2.788e+1,6.928e-5,4.859e-5,6.035e+1,,7.704e+1,,,6.091e+0,,,1.680e-19,,1.208e-18,,7.270e-19,,6.246e-4,,9.739e-18,,6.320e+0,1.997e-16
512.92,2.092e+2,2.753e-21,5.373e-8,6.164e-44,7.513e-11,,,1.545e-18,7.911e-22,,2.691e-15,2.782e-5,6.000e-25,9.889e-18,4.004e-20,9.811e-17,8.449e-7,4.491e-26,,1.498e-18,2.084e-19,1.151e-20,2.638e-3,,3.673e-12,5.175e-3,,3.565e-19,1.294e-21,3.472e+0,9.526e-4,5.028e-11,1.287e-19,2.863e-22,4.778e-19,2.704e+1,1.076e-1,2.551e+1,5.449e-5,6.347e-5,6.161e+1,,7.830e+1,,,6.257e+0,,,1.679e-19,,1.208e-18,,7.269e-19,,7.427e-4,,9.735e-18,,6.895e+0,1.997e-16
512.95,2.077e+2,2.758e-21,5.696e-8,6.155e-44,1.263e-10,,,1.546e-18,7.915e-22,,2.690e-15,3.890e-5,6.010e-25,9.889e-18,3.957e-20,7.002e-17,5.810e-7,4.490e-26,,1.503e-18,2.081e-19,1.380e-20,2.810e-3,,5.418e-12,6.465e-3,,3.555e-19,1.295e-21,4.228e+0,8.235e-4,4.934e-11,1.287e-19,2.862e-22,4.772e-19,2.364e+1,8.999e-2,2.219e+1,3.781e-5,9.423e-5,6.332e+1,,7.990e+1,,,6.490e+0,,,1.677e-19,,1.208e-18,,7.269e-19,,9.726e-4,,9.729e-18,,7.814e+0,1.998e-16
512.97,2.068e+2,2.761e-21,5.919e-8,6.149e-44,1.780e-10,,,1.546e-18,7.918e-22,,2.690e-15,4.847e-5,6.016e-25,9.889e-18,3.925e-20,5.571e-17,4.510e-7,4.489e-26,,1.506e-18,2.079e-19,1.552e-20,3.104e-3,,6.996e-12,7.473e-3,,3.548e-19,1.295e-21,4.804e+0,7.727e-4,4.885e-11,1.287e-19,2.862e-22,4.769e-19,2.153e+1,7.975e-2,2.016e+1,2.952e-5,1.222e-4,6.434e+1,,8.077e+1,,,6.634e+0,,,1.677e-19,,1.208e-18,,7.268e-19,,1.168e-3,,9.726e-18,,8.463e+0,1.998e-16
513,2.056e+2,2.765e-21,6.261e-8,6.140e-44,2.961e-10,,,1.547e-18,7.923e-22,,2.689e-15,6.706e-5,6.025e-25,9.888e-18,3.878e-20,3.933e-17,3.068e-7,4.487e-26,,1.510e-18,2.076e-19,1.841e-20,3.847e-3,,1.021e-11,9.236e-3,,3.538e-19,1.296e-21,5.791e+0,7.474e-4,4.832e-11,1.288e-19,2.861e-22,4.764e-19,1.862e+1,6.651e-2,1.735e+1,2.026e-5,1.795e-4,6.569e+1,,8.174e+1,,,6.833e+0,,,1.675e-19,,1.208e-18,,7.267e-19,,1.536e-3,,9.720e-18,,9.488e+0,1.998e-16
513.02,2.049e+2,2.768e-21,6.491e-8,6.134e-44,4.142e-10,,,1.548e-18,7.926e-22,,2.689e-15,8.296e-5,6.032e-25,9.888e-18,3.846e-20,3.107e-17,2.364e-7,4.486e-26,,1.513e-18,2.074e-19,2.055e-20,4.572e-3,,1.309e-11,1.060e-2,,3.532e-19,1.296e-21,6.538e+0,7.649e-4,4.814e-11,1.288e-19,2.860e-22,4.760e-19,1.684e+1,5.902e-2,1.564e+1,1.571e-5,2.311e-4,6.646e+1,,8.216e+1,,,6.953e+0,,,1.675e-19,,1.209e-18,,7.267e-19,,1.843e-3,,9.717e-18,,1.020e+1,1.998e-16
513.04,2.042e+2,2.771e-21,6.720e-8,6.128e-44,5.778e-10,,,1.548e-18,7.929e-22,,2.689e-15,1.023e-4,6.038e-25,9.888e-18,3.815e-20,2.447e-17,1.816e-7,4.486e-26,,1.516e-18,2.072e-19,2.288e-20,5.515e-3,,1.673e-11,1.213e-2,,3.525e-19,1.296e-21,7.361e+0,8.109e-4,4.808e-11,1.288e-19,2.860e-22,4.757e-19,1.518e+1,5.252e-2,1.406e+1,1.214e-5,2.967e-4,6.713e+1,,8.238e+1,,,7.061e+0,,,1.674e-19,,1.209e-18,,7.266e-19,,2.206e-3,,9.713e-18,,1.094e+1,1.999e-16
513.07,2.032e+2,2.776e-21,7.060e-8,6.119e-44,9.466e-10,,,1.549e-18,7.933e-22,,2.688e-15,1.395e-4,6.047e-25,9.888e-18,3.767e-20,1.701e-17,1.217e-7,4.484e-26,,1.520e-18,2.069e-19,2.672e-20,7.417e-3,,2.405e-11,1.476e-2,,3.515e-19,1.297e-21,8.749e+0,9.374e-4,4.827e-11,1.288e-19,2.859e-22,4.751e-19,1.293e+1,4.456e-2,1.192e+1,8.203e-6,4.292e-4,6.795e+1,,8.235e+1,,,7.201e+0,,,1.672e-19,,1.209e-18,,7.265e-19,,2.878e-3,,9.708e-18,,1.208e+1,1.999e-16
513.09,2.026e+2,2.778e-21,7.281e-8,6.113e-44,1.311e-9,,,1.549e-18,7.936e-22,,2.688e-15,1.709e-4,6.053e-25,9.888e-18,3.736e-20,1.330e-17,9.281e-8,4.483e-26,,1.523e-18,2.067e-19,2.953e-20,9.081e-3,,3.051e-11,1.677e-2,,3.509e-19,1.297e-21,9.785e+0,1.064e-3,4.857e-11,1.288e-19,2.859e-22,4.748e-19,1.157e+1,4.039e-2,1.064e+1,6.294e-6,5.470e-4,6.837e+1,,8.207e+1,,,7.278e+0,,,1.672e-19,,1.209e-18,,7.265e-19,,3.426e-3,,9.704e-18,,1.285e+1,1.999e-16
513.12,2.018e+2,2.783e-21,7.600e-8,6.104e-44,2.125e-9,,,1.550e-18,7.940e-22,,2.688e-15,2.304e-4,6.063e-25,9.888e-18,3.688e-20,9.144e-18,6.148e-8,4.482e-26,,1.527e-18,2.064e-19,3.413e-20,1.232e-2,,4.339e-11,2.019e-2,,3.499e-19,1.298e-21,1.152e+1,1.327e-3,4.928e-11,1.288e-19,2.858e-22,4.743e-19,9.747e+0,3.579e-2,8.921e+0,4.207e-6,7.828e-4,6.881e+1,,8.128e+1,,,7.370e+0,,,1.670e-19,,1.209e-18,,7.264e-19,,4.427e-3,,9.698e-18,,1.404e+1,2.000e-16
513.14,2.012e+2,2.786e-21,7.801e-8,6.098e-44,2.921e-9,,,1.551e-18,7.943e-22,,2.687e-15,2.803e-4,6.069e-25,9.887e-18,3.657e-20,7.097e-18,4.656e-8,4.481e-26,,1.530e-18,2.062e-19,3.745e-20,1.509e-2,,5.467e-11,2.277e-2,,3.492e-19,1.298e-21,1.279e+1,1.558e-3,4.993e-11,1.289e-19,2.857e-22,4.739e-19,8.661e+0,3.381e-2,7.904e+0,3.204e-6,9.905e-4,6.899e+1,,8.051e+1,,,7.414e+0,,,1.670e-19,,1.209e-18,,7.264e-19,,5.235e-3,,9.695e-18,,1.483e+1,2.000e-16
513.17,2.003e+2,2.790e-21,8.083e-8,6.089e-44,4.684e-9,,,1.552e-18,7.948e-22,,2.687e-15,3.739e-4,6.078e-25,9.887e-18,3.609e-20,4.827e-18,3.051e-8,4.480e-26,,1.534e-18,2.059e-19,4.280e-20,2.039e-2,,7.689e-11,2.712e-2,,3.482e-19,1.298e-21,1.491e+1,2.004e-3,5.114e-11,1.289e-19,2.856e-22,4.734e-19,7.216e+0,3.248e-2,6.556e+0,2.118e-6,1.402e-3,6.907e+1,,7.897e+1,,,7.454e+0,,,1.668e-19,,1.210e-18,,7.263e-19,,6.695e-3,,9.689e-18,,1.602e+1,2.000e-16
513.19,1.997e+2,2.793e-21,8.256e-8,6.083e-44,6.394e-9,,,1.552e-18,7.951e-22,,2.687e-15,4.516e-4,6.085e-25,9.887e-18,3.578e-20,3.719e-18,2.293e-8,4.479e-26,,1.537e-18,2.057e-19,4.662e-20,2.484e-2,,9.618e-11,3.036e-2,,3.476e-19,1.299e-21,1.645e+1,2.378e-3,5.210e-11,1.289e-19,2.856e-22,4.730e-19,6.366e+0,3.273e-2,5.767e+0,1.602e-6,1.762e-3,6.901e+1,,7.771e+1,,,7.462e+0,,,1.667e-19,,1.210e-18,,7.262e-19,,7.860e-3,,9.686e-18,,1.681e+1,2.000e-16
513.22,1.987e+2,2.798e-21,8.489e-8,6.074e-44,1.014e-8,,,1.553e-18,7.955e-22,,2.686e-15,5.961e-4,6.094e-25,9.887e-18,3.530e-20,2.502e-18,1.486e-8,4.477e-26,,1.541e-18,2.054e-19,5.272e-20,3.327e-2,,1.338e-10,3.578e-2,,3.466e-19,1.299e-21,1.897e+1,3.078e-3,5.374e-11,1.289e-19,2.855e-22,4.725e-19,5.246e+0,3.492e-2,4.731e+0,1.047e-6,2.467e-3,6.876e+1,,7.549e+1,,,7.447e+0,,,1.666e-19,,1.210e-18,,7.262e-19,,9.946e-3,,9.680e-18,,1.796e+1,2.001e-16
513.24,1.981e+2,2.801e-21,8.625e-8,6.068e-44,1.375e-8,,,1.553e-18,7.958e-22,,2.686e-15,7.149e-4,6.100e-25,9.887e-18,3.499e-20,1.914e-18,1.109e-8,4.476e-26,,1.544e-18,2.052e-19,5.701e-20,4.029e-2,,1.662e-10,3.977e-2,,3.459e-19,1.299e-21,2.080e+1,3.654e-3,5.495e-11,1.289e-19,2.855e-22,4.722e-19,4.594e+0,3.768e-2,4.131e+0,7.861e-7,3.077e-3,6.848e+1,,7.380e+1,,,7.419e+0,,,1.665e-19,,1.210e-18,,7.261e-19,,1.159e-2,,9.677e-18,,1.871e+1,2.001e-16
513.27,1.970e+2,2.805e-21,8.799e-8,6.058e-44,2.157e-8,,,1.554e-18,7.962e-22,,2.686e-15,9.337e-4,6.110e-25,9.887e-18,3.451e-20,1.273e-18,7.109e-9,4.475e-26,,1.548e-18,2.049e-19,6.376e-20,5.340e-2,,2.287e-10,4.635e-2,,3.449e-19,1.300e-21,2.375e+1,4.711e-3,5.691e-11,1.289e-19,2.854e-22,4.716e-19,3.745e+0,4.400e-2,3.352e+0,5.084e-7,4.263e-3,6.790e+1,,7.099e+1,,,7.349e+0,,,1.664e-19,,1.210e-18,,7.260e-19,,1.451e-2,,9.671e-18,,1.978e+1,2.001e-16
513.29,1.963e+2,2.808e-21,8.894e-8,6.052e-44,2.902e-8,,,1.555e-18,7.965e-22,,2.685e-15,1.112e-3,6.116e-25,9.887e-18,3.419e-20,9.668e-19,5.266e-9,4.474e-26,,1.551e-18,2.047e-19,6.846e-20,6.422e-2,,2.820e-10,5.115e-2,,3.443e-19,1.300e-21,2.586e+1,5.567e-3,5.828e-11,1.290e-19,2.853e-22,4.713e-19,3.256e+0,4.985e-2,2.906e+0,3.788e-7,5.278e-3,6.741e+1,,6.894e+1,,,7.284e+0,,,1.663e-19,,1.210e-18,,7.260e-19,,1.679e-2,,9.667e-18,,2.045e+1,2.001e-16
513.32,1.952e+2,2.812e-21,9.004e-8,6.043e-44,4.505e-8,,,3.246e-18,7.970e-22,,2.685e-15,1.437e-3,6.125e-25,9.886e-18,3.372e-20,6.362e-19,3.339e-9,4.473e-26,,1.556e-18,2.044e-19,7.574e-20,8.424e-2,,3.840e-10,5.897e-2,,3.433e-19,1.301e-21,2.924e+1,7.121e-3,6.039e-11,1.290e-19,2.852e-22,4.708e-19,2.625e+0,6.143e-2,2.333e+0,2.423e-7,7.234e-3,6.653e+1,,6.564e+1,,,7.160e+0,,,1.662e-19,,1.211e-18,,7.259e-19,,2.080e-2,,9.662e-18,,2.138e+1,2.002e-16
513.34,1.944e+2,2.815e-21,9.056e-8,6.037e-44,6.018e-8,,,5.284e-18,7.973e-22,,2.685e-15,1.698e-3,6.131e-25,9.886e-18,3.340e-20,4.796e-19,2.455e-9,4.472e-26,,1.558e-18,2.042e-19,8.073e-20,1.006e-1,,4.700e-10,6.460e-2,,3.426e-19,1.301e-21,3.163e+1,8.365e-3,6.182e-11,1.290e-19,2.852e-22,4.704e-19,2.266e+0,7.128e-2,2.007e+0,1.793e-7,8.892e-3,6.585e+1,,6.332e+1,,,7.060e+0,,,1.661e-19,,1.211e-18,,7.259e-19,,2.389e-2,,9.658e-18,,2.195e+1,2.002e-16
513.37,1.931e+2,2.820e-21,9.103e-8,6.028e-44,9.242e-8,,,1.091e-17,7.977e-22,,2.684e-15,2.171e-3,6.141e-25,9.886e-18,3.293e-20,3.122e-19,1.540e-9,4.471e-26,,1.563e-18,2.039e-19,8.835e-20,1.305e-1,,6.331e-10,7.368e-2,,3.416e-19,1.301e-21,3.540e+1,1.060e-2,6.393e-11,1.290e-19,2.851e-22,4.699e-19,1.807e+0,8.981e-2,1.594e+0,1.134e-7,1.206e-2,6.468e+1,,5.968e+1,,,6.885e+0,,,1.660e-19,,1.211e-18,,7.258e-19,,2.927e-2,,9.653e-18,,2.270e+1,2.002e-16
513.39,1.922e+2,2.823e-21,9.113e-8,6.022e-44,1.226e-7,,,1.764e-17,7.980e-22,,2.684e-15,2.549e-3,6.147e-25,9.886e-18,3.261e-20,2.336e-19,1.124e-9,4.470e-26,,1.566e-18,2.037e-19,9.349e-20,1.548e-1,,7.694e-10,8.013e-2,,3.410e-19,1.302e-21,3.803e+1,1.237e-2,6.530e-11,1.290e-19,2.851e-22,4.695e-19,1.548e+0,1.050e-1,1.362e+0,8.328e-8,1.471e-2,6.381e+1,,5.718e+1,,,6.752e+0,,,1.659e-19,,1.211e-18,,7.257e-19,,3.339e-2,,9.649e-18,,2.313e+1,2.003e-16
513.42,1.908e+2,2.827e-21,9.101e-8,6.013e-44,1.862e-7,,,3.604e-17,7.985e-22,,2.683e-15,3.225e-3,6.156e-25,9.886e-18,3.214e-20,1.504e-19,6.971e-10,4.468e-26,,1.570e-18,2.034e-19,1.012e-19,1.987e-1,,1.025e-9,9.040e-2,,3.400e-19,1.302e-21,4.214e+1,1.551e-2,6.724e-11,1.291e-19,2.850e-22,4.690e-19,1.221e+0,1.328e-1,1.069e+0,5.212e-8,1.973e-2,6.236e+1,,5.334e+1,,,6.532e+0,,,1.658e-19,,1.211e-18,,7.257e-19,,4.045e-2,,9.644e-18,,2.367e+1,2.003e-16
513.44,1.899e+2,2.830e-21,9.076e-8,6.007e-44,2.452e-7,,,5.783e-17,7.988e-22,,2.683e-15,3.758e-3,6.162e-25,9.886e-18,3.182e-20,1.117e-19,5.052e-10,4.467e-26,,1.573e-18,2.032e-19,1.063e-19,2.339e-1,,1.237e-9,9.761e-2,,3.393e-19,1.302e-21,4.497e+1,1.798e-2,6.843e-11,1.291e-19,2.849e-22,4.686e-19,1.039e+0,1.552e-1,9.070e-1,3.799e-8,2.391e-2,6.132e+1,,5.076e+1,,,6.371e+0,,,1.657e-19,,1.211e-18,,7.256e-19,,4.581e-2,,9.640e-18,,2.394e+1,2.003e-16
513.46,1.889e+2,2.833e-21,9.038e-8,6.001e-44,3.219e-7,,,9.253e-17,7.990e-22,,2.683e-15,4.368e-3,6.169e-25,9.885e-18,3.151e-20,8.277e-20,3.650e-10,4.467e-26,,1.576e-18,2.031e-19,1.114e-19,2.746e-1,,1.488e-9,1.051e-1,,3.387e-19,1.303e-21,4.786e+1,2.078e-2,6.952e-11,1.291e-19,2.849e-22,4.683e-19,8.810e-1,1.811e-1,7.670e-1,2.761e-8,2.889e-2,6.020e+1,,4.816e+1,,,6.200e+0,,,1.656e-19,,1.211e-18,,7.256e-19,,5.173e-2,,9.636e-18,,2.415e+1,2.003e-16
513.49,1.873e+2,2.837e-21,8.961e-8,5.992e-44,4.817e-7,,,1.863e-16,7.995e-22,,2.682e-15,5.444e-3,6.178e-25,9.885e-18,3.103e-20,5.248e-20,2.230e-10,4.465e-26,,1.580e-18,2.028e-19,1.187e-19,3.474e-1,,1.953e-9,1.168e-1,,3.377e-19,1.303e-21,5.229e+1,2.570e-2,7.094e-11,1.291e-19,2.848e-22,4.678e-19,6.844e-1,2.274e-1,5.932e-1,1.702e-8,3.816e-2,5.840e+1,,4.429e+1,,,5.927e+0,,,1.655e-19,,1.212e-18,,7.255e-19,,6.174e-2,,9.631e-18,,2.434e+1,2.004e-16
513.51,1.863e+2,2.840e-21,8.899e-8,5.986e-44,6.279e-7,,,2.959e-16,7.998e-22,,2.682e-15,6.283e-3,6.184e-25,9.885e-18,3.072e-20,3.859e-20,1.599e-10,4.464e-26,,1.583e-18,2.026e-19,1.235e-19,4.048e-1,,2.332e-9,1.248e-1,,3.370e-19,1.304e-21,5.528e+1,2.950e-2,7.172e-11,1.291e-19,2.847e-22,4.674e-19,5.762e-1,2.639e-1,4.980e-1,1.228e-8,4.577e-2,5.713e+1,,4.174e+1,,,5.736e+0,,,1.654e-19,,1.212e-18,,7.254e-19,,6.921e-2,,9.627e-18,,2.437e+1,2.004e-16
513.54,1.846e+2,2.845e-21,8.794e-8,5.977e-44,9.294e-7,,,5.892e-16,8.002e-22,,2.682e-15,7.748e-3,6.194e-25,9.885e-18,3.024e-20,2.420e-20,9.661e-11,4.463e-26,,1.587e-18,2.023e-19,1.302e-19,5.066e-1,,3.028e-9,1.372e-1,,3.360e-19,1.304e-21,5.978e+1,3.610e-2,7.261e-11,1.291e-19,2.847e-22,4.669e-19,4.428e-1,3.284e-1,3.810e-1,7.484e-9,5.981e-2,5.510e+1,,3.799e+1,,,5.436e+0,,,1.653e-19,,1.212e-18,,7.254e-19,,8.171e-2,,9.622e-18,,2.429e+1,2.004e-16
513.56,1.834e+2,2.848e-21,8.719e-8,5.971e-44,1.203e-6,,,9.293e-16,8.005e-22,,2.681e-15,8.878e-3,6.200e-25,9.885e-18,2.993e-20,1.766e-20,6.879e-11,4.462e-26,,1.590e-18,2.021e-19,1.345e-19,5.863e-1,,3.590e-9,1.456e-1,,3.354e-19,1.304e-21,6.277e+1,4.116e-2,7.300e-11,1.292e-19,2.846e-22,4.665e-19,3.701e-1,3.787e-1,3.175e-1,5.360e-9,7.123e-2,5.368e+1,,3.555e+1,,,5.229e+0,,,1.652e-19,,1.212e-18,,7.253e-19,,9.094e-2,,9.618e-18,,2.415e+1,2.005e-16
513.59,1.815e+2,2.852e-21,8.603e-8,5.962e-44,1.761e-6,,,1.831e-15,8.010e-22,,2.681e-15,1.083e-2,6.209e-25,9.885e-18,2.945e-20,1.096e-20,4.111e-11,4.461e-26,,1.594e-18,2.018e-19,1.403e-19,7.260e-1,,4.611e-9,1.583e-1,,3.344e-19,1.305e-21,6.720e+1,4.986e-2,7.326e-11,1.292e-19,2.845e-22,4.660e-19,2.813e-1,4.666e-1,2.402e-1,3.232e-9,9.207e-2,5.146e+1,,3.202e+1,,,4.912e+0,,,1.651e-19,,1.212e-18,,7.252e-19,,1.062e-1,,9.613e-18,,2.381e+1,2.005e-16
513.61,1.802e+2,2.855e-21,8.527e-8,5.956e-44,2.263e-6,,,2.867e-15,8.013e-22,,2.681e-15,1.233e-2,6.215e-25,9.884e-18,2.914e-20,7.940e-21,2.906e-11,4.460e-26,,1.597e-18,2.016e-19,1.438e-19,8.341e-1,,5.428e-9,1.668e-1,,3.337e-19,1.305e-21,7.009e+1,5.647e-2,7.322e-11,1.292e-19,2.845e-22,4.657e-19,2.334e-1,5.344e-1,1.988e-1,2.298e-9,1.089e-1,4.992e+1,,2.976e+1,,,4.697e+0,,,1.650e-19,,1.212e-18,,7.252e-19,,1.173e-1,,9.609e-18,,2.350e+1,2.005e-16
513.64,1.782e+2,2.859e-21,8.420e-8,5.947e-44,3.278e-6,,,5.588e-15,8.017e-22,,2.680e-15,1.488e-2,6.225e-25,9.884e-18,2.866e-20,4.871e-21,1.717e-11,4.458e-26,,1.601e-18,2.013e-19,1.484e-19,1.022e+0,,6.896e-9,1.793e-1,,3.327e-19,1.306e-21,7.428e+1,6.771e-2,7.280e-11,1.292e-19,2.844e-22,4.651e-19,1.755e-1,6.515e-1,1.488e-1,1.370e-9,1.392e-1,4.753e+1,,2.653e+1,,,4.372e+0,,,1.649e-19,,1.213e-18,,7.251e-19,,1.356e-1,,9.604e-18,,2.292e+1,2.005e-16
513.66,1.767e+2,2.862e-21,8.356e-8,5.941e-44,4.182e-6,,,8.688e-15,8.020e-22,,2.680e-15,1.681e-2,6.231e-25,9.884e-18,2.835e-20,3.504e-21,1.205e-11,4.458e-26,,1.604e-18,2.011e-19,1.510e-19,1.166e+0,,8.060e-9,1.876e-1,,3.321e-19,1.306e-21,7.695e+1,7.616e-2,7.230e-11,1.292e-19,2.844e-22,4.648e-19,1.445e-1,7.408e-1,1.222e-1,9.671e-10,1.634e-1,4.589e+1,,2.449e+1,,,4.155e+0,,,1.648e-19,,1.213e-18,,7.251e-19,,1.487e-1,,9.600e-18,,2.246e+1,2.006e-16
513.69,1.744e+2,2.867e-21,8.275e-8,5.932e-44,5.993e-6,,,1.675e-14,8.024e-22,,2.679e-15,2.008e-2,6.240e-25,9.884e-18,2.787e-20,2.126e-21,7.044e-12,4.456e-26,,1.608e-18,2.008e-19,1.541e-19,1.413e+0,,1.013e-8,1.996e-1,,3.311e-19,1.306e-21,8.072e+1,9.040e-2,7.121e-11,1.292e-19,2.843e-22,4.643e-19,1.075e-1,8.935e-1,9.047e-2,5.704e-10,2.067e-1,4.338e+1,,2.160e+1,,,3.832e+0,,,1.647e-19,,1.213e-18,,7.250e-19,,1.699e-1,,9.594e-18,,2.167e+1,2.006e-16
513.71,1.728e+2,2.870e-21,8.235e-8,5.926e-44,7.590e-6,,,2.586e-14,8.027e-22,,2.679e-15,2.252e-2,6.247e-25,9.884e-18,2.756e-20,1.519e-21,4.907e-12,4.455e-26,,1.611e-18,2.006e-19,1.557e-19,1.601e+0,,1.175e-8,2.072e-1,,3.304e-19,1.307e-21,8.305e+1,1.010e-1,7.027e-11,1.293e-19,2.842e-22,4.639e-19,8.789e-2,1.009e+0,7.378e-2,3.997e-10,2.408e-1,4.168e+1,,1.980e+1,,,3.619e+0,,,1.646e-19,,1.213e-18,,7.249e-19,,1.851e-1,,9.591e-18,,2.108e+1,2.006e-16
513.74,1.702e+2,2.874e-21,8.199e-8,5.917e-44,1.076e-5,,,4.933e-14,8.032e-22,,2.679e-15,2.662e-2,6.256e-25,9.884e-18,2.708e-20,9.115e-22,2.837e-12,4.454e-26,,1.616e-18,2.003e-19,1.572e-19,1.920e+0,,1.461e-8,2.181e-1,,3.295e-19,1.307e-21,8.624e+1,1.187e-1,6.855e-11,1.293e-19,2.841e-22,4.634e-19,6.465e-2,1.204e+0,5.403e-2,2.331e-10,3.014e-1,3.910e+1,,1.729e+1,,,3.305e+0,,,1.644e-19,,1.213e-18,,7.249e-19,,2.092e-1,,9.585e-18,,2.012e+1,2.007e-16
513.76,1.683e+2,2.877e-21,8.193e-8,5.911e-44,1.353e-5,,,7.561e-14,8.035e-22,,2.678e-15,2.965e-2,6.262e-25,9.884e-18,2.677e-20,6.462e-22,1.962e-12,4.453e-26,,1.618e-18,2.001e-19,1.577e-19,2.159e+0,,1.683e-8,2.248e-1,,3.288e-19,1.307e-21,8.813e+1,1.318e-1,6.722e-11,1.293e-19,2.841e-22,4.630e-19,5.248e-2,1.349e+0,4.375e-2,1.622e-10,3.487e-1,3.737e+1,,1.574e+1,,,3.102e+0,,,1.644e-19,,1.213e-18,,7.248e-19,,2.262e-1,,9.582e-18,,1.943e+1,2.007e-16
513.79,1.654e+2,2.881e-21,8.216e-8,5.901e-44,1.897e-5,,,1.427e-13,8.039e-22,,2.678e-15,3.467e-2,6.272e-25,9.883e-18,2.629e-20,3.836e-22,1.122e-12,4.452e-26,,1.623e-18,1.998e-19,1.575e-19,2.562e+0,,2.070e-8,2.340e-1,,3.278e-19,1.308e-21,9.058e+1,1.533e-1,6.496e-11,1.293e-19,2.840e-22,4.625e-19,3.818e-2,1.593e+0,3.171e-2,9.357e-11,4.316e-1,3.478e+1,,1.360e+1,,,2.806e+0,,,1.642e-19,,1.214e-18,,7.247e-19,,2.530e-1,,9.576e-18,,1.834e+1,2.007e-16
513.81,1.634e+2,2.884e-21,8.254e-8,5.895e-44,2.369e-5,,,2.171e-13,8.042e-22,,2.678e-15,3.834e-2,6.278e-25,9.883e-18,2.598e-20,2.700e-22,7.701e-13,4.451e-26,,1.626e-18,1.996e-19,1.569e-19,2.862e+0,,2.368e-8,2.395e-1,,3.271e-19,1.308e-21,9.193e+1,1.691e-1,6.330e-11,1.293e-19,2.840e-22,4.622e-19,3.077e-2,1.772e+0,2.550e-2,6.461e-11,4.958e-1,3.305e+1,,1.229e+1,,,2.616e+0,,,1.642e-19,,1.214e-18,,7.247e-19,,2.715e-1,,9.572e-18,,1.758e+1,2.007e-16
513.83,1.613e+2,2.887e-21,8.310e-8,5.889e-44,2.949e-5,,,3.295e-13,8.045e-22,,2.677e-15,4.229e-2,6.284e-25,9.883e-18,2.566e-20,1.895e-22,5.271e-13,4.450e-26,,1.628e-18,1.994e-19,1.557e-19,3.187e+0,,2.700e-8,2.444e-1,,3.265e-19,1.309e-21,9.305e+1,1.859e-1,6.155e-11,1.293e-19,2.839e-22,4.618e-19,2.473e-2,1.967e+0,2.046e-2,4.448e-11,5.678e-1,3.135e+1,,1.108e+1,,,2.432e+0,,,1.641e-19,,1.214e-18,,7.246e-19,,2.907e-1,,9.569e-18,,1.681e+1,2.008e-16
513.86,1.579e+2,2.892e-21,8.432e-8,5.880e-44,4.073e-5,,,6.125e-13,8.049e-22,,2.677e-15,4.872e-2,6.293e-25,9.883e-18,2.519e-20,1.108e-22,2.968e-13,4.449e-26,,1.633e-18,1.991e-19,1.532e-19,3.727e+0,,3.271e-8,2.506e-1,,3.255e-19,1.309e-21,9.427e+1,2.134e-1,5.875e-11,1.294e-19,2.838e-22,4.613e-19,1.772e-2,2.286e+0,1.464e-2,2.527e-11,6.923e-1,2.882e+1,,9.436e+0,,,2.170e+0,,,1.639e-19,,1.214e-18,,7.246e-19,,3.201e-1,,9.563e-18,,1.563e+1,2.008e-16
513.88,1.556e+2,2.895e-21,8.539e-8,5.874e-44,5.034e-5,,,9.228e-13,8.052e-22,,2.677e-15,5.335e-2,6.300e-25,9.883e-18,2.487e-20,7.716e-23,2.017e-13,4.448e-26,,1.636e-18,1.989e-19,1.510e-19,4.121e+0,,3.703e-8,2.539e-1,,3.248e-19,1.309e-21,9.477e+1,2.332e-1,5.681e-11,1.294e-19,2.838e-22,4.609e-19,1.413e-2,2.519e+0,1.170e-2,1.728e-11,7.872e-1,2.717e+1,,8.448e+0,,,2.005e+0,,,1.639e-19,,1.214e-18,,7.245e-19,,3.402e-1,,9.560e-18,,1.483e+1,2.008e-16
513.91,1.519e+2,2.899e-21,8.738e-8,5.865e-44,6.879e-5,,,1.697e-12,8.057e-22,,2.676e-15,6.081e-2,6.309e-25,9.883e-18,2.440e-20,4.462e-23,1.123e-13,4.446e-26,,1.640e-18,1.986e-19,1.469e-19,4.768e+0,,4.438e-8,2.575e-1,,3.238e-19,1.310e-21,9.503e+1,2.652e-1,5.383e-11,1.294e-19,2.837e-22,4.604e-19,1.002e-2,2.897e+0,8.348e-3,9.708e-12,9.494e-1,2.476e+1,,7.119e+0,,,1.771e+0,,,1.637e-19,,1.214e-18,,7.244e-19,,3.706e-1,,9.554e-18,,1.364e+1,2.008e-16
513.93,1.494e+2,2.902e-21,8.895e-8,5.859e-44,8.440e-5,,,2.539e-12,8.060e-22,,2.676e-15,6.612e-2,6.315e-25,9.882e-18,2.408e-20,3.086e-23,7.577e-14,4.445e-26,,1.643e-18,1.984e-19,1.438e-19,5.236e+0,,4.988e-8,2.590e-1,,3.232e-19,1.310e-21,9.488e+1,2.879e-1,5.181e-11,1.294e-19,2.836e-22,4.600e-19,7.933e-3,3.168e+0,6.684e-3,6.587e-12,1.072e+0,2.320e+1,,6.329e+0,,,1.625e+0,,,1.637e-19,,1.214e-18,,7.244e-19,,3.910e-1,,9.551e-18,,1.285e+1,2.009e-16
513.96,1.455e+2,2.907e-21,9.169e-8,5.850e-44,1.141e-4,,,4.619e-12,8.064e-22,,2.676e-15,7.458e-2,6.325e-25,9.882e-18,2.361e-20,1.765e-23,4.174e-14,4.444e-26,,1.647e-18,1.981e-19,1.384e-19,5.994e+0,,5.913e-8,2.598e-1,,3.222e-19,1.311e-21,9.416e+1,3.243e-1,4.881e-11,1.294e-19,2.836e-22,4.595e-19,5.561e-3,3.604e+0,4.844e-3,3.661e-12,1.279e+0,2.094e+1,,5.279e+0,,,1.421e+0,,,1.635e-19,,1.215e-18,,7.243e-19,,4.214e-1,,9.545e-18,,1.169e+1,2.009e-16
513.98,1.428e+2,2.909e-21,9.375e-8,5.844e-44,1.390e-4,,,6.860e-12,8.067e-22,,2.675e-15,8.052e-2,6.331e-25,9.882e-18,2.329e-20,1.212e-23,2.795e-14,4.443e-26,,1.650e-18,1.979e-19,1.345e-19,6.536e+0,,6.599e-8,2.595e-1,,3.215e-19,1.311e-21,9.337e+1,3.500e-1,4.684e-11,1.294e-19,2.835e-22,4.592e-19,4.372e-3,3.914e+0,3.968e-3,2.466e-12,1.433e+0,1.950e+1,,4.661e+0,,,1.295e+0,,,1.634e-19,,1.215e-18,,7.243e-19,,4.413e-1,,9.541e-18,,1.094e+1,2.009e-16
514.01,1.387e+2,2.914e-21,9.716e-8,5.835e-44,1.859e-4,,,1.235e-11,8.071e-22,,2.675e-15,8.985e-2,6.340e-25,9.882e-18,2.282e-20,6.855e-24,1.523e-14,4.442e-26,,1.654e-18,1.976e-19,1.280e-19,7.405e+0,,7.737e-8,2.575e-1,,3.206e-19,1.311e-21,9.171e+1,3.906e-1,4.398e-11,1.295e-19,2.834e-22,4.586e-19,3.031e-3,4.405e+0,3.067e-3,1.356e-12,1.692e+0,1.744e+1,,3.847e+0,,,1.121e+0,,,1.633e-19,,1.215e-18,,7.242e-19,,4.705e-1,,9.536e-18,,9.842e+0,2.010e-16
514.03,1.359e+2,2.917e-21,9.964e-8,5.829e-44,2.248e-4,,,1.821e-11,8.074e-22,,2.675e-15,9.633e-2,6.346e-25,9.882e-18,2.250e-20,4.672e-24,1.012e-14,4.441e-26,,1.657e-18,1.974e-19,1.235e-19,8.019e+0,,8.573e-8,2.553e-1,,3.199e-19,1.312e-21,9.031e+1,4.189e-1,4.217e-11,1.295e-19,2.834e-22,4.583e-19,2.366e-3,4.748e+0,2.697e-3,9.065e-13,1.882e+0,1.613e+1,,3.373e+0,,,1.014e+0,,,1.632e-19,,1.215e-18,,7.241e-19,,4.892e-1,,9.532e-18,,9.140e+0,2.010e-16
514.06,1.316e+2,2.921e-21,1.036e-7,5.820e-44,2.974e-4,,,3.242e-11,8.079e-22,,2.674e-15,1.064e-1,6.356e-25,9.882e-18,2.203e-20,2.614e-24,5.456e-15,4.440e-26,,1.661e-18,1.972e-19,1.163e-19,8.989e+0,,9.944e-8,2.506e-1,,3.189e-19,1.312e-21,8.779e+1,4.633e-1,3.962e-11,1.295e-19,2.833e-22,4.578e-19,1.623e-3,5.286e+0,2.434e-3,4.929e-13,2.198e+0,1.428e+1,,2.755e+0,,,8.689e-1,,,1.631e-19,,1.215e-18,,7.240e-19,,5.160e-1,,9.527e-18,,8.135e+0,2.010e-16
514.08,1.288e+2,2.924e-21,1.064e-7,5.814e-44,3.571e-4,,,4.747e-11,8.082e-22,,2.674e-15,1.132e-1,6.362e-25,9.881e-18,2.171e-20,1.769e-24,3.600e-15,4.439e-26,,1.664e-18,1.970e-19,1.114e-19,9.667e+0,,1.094e-7,2.466e-1,,3.182e-19,1.312e-21,8.585e+1,4.940e-1,3.807e-11,1.295e-19,2.832e-22,4.574e-19,1.257e-3,5.658e+0,2.435e-3,3.272e-13,2.428e+0,1.313e+1,,2.399e+0,,,7.810e-1,,,1.630e-19,,1.215e-18,,7.240e-19,,5.326e-1,,9.523e-18,,7.500e+0,2.010e-16
514.11,1.245e+2,2.929e-21,1.108e-7,5.805e-44,4.673e-4,,,8.363e-11,8.086e-22,,2.673e-15,1.237e-1,6.371e-25,9.881e-18,2.124e-20,9.788e-25,1.919e-15,4.437e-26,,1.668e-18,1.967e-19,1.038e-19,1.073e+1,,1.255e-7,2.395e-1,,3.173e-19,1.313e-21,8.259e+1,5.416e-1,3.598e-11,1.295e-19,2.832e-22,4.569e-19,8.528e-4,6.231e+0,2.691e-3,1.760e-13,2.804e+0,1.151e+1,,1.940e+0,,,6.621e-1,,,1.629e-19,,1.216e-18,,7.239e-19,,5.557e-1,,9.518e-18,,6.604e+0,2.011e-16
514.13,1.217e+2,2.932e-21,1.137e-7,5.799e-44,5.571e-4,,,1.216e-10,8.089e-22,,2.673e-15,1.307e-1,6.378e-25,9.881e-18,2.092e-20,6.574e-25,1.257e-15,4.436e-26,,1.671e-18,1.965e-19,9.864e-20,1.145e+1,,1.371e-7,2.340e-1,,3.166e-19,1.313e-21,8.021e+1,5.742e-1,3.477e-11,1.295e-19,2.831e-22,4.565e-19,6.560e-4,6.621e+0,3.038e-3,1.160e-13,3.075e+0,1.051e+1,,1.677e+0,,,5.910e-1,,,1.628e-19,,1.216e-18,,7.239e-19,,5.695e-1,,9.514e-18,,6.044e+0,2.011e-16
514.16,1.175e+2,2.936e-21,1.183e-7,5.790e-44,7.213e-4,,,2.119e-10,8.094e-22,,2.673e-15,1.413e-1,6.387e-25,9.881e-18,2.045e-20,3.599e-25,6.627e-16,4.435e-26,,1.676e-18,1.962e-19,9.092e-20,1.258e+1,,1.556e-7,2.248e-1,,3.156e-19,1.314e-21,7.637e+1,6.241e-1,3.325e-11,1.296e-19,2.830e-22,4.560e-19,4.402e-4,7.212e+0,3.848e-3,6.168e-14,3.513e+0,9.120e+0,,1.342e+0,,,4.958e-1,,,1.627e-19,,1.216e-18,,7.238e-19,,5.877e-1,,9.509e-18,,5.264e+0,2.011e-16
514.18,1.147e+2,2.939e-21,1.213e-7,5.784e-44,8.537e-4,,,3.058e-10,8.097e-22,,2.672e-15,1.483e-1,6.393e-25,9.881e-18,2.013e-20,2.400e-25,4.310e-16,4.434e-26,,1.679e-18,1.960e-19,8.580e-20,1.334e+1,,1.687e-7,2.181e-1,,3.149e-19,1.314e-21,7.365e+1,6.580e-1,3.246e-11,1.296e-19,2.830e-22,4.557e-19,3.361e-4,7.609e+0,4.609e-3,4.035e-14,3.826e+0,8.270e+0,,1.153e+0,,,4.395e-1,,,1.626e-19,,1.216e-18,,7.237e-19,,5.980e-1,,9.505e-18,,4.783e+0,2.012e-16
514.2,1.120e+2,2.942e-21,1.243e-7,5.778e-44,1.008e-3,,,4.400e-10,8.099e-22,,2.672e-15,1.552e-1,6.399e-25,9.881e-18,1.981e-20,1.595e-25,2.794e-16,4.433e-26,,1.681e-18,1.958e-19,8.073e-20,1.411e+1,,1.824e-7,2.109e-1,,3.143e-19,1.314e-21,7.084e+1,6.922e-1,3.184e-11,1.296e-19,2.829e-22,4.553e-19,2.559e-4,8.003e+0,5.577e-3,2.631e-14,4.154e+0,7.478e+0,,9.873e-1,,,3.885e-1,,,1.625e-19,,1.216e-18,,7.237e-19,,6.067e-1,,9.501e-18,,4.334e+0,2.012e-16
514.23,1.079e+2,2.946e-21,1.287e-7,5.769e-44,1.285e-3,,,7.554e-10,8.104e-22,,2.672e-15,1.653e-1,6.409e-25,9.881e-18,1.934e-20,8.600e-26,1.451e-16,4.432e-26,,1.686e-18,1.955e-19,7.328e-20,1.527e+1,,2.039e-7,1.996e-1,,3.133e-19,1.315e-21,6.646e+1,7.438e-1,3.128e-11,1.296e-19,2.829e-22,4.548e-19,1.691e-4,8.588e+0,7.492e-3,1.378e-14,4.674e+0,6.398e+0,,7.786e-1,,,3.212e-1,,,1.624e-19,,1.216e-18,,7.236e-19,,6.167e-1,,9.496e-18,,3.718e+0,2.012e-16
514.25,1.053e+2,2.949e-21,1.316e-7,5.763e-44,1.505e-3,,,1.079e-9,8.107e-22,,2.671e-15,1.718e-1,6.415e-25,9.880e-18,1.902e-20,5.675e-26,9.337e-17,4.431e-26,,1.689e-18,1.953e-19,6.846e-20,1.604e+1,,2.188e-7,1.916e-1,,3.126e-19,1.315e-21,6.348e+1,7.783e-1,3.114e-11,1.296e-19,2.828e-22,4.544e-19,1.278e-4,8.968e+0,9.142e-3,8.925e-15,5.039e+0,5.745e+0,,6.623e-1,,,2.819e-1,,,1.623e-19,,1.217e-18,,7.236e-19,,6.211e-1,,9.492e-18,,3.344e+0,2.012e-16
514.28,1.015e+2,2.954e-21,1.356e-7,5.754e-44,1.899e-3,,,1.833e-9,8.111e-22,,2.671e-15,1.810e-1,6.424e-25,9.880e-18,1.855e-20,3.026e-26,4.795e-17,4.430e-26,,1.693e-18,1.950e-19,6.147e-20,1.719e+1,,2.420e-7,1.793e-1,,3.117e-19,1.316e-21,5.894e+1,8.299e-1,3.131e-11,1.297e-19,2.827e-22,4.539e-19,8.355e-5,9.519e+0,1.231e-2,4.624e-15,5.609e+0,4.864e+0,,5.169e-1,,,2.307e-1,,,1.622e-19,,1.217e-18,,7.235e-19,,6.245e-1,,9.487e-18,,2.837e+0,2.013e-16
514.3,9.908e+1,2.957e-21,1.381e-7,5.747e-44,2.209e-3,,,2.601e-9,8.114e-22,,2.671e-15,1.868e-1,6.431e-25,9.880e-18,1.823e-20,1.983e-26,3.064e-17,4.429e-26,,1.696e-18,1.948e-19,5.701e-20,1.794e+1,,2.579e-7,1.710e-1,,3.110e-19,1.316e-21,5.590e+1,8.639e-1,3.167e-11,1.297e-19,2.827e-22,4.536e-19,6.269e-5,9.869e+0,1.498e-2,2.972e-15,6.003e+0,4.338e+0,,4.366e-1,,,2.011e-1,,,1.621e-19,,1.217e-18,,7.234e-19,,6.245e-1,,9.483e-18,,2.534e+0,2.013e-16
514.33,9.553e+1,2.961e-21,1.416e-7,5.738e-44,2.757e-3,,,4.370e-9,8.119e-22,,2.670e-15,1.948e-1,6.440e-25,9.880e-18,1.776e-20,1.046e-26,1.556e-17,4.427e-26,,1.700e-18,1.945e-19,5.064e-20,1.902e+1,,2.822e-7,1.583e-1,,3.100e-19,1.316e-21,5.136e+1,9.142e-1,3.258e-11,1.297e-19,2.826e-22,4.530e-19,4.053e-5,1.036e+1,2.004e-2,1.523e-15,6.610e+0,3.635e+0,,3.373e-1,,,1.628e-1,,,1.620e-19,,1.217e-18,,7.234e-19,,6.211e-1,,9.478e-18,,2.126e+0,2.013e-16
514.35,9.325e+1,2.964e-21,1.436e-7,5.732e-44,3.184e-3,,,6.155e-9,8.122e-22,,2.670e-15,1.996e-1,6.446e-25,9.880e-18,1.744e-20,6.801e-27,9.870e-18,4.426e-26,,1.703e-18,1.943e-19,4.662e-20,1.972e+1,,2.985e-7,1.498e-1,,3.093e-19,1.317e-21,4.837e+1,9.471e-1,3.343e-11,1.297e-19,2.825e-22,4.527e-19,3.019e-5,1.067e+1,2.425e-2,9.718e-16,7.024e+0,3.219e+0,,2.830e-1,,,1.410e-1,,,1.619e-19,,1.217e-18,,7.233e-19,,6.167e-1,,9.474e-18,,1.885e+0,2.013e-16
514.38,8.996e+1,2.968e-21,1.463e-7,5.723e-44,3.931e-3,,,1.023e-8,8.126e-22,,2.670e-15,2.059e-1,6.455e-25,9.880e-18,1.697e-20,3.548e-27,4.958e-18,4.425e-26,,1.707e-18,1.940e-19,4.097e-20,2.070e+1,,3.231e-7,1.372e-1,,3.084e-19,1.317e-21,4.398e+1,9.950e-1,3.505e-11,1.297e-19,2.825e-22,4.521e-19,1.931e-5,1.108e+1,3.213e-2,4.926e-16,7.651e+0,2.669e+0,,2.163e-1,,,1.130e-1,,,1.618e-19,,1.217e-18,,7.232e-19,,6.067e-1,,9.468e-18,,1.565e+0,2.014e-16
514.4,8.785e+1,2.971e-21,1.477e-7,5.717e-44,4.508e-3,,,1.431e-8,8.129e-22,,2.669e-15,2.095e-1,6.462e-25,9.879e-18,1.665e-20,2.291e-27,3.122e-18,4.424e-26,,1.710e-18,1.938e-19,3.745e-20,2.132e+1,,3.393e-7,1.289e-1,,3.077e-19,1.317e-21,4.113e+1,1.026e+0,3.635e-11,1.297e-19,2.824e-22,4.518e-19,1.428e-5,1.132e+1,3.862e-2,3.120e-16,8.071e+0,2.347e+0,,1.802e-1,,,9.727e-2,,,1.617e-19,,1.218e-18,,7.232e-19,,5.980e-1,,9.465e-18,,1.378e+0,2.014e-16
514.43,8.481e+1,2.976e-21,1.494e-7,5.708e-44,5.505e-3,,,2.354e-8,8.133e-22,,2.669e-15,2.138e-1,6.471e-25,9.879e-18,1.618e-20,1.182e-27,1.551e-18,4.423e-26,,1.714e-18,1.935e-19,3.255e-20,2.217e+1,,3.633e-7,1.168e-1,,3.067e-19,1.318e-21,3.700e+1,1.070e+0,3.862e-11,1.298e-19,2.823e-22,4.513e-19,9.031e-6,1.163e+1,5.063e-2,1.564e-16,8.697e+0,1.925e+0,,1.364e-1,,,7.735e-2,,,1.616e-19,,1.218e-18,,7.231e-19,,5.820e-1,,9.459e-18,,1.131e+0,2.014e-16
514.45,8.286e+1,2.979e-21,1.503e-7,5.702e-44,6.267e-3,,,3.268e-8,8.136e-22,,2.669e-15,2.160e-1,6.477e-25,9.879e-18,1.586e-20,7.575e-28,9.697e-19,4.422e-26,,1.717e-18,1.933e-19,2.953e-20,2.268e+1,,3.788e-7,1.089e-1,,3.060e-19,1.318e-21,3.436e+1,1.099e+0,4.033e-11,1.298e-19,2.823e-22,4.509e-19,6.630e-6,1.180e+1,6.043e-2,9.836e-17,9.108e+0,1.681e+0,,1.128e-1,,,6.625e-2,,,1.615e-19,,1.218e-18,,7.231e-19,,5.695e-1,,9.456e-18,,9.884e-1,2.015e-16
514.48,8.005e+1,2.983e-21,1.510e-7,5.693e-44,7.571e-3,,,5.317e-8,8.141e-22,,2.668e-15,2.182e-1,6.487e-25,9.879e-18,1.539e-20,3.866e-28,4.766e-19,4.421e-26,,1.721e-18,1.930e-19,2.539e-20,2.335e+1,,4.012e-7,9.761e-2,,3.051e-19,1.319e-21,3.059e+1,1.139e+0,4.314e-11,1.298e-19,2.822e-22,4.504e-19,4.148e-6,1.200e+1,7.838e-2,4.877e-17,9.709e+0,1.364e+0,,8.451e-2,,,5.242e-2,,,1.614e-19,,1.218e-18,,7.230e-19,,5.483e-1,,9.450e-18,,8.029e-1,2.015e-16
514.5,7.823e+1,2.986e-21,1.511e-7,5.687e-44,8.558e-3,,,7.329e-8,8.144e-22,,2.668e-15,2.189e-1,6.493e-25,9.879e-18,1.507e-20,2.460e-28,2.957e-19,4.420e-26,,1.724e-18,1.928e-19,2.288e-20,2.374e+1,,4.154e-7,9.040e-2,,3.044e-19,1.319e-21,2.821e+1,1.163e+0,4.517e-11,1.298e-19,2.821e-22,4.500e-19,3.023e-6,1.209e+1,9.288e-2,3.044e-17,1.010e+1,1.183e+0,,6.945e-2,,,4.486e-2,,,1.613e-19,,1.218e-18,,7.229e-19,,5.326e-1,,9.447e-18,,6.965e-1,2.015e-16
514.53,7.559e+1,2.990e-21,1.508e-7,5.678e-44,1.023e-2,,,1.180e-7,8.148e-22,,2.667e-15,2.188e-1,6.502e-25,9.879e-18,1.460e-20,1.242e-28,1.437e-19,4.418e-26,,1.729e-18,1.925e-19,1.946e-20,2.421e+1,,4.352e-7,8.013e-2,,3.034e-19,1.319e-21,2.485e+1,1.198e+0,4.841e-11,1.298e-19,2.821e-22,4.495e-19,1.871e-6,1.215e+1,1.192e-1,1.493e-17,1.065e+1,9.504e-1,,5.147e-2,,,3.564e-2,,,1.611e-19,,1.218e-18,,7.229e-19,,5.073e-1,,9.441e-18,,5.597e-1,2.016e-16
514.55,7.388e+1,2.993e-21,1.502e-7,5.672e-44,1.148e-2,,,1.615e-7,8.151e-22,,2.667e-15,2.179e-1,6.508e-25,9.878e-18,1.428e-20,7.843e-29,8.854e-20,4.417e-26,,1.731e-18,1.923e-19,1.740e-20,2.446e+1,,4.473e-7,7.368e-2,,3.028e-19,1.320e-21,2.275e+1,1.219e+0,5.066e-11,1.298e-19,2.820e-22,4.492e-19,1.354e-6,1.215e+1,1.402e-1,9.252e-18,1.099e+1,8.185e-1,,4.201e-2,,,3.075e-2,,,1.611e-19,,1.219e-18,,7.228e-19,,4.892e-1,,9.437e-18,,4.820e-1,2.016e-16
514.57,7.221e+1,2.996e-21,1.494e-7,5.666e-44,1.284e-2,,,2.204e-7,8.154e-22,,2.667e-15,2.165e-1,6.515e-25,9.878e-18,1.397e-20,4.940e-29,5.438e-20,4.417e-26,,1.734e-18,1.921e-19,1.552e-20,2.465e+1,,4.584e-7,6.754e-2,,3.021e-19,1.320e-21,2.078e+1,1.239e+0,5.297e-11,1.299e-19,2.820e-22,4.488e-19,9.766e-7,1.212e+1,1.645e-1,5.716e-18,1.131e+1,7.030e-1,,3.420e-2,,,2.674e-2,,,1.610e-19,,1.219e-18,,7.228e-19,,4.705e-1,,9.434e-18,,4.139e-1,2.016e-16
514.6,6.974e+1,3.001e-21,1.477e-7,5.657e-44,1.512e-2,,,3.495e-7,8.158e-22,,2.666e-15,2.132e-1,6.524e-25,9.878e-18,1.349e-20,2.456e-29,2.603e-20,4.415e-26,,1.739e-18,1.918e-19,1.300e-20,2.482e+1,,4.730e-7,5.897e-2,,3.011e-19,1.320e-21,1.803e+1,1.265e+0,5.651e-11,1.299e-19,2.819e-22,4.483e-19,5.952e-7,1.201e+1,2.080e-1,2.761e-18,1.175e+1,5.570e-1,,2.498e-2,,,2.220e-2,,,1.609e-19,,1.219e-18,,7.227e-19,,4.413e-1,,9.428e-18,,3.275e-1,2.016e-16
514.62,6.812e+1,3.004e-21,1.462e-7,5.651e-44,1.679e-2,,,4.735e-7,8.161e-22,,2.666e-15,2.103e-1,6.530e-25,9.878e-18,1.318e-20,1.535e-29,1.587e-20,4.414e-26,,1.741e-18,1.917e-19,1.151e-20,2.486e+1,,4.813e-7,5.367e-2,,3.004e-19,1.321e-21,1.635e+1,1.279e+0,5.889e-11,1.299e-19,2.818e-22,4.479e-19,4.263e-7,1.189e+1,2.423e-1,1.693e-18,1.201e+1,4.756e-1,,2.019e-2,,,2.007e-2,,,1.608e-19,,1.219e-18,,7.226e-19,,4.214e-1,,9.425e-18,,2.792e-1,2.017e-16
514.65,6.573e+1,3.008e-21,1.436e-7,5.642e-44,1.956e-2,,,7.429e-7,8.166e-22,,2.666e-15,2.050e-1,6.540e-25,9.878e-18,1.270e-20,7.549e-30,1.587e-20,4.413e-26,,1.746e-18,1.914e-19,9.535e-21,2.481e+1,,4.913e-7,4.635e-2,,2.995e-19,1.321e-21,1.404e+1,1.298e+0,6.243e-11,1.299e-19,2.817e-22,4.474e-19,2.569e-7,1.165e+1,3.029e-1,8.088e-19,1.233e+1,3.738e-1,,1.460e-2,,,1.808e-2,,,1.606e-19,,1.219e-18,,7.226e-19,,3.910e-1,,9.419e-18,,2.186e-1,2.017e-16
514.67,6.414e+1,3.011e-21,1.416e-7,5.636e-44,2.157e-2,,,9.994e-7,8.169e-22,,2.665e-15,2.009e-1,6.546e-25,9.878e-18,1.239e-20,4.685e-30,1.587e-20,4.412e-26,,1.749e-18,1.912e-19,8.381e-21,2.471e+1,,4.963e-7,4.188e-2,,2.988e-19,1.322e-21,1.264e+1,1.308e+0,6.475e-11,1.299e-19,2.817e-22,4.471e-19,1.827e-7,1.145e+1,3.503e-1,4.925e-19,1.251e+1,3.178e-1,,1.172e-2,,,1.752e-2,,,1.606e-19,,1.219e-18,,7.225e-19,,3.706e-1,,9.416e-18,,1.850e-1,2.017e-16
514.7,6.178e+1,3.015e-21,1.382e-7,5.627e-44,2.485e-2,,,1.551e-6,8.173e-22,,2.665e-15,1.938e-1,6.555e-25,9.877e-18,1.191e-20,2.279e-30,1.586e-20,4.411e-26,,1.753e-18,1.909e-19,6.869e-21,2.445e+1,,5.011e-7,3.578e-2,,2.978e-19,1.322e-21,1.074e+1,1.320e+0,6.810e-11,1.299e-19,2.816e-22,4.465e-19,1.089e-7,1.111e+1,4.334e-1,4.956e-19,1.272e+1,2.490e-1,,8.388e-3,,,1.779e-2,,,1.604e-19,,1.220e-18,,7.224e-19,,3.402e-1,,9.410e-18,,1.433e-1,2.017e-16
514.72,6.022e+1,3.018e-21,1.358e-7,5.621e-44,2.721e-2,,,2.072e-6,8.176e-22,,2.665e-15,1.886e-1,6.561e-25,9.877e-18,1.160e-20,1.404e-30,1.586e-20,4.410e-26,,1.756e-18,1.907e-19,5.994e-21,2.422e+1,,5.026e-7,3.209e-2,,2.971e-19,1.322e-21,9.600e+0,1.325e+0,7.022e-11,1.300e-19,2.816e-22,4.462e-19,7.688e-8,1.084e+1,4.977e-1,4.976e-19,1.281e+1,2.118e-1,,6.688e-3,,,1.871e-2,,,1.604e-19,,1.220e-18,,7.224e-19,,3.201e-1,,9.406e-18,,1.204e-1,2.018e-16
514.75,5.788e+1,3.023e-21,1.318e-7,5.612e-44,3.101e-2,,,3.181e-6,8.180e-22,,2.664e-15,1.802e-1,6.571e-25,9.877e-18,1.112e-20,6.753e-31,1.586e-20,4.408e-26,,1.760e-18,1.904e-19,4.860e-21,2.377e+1,,5.020e-7,2.712e-2,,2.962e-19,1.323e-21,8.070e+0,1.329e+0,7.319e-11,1.300e-19,2.815e-22,4.457e-19,4.534e-8,1.040e+1,6.091e-1,5.007e-19,1.288e+1,1.671e-1,,4.737e-3,,,2.126e-2,,,1.602e-19,,1.220e-18,,7.223e-19,,2.907e-1,,9.401e-18,,9.219e-2,2.018e-16
514.77,5.632e+1,3.026e-21,1.290e-7,5.606e-44,3.371e-2,,,4.219e-6,8.183e-22,,2.664e-15,1.742e-1,6.577e-25,9.877e-18,1.081e-20,4.131e-31,1.586e-20,4.408e-26,,1.763e-18,1.902e-19,4.210e-21,2.342e+1,,4.999e-7,2.415e-2,,2.955e-19,1.323e-21,7.163e+0,1.328e+0,7.500e-11,1.300e-19,2.814e-22,4.453e-19,3.177e-8,1.009e+1,6.945e-1,5.028e-19,1.288e+1,1.437e-1,,3.751e-3,,,2.378e-2,,,1.601e-19,,1.220e-18,,7.223e-19,,2.715e-1,,9.397e-18,,7.690e-2,2.018e-16
514.8,5.400e+1,3.030e-21,1.246e-7,5.597e-44,3.801e-2,,,6.409e-6,8.188e-22,,2.664e-15,1.648e-1,6.586e-25,9.877e-18,1.033e-20,1.655e-31,1.585e-20,4.406e-26,,1.767e-18,1.899e-19,3.377e-21,2.281e+1,,4.939e-7,2.019e-2,,2.945e-19,1.324e-21,5.958e+0,1.324e+0,7.741e-11,1.300e-19,2.813e-22,4.448e-19,1.853e-8,9.580e+0,8.409e-1,5.059e-19,1.281e+1,1.170e-1,,2.629e-3,,,2.892e-2,,,1.600e-19,,1.220e-18,,7.222e-19,,2.439e-1,,9.392e-18,,5.827e-2,2.019e-16
514.82,5.245e+1,3.033e-21,1.216e-7,5.591e-44,4.103e-2,,,8.439e-6,8.191e-22,,2.663e-15,1.584e-1,6.593e-25,9.877e-18,1.002e-20,6.871e-32,1.585e-20,4.405e-26,,1.770e-18,1.897e-19,2.904e-21,2.236e+1,,4.883e-7,1.785e-2,,2.939e-19,1.324e-21,5.251e+0,1.319e+0,7.880e-11,1.300e-19,2.813e-22,4.444e-19,1.289e-8,9.226e+0,9.519e-1,5.080e-19,1.272e+1,1.040e-1,,2.068e-3,,,3.335e-2,,,1.599e-19,,1.220e-18,,7.221e-19,,2.262e-1,,9.388e-18,,4.825e-2,2.019e-16
514.85,5.016e+1,3.038e-21,1.170e-7,5.581e-44,4.576e-2,,,1.268e-5,8.195e-22,,2.663e-15,1.485e-1,6.602e-25,9.877e-18,9.541e-21,6.822e-32,1.585e-20,4.404e-26,,1.774e-18,1.894e-19,2.304e-21,2.162e+1,,4.773e-7,1.476e-2,,2.929e-19,1.324e-21,4.321e+0,1.307e+0,8.052e-11,1.300e-19,2.812e-22,4.439e-19,7.439e-9,8.677e+0,1.140e+0,5.111e-19,1.251e+1,9.111e-2,,1.435e-3,,,4.172e-2,,,1.598e-19,,1.220e-18,,7.221e-19,,2.010e-1,,9.383e-18,,3.616e-2,2.019e-16
514.87,4.864e+1,3.040e-21,1.138e-7,5.575e-44,4.903e-2,,,1.658e-5,8.198e-22,,2.662e-15,1.419e-1,6.608e-25,9.876e-18,9.225e-21,6.788e-32,1.585e-20,4.403e-26,,1.777e-18,1.892e-19,1.967e-21,2.109e+1,,4.684e-7,1.296e-2,,2.922e-19,1.325e-21,3.781e+0,1.296e+0,8.141e-11,1.301e-19,2.812e-22,4.435e-19,5.137e-9,8.303e+0,1.282e+0,5.132e-19,1.233e+1,8.646e-2,,1.121e-3,,,4.859e-2,,,1.597e-19,,1.221e-18,,7.220e-19,,1.851e-1,,9.379e-18,,2.973e-2,2.019e-16
514.9,4.640e+1,3.045e-21,1.090e-7,5.566e-44,5.410e-2,,,2.465e-5,8.203e-22,,2.662e-15,1.319e-1,6.618e-25,9.876e-18,8.751e-21,6.739e-32,1.584e-20,4.402e-26,,1.781e-18,1.889e-19,1.544e-21,2.026e+1,,4.530e-7,1.060e-2,,2.912e-19,1.325e-21,3.079e+0,1.276e+0,8.233e-11,1.301e-19,2.811e-22,4.430e-19,2.932e-9,7.737e+0,1.519e+0,5.163e-19,1.201e+1,8.503e-2,,7.694e-4,,,6.113e-2,,,1.596e-19,,1.221e-18,,7.219e-19,,1.627e-1,,9.374e-18,,2.204e-2,2.020e-16
514.92,4.494e+1,3.048e-21,1.058e-7,5.560e-44,5.756e-2,,,3.200e-5,8.206e-22,,2.662e-15,1.254e-1,6.624e-25,9.876e-18,8.435e-21,6.705e-32,1.584e-20,4.401e-26,,1.784e-18,1.887e-19,1.309e-21,1.968e+1,,4.413e-7,9.236e-3,,2.906e-19,1.325e-21,2.675e+0,1.261e+0,8.265e-11,1.301e-19,2.810e-22,4.427e-19,2.010e-9,7.360e+0,1.695e+0,5.184e-19,1.175e+1,8.767e-2,,5.968e-4,,,7.118e-2,,,1.595e-19,,1.221e-18,,7.219e-19,,1.487e-1,,9.370e-18,,1.799e-2,2.020e-16
514.94,4.350e+1,3.051e-21,1.026e-7,5.554e-44,6.106e-2,,,4.142e-5,8.208e-22,,2.661e-15,1.190e-1,6.630e-25,9.876e-18,8.119e-21,6.672e-32,1.584e-20,4.400e-26,,1.787e-18,1.885e-19,1.106e-21,1.909e+1,,4.288e-7,8.025e-3,,2.899e-19,1.326e-21,2.318e+0,1.243e+0,8.275e-11,1.301e-19,2.810e-22,4.423e-19,1.374e-9,6.986e+0,1.887e+0,5.204e-19,1.146e+1,9.318e-2,,4.616e-4,,,8.277e-2,,,1.594e-19,,1.221e-18,,7.218e-19,,1.356e-1,,9.366e-18,,1.464e-2,2.020e-16
514.97,4.141e+1,3.055e-21,9.780e-8,5.545e-44,6.636e-2,,,6.066e-5,8.213e-22,,2.661e-15,1.097e-1,6.639e-25,9.876e-18,7.645e-21,6.622e-32,1.584e-20,4.398e-26,,1.791e-18,1.882e-19,8.548e-22,1.818e+1,,4.084e-7,6.465e-3,,2.889e-19,1.326e-21,1.860e+0,1.213e+0,8.245e-11,1.301e-19,2.809e-22,4.418e-19,7.723e-10,6.437e+0,2.203e+0,5.236e-19,1.099e+1,1.070e-1,,3.124e-4,,,1.034e-1,,,1.593e-19,,1.221e-18,,7.218e-19,,1.173e-1,,9.361e-18,,1.069e-2,2.020e-16
514.99,4.006e+1,3.058e-21,9.462e-8,5.539e-44,6.989e-2,,,7.796e-5,8.216e-22,,2.661e-15,1.037e-1,6.646e-25,9.876e-18,7.329e-21,6.589e-32,1.583e-20,4.398e-26,,1.794e-18,1.880e-19,7.173e-22,1.757e+1,,3.939e-7,5.577e-3,,2.882e-19,1.327e-21,1.600e+0,1.191e+0,8.196e-11,1.301e-19,2.808e-22,4.414e-19,5.241e-10,6.081e+0,2.434e+0,5.256e-19,1.065e+1,1.201e-1,,2.400e-4,,,1.196e-1,,,1.592e-19,,1.221e-18,,7.217e-19,,1.062e-1,,9.357e-18,,8.636e-3,2.021e-16
515.02,3.812e+1,3.063e-21,8.991e-8,5.530e-44,7.513e-2,,,1.130e-4,8.220e-22,,2.660e-15,9.529e-2,6.655e-25,9.875e-18,6.855e-21,6.539e-32,1.583e-20,4.396e-26,,1.799e-18,1.877e-19,5.484e-22,1.665e+1,,3.711e-7,4.445e-3,,2.873e-19,1.327e-21,1.271e+0,1.156e+0,8.080e-11,1.302e-19,2.808e-22,4.409e-19,2.914e-10,5.569e+0,2.813e+0,5.287e-19,1.010e+1,1.461e-1,,1.608e-4,,,1.480e-1,,,1.591e-19,,1.222e-18,,7.216e-19,,9.094e-2,,9.352e-18,,6.238e-3,2.021e-16
515.04,3.688e+1,3.065e-21,8.681e-8,5.524e-44,7.857e-2,,,1.441e-4,8.223e-22,,2.660e-15,9.000e-2,6.661e-25,9.875e-18,6.539e-21,6.506e-32,1.583e-20,4.395e-26,,1.801e-18,1.875e-19,4.569e-22,1.603e+1,,3.554e-7,3.807e-3,,2.866e-19,1.327e-21,1.086e+0,1.130e+0,7.974e-11,1.302e-19,2.807e-22,4.406e-19,1.963e-10,5.244e+0,3.086e+0,5.308e-19,9.709e+0,1.682e-1,,1.227e-4,,,1.701e-1,,,1.590e-19,,1.222e-18,,7.216e-19,,8.171e-2,,9.348e-18,,5.003e-3,2.021e-16
515.07,3.514e+1,3.070e-21,8.223e-8,5.515e-44,8.356e-2,,,2.067e-4,8.228e-22,,2.660e-15,8.265e-2,6.671e-25,9.875e-18,6.064e-21,6.456e-32,1.583e-20,4.394e-26,,1.806e-18,1.872e-19,3.455e-22,1.512e+1,,3.312e-7,3.001e-3,,2.856e-19,1.328e-21,8.548e-1,1.089e+0,7.777e-11,1.302e-19,2.806e-22,4.400e-19,1.079e-10,4.785e+0,3.529e+0,5.339e-19,9.108e+0,2.091e-1,,8.131e-5,,,2.085e-1,,,1.589e-19,,1.222e-18,,7.215e-19,,6.921e-2,,9.343e-18,,3.574e-3,2.022e-16
515.09,3.405e+1,3.073e-21,7.922e-8,5.509e-44,8.675e-2,,,2.618e-4,8.231e-22,,2.659e-15,7.817e-2,6.677e-25,9.875e-18,5.748e-21,6.423e-32,1.582e-20,4.393e-26,,1.809e-18,1.870e-19,2.858e-22,1.451e+1,,3.149e-7,2.551e-3,,2.850e-19,1.328e-21,7.266e-1,1.060e+0,7.621e-11,1.302e-19,2.806e-22,4.397e-19,7.218e-11,4.500e+0,3.845e+0,5.360e-19,8.697e+0,2.423e-1,,6.161e-5,,,2.380e-1,,,1.588e-19,,1.222e-18,,7.214e-19,,6.174e-2,,9.339e-18,,2.846e-3,2.022e-16
515.12,3.255e+1,3.077e-21,7.480e-8,5.500e-44,9.126e-2,,,3.713e-4,8.235e-22,,2.659e-15,7.211e-2,6.686e-25,9.875e-18,1.854e-20,6.373e-32,1.582e-20,4.392e-26,,1.813e-18,1.867e-19,2.138e-22,1.363e+1,,2.903e-7,1.989e-3,,2.840e-19,1.329e-21,5.678e-1,1.015e+0,7.353e-11,1.302e-19,2.805e-22,4.392e-19,3.926e-11,4.106e+0,4.350e+0,5.391e-19,8.071e+0,3.021e-1,,4.042e-5,,,2.887e-1,,,1.587e-19,,1.222e-18,,7.214e-19,,5.173e-2,,9.333e-18,,2.012e-3,2.022e-16
515.14,3.163e+1,3.080e-21,7.191e-8,5.494e-44,9.407e-2,,,4.671e-4,8.238e-22,,2.659e-15,6.853e-2,6.692e-25,9.875e-18,3.017e-20,6.340e-32,1.582e-20,4.391e-26,,1.816e-18,1.865e-19,1.755e-22,1.305e+1,,2.740e-7,1.679e-3,,2.833e-19,1.329e-21,4.812e-1,9.844e-1,7.154e-11,1.302e-19,2.805e-22,4.388e-19,2.607e-11,3.868e+0,4.707e+0,5.412e-19,7.651e+0,3.495e-1,,3.041e-5,,,3.271e-1,,,1.586e-19,,1.222e-18,,7.213e-19,,4.581e-2,,9.330e-18,,1.590e-3,2.022e-16
515.17,3.039e+1,3.085e-21,6.766e-8,5.485e-44,9.790e-2,,,6.554e-4,8.242e-22,,2.658e-15,6.384e-2,6.702e-25,9.874e-18,6.232e-20,6.290e-32,1.581e-20,4.389e-26,,1.820e-18,1.862e-19,1.299e-22,1.220e+1,,2.499e-7,1.295e-3,,2.823e-19,1.329e-21,3.758e-1,9.369e-1,6.828e-11,1.303e-19,2.804e-22,4.383e-19,1.402e-11,3.548e+0,5.271e+0,5.443e-19,7.024e+0,4.335e-1,,1.975e-5,,,3.926e-1,,,1.585e-19,,1.223e-18,,7.212e-19,,3.797e-2,,9.324e-18,,1.112e-3,2.023e-16
515.19,2.965e+1,3.088e-21,6.488e-8,5.479e-44,1.002e-1,,,8.186e-4,8.245e-22,,2.658e-15,6.119e-2,6.708e-25,9.874e-18,1.007e-19,6.257e-32,1.581e-20,4.389e-26,,1.823e-18,1.861e-19,1.059e-22,1.165e+1,,2.342e-7,1.086e-3,,2.817e-19,1.330e-21,3.197e-1,9.046e-1,6.596e-11,1.303e-19,2.803e-22,4.379e-19,9.243e-12,3.360e+0,5.665e+0,5.464e-19,6.610e+0,4.990e-1,,1.476e-5,,,4.418e-1,,,1.584e-19,,1.223e-18,,7.212e-19,,3.339e-2,,9.321e-18,,8.724e-4,2.023e-16
515.22,2.869e+1,3.092e-21,6.081e-8,5.470e-44,1.032e-1,,,1.137e-3,8.250e-22,,2.657e-15,5.790e-2,6.717e-25,9.874e-18,2.058e-19,6.207e-32,1.581e-20,4.387e-26,,1.827e-18,1.858e-19,7.750e-23,1.086e+1,,2.113e-7,8.283e-4,,2.807e-19,1.330e-21,2.537e-1,8.557e-1,6.228e-11,1.303e-19,2.802e-22,4.374e-19,4.919e-12,3.117e+0,6.279e+0,5.495e-19,6.003e+0,6.135e-1,,9.483e-6,,,5.246e-1,,,1.583e-19,,1.223e-18,,7.211e-19,,2.737e-2,,9.315e-18,,6.033e-4,2.023e-16
515.24,2.815e+1,3.095e-21,5.815e-8,5.464e-44,1.048e-1,,,1.409e-3,8.253e-22,,2.657e-15,5.617e-2,6.723e-25,9.874e-18,3.302e-19,6.174e-32,1.581e-20,4.386e-26,,1.830e-18,1.856e-19,6.272e-23,1.034e+1,,1.966e-7,6.891e-4,,2.800e-19,1.330e-21,2.202e-1,8.231e-1,5.973e-11,1.303e-19,2.802e-22,4.371e-19,3.219e-12,2.980e+0,6.702e+0,5.515e-19,5.609e+0,7.018e-1,,7.038e-6,,,5.862e-1,,,1.582e-19,,1.223e-18,,7.211e-19,,2.389e-2,,9.312e-18,,4.700e-4,2.024e-16
515.27,2.749e+1,3.099e-21,5.426e-8,5.455e-44,1.067e-1,,,1.936e-3,8.257e-22,,2.657e-15,5.422e-2,6.733e-25,9.874e-18,6.677e-19,6.124e-32,1.580e-20,4.385e-26,,1.834e-18,1.853e-19,4.541e-23,9.604e+0,,1.755e-7,5.201e-4,,2.790e-19,1.331e-21,1.838e-1,7.742e-1,5.579e-11,1.303e-19,2.801e-22,4.365e-19,1.694e-12,2.812e+0,7.354e+0,5.547e-19,5.039e+0,8.543e-1,,4.476e-6,,,6.887e-1,,,1.581e-19,,1.223e-18,,7.210e-19,,1.938e-2,,9.306e-18,,3.215e-4,2.024e-16
515.29,2.715e+1,3.102e-21,5.172e-8,5.449e-44,1.077e-1,,,2.384e-3,8.260e-22,,2.656e-15,5.335e-2,6.739e-25,9.874e-18,1.064e-18,6.091e-32,1.580e-20,4.384e-26,,1.837e-18,1.851e-19,3.649e-23,9.129e+0,,1.621e-7,4.296e-4,,2.784e-19,1.331e-21,1.679e-1,7.420e-1,5.312e-11,1.304e-19,2.801e-22,4.362e-19,1.100e-12,2.725e+0,7.797e+0,5.567e-19,4.674e+0,9.706e-1,,3.298e-6,,,7.640e-1,,,1.580e-19,,1.223e-18,,7.209e-19,,1.679e-2,,9.302e-18,,2.487e-4,2.024e-16
515.32,2.678e+1,3.107e-21,4.802e-8,5.440e-44,1.085e-1,,,3.240e-3,8.264e-22,,2.656e-15,5.263e-2,6.748e-25,9.874e-18,2.128e-18,6.041e-32,1.580e-20,4.383e-26,,1.842e-18,1.848e-19,2.613e-23,8.445e+0,,1.431e-7,3.208e-4,,2.774e-19,1.332e-21,1.556e-1,6.945e-1,4.908e-11,1.304e-19,2.800e-22,4.356e-19,5.730e-13,2.628e+0,8.472e+0,5.598e-19,4.154e+0,1.169e+0,,2.076e-6,,,8.881e-1,,,1.578e-19,,1.224e-18,,7.209e-19,,1.347e-2,,9.297e-18,,1.683e-4,2.024e-16
515.34,2.664e+1,3.110e-21,4.561e-8,5.434e-44,1.086e-1,,,3.961e-3,8.267e-22,,2.656e-15,5.252e-2,6.755e-25,9.873e-18,3.366e-18,6.008e-32,1.580e-20,4.382e-26,,1.844e-18,1.846e-19,2.085e-23,8.007e+0,,1.312e-7,2.630e-4,,2.767e-19,1.332e-21,1.548e-1,6.635e-1,4.640e-11,1.304e-19,2.799e-22,4.353e-19,3.695e-13,2.586e+0,8.924e+0,5.619e-19,3.826e+0,1.319e+0,,1.519e-6,,,9.784e-1,,,1.578e-19,,1.224e-18,,7.208e-19,,1.159e-2,,9.293e-18,,1.292e-4,2.025e-16
515.36,2.656e+1,3.113e-21,4.326e-8,5.427e-44,1.085e-1,,,4.828e-3,8.270e-22,,2.655e-15,5.268e-2,6.761e-25,9.873e-18,5.310e-18,5.975e-32,1.580e-20,4.381e-26,,1.847e-18,1.844e-19,1.658e-23,7.585e+0,,1.200e-7,2.151e-4,,2.761e-19,1.332e-21,1.598e-1,6.332e-1,4.373e-11,1.304e-19,2.799e-22,4.349e-19,2.376e-13,2.560e+0,9.377e+0,5.640e-19,3.513e+0,1.484e+0,,1.109e-6,,,1.075e+0,,,1.577e-19,,1.224e-18,,7.208e-19,,9.945e-3,,9.290e-18,,9.894e-5,2.025e-16
515.39,2.659e+1,3.117e-21,3.983e-8,5.418e-44,1.077e-1,,,6.465e-3,8.275e-22,,2.655e-15,5.340e-2,6.770e-25,9.873e-18,1.046e-17,5.925e-32,1.579e-20,4.380e-26,,1.852e-18,1.841e-19,1.170e-23,6.978e+0,,1.043e-7,1.582e-4,,2.751e-19,1.333e-21,1.788e-1,5.893e-1,3.980e-11,1.304e-19,2.798e-22,4.344e-19,1.218e-13,2.551e+0,1.005e+1,5.671e-19,3.075e+0,1.761e+0,,6.878e-7,,,1.231e+0,,,1.576e-19,,1.224e-18,,7.207e-19,,7.859e-3,,9.284e-18,,6.593e-5,2.025e-16
515.41,2.670e+1,3.120e-21,3.762e-8,5.412e-44,1.067e-1,,,7.826e-3,8.278e-22,,2.655e-15,5.415e-2,6.776e-25,9.873e-18,1.639e-17,5.892e-32,1.579e-20,4.379e-26,,1.854e-18,1.839e-19,9.234e-24,6.592e+0,,9.471e-8,1.284e-4,,2.744e-19,1.333e-21,1.996e-1,5.610e-1,3.725e-11,1.304e-19,2.797e-22,4.341e-19,7.775e-14,2.563e+0,1.049e+1,5.692e-19,2.804e+0,1.967e+0,,4.985e-7,,,1.343e+0,,,1.575e-19,,1.224e-18,,7.206e-19,,6.693e-3,,9.281e-18,,5.012e-5,2.025e-16
515.44,2.699e+1,3.124e-21,3.441e-8,5.403e-44,1.048e-1,,,1.037e-2,8.282e-22,,2.654e-15,5.563e-2,6.786e-25,9.873e-18,3.196e-17,5.842e-32,1.579e-20,4.377e-26,,1.859e-18,1.836e-19,6.444e-24,6.038e+0,,8.147e-8,9.339e-5,,2.734e-19,1.334e-21,2.443e-1,5.205e-1,3.353e-11,1.305e-19,2.797e-22,4.335e-19,3.943e-14,2.604e+0,1.115e+1,5.723e-19,2.428e+0,2.309e+0,,3.060e-7,,,1.522e+0,,,1.573e-19,,1.224e-18,,7.206e-19,,5.232e-3,,9.275e-18,,3.304e-5,2.026e-16
515.46,2.726e+1,3.127e-21,3.235e-8,5.397e-44,1.032e-1,,,1.246e-2,8.285e-22,,2.654e-15,5.682e-2,6.792e-25,9.873e-18,4.970e-17,5.809e-32,1.579e-20,4.376e-26,,3.026e-18,1.834e-19,5.051e-24,5.687e+0,,7.343e-8,7.526e-5,,2.728e-19,1.334e-21,2.841e-1,4.948e-1,3.115e-11,1.305e-19,2.796e-22,4.332e-19,2.499e-14,2.646e+0,1.157e+1,5.743e-19,2.198e+0,2.560e+0,,2.202e-7,,,1.649e+0,,,1.573e-19,,1.224e-18,,7.205e-19,,4.424e-3,,9.271e-18,,2.493e-5,2.026e-16
515.49,2.779e+1,3.132e-21,2.938e-8,5.388e-44,1.002e-1,,,1.634e-2,8.289e-22,,2.654e-15,5.883e-2,6.801e-25,9.872e-18,9.587e-17,5.759e-32,1.578e-20,4.375e-26,,6.253e-18,1.831e-19,3.486e-24,5.184e+0,,6.249e-8,5.415e-5,,2.718e-19,1.334e-21,3.615e-1,4.582e-1,2.775e-11,1.305e-19,2.795e-22,4.327e-19,1.253e-14,2.726e+0,1.218e+1,5.775e-19,1.882e+0,2.974e+0,,1.338e-7,,,1.849e+0,,,1.571e-19,,1.225e-18,,7.204e-19,,3.421e-3,,9.266e-18,,1.626e-5,2.026e-16
515.51,2.822e+1,3.135e-21,2.749e-8,5.382e-44,9.790e-2,,,1.950e-2,8.292e-22,,2.653e-15,6.028e-2,6.808e-25,9.872e-18,1.480e-16,5.726e-32,1.578e-20,4.374e-26,,1.011e-17,1.829e-19,2.713e-24,4.865e+0,,5.591e-8,4.333e-5,,2.711e-19,1.335e-21,4.266e-1,4.352e-1,2.559e-11,1.305e-19,2.795e-22,4.323e-19,7.885e-15,2.790e+0,1.257e+1,5.795e-19,1.692e+0,3.274e+0,,9.564e-8,,,1.989e+0,,,1.571e-19,,1.225e-18,,7.204e-19,,2.871e-3,,9.262e-18,,1.218e-5,2.027e-16
515.54,2.897e+1,3.139e-21,2.477e-8,5.373e-44,9.407e-2,,,2.529e-2,8.297e-22,,2.653e-15,6.258e-2,6.817e-25,9.872e-18,2.826e-16,5.676e-32,1.578e-20,4.373e-26,,2.067e-17,1.826e-19,1.853e-24,4.412e+0,,4.707e-8,3.084e-5,,2.701e-19,1.335e-21,5.482e-1,4.028e-1,2.255e-11,1.305e-19,2.794e-22,4.318e-19,3.913e-15,2.897e+0,1.312e+1,5.826e-19,1.433e+0,3.762e+0,,5.750e-8,,,2.208e+0,,,1.569e-19,,1.225e-18,,7.203e-19,,2.196e-3,,9.257e-18,,7.856e-6,2.027e-16
515.56,2.953e+1,3.142e-21,2.305e-8,5.367e-44,9.126e-2,,,2.998e-2,8.300e-22,,2.653e-15,6.414e-2,6.823e-25,9.872e-18,4.332e-16,5.643e-32,1.578e-20,4.372e-26,,3.317e-17,1.824e-19,1.431e-24,4.125e+0,,4.181e-8,2.450e-5,,2.695e-19,1.335e-21,6.478e-1,3.825e-1,2.065e-11,1.305e-19,2.793e-22,4.314e-19,2.443e-15,2.975e+0,1.346e+1,5.847e-19,1.279e+0,4.113e+0,,4.083e-8,,,2.359e+0,,,1.568e-19,,1.225e-18,,7.203e-19,,1.831e-3,,9.253e-18,,5.843e-6,2.027e-16
515.59,3.048e+1,3.146e-21,2.060e-8,5.358e-44,8.675e-2,,,3.848e-2,8.304e-22,,2.652e-15,6.648e-2,6.833e-25,9.872e-18,8.181e-16,5.593e-32,1.577e-20,4.371e-26,,6.710e-17,1.821e-19,9.667e-25,3.718e+0,,3.482e-8,1.726e-5,,2.685e-19,1.336e-21,8.301e-1,3.542e-1,1.800e-11,1.306e-19,2.793e-22,4.309e-19,1.199e-15,3.096e+0,1.395e+1,5.878e-19,1.072e+0,4.675e+0,,2.432e-8,,,2.592e+0,,,1.567e-19,,1.225e-18,,7.202e-19,,1.385e-3,,9.248e-18,,3.728e-6,2.027e-16
515.61,3.117e+1,3.149e-21,1.906e-8,5.352e-44,8.356e-2,,,4.529e-2,8.307e-22,,2.652e-15,6.799e-2,6.839e-25,9.872e-18,1.245e-15,5.560e-32,1.577e-20,4.370e-26,,1.069e-16,1.819e-19,7.415e-25,3.462e+0,,3.071e-8,1.362e-5,,2.678e-19,1.336e-21,9.770e-1,3.367e-1,1.636e-11,1.306e-19,2.792e-22,4.306e-19,7.435e-16,3.179e+0,1.424e+1,5.899e-19,9.494e-1,5.074e+0,,1.719e-8,,,2.751e+0,,,1.566e-19,,1.225e-18,,7.201e-19,,1.146e-3,,9.244e-18,,2.753e-6,2.028e-16
515.64,3.230e+1,3.154e-21,1.689e-8,5.343e-44,7.857e-2,,,5.752e-2,8.312e-22,,2.651e-15,7.014e-2,6.848e-25,9.871e-18,2.327e-15,5.510e-32,1.577e-20,4.368e-26,,2.140e-16,1.816e-19,4.954e-25,3.100e+0,,2.530e-8,9.500e-6,,2.668e-19,1.337e-21,1.242e+0,3.124e-1,1.411e-11,1.306e-19,2.791e-22,4.300e-19,3.609e-16,3.303e+0,1.465e+1,5.930e-19,7.872e-1,5.707e+0,,1.021e-8,,,2.992e+0,,,1.565e-19,,1.226e-18,,7.201e-19,,8.578e-4,,9.239e-18,,1.737e-6,2.028e-16
515.66,3.311e+1,3.157e-21,1.553e-8,5.337e-44,7.513e-2,,,6.724e-2,8.315e-22,,2.651e-15,7.145e-2,6.854e-25,9.871e-18,3.517e-15,5.477e-32,1.576e-20,4.367e-26,,3.387e-16,1.814e-19,3.772e-25,2.874e+0,,2.215e-8,7.454e-6,,2.662e-19,1.337e-21,1.453e+0,2.974e-1,1.274e-11,1.306e-19,2.791e-22,4.297e-19,2.221e-16,3.384e+0,1.489e+1,5.951e-19,6.923e-1,6.149e+0,,7.253e-9,,,3.154e+0,,,1.564e-19,,1.226e-18,,7.200e-19,,7.046e-4,,9.235e-18,,1.274e-6,2.028e-16
515.69,3.441e+1,3.161e-21,1.364e-8,5.328e-44,6.989e-2,,,8.452e-2,8.319e-22,,2.651e-15,7.321e-2,6.864e-25,9.871e-18,6.501e-15,5.427e-32,1.576e-20,4.366e-26,,6.706e-16,1.811e-19,2.493e-25,2.555e+0,,1.805e-8,5.168e-6,,2.652e-19,1.337e-21,1.830e+0,2.767e-1,1.086e-11,1.306e-19,2.790e-22,4.292e-19,1.067e-16,3.499e+0,1.521e+1,5.982e-19,5.678e-1,6.842e+0,,4.461e-9,,,3.397e+0,,,1.563e-19,,1.226e-18,,7.199e-19,,5.217e-4,,9.229e-18,,7.950e-7,2.029e-16
515.71,3.533e+1,3.164e-21,1.247e-8,5.322e-44,6.636e-2,,,9.811e-2,8.322e-22,,2.650e-15,7.421e-2,6.870e-25,9.871e-18,9.757e-15,5.394e-32,1.576e-20,4.365e-26,,1.054e-15,1.809e-19,1.885e-25,2.357e+0,,1.569e-8,4.050e-6,,2.645e-19,1.338e-21,2.126e+0,2.641e-1,9.734e-12,1.306e-19,2.790e-22,4.288e-19,6.517e-17,3.571e+0,1.540e+1,6.003e-19,4.958e-1,7.321e+0,,3.365e-9,,,3.557e+0,,,1.562e-19,,1.226e-18,,7.199e-19,,4.255e-4,,9.226e-18,,5.786e-7,2.029e-16
515.73,3.630e+1,3.167e-21,1.137e-8,5.316e-44,6.282e-2,,,1.136e-1,8.325e-22,,2.650e-15,7.505e-2,6.876e-25,9.871e-18,1.460e-14,5.360e-32,1.576e-20,4.364e-26,,1.651e-15,1.807e-19,1.421e-25,2.170e+0,,1.360e-8,3.183e-6,,2.639e-19,1.338e-21,2.464e+0,2.522e-1,8.698e-12,1.307e-19,2.789e-22,4.285e-19,6.496e-17,3.637e+0,1.557e+1,6.023e-19,4.316e-1,7.810e+0,,2.713e-9,,,3.716e+0,,,1.561e-19,,1.226e-18,,7.198e-19,,3.460e-4,,9.222e-18,,4.199e-7,2.029e-16
515.76,3.785e+1,3.171e-21,9.855e-9,5.307e-44,5.756e-2,,,1.407e-1,8.329e-22,,2.650e-15,7.599e-2,6.886e-25,9.871e-18,2.659e-14,5.311e-32,1.575e-20,4.363e-26,,3.221e-15,1.805e-19,9.247e-26,1.910e+0,,1.092e-8,2.250e-6,,2.629e-19,1.338e-21,3.057e+0,2.360e-1,7.307e-12,1.307e-19,2.788e-22,4.279e-19,6.463e-17,3.724e+0,1.579e+1,6.054e-19,3.487e-1,8.561e+0,,2.394e-9,,,3.948e+0,,,1.560e-19,,1.226e-18,,7.198e-19,,2.523e-4,,9.217e-18,,2.581e-7,2.029e-16
515.78,3.894e+1,3.174e-21,8.929e-9,5.301e-44,5.410e-2,,,1.618e-1,8.332e-22,,2.649e-15,7.639e-2,6.892e-25,9.871e-18,3.951e-14,5.277e-32,1.575e-20,4.362e-26,,5.010e-15,1.803e-19,6.920e-26,1.749e+0,,9.393e-9,1.821e-6,,2.622e-19,1.339e-21,3.518e+0,2.261e-1,6.483e-12,1.307e-19,2.788e-22,4.276e-19,6.442e-17,3.774e+0,1.591e+1,6.075e-19,3.014e-1,9.068e+0,,2.575e-9,,,4.098e+0,,,1.559e-19,,1.227e-18,,7.197e-19,,2.037e-4,,9.213e-18,,1.860e-7,2.030e-16
515.81,4.067e+1,3.179e-21,7.663e-9,5.292e-44,4.903e-2,,,1.984e-1,8.337e-22,,2.649e-15,7.662e-2,6.901e-25,9.870e-18,7.119e-14,5.228e-32,1.575e-20,4.361e-26,,9.670e-15,1.800e-19,4.456e-26,1.528e+0,,7.458e-9,1.404e-6,,2.612e-19,1.339e-21,4.319e+0,2.127e-1,5.387e-12,1.307e-19,2.787e-22,4.270e-19,6.409e-17,3.833e+0,1.606e+1,6.106e-19,2.408e-1,9.835e+0,,3.482e-9,,,4.314e+0,,,1.558e-19,,1.227e-18,,7.196e-19,,1.469e-4,,9.208e-18,,1.131e-7,2.030e-16
515.83,4.189e+1,3.182e-21,6.898e-9,5.286e-44,4.576e-2,,,2.266e-1,8.340e-22,,2.649e-15,7.653e-2,6.907e-25,9.870e-18,1.050e-13,5.194e-32,1.575e-20,4.360e-26,,1.494e-14,1.798e-19,3.310e-26,1.393e+0,,6.372e-9,1.252e-6,,2.606e-19,1.340e-21,4.935e+0,2.045e-1,4.745e-12,1.307e-19,2.786e-22,4.267e-19,6.388e-17,3.862e+0,1.614e+1,6.127e-19,2.067e-1,1.034e+1,,4.604e-9,,,4.451e+0,,,1.557e-19,,1.227e-18,,7.196e-19,,1.178e-4,,9.204e-18,,8.090e-8,2.030e-16
515.86,4.383e+1,3.186e-21,5.862e-9,5.277e-44,4.103e-2,,,2.751e-1,8.344e-22,,2.648e-15,7.601e-2,6.917e-25,9.870e-18,1.872e-13,5.145e-32,1.574e-20,4.358e-26,,2.853e-14,1.795e-19,2.108e-26,1.208e+0,,5.005e-9,1.189e-6,,2.596e-19,1.340e-21,5.994e+0,1.934e-1,3.901e-12,1.307e-19,2.786e-22,4.262e-19,6.355e-17,3.890e+0,1.624e+1,6.158e-19,1.634e-1,1.110e+1,,7.376e-9,,,4.643e+0,,,1.556e-19,,1.227e-18,,7.195e-19,,8.404e-5,,9.198e-18,,4.867e-8,2.031e-16
515.88,4.519e+1,3.189e-21,5.241e-9,5.270e-44,3.801e-2,,,3.121e-1,8.347e-22,,2.648e-15,7.540e-2,6.923e-25,9.870e-18,2.743e-13,5.111e-32,1.574e-20,4.357e-26,,4.375e-14,1.793e-19,1.555e-26,1.096e+0,,4.245e-9,1.253e-6,,2.589e-19,1.340e-21,6.800e+0,1.868e-1,3.411e-12,1.308e-19,2.785e-22,4.258e-19,6.334e-17,3.897e+0,1.629e+1,6.179e-19,1.392e-1,1.159e+1,,1.024e-8,,,4.762e+0,,,1.555e-19,,1.227e-18,,7.195e-19,,6.687e-5,,9.195e-18,,3.455e-8,2.031e-16
515.91,4.736e+1,3.194e-21,4.409e-9,5.261e-44,3.371e-2,,,3.752e-1,8.351e-22,,2.648e-15,7.412e-2,6.932e-25,9.870e-18,4.838e-13,5.062e-32,1.574e-20,4.356e-26,,8.266e-14,1.790e-19,9.798e-27,9.455e-1,,3.298e-9,1.517e-6,,2.579e-19,1.341e-21,8.172e+0,1.778e-1,2.774e-12,1.308e-19,2.784e-22,4.253e-19,6.301e-17,3.890e+0,1.634e+1,6.210e-19,1.089e-1,1.231e+1,,1.685e-8,,,4.926e+0,,,1.554e-19,,1.227e-18,,7.194e-19,,4.720e-5,,9.189e-18,,2.056e-8,2.031e-16
515.93,4.888e+1,3.196e-21,3.916e-9,5.255e-44,3.101e-2,,,4.228e-1,8.354e-22,,2.647e-15,7.303e-2,6.939e-25,9.870e-18,7.037e-13,5.028e-32,1.574e-20,4.355e-26,,1.259e-13,1.788e-19,7.174e-27,8.558e-1,,2.778e-9,1.819e-6,,2.573e-19,1.341e-21,9.203e+0,1.725e-1,2.408e-12,1.308e-19,2.784e-22,4.249e-19,6.280e-17,3.875e+0,1.636e+1,6.231e-19,9.207e-2,1.277e+1,,2.347e-8,,,5.025e+0,,,1.553e-19,,1.228e-18,,7.193e-19,,3.729e-5,,9.186e-18,,1.450e-8,2.031e-16
515.96,5.131e+1,3.201e-21,3.261e-9,5.246e-44,2.721e-2,,,5.033e-1,8.359e-22,,2.647e-15,7.105e-2,6.948e-25,9.869e-18,1.228e-12,4.979e-32,1.573e-20,4.354e-26,,2.353e-13,1.785e-19,4.471e-27,7.368e-1,,2.135e-9,2.504e-6,,2.563e-19,1.342e-21,1.094e+1,1.655e-1,1.938e-12,1.308e-19,2.783e-22,4.244e-19,6.247e-17,3.836e+0,1.638e+1,6.262e-19,7.123e-2,1.342e+1,,3.844e-8,,,5.156e+0,,,1.552e-19,,1.228e-18,,7.193e-19,,2.604e-5,,9.180e-18,,8.532e-9,2.032e-16
515.98,5.302e+1,3.204e-21,2.876e-9,5.240e-44,2.485e-2,,,5.635e-1,8.362e-22,,2.647e-15,6.951e-2,6.954e-25,9.869e-18,1.774e-12,4.945e-32,1.573e-20,4.353e-26,,3.558e-13,1.783e-19,3.250e-27,6.674e-1,,1.785e-9,3.151e-6,,2.556e-19,1.342e-21,1.224e+1,1.614e-1,1.670e-12,1.308e-19,2.782e-22,4.241e-19,6.226e-17,3.800e+0,1.638e+1,6.283e-19,5.981e-2,1.382e+1,,5.325e-8,,,5.232e+0,,,1.551e-19,,1.228e-18,,7.192e-19,,2.042e-5,,9.177e-18,,5.971e-9,2.032e-16
516.01,5.574e+1,3.208e-21,2.370e-9,5.231e-44,2.157e-2,,,6.644e-1,8.366e-22,,2.646e-15,6.691e-2,6.963e-25,9.869e-18,3.062e-12,4.896e-32,1.573e-20,4.352e-26,,6.582e-13,1.780e-19,2.004e-27,5.780e-1,,1.357e-9,4.498e-6,,2.546e-19,1.342e-21,1.439e+1,1.562e-1,1.329e-12,1.309e-19,2.782e-22,4.235e-19,6.193e-17,3.733e+0,1.637e+1,6.314e-19,4.577e-2,1.438e+1,,8.638e-8,,,5.329e+0,,,1.550e-19,,1.228e-18,,7.191e-19,,1.411e-5,,9.171e-18,,3.477e-9,2.032e-16
516.03,5.765e+1,3.211e-21,2.076e-9,5.225e-44,1.956e-2,,,7.392e-1,8.369e-22,,2.646e-15,6.500e-2,6.970e-25,9.869e-18,4.391e-12,4.862e-32,1.573e-20,4.351e-26,,9.882e-13,1.778e-19,1.446e-27,5.278e-1,,1.126e-9,5.716e-6,,2.540e-19,1.343e-21,1.598e+1,1.534e-1,1.137e-12,1.309e-19,2.781e-22,4.232e-19,6.171e-17,3.679e+0,1.635e+1,6.334e-19,3.816e-2,1.472e+1,,1.188e-7,,,5.382e+0,,,1.549e-19,,1.228e-18,,7.191e-19,,1.098e-5,,9.167e-18,,2.416e-9,2.032e-16
516.06,6.069e+1,3.216e-21,1.694e-9,5.216e-44,1.679e-2,,,8.634e-1,8.373e-22,,2.645e-15,6.191e-2,6.979e-25,9.869e-18,7.501e-12,4.813e-32,1.572e-20,4.349e-26,,1.808e-12,1.775e-19,8.819e-28,4.665e-1,,8.473e-10,8.178e-6,,2.530e-19,1.343e-21,1.859e+1,1.499e-1,8.954e-13,1.309e-19,2.780e-22,4.227e-19,6.139e-17,3.588e+0,1.632e+1,6.365e-19,2.889e-2,1.516e+1,,1.908e-7,,,5.444e+0,,,1.548e-19,,1.228e-18,,7.190e-19,,7.505e-6,,9.162e-18,,1.391e-9,2.033e-16
516.08,6.283e+1,3.219e-21,1.473e-9,5.210e-44,1.512e-2,,,9.546e-1,8.376e-22,,2.645e-15,5.971e-2,6.985e-25,9.869e-18,1.068e-11,4.779e-32,1.572e-20,4.348e-26,,2.696e-12,1.773e-19,6.319e-28,4.348e-1,,6.982e-10,1.036e-5,,2.523e-19,1.343e-21,2.049e+1,1.481e-1,7.607e-13,1.309e-19,2.780e-22,4.223e-19,6.117e-17,3.521e+0,1.628e+1,6.386e-19,2.391e-2,1.542e+1,,2.606e-7,,,5.475e+0,,,1.547e-19,,1.229e-18,,7.190e-19,,5.801e-6,,9.158e-18,,9.596e-10,2.033e-16
516.1,6.506e+1,3.221e-21,1.278e-9,5.204e-44,1.357e-2,,,1.053e+0,8.379e-22,,2.645e-15,5.743e-2,6.992e-25,9.869e-18,1.516e-11,4.746e-32,1.572e-20,4.348e-26,,4.007e-12,1.771e-19,4.514e-28,4.105e-1,,5.737e-10,1.310e-5,,2.517e-19,1.344e-21,2.253e+1,1.467e-1,6.444e-13,1.309e-19,2.779e-22,4.220e-19,6.096e-17,3.450e+0,1.624e+1,6.407e-19,1.973e-2,1.564e+1,,3.550e-7,,,5.497e+0,,,1.546e-19,,1.229e-18,,7.189e-19,,4.472e-6,,9.155e-18,,6.600e-10,2.033e-16
516.13,6.858e+1,3.226e-21,1.027e-9,5.195e-44,1.148e-2,,,1.214e+0,8.384e-22,,2.644e-15,5.389e-2,7.001e-25,9.868e-18,2.552e-11,4.696e-32,1.572e-20,4.346e-26,,7.225e-12,1.768e-19,2.711e-28,3.880e-1,,4.250e-10,1.854e-5,,2.507e-19,1.344e-21,2.582e+1,1.454e-1,4.997e-13,1.309e-19,2.778e-22,4.214e-19,6.063e-17,3.338e+0,1.616e+1,6.438e-19,1.471e-2,1.591e+1,,5.614e-7,,,5.515e+0,,,1.545e-19,,1.229e-18,,7.188e-19,,3.009e-6,,9.149e-18,,3.744e-10,2.034e-16
516.15,7.104e+1,3.229e-21,8.846e-10,5.189e-44,1.023e-2,,,1.331e+0,8.387e-22,,2.644e-15,5.146e-2,7.007e-25,9.868e-18,3.598e-11,4.663e-32,1.571e-20,4.345e-26,,1.066e-11,1.766e-19,1.923e-28,3.826e-1,,3.467e-10,2.329e-5,,2.500e-19,1.345e-21,2.818e+1,1.451e-1,4.202e-13,1.309e-19,2.778e-22,4.211e-19,6.042e-17,3.260e+0,1.610e+1,6.459e-19,1.206e-2,1.605e+1,,7.593e-7,,,5.518e+0,,,1.544e-19,,1.229e-18,,7.188e-19,,2.303e-6,,9.146e-18,,2.556e-10,2.034e-16
516.18,7.491e+1,3.233e-21,7.035e-10,5.180e-44,8.558e-3,,,1.522e+0,8.391e-22,,2.644e-15,4.777e-2,7.016e-25,9.868e-18,5.990e-11,4.613e-32,1.571e-20,4.344e-26,,1.902e-11,1.763e-19,1.142e-28,3.896e-1,,2.541e-10,3.263e-5,,2.490e-19,1.345e-21,3.195e+1,1.453e-1,3.224e-13,1.310e-19,2.777e-22,4.206e-19,6.009e-17,3.142e+0,1.599e+1,6.490e-19,8.892e-3,1.620e+1,,1.188e-6,,,5.508e+0,,,1.543e-19,,1.229e-18,,7.187e-19,,1.533e-6,,9.140e-18,,1.434e-10,2.034e-16
516.2,7.761e+1,3.236e-21,6.017e-10,5.174e-44,7.571e-3,,,1.659e+0,8.394e-22,,2.643e-15,4.529e-2,7.023e-25,9.868e-18,8.384e-11,4.580e-32,1.571e-20,4.343e-26,,2.788e-11,1.761e-19,8.045e-29,4.049e-1,,2.058e-10,4.071e-5,,2.484e-19,1.345e-21,3.462e+1,1.459e-1,2.692e-13,1.310e-19,2.777e-22,4.202e-19,5.988e-17,3.063e+0,1.590e+1,6.511e-19,7.234e-3,1.626e+1,,1.595e-6,,,5.494e+0,,,1.542e-19,,1.229e-18,,7.186e-19,,1.165e-6,,9.136e-18,,9.722e-11,2.034e-16
516.23,8.182e+1,3.241e-21,4.734e-10,5.165e-44,6.267e-3,,,1.880e+0,8.399e-22,,2.643e-15,4.159e-2,7.032e-25,9.868e-18,1.381e-10,4.530e-32,1.571e-20,4.342e-26,,4.920e-11,1.758e-19,4.728e-29,4.448e-1,,1.492e-10,5.642e-5,,2.474e-19,1.346e-21,3.884e+1,1.473e-1,2.043e-13,1.310e-19,2.776e-22,4.197e-19,5.955e-17,2.946e+0,1.574e+1,6.542e-19,5.278e-3,1.630e+1,,2.470e-6,,,5.463e+0,,,1.540e-19,,1.229e-18,,7.186e-19,,7.670e-7,,9.131e-18,,5.396e-11,2.035e-16
516.25,8.473e+1,3.244e-21,4.020e-10,5.159e-44,5.505e-3,,,2.038e+0,8.401e-22,,2.643e-15,3.915e-2,7.038e-25,9.868e-18,1.920e-10,4.497e-32,1.570e-20,4.341e-26,,7.159e-11,1.756e-19,3.305e-29,4.838e-1,,1.200e-10,6.989e-5,,2.467e-19,1.346e-21,4.179e+1,1.487e-1,1.693e-13,1.310e-19,2.775e-22,4.193e-19,5.934e-17,2.870e+0,1.561e+1,6.562e-19,4.263e-3,1.630e+1,,3.293e-6,,,5.435e+0,,,1.540e-19,,1.230e-18,,7.185e-19,,5.785e-7,,9.127e-18,,3.631e-11,2.035e-16
516.28,8.924e+1,3.248e-21,3.130e-10,5.150e-44,4.508e-3,,,2.292e+0,8.406e-22,,2.642e-15,3.557e-2,7.048e-25,9.867e-18,3.129e-10,4.447e-32,1.570e-20,4.339e-26,,1.250e-10,1.753e-19,1.921e-29,5.625e-1,,8.603e-11,9.584e-5,,2.457e-19,1.347e-21,4.638e+1,1.513e-1,1.271e-13,1.310e-19,2.774e-22,4.188e-19,5.901e-17,2.761e+0,1.540e+1,6.593e-19,3.077e-3,1.627e+1,,5.043e-6,,,5.385e+0,,,1.538e-19,,1.230e-18,,7.184e-19,,3.769e-7,,9.122e-18,,1.994e-11,2.035e-16
516.3,9.234e+1,3.251e-21,2.639e-10,5.144e-44,3.931e-3,,,2.471e+0,8.409e-22,,2.642e-15,3.324e-2,7.054e-25,9.867e-18,4.318e-10,7.229e-32,1.570e-20,4.339e-26,,1.806e-10,1.751e-19,1.333e-29,6.299e-1,,6.867e-11,1.179e-4,,2.451e-19,1.347e-21,4.954e+1,1.532e-1,1.046e-13,1.311e-19,2.774e-22,4.184e-19,5.880e-17,2.693e+0,1.523e+1,6.614e-19,2.467e-3,1.624e+1,,6.677e-6,,,5.347e+0,,,1.538e-19,,1.230e-18,,7.184e-19,,2.822e-7,,9.118e-18,,1.332e-11,2.036e-16
516.33,9.711e+1,3.255e-21,2.033e-10,5.135e-44,3.184e-3,,,2.757e+0,8.413e-22,,2.641e-15,2.987e-2,7.063e-25,9.867e-18,6.962e-10,1.490e-31,1.570e-20,4.337e-26,,3.121e-10,1.749e-19,7.667e-30,7.556e-1,,4.872e-11,1.599e-4,,2.441e-19,1.347e-21,5.439e+1,1.566e-1,7.768e-14,1.311e-19,2.773e-22,4.179e-19,5.847e-17,2.598e+0,1.496e+1,6.645e-19,1.762e-3,1.618e+1,,1.012e-5,,,5.283e+0,,,1.536e-19,,1.230e-18,,7.183e-19,,1.819e-7,,9.113e-18,,7.234e-12,2.036e-16
516.35,1.004e+2,3.258e-21,1.702e-10,5.129e-44,2.757e-3,,,2.958e+0,8.416e-22,,2.641e-15,2.772e-2,7.069e-25,9.867e-18,9.540e-10,2.405e-31,1.569e-20,4.336e-26,,4.477e-10,1.747e-19,5.283e-30,8.577e-1,,3.861e-11,1.953e-4,,2.434e-19,1.348e-21,5.768e+1,1.590e-1,6.347e-14,1.311e-19,2.773e-22,4.176e-19,5.825e-17,2.540e+0,1.475e+1,6.666e-19,1.402e-3,1.614e+1,,1.330e-5,,,5.236e+0,,,1.535e-19,,1.230e-18,,7.183e-19,,1.352e-7,,9.109e-18,,4.798e-12,2.036e-16
516.38,1.053e+2,3.263e-21,1.297e-10,5.120e-44,2.209e-3,,,3.276e+0,8.421e-22,,2.641e-15,2.465e-2,7.079e-25,9.867e-18,1.522e-9,4.906e-31,1.569e-20,4.335e-26,,7.652e-10,1.744e-19,3.005e-30,1.041e+0,,2.710e-11,2.622e-4,,2.424e-19,1.348e-21,6.266e+1,1.627e-1,4.663e-14,1.311e-19,2.772e-22,4.170e-19,5.793e-17,2.463e+0,1.440e+1,6.697e-19,9.906e-4,1.612e+1,,1.994e-5,,,5.162e+0,,,1.534e-19,,1.230e-18,,7.182e-19,,8.618e-8,,9.104e-18,,2.577e-12,2.036e-16
516.4,1.086e+2,3.266e-21,1.078e-10,5.114e-44,1.899e-3,,,3.499e+0,8.424e-22,,2.640e-15,2.271e-2,7.085e-25,9.867e-18,2.071e-9,7.863e-31,1.569e-20,4.334e-26,,1.090e-9,1.742e-19,2.056e-30,1.186e+0,,2.132e-11,3.179e-4,,2.418e-19,1.348e-21,6.598e+1,1.653e-1,3.783e-14,1.311e-19,2.771e-22,4.167e-19,5.771e-17,2.418e+0,1.414e+1,6.718e-19,7.829e-4,1.613e+1,,2.602e-5,,,5.109e+0,,,1.533e-19,,1.231e-18,,7.181e-19,,6.361e-8,,9.100e-18,,1.697e-12,2.037e-16
516.43,1.137e+2,3.270e-21,8.125e-11,5.104e-44,1.505e-3,,,3.848e+0,8.428e-22,,2.640e-15,1.997e-2,7.094e-25,9.866e-18,3.268e-9,1.587e-30,1.569e-20,4.333e-26,,1.844e-9,1.739e-19,1.157e-30,1.441e+0,,1.480e-11,4.221e-4,,2.408e-19,1.349e-21,7.090e+1,1.691e-1,2.749e-14,1.311e-19,2.771e-22,4.162e-19,5.739e-17,2.360e+0,1.371e+1,6.749e-19,5.472e-4,1.620e+1,,3.860e-5,,,5.025e+0,,,1.532e-19,,1.231e-18,,7.181e-19,,4.011e-8,,9.094e-18,,9.018e-13,2.037e-16
516.45,1.171e+2,3.273e-21,6.706e-11,5.098e-44,1.285e-3,,,4.092e+0,8.431e-22,,2.640e-15,1.827e-2,7.101e-25,9.866e-18,4.415e-9,2.525e-30,1.568e-20,4.332e-26,,2.608e-9,1.737e-19,7.854e-31,1.638e+0,,1.156e-11,5.082e-4,,2.401e-19,1.349e-21,7.412e+1,1.716e-1,2.214e-14,1.312e-19,2.770e-22,4.158e-19,5.717e-17,2.329e+0,1.341e+1,6.770e-19,4.295e-4,1.631e+1,,5.002e-5,,,4.967e+0,,,1.531e-19,,1.231e-18,,7.180e-19,,2.939e-8,,9.091e-18,,5.895e-13,2.037e-16
516.47,1.204e+2,3.276e-21,5.519e-11,5.092e-44,1.093e-3,,,4.343e+0,8.434e-22,,2.639e-15,1.666e-2,7.107e-25,9.866e-18,5.948e-9,4.007e-30,1.568e-20,4.331e-26,,3.678e-9,1.735e-19,5.318e-31,1.860e+0,,9.007e-12,6.100e-4,,2.395e-19,1.350e-21,7.727e+1,1.740e-1,1.778e-14,1.312e-19,2.769e-22,4.155e-19,5.696e-17,2.304e+0,1.308e+1,6.790e-19,3.362e-4,1.647e+1,,6.464e-5,,,4.906e+0,,,1.530e-19,,1.231e-18,,7.180e-19,,2.147e-8,,9.087e-18,,3.843e-13,2.037e-16
516.5,1.254e+2,3.280e-21,4.098e-11,5.083e-44,8.537e-4,,,4.734e+0,8.438e-22,,2.639e-15,1.444e-2,7.116e-25,9.866e-18,9.249e-9,7.968e-30,1.568e-20,4.330e-26,,6.128e-9,1.732e-19,2.947e-31,2.240e+0,,6.159e-12,7.981e-4,,2.385e-19,1.350e-21,8.179e+1,1.773e-1,1.273e-14,1.312e-19,2.769e-22,4.149e-19,5.663e-17,2.276e+0,1.257e+1,6.822e-19,2.317e-4,1.683e+1,,9.446e-5,,,4.811e+0,,,1.529e-19,,1.231e-18,,7.179e-19,,1.334e-8,,9.082e-18,,2.011e-13,2.038e-16
516.52,1.288e+2,3.283e-21,3.349e-11,5.077e-44,7.213e-4,,,5.004e+0,8.441e-22,,2.639e-15,1.307e-2,7.122e-25,9.866e-18,1.237e-8,1.256e-29,1.568e-20,4.329e-26,,8.581e-9,1.730e-19,1.981e-31,2.529e+0,,4.763e-12,9.512e-4,,2.378e-19,1.350e-21,8.466e+1,1.793e-1,1.015e-14,1.312e-19,2.768e-22,4.146e-19,5.642e-17,2.265e+0,1.220e+1,6.842e-19,1.804e-4,1.716e+1,,1.212e-4,,,4.745e+0,,,1.528e-19,,1.231e-18,,7.178e-19,,9.673e-9,,9.078e-18,,1.301e-13,2.038e-16
516.55,1.336e+2,3.288e-21,2.460e-11,5.068e-44,5.571e-4,,,5.422e+0,8.446e-22,,2.638e-15,1.120e-2,7.132e-25,9.866e-18,1.903e-8,2.470e-29,1.567e-20,4.327e-26,,1.415e-8,1.727e-19,1.086e-31,3.020e+0,,3.221e-12,1.231e-3,,2.368e-19,1.351e-21,8.866e+1,1.817e-1,7.184e-15,1.312e-19,2.767e-22,4.141e-19,5.609e-17,2.259e+0,1.162e+1,6.873e-19,1.236e-4,1.783e+1,,1.752e-4,,,4.641e+0,,,1.527e-19,,1.232e-18,,7.178e-19,,5.943e-9,,9.073e-18,,6.737e-14,2.038e-16
516.57,1.368e+2,3.291e-21,1.996e-11,5.062e-44,4.673e-4,,,5.709e+0,8.449e-22,,2.638e-15,1.007e-2,7.138e-25,9.866e-18,2.527e-8,3.865e-29,1.567e-20,4.326e-26,,1.967e-8,1.725e-19,7.249e-32,3.389e+0,,2.473e-12,1.457e-3,,2.362e-19,1.351e-21,9.111e+1,1.831e-1,5.687e-15,1.312e-19,2.767e-22,4.137e-19,5.588e-17,2.262e+0,1.122e+1,6.894e-19,9.615e-5,1.839e+1,,2.232e-4,,,4.568e+0,,,1.526e-19,,1.232e-18,,7.177e-19,,4.280e-9,,9.069e-18,,4.328e-14,2.039e-16
516.6,1.415e+2,3.295e-21,1.450e-11,5.053e-44,3.571e-4,,,6.151e+0,8.453e-22,,2.638e-15,8.541e-3,7.147e-25,9.865e-18,3.847e-8,7.523e-29,1.567e-20,4.325e-26,,3.208e-8,1.722e-19,3.931e-32,4.007e+0,,1.655e-12,1.866e-3,,2.352e-19,1.352e-21,9.439e+1,1.845e-1,3.983e-15,1.313e-19,2.766e-22,4.132e-19,1.163e-16,2.277e+0,1.060e+1,6.925e-19,6.650e-5,1.945e+1,,3.193e-4,,,4.454e+0,,,1.525e-19,,1.232e-18,,7.176e-19,,2.601e-9,,9.063e-18,,2.216e-14,2.039e-16
516.62,1.446e+2,3.298e-21,1.168e-11,5.047e-44,2.974e-4,,,6.453e+0,8.456e-22,,2.637e-15,7.624e-3,7.154e-25,9.865e-18,5.073e-8,1.169e-28,1.567e-20,4.324e-26,,4.429e-8,1.720e-19,2.604e-32,4.465e+0,,1.261e-12,2.192e-3,,2.345e-19,1.352e-21,9.631e+1,1.850e-1,3.130e-15,1.313e-19,2.766e-22,4.128e-19,1.890e-16,2.294e+0,1.018e+1,6.946e-19,5.270e-5,2.030e+1,,4.039e-4,,,4.375e+0,,,1.524e-19,,1.232e-18,,7.176e-19,,1.860e-9,,9.060e-18,,1.413e-14,2.039e-16
516.65,1.490e+2,3.302e-21,8.398e-12,5.038e-44,2.248e-4,,,6.915e+0,8.460e-22,,2.637e-15,6.395e-3,7.163e-25,9.865e-18,7.641e-8,2.251e-28,1.566e-20,4.323e-26,,7.148e-8,1.717e-19,1.397e-32,5.225e+0,,8.350e-13,2.778e-3,,2.335e-19,1.352e-21,9.872e+1,1.852e-1,2.169e-15,1.313e-19,2.765e-22,4.123e-19,3.892e-16,2.331e+0,9.529e+0,6.977e-19,3.883e-5,2.182e+1,,5.715e-4,,,4.249e+0,,,1.523e-19,,1.232e-18,,7.175e-19,,1.118e-9,,9.054e-18,,7.160e-15,2.039e-16
516.67,1.518e+2,3.305e-21,6.715e-12,5.032e-44,1.859e-4,,,7.229e+0,8.463e-22,,2.637e-15,5.667e-3,7.169e-25,9.865e-18,1.000e-7,3.472e-28,1.566e-20,4.322e-26,,9.799e-8,1.715e-19,9.189e-33,5.782e+0,,6.319e-13,3.240e-3,,2.329e-19,1.353e-21,1.000e+2,1.849e-1,1.692e-15,1.313e-19,2.764e-22,4.120e-19,6.278e-16,2.362e+0,9.093e+0,6.998e-19,3.330e-5,2.300e+1,,7.178e-4,,,4.162e+0,,,1.522e-19,,1.232e-18,,7.175e-19,,7.935e-10,,9.051e-18,,4.533e-15,2.040e-16
516.7,1.559e+2,3.310e-21,4.776e-12,5.023e-44,1.390e-4,,,7.707e+0,8.468e-22,,2.636e-15,4.703e-3,7.179e-25,9.865e-18,1.491e-7,6.616e-28,1.566e-20,4.320e-26,,1.564e-7,1.712e-19,4.875e-33,6.696e+0,,4.137e-13,4.062e-3,,2.319e-19,1.353e-21,1.014e+2,1.837e-1,1.160e-15,1.313e-19,2.763e-22,4.114e-19,1.279e-15,2.421e+0,8.437e+0,7.029e-19,2.972e-5,2.504e+1,,1.005e-3,,,4.024e+0,,,1.521e-19,,1.233e-18,,7.174e-19,,4.719e-10,,9.045e-18,,2.272e-15,2.040e-16
516.72,1.586e+2,3.313e-21,3.792e-12,5.017e-44,1.141e-4,,,8.029e+0,8.471e-22,,2.636e-15,4.138e-3,7.185e-25,9.865e-18,1.938e-7,1.013e-27,1.566e-20,4.320e-26,,2.129e-7,1.710e-19,3.184e-33,7.358e+0,,3.109e-13,4.705e-3,,2.312e-19,1.353e-21,1.020e+2,1.825e-1,8.986e-16,1.313e-19,2.763e-22,4.111e-19,2.049e-15,2.468e+0,8.002e+0,7.050e-19,3.029e-5,2.659e+1,,1.253e-3,,,3.928e+0,,,1.520e-19,,1.233e-18,,7.173e-19,,3.325e-10,,9.042e-18,,1.428e-15,2.040e-16
516.75,1.623e+2,3.317e-21,2.668e-12,5.008e-44,8.440e-5,,,8.516e+0,8.475e-22,,2.635e-15,3.397e-3,7.194e-25,9.864e-18,2.857e-7,1.911e-27,1.565e-20,4.318e-26,,3.364e-7,1.707e-19,1.671e-33,8.431e+0,,2.014e-13,5.834e-3,,2.302e-19,1.354e-21,1.023e+2,1.801e-1,6.093e-16,1.314e-19,2.762e-22,4.105e-19,4.132e-15,2.551e+0,7.358e+0,7.081e-19,3.572e-5,2.920e+1,,1.736e-3,,,3.778e+0,,,1.519e-19,,1.233e-18,,7.173e-19,,1.956e-10,,9.036e-18,,7.077e-16,2.041e-16
516.77,1.648e+2,3.320e-21,2.103e-12,5.002e-44,6.879e-5,,,8.842e+0,8.478e-22,,2.635e-15,2.967e-3,7.200e-25,9.864e-18,3.687e-7,2.906e-27,1.565e-20,4.317e-26,,4.546e-7,1.705e-19,1.084e-33,9.198e+0,,1.502e-13,6.710e-3,,2.296e-19,1.354e-21,1.022e+2,1.781e-1,4.686e-16,1.314e-19,2.762e-22,4.102e-19,6.573e-15,2.616e+0,6.937e+0,7.101e-19,4.279e-5,3.113e+1,,2.150e-3,,,3.673e+0,,,1.518e-19,,1.233e-18,,7.172e-19,,1.369e-10,,9.032e-18,,4.416e-16,2.041e-16
516.8,1.682e+2,3.324e-21,1.464e-12,4.993e-44,5.034e-5,,,9.330e+0,8.482e-22,,2.635e-15,2.410e-3,7.210e-25,9.864e-18,5.379e-7,5.421e-27,1.565e-20,4.316e-26,,7.106e-7,1.702e-19,5.632e-34,1.043e+1,,9.623e-14,8.232e-3,,2.286e-19,1.355e-21,1.014e+2,1.746e-1,3.143e-16,1.314e-19,2.761e-22,4.097e-19,1.311e-14,2.729e+0,6.322e+0,7.133e-19,5.983e-5,3.431e+1,,2.946e-3,,,3.511e+0,,,1.517e-19,,1.233e-18,,7.171e-19,,7.964e-11,,9.027e-18,,2.165e-16,2.041e-16
516.82,1.704e+2,3.327e-21,1.146e-12,4.987e-44,4.073e-5,,,9.653e+0,8.485e-22,,2.634e-15,2.090e-3,7.216e-25,9.864e-18,6.893e-7,8.187e-27,1.565e-20,4.315e-26,,9.536e-7,1.700e-19,3.631e-34,1.130e+1,,7.127e-14,9.401e-3,,2.279e-19,1.355e-21,1.005e+2,1.720e-1,2.400e-16,1.314e-19,2.760e-22,4.093e-19,2.071e-14,2.816e+0,5.926e+0,7.153e-19,7.662e-5,3.662e+1,,3.622e-3,,,3.399e+0,,,1.516e-19,,1.233e-18,,7.171e-19,,5.531e-11,,9.023e-18,,1.341e-16,2.041e-16
516.84,1.726e+2,3.330e-21,8.939e-13,4.981e-44,3.286e-5,,,9.974e+0,8.488e-22,,2.634e-15,1.807e-3,7.222e-25,9.864e-18,8.809e-7,1.233e-26,1.564e-20,4.314e-26,,1.276e-6,1.698e-19,2.341e-34,1.220e+1,,5.262e-14,1.070e-2,,2.273e-19,1.355e-21,9.939e+1,1.691e-1,1.827e-16,1.314e-19,2.760e-22,4.090e-19,3.261e-14,2.912e+0,5.544e+0,7.174e-19,9.903e-5,3.908e+1,,4.440e-3,,,3.285e+0,,,1.515e-19,,1.233e-18,,7.170e-19,,3.831e-11,,9.020e-18,,8.287e-17,2.042e-16
516.87,1.756e+2,3.335e-21,6.128e-13,4.972e-44,2.369e-5,,,1.045e+1,8.493e-22,,2.634e-15,1.446e-3,7.232e-25,9.864e-18,1.266e-6,2.266e-26,1.564e-20,4.313e-26,,1.965e-6,1.695e-19,1.224e-34,1.363e+1,,3.321e-14,1.294e-2,,2.263e-19,1.356e-21,9.717e+1,1.646e-1,1.207e-16,1.314e-19,2.759e-22,4.084e-19,6.411e-14,3.077e+0,4.998e+0,7.205e-19,1.465e-4,4.302e+1,,5.995e-3,,,3.109e+0,,,1.514e-19,,1.234e-18,,7.170e-19,,2.196e-11,,9.014e-18,,4.001e-17,2.042e-16
516.89,1.776e+2,3.338e-21,4.748e-13,4.966e-44,1.897e-5,,,1.075e+1,8.496e-22,,2.633e-15,1.241e-3,7.238e-25,9.863e-18,1.606e-6,3.388e-26,1.564e-20,4.312e-26,,2.611e-6,1.693e-19,8.141e-35,1.461e+1,,2.435e-14,1.463e-2,,2.256e-19,1.356e-21,9.538e+1,1.614e-1,9.124e-17,1.315e-19,2.758e-22,4.081e-19,1.002e-13,3.203e+0,4.655e+0,7.226e-19,1.904e-4,4.581e+1,,7.297e-3,,,2.990e+0,,,1.513e-19,,1.234e-18,,7.169e-19,,1.510e-11,,9.010e-18,,2.454e-17,2.042e-16
516.92,1.804e+2,3.342e-21,3.220e-13,4.957e-44,1.353e-5,,,1.120e+1,8.500e-22,,2.633e-15,9.824e-4,7.247e-25,9.863e-18,2.284e-6,6.162e-26,1.564e-20,4.311e-26,,3.977e-6,1.691e-19,4.965e-35,1.615e+1,,1.520e-14,1.749e-2,,2.246e-19,1.356e-21,9.226e+1,1.566e-1,5.963e-17,1.315e-19,2.758e-22,4.076e-19,1.950e-13,3.415e+0,4.176e+0,7.257e-19,2.814e-4,5.020e+1,,9.748e-3,,,2.808e+0,,,1.512e-19,,1.234e-18,,7.168e-19,,8.565e-12,,9.005e-18,,1.172e-17,2.043e-16
516.94,1.822e+2,3.345e-21,2.477e-13,4.950e-44,1.076e-5,,,1.149e+1,8.503e-22,,2.633e-15,8.375e-4,7.253e-25,9.863e-18,2.877e-6,9.148e-26,1.563e-20,4.310e-26,,5.247e-6,1.689e-19,4.211e-35,1.720e+1,,1.106e-14,1.963e-2,,2.240e-19,1.357e-21,8.991e+1,1.534e-1,4.475e-17,1.315e-19,2.757e-22,4.072e-19,3.027e-13,3.575e+0,3.882e+0,7.278e-19,3.641e-4,5.326e+1,,1.178e-2,,,2.685e+0,,,1.511e-19,,1.234e-18,,7.168e-19,,5.852e-12,,9.001e-18,,1.087e-17,2.043e-16
516.97,1.847e+2,3.350e-21,1.662e-13,4.941e-44,7.590e-6,,,1.190e+1,8.508e-22,,2.632e-15,6.556e-4,7.263e-25,9.863e-18,4.048e-6,1.646e-25,1.563e-20,4.308e-26,,7.909e-6,1.686e-19,4.727e-35,1.880e+1,,6.832e-15,2.323e-2,,2.230e-19,1.357e-21,8.603e+1,1.486e-1,2.893e-17,1.315e-19,2.756e-22,4.067e-19,5.826e-13,3.844e+0,3.483e+0,7.309e-19,5.336e-4,5.799e+1,,1.557e-2,,,2.501e+0,,,1.510e-19,,1.234e-18,,7.167e-19,,3.294e-12,,8.996e-18,,9.589e-18,2.043e-16
516.99,1.864e+2,3.352e-21,1.269e-13,4.935e-44,5.993e-6,,,1.215e+1,8.510e-22,,2.632e-15,5.549e-4,7.269e-25,9.863e-18,5.064e-6,2.427e-25,1.563e-20,4.307e-26,,1.036e-5,1.684e-19,6.258e-35,1.987e+1,,4.937e-15,2.589e-2,,2.223e-19,1.358e-21,8.324e+1,1.457e-1,2.156e-17,1.315e-19,2.756e-22,4.063e-19,8.982e-13,4.044e+0,3.246e+0,7.329e-19,6.861e-4,6.122e+1,,1.868e-2,,,2.379e+0,,,1.509e-19,,1.234e-18,,7.167e-19,,2.247e-12,,8.992e-18,,8.736e-18,2.043e-16
517.02,1.887e+2,3.357e-21,8.422e-14,4.926e-44,4.182e-6,,,1.250e+1,8.515e-22,,2.632e-15,4.297e-4,7.278e-25,9.863e-18,7.047e-6,4.320e-25,1.563e-20,4.306e-26,,1.545e-5,1.681e-19,1.106e-34,2.149e+1,,3.016e-15,3.030e-2,,2.213e-19,1.358e-21,7.880e+1,1.415e-1,1.379e-17,1.316e-19,2.755e-22,4.058e-19,1.710e-12,4.378e+0,2.939e+0,7.361e-19,9.954e-4,6.614e+1,,2.443e-2,,,2.196e+0,,,1.507e-19,,1.235e-18,,7.166e-19,,1.280e-12,,8.987e-18,,7.457e-18,2.044e-16
517.04,1.901e+2,3.360e-21,6.386e-14,4.920e-44,3.278e-6,,,1.272e+1,8.518e-22,,2.631e-15,3.611e-4,7.284e-25,9.863e-18,8.753e-6,6.324e-25,1.562e-20,4.305e-26,,2.010e-5,1.679e-19,1.683e-34,2.256e+1,,2.164e-15,3.353e-2,,2.207e-19,1.358e-21,7.570e+1,1.390e-1,1.020e-17,1.316e-19,2.754e-22,4.055e-19,2.618e-12,4.625e+0,2.768e+0,7.381e-19,1.271e-3,6.944e+1,,2.911e-2,,,2.076e+0,,,1.507e-19,,1.235e-18,,7.165e-19,,9.014e-13,,8.983e-18,,6.604e-18,2.044e-16
517.07,1.921e+2,3.364e-21,4.193e-14,4.911e-44,2.263e-6,,,1.301e+1,8.522e-22,,2.631e-15,2.767e-4,7.294e-25,9.862e-18,1.205e-5,1.114e-24,1.562e-20,4.304e-26,,2.965e-5,1.676e-19,3.204e-34,2.414e+1,,1.308e-15,3.883e-2,,2.197e-19,1.359e-21,7.090e+1,1.359e-1,6.452e-18,1.316e-19,2.754e-22,4.049e-19,4.933e-12,5.033e+0,2.566e+0,7.412e-19,1.825e-3,7.435e+1,,3.766e-2,,,1.899e+0,,,1.505e-19,,1.235e-18,,7.165e-19,,5.878e-13,,8.978e-18,,5.324e-18,2.044e-16
517.09,1.933e+2,3.367e-21,3.156e-14,4.905e-44,1.761e-6,,,1.317e+1,8.525e-22,,2.631e-15,2.308e-4,7.300e-25,9.862e-18,1.487e-5,1.619e-24,1.562e-20,4.303e-26,,3.829e-5,1.674e-19,4.928e-34,2.516e+1,,9.314e-16,4.267e-2,,2.190e-19,1.359e-21,6.763e+1,1.342e-1,4.738e-18,1.316e-19,2.753e-22,4.046e-19,7.498e-12,5.330e+0,2.470e+0,7.433e-19,2.314e-3,7.758e+1,,4.455e-2,,,1.784e+0,,,1.505e-19,,1.235e-18,,7.164e-19,,5.022e-13,,8.974e-18,,4.471e-18,2.044e-16
517.12,1.950e+2,3.372e-21,2.050e-14,4.896e-44,1.203e-6,,,1.338e+1,8.530e-22,,2.630e-15,1.749e-4,7.309e-25,9.862e-18,2.025e-5,2.822e-24,1.562e-20,4.302e-26,,5.590e-5,1.671e-19,9.372e-34,2.663e+1,,5.568e-16,4.888e-2,,2.180e-19,1.360e-21,6.266e+1,1.323e-1,2.965e-18,1.316e-19,2.752e-22,4.041e-19,1.398e-11,5.815e+0,2.390e+0,7.464e-19,3.287e-3,8.228e+1,,5.703e-2,,,1.617e+0,,,1.503e-19,,1.235e-18,,7.163e-19,,5.248e-13,,8.969e-18,,3.192e-18,2.045e-16
517.14,1.960e+2,3.375e-21,1.532e-14,4.890e-44,9.294e-7,,,1.349e+1,8.533e-22,,2.630e-15,1.449e-4,7.316e-25,9.862e-18,2.480e-5,4.073e-24,1.561e-20,4.301e-26,,7.169e-5,1.669e-19,1.434e-33,2.756e+1,,3.937e-16,5.333e-2,,2.174e-19,1.360e-21,5.934e+1,1.316e-1,2.162e-18,1.316e-19,2.752e-22,4.037e-19,2.110e-11,6.165e+0,2.383e+0,7.485e-19,4.138e-3,8.529e+1,,6.699e-2,,,1.509e+0,,,1.502e-19,,1.235e-18,,7.163e-19,,6.428e-13,,8.965e-18,,2.339e-18,2.045e-16
517.17,1.972e+2,3.379e-21,9.843e-15,4.881e-44,6.279e-7,,,1.361e+1,8.537e-22,,2.629e-15,1.087e-4,7.325e-25,9.862e-18,3.343e-5,7.024e-24,1.561e-20,4.299e-26,,1.035e-4,1.666e-19,2.701e-33,2.886e+1,,2.329e-16,6.044e-2,,2.164e-19,1.360e-21,5.439e+1,1.314e-1,1.339e-18,1.317e-19,2.751e-22,4.032e-19,3.892e-11,6.729e+0,2.447e+0,7.516e-19,5.815e-3,8.957e+1,,8.483e-2,,,1.355e+0,,,1.501e-19,,1.236e-18,,7.162e-19,,1.016e-12,,8.959e-18,,1.060e-18,2.045e-16
517.19,1.979e+2,3.382e-21,7.303e-15,4.875e-44,4.817e-7,,,1.365e+1,8.540e-22,,2.629e-15,8.935e-5,7.331e-25,9.862e-18,4.064e-5,1.007e-23,1.561e-20,4.298e-26,,1.318e-4,1.664e-19,4.105e-33,2.966e+1,,1.635e-16,6.547e-2,,2.157e-19,1.361e-21,5.114e+1,1.318e-1,9.689e-19,1.317e-19,2.751e-22,4.028e-19,5.832e-11,7.131e+0,2.544e+0,7.537e-19,7.270e-3,9.223e+1,,9.895e-2,,,1.256e+0,,,1.500e-19,,1.236e-18,,7.161e-19,,1.448e-12,,8.956e-18,,2.066e-19,2.046e-16
517.22,1.987e+2,3.386e-21,4.642e-15,4.866e-44,3.219e-7,,,1.368e+1,8.544e-22,,2.629e-15,6.628e-5,7.341e-25,9.861e-18,5.420e-5,1.717e-23,1.561e-20,4.297e-26,,1.884e-4,1.661e-19,7.651e-33,3.072e+1,,9.563e-17,7.342e-2,,2.147e-19,1.361e-21,4.638e+1,1.333e-1,5.935e-19,1.317e-19,2.750e-22,4.023e-19,1.064e-10,7.769e+0,2.781e+0,7.568e-19,1.011e-2,9.587e+1,,1.240e-1,,,1.116e+0,,,1.499e-19,,1.236e-18,,7.161e-19,,2.522e-12,,8.950e-18,,4.285e-19,2.046e-16
517.24,1.990e+2,3.389e-21,3.419e-15,4.860e-44,2.452e-7,,,1.366e+1,8.547e-22,,2.628e-15,5.412e-5,7.347e-25,9.861e-18,6.544e-5,2.444e-23,1.560e-20,4.296e-26,,2.382e-4,1.659e-19,1.155e-32,3.135e+1,,6.665e-17,7.896e-2,,2.141e-19,1.361e-21,4.330e+1,1.350e-1,4.265e-19,1.317e-19,2.749e-22,4.019e-19,1.584e-10,8.217e+0,3.006e+0,7.589e-19,1.255e-2,9.804e+1,,1.436e-1,,,1.028e+0,,,1.498e-19,,1.236e-18,,7.160e-19,,3.670e-12,,8.947e-18,,6.943e-19,2.046e-16
517.26,1.991e+2,3.392e-21,2.511e-15,4.854e-44,1.862e-7,,,1.362e+1,8.550e-22,,2.628e-15,4.406e-5,7.353e-25,9.861e-18,7.878e-5,3.467e-23,1.560e-20,4.295e-26,,3.003e-4,1.657e-19,1.738e-32,3.189e+1,,4.632e-17,8.468e-2,,2.134e-19,1.362e-21,4.030e+1,1.371e-1,3.056e-19,1.317e-19,2.749e-22,4.016e-19,2.351e-10,8.681e+0,3.290e+0,7.609e-19,1.553e-2,9.998e+1,,1.658e-1,,,9.447e-1,,,1.497e-19,,1.236e-18,,7.160e-19,,5.336e-12,,8.943e-18,,1.122e-18,2.046e-16
517.29,1.990e+2,3.397e-21,1.572e-15,4.845e-44,1.226e-7,,,1.352e+1,8.555e-22,,2.628e-15,3.219e-5,7.362e-25,9.861e-18,1.035e-4,5.829e-23,1.560e-20,4.294e-26,,4.228e-4,1.654e-19,3.191e-32,3.255e+1,,2.669e-17,9.354e-2,,2.124e-19,1.362e-21,3.600e+1,1.412e-1,1.844e-19,1.317e-19,2.748e-22,4.011e-19,4.227e-10,9.404e+0,3.836e+0,7.640e-19,2.128e-2,1.024e+2,,2.047e-1,,,8.277e-1,,,1.496e-19,,1.236e-18,,7.159e-19,,9.326e-12,,8.938e-18,,2.292e-18,2.047e-16
517.31,1.987e+2,3.400e-21,1.147e-15,4.839e-44,9.242e-8,,,1.342e+1,8.558e-22,,2.627e-15,2.602e-5,7.369e-25,9.861e-18,1.237e-4,8.212e-23,1.560e-20,4.293e-26,,5.292e-4,1.652e-19,4.767e-32,3.288e+1,,1.842e-17,9.961e-2,,2.118e-19,1.363e-21,3.327e+1,1.446e-1,1.312e-19,1.318e-19,2.747e-22,4.007e-19,6.228e-10,9.901e+0,4.290e+0,7.661e-19,2.615e-2,1.037e+2,,2.347e-1,,,7.552e-1,,,1.495e-19,,1.237e-18,,7.158e-19,,1.349e-11,,8.934e-18,,3.678e-18,2.047e-16
517.34,1.980e+2,3.404e-21,7.101e-16,4.830e-44,6.018e-8,,,1.323e+1,8.562e-22,,2.627e-15,1.881e-5,7.378e-25,9.861e-18,1.608e-4,1.366e-22,1.559e-20,4.292e-26,,7.371e-4,1.649e-19,8.662e-32,3.320e+1,,1.050e-17,1.089e-1,,2.108e-19,1.363e-21,2.941e+1,1.504e-1,7.827e-20,1.318e-19,2.747e-22,4.002e-19,1.108e-9,1.066e+1,5.120e+0,7.692e-19,3.545e-2,1.051e+2,,2.867e-1,,,6.549e-1,,,1.494e-19,,1.237e-18,,7.158e-19,,2.335e-11,,8.928e-18,,7.435e-18,2.047e-16
517.36,1.973e+2,3.407e-21,5.141e-16,4.824e-44,4.505e-8,,,1.309e+1,8.565e-22,,2.627e-15,1.509e-5,7.384e-25,9.860e-18,1.909e-4,1.911e-22,1.559e-20,4.291e-26,,9.162e-4,1.647e-19,1.285e-31,3.330e+1,,7.191e-18,1.151e-1,,2.101e-19,1.363e-21,2.698e+1,1.549e-1,5.528e-20,1.318e-19,2.746e-22,3.998e-19,1.621e-9,1.118e+1,5.784e+0,7.713e-19,4.326e-2,1.057e+2,,3.264e-1,,,5.935e-1,,,1.493e-19,,1.237e-18,,7.157e-19,,3.355e-11,,8.925e-18,,1.185e-17,2.048e-16
517.39,1.959e+2,3.411e-21,3.150e-16,4.815e-44,2.902e-8,,,1.283e+1,8.569e-22,,2.626e-15,1.079e-5,7.394e-25,9.860e-18,2.455e-4,3.145e-22,1.559e-20,4.289e-26,,1.263e-3,1.644e-19,2.310e-31,3.327e+1,,4.055e-18,1.244e-1,,2.091e-19,1.364e-21,2.359e+1,1.623e-1,3.264e-20,1.318e-19,2.745e-22,3.993e-19,2.854e-9,1.195e+1,6.962e+0,7.744e-19,5.802e-2,1.060e+2,,3.944e-1,,,5.093e-1,,,1.492e-19,,1.237e-18,,7.156e-19,,5.746e-11,,8.919e-18,,2.370e-17,2.048e-16
517.41,1.948e+2,3.414e-21,2.264e-16,4.809e-44,2.157e-8,,,1.265e+1,8.572e-22,,2.626e-15,8.599e-6,7.400e-25,9.860e-18,2.893e-4,4.369e-22,1.559e-20,4.288e-26,,1.558e-3,1.642e-19,3.404e-31,3.313e+1,,2.758e-18,1.306e-1,,2.085e-19,1.364e-21,2.150e+1,1.677e-1,2.289e-20,1.318e-19,2.745e-22,3.990e-19,4.146e-9,1.246e+1,7.882e+0,7.765e-19,7.031e-2,1.059e+2,,4.459e-1,,,4.583e-1,,,1.491e-19,,1.237e-18,,7.156e-19,,8.197e-11,,8.916e-18,,3.749e-17,2.048e-16
517.44,1.928e+2,3.419e-21,1.372e-16,4.800e-44,1.375e-8,,,1.236e+1,8.577e-22,,2.626e-15,6.083e-6,7.409e-25,9.860e-18,3.681e-4,7.114e-22,1.558e-20,4.287e-26,,2.125e-3,1.639e-19,6.055e-31,3.275e+1,,1.538e-18,1.398e-1,,2.075e-19,1.365e-21,1.859e+1,1.763e-1,1.337e-20,1.318e-19,2.744e-22,3.984e-19,7.221e-9,1.322e+1,9.484e+0,7.796e-19,9.329e-2,1.051e+2,,5.333e-1,,,3.892e-1,,,1.490e-19,,1.237e-18,,7.155e-19,,1.389e-10,,8.910e-18,,7.420e-17,2.048e-16
517.46,1.913e+2,3.422e-21,9.793e-17,4.793e-44,1.014e-8,,,1.216e+1,8.580e-22,,2.625e-15,4.812e-6,7.415e-25,9.860e-18,4.307e-4,9.812e-22,1.558e-20,4.286e-26,,2.604e-3,1.637e-19,8.858e-31,3.239e+1,,1.039e-18,1.457e-1,,2.068e-19,1.365e-21,1.682e+1,1.825e-1,9.304e-21,1.319e-19,2.743e-22,3.981e-19,1.042e-8,1.371e+1,1.071e+1,7.817e-19,1.122e-1,1.042e+2,,5.987e-1,,,3.479e-1,,,1.489e-19,,1.238e-18,,7.155e-19,,1.968e-10,,8.906e-18,,1.166e-16,2.049e-16
517.49,1.889e+2,3.426e-21,5.872e-17,4.784e-44,6.394e-9,,,1.185e+1,8.584e-22,,2.625e-15,3.367e-6,7.425e-25,9.860e-18,5.422e-4,1.581e-21,1.558e-20,4.285e-26,,3.513e-3,1.635e-19,1.559e-30,3.168e+1,,5.731e-19,1.542e-1,,2.058e-19,1.365e-21,1.440e+1,1.920e-1,5.375e-21,1.319e-19,2.743e-22,3.976e-19,1.795e-8,1.442e+1,1.282e+1,7.848e-19,1.474e-1,1.023e+2,,7.084e-1,,,2.923e-1,,,1.488e-19,,1.238e-18,,7.154e-19,,3.300e-10,,8.901e-18,,2.283e-16,2.049e-16
517.51,1.872e+2,3.429e-21,4.160e-17,4.778e-44,4.684e-9,,,1.165e+1,8.587e-22,,2.624e-15,2.645e-6,7.431e-25,9.860e-18,6.299e-4,2.165e-21,1.558e-20,4.284e-26,,4.274e-3,1.633e-19,2.265e-30,3.111e+1,,3.841e-19,1.595e-1,,2.052e-19,1.366e-21,1.293e+1,1.986e-1,3.715e-21,1.319e-19,2.742e-22,3.972e-19,2.572e-8,1.487e+1,1.441e+1,7.869e-19,1.761e-1,1.007e+2,,7.897e-1,,,2.594e-1,,,1.487e-19,,1.238e-18,,7.153e-19,,4.642e-10,,8.897e-18,,3.561e-16,2.049e-16
517.54,1.846e+2,3.433e-21,2.467e-17,4.769e-44,2.921e-9,,,1.135e+1,8.591e-22,,2.624e-15,1.831e-6,7.440e-25,9.859e-18,7.846e-4,3.451e-21,1.557e-20,4.283e-26,,5.705e-3,1.630e-19,3.944e-30,3.011e+1,,2.097e-19,1.671e-1,,2.042e-19,1.366e-21,1.095e+1,2.086e-1,2.123e-21,1.319e-19,2.741e-22,3.967e-19,4.385e-8,1.550e+1,1.711e+1,7.900e-19,2.287e-1,9.780e+1,,9.247e-1,,,2.157e-1,,,1.486e-19,,1.238e-18,,7.153e-19,,7.702e-10,,8.892e-18,,6.901e-16,2.050e-16
517.56,1.828e+2,3.436e-21,1.736e-17,4.763e-44,2.125e-9,,,1.117e+1,8.594e-22,,2.624e-15,1.428e-6,7.447e-25,9.859e-18,9.051e-4,4.693e-21,1.557e-20,4.282e-26,,6.891e-3,1.628e-19,5.688e-30,2.936e+1,,1.395e-19,1.717e-1,,2.035e-19,1.366e-21,9.769e+0,2.153e-1,1.457e-21,1.319e-19,2.741e-22,3.963e-19,6.237e-8,1.588e+1,1.912e+1,7.920e-19,2.713e-1,9.559e+1,,1.024e+0,,,1.901e-1,,,1.485e-19,,1.238e-18,,7.152e-19,,1.076e-9,,8.888e-18,,1.069e-15,2.050e-16
517.59,1.801e+2,3.441e-21,1.018e-17,4.754e-44,1.311e-9,,,1.093e+1,8.599e-22,,2.623e-15,9.778e-7,7.456e-25,9.859e-18,1.115e-3,7.403e-21,1.557e-20,4.280e-26,,9.101e-3,1.625e-19,9.801e-30,2.813e+1,,7.535e-20,1.778e-1,,2.025e-19,1.367e-21,8.189e+0,2.254e-1,8.237e-22,1.319e-19,2.740e-22,3.958e-19,1.052e-7,1.640e+1,2.249e+1,7.951e-19,3.487e-1,9.187e+1,,1.186e+0,,,1.564e-1,,,1.484e-19,,1.238e-18,,7.151e-19,,1.766e-9,,8.883e-18,,2.050e-15,2.050e-16
517.61,1.784e+2,3.444e-21,7.112e-18,4.748e-44,9.466e-10,,,1.079e+1,8.602e-22,,2.623e-15,7.570e-7,7.462e-25,9.859e-18,1.278e-3,9.996e-21,1.557e-20,4.279e-26,,1.092e-2,1.623e-19,1.404e-29,2.724e+1,,4.978e-20,1.814e-1,,2.019e-19,1.367e-21,7.256e+0,2.320e-1,5.612e-22,1.320e-19,2.739e-22,3.955e-19,1.486e-7,1.670e+1,2.497e+1,7.972e-19,4.108e-1,8.915e+1,,1.304e+0,,,1.368e-1,,,1.483e-19,,1.238e-18,,7.151e-19,,2.449e-9,,8.879e-18,,3.152e-15,2.050e-16
517.63,1.767e+2,3.447e-21,4.952e-18,4.742e-44,6.816e-10,,,1.067e+1,8.605e-22,,2.623e-15,5.843e-7,7.468e-25,9.859e-18,1.459e-3,1.346e-20,1.556e-20,4.279e-26,,1.306e-2,1.621e-19,2.005e-29,2.631e+1,,3.280e-20,1.846e-1,,2.012e-19,1.367e-21,6.414e+0,2.385e-1,3.812e-22,1.320e-19,2.739e-22,3.951e-19,2.093e-7,1.696e+1,2.766e+1,7.993e-19,4.825e-1,8.626e+1,,1.430e+0,,,1.194e-1,,,1.482e-19,,1.239e-18,,7.150e-19,,3.386e-9,,8.875e-18,,4.834e-15,2.051e-16
517.66,1.745e+2,3.451e-21,2.862e-18,4.733e-44,4.142e-10,,,1.054e+1,8.609e-22,,2.622e-15,3.942e-7,7.478e-25,9.859e-18,1.771e-3,2.091e-20,1.556e-20,4.277e-26,,1.699e-2,1.618e-19,3.403e-29,2.485e+1,,1.744e-20,1.884e-1,,2.002e-19,1.368e-21,5.307e+0,2.478e-1,2.123e-22,1.320e-19,2.738e-22,3.946e-19,3.479e-7,1.728e+1,3.207e+1,8.024e-19,6.111e-1,8.167e+1,,1.634e+0,,,9.677e-2,,,1.481e-19,,1.239e-18,,7.150e-19,,5.477e-9,,8.870e-18,,9.133e-15,2.051e-16
517.68,1.732e+2,3.454e-21,1.979e-18,4.727e-44,2.961e-10,,,1.049e+1,8.612e-22,,2.622e-15,3.021e-7,7.484e-25,9.858e-18,2.009e-3,2.796e-20,1.556e-20,4.276e-26,,2.018e-2,1.616e-19,4.826e-29,2.385e+1,,1.141e-20,1.903e-1,,1.996e-19,1.368e-21,4.665e+0,2.538e-1,1.432e-22,1.320e-19,2.738e-22,3.942e-19,4.865e-7,1.743e+1,3.527e+1,8.045e-19,7.127e-1,7.847e+1,,1.779e+0,,,8.383e-2,,,1.480e-19,,1.239e-18,,7.149e-19,,7.521e-9,,8.866e-18,,1.391e-14,2.051e-16
517.71,1.716e+2,3.458e-21,1.131e-18,4.718e-44,1.780e-10,,,1.048e+1,8.617e-22,,2.622e-15,2.016e-7,7.493e-25,9.858e-18,2.413e-3,4.299e-20,1.556e-20,4.275e-26,,2.597e-2,1.613e-19,8.106e-29,2.231e+1,,6.002e-21,1.922e-1,,1.986e-19,1.369e-21,3.833e+0,2.621e-1,7.887e-23,1.320e-19,2.737e-22,3.937e-19,8.002e-7,1.759e+1,4.047e+1,8.076e-19,8.931e-1,7.350e+1,,2.012e+0,,,6.723e-2,,,1.479e-19,,1.239e-18,,7.148e-19,,1.204e-8,,8.861e-18,,2.600e-14,2.051e-16
517.73,1.709e+2,3.461e-21,7.764e-19,4.712e-44,1.263e-10,,,1.051e+1,8.619e-22,,2.621e-15,1.534e-7,7.500e-25,9.858e-18,2.717e-3,5.707e-20,1.555e-20,4.274e-26,,3.063e-2,1.611e-19,1.141e-28,2.127e+1,,3.898e-21,1.928e-1,,1.979e-19,1.369e-21,3.359e+0,2.672e-1,5.281e-23,1.320e-19,2.736e-22,3.933e-19,1.111e-6,1.763e+1,4.420e+1,8.097e-19,1.034e+0,7.011e+1,,2.177e+0,,,5.783e-2,,,1.478e-19,,1.239e-18,,7.148e-19,,1.641e-8,,8.857e-18,,3.932e-14,2.052e-16
517.76,1.702e+2,3.466e-21,4.391e-19,4.703e-44,7.513e-11,,,1.062e+1,8.624e-22,,2.621e-15,1.013e-7,7.509e-25,9.858e-18,3.229e-3,8.683e-20,1.555e-20,4.273e-26,,3.901e-2,1.608e-19,1.897e-28,1.972e+1,,2.029e-21,1.926e-1,,1.969e-19,1.370e-21,2.755e+0,2.742e-1,2.878e-23,1.321e-19,2.735e-22,3.928e-19,1.808e-6,1.762e+1,5.019e+1,1.676e-18,1.282e+0,6.498e+1,,2.438e+0,,,4.588e-2,,,1.477e-19,,1.239e-18,,7.147e-19,,2.599e-8,,8.852e-18,,7.272e-14,2.052e-16
517.78,1.700e+2,3.469e-21,2.992e-19,4.697e-44,5.294e-11,,,1.074e+1,8.627e-22,,2.621e-15,7.653e-8,7.515e-25,9.858e-18,3.610e-3,1.145e-19,1.555e-20,4.272e-26,,4.568e-2,1.606e-19,2.653e-28,1.870e+1,,1.308e-21,1.918e-1,,1.963e-19,1.370e-21,2.418e+0,2.784e-1,1.913e-23,1.321e-19,2.735e-22,3.925e-19,2.493e-6,1.755e+1,5.443e+1,2.714e-18,1.475e+0,6.154e+1,,2.621e+0,,,3.919e-2,,,1.476e-19,,1.240e-18,,7.147e-19,,3.518e-8,,8.848e-18,,1.092e-13,2.052e-16
517.81,1.704e+2,3.473e-21,1.674e-19,4.688e-44,3.114e-11,,,1.099e+1,8.631e-22,,2.620e-15,4.998e-8,7.524e-25,9.858e-18,4.245e-3,1.723e-19,1.555e-20,4.270e-26,,5.756e-2,1.603e-19,4.362e-28,1.720e+1,,6.733e-22,1.897e-1,,1.953e-19,1.370e-21,2.003e+0,2.838e-1,1.031e-23,1.321e-19,2.734e-22,3.919e-19,4.014e-6,1.736e+1,6.115e+1,5.560e-18,1.809e+0,5.642e+1,,2.908e+0,,,3.076e-2,,,1.474e-19,,1.240e-18,,7.146e-19,,5.512e-8,,8.843e-18,,1.999e-13,2.053e-16
517.83,1.710e+2,3.476e-21,1.133e-19,4.682e-44,2.179e-11,,,1.120e+1,8.634e-22,,2.620e-15,3.749e-8,7.531e-25,9.857e-18,4.712e-3,2.255e-19,1.554e-20,4.270e-26,,6.692e-2,1.601e-19,6.056e-28,1.623e+1,,4.310e-22,1.876e-1,,1.946e-19,1.371e-21,1.780e+0,2.868e-1,6.807e-24,1.321e-19,2.734e-22,3.916e-19,5.496e-6,1.719e+1,6.584e+1,8.938e-18,2.066e+0,5.306e+1,,3.107e+0,,,2.608e-2,,,1.474e-19,,1.240e-18,,7.145e-19,,7.409e-8,,8.839e-18,,2.980e-13,2.053e-16
517.86,1.726e+2,3.481e-21,6.269e-20,4.673e-44,1.268e-11,,,1.159e+1,8.639e-22,,2.619e-15,2.422e-8,7.540e-25,9.857e-18,5.482e-3,3.358e-19,1.554e-20,4.268e-26,,8.344e-2,1.598e-19,9.854e-28,1.483e+1,,2.195e-22,1.836e-1,,1.936e-19,1.371e-21,1.520e+0,2.904e-1,3.631e-24,1.321e-19,2.733e-22,3.911e-19,8.756e-6,1.684e+1,7.318e+1,1.812e-17,2.508e+0,4.813e+1,,3.416e+0,,,2.026e-2,,,1.472e-19,,1.240e-18,,7.145e-19,,1.149e-7,,8.833e-18,,5.396e-13,2.053e-16
517.88,1.740e+2,3.483e-21,4.211e-20,4.667e-44,8.807e-12,,,1.189e+1,8.642e-22,,2.619e-15,1.804e-8,7.546e-25,9.857e-18,6.042e-3,4.365e-19,1.554e-20,4.267e-26,,9.632e-2,1.596e-19,1.358e-27,1.394e+1,,1.395e-22,1.803e-1,,1.930e-19,1.371e-21,1.394e+0,2.922e-1,2.381e-24,1.321e-19,2.732e-22,3.907e-19,1.190e-5,1.657e+1,7.825e+1,2.892e-17,2.844e+0,4.494e+1,,3.629e+0,,,1.706e-2,,,1.472e-19,,1.240e-18,,7.144e-19,,1.533e-7,,8.830e-18,,7.989e-13,2.053e-16
517.91,1.768e+2,3.488e-21,2.305e-20,4.658e-44,5.071e-12,,,1.239e+1,8.646e-22,,2.619e-15,1.153e-8,7.556e-25,9.857e-18,6.955e-3,6.432e-19,1.554e-20,4.266e-26,,1.188e-1,1.593e-19,2.187e-27,1.268e+1,,7.027e-23,1.747e-1,,1.920e-19,1.372e-21,1.271e+0,2.939e-1,1.260e-24,1.322e-19,2.732e-22,3.902e-19,1.876e-5,1.608e+1,8.605e+1,5.801e-17,3.417e+0,4.033e+1,,3.956e+0,,,1.311e-2,,,1.470e-19,,1.240e-18,,7.143e-19,,2.352e-7,,8.824e-18,,1.431e-12,2.054e-16
517.93,1.790e+2,3.491e-21,1.537e-20,4.652e-44,3.497e-12,,,1.277e+1,8.649e-22,,2.618e-15,8.525e-9,7.562e-25,9.857e-18,7.611e-3,8.300e-19,1.553e-20,4.265e-26,,1.362e-1,1.591e-19,2.994e-27,1.190e+1,,4.433e-23,1.705e-1,,1.913e-19,1.372e-21,1.231e+0,2.945e-1,8.251e-25,1.322e-19,2.731e-22,3.898e-19,2.533e-5,1.572e+1,9.135e+1,9.195e-17,3.847e+0,3.739e+1,,4.180e+0,,,1.096e-2,,,1.469e-19,,1.241e-18,,7.143e-19,,3.117e-7,,8.821e-18,,2.104e-12,2.054e-16
517.96,1.829e+2,3.495e-21,8.327e-21,4.643e-44,1.991e-12,,,1.337e+1,8.653e-22,,2.618e-15,5.391e-9,7.571e-25,9.857e-18,8.668e-3,1.210e-18,1.553e-20,4.264e-26,,1.662e-1,1.588e-19,4.769e-27,1.081e+1,,2.209e-23,1.635e-1,,1.903e-19,1.373e-21,1.233e+0,2.944e-1,4.433e-25,1.322e-19,2.730e-22,3.893e-19,3.951e-5,1.513e+1,9.939e+1,1.825e-16,4.573e+0,3.320e+1,,4.524e+0,,,8.328e-3,,,1.468e-19,,1.241e-18,,7.142e-19,,4.730e-7,,8.815e-18,,3.731e-12,2.054e-16
517.98,1.858e+2,3.498e-21,5.513e-21,4.637e-44,1.363e-12,,,1.380e+1,8.656e-22,,2.618e-15,3.957e-9,7.577e-25,9.857e-18,9.419e-3,1.551e-18,1.553e-20,4.263e-26,,1.892e-1,1.586e-19,6.482e-27,1.015e+1,,1.384e-23,1.586e-1,,1.897e-19,1.373e-21,1.277e+0,2.938e-1,3.019e-25,1.322e-19,2.730e-22,3.890e-19,5.295e-5,1.470e+1,1.048e+2,2.872e-16,5.114e+0,3.056e+1,,4.758e+0,,,6.912e-3,,,1.467e-19,,1.241e-18,,7.142e-19,,6.225e-7,,8.812e-18,,5.446e-12,2.055e-16
518,1.889e+2,3.501e-21,3.640e-21,4.630e-44,9.307e-13,,,1.424e+1,8.659e-22,,2.617e-15,2.896e-9,7.584e-25,9.856e-18,1.021e-2,1.981e-18,1.553e-20,4.262e-26,,2.147e-1,1.584e-19,8.785e-27,9.543e+0,,8.642e-24,1.534e-1,,1.890e-19,1.373e-21,1.355e+0,2.927e-1,2.184e-25,1.322e-19,2.729e-22,3.886e-19,7.077e-5,1.425e+1,1.101e+2,4.508e-16,5.702e+0,2.805e+1,,4.995e+0,,,5.720e-3,,,1.467e-19,,1.241e-18,,7.141e-19,,8.169e-7,,8.808e-18,,7.928e-12,2.055e-16
518.03,1.941e+2,3.506e-21,1.942e-21,4.621e-44,5.221e-13,,,1.493e+1,8.664e-22,,2.617e-15,1.804e-9,7.593e-25,9.856e-18,1.145e-2,2.846e-18,1.552e-20,4.261e-26,,2.581e-1,1.581e-19,1.379e-26,8.730e+0,,4.242e-24,1.453e-1,,1.880e-19,1.374e-21,1.540e+0,2.903e-1,1.694e-25,1.323e-19,2.728e-22,3.881e-19,1.088e-4,1.355e+1,1.180e+2,8.817e-16,6.680e+0,2.454e+1,,5.359e+0,,,4.284e-3,,,1.465e-19,,1.241e-18,,7.140e-19,,1.221e-6,,8.802e-18,,1.385e-11,2.055e-16
518.05,1.977e+2,3.508e-21,1.273e-21,4.615e-44,3.539e-13,,,1.540e+1,8.667e-22,,2.617e-15,1.311e-9,7.599e-25,9.856e-18,1.232e-2,3.611e-18,1.552e-20,4.260e-26,,2.909e-1,1.580e-19,1.856e-26,8.254e+0,,2.630e-24,1.398e-1,,1.874e-19,1.374e-21,1.712e+0,2.882e-1,1.778e-25,1.323e-19,2.728e-22,3.877e-19,1.443e-4,1.306e+1,1.232e+2,1.374e-15,7.397e+0,2.237e+1,,5.608e+0,,,3.520e-3,,,1.464e-19,,1.241e-18,,7.140e-19,,1.592e-6,,8.799e-18,,2.002e-11,2.055e-16
518.08,2.035e+2,3.513e-21,6.716e-22,4.606e-44,1.964e-13,,,1.610e+1,8.671e-22,,2.616e-15,8.078e-10,7.609e-25,9.856e-18,1.367e-2,5.132e-18,1.552e-20,4.258e-26,,3.460e-1,1.577e-19,2.882e-26,7.642e+0,,1.277e-24,1.315e-1,,1.864e-19,1.374e-21,2.048e+0,2.845e-1,2.538e-25,1.323e-19,2.727e-22,3.872e-19,2.195e-4,1.232e+1,1.306e+2,2.659e-15,8.574e+0,1.937e+1,,5.990e+0,,,2.608e-3,,,1.463e-19,,1.242e-18,,7.139e-19,,2.355e-6,,8.793e-18,,3.460e-11,2.056e-16
518.1,2.074e+2,3.516e-21,4.370e-22,4.600e-44,1.321e-13,,,1.656e+1,8.674e-22,,2.616e-15,5.829e-10,7.615e-25,9.856e-18,1.461e-2,6.465e-18,1.552e-20,4.257e-26,,3.872e-1,1.575e-19,3.851e-26,7.301e+0,,7.863e-25,1.260e-1,,1.857e-19,1.375e-21,2.331e+0,2.816e-1,3.586e-25,1.323e-19,2.727e-22,3.868e-19,2.892e-4,1.181e+1,1.354e+2,4.115e-15,9.428e+0,1.754e+1,,6.253e+0,,,2.127e-3,,,1.462e-19,,1.242e-18,,7.139e-19,,3.047e-6,,8.790e-18,,4.966e-11,2.056e-16
518.13,2.134e+2,3.520e-21,2.282e-22,4.591e-44,7.255e-14,,,1.722e+1,8.678e-22,,2.616e-15,3.553e-10,7.624e-25,9.856e-18,1.604e-2,9.092e-18,1.551e-20,4.256e-26,,4.557e-1,1.572e-19,5.917e-26,6.888e+0,,3.777e-25,1.178e-1,,1.847e-19,1.375e-21,2.850e+0,2.767e-1,6.401e-25,1.323e-19,2.726e-22,3.863e-19,4.352e-4,1.105e+1,1.420e+2,7.879e-15,1.082e+1,1.504e+1,,6.662e+0,,,1.559e-3,,,1.461e-19,,1.242e-18,,7.138e-19,,4.460e-6,,8.784e-18,,8.493e-11,2.056e-16
518.15,2.175e+2,3.523e-21,1.474e-22,4.585e-44,4.847e-14,,,1.764e+1,8.681e-22,,2.615e-15,2.545e-10,7.630e-25,9.855e-18,1.702e-2,1.137e-17,1.551e-20,4.255e-26,,5.063e-1,1.570e-19,7.851e-26,6.677e+0,,3.753e-25,1.126e-1,,1.841e-19,1.376e-21,3.268e+0,2.732e-1,9.550e-25,1.323e-19,2.725e-22,3.860e-19,5.694e-4,1.055e+1,1.461e+2,1.211e-14,1.181e+1,1.353e+1,,6.947e+0,,,1.263e-3,,,1.460e-19,,1.242e-18,,7.137e-19,,5.730e-6,,8.781e-18,,1.210e-10,2.056e-16
518.18,2.235e+2,3.528e-21,7.613e-23,4.576e-44,2.632e-14,,,1.823e+1,8.686e-22,,2.615e-15,1.535e-10,7.640e-25,9.855e-18,1.849e-2,1.582e-17,1.551e-20,4.254e-26,,5.896e-1,1.567e-19,1.194e-25,6.456e+0,,3.718e-25,1.051e-1,,1.831e-19,1.376e-21,4.015e+0,2.675e-1,1.746e-24,1.324e-19,2.724e-22,3.854e-19,8.477e-4,9.802e+0,1.517e+2,2.294e-14,1.341e+1,1.149e+1,,7.397e+0,,,9.159e-4,,,1.459e-19,,1.242e-18,,7.136e-19,,8.299e-6,,8.775e-18,,2.048e-10,2.057e-16
518.2,2.274e+2,3.531e-21,4.883e-23,4.570e-44,1.746e-14,,,1.859e+1,8.689e-22,,2.615e-15,1.092e-10,7.646e-25,9.855e-18,1.947e-2,1.965e-17,1.551e-20,4.253e-26,,6.503e-1,1.565e-19,1.573e-25,6.370e+0,,3.695e-25,1.005e-1,,1.824e-19,1.376e-21,4.602e+0,2.636e-1,2.606e-24,1.324e-19,2.724e-22,3.851e-19,1.101e-3,9.313e+0,1.550e+2,3.500e-14,1.454e+1,1.028e+1,,7.717e+0,,,7.366e-4,,,1.458e-19,,1.242e-18,,7.136e-19,,1.059e-5,,8.771e-18,,2.899e-10,2.057e-16
518.23,2.332e+2,3.535e-21,2.495e-23,4.561e-44,9.380e-15,,,1.905e+1,8.693e-22,,2.614e-15,6.512e-11,7.655e-25,9.855e-18,2.093e-2,2.706e-17,1.550e-20,4.252e-26,,7.494e-1,1.562e-19,2.366e-25,6.331e+0,,3.659e-25,9.415e-2,,1.814e-19,1.377e-21,5.631e+0,2.575e-1,4.732e-24,1.324e-19,2.723e-22,3.846e-19,1.622e-3,8.599e+0,1.592e+2,6.562e-14,1.634e+1,8.673e+0,,8.231e+0,,,5.284e-4,,,1.457e-19,,1.243e-18,,7.135e-19,,1.517e-5,,8.766e-18,,4.854e-10,2.057e-16
518.25,2.368e+2,3.538e-21,1.589e-23,4.555e-44,6.177e-15,,,1.932e+1,8.696e-22,,2.614e-15,4.598e-11,7.662e-25,9.855e-18,2.189e-2,3.337e-17,1.550e-20,4.251e-26,,8.207e-1,1.560e-19,3.095e-25,6.363e+0,,3.636e-25,9.039e-2,,1.808e-19,1.377e-21,6.427e+0,2.533e-1,7.021e-24,1.324e-19,2.723e-22,3.842e-19,2.093e-3,8.138e+0,1.615e+2,9.943e-14,1.760e+1,7.730e+0,,8.602e+0,,,4.219e-4,,,1.456e-19,,1.243e-18,,7.135e-19,,1.922e-5,,8.762e-18,,6.820e-10,2.058e-16
518.28,2.421e+2,3.542e-21,8.029e-24,4.546e-44,3.283e-15,,,1.963e+1,8.700e-22,,2.613e-15,2.714e-11,7.671e-25,9.855e-18,2.328e-2,4.546e-17,1.550e-20,4.249e-26,,9.357e-1,1.557e-19,4.607e-25,6.496e+0,,3.600e-25,8.554e-2,,1.798e-19,1.378e-21,7.804e+0,2.470e-1,1.262e-23,1.324e-19,2.722e-22,3.837e-19,3.050e-3,7.472e+0,1.641e+2,1.845e-13,1.958e+1,6.497e+0,,9.210e+0,,,2.994e-4,,,1.455e-19,,1.243e-18,,7.134e-19,,2.725e-5,,8.757e-18,,1.130e-9,2.058e-16
518.3,2.453e+2,3.545e-21,5.076e-24,4.540e-44,2.146e-15,,,1.978e+1,8.703e-22,,2.613e-15,1.902e-11,7.677e-25,9.854e-18,2.417e-2,5.566e-17,1.550e-20,4.248e-26,,1.018e+0,1.555e-19,5.985e-25,6.639e+0,,3.577e-25,8.291e-2,,1.791e-19,1.378e-21,8.855e+0,2.428e-1,1.860e-23,1.324e-19,2.721e-22,3.833e-19,3.908e-3,7.046e+0,1.652e+2,2.775e-13,2.094e+1,5.789e+0,,9.655e+0,,,2.374e-4,,,1.454e-19,,1.243e-18,,7.133e-19,,3.427e-5,,8.753e-18,,1.577e-9,2.058e-16
518.33,2.499e+2,3.550e-21,2.538e-24,4.531e-44,1.128e-15,,,1.992e+1,8.708e-22,,2.613e-15,1.111e-11,7.687e-25,9.854e-18,2.544e-2,7.503e-17,1.549e-20,4.247e-26,,1.148e+0,1.552e-19,8.814e-25,6.935e+0,,3.542e-25,7.995e-2,,1.781e-19,1.378e-21,1.065e+1,2.366e-1,3.308e-23,1.325e-19,2.720e-22,3.828e-19,5.635e-3,6.438e+0,1.661e+2,5.094e-13,2.306e+1,4.885e+0,,1.039e+1,,,1.667e-4,,,1.453e-19,,1.243e-18,,7.133e-19,,4.809e-5,,8.748e-18,,2.585e-9,2.058e-16
518.35,2.527e+2,3.553e-21,1.593e-24,4.525e-44,7.325e-16,,,1.994e+1,8.711e-22,,2.612e-15,7.731e-12,7.693e-25,9.854e-18,2.623e-2,9.122e-17,1.549e-20,4.246e-26,,1.239e+0,1.550e-19,1.137e-24,7.184e+0,,3.518e-25,7.868e-2,,1.775e-19,1.379e-21,1.201e+1,2.325e-1,4.840e-23,1.325e-19,2.720e-22,3.825e-19,7.168e-3,6.053e+0,1.661e+2,7.610e-13,2.450e+1,4.381e+0,,1.094e+1,,,1.312e-4,,,1.452e-19,,1.243e-18,,7.132e-19,,6.005e-5,,8.744e-18,,3.581e-9,2.059e-16
518.37,2.554e+2,3.556e-21,9.969e-25,4.519e-44,4.741e-16,,,1.992e+1,8.714e-22,,2.612e-15,5.365e-12,7.699e-25,9.854e-18,2.696e-2,1.106e-16,1.549e-20,4.245e-26,,1.334e+0,1.548e-19,1.462e-24,7.476e+0,,3.494e-25,7.803e-2,,1.768e-19,1.379e-21,1.350e+1,2.285e-1,7.061e-23,1.325e-19,2.719e-22,3.821e-19,9.092e-3,5.685e+0,1.657e+2,1.134e-12,2.596e+1,3.951e+0,,1.153e+1,,,1.030e-4,,,1.451e-19,,1.243e-18,,7.132e-19,,7.478e-5,,8.740e-18,,4.948e-9,2.059e-16
518.4,2.590e+2,3.560e-21,4.909e-25,4.510e-44,2.455e-16,,,1.978e+1,8.718e-22,,2.612e-15,3.085e-12,7.708e-25,9.854e-18,2.795e-2,1.469e-16,1.549e-20,4.244e-26,,1.483e+0,1.545e-19,2.122e-24,7.991e+0,,3.459e-25,7.824e-2,,1.758e-19,1.379e-21,1.602e+1,2.227e-1,1.238e-22,1.325e-19,2.719e-22,3.816e-19,1.292e-2,5.166e+0,1.641e+2,2.050e-12,2.817e+1,3.436e+0,,1.252e+1,,,7.122e-5,,,1.450e-19,,1.244e-18,,7.131e-19,,1.034e-4,,8.735e-18,,7.992e-9,2.059e-16
518.42,2.612e+2,3.563e-21,3.051e-25,4.504e-44,1.578e-16,,,1.962e+1,8.721e-22,,2.611e-15,2.126e-12,7.715e-25,9.854e-18,2.853e-2,1.768e-16,1.548e-20,4.243e-26,,1.585e+0,1.543e-19,2.710e-24,8.387e+0,,3.436e-25,7.923e-2,,1.752e-19,1.380e-21,1.788e+1,2.189e-1,1.793e-22,1.325e-19,2.718e-22,3.812e-19,1.627e-2,4.841e+0,1.624e+2,3.033e-12,2.965e+1,3.175e+0,,1.326e+1,,,5.550e-5,,,1.449e-19,,1.244e-18,,7.130e-19,,1.278e-4,,8.731e-18,,1.096e-8,2.060e-16
518.45,2.642e+2,3.567e-21,1.486e-25,4.495e-44,8.083e-17,,,1.929e+1,8.726e-22,,2.611e-15,1.210e-12,7.724e-25,9.854e-18,2.926e-2,2.323e-16,1.548e-20,4.242e-26,,1.743e+0,1.540e-19,3.891e-24,9.058e+0,,3.400e-25,8.205e-2,,1.742e-19,1.380e-21,2.099e+1,2.135e-1,3.110e-22,1.325e-19,2.717e-22,3.807e-19,2.288e-2,4.384e+0,1.592e+2,5.429e-12,3.186e+1,2.897e+0,,1.449e+1,,,3.797e-5,,,1.448e-19,,1.244e-18,,7.130e-19,,1.748e-4,,8.726e-18,,1.752e-8,2.060e-16
518.47,2.661e+2,3.570e-21,9.168e-26,4.489e-44,5.156e-17,,,1.900e+1,8.728e-22,,2.611e-15,8.275e-13,7.730e-25,9.853e-18,2.966e-2,2.777e-16,1.548e-20,4.241e-26,,1.850e+0,1.538e-19,4.934e-24,9.559e+0,,3.377e-25,8.486e-2,,1.735e-19,1.381e-21,2.328e+1,2.100e-1,4.473e-22,1.326e-19,2.717e-22,3.804e-19,2.861e-2,4.100e+0,1.565e+2,7.974e-12,3.331e+1,2.786e+0,,1.539e+1,,,2.938e-5,,,1.447e-19,,1.244e-18,,7.129e-19,,2.147e-4,,8.722e-18,,2.387e-8,2.060e-16
518.5,2.688e+2,3.575e-21,4.418e-26,4.480e-44,2.613e-17,,,1.849e+1,8.733e-22,,2.610e-15,4.657e-13,7.740e-25,9.853e-18,3.010e-2,3.611e-16,1.548e-20,4.239e-26,,2.013e+0,1.535e-19,7.010e-24,1.039e+1,,3.341e-25,9.051e-2,,1.725e-19,1.381e-21,2.704e+1,2.051e-1,7.677e-22,1.326e-19,2.716e-22,3.798e-19,3.981e-2,3.703e+0,1.517e+2,1.412e-11,3.544e+1,2.724e+0,,1.690e+1,,,1.989e-5,,,1.446e-19,,1.244e-18,,7.128e-19,,2.905e-4,,8.717e-18,,3.775e-8,2.060e-16
518.52,2.705e+2,3.578e-21,2.706e-26,4.473e-44,1.655e-17,,,1.809e+1,8.736e-22,,2.610e-15,3.163e-13,7.746e-25,9.853e-18,3.029e-2,4.286e-16,1.547e-20,4.238e-26,,2.121e+0,1.533e-19,8.827e-24,1.100e+1,,3.318e-25,9.527e-2,,1.719e-19,1.381e-21,2.978e+1,2.020e-1,1.097e-21,1.326e-19,2.715e-22,3.795e-19,4.943e-2,3.457e+0,1.481e+2,2.060e-11,3.681e+1,2.752e+0,,1.800e+1,,,1.528e-5,,,1.445e-19,,1.244e-18,,7.128e-19,,3.542e-4,,8.713e-18,,5.106e-8,2.061e-16
518.55,2.730e+2,3.582e-21,1.290e-26,4.464e-44,8.299e-18,,,1.742e+1,8.740e-22,,2.610e-15,1.761e-13,7.755e-25,9.853e-18,3.041e-2,5.512e-16,1.547e-20,4.237e-26,,2.283e+0,1.530e-19,1.241e-23,1.200e+1,,3.283e-25,1.039e-1,,1.709e-19,1.382e-21,3.423e+1,1.975e-1,1.862e-21,1.326e-19,2.715e-22,3.790e-19,6.805e-2,3.114e+0,1.420e+2,3.609e-11,3.877e+1,2.894e+0,,1.982e+1,,,1.023e-5,,,1.444e-19,,1.245e-18,,7.127e-19,,4.742e-4,,8.708e-18,,7.990e-8,2.061e-16
518.57,2.747e+2,3.585e-21,1.283e-26,4.458e-44,5.219e-18,,,1.692e+1,8.743e-22,,2.609e-15,1.188e-13,7.761e-25,9.853e-18,3.039e-2,6.497e-16,1.547e-20,4.236e-26,,2.389e+0,1.528e-19,1.551e-23,1.272e+1,,3.259e-25,1.107e-1,,1.702e-19,1.382e-21,3.743e+1,1.947e-1,2.641e-21,1.326e-19,2.714e-22,3.786e-19,8.391e-2,2.903e+0,1.377e+2,5.227e-11,4.000e+1,3.057e+0,,2.114e+1,,,7.804e-6,,,1.443e-19,,1.245e-18,,7.127e-19,,5.741e-4,,8.704e-18,,1.073e-7,2.061e-16
518.6,2.773e+2,3.589e-21,1.273e-26,4.449e-44,2.588e-18,,,1.612e+1,8.748e-22,,2.609e-15,6.542e-14,7.771e-25,9.853e-18,3.019e-2,8.269e-16,1.547e-20,4.235e-26,,2.544e+0,1.525e-19,2.158e-23,1.389e+1,,3.224e-25,1.225e-1,,1.692e-19,1.383e-21,4.257e+1,1.907e-1,4.438e-21,1.326e-19,2.713e-22,3.781e-19,1.143e-1,2.609e+0,1.306e+2,9.063e-11,4.172e+1,3.403e+0,,2.330e+1,,,5.170e-6,,,1.441e-19,,1.245e-18,,7.126e-19,,7.606e-4,,8.698e-18,,1.662e-7,2.062e-16
518.62,2.791e+2,3.592e-21,1.266e-26,4.443e-44,1.616e-18,,,1.556e+1,8.751e-22,,2.609e-15,4.380e-14,7.777e-25,9.852e-18,2.995e-2,9.676e-16,1.546e-20,4.234e-26,,2.644e+0,1.523e-19,2.679e-23,1.473e+1,,3.200e-25,1.314e-1,,1.686e-19,1.383e-21,4.623e+1,1.882e-1,6.250e-21,1.327e-19,2.713e-22,3.777e-19,1.400e-1,2.428e+0,1.257e+2,1.303e-10,4.277e+1,3.703e+0,,2.485e+1,,,3.915e-6,,,1.441e-19,,1.245e-18,,7.125e-19,,9.142e-4,,8.695e-18,,2.216e-7,2.062e-16
518.65,2.821e+2,3.597e-21,1.256e-26,4.434e-44,7.929e-19,,,1.467e+1,8.755e-22,,2.608e-15,2.387e-14,7.786e-25,9.852e-18,2.944e-2,1.219e-15,1.546e-20,4.233e-26,,2.786e+0,1.521e-19,3.686e-23,1.609e+1,,3.165e-25,1.464e-1,,1.676e-19,1.383e-21,5.203e+1,1.847e-1,1.039e-20,1.327e-19,2.712e-22,3.772e-19,1.886e-1,2.177e+0,1.180e+2,2.236e-10,4.418e+1,4.260e+0,,2.734e+1,,,2.566e-6,,,1.439e-19,,1.245e-18,,7.125e-19,,1.198e-3,,8.689e-18,,3.395e-7,2.062e-16
518.67,2.843e+2,3.600e-21,1.249e-26,4.428e-44,4.915e-19,,,1.405e+1,8.758e-22,,2.608e-15,1.586e-14,7.793e-25,9.852e-18,2.900e-2,1.416e-15,1.546e-20,4.232e-26,,2.874e+0,1.519e-19,4.544e-23,1.705e+1,,3.141e-25,1.575e-1,,1.669e-19,1.384e-21,5.611e+1,1.825e-1,1.453e-20,1.327e-19,2.712e-22,3.768e-19,2.294e-1,2.022e+0,1.128e+2,3.194e-10,4.501e+1,4.704e+0,,2.912e+1,,,1.929e-6,,,1.439e-19,,1.245e-18,,7.124e-19,,1.430e-3,,8.686e-18,,4.496e-7,2.062e-16
518.7,2.879e+2,3.604e-21,1.239e-26,4.419e-44,2.385e-19,,,1.311e+1,8.762e-22,,2.607e-15,8.552e-15,7.802e-25,9.852e-18,2.820e-2,1.764e-15,1.545e-20,4.230e-26,,2.996e+0,1.516e-19,6.188e-23,1.859e+1,,3.106e-25,1.756e-1,,1.660e-19,1.384e-21,6.249e+1,1.795e-1,2.391e-20,1.327e-19,2.711e-22,3.763e-19,3.059e-1,1.808e+0,1.048e+2,5.422e-10,4.605e+1,5.486e+0,,3.194e+1,,,1.251e-6,,,1.437e-19,,1.246e-18,,7.123e-19,,1.855e-3,,8.680e-18,,6.815e-7,2.063e-16
518.72,2.906e+2,3.607e-21,1.232e-26,4.413e-44,1.468e-19,,,1.247e+1,8.765e-22,,2.607e-15,5.644e-15,7.808e-25,9.852e-18,2.758e-2,2.035e-15,1.545e-20,4.229e-26,,3.069e+0,1.514e-19,7.574e-23,1.967e+1,,3.082e-25,1.887e-1,,1.653e-19,1.384e-21,6.691e+1,1.777e-1,3.320e-20,1.327e-19,2.710e-22,3.760e-19,3.694e-1,1.676e+0,9.939e+1,7.688e-10,4.661e+1,6.086e+0,,3.392e+1,,,9.339e-7,,,1.436e-19,,1.246e-18,,7.123e-19,,2.199e-3,,8.677e-18,,8.962e-7,2.063e-16
518.74,2.934e+2,3.610e-21,1.225e-26,4.407e-44,9.008e-20,,,1.183e+1,8.768e-22,,2.607e-15,3.714e-15,7.814e-25,9.852e-18,2.690e-2,2.342e-15,1.545e-20,4.229e-26,,3.136e+0,1.512e-19,9.246e-23,2.080e+1,,3.059e-25,2.026e-1,,1.646e-19,1.385e-21,7.144e+1,1.760e-1,4.597e-20,1.327e-19,2.710e-22,3.756e-19,4.447e-1,1.552e+0,9.402e+1,1.087e-9,4.706e+1,6.751e+0,,3.597e+1,,,6.952e-7,,,1.436e-19,,1.246e-18,,7.122e-19,,2.598e-3,,8.673e-18,,1.175e-6,2.063e-16
518.77,2.981e+2,3.614e-21,1.215e-26,4.398e-44,4.307e-20,,,1.087e+1,8.773e-22,,2.606e-15,1.972e-15,7.824e-25,9.851e-18,2.577e-2,2.875e-15,1.545e-20,4.227e-26,,3.220e+0,1.509e-19,1.240e-22,2.258e+1,,3.024e-25,2.249e-1,,1.636e-19,1.385e-21,7.841e+1,1.739e-1,7.452e-20,1.328e-19,2.709e-22,3.751e-19,5.844e-1,1.381e+0,8.605e+1,1.819e-9,4.752e+1,7.877e+0,,3.916e+1,,,4.441e-7,,,1.434e-19,,1.246e-18,,7.122e-19,,3.321e-3,,8.667e-18,,1.755e-6,2.063e-16
518.79,3.015e+2,3.617e-21,1.208e-26,4.392e-44,2.031e-26,,,1.024e+1,8.776e-22,,2.606e-15,1.289e-15,7.830e-25,9.851e-18,2.495e-2,3.284e-15,1.545e-20,4.226e-26,,3.266e+0,1.507e-19,1.503e-22,2.382e+1,,3.000e-25,2.407e-1,,1.630e-19,1.385e-21,8.313e+1,1.726e-1,1.025e-19,1.328e-19,2.708e-22,3.747e-19,6.988e-1,1.275e+0,8.082e+1,2.553e-9,4.769e+1,8.714e+0,,4.136e+1,,,3.282e-7,,,1.434e-19,,1.246e-18,,7.121e-19,,3.896e-3,,8.664e-18,,2.285e-6,2.064e-16
518.82,3.069e+2,3.622e-21,1.197e-26,4.383e-44,1.162e-26,,,9.309e+0,8.780e-22,,2.606e-15,6.768e-16,7.839e-25,9.851e-18,2.365e-2,3.989e-15,1.544e-20,4.225e-26,,3.319e+0,1.504e-19,1.996e-22,2.575e+1,,2.965e-25,2.658e-1,,1.620e-19,1.386e-21,9.028e+1,1.712e-1,1.644e-19,1.328e-19,2.708e-22,3.742e-19,9.087e-1,1.129e+0,7.318e+1,4.226e-9,4.771e+1,1.010e+1,,4.473e+1,,,2.074e-7,,,1.432e-19,,1.246e-18,,7.120e-19,,4.927e-3,,8.658e-18,,3.377e-6,2.064e-16
518.84,3.108e+2,3.625e-21,1.191e-26,4.377e-44,7.975e-27,,,8.706e+0,8.783e-22,,2.605e-15,4.390e-16,7.845e-25,9.851e-18,2.274e-2,4.525e-15,1.544e-20,4.224e-26,,3.343e+0,1.502e-19,2.402e-22,2.708e+1,,2.941e-25,2.833e-1,,1.613e-19,1.386e-21,9.505e+1,1.705e-1,2.244e-19,1.328e-19,2.707e-22,3.739e-19,1.079e+0,1.040e+0,6.825e+1,5.893e-9,4.759e+1,1.112e+1,,4.701e+1,,,1.522e-7,,,1.431e-19,,1.247e-18,,7.120e-19,,5.740e-3,,8.655e-18,,4.367e-6,2.064e-16
518.87,3.168e+2,3.629e-21,1.180e-26,4.368e-44,4.512e-27,,,7.832e+0,8.787e-22,,2.605e-15,2.281e-16,7.855e-25,9.851e-18,2.133e-2,5.438e-15,1.544e-20,4.223e-26,,3.360e+0,1.499e-19,3.154e-22,2.913e+1,,2.906e-25,3.107e-1,,1.603e-19,1.387e-21,1.021e+2,1.699e-1,3.561e-19,1.328e-19,2.706e-22,3.733e-19,1.388e+0,9.162e-1,6.114e+1,9.651e-9,4.719e+1,1.279e+1,,5.046e+1,,,9.528e-8,,,1.430e-19,,1.247e-18,,7.119e-19,,7.182e-3,,8.649e-18,,6.385e-6,2.065e-16
518.89,3.211e+2,3.632e-21,1.173e-26,4.362e-44,3.075e-27,,,7.273e+0,8.790e-22,,2.605e-15,1.469e-16,7.861e-25,9.851e-18,2.036e-2,6.125e-15,1.544e-20,4.222e-26,,3.360e+0,1.497e-19,3.769e-22,3.052e+1,,2.882e-25,3.297e-1,,1.597e-19,1.387e-21,1.068e+2,1.699e-1,4.829e-19,1.329e-19,2.706e-22,3.730e-19,1.637e+0,8.405e-1,5.661e+1,1.336e-8,4.678e+1,1.399e+1,,5.274e+1,,,6.953e-8,,,1.429e-19,,1.247e-18,,7.119e-19,,8.309e-3,,8.646e-18,,8.197e-6,2.065e-16
518.92,3.276e+2,3.637e-21,1.163e-26,4.353e-44,1.721e-27,,,6.474e+0,8.795e-22,,2.604e-15,7.553e-17,7.870e-25,9.851e-18,1.889e-2,7.283e-15,1.543e-20,4.220e-26,,3.343e+0,1.494e-19,4.898e-22,3.263e+1,,2.847e-25,3.591e-1,,1.587e-19,1.388e-21,1.136e+2,1.704e-1,7.583e-19,1.329e-19,2.705e-22,3.725e-19,2.085e+0,7.363e-1,5.018e+1,2.165e-8,4.598e+1,1.593e+1,,5.613e+1,,,4.326e-8,,,1.428e-19,,1.247e-18,,7.118e-19,,1.028e-2,,8.640e-18,,1.186e-5,2.065e-16
518.94,3.320e+2,3.639e-21,1.156e-26,4.347e-44,1.165e-27,,,5.969e+0,8.798e-22,,2.604e-15,4.830e-17,7.877e-25,9.850e-18,1.791e-2,8.145e-15,1.543e-20,4.220e-26,,3.319e+0,1.492e-19,5.813e-22,3.405e+1,,2.824e-25,3.793e-1,,1.580e-19,1.388e-21,1.179e+2,1.712e-1,1.021e-18,1.329e-19,2.704e-22,3.721e-19,2.441e+0,6.726e-1,4.613e+1,2.977e-8,4.532e+1,1.732e+1,,5.833e+1,,,3.158e-8,,,1.427e-19,,1.247e-18,,7.117e-19,,1.182e-2,,8.636e-18,,1.512e-5,2.065e-16
518.97,3.387e+2,3.644e-21,1.146e-26,4.338e-44,6.448e-28,,,5.257e+0,8.802e-22,,2.603e-15,2.456e-17,7.886e-25,9.850e-18,1.644e-2,9.582e-15,1.543e-20,4.218e-26,,3.266e+0,1.489e-19,7.474e-22,3.616e+1,,2.788e-25,4.103e-1,,1.571e-19,1.388e-21,1.241e+2,1.730e-1,1.586e-18,1.329e-19,2.704e-22,3.716e-19,3.077e+0,5.853e-1,4.045e+1,4.773e-8,4.415e+1,1.952e+1,,6.152e+1,,,1.997e-8,,,1.426e-19,,1.247e-18,,7.117e-19,,1.447e-2,,8.631e-18,,2.165e-5,2.066e-16
518.99,3.430e+2,3.647e-21,1.139e-26,4.332e-44,4.332e-28,,,4.812e+0,8.805e-22,,2.603e-15,1.559e-17,7.892e-25,9.850e-18,1.547e-2,1.064e-14,1.543e-20,4.217e-26,,3.220e+0,1.487e-19,8.806e-22,3.756e+1,,2.765e-25,4.314e-1,,1.564e-19,1.389e-21,1.279e+2,1.748e-1,2.121e-18,1.329e-19,2.703e-22,3.712e-19,3.577e+0,5.323e-1,3.693e+1,6.516e-8,4.327e+1,2.107e+1,,6.354e+1,,,1.505e-8,,,1.425e-19,,1.247e-18,,7.116e-19,,1.651e-2,,8.627e-18,,2.740e-5,2.066e-16
519.02,3.494e+2,3.651e-21,1.129e-26,4.323e-44,2.373e-28,,,4.193e+0,8.809e-22,,2.603e-15,7.845e-18,7.902e-25,9.850e-18,1.405e-2,1.239e-14,1.542e-20,4.216e-26,,3.136e+0,1.484e-19,1.120e-21,3.960e+1,,2.729e-25,4.636e-1,,1.554e-19,1.389e-21,1.332e+2,1.782e-1,3.260e-18,1.329e-19,2.702e-22,3.707e-19,4.462e+0,4.599e-1,3.204e+1,1.034e-7,4.180e+1,2.351e+1,,6.639e+1,,,1.066e-8,,,1.424e-19,,1.248e-18,,7.115e-19,,2.000e-2,,8.622e-18,,3.881e-5,2.066e-16
519.04,3.535e+2,3.654e-21,1.122e-26,4.317e-44,1.583e-28,,,3.811e+0,8.812e-22,,2.602e-15,4.944e-18,7.908e-25,9.850e-18,1.313e-2,1.366e-14,1.542e-20,4.215e-26,,3.069e+0,1.482e-19,1.311e-21,4.092e+1,,2.706e-25,4.854e-1,,1.547e-19,1.389e-21,1.363e+2,1.810e-1,4.328e-18,1.330e-19,2.702e-22,3.704e-19,5.153e+0,4.161e-1,2.904e+1,1.402e-7,4.073e+1,2.520e+1,,6.813e+1,,,9.302e-9,,,1.423e-19,,1.248e-18,,7.115e-19,,2.266e-2,,8.618e-18,,4.879e-5,2.067e-16
519.07,3.592e+2,3.659e-21,1.112e-26,4.307e-44,8.578e-29,,,3.286e+0,8.817e-22,,2.602e-15,2.461e-18,7.917e-25,9.850e-18,1.180e-2,1.573e-14,1.542e-20,4.214e-26,,2.957e+0,1.479e-19,1.650e-21,4.281e+1,,2.670e-25,5.185e-1,,1.538e-19,1.390e-21,1.405e+2,1.862e-1,6.585e-18,1.330e-19,2.701e-22,3.698e-19,6.361e+0,3.567e-1,2.493e+1,2.200e-7,3.902e+1,2.782e+1,,7.050e+1,,,9.265e-9,,,1.422e-19,,1.248e-18,,7.114e-19,,2.717e-2,,8.613e-18,,6.838e-5,2.067e-16
519.09,3.628e+2,3.662e-21,1.105e-26,4.301e-44,5.681e-29,,,2.966e+0,8.820e-22,,2.602e-15,1.540e-18,7.923e-25,9.849e-18,1.095e-2,1.722e-14,1.542e-20,4.213e-26,,2.874e+0,1.477e-19,1.917e-21,4.400e+1,,2.647e-25,5.409e-1,,1.531e-19,1.390e-21,1.428e+2,1.903e-1,8.679e-18,1.330e-19,2.700e-22,3.695e-19,7.295e+0,3.210e-1,2.244e+1,2.962e-7,3.782e+1,2.961e+1,,7.189e+1,,,1.058e-8,,,1.421e-19,,1.248e-18,,7.114e-19,,3.055e-2,,8.609e-18,,8.535e-5,2.067e-16
519.12,3.675e+2,3.666e-21,1.095e-26,4.292e-44,3.045e-29,,,2.529e+0,8.824e-22,,2.601e-15,7.582e-19,7.933e-25,9.849e-18,9.738e-3,1.963e-14,1.541e-20,4.211e-26,,2.740e+0,1.474e-19,2.387e-21,4.566e+1,,2.612e-25,5.750e-1,,1.521e-19,1.391e-21,1.456e+2,1.973e-1,1.307e-17,1.330e-19,2.700e-22,3.689e-19,8.914e+0,2.729e-1,1.905e+1,4.601e-7,3.594e+1,3.235e+1,,7.365e+1,,,1.491e-8,,,1.420e-19,,1.248e-18,,7.113e-19,,3.625e-2,,8.604e-18,,1.184e-4,2.067e-16
519.14,3.702e+2,3.669e-21,1.088e-26,4.286e-44,2.002e-29,,,2.267e+0,8.827e-22,,2.601e-15,4.711e-19,7.939e-25,9.849e-18,8.972e-3,2.134e-14,1.541e-20,4.210e-26,,2.644e+0,1.472e-19,2.754e-21,4.666e+1,,2.588e-25,5.981e-1,,1.514e-19,1.391e-21,1.469e+2,2.027e-1,1.710e-17,1.330e-19,2.699e-22,3.686e-19,1.015e+1,2.442e-1,1.703e+1,6.150e-7,3.464e+1,3.419e+1,,7.460e+1,,,1.981e-8,,,1.419e-19,,1.248e-18,,7.112e-19,,4.048e-2,,8.600e-18,,1.467e-4,2.068e-16
519.16,3.726e+2,3.672e-21,1.081e-26,4.280e-44,1.313e-29,,,2.025e+0,8.830e-22,,2.601e-15,2.918e-19,7.945e-25,9.849e-18,8.243e-3,2.313e-14,1.541e-20,4.210e-26,,2.544e+0,1.470e-19,3.168e-21,4.758e+1,,2.565e-25,6.215e-1,,1.508e-19,1.391e-21,1.479e+2,2.087e-1,2.232e-17,1.330e-19,2.699e-22,3.682e-19,1.153e+1,2.180e-1,1.517e+1,8.197e-7,3.332e+1,3.604e+1,,7.536e+1,,,2.689e-8,,,1.418e-19,,1.249e-18,,7.112e-19,,4.508e-2,,8.596e-18,,1.813e-4,2.068e-16
519.19,3.754e+2,3.676e-21,1.071e-26,4.271e-44,6.933e-30,,,1.702e+0,8.835e-22,,2.600e-15,1.415e-19,7.955e-25,9.849e-18,7.220e-3,2.597e-14,1.540e-20,4.208e-26,,2.389e+0,1.467e-19,3.887e-21,4.878e+1,,2.529e-25,6.576e-1,,1.498e-19,1.392e-21,1.486e+2,2.187e-1,3.311e-17,1.331e-19,2.698e-22,3.677e-19,1.389e+1,1.831e-1,1.269e+1,1.255e-6,3.131e+1,3.879e+1,,7.613e+1,,,4.325e-8,,,1.417e-19,,1.249e-18,,7.111e-19,,5.269e-2,,8.591e-18,,2.477e-4,2.068e-16
519.21,3.768e+2,3.679e-21,1.064e-26,4.265e-44,4.513e-30,,,1.510e+0,8.837e-22,,2.600e-15,8.705e-20,7.961e-25,9.849e-18,6.586e-3,2.796e-14,1.540e-20,4.207e-26,,2.283e+0,1.466e-19,4.440e-21,4.945e+1,,2.506e-25,6.823e-1,,1.491e-19,1.392e-21,1.485e+2,2.260e-1,4.291e-17,1.331e-19,2.697e-22,3.674e-19,1.568e+1,1.624e-1,1.123e+1,1.661e-6,2.996e+1,4.060e+1,,7.639e+1,,,5.956e-8,,,1.416e-19,,1.249e-18,,7.110e-19,,5.826e-2,,8.587e-18,,3.040e-4,2.068e-16
519.24,3.780e+2,3.684e-21,1.053e-26,4.256e-44,2.358e-30,,,1.255e+0,8.842e-22,,2.600e-15,4.177e-20,7.970e-25,9.848e-18,5.707e-3,3.106e-14,1.540e-20,4.206e-26,,2.121e+0,1.463e-19,5.391e-21,5.024e+1,,2.470e-25,7.210e-1,,1.482e-19,1.392e-21,1.477e+2,2.381e-1,6.297e-17,1.331e-19,2.696e-22,3.668e-19,1.869e+1,1.352e-1,9.296e+0,2.515e-6,2.794e+1,4.324e+1,,7.638e+1,,,9.615e-8,,,1.415e-19,,1.249e-18,,7.110e-19,,6.738e-2,,8.582e-18,,4.110e-4,2.069e-16
519.26,3.783e+2,3.687e-21,1.047e-26,4.250e-44,1.524e-30,,,1.106e+0,8.845e-22,,2.599e-15,4.316e-20,7.976e-25,9.848e-18,5.170e-3,3.320e-14,1.540e-20,4.205e-26,,2.013e+0,1.461e-19,6.114e-21,5.063e+1,,2.447e-25,7.481e-1,,1.475e-19,1.393e-21,1.466e+2,2.469e-1,8.104e-17,1.331e-19,2.696e-22,3.665e-19,2.095e+1,1.192e-1,8.166e+0,3.305e-6,2.659e+1,4.494e+1,,7.612e+1,,,1.320e-7,,,1.414e-19,,1.249e-18,,7.109e-19,,7.398e-2,,8.578e-18,,5.008e-4,2.069e-16
519.29,3.779e+2,3.691e-21,1.036e-26,4.241e-44,7.875e-31,,,9.096e-1,8.849e-22,,2.599e-15,4.525e-20,7.986e-25,9.848e-18,4.432e-3,3.649e-14,1.539e-20,4.204e-26,,1.850e+0,1.458e-19,7.346e-21,5.098e+1,,2.411e-25,7.913e-1,,1.465e-19,1.393e-21,1.442e+2,2.610e-1,1.177e-16,1.331e-19,2.695e-22,3.660e-19,2.474e+1,9.824e-2,6.688e+0,4.954e-6,2.461e+1,4.736e+1,,7.534e+1,,,2.114e-7,,,1.413e-19,,1.249e-18,,7.108e-19,,8.465e-2,,8.573e-18,,6.700e-4,2.069e-16
519.31,3.771e+2,3.694e-21,1.029e-26,4.235e-44,5.053e-31,,,7.956e-1,8.852e-22,,2.599e-15,4.664e-20,7.992e-25,9.848e-18,3.986e-3,3.873e-14,1.539e-20,4.203e-26,,1.743e+0,1.456e-19,8.272e-21,5.106e+1,,2.388e-25,8.223e-1,,1.458e-19,1.394e-21,1.421e+2,2.711e-1,1.504e-16,1.331e-19,2.695e-22,3.656e-19,2.754e+1,8.609e-2,5.833e+0,6.464e-6,2.330e+1,4.887e+1,,7.456e+1,,,2.885e-7,,,1.412e-19,,1.250e-18,,7.108e-19,,9.229e-2,,8.569e-18,,8.107e-4,2.070e-16
519.34,3.752e+2,3.698e-21,1.019e-26,4.226e-44,2.584e-31,,,6.474e-1,8.857e-22,,2.598e-15,4.872e-20,8.001e-25,9.848e-18,3.382e-3,4.212e-14,1.539e-20,4.201e-26,,1.585e+0,1.453e-19,9.833e-21,5.095e+1,,2.353e-25,8.730e-1,,1.449e-19,1.394e-21,1.383e+2,2.872e-1,2.161e-16,1.332e-19,2.694e-22,3.651e-19,3.220e+1,7.029e-2,4.726e+0,9.586e-6,2.140e+1,5.097e+1,,7.304e+1,,,4.574e-7,,,1.411e-19,,1.250e-18,,7.107e-19,,1.045e-1,,8.563e-18,,1.073e-3,2.070e-16
519.36,3.734e+2,3.701e-21,1.012e-26,4.220e-44,1.646e-31,,,5.623e-1,8.860e-22,,2.598e-15,5.011e-20,8.008e-25,9.848e-18,3.020e-3,4.438e-14,1.539e-20,4.201e-26,,1.483e+0,1.451e-19,1.100e-20,5.072e+1,,2.329e-25,9.102e-1,,1.442e-19,1.394e-21,1.354e+2,2.985e-1,2.742e-16,1.332e-19,2.693e-22,3.647e-19,3.561e+1,6.122e-2,4.093e+0,1.242e-5,2.017e+1,5.224e+1,,7.180e+1,,,6.199e-7,,,1.410e-19,,1.250e-18,,7.107e-19,,1.131e-1,,8.560e-18,,1.289e-3,2.070e-16
519.39,3.702e+2,3.706e-21,1.002e-26,4.211e-44,8.325e-32,,,4.527e-1,8.864e-22,,2.597e-15,5.220e-20,8.017e-25,9.848e-18,2.534e-3,4.776e-14,1.538e-20,4.199e-26,,1.334e+0,1.448e-19,1.293e-20,5.016e+1,,2.294e-25,9.725e-1,,1.432e-19,1.395e-21,1.304e+2,3.163e-1,3.899e-16,1.332e-19,2.693e-22,3.642e-19,4.123e+1,4.954e-2,3.281e+0,1.823e-5,1.838e+1,5.392e+1,,6.961e+1,,,9.726e-7,,,1.408e-19,,1.250e-18,,7.106e-19,,1.267e-1,,8.554e-18,,1.689e-3,2.070e-16
519.41,3.677e+2,3.709e-21,9.952e-27,4.205e-44,5.266e-32,,,3.904e-1,8.867e-22,,2.597e-15,5.359e-20,8.023e-25,9.847e-18,2.247e-3,4.997e-14,1.538e-20,4.198e-26,,1.239e+0,1.446e-19,1.436e-20,4.964e+1,,2.270e-25,1.019e+0,,1.425e-19,1.395e-21,1.267e+2,3.286e-1,4.913e-16,1.332e-19,2.692e-22,5.903e-19,4.531e+1,4.290e-2,2.822e+0,2.345e-5,1.724e+1,5.487e+1,,6.795e+1,,,1.309e-6,,,1.408e-19,,1.250e-18,,7.105e-19,,1.362e-1,,8.551e-18,,2.015e-3,2.071e-16
519.44,3.635e+2,3.713e-21,9.849e-27,4.196e-44,2.635e-32,,,3.110e-1,8.871e-22,,2.597e-15,5.568e-20,8.032e-25,9.847e-18,1.866e-3,5.321e-14,1.538e-20,4.197e-26,,1.103e+0,1.443e-19,1.671e-20,4.866e+1,,2.235e-25,1.099e+0,,1.416e-19,1.396e-21,1.208e+2,3.478e-1,6.912e-16,1.332e-19,2.691e-22,1.211e-18,5.196e+1,3.445e-2,2.238e+0,3.405e-5,1.559e+1,5.606e+1,,6.519e+1,,,2.032e-6,,,1.406e-19,,1.250e-18,,7.105e-19,,1.510e-1,,8.545e-18,,2.611e-3,2.071e-16
519.46,3.605e+2,3.716e-21,9.780e-27,4.190e-44,1.655e-32,,,2.663e-1,8.874e-22,,2.596e-15,5.707e-20,8.039e-25,9.847e-18,1.643e-3,5.528e-14,1.538e-20,4.196e-26,,1.018e+0,1.441e-19,1.842e-20,4.788e+1,,2.211e-25,1.159e+0,,1.409e-19,1.396e-21,1.166e+2,3.610e-1,8.649e-16,1.332e-19,2.691e-22,1.950e-18,5.674e+1,2.971e-2,1.911e+0,4.351e-5,1.455e+1,5.666e+1,,6.320e+1,,,2.715e-6,,,1.406e-19,,1.251e-18,,7.104e-19,,1.611e-1,,8.542e-18,,3.093e-3,2.071e-16
519.49,3.558e+2,3.720e-21,9.677e-27,4.181e-44,8.192e-33,,,2.098e-1,8.879e-22,,2.596e-15,5.916e-20,8.048e-25,9.847e-18,1.350e-3,5.823e-14,1.537e-20,4.195e-26,,8.963e-1,1.438e-19,2.122e-20,4.654e+1,,2.176e-25,1.263e+0,,1.399e-19,1.396e-21,1.099e+2,3.812e-1,1.204e-15,1.333e-19,2.690e-22,3.960e-18,6.446e+1,2.377e-2,1.499e+0,6.251e-5,1.306e+1,5.730e+1,,6.001e+1,,,4.171e-6,,,1.404e-19,,1.251e-18,,7.103e-19,,1.767e-1,,8.536e-18,,3.967e-3,2.072e-16
519.51,3.525e+2,3.723e-21,9.609e-27,4.175e-44,5.108e-33,,,1.784e-1,8.882e-22,,2.596e-15,6.055e-20,8.054e-25,9.847e-18,1.180e-3,6.008e-14,1.537e-20,4.194e-26,,8.207e-1,1.436e-19,2.323e-20,4.554e+1,,2.153e-25,1.342e+0,,1.393e-19,1.397e-21,1.054e+2,3.950e-1,1.496e-15,1.333e-19,2.689e-22,6.328e-18,6.996e+1,2.050e-2,1.271e+0,7.931e-5,1.213e+1,5.754e+1,,5.778e+1,,,5.534e-6,,,1.403e-19,,1.251e-18,,7.103e-19,,1.873e-1,,8.532e-18,,4.666e-3,2.072e-16
519.53,3.493e+2,3.726e-21,9.540e-27,4.169e-44,3.176e-33,,,1.512e-1,8.885e-22,,2.595e-15,6.194e-20,8.061e-25,9.847e-18,1.028e-3,6.180e-14,1.537e-20,4.193e-26,,7.494e-1,1.434e-19,2.535e-20,4.446e+1,,2.129e-25,1.431e+0,,1.386e-19,1.397e-21,1.007e+2,4.088e-1,1.853e-15,1.333e-19,2.689e-22,1.008e-17,7.574e+1,1.773e-2,1.075e+0,1.003e-4,1.124e+1,5.762e+1,,5.547e+1,,,7.322e-6,,,1.403e-19,,1.251e-18,,7.102e-19,,1.979e-1,,8.529e-18,,5.473e-3,2.072e-16
519.56,3.445e+2,3.731e-21,9.437e-27,4.160e-44,1.549e-33,,,1.174e-1,8.889e-22,,2.595e-15,6.403e-20,8.070e-25,9.846e-18,8.323e-4,6.414e-14,1.537e-20,4.192e-26,,6.503e-1,1.431e-19,2.876e-20,4.273e+1,,2.094e-25,1.585e+0,,1.376e-19,1.397e-21,9.357e+1,4.298e-1,2.542e-15,1.333e-19,2.688e-22,2.018e-17,8.495e+1,1.439e-2,8.307e-1,1.420e-4,9.984e+0,5.747e+1,,5.191e+1,,,1.108e-5,,,1.401e-19,,1.251e-18,,7.102e-19,,2.139e-1,,8.523e-18,,6.915e-3,2.072e-16
519.58,3.414e+2,3.734e-21,9.369e-27,4.153e-44,9.559e-34,,,9.884e-2,8.892e-22,,2.595e-15,6.542e-20,8.076e-25,9.846e-18,7.203e-4,6.552e-14,1.537e-20,4.191e-26,,5.896e-1,1.429e-19,3.118e-20,4.151e+1,,2.070e-25,1.702e+0,,1.369e-19,1.398e-21,8.880e+1,4.437e-1,3.127e-15,1.333e-19,2.688e-22,3.194e-17,9.142e+1,1.267e-2,6.972e-1,1.784e-4,9.204e+0,5.718e+1,,4.949e+1,,,1.456e-5,,,1.401e-19,,1.251e-18,,7.101e-19,,2.244e-1,,8.520e-18,,8.054e-3,2.073e-16
519.61,3.371e+2,3.738e-21,9.266e-27,4.144e-44,4.611e-34,,,7.592e-2,8.896e-22,,2.594e-15,6.750e-20,8.085e-25,9.846e-18,5.768e-4,6.728e-14,1.536e-20,4.189e-26,,5.063e-1,1.426e-19,3.500e-20,3.960e+1,,2.035e-25,1.905e+0,,1.360e-19,1.398e-21,8.165e+1,4.645e-1,4.245e-15,1.334e-19,2.687e-22,6.326e-17,1.016e+2,1.076e-2,5.333e-1,2.499e-4,8.116e+0,5.650e+1,,4.583e+1,,,2.181e-5,,,1.399e-19,,1.252e-18,,7.100e-19,,2.400e-1,,8.514e-18,,1.007e-2,2.073e-16
519.63,3.345e+2,3.741e-21,9.197e-27,4.138e-44,2.826e-34,,,6.345e-2,8.899e-22,,2.594e-15,6.890e-20,8.092e-25,9.846e-18,4.957e-4,6.824e-14,1.536e-20,4.188e-26,,4.557e-1,1.424e-19,3.767e-20,3.830e+1,,2.011e-25,2.060e+0,,1.353e-19,1.399e-21,7.695e+1,4.782e-1,5.185e-15,1.334e-19,2.686e-22,9.941e-17,1.087e+2,9.914e-3,4.444e-1,3.118e-4,7.444e+0,5.588e+1,,4.339e+1,,,2.846e-5,,,1.398e-19,,1.252e-18,,7.100e-19,,2.500e-1,,8.511e-18,,1.164e-2,2.073e-16
519.66,3.311e+2,3.745e-21,9.094e-27,4.129e-44,2.826e-34,,,4.822e-2,8.904e-22,,2.594e-15,7.098e-20,8.101e-25,9.846e-18,3.927e-4,6.934e-14,1.536e-20,4.187e-26,,3.872e-1,1.421e-19,4.184e-20,3.631e+1,,1.976e-25,2.324e+0,,1.343e-19,1.399e-21,7.002e+1,4.983e-1,6.964e-15,1.334e-19,2.685e-22,1.948e-16,1.199e+2,9.260e-3,3.363e-1,4.322e-4,6.514e+0,5.473e+1,,3.976e+1,,,4.218e-5,,,1.397e-19,,1.252e-18,,7.099e-19,,2.645e-1,,8.505e-18,,1.441e-2,2.074e-16
519.68,3.292e+2,3.748e-21,9.026e-27,4.123e-44,2.826e-34,,,4.002e-2,8.907e-22,,2.593e-15,7.237e-20,8.107e-25,9.846e-18,3.351e-4,6.983e-14,1.536e-20,4.186e-26,,3.460e-1,1.419e-19,4.472e-20,3.498e+1,,1.952e-25,2.525e+0,,1.336e-19,1.399e-21,6.552e+1,5.113e-1,8.447e-15,1.334e-19,2.685e-22,3.040e-16,1.275e+2,9.233e-3,2.783e-1,5.353e-4,5.944e+0,5.383e+1,,3.739e+1,,,5.464e-5,,,1.396e-19,,1.252e-18,,7.099e-19,,2.737e-1,,8.501e-18,,1.654e-2,2.074e-16
519.71,3.270e+2,3.753e-21,8.923e-27,4.114e-44,2.826e-34,,,3.009e-2,8.911e-22,,2.593e-15,7.446e-20,8.117e-25,9.845e-18,2.627e-4,7.021e-14,1.535e-20,4.185e-26,,2.909e-1,1.416e-19,4.915e-20,3.298e+1,,1.917e-25,2.867e+0,,1.327e-19,1.400e-21,5.899e+1,5.300e-1,1.123e-14,1.334e-19,2.684e-22,5.896e-16,1.394e+2,9.832e-3,2.083e-1,7.342e-4,5.160e+0,5.230e+1,,3.391e+1,,,8.013e-5,,,1.395e-19,,1.252e-18,,7.098e-19,,2.865e-1,,8.496e-18,,2.025e-2,2.074e-16
519.73,3.260e+2,3.756e-21,8.854e-27,4.108e-44,2.826e-34,,,2.479e-2,8.914e-22,,2.593e-15,7.585e-20,8.123e-25,9.845e-18,2.225e-4,7.021e-14,1.535e-20,4.184e-26,,2.581e-1,1.414e-19,5.215e-20,3.168e+1,,1.894e-25,3.124e+0,,1.320e-19,1.400e-21,5.481e+1,5.420e-1,1.352e-14,1.334e-19,2.684e-22,9.137e-16,1.476e+2,1.069e-2,1.712e-1,9.030e-4,4.684e+0,5.119e+1,,3.166e+1,,,1.031e-4,,,1.394e-19,,1.252e-18,,7.097e-19,,2.943e-1,,8.492e-18,,2.309e-2,2.074e-16
519.76,3.253e+2,3.760e-21,8.751e-27,4.099e-44,2.825e-34,,,1.844e-2,8.918e-22,,2.592e-15,7.794e-20,8.132e-25,9.845e-18,1.726e-4,6.983e-14,1.535e-20,4.183e-26,,2.147e-1,1.411e-19,5.671e-20,2.976e+1,,1.858e-25,3.558e+0,,1.310e-19,1.401e-21,4.884e+1,5.588e-1,1.778e-14,1.335e-19,2.683e-22,1.753e-15,1.600e+2,1.274e-2,1.268e-1,1.225e-3,4.034e+0,4.941e+1,,2.842e+1,,,1.496e-4,,,1.393e-19,,1.253e-18,,7.097e-19,,3.048e-1,,8.487e-18,,2.797e-2,2.075e-16
519.78,3.254e+2,3.763e-21,8.683e-27,4.093e-44,2.825e-34,,,1.509e-2,8.921e-22,,2.592e-15,7.933e-20,8.138e-25,9.845e-18,1.452e-4,6.934e-14,1.534e-20,4.182e-26,,1.892e-1,1.410e-19,5.976e-20,2.852e+1,,1.835e-25,3.882e+0,,1.304e-19,1.401e-21,4.506e+1,5.692e-1,2.127e-14,1.335e-19,2.682e-22,2.698e-15,1.685e+2,1.468e-2,1.034e-1,1.497e-3,3.642e+0,4.817e+1,,2.635e+1,,,1.911e-4,,,1.392e-19,,1.253e-18,,7.096e-19,,3.110e-1,,8.483e-18,,3.166e-2,2.075e-16
519.81,3.263e+2,3.768e-21,8.580e-27,4.084e-44,2.825e-34,,,1.111e-2,8.926e-22,,2.591e-15,8.142e-20,8.148e-25,9.845e-18,1.114e-4,6.824e-14,1.534e-20,4.180e-26,,1.556e-1,1.407e-19,6.429e-20,2.674e+1,,1.799e-25,4.424e+0,,1.294e-19,1.401e-21,3.973e+1,5.835e-1,2.767e-14,1.335e-19,2.681e-22,5.124e-15,1.814e+2,1.861e-2,7.580e-2,2.010e-3,3.112e+0,4.627e+1,,2.340e+1,,,2.744e-4,,,1.391e-19,,1.253e-18,,7.095e-19,,3.187e-1,,8.478e-18,,3.795e-2,2.075e-16
519.83,3.274e+2,3.770e-21,8.511e-27,4.078e-44,2.825e-34,,,9.021e-3,8.929e-22,,2.591e-15,8.281e-20,8.154e-25,9.845e-18,9.305e-5,6.728e-14,1.534e-20,4.179e-26,,1.362e-1,1.405e-19,6.727e-20,2.561e+1,,1.776e-25,4.824e+0,,1.287e-19,1.402e-21,3.640e+1,5.920e-1,3.286e-14,1.335e-19,2.681e-22,7.830e-15,1.900e+2,2.203e-2,6.140e-2,2.437e-3,2.794e+0,4.499e+1,,2.155e+1,,,3.480e-4,,,1.390e-19,,1.253e-18,,7.095e-19,,3.229e-1,,8.474e-18,,4.266e-2,2.075e-16
519.86,3.300e+2,3.775e-21,8.409e-27,4.069e-44,2.825e-34,,,6.569e-3,8.933e-22,,2.591e-15,8.489e-20,8.163e-25,9.845e-18,7.064e-5,6.552e-14,1.534e-20,4.178e-26,,1.109e-1,1.402e-19,7.162e-20,2.402e+1,,1.741e-25,5.487e+0,,1.277e-19,1.402e-21,3.176e+1,6.033e-1,4.231e-14,1.335e-19,2.680e-22,1.471e-14,2.031e+2,2.858e-2,4.452e-2,3.239e-3,2.367e+0,4.310e+1,,1.894e+1,,,4.946e-4,,,1.389e-19,,1.253e-18,,7.094e-19,,3.275e-1,,8.469e-18,,5.059e-2,2.076e-16
519.88,3.322e+2,3.778e-21,8.340e-27,4.063e-44,2.825e-34,,,5.298e-3,8.936e-22,,2.590e-15,8.629e-20,8.170e-25,9.844e-18,5.858e-5,6.414e-14,1.533e-20,4.177e-26,,9.632e-2,1.400e-19,7.440e-20,2.303e+1,,1.717e-25,5.973e+0,,1.271e-19,1.402e-21,2.889e+1,6.096e-1,4.990e-14,1.335e-19,2.680e-22,2.233e-14,2.118e+2,3.406e-2,3.580e-2,3.900e-3,2.113e+0,4.188e+1,,1.732e+1,,,6.229e-4,,,1.388e-19,,1.253e-18,,7.094e-19,,3.295e-1,,8.465e-18,,5.648e-2,2.076e-16
519.9,3.349e+2,3.781e-21,8.271e-27,4.057e-44,2.825e-34,,,4.261e-3,8.939e-22,,2.590e-15,8.768e-20,8.176e-25,9.844e-18,4.844e-5,6.262e-14,1.533e-20,4.176e-26,,8.344e-2,1.398e-19,7.708e-20,2.209e+1,,1.693e-25,6.495e+0,,1.264e-19,1.403e-21,2.621e+1,6.150e-1,5.869e-14,1.336e-19,2.679e-22,3.379e-14,2.205e+2,4.060e-2,2.871e-2,4.684e-3,1.883e+0,4.071e+1,,1.580e+1,,,7.823e-4,,,1.387e-19,,1.253e-18,,7.093e-19,,3.306e-1,,8.461e-18,,6.287e-2,2.076e-16
519.93,3.397e+2,3.785e-21,8.169e-27,4.048e-44,2.825e-34,,,3.057e-3,8.944e-22,,2.590e-15,8.976e-20,8.185e-25,9.844e-18,3.623e-5,6.008e-14,1.533e-20,4.175e-26,,6.692e-2,1.395e-19,8.085e-20,2.082e+1,,1.658e-25,7.348e+0,,1.254e-19,1.403e-21,2.253e+1,6.211e-1,7.446e-14,1.336e-19,2.678e-22,6.257e-14,2.335e+2,5.274e-2,2.051e-2,6.132e-3,1.576e+0,3.907e+1,,1.369e+1,,,1.095e-3,,,1.386e-19,,1.254e-18,,7.092e-19,,3.305e-1,,8.456e-18,,7.346e-2,2.077e-16
519.95,3.434e+2,3.788e-21,8.100e-27,4.042e-44,2.825e-34,,,2.441e-3,8.946e-22,,2.589e-15,9.115e-20,8.191e-25,9.844e-18,2.975e-5,5.823e-14,1.533e-20,4.174e-26,,5.756e-2,1.393e-19,8.317e-20,2.004e+1,,1.635e-25,7.964e+0,,1.247e-19,1.403e-21,2.030e+1,6.239e-1,8.696e-14,1.336e-19,2.678e-22,9.402e-14,2.420e+2,6.266e-2,1.633e-2,7.312e-3,1.396e+0,3.807e+1,,1.240e+1,,,1.366e-3,,,1.385e-19,,1.254e-18,,7.092e-19,,3.294e-1,,8.452e-18,,8.120e-2,2.077e-16
519.98,3.497e+2,3.793e-21,7.997e-27,4.033e-44,2.824e-34,,,1.733e-3,8.951e-22,,2.589e-15,9.324e-20,8.201e-25,9.844e-18,2.202e-5,5.528e-14,1.532e-20,4.173e-26,,4.568e-2,1.390e-19,8.631e-20,1.902e+1,,1.599e-25,8.961e+0,,1.238e-19,1.404e-21,1.727e+1,6.261e-1,1.092e-13,1.336e-19,2.677e-22,1.723e-13,2.547e+2,8.083e-2,1.154e-2,9.472e-3,1.159e+0,3.674e+1,,1.064e+1,,,1.893e-3,,,1.384e-19,,1.254e-18,,7.091e-19,,3.260e-1,,8.447e-18,,9.387e-2,2.077e-16
520,3.543e+2,3.795e-21,7.928e-27,4.027e-44,2.824e-34,,,1.374e-3,8.954e-22,,2.589e-15,9.463e-20,8.207e-25,9.844e-18,1.795e-5,5.321e-14,1.532e-20,4.172e-26,,3.901e-2,1.388e-19,8.816e-20,1.841e+1,,1.576e-25,9.673e+0,,1.231e-19,1.404e-21,1.545e+1,6.261e-1,1.266e-13,1.336e-19,2.676e-22,2.571e-13,2.629e+2,9.550e-2,9.125e-3,1.122e-2,1.020e+0,3.599e+1,,9.580e+0,,,2.344e-3,,,1.383e-19,,1.254e-18,,7.091e-19,,3.228e-1,,8.443e-18,,1.030e-1,2.077e-16
520.03,3.617e+2,3.800e-21,7.826e-27,4.018e-44,2.824e-34,,,9.647e-4,8.958e-22,,2.588e-15,9.672e-20,8.216e-25,9.843e-18,1.314e-5,4.997e-14,1.532e-20,4.170e-26,,3.063e-2,1.385e-19,9.053e-20,1.765e+1,,1.540e-25,1.081e+1,,1.221e-19,1.405e-21,1.300e+1,6.242e-1,1.573e-13,1.336e-19,2.676e-22,4.662e-13,2.750e+2,1.221e-1,6.381e-3,1.438e-2,8.391e-1,3.507e+1,,8.144e+0,,,3.213e-3,,,1.382e-19,,1.254e-18,,7.090e-19,,3.164e-1,,8.438e-18,,1.179e-1,2.078e-16
520.05,3.671e+2,3.803e-21,7.757e-27,4.012e-44,2.824e-34,,,7.595e-4,8.961e-22,,2.588e-15,9.811e-20,8.223e-25,9.843e-18,1.064e-5,4.776e-14,1.532e-20,4.169e-26,,2.597e-2,1.383e-19,9.182e-20,1.722e+1,,1.517e-25,1.162e+1,,1.215e-19,1.405e-21,1.155e+1,6.214e-1,1.812e-13,1.337e-19,2.675e-22,6.908e-13,2.828e+2,1.433e-1,5.009e-3,1.690e-2,7.344e-1,3.461e+1,,7.288e+0,,,3.951e-3,,,1.381e-19,,1.254e-18,,7.089e-19,,3.113e-1,,8.434e-18,,1.285e-1,2.078e-16
520.08,3.755e+2,3.807e-21,7.654e-27,4.003e-44,2.824e-34,,,5.277e-4,8.966e-22,,2.588e-15,1.002e-19,8.232e-25,9.843e-18,7.706e-6,4.438e-14,1.531e-20,4.168e-26,,2.018e-2,1.380e-19,9.329e-20,1.672e+1,,1.482e-25,1.290e+1,,1.205e-19,1.406e-21,9.619e+0,6.153e-1,2.227e-13,1.337e-19,2.674e-22,1.240e-12,2.941e+2,1.813e-1,3.465e-3,2.144e-2,5.986e-1,3.415e+1,,6.146e+0,,,5.360e-3,,,1.380e-19,,1.255e-18,,7.089e-19,,3.024e-1,,8.428e-18,,1.454e-1,2.078e-16
520.1,3.814e+2,3.810e-21,7.586e-27,3.996e-44,2.824e-34,,,4.125e-4,8.969e-22,,2.587e-15,1.016e-19,8.238e-25,9.843e-18,6.194e-6,4.212e-14,1.531e-20,4.167e-26,,1.699e-2,1.378e-19,9.396e-20,1.647e+1,,1.458e-25,1.379e+1,,1.198e-19,1.406e-21,8.485e+0,6.099e-1,2.548e-13,1.337e-19,2.674e-22,1.824e-12,3.013e+2,2.113e-1,2.701e-3,2.503e-2,5.208e-1,3.401e+1,,5.474e+0,,,6.545e-3,,,1.379e-19,,1.255e-18,,7.088e-19,,2.958e-1,,8.425e-18,,1.574e-1,2.079e-16
520.13,3.905e+2,3.815e-21,7.483e-27,3.987e-44,2.824e-34,,,2.835e-4,8.973e-22,,2.587e-15,1.037e-19,8.248e-25,9.843e-18,4.439e-6,3.873e-14,1.531e-20,4.166e-26,,1.306e-2,1.375e-19,9.446e-20,1.624e+1,,1.423e-25,1.519e+1,,1.188e-19,1.406e-21,6.993e+0,5.998e-1,3.100e-13,1.337e-19,2.673e-22,3.239e-12,3.117e+2,2.646e-1,1.849e-3,3.142e-2,4.206e-1,3.406e+1,,4.591e+0,,,8.785e-3,,,1.378e-19,,1.255e-18,,7.087e-19,,2.850e-1,,8.419e-18,,1.762e-1,2.079e-16
520.15,3.968e+2,3.818e-21,7.414e-27,3.981e-44,2.824e-34,,,2.200e-4,8.976e-22,,2.586e-15,1.051e-19,8.254e-25,9.843e-18,3.543e-6,3.649e-14,1.531e-20,4.165e-26,,1.092e-2,1.373e-19,9.446e-20,1.618e+1,,1.399e-25,1.616e+1,,1.182e-19,1.407e-21,6.125e+0,5.918e-1,3.521e-13,1.337e-19,2.672e-22,4.732e-12,3.182e+2,3.063e-1,1.431e-3,3.642e-2,3.636e-1,3.425e+1,,4.079e+0,,,1.065e-2,,,1.377e-19,,1.255e-18,,7.087e-19,,2.774e-1,,8.416e-18,,1.894e-1,2.079e-16
520.18,4.062e+2,3.822e-21,7.311e-27,3.972e-44,2.823e-34,,,1.497e-4,8.980e-22,,2.586e-15,1.072e-19,8.263e-25,9.842e-18,2.512e-6,3.320e-14,1.530e-20,4.164e-26,,8.301e-3,1.370e-19,9.396e-20,1.622e+1,,1.364e-25,1.767e+1,,1.172e-19,1.407e-21,4.995e+0,5.780e-1,4.240e-13,1.337e-19,2.672e-22,8.315e-12,3.273e+2,3.796e-1,9.688e-4,4.523e-2,2.909e-1,3.477e+1,,3.417e+0,,,1.415e-2,,,1.375e-19,,1.255e-18,,7.086e-19,,2.656e-1,,8.410e-18,,2.099e-1,2.079e-16
520.2,4.125e+2,3.825e-21,7.243e-27,3.966e-44,2.823e-34,,,1.153e-4,8.983e-22,,2.586e-15,1.085e-19,8.269e-25,9.842e-18,1.991e-6,3.106e-14,1.530e-20,4.163e-26,,6.891e-3,1.368e-19,9.329e-20,1.635e+1,,1.340e-25,1.869e+1,,1.165e-19,1.407e-21,4.345e+0,5.677e-1,4.782e-13,1.338e-19,2.671e-22,1.207e-11,3.330e+2,4.364e-1,7.444e-4,5.207e-2,2.499e-1,3.528e+1,,3.041e+0,,,1.703e-2,,,1.375e-19,,1.255e-18,,7.086e-19,,2.576e-1,,8.407e-18,,2.239e-1,2.080e-16
520.23,4.218e+2,3.829e-21,7.140e-27,3.957e-44,2.823e-34,,,7.760e-5,8.988e-22,,2.585e-15,1.106e-19,8.279e-25,9.842e-18,1.397e-6,2.796e-14,1.530e-20,4.161e-26,,5.185e-3,1.365e-19,9.182e-20,1.667e+1,,1.305e-25,2.026e+1,,1.155e-19,1.408e-21,3.506e+0,5.507e-1,5.700e-13,1.338e-19,2.670e-22,2.098e-11,3.407e+2,5.351e-1,4.987e-4,6.398e-2,1.981e-1,3.625e+1,,2.567e+0,,,2.239e-2,,,1.373e-19,,1.256e-18,,7.085e-19,,2.456e-1,,8.401e-18,,2.455e-1,2.080e-16
520.25,4.279e+2,3.832e-21,7.071e-27,3.951e-44,2.823e-34,,,5.937e-5,8.991e-22,,2.585e-15,1.120e-19,8.285e-25,9.842e-18,1.099e-6,2.597e-14,1.530e-20,4.160e-26,,4.274e-3,1.363e-19,9.053e-20,1.699e+1,,1.281e-25,2.132e+1,,1.149e-19,1.408e-21,3.028e+0,5.385e-1,6.386e-13,1.338e-19,2.670e-22,3.023e-11,3.453e+2,6.108e-1,3.805e-4,7.314e-2,1.691e-1,3.702e+1,,2.306e+0,,,2.677e-2,,,1.373e-19,,1.256e-18,,7.084e-19,,2.378e-1,,8.397e-18,,2.602e-1,2.080e-16
520.27,4.339e+2,3.835e-21,7.003e-27,3.945e-44,2.823e-34,,,4.530e-5,8.994e-22,,2.585e-15,1.134e-19,8.291e-25,9.842e-18,8.620e-7,2.406e-14,1.529e-20,4.160e-26,,3.513e-3,1.361e-19,8.901e-20,1.738e+1,,1.258e-25,2.239e+1,,1.142e-19,1.408e-21,2.608e+0,5.256e-1,7.136e-13,1.338e-19,2.669e-22,4.343e-11,3.495e+2,6.953e-1,2.895e-4,8.338e-2,1.439e-1,3.790e+1,,2.085e+0,,,3.191e-2,,,1.372e-19,,1.256e-18,,7.084e-19,,2.303e-1,,8.394e-18,,2.749e-1,2.080e-16
520.3,4.424e+2,3.840e-21,6.900e-27,3.936e-44,2.823e-34,,,3.003e-5,8.998e-22,,2.584e-15,1.155e-19,8.301e-25,9.842e-18,5.958e-7,2.134e-14,1.529e-20,4.158e-26,,2.604e-3,1.358e-19,8.631e-20,1.811e+1,,1.223e-25,2.398e+1,,1.132e-19,1.409e-21,2.074e+0,5.053e-1,8.385e-13,1.338e-19,2.669e-22,7.442e-11,3.549e+2,8.400e-1,1.911e-4,1.009e-1,1.125e-1,3.936e+1,,1.822e+0,,,4.133e-2,,,1.370e-19,,1.256e-18,,7.083e-19,,2.198e-1,,8.388e-18,,2.970e-1,2.081e-16
520.32,4.478e+2,3.843e-21,6.831e-27,3.930e-44,2.823e-34,,,2.275e-5,9.001e-22,,2.584e-15,1.169e-19,8.307e-25,9.842e-18,4.641e-7,1.963e-14,1.529e-20,4.157e-26,,2.125e-3,1.356e-19,8.426e-20,1.869e+1,,1.199e-25,2.504e+1,,1.126e-19,1.409e-21,1.774e+0,4.911e-1,9.306e-13,1.338e-19,2.668e-22,1.062e-10,3.579e+2,9.495e-1,1.443e-4,1.143e-1,9.520e-2,4.042e+1,,1.690e+0,,,4.893e-2,,,1.370e-19,,1.256e-18,,7.082e-19,,2.135e-1,,8.385e-18,,3.116e-1,2.081e-16
520.35,4.552e+2,3.847e-21,6.728e-27,3.921e-44,2.823e-34,,,1.492e-5,9.005e-22,,2.584e-15,1.190e-19,8.316e-25,9.841e-18,3.174e-7,1.722e-14,1.529e-20,4.156e-26,,1.558e-3,1.354e-19,8.085e-20,1.972e+1,,1.164e-25,2.660e+1,,1.116e-19,1.410e-21,1.395e+0,4.692e-1,1.083e-12,1.339e-19,2.667e-22,1.800e-10,3.614e+2,1.135e+0,9.426e-5,1.369e-1,7.370e-2,4.211e+1,,1.550e+0,,,6.269e-2,,,1.368e-19,,1.256e-18,,7.082e-19,,2.052e-1,,8.379e-18,,3.331e-1,2.081e-16
520.37,4.597e+2,3.850e-21,6.660e-27,3.915e-44,2.822e-34,,,1.122e-5,9.008e-22,,2.583e-15,1.204e-19,8.322e-25,9.841e-18,2.455e-7,1.573e-14,1.528e-20,4.155e-26,,1.263e-3,1.352e-19,7.837e-20,2.050e+1,,1.140e-25,2.761e+1,,1.109e-19,1.410e-21,1.185e+0,4.543e-1,1.194e-12,1.339e-19,2.667e-22,2.551e-10,3.630e+2,1.274e+0,7.069e-5,1.539e-1,6.194e-2,4.328e+1,,1.492e+0,,,7.370e-2,,,1.368e-19,,1.256e-18,,7.081e-19,,2.007e-1,,8.375e-18,,3.470e-1,2.082e-16
520.4,4.656e+2,3.854e-21,6.557e-27,3.906e-44,2.822e-34,,,7.282e-6,9.013e-22,,2.583e-15,1.225e-19,8.332e-25,9.841e-18,1.661e-7,1.366e-14,1.528e-20,4.154e-26,,9.162e-4,1.349e-19,7.440e-20,2.182e+1,,1.105e-25,2.908e+1,,1.099e-19,1.410e-21,9.225e-1,4.317e-1,1.375e-12,1.339e-19,2.666e-22,4.280e-10,3.644e+2,1.507e+0,4.568e-5,1.824e-1,4.748e-2,4.507e+1,,1.455e+0,,,9.345e-2,,,1.366e-19,,1.257e-18,,7.080e-19,,1.957e-1,,8.370e-18,,3.670e-1,2.082e-16
520.42,4.689e+2,3.857e-21,6.488e-27,3.900e-44,2.822e-34,,,5.439e-6,9.016e-22,,2.583e-15,1.238e-19,8.338e-25,9.841e-18,1.275e-7,1.239e-14,1.528e-20,4.153e-26,,7.371e-4,1.347e-19,7.162e-20,2.279e+1,,1.081e-25,3.002e+1,,1.093e-19,1.411e-21,7.780e-1,4.166e-1,1.507e-12,1.339e-19,2.665e-22,6.022e-10,3.646e+2,1.680e+0,3.401e-5,2.036e-1,3.963e-2,4.627e+1,,1.461e+0,,,1.091e-1,,,1.365e-19,,1.257e-18,,7.080e-19,,1.938e-1,,8.366e-18,,3.796e-1,2.082e-16
520.45,4.730e+2,3.862e-21,6.385e-27,3.891e-44,2.822e-34,,,3.492e-6,9.020e-22,,2.582e-15,1.259e-19,8.347e-25,9.841e-18,8.538e-8,1.064e-14,1.528e-20,4.151e-26,,5.292e-4,1.344e-19,6.727e-20,2.439e+1,,1.046e-25,3.135e+1,,1.083e-19,1.411e-21,5.993e-1,3.942e-1,1.719e-12,1.339e-19,2.665e-22,9.998e-10,3.637e+2,1.966e+0,2.174e-5,2.388e-1,3.008e-2,4.803e+1,,1.513e+0,,,1.369e-1,,,1.364e-19,,1.257e-18,,7.079e-19,,1.931e-1,,8.361e-18,,3.973e-1,2.082e-16
520.47,4.749e+2,3.865e-21,6.317e-27,3.885e-44,2.822e-34,,,2.589e-6,9.023e-22,,2.582e-15,1.273e-19,8.354e-25,9.841e-18,6.510e-8,9.582e-15,1.527e-20,4.151e-26,,4.228e-4,1.342e-19,6.429e-20,2.555e+1,,1.022e-25,3.217e+1,,1.076e-19,1.412e-21,5.018e-1,3.796e-1,1.872e-12,1.339e-19,2.664e-22,1.397e-9,3.624e+2,2.176e+0,1.608e-5,2.646e-1,2.494e-2,4.917e+1,,1.575e+0,,,1.587e-1,,,1.363e-19,,1.257e-18,,7.079e-19,,1.942e-1,,8.357e-18,,4.081e-1,2.083e-16
520.5,4.767e+2,3.869e-21,6.214e-27,3.876e-44,2.822e-34,,,1.645e-6,9.028e-22,,2.581e-15,1.294e-19,8.363e-25,9.840e-18,4.312e-8,8.145e-15,1.527e-20,4.149e-26,,3.003e-4,1.339e-19,5.976e-20,2.741e+1,,9.871e-26,3.330e+1,,1.066e-19,1.412e-21,3.825e-1,3.584e-1,2.117e-12,1.340e-19,2.663e-22,2.295e-9,3.591e+2,2.520e+0,1.017e-5,3.071e-1,1.874e-2,5.078e+1,,1.705e+0,,,1.970e-1,,,1.362e-19,,1.257e-18,,7.078e-19,,1.987e-1,,8.352e-18,,4.226e-1,2.083e-16
520.52,4.771e+2,3.872e-21,6.145e-27,3.870e-44,2.822e-34,,,1.211e-6,9.030e-22,,2.581e-15,1.308e-19,8.369e-25,9.840e-18,3.265e-8,7.283e-15,1.527e-20,4.148e-26,,2.382e-4,1.337e-19,5.671e-20,2.873e+1,,9.636e-26,3.398e+1,,1.060e-19,1.412e-21,3.181e-1,3.448e-1,2.290e-12,1.340e-19,2.663e-22,3.184e-9,3.561e+2,2.770e+0,7.465e-6,3.380e-1,1.544e-2,5.177e+1,,1.817e+0,,,2.267e-1,,,1.361e-19,,1.257e-18,,7.077e-19,,2.036e-1,,8.348e-18,,4.311e-1,2.083e-16
520.55,4.764e+2,3.876e-21,6.042e-27,3.861e-44,2.822e-34,,,7.609e-7,9.035e-22,,2.581e-15,1.329e-19,8.378e-25,9.840e-18,2.139e-8,6.125e-15,1.527e-20,4.147e-26,,1.674e-4,1.334e-19,5.215e-20,3.080e+1,,9.283e-26,3.487e+1,,1.050e-19,1.413e-21,2.399e-1,3.258e-1,2.567e-12,1.340e-19,2.662e-22,5.177e-9,3.505e+2,3.174e+0,4.671e-6,3.882e-1,1.148e-2,5.311e+1,,2.019e+0,,,2.785e-1,,,1.360e-19,,1.258e-18,,7.077e-19,,2.140e-1,,8.343e-18,,4.417e-1,2.084e-16
520.57,4.751e+2,3.879e-21,5.974e-27,3.855e-44,2.822e-34,,,5.563e-7,9.038e-22,,2.580e-15,1.343e-19,8.385e-25,9.840e-18,1.608e-8,5.438e-15,1.526e-20,4.146e-26,,1.318e-4,1.332e-19,4.915e-20,3.225e+1,,9.047e-26,3.538e+1,,1.043e-19,1.413e-21,1.981e-1,3.140e-1,2.763e-12,1.340e-19,2.661e-22,7.133e-9,3.460e+2,3.463e+0,3.405e-6,4.242e-1,9.392e-3,5.388e+1,,2.175e+0,,,3.183e-1,,,1.359e-19,,1.258e-18,,7.076e-19,,2.231e-1,,8.339e-18,,4.473e-1,2.084e-16
520.6,4.718e+2,3.884e-21,5.871e-27,3.846e-44,2.821e-34,,,3.459e-7,9.042e-22,,2.580e-15,1.364e-19,8.394e-25,9.840e-18,1.043e-8,4.525e-15,1.526e-20,4.145e-26,,9.167e-5,1.329e-19,4.472e-20,3.449e+1,,8.694e-26,3.599e+1,,1.033e-19,1.414e-21,1.479e-1,2.981e-1,3.071e-12,1.340e-19,2.661e-22,1.148e-8,3.380e+2,3.927e+0,2.108e-6,4.820e-1,6.914e-3,5.485e+1,,2.442e+0,,,3.870e-1,,,1.358e-19,,1.258e-18,,7.075e-19,,2.401e-1,,8.334e-18,,4.535e-1,2.084e-16
520.62,4.687e+2,3.887e-21,5.802e-27,3.840e-44,2.821e-34,,,2.511e-7,9.045e-22,,2.580e-15,1.378e-19,8.400e-25,9.840e-18,7.782e-9,3.989e-15,1.526e-20,4.144e-26,,7.169e-5,1.327e-19,4.184e-20,3.602e+1,,8.459e-26,3.630e+1,,1.027e-19,1.414e-21,1.213e-1,2.888e-1,3.288e-12,1.341e-19,2.660e-22,1.570e-8,3.320e+2,4.256e+0,1.526e-6,5.231e-1,5.618e-3,5.536e+1,,2.640e+0,,,4.392e-1,,,1.357e-19,,1.258e-18,,7.075e-19,,2.537e-1,,8.330e-18,,4.561e-1,2.084e-16
520.64,4.649e+2,3.890e-21,5.734e-27,3.833e-44,2.821e-34,,,1.817e-7,9.048e-22,,2.579e-15,1.392e-19,8.406e-25,9.840e-18,5.792e-9,3.507e-15,1.526e-20,4.143e-26,,5.590e-5,1.325e-19,3.904e-20,3.758e+1,,8.223e-26,3.653e+1,,1.020e-19,1.414e-21,9.915e-2,2.807e-1,3.513e-12,1.341e-19,2.660e-22,2.142e-8,3.254e+2,4.599e+0,1.101e-6,5.660e-1,4.552e-3,5.574e+1,,2.853e+0,,,4.971e-1,,,1.356e-19,,1.258e-18,,7.074e-19,,2.693e-1,,8.326e-18,,4.574e-1,2.085e-16
520.67,4.579e+2,3.894e-21,5.631e-27,3.824e-44,2.821e-34,,,1.113e-7,9.053e-22,,2.579e-15,1.412e-19,8.416e-25,9.839e-18,3.700e-9,2.875e-15,1.525e-20,4.142e-26,,3.829e-5,1.322e-19,3.500e-20,3.992e+1,,7.870e-26,3.672e+1,,1.010e-19,1.415e-21,7.295e-2,2.709e-1,3.865e-12,1.341e-19,2.659e-22,3.396e-8,3.145e+2,5.138e+0,6.716e-7,6.338e-1,3.303e-3,5.609e+1,,3.201e+0,,,5.954e-1,,,1.355e-19,,1.258e-18,,7.074e-19,,2.963e-1,,8.321e-18,,4.569e-1,2.085e-16
520.69,4.524e+2,3.897e-21,5.562e-27,3.818e-44,2.821e-34,,,8.000e-8,9.055e-22,,2.579e-15,1.426e-19,8.422e-25,9.839e-18,2.734e-9,2.509e-15,1.525e-20,4.141e-26,,2.965e-5,1.320e-19,3.243e-20,4.148e+1,,7.635e-26,3.673e+1,,1.004e-19,1.415e-21,5.926e-2,2.663e-1,4.111e-12,1.341e-19,2.658e-22,4.601e-8,3.066e+2,5.513e+0,4.813e-7,6.810e-1,2.658e-3,5.616e+1,,3.449e+0,,,6.692e-1,,,1.354e-19,,1.259e-18,,7.073e-19,,3.167e-1,,8.317e-18,,4.550e-1,2.085e-16
520.72,4.429e+2,3.901e-21,5.459e-27,3.809e-44,2.821e-34,,,4.848e-8,9.060e-22,,2.578e-15,1.447e-19,8.431e-25,9.839e-18,1.728e-9,2.035e-15,1.525e-20,4.139e-26,,2.010e-5,1.317e-19,2.876e-20,4.379e+1,,7.282e-26,3.660e+1,,9.936e-20,1.415e-21,4.319e-2,2.622e-1,4.497e-12,1.341e-19,2.657e-22,7.218e-8,2.939e+2,6.095e+0,2.904e-7,7.545e-1,1.909e-3,5.603e+1,,3.845e+0,,,7.931e-1,,,1.353e-19,,1.259e-18,,7.072e-19,,3.509e-1,,8.312e-18,,4.497e-1,2.086e-16
520.74,4.358e+2,3.904e-21,5.391e-27,3.803e-44,2.821e-34,,,3.459e-8,9.063e-22,,2.578e-15,1.461e-19,8.438e-25,9.839e-18,1.268e-9,1.764e-15,1.525e-20,4.138e-26,,1.545e-5,1.315e-19,2.646e-20,4.530e+1,,7.046e-26,3.640e+1,,9.871e-20,1.416e-21,3.489e-2,2.616e-1,4.765e-12,1.341e-19,2.657e-22,9.712e-8,2.849e+2,6.494e+0,2.066e-7,8.050e-1,1.526e-3,5.579e+1,,4.123e+0,,,8.851e-1,,,1.352e-19,,1.259e-18,,7.072e-19,,3.762e-1,,8.308e-18,,4.446e-1,2.086e-16
520.77,4.242e+2,3.909e-21,5.288e-27,3.794e-44,2.821e-34,,,2.074e-8,9.067e-22,,2.578e-15,1.482e-19,8.447e-25,9.839e-18,7.927e-10,1.416e-15,1.524e-20,4.137e-26,,1.036e-5,1.312e-19,2.323e-20,4.747e+1,,6.693e-26,3.595e+1,,9.772e-20,1.416e-21,2.526e-2,2.643e-1,5.185e-12,1.342e-19,2.656e-22,1.508e-7,2.708e+2,7.104e+0,1.234e-7,8.826e-1,1.085e-3,5.521e+1,,4.557e+0,,,1.038e+0,,,1.351e-19,,1.259e-18,,7.071e-19,,4.174e-1,,8.303e-18,,4.349e-1,2.086e-16
520.79,4.157e+2,3.912e-21,5.219e-27,3.788e-44,2.820e-34,,,1.470e-8,9.070e-22,,2.577e-15,1.496e-19,8.453e-25,9.839e-18,5.775e-10,1.219e-15,1.524e-20,4.136e-26,,7.909e-6,1.310e-19,2.122e-20,4.885e+1,,6.458e-26,3.555e+1,,9.706e-20,1.417e-21,2.036e-2,2.686e-1,5.479e-12,1.342e-19,2.656e-22,2.014e-7,2.610e+2,7.515e+0,8.715e-8,9.351e-1,8.609e-4,5.469e+1,,4.857e+0,,,1.150e+0,,,1.350e-19,,1.259e-18,,7.071e-19,,4.472e-1,,8.299e-18,,4.270e-1,2.086e-16
520.82,4.022e+2,3.916e-21,5.117e-27,3.779e-44,2.820e-34,,,8.718e-9,9.075e-22,,2.577e-15,1.517e-19,8.463e-25,9.838e-18,3.573e-10,9.676e-16,1.524e-20,4.135e-26,,5.247e-6,1.307e-19,1.842e-20,5.078e+1,,6.104e-26,3.480e+1,,9.607e-20,1.417e-21,1.479e-2,2.789e-1,5.941e-12,1.342e-19,2.655e-22,3.094e-7,2.460e+2,8.135e+0,5.148e-8,1.014e+0,6.056e-4,5.371e+1,,5.319e+0,,,1.335e+0,,,1.349e-19,,1.259e-18,,7.070e-19,,4.950e-1,,8.293e-18,,4.132e-1,2.087e-16
520.84,3.927e+2,3.919e-21,5.048e-27,3.773e-44,2.820e-34,,,6.133e-9,9.078e-22,,2.577e-15,1.531e-19,8.469e-25,9.838e-18,2.584e-10,8.269e-16,1.524e-20,4.134e-26,,3.977e-6,1.305e-19,1.671e-20,5.196e+1,,5.869e-26,3.420e+1,,9.541e-20,1.417e-21,1.202e-2,2.887e-1,6.264e-12,1.342e-19,2.654e-22,4.105e-7,2.357e+2,8.546e+0,3.611e-8,1.067e+0,4.773e-4,5.295e+1,,5.632e+0,,,1.469e+0,,,1.348e-19,,1.260e-18,,7.069e-19,,5.288e-1,,8.290e-18,,4.028e-1,2.087e-16
520.87,3.778e+2,3.924e-21,4.945e-27,3.764e-44,2.820e-34,,,3.599e-9,9.082e-22,,2.576e-15,1.551e-19,8.478e-25,9.838e-18,1.582e-10,6.497e-16,1.523e-20,4.132e-26,,2.611e-6,1.302e-19,1.436e-20,5.356e+1,,5.516e-26,3.319e+1,,9.442e-20,1.418e-21,9.007e-3,3.077e-1,6.777e-12,1.342e-19,2.654e-22,6.240e-7,2.201e+2,9.154e+0,2.110e-8,1.146e+0,3.323e-4,5.167e+1,,6.106e+0,,,1.687e+0,,,1.347e-19,,1.260e-18,,7.069e-19,,5.820e-1,,8.284e-18,,3.857e-1,2.087e-16
520.89,3.676e+2,3.926e-21,4.876e-27,3.758e-44,2.820e-34,,,2.514e-9,9.085e-22,,2.576e-15,1.565e-19,8.484e-25,9.838e-18,1.136e-10,5.512e-16,1.523e-20,4.132e-26,,1.965e-6,1.300e-19,1.293e-20,5.449e+1,,5.280e-26,3.243e+1,,9.376e-20,1.418e-21,7.621e-3,3.235e-1,7.140e-12,1.342e-19,2.653e-22,8.221e-7,2.096e+2,9.549e+0,1.470e-8,1.197e+0,2.601e-4,5.075e+1,,6.422e+0,,,1.844e+0,,,1.346e-19,,1.260e-18,,7.068e-19,,6.191e-1,,8.281e-18,,3.734e-1,2.087e-16
520.92,3.518e+2,3.931e-21,4.774e-27,3.749e-44,2.820e-34,,,1.460e-9,9.089e-22,,2.575e-15,1.586e-19,8.494e-25,9.838e-18,6.880e-11,4.286e-16,1.523e-20,4.130e-26,,1.276e-6,1.298e-19,1.100e-20,5.566e+1,,4.927e-26,3.119e+1,,9.277e-20,1.419e-21,6.319e-3,3.519e-1,7.720e-12,1.343e-19,2.652e-22,1.237e-6,1.939e+2,1.012e+1,8.498e-9,1.272e+0,1.792e-4,4.929e+1,,6.891e+0,,,2.095e+0,,,1.345e-19,,1.260e-18,,7.067e-19,,6.764e-1,,8.275e-18,,3.538e-1,2.088e-16
520.94,3.411e+2,3.934e-21,4.705e-27,3.743e-44,2.820e-34,,,1.013e-9,9.092e-22,,2.575e-15,1.600e-19,8.500e-25,9.838e-18,4.907e-11,3.611e-16,1.523e-20,4.129e-26,,9.536e-7,1.296e-19,9.834e-21,5.628e+1,,4.692e-26,3.030e+1,,9.211e-20,1.419e-21,5.909e-3,3.742e-1,8.133e-12,1.343e-19,2.652e-22,1.618e-6,1.835e+2,1.048e+1,5.877e-9,1.319e+0,1.393e-4,4.829e+1,,7.198e+0,,,2.274e+0,,,1.344e-19,,1.260e-18,,7.067e-19,,7.157e-1,,8.271e-18,,3.401e-1,2.088e-16
520.97,3.249e+2,3.938e-21,4.602e-27,3.734e-44,2.820e-34,,,5.817e-10,9.097e-22,,2.575e-15,1.621e-19,8.509e-25,9.837e-18,2.940e-11,2.777e-16,1.522e-20,4.128e-26,,6.127e-7,1.293e-19,8.272e-21,5.696e+1,,4.339e-26,2.888e+1,,9.112e-20,1.419e-21,5.934e-3,4.126e-1,8.800e-12,1.343e-19,2.651e-22,2.408e-6,1.681e+2,1.099e+1,3.362e-9,1.387e+0,9.501e-5,4.680e+1,,7.644e+0,,,2.557e+0,,,1.343e-19,,1.260e-18,,7.066e-19,,7.754e-1,,8.266e-18,,3.188e-1,2.088e-16
520.99,3.141e+2,3.941e-21,4.534e-27,3.728e-44,2.819e-34,,,4.006e-10,9.100e-22,,2.574e-15,1.635e-19,8.516e-25,9.837e-18,2.082e-11,2.323e-16,1.522e-20,4.127e-26,,4.546e-7,1.291e-19,7.346e-21,5.724e+1,,4.103e-26,2.789e+1,,9.046e-20,1.420e-21,6.377e-3,4.416e-1,9.280e-12,1.343e-19,2.650e-22,3.129e-6,1.581e+2,1.131e+1,2.308e-9,1.429e+0,7.338e-5,4.584e+1,,7.928e+0,,,2.755e+0,,,1.342e-19,,1.261e-18,,7.066e-19,,8.156e-1,,8.262e-18,,3.043e-1,2.089e-16
521.02,2.980e+2,3.946e-21,4.431e-27,3.719e-44,2.819e-34,,,2.277e-10,9.104e-22,,2.574e-15,1.656e-19,8.525e-25,9.837e-18,1.234e-11,1.768e-16,1.522e-20,4.126e-26,,2.890e-7,1.288e-19,6.114e-21,5.739e+1,,3.750e-26,2.635e+1,,8.948e-20,1.420e-21,7.731e-3,4.903e-1,1.006e-11,1.343e-19,2.650e-22,4.609e-6,1.435e+2,1.173e+1,1.306e-9,1.487e+0,4.961e-5,4.449e+1,,8.331e+0,,,3.066e+0,,,1.340e-19,,1.261e-18,,7.065e-19,,8.756e-1,,8.257e-18,,2.823e-1,2.089e-16
521.04,2.875e+2,3.949e-21,4.362e-27,3.713e-44,2.819e-34,,,1.557e-10,9.107e-22,,2.574e-15,1.670e-19,8.531e-25,9.837e-18,8.676e-12,1.469e-16,1.522e-20,4.125e-26,,2.129e-7,1.286e-19,5.391e-21,5.731e+1,,3.515e-26,2.529e+1,,8.882e-20,1.420e-21,9.152e-3,5.262e-1,1.062e-11,1.343e-19,2.649e-22,5.946e-6,1.341e+2,1.198e+1,8.907e-10,1.521e+0,3.814e-5,4.367e+1,,8.581e+0,,,3.281e+0,,,1.340e-19,,1.261e-18,,7.064e-19,,9.152e-1,,8.253e-18,,2.675e-1,2.089e-16
521.06,2.771e+2,3.951e-21,4.294e-27,3.707e-44,2.819e-34,,,1.061e-10,9.110e-22,,2.573e-15,1.684e-19,8.537e-25,9.837e-18,6.083e-12,1.217e-16,1.521e-20,4.124e-26,,1.564e-7,1.284e-19,4.740e-21,5.709e+1,,3.279e-26,2.422e+1,,8.816e-20,1.421e-21,1.106e-2,5.648e-1,1.123e-11,1.344e-19,2.649e-22,7.649e-6,1.250e+2,1.220e+1,6.055e-10,1.552e+0,2.930e-5,4.295e+1,,8.814e+0,,,3.501e+0,,,1.339e-19,,1.261e-18,,7.064e-19,,9.542e-1,,8.250e-18,,2.528e-1,2.089e-16
521.09,2.620e+2,3.956e-21,4.191e-27,3.698e-44,2.819e-34,,,5.943e-11,9.114e-22,,2.573e-15,1.705e-19,8.547e-25,9.837e-18,3.552e-12,9.122e-17,1.521e-20,4.123e-26,,9.799e-8,1.281e-19,3.887e-21,5.650e+1,,2.926e-26,2.259e+1,,8.717e-20,1.421e-21,1.502e-2,6.275e-1,1.222e-11,1.344e-19,2.648e-22,1.110e-5,1.119e+2,1.248e+1,3.376e-10,1.592e+0,1.980e-5,4.207e+1,,9.126e+0,,,3.840e+0,,,1.337e-19,,1.261e-18,,7.063e-19,,1.011e+0,,8.244e-18,,2.311e-1,2.090e-16
521.11,2.522e+2,3.959e-21,4.122e-27,3.692e-44,2.819e-34,,,4.023e-11,9.117e-22,,2.573e-15,1.718e-19,8.553e-25,9.837e-18,2.473e-12,7.503e-17,1.521e-20,4.122e-26,,7.148e-8,1.279e-19,3.394e-21,5.594e+1,,2.691e-26,2.150e+1,,8.651e-20,1.421e-21,1.855e-2,6.724e-1,1.294e-11,1.344e-19,2.647e-22,1.418e-5,1.036e+2,1.262e+1,2.279e-10,1.614e+0,1.536e-5,4.166e+1,,9.308e+0,,,4.069e+0,,,1.337e-19,,1.261e-18,,7.063e-19,,1.047e+0,,8.240e-18,,2.169e-1,2.090e-16
521.14,2.383e+2,3.963e-21,4.019e-27,3.683e-44,2.819e-34,,,2.229e-11,9.122e-22,,2.572e-15,1.739e-19,8.562e-25,9.836e-18,1.429e-12,5.566e-17,1.521e-20,4.120e-26,,4.429e-8,1.276e-19,2.754e-21,5.485e+1,,2.338e-26,1.988e+1,,8.552e-20,1.422e-21,2.557e-2,7.443e-1,1.412e-11,1.344e-19,2.646e-22,2.037e-5,9.180e+1,1.277e+1,1.257e-10,1.638e+0,1.079e-5,4.132e+1,,9.536e+0,,,4.416e+0,,,1.335e-19,,1.262e-18,,7.062e-19,,1.098e+0,,8.235e-18,,1.961e-1,2.090e-16
521.16,2.294e+2,3.966e-21,3.951e-27,3.676e-44,2.819e-34,,,1.498e-11,9.125e-22,,2.572e-15,1.753e-19,8.569e-25,9.836e-18,9.876e-13,4.546e-17,1.520e-20,4.119e-26,,3.208e-8,1.274e-19,2.388e-21,5.397e+1,,2.102e-26,1.881e+1,,8.486e-20,1.422e-21,3.166e-2,7.949e-1,1.498e-11,1.344e-19,2.646e-22,2.585e-5,8.442e+1,1.282e+1,8.425e-11,1.649e+0,8.832e-6,4.132e+1,,9.658e+0,,,4.648e+0,,,1.335e-19,,1.262e-18,,7.061e-19,,1.130e+0,,8.231e-18,,1.827e-1,2.091e-16
521.19,2.170e+2,3.971e-21,3.848e-27,3.667e-44,2.819e-34,,,8.213e-12,9.129e-22,,2.572e-15,1.774e-19,8.578e-25,9.836e-18,5.646e-13,3.337e-17,1.520e-20,4.118e-26,,1.967e-8,1.271e-19,1.917e-21,5.246e+1,,1.749e-26,1.723e+1,,8.387e-20,1.423e-21,4.351e-2,8.746e-1,1.639e-11,1.344e-19,2.645e-22,3.674e-5,7.407e+1,1.283e+1,4.598e-11,1.658e+0,7.192e-6,4.168e+1,,9.792e+0,,,4.993e+0,,,1.333e-19,,1.262e-18,,7.061e-19,,1.174e+0,,8.226e-18,,1.635e-1,2.091e-16
521.21,2.092e+2,3.974e-21,3.779e-27,3.661e-44,2.818e-34,,,5.481e-12,9.132e-22,,2.571e-15,1.788e-19,8.584e-25,9.836e-18,3.875e-13,2.706e-17,1.520e-20,4.117e-26,,1.415e-8,1.269e-19,1.650e-21,5.133e+1,,1.514e-26,1.620e+1,,8.321e-20,1.423e-21,5.366e-2,9.298e-1,1.740e-11,1.345e-19,2.645e-22,4.628e-5,6.766e+1,1.280e+1,3.060e-11,1.659e+0,6.847e-6,4.218e+1,,9.847e+0,,,5.219e+0,,,1.332e-19,,1.262e-18,,7.060e-19,,1.200e+0,,8.222e-18,,1.513e-1,2.091e-16
521.24,1.985e+2,3.978e-21,3.676e-27,3.652e-44,2.818e-34,,,2.972e-12,9.137e-22,,2.571e-15,1.809e-19,8.593e-25,9.836e-18,2.191e-13,1.965e-17,1.520e-20,4.116e-26,,8.581e-9,1.266e-19,1.311e-21,4.948e+1,,1.160e-26,1.471e+1,,8.222e-20,1.424e-21,7.315e-2,1.015e+0,1.906e-11,1.345e-19,2.644e-22,6.510e-5,5.877e+1,1.268e+1,1.652e-11,1.651e+0,7.390e-6,4.335e+1,,9.878e+0,,,5.549e+0,,,1.331e-19,,1.262e-18,,7.059e-19,,1.235e+0,,8.217e-18,,1.340e-1,2.091e-16
521.26,1.920e+2,3.981e-21,3.608e-27,3.646e-44,2.818e-34,,,1.970e-12,9.139e-22,,2.571e-15,1.823e-19,8.600e-25,9.836e-18,1.493e-13,1.582e-17,1.519e-20,4.115e-26,,6.128e-9,1.264e-19,1.121e-21,4.817e+1,,9.250e-27,1.375e+1,,8.156e-20,1.424e-21,8.964e-2,1.074e+0,2.026e-11,1.345e-19,2.643e-22,8.144e-5,5.332e+1,1.255e+1,1.092e-11,1.642e+0,8.495e-6,4.443e+1,,9.865e+0,,,5.761e+0,,,1.330e-19,,1.262e-18,,7.059e-19,,1.254e+0,,8.213e-18,,1.231e-1,2.092e-16
521.29,1.833e+2,3.985e-21,3.505e-27,3.637e-44,2.818e-34,,,1.057e-12,9.144e-22,,2.570e-15,1.844e-19,8.609e-25,9.835e-18,8.356e-14,1.137e-17,1.519e-20,4.114e-26,,3.678e-9,1.261e-19,8.816e-22,4.610e+1,,1.908e-26,1.237e+1,,8.058e-20,1.424e-21,1.210e-1,1.163e+0,2.219e-11,1.345e-19,2.642e-22,1.133e-4,4.584e+1,1.230e+1,5.833e-12,1.620e+0,1.146e-5,4.652e+1,,9.792e+0,,,6.063e+0,,,1.329e-19,,1.262e-18,,7.058e-19,,1.277e+0,,8.208e-18,,1.078e-1,2.092e-16
521.31,1.781e+2,3.988e-21,3.436e-27,3.631e-44,2.818e-34,,,6.954e-13,9.147e-22,,2.570e-15,1.858e-19,8.615e-25,9.835e-18,5.654e-14,9.092e-18,1.519e-20,4.113e-26,,2.608e-9,1.259e-19,7.487e-22,4.469e+1,,3.082e-26,1.149e+1,,7.992e-20,1.425e-21,1.473e-1,1.222e+0,2.357e-11,1.345e-19,2.642e-22,1.408e-4,4.131e+1,1.210e+1,3.827e-12,1.601e+0,1.451e-5,4.822e+1,,9.710e+0,,,6.252e+0,,,1.328e-19,,1.263e-18,,7.057e-19,,1.289e+0,,8.204e-18,,9.838e-2,2.092e-16
521.34,1.714e+2,3.993e-21,3.333e-27,3.622e-44,2.818e-34,,,3.691e-13,9.151e-22,,2.569e-15,1.878e-19,8.625e-25,9.835e-18,3.130e-14,6.465e-18,1.519e-20,4.111e-26,,1.548e-9,1.256e-19,5.832e-22,4.254e+1,,6.293e-26,1.024e+1,,7.893e-20,1.425e-21,1.968e-1,1.312e+0,2.579e-11,1.346e-19,2.641e-22,1.939e-4,3.515e+1,1.173e+1,2.023e-12,1.567e+0,2.120e-5,5.127e+1,,9.538e+0,,,6.515e+0,,,1.327e-19,,1.263e-18,,7.057e-19,,1.300e+0,,8.198e-18,,8.528e-2,2.093e-16
521.36,1.677e+2,3.996e-21,3.265e-27,3.616e-44,2.818e-34,,,2.411e-13,9.154e-22,,2.569e-15,1.892e-19,8.631e-25,9.835e-18,2.103e-14,5.132e-18,1.518e-20,4.110e-26,,1.090e-9,1.254e-19,4.924e-22,4.111e+1,,1.009e-25,9.454e+0,,7.827e-20,1.425e-21,2.380e-1,1.371e+0,2.736e-11,1.346e-19,2.641e-22,2.392e-4,3.146e+1,1.146e+1,1.318e-12,1.541e+0,2.752e-5,5.362e+1,,9.391e+0,,,6.674e+0,,,1.326e-19,,1.263e-18,,7.056e-19,,1.303e+0,,8.195e-18,,7.726e-2,2.093e-16
521.39,1.631e+2,4.000e-21,3.162e-27,3.607e-44,2.818e-34,,,1.267e-13,9.159e-22,,2.569e-15,1.913e-19,8.640e-25,9.835e-18,1.152e-14,3.611e-18,1.518e-20,4.109e-26,,6.405e-10,1.251e-19,3.806e-22,3.900e+1,,2.039e-25,8.350e+0,,7.728e-20,1.426e-21,3.147e-1,1.457e+0,2.985e-11,1.346e-19,2.640e-22,3.261e-4,2.649e+1,1.099e+1,6.890e-13,1.497e+0,4.078e-5,5.762e+1,,9.128e+0,,,6.886e+0,,,1.325e-19,,1.263e-18,,7.055e-19,,1.302e+0,,8.189e-18,,6.627e-2,2.093e-16
521.41,1.608e+2,4.003e-21,3.093e-27,3.601e-44,2.817e-34,,,8.215e-14,9.162e-22,,2.568e-15,1.927e-19,8.646e-25,9.835e-18,7.684e-15,2.846e-18,1.518e-20,4.108e-26,,4.477e-10,1.249e-19,3.202e-22,3.765e+1,,3.248e-25,7.664e+0,,7.662e-20,1.426e-21,3.778e-1,1.513e+0,3.161e-11,1.346e-19,2.639e-22,3.994e-4,2.355e+1,1.066e+1,4.457e-13,1.466e+0,5.298e-5,6.059e+1,,8.925e+0,,,7.008e+0,,,1.324e-19,,1.263e-18,,7.055e-19,,1.297e+0,,8.186e-18,,5.961e-2,2.093e-16
521.43,1.590e+2,4.006e-21,3.025e-27,5.846e-44,2.817e-34,,,5.314e-14,9.164e-22,,2.568e-15,1.941e-19,8.653e-25,9.834e-18,5.111e-15,2.237e-18,1.518e-20,4.107e-26,,3.121e-10,1.247e-19,2.693e-22,3.636e+1,,5.159e-25,7.016e+0,,7.596e-20,1.426e-21,4.524e-1,1.567e+0,3.343e-11,1.346e-19,2.639e-22,4.879e-4,2.087e+1,1.030e+1,2.874e-13,1.433e+0,6.870e-5,6.380e+1,,8.703e+0,,,7.115e+0,,,1.323e-19,,1.263e-18,,7.054e-19,,1.289e+0,,8.182e-18,,5.347e-2,2.094e-16
521.46,1.573e+2,4.010e-21,2.922e-27,1.203e-43,2.817e-34,,,2.749e-14,9.169e-22,,2.568e-15,1.962e-19,8.662e-25,9.834e-18,2.758e-15,1.551e-18,1.517e-20,4.106e-26,,1.806e-10,1.244e-19,2.083e-22,3.456e+1,,1.027e-24,6.119e+0,,7.497e-20,1.427e-21,5.895e-1,1.644e+0,3.629e-11,1.346e-19,2.638e-22,6.553e-4,1.732e+1,9.742e+0,1.481e-13,1.382e+0,1.010e-4,6.903e+1,,8.335e+0,,,7.243e+0,,,1.322e-19,,1.264e-18,,7.054e-19,,1.271e+0,,8.177e-18,,4.519e-2,2.094e-16
521.48,1.568e+2,4.013e-21,2.853e-27,1.940e-43,2.817e-34,,,1.766e-14,9.172e-22,,2.567e-15,1.976e-19,8.668e-25,9.834e-18,1.822e-15,1.210e-18,1.517e-20,4.105e-26,,1.250e-10,1.242e-19,1.764e-22,3.347e+1,,1.620e-24,5.568e+0,,7.431e-20,1.427e-21,7.009e-1,1.692e+0,3.827e-11,1.346e-19,2.637e-22,7.949e-4,1.525e+1,9.352e+0,9.482e-14,1.348e+0,1.302e-4,7.278e+1,,8.071e+0,,,7.308e+0,,,1.321e-19,,1.264e-18,,7.053e-19,,1.255e+0,,8.173e-18,,4.025e-2,2.094e-16
521.51,1.571e+2,4.018e-21,2.750e-27,3.951e-43,2.817e-34,,,9.039e-15,9.176e-22,,2.567e-15,1.997e-19,8.678e-25,9.834e-18,9.726e-16,8.300e-19,1.517e-20,4.104e-26,,7.159e-11,1.240e-19,1.398e-22,3.204e+1,,3.193e-24,4.812e+0,,7.332e-20,1.428e-21,9.041e-1,1.759e+0,4.135e-11,1.347e-19,2.637e-22,1.056e-3,1.252e+1,8.750e+0,4.833e-14,1.297e+0,1.897e-4,7.874e+1,,7.650e+0,,,7.372e+0,,,1.320e-19,,1.264e-18,,7.052e-19,,1.226e+0,,8.167e-18,,3.366e-2,2.094e-16
521.53,1.579e+2,4.021e-21,2.682e-27,6.326e-43,2.817e-34,,,5.764e-15,9.179e-22,,2.567e-15,2.011e-19,8.684e-25,9.834e-18,6.378e-16,6.432e-19,1.517e-20,4.103e-26,,4.920e-11,1.238e-19,1.220e-22,3.124e+1,,5.002e-24,4.353e+0,,7.266e-20,1.428e-21,1.067e+0,1.799e+0,4.346e-11,1.347e-19,2.636e-22,1.273e-3,1.095e+1,8.341e+0,3.073e-14,1.263e+0,2.429e-4,8.291e+1,,7.356e+0,,,7.393e+0,,,1.319e-19,,1.264e-18,,7.052e-19,,1.203e+0,,8.164e-18,,2.977e-2,2.095e-16
521.56,1.600e+2,4.025e-21,2.579e-27,1.275e-42,2.817e-34,,,2.919e-15,9.184e-22,,2.566e-15,2.031e-19,8.693e-25,9.834e-18,3.369e-16,4.365e-19,1.516e-20,4.101e-26,,2.788e-11,1.235e-19,1.038e-22,3.030e+1,,9.755e-24,3.728e+0,,7.167e-20,1.428e-21,1.363e+0,1.853e+0,4.671e-11,1.347e-19,2.635e-22,1.674e-3,8.899e+0,7.722e+0,1.550e-14,1.216e+0,3.501e-4,8.941e+1,,6.900e+0,,,7.393e+0,,,1.318e-19,,1.264e-18,,7.051e-19,,1.165e+0,,8.158e-18,,2.463e-2,2.095e-16
521.58,1.619e+2,4.028e-21,2.510e-27,2.027e-42,2.817e-34,,,1.848e-15,9.187e-22,,2.566e-15,2.045e-19,8.699e-25,9.834e-18,2.194e-16,3.358e-19,1.516e-20,4.100e-26,,1.902e-11,1.233e-19,9.701e-23,2.985e+1,,1.518e-23,3.353e+0,,7.102e-20,1.429e-21,1.598e+0,1.883e+0,4.893e-11,1.347e-19,2.635e-22,2.002e-3,7.724e+0,7.309e+0,9.784e-15,1.186e+0,4.452e-4,9.386e+1,,6.590e+0,,,7.373e+0,,,1.317e-19,,1.264e-18,,7.051e-19,,1.136e+0,,8.155e-18,,2.163e-2,2.095e-16
521.61,1.655e+2,4.032e-21,2.407e-27,4.044e-42,2.817e-34,,,9.262e-16,9.191e-22,,2.565e-15,2.066e-19,8.709e-25,9.833e-18,1.147e-16,2.255e-19,1.516e-20,4.099e-26,,1.066e-11,1.230e-19,9.442e-23,2.949e+1,,2.929e-23,2.846e+0,,7.003e-20,1.429e-21,2.018e+0,1.921e+0,5.230e-11,1.347e-19,2.634e-22,2.606e-3,6.213e+0,6.696e+0,4.882e-15,1.147e+0,6.351e-4,1.006e+2,,6.120e+0,,,7.313e+0,,,1.316e-19,,1.265e-18,,7.050e-19,,1.090e+0,,8.149e-18,,1.771e-2,2.096e-16
521.63,1.684e+2,4.035e-21,2.339e-27,6.385e-42,2.816e-34,,,5.823e-16,9.194e-22,,2.565e-15,2.080e-19,8.715e-25,9.833e-18,7.413e-17,1.723e-19,1.516e-20,4.098e-26,,7.225e-12,1.228e-19,9.777e-23,2.946e+1,,4.525e-23,2.544e+0,,6.937e-20,1.430e-21,2.351e+0,1.941e+0,5.458e-11,1.348e-19,2.633e-22,3.095e-3,5.356e+0,6.293e+0,3.060e-15,1.123e+0,8.019e-4,1.052e+2,,5.805e+0,,,7.255e+0,,,1.315e-19,,1.265e-18,,7.049e-19,,1.057e+0,,8.146e-18,,1.544e-2,2.096e-16
521.66,1.734e+2,4.040e-21,2.236e-27,1.260e-41,2.816e-34,,,2.887e-16,9.198e-22,,2.565e-15,2.101e-19,8.724e-25,9.833e-18,3.833e-17,1.145e-19,1.515e-20,4.097e-26,,4.007e-12,1.225e-19,1.108e-22,2.976e+1,,8.642e-23,2.141e+0,,6.838e-20,1.430e-21,2.939e+0,1.963e+0,5.804e-11,1.348e-19,2.633e-22,3.986e-3,4.263e+0,5.705e+0,1.511e-15,1.094e+0,1.132e-3,1.120e+2,,5.338e+0,,,7.143e+0,,,1.314e-19,,1.265e-18,,7.049e-19,,1.005e+0,,8.140e-18,,1.251e-2,2.096e-16
521.68,1.771e+2,4.043e-21,2.167e-27,1.977e-41,2.816e-34,,,1.802e-16,9.201e-22,,2.564e-15,2.115e-19,8.731e-25,9.833e-18,2.461e-17,8.683e-20,1.515e-20,4.096e-26,,2.696e-12,1.223e-19,1.254e-22,3.019e+1,,1.326e-22,1.903e+0,,6.772e-20,1.430e-21,3.399e+0,1.972e+0,6.037e-11,1.348e-19,2.632e-22,4.701e-3,3.649e+0,5.324e+0,9.402e-16,1.079e+0,1.420e-3,1.165e+2,,5.031e+0,,,7.054e+0,,,1.313e-19,,1.265e-18,,7.048e-19,,9.696e-1,,8.136e-18,,1.083e-2,2.096e-16
521.71,1.831e+2,4.047e-21,2.065e-27,3.861e-41,2.816e-34,,,8.839e-17,9.206e-22,,2.564e-15,2.136e-19,8.740e-25,9.833e-18,1.259e-17,5.707e-20,1.515e-20,4.095e-26,,1.479e-12,1.220e-19,1.572e-22,3.119e+1,,2.506e-22,1.588e+0,,6.673e-20,1.431e-21,4.206e+0,1.978e+0,6.388e-11,1.348e-19,2.631e-22,5.991e-3,2.874e+0,4.775e+0,4.592e-16,1.064e+0,1.983e-3,1.230e+2,,4.583e+0,,,6.899e+0,,,1.312e-19,,1.265e-18,,7.047e-19,,9.143e-1,,8.131e-18,,8.682e-3,2.097e-16
521.73,1.874e+2,4.050e-21,1.996e-27,6.013e-41,2.816e-34,,,5.478e-17,9.209e-22,,2.564e-15,2.150e-19,8.746e-25,9.833e-18,8.024e-18,4.299e-20,1.515e-20,4.094e-26,,9.882e-13,1.218e-19,1.862e-22,3.210e+1,,3.818e-22,1.404e+0,,6.607e-20,1.431e-21,4.832e+0,1.976e+0,6.623e-11,1.348e-19,2.631e-22,7.018e-3,2.443e+0,4.426e+0,2.838e-16,1.058e+0,2.469e-3,1.271e+2,,4.294e+0,,,6.785e+0,,,1.311e-19,,1.265e-18,,7.047e-19,,8.768e-1,,8.127e-18,,7.465e-3,2.097e-16
521.76,1.941e+2,4.055e-21,1.893e-27,1.163e-40,2.816e-34,,,2.658e-17,9.213e-22,,2.563e-15,2.171e-19,8.756e-25,9.832e-18,4.061e-18,2.796e-20,1.514e-20,4.092e-26,,5.366e-13,1.215e-19,2.436e-22,3.384e+1,,7.142e-22,1.162e+0,,6.508e-20,1.432e-21,5.918e+0,1.966e+0,6.978e-11,1.348e-19,2.630e-22,8.850e-3,1.904e+0,3.928e+0,1.371e-16,1.058e+0,3.414e-3,1.330e+2,,3.878e+0,,,6.601e+0,,,1.310e-19,,1.266e-18,,7.046e-19,,8.201e-1,,8.122e-18,,5.921e-3,2.097e-16
521.78,1.988e+2,4.057e-21,1.825e-27,1.798e-40,2.816e-34,,,1.636e-17,9.216e-22,,2.563e-15,2.184e-19,8.762e-25,9.832e-18,2.570e-18,2.091e-20,1.514e-20,4.091e-26,,3.558e-13,1.213e-19,2.929e-22,3.524e+1,,1.081e-21,1.021e+0,,6.442e-20,1.432e-21,6.751e+0,1.955e+0,7.217e-11,1.349e-19,2.630e-22,1.029e-2,1.607e+0,3.615e+0,8.413e-17,1.063e+0,4.221e-3,1.367e+2,,3.615e+0,,,6.471e+0,,,1.309e-19,,1.266e-18,,7.046e-19,,7.822e-1,,8.118e-18,,5.055e-3,2.098e-16
521.8,2.037e+2,4.060e-21,1.756e-27,2.773e-40,2.816e-34,,,1.004e-17,9.219e-22,,2.563e-15,2.198e-19,8.768e-25,9.832e-18,1.622e-18,1.560e-20,1.514e-20,4.091e-26,,2.353e-13,1.211e-19,3.528e-22,3.683e+1,,1.630e-21,8.959e-1,,6.376e-20,1.432e-21,7.682e+0,1.940e+0,7.457e-11,1.349e-19,2.629e-22,1.194e-2,1.353e+0,3.318e+0,8.177e-17,1.072e+0,5.206e-3,1.401e+2,,3.363e+0,,,6.337e+0,,,1.308e-19,,1.266e-18,,7.045e-19,,7.445e-1,,8.115e-18,,4.304e-3,2.098e-16
521.83,2.110e+2,4.065e-21,1.653e-27,5.283e-40,2.815e-34,,,1.003e-17,9.223e-22,,2.562e-15,2.219e-19,8.777e-25,9.832e-18,8.089e-19,9.996e-21,1.514e-20,4.089e-26,,1.259e-13,1.208e-19,4.662e-22,3.957e+1,,3.005e-21,7.332e-1,,6.277e-20,1.433e-21,9.275e+0,1.912e+0,7.822e-11,1.349e-19,2.628e-22,1.484e-2,1.039e+0,2.902e+0,7.823e-17,1.093e+0,7.091e-3,1.447e+2,,3.010e+0,,,6.131e+0,,,1.307e-19,,1.266e-18,,7.044e-19,,6.886e-1,,8.109e-18,,3.363e-3,2.098e-16
521.85,2.160e+2,4.068e-21,1.584e-27,8.091e-40,2.815e-34,,,1.002e-17,9.226e-22,,2.562e-15,2.233e-19,8.784e-25,9.832e-18,5.068e-19,7.403e-21,1.513e-20,4.088e-26,,8.266e-14,1.206e-19,5.606e-22,4.162e+1,,4.503e-21,6.399e-1,,6.212e-20,1.433e-21,1.048e+1,1.890e+0,8.069e-11,1.349e-19,2.628e-22,1.709e-2,8.682e-1,2.645e+0,7.586e-17,1.113e+0,8.684e-3,1.473e+2,,2.792e+0,,,5.992e+0,,,1.306e-19,,1.266e-18,,7.044e-19,,6.520e-1,,8.105e-18,,2.843e-3,2.098e-16
521.88,2.235e+2,4.072e-21,1.482e-27,1.526e-39,2.815e-34,,,1.001e-17,9.231e-22,,2.562e-15,2.254e-19,8.793e-25,9.832e-18,2.501e-19,4.693e-21,1.513e-20,4.087e-26,,4.375e-14,1.203e-19,7.366e-22,4.501e+1,,8.215e-21,5.197e-1,,6.113e-20,1.433e-21,1.253e+1,1.852e+0,8.447e-11,1.349e-19,2.627e-22,2.102e-2,6.599e-1,2.289e+0,7.232e-17,1.149e+0,1.171e-2,1.506e+2,,2.492e+0,,,5.784e+0,,,1.304e-19,,1.266e-18,,7.043e-19,,5.984e-1,,8.100e-18,,2.198e-3,2.099e-16
521.9,2.285e+2,4.075e-21,1.413e-27,2.320e-39,2.815e-34,,,1.000e-17,9.234e-22,,2.561e-15,2.268e-19,8.799e-25,9.831e-18,1.556e-19,3.451e-21,1.513e-20,4.086e-26,,2.853e-14,1.201e-19,8.813e-22,4.747e+1,,1.222e-20,4.513e-1,,6.047e-20,1.434e-21,1.406e+1,1.825e+0,8.707e-11,1.349e-19,2.626e-22,2.404e-2,5.476e-1,2.072e+0,6.996e-17,1.178e+0,1.424e-2,1.523e+2,,2.310e+0,,,5.647e+0,,,1.304e-19,,1.266e-18,,7.043e-19,,5.638e-1,,8.096e-18,,1.845e-3,2.099e-16
521.93,2.359e+2,4.080e-21,1.310e-27,4.330e-39,2.815e-34,,,9.994e-18,9.238e-22,,2.561e-15,2.289e-19,8.809e-25,9.831e-18,7.594e-20,2.165e-21,1.513e-20,4.085e-26,,1.494e-14,1.198e-19,1.148e-21,5.144e+1,,2.207e-20,3.639e-1,,5.948e-20,1.434e-21,1.664e+1,1.781e+0,9.110e-11,1.350e-19,2.626e-22,2.925e-2,4.118e-1,1.776e+0,6.641e-17,1.227e+0,1.899e-2,1.542e+2,,2.066e+0,,,5.447e+0,,,1.302e-19,,1.267e-18,,7.042e-19,,5.137e-1,,8.091e-18,,1.412e-3,2.099e-16
521.95,2.408e+2,4.082e-21,1.242e-27,6.540e-39,2.815e-34,,,9.987e-18,9.241e-22,,2.561e-15,2.303e-19,8.815e-25,9.831e-18,4.691e-20,1.581e-21,1.512e-20,4.084e-26,,9.670e-15,1.196e-19,1.365e-21,5.424e+1,,3.261e-20,3.146e-1,,5.882e-20,1.435e-21,1.855e+1,1.752e+0,9.390e-11,1.350e-19,2.625e-22,3.323e-2,3.394e-1,1.597e+0,6.405e-17,1.264e+0,2.293e-2,1.549e+2,,1.923e+0,,,5.319e+0,,,1.302e-19,,1.267e-18,,7.041e-19,,4.816e-1,,8.087e-18,,1.177e-3,2.099e-16
521.98,2.479e+2,4.087e-21,1.139e-27,1.208e-38,2.815e-34,,,9.977e-18,9.246e-22,,2.560e-15,2.324e-19,8.824e-25,9.831e-18,2.266e-20,9.812e-22,1.512e-20,4.082e-26,,5.010e-15,1.193e-19,1.760e-21,5.865e+1,,5.827e-20,2.519e-1,,5.783e-20,1.435e-21,2.174e+1,1.707e+0,9.831e-11,1.350e-19,2.624e-22,4.001e-2,2.525e-1,1.356e+0,6.051e-17,1.324e+0,3.027e-2,1.552e+2,,1.736e+0,,,5.133e+0,,,1.300e-19,,1.267e-18,,7.041e-19,,4.356e-1,,8.082e-18,,8.908e-4,2.100e-16
522,2.525e+2,4.090e-21,1.070e-27,1.812e-38,2.815e-34,,,9.970e-18,9.248e-22,,2.560e-15,2.338e-19,8.830e-25,9.831e-18,2.264e-20,7.114e-22,1.512e-20,4.082e-26,,3.221e-15,1.191e-19,2.078e-21,6.170e+1,,8.550e-20,2.168e-1,,5.717e-20,1.435e-21,2.408e+1,1.677e+0,1.014e-10,1.350e-19,2.624e-22,4.513e-2,2.066e-1,1.212e+0,5.815e-17,1.367e+0,3.630e-2,1.549e+2,,1.631e+0,,,5.016e+0,,,1.299e-19,,1.267e-18,,7.040e-19,,4.065e-1,,8.078e-18,,7.373e-4,2.100e-16
522.03,2.592e+2,4.094e-21,9.672e-28,3.311e-38,2.814e-34,,,9.959e-18,9.253e-22,,2.559e-15,2.358e-19,8.840e-25,9.831e-18,2.261e-20,4.369e-22,1.512e-20,4.080e-26,,1.651e-15,1.188e-19,2.653e-21,6.640e+1,,1.512e-19,1.726e-1,,5.618e-20,1.436e-21,2.793e+1,1.634e+0,1.064e-10,1.350e-19,2.623e-22,5.377e-2,1.521e-1,1.020e+0,5.460e-17,1.435e+0,4.742e-2,1.536e+2,,1.503e+0,,,4.849e+0,,,1.298e-19,,1.267e-18,,7.039e-19,,3.651e-1,,8.073e-18,,5.522e-4,2.100e-16
522.05,2.635e+2,4.097e-21,8.987e-28,4.932e-38,2.814e-34,,,9.953e-18,9.256e-22,,2.559e-15,2.372e-19,8.846e-25,9.831e-18,2.259e-20,3.145e-22,1.511e-20,4.079e-26,,1.054e-15,1.186e-19,3.111e-21,6.959e+1,,2.203e-19,1.479e-1,,9.111e-20,1.436e-21,3.073e+1,1.607e+0,1.099e-10,1.350e-19,2.622e-22,6.023e-2,1.236e-1,9.077e-1,5.224e-17,1.481e+0,5.647e-2,1.523e+2,,1.436e+0,,,4.745e+0,,,1.297e-19,,1.267e-18,,7.039e-19,,3.392e-1,,8.069e-18,,4.539e-4,2.101e-16
522.08,2.697e+2,4.102e-21,7.958e-28,8.920e-38,2.814e-34,,,9.942e-18,9.260e-22,,2.559e-15,2.393e-19,8.855e-25,9.830e-18,2.255e-20,1.911e-22,1.511e-20,4.078e-26,,5.344e-16,1.184e-19,3.931e-21,7.440e+1,,3.856e-19,1.170e-1,,1.872e-19,1.437e-21,3.531e+1,1.570e+0,1.156e-10,1.351e-19,2.622e-22,7.102e-2,9.006e-2,7.600e-1,4.870e-17,1.553e+0,7.300e-2,1.495e+2,,1.363e+0,,,4.598e+0,,,1.296e-19,,1.268e-18,,7.038e-19,,3.026e-1,,8.063e-18,,3.364e-4,2.101e-16
522.1,2.736e+2,4.105e-21,7.272e-28,1.320e-37,2.814e-34,,,9.935e-18,9.263e-22,,2.558e-15,2.407e-19,8.862e-25,9.830e-18,2.253e-20,1.366e-22,1.511e-20,4.077e-26,,3.387e-16,1.182e-19,4.577e-21,7.759e+1,,5.580e-19,9.992e-2,,3.014e-19,1.437e-21,3.860e+1,1.548e+0,1.198e-10,1.351e-19,2.621e-22,7.899e-2,7.266e-2,6.748e-1,4.633e-17,1.601e+0,8.632e-2,1.471e+2,,1.333e+0,,,4.507e+0,,,1.295e-19,,1.268e-18,,7.038e-19,,2.798e-1,,8.060e-18,,2.745e-4,2.101e-16
522.13,2.792e+2,4.109e-21,6.243e-28,2.362e-37,2.814e-34,,,9.925e-18,9.268e-22,,2.558e-15,2.428e-19,8.871e-25,9.830e-18,2.250e-20,8.212e-23,1.511e-20,4.076e-26,,1.699e-16,1.179e-19,5.723e-21,8.230e+1,,9.663e-19,7.863e-2,,6.129e-19,1.437e-21,4.393e+1,1.519e+0,1.265e-10,1.351e-19,2.620e-22,9.217e-2,5.238e-2,5.652e-1,4.279e-17,1.672e+0,1.104e-1,1.430e+2,,1.315e+0,,,4.378e+0,,,1.294e-19,,1.268e-18,,7.037e-19,,2.479e-1,,8.054e-18,,2.013e-4,2.101e-16
522.15,2.828e+2,4.112e-21,5.557e-28,3.470e-37,2.814e-34,,,9.918e-18,9.271e-22,,2.558e-15,2.442e-19,8.877e-25,9.830e-18,2.248e-20,5.829e-23,1.510e-20,4.075e-26,,1.069e-16,1.177e-19,6.618e-21,8.536e+1,,1.389e-18,6.691e-2,,9.803e-19,1.438e-21,4.773e+1,1.503e+0,1.313e-10,1.351e-19,2.620e-22,1.018e-1,4.197e-2,5.034e-1,4.043e-17,1.719e+0,1.297e-1,1.398e+2,,1.320e+0,,,4.298e+0,,,1.293e-19,,1.268e-18,,7.036e-19,,2.282e-1,,8.051e-18,,1.631e-4,2.102e-16
522.17,2.861e+2,4.115e-21,4.872e-28,5.083e-37,2.814e-34,,,9.912e-18,9.274e-22,,2.557e-15,2.456e-19,8.883e-25,9.830e-18,2.246e-20,4.126e-23,1.510e-20,4.074e-26,,6.710e-17,1.175e-19,7.632e-21,8.833e+1,,1.990e-18,5.686e-2,,1.563e-18,1.438e-21,5.173e+1,1.491e+0,1.365e-10,1.351e-19,2.619e-22,1.121e-1,3.353e-2,4.502e-1,3.807e-17,1.764e+0,1.518e-1,1.363e+2,,1.340e+0,,,4.221e+0,,,1.292e-19,,1.268e-18,,7.036e-19,,2.097e-1,,8.047e-18,,1.318e-4,2.102e-16
522.2,2.909e+2,4.119e-21,3.843e-28,8.967e-37,2.814e-34,,,9.901e-18,9.278e-22,,2.557e-15,2.477e-19,8.893e-25,9.830e-18,2.243e-20,2.444e-23,1.510e-20,4.073e-26,,3.317e-17,1.172e-19,9.402e-21,9.255e+1,,3.397e-18,4.444e-2,,3.133e-18,1.438e-21,5.809e+1,1.477e+0,1.451e-10,1.351e-19,2.618e-22,1.289e-1,2.381e-2,3.851e-1,3.452e-17,1.830e+0,1.914e-1,1.305e+2,,1.394e+0,,,4.112e+0,,,1.291e-19,,1.268e-18,,7.035e-19,,1.841e-1,,8.042e-18,,9.524e-5,2.102e-16
522.22,2.939e+2,4.122e-21,3.157e-28,1.305e-36,2.814e-34,,,9.894e-18,9.281e-22,,2.557e-15,2.491e-19,8.899e-25,9.829e-18,2.241e-20,1.717e-23,1.510e-20,4.072e-26,,2.067e-17,1.170e-19,1.077e-20,9.519e+1,,4.834e-18,3.764e-2,,4.962e-18,1.439e-21,6.258e+1,1.473e+0,1.513e-10,1.352e-19,2.618e-22,1.410e-1,1.889e-2,3.510e-1,3.216e-17,1.871e+0,2.226e-1,1.263e+2,,1.447e+0,,,4.042e+0,,,1.290e-19,,1.269e-18,,7.035e-19,,1.685e-1,,8.038e-18,,7.642e-5,2.102e-16
522.25,2.981e+2,4.127e-21,6.509e-28,2.277e-36,2.813e-34,,,9.884e-18,9.285e-22,,2.556e-15,2.511e-19,8.908e-25,9.829e-18,2.238e-20,1.007e-23,1.509e-20,4.070e-26,,1.011e-17,1.167e-19,1.313e-20,9.882e+1,,8.165e-18,2.929e-2,,9.841e-18,1.439e-21,6.965e+1,1.472e+0,1.615e-10,1.352e-19,2.617e-22,1.604e-1,1.328e-2,3.130e-1,2.862e-17,1.929e+0,2.777e-1,1.198e+2,,1.552e+0,,,3.939e+0,,,1.289e-19,,1.269e-18,,7.034e-19,,1.469e-1,,8.032e-18,,5.464e-5,2.103e-16
522.27,3.006e+2,4.130e-21,1.051e-27,3.290e-36,2.813e-34,,,9.877e-18,9.288e-22,,2.556e-15,2.525e-19,8.915e-25,9.829e-18,2.236e-20,7.024e-24,1.509e-20,4.069e-26,,6.253e-18,1.165e-19,1.493e-20,1.010e+2,,1.154e-17,2.474e-2,,1.548e-17,1.439e-21,7.458e+1,1.475e+0,1.690e-10,1.352e-19,2.617e-22,1.742e-1,1.046e-2,2.959e-1,2.625e-17,1.964e+0,3.207e-1,1.152e+2,,1.637e+0,,,3.872e+0,,,1.288e-19,,1.269e-18,,7.033e-19,,1.338e-1,,8.029e-18,,4.353e-5,2.103e-16
522.3,3.042e+2,4.134e-21,2.144e-27,5.684e-36,2.813e-34,,,9.867e-18,9.293e-22,,2.556e-15,2.546e-19,8.924e-25,9.829e-18,2.233e-20,4.073e-24,1.509e-20,4.068e-26,,3.026e-18,1.162e-19,1.801e-20,1.038e+2,,1.929e-17,1.917e-2,,3.038e-17,1.440e-21,8.228e+1,1.485e+0,1.812e-10,1.352e-19,2.616e-22,1.962e-1,7.273e-3,2.823e-1,2.271e-17,2.011e+0,3.958e-1,1.080e+2,,1.790e+0,,,3.772e+0,,,1.287e-19,,1.269e-18,,7.033e-19,,1.160e-1,,8.023e-18,,3.079e-5,2.103e-16
522.32,3.064e+2,4.137e-21,3.438e-27,8.156e-36,2.813e-34,,,9.860e-18,9.296e-22,,2.555e-15,2.560e-19,8.930e-25,9.829e-18,2.231e-20,2.822e-24,1.509e-20,4.067e-26,,1.859e-18,1.160e-19,2.034e-20,1.054e+2,,2.707e-17,1.615e-2,,4.746e-17,1.440e-21,8.760e+1,1.496e+0,1.902e-10,1.352e-19,2.615e-22,2.116e-1,5.689e-3,2.811e-1,2.035e-17,2.038e+0,4.539e-1,1.032e+2,,1.907e+0,,,3.704e+0,,,1.286e-19,,1.269e-18,,7.032e-19,,1.051e-1,,8.020e-18,,2.436e-5,2.104e-16
522.35,3.094e+2,4.141e-21,6.943e-27,1.394e-35,2.813e-34,,,9.850e-18,9.300e-22,,2.555e-15,2.581e-19,8.939e-25,9.829e-18,2.228e-20,1.619e-24,1.508e-20,4.066e-26,,8.900e-19,1.157e-19,2.428e-20,1.074e+2,,4.479e-17,1.246e-2,,9.218e-17,1.441e-21,9.583e+1,1.517e+0,2.050e-10,1.353e-19,2.615e-22,2.357e-1,3.915e-3,2.908e-1,1.680e-17,2.073e+0,5.545e-1,9.577e+1,,2.107e+0,,,3.601e+0,,,1.285e-19,,1.269e-18,,7.031e-19,,9.048e-2,,8.014e-18,,1.705e-5,2.104e-16
522.37,3.113e+2,4.144e-21,1.105e-26,1.987e-35,2.813e-34,,,9.843e-18,9.303e-22,,2.555e-15,2.595e-19,8.946e-25,9.828e-18,2.226e-20,1.114e-24,1.508e-20,4.065e-26,,8.669e-19,1.155e-19,2.723e-20,1.083e+2,,6.243e-17,1.046e-2,,1.430e-16,1.441e-21,1.015e+2,1.534e+0,2.159e-10,1.353e-19,2.614e-22,2.525e-1,3.040e-3,3.052e-1,1.444e-17,2.093e+0,6.314e-1,9.083e+1,,2.255e+0,,,3.529e+0,,,1.284e-19,,1.270e-18,,7.031e-19,,8.168e-2,,8.011e-18,,1.340e-5,2.104e-16
522.4,3.138e+2,4.149e-21,2.226e-26,3.362e-35,2.813e-34,,,9.833e-18,9.307e-22,,2.554e-15,2.616e-19,8.955e-25,9.828e-18,2.222e-20,6.324e-25,1.508e-20,4.064e-26,,8.323e-19,1.152e-19,3.217e-20,1.092e+2,,1.022e-16,8.041e-3,,2.749e-16,1.441e-21,1.101e+2,1.563e+0,2.338e-10,1.353e-19,2.613e-22,2.783e-1,2.070e-3,3.387e-1,1.090e-17,2.115e+0,7.633e-1,8.346e+1,,2.501e+0,,,3.418e+0,,,1.283e-19,,1.270e-18,,7.030e-19,,6.981e-2,,8.005e-18,,9.278e-6,2.105e-16
522.42,3.153e+2,4.152e-21,3.521e-26,4.757e-35,2.813e-34,,,9.826e-18,9.310e-22,,2.554e-15,2.630e-19,8.961e-25,9.828e-18,2.220e-20,4.320e-25,1.508e-20,4.063e-26,,8.093e-19,1.150e-19,3.582e-20,1.094e+2,,1.415e-16,6.736e-3,,4.235e-16,1.442e-21,1.160e+2,1.584e+0,2.470e-10,1.353e-19,2.613e-22,2.960e-1,1.596e-3,3.693e-1,8.536e-18,2.125e+0,8.632e-1,7.861e+1,,2.681e+0,,,3.341e+0,,,1.282e-19,,1.270e-18,,7.029e-19,,6.272e-2,,8.001e-18,,7.237e-6,2.105e-16
522.45,3.173e+2,4.156e-21,6.966e-26,7.966e-35,2.812e-34,,,9.816e-18,9.315e-22,,2.553e-15,2.651e-19,8.971e-25,9.828e-18,2.217e-20,2.427e-25,1.507e-20,4.061e-26,,7.747e-19,1.147e-19,4.188e-20,1.092e+2,,2.292e-16,5.154e-3,,8.057e-16,1.442e-21,1.249e+2,1.618e+0,2.689e-10,1.353e-19,2.612e-22,3.230e-1,1.076e-3,4.283e-1,4.993e-18,2.134e+0,1.033e+0,7.148e+1,,2.973e+0,,,3.220e+0,,,1.281e-19,,1.270e-18,,7.029e-19,,5.323e-2,,7.996e-18,,4.960e-6,2.105e-16
522.47,3.185e+2,4.159e-21,1.096e-25,1.119e-34,2.812e-34,,,9.809e-18,9.318e-22,,2.553e-15,2.664e-19,8.977e-25,9.828e-18,2.215e-20,1.646e-25,1.507e-20,4.060e-26,,7.517e-19,1.145e-19,4.631e-20,1.087e+2,,3.150e-16,4.306e-3,,1.233e-15,1.443e-21,1.308e+2,1.641e+0,2.850e-10,1.353e-19,2.611e-22,3.411e-1,8.236e-4,4.769e-1,8.079e-18,2.136e+0,1.160e+0,6.687e+1,,3.184e+0,,,3.136e+0,,,1.280e-19,,1.270e-18,,7.028e-19,,4.760e-2,,7.992e-18,,3.842e-6,2.105e-16
522.5,3.201e+2,4.163e-21,2.146e-25,1.855e-34,2.812e-34,,,9.799e-18,9.322e-22,,2.553e-15,2.685e-19,8.986e-25,9.828e-18,2.212e-20,9.148e-26,1.507e-20,4.059e-26,,7.171e-19,1.142e-19,5.358e-20,1.074e+2,,5.051e-16,3.281e-3,,2.321e-15,1.443e-21,1.399e+2,1.677e+0,3.119e-10,1.354e-19,2.611e-22,3.683e-1,5.490e-4,5.645e-1,1.655e-17,2.133e+0,1.373e+0,6.018e+1,,3.523e+0,,,3.004e+0,,,1.279e-19,,1.270e-18,,7.027e-19,,4.010e-2,,7.987e-18,,2.605e-6,2.106e-16
522.52,3.210e+2,4.166e-21,3.348e-25,2.589e-34,2.812e-34,,,9.792e-18,9.325e-22,,2.552e-15,2.699e-19,8.992e-25,9.828e-18,2.210e-20,6.162e-26,1.507e-20,4.058e-26,,6.941e-19,1.140e-19,5.884e-20,1.061e+2,,6.895e-16,2.733e-3,,3.527e-15,1.443e-21,1.459e+2,1.700e+0,3.317e-10,1.354e-19,2.610e-22,3.862e-1,4.175e-4,6.334e-1,2.659e-17,2.128e+0,1.531e+0,5.590e+1,,3.765e+0,,,2.913e+0,,,1.278e-19,,1.271e-18,,7.027e-19,,3.568e-2,,7.983e-18,,2.003e-6,2.106e-16
522.54,3.219e+2,4.169e-21,5.209e-25,3.602e-34,2.812e-34,,,9.785e-18,9.328e-22,,2.552e-15,2.713e-19,8.999e-25,9.827e-18,2.208e-20,4.138e-26,1.506e-20,4.057e-26,,6.711e-19,1.138e-19,6.444e-20,1.047e+2,,9.386e-16,2.273e-3,,5.344e-15,1.444e-21,1.519e+2,1.723e+0,3.532e-10,1.354e-19,2.610e-22,4.039e-1,3.166e-4,7.111e-1,4.262e-17,2.119e+0,1.702e+0,5.179e+1,,4.020e+0,,,2.819e+0,,,1.277e-19,,1.271e-18,,7.026e-19,,3.169e-2,,7.980e-18,,1.537e-6,2.106e-16
522.57,3.230e+2,4.174e-21,1.005e-24,5.883e-34,2.812e-34,,,9.775e-18,9.332e-22,,2.552e-15,2.734e-19,9.008e-25,9.827e-18,2.205e-20,2.266e-26,1.506e-20,4.056e-26,,6.365e-19,1.135e-19,7.346e-20,1.019e+2,,1.483e-15,1.722e-3,,9.916e-15,1.444e-21,1.609e+2,1.754e+0,3.892e-10,1.354e-19,2.609e-22,4.297e-1,2.079e-4,8.456e-1,8.601e-17,2.100e+0,1.986e+0,4.594e+1,,4.426e+0,,,2.673e+0,,,1.276e-19,,1.271e-18,,7.026e-19,,2.642e-2,,7.974e-18,,1.027e-6,2.106e-16
522.59,3.236e+2,4.177e-21,1.553e-24,8.131e-34,2.812e-34,,,9.768e-18,9.335e-22,,2.551e-15,2.748e-19,9.014e-25,9.827e-18,2.203e-20,1.511e-26,1.506e-20,4.055e-26,,6.134e-19,1.133e-19,7.988e-20,9.983e+1,,2.005e-15,1.429e-3,,1.492e-14,1.444e-21,1.668e+2,1.773e+0,4.158e-10,1.354e-19,2.608e-22,4.462e-1,1.566e-4,9.479e-1,1.369e-16,2.085e+0,2.193e+0,4.226e+1,,4.713e+0,,,2.574e+0,,,1.275e-19,,1.271e-18,,7.025e-19,,2.334e-2,,7.970e-18,,7.818e-7,2.107e-16
522.62,3.245e+2,4.181e-21,2.967e-24,1.314e-33,2.812e-34,,,9.758e-18,9.340e-22,,2.551e-15,2.769e-19,9.024e-25,9.827e-18,2.200e-20,8.187e-27,1.506e-20,4.054e-26,,5.789e-19,1.130e-19,9.012e-20,9.626e+1,,3.135e-15,1.078e-3,,2.740e-14,1.445e-21,1.756e+2,1.798e+0,4.602e-10,1.354e-19,2.607e-22,4.698e-1,1.017e-4,1.122e+0,2.735e-16,2.057e+0,2.531e+0,3.710e+1,,5.168e+0,,,2.421e+0,,,1.274e-19,,1.271e-18,,7.024e-19,,1.931e-2,,7.965e-18,,5.168e-7,2.107e-16
522.64,3.250e+2,4.184e-21,4.553e-24,1.803e-33,2.812e-34,,,9.751e-18,9.343e-22,,2.551e-15,2.783e-19,9.030e-25,9.827e-18,2.198e-20,5.421e-27,1.505e-20,4.053e-26,,5.558e-19,1.128e-19,9.732e-20,9.363e+1,,4.209e-15,8.931e-4,,4.095e-14,1.445e-21,1.813e+2,1.812e+0,4.931e-10,1.355e-19,2.607e-22,4.845e-1,7.606e-5,1.252e+0,4.322e-16,2.036e+0,2.776e+0,3.389e+1,,5.488e+0,,,2.318e+0,,,1.273e-19,,1.271e-18,,7.024e-19,,1.697e-2,,7.961e-18,,3.908e-7,2.107e-16
522.67,3.257e+2,4.188e-21,8.608e-24,2.885e-33,2.811e-34,,,9.741e-18,9.347e-22,,2.550e-15,2.804e-19,9.039e-25,9.827e-18,2.195e-20,2.906e-27,1.505e-20,4.051e-26,,5.213e-19,1.126e-19,1.086e-19,8.936e+1,,6.513e-15,6.739e-4,,7.442e-14,1.446e-21,1.898e+2,1.827e+0,5.480e-10,1.355e-19,2.606e-22,5.047e-1,4.891e-5,1.469e+0,8.545e-16,2.001e+0,3.171e+0,2.945e+1,,5.993e+0,,,2.162e+0,,,1.271e-19,,1.271e-18,,7.023e-19,,1.392e-2,,7.956e-18,,2.556e-7,2.108e-16
522.69,3.261e+2,4.191e-21,1.312e-23,3.932e-33,2.811e-34,,,9.734e-18,9.350e-22,,2.550e-15,2.817e-19,9.045e-25,9.826e-18,2.193e-20,1.911e-27,1.505e-20,4.050e-26,,8.443e-19,1.124e-19,1.165e-19,8.633e+1,,8.684e-15,5.595e-4,,1.104e-13,1.446e-21,1.953e+2,1.834e+0,5.885e-10,1.355e-19,2.606e-22,5.169e-1,3.631e-5,1.630e+0,1.341e-15,1.975e+0,3.453e+0,2.672e+1,,6.346e+0,,,2.057e+0,,,1.271e-19,,1.272e-18,,7.023e-19,,1.217e-2,,7.952e-18,,1.920e-7,2.108e-16
522.72,3.268e+2,4.196e-21,2.454e-23,6.223e-33,2.811e-34,,,9.723e-18,9.355e-22,,2.550e-15,2.838e-19,9.055e-25,9.826e-18,2.190e-20,1.013e-27,1.505e-20,4.049e-26,,2.433e-18,1.121e-19,1.287e-19,8.156e+1,,1.330e-14,4.260e-4,,1.986e-13,1.446e-21,2.033e+2,1.838e+0,6.560e-10,1.355e-19,2.605e-22,5.329e-1,2.310e-5,1.896e+0,2.624e-15,1.934e+0,3.903e+0,2.297e+1,,6.901e+0,,,1.901e+0,,,1.269e-19,,1.272e-18,,7.022e-19,,9.901e-3,,7.947e-18,,1.242e-7,2.108e-16
522.74,3.272e+2,4.199e-21,3.714e-23,8.424e-33,2.811e-34,,,9.717e-18,9.357e-22,,2.549e-15,2.852e-19,9.061e-25,9.826e-18,2.188e-20,6.616e-28,1.504e-20,4.048e-26,,3.921e-18,1.119e-19,1.371e-19,7.826e+1,,1.761e-14,3.581e-4,,2.928e-13,1.447e-21,2.085e+2,1.836e+0,7.057e-10,1.355e-19,2.604e-22,5.419e-1,1.703e-5,2.090e+0,4.091e-15,1.904e+0,4.221e+0,2.070e+1,,7.288e+0,,,1.798e+0,,,1.269e-19,,1.272e-18,,7.021e-19,,8.605e-3,,7.943e-18,,9.263e-8,2.108e-16
522.77,3.278e+2,4.203e-21,6.879e-23,1.320e-32,2.811e-34,,,9.706e-18,9.362e-22,,2.549e-15,2.873e-19,9.070e-25,9.826e-18,2.184e-20,3.472e-28,1.504e-20,4.047e-26,,7.983e-18,1.116e-19,1.498e-19,7.318e+1,,2.668e-14,2.821e-4,,5.212e-13,1.447e-21,2.161e+2,1.826e+0,7.881e-10,1.355e-19,2.603e-22,5.528e-1,1.072e-5,2.407e+0,7.922e-15,1.858e+0,4.722e+0,1.761e+1,,7.892e+0,,,1.646e+0,,,1.267e-19,,1.272e-18,,7.021e-19,,6.943e-3,,7.938e-18,,5.932e-8,2.109e-16
522.79,3.282e+2,4.206e-21,1.034e-22,1.774e-32,2.811e-34,,,9.699e-18,9.365e-22,,2.548e-15,2.887e-19,9.077e-25,9.826e-18,2.182e-20,2.251e-28,1.504e-20,4.046e-26,,1.278e-17,1.114e-19,1.585e-19,6.973e+1,,3.509e-14,2.460e-4,,7.628e-13,1.448e-21,2.209e+2,1.816e+0,8.486e-10,1.356e-19,2.603e-22,5.582e-1,7.848e-6,2.635e+0,1.226e-14,1.825e+0,5.070e+0,1.576e+1,,8.310e+0,,,1.547e+0,,,1.266e-19,,1.272e-18,,7.020e-19,,5.999e-3,,7.934e-18,,4.392e-8,2.109e-16
522.82,3.288e+2,4.211e-21,1.895e-22,2.750e-32,2.811e-34,,,9.689e-18,9.369e-22,,2.548e-15,2.908e-19,9.086e-25,9.826e-18,2.179e-20,1.169e-28,1.503e-20,4.045e-26,,2.575e-17,1.111e-19,1.714e-19,6.454e+1,,5.262e-14,2.106e-4,,1.344e-12,1.448e-21,2.279e+2,1.793e+0,9.481e-10,1.356e-19,2.602e-22,5.635e-1,4.889e-6,3.004e+0,2.350e-14,1.775e+0,5.613e+0,1.327e+1,,8.961e+0,,,1.402e+0,,,1.265e-19,,1.272e-18,,7.019e-19,,4.798e-3,,7.928e-18,,2.783e-8,2.109e-16
522.84,3.293e+2,4.213e-21,2.828e-22,3.670e-32,2.811e-34,,,9.682e-18,9.372e-22,,2.548e-15,2.922e-19,9.092e-25,9.825e-18,2.177e-20,7.523e-29,1.503e-20,4.044e-26,,4.093e-17,1.109e-19,1.800e-19,6.108e+1,,6.871e-14,1.981e-4,,1.953e-12,1.448e-21,2.323e+2,1.773e+0,1.021e-9,1.356e-19,2.602e-22,5.651e-1,3.553e-6,3.267e+0,3.614e-14,1.740e+0,5.985e+0,1.180e+1,,9.408e+0,,,1.309e+0,,,1.264e-19,,1.273e-18,,7.019e-19,,4.121e-3,,7.925e-18,,2.046e-8,2.110e-16
522.87,3.299e+2,4.218e-21,5.131e-22,5.631e-32,2.810e-34,,,9.672e-18,9.377e-22,,2.547e-15,2.943e-19,9.102e-25,9.825e-18,2.174e-20,3.865e-29,1.503e-20,4.042e-26,,8.162e-17,1.106e-19,1.927e-19,5.596e+1,,1.020e-13,1.949e-4,,3.405e-12,1.449e-21,2.386e+2,1.738e+0,1.140e-9,1.356e-19,2.601e-22,5.645e-1,2.190e-6,3.685e+0,6.854e-14,1.685e+0,6.557e+0,9.831e+0,,1.010e+1,,,1.175e+0,,,1.263e-19,,1.273e-18,,7.018e-19,,3.267e-3,,7.919e-18,,1.283e-8,2.110e-16
522.89,3.304e+2,4.221e-21,7.606e-22,7.465e-32,2.810e-34,,,9.665e-18,9.380e-22,,2.547e-15,2.957e-19,9.108e-25,9.825e-18,2.172e-20,2.470e-29,1.503e-20,4.041e-26,,1.289e-16,1.104e-19,2.010e-19,5.260e+1,,1.323e-13,2.028e-4,,4.916e-12,1.449e-21,2.426e+2,1.710e+0,1.226e-9,1.356e-19,2.600e-22,5.622e-1,1.581e-6,3.980e+0,1.046e-13,1.648e+0,6.943e+0,8.677e+0,,1.057e+1,,,1.090e+0,,,1.262e-19,,1.273e-18,,7.018e-19,,2.789e-3,,7.916e-18,,9.364e-9,2.110e-16
522.91,3.308e+2,4.224e-21,1.124e-21,9.868e-32,2.810e-34,,,9.658e-18,9.383e-22,,2.547e-15,2.971e-19,9.114e-25,9.825e-18,2.170e-20,1.574e-29,1.503e-20,4.041e-26,,2.033e-16,1.102e-19,2.090e-19,4.931e+1,,1.710e-13,2.188e-4,,7.076e-12,1.449e-21,2.463e+2,1.679e+0,1.317e-9,1.356e-19,2.600e-22,5.582e-1,1.138e-6,4.287e+0,1.593e-13,1.610e+0,7.332e+0,7.636e+0,,1.105e+1,,,1.008e+0,,,1.261e-19,,1.273e-18,,7.017e-19,,2.376e-3,,7.912e-18,,6.816e-9,2.110e-16
522.94,3.314e+2,4.228e-21,2.010e-21,1.492e-31,2.810e-34,,,9.648e-18,2.777e-21,,2.546e-15,2.991e-19,9.123e-25,9.825e-18,2.167e-20,7.968e-30,1.502e-20,4.039e-26,,3.997e-16,1.099e-19,2.205e-19,4.452e+1,,2.502e-13,2.592e-4,,1.216e-11,1.450e-21,2.515e+2,1.628e+0,1.466e-9,1.357e-19,2.599e-22,5.495e-1,6.909e-7,4.767e+0,2.979e-13,1.552e+0,7.915e+0,6.272e+0,,1.178e+1,,,8.924e-1,,,1.260e-19,,1.273e-18,,7.016e-19,,1.859e-3,,7.907e-18,,4.211e-9,2.111e-16
522.96,3.317e+2,4.231e-21,2.952e-21,1.959e-31,2.810e-34,,,9.641e-18,4.487e-21,,2.546e-15,3.005e-19,9.130e-25,9.825e-18,2.165e-20,5.043e-30,1.502e-20,4.038e-26,,6.250e-16,1.097e-19,2.277e-19,4.145e+1,,3.212e-13,2.979e-4,,1.738e-11,1.450e-21,2.546e+2,1.591e+0,1.572e-9,1.357e-19,2.598e-22,5.419e-1,4.937e-7,5.098e+0,4.504e-13,1.512e+0,8.300e+0,5.482e+0,,1.228e+1,,,8.198e-1,,,1.259e-19,,1.273e-18,,7.016e-19,,1.574e-3,,7.903e-18,,3.044e-9,2.111e-16
522.99,3.321e+2,4.236e-21,5.223e-21,2.931e-31,2.810e-34,,,9.631e-18,9.169e-21,,2.546e-15,3.026e-19,9.139e-25,9.825e-18,2.162e-20,2.525e-30,1.502e-20,4.037e-26,,1.216e-15,1.094e-19,2.377e-19,3.704e+1,,4.650e-13,3.764e-4,,2.956e-11,1.451e-21,2.588e+2,1.532e+0,1.743e-9,1.357e-19,2.598e-22,5.278e-1,2.967e-7,5.610e+0,8.332e-13,1.451e+0,8.866e+0,4.456e+0,,1.302e+1,,,7.182e-1,,,1.258e-19,,1.274e-18,,7.015e-19,,1.220e-3,,7.897e-18,,1.860e-9,2.111e-16
523.01,3.322e+2,4.238e-21,7.616e-21,3.821e-31,2.810e-34,,,9.624e-18,1.471e-20,,2.545e-15,3.040e-19,9.145e-25,9.824e-18,2.160e-20,1.587e-30,1.502e-20,4.036e-26,,1.889e-15,1.092e-19,2.437e-19,3.425e+1,,5.931e-13,4.442e-4,,4.197e-11,1.451e-21,2.613e+2,1.490e+0,1.864e-9,1.357e-19,2.597e-22,5.169e-1,2.105e-7,5.959e+0,1.251e-12,1.410e+0,9.233e+0,3.868e+0,,1.352e+1,,,6.553e-1,,,1.257e-19,,1.274e-18,,7.015e-19,,1.026e-3,,7.894e-18,,1.335e-9,2.111e-16
523.04,3.321e+2,4.243e-21,1.334e-20,5.659e-31,2.810e-34,,,9.614e-18,2.976e-20,,2.545e-15,3.061e-19,9.154e-25,9.824e-18,2.157e-20,7.863e-31,1.501e-20,4.035e-26,,3.637e-15,1.089e-19,2.518e-19,3.030e+1,,8.496e-13,5.734e-4,,7.062e-11,1.451e-21,2.644e+2,1.424e+0,2.057e-9,1.357e-19,2.596e-22,4.982e-1,1.252e-7,6.490e+0,2.291e-12,1.347e+0,9.760e+0,3.112e+0,,1.425e+1,,,5.682e-1,,,1.256e-19,,1.274e-18,,7.014e-19,,7.877e-4,,7.888e-18,,8.076e-10,2.112e-16
523.06,3.319e+2,4.246e-21,1.932e-20,7.326e-31,2.810e-34,,,9.607e-18,4.743e-20,,2.545e-15,3.075e-19,9.161e-25,9.824e-18,2.155e-20,4.906e-31,1.501e-20,4.034e-26,,5.611e-15,1.087e-19,2.564e-19,2.782e+1,,1.076e-12,6.810e-4,,9.958e-11,1.452e-21,2.661e+2,1.379e+0,2.192e-9,1.357e-19,2.596e-22,4.845e-1,8.819e-8,6.846e+0,3.417e-12,1.304e+0,1.009e+1,2.682e+0,,1.474e+1,,,5.149e-1,,,1.255e-19,,1.274e-18,,7.013e-19,,6.583e-4,,7.885e-18,,5.756e-10,2.112e-16
523.09,3.312e+2,4.250e-21,3.348e-20,1.074e-30,2.809e-34,,,9.597e-18,9.494e-20,,2.544e-15,3.096e-19,9.170e-25,9.824e-18,2.151e-20,2.405e-31,1.501e-20,4.032e-26,,1.069e-14,1.084e-19,2.621e-19,2.436e+1,,1.526e-12,8.806e-4,,1.658e-10,1.452e-21,2.679e+2,1.310e+0,2.406e-9,1.358e-19,2.595e-22,4.621e-1,5.189e-8,7.379e+0,6.191e-12,1.239e+0,1.056e+1,2.135e+0,,1.545e+1,,,4.419e-1,,,1.254e-19,,1.274e-18,,7.013e-19,,5.006e-4,,7.879e-18,,3.445e-10,2.112e-16
523.11,3.305e+2,4.253e-21,4.815e-20,1.380e-30,2.809e-34,,,9.590e-18,1.503e-19,,2.544e-15,3.110e-19,9.176e-25,9.824e-18,2.149e-20,1.490e-31,1.501e-20,4.031e-26,,1.638e-14,1.082e-19,2.651e-19,2.221e+1,,1.919e-12,1.044e-3,,2.322e-10,1.453e-21,2.687e+2,1.264e+0,2.555e-9,1.358e-19,2.594e-22,4.462e-1,3.630e-8,7.731e+0,9.170e-12,1.196e+0,1.084e+1,1.828e+0,,1.590e+1,,,3.976e-1,,,1.253e-19,,1.274e-18,,7.012e-19,,4.157e-4,,7.876e-18,,2.438e-10,2.113e-16
523.14,3.289e+2,4.258e-21,8.262e-20,2.002e-30,2.809e-34,,,9.580e-18,2.977e-19,,2.543e-15,3.131e-19,9.186e-25,9.824e-18,2.146e-20,7.229e-32,1.500e-20,4.030e-26,,3.090e-14,1.079e-19,2.682e-19,1.925e+1,,2.692e-12,1.342e-3,,3.828e-10,1.453e-21,2.691e+2,1.194e+0,2.788e-9,1.358e-19,2.594e-22,4.212e-1,2.113e-8,8.247e+0,1.644e-11,1.130e+0,1.122e+1,1.440e+0,,1.656e+1,,,3.377e-1,,,1.252e-19,,1.275e-18,,7.011e-19,,3.130e-4,,7.870e-18,,1.443e-10,2.113e-16
523.16,3.274e+2,4.261e-21,1.180e-19,2.556e-30,2.809e-34,,,9.573e-18,4.680e-19,,2.543e-15,3.144e-19,9.192e-25,9.823e-18,2.144e-20,4.447e-32,1.500e-20,4.029e-26,,4.701e-14,1.077e-19,2.693e-19,1.743e+1,,3.362e-12,1.582e-3,,5.323e-10,1.453e-21,2.688e+2,1.148e+0,2.949e-9,1.358e-19,2.593e-22,4.039e-1,1.468e-8,8.580e+0,2.419e-11,1.085e+0,1.145e+1,1.224e+0,,1.697e+1,,,3.018e-1,,,1.251e-19,,1.275e-18,,7.011e-19,,2.582e-4,,7.866e-18,,1.014e-10,2.113e-16
523.19,3.247e+2,4.265e-21,2.004e-19,3.669e-30,2.809e-34,,,9.563e-18,9.175e-19,,2.543e-15,3.165e-19,9.201e-25,9.823e-18,2.141e-20,4.424e-32,1.500e-20,4.028e-26,,8.777e-14,1.074e-19,2.697e-19,1.495e+1,,4.668e-12,2.015e-3,,8.682e-10,1.454e-21,2.677e+2,1.080e+0,3.198e-9,1.358e-19,2.592e-22,3.773e-1,8.456e-9,9.059e+0,4.293e-11,1.019e+0,1.172e+1,9.546e-1,,1.754e+1,,,2.537e-1,,,1.250e-19,,1.275e-18,,7.010e-19,,1.925e-4,,7.861e-18,,5.943e-11,2.113e-16
523.21,3.224e+2,4.268e-21,2.842e-19,4.653e-30,2.809e-34,,,9.556e-18,1.432e-18,,2.542e-15,3.179e-19,9.207e-25,9.823e-18,2.139e-20,4.408e-32,1.500e-20,4.027e-26,,1.326e-13,1.072e-19,2.689e-19,1.345e+1,,5.790e-12,2.361e-3,,1.199e-9,1.454e-21,2.664e+2,1.036e+0,3.368e-9,1.358e-19,2.592e-22,3.592e-1,5.833e-9,9.360e+0,6.271e-11,9.752e-1,1.187e+1,8.059e-1,,1.789e+1,,,2.251e-1,,,1.249e-19,,1.275e-18,,7.010e-19,,1.577e-4,,7.857e-18,,4.147e-11,2.114e-16
523.24,3.182e+2,4.272e-21,4.778e-19,6.609e-30,2.809e-34,,,9.546e-18,2.779e-18,,2.542e-15,3.200e-19,9.217e-25,9.823e-18,2.136e-20,4.384e-32,1.499e-20,4.026e-26,,2.450e-13,1.070e-19,2.665e-19,1.142e+1,,7.957e-12,2.979e-3,,1.936e-9,1.455e-21,2.636e+2,9.718e-1,3.630e-9,1.359e-19,2.591e-22,3.320e-1,3.324e-9,9.781e+0,1.101e-10,9.097e-1,1.204e+1,6.219e-1,,1.835e+1,,,1.872e-1,,,2.568e-19,,1.275e-18,,7.009e-19,,1.164e-4,,7.852e-18,,2.404e-11,2.114e-16
523.26,3.149e+2,4.275e-21,6.730e-19,8.322e-30,2.809e-34,,,9.539e-18,4.309e-18,,2.542e-15,3.214e-19,9.223e-25,9.823e-18,2.134e-20,4.368e-32,1.499e-20,4.025e-26,,3.677e-13,1.068e-19,2.639e-19,1.020e+1,,9.800e-12,3.466e-3,,2.655e-9,1.455e-21,2.612e+2,9.306e-1,3.809e-9,1.359e-19,2.591e-22,3.139e-1,2.277e-9,1.004e+1,1.598e-10,8.666e-1,1.210e+1,5.214e-1,,1.862e+1,,,1.650e-1,,,4.139e-19,,1.275e-18,,7.008e-19,,9.479e-5,,7.848e-18,,1.666e-11,2.114e-16
523.29,3.092e+2,4.280e-21,1.120e-18,1.170e-29,2.808e-34,,,9.528e-18,8.276e-18,,2.541e-15,3.235e-19,9.232e-25,9.823e-18,2.131e-20,4.345e-32,1.499e-20,4.023e-26,,6.725e-13,1.065e-19,2.588e-19,8.569e+0,,1.333e-11,4.329e-3,,4.241e-9,1.455e-21,2.567e+2,8.715e-1,4.081e-9,1.359e-19,2.590e-22,2.872e-1,1.284e-9,1.038e+1,2.778e-10,8.029e-1,1.214e+1,3.981e-1,,1.896e+1,,,1.358e-1,,,8.423e-19,,1.276e-18,,7.008e-19,,6.927e-5,,7.843e-18,,9.555e-12,2.115e-16
523.31,3.049e+2,4.283e-21,1.567e-18,1.463e-29,2.808e-34,,,9.522e-18,1.274e-17,,2.541e-15,3.249e-19,9.239e-25,9.822e-18,2.129e-20,4.329e-32,1.498e-20,4.022e-26,,1.002e-12,1.063e-19,2.546e-19,7.604e+0,,1.630e-11,5.003e-3,,5.776e-9,1.456e-21,2.532e+2,8.340e-1,4.265e-9,1.359e-19,2.589e-22,2.696e-1,8.734e-10,1.058e+1,4.002e-10,7.614e-1,1.212e+1,3.315e-1,,1.913e+1,,,1.189e-1,,,1.348e-18,,1.276e-18,,7.007e-19,,5.601e-5,,7.839e-18,,6.573e-12,2.115e-16
523.33,3.001e+2,4.286e-21,2.186e-18,1.824e-29,2.808e-34,,,9.515e-18,1.957e-17,,2.541e-15,3.263e-19,9.245e-25,9.822e-18,2.127e-20,4.313e-32,1.498e-20,4.022e-26,,1.490e-12,1.061e-19,2.498e-19,6.730e+0,,1.989e-11,5.766e-3,,7.845e-9,1.456e-21,2.492e+2,7.982e-1,4.450e-9,1.359e-19,2.589e-22,2.525e-1,5.924e-10,1.076e+1,5.750e-10,7.207e-1,1.207e+1,2.752e-1,,1.926e+1,,,1.038e-1,,,2.151e-18,,1.276e-18,,7.007e-19,,4.516e-5,,7.835e-18,,4.509e-12,2.115e-16
523.36,2.922e+2,4.290e-21,3.584e-18,2.527e-29,2.808e-34,,,9.505e-18,3.704e-17,,2.540e-15,3.284e-19,9.254e-25,9.822e-18,2.124e-20,4.290e-32,1.498e-20,4.020e-26,,2.685e-12,1.058e-19,2.415e-19,5.576e+0,,2.665e-11,7.096e-3,,1.235e-8,1.456e-21,2.424e+2,7.477e-1,4.732e-9,1.360e-19,2.588e-22,2.275e-1,3.291e-10,1.097e+1,9.851e-10,6.617e-1,1.194e+1,2.072e-1,,1.937e+1,,,8.415e-2,,,4.316e-18,,1.276e-18,,7.006e-19,,3.254e-5,,7.830e-18,,2.549e-12,2.115e-16
523.38,2.863e+2,4.293e-21,4.967e-18,3.130e-29,2.808e-34,,,9.498e-18,5.648e-17,,2.540e-15,3.297e-19,9.260e-25,9.822e-18,2.122e-20,4.274e-32,1.498e-20,4.019e-26,,3.964e-12,1.056e-19,2.354e-19,4.903e+0,,3.228e-11,8.122e-3,,1.666e-8,1.457e-21,2.374e+2,7.162e-1,4.922e-9,1.360e-19,2.587e-22,2.116e-1,2.217e-10,1.107e+1,1.406e-9,6.238e-1,1.180e+1,1.709e-1,,1.940e+1,,,7.293e-2,,,6.841e-18,,1.276e-18,,7.005e-19,,2.606e-5,,7.826e-18,,1.736e-12,2.116e-16
523.41,2.768e+2,8.860e-21,8.061e-18,4.291e-29,2.808e-34,,,9.487e-18,1.058e-16,,2.540e-15,3.318e-19,9.270e-25,9.822e-18,2.119e-20,4.250e-32,1.497e-20,4.018e-26,,7.072e-12,1.053e-19,2.253e-19,4.024e+0,,4.282e-11,9.893e-3,,2.597e-8,1.457e-21,2.291e+2,6.722e-1,5.209e-9,1.360e-19,2.587e-22,1.887e-1,1.219e-10,1.118e+1,2.383e-9,5.695e-1,1.155e+1,1.273e-1,,1.934e+1,,,5.854e-2,,,1.358e-17,,1.276e-18,,7.004e-19,,1.858e-5,,7.821e-18,,9.710e-13,2.116e-16
523.43,2.700e+2,1.431e-20,1.109e-17,5.277e-29,2.808e-34,,,9.481e-18,1.602e-16,,2.539e-15,3.332e-19,9.276e-25,9.822e-18,2.117e-20,4.235e-32,1.497e-20,4.017e-26,,1.037e-11,1.051e-19,2.182e-19,3.518e+0,,5.151e-11,1.124e-2,,3.478e-8,1.457e-21,2.232e+2,6.451e-1,5.402e-9,1.360e-19,2.586e-22,1.742e-1,8.150e-11,1.121e+1,3.377e-9,5.352e-1,1.134e+1,1.043e-1,,1.925e+1,,,5.038e-2,,,2.138e-17,,1.276e-18,,7.004e-19,,1.478e-5,,7.817e-18,,6.568e-13,2.116e-16
523.46,2.591e+2,2.923e-20,1.782e-17,7.160e-29,2.808e-34,,,9.470e-18,2.971e-16,,2.539e-15,3.353e-19,9.285e-25,9.822e-18,2.113e-20,4.211e-32,1.497e-20,4.016e-26,,1.831e-11,1.048e-19,2.070e-19,2.863e+0,,6.761e-11,1.355e-2,,5.364e-8,1.458e-21,2.136e+2,6.075e-1,5.694e-9,1.360e-19,2.585e-22,1.538e-1,4.433e-11,1.120e+1,5.667e-9,4.867e-1,1.098e+1,7.704e-2,,1.903e+1,,,4.001e-2,,,4.200e-17,,1.277e-18,,7.003e-19,,1.043e-5,,7.812e-18,,3.635e-13,2.117e-16
523.48,2.514e+2,4.690e-20,2.436e-17,8.745e-29,2.807e-34,,,9.463e-18,4.468e-16,,2.539e-15,3.367e-19,9.292e-25,9.821e-18,2.111e-20,4.195e-32,1.497e-20,4.015e-26,,2.666e-11,1.046e-19,1.992e-19,2.491e+0,,8.077e-11,1.530e-2,,7.136e-8,1.458e-21,2.069e+2,5.845e-1,5.892e-9,1.360e-19,2.585e-22,1.410e-1,2.944e-11,1.115e+1,7.975e-9,4.566e-1,1.070e+1,6.278e-2,,1.883e+1,,,3.420e-2,,,6.567e-17,,1.277e-18,,7.003e-19,,8.244e-6,,7.808e-18,,2.441e-13,2.117e-16
523.51,2.393e+2,9.481e-20,3.873e-17,1.174e-28,2.807e-34,,,9.453e-18,8.199e-16,,2.538e-15,3.388e-19,9.301e-25,9.821e-18,2.108e-20,4.172e-32,1.496e-20,4.013e-26,,4.659e-11,1.043e-19,1.873e-19,2.016e+0,,1.049e-10,1.825e-2,,1.089e-7,1.459e-21,1.964e+2,5.529e-1,6.192e-9,1.361e-19,2.584e-22,1.231e-1,1.585e-11,1.103e+1,1.324e-8,4.151e-1,1.025e+1,4.605e-2,,1.844e+1,,,2.688e-2,,,1.277e-16,,1.277e-18,,7.002e-19,,5.759e-6,,7.803e-18,,1.337e-13,2.117e-16
523.53,2.310e+2,1.511e-19,5.258e-17,1.424e-28,2.807e-34,,,9.446e-18,1.225e-15,,2.538e-15,3.402e-19,9.307e-25,9.821e-18,2.106e-20,4.156e-32,1.496e-20,4.013e-26,,6.737e-11,1.041e-19,1.793e-19,1.749e+0,,1.245e-10,2.045e-2,,1.439e-7,1.459e-21,1.891e+2,5.336e-1,6.396e-9,1.361e-19,2.583e-22,1.121e-1,1.045e-11,1.092e+1,1.851e-8,3.899e-1,9.929e+0,3.742e-2,,1.813e+1,,,2.281e-2,,,1.983e-16,,1.277e-18,,7.001e-19,,4.519e-6,,7.799e-18,,8.914e-14,2.117e-16
523.56,2.181e+2,3.022e-19,8.275e-17,1.893e-28,2.807e-34,,,9.436e-18,2.224e-15,,2.537e-15,3.423e-19,9.317e-25,9.821e-18,2.103e-20,4.132e-32,1.496e-20,4.011e-26,,1.165e-10,1.038e-19,1.674e-19,1.414e+0,,1.600e-10,2.415e-2,,2.173e-7,1.459e-21,1.779e+2,5.072e-1,6.709e-9,1.361e-19,2.583e-22,9.690e-2,5.564e-12,1.069e+1,3.042e-8,3.561e-1,9.412e+0,2.746e-2,,1.760e+1,,,1.774e-2,,,3.816e-16,,1.277e-18,,7.001e-19,,3.125e-6,,7.793e-18,,4.830e-14,2.118e-16
523.58,2.093e+2,4.783e-19,1.116e-16,2.280e-28,2.807e-34,,,9.429e-18,3.300e-15,,2.537e-15,3.437e-19,9.323e-25,9.821e-18,2.101e-20,4.116e-32,1.496e-20,4.010e-26,,1.674e-10,1.036e-19,1.595e-19,1.230e+0,,1.885e-10,2.688e-2,,2.851e-7,1.460e-21,1.703e+2,4.911e-1,6.923e-9,1.361e-19,2.582e-22,8.761e-2,3.643e-12,1.051e+1,4.222e-8,3.363e-1,9.051e+0,2.244e-2,,1.721e+1,,,1.495e-2,,,5.884e-16,,1.277e-18,,7.000e-19,,2.435e-6,,7.790e-18,,3.198e-14,2.118e-16
523.61,1.959e+2,9.471e-19,1.738e-16,2.998e-28,2.807e-34,,,9.419e-18,5.931e-15,,2.537e-15,3.457e-19,9.332e-25,9.821e-18,2.098e-20,4.093e-32,1.495e-20,4.009e-26,,2.866e-10,1.033e-19,1.481e-19,1.005e+0,,2.398e-10,3.140e-2,,4.263e-7,1.460e-21,1.587e+2,4.691e-1,7.253e-9,1.361e-19,2.581e-22,7.492e-2,1.920e-12,1.020e+1,6.868e-8,3.110e-1,8.491e+0,1.681e-2,,1.656e+1,,,1.151e-2,,,1.121e-15,,1.278e-18,,6.999e-19,,1.666e-6,,7.784e-18,,1.715e-14,2.118e-16
523.63,1.869e+2,1.488e-18,2.328e-16,3.586e-28,2.807e-34,,,9.412e-18,8.737e-15,,2.536e-15,3.471e-19,9.338e-25,9.820e-18,2.096e-20,4.077e-32,1.495e-20,4.008e-26,,4.087e-10,1.031e-19,1.409e-19,8.848e-1,,2.806e-10,3.471e-2,,5.554e-7,1.461e-21,1.510e+2,4.558e-1,7.480e-9,1.361e-19,2.581e-22,6.727e-2,1.248e-12,9.958e+0,9.467e-8,2.971e-1,8.108e+0,1.410e-2,,1.609e+1,,,9.628e-3,,,1.716e-15,,1.278e-18,,6.999e-19,,1.289e-6,,7.781e-18,,1.127e-14,2.118e-16
523.66,1.735e+2,2.917e-18,3.589e-16,4.667e-28,2.807e-34,,,9.402e-18,1.554e-14,,2.536e-15,3.492e-19,9.348e-25,9.820e-18,2.093e-20,4.053e-32,1.495e-20,4.007e-26,,6.927e-10,1.028e-19,1.306e-19,7.437e-1,,3.532e-10,4.013e-2,,8.217e-7,1.461e-21,1.395e+2,4.374e-1,7.833e-9,1.362e-19,2.580e-22,5.693e-2,6.508e-13,9.565e+0,1.524e-7,2.810e-1,7.527e+0,1.130e-2,,1.535e+1,,,7.332e-3,,,3.235e-15,,1.278e-18,,6.998e-19,,8.733e-7,,7.775e-18,,5.981e-15,2.119e-16
523.68,1.646e+2,4.552e-18,4.773e-16,5.544e-28,2.807e-34,,,9.395e-18,2.274e-14,,2.536e-15,3.506e-19,9.354e-25,9.820e-18,2.091e-20,4.038e-32,1.495e-20,4.006e-26,,9.812e-10,1.026e-19,1.242e-19,6.730e-1,,4.104e-10,4.405e-2,,1.063e-6,1.461e-21,1.318e+2,4.262e-1,8.078e-9,1.362e-19,2.579e-22,5.076e-2,4.201e-13,9.282e+0,2.086e-7,2.734e-1,7.138e+0,1.015e-2,,1.484e+1,,,6.093e-3,,,4.920e-15,,1.278e-18,,6.998e-19,,6.711e-7,,7.772e-18,,3.905e-15,2.119e-16
523.7,1.558e+2,7.085e-18,6.332e-16,6.568e-28,2.806e-34,,,9.388e-18,3.318e-14,,2.535e-15,3.520e-19,9.360e-25,9.820e-18,2.089e-20,4.022e-32,1.495e-20,4.005e-26,,1.386e-9,1.024e-19,1.183e-19,6.190e-1,,4.756e-10,4.822e-2,,1.372e-6,1.462e-21,1.243e+2,4.157e-1,8.331e-9,1.362e-19,2.579e-22,4.513e-2,2.704e-13,8.985e+0,2.848e-7,2.684e-1,6.750e+0,9.492e-3,,1.431e+1,,,5.049e-3,,,7.462e-15,,1.278e-18,,6.997e-19,,5.143e-7,,7.768e-18,,2.543e-15,2.119e-16
523.73,1.428e+2,1.369e-17,9.623e-16,8.424e-28,2.806e-34,,,9.378e-18,5.818e-14,,2.535e-15,3.541e-19,9.370e-25,9.820e-18,2.086e-20,3.998e-32,1.494e-20,4.004e-26,,2.315e-9,1.021e-19,1.104e-19,5.663e-1,,5.900e-10,5.494e-2,,2.000e-6,1.462e-21,1.133e+2,4.011e-1,8.725e-9,1.362e-19,2.578e-22,3.763e-2,1.389e-13,8.516e+0,4.518e-7,2.659e-1,6.174e+0,9.344e-3,,1.351e+1,,,3.789e-3,,,1.387e-14,,1.278e-18,,6.996e-19,,3.433e-7,,7.762e-18,,1.329e-15,2.120e-16
523.75,1.344e+2,2.116e-17,1.268e-15,9.910e-28,2.806e-34,,,9.371e-18,8.430e-14,,2.535e-15,3.555e-19,9.376e-25,9.820e-18,2.084e-20,3.982e-32,1.494e-20,4.003e-26,,3.249e-9,1.019e-19,1.058e-19,5.483e-1,,6.789e-10,5.973e-2,,2.563e-6,1.462e-21,1.061e+2,3.922e-1,9.000e-9,1.362e-19,2.578e-22,3.323e-2,8.881e-14,8.191e+0,6.126e-7,2.676e-1,5.798e+0,9.774e-3,,1.298e+1,,,3.118e-3,,,2.088e-14,,1.279e-18,,6.996e-19,,2.613e-7,,7.759e-18,,8.592e-16,2.120e-16
523.78,1.222e+2,4.045e-17,1.907e-15,1.258e-27,2.806e-34,,,9.361e-18,1.463e-13,,2.534e-15,3.576e-19,9.385e-25,9.819e-18,2.081e-20,3.959e-32,1.494e-20,4.001e-26,,5.371e-9,1.016e-19,1.002e-19,5.448e-1,,8.336e-10,6.734e-2,,3.699e-6,1.463e-21,9.575e+1,3.798e-1,9.428e-9,1.362e-19,2.577e-22,2.742e-2,4.514e-14,7.692e+0,9.619e-7,2.752e-1,5.249e+0,1.120e-2,,1.218e+1,,,2.315e-3,,,3.841e-14,,1.279e-18,,6.995e-19,,1.726e-7,,7.753e-18,,4.443e-16,2.120e-16
523.8,1.144e+2,6.209e-17,2.496e-15,1.470e-27,2.806e-34,,,9.354e-18,2.105e-13,,2.534e-15,3.590e-19,9.391e-25,9.819e-18,2.078e-20,3.943e-32,1.493e-20,4.000e-26,,7.485e-9,1.015e-19,9.722e-20,5.571e-1,,9.526e-10,7.270e-2,,4.707e-6,1.463e-21,8.911e+1,3.722e-1,9.725e-9,1.363e-19,2.576e-22,2.404e-2,2.865e-14,7.354e+0,1.295e-6,2.838e-1,4.895e+0,1.270e-2,,1.167e+1,,,1.892e-3,,,5.745e-14,,1.279e-18,,6.995e-19,,1.304e-7,,7.750e-18,,2.852e-16,2.120e-16
523.83,1.031e+2,1.175e-16,3.717e-15,1.846e-27,2.806e-34,,,9.344e-18,3.615e-13,,2.534e-15,3.610e-19,9.401e-25,9.819e-18,2.075e-20,3.919e-32,1.493e-20,3.999e-26,,1.225e-8,1.012e-19,9.416e-20,5.961e-1,,1.158e-9,8.112e-2,,6.722e-6,1.464e-21,7.962e+1,3.616e-1,1.019e-8,1.363e-19,2.576e-22,1.963e-2,1.441e-14,6.843e+0,2.013e-6,3.019e-1,4.385e+0,1.583e-2,,1.093e+1,,,1.390e-3,,,1.046e-13,,1.279e-18,,6.994e-19,,8.525e-8,,7.744e-18,,1.459e-16,2.121e-16
523.85,9.607e+1,1.791e-16,4.830e-15,2.142e-27,2.806e-34,,,9.337e-18,5.167e-13,,2.533e-15,3.624e-19,9.407e-25,9.819e-18,2.073e-20,3.904e-32,1.493e-20,3.998e-26,,1.695e-8,1.010e-19,9.307e-20,6.353e-1,,1.314e-9,8.696e-2,,8.496e-6,1.464e-21,7.361e+1,3.552e-1,1.051e-8,1.363e-19,2.575e-22,1.709e-2,9.083e-15,6.504e+0,2.691e-6,3.175e-1,4.060e+0,1.858e-2,,1.046e+1,,,1.128e-3,,,1.553e-13,,1.279e-18,,6.993e-19,,6.399e-8,,7.741e-18,,9.304e-17,2.121e-16
523.88,8.607e+1,3.354e-16,7.120e-15,2.662e-27,2.806e-34,,,9.327e-18,8.783e-13,,2.533e-15,3.645e-19,9.416e-25,9.819e-18,2.070e-20,3.880e-32,1.493e-20,3.997e-26,,2.746e-8,1.007e-19,9.294e-20,7.132e-1,,1.580e-9,9.603e-2,,1.201e-5,1.464e-21,6.511e+1,3.464e-1,1.100e-8,1.363e-19,2.574e-22,1.381e-2,4.521e-15,5.999e+0,4.139e-6,3.462e-1,3.599e+0,2.386e-2,,9.815e+0,,,8.203e-4,,,2.798e-13,,1.279e-18,,6.993e-19,,4.139e-8,,7.735e-18,,4.710e-17,2.121e-16
523.9,7.983e+1,5.079e-16,9.191e-15,3.068e-27,2.805e-34,,,9.320e-18,1.247e-12,,2.533e-15,3.659e-19,9.423e-25,9.819e-18,2.068e-20,3.864e-32,1.492e-20,3.996e-26,,3.774e-8,1.005e-19,9.389e-20,7.778e-1,,1.780e-9,1.022e-1,,1.507e-5,1.465e-21,5.980e+1,3.412e-1,1.133e-8,1.363e-19,2.574e-22,1.194e-2,2.829e-15,5.669e+0,5.495e-6,3.688e-1,3.310e+0,2.826e-2,,9.427e+0,,,6.610e-4,,,4.128e-13,,1.280e-18,,6.992e-19,,3.085e-8,,7.731e-18,,2.982e-17,2.121e-16
523.93,7.117e+1,9.413e-16,1.341e-14,3.774e-27,2.805e-34,,,9.310e-18,2.097e-12,,2.532e-15,3.680e-19,9.432e-25,9.819e-18,2.065e-20,3.841e-32,1.492e-20,3.995e-26,,6.050e-8,1.002e-19,9.695e-20,8.936e-1,,2.118e-9,1.117e-1,,2.108e-5,1.465e-21,5.236e+1,3.344e-1,1.184e-8,1.363e-19,2.573e-22,9.548e-3,1.393e-15,5.185e+0,8.365e-6,4.078e-1,2.904e+0,3.643e-2,,8.920e+0,,,4.756e-4,,,7.360e-13,,1.280e-18,,6.991e-19,,1.975e-8,,7.726e-18,,1.494e-17,2.122e-16
523.95,6.585e+1,1.415e-15,1.719e-14,4.318e-27,2.805e-34,,,9.303e-18,2.956e-12,,2.532e-15,3.694e-19,9.438e-25,9.818e-18,2.063e-20,3.825e-32,1.492e-20,3.994e-26,,8.259e-8,9.998e-20,1.001e-19,9.835e-1,,2.371e-9,1.181e-1,,2.627e-5,1.466e-21,4.777e+1,3.306e-1,1.218e-8,1.364e-19,2.572e-22,8.198e-3,8.657e-16,4.872e+0,1.103e-5,4.373e-1,2.651e+0,4.309e-2,,8.638e+0,,,3.805e-4,,,1.078e-12,,1.280e-18,,6.991e-19,,1.461e-8,,7.722e-18,,9.389e-18,2.122e-16
523.98,5.858e+1,2.597e-15,2.484e-14,5.257e-27,2.805e-34,,,9.292e-18,4.922e-12,,2.531e-15,3.715e-19,9.447e-25,9.818e-18,2.060e-20,3.801e-32,1.492e-20,3.992e-26,,1.311e-7,9.968e-20,1.065e-19,1.137e+0,,2.792e-9,1.277e-1,,3.637e-5,1.466e-21,4.141e+1,3.261e-1,1.270e-8,1.364e-19,2.572e-22,6.487e-3,4.218e-16,4.421e+0,1.662e-5,4.863e-1,2.302e+0,5.525e-2,,8.311e+0,,,2.709e-4,,,1.903e-12,,1.280e-18,,6.990e-19,,9.257e-9,,7.717e-18,,4.654e-18,2.122e-16
524,5.420e+1,3.878e-15,3.163e-14,5.974e-27,2.805e-34,,,9.286e-18,6.890e-12,,2.531e-15,3.729e-19,9.454e-25,9.818e-18,2.058e-20,3.786e-32,1.491e-20,3.991e-26,,1.777e-7,9.949e-20,1.120e-19,1.253e+0,,3.103e-9,1.341e-1,,4.502e-5,1.466e-21,3.751e+1,3.240e-1,1.304e-8,1.364e-19,2.571e-22,5.530e-3,2.603e-16,4.133e+0,2.176e-5,5.222e-1,2.087e+0,6.502e-2,,8.163e+0,,,2.153e-4,,,2.769e-12,,1.280e-18,,6.990e-19,,6.804e-9,,7.713e-18,,2.905e-18,2.123e-16
524.03,4.834e+1,7.040e-15,4.522e-14,7.198e-27,2.805e-34,,,9.275e-18,1.135e-11,,2.531e-15,3.750e-19,9.463e-25,9.818e-18,2.055e-20,3.762e-32,1.491e-20,3.990e-26,,2.791e-7,9.919e-20,1.219e-19,1.446e+0,,3.617e-9,1.435e-1,,6.168e-5,1.467e-21,3.219e+1,3.223e-1,1.354e-8,1.364e-19,2.570e-22,4.330e-3,1.255e-16,3.722e+0,3.244e-5,5.806e-1,1.793e+0,8.265e-2,,8.056e+0,,,1.517e-4,,,4.835e-12,,1.280e-18,,6.989e-19,,4.265e-9,,7.708e-18,,1.425e-18,2.123e-16
524.05,4.489e+1,1.044e-14,5.720e-14,8.122e-27,2.805e-34,,,9.269e-18,1.578e-11,,2.530e-15,3.763e-19,9.469e-25,9.818e-18,2.053e-20,3.746e-32,1.491e-20,3.989e-26,,3.759e-7,9.900e-20,1.297e-19,1.588e+0,,3.992e-9,1.496e-1,,7.581e-5,1.467e-21,2.897e+1,3.222e-1,1.386e-8,1.364e-19,2.570e-22,3.666e-3,1.254e-16,3.464e+0,4.220e-5,6.223e-1,1.615e+0,9.667e-2,,8.067e+0,,,1.197e-4,,,6.988e-12,,1.280e-18,,6.988e-19,,3.112e-9,,7.704e-18,,8.829e-19,2.123e-16
524.07,4.181e+1,1.544e-14,7.215e-14,9.140e-27,2.805e-34,,,9.262e-18,2.188e-11,,2.530e-15,3.777e-19,9.476e-25,9.818e-18,2.051e-20,3.730e-32,1.491e-20,3.988e-26,,5.047e-7,9.880e-20,1.385e-19,1.740e+0,,4.394e-9,1.556e-1,,9.294e-5,1.467e-21,2.599e+1,3.231e-1,1.417e-8,1.364e-19,2.569e-22,3.095e-3,1.253e-16,3.217e+0,5.473e-5,6.660e-1,1.450e+0,1.128e-1,,8.149e+0,,,9.416e-5,,,1.007e-11,,1.281e-18,,6.988e-19,,2.265e-9,,7.700e-18,,5.456e-19,2.123e-16
524.1,3.785e+1,2.763e-14,1.017e-13,1.085e-26,2.804e-34,,,9.251e-18,3.554e-11,,2.530e-15,3.798e-19,9.485e-25,9.817e-18,2.048e-20,3.707e-32,1.490e-20,3.987e-26,,7.815e-7,9.850e-20,1.533e-19,1.989e+0,,5.047e-9,1.641e-1,,1.255e-4,1.468e-21,2.198e+1,3.264e-1,1.461e-8,1.365e-19,2.568e-22,2.388e-3,1.251e-16,2.872e+0,8.042e-5,7.352e-1,1.227e+0,1.414e-1,,8.412e+0,,,6.537e-5,,,1.733e-11,,1.281e-18,,6.987e-19,,1.399e-9,,7.695e-18,,2.637e-19,2.124e-16
524.12,3.565e+1,4.059e-14,1.274e-13,1.213e-26,2.804e-34,,,9.245e-18,4.894e-11,,2.529e-15,3.812e-19,9.491e-25,9.817e-18,2.046e-20,3.691e-32,1.490e-20,3.986e-26,,1.042e-6,9.831e-20,1.644e-19,2.168e+0,,5.516e-9,1.694e-1,,1.528e-4,1.468e-21,1.959e+1,3.299e-1,1.488e-8,1.365e-19,2.568e-22,2.002e-3,1.250e-16,2.658e+0,1.036e-4,7.834e-1,1.095e+0,1.638e-1,,8.686e+0,,,5.107e-5,,,2.481e-11,,1.281e-18,,6.987e-19,,1.011e-9,,7.691e-18,,2.659e-19,2.124e-16
524.15,3.297e+1,7.189e-14,1.778e-13,1.425e-26,2.804e-34,,,9.234e-18,7.866e-11,,2.529e-15,3.833e-19,9.500e-25,9.817e-18,2.042e-20,3.667e-32,1.490e-20,3.985e-26,,1.597e-6,9.801e-20,1.826e-19,2.456e+0,,6.270e-9,1.768e-1,,2.041e-4,1.469e-21,1.640e+1,3.374e-1,1.525e-8,1.365e-19,2.567e-22,1.529e-3,1.248e-16,2.362e+0,1.506e-4,8.582e-1,9.169e-1,2.033e-1,,9.253e+0,,,3.509e-5,,,4.226e-11,,1.281e-18,,6.986e-19,,6.181e-10,,7.686e-18,,2.693e-19,2.124e-16
524.17,3.158e+1,1.049e-13,2.213e-13,1.582e-26,2.804e-34,,,9.227e-18,1.076e-10,,2.529e-15,3.847e-19,9.507e-25,9.817e-18,2.040e-20,3.652e-32,1.490e-20,3.984e-26,,2.116e-6,9.782e-20,1.958e-19,2.660e+0,,6.806e-9,1.813e-1,,2.468e-4,1.469e-21,1.452e+1,3.440e-1,1.546e-8,1.365e-19,2.567e-22,1.273e-3,1.247e-16,2.181e+0,1.927e-4,9.093e-1,8.120e-1,2.340e-1,,9.740e+0,,,2.722e-5,,,6.007e-11,,1.281e-18,,6.985e-19,,4.436e-10,,7.682e-18,,2.716e-19,2.125e-16
524.2,3.008e+1,1.838e-13,3.058e-13,1.840e-26,2.804e-34,,,9.217e-18,1.711e-10,,2.528e-15,3.868e-19,9.516e-25,9.817e-18,2.037e-20,3.628e-32,1.489e-20,3.982e-26,,3.210e-6,9.752e-20,2.171e-19,2.985e+0,,7.657e-9,1.873e-1,,3.264e-4,1.469e-21,1.203e+1,3.563e-1,1.574e-8,1.365e-19,2.566e-22,9.616e-4,1.245e-16,1.934e+0,2.773e-4,9.874e-1,6.731e-1,2.874e-1,,1.064e+1,,,1.851e-5,,,1.013e-10,,1.281e-18,,6.985e-19,,2.683e-10,,7.677e-18,,2.749e-19,2.125e-16
524.22,2.945e+1,2.663e-13,3.780e-13,2.027e-26,2.804e-34,,,9.210e-18,2.324e-10,,2.528e-15,3.882e-19,9.522e-25,9.817e-18,2.035e-20,3.612e-32,1.489e-20,3.981e-26,,4.224e-6,9.732e-20,2.321e-19,3.212e+0,,8.253e-9,1.907e-1,,3.919e-4,1.470e-21,1.057e+1,3.662e-1,1.588e-8,1.366e-19,2.565e-22,7.949e-4,1.244e-16,1.785e+0,3.523e-4,1.040e+0,5.919e-1,3.286e-1,,1.136e+1,,,1.426e-5,,,1.430e-10,,1.282e-18,,6.984e-19,,1.912e-10,,7.673e-18,,2.772e-19,2.125e-16
524.25,2.902e+1,4.620e-13,5.170e-13,2.333e-26,2.804e-34,,,9.200e-18,3.659e-10,,2.527e-15,3.903e-19,9.532e-25,9.816e-18,2.032e-20,3.589e-32,1.489e-20,3.980e-26,,6.342e-6,9.703e-20,2.560e-19,3.570e+0,,9.188e-9,1.949e-1,,5.128e-4,1.470e-21,8.670e+0,3.837e-1,1.604e-8,1.366e-19,2.564e-22,5.944e-4,1.243e-16,1.585e+0,5.018e-4,1.118e+0,4.856e-1,3.996e-1,,1.261e+1,,,9.598e-6,,,2.386e-10,,1.282e-18,,6.983e-19,,1.144e-10,,7.668e-18,,2.806e-19,2.125e-16
524.27,2.907e+1,6.647e-13,6.348e-13,2.554e-26,2.804e-34,,,9.193e-18,4.934e-10,,2.527e-15,3.917e-19,9.538e-25,9.816e-18,2.030e-20,3.573e-32,1.489e-20,3.979e-26,,8.288e-6,9.683e-20,2.726e-19,3.817e+0,,9.836e-9,1.971e-1,,6.115e-4,1.471e-21,7.569e+0,3.971e-1,1.610e-8,1.366e-19,2.564e-22,4.879e-4,1.242e-16,1.468e+0,6.330e-4,1.170e+0,4.240e-1,4.537e-1,,1.357e+1,,,7.348e-6,,,3.344e-10,,1.282e-18,,6.983e-19,,8.098e-11,,7.664e-18,,2.829e-19,2.126e-16
524.3,2.961e+1,1.141e-12,8.595e-13,2.909e-26,2.804e-34,,,9.183e-18,7.689e-10,,2.527e-15,3.937e-19,9.547e-25,9.816e-18,2.027e-20,3.549e-32,1.488e-20,3.978e-26,,1.232e-5,9.654e-20,2.984e-19,4.201e+0,,1.084e-8,1.994e-1,,7.920e-4,1.471e-21,6.142e+0,4.199e-1,1.613e-8,1.366e-19,2.563e-22,3.610e-4,1.240e-16,1.313e+0,8.924e-4,1.246e+0,3.442e-1,5.462e-1,,1.519e+1,,,4.902e-6,,,5.523e-10,,1.282e-18,,6.982e-19,,4.796e-11,,7.658e-18,,2.862e-19,2.126e-16
524.32,3.026e+1,1.631e-12,1.048e-12,3.162e-26,2.803e-34,,,9.176e-18,1.030e-9,,2.526e-15,3.951e-19,9.553e-25,9.816e-18,2.025e-20,3.533e-32,1.488e-20,3.977e-26,,1.599e-5,9.634e-20,3.161e-19,4.463e+0,,1.152e-8,2.002e-1,,9.379e-4,1.471e-21,5.325e+0,4.368e-1,1.610e-8,1.366e-19,2.563e-22,2.943e-4,1.239e-16,1.225e+0,1.118e-3,1.295e+0,2.985e-1,6.161e-1,,1.640e+1,,,3.735e-6,,,7.690e-10,,1.282e-18,,6.982e-19,,3.370e-11,,7.655e-18,,2.885e-19,2.126e-16
524.35,3.165e+1,2.772e-12,1.405e-12,3.564e-26,2.803e-34,,,9.166e-18,1.588e-9,,2.526e-15,3.972e-19,9.563e-25,9.816e-18,2.022e-20,3.510e-32,1.488e-20,3.976e-26,,2.352e-5,9.605e-20,3.431e-19,4.864e+0,,1.256e-8,2.004e-1,,1.202e-3,1.472e-21,4.276e+0,4.649e-1,1.598e-8,1.366e-19,2.562e-22,2.155e-4,1.237e-16,1.114e+0,1.560e-3,1.365e+0,2.398e-1,7.344e-1,,1.839e+1,,,2.484e-6,,,1.257e-9,,1.282e-18,,6.981e-19,,1.975e-11,,7.649e-18,,2.919e-19,2.127e-16
524.37,3.284e+1,3.933e-12,1.703e-12,3.847e-26,2.803e-34,,,9.159e-18,2.113e-9,,2.526e-15,3.986e-19,9.569e-25,9.816e-18,2.020e-20,3.494e-32,1.488e-20,3.975e-26,,3.033e-5,9.585e-20,3.612e-19,5.135e+0,,1.326e-8,1.999e-1,,1.414e-3,1.472e-21,3.682e+0,4.852e-1,1.586e-8,1.367e-19,2.561e-22,1.744e-4,1.236e-16,1.054e+0,1.941e-3,1.410e+0,2.065e-1,8.229e-1,,1.984e+1,,,1.899e-6,,,1.738e-9,,1.283e-18,,6.980e-19,,1.378e-11,,7.646e-18,,2.941e-19,2.127e-16
524.4,3.497e+1,6.615e-12,2.259e-12,4.291e-26,2.803e-34,,,9.149e-18,3.225e-9,,2.525e-15,4.007e-19,9.578e-25,9.816e-18,2.017e-20,3.470e-32,1.487e-20,3.973e-26,,4.417e-5,9.556e-20,3.884e-19,5.544e+0,,1.431e-8,1.980e-1,,1.794e-3,1.473e-21,2.926e+0,5.180e-1,1.561e-8,1.367e-19,2.560e-22,1.264e-4,1.235e-16,9.844e-1,2.680e-3,1.471e+0,1.641e-1,9.713e-1,,2.219e+1,,,1.290e-6,,,2.811e-9,,1.283e-18,,6.979e-19,,7.992e-12,,7.640e-18,,2.975e-19,2.127e-16
524.42,3.661e+1,9.323e-12,2.719e-12,4.600e-26,2.803e-34,,,9.142e-18,4.260e-9,,2.525e-15,4.021e-19,9.585e-25,9.815e-18,2.015e-20,3.455e-32,1.487e-20,3.972e-26,,5.655e-5,9.536e-20,4.063e-19,5.816e+0,,1.500e-8,1.961e-1,,2.095e-3,1.473e-21,2.502e+0,5.414e-1,1.539e-8,1.367e-19,2.560e-22,1.016e-4,1.233e-16,9.512e-1,3.311e-3,1.508e+0,1.404e-1,1.081e+0,,2.387e+1,,,1.020e-6,,,3.861e-9,,1.283e-18,,6.979e-19,,5.538e-12,,7.636e-18,,2.998e-19,2.127e-16
524.44,3.841e+1,1.310e-11,3.264e-12,4.917e-26,2.803e-34,,,9.135e-18,5.613e-9,,2.525e-15,4.035e-19,9.591e-25,9.815e-18,2.013e-20,3.439e-32,1.487e-20,3.972e-26,,7.222e-5,9.516e-20,4.239e-19,6.087e+0,,1.568e-8,1.937e-1,,2.439e-3,1.473e-21,2.133e+0,5.658e-1,1.514e-8,1.367e-19,2.559e-22,8.144e-5,1.232e-16,9.286e-1,4.080e-3,1.542e+0,1.197e-1,1.201e+0,,2.564e+1,,,8.348e-7,,,5.287e-9,,1.283e-18,,6.978e-19,,3.827e-12,,7.633e-18,,3.020e-19,2.128e-16
524.47,4.138e+1,2.172e-11,4.272e-12,5.405e-26,2.803e-34,,,9.125e-18,8.443e-9,,2.524e-15,4.056e-19,9.600e-25,9.815e-18,2.010e-20,3.415e-32,1.487e-20,3.970e-26,,1.037e-4,9.487e-20,4.496e-19,6.487e+0,,1.668e-8,1.891e-1,,3.050e-3,1.474e-21,1.671e+0,6.043e-1,1.471e-8,1.367e-19,2.559e-22,5.814e-5,1.231e-16,9.141e-1,5.553e-3,1.585e+0,9.377e-2,1.398e+0,,2.843e+1,,,6.870e-7,,,8.430e-9,,1.283e-18,,6.978e-19,,2.187e-12,,7.627e-18,,3.054e-19,2.128e-16
524.49,4.352e+1,3.032e-11,5.094e-12,5.738e-26,2.803e-34,,,9.118e-18,1.105e-8,,2.524e-15,4.070e-19,9.606e-25,9.815e-18,2.007e-20,3.400e-32,1.486e-20,3.969e-26,,1.315e-4,9.467e-20,4.660e-19,6.748e+0,,1.731e-8,1.854e-1,,3.527e-3,1.474e-21,1.415e+0,6.309e-1,1.437e-8,1.367e-19,2.558e-22,4.628e-5,1.230e-16,9.173e-1,6.795e-3,1.610e+0,7.941e-2,1.543e+0,,3.039e+1,,,6.641e-7,,,1.147e-8,,1.283e-18,,6.977e-19,,1.500e-12,,7.624e-18,,3.077e-19,2.128e-16
524.52,4.695e+1,4.975e-11,6.599e-12,6.243e-26,2.802e-34,,,9.108e-18,1.645e-8,,2.524e-15,4.090e-19,9.616e-25,9.815e-18,2.004e-20,3.376e-32,1.486e-20,3.968e-26,,1.869e-4,9.438e-20,4.892e-19,7.128e+0,,1.822e-8,1.791e-1,,4.365e-3,1.474e-21,1.096e+0,6.722e-1,1.382e-8,1.368e-19,2.557e-22,3.270e-5,1.228e-16,9.413e-1,9.152e-3,1.639e+0,6.156e-2,1.780e+0,,3.343e+1,,,7.384e-7,,,1.809e-8,,1.284e-18,,6.976e-19,,8.484e-13,,7.618e-18,,3.111e-19,2.129e-16
524.54,4.935e+1,6.896e-11,7.817e-12,6.581e-26,2.802e-34,,,9.101e-18,2.137e-8,,2.523e-15,4.104e-19,9.622e-25,9.815e-18,2.002e-20,3.360e-32,1.486e-20,3.967e-26,,2.355e-4,9.418e-20,5.035e-19,7.372e+0,,1.879e-8,1.745e-1,,5.013e-3,1.475e-21,9.219e-1,7.004e-1,1.342e-8,1.368e-19,2.557e-22,2.585e-5,1.227e-16,9.700e-1,1.112e-2,1.652e+0,5.177e-2,1.952e+0,,3.553e+1,,,8.654e-7,,,2.444e-8,,1.284e-18,,6.976e-19,,5.781e-13,,7.615e-18,,3.133e-19,2.129e-16
524.57,5.309e+1,1.120e-10,1.003e-11,7.086e-26,2.802e-34,,,9.091e-18,3.149e-8,,2.523e-15,4.125e-19,9.631e-25,9.814e-18,1.999e-20,3.336e-32,1.486e-20,3.966e-26,,3.314e-4,9.389e-20,5.232e-19,7.722e+0,,1.957e-8,1.668e-1,,6.139e-3,1.475e-21,7.071e-1,7.432e-1,1.278e-8,1.368e-19,2.556e-22,1.807e-5,1.225e-16,1.032e+0,1.483e-2,1.664e+0,3.973e-2,2.233e+0,,3.876e+1,,,1.196e-6,,,3.816e-8,,1.284e-18,,6.975e-19,,3.234e-13,,7.609e-18,,3.167e-19,2.129e-16
524.59,5.566e+1,1.542e-10,1.180e-11,7.419e-26,2.802e-34,,,9.084e-18,4.064e-8,,2.523e-15,4.139e-19,9.638e-25,9.814e-18,1.997e-20,3.321e-32,1.485e-20,3.965e-26,,4.147e-4,9.369e-20,5.349e-19,7.943e+0,,2.003e-8,1.614e-1,,7.002e-3,1.475e-21,5.905e-1,7.721e-1,1.233e-8,1.368e-19,2.555e-22,1.418e-5,1.224e-16,1.086e+0,1.789e-2,1.667e+0,3.318e-2,2.434e+0,,4.095e+1,,,1.533e-6,,,5.120e-8,,1.284e-18,,6.975e-19,,2.188e-13,,7.605e-18,,3.190e-19,2.129e-16
524.62,5.960e+1,2.478e-10,1.499e-11,7.905e-26,2.802e-34,,,9.074e-18,5.927e-8,,2.522e-15,4.160e-19,9.647e-25,9.814e-18,1.994e-20,3.297e-32,1.485e-20,3.963e-26,,5.776e-4,9.339e-20,5.501e-19,8.254e+0,,2.065e-8,1.527e-1,,8.486e-3,1.476e-21,4.482e-1,8.152e-1,1.163e-8,1.368e-19,2.555e-22,9.813e-6,1.222e-16,1.186e+0,2.360e-2,1.661e+0,2.520e-2,2.760e+0,,4.426e+1,,,2.273e-6,,,7.913e-8,,1.284e-18,,6.974e-19,,1.212e-13,,7.600e-18,,3.224e-19,2.130e-16
524.64,6.225e+1,3.388e-10,1.752e-11,8.219e-26,2.802e-34,,,9.067e-18,7.596e-8,,2.522e-15,4.174e-19,9.653e-25,9.814e-18,1.992e-20,3.281e-32,1.485e-20,3.963e-26,,7.179e-4,9.320e-20,5.585e-19,8.447e+0,,2.100e-8,1.467e-1,,9.613e-3,1.476e-21,3.717e-1,8.438e-1,1.114e-8,1.368e-19,2.554e-22,7.649e-6,1.221e-16,1.265e+0,2.829e-2,1.652e+0,2.092e-2,2.993e+0,,4.648e+1,,,2.974e-6,,,1.054e-7,,1.284e-18,,6.973e-19,,8.140e-14,,7.596e-18,,3.246e-19,2.130e-16
524.67,6.625e+1,5.388e-10,2.203e-11,8.667e-26,2.802e-34,,,9.056e-18,1.096e-7,,2.521e-15,4.195e-19,9.663e-25,9.814e-18,1.989e-20,3.258e-32,1.485e-20,3.961e-26,,9.900e-4,9.290e-20,5.685e-19,8.714e+0,,2.141e-8,1.374e-1,,1.153e-2,1.477e-21,2.793e-1,8.859e-1,1.040e-8,1.369e-19,2.553e-22,5.237e-6,1.220e-16,1.401e+0,3.694e-2,1.630e+0,1.574e-2,3.366e+0,,4.977e+1,,,4.457e-6,,,1.613e-7,,1.285e-18,,6.973e-19,,4.459e-14,,7.591e-18,,3.280e-19,2.130e-16
524.69,6.890e+1,7.316e-10,2.559e-11,8.948e-26,2.802e-34,,,9.050e-18,1.395e-7,,2.521e-15,4.209e-19,9.669e-25,9.814e-18,1.987e-20,3.242e-32,1.484e-20,3.960e-26,,1.222e-3,9.271e-20,5.732e-19,8.877e+0,,2.162e-8,1.311e-1,,1.297e-2,1.477e-21,2.300e-1,9.133e-1,9.899e-9,1.369e-19,2.553e-22,4.054e-6,1.219e-16,1.505e+0,4.397e-2,1.610e+0,1.299e-2,3.631e+0,,5.193e+1,,,5.830e-6,,,2.134e-7,,1.285e-18,,6.972e-19,,2.975e-14,,7.587e-18,,3.303e-19,2.130e-16
524.72,7.282e+1,1.152e-9,3.187e-11,9.339e-26,2.802e-34,,,9.039e-18,1.993e-7,,2.521e-15,4.230e-19,9.678e-25,9.813e-18,1.984e-20,3.218e-32,1.484e-20,3.959e-26,,1.669e-3,9.241e-20,5.774e-19,9.098e+0,,2.183e-8,1.215e-1,,1.540e-2,1.477e-21,1.711e-1,9.531e-1,9.145e-9,1.369e-19,2.552e-22,2.746e-6,1.217e-16,1.678e+0,5.681e-2,1.571e+0,9.716e-3,4.054e+0,,5.509e+1,,,8.689e-6,,,3.230e-7,,1.285e-18,,6.971e-19,,1.613e-14,,7.582e-18,,3.337e-19,2.131e-16
524.74,7.537e+1,1.553e-9,3.676e-11,9.575e-26,2.801e-34,,,9.033e-18,2.520e-7,,2.520e-15,4.243e-19,9.684e-25,9.813e-18,1.982e-20,3.203e-32,1.484e-20,3.958e-26,,2.047e-3,9.222e-20,5.782e-19,9.230e+0,,2.189e-8,1.151e-1,,1.720e-2,1.478e-21,1.400e-1,9.786e-1,8.646e-9,1.369e-19,2.552e-22,2.111e-6,1.216e-16,1.805e+0,6.716e-2,1.541e+0,8.000e-3,4.353e+0,,5.712e+1,,,1.130e-5,,,4.245e-7,,1.285e-18,,6.971e-19,,1.069e-14,,7.578e-18,,3.359e-19,2.131e-16
524.77,7.910e+1,2.420e-9,4.533e-11,9.889e-26,2.801e-34,,,9.022e-18,3.562e-7,,2.520e-15,4.264e-19,9.694e-25,9.813e-18,1.979e-20,3.179e-32,1.484e-20,3.957e-26,,2.766e-3,9.192e-20,5.763e-19,9.407e+0,,2.187e-8,1.057e-1,,2.021e-2,1.478e-21,1.032e-1,1.015e+0,7.907e-9,1.369e-19,2.551e-22,1.415e-6,1.214e-16,2.012e+0,8.588e-2,1.489e+0,5.993e-3,4.828e+0,,6.002e+1,,,1.669e-5,,,6.360e-7,,1.285e-18,,6.970e-19,,5.732e-15,,7.573e-18,,3.393e-19,2.131e-16
524.79,8.149e+1,3.241e-9,5.196e-11,1.007e-25,2.801e-34,,,9.015e-18,4.472e-7,,2.520e-15,4.278e-19,9.700e-25,9.813e-18,1.977e-20,3.163e-32,1.483e-20,3.956e-26,,3.370e-3,9.172e-20,5.731e-19,9.512e+0,,2.177e-8,9.950e-2,,2.242e-2,1.479e-21,8.402e-2,1.038e+0,7.424e-9,1.369e-19,2.550e-22,1.080e-6,1.213e-16,2.161e+0,1.008e-1,1.450e+0,4.969e-3,5.163e+0,,6.185e+1,,,2.158e-5,,,8.300e-7,,1.285e-18,,6.970e-19,,3.771e-15,,7.569e-18,,3.416e-19,2.132e-16
524.81,8.379e+1,4.329e-9,5.940e-11,1.022e-25,2.801e-34,,,9.009e-18,5.598e-7,,2.519e-15,4.292e-19,9.706e-25,9.813e-18,1.975e-20,3.147e-32,1.483e-20,3.955e-26,,4.094e-3,9.153e-20,5.684e-19,9.606e+0,,2.162e-8,9.344e-2,,2.480e-2,1.479e-21,6.831e-2,1.060e+0,6.951e-9,1.370e-19,2.550e-22,8.221e-7,1.212e-16,2.318e+0,1.180e-1,1.408e+0,4.154e-3,5.513e+0,,6.357e+1,,,2.781e-5,,,1.080e-6,,1.285e-18,,6.969e-19,,2.473e-15,,7.565e-18,,3.438e-19,2.132e-16
524.84,8.707e+1,6.648e-9,7.225e-11,1.041e-25,2.801e-34,,,8.998e-18,7.801e-7,,2.519e-15,4.313e-19,9.715e-25,9.813e-18,1.971e-20,3.124e-32,1.483e-20,3.953e-26,,5.457e-3,9.123e-20,5.584e-19,9.733e+0,,2.129e-8,8.465e-2,,2.872e-2,1.479e-21,5.006e-2,1.090e+0,6.266e-9,1.370e-19,2.549e-22,5.431e-7,1.210e-16,2.567e+0,1.488e-1,1.341e+0,3.264e-3,6.068e+0,,6.595e+1,,,4.049e-5,,,1.595e-6,,1.286e-18,,6.968e-19,,1.307e-15,,7.560e-18,,3.472e-19,2.132e-16
524.86,8.912e+1,8.818e-9,8.206e-11,1.049e-25,2.801e-34,,,8.991e-18,9.699e-7,,2.519e-15,4.327e-19,9.722e-25,9.813e-18,1.969e-20,3.108e-32,1.483e-20,3.953e-26,,6.587e-3,9.104e-20,5.499e-19,9.808e+0,,2.100e-8,7.902e-2,,3.155e-2,1.480e-21,4.077e-2,1.109e+0,5.827e-9,1.370e-19,2.548e-22,4.105e-7,1.209e-16,2.741e+0,1.730e-1,1.293e+0,2.862e-3,6.460e+0,,6.737e+1,,,5.184e-5,,,2.062e-6,,1.286e-18,,6.968e-19,,8.516e-16,,7.556e-18,,3.495e-19,2.132e-16
524.89,9.198e+1,1.340e-8,9.883e-11,1.057e-25,2.801e-34,,,8.981e-18,1.338e-6,,2.518e-15,4.348e-19,9.731e-25,9.812e-18,1.966e-20,3.084e-32,1.482e-20,3.951e-26,,8.691e-3,9.074e-20,5.347e-19,9.910e+0,,2.046e-8,7.100e-2,,3.615e-2,1.480e-21,3.025e-2,1.134e+0,5.198e-9,1.370e-19,2.548e-22,2.684e-7,1.208e-16,3.012e+0,2.157e-1,1.219e+0,2.509e-3,7.082e+0,,6.926e+1,,,7.470e-5,,,3.014e-6,,1.286e-18,,6.967e-19,,4.454e-16,,7.551e-18,,3.528e-19,2.133e-16
524.91,9.374e+1,1.765e-8,1.115e-10,1.059e-25,2.801e-34,,,8.974e-18,1.652e-6,,2.518e-15,4.362e-19,9.737e-25,9.812e-18,1.964e-20,3.069e-32,1.482e-20,3.950e-26,,1.042e-2,9.055e-20,5.229e-19,9.973e+0,,2.003e-8,6.595e-2,,3.945e-2,1.480e-21,2.511e-2,1.150e+0,4.801e-9,1.370e-19,2.547e-22,2.014e-7,1.207e-16,3.199e+0,2.491e-1,1.167e+0,2.428e-3,7.522e+0,,7.033e+1,,,9.498e-5,,,3.868e-6,,1.286e-18,,6.967e-19,,2.881e-16,,7.547e-18,,3.551e-19,2.133e-16
524.94,9.614e+1,2.656e-8,1.330e-10,1.055e-25,2.800e-34,,,8.964e-18,2.254e-6,,2.518e-15,4.383e-19,9.747e-25,9.812e-18,1.961e-20,3.045e-32,1.482e-20,3.949e-26,,1.362e-2,9.025e-20,5.031e-19,1.006e+1,,1.932e-8,5.888e-2,,4.474e-2,1.481e-21,1.966e-2,1.171e+0,4.239e-9,1.371e-19,2.546e-22,1.303e-7,1.205e-16,3.486e+0,3.075e-1,1.089e+0,2.531e-3,8.222e+0,,7.166e+1,,,1.355e-4,,,5.596e-6,,1.286e-18,,6.966e-19,,1.491e-16,,7.542e-18,,3.585e-19,2.133e-16
524.96,9.758e+1,3.474e-8,1.491e-10,1.049e-25,2.800e-34,,,8.957e-18,2.764e-6,,2.517e-15,4.396e-19,9.753e-25,9.812e-18,1.959e-20,3.029e-32,1.482e-20,3.948e-26,,1.622e-2,9.005e-20,4.887e-19,1.013e+1,,1.879e-8,5.452e-2,,4.848e-2,1.481e-21,1.732e-2,1.183e+0,3.888e-9,1.371e-19,2.546e-22,9.712e-8,1.204e-16,3.680e+0,3.526e-1,1.035e+0,2.753e-3,8.720e+0,,7.235e+1,,,1.711e-4,,,7.133e-6,,1.286e-18,,6.965e-19,,9.578e-17,,7.538e-18,,3.607e-19,2.133e-16
524.99,9.952e+1,5.173e-8,1.762e-10,1.035e-25,2.800e-34,,,8.947e-18,3.734e-6,,2.517e-15,4.417e-19,9.762e-25,9.812e-18,1.956e-20,3.006e-32,1.481e-20,3.947e-26,,2.098e-2,8.976e-20,4.653e-19,1.022e+1,,1.793e-8,4.855e-2,,5.441e-2,1.482e-21,1.549e-2,1.200e+0,3.398e-9,1.371e-19,2.545e-22,6.217e-8,1.202e-16,3.972e+0,4.308e-1,9.556e-1,3.338e-3,9.517e+0,,7.308e+1,,,2.415e-4,,,1.021e-5,,1.287e-18,,6.965e-19,,4.905e-17,,7.532e-18,,3.641e-19,2.134e-16
525.01,1.007e+2,6.721e-8,1.962e-10,1.022e-25,2.800e-34,,,8.940e-18,4.548e-6,,2.517e-15,4.431e-19,9.768e-25,9.812e-18,1.954e-20,2.990e-32,1.481e-20,3.946e-26,,2.483e-2,8.956e-20,4.488e-19,1.029e+1,,1.731e-8,4.496e-2,,5.855e-2,1.482e-21,1.530e-2,1.211e+0,3.095e-9,1.371e-19,2.544e-22,4.601e-8,1.201e-16,4.166e+0,4.906e-1,9.027e-1,3.918e-3,1.009e+1,,7.337e+1,,,3.029e-4,,,1.293e-5,,1.287e-18,,6.964e-19,,3.129e-17,,7.529e-18,,3.664e-19,2.134e-16
525.04,1.022e+2,9.903e-8,2.295e-10,9.982e-26,2.800e-34,,,8.930e-18,6.080e-6,,2.516e-15,4.452e-19,9.778e-25,9.811e-18,1.951e-20,2.966e-32,1.481e-20,3.944e-26,,3.181e-2,8.927e-20,4.229e-19,1.040e+1,,1.635e-8,4.018e-2,,6.503e-2,1.482e-21,1.651e-2,1.225e+0,2.676e-9,1.371e-19,2.544e-22,2.915e-8,1.199e-16,4.453e+0,5.932e-1,8.244e-1,5.125e-3,1.100e+1,,7.350e+1,,,4.232e-4,,,1.832e-5,,1.287e-18,,6.963e-19,,1.585e-17,,7.523e-18,,3.698e-19,2.134e-16
525.06,1.030e+2,1.278e-7,2.540e-10,9.790e-26,2.800e-34,,,8.923e-18,7.353e-6,,2.516e-15,4.466e-19,9.784e-25,9.811e-18,1.949e-20,2.950e-32,1.481e-20,3.944e-26,,3.740e-2,8.907e-20,4.051e-19,1.048e+1,,1.568e-8,3.741e-2,,6.950e-2,1.483e-21,1.837e-2,1.234e+0,2.421e-9,1.371e-19,2.543e-22,2.142e-8,1.198e-16,4.640e+0,6.709e-1,7.733e-1,6.197e-3,1.166e+1,,7.339e+1,,,5.271e-4,,,2.303e-5,,1.287e-18,,6.963e-19,,1.004e-17,,7.520e-18,,3.720e-19,2.135e-16
525.09,1.041e+2,1.863e-7,2.943e-10,9.459e-26,2.800e-34,,,8.913e-18,9.730e-6,,2.515e-15,4.487e-19,9.793e-25,9.811e-18,1.946e-20,2.927e-32,1.480e-20,3.942e-26,,4.744e-2,8.878e-20,3.778e-19,1.062e+1,,1.465e-8,3.391e-2,,7.639e-2,1.483e-21,2.288e-2,1.246e+0,2.072e-9,1.372e-19,2.542e-22,1.343e-8,1.197e-16,4.911e+0,8.028e-1,6.989e-1,8.299e-3,1.273e+1,,7.294e+1,,,7.290e-4,,,3.230e-5,,1.287e-18,,6.962e-19,,5.035e-18,,7.514e-18,,3.754e-19,2.135e-16
525.11,1.048e+2,2.388e-7,3.236e-10,9.213e-26,2.800e-34,,,8.906e-18,1.169e-5,,2.515e-15,4.501e-19,9.800e-25,9.811e-18,1.944e-20,2.911e-32,1.480e-20,3.941e-26,,5.542e-2,8.858e-20,3.593e-19,1.073e+1,,1.396e-8,3.202e-2,,8.108e-2,1.484e-21,2.721e-2,1.255e+0,1.861e-9,1.372e-19,2.542e-22,9.801e-9,1.196e-16,5.082e+0,9.017e-1,6.511e-1,1.010e-2,1.349e+1,,7.245e+1,,,9.018e-4,,,4.033e-5,,1.287e-18,,6.962e-19,,3.167e-18,,7.511e-18,,3.777e-19,2.135e-16
525.14,1.056e+2,3.447e-7,3.713e-10,8.809e-26,2.799e-34,,,8.896e-18,1.530e-5,,2.515e-15,4.522e-19,9.809e-25,9.811e-18,1.941e-20,2.887e-32,1.480e-20,3.940e-26,,6.963e-2,8.829e-20,3.316e-19,1.091e+1,,1.291e-8,2.988e-2,,8.820e-2,1.484e-21,3.608e-2,1.268e+0,1.577e-9,1.372e-19,2.541e-22,6.079e-9,1.194e-16,5.324e+0,1.068e+0,5.823e-1,1.354e-2,1.474e+1,,7.146e+1,,,1.234e-3,,,5.598e-5,,1.288e-18,,6.961e-19,,1.571e-18,,7.505e-18,,3.811e-19,2.136e-16
525.16,1.061e+2,4.387e-7,4.057e-10,8.521e-26,2.799e-34,,,8.889e-18,1.826e-5,,2.514e-15,4.536e-19,9.815e-25,9.811e-18,1.939e-20,2.872e-32,1.480e-20,3.939e-26,,8.080e-2,8.809e-20,3.133e-19,1.105e+1,,1.221e-8,2.892e-2,,9.297e-2,1.484e-21,4.389e-2,1.278e+0,1.406e-9,1.372e-19,2.540e-22,4.406e-9,1.193e-16,5.473e+0,1.191e+0,5.387e-1,1.644e-2,1.565e+1,,7.063e+1,,,1.517e-3,,,6.942e-5,,1.288e-18,,6.960e-19,,9.814e-19,,7.501e-18,,3.833e-19,2.136e-16
525.19,1.067e+2,6.266e-7,4.611e-10,8.063e-26,2.799e-34,,,8.879e-18,2.366e-5,,2.514e-15,4.556e-19,9.825e-25,9.810e-18,1.935e-20,2.848e-32,1.479e-20,3.938e-26,,1.005e-1,8.779e-20,2.861e-19,1.128e+1,,1.118e-8,2.821e-2,,1.001e-1,1.485e-21,5.914e-2,1.293e+0,1.179e-9,1.372e-19,2.540e-22,2.704e-9,1.191e-16,5.675e+0,1.396e+0,4.769e-1,2.190e-2,1.712e+1,,6.916e+1,,,2.055e-3,,,9.537e-5,,1.288e-18,,6.960e-19,,4.819e-19,,7.496e-18,,3.867e-19,2.136e-16
525.21,1.071e+2,7.921e-7,5.005e-10,7.745e-26,2.799e-34,,,8.872e-18,2.803e-5,,2.514e-15,4.570e-19,9.831e-25,9.810e-18,1.933e-20,2.832e-32,1.479e-20,3.937e-26,,1.159e-1,8.760e-20,2.684e-19,1.145e+1,,1.050e-8,2.825e-2,,1.048e-1,1.485e-21,7.219e-2,1.305e+0,1.044e-9,1.372e-19,2.539e-22,1.946e-9,1.190e-16,5.793e+0,1.546e+0,4.381e-1,2.644e-2,1.818e+1,,6.804e+1,,,2.508e-3,,,1.174e-4,,1.288e-18,,6.959e-19,,2.988e-19,,7.492e-18,,3.890e-19,2.136e-16
525.23,1.075e+2,9.984e-7,5.420e-10,7.419e-26,2.799e-34,,,8.865e-18,3.312e-5,,2.513e-15,4.584e-19,9.837e-25,9.810e-18,1.931e-20,2.817e-32,1.479e-20,3.936e-26,,1.334e-1,8.740e-20,2.511e-19,1.163e+1,,9.836e-9,2.871e-2,,1.094e-1,1.485e-21,8.802e-2,1.319e+0,9.228e-10,1.373e-19,2.539e-22,1.397e-9,1.189e-16,5.898e+0,1.708e+0,4.013e-1,3.185e-2,1.932e+1,,6.682e+1,,,3.052e-3,,,1.442e-4,,1.288e-18,,6.959e-19,,1.848e-19,,7.489e-18,,3.912e-19,2.137e-16
525.26,1.081e+2,1.406e-6,6.077e-10,6.919e-26,2.799e-34,,,8.855e-18,4.231e-5,,2.513e-15,4.605e-19,9.846e-25,9.810e-18,1.928e-20,2.793e-32,1.479e-20,3.935e-26,,1.637e-1,8.711e-20,2.260e-19,1.194e+1,,8.872e-9,3.023e-2,,1.160e-1,1.486e-21,1.182e-1,1.342e+0,7.623e-10,1.373e-19,2.538e-22,8.450e-10,1.187e-16,6.028e+0,1.973e+0,3.501e-1,4.188e-2,2.116e+1,,6.482e+1,,,4.076e-3,,,1.953e-4,,1.288e-18,,6.958e-19,,8.941e-20,,7.483e-18,,3.946e-19,2.137e-16
525.28,1.085e+2,1.760e-6,6.539e-10,6.581e-26,2.799e-34,,,8.848e-18,4.964e-5,,2.513e-15,4.619e-19,9.853e-25,9.810e-18,1.926e-20,2.777e-32,1.478e-20,3.934e-26,,1.871e-1,8.691e-20,2.099e-19,1.215e+1,,8.253e-9,3.181e-2,,1.203e-1,1.486e-21,1.434e-1,1.359e+0,6.688e-10,1.373e-19,2.537e-22,6.022e-10,1.186e-16,6.095e+0,2.165e+0,3.185e-1,5.010e-2,2.249e+1,,6.339e+1,,,4.927e-3,,,2.382e-4,,1.289e-18,,6.957e-19,,9.030e-20,,7.480e-18,,3.969e-19,2.137e-16
525.31,1.092e+2,2.452e-6,7.262e-10,6.074e-26,2.799e-34,,,8.838e-18,6.276e-5,,2.512e-15,4.640e-19,9.862e-25,9.810e-18,1.923e-20,2.754e-32,1.478e-20,3.932e-26,,2.275e-1,8.661e-20,1.870e-19,1.251e+1,,7.367e-9,3.512e-2,,1.263e-1,1.487e-21,1.909e-1,1.390e+0,5.468e-10,1.373e-19,2.537e-22,3.604e-10,1.185e-16,6.164e+0,2.475e+0,2.750e-1,6.523e-2,2.464e+1,,6.112e+1,,,6.514e-3,,,3.192e-4,,1.289e-18,,6.957e-19,,9.165e-20,,7.474e-18,,4.003e-19,2.137e-16
525.33,1.098e+2,3.049e-6,7.764e-10,5.738e-26,2.799e-34,,,8.831e-18,7.312e-5,,2.512e-15,4.654e-19,9.868e-25,9.810e-18,1.921e-20,2.738e-32,1.478e-20,3.931e-26,,2.584e-1,8.642e-20,1.725e-19,1.276e+1,,6.806e-9,3.796e-2,,1.300e-1,1.487e-21,2.303e-1,1.414e+0,4.764e-10,1.373e-19,2.536e-22,2.551e-10,1.184e-16,6.190e+0,2.697e+0,2.484e-1,7.750e-2,2.618e+1,,5.953e+1,,,7.820e-3,,,3.866e-4,,1.289e-18,,6.956e-19,,9.254e-20,,7.470e-18,,4.025e-19,2.138e-16
525.36,1.107e+2,4.204e-6,8.541e-10,5.241e-26,2.798e-34,,,8.820e-18,9.150e-5,,2.512e-15,4.675e-19,9.878e-25,9.809e-18,1.918e-20,2.714e-32,1.478e-20,3.930e-26,,3.113e-1,8.612e-20,1.521e-19,1.315e+1,,6.012e-9,4.327e-2,,1.351e-1,1.487e-21,3.038e-1,1.454e+0,3.854e-10,1.373e-19,2.535e-22,1.511e-10,1.182e-16,6.196e+0,3.051e+0,2.122e-1,9.987e-2,2.866e+1,,5.706e+1,,,1.023e-2,,,5.128e-4,,1.289e-18,,6.955e-19,,9.388e-20,,7.465e-18,,4.059e-19,2.138e-16
525.38,1.114e+2,5.191e-6,9.074e-10,4.917e-26,2.798e-34,,,8.814e-18,1.059e-4,,2.511e-15,4.689e-19,9.884e-25,9.809e-18,1.916e-20,2.698e-32,1.477e-20,3.929e-26,,3.514e-1,8.593e-20,1.394e-19,1.343e+1,,5.516e-9,4.753e-2,,1.382e-1,1.488e-21,3.642e-1,1.484e+0,3.335e-10,1.374e-19,2.535e-22,1.062e-10,1.181e-16,6.179e+0,3.301e+0,1.904e-1,1.179e-1,3.043e+1,,5.538e+1,,,1.220e-2,,,6.169e-4,,1.289e-18,,6.955e-19,,9.478e-20,,7.461e-18,,4.082e-19,2.138e-16
525.41,1.127e+2,7.086e-6,9.887e-10,4.445e-26,2.798e-34,,,8.803e-18,1.311e-4,,2.511e-15,4.710e-19,9.893e-25,9.809e-18,1.913e-20,2.675e-32,1.477e-20,3.928e-26,,4.193e-1,8.563e-20,1.216e-19,1.386e+1,,4.822e-9,5.509e-2,,1.421e-1,1.488e-21,4.757e-1,1.535e+0,2.670e-10,1.374e-19,2.534e-22,6.224e-11,1.179e-16,6.121e+0,3.696e+0,1.610e-1,1.503e-1,3.324e+1,,5.280e+1,,,1.581e-2,,,8.097e-4,,1.289e-18,,6.954e-19,,9.612e-20,,7.456e-18,,4.115e-19,2.139e-16
525.43,1.136e+2,8.689e-6,1.044e-9,4.141e-26,2.798e-34,,,8.797e-18,1.507e-4,,2.510e-15,4.723e-19,9.899e-25,9.809e-18,1.911e-20,2.659e-32,1.477e-20,3.927e-26,,4.704e-1,8.544e-20,1.106e-19,1.416e+1,,4.394e-9,6.096e-2,,1.443e-1,1.489e-21,5.666e-1,1.572e+0,2.294e-10,1.374e-19,2.533e-22,4.343e-11,1.178e-16,6.062e+0,3.972e+0,1.435e-1,1.762e-1,3.522e+1,,5.107e+1,,,1.873e-2,,,9.674e-4,,1.289e-18,,6.953e-19,,9.702e-20,,7.452e-18,,4.138e-19,2.139e-16
525.46,1.153e+2,1.174e-5,1.127e-9,3.705e-26,2.798e-34,,,8.786e-18,1.847e-4,,2.510e-15,4.744e-19,9.909e-25,9.809e-18,1.908e-20,2.635e-32,1.477e-20,3.926e-26,,5.562e-1,8.514e-20,9.551e-20,1.461e+1,,3.801e-9,7.108e-2,,1.468e-1,1.489e-21,7.329e-1,1.634e+0,1.818e-10,1.374e-19,2.533e-22,2.519e-11,1.176e-16,5.944e+0,4.402e+0,1.200e-1,2.224e-1,3.836e+1,,4.845e+1,,,2.402e-2,,,1.257e-3,,1.290e-18,,6.953e-19,,9.836e-20,,7.447e-18,,4.172e-19,2.139e-16
525.48,1.165e+2,1.430e-5,1.182e-9,3.428e-26,2.798e-34,,,8.779e-18,2.108e-4,,2.510e-15,4.758e-19,9.915e-25,9.809e-18,1.906e-20,2.620e-32,1.476e-20,3.925e-26,,6.201e-1,8.494e-20,8.631e-20,1.492e+1,,3.439e-9,7.875e-2,,1.481e-1,1.489e-21,8.672e-1,1.679e+0,1.551e-10,1.374e-19,2.532e-22,1.746e-11,1.175e-16,5.846e+0,4.697e+0,1.062e-1,2.588e-1,4.054e+1,,4.670e+1,,,2.827e-2,,,1.491e-3,,1.290e-18,,6.952e-19,,9.925e-20,,7.443e-18,,4.194e-19,2.139e-16
525.51,1.185e+2,1.911e-5,1.263e-9,3.036e-26,2.798e-34,,,8.769e-18,2.557e-4,,2.509e-15,4.779e-19,9.924e-25,9.808e-18,1.902e-20,2.596e-32,1.476e-20,3.923e-26,,7.266e-1,8.465e-20,7.376e-20,1.539e+1,,2.945e-9,9.173e-2,,1.492e-1,1.490e-21,1.111e+0,1.751e+0,1.216e-10,1.374e-19,2.531e-22,1.002e-11,1.174e-16,5.672e+0,5.152e+0,8.794e-2,3.233e-1,4.396e+1,,4.410e+1,,,3.589e-2,,,1.917e-3,,1.290e-18,,6.951e-19,,1.006e-19,,7.438e-18,,4.228e-19,2.140e-16
525.53,1.201e+2,2.312e-5,1.317e-9,2.790e-26,2.798e-34,,,8.762e-18,2.899e-4,,2.509e-15,4.793e-19,9.931e-25,9.808e-18,1.900e-20,2.580e-32,1.476e-20,3.922e-26,,8.051e-1,8.445e-20,6.620e-20,1.570e+1,,2.646e-9,1.014e-1,,1.494e-1,1.490e-21,1.306e+0,1.803e+0,1.031e-10,1.375e-19,2.531e-22,6.896e-12,1.173e-16,5.541e+0,5.460e+0,7.727e-2,3.738e-1,4.632e+1,,4.238e+1,,,4.195e-2,,,2.259e-3,,1.290e-18,,6.951e-19,,1.015e-19,,7.434e-18,,4.251e-19,2.140e-16
525.56,1.225e+2,3.059e-5,1.395e-9,2.446e-26,2.797e-34,,,8.752e-18,3.480e-4,,2.509e-15,4.814e-19,9.940e-25,9.808e-18,1.897e-20,2.557e-32,1.476e-20,3.921e-26,,9.349e-1,8.416e-20,5.601e-20,1.616e+1,,2.242e-9,1.176e-1,,1.489e-1,1.491e-21,1.657e+0,1.885e+0,7.998e-11,1.375e-19,2.530e-22,3.916e-12,1.171e-16,5.321e+0,5.926e+0,6.332e-2,4.622e-1,4.995e+1,,3.983e+1,,,5.275e-2,,,2.875e-3,,1.290e-18,,6.950e-19,,1.028e-19,,7.428e-18,,4.285e-19,2.140e-16
525.58,1.243e+2,3.674e-5,1.445e-9,2.233e-26,2.797e-34,,,8.745e-18,3.917e-4,,2.508e-15,4.828e-19,9.946e-25,9.808e-18,1.895e-20,2.541e-32,1.475e-20,3.920e-26,,1.030e+0,8.396e-20,4.994e-20,1.647e+1,,2.001e-9,1.294e-1,,1.481e-1,1.491e-21,1.935e+0,1.943e+0,6.730e-11,1.375e-19,2.529e-22,2.676e-12,1.170e-16,5.162e+0,6.237e+0,5.526e-2,5.306e-1,5.243e+1,,3.816e+1,,,6.125e-2,,,3.364e-3,,1.290e-18,,6.950e-19,,1.037e-19,,7.425e-18,,4.307e-19,2.140e-16
525.6,1.262e+2,4.401e-5,1.492e-9,2.033e-26,2.797e-34,,,8.738e-18,4.398e-4,,2.508e-15,4.842e-19,9.952e-25,9.808e-18,1.893e-20,2.525e-32,1.475e-20,3.919e-26,,1.132e+0,8.377e-20,4.441e-20,1.676e+1,,1.780e-9,1.422e-1,,1.468e-1,1.491e-21,2.255e+0,2.002e+0,5.648e-11,1.375e-19,2.529e-22,1.824e-12,1.169e-16,4.993e+0,6.546e+0,4.808e-2,6.075e-1,5.493e+1,,3.652e+1,,,7.093e-2,,,3.926e-3,,1.291e-18,,6.949e-19,,1.046e-19,,7.421e-18,,4.330e-19,2.141e-16
525.63,1.291e+2,5.740e-5,1.560e-9,1.759e-26,2.797e-34,,,8.728e-18,5.204e-4,,2.508e-15,4.863e-19,9.962e-25,9.808e-18,1.890e-20,2.501e-32,1.475e-20,3.918e-26,,1.298e+0,8.347e-20,3.708e-20,1.720e+1,,1.487e-9,1.632e-1,,1.443e-1,1.492e-21,2.823e+0,2.094e+0,4.320e-11,1.375e-19,2.528e-22,1.021e-12,1.167e-16,4.727e+0,7.003e+0,3.883e-2,7.404e-1,5.872e+1,,3.410e+1,,,8.797e-2,,,4.924e-3,,1.291e-18,,6.948e-19,,1.060e-19,,7.416e-18,,4.364e-19,2.141e-16
525.65,1.312e+2,6.829e-5,1.601e-9,1.592e-26,2.797e-34,,,8.721e-18,5.802e-4,,2.507e-15,4.876e-19,9.968e-25,9.808e-18,1.888e-20,2.486e-32,1.475e-20,3.917e-26,,1.418e+0,8.327e-20,3.279e-20,1.747e+1,,1.314e-9,1.784e-1,,1.421e-1,1.492e-21,3.268e+0,2.157e+0,3.601e-11,1.375e-19,2.528e-22,6.908e-13,1.166e-16,4.542e+0,7.300e+0,3.356e-2,8.418e-1,6.125e+1,,3.254e+1,,,1.012e-1,,,5.707e-3,,1.291e-18,,6.948e-19,,1.069e-19,,7.412e-18,,4.386e-19,2.141e-16
525.68,1.345e+2,8.815e-5,1.658e-9,1.366e-26,2.797e-34,,,8.711e-18,6.794e-4,,2.507e-15,4.897e-19,9.977e-25,9.807e-18,1.885e-20,2.462e-32,1.474e-20,3.916e-26,,1.612e+0,8.298e-20,2.716e-20,1.787e+1,,1.086e-9,2.029e-1,,1.382e-1,1.492e-21,4.051e+0,2.252e+0,2.727e-11,1.376e-19,2.527e-22,3.826e-13,1.164e-16,4.256e+0,7.728e+0,2.682e-2,1.015e+0,6.501e+1,,3.025e+1,,,1.243e-1,,,7.084e-3,,1.291e-18,,6.947e-19,,1.082e-19,,7.407e-18,,4.420e-19,2.142e-16
525.7,1.368e+2,1.041e-4,1.691e-9,1.231e-26,2.797e-34,,,8.704e-18,7.523e-4,,2.507e-15,4.911e-19,9.984e-25,9.807e-18,1.883e-20,2.446e-32,1.474e-20,3.915e-26,,1.751e+0,8.278e-20,2.391e-20,1.812e+1,,9.528e-10,2.205e-1,,1.351e-1,1.493e-21,4.660e+0,2.315e+0,2.258e-11,1.376e-19,2.526e-22,2.571e-13,1.163e-16,4.061e+0,8.000e+0,2.301e-2,1.147e+0,6.747e+1,,2.877e+1,,,1.421e-1,,,8.155e-3,,1.291e-18,,6.947e-19,,1.091e-19,,7.403e-18,,4.443e-19,2.142e-16
525.73,1.403e+2,1.331e-4,1.735e-9,1.051e-26,2.797e-34,,,8.694e-18,8.720e-4,,2.506e-15,4.932e-19,9.993e-25,9.807e-18,1.880e-20,2.423e-32,1.474e-20,3.913e-26,,1.973e+0,8.249e-20,1.972e-20,1.846e+1,,7.794e-10,2.487e-1,,1.300e-1,1.493e-21,5.723e+0,2.409e+0,1.694e-11,1.376e-19,2.525e-22,1.409e-13,1.162e-16,3.768e+0,8.383e+0,1.820e-2,1.369e+0,7.107e+1,,2.661e+1,,,1.729e-1,,,1.002e-2,,1.291e-18,,6.946e-19,,1.104e-19,,7.397e-18,,4.477e-19,2.142e-16
525.75,1.428e+2,1.561e-4,1.759e-9,9.446e-27,2.797e-34,,,8.687e-18,9.588e-4,,2.506e-15,4.946e-19,9.999e-25,9.807e-18,1.878e-20,2.407e-32,1.474e-20,3.912e-26,,2.131e+0,8.229e-20,1.734e-20,1.867e+1,,6.794e-10,2.686e-1,,1.263e-1,1.493e-21,6.542e+0,2.470e+0,1.395e-11,1.376e-19,2.525e-22,9.402e-14,1.161e-16,3.572e+0,8.618e+0,1.551e-2,1.536e+0,7.338e+1,,2.523e+1,,,1.964e-1,,,1.145e-2,,1.292e-18,,6.945e-19,,1.113e-19,,7.394e-18,,4.499e-19,2.142e-16
525.78,1.465e+2,1.974e-4,1.787e-9,8.066e-27,2.796e-34,,,8.677e-18,1.100e-3,,2.505e-15,4.967e-19,1.001e-24,9.807e-18,1.875e-20,2.383e-32,1.473e-20,3.911e-26,,2.382e+0,8.200e-20,1.434e-20,1.894e+1,,5.502e-10,3.002e-1,,1.203e-1,1.494e-21,7.958e+0,2.559e+0,1.040e-11,1.376e-19,2.524e-22,5.099e-14,1.159e-16,3.282e+0,8.936e+0,1.214e-2,1.815e+0,7.669e+1,,2.322e+1,,,2.367e-1,,,1.392e-2,,1.292e-18,,6.945e-19,,1.127e-19,,7.388e-18,,4.533e-19,2.143e-16
525.8,1.490e+2,2.300e-4,1.800e-9,7.278e-27,2.796e-34,,,8.670e-18,1.201e-3,,2.505e-15,4.981e-19,1.001e-24,9.807e-18,1.873e-20,2.368e-32,1.473e-20,3.910e-26,,2.559e+0,8.180e-20,1.269e-20,1.911e+1,,4.766e-10,3.223e-1,,1.160e-1,1.494e-21,9.040e+0,2.615e+0,8.535e-12,1.376e-19,2.524e-22,3.379e-14,1.158e-16,3.092e+0,9.124e+0,1.028e-2,2.022e+0,7.876e+1,,2.193e+1,,,2.672e-1,,,1.581e-2,,1.292e-18,,6.944e-19,,1.136e-19,,7.385e-18,,4.556e-19,2.143e-16
525.83,1.528e+2,2.879e-4,1.811e-9,6.291e-27,2.796e-34,,,8.660e-18,1.364e-3,,2.505e-15,5.002e-19,1.002e-24,9.806e-18,1.870e-20,2.344e-32,1.473e-20,3.909e-26,,2.836e+0,8.151e-20,1.069e-20,1.931e+1,,3.824e-10,3.570e-1,,1.094e-1,1.495e-21,1.089e+1,2.694e+0,6.356e-12,1.377e-19,2.523e-22,1.813e-14,1.156e-16,2.815e+0,9.363e+0,7.959e-3,2.365e+0,8.163e+1,,2.008e+1,,,3.191e-1,,,1.902e-2,,1.292e-18,,6.943e-19,,1.149e-19,,7.379e-18,,4.590e-19,2.143e-16
525.85,1.554e+2,3.332e-4,1.813e-9,5.759e-27,2.796e-34,,,8.653e-18,1.479e-3,,2.504e-15,5.016e-19,1.003e-24,9.806e-18,1.868e-20,2.328e-32,1.473e-20,3.908e-26,,3.030e+0,8.131e-20,9.647e-21,1.942e+1,,3.294e-10,3.809e-1,,1.048e-1,1.495e-21,1.230e+1,2.743e+0,5.238e-12,1.377e-19,2.522e-22,1.193e-14,1.155e-16,2.637e+0,9.494e+0,6.689e-3,2.616e+0,8.336e+1,,1.889e+1,,,3.580e-1,,,2.145e-2,,1.292e-18,,6.943e-19,,1.158e-19,,7.376e-18,,4.612e-19,2.144e-16
525.88,1.593e+2,4.126e-4,1.808e-9,5.146e-27,2.796e-34,,,8.643e-18,1.662e-3,,2.504e-15,5.036e-19,1.004e-24,9.806e-18,1.864e-20,2.305e-32,1.472e-20,3.907e-26,,3.332e+0,8.101e-20,8.497e-21,1.953e+1,,2.625e-10,4.179e-1,,9.772e-2,1.495e-21,1.468e+1,2.807e+0,3.966e-12,1.377e-19,2.521e-22,6.336e-15,1.153e-16,2.382e+0,9.643e+0,5.128e-3,3.030e+0,8.568e+1,,1.719e+1,,,4.237e-1,,,2.555e-2,,1.292e-18,,6.942e-19,,1.172e-19,,7.370e-18,,4.646e-19,2.144e-16
525.9,1.619e+2,4.743e-4,1.798e-9,4.860e-27,2.796e-34,,,8.636e-18,1.790e-3,,2.504e-15,5.050e-19,1.005e-24,9.806e-18,1.862e-20,2.289e-32,1.472e-20,3.906e-26,,3.540e+0,8.082e-20,7.990e-21,1.958e+1,,2.253e-10,4.433e-1,,9.297e-2,1.496e-21,1.648e+1,2.845e+0,3.341e-12,1.377e-19,2.521e-22,4.141e-15,1.152e-16,2.221e+0,9.710e+0,4.280e-3,3.329e+0,8.701e+1,,1.611e+1,,,4.726e-1,,,2.860e-2,,1.293e-18,,6.942e-19,,1.180e-19,,7.366e-18,,4.669e-19,2.144e-16
525.93,1.658e+2,5.814e-4,1.776e-9,4.618e-27,2.796e-34,,,8.626e-18,1.990e-3,,2.503e-15,5.071e-19,1.006e-24,9.806e-18,1.859e-20,2.265e-32,1.472e-20,3.904e-26,,3.863e+0,8.052e-20,7.606e-21,1.961e+1,,1.795e-10,4.819e-1,,8.582e-2,1.496e-21,1.949e+1,2.892e+0,2.679e-12,1.377e-19,2.520e-22,2.176e-15,1.151e-16,1.994e+0,9.760e+0,3.246e-3,3.816e+0,8.867e+1,,1.457e+1,,,5.544e-1,,,3.372e-2,,1.293e-18,,6.941e-19,,1.194e-19,,7.361e-18,,4.702e-19,2.144e-16
525.95,1.685e+2,6.636e-4,1.755e-9,4.584e-27,2.796e-34,,,8.619e-18,2.129e-3,,2.503e-15,5.085e-19,1.006e-24,9.806e-18,1.857e-20,2.249e-32,1.472e-20,3.903e-26,,4.084e+0,8.033e-20,7.599e-21,1.959e+1,,1.547e-10,5.079e-1,,8.108e-2,2.413e-21,2.174e+1,2.916e+0,2.393e-12,1.378e-19,2.520e-22,1.412e-15,1.150e-16,1.853e+0,9.760e+0,2.691e-3,4.166e+0,8.955e+1,,1.359e+1,,,6.148e-1,,,3.749e-2,,1.293e-18,,6.940e-19,,1.203e-19,,7.357e-18,,4.725e-19,2.145e-16
525.97,1.712e+2,7.554e-4,1.731e-9,4.657e-27,2.795e-34,,,8.612e-18,2.271e-3,,2.503e-15,5.099e-19,1.007e-24,9.805e-18,1.855e-20,2.234e-32,1.471e-20,3.903e-26,,4.308e+0,8.013e-20,7.790e-21,1.955e+1,,1.340e-10,5.341e-1,,7.639e-2,3.879e-21,2.418e+1,2.935e+0,2.217e-12,1.378e-19,2.519e-22,9.137e-16,1.149e-16,1.722e+0,9.733e+0,2.224e-3,4.535e+0,9.022e+1,,1.266e+1,,,6.804e-1,,,4.158e-2,,1.293e-18,,6.940e-19,,1.212e-19,,7.354e-18,,4.748e-19,2.145e-16
526,1.753e+2,9.127e-4,1.687e-9,4.979e-27,2.795e-34,,,8.602e-18,2.489e-3,,2.502e-15,5.120e-19,1.008e-24,9.805e-18,1.852e-20,2.210e-32,1.471e-20,3.901e-26,,4.651e+0,7.984e-20,8.461e-21,1.944e+1,,1.101e-10,5.732e-1,,6.950e-2,7.870e-21,2.824e+1,2.952e+0,2.140e-12,1.378e-19,2.518e-22,4.731e-16,1.147e-16,1.542e+0,9.643e+0,1.663e-3,5.126e+0,9.086e+1,,1.134e+1,,,7.887e-1,,,4.831e-2,,1.293e-18,,6.939e-19,,1.225e-19,,7.348e-18,,4.781e-19,2.145e-16
526.02,1.781e+2,1.032e-3,1.653e-9,5.344e-27,2.795e-34,,,8.595e-18,2.637e-3,,2.502e-15,5.134e-19,1.008e-24,9.805e-18,1.850e-20,2.194e-32,1.471e-20,3.900e-26,,4.883e+0,7.964e-20,9.177e-21,1.934e+1,,9.856e-11,5.990e-1,,6.503e-2,1.554e-20,3.123e+1,2.955e+0,2.207e-12,1.378e-19,2.518e-22,3.040e-16,1.146e-16,1.435e+0,9.550e+0,1.365e-3,5.544e+0,9.102e+1,,1.051e+1,,,8.679e-1,,,5.320e-2,,1.293e-18,,6.939e-19,,1.234e-19,,7.345e-18,,4.804e-19,2.145e-16
526.05,1.823e+2,1.234e-3,1.595e-9,6.141e-27,2.795e-34,,,8.584e-18,2.861e-3,,2.502e-15,5.155e-19,1.009e-24,9.805e-18,1.847e-20,2.171e-32,1.471e-20,3.899e-26,,5.234e+0,7.934e-20,1.068e-20,1.913e+1,,8.743e-11,6.370e-1,,5.855e-2,3.132e-20,3.615e+1,2.949e+0,2.484e-12,1.378e-19,2.517e-22,1.558e-16,1.144e-16,1.293e+0,9.363e+0,1.010e-3,6.204e+0,9.089e+1,,9.345e+0,,,9.980e-1,,,6.118e-2,,1.294e-18,,6.938e-19,,1.248e-19,,7.339e-18,,4.838e-19,2.146e-16
526.07,1.852e+2,1.385e-3,1.553e-9,6.856e-27,2.795e-34,,,8.578e-18,3.010e-3,,2.501e-15,5.169e-19,1.010e-24,9.805e-18,1.845e-20,2.155e-32,1.470e-20,3.898e-26,,5.469e+0,7.915e-20,1.199e-20,1.896e+1,,8.412e-11,6.616e-1,,5.441e-2,4.982e-20,3.973e+1,2.937e+0,2.791e-12,1.378e-19,2.516e-22,9.941e-17,1.143e-16,1.212e+0,9.209e+0,8.232e-4,6.666e+0,9.055e+1,,8.619e+0,,,1.093e+0,,,6.691e-2,,1.294e-18,,6.937e-19,,1.257e-19,,7.335e-18,,4.861e-19,2.146e-16
526.1,1.897e+2,1.639e-3,1.485e-9,8.235e-27,2.795e-34,,,8.567e-18,3.232e-3,,2.501e-15,5.189e-19,1.011e-24,9.805e-18,1.842e-20,2.131e-32,1.470e-20,3.897e-26,,5.822e+0,7.885e-20,1.447e-20,1.865e+1,,8.553e-11,6.972e-1,,4.848e-2,9.941e-20,4.557e+1,2.907e+0,3.455e-12,1.379e-19,2.516e-22,5.041e-17,1.141e-16,1.110e+0,8.936e+0,6.027e-4,7.388e+0,8.966e+1,,7.605e+0,,,1.247e+0,,,7.615e-2,,1.294e-18,,6.937e-19,,1.270e-19,,7.330e-18,,4.894e-19,2.146e-16
526.12,1.928e+2,1.828e-3,1.437e-9,9.383e-27,2.795e-34,,,8.561e-18,3.377e-3,,2.501e-15,5.203e-19,1.011e-24,9.805e-18,1.840e-20,2.115e-32,1.470e-20,3.896e-26,,6.056e+0,7.866e-20,1.650e-20,1.842e+1,,9.105e-11,7.198e-1,,4.474e-2,1.570e-19,4.979e+1,2.879e+0,4.049e-12,1.379e-19,2.515e-22,3.194e-17,1.140e-16,1.056e+0,8.729e+0,4.879e-4,7.888e+0,8.883e+1,,6.978e+0,,,1.358e+0,,,8.272e-2,,1.294e-18,,6.936e-19,,1.279e-19,,7.326e-18,,4.917e-19,2.147e-16
526.15,1.977e+2,2.141e-3,1.361e-9,1.149e-26,2.795e-34,,,8.550e-18,3.588e-3,,2.500e-15,5.224e-19,1.012e-24,9.804e-18,1.837e-20,2.092e-32,1.470e-20,3.894e-26,,6.404e+0,7.836e-20,2.017e-20,1.802e+1,,1.072e-10,7.516e-1,,3.945e-2,3.102e-19,5.661e+1,2.826e+0,5.208e-12,1.379e-19,2.514e-22,1.603e-17,1.139e-16,9.959e-1,8.383e+0,3.535e-4,8.659e+0,8.723e+1,,6.108e+0,,,1.538e+0,,,9.317e-2,,1.294e-18,,6.935e-19,,1.292e-19,,7.321e-18,,4.951e-19,2.147e-16
526.17,2.010e+2,2.371e-3,1.308e-9,1.319e-26,2.795e-34,,,8.543e-18,3.723e-3,,2.500e-15,5.238e-19,1.013e-24,9.804e-18,1.835e-20,2.076e-32,1.469e-20,3.894e-26,,6.633e+0,7.816e-20,2.309e-20,1.772e+1,,1.240e-10,7.712e-1,,3.615e-2,4.867e-19,6.148e+1,2.784e+0,6.188e-12,1.379e-19,2.514e-22,1.008e-17,1.138e-16,9.697e-1,8.131e+0,2.842e-4,9.186e+0,8.595e+1,,5.575e+0,,,1.668e+0,,,1.005e-1,,1.294e-18,,6.935e-19,,1.301e-19,,7.317e-18,,4.973e-19,2.147e-16
526.2,2.063e+2,2.749e-3,1.227e-9,1.623e-26,2.794e-34,,,8.533e-18,3.915e-3,,2.499e-15,5.259e-19,1.014e-24,9.804e-18,1.831e-20,2.052e-32,1.469e-20,3.892e-26,,6.971e+0,7.787e-20,2.823e-20,1.724e+1,,1.602e-10,7.981e-1,,3.155e-2,9.589e-19,6.928e+1,2.711e+0,8.033e-12,1.379e-19,2.513e-22,5.007e-18,1.136e-16,9.519e-1,7.728e+0,2.038e-4,9.992e+0,8.371e+1,,4.841e+0,,,1.876e+0,,,1.120e-1,,1.295e-18,,6.934e-19,,1.315e-19,,7.312e-18,,5.007e-19,2.148e-16
526.22,2.099e+2,3.023e-3,1.173e-9,1.862e-26,2.794e-34,,,8.526e-18,4.035e-3,,2.499e-15,5.273e-19,1.015e-24,9.804e-18,1.829e-20,2.037e-32,1.469e-20,3.891e-26,,7.191e+0,7.767e-20,3.224e-20,1.689e+1,,1.933e-10,8.141e-1,,2.872e-2,1.495e-18,7.481e+1,2.655e+0,9.559e-12,1.379e-19,2.513e-22,3.129e-18,1.135e-16,9.545e-1,7.445e+0,1.627e-4,1.054e+1,8.204e+1,,4.394e+0,,,2.025e+0,,,1.200e-1,,1.295e-18,,6.934e-19,,1.324e-19,,7.308e-18,,5.030e-19,2.148e-16
526.25,2.156e+2,3.468e-3,1.090e-9,2.283e-26,2.794e-34,,,8.516e-18,4.200e-3,,2.499e-15,5.294e-19,1.015e-24,9.804e-18,1.826e-20,2.013e-32,1.469e-20,3.890e-26,,7.512e+0,7.738e-20,3.921e-20,1.633e+1,,2.596e-10,8.350e-1,,2.480e-2,2.895e-18,8.356e+1,2.564e+0,1.238e-11,1.380e-19,2.512e-22,1.537e-18,1.133e-16,9.803e-1,7.003e+0,1.154e-4,1.136e+1,7.927e+1,,3.786e+0,,,2.263e+0,,,1.324e-1,,1.295e-18,,6.933e-19,,1.337e-19,,7.303e-18,,5.064e-19,2.148e-16
526.27,2.196e+2,3.788e-3,1.034e-9,2.610e-26,2.794e-34,,,8.509e-18,4.298e-3,,2.498e-15,5.308e-19,1.016e-24,9.804e-18,1.824e-20,1.997e-32,1.468e-20,3.889e-26,,7.720e+0,7.718e-20,4.456e-20,1.593e+1,,3.174e-10,8.467e-1,,2.242e-2,4.482e-18,8.970e+1,2.499e+0,1.469e-11,1.380e-19,2.511e-22,9.539e-19,1.132e-16,1.012e+0,6.700e+0,9.152e-5,1.191e+1,7.727e+1,,3.419e+0,,,2.432e+0,,,1.409e-1,,1.295e-18,,6.932e-19,,1.346e-19,,7.299e-18,,5.086e-19,2.148e-16
526.3,2.258e+2,4.302e-3,9.518e-10,3.177e-26,2.794e-34,,,8.499e-18,4.428e-3,,2.498e-15,5.329e-19,1.017e-24,9.803e-18,1.821e-20,1.974e-32,1.468e-20,3.888e-26,,8.021e+0,7.689e-20,5.374e-20,1.531e+1,,4.300e-10,8.609e-1,,1.916e-2,8.593e-18,9.933e+1,2.394e+0,1.892e-11,1.380e-19,2.510e-22,4.638e-19,1.130e-16,1.083e+0,6.237e+0,6.427e-5,1.273e+1,7.408e+1,,2.924e+0,,,2.702e+0,,,1.539e-1,,1.295e-18,,6.932e-19,,1.359e-19,,7.293e-18,,5.120e-19,2.149e-16
526.32,2.302e+2,4.666e-3,8.977e-10,3.612e-26,2.794e-34,,,8.492e-18,4.501e-3,,2.498e-15,5.343e-19,1.018e-24,9.803e-18,1.819e-20,1.958e-32,1.468e-20,3.887e-26,,8.214e+0,7.669e-20,6.070e-20,1.487e+1,,5.262e-10,8.679e-1,,1.720e-2,1.322e-17,1.060e+2,2.320e+0,2.234e-11,1.380e-19,2.510e-22,2.858e-19,1.129e-16,1.145e+0,5.926e+0,5.060e-5,1.327e+1,7.184e+1,,2.629e+0,,,2.893e+0,,,1.626e-1,,1.295e-18,,6.931e-19,,1.368e-19,,7.290e-18,,5.143e-19,2.149e-16
526.34,2.346e+2,5.047e-3,8.445e-10,4.096e-26,2.794e-34,,,8.485e-18,4.562e-3,,2.497e-15,5.356e-19,1.018e-24,9.803e-18,1.817e-20,1.942e-32,1.468e-20,3.886e-26,,8.400e+0,7.649e-20,6.839e-20,1.442e+1,,6.431e-10,8.731e-1,,1.540e-2,2.027e-17,1.129e+2,2.244e+0,2.632e-11,1.380e-19,2.509e-22,2.896e-19,1.128e-16,1.219e+0,5.615e+0,3.973e-5,1.381e+1,6.952e+1,,2.361e+0,,,3.092e+0,,,1.713e-1,,1.295e-18,,6.931e-19,,1.377e-19,,7.286e-18,,5.165e-19,2.149e-16
526.37,2.415e+2,5.649e-3,7.668e-10,4.924e-26,2.794e-34,,,8.475e-18,4.632e-3,,2.497e-15,5.377e-19,1.019e-24,9.803e-18,1.814e-20,1.919e-32,1.467e-20,3.885e-26,,8.666e+0,7.620e-20,8.139e-20,1.373e+1,,8.657e-10,8.772e-1,,1.297e-2,3.832e-17,1.235e+2,2.126e+0,3.353e-11,1.380e-19,2.509e-22,2.953e-19,1.127e-16,1.354e+0,5.152e+0,2.749e-5,1.460e+1,6.593e+1,,2.006e+0,,,3.408e+0,,,1.844e-1,,1.296e-18,,6.930e-19,,1.391e-19,,7.281e-18,,5.199e-19,2.149e-16
526.39,2.463e+2,6.069e-3,7.168e-10,5.548e-26,2.793e-34,,,8.468e-18,4.663e-3,,2.497e-15,5.391e-19,1.020e-24,9.803e-18,1.812e-20,1.903e-32,1.467e-20,3.884e-26,,8.835e+0,7.600e-20,9.110e-20,1.326e+1,,1.053e-9,8.775e-1,,1.153e-2,5.839e-17,1.307e+2,2.046e+0,3.929e-11,1.381e-19,2.508e-22,2.992e-19,1.126e-16,1.459e+0,4.847e+0,2.144e-5,1.512e+1,6.348e+1,,1.798e+0,,,3.631e+0,,,1.930e-1,,1.296e-18,,6.929e-19,,1.400e-19,,7.277e-18,,5.222e-19,2.150e-16
526.42,2.536e+2,6.723e-3,6.446e-10,6.603e-26,2.793e-34,,,8.458e-18,4.685e-3,,2.496e-15,5.412e-19,1.021e-24,9.803e-18,1.809e-20,1.879e-32,1.467e-20,3.882e-26,,9.073e+0,7.571e-20,1.073e-19,1.254e+1,,1.405e-9,8.745e-1,,9.613e-3,1.093e-16,1.418e+2,1.924e+0,4.964e-11,1.381e-19,2.507e-22,3.049e-19,1.124e-16,1.640e+0,4.402e+0,1.468e-5,1.588e+1,5.975e+1,,1.528e+0,,,3.981e+0,,,2.055e-1,,1.296e-18,,6.929e-19,,1.413e-19,,7.272e-18,,5.256e-19,2.150e-16
526.44,2.586e+2,7.173e-3,5.987e-10,7.390e-26,2.793e-34,,,8.451e-18,4.684e-3,,2.496e-15,5.426e-19,1.021e-24,9.802e-18,1.807e-20,1.863e-32,1.467e-20,3.881e-26,,9.222e+0,7.551e-20,1.193e-19,1.206e+1,,1.698e-9,8.703e-1,,8.486e-3,1.654e-16,1.492e+2,1.842e+0,5.786e-11,1.381e-19,2.507e-22,3.087e-19,1.123e-16,1.776e+0,4.113e+0,1.137e-5,1.638e+1,5.724e+1,,1.374e+0,,,4.226e+0,,,2.136e-1,,1.296e-18,,6.928e-19,,1.422e-19,,7.268e-18,,5.278e-19,2.150e-16
526.47,2.661e+2,7.864e-3,5.333e-10,8.707e-26,2.793e-34,,,8.441e-18,4.658e-3,,2.496e-15,5.447e-19,1.022e-24,9.802e-18,1.804e-20,1.840e-32,1.466e-20,3.880e-26,,9.430e+0,7.522e-20,1.392e-19,1.132e+1,,2.244e-9,8.606e-1,,7.002e-3,3.064e-16,1.605e+2,1.720e+0,7.250e-11,1.381e-19,2.506e-22,3.145e-19,1.121e-16,2.004e+0,3.696e+0,7.705e-6,1.710e+1,5.348e+1,,1.179e+0,,,4.611e+0,,,2.252e-1,,1.296e-18,,6.927e-19,,1.435e-19,,7.262e-18,,5.312e-19,2.151e-16
526.49,2.712e+2,8.332e-3,4.921e-10,9.680e-26,2.793e-34,,,8.434e-18,4.625e-3,,2.495e-15,5.461e-19,1.023e-24,9.802e-18,1.802e-20,1.824e-32,1.466e-20,3.879e-26,,9.559e+0,7.502e-20,1.536e-19,1.083e+1,,2.693e-9,8.521e-1,,6.139e-3,4.606e-16,1.679e+2,1.640e+0,8.402e-11,1.381e-19,2.505e-22,3.183e-19,1.120e-16,2.170e+0,3.430e+0,5.925e-6,1.757e+1,5.099e+1,,1.072e+0,,,4.880e+0,,,2.325e-1,,1.296e-18,,6.927e-19,,1.444e-19,,7.259e-18,,5.335e-19,2.151e-16
526.52,2.788e+2,9.041e-3,4.341e-10,1.129e-25,2.793e-34,,,8.424e-18,4.552e-3,,2.495e-15,5.482e-19,1.024e-24,9.802e-18,1.799e-20,1.800e-32,1.466e-20,3.878e-26,,9.736e+0,7.473e-20,1.773e-19,1.010e+1,,3.524e-9,8.365e-1,,5.013e-3,8.448e-16,1.790e+2,1.521e+0,1.044e-10,1.381e-19,2.505e-22,3.240e-19,1.118e-16,2.442e+0,3.051e+0,3.974e-6,1.826e+1,4.729e+1,,9.446e-1,,,5.299e+0,,,2.425e-1,,1.297e-18,,6.926e-19,,2.962e-19,,7.253e-18,,5.369e-19,2.151e-16
526.54,2.838e+2,9.514e-3,3.980e-10,1.246e-25,2.793e-34,,,8.417e-18,4.489e-3,,2.495e-15,5.496e-19,1.025e-24,9.802e-18,1.797e-20,1.785e-32,1.466e-20,3.877e-26,,9.844e+0,7.453e-20,1.945e-19,9.622e+0,,4.201e-9,8.245e-1,,4.365e-3,1.262e-15,1.863e+2,1.443e+0,1.203e-10,1.382e-19,2.504e-22,3.278e-19,1.117e-16,2.638e+0,2.812e+0,3.035e-6,1.871e+1,4.486e+1,,8.801e-1,,,5.590e+0,,,2.486e-1,,1.297e-18,,6.925e-19,,4.764e-19,,7.250e-18,,5.391e-19,2.151e-16
526.57,2.912e+2,1.022e-2,3.477e-10,1.439e-25,2.793e-34,,,8.407e-18,4.372e-3,,2.494e-15,5.516e-19,1.025e-24,9.802e-18,1.793e-20,1.761e-32,1.465e-20,3.875e-26,,9.989e+0,7.423e-20,2.222e-19,8.908e+0,,5.441e-9,8.041e-1,,3.527e-3,2.291e-15,1.969e+2,1.330e+0,1.482e-10,1.382e-19,2.503e-22,3.336e-19,1.116e-16,2.951e+0,2.475e+0,2.014e-6,1.938e+1,4.131e+1,,8.129e-1,,,6.042e+0,,,2.567e-1,,1.297e-18,,6.925e-19,,9.669e-19,,7.244e-18,,5.425e-19,2.152e-16
526.59,2.960e+2,1.068e-2,3.167e-10,1.578e-25,2.792e-34,,,8.400e-18,4.282e-3,,2.494e-15,5.530e-19,1.026e-24,9.802e-18,1.791e-20,1.745e-32,1.465e-20,3.875e-26,,1.007e+1,7.404e-20,2.420e-19,8.441e+0,,6.442e-9,7.892e-1,,3.050e-3,3.398e-15,2.038e+2,1.257e+0,1.698e-10,1.382e-19,2.503e-22,3.374e-19,1.115e-16,3.173e+0,2.265e+0,1.527e-6,1.982e+1,3.900e+1,,7.873e-1,,,6.353e+0,,,2.614e-1,,1.297e-18,,6.924e-19,,1.545e-18,,7.241e-18,,5.448e-19,2.152e-16
526.62,3.029e+2,1.135e-2,2.740e-10,1.802e-25,2.792e-34,,,8.390e-18,4.128e-3,,2.493e-15,5.551e-19,1.027e-24,9.801e-18,1.788e-20,1.722e-32,1.465e-20,3.873e-26,,1.019e+1,7.374e-20,2.736e-19,7.757e+0,,8.258e-9,7.652e-1,,2.439e-3,6.108e-15,2.135e+2,1.153e+0,2.074e-10,1.382e-19,2.502e-22,3.431e-19,1.113e-16,3.523e+0,1.973e+0,1.003e-6,2.049e+1,3.566e+1,,7.773e-1,,,6.835e+0,,,2.671e-1,,1.297e-18,,6.923e-19,,3.104e-18,,7.235e-18,,5.481e-19,2.152e-16
526.64,3.073e+2,1.178e-2,2.480e-10,1.963e-25,2.792e-34,,,8.383e-18,4.015e-3,,2.493e-15,5.565e-19,1.028e-24,9.801e-18,1.786e-20,1.706e-32,1.465e-20,3.872e-26,,1.025e+1,7.355e-20,2.959e-19,7.314e+0,,9.711e-9,7.484e-1,,2.095e-3,8.999e-15,2.197e+2,1.086e+0,2.362e-10,1.382e-19,2.501e-22,3.470e-19,1.112e-16,3.767e+0,1.794e+0,7.556e-7,2.094e+1,3.350e+1,,7.894e-1,,,7.164e+0,,,2.701e-1,,1.297e-18,,6.923e-19,,4.925e-18,,7.231e-18,,5.504e-19,2.152e-16
526.67,3.135e+2,1.239e-2,2.124e-10,2.219e-25,2.792e-34,,,8.372e-18,3.831e-3,,2.493e-15,5.586e-19,1.029e-24,9.801e-18,1.783e-20,1.682e-32,1.464e-20,3.871e-26,,1.032e+1,7.325e-20,3.312e-19,6.670e+0,,1.232e-8,7.221e-1,,1.658e-3,1.601e-14,2.283e+2,9.904e-1,2.860e-10,1.383e-19,2.501e-22,3.527e-19,1.110e-16,4.145e+0,1.546e+0,4.912e-7,2.163e+1,3.041e+1,,8.357e-1,,,7.670e+0,,,2.732e-1,,1.298e-18,,6.922e-19,,9.793e-18,,7.226e-18,,5.538e-19,2.153e-16
526.69,3.173e+2,1.277e-2,1.910e-10,2.400e-25,2.792e-34,,,8.366e-18,3.700e-3,,2.492e-15,5.600e-19,1.029e-24,9.801e-18,1.781e-20,1.666e-32,1.464e-20,3.870e-26,,1.036e+1,7.306e-20,3.558e-19,6.257e+0,,1.439e-8,7.041e-1,,1.414e-3,2.344e-14,2.335e+2,9.303e-1,3.239e-10,1.383e-19,2.500e-22,3.565e-19,1.109e-16,4.405e+0,1.396e+0,3.674e-7,2.211e+1,2.844e+1,,8.857e-1,,,8.014e+0,,,2.743e-1,,1.298e-18,,6.922e-19,,1.543e-17,,7.222e-18,,5.560e-19,2.153e-16
526.71,3.208e+2,1.313e-2,1.713e-10,2.589e-25,2.792e-34,,,8.359e-18,3.564e-3,,2.492e-15,5.614e-19,1.030e-24,9.801e-18,1.779e-20,1.651e-32,1.464e-20,3.869e-26,,1.039e+1,7.286e-20,3.811e-19,5.857e+0,,1.676e-8,6.859e-1,,1.202e-3,3.421e-14,2.383e+2,8.729e-1,3.660e-10,1.383e-19,2.500e-22,3.603e-19,1.108e-16,4.670e+0,1.257e+0,2.740e-7,2.260e+1,2.654e+1,,9.514e-1,,,8.361e+0,,,2.747e-1,,1.298e-18,,6.921e-19,,2.426e-17,,7.219e-18,,5.583e-19,2.153e-16
526.74,3.254e+2,1.361e-2,1.448e-10,2.885e-25,2.792e-34,,,8.348e-18,3.352e-3,,2.492e-15,5.635e-19,1.031e-24,9.801e-18,1.776e-20,1.627e-32,1.464e-20,3.868e-26,,1.041e+1,7.256e-20,4.204e-19,5.283e+0,,2.096e-8,6.584e-1,,9.379e-4,6.004e-14,2.447e+2,7.920e-1,4.377e-10,1.383e-19,2.499e-22,3.661e-19,1.106e-16,5.072e+0,1.068e+0,1.755e-7,2.338e+1,2.385e+1,,1.080e+0,,,8.887e+0,,,2.738e-1,,1.298e-18,,6.920e-19,,4.755e-17,,7.213e-18,,5.617e-19,2.154e-16
526.76,3.281e+2,1.390e-2,1.290e-10,3.091e-25,2.792e-34,,,8.342e-18,3.206e-3,,2.491e-15,5.649e-19,1.031e-24,9.800e-18,1.774e-20,1.611e-32,1.463e-20,3.867e-26,,1.042e+1,7.237e-20,4.472e-19,4.919e+0,,2.424e-8,6.402e-1,,7.920e-4,8.705e-14,2.483e+2,7.415e-1,4.917e-10,1.383e-19,2.498e-22,3.699e-19,1.105e-16,5.342e+0,9.546e-1,1.300e-7,2.393e+1,2.215e+1,,1.187e+0,,,9.239e+0,,,2.723e-1,,1.298e-18,,6.920e-19,,7.423e-17,,7.210e-18,,5.639e-19,2.154e-16
526.79,3.313e+2,1.426e-2,1.079e-10,3.409e-25,2.792e-34,,,8.331e-18,2.984e-3,,2.491e-15,5.669e-19,1.032e-24,9.800e-18,1.771e-20,1.588e-32,1.463e-20,3.866e-26,,1.040e+1,7.207e-20,4.883e-19,4.403e+0,,3.001e-8,6.132e-1,,6.115e-4,1.512e-13,2.527e+2,6.710e-1,5.829e-10,1.383e-19,2.498e-22,3.756e-19,1.104e-16,5.747e+0,8.028e-1,8.242e-8,2.480e+1,1.976e+1,,1.381e+0,,,9.767e+0,,,2.687e-1,,1.298e-18,,6.919e-19,,1.440e-16,,7.204e-18,,5.673e-19,2.154e-16
526.81,3.329e+2,1.446e-2,9.554e-11,3.627e-25,2.791e-34,,,8.325e-18,2.835e-3,,2.491e-15,5.683e-19,1.033e-24,9.800e-18,1.769e-20,1.572e-32,1.463e-20,3.865e-26,,1.037e+1,7.188e-20,5.159e-19,4.078e+0,,3.447e-8,5.956e-1,,5.128e-4,2.178e-13,2.549e+2,6.273e-1,6.509e-10,1.383e-19,2.497e-22,3.795e-19,1.102e-16,6.014e+0,7.128e-1,6.062e-8,2.542e+1,1.826e+1,,1.534e+0,,,1.012e+1,,,2.654e-1,,1.298e-18,,6.919e-19,,2.233e-16,,7.200e-18,,5.696e-19,2.154e-16
526.84,3.346e+2,1.469e-2,7.917e-11,3.960e-25,2.791e-34,,,8.314e-18,2.611e-3,,2.490e-15,5.704e-19,1.034e-24,9.800e-18,1.766e-20,1.548e-32,1.462e-20,3.863e-26,,1.031e+1,7.158e-20,5.574e-19,3.621e+0,,4.223e-8,5.699e-1,,3.919e-4,3.746e-13,2.572e+2,5.666e-1,7.648e-10,1.384e-19,2.496e-22,3.852e-19,1.101e-16,6.406e+0,5.932e-1,3.804e-8,2.642e+1,1.617e+1,,1.799e+0,,,1.063e+1,,,2.591e-1,,1.299e-18,,6.918e-19,,4.290e-16,,7.195e-18,,5.730e-19,2.155e-16
526.86,3.351e+2,1.479e-2,6.961e-11,4.184e-25,2.791e-34,,,8.307e-18,2.464e-3,,2.490e-15,5.718e-19,1.035e-24,9.800e-18,1.764e-20,1.533e-32,1.462e-20,3.862e-26,,1.026e+1,7.138e-20,5.849e-19,3.337e+0,,4.819e-8,5.533e-1,,3.264e-4,5.360e-13,2.580e+2,5.293e-1,8.490e-10,1.384e-19,2.496e-22,3.890e-19,1.100e-16,6.660e+0,5.230e-1,2.778e-8,2.712e+1,1.487e+1,,2.001e+0,,,1.097e+1,,,2.542e-1,,1.299e-18,,6.917e-19,,6.605e-16,,7.191e-18,,5.752e-19,2.155e-16
526.89,3.350e+2,1.486e-2,5.712e-11,4.521e-25,2.791e-34,,,8.297e-18,2.246e-3,,2.489e-15,5.739e-19,1.035e-24,9.800e-18,1.760e-20,1.509e-32,1.462e-20,3.861e-26,,1.015e+1,7.109e-20,6.255e-19,2.940e+0,,5.843e-8,5.294e-1,,2.468e-4,9.127e-13,2.581e+2,4.776e-1,9.887e-10,1.384e-19,2.495e-22,3.948e-19,1.098e-16,7.026e+0,4.308e-1,1.725e-8,2.825e+1,1.307e+1,,2.346e+0,,,1.145e+1,,,2.456e-1,,1.299e-18,,6.917e-19,,1.256e-15,,7.186e-18,,5.786e-19,2.155e-16
526.91,3.343e+2,1.486e-2,4.990e-11,4.744e-25,2.791e-34,,,8.290e-18,2.105e-3,,2.489e-15,5.753e-19,1.036e-24,9.799e-18,1.758e-20,1.493e-32,1.462e-20,3.860e-26,,1.006e+1,7.089e-20,6.519e-19,2.695e+0,,6.621e-8,5.142e-1,,2.041e-4,1.297e-12,2.574e+2,4.460e-1,1.091e-9,1.384e-19,2.494e-22,3.986e-19,1.097e-16,7.257e+0,3.772e-1,1.252e-8,2.904e+1,1.196e+1,,2.604e+0,,,1.176e+1,,,2.393e-1,,1.299e-18,,6.916e-19,,1.921e-15,,7.182e-18,,5.809e-19,2.156e-16
526.94,3.324e+2,1.479e-2,4.054e-11,5.073e-25,2.791e-34,,,8.280e-18,1.899e-3,,2.489e-15,5.774e-19,1.037e-24,9.799e-18,1.755e-20,1.469e-32,1.461e-20,3.859e-26,,9.903e+0,7.060e-20,6.900e-19,2.357e+0,,7.946e-8,4.924e-1,,1.528e-4,2.187e-12,2.552e+2,4.025e-1,1.259e-9,1.384e-19,2.494e-22,4.043e-19,1.095e-16,7.581e+0,3.075e-1,7.700e-9,3.030e+1,1.043e+1,,3.035e+0,,,1.220e+1,,,2.289e-1,,1.299e-18,,6.915e-19,,3.615e-15,,7.177e-18,,5.843e-19,2.156e-16
526.96,3.306e+2,1.469e-2,3.518e-11,5.287e-25,2.791e-34,,,8.273e-18,1.767e-3,,2.488e-15,5.788e-19,1.038e-24,9.799e-18,1.753e-20,1.454e-32,1.461e-20,3.858e-26,,9.783e+0,7.040e-20,7.142e-19,2.151e+0,,8.942e-8,4.786e-1,,1.255e-4,3.087e-12,2.530e+2,3.759e-1,1.381e-9,1.385e-19,2.493e-22,4.081e-19,1.094e-16,7.781e+0,2.674e-1,5.554e-9,3.118e+1,9.499e+0,,3.354e+0,,,1.247e+1,,,2.214e-1,,1.299e-18,,6.915e-19,,5.491e-15,,7.173e-18,,5.865e-19,2.156e-16
526.99,3.269e+2,1.446e-2,2.830e-11,5.596e-25,2.791e-34,,,8.263e-18,1.578e-3,,2.488e-15,5.809e-19,1.039e-24,9.799e-18,1.750e-20,1.430e-32,1.461e-20,3.857e-26,,9.579e+0,7.011e-20,7.481e-19,1.870e+0,,1.062e-7,4.590e-1,,9.294e-5,5.153e-12,2.487e+2,3.394e-1,1.580e-9,1.385e-19,2.492e-22,4.139e-19,1.093e-16,8.051e+0,2.158e-1,3.396e-9,3.255e+1,8.220e+0,,3.878e+0,,,1.285e+1,,,2.096e-1,,1.300e-18,,6.914e-19,,1.023e-14,,7.168e-18,,5.899e-19,2.156e-16
527.01,3.239e+2,1.426e-2,2.440e-11,5.791e-25,2.790e-34,,,8.256e-18,1.458e-3,,2.488e-15,5.822e-19,1.039e-24,9.799e-18,1.748e-20,1.414e-32,1.461e-20,3.856e-26,,9.426e+0,6.991e-20,7.690e-19,1.700e+0,,1.187e-7,4.466e-1,,7.581e-5,7.226e-12,2.451e+2,3.172e-1,1.723e-9,1.385e-19,2.492e-22,4.177e-19,1.092e-16,8.209e+0,1.863e-1,2.450e-9,3.349e+1,7.445e+0,,4.259e+0,,,1.307e+1,,,2.014e-1,,1.300e-18,,6.914e-19,,1.543e-14,,7.164e-18,,5.922e-19,2.157e-16
527.04,3.185e+2,1.390e-2,1.943e-11,6.067e-25,2.790e-34,,,8.246e-18,1.289e-3,,2.487e-15,5.843e-19,1.040e-24,9.799e-18,1.745e-20,1.391e-32,1.460e-20,3.854e-26,,9.174e+0,6.962e-20,7.973e-19,1.471e+0,,1.396e-7,4.289e-1,,5.557e-5,1.194e-11,2.388e+2,2.866e-1,1.954e-9,1.385e-19,2.491e-22,4.234e-19,1.090e-16,8.414e+0,1.488e-1,1.520e-9,3.494e+1,6.392e+0,,4.880e+0,,,1.337e+1,,,1.887e-1,,1.300e-18,,6.913e-19,,2.845e-14,,7.158e-18,,5.956e-19,2.157e-16
527.06,3.144e+2,1.361e-2,1.664e-11,6.236e-25,2.790e-34,,,8.239e-18,1.183e-3,,2.487e-15,5.857e-19,1.041e-24,9.798e-18,1.743e-20,1.375e-32,1.460e-20,3.853e-26,,8.990e+0,6.942e-20,8.139e-19,1.335e+0,,1.549e-7,4.176e-1,,4.502e-5,1.664e-11,2.340e+2,2.680e-1,2.119e-9,1.385e-19,2.490e-22,4.273e-19,1.089e-16,8.526e+0,1.276e-1,1.130e-9,3.591e+1,5.758e+0,,5.326e+0,,,1.353e+1,,,1.801e-1,,1.300e-18,,6.912e-19,,4.264e-14,,7.155e-18,,5.978e-19,2.157e-16
527.09,3.074e+2,1.313e-2,1.312e-11,6.466e-25,2.790e-34,,,8.229e-18,1.035e-3,,2.487e-15,5.878e-19,1.042e-24,9.798e-18,1.740e-20,1.351e-32,1.460e-20,3.852e-26,,8.694e+0,6.912e-20,8.352e-19,1.155e+0,,1.803e-7,4.015e-1,,3.266e-5,2.722e-11,2.259e+2,2.424e-1,2.381e-9,1.385e-19,2.490e-22,4.330e-19,1.087e-16,8.656e+0,1.009e-1,7.839e-10,3.739e+1,4.904e+0,,6.043e+0,,,1.373e+1,,,1.670e-1,,1.300e-18,,6.912e-19,,7.782e-14,,7.149e-18,,6.012e-19,2.158e-16
527.11,3.023e+2,1.277e-2,1.117e-11,6.600e-25,2.790e-34,,,8.222e-18,9.432e-4,,2.486e-15,5.892e-19,1.042e-24,9.798e-18,1.738e-20,1.336e-32,1.460e-20,3.851e-26,,8.482e+0,6.893e-20,8.468e-19,1.050e+0,,1.987e-7,3.912e-1,,2.627e-5,3.767e-11,2.201e+2,2.268e-1,2.567e-9,1.386e-19,2.489e-22,4.368e-19,1.086e-16,8.717e+0,8.592e-2,6.745e-10,3.836e+1,4.393e+0,,6.552e+0,,,1.382e+1,,,1.582e-1,,1.300e-18,,6.911e-19,,1.158e-13,,7.146e-18,,6.035e-19,2.158e-16
527.13,2.969e+2,1.239e-2,9.476e-12,6.720e-25,2.790e-34,,,8.215e-18,8.574e-4,,2.486e-15,5.906e-19,1.043e-24,9.798e-18,1.736e-20,1.320e-32,1.460e-20,3.850e-26,,8.260e+0,6.873e-20,8.562e-19,9.567e-1,,2.185e-7,3.812e-1,,2.108e-5,5.199e-11,2.139e+2,2.122e-1,2.760e-9,1.386e-19,2.489e-22,4.406e-19,1.085e-16,8.757e+0,7.300e-2,6.463e-10,3.932e+1,3.928e+0,,7.084e+0,,,1.389e+1,,,1.495e-1,,1.301e-18,,6.911e-19,,1.719e-13,,7.142e-18,,6.057e-19,2.158e-16
527.16,2.881e+2,1.178e-2,7.372e-12,6.867e-25,2.790e-34,,,8.205e-18,7.392e-4,,2.486e-15,5.927e-19,1.044e-24,9.798e-18,1.733e-20,1.296e-32,1.459e-20,3.849e-26,,7.909e+0,6.844e-20,8.660e-19,8.375e-1,,2.506e-7,3.666e-1,,1.507e-5,8.388e-11,2.040e+2,1.921e-1,3.065e-9,1.386e-19,2.488e-22,4.464e-19,1.083e-16,8.777e+0,5.689e-2,7.507e-10,4.071e+1,3.306e+0,,7.925e+0,,,1.394e+1,,,1.367e-1,,1.301e-18,,6.910e-19,,3.093e-13,,7.137e-18,,6.091e-19,2.158e-16
527.18,2.819e+2,1.135e-2,6.215e-12,6.943e-25,2.790e-34,,,8.198e-18,6.673e-4,,2.485e-15,5.941e-19,1.044e-24,9.798e-18,1.731e-20,1.280e-32,1.459e-20,3.848e-26,,7.665e+0,6.824e-20,8.695e-19,7.714e-1,,2.737e-7,3.570e-1,,1.201e-5,1.150e-10,1.970e+2,1.798e-1,3.277e-9,1.386e-19,2.487e-22,4.502e-19,1.082e-16,8.763e+0,4.803e-2,9.281e-10,4.160e+1,2.939e+0,,8.511e+0,,,1.393e+1,,,1.283e-1,,1.301e-18,,6.909e-19,,4.560e-13,,7.133e-18,,6.114e-19,2.159e-16
527.21,2.722e+2,1.068e-2,4.790e-12,7.022e-25,2.789e-34,,,8.188e-18,5.694e-4,,2.485e-15,5.962e-19,1.045e-24,9.798e-18,1.728e-20,1.257e-32,1.459e-20,3.847e-26,,7.285e+0,6.795e-20,8.704e-19,6.912e-1,,3.106e-7,3.430e-1,,8.496e-6,1.837e-10,1.863e+2,1.627e-1,3.608e-9,1.386e-19,2.486e-22,4.559e-19,1.081e-16,8.705e+0,3.709e-2,1.403e-9,4.285e+1,2.452e+0,,9.425e+0,,,1.386e+1,,,1.160e-1,,1.301e-18,,6.909e-19,,8.121e-13,,7.127e-18,,6.147e-19,2.159e-16
527.23,2.655e+2,1.022e-2,4.014e-12,7.051e-25,2.789e-34,,,8.181e-18,5.105e-4,,2.485e-15,5.975e-19,1.046e-24,9.797e-18,1.726e-20,1.241e-32,1.459e-20,3.846e-26,,7.024e+0,1.093e-19,8.680e-19,6.499e-1,,3.369e-7,3.337e-1,,6.722e-6,2.502e-10,1.789e+2,1.522e-1,3.837e-9,1.386e-19,2.486e-22,4.598e-19,1.079e-16,8.640e+0,3.114e-2,1.906e-9,4.361e+1,2.168e+0,,1.005e+1,,,1.377e+1,,,1.081e-1,,1.301e-18,,6.908e-19,,1.189e-12,,7.124e-18,,6.170e-19,2.159e-16
527.26,2.550e+2,9.514e-3,3.068e-12,7.058e-25,2.789e-34,,,8.171e-18,4.311e-4,,2.484e-15,5.996e-19,1.047e-24,9.797e-18,1.722e-20,1.217e-32,1.458e-20,3.844e-26,,6.624e+0,2.219e-19,8.600e-19,6.056e-1,,3.785e-7,3.198e-1,,4.707e-6,3.958e-10,1.677e+2,1.376e-1,4.189e-9,1.387e-19,2.485e-22,4.655e-19,1.078e-16,8.508e+0,2.389e-2,3.070e-9,4.463e+1,1.793e+0,,1.102e+1,,,1.359e+1,,,9.680e-2,,1.301e-18,,6.907e-19,,2.096e-12,,7.118e-18,,6.204e-19,2.159e-16
527.28,2.479e+2,9.041e-3,2.558e-12,7.039e-25,2.789e-34,,,8.164e-18,3.838e-4,,2.484e-15,6.010e-19,1.048e-24,9.797e-18,1.720e-20,1.202e-32,1.458e-20,3.843e-26,,6.352e+0,3.545e-19,8.518e-19,5.874e-1,,4.077e-7,3.105e-1,,3.699e-6,5.356e-10,1.601e+2,1.286e-1,4.430e-9,1.387e-19,2.485e-22,4.693e-19,1.077e-16,8.396e+0,2.000e-2,4.232e-9,4.522e+1,1.576e+0,,1.167e+1,,,1.343e+1,,,8.961e-2,,1.302e-18,,6.907e-19,,3.049e-12,,7.115e-18,,6.226e-19,2.160e-16
527.31,2.371e+2,8.332e-3,1.942e-12,6.974e-25,2.789e-34,,,8.154e-18,3.208e-4,,2.483e-15,6.031e-19,1.049e-24,9.797e-18,1.717e-20,1.178e-32,1.458e-20,3.842e-26,,5.941e+0,7.124e-19,8.352e-19,5.767e-1,,4.533e-7,2.965e-1,,2.563e-6,8.388e-10,1.488e+2,1.160e-1,4.799e-9,1.387e-19,2.484e-22,4.750e-19,1.075e-16,8.197e+0,1.535e-2,6.845e-9,4.595e+1,1.292e+0,,1.266e+1,,,1.314e+1,,,7.939e-2,,1.302e-18,,6.906e-19,,5.319e-12,,7.109e-18,,6.260e-19,2.160e-16
527.33,2.298e+2,7.864e-3,1.615e-12,6.907e-25,2.789e-34,,,8.147e-18,2.837e-4,,2.483e-15,6.045e-19,1.049e-24,9.797e-18,1.715e-20,1.162e-32,1.457e-20,3.841e-26,,5.666e+0,1.131e-18,8.215e-19,5.804e-1,,4.849e-7,2.871e-1,,2.000e-6,1.127e-9,1.413e+2,1.082e-1,5.048e-9,1.387e-19,2.483e-22,4.789e-19,1.074e-16,8.044e+0,1.292e-2,9.410e-9,4.632e+1,1.129e+0,,1.332e+1,,,1.292e+1,,,7.299e-2,,1.302e-18,,6.906e-19,,7.684e-12,,7.106e-18,,6.283e-19,2.160e-16
527.36,2.188e+2,7.173e-3,1.226e-12,6.773e-25,2.789e-34,,,8.136e-18,2.346e-4,,2.483e-15,6.066e-19,1.050e-24,9.797e-18,1.712e-20,1.139e-32,1.457e-20,3.840e-26,,5.254e+0,2.249e-18,7.973e-19,6.018e-1,,5.337e-7,2.729e-1,,1.372e-6,1.748e-9,1.302e+2,9.730e-2,5.425e-9,1.387e-19,2.482e-22,4.846e-19,1.072e-16,7.788e+0,1.011e-2,1.510e-8,4.670e+1,9.172e-1,,1.430e+1,,,1.254e+1,,,6.400e-2,,1.302e-18,,6.905e-19,,1.327e-11,,7.100e-18,,6.317e-19,2.161e-16
527.38,2.115e+2,6.723e-3,1.023e-12,6.662e-25,2.789e-34,,,8.130e-18,2.060e-4,,2.482e-15,6.080e-19,1.051e-24,9.796e-18,1.710e-20,1.123e-32,1.457e-20,3.839e-26,,4.982e+0,3.544e-18,7.789e-19,6.265e-1,,5.670e-7,2.633e-1,,1.063e-6,2.334e-9,1.231e+2,9.053e-2,5.678e-9,1.387e-19,2.482e-22,4.884e-19,1.071e-16,7.602e+0,8.714e-3,2.064e-8,4.682e+1,7.963e-1,,1.495e+1,,,1.226e+1,,,5.844e-2,,1.302e-18,,6.904e-19,,1.904e-11,,7.096e-18,,6.339e-19,2.161e-16
527.41,2.007e+2,6.069e-3,7.862e-13,6.466e-25,2.789e-34,,,8.119e-18,1.687e-4,,2.482e-15,6.101e-19,1.052e-24,9.796e-18,1.707e-20,1.099e-32,1.457e-20,3.838e-26,,4.580e+0,6.979e-18,7.481e-19,6.791e-1,,6.176e-7,2.488e-1,,7.216e-7,3.584e-9,1.126e+2,8.108e-2,6.056e-9,1.388e-19,2.481e-22,4.942e-19,1.070e-16,7.302e+0,7.255e-3,3.279e-8,4.680e+1,6.413e-1,,1.588e+1,,,1.181e+1,,,5.071e-2,,1.302e-18,,6.904e-19,,3.255e-11,,7.091e-18,,6.373e-19,2.161e-16
527.43,1.936e+2,5.649e-3,6.664e-13,6.316e-25,2.788e-34,,,8.112e-18,1.471e-4,,2.482e-15,6.115e-19,1.052e-24,9.796e-18,1.705e-20,1.083e-32,1.456e-20,3.837e-26,,4.317e+0,1.093e-17,7.258e-19,7.246e-1,,6.516e-7,2.391e-1,,5.554e-7,4.755e-9,1.059e+2,7.521e-2,6.308e-9,1.388e-19,2.481e-22,4.980e-19,1.069e-16,7.090e+0,6.660e-3,4.451e-8,4.665e+1,5.535e-1,,1.648e+1,,,1.149e+1,,,4.598e-2,,1.303e-18,,6.903e-19,,4.638e-11,,7.087e-18,,6.396e-19,2.161e-16
527.46,1.831e+2,5.047e-3,5.330e-13,6.067e-25,2.788e-34,,,8.102e-18,1.192e-4,,2.481e-15,6.135e-19,1.053e-24,9.796e-18,1.702e-20,1.060e-32,1.456e-20,3.835e-26,,3.933e+0,2.129e-17,6.900e-19,8.082e-1,,7.026e-7,2.244e-1,,3.731e-7,7.229e-9,9.630e+1,6.702e-2,6.681e-9,1.388e-19,2.480e-22,5.037e-19,1.067e-16,6.759e+0,6.297e-3,7.002e-8,4.621e+1,4.418e-1,,1.734e+1,,,1.099e+1,,,3.950e-2,,1.303e-18,,6.902e-19,,7.848e-11,,7.082e-18,,6.430e-19,2.162e-16
527.48,1.763e+2,4.666e-3,4.700e-13,5.886e-25,2.788e-34,,,8.095e-18,1.032e-4,,2.481e-15,6.149e-19,1.054e-24,9.796e-18,1.700e-20,1.044e-32,1.456e-20,3.834e-26,,3.685e+0,3.311e-17,6.648e-19,8.743e-1,,7.362e-7,2.146e-1,,2.851e-7,9.527e-9,9.024e+1,6.195e-2,6.926e-9,1.388e-19,2.479e-22,5.075e-19,1.066e-16,6.530e+0,6.400e-3,9.440e-8,4.578e+1,3.790e-1,,1.787e+1,,,1.064e+1,,,3.557e-2,,1.303e-18,,6.902e-19,,1.111e-10,,7.078e-18,,6.452e-19,2.162e-16
527.5,1.697e+2,4.302e-3,4.246e-13,5.695e-25,2.788e-34,,,8.089e-18,8.918e-5,,2.481e-15,6.163e-19,1.054e-24,9.796e-18,1.698e-20,1.028e-32,1.456e-20,3.834e-26,,3.444e+0,5.134e-17,6.388e-19,9.487e-1,,7.693e-7,2.048e-1,,2.173e-7,1.252e-8,8.447e+1,5.716e-2,7.167e-9,1.388e-19,2.479e-22,5.114e-19,1.065e-16,6.297e+0,6.787e-3,1.269e-7,4.525e+1,3.245e-1,,1.837e+1,,,1.029e+1,,,3.194e-2,,1.303e-18,,6.901e-19,,1.568e-10,,7.074e-18,,6.475e-19,2.162e-16
527.53,1.601e+2,3.788e-3,3.850e-13,5.391e-25,2.788e-34,,,8.078e-18,7.122e-5,,2.480e-15,6.184e-19,1.055e-24,9.795e-18,1.695e-20,1.005e-32,1.455e-20,3.832e-26,,3.097e+0,9.865e-17,5.986e-19,1.076e+0,,8.176e-7,1.902e-1,,1.439e-7,1.878e-8,7.639e+1,5.052e-2,7.520e-9,1.388e-19,2.478e-22,5.171e-19,1.063e-16,5.941e+0,7.933e-3,1.968e-7,4.424e+1,2.560e-1,,1.904e+1,,,9.759e+0,,,2.704e-2,,1.303e-18,,6.900e-19,,2.615e-10,,7.069e-18,,6.509e-19,2.163e-16
527.55,1.539e+2,3.468e-3,3.751e-13,5.181e-25,2.788e-34,,,8.071e-18,6.109e-5,,2.480e-15,6.198e-19,1.056e-24,9.795e-18,1.693e-20,9.890e-33,1.455e-20,3.831e-26,,2.877e+0,1.519e-16,5.712e-19,1.171e+0,,8.486e-7,1.806e-1,,1.089e-7,2.452e-8,7.140e+1,4.642e-2,7.750e-9,1.389e-19,2.477e-22,5.209e-19,1.062e-16,5.702e+0,9.116e-3,2.628e-7,4.345e+1,2.181e-1,,1.944e+1,,,9.404e+0,,,2.412e-2,,1.303e-18,,6.900e-19,,3.666e-10,,7.065e-18,,6.531e-19,2.163e-16
527.58,1.451e+2,3.023e-3,3.821e-13,4.854e-25,2.788e-34,,,8.061e-18,4.828e-5,,2.480e-15,6.219e-19,1.057e-24,9.795e-18,1.689e-20,9.653e-33,1.455e-20,3.830e-26,,2.563e+0,2.890e-16,5.298e-19,1.328e+0,,8.926e-7,1.664e-1,,7.136e-8,3.641e-8,6.455e+1,4.076e-2,8.082e-9,1.389e-19,2.477e-22,5.267e-19,1.060e-16,5.343e+0,1.162e-2,4.034e-7,4.208e+1,1.711e-1,,1.995e+1,,,8.879e+0,,,2.021e-2,,1.304e-18,,6.899e-19,,6.053e-10,,7.060e-18,,6.565e-19,2.163e-16
527.6,1.395e+2,2.749e-3,4.002e-13,4.632e-25,2.788e-34,,,8.054e-18,4.113e-5,,2.479e-15,6.233e-19,1.058e-24,9.795e-18,1.687e-20,9.496e-33,1.455e-20,3.829e-26,,2.366e+0,4.421e-16,5.021e-19,1.443e+0,,9.200e-7,1.570e-1,,5.364e-8,4.723e-8,6.040e+1,3.729e-2,8.296e-9,1.389e-19,2.476e-22,5.305e-19,1.059e-16,5.105e+0,1.387e-2,5.350e-7,4.106e+1,1.454e-1,,2.022e+1,,,8.536e+0,,,1.790e-2,,1.304e-18,,6.899e-19,,8.428e-10,,7.056e-18,,6.588e-19,2.163e-16
527.63,1.316e+2,2.371e-3,4.462e-13,4.296e-25,2.787e-34,,,8.044e-18,3.218e-5,,2.479e-15,6.254e-19,1.059e-24,9.795e-18,1.684e-20,9.259e-33,1.454e-20,3.828e-26,,2.087e+0,8.322e-16,4.608e-19,1.631e+0,,9.578e-7,1.434e-1,,3.478e-8,6.945e-8,5.481e+1,3.253e-2,8.603e-9,1.389e-19,2.475e-22,5.362e-19,1.058e-16,4.753e+0,1.827e-2,8.129e-7,3.938e+1,1.141e-1,,2.054e+1,,,8.040e+0,,,1.484e-2,,1.304e-18,,6.898e-19,,1.378e-9,,7.051e-18,,6.622e-19,2.164e-16
527.65,1.266e+2,2.141e-3,4.891e-13,4.072e-25,2.787e-34,,,8.037e-18,2.722e-5,,2.479e-15,6.268e-19,1.059e-24,9.795e-18,1.682e-20,9.102e-33,1.454e-20,3.827e-26,,1.914e+0,1.265e-15,4.338e-19,1.765e+0,,9.805e-7,1.345e-1,,2.597e-8,8.950e-8,5.151e+1,2.965e-2,8.798e-9,1.389e-19,2.475e-22,5.400e-19,1.056e-16,4.522e+0,2.202e-2,1.071e-6,3.817e+1,9.732e-2,,2.068e+1,,,7.723e+0,,,1.306e-2,,1.304e-18,,6.897e-19,,1.905e-9,,7.047e-18,,6.644e-19,2.164e-16
527.68,1.196e+2,1.828e-3,5.718e-13,3.737e-25,2.787e-34,,,8.027e-18,2.108e-5,,2.478e-15,6.289e-19,1.060e-24,9.795e-18,1.679e-20,8.866e-33,1.454e-20,3.825e-26,,1.673e+0,2.357e-15,3.940e-19,1.980e+0,,1.010e-6,1.217e-1,,1.666e-8,1.303e-7,4.719e+1,2.572e-2,9.076e-9,1.390e-19,2.474e-22,5.458e-19,1.055e-16,4.184e+0,2.918e-2,1.610e-6,3.624e+1,7.750e-2,,2.079e+1,,,7.273e+0,,,1.071e-2,,1.304e-18,,6.897e-19,,3.082e-9,,7.042e-18,,6.678e-19,2.164e-16
527.7,1.153e+2,1.639e-3,6.393e-13,3.518e-25,2.787e-34,,,8.020e-18,1.771e-5,,2.478e-15,6.302e-19,1.061e-24,9.794e-18,1.677e-20,8.708e-33,1.454e-20,3.825e-26,,1.524e+0,3.556e-15,3.683e-19,2.131e+0,,1.027e-6,1.135e-1,,1.235e-8,1.669e-7,4.472e+1,2.336e-2,9.250e-9,1.390e-19,2.474e-22,5.496e-19,1.054e-16,3.964e+0,3.517e-2,2.107e-6,3.490e+1,6.738e-2,,2.079e+1,,,6.992e+0,,,9.360e-3,,1.304e-18,,6.896e-19,,4.233e-9,,7.038e-18,,6.701e-19,2.164e-16
527.73,1.093e+2,1.385e-3,7.599e-13,3.196e-25,2.787e-34,,,8.010e-18,1.357e-5,,2.477e-15,6.323e-19,1.062e-24,9.794e-18,1.674e-20,8.472e-33,1.453e-20,3.823e-26,,1.319e+0,6.560e-15,3.312e-19,2.370e+0,,1.048e-6,1.018e-1,,7.845e-9,2.406e-7,4.161e+1,2.020e-2,9.496e-9,1.390e-19,2.473e-22,5.553e-19,1.052e-16,3.646e+0,4.639e-2,3.136e-6,3.281e+1,5.625e-2,,2.069e+1,,,6.603e+0,,,7.603e-3,,1.304e-18,,6.895e-19,,6.779e-9,,7.033e-18,,6.734e-19,2.165e-16
527.75,1.056e+2,1.234e-3,8.538e-13,2.987e-25,2.787e-34,,,8.003e-18,1.132e-5,,2.477e-15,6.337e-19,1.062e-24,9.794e-18,1.672e-20,8.314e-33,1.453e-20,3.822e-26,,1.194e+0,9.834e-15,3.075e-19,2.536e+0,,1.058e-6,9.431e-2,,5.776e-9,3.061e-7,3.992e+1,1.833e-2,9.648e-9,1.390e-19,2.472e-22,5.592e-19,1.051e-16,3.441e+0,5.565e-2,4.075e-6,3.138e+1,5.127e-2,,2.055e+1,,,6.365e+0,,,6.596e-3,,1.305e-18,,6.895e-19,,9.247e-9,,7.029e-18,,6.757e-19,2.165e-16
527.78,1.006e+2,1.032e-3,1.016e-12,2.686e-25,2.787e-34,,,7.993e-18,8.586e-6,,2.477e-15,6.358e-19,1.063e-24,9.794e-18,1.669e-20,8.078e-33,1.453e-20,3.821e-26,,1.023e+0,1.796e-14,2.736e-19,2.794e+0,,1.068e-6,8.373e-2,,3.631e-9,4.371e-7,3.793e+1,1.588e-2,9.859e-9,1.390e-19,2.471e-22,5.649e-19,1.049e-16,3.146e+0,7.280e-2,6.004e-6,2.921e+1,4.717e-2,,2.024e+1,,,6.044e+0,,,5.303e-3,,1.305e-18,,6.894e-19,,1.466e-8,,7.023e-18,,6.791e-19,2.165e-16
527.8,9.759e+1,9.127e-4,1.139e-12,2.494e-25,2.787e-34,,,7.986e-18,7.115e-6,,2.476e-15,6.372e-19,1.064e-24,9.794e-18,1.667e-20,7.920e-33,1.453e-20,3.820e-26,,9.201e-1,2.673e-14,2.523e-19,2.970e+0,,1.071e-6,7.709e-2,,2.655e-9,5.524e-7,3.694e+1,1.447e-2,9.988e-9,1.390e-19,2.471e-22,5.687e-19,1.048e-16,2.958e+0,8.680e-2,7.749e-6,2.775e+1,4.660e-2,,1.997e+1,,,5.854e+0,,,4.569e-3,,1.305e-18,,6.894e-19,,1.986e-8,,7.020e-18,,6.813e-19,2.166e-16
527.83,9.354e+1,7.554e-4,1.348e-12,2.219e-25,2.787e-34,,,7.976e-18,5.340e-6,,2.476e-15,6.393e-19,1.065e-24,9.794e-18,1.664e-20,1.615e-32,1.452e-20,3.819e-26,,7.806e-1,4.832e-14,2.222e-19,3.240e+0,,1.070e-6,6.778e-2,,1.651e-9,7.812e-7,3.595e+1,1.268e-2,1.016e-8,1.391e-19,2.470e-22,5.745e-19,1.047e-16,2.690e+0,1.125e-1,1.130e-5,2.556e+1,4.894e-2,,1.947e+1,,,5.605e+0,,,3.636e-3,,1.305e-18,,6.893e-19,,3.116e-8,,7.014e-18,,6.847e-19,2.166e-16
527.85,9.114e+1,6.636e-4,1.504e-12,2.046e-25,2.786e-34,,,7.969e-18,4.395e-6,,2.476e-15,6.407e-19,1.065e-24,9.793e-18,1.662e-20,2.588e-32,1.452e-20,3.818e-26,,6.973e-1,7.145e-14,2.034e-19,3.422e+0,,1.065e-6,6.200e-2,,1.199e-9,9.810e-7,3.558e+1,1.170e-2,1.027e-8,1.391e-19,2.470e-22,5.783e-19,1.046e-16,2.520e+0,1.332e-1,1.449e-5,2.412e+1,5.270e-2,,1.908e+1,,,5.462e+0,,,3.111e-3,,1.305e-18,,6.892e-19,,4.193e-8,,7.011e-18,,6.870e-19,2.166e-16
527.87,8.898e+1,5.814e-4,1.675e-12,1.881e-25,2.786e-34,,,7.962e-18,3.607e-6,,2.475e-15,6.421e-19,1.066e-24,9.793e-18,1.660e-20,4.137e-32,1.452e-20,3.817e-26,,6.212e-1,1.054e-13,1.858e-19,3.604e+0,,1.058e-6,5.657e-2,,8.682e-10,1.229e-6,3.543e+1,1.089e-2,1.036e-8,1.391e-19,2.469e-22,5.821e-19,1.044e-16,2.357e+0,1.574e-1,1.852e-5,2.270e+1,5.834e-2,,1.864e+1,,,5.338e+0,,,2.655e-3,,1.305e-18,,6.892e-19,,5.627e-8,,7.007e-18,,6.893e-19,2.166e-16
527.9,8.617e+1,4.743e-4,1.958e-12,1.650e-25,2.786e-34,,,7.952e-18,2.668e-6,,2.475e-15,6.442e-19,1.067e-24,9.793e-18,1.657e-20,8.316e-32,1.452e-20,3.816e-26,,5.197e-1,1.877e-13,1.613e-19,3.876e+0,,1.042e-6,4.906e-2,,5.323e-10,1.714e-6,3.559e+1,1.000e-2,1.048e-8,1.391e-19,2.468e-22,5.878e-19,1.043e-16,2.127e+0,2.011e-1,2.662e-5,2.062e+1,7.066e-2,,1.793e+1,,,5.184e+0,,,2.082e-3,,1.306e-18,,6.891e-19,,8.704e-8,,7.002e-18,,6.926e-19,2.167e-16
527.92,8.455e+1,4.126e-4,2.166e-12,1.507e-25,2.786e-34,,,7.945e-18,2.175e-6,,2.475e-15,6.455e-19,1.068e-24,9.793e-18,1.655e-20,1.320e-31,1.451e-20,3.815e-26,,4.599e-1,2.750e-13,1.463e-19,4.055e+0,,1.028e-6,4.447e-2,,3.828e-10,2.133e-6,3.591e+1,9.619e-3,1.055e-8,1.391e-19,2.468e-22,5.917e-19,1.042e-16,1.982e+0,2.359e-1,3.380e-5,1.927e+1,8.173e-2,,1.741e+1,,,5.102e+0,,,1.764e-3,,1.306e-18,,6.891e-19,,1.160e-7,,6.998e-18,,6.949e-19,2.167e-16
527.95,8.251e+1,3.332e-4,2.508e-12,1.308e-25,2.786e-34,,,7.935e-18,1.592e-6,,2.474e-15,6.476e-19,1.068e-24,9.793e-18,1.651e-20,2.627e-31,1.451e-20,3.813e-26,,3.809e-1,4.850e-13,1.257e-19,4.318e+0,,1.002e-6,3.819e-2,,2.322e-10,2.947e-6,3.668e+1,9.373e-3,1.062e-8,1.391e-19,2.467e-22,5.974e-19,1.040e-16,1.778e+0,2.983e-1,4.810e-5,1.732e+1,1.033e-1,,1.657e+1,,,5.007e+0,,,1.369e-3,,1.306e-18,,6.890e-19,,1.776e-7,,6.992e-18,,6.983e-19,2.167e-16
527.97,8.138e+1,2.879e-4,2.756e-12,1.186e-25,2.786e-34,,,7.928e-18,1.289e-6,,2.474e-15,6.490e-19,1.069e-24,9.793e-18,1.649e-20,4.142e-31,1.451e-20,3.812e-26,,3.348e-1,7.056e-13,1.132e-19,4.486e+0,,9.814e-7,3.440e-2,,1.658e-10,3.645e-6,3.736e+1,9.435e-3,1.066e-8,1.392e-19,2.466e-22,6.012e-19,1.039e-16,1.651e+0,3.477e-1,6.065e-5,1.608e+1,1.215e-1,,1.599e+1,,,4.961e+0,,,1.153e-3,,1.306e-18,,6.889e-19,,2.352e-7,,6.989e-18,,7.005e-19,2.168e-16
528,8.000e+1,2.300e-4,3.159e-12,1.019e-25,2.786e-34,,,7.918e-18,9.341e-7,,2.474e-15,6.511e-19,1.070e-24,9.792e-18,1.646e-20,8.160e-31,1.451e-20,3.811e-26,,2.745e-1,1.232e-12,9.624e-20,4.728e+0,,9.467e-7,2.927e-2,,9.958e-11,4.987e-6,3.858e+1,9.886e-3,1.069e-8,1.392e-19,2.466e-22,6.069e-19,1.037e-16,1.473e+0,4.352e-1,8.544e-5,1.431e+1,1.556e-1,,1.509e+1,,,4.914e+0,,,8.854e-4,,1.306e-18,,6.889e-19,,3.564e-7,,6.983e-18,,7.039e-19,2.168e-16
528.02,7.927e+1,1.974e-4,3.448e-12,9.182e-26,2.786e-34,,,7.911e-18,7.509e-7,,2.473e-15,6.525e-19,1.071e-24,9.792e-18,1.644e-20,1.278e-30,1.450e-20,3.810e-26,,2.397e-1,1.780e-12,8.609e-20,4.879e+0,,9.211e-7,2.620e-2,,7.062e-11,6.128e-6,3.950e+1,1.044e-2,1.070e-8,1.392e-19,2.465e-22,6.108e-19,1.036e-16,1.363e+0,5.037e-1,1.070e-4,1.319e+1,1.835e-1,,1.447e+1,,,4.896e+0,,,7.401e-4,,1.306e-18,,6.888e-19,,4.686e-7,,6.980e-18,,7.062e-19,2.168e-16
528.05,7.842e+1,1.561e-4,3.912e-12,7.808e-26,2.785e-34,,,7.900e-18,5.385e-7,,2.473e-15,6.546e-19,1.072e-24,9.792e-18,1.641e-20,2.492e-30,1.450e-20,3.809e-26,,1.946e-1,3.076e-12,7.246e-20,5.089e+0,,8.795e-7,2.211e-2,,4.197e-11,8.306e-6,4.099e+1,1.167e-2,1.068e-8,1.392e-19,2.464e-22,6.165e-19,1.035e-16,1.209e+0,6.240e-1,1.492e-4,1.162e+1,2.346e-1,,1.354e+1,,,4.884e+0,,,5.627e-4,,1.307e-18,,6.887e-19,,7.030e-7,,6.974e-18,,7.096e-19,2.168e-16
528.07,7.801e+1,1.331e-4,4.241e-12,6.984e-26,2.785e-34,,,7.894e-18,4.300e-7,,2.472e-15,6.560e-19,1.072e-24,9.792e-18,1.639e-20,3.876e-30,1.450e-20,3.808e-26,,1.687e-1,4.415e-12,6.437e-20,5.216e+0,,8.499e-7,1.970e-2,,2.956e-11,1.014e-5,4.204e+1,1.279e-2,1.065e-8,1.392e-19,2.464e-22,6.203e-19,1.033e-16,1.114e+0,7.174e-1,1.856e-4,1.064e+1,2.759e-1,,1.292e+1,,,4.884e+0,,,4.672e-4,,1.307e-18,,6.887e-19,,9.181e-7,,6.970e-18,,7.118e-19,2.169e-16
528.1,7.758e+1,1.041e-4,4.762e-12,5.878e-26,2.785e-34,,,7.883e-18,3.052e-7,,2.472e-15,6.581e-19,1.073e-24,9.792e-18,1.636e-20,7.481e-30,1.450e-20,3.807e-26,,1.356e-1,7.553e-12,5.362e-20,5.385e+0,,8.031e-7,1.652e-2,,1.738e-11,1.361e-5,4.364e+1,1.494e-2,1.059e-8,1.392e-19,2.463e-22,6.261e-19,1.032e-16,9.822e-1,8.797e-1,2.561e-4,9.274e+0,3.504e-1,,1.201e+1,,,4.892e+0,,,3.516e-4,,1.307e-18,,6.886e-19,,1.363e-6,,6.965e-18,,7.152e-19,2.169e-16
528.12,7.739e+1,8.815e-5,5.128e-12,5.222e-26,2.785e-34,,,7.876e-18,2.420e-7,,2.472e-15,6.595e-19,1.074e-24,9.792e-18,1.634e-20,1.156e-29,1.449e-20,3.806e-26,,1.168e-1,1.077e-11,4.731e-20,5.482e+0,,7.708e-7,1.468e-2,,1.216e-11,1.651e-5,4.470e+1,1.672e-2,1.052e-8,1.393e-19,2.462e-22,6.299e-19,1.031e-16,9.013e-1,1.004e+0,3.164e-4,8.433e+0,4.097e-1,,1.141e+1,,,4.901e+0,,,2.899e-4,,1.307e-18,,6.886e-19,,1.768e-6,,6.961e-18,,7.175e-19,2.169e-16
528.15,7.725e+1,6.829e-5,5.699e-12,4.350e-26,2.785e-34,,,7.866e-18,1.700e-7,,2.471e-15,6.615e-19,1.075e-24,9.792e-18,1.631e-20,2.209e-29,1.449e-20,3.804e-26,,9.286e-2,1.823e-11,3.900e-20,5.601e+0,,7.209e-7,1.231e-2,,7.076e-12,2.196e-5,4.625e+1,1.998e-2,1.040e-8,1.393e-19,2.462e-22,6.356e-19,1.029e-16,7.898e-1,1.219e+0,4.323e-4,7.276e+0,5.157e-1,,1.056e+1,,,4.916e+0,,,2.161e-4,,1.307e-18,,6.885e-19,,2.599e-6,,6.956e-18,,7.209e-19,2.170e-16
528.17,7.722e+1,5.740e-5,6.095e-12,3.838e-26,2.785e-34,,,7.859e-18,1.338e-7,,2.471e-15,6.629e-19,1.075e-24,9.791e-18,1.629e-20,3.389e-29,1.449e-20,3.803e-26,,7.944e-2,2.581e-11,3.418e-20,5.663e+0,,6.871e-7,1.097e-2,,4.916e-12,2.647e-5,4.722e+1,2.257e-2,1.030e-8,1.393e-19,2.461e-22,6.394e-19,1.028e-16,7.216e-1,1.383e+0,5.304e-4,6.572e+0,5.993e-1,,1.001e+1,,,4.926e+0,,,1.771e-4,,1.307e-18,,6.884e-19,,3.348e-6,,6.952e-18,,7.231e-19,2.170e-16
528.2,7.724e+1,4.401e-5,6.706e-12,3.164e-26,2.785e-34,,,7.849e-18,9.305e-8,,2.471e-15,6.650e-19,1.076e-24,9.791e-18,1.626e-20,6.410e-29,1.449e-20,3.802e-26,,6.253e-2,4.327e-11,2.789e-20,5.727e+0,,6.361e-7,9.314e-3,,2.831e-12,3.487e-5,4.858e+1,2.715e-2,1.012e-8,1.393e-19,2.460e-22,6.452e-19,1.026e-16,6.282e-1,1.661e+0,7.172e-4,5.612e+0,7.472e-1,,9.255e+0,,,4.936e+0,,,1.308e-4,,1.308e-18,,6.884e-19,,4.871e-6,,6.947e-18,,7.265e-19,2.170e-16
528.22,7.729e+1,3.674e-5,7.122e-12,2.773e-26,2.785e-34,,,7.842e-18,7.277e-8,,2.470e-15,6.664e-19,1.077e-24,9.791e-18,1.624e-20,9.771e-29,1.448e-20,3.801e-26,,5.313e-2,6.084e-11,2.428e-20,5.751e+0,,6.022e-7,8.427e-3,,1.953e-12,4.177e-5,4.938e+1,3.071e-2,9.986e-9,1.393e-19,2.460e-22,6.490e-19,1.025e-16,5.714e-1,1.871e+0,8.740e-4,5.034e+0,8.626e-1,,8.790e+0,,,4.938e+0,,,1.067e-4,,1.308e-18,,6.883e-19,,6.233e-6,,6.943e-18,,7.288e-19,2.170e-16
528.24,7.736e+1,3.059e-5,7.543e-12,2.423e-26,2.785e-34,,,7.835e-18,5.676e-8,,2.470e-15,6.678e-19,1.078e-24,9.791e-18,1.622e-20,1.485e-28,1.448e-20,3.800e-26,,4.502e-2,8.533e-11,2.107e-20,5.759e+0,,5.684e-7,7.711e-3,,1.344e-12,4.992e-5,5.010e+1,3.472e-2,9.834e-9,1.393e-19,2.459e-22,6.528e-19,1.024e-16,5.188e-1,2.101e+0,1.062e-3,4.503e+0,9.932e-1,,8.362e+0,,,4.935e+0,,,8.695e-5,,1.308e-18,,6.883e-19,,7.954e-6,,6.939e-18,,7.310e-19,2.171e-16
528.27,7.748e+1,2.312e-5,8.181e-12,1.969e-26,2.784e-34,,,7.825e-18,3.889e-8,,2.470e-15,6.699e-19,1.078e-24,9.791e-18,1.618e-20,2.769e-28,1.448e-20,3.799e-26,,3.494e-2,1.410e-10,1.696e-20,5.741e+0,,5.187e-7,6.950e-3,,7.628e-13,6.490e-5,5.099e+1,4.162e-2,9.580e-9,1.394e-19,2.458e-22,6.586e-19,1.022e-16,4.472e-1,2.488e+0,1.416e-3,3.790e+0,1.221e+0,,7.799e+0,,,4.921e+0,,,6.399e-5,,1.308e-18,,6.882e-19,,1.141e-5,,6.934e-18,,7.344e-19,2.171e-16
528.29,7.756e+1,1.911e-5,8.606e-12,1.709e-26,2.784e-34,,,7.818e-18,3.012e-8,,2.469e-15,6.713e-19,1.079e-24,9.791e-18,1.616e-20,4.181e-28,1.448e-20,3.798e-26,,2.940e-2,1.964e-10,1.462e-20,5.710e+0,,4.863e-7,6.653e-3,,5.212e-13,7.706e-5,5.144e+1,4.687e-2,9.393e-9,1.394e-19,2.458e-22,6.624e-19,1.021e-16,4.041e-1,2.776e+0,1.709e-3,3.368e+0,1.397e+0,,7.480e+0,,,4.903e+0,,,5.232e-5,,1.308e-18,,6.881e-19,,1.446e-5,,6.930e-18,,7.367e-19,2.171e-16
528.32,7.768e+1,1.430e-5,9.238e-12,1.374e-26,2.784e-34,,,7.808e-18,2.043e-8,,2.469e-15,6.734e-19,1.080e-24,9.790e-18,1.613e-20,7.718e-28,1.447e-20,3.797e-26,,2.258e-2,3.213e-10,1.165e-20,5.634e+0,,4.392e-7,6.533e-3,,2.928e-13,9.925e-5,5.189e+1,5.580e-2,9.089e-9,1.394e-19,2.457e-22,6.681e-19,1.020e-16,3.458e-1,3.254e+0,2.255e-3,2.806e+0,1.700e+0,,7.095e+0,,,4.863e+0,,,3.917e-5,,1.308e-18,,6.881e-19,,2.053e-5,,6.925e-18,,7.401e-19,2.171e-16
528.34,7.775e+1,1.174e-5,9.651e-12,1.184e-26,2.784e-34,,,7.801e-18,1.571e-8,,2.469e-15,6.748e-19,1.081e-24,9.790e-18,1.611e-20,1.157e-27,1.447e-20,3.796e-26,,1.888e-2,4.445e-10,9.987e-21,5.565e+0,,4.090e-7,6.679e-3,,1.986e-13,1.171e-4,5.204e+1,6.250e-2,8.870e-9,1.394e-19,2.457e-22,6.719e-19,1.019e-16,3.109e-1,3.605e+0,2.703e-3,2.475e+0,1.931e+0,,6.904e+0,,,4.827e+0,,,3.280e-5,,1.308e-18,,6.880e-19,,2.584e-5,,6.921e-18,,7.423e-19,2.172e-16
528.37,7.784e+1,8.689e-6,1.025e-11,9.429e-27,2.784e-34,,,7.791e-18,1.055e-8,,2.468e-15,6.768e-19,1.082e-24,9.790e-18,1.608e-20,2.115e-27,1.447e-20,3.794e-26,,1.435e-2,7.197e-10,7.892e-21,5.435e+0,,3.656e-7,7.269e-3,,1.104e-13,1.495e-4,5.201e+1,7.376e-2,8.520e-9,1.394e-19,2.456e-22,6.777e-19,1.017e-16,2.640e-1,4.183e+0,3.531e-3,2.041e+0,2.327e+0,,6.724e+0,,,4.758e+0,,,2.623e-5,,1.309e-18,,6.879e-19,,3.631e-5,,6.916e-18,,7.457e-19,2.172e-16
528.39,7.790e+1,7.086e-6,1.064e-11,8.071e-27,2.784e-34,,,7.784e-18,8.057e-9,,2.468e-15,6.782e-19,1.082e-24,9.790e-18,1.606e-20,3.150e-27,1.447e-20,3.793e-26,,1.191e-2,9.889e-10,6.730e-21,5.331e+0,,3.381e-7,7.932e-3,,7.442e-14,1.753e-4,5.182e+1,8.212e-2,8.274e-9,1.394e-19,2.455e-22,6.815e-19,1.016e-16,2.361e-1,4.603e+0,4.204e-3,1.789e+0,2.625e+0,,6.679e+0,,,4.702e+0,,,2.355e-5,,1.309e-18,,6.879e-19,,4.541e-5,,6.912e-18,,7.480e-19,2.172e-16
528.42,7.798e+1,5.192e-6,1.119e-11,6.359e-27,2.784e-34,,,7.774e-18,5.352e-9,,2.467e-15,6.803e-19,1.083e-24,9.790e-18,1.603e-20,5.697e-27,1.446e-20,3.792e-26,,8.964e-3,1.585e-9,5.286e-21,5.154e+0,,2.991e-7,9.386e-3,,4.095e-14,2.217e-4,5.130e+1,9.599e-2,7.887e-9,1.395e-19,2.455e-22,6.872e-19,1.014e-16,1.989e-1,5.287e+0,5.435e-3,1.460e+0,3.132e+0,,6.730e+0,,,4.604e+0,,,2.184e-5,,1.309e-18,,6.878e-19,,6.316e-5,,6.907e-18,,7.513e-19,2.173e-16
528.44,7.804e+1,4.205e-6,1.153e-11,5.406e-27,2.784e-34,,,7.767e-18,4.060e-9,,2.467e-15,6.817e-19,1.084e-24,9.790e-18,1.601e-20,8.429e-27,1.446e-20,3.791e-26,,7.390e-3,2.163e-9,4.497e-21,5.021e+0,,2.747e-7,1.070e-2,,2.740e-14,2.584e-4,5.078e+1,1.062e-1,7.619e-9,1.395e-19,2.454e-22,6.911e-19,1.013e-16,1.769e-1,5.778e+0,6.427e-3,1.270e+0,3.511e+0,,6.847e+0,,,4.529e+0,,,2.216e-5,,1.309e-18,,6.878e-19,,7.844e-5,,6.903e-18,,7.536e-19,2.173e-16
528.47,7.816e+1,3.050e-6,1.200e-11,4.215e-27,2.783e-34,,,7.757e-18,2.669e-9,,2.467e-15,6.838e-19,1.085e-24,9.789e-18,1.598e-20,1.509e-26,1.446e-20,3.790e-26,,5.504e-3,3.432e-9,3.532e-21,4.804e+0,,2.405e-7,1.328e-2,,1.492e-14,3.237e-4,4.977e+1,1.229e-1,7.205e-9,1.395e-19,2.453e-22,6.968e-19,1.012e-16,1.478e-1,6.569e+0,8.224e-3,1.026e+0,4.146e+0,,7.151e+0,,,4.404e+0,,,2.487e-5,,1.309e-18,,6.877e-19,,1.080e-4,,6.897e-18,,7.570e-19,2.173e-16
528.49,7.827e+1,2.454e-6,1.228e-11,3.559e-27,2.783e-34,,,7.750e-18,2.011e-9,,2.466e-15,6.852e-19,1.085e-24,9.789e-18,1.596e-20,2.217e-26,1.446e-20,3.789e-26,,4.507e-3,4.652e-9,3.016e-21,4.648e+0,,2.194e-7,1.546e-2,,9.916e-15,3.750e-4,4.894e+1,1.350e-1,6.923e-9,1.395e-19,2.453e-22,7.006e-19,1.010e-16,1.307e-1,7.130e+0,9.660e-3,8.869e-1,4.616e+0,,7.444e+0,,,4.312e+0,,,2.827e-5,,1.309e-18,,6.876e-19,,1.332e-4,,6.894e-18,,7.592e-19,2.173e-16
528.52,7.850e+1,1.763e-6,1.266e-11,2.746e-27,2.783e-34,,,7.740e-18,1.309e-9,,2.466e-15,6.873e-19,1.086e-24,9.789e-18,1.593e-20,3.930e-26,1.445e-20,3.788e-26,,3.322e-3,7.306e-9,2.401e-21,4.402e+0,,1.902e-7,1.955e-2,,5.344e-15,4.656e-4,4.748e+1,1.547e-1,6.493e-9,1.395e-19,2.452e-22,7.064e-19,1.009e-16,1.083e-1,8.023e+0,1.223e-2,7.090e-1,5.398e+0,,8.020e+0,,,4.164e+0,,,3.611e-5,,1.310e-18,,6.875e-19,,1.816e-4,,6.888e-18,,7.626e-19,2.174e-16
528.54,7.870e+1,1.409e-6,1.287e-11,2.303e-27,2.783e-34,,,7.733e-18,9.793e-10,,2.466e-15,6.887e-19,1.087e-24,9.789e-18,1.591e-20,5.736e-26,1.445e-20,3.787e-26,,2.702e-3,9.837e-9,2.083e-21,4.230e+0,,1.723e-7,2.291e-2,,3.527e-15,5.362e-4,4.638e+1,1.688e-1,6.204e-9,1.395e-19,2.451e-22,7.102e-19,1.008e-16,9.525e-2,8.650e+0,1.427e-2,6.086e-1,5.971e+0,,8.499e+0,,,4.059e+0,,,4.347e-5,,1.310e-18,,6.875e-19,,2.225e-4,,6.885e-18,,7.649e-19,2.174e-16
528.57,7.912e+1,1.004e-6,1.312e-11,1.759e-27,2.783e-34,,,7.723e-18,6.306e-10,,2.465e-15,6.908e-19,1.088e-24,9.789e-18,1.588e-20,1.006e-25,1.445e-20,3.785e-26,,1.971e-3,1.529e-8,1.725e-21,3.965e+0,,1.478e-7,2.906e-2,,1.881e-15,6.597e-4,4.455e+1,1.915e-1,5.770e-9,1.396e-19,2.451e-22,7.159e-19,1.006e-16,7.821e-2,9.634e+0,1.789e-2,4.816e-1,6.912e+0,,9.362e+0,,,3.894e+0,,,5.846e-5,,1.310e-18,,6.874e-19,,3.001e-4,,6.879e-18,,7.683e-19,2.174e-16
528.59,7.948e+1,7.995e-7,1.325e-11,1.465e-27,2.783e-34,,,7.716e-18,4.686e-10,,2.465e-15,6.922e-19,1.088e-24,9.789e-18,1.586e-20,1.459e-25,1.445e-20,3.784e-26,,1.592e-3,2.045e-8,1.556e-21,3.784e+0,,1.330e-7,3.402e-2,,1.233e-15,7.552e-4,4.322e+1,2.076e-1,5.481e-9,1.396e-19,2.450e-22,7.197e-19,1.005e-16,6.838e-2,1.032e+1,2.073e-2,4.105e-1,7.596e+0,,1.004e+1,,,3.779e+0,,,7.164e-5,,1.310e-18,,6.874e-19,,3.652e-4,,6.876e-18,,7.705e-19,2.175e-16
528.61,7.991e+1,6.364e-7,1.334e-11,1.216e-27,2.783e-34,,,7.709e-18,3.473e-10,,2.465e-15,6.935e-19,1.089e-24,9.789e-18,1.584e-20,2.109e-25,1.444e-20,3.784e-26,,1.282e-3,2.727e-8,1.437e-21,3.602e+0,,1.193e-7,3.976e-2,,8.057e-16,8.625e-4,4.182e+1,2.244e-1,5.195e-9,1.396e-19,2.450e-22,7.236e-19,1.004e-16,5.965e-2,1.102e+1,2.396e-2,3.490e-1,8.326e+0,,1.079e+1,,,3.663e+0,,,8.793e-5,,1.310e-18,,6.873e-19,,4.432e-4,,6.872e-18,,7.728e-19,2.175e-16
528.64,8.073e+1,4.533e-7,1.341e-11,9.158e-28,2.783e-34,,,7.699e-18,2.204e-10,,2.464e-15,6.956e-19,1.090e-24,9.788e-18,1.580e-20,3.647e-25,1.444e-20,3.782e-26,,9.221e-4,4.179e-8,1.342e-21,3.328e+0,,1.009e-7,5.007e-2,,4.235e-16,1.048e-3,3.959e+1,2.509e-1,4.774e-9,1.396e-19,2.449e-22,7.293e-19,1.002e-16,4.838e-2,1.210e+1,2.961e-2,2.722e-1,9.507e+0,,1.207e+1,,,3.485e+0,,,1.195e-4,,1.310e-18,,6.872e-19,,5.895e-4,,6.866e-18,,7.762e-19,2.175e-16
528.66,8.140e+1,3.638e-7,1.341e-11,7.553e-28,2.783e-34,,,7.692e-18,1.622e-10,,2.464e-15,6.970e-19,1.091e-24,9.788e-18,1.578e-20,5.238e-25,1.444e-20,3.781e-26,,7.377e-4,5.536e-8,1.330e-21,3.146e+0,,8.988e-8,5.823e-2,,2.749e-16,1.190e-3,3.805e+1,2.694e-1,4.499e-9,1.396e-19,2.448e-22,7.331e-19,1.001e-16,4.195e-2,1.283e+1,3.398e-2,2.298e-1,1.035e+1,,1.302e+1,,,3.366e+0,,,1.465e-4,,1.311e-18,,6.872e-19,,7.106e-4,,6.863e-18,,7.784e-19,2.175e-16
528.69,8.260e+1,2.674e-7,1.334e-11,5.628e-28,2.782e-34,,,7.682e-18,1.019e-10,,2.464e-15,6.991e-19,1.092e-24,9.788e-18,1.575e-20,8.967e-25,1.444e-20,3.780e-26,,5.250e-4,8.398e-8,1.387e-21,2.877e+0,,7.522e-8,7.271e-2,,1.430e-16,1.433e-3,3.566e+1,2.981e-1,4.098e-9,1.397e-19,2.447e-22,7.389e-19,9.995e-17,3.373e-2,1.395e+1,4.156e-2,1.774e-1,1.171e+1,,1.459e+1,,,3.187e+0,,,1.980e-4,,1.311e-18,,6.871e-19,,9.357e-4,,6.857e-18,,7.818e-19,2.176e-16
528.71,8.353e+1,2.235e-7,1.325e-11,4.610e-28,2.782e-34,,,7.675e-18,7.449e-11,,2.463e-15,7.005e-19,1.092e-24,9.788e-18,1.573e-20,1.279e-24,1.443e-20,3.779e-26,,4.171e-4,1.105e-7,1.472e-21,2.701e+0,,6.657e-8,8.405e-2,,9.218e-17,1.617e-3,3.404e+1,3.179e-1,3.840e-9,1.397e-19,2.447e-22,7.427e-19,9.984e-17,2.909e-2,1.470e+1,4.738e-2,1.488e-1,1.267e+1,,1.573e+1,,,3.069e+0,,,2.414e-4,,1.311e-18,,6.871e-19,,1.120e-3,,6.854e-18,,7.841e-19,2.176e-16
528.74,8.515e+1,1.825e-7,1.304e-11,3.400e-28,2.782e-34,,,7.664e-18,4.631e-11,,2.463e-15,7.026e-19,1.093e-24,9.788e-18,1.570e-20,2.168e-24,1.443e-20,3.778e-26,,2.938e-4,1.659e-7,1.673e-21,2.444e+0,,5.514e-8,1.040e-1,,4.746e-17,1.931e-3,3.157e+1,3.483e-1,3.469e-9,1.397e-19,2.446e-22,7.484e-19,9.967e-17,2.321e-2,1.581e+1,5.736e-2,1.137e-1,1.419e+1,,1.759e+1,,,2.896e+0,,,3.233e-4,,1.311e-18,,6.870e-19,,1.460e-3,,6.848e-18,,7.875e-19,2.176e-16
528.76,8.638e+1,1.697e-7,1.287e-11,2.766e-28,2.782e-34,,,7.658e-18,3.362e-11,,2.463e-15,7.040e-19,1.094e-24,9.788e-18,1.568e-20,3.071e-24,1.443e-20,3.777e-26,,2.318e-4,2.168e-7,1.857e-21,2.279e+0,,4.846e-8,1.194e-1,,3.038e-17,2.167e-3,2.993e+1,3.688e-1,3.234e-9,1.397e-19,2.446e-22,7.522e-19,9.956e-17,1.992e-2,1.655e+1,6.494e-2,9.466e-2,1.525e+1,,1.891e+1,,,2.784e+0,,,3.917e-4,,1.311e-18,,6.869e-19,,1.737e-3,,6.845e-18,,7.897e-19,2.176e-16
528.79,8.843e+1,1.703e-7,1.254e-11,2.019e-28,2.782e-34,,,7.647e-18,2.069e-11,,2.462e-15,7.061e-19,1.095e-24,9.787e-18,1.565e-20,5.151e-24,1.443e-20,3.775e-26,,1.616e-4,3.222e-7,2.213e-21,2.042e+0,,3.973e-8,1.463e-1,,1.548e-17,2.565e-3,2.748e+1,3.999e-1,2.899e-9,1.397e-19,2.445e-22,7.580e-19,9.940e-17,1.580e-2,1.763e+1,7.783e-2,7.158e-2,1.692e+1,,2.102e+1,,,2.622e+0,,,5.196e-4,,1.311e-18,,6.869e-19,,2.241e-3,,6.839e-18,,7.931e-19,2.177e-16
528.81,8.994e+1,1.840e-7,1.228e-11,1.631e-28,2.782e-34,,,7.640e-18,1.491e-11,,2.462e-15,7.075e-19,1.095e-24,9.787e-18,1.563e-20,7.248e-24,1.442e-20,3.775e-26,,1.267e-4,4.183e-7,2.508e-21,1.891e+0,,3.468e-8,1.669e-1,,9.841e-18,2.862e-3,2.587e+1,4.207e-1,2.689e-9,1.397e-19,2.444e-22,7.618e-19,9.929e-17,1.354e-2,1.833e+1,8.752e-2,5.920e-2,1.808e+1,,2.249e+1,,,2.519e+0,,,6.252e-4,,1.312e-18,,6.868e-19,,2.647e-3,,6.835e-18,,7.954e-19,2.177e-16
528.84,9.239e+1,2.258e-7,1.185e-11,1.178e-28,2.782e-34,,,7.630e-18,9.082e-12,,2.461e-15,7.095e-19,1.096e-24,9.787e-18,1.560e-20,1.204e-23,1.442e-20,3.773e-26,,8.741e-5,6.154e-7,3.045e-21,1.677e+0,,2.814e-8,2.024e-1,,4.962e-18,3.359e-3,2.351e+1,4.515e-1,2.396e-9,1.398e-19,2.443e-22,7.675e-19,9.913e-17,1.074e-2,1.934e+1,1.038e-1,4.430e-2,1.987e+1,,2.481e+1,,,2.372e+0,,,8.211e-4,,1.312e-18,,6.867e-19,,3.382e-3,,6.830e-18,,7.988e-19,2.177e-16
528.86,9.415e+1,2.699e-7,1.153e-11,9.454e-29,2.782e-34,,,7.623e-18,6.502e-12,,2.461e-15,7.109e-19,1.097e-24,9.787e-18,1.558e-20,1.682e-23,1.442e-20,3.772e-26,,6.803e-5,7.933e-7,3.473e-21,1.542e+0,,2.440e-8,2.293e-1,,3.133e-18,3.727e-3,2.199e+1,4.717e-1,2.215e-9,1.398e-19,2.443e-22,7.714e-19,9.902e-17,9.237e-3,1.997e+1,1.159e-1,3.639e-2,2.109e+1,,2.641e+1,,,2.280e+0,,,9.813e-4,,1.312e-18,,6.867e-19,,3.968e-3,,6.826e-18,,8.010e-19,2.178e-16
528.89,9.695e+1,3.656e-7,1.101e-11,6.759e-29,2.781e-34,,,7.613e-18,3.919e-12,,2.461e-15,7.130e-19,1.098e-24,9.787e-18,1.555e-20,2.765e-23,1.442e-20,3.771e-26,,4.646e-5,1.155e-6,4.232e-21,1.353e+0,,1.959e-8,2.753e-1,,1.563e-18,4.337e-3,1.978e+1,5.011e-1,1.965e-9,1.398e-19,2.442e-22,7.771e-19,9.885e-17,7.438e-3,2.086e+1,1.361e-1,2.696e-2,2.297e+1,,2.888e+1,,,2.150e+0,,,1.276e-3,,1.312e-18,,6.866e-19,,5.019e-3,,6.821e-18,,8.044e-19,2.178e-16
528.91,9.890e+1,4.535e-7,1.064e-11,5.386e-29,2.781e-34,,,7.606e-18,2.787e-12,,2.460e-15,7.144e-19,1.098e-24,9.787e-18,1.553e-20,3.839e-23,1.441e-20,3.770e-26,,3.591e-5,1.479e-6,4.825e-21,1.236e+0,,1.687e-8,3.099e-1,,9.803e-19,4.786e-3,1.837e+1,5.199e-1,1.814e-9,1.398e-19,2.442e-22,7.809e-19,9.874e-17,6.510e-3,2.141e+1,1.510e-1,2.199e-2,2.424e+1,,3.056e+1,,,2.070e+0,,,1.514e-3,,1.312e-18,,6.866e-19,,5.850e-3,,6.817e-18,,8.067e-19,2.178e-16
528.94,1.019e+2,6.318e-7,1.006e-11,3.812e-29,2.781e-34,,,7.596e-18,1.662e-12,,2.460e-15,7.165e-19,1.099e-24,9.786e-18,1.550e-20,6.247e-23,1.441e-20,3.769e-26,,2.427e-5,2.133e-6,5.862e-21,1.074e+0,,1.341e-8,3.683e-1,,4.841e-19,5.524e-3,1.635e+1,5.467e-1,1.611e-9,1.398e-19,2.441e-22,7.866e-19,9.858e-17,5.477e-3,2.215e+1,1.755e-1,1.612e-2,2.616e+1,,3.310e+1,,,1.959e+0,,,1.949e-3,,1.312e-18,,6.865e-19,,7.326e-3,,6.812e-18,,8.100e-19,2.179e-16
528.96,1.040e+2,7.894e-7,9.651e-12,3.016e-29,2.781e-34,,,7.589e-18,1.174e-12,,2.460e-15,7.179e-19,1.100e-24,9.786e-18,1.547e-20,8.613e-23,1.441e-20,3.768e-26,,1.863e-5,2.712e-6,6.662e-21,9.741e-1,,1.147e-8,4.118e-1,,3.014e-19,6.061e-3,1.508e+1,5.633e-1,1.490e-9,1.398e-19,2.440e-22,7.905e-19,9.847e-17,5.004e-3,2.259e+1,1.934e-1,1.306e-2,2.744e+1,,3.481e+1,,,1.892e+0,,,2.298e-3,,1.313e-18,,6.864e-19,,8.483e-3,,6.808e-18,,8.123e-19,2.179e-16
528.99,1.071e+2,1.101e-6,9.028e-12,2.113e-29,2.781e-34,,,7.579e-18,6.929e-13,,2.459e-15,7.200e-19,1.101e-24,9.786e-18,1.544e-20,1.387e-22,1.441e-20,3.766e-26,,1.247e-5,3.870e-6,8.047e-21,8.374e-1,,9.022e-9,4.845e-1,,1.473e-19,6.940e-3,1.329e+1,5.863e-1,1.332e-9,1.399e-19,2.440e-22,7.962e-19,9.830e-17,4.596e-3,2.317e+1,2.225e-1,9.478e-3,2.935e+1,,3.734e+1,,,1.800e+0,,,2.927e-3,,1.313e-18,,6.864e-19,,1.052e-2,,6.803e-18,,8.157e-19,2.179e-16
529.01,1.092e+2,1.372e-6,8.606e-12,1.661e-29,2.781e-34,,,7.572e-18,4.860e-13,,2.459e-15,7.214e-19,1.102e-24,9.786e-18,1.542e-20,1.900e-22,1.440e-20,3.765e-26,,9.503e-6,4.889e-6,9.105e-21,7.546e-1,,7.662e-9,5.381e-1,,9.111e-20,7.574e-3,1.217e+1,6.001e-1,1.242e-9,1.399e-19,2.439e-22,8.000e-19,9.819e-17,4.514e-3,2.349e+1,2.434e-1,7.627e-3,3.062e+1,,3.901e+1,,,1.745e+0,,,3.427e-3,,1.313e-18,,6.863e-19,,1.210e-2,,6.799e-18,,8.179e-19,2.179e-16
529.03,1.113e+2,1.706e-6,8.181e-12,1.302e-29,2.781e-34,,,7.565e-18,3.399e-13,,2.459e-15,7.228e-19,1.102e-24,9.786e-18,1.540e-20,2.595e-22,1.440e-20,3.765e-26,,7.224e-6,6.159e-6,1.028e-20,6.780e-1,,6.489e-9,5.960e-1,,9.120e-20,8.250e-3,1.112e+1,6.125e-1,1.164e-9,1.399e-19,2.438e-22,8.038e-19,9.809e-17,4.582e-3,2.376e+1,2.656e-1,6.120e-3,3.186e+1,,4.064e+1,,,1.694e+0,,,4.002e-3,,1.313e-18,,6.863e-19,,1.388e-2,,6.795e-18,,8.202e-19,2.180e-16
529.06,1.143e+2,2.355e-6,7.543e-12,8.985e-30,2.781e-34,,,7.555e-18,1.978e-13,,2.458e-15,7.248e-19,1.103e-24,9.786e-18,1.537e-20,4.120e-22,1.440e-20,3.763e-26,,4.764e-6,8.664e-6,1.230e-20,5.746e-1,,5.032e-9,6.913e-1,,9.132e-20,9.340e-3,9.661e+0,6.284e-1,1.069e-9,1.399e-19,2.438e-22,8.096e-19,9.792e-17,4.969e-3,2.407e+1,3.012e-1,4.377e-3,3.368e+1,,4.301e+1,,,1.625e+0,,,5.026e-3,,1.313e-18,,6.862e-19,,1.698e-2,,6.790e-18,,8.236e-19,2.180e-16
529.08,1.162e+2,2.910e-6,7.122e-12,6.994e-30,2.780e-34,,,7.548e-18,1.374e-13,,2.458e-15,7.262e-19,1.104e-24,9.786e-18,1.535e-20,5.589e-22,1.440e-20,3.762e-26,,3.597e-6,1.084e-5,1.382e-20,5.128e-1,,4.233e-9,7.606e-1,,9.141e-20,1.012e-2,8.765e+0,6.371e-1,1.021e-9,1.399e-19,2.437e-22,8.134e-19,9.781e-17,5.425e-3,2.422e+1,3.264e-1,3.488e-3,3.485e+1,,4.452e+1,,,1.585e+0,,,5.830e-3,,1.313e-18,,6.861e-19,,1.935e-2,,6.786e-18,,8.258e-19,2.180e-16
529.11,1.190e+2,3.978e-6,6.500e-12,4.779e-30,2.780e-34,,,7.538e-18,7.910e-14,,2.458e-15,7.283e-19,1.105e-24,9.785e-18,1.532e-20,8.786e-22,1.439e-20,3.761e-26,,2.348e-6,1.509e-5,1.640e-20,4.301e-1,,3.249e-9,8.733e-1,,9.154e-20,1.137e-2,7.536e+0,6.470e-1,9.703e-10,1.399e-19,2.436e-22,8.191e-19,9.765e-17,6.429e-3,2.436e+1,3.664e-1,2.469e-3,3.654e+1,,4.665e+1,,,1.530e+0,,,7.246e-3,,1.313e-18,,6.861e-19,,2.344e-2,,6.781e-18,,8.292e-19,2.180e-16
529.13,1.207e+2,4.883e-6,6.095e-12,3.695e-30,2.780e-34,,,7.531e-18,5.456e-14,,2.457e-15,7.297e-19,1.105e-24,9.785e-18,1.530e-20,1.184e-21,1.439e-20,3.760e-26,,1.760e-6,1.876e-5,1.834e-20,3.812e-1,,2.714e-9,9.544e-1,,9.162e-20,1.225e-2,6.791e+0,6.515e-1,9.511e-10,1.400e-19,2.436e-22,8.230e-19,9.754e-17,7.332e-3,2.440e+1,3.945e-1,1.954e-3,3.761e+1,,4.797e+1,,,1.498e+0,,,8.347e-3,,1.314e-18,,6.860e-19,,2.655e-2,,6.777e-18,,8.315e-19,2.181e-16
529.16,1.231e+2,6.609e-6,5.506e-12,2.498e-30,2.780e-34,,,7.521e-18,3.110e-14,,2.457e-15,7.318e-19,1.106e-24,9.785e-18,1.527e-20,1.842e-21,1.439e-20,3.759e-26,,1.137e-6,2.586e-5,2.161e-20,3.165e-1,,2.062e-9,1.085e+0,,9.175e-20,1.366e-2,5.779e+0,6.548e-1,9.440e-10,1.400e-19,2.435e-22,8.287e-19,9.737e-17,9.082e-3,2.438e+1,4.383e-1,1.369e-3,3.913e+1,,4.977e+1,,,1.454e+0,,,1.027e-2,,1.314e-18,,6.859e-19,,3.186e-2,,6.772e-18,,8.349e-19,2.181e-16
529.18,1.245e+2,8.059e-6,5.127e-12,1.918e-30,2.780e-34,,,7.514e-18,2.130e-14,,2.457e-15,7.332e-19,1.107e-24,9.785e-18,1.525e-20,2.465e-21,1.439e-20,3.758e-26,,8.468e-7,3.192e-5,2.403e-20,2.786e-1,,1.711e-9,1.178e+0,,9.184e-20,1.465e-2,5.171e+0,6.549e-1,9.534e-10,1.400e-19,2.435e-22,8.325e-19,9.726e-17,1.055e-2,2.433e+1,4.686e-1,1.076e-3,4.007e+1,,5.084e+1,,,1.428e+0,,,1.175e-2,,1.314e-18,,6.859e-19,,3.586e-2,,6.768e-18,,8.371e-19,2.181e-16
529.21,1.264e+2,1.080e-5,4.585e-12,1.284e-30,2.780e-34,,,7.504e-18,1.202e-14,,2.456e-15,7.353e-19,1.108e-24,9.785e-18,1.522e-20,3.797e-21,1.438e-20,3.756e-26,,5.414e-7,4.355e-5,2.809e-20,2.289e-1,,1.286e-9,1.325e+0,,9.197e-20,1.621e-2,4.356e+0,6.516e-1,9.889e-10,1.400e-19,2.434e-22,8.383e-19,9.710e-17,1.326e-2,2.420e+1,5.153e-1,7.462e-4,4.137e+1,,5.223e+1,,,1.391e+0,,,1.431e-2,,1.314e-18,,6.858e-19,,4.262e-2,,6.762e-18,,8.405e-19,2.182e-16
529.23,1.274e+2,1.308e-5,4.240e-12,9.790e-31,2.780e-34,,,7.497e-18,8.176e-15,,2.456e-15,7.367e-19,1.108e-24,9.785e-18,1.520e-20,5.047e-21,1.438e-20,3.756e-26,,4.004e-7,5.339e-5,3.109e-20,2.001e-1,,1.060e-9,1.429e+0,,9.205e-20,1.730e-2,3.871e+0,6.472e-1,1.027e-9,1.400e-19,2.433e-22,8.421e-19,9.699e-17,1.545e-2,2.409e+1,5.472e-1,5.826e-4,4.216e+1,,5.301e+1,,,1.369e+0,,,1.626e-2,,1.314e-18,,6.858e-19,,4.767e-2,,6.759e-18,,8.428e-19,2.182e-16
529.26,1.287e+2,1.734e-5,3.753e-12,6.485e-31,2.780e-34,,,7.487e-18,4.564e-15,,2.455e-15,7.388e-19,1.109e-24,9.784e-18,1.517e-20,7.696e-21,1.438e-20,3.754e-26,,2.533e-7,7.210e-5,3.606e-20,1.627e-1,,7.887e-10,1.591e+0,,9.218e-20,1.901e-2,3.227e+0,6.374e-1,1.104e-9,1.400e-19,2.432e-22,8.478e-19,9.683e-17,1.943e-2,2.391e+1,5.957e-1,3.998e-4,4.322e+1,,5.394e+1,,,1.337e+0,,,1.960e-2,,1.314e-18,,6.857e-19,,5.615e-2,,6.753e-18,,8.462e-19,2.182e-16
529.28,1.294e+2,2.086e-5,3.447e-12,4.911e-31,2.780e-34,,,7.480e-18,3.084e-15,,2.455e-15,7.401e-19,1.110e-24,9.784e-18,1.515e-20,1.016e-20,1.438e-20,3.753e-26,,1.861e-7,8.780e-5,3.971e-20,1.413e-1,,6.454e-10,1.704e+0,,9.227e-20,2.019e-2,2.849e+0,6.288e-1,1.170e-9,1.401e-19,2.432e-22,8.516e-19,9.672e-17,2.259e-2,2.378e+1,6.282e-1,3.100e-4,4.385e+1,,5.439e+1,,,1.317e+0,,,2.213e-2,,1.315e-18,,6.856e-19,,6.243e-2,,6.750e-18,,8.484e-19,2.182e-16
529.31,1.301e+2,2.739e-5,3.020e-12,3.220e-31,2.779e-34,,,7.469e-18,1.704e-15,,2.455e-15,7.422e-19,1.111e-24,9.784e-18,1.511e-20,1.534e-20,1.437e-20,3.752e-26,,1.165e-7,1.174e-4,4.569e-20,1.137e-1,,4.754e-10,1.879e+0,,9.240e-20,2.202e-2,2.351e+0,6.131e-1,1.289e-9,1.401e-19,2.431e-22,8.574e-19,9.655e-17,2.823e-2,2.361e+1,6.769e-1,2.105e-4,4.465e+1,,5.482e+1,,,1.286e+0,,,2.640e-2,,1.315e-18,,6.856e-19,,7.288e-2,,6.744e-18,,8.518e-19,2.183e-16
529.33,1.304e+2,3.272e-5,2.755e-12,2.422e-31,2.779e-34,,,7.463e-18,1.143e-15,,2.454e-15,7.436e-19,1.111e-24,9.784e-18,1.509e-20,2.011e-20,1.437e-20,3.751e-26,,8.501e-8,1.420e-4,5.005e-20,9.809e-2,,3.864e-10,1.999e+0,,9.248e-20,2.328e-2,2.061e+0,6.008e-1,1.383e-9,1.401e-19,2.431e-22,8.612e-19,9.644e-17,3.266e-2,2.351e+1,7.091e-1,1.621e-4,4.509e+1,,5.494e+1,,,1.266e+0,,,2.960e-2,,1.315e-18,,6.855e-19,,8.057e-2,,6.741e-18,,8.541e-19,2.183e-16
529.36,1.306e+2,4.252e-5,2.389e-12,1.571e-31,2.779e-34,,,7.452e-18,6.253e-16,,2.454e-15,7.457e-19,1.112e-24,9.784e-18,1.506e-20,3.005e-20,1.437e-20,3.750e-26,,5.269e-8,1.879e-4,5.714e-20,7.815e-2,,2.817e-10,2.182e+0,,9.261e-20,2.522e-2,1.683e+0,5.798e-1,1.544e-9,1.401e-19,2.430e-22,8.669e-19,9.628e-17,4.046e-2,2.342e+1,7.562e-1,1.090e-4,4.562e+1,,5.486e+1,,,1.235e+0,,,3.496e-2,,1.315e-18,,6.854e-19,,9.325e-2,,6.735e-18,,8.575e-19,2.183e-16
529.38,1.306e+2,5.046e-5,2.164e-12,1.174e-31,2.779e-34,,,7.446e-18,4.167e-16,,2.454e-15,7.471e-19,1.113e-24,9.784e-18,1.504e-20,3.913e-20,1.437e-20,3.749e-26,,3.817e-8,2.257e-4,6.226e-20,6.693e-2,,2.274e-10,2.306e+0,,9.270e-20,2.654e-2,1.466e+0,5.644e-1,1.665e-9,1.401e-19,2.429e-22,8.708e-19,9.617e-17,4.653e-2,2.341e+1,7.868e-1,8.335e-5,4.589e+1,,5.465e+1,,,1.213e+0,,,3.893e-2,,1.315e-18,,6.854e-19,,1.025e-1,,6.731e-18,,8.597e-19,2.183e-16
529.4,1.304e+2,5.972e-5,1.956e-12,8.743e-32,2.779e-34,,,7.439e-18,2.769e-16,,2.453e-15,7.485e-19,1.114e-24,9.784e-18,1.502e-20,5.083e-20,1.436e-20,3.748e-26,,2.758e-8,2.704e-4,6.769e-20,5.717e-2,,1.830e-10,2.430e+0,,9.279e-20,2.787e-2,1.273e+0,5.479e-1,1.796e-9,1.401e-19,2.429e-22,8.746e-19,9.606e-17,5.336e-2,2.345e+1,8.163e-1,6.357e-5,4.608e+1,,5.430e+1,,,1.191e+0,,,4.323e-2,,1.315e-18,,6.853e-19,,1.124e-1,,6.728e-18,,8.620e-19,2.184e-16
529.43,1.299e+2,7.650e-5,1.672e-12,5.592e-32,2.779e-34,,,7.428e-18,1.493e-16,,2.453e-15,7.506e-19,1.115e-24,9.783e-18,1.499e-20,7.487e-20,1.436e-20,3.747e-26,,1.685e-8,3.527e-4,7.643e-20,4.490e-2,,1.315e-10,2.615e+0,,9.291e-20,2.991e-2,1.025e+0,5.215e-1,2.013e-9,1.402e-19,2.428e-22,8.803e-19,9.589e-17,6.522e-2,2.362e+1,8.582e-1,4.212e-5,4.624e+1,,5.356e+1,,,1.155e+0,,,5.034e-2,,1.316e-18,,6.853e-19,,1.287e-1,,6.722e-18,,8.654e-19,2.184e-16
529.45,1.295e+2,8.993e-5,1.500e-12,4.137e-32,2.779e-34,,,7.422e-18,9.851e-17,,2.453e-15,7.520e-19,1.115e-24,9.783e-18,1.497e-20,9.660e-20,1.436e-20,3.746e-26,,1.209e-8,4.197e-4,8.265e-20,3.809e-2,,1.051e-10,2.737e+0,,9.300e-20,3.128e-2,8.836e-1,5.029e-1,2.171e-9,1.402e-19,2.427e-22,8.841e-19,9.578e-17,7.431e-2,2.381e+1,8.844e-1,3.190e-5,4.625e+1,,5.292e+1,,,1.130e+0,,,5.552e-2,,1.316e-18,,6.852e-19,,1.404e-1,,6.719e-18,,8.676e-19,2.184e-16
529.48,1.287e+2,1.140e-4,1.269e-12,2.619e-32,2.779e-34,,,7.411e-18,5.255e-17,,2.452e-15,7.541e-19,1.116e-24,9.783e-18,1.494e-20,1.409e-19,1.436e-20,3.744e-26,,7.309e-9,5.420e-4,9.257e-20,2.960e-2,,7.478e-11,2.917e+0,,9.313e-20,3.334e-2,7.040e-1,4.741e-1,2.427e-9,1.402e-19,2.427e-22,8.899e-19,9.562e-17,8.991e-2,2.425e+1,9.204e-1,2.092e-5,4.615e+1,,5.177e+1,,,1.091e+0,,,6.399e-2,,1.316e-18,,6.851e-19,,1.595e-1,,6.713e-18,,8.710e-19,2.185e-16
529.5,1.280e+2,1.331e-4,1.131e-12,1.924e-32,2.778e-34,,,7.404e-18,3.444e-17,,2.452e-15,7.555e-19,1.117e-24,9.783e-18,1.492e-20,1.805e-19,1.435e-20,3.743e-26,,5.208e-9,6.405e-4,9.956e-20,2.494e-2,,5.937e-11,3.032e+0,,9.321e-20,3.472e-2,6.030e-1,4.543e-1,2.609e-9,1.402e-19,2.426e-22,8.937e-19,9.551e-17,1.018e-1,2.466e+1,9.419e-1,1.574e-5,4.600e+1,,5.089e+1,,,1.063e+0,,,7.010e-2,,1.316e-18,,6.851e-19,,1.732e-1,,6.710e-18,,8.733e-19,2.185e-16
529.53,1.270e+2,1.671e-4,9.470e-13,1.205e-32,2.778e-34,,,7.394e-18,1.818e-17,,2.451e-15,7.575e-19,1.118e-24,9.783e-18,1.489e-20,2.605e-19,1.435e-20,3.742e-26,,3.117e-9,8.188e-4,1.106e-19,1.919e-2,,4.179e-11,3.199e+0,,9.334e-20,3.677e-2,4.756e-1,4.242e-1,2.900e-9,1.402e-19,2.425e-22,8.994e-19,9.535e-17,1.219e-1,2.544e+1,9.703e-1,1.022e-5,4.566e+1,,4.940e+1,,,1.019e+0,,,7.996e-2,,1.316e-18,,6.850e-19,,1.953e-1,,6.704e-18,,8.766e-19,2.185e-16
529.55,1.264e+2,1.938e-4,8.384e-13,8.795e-33,2.778e-34,,,7.387e-18,1.184e-17,,2.451e-15,7.589e-19,1.118e-24,9.783e-18,1.487e-20,3.316e-19,1.435e-20,3.741e-26,,2.206e-9,9.611e-4,1.183e-19,1.605e-2,,3.296e-11,3.304e+0,,9.343e-20,3.813e-2,4.046e-1,4.040e-1,3.104e-9,1.403e-19,2.425e-22,9.033e-19,9.524e-17,1.370e-1,2.609e+1,9.863e-1,7.631e-6,4.536e+1,,4.833e+1,,,9.882e-1,,,8.701e-2,,1.316e-18,,6.849e-19,,2.111e-1,,6.700e-18,,8.789e-19,2.185e-16
529.58,1.253e+2,2.408e-4,6.948e-13,5.454e-33,2.778e-34,,,7.377e-18,6.185e-18,,2.451e-15,7.610e-19,1.119e-24,9.782e-18,1.484e-20,4.737e-19,1.435e-20,3.740e-26,,1.306e-9,1.216e-3,1.303e-19,1.223e-2,,2.296e-11,3.450e+0,,9.356e-20,4.013e-2,3.158e-1,3.739e-1,3.425e-9,1.403e-19,2.424e-22,9.090e-19,9.507e-17,1.624e-1,2.727e+1,1.006e+0,4.903e-6,4.479e+1,,4.660e+1,,,9.405e-1,,,9.824e-2,,1.317e-18,,6.849e-19,,2.366e-1,,6.695e-18,,8.823e-19,2.186e-16
529.6,1.246e+2,2.773e-4,6.109e-13,3.952e-33,2.778e-34,,,7.370e-18,3.998e-18,,2.450e-15,7.624e-19,1.120e-24,9.782e-18,1.482e-20,5.989e-19,1.434e-20,3.739e-26,,9.182e-10,1.418e-3,1.386e-19,1.016e-2,,1.798e-11,3.540e+0,,9.364e-20,4.144e-2,2.668e-1,3.540e-1,3.648e-9,1.403e-19,2.423e-22,9.128e-19,9.496e-17,1.814e-1,2.819e+1,1.015e+0,3.638e-6,4.435e+1,,4.539e+1,,,9.076e-1,,,1.062e-1,,1.317e-18,,6.848e-19,,2.548e-1,,6.691e-18,,8.845e-19,2.186e-16
529.63,1.236e+2,3.410e-4,5.011e-13,2.425e-33,2.778e-34,,,7.360e-18,2.068e-18,,2.450e-15,7.645e-19,1.121e-24,9.782e-18,1.479e-20,8.470e-19,1.434e-20,3.738e-26,,5.383e-10,1.776e-3,1.514e-19,7.657e-3,,1.240e-11,3.660e+0,,9.377e-20,4.335e-2,2.061e-1,3.250e-1,3.993e-9,1.403e-19,2.423e-22,9.185e-19,9.480e-17,2.128e-1,2.979e+1,1.025e+0,2.313e-6,4.358e+1,,4.353e+1,,,8.568e-1,,,1.187e-1,,1.317e-18,,6.847e-19,,2.839e-1,,6.686e-18,,8.879e-19,2.186e-16
529.65,1.230e+2,3.901e-4,4.376e-13,1.746e-33,2.778e-34,,,7.353e-18,1.328e-18,,2.450e-15,7.659e-19,1.121e-24,9.782e-18,1.476e-20,1.064e-18,1.434e-20,3.737e-26,,3.757e-10,2.056e-3,1.601e-19,6.320e-3,,9.645e-12,3.730e+0,,9.386e-20,4.458e-2,1.730e-1,3.062e-1,4.230e-9,1.403e-19,2.422e-22,9.224e-19,9.469e-17,2.360e-1,3.100e+1,1.027e+0,1.704e-6,4.300e+1,,4.226e+1,,,8.223e-1,,,1.274e-1,,1.317e-18,,6.847e-19,,3.046e-1,,6.682e-18,,8.902e-19,2.187e-16
529.68,1.222e+2,4.749e-4,3.552e-13,1.060e-33,2.778e-34,,,7.343e-18,6.794e-19,,2.449e-15,7.680e-19,1.122e-24,9.782e-18,1.473e-20,1.489e-18,1.434e-20,3.735e-26,,2.180e-10,2.550e-3,1.734e-19,4.714e-3,,6.583e-12,3.818e+0,,9.399e-20,4.635e-2,1.323e-1,2.792e-1,4.591e-9,1.403e-19,2.421e-22,9.281e-19,9.452e-17,2.742e-1,3.302e+1,1.026e+0,1.072e-6,4.204e+1,,4.034e+1,,,7.697e-1,,,1.409e-1,,1.317e-18,,6.846e-19,,3.377e-1,,6.677e-18,,8.936e-19,2.187e-16
529.7,1.218e+2,5.396e-4,3.081e-13,7.578e-34,2.777e-34,,,7.336e-18,4.332e-19,,2.449e-15,7.694e-19,1.123e-24,9.782e-18,1.471e-20,1.857e-18,1.433e-20,3.734e-26,,1.511e-10,2.932e-3,1.824e-19,3.864e-3,,5.085e-12,3.865e+0,,9.407e-20,4.748e-2,1.102e-1,2.621e-1,4.835e-9,1.404e-19,2.421e-22,9.319e-19,9.441e-17,3.020e-1,3.451e+1,1.022e+0,7.849e-7,4.135e+1,,3.906e+1,,,7.343e-1,,,1.502e-1,,1.317e-18,,6.846e-19,,3.613e-1,,6.673e-18,,8.958e-19,2.187e-16
529.73,1.213e+2,6.503e-4,2.476e-13,4.556e-34,2.777e-34,,,7.326e-18,2.194e-19,,2.449e-15,7.714e-19,1.124e-24,9.781e-18,1.468e-20,2.573e-18,1.433e-20,3.733e-26,,8.677e-11,3.599e-3,1.958e-19,2.853e-3,,3.435e-12,3.917e+0,,9.420e-20,4.907e-2,8.343e-2,2.378e-1,5.203e-9,1.404e-19,2.420e-22,9.377e-19,9.425e-17,3.473e-1,3.694e+1,1.011e+0,4.888e-7,4.023e+1,,3.718e+1,,,6.812e-1,,,1.645e-1,,1.318e-18,,6.845e-19,,3.989e-1,,6.668e-18,,8.992e-19,2.187e-16
529.75,1.210e+2,7.339e-4,2.133e-13,3.234e-34,2.777e-34,,,7.319e-18,1.390e-19,,2.448e-15,7.728e-19,1.125e-24,9.781e-18,1.466e-20,3.188e-18,1.433e-20,3.732e-26,,5.974e-11,4.111e-3,2.047e-19,2.323e-3,,2.635e-12,3.939e+0,,9.429e-20,5.006e-2,6.905e-2,2.227e-1,5.448e-9,1.404e-19,2.419e-22,9.415e-19,9.414e-17,3.799e-1,3.869e+1,9.999e-1,3.553e-7,3.943e+1,,3.596e+1,,,6.460e-1,,,1.742e-1,,1.318e-18,,6.844e-19,,4.256e-1,,6.664e-18,,9.015e-19,2.188e-16
529.77,1.208e+2,8.259e-4,1.832e-13,2.289e-34,2.777e-34,,,7.312e-18,8.775e-20,,2.448e-15,7.742e-19,1.125e-24,9.781e-18,1.464e-20,3.938e-18,1.433e-20,3.731e-26,,4.101e-11,4.684e-3,2.135e-19,1.886e-3,,2.016e-12,3.951e+0,,9.437e-20,5.098e-2,5.700e-2,2.085e-1,5.691e-9,1.404e-19,2.419e-22,9.453e-19,9.403e-17,4.144e-1,4.053e+1,9.863e-1,2.575e-7,3.859e+1,,3.477e+1,,,6.111e-1,,,1.839e-1,,1.318e-18,,6.844e-19,,4.536e-1,,6.660e-18,,9.037e-19,2.188e-16
529.8,1.207e+2,9.812e-4,1.451e-13,1.357e-34,2.777e-34,,,7.302e-18,4.381e-20,,2.448e-15,7.763e-19,1.126e-24,9.781e-18,1.461e-20,5.381e-18,1.432e-20,3.730e-26,,2.321e-11,5.667e-3,2.264e-19,1.372e-3,,1.343e-12,3.949e+0,,9.450e-20,5.225e-2,4.252e-2,1.890e-1,6.048e-9,1.404e-19,2.418e-22,9.510e-19,9.387e-17,4.698e-1,4.343e+1,9.614e-1,1.581e-7,3.727e+1,,3.306e+1,,,5.596e-1,,,1.986e-1,,1.318e-18,,6.843e-19,,4.985e-1,,6.655e-18,,9.071e-19,2.188e-16
529.82,1.207e+2,1.097e-3,1.238e-13,9.538e-35,2.777e-34,,,7.295e-18,2.748e-20,,2.447e-15,7.777e-19,1.127e-24,9.781e-18,1.459e-20,6.603e-18,1.432e-20,3.729e-26,,1.583e-11,6.412e-3,2.348e-19,1.107e-3,,1.020e-12,3.935e+0,,9.459e-20,5.301e-2,3.486e-2,1.772e-1,6.281e-9,1.404e-19,2.418e-22,9.549e-19,9.376e-17,5.091e-1,4.545e+1,9.419e-1,1.138e-7,3.635e+1,,3.197e+1,,,5.260e-1,,,2.083e-1,,1.318e-18,,6.843e-19,,5.303e-1,,6.651e-18,,9.094e-19,2.188e-16
529.85,1.208e+2,1.290e-3,9.706e-14,5.593e-35,2.777e-34,,,7.285e-18,1.358e-20,,2.447e-15,7.798e-19,1.128e-24,9.781e-18,1.456e-20,8.930e-18,1.432e-20,3.728e-26,,8.866e-12,7.680e-3,2.467e-19,7.971e-4,,6.723e-13,3.895e+0,,9.472e-20,5.400e-2,2.574e-2,1.615e-1,6.617e-9,1.405e-19,2.417e-22,9.606e-19,9.359e-17,5.713e-1,4.859e+1,9.088e-1,6.915e-8,3.491e+1,,3.043e+1,,,4.771e-1,,,2.226e-1,,1.318e-18,,6.842e-19,,5.813e-1,,6.646e-18,,9.128e-19,2.189e-16
529.87,1.210e+2,1.432e-3,8.224e-14,3.906e-35,2.777e-34,,,7.278e-18,8.456e-21,,2.447e-15,7.812e-19,1.128e-24,9.781e-18,1.454e-20,1.088e-17,1.432e-20,3.727e-26,,6.004e-12,8.631e-3,2.543e-19,6.383e-4,,5.074e-13,3.856e+0,,9.480e-20,5.456e-2,2.096e-2,1.522e-1,6.831e-9,1.405e-19,2.416e-22,9.644e-19,9.348e-17,6.148e-1,5.073e+1,8.844e-1,4.944e-8,3.392e+1,,2.947e+1,,,4.456e-1,,,2.318e-1,,1.318e-18,,6.841e-19,,6.174e-1,,6.642e-18,,9.150e-19,2.189e-16
529.9,1.214e+2,1.667e-3,6.382e-14,2.267e-35,2.777e-34,,,7.268e-18,4.135e-21,,2.446e-15,7.833e-19,1.129e-24,9.780e-18,1.451e-20,1.457e-17,1.431e-20,3.725e-26,,3.328e-12,1.023e-2,2.648e-19,4.551e-4,,3.309e-13,3.779e+0,,9.493e-20,5.525e-2,1.532e-2,1.402e-1,7.133e-9,1.405e-19,2.416e-22,9.702e-19,9.332e-17,6.829e-1,5.399e+1,8.446e-1,2.973e-8,3.239e+1,,2.813e+1,,,4.002e-1,,,2.452e-1,,1.319e-18,,6.841e-19,,6.752e-1,,6.637e-18,,9.184e-19,2.189e-16
529.92,1.216e+2,1.838e-3,5.371e-14,1.572e-35,2.776e-34,,,7.261e-18,1.363e-21,,2.446e-15,7.847e-19,1.130e-24,9.780e-18,1.449e-20,1.764e-17,1.431e-20,3.724e-26,,2.238e-12,1.142e-2,2.713e-19,3.620e-4,,2.480e-13,3.717e+0,,9.502e-20,5.559e-2,1.239e-2,1.335e-1,7.321e-9,1.405e-19,2.415e-22,9.740e-19,9.321e-17,7.300e-1,5.616e+1,8.163e-1,2.111e-8,3.134e+1,,2.731e+1,,,3.714e-1,,,2.537e-1,,1.319e-18,,6.840e-19,,7.162e-1,,6.633e-18,,9.207e-19,2.190e-16
529.95,1.221e+2,2.118e-3,4.125e-14,9.031e-36,2.776e-34,,,7.251e-18,1.365e-21,,2.445e-15,7.868e-19,1.131e-24,9.780e-18,1.446e-20,2.337e-17,1.431e-20,3.723e-26,,1.228e-12,1.340e-2,2.799e-19,2.554e-4,,1.601e-13,3.608e+0,,9.515e-20,5.595e-2,8.961e-3,1.252e-1,7.577e-9,1.405e-19,2.414e-22,9.797e-19,9.304e-17,8.026e-1,5.940e+1,7.716e-1,1.256e-8,2.974e+1,,2.617e+1,,,3.303e-1,,,2.656e-1,,1.319e-18,,6.839e-19,,7.816e-1,,6.627e-18,,9.241e-19,2.190e-16
529.97,1.224e+2,2.320e-3,3.448e-14,6.219e-36,2.776e-34,,,7.244e-18,1.366e-21,,2.445e-15,7.881e-19,1.131e-24,9.780e-18,1.444e-20,2.810e-17,1.431e-20,3.722e-26,,8.203e-13,1.486e-2,2.850e-19,2.018e-4,,1.192e-13,3.526e+0,,9.523e-20,5.607e-2,7.197e-3,1.209e-1,7.730e-9,1.405e-19,2.414e-22,9.835e-19,9.293e-17,8.521e-1,6.151e+1,7.407e-1,8.859e-9,2.866e+1,,2.548e+1,,,3.045e-1,,,2.730e-1,,1.319e-18,,6.839e-19,,8.280e-1,,6.624e-18,,9.263e-19,2.190e-16
530,1.228e+2,2.646e-3,2.621e-14,3.536e-36,2.776e-34,,,7.233e-18,1.368e-21,,2.445e-15,7.902e-19,1.132e-24,9.780e-18,1.440e-20,3.687e-17,1.430e-20,3.721e-26,,4.455e-13,1.726e-2,2.913e-19,1.409e-4,,7.616e-14,3.390e+0,,9.536e-20,5.608e-2,5.153e-3,1.161e-1,7.931e-9,1.406e-19,2.413e-22,9.893e-19,9.277e-17,9.274e-1,6.458e+1,6.930e-1,5.219e-9,2.702e+1,,2.454e+1,,,2.682e-1,,,2.829e-1,,1.319e-18,,6.838e-19,,9.019e-1,,6.618e-18,,9.297e-19,2.190e-16
530.02,1.230e+2,2.878e-3,2.176e-14,2.419e-36,2.776e-34,,,7.227e-18,1.369e-21,,2.444e-15,7.916e-19,1.133e-24,9.780e-18,1.438e-20,4.403e-17,1.430e-20,3.720e-26,,2.955e-13,1.901e-2,2.948e-19,1.106e-4,,5.631e-14,3.292e+0,,9.545e-20,5.596e-2,4.110e-3,1.140e-1,8.044e-9,1.406e-19,2.412e-22,9.931e-19,9.266e-17,9.779e-1,6.653e+1,6.607e-1,3.655e-9,2.592e+1,,2.397e+1,,,2.456e-1,,,2.887e-1,,1.319e-18,,6.838e-19,,9.541e-1,,6.615e-18,,9.320e-19,2.191e-16
530.05,1.233e+2,3.249e-3,1.637e-14,1.361e-36,2.776e-34,,,7.216e-18,1.371e-21,,2.444e-15,7.937e-19,1.134e-24,9.779e-18,1.435e-20,5.717e-17,1.430e-20,3.719e-26,,1.588e-13,2.186e-2,2.985e-19,7.643e-5,,3.561e-14,3.135e+0,,9.558e-20,5.561e-2,2.914e-3,1.124e-1,8.180e-9,1.406e-19,2.412e-22,9.988e-19,9.250e-17,1.054e+0,6.929e+1,6.119e-1,2.132e-9,2.426e+1,,2.319e+1,,,2.141e-1,,,2.962e-1,,1.320e-18,,6.837e-19,,1.037e+0,,6.609e-18,,9.353e-19,2.191e-16
530.07,1.234e+2,3.511e-3,1.350e-14,9.246e-37,2.776e-34,,,7.210e-18,1.372e-21,,2.444e-15,7.951e-19,1.135e-24,9.779e-18,1.433e-20,6.782e-17,1.430e-20,3.718e-26,,1.046e-13,2.391e-2,3.001e-19,5.955e-5,,2.614e-14,3.026e+0,,9.566e-20,5.526e-2,2.308e-3,1.123e-1,8.247e-9,1.406e-19,2.411e-22,1.003e-18,9.239e-17,1.103e+0,7.099e+1,5.795e-1,1.484e-9,2.316e+1,,2.271e+1,,,1.948e-1,,,3.003e-1,,1.320e-18,,6.836e-19,,1.095e+0,,6.606e-18,,9.376e-19,2.191e-16
530.1,1.233e+2,3.923e-3,1.005e-14,5.149e-37,2.776e-34,,,7.199e-18,1.374e-21,,2.443e-15,7.972e-19,1.135e-24,9.779e-18,1.430e-20,8.717e-17,1.429e-20,3.716e-26,,5.566e-14,2.721e-2,3.011e-19,4.075e-5,,1.636e-14,2.855e+0,,9.579e-20,5.456e-2,1.620e-3,1.135e-1,8.313e-9,1.406e-19,2.410e-22,1.008e-18,9.222e-17,1.177e+0,7.329e+1,5.312e-1,8.578e-10,2.153e+1,,2.207e+1,,,1.681e-1,,,3.049e-1,,1.320e-18,,6.836e-19,,1.188e+0,,6.600e-18,,9.410e-19,2.192e-16
530.12,1.231e+2,4.211e-3,8.232e-15,3.474e-37,2.775e-34,,,7.192e-18,1.375e-21,,2.443e-15,7.986e-19,1.136e-24,9.779e-18,1.428e-20,1.027e-16,1.429e-20,3.715e-26,,3.641e-14,2.956e-2,3.008e-19,3.153e-5,,1.193e-14,2.738e+0,,9.588e-20,5.398e-2,1.276e-3,1.151e-1,8.333e-9,1.406e-19,2.410e-22,1.012e-18,9.211e-17,1.224e+0,7.465e+1,4.996e-1,5.946e-10,2.045e+1,,2.167e+1,,,1.519e-1,,,3.070e-1,,1.320e-18,,6.835e-19,,1.252e+0,,6.596e-18,,9.433e-19,2.192e-16
530.14,1.229e+2,4.507e-3,6.722e-15,2.337e-37,2.775e-34,,,7.186e-18,1.376e-21,,2.443e-15,8.000e-19,1.137e-24,9.779e-18,1.426e-20,1.207e-16,1.429e-20,3.715e-26,,2.376e-14,3.202e-2,2.998e-19,2.433e-5,,8.678e-15,2.620e+0,,9.596e-20,5.330e-2,1.002e-3,1.173e-1,8.333e-9,1.407e-19,2.409e-22,1.016e-18,9.200e-17,1.270e+0,7.584e+1,4.686e-1,4.126e-10,1.939e+1,,2.130e+1,,,1.369e-1,,,3.082e-1,,1.320e-18,,6.835e-19,,1.319e+0,,6.593e-18,,9.455e-19,2.192e-16
530.17,1.222e+2,4.965e-3,4.935e-15,1.283e-37,2.775e-34,,,7.175e-18,1.378e-21,,2.442e-15,8.021e-19,1.138e-24,9.779e-18,1.423e-20,1.529e-16,1.429e-20,3.713e-26,,1.246e-14,3.593e-2,2.968e-19,1.641e-5,,5.354e-15,2.442e+0,,9.609e-20,5.213e-2,6.962e-4,1.216e-1,8.296e-9,1.407e-19,2.408e-22,1.022e-18,9.184e-17,1.335e+0,7.731e+1,4.234e-1,2.416e-10,1.782e+1,,2.078e+1,,,1.165e-1,,,3.086e-1,,1.320e-18,,6.834e-19,,1.424e+0,,6.587e-18,,9.489e-19,2.192e-16
530.19,1.215e+2,5.278e-3,4.002e-15,8.572e-38,2.775e-34,,,7.168e-18,1.379e-21,,2.442e-15,8.034e-19,1.138e-24,9.778e-18,1.421e-20,1.785e-16,1.428e-20,3.712e-26,,8.072e-15,3.867e-2,2.938e-19,1.258e-5,,3.867e-15,2.323e+0,,9.618e-20,5.125e-2,5.456e-4,1.251e-1,8.248e-9,1.407e-19,2.408e-22,1.026e-18,9.173e-17,1.375e+0,7.807e+1,3.945e-1,1.733e-10,1.681e+1,,2.046e+1,,,1.043e-1,,,3.077e-1,,1.321e-18,,6.833e-19,,1.496e+0,,6.584e-18,,9.512e-19,2.193e-16
530.22,1.203e+2,5.755e-3,2.908e-15,4.658e-38,2.775e-34,,,7.158e-18,1.381e-21,,2.442e-15,8.055e-19,1.139e-24,9.778e-18,1.418e-20,2.239e-16,1.428e-20,3.711e-26,,4.189e-15,4.294e-2,2.881e-19,8.396e-6,,2.361e-15,2.146e+0,,9.631e-20,4.977e-2,3.798e-4,1.310e-1,8.140e-9,1.407e-19,2.407e-22,1.031e-18,9.157e-17,1.431e+0,7.884e+1,3.528e-1,1.157e-10,1.532e+1,,1.999e+1,,,8.783e-2,,,3.049e-1,,1.321e-18,,6.833e-19,,1.608e+0,,6.578e-18,,9.545e-19,2.193e-16
530.24,1.193e+2,6.077e-3,2.343e-15,3.091e-38,2.775e-34,,,7.151e-18,1.382e-21,,2.441e-15,8.069e-19,1.140e-24,9.778e-18,1.416e-20,2.595e-16,1.428e-20,3.710e-26,,2.696e-15,4.590e-2,2.834e-19,6.391e-6,,1.694e-15,2.030e+0,,9.639e-20,4.869e-2,3.004e-4,1.354e-1,8.045e-9,1.407e-19,2.407e-22,1.035e-18,9.146e-17,1.465e+0,7.911e+1,3.264e-1,9.942e-11,1.437e+1,,1.969e+1,,,7.808e-2,,,3.020e-1,,1.321e-18,,6.832e-19,,1.685e+0,,6.575e-18,,9.568e-19,2.193e-16
530.27,1.174e+2,6.560e-3,1.685e-15,1.662e-38,2.775e-34,,,7.141e-18,1.384e-21,,2.441e-15,8.090e-19,1.141e-24,9.778e-18,1.413e-20,3.223e-16,1.428e-20,3.709e-26,,1.384e-15,5.046e-2,2.752e-19,4.223e-6,,1.024e-15,1.860e+0,,9.652e-20,4.695e-2,2.169e-4,1.424e-1,7.870e-9,1.408e-19,2.406e-22,1.041e-18,9.129e-17,1.509e+0,7.913e+1,2.890e-1,1.022e-10,1.299e+1,,1.925e+1,,,6.512e-2,,,2.962e-1,,1.321e-18,,6.831e-19,,1.802e+0,,6.569e-18,,9.602e-19,2.194e-16
530.29,1.160e+2,6.879e-3,1.348e-15,1.095e-38,2.775e-34,,,7.134e-18,1.385e-21,,2.441e-15,8.104e-19,1.141e-24,9.778e-18,1.411e-20,3.710e-16,1.427e-20,3.708e-26,,8.848e-16,5.357e-2,2.690e-19,3.193e-6,,7.293e-16,1.750e+0,,9.661e-20,4.572e-2,1.802e-4,1.473e-1,7.733e-9,1.408e-19,2.405e-22,1.045e-18,9.118e-17,1.533e+0,7.890e+1,2.656e-1,1.223e-10,1.212e+1,,1.896e+1,,,5.750e-2,,,2.914e-1,,1.321e-18,,6.831e-19,,1.882e+0,,6.565e-18,,9.624e-19,2.194e-16
530.32,1.135e+2,7.350e-3,9.595e-16,5.830e-39,2.774e-34,,,7.124e-18,1.387e-21,,2.440e-15,8.125e-19,1.142e-24,9.778e-18,1.408e-20,4.561e-16,1.427e-20,3.706e-26,,4.497e-16,5.830e-2,2.586e-19,2.088e-6,,4.362e-16,1.591e+0,,9.674e-20,4.376e-2,1.482e-4,1.548e-1,7.499e-9,1.408e-19,2.404e-22,1.050e-18,9.102e-17,1.563e+0,7.817e+1,2.328e-1,1.862e-10,1.086e+1,,1.854e+1,,,4.747e-2,,,2.829e-1,,1.321e-18,,6.830e-19,,2.002e+0,,6.560e-18,,9.658e-19,2.194e-16
530.34,1.117e+2,7.656e-3,7.624e-16,3.815e-39,2.774e-34,,,7.117e-18,1.388e-21,,2.440e-15,8.139e-19,1.143e-24,9.778e-18,1.405e-20,5.215e-16,1.427e-20,3.706e-26,,2.855e-16,6.147e-2,2.512e-19,1.568e-6,,3.086e-16,1.489e+0,,9.682e-20,4.239e-2,1.406e-4,1.600e-1,7.326e-9,1.408e-19,2.404e-22,1.054e-18,9.091e-17,1.578e+0,7.743e+1,2.124e-1,2.592e-10,1.007e+1,,1.826e+1,,,4.163e-2,,,2.764e-1,,1.322e-18,,6.830e-19,,2.083e+0,,6.556e-18,,9.681e-19,2.194e-16
530.37,1.087e+2,8.097e-3,5.372e-16,2.010e-39,2.774e-34,,,7.107e-18,1.390e-21,,2.439e-15,8.160e-19,1.144e-24,9.777e-18,1.402e-20,6.346e-16,1.427e-20,3.704e-26,,1.436e-16,6.621e-2,2.392e-19,1.015e-6,,1.827e-16,1.344e+0,,9.695e-20,4.027e-2,1.485e-4,1.676e-1,7.043e-9,1.408e-19,2.403e-22,1.060e-18,9.074e-17,1.593e+0,7.598e+1,1.843e-1,4.377e-10,8.945e+0,,1.784e+1,,,3.402e-2,,,2.656e-1,,1.322e-18,,6.829e-19,,2.203e+0,,6.551e-18,,9.715e-19,2.195e-16
530.39,1.065e+2,8.377e-3,4.239e-16,1.306e-39,2.774e-34,,,7.100e-18,1.391e-21,,2.439e-15,8.174e-19,1.145e-24,9.777e-18,1.400e-20,7.208e-16,1.426e-20,3.703e-26,,9.053e-17,6.934e-2,2.307e-19,7.566e-7,,1.284e-16,1.253e+0,,9.704e-20,3.882e-2,1.675e-4,1.726e-1,6.840e-9,1.408e-19,2.403e-22,1.064e-18,9.063e-17,1.597e+0,7.478e+1,1.671e-1,6.243e-10,8.242e+0,,1.756e+1,,,2.963e-2,,,2.578e-1,,1.322e-18,,6.828e-19,,2.281e+0,,6.547e-18,,9.737e-19,2.195e-16
530.42,1.029e+2,8.770e-3,2.956e-16,6.811e-40,2.774e-34,,,7.090e-18,1.393e-21,,2.439e-15,8.194e-19,1.145e-24,9.777e-18,1.397e-20,8.682e-16,1.426e-20,3.702e-26,,4.508e-17,7.394e-2,2.175e-19,4.847e-7,,7.524e-17,1.124e+0,,9.717e-20,3.659e-2,2.195e-4,1.799e-1,6.519e-9,1.409e-19,2.402e-22,1.070e-18,9.047e-17,1.596e+0,7.266e+1,1.434e-1,1.064e-9,7.257e+0,,1.715e+1,,,2.397e-2,,,2.452e-1,,1.322e-18,,6.828e-19,,2.396e+0,,6.542e-18,,9.771e-19,2.195e-16
530.44,1.004e+2,9.012e-3,2.317e-16,4.397e-40,2.774e-34,,,7.083e-18,1.394e-21,,2.438e-15,8.208e-19,1.146e-24,9.777e-18,1.395e-20,9.794e-16,2.293e-20,3.701e-26,,2.822e-17,7.691e-2,2.085e-19,3.590e-7,,5.251e-17,1.044e+0,,9.725e-20,3.508e-2,2.732e-4,1.846e-1,6.295e-9,1.409e-19,2.401e-22,1.073e-18,9.036e-17,1.589e+0,7.105e+1,1.291e-1,1.514e-9,6.646e+0,,1.688e+1,,,2.074e-2,,,2.364e-1,,1.322e-18,,6.827e-19,,2.470e+0,,6.538e-18,,9.794e-19,2.195e-16
530.47,9.641e+1,9.339e-3,1.599e-16,2.269e-40,2.774e-34,,,7.073e-18,1.396e-21,,2.438e-15,8.229e-19,1.147e-24,9.777e-18,1.392e-20,1.168e-15,4.652e-20,3.700e-26,,1.391e-17,8.118e-2,1.947e-19,2.276e-7,,3.045e-17,9.320e-1,,9.738e-20,3.280e-2,3.909e-4,1.912e-1,5.947e-9,1.409e-19,2.401e-22,1.079e-18,9.020e-17,1.571e+0,6.837e+1,1.098e-1,2.562e-9,5.797e+0,,1.650e+1,,,1.660e-2,,,2.226e-1,,1.322e-18,,6.826e-19,,2.576e+0,,6.533e-18,,9.828e-19,2.196e-16
530.49,9.365e+1,9.531e-3,1.245e-16,1.455e-40,2.774e-34,,,7.066e-18,1.397e-21,,2.438e-15,8.243e-19,1.148e-24,9.777e-18,1.390e-20,1.309e-15,7.431e-20,3.699e-26,,8.647e-18,8.387e-2,1.853e-19,1.674e-7,,2.111e-17,8.630e-1,,9.747e-20,3.128e-2,5.013e-4,1.953e-1,5.710e-9,1.409e-19,2.400e-22,1.083e-18,9.009e-17,1.554e+0,6.643e+1,9.814e-2,3.625e-9,5.276e+0,,1.625e+1,,,1.427e-2,,,2.131e-1,,1.322e-18,,6.826e-19,,2.642e+0,,6.529e-18,,9.850e-19,2.196e-16
530.51,9.083e+1,9.701e-3,9.664e-17,9.300e-41,2.774e-34,,,7.059e-18,1.398e-21,,2.437e-15,8.257e-19,1.148e-24,9.776e-18,1.388e-20,1.462e-15,1.184e-19,3.698e-26,,5.361e-18,8.641e-2,1.760e-19,1.228e-7,,1.459e-17,7.985e-1,,9.755e-20,2.977e-2,6.446e-4,1.991e-1,5.470e-9,1.409e-19,2.399e-22,1.087e-18,8.998e-17,1.533e+0,6.437e+1,8.752e-2,5.117e-9,4.790e+0,,1.601e+1,,,1.223e-2,,,2.034e-1,,1.323e-18,,6.825e-19,,2.705e+0,,6.525e-18,,9.873e-19,2.196e-16
530.54,8.649e+1,9.911e-3,6.576e-17,4.730e-41,2.773e-34,,,7.049e-18,1.400e-21,,2.437e-15,8.278e-19,1.149e-24,9.776e-18,1.385e-20,1.719e-15,2.368e-19,3.697e-26,,2.604e-18,8.991e-2,1.621e-19,7.677e-8,,8.341e-18,7.099e-1,,9.768e-20,2.752e-2,9.405e-4,2.043e-1,5.107e-9,1.409e-19,2.399e-22,1.093e-18,8.981e-17,1.495e+0,6.109e+1,7.333e-2,8.538e-9,4.124e+0,,1.568e+1,,,9.651e-3,,,1.888e-1,,1.323e-18,,6.825e-19,,2.790e+0,,6.520e-18,,9.907e-19,2.197e-16
530.56,8.356e+1,1.002e-2,5.070e-17,3.004e-41,2.773e-34,,,7.042e-18,1.401e-21,,2.437e-15,8.292e-19,1.150e-24,9.776e-18,1.383e-20,1.908e-15,3.747e-19,3.696e-26,,2.602e-18,9.201e-2,1.529e-19,5.593e-8,,5.726e-18,6.562e-1,,9.777e-20,2.604e-2,1.208e-3,2.074e-1,4.865e-9,1.410e-19,2.398e-22,1.096e-18,8.970e-17,1.465e+0,5.881e+1,6.494e-2,1.197e-8,3.721e+0,,1.547e+1,,,8.215e-3,,,1.791e-1,,1.323e-18,,6.824e-19,,2.840e+0,,6.516e-18,,9.929e-19,2.197e-16
530.59,7.912e+1,1.013e-2,3.415e-17,1.512e-41,2.773e-34,,,7.032e-18,1.403e-21,,2.436e-15,8.313e-19,1.151e-24,9.776e-18,1.380e-20,2.220e-15,7.422e-19,3.694e-26,,2.599e-18,9.477e-2,1.394e-19,3.460e-8,,3.240e-18,5.833e-1,,9.790e-20,2.387e-2,1.753e-3,2.115e-1,4.505e-9,1.410e-19,2.397e-22,1.102e-18,8.954e-17,1.413e+0,5.528e+1,5.386e-2,1.977e-8,3.174e+0,,1.520e+1,,,6.418e-3,,,1.645e-1,,1.323e-18,,6.823e-19,,2.906e+0,,6.511e-18,,9.963e-19,2.197e-16
530.61,7.617e+1,1.017e-2,2.616e-17,9.534e-42,2.773e-34,,,7.025e-18,1.404e-21,,2.436e-15,8.327e-19,1.151e-24,9.776e-18,1.378e-20,2.447e-15,1.166e-18,3.693e-26,,2.598e-18,9.633e-2,1.307e-19,2.503e-8,,2.209e-18,5.396e-1,,9.798e-20,2.246e-2,2.241e-3,2.138e-1,4.268e-9,1.410e-19,2.397e-22,1.106e-18,8.943e-17,1.375e+0,5.287e+1,4.738e-2,2.754e-8,2.846e+0,,1.504e+1,,,5.425e-3,,,1.550e-1,,1.323e-18,,6.823e-19,,2.942e+0,,6.507e-18,,9.986e-19,2.197e-16
530.64,7.177e+1,1.018e-2,1.745e-17,4.750e-42,2.773e-34,,,7.015e-18,1.406e-21,,2.436e-15,8.347e-19,1.152e-24,9.776e-18,1.375e-20,2.819e-15,2.287e-18,3.692e-26,,2.595e-18,9.821e-2,1.180e-19,1.533e-8,,1.237e-18,4.811e-1,,9.811e-20,2.041e-2,3.223e-3,2.168e-1,3.919e-9,1.410e-19,2.396e-22,1.112e-18,8.926e-17,1.314e+0,4.921e+1,3.889e-2,4.503e-8,2.406e+0,,1.484e+1,,,4.195e-3,,,1.409e-1,,1.323e-18,,6.822e-19,,2.985e+0,,6.502e-18,,1.002e-18,2.198e-16
530.66,6.888e+1,1.016e-2,1.329e-17,2.975e-42,2.773e-34,,,7.008e-18,1.407e-21,,2.435e-15,8.361e-19,1.153e-24,9.775e-18,1.373e-20,3.087e-15,3.571e-18,3.691e-26,,2.593e-18,9.915e-2,1.099e-19,1.102e-8,,8.375e-19,4.464e-1,,9.820e-20,1.910e-2,4.093e-3,2.185e-1,3.693e-9,1.410e-19,2.396e-22,1.115e-18,8.915e-17,1.270e+0,4.676e+1,3.398e-2,6.230e-8,2.144e+0,,1.473e+1,,,3.523e-3,,,1.318e-1,,1.324e-18,,6.821e-19,,3.005e+0,,6.498e-18,,1.004e-18,2.198e-16
530.69,6.464e+1,1.006e-2,8.807e-18,1.467e-42,2.773e-34,,,6.997e-18,1.409e-21,,2.435e-15,8.382e-19,1.154e-24,9.775e-18,1.369e-20,3.519e-15,6.931e-18,3.690e-26,,2.590e-18,1.001e-1,9.835e-20,6.676e-9,,4.642e-19,4.006e-1,,9.833e-20,1.720e-2,5.828e-3,2.207e-1,3.366e-9,1.410e-19,2.395e-22,1.121e-18,8.899e-17,1.200e+0,4.310e+1,2.761e-2,1.008e-7,1.798e+0,,1.462e+1,,,2.696e-3,,,1.187e-1,,1.324e-18,,6.821e-19,,3.023e+0,,6.492e-18,,1.008e-18,2.198e-16
530.71,6.190e+1,9.968e-3,6.696e-18,9.125e-43,2.773e-34,,,6.991e-18,1.410e-21,,2.434e-15,8.396e-19,1.154e-24,9.775e-18,1.367e-20,3.828e-15,1.075e-17,3.689e-26,,2.588e-18,1.003e-1,9.104e-20,4.764e-9,,3.122e-19,3.739e-1,,9.841e-20,1.600e-2,7.353e-3,2.220e-1,3.155e-9,1.411e-19,2.394e-22,1.125e-18,8.888e-17,1.152e+0,4.069e+1,2.396e-2,1.386e-7,1.594e+0,,1.457e+1,,,2.249e-3,,,1.103e-1,,1.324e-18,,6.820e-19,,3.025e+0,,6.489e-18,,1.010e-18,2.199e-16
530.74,5.792e+1,9.777e-3,4.473e-18,4.453e-43,2.772e-34,,,6.980e-18,1.412e-21,,2.434e-15,8.417e-19,1.155e-24,9.775e-18,1.364e-20,4.320e-15,2.065e-17,3.687e-26,,2.585e-18,1.002e-1,8.076e-20,2.858e-9,,1.713e-19,3.391e-1,,9.854e-20,1.429e-2,1.037e-2,2.236e-1,2.854e-9,1.411e-19,2.393e-22,1.131e-18,8.872e-17,1.079e+0,3.713e+1,1.927e-2,2.221e-7,1.328e+0,,1.455e+1,,,1.704e-3,,,9.824e-2,,1.324e-18,,6.819e-19,,3.016e+0,,6.483e-18,,1.013e-18,2.199e-16
530.76,5.538e+1,9.619e-3,3.467e-18,2.751e-43,2.772e-34,,,6.974e-18,1.413e-21,,2.434e-15,8.431e-19,1.156e-24,9.775e-18,1.362e-20,4.667e-15,3.182e-17,3.687e-26,,2.584e-18,9.982e-2,7.436e-20,2.026e-9,,1.144e-19,3.192e-1,,9.863e-20,1.321e-2,1.299e-2,2.247e-1,2.662e-9,1.411e-19,2.393e-22,1.135e-18,8.861e-17,1.028e+0,3.483e+1,1.661e-2,3.031e-7,1.174e+0,,1.456e+1,,,1.411e-3,,,9.066e-2,,1.324e-18,,6.819e-19,,3.001e+0,,6.480e-18,,1.015e-18,2.199e-16
530.79,5.175e+1,9.339e-3,2.491e-18,2.104e-42,2.772e-34,,,6.963e-18,1.415e-21,,2.433e-15,8.452e-19,1.157e-24,9.775e-18,1.359e-20,5.214e-15,6.053e-17,3.685e-26,,2.581e-18,9.871e-2,6.547e-20,1.203e-9,,6.211e-20,2.938e-1,,9.876e-20,1.169e-2,1.813e-2,2.263e-1,2.391e-9,1.411e-19,2.392e-22,1.140e-18,8.844e-17,9.528e-1,3.148e+1,1.322e-2,4.808e-7,9.757e-1,,1.463e+1,,,1.058e-3,,,7.996e-2,,1.324e-18,,6.818e-19,,2.966e+0,,6.474e-18,,1.019e-18,2.199e-16
530.81,4.947e+1,9.126e-3,2.131e-18,3.323e-42,2.772e-34,,,6.956e-18,1.416e-21,,2.433e-15,8.466e-19,1.158e-24,9.775e-18,1.357e-20,5.594e-15,9.262e-17,3.684e-26,,2.579e-18,9.765e-2,6.002e-20,8.467e-10,,4.120e-20,2.796e-1,,9.884e-20,1.074e-2,2.257e-2,2.274e-1,2.220e-9,1.411e-19,2.392e-22,1.144e-18,8.833e-17,9.023e-1,2.933e+1,1.132e-2,6.519e-7,8.634e-1,,1.471e+1,,,8.705e-4,,,7.329e-2,,1.325e-18,,6.818e-19,,2.934e+0,,6.471e-18,,1.021e-18,2.200e-16
530.84,4.624e+1,8.770e-3,1.976e-18,5.152e-42,2.772e-34,,,6.946e-18,1.418e-21,,2.433e-15,8.487e-19,1.159e-24,9.774e-18,1.354e-20,6.186e-15,1.744e-16,3.683e-26,,2.576e-18,9.558e-2,5.258e-20,4.975e-10,,2.214e-20,2.619e-1,,9.897e-20,9.422e-3,3.119e-2,2.295e-1,1.981e-9,1.411e-19,2.391e-22,1.150e-18,8.817e-17,8.275e-1,2.625e+1,8.918e-3,1.024e-6,7.225e-1,,1.486e+1,,,6.462e-4,,,6.399e-2,,1.325e-18,,6.817e-19,,2.874e+0,,6.465e-18,,1.025e-18,2.200e-16
530.86,4.424e+1,8.512e-3,2.131e-18,6.371e-42,2.772e-34,,,6.939e-18,1.419e-21,,2.432e-15,8.501e-19,1.159e-24,9.774e-18,1.352e-20,6.593e-15,2.651e-16,3.682e-26,,2.574e-18,9.391e-2,4.811e-20,3.479e-10,,1.459e-20,2.524e-1,,9.906e-20,8.606e-3,3.857e-2,2.311e-1,1.832e-9,1.412e-19,2.390e-22,1.154e-18,8.806e-17,7.784e-1,2.430e+1,7.583e-3,1.379e-6,6.455e-1,,1.499e+1,,,5.280e-4,,,5.825e-2,,1.325e-18,,6.816e-19,,2.826e+0,,6.461e-18,,1.027e-18,2.200e-16
530.89,4.145e+1,8.097e-3,2.824e-18,8.199e-42,2.772e-34,,,6.929e-18,1.421e-21,,2.432e-15,8.521e-19,1.160e-24,9.774e-18,1.349e-20,7.218e-15,4.943e-16,3.681e-26,,2.571e-18,9.099e-2,4.214e-20,2.023e-10,,7.758e-21,2.410e-1,,9.919e-20,7.478e-3,5.276e-2,2.342e-1,1.625e-9,1.412e-19,2.389e-22,1.159e-18,8.789e-17,7.066e-1,2.153e+1,5.917e-3,2.143e-6,5.537e-1,,1.523e+1,,,3.879e-4,,,5.034e-2,,1.325e-18,,6.816e-19,,2.743e+0,,6.456e-18,,1.030e-18,2.201e-16
530.91,3.975e+1,7.806e-3,3.677e-18,9.418e-42,2.772e-34,,,6.922e-18,1.422e-21,,2.432e-15,8.535e-19,1.161e-24,9.774e-18,1.347e-20,7.640e-15,7.462e-16,3.680e-26,,2.570e-18,8.879e-2,3.864e-20,1.405e-10,,5.076e-21,2.352e-1,,9.927e-20,6.788e-3,6.480e-2,2.367e-1,1.498e-9,1.412e-19,2.389e-22,1.163e-18,8.778e-17,6.603e-1,1.980e+1,4.998e-3,2.867e-6,5.074e-1,,1.541e+1,,,3.148e-4,,,4.551e-2,,1.325e-18,,6.815e-19,,2.682e+0,,6.452e-18,,1.032e-18,2.201e-16
530.93,3.816e+1,7.504e-3,4.955e-18,1.064e-41,2.772e-34,,,6.915e-18,1.423e-21,,2.431e-15,8.549e-19,1.161e-24,9.774e-18,1.345e-20,8.066e-15,1.124e-15,3.679e-26,,2.568e-18,8.641e-2,3.552e-20,9.729e-11,,3.312e-21,2.306e-1,,9.936e-20,6.147e-3,7.937e-2,2.396e-1,1.379e-9,1.412e-19,2.388e-22,1.167e-18,8.767e-17,6.153e-1,1.816e+1,4.212e-3,3.824e-6,4.724e-1,,1.560e+1,,,2.547e-4,,,4.104e-2,,1.325e-18,,6.815e-19,,2.615e+0,,6.449e-18,,1.035e-18,2.201e-16
530.96,3.602e+1,7.037e-3,7.999e-18,1.247e-41,2.771e-34,,,6.905e-18,1.425e-21,,2.431e-15,8.570e-19,1.162e-24,9.774e-18,1.342e-20,8.705e-15,2.066e-15,3.678e-26,,2.565e-18,8.254e-2,3.155e-20,5.578e-11,,1.736e-21,2.258e-1,,9.949e-20,5.272e-3,1.071e-1,2.450e-1,1.215e-9,1.412e-19,2.388e-22,1.173e-18,8.751e-17,5.508e-1,1.588e+1,3.243e-3,5.862e-6,4.407e-1,,1.593e+1,,,1.845e-4,,,3.496e-2,,1.326e-18,,6.814e-19,,2.508e+0,,6.443e-18,,1.038e-18,2.201e-16
530.98,3.474e+1,6.720e-3,1.110e-17,1.369e-41,2.771e-34,,,6.898e-18,1.426e-21,,2.431e-15,8.584e-19,1.163e-24,9.773e-18,1.340e-20,9.128e-15,3.089e-15,3.677e-26,,2.563e-18,7.978e-2,2.938e-20,3.836e-11,,1.125e-21,2.239e-1,,9.957e-20,4.744e-3,1.303e-1,2.492e-1,1.115e-9,1.412e-19,2.387e-22,1.177e-18,8.740e-17,5.099e-1,1.447e+1,2.717e-3,7.767e-6,4.332e-1,,1.617e+1,,,1.483e-4,,,3.131e-2,,1.326e-18,,6.813e-19,,2.432e+0,,6.439e-18,,1.040e-18,2.202e-16
531.01,3.305e+1,6.238e-3,1.821e-17,1.551e-41,2.771e-34,,,6.888e-18,1.428e-21,,2.430e-15,8.605e-19,1.164e-24,9.773e-18,1.337e-20,9.751e-15,5.623e-15,3.675e-26,,2.560e-18,7.543e-2,2.681e-20,2.177e-11,,5.839e-22,2.224e-1,,9.970e-20,4.030e-3,1.740e-1,2.567e-1,9.795e-10,1.413e-19,2.386e-22,1.182e-18,8.724e-17,4.519e-1,1.252e+1,2.078e-3,1.179e-5,4.427e-1,,1.655e+1,,,1.063e-4,,,2.640e-2,,1.326e-18,,6.813e-19,,2.312e+0,,6.434e-18,,1.044e-18,2.202e-16
531.03,3.207e+1,5.916e-3,2.530e-17,1.673e-41,2.771e-34,,,6.881e-18,1.429e-21,,2.430e-15,8.619e-19,1.164e-24,9.773e-18,1.334e-20,1.016e-14,8.353e-15,3.674e-26,,2.558e-18,7.242e-2,2.557e-20,1.487e-11,,3.758e-22,2.223e-1,,9.979e-20,3.604e-3,2.103e-1,2.625e-1,8.974e-10,1.413e-19,2.386e-22,1.186e-18,8.713e-17,4.157e-1,1.134e+1,1.735e-3,1.551e-5,4.631e-1,,1.682e+1,,,8.487e-5,,,2.349e-2,,1.326e-18,,6.812e-19,,2.229e+0,,6.430e-18,,1.046e-18,2.202e-16
531.06,3.082e+1,5.436e-3,4.129e-17,1.856e-41,2.771e-34,,,6.871e-18,1.431e-21,,2.429e-15,8.640e-19,1.165e-24,9.773e-18,1.331e-20,1.074e-14,1.505e-14,3.673e-26,,2.555e-18,6.778e-2,2.440e-20,8.350e-12,,1.930e-22,2.233e-1,,9.992e-20,3.033e-3,2.780e-1,2.725e-1,7.862e-10,1.413e-19,2.385e-22,1.192e-18,8.696e-17,3.649e-1,9.717e+0,1.324e-3,2.330e-5,5.161e-1,,1.725e+1,,,6.023e-5,,,1.960e-2,,1.326e-18,,6.811e-19,,2.101e+0,,6.425e-18,,1.049e-18,2.202e-16
531.08,3.014e+1,5.121e-3,5.706e-17,1.978e-41,2.771e-34,,,6.864e-18,1.432e-21,,2.429e-15,8.654e-19,1.166e-24,9.773e-18,1.329e-20,1.111e-14,2.221e-14,3.672e-26,,2.554e-18,6.463e-2,2.408e-20,5.665e-12,,1.234e-22,2.245e-1,,1.000e-19,2.695e-3,3.338e-1,2.800e-1,7.195e-10,1.413e-19,2.384e-22,1.196e-18,8.685e-17,3.336e-1,8.739e+0,1.109e-3,3.046e-5,5.674e-1,,1.756e+1,,,4.775e-5,,,1.732e-2,,1.326e-18,,6.811e-19,,2.015e+0,,6.421e-18,,1.052e-18,2.203e-16
531.11,2.934e+1,4.658e-3,9.228e-17,2.161e-41,2.771e-34,,,6.854e-18,1.434e-21,,2.429e-15,8.674e-19,1.167e-24,9.773e-18,1.326e-20,1.163e-14,3.961e-14,3.671e-26,,2.551e-18,5.988e-2,2.432e-20,3.149e-12,,6.271e-23,2.270e-1,,1.001e-19,2.246e-3,4.369e-1,2.925e-1,6.296e-10,1.413e-19,2.384e-22,1.201e-18,8.669e-17,2.903e-1,7.417e+0,8.577e-4,4.530e-5,6.705e-1,,1.804e+1,,,3.354e-5,,,1.431e-2,,1.327e-18,,6.810e-19,,1.884e+0,,6.416e-18,,1.055e-18,2.203e-16
531.13,2.895e+1,4.358e-3,1.267e-16,2.283e-41,2.771e-34,,,6.847e-18,1.435e-21,,2.428e-15,8.688e-19,1.168e-24,9.772e-18,1.324e-20,1.195e-14,5.807e-14,3.670e-26,,2.549e-18,5.671e-2,2.495e-20,2.122e-12,,3.980e-23,2.290e-1,,1.002e-19,1.983e-3,5.210e-1,3.016e-1,5.760e-10,1.413e-19,2.383e-22,1.205e-18,8.658e-17,2.639e-1,6.627e+0,7.315e-4,5.883e-5,7.583e-1,,1.838e+1,,,2.641e-5,,,1.256e-2,,1.327e-18,,6.810e-19,,1.796e+0,,6.412e-18,,1.057e-18,2.203e-16
531.16,2.859e+1,3.923e-3,2.029e-16,2.466e-41,2.770e-34,,,6.837e-18,1.437e-21,,2.428e-15,8.709e-19,1.169e-24,9.772e-18,1.321e-20,1.238e-14,1.025e-13,3.669e-26,,2.546e-18,5.201e-2,2.665e-20,1.167e-12,,2.003e-23,2.324e-1,,1.003e-19,1.637e-3,6.753e-1,3.165e-1,5.041e-10,1.414e-19,2.382e-22,1.211e-18,8.641e-17,2.279e-1,5.570e+0,5.945e-4,8.661e-5,9.220e-1,,1.891e+1,,,1.836e-5,,,1.027e-2,,1.327e-18,,6.809e-19,,1.666e+0,,6.407e-18,,1.061e-18,2.204e-16
531.18,2.850e+1,3.646e-3,2.768e-16,2.588e-41,2.770e-34,,,6.830e-18,1.438e-21,,2.428e-15,8.723e-19,1.169e-24,9.772e-18,1.319e-20,1.264e-14,1.493e-13,3.668e-26,,2.544e-18,4.893e-2,2.828e-20,7.811e-13,,1.263e-23,2.348e-1,,1.004e-19,1.436e-3,8.000e-1,3.272e-1,4.614e-10,1.414e-19,2.382e-22,1.215e-18,8.631e-17,2.062e-1,4.944e+0,5.339e-4,1.117e-4,1.055e+0,,1.929e+1,,,1.436e-5,,,8.951e-3,,1.327e-18,,6.808e-19,,1.580e+0,,6.403e-18,,1.063e-18,2.204e-16
531.21,2.860e+1,3.249e-3,4.388e-16,2.771e-41,2.770e-34,,,6.820e-18,1.440e-21,,2.427e-15,8.744e-19,1.170e-24,9.772e-18,1.316e-20,1.296e-14,2.610e-13,3.666e-26,,2.541e-18,4.441e-2,3.151e-20,4.254e-13,,6.288e-24,2.385e-1,,1.006e-19,1.174e-3,1.026e+0,3.442e-1,4.043e-10,1.414e-19,2.381e-22,1.221e-18,8.614e-17,1.772e-1,4.115e+0,4.845e-4,1.628e-4,1.294e+0,,1.990e+1,,,9.883e-6,,,7.246e-3,,1.327e-18,,6.808e-19,,1.454e+0,,6.398e-18,,1.066e-18,2.204e-16
531.23,2.882e+1,2.999e-3,5.946e-16,2.892e-41,2.770e-34,,,6.813e-18,1.441e-21,,2.427e-15,8.758e-19,1.171e-24,9.772e-18,1.314e-20,1.314e-14,3.775e-13,3.665e-26,,2.540e-18,4.150e-2,3.421e-20,2.827e-13,,3.937e-24,2.410e-1,,1.006e-19,1.023e-3,1.208e+0,3.561e-1,3.704e-10,1.414e-19,2.380e-22,1.224e-18,8.603e-17,1.599e-1,3.628e+0,4.777e-4,2.086e-4,1.483e+0,,2.032e+1,,,7.677e-6,,,6.272e-3,,1.327e-18,,6.807e-19,,1.373e+0,,6.394e-18,,1.069e-18,2.204e-16
531.26,2.941e+1,2.646e-3,9.332e-16,3.075e-41,2.770e-34,,,6.802e-18,1.443e-21,,2.427e-15,8.779e-19,1.172e-24,9.772e-18,1.311e-20,1.334e-14,6.533e-13,3.664e-26,,2.537e-18,3.729e-2,3.911e-20,1.524e-13,,1.940e-24,2.446e-1,,1.008e-19,8.282e-4,1.535e+0,3.747e-1,3.253e-10,1.414e-19,2.380e-22,1.230e-18,8.587e-17,1.372e-1,2.990e+0,5.061e-4,3.009e-4,1.816e+0,,2.101e+1,,,5.229e-6,,,5.026e-3,,1.328e-18,,6.806e-19,,1.254e+0,,6.388e-18,,1.072e-18,2.205e-16
531.28,2.997e+1,2.425e-3,1.256e-15,3.197e-41,2.770e-34,,,6.796e-18,1.444e-21,,2.426e-15,8.793e-19,1.172e-24,9.772e-18,1.309e-20,1.343e-14,9.385e-13,3.663e-26,,2.535e-18,3.460e-2,4.297e-20,1.006e-13,,1.207e-24,2.469e-1,,1.009e-19,7.171e-4,1.794e+0,3.874e-1,2.986e-10,1.415e-19,2.379e-22,1.234e-18,8.576e-17,1.241e-1,2.620e+0,5.516e-4,3.829e-4,2.075e+0,,2.150e+1,,,4.034e-6,,,4.321e-3,,1.328e-18,,6.806e-19,,1.178e+0,,6.385e-18,,1.074e-18,2.205e-16
531.3,3.067e+1,2.217e-3,1.686e-15,3.319e-41,2.770e-34,,,6.789e-18,1.445e-21,,2.426e-15,8.807e-19,1.173e-24,9.771e-18,1.307e-20,1.349e-14,1.345e-12,3.662e-26,,2.533e-18,3.202e-2,4.731e-20,6.620e-14,,7.483e-25,2.492e-1,,1.009e-19,6.193e-4,2.092e+0,4.003e-1,2.743e-10,1.415e-19,2.379e-22,1.238e-18,8.565e-17,1.124e-1,2.289e+0,6.200e-4,4.860e-4,2.367e+0,,2.201e+1,,,3.104e-6,,,3.705e-3,,1.328e-18,,6.805e-19,,1.104e+0,,6.381e-18,,1.076e-18,2.205e-16
531.33,3.200e+1,1.928e-3,2.609e-15,3.502e-41,2.770e-34,,,6.779e-18,1.447e-21,,2.426e-15,8.827e-19,1.174e-24,9.771e-18,1.304e-20,1.350e-14,2.295e-12,3.661e-26,,2.530e-18,2.837e-2,5.478e-20,3.517e-14,,1.277e-26,2.523e-1,,1.011e-19,4.945e-4,2.621e+0,4.197e-1,2.420e-10,1.415e-19,2.378e-22,1.244e-18,8.548e-17,9.763e-2,1.860e+0,7.702e-4,6.913e-4,2.872e+0,,2.284e+1,,,2.084e-6,,,2.927e-3,,1.328e-18,,6.805e-19,,9.995e-1,,6.376e-18,,1.080e-18,2.206e-16
531.35,3.309e+1,1.751e-3,3.479e-15,3.624e-41,2.770e-34,,,6.772e-18,1.448e-21,,2.425e-15,8.841e-19,1.174e-24,9.771e-18,1.302e-20,1.346e-14,3.266e-12,3.660e-26,,2.528e-18,2.608e-2,6.041e-20,2.299e-14,,1.277e-26,2.543e-1,,1.012e-19,4.243e-4,3.036e+0,4.326e-1,2.228e-10,1.415e-19,2.377e-22,1.247e-18,8.537e-17,8.945e-2,1.615e+0,9.067e-4,8.715e-4,3.257e+0,,2.344e+1,,,1.593e-6,,,2.492e-3,,1.328e-18,,6.804e-19,,9.332e-1,,6.372e-18,,1.082e-18,2.206e-16
531.38,3.502e+1,1.507e-3,5.329e-15,3.807e-41,2.769e-34,,,6.761e-18,1.450e-21,,2.425e-15,8.862e-19,1.175e-24,9.771e-18,1.298e-20,1.334e-14,5.517e-12,3.659e-26,,2.526e-18,2.287e-2,6.988e-20,1.209e-14,,1.278e-26,2.569e-1,,1.013e-19,3.355e-4,3.766e+0,4.515e-1,1.973e-10,1.415e-19,2.377e-22,1.253e-18,8.521e-17,7.956e-2,1.300e+0,1.176e-3,1.227e-3,3.917e+0,,2.438e+1,,,1.058e-6,,,1.949e-3,,1.328e-18,,6.803e-19,,8.394e-1,,6.367e-18,,1.085e-18,2.206e-16
531.4,3.653e+1,1.359e-3,7.057e-15,3.929e-41,2.769e-34,,,6.755e-18,1.451e-21,,2.425e-15,8.876e-19,1.176e-24,9.771e-18,1.296e-20,1.321e-14,7.799e-12,3.658e-26,,2.524e-18,2.088e-2,7.689e-20,7.851e-15,,1.278e-26,2.586e-1,,1.014e-19,2.859e-4,4.334e+0,4.638e-1,1.822e-10,1.415e-19,2.376e-22,1.257e-18,8.510e-17,7.447e-2,1.121e+0,1.406e-3,1.537e-3,4.416e+0,,2.506e+1,,,8.033e-7,,,1.648e-3,,1.328e-18,,6.803e-19,,7.807e-1,,6.363e-18,,1.088e-18,2.206e-16
531.43,3.914e+1,1.158e-3,1.070e-14,4.112e-41,2.769e-34,,,6.744e-18,1.453e-21,,2.424e-15,8.897e-19,1.177e-24,9.771e-18,1.293e-20,1.296e-14,1.304e-11,3.656e-26,,2.521e-18,1.812e-2,8.848e-20,4.086e-15,,1.279e-26,2.609e-1,,1.015e-19,2.239e-4,5.323e+0,4.812e-1,1.621e-10,1.416e-19,2.375e-22,1.263e-18,8.494e-17,6.895e-2,8.933e-1,1.843e-3,2.142e-3,5.259e+0,,2.613e+1,,,5.285e-7,,,1.276e-3,,1.329e-18,,6.802e-19,,6.985e-1,,6.357e-18,,1.091e-18,2.207e-16
531.45,4.113e+1,1.038e-3,1.408e-14,4.233e-41,2.769e-34,,,6.738e-18,1.454e-21,,2.424e-15,8.911e-19,1.178e-24,9.770e-18,1.291e-20,1.275e-14,1.832e-11,3.655e-26,,2.519e-18,1.643e-2,9.693e-20,2.635e-15,,1.279e-26,2.623e-1,,1.016e-19,1.895e-4,6.086e+0,4.921e-1,1.502e-10,1.416e-19,2.375e-22,1.266e-18,8.483e-17,6.662e-2,7.653e-1,2.206e-3,2.665e-3,5.890e+0,,2.689e+1,,,3.984e-7,,,1.072e-3,,1.329e-18,,6.802e-19,,6.477e-1,,6.354e-18,,1.093e-18,2.207e-16
531.48,4.448e+1,8.753e-4,2.114e-14,4.416e-41,2.769e-34,,,6.727e-18,1.456e-21,,2.423e-15,8.932e-19,1.178e-24,9.770e-18,1.288e-20,1.238e-14,3.032e-11,3.654e-26,,2.516e-18,1.412e-2,1.107e-19,1.357e-15,,1.280e-26,2.644e-1,,1.017e-19,1.469e-4,7.402e+0,5.072e-1,1.344e-10,1.416e-19,2.374e-22,1.272e-18,8.466e-17,6.503e-2,6.039e-1,2.884e-3,3.677e-3,6.946e+0,,2.809e+1,,,2.594e-7,,,8.210e-4,,1.329e-18,,6.801e-19,,5.771e-1,,6.348e-18,,1.097e-18,2.207e-16
531.5,4.698e+1,7.788e-4,2.762e-14,4.538e-41,2.769e-34,,,6.720e-18,1.457e-21,,2.423e-15,8.946e-19,1.179e-24,9.770e-18,1.286e-20,1.210e-14,4.230e-11,3.653e-26,,2.514e-18,1.272e-2,1.206e-19,8.693e-16,,1.280e-26,2.659e-1,,1.018e-19,1.236e-4,8.407e+0,5.161e-1,1.251e-10,1.416e-19,2.373e-22,1.276e-18,8.455e-17,6.519e-2,5.140e-1,3.441e-3,4.543e-3,7.727e+0,,2.893e+1,,,1.942e-7,,,6.851e-4,,1.329e-18,,6.800e-19,,5.338e-1,,6.345e-18,,1.099e-18,2.207e-16
531.53,5.115e+1,6.503e-4,4.105e-14,4.721e-41,2.769e-34,,,6.710e-18,1.459e-21,,2.423e-15,8.967e-19,1.180e-24,9.770e-18,1.283e-20,1.163e-14,6.933e-11,3.652e-26,,2.512e-18,1.081e-2,1.366e-19,4.432e-16,,1.281e-26,2.682e-1,,1.019e-19,9.486e-5,1.013e+1,5.278e-1,1.128e-10,1.416e-19,2.373e-22,1.282e-18,8.439e-17,6.717e-2,4.016e-1,4.464e-3,6.207e-3,9.022e+0,,3.024e+1,,,1.252e-7,,,5.195e-4,,1.329e-18,,6.800e-19,,4.744e-1,,6.339e-18,,1.102e-18,2.208e-16
531.55,5.421e+1,5.746e-4,5.328e-14,4.843e-41,2.769e-34,,,6.703e-18,1.460e-21,,2.422e-15,8.980e-19,1.181e-24,9.770e-18,1.281e-20,1.129e-14,9.606e-11,3.651e-26,,2.510e-18,9.674e-3,1.479e-19,2.884e-16,,1.282e-26,2.700e-1,,1.020e-19,7.925e-5,1.143e+1,5.343e-1,1.056e-10,1.416e-19,2.372e-22,1.286e-18,8.428e-17,6.961e-2,3.396e-1,5.295e-3,7.616e-3,9.969e+0,,3.114e+1,,,9.307e-8,,,4.305e-4,,1.329e-18,,6.799e-19,,4.383e-1,,6.335e-18,,1.105e-18,2.208e-16
531.58,5.924e+1,4.749e-4,7.839e-14,5.026e-41,2.768e-34,,,6.693e-18,1.462e-21,,2.422e-15,9.001e-19,1.182e-24,9.770e-18,1.278e-20,1.074e-14,1.559e-10,3.650e-26,,2.507e-18,8.144e-3,1.659e-19,1.554e-16,,1.282e-26,2.730e-1,,1.022e-19,6.023e-5,1.363e+1,5.419e-1,9.619e-11,1.417e-19,2.371e-22,1.291e-18,8.411e-17,7.488e-2,2.627e-1,6.807e-3,1.030e-2,1.152e+1,,3.252e+1,,,5.937e-8,,,3.231e-4,,1.330e-18,,6.798e-19,,3.892e-1,,6.330e-18,,1.108e-18,2.208e-16
531.6,6.290e+1,4.168e-4,1.011e-13,5.148e-41,2.768e-34,,,6.686e-18,1.463e-21,,2.422e-15,9.015e-19,1.182e-24,9.769e-18,1.276e-20,1.035e-14,2.145e-10,3.649e-26,,2.505e-18,7.236e-3,1.786e-19,1.109e-16,,1.283e-26,2.755e-1,,1.022e-19,4.999e-5,1.528e+1,5.454e-1,9.074e-11,1.417e-19,2.371e-22,1.295e-18,8.400e-17,7.945e-2,2.207e-1,8.021e-3,1.256e-2,1.265e+1,,3.346e+1,,,4.385e-8,,,2.660e-4,,1.330e-18,,6.798e-19,,3.598e-1,,6.326e-18,,1.110e-18,2.209e-16
531.63,6.883e+1,3.410e-4,1.472e-13,5.331e-41,2.768e-34,,,6.676e-18,1.465e-21,,2.421e-15,9.036e-19,1.183e-24,9.769e-18,1.273e-20,9.751e-15,3.446e-10,3.647e-26,,2.502e-18,6.030e-3,1.984e-19,8.732e-17,,1.283e-26,2.801e-1,,1.024e-19,3.761e-5,1.805e+1,5.483e-1,8.371e-11,1.417e-19,2.370e-22,1.301e-18,8.384e-17,8.782e-2,1.690e-1,1.021e-2,1.681e-2,1.447e+1,,3.488e+1,,,2.769e-8,,,1.976e-4,,1.330e-18,,6.797e-19,,3.202e-1,,6.321e-18,,1.114e-18,2.209e-16
531.65,7.310e+1,2.973e-4,1.885e-13,5.453e-41,2.768e-34,,,6.669e-18,1.466e-21,,2.421e-15,9.050e-19,1.184e-24,9.769e-18,1.271e-20,9.337e-15,4.711e-10,3.646e-26,,2.500e-18,5.322e-3,2.122e-19,9.561e-17,,1.284e-26,2.838e-1,,1.025e-19,3.101e-5,2.010e+1,5.487e-1,7.974e-11,1.417e-19,2.369e-22,1.305e-18,8.373e-17,9.438e-2,1.411e-1,1.196e-2,2.035e-2,1.578e+1,,3.582e+1,,,2.031e-8,,,1.616e-4,,1.330e-18,,6.796e-19,,2.968e-1,,6.317e-18,,1.116e-18,2.209e-16
531.67,7.761e+1,2.585e-4,2.408e-13,5.574e-41,2.768e-34,,,6.662e-18,1.467e-21,,2.421e-15,9.064e-19,1.184e-24,9.769e-18,1.269e-20,8.917e-15,6.423e-10,3.646e-26,,2.499e-18,4.684e-3,2.263e-19,1.246e-16,,1.284e-26,2.883e-1,,1.025e-19,2.549e-5,2.233e+1,5.477e-1,7.629e-11,1.417e-19,2.369e-22,1.309e-18,8.362e-17,1.017e-1,1.174e-1,1.396e-2,2.457e-2,1.716e+1,,3.675e+1,,,1.486e-8,,,1.317e-4,,1.330e-18,,6.796e-19,,2.755e-1,,6.314e-18,,1.118e-18,2.209e-16
531.7,8.484e+1,2.085e-4,3.458e-13,5.757e-41,2.768e-34,,,6.652e-18,1.469e-21,,2.420e-15,9.085e-19,1.185e-24,9.769e-18,1.266e-20,8.279e-15,1.017e-9,3.644e-26,,2.496e-18,3.848e-3,2.481e-19,2.211e-16,,1.285e-26,2.966e-1,,1.027e-19,1.891e-5,2.603e+1,5.437e-1,7.205e-11,1.417e-19,2.368e-22,1.314e-18,8.346e-17,1.141e-1,8.870e-2,1.752e-2,3.244e-2,1.935e+1,,3.811e+1,,,9.247e-9,,,9.648e-5,,1.330e-18,,6.795e-19,,2.475e-1,,6.308e-18,,1.122e-18,2.210e-16
531.72,8.996e+1,1.800e-4,4.387e-13,5.879e-41,2.768e-34,,,6.645e-18,1.470e-21,,2.420e-15,9.099e-19,1.186e-24,9.769e-18,1.263e-20,7.853e-15,1.378e-9,3.643e-26,,2.494e-18,3.364e-3,2.629e-19,3.400e-16,,1.285e-26,3.034e-1,,1.028e-19,1.545e-5,2.873e+1,5.394e-1,6.979e-11,1.418e-19,2.368e-22,1.318e-18,8.335e-17,1.233e-1,7.333e-2,2.032e-2,3.891e-2,2.090e+1,,3.899e+1,,,6.718e-9,,,7.813e-5,,1.331e-18,,6.795e-19,,2.313e-1,,6.304e-18,,1.124e-18,2.210e-16
531.75,9.807e+1,1.437e-4,6.237e-13,6.062e-41,2.768e-34,,,6.635e-18,1.472e-21,,2.420e-15,9.120e-19,1.187e-24,9.769e-18,1.260e-20,7.218e-15,2.160e-9,3.642e-26,,2.491e-18,2.735e-3,2.855e-19,6.581e-16,,1.286e-26,3.158e-1,,1.029e-19,1.135e-5,3.317e+1,5.305e-1,6.719e-11,1.418e-19,2.367e-22,1.324e-18,8.318e-17,1.383e-1,5.486e-2,2.526e-2,5.084e-2,2.334e+1,,4.024e+1,,,4.139e-9,,,5.664e-5,,1.331e-18,,6.794e-19,,2.104e-1,,6.299e-18,,1.127e-18,2.210e-16
531.77,1.038e+2,1.233e-4,7.860e-13,6.184e-41,2.768e-34,,,6.628e-18,1.473e-21,,2.419e-15,9.134e-19,1.188e-24,9.768e-18,1.258e-20,6.800e-15,2.906e-9,3.641e-26,,2.489e-18,2.375e-3,3.007e-19,1.030e-15,,1.286e-26,3.259e-1,,1.030e-19,9.205e-6,3.638e+1,5.231e-1,6.594e-11,1.418e-19,2.366e-22,1.328e-18,8.307e-17,1.492e-1,4.506e-2,2.909e-2,6.057e-2,2.504e+1,,4.101e+1,,,2.987e-9,,,4.556e-5,,1.331e-18,,6.793e-19,,1.986e-1,,6.295e-18,,1.130e-18,2.211e-16
531.8,1.127e+2,9.740e-5,1.106e-12,6.367e-41,2.767e-34,,,6.618e-18,1.475e-21,,2.419e-15,9.154e-19,1.188e-24,9.768e-18,1.255e-20,6.186e-15,4.511e-9,3.640e-26,,2.486e-18,1.912e-3,3.234e-19,2.005e-15,,1.287e-26,3.442e-1,,1.031e-19,6.693e-6,4.159e+1,5.097e-1,6.473e-11,1.418e-19,2.365e-22,1.333e-18,8.291e-17,1.666e-1,3.337e-2,3.579e-2,7.836e-2,2.768e+1,,4.206e+1,,,1.821e-9,,,3.269e-5,,1.331e-18,,6.793e-19,,1.838e-1,,6.290e-18,,1.133e-18,2.211e-16
531.82,1.189e+2,8.297e-5,1.385e-12,6.489e-41,2.767e-34,,,6.611e-18,1.476e-21,,2.419e-15,9.168e-19,1.189e-24,9.768e-18,1.253e-20,5.789e-15,6.028e-9,3.639e-26,,2.485e-18,1.649e-3,3.384e-19,3.116e-15,,1.287e-26,3.587e-1,,1.032e-19,5.393e-6,4.534e+1,4.993e-1,6.432e-11,1.418e-19,2.365e-22,1.337e-18,8.280e-17,1.789e-1,2.723e-2,4.096e-2,9.272e-2,2.949e+1,,4.269e+1,,,1.305e-9,,,2.612e-5,,1.331e-18,,6.792e-19,,1.757e-1,,6.286e-18,,1.135e-18,2.211e-16
531.85,1.285e+2,6.490e-5,1.929e-12,6.672e-41,2.767e-34,,,6.601e-18,1.478e-21,,2.418e-15,9.189e-19,1.190e-24,9.768e-18,1.250e-20,5.214e-15,9.265e-9,3.637e-26,,2.482e-18,1.314e-3,3.606e-19,6.007e-15,,1.288e-26,3.847e-1,,1.033e-19,3.882e-6,5.135e+1,4.819e-1,6.424e-11,1.418e-19,2.364e-22,1.343e-18,8.263e-17,1.984e-1,1.997e-2,4.988e-2,1.188e-1,3.227e+1,,4.348e+1,,,7.879e-10,,,1.855e-5,,1.331e-18,,6.791e-19,,1.660e-1,,6.281e-18,,1.139e-18,2.211e-16
531.87,1.352e+2,5.491e-5,2.399e-12,6.794e-41,2.767e-34,,,6.594e-18,1.479e-21,,2.418e-15,9.203e-19,1.191e-24,9.768e-18,1.248e-20,4.846e-15,1.230e-8,3.637e-26,,2.480e-18,1.125e-3,3.750e-19,9.274e-15,,1.288e-26,4.050e-1,,1.034e-19,3.108e-6,5.562e+1,4.692e-1,6.451e-11,1.419e-19,2.364e-22,1.347e-18,8.252e-17,2.119e-1,1.619e-2,5.669e-2,1.396e-1,3.416e+1,,4.392e+1,,,5.608e-10,,,1.472e-5,,1.331e-18,,6.791e-19,,1.610e-1,,6.277e-18,,1.141e-18,2.212e-16
531.9,1.453e+2,4.252e-5,3.309e-12,6.976e-41,2.767e-34,,,6.584e-18,1.481e-21,,2.417e-15,9.224e-19,1.192e-24,9.768e-18,1.245e-20,4.320e-15,1.871e-8,3.635e-26,,2.477e-18,8.874e-4,3.959e-19,1.770e-14,,1.289e-26,4.408e-1,,1.035e-19,2.214e-6,6.241e+1,4.486e-1,6.532e-11,1.419e-19,2.363e-22,1.352e-18,8.236e-17,2.329e-1,1.175e-2,6.835e-2,1.770e-1,3.700e+1,,4.440e+1,,,3.351e-10,,,1.035e-5,,1.332e-18,,6.790e-19,,1.555e-1,,6.272e-18,,1.144e-18,2.212e-16
531.92,1.523e+2,3.573e-5,4.087e-12,7.098e-41,2.767e-34,,,6.577e-18,1.482e-21,,2.417e-15,9.238e-19,1.192e-24,9.767e-18,1.243e-20,3.988e-15,2.467e-8,3.634e-26,,2.475e-18,7.549e-4,4.092e-19,2.714e-14,,1.289e-26,4.685e-1,,1.036e-19,1.761e-6,6.718e+1,4.339e-1,6.609e-11,1.419e-19,2.362e-22,1.356e-18,8.225e-17,2.473e-1,9.464e-3,7.716e-2,2.066e-1,3.890e+1,,4.460e+1,,,2.369e-10,,,8.156e-6,,1.332e-18,,6.790e-19,,1.531e-1,,6.268e-18,,1.146e-18,2.212e-16
531.95,1.628e+2,2.739e-5,5.581e-12,7.281e-41,2.767e-34,,,6.566e-18,1.484e-21,,2.417e-15,9.259e-19,1.193e-24,9.767e-18,1.240e-20,3.519e-15,3.715e-8,3.633e-26,,2.472e-18,5.894e-4,4.282e-19,5.129e-14,,1.290e-26,5.164e-1,,1.037e-19,1.242e-6,7.469e+1,4.109e-1,6.754e-11,1.419e-19,2.362e-22,1.362e-18,8.209e-17,2.693e-1,6.804e-3,9.209e-2,2.593e-1,4.172e+1,,4.472e+1,,,1.401e-10,,,5.676e-6,,1.332e-18,,6.789e-19,,1.510e-1,,6.263e-18,,1.150e-18,2.213e-16
531.97,1.699e+2,2.286e-5,6.846e-12,7.403e-41,2.767e-34,,,6.560e-18,1.485e-21,,2.416e-15,9.273e-19,1.194e-24,9.767e-18,1.238e-20,3.227e-15,4.865e-8,3.632e-26,,2.471e-18,4.980e-4,4.400e-19,7.813e-14,,1.290e-26,5.531e-1,,1.038e-19,9.809e-7,7.990e+1,3.949e-1,6.867e-11,1.419e-19,2.361e-22,1.366e-18,8.198e-17,2.842e-1,5.443e-3,1.033e-1,3.007e-1,4.356e+1,,4.468e+1,,,9.837e-11,,,4.443e-6,,1.332e-18,,6.788e-19,,1.505e-1,,6.259e-18,,1.152e-18,2.213e-16
532,1.806e+2,1.734e-5,9.255e-12,7.586e-41,2.766e-34,,,6.549e-18,1.487e-21,,2.416e-15,9.293e-19,1.195e-24,9.767e-18,1.235e-20,2.819e-15,7.255e-8,3.631e-26,,2.468e-18,3.849e-4,4.564e-19,1.462e-13,,1.291e-26,6.158e-1,,1.040e-19,6.850e-7,8.802e+1,3.704e-1,7.051e-11,1.420e-19,2.360e-22,1.372e-18,8.181e-17,3.064e-1,3.874e-3,1.220e-1,3.736e-1,4.624e+1,,4.442e+1,,,5.758e-11,,,3.061e-6,,1.332e-18,,6.788e-19,,1.510e-1,,6.253e-18,,1.155e-18,2.213e-16
532.02,1.877e+2,1.438e-5,1.128e-11,7.708e-41,2.766e-34,,,6.543e-18,1.488e-21,,2.416e-15,9.307e-19,1.195e-24,9.767e-18,1.233e-20,2.567e-15,9.437e-8,3.630e-26,,2.466e-18,3.230e-4,4.663e-19,2.212e-13,,1.291e-26,6.632e-1,,1.040e-19,5.374e-7,9.359e+1,3.538e-1,7.182e-11,1.420e-19,2.360e-22,1.375e-18,8.170e-17,3.212e-1,3.079e-3,1.359e-1,4.303e-1,4.796e+1,,4.411e+1,,,4.016e-11,,,2.379e-6,,1.332e-18,,6.787e-19,,1.520e-1,,6.250e-18,,1.158e-18,2.213e-16
532.04,1.948e+2,1.189e-5,1.371e-11,7.830e-41,2.766e-34,,,6.536e-18,1.490e-21,,2.415e-15,9.321e-19,1.196e-24,9.767e-18,1.231e-20,2.332e-15,1.224e-7,3.629e-26,,2.464e-18,2.704e-4,4.754e-19,3.338e-13,,1.292e-26,7.152e-1,,1.041e-19,4.204e-7,9.928e+1,3.370e-1,7.316e-11,1.420e-19,2.359e-22,1.379e-18,8.159e-17,3.358e-1,2.440e-3,1.510e-1,4.944e-1,4.960e+1,,4.371e+1,,,2.794e-11,,,1.845e-6,,1.333e-18,,6.787e-19,,1.534e-1,,6.246e-18,,1.160e-18,2.214e-16
532.07,2.052e+2,8.890e-6,1.827e-11,8.013e-41,2.766e-34,,,6.525e-18,1.491e-21,,2.415e-15,9.342e-19,1.197e-24,9.766e-18,1.227e-20,2.008e-15,1.800e-7,3.628e-26,,2.461e-18,2.060e-4,4.874e-19,6.157e-13,,1.292e-26,8.027e-1,,1.043e-19,2.894e-7,1.080e+2,3.118e-1,7.519e-11,1.420e-19,2.358e-22,1.385e-18,8.143e-17,3.571e-1,1.713e-3,1.759e-1,6.056e-1,5.192e+1,,4.290e+1,,,1.613e-11,,,1.253e-6,,1.333e-18,,6.786e-19,,1.562e-1,,6.241e-18,,1.163e-18,2.214e-16
532.09,2.120e+2,7.300e-6,2.205e-11,8.135e-41,2.766e-34,,,6.519e-18,1.493e-21,,2.415e-15,9.356e-19,1.198e-24,9.766e-18,1.225e-20,1.812e-15,2.320e-7,3.627e-26,,2.459e-18,1.712e-4,4.942e-19,9.230e-13,,1.293e-26,8.676e-1,,1.043e-19,2.249e-7,1.139e+2,2.952e-1,7.652e-11,1.420e-19,2.358e-22,1.389e-18,8.132e-17,3.708e-1,1.348e-3,1.940e-1,6.910e-1,5.334e+1,,4.225e+1,,,1.116e-11,,,9.647e-7,,1.333e-18,,6.785e-19,,1.584e-1,,6.237e-18,,1.166e-18,2.214e-16
532.12,2.219e+2,5.405e-6,2.910e-11,8.317e-41,2.766e-34,,,6.508e-18,1.494e-21,,2.414e-15,9.377e-19,1.198e-24,9.766e-18,1.222e-20,1.544e-15,3.377e-7,3.625e-26,,2.457e-18,1.291e-4,5.027e-19,1.686e-12,,1.293e-26,9.754e-1,,1.045e-19,1.533e-7,1.227e+2,2.705e-1,7.843e-11,1.420e-19,2.357e-22,1.395e-18,8.115e-17,3.905e-1,9.372e-4,2.238e-1,8.381e-1,5.526e+1,,4.109e+1,,,6.406e-12,,,6.485e-7,,1.333e-18,,6.785e-19,,1.621e-1,,6.231e-18,,1.169e-18,2.214e-16
532.14,2.283e+2,4.408e-6,3.489e-11,8.439e-41,2.766e-34,,,6.502e-18,1.496e-21,,2.414e-15,9.391e-19,1.199e-24,9.766e-18,1.220e-20,1.384e-15,4.322e-7,3.624e-26,,2.455e-18,1.066e-4,5.071e-19,2.510e-12,,1.294e-26,1.054e+0,,1.046e-19,1.183e-7,1.287e+2,2.544e-1,7.963e-11,1.420e-19,2.357e-22,1.398e-18,8.105e-17,4.028e-1,7.329e-4,2.452e-1,9.499e-1,5.639e+1,,4.020e+1,,,4.434e-12,,,4.959e-7,,1.333e-18,,6.784e-19,,1.646e-1,,6.228e-18,,1.171e-18,2.215e-16
532.17,2.375e+2,3.231e-6,4.558e-11,8.622e-41,2.766e-34,,,6.491e-18,1.497e-21,,2.413e-15,9.412e-19,1.200e-24,9.766e-18,1.217e-20,1.168e-15,6.228e-7,3.623e-26,,2.452e-18,7.959e-5,5.121e-19,4.538e-12,,1.295e-26,1.184e+0,,1.047e-19,7.982e-8,1.375e+2,2.310e-1,8.127e-11,1.421e-19,2.356e-22,1.404e-18,8.088e-17,4.198e-1,5.043e-4,2.800e-1,1.140e+0,5.784e+1,,3.873e+1,,,2.599e-12,,,3.300e-7,,1.333e-18,,6.783e-19,,1.685e-1,,6.222e-18,,1.175e-18,2.215e-16
532.19,2.432e+2,2.617e-6,5.429e-11,8.744e-41,2.765e-34,,,6.484e-18,1.499e-21,,2.413e-15,9.426e-19,1.201e-24,9.766e-18,1.215e-20,1.039e-15,7.919e-7,3.622e-26,,2.450e-18,6.527e-5,5.142e-19,6.713e-12,,1.295e-26,1.278e+0,,1.048e-19,6.120e-8,1.432e+2,2.159e-1,8.224e-11,1.421e-19,2.355e-22,1.408e-18,8.077e-17,4.301e-1,3.918e-4,3.048e-1,1.284e+0,5.863e+1,,3.765e+1,,,1.879e-12,,,2.507e-7,,1.334e-18,,6.783e-19,,1.710e-1,,6.219e-18,,1.177e-18,2.215e-16
532.22,2.513e+2,1.898e-6,7.021e-11,8.927e-41,2.765e-34,,,6.474e-18,1.500e-21,,2.413e-15,9.447e-19,1.202e-24,9.766e-18,1.212e-20,8.682e-16,1.130e-6,3.621e-26,,2.447e-18,4.823e-5,5.156e-19,1.202e-11,,1.296e-26,1.430e+0,,1.049e-19,4.087e-8,1.517e+2,1.941e-1,8.348e-11,1.421e-19,2.354e-22,1.414e-18,8.061e-17,4.438e-1,2.669e-4,3.444e-1,1.526e+0,5.952e+1,,3.592e+1,,,1.301e-12,,,1.651e-7,,1.334e-18,,6.782e-19,,1.745e-1,,6.213e-18,,1.180e-18,2.216e-16
532.24,2.563e+2,1.528e-6,8.307e-11,9.049e-41,2.765e-34,,,6.467e-18,1.502e-21,,2.412e-15,9.460e-19,1.202e-24,9.765e-18,1.210e-20,7.674e-16,1.427e-6,3.620e-26,,2.445e-18,3.929e-5,5.155e-19,1.766e-11,,1.296e-26,1.539e+0,,1.050e-19,3.112e-8,1.572e+2,1.802e-1,8.416e-11,1.421e-19,2.354e-22,1.417e-18,8.050e-17,4.517e-1,2.060e-4,3.724e-1,1.706e+0,5.993e+1,,3.470e+1,,,1.171e-12,,,1.246e-7,,1.334e-18,,6.782e-19,,1.766e-1,,6.210e-18,,1.183e-18,2.216e-16
532.27,2.630e+2,1.097e-6,1.064e-10,9.232e-41,2.765e-34,,,6.457e-18,1.503e-21,,2.412e-15,9.481e-19,1.203e-24,9.765e-18,1.207e-20,6.346e-16,2.015e-6,3.619e-26,,2.442e-18,2.874e-5,5.138e-19,3.129e-11,,1.297e-26,1.714e+0,,1.051e-19,2.058e-8,1.651e+2,1.605e-1,8.493e-11,1.421e-19,2.353e-22,1.423e-18,8.033e-17,4.614e-1,1.390e-4,4.166e-1,2.007e+0,6.023e+1,,3.278e+1,,,1.314e-12,,,8.121e-8,,1.334e-18,,6.781e-19,,1.794e-1,,6.204e-18,,1.186e-18,2.216e-16
532.29,2.671e+2,8.765e-7,1.250e-10,9.354e-41,2.765e-34,,,6.450e-18,1.505e-21,,2.412e-15,9.495e-19,1.204e-24,9.765e-18,1.205e-20,5.572e-16,2.528e-6,3.618e-26,,2.441e-18,2.325e-5,5.117e-19,4.567e-11,,1.297e-26,1.837e+0,,1.052e-19,1.556e-8,1.701e+2,1.481e-1,8.529e-11,1.422e-19,2.353e-22,1.427e-18,8.022e-17,4.664e-1,1.065e-4,4.475e-1,2.230e+0,6.023e+1,,3.146e+1,,,1.653e-12,,,6.086e-8,,1.334e-18,,6.780e-19,,1.808e-1,,6.200e-18,,1.188e-18,2.216e-16
532.32,2.724e+2,6.230e-7,1.584e-10,9.537e-41,2.765e-34,,,6.440e-18,1.506e-21,,2.411e-15,9.516e-19,1.205e-24,9.765e-18,1.202e-20,4.561e-16,3.534e-6,3.616e-26,,2.438e-18,1.683e-5,5.072e-19,8.013e-11,,1.298e-26,2.032e+0,,1.053e-19,1.018e-8,1.771e+2,1.306e-1,8.556e-11,1.422e-19,2.352e-22,1.433e-18,8.006e-17,4.716e-1,7.114e-5,4.956e-1,2.597e+0,5.993e+1,,2.943e+1,,,2.650e-12,,,3.927e-8,,1.334e-18,,6.780e-19,,1.824e-1,,6.195e-18,,1.192e-18,2.217e-16
532.34,2.753e+2,4.945e-7,1.849e-10,9.658e-41,2.765e-34,,,6.433e-18,1.508e-21,,2.411e-15,9.530e-19,1.205e-24,9.765e-18,1.200e-20,3.977e-16,4.404e-6,3.615e-26,,2.436e-18,1.353e-5,5.034e-19,1.162e-10,,1.298e-26,2.168e+0,,1.054e-19,7.650e-9,1.814e+2,1.198e-1,8.558e-11,1.422e-19,2.351e-22,1.437e-18,7.995e-17,4.735e-1,5.417e-5,5.287e-1,2.865e+0,5.952e+1,,2.805e+1,,,3.775e-12,,,2.923e-8,,1.335e-18,,6.779e-19,,1.829e-1,,6.191e-18,,1.194e-18,2.217e-16
532.37,2.790e+2,3.479e-7,2.321e-10,9.841e-41,2.765e-34,,,6.423e-18,1.509e-21,,2.411e-15,9.551e-19,1.206e-24,9.765e-18,1.197e-20,3.223e-16,6.096e-6,3.614e-26,,2.433e-18,9.694e-6,4.966e-19,2.018e-10,,1.299e-26,2.380e+0,,1.055e-19,4.956e-9,1.873e+2,1.047e-1,8.538e-11,1.422e-19,2.350e-22,1.442e-18,7.979e-17,4.740e-1,3.582e-5,5.797e-1,3.304e+0,5.863e+1,,2.598e+1,,,6.545e-12,,,1.867e-8,,1.335e-18,,6.778e-19,,1.831e-1,,6.186e-18,,1.197e-18,2.217e-16
532.39,2.808e+2,2.743e-7,2.691e-10,9.963e-41,2.765e-34,,,6.416e-18,1.511e-21,,2.410e-15,9.565e-19,1.207e-24,9.764e-18,1.195e-20,2.791e-16,7.546e-6,3.613e-26,,2.431e-18,7.737e-6,4.914e-19,2.906e-10,,1.299e-26,2.526e+0,,1.056e-19,3.698e-9,1.909e+2,9.542e-2,8.509e-11,1.422e-19,2.350e-22,1.446e-18,7.968e-17,4.727e-1,2.710e-5,6.142e-1,3.620e+0,5.784e+1,,2.461e+1,,,9.478e-12,,,1.380e-8,,1.335e-18,,6.778e-19,,1.826e-1,,6.182e-18,,1.200e-18,2.218e-16
532.41,2.822e+2,2.157e-7,3.112e-10,1.009e-40,2.764e-34,,,6.409e-18,1.512e-21,,2.410e-15,9.579e-19,1.207e-24,9.764e-18,1.192e-20,2.411e-16,9.316e-6,3.612e-26,,2.429e-18,6.159e-6,4.858e-19,4.174e-10,,1.300e-26,2.674e+0,,1.057e-19,2.752e-9,1.940e+2,8.675e-2,8.469e-11,1.422e-19,2.349e-22,1.450e-18,7.957e-17,4.702e-1,2.044e-5,6.491e-1,3.957e+0,5.691e+1,,2.324e+1,,,1.372e-11,,,1.017e-8,,1.335e-18,,6.777e-19,,1.818e-1,,6.179e-18,,1.202e-18,2.218e-16
532.44,2.834e+2,1.496e-7,3.851e-10,1.027e-40,2.764e-34,,,6.399e-18,1.514e-21,,2.410e-15,9.600e-19,1.208e-24,9.764e-18,1.189e-20,1.926e-16,1.271e-5,3.611e-26,,2.427e-18,4.351e-6,4.766e-19,7.150e-10,,1.300e-26,2.902e+0,,1.058e-19,1.757e-9,1.981e+2,7.488e-2,8.391e-11,1.423e-19,2.349e-22,1.456e-18,7.940e-17,4.640e-1,1.333e-5,7.017e-1,4.498e+0,5.526e+1,,2.123e+1,,,2.381e-11,,,6.407e-9,,1.335e-18,,6.777e-19,,1.798e-1,,6.173e-18,,1.205e-18,2.218e-16
532.46,2.836e+2,1.168e-7,4.424e-10,1.039e-40,2.764e-34,,,6.392e-18,1.515e-21,,2.409e-15,9.613e-19,1.209e-24,9.764e-18,1.187e-20,1.653e-16,1.559e-5,3.610e-26,,2.425e-18,3.440e-6,4.701e-19,1.020e-9,,1.301e-26,3.055e+0,,1.059e-19,1.299e-9,2.003e+2,6.769e-2,8.327e-11,1.423e-19,2.348e-22,1.460e-18,7.929e-17,4.584e-1,9.988e-6,7.366e-1,4.883e+0,5.401e+1,,1.992e+1,,,3.429e-11,,,4.691e-9,,1.335e-18,,6.776e-19,,1.779e-1,,6.169e-18,,1.207e-18,2.218e-16
532.49,2.830e+2,8.020e-8,5.419e-10,1.057e-40,2.764e-34,,,6.382e-18,1.516e-21,,2.409e-15,9.634e-19,1.210e-24,9.764e-18,1.184e-20,1.307e-16,2.106e-5,3.609e-26,,2.422e-18,2.406e-6,4.598e-19,1.730e-9,,1.301e-26,3.286e+0,,1.061e-19,8.212e-10,2.028e+2,5.796e-2,8.218e-11,1.423e-19,2.347e-22,1.465e-18,7.913e-17,4.479e-1,6.447e-6,7.882e-1,5.496e+0,5.192e+1,,1.801e+1,,,5.898e-11,,,2.924e-9,,1.336e-18,,6.775e-19,,1.743e-1,,6.164e-18,,1.211e-18,2.219e-16
532.51,2.820e+2,6.220e-8,6.184e-10,1.069e-40,2.764e-34,,,6.375e-18,1.518e-21,,2.409e-15,9.648e-19,1.211e-24,9.764e-18,1.182e-20,1.114e-16,2.566e-5,3.608e-26,,2.420e-18,1.889e-6,4.527e-19,2.452e-9,,1.302e-26,3.439e+0,,1.061e-19,6.028e-10,2.039e+2,5.215e-2,8.137e-11,1.423e-19,2.347e-22,1.469e-18,7.902e-17,4.395e-1,4.800e-6,8.218e-1,5.926e+0,5.040e+1,,1.678e+1,,,8.440e-11,,,2.126e-9,,1.336e-18,,6.775e-19,,1.714e-1,,6.160e-18,,1.213e-18,2.219e-16
532.54,2.796e+2,4.227e-8,7.501e-10,1.088e-40,2.764e-34,,,6.365e-18,1.519e-21,,2.408e-15,9.669e-19,1.212e-24,9.763e-18,1.179e-20,8.717e-17,3.432e-5,3.606e-26,,2.417e-18,1.308e-6,4.417e-19,4.116e-9,,1.302e-26,3.665e+0,,1.063e-19,3.772e-10,2.049e+2,4.437e-2,8.006e-11,1.423e-19,2.346e-22,1.475e-18,7.885e-17,4.251e-1,3.067e-6,8.705e-1,6.603e+0,4.796e+1,,1.502e+1,,,1.438e-10,,,1.312e-9,,1.336e-18,,6.774e-19,,1.665e-1,,6.155e-18,,1.216e-18,2.219e-16
532.56,2.775e+2,3.257e-8,8.503e-10,1.100e-40,2.764e-34,,,6.358e-18,1.521e-21,,2.408e-15,9.683e-19,1.212e-24,9.763e-18,1.177e-20,7.379e-17,4.152e-5,3.605e-26,,2.415e-18,1.020e-6,4.342e-19,5.794e-9,,1.303e-26,3.812e+0,,1.064e-19,2.751e-10,2.049e+2,3.978e-2,7.914e-11,1.423e-19,2.345e-22,1.479e-18,7.874e-17,4.143e-1,2.268e-6,9.016e-1,7.072e+0,4.624e+1,,1.391e+1,,,2.044e-10,,,9.477e-10,,1.336e-18,,6.774e-19,,1.627e-1,,6.151e-18,,1.219e-18,2.219e-16
532.59,2.735e+2,2.191e-8,1.021e-9,1.118e-40,2.764e-34,,,6.348e-18,1.522e-21,,2.407e-15,9.704e-19,1.213e-24,9.763e-18,1.174e-20,5.717e-17,5.498e-5,3.604e-26,,2.413e-18,6.989e-7,4.227e-19,9.631e-9,,1.303e-26,4.024e+0,,1.065e-19,1.704e-10,2.043e+2,3.376e-2,7.772e-11,1.424e-19,2.345e-22,1.484e-18,7.858e-17,3.966e-1,1.435e-6,9.454e-1,7.800e+0,4.356e+1,,1.232e+1,,,3.446e-10,,,5.788e-10,,1.336e-18,,6.773e-19,,1.566e-1,,6.146e-18,,1.222e-18,2.220e-16
532.61,2.703e+2,1.676e-8,1.150e-9,1.130e-40,2.763e-34,,,6.341e-18,1.524e-21,,2.407e-15,9.718e-19,1.214e-24,9.763e-18,1.172e-20,4.807e-17,6.608e-5,3.603e-26,,2.411e-18,5.414e-7,4.151e-19,1.347e-8,,1.304e-26,4.159e+0,,1.066e-19,1.234e-10,2.033e+2,3.027e-2,7.676e-11,1.424e-19,2.344e-22,1.488e-18,7.847e-17,3.840e-1,1.054e-6,9.726e-1,8.298e+0,4.172e+1,,1.133e+1,,,4.867e-10,,,4.152e-10,,1.336e-18,,6.772e-19,,1.522e-1,,6.142e-18,,1.224e-18,2.220e-16
532.64,2.648e+2,1.116e-8,1.367e-9,1.149e-40,2.763e-34,,,6.330e-18,1.525e-21,,2.407e-15,9.739e-19,1.215e-24,9.763e-18,1.169e-20,3.687e-17,8.662e-5,3.602e-26,,2.408e-18,3.673e-7,4.034e-19,2.216e-8,,1.304e-26,4.348e+0,,1.067e-19,7.567e-11,2.010e+2,2.579e-2,7.531e-11,1.424e-19,2.343e-22,1.494e-18,7.831e-17,3.639e-1,6.602e-7,1.010e+0,9.060e+0,3.890e+1,,9.941e+0,,,8.126e-10,,,2.510e-10,,1.337e-18,,6.772e-19,,1.451e-1,,6.137e-18,,1.228e-18,2.220e-16
532.66,2.607e+2,8.483e-9,1.530e-9,1.161e-40,2.763e-34,,,6.324e-18,1.527e-21,,2.406e-15,9.753e-19,1.215e-24,9.763e-18,1.167e-20,3.079e-17,1.034e-4,3.601e-26,,2.406e-18,2.826e-7,3.957e-19,3.079e-8,,1.305e-26,4.465e+0,,1.068e-19,5.443e-11,1.990e+2,2.328e-2,7.436e-11,1.424e-19,2.343e-22,1.498e-18,7.820e-17,3.500e-1,4.817e-7,1.032e+0,9.574e+0,3.700e+1,,9.080e+0,,,1.140e-9,,,1.788e-10,,1.337e-18,,6.771e-19,,1.403e-1,,6.133e-18,,1.230e-18,2.221e-16
532.69,2.539e+2,5.592e-9,1.801e-9,1.179e-40,2.763e-34,,,6.313e-18,1.528e-21,,2.406e-15,9.773e-19,1.216e-24,9.763e-18,1.164e-20,2.337e-17,1.342e-4,3.600e-26,,2.403e-18,1.897e-7,3.839e-19,5.016e-8,,1.305e-26,4.624e+0,,1.069e-19,3.304e-11,1.953e+2,2.018e-2,7.296e-11,1.424e-19,2.342e-22,1.504e-18,7.803e-17,3.283e-1,2.987e-7,1.060e+0,1.035e+1,3.416e+1,,7.885e+0,,,1.885e-9,,,1.070e-10,,1.337e-18,,6.770e-19,,1.327e-1,,6.127e-18,,1.233e-18,2.221e-16
532.71,2.489e+2,4.221e-9,2.002e-9,1.191e-40,2.763e-34,,,6.307e-18,1.530e-21,,2.406e-15,9.787e-19,1.217e-24,9.762e-18,1.162e-20,1.939e-17,1.591e-4,3.599e-26,,2.401e-18,1.450e-7,3.761e-19,6.921e-8,,1.306e-26,4.717e+0,,1.070e-19,2.360e-11,1.924e+2,1.853e-2,7.205e-11,1.424e-19,2.341e-22,1.507e-18,7.792e-17,3.136e-1,2.165e-7,1.076e+0,1.086e+1,3.227e+1,,7.153e+0,,,2.626e-9,,,7.573e-11,,1.337e-18,,6.770e-19,,1.276e-1,,6.124e-18,,1.236e-18,2.221e-16
532.74,2.409e+2,2.754e-9,2.334e-9,1.210e-40,2.763e-34,,,6.296e-18,1.531e-21,,2.405e-15,9.808e-19,1.218e-24,9.762e-18,1.159e-20,1.457e-17,2.044e-4,3.597e-26,,2.399e-18,9.636e-8,3.643e-19,1.116e-7,,1.306e-26,4.837e+0,,1.071e-19,1.418e-11,1.873e+2,1.667e-2,7.073e-11,1.425e-19,2.341e-22,1.513e-18,7.776e-17,2.913e-1,1.329e-7,1.095e+0,1.162e+1,2.949e+1,,6.150e+0,,,4.299e-9,,,4.486e-11,,1.337e-18,,6.769e-19,,1.199e-1,,6.118e-18,,1.239e-18,2.221e-16
532.76,2.353e+2,2.065e-9,2.577e-9,1.222e-40,2.763e-34,,,6.289e-18,1.533e-21,,2.405e-15,9.822e-19,1.218e-24,9.762e-18,1.156e-20,1.200e-17,2.408e-4,3.596e-26,,2.397e-18,7.314e-8,3.565e-19,1.530e-7,,1.307e-26,4.903e+0,,1.072e-19,1.006e-11,1.836e+2,1.582e-2,6.988e-11,1.425e-19,2.340e-22,1.517e-18,7.765e-17,2.763e-1,9.569e-8,1.104e+0,1.212e+1,2.768e+1,,5.542e+0,,,5.952e-9,,,3.153e-11,,1.337e-18,,6.768e-19,,1.148e-1,,6.115e-18,,1.241e-18,2.222e-16
532.79,2.264e+2,1.333e-9,2.975e-9,1.240e-40,2.763e-34,,,6.279e-18,1.534e-21,,2.405e-15,9.843e-19,1.219e-24,9.762e-18,1.153e-20,8.930e-18,3.063e-4,3.595e-26,,2.394e-18,4.812e-8,3.446e-19,2.443e-7,,1.308e-26,4.978e+0,,1.074e-19,5.984e-12,1.774e+2,1.512e-2,6.865e-11,1.425e-19,2.339e-22,1.523e-18,7.748e-17,2.540e-1,5.816e-8,1.111e+0,1.284e+1,2.504e+1,,4.716e+0,,,9.647e-9,,,1.849e-11,,1.337e-18,,6.768e-19,,1.074e-1,,6.109e-18,,1.245e-18,2.222e-16
532.81,2.203e+2,9.929e-10,3.264e-9,1.252e-40,2.762e-34,,,6.272e-18,1.536e-21,,2.404e-15,9.857e-19,1.220e-24,9.762e-18,1.151e-20,7.307e-18,3.584e-4,3.594e-26,,2.392e-18,3.628e-8,3.366e-19,3.327e-7,,1.308e-26,5.013e+0,,1.074e-19,4.218e-12,1.729e+2,1.503e-2,6.786e-11,1.425e-19,2.339e-22,1.526e-18,7.737e-17,2.394e-1,4.159e-8,1.113e+0,1.329e+1,2.334e+1,,4.221e+0,,,1.327e-8,,,1.291e-11,,1.338e-18,,6.767e-19,,1.026e-1,,6.106e-18,,1.247e-18,2.222e-16
532.83,2.140e+2,7.374e-10,3.572e-9,1.265e-40,2.762e-34,,,6.266e-18,1.537e-21,,2.404e-15,9.871e-19,1.221e-24,9.762e-18,1.149e-20,5.963e-18,4.182e-4,3.593e-26,,2.390e-18,2.727e-8,3.286e-19,4.517e-7,,1.308e-26,5.034e+0,,1.075e-19,2.965e-12,1.683e+2,1.525e-2,6.710e-11,1.425e-19,2.338e-22,1.530e-18,7.726e-17,2.250e-1,2.966e-8,1.111e+0,1.373e+1,2.170e+1,,3.768e+0,,,1.820e-8,,,8.985e-12,,1.338e-18,,6.767e-19,,9.796e-2,,6.102e-18,,1.249e-18,2.223e-16
532.86,2.042e+2,4.695e-10,4.070e-9,1.283e-40,2.762e-34,,,6.255e-18,1.539e-21,,2.404e-15,9.892e-19,1.222e-24,9.761e-18,1.146e-20,4.373e-18,5.244e-4,3.592e-26,,2.387e-18,1.769e-8,3.166e-19,7.113e-7,,1.309e-26,5.042e+0,,1.077e-19,1.738e-12,1.609e+2,1.615e-2,6.597e-11,1.425e-19,2.338e-22,1.536e-18,7.710e-17,2.039e-1,1.778e-8,1.104e+0,1.434e+1,1.935e+1,,3.162e+0,,,2.909e-8,,,5.193e-12,,1.338e-18,,6.766e-19,,9.145e-2,,6.096e-18,,1.253e-18,2.223e-16
532.88,1.975e+2,3.463e-10,4.425e-9,1.295e-40,2.762e-34,,,6.248e-18,1.540e-21,,2.403e-15,9.906e-19,1.222e-24,9.761e-18,1.144e-20,3.545e-18,6.078e-4,3.591e-26,,2.386e-18,1.321e-8,3.085e-19,9.595e-7,,1.309e-26,5.030e+0,,1.077e-19,1.213e-12,1.557e+2,1.715e-2,6.523e-11,1.426e-19,2.337e-22,1.540e-18,7.699e-17,1.904e-1,1.259e-8,1.095e+0,1.471e+1,1.787e+1,,2.803e+0,,,3.963e-8,,,3.591e-12,,1.338e-18,,6.765e-19,,8.744e-2,,6.093e-18,,1.255e-18,2.223e-16
532.91,1.874e+2,2.182e-10,4.994e-9,1.313e-40,2.762e-34,,,6.238e-18,1.542e-21,,2.403e-15,9.926e-19,1.223e-24,9.761e-18,1.141e-20,2.573e-18,7.547e-4,3.590e-26,,2.383e-18,8.480e-9,2.962e-19,1.496e-6,,1.310e-26,4.988e+0,,1.079e-19,7.043e-13,1.478e+2,1.928e-2,6.413e-11,1.426e-19,2.336e-22,1.546e-18,7.683e-17,1.708e-1,7.471e-9,1.076e+0,1.521e+1,1.578e+1,,2.328e+0,,,6.272e-8,,,2.054e-12,,1.338e-18,,6.765e-19,,8.201e-2,,6.087e-18,,1.258e-18,2.223e-16
532.93,1.806e+2,1.599e-10,5.397e-9,1.325e-40,2.762e-34,,,6.231e-18,1.543e-21,,2.403e-15,9.940e-19,1.224e-24,9.761e-18,1.139e-20,2.072e-18,8.688e-4,3.589e-26,,2.381e-18,6.290e-9,2.880e-19,2.004e-6,,1.310e-26,4.944e+0,,1.080e-19,4.883e-13,1.423e+2,2.114e-2,6.339e-11,1.426e-19,2.336e-22,1.549e-18,7.672e-17,1.584e-1,5.257e-9,1.060e+0,1.550e+1,1.447e+1,,2.050e+0,,,8.490e-8,,,1.411e-12,,1.338e-18,,6.764e-19,,7.883e-2,,6.084e-18,,1.260e-18,2.224e-16
532.96,1.703e+2,9.975e-11,6.035e-9,1.344e-40,2.762e-34,,,6.221e-18,1.545e-21,,2.402e-15,9.961e-19,1.225e-24,9.761e-18,1.136e-20,1.489e-18,1.068e-3,3.587e-26,,2.378e-18,3.997e-9,2.756e-19,3.093e-6,,1.311e-26,4.854e+0,,1.081e-19,2.805e-13,1.340e+2,2.462e-2,6.226e-11,1.426e-19,2.335e-22,1.555e-18,7.655e-17,1.407e-1,3.088e-9,1.032e+0,1.586e+1,1.265e+1,,1.686e+0,,,1.330e-7,,,7.991e-13,,1.339e-18,,6.763e-19,,7.478e-2,,6.078e-18,,1.264e-18,2.224e-16
532.98,1.634e+2,7.258e-11,6.482e-9,1.356e-40,2.762e-34,,,6.214e-18,1.546e-21,,2.402e-15,9.975e-19,1.225e-24,9.761e-18,1.134e-20,1.191e-18,1.221e-3,3.586e-26,,2.376e-18,2.945e-9,2.673e-19,4.117e-6,,1.311e-26,4.779e+0,,1.082e-19,1.932e-13,1.284e+2,2.744e-2,6.148e-11,1.426e-19,2.334e-22,1.559e-18,7.644e-17,1.296e-1,2.158e-9,1.010e+0,1.606e+1,1.152e+1,,1.475e+0,,,1.789e-7,,,5.451e-13,,1.339e-18,,6.763e-19,,7.260e-2,,6.075e-18,,1.266e-18,2.224e-16
533.01,1.532e+2,4.482e-11,7.184e-9,1.374e-40,2.762e-34,,,6.204e-18,1.548e-21,,2.401e-15,9.996e-19,1.226e-24,9.760e-18,1.131e-20,8.470e-19,1.486e-3,3.585e-26,,2.373e-18,1.852e-9,2.547e-19,6.290e-6,,1.312e-26,4.646e+0,,1.083e-19,1.099e-13,1.199e+2,3.246e-2,6.025e-11,1.427e-19,2.334e-22,1.565e-18,7.628e-17,1.139e-1,1.255e-9,9.726e-1,1.627e+1,9.969e+0,,1.200e+0,,,2.776e-7,,,3.055e-13,,1.339e-18,,6.762e-19,,7.018e-2,,6.069e-18,,1.269e-18,2.225e-16
533.03,1.464e+2,3.239e-11,7.671e-9,1.386e-40,2.761e-34,,,6.197e-18,1.549e-21,,2.401e-15,1.001e-18,1.227e-24,9.760e-18,1.129e-20,6.727e-19,1.688e-3,3.584e-26,,2.372e-18,1.355e-9,2.463e-19,8.316e-6,,1.313e-26,4.545e+0,,1.084e-19,7.515e-14,1.143e+2,3.639e-2,5.939e-11,1.427e-19,2.333e-22,1.569e-18,7.617e-17,1.042e-1,8.713e-10,9.454e-1,1.636e+1,9.021e+0,,1.043e+0,,,3.708e-7,,,2.070e-13,,1.339e-18,,6.762e-19,,6.916e-2,,6.065e-18,,1.272e-18,2.225e-16
533.06,1.364e+2,1.980e-11,8.427e-9,1.405e-40,2.761e-34,,,6.187e-18,1.551e-21,,2.401e-15,1.003e-18,1.228e-24,9.760e-18,1.126e-20,4.737e-19,2.034e-3,3.583e-26,,2.369e-18,8.439e-10,2.337e-19,1.258e-5,,1.313e-26,4.375e+0,,1.085e-19,4.230e-14,1.059e+2,4.320e-2,5.802e-11,1.427e-19,2.332e-22,1.574e-18,7.600e-17,9.072e-2,5.015e-10,9.016e-1,1.641e+1,7.726e+0,,8.404e-1,,,5.697e-7,,,1.149e-13,,1.339e-18,,6.761e-19,,6.858e-2,,6.060e-18,,1.275e-18,2.225e-16
533.08,1.298e+2,1.421e-11,8.947e-9,1.417e-40,2.761e-34,,,6.180e-18,1.552e-21,,2.400e-15,1.004e-18,1.228e-24,9.760e-18,1.124e-20,3.737e-19,2.295e-3,3.582e-26,,2.367e-18,6.133e-10,2.253e-19,1.652e-5,,1.314e-26,4.252e+0,,1.086e-19,2.874e-14,1.004e+2,4.840e-2,5.705e-11,1.427e-19,2.332e-22,1.578e-18,7.589e-17,8.243e-2,3.459e-10,8.705e-1,1.638e+1,6.944e+0,,7.252e-1,,,7.560e-7,,,7.729e-14,,1.339e-18,,6.760e-19,,6.884e-2,,6.056e-18,,1.277e-18,2.225e-16
533.11,1.202e+2,8.600e-12,9.747e-9,1.435e-40,2.761e-34,,,6.170e-18,1.554e-21,,2.400e-15,1.007e-18,1.229e-24,9.760e-18,1.120e-20,2.605e-19,2.737e-3,3.581e-26,,2.364e-18,3.780e-10,2.127e-19,2.474e-5,,1.314e-26,4.053e+0,,1.087e-19,1.601e-14,9.236e+1,5.725e-2,5.549e-11,1.427e-19,2.331e-22,1.584e-18,7.573e-17,7.103e-2,1.971e-10,8.218e-1,1.627e+1,5.887e+0,,5.785e-1,,,1.150e-6,,,4.245e-14,,1.340e-18,,6.760e-19,,7.025e-2,,6.051e-18,,1.281e-18,2.226e-16
533.13,1.139e+2,6.131e-12,1.029e-8,1.447e-40,2.761e-34,,,6.163e-18,1.555e-21,,2.400e-15,1.008e-18,1.230e-24,9.760e-18,1.118e-20,2.041e-19,3.067e-3,3.580e-26,,2.362e-18,2.729e-10,2.044e-19,3.228e-5,,1.315e-26,3.913e+0,,1.088e-19,1.081e-14,8.710e+1,6.391e-2,5.438e-11,1.427e-19,2.330e-22,1.588e-18,7.562e-17,6.411e-2,1.350e-10,7.882e-1,1.614e+1,5.256e+0,,4.958e-1,,,1.516e-6,,,2.837e-14,,1.340e-18,,6.759e-19,,7.188e-2,,6.047e-18,,1.283e-18,2.226e-16
533.16,1.048e+2,3.672e-12,1.113e-8,1.466e-40,2.761e-34,,,6.153e-18,1.557e-21,,2.399e-15,1.010e-18,1.231e-24,9.760e-18,1.115e-20,1.409e-19,3.621e-3,3.578e-26,,2.359e-18,1.665e-10,1.920e-19,4.786e-5,,1.315e-26,3.694e+0,,1.089e-19,5.959e-15,7.945e+1,7.509e-2,5.262e-11,1.428e-19,2.330e-22,1.593e-18,7.546e-17,5.468e-2,7.616e-11,7.366e-1,1.586e+1,4.411e+0,,3.915e-1,,,2.283e-6,,,1.542e-14,,1.340e-18,,6.758e-19,,7.539e-2,,6.042e-18,,1.286e-18,2.226e-16
533.18,9.887e+1,2.600e-12,1.169e-8,1.478e-40,2.761e-34,,,6.146e-18,1.558e-21,,2.399e-15,1.011e-18,1.231e-24,9.759e-18,1.113e-20,1.096e-19,4.032e-3,3.577e-26,,2.358e-18,1.193e-10,1.839e-19,6.202e-5,,1.316e-26,3.544e+0,,1.090e-19,3.994e-15,7.453e+1,8.337e-2,5.137e-11,1.428e-19,2.329e-22,1.597e-18,7.535e-17,4.902e-2,5.182e-11,7.017e-1,1.563e+1,3.912e+0,,3.333e-1,,,2.990e-6,,,1.024e-14,,1.340e-18,,6.758e-19,,7.843e-2,,6.038e-18,,1.289e-18,2.226e-16
533.2,9.314e+1,1.836e-12,1.226e-8,1.490e-40,2.761e-34,,,6.139e-18,1.559e-21,,2.399e-15,1.013e-18,1.232e-24,9.759e-18,1.111e-20,8.508e-20,4.476e-3,3.577e-26,,2.356e-18,8.533e-11,1.759e-19,8.015e-5,,1.316e-26,3.390e+0,,1.091e-19,2.670e-15,6.976e+1,9.236e-2,5.006e-11,1.428e-19,2.329e-22,1.601e-18,7.524e-17,4.382e-2,3.517e-11,6.666e-1,1.536e+1,3.459e+0,,2.830e-1,,,3.906e-6,,,6.778e-15,,1.340e-18,,6.757e-19,,8.205e-2,,6.034e-18,,1.291e-18,2.227e-16
533.23,8.489e+1,1.084e-12,1.311e-8,1.508e-40,2.760e-34,,,6.129e-18,1.561e-21,,2.398e-15,1.015e-18,1.233e-24,9.759e-18,1.108e-20,5.788e-20,5.211e-3,3.575e-26,,2.353e-18,5.133e-11,1.641e-19,1.172e-4,,1.317e-26,3.158e+0,,1.092e-19,1.451e-15,6.291e+1,1.072e-1,4.801e-11,1.428e-19,2.328e-22,1.607e-18,7.507e-17,3.686e-2,1.956e-11,6.142e-1,1.489e+1,2.862e+0,,2.203e-1,,,5.802e-6,,,3.633e-15,,1.340e-18,,6.757e-19,,8.853e-2,,6.029e-18,,1.294e-18,2.227e-16
533.25,7.962e+1,7.605e-13,1.369e-8,1.521e-40,2.760e-34,,,6.122e-18,1.562e-21,,2.398e-15,1.016e-18,1.234e-24,9.759e-18,1.106e-20,4.462e-20,5.747e-3,3.574e-26,,2.351e-18,3.645e-11,1.564e-19,1.504e-4,,1.317e-26,3.003e+0,,1.093e-19,9.636e-16,5.856e+1,1.180e-1,4.657e-11,1.428e-19,2.327e-22,1.611e-18,7.496e-17,3.273e-2,1.318e-11,5.797e-1,1.453e+1,2.514e+0,,1.858e-1,,,7.529e-6,,,2.389e-15,,1.340e-18,,6.756e-19,,9.356e-2,,6.025e-18,,1.297e-18,2.227e-16
533.28,7.209e+1,4.445e-13,1.455e-8,1.539e-40,2.760e-34,,,6.112e-18,1.564e-21,,2.398e-15,1.018e-18,1.235e-24,9.759e-18,1.103e-20,3.005e-20,6.624e-3,3.573e-26,,2.348e-18,2.170e-11,1.452e-19,2.178e-4,,1.318e-26,2.771e+0,,1.095e-19,5.186e-16,5.238e+1,1.357e-1,4.433e-11,1.428e-19,2.326e-22,1.616e-18,7.480e-17,2.725e-2,7.259e-12,5.287e-1,1.394e+1,2.060e+0,,1.432e-1,,,1.107e-5,,,1.267e-15,,1.341e-18,,6.755e-19,,1.021e-1,,6.020e-18,,1.300e-18,2.228e-16
533.3,6.732e+1,3.097e-13,1.513e-8,1.551e-40,2.760e-34,,,6.105e-18,1.565e-21,,2.397e-15,1.020e-18,1.235e-24,9.759e-18,1.101e-20,2.301e-20,7.256e-3,3.572e-26,,2.346e-18,1.531e-11,1.379e-19,2.777e-4,,1.318e-26,2.619e+0,,1.095e-19,3.420e-16,4.848e+1,1.484e-1,4.279e-11,1.429e-19,2.326e-22,1.620e-18,7.469e-17,2.403e-2,4.860e-12,4.956e-1,1.351e+1,1.797e+0,,1.199e-1,,,1.428e-5,,,8.275e-16,,1.341e-18,,6.755e-19,,1.085e-1,,6.016e-18,,1.302e-18,2.228e-16
533.33,6.054e+1,1.792e-13,1.599e-8,1.569e-40,2.760e-34,,,6.094e-18,1.567e-21,,2.397e-15,1.022e-18,1.236e-24,9.758e-18,1.098e-20,1.534e-20,8.279e-3,3.571e-26,,2.344e-18,9.021e-12,1.273e-19,3.980e-4,,1.319e-26,2.396e+0,,1.097e-19,1.822e-16,4.300e+1,1.689e-1,4.041e-11,1.429e-19,2.325e-22,1.626e-18,7.453e-17,1.981e-2,2.649e-12,4.475e-1,1.284e+1,1.457e+0,,9.150e-2,,,2.079e-5,,,4.345e-16,,1.341e-18,,6.754e-19,,1.190e-1,,6.011e-18,,1.306e-18,2.228e-16
533.35,5.628e+1,1.240e-13,1.657e-8,1.581e-40,2.760e-34,,,6.088e-18,1.568e-21,,2.396e-15,1.023e-18,1.237e-24,9.758e-18,1.096e-20,1.166e-20,9.009e-3,3.570e-26,,2.342e-18,6.320e-12,1.206e-19,5.041e-4,,1.319e-26,2.251e+0,,1.098e-19,1.193e-16,3.958e+1,1.836e-1,3.880e-11,1.429e-19,2.325e-22,1.630e-18,7.442e-17,1.735e-2,1.762e-12,4.166e-1,1.236e+1,1.263e+0,,7.613e-2,,,2.662e-5,,,2.818e-16,,1.341e-18,,6.754e-19,,1.265e-1,,6.007e-18,,1.308e-18,2.228e-16
533.38,5.028e+1,7.099e-14,1.743e-8,1.600e-40,2.760e-34,,,6.077e-18,1.570e-21,,2.396e-15,1.025e-18,1.238e-24,9.758e-18,1.093e-20,7.696e-21,1.018e-2,3.568e-26,,2.339e-18,3.687e-12,1.108e-19,7.152e-4,,1.320e-26,2.042e+0,,1.099e-19,6.291e-17,3.480e+1,2.069e-1,3.634e-11,1.429e-19,2.324e-22,1.635e-18,7.425e-17,1.416e-2,9.505e-13,3.724e-1,1.162e+1,1.014e+0,,5.749e-2,,,3.839e-5,,,1.465e-16,,1.341e-18,,6.753e-19,,1.387e-1,,6.002e-18,,1.311e-18,2.229e-16
533.4,4.654e+1,4.879e-14,1.801e-8,1.612e-40,2.760e-34,,,6.071e-18,1.571e-21,,2.396e-15,1.027e-18,1.238e-24,9.758e-18,1.091e-20,5.813e-21,1.100e-2,3.568e-26,,2.337e-18,2.565e-12,1.046e-19,9.000e-4,,1.320e-26,1.909e+0,,1.100e-19,4.092e-17,3.185e+1,2.233e-1,3.469e-11,1.429e-19,2.323e-22,1.639e-18,7.414e-17,1.232e-2,6.279e-13,3.444e-1,1.112e+1,8.727e-1,,4.751e-2,,,4.885e-5,,,9.437e-17,,1.341e-18,,6.752e-19,,1.473e-1,,5.998e-18,,1.314e-18,2.229e-16
533.43,4.130e+1,2.766e-14,1.887e-8,1.630e-40,2.760e-34,,,6.060e-18,1.573e-21,,2.395e-15,1.029e-18,1.239e-24,9.758e-18,1.088e-20,3.797e-21,1.230e-2,3.566e-26,,2.334e-18,1.481e-12,9.564e-20,1.264e-3,,1.321e-26,1.719e+0,,1.101e-19,2.136e-17,2.777e+1,2.492e-1,3.221e-11,1.429e-19,2.323e-22,1.645e-18,7.398e-17,9.950e-3,3.354e-13,3.048e-1,1.035e+1,6.936e-1,,3.552e-2,,,6.975e-5,,,4.855e-17,,1.342e-18,,6.752e-19,,1.609e-1,,5.992e-18,,1.317e-18,2.229e-16
533.45,3.806e+1,1.888e-14,1.945e-8,1.642e-40,2.759e-34,,,6.053e-18,1.574e-21,,2.395e-15,1.030e-18,1.240e-24,9.758e-18,1.085e-20,2.849e-21,1.321e-2,3.565e-26,,2.332e-18,1.024e-12,8.998e-20,1.580e-3,,1.321e-26,1.600e+0,,1.102e-19,1.380e-17,2.526e+1,2.672e-1,3.056e-11,1.430e-19,2.322e-22,1.649e-18,7.387e-17,8.600e-3,2.200e-13,2.800e-1,9.833e+0,5.931e-1,,2.916e-2,,,8.815e-5,,,3.107e-17,,1.342e-18,,6.751e-19,,1.702e-1,,5.989e-18,,1.319e-18,2.230e-16
533.48,3.356e+1,1.059e-14,2.032e-8,1.661e-40,2.759e-34,,,6.043e-18,1.576e-21,,2.395e-15,1.032e-18,1.241e-24,9.757e-18,1.082e-20,1.842e-21,1.462e-2,3.564e-26,,2.329e-18,5.852e-13,8.192e-20,2.197e-3,,1.322e-26,1.433e+0,,1.103e-19,7.125e-18,2.183e+1,2.952e-1,2.812e-11,1.430e-19,2.321e-22,1.655e-18,7.370e-17,6.876e-3,1.164e-13,2.452e-1,9.060e+0,4.668e-1,,2.157e-2,,,1.246e-4,,,1.582e-17,,1.342e-18,,6.750e-19,,1.847e-1,,5.983e-18,,1.323e-18,2.230e-16
533.5,3.080e+1,7.183e-15,2.091e-8,1.673e-40,2.759e-34,,,6.036e-18,1.577e-21,,2.394e-15,1.034e-18,1.241e-24,9.757e-18,1.080e-20,1.373e-21,1.559e-2,3.563e-26,,2.328e-18,4.017e-13,7.684e-20,2.728e-3,,1.322e-26,1.329e+0,,1.104e-19,4.572e-18,1.975e+1,3.144e-1,2.652e-11,1.430e-19,2.321e-22,1.658e-18,7.359e-17,5.903e-3,7.583e-14,2.238e-1,8.551e+0,3.966e-1,,1.759e-2,,,1.565e-4,,,1.005e-17,,1.342e-18,,6.750e-19,,1.946e-1,,5.980e-18,,1.325e-18,2.230e-16
533.53,2.699e+1,3.990e-15,2.181e-8,1.691e-40,2.759e-34,,,6.026e-18,1.579e-21,,2.394e-15,1.036e-18,1.242e-24,9.757e-18,1.077e-20,8.786e-22,1.709e-2,3.562e-26,,2.325e-18,2.273e-13,6.965e-20,3.756e-3,,1.323e-26,1.186e+0,,1.105e-19,2.338e-18,1.691e+1,3.439e-1,2.417e-11,1.430e-19,2.320e-22,1.664e-18,7.343e-17,4.672e-3,3.969e-14,1.940e-1,7.800e+0,3.092e-1,,1.289e-2,,,2.191e-4,,,5.068e-18,,1.342e-18,,6.749e-19,,2.095e-1,,5.974e-18,,1.328e-18,2.230e-16
533.55,2.468e+1,2.687e-15,2.242e-8,1.703e-40,2.759e-34,,,6.019e-18,1.580e-21,,2.394e-15,1.037e-18,1.243e-24,9.757e-18,1.075e-20,6.503e-22,1.810e-2,3.561e-26,,2.323e-18,1.550e-13,6.514e-20,4.633e-3,,1.323e-26,1.099e+0,,1.106e-19,1.490e-18,1.521e+1,3.638e-1,2.266e-11,1.430e-19,2.319e-22,1.668e-18,7.332e-17,3.984e-3,2.569e-14,1.759e-1,7.312e+0,2.612e-1,,1.044e-2,,,2.733e-4,,,3.199e-18,,1.342e-18,,6.749e-19,,2.195e-1,,5.971e-18,,1.330e-18,2.231e-16
533.57,2.253e+1,1.804e-15,2.304e-8,1.716e-40,2.759e-34,,,6.012e-18,1.581e-21,,2.393e-15,1.039e-18,1.244e-24,9.757e-18,1.073e-20,4.801e-22,1.913e-2,3.560e-26,,2.321e-18,1.054e-13,6.085e-20,5.699e-3,,1.324e-26,1.019e+0,,1.107e-19,9.473e-19,1.364e+1,3.839e-1,2.118e-11,1.430e-19,2.319e-22,1.672e-18,7.321e-17,3.388e-3,1.659e-14,1.590e-1,6.837e+0,2.202e-1,,8.432e-3,,,3.400e-4,,,2.014e-18,,1.343e-18,,6.748e-19,,2.294e-1,,5.967e-18,,1.333e-18,2.231e-16
533.6,1.960e+1,9.879e-16,2.399e-8,1.734e-40,2.759e-34,,,6.002e-18,1.583e-21,,2.393e-15,1.041e-18,1.245e-24,9.757e-18,1.070e-20,3.029e-22,2.067e-2,3.559e-26,,2.318e-18,5.877e-14,5.482e-20,7.736e-3,,1.324e-26,9.108e-1,,1.108e-19,4.776e-19,1.154e+1,4.140e-1,1.905e-11,1.431e-19,2.318e-22,1.677e-18,7.305e-17,2.644e-3,8.560e-15,1.359e-1,6.150e+0,1.699e-1,,6.092e-3,,,4.695e-4,,,1.001e-18,,1.343e-18,,6.747e-19,,2.440e-1,,5.961e-18,,1.336e-18,2.231e-16
533.62,1.783e+1,6.590e-16,2.464e-8,1.746e-40,2.759e-34,,,5.995e-18,1.584e-21,,2.393e-15,1.042e-18,1.245e-24,9.757e-18,1.068e-20,2.221e-22,2.169e-2,3.558e-26,,2.316e-18,3.969e-14,5.107e-20,9.452e-3,,1.325e-26,8.470e-1,,1.109e-19,3.015e-19,1.029e+1,4.339e-1,1.770e-11,1.431e-19,2.318e-22,1.681e-18,7.294e-17,2.234e-3,5.489e-15,1.220e-1,5.711e+0,1.427e-1,,4.890e-3,,,5.803e-4,,,6.257e-19,,1.343e-18,,6.747e-19,,2.534e-1,,5.958e-18,,1.338e-18,2.231e-16
533.65,1.545e+1,3.572e-16,2.564e-8,1.764e-40,2.758e-34,,,5.985e-18,1.586e-21,,2.392e-15,1.044e-18,1.246e-24,9.756e-18,1.065e-20,1.387e-22,2.320e-2,3.556e-26,,2.314e-18,2.192e-14,4.582e-20,1.270e-2,,1.326e-26,7.634e-1,,1.110e-19,1.505e-19,8.619e+0,4.632e-1,1.577e-11,1.431e-19,2.317e-22,1.687e-18,7.277e-17,1.726e-3,2.804e-15,1.033e-1,5.086e+0,1.099e-1,,3.502e-3,,,7.934e-4,,,3.078e-19,,1.343e-18,,6.746e-19,,2.671e-1,,5.952e-18,,1.342e-18,2.232e-16
533.67,1.403e+1,2.366e-16,2.633e-8,1.777e-40,2.758e-34,,,5.978e-18,1.587e-21,,2.392e-15,1.046e-18,1.247e-24,9.756e-18,1.063e-20,1.010e-22,2.419e-2,3.555e-26,,2.312e-18,1.470e-14,4.256e-20,1.542e-2,,1.326e-26,7.154e-1,,1.111e-19,9.435e-20,7.637e+0,4.823e-1,1.455e-11,1.431e-19,2.316e-22,1.691e-18,7.266e-17,1.448e-3,1.786e-15,9.209e-2,4.693e+0,9.257e-2,,2.796e-3,,,9.743e-4,,,1.911e-19,,1.343e-18,,6.746e-19,,2.756e-1,,5.949e-18,,1.344e-18,2.232e-16
533.7,1.213e+1,1.270e-16,2.739e-8,1.795e-40,2.758e-34,,,5.968e-18,1.589e-21,,2.391e-15,1.048e-18,1.248e-24,9.756e-18,1.060e-20,6.247e-23,2.562e-2,3.554e-26,,2.309e-18,8.035e-15,3.803e-20,2.052e-2,,1.327e-26,6.548e-1,,1.113e-19,4.661e-20,6.341e+0,5.097e-1,1.284e-11,1.431e-19,2.315e-22,1.697e-18,7.250e-17,1.108e-3,9.032e-16,7.716e-2,4.138e+0,7.211e-2,,1.990e-3,,,1.319e-3,,,1.909e-19,,1.343e-18,,6.745e-19,,2.877e-1,,5.943e-18,,1.347e-18,2.232e-16
533.72,1.101e+1,8.354e-17,2.812e-8,1.807e-40,2.758e-34,,,5.961e-18,1.590e-21,,2.391e-15,1.049e-18,1.248e-24,9.756e-18,1.058e-20,4.518e-23,2.653e-2,3.553e-26,,2.307e-18,5.353e-15,3.523e-20,2.474e-2,,1.327e-26,6.218e-1,,1.113e-19,2.903e-20,5.585e+0,5.271e-1,1.177e-11,1.431e-19,2.315e-22,1.700e-18,7.239e-17,9.242e-4,5.478e-16,6.835e-2,3.793e+0,6.166e-2,,1.586e-3,,,1.609e-3,,,1.907e-19,,1.344e-18,,6.744e-19,,2.950e-1,,5.940e-18,,1.350e-18,2.233e-16
533.75,9.517e+0,4.437e-17,2.924e-8,1.825e-40,2.758e-34,,,5.951e-18,1.592e-21,,2.391e-15,1.051e-18,1.249e-24,9.756e-18,1.055e-20,2.765e-23,2.781e-2,3.552e-26,,2.304e-18,2.896e-15,3.135e-20,3.259e-2,,1.328e-26,5.826e-1,,1.115e-19,1.419e-20,4.594e+0,5.515e-1,1.028e-11,1.432e-19,2.314e-22,1.706e-18,7.222e-17,7.010e-4,2.746e-16,5.669e-2,3.314e+0,5.002e-2,,1.133e-3,,,2.158e-3,,,1.905e-19,,1.344e-18,,6.743e-19,,3.048e-1,,5.934e-18,,1.353e-18,2.233e-16
533.77,8.646e+0,2.900e-17,3.001e-8,1.838e-40,2.758e-34,,,5.944e-18,1.593e-21,,2.390e-15,1.052e-18,1.250e-24,9.756e-18,1.053e-20,1.987e-23,2.861e-2,3.551e-26,,2.302e-18,1.916e-15,2.898e-20,3.903e-2,,1.328e-26,5.632e-1,,1.116e-19,1.419e-20,4.020e+0,5.665e-1,9.366e-12,1.432e-19,2.314e-22,1.710e-18,7.211e-17,5.817e-4,1.727e-16,4.988e-2,3.019e+0,4.460e-2,,9.121e-4,,,2.615e-3,,,1.904e-19,,1.344e-18,,6.743e-19,,3.106e-1,,5.930e-18,,1.355e-18,2.233e-16
533.8,7.504e+0,1.524e-17,3.118e-8,1.856e-40,2.758e-34,,,5.934e-18,1.595e-21,,2.390e-15,1.055e-18,1.251e-24,9.755e-18,1.049e-20,1.204e-23,2.969e-2,3.550e-26,,2.300e-18,1.026e-15,2.570e-20,5.090e-2,,1.329e-26,5.437e-1,,1.117e-19,1.420e-20,3.276e+0,5.868e-1,8.102e-12,1.432e-19,2.313e-22,1.716e-18,7.195e-17,4.387e-4,8.568e-17,4.096e-2,2.614e+0,3.957e-2,,6.743e-4,,,3.472e-3,,,1.901e-19,,1.344e-18,,6.742e-19,,3.178e-1,,5.925e-18,,1.359e-18,2.233e-16
533.82,6.844e+0,9.895e-18,3.197e-8,1.868e-40,2.758e-34,,,5.927e-18,1.596e-21,,2.390e-15,1.056e-18,1.251e-24,9.755e-18,1.047e-20,8.589e-24,3.034e-2,3.549e-26,,2.298e-18,6.745e-16,2.370e-20,6.055e-2,,1.329e-26,5.367e-1,,1.118e-19,1.420e-20,2.849e+0,5.988e-1,7.331e-12,1.432e-19,2.312e-22,1.720e-18,7.184e-17,3.634e-4,5.351e-17,3.579e-2,2.368e+0,3.809e-2,,5.666e-4,,,4.180e-3,,,1.900e-19,,1.344e-18,,6.742e-19,,3.216e-1,,5.921e-18,,1.361e-18,2.234e-16
533.85,5.993e+0,5.149e-18,3.316e-8,1.886e-40,2.757e-34,,,5.917e-18,1.598e-21,,2.389e-15,1.058e-18,1.252e-24,9.755e-18,1.044e-20,5.151e-24,3.117e-2,3.547e-26,,2.295e-18,3.575e-16,2.097e-20,7.818e-2,,1.330e-26,5.348e-1,,1.119e-19,1.420e-20,2.300e+0,6.140e-1,6.278e-12,1.432e-19,2.311e-22,1.725e-18,7.168e-17,2.749e-4,2.628e-17,2.909e-2,2.035e+0,3.852e-2,,4.671e-4,,,5.496e-3,,,1.897e-19,,1.344e-18,,6.741e-19,,3.258e-1,,5.916e-18,,1.364e-18,2.234e-16
533.87,5.510e+0,3.320e-18,3.395e-8,1.898e-40,2.757e-34,,,5.910e-18,1.599e-21,,2.389e-15,1.059e-18,1.253e-24,9.755e-18,1.042e-20,3.651e-24,3.163e-2,3.546e-26,,2.293e-18,2.334e-16,1.932e-20,9.240e-2,,1.330e-26,5.390e-1,,1.120e-19,1.420e-20,1.988e+0,6.223e-1,5.643e-12,1.432e-19,2.311e-22,1.729e-18,7.157e-17,2.296e-4,1.630e-17,2.525e-2,1.836e+0,4.053e-2,,4.367e-4,,,6.575e-3,,,1.896e-19,,1.345e-18,,6.740e-19,,3.275e-1,,5.912e-18,,1.367e-18,2.234e-16
533.9,4.899e+0,1.710e-18,3.513e-8,1.917e-40,2.757e-34,,,5.900e-18,1.601e-21,,2.389e-15,1.062e-18,1.254e-24,9.755e-18,1.039e-20,2.168e-24,3.218e-2,3.545e-26,,2.290e-18,1.225e-16,1.708e-20,1.181e-1,,1.331e-26,5.530e-1,,1.121e-19,1.420e-20,1.589e+0,6.318e-1,4.785e-12,1.433e-19,2.310e-22,1.735e-18,7.140e-17,1.788e-4,1.636e-17,2.032e-2,1.571e+0,4.619e-2,,4.403e-4,,,8.560e-3,,,1.893e-19,,1.345e-18,,6.740e-19,,3.285e-1,,5.907e-18,,1.370e-18,2.235e-16
533.92,4.563e+0,1.095e-18,3.590e-8,1.929e-40,2.757e-34,,,5.893e-18,1.602e-21,,2.388e-15,1.063e-18,1.255e-24,9.755e-18,1.037e-20,1.526e-24,3.244e-2,3.544e-26,,2.288e-18,7.941e-17,1.574e-20,1.386e-1,,1.331e-26,5.672e-1,,1.122e-19,1.421e-20,1.365e+0,6.360e-1,4.272e-12,1.433e-19,2.310e-22,1.739e-18,7.129e-17,1.547e-4,1.640e-17,1.752e-2,1.416e+0,5.182e-2,,4.750e-4,,,1.017e-2,,,1.892e-19,,1.345e-18,,6.739e-19,,3.280e-1,,5.903e-18,,1.372e-18,2.235e-16
533.94,4.278e+0,6.994e-19,3.666e-8,1.941e-40,2.757e-34,,,5.886e-18,1.603e-21,,2.388e-15,1.064e-18,1.255e-24,9.755e-18,1.035e-20,1.071e-24,3.261e-2,3.543e-26,,2.287e-18,5.134e-17,1.452e-20,1.623e-1,,1.332e-26,5.849e-1,,1.123e-19,1.421e-20,1.169e+0,6.386e-1,3.805e-12,1.433e-19,2.309e-22,1.742e-18,7.118e-17,1.375e-4,1.644e-17,1.507e-2,1.277e+0,5.904e-2,,5.370e-4,,,1.206e-2,,,1.890e-19,,1.345e-18,,6.739e-19,,3.267e-1,,5.899e-18,,1.374e-18,2.235e-16
533.97,3.939e+0,3.551e-19,3.775e-8,1.959e-40,2.757e-34,,,5.876e-18,1.605e-21,,2.388e-15,1.066e-18,1.256e-24,9.754e-18,1.032e-20,6.270e-25,3.271e-2,3.542e-26,,2.284e-18,2.656e-17,1.291e-20,2.046e-1,,1.332e-26,6.181e-1,,1.124e-19,1.421e-20,9.219e-1,6.392e-1,3.181e-12,1.433e-19,2.308e-22,1.748e-18,7.102e-17,1.236e-4,1.650e-17,1.195e-2,1.098e+0,7.318e-2,,6.869e-4,,,1.549e-2,,,1.888e-19,,1.345e-18,,6.738e-19,,3.231e-1,,5.894e-18,,1.378e-18,2.235e-16
533.99,3.769e+0,2.253e-19,3.843e-8,1.972e-40,2.757e-34,,,5.869e-18,1.606e-21,,2.387e-15,1.068e-18,1.257e-24,9.754e-18,1.030e-20,4.372e-25,3.267e-2,3.541e-26,,2.282e-18,1.706e-17,1.197e-20,2.380e-1,,1.333e-26,6.442e-1,,1.125e-19,1.421e-20,7.845e-1,6.375e-1,2.814e-12,1.433e-19,2.308e-22,1.752e-18,7.091e-17,1.221e-4,1.654e-17,1.021e-2,9.980e-1,8.507e-2,,8.309e-4,,,1.825e-2,,,1.886e-19,,1.345e-18,,6.737e-19,,3.196e-1,,5.890e-18,,1.380e-18,2.236e-16
534.02,3.591e+0,1.132e-19,3.939e-8,1.990e-40,2.757e-34,,,5.858e-18,1.608e-21,,2.387e-15,1.070e-18,1.258e-24,9.754e-18,1.027e-20,2.533e-25,3.244e-2,3.540e-26,,2.279e-18,8.735e-18,1.077e-20,2.969e-1,,1.333e-26,6.889e-1,,1.126e-19,1.421e-20,6.129e-1,6.318e-1,2.329e-12,1.434e-19,2.307e-22,1.758e-18,7.074e-17,1.313e-4,1.660e-17,8.019e-3,8.755e-1,1.072e-1,,1.129e-3,,,2.321e-2,,,1.884e-19,,1.346e-18,,6.737e-19,,3.129e-1,,5.885e-18,,1.384e-18,2.236e-16
534.04,3.521e+0,7.134e-20,3.997e-8,2.002e-40,2.757e-34,,,5.852e-18,1.609e-21,,2.387e-15,1.071e-18,1.258e-24,9.754e-18,1.025e-20,1.755e-25,3.218e-2,3.539e-26,,2.277e-18,5.572e-18,1.010e-20,3.430e-1,,1.334e-26,7.221e-1,,1.127e-19,1.422e-20,5.182e-1,6.259e-1,2.047e-12,1.434e-19,2.306e-22,1.762e-18,7.063e-17,1.459e-4,1.664e-17,6.803e-3,8.119e-1,1.251e-1,,1.393e-3,,,2.716e-2,,,1.882e-19,,1.346e-18,,6.736e-19,,3.075e-1,,5.881e-18,,1.386e-18,2.236e-16
534.07,3.487e+0,3.549e-20,4.073e-8,2.020e-40,2.756e-34,,,5.841e-18,1.611e-21,,2.386e-15,1.073e-18,1.259e-24,9.754e-18,1.022e-20,1.006e-25,3.163e-2,3.537e-26,,2.274e-18,2.824e-18,9.278e-21,4.238e-1,,1.334e-26,7.767e-1,,1.129e-19,1.422e-20,4.009e-1,6.140e-1,1.677e-12,1.434e-19,2.306e-22,1.767e-18,7.047e-17,1.819e-4,1.670e-17,5.289e-3,7.428e-1,1.576e-1,,1.917e-3,,,3.422e-2,,,1.880e-19,,1.346e-18,,6.735e-19,,2.981e-1,,5.876e-18,,1.389e-18,2.237e-16
534.09,3.510e+0,2.221e-20,4.117e-8,2.033e-40,2.756e-34,,,5.835e-18,1.612e-21,,2.386e-15,1.075e-18,1.260e-24,9.754e-18,1.020e-20,6.922e-26,3.117e-2,3.536e-26,,2.273e-18,1.789e-18,8.857e-21,4.864e-1,,1.335e-26,8.158e-1,,1.129e-19,1.422e-20,3.368e-1,6.042e-1,1.464e-12,1.434e-19,2.305e-22,1.771e-18,7.036e-17,2.171e-4,1.673e-17,4.457e-3,7.143e-1,1.836e-1,,2.371e-3,,,3.978e-2,,,1.879e-19,,1.346e-18,,6.735e-19,,2.909e-1,,5.872e-18,,1.391e-18,2.237e-16
534.12,3.612e+0,1.094e-20,4.169e-8,2.051e-40,2.756e-34,,,5.824e-18,1.614e-21,,2.385e-15,1.077e-18,1.261e-24,9.753e-18,1.017e-20,3.930e-26,3.034e-2,3.535e-26,,2.270e-18,8.977e-19,8.411e-21,5.949e-1,,1.335e-26,8.783e-1,,1.131e-19,1.422e-20,2.580e-1,5.868e-1,1.188e-12,1.434e-19,2.304e-22,1.777e-18,7.020e-17,2.905e-4,1.679e-17,3.431e-3,6.982e-1,2.299e-1,,3.253e-3,,,4.964e-2,,,1.876e-19,,1.346e-18,,6.734e-19,,2.792e-1,,5.867e-18,,1.395e-18,2.237e-16
534.14,3.726e+0,6.798e-21,4.195e-8,2.063e-40,2.756e-34,,,5.817e-18,1.615e-21,,2.385e-15,1.078e-18,1.261e-24,9.753e-18,1.014e-20,2.685e-26,2.969e-2,3.534e-26,,2.268e-18,5.649e-19,8.235e-21,6.781e-1,,1.336e-26,9.221e-1,,1.132e-19,1.422e-20,2.154e-1,5.736e-1,1.030e-12,1.434e-19,2.304e-22,1.781e-18,7.009e-17,3.562e-4,1.683e-17,2.871e-3,7.054e-1,2.664e-1,,4.007e-3,,,5.735e-2,,,1.875e-19,,1.346e-18,,6.734e-19,,2.707e-1,,5.863e-18,,1.397e-18,2.237e-16
534.17,3.967e+0,9.026e-21,4.218e-8,2.081e-40,2.756e-34,,,5.807e-18,1.617e-21,,2.385e-15,1.080e-18,1.262e-24,9.753e-18,1.011e-20,1.509e-26,2.861e-2,3.533e-26,,2.265e-18,2.806e-19,8.153e-21,8.211e-1,,1.336e-26,9.906e-1,,1.133e-19,1.423e-20,1.634e-1,5.515e-1,8.269e-13,1.435e-19,2.303e-22,1.786e-18,6.992e-17,4.864e-4,1.689e-17,2.188e-3,7.445e-1,3.308e-1,,5.453e-3,,,7.088e-2,,,1.872e-19,,1.346e-18,,6.733e-19,,2.571e-1,,5.857e-18,,1.400e-18,2.238e-16
534.19,4.176e+0,1.051e-20,4.224e-8,2.094e-40,2.756e-34,,,5.800e-18,1.618e-21,,2.384e-15,1.082e-18,1.263e-24,9.753e-18,1.009e-20,1.024e-26,2.781e-2,3.532e-26,,2.263e-18,1.754e-19,8.221e-21,9.298e-1,,1.337e-26,1.038e+0,,1.134e-19,1.423e-20,1.355e-1,5.355e-1,7.121e-13,1.435e-19,2.302e-22,1.790e-18,6.981e-17,5.994e-4,1.693e-17,1.819e-3,7.902e-1,3.810e-1,,6.676e-3,,,8.138e-2,,,1.871e-19,,1.347e-18,,6.732e-19,,2.477e-1,,5.854e-18,,1.403e-18,2.238e-16
534.22,4.565e+0,1.274e-20,4.215e-8,2.112e-40,2.756e-34,,,5.790e-18,1.620e-21,,2.384e-15,1.084e-18,1.264e-24,9.753e-18,1.006e-20,5.697e-27,2.653e-2,3.531e-26,,2.260e-18,8.621e-20,8.505e-21,1.115e+0,,1.337e-26,1.110e+0,,1.135e-19,1.423e-20,1.018e-1,5.097e-1,5.662e-13,1.435e-19,2.302e-22,1.796e-18,6.965e-17,8.189e-4,1.699e-17,1.372e-3,8.904e-1,4.686e-1,,9.000e-3,,,9.963e-2,,,1.868e-19,,1.347e-18,,6.732e-19,,2.329e-1,,5.848e-18,,1.406e-18,2.238e-16
534.24,4.879e+0,1.422e-20,4.198e-8,2.124e-40,2.756e-34,,,5.783e-18,1.621e-21,,2.384e-15,1.085e-18,1.265e-24,9.753e-18,1.004e-20,3.840e-27,2.562e-2,3.530e-26,,2.259e-18,8.658e-20,8.817e-21,1.254e+0,,1.338e-26,1.158e+0,,1.136e-19,1.423e-20,8.383e-2,4.916e-1,4.843e-13,1.435e-19,2.301e-22,1.800e-18,6.954e-17,1.006e-3,1.703e-17,1.133e-3,9.796e-1,5.362e-1,,1.095e-2,,,1.137e-1,,,1.867e-19,,1.347e-18,,6.731e-19,,2.228e-1,,5.845e-18,,1.408e-18,2.238e-16
534.27,5.435e+0,1.645e-20,4.156e-8,2.142e-40,2.755e-34,,,5.773e-18,1.623e-21,,2.383e-15,1.087e-18,1.265e-24,9.752e-18,1.001e-20,2.115e-27,2.419e-2,3.528e-26,,2.256e-18,8.713e-20,9.472e-21,1.488e+0,,1.339e-26,1.232e+0,,1.137e-19,1.423e-20,6.236e-2,4.632e-1,3.812e-13,1.435e-19,2.300e-22,1.806e-18,6.937e-17,1.366e-3,1.709e-17,8.460e-4,1.150e+0,6.531e-1,,1.462e-2,,,1.378e-1,,,1.864e-19,,1.347e-18,,6.730e-19,,2.074e-1,,5.839e-18,,1.412e-18,2.239e-16
534.29,5.868e+0,1.794e-20,4.117e-8,2.154e-40,2.755e-34,,,5.766e-18,1.624e-21,,2.383e-15,1.089e-18,1.266e-24,9.752e-18,9.991e-21,1.416e-27,2.321e-2,3.527e-26,,2.254e-18,8.750e-20,1.003e-20,1.663e+0,,1.339e-26,1.280e+0,,1.138e-19,1.424e-20,5.103e-2,4.438e-1,3.239e-13,1.435e-19,2.300e-22,1.809e-18,6.927e-17,1.669e-3,1.712e-17,6.940e-4,1.291e+0,7.424e-1,,1.766e-2,,,1.563e-1,,,1.863e-19,,1.347e-18,,6.730e-19,,1.971e-1,,5.836e-18,,1.414e-18,2.239e-16
534.31,6.353e+0,1.942e-20,4.068e-8,2.167e-40,2.755e-34,,,5.759e-18,1.625e-21,,2.383e-15,1.090e-18,1.267e-24,9.752e-18,9.970e-21,9.455e-28,2.220e-2,3.527e-26,,2.252e-18,8.786e-20,1.070e-20,1.853e+0,,1.339e-26,1.329e+0,,1.139e-19,1.424e-20,4.165e-2,4.240e-1,2.745e-13,1.436e-19,2.299e-22,1.813e-18,6.916e-17,2.035e-3,1.716e-17,5.677e-4,1.454e+0,8.417e-1,,2.129e-2,,,1.767e-1,,,1.861e-19,,1.347e-18,,6.729e-19,,1.868e-1,,5.832e-18,,1.416e-18,2.239e-16
534.34,7.185e+0,2.165e-20,3.979e-8,2.185e-40,2.755e-34,,,5.749e-18,1.627e-21,,2.382e-15,1.092e-18,1.268e-24,9.752e-18,9.939e-21,5.133e-28,2.067e-2,3.525e-26,,2.249e-18,8.841e-20,1.189e-20,2.168e+0,,1.340e-26,1.399e+0,,1.140e-19,1.424e-20,3.056e-2,3.939e-1,2.131e-13,1.436e-19,2.299e-22,1.819e-18,6.899e-17,2.727e-3,1.722e-17,4.179e-4,1.747e+0,1.011e+0,,2.802e-2,,,2.115e-1,,,1.859e-19,,1.348e-18,,6.729e-19,,1.715e-1,,5.826e-18,,1.420e-18,2.240e-16
534.36,7.815e+0,2.314e-20,3.909e-8,2.197e-40,2.755e-34,,,5.742e-18,1.628e-21,,2.382e-15,1.094e-18,1.268e-24,9.752e-18,9.918e-21,3.404e-28,1.965e-2,3.524e-26,,2.247e-18,8.878e-20,1.281e-20,2.400e+0,,1.340e-26,1.445e+0,,1.141e-19,1.424e-20,2.479e-2,3.738e-1,1.794e-13,1.436e-19,2.298e-22,1.823e-18,6.888e-17,3.303e-3,1.726e-17,3.396e-4,1.976e+0,1.139e+0,,3.355e-2,,,2.378e-1,,,1.857e-19,,1.348e-18,,6.728e-19,,1.615e-1,,5.823e-18,,1.422e-18,2.240e-16
534.39,8.880e+0,2.536e-20,3.790e-8,2.215e-40,2.755e-34,,,5.732e-18,1.630e-21,,2.382e-15,1.096e-18,1.269e-24,9.752e-18,9.888e-21,1.829e-28,1.811e-2,3.523e-26,,2.245e-18,8.933e-20,1.439e-20,2.781e+0,,1.341e-26,1.510e+0,,1.142e-19,1.424e-20,1.802e-2,3.439e-1,1.379e-13,1.436e-19,2.297e-22,1.829e-18,6.872e-17,4.383e-3,1.732e-17,2.475e-4,2.378e+0,1.354e+0,,4.373e-2,,,2.820e-1,,,1.855e-19,,1.348e-18,,6.727e-19,,1.467e-1,,5.817e-18,,1.425e-18,2.240e-16
534.41,9.676e+0,2.685e-20,3.701e-8,2.228e-40,2.755e-34,,,5.725e-18,1.631e-21,,2.381e-15,1.097e-18,1.270e-24,9.752e-18,9.867e-21,1.205e-28,1.710e-2,3.522e-26,,2.243e-18,8.970e-20,1.558e-20,3.058e+0,,1.341e-26,1.552e+0,,1.143e-19,1.424e-20,1.453e-2,3.242e-1,1.154e-13,1.436e-19,2.297e-22,1.832e-18,6.861e-17,5.275e-3,1.736e-17,1.998e-4,2.686e+0,1.515e+0,,5.200e-2,,,3.150e-1,,,1.854e-19,,1.348e-18,,6.727e-19,,1.372e-1,,5.814e-18,,1.428e-18,2.240e-16
534.44,1.101e+1,2.908e-20,3.555e-8,2.246e-40,2.755e-34,,,5.715e-18,1.633e-21,,2.381e-15,1.099e-18,1.271e-24,9.751e-18,9.836e-21,6.410e-29,1.561e-2,3.521e-26,,2.240e-18,9.025e-20,1.756e-20,3.508e+0,,1.342e-26,1.609e+0,,1.144e-19,1.425e-20,1.048e-2,2.952e-1,8.791e-14,1.436e-19,2.296e-22,1.838e-18,6.844e-17,6.929e-3,1.742e-17,1.441e-4,3.217e+0,1.783e+0,,6.710e-2,,,3.703e-1,,,1.851e-19,,1.348e-18,,6.726e-19,,1.234e-1,,5.808e-18,,1.431e-18,2.241e-16
534.46,1.199e+1,3.056e-20,3.450e-8,2.258e-40,2.755e-34,,,5.708e-18,1.634e-21,,2.381e-15,1.100e-18,1.271e-24,9.751e-18,9.816e-21,4.194e-29,1.464e-2,3.520e-26,,2.238e-18,9.062e-20,1.901e-20,3.831e+0,,1.343e-26,1.645e+0,,1.145e-19,1.425e-20,8.420e-3,2.764e-1,7.315e-14,1.437e-19,2.295e-22,1.842e-18,6.833e-17,8.284e-3,1.746e-17,1.155e-4,3.620e+0,1.982e+0,,7.927e-2,,,4.112e-1,,,1.850e-19,,1.348e-18,,6.726e-19,,1.147e-1,,5.805e-18,,1.433e-18,2.241e-16
534.49,1.362e+1,6.184e-20,3.283e-8,2.276e-40,2.754e-34,,,5.698e-18,1.636e-21,,2.380e-15,1.103e-18,1.272e-24,9.751e-18,9.785e-21,2.209e-29,1.323e-2,3.518e-26,,2.235e-18,9.117e-20,2.138e-20,4.351e+0,,1.343e-26,1.692e+0,,1.147e-19,1.425e-20,6.062e-3,2.492e-1,5.537e-14,1.437e-19,2.295e-22,1.848e-18,6.817e-17,1.077e-2,1.752e-17,8.252e-5,4.303e+0,2.310e+0,,1.013e-1,,,4.791e-1,,,1.847e-19,,1.349e-18,,6.725e-19,,1.021e-1,,5.799e-18,,1.437e-18,2.241e-16
534.51,1.481e+1,9.860e-20,3.166e-8,2.289e-40,2.754e-34,,,5.691e-18,1.637e-21,,2.380e-15,1.104e-18,1.273e-24,9.751e-18,9.764e-21,1.435e-29,1.233e-2,3.518e-26,,2.233e-18,9.154e-20,2.309e-20,4.721e+0,,1.344e-26,1.719e+0,,1.147e-19,1.425e-20,4.882e-3,2.318e-1,4.595e-14,1.437e-19,2.294e-22,2.958e-18,6.806e-17,1.280e-2,1.755e-17,6.571e-5,4.815e+0,2.550e+0,,1.188e-1,,,5.288e-1,,,1.846e-19,,1.349e-18,,6.724e-19,,9.422e-2,,5.795e-18,,1.439e-18,2.242e-16
534.54,1.676e+1,1.975e-19,2.984e-8,2.307e-40,2.754e-34,,,5.681e-18,1.639e-21,,2.379e-15,1.106e-18,1.274e-24,9.751e-18,9.733e-21,7.481e-30,1.104e-2,3.516e-26,,2.231e-18,9.209e-20,2.584e-20,5.308e+0,,1.344e-26,1.754e+0,,1.149e-19,1.426e-20,3.570e-3,2.069e-1,3.479e-14,1.437e-19,2.293e-22,5.960e-18,6.790e-17,1.648e-2,1.761e-17,4.646e-5,5.674e+0,2.943e+0,,1.503e-1,,,6.107e-1,,,1.843e-19,,1.349e-18,,6.724e-19,,8.308e-2,,5.790e-18,,1.442e-18,2.242e-16
534.56,1.818e+1,3.129e-19,2.859e-8,2.319e-40,2.754e-34,,,5.674e-18,1.640e-21,,2.379e-15,1.107e-18,1.274e-24,9.751e-18,9.713e-21,4.829e-30,1.023e-2,3.515e-26,,2.229e-18,9.246e-20,2.780e-20,5.720e+0,,1.345e-26,1.773e+0,,1.150e-19,1.426e-20,2.942e-3,1.911e-1,2.901e-14,1.437e-19,2.293e-22,9.478e-18,6.779e-17,1.944e-2,2.815e-17,3.675e-5,6.311e+0,3.227e+0,,1.752e-1,,,6.703e-1,,,1.842e-19,,1.349e-18,,6.723e-19,,7.614e-2,,5.786e-18,,1.444e-18,2.242e-16
534.59,2.047e+1,6.207e-19,2.669e-8,2.337e-40,2.754e-34,,,5.664e-18,1.642e-21,,2.379e-15,1.110e-18,1.275e-24,9.750e-18,9.682e-21,2.492e-30,9.080e-3,3.514e-26,,2.226e-18,9.301e-20,3.090e-20,6.368e+0,,1.345e-26,1.794e+0,,1.151e-19,1.426e-20,2.298e-3,1.689e-1,2.239e-14,1.437e-19,2.292e-22,1.891e-17,6.762e-17,2.478e-2,5.662e-17,2.572e-5,7.366e+0,3.686e+0,,2.194e-1,,,7.675e-1,,,1.839e-19,,1.349e-18,,6.722e-19,,6.647e-2,,5.781e-18,,1.448e-18,2.242e-16
534.61,2.212e+1,9.767e-19,2.541e-8,2.350e-40,2.754e-34,,,5.657e-18,1.643e-21,,2.378e-15,1.111e-18,1.276e-24,9.750e-18,9.661e-21,1.598e-30,8.364e-3,3.513e-26,,2.224e-18,9.338e-20,3.308e-20,6.817e+0,,1.346e-26,1.802e+0,,1.152e-19,1.426e-20,2.037e-3,1.550e-1,1.913e-14,1.438e-19,2.291e-22,2.987e-17,6.751e-17,2.904e-2,8.991e-17,2.021e-5,8.140e+0,4.015e+0,,2.541e-1,,,8.377e-1,,,1.838e-19,,1.349e-18,,6.722e-19,,6.051e-2,,5.777e-18,,1.450e-18,2.243e-16
534.64,2.477e+1,1.918e-18,2.349e-8,2.368e-40,2.754e-34,,,5.646e-18,1.645e-21,,2.378e-15,1.113e-18,1.277e-24,9.750e-18,9.630e-21,8.160e-31,7.367e-3,3.512e-26,,2.221e-18,9.393e-20,3.650e-20,7.513e+0,,1.346e-26,1.808e+0,,1.153e-19,1.426e-20,1.866e-3,1.356e-1,1.573e-14,1.438e-19,2.291e-22,5.902e-17,6.735e-17,3.666e-2,1.790e-16,1.400e-5,9.410e+0,4.542e+0,,3.151e-1,,,9.512e-1,,,1.836e-19,,1.350e-18,,6.721e-19,,5.229e-2,,5.772e-18,,1.454e-18,2.243e-16
534.66,2.666e+1,2.999e-18,2.222e-8,2.380e-40,2.754e-34,,,5.640e-18,1.646e-21,,2.378e-15,1.114e-18,1.278e-24,9.750e-18,9.610e-21,5.196e-31,6.755e-3,3.511e-26,,2.219e-18,9.430e-20,3.887e-20,7.989e+0,,1.347e-26,1.807e+0,,1.154e-19,1.426e-20,1.890e-3,1.236e-1,1.434e-14,1.438e-19,2.290e-22,9.262e-17,6.724e-17,4.268e-2,2.824e-16,1.093e-5,1.033e+1,4.914e+0,,3.624e-1,,,1.033e+0,,,1.834e-19,,1.350e-18,,6.721e-19,,4.728e-2,,5.768e-18,,1.456e-18,2.243e-16
534.69,2.966e+1,5.832e-18,2.034e-8,2.398e-40,2.753e-34,,,5.629e-18,1.648e-21,,2.377e-15,1.116e-18,1.279e-24,9.750e-18,9.579e-21,2.627e-31,5.918e-3,3.509e-26,,2.216e-18,9.485e-20,4.254e-20,8.717e+0,,1.347e-26,1.797e+0,,1.155e-19,1.427e-20,2.138e-3,1.071e-1,1.344e-14,1.438e-19,2.289e-22,1.812e-16,6.707e-17,5.333e-2,5.568e-16,7.494e-6,1.182e+1,5.503e+0,,4.448e-1,,,1.163e+0,,,1.832e-19,,1.350e-18,,6.720e-19,,4.045e-2,,5.763e-18,,1.459e-18,2.244e-16
534.71,3.177e+1,9.056e-18,1.912e-8,2.410e-40,2.753e-34,,,5.622e-18,1.649e-21,,2.377e-15,1.118e-18,1.279e-24,9.750e-18,9.558e-21,1.662e-31,5.412e-3,3.508e-26,,2.215e-18,9.522e-20,4.505e-20,9.208e+0,,1.348e-26,1.785e+0,,1.156e-19,1.427e-20,2.455e-3,9.695e-2,1.362e-14,1.438e-19,2.289e-22,2.825e-16,6.696e-17,6.167e-2,8.727e-16,5.809e-6,1.290e+1,5.915e+0,,5.083e-1,,,1.256e+0,,,1.830e-19,,1.350e-18,,6.719e-19,,3.633e-2,,5.759e-18,,1.461e-18,2.244e-16
534.73,3.397e+1,1.403e-17,1.792e-8,2.423e-40,2.753e-34,,,5.616e-18,1.650e-21,,2.377e-15,1.119e-18,1.280e-24,9.749e-18,9.538e-21,1.048e-31,4.950e-3,3.508e-26,,2.213e-18,9.559e-20,4.760e-20,9.700e+0,,1.348e-26,1.769e+0,,1.157e-19,1.427e-20,2.910e-3,8.757e-2,1.442e-14,1.438e-19,2.288e-22,4.392e-16,6.685e-17,7.113e-2,1.364e-15,4.491e-6,1.403e+1,6.340e+0,,5.792e-1,,,1.353e+0,,,1.829e-19,,1.350e-18,,6.719e-19,,3.255e-2,,5.755e-18,,1.464e-18,2.244e-16
534.76,3.741e+1,2.690e-17,1.618e-8,2.441e-40,2.753e-34,,,5.605e-18,1.652e-21,,2.376e-15,1.121e-18,1.281e-24,9.749e-18,9.507e-21,5.224e-32,4.334e-3,3.506e-26,,2.210e-18,9.614e-20,5.148e-20,1.044e+1,,1.349e-26,1.738e+0,,1.158e-19,1.427e-20,3.899e-3,7.481e-2,1.686e-14,1.439e-19,2.287e-22,8.473e-16,6.669e-17,8.765e-2,2.652e-15,3.037e-6,1.583e+1,7.001e+0,,7.011e-1,,,1.508e+0,,,1.826e-19,,1.350e-18,,6.718e-19,,2.745e-2,,5.750e-18,,1.467e-18,2.244e-16
534.78,3.981e+1,4.139e-17,1.506e-8,2.453e-40,2.753e-34,,,5.599e-18,1.653e-21,,2.376e-15,1.123e-18,1.281e-24,9.749e-18,9.486e-21,3.273e-32,3.976e-3,3.505e-26,,2.208e-18,9.651e-20,5.409e-20,1.092e+1,,1.349e-26,1.712e+0,,1.159e-19,1.427e-20,4.808e-3,6.714e-2,1.939e-14,1.439e-19,2.287e-22,1.309e-15,6.658e-17,1.004e-1,4.118e-15,2.332e-6,1.711e+1,7.454e+0,,7.937e-1,,,1.617e+0,,,1.825e-19,,1.350e-18,,6.717e-19,,2.443e-2,,5.746e-18,,1.469e-18,2.245e-16
534.81,4.352e+1,7.860e-17,1.347e-8,2.471e-40,2.753e-34,,,5.588e-18,1.655e-21,,2.375e-15,1.125e-18,1.282e-24,9.749e-18,9.455e-21,1.615e-32,3.515e-3,3.504e-26,,2.205e-18,9.706e-20,5.801e-20,1.163e+1,,1.350e-26,1.668e+0,,1.160e-19,1.428e-20,6.646e-3,5.682e-2,2.478e-14,1.439e-19,2.286e-22,2.500e-15,6.642e-17,1.225e-1,7.928e-15,1.561e-6,1.912e+1,8.149e+0,,9.511e-1,,,1.789e+0,,,1.822e-19,,1.351e-18,,6.717e-19,,2.040e-2,,5.741e-18,,1.473e-18,2.245e-16
534.83,4.606e+1,1.201e-16,1.246e-8,2.484e-40,2.753e-34,,,5.581e-18,1.656e-21,,2.375e-15,1.126e-18,1.283e-24,9.749e-18,9.435e-21,1.005e-32,3.258e-3,3.503e-26,,2.203e-18,9.743e-20,6.061e-20,1.209e+1,,1.350e-26,1.634e+0,,1.161e-19,1.428e-20,8.267e-3,5.068e-2,2.961e-14,1.439e-19,2.286e-22,3.836e-15,6.631e-17,1.394e-1,1.223e-14,1.191e-6,2.052e+1,8.619e+0,,1.070e+0,,,1.909e+0,,,1.821e-19,,1.351e-18,,6.716e-19,,1.803e-2,,5.737e-18,,1.475e-18,2.245e-16
534.86,4.997e+1,2.259e-16,1.103e-8,2.502e-40,2.753e-34,,,5.571e-18,1.658e-21,,2.375e-15,1.128e-18,1.284e-24,9.749e-18,9.404e-21,4.909e-33,2.946e-3,3.502e-26,,2.201e-18,9.798e-20,6.446e-20,1.275e+1,,1.351e-26,1.577e+0,,1.162e-19,1.428e-20,1.146e-2,4.251e-2,3.910e-14,1.439e-19,2.285e-22,7.256e-15,6.614e-17,1.684e-1,2.331e-14,7.891e-7,2.270e+1,9.329e+0,,1.269e+0,,,2.097e+0,,,1.818e-19,,1.351e-18,,6.715e-19,,1.491e-2,,5.732e-18,,1.478e-18,2.245e-16
534.88,5.261e+1,3.430e-16,1.013e-8,2.514e-40,2.753e-34,,,5.564e-18,1.659e-21,,2.374e-15,1.130e-18,1.284e-24,9.749e-18,9.383e-21,5.116e-33,2.787e-3,3.501e-26,,2.199e-18,9.835e-20,6.697e-20,1.317e+1,,1.351e-26,1.536e+0,,1.163e-19,1.428e-20,1.423e-2,3.772e-2,4.722e-14,1.440e-19,2.284e-22,1.106e-14,6.603e-17,1.904e-1,3.572e-14,5.978e-7,2.420e+1,9.802e+0,,1.417e+0,,,2.228e+0,,,1.817e-19,,1.351e-18,,6.715e-19,,1.309e-2,,5.728e-18,,1.481e-18,2.246e-16
534.91,5.662e+1,6.385e-16,8.878e-9,2.532e-40,2.752e-34,,,5.554e-18,1.661e-21,,2.374e-15,1.132e-18,1.285e-24,9.748e-18,9.353e-21,5.428e-33,2.620e-3,3.499e-26,,2.196e-18,9.890e-20,7.062e-20,1.375e+1,,1.352e-26,1.469e+0,,1.165e-19,1.428e-20,1.962e-2,3.141e-2,6.272e-14,1.440e-19,2.284e-22,2.071e-14,6.587e-17,2.277e-1,6.742e-14,3.922e-7,2.651e+1,1.050e+1,,1.665e+0,,,2.432e+0,,,1.814e-19,,1.351e-18,,6.714e-19,,1.071e-2,,5.722e-18,,1.484e-18,2.246e-16
534.93,5.930e+1,9.631e-16,8.103e-9,2.545e-40,2.752e-34,,,5.547e-18,1.662e-21,,2.374e-15,1.133e-18,1.286e-24,9.748e-18,9.332e-21,5.636e-33,2.556e-3,3.499e-26,,2.194e-18,9.927e-20,7.297e-20,1.410e+1,,1.352e-26,1.423e+0,,1.165e-19,1.429e-20,2.424e-2,2.776e-2,7.570e-14,1.440e-19,2.283e-22,3.137e-14,6.576e-17,2.557e-1,1.026e-13,2.951e-7,2.808e+1,1.096e+1,,1.847e+0,,,2.572e+0,,,1.813e-19,,1.351e-18,,6.714e-19,,9.341e-3,,5.719e-18,,1.486e-18,2.246e-16
534.96,6.331e+1,1.775e-15,7.030e-9,2.563e-40,2.752e-34,,,5.537e-18,1.664e-21,,2.373e-15,1.135e-18,1.287e-24,9.748e-18,9.301e-21,5.947e-33,2.532e-3,3.497e-26,,2.191e-18,9.982e-20,7.631e-20,1.458e+1,,1.353e-26,1.349e+0,,1.167e-19,1.429e-20,3.313e-2,2.302e-2,1.001e-13,1.440e-19,2.282e-22,5.816e-14,6.559e-17,3.028e-1,1.918e-13,1.917e-7,3.045e+1,1.163e+1,,2.149e+0,,,2.791e+0,,,1.811e-19,,1.352e-18,,6.713e-19,,7.569e-3,,5.713e-18,,1.490e-18,2.247e-16
534.98,6.596e+1,2.660e-15,6.374e-9,2.575e-40,2.752e-34,,,5.530e-18,1.665e-21,,2.373e-15,1.137e-18,1.288e-24,9.748e-18,9.281e-21,6.155e-33,2.563e-3,3.496e-26,,2.189e-18,1.002e-19,7.841e-20,1.485e+1,,1.353e-26,1.299e+0,,1.168e-19,1.429e-20,4.068e-2,2.033e-2,1.203e-13,1.440e-19,2.282e-22,8.749e-14,6.548e-17,3.378e-1,2.901e-13,1.433e-7,3.204e+1,1.206e+1,,2.368e+0,,,2.941e+0,,,1.809e-19,,1.352e-18,,6.712e-19,,6.556e-3,,5.710e-18,,1.492e-18,2.247e-16
535.01,6.985e+1,4.856e-15,5.476e-9,2.593e-40,2.752e-34,,,5.520e-18,1.667e-21,,2.373e-15,1.139e-18,1.289e-24,9.748e-18,9.250e-21,6.467e-33,2.682e-3,3.495e-26,,2.187e-18,1.007e-19,8.134e-20,1.520e+1,,1.354e-26,1.221e+0,,1.169e-19,1.429e-20,5.509e-2,1.690e-2,1.577e-13,1.440e-19,2.281e-22,1.606e-13,6.532e-17,3.960e-1,5.367e-13,9.211e-8,3.440e+1,1.266e+1,,2.727e+0,,,3.173e+0,,,1.807e-19,,1.352e-18,,6.712e-19,,5.259e-3,,5.704e-18,,1.495e-18,2.247e-16
535.03,7.238e+1,7.228e-15,4.931e-9,2.606e-40,2.752e-34,,,5.513e-18,1.668e-21,,2.372e-15,1.140e-18,1.289e-24,9.748e-18,9.229e-21,6.674e-33,2.810e-3,3.494e-26,,2.185e-18,1.011e-19,8.312e-20,1.538e+1,,1.354e-26,1.168e+0,,1.170e-19,1.429e-20,6.723e-2,1.500e-2,1.884e-13,1.441e-19,2.280e-22,2.400e-13,6.521e-17,4.388e-1,8.063e-13,6.838e-8,3.594e+1,1.304e+1,,2.986e+0,,,3.332e+0,,,1.805e-19,,1.352e-18,,6.711e-19,,4.525e-3,,5.700e-18,,1.498e-18,2.247e-16
535.06,7.604e+1,1.306e-14,4.194e-9,2.624e-40,2.752e-34,,,5.503e-18,1.670e-21,,2.372e-15,1.142e-18,1.290e-24,9.747e-18,9.198e-21,6.986e-33,3.075e-3,3.493e-26,,2.182e-18,1.017e-19,8.552e-20,1.558e+1,,1.355e-26,1.088e+0,,1.171e-19,1.430e-20,9.021e-2,1.267e-2,2.448e-13,1.441e-19,2.280e-22,4.364e-13,6.505e-17,5.093e-1,1.477e-12,4.352e-8,3.821e+1,1.356e+1,,3.403e+0,,,3.576e+0,,,1.803e-19,,1.352e-18,,6.710e-19,,3.594e-3,,5.695e-18,,1.501e-18,2.248e-16
535.08,7.837e+1,1.932e-14,3.752e-9,2.636e-40,2.752e-34,,,5.496e-18,1.671e-21,,2.372e-15,1.144e-18,1.291e-24,9.747e-18,9.178e-21,7.194e-33,3.303e-3,3.492e-26,,2.180e-18,1.020e-19,8.692e-20,1.567e+1,,1.356e-26,1.035e+0,,1.172e-19,1.430e-20,1.094e-1,1.143e-2,2.905e-13,1.441e-19,2.279e-22,6.478e-13,6.494e-17,5.606e-1,2.205e-12,3.210e-8,3.966e+1,1.387e+1,,3.702e+0,,,3.742e+0,,,1.801e-19,,1.352e-18,,6.710e-19,,3.071e-3,,5.691e-18,,1.503e-18,2.248e-16
535.1,8.060e+1,2.849e-14,3.348e-9,2.648e-40,2.751e-34,,,5.489e-18,1.673e-21,,2.371e-15,1.145e-18,1.291e-24,9.747e-18,9.157e-21,7.401e-33,3.571e-3,3.491e-26,,2.178e-18,1.024e-19,8.816e-20,1.571e+1,,1.356e-26,9.823e-1,,1.173e-19,1.430e-20,1.323e-1,1.042e-2,3.439e-13,1.441e-19,2.278e-22,9.592e-13,6.483e-17,6.155e-1,3.282e-12,2.361e-8,4.106e+1,1.415e+1,,4.015e+0,,,3.911e+0,,,1.800e-19,,1.353e-18,,6.709e-19,,2.618e-3,,5.688e-18,,1.505e-18,2.248e-16
535.13,8.373e+1,5.078e-14,2.807e-9,2.667e-40,2.751e-34,,,5.479e-18,1.674e-21,,2.371e-15,1.147e-18,1.292e-24,9.747e-18,9.126e-21,7.713e-33,4.051e-3,3.490e-26,,2.175e-18,1.029e-19,8.968e-20,1.569e+1,,1.357e-26,9.039e-1,,1.174e-19,1.430e-20,1.752e-1,9.320e-3,4.409e-13,1.441e-19,2.278e-22,1.720e-12,6.466e-17,7.044e-1,5.930e-12,1.481e-8,4.304e+1,1.451e+1,,4.514e+0,,,4.171e+0,,,1.797e-19,,1.353e-18,,6.709e-19,,2.050e-3,,5.682e-18,,1.509e-18,2.249e-16
535.15,8.566e+1,7.440e-14,2.488e-9,2.679e-40,2.751e-34,,,5.472e-18,1.676e-21,,2.371e-15,1.148e-18,1.293e-24,9.747e-18,9.106e-21,7.921e-33,4.426e-3,3.489e-26,,2.174e-18,1.033e-19,9.047e-20,1.563e+1,,1.357e-26,8.527e-1,,1.175e-19,1.430e-20,2.106e-1,8.842e-3,5.185e-13,1.441e-19,2.277e-22,2.529e-12,6.455e-17,7.683e-1,8.768e-12,1.082e-8,4.427e+1,1.471e+1,,4.863e+0,,,4.347e+0,,,1.796e-19,,1.353e-18,,6.708e-19,,1.736e-3,,5.679e-18,,1.511e-18,2.249e-16
535.18,8.829e+1,1.313e-13,2.066e-9,2.697e-40,2.751e-34,,,5.462e-18,1.677e-21,,2.370e-15,1.151e-18,1.294e-24,9.747e-18,9.075e-21,8.232e-33,5.069e-3,3.487e-26,,2.171e-18,1.039e-19,9.131e-20,1.546e+1,,1.358e-26,7.777e-1,,1.176e-19,1.431e-20,2.763e-1,8.487e-3,6.581e-13,1.442e-19,2.276e-22,4.490e-12,6.439e-17,8.706e-1,1.569e-11,6.722e-9,4.594e+1,1.493e+1,,5.413e+0,,,4.615e+0,,,1.793e-19,,1.353e-18,,6.707e-19,,1.345e-3,,5.673e-18,,1.514e-18,2.249e-16
535.2,8.986e+1,1.911e-13,1.819e-9,2.709e-40,2.751e-34,,,5.455e-18,1.679e-21,,2.370e-15,1.152e-18,1.294e-24,9.746e-18,9.054e-21,8.440e-33,5.554e-3,3.486e-26,,2.169e-18,1.042e-19,9.163e-20,1.529e+1,,1.358e-26,7.292e-1,,1.177e-19,1.431e-20,3.301e-1,8.482e-3,7.690e-13,1.442e-19,2.276e-22,6.561e-12,6.428e-17,9.432e-1,2.304e-11,4.878e-9,4.693e+1,1.503e+1,,5.793e+0,,,4.797e+0,,,1.792e-19,,1.353e-18,,6.707e-19,,1.131e-3,,5.669e-18,,1.517e-18,2.249e-16
535.23,9.191e+1,3.339e-13,1.495e-9,2.727e-40,2.751e-34,,,5.445e-18,1.680e-21,,2.369e-15,1.154e-18,1.295e-24,9.746e-18,9.023e-21,8.751e-33,6.368e-3,3.485e-26,,2.166e-18,1.048e-19,9.174e-20,1.498e+1,,1.359e-26,6.592e-1,,1.178e-19,1.431e-20,4.290e-1,8.815e-3,9.664e-13,1.442e-19,2.275e-22,1.153e-11,6.411e-17,1.058e+0,4.082e-11,3.000e-9,4.821e+1,1.510e+1,,6.384e+0,,,5.073e+0,,,1.789e-19,,1.353e-18,,6.706e-19,,8.683e-4,,5.664e-18,,1.520e-18,2.250e-16
535.25,9.308e+1,4.828e-13,1.307e-9,2.740e-40,2.751e-34,,,5.438e-18,1.682e-21,,2.369e-15,1.155e-18,1.296e-24,9.746e-18,9.003e-21,8.959e-33,6.968e-3,3.484e-26,,2.164e-18,1.052e-19,9.158e-20,1.472e+1,,1.359e-26,6.145e-1,,1.179e-19,1.431e-20,5.093e-1,9.261e-3,1.122e-12,1.442e-19,2.275e-22,1.674e-11,6.401e-17,1.139e+0,5.956e-11,2.162e-9,4.893e+1,1.510e+1,,6.787e+0,,,5.260e+0,,,1.788e-19,,1.354e-18,,6.706e-19,,7.254e-4,,5.660e-18,,1.522e-18,2.250e-16
535.28,9.450e+1,8.352e-13,1.064e-9,2.758e-40,2.751e-34,,,5.428e-18,1.683e-21,,2.369e-15,1.158e-18,1.297e-24,9.746e-18,8.972e-21,9.271e-33,7.955e-3,3.483e-26,,2.161e-18,1.057e-19,9.097e-20,1.427e+1,,1.360e-26,5.505e-1,,1.181e-19,1.431e-20,6.558e-1,1.027e-2,1.396e-12,1.442e-19,2.274e-22,2.913e-11,6.384e-17,1.265e+0,1.045e-10,1.316e-9,4.977e+1,1.503e+1,,7.404e+0,,,5.543e+0,,,1.786e-19,,1.354e-18,,6.705e-19,,5.511e-4,,5.655e-18,,1.526e-18,2.250e-16
535.3,9.523e+1,1.200e-12,9.240e-10,2.770e-40,2.750e-34,,,5.421e-18,1.685e-21,,2.368e-15,1.159e-18,1.298e-24,9.746e-18,8.951e-21,9.478e-33,8.671e-3,3.482e-26,,2.160e-18,1.061e-19,9.033e-20,1.393e+1,,1.360e-26,5.101e-1,,1.181e-19,1.432e-20,7.739e-1,1.117e-2,1.610e-12,1.442e-19,2.273e-22,4.201e-11,6.373e-17,1.353e+0,1.514e-10,9.422e-10,5.017e+1,1.493e+1,,7.820e+0,,,5.733e+0,,,1.784e-19,,1.354e-18,,6.704e-19,,4.573e-4,,5.651e-18,,1.528e-18,2.250e-16
535.33,9.601e+1,2.055e-12,7.444e-10,2.788e-40,2.750e-34,,,5.410e-18,1.686e-21,,2.368e-15,1.161e-18,1.298e-24,9.746e-18,8.920e-21,9.790e-33,9.831e-3,3.481e-26,,2.157e-18,1.066e-19,8.903e-20,1.337e+1,,1.361e-26,4.529e-1,,1.183e-19,1.432e-20,9.873e-1,1.288e-2,1.984e-12,1.443e-19,2.272e-22,7.239e-11,6.357e-17,1.488e+0,2.630e-10,5.678e-10,5.052e+1,1.471e+1,,8.446e+0,,,6.020e+0,,,1.782e-19,,1.354e-18,,6.704e-19,,3.439e-4,,5.646e-18,,1.531e-18,2.251e-16
535.35,9.632e+1,2.932e-12,6.423e-10,2.801e-40,2.750e-34,,,5.404e-18,1.688e-21,,2.368e-15,1.162e-18,1.299e-24,9.746e-18,8.900e-21,9.998e-33,1.066e-2,3.480e-26,,2.155e-18,1.070e-19,8.795e-20,1.296e+1,,1.361e-26,4.172e-1,,1.184e-19,1.432e-20,1.158e+0,1.427e-2,2.273e-12,1.443e-19,2.272e-22,1.037e-10,6.346e-17,1.580e+0,3.788e-10,4.038e-10,5.059e+1,1.451e+1,,8.862e+0,,,6.212e+0,,,1.780e-19,,1.354e-18,,6.703e-19,,2.835e-4,,5.642e-18,,1.534e-18,2.251e-16
535.38,9.646e+1,4.974e-12,5.123e-10,2.819e-40,2.750e-34,,,5.393e-18,1.689e-21,,2.367e-15,1.164e-18,1.300e-24,9.745e-18,8.869e-21,1.031e-32,1.199e-2,3.478e-26,,2.152e-18,1.075e-19,8.601e-20,1.232e+1,,1.362e-26,3.671e-1,,1.185e-19,1.432e-20,1.464e+0,1.675e-2,2.774e-12,1.443e-19,2.271e-22,1.769e-10,6.329e-17,1.721e+0,6.513e-10,2.409e-10,5.044e+1,1.415e+1,,9.476e+0,,,6.501e+0,,,1.778e-19,,1.354e-18,,6.702e-19,,2.111e-4,,5.637e-18,,1.537e-18,2.251e-16
535.4,9.636e+1,7.051e-12,4.391e-10,2.831e-40,2.750e-34,,,5.386e-18,1.690e-21,,2.367e-15,1.166e-18,1.301e-24,9.745e-18,8.848e-21,1.052e-32,1.292e-2,3.477e-26,,2.150e-18,1.079e-19,8.451e-20,1.186e+1,,1.362e-26,3.361e-1,,1.186e-19,1.432e-20,1.706e+0,1.868e-2,3.158e-12,1.443e-19,2.271e-22,2.518e-10,6.318e-17,1.816e+0,9.317e-10,1.701e-10,5.017e+1,1.387e+1,,9.876e+0,,,6.693e+0,,,1.776e-19,,1.355e-18,,6.702e-19,,1.728e-4,,5.633e-18,,1.539e-18,2.252e-16
535.43,9.593e+1,1.184e-11,3.467e-10,2.849e-40,2.750e-34,,,5.376e-18,1.692e-21,,2.367e-15,1.168e-18,1.302e-24,9.745e-18,8.817e-21,1.083e-32,1.439e-2,3.476e-26,,2.147e-18,1.085e-19,8.200e-20,1.116e+1,,1.363e-26,2.931e-1,,1.187e-19,1.433e-20,2.138e+0,2.201e-2,3.816e-12,1.443e-19,2.270e-22,4.253e-10,6.302e-17,1.958e+0,1.586e-9,1.005e-10,4.952e+1,1.339e+1,,1.045e+1,,,6.980e+0,,,1.774e-19,,1.355e-18,,6.701e-19,,1.274e-4,,5.628e-18,,1.543e-18,2.252e-16
535.45,9.548e+1,1.667e-11,2.952e-10,2.862e-40,2.750e-34,,,5.369e-18,1.693e-21,,2.366e-15,1.169e-18,1.302e-24,9.745e-18,8.797e-21,1.104e-32,1.542e-2,3.475e-26,,2.146e-18,1.088e-19,8.015e-20,1.068e+1,,1.363e-26,2.667e-1,,1.188e-19,1.433e-20,2.477e+0,2.454e-2,4.316e-12,1.443e-19,2.269e-22,6.013e-10,6.291e-17,2.052e+0,2.255e-9,7.050e-11,4.893e+1,1.304e+1,,1.082e+1,,,7.170e+0,,,1.772e-19,,1.355e-18,,6.701e-19,,1.036e-4,,5.624e-18,,1.545e-18,2.252e-16
535.47,9.490e+1,2.342e-11,2.506e-10,2.874e-40,2.750e-34,,,5.363e-18,1.695e-21,,2.366e-15,1.171e-18,1.303e-24,9.745e-18,8.776e-21,1.124e-32,1.648e-2,3.474e-26,,2.144e-18,1.092e-19,7.819e-20,1.019e+1,,1.364e-26,2.422e-1,,1.189e-19,1.433e-20,2.863e+0,2.733e-2,4.868e-12,1.444e-19,2.269e-22,8.478e-10,6.280e-17,2.145e+0,3.196e-9,4.932e-11,4.821e+1,1.266e+1,,1.118e+1,,,7.358e+0,,,1.771e-19,,1.355e-18,,6.700e-19,,8.402e-5,,5.620e-18,,1.547e-18,2.252e-16
535.5,9.382e+1,3.879e-11,1.951e-10,2.892e-40,2.750e-34,,,5.352e-18,1.696e-21,,2.366e-15,1.173e-18,1.304e-24,9.745e-18,8.745e-21,1.156e-32,1.811e-2,3.473e-26,,2.141e-18,1.098e-19,7.503e-20,9.454e+0,,1.364e-26,2.085e-1,,1.190e-19,1.433e-20,3.542e+0,3.204e-2,5.803e-12,1.444e-19,2.268e-22,1.412e-9,6.264e-17,2.282e+0,5.366e-9,2.872e-11,4.693e+1,1.206e+1,,1.167e+1,,,7.635e+0,,,1.768e-19,,1.355e-18,,6.699e-19,,6.107e-5,,5.615e-18,,1.551e-18,2.253e-16
535.52,9.299e+1,5.411e-11,1.646e-10,2.904e-40,2.749e-34,,,5.345e-18,1.698e-21,,2.365e-15,1.174e-18,1.304e-24,9.744e-18,8.725e-21,1.176e-32,1.923e-2,3.472e-26,,2.139e-18,1.101e-19,7.280e-20,8.962e+0,,1.365e-26,1.882e-1,,1.191e-19,1.433e-20,4.071e+0,3.554e-2,6.503e-12,1.444e-19,2.267e-22,1.978e-9,6.253e-17,2.370e+0,7.556e-9,1.996e-11,4.594e+1,1.163e+1,,1.197e+1,,,7.816e+0,,,1.767e-19,,1.355e-18,,6.699e-19,,4.920e-5,,5.611e-18,,1.553e-18,2.253e-16
535.55,9.162e+1,8.874e-11,1.268e-10,2.923e-40,2.749e-34,,,5.335e-18,1.699e-21,,2.365e-15,1.176e-18,1.305e-24,9.744e-18,8.694e-21,1.207e-32,2.093e-2,3.471e-26,,2.136e-18,1.107e-19,6.931e-20,8.230e+0,,1.365e-26,1.606e-1,,1.192e-19,1.434e-20,4.992e+0,4.135e-2,7.678e-12,1.444e-19,2.267e-22,3.264e-9,6.236e-17,2.496e+0,1.256e-8,1.151e-11,4.427e+1,1.096e+1,,1.237e+1,,,8.079e+0,,,1.764e-19,,1.355e-18,,6.698e-19,,3.540e-5,,5.606e-18,,1.556e-18,2.253e-16
535.57,9.064e+1,1.230e-10,1.063e-10,2.935e-40,2.749e-34,,,5.328e-18,1.701e-21,,2.365e-15,1.178e-18,1.306e-24,9.744e-18,8.673e-21,1.228e-32,2.207e-2,3.470e-26,,2.134e-18,1.110e-19,6.690e-20,7.750e+0,,1.366e-26,1.441e-1,,1.193e-19,1.434e-20,5.702e+0,4.562e-2,8.549e-12,1.444e-19,2.266e-22,4.541e-9,6.225e-17,2.575e+0,1.757e-8,7.943e-12,4.304e+1,1.050e+1,,1.260e+1,,,8.249e+0,,,1.763e-19,,1.356e-18,,6.698e-19,,2.833e-5,,5.602e-18,,1.558e-18,2.253e-16
535.6,8.912e+1,1.997e-10,8.109e-11,2.953e-40,2.749e-34,,,5.318e-18,1.702e-21,,2.364e-15,1.180e-18,1.307e-24,9.744e-18,8.643e-21,1.259e-32,2.378e-2,3.468e-26,,2.132e-18,1.116e-19,6.319e-20,7.046e+0,,1.366e-26,1.218e-1,,1.194e-19,1.434e-20,6.931e+0,5.264e-2,9.997e-12,1.445e-19,2.265e-22,7.418e-9,6.209e-17,2.686e+0,2.893e-8,4.533e-12,4.106e+1,9.802e+0,,1.290e+1,,,8.492e+0,,,1.761e-19,,1.356e-18,,6.697e-19,,2.018e-5,,5.596e-18,,1.562e-18,2.254e-16
535.62,8.810e+1,2.750e-10,6.749e-11,2.965e-40,2.749e-34,,,5.311e-18,1.704e-21,,2.364e-15,1.181e-18,1.308e-24,9.744e-18,8.622e-21,1.280e-32,2.492e-2,3.467e-26,,2.130e-18,1.120e-19,6.066e-20,6.591e+0,,1.367e-26,1.086e-1,,1.195e-19,1.434e-20,7.871e+0,5.773e-2,1.106e-11,1.445e-19,2.265e-22,1.025e-8,6.198e-17,2.754e+0,4.020e-8,3.108e-12,3.966e+1,9.329e+0,,1.305e+1,,,8.646e+0,,,1.759e-19,,1.356e-18,,6.696e-19,,1.604e-5,,5.593e-18,,1.564e-18,2.254e-16
535.65,8.662e+1,4.421e-10,5.098e-11,2.983e-40,2.749e-34,,,5.301e-18,1.705e-21,,2.363e-15,1.183e-18,1.308e-24,9.744e-18,8.591e-21,1.311e-32,2.659e-2,3.466e-26,,2.127e-18,1.125e-19,5.684e-20,5.933e+0,,1.367e-26,9.101e-2,,1.196e-19,1.434e-20,9.485e+0,6.601e-2,1.281e-11,1.445e-19,2.264e-22,1.658e-8,6.181e-17,2.845e+0,6.552e-8,1.756e-12,3.746e+1,8.619e+0,,1.323e+1,,,8.863e+0,,,1.757e-19,,1.356e-18,,6.696e-19,,1.131e-5,,5.587e-18,,1.568e-18,2.254e-16
535.67,8.569e+1,6.047e-10,4.214e-11,2.996e-40,2.749e-34,,,5.294e-18,1.707e-21,,2.363e-15,1.185e-18,1.309e-24,9.743e-18,8.571e-21,1.332e-32,2.767e-2,3.465e-26,,2.125e-18,1.129e-19,5.427e-20,5.512e+0,,1.368e-26,8.065e-2,,1.197e-19,1.435e-20,1.071e+1,7.196e-2,1.408e-11,1.445e-19,2.263e-22,2.277e-8,6.170e-17,2.898e+0,9.045e-8,1.196e-12,3.594e+1,8.149e+0,,1.330e+1,,,8.997e+0,,,1.755e-19,,1.356e-18,,6.695e-19,,8.932e-6,,5.584e-18,,1.570e-18,2.255e-16
535.7,8.444e+1,9.626e-10,3.152e-11,3.014e-40,2.749e-34,,,5.284e-18,1.708e-21,,2.363e-15,1.187e-18,1.310e-24,9.743e-18,8.540e-21,1.363e-32,2.923e-2,3.464e-26,,2.122e-18,1.134e-19,5.044e-20,4.912e+0,,1.369e-26,6.697e-2,,1.199e-19,1.435e-20,1.280e+1,8.154e-2,1.615e-11,1.445e-19,2.263e-22,3.646e-8,6.154e-17,2.966e+0,1.460e-7,6.687e-13,3.361e+1,7.454e+0,,1.334e+1,,,9.180e+0,,,1.753e-19,,1.356e-18,,6.694e-19,,6.236e-6,,5.578e-18,,1.573e-18,2.255e-16
535.72,8.373e+1,1.308e-9,2.588e-11,3.026e-40,2.748e-34,,,5.277e-18,1.710e-21,,2.362e-15,1.188e-18,1.311e-24,9.743e-18,8.519e-21,1.384e-32,3.022e-2,3.463e-26,,2.120e-18,1.138e-19,4.790e-20,4.534e+0,,1.369e-26,5.898e-2,,1.199e-19,1.435e-20,1.437e+1,8.834e-2,1.764e-11,1.445e-19,2.262e-22,4.974e-8,6.143e-17,3.002e+0,2.002e-7,4.523e-13,3.204e+1,7.001e+0,,1.333e+1,,,9.289e+0,,,1.751e-19,,1.357e-18,,6.694e-19,,4.891e-6,,5.575e-18,,1.575e-18,2.255e-16
535.75,8.291e+1,2.062e-9,1.916e-11,3.044e-40,2.748e-34,,,5.267e-18,1.711e-21,,2.362e-15,1.190e-18,1.312e-24,9.743e-18,8.488e-21,1.415e-32,3.161e-2,3.462e-26,,2.118e-18,1.143e-19,4.415e-20,4.000e+0,,1.370e-26,4.853e-2,,1.201e-19,1.435e-20,1.702e+1,9.917e-2,2.005e-11,1.446e-19,2.261e-22,7.886e-8,6.127e-17,3.043e+0,3.199e-7,2.504e-13,2.966e+1,6.340e+0,,1.324e+1,,,9.431e+0,,,1.749e-19,,1.357e-18,,6.693e-19,,3.380e-6,,5.569e-18,,1.579e-18,2.256e-16
535.77,8.256e+1,2.783e-9,1.563e-11,3.057e-40,2.748e-34,,,5.260e-18,1.713e-21,,2.362e-15,1.192e-18,1.312e-24,9.743e-18,8.468e-21,1.436e-32,3.247e-2,3.461e-26,,2.116e-18,1.147e-19,4.170e-20,3.667e+0,,1.370e-26,4.248e-2,,1.202e-19,1.435e-20,1.900e+1,1.068e-1,2.176e-11,1.446e-19,2.261e-22,1.069e-7,6.116e-17,3.062e+0,4.358e-7,1.683e-13,2.808e+1,5.915e+0,,1.314e+1,,,9.511e+0,,,1.747e-19,,1.357e-18,,6.692e-19,,2.633e-6,,5.565e-18,,1.581e-18,2.256e-16
535.8,8.236e+1,4.343e-9,1.145e-11,3.075e-40,2.748e-34,,,5.250e-18,1.714e-21,,2.361e-15,1.194e-18,1.313e-24,9.743e-18,8.437e-21,1.467e-32,3.362e-2,3.459e-26,,2.113e-18,1.153e-19,3.812e-20,3.203e+0,,1.371e-26,3.463e-2,,1.203e-19,1.436e-20,2.232e+1,1.188e-1,2.450e-11,1.446e-19,2.260e-22,1.678e-7,6.099e-17,3.075e+0,6.895e-7,9.222e-14,2.574e+1,5.303e+0,,1.293e+1,,,9.606e+0,,,1.745e-19,,1.357e-18,,6.692e-19,,1.802e-6,,5.560e-18,,1.584e-18,2.256e-16
535.82,8.248e+1,5.824e-9,9.281e-12,3.087e-40,2.748e-34,,,5.243e-18,1.716e-21,,2.361e-15,1.195e-18,1.314e-24,9.743e-18,8.416e-21,1.488e-32,3.430e-2,3.458e-26,,2.111e-18,1.156e-19,3.581e-20,2.917e+0,,1.371e-26,3.013e-2,,1.204e-19,1.436e-20,2.478e+1,1.271e-1,2.643e-11,1.446e-19,2.260e-22,2.259e-7,6.088e-17,3.075e+0,9.332e-7,6.155e-14,2.420e+1,4.914e+0,,1.275e+1,,,9.653e+0,,,1.743e-19,,1.357e-18,,6.691e-19,,1.394e-6,,5.556e-18,,1.587e-18,2.256e-16
535.84,8.283e+1,7.790e-9,7.499e-12,3.099e-40,2.748e-34,,,5.236e-18,1.717e-21,,2.361e-15,1.196e-18,1.314e-24,9.742e-18,8.396e-21,1.509e-32,3.490e-2,3.458e-26,,2.109e-18,1.160e-19,3.356e-20,2.650e+0,,1.371e-26,2.614e-2,,1.205e-19,1.436e-20,2.745e+1,1.357e-1,2.844e-11,1.446e-19,2.259e-22,3.033e-7,6.077e-17,3.067e+0,1.260e-6,4.097e-14,2.270e+1,4.542e+0,,1.254e+1,,,9.686e+0,,,1.742e-19,,1.357e-18,,6.691e-19,,1.076e-6,,5.553e-18,,1.589e-18,2.257e-16
535.87,8.382e+1,1.199e-8,5.420e-12,3.118e-40,2.748e-34,,,5.226e-18,1.719e-21,,2.360e-15,1.199e-18,1.315e-24,9.742e-18,8.365e-21,1.540e-32,3.564e-2,3.456e-26,,2.106e-18,1.166e-19,3.032e-20,2.282e+0,,1.372e-26,2.104e-2,,1.206e-19,1.436e-20,3.188e+1,1.490e-1,3.159e-11,1.446e-19,2.258e-22,4.695e-7,6.061e-17,3.043e+0,1.966e-6,2.214e-14,2.052e+1,4.015e+0,,1.217e+1,,,9.707e+0,,,1.739e-19,,1.358e-18,,6.690e-19,,7.260e-7,,5.547e-18,,1.592e-18,2.257e-16
535.89,8.482e+1,1.593e-8,4.350e-12,3.130e-40,2.748e-34,,,5.219e-18,1.720e-21,,2.360e-15,1.200e-18,1.316e-24,9.742e-18,8.344e-21,1.561e-32,3.602e-2,3.455e-26,,2.104e-18,1.169e-19,2.825e-20,2.059e+0,,1.373e-26,1.815e-2,,1.207e-19,1.436e-20,3.512e+1,1.580e-1,3.379e-11,1.447e-19,2.258e-22,6.263e-7,6.050e-17,3.018e+0,2.636e-6,1.464e-14,1.912e+1,3.686e+0,,1.190e+1,,,9.702e+0,,,1.738e-19,,1.358e-18,,6.689e-19,,5.566e-7,,5.544e-18,,1.595e-18,2.257e-16
535.92,8.685e+1,2.427e-8,3.113e-12,3.148e-40,2.747e-34,,,5.209e-18,1.722e-21,,2.360e-15,1.202e-18,1.317e-24,9.742e-18,8.313e-21,1.592e-32,3.642e-2,3.454e-26,,2.102e-18,1.175e-19,2.531e-20,1.756e+0,,1.373e-26,1.447e-2,,1.208e-19,1.436e-20,4.046e+1,1.719e-1,3.720e-11,1.447e-19,2.257e-22,9.601e-7,6.033e-17,2.968e+0,4.072e-6,7.829e-15,1.711e+1,3.227e+0,,1.145e+1,,,9.667e+0,,,1.736e-19,,1.358e-18,,6.689e-19,,3.717e-7,,5.538e-18,,1.598e-18,2.257e-16
535.94,8.859e+1,3.204e-8,2.482e-12,3.160e-40,2.747e-34,,,5.202e-18,1.723e-21,,2.359e-15,1.203e-18,1.318e-24,9.742e-18,8.293e-21,1.613e-32,3.656e-2,3.453e-26,,2.100e-18,1.178e-19,2.345e-20,1.574e+0,,1.374e-26,1.240e-2,,1.209e-19,1.437e-20,4.434e+1,1.813e-1,3.954e-11,1.447e-19,2.256e-22,1.272e-6,6.022e-17,2.927e+0,5.424e-6,5.142e-15,1.583e+1,2.943e+0,,1.112e+1,,,9.624e+0,,,1.734e-19,,1.358e-18,,6.688e-19,,2.831e-7,,5.534e-18,,1.600e-18,2.258e-16
535.97,9.181e+1,4.834e-8,1.758e-12,3.179e-40,2.747e-34,,,5.192e-18,1.725e-21,,2.359e-15,1.206e-18,1.318e-24,9.742e-18,8.262e-21,1.644e-32,3.660e-2,3.452e-26,,2.097e-18,1.184e-19,2.082e-20,1.328e+0,,1.374e-26,9.795e-3,,1.210e-19,1.437e-20,5.067e+1,1.955e-1,4.314e-11,1.447e-19,2.256e-22,1.931e-6,6.006e-17,2.855e+0,8.298e-6,2.723e-15,1.403e+1,2.550e+0,,1.061e+1,,,9.530e+0,,,1.732e-19,,1.358e-18,,6.687e-19,,1.872e-7,,5.529e-18,,1.604e-18,2.258e-16
535.99,9.438e+1,6.339e-8,1.392e-12,3.191e-40,2.747e-34,,,5.185e-18,1.726e-21,,2.358e-15,1.207e-18,1.319e-24,9.741e-18,8.241e-21,1.664e-32,3.650e-2,3.451e-26,,2.095e-18,1.188e-19,1.918e-20,1.183e+0,,1.375e-26,8.343e-3,,1.211e-19,1.437e-20,5.524e+1,2.049e-1,4.558e-11,1.447e-19,2.255e-22,2.542e-6,5.995e-17,2.801e+0,1.098e-5,1.776e-15,1.289e+1,2.310e+0,,1.025e+1,,,9.448e+0,,,1.730e-19,,1.358e-18,,6.687e-19,,1.417e-7,,5.525e-18,,1.606e-18,2.258e-16
536.02,9.888e+1,9.470e-8,9.762e-13,3.209e-40,2.747e-34,,,5.174e-18,1.728e-21,,2.358e-15,1.209e-18,1.320e-24,9.741e-18,8.210e-21,1.696e-32,3.618e-2,3.449e-26,,2.092e-18,1.193e-19,1.689e-20,9.884e-1,,1.375e-26,6.529e-3,,1.212e-19,1.437e-20,6.263e+1,2.189e-1,4.928e-11,1.447e-19,2.254e-22,3.820e-6,5.979e-17,2.711e+0,1.663e-5,9.310e-16,1.131e+1,1.982e+0,,9.706e+0,,,9.297e+0,,,1.728e-19,,1.359e-18,,6.686e-19,,9.282e-8,,5.520e-18,,1.609e-18,2.259e-16
536.04,1.023e+2,1.234e-7,7.679e-13,3.221e-40,2.747e-34,,,5.168e-18,1.729e-21,,2.358e-15,1.210e-18,1.321e-24,9.741e-18,8.190e-21,1.716e-32,3.584e-2,3.449e-26,,2.090e-18,1.197e-19,1.547e-20,8.741e-1,,1.376e-26,5.526e-3,,1.213e-19,1.437e-20,6.792e+1,2.281e-1,5.176e-11,1.448e-19,2.254e-22,4.995e-6,5.968e-17,2.647e+0,2.186e-5,6.032e-16,1.033e+1,1.783e+0,,9.337e+0,,,9.177e+0,,,1.726e-19,,1.359e-18,,6.686e-19,,6.985e-8,,5.516e-18,,1.612e-18,2.259e-16
536.07,1.082e+2,1.825e-7,5.331e-13,3.239e-40,2.747e-34,,,5.157e-18,1.731e-21,,2.357e-15,1.212e-18,1.322e-24,9.741e-18,8.159e-21,1.748e-32,3.517e-2,3.447e-26,,2.088e-18,1.202e-19,1.350e-20,7.233e-1,,1.376e-26,4.284e-3,,1.214e-19,1.438e-20,7.641e+1,2.415e-1,5.548e-11,1.448e-19,2.253e-22,7.433e-6,5.951e-17,2.544e+0,3.279e-5,3.130e-16,8.968e+0,1.515e+0,,8.784e+0,,,8.971e+0,,,1.724e-19,,1.359e-18,,6.685e-19,,4.548e-8,,5.511e-18,,1.615e-18,2.259e-16
536.09,1.126e+2,2.361e-7,4.166e-13,3.252e-40,2.747e-34,,,5.150e-18,1.732e-21,,2.357e-15,1.214e-18,1.322e-24,9.741e-18,8.138e-21,1.768e-32,3.461e-2,3.446e-26,,2.086e-18,1.206e-19,1.229e-20,6.353e-1,,1.377e-26,3.604e-3,,1.215e-19,1.438e-20,8.244e+1,2.502e-1,5.793e-11,1.448e-19,2.252e-22,9.656e-6,5.940e-17,2.473e+0,4.282e-5,2.015e-16,8.135e+0,1.354e+0,,8.420e+0,,,8.817e+0,,,1.722e-19,,1.359e-18,,6.684e-19,,3.418e-8,,5.507e-18,,1.617e-18,2.259e-16
536.12,1.198e+2,3.458e-7,2.863e-13,3.270e-40,2.747e-34,,,5.140e-18,1.734e-21,,2.357e-15,1.216e-18,1.323e-24,9.741e-18,8.108e-21,1.799e-32,3.362e-2,3.445e-26,,2.083e-18,1.212e-19,1.063e-20,5.205e-1,,1.377e-26,2.767e-3,,1.217e-19,1.438e-20,9.204e+1,2.626e-1,6.155e-11,1.448e-19,2.252e-22,1.423e-5,5.924e-17,2.362e+0,6.359e-5,1.035e-16,6.994e+0,1.139e+0,,7.890e+0,,,8.561e+0,,,1.720e-19,,1.359e-18,,6.684e-19,,2.242e-8,,5.502e-18,,1.621e-18,2.260e-16
536.14,1.251e+2,4.446e-7,2.222e-13,3.282e-40,2.746e-34,,,5.133e-18,1.735e-21,,2.356e-15,1.217e-18,1.324e-24,9.740e-18,8.087e-21,1.820e-32,3.287e-2,3.444e-26,,2.081e-18,1.215e-19,9.618e-21,4.542e-1,,1.378e-26,2.313e-3,,1.217e-19,1.438e-20,9.881e+1,2.704e-1,6.391e-11,1.448e-19,2.251e-22,1.836e-5,5.913e-17,2.286e+0,8.250e-5,6.616e-17,6.302e+0,1.011e+0,,7.551e+0,,,8.375e+0,,,1.718e-19,,1.359e-18,,6.683e-19,,1.714e-8,,5.498e-18,,1.623e-18,2.260e-16
536.17,1.337e+2,6.447e-7,1.512e-13,3.300e-40,2.746e-34,,,5.123e-18,1.737e-21,,2.356e-15,1.219e-18,1.325e-24,9.740e-18,8.056e-21,1.851e-32,3.161e-2,3.443e-26,,2.078e-18,1.221e-19,8.243e-21,3.683e-1,,1.378e-26,1.760e-3,,1.219e-19,1.438e-20,1.095e+2,2.813e-1,6.733e-11,1.448e-19,2.250e-22,2.678e-5,5.896e-17,2.171e+0,1.213e-4,3.416e-17,5.364e+0,8.416e-1,,7.070e+0,,,8.075e+0,,,1.716e-19,,1.360e-18,,6.682e-19,,1.197e-8,,5.492e-18,,1.626e-18,2.260e-16
536.19,1.399e+2,8.233e-7,1.166e-13,3.313e-40,2.746e-34,,,5.116e-18,1.738e-21,,2.356e-15,1.221e-18,1.325e-24,9.740e-18,8.035e-21,1.872e-32,3.070e-2,3.442e-26,,2.076e-18,1.224e-19,7.415e-21,3.193e-1,,1.379e-26,1.462e-3,,1.220e-19,1.439e-20,1.170e+2,2.880e-1,6.953e-11,1.449e-19,2.250e-22,3.434e-5,5.885e-17,2.095e+0,1.563e-4,2.218e-17,4.801e+0,7.423e-1,,6.773e+0,,,7.863e+0,,,1.714e-19,,1.360e-18,,6.682e-19,,9.936e-9,,5.489e-18,,1.628e-18,2.261e-16
536.21,1.464e+2,1.049e-6,8.965e-14,3.325e-40,2.746e-34,,,5.109e-18,1.739e-21,,2.355e-15,1.222e-18,1.326e-24,9.740e-18,8.015e-21,1.893e-32,2.973e-2,3.441e-26,,2.075e-18,1.228e-19,6.655e-21,2.760e-1,,1.379e-26,1.211e-3,,1.220e-19,1.439e-20,1.247e+2,2.941e-1,7.163e-11,1.449e-19,2.249e-22,4.391e-5,5.875e-17,2.019e+0,2.010e-4,1.483e-17,4.286e+0,6.530e-1,,6.497e+0,,,7.641e+0,,,1.713e-19,,1.360e-18,,6.681e-19,,8.824e-9,,5.485e-18,,1.631e-18,2.261e-16
536.24,1.568e+2,1.500e-6,6.014e-14,3.343e-40,2.746e-34,,,5.099e-18,1.741e-21,,2.355e-15,1.224e-18,1.327e-24,9.740e-18,7.984e-21,1.924e-32,2.820e-2,3.440e-26,,2.072e-18,1.234e-19,5.631e-21,2.207e-1,,1.380e-26,9.090e-4,,1.222e-19,1.439e-20,1.367e+2,3.023e-1,7.461e-11,1.449e-19,2.248e-22,6.317e-5,5.858e-17,1.906e+0,2.914e-4,9.405e-18,3.597e+0,5.361e-1,,6.128e+0,,,7.294e+0,,,1.711e-19,,1.360e-18,,6.681e-19,,8.679e-9,,5.480e-18,,1.634e-18,2.261e-16
536.26,1.641e+2,1.897e-6,4.594e-14,3.355e-40,2.746e-34,,,5.092e-18,1.742e-21,,2.355e-15,1.226e-18,1.327e-24,9.740e-18,7.963e-21,1.945e-32,2.713e-2,3.439e-26,,2.070e-18,1.237e-19,5.023e-21,1.895e-1,,1.380e-26,7.484e-4,,1.223e-19,1.439e-20,1.451e+2,3.070e-1,7.646e-11,1.449e-19,2.248e-22,8.024e-5,5.847e-17,1.832e+0,3.721e-4,8.424e-18,3.190e+0,4.684e-1,,5.915e+0,,,7.055e+0,,,1.709e-19,,1.360e-18,,6.680e-19,,9.575e-9,,5.476e-18,,1.636e-18,2.261e-16
536.29,1.755e+2,2.687e-6,3.051e-14,3.374e-40,2.746e-34,,,5.082e-18,1.744e-21,,2.354e-15,1.228e-18,1.328e-24,9.740e-18,7.933e-21,1.976e-32,2.548e-2,3.437e-26,,2.067e-18,1.243e-19,4.211e-21,1.501e-1,,1.381e-26,5.564e-4,,1.224e-19,1.439e-20,1.579e+2,3.128e-1,7.900e-11,1.449e-19,2.247e-22,1.143e-4,5.831e-17,1.725e+0,5.343e-4,1.038e-17,2.651e+0,3.807e-1,,5.652e+0,,,6.685e+0,,,1.707e-19,,1.360e-18,,6.679e-19,,1.257e-8,,5.471e-18,,1.640e-18,2.262e-16
536.31,1.835e+2,3.377e-6,2.315e-14,3.386e-40,2.746e-34,,,5.075e-18,1.745e-21,,2.354e-15,1.229e-18,1.329e-24,9.739e-18,7.912e-21,1.997e-32,2.435e-2,3.436e-26,,2.065e-18,1.246e-19,3.733e-21,1.280e-1,,1.381e-26,4.552e-4,,1.225e-19,1.440e-20,1.668e+2,3.159e-1,8.054e-11,1.449e-19,2.247e-22,1.442e-4,5.820e-17,1.656e+0,6.777e-4,1.433e-17,2.335e+0,3.305e-1,,5.515e+0,,,6.433e+0,,,1.705e-19,,1.360e-18,,6.679e-19,,1.589e-8,,5.467e-18,,1.642e-18,2.262e-16
536.34,1.959e+2,4.735e-6,1.522e-14,3.404e-40,2.745e-34,,,5.065e-18,1.747e-21,,2.353e-15,1.231e-18,1.330e-24,9.739e-18,7.881e-21,2.028e-32,2.264e-2,3.435e-26,,2.062e-18,1.252e-19,3.101e-21,1.003e-1,,1.382e-26,3.352e-4,,1.226e-19,1.440e-20,1.802e+2,3.191e-1,8.260e-11,1.450e-19,2.246e-22,2.034e-4,5.803e-17,1.555e+0,9.635e-4,2.559e-17,1.921e+0,2.659e-1,,5.373e+0,,,6.050e+0,,,1.703e-19,,1.361e-18,,6.678e-19,,2.348e-8,,5.461e-18,,1.645e-18,2.262e-16
536.36,2.043e+2,5.913e-6,1.147e-14,3.416e-40,2.745e-34,,,5.058e-18,1.748e-21,,2.353e-15,1.233e-18,1.331e-24,9.739e-18,7.861e-21,2.049e-32,2.149e-2,3.434e-26,,2.061e-18,1.256e-19,2.732e-21,8.502e-2,,1.382e-26,2.725e-4,,1.227e-19,1.440e-20,1.894e+2,3.204e-1,8.379e-11,1.450e-19,2.245e-22,2.550e-4,5.792e-17,1.491e+0,1.214e-3,4.005e-17,1.681e+0,2.293e-1,,5.323e+0,,,5.792e+0,,,1.701e-19,,1.361e-18,,6.678e-19,,3.084e-8,,5.458e-18,,1.648e-18,2.262e-16
536.39,2.173e+2,8.209e-6,7.468e-15,3.435e-40,2.745e-34,,,5.048e-18,1.750e-21,,2.353e-15,1.235e-18,1.332e-24,9.739e-18,7.830e-21,2.080e-32,1.978e-2,3.433e-26,,2.058e-18,1.261e-19,2.249e-21,6.598e-2,,1.383e-26,1.987e-4,,1.228e-19,1.440e-20,2.033e+2,3.210e-1,8.530e-11,1.450e-19,2.245e-22,3.561e-4,5.776e-17,1.400e+0,1.709e-3,7.801e-17,1.369e+0,1.826e-1,,5.316e+0,,,5.405e+0,,,1.699e-19,,1.361e-18,,6.677e-19,,4.670e-8,,5.452e-18,,1.651e-18,2.263e-16
536.41,2.262e+2,1.018e-5,5.590e-15,3.447e-40,2.745e-34,,,5.041e-18,1.751e-21,,2.352e-15,1.236e-18,1.332e-24,9.739e-18,7.809e-21,2.101e-32,1.865e-2,3.432e-26,,2.056e-18,1.265e-19,1.968e-21,5.553e-2,,1.383e-26,1.605e-4,,1.229e-19,1.440e-20,2.126e+2,3.205e-1,8.613e-11,1.450e-19,2.244e-22,4.435e-4,5.765e-17,1.342e+0,2.139e-3,1.213e-16,1.190e+0,1.564e-1,,5.359e+0,,,5.148e+0,,,1.697e-19,,1.361e-18,,6.676e-19,,6.158e-8,,5.449e-18,,1.653e-18,2.263e-16
536.44,2.395e+2,1.400e-5,3.603e-15,3.465e-40,2.745e-34,,,5.031e-18,1.753e-21,,2.352e-15,1.238e-18,1.333e-24,9.739e-18,7.778e-21,2.132e-32,1.700e-2,3.430e-26,,2.053e-18,1.270e-19,1.605e-21,4.267e-2,,1.384e-26,1.160e-4,,1.230e-19,1.441e-20,2.265e+2,3.184e-1,8.708e-11,1.450e-19,2.243e-22,6.133e-4,5.749e-17,1.259e+0,2.982e-3,2.339e-16,9.595e-1,1.234e-1,,5.496e+0,,,4.767e+0,,,1.695e-19,,1.361e-18,,6.676e-19,,9.302e-8,,5.443e-18,,1.657e-18,2.263e-16
536.46,2.485e+2,1.725e-5,2.679e-15,3.477e-40,2.745e-34,,,5.024e-18,1.754e-21,,2.352e-15,1.240e-18,1.334e-24,9.738e-18,7.758e-21,2.153e-32,1.593e-2,3.430e-26,,2.051e-18,1.274e-19,1.396e-21,3.567e-2,,1.384e-26,9.306e-5,,1.231e-19,1.441e-20,2.358e+2,3.161e-1,8.753e-11,1.450e-19,2.243e-22,7.587e-4,5.738e-17,1.207e+0,3.708e-3,3.613e-16,8.285e-1,1.050e-1,,5.637e+0,,,4.516e+0,,,1.693e-19,,1.361e-18,,6.675e-19,,1.222e-7,,5.440e-18,,1.659e-18,2.264e-16
536.49,2.618e+2,2.348e-5,1.709e-15,3.495e-40,2.745e-34,,,5.014e-18,1.756e-21,,2.351e-15,1.242e-18,1.335e-24,9.738e-18,7.727e-21,2.184e-32,1.437e-2,3.428e-26,,2.048e-18,1.280e-19,1.128e-21,2.714e-2,,1.385e-26,6.658e-5,,1.233e-19,1.441e-20,2.495e+2,3.115e-1,8.792e-11,1.451e-19,2.242e-22,1.039e-3,5.721e-17,1.133e+0,5.117e-3,6.901e-16,6.614e-1,8.196e-2,,5.922e+0,,,4.148e+0,,,1.691e-19,,1.362e-18,,6.674e-19,,1.830e-7,,5.434e-18,,1.662e-18,2.264e-16
536.51,2.706e+2,2.874e-5,1.263e-15,3.508e-40,2.745e-34,,,5.007e-18,1.757e-21,,2.351e-15,1.243e-18,1.335e-24,9.738e-18,7.706e-21,2.205e-32,1.337e-2,3.427e-26,,2.047e-18,1.283e-19,9.747e-22,2.254e-2,,1.386e-26,5.308e-5,,1.233e-19,1.441e-20,2.585e+2,3.075e-1,8.801e-11,1.451e-19,2.241e-22,1.277e-3,5.710e-17,1.087e+0,6.322e-3,1.059e-15,5.672e-1,6.927e-2,,6.161e+0,,,3.909e+0,,,1.689e-19,,1.362e-18,,6.674e-19,,2.389e-7,,5.430e-18,,1.665e-18,2.264e-16
536.54,2.836e+2,3.873e-5,7.974e-16,3.526e-40,2.745e-34,,,4.997e-18,1.759e-21,,2.351e-15,1.245e-18,1.336e-24,9.738e-18,7.675e-21,2.236e-32,1.194e-2,3.426e-26,,2.044e-18,1.289e-19,7.797e-22,1.697e-2,,1.386e-26,3.761e-5,,1.235e-19,1.441e-20,2.716e+2,3.005e-1,8.789e-11,1.451e-19,2.241e-22,1.731e-3,5.694e-17,1.021e+0,8.638e-3,2.002e-15,4.483e-1,5.355e-2,,6.593e+0,,,3.561e+0,,,1.687e-19,,1.362e-18,,6.673e-19,,3.545e-7,,5.425e-18,,1.668e-18,2.264e-16
536.56,2.921e+2,4.709e-5,5.851e-16,3.538e-40,2.744e-34,,,4.990e-18,1.760e-21,,2.350e-15,1.247e-18,1.337e-24,9.738e-18,7.655e-21,2.256e-32,1.104e-2,3.425e-26,,2.042e-18,1.292e-19,6.698e-22,1.400e-2,,1.387e-26,2.980e-5,,1.236e-19,1.442e-20,2.801e+2,2.951e-1,8.765e-11,1.451e-19,2.240e-22,2.113e-3,5.683e-17,9.800e-1,1.060e-2,3.052e-15,3.820e-1,4.495e-2,,6.929e+0,,,3.337e+0,,,1.686e-19,,1.362e-18,,6.673e-19,,4.596e-7,,5.421e-18,,1.670e-18,2.265e-16
536.58,3.003e+2,5.712e-5,4.281e-16,3.550e-40,2.744e-34,,,4.983e-18,1.761e-21,,2.350e-15,1.248e-18,1.337e-24,9.738e-18,7.634e-21,2.277e-32,1.018e-2,3.424e-26,,2.040e-18,1.296e-19,5.739e-22,1.152e-2,,1.387e-26,2.355e-5,,1.236e-19,1.442e-20,2.883e+2,2.892e-1,8.729e-11,1.451e-19,2.239e-22,2.573e-3,5.672e-17,9.405e-1,1.298e-2,4.640e-15,3.245e-1,3.764e-2,,7.301e+0,,,3.120e+0,,,1.684e-19,,1.362e-18,,6.672e-19,,5.945e-7,,5.418e-18,,1.673e-18,2.265e-16
536.61,3.122e+2,7.591e-5,2.666e-16,3.569e-40,2.744e-34,,,4.973e-18,1.763e-21,,2.350e-15,1.250e-18,1.338e-24,9.737e-18,7.603e-21,2.308e-32,8.967e-3,3.423e-26,,2.037e-18,1.302e-19,4.529e-22,8.554e-3,,1.388e-26,1.646e-5,,1.238e-19,1.442e-20,3.000e+2,2.793e-1,8.653e-11,1.452e-19,2.239e-22,3.439e-3,5.655e-17,8.845e-1,1.749e-2,8.656e-15,2.529e-1,2.869e-2,,7.926e+0,,,2.810e+0,,,1.682e-19,,1.362e-18,,6.671e-19,,8.701e-7,,5.412e-18,,1.676e-18,2.265e-16
536.63,3.197e+2,9.146e-5,1.938e-16,3.581e-40,2.744e-34,,,4.966e-18,1.764e-21,,2.349e-15,1.251e-18,1.339e-24,9.737e-18,7.583e-21,2.329e-32,8.212e-3,3.422e-26,,2.035e-18,1.305e-19,3.856e-22,6.991e-3,,1.388e-26,1.292e-5,,1.239e-19,1.442e-20,3.073e+2,2.722e-1,8.591e-11,1.452e-19,2.238e-22,4.160e-3,5.644e-17,8.490e-1,2.126e-2,1.307e-14,2.135e-1,2.386e-2,,8.385e+0,,,2.613e+0,,,1.680e-19,,1.363e-18,,6.671e-19,,1.118e-6,,5.409e-18,,1.678e-18,2.265e-16
536.66,3.303e+2,1.204e-4,1.195e-16,3.599e-40,2.744e-34,,,4.956e-18,1.766e-21,,2.349e-15,1.253e-18,1.340e-24,9.737e-18,7.552e-21,2.360e-32,7.162e-3,3.421e-26,,2.033e-18,1.311e-19,3.014e-22,5.140e-3,,1.389e-26,8.944e-6,,1.240e-19,1.442e-20,3.175e+2,2.608e-1,8.481e-11,1.452e-19,2.237e-22,5.507e-3,5.628e-17,7.984e-1,2.837e-2,2.415e-14,1.647e-1,1.801e-2,,9.131e+0,,,2.332e+0,,,1.678e-19,,1.363e-18,,6.670e-19,,1.620e-6,,5.403e-18,,1.682e-18,2.266e-16
536.68,3.368e+2,1.441e-4,8.627e-17,3.611e-40,2.744e-34,,,4.949e-18,1.767e-21,,2.349e-15,1.255e-18,1.341e-24,9.737e-18,7.531e-21,2.381e-32,6.516e-3,3.420e-26,,2.031e-18,1.315e-19,2.550e-22,4.173e-3,,1.389e-26,6.976e-6,,1.241e-19,1.443e-20,3.237e+2,2.528e-1,8.398e-11,1.452e-19,2.237e-22,6.618e-3,5.617e-17,7.662e-1,3.427e-2,3.623e-14,1.381e-1,1.488e-2,,9.663e+0,,,2.156e+0,,,1.676e-19,,1.363e-18,,6.670e-19,,2.068e-6,,5.399e-18,,2.692e-18,2.266e-16
536.71,3.457e+2,1.877e-4,5.266e-17,3.630e-40,2.744e-34,,,4.938e-18,1.769e-21,,2.348e-15,1.257e-18,1.341e-24,9.737e-18,7.500e-21,2.412e-32,5.626e-3,3.418e-26,,2.028e-18,1.320e-19,1.974e-22,3.037e-3,,1.390e-26,4.782e-6,,1.242e-19,1.443e-20,3.321e+2,2.403e-1,8.263e-11,1.452e-19,2.236e-22,8.674e-3,5.601e-17,7.200e-1,4.528e-2,6.627e-14,1.055e-1,1.112e-2,,1.051e+1,,,1.909e+0,,,1.674e-19,,1.363e-18,,6.669e-19,,2.968e-6,,5.394e-18,,5.426e-18,2.266e-16
536.73,3.510e+2,2.232e-4,3.777e-17,3.642e-40,2.744e-34,,,4.932e-18,1.770e-21,,2.348e-15,1.258e-18,1.342e-24,9.737e-18,7.480e-21,2.433e-32,5.084e-3,3.417e-26,,2.026e-18,1.324e-19,1.659e-22,2.449e-3,,1.390e-26,3.706e-6,,1.243e-19,1.443e-20,3.371e+2,2.316e-1,8.167e-11,1.452e-19,2.236e-22,1.035e-2,5.590e-17,6.905e-1,5.434e-2,9.878e-14,8.787e-2,9.122e-3,,1.110e+1,,,1.755e+0,,,1.672e-19,,1.363e-18,,6.668e-19,,3.763e-6,,5.390e-18,,8.630e-18,2.267e-16
536.76,3.580e+2,2.880e-4,2.282e-17,3.660e-40,2.743e-34,,,4.921e-18,1.772e-21,,2.347e-15,1.260e-18,1.343e-24,9.737e-18,7.449e-21,2.464e-32,4.346e-3,3.416e-26,,2.023e-18,1.329e-19,1.272e-22,1.765e-3,,1.391e-26,2.516e-6,,1.244e-19,1.443e-20,3.434e+2,2.184e-1,8.016e-11,1.453e-19,2.235e-22,1.344e-2,5.573e-17,6.479e-1,7.107e-2,1.789e-13,6.646e-2,6.748e-3,,1.202e+1,,,1.540e+0,,,1.670e-19,,1.363e-18,,6.668e-19,,5.347e-6,,5.385e-18,,1.723e-17,2.267e-16
536.78,3.619e+2,3.401e-4,1.626e-17,3.672e-40,2.743e-34,,,4.914e-18,1.773e-21,,2.347e-15,1.262e-18,1.344e-24,9.736e-18,7.428e-21,2.485e-32,3.902e-3,3.415e-26,,2.021e-18,1.333e-19,1.062e-22,1.414e-3,,1.391e-26,1.937e-6,,1.245e-19,1.443e-20,3.468e+2,2.094e-1,7.914e-11,1.453e-19,2.234e-22,1.594e-2,5.562e-17,6.207e-1,8.473e-2,2.649e-13,5.498e-2,5.501e-3,,1.265e+1,,,1.407e+0,,,1.668e-19,,1.364e-18,,6.667e-19,,6.736e-6,,5.381e-18,,2.722e-17,2.267e-16
536.81,3.666e+2,4.345e-4,9.726e-18,3.691e-40,2.743e-34,,,4.904e-18,1.775e-21,,2.347e-15,1.264e-18,1.345e-24,9.736e-18,7.398e-21,2.516e-32,3.302e-3,3.414e-26,,2.019e-18,1.338e-19,8.063e-23,1.009e-3,,1.392e-26,1.302e-6,,1.246e-19,1.444e-20,3.508e+2,1.958e-1,7.759e-11,1.453e-19,2.233e-22,2.048e-2,5.546e-17,5.813e-1,1.097e-1,4.751e-13,4.117e-2,4.029e-3,,1.360e+1,,,1.224e+0,,,1.666e-19,,1.364e-18,,6.666e-19,,9.476e-6,,5.376e-18,,5.379e-17,2.268e-16
536.83,3.689e+2,5.098e-4,6.883e-18,3.703e-40,2.743e-34,,,4.897e-18,1.776e-21,,2.346e-15,1.265e-18,1.345e-24,9.736e-18,7.377e-21,2.537e-32,2.945e-3,3.413e-26,,2.017e-18,1.342e-19,6.689e-23,8.026e-4,,1.392e-26,9.958e-7,,1.247e-19,1.444e-20,3.526e+2,1.867e-1,7.657e-11,1.453e-19,2.233e-22,2.412e-2,5.535e-17,5.560e-1,1.300e-1,6.989e-13,3.383e-2,3.262e-3,,1.425e+1,,,1.112e+0,,,1.664e-19,,1.364e-18,,6.666e-19,,1.186e-5,,5.372e-18,,8.444e-17,2.268e-16
536.86,3.711e+2,6.449e-4,4.076e-18,3.721e-40,2.743e-34,,,4.887e-18,1.778e-21,,2.346e-15,1.267e-18,1.346e-24,9.736e-18,7.346e-21,2.568e-32,2.468e-3,3.412e-26,,2.014e-18,1.348e-19,5.029e-23,5.668e-4,,1.393e-26,6.628e-7,,1.248e-19,1.444e-20,3.541e+2,1.732e-1,7.508e-11,1.453e-19,2.232e-22,3.069e-2,5.518e-17,5.195e-1,1.667e-1,1.241e-12,2.508e-2,2.365e-3,,1.521e+1,,,9.581e-1,,,1.662e-19,,1.364e-18,,6.665e-19,,1.652e-5,,5.367e-18,,1.653e-16,2.268e-16
536.88,3.718e+2,7.517e-4,2.865e-18,3.733e-40,2.743e-34,,,4.880e-18,1.779e-21,,2.346e-15,1.269e-18,1.347e-24,9.736e-18,7.325e-21,2.589e-32,2.186e-3,3.411e-26,,2.012e-18,1.351e-19,4.145e-23,4.481e-4,,1.393e-26,5.037e-7,,1.249e-19,1.444e-20,3.542e+2,1.643e-1,7.413e-11,1.453e-19,2.232e-22,3.592e-2,5.507e-17,4.961e-1,1.961e-1,1.814e-12,2.047e-2,1.903e-3,,1.584e+1,,,8.652e-1,,,1.661e-19,,1.364e-18,,6.664e-19,,2.054e-5,,5.363e-18,,2.577e-16,2.268e-16
536.91,3.715e+2,9.414e-4,1.680e-18,3.752e-40,2.743e-34,,,4.870e-18,1.781e-21,,2.345e-15,1.271e-18,1.348e-24,9.736e-18,7.295e-21,2.620e-32,1.813e-3,3.409e-26,,2.009e-18,1.357e-19,3.086e-23,3.133e-4,,1.394e-26,3.320e-7,,1.251e-19,1.444e-20,3.531e+2,1.512e-1,7.279e-11,1.454e-19,2.231e-22,4.525e-2,5.491e-17,4.625e-1,2.490e-1,3.190e-12,1.503e-2,1.366e-3,,1.676e+1,,,7.391e-1,,,1.658e-19,,1.364e-18,,6.664e-19,,2.833e-5,,5.357e-18,,4.994e-16,2.269e-16
536.93,3.705e+2,1.090e-3,1.173e-18,3.764e-40,2.743e-34,,,4.863e-18,1.782e-21,,2.345e-15,1.272e-18,1.348e-24,9.735e-18,7.274e-21,2.641e-32,1.596e-3,3.408e-26,,2.007e-18,1.361e-19,2.527e-23,2.460e-4,,1.394e-26,2.506e-7,,1.251e-19,1.445e-20,3.515e+2,1.426e-1,7.196e-11,1.454e-19,2.230e-22,5.261e-2,5.480e-17,4.412e-1,2.910e-1,4.631e-12,1.218e-2,1.091e-3,,1.735e+1,,,6.633e-1,,,1.657e-19,,1.364e-18,,6.663e-19,,3.498e-5,,5.354e-18,,7.738e-16,2.269e-16
536.96,3.676e+2,1.352e-3,6.809e-19,3.782e-40,2.742e-34,,,4.853e-18,1.784e-21,,2.345e-15,1.274e-18,1.349e-24,9.735e-18,7.243e-21,2.672e-32,1.311e-3,3.407e-26,,2.005e-18,1.366e-19,1.863e-23,1.703e-4,,1.395e-26,1.636e-7,,1.253e-19,1.445e-20,3.478e+2,1.302e-1,7.082e-11,1.454e-19,2.229e-22,6.562e-2,5.464e-17,4.108e-1,3.658e-1,8.063e-12,8.854e-3,7.755e-4,,1.819e+1,,,5.615e-1,,,1.654e-19,,1.365e-18,,6.662e-19,,4.778e-5,,5.348e-18,,1.485e-15,2.269e-16
536.98,3.648e+2,1.555e-3,4.722e-19,3.794e-40,2.742e-34,,,4.846e-18,1.785e-21,,2.344e-15,1.276e-18,1.350e-24,9.735e-18,7.223e-21,2.693e-32,1.146e-3,3.406e-26,,2.003e-18,1.370e-19,1.515e-23,1.328e-4,,1.395e-26,1.227e-7,,1.254e-19,1.445e-20,3.446e+2,1.221e-1,7.016e-11,1.454e-19,2.229e-22,7.579e-2,5.453e-17,3.917e-1,4.248e-1,1.163e-11,7.132e-3,6.155e-4,,1.872e+1,,,5.009e-1,,,1.653e-19,,1.365e-18,,6.662e-19,,5.862e-5,,5.345e-18,,2.286e-15,2.269e-16
537,3.614e+2,1.784e-3,3.266e-19,3.806e-40,2.742e-34,,,4.839e-18,1.786e-21,,2.344e-15,1.277e-18,1.351e-24,9.735e-18,7.202e-21,2.713e-32,9.989e-4,3.405e-26,,2.001e-18,1.373e-19,1.230e-23,1.033e-4,,1.396e-26,9.177e-8,,1.254e-19,1.445e-20,3.407e+2,1.143e-1,6.956e-11,1.454e-19,2.228e-22,8.730e-2,5.442e-17,3.737e-1,4.919e-1,1.673e-11,5.730e-3,4.872e-4,,1.921e+1,,,4.457e-1,,,1.651e-19,,1.365e-18,,6.661e-19,,7.173e-5,,5.341e-18,,3.509e-15,2.270e-16
537.03,3.551e+2,2.182e-3,1.869e-19,3.825e-40,2.742e-34,,,4.829e-18,1.788e-21,,2.344e-15,1.279e-18,1.351e-24,9.735e-18,7.171e-21,2.745e-32,8.090e-4,3.404e-26,,1.998e-18,1.379e-19,8.941e-24,7.053e-5,,1.396e-26,5.908e-8,,1.256e-19,1.445e-20,3.337e+2,1.032e-1,6.881e-11,1.454e-19,2.228e-22,1.074e-1,5.425e-17,3.485e-1,6.099e-1,2.874e-11,4.106e-3,3.414e-4,,1.988e+1,,,3.724e-1,,,1.649e-19,,1.365e-18,,6.661e-19,,9.661e-5,,5.336e-18,,6.641e-15,2.270e-16
537.05,3.502e+2,2.487e-3,1.284e-19,3.837e-40,2.742e-34,,,4.822e-18,1.789e-21,,2.343e-15,1.281e-18,1.352e-24,9.735e-18,7.151e-21,2.765e-32,7.006e-4,3.403e-26,,1.996e-18,1.383e-19,7.206e-24,5.450e-5,,1.397e-26,4.390e-8,,1.257e-19,1.445e-20,3.283e+2,9.608e-2,6.841e-11,1.455e-19,2.227e-22,1.229e-1,5.414e-17,3.332e-1,7.015e-1,4.107e-11,3.277e-3,2.685e-4,,2.027e+1,,,3.294e-1,,,1.647e-19,,1.365e-18,,6.660e-19,,1.174e-4,,5.332e-18,,1.013e-14,2.270e-16
537.08,3.417e+2,3.011e-3,7.278e-20,3.855e-40,2.742e-34,,,4.812e-18,1.791e-21,,2.343e-15,1.283e-18,1.353e-24,9.734e-18,7.120e-21,2.796e-32,5.618e-4,3.402e-26,,1.993e-18,1.388e-19,5.189e-24,3.683e-5,,1.397e-26,2.798e-8,,1.258e-19,1.446e-20,3.192e+2,8.599e-2,6.794e-11,1.455e-19,2.226e-22,1.497e-1,5.398e-17,3.124e-1,8.613e-1,6.984e-11,2.325e-3,1.863e-4,,2.077e+1,,,2.727e-1,,,1.645e-19,,1.365e-18,,6.659e-19,,1.566e-4,,5.326e-18,,1.898e-14,2.271e-16
537.1,3.353e+2,3.409e-3,4.967e-20,3.867e-40,2.742e-34,,,4.805e-18,1.792e-21,,2.343e-15,1.284e-18,1.354e-24,9.734e-18,7.099e-21,2.817e-32,4.833e-4,3.401e-26,,1.991e-18,1.392e-19,4.155e-24,2.827e-5,,1.398e-26,2.066e-8,,1.259e-19,1.446e-20,3.125e+2,7.965e-2,6.773e-11,1.455e-19,2.226e-22,1.702e-1,5.387e-17,3.002e-1,9.843e-1,9.917e-11,1.844e-3,1.455e-4,,2.105e+1,,,2.397e-1,,,1.643e-19,,1.366e-18,,6.659e-19,,1.892e-4,,5.323e-18,,2.876e-14,2.271e-16
537.13,3.250e+2,4.088e-3,2.786e-20,3.886e-40,2.742e-34,,,4.795e-18,1.794e-21,,2.342e-15,1.286e-18,1.355e-24,9.734e-18,7.068e-21,2.848e-32,3.837e-4,3.399e-26,,1.989e-18,1.397e-19,2.962e-24,1.891e-5,,1.399e-26,1.304e-8,,1.260e-19,1.446e-20,3.017e+2,7.073e-2,6.755e-11,1.455e-19,2.225e-22,2.052e-1,5.370e-17,2.844e-1,1.196e+0,1.670e-10,1.297e-3,9.993e-5,,2.136e+1,,,1.966e-1,,,1.641e-19,,1.366e-18,,6.658e-19,,2.498e-4,,5.317e-18,,5.338e-14,2.271e-16
537.15,3.175e+2,4.598e-3,1.889e-20,3.898e-40,2.742e-34,,,4.788e-18,1.795e-21,,2.342e-15,1.288e-18,1.355e-24,9.734e-18,7.048e-21,2.869e-32,3.279e-4,3.398e-26,,1.987e-18,1.401e-19,2.356e-24,1.442e-5,,1.399e-26,9.563e-9,,1.261e-19,1.446e-20,2.939e+2,6.517e-2,6.751e-11,1.455e-19,2.224e-22,2.317e-1,5.359e-17,2.756e-1,1.358e+0,2.355e-10,1.023e-3,7.754e-5,,2.150e+1,,,1.717e-1,,,1.639e-19,,1.366e-18,,6.658e-19,,2.997e-4,,5.314e-18,,8.035e-14,2.271e-16
537.18,3.057e+2,5.458e-3,1.049e-20,3.916e-40,2.741e-34,,,4.778e-18,1.797e-21,,2.341e-15,1.290e-18,1.356e-24,9.734e-18,7.017e-21,2.900e-32,2.578e-4,3.397e-26,,1.984e-18,1.407e-19,1.663e-24,9.552e-6,,1.400e-26,5.977e-9,,1.262e-19,1.446e-20,2.817e+2,5.743e-2,6.756e-11,1.455e-19,2.224e-22,2.767e-1,5.343e-17,2.651e-1,1.635e+0,3.927e-10,7.142e-4,5.273e-5,,2.160e+1,,,1.395e-1,,,1.637e-19,,1.366e-18,,6.657e-19,,3.918e-4,,5.308e-18,,1.477e-13,2.272e-16
537.2,2.974e+2,6.099e-3,7.064e-21,3.928e-40,2.741e-34,,,4.771e-18,1.798e-21,,2.341e-15,1.291e-18,1.357e-24,9.734e-18,6.996e-21,2.921e-32,2.188e-4,3.396e-26,,1.982e-18,1.410e-19,1.315e-24,7.235e-6,,1.400e-26,4.355e-9,,1.263e-19,1.447e-20,2.732e+2,5.266e-2,6.766e-11,1.456e-19,2.223e-22,3.105e-1,5.332e-17,2.601e-1,1.844e+0,5.504e-10,5.619e-4,4.064e-5,,2.160e+1,,,1.211e-1,,,1.636e-19,,1.366e-18,,6.656e-19,,4.670e-4,,5.305e-18,,2.208e-13,2.272e-16
537.23,2.846e+2,7.168e-3,3.884e-21,3.947e-40,2.741e-34,,,4.761e-18,1.800e-21,,2.341e-15,1.293e-18,1.358e-24,9.734e-18,6.965e-21,2.952e-32,1.703e-4,3.395e-26,,1.979e-18,1.416e-19,9.188e-25,4.744e-6,,1.401e-26,2.695e-9,,1.264e-19,1.447e-20,2.601e+2,4.609e-2,6.788e-11,1.456e-19,2.222e-22,3.671e-1,5.316e-17,2.554e-1,2.197e+0,9.086e-10,3.934e-4,2.736e-5,,2.149e+1,,,9.742e-2,,,1.633e-19,,1.366e-18,,6.656e-19,,6.046e-4,,5.299e-18,,4.019e-13,2.272e-16
537.25,2.758e+2,7.957e-3,2.598e-21,3.959e-40,2.741e-34,,,4.754e-18,1.801e-21,,2.340e-15,1.295e-18,1.358e-24,9.733e-18,6.945e-21,2.973e-32,1.436e-4,3.394e-26,,1.977e-18,1.419e-19,7.213e-25,3.569e-6,,1.401e-26,1.951e-9,,1.265e-19,1.447e-20,2.512e+2,4.209e-2,6.807e-11,1.456e-19,2.222e-22,4.091e-1,5.305e-17,2.543e-1,2.462e+0,1.265e-9,3.121e-4,2.095e-5,,2.135e+1,,,8.402e-2,,,1.632e-19,,1.367e-18,,6.655e-19,,7.158e-4,,5.295e-18,,5.970e-13,2.272e-16
537.28,2.624e+2,9.260e-3,1.414e-21,3.977e-40,2.741e-34,,,4.743e-18,1.803e-21,,2.340e-15,1.297e-18,1.359e-24,9.733e-18,6.914e-21,3.004e-32,1.106e-4,3.393e-26,,1.975e-18,1.425e-19,4.992e-25,2.317e-6,,1.402e-26,1.197e-9,,1.266e-19,1.447e-20,2.377e+2,3.664e-2,6.838e-11,1.456e-19,2.221e-22,4.789e-1,5.288e-17,2.557e-1,2.905e+0,2.068e-9,2.257e-4,1.396e-5,,2.103e+1,,,6.697e-2,,,1.629e-19,,1.367e-18,,6.654e-19,,9.176e-4,,5.290e-18,,1.076e-12,2.273e-16
537.3,2.535e+2,1.021e-2,9.394e-22,3.989e-40,2.741e-34,,,4.737e-18,1.804e-21,,2.340e-15,1.298e-18,1.360e-24,9.733e-18,6.893e-21,3.025e-32,9.268e-5,3.392e-26,,1.973e-18,1.429e-19,3.893e-25,1.732e-6,,1.402e-26,8.627e-10,,1.267e-19,1.447e-20,2.286e+2,3.337e-2,6.859e-11,1.456e-19,2.221e-22,5.302e-1,5.277e-17,2.586e-1,3.233e+0,2.860e-9,1.870e-4,1.062e-5,,2.075e+1,,,5.739e-2,,,1.628e-19,,1.367e-18,,6.654e-19,,1.079e-3,,5.286e-18,,1.588e-12,2.273e-16
537.33,2.402e+2,1.177e-2,5.062e-22,4.008e-40,2.741e-34,,,4.726e-18,1.806e-21,,2.339e-15,1.300e-18,1.361e-24,9.733e-18,6.862e-21,3.056e-32,7.070e-5,3.390e-26,,1.970e-18,1.434e-19,2.668e-25,1.113e-6,,1.403e-26,5.275e-10,,1.269e-19,1.448e-20,2.152e+2,2.899e-2,6.889e-11,1.457e-19,2.220e-22,6.146e-1,5.261e-17,2.660e-1,3.777e+0,4.630e-9,1.516e-4,7.007e-6,,2.024e+1,,,4.532e-2,,,1.625e-19,,1.367e-18,,6.653e-19,,1.370e-3,,5.281e-18,,2.833e-12,2.273e-16
537.35,2.314e+2,1.289e-2,3.341e-22,4.020e-40,2.741e-34,,,4.720e-18,1.807e-21,,2.339e-15,1.301e-18,1.361e-24,9.733e-18,6.842e-21,3.077e-32,5.883e-5,3.389e-26,,1.968e-18,1.438e-19,2.067e-25,8.264e-7,,1.403e-26,3.813e-10,,1.269e-19,1.448e-20,2.064e+2,2.641e-2,6.906e-11,1.457e-19,2.219e-22,6.759e-1,5.250e-17,2.729e-1,4.176e+0,6.362e-9,1.410e-4,5.293e-6,,1.984e+1,,,3.859e-2,,,1.624e-19,,1.367e-18,,6.653e-19,,1.601e-3,,5.277e-18,,4.154e-12,2.274e-16
537.37,2.228e+2,1.408e-2,2.199e-22,4.032e-40,2.741e-34,,,4.713e-18,1.808e-21,,2.339e-15,1.303e-18,1.362e-24,9.733e-18,6.821e-21,3.098e-32,4.882e-5,3.389e-26,,1.966e-18,1.441e-19,1.597e-25,6.118e-7,,1.404e-26,2.781e-10,,1.270e-19,1.448e-20,1.977e+2,2.409e-2,6.920e-11,1.457e-19,2.219e-22,7.415e-1,5.239e-17,2.814e-1,4.605e+0,8.719e-9,1.400e-4,3.988e-6,,1.940e+1,,,3.278e-2,,,1.622e-19,,1.367e-18,,6.652e-19,,1.865e-3,,5.274e-18,,6.076e-12,2.274e-16
537.4,2.104e+2,1.600e-2,1.168e-22,4.050e-40,2.740e-34,,,4.702e-18,1.810e-21,,2.338e-15,1.305e-18,1.363e-24,9.732e-18,6.790e-21,3.129e-32,3.673e-5,3.387e-26,,1.963e-18,1.447e-19,1.079e-25,3.878e-7,,1.404e-26,1.806e-10,,1.272e-19,1.448e-20,1.852e+2,2.110e-2,6.932e-11,1.457e-19,2.218e-22,8.476e-1,5.223e-17,2.969e-1,5.306e+0,1.392e-8,1.562e-4,2.595e-6,,1.866e+1,,,2.554e-2,,,1.620e-19,,1.368e-18,,6.651e-19,,2.335e-3,,5.268e-18,,1.069e-11,2.274e-16
537.42,2.025e+2,1.737e-2,7.639e-23,4.062e-40,2.740e-34,,,4.696e-18,1.811e-21,,2.338e-15,1.306e-18,1.364e-24,9.732e-18,6.770e-21,3.150e-32,3.028e-5,3.386e-26,,1.962e-18,1.451e-19,8.282e-26,2.852e-7,,1.405e-26,1.434e-10,,1.272e-19,1.448e-20,1.772e+2,1.942e-2,6.932e-11,1.457e-19,2.217e-22,9.237e-1,5.212e-17,3.091e-1,5.812e+0,1.895e-8,1.796e-4,1.942e-6,,1.813e+1,,,2.156e-2,,,1.618e-19,,1.368e-18,,6.651e-19,,2.703e-3,,5.264e-18,,1.554e-11,2.274e-16
537.45,1.912e+2,1.955e-2,4.018e-23,4.081e-40,2.740e-34,,,4.685e-18,1.813e-21,,2.337e-15,1.308e-18,1.365e-24,9.732e-18,6.739e-21,3.181e-32,2.255e-5,3.385e-26,,1.959e-18,1.456e-19,5.541e-26,1.790e-7,,1.405e-26,1.187e-10,,1.274e-19,1.449e-20,1.659e+2,1.735e-2,6.919e-11,1.457e-19,2.217e-22,1.045e+0,5.195e-17,3.299e-1,6.631e+0,2.996e-8,2.367e-4,1.251e-6,,1.726e+1,,,1.664e-2,,,1.616e-19,,1.368e-18,,6.650e-19,,3.351e-3,,5.259e-18,,2.708e-11,2.275e-16
537.47,1.842e+2,2.108e-2,2.610e-23,4.093e-40,2.740e-34,,,4.678e-18,1.814e-21,,2.337e-15,1.310e-18,1.365e-24,9.732e-18,6.718e-21,3.202e-32,1.846e-5,3.384e-26,,1.957e-18,1.460e-19,4.225e-26,1.307e-7,,1.406e-26,1.201e-10,,1.275e-19,1.449e-20,1.588e+2,1.628e-2,6.901e-11,1.457e-19,2.216e-22,1.132e+0,5.184e-17,3.454e-1,7.217e+0,4.052e-8,2.923e-4,9.302e-7,,1.666e+1,,,1.396e-2,,,1.614e-19,,1.368e-18,,6.650e-19,,3.854e-3,,5.255e-18,,3.908e-11,2.275e-16
537.5,1.746e+2,2.348e-2,1.359e-23,4.111e-40,2.740e-34,,,4.668e-18,1.816e-21,,2.337e-15,1.312e-18,1.366e-24,9.732e-18,6.688e-21,3.233e-32,1.362e-5,3.383e-26,,1.954e-18,1.465e-19,2.799e-26,8.122e-8,,1.406e-26,1.492e-10,,1.276e-19,1.449e-20,1.491e+2,1.513e-2,6.855e-11,1.458e-19,2.215e-22,1.268e+0,5.168e-17,3.708e-1,8.152e+0,6.344e-8,4.093e-4,5.933e-7,,1.571e+1,,,1.069e-2,,,1.612e-19,,1.368e-18,,6.649e-19,,4.730e-3,,5.250e-18,,6.744e-11,2.275e-16
537.52,1.688e+2,2.515e-2,8.767e-24,4.123e-40,2.740e-34,,,4.661e-18,1.817e-21,,2.336e-15,1.313e-18,1.367e-24,9.732e-18,6.667e-21,3.253e-32,1.108e-5,3.382e-26,,1.952e-18,1.469e-19,2.120e-26,5.894e-8,,1.407e-26,1.894e-10,,1.277e-19,1.449e-20,1.431e+2,1.466e-2,6.813e-11,1.458e-19,2.215e-22,1.364e+0,5.157e-17,3.890e-1,8.813e+0,8.524e-8,5.154e-4,4.381e-7,,1.506e+1,,,8.925e-3,,,1.611e-19,,1.368e-18,,6.648e-19,,5.404e-3,,5.246e-18,,9.671e-11,2.276e-16
537.55,1.611e+2,2.774e-2,4.520e-24,4.142e-40,2.740e-34,,,4.651e-18,1.819e-21,,2.336e-15,1.315e-18,1.368e-24,9.731e-18,6.636e-21,3.285e-32,8.085e-6,3.380e-26,,1.949e-18,1.475e-19,1.390e-26,3.625e-8,,1.407e-26,2.909e-10,,1.278e-19,1.449e-20,1.352e+2,1.441e-2,6.729e-11,1.458e-19,2.214e-22,1.514e+0,5.140e-17,4.179e-1,9.857e+0,1.321e-7,7.300e-4,2.767e-7,,1.406e+1,,,6.790e-3,,,1.608e-19,,1.369e-18,,6.648e-19,,6.567e-3,,5.241e-18,,1.653e-10,2.276e-16
537.57,1.567e+2,2.952e-2,2.896e-24,4.154e-40,2.740e-34,,,4.644e-18,1.820e-21,,2.336e-15,1.317e-18,1.368e-24,9.731e-18,6.615e-21,3.305e-32,6.534e-6,3.380e-26,,1.948e-18,1.478e-19,1.046e-26,2.613e-8,,1.408e-26,3.960e-10,,1.279e-19,1.450e-20,1.306e+2,1.456e-2,6.660e-11,1.458e-19,2.213e-22,1.617e+0,5.129e-17,4.381e-1,1.059e+1,1.764e-7,9.200e-4,2.029e-7,,1.338e+1,,,5.654e-3,,,1.607e-19,,1.369e-18,,6.647e-19,,7.454e-3,,5.237e-18,,2.354e-10,2.276e-16
537.6,1.512e+2,3.225e-2,1.478e-24,4.172e-40,2.739e-34,,,4.634e-18,1.822e-21,,2.335e-15,1.319e-18,1.369e-24,9.731e-18,6.585e-21,3.337e-32,4.722e-6,3.378e-26,,1.945e-18,1.484e-19,6.794e-27,1.591e-8,,1.408e-26,6.364e-10,,1.280e-19,1.450e-20,1.248e+2,1.527e-2,6.535e-11,1.458e-19,2.213e-22,1.777e+0,5.113e-17,4.695e-1,1.172e+1,2.707e-7,1.298e-3,1.269e-7,,1.237e+1,,,4.303e-3,,,1.604e-19,,1.369e-18,,6.646e-19,,8.969e-3,,5.232e-18,,3.984e-10,2.276e-16
537.62,1.483e+2,3.409e-2,9.409e-25,4.184e-40,2.739e-34,,,4.627e-18,1.823e-21,,2.335e-15,1.320e-18,1.370e-24,9.731e-18,6.564e-21,3.357e-32,3.791e-6,3.377e-26,,1.943e-18,1.487e-19,5.078e-27,1.139e-8,,1.409e-26,8.746e-10,,1.281e-19,1.450e-20,1.216e+2,1.608e-2,6.437e-11,1.459e-19,2.212e-22,1.886e+0,5.102e-17,4.909e-1,1.251e+1,3.590e-7,1.628e-3,9.245e-8,,1.170e+1,,,3.598e-3,,,1.603e-19,,1.369e-18,,6.646e-19,,1.011e-2,,5.228e-18,,5.638e-10,2.277e-16
537.65,1.451e+2,3.686e-2,4.754e-25,4.203e-40,2.739e-34,,,4.617e-18,1.825e-21,,2.335e-15,1.322e-18,1.371e-24,9.731e-18,6.533e-21,3.388e-32,2.713e-6,3.376e-26,,1.940e-18,1.493e-19,3.265e-27,6.869e-9,,1.409e-26,1.406e-9,,1.282e-19,1.450e-20,1.180e+2,1.784e-2,6.270e-11,1.459e-19,2.211e-22,2.052e+0,5.086e-17,5.234e-1,1.372e+1,5.457e-7,2.278e-3,5.722e-8,,1.071e+1,,,2.784e-3,,,1.600e-19,,1.369e-18,,6.645e-19,,1.205e-2,,5.222e-18,,9.447e-10,2.277e-16
537.67,1.437e+2,3.871e-2,3.006e-25,4.215e-40,2.739e-34,,,4.610e-18,1.826e-21,,2.334e-15,1.324e-18,1.371e-24,9.731e-18,6.513e-21,3.409e-32,2.163e-6,3.375e-26,,1.938e-18,1.497e-19,2.424e-27,4.887e-9,,1.410e-26,1.925e-9,,1.283e-19,1.450e-20,1.163e+2,1.939e-2,6.146e-11,1.459e-19,2.211e-22,2.163e+0,5.075e-17,5.450e-1,1.454e+1,7.190e-7,2.841e-3,4.142e-8,,1.006e+1,,,2.378e-3,,,1.599e-19,,1.369e-18,,6.645e-19,,1.350e-2,,5.219e-18,,1.328e-9,2.277e-16
537.7,1.429e+2,4.145e-2,1.504e-25,4.233e-40,2.739e-34,,,4.600e-18,1.828e-21,,2.334e-15,1.326e-18,1.372e-24,9.730e-18,6.482e-21,3.440e-32,1.532e-6,3.374e-26,,1.935e-18,1.502e-19,1.543e-27,2.918e-9,,1.410e-26,3.071e-9,,1.285e-19,1.451e-20,1.150e+2,2.232e-2,5.940e-11,1.459e-19,2.210e-22,2.330e+0,5.058e-17,5.771e-1,1.578e+1,1.082e-6,3.937e-3,2.538e-8,,9.121e+0,,,1.941e-3,,,1.596e-19,,1.370e-18,,6.644e-19,,1.592e-2,,5.213e-18,,2.204e-9,2.278e-16
537.72,1.430e+2,4.324e-2,9.443e-26,4.245e-40,2.739e-34,,,4.593e-18,1.829e-21,,2.334e-15,1.327e-18,1.373e-24,9.730e-18,6.461e-21,3.461e-32,1.214e-6,3.373e-26,,1.934e-18,1.506e-19,1.138e-27,2.064e-9,,1.411e-26,4.179e-9,,1.285e-19,1.451e-20,1.148e+2,2.470e-2,5.790e-11,1.459e-19,2.209e-22,2.441e+0,5.047e-17,5.980e-1,1.662e+1,1.416e-6,4.878e-3,1.825e-8,,8.513e+0,,,1.750e-3,,,1.595e-19,,1.370e-18,,6.643e-19,,1.772e-2,,5.210e-18,,3.079e-9,2.278e-16
537.74,1.438e+2,4.499e-2,5.915e-26,4.257e-40,2.739e-34,,,4.586e-18,1.830e-21,,2.333e-15,1.329e-18,1.374e-24,9.730e-18,6.441e-21,3.482e-32,9.589e-7,3.372e-26,,1.932e-18,1.510e-19,8.370e-28,1.457e-9,,1.411e-26,5.673e-9,,1.286e-19,1.451e-20,1.152e+2,2.746e-2,5.632e-11,1.459e-19,2.209e-22,2.550e+0,5.036e-17,6.182e-1,1.745e+1,1.849e-6,6.028e-3,1.309e-8,,7.925e+0,,,1.632e-3,,,1.593e-19,,1.370e-18,,6.643e-19,,1.966e-2,,5.206e-18,,4.289e-9,2.278e-16
537.77,1.461e+2,4.751e-2,2.917e-26,4.276e-40,2.739e-34,,,4.576e-18,1.832e-21,,2.333e-15,1.331e-18,1.375e-24,9.730e-18,6.410e-21,3.513e-32,6.699e-7,3.371e-26,,1.929e-18,1.515e-19,5.254e-28,8.641e-10,,1.412e-26,8.928e-9,,1.288e-19,1.451e-20,1.168e+2,3.233e-2,5.379e-11,1.460e-19,2.208e-22,2.709e+0,5.020e-17,6.472e-1,1.869e+1,2.744e-6,8.241e-3,7.907e-9,,7.083e+0,,,1.579e-3,,,1.591e-19,,1.370e-18,,6.642e-19,,2.288e-2,,5.201e-18,,7.019e-9,2.278e-16
537.79,1.482e+2,4.911e-2,2.908e-26,4.288e-40,2.738e-34,,,4.569e-18,1.833e-21,,2.333e-15,1.332e-18,1.375e-24,9.730e-18,6.389e-21,3.534e-32,5.257e-7,3.370e-26,,1.927e-18,1.519e-19,3.839e-28,6.122e-10,,1.412e-26,1.204e-8,,1.288e-19,1.451e-20,1.186e+2,3.611e-2,5.202e-11,1.460e-19,2.208e-22,2.811e+0,5.009e-17,6.653e-1,1.949e+1,3.559e-6,1.012e-2,5.632e-9,,6.550e+0,,,1.624e-3,,,1.589e-19,,1.370e-18,,6.642e-19,,2.522e-2,,5.197e-18,,9.716e-9,2.279e-16
537.82,1.524e+2,5.135e-2,2.895e-26,4.306e-40,2.738e-34,,,4.559e-18,1.835e-21,,2.332e-15,1.334e-18,1.376e-24,9.730e-18,6.358e-21,3.565e-32,3.636e-7,3.368e-26,,1.924e-18,1.524e-19,2.386e-28,3.732e-10,,1.413e-26,1.877e-8,,1.290e-19,1.452e-20,1.222e+2,4.263e-2,4.925e-11,1.460e-19,2.207e-22,2.957e+0,4.992e-17,6.904e-1,2.067e+1,5.231e-6,1.370e-2,3.369e-9,,5.796e+0,,,1.814e-3,,,1.587e-19,,1.370e-18,,6.641e-19,,2.906e-2,,5.191e-18,,1.574e-8,2.279e-16
537.84,1.558e+2,5.272e-2,2.886e-26,4.318e-40,2.738e-34,,,4.552e-18,1.836e-21,,2.332e-15,1.336e-18,1.377e-24,9.730e-18,6.338e-21,3.586e-32,2.835e-7,3.367e-26,,1.922e-18,1.528e-19,1.732e-28,2.780e-10,,1.413e-26,2.514e-8,,1.291e-19,1.452e-20,1.251e+2,4.759e-2,4.735e-11,1.460e-19,2.206e-22,3.049e+0,4.981e-17,7.054e-1,2.142e+1,6.740e-6,1.671e-2,2.384e-9,,5.324e+0,,,2.025e-3,,,1.586e-19,,1.370e-18,,6.640e-19,,3.183e-2,,5.188e-18,,2.165e-8,2.279e-16
537.87,1.616e+2,5.458e-2,2.872e-26,4.337e-40,2.738e-34,,,4.542e-18,1.838e-21,,2.331e-15,1.338e-18,1.378e-24,9.729e-18,6.307e-21,3.617e-32,1.941e-7,3.366e-26,,1.920e-18,1.533e-19,1.066e-28,2.012e-10,,1.414e-26,3.880e-8,,1.292e-19,1.452e-20,1.304e+2,5.599e-2,4.443e-11,1.460e-19,2.205e-22,3.176e+0,4.965e-17,7.252e-1,2.248e+1,9.809e-6,2.239e-2,1.412e-9,,4.665e+0,,,2.482e-3,,,1.583e-19,,1.371e-18,,6.639e-19,,3.630e-2,,5.182e-18,,3.474e-8,2.280e-16
537.89,1.659e+2,5.568e-2,2.863e-26,4.349e-40,2.738e-34,,,4.535e-18,1.839e-21,,2.331e-15,1.339e-18,1.378e-24,9.729e-18,6.286e-21,3.638e-32,1.503e-7,3.365e-26,,1.918e-18,1.537e-19,7.684e-29,1.845e-10,,1.414e-26,5.164e-8,,1.293e-19,1.452e-20,1.344e+2,6.227e-2,4.245e-11,1.460e-19,2.205e-22,3.253e+0,4.954e-17,7.364e-1,2.315e+1,1.256e-5,2.713e-2,9.924e-10,,4.257e+0,,,2.890e-3,,,1.582e-19,,1.371e-18,,6.639e-19,,3.950e-2,,5.179e-18,,4.746e-8,2.280e-16
537.92,1.730e+2,5.707e-2,2.850e-26,4.367e-40,2.738e-34,,,4.525e-18,1.841e-21,,2.331e-15,1.341e-18,1.379e-24,9.729e-18,6.255e-21,3.669e-32,1.019e-7,3.364e-26,,1.915e-18,1.543e-19,4.681e-29,2.051e-10,,1.415e-26,7.891e-8,,1.294e-19,1.452e-20,1.409e+2,7.279e-2,3.946e-11,1.461e-19,2.204e-22,3.356e+0,4.938e-17,7.499e-1,2.406e+1,1.809e-5,3.601e-2,5.819e-10,,3.693e+0,,,3.683e-3,,,1.579e-19,,1.371e-18,,6.638e-19,,4.461e-2,,5.173e-18,,7.540e-8,2.280e-16
537.94,1.780e+2,5.783e-2,2.841e-26,4.379e-40,2.738e-34,,,4.518e-18,1.842e-21,,2.330e-15,1.343e-18,1.380e-24,9.729e-18,6.235e-21,3.690e-32,7.840e-8,3.363e-26,,1.913e-18,1.546e-19,3.353e-29,2.510e-10,,1.416e-26,1.044e-7,,1.295e-19,1.453e-20,1.456e+2,8.055e-2,3.747e-11,1.461e-19,2.204e-22,3.415e+0,4.927e-17,7.565e-1,2.460e+1,2.301e-5,4.335e-2,4.063e-10,,3.348e+0,,,4.351e-3,,,1.578e-19,,1.371e-18,,6.638e-19,,4.822e-2,,5.170e-18,,1.023e-7,2.280e-16
537.97,1.858e+2,5.870e-2,2.827e-26,4.398e-40,2.738e-34,,,4.507e-18,1.844e-21,,2.330e-15,1.345e-18,1.381e-24,9.729e-18,6.204e-21,3.721e-32,5.262e-8,3.362e-26,,1.910e-18,1.552e-19,2.022e-29,3.812e-10,,1.416e-26,1.579e-7,,1.296e-19,1.453e-20,1.531e+2,9.338e-2,3.451e-11,1.461e-19,2.203e-22,3.488e+0,4.910e-17,7.630e-1,2.532e+1,3.283e-5,5.697e-2,2.358e-10,,2.875e+0,,,5.599e-3,,,1.575e-19,,1.371e-18,,6.637e-19,,5.393e-2,,5.164e-18,,1.610e-7,2.281e-16
537.99,1.911e+2,5.909e-2,2.818e-26,4.410e-40,2.738e-34,,,4.501e-18,1.845e-21,,2.330e-15,1.346e-18,1.381e-24,9.729e-18,6.183e-21,3.742e-32,4.021e-8,3.361e-26,,1.908e-18,1.555e-19,1.439e-29,5.229e-10,,1.417e-26,2.074e-7,,1.297e-19,1.453e-20,1.582e+2,1.027e-1,3.256e-11,1.461e-19,2.202e-22,3.526e+0,4.899e-17,7.648e-1,2.573e+1,4.148e-5,6.813e-2,1.636e-10,,2.589e+0,,,6.622e-3,,,1.574e-19,,1.371e-18,,6.636e-19,,5.791e-2,,5.160e-18,,2.171e-7,2.281e-16
538.02,1.992e+2,5.938e-2,2.805e-26,4.428e-40,2.737e-34,,,4.490e-18,1.847e-21,,2.329e-15,1.348e-18,1.382e-24,9.728e-18,6.152e-21,3.773e-32,2.672e-8,3.359e-26,,1.906e-18,1.561e-19,8.592e-30,8.577e-10,,1.417e-26,3.108e-7,,1.298e-19,1.453e-20,1.661e+2,1.180e-1,2.971e-11,1.461e-19,2.202e-22,3.567e+0,4.883e-17,7.639e-1,2.622e+1,5.861e-5,8.866e-2,9.400e-11,,2.202e+0,,,8.499e-3,,,1.571e-19,,1.372e-18,,6.636e-19,,6.412e-2,,5.155e-18,,3.382e-7,2.281e-16
538.04,2.045e+2,5.938e-2,2.796e-26,4.440e-40,2.737e-34,,,4.484e-18,1.848e-21,,2.329e-15,1.349e-18,1.383e-24,9.728e-18,6.132e-21,3.794e-32,2.028e-8,3.358e-26,,1.904e-18,1.565e-19,6.072e-30,1.198e-9,,1.418e-26,4.056e-7,,1.299e-19,1.453e-20,1.714e+2,1.291e-1,2.785e-11,1.461e-19,2.201e-22,3.583e+0,4.872e-17,7.608e-1,2.646e+1,7.356e-5,1.053e-1,6.476e-11,,1.970e+0,,,1.002e-2,,,1.570e-19,,1.372e-18,,6.635e-19,,6.841e-2,,5.151e-18,,4.531e-7,2.281e-16
538.07,2.123e+2,5.909e-2,2.782e-26,4.459e-40,2.737e-34,,,4.473e-18,1.850e-21,,2.329e-15,1.352e-18,1.384e-24,9.728e-18,6.101e-21,3.825e-32,1.335e-8,3.357e-26,,1.901e-18,1.570e-19,3.590e-30,1.976e-9,,1.418e-26,6.018e-7,,1.300e-19,1.454e-20,1.792e+2,1.469e-1,2.517e-11,1.462e-19,2.200e-22,3.589e+0,4.855e-17,7.524e-1,2.670e+1,1.029e-4,1.357e-1,3.685e-11,,1.658e+0,,,1.276e-2,,,1.568e-19,,1.372e-18,,6.634e-19,,7.500e-2,,5.146e-18,,6.989e-7,2.282e-16
538.09,2.173e+2,5.870e-2,2.773e-26,4.471e-40,2.737e-34,,,4.466e-18,1.851e-21,,2.328e-15,1.353e-18,1.385e-24,9.728e-18,6.080e-21,3.845e-32,1.006e-8,3.356e-26,,1.899e-18,1.574e-19,2.520e-30,2.753e-9,,1.419e-26,7.803e-7,,1.301e-19,1.454e-20,1.843e+2,1.596e-1,2.344e-11,1.462e-19,2.200e-22,3.582e+0,4.844e-17,7.444e-1,2.677e+1,1.283e-4,1.602e-1,2.522e-11,,1.474e+0,,,1.495e-2,,,1.566e-19,,1.372e-18,,6.634e-19,,7.948e-2,,5.142e-18,,9.301e-7,2.282e-16
538.11,2.221e+2,5.816e-2,2.764e-26,4.483e-40,2.737e-34,,,4.460e-18,1.853e-21,,2.328e-15,1.354e-18,1.385e-24,9.728e-18,6.060e-21,3.866e-32,7.568e-9,3.355e-26,,1.897e-18,1.578e-19,1.765e-30,3.828e-9,,1.419e-26,1.009e-6,,1.302e-19,1.454e-20,1.892e+2,1.730e-1,2.178e-11,1.462e-19,2.199e-22,3.566e+0,4.833e-17,7.346e-1,2.677e+1,1.596e-4,1.886e-1,1.721e-11,,1.306e+0,,,1.748e-2,,,1.564e-19,,1.372e-18,,6.633e-19,,8.401e-2,,5.138e-18,,1.235e-6,2.282e-16
538.14,2.287e+2,5.707e-2,2.751e-26,4.501e-40,2.737e-34,,,4.449e-18,1.854e-21,,2.328e-15,1.356e-18,1.386e-24,9.728e-18,6.029e-21,3.897e-32,4.910e-9,3.354e-26,,1.894e-18,1.583e-19,1.029e-30,6.247e-9,,1.420e-26,1.477e-6,,1.303e-19,1.454e-20,1.961e+2,1.942e-1,1.942e-11,1.462e-19,2.198e-22,3.525e+0,4.817e-17,7.165e-1,2.663e+1,2.202e-4,2.397e-1,9.656e-12,,1.085e+0,,,2.199e-2,,,1.562e-19,,1.372e-18,,6.633e-19,,9.084e-2,,5.133e-18,,1.879e-6,2.283e-16
538.16,2.327e+2,5.618e-2,2.742e-26,4.513e-40,2.737e-34,,,4.442e-18,1.856e-21,,2.327e-15,1.358e-18,1.387e-24,9.728e-18,6.008e-21,3.918e-32,3.668e-9,3.353e-26,,1.892e-18,1.587e-19,7.156e-31,8.631e-9,,1.420e-26,1.897e-6,,1.304e-19,1.454e-20,2.004e+2,2.091e-1,1.793e-11,1.462e-19,2.198e-22,3.487e+0,4.806e-17,7.024e-1,2.646e+1,2.721e-4,2.803e-1,6.547e-12,,9.551e-1,,,2.555e-2,,,1.561e-19,,1.373e-18,,6.632e-19,,9.538e-2,,5.129e-18,,2.477e-6,2.283e-16
538.19,2.379e+2,5.458e-2,2.728e-26,4.532e-40,2.737e-34,,,4.432e-18,1.857e-21,,2.327e-15,1.360e-18,1.388e-24,9.727e-18,5.978e-21,3.949e-32,2.356e-9,3.352e-26,,1.890e-18,1.592e-19,4.130e-31,1.395e-8,,1.421e-26,2.749e-6,,1.306e-19,1.455e-20,2.061e+2,2.325e-1,1.582e-11,1.462e-19,2.197e-22,3.414e+0,4.790e-17,6.784e-1,2.607e+1,3.718e-4,3.527e-1,3.637e-12,,7.852e-1,,,3.183e-2,,,1.558e-19,,1.373e-18,,6.631e-19,,1.021e-1,,5.124e-18,,3.732e-6,2.283e-16
538.21,2.408e+2,5.337e-2,2.719e-26,4.544e-40,2.736e-34,,,4.425e-18,1.859e-21,,2.327e-15,1.361e-18,1.388e-24,9.727e-18,5.957e-21,3.970e-32,1.749e-9,3.351e-26,,1.888e-18,1.596e-19,2.854e-31,1.915e-8,,1.421e-26,3.509e-6,,1.306e-19,1.455e-20,2.095e+2,2.487e-1,1.451e-11,1.463e-19,2.197e-22,3.356e+0,4.779e-17,6.607e-1,2.573e+1,4.563e-4,4.097e-1,2.449e-12,,6.868e-1,,,3.674e-2,,,1.557e-19,,1.373e-18,,6.631e-19,,1.065e-1,,5.120e-18,,4.889e-6,2.283e-16
538.24,2.442e+2,5.135e-2,2.706e-26,4.562e-40,2.736e-34,,,4.415e-18,1.860e-21,,2.326e-15,1.363e-18,1.389e-24,9.727e-18,5.926e-21,4.001e-32,1.112e-9,3.349e-26,,1.885e-18,1.601e-19,1.631e-31,3.064e-8,,1.422e-26,5.034e-6,,1.308e-19,1.455e-20,2.137e+2,2.739e-1,1.269e-11,1.463e-19,2.196e-22,3.257e+0,4.762e-17,6.319e-1,2.510e+1,6.174e-4,5.105e-1,1.347e-12,,5.590e-1,,,4.533e-2,,,1.554e-19,,1.373e-18,,6.630e-19,,1.129e-1,,5.115e-18,,7.295e-6,2.284e-16
538.26,2.459e+2,4.988e-2,2.697e-26,4.574e-40,2.736e-34,,,4.408e-18,1.862e-21,,2.326e-15,1.365e-18,1.390e-24,9.727e-18,5.906e-21,4.022e-32,8.198e-10,3.348e-26,,1.883e-18,1.605e-19,1.119e-31,4.179e-8,,1.422e-26,6.383e-6,,1.309e-19,1.455e-20,2.159e+2,2.911e-1,1.156e-11,1.463e-19,2.195e-22,3.182e+0,4.751e-17,6.113e-1,2.460e+1,7.528e-4,5.892e-1,9.010e-13,,4.857e-1,,,5.198e-2,,,1.553e-19,,1.373e-18,,6.630e-19,,1.170e-1,,5.111e-18,,9.494e-6,2.284e-16
538.29,2.474e+2,4.751e-2,2.683e-26,4.593e-40,2.736e-34,,,4.398e-18,1.863e-21,,2.325e-15,1.367e-18,1.391e-24,9.727e-18,5.875e-21,4.053e-32,5.162e-10,3.347e-26,,1.880e-18,1.611e-19,6.332e-32,6.623e-8,,1.423e-26,9.070e-6,,1.310e-19,1.455e-20,2.183e+2,3.174e-1,1.001e-11,1.463e-19,2.194e-22,3.060e+0,4.735e-17,5.789e-1,2.377e+1,1.009e-3,7.270e-1,4.906e-13,,3.915e-1,,,6.351e-2,,,1.550e-19,,1.373e-18,,6.629e-19,,1.228e-1,,5.106e-18,,1.403e-5,2.284e-16
538.31,2.477e+2,4.585e-2,2.674e-26,4.605e-40,2.736e-34,,,4.391e-18,1.864e-21,,2.325e-15,1.368e-18,1.391e-24,9.727e-18,5.854e-21,4.074e-32,3.780e-10,3.346e-26,,1.878e-18,1.614e-19,4.317e-32,8.973e-8,,1.423e-26,1.142e-5,,1.311e-19,1.455e-20,2.193e+2,3.352e-1,9.058e-12,1.463e-19,2.194e-22,2.973e+0,4.724e-17,5.564e-1,2.315e+1,1.222e-3,8.336e-1,3.260e-13,,3.379e-1,,,7.235e-2,,,1.549e-19,,1.373e-18,,6.628e-19,,1.265e-1,,5.102e-18,,1.814e-5,2.284e-16
538.34,2.471e+2,4.324e-2,2.661e-26,4.623e-40,2.736e-34,,,4.381e-18,1.866e-21,,2.325e-15,1.370e-18,1.392e-24,9.726e-18,5.823e-21,4.105e-32,2.357e-10,3.345e-26,,1.876e-18,1.620e-19,2.418e-32,1.408e-7,,1.424e-26,1.607e-5,,1.312e-19,1.456e-20,2.197e+2,3.620e-1,7.763e-12,1.464e-19,2.193e-22,2.835e+0,4.707e-17,5.216e-1,2.214e+1,1.621e-3,1.018e+0,1.757e-13,,2.696e-1,,,8.753e-2,,,1.546e-19,,1.374e-18,,6.628e-19,,1.314e-1,,5.097e-18,,2.653e-5,2.285e-16
538.36,2.459e+2,4.145e-2,2.652e-26,4.635e-40,2.736e-34,,,4.374e-18,1.867e-21,,2.324e-15,1.372e-18,1.393e-24,9.726e-18,5.803e-21,4.126e-32,1.714e-10,3.344e-26,,1.874e-18,1.624e-19,1.638e-32,1.895e-7,,1.424e-26,2.012e-5,,1.313e-19,1.456e-20,2.192e+2,3.799e-1,6.982e-12,1.464e-19,2.193e-22,2.739e+0,4.697e-17,4.980e-1,2.142e+1,1.951e-3,1.160e+0,1.160e-13,,2.312e-1,,,9.905e-2,,,1.545e-19,,1.374e-18,,6.627e-19,,1.344e-1,,5.093e-18,,3.408e-5,2.285e-16
538.39,2.432e+2,3.871e-2,2.638e-26,4.654e-40,2.736e-34,,,4.364e-18,1.869e-21,,2.324e-15,1.374e-18,1.394e-24,9.726e-18,5.772e-21,4.157e-32,1.058e-10,3.343e-26,,1.871e-18,1.629e-19,9.082e-33,2.945e-7,,1.425e-26,2.802e-5,,1.314e-19,1.456e-20,2.176e+2,4.063e-1,5.925e-12,1.464e-19,2.192e-22,2.590e+0,4.680e-17,4.623e-1,2.028e+1,2.562e-3,1.403e+0,6.190e-14,,1.826e-1,,,1.187e-1,,,1.543e-19,,1.374e-18,,6.626e-19,,1.383e-1,,5.087e-18,,4.937e-5,2.285e-16
538.41,2.407e+2,3.686e-2,2.629e-26,4.666e-40,2.735e-34,,,4.357e-18,1.870e-21,,2.324e-15,1.375e-18,1.394e-24,9.726e-18,5.751e-21,4.178e-32,7.644e-11,3.342e-26,,1.869e-18,1.633e-19,6.110e-33,3.939e-7,,1.425e-26,3.484e-5,,1.315e-19,1.456e-20,2.158e+2,4.236e-1,5.294e-12,1.464e-19,2.191e-22,2.490e+0,4.669e-17,4.385e-1,1.949e+1,3.063e-3,1.588e+0,4.059e-14,,1.556e-1,,,1.334e-1,,,1.541e-19,,1.374e-18,,6.626e-19,,1.405e-1,,5.084e-18,,6.300e-5,2.286e-16
538.44,2.359e+2,3.409e-2,2.616e-26,4.684e-40,2.735e-34,,,4.347e-18,1.872e-21,,2.323e-15,1.377e-18,1.395e-24,9.726e-18,5.720e-21,4.209e-32,4.672e-11,3.340e-26,,1.866e-18,1.638e-19,3.355e-33,6.061e-7,,1.426e-26,4.806e-5,,1.316e-19,1.456e-20,2.121e+2,4.488e-1,4.449e-12,1.464e-19,2.190e-22,2.338e+0,4.653e-17,4.031e-1,1.828e+1,3.985e-3,1.902e+0,2.145e-14,,1.217e-1,,,1.583e-1,,,1.539e-19,,1.374e-18,,6.625e-19,,1.432e-1,,5.078e-18,,9.037e-5,2.286e-16
538.46,2.321e+2,3.225e-2,2.607e-26,4.696e-40,2.735e-34,,,4.340e-18,1.873e-21,,2.323e-15,1.379e-18,1.396e-24,9.726e-18,5.700e-21,4.230e-32,3.353e-11,3.339e-26,,1.864e-18,1.642e-19,2.242e-33,8.052e-7,,1.426e-26,5.937e-5,,1.317e-19,1.457e-20,2.090e+2,4.650e-1,3.949e-12,1.464e-19,2.190e-22,2.237e+0,4.642e-17,3.798e-1,1.745e+1,4.733e-3,2.138e+0,1.397e-14,,1.030e-1,,,1.768e-1,,,1.537e-19,,1.374e-18,,6.625e-19,,1.445e-1,,5.075e-18,,1.146e-4,2.286e-16
538.48,2.279e+2,3.042e-2,2.598e-26,4.709e-40,2.735e-34,,,4.333e-18,1.875e-21,,2.323e-15,1.380e-18,1.397e-24,9.726e-18,5.679e-21,4.250e-32,2.400e-11,3.339e-26,,1.863e-18,1.646e-19,1.494e-33,1.067e-6,,1.427e-26,7.313e-5,,1.318e-19,1.457e-20,2.054e+2,4.805e-1,3.495e-12,1.464e-19,2.189e-22,2.137e+0,4.631e-17,3.569e-1,1.662e+1,5.606e-3,2.398e+0,9.074e-15,,8.690e-2,,,1.969e-1,,,1.536e-19,,1.375e-18,,6.624e-19,,1.455e-1,,5.071e-18,,1.449e-4,2.286e-16
538.51,2.207e+2,2.774e-2,2.584e-26,4.727e-40,2.735e-34,,,4.323e-18,1.876e-21,,2.322e-15,1.382e-18,1.398e-24,9.725e-18,5.648e-21,4.282e-32,1.446e-11,3.337e-26,,1.860e-18,1.651e-19,8.089e-34,1.619e-6,,1.427e-26,9.951e-5,,1.319e-19,1.457e-20,1.992e+2,5.025e-1,2.897e-12,1.465e-19,2.189e-22,1.989e+0,4.614e-17,3.236e-1,1.537e+1,7.193e-3,2.833e+0,4.727e-15,,6.704e-2,,,2.304e-1,,,1.533e-19,,1.375e-18,,6.623e-19,,1.462e-1,,5.066e-18,,2.050e-4,2.287e-16
538.53,2.154e+2,2.600e-2,2.575e-26,4.739e-40,2.735e-34,,,4.316e-18,1.878e-21,,2.322e-15,1.384e-18,1.398e-24,9.725e-18,5.628e-21,4.302e-32,1.029e-11,3.336e-26,,1.858e-18,1.655e-19,5.355e-34,2.132e-6,,1.428e-26,1.218e-4,,1.320e-19,1.457e-20,1.945e+2,5.161e-1,2.548e-12,1.465e-19,2.188e-22,1.893e+0,4.603e-17,3.021e-1,1.454e+1,8.465e-3,3.155e+0,3.051e-15,,5.620e-2,,,2.550e-1,,,1.532e-19,,1.375e-18,,6.623e-19,,1.462e-1,,5.062e-18,,2.575e-4,2.287e-16
538.56,2.069e+2,2.348e-2,2.562e-26,4.757e-40,2.735e-34,,,4.306e-18,1.879e-21,,2.322e-15,1.386e-18,1.399e-24,9.725e-18,5.597e-21,4.334e-32,6.136e-12,3.335e-26,,1.855e-18,1.660e-19,2.870e-34,3.204e-6,,1.429e-26,1.641e-4,,1.321e-19,1.457e-20,1.868e+2,5.348e-1,2.091e-12,1.465e-19,2.187e-22,1.754e+0,4.587e-17,2.711e-1,1.331e+1,1.075e-2,3.691e+0,1.573e-15,,4.292e-2,,,2.954e-1,,,1.529e-19,,1.375e-18,,6.622e-19,,1.455e-1,,5.056e-18,,3.607e-4,2.287e-16
538.58,2.009e+2,2.186e-2,2.553e-26,4.769e-40,2.735e-34,,,4.299e-18,1.881e-21,,2.321e-15,1.387e-18,1.400e-24,9.725e-18,5.576e-21,4.354e-32,4.335e-12,3.334e-26,,1.853e-18,1.664e-19,1.888e-34,4.190e-6,,1.429e-26,1.995e-4,,1.322e-19,1.458e-20,1.813e+2,5.459e-1,1.827e-12,1.465e-19,2.187e-22,1.665e+0,4.576e-17,2.515e-1,1.251e+1,1.257e-2,4.084e+0,1.009e-15,,3.575e-2,,,3.249e-1,,,1.528e-19,,1.375e-18,,6.622e-19,,1.445e-1,,5.053e-18,,4.502e-4,2.288e-16
538.61,1.914e+2,1.955e-2,2.539e-26,4.788e-40,2.735e-34,,,4.289e-18,1.882e-21,,2.321e-15,1.389e-18,1.401e-24,9.725e-18,5.545e-21,4.385e-32,2.560e-12,3.333e-26,,1.850e-18,1.670e-19,1.002e-34,6.236e-6,,1.430e-26,2.662e-4,,1.324e-19,1.458e-20,1.725e+2,5.607e-1,1.485e-12,1.465e-19,2.186e-22,1.539e+0,4.560e-17,2.235e-1,1.134e+1,1.582e-2,4.731e+0,5.150e-16,,2.703e-2,,,3.727e-1,,,1.525e-19,,1.375e-18,,6.621e-19,,1.424e-1,,5.047e-18,,6.245e-4,2.288e-16
538.63,1.849e+2,1.808e-2,2.530e-26,4.800e-40,2.734e-34,,,4.282e-18,1.884e-21,,2.321e-15,1.391e-18,1.401e-24,9.725e-18,5.525e-21,4.406e-32,1.797e-12,3.332e-26,,1.849e-18,1.673e-19,6.545e-35,8.103e-6,,1.430e-26,3.215e-4,,1.324e-19,1.458e-20,1.663e+2,5.690e-1,1.289e-12,1.466e-19,2.185e-22,1.459e+0,4.549e-17,2.059e-1,1.059e+1,1.837e-2,5.201e+0,3.279e-16,,2.236e-2,,,4.072e-1,,,1.524e-19,,1.376e-18,,6.620e-19,,1.405e-1,,5.044e-18,,7.743e-4,2.288e-16
538.66,1.749e+2,1.600e-2,2.516e-26,4.818e-40,2.734e-34,,,4.271e-18,1.885e-21,,2.320e-15,1.393e-18,1.402e-24,9.724e-18,5.494e-21,4.437e-32,1.051e-12,3.330e-26,,1.846e-18,1.679e-19,3.437e-35,1.194e-5,,1.431e-26,4.247e-4,,1.326e-19,1.458e-20,1.567e+2,5.793e-1,1.037e-12,1.466e-19,2.185e-22,1.346e+0,4.532e-17,1.812e-1,9.502e+0,2.288e-2,5.965e+0,1.658e-16,,1.675e-2,,,4.627e-1,,,1.521e-19,,1.376e-18,,6.620e-19,,1.371e-1,,5.038e-18,,1.064e-3,2.288e-16
538.68,1.682e+2,1.471e-2,2.507e-26,4.830e-40,2.734e-34,,,4.265e-18,1.887e-21,,2.320e-15,1.394e-18,1.403e-24,9.724e-18,5.473e-21,4.458e-32,7.324e-13,3.330e-26,,1.844e-18,1.682e-19,2.231e-35,1.541e-5,,1.431e-26,5.097e-4,,1.327e-19,1.458e-20,1.501e+2,5.847e-1,8.948e-13,1.466e-19,2.184e-22,1.276e+0,4.521e-17,1.658e-1,8.813e+0,2.640e-2,6.515e+0,1.049e-16,,1.376e-2,,,5.021e-1,,,1.520e-19,,1.376e-18,,6.619e-19,,1.344e-1,,5.034e-18,,1.310e-3,2.289e-16
538.71,1.581e+2,1.289e-2,2.494e-26,4.849e-40,2.734e-34,,,4.254e-18,1.888e-21,,2.319e-15,1.396e-18,1.404e-24,9.724e-18,5.442e-21,4.489e-32,4.240e-13,3.328e-26,,1.841e-18,1.688e-19,1.160e-35,2.249e-5,,1.432e-26,6.667e-4,,1.328e-19,1.459e-20,1.402e+2,5.904e-1,7.137e-13,1.466e-19,2.183e-22,1.179e+0,4.505e-17,1.445e-1,7.833e+0,3.257e-2,7.399e+0,5.249e-17,,1.020e-2,,,5.651e-1,,,1.518e-19,,1.376e-18,,6.618e-19,,1.298e-1,,5.029e-18,,1.782e-3,2.289e-16
538.73,1.514e+2,1.177e-2,2.485e-26,4.861e-40,2.734e-34,,,4.248e-18,1.890e-21,,2.319e-15,1.397e-18,1.404e-24,9.724e-18,5.422e-21,4.510e-32,2.936e-13,3.327e-26,,1.839e-18,1.692e-19,7.480e-36,2.885e-5,,1.432e-26,7.949e-4,,1.329e-19,1.459e-20,1.335e+2,5.927e-1,6.120e-13,1.466e-19,2.183e-22,1.119e+0,4.494e-17,1.314e-1,7.217e+0,3.733e-2,8.027e+0,3.298e-17,,8.329e-3,,,6.094e-1,,,1.516e-19,,1.376e-18,,6.618e-19,,1.265e-1,,5.025e-18,,2.181e-3,2.289e-16
538.76,1.415e+2,1.021e-2,2.471e-26,4.879e-40,2.734e-34,,,4.237e-18,1.891e-21,,2.319e-15,1.400e-18,1.405e-24,9.724e-18,5.391e-21,4.541e-32,1.683e-13,3.326e-26,,1.836e-18,1.697e-19,3.852e-36,4.169e-5,,1.433e-26,1.030e-3,,1.330e-19,1.459e-20,1.235e+2,5.940e-1,4.842e-13,1.466e-19,2.182e-22,1.037e+0,4.477e-17,1.133e-1,6.351e+0,4.559e-2,9.027e+0,1.634e-17,,6.114e-3,,,6.791e-1,,,1.514e-19,,1.376e-18,,6.617e-19,,1.210e-1,,5.020e-18,,2.938e-3,2.290e-16
538.78,1.351e+2,9.260e-3,2.462e-26,4.891e-40,2.734e-34,,,4.230e-18,1.893e-21,,2.318e-15,1.401e-18,1.406e-24,9.724e-18,5.370e-21,4.562e-32,1.158e-13,3.325e-26,,1.835e-18,1.701e-19,2.467e-36,5.311e-5,,1.433e-26,1.220e-3,,1.331e-19,1.459e-20,1.170e+2,5.933e-1,4.132e-13,1.467e-19,2.182e-22,9.876e-1,4.466e-17,1.024e-1,5.812e+0,5.192e-2,9.730e+0,1.020e-17,,4.958e-3,,,7.277e-1,,,1.512e-19,,1.377e-18,,6.617e-19,,1.170e-1,,5.016e-18,,3.571e-3,2.290e-16
538.81,1.258e+2,7.957e-3,2.449e-26,4.910e-40,2.734e-34,,,4.220e-18,1.894e-21,,2.318e-15,1.403e-18,1.407e-24,9.723e-18,5.340e-21,4.593e-32,6.570e-14,3.324e-26,,1.832e-18,1.706e-19,1.258e-36,7.600e-5,,1.434e-26,1.564e-3,,1.332e-19,1.459e-20,1.073e+2,5.904e-1,3.250e-13,1.467e-19,2.181e-22,9.200e-1,4.450e-17,8.743e-2,5.065e+0,6.279e-2,1.083e+1,1.019e-17,,3.603e-3,,,8.033e-1,,,1.510e-19,,1.377e-18,,6.616e-19,,1.108e-1,,5.011e-18,,4.764e-3,2.290e-16
538.83,1.199e+2,7.168e-3,2.440e-26,4.922e-40,2.733e-34,,,4.213e-18,1.896e-21,,2.318e-15,1.404e-18,1.408e-24,9.723e-18,5.319e-21,4.614e-32,4.489e-14,3.323e-26,,1.830e-18,1.710e-19,8.000e-37,9.619e-5,,1.434e-26,1.841e-3,,1.333e-19,1.460e-20,1.011e+2,5.872e-1,2.767e-13,1.467e-19,2.180e-22,8.794e-1,4.439e-17,7.845e-2,4.605e+0,7.104e-2,1.160e+1,1.018e-17,,2.903e-3,,,8.554e-1,,,1.508e-19,,1.377e-18,,6.615e-19,,1.065e-1,,5.007e-18,,5.753e-3,2.290e-16
538.86,1.114e+2,6.099e-3,2.426e-26,4.940e-40,2.733e-34,,,4.203e-18,1.897e-21,,2.317e-15,1.407e-18,1.409e-24,9.723e-18,5.288e-21,4.645e-32,2.523e-14,3.321e-26,,1.827e-18,1.716e-19,4.038e-37,1.363e-4,,1.435e-26,2.338e-3,,1.334e-19,1.460e-20,9.206e+1,5.807e-1,2.176e-13,1.467e-19,2.179e-22,8.246e-1,4.423e-17,6.635e-2,3.973e+0,8.507e-2,1.279e+1,1.017e-17,,2.089e-3,,,9.354e-1,,,1.506e-19,,1.377e-18,,6.614e-19,,9.989e-2,,5.002e-18,,7.599e-3,2.291e-16
538.88,1.061e+2,5.458e-3,2.417e-26,4.952e-40,2.733e-34,,,4.196e-18,1.899e-21,,2.317e-15,1.408e-18,1.409e-24,9.723e-18,5.268e-21,4.666e-32,1.712e-14,3.320e-26,,1.825e-18,1.719e-19,2.551e-37,1.714e-4,,1.435e-26,2.733e-3,,1.335e-19,1.460e-20,8.631e+1,5.754e-1,1.858e-13,1.467e-19,2.179e-22,7.918e-1,4.412e-17,5.914e-2,3.588e+0,9.562e-2,1.361e+1,1.017e-17,,1.672e-3,,,9.898e-1,,,1.504e-19,,1.377e-18,,6.614e-19,,9.538e-2,,4.998e-18,,9.117e-3,2.291e-16
538.9,1.011e+2,4.872e-3,2.408e-26,4.965e-40,2.733e-34,,,4.189e-18,1.900e-21,,2.317e-15,1.409e-18,1.410e-24,9.723e-18,5.247e-21,4.687e-32,1.159e-14,3.320e-26,,1.823e-18,1.723e-19,1.608e-37,2.149e-4,,1.436e-26,3.187e-3,,1.336e-19,1.460e-20,8.078e+1,5.694e-1,1.593e-13,1.467e-19,2.178e-22,7.618e-1,4.401e-17,5.257e-2,3.233e+0,1.072e-1,1.444e+1,1.016e-17,,1.334e-3,,,1.045e+0,,,1.503e-19,,1.377e-18,,6.613e-19,,9.084e-2,,4.994e-18,,1.091e-2,2.291e-16
538.93,9.410e+1,4.088e-3,2.395e-26,4.983e-40,2.733e-34,,,4.179e-18,1.902e-21,,2.316e-15,1.411e-18,1.411e-24,9.723e-18,5.216e-21,4.718e-32,6.421e-15,3.318e-26,,1.821e-18,1.728e-19,8.003e-38,3.004e-4,,1.436e-26,3.992e-3,,1.337e-19,1.460e-20,7.296e+1,5.593e-1,1.280e-13,1.468e-19,2.178e-22,7.213e-1,4.384e-17,4.385e-2,2.751e+0,1.266e-1,1.570e+1,1.015e-17,,9.469e-4,,,1.128e+0,,,1.500e-19,,1.378e-18,,6.613e-19,,8.401e-2,,4.989e-18,,1.421e-2,2.291e-16
538.95,8.981e+1,3.624e-3,2.386e-26,4.995e-40,2.733e-34,,,4.172e-18,1.903e-21,,2.316e-15,1.413e-18,1.411e-24,9.723e-18,5.196e-21,4.739e-32,4.318e-15,3.317e-26,,1.819e-18,1.732e-19,5.010e-38,3.743e-4,,1.437e-26,4.624e-3,,1.338e-19,1.461e-20,6.808e+1,5.520e-1,1.121e-13,1.468e-19,2.177e-22,6.971e-1,4.373e-17,3.873e-2,2.462e+0,1.410e-1,1.655e+1,1.014e-17,,7.508e-4,,,1.184e+0,,,1.499e-19,,1.378e-18,,6.612e-19,,7.948e-2,,4.985e-18,,1.690e-2,2.292e-16
538.98,8.395e+1,3.011e-3,2.372e-26,5.013e-40,2.733e-34,,,4.162e-18,1.905e-21,,2.315e-15,1.415e-18,1.412e-24,9.722e-18,5.165e-21,4.770e-32,2.369e-15,3.316e-26,,1.816e-18,1.738e-19,2.469e-38,5.181e-4,,1.437e-26,5.737e-3,,1.340e-19,1.461e-20,6.129e+1,5.404e-1,9.457e-14,1.468e-19,2.176e-22,6.643e-1,4.357e-17,3.198e-2,2.074e+0,1.649e-1,1.782e+1,1.013e-17,,5.275e-4,,,1.266e+0,,,1.496e-19,,1.378e-18,,6.611e-19,,7.278e-2,,4.980e-18,,2.180e-2,2.292e-16
539,8.043e+1,2.652e-3,2.363e-26,5.025e-40,2.733e-34,,,4.155e-18,1.906e-21,,2.315e-15,1.416e-18,1.413e-24,9.722e-18,5.144e-21,4.791e-32,1.582e-15,3.315e-26,,1.814e-18,1.741e-19,2.471e-38,6.413e-4,,1.438e-26,6.602e-3,,1.340e-19,1.461e-20,5.712e+1,5.325e-1,8.655e-14,1.468e-19,2.176e-22,6.444e-1,4.346e-17,2.806e-2,1.844e+0,1.825e-1,1.866e+1,1.013e-17,,4.155e-4,,,1.321e+0,,,1.495e-19,,1.378e-18,,6.611e-19,,6.841e-2,,4.976e-18,,2.575e-2,2.292e-16
539.03,7.573e+1,2.182e-3,2.350e-26,5.044e-40,2.732e-34,,,4.145e-18,1.908e-21,,2.315e-15,1.418e-18,1.414e-24,9.722e-18,5.113e-21,4.822e-32,8.594e-16,3.314e-26,,1.811e-18,1.747e-19,2.474e-38,8.788e-4,,1.438e-26,8.110e-3,,1.342e-19,1.461e-20,5.142e+1,5.204e-1,7.937e-14,1.468e-19,2.175e-22,6.169e-1,4.329e-17,2.295e-2,1.538e+0,2.113e-1,1.989e+1,1.012e-17,,2.891e-4,,,1.402e+0,,,1.493e-19,,1.378e-18,,6.610e-19,,6.202e-2,,4.971e-18,,3.289e-2,2.293e-16
539.05,7.297e+1,1.909e-3,2.341e-26,5.056e-40,2.732e-34,,,4.138e-18,1.909e-21,,2.314e-15,1.420e-18,1.414e-24,9.722e-18,5.093e-21,4.842e-32,5.702e-16,3.313e-26,,1.809e-18,1.750e-19,2.476e-38,1.081e-3,,1.439e-26,9.273e-3,,1.343e-19,1.461e-20,4.799e+1,5.125e-1,7.750e-14,1.468e-19,2.174e-22,5.999e-1,4.318e-17,2.000e-2,1.358e+0,2.322e-1,2.069e+1,1.011e-17,,2.262e-4,,,1.454e+0,,,1.491e-19,,1.378e-18,,6.610e-19,,5.791e-2,,4.967e-18,,3.859e-2,2.293e-16
539.08,6.937e+1,1.555e-3,2.327e-26,5.074e-40,2.732e-34,,,4.128e-18,1.911e-21,,2.314e-15,1.422e-18,1.415e-24,9.722e-18,5.062e-21,4.874e-32,3.066e-16,3.311e-26,,1.807e-18,1.756e-19,2.479e-38,1.467e-3,,1.439e-26,1.128e-2,,1.344e-19,1.462e-20,4.339e+1,5.009e-1,7.871e-14,1.469e-19,2.174e-22,5.760e-1,4.302e-17,1.619e-2,1.122e+0,2.663e-1,2.185e+1,1.010e-17,,1.558e-4,,,1.530e+0,,,1.489e-19,,1.379e-18,,6.609e-19,,5.199e-2,,4.961e-18,,4.881e-2,2.293e-16
539.1,6.732e+1,1.352e-3,2.318e-26,5.086e-40,2.732e-34,,,4.121e-18,1.912e-21,,2.314e-15,1.423e-18,1.416e-24,9.722e-18,5.041e-21,4.894e-32,2.021e-16,3.311e-26,,1.805e-18,1.760e-19,2.481e-38,1.792e-3,,1.440e-26,1.281e-2,,1.345e-19,1.462e-20,4.069e+1,4.936e-1,8.204e-14,1.469e-19,2.173e-22,5.607e-1,4.291e-17,1.402e-2,9.843e-1,2.908e-1,2.258e+1,1.010e-17,,1.211e-4,,,1.579e+0,,,1.487e-19,,1.379e-18,,6.608e-19,,4.822e-2,,4.958e-18,,5.690e-2,2.293e-16
539.13,6.473e+1,1.090e-3,2.305e-26,5.105e-40,2.732e-34,,,4.111e-18,1.914e-21,,2.313e-15,1.425e-18,1.417e-24,9.721e-18,5.010e-21,4.926e-32,1.076e-16,3.309e-26,,1.802e-18,1.765e-19,2.483e-38,2.408e-3,,1.440e-26,1.544e-2,,1.346e-19,1.462e-20,3.717e+1,4.833e-1,9.069e-14,1.469e-19,2.172e-22,5.386e-1,4.275e-17,1.124e-2,8.049e-1,3.302e-1,2.360e+1,1.009e-17,,8.258e-5,,,1.650e+0,,,1.485e-19,,1.379e-18,,6.608e-19,,4.287e-2,,4.952e-18,,7.127e-2,2.294e-16
539.15,6.331e+1,9.414e-4,2.296e-26,5.117e-40,2.732e-34,,,4.104e-18,1.915e-21,,2.313e-15,1.427e-18,1.418e-24,9.721e-18,4.990e-21,4.946e-32,7.045e-17,3.308e-26,,1.800e-18,1.769e-19,2.485e-38,2.923e-3,,1.441e-26,1.742e-2,,1.347e-19,1.462e-20,3.517e+1,4.770e-1,9.887e-14,1.469e-19,2.172e-22,5.242e-1,4.264e-17,9.666e-3,7.015e-1,3.582e-1,2.423e+1,1.008e-17,,6.376e-5,,,1.694e+0,,,1.483e-19,,1.379e-18,,6.607e-19,,3.950e-2,,4.949e-18,,8.254e-2,2.294e-16
539.18,6.162e+1,7.517e-4,2.282e-26,5.135e-40,2.732e-34,,,4.094e-18,1.917e-21,,2.313e-15,1.429e-18,1.418e-24,9.721e-18,4.959e-21,4.977e-32,3.713e-17,3.307e-26,,1.797e-18,1.774e-19,2.488e-38,3.889e-3,,1.442e-26,2.079e-2,,1.348e-19,1.462e-20,3.267e+1,4.687e-1,1.148e-13,1.469e-19,2.171e-22,5.028e-1,4.247e-17,7.673e-3,5.680e-1,4.028e-1,2.508e+1,1.007e-17,,4.305e-5,,,1.758e+0,,,1.481e-19,,1.379e-18,,6.606e-19,,3.477e-2,,4.943e-18,,1.024e-1,2.294e-16
539.2,6.076e+1,6.449e-4,2.273e-26,5.147e-40,2.732e-34,,,4.087e-18,1.918e-21,,2.312e-15,1.430e-18,1.419e-24,9.721e-18,4.938e-21,4.998e-32,2.415e-17,3.306e-26,,1.795e-18,1.778e-19,2.490e-38,4.690e-3,,1.442e-26,2.331e-2,,1.349e-19,1.463e-20,3.131e+1,4.638e-1,1.279e-13,1.469e-19,2.170e-22,4.885e-1,4.236e-17,6.556e-3,4.919e-1,4.341e-1,2.558e+1,1.006e-17,,3.302e-5,,,1.799e+0,,,1.479e-19,,1.379e-18,,6.606e-19,,3.183e-2,,4.940e-18,,1.178e-1,2.295e-16
539.23,5.983e+1,5.098e-4,2.260e-26,5.166e-40,2.732e-34,,,4.077e-18,1.920e-21,,2.312e-15,1.432e-18,1.420e-24,9.721e-18,4.907e-21,5.029e-32,1.260e-17,3.305e-26,,1.793e-18,1.784e-19,2.493e-38,6.180e-3,,1.443e-26,2.754e-2,,1.350e-19,1.463e-20,2.974e+1,4.579e-1,1.516e-13,1.470e-19,2.170e-22,4.670e-1,4.220e-17,5.152e-3,3.943e-1,4.833e-1,2.622e+1,1.005e-17,,2.208e-5,,,1.856e+0,,,1.477e-19,,1.379e-18,,6.605e-19,,2.774e-2,,4.934e-18,,1.447e-1,2.295e-16
539.25,5.943e+1,4.345e-4,2.251e-26,5.178e-40,2.731e-34,,,4.070e-18,1.921e-21,,2.312e-15,1.434e-18,1.421e-24,9.721e-18,4.887e-21,5.050e-32,8.143e-18,3.304e-26,,1.791e-18,1.787e-19,2.495e-38,7.404e-3,,1.443e-26,3.068e-2,,1.351e-19,1.463e-20,2.897e+1,4.548e-1,1.701e-13,1.470e-19,2.169e-22,4.524e-1,4.209e-17,4.374e-3,3.392e-1,5.174e-1,2.657e+1,1.005e-17,,1.682e-5,,,1.893e+0,,,1.475e-19,,1.380e-18,,6.605e-19,,2.522e-2,,4.930e-18,,1.653e-1,2.295e-16
539.27,5.920e+1,3.693e-4,2.242e-26,5.190e-40,2.731e-34,,,4.063e-18,1.922e-21,,2.311e-15,1.435e-18,1.421e-24,9.720e-18,4.866e-21,5.071e-32,5.247e-18,3.303e-26,,1.789e-18,1.791e-19,2.497e-38,8.846e-3,,1.443e-26,3.409e-2,,1.352e-19,1.463e-20,2.842e+1,4.524e-1,1.910e-13,1.470e-19,2.169e-22,4.377e-1,4.198e-17,3.703e-3,2.910e-1,5.525e-1,2.685e+1,1.004e-17,,1.279e-5,,,1.928e+0,,,1.474e-19,,1.380e-18,,6.604e-19,,2.288e-2,,4.927e-18,,1.885e-1,2.295e-16
539.3,5.912e+1,2.880e-4,2.228e-26,5.208e-40,2.731e-34,,,4.053e-18,1.924e-21,,2.311e-15,1.437e-18,1.422e-24,9.720e-18,4.835e-21,5.102e-32,2.700e-18,3.302e-26,,1.786e-18,1.796e-19,2.500e-38,1.150e-2,,1.444e-26,3.974e-2,,1.353e-19,1.463e-20,2.799e+1,4.501e-1,2.270e-13,1.470e-19,2.168e-22,4.154e-1,4.181e-17,2.870e-3,2.301e-1,6.067e-1,2.715e+1,1.003e-17,,8.429e-6,,,1.979e+0,,,1.471e-19,,1.380e-18,,6.603e-19,,1.966e-2,,4.921e-18,,2.283e-1,2.296e-16
539.32,5.924e+1,2.431e-4,2.219e-26,5.221e-40,2.731e-34,,,4.046e-18,1.925e-21,,2.311e-15,1.439e-18,1.423e-24,9.720e-18,4.815e-21,5.123e-32,1.728e-18,3.301e-26,,1.784e-18,1.800e-19,2.502e-38,1.365e-2,,1.444e-26,4.388e-2,,1.354e-19,1.463e-20,2.794e+1,4.495e-1,2.543e-13,1.470e-19,2.167e-22,4.003e-1,4.171e-17,2.414e-3,1.961e-1,6.437e-1,2.725e+1,1.002e-17,,6.364e-6,,,2.012e+0,,,1.470e-19,,1.380e-18,,6.603e-19,,1.772e-2,,4.918e-18,,2.586e-1,2.296e-16
539.35,5.964e+1,1.877e-4,2.206e-26,5.239e-40,2.731e-34,,,4.035e-18,1.927e-21,,2.310e-15,1.441e-18,1.424e-24,9.720e-18,4.784e-21,5.154e-32,8.806e-19,3.299e-26,,1.781e-18,1.806e-19,2.505e-38,1.757e-2,,1.445e-26,5.067e-2,,1.355e-19,1.464e-20,2.821e+1,4.499e-1,3.005e-13,1.471e-19,2.166e-22,3.773e-1,4.154e-17,1.852e-3,1.535e-1,6.999e-1,2.728e+1,1.001e-17,,4.154e-6,,,2.062e+0,,,1.468e-19,,1.380e-18,,6.602e-19,,1.508e-2,,4.912e-18,,3.102e-1,2.296e-16
539.37,6.004e+1,1.575e-4,2.197e-26,5.251e-40,2.731e-34,,,4.029e-18,1.928e-21,,2.310e-15,1.442e-18,1.424e-24,9.720e-18,4.763e-21,5.175e-32,5.599e-19,3.298e-26,,1.779e-18,1.809e-19,2.507e-38,2.072e-2,,1.446e-26,5.560e-2,,1.356e-19,1.464e-20,2.861e+1,4.510e-1,3.351e-13,1.471e-19,2.166e-22,3.619e-1,4.143e-17,1.548e-3,1.300e-1,7.376e-1,2.721e+1,1.001e-17,,3.115e-6,,,2.095e+0,,,1.466e-19,,1.380e-18,,6.602e-19,,1.350e-2,,4.909e-18,,3.490e-1,2.296e-16
539.4,6.083e+1,1.204e-4,2.183e-26,5.269e-40,2.731e-34,,,4.018e-18,1.930e-21,,2.309e-15,1.444e-18,1.425e-24,9.720e-18,4.732e-21,5.206e-32,2.824e-19,3.297e-26,,1.777e-18,1.815e-19,2.510e-38,2.640e-2,,1.446e-26,6.360e-2,,1.358e-19,1.464e-20,2.951e+1,4.540e-1,3.928e-13,1.471e-19,2.165e-22,3.386e-1,4.127e-17,1.176e-3,1.007e-1,7.942e-1,2.697e+1,9.998e-18,,2.013e-6,,,2.146e+0,,,1.464e-19,,1.381e-18,,6.601e-19,,1.137e-2,,4.903e-18,,4.146e-1,2.297e-16
539.42,6.148e+1,1.003e-4,2.174e-26,5.281e-40,2.731e-34,,,4.012e-18,1.931e-21,,2.309e-15,1.445e-18,1.426e-24,9.720e-18,4.712e-21,5.227e-32,1.784e-19,3.296e-26,,1.775e-18,1.819e-19,2.512e-38,3.093e-2,,1.447e-26,6.934e-2,,1.358e-19,1.464e-20,3.030e+1,4.567e-1,4.354e-13,1.471e-19,2.165e-22,3.231e-1,4.116e-17,9.761e-4,8.473e-2,8.315e-1,2.673e+1,9.992e-18,,1.500e-6,,,2.182e+0,,,1.462e-19,,1.381e-18,,6.600e-19,,1.011e-2,,4.899e-18,,4.634e-1,2.297e-16
539.45,6.262e+1,7.591e-5,2.161e-26,5.300e-40,2.730e-34,,,4.001e-18,1.933e-21,,2.309e-15,1.448e-18,1.427e-24,9.719e-18,4.681e-21,5.258e-32,8.910e-20,3.295e-26,,1.772e-18,1.824e-19,2.515e-38,3.904e-2,,1.447e-26,7.859e-2,,1.360e-19,1.465e-20,3.176e+1,4.618e-1,5.058e-13,1.471e-19,2.164e-22,2.998e-1,4.099e-17,7.346e-4,6.503e-2,8.865e-1,2.624e+1,9.982e-18,,9.599e-7,,,2.240e+0,,,1.460e-19,,1.381e-18,,6.600e-19,,8.439e-3,,4.894e-18,,5.450e-1,2.297e-16
539.47,6.349e+1,6.284e-5,2.152e-26,5.312e-40,2.730e-34,,,3.994e-18,1.934e-21,,2.308e-15,1.449e-18,1.428e-24,9.719e-18,4.660e-21,5.279e-32,5.590e-20,3.294e-26,,1.770e-18,1.828e-19,2.516e-38,4.544e-2,,1.448e-26,8.517e-2,,1.361e-19,1.465e-20,3.291e+1,4.659e-1,5.573e-13,1.471e-19,2.163e-22,2.845e-1,4.088e-17,6.058e-4,5.434e-2,9.221e-1,2.583e+1,9.976e-18,,7.104e-7,,,2.282e+0,,,1.458e-19,,1.381e-18,,6.599e-19,,7.456e-3,,4.890e-18,,6.053e-1,2.298e-16
539.5,6.496e+1,4.709e-5,2.138e-26,5.330e-40,2.730e-34,,,3.984e-18,1.936e-21,,2.308e-15,1.451e-18,1.428e-24,9.719e-18,4.630e-21,5.310e-32,2.764e-20,3.293e-26,,1.767e-18,1.833e-19,2.519e-38,5.678e-2,,1.448e-26,9.565e-2,,1.362e-19,1.465e-20,3.489e+1,4.729e-1,6.412e-13,1.472e-19,2.163e-22,2.618e-1,4.072e-17,4.516e-4,4.129e-2,9.734e-1,2.511e+1,9.966e-18,,4.501e-7,,,2.352e+0,,,1.456e-19,,1.381e-18,,6.598e-19,,6.161e-3,,4.885e-18,,7.049e-1,2.298e-16
539.52,6.605e+1,3.873e-5,2.129e-26,5.342e-40,2.730e-34,,,3.977e-18,1.937e-21,,2.308e-15,1.452e-18,1.429e-24,9.719e-18,4.609e-21,5.331e-32,2.764e-20,3.292e-26,,1.765e-18,1.837e-19,2.521e-38,6.566e-2,,1.449e-26,1.030e-1,,1.363e-19,1.465e-20,3.637e+1,4.782e-1,7.019e-13,1.472e-19,2.162e-22,2.469e-1,4.061e-17,3.702e-4,3.427e-2,1.006e+0,2.456e+1,9.960e-18,,3.309e-7,,,2.403e+0,,,1.454e-19,,1.381e-18,,6.598e-19,,5.408e-3,,4.881e-18,,7.778e-1,2.298e-16
539.55,6.785e+1,2.874e-5,2.116e-26,5.361e-40,2.730e-34,,,3.967e-18,1.939e-21,,2.307e-15,1.455e-18,1.430e-24,9.719e-18,4.578e-21,5.362e-32,2.763e-20,3.290e-26,,1.763e-18,1.842e-19,2.524e-38,8.125e-2,,1.449e-26,1.147e-1,,1.364e-19,1.465e-20,3.884e+1,4.867e-1,7.999e-13,1.472e-19,2.161e-22,2.252e-1,4.044e-17,2.736e-4,2.579e-2,1.052e+0,2.364e+1,9.950e-18,,2.076e-7,,,2.489e+0,,,1.452e-19,,1.382e-18,,6.597e-19,,4.426e-3,,4.876e-18,,8.969e-1,2.299e-16
539.57,6.918e+1,2.348e-5,2.107e-26,5.373e-40,2.730e-34,,,3.960e-18,1.940e-21,,2.307e-15,1.456e-18,1.431e-24,9.719e-18,4.558e-21,5.383e-32,2.763e-20,3.289e-26,,1.761e-18,1.846e-19,2.526e-38,9.335e-2,,1.450e-26,1.229e-1,,1.365e-19,1.465e-20,4.065e+1,4.927e-1,8.699e-13,1.472e-19,2.161e-22,2.111e-1,4.034e-17,2.232e-4,2.126e-2,1.079e+0,2.297e+1,9.944e-18,,1.516e-7,,,2.553e+0,,,1.450e-19,,1.382e-18,,6.597e-19,,3.861e-3,,4.872e-18,,9.831e-1,2.299e-16
539.6,7.137e+1,1.725e-5,2.093e-26,5.391e-40,2.730e-34,,,3.950e-18,1.942e-21,,2.307e-15,1.458e-18,1.432e-24,9.718e-18,4.527e-21,5.414e-32,2.762e-20,3.288e-26,,1.758e-18,1.852e-19,2.529e-38,1.144e-1,,1.450e-26,1.356e-1,,1.366e-19,1.466e-20,4.361e+1,5.023e-1,9.817e-13,1.472e-19,2.160e-22,1.908e-1,4.017e-17,1.642e-4,1.584e-2,1.117e+0,2.190e+1,9.934e-18,,9.416e-8,,,2.660e+0,,,1.448e-19,,1.382e-18,,6.596e-19,,3.131e-3,,4.867e-18,,1.123e+0,2.299e-16
539.62,7.297e+1,1.400e-5,2.084e-26,5.403e-40,2.730e-34,,,3.943e-18,1.943e-21,,2.306e-15,1.459e-18,1.432e-24,9.718e-18,4.506e-21,5.434e-32,2.762e-20,3.287e-26,,1.756e-18,1.855e-19,2.531e-38,1.305e-1,,1.451e-26,1.444e-1,,1.367e-19,1.466e-20,4.574e+1,5.089e-1,1.061e-12,1.472e-19,2.159e-22,1.777e-1,4.006e-17,1.338e-4,1.298e-2,1.140e+0,2.115e+1,9.928e-18,,6.832e-8,,,2.739e+0,,,1.446e-19,,1.382e-18,,6.595e-19,,2.715e-3,,4.863e-18,,1.222e+0,2.299e-16
539.64,7.470e+1,1.133e-5,2.075e-26,5.416e-40,2.730e-34,,,3.936e-18,1.944e-21,,2.306e-15,1.461e-18,1.433e-24,9.718e-18,4.486e-21,5.455e-32,2.761e-20,3.286e-26,,1.754e-18,1.859e-19,2.533e-38,1.486e-1,,1.451e-26,1.535e-1,,1.368e-19,1.466e-20,4.802e+1,5.158e-1,1.143e-12,1.473e-19,2.159e-22,1.652e-1,3.995e-17,1.093e-4,1.060e-2,1.159e+0,2.037e+1,9.921e-18,,4.943e-8,,,2.825e+0,,,1.445e-19,,1.382e-18,,6.595e-19,,2.350e-3,,4.859e-18,,1.328e+0,2.300e-16
539.67,7.753e+1,8.209e-6,2.062e-26,5.434e-40,2.729e-34,,,3.926e-18,1.946e-21,,2.306e-15,1.463e-18,1.434e-24,9.718e-18,4.455e-21,5.486e-32,2.760e-20,3.285e-26,,1.751e-18,1.865e-19,2.536e-38,1.796e-1,,1.452e-26,1.676e-1,,1.369e-19,1.466e-20,5.168e+1,5.262e-1,1.272e-12,1.473e-19,2.158e-22,1.473e-1,3.979e-17,8.149e-5,7.790e-3,1.183e+0,1.917e+1,9.911e-18,,3.028e-8,,,2.966e+0,,,1.443e-19,,1.382e-18,,6.594e-19,,1.886e-3,,4.854e-18,,1.495e+0,2.300e-16
539.69,7.959e+1,6.601e-6,2.053e-26,5.446e-40,2.729e-34,,,3.919e-18,1.947e-21,,2.305e-15,1.464e-18,1.434e-24,9.718e-18,4.434e-21,5.507e-32,2.760e-20,3.284e-26,,1.750e-18,1.868e-19,2.538e-38,2.031e-1,,1.452e-26,1.772e-1,,1.370e-19,1.466e-20,5.430e+1,5.332e-1,1.362e-12,1.473e-19,2.158e-22,1.360e-1,3.968e-17,6.789e-5,6.322e-3,1.196e+0,1.835e+1,9.905e-18,,2.177e-8,,,3.070e+0,,,1.441e-19,,1.382e-18,,6.594e-19,,1.627e-3,,4.850e-18,,1.614e+0,2.300e-16
539.72,8.297e+1,4.735e-6,2.039e-26,5.464e-40,2.729e-34,,,3.909e-18,1.949e-21,,2.305e-15,1.466e-18,1.435e-24,9.718e-18,4.403e-21,5.538e-32,2.759e-20,3.283e-26,,1.747e-18,1.874e-19,2.541e-38,2.431e-1,,1.453e-26,1.920e-1,,1.371e-19,1.467e-20,5.850e+1,5.437e-1,1.501e-12,1.473e-19,2.157e-22,1.201e-1,3.951e-17,5.353e-5,4.599e-3,1.209e+0,1.712e+1,9.895e-18,,1.320e-8,,,3.238e+0,,,1.439e-19,,1.383e-18,,6.593e-19,,1.302e-3,,4.845e-18,,1.800e+0,2.300e-16
539.74,8.542e+1,3.783e-6,2.030e-26,5.477e-40,2.729e-34,,,3.902e-18,1.950e-21,,2.305e-15,1.468e-18,1.436e-24,9.717e-18,4.383e-21,5.559e-32,2.759e-20,3.282e-26,,1.745e-18,1.877e-19,2.543e-38,2.732e-1,,1.453e-26,2.022e-1,,1.372e-19,1.467e-20,6.148e+1,5.507e-1,1.597e-12,1.473e-19,2.156e-22,1.102e-1,3.940e-17,4.741e-5,3.708e-3,1.214e+0,1.629e+1,9.889e-18,,9.425e-9,,,3.358e+0,,,1.437e-19,,1.383e-18,,6.592e-19,,1.124e-3,,4.841e-18,,1.929e+0,2.301e-16
539.77,8.940e+1,2.687e-6,2.017e-26,5.495e-40,2.729e-34,,,3.892e-18,1.952e-21,,2.304e-15,1.470e-18,1.437e-24,9.717e-18,4.352e-21,5.590e-32,2.758e-20,3.280e-26,,1.742e-18,1.883e-19,2.546e-38,3.237e-1,,1.454e-26,2.177e-1,,1.373e-19,1.467e-20,6.623e+1,5.610e-1,1.743e-12,1.473e-19,2.155e-22,9.644e-2,3.924e-17,4.276e-5,2.671e-3,1.215e+0,1.507e+1,9.879e-18,,5.659e-9,,,3.551e+0,,,1.435e-19,,1.383e-18,,6.592e-19,,9.069e-4,,4.836e-18,,2.130e+0,2.301e-16
539.79,9.228e+1,2.132e-6,2.008e-26,5.507e-40,2.729e-34,,,3.885e-18,1.953e-21,,2.304e-15,1.471e-18,1.437e-24,9.717e-18,4.331e-21,5.611e-32,2.758e-20,3.279e-26,,1.740e-18,1.887e-19,2.548e-38,3.614e-1,,1.454e-26,2.282e-1,,1.374e-19,1.467e-20,6.959e+1,5.677e-1,1.841e-12,1.474e-19,2.155e-22,8.792e-2,3.913e-17,4.248e-5,2.139e-3,1.212e+0,1.427e+1,9.873e-18,,4.015e-9,,,3.688e+0,,,1.433e-19,,1.383e-18,,6.591e-19,,7.917e-4,,4.832e-18,,2.269e+0,2.301e-16
539.82,9.693e+1,1.500e-6,1.994e-26,5.525e-40,2.729e-34,,,3.875e-18,1.955e-21,,2.303e-15,1.473e-18,1.438e-24,9.717e-18,4.300e-21,5.642e-32,2.757e-20,3.278e-26,,1.737e-18,1.892e-19,2.550e-38,4.241e-1,,1.455e-26,2.444e-1,,1.376e-19,1.467e-20,7.492e+1,5.774e-1,1.990e-12,1.474e-19,2.154e-22,7.616e-2,3.897e-17,4.625e-5,1.526e-3,1.201e+0,1.310e+1,9.863e-18,,2.387e-9,,,3.904e+0,,,1.431e-19,,1.383e-18,,6.590e-19,,6.582e-4,,4.826e-18,,2.481e+0,2.302e-16
539.84,1.003e+2,1.182e-6,1.985e-26,5.538e-40,2.729e-34,,,3.868e-18,1.956e-21,,2.303e-15,1.475e-18,1.439e-24,9.717e-18,4.280e-21,5.663e-32,2.757e-20,3.277e-26,,1.736e-18,1.896e-19,2.552e-38,4.703e-1,,1.455e-26,2.554e-1,,1.376e-19,1.468e-20,7.866e+1,5.835e-1,2.089e-12,1.474e-19,2.154e-22,6.899e-2,3.886e-17,5.171e-5,1.214e-3,1.190e+0,1.235e+1,9.857e-18,,1.682e-9,,,4.053e+0,,,1.429e-19,,1.383e-18,,6.590e-19,,5.930e-4,,4.823e-18,,2.625e+0,2.302e-16
539.87,1.056e+2,8.233e-7,1.972e-26,5.556e-40,2.728e-34,,,3.858e-18,1.958e-21,,2.303e-15,1.477e-18,1.440e-24,9.717e-18,4.249e-21,5.694e-32,2.756e-20,3.276e-26,,1.733e-18,1.901e-19,2.555e-38,5.465e-1,,1.456e-26,2.724e-1,,1.378e-19,1.468e-20,8.456e+1,5.921e-1,2.235e-12,1.474e-19,2.153e-22,5.918e-2,3.869e-17,6.486e-5,8.574e-4,1.168e+0,1.128e+1,9.847e-18,,9.899e-10,,,4.285e+0,,,1.427e-19,,1.384e-18,,6.589e-19,,5.282e-4,,4.817e-18,,2.843e+0,2.302e-16
539.89,1.094e+2,6.447e-7,1.963e-26,5.568e-40,2.728e-34,,,3.851e-18,1.959e-21,,2.302e-15,1.478e-18,1.441e-24,9.716e-18,4.228e-21,5.715e-32,2.756e-20,3.275e-26,,1.731e-18,1.905e-19,2.557e-38,6.021e-1,,1.456e-26,2.840e-1,,1.379e-19,1.468e-20,8.867e+1,5.974e-1,2.331e-12,1.474e-19,2.152e-22,5.326e-2,3.858e-17,7.743e-5,6.777e-4,1.150e+0,1.060e+1,9.840e-18,,6.930e-10,,,4.444e+0,,,1.425e-19,,1.384e-18,,6.588e-19,,5.057e-4,,4.814e-18,,2.988e+0,2.302e-16
539.92,1.154e+2,4.446e-7,1.949e-26,5.586e-40,2.728e-34,,,3.841e-18,1.961e-21,,2.302e-15,1.480e-18,1.442e-24,9.716e-18,4.197e-21,5.746e-32,2.755e-20,3.274e-26,,1.728e-18,1.910e-19,2.560e-38,6.928e-1,,1.457e-26,3.019e-1,,1.380e-19,1.468e-20,9.510e+1,6.045e-1,2.470e-12,1.474e-19,2.151e-22,4.524e-2,3.842e-17,1.033e-4,4.739e-4,1.117e+0,9.644e+0,9.831e-18,,4.039e-10,,,4.684e+0,,,1.423e-19,,1.384e-18,,6.588e-19,,5.023e-4,,4.808e-18,,3.204e+0,2.303e-16
539.94,1.196e+2,3.458e-7,1.940e-26,5.598e-40,2.728e-34,,,3.834e-18,1.962e-21,,2.302e-15,1.482e-18,1.442e-24,9.716e-18,4.177e-21,5.767e-32,2.755e-20,3.273e-26,,1.726e-18,1.914e-19,2.562e-38,7.583e-1,,1.457e-26,3.143e-1,,1.381e-19,1.468e-20,9.956e+1,6.087e-1,2.559e-12,1.475e-19,2.151e-22,4.045e-2,3.831e-17,1.261e-4,3.721e-4,1.093e+0,9.055e+0,9.824e-18,,2.809e-10,,,4.845e+0,,,1.421e-19,,1.384e-18,,6.587e-19,,5.204e-4,,4.805e-18,,3.345e+0,2.303e-16
539.97,1.262e+2,2.361e-7,1.927e-26,5.617e-40,2.728e-34,,,3.823e-18,1.964e-21,,2.301e-15,1.484e-18,1.443e-24,9.716e-18,4.146e-21,5.798e-32,2.754e-20,3.271e-26,,1.723e-18,1.920e-19,2.565e-38,8.641e-1,,1.458e-26,3.338e-1,,1.382e-19,1.469e-20,1.065e+2,6.140e-1,2.686e-12,1.475e-19,2.150e-22,3.402e-2,3.814e-17,1.708e-4,2.576e-4,1.052e+0,8.247e+0,9.815e-18,,1.621e-10,,,5.085e+0,,,1.419e-19,,1.384e-18,,6.586e-19,,5.794e-4,,4.799e-18,,3.552e+0,2.303e-16
539.99,1.308e+2,1.825e-7,1.918e-26,5.629e-40,2.728e-34,,,3.817e-18,1.965e-21,,2.301e-15,1.485e-18,1.444e-24,9.716e-18,4.125e-21,5.819e-32,2.754e-20,3.270e-26,,1.722e-18,1.923e-19,2.567e-38,9.396e-1,,1.459e-26,3.473e-1,,1.383e-19,1.469e-20,1.112e+2,6.167e-1,2.764e-12,1.475e-19,2.150e-22,3.022e-2,3.803e-17,2.093e-4,2.010e-4,1.022e+0,7.760e+0,9.808e-18,,1.120e-10,,,5.242e+0,,,1.418e-19,,1.384e-18,,6.586e-19,,6.414e-4,,4.795e-18,,3.685e+0,2.303e-16
540.01,1.356e+2,1.406e-7,1.909e-26,5.641e-40,2.728e-34,,,3.810e-18,1.966e-21,,2.301e-15,1.487e-18,1.444e-24,9.716e-18,4.105e-21,5.839e-32,2.753e-20,3.270e-26,,1.720e-18,1.927e-19,2.569e-38,1.019e+0,,1.459e-26,3.615e-1,,1.384e-19,1.469e-20,1.160e+2,6.189e-1,2.838e-12,1.475e-19,2.149e-22,2.677e-2,3.792e-17,2.561e-4,1.563e-4,9.899e-1,7.317e+0,9.802e-18,,7.726e-11,,,5.395e+0,,,1.416e-19,,1.385e-18,,6.585e-19,,7.231e-4,,4.792e-18,,3.813e+0,2.304e-16
540.04,1.429e+2,9.470e-8,1.895e-26,5.659e-40,2.728e-34,,,3.799e-18,1.968e-21,,2.300e-15,1.489e-18,1.445e-24,9.716e-18,4.074e-21,5.871e-32,2.753e-20,3.268e-26,,1.717e-18,1.933e-19,2.572e-38,1.145e+0,,1.460e-26,3.841e-1,,1.385e-19,1.469e-20,1.234e+2,6.208e-1,2.937e-12,1.475e-19,2.148e-22,2.221e-2,3.776e-17,3.456e-4,1.068e-4,9.395e-1,6.737e+0,9.792e-18,,4.413e-11,,,5.614e+0,,,1.414e-19,,1.385e-18,,6.585e-19,,8.870e-4,,4.786e-18,,3.993e+0,2.304e-16
540.06,1.479e+2,7.251e-8,1.886e-26,5.672e-40,2.728e-34,,,3.793e-18,1.969e-21,,2.300e-15,1.490e-18,1.446e-24,9.715e-18,4.053e-21,5.891e-32,2.752e-20,3.267e-26,,1.715e-18,1.936e-19,2.574e-38,1.234e+0,,1.460e-26,4.002e-1,,1.386e-19,1.469e-20,1.284e+2,6.212e-1,2.996e-12,1.475e-19,2.148e-22,1.955e-2,3.765e-17,4.211e-4,8.250e-5,9.044e-1,6.406e+0,9.786e-18,,3.040e-11,,,5.752e+0,,,1.412e-19,,1.385e-18,,6.584e-19,,1.027e-3,,4.783e-18,,4.104e+0,2.304e-16
540.09,1.555e+2,4.834e-8,1.873e-26,5.690e-40,2.727e-34,,,3.782e-18,1.971e-21,,2.299e-15,1.492e-18,1.447e-24,9.715e-18,4.022e-21,5.923e-32,2.752e-20,3.266e-26,,1.712e-18,1.942e-19,2.577e-38,1.373e+0,,1.461e-26,4.261e-1,,1.387e-19,1.470e-20,1.360e+2,6.203e-1,3.070e-12,1.476e-19,2.147e-22,1.606e-2,3.749e-17,5.637e-4,5.578e-5,8.500e-1,5.997e+0,9.776e-18,,1.759e-11,,,5.944e+0,,,1.410e-19,,1.385e-18,,6.583e-19,,1.291e-3,,4.777e-18,,4.256e+0,2.305e-16
540.11,1.606e+2,3.677e-8,1.864e-26,5.702e-40,2.727e-34,,,3.776e-18,1.972e-21,,2.299e-15,1.493e-18,1.447e-24,9.715e-18,4.002e-21,5.943e-32,2.751e-20,3.265e-26,,1.710e-18,1.945e-19,2.579e-38,1.470e+0,,1.461e-26,4.447e-1,,1.388e-19,1.470e-20,1.411e+2,6.187e-1,3.111e-12,1.476e-19,2.146e-22,1.404e-2,3.738e-17,6.827e-4,4.282e-5,8.129e-1,5.781e+0,9.770e-18,,1.249e-11,,,6.060e+0,,,1.408e-19,,1.385e-18,,6.583e-19,,1.508e-3,,4.774e-18,,4.347e+0,2.305e-16
540.14,1.684e+2,2.427e-8,1.850e-26,5.720e-40,2.727e-34,,,3.765e-18,1.974e-21,,2.299e-15,1.496e-18,1.448e-24,9.715e-18,3.971e-21,5.974e-32,2.751e-20,3.264e-26,,1.708e-18,1.951e-19,2.581e-38,1.620e+0,,1.462e-26,4.750e-1,,1.389e-19,1.470e-20,1.487e+2,6.148e-1,3.157e-12,1.476e-19,2.146e-22,1.142e-2,3.721e-17,9.056e-4,2.867e-5,7.565e-1,5.544e+0,9.760e-18,,8.194e-12,,,6.214e+0,,,1.406e-19,,1.385e-18,,6.582e-19,,1.905e-3,,4.768e-18,,4.464e+0,2.305e-16
540.16,1.735e+2,1.834e-8,1.841e-26,5.733e-40,2.727e-34,,,3.758e-18,1.975e-21,,2.298e-15,1.497e-18,1.449e-24,9.715e-18,3.950e-21,5.995e-32,2.750e-20,3.263e-26,,1.706e-18,1.955e-19,2.583e-38,1.723e+0,,1.462e-26,4.970e-1,,1.390e-19,1.470e-20,1.537e+2,6.111e-1,3.178e-12,1.476e-19,2.145e-22,9.921e-3,3.710e-17,1.090e-3,2.186e-5,7.187e-1,5.443e+0,9.753e-18,,6.955e-12,,,6.301e+0,,,1.404e-19,,1.386e-18,,6.582e-19,,2.225e-3,,4.764e-18,,4.528e+0,2.305e-16
540.19,1.811e+2,1.199e-8,1.828e-26,5.751e-40,2.727e-34,,,3.748e-18,1.977e-21,,2.298e-15,1.499e-18,1.450e-24,9.715e-18,3.920e-21,6.026e-32,2.749e-20,3.261e-26,,1.703e-18,1.960e-19,2.586e-38,1.880e+0,,1.463e-26,5.328e-1,,1.392e-19,1.470e-20,1.611e+2,6.040e-1,3.193e-12,1.476e-19,2.144e-22,7.992e-3,3.694e-17,1.432e-3,1.449e-5,6.623e-1,5.375e+0,9.744e-18,,7.067e-12,,,6.407e+0,,,1.402e-19,,1.386e-18,,6.581e-19,,2.800e-3,,4.759e-18,,4.605e+0,2.306e-16
540.21,1.861e+2,9.000e-9,1.819e-26,5.763e-40,2.727e-34,,,3.741e-18,1.978e-21,,2.298e-15,1.500e-18,1.451e-24,9.714e-18,3.899e-21,6.047e-32,2.749e-20,3.261e-26,,1.701e-18,1.964e-19,2.588e-38,1.987e+0,,1.463e-26,5.588e-1,,1.392e-19,1.471e-20,1.659e+2,5.982e-1,3.193e-12,1.477e-19,2.144e-22,6.896e-3,3.683e-17,1.712e-3,1.098e-5,6.251e-1,5.384e+0,9.737e-18,,8.456e-12,,,6.460e+0,,,1.400e-19,,1.386e-18,,6.580e-19,,3.257e-3,,4.755e-18,,4.641e+0,2.306e-16
540.24,1.935e+2,5.824e-9,1.805e-26,5.781e-40,2.727e-34,,,3.731e-18,1.980e-21,,2.297e-15,1.503e-18,1.452e-24,9.714e-18,3.868e-21,6.078e-32,2.748e-20,3.259e-26,,1.698e-18,1.969e-19,2.591e-38,2.147e+0,,1.464e-26,6.012e-1,,1.394e-19,1.471e-20,1.729e+2,5.879e-1,3.178e-12,1.477e-19,2.143e-22,5.501e-3,3.666e-17,2.227e-3,7.206e-6,5.704e-1,5.476e+0,9.728e-18,,1.298e-11,,,6.511e+0,,,1.398e-19,,1.386e-18,,6.580e-19,,4.069e-3,,4.750e-18,,4.673e+0,2.306e-16
540.26,1.982e+2,4.343e-9,1.796e-26,5.794e-40,2.727e-34,,,3.724e-18,1.981e-21,,2.297e-15,1.504e-18,1.452e-24,9.714e-18,3.848e-21,6.099e-32,2.748e-20,3.258e-26,,1.696e-18,1.973e-19,2.593e-38,2.254e+0,,1.464e-26,6.319e-1,,1.395e-19,1.471e-20,1.774e+2,5.801e-1,3.157e-12,1.477e-19,2.143e-22,4.716e-3,3.655e-17,2.646e-3,5.424e-6,5.349e-1,5.589e+0,9.721e-18,,1.821e-11,,,6.526e+0,,,1.396e-19,,1.386e-18,,6.579e-19,,4.707e-3,,4.746e-18,,4.679e+0,2.307e-16
540.29,2.050e+2,2.783e-9,1.783e-26,5.812e-40,2.726e-34,,,3.714e-18,1.983e-21,,2.297e-15,1.506e-18,1.453e-24,9.714e-18,3.817e-21,6.130e-32,2.747e-20,3.257e-26,,1.694e-18,1.979e-19,2.596e-38,2.411e+0,,1.465e-26,6.819e-1,,1.396e-19,1.471e-20,1.838e+2,5.668e-1,3.111e-12,1.477e-19,2.142e-22,3.725e-3,3.639e-17,3.409e-3,3.525e-6,4.833e-1,5.831e+0,9.711e-18,,3.115e-11,,,6.519e+0,,,1.394e-19,,1.386e-18,,6.578e-19,,5.829e-3,,4.741e-18,,4.666e+0,2.307e-16
540.31,2.094e+2,2.062e-9,1.773e-26,5.824e-40,2.726e-34,,,3.707e-18,1.984e-21,,2.296e-15,1.507e-18,1.454e-24,9.714e-18,3.796e-21,6.151e-32,2.747e-20,3.256e-26,,1.692e-18,1.982e-19,2.598e-38,2.515e+0,,1.465e-26,7.179e-1,,1.397e-19,1.471e-20,1.879e+2,5.570e-1,3.070e-12,1.477e-19,2.141e-22,3.173e-3,3.628e-17,4.023e-3,2.636e-6,4.502e-1,6.038e+0,9.705e-18,,4.483e-11,,,6.494e+0,,,1.393e-19,,1.387e-18,,6.578e-19,,6.701e-3,,4.737e-18,,4.641e+0,2.307e-16
540.34,2.155e+2,1.308e-9,1.760e-26,5.842e-40,2.726e-34,,,3.697e-18,1.986e-21,,2.296e-15,1.509e-18,1.455e-24,9.714e-18,3.765e-21,6.182e-32,2.746e-20,3.255e-26,,1.689e-18,1.988e-19,2.601e-38,2.665e+0,,1.466e-26,7.761e-1,,1.398e-19,1.472e-20,1.937e+2,5.412e-1,2.996e-12,1.477e-19,2.140e-22,2.482e-3,3.612e-17,5.132e-3,1.696e-6,4.028e-1,6.414e+0,9.695e-18,,7.741e-11,,,6.427e+0,,,1.390e-19,,1.387e-18,,6.577e-19,,8.221e-3,,4.732e-18,,4.582e+0,2.307e-16
540.36,2.194e+2,9.626e-10,1.751e-26,5.854e-40,2.726e-34,,,3.690e-18,1.987e-21,,2.296e-15,1.511e-18,1.455e-24,9.713e-18,3.745e-21,6.203e-32,2.746e-20,3.254e-26,,1.687e-18,1.991e-19,2.603e-38,2.760e+0,,1.466e-26,8.177e-1,,1.399e-19,1.472e-20,1.973e+2,5.298e-1,2.937e-12,1.478e-19,2.140e-22,2.101e-3,3.601e-17,6.018e-3,1.260e-6,3.728e-1,6.705e+0,9.689e-18,,1.112e-10,,,6.363e+0,,,1.389e-19,,1.387e-18,,6.577e-19,,9.391e-3,,4.728e-18,,4.528e+0,2.308e-16
540.38,2.230e+2,7.066e-10,1.742e-26,5.867e-40,2.726e-34,,,3.683e-18,1.988e-21,,2.295e-15,1.512e-18,1.456e-24,9.713e-18,3.724e-21,6.224e-32,2.745e-20,3.253e-26,,1.685e-18,1.995e-19,2.605e-38,2.852e+0,,1.467e-26,8.616e-1,,1.400e-19,1.472e-20,2.006e+2,5.179e-1,2.872e-12,1.478e-19,2.139e-22,1.774e-3,3.590e-17,7.037e-3,9.332e-7,3.442e-1,7.025e+0,9.682e-18,,1.594e-10,,,6.283e+0,,,1.387e-19,,1.387e-18,,6.576e-19,,1.070e-2,,4.724e-18,,4.464e+0,2.308e-16
540.41,2.281e+2,4.421e-10,1.728e-26,5.885e-40,2.726e-34,,,3.673e-18,1.990e-21,,2.295e-15,1.514e-18,1.457e-24,9.713e-18,3.693e-21,6.255e-32,2.745e-20,3.252e-26,,1.682e-18,2.001e-19,2.608e-38,2.981e+0,,1.467e-26,9.315e-1,,1.401e-19,1.472e-20,2.053e+2,4.992e-1,2.764e-12,1.478e-19,2.139e-22,1.371e-3,3.573e-17,8.856e-3,5.921e-7,3.038e-1,7.557e+0,9.673e-18,,2.724e-10,,,6.137e+0,,,1.385e-19,,1.387e-18,,6.575e-19,,1.295e-2,,4.719e-18,,4.347e+0,2.308e-16
540.43,2.311e+2,3.224e-10,1.719e-26,5.897e-40,2.726e-34,,,3.666e-18,1.991e-21,,2.295e-15,1.516e-18,1.457e-24,9.713e-18,3.673e-21,6.276e-32,2.744e-20,3.251e-26,,1.680e-18,2.004e-19,2.610e-38,3.060e+0,,1.468e-26,9.808e-1,,1.402e-19,1.472e-20,2.081e+2,4.862e-1,2.686e-12,1.478e-19,2.138e-22,1.152e-3,3.562e-17,1.029e-2,4.358e-7,2.786e-1,7.941e+0,9.666e-18,,3.881e-10,,,6.022e+0,,,1.383e-19,,1.387e-18,,6.575e-19,,1.466e-2,,4.715e-18,,4.256e+0,2.308e-16
540.46,2.353e+2,1.997e-10,1.706e-26,5.915e-40,2.726e-34,,,3.656e-18,1.993e-21,,2.294e-15,1.518e-18,1.458e-24,9.713e-18,3.642e-21,6.307e-32,2.744e-20,3.249e-26,,1.678e-18,2.010e-19,2.613e-38,3.167e+0,,1.468e-26,1.058e+0,,1.403e-19,1.473e-20,2.119e+2,4.662e-1,2.559e-12,1.478e-19,2.137e-22,8.855e-4,3.546e-17,1.282e-2,2.738e-7,2.435e-1,8.555e+0,9.657e-18,,6.569e-10,,,5.826e+0,,,1.381e-19,,1.388e-18,,6.574e-19,,1.757e-2,,4.710e-18,,4.104e+0,2.309e-16
540.48,2.379e+2,1.447e-10,1.697e-26,5.928e-40,2.726e-34,,,3.649e-18,1.994e-21,,2.294e-15,1.519e-18,1.459e-24,9.713e-18,3.621e-21,6.328e-32,2.743e-20,3.248e-26,,1.676e-18,2.013e-19,2.614e-38,3.230e+0,,1.469e-26,1.113e+0,,1.404e-19,1.473e-20,2.141e+2,4.526e-1,2.470e-12,1.478e-19,2.137e-22,7.426e-4,3.535e-17,1.480e-2,2.002e-7,2.219e-1,8.986e+0,9.650e-18,,9.299e-10,,,5.680e+0,,,1.379e-19,,1.388e-18,,6.574e-19,,1.976e-2,,4.706e-18,,3.993e+0,2.309e-16
540.51,2.412e+2,8.874e-11,1.683e-26,5.946e-40,2.725e-34,,,3.639e-18,1.996e-21,,2.293e-15,1.521e-18,1.460e-24,9.713e-18,3.590e-21,6.359e-32,2.743e-20,3.247e-26,,1.673e-18,2.019e-19,2.617e-38,3.310e+0,,1.469e-26,1.197e+0,,1.405e-19,1.473e-20,2.172e+2,4.321e-1,2.331e-12,1.479e-19,2.136e-22,5.718e-4,3.519e-17,1.827e-2,1.245e-7,1.922e-1,9.656e+0,9.640e-18,,1.559e-9,,,5.442e+0,,,1.377e-19,,1.388e-18,,6.573e-19,,2.345e-2,,4.701e-18,,3.813e+0,2.309e-16
540.53,2.432e+2,6.386e-11,1.674e-26,5.958e-40,2.725e-34,,,3.632e-18,1.997e-21,,2.293e-15,1.523e-18,1.461e-24,9.712e-18,3.570e-21,6.380e-32,2.742e-20,3.246e-26,,1.671e-18,2.023e-19,2.619e-38,3.354e+0,,1.470e-26,1.255e+0,,1.406e-19,1.473e-20,2.189e+2,4.184e-1,2.235e-12,1.479e-19,2.135e-22,4.828e-4,3.508e-17,2.095e-2,9.045e-8,1.741e-1,1.012e+1,9.634e-18,,2.192e-9,,,5.272e+0,,,1.375e-19,,1.388e-18,,6.572e-19,,2.620e-2,,4.697e-18,,3.685e+0,2.310e-16
540.56,2.459e+2,3.879e-11,1.661e-26,5.976e-40,2.725e-34,,,3.622e-18,1.999e-21,,2.293e-15,1.525e-18,1.461e-24,9.712e-18,3.539e-21,6.411e-32,2.742e-20,3.245e-26,,1.668e-18,2.028e-19,2.622e-38,3.404e+0,,1.470e-26,1.343e+0,,1.407e-19,1.473e-20,2.212e+2,3.979e-1,2.089e-12,1.479e-19,2.135e-22,3.806e-4,3.491e-17,2.560e-2,5.571e-8,1.494e-1,1.081e+1,9.624e-18,,3.639e-9,,,5.003e+0,,,1.373e-19,,1.388e-18,,6.572e-19,,3.080e-2,,4.691e-18,,3.484e+0,2.310e-16
540.58,2.475e+2,2.773e-11,1.652e-26,5.989e-40,2.725e-34,,,3.615e-18,2.000e-21,,2.292e-15,1.526e-18,1.462e-24,9.712e-18,3.518e-21,6.431e-32,2.741e-20,3.244e-26,,1.666e-18,2.032e-19,2.624e-38,3.426e+0,,1.471e-26,1.404e+0,,1.408e-19,1.473e-20,2.226e+2,3.845e-1,1.990e-12,1.479e-19,2.134e-22,3.308e-4,3.480e-17,2.917e-2,4.020e-8,1.345e-1,1.128e+1,9.618e-18,,5.085e-9,,,4.815e+0,,,1.371e-19,,1.388e-18,,6.571e-19,,3.419e-2,,4.688e-18,,3.345e+0,2.310e-16
540.61,2.495e+2,1.667e-11,1.638e-26,6.007e-40,2.725e-34,,,3.605e-18,2.002e-21,,2.292e-15,1.528e-18,1.463e-24,9.712e-18,3.487e-21,6.463e-32,2.741e-20,3.242e-26,,1.664e-18,2.037e-19,2.627e-38,3.443e+0,,1.472e-26,1.494e+0,,1.410e-19,1.474e-20,2.244e+2,3.649e-1,1.841e-12,1.479e-19,2.133e-22,2.802e-4,3.464e-17,3.530e-2,2.452e-8,1.146e-1,1.197e+1,9.608e-18,,8.358e-9,,,4.525e+0,,,1.369e-19,,1.388e-18,,6.570e-19,,3.979e-2,,4.682e-18,,3.132e+0,2.311e-16
540.63,2.507e+2,1.184e-11,1.629e-26,6.019e-40,2.725e-34,,,3.598e-18,2.003e-21,,2.292e-15,1.530e-18,1.464e-24,9.712e-18,3.467e-21,6.483e-32,2.740e-20,3.242e-26,,1.662e-18,2.041e-19,2.629e-38,3.443e+0,,1.472e-26,1.555e+0,,1.410e-19,1.474e-20,2.254e+2,3.522e-1,1.743e-12,1.479e-19,2.133e-22,2.613e-4,3.453e-17,3.996e-2,1.757e-8,1.027e-1,1.242e+1,9.602e-18,,1.160e-8,,,4.327e+0,,,1.368e-19,,1.389e-18,,6.570e-19,,4.388e-2,,4.679e-18,,2.988e+0,2.311e-16
540.66,2.523e+2,7.051e-12,1.616e-26,6.037e-40,2.725e-34,,,3.587e-18,2.005e-21,,2.291e-15,1.532e-18,1.465e-24,9.712e-18,3.436e-21,6.515e-32,2.739e-20,3.240e-26,,1.659e-18,2.047e-19,2.632e-38,3.427e+0,,1.473e-26,1.644e+0,,1.412e-19,1.474e-20,2.269e+2,3.338e-1,1.597e-12,1.480e-19,2.132e-22,2.547e-4,3.436e-17,4.789e-2,1.061e-8,8.693e-2,1.308e+1,9.592e-18,,1.889e-8,,,4.027e+0,,,1.365e-19,,1.389e-18,,6.569e-19,,5.057e-2,,4.673e-18,,2.770e+0,2.311e-16
540.68,2.533e+2,4.974e-12,1.607e-26,6.050e-40,2.725e-34,,,3.581e-18,2.006e-21,,2.291e-15,1.533e-18,1.465e-24,9.711e-18,3.415e-21,6.535e-32,2.739e-20,3.239e-26,,1.657e-18,2.050e-19,2.634e-38,3.405e+0,,1.473e-26,1.703e+0,,1.413e-19,1.474e-20,2.278e+2,3.221e-1,1.501e-12,1.480e-19,2.131e-22,2.648e-4,3.425e-17,5.385e-2,7.556e-9,7.771e-2,1.350e+1,9.586e-18,,2.606e-8,,,3.825e+0,,,1.364e-19,,1.389e-18,,6.569e-19,,5.541e-2,,4.670e-18,,2.625e+0,2.311e-16
540.71,2.547e+2,2.932e-12,1.593e-26,6.068e-40,2.724e-34,,,3.570e-18,2.008e-21,,2.291e-15,1.535e-18,1.466e-24,9.711e-18,3.385e-21,6.566e-32,2.738e-20,3.238e-26,,1.654e-18,2.056e-19,2.637e-38,3.355e+0,,1.474e-26,1.788e+0,,1.414e-19,1.475e-20,2.291e+2,3.054e-1,1.362e-12,1.480e-19,2.131e-22,3.036e-4,3.409e-17,6.391e-2,4.518e-9,6.568e-2,1.409e+1,9.576e-18,,4.201e-8,,,3.525e+0,,,1.361e-19,,1.389e-18,,6.568e-19,,6.324e-2,,4.664e-18,,2.410e+0,2.312e-16
540.73,2.556e+2,2.055e-12,1.584e-26,6.080e-40,2.724e-34,,,3.563e-18,2.009e-21,,2.290e-15,1.537e-18,1.467e-24,9.711e-18,3.364e-21,6.587e-32,2.738e-20,3.237e-26,,1.652e-18,2.059e-19,2.639e-38,3.312e+0,,1.474e-26,1.842e+0,,1.415e-19,1.475e-20,2.299e+2,2.949e-1,1.272e-12,1.480e-19,2.130e-22,3.470e-4,3.398e-17,7.140e-2,3.196e-9,5.878e-2,1.445e+1,9.570e-18,,5.757e-8,,,3.327e+0,,,1.360e-19,,1.389e-18,,6.567e-19,,6.884e-2,,4.660e-18,,2.269e+0,2.312e-16
540.76,2.569e+2,1.200e-12,1.571e-26,6.098e-40,2.724e-34,,,3.553e-18,2.011e-21,,2.290e-15,1.539e-18,1.468e-24,9.711e-18,3.333e-21,6.618e-32,2.737e-20,3.236e-26,,1.650e-18,2.065e-19,2.642e-38,3.232e+0,,1.475e-26,1.918e+0,,1.416e-19,1.475e-20,2.312e+2,2.802e-1,1.143e-12,1.480e-19,2.129e-22,4.432e-4,3.382e-17,8.391e-2,1.892e-9,5.000e-2,1.494e+1,9.560e-18,,9.191e-8,,,3.036e+0,,,1.357e-19,,1.389e-18,,6.567e-19,,7.781e-2,,4.655e-18,,2.062e+0,2.312e-16
540.78,2.578e+2,8.352e-13,1.562e-26,6.110e-40,2.724e-34,,,3.546e-18,2.012e-21,,2.290e-15,1.540e-18,1.468e-24,9.711e-18,3.313e-21,6.639e-32,2.737e-20,3.235e-26,,1.648e-18,2.069e-19,2.644e-38,3.170e+0,,1.475e-26,1.965e+0,,1.417e-19,1.475e-20,2.322e+2,2.711e-1,1.061e-12,1.480e-19,2.129e-22,5.319e-4,3.371e-17,9.314e-2,1.329e-9,4.513e-2,1.523e+1,9.553e-18,,1.251e-7,,,2.847e+0,,,1.356e-19,,1.390e-18,,6.566e-19,,8.415e-2,,4.651e-18,,1.929e+0,2.312e-16
540.8,2.588e+2,5.799e-13,1.553e-26,6.123e-40,2.724e-34,,,3.540e-18,2.013e-21,,2.289e-15,1.541e-18,1.469e-24,9.711e-18,3.292e-21,6.660e-32,2.736e-20,3.234e-26,,1.646e-18,2.072e-19,2.646e-38,3.101e+0,,1.475e-26,2.009e+0,,1.418e-19,1.475e-20,2.332e+2,2.625e-1,9.816e-13,1.481e-19,2.128e-22,6.442e-4,3.360e-17,1.031e-1,9.317e-10,4.100e-2,1.548e+1,9.547e-18,,1.700e-7,,,2.663e+0,,,1.354e-19,,1.390e-18,,6.566e-19,,9.077e-2,,4.648e-18,,1.800e+0,2.313e-16
540.83,2.603e+2,3.339e-13,1.539e-26,6.141e-40,2.724e-34,,,3.529e-18,2.015e-21,,2.289e-15,1.544e-18,1.470e-24,9.710e-18,3.261e-21,6.691e-32,2.736e-20,3.233e-26,,1.643e-18,2.078e-19,2.648e-38,2.986e+0,,1.476e-26,2.068e+0,,1.419e-19,1.475e-20,2.349e+2,2.505e-1,8.698e-13,1.481e-19,2.127e-22,8.663e-4,3.343e-17,1.195e-1,5.440e-10,3.611e-2,1.580e+1,9.537e-18,,2.677e-7,,,2.397e+0,,,1.352e-19,,1.390e-18,,6.565e-19,,1.012e-1,,4.642e-18,,1.614e+0,2.313e-16
540.85,2.613e+2,2.303e-13,1.530e-26,6.153e-40,2.724e-34,,,3.522e-18,2.016e-21,,2.289e-15,1.545e-18,1.471e-24,9.710e-18,3.240e-21,6.712e-32,2.735e-20,3.232e-26,,1.641e-18,2.082e-19,2.650e-38,2.902e+0,,1.477e-26,2.102e+0,,1.420e-19,1.476e-20,2.361e+2,2.432e-1,7.998e-13,1.481e-19,2.127e-22,1.058e-3,3.332e-17,1.315e-1,3.788e-10,3.368e-2,1.596e+1,9.531e-18,,3.612e-7,,,2.227e+0,,,1.350e-19,,1.390e-18,,6.564e-19,,1.084e-1,,4.639e-18,,1.495e+0,2.313e-16
540.88,2.631e+2,1.313e-13,1.517e-26,6.171e-40,2.724e-34,,,3.512e-18,2.018e-21,,2.288e-15,1.547e-18,1.471e-24,9.710e-18,3.210e-21,6.743e-32,2.735e-20,3.230e-26,,1.638e-18,2.087e-19,2.653e-38,2.768e+0,,1.477e-26,2.144e+0,,1.421e-19,1.476e-20,2.382e+2,2.332e-1,7.017e-13,1.481e-19,2.126e-22,1.429e-3,3.316e-17,1.509e-1,2.190e-10,3.122e-2,1.613e+1,9.521e-18,,5.633e-7,,,1.985e+0,,,1.348e-19,,1.390e-18,,6.564e-19,,1.197e-1,,4.633e-18,,1.328e+0,2.314e-16
540.9,2.644e+2,8.996e-14,1.508e-26,6.184e-40,2.723e-34,,,3.505e-18,2.019e-21,,2.288e-15,1.548e-18,1.472e-24,9.710e-18,3.189e-21,6.764e-32,2.734e-20,3.229e-26,,1.637e-18,2.091e-19,2.655e-38,2.673e+0,,1.478e-26,2.166e+0,,1.422e-19,1.476e-20,2.397e+2,2.271e-1,6.410e-13,1.481e-19,2.126e-22,1.743e-3,3.305e-17,1.649e-1,1.514e-10,3.034e-2,1.619e+1,9.515e-18,,7.552e-7,,,1.833e+0,,,1.346e-19,,1.390e-18,,6.563e-19,,1.274e-1,,4.629e-18,,1.222e+0,2.314e-16
540.93,2.664e+2,5.078e-14,1.494e-26,6.202e-40,2.723e-34,,,3.495e-18,2.021e-21,,2.287e-15,1.551e-18,1.473e-24,9.710e-18,3.158e-21,6.795e-32,2.734e-20,3.228e-26,,1.634e-18,2.096e-19,2.658e-38,2.526e+0,,1.478e-26,2.189e+0,,1.423e-19,1.476e-20,2.422e+2,2.186e-1,5.570e-13,1.482e-19,2.125e-22,2.341e-3,3.288e-17,1.875e-1,8.668e-11,3.013e-2,1.621e+1,9.505e-18,,1.166e-6,,,1.618e+0,,,1.344e-19,,1.391e-18,,6.562e-19,,1.393e-1,,4.624e-18,,1.075e+0,2.314e-16
540.95,2.679e+2,3.456e-14,1.485e-26,6.214e-40,2.723e-34,,,3.488e-18,2.022e-21,,2.287e-15,1.552e-18,1.474e-24,9.710e-18,3.138e-21,6.816e-32,2.733e-20,3.227e-26,,1.632e-18,2.100e-19,2.660e-38,2.425e+0,,1.479e-26,2.198e+0,,1.424e-19,1.476e-20,2.440e+2,2.135e-1,5.055e-13,1.482e-19,2.124e-22,2.843e-3,3.277e-17,2.035e-1,5.956e-11,3.073e-2,1.616e+1,9.499e-18,,1.554e-6,,,1.484e+0,,,1.343e-19,,1.391e-18,,6.562e-19,,1.474e-1,,4.620e-18,,9.831e-1,2.314e-16
540.98,2.702e+2,1.932e-14,1.472e-26,6.232e-40,2.723e-34,,,3.478e-18,2.024e-21,,2.287e-15,1.554e-18,1.475e-24,9.710e-18,3.107e-21,6.847e-32,2.733e-20,3.226e-26,,1.629e-18,2.105e-19,2.663e-38,2.271e+0,,1.479e-26,2.202e+0,,1.425e-19,1.477e-20,2.469e+2,2.063e-1,4.349e-13,1.482e-19,2.124e-22,3.788e-3,3.261e-17,2.291e-1,3.376e-11,3.274e-2,1.602e+1,9.489e-18,,2.376e-6,,,1.297e+0,,,1.340e-19,,1.391e-18,,6.561e-19,,1.595e-1,,4.615e-18,,8.559e-1,2.315e-16
541,2.718e+2,1.306e-14,1.463e-26,6.245e-40,2.723e-34,,,3.471e-18,2.025e-21,,2.286e-15,1.555e-18,1.475e-24,9.709e-18,3.086e-21,6.868e-32,2.732e-20,3.225e-26,,1.627e-18,2.109e-19,2.665e-38,2.167e+0,,1.480e-26,2.197e+0,,1.426e-19,1.477e-20,2.490e+2,2.019e-1,3.921e-13,1.482e-19,2.123e-22,4.572e-3,3.250e-17,2.471e-1,2.304e-11,3.483e-2,1.587e+1,9.482e-18,,3.145e-6,,,1.182e+0,,,1.339e-19,,1.391e-18,,6.560e-19,,1.676e-1,,4.611e-18,,7.778e-1,2.315e-16
541.03,2.743e+2,7.228e-15,1.449e-26,6.263e-40,2.723e-34,,,3.461e-18,2.027e-21,,2.286e-15,1.557e-18,1.476e-24,9.709e-18,3.055e-21,6.899e-32,2.732e-20,3.224e-26,,1.624e-18,2.115e-19,2.668e-38,2.012e+0,,1.480e-26,2.179e+0,,1.428e-19,1.477e-20,2.522e+2,1.957e-1,3.340e-13,1.482e-19,2.122e-22,6.036e-3,3.234e-17,2.755e-1,1.293e-11,3.911e-2,1.558e+1,9.473e-18,,4.764e-6,,,1.023e+0,,,1.336e-19,,1.391e-18,,6.560e-19,,1.797e-1,,4.606e-18,,6.705e-1,2.315e-16
541.05,2.760e+2,4.856e-15,1.440e-26,6.275e-40,2.723e-34,,,3.454e-18,2.028e-21,,2.286e-15,1.559e-18,1.477e-24,9.709e-18,3.035e-21,6.920e-32,2.731e-20,3.223e-26,,1.623e-18,2.118e-19,2.670e-38,1.910e+0,,1.481e-26,2.161e+0,,1.428e-19,1.477e-20,2.544e+2,1.918e-1,2.992e-13,1.482e-19,2.122e-22,7.240e-3,3.223e-17,2.952e-1,8.768e-12,4.275e-2,1.534e+1,9.466e-18,,6.263e-6,,,9.258e-1,,,1.335e-19,,1.391e-18,,6.559e-19,,1.876e-1,,4.602e-18,,6.053e-1,2.315e-16
541.08,2.786e+2,2.660e-15,1.427e-26,6.293e-40,2.723e-34,,,3.444e-18,2.030e-21,,2.285e-15,1.561e-18,1.478e-24,9.709e-18,3.004e-21,6.951e-32,2.731e-20,3.221e-26,,1.620e-18,2.124e-19,2.673e-38,1.761e+0,,1.481e-26,2.124e+0,,1.430e-19,1.477e-20,2.577e+2,1.862e-1,2.524e-13,1.483e-19,2.121e-22,9.466e-3,3.206e-17,3.258e-1,4.872e-12,4.947e-2,1.490e+1,9.457e-18,,9.396e-6,,,7.935e-1,,,1.332e-19,,1.392e-18,,6.558e-19,,1.992e-1,,4.597e-18,,5.167e-1,2.316e-16
541.1,2.803e+2,1.775e-15,1.418e-26,6.306e-40,2.723e-34,,,3.437e-18,2.031e-21,,2.285e-15,1.562e-18,1.478e-24,9.709e-18,2.983e-21,6.972e-32,2.730e-20,3.220e-26,,1.618e-18,2.128e-19,2.675e-38,1.664e+0,,1.482e-26,2.092e+0,,1.431e-19,1.478e-20,2.600e+2,1.825e-1,2.246e-13,1.483e-19,2.120e-22,1.128e-2,3.195e-17,3.469e-1,3.282e-12,5.482e-2,1.458e+1,9.450e-18,,1.227e-5,,,7.138e-1,,,1.331e-19,,1.392e-18,,6.558e-19,,2.066e-1,,4.593e-18,,4.634e-1,2.316e-16
541.13,2.827e+2,9.631e-16,1.404e-26,6.324e-40,2.722e-34,,,3.427e-18,2.033e-21,,2.285e-15,1.564e-18,1.479e-24,9.709e-18,2.952e-21,7.003e-32,2.729e-20,3.219e-26,,1.615e-18,2.133e-19,2.678e-38,1.525e+0,,1.482e-26,2.036e+0,,1.432e-19,1.478e-20,2.633e+2,1.771e-1,1.876e-13,1.483e-19,2.120e-22,1.461e-2,3.179e-17,3.792e-1,1.805e-12,6.424e-2,1.403e+1,9.441e-18,,1.823e-5,,,6.060e-1,,,1.329e-19,,1.392e-18,,6.557e-19,,2.172e-1,,4.587e-18,,3.917e-1,2.316e-16
541.15,2.843e+2,6.385e-16,1.395e-26,6.336e-40,2.722e-34,,,3.420e-18,2.034e-21,,2.284e-15,1.566e-18,1.480e-24,9.708e-18,2.932e-21,7.023e-32,2.729e-20,3.218e-26,,1.613e-18,2.137e-19,2.680e-38,1.436e+0,,1.483e-26,1.994e+0,,1.433e-19,1.478e-20,2.654e+2,1.735e-1,1.658e-13,1.483e-19,2.119e-22,1.730e-2,3.168e-17,4.011e-1,1.208e-12,7.148e-2,1.363e+1,9.434e-18,,2.366e-5,,,5.417e-1,,,1.327e-19,,1.392e-18,,6.557e-19,,2.238e-1,,4.584e-18,,3.490e-1,2.317e-16
541.17,2.857e+2,4.222e-16,1.386e-26,6.348e-40,2.722e-34,,,3.413e-18,2.036e-21,,2.284e-15,1.567e-18,1.481e-24,9.708e-18,2.911e-21,7.044e-32,2.729e-20,3.217e-26,,1.611e-18,2.140e-19,2.681e-38,1.352e+0,,1.483e-26,1.947e+0,,1.434e-19,1.478e-20,2.675e+2,1.699e-1,1.462e-13,1.483e-19,2.119e-22,2.043e-2,3.157e-17,4.231e-1,8.063e-13,7.954e-2,1.321e+1,9.428e-18,,3.063e-5,,,4.830e-1,,,1.325e-19,,1.392e-18,,6.556e-19,,2.300e-1,,4.580e-18,,3.102e-1,2.317e-16
541.2,2.876e+2,2.259e-16,1.373e-26,6.367e-40,2.722e-34,,,3.403e-18,2.037e-21,,2.284e-15,1.569e-18,1.481e-24,9.708e-18,2.880e-21,7.075e-32,2.728e-20,3.216e-26,,1.609e-18,2.146e-19,2.684e-38,1.234e+0,,1.484e-26,1.869e+0,,1.435e-19,1.478e-20,2.703e+2,1.643e-1,1.205e-13,1.483e-19,2.118e-22,2.610e-2,3.140e-17,4.562e-1,4.375e-13,9.324e-2,1.254e+1,9.418e-18,,4.489e-5,,,4.049e-1,,,1.323e-19,,1.392e-18,,6.555e-19,,2.385e-1,,4.575e-18,,2.586e-1,2.317e-16
541.22,2.886e+2,1.484e-16,1.364e-26,6.379e-40,2.722e-34,,,3.396e-18,2.039e-21,,2.283e-15,1.571e-18,1.482e-24,9.708e-18,2.860e-21,7.096e-32,2.728e-20,3.215e-26,,1.607e-18,2.150e-19,2.686e-38,1.162e+0,,1.484e-26,1.813e+0,,1.436e-19,1.479e-20,2.719e+2,1.605e-1,1.055e-13,1.484e-19,2.117e-22,3.062e-2,3.129e-17,4.782e-1,2.901e-13,1.035e-1,1.207e+1,9.412e-18,,5.774e-5,,,3.589e-1,,,1.321e-19,,1.392e-18,,6.555e-19,,2.435e-1,,4.571e-18,,2.283e-1,2.317e-16
541.25,2.897e+2,7.860e-17,1.350e-26,6.397e-40,2.722e-34,,,3.386e-18,2.040e-21,,2.283e-15,1.573e-18,1.483e-24,9.708e-18,2.829e-21,7.127e-32,2.727e-20,3.214e-26,,1.604e-18,2.155e-19,2.689e-38,1.063e+0,,1.485e-26,1.724e+0,,1.437e-19,1.479e-20,2.740e+2,1.546e-1,8.610e-14,1.484e-19,2.116e-22,3.874e-2,3.113e-17,5.106e-1,1.558e-13,1.206e-1,1.135e+1,9.402e-18,,8.380e-5,,,2.985e-1,,,1.319e-19,,1.393e-18,,6.554e-19,,2.500e-1,,4.566e-18,,1.885e-1,2.318e-16
541.27,2.902e+2,5.129e-17,1.341e-26,6.409e-40,2.722e-34,,,3.379e-18,2.041e-21,,2.283e-15,1.574e-18,1.484e-24,9.708e-18,2.808e-21,7.148e-32,2.727e-20,3.213e-26,,1.602e-18,2.159e-19,2.691e-38,1.004e+0,,1.485e-26,1.662e+0,,1.438e-19,1.479e-20,2.752e+2,1.506e-1,7.493e-14,1.484e-19,2.116e-22,4.516e-2,3.102e-17,5.317e-1,1.026e-13,1.333e-1,1.086e+1,9.395e-18,,1.071e-4,,,2.633e-1,,,1.318e-19,,1.393e-18,,6.554e-19,,2.536e-1,,4.562e-18,,1.653e-1,2.318e-16
541.3,2.904e+2,2.690e-17,1.328e-26,6.427e-40,2.722e-34,,,3.369e-18,2.043e-21,,2.282e-15,1.576e-18,1.485e-24,9.707e-18,2.777e-21,7.179e-32,2.726e-20,3.211e-26,,1.599e-18,2.164e-19,2.694e-38,9.271e-1,,1.486e-26,1.565e+0,,1.439e-19,1.479e-20,2.763e+2,1.443e-1,6.053e-14,1.484e-19,2.115e-22,5.657e-2,3.086e-17,5.622e-1,5.459e-14,1.542e-1,1.011e+1,9.386e-18,,1.539e-4,,,2.177e-1,,,1.315e-19,,1.393e-18,,6.553e-19,,2.579e-1,,4.556e-18,,1.352e-1,2.318e-16
541.32,2.902e+2,1.744e-17,1.319e-26,6.440e-40,2.721e-34,,,3.362e-18,2.044e-21,,2.282e-15,1.578e-18,1.485e-24,9.707e-18,2.757e-21,7.200e-32,2.725e-20,3.210e-26,,1.597e-18,2.168e-19,2.696e-38,8.833e-1,,1.486e-26,1.499e+0,,1.440e-19,1.479e-20,2.767e+2,1.400e-1,5.233e-14,1.484e-19,2.115e-22,6.553e-2,3.075e-17,5.816e-1,3.572e-14,1.694e-1,9.605e+0,9.379e-18,,1.954e-4,,,1.915e-1,,,1.314e-19,,1.393e-18,,6.552e-19,,2.599e-1,,4.553e-18,,1.178e-1,2.319e-16
541.35,2.893e+2,9.056e-18,1.305e-26,6.458e-40,2.721e-34,,,3.351e-18,2.046e-21,,2.281e-15,1.580e-18,1.486e-24,9.707e-18,2.726e-21,7.231e-32,2.725e-20,3.209e-26,,1.595e-18,2.174e-19,2.699e-38,8.293e-1,,1.487e-26,1.398e+0,,1.441e-19,1.480e-20,2.767e+2,1.334e-1,4.186e-14,1.484e-19,2.114e-22,8.129e-2,3.058e-17,6.090e-1,1.881e-14,1.943e-1,8.854e+0,9.370e-18,,2.781e-4,,,1.581e-1,,,1.311e-19,,1.393e-18,,6.552e-19,,2.617e-1,,4.547e-18,,9.534e-2,2.319e-16
541.37,2.882e+2,5.832e-18,1.296e-26,6.470e-40,2.721e-34,,,3.345e-18,2.047e-21,,2.281e-15,1.581e-18,1.487e-24,9.707e-18,2.705e-21,7.252e-32,2.724e-20,3.208e-26,,1.593e-18,2.177e-19,2.701e-38,8.013e-1,,1.487e-26,1.330e+0,,1.442e-19,1.480e-20,2.762e+2,1.288e-1,3.596e-14,1.485e-19,2.113e-22,9.354e-2,3.047e-17,6.260e-1,1.223e-14,2.122e-1,8.359e+0,9.363e-18,,3.508e-4,,,1.393e-1,,,1.310e-19,,1.393e-18,,6.551e-19,,2.621e-1,,4.544e-18,,8.254e-2,2.319e-16
541.4,2.859e+2,2.999e-18,1.283e-26,6.488e-40,2.721e-34,,,3.334e-18,2.049e-21,,2.281e-15,1.583e-18,1.488e-24,9.707e-18,2.675e-21,7.283e-32,2.724e-20,3.207e-26,,1.590e-18,2.183e-19,2.704e-38,7.714e-1,,1.488e-26,1.228e+0,,1.443e-19,1.480e-20,2.747e+2,1.218e-1,2.848e-14,1.485e-19,2.112e-22,1.149e-1,3.031e-17,6.491e-1,6.377e-15,2.411e-1,7.630e+0,9.353e-18,,4.945e-4,,,1.158e-1,,,1.307e-19,,1.394e-18,,6.550e-19,,2.613e-1,,4.538e-18,,6.616e-2,2.319e-16
541.42,2.840e+2,1.918e-18,1.274e-26,6.501e-40,2.721e-34,,,3.327e-18,2.050e-21,,2.280e-15,1.585e-18,1.488e-24,9.707e-18,2.654e-21,7.304e-32,2.723e-20,3.206e-26,,1.588e-18,2.186e-19,2.706e-38,7.595e-1,,1.488e-26,1.161e+0,,1.444e-19,1.480e-20,2.733e+2,1.171e-1,2.431e-14,1.485e-19,2.112e-22,1.314e-1,3.020e-17,6.629e-1,4.118e-15,2.616e-1,7.157e+0,9.347e-18,,6.197e-4,,,1.030e-1,,,1.306e-19,,1.394e-18,,6.550e-19,,2.599e-1,,4.535e-18,,5.690e-2,2.320e-16
541.45,2.802e+2,9.767e-19,1.260e-26,6.519e-40,2.721e-34,,,3.317e-18,2.052e-21,,2.280e-15,1.587e-18,1.489e-24,9.707e-18,2.623e-21,7.335e-32,2.723e-20,3.205e-26,,1.585e-18,2.192e-19,2.709e-38,7.539e-1,,1.489e-26,1.062e+0,,1.446e-19,1.480e-20,2.703e+2,1.099e-1,1.906e-14,1.485e-19,2.111e-22,1.598e-1,3.003e-17,6.807e-1,2.126e-15,2.944e-1,6.469e+0,9.337e-18,,8.650e-4,,,8.772e-2,,,1.304e-19,,1.394e-18,,6.549e-19,,2.566e-1,,4.529e-18,,4.517e-2,2.320e-16
541.47,2.773e+2,6.207e-19,1.251e-26,6.531e-40,2.721e-34,,,3.310e-18,2.053e-21,,2.280e-15,1.588e-18,1.490e-24,9.706e-18,2.603e-21,7.356e-32,2.722e-20,3.204e-26,,1.583e-18,2.196e-19,2.711e-38,7.582e-1,,1.490e-26,9.974e-1,,1.447e-19,1.481e-20,2.678e+2,1.051e-1,1.616e-14,1.485e-19,2.111e-22,1.816e-1,2.993e-17,6.907e-1,1.364e-15,3.174e-1,6.028e+0,9.331e-18,,1.077e-3,,,7.988e-2,,,1.302e-19,,1.394e-18,,6.549e-19,,2.536e-1,,4.525e-18,,3.859e-2,2.320e-16
541.5,2.721e+2,3.129e-19,1.238e-26,6.549e-40,2.721e-34,,,3.300e-18,2.055e-21,,2.279e-15,1.590e-18,1.491e-24,9.706e-18,2.572e-21,7.387e-32,2.722e-20,3.202e-26,,1.581e-18,2.201e-19,2.713e-38,7.766e-1,,1.490e-26,9.033e-1,,1.448e-19,1.481e-20,2.633e+2,9.789e-2,1.255e-14,1.485e-19,2.110e-22,2.187e-1,2.976e-17,7.024e-1,6.973e-16,3.537e-1,5.396e+0,9.321e-18,,1.489e-3,,,7.137e-2,,,1.300e-19,,1.394e-18,,6.548e-19,,2.480e-1,,4.520e-18,,3.033e-2,2.321e-16
541.52,2.681e+2,1.975e-19,1.229e-26,6.562e-40,2.720e-34,,,3.293e-18,2.056e-21,,2.279e-15,1.592e-18,1.491e-24,9.706e-18,2.551e-21,7.408e-32,2.721e-20,3.201e-26,,1.579e-18,2.205e-19,2.715e-38,7.967e-1,,1.491e-26,8.428e-1,,1.449e-19,1.481e-20,2.597e+2,9.312e-2,1.057e-14,1.486e-19,2.109e-22,2.468e-1,2.965e-17,7.081e-1,4.444e-16,3.790e-1,4.995e+0,9.315e-18,,1.842e-3,,,6.772e-2,,,1.298e-19,,1.394e-18,,6.547e-19,,2.435e-1,,4.516e-18,,2.575e-2,2.321e-16
541.54,2.638e+2,1.244e-19,1.220e-26,6.574e-40,2.720e-34,,,3.286e-18,2.058e-21,,2.279e-15,1.593e-18,1.492e-24,9.706e-18,2.530e-21,1.181e-31,2.721e-20,3.201e-26,,1.577e-18,2.208e-19,2.717e-38,8.230e-1,,1.491e-26,7.843e-1,,1.450e-19,1.481e-20,2.557e+2,8.839e-2,8.880e-15,1.486e-19,2.109e-22,2.778e-1,2.954e-17,7.120e-1,2.824e-16,4.050e-1,4.612e+0,9.308e-18,,2.272e-3,,,6.560e-2,,,1.296e-19,,1.395e-18,,6.547e-19,,2.385e-1,,4.513e-18,,2.180e-2,2.321e-16
541.57,2.566e+2,6.184e-20,1.206e-26,6.592e-40,2.720e-34,,,3.276e-18,2.059e-21,,2.278e-15,1.595e-18,1.493e-24,9.706e-18,2.500e-21,2.702e-31,2.720e-20,3.199e-26,,1.574e-18,2.214e-19,2.720e-38,8.737e-1,,1.492e-26,7.006e-1,,1.451e-19,1.481e-20,2.490e+2,8.142e-2,6.803e-15,1.486e-19,2.108e-22,3.302e-1,2.938e-17,7.145e-1,1.424e-16,4.453e-1,4.072e+0,9.299e-18,,3.099e-3,,,6.516e-2,,,1.294e-19,,1.395e-18,,6.546e-19,,2.300e-1,,4.507e-18,,1.690e-2,2.321e-16
541.59,2.513e+2,3.868e-20,1.197e-26,6.604e-40,2.720e-34,,,3.269e-18,2.061e-21,,2.278e-15,1.596e-18,1.494e-24,9.706e-18,2.479e-21,4.282e-31,2.720e-20,3.198e-26,,1.572e-18,2.218e-19,2.722e-38,9.147e-1,,1.492e-26,6.478e-1,,1.452e-19,1.481e-20,2.441e+2,7.689e-2,5.677e-15,1.486e-19,2.107e-22,3.693e-1,2.927e-17,7.139e-1,8.991e-17,4.727e-1,3.735e+0,9.292e-18,,3.799e-3,,,6.664e-2,,,1.293e-19,,1.395e-18,,6.546e-19,,2.238e-1,,4.503e-18,,1.421e-2,2.322e-16
541.62,2.428e+2,3.861e-20,1.184e-26,6.623e-40,2.720e-34,,,3.259e-18,2.062e-21,,2.277e-15,1.599e-18,1.495e-24,9.705e-18,2.448e-21,8.501e-31,2.719e-20,3.197e-26,,1.569e-18,2.223e-19,2.725e-38,9.866e-1,,1.493e-26,5.730e-1,,1.453e-19,1.482e-20,2.359e+2,7.032e-2,4.306e-15,1.486e-19,2.107e-22,4.346e-1,2.910e-17,7.096e-1,4.489e-17,5.146e-1,3.266e+0,9.282e-18,,5.131e-3,,,7.149e-2,,,1.290e-19,,1.395e-18,,6.545e-19,,2.137e-1,,4.498e-18,,1.091e-2,2.322e-16
541.64,2.367e+2,3.857e-20,1.175e-26,6.635e-40,2.720e-34,,,3.252e-18,2.064e-21,,2.277e-15,1.600e-18,1.495e-24,9.705e-18,2.428e-21,1.338e-30,2.719e-20,3.196e-26,,1.567e-18,2.227e-19,2.727e-38,1.041e+0,,1.493e-26,5.263e-1,,1.454e-19,1.482e-20,2.301e+2,6.611e-2,3.570e-15,1.486e-19,2.106e-22,4.828e-1,2.899e-17,7.046e-1,2.815e-17,5.429e-1,2.976e+0,9.276e-18,,6.249e-3,,,7.647e-2,,,1.289e-19,,1.395e-18,,6.544e-19,,2.066e-1,,4.494e-18,,9.117e-3,2.322e-16
541.67,2.272e+2,3.850e-20,1.161e-26,6.653e-40,2.720e-34,,,3.242e-18,2.065e-21,,2.277e-15,1.602e-18,1.496e-24,9.705e-18,2.397e-21,2.632e-30,2.718e-20,3.195e-26,,1.565e-18,2.232e-19,2.730e-38,1.132e+0,,1.494e-26,4.611e-1,,1.455e-19,1.482e-20,2.208e+2,6.009e-2,2.682e-15,1.487e-19,2.105e-22,5.627e-1,2.883e-17,6.939e-1,1.392e-17,5.853e-1,2.577e+0,9.266e-18,,8.358e-3,,,8.662e-2,,,1.286e-19,,1.395e-18,,6.544e-19,,1.954e-1,,4.489e-18,,6.930e-3,2.322e-16
541.69,2.205e+2,3.845e-20,1.152e-26,6.665e-40,2.720e-34,,,3.235e-18,2.067e-21,,2.276e-15,1.603e-18,1.497e-24,9.705e-18,2.376e-21,4.117e-30,2.718e-20,3.194e-26,,1.563e-18,2.236e-19,2.732e-38,1.199e+0,,1.494e-26,4.207e-1,,1.456e-19,1.482e-20,2.142e+2,5.631e-2,2.209e-15,1.487e-19,2.105e-22,6.212e-1,2.872e-17,6.848e-1,1.393e-17,6.134e-1,2.333e+0,9.260e-18,,1.011e-2,,,9.523e-2,,,1.285e-19,,1.396e-18,,6.543e-19,,1.876e-1,,4.485e-18,,5.753e-3,2.323e-16
541.72,2.100e+2,3.838e-20,1.139e-26,6.683e-40,2.720e-34,,,3.225e-18,2.068e-21,,2.276e-15,1.605e-18,1.498e-24,9.705e-18,2.345e-21,8.018e-30,2.717e-20,3.192e-26,,1.560e-18,2.242e-19,2.735e-38,1.306e+0,,1.495e-26,3.650e-1,,1.457e-19,1.483e-20,2.040e+2,5.099e-2,1.643e-15,1.487e-19,2.104e-22,7.169e-1,2.856e-17,6.683e-1,1.395e-17,6.548e-1,2.000e+0,9.250e-18,,1.340e-2,,,1.110e-1,,,1.282e-19,,1.396e-18,,6.542e-19,,1.757e-1,,4.480e-18,,4.330e-3,2.323e-16
541.74,2.029e+2,3.834e-20,1.130e-26,6.696e-40,2.719e-34,,,3.218e-18,2.070e-21,,2.276e-15,1.607e-18,1.498e-24,9.705e-18,2.325e-21,1.246e-29,2.717e-20,3.192e-26,,1.558e-18,2.245e-19,2.737e-38,1.382e+0,,1.495e-26,3.309e-1,,1.458e-19,1.483e-20,1.969e+2,4.772e-2,1.344e-15,1.487e-19,2.104e-22,7.863e-1,2.845e-17,6.557e-1,1.397e-17,6.818e-1,1.799e+0,9.244e-18,,1.611e-2,,,1.235e-1,,,1.281e-19,,1.396e-18,,6.542e-19,,1.676e-1,,4.476e-18,,3.571e-3,2.323e-16
541.77,1.919e+2,3.827e-20,1.116e-26,6.714e-40,2.719e-34,,,3.208e-18,2.071e-21,,2.275e-15,1.609e-18,1.499e-24,9.704e-18,2.294e-21,2.404e-29,2.716e-20,3.190e-26,,1.555e-18,2.251e-19,2.740e-38,1.503e+0,,1.496e-26,2.842e-1,,1.459e-19,1.483e-20,1.859e+2,4.324e-2,9.901e-16,1.487e-19,2.103e-22,8.987e-1,2.828e-17,6.345e-1,1.399e-17,7.208e-1,1.527e+0,9.234e-18,,2.113e-2,,,1.455e-1,,,1.279e-19,,1.396e-18,,6.541e-19,,1.555e-1,,4.471e-18,,2.662e-3,2.324e-16
541.79,1.844e+2,3.822e-20,1.107e-26,6.726e-40,2.719e-34,,,3.201e-18,2.073e-21,,2.275e-15,1.610e-18,1.500e-24,9.704e-18,2.273e-21,3.713e-29,2.715e-20,3.189e-26,,1.553e-18,2.254e-19,2.742e-38,1.586e+0,,1.496e-26,2.560e-1,,1.460e-19,1.483e-20,1.785e+2,4.056e-2,8.049e-16,1.487e-19,2.102e-22,9.792e-1,2.817e-17,6.191e-1,1.401e-17,7.457e-1,1.365e+0,9.228e-18,,2.523e-2,,,1.624e-1,,,1.277e-19,,1.396e-18,,6.541e-19,,1.474e-1,,4.467e-18,,2.181e-3,2.324e-16
541.82,1.732e+2,3.815e-20,1.094e-26,6.744e-40,2.719e-34,,,3.191e-18,2.074e-21,,2.275e-15,1.612e-18,1.501e-24,9.704e-18,2.242e-21,7.093e-29,2.715e-20,3.188e-26,,1.551e-18,2.260e-19,2.745e-38,1.715e+0,,1.497e-26,2.178e-1,,1.462e-19,1.483e-20,1.673e+2,3.702e-2,5.870e-16,1.488e-19,2.101e-22,1.108e+0,2.801e-17,5.944e-1,1.403e-17,7.807e-1,1.147e+0,9.218e-18,,3.278e-2,,,1.914e-1,,,1.275e-19,,1.396e-18,,6.540e-19,,1.353e-1,,4.462e-18,,1.610e-3,2.324e-16
541.84,1.657e+2,3.811e-20,1.085e-26,6.757e-40,2.719e-34,,,3.184e-18,2.076e-21,,2.274e-15,1.614e-18,1.501e-24,9.704e-18,2.222e-21,1.088e-28,2.714e-20,3.187e-26,,1.549e-18,2.264e-19,2.746e-38,1.803e+0,,1.497e-26,1.949e-1,,1.462e-19,1.483e-20,1.597e+2,3.500e-2,4.741e-16,1.488e-19,2.101e-22,1.200e+0,2.790e-17,5.771e-1,1.404e-17,8.023e-1,1.019e+0,9.212e-18,,3.890e-2,,,2.132e-1,,,1.273e-19,,1.397e-18,,6.539e-19,,1.274e-1,,4.458e-18,,1.310e-3,2.324e-16
541.87,1.546e+2,3.804e-20,1.071e-26,6.775e-40,2.719e-34,,,3.174e-18,2.077e-21,,2.274e-15,1.616e-18,1.502e-24,9.704e-18,2.191e-21,2.059e-28,2.714e-20,3.186e-26,,1.546e-18,2.269e-19,2.749e-38,1.936e+0,,1.498e-26,1.641e-1,,1.464e-19,1.484e-20,1.484e+2,3.251e-2,3.424e-16,1.488e-19,2.100e-22,1.345e+0,2.773e-17,5.503e-1,1.406e-17,8.318e-1,8.479e-1,9.202e-18,,5.005e-2,,,2.498e-1,,,1.271e-19,,1.397e-18,,6.539e-19,,1.159e-1,,4.452e-18,,9.575e-4,2.325e-16
541.89,1.472e+2,3.799e-20,1.062e-26,6.787e-40,2.719e-34,,,3.167e-18,2.079e-21,,2.274e-15,1.617e-18,1.503e-24,9.704e-18,2.170e-21,3.140e-28,2.713e-20,3.185e-26,,1.544e-18,2.273e-19,2.751e-38,2.025e+0,,1.498e-26,1.459e-1,,1.465e-19,1.484e-20,1.410e+2,3.122e-2,2.747e-16,1.488e-19,2.100e-22,1.446e+0,2.762e-17,5.322e-1,1.408e-17,8.494e-1,7.479e-1,9.195e-18,,5.901e-2,,,2.771e-1,,,1.269e-19,,1.397e-18,,6.538e-19,,1.084e-1,,4.449e-18,,7.743e-4,2.325e-16
541.91,1.400e+2,3.794e-20,1.053e-26,6.799e-40,2.719e-34,,,3.160e-18,2.080e-21,,2.273e-15,1.619e-18,1.504e-24,9.704e-18,2.150e-21,4.775e-28,2.713e-20,3.184e-26,,1.542e-18,2.277e-19,2.753e-38,2.113e+0,,1.499e-26,1.294e-1,,1.465e-19,1.484e-20,1.336e+2,3.024e-2,2.198e-16,1.488e-19,2.099e-22,1.552e+0,2.751e-17,5.140e-1,1.409e-17,8.650e-1,6.580e-1,9.189e-18,,6.939e-2,,,3.066e-1,,,1.268e-19,,1.397e-18,,6.538e-19,,1.012e-1,,4.445e-18,,6.245e-4,2.325e-16
541.94,1.294e+2,3.788e-20,1.040e-26,6.818e-40,2.718e-34,,,3.150e-18,2.082e-21,,2.273e-15,1.621e-18,1.505e-24,9.703e-18,2.119e-21,8.913e-28,2.712e-20,3.183e-26,,1.539e-18,2.282e-19,2.756e-38,2.243e+0,,1.499e-26,1.075e-1,,1.467e-19,1.484e-20,1.228e+2,2.936e-2,1.566e-16,1.489e-19,2.098e-22,1.716e+0,2.735e-17,4.869e-1,1.412e-17,8.846e-1,5.402e-1,9.179e-18,,8.806e-2,,,3.555e-1,,,1.265e-19,,1.397e-18,,6.537e-19,,9.077e-2,,4.440e-18,,4.502e-4,2.326e-16
541.96,1.225e+2,3.783e-20,1.030e-26,6.830e-40,2.718e-34,,,3.143e-18,2.083e-21,,2.273e-15,1.622e-18,1.505e-24,9.703e-18,2.098e-21,1.347e-27,2.712e-20,3.182e-26,,1.538e-18,2.286e-19,2.758e-38,2.327e+0,,1.500e-26,9.469e-2,,1.468e-19,1.484e-20,1.158e+2,2.920e-2,1.245e-16,1.489e-19,2.098e-22,1.828e+0,2.724e-17,4.693e-1,1.413e-17,8.951e-1,4.722e-1,9.173e-18,,1.029e-1,,,3.911e-1,,,1.264e-19,,1.397e-18,,6.536e-19,,8.415e-2,,4.436e-18,,3.607e-4,2.326e-16
541.99,1.126e+2,3.776e-20,1.017e-26,6.848e-40,2.718e-34,,,3.133e-18,2.085e-21,,2.272e-15,1.624e-18,1.506e-24,9.703e-18,2.067e-21,2.490e-27,2.711e-20,3.180e-26,,1.535e-18,2.291e-19,2.761e-38,2.447e+0,,1.500e-26,7.791e-2,,1.469e-19,1.485e-20,1.056e+2,2.961e-2,8.779e-17,1.489e-19,2.097e-22,2.002e+0,2.708e-17,4.439e-1,1.415e-17,9.065e-1,3.839e-1,9.163e-18,,1.293e-1,,,4.493e-1,,,1.261e-19,,1.397e-18,,6.535e-19,,7.475e-2,,4.431e-18,,2.575e-4,2.326e-16
542.01,1.062e+2,3.771e-20,1.008e-26,6.860e-40,2.718e-34,,,3.126e-18,2.086e-21,,2.272e-15,1.626e-18,1.507e-24,9.703e-18,2.047e-21,3.739e-27,2.711e-20,3.179e-26,,1.533e-18,2.295e-19,2.763e-38,2.524e+0,,1.501e-26,6.818e-2,,1.470e-19,1.485e-20,9.911e+1,3.034e-2,6.934e-17,1.489e-19,2.096e-22,2.120e+0,2.697e-17,4.279e-1,1.417e-17,9.112e-1,3.334e-1,9.157e-18,,1.501e-1,,,4.913e-1,,,1.260e-19,,1.398e-18,,6.535e-19,,6.884e-2,,4.427e-18,,2.050e-4,2.326e-16
542.04,9.720e+1,3.765e-20,9.945e-27,6.879e-40,2.718e-34,,,3.115e-18,2.088e-21,,2.271e-15,1.628e-18,1.508e-24,9.703e-18,2.016e-21,6.845e-27,2.710e-20,3.178e-26,,1.530e-18,2.300e-19,2.766e-38,2.630e+0,,1.502e-26,5.555e-2,,1.471e-19,1.485e-20,8.979e+1,3.214e-2,4.843e-17,1.489e-19,2.096e-22,2.299e+0,2.680e-17,4.056e-1,1.419e-17,9.139e-1,2.684e-1,9.147e-18,,1.868e-1,,,5.591e-1,,,1.257e-19,,1.398e-18,,6.534e-19,,6.056e-2,,4.421e-18,,1.449e-4,2.327e-16
542.06,9.150e+1,3.760e-20,9.855e-27,6.891e-40,2.718e-34,,,3.109e-18,2.089e-21,,2.271e-15,1.629e-18,1.508e-24,9.703e-18,1.995e-21,1.021e-26,2.710e-20,3.177e-26,,1.528e-18,2.304e-19,2.768e-38,2.695e+0,,1.502e-26,4.830e-2,,1.472e-19,1.485e-20,8.389e+1,3.384e-2,3.800e-17,1.489e-19,2.095e-22,2.418e+0,2.669e-17,3.922e-1,1.421e-17,9.127e-1,2.315e-1,9.141e-18,,2.155e-1,,,6.075e-1,,,1.256e-19,,1.398e-18,,6.534e-19,,5.541e-2,,4.418e-18,,1.146e-4,2.327e-16
542.09,8.348e+1,3.753e-20,9.720e-27,6.909e-40,2.718e-34,,,3.098e-18,2.091e-21,,2.271e-15,1.631e-18,1.509e-24,9.702e-18,1.965e-21,1.852e-26,2.709e-20,3.176e-26,,1.525e-18,2.310e-19,2.771e-38,2.783e+0,,1.503e-26,3.896e-2,,1.473e-19,1.485e-20,7.556e+1,3.716e-2,2.628e-17,1.490e-19,2.094e-22,2.597e+0,2.653e-17,3.745e-1,1.423e-17,9.065e-1,1.846e-1,9.131e-18,,2.656e-1,,,6.848e-1,,,1.254e-19,,1.398e-18,,6.533e-19,,4.827e-2,,4.412e-18,,8.018e-5,2.327e-16
542.11,7.850e+1,3.748e-20,9.630e-27,6.921e-40,2.718e-34,,,3.091e-18,2.092e-21,,2.270e-15,1.633e-18,1.510e-24,9.702e-18,1.944e-21,2.745e-26,2.709e-20,3.175e-26,,1.524e-18,2.313e-19,2.773e-38,2.834e+0,,1.503e-26,3.366e-2,,1.474e-19,1.486e-20,7.037e+1,3.992e-2,2.049e-17,1.490e-19,2.094e-22,2.714e+0,2.642e-17,3.645e-1,1.424e-17,8.994e-1,1.582e-1,9.124e-18,,3.043e-1,,,7.393e-1,,,1.252e-19,,1.398e-18,,6.532e-19,,4.388e-2,,4.409e-18,,6.300e-5,2.327e-16
542.14,7.158e+1,3.741e-20,9.494e-27,6.939e-40,2.717e-34,,,3.081e-18,2.094e-21,,2.270e-15,1.635e-18,1.511e-24,9.702e-18,1.913e-21,4.930e-26,2.708e-20,3.174e-26,,1.521e-18,2.319e-19,2.776e-38,2.898e+0,,1.504e-26,2.689e-2,,1.475e-19,1.486e-20,6.313e+1,4.489e-2,1.403e-17,1.490e-19,2.093e-22,2.886e+0,2.625e-17,3.525e-1,1.426e-17,8.846e-1,1.249e-1,9.115e-18,,3.715e-1,,,8.253e-1,,,1.250e-19,,1.398e-18,,6.532e-19,,3.785e-2,,4.403e-18,,4.366e-5,2.328e-16
542.16,6.735e+1,3.737e-20,9.404e-27,6.952e-40,2.717e-34,,,3.074e-18,2.095e-21,,2.270e-15,1.636e-18,1.511e-24,9.702e-18,1.893e-21,7.260e-26,2.708e-20,3.173e-26,,1.519e-18,2.322e-19,2.778e-38,2.932e+0,,1.504e-26,2.307e-2,,1.476e-19,1.486e-20,5.868e+1,4.879e-2,1.086e-17,1.490e-19,2.092e-22,2.997e+0,2.614e-17,3.466e-1,1.428e-17,8.721e-1,1.063e-1,9.108e-18,,4.229e-1,,,8.852e-1,,,1.248e-19,,1.399e-18,,6.531e-19,,3.419e-2,,4.399e-18,,3.408e-5,2.328e-16
542.19,6.158e+1,3.730e-20,9.269e-27,6.970e-40,2.717e-34,,,3.064e-18,2.097e-21,,2.269e-15,1.638e-18,1.512e-24,9.702e-18,1.862e-21,1.291e-25,2.707e-20,3.171e-26,,1.516e-18,2.328e-19,2.780e-38,2.970e+0,,1.505e-26,1.825e-2,,1.477e-19,1.486e-20,5.258e+1,5.554e-2,7.368e-18,1.490e-19,2.092e-22,3.156e+0,2.598e-17,3.413e-1,1.430e-17,8.494e-1,8.314e-2,9.099e-18,,5.113e-1,,,9.786e-1,,,1.246e-19,,1.399e-18,,6.530e-19,,2.920e-2,,4.394e-18,,2.339e-5,2.328e-16
542.21,5.810e+1,3.725e-20,9.179e-27,6.982e-40,2.717e-34,,,3.057e-18,2.098e-21,,2.269e-15,1.640e-18,1.513e-24,9.702e-18,1.841e-21,1.890e-25,2.707e-20,3.170e-26,,1.514e-18,2.332e-19,2.782e-38,2.986e+0,,1.505e-26,1.556e-2,,1.478e-19,1.486e-20,4.890e+1,6.067e-2,5.668e-18,1.490e-19,2.091e-22,3.256e+0,2.587e-17,3.401e-1,1.432e-17,8.318e-1,7.033e-2,9.092e-18,,5.783e-1,,,1.043e+0,,,1.244e-19,,1.399e-18,,6.530e-19,,2.620e-2,,4.390e-18,,1.814e-5,2.329e-16
542.24,5.346e+1,3.718e-20,9.044e-27,7.000e-40,2.717e-34,,,3.047e-18,2.099e-21,,2.269e-15,1.642e-18,1.514e-24,9.701e-18,1.810e-21,3.329e-25,2.706e-20,3.169e-26,,1.511e-18,2.337e-19,2.785e-38,2.996e+0,,1.506e-26,1.219e-2,,1.480e-19,1.487e-20,4.393e+1,6.932e-2,3.806e-18,1.491e-19,2.090e-22,3.395e+0,2.571e-17,3.421e-1,1.434e-17,8.023e-1,5.445e-2,9.083e-18,,6.923e-1,,,1.142e+0,,,1.242e-19,,1.399e-18,,6.529e-19,,2.216e-2,,4.385e-18,,1.232e-5,2.329e-16
542.26,5.073e+1,3.714e-20,8.954e-27,7.013e-40,2.717e-34,,,3.040e-18,2.101e-21,,2.268e-15,1.643e-18,1.514e-24,9.701e-18,1.790e-21,4.841e-25,2.705e-20,3.168e-26,,1.510e-18,2.341e-19,2.787e-38,2.993e+0,,1.506e-26,1.033e-2,,1.480e-19,1.487e-20,4.099e+1,7.574e-2,2.909e-18,1.491e-19,2.090e-22,3.480e+0,2.560e-17,3.460e-1,1.435e-17,7.807e-1,4.576e-2,9.076e-18,,7.780e-1,,,1.209e+0,,,1.240e-19,,1.399e-18,,6.529e-19,,1.976e-2,,4.381e-18,,9.494e-6,2.329e-16
542.28,4.829e+1,3.709e-20,8.864e-27,7.025e-40,2.717e-34,,,3.033e-18,2.102e-21,,2.268e-15,1.644e-18,1.515e-24,9.701e-18,1.769e-21,7.020e-25,2.705e-20,3.167e-26,,1.508e-18,2.345e-19,2.789e-38,2.983e+0,,1.507e-26,8.724e-3,,1.481e-19,1.487e-20,3.834e+1,8.269e-2,2.218e-18,1.491e-19,2.089e-22,3.558e+0,2.549e-17,3.519e-1,1.437e-17,7.576e-1,3.835e-2,9.070e-18,,8.721e-1,,,1.277e+0,,,1.239e-19,,1.399e-18,,6.528e-19,,1.757e-2,,4.378e-18,,7.295e-6,2.329e-16
542.31,4.514e+1,3.702e-20,8.729e-27,7.043e-40,2.717e-34,,,3.023e-18,2.104e-21,,2.268e-15,1.647e-18,1.516e-24,9.701e-18,1.738e-21,1.220e-24,2.704e-20,3.166e-26,,1.505e-18,2.350e-19,2.792e-38,2.954e+0,,1.507e-26,6.741e-3,,1.483e-19,1.487e-20,3.489e+1,9.412e-2,1.469e-18,1.491e-19,2.088e-22,3.660e+0,2.532e-17,3.648e-1,1.439e-17,7.208e-1,2.929e-2,9.060e-18,,1.030e+0,,,1.379e+0,,,1.236e-19,,1.400e-18,,6.527e-19,,1.466e-2,,4.372e-18,,4.889e-6,2.330e-16
542.33,4.338e+1,3.698e-20,8.639e-27,7.055e-40,2.717e-34,,,3.016e-18,2.105e-21,,2.267e-15,1.648e-18,1.517e-24,9.701e-18,1.718e-21,1.758e-24,2.704e-20,3.165e-26,,1.503e-18,2.354e-19,2.794e-38,2.925e+0,,1.508e-26,5.658e-3,,1.483e-19,1.487e-20,3.293e+1,1.024e-1,1.112e-18,1.491e-19,2.088e-22,3.718e+0,2.521e-17,3.760e-1,1.440e-17,6.950e-1,2.439e-2,9.054e-18,,1.147e+0,,,1.447e+0,,,1.235e-19,,1.400e-18,,6.527e-19,,1.295e-2,,4.368e-18,,3.732e-6,2.330e-16
542.36,4.121e+1,3.691e-20,8.504e-27,7.074e-40,2.716e-34,,,3.006e-18,2.107e-21,,2.267e-15,1.650e-18,1.518e-24,9.701e-18,1.687e-21,3.027e-24,2.703e-20,3.164e-26,,1.500e-18,2.359e-19,2.797e-38,2.869e+0,,1.508e-26,4.329e-3,,1.485e-19,1.488e-20,3.047e+1,1.158e-1,7.296e-19,1.491e-19,2.087e-22,3.787e+0,2.505e-17,3.967e-1,1.443e-17,6.548e-1,1.844e-2,9.044e-18,,1.341e+0,,,1.547e+0,,,1.232e-19,,1.400e-18,,6.526e-19,,1.070e-2,,4.363e-18,,2.477e-6,2.330e-16
542.38,4.007e+1,3.686e-20,8.414e-27,7.086e-40,2.716e-34,,,2.999e-18,2.108e-21,,2.267e-15,1.651e-18,1.518e-24,9.701e-18,1.666e-21,4.333e-24,2.703e-20,3.163e-26,,1.498e-18,2.363e-19,2.799e-38,2.824e+0,,1.509e-26,3.610e-3,,1.486e-19,1.488e-20,2.913e+1,1.254e-1,5.489e-19,1.492e-19,2.087e-22,3.822e+0,2.494e-17,4.130e-1,1.444e-17,6.273e-1,1.526e-2,9.037e-18,,1.484e+0,,,1.613e+0,,,1.231e-19,,1.400e-18,,6.526e-19,,9.388e-3,,4.359e-18,,1.879e-6,2.331e-16
542.41,3.877e+1,3.679e-20,8.279e-27,7.104e-40,2.716e-34,,,2.989e-18,2.110e-21,,2.266e-15,1.653e-18,1.519e-24,9.700e-18,1.635e-21,7.388e-24,2.702e-20,3.161e-26,,1.496e-18,2.368e-19,2.802e-38,2.746e+0,,1.509e-26,2.735e-3,,1.487e-19,1.488e-20,2.756e+1,1.408e-1,3.565e-19,1.492e-19,2.086e-22,3.855e+0,2.477e-17,4.410e-1,1.446e-17,5.853e-1,1.142e-2,9.028e-18,,1.719e+0,,,1.709e+0,,,1.229e-19,,1.400e-18,,6.525e-19,,7.681e-3,,4.354e-18,,1.235e-6,2.331e-16
542.43,3.817e+1,3.675e-20,8.189e-27,7.116e-40,2.716e-34,,,2.982e-18,2.111e-21,,2.266e-15,1.655e-18,1.520e-24,9.700e-18,1.615e-21,1.051e-23,2.702e-20,3.160e-26,,1.494e-18,2.372e-19,2.804e-38,2.686e+0,,1.510e-26,2.266e-3,,1.488e-19,1.488e-20,2.677e+1,1.516e-1,2.665e-19,1.492e-19,2.085e-22,3.865e+0,2.467e-17,4.620e-1,1.448e-17,5.570e-1,9.389e-3,9.021e-18,,1.890e+0,,,1.770e+0,,,1.227e-19,,1.400e-18,,6.524e-19,,6.697e-3,,4.350e-18,,9.301e-7,2.331e-16
542.46,3.764e+1,3.668e-20,8.053e-27,7.135e-40,2.716e-34,,,2.972e-18,2.113e-21,,2.265e-15,1.657e-18,1.521e-24,9.700e-18,1.584e-21,1.775e-23,2.701e-20,3.159e-26,,1.491e-18,2.378e-19,2.807e-38,2.589e+0,,1.510e-26,1.700e-3,,1.489e-19,1.488e-20,2.597e+1,1.687e-1,1.714e-19,1.492e-19,2.085e-22,3.862e+0,2.450e-17,4.968e-1,1.450e-17,5.146e-1,6.962e-3,9.012e-18,,2.167e+0,,,1.856e+0,,,1.225e-19,,1.401e-18,,6.524e-19,,5.426e-3,,4.345e-18,,6.053e-7,2.331e-16
542.48,3.751e+1,3.663e-20,7.963e-27,7.147e-40,2.716e-34,,,2.965e-18,2.114e-21,,2.265e-15,1.658e-18,1.521e-24,9.700e-18,1.563e-21,2.508e-23,2.701e-20,3.158e-26,,1.489e-18,2.381e-19,2.809e-38,2.519e+0,,1.511e-26,1.399e-3,,1.490e-19,1.489e-20,2.566e+1,1.806e-1,1.272e-19,1.492e-19,2.084e-22,3.847e+0,2.439e-17,5.220e-1,1.452e-17,4.866e-1,5.684e-3,9.005e-18,,2.367e+0,,,1.910e+0,,,1.223e-19,,1.401e-18,,6.523e-19,,4.700e-3,,4.341e-18,,4.531e-7,2.332e-16
542.51,3.761e+1,3.656e-20,7.828e-27,7.165e-40,2.716e-34,,,2.955e-18,2.116e-21,,2.265e-15,1.660e-18,1.522e-24,9.700e-18,1.532e-21,4.195e-23,2.700e-20,3.157e-26,,1.486e-18,2.387e-19,2.812e-38,2.408e+0,,1.511e-26,1.040e-3,,1.491e-19,1.489e-20,2.551e+1,1.991e-1,8.103e-20,1.492e-19,2.083e-22,3.806e+0,2.423e-17,5.624e-1,1.454e-17,4.452e-1,4.174e-3,8.995e-18,,2.689e+0,,,1.984e+0,,,1.221e-19,,1.401e-18,,6.522e-19,,3.771e-3,,4.336e-18,,2.919e-7,2.332e-16
542.53,3.786e+1,3.652e-20,7.738e-27,7.177e-40,2.716e-34,,,2.948e-18,2.117e-21,,2.264e-15,1.662e-18,1.523e-24,9.700e-18,1.512e-21,5.892e-23,2.700e-20,3.156e-26,,1.484e-18,2.391e-19,2.813e-38,2.331e+0,,1.512e-26,8.500e-4,,1.492e-19,1.489e-20,2.559e+1,2.118e-1,5.978e-20,1.493e-19,2.083e-22,3.766e+0,2.412e-17,5.909e-1,1.455e-17,4.183e-1,3.386e-3,8.989e-18,,2.918e+0,,,2.028e+0,,,1.219e-19,,1.401e-18,,6.522e-19,,3.245e-3,,4.332e-18,,2.171e-7,2.332e-16
542.56,3.849e+1,3.645e-20,7.603e-27,7.195e-40,2.715e-34,,,2.938e-18,2.119e-21,,2.264e-15,1.664e-18,1.524e-24,9.699e-18,1.481e-21,9.758e-23,2.699e-20,3.155e-26,,1.482e-18,2.396e-19,2.816e-38,2.212e+0,,1.512e-26,6.253e-4,,1.493e-19,1.489e-20,2.596e+1,2.314e-1,3.769e-20,1.493e-19,2.082e-22,3.690e+0,2.395e-17,6.356e-1,1.457e-17,3.790e-1,2.462e-3,8.979e-18,,3.282e+0,,,2.086e+0,,,1.217e-19,,1.401e-18,,6.521e-19,,2.578e-3,,4.327e-18,,1.385e-7,2.333e-16
542.58,3.905e+1,3.640e-20,7.513e-27,7.208e-40,2.715e-34,,,2.931e-18,2.120e-21,,2.264e-15,1.665e-18,1.524e-24,9.699e-18,1.460e-21,1.362e-22,2.699e-20,3.154e-26,,1.480e-18,2.400e-19,2.818e-38,2.132e+0,,1.513e-26,5.080e-4,,1.494e-19,1.489e-20,2.636e+1,2.446e-1,2.763e-20,1.493e-19,2.081e-22,3.628e+0,2.384e-17,6.664e-1,1.459e-17,3.537e-1,1.984e-3,8.973e-18,,3.539e+0,,,2.119e+0,,,1.215e-19,,1.401e-18,,6.521e-19,,2.204e-3,,4.323e-18,,1.023e-7,2.333e-16
542.61,4.007e+1,3.633e-20,7.378e-27,7.226e-40,2.715e-34,,,2.920e-18,2.122e-21,,2.263e-15,1.667e-18,1.525e-24,9.699e-18,2.927e-21,2.234e-22,2.698e-20,3.152e-26,,1.477e-18,2.405e-19,2.821e-38,2.012e+0,,1.513e-26,3.701e-4,,1.495e-19,1.490e-20,2.713e+1,2.646e-1,1.725e-20,1.493e-19,2.081e-22,3.520e+0,2.368e-17,7.138e-1,1.461e-17,3.174e-1,1.428e-3,8.963e-18,,3.942e+0,,,2.159e+0,,,1.213e-19,,1.402e-18,,6.520e-19,,1.734e-3,,4.317e-18,,6.466e-8,2.333e-16
542.63,4.085e+1,3.629e-20,7.288e-27,7.238e-40,2.715e-34,,,2.914e-18,2.123e-21,,2.263e-15,1.669e-18,1.526e-24,9.699e-18,4.639e-21,3.097e-22,2.698e-20,3.151e-26,,1.475e-18,2.409e-19,2.823e-38,1.932e+0,,1.514e-26,2.987e-4,,1.496e-19,1.490e-20,2.776e+1,2.780e-1,1.256e-20,1.493e-19,2.080e-22,3.439e+0,2.357e-17,7.458e-1,1.463e-17,2.943e-1,1.144e-3,8.957e-18,,4.223e+0,,,2.178e+0,,,1.211e-19,,1.402e-18,,6.519e-19,,1.473e-3,,4.314e-18,,4.746e-8,2.333e-16
542.66,4.215e+1,3.622e-20,7.153e-27,7.256e-40,2.715e-34,,,2.903e-18,2.125e-21,,2.262e-15,1.671e-18,1.527e-24,9.699e-18,9.209e-21,5.032e-22,2.697e-20,3.150e-26,,1.472e-18,2.414e-19,2.826e-38,1.815e+0,,1.515e-26,2.155e-4,,1.498e-19,1.490e-20,2.882e+1,2.978e-1,7.765e-21,1.494e-19,2.079e-22,3.304e+0,2.340e-17,7.941e-1,1.465e-17,2.615e-1,8.155e-4,8.947e-18,,4.659e+0,,,2.198e+0,,,1.209e-19,,1.402e-18,,6.519e-19,,1.148e-3,,4.308e-18,,2.969e-8,2.334e-16
542.68,4.308e+1,3.617e-20,7.063e-27,7.269e-40,2.715e-34,,,2.897e-18,2.126e-21,,2.262e-15,1.672e-18,1.528e-24,9.699e-18,1.450e-20,6.932e-22,2.697e-20,3.149e-26,,1.470e-18,2.418e-19,2.828e-38,1.740e+0,,1.515e-26,1.728e-4,,1.499e-19,1.490e-20,2.959e+1,3.108e-1,5.617e-21,1.494e-19,2.079e-22,3.206e+0,2.330e-17,8.261e-1,1.466e-17,2.409e-1,6.487e-4,8.941e-18,,4.958e+0,,,2.203e+0,,,1.207e-19,,1.402e-18,,6.518e-19,,9.686e-4,,4.305e-18,,2.165e-8,2.334e-16
542.7,4.405e+1,3.612e-20,6.973e-27,7.281e-40,2.715e-34,,,2.890e-18,2.127e-21,,2.262e-15,1.674e-18,1.528e-24,9.699e-18,2.277e-20,9.525e-22,2.696e-20,3.148e-26,,1.468e-18,2.422e-19,2.830e-38,1.667e+0,,1.515e-26,1.382e-4,,1.499e-19,1.490e-20,3.041e+1,3.236e-1,4.053e-21,1.494e-19,2.078e-22,3.104e+0,2.319e-17,8.577e-1,1.468e-17,2.213e-1,5.146e-4,8.934e-18,,5.262e+0,,,2.203e+0,,,1.206e-19,,1.402e-18,,6.518e-19,,8.153e-4,,4.301e-18,,1.574e-8,2.334e-16
542.73,4.555e+1,3.606e-20,6.838e-27,7.299e-40,2.715e-34,,,2.879e-18,2.129e-21,,2.261e-15,1.676e-18,1.529e-24,9.698e-18,4.460e-20,1.527e-21,2.696e-20,3.147e-26,,1.466e-18,2.427e-19,2.833e-38,1.565e+0,,1.516e-26,9.831e-5,,1.501e-19,1.491e-20,3.169e+1,3.420e-1,2.471e-21,1.494e-19,2.077e-22,2.942e+0,2.302e-17,9.039e-1,1.470e-17,1.940e-1,3.619e-4,8.925e-18,,5.727e+0,,,2.193e+0,,,1.204e-19,,1.402e-18,,6.517e-19,,6.265e-4,,4.295e-18,,9.716e-9,2.334e-16
542.75,4.657e+1,3.601e-20,6.748e-27,7.311e-40,2.715e-34,,,2.873e-18,2.130e-21,,2.261e-15,1.677e-18,1.530e-24,9.698e-18,6.960e-20,2.085e-21,2.695e-20,3.146e-26,,1.464e-18,2.431e-19,2.835e-38,1.501e+0,,1.516e-26,7.810e-5,,1.502e-19,1.491e-20,3.256e+1,3.537e-1,1.771e-21,1.494e-19,2.077e-22,2.829e+0,2.291e-17,9.337e-1,1.472e-17,1.771e-1,2.853e-4,8.918e-18,,6.040e+0,,,2.178e+0,,,1.202e-19,,1.402e-18,,6.516e-19,,5.239e-4,,4.292e-18,,7.019e-9,2.335e-16
542.78,4.810e+1,3.594e-20,6.612e-27,7.330e-40,2.714e-34,,,2.862e-18,2.132e-21,,2.261e-15,1.679e-18,1.531e-24,9.698e-18,1.350e-19,3.310e-21,2.694e-20,3.145e-26,,1.461e-18,2.437e-19,2.838e-38,1.413e+0,,1.517e-26,5.504e-5,,1.503e-19,1.491e-20,3.387e+1,3.703e-1,1.070e-21,1.494e-19,2.076e-22,2.655e+0,2.275e-17,9.762e-1,1.474e-17,1.537e-1,1.987e-4,8.908e-18,,6.510e+0,,,2.147e+0,,,1.200e-19,,1.403e-18,,6.516e-19,,3.987e-4,,4.286e-18,,4.289e-9,2.335e-16
542.8,4.910e+1,3.589e-20,6.522e-27,7.342e-40,2.714e-34,,,2.855e-18,2.133e-21,,2.260e-15,1.681e-18,1.531e-24,9.698e-18,2.093e-19,4.490e-21,2.694e-20,3.144e-26,,1.459e-18,2.440e-19,2.840e-38,1.361e+0,,1.517e-26,4.344e-5,,1.504e-19,1.491e-20,3.474e+1,3.805e-1,7.617e-22,1.494e-19,2.076e-22,2.537e+0,2.264e-17,1.003e+0,1.475e-17,1.394e-1,1.556e-4,8.902e-18,,6.821e+0,,,2.119e+0,,,1.198e-19,,1.403e-18,,6.515e-19,,3.312e-4,,4.283e-18,,3.079e-9,2.335e-16
542.83,5.055e+1,3.583e-20,6.387e-27,7.360e-40,2.714e-34,,,2.845e-18,2.135e-21,,2.260e-15,1.683e-18,1.532e-24,9.698e-18,4.022e-19,7.059e-21,2.693e-20,3.142e-26,,1.456e-18,2.446e-19,2.843e-38,1.292e+0,,1.518e-26,3.031e-5,,1.505e-19,1.491e-20,3.600e+1,3.945e-1,4.554e-22,1.495e-19,2.075e-22,2.358e+0,2.247e-17,1.040e+0,1.477e-17,1.198e-1,1.073e-4,8.892e-18,,7.280e+0,,,2.068e+0,,,1.196e-19,,1.403e-18,,6.514e-19,,2.496e-4,,4.277e-18,,1.863e-9,2.336e-16
542.85,5.148e+1,3.578e-20,6.297e-27,7.372e-40,2.714e-34,,,2.838e-18,2.136e-21,,2.260e-15,1.684e-18,1.533e-24,9.698e-18,6.197e-19,9.515e-21,2.693e-20,3.141e-26,,1.454e-18,2.449e-19,2.845e-38,1.252e+0,,1.518e-26,2.377e-5,,1.506e-19,1.491e-20,3.681e+1,4.028e-1,3.222e-22,1.495e-19,2.074e-22,2.239e+0,2.236e-17,1.062e+0,1.479e-17,1.080e-1,8.346e-5,8.886e-18,,7.579e+0,,,2.028e+0,,,1.194e-19,,1.403e-18,,6.514e-19,,2.060e-4,,4.274e-18,,1.328e-9,2.336e-16
542.88,5.278e+1,3.571e-20,6.162e-27,7.391e-40,2.714e-34,,,2.828e-18,2.138e-21,,2.259e-15,1.686e-18,1.534e-24,9.697e-18,1.179e-18,1.482e-20,2.692e-20,3.140e-26,,1.452e-18,2.455e-19,2.847e-38,1.204e+0,,1.519e-26,1.642e-5,,1.507e-19,1.492e-20,3.795e+1,4.135e-1,1.908e-22,1.495e-19,2.073e-22,2.061e+0,2.220e-17,1.093e+0,1.481e-17,9.190e-2,5.699e-5,8.876e-18,,8.011e+0,,,1.960e+0,,,1.192e-19,,1.403e-18,,6.513e-19,,1.537e-4,,4.268e-18,,7.959e-10,2.336e-16
542.9,5.358e+1,3.566e-20,6.072e-27,7.403e-40,2.714e-34,,,2.821e-18,2.139e-21,,2.259e-15,1.688e-18,1.534e-24,9.697e-18,1.805e-18,1.984e-20,2.692e-20,3.139e-26,,1.450e-18,2.459e-19,2.849e-38,1.179e+0,,1.520e-26,1.279e-5,,1.508e-19,1.492e-20,3.865e+1,4.194e-1,1.341e-22,1.495e-19,2.073e-22,1.944e+0,2.209e-17,1.110e+0,1.483e-17,8.227e-2,4.405e-5,8.870e-18,,8.285e+0,,,1.910e+0,,,1.190e-19,,1.403e-18,,6.513e-19,,1.261e-4,,4.264e-18,,5.638e-10,2.336e-16
542.93,5.466e+1,3.560e-20,5.937e-27,7.421e-40,2.714e-34,,,2.811e-18,2.141e-21,,2.259e-15,1.690e-18,1.535e-24,9.697e-18,3.402e-18,3.061e-20,2.691e-20,3.138e-26,,1.447e-18,2.464e-19,2.852e-38,1.152e+0,,1.520e-26,8.755e-6,,1.509e-19,1.492e-20,3.961e+1,4.265e-1,7.861e-23,1.495e-19,2.072e-22,1.772e+0,2.193e-17,1.132e+0,1.485e-17,6.935e-2,2.978e-5,8.860e-18,,8.673e+0,,,1.828e+0,,,1.188e-19,,1.404e-18,,6.512e-19,,9.316e-5,,4.259e-18,,3.345e-10,2.337e-16
542.95,5.529e+1,3.555e-20,5.847e-27,7.433e-40,2.714e-34,,,2.804e-18,2.142e-21,,2.258e-15,1.691e-18,1.536e-24,9.697e-18,5.175e-18,4.073e-20,2.691e-20,3.137e-26,,1.445e-18,2.468e-19,2.854e-38,1.141e+0,,1.521e-26,6.776e-6,,1.510e-19,1.492e-20,4.017e+1,4.298e-1,5.488e-23,1.496e-19,2.072e-22,1.660e+0,2.182e-17,1.144e+0,1.486e-17,6.168e-2,2.287e-5,8.854e-18,,8.912e+0,,,1.770e+0,,,1.186e-19,,1.404e-18,,6.511e-19,,7.589e-5,,4.255e-18,,2.354e-10,2.337e-16
542.98,5.610e+1,3.548e-20,5.712e-27,7.452e-40,2.713e-34,,,2.794e-18,2.144e-21,,2.258e-15,1.693e-18,1.537e-24,9.697e-18,9.659e-18,6.222e-20,2.690e-20,3.136e-26,,1.442e-18,2.473e-19,2.857e-38,1.136e+0,,1.521e-26,4.591e-6,,1.511e-19,1.493e-20,4.090e+1,4.328e-1,3.186e-23,1.496e-19,2.071e-22,1.499e+0,2.165e-17,1.157e+0,1.489e-17,5.149e-2,1.531e-5,8.844e-18,,9.239e+0,,,1.677e+0,,,1.184e-19,,1.404e-18,,6.510e-19,,5.553e-5,,4.250e-18,,1.383e-10,2.337e-16
543,5.653e+1,3.543e-20,5.622e-27,7.464e-40,2.713e-34,,,2.787e-18,2.145e-21,,2.258e-15,1.695e-18,1.538e-24,9.697e-18,1.460e-17,8.226e-20,2.690e-20,3.135e-26,,1.440e-18,2.477e-19,2.859e-38,1.139e+0,,1.522e-26,3.530e-6,,1.512e-19,1.493e-20,4.131e+1,4.334e-1,2.210e-23,1.496e-19,2.070e-22,1.395e+0,2.154e-17,1.163e+0,1.490e-17,4.550e-2,1.168e-5,8.837e-18,,9.433e+0,,,1.613e+0,,,1.182e-19,,1.404e-18,,6.510e-19,,4.495e-5,,4.246e-18,,9.671e-11,2.338e-16
543.03,5.701e+1,3.536e-20,5.487e-27,7.482e-40,2.713e-34,,,2.777e-18,2.147e-21,,2.257e-15,1.697e-18,1.538e-24,9.696e-18,2.701e-17,1.245e-19,2.689e-20,3.133e-26,,1.438e-18,2.483e-19,2.862e-38,1.154e+0,,1.522e-26,2.369e-6,,1.514e-19,1.493e-20,4.178e+1,4.322e-1,1.271e-23,1.496e-19,2.070e-22,1.247e+0,2.138e-17,1.168e+0,1.492e-17,3.761e-2,7.746e-6,8.828e-18,,9.684e+0,,,1.514e+0,,,1.180e-19,,1.404e-18,,6.509e-19,,3.257e-5,,4.241e-18,,5.626e-11,2.338e-16
543.05,5.723e+1,3.532e-20,5.397e-27,7.494e-40,2.713e-34,,,2.770e-18,2.148e-21,,2.257e-15,1.698e-18,1.539e-24,9.696e-18,4.055e-17,1.635e-19,2.689e-20,3.132e-26,,1.436e-18,2.486e-19,2.864e-38,1.171e+0,,1.523e-26,1.809e-6,,1.514e-19,1.493e-20,4.200e+1,4.300e-1,8.756e-24,1.496e-19,2.069e-22,1.154e+0,2.127e-17,1.168e+0,1.494e-17,3.303e-2,5.870e-6,8.821e-18,,9.823e+0,,,1.447e+0,,,1.179e-19,,1.404e-18,,6.509e-19,,2.619e-5,,4.237e-18,,3.908e-11,2.338e-16
543.07,5.735e+1,3.527e-20,5.307e-27,7.506e-40,2.713e-34,,,2.763e-18,2.149e-21,,2.257e-15,1.699e-18,1.540e-24,9.696e-18,6.077e-17,2.142e-19,2.688e-20,3.132e-26,,1.434e-18,2.490e-19,2.866e-38,1.192e+0,,1.523e-26,1.379e-6,,1.515e-19,1.493e-20,4.215e+1,4.267e-1,6.018e-24,1.496e-19,2.068e-22,1.064e+0,2.116e-17,1.166e+0,1.495e-17,2.893e-2,4.438e-6,8.815e-18,,9.938e+0,,,1.379e+0,,,1.177e-19,,1.405e-18,,6.508e-19,,2.101e-5,,4.233e-18,,2.708e-11,2.338e-16
543.1,5.735e+1,3.520e-20,5.172e-27,7.525e-40,2.713e-34,,,2.753e-18,2.151e-21,,2.256e-15,1.701e-18,1.541e-24,9.696e-18,1.109e-16,3.198e-19,2.688e-20,3.130e-26,,1.431e-18,2.495e-19,2.869e-38,1.232e+0,,1.524e-26,9.124e-7,,1.517e-19,1.493e-20,4.224e+1,4.198e-1,3.412e-24,1.497e-19,2.068e-22,9.384e-1,2.099e-17,1.158e+0,1.497e-17,2.360e-2,2.902e-6,8.805e-18,,1.006e+1,,,1.277e+0,,,1.175e-19,,1.405e-18,,6.507e-19,,1.501e-5,,4.228e-18,,1.554e-11,2.339e-16
543.12,5.724e+1,3.516e-20,5.081e-27,7.537e-40,2.713e-34,,,2.746e-18,2.152e-21,,2.256e-15,1.703e-18,1.541e-24,9.696e-18,1.650e-16,4.163e-19,2.687e-20,3.129e-26,,1.429e-18,2.499e-19,2.871e-38,1.263e+0,,1.524e-26,6.906e-7,,1.517e-19,1.494e-20,4.220e+1,4.140e-1,2.330e-24,1.497e-19,2.067e-22,8.601e-1,2.088e-17,1.151e+0,1.499e-17,2.054e-2,2.180e-6,8.799e-18,,1.012e+1,,,1.209e+0,,,1.173e-19,,1.405e-18,,6.507e-19,,1.196e-5,,4.224e-18,,1.069e-11,2.339e-16
543.15,5.689e+1,3.509e-20,4.946e-27,7.555e-40,2.713e-34,,,2.736e-18,2.154e-21,,2.255e-15,1.705e-18,1.542e-24,9.696e-18,2.981e-16,6.155e-19,2.687e-20,3.128e-26,,1.426e-18,2.505e-19,2.874e-38,1.317e+0,,1.525e-26,4.526e-7,,1.519e-19,1.494e-20,4.201e+1,4.034e-1,1.308e-24,1.497e-19,2.066e-22,7.511e-1,2.072e-17,1.136e+0,1.501e-17,1.661e-2,1.412e-6,8.789e-18,,1.015e+1,,,1.109e+0,,,1.171e-19,,1.405e-18,,6.506e-19,,8.468e-6,,4.219e-18,,6.076e-12,2.339e-16
543.17,5.654e+1,3.504e-20,4.856e-27,7.567e-40,2.713e-34,,,2.729e-18,2.155e-21,,2.255e-15,1.706e-18,1.543e-24,9.696e-18,4.408e-16,7.961e-19,2.686e-20,3.127e-26,,1.425e-18,2.508e-19,2.876e-38,1.356e+0,,1.525e-26,3.404e-7,,1.520e-19,1.494e-20,4.179e+1,3.953e-1,8.875e-25,1.497e-19,2.066e-22,6.839e-1,2.061e-17,1.124e+0,1.503e-17,1.438e-2,1.053e-6,8.783e-18,,1.013e+1,,,1.043e+0,,,1.169e-19,,1.405e-18,,6.506e-19,,6.703e-6,,4.215e-18,,4.154e-12,2.339e-16
543.2,5.586e+1,3.497e-20,4.721e-27,7.586e-40,2.712e-34,,,2.719e-18,2.157e-21,,2.255e-15,1.708e-18,1.544e-24,9.695e-18,7.890e-16,1.166e-18,2.686e-20,3.126e-26,,1.422e-18,2.514e-19,2.878e-38,1.420e+0,,1.526e-26,2.209e-7,,1.521e-19,1.494e-20,4.134e+1,3.815e-1,4.934e-25,1.497e-19,2.065e-22,5.914e-1,2.045e-17,1.103e+0,1.505e-17,1.155e-2,6.754e-7,8.773e-18,,1.006e+1,,,9.471e-1,,,1.167e-19,,1.405e-18,,6.505e-19,,4.698e-6,,4.210e-18,,2.337e-12,2.340e-16
543.22,5.529e+1,3.493e-20,4.631e-27,7.598e-40,2.712e-34,,,2.712e-18,2.158e-21,,2.254e-15,1.710e-18,1.544e-24,9.695e-18,1.159e-15,1.498e-18,2.685e-20,3.125e-26,,1.420e-18,2.517e-19,2.880e-38,1.465e+0,,1.526e-26,1.650e-7,,1.522e-19,1.494e-20,4.095e+1,3.715e-1,3.325e-25,1.497e-19,2.065e-22,5.351e-1,2.034e-17,1.087e+0,1.506e-17,9.955e-3,5.006e-7,8.766e-18,,9.987e+0,,,8.852e-1,,,1.165e-19,,1.406e-18,,6.504e-19,,3.695e-6,,4.206e-18,,1.588e-12,2.340e-16
543.25,5.429e+1,3.486e-20,4.496e-27,7.616e-40,2.712e-34,,,2.702e-18,2.160e-21,,2.254e-15,1.712e-18,1.545e-24,9.695e-18,2.055e-15,2.173e-18,2.684e-20,3.123e-26,,1.417e-18,2.523e-19,2.883e-38,1.534e+0,,1.527e-26,1.060e-7,,1.523e-19,1.495e-20,4.025e+1,3.553e-1,1.831e-25,1.498e-19,2.064e-22,4.582e-1,2.017e-17,1.061e+0,1.508e-17,7.961e-3,3.179e-7,8.757e-18,,9.823e+0,,,7.961e-1,,,1.163e-19,,1.406e-18,,6.504e-19,,2.565e-6,,4.201e-18,,8.846e-13,2.340e-16
543.27,5.352e+1,3.481e-20,4.406e-27,7.628e-40,2.712e-34,,,2.695e-18,2.161e-21,,2.254e-15,1.713e-18,1.546e-24,9.695e-18,3.000e-15,2.775e-18,2.684e-20,3.123e-26,,1.415e-18,2.527e-19,2.885e-38,1.581e+0,,1.527e-26,7.871e-8,,1.524e-19,1.495e-20,3.971e+1,3.438e-1,1.226e-25,1.498e-19,2.063e-22,4.119e-1,2.006e-17,1.042e+0,1.510e-17,6.862e-3,2.341e-7,8.750e-18,,9.684e+0,,,7.393e-1,,,1.161e-19,,1.406e-18,,6.503e-19,,2.004e-6,,4.197e-18,,5.970e-13,2.341e-16
543.3,5.223e+1,3.474e-20,4.271e-27,7.647e-40,2.712e-34,,,2.684e-18,2.163e-21,,2.253e-15,1.715e-18,1.547e-24,9.695e-18,5.267e-15,3.985e-18,2.683e-20,3.121e-26,,1.412e-18,2.532e-19,2.888e-38,1.651e+0,,1.528e-26,5.009e-8,,1.525e-19,1.495e-20,3.880e+1,3.259e-1,6.682e-26,1.498e-19,2.062e-22,3.493e-1,1.990e-17,1.013e+0,1.512e-17,5.513e-3,1.472e-7,8.741e-18,,9.433e+0,,,6.584e-1,,,1.159e-19,,1.406e-18,,6.502e-19,,1.377e-6,,4.191e-18,,3.294e-13,2.341e-16
543.32,5.129e+1,3.470e-20,4.181e-27,7.659e-40,2.712e-34,,,2.678e-18,2.164e-21,,2.253e-15,1.717e-18,1.548e-24,9.695e-18,7.640e-15,5.057e-18,2.683e-20,3.120e-26,,1.411e-18,2.536e-19,2.890e-38,1.697e+0,,1.528e-26,3.694e-8,,1.526e-19,1.495e-20,3.812e+1,3.135e-1,4.445e-26,1.498e-19,2.062e-22,3.119e-1,1.979e-17,9.926e-1,1.514e-17,4.791e-3,1.077e-7,8.734e-18,,9.239e+0,,,6.075e-1,,,1.157e-19,,1.406e-18,,6.502e-19,,1.069e-6,,4.188e-18,,2.208e-13,2.341e-16
543.35,4.976e+1,3.463e-20,4.046e-27,7.677e-40,2.712e-34,,,2.667e-18,2.166e-21,,2.253e-15,1.719e-18,1.548e-24,9.694e-18,1.329e-14,7.194e-18,2.682e-20,3.119e-26,,1.408e-18,2.541e-19,2.893e-38,1.764e+0,,1.529e-26,2.328e-8,,1.527e-19,1.495e-20,3.702e+1,2.945e-1,2.399e-26,1.498e-19,2.061e-22,2.620e-1,1.962e-17,9.611e-1,1.516e-17,3.942e-3,6.707e-8,8.725e-18,,8.912e+0,,,5.358e-1,,,1.155e-19,,1.406e-18,,6.501e-19,,7.277e-7,,4.182e-18,,1.206e-13,2.341e-16
543.37,4.867e+1,3.458e-20,3.956e-27,7.689e-40,2.712e-34,,,2.661e-18,2.167e-21,,2.252e-15,1.720e-18,1.549e-24,9.694e-18,1.915e-14,9.070e-18,2.682e-20,3.118e-26,,1.406e-18,2.545e-19,2.895e-38,1.806e+0,,1.529e-26,1.705e-8,,1.528e-19,1.496e-20,3.624e+1,2.818e-1,1.585e-26,1.498e-19,2.061e-22,2.324e-1,1.951e-17,9.398e-1,1.517e-17,3.517e-3,4.875e-8,8.718e-18,,8.673e+0,,,4.913e-1,,,1.153e-19,,1.406e-18,,6.501e-19,,5.612e-7,,4.179e-18,,8.035e-14,2.342e-16
543.4,4.694e+1,3.451e-20,3.821e-27,7.708e-40,2.711e-34,,,2.650e-18,2.169e-21,,2.252e-15,1.722e-18,1.550e-24,9.694e-18,3.298e-14,1.278e-17,2.681e-20,6.249e-26,,1.403e-18,2.551e-19,2.898e-38,1.865e+0,,1.530e-26,1.064e-8,,1.529e-19,1.496e-20,3.499e+1,2.627e-1,8.475e-27,1.499e-19,2.060e-22,1.933e-1,1.935e-17,9.075e-1,1.520e-17,3.069e-3,3.006e-8,8.708e-18,,8.285e+0,,,4.292e-1,,,1.151e-19,,1.407e-18,,6.500e-19,,3.782e-7,,4.173e-18,,4.347e-14,2.342e-16
543.42,4.573e+1,3.447e-20,3.731e-27,7.720e-40,2.711e-34,,,2.643e-18,2.170e-21,,2.252e-15,1.724e-18,1.551e-24,9.694e-18,4.724e-14,1.601e-17,2.681e-20,9.902e-26,,1.401e-18,2.554e-19,2.900e-38,1.901e+0,,1.530e-26,7.744e-9,,1.530e-19,1.496e-20,3.412e+1,2.500e-1,5.564e-27,1.499e-19,2.059e-22,1.704e-1,1.924e-17,8.860e-1,1.521e-17,2.890e-3,2.171e-8,8.702e-18,,8.011e+0,,,3.910e-1,,,1.150e-19,,1.407e-18,,6.499e-19,,2.898e-7,,4.170e-18,,2.876e-14,2.342e-16
543.44,4.449e+1,3.442e-20,3.640e-27,7.732e-40,2.711e-34,,,2.637e-18,2.171e-21,,2.251e-15,1.725e-18,1.551e-24,9.694e-18,6.748e-14,2.000e-17,2.680e-20,1.565e-25,,1.399e-18,2.558e-19,2.902e-38,1.933e+0,,1.531e-26,5.622e-9,,1.531e-19,1.496e-20,3.322e+1,2.376e-1,3.643e-27,1.499e-19,2.059e-22,1.498e-1,1.913e-17,8.646e-1,1.522e-17,2.802e-3,1.563e-8,8.696e-18,,7.725e+0,,,3.554e-1,,,1.148e-19,,1.407e-18,,6.499e-19,,2.215e-7,,4.166e-18,,1.898e-14,2.343e-16
543.47,4.258e+1,3.435e-20,3.505e-27,7.750e-40,2.711e-34,,,2.626e-18,2.173e-21,,2.251e-15,1.727e-18,1.552e-24,9.694e-18,1.147e-13,2.780e-17,2.680e-20,3.095e-25,,1.397e-18,2.563e-19,2.905e-38,1.975e+0,,1.531e-26,3.460e-9,,1.532e-19,1.496e-20,3.184e+1,2.194e-1,1.921e-27,1.499e-19,2.058e-22,1.229e-1,1.897e-17,8.328e-1,1.525e-17,2.838e-3,9.509e-9,8.686e-18,,7.280e+0,,,3.066e-1,,,1.146e-19,,1.407e-18,,6.498e-19,,1.472e-7,,4.160e-18,,1.013e-14,2.343e-16
543.49,4.127e+1,3.431e-20,3.415e-27,7.762e-40,2.711e-34,,,2.619e-18,2.174e-21,,2.251e-15,1.729e-18,1.553e-24,9.693e-18,1.628e-13,3.452e-17,2.679e-20,4.861e-25,,1.395e-18,2.567e-19,2.907e-38,1.998e+0,,1.532e-26,2.496e-9,,1.533e-19,1.497e-20,3.089e+1,2.077e-1,1.249e-27,1.499e-19,2.057e-22,1.074e-1,1.886e-17,8.119e-1,1.526e-17,2.977e-3,6.804e-9,8.679e-18,,6.975e+0,,,2.770e-1,,,1.144e-19,,1.407e-18,,6.498e-19,,1.118e-7,,4.157e-18,,6.641e-15,2.343e-16
543.52,3.929e+1,3.424e-20,3.280e-27,7.781e-40,2.711e-34,,,2.609e-18,2.176e-21,,2.250e-15,1.731e-18,1.554e-24,9.693e-18,2.740e-13,4.752e-17,2.679e-20,9.520e-25,,1.392e-18,2.573e-19,2.910e-38,2.024e+0,,1.533e-26,1.521e-9,,1.535e-19,1.497e-20,2.945e+1,1.910e-1,6.522e-28,1.499e-19,2.057e-22,8.723e-2,1.869e-17,7.812e-1,1.528e-17,3.364e-3,4.098e-9,8.670e-18,,6.510e+0,,,2.370e-1,,,1.142e-19,,1.407e-18,,6.497e-19,,7.359e-8,,4.151e-18,,3.509e-15,2.343e-16
543.54,3.795e+1,3.419e-20,3.190e-27,7.793e-40,2.711e-34,,,2.602e-18,2.177e-21,,2.250e-15,1.732e-18,1.554e-24,9.693e-18,3.865e-13,5.862e-17,2.678e-20,1.486e-24,,1.390e-18,2.576e-19,2.911e-38,2.035e+0,,1.533e-26,1.090e-9,,1.535e-19,1.497e-20,2.849e+1,1.805e-1,4.215e-28,1.500e-19,2.056e-22,7.570e-2,1.858e-17,7.612e-1,1.530e-17,3.752e-3,2.913e-9,8.663e-18,,6.197e+0,,,2.130e-1,,,1.140e-19,,1.408e-18,,6.496e-19,,5.551e-8,,4.148e-18,,2.286e-15,2.344e-16
543.57,3.595e+1,3.412e-20,3.055e-27,7.811e-40,2.711e-34,,,2.592e-18,2.179e-21,,2.249e-15,1.734e-18,1.555e-24,9.693e-18,6.443e-13,7.992e-17,2.678e-20,2.882e-24,,1.387e-18,2.582e-19,2.914e-38,2.044e+0,,1.534e-26,6.578e-10,,1.537e-19,1.497e-20,2.703e+1,1.657e-1,2.179e-28,1.500e-19,2.055e-22,6.090e-2,1.842e-17,7.319e-1,1.532e-17,4.549e-3,1.737e-9,8.654e-18,,5.727e+0,,,1.811e-1,,,1.138e-19,,1.408e-18,,6.496e-19,,3.619e-8,,4.142e-18,,1.196e-15,2.344e-16
543.59,3.462e+1,3.407e-20,2.965e-27,7.823e-40,2.711e-34,,,2.585e-18,2.180e-21,,2.249e-15,1.736e-18,1.556e-24,9.693e-18,9.030e-13,9.796e-17,2.677e-20,4.468e-24,,1.385e-18,2.586e-19,2.916e-38,2.044e+0,,1.534e-26,4.682e-10,,1.538e-19,1.497e-20,2.607e+1,1.566e-1,1.399e-28,1.500e-19,2.055e-22,5.251e-2,1.831e-17,7.128e-1,1.534e-17,5.240e-3,1.227e-9,8.647e-18,,5.417e+0,,,1.623e-1,,,1.136e-19,,1.408e-18,,6.495e-19,,2.712e-8,,4.139e-18,,7.738e-16,2.344e-16
543.62,3.266e+1,3.401e-20,2.830e-27,7.842e-40,2.710e-34,,,2.575e-18,2.182e-21,,2.249e-15,1.738e-18,1.557e-24,9.693e-18,1.491e-12,1.323e-16,2.677e-20,8.586e-24,,1.383e-18,2.591e-19,2.919e-38,2.034e+0,,1.535e-26,2.798e-10,,1.539e-19,1.498e-20,2.465e+1,1.441e-1,7.161e-29,1.500e-19,2.054e-22,4.184e-2,1.814e-17,6.850e-1,1.536e-17,6.553e-3,7.247e-10,8.637e-18,,4.958e+0,,,1.376e-1,,,1.134e-19,,1.408e-18,,6.494e-19,,1.751e-8,,4.133e-18,,4.009e-16,2.345e-16
543.64,3.137e+1,3.396e-20,2.740e-27,7.854e-40,2.710e-34,,,2.568e-18,2.183e-21,,2.248e-15,1.739e-18,1.557e-24,9.693e-18,2.076e-12,1.611e-16,2.676e-20,1.323e-23,,1.381e-18,2.595e-19,2.921e-38,2.022e+0,,1.535e-26,1.979e-10,,1.540e-19,1.498e-20,2.372e+1,1.367e-1,4.568e-29,1.500e-19,2.053e-22,3.584e-2,1.804e-17,6.669e-1,1.537e-17,7.639e-3,5.086e-10,8.631e-18,,4.659e+0,,,1.233e-1,,,1.132e-19,,1.408e-18,,6.494e-19,,1.303e-8,,4.129e-18,,2.577e-16,2.345e-16
543.67,2.949e+1,3.389e-20,2.605e-27,7.872e-40,2.710e-34,,,2.558e-18,2.185e-21,,2.248e-15,1.741e-18,1.558e-24,9.692e-18,3.396e-12,2.155e-16,2.676e-20,2.517e-23,,1.378e-18,2.600e-19,2.924e-38,1.995e+0,,1.536e-26,1.171e-10,,1.541e-19,1.498e-20,2.236e+1,1.269e-1,2.315e-29,1.501e-19,2.053e-22,2.828e-2,1.787e-17,6.403e-1,1.539e-17,9.635e-3,2.976e-10,8.621e-18,,4.223e+0,,,1.052e-1,,,1.130e-19,,1.408e-18,,6.493e-19,,8.332e-9,,4.124e-18,,1.322e-16,2.345e-16
543.69,2.827e+1,3.384e-20,2.515e-27,7.884e-40,2.710e-34,,,2.551e-18,2.186e-21,,2.248e-15,1.743e-18,1.559e-24,9.692e-18,4.700e-12,2.607e-16,2.675e-20,3.853e-23,,1.376e-18,2.604e-19,2.926e-38,1.972e+0,,1.536e-26,8.229e-11,,1.542e-19,1.498e-20,2.149e+1,1.212e-1,1.467e-29,1.501e-19,2.052e-22,2.407e-2,1.776e-17,6.230e-1,1.541e-17,1.125e-2,2.076e-10,8.615e-18,,3.942e+0,,,9.503e-2,,,1.128e-19,,1.409e-18,,6.493e-19,,6.163e-9,,4.120e-18,,8.444e-17,2.345e-16
543.72,2.653e+1,3.378e-20,2.380e-27,7.903e-40,2.710e-34,,,2.541e-18,2.188e-21,,2.247e-15,1.745e-18,1.560e-24,9.692e-18,7.614e-12,3.454e-16,2.675e-20,7.263e-23,,1.373e-18,2.609e-19,2.929e-38,1.929e+0,,1.537e-26,4.822e-11,,1.543e-19,1.498e-20,2.023e+1,1.141e-1,7.364e-30,1.501e-19,2.051e-22,1.881e-2,1.760e-17,5.976e-1,1.543e-17,1.415e-2,1.206e-10,8.605e-18,,3.539e+0,,,8.273e-2,,,1.126e-19,,1.409e-18,,6.492e-19,,3.902e-9,,4.115e-18,,4.289e-17,2.346e-16
543.74,2.542e+1,3.373e-20,2.290e-27,7.915e-40,2.710e-34,,,2.534e-18,2.189e-21,,2.247e-15,1.746e-18,1.561e-24,9.692e-18,1.047e-11,4.152e-16,2.674e-20,1.105e-22,,1.371e-18,2.613e-19,2.931e-38,1.896e+0,,1.537e-26,3.366e-11,,1.544e-19,1.499e-20,1.944e+1,1.104e-1,4.636e-30,1.501e-19,2.051e-22,1.590e-2,2.790e-17,5.809e-1,1.545e-17,1.646e-2,8.396e-11,8.599e-18,,3.282e+0,,,7.639e-2,,,1.125e-19,,1.409e-18,,6.491e-19,,2.867e-9,,4.111e-18,,2.722e-17,2.346e-16
543.77,2.385e+1,3.366e-20,2.154e-27,7.933e-40,2.710e-34,,,2.524e-18,2.191e-21,,2.247e-15,1.748e-18,1.562e-24,9.692e-18,1.680e-11,5.448e-16,2.673e-20,2.063e-22,,1.369e-18,2.619e-19,2.934e-38,1.839e+0,,1.538e-26,1.953e-11,,1.545e-19,1.499e-20,1.832e+1,1.061e-1,2.304e-30,1.501e-19,2.050e-22,1.230e-2,5.545e-17,5.563e-1,1.547e-17,2.058e-2,4.917e-11,8.589e-18,,2.918e+0,,,6.960e-2,,,1.122e-19,,1.409e-18,,6.491e-19,,1.797e-9,,4.106e-18,,1.369e-17,2.346e-16
543.79,2.287e+1,3.361e-20,2.064e-27,7.945e-40,2.710e-34,,,2.517e-18,2.192e-21,,2.246e-15,1.749e-18,1.562e-24,9.692e-18,2.296e-11,6.508e-16,2.673e-20,3.117e-22,,1.367e-18,2.622e-19,2.936e-38,1.798e+0,,1.538e-26,1.355e-11,,1.546e-19,1.499e-20,1.763e+1,1.043e-1,2.342e-30,1.501e-19,2.049e-22,1.034e-2,8.737e-17,5.400e-1,1.548e-17,2.382e-2,3.502e-11,8.583e-18,,2.689e+0,,,6.688e-2,,,1.121e-19,,1.409e-18,,6.490e-19,,1.312e-9,,4.102e-18,,8.630e-18,2.346e-16
543.81,2.195e+1,3.357e-20,1.974e-27,7.957e-40,2.709e-34,,,2.510e-18,2.193e-21,,2.246e-15,1.751e-18,1.563e-24,9.691e-18,3.129e-11,7.755e-16,2.673e-20,4.699e-22,,1.365e-18,2.626e-19,2.938e-38,1.754e+0,,1.539e-26,9.370e-12,,1.547e-19,1.499e-20,1.699e+1,1.031e-1,2.380e-30,1.501e-19,2.049e-22,8.661e-3,1.373e-16,5.240e-1,1.550e-17,2.750e-2,2.578e-11,8.576e-18,,2.472e+0,,,6.563e-2,,,1.119e-19,,1.409e-18,,6.490e-19,,9.555e-10,,4.098e-18,,5.426e-18,2.347e-16
543.84,2.068e+1,3.350e-20,1.839e-27,7.976e-40,2.709e-34,,,2.500e-18,2.195e-21,,2.246e-15,1.753e-18,1.564e-24,9.691e-18,4.954e-11,1.004e-15,2.672e-20,8.656e-22,,1.362e-18,2.631e-19,2.941e-38,1.684e+0,,1.539e-26,5.363e-12,,1.548e-19,1.499e-20,1.612e+1,1.027e-1,2.437e-30,1.502e-19,2.048e-22,6.611e-3,2.692e-16,5.001e-1,1.552e-17,3.396e-2,1.858e-11,8.567e-18,,2.167e+0,,,6.656e-2,,,1.117e-19,,1.410e-18,,6.489e-19,,5.908e-10,,4.093e-18,,5.425e-18,2.347e-16
543.86,1.993e+1,3.345e-20,1.749e-27,7.988e-40,2.709e-34,,,2.493e-18,2.196e-21,,2.245e-15,1.754e-18,1.564e-24,9.691e-18,6.709e-11,1.188e-15,2.672e-20,1.297e-21,,1.360e-18,2.635e-19,2.943e-38,1.636e+0,,1.540e-26,3.685e-12,,1.549e-19,1.500e-20,1.561e+1,1.034e-1,2.475e-30,1.502e-19,2.048e-22,5.504e-3,4.205e-16,4.843e-1,1.554e-17,3.897e-2,1.725e-11,8.560e-18,,1.979e+0,,,6.915e-2,,,1.115e-19,,1.410e-18,,6.488e-19,,4.274e-10,,4.089e-18,,5.425e-18,2.347e-16
543.89,1.892e+1,3.338e-20,1.614e-27,8.006e-40,2.709e-34,,,2.483e-18,2.198e-21,,2.245e-15,1.756e-18,1.565e-24,9.691e-18,1.052e-10,1.523e-15,2.671e-20,2.366e-21,,1.357e-18,2.641e-19,2.945e-38,1.562e+0,,1.540e-26,2.089e-12,,1.550e-19,1.500e-20,1.495e+1,1.056e-1,2.532e-30,1.502e-19,2.047e-22,4.160e-3,8.166e-16,4.609e-1,1.556e-17,4.768e-2,2.000e-11,8.550e-18,,1.719e+0,,,7.617e-2,,,1.113e-19,,1.410e-18,,6.488e-19,,2.617e-10,,4.084e-18,,5.424e-18,2.348e-16
543.91,1.834e+1,3.334e-20,1.524e-27,8.018e-40,2.709e-34,,,2.476e-18,2.199e-21,,2.245e-15,1.758e-18,1.566e-24,9.691e-18,1.416e-10,1.792e-15,2.670e-20,3.521e-21,,1.355e-18,2.644e-19,2.947e-38,1.511e+0,,1.541e-26,1.426e-12,,1.551e-19,1.500e-20,1.458e+1,1.080e-1,2.570e-30,1.502e-19,2.046e-22,3.441e-3,1.267e-15,4.455e-1,1.557e-17,5.438e-2,2.535e-11,8.544e-18,,1.560e+0,,,8.312e-2,,,1.111e-19,,1.410e-18,,6.487e-19,,1.881e-10,,4.080e-18,,5.423e-18,2.348e-16
543.94,1.762e+1,3.327e-20,1.389e-27,8.037e-40,2.709e-34,,,2.466e-18,2.201e-21,,2.244e-15,1.760e-18,1.567e-24,9.691e-18,2.201e-10,2.275e-15,2.670e-20,6.362e-21,,1.353e-18,2.650e-19,2.950e-38,1.436e+0,,1.541e-26,8.005e-13,,1.553e-19,1.500e-20,1.414e+1,1.126e-1,2.628e-30,1.502e-19,2.046e-22,2.575e-3,2.437e-15,4.226e-1,1.559e-17,6.590e-2,4.042e-11,8.534e-18,,1.341e+0,,,9.729e-2,,,1.109e-19,,1.410e-18,,6.486e-19,,1.141e-10,,4.075e-18,,5.422e-18,2.348e-16
543.96,1.724e+1,3.322e-20,1.299e-27,8.049e-40,2.709e-34,,,2.459e-18,2.202e-21,,2.244e-15,1.761e-18,1.567e-24,9.690e-18,2.943e-10,2.660e-15,2.669e-20,9.409e-21,,1.351e-18,2.654e-19,2.952e-38,1.387e+0,,1.542e-26,5.429e-13,,1.554e-19,1.500e-20,1.393e+1,1.165e-1,2.666e-30,1.503e-19,2.045e-22,2.116e-3,3.758e-15,4.076e-1,1.561e-17,7.467e-2,5.708e-11,8.528e-18,,1.209e+0,,,1.095e-1,,,1.107e-19,,1.410e-18,,6.486e-19,,8.144e-11,,4.071e-18,,5.421e-18,2.348e-16
543.99,1.681e+1,3.315e-20,1.164e-27,8.067e-40,2.709e-34,,,2.448e-18,2.204e-21,,2.243e-15,1.763e-18,1.568e-24,9.690e-18,4.530e-10,3.345e-15,2.669e-20,1.684e-20,,1.348e-18,2.659e-19,2.955e-38,1.315e+0,,1.542e-26,3.018e-13,,1.555e-19,1.501e-20,1.374e+1,1.233e-1,2.723e-30,1.503e-19,2.044e-22,1.569e-3,7.159e-15,3.856e-1,1.563e-17,8.963e-2,9.747e-11,8.518e-18,,1.030e+0,,,1.325e-1,,,1.105e-19,,1.411e-18,,6.485e-19,,4.890e-11,,4.066e-18,,5.420e-18,2.349e-16
544.01,1.663e+1,3.311e-20,1.074e-27,8.079e-40,2.708e-34,,,2.442e-18,2.205e-21,,2.243e-15,1.765e-18,1.569e-24,9.690e-18,6.020e-10,3.884e-15,2.668e-20,2.474e-20,,1.346e-18,2.663e-19,2.957e-38,1.269e+0,,1.543e-26,2.033e-13,,1.556e-19,1.501e-20,1.369e+1,1.284e-1,2.761e-30,1.503e-19,2.044e-22,1.281e-3,1.097e-14,3.714e-1,1.565e-17,1.009e-1,1.397e-10,8.512e-18,,9.224e-1,,,1.512e-1,,,1.103e-19,,1.411e-18,,6.485e-19,,3.469e-11,,4.062e-18,,5.419e-18,2.349e-16
544.04,1.651e+1,3.304e-20,9.387e-28,8.098e-40,2.708e-34,,,2.431e-18,2.207e-21,,2.243e-15,1.767e-18,1.570e-24,9.690e-18,9.179e-10,4.838e-15,2.668e-20,4.387e-20,,1.343e-18,2.668e-19,2.960e-38,1.205e+0,,1.543e-26,1.119e-13,,1.557e-19,1.501e-20,1.373e+1,1.370e-1,2.818e-30,1.503e-19,2.043e-22,9.402e-4,2.070e-14,3.509e-1,1.567e-17,1.200e-1,2.392e-10,8.502e-18,,7.780e-1,,,1.853e-1,,,1.101e-19,,1.411e-18,,6.484e-19,,2.063e-11,,4.056e-18,,5.418e-18,2.349e-16
544.06,1.653e+1,3.299e-20,8.486e-28,8.110e-40,2.708e-34,,,2.425e-18,2.208e-21,,2.242e-15,1.768e-18,1.571e-24,9.690e-18,1.212e-9,5.582e-15,2.667e-20,6.405e-20,,1.341e-18,2.672e-19,2.962e-38,1.165e+0,,1.544e-26,7.491e-14,,1.558e-19,1.501e-20,1.385e+1,1.433e-1,2.856e-30,1.503e-19,2.042e-22,7.626e-4,3.151e-14,3.379e-1,1.568e-17,1.342e-1,3.416e-10,8.496e-18,,6.923e-1,,,2.123e-1,,,1.100e-19,,1.411e-18,,6.483e-19,,1.454e-11,,4.053e-18,,5.418e-18,2.350e-16
544.09,1.671e+1,3.292e-20,7.135e-28,8.128e-40,2.708e-34,,,2.414e-18,2.210e-21,,2.242e-15,1.770e-18,1.572e-24,9.690e-18,1.831e-9,6.886e-15,2.667e-20,1.125e-19,,1.339e-18,2.677e-19,2.965e-38,1.111e+0,,1.544e-26,4.083e-14,,1.559e-19,1.501e-20,1.413e+1,1.533e-1,2.913e-30,1.503e-19,2.042e-22,5.544e-4,5.889e-14,3.196e-1,1.571e-17,1.580e-1,5.806e-10,8.486e-18,,5.783e-1,,,2.605e-1,,,1.097e-19,,1.411e-18,,6.482e-19,,8.560e-12,,4.047e-18,,5.417e-18,2.350e-16
544.11,1.693e+1,3.288e-20,6.234e-28,8.140e-40,2.708e-34,,,2.407e-18,2.211e-21,,2.242e-15,1.772e-18,1.572e-24,9.690e-18,2.403e-9,7.895e-15,2.666e-20,1.631e-19,,1.337e-18,2.681e-19,2.967e-38,1.079e+0,,1.545e-26,2.715e-14,,1.560e-19,1.502e-20,1.440e+1,1.604e-1,2.951e-30,1.504e-19,2.041e-22,4.468e-4,8.907e-14,3.085e-1,1.572e-17,1.756e-1,8.242e-10,8.479e-18,,5.113e-1,,,2.981e-1,,,1.096e-19,,1.411e-18,,6.482e-19,,5.994e-12,,4.044e-18,,5.416e-18,2.350e-16
544.14,1.741e+1,3.281e-20,4.884e-28,8.159e-40,2.708e-34,,,2.397e-18,2.213e-21,,2.241e-15,1.774e-18,1.573e-24,9.689e-18,3.597e-9,9.646e-15,2.666e-20,2.837e-19,,1.334e-18,2.687e-19,2.970e-38,1.038e+0,,1.546e-26,1.466e-14,,1.561e-19,1.502e-20,1.491e+1,1.715e-1,3.008e-30,1.504e-19,2.040e-22,3.217e-4,1.649e-13,2.936e-1,1.574e-17,2.048e-1,1.388e-9,8.470e-18,,4.229e-1,,,3.640e-1,,,1.093e-19,,1.412e-18,,6.481e-19,,3.495e-12,,4.038e-18,,5.415e-18,2.350e-16
544.16,1.781e+1,3.276e-20,3.983e-28,8.171e-40,2.708e-34,,,2.390e-18,2.214e-21,,2.241e-15,1.775e-18,1.574e-24,9.689e-18,4.691e-9,1.099e-14,2.665e-20,4.090e-19,,1.332e-18,2.690e-19,2.972e-38,1.016e+0,,1.546e-26,9.683e-15,,1.562e-19,1.502e-20,1.532e+1,1.792e-1,3.046e-30,1.504e-19,2.040e-22,2.576e-4,2.478e-13,2.851e-1,1.576e-17,2.261e-1,1.958e-9,8.463e-18,,3.715e-1,,,4.149e-1,,,1.092e-19,,1.412e-18,,6.481e-19,,2.431e-12,,4.035e-18,,5.414e-18,2.351e-16
544.18,1.829e+1,3.272e-20,3.082e-28,8.183e-40,2.708e-34,,,2.383e-18,2.215e-21,,2.241e-15,1.777e-18,1.574e-24,9.689e-18,6.104e-9,1.249e-14,2.665e-20,5.880e-19,,1.330e-18,2.694e-19,2.974e-38,9.974e-1,,1.546e-26,6.381e-15,,1.563e-19,1.502e-20,1.578e+1,1.870e-1,3.084e-30,1.504e-19,2.039e-22,2.058e-4,3.715e-13,2.780e-1,1.577e-17,2.491e-1,2.755e-9,8.457e-18,,3.255e-1,,,4.719e-1,,,1.090e-19,,1.412e-18,,6.480e-19,,1.687e-12,,4.031e-18,,5.414e-18,2.351e-16
544.21,1.914e+1,3.265e-20,1.731e-28,8.201e-40,2.708e-34,,,2.373e-18,2.217e-21,,2.240e-15,1.779e-18,1.575e-24,9.689e-18,9.016e-9,1.505e-14,2.664e-20,1.009e-18,,1.327e-18,2.700e-19,2.977e-38,9.779e-1,,1.547e-26,3.397e-15,,1.564e-19,1.502e-20,1.657e+1,1.988e-1,3.141e-30,1.504e-19,2.038e-22,1.462e-4,6.786e-13,2.703e-1,1.579e-17,2.865e-1,4.577e-9,8.447e-18,,2.656e-1,,,5.702e-1,,,1.088e-19,,1.412e-18,,6.479e-19,,9.702e-13,,4.025e-18,,5.413e-18,2.351e-16
544.23,1.978e+1,3.260e-20,8.308e-29,8.213e-40,2.707e-34,,,2.366e-18,2.218e-21,,2.240e-15,1.780e-18,1.576e-24,9.689e-18,1.166e-8,1.699e-14,2.664e-20,1.441e-18,,1.326e-18,2.703e-19,2.978e-38,9.703e-1,,1.547e-26,2.224e-15,,1.565e-19,1.502e-20,1.714e+1,2.068e-1,3.179e-30,1.504e-19,2.038e-22,1.161e-4,1.011e-12,2.675e-1,1.581e-17,3.136e-1,6.400e-9,8.441e-18,,2.312e-1,,,6.450e-1,,,1.086e-19,,1.412e-18,,6.479e-19,,6.688e-13,,4.022e-18,,5.412e-18,2.351e-16
544.26,2.085e+1,3.253e-20,1.658e-28,8.232e-40,2.707e-34,,,2.356e-18,2.220e-21,,2.239e-15,1.782e-18,1.577e-24,9.689e-18,1.706e-8,2.029e-14,2.663e-20,2.450e-18,,1.323e-18,2.709e-19,2.981e-38,9.669e-1,,1.548e-26,1.172e-15,,1.566e-19,1.503e-20,1.808e+1,2.187e-1,3.236e-30,1.505e-19,2.037e-22,8.193e-5,1.829e-12,2.673e-1,1.583e-17,3.573e-1,1.053e-8,8.431e-18,,1.868e-1,,,7.726e-1,,,1.084e-19,,1.412e-18,,6.478e-19,,3.809e-13,,4.016e-18,,5.411e-18,2.352e-16
544.28,2.163e+1,3.249e-20,2.621e-28,8.244e-40,2.707e-34,,,2.349e-18,2.221e-21,,2.239e-15,1.784e-18,1.577e-24,9.688e-18,2.193e-8,2.276e-14,2.663e-20,3.478e-18,,1.321e-18,2.712e-19,2.983e-38,9.701e-1,,1.548e-26,7.626e-16,,1.567e-19,1.503e-20,1.874e+1,2.266e-1,3.274e-30,1.505e-19,2.037e-22,6.484e-5,2.707e-12,2.701e-1,1.585e-17,3.885e-1,1.463e-8,8.425e-18,,1.616e-1,,,8.688e-1,,,1.082e-19,,1.412e-18,,6.478e-19,,2.608e-13,,4.013e-18,,5.410e-18,2.352e-16
544.31,2.288e+1,3.242e-20,5.182e-28,8.262e-40,2.707e-34,,,2.339e-18,2.223e-21,,2.239e-15,1.786e-18,1.578e-24,9.688e-18,3.180e-8,2.691e-14,2.662e-20,5.854e-18,,1.318e-18,2.718e-19,2.986e-38,9.827e-1,,1.549e-26,3.981e-16,,1.569e-19,1.503e-20,1.978e+1,2.381e-1,3.331e-30,1.505e-19,2.036e-22,4.571e-5,4.850e-12,2.798e-1,1.587e-17,4.384e-1,2.385e-8,8.415e-18,,1.293e-1,,,1.031e+0,,,1.080e-19,,1.413e-18,,6.477e-19,,1.471e-13,,4.007e-18,,5.409e-18,2.352e-16
544.33,2.377e+1,3.237e-20,8.136e-28,8.274e-40,2.707e-34,,,2.332e-18,2.224e-21,,2.238e-15,1.787e-18,1.579e-24,9.688e-18,4.063e-8,2.999e-14,2.662e-20,8.257e-18,,1.316e-18,2.722e-19,2.988e-38,9.962e-1,,1.550e-26,2.573e-16,,1.569e-19,1.503e-20,2.050e+1,2.455e-1,3.370e-30,1.505e-19,2.035e-22,3.635e-5,7.133e-12,2.902e-1,1.588e-17,4.736e-1,3.292e-8,8.408e-18,,1.111e-1,,,1.153e+0,,,1.078e-19,,1.413e-18,,6.476e-19,,1.001e-13,,4.004e-18,,5.409e-18,2.353e-16
544.36,2.516e+1,3.230e-20,1.593e-27,8.293e-40,2.707e-34,,,2.322e-18,2.226e-21,,2.238e-15,1.789e-18,1.580e-24,9.688e-18,5.838e-8,3.512e-14,2.661e-20,1.377e-17,,1.313e-18,2.727e-19,2.991e-38,1.024e+0,,1.550e-26,1.330e-16,,1.571e-19,1.503e-20,2.159e+1,2.563e-1,3.427e-30,1.505e-19,2.034e-22,2.622e-5,1.266e-11,3.127e-1,1.590e-17,5.293e-1,5.314e-8,8.399e-18,,8.806e-2,,,1.355e+0,,,1.076e-19,,1.413e-18,,6.476e-19,,5.590e-14,,3.998e-18,,5.408e-18,2.353e-16
544.38,2.612e+1,3.226e-20,2.486e-27,8.305e-40,2.707e-34,,,2.315e-18,2.227e-21,,2.238e-15,1.790e-18,1.581e-24,9.688e-18,7.413e-8,3.890e-14,2.660e-20,1.929e-17,,1.312e-18,2.731e-19,4.750e-38,1.046e+0,,1.551e-26,8.537e-17,,1.572e-19,1.504e-20,2.233e+1,2.631e-1,3.465e-30,1.505e-19,2.034e-22,2.156e-5,1.850e-11,3.328e-1,1.592e-17,5.681e-1,7.288e-8,8.392e-18,,7.518e-2,,,1.505e+0,,,1.075e-19,,1.413e-18,,6.475e-19,,3.778e-14,,3.994e-18,,5.407e-18,2.353e-16
544.41,2.760e+1,3.219e-20,4.822e-27,8.323e-40,2.707e-34,,,2.305e-18,2.229e-21,,2.237e-15,1.793e-18,1.581e-24,9.688e-18,1.056e-7,4.512e-14,2.660e-20,3.186e-17,,1.309e-18,2.736e-19,9.460e-38,1.087e+0,,1.551e-26,4.370e-17,,1.573e-19,1.504e-20,2.343e+1,2.727e-1,3.522e-30,1.506e-19,2.033e-22,1.711e-5,3.252e-11,3.716e-1,1.594e-17,6.288e-1,1.165e-7,8.383e-18,,5.901e-2,,,1.754e+0,,,1.072e-19,,1.413e-18,,6.474e-19,,2.090e-14,,3.989e-18,,5.406e-18,2.353e-16
544.43,2.861e+1,3.214e-20,7.476e-27,8.335e-40,2.706e-34,,,2.298e-18,2.230e-21,,2.237e-15,1.794e-18,1.582e-24,9.687e-18,1.332e-7,4.964e-14,2.659e-20,4.436e-17,,1.307e-18,2.740e-19,1.493e-37,1.117e+0,,1.552e-26,2.787e-17,,1.574e-19,1.504e-20,2.415e+1,2.786e-1,3.560e-30,1.506e-19,2.033e-22,1.560e-5,4.722e-11,4.040e-1,1.596e-17,6.706e-1,1.588e-7,8.376e-18,,5.005e-2,,,1.936e+0,,,1.071e-19,,1.413e-18,,6.474e-19,,1.403e-14,,3.985e-18,,5.405e-18,2.354e-16
544.46,3.013e+1,3.207e-20,1.436e-26,8.354e-40,2.706e-34,,,2.288e-18,2.232e-21,,2.237e-15,1.796e-18,1.583e-24,9.687e-18,1.881e-7,5.703e-14,2.659e-20,7.256e-17,,1.304e-18,2.746e-19,2.944e-37,1.168e+0,,1.552e-26,1.413e-17,,1.575e-19,1.504e-20,2.520e+1,2.867e-1,3.617e-30,1.506e-19,2.032e-22,1.539e-5,8.222e-11,4.635e-1,1.598e-17,7.351e-1,2.515e-7,8.367e-18,,3.890e-2,,,2.234e+0,,,1.068e-19,,1.414e-18,,6.473e-19,,7.685e-15,,3.980e-18,,5.404e-18,2.354e-16
544.48,3.114e+1,3.202e-20,2.213e-26,8.366e-40,2.706e-34,,,2.281e-18,2.233e-21,,2.236e-15,1.797e-18,1.584e-24,9.687e-18,2.359e-7,6.235e-14,2.658e-20,1.004e-16,,1.302e-18,2.749e-19,4.617e-37,1.204e+0,,1.553e-26,8.952e-18,,1.576e-19,1.504e-20,2.587e+1,2.916e-1,3.655e-30,1.506e-19,2.031e-22,1.663e-5,1.186e-10,5.111e-1,1.599e-17,7.790e-1,3.406e-7,8.360e-18,,3.278e-2,,,2.451e+0,,,1.067e-19,,1.414e-18,,6.473e-19,,5.128e-15,,3.976e-18,,5.404e-18,2.354e-16
544.51,3.265e+1,3.196e-20,4.211e-26,8.384e-40,2.706e-34,,,2.271e-18,2.235e-21,,2.236e-15,1.800e-18,1.585e-24,9.687e-18,3.301e-7,7.094e-14,2.658e-20,1.626e-16,,1.299e-18,2.755e-19,9.020e-37,1.262e+0,,1.553e-26,4.494e-18,,1.577e-19,1.505e-20,2.682e+1,2.981e-1,3.712e-30,1.506e-19,2.031e-22,2.081e-5,2.046e-10,5.960e-1,1.602e-17,8.457e-1,5.341e-7,8.350e-18,,2.523e-2,,,2.802e+0,,,1.064e-19,,1.414e-18,,6.472e-19,,2.781e-15,,3.971e-18,,5.403e-18,2.355e-16
544.53,3.364e+1,3.191e-20,6.445e-26,8.396e-40,2.706e-34,,,2.264e-18,2.236e-21,,2.236e-15,1.801e-18,1.585e-24,9.687e-18,4.117e-7,7.707e-14,2.657e-20,2.236e-16,,1.298e-18,2.758e-19,1.405e-36,1.302e+0,,1.554e-26,2.829e-18,,1.578e-19,1.505e-20,2.740e+1,3.018e-1,3.750e-30,1.506e-19,2.030e-22,2.543e-5,2.933e-10,6.624e-1,1.603e-17,8.904e-1,7.187e-7,8.344e-18,,2.113e-2,,,3.054e+0,,,1.063e-19,,1.414e-18,,6.471e-19,,1.843e-15,,3.967e-18,,5.402e-18,2.355e-16
544.56,3.509e+1,3.184e-20,1.215e-25,8.415e-40,2.706e-34,,,2.253e-18,2.238e-21,,2.235e-15,1.803e-18,1.586e-24,9.687e-18,5.710e-7,8.685e-14,2.657e-20,3.588e-16,,1.295e-18,2.764e-19,2.720e-36,1.363e+0,,1.554e-26,1.406e-18,,1.579e-19,1.505e-20,2.821e+1,3.064e-1,3.807e-30,1.507e-19,2.029e-22,3.591e-5,5.009e-10,7.780e-1,1.605e-17,9.573e-1,1.116e-6,8.334e-18,,1.611e-2,,,3.459e+0,,,1.061e-19,,1.414e-18,,6.471e-19,,9.899e-16,,3.962e-18,,5.401e-18,2.355e-16
544.58,3.603e+1,3.179e-20,1.848e-25,8.427e-40,2.706e-34,,,2.247e-18,2.239e-21,,2.235e-15,1.804e-18,1.587e-24,9.687e-18,7.080e-7,9.374e-14,2.656e-20,4.901e-16,,1.293e-18,2.768e-19,4.210e-36,1.404e+0,,1.555e-26,8.794e-19,,1.580e-19,1.505e-20,2.869e+1,3.088e-1,3.845e-30,1.507e-19,2.029e-22,4.592e-5,7.135e-10,8.668e-1,1.607e-17,1.001e+0,1.493e-6,8.328e-18,,1.340e-2,,,3.747e+0,,,1.059e-19,,1.414e-18,,6.470e-19,,6.519e-16,,3.958e-18,,5.400e-18,2.355e-16
544.6,3.695e+1,3.175e-20,2.803e-25,8.439e-40,2.706e-34,,,2.240e-18,2.241e-21,,2.235e-15,1.806e-18,1.587e-24,9.686e-18,8.760e-7,1.009e-13,2.656e-20,6.679e-16,,1.291e-18,2.771e-19,6.501e-36,1.445e+0,,1.555e-26,8.783e-19,,1.581e-19,1.505e-20,2.912e+1,3.108e-1,3.883e-30,1.507e-19,2.028e-22,5.906e-5,1.014e-9,9.656e-1,1.608e-17,1.045e+0,1.991e-6,8.321e-18,,1.111e-2,,,4.048e+0,,,1.057e-19,,1.415e-18,,6.470e-19,,4.282e-16,,3.954e-18,,5.400e-18,2.356e-16
544.63,3.827e+1,3.168e-20,5.213e-25,8.457e-40,2.705e-34,,,2.230e-18,2.242e-21,,2.234e-15,1.808e-18,1.588e-24,9.686e-18,1.200e-6,1.122e-13,2.655e-20,1.057e-15,,1.288e-18,2.777e-19,1.241e-35,1.504e+0,,1.556e-26,8.766e-19,,1.582e-19,1.506e-20,2.967e+1,3.127e-1,3.940e-30,1.507e-19,2.027e-22,8.648e-5,1.709e-9,1.134e+0,1.610e-17,1.108e+0,3.051e-6,8.312e-18,,8.358e-3,,,4.525e+0,,,1.055e-19,,1.415e-18,,6.469e-19,,2.268e-16,,3.949e-18,,5.399e-18,2.356e-16
544.65,3.911e+1,3.163e-20,7.859e-25,8.469e-40,2.705e-34,,,2.223e-18,2.244e-21,,2.234e-15,1.809e-18,1.589e-24,9.686e-18,1.476e-6,1.200e-13,2.655e-20,1.432e-15,,1.286e-18,2.780e-19,1.905e-35,1.542e+0,,1.556e-26,8.755e-19,,1.583e-19,1.506e-20,2.997e+1,3.133e-1,3.978e-30,1.507e-19,2.027e-22,1.115e-4,2.412e-9,1.261e+0,1.612e-17,1.149e+0,4.043e-6,8.305e-18,,6.890e-3,,,4.859e+0,,,1.053e-19,,1.415e-18,,6.468e-19,,1.480e-16,,3.945e-18,,5.398e-18,2.356e-16
544.68,4.030e+1,3.156e-20,1.448e-24,8.488e-40,2.705e-34,,,2.212e-18,2.245e-21,,2.233e-15,1.811e-18,1.590e-24,9.686e-18,2.006e-6,1.322e-13,2.654e-20,2.245e-15,,1.284e-18,2.786e-19,3.602e-35,1.596e+0,,1.557e-26,8.739e-19,,1.584e-19,1.506e-20,3.032e+1,3.134e-1,4.035e-30,1.508e-19,2.026e-22,1.629e-4,4.027e-9,1.474e+0,1.614e-17,1.207e+0,6.137e-6,8.296e-18,,5.131e-3,,,5.381e+0,,,1.051e-19,,1.415e-18,,6.468e-19,,7.764e-17,,3.940e-18,,5.397e-18,2.357e-16
544.7,4.105e+1,3.152e-20,2.169e-24,8.500e-40,2.705e-34,,,2.206e-18,2.247e-21,,2.233e-15,1.813e-18,1.591e-24,9.686e-18,2.454e-6,1.405e-13,2.654e-20,3.020e-15,,1.282e-18,2.790e-19,5.492e-35,1.629e+0,,1.557e-26,8.728e-19,,1.585e-19,1.506e-20,3.049e+1,3.128e-1,4.073e-30,1.508e-19,2.025e-22,2.092e-4,5.648e-9,1.632e+0,1.616e-17,1.244e+0,8.081e-6,8.289e-18,,4.202e-3,,,5.742e+0,,,1.050e-19,,1.415e-18,,6.467e-19,,5.033e-17,,3.936e-18,,5.396e-18,2.357e-16
544.73,4.211e+1,3.145e-20,3.957e-24,8.518e-40,2.705e-34,,,2.195e-18,2.248e-21,,2.233e-15,1.815e-18,1.591e-24,9.686e-18,3.306e-6,1.532e-13,2.653e-20,4.690e-15,,1.279e-18,2.795e-19,1.029e-34,1.674e+0,,1.558e-26,8.712e-19,,1.587e-19,1.506e-20,3.063e+1,3.110e-1,4.131e-30,1.508e-19,2.025e-22,3.033e-4,9.339e-9,1.895e+0,1.618e-17,1.294e+0,1.215e-5,8.279e-18,,3.099e-3,,,6.299e+0,,,1.047e-19,,1.415e-18,,6.466e-19,,2.615e-17,,3.931e-18,,5.395e-18,2.357e-16
544.75,4.277e+1,3.140e-20,5.889e-24,8.530e-40,2.705e-34,,,2.189e-18,2.250e-21,,2.232e-15,1.816e-18,1.592e-24,9.685e-18,4.023e-6,1.618e-13,2.653e-20,6.269e-15,,1.277e-18,2.799e-19,1.559e-34,1.700e+0,,1.558e-26,8.701e-19,,1.587e-19,1.507e-20,3.067e+1,3.093e-1,4.169e-30,1.508e-19,2.024e-22,3.872e-4,1.302e-8,2.088e+0,1.619e-17,1.324e+0,1.589e-5,8.273e-18,,2.522e-3,,,6.679e+0,,,1.046e-19,,1.415e-18,,6.466e-19,,1.684e-17,,3.927e-18,,5.395e-18,2.357e-16
544.78,4.369e+1,3.133e-20,1.064e-23,8.549e-40,2.705e-34,,,2.178e-18,2.251e-21,,2.232e-15,1.818e-18,1.593e-24,9.685e-18,5.376e-6,1.748e-13,2.652e-20,9.643e-15,,1.274e-18,2.804e-19,2.892e-34,1.733e+0,,1.559e-26,8.685e-19,,1.589e-19,1.507e-20,3.062e+1,3.059e-1,4.226e-30,1.508e-19,2.023e-22,5.562e-4,2.132e-8,2.406e+0,1.622e-17,1.364e+0,2.367e-5,8.263e-18,,1.842e-3,,,7.259e+0,,,1.043e-19,,1.416e-18,,6.465e-19,,8.662e-18,,3.921e-18,,5.394e-18,2.358e-16
544.8,4.426e+1,3.129e-20,1.574e-23,8.561e-40,2.705e-34,,,2.171e-18,2.253e-21,,2.232e-15,1.820e-18,1.594e-24,9.685e-18,6.505e-6,1.834e-13,2.652e-20,1.281e-14,,1.272e-18,2.808e-19,4.354e-34,1.750e+0,,1.559e-26,8.674e-19,,1.590e-19,1.507e-20,3.053e+1,3.032e-1,4.264e-30,1.508e-19,2.023e-22,7.058e-4,2.952e-8,2.636e+0,1.623e-17,1.387e+0,3.077e-5,8.257e-18,,1.489e-3,,,7.649e+0,,,1.042e-19,,1.416e-18,,6.465e-19,,5.543e-18,,3.918e-18,,5.393e-18,2.358e-16
544.83,4.505e+1,3.122e-20,2.817e-23,8.579e-40,2.705e-34,,,2.161e-18,2.254e-21,,2.231e-15,1.822e-18,1.595e-24,9.685e-18,8.624e-6,1.962e-13,2.651e-20,1.951e-14,,1.270e-18,2.814e-19,8.002e-34,1.768e+0,,1.560e-26,8.657e-19,,1.591e-19,1.507e-20,3.032e+1,2.984e-1,4.321e-30,1.509e-19,2.022e-22,1.004e-3,4.789e-8,3.010e+0,1.625e-17,1.416e+0,4.538e-5,8.247e-18,,1.077e-3,,,8.235e+0,,,1.039e-19,,1.416e-18,,6.464e-19,,2.823e-18,,3.912e-18,,5.392e-18,2.358e-16
544.85,4.554e+1,3.117e-20,4.140e-23,8.591e-40,2.704e-34,,,2.154e-18,2.256e-21,,2.231e-15,1.823e-18,1.595e-24,9.685e-18,1.038e-5,2.046e-13,2.651e-20,2.575e-14,,1.268e-18,2.817e-19,1.197e-33,1.776e+0,,1.560e-26,8.646e-19,,1.592e-19,1.507e-20,3.013e+1,2.948e-1,4.359e-30,1.509e-19,2.022e-22,1.266e-3,6.590e-8,3.279e+0,1.627e-17,1.431e+0,5.862e-5,8.241e-18,,8.650e-4,,,8.624e+0,,,1.038e-19,,1.416e-18,,6.463e-19,,1.795e-18,,3.909e-18,,5.391e-18,2.358e-16
544.88,4.621e+1,3.110e-20,7.340e-23,8.610e-40,2.704e-34,,,2.144e-18,2.257e-21,,2.231e-15,1.825e-18,1.596e-24,9.685e-18,1.365e-5,2.168e-13,2.650e-20,3.886e-14,,1.265e-18,2.823e-19,2.179e-33,1.778e+0,,1.561e-26,8.630e-19,,1.593e-19,1.508e-20,2.979e+1,2.888e-1,4.416e-30,1.509e-19,2.021e-22,1.785e-3,1.059e-7,3.711e+0,1.629e-17,1.446e+0,8.563e-5,8.231e-18,,6.197e-4,,,9.198e+0,,,1.036e-19,,1.416e-18,,6.463e-19,,9.054e-19,,3.903e-18,,5.390e-18,2.359e-16
544.9,4.663e+1,3.106e-20,1.072e-22,8.622e-40,2.704e-34,,,2.137e-18,2.259e-21,,2.230e-15,1.827e-18,1.597e-24,9.684e-18,1.635e-5,2.246e-13,2.649e-20,5.096e-14,,1.263e-18,2.826e-19,3.238e-33,1.775e+0,,1.561e-26,8.619e-19,,1.594e-19,1.508e-20,2.953e+1,2.845e-1,4.454e-30,1.509e-19,2.020e-22,2.236e-3,1.448e-7,4.017e+0,1.630e-17,1.451e+0,1.099e-4,8.225e-18,,4.945e-4,,,9.572e+0,,,1.034e-19,,1.416e-18,,6.462e-19,,5.719e-19,,3.900e-18,,5.390e-18,2.359e-16
544.93,4.720e+1,3.099e-20,1.882e-22,8.640e-40,2.704e-34,,,2.127e-18,2.260e-21,,2.230e-15,1.829e-18,1.598e-24,9.684e-18,2.134e-5,2.357e-13,2.649e-20,7.616e-14,,1.260e-18,2.832e-19,5.839e-33,1.761e+0,,1.562e-26,8.603e-19,,1.595e-19,1.508e-20,2.909e+1,2.776e-1,4.511e-30,1.509e-19,2.019e-22,3.122e-3,2.304e-7,4.504e+0,1.633e-17,1.453e+0,1.590e-4,8.215e-18,,3.508e-4,,,1.011e+1,,,1.032e-19,,1.417e-18,,6.461e-19,,2.856e-19,,3.894e-18,,5.389e-18,2.359e-16
544.95,4.756e+1,3.094e-20,2.731e-22,8.652e-40,2.704e-34,,,2.120e-18,2.262e-21,,2.230e-15,1.830e-18,1.598e-24,9.684e-18,2.543e-5,2.426e-13,2.648e-20,9.923e-14,,1.258e-18,2.836e-19,8.623e-33,1.747e+0,,1.563e-26,8.592e-19,,1.596e-19,1.508e-20,2.878e+1,2.728e-1,4.549e-30,1.509e-19,2.019e-22,3.887e-3,3.130e-7,4.845e+0,1.634e-17,1.449e+0,2.028e-4,8.209e-18,,2.781e-4,,,1.046e+1,,,1.030e-19,,1.417e-18,,6.461e-19,,1.792e-19,,3.890e-18,,5.388e-18,2.360e-16
544.97,4.790e+1,3.090e-20,3.952e-22,8.665e-40,2.704e-34,,,2.113e-18,2.263e-21,,2.229e-15,1.832e-18,1.599e-24,9.684e-18,3.024e-5,2.491e-13,2.648e-20,1.290e-13,,1.256e-18,2.839e-19,1.270e-32,1.728e+0,,1.563e-26,8.581e-19,,1.597e-19,1.508e-20,2.846e+1,2.679e-1,4.587e-30,1.510e-19,2.018e-22,4.827e-3,4.242e-7,5.199e+0,1.636e-17,1.442e+0,2.579e-4,8.202e-18,,2.199e-4,,,1.079e+1,,,1.028e-19,,1.417e-18,,6.460e-19,,1.794e-19,,3.887e-18,,5.387e-18,2.360e-16
545,4.837e+1,3.083e-20,6.849e-22,8.683e-40,2.704e-34,,,2.103e-18,2.265e-21,,2.229e-15,1.834e-18,1.600e-24,9.684e-18,3.907e-5,2.579e-13,2.647e-20,1.902e-13,,1.254e-18,2.845e-19,2.260e-32,1.693e+0,,1.564e-26,8.564e-19,,1.598e-19,1.509e-20,2.798e+1,2.603e-1,4.644e-30,1.510e-19,2.018e-22,6.648e-3,6.661e-7,5.752e+0,1.638e-17,1.424e+0,3.682e-4,8.192e-18,,1.539e-4,,,1.125e+1,,,1.026e-19,,1.417e-18,,6.460e-19,,1.797e-19,,3.881e-18,,5.386e-18,2.360e-16
545.02,4.866e+1,3.078e-20,9.848e-22,8.695e-40,2.704e-34,,,2.096e-18,2.266e-21,,2.229e-15,1.835e-18,1.600e-24,9.684e-18,4.623e-5,2.631e-13,2.647e-20,2.456e-13,,1.252e-18,2.849e-19,3.308e-32,1.664e+0,,1.564e-26,8.554e-19,,1.599e-19,1.509e-20,2.765e+1,2.551e-1,4.682e-30,1.510e-19,2.017e-22,8.204e-3,8.969e-7,6.134e+0,1.639e-17,1.407e+0,4.653e-4,8.186e-18,,1.209e-4,,,1.154e+1,,,1.025e-19,,1.417e-18,,6.459e-19,,1.798e-19,,3.878e-18,,5.386e-18,2.360e-16
545.05,4.907e+1,3.071e-20,1.690e-21,8.713e-40,2.703e-34,,,2.086e-18,2.268e-21,,2.228e-15,1.837e-18,1.601e-24,9.684e-18,5.929e-5,2.698e-13,2.646e-20,3.587e-13,,1.249e-18,2.854e-19,5.829e-32,1.614e+0,,1.565e-26,8.537e-19,,1.600e-19,1.509e-20,2.718e+1,2.473e-1,4.739e-30,1.510e-19,2.016e-22,1.119e-2,1.395e-6,6.721e+0,1.641e-17,1.376e+0,6.580e-4,8.176e-18,,8.380e-5,,,1.192e+1,,,1.022e-19,,1.417e-18,,6.458e-19,,1.801e-19,,3.872e-18,,5.385e-18,2.361e-16
545.07,4.933e+1,3.067e-20,2.415e-21,8.725e-40,2.703e-34,,,2.079e-18,2.269e-21,,2.228e-15,1.838e-18,1.602e-24,9.683e-18,6.983e-5,2.734e-13,2.646e-20,4.603e-13,,1.247e-18,2.858e-19,8.477e-32,1.577e+0,,1.565e-26,8.526e-19,,1.601e-19,1.509e-20,2.688e+1,2.421e-1,4.777e-30,1.510e-19,2.016e-22,1.372e-2,1.866e-6,7.121e+0,1.643e-17,1.352e+0,8.263e-4,8.170e-18,,6.541e-5,,,1.214e+1,,,1.021e-19,,1.418e-18,,6.458e-19,,1.803e-19,,3.869e-18,,5.384e-18,2.361e-16
545.1,4.970e+1,3.060e-20,4.106e-21,8.744e-40,2.703e-34,,,2.069e-18,2.271e-21,,2.227e-15,1.841e-18,1.603e-24,9.683e-18,8.893e-5,2.777e-13,2.645e-20,6.659e-13,,1.244e-18,2.863e-19,1.480e-31,1.515e+0,,1.566e-26,8.510e-19,,1.602e-19,1.509e-20,2.647e+1,2.343e-1,4.834e-30,1.510e-19,2.015e-22,1.854e-2,2.875e-6,7.729e+0,1.645e-17,1.309e+0,1.157e-3,8.160e-18,,4.489e-5,,,1.243e+1,,,1.018e-19,,1.418e-18,,6.457e-19,,1.805e-19,,3.863e-18,,5.383e-18,2.361e-16
545.12,4.994e+1,3.055e-20,5.829e-21,8.756e-40,2.703e-34,,,2.062e-18,2.272e-21,,2.227e-15,1.842e-18,1.604e-24,9.683e-18,1.043e-4,2.797e-13,2.645e-20,8.490e-13,,1.242e-18,2.867e-19,2.138e-31,1.471e+0,,1.566e-26,8.499e-19,,1.603e-19,1.510e-20,2.621e+1,2.293e-1,4.873e-30,1.511e-19,2.014e-22,2.259e-2,3.822e-6,8.137e+0,1.647e-17,1.278e+0,1.444e-3,8.154e-18,,3.482e-5,,,1.258e+1,,,1.017e-19,,1.418e-18,,6.456e-19,,1.807e-19,,3.859e-18,,5.382e-18,2.362e-16
545.15,5.027e+1,3.048e-20,9.815e-21,8.774e-40,2.703e-34,,,2.052e-18,2.273e-21,,2.227e-15,1.844e-18,1.605e-24,9.683e-18,1.319e-4,2.813e-13,2.644e-20,1.216e-12,,1.240e-18,2.872e-19,3.697e-31,1.400e+0,,1.567e-26,8.483e-19,,1.605e-19,1.510e-20,2.588e+1,2.218e-1,4.930e-30,1.511e-19,2.014e-22,3.024e-2,5.830e-6,8.747e+0,1.649e-17,1.226e+0,2.003e-3,8.144e-18,,2.366e-5,,,1.276e+1,,,1.014e-19,,1.418e-18,,6.456e-19,,1.809e-19,,3.854e-18,,5.381e-18,2.362e-16
545.17,5.047e+1,3.044e-20,1.385e-20,8.786e-40,2.703e-34,,,2.045e-18,2.275e-21,,2.226e-15,1.845e-18,1.605e-24,9.683e-18,1.539e-4,2.815e-13,2.644e-20,1.541e-12,,1.238e-18,2.876e-19,5.309e-31,1.350e+0,,1.567e-26,8.472e-19,,1.605e-19,1.510e-20,2.569e+1,2.170e-1,4.968e-30,1.511e-19,2.013e-22,3.661e-2,7.702e-6,9.149e+0,1.650e-17,1.188e+0,2.483e-3,8.138e-18,,1.823e-5,,,1.284e+1,,,1.013e-19,,1.418e-18,,6.455e-19,,1.811e-19,,3.850e-18,,5.381e-18,2.362e-16
545.2,5.077e+1,3.037e-20,2.309e-20,8.805e-40,2.703e-34,,,2.035e-18,2.276e-21,,2.226e-15,1.848e-18,1.606e-24,9.683e-18,1.934e-4,2.805e-13,2.643e-20,2.187e-12,,1.235e-18,2.882e-19,9.091e-31,1.273e+0,,1.568e-26,8.455e-19,,1.607e-19,1.510e-20,2.547e+1,2.101e-1,5.025e-30,1.511e-19,2.012e-22,4.853e-2,1.164e-5,9.741e+0,1.653e-17,1.129e+0,3.411e-3,8.128e-18,,1.227e-5,,,1.289e+1,,,1.011e-19,,1.418e-18,,6.454e-19,,1.814e-19,,3.845e-18,,5.380e-18,2.362e-16
545.22,5.095e+1,3.032e-20,3.237e-20,8.817e-40,2.703e-34,,,2.028e-18,2.278e-21,,2.226e-15,1.849e-18,1.607e-24,9.682e-18,2.246e-4,2.789e-13,2.643e-20,2.753e-12,,1.233e-18,2.885e-19,1.297e-30,1.220e+0,,1.568e-26,8.444e-19,,1.608e-19,1.510e-20,2.536e+1,2.057e-1,5.063e-30,1.511e-19,2.012e-22,5.838e-2,1.528e-5,1.012e+1,1.654e-17,1.088e+0,4.202e-3,8.121e-18,,9.396e-6,,,1.289e+1,,,1.009e-19,,1.419e-18,,6.454e-19,,1.815e-19,,3.841e-18,,5.379e-18,2.363e-16
545.25,5.120e+1,3.025e-20,5.348e-20,8.835e-40,2.703e-34,,,2.017e-18,2.279e-21,,2.225e-15,1.851e-18,1.608e-24,9.682e-18,2.804e-4,2.752e-13,2.642e-20,3.869e-12,,1.230e-18,2.891e-19,2.200e-30,1.139e+0,,1.569e-26,8.428e-19,,1.609e-19,1.511e-20,2.525e+1,1.995e-1,5.120e-30,1.511e-19,2.011e-22,7.666e-2,2.286e-5,1.068e+1,1.656e-17,1.023e+0,5.718e-3,8.112e-18,,6.263e-6,,,1.283e+1,,,1.007e-19,,1.419e-18,,6.453e-19,,1.818e-19,,3.836e-18,,5.378e-18,2.363e-16
545.27,5.136e+1,3.021e-20,7.449e-20,8.847e-40,2.702e-34,,,2.011e-18,2.281e-21,,2.225e-15,1.852e-18,1.608e-24,9.682e-18,3.244e-4,2.719e-13,2.642e-20,4.840e-12,,1.228e-18,2.895e-19,3.120e-30,1.084e+0,,1.569e-26,8.417e-19,,1.610e-19,1.511e-20,2.522e+1,1.956e-1,5.158e-30,1.512e-19,2.010e-22,9.164e-2,2.982e-5,1.102e+1,1.658e-17,9.795e-1,6.999e-3,8.105e-18,,4.764e-6,,,1.275e+1,,,1.005e-19,,1.419e-18,,6.453e-19,,1.820e-19,,3.832e-18,,5.377e-18,2.363e-16
545.3,5.156e+1,3.014e-20,1.219e-19,8.866e-40,2.702e-34,,,2.000e-18,2.282e-21,,2.224e-15,1.854e-18,1.609e-24,9.682e-18,4.023e-4,2.657e-13,2.641e-20,6.737e-12,,1.226e-18,2.900e-19,5.241e-30,1.003e+0,,1.570e-26,8.401e-19,,1.611e-19,1.511e-20,2.525e+1,1.902e-1,5.215e-30,1.512e-19,2.010e-22,1.192e-1,4.421e-5,1.151e+1,1.660e-17,9.128e-1,9.433e-3,8.096e-18,,3.145e-6,,,1.257e+1,,,1.003e-19,,1.419e-18,,6.452e-19,,1.822e-19,,3.827e-18,,5.376e-18,2.364e-16
545.32,5.169e+1,3.009e-20,1.687e-19,8.878e-40,2.702e-34,,,1.994e-18,2.284e-21,,2.224e-15,1.856e-18,1.610e-24,9.682e-18,4.634e-4,2.608e-13,2.641e-20,8.373e-12,,1.224e-18,2.904e-19,7.383e-30,9.486e-1,,1.570e-26,8.390e-19,,1.612e-19,1.511e-20,2.530e+1,1.869e-1,5.253e-30,1.512e-19,2.009e-22,1.416e-1,5.729e-5,1.181e+1,1.661e-17,8.680e-1,1.147e-2,8.089e-18,,2.376e-6,,,1.241e+1,,,1.001e-19,,1.419e-18,,6.451e-19,,1.824e-19,,3.823e-18,,5.376e-18,2.364e-16
545.34,5.180e+1,3.004e-20,2.329e-19,8.890e-40,2.702e-34,,,1.987e-18,2.285e-21,,2.224e-15,1.857e-18,1.610e-24,9.682e-18,5.328e-4,2.554e-13,2.640e-20,1.038e-11,,1.222e-18,2.907e-19,1.037e-29,8.952e-1,,1.571e-26,8.379e-19,,1.613e-19,1.511e-20,2.540e+1,1.838e-1,5.291e-30,1.512e-19,2.009e-22,1.677e-1,7.406e-5,1.209e+1,1.663e-17,8.234e-1,1.392e-2,8.083e-18,,1.791e-6,,,1.223e+1,,,9.996e-20,,1.419e-18,,6.451e-19,,1.826e-19,,3.819e-18,,5.375e-18,2.364e-16
545.37,5.194e+1,2.998e-20,3.760e-19,8.908e-40,2.702e-34,,,1.976e-18,2.287e-21,,2.223e-15,1.859e-18,1.611e-24,9.681e-18,6.549e-4,2.462e-13,2.639e-20,1.426e-11,,1.219e-18,2.913e-19,1.720e-29,8.166e-1,,1.571e-26,8.363e-19,,1.614e-19,1.512e-20,2.560e+1,1.797e-1,5.348e-30,1.512e-19,2.008e-22,2.152e-1,1.083e-4,1.246e+1,1.665e-17,7.570e-1,1.851e-2,8.073e-18,,1.166e-6,,,1.190e+1,,,9.972e-20,,1.420e-18,,6.450e-19,,1.828e-19,,3.814e-18,,5.374e-18,2.364e-16
545.39,5.202e+1,2.993e-20,5.158e-19,8.921e-40,2.702e-34,,,1.970e-18,2.288e-21,,2.223e-15,1.861e-18,1.612e-24,9.681e-18,7.499e-4,2.396e-13,2.639e-20,1.756e-11,,1.217e-18,2.917e-19,2.401e-29,7.657e-1,,1.572e-26,8.352e-19,,1.615e-19,1.512e-20,2.577e+1,1.773e-1,5.386e-30,1.512e-19,2.007e-22,2.534e-1,1.391e-4,1.267e+1,1.667e-17,7.134e-1,2.231e-2,8.067e-18,,8.735e-7,,,1.165e+1,,,9.957e-20,,1.420e-18,,6.450e-19,,1.830e-19,,3.810e-18,,5.373e-18,2.365e-16
545.42,5.212e+1,2.986e-20,8.247e-19,8.939e-40,2.702e-34,,,1.959e-18,2.290e-21,,2.223e-15,1.863e-18,1.613e-24,9.681e-18,9.160e-4,2.288e-13,2.638e-20,2.389e-11,,1.214e-18,2.922e-19,3.943e-29,6.918e-1,,1.572e-26,8.335e-19,,1.616e-19,1.512e-20,2.610e+1,1.741e-1,5.443e-30,1.513e-19,2.007e-22,3.221e-1,2.016e-4,1.293e+1,1.669e-17,6.496e-1,2.938e-2,8.057e-18,,5.633e-7,,,1.123e+1,,,9.933e-20,,1.420e-18,,6.449e-19,,1.833e-19,,3.805e-18,,5.372e-18,2.365e-16
545.44,5.217e+1,2.981e-20,1.124e-18,8.951e-40,2.702e-34,,,1.952e-18,2.291e-21,,2.222e-15,1.864e-18,1.614e-24,9.681e-18,1.044e-3,2.211e-13,2.638e-20,2.924e-11,,1.213e-18,2.926e-19,5.471e-29,6.444e-1,,1.573e-26,8.324e-19,,1.617e-19,1.512e-20,2.635e+1,1.723e-1,5.481e-30,1.513e-19,2.006e-22,3.768e-1,2.572e-4,1.306e+1,1.670e-17,6.083e-1,3.519e-2,8.050e-18,,4.191e-7,,,1.092e+1,,,9.918e-20,,1.420e-18,,6.448e-19,,1.834e-19,,3.801e-18,,5.371e-18,2.365e-16
545.47,5.225e+1,2.974e-20,1.780e-18,8.969e-40,2.701e-34,,,1.942e-18,2.293e-21,,2.222e-15,1.866e-18,1.615e-24,9.681e-18,1.268e-3,2.092e-13,2.637e-20,3.940e-11,,1.210e-18,2.931e-19,8.897e-29,5.767e-1,,1.573e-26,8.308e-19,,1.618e-19,1.512e-20,2.679e+1,1.701e-1,5.538e-30,1.513e-19,2.005e-22,4.744e-1,3.691e-4,1.320e+1,1.672e-17,5.485e-1,4.591e-2,8.041e-18,,2.677e-7,,,1.043e+1,,,9.894e-20,,1.420e-18,,6.448e-19,,1.837e-19,,3.796e-18,,5.370e-18,2.365e-16
545.49,5.229e+1,2.970e-20,2.411e-18,8.981e-40,2.701e-34,,,1.935e-18,2.294e-21,,2.222e-15,1.868e-18,1.615e-24,9.681e-18,1.439e-3,2.009e-13,2.637e-20,4.791e-11,,1.208e-18,2.935e-19,1.227e-28,5.338e-1,,1.574e-26,8.297e-19,,1.619e-19,1.512e-20,2.713e+1,1.689e-1,5.576e-30,1.513e-19,2.005e-22,5.515e-1,4.681e-4,1.325e+1,1.674e-17,5.103e-1,5.463e-2,8.034e-18,,1.979e-7,,,1.009e+1,,,9.879e-20,,1.420e-18,,6.447e-19,,1.839e-19,,3.792e-18,,5.370e-18,2.366e-16
545.52,5.236e+1,2.963e-20,3.783e-18,9.000e-40,2.701e-34,,,1.925e-18,2.296e-21,,2.221e-15,1.870e-18,1.616e-24,9.681e-18,1.736e-3,1.882e-13,2.636e-20,6.395e-11,,1.205e-18,2.941e-19,1.976e-28,4.730e-1,,1.574e-26,8.281e-19,,1.621e-19,1.513e-20,2.769e+1,1.676e-1,5.634e-30,1.513e-19,2.004e-22,6.878e-1,6.653e-4,1.327e+1,1.676e-17,4.558e-1,7.059e-2,8.025e-18,,1.251e-7,,,9.543e+0,,,9.855e-20,,1.421e-18,,6.446e-19,,1.841e-19,,3.786e-18,,5.369e-18,2.366e-16
545.54,5.241e+1,2.958e-20,5.091e-18,9.012e-40,2.701e-34,,,1.918e-18,2.297e-21,,2.221e-15,1.871e-18,1.617e-24,9.680e-18,1.963e-3,1.796e-13,2.636e-20,7.727e-11,,1.203e-18,2.944e-19,2.707e-28,4.350e-1,,1.575e-26,8.270e-19,,1.621e-19,1.513e-20,2.810e+1,1.670e-1,5.672e-30,1.514e-19,2.003e-22,7.944e-1,8.383e-4,1.323e+1,1.678e-17,4.213e-1,8.346e-2,8.018e-18,,9.191e-8,,,9.169e+0,,,9.840e-20,,1.421e-18,,6.446e-19,,1.843e-19,,3.783e-18,,5.368e-18,2.366e-16
545.57,5.250e+1,2.951e-20,7.911e-18,9.030e-40,2.701e-34,,,1.908e-18,2.299e-21,,2.221e-15,1.873e-18,1.618e-24,9.680e-18,2.352e-3,1.666e-13,2.635e-20,1.021e-10,,1.200e-18,2.950e-19,4.319e-28,3.818e-1,,1.576e-26,8.253e-19,,1.623e-19,1.513e-20,2.877e+1,1.666e-1,5.729e-30,1.514e-19,2.003e-22,9.814e-1,1.180e-3,1.312e+1,1.680e-17,3.727e-1,1.068e-1,8.009e-18,,5.758e-8,,,8.595e+0,,,9.816e-20,,1.421e-18,,6.445e-19,,1.845e-19,,3.777e-18,,5.367e-18,2.367e-16
545.59,5.259e+1,2.947e-20,1.058e-17,9.042e-40,2.701e-34,,,1.901e-18,2.300e-21,,2.220e-15,1.875e-18,1.618e-24,9.680e-18,2.647e-3,1.580e-13,2.635e-20,1.226e-10,,1.199e-18,2.953e-19,5.878e-28,3.489e-1,,1.576e-26,8.242e-19,,1.624e-19,1.513e-20,2.926e+1,1.666e-1,5.767e-30,1.514e-19,2.002e-22,1.126e+0,1.477e-3,1.300e+1,1.681e-17,3.423e-1,1.255e-1,8.002e-18,,4.202e-8,,,8.206e+0,,,9.801e-20,,1.421e-18,,6.445e-19,,1.847e-19,,3.774e-18,,5.366e-18,2.367e-16
545.62,5.276e+1,2.940e-20,1.628e-17,9.061e-40,2.701e-34,,,1.891e-18,2.302e-21,,2.220e-15,1.877e-18,1.619e-24,9.680e-18,3.152e-3,1.452e-13,2.634e-20,1.606e-10,,1.196e-18,2.959e-19,9.290e-28,3.034e-1,,1.577e-26,8.226e-19,,1.625e-19,1.513e-20,3.005e+1,1.670e-1,5.824e-30,1.514e-19,2.001e-22,1.378e+0,2.060e-3,1.277e+1,1.684e-17,2.998e-1,1.591e-1,7.992e-18,,2.608e-8,,,7.621e+0,,,9.777e-20,,1.421e-18,,6.444e-19,,1.850e-19,,3.768e-18,,5.365e-18,2.367e-16
545.64,5.291e+1,2.935e-20,2.163e-17,9.073e-40,2.701e-34,,,1.884e-18,2.303e-21,,2.220e-15,1.878e-18,1.620e-24,9.680e-18,3.532e-3,1.368e-13,2.634e-20,1.916e-10,,1.194e-18,2.963e-19,1.256e-27,2.755e-1,,1.577e-26,8.215e-19,,1.626e-19,1.514e-20,3.062e+1,1.675e-1,5.862e-30,1.514e-19,2.001e-22,1.572e+0,2.563e-3,1.258e+1,1.685e-17,2.736e-1,1.857e-1,7.986e-18,,1.892e-8,,,7.232e+0,,,9.761e-20,,1.421e-18,,6.443e-19,,1.851e-19,,3.764e-18,,5.365e-18,2.367e-16
545.67,5.321e+1,2.928e-20,3.298e-17,9.091e-40,2.700e-34,,,1.874e-18,2.305e-21,,2.219e-15,1.880e-18,1.621e-24,9.680e-18,4.177e-3,1.246e-13,2.633e-20,2.484e-10,,1.191e-18,2.968e-19,1.967e-27,2.372e-1,,1.578e-26,8.199e-19,,1.627e-19,1.514e-20,3.153e+1,1.687e-1,5.919e-30,1.514e-19,2.000e-22,1.905e+0,3.539e-3,1.223e+1,1.687e-17,2.374e-1,2.331e-1,7.976e-18,,1.165e-8,,,6.653e+0,,,9.738e-20,,1.421e-18,,6.443e-19,,1.854e-19,,3.759e-18,,5.364e-18,2.368e-16
545.69,5.346e+1,2.924e-20,4.354e-17,9.103e-40,2.700e-34,,,1.867e-18,2.306e-21,,2.219e-15,1.882e-18,1.621e-24,9.679e-18,4.661e-3,1.166e-13,2.633e-20,2.944e-10,,1.189e-18,2.972e-19,2.643e-27,2.141e-1,,1.578e-26,8.188e-19,,1.628e-19,1.514e-20,3.218e+1,1.698e-1,5.957e-30,1.515e-19,1.999e-22,2.159e+0,4.375e-3,1.197e+1,1.689e-17,2.153e-1,2.704e-1,7.970e-18,,8.428e-9,,,6.274e+0,,,9.722e-20,,1.422e-18,,6.442e-19,,1.856e-19,,3.755e-18,,5.363e-18,2.368e-16
545.71,5.377e+1,2.919e-20,5.734e-17,9.116e-40,2.700e-34,,,1.860e-18,2.307e-21,,2.219e-15,1.883e-18,1.622e-24,9.679e-18,5.191e-3,1.089e-13,2.632e-20,3.481e-10,,1.187e-18,2.975e-19,3.543e-27,1.927e-1,,1.578e-26,8.177e-19,,1.629e-19,1.514e-20,3.286e+1,1.711e-1,5.995e-30,1.515e-19,1.999e-22,2.441e+0,5.394e-3,1.169e+1,1.690e-17,1.947e-1,3.129e-1,7.963e-18,,6.105e-9,,,5.902e+0,,,9.707e-20,,1.422e-18,,6.442e-19,,1.857e-19,,3.752e-18,,5.362e-18,2.368e-16
545.74,5.433e+1,2.912e-20,8.625e-17,9.134e-40,2.700e-34,,,1.850e-18,2.309e-21,,2.218e-15,1.885e-18,1.623e-24,9.679e-18,6.081e-3,9.786e-14,2.632e-20,4.454e-10,,1.185e-18,2.981e-19,5.473e-27,1.639e-1,,1.579e-26,8.161e-19,,1.630e-19,1.514e-20,3.393e+1,1.734e-1,6.052e-30,1.515e-19,1.998e-22,2.919e+0,7.351e-3,1.122e+1,1.692e-17,1.666e-1,3.875e-1,7.954e-18,,3.811e-9,,,5.360e+0,,,9.683e-20,,1.422e-18,,6.441e-19,,1.860e-19,,3.746e-18,,5.361e-18,2.369e-16
545.76,5.479e+1,2.908e-20,1.129e-16,9.146e-40,2.700e-34,,,1.843e-18,2.310e-21,,2.218e-15,1.886e-18,1.624e-24,9.679e-18,6.741e-3,9.084e-14,2.631e-20,5.233e-10,,1.183e-18,2.985e-19,7.290e-27,1.467e-1,,1.580e-26,8.150e-19,,1.631e-19,1.515e-20,3.469e+1,1.753e-1,6.090e-30,1.515e-19,1.998e-22,3.279e+0,9.006e-3,1.088e+1,1.694e-17,1.497e-1,4.455e-1,7.947e-18,,2.844e-9,,,5.011e+0,,,9.668e-20,,1.422e-18,,6.440e-19,,1.862e-19,,3.743e-18,,5.361e-18,2.369e-16
545.79,5.561e+1,2.901e-20,1.682e-16,9.164e-40,2.700e-34,,,1.833e-18,2.312e-21,,2.217e-15,1.889e-18,1.624e-24,9.679e-18,7.841e-3,8.087e-14,2.631e-20,6.632e-10,,1.180e-18,2.990e-19,1.115e-26,1.237e-1,,1.580e-26,8.133e-19,,1.632e-19,1.515e-20,3.588e+1,1.785e-1,6.147e-30,1.515e-19,1.997e-22,3.885e+0,1.215e-2,1.034e+1,1.696e-17,1.269e-1,5.465e-1,7.938e-18,,1.978e-9,,,4.509e+0,,,9.644e-20,,1.422e-18,,6.440e-19,,1.864e-19,,3.737e-18,,5.360e-18,2.369e-16
545.81,5.625e+1,2.896e-20,2.187e-16,9.177e-40,2.700e-34,,,1.826e-18,2.313e-21,,2.217e-15,1.890e-18,1.625e-24,9.679e-18,8.652e-3,7.462e-14,2.630e-20,7.741e-10,,1.178e-18,2.994e-19,1.476e-26,1.102e-1,,1.581e-26,8.122e-19,,1.633e-19,1.515e-20,3.670e+1,1.809e-1,6.185e-30,1.515e-19,1.996e-22,4.336e+0,1.480e-2,9.971e+0,1.698e-17,1.133e-1,6.243e-1,7.931e-18,,1.702e-9,,,4.189e+0,,,9.629e-20,,1.422e-18,,6.439e-19,,1.866e-19,,3.733e-18,,5.359e-18,2.369e-16
545.84,5.737e+1,2.889e-20,3.227e-16,9.195e-40,2.700e-34,,,1.816e-18,2.315e-21,,2.217e-15,1.892e-18,1.626e-24,9.678e-18,9.991e-3,6.585e-14,2.629e-20,9.717e-10,,1.175e-18,2.999e-19,2.237e-26,9.233e-2,,1.581e-26,8.106e-19,,1.634e-19,1.515e-20,3.799e+1,1.850e-1,6.242e-30,1.516e-19,1.995e-22,5.089e+0,1.978e-2,9.393e+0,1.700e-17,9.513e-2,7.586e-1,7.921e-18,,1.665e-9,,,3.735e+0,,,9.605e-20,,1.423e-18,,6.438e-19,,1.868e-19,,3.728e-18,,5.358e-18,2.370e-16
545.86,5.822e+1,2.885e-20,4.169e-16,9.207e-40,2.700e-34,,,1.809e-18,2.316e-21,,2.216e-15,1.893e-18,1.627e-24,9.678e-18,1.097e-2,6.043e-14,2.629e-20,1.127e-9,,1.173e-18,3.003e-19,2.941e-26,8.198e-2,,1.582e-26,8.095e-19,,1.635e-19,1.515e-20,3.887e+1,1.880e-1,6.280e-30,1.516e-19,1.995e-22,5.644e+0,2.392e-2,8.998e+0,1.701e-17,8.439e-2,8.610e-1,7.915e-18,,1.887e-9,,,3.449e+0,,,9.590e-20,,1.423e-18,,6.438e-19,,1.870e-19,,3.724e-18,,5.357e-18,2.370e-16
545.89,5.966e+1,2.878e-20,6.093e-16,9.225e-40,2.699e-34,,,1.799e-18,2.318e-21,,2.216e-15,1.896e-18,1.628e-24,9.678e-18,1.258e-2,5.292e-14,2.628e-20,1.401e-9,,1.171e-18,3.009e-19,4.415e-26,6.855e-2,,1.582e-26,8.079e-19,,1.636e-19,1.516e-20,4.024e+1,1.931e-1,6.338e-30,1.516e-19,1.994e-22,6.562e+0,3.168e-2,8.398e+0,1.704e-17,7.017e-2,1.036e+0,7.905e-18,,2.653e-9,,,3.048e+0,,,9.566e-20,,1.423e-18,,6.437e-19,,1.873e-19,,3.719e-18,,5.356e-18,2.370e-16
545.91,6.073e+1,2.873e-20,7.822e-16,9.238e-40,2.699e-34,,,1.792e-18,2.319e-21,,2.216e-15,1.897e-18,1.628e-24,9.678e-18,1.374e-2,4.834e-14,2.628e-20,1.615e-9,,1.169e-18,3.012e-19,5.769e-26,6.091e-2,,1.583e-26,8.068e-19,,1.637e-19,1.516e-20,4.116e+1,1.968e-1,6.376e-30,1.516e-19,1.994e-22,7.232e+0,3.807e-2,7.997e+0,1.705e-17,6.184e-2,1.169e+0,7.899e-18,,3.534e-9,,,2.798e+0,,,9.551e-20,,1.423e-18,,6.437e-19,,1.874e-19,,3.715e-18,,5.356e-18,2.370e-16
545.94,6.250e+1,2.866e-20,1.132e-15,9.256e-40,2.699e-34,,,1.781e-18,2.321e-21,,2.215e-15,1.899e-18,1.629e-24,9.678e-18,1.563e-2,4.208e-14,2.627e-20,1.988e-9,,1.166e-18,3.018e-19,8.577e-26,5.126e-2,,1.583e-26,8.052e-19,,1.639e-19,1.516e-20,4.256e+1,2.029e-1,6.433e-30,1.516e-19,1.993e-22,8.328e+0,4.993e-2,7.397e+0,1.707e-17,5.093e-2,1.393e+0,7.889e-18,,5.647e-9,,,2.451e+0,,,9.527e-20,,1.423e-18,,6.436e-19,,1.877e-19,,3.710e-18,,5.355e-18,2.371e-16
545.96,6.379e+1,2.862e-20,1.445e-15,9.268e-40,2.699e-34,,,1.775e-18,2.322e-21,,2.215e-15,1.900e-18,1.630e-24,9.678e-18,1.699e-2,3.832e-14,2.627e-20,2.277e-9,,1.164e-18,3.021e-19,1.114e-25,4.595e-2,,1.584e-26,8.041e-19,,1.639e-19,1.516e-20,4.349e+1,2.073e-1,6.471e-30,1.516e-19,1.992e-22,9.120e+0,5.963e-2,7.002e+0,1.709e-17,4.460e-2,1.561e+0,7.883e-18,,7.802e-9,,,2.237e+0,,,9.511e-20,,1.423e-18,,6.435e-19,,1.879e-19,,3.706e-18,,5.354e-18,2.371e-16
545.99,6.588e+1,2.855e-20,2.071e-15,9.286e-40,2.699e-34,,,1.764e-18,2.324e-21,,2.215e-15,1.902e-18,1.631e-24,9.678e-18,1.919e-2,3.328e-14,2.626e-20,2.777e-9,,1.161e-18,3.027e-19,1.640e-25,3.955e-2,,1.584e-26,8.024e-19,,1.641e-19,1.516e-20,4.488e+1,2.144e-1,6.528e-30,1.517e-19,1.991e-22,1.040e+1,7.745e-2,6.420e+0,1.711e-17,3.637e-2,1.843e+0,7.873e-18,,1.271e-8,,,1.944e+0,,,9.488e-20,,1.424e-18,,6.435e-19,,1.881e-19,,3.701e-18,,5.353e-18,2.371e-16
546.01,6.737e+1,2.850e-20,2.626e-15,9.298e-40,2.699e-34,,,1.758e-18,2.325e-21,,2.214e-15,1.904e-18,1.631e-24,9.677e-18,2.075e-2,3.031e-14,2.626e-20,3.160e-9,,1.159e-18,3.031e-19,2.116e-25,3.628e-2,,1.585e-26,8.013e-19,,1.642e-19,1.517e-20,4.579e+1,2.196e-1,6.566e-30,1.517e-19,1.991e-22,1.132e+1,9.191e-2,6.043e+0,1.712e-17,3.165e-2,2.052e+0,7.867e-18,,1.760e-8,,,1.765e+0,,,9.472e-20,,1.424e-18,,6.434e-19,,1.883e-19,,3.697e-18,,5.352e-18,2.372e-16
546.04,6.975e+1,2.843e-20,3.729e-15,9.317e-40,2.699e-34,,,1.747e-18,2.327e-21,,2.214e-15,1.906e-18,1.632e-24,9.677e-18,2.324e-2,2.642e-14,2.625e-20,3.817e-9,,1.157e-18,3.036e-19,3.086e-25,3.279e-2,,1.585e-26,7.997e-19,,1.643e-19,1.517e-20,4.711e+1,2.278e-1,6.623e-30,1.517e-19,1.990e-22,1.279e+1,1.183e-1,5.495e+0,1.715e-17,2.556e-2,2.399e+0,7.857e-18,,2.856e-8,,,1.523e+0,,,9.449e-20,,1.424e-18,,6.433e-19,,1.886e-19,,3.692e-18,,5.351e-18,2.372e-16
546.06,7.141e+1,2.839e-20,4.697e-15,9.329e-40,2.699e-34,,,1.740e-18,2.328e-21,,2.214e-15,1.907e-18,1.633e-24,9.677e-18,2.500e-2,2.420e-14,2.625e-20,4.315e-9,,1.155e-18,3.040e-19,3.956e-25,3.138e-2,,1.586e-26,7.986e-19,,1.644e-19,1.517e-20,4.795e+1,2.336e-1,6.661e-30,1.517e-19,1.990e-22,1.384e+1,1.394e-1,5.145e+0,1.716e-17,2.210e-2,2.655e+0,7.851e-18,,3.933e-8,,,1.377e+0,,,9.433e-20,,1.424e-18,,6.433e-19,,1.887e-19,,3.688e-18,,5.351e-18,2.372e-16
546.08,7.314e+1,2.834e-20,5.901e-15,9.341e-40,2.698e-34,,,1.734e-18,2.329e-21,,2.213e-15,1.909e-18,1.634e-24,9.677e-18,2.683e-2,2.226e-14,2.624e-20,4.867e-9,,1.153e-18,3.044e-19,5.059e-25,3.069e-2,,1.586e-26,7.975e-19,,1.645e-19,1.517e-20,4.875e+1,2.397e-1,6.699e-30,1.517e-19,1.989e-22,1.492e+1,1.640e-1,4.807e+0,1.718e-17,1.905e-2,2.929e+0,7.844e-18,,5.404e-8,,,1.244e+0,,,9.418e-20,,1.424e-18,,6.432e-19,,1.889e-19,,3.684e-18,,5.350e-18,2.372e-16
546.11,7.582e+1,2.827e-20,8.269e-15,9.359e-40,2.698e-34,,,1.723e-18,2.331e-21,,2.213e-15,1.911e-18,1.634e-24,9.677e-18,2.972e-2,1.988e-14,2.624e-20,5.800e-9,,1.150e-18,3.049e-19,7.281e-25,3.104e-2,,1.587e-26,7.959e-19,,1.646e-19,1.517e-20,4.987e+1,2.492e-1,6.756e-30,1.517e-19,1.988e-22,1.664e+1,2.082e-1,4.325e+0,1.720e-17,1.518e-2,3.380e+0,7.834e-18,,8.663e-8,,,1.066e+0,,,9.394e-20,,1.424e-18,,6.431e-19,,1.892e-19,,3.679e-18,,5.349e-18,2.373e-16
546.13,7.765e+1,2.822e-20,1.032e-14,9.372e-40,2.698e-34,,,1.716e-18,2.332e-21,,2.213e-15,1.912e-18,1.635e-24,9.677e-18,3.172e-2,1.863e-14,2.623e-20,6.499e-9,,1.148e-18,3.053e-19,9.251e-25,3.220e-2,,1.587e-26,7.948e-19,,1.647e-19,1.518e-20,5.055e+1,2.559e-1,6.794e-30,1.518e-19,1.988e-22,1.784e+1,2.433e-1,4.022e+0,1.721e-17,1.301e-2,3.706e+0,7.828e-18,,1.183e-7,,,9.613e-1,,,9.379e-20,,1.424e-18,,6.431e-19,,1.893e-19,,3.675e-18,,5.348e-18,2.373e-16
546.16,8.045e+1,2.816e-20,1.433e-14,9.390e-40,2.698e-34,,,1.706e-18,2.334e-21,,2.212e-15,1.914e-18,1.636e-24,9.676e-18,3.485e-2,1.727e-14,2.623e-20,7.672e-9,,1.145e-18,3.058e-19,1.319e-24,3.542e-2,,1.588e-26,7.931e-19,,1.648e-19,1.518e-20,5.144e+1,2.661e-1,6.851e-30,1.518e-19,1.987e-22,1.971e+1,3.059e-1,3.596e+0,1.723e-17,1.027e-2,4.235e+0,7.818e-18,,1.878e-7,,,8.240e-1,,,9.355e-20,,1.425e-18,,6.430e-19,,1.896e-19,,3.670e-18,,5.347e-18,2.373e-16
546.18,8.233e+1,2.811e-20,1.777e-14,9.402e-40,2.698e-34,,,1.699e-18,2.335e-21,,2.212e-15,1.916e-18,1.637e-24,9.676e-18,3.699e-2,1.669e-14,2.622e-20,8.542e-9,,1.143e-18,3.062e-19,1.665e-24,3.860e-2,,1.588e-26,7.921e-19,,1.649e-19,1.518e-20,5.194e+1,2.731e-1,6.889e-30,1.518e-19,1.986e-22,2.099e+1,3.553e-1,3.332e+0,1.725e-17,8.739e-3,4.614e+0,7.812e-18,,2.548e-7,,,7.448e-1,,,9.340e-20,,1.425e-18,,6.430e-19,,1.898e-19,,3.666e-18,,5.347e-18,2.374e-16
546.21,8.516e+1,2.804e-20,2.444e-14,9.420e-40,2.698e-34,,,1.689e-18,2.337e-21,,2.211e-15,1.918e-18,1.638e-24,9.676e-18,4.030e-2,1.631e-14,2.622e-20,9.987e-9,,1.141e-18,3.067e-19,2.351e-24,4.507e-2,,1.589e-26,7.904e-19,,1.650e-19,1.518e-20,5.254e+1,2.838e-1,6.946e-30,1.518e-19,1.986e-22,2.297e+1,4.424e-1,2.964e+0,1.727e-17,6.830e-3,5.222e+0,7.802e-18,,4.008e-7,,,6.433e-1,,,9.316e-20,,1.425e-18,,6.429e-19,,1.900e-19,,3.660e-18,,5.346e-18,2.374e-16
546.23,8.702e+1,2.799e-20,3.012e-14,9.433e-40,2.698e-34,,,1.682e-18,2.338e-21,,2.211e-15,1.919e-18,1.638e-24,9.676e-18,4.254e-2,1.638e-14,2.621e-20,1.105e-8,,1.139e-18,3.071e-19,2.949e-24,5.061e-2,,1.589e-26,7.893e-19,,1.651e-19,1.518e-20,5.283e+1,2.910e-1,6.984e-30,1.518e-19,1.985e-22,2.432e+1,5.105e-1,2.737e+0,1.729e-17,5.777e-3,5.653e+0,7.796e-18,,5.404e-7,,,5.863e-1,,,9.301e-20,,1.425e-18,,6.428e-19,,1.902e-19,,3.657e-18,,5.345e-18,2.374e-16
546.26,8.977e+1,2.793e-20,4.101e-14,9.451e-40,2.698e-34,,,1.672e-18,2.340e-21,,2.211e-15,1.921e-18,1.639e-24,9.676e-18,4.595e-2,1.699e-14,2.621e-20,1.279e-8,,1.136e-18,3.077e-19,4.124e-24,6.097e-2,,1.590e-26,7.877e-19,,1.652e-19,1.519e-20,5.309e+1,3.017e-1,7.041e-30,1.519e-19,1.984e-22,2.636e+1,6.298e-1,2.427e+0,1.731e-17,4.472e-3,6.336e+0,7.786e-18,,8.420e-7,,,5.159e-1,,,9.277e-20,,1.425e-18,,6.428e-19,,1.904e-19,,3.651e-18,,5.344e-18,2.374e-16
546.28,9.155e+1,2.788e-20,5.023e-14,9.463e-40,2.698e-34,,,1.665e-18,2.341e-21,,2.210e-15,1.923e-18,1.640e-24,9.676e-18,4.823e-2,1.773e-14,2.620e-20,1.406e-8,,1.134e-18,3.080e-19,5.141e-24,6.937e-2,,1.590e-26,7.866e-19,,1.653e-19,1.519e-20,5.314e+1,3.088e-1,7.080e-30,1.519e-19,1.984e-22,2.773e+1,7.221e-1,2.238e+0,1.732e-17,3.758e-3,6.816e+0,7.780e-18,,1.128e-6,,,4.782e-1,,,9.261e-20,,1.425e-18,,6.427e-19,,1.906e-19,,3.648e-18,,5.343e-18,2.375e-16
546.31,9.412e+1,2.781e-20,6.775e-14,9.481e-40,2.697e-34,,,1.655e-18,2.343e-21,,2.210e-15,1.925e-18,1.641e-24,9.675e-18,5.165e-2,1.935e-14,2.620e-20,1.613e-8,,1.131e-18,3.086e-19,7.122e-24,8.451e-2,,1.591e-26,7.850e-19,,1.654e-19,1.519e-20,5.303e+1,3.191e-1,7.137e-30,1.519e-19,1.983e-22,2.977e+1,8.823e-1,1.982e+0,1.735e-17,2.881e-3,7.567e+0,7.770e-18,,1.741e-6,,,4.346e-1,,,9.238e-20,,1.426e-18,,6.426e-19,,1.909e-19,,3.642e-18,,5.342e-18,2.375e-16
546.33,9.576e+1,2.776e-20,8.244e-14,9.494e-40,2.697e-34,,,1.648e-18,2.344e-21,,2.210e-15,1.926e-18,1.641e-24,9.675e-18,5.390e-2,2.079e-14,2.619e-20,1.762e-8,,1.129e-18,3.089e-19,8.821e-24,9.648e-2,,1.591e-26,7.839e-19,,1.655e-19,1.519e-20,5.282e+1,3.257e-1,7.175e-30,1.519e-19,1.983e-22,3.112e+1,1.005e+0,1.828e+0,1.736e-17,2.405e-3,8.088e+0,7.763e-18,,2.317e-6,,,4.137e-1,,,9.222e-20,,1.426e-18,,6.426e-19,,1.910e-19,,3.639e-18,,5.342e-18,2.375e-16
546.36,9.805e+1,2.769e-20,1.101e-13,9.512e-40,2.697e-34,,,1.638e-18,2.346e-21,,2.209e-15,1.928e-18,1.642e-24,9.675e-18,5.722e-2,2.349e-14,2.618e-20,2.002e-8,,1.127e-18,3.095e-19,1.210e-23,1.176e-1,,1.592e-26,7.822e-19,,1.657e-19,1.519e-20,5.231e+1,3.352e-1,7.232e-30,1.519e-19,1.982e-22,3.311e+1,1.217e+0,1.621e+0,1.738e-17,1.826e-3,8.894e+0,7.754e-18,,3.542e-6,,,3.935e-1,,,9.199e-20,,1.426e-18,,6.425e-19,,1.913e-19,,3.633e-18,,5.341e-18,2.376e-16
546.38,9.947e+1,2.765e-20,1.332e-13,9.524e-40,2.697e-34,,,1.631e-18,2.347e-21,,2.209e-15,1.930e-18,1.643e-24,9.675e-18,5.938e-2,2.568e-14,2.618e-20,2.172e-8,,1.125e-18,3.099e-19,1.490e-23,1.340e-1,,1.593e-26,7.811e-19,,1.657e-19,1.520e-20,5.183e+1,3.410e-1,7.270e-30,1.519e-19,1.981e-22,3.440e+1,1.377e+0,1.499e+0,1.740e-17,1.515e-3,9.445e+0,7.747e-18,,4.685e-6,,,3.870e-1,,,9.183e-20,,1.426e-18,,6.425e-19,,1.915e-19,,3.629e-18,,5.340e-18,2.376e-16
546.41,1.014e+2,2.758e-20,1.762e-13,9.542e-40,2.697e-34,,,1.621e-18,2.349e-21,,2.209e-15,1.932e-18,1.644e-24,9.675e-18,6.248e-2,2.954e-14,2.617e-20,2.444e-8,,1.122e-18,3.104e-19,2.024e-23,1.624e-1,,1.593e-26,7.795e-19,,1.659e-19,1.520e-20,5.093e+1,3.490e-1,7.327e-30,1.520e-19,1.980e-22,3.625e+1,1.651e+0,1.335e+0,1.742e-17,1.139e-3,1.029e+1,7.738e-18,,7.093e-6,,,3.873e-1,,,9.160e-20,,1.426e-18,,6.424e-19,,1.917e-19,,3.624e-18,,5.339e-18,2.376e-16
546.43,1.026e+2,2.753e-20,2.117e-13,9.554e-40,2.697e-34,,,1.614e-18,2.350e-21,,2.208e-15,1.933e-18,1.644e-24,9.675e-18,6.446e-2,3.253e-14,2.617e-20,2.636e-8,,1.120e-18,3.108e-19,2.476e-23,1.842e-1,,1.594e-26,7.784e-19,,1.660e-19,1.520e-20,5.021e+1,3.538e-1,7.365e-30,1.520e-19,1.980e-22,3.742e+1,1.858e+0,1.239e+0,1.743e-17,9.391e-4,1.086e+1,7.731e-18,,9.323e-6,,,3.936e-1,,,9.144e-20,,1.426e-18,,6.423e-19,,1.919e-19,,3.620e-18,,5.338e-18,2.376e-16
546.46,1.041e+2,2.746e-20,2.775e-13,9.573e-40,2.697e-34,,,1.604e-18,2.352e-21,,2.208e-15,1.935e-18,1.645e-24,9.675e-18,6.724e-2,3.766e-14,2.616e-20,2.938e-8,,1.117e-18,3.113e-19,3.332e-23,2.217e-1,,1.594e-26,7.768e-19,,1.661e-19,1.520e-20,4.894e+1,3.600e-1,7.422e-30,1.520e-19,1.979e-22,3.907e+1,2.206e+0,1.113e+0,1.746e-17,6.994e-4,1.171e+1,7.722e-18,,1.398e-5,,,4.119e-1,,,9.121e-20,,1.427e-18,,6.423e-19,,1.921e-19,,3.615e-18,,5.337e-18,2.377e-16
546.48,1.050e+2,2.742e-20,3.313e-13,9.585e-40,2.697e-34,,,1.597e-18,2.353e-21,,2.208e-15,1.937e-18,1.646e-24,9.674e-18,6.895e-2,4.152e-14,2.616e-20,3.148e-8,,1.115e-18,3.117e-19,4.050e-23,2.501e-1,,1.595e-26,7.757e-19,,1.662e-19,1.520e-20,4.798e+1,3.635e-1,7.460e-30,1.520e-19,1.979e-22,4.008e+1,2.466e+0,1.039e+0,1.747e-17,5.728e-4,1.228e+1,7.715e-18,,1.826e-5,,,4.296e-1,,,9.105e-20,,1.427e-18,,6.422e-19,,1.923e-19,,3.611e-18,,5.337e-18,2.377e-16
546.5,1.057e+2,2.737e-20,3.945e-13,9.597e-40,2.696e-34,,,1.590e-18,2.354e-21,,2.207e-15,1.938e-18,1.647e-24,9.674e-18,7.054e-2,4.576e-14,2.615e-20,3.364e-8,,1.114e-18,3.121e-19,4.909e-23,2.815e-1,,1.595e-26,7.746e-19,,1.663e-19,1.520e-20,4.694e+1,3.663e-1,7.498e-30,1.520e-19,1.978e-22,4.101e+1,2.750e+0,9.731e-1,1.749e-17,4.679e-4,1.284e+1,7.709e-18,,2.379e-5,,,4.514e-1,,,9.090e-20,,1.427e-18,,6.422e-19,,1.925e-19,,3.608e-18,,5.336e-18,2.377e-16
546.53,1.065e+2,2.730e-20,5.102e-13,9.615e-40,2.696e-34,,,1.580e-18,2.356e-21,,2.207e-15,1.940e-18,1.648e-24,9.674e-18,7.267e-2,5.282e-14,2.615e-20,3.699e-8,,1.111e-18,3.126e-19,6.520e-23,3.346e-1,,1.596e-26,7.730e-19,,1.664e-19,1.521e-20,4.524e+1,3.693e-1,7.555e-30,1.520e-19,1.977e-22,4.226e+1,3.223e+0,8.868e-1,1.751e-17,3.437e-4,1.367e+1,7.699e-18,,3.520e-5,,,4.917e-1,,,9.066e-20,,1.427e-18,,6.421e-19,,1.927e-19,,3.602e-18,,5.335e-18,2.377e-16
546.55,1.070e+2,2.726e-20,6.037e-13,9.628e-40,2.696e-34,,,1.573e-18,2.357e-21,,2.207e-15,1.941e-18,1.648e-24,9.674e-18,7.391e-2,5.801e-14,2.614e-20,3.928e-8,,1.109e-18,3.130e-19,7.852e-23,3.743e-1,,1.596e-26,7.719e-19,,1.665e-19,1.521e-20,4.402e+1,3.705e-1,7.593e-30,1.521e-19,1.977e-22,4.298e+1,3.571e+0,8.368e-1,1.752e-17,2.790e-4,1.420e+1,7.692e-18,,4.557e-5,,,5.233e-1,,,9.051e-20,,1.427e-18,,6.420e-19,,1.929e-19,,3.598e-18,,5.334e-18,2.378e-16
546.58,1.073e+2,2.719e-20,7.733e-13,9.646e-40,2.696e-34,,,1.563e-18,2.359e-21,,2.206e-15,1.944e-18,1.649e-24,9.674e-18,7.547e-2,6.655e-14,2.614e-20,4.278e-8,,1.106e-18,3.135e-19,1.033e-22,4.408e-1,,1.597e-26,7.702e-19,,1.666e-19,1.521e-20,4.209e+1,3.710e-1,7.650e-30,1.521e-19,1.976e-22,4.387e+1,4.146e+0,7.717e-1,1.755e-17,2.030e-4,1.497e+1,7.683e-18,,6.679e-5,,,5.774e-1,,,9.027e-20,,1.427e-18,,6.420e-19,,1.932e-19,,3.593e-18,,5.333e-18,2.378e-16
546.6,1.074e+2,2.714e-20,9.092e-13,9.658e-40,2.696e-34,,,1.556e-18,2.360e-21,,2.206e-15,1.945e-18,1.650e-24,9.674e-18,7.630e-2,7.275e-14,2.613e-20,4.514e-8,,1.104e-18,3.139e-19,1.236e-22,4.900e-1,,1.597e-26,7.691e-19,,1.667e-19,1.521e-20,4.075e+1,3.704e-1,7.688e-30,1.521e-19,1.975e-22,4.434e+1,4.565e+0,7.339e-1,1.756e-17,1.637e-4,1.546e+1,7.676e-18,,8.591e-5,,,6.176e-1,,,9.011e-20,,1.428e-18,,6.419e-19,,1.933e-19,,3.589e-18,,5.333e-18,2.378e-16
546.63,1.073e+2,2.707e-20,1.154e-12,9.676e-40,2.696e-34,,,1.545e-18,2.362e-21,,2.205e-15,1.947e-18,1.651e-24,9.673e-18,7.721e-2,8.281e-14,2.613e-20,4.869e-8,,1.101e-18,3.145e-19,1.611e-22,5.716e-1,,1.598e-26,7.675e-19,,1.668e-19,1.522e-20,3.867e+1,3.683e-1,7.745e-30,1.521e-19,1.975e-22,4.484e+1,5.250e+0,6.845e-1,1.758e-17,1.180e-4,1.614e+1,7.667e-18,,1.247e-4,,,6.838e-1,,,8.988e-20,,1.428e-18,,6.418e-19,,1.936e-19,,3.584e-18,,5.332e-18,2.379e-16
546.65,1.071e+2,2.703e-20,1.348e-12,9.689e-40,2.696e-34,,,1.539e-18,2.363e-21,,2.205e-15,1.948e-18,1.651e-24,9.673e-18,7.759e-2,9.001e-14,2.612e-20,5.105e-8,,1.100e-18,3.148e-19,1.916e-22,6.314e-1,,1.598e-26,7.664e-19,,1.669e-19,1.522e-20,3.726e+1,3.661e-1,7.783e-30,1.521e-19,1.974e-22,4.504e+1,5.745e+0,6.555e-1,1.760e-17,9.453e-5,1.656e+1,7.660e-18,,1.594e-4,,,7.316e-1,,,8.972e-20,,1.428e-18,,6.418e-19,,1.938e-19,,3.580e-18,,5.331e-18,2.379e-16
546.68,1.065e+2,2.696e-20,1.694e-12,9.707e-40,2.696e-34,,,1.528e-18,2.365e-21,,2.205e-15,1.950e-18,1.652e-24,9.673e-18,7.782e-2,1.016e-13,2.612e-20,5.454e-8,,1.097e-18,3.154e-19,2.472e-22,7.296e-1,,1.599e-26,7.648e-19,,1.670e-19,1.522e-20,3.511e+1,3.615e-1,7.841e-30,1.521e-19,1.973e-22,4.512e+1,6.546e+0,6.171e-1,1.762e-17,6.747e-5,1.712e+1,7.651e-18,,2.292e-4,,,8.082e-1,,,8.949e-20,,1.428e-18,,6.417e-19,,1.940e-19,,3.575e-18,,5.330e-18,2.379e-16
546.7,1.060e+2,2.691e-20,1.966e-12,9.719e-40,2.696e-34,,,1.522e-18,2.366e-21,,2.204e-15,1.952e-18,1.653e-24,9.673e-18,7.774e-2,1.098e-13,2.611e-20,5.682e-8,,1.095e-18,3.158e-19,2.921e-22,8.009e-1,,1.599e-26,7.637e-19,,1.671e-19,1.522e-20,3.368e+1,3.577e-1,7.879e-30,1.522e-19,1.973e-22,4.504e+1,7.119e+0,5.941e-1,1.763e-17,5.371e-5,1.746e+1,7.644e-18,,2.911e-4,,,8.623e-1,,,8.933e-20,,1.428e-18,,6.417e-19,,1.942e-19,,3.571e-18,,5.329e-18,2.379e-16
546.73,1.050e+2,2.684e-20,2.447e-12,9.737e-40,2.695e-34,,,1.511e-18,2.368e-21,,2.204e-15,1.954e-18,1.654e-24,9.673e-18,7.727e-2,1.227e-13,2.611e-20,6.013e-8,,1.092e-18,3.163e-19,3.735e-22,9.166e-1,,1.600e-26,7.620e-19,,1.673e-19,1.522e-20,3.156e+1,3.509e-1,7.936e-30,1.522e-19,1.972e-22,4.471e+1,8.036e+0,5.629e-1,1.766e-17,3.797e-5,1.788e+1,7.634e-18,,4.147e-4,,,9.474e-1,,,8.910e-20,,1.428e-18,,6.416e-19,,1.945e-19,,3.566e-18,,5.328e-18,2.380e-16
546.75,1.043e+2,2.680e-20,2.823e-12,9.750e-40,2.695e-34,,,1.504e-18,2.369e-21,,2.204e-15,1.955e-18,1.654e-24,9.673e-18,7.673e-2,1.318e-13,2.610e-20,6.224e-8,,1.090e-18,3.167e-19,4.385e-22,9.997e-1,,1.600e-26,7.609e-19,,1.673e-19,1.522e-20,3.017e+1,3.457e-1,7.974e-30,1.522e-19,1.971e-22,4.435e+1,8.686e+0,5.438e-1,1.767e-17,3.003e-5,1.811e+1,7.628e-18,,5.233e-4,,,1.006e+0,,,8.894e-20,,1.429e-18,,6.415e-19,,1.946e-19,,3.562e-18,,5.328e-18,2.380e-16
546.78,1.030e+2,2.673e-20,3.480e-12,9.768e-40,2.695e-34,,,1.494e-18,2.371e-21,,2.203e-15,1.957e-18,1.655e-24,9.672e-18,7.559e-2,1.460e-13,2.610e-20,6.524e-8,,1.087e-18,3.172e-19,5.552e-22,1.133e+0,,1.601e-26,7.593e-19,,1.675e-19,1.523e-20,2.814e+1,3.371e-1,8.031e-30,1.522e-19,1.971e-22,4.362e+1,9.716e+0,5.170e-1,1.769e-17,2.102e-5,1.837e+1,7.618e-18,,7.384e-4,,,1.097e+0,,,8.871e-20,,1.429e-18,,6.415e-19,,1.949e-19,,3.556e-18,,5.326e-18,2.380e-16
546.8,1.021e+2,2.668e-20,3.989e-12,9.780e-40,2.695e-34,,,1.487e-18,2.372e-21,,2.203e-15,1.959e-18,1.656e-24,9.672e-18,7.461e-2,1.558e-13,2.609e-20,6.710e-8,,1.086e-18,3.176e-19,6.477e-22,1.228e+0,,1.601e-26,7.582e-19,,1.676e-19,1.523e-20,2.684e+1,3.308e-1,8.069e-30,1.522e-19,1.970e-22,4.300e+1,1.044e+1,5.001e-1,1.771e-17,1.652e-5,1.849e+1,7.612e-18,,9.259e-4,,,1.159e+0,,,8.855e-20,,1.429e-18,,6.414e-19,,1.951e-19,,3.553e-18,,5.326e-18,2.381e-16
546.83,1.005e+2,2.661e-20,4.871e-12,9.798e-40,2.695e-34,,,1.477e-18,2.374e-21,,2.202e-15,1.961e-18,1.657e-24,9.672e-18,7.285e-2,1.709e-13,2.608e-20,6.966e-8,,1.083e-18,3.181e-19,8.124e-22,1.379e+0,,1.602e-26,7.566e-19,,1.677e-19,1.523e-20,2.499e+1,3.209e-1,8.126e-30,1.522e-19,1.969e-22,4.190e+1,1.157e+1,4.757e-1,1.773e-17,1.145e-5,1.858e+1,7.602e-18,,1.294e-3,,,1.254e+0,,,8.832e-20,,1.429e-18,,6.413e-19,,1.953e-19,,3.547e-18,,5.325e-18,2.381e-16
546.85,9.946e+1,2.657e-20,5.547e-12,9.810e-40,2.695e-34,,,1.470e-18,2.375e-21,,2.202e-15,1.962e-18,1.658e-24,9.672e-18,7.149e-2,1.813e-13,2.608e-20,7.119e-8,,1.081e-18,3.185e-19,9.417e-22,1.485e+0,,1.602e-26,7.555e-19,,1.678e-19,1.523e-20,2.383e+1,3.140e-1,8.164e-30,1.523e-19,1.969e-22,4.105e+1,1.235e+1,4.599e-1,1.774e-17,8.944e-6,1.858e+1,7.596e-18,,1.612e-3,,,1.317e+0,,,8.816e-20,,1.429e-18,,6.413e-19,,1.955e-19,,3.544e-18,,5.324e-18,2.381e-16
546.87,9.834e+1,2.652e-20,6.301e-12,9.823e-40,2.695e-34,,,1.463e-18,2.376e-21,,2.202e-15,1.964e-18,1.658e-24,9.672e-18,6.998e-2,1.917e-13,2.608e-20,7.256e-8,,1.079e-18,3.189e-19,1.089e-21,1.595e+0,,1.603e-26,7.544e-19,,1.679e-19,1.523e-20,2.273e+1,3.069e-1,8.202e-30,1.523e-19,1.968e-22,4.012e+1,1.316e+1,4.443e-1,1.776e-17,6.966e-6,1.853e+1,7.589e-18,,2.004e-3,,,1.380e+0,,,8.800e-20,,1.429e-18,,6.412e-19,,1.956e-19,,3.540e-18,,5.323e-18,2.381e-16
546.9,9.660e+1,2.645e-20,7.593e-12,9.841e-40,2.695e-34,,,1.453e-18,2.378e-21,,2.201e-15,1.966e-18,1.659e-24,9.672e-18,6.748e-2,2.076e-13,2.607e-20,7.433e-8,,1.076e-18,3.194e-19,1.348e-21,1.767e+0,,1.603e-26,7.528e-19,,1.680e-19,1.524e-20,2.121e+1,2.960e-1,8.259e-30,1.523e-19,1.968e-22,3.859e+1,1.441e+1,4.212e-1,1.778e-17,4.765e-6,1.837e+1,7.580e-18,,2.763e-3,,,1.474e+0,,,8.777e-20,,1.430e-18,,6.412e-19,,1.959e-19,,3.535e-18,,5.322e-18,2.382e-16
546.92,9.542e+1,2.640e-20,8.570e-12,9.853e-40,2.694e-34,,,1.446e-18,2.379e-21,,2.201e-15,1.967e-18,1.660e-24,9.672e-18,6.568e-2,2.182e-13,2.607e-20,7.528e-8,,1.074e-18,3.198e-19,1.548e-21,1.886e+0,,1.604e-26,7.517e-19,,1.681e-19,1.524e-20,2.029e+1,2.888e-1,8.297e-30,1.523e-19,1.967e-22,3.749e+1,1.526e+1,4.058e-1,1.780e-17,3.687e-6,1.821e+1,7.573e-18,,3.412e-3,,,1.535e+0,,,8.761e-20,,1.430e-18,,6.411e-19,,1.961e-19,,3.531e-18,,5.322e-18,2.382e-16
546.95,9.363e+1,2.634e-20,1.023e-11,9.871e-40,2.694e-34,,,1.436e-18,2.381e-21,,2.201e-15,1.969e-18,1.661e-24,9.671e-18,6.278e-2,2.340e-13,2.606e-20,7.637e-8,,1.072e-18,3.204e-19,1.898e-21,2.070e+0,,1.604e-26,7.500e-19,,1.682e-19,1.524e-20,1.905e+1,2.781e-1,8.354e-30,1.523e-19,1.966e-22,3.572e+1,1.655e+1,3.828e-1,1.782e-17,2.498e-6,1.788e+1,7.563e-18,,4.661e-3,,,1.624e+0,,,8.738e-20,,1.430e-18,,6.410e-19,,1.963e-19,,3.525e-18,,5.321e-18,2.382e-16
546.97,9.243e+1,2.629e-20,1.147e-11,9.884e-40,2.694e-34,,,1.429e-18,2.382e-21,,2.200e-15,1.971e-18,1.661e-24,9.671e-18,6.075e-2,2.444e-13,2.606e-20,7.686e-8,,1.070e-18,3.207e-19,2.167e-21,2.195e+0,,1.605e-26,7.489e-19,,1.683e-19,1.524e-20,1.833e+1,2.711e-1,8.392e-30,1.523e-19,1.966e-22,3.449e+1,1.743e+1,3.675e-1,1.783e-17,1.921e-6,1.761e+1,7.557e-18,,5.720e-3,,,1.680e+0,,,8.722e-20,,1.430e-18,,6.410e-19,,1.965e-19,,3.522e-18,,5.320e-18,2.382e-16
547,9.065e+1,2.622e-20,1.356e-11,9.902e-40,2.694e-34,,,1.419e-18,2.384e-21,,2.200e-15,1.973e-18,1.662e-24,9.671e-18,5.757e-2,2.596e-13,2.605e-20,7.723e-8,,1.067e-18,3.213e-19,2.630e-21,2.386e+0,,1.606e-26,7.473e-19,,1.684e-19,1.524e-20,1.740e+1,2.611e-1,8.449e-30,1.524e-19,1.965e-22,3.256e+1,1.875e+1,3.446e-1,1.786e-17,1.289e-6,1.712e+1,7.547e-18,,7.738e-3,,,1.761e+0,,,8.699e-20,,1.430e-18,,6.409e-19,,1.968e-19,,3.516e-18,,5.319e-18,2.383e-16
547.02,8.948e+1,2.617e-20,1.511e-11,9.914e-40,2.694e-34,,,1.412e-18,2.385e-21,,2.200e-15,1.974e-18,1.663e-24,9.671e-18,5.539e-2,2.694e-13,2.604e-20,7.723e-8,,1.065e-18,3.216e-19,2.984e-21,2.514e+0,,1.606e-26,7.462e-19,,1.685e-19,1.525e-20,1.688e+1,2.547e-1,8.487e-30,1.524e-19,1.964e-22,3.124e+1,1.964e+1,3.293e-1,1.787e-17,9.844e-7,1.675e+1,7.541e-18,,9.436e-3,,,1.811e+0,,,8.683e-20,,1.430e-18,,6.409e-19,,1.969e-19,,3.513e-18,,5.318e-18,2.383e-16
547.05,8.778e+1,2.611e-20,1.769e-11,9.932e-40,2.694e-34,,,1.402e-18,2.387e-21,,2.199e-15,1.976e-18,1.664e-24,9.671e-18,5.205e-2,2.834e-13,2.604e-20,7.686e-8,,1.062e-18,3.222e-19,3.588e-21,2.706e+0,,1.607e-26,7.446e-19,,1.686e-19,1.525e-20,1.626e+1,2.458e-1,8.544e-30,1.524e-19,1.964e-22,2.923e+1,2.095e+1,3.066e-1,1.789e-17,6.541e-7,1.614e+1,7.531e-18,,1.264e-2,,,1.880e+0,,,8.660e-20,,1.430e-18,,6.408e-19,,1.972e-19,,3.507e-18,,5.317e-18,2.383e-16
547.07,8.667e+1,2.606e-20,1.959e-11,9.945e-40,2.694e-34,,,1.395e-18,2.388e-21,,2.199e-15,1.978e-18,1.664e-24,9.671e-18,4.980e-2,2.922e-13,2.603e-20,7.637e-8,,1.060e-18,3.226e-19,4.045e-21,2.834e+0,,1.607e-26,7.435e-19,,1.687e-19,1.525e-20,1.594e+1,2.404e-1,8.583e-30,1.524e-19,1.963e-22,2.787e+1,2.182e+1,2.915e-1,1.791e-17,4.965e-7,1.569e+1,7.525e-18,,1.532e-2,,,1.921e+0,,,8.644e-20,,1.431e-18,,6.407e-19,,1.974e-19,,3.504e-18,,5.317e-18,2.384e-16
547.1,8.508e+1,2.599e-20,2.272e-11,9.963e-40,2.694e-34,,,1.385e-18,2.390e-21,,2.199e-15,1.980e-18,1.665e-24,9.670e-18,4.642e-2,3.045e-13,2.603e-20,7.528e-8,,1.058e-18,3.231e-19,4.818e-21,3.021e+0,,1.608e-26,7.418e-19,,1.688e-19,1.525e-20,1.562e+1,2.331e-1,8.640e-30,1.524e-19,1.962e-22,2.583e+1,2.309e+1,2.692e-1,1.793e-17,3.267e-7,1.497e+1,7.515e-18,,2.034e-2,,,1.975e+0,,,8.621e-20,,1.431e-18,,6.407e-19,,1.976e-19,,3.498e-18,,5.316e-18,2.384e-16
547.12,8.407e+1,2.594e-20,2.500e-11,9.975e-40,2.693e-34,,,1.378e-18,2.391e-21,,2.198e-15,1.981e-18,1.666e-24,9.670e-18,4.418e-2,3.120e-13,2.602e-20,7.433e-8,,1.056e-18,3.235e-19,5.396e-21,3.143e+0,,1.608e-26,7.408e-19,,1.689e-19,1.525e-20,1.550e+1,2.289e-1,8.678e-30,1.524e-19,1.962e-22,2.448e+1,2.392e+1,2.546e-1,1.794e-17,2.464e-7,1.446e+1,7.509e-18,,2.448e-2,,,2.005e+0,,,8.605e-20,,1.431e-18,,6.406e-19,,1.978e-19,,3.494e-18,,5.315e-18,2.384e-16
547.15,8.262e+1,2.588e-20,2.872e-11,9.993e-40,2.693e-34,,,1.368e-18,2.393e-21,,2.198e-15,1.983e-18,1.667e-24,9.670e-18,4.086e-2,3.220e-13,2.602e-20,7.256e-8,,1.053e-18,3.240e-19,6.366e-21,3.320e+0,,1.609e-26,7.391e-19,,1.691e-19,1.526e-20,1.545e+1,2.235e-1,8.735e-30,1.525e-19,1.961e-22,2.249e+1,2.513e+1,2.332e-1,1.797e-17,1.606e-7,1.367e+1,7.499e-18,,3.219e-2,,,2.042e+0,,,8.582e-20,,1.431e-18,,6.405e-19,,1.980e-19,,3.489e-18,,5.314e-18,2.384e-16
547.17,8.171e+1,2.583e-20,3.140e-11,1.001e-39,2.693e-34,,,1.361e-18,2.394e-21,,2.198e-15,1.985e-18,1.668e-24,9.670e-18,3.869e-2,3.278e-13,2.601e-20,7.119e-8,,1.051e-18,3.244e-19,7.085e-21,3.432e+0,,1.609e-26,7.380e-19,,1.691e-19,1.526e-20,1.550e+1,2.207e-1,8.773e-30,1.525e-19,1.960e-22,2.118e+1,2.590e+1,2.192e-1,1.798e-17,1.203e-7,1.312e+1,7.493e-18,,3.851e-2,,,2.061e+0,,,8.566e-20,,1.431e-18,,6.405e-19,,1.982e-19,,3.485e-18,,5.313e-18,2.385e-16
547.2,8.043e+1,2.576e-20,3.573e-11,1.002e-39,2.693e-34,,,1.351e-18,2.396e-21,,2.197e-15,1.987e-18,1.668e-24,9.670e-18,3.552e-2,3.351e-13,2.601e-20,6.884e-8,,1.048e-18,3.250e-19,8.279e-21,3.590e+0,,1.610e-26,7.364e-19,,1.693e-19,1.526e-20,1.569e+1,2.174e-1,8.830e-30,1.525e-19,1.960e-22,1.928e+1,2.701e+1,1.990e-1,1.800e-17,7.767e-8,1.228e+1,7.483e-18,,5.015e-2,,,2.079e+0,,,8.543e-20,,1.431e-18,,6.404e-19,,1.985e-19,,3.480e-18,,5.312e-18,2.385e-16
547.22,7.962e+1,2.571e-20,3.881e-11,1.004e-39,2.693e-34,,,1.344e-18,2.397e-21,,2.197e-15,1.988e-18,1.669e-24,9.670e-18,3.348e-2,3.390e-13,2.600e-20,6.710e-8,,1.046e-18,3.253e-19,9.156e-21,3.687e+0,,1.610e-26,7.353e-19,,1.694e-19,1.526e-20,1.588e+1,2.160e-1,8.868e-30,1.525e-19,1.959e-22,1.805e+1,2.772e+1,1.860e-1,1.802e-17,5.783e-8,1.171e+1,7.476e-18,,5.962e-2,,,2.084e+0,,,8.527e-20,,1.432e-18,,6.403e-19,,1.986e-19,,3.476e-18,,5.312e-18,2.385e-16
547.24,7.886e+1,2.567e-20,4.206e-11,1.005e-39,2.693e-34,,,1.337e-18,2.398e-21,,2.197e-15,1.989e-18,1.670e-24,9.670e-18,3.150e-2,3.420e-13,2.600e-20,6.524e-8,,1.044e-18,3.257e-19,1.010e-20,3.778e+0,,1.611e-26,7.342e-19,,1.694e-19,1.526e-20,1.612e+1,2.151e-1,8.906e-30,1.525e-19,1.959e-22,1.686e+1,2.839e+1,1.734e-1,1.803e-17,4.294e-8,1.114e+1,7.470e-18,,7.069e-2,,,2.084e+0,,,8.511e-20,,1.432e-18,,6.403e-19,,1.988e-19,,3.473e-18,,5.311e-18,2.385e-16
547.27,7.780e+1,2.560e-20,4.722e-11,1.007e-39,2.693e-34,,,1.327e-18,2.400e-21,,2.196e-15,1.992e-18,1.671e-24,9.669e-18,2.866e-2,3.450e-13,2.599e-20,6.224e-8,,1.042e-18,3.262e-19,1.165e-20,3.899e+0,,1.611e-26,7.326e-19,,1.696e-19,1.527e-20,1.657e+1,2.150e-1,8.963e-30,1.526e-19,1.958e-22,1.515e+1,2.933e+1,1.555e-1,1.806e-17,2.734e-8,1.029e+1,7.460e-18,,9.084e-2,,,2.074e+0,,,8.488e-20,,1.432e-18,,6.402e-19,,1.991e-19,,3.467e-18,,5.310e-18,2.386e-16
547.29,7.713e+1,2.555e-20,5.084e-11,1.008e-39,2.693e-34,,,1.320e-18,2.401e-21,,2.196e-15,1.993e-18,1.671e-24,9.669e-18,2.686e-2,3.459e-13,2.599e-20,6.013e-8,,1.040e-18,3.266e-19,1.276e-20,3.970e+0,,1.612e-26,7.315e-19,,1.697e-19,1.527e-20,1.690e+1,2.156e-1,9.001e-30,1.526e-19,1.957e-22,1.406e+1,2.992e+1,1.441e-1,1.807e-17,2.018e-8,9.724e+0,1.179e-17,,1.070e-1,,,2.061e+0,,,8.472e-20,,1.432e-18,,6.402e-19,,1.992e-19,,3.463e-18,,5.309e-18,2.386e-16
547.32,7.621e+1,2.548e-20,5.653e-11,1.010e-39,2.693e-34,,,1.309e-18,2.403e-21,,2.195e-15,1.995e-18,1.672e-24,9.669e-18,2.431e-2,3.455e-13,2.598e-20,5.682e-8,,1.037e-18,3.272e-19,1.458e-20,4.059e+0,,1.612e-26,7.298e-19,,1.698e-19,1.527e-20,1.746e+1,2.177e-1,9.058e-30,1.526e-19,1.956e-22,1.252e+1,3.073e+1,1.279e-1,1.809e-17,1.272e-8,8.894e+0,2.331e-17,,1.362e-1,,,2.032e+0,,,8.449e-20,,1.432e-18,,6.401e-19,,1.995e-19,,3.458e-18,,5.308e-18,2.386e-16
547.34,7.563e+1,2.544e-20,6.048e-11,1.011e-39,2.692e-34,,,1.303e-18,2.404e-21,,2.195e-15,1.996e-18,1.673e-24,9.669e-18,2.271e-2,3.442e-13,2.598e-20,5.454e-8,,1.035e-18,3.275e-19,1.588e-20,4.106e+0,,1.613e-26,7.288e-19,,1.699e-19,1.527e-20,1.786e+1,2.198e-1,9.096e-30,1.526e-19,1.956e-22,1.155e+1,3.123e+1,1.178e-1,1.811e-17,9.328e-9,8.353e+0,3.660e-17,,1.595e-1,,,2.007e+0,,,8.433e-20,,1.432e-18,,6.400e-19,,1.997e-19,,3.454e-18,,5.308e-18,2.387e-16
547.37,7.482e+1,2.537e-20,6.661e-11,1.013e-39,2.692e-34,,,1.292e-18,2.406e-21,,2.195e-15,1.998e-18,1.674e-24,9.669e-18,2.047e-2,3.406e-13,2.597e-20,5.105e-8,,1.032e-18,3.281e-19,1.796e-20,4.157e+0,,1.613e-26,7.271e-19,,1.700e-19,1.527e-20,1.848e+1,2.240e-1,9.153e-30,1.526e-19,1.955e-22,1.019e+1,3.192e+1,1.037e-1,1.813e-17,5.826e-9,7.567e+0,7.169e-17,,2.011e-1,,,1.960e+0,,,8.410e-20,,1.433e-18,,6.400e-19,,1.999e-19,,3.449e-18,,5.307e-18,2.387e-16
547.39,7.431e+1,2.532e-20,7.082e-11,1.014e-39,2.692e-34,,,1.286e-18,2.407e-21,,2.194e-15,2.000e-18,1.674e-24,9.669e-18,1.908e-2,3.372e-13,2.597e-20,4.869e-8,,1.030e-18,3.284e-19,1.943e-20,4.179e+0,,1.614e-26,7.260e-19,,1.701e-19,1.528e-20,1.890e+1,2.275e-1,9.191e-30,1.526e-19,1.955e-22,9.344e+0,3.233e+1,9.491e-2,1.814e-17,4.244e-9,7.062e+0,1.119e-16,,2.339e-1,,,1.923e+0,,,8.394e-20,,1.433e-18,,6.399e-19,,2.001e-19,,3.445e-18,,5.306e-18,2.387e-16
547.42,7.359e+1,2.525e-20,7.725e-11,1.016e-39,2.692e-34,,,1.275e-18,2.409e-21,,2.194e-15,2.002e-18,1.675e-24,9.668e-18,1.716e-2,3.305e-13,2.596e-20,4.514e-8,,1.028e-18,3.290e-19,2.177e-20,4.192e+0,,1.614e-26,7.244e-19,,1.702e-19,1.528e-20,1.952e+1,2.337e-1,9.248e-30,1.527e-19,1.954e-22,8.168e+0,3.289e+1,8.274e-2,1.817e-17,2.625e-9,6.336e+0,2.170e-16,,2.921e-1,,,1.861e+0,,,8.371e-20,,1.433e-18,,6.398e-19,,2.004e-19,,3.440e-18,,5.305e-18,2.388e-16
547.44,7.313e+1,2.521e-20,8.161e-11,1.017e-39,2.692e-34,,,1.268e-18,2.410e-21,,2.194e-15,2.003e-18,1.676e-24,9.668e-18,1.598e-2,3.250e-13,2.596e-20,4.278e-8,,1.026e-18,3.294e-19,2.341e-20,4.187e+0,,1.615e-26,7.233e-19,,1.703e-19,1.528e-20,1.992e+1,2.385e-1,9.286e-30,1.527e-19,1.953e-22,7.446e+0,3.322e+1,7.528e-2,1.818e-17,1.900e-9,5.876e+0,3.365e-16,,3.377e-1,,,1.815e+0,,,8.355e-20,,1.433e-18,,6.398e-19,,2.005e-19,,3.436e-18,,5.304e-18,2.388e-16
547.47,7.247e+1,2.514e-20,8.818e-11,1.019e-39,2.692e-34,,,1.258e-18,2.412e-21,,2.193e-15,2.005e-18,1.677e-24,9.668e-18,1.436e-2,3.155e-13,2.595e-20,3.928e-8,,1.023e-18,3.299e-19,2.598e-20,4.160e+0,,1.615e-26,7.217e-19,,1.704e-19,1.528e-20,2.049e+1,2.466e-1,9.344e-30,1.527e-19,1.952e-22,6.450e+0,3.366e+1,6.503e-2,1.820e-17,1.164e-9,5.222e+0,6.468e-16,,4.177e-1,,,1.740e+0,,,8.332e-20,,1.433e-18,,6.397e-19,,2.008e-19,,3.431e-18,,5.303e-18,2.388e-16
547.49,7.205e+1,2.509e-20,9.255e-11,1.020e-39,2.692e-34,,,1.251e-18,2.413e-21,,2.193e-15,2.007e-18,1.677e-24,9.668e-18,1.338e-2,3.084e-13,2.594e-20,3.699e-8,,1.021e-18,3.303e-19,2.776e-20,4.130e+0,,1.616e-26,7.206e-19,,1.705e-19,1.528e-20,2.085e+1,2.526e-1,9.382e-30,1.527e-19,1.952e-22,5.844e+0,3.393e+1,5.882e-2,1.822e-17,8.369e-10,4.811e+0,9.967e-16,,4.798e-1,,,1.686e+0,,,8.316e-20,,1.433e-18,,6.397e-19,,2.009e-19,,3.427e-18,,5.303e-18,2.388e-16
547.52,7.142e+1,2.502e-20,9.905e-11,1.022e-39,2.692e-34,,,1.241e-18,2.415e-21,,2.193e-15,2.009e-18,1.678e-24,9.668e-18,1.204e-2,2.965e-13,2.594e-20,3.364e-8,,1.018e-18,3.308e-19,3.052e-20,4.065e+0,,1.616e-26,7.189e-19,,1.706e-19,1.529e-20,2.132e+1,2.625e-1,9.439e-30,1.527e-19,1.951e-22,5.017e+0,3.428e+1,5.038e-2,1.824e-17,5.078e-10,4.235e+0,1.897e-15,,5.879e-1,,,1.602e+0,,,8.293e-20,,1.434e-18,,6.396e-19,,2.012e-19,,3.421e-18,,5.302e-18,2.389e-16
547.54,7.101e+1,2.498e-20,1.033e-10,1.023e-39,2.691e-34,,,1.234e-18,2.416e-21,,2.192e-15,2.010e-18,1.679e-24,9.668e-18,1.124e-2,2.879e-13,2.593e-20,3.148e-8,,1.016e-18,3.312e-19,3.240e-20,4.010e+0,,1.617e-26,7.178e-19,,1.707e-19,1.529e-20,2.159e+1,2.696e-1,9.477e-30,1.527e-19,1.951e-22,4.518e+0,3.448e+1,4.532e-2,1.825e-17,3.628e-10,3.877e+0,2.905e-15,,6.710e-1,,,1.544e+0,,,8.277e-20,,1.434e-18,,6.395e-19,,2.014e-19,,3.418e-18,,5.301e-18,2.389e-16
547.57,7.040e+1,2.491e-20,1.095e-10,1.025e-39,2.691e-34,,,1.224e-18,2.418e-21,,2.192e-15,2.012e-18,1.680e-24,9.667e-18,1.016e-2,2.742e-13,2.593e-20,2.835e-8,,1.014e-18,3.318e-19,3.528e-20,3.910e+0,,1.617e-26,7.162e-19,,1.709e-19,1.529e-20,2.192e+1,2.810e-1,9.534e-30,1.528e-19,1.950e-22,3.844e+0,3.475e+1,3.853e-2,1.828e-17,2.180e-10,3.380e+0,5.479e-15,,8.143e-1,,,1.454e+0,,,8.254e-20,,1.434e-18,,6.395e-19,,2.016e-19,,3.412e-18,,5.300e-18,2.389e-16
547.59,6.999e+1,2.486e-20,1.135e-10,1.026e-39,2.691e-34,,,1.217e-18,2.419e-21,,2.192e-15,2.014e-18,1.681e-24,9.667e-18,9.510e-3,2.646e-13,2.592e-20,2.636e-8,,1.012e-18,3.321e-19,3.722e-20,3.834e+0,,1.618e-26,7.151e-19,,1.709e-19,1.529e-20,2.209e+1,2.892e-1,9.572e-30,1.528e-19,1.949e-22,3.441e+0,3.490e+1,3.451e-2,1.829e-17,1.548e-10,3.074e+0,8.337e-15,,9.235e-1,,,1.393e+0,,,8.238e-20,,1.434e-18,,6.394e-19,,2.018e-19,,3.409e-18,,5.299e-18,2.389e-16
547.61,6.958e+1,2.482e-20,1.173e-10,1.027e-39,2.691e-34,,,1.210e-18,2.421e-21,,2.191e-15,2.015e-18,1.681e-24,9.667e-18,8.919e-3,2.547e-13,2.592e-20,2.444e-8,,1.010e-18,3.325e-19,3.916e-20,3.750e+0,,1.618e-26,7.140e-19,,1.710e-19,1.529e-20,2.221e+1,2.977e-1,9.610e-30,1.528e-19,1.949e-22,3.072e+0,3.504e+1,3.088e-2,1.831e-17,1.096e-10,2.790e+0,1.265e-14,,1.045e+0,,,1.333e+0,,,8.222e-20,,1.434e-18,,6.394e-19,,2.020e-19,,3.405e-18,,5.299e-18,2.390e-16
547.64,6.895e+1,2.475e-20,1.227e-10,1.029e-39,2.691e-34,,,1.200e-18,2.422e-21,,2.191e-15,2.017e-18,1.682e-24,9.667e-18,8.129e-3,2.394e-13,2.591e-20,2.172e-8,,1.007e-18,3.330e-19,4.207e-20,3.611e+0,,1.619e-26,7.124e-19,,1.712e-19,1.530e-20,2.230e+1,3.112e-1,9.667e-30,1.528e-19,1.948e-22,2.581e+0,3.522e+1,2.609e-2,1.833e-17,6.496e-11,2.399e+0,2.355e-14,,1.251e+0,,,1.242e+0,,,8.199e-20,,1.434e-18,,6.393e-19,,2.022e-19,,3.400e-18,,5.298e-18,2.390e-16
547.66,6.853e+1,2.470e-20,1.260e-10,1.030e-39,2.691e-34,,,1.193e-18,2.424e-21,,2.191e-15,2.019e-18,1.683e-24,9.667e-18,7.661e-3,2.289e-13,2.591e-20,2.002e-8,,1.594e-18,3.334e-19,4.399e-20,3.511e+0,,1.619e-26,7.113e-19,,1.712e-19,1.530e-20,2.230e+1,3.206e-1,9.705e-30,1.528e-19,1.947e-22,2.291e+0,3.533e+1,2.333e-2,1.834e-17,4.570e-11,2.163e+0,3.552e-14,,1.406e+0,,,1.182e+0,,,8.183e-20,,1.434e-18,,6.392e-19,,2.024e-19,,3.396e-18,,5.297e-18,2.390e-16
547.69,6.787e+1,2.463e-20,1.306e-10,1.032e-39,2.691e-34,,,1.183e-18,2.425e-21,,2.190e-15,2.021e-18,1.684e-24,9.667e-18,7.036e-3,2.131e-13,2.590e-20,1.762e-8,,3.161e-18,3.340e-19,4.681e-20,3.352e+0,,1.620e-26,7.097e-19,,1.714e-19,1.530e-20,2.219e+1,3.353e-1,9.762e-30,1.528e-19,1.947e-22,1.907e+0,3.545e+1,1.977e-2,1.837e-17,2.683e-11,1.843e+0,6.548e-14,,1.668e+0,,,1.094e+0,,,8.160e-20,,1.435e-18,,6.392e-19,,2.027e-19,,3.390e-18,,5.296e-18,2.391e-16
547.71,6.743e+1,2.459e-20,1.333e-10,1.033e-39,2.691e-34,,,1.176e-18,2.427e-21,,2.190e-15,2.022e-18,1.684e-24,9.667e-18,6.667e-3,2.026e-13,2.590e-20,1.613e-8,,4.974e-18,3.343e-19,4.863e-20,3.242e+0,,1.620e-26,7.086e-19,,1.715e-19,1.530e-20,2.206e+1,3.455e-1,9.800e-30,1.529e-19,1.946e-22,1.683e+0,3.552e+1,1.777e-2,1.838e-17,1.875e-11,1.651e+0,9.814e-14,,1.863e+0,,,1.038e+0,,,8.144e-20,,1.435e-18,,6.391e-19,,2.028e-19,,3.387e-18,,5.295e-18,2.391e-16
547.74,6.674e+1,2.452e-20,1.368e-10,1.035e-39,2.690e-34,,,1.166e-18,2.428e-21,,2.189e-15,2.024e-18,1.685e-24,9.666e-18,6.173e-3,1.868e-13,2.589e-20,1.406e-8,,9.769e-18,3.349e-19,5.126e-20,3.071e+0,,1.621e-26,7.069e-19,,1.716e-19,1.530e-20,2.176e+1,3.614e-1,9.857e-30,1.529e-19,1.945e-22,1.389e+0,3.560e+1,1.529e-2,1.840e-17,1.091e-11,1.393e+0,1.792e-13,,2.189e+0,,,9.572e-1,,,8.121e-20,,1.435e-18,,6.390e-19,,2.031e-19,,3.381e-18,,5.294e-18,2.391e-16
547.76,6.627e+1,2.447e-20,1.387e-10,1.037e-39,2.690e-34,,,1.159e-18,2.430e-21,,2.189e-15,2.026e-18,1.686e-24,9.666e-18,5.879e-3,1.765e-13,2.589e-20,1.279e-8,,1.527e-17,3.353e-19,5.292e-20,2.954e+0,,1.621e-26,7.058e-19,,1.717e-19,1.530e-20,2.150e+1,3.722e-1,9.895e-30,1.529e-19,1.945e-22,1.218e+0,3.563e+1,1.397e-2,1.842e-17,7.574e-12,1.240e+0,2.669e-13,,2.429e+0,,,9.063e-1,,,8.105e-20,,1.435e-18,,6.390e-19,,2.033e-19,,3.378e-18,,5.294e-18,2.391e-16
547.79,6.555e+1,2.440e-20,1.410e-10,1.038e-39,2.690e-34,,,1.149e-18,2.431e-21,,2.189e-15,2.028e-18,1.687e-24,9.666e-18,5.483e-3,1.613e-13,2.588e-20,1.105e-8,,2.972e-17,3.358e-19,5.524e-20,2.779e+0,,1.622e-26,7.042e-19,,1.718e-19,1.531e-20,2.102e+1,3.890e-1,9.952e-30,1.529e-19,1.944e-22,9.967e-1,3.565e+1,1.245e-2,1.844e-17,4.362e-12,1.036e+0,4.829e-13,,2.827e+0,,,8.350e-1,,,8.082e-20,,1.435e-18,,6.389e-19,,2.035e-19,,3.372e-18,,5.293e-18,2.392e-16
547.81,6.505e+1,2.435e-20,1.420e-10,1.040e-39,2.690e-34,,,1.142e-18,2.433e-21,,2.188e-15,2.029e-18,1.687e-24,9.666e-18,5.246e-3,1.514e-13,2.588e-20,9.987e-9,,4.617e-17,3.362e-19,5.667e-20,2.663e+0,,1.623e-26,7.031e-19,,1.719e-19,1.531e-20,2.064e+1,4.004e-1,9.990e-30,1.529e-19,1.944e-22,8.694e-1,3.564e+1,1.174e-2,1.845e-17,3.010e-12,9.165e-1,7.147e-13,,3.118e+0,,,7.912e-1,,,8.066e-20,,1.435e-18,,6.389e-19,,2.037e-19,,3.369e-18,,5.292e-18,2.392e-16
547.84,6.429e+1,2.429e-20,1.430e-10,1.041e-39,2.690e-34,,,1.132e-18,2.434e-21,,2.188e-15,2.031e-18,1.688e-24,9.666e-18,4.921e-3,1.372e-13,2.587e-20,8.542e-9,,8.899e-17,3.367e-19,5.860e-20,2.493e+0,,1.623e-26,7.015e-19,,1.720e-19,1.531e-20,1.998e+1,4.178e-1,1.005e-29,1.529e-19,1.943e-22,7.054e-1,3.559e+1,1.112e-2,1.848e-17,1.717e-12,7.586e-1,1.281e-12,,3.594e+0,,,7.319e-1,,,8.043e-20,,1.436e-18,,6.388e-19,,2.039e-19,,3.363e-18,,5.291e-18,2.392e-16
547.86,6.377e+1,2.424e-20,1.432e-10,1.043e-39,2.690e-34,,,1.125e-18,2.436e-21,,2.188e-15,2.033e-18,1.689e-24,9.666e-18,4.723e-3,1.281e-13,2.587e-20,7.672e-9,,1.374e-16,3.371e-19,5.973e-20,2.382e+0,,1.624e-26,7.004e-19,,1.721e-19,1.531e-20,1.950e+1,4.296e-1,1.009e-29,1.530e-19,1.942e-22,6.121e-1,3.553e+1,1.099e-2,1.849e-17,1.177e-12,6.666e-1,1.883e-12,,3.938e+0,,,6.968e-1,,,8.027e-20,,1.436e-18,,6.387e-19,,2.041e-19,,3.359e-18,,5.290e-18,2.393e-16
547.89,6.297e+1,2.417e-20,1.428e-10,1.044e-39,2.690e-34,,,1.115e-18,2.437e-21,,2.187e-15,2.035e-18,1.690e-24,9.665e-18,4.449e-3,1.150e-13,2.586e-20,6.499e-9,,2.623e-16,3.376e-19,6.117e-20,2.224e+0,,1.624e-26,6.987e-19,,1.722e-19,1.532e-20,1.871e+1,4.474e-1,1.014e-29,1.530e-19,1.941e-22,4.931e-1,3.539e+1,1.124e-2,1.851e-17,6.648e-13,5.465e-1,3.343e-12,,4.496e+0,,,6.513e-1,,,8.004e-20,,1.436e-18,,6.387e-19,,2.044e-19,,3.354e-18,,5.289e-18,2.393e-16
547.91,6.243e+1,2.412e-20,1.420e-10,1.046e-39,2.690e-34,,,1.108e-18,2.439e-21,,2.187e-15,2.036e-18,1.691e-24,9.665e-18,4.277e-3,1.068e-13,2.586e-20,5.800e-9,,4.024e-16,3.380e-19,6.195e-20,2.124e+0,,1.625e-26,6.976e-19,,1.723e-19,1.532e-20,1.814e+1,4.593e-1,1.018e-29,1.530e-19,1.941e-22,4.261e-1,3.527e+1,1.170e-2,1.853e-17,4.528e-13,4.772e-1,4.886e-12,,4.896e+0,,,6.260e-1,,,7.988e-20,,1.436e-18,,6.386e-19,,2.045e-19,,3.350e-18,,5.289e-18,2.393e-16
547.94,6.160e+1,2.406e-20,1.403e-10,1.047e-39,2.690e-34,,,1.097e-18,2.440e-21,,2.186e-15,2.038e-18,1.692e-24,9.665e-18,4.035e-3,9.524e-14,2.585e-20,4.867e-9,,7.611e-16,3.386e-19,6.285e-20,1.985e+0,,1.625e-26,6.960e-19,,1.725e-19,1.532e-20,1.724e+1,4.772e-1,1.024e-29,1.530e-19,1.940e-22,3.415e-1,3.502e+1,1.286e-2,1.855e-17,2.534e-13,3.875e-1,8.592e-12,,5.537e+0,,,5.960e-1,,,7.965e-20,,1.436e-18,,6.385e-19,,2.048e-19,,3.345e-18,,5.288e-18,2.393e-16
547.96,6.104e+1,2.401e-20,1.387e-10,1.049e-39,2.689e-34,,,1.091e-18,2.442e-21,,2.186e-15,2.040e-18,1.692e-24,9.665e-18,3.881e-3,8.803e-14,2.584e-20,4.315e-9,,1.160e-15,3.389e-19,6.325e-20,1.901e+0,,1.626e-26,6.949e-19,,1.725e-19,1.532e-20,1.661e+1,4.891e-1,1.028e-29,1.530e-19,1.940e-22,2.945e-1,3.481e+1,1.396e-2,1.856e-17,1.715e-13,3.362e-1,1.248e-11,,5.991e+0,,,5.814e-1,,,7.949e-20,,1.436e-18,,6.385e-19,,2.050e-19,,3.341e-18,,5.287e-18,2.394e-16
547.98,6.046e+1,2.396e-20,1.368e-10,1.050e-39,2.689e-34,,,1.084e-18,2.443e-21,,2.186e-15,2.041e-18,1.693e-24,9.665e-18,3.732e-3,8.124e-14,2.584e-20,3.817e-9,,1.765e-15,3.393e-19,6.349e-20,1.824e+0,,1.626e-26,6.938e-19,,1.726e-19,1.532e-20,1.597e+1,5.009e-1,1.031e-29,1.530e-19,1.939e-22,2.540e-1,3.457e+1,1.534e-2,1.858e-17,1.157e-13,2.910e-1,1.808e-11,,6.466e+0,,,5.713e-1,,,7.933e-20,,1.437e-18,,6.384e-19,,2.051e-19,,3.338e-18,,5.286e-18,2.394e-16
548.01,5.959e+1,2.389e-20,1.333e-10,1.052e-39,2.689e-34,,,1.073e-18,2.445e-21,,2.185e-15,2.043e-18,1.694e-24,9.665e-18,3.515e-3,7.186e-14,2.583e-20,3.160e-9,,3.294e-15,3.398e-19,6.355e-20,1.724e+0,,1.627e-26,6.922e-19,,1.728e-19,1.532e-20,1.497e+1,5.184e-1,1.037e-29,1.531e-19,1.938e-22,2.041e-1,3.414e+1,1.795e-2,1.860e-17,6.389e-14,2.331e-1,3.137e-11,,7.215e+0,,,5.647e-1,,,7.910e-20,,1.437e-18,,6.384e-19,,2.054e-19,,3.332e-18,,5.285e-18,2.394e-16
548.03,5.901e+1,2.385e-20,1.306e-10,1.053e-39,2.689e-34,,,1.067e-18,2.446e-21,,2.185e-15,2.044e-18,1.694e-24,9.664e-18,3.375e-3,6.614e-14,2.583e-20,2.777e-9,,4.977e-15,3.402e-19,6.339e-20,1.668e+0,,1.627e-26,6.911e-19,,1.728e-19,1.533e-20,1.430e+1,5.299e-1,1.041e-29,1.531e-19,1.938e-22,1.771e-1,3.380e+1,2.009e-2,1.862e-17,4.285e-14,2.004e-1,4.515e-11,,7.738e+0,,,5.660e-1,,,7.894e-20,,1.437e-18,,6.383e-19,,2.056e-19,,3.328e-18,,5.285e-18,2.394e-16
548.06,5.811e+1,2.378e-20,1.260e-10,1.055e-39,2.689e-34,,,1.056e-18,2.447e-21,,2.185e-15,2.046e-18,1.695e-24,9.664e-18,3.168e-3,5.836e-14,2.582e-20,2.277e-9,,9.203e-15,3.408e-19,6.285e-20,1.603e+0,,1.628e-26,6.895e-19,,1.730e-19,1.533e-20,1.328e+1,5.467e-1,1.047e-29,1.531e-19,1.937e-22,1.446e-1,3.322e+1,2.395e-2,1.864e-17,2.342e-14,1.591e-1,7.762e-11,,8.553e+0,,,5.769e-1,,,7.871e-20,,1.437e-18,,6.382e-19,,2.058e-19,,3.323e-18,,5.284e-18,2.395e-16
548.08,5.751e+1,2.373e-20,1.227e-10,1.056e-39,2.689e-34,,,1.050e-18,2.449e-21,,2.184e-15,2.048e-18,1.696e-24,9.664e-18,3.033e-3,5.370e-14,2.582e-20,1.988e-9,,1.382e-14,3.411e-19,6.229e-20,1.572e+0,,1.628e-26,6.884e-19,,1.731e-19,1.533e-20,1.261e+1,5.575e-1,1.050e-29,1.531e-19,1.936e-22,1.278e-1,3.278e+1,2.700e-2,1.865e-17,1.561e-14,1.359e-1,1.110e-10,,9.114e+0,,,5.900e-1,,,7.855e-20,,1.437e-18,,6.382e-19,,2.060e-19,,3.319e-18,,5.283e-18,2.395e-16
548.11,5.660e+1,2.366e-20,1.173e-10,1.058e-39,2.689e-34,,,1.039e-18,2.450e-21,,2.184e-15,2.050e-18,1.697e-24,9.664e-18,2.834e-3,4.748e-14,2.581e-20,1.615e-9,,2.531e-14,3.417e-19,6.117e-20,1.547e+0,,1.629e-26,6.867e-19,,1.732e-19,1.533e-20,1.160e+1,5.733e-1,1.056e-29,1.531e-19,1.936e-22,1.086e-1,3.204e+1,3.234e-2,1.868e-17,8.451e-15,1.068e-1,1.891e-10,,9.978e+0,,,6.186e-1,,,7.832e-20,,1.437e-18,,6.381e-19,,2.062e-19,,3.314e-18,,5.282e-18,2.395e-16
548.13,5.599e+1,2.362e-20,1.135e-10,1.059e-39,2.689e-34,,,1.032e-18,2.452e-21,,2.184e-15,2.051e-18,1.697e-24,9.664e-18,2.704e-3,4.383e-14,2.581e-20,1.401e-9,,3.777e-14,3.421e-19,6.024e-20,1.544e+0,,1.629e-26,6.856e-19,,1.733e-19,1.533e-20,1.094e+1,5.834e-1,1.060e-29,1.531e-19,1.935e-22,9.953e-2,3.149e+1,3.646e-2,1.869e-17,5.595e-15,9.067e-2,2.688e-10,,1.057e+1,,,6.436e-1,,,7.816e-20,,1.438e-18,,6.381e-19,,2.064e-19,,3.310e-18,,5.281e-18,2.396e-16
548.16,5.507e+1,2.355e-20,1.075e-10,1.061e-39,2.688e-34,,,1.022e-18,2.453e-21,,2.183e-15,2.053e-18,1.698e-24,9.664e-18,2.511e-3,3.908e-14,2.580e-20,1.127e-9,,6.853e-14,3.426e-19,5.860e-20,1.561e+0,,1.630e-26,6.840e-19,,1.734e-19,1.534e-20,9.969e+0,5.979e-1,1.066e-29,1.532e-19,1.934e-22,9.078e-2,3.059e+1,4.355e-2,1.871e-17,3.000e-15,7.059e-2,4.533e-10,,1.146e+1,,,6.897e-1,,,7.793e-20,,1.438e-18,,6.380e-19,,2.067e-19,,3.305e-18,,5.280e-18,2.396e-16
548.18,5.446e+1,2.350e-20,1.033e-10,1.062e-39,2.688e-34,,,1.015e-18,2.455e-21,,2.183e-15,2.055e-18,1.699e-24,9.664e-18,2.385e-3,3.638e-14,2.580e-20,9.717e-10,,1.016e-13,3.430e-19,5.734e-20,1.588e+0,,1.630e-26,6.829e-19,,1.735e-19,1.534e-20,9.341e+0,6.072e-1,1.069e-29,1.532e-19,1.934e-22,8.793e-2,2.994e+1,4.895e-2,1.873e-17,1.974e-15,5.954e-2,6.403e-10,,1.206e+1,,,7.262e-1,,,7.777e-20,,1.438e-18,,6.379e-19,,2.068e-19,,3.301e-18,,5.279e-18,2.396e-16
548.21,5.353e+1,2.343e-20,9.690e-11,1.064e-39,2.688e-34,,,1.005e-18,2.456e-21,,2.183e-15,2.057e-18,1.700e-24,9.663e-18,2.200e-3,3.299e-14,2.579e-20,7.741e-10,,1.827e-13,3.435e-19,5.524e-20,1.652e+0,,1.631e-26,6.813e-19,,1.736e-19,1.534e-20,8.432e+0,6.203e-1,1.075e-29,1.532e-19,1.933e-22,8.777e-2,2.890e+1,5.812e-2,1.875e-17,1.048e-15,4.591e-2,1.070e-9,,1.295e+1,,,7.893e-1,,,7.754e-20,,1.438e-18,,6.378e-19,,2.071e-19,,3.296e-18,,5.278e-18,2.396e-16
548.23,5.292e+1,2.339e-20,9.255e-11,1.065e-39,2.688e-34,,,9.982e-19,2.458e-21,,2.182e-15,2.058e-18,1.701e-24,9.663e-18,2.080e-3,3.115e-14,2.579e-20,6.632e-10,,2.692e-13,3.439e-19,5.372e-20,1.711e+0,,1.631e-26,6.802e-19,,1.737e-19,1.534e-20,7.850e+0,6.285e-1,1.079e-29,1.532e-19,1.932e-22,9.027e-2,2.816e+1,6.501e-2,1.876e-17,6.851e-16,3.848e-2,1.502e-9,,1.354e+1,,,8.368e-1,,,7.738e-20,,1.438e-18,,6.378e-19,,2.073e-19,,3.292e-18,,5.278e-18,2.397e-16
548.26,5.199e+1,2.332e-20,8.599e-11,1.067e-39,2.688e-34,,,9.880e-19,2.459e-21,,2.182e-15,2.060e-18,1.701e-24,9.663e-18,1.904e-3,2.898e-14,2.578e-20,5.233e-10,,4.792e-13,3.444e-19,5.126e-20,1.823e+0,,1.632e-26,6.785e-19,,1.738e-19,1.534e-20,7.019e+0,6.402e-1,1.085e-29,1.532e-19,1.932e-22,9.780e-2,2.699e+1,7.658e-2,1.879e-17,3.603e-16,2.938e-2,2.486e-9,,1.440e+1,,,9.159e-1,,,7.714e-20,,1.438e-18,,6.377e-19,,2.075e-19,,3.286e-18,,5.277e-18,2.397e-16
548.28,5.138e+1,2.327e-20,8.161e-11,1.068e-39,2.688e-34,,,9.811e-19,2.461e-21,,2.182e-15,2.062e-18,1.702e-24,9.663e-18,1.790e-3,2.792e-14,2.578e-20,4.454e-10,,7.018e-13,3.448e-19,4.953e-20,1.913e+0,,1.632e-26,6.775e-19,,1.739e-19,1.535e-20,6.493e+0,6.474e-1,1.088e-29,1.533e-19,1.931e-22,1.053e-1,2.617e+1,8.518e-2,1.880e-17,2.340e-16,2.447e-2,3.467e-9,,1.496e+1,,,9.735e-1,,,7.699e-20,,1.439e-18,,6.377e-19,,2.077e-19,,3.283e-18,,5.276e-18,2.397e-16
548.31,5.046e+1,2.320e-20,7.509e-11,1.070e-39,2.688e-34,,,9.709e-19,2.462e-21,,2.181e-15,2.064e-18,1.703e-24,9.663e-18,1.625e-3,2.684e-14,2.577e-20,3.481e-10,,1.238e-12,3.454e-19,4.681e-20,2.074e+0,,1.633e-26,6.758e-19,,1.740e-19,1.535e-20,5.750e+0,6.576e-1,1.094e-29,1.533e-19,1.930e-22,1.203e-1,2.491e+1,9.949e-2,1.882e-17,1.219e-16,1.851e-2,5.685e-9,,1.577e+1,,,1.067e+0,,,7.675e-20,,1.439e-18,,6.376e-19,,2.080e-19,,3.277e-18,,5.275e-18,2.398e-16
548.33,4.986e+1,2.316e-20,7.082e-11,1.071e-39,2.688e-34,,,9.640e-19,2.464e-21,,2.181e-15,2.065e-18,1.704e-24,9.663e-18,1.520e-3,2.645e-14,2.577e-20,2.944e-10,,1.801e-12,3.457e-19,4.494e-20,2.197e+0,,1.633e-26,6.747e-19,,1.741e-19,1.535e-20,5.286e+0,6.640e-1,1.098e-29,1.533e-19,1.930e-22,1.329e-1,2.404e+1,1.100e-1,1.884e-17,7.865e-17,1.532e-2,7.880e-9,,1.628e+1,,,1.133e+0,,,7.660e-20,,1.439e-18,,6.375e-19,,2.081e-19,,3.274e-18,,5.274e-18,2.398e-16
548.36,4.895e+1,2.309e-20,6.455e-11,1.073e-39,2.688e-34,,,9.538e-19,2.465e-21,,2.180e-15,2.067e-18,1.705e-24,9.662e-18,1.368e-3,2.632e-14,2.576e-20,2.279e-10,,3.147e-12,3.463e-19,4.207e-20,2.405e+0,,1.634e-26,6.731e-19,,1.743e-19,1.535e-20,4.637e+0,6.728e-1,1.104e-29,1.533e-19,1.929e-22,1.559e-1,2.271e+1,1.274e-1,1.886e-17,4.057e-17,1.147e-2,1.280e-8,,1.699e+1,,,1.239e+0,,,7.636e-20,,1.439e-18,,6.375e-19,,2.084e-19,,3.268e-18,,5.273e-18,2.398e-16
548.38,4.836e+1,2.304e-20,6.048e-11,1.074e-39,2.687e-34,,,9.469e-19,2.467e-21,,2.180e-15,2.069e-18,1.705e-24,9.662e-18,1.272e-3,2.652e-14,2.576e-20,1.916e-10,,4.550e-12,3.467e-19,4.014e-20,2.559e+0,,1.634e-26,6.720e-19,,1.743e-19,1.535e-20,4.235e+0,6.784e-1,1.107e-29,1.533e-19,1.929e-22,1.740e-1,2.182e+1,1.400e-1,1.888e-17,2.601e-17,9.433e-3,1.763e-8,,1.743e+1,,,1.313e+0,,,7.621e-20,,1.439e-18,,6.374e-19,,2.086e-19,,3.265e-18,,5.273e-18,2.398e-16
548.4,4.777e+1,2.300e-20,5.653e-11,1.076e-39,2.687e-34,,,9.401e-19,2.468e-21,,2.180e-15,2.070e-18,1.706e-24,9.662e-18,1.179e-3,2.692e-14,2.575e-20,1.606e-10,,6.564e-12,3.470e-19,3.819e-20,2.724e+0,,1.635e-26,6.709e-19,,1.744e-19,1.536e-20,3.859e+0,6.836e-1,1.111e-29,1.533e-19,1.928e-22,1.945e-1,2.092e+1,1.535e-1,1.889e-17,1.663e-17,7.736e-3,2.422e-8,,1.783e+1,,,1.389e+0,,,7.605e-20,,1.439e-18,,6.374e-19,,2.087e-19,,3.261e-18,,5.272e-18,2.399e-16
548.43,4.689e+1,2.293e-20,5.084e-11,1.077e-39,2.687e-34,,,9.298e-19,2.470e-21,,2.179e-15,2.072e-18,1.707e-24,9.662e-18,1.049e-3,2.788e-14,2.575e-20,1.226e-10,,1.132e-11,3.476e-19,3.528e-20,2.994e+0,,1.636e-26,6.693e-19,,1.746e-19,1.536e-20,3.340e+0,6.911e-1,1.117e-29,1.534e-19,1.927e-22,2.300e-1,1.958e+1,1.755e-1,1.891e-17,8.465e-18,5.718e-3,3.882e-8,,1.837e+1,,,1.507e+0,,,7.582e-20,,1.439e-18,,6.373e-19,,2.090e-19,,3.255e-18,,5.271e-18,2.399e-16
548.45,4.632e+1,2.288e-20,4.722e-11,1.079e-39,2.687e-34,,,9.230e-19,2.471e-21,,2.179e-15,2.074e-18,1.707e-24,9.662e-18,9.668e-4,2.874e-14,2.574e-20,1.021e-10,,1.622e-11,3.479e-19,3.336e-20,3.187e+0,,1.636e-26,6.682e-19,,1.746e-19,1.536e-20,3.023e+0,6.958e-1,1.121e-29,1.534e-19,1.927e-22,2.570e-1,1.870e+1,1.913e-1,1.893e-17,5.379e-18,4.660e-3,5.300e-8,,1.868e+1,,,1.587e+0,,,7.566e-20,,1.440e-18,,6.372e-19,,2.092e-19,,3.252e-18,,5.270e-18,2.399e-16
548.48,4.548e+1,2.281e-20,4.206e-11,1.080e-39,2.687e-34,,,9.127e-19,2.473e-21,,2.179e-15,2.076e-18,1.708e-24,9.662e-18,8.519e-4,3.031e-14,2.573e-20,7.727e-11,,2.771e-11,3.485e-19,3.052e-20,3.494e+0,,1.637e-26,6.665e-19,,1.748e-19,1.536e-20,2.592e+0,7.026e-1,1.127e-29,1.534e-19,1.926e-22,3.030e-1,1.740e+1,2.168e-1,1.895e-17,2.711e-18,3.411e-3,8.416e-8,,1.905e+1,,,1.710e+0,,,7.543e-20,,1.440e-18,,6.372e-19,,2.094e-19,,3.246e-18,,5.269e-18,2.400e-16
548.5,4.493e+1,2.277e-20,3.881e-11,1.082e-39,2.687e-34,,,9.059e-19,2.474e-21,,2.178e-15,2.077e-18,1.709e-24,9.661e-18,7.805e-4,3.153e-14,2.573e-20,6.395e-11,,3.946e-11,3.489e-19,2.867e-20,3.710e+0,,1.637e-26,6.655e-19,,1.749e-19,1.536e-20,2.331e+0,7.070e-1,1.130e-29,1.534e-19,1.925e-22,3.374e-1,1.656e+1,2.349e-1,1.896e-17,1.711e-18,2.762e-3,1.142e-7,,1.925e+1,,,1.793e+0,,,7.527e-20,,1.440e-18,,6.371e-19,,2.096e-19,,3.243e-18,,5.269e-18,2.400e-16
548.53,4.412e+1,2.270e-20,3.425e-11,1.083e-39,2.687e-34,,,8.956e-19,2.476e-21,,2.178e-15,2.079e-18,1.710e-24,9.661e-18,6.814e-4,3.358e-14,2.572e-20,4.791e-11,,6.677e-11,3.494e-19,2.598e-20,4.047e+0,,1.638e-26,6.638e-19,,1.750e-19,1.537e-20,1.979e+0,7.134e-1,1.136e-29,1.534e-19,1.925e-22,3.952e-1,1.535e+1,2.639e-1,1.899e-17,8.543e-19,2.003e-3,1.796e-7,,1.945e+1,,,1.916e+0,,,7.504e-20,,1.440e-18,,6.370e-19,,2.098e-19,,3.237e-18,,5.268e-18,2.400e-16
548.55,4.360e+1,2.265e-20,3.140e-11,1.085e-39,2.687e-34,,,8.888e-19,2.477e-21,,2.178e-15,2.081e-18,1.711e-24,9.661e-18,6.206e-4,3.507e-14,2.572e-20,3.940e-11,,9.451e-11,3.498e-19,2.426e-20,4.280e+0,,1.638e-26,6.627e-19,,1.751e-19,1.537e-20,1.769e+0,7.177e-1,1.140e-29,1.534e-19,1.924e-22,4.380e-1,1.459e+1,2.844e-1,1.900e-17,8.537e-19,1.611e-3,2.421e-7,,1.952e+1,,,1.998e+0,,,7.488e-20,,1.440e-18,,6.370e-19,,2.100e-19,,3.234e-18,,5.267e-18,2.400e-16
548.58,4.285e+1,2.258e-20,2.744e-11,1.087e-39,2.686e-34,,,8.785e-19,2.479e-21,,2.177e-15,2.083e-18,1.711e-24,9.661e-18,5.367e-4,3.746e-14,2.571e-20,2.924e-11,,1.584e-10,3.503e-19,2.177e-20,4.638e+0,,1.639e-26,6.611e-19,,1.752e-19,1.537e-20,1.488e+0,7.242e-1,1.146e-29,1.535e-19,1.923e-22,5.091e-1,1.351e+1,3.168e-1,1.902e-17,8.528e-19,1.157e-3,3.772e-7,,1.954e+1,,,2.118e+0,,,7.464e-20,,1.440e-18,,6.369e-19,,2.103e-19,,3.228e-18,,5.266e-18,2.401e-16
548.6,4.237e+1,2.254e-20,2.500e-11,1.088e-39,2.686e-34,,,8.717e-19,2.480e-21,,2.177e-15,2.084e-18,1.712e-24,9.661e-18,4.857e-4,3.913e-14,2.571e-20,2.389e-11,,2.228e-10,3.507e-19,2.020e-20,4.881e+0,,1.639e-26,6.600e-19,,1.753e-19,1.537e-20,1.322e+0,7.285e-1,1.149e-29,1.535e-19,1.923e-22,5.613e-1,1.284e+1,3.395e-1,1.904e-17,8.522e-19,9.250e-4,5.053e-7,,1.949e+1,,,2.196e+0,,,7.449e-20,,1.441e-18,,6.369e-19,,2.104e-19,,3.224e-18,,5.265e-18,2.401e-16
548.63,4.168e+1,2.247e-20,2.164e-11,1.090e-39,2.686e-34,,,8.614e-19,2.482e-21,,2.177e-15,2.086e-18,1.713e-24,9.661e-18,4.162e-4,4.171e-14,2.570e-20,1.756e-11,,3.699e-10,3.513e-19,1.796e-20,5.249e+0,,1.640e-26,6.584e-19,,1.754e-19,1.537e-20,1.101e+0,7.352e-1,1.155e-29,1.535e-19,1.922e-22,6.469e-1,1.194e+1,3.752e-1,1.906e-17,8.513e-19,6.580e-4,7.799e-7,,1.933e+1,,,2.309e+0,,,7.425e-20,,1.441e-18,,6.368e-19,,2.107e-19,,3.219e-18,,5.264e-18,2.401e-16
548.65,4.125e+1,2.242e-20,1.959e-11,1.091e-39,2.686e-34,,,8.546e-19,2.483e-21,,2.176e-15,2.088e-18,1.714e-24,9.661e-18,3.743e-4,4.347e-14,2.570e-20,1.426e-11,,5.170e-10,3.516e-19,1.655e-20,5.494e+0,,1.640e-26,6.573e-19,,1.755e-19,1.538e-20,9.714e-1,7.398e-1,1.159e-29,1.535e-19,1.921e-22,7.092e-1,1.140e+1,4.000e-1,1.907e-17,8.506e-19,5.226e-4,1.038e-6,,1.916e+1,,,2.381e+0,,,7.410e-20,,1.441e-18,,6.367e-19,,2.109e-19,,3.215e-18,,5.264e-18,2.401e-16
548.68,4.065e+1,2.235e-20,1.680e-11,1.093e-39,2.686e-34,,,8.443e-19,2.485e-21,,2.176e-15,2.090e-18,1.715e-24,9.660e-18,3.177e-4,4.611e-14,2.569e-20,1.038e-11,,8.503e-10,3.522e-19,1.458e-20,5.858e+0,,1.641e-26,6.556e-19,,1.756e-19,1.538e-20,8.015e-1,7.470e-1,1.165e-29,1.535e-19,1.921e-22,8.105e-1,1.070e+1,4.387e-1,1.910e-17,8.497e-19,3.682e-4,1.587e-6,,1.881e+1,,,2.483e+0,,,7.386e-20,,1.441e-18,,6.367e-19,,2.111e-19,,3.210e-18,,5.263e-18,2.402e-16
548.7,4.029e+1,2.230e-20,1.511e-11,1.094e-39,2.686e-34,,,8.375e-19,2.486e-21,,2.176e-15,2.091e-18,1.715e-24,9.660e-18,2.840e-4,4.786e-14,2.569e-20,8.373e-12,,1.181e-9,3.525e-19,1.335e-20,6.096e+0,,1.641e-26,6.545e-19,,1.757e-19,1.538e-20,7.028e-1,7.519e-1,1.168e-29,1.535e-19,1.920e-22,8.834e-1,1.031e+1,4.655e-1,1.911e-17,8.491e-19,2.906e-4,2.100e-6,,1.853e+1,,,2.546e+0,,,7.371e-20,,1.441e-18,,6.366e-19,,2.113e-19,,3.206e-18,,5.262e-18,2.402e-16
548.73,3.980e+1,2.224e-20,1.283e-11,1.096e-39,2.686e-34,,,8.272e-19,2.488e-21,,2.175e-15,2.093e-18,1.716e-24,9.660e-18,2.388e-4,5.043e-14,2.568e-20,6.038e-12,,1.924e-9,3.531e-19,1.165e-20,6.443e+0,,1.642e-26,6.529e-19,,1.758e-19,1.538e-20,5.743e-1,7.596e-1,1.174e-29,1.536e-19,1.919e-22,1.001e+0,9.858e+0,5.072e-1,1.913e-17,8.482e-19,2.028e-4,3.180e-6,,1.802e+1,,,2.633e+0,,,7.347e-20,,1.441e-18,,6.365e-19,,2.115e-19,,3.201e-18,,5.261e-18,2.402e-16
548.75,3.952e+1,2.219e-20,1.147e-11,1.097e-39,2.686e-34,,,8.204e-19,2.489e-21,,2.175e-15,2.094e-18,1.717e-24,9.660e-18,2.120e-4,5.209e-14,2.568e-20,4.840e-12,,2.656e-9,3.535e-19,1.060e-20,6.665e+0,,1.642e-26,6.518e-19,,1.759e-19,1.538e-20,5.004e-1,7.648e-1,1.178e-29,1.536e-19,1.919e-22,1.085e+0,9.643e+0,5.359e-1,1.915e-17,8.476e-19,1.591e-4,4.181e-6,,1.764e+1,,,2.685e+0,,,7.332e-20,,1.442e-18,,6.365e-19,,2.117e-19,,3.197e-18,,5.260e-18,2.403e-16
548.77,3.927e+1,2.214e-20,1.023e-11,1.098e-39,2.686e-34,,,8.135e-19,2.490e-21,,2.175e-15,2.096e-18,1.717e-24,9.660e-18,1.878e-4,5.368e-14,2.567e-20,3.869e-12,,3.657e-9,3.538e-19,9.619e-21,6.878e+0,,1.643e-26,6.507e-19,,1.760e-19,1.538e-20,4.349e-1,7.702e-1,1.182e-29,1.536e-19,1.918e-22,1.173e+0,9.502e+0,5.654e-1,1.916e-17,8.470e-19,1.245e-4,5.482e-6,,1.722e+1,,,2.733e+0,,,7.316e-20,,1.442e-18,,6.364e-19,,2.119e-19,,3.193e-18,,5.260e-18,2.403e-16
548.8,3.899e+1,2.207e-20,8.570e-12,1.100e-39,2.685e-34,,,8.033e-19,2.492e-21,,2.174e-15,2.098e-18,1.718e-24,9.660e-18,1.558e-4,5.593e-14,2.567e-20,2.753e-12,,5.879e-9,3.544e-19,8.279e-21,7.177e+0,,1.643e-26,6.491e-19,,1.761e-19,1.539e-20,3.507e-1,7.785e-1,1.187e-29,1.536e-19,1.917e-22,1.313e+0,9.438e+0,6.111e-1,1.919e-17,8.461e-19,8.580e-5,8.193e-6,,1.652e+1,,,2.794e+0,,,7.293e-20,,1.442e-18,,6.364e-19,,2.121e-19,,3.188e-18,,5.259e-18,2.403e-16
548.82,3.886e+1,2.203e-20,7.593e-12,1.101e-39,2.685e-34,,,7.964e-19,2.493e-21,,2.174e-15,2.099e-18,1.719e-24,9.659e-18,1.372e-4,5.731e-14,2.566e-20,2.187e-12,,8.044e-9,3.547e-19,7.468e-21,7.361e+0,,1.644e-26,6.480e-19,,1.762e-19,1.539e-20,3.028e-1,7.841e-1,1.191e-29,1.536e-19,1.917e-22,1.412e+0,9.497e+0,6.427e-1,1.920e-17,8.455e-19,6.678e-5,1.068e-5,,1.603e+1,,,2.829e+0,,,7.277e-20,,1.442e-18,,6.363e-19,,2.123e-19,,3.184e-18,,5.258e-18,2.403e-16
548.85,3.876e+1,2.196e-20,6.301e-12,1.103e-39,2.685e-34,,,7.862e-19,2.495e-21,,2.173e-15,2.101e-18,1.720e-24,9.659e-18,1.127e-4,5.919e-14,2.566e-20,1.541e-12,,1.281e-8,3.553e-19,6.366e-21,7.611e+0,,1.644e-26,6.464e-19,,1.764e-19,1.539e-20,2.419e-1,7.925e-1,1.197e-29,1.536e-19,1.916e-22,1.567e+0,9.743e+0,6.917e-1,1.922e-17,8.446e-19,4.573e-5,1.581e-5,,1.524e+1,,,2.870e+0,,,7.254e-20,,1.442e-18,,6.362e-19,,2.126e-19,,3.179e-18,,5.257e-18,2.404e-16
548.87,3.876e+1,2.191e-20,5.547e-12,1.104e-39,2.685e-34,,,7.793e-19,2.496e-21,,2.173e-15,2.103e-18,1.720e-24,9.659e-18,9.861e-5,6.030e-14,2.565e-20,1.216e-12,,1.742e-8,3.557e-19,5.706e-21,7.759e+0,,1.645e-26,6.453e-19,,1.764e-19,1.539e-20,2.075e-1,7.981e-1,1.201e-29,1.537e-19,1.916e-22,1.676e+0,1.002e+1,7.258e-1,1.924e-17,8.440e-19,3.551e-5,2.047e-5,,1.469e+1,,,2.891e+0,,,7.238e-20,,1.442e-18,,6.362e-19,,2.127e-19,,3.175e-18,,5.256e-18,2.404e-16
548.9,3.888e+1,2.184e-20,4.560e-12,1.106e-39,2.685e-34,,,7.691e-19,2.498e-21,,2.173e-15,2.105e-18,1.721e-24,9.659e-18,8.028e-5,6.171e-14,2.565e-20,8.490e-13,,2.748e-8,3.562e-19,4.818e-21,7.948e+0,,1.645e-26,6.436e-19,,1.766e-19,1.540e-20,1.642e-1,8.063e-1,1.206e-29,1.537e-19,1.915e-22,1.845e+0,1.060e+1,7.792e-1,1.926e-17,8.431e-19,2.440e-5,3.002e-5,,1.383e+1,,,2.912e+0,,,7.214e-20,,1.443e-18,,6.361e-19,,2.130e-19,,3.170e-18,,5.255e-18,2.404e-16
548.92,3.905e+1,2.180e-20,3.989e-12,1.107e-39,2.685e-34,,,7.622e-19,2.499e-21,,2.172e-15,2.106e-18,1.722e-24,9.659e-18,6.977e-5,6.248e-14,2.564e-20,6.659e-13,,3.713e-8,3.566e-19,4.290e-21,8.053e+0,,1.646e-26,6.425e-19,,1.767e-19,1.540e-20,1.400e-1,8.117e-1,1.210e-29,1.537e-19,1.914e-22,1.962e+0,1.110e+1,8.166e-1,1.927e-17,8.424e-19,1.913e-5,3.862e-5,,1.324e+1,,,2.919e+0,,,7.199e-20,,1.443e-18,,6.361e-19,,2.132e-19,,3.166e-18,,5.255e-18,2.404e-16
548.95,3.943e+1,2.173e-20,3.248e-12,1.109e-39,2.685e-34,,,7.520e-19,2.501e-21,,2.172e-15,2.108e-18,1.723e-24,9.659e-18,5.626e-5,6.336e-14,2.563e-20,4.603e-13,,5.803e-8,3.571e-19,3.588e-21,8.174e+0,,1.646e-26,6.409e-19,,1.768e-19,1.540e-20,1.097e-1,8.192e-1,1.216e-29,1.537e-19,1.913e-22,2.142e+0,1.203e+1,8.758e-1,1.930e-17,8.415e-19,1.364e-5,5.611e-5,,1.235e+1,,,2.919e+0,,,7.175e-20,,1.443e-18,,6.360e-19,,2.134e-19,,3.161e-18,,5.254e-18,2.405e-16
548.97,3.977e+1,2.168e-20,2.823e-12,1.110e-39,2.685e-34,,,7.451e-19,2.502e-21,,2.172e-15,2.110e-18,1.724e-24,9.658e-18,4.859e-5,6.375e-14,2.563e-20,3.587e-13,,7.791e-8,3.575e-19,3.175e-21,8.232e+0,,1.647e-26,6.398e-19,,1.769e-19,1.540e-20,9.291e-2,8.239e-1,1.220e-29,1.537e-19,1.913e-22,2.266e+0,1.277e+1,9.179e-1,1.931e-17,8.409e-19,1.124e-5,7.174e-5,,1.176e+1,,,2.913e+0,,,7.160e-20,,1.443e-18,,6.359e-19,,2.136e-19,,3.157e-18,,5.253e-18,2.405e-16
549,4.044e+1,2.161e-20,2.276e-12,1.112e-39,2.684e-34,,,7.349e-19,2.504e-21,,2.171e-15,2.112e-18,1.725e-24,9.658e-18,3.881e-5,6.404e-14,2.562e-20,2.456e-13,,1.206e-7,3.581e-19,2.630e-21,8.281e+0,,1.647e-26,6.382e-19,,1.770e-19,1.540e-20,7.210e-2,8.302e-1,1.225e-29,1.538e-19,1.912e-22,2.455e+0,1.407e+1,9.855e-1,1.933e-17,8.400e-19,9.151e-6,1.032e-4,,1.086e+1,,,2.894e+0,,,7.136e-20,,1.443e-18,,6.359e-19,,2.139e-19,,3.151e-18,,5.252e-18,2.405e-16
549.02,4.100e+1,2.157e-20,1.966e-12,1.113e-39,2.684e-34,,,7.280e-19,2.505e-21,,2.171e-15,2.113e-18,1.725e-24,9.658e-18,3.330e-5,6.404e-14,2.562e-20,1.902e-13,,1.609e-7,3.584e-19,2.313e-21,8.289e+0,,1.648e-26,6.371e-19,,1.771e-19,1.540e-20,6.070e-2,8.339e-1,1.229e-29,1.538e-19,1.912e-22,2.583e+0,1.505e+1,1.034e+0,1.935e-17,8.394e-19,8.626e-6,1.312e-4,,1.027e+1,,,2.876e+0,,,7.121e-20,,1.443e-18,,6.358e-19,,2.140e-19,,3.148e-18,,5.251e-18,2.406e-16
549.05,4.199e+1,2.150e-20,1.570e-12,1.115e-39,2.684e-34,,,7.178e-19,2.507e-21,,2.171e-15,2.115e-18,1.726e-24,9.658e-18,2.635e-5,6.372e-14,2.561e-20,1.290e-13,,2.468e-7,3.590e-19,1.898e-21,8.266e+0,,1.649e-26,6.354e-19,,1.772e-19,1.541e-20,4.666e-2,8.384e-1,1.235e-29,1.538e-19,1.911e-22,2.777e+0,1.671e+1,1.114e+0,1.937e-17,8.385e-19,9.048e-6,1.870e-4,,9.399e+0,,,2.839e+0,,,7.097e-20,,1.444e-18,,6.357e-19,,2.143e-19,,3.142e-18,,5.250e-18,2.406e-16
549.07,4.276e+1,2.145e-20,1.348e-12,1.116e-39,2.684e-34,,,7.109e-19,2.508e-21,,2.170e-15,2.117e-18,1.727e-24,9.658e-18,2.246e-5,6.332e-14,2.561e-20,9.923e-14,,3.272e-7,3.593e-19,1.658e-21,8.227e+0,,1.649e-26,6.343e-19,,1.773e-19,1.541e-20,3.903e-2,8.407e-1,1.239e-29,1.538e-19,1.910e-22,2.907e+0,1.793e+1,1.172e+0,1.939e-17,8.379e-19,1.016e-5,2.361e-4,,8.832e+0,,,2.810e+0,,,7.082e-20,,1.444e-18,,6.357e-19,,2.145e-19,,3.139e-18,,5.250e-18,2.406e-16
549.1,4.409e+1,2.138e-20,1.066e-12,1.118e-39,2.684e-34,,,7.007e-19,2.510e-21,,2.170e-15,2.119e-18,1.728e-24,9.658e-18,1.760e-5,6.241e-14,2.560e-20,6.665e-14,,4.971e-7,3.599e-19,1.348e-21,8.134e+0,,1.650e-26,6.327e-19,,1.774e-19,1.541e-20,2.971e-2,8.428e-1,1.244e-29,1.538e-19,1.910e-22,3.102e+0,1.994e+1,1.268e+0,1.941e-17,8.370e-19,1.324e-5,3.334e-4,,8.006e+0,,,2.759e+0,,,7.058e-20,,1.444e-18,,6.356e-19,,2.147e-19,,3.133e-18,,5.249e-18,2.407e-16
549.12,4.509e+1,2.134e-20,9.092e-13,1.119e-39,2.684e-34,,,6.938e-19,2.511e-21,,2.170e-15,2.120e-18,1.728e-24,9.658e-18,1.491e-5,6.162e-14,2.560e-20,5.096e-14,,6.549e-7,3.603e-19,1.170e-21,8.052e+0,,1.650e-26,6.316e-19,,1.775e-19,1.541e-20,2.469e-2,8.433e-1,1.248e-29,1.538e-19,1.909e-22,3.232e+0,2.140e+1,1.338e+0,1.942e-17,8.364e-19,1.641e-5,4.184e-4,,7.474e+0,,,2.721e+0,,,7.043e-20,,1.444e-18,,6.356e-19,,2.149e-19,,3.130e-18,,5.248e-18,2.407e-16
549.14,4.618e+1,2.129e-20,7.733e-13,1.121e-39,2.684e-34,,,6.870e-19,2.512e-21,,2.169e-15,2.122e-18,1.729e-24,9.657e-18,1.260e-5,6.069e-14,2.559e-20,3.886e-14,,8.606e-7,3.606e-19,1.013e-21,7.954e+0,,1.650e-26,6.305e-19,,1.776e-19,1.541e-20,2.047e-2,8.430e-1,1.252e-29,1.538e-19,1.908e-22,3.361e+0,2.294e+1,1.415e+0,1.944e-17,8.358e-19,2.071e-5,5.236e-4,,6.961e+0,,,2.680e+0,,,7.027e-20,,1.444e-18,,6.355e-19,,2.151e-19,,3.126e-18,,5.247e-18,2.407e-16
549.17,4.799e+1,2.122e-20,6.037e-13,1.122e-39,2.684e-34,,,6.767e-19,2.514e-21,,2.169e-15,2.124e-18,1.730e-24,9.657e-18,9.745e-6,5.904e-14,2.559e-20,2.575e-14,,1.290e-6,3.612e-19,8.124e-22,7.780e+0,,1.651e-26,6.289e-19,,1.777e-19,1.542e-20,1.538e-2,8.410e-1,1.258e-29,1.539e-19,1.908e-22,3.553e+0,2.542e+1,1.543e+0,1.946e-17,8.349e-19,2.984e-5,7.296e-4,,6.226e+0,,,2.613e+0,,,7.004e-20,,1.444e-18,,6.354e-19,,2.153e-19,,3.120e-18,,5.246e-18,2.407e-16
549.19,4.931e+1,2.118e-20,5.102e-13,1.124e-39,2.684e-34,,,1.070e-18,2.515e-21,,2.169e-15,2.125e-18,1.730e-24,9.657e-18,8.183e-6,5.778e-14,2.558e-20,1.951e-14,,1.685e-6,3.616e-19,6.990e-22,7.648e+0,,1.651e-26,6.278e-19,,1.778e-19,1.542e-20,1.267e-2,8.386e-1,1.262e-29,1.539e-19,1.907e-22,3.679e+0,2.716e+1,1.639e+0,1.947e-17,8.343e-19,3.824e-5,9.074e-4,,5.761e+0,,,2.565e+0,,,6.988e-20,,1.444e-18,,6.354e-19,,2.155e-19,,3.117e-18,,5.246e-18,2.408e-16
549.22,5.144e+1,2.111e-20,3.945e-13,1.126e-39,2.683e-34,,,2.117e-18,2.517e-21,,2.168e-15,2.127e-18,1.731e-24,9.657e-18,6.267e-6,5.567e-14,2.558e-20,1.281e-14,,2.503e-6,3.621e-19,5.552e-22,7.432e+0,,1.652e-26,6.262e-19,,1.780e-19,1.542e-20,9.426e-3,8.333e-1,1.267e-29,1.539e-19,1.906e-22,3.866e+0,2.991e+1,1.799e+0,1.950e-17,8.333e-19,5.552e-5,1.253e-3,,5.104e+0,,,2.490e+0,,,6.964e-20,,1.445e-18,,6.353e-19,,2.157e-19,,3.111e-18,,5.245e-18,2.408e-16
549.24,5.297e+1,2.106e-20,3.313e-13,1.127e-39,2.683e-34,,,3.327e-18,2.518e-21,,2.168e-15,2.129e-18,1.732e-24,9.657e-18,5.229e-6,5.414e-14,2.557e-20,9.643e-15,,3.248e-6,3.625e-19,4.747e-22,7.277e+0,,1.653e-26,6.251e-19,,1.780e-19,1.542e-20,7.715e-3,8.286e-1,1.271e-29,1.539e-19,1.906e-22,3.988e+0,3.182e+1,1.917e+0,1.951e-17,8.327e-19,7.110e-5,1.548e-3,,4.693e+0,,,2.438e+0,,,6.949e-20,,1.445e-18,,6.352e-19,,2.159e-19,,3.108e-18,,5.244e-18,2.408e-16
549.27,5.540e+1,2.099e-20,2.537e-13,1.129e-39,2.683e-34,,,6.523e-18,2.520e-21,,2.167e-15,2.131e-18,1.733e-24,9.657e-18,3.967e-6,5.167e-14,2.557e-20,6.269e-15,,4.778e-6,3.630e-19,3.735e-22,7.035e+0,,1.653e-26,6.234e-19,,1.782e-19,1.542e-20,5.686e-3,8.198e-1,1.277e-29,1.539e-19,1.905e-22,4.167e+0,3.478e+1,2.116e+0,1.953e-17,8.318e-19,1.027e-4,2.117e-3,,4.119e+0,,,2.357e+0,,,6.925e-20,,1.445e-18,,6.352e-19,,2.162e-19,,3.102e-18,,5.243e-18,2.408e-16
549.29,5.711e+1,2.095e-20,2.117e-13,1.130e-39,2.683e-34,,,1.019e-17,2.521e-21,,2.167e-15,2.132e-18,1.734e-24,9.656e-18,3.289e-6,4.993e-14,2.556e-20,4.690e-15,,6.162e-6,3.634e-19,3.173e-22,6.870e+0,,1.654e-26,6.223e-19,,1.783e-19,1.543e-20,4.625e-3,8.128e-1,1.281e-29,1.540e-19,1.905e-22,4.285e+0,3.681e+1,2.263e+0,1.955e-17,8.312e-19,1.309e-4,2.600e-3,,3.763e+0,,,2.302e+0,,,6.910e-20,,1.445e-18,,6.351e-19,,2.163e-19,,3.098e-18,,5.242e-18,2.409e-16
549.32,5.979e+1,2.088e-20,1.606e-13,1.132e-39,2.683e-34,,,1.978e-17,2.523e-21,,2.167e-15,2.134e-18,1.735e-24,9.656e-18,2.471e-6,4.720e-14,2.556e-20,3.020e-15,,8.981e-6,3.639e-19,2.472e-22,6.621e+0,,1.654e-26,6.207e-19,,1.784e-19,1.543e-20,3.376e-3,8.007e-1,1.286e-29,1.540e-19,1.904e-22,4.457e+0,3.991e+1,2.508e+0,1.957e-17,8.303e-19,1.875e-4,3.522e-3,,3.271e+0,,,2.218e+0,,,6.886e-20,,1.445e-18,,6.350e-19,,2.166e-19,,3.093e-18,,5.241e-18,2.409e-16
549.34,6.164e+1,2.083e-20,1.332e-13,1.133e-39,2.683e-34,,,3.069e-17,2.524e-21,,2.166e-15,2.136e-18,1.735e-24,9.656e-18,2.036e-6,4.532e-14,2.555e-20,2.245e-15,,1.151e-5,3.643e-19,2.087e-22,6.458e+0,,1.655e-26,6.196e-19,,1.785e-19,1.543e-20,2.728e-3,7.916e-1,1.290e-29,1.540e-19,1.903e-22,4.571e+0,4.200e+1,2.688e+0,1.958e-17,8.297e-19,2.376e-4,4.298e-3,,2.970e+0,,,2.162e+0,,,6.871e-20,,1.445e-18,,6.350e-19,,2.168e-19,,3.089e-18,,5.241e-18,2.409e-16
549.37,6.450e+1,2.076e-20,1.001e-13,1.135e-39,2.683e-34,,,5.905e-17,2.526e-21,,2.166e-15,2.138e-18,1.736e-24,9.656e-18,1.515e-6,4.244e-14,2.555e-20,1.432e-15,,1.662e-5,3.649e-19,1.611e-22,6.223e+0,,1.655e-26,6.180e-19,,1.786e-19,1.543e-20,1.972e-3,7.766e-1,1.296e-29,1.540e-19,1.902e-22,4.738e+0,4.514e+1,2.987e+0,1.961e-17,8.288e-19,3.373e-4,5.767e-3,,2.557e+0,,,2.076e+0,,,6.847e-20,,1.446e-18,,6.349e-19,,2.170e-19,,3.084e-18,,5.240e-18,2.410e-16
549.39,6.645e+1,2.072e-20,8.244e-14,1.136e-39,2.683e-34,,,9.107e-17,2.527e-21,,2.166e-15,2.139e-18,1.737e-24,9.656e-18,1.240e-6,4.049e-14,2.554e-20,1.057e-15,,2.116e-5,3.652e-19,1.351e-22,6.077e+0,,1.656e-26,6.169e-19,,1.787e-19,1.543e-20,1.584e-3,7.657e-1,1.300e-29,1.540e-19,1.902e-22,4.849e+0,4.722e+1,3.206e+0,1.962e-17,8.282e-19,4.246e-4,6.994e-3,,2.307e+0,,,2.019e+0,,,6.832e-20,,1.446e-18,,6.349e-19,,2.172e-19,,3.080e-18,,5.239e-18,2.410e-16
549.42,6.941e+1,2.065e-20,6.135e-14,1.138e-39,2.682e-34,,,1.736e-16,2.529e-21,,2.165e-15,2.141e-18,1.738e-24,9.656e-18,9.140e-7,3.756e-14,2.553e-20,6.679e-16,,3.026e-5,3.658e-19,1.033e-22,5.878e+0,,1.656e-26,6.152e-19,,1.788e-19,1.544e-20,1.134e-3,7.483e-1,1.305e-29,1.540e-19,1.901e-22,5.015e+0,5.029e+1,3.564e+0,1.964e-17,8.273e-19,5.971e-4,9.296e-3,,1.967e+0,,,1.934e+0,,,6.808e-20,,1.446e-18,,6.348e-19,,2.174e-19,,3.075e-18,,5.238e-18,2.410e-16
549.44,7.139e+1,2.060e-20,5.023e-14,1.139e-39,2.682e-34,,,2.660e-16,2.530e-21,,2.165e-15,2.142e-18,1.738e-24,9.655e-18,7.435e-7,3.561e-14,2.553e-20,4.901e-16,,3.829e-5,3.662e-19,8.609e-23,5.762e+0,,1.657e-26,6.142e-19,,1.789e-19,1.544e-20,9.050e-4,7.362e-1,1.309e-29,1.541e-19,1.901e-22,5.127e+0,5.229e+1,3.824e+0,1.966e-17,8.267e-19,7.472e-4,1.120e-2,,1.763e+0,,,1.877e+0,,,6.793e-20,,1.446e-18,,6.347e-19,,2.176e-19,,3.071e-18,,5.237e-18,2.410e-16
549.47,7.436e+1,2.053e-20,3.702e-14,1.141e-39,2.682e-34,,,5.022e-16,2.532e-21,,2.164e-15,2.145e-18,1.739e-24,9.655e-18,5.428e-7,3.272e-14,2.552e-20,3.067e-16,,5.425e-5,3.667e-19,6.520e-23,5.619e+0,,1.657e-26,6.125e-19,,1.790e-19,1.544e-20,6.419e-4,7.175e-1,1.315e-29,1.541e-19,1.900e-22,5.297e+0,5.519e+1,4.246e+0,1.968e-17,8.258e-19,1.041e-3,1.475e-2,,1.489e+0,,,1.792e+0,,,6.769e-20,,1.446e-18,,6.347e-19,,2.179e-19,,3.066e-18,,5.236e-18,2.411e-16
549.49,7.633e+1,2.049e-20,3.012e-14,1.142e-39,2.682e-34,,,7.648e-16,2.533e-21,,2.164e-15,2.146e-18,1.740e-24,9.655e-18,4.387e-7,3.082e-14,2.552e-20,2.236e-16,,6.822e-5,3.671e-19,5.399e-23,5.547e+0,,1.658e-26,6.114e-19,,1.791e-19,1.544e-20,5.089e-4,7.048e-1,1.319e-29,1.541e-19,1.899e-22,5.413e+0,5.703e+1,4.549e+0,1.970e-17,8.251e-19,1.294e-3,1.766e-2,,1.327e+0,,,1.736e+0,,,6.754e-20,,1.446e-18,,6.346e-19,,2.180e-19,,3.062e-18,,5.236e-18,2.411e-16
549.51,7.826e+1,2.044e-20,2.444e-14,1.143e-39,2.682e-34,,,1.162e-15,2.534e-21,,2.164e-15,2.147e-18,1.740e-24,9.655e-18,3.537e-7,2.896e-14,2.552e-20,1.626e-16,,8.557e-5,3.674e-19,4.460e-23,5.496e+0,,1.658e-26,6.103e-19,,1.792e-19,1.544e-20,4.025e-4,6.920e-1,1.322e-29,1.541e-19,1.899e-22,5.532e+0,5.879e+1,4.870e+0,1.971e-17,8.245e-19,1.605e-3,2.110e-2,,1.179e+0,,,1.680e+0,,,6.738e-20,,1.447e-18,,6.346e-19,,2.182e-19,,3.058e-18,,5.235e-18,2.411e-16
549.54,8.110e+1,2.037e-20,1.777e-14,1.145e-39,2.682e-34,,,2.165e-15,2.536e-21,,2.163e-15,2.149e-18,1.741e-24,9.655e-18,2.548e-7,2.626e-14,2.551e-20,1.004e-16,,1.196e-4,3.680e-19,3.332e-23,5.463e+0,,1.659e-26,6.087e-19,,1.793e-19,1.545e-20,2.817e-4,6.732e-1,1.328e-29,1.541e-19,1.898e-22,5.718e+0,6.125e+1,5.383e+0,1.973e-17,8.236e-19,2.207e-3,2.742e-2,,9.825e-1,,,1.597e+0,,,6.714e-20,,1.447e-18,,6.345e-19,,2.185e-19,,3.053e-18,,5.234e-18,2.412e-16
549.56,8.292e+1,2.032e-20,1.433e-14,1.146e-39,2.682e-34,,,3.268e-15,2.537e-21,,2.163e-15,2.151e-18,1.742e-24,9.655e-18,2.041e-7,2.452e-14,2.551e-20,7.256e-17,,1.491e-4,3.684e-19,2.735e-23,5.473e+0,,1.659e-26,6.076e-19,,1.794e-19,1.545e-20,2.213e-4,6.611e-1,1.332e-29,1.541e-19,1.897e-22,5.849e+0,6.275e+1,5.747e+0,1.975e-17,8.230e-19,2.720e-3,3.254e-2,,8.674e-1,,,1.543e+0,,,6.699e-20,,1.447e-18,,6.344e-19,,2.186e-19,,3.049e-18,,5.233e-18,2.412e-16
549.59,8.555e+1,2.025e-20,1.032e-14,1.148e-39,2.682e-34,,,6.034e-15,2.539e-21,,2.163e-15,2.153e-18,1.743e-24,9.655e-18,1.456e-7,2.202e-14,2.550e-20,4.436e-17,,2.065e-4,3.689e-19,2.024e-23,5.538e+0,,1.660e-26,6.060e-19,,1.795e-19,1.545e-20,1.534e-4,6.438e-1,1.338e-29,1.542e-19,1.897e-22,6.057e+0,6.476e+1,6.322e+0,1.977e-17,8.221e-19,3.704e-3,4.189e-2,,7.161e-1,,,1.462e+0,,,6.675e-20,,1.447e-18,,6.344e-19,,2.189e-19,,3.044e-18,,5.232e-18,2.412e-16
549.61,8.721e+1,2.021e-20,8.269e-15,1.149e-39,2.681e-34,,,9.052e-15,2.540e-21,,2.162e-15,2.154e-18,1.744e-24,9.654e-18,1.159e-7,2.043e-14,2.549e-20,3.186e-17,,2.558e-4,3.693e-19,1.651e-23,5.618e+0,,1.660e-26,6.049e-19,,1.796e-19,1.545e-20,1.198e-4,6.332e-1,1.342e-29,1.542e-19,1.896e-22,6.204e+0,6.594e+1,6.725e+0,1.978e-17,8.215e-19,4.536e-3,4.941e-2,,6.282e-1,,,1.408e+0,,,6.660e-20,,1.447e-18,,6.343e-19,,2.191e-19,,3.040e-18,,5.231e-18,2.412e-16
549.64,8.956e+1,2.014e-20,5.901e-15,1.151e-39,2.681e-34,,,1.655e-14,2.542e-21,,2.162e-15,2.156e-18,1.744e-24,9.654e-18,8.192e-8,1.817e-14,2.549e-20,1.929e-17,,3.510e-4,3.698e-19,1.210e-23,5.793e+0,,1.661e-26,6.032e-19,,1.798e-19,1.545e-20,8.225e-5,6.189e-1,1.347e-29,1.542e-19,1.895e-22,6.440e+0,6.743e+1,7.356e+0,1.981e-17,8.206e-19,6.119e-3,6.300e-2,,5.137e-1,,,1.329e+0,,,6.636e-20,,1.447e-18,,6.342e-19,,2.193e-19,,3.035e-18,,5.230e-18,2.413e-16
549.66,9.101e+1,2.009e-20,4.697e-15,1.152e-39,2.681e-34,,,2.468e-14,2.543e-21,,2.162e-15,2.158e-18,1.745e-24,9.654e-18,6.479e-8,1.675e-14,2.548e-20,1.377e-17,,4.320e-4,3.702e-19,9.809e-24,5.950e+0,,2.621e-26,6.022e-19,,1.798e-19,1.546e-20,6.381e-5,6.108e-1,1.351e-29,1.542e-19,1.895e-22,6.609e+0,6.824e+1,7.792e+0,1.982e-17,8.200e-19,7.448e-3,7.384e-2,,4.478e-1,,,1.278e+0,,,6.621e-20,,1.448e-18,,6.342e-19,,2.195e-19,,3.031e-18,,5.230e-18,2.413e-16
549.69,9.301e+1,2.002e-20,3.320e-15,1.154e-39,2.681e-34,,,4.471e-14,2.545e-21,,2.161e-15,2.160e-18,1.746e-24,9.654e-18,4.535e-8,1.476e-14,2.548e-20,8.257e-18,,5.872e-4,3.707e-19,7.122e-24,6.244e+0,,5.171e-26,6.005e-19,,1.800e-19,1.546e-20,4.340e-5,6.009e-1,1.357e-29,1.542e-19,1.894e-22,6.880e+0,6.915e+1,8.465e+0,1.984e-17,8.191e-19,9.953e-3,9.327e-2,,3.627e-1,,,1.201e+0,,,6.597e-20,,1.448e-18,,6.341e-19,,2.198e-19,,3.025e-18,,5.229e-18,2.413e-16
549.71,9.421e+1,1.998e-20,2.626e-15,1.155e-39,2.681e-34,,,6.624e-14,2.546e-21,,2.161e-15,2.161e-18,1.747e-24,9.654e-18,3.564e-8,1.352e-14,2.547e-20,5.854e-18,,7.182e-4,3.711e-19,5.735e-24,6.480e+0,,8.109e-26,5.994e-19,,1.801e-19,1.546e-20,3.345e-5,5.961e-1,1.361e-29,1.542e-19,1.893e-22,7.074e+0,6.955e+1,8.925e+0,1.986e-17,8.185e-19,1.204e-2,1.086e-1,,3.142e-1,,,1.151e+0,,,6.582e-20,,1.448e-18,,6.341e-19,,2.199e-19,,3.022e-18,,5.228e-18,2.413e-16
549.74,9.582e+1,1.991e-20,1.838e-15,1.157e-39,2.681e-34,,,1.189e-13,2.548e-21,,2.161e-15,2.163e-18,1.748e-24,9.654e-18,2.471e-8,1.180e-14,2.547e-20,3.478e-18,,9.669e-4,3.717e-19,4.124e-24,6.895e+0,,1.585e-25,5.978e-19,,1.802e-19,1.546e-20,2.253e-5,5.920e-1,1.366e-29,1.543e-19,1.893e-22,7.386e+0,6.984e+1,9.626e+0,1.988e-17,8.176e-19,1.593e-2,1.359e-1,,2.521e-1,,,1.076e+0,,,6.558e-20,,1.448e-18,,6.340e-19,,2.202e-19,,3.016e-18,,5.227e-18,2.414e-16
549.76,9.676e+1,1.986e-20,1.445e-15,1.158e-39,2.681e-34,,,1.751e-13,2.549e-21,,2.160e-15,2.165e-18,1.748e-24,9.653e-18,1.930e-8,1.074e-14,2.546e-20,2.450e-18,,1.175e-3,3.720e-19,3.300e-24,7.212e+0,,2.470e-25,5.967e-19,,1.803e-19,1.546e-20,1.726e-5,5.914e-1,1.370e-29,1.543e-19,1.892e-22,7.607e+0,6.983e+1,1.010e+1,1.990e-17,8.170e-19,1.915e-2,1.573e-1,,2.170e-1,,,1.028e+0,,,6.543e-20,,1.448e-18,,6.339e-19,,2.204e-19,,3.013e-18,,5.226e-18,2.414e-16
549.79,9.796e+1,1.979e-20,1.002e-15,1.160e-39,2.681e-34,,,3.112e-13,2.551e-21,,2.160e-15,2.167e-18,1.749e-24,9.653e-18,1.325e-8,9.287e-15,2.546e-20,1.441e-18,,1.567e-3,3.726e-19,2.351e-24,7.745e+0,,4.783e-25,5.951e-19,,1.804e-19,1.547e-20,1.152e-5,5.943e-1,1.376e-29,1.543e-19,1.891e-22,7.960e+0,6.950e+1,1.081e+1,1.992e-17,8.160e-19,2.511e-2,1.950e-1,,1.724e-1,,,9.566e-1,,,6.519e-20,,1.448e-18,,6.339e-19,,2.206e-19,,3.007e-18,,5.225e-18,2.414e-16
549.81,9.863e+1,1.975e-20,7.822e-16,1.161e-39,2.681e-34,,,4.554e-13,2.552e-21,,2.160e-15,2.168e-18,1.750e-24,9.653e-18,1.028e-8,8.401e-15,2.545e-20,1.009e-18,,1.893e-3,3.730e-19,1.869e-24,8.138e+0,,7.407e-25,5.940e-19,,1.805e-19,1.547e-20,8.765e-6,5.987e-1,1.380e-29,1.543e-19,1.891e-22,8.209e+0,6.909e+1,1.128e+1,1.993e-17,8.154e-19,2.999e-2,2.243e-1,,1.475e-1,,,9.102e-1,,,6.504e-20,,1.448e-18,,6.338e-19,,2.208e-19,,3.004e-18,,5.225e-18,2.415e-16
549.84,9.942e+1,1.968e-20,5.372e-16,1.163e-39,2.680e-34,,,8.021e-13,2.554e-21,,2.159e-15,2.170e-18,1.751e-24,9.653e-18,6.995e-9,7.194e-15,2.545e-20,5.880e-19,,2.501e-3,3.735e-19,1.319e-24,8.780e+0,,1.421e-24,5.923e-19,,1.806e-19,1.547e-20,5.792e-6,6.095e-1,1.385e-29,1.543e-19,1.890e-22,8.602e+0,6.819e+1,1.197e+1,1.995e-17,8.145e-19,3.896e-2,2.753e-1,,1.161e-1,,,8.422e-1,,,6.480e-20,,1.449e-18,,6.337e-19,,2.210e-19,,2.998e-18,,5.224e-18,2.415e-16
549.86,9.982e+1,1.963e-20,4.169e-16,1.165e-39,2.680e-34,,,1.166e-12,2.555e-21,,2.159e-15,2.172e-18,1.751e-24,9.653e-18,5.393e-9,6.466e-15,2.544e-20,4.090e-19,,3.002e-3,3.739e-19,1.042e-24,9.240e+0,,2.187e-24,5.912e-19,,1.807e-19,1.547e-20,4.380e-6,6.195e-1,1.389e-29,1.543e-19,1.890e-22,8.876e+0,6.740e+1,1.242e+1,1.997e-17,8.139e-19,4.624e-2,3.147e-1,,9.864e-2,,,7.981e-1,,,6.464e-20,,1.449e-18,,6.337e-19,,2.212e-19,,2.994e-18,,5.223e-18,2.415e-16
549.88,1.001e+2,1.959e-20,3.227e-16,1.166e-39,2.680e-34,,,1.691e-12,2.556e-21,,2.159e-15,2.173e-18,1.752e-24,9.653e-18,4.147e-9,5.797e-15,2.544e-20,2.837e-19,,3.594e-3,3.742e-19,8.210e-25,9.725e+0,,3.357e-24,5.901e-19,,1.808e-19,1.547e-20,3.304e-6,6.318e-1,1.393e-29,1.544e-19,1.889e-22,9.158e+0,6.649e+1,1.287e+1,1.998e-17,8.133e-19,5.474e-2,3.588e-1,,8.361e-2,,,7.550e-1,,,6.449e-20,,1.449e-18,,6.336e-19,,2.214e-19,,2.991e-18,,5.222e-18,2.415e-16
549.91,1.004e+2,1.952e-20,2.187e-16,1.168e-39,2.680e-34,,,2.941e-12,2.558e-21,,2.158e-15,2.175e-18,1.753e-24,9.652e-18,2.784e-9,4.898e-15,2.543e-20,1.631e-19,,4.686e-3,3.748e-19,5.716e-25,1.049e+1,,6.355e-24,5.885e-19,,1.809e-19,1.548e-20,2.155e-6,6.547e-1,1.399e-29,1.544e-19,1.888e-22,9.596e+0,6.489e+1,1.350e+1,2.001e-17,8.124e-19,7.017e-2,4.347e-1,,6.494e-2,,,6.924e-1,,,6.425e-20,,1.449e-18,,6.336e-19,,2.216e-19,,2.985e-18,,5.221e-18,2.416e-16
549.93,1.005e+2,1.947e-20,1.682e-16,1.169e-39,2.680e-34,,,4.238e-12,2.559e-21,,2.158e-15,2.177e-18,1.754e-24,9.652e-18,2.127e-9,4.364e-15,2.543e-20,1.125e-19,,5.575e-3,3.752e-19,4.475e-25,1.103e+1,,9.696e-24,5.874e-19,,1.810e-19,1.548e-20,1.615e-6,6.729e-1,1.402e-29,1.544e-19,1.888e-22,9.896e+0,6.369e+1,1.390e+1,2.002e-17,8.118e-19,8.255e-2,4.925e-1,,5.470e-2,,,6.521e-1,,,6.410e-20,,1.449e-18,,6.335e-19,,2.218e-19,,2.982e-18,,5.221e-18,2.416e-16
549.96,1.004e+2,1.940e-20,1.129e-16,1.171e-39,2.680e-34,,,7.299e-12,2.561e-21,,2.157e-15,2.179e-18,1.754e-24,9.652e-18,1.414e-9,3.652e-15,2.542e-20,6.405e-20,,7.201e-3,3.757e-19,3.086e-25,1.186e+1,,1.819e-23,5.858e-19,,1.811e-19,1.548e-20,1.043e-6,7.046e-1,1.408e-29,1.544e-19,1.887e-22,1.035e+1,6.172e+1,1.446e+1,2.004e-17,8.109e-19,1.048e-1,5.911e-1,,4.208e-2,,,5.939e-1,,,6.386e-20,,1.449e-18,,6.334e-19,,2.221e-19,,2.976e-18,,5.220e-18,2.416e-16
549.98,1.003e+2,1.936e-20,8.625e-17,1.172e-39,2.680e-34,,,1.045e-11,2.562e-21,,2.157e-15,2.180e-18,1.755e-24,9.652e-18,1.074e-9,3.233e-15,2.542e-20,4.387e-20,,8.513e-3,3.761e-19,2.401e-25,1.242e+1,,2.757e-23,5.847e-19,,1.812e-19,1.548e-20,7.768e-7,7.287e-1,1.412e-29,1.544e-19,1.886e-22,1.066e+1,6.031e+1,1.480e+1,2.006e-17,8.103e-19,1.225e-1,6.654e-1,,3.522e-2,,,5.567e-1,,,6.371e-20,,1.450e-18,,6.334e-19,,2.222e-19,,2.973e-18,,5.219e-18,2.416e-16
550.01,1.000e+2,1.929e-20,5.734e-17,1.174e-39,2.680e-34,,,1.784e-11,2.564e-21,,2.157e-15,2.182e-18,1.756e-24,9.652e-18,7.069e-10,2.680e-15,2.541e-20,2.474e-20,,1.089e-2,3.766e-19,1.640e-25,1.328e+1,,5.123e-23,5.831e-19,,1.813e-19,1.548e-20,4.969e-7,7.691e-1,1.418e-29,1.545e-19,1.886e-22,1.112e+1,5.809e+1,1.527e+1,2.008e-17,8.094e-19,1.542e-1,7.911e-1,,2.684e-2,,,5.034e-1,,,6.347e-20,,1.450e-18,,6.333e-19,,2.225e-19,,2.967e-18,,5.218e-18,2.417e-16
550.03,9.976e+1,1.924e-20,4.354e-17,1.175e-39,2.679e-34,,,2.539e-11,2.565e-21,,2.156e-15,2.184e-18,1.757e-24,9.652e-18,5.334e-10,2.358e-15,2.541e-20,1.684e-20,,1.280e-2,3.770e-19,1.268e-25,1.386e+1,,7.719e-23,5.820e-19,,1.814e-19,1.548e-20,3.677e-7,7.987e-1,1.421e-29,1.545e-19,1.885e-22,1.142e+1,5.656e+1,1.554e+1,2.009e-17,8.088e-19,1.791e-1,8.850e-1,,2.232e-2,,,4.695e-1,,,6.332e-20,,1.450e-18,,6.333e-19,,2.227e-19,,2.963e-18,,5.217e-18,2.417e-16
550.06,9.928e+1,1.917e-20,2.867e-17,1.177e-39,2.679e-34,,,4.291e-11,2.567e-21,,2.156e-15,2.186e-18,1.758e-24,9.651e-18,3.479e-10,1.936e-15,2.540e-20,9.409e-21,,1.622e-2,3.776e-19,8.577e-26,1.472e+1,,1.421e-22,5.803e-19,,1.816e-19,1.549e-20,2.330e-7,8.469e-1,1.427e-29,1.545e-19,1.884e-22,1.187e+1,5.423e+1,1.589e+1,2.012e-17,8.078e-19,2.232e-1,1.042e+0,,1.685e-2,,,4.212e-1,,,6.308e-20,,1.450e-18,,6.332e-19,,2.229e-19,,2.958e-18,,5.216e-18,2.417e-16
550.08,9.893e+1,1.913e-20,2.163e-17,1.178e-39,2.679e-34,,,6.069e-11,2.568e-21,,2.156e-15,2.187e-18,1.758e-24,9.651e-18,2.608e-10,1.692e-15,2.539e-20,6.362e-21,,1.893e-2,3.779e-19,6.589e-26,1.529e+1,,2.127e-22,5.792e-19,,1.816e-19,1.549e-20,1.713e-7,8.814e-1,1.431e-29,1.545e-19,1.884e-22,1.216e+1,5.268e+1,1.608e+1,2.013e-17,8.072e-19,2.576e-1,1.159e+0,,1.392e-2,,,3.908e-1,,,6.293e-20,,1.450e-18,,6.331e-19,,2.231e-19,,2.954e-18,,5.216e-18,2.418e-16
550.11,9.835e+1,1.906e-20,1.411e-17,1.180e-39,2.679e-34,,,1.016e-10,2.570e-21,,2.155e-15,2.189e-18,1.759e-24,9.651e-18,1.685e-10,1.377e-15,2.539e-20,3.521e-21,,2.377e-2,3.785e-19,4.415e-26,1.611e+1,,3.880e-22,5.776e-19,,1.818e-19,1.549e-20,1.075e-7,9.363e-1,1.437e-29,1.545e-19,1.883e-22,1.257e+1,5.038e+1,1.630e+1,2.015e-17,8.063e-19,3.180e-1,1.352e+0,,1.041e-2,,,3.479e-1,,,6.269e-20,,1.450e-18,,6.331e-19,,2.233e-19,,2.949e-18,,5.215e-18,2.418e-16
550.13,9.795e+1,1.901e-20,1.058e-17,1.181e-39,2.679e-34,,,1.428e-10,2.571e-21,,2.155e-15,2.190e-18,1.760e-24,9.651e-18,1.255e-10,1.196e-15,2.538e-20,2.366e-21,,2.758e-2,3.788e-19,3.370e-26,1.664e+1,,5.773e-22,5.765e-19,,1.819e-19,1.549e-20,7.856e-8,9.748e-1,1.440e-29,1.545e-19,1.882e-22,1.283e+1,4.889e+1,1.640e+1,2.017e-17,8.057e-19,3.648e-1,1.493e+0,,8.548e-3,,,3.211e-1,,,6.253e-20,,1.451e-18,,6.330e-19,,2.235e-19,,2.945e-18,,5.214e-18,2.418e-16
550.16,9.735e+1,1.894e-20,6.834e-18,1.183e-39,2.679e-34,,,2.369e-10,2.573e-21,,2.155e-15,2.193e-18,1.761e-24,9.651e-18,8.029e-11,9.633e-16,2.538e-20,1.297e-21,,3.430e-2,3.794e-19,2.237e-26,1.740e+1,,1.043e-21,5.749e-19,,1.820e-19,1.550e-20,4.883e-8,1.035e+0,1.446e-29,1.546e-19,1.882e-22,1.318e+1,4.676e+1,1.648e+1,2.019e-17,8.048e-19,4.461e-1,1.726e+0,,6.330e-3,,,2.835e-1,,,6.230e-20,,1.451e-18,,6.329e-19,,2.238e-19,,2.940e-18,,5.213e-18,2.419e-16
550.18,9.696e+1,1.890e-20,5.091e-18,1.184e-39,2.679e-34,,,3.310e-10,2.574e-21,,2.154e-15,2.194e-18,1.761e-24,9.651e-18,5.943e-11,8.314e-16,2.537e-20,8.656e-22,,3.954e-2,3.798e-19,1.696e-26,1.787e+1,,1.542e-21,5.738e-19,,1.821e-19,1.550e-20,3.545e-8,1.076e+0,1.450e-29,1.546e-19,1.881e-22,1.340e+1,4.542e+1,1.649e+1,2.021e-17,8.042e-19,5.085e-1,1.894e+0,,5.165e-3,,,2.601e-1,,,6.214e-20,,1.451e-18,,6.329e-19,,2.239e-19,,2.936e-18,,5.212e-18,2.419e-16
550.21,9.640e+1,1.883e-20,3.258e-18,1.186e-39,2.679e-34,,,5.438e-10,2.576e-21,,2.154e-15,2.196e-18,1.762e-24,9.651e-18,3.766e-11,6.635e-16,2.537e-20,4.699e-22,,4.872e-2,3.803e-19,1.115e-26,1.851e+1,,2.760e-21,5.721e-19,,1.822e-19,1.550e-20,2.183e-8,1.139e+0,1.456e-29,1.546e-19,1.880e-22,1.368e+1,4.358e+1,1.642e+1,2.023e-17,8.033e-19,6.159e-1,2.169e+0,,3.789e-3,,,2.277e-1,,,6.191e-20,,1.451e-18,,6.328e-19,,2.242e-19,,2.931e-18,,5.211e-18,2.419e-16
550.23,9.606e+1,1.878e-20,2.411e-18,1.187e-39,2.678e-34,,,7.549e-10,2.577e-21,,2.154e-15,2.197e-18,1.763e-24,9.650e-18,2.770e-11,5.690e-16,2.536e-20,3.117e-22,,5.581e-2,3.807e-19,8.405e-27,1.890e+1,,4.056e-21,5.710e-19,,1.823e-19,1.550e-20,1.575e-8,1.182e+0,1.459e-29,1.546e-19,1.880e-22,1.384e+1,4.247e+1,1.633e+1,2.024e-17,8.027e-19,6.977e-1,2.366e+0,,3.072e-3,,,2.078e-1,,,6.175e-20,,1.451e-18,,6.327e-19,,2.244e-19,,2.927e-18,,5.211e-18,2.419e-16
550.26,9.561e+1,1.871e-20,1.528e-18,1.189e-39,2.678e-34,,,1.229e-9,2.579e-21,,2.153e-15,2.200e-18,1.764e-24,9.650e-18,1.739e-11,4.498e-16,2.536e-20,1.676e-22,,6.811e-2,3.812e-19,5.473e-27,1.941e+1,,7.191e-21,5.694e-19,,1.824e-19,1.550e-20,9.601e-9,1.246e+0,1.465e-29,1.546e-19,1.879e-22,1.403e+1,4.102e+1,1.613e+1,2.026e-17,8.018e-19,8.372e-1,2.683e+0,,2.232e-3,,,1.804e-1,,,6.152e-20,,1.451e-18,,6.327e-19,,2.246e-19,,2.921e-18,,5.210e-18,2.420e-16
550.28,9.536e+1,1.867e-20,1.124e-18,1.190e-39,2.678e-34,,,1.695e-9,2.580e-21,,2.153e-15,2.201e-18,1.764e-24,9.650e-18,1.271e-11,3.833e-16,2.535e-20,1.105e-22,,7.754e-2,3.816e-19,4.098e-27,1.970e+1,,1.050e-20,5.683e-19,,1.825e-19,1.550e-20,6.882e-9,1.288e+0,1.469e-29,1.546e-19,1.878e-22,1.413e+1,4.020e+1,1.595e+1,2.028e-17,8.012e-19,9.424e-1,2.908e+0,,1.798e-3,,,1.636e-1,,,6.136e-20,,1.452e-18,,6.326e-19,,2.248e-19,,2.918e-18,,5.209e-18,2.420e-16
550.3,9.516e+1,1.862e-20,8.247e-19,1.191e-39,2.678e-34,,,2.333e-9,2.581e-21,,2.153e-15,2.202e-18,1.765e-24,9.650e-18,9.262e-12,3.258e-16,2.535e-20,7.263e-23,,8.806e-2,3.820e-19,3.061e-27,1.994e+1,,1.530e-20,5.672e-19,,1.826e-19,1.551e-20,4.921e-9,1.330e+0,1.473e-29,1.547e-19,1.878e-22,1.420e+1,3.951e+1,1.574e+1,2.029e-17,8.006e-19,1.058e+0,3.145e+0,,1.445e-3,,,1.481e-1,,,6.121e-20,,1.452e-18,,6.326e-19,,2.250e-19,,2.914e-18,,5.208e-18,2.420e-16
550.33,9.495e+1,1.855e-20,5.158e-19,1.193e-39,2.678e-34,,,3.748e-9,2.583e-21,,2.152e-15,2.204e-18,1.766e-24,9.650e-18,5.737e-12,2.541e-16,2.534e-20,3.853e-23,,1.061e-1,3.825e-19,1.967e-27,2.022e+1,,2.677e-20,5.656e-19,,1.827e-19,1.551e-20,2.961e-9,1.391e+0,1.478e-29,1.547e-19,1.877e-22,1.425e+1,3.873e+1,1.536e+1,2.032e-17,7.997e-19,1.253e+0,3.519e+0,,1.036e-3,,,1.270e-1,,,6.097e-20,,1.452e-18,,6.325e-19,,2.252e-19,,2.909e-18,,5.207e-18,2.420e-16
550.35,9.488e+1,1.850e-20,3.760e-19,1.194e-39,2.678e-34,,,5.125e-9,2.584e-21,,2.152e-15,2.206e-18,1.767e-24,9.650e-18,4.155e-12,2.147e-16,2.534e-20,2.517e-23,,1.197e-1,3.829e-19,1.460e-27,2.034e+1,,3.875e-20,5.645e-19,,1.828e-19,1.551e-20,2.103e-9,1.430e+0,1.482e-29,1.547e-19,1.877e-22,1.424e+1,3.838e+1,1.507e+1,2.033e-17,7.990e-19,1.398e+0,3.781e+0,,8.271e-4,,,1.142e-1,,,6.082e-20,,1.452e-18,,6.324e-19,,2.254e-19,,2.905e-18,,5.207e-18,2.421e-16
550.38,9.488e+1,1.844e-20,2.329e-19,1.196e-39,2.678e-34,,,8.157e-9,2.586e-21,,2.151e-15,2.208e-18,1.768e-24,9.649e-18,2.549e-12,1.658e-16,2.533e-20,1.323e-23,,1.428e-1,3.834e-19,9.290e-28,2.043e+1,,6.718e-20,5.629e-19,,1.829e-19,1.551e-20,1.254e-9,1.486e+0,1.488e-29,1.547e-19,1.876e-22,1.418e+1,3.812e+1,1.458e+1,2.035e-17,7.981e-19,1.640e+0,4.192e+0,,5.873e-4,,,9.705e-2,,,6.058e-20,,1.452e-18,,6.324e-19,,2.257e-19,,2.900e-18,,5.206e-18,2.421e-16
550.4,9.495e+1,1.839e-20,1.687e-19,1.197e-39,2.678e-34,,,1.108e-8,2.587e-21,,2.151e-15,2.209e-18,1.768e-24,9.649e-18,1.835e-12,1.392e-16,2.533e-20,8.586e-24,,1.601e-1,3.838e-19,6.851e-28,2.042e+1,,9.664e-20,5.618e-19,,1.830e-19,1.551e-20,8.849e-10,1.521e+0,1.492e-29,1.547e-19,1.875e-22,1.411e+1,3.813e+1,1.423e+1,2.037e-17,7.975e-19,1.818e+0,4.476e+0,,4.660e-4,,,8.680e-2,,,6.043e-20,,1.452e-18,,6.323e-19,,2.258e-19,,2.896e-18,,5.205e-18,2.421e-16
550.43,9.518e+1,1.832e-20,1.035e-19,1.199e-39,2.678e-34,,,1.748e-8,2.589e-21,,2.151e-15,2.211e-18,1.769e-24,9.649e-18,1.115e-12,1.065e-16,2.532e-20,4.468e-24,,1.892e-1,3.844e-19,4.319e-28,2.032e+1,,1.660e-19,5.601e-19,,1.832e-19,1.552e-20,5.224e-10,1.570e+0,1.498e-29,1.547e-19,1.874e-22,1.394e+1,3.839e+1,1.366e+1,2.039e-17,7.966e-19,2.113e+0,4.915e+0,,3.278e-4,,,7.308e-2,,,6.019e-20,,1.453e-18,,6.322e-19,,2.261e-19,,2.890e-18,,5.204e-18,2.422e-16
550.45,9.540e+1,1.827e-20,7.449e-20,1.200e-39,2.677e-34,,,2.360e-8,2.590e-21,,2.150e-15,2.213e-18,1.770e-24,9.649e-18,7.972e-13,8.884e-17,2.532e-20,2.882e-24,,2.109e-1,3.847e-19,3.165e-28,2.019e+1,,2.373e-19,5.590e-19,,1.832e-19,1.552e-20,3.664e-10,1.599e+0,1.501e-29,1.548e-19,1.874e-22,1.379e+1,3.874e+1,1.325e+1,2.040e-17,7.960e-19,2.328e+0,5.215e+0,,2.584e-4,,,6.497e-2,,,6.003e-20,,1.453e-18,,6.322e-19,,2.263e-19,,2.887e-18,,5.203e-18,2.422e-16
550.48,9.585e+1,1.821e-20,4.527e-20,1.202e-39,2.677e-34,,,3.687e-8,2.592e-21,,2.150e-15,2.215e-18,1.771e-24,9.649e-18,4.798e-13,6.734e-17,2.531e-20,1.486e-24,,2.469e-1,3.853e-19,1.976e-28,1.991e+1,,4.037e-19,5.574e-19,,1.834e-19,1.552e-20,2.142e-10,1.638e+0,1.507e-29,1.548e-19,1.873e-22,1.353e+1,3.951e+1,1.262e+1,2.043e-17,7.951e-19,2.680e+0,5.672e+0,,1.800e-4,,,5.420e-2,,,5.980e-20,,1.453e-18,,6.321e-19,,2.265e-19,,2.881e-18,,5.202e-18,2.422e-16
550.5,9.622e+1,1.816e-20,3.237e-20,1.204e-39,2.677e-34,,,4.947e-8,2.593e-21,,2.150e-15,2.216e-18,1.771e-24,9.649e-18,3.409e-13,5.581e-17,2.531e-20,9.520e-25,,2.734e-1,3.856e-19,1.439e-28,1.966e+1,,5.736e-19,5.563e-19,,1.835e-19,1.552e-20,1.493e-10,1.661e+0,1.511e-29,1.548e-19,1.873e-22,1.332e+1,4.017e+1,1.218e+1,2.044e-17,7.945e-19,2.934e+0,5.981e+0,,1.410e-4,,,4.789e-2,,,5.964e-20,,1.453e-18,,6.321e-19,,2.267e-19,,2.878e-18,,5.202e-18,2.422e-16
550.53,9.688e+1,1.809e-20,1.949e-20,1.205e-39,2.677e-34,,,7.656e-8,2.595e-21,,2.149e-15,2.218e-18,1.772e-24,9.648e-18,2.032e-13,4.191e-17,2.530e-20,4.861e-25,,3.171e-1,3.862e-19,8.897e-29,1.919e+1,,9.668e-19,5.547e-19,,1.836e-19,1.552e-20,8.647e-11,1.688e+0,1.517e-29,1.548e-19,1.872e-22,1.297e+1,4.137e+1,1.151e+1,2.046e-17,7.936e-19,3.346e+0,6.445e+0,,9.734e-5,,,3.959e-2,,,5.941e-20,,1.453e-18,,6.320e-19,,2.269e-19,,2.872e-18,,5.201e-18,2.423e-16
550.55,9.737e+1,1.804e-20,1.385e-20,1.207e-39,2.677e-34,,,1.021e-7,2.596e-21,,2.149e-15,2.220e-18,1.773e-24,9.648e-18,1.435e-13,3.451e-17,2.530e-20,3.095e-25,,3.489e-1,3.866e-19,6.438e-29,1.883e+1,,1.365e-18,5.536e-19,,1.837e-19,1.553e-20,5.988e-11,1.703e+0,1.520e-29,1.548e-19,1.871e-22,1.271e+1,4.229e+1,1.105e+1,2.048e-17,7.930e-19,3.641e+0,6.752e+0,,7.577e-5,,,3.476e-2,,,5.925e-20,,1.453e-18,,6.319e-19,,2.271e-19,,2.869e-18,,5.200e-18,2.423e-16
550.58,9.819e+1,1.797e-20,8.256e-21,1.208e-39,2.677e-34,,,1.565e-7,2.598e-21,,2.148e-15,2.222e-18,1.774e-24,9.648e-18,8.473e-14,2.567e-17,2.529e-20,1.565e-25,,4.009e-1,3.871e-19,3.943e-29,1.822e+1,,2.279e-18,5.519e-19,,1.838e-19,1.553e-20,3.435e-11,1.718e+0,1.526e-29,1.548e-19,1.871e-22,1.229e+1,4.384e+1,1.037e+1,2.050e-17,7.921e-19,4.112e+0,7.208e+0,,5.179e-5,,,2.847e-2,,,5.902e-20,,1.454e-18,,6.319e-19,,2.274e-19,,2.863e-18,,5.199e-18,2.423e-16
550.6,9.877e+1,1.793e-20,5.829e-21,1.210e-39,2.677e-34,,,2.074e-7,2.599e-21,,2.148e-15,2.223e-18,1.774e-24,9.648e-18,5.944e-14,2.100e-17,2.528e-20,9.902e-26,,4.383e-1,3.875e-19,2.835e-29,1.776e+1,,3.198e-18,5.509e-19,,1.839e-19,1.553e-20,2.364e-11,1.723e+0,1.530e-29,1.549e-19,1.870e-22,1.200e+1,4.496e+1,9.911e+0,2.052e-17,7.915e-19,4.446e+0,7.504e+0,,4.006e-5,,,2.485e-2,,,5.886e-20,,1.454e-18,,6.318e-19,,2.275e-19,,2.859e-18,,5.198e-18,2.423e-16
550.63,9.969e+1,1.786e-20,3.442e-21,1.211e-39,2.677e-34,,,3.150e-7,2.601e-21,,2.148e-15,2.225e-18,1.775e-24,9.648e-18,3.477e-14,1.547e-17,2.528e-20,4.960e-26,,4.989e-1,3.880e-19,1.720e-29,1.702e+1,,5.290e-18,5.492e-19,,1.840e-19,1.553e-20,1.343e-11,1.725e+0,1.536e-29,1.549e-19,1.869e-22,1.153e+1,4.675e+1,9.234e+0,2.054e-17,7.905e-19,4.975e+0,7.935e+0,,2.712e-5,,,2.016e-2,,,5.863e-20,,1.454e-18,,6.317e-19,,2.278e-19,,2.854e-18,,5.197e-18,2.424e-16
550.65,1.003e+2,1.781e-20,2.415e-21,1.213e-39,2.676e-34,,,4.149e-7,2.602e-21,,2.147e-15,2.227e-18,1.776e-24,9.648e-18,2.424e-14,1.258e-17,2.527e-20,4.981e-26,,5.421e-1,3.884e-19,1.229e-29,1.649e+1,,7.376e-18,5.481e-19,,1.841e-19,1.553e-20,9.182e-12,1.722e+0,1.539e-29,1.549e-19,1.869e-22,1.121e+1,4.800e+1,8.790e+0,2.055e-17,7.899e-19,5.345e+0,8.209e+0,,2.085e-5,,,1.749e-2,,,5.847e-20,,1.454e-18,,6.317e-19,,2.280e-19,,2.850e-18,,5.197e-18,2.424e-16
550.67,1.010e+2,1.777e-20,1.690e-21,1.214e-39,2.676e-34,,,5.450e-7,2.604e-21,,2.147e-15,2.228e-18,1.777e-24,9.648e-18,1.685e-14,1.020e-17,2.527e-20,5.002e-26,,5.876e-1,3.888e-19,8.755e-30,1.594e+1,,1.026e-17,5.470e-19,,1.842e-19,1.554e-20,6.262e-12,1.715e+0,1.543e-29,1.549e-19,1.868e-22,1.088e+1,4.927e+1,8.355e+0,2.057e-17,7.893e-19,5.729e+0,8.472e+0,,1.598e-5,,,1.513e-2,,,5.832e-20,,1.454e-18,,6.316e-19,,2.281e-19,,2.847e-18,,5.196e-18,2.424e-16
550.7,1.019e+2,1.770e-20,9.848e-22,1.216e-39,2.676e-34,,,8.169e-7,2.605e-21,,2.147e-15,2.230e-18,1.778e-24,9.647e-18,9.725e-15,7.417e-18,2.526e-20,5.034e-26,,6.599e-1,3.893e-19,5.241e-30,1.507e+1,,1.675e-17,5.454e-19,,1.843e-19,1.554e-20,3.510e-12,1.698e+0,1.549e-29,1.549e-19,1.867e-22,1.039e+1,5.119e+1,7.723e+0,2.059e-17,7.884e-19,6.326e+0,8.841e+0,,1.068e-5,,,1.212e-2,,,5.808e-20,,1.454e-18,,6.316e-19,,2.284e-19,,2.841e-18,,5.195e-18,2.425e-16
550.72,1.025e+2,1.765e-20,6.849e-22,1.217e-39,2.676e-34,,,1.067e-6,2.607e-21,,2.146e-15,2.232e-18,1.778e-24,9.647e-18,6.719e-15,5.977e-18,2.526e-20,5.055e-26,,7.108e-1,3.897e-19,3.711e-30,1.447e+1,,2.315e-17,5.443e-19,,1.844e-19,1.554e-20,2.379e-12,1.683e+0,1.553e-29,1.549e-19,1.867e-22,1.006e+1,5.246e+1,7.317e+0,2.060e-17,7.878e-19,6.737e+0,9.066e+0,,8.135e-6,,,1.042e-2,,,5.793e-20,,1.454e-18,,6.315e-19,,2.286e-19,,2.838e-18,,5.194e-18,2.425e-16
550.75,1.034e+2,1.758e-20,3.952e-22,1.219e-39,2.676e-34,,,1.584e-6,2.608e-21,,2.146e-15,2.234e-18,1.779e-24,9.647e-18,3.840e-15,4.304e-18,2.525e-20,5.087e-26,,7.908e-1,3.902e-19,2.200e-30,1.356e+1,,3.745e-17,5.427e-19,,1.845e-19,1.554e-20,1.321e-12,1.653e+0,1.558e-29,1.550e-19,1.866e-22,9.566e+0,5.431e+1,6.736e+0,2.063e-17,7.869e-19,7.369e+0,9.371e+0,,5.383e-6,,,8.269e-3,,,5.769e-20,,1.455e-18,,6.314e-19,,2.288e-19,,2.832e-18,,5.193e-18,2.425e-16
550.77,1.039e+2,1.754e-20,2.731e-22,1.220e-39,2.676e-34,,,2.054e-6,2.610e-21,,2.146e-15,2.235e-18,1.780e-24,9.647e-18,2.637e-15,3.447e-18,2.525e-20,5.108e-26,,8.464e-1,3.906e-19,1.548e-30,1.294e+1,,5.144e-17,5.416e-19,,1.846e-19,1.554e-20,8.894e-13,1.629e+0,1.562e-29,1.550e-19,1.866e-22,9.245e+0,5.550e+1,6.369e+0,2.064e-17,7.863e-19,7.799e+0,9.550e+0,,4.075e-6,,,7.067e-3,,,5.753e-20,,1.455e-18,,6.314e-19,,2.290e-19,,2.828e-18,,5.193e-18,2.425e-16
550.8,1.045e+2,1.747e-20,1.561e-22,1.222e-39,2.676e-34,,,3.022e-6,2.611e-21,,2.145e-15,2.237e-18,1.781e-24,9.647e-18,1.493e-15,2.458e-18,2.524e-20,5.140e-26,,9.329e-1,3.912e-19,9.091e-31,1.201e+1,,8.242e-17,5.399e-19,,1.847e-19,1.555e-20,4.891e-13,1.588e+0,1.568e-29,1.550e-19,1.865e-22,8.777e+0,5.716e+1,5.852e+0,2.066e-17,7.854e-19,8.451e+0,9.779e+0,,2.671e-6,,,5.560e-3,,,5.730e-20,,1.455e-18,,6.313e-19,,2.292e-19,,2.823e-18,,5.192e-18,2.426e-16
550.82,1.049e+2,1.742e-20,1.072e-22,1.223e-39,2.676e-34,,,3.896e-6,2.613e-21,,2.145e-15,2.238e-18,1.781e-24,9.647e-18,1.018e-15,1.956e-18,2.524e-20,5.161e-26,,9.922e-1,3.915e-19,6.356e-31,1.139e+1,,1.125e-16,5.388e-19,,1.848e-19,1.555e-20,3.273e-13,1.558e+0,1.572e-29,1.550e-19,1.864e-22,8.476e+0,5.817e+1,5.531e+0,2.068e-17,7.848e-19,8.887e+0,9.903e+0,,2.009e-6,,,4.725e-3,,,5.714e-20,,1.455e-18,,6.313e-19,,2.294e-19,,2.819e-18,,5.191e-18,2.426e-16
550.85,1.053e+2,1.735e-20,6.069e-23,1.225e-39,2.675e-34,,,5.677e-6,2.614e-21,,2.145e-15,2.241e-18,1.782e-24,9.646e-18,5.710e-16,1.382e-18,2.523e-20,5.193e-26,,1.083e+0,3.921e-19,3.697e-31,1.047e+1,,1.786e-16,5.372e-19,,1.850e-19,1.555e-20,1.783e-13,1.507e+0,1.577e-29,1.550e-19,1.863e-22,8.046e+0,5.953e+1,5.085e+0,2.070e-17,7.839e-19,9.540e+0,1.004e+1,,1.305e-6,,,3.687e-3,,,5.691e-20,,1.455e-18,,6.312e-19,,2.297e-19,,2.814e-18,,5.190e-18,2.426e-16
550.87,1.054e+2,1.731e-20,4.140e-23,1.226e-39,2.675e-34,,,7.274e-6,2.616e-21,,2.144e-15,2.242e-18,1.783e-24,9.646e-18,3.870e-16,1.093e-18,2.523e-20,5.214e-26,,1.145e+0,3.925e-19,2.568e-31,9.862e+0,,2.423e-16,5.361e-19,,1.850e-19,1.555e-20,1.185e-13,1.470e+0,1.581e-29,1.551e-19,1.863e-22,7.775e+0,6.030e+1,4.813e+0,2.072e-17,7.833e-19,9.970e+0,1.011e+1,,9.757e-7,,,3.119e-3,,,5.675e-20,,1.455e-18,,6.311e-19,,2.298e-19,,2.810e-18,,5.189e-18,2.427e-16
550.9,1.055e+2,1.724e-20,2.322e-23,1.228e-39,2.675e-34,,,1.050e-5,2.617e-21,,2.144e-15,2.244e-18,1.784e-24,9.646e-18,2.150e-16,7.646e-19,2.522e-20,5.245e-26,,1.238e+0,3.930e-19,1.480e-31,8.979e+0,,3.810e-16,5.345e-19,,1.852e-19,1.555e-20,6.394e-14,1.411e+0,1.587e-29,1.551e-19,1.862e-22,7.395e+0,6.125e+1,4.444e+0,2.074e-17,7.824e-19,1.060e+1,1.016e+1,,6.282e-7,,,2.421e-3,,,5.652e-20,,1.456e-18,,6.311e-19,,2.301e-19,,2.805e-18,,5.188e-18,2.427e-16
550.92,1.054e+2,1.719e-20,1.574e-23,1.229e-39,2.675e-34,,,1.337e-5,2.619e-21,,2.144e-15,2.245e-18,1.784e-24,9.646e-18,1.448e-16,6.008e-19,2.522e-20,5.267e-26,,1.301e+0,3.934e-19,1.021e-31,8.409e+0,,5.136e-16,5.334e-19,,1.853e-19,1.556e-20,4.224e-14,1.370e+0,1.591e-29,1.551e-19,1.862e-22,7.159e+0,6.172e+1,4.224e+0,2.075e-17,7.817e-19,1.101e+1,1.016e+1,,4.674e-7,,,2.043e-3,,,5.636e-20,,1.456e-18,,6.310e-19,,2.303e-19,,2.801e-18,,5.187e-18,2.427e-16
550.95,1.049e+2,1.712e-20,8.743e-24,1.231e-39,2.675e-34,,,1.912e-5,2.620e-21,,2.143e-15,2.248e-18,1.785e-24,9.646e-18,7.965e-17,4.164e-19,2.521e-20,5.298e-26,,1.393e+0,3.939e-19,5.829e-32,7.584e+0,,8.001e-16,5.318e-19,,1.854e-19,1.556e-20,2.257e-14,1.306e+0,1.596e-29,1.551e-19,1.861e-22,6.834e+0,6.219e+1,3.933e+0,2.077e-17,7.808e-19,1.160e+1,1.011e+1,,2.996e-7,,,1.587e-3,,,5.613e-20,,1.456e-18,,6.309e-19,,2.305e-19,,2.796e-18,,5.186e-18,2.427e-16
550.97,1.045e+2,1.708e-20,5.889e-24,1.232e-39,2.675e-34,,,2.419e-5,2.621e-21,,2.143e-15,2.249e-18,1.786e-24,9.646e-18,5.330e-17,3.251e-19,2.521e-20,5.319e-26,,1.454e+0,3.943e-19,3.998e-32,7.057e+0,,1.072e-15,5.307e-19,,1.855e-19,1.556e-20,1.482e-14,1.261e+0,1.600e-29,1.551e-19,1.860e-22,6.637e+0,6.232e+1,3.764e+0,2.079e-17,7.802e-19,1.197e+1,1.004e+1,,2.230e-7,,,1.346e-3,,,5.597e-20,,1.456e-18,,6.309e-19,,2.307e-19,,2.792e-18,,5.186e-18,2.428e-16
551,1.036e+2,1.701e-20,3.240e-24,1.234e-39,2.675e-34,,,3.427e-5,2.623e-21,,2.142e-15,2.251e-18,1.787e-24,9.645e-18,2.905e-17,2.232e-19,2.520e-20,5.351e-26,,1.544e+0,3.948e-19,2.260e-32,6.305e+0,,1.654e-15,5.290e-19,,1.856e-19,1.556e-20,7.843e-15,1.193e+0,1.606e-29,1.551e-19,1.859e-22,6.369e+0,6.226e+1,3.549e+0,2.081e-17,7.793e-19,1.249e+1,9.903e+0,,1.448e-7,,,1.063e-3,,,5.574e-20,,1.456e-18,,6.308e-19,,2.310e-19,,2.786e-18,,5.185e-18,2.428e-16
551.02,1.028e+2,1.696e-20,2.169e-24,1.235e-39,2.675e-34,,,4.310e-5,2.624e-21,,2.142e-15,2.252e-18,1.787e-24,9.645e-18,1.931e-17,1.732e-19,2.520e-20,5.372e-26,,1.601e+0,3.952e-19,1.540e-32,5.830e+0,,2.202e-15,5.279e-19,,1.857e-19,1.556e-20,5.116e-15,1.147e+0,1.610e-29,1.552e-19,1.859e-22,6.210e+0,6.204e+1,3.431e+0,2.083e-17,7.787e-19,1.280e+1,9.779e+0,,1.104e-7,,,9.198e-4,,,5.558e-20,,1.456e-18,,6.308e-19,,2.311e-19,,2.783e-18,,5.184e-18,2.428e-16
551.04,1.019e+2,1.692e-20,1.448e-24,1.236e-39,2.675e-34,,,5.406e-5,2.626e-21,,2.142e-15,2.254e-18,1.788e-24,9.645e-18,1.281e-17,1.340e-19,2.519e-20,5.394e-26,,1.656e+0,3.956e-19,1.047e-32,5.377e+0,,2.925e-15,5.268e-19,,1.858e-19,1.557e-20,3.328e-15,1.100e+0,1.614e-29,1.552e-19,1.858e-22,6.066e+0,6.167e+1,3.331e+0,2.084e-17,7.781e-19,1.310e+1,9.632e+0,,8.657e-8,,,8.084e-4,,,5.543e-20,,1.457e-18,,6.307e-19,,2.313e-19,,2.779e-18,,5.183e-18,2.428e-16
551.07,1.003e+2,1.685e-20,7.859e-25,1.238e-39,2.674e-34,,,7.558e-5,2.627e-21,,2.141e-15,2.256e-18,1.789e-24,9.645e-18,6.888e-18,9.078e-20,2.518e-20,5.425e-26,,1.735e+0,3.961e-19,5.839e-33,4.741e+0,,4.455e-15,5.252e-19,,1.859e-19,1.557e-20,1.738e-15,1.030e+0,1.619e-29,1.552e-19,1.858e-22,5.875e+0,6.085e+1,3.216e+0,2.086e-17,7.772e-19,1.349e+1,9.371e+0,,6.600e-8,,,6.941e-4,,,1.100e-19,,1.457e-18,,6.306e-19,,2.316e-19,,2.774e-18,,5.182e-18,2.429e-16
551.09,9.904e+1,1.680e-20,5.213e-25,1.239e-39,2.674e-34,,,9.421e-5,2.629e-21,,2.141e-15,2.257e-18,1.790e-24,9.645e-18,4.540e-18,6.981e-20,2.518e-20,5.446e-26,,1.783e+0,3.965e-19,3.944e-33,4.345e+0,,5.880e-15,5.241e-19,,1.860e-19,1.557e-20,1.124e-15,9.836e-1,1.623e-29,1.552e-19,1.857e-22,5.765e+0,6.012e+1,3.160e+0,2.088e-17,7.766e-19,1.371e+1,9.173e+0,,6.052e-8,,,6.499e-4,,,1.732e-19,,1.457e-18,,6.306e-19,,2.317e-19,,2.770e-18,,5.182e-18,2.429e-16
551.12,9.690e+1,1.673e-20,2.803e-25,1.241e-39,2.674e-34,,,1.305e-4,2.630e-21,,2.141e-15,2.259e-18,1.791e-24,9.645e-18,2.418e-18,4.685e-20,2.517e-20,5.478e-26,,1.850e+0,3.971e-19,2.179e-33,3.795e+0,,8.873e-15,5.225e-19,,1.861e-19,1.557e-20,5.812e-16,9.145e-1,1.629e-29,1.552e-19,1.856e-22,5.623e+0,5.879e+1,3.109e+0,2.090e-17,7.757e-19,1.398e+1,8.841e+0,,6.321e-8,,,6.283e-4,,,3.404e-19,,1.457e-18,,6.305e-19,,2.320e-19,,2.765e-18,,5.181e-18,2.429e-16
551.14,9.531e+1,1.668e-20,1.848e-25,1.243e-39,2.674e-34,,,1.616e-4,2.632e-21,,2.140e-15,2.261e-18,1.791e-24,9.645e-18,1.583e-18,3.579e-20,2.517e-20,5.499e-26,,1.890e+0,3.974e-19,1.462e-33,3.456e+0,,1.164e-14,5.214e-19,,1.862e-19,1.557e-20,3.733e-16,8.691e-1,1.633e-29,1.552e-19,1.856e-22,5.543e+0,5.773e+1,3.093e+0,2.091e-17,7.751e-19,1.413e+1,8.599e+0,,7.233e-8,,,6.428e-4,,,5.326e-19,,1.457e-18,,6.305e-19,,2.321e-19,,2.761e-18,,5.180e-18,2.430e-16
551.17,9.269e+1,1.662e-20,9.841e-26,1.244e-39,2.674e-34,,,2.218e-4,2.633e-21,,2.140e-15,2.263e-18,1.792e-24,9.644e-18,8.351e-19,2.379e-20,2.516e-20,5.531e-26,,1.943e+0,3.980e-19,8.002e-34,2.990e+0,,1.740e-14,5.197e-19,,1.863e-19,1.558e-20,1.913e-16,8.025e-1,1.638e-29,1.553e-19,1.855e-22,5.441e+0,5.593e+1,3.096e+0,2.094e-17,7.742e-19,1.427e+1,8.209e+0,,9.869e-8,,,7.081e-4,,,1.038e-18,,1.457e-18,,6.304e-19,,2.324e-19,,2.755e-18,,5.179e-18,2.430e-16
551.19,9.079e+1,1.657e-20,6.445e-26,1.246e-39,2.674e-34,,,2.730e-4,2.635e-21,,2.140e-15,2.264e-18,1.793e-24,9.644e-18,5.434e-19,1.806e-20,2.516e-20,5.552e-26,,1.972e+0,3.983e-19,5.336e-34,2.706e+0,,2.267e-14,5.187e-19,,1.864e-19,1.558e-20,1.221e-16,7.592e-1,1.642e-29,1.553e-19,1.854e-22,5.385e+0,5.459e+1,3.115e+0,2.095e-17,7.735e-19,1.433e+1,7.935e+0,,1.267e-7,,,7.821e-4,,,1.613e-18,,1.457e-18,,6.303e-19,,2.326e-19,,2.752e-18,,5.178e-18,2.430e-16
551.22,8.775e+1,1.650e-20,3.400e-26,1.247e-39,2.674e-34,,,3.711e-4,2.636e-21,,2.139e-15,2.266e-18,1.794e-24,9.644e-18,2.839e-19,1.190e-20,2.515e-20,5.584e-26,,2.008e+0,3.989e-19,2.892e-34,2.319e+0,,3.358e-14,5.170e-19,,1.865e-19,1.558e-20,6.195e-17,6.962e-1,1.648e-29,1.553e-19,1.854e-22,5.316e+0,5.240e+1,3.164e+0,2.097e-17,7.726e-19,1.434e+1,7.504e+0,,1.896e-7,,,9.429e-4,,,3.113e-18,,1.458e-18,,6.303e-19,,2.328e-19,,2.746e-18,,5.177e-18,2.431e-16
551.24,8.560e+1,1.645e-20,2.213e-26,1.249e-39,2.674e-34,,,4.540e-4,2.638e-21,,2.139e-15,2.268e-18,1.794e-24,9.644e-18,1.836e-19,8.976e-21,2.515e-20,5.605e-26,,2.026e+0,3.993e-19,1.917e-34,2.085e+0,,4.350e-14,5.159e-19,,1.866e-19,1.558e-20,3.929e-17,6.557e-1,1.652e-29,1.553e-19,1.853e-22,5.278e+0,5.083e+1,3.209e+0,2.099e-17,7.720e-19,1.431e+1,7.208e+0,,2.503e-7,,,1.087e-3,,,4.810e-18,,1.458e-18,,6.302e-19,,2.330e-19,,2.743e-18,,5.177e-18,2.431e-16
551.27,8.221e+1,1.639e-20,1.156e-26,1.250e-39,2.673e-34,,,6.114e-4,2.639e-21,,2.139e-15,2.270e-18,1.795e-24,9.644e-18,9.500e-20,5.858e-21,2.514e-20,5.637e-26,,2.043e+0,3.998e-19,1.029e-34,1.770e+0,,6.382e-14,5.143e-19,,1.868e-19,1.558e-20,1.975e-17,5.973e-1,1.657e-29,1.553e-19,1.852e-22,5.233e+0,4.833e+1,3.293e+0,2.101e-17,7.711e-19,1.418e+1,6.752e+0,,3.806e-7,,,1.366e-3,,,9.197e-18,,1.458e-18,,6.301e-19,,2.333e-19,,2.737e-18,,5.176e-18,2.431e-16
551.29,7.986e+1,1.634e-20,7.476e-27,1.252e-39,2.673e-34,,,7.433e-4,2.641e-21,,2.138e-15,2.271e-18,1.796e-24,9.644e-18,6.104e-20,4.395e-21,2.514e-20,5.658e-26,,2.048e+0,4.002e-19,6.775e-35,1.582e+0,,8.214e-14,5.132e-19,,1.868e-19,1.558e-20,1.245e-17,5.601e-1,1.661e-29,1.553e-19,1.852e-22,5.209e+0,4.659e+1,3.358e+0,2.103e-17,7.705e-19,1.406e+1,6.445e+0,,5.030e-7,,,1.600e-3,,,1.412e-17,,1.458e-18,,6.301e-19,,2.334e-19,,2.734e-18,,5.175e-18,2.431e-16
551.32,7.622e+1,1.627e-20,3.869e-27,1.254e-39,2.673e-34,,,9.915e-4,2.642e-21,,2.138e-15,2.273e-18,1.797e-24,9.643e-18,3.128e-20,2.847e-21,2.513e-20,5.690e-26,,2.046e+0,4.007e-19,3.602e-35,1.330e+0,,1.194e-13,5.116e-19,,1.870e-19,1.559e-20,1.266e-17,5.069e-1,1.667e-29,1.554e-19,1.851e-22,5.181e+0,4.389e+1,3.467e+0,2.105e-17,7.696e-19,1.381e+1,5.981e+0,,7.620e-7,,,2.036e-3,,,2.675e-17,,1.458e-18,,6.300e-19,,2.337e-19,,2.728e-18,,5.174e-18,2.432e-16
551.34,7.373e+1,1.622e-20,2.486e-27,1.255e-39,2.673e-34,,,1.198e-3,2.644e-21,,2.138e-15,2.275e-18,1.797e-24,9.643e-18,1.997e-20,2.130e-21,2.513e-20,5.711e-26,,2.039e+0,4.011e-19,2.357e-35,1.181e+0,,1.527e-13,5.105e-19,,1.871e-19,1.559e-20,1.280e-17,4.732e-1,1.671e-29,1.554e-19,1.851e-22,5.166e+0,4.205e+1,3.544e+0,2.106e-17,7.690e-19,1.360e+1,5.672e+0,,1.002e-6,,,2.392e-3,,,4.082e-17,,1.458e-18,,6.299e-19,,2.339e-19,,2.724e-18,,5.173e-18,2.432e-16
551.37,6.994e+1,1.616e-20,1.274e-27,1.257e-39,2.673e-34,,,1.583e-3,2.645e-21,,2.137e-15,2.277e-18,1.798e-24,9.643e-18,1.014e-20,1.382e-21,2.512e-20,5.743e-26,,2.018e+0,4.017e-19,1.241e-35,9.839e-1,,2.199e-13,5.088e-19,,1.872e-19,1.559e-20,1.301e-17,4.255e-1,1.676e-29,1.554e-19,1.850e-22,5.151e+0,3.924e+1,3.666e+0,2.108e-17,7.681e-19,1.324e+1,5.215e+0,,1.506e-6,,,3.041e-3,,,7.661e-17,,1.459e-18,,6.299e-19,,2.341e-19,,2.719e-18,,5.172e-18,2.432e-16
551.39,6.739e+1,1.611e-20,8.136e-28,1.258e-39,2.673e-34,,,1.901e-3,2.647e-21,,2.137e-15,2.278e-18,1.799e-24,9.643e-18,6.432e-21,1.043e-21,2.512e-20,5.764e-26,,1.997e+0,4.020e-19,8.070e-36,8.682e-1,,2.795e-13,5.077e-19,,1.873e-19,1.559e-20,1.315e-17,3.956e-1,1.680e-29,1.554e-19,1.849e-22,5.144e+0,3.736e+1,3.750e+0,2.110e-17,7.675e-19,1.295e+1,4.915e+0,,1.970e-6,,,3.563e-3,,,1.162e-16,,1.459e-18,,6.298e-19,,2.343e-19,,2.715e-18,,5.172e-18,2.432e-16
551.41,6.483e+1,1.606e-20,5.182e-28,1.259e-39,2.673e-34,,,2.276e-3,2.648e-21,,2.137e-15,2.280e-18,1.800e-24,9.643e-18,4.070e-21,7.975e-22,2.511e-20,5.785e-26,,1.972e+0,4.024e-19,5.233e-36,7.643e-1,,3.545e-13,5.067e-19,,1.874e-19,1.559e-20,1.329e-17,3.671e-1,1.684e-29,1.554e-19,1.849e-22,5.140e+0,3.547e+1,3.833e+0,2.111e-17,7.669e-19,1.265e+1,4.620e+0,,2.570e-6,,,4.166e-3,,,1.758e-16,,1.459e-18,,6.298e-19,,2.345e-19,,2.712e-18,,5.171e-18,2.433e-16
551.44,6.099e+1,1.599e-20,2.621e-28,1.261e-39,2.673e-34,,,2.969e-3,2.650e-21,,2.136e-15,2.282e-18,1.801e-24,9.643e-18,2.039e-21,5.619e-22,2.511e-20,5.817e-26,,1.926e+0,4.029e-19,2.720e-36,6.282e-1,,5.038e-13,5.050e-19,,1.875e-19,1.560e-20,1.351e-17,3.271e-1,1.690e-29,1.554e-19,1.848e-22,5.140e+0,3.267e+1,3.956e+0,2.114e-17,7.660e-19,1.215e+1,4.192e+0,,3.812e-6,,,5.248e-3,,,3.256e-16,,1.459e-18,,6.297e-19,,2.347e-19,,2.706e-18,,5.170e-18,2.433e-16
551.46,5.846e+1,2.516e-20,1.658e-28,1.262e-39,2.673e-34,,,3.533e-3,2.651e-21,,2.136e-15,2.283e-18,1.801e-24,9.643e-18,2.035e-21,4.735e-22,2.510e-20,5.838e-26,,1.890e+0,4.033e-19,1.752e-36,5.495e-1,,6.348e-13,5.039e-19,,1.876e-19,1.560e-20,1.365e-17,3.023e-1,1.693e-29,1.555e-19,1.847e-22,5.143e+0,3.083e+1,4.035e+0,2.115e-17,7.654e-19,1.178e+1,3.916e+0,,4.942e-6,,,6.105e-3,,,4.895e-16,,1.459e-18,,6.296e-19,,2.349e-19,,2.703e-18,,5.169e-18,2.433e-16
551.49,5.471e+1,5.640e-20,8.308e-29,1.264e-39,2.672e-34,,,4.565e-3,2.653e-21,,2.135e-15,2.285e-18,1.802e-24,9.642e-18,2.029e-21,4.244e-22,2.510e-20,5.870e-26,,1.829e+0,4.039e-19,9.020e-37,4.474e-1,,8.937e-13,5.023e-19,,1.877e-19,1.560e-20,1.386e-17,2.677e-1,1.699e-29,1.555e-19,1.847e-22,5.154e+0,2.813e+1,4.146e+0,2.117e-17,7.644e-19,1.121e+1,3.519e+0,,7.262e-6,,,7.625e-3,,,8.982e-16,,1.459e-18,,6.296e-19,,2.351e-19,,2.697e-18,,5.168e-18,2.434e-16
551.51,5.226e+1,8.827e-20,9.782e-29,1.265e-39,2.672e-34,,,5.399e-3,2.654e-21,,2.135e-15,2.286e-18,1.803e-24,9.642e-18,2.026e-21,4.431e-22,2.509e-20,5.891e-26,,1.783e+0,4.042e-19,5.775e-37,3.889e-1,,1.119e-12,5.012e-19,,1.878e-19,1.560e-20,1.400e-17,2.464e-1,1.703e-29,1.555e-19,1.846e-22,5.167e+0,2.638e+1,4.215e+0,2.119e-17,7.638e-19,1.081e+1,3.267e+0,,9.357e-6,,,8.816e-3,,,1.342e-15,,1.460e-18,,6.295e-19,,2.353e-19,,2.693e-18,,5.168e-18,2.434e-16
551.54,4.869e+1,1.720e-19,1.199e-28,1.267e-39,2.672e-34,,,6.911e-3,2.656e-21,,2.135e-15,2.289e-18,1.804e-24,9.642e-18,2.020e-21,5.519e-22,2.508e-20,5.923e-26,,1.709e+0,4.048e-19,2.944e-37,3.136e-1,,1.561e-12,4.996e-19,,1.879e-19,1.560e-20,1.421e-17,2.168e-1,1.709e-29,1.555e-19,1.845e-22,5.195e+0,2.384e+1,4.307e+0,2.121e-17,7.629e-19,1.018e+1,2.908e+0,,1.362e-5,,,1.091e-2,,,2.440e-15,,1.460e-18,,6.294e-19,,2.356e-19,,2.688e-18,,5.167e-18,2.434e-16
551.56,4.638e+1,2.675e-19,1.347e-28,1.268e-39,2.672e-34,,,8.122e-3,2.657e-21,,2.134e-15,2.290e-18,1.804e-24,9.642e-18,2.016e-21,6.872e-22,2.508e-20,5.944e-26,,1.656e+0,4.051e-19,1.873e-37,2.709e-1,,1.943e-12,4.985e-19,,1.880e-19,1.561e-20,1.436e-17,1.987e-1,1.713e-29,1.555e-19,1.845e-22,5.220e+0,2.221e+1,4.360e+0,2.123e-17,7.623e-19,9.755e+0,2.683e+0,,1.744e-5,,,1.254e-2,,,3.623e-15,,1.460e-18,,6.294e-19,,2.357e-19,,2.684e-18,,5.166e-18,2.434e-16
551.59,4.304e+1,5.166e-19,1.568e-28,1.270e-39,2.672e-34,,,1.030e-2,2.659e-21,,2.134e-15,2.292e-18,1.805e-24,9.642e-18,2.011e-21,1.012e-21,2.507e-20,5.975e-26,,1.572e+0,4.057e-19,9.460e-38,2.164e-1,,2.684e-12,4.968e-19,,1.881e-19,1.561e-20,1.457e-17,1.737e-1,1.718e-29,1.556e-19,1.844e-22,5.271e+0,1.989e+1,4.424e+0,2.125e-17,7.614e-19,9.106e+0,2.366e+0,,2.516e-5,,,1.538e-2,,,6.526e-15,,1.460e-18,,6.293e-19,,2.360e-19,,2.679e-18,,5.165e-18,2.435e-16
551.61,4.091e+1,7.985e-19,1.715e-28,1.271e-39,2.672e-34,,,1.203e-2,2.660e-21,,2.134e-15,2.293e-18,1.806e-24,9.642e-18,2.007e-21,1.337e-21,2.507e-20,5.997e-26,,1.514e+0,4.061e-19,5.980e-38,1.857e-1,,3.320e-12,4.957e-19,,1.882e-19,1.561e-20,1.471e-17,1.585e-1,1.722e-29,1.556e-19,1.843e-22,5.315e+0,1.842e+1,4.457e+0,2.126e-17,7.608e-19,8.669e+0,2.169e+0,,3.201e-5,,,1.757e-2,,,9.630e-15,,1.460e-18,,6.293e-19,,2.362e-19,,2.675e-18,,5.164e-18,2.435e-16
551.64,3.788e+1,1.527e-18,1.936e-28,1.273e-39,2.672e-34,,,1.511e-2,2.662e-21,,2.133e-15,2.296e-18,1.807e-24,9.641e-18,2.002e-21,2.051e-21,2.506e-20,6.028e-26,,1.424e+0,4.066e-19,6.581e-38,1.470e-1,,4.544e-12,4.941e-19,,1.884e-19,1.561e-20,1.492e-17,1.378e-1,1.728e-29,1.556e-19,1.843e-22,5.398e+0,1.633e+1,4.490e+0,2.128e-17,7.599e-19,8.016e+0,1.895e+0,,4.574e-5,,,2.134e-2,,,1.718e-14,,1.460e-18,,6.292e-19,,2.364e-19,,2.670e-18,,5.163e-18,2.435e-16
551.66,3.596e+1,2.346e-18,2.083e-28,1.274e-39,2.672e-34,,,1.754e-2,2.663e-21,,2.133e-15,2.297e-18,1.807e-24,9.641e-18,1.998e-21,2.734e-21,2.506e-20,6.050e-26,,1.363e+0,4.070e-19,6.981e-38,1.254e-1,,5.585e-12,4.930e-19,,1.884e-19,1.561e-20,1.506e-17,1.252e-1,1.732e-29,1.556e-19,1.842e-22,5.466e+0,1.503e+1,4.500e+0,2.130e-17,7.593e-19,7.584e+0,1.726e+0,,5.784e-5,,,2.423e-2,,,2.520e-14,,1.461e-18,,6.291e-19,,2.366e-19,,2.666e-18,,5.163e-18,2.435e-16
551.69,3.326e+1,4.447e-18,2.304e-28,1.276e-39,2.671e-34,,,2.183e-2,2.665e-21,,2.133e-15,2.299e-18,1.808e-24,9.641e-18,1.992e-21,4.203e-21,2.505e-20,6.081e-26,,1.270e+0,4.075e-19,7.583e-38,9.828e-2,,7.574e-12,4.914e-19,,1.886e-19,1.562e-20,1.528e-17,1.081e-1,1.737e-29,1.556e-19,1.841e-22,5.591e+0,1.320e+1,4.497e+0,2.132e-17,7.584e-19,6.946e+0,1.494e+0,,8.187e-5,,,2.916e-2,,,4.455e-14,,1.461e-18,,6.291e-19,,2.369e-19,,2.661e-18,,5.162e-18,2.436e-16
551.71,3.158e+1,6.790e-18,2.452e-28,1.277e-39,2.671e-34,,,2.518e-2,2.666e-21,,2.132e-15,2.300e-18,1.809e-24,9.641e-18,1.989e-21,5.586e-21,2.505e-20,6.102e-26,,1.207e+0,4.079e-19,7.983e-38,8.329e-2,,9.250e-12,4.903e-19,,1.887e-19,1.562e-20,1.542e-17,9.785e-2,1.741e-29,1.556e-19,1.841e-22,5.692e+0,1.207e+1,4.483e+0,2.134e-17,7.578e-19,6.530e+0,1.352e+0,,1.029e-4,,,3.290e-2,,,6.493e-14,,1.461e-18,,6.290e-19,,2.370e-19,,2.657e-18,,5.161e-18,2.436e-16
551.74,2.924e+1,1.275e-17,2.673e-28,1.279e-39,2.671e-34,,,3.104e-2,2.668e-21,,2.132e-15,2.302e-18,1.810e-24,9.641e-18,1.983e-21,8.527e-21,2.504e-20,6.134e-26,,1.114e+0,4.085e-19,8.584e-38,6.468e-2,,1.243e-11,4.886e-19,,1.888e-19,1.562e-20,1.563e-17,8.398e-2,1.747e-29,1.557e-19,1.840e-22,5.870e+0,1.051e+1,4.443e+0,2.136e-17,7.569e-19,5.925e+0,1.159e+0,,1.443e-4,,,3.923e-2,,,1.137e-13,,1.461e-18,,6.289e-19,,2.373e-19,,2.651e-18,,5.160e-18,2.436e-16
551.76,2.780e+1,1.934e-17,2.820e-28,1.280e-39,2.671e-34,,,3.558e-2,2.669e-21,,2.132e-15,2.304e-18,1.811e-24,9.641e-18,1.980e-21,1.127e-20,2.504e-20,6.155e-26,,1.053e+0,4.088e-19,8.985e-38,5.447e-2,,1.508e-11,4.876e-19,,1.889e-19,1.562e-20,1.577e-17,7.569e-2,1.751e-29,1.557e-19,1.839e-22,6.010e+0,9.548e+0,4.405e+0,2.137e-17,7.562e-19,5.535e+0,1.043e+0,,1.802e-4,,,4.398e-2,,,1.647e-13,,1.461e-18,,6.289e-19,,2.374e-19,,2.648e-18,,5.159e-18,2.437e-16
551.78,2.647e+1,2.928e-17,2.968e-28,1.282e-39,2.671e-34,,,4.068e-2,2.670e-21,,2.131e-15,2.305e-18,1.811e-24,9.641e-18,1.976e-21,1.486e-20,2.503e-20,6.177e-26,,9.922e-1,4.092e-19,9.386e-38,4.576e-2,,1.826e-11,4.865e-19,,1.890e-19,1.562e-20,1.591e-17,6.812e-2,1.754e-29,1.557e-19,1.839e-22,6.168e+0,8.654e+0,4.357e+0,2.139e-17,7.556e-19,5.159e+0,9.359e-1,,2.245e-4,,,4.919e-2,,,2.380e-13,,1.461e-18,,6.288e-19,,2.376e-19,,2.644e-18,,5.159e-18,2.437e-16
551.81,2.466e+1,5.426e-17,3.189e-28,1.283e-39,2.671e-34,,,4.949e-2,2.672e-21,,2.131e-15,2.307e-18,1.812e-24,9.640e-18,1.970e-21,2.240e-20,2.503e-20,6.208e-26,,9.037e-1,4.097e-19,9.987e-38,3.507e-2,,2.421e-11,4.848e-19,,1.891e-19,1.563e-20,1.613e-17,5.799e-2,1.760e-29,1.557e-19,1.838e-22,6.441e+0,7.432e+0,4.267e+0,2.141e-17,7.547e-19,4.619e+0,7.920e-1,,3.107e-4,,,5.790e-2,,,4.115e-13,,1.462e-18,,6.288e-19,,2.379e-19,,2.639e-18,,5.158e-18,2.437e-16
551.83,2.357e+1,8.162e-17,3.336e-28,1.285e-39,2.671e-34,,,5.623e-2,2.673e-21,,2.131e-15,2.309e-18,1.813e-24,9.640e-18,1.967e-21,2.936e-20,2.502e-20,6.229e-26,,8.464e-1,4.101e-19,1.039e-37,2.927e-2,,2.913e-11,4.837e-19,,1.892e-19,1.563e-20,1.627e-17,5.199e-2,1.764e-29,1.557e-19,1.838e-22,6.649e+0,6.694e+0,4.197e+0,2.142e-17,7.541e-19,4.277e+0,7.065e-1,,3.846e-4,,,6.435e-2,,,5.908e-13,,1.462e-18,,6.287e-19,,2.380e-19,,2.635e-18,,5.157e-18,2.437e-16
551.86,2.213e+1,1.499e-16,3.557e-28,1.286e-39,2.671e-34,,,6.779e-2,2.675e-21,,2.130e-15,2.311e-18,1.814e-24,9.640e-18,1.961e-21,4.385e-20,2.502e-20,6.261e-26,,7.637e-1,4.107e-19,1.099e-37,2.222e-2,,3.827e-11,4.821e-19,,1.893e-19,1.563e-20,1.648e-17,4.404e-2,1.770e-29,1.557e-19,1.837e-22,7.003e+0,5.695e+0,4.076e+0,2.145e-17,7.532e-19,3.794e+0,5.926e-1,,5.273e-4,,,7.506e-2,,,1.012e-12,,1.462e-18,,6.286e-19,,2.383e-19,,2.630e-18,,5.156e-18,2.438e-16
551.88,2.130e+1,2.241e-16,3.704e-28,1.288e-39,2.671e-34,,,7.654e-2,2.676e-21,,2.130e-15,2.312e-18,1.814e-24,9.640e-18,1.957e-21,5.712e-20,2.501e-20,6.282e-26,,7.108e-1,4.110e-19,1.139e-37,1.843e-2,,4.576e-11,4.810e-19,,1.894e-19,1.563e-20,1.662e-17,3.937e-2,1.773e-29,1.558e-19,1.836e-22,7.269e+0,5.097e+0,3.986e+0,2.146e-17,7.526e-19,3.491e+0,5.256e-1,,6.488e-4,,,8.291e-2,,,1.444e-12,,1.462e-18,,6.286e-19,,2.385e-19,,2.626e-18,,5.155e-18,2.438e-16
551.91,2.022e+1,4.077e-16,3.925e-28,1.289e-39,2.670e-34,,,9.140e-2,2.678e-21,,2.129e-15,2.314e-18,1.815e-24,9.640e-18,1.952e-21,8.451e-20,2.501e-20,6.314e-26,,6.353e-1,4.116e-19,1.199e-37,1.386e-2,,5.955e-11,4.794e-19,,1.895e-19,1.563e-20,1.683e-17,3.324e-2,1.779e-29,1.558e-19,1.835e-22,7.713e+0,4.296e+0,3.839e+0,2.148e-17,7.517e-19,3.068e+0,4.373e-1,,8.813e-4,,,9.581e-2,,,2.450e-12,,1.462e-18,,6.285e-19,,2.387e-19,,2.620e-18,,5.154e-18,2.438e-16
551.93,1.963e+1,6.057e-16,4.073e-28,1.291e-39,2.670e-34,,,1.026e-1,2.679e-21,,2.129e-15,2.316e-18,1.816e-24,9.640e-18,1.948e-21,1.094e-19,2.500e-20,6.335e-26,,5.876e-1,4.120e-19,1.239e-37,1.142e-2,,7.075e-11,4.783e-19,,1.896e-19,1.564e-20,1.698e-17,2.968e-2,1.783e-29,1.558e-19,1.835e-22,8.042e+0,3.821e+0,3.734e+0,2.150e-17,7.511e-19,2.805e+0,3.859e-1,,1.078e-3,,,1.052e-1,,,3.475e-12,,1.462e-18,,6.285e-19,,2.389e-19,,2.617e-18,,5.154e-18,2.439e-16
551.96,1.890e+1,1.092e-15,4.294e-28,1.293e-39,2.670e-34,,,1.213e-1,2.681e-21,,2.129e-15,2.318e-18,1.817e-24,9.639e-18,1.943e-21,1.603e-19,2.500e-20,6.367e-26,,5.202e-1,4.125e-19,1.299e-37,8.509e-3,,9.121e-11,4.766e-19,,1.897e-19,1.564e-20,1.719e-17,2.507e-2,1.789e-29,1.558e-19,1.834e-22,8.586e+0,3.190e+0,3.566e+0,2.152e-17,7.502e-19,2.442e+0,3.190e-1,,1.450e-3,,,1.204e-1,,,5.841e-12,,1.463e-18,,6.284e-19,,2.392e-19,,2.611e-18,,5.153e-18,2.439e-16
551.98,1.853e+1,1.612e-15,4.441e-28,1.294e-39,2.670e-34,,,1.353e-1,2.682e-21,,2.128e-15,2.319e-18,1.817e-24,9.639e-18,1.939e-21,2.063e-19,2.499e-20,6.388e-26,,4.781e-1,4.129e-19,1.339e-37,6.970e-3,,1.077e-10,4.755e-19,,1.898e-19,1.564e-20,1.733e-17,2.242e-2,1.792e-29,1.558e-19,1.834e-22,8.982e+0,2.819e+0,3.449e+0,2.154e-17,1.181e-18,2.219e+0,2.806e-1,,1.762e-3,,,1.314e-1,,,8.232e-12,,1.463e-18,,6.283e-19,,2.393e-19,,4.120e-18,,5.152e-18,2.439e-16
552.01,1.813e+1,2.879e-15,4.662e-28,1.296e-39,2.670e-34,,,1.585e-1,2.684e-21,,2.128e-15,2.321e-18,1.818e-24,9.639e-18,1.933e-21,2.995e-19,2.499e-20,6.420e-26,,4.193e-1,4.134e-19,1.399e-37,5.142e-3,,1.376e-10,4.739e-19,,1.899e-19,1.564e-20,1.754e-17,1.906e-2,1.798e-29,1.558e-19,1.833e-22,9.629e+0,2.331e+0,3.267e+0,2.156e-17,2.321e-18,1.913e+0,2.312e-1,,2.349e-3,,,1.491e-1,,,1.371e-11,,1.463e-18,,6.283e-19,,2.396e-19,,8.127e-18,,5.151e-18,2.439e-16
552.03,1.796e+1,4.224e-15,4.809e-28,1.297e-39,2.670e-34,,,1.757e-1,2.685e-21,,2.128e-15,2.323e-18,1.819e-24,9.639e-18,1.930e-21,3.829e-19,2.498e-20,6.441e-26,,3.830e-1,4.138e-19,1.439e-37,4.186e-3,,1.614e-10,4.728e-19,,1.900e-19,1.564e-20,1.768e-17,1.717e-2,1.802e-29,1.559e-19,1.832e-22,1.010e+1,2.047e+0,3.144e+0,2.157e-17,3.630e-18,1.728e+0,2.034e-1,,2.836e-3,,,1.617e-1,,,1.920e-11,,1.463e-18,,6.282e-19,,2.398e-19,,1.274e-17,,5.150e-18,2.440e-16
552.06,1.787e+1,7.474e-15,5.031e-28,1.299e-39,2.670e-34,,,2.040e-1,2.687e-21,,2.127e-15,2.325e-18,1.820e-24,9.639e-18,1.924e-21,5.508e-19,2.497e-20,6.473e-26,,3.327e-1,4.143e-19,1.500e-37,3.059e-3,,2.042e-10,4.712e-19,,1.902e-19,1.565e-20,1.790e-17,1.485e-2,1.808e-29,1.559e-19,1.832e-22,1.085e+1,1.677e+0,2.956e+0,2.159e-17,7.069e-18,1.475e+0,1.684e-1,,3.745e-3,,,1.818e-1,,,3.168e-11,,1.463e-18,,6.281e-19,,2.400e-19,,2.491e-17,,5.149e-18,2.440e-16
552.08,1.790e+1,1.090e-14,5.178e-28,1.300e-39,2.670e-34,,,2.246e-1,2.688e-21,,2.127e-15,2.326e-18,1.821e-24,9.639e-18,1.921e-21,6.998e-19,2.497e-20,6.494e-26,,3.020e-1,4.147e-19,1.540e-37,2.474e-3,,2.382e-10,4.701e-19,,1.902e-19,1.565e-20,1.804e-17,1.360e-2,1.811e-29,1.559e-19,1.831e-22,1.139e+1,1.464e+0,2.830e+0,2.161e-17,1.099e-17,1.324e+0,1.492e-1,,4.494e-3,,,1.960e-1,,,4.410e-11,,1.463e-18,,6.281e-19,,2.402e-19,,3.881e-17,,5.149e-18,2.440e-16
552.11,1.807e+1,1.911e-14,5.399e-28,1.302e-39,2.669e-34,,,2.583e-1,2.690e-21,,2.126e-15,2.328e-18,1.821e-24,9.638e-18,1.915e-21,9.974e-19,2.496e-20,6.526e-26,,2.599e-1,4.153e-19,1.600e-37,1.791e-3,,2.985e-10,4.685e-19,,1.904e-19,1.565e-20,1.825e-17,1.216e-2,1.817e-29,1.559e-19,1.830e-22,1.224e+1,1.188e+0,2.642e+0,2.163e-17,2.120e-17,1.120e+0,1.260e-1,,5.880e-3,,,2.184e-1,,,7.209e-11,,1.463e-18,,6.280e-19,,2.404e-19,,7.516e-17,,5.148e-18,2.441e-16
552.13,1.828e+1,2.769e-14,5.546e-28,1.303e-39,2.669e-34,,,2.827e-1,2.691e-21,,2.126e-15,2.330e-18,1.822e-24,9.638e-18,1.911e-21,1.259e-18,2.496e-20,6.547e-26,,2.344e-1,4.156e-19,1.640e-37,1.440e-3,,3.460e-10,4.674e-19,,1.905e-19,1.565e-20,1.839e-17,1.145e-2,1.821e-29,1.559e-19,1.830e-22,1.285e+1,1.030e+0,2.518e+0,2.165e-17,3.275e-17,9.989e-1,1.139e-1,,7.012e-3,,,2.341e-1,,,9.972e-11,,1.464e-18,,6.280e-19,,2.406e-19,,1.164e-16,,5.147e-18,2.441e-16
552.15,1.854e+1,4.004e-14,5.694e-28,1.304e-39,2.669e-34,,,3.086e-1,2.692e-21,,2.126e-15,2.331e-18,1.823e-24,9.638e-18,1.908e-21,1.586e-18,2.496e-20,6.568e-26,,2.109e-1,4.160e-19,1.680e-37,1.154e-3,,3.999e-10,4.663e-19,,1.905e-19,1.565e-20,1.853e-17,1.095e-2,1.825e-29,1.559e-19,1.829e-22,1.347e+1,8.912e-1,2.397e+0,2.166e-17,5.048e-17,8.885e-1,1.044e-1,,8.342e-3,,,2.502e-1,,,1.376e-10,,1.464e-18,,6.279e-19,,2.408e-19,,1.798e-16,,5.146e-18,2.441e-16
552.18,1.906e+1,6.928e-14,5.915e-28,1.306e-39,2.669e-34,,,3.503e-1,2.694e-21,,2.125e-15,2.333e-18,1.824e-24,9.638e-18,1.902e-21,2.231e-18,2.495e-20,6.600e-26,,1.791e-1,4.165e-19,1.740e-37,8.246e-4,,4.948e-10,4.646e-19,,1.907e-19,1.566e-20,1.874e-17,1.054e-2,1.830e-29,1.560e-19,1.828e-22,1.446e+1,7.137e-1,2.220e+0,2.168e-17,9.612e-17,7.419e-1,9.461e-2,,1.077e-2,,,2.754e-1,,,2.220e-10,,1.464e-18,,6.278e-19,,2.410e-19,,3.437e-16,,5.145e-18,2.441e-16
552.2,1.947e+1,9.954e-14,6.062e-28,1.307e-39,2.669e-34,,,3.800e-1,2.695e-21,,2.125e-15,2.334e-18,1.824e-24,9.638e-18,1.898e-21,2.792e-18,2.494e-20,6.621e-26,,1.601e-1,4.169e-19,1.780e-37,6.569e-4,,5.684e-10,4.635e-19,,1.908e-19,1.566e-20,1.889e-17,1.049e-2,1.834e-29,1.560e-19,1.828e-22,1.514e+1,6.136e-1,2.106e+0,2.170e-17,1.472e-16,6.557e-1,9.093e-2,,1.273e-2,,,2.927e-1,,,3.045e-10,,1.464e-18,,6.278e-19,,2.412e-19,,5.277e-16,,5.145e-18,2.442e-16
552.23,2.018e+1,1.707e-13,6.283e-28,1.309e-39,2.669e-34,,,4.273e-1,2.697e-21,,2.125e-15,2.337e-18,1.825e-24,9.638e-18,1.893e-21,3.891e-18,2.494e-20,6.653e-26,,1.347e-1,4.175e-19,1.840e-37,4.649e-4,,6.966e-10,4.619e-19,,1.909e-19,1.566e-20,1.910e-17,1.073e-2,1.840e-29,1.560e-19,1.827e-22,1.621e+1,4.867e-1,1.942e+0,2.172e-17,2.778e-16,5.424e-1,8.954e-2,,1.629e-2,,,3.193e-1,,,4.867e-10,,1.464e-18,,6.277e-19,,2.415e-19,,9.993e-16,,5.144e-18,2.442e-16
552.25,2.070e+1,2.437e-13,6.430e-28,1.310e-39,2.669e-34,,,4.606e-1,2.698e-21,,2.124e-15,2.338e-18,1.826e-24,9.638e-18,1.889e-21,4.840e-18,2.493e-20,6.674e-26,,1.197e-1,4.178e-19,1.880e-37,3.680e-4,,7.953e-10,4.608e-19,,1.910e-19,1.566e-20,1.924e-17,1.111e-2,1.844e-29,1.560e-19,1.827e-22,1.693e+1,4.158e-1,1.839e+0,2.174e-17,4.228e-16,4.764e-1,9.134e-2,,1.914e-2,,,3.373e-1,,,6.633e-10,,1.464e-18,,6.277e-19,,2.416e-19,,1.525e-15,,5.143e-18,2.442e-16
552.28,2.157e+1,4.139e-13,6.651e-28,1.312e-39,2.669e-34,,,5.131e-1,2.700e-21,,2.124e-15,2.340e-18,1.827e-24,9.637e-18,1.884e-21,6.682e-18,2.493e-20,6.706e-26,,9.975e-2,4.184e-19,1.940e-37,2.580e-4,,9.656e-10,4.592e-19,,1.911e-19,1.566e-20,1.945e-17,1.197e-2,1.849e-29,1.560e-19,1.826e-22,1.805e+1,3.267e-1,1.693e+0,2.176e-17,7.903e-16,3.903e-1,9.815e-2,,2.425e-2,,,3.648e-1,,,1.050e-9,,1.465e-18,,6.276e-19,,2.419e-19,,2.861e-15,,5.142e-18,2.443e-16
552.3,2.219e+1,5.874e-13,6.799e-28,1.313e-39,2.669e-34,,,5.497e-1,2.701e-21,,2.124e-15,2.341e-18,1.827e-24,9.637e-18,1.880e-21,8.259e-18,2.492e-20,6.727e-26,,8.806e-2,4.188e-19,1.980e-37,2.030e-4,,1.095e-9,4.581e-19,,1.912e-19,1.567e-20,1.959e-17,1.274e-2,1.853e-29,1.560e-19,1.825e-22,1.880e+1,2.774e-1,1.603e+0,2.177e-17,1.196e-15,3.407e-1,1.055e-1,,2.832e-2,,,3.833e-1,,,1.423e-9,,1.465e-18,,6.275e-19,,2.421e-19,,4.338e-15,,5.141e-18,2.443e-16
552.33,2.317e+1,9.885e-13,7.020e-28,1.315e-39,2.668e-34,,,6.067e-1,2.703e-21,,2.123e-15,2.343e-18,1.828e-24,9.637e-18,1.874e-21,1.130e-17,2.492e-20,6.758e-26,,7.270e-2,4.193e-19,2.040e-37,1.409e-4,,1.318e-9,4.564e-19,,1.913e-19,1.567e-20,1.981e-17,1.421e-2,1.859e-29,1.561e-19,1.824e-22,1.994e+1,2.159e-1,1.477e+0,2.179e-17,2.214e-15,2.765e-1,1.210e-1,,3.555e-2,,,4.110e-1,,,2.232e-9,,1.465e-18,,6.274e-19,,2.423e-19,,8.063e-15,,5.140e-18,2.443e-16
552.35,2.385e+1,1.394e-12,7.167e-28,1.316e-39,2.668e-34,,,6.458e-1,2.704e-21,,2.123e-15,2.345e-18,1.829e-24,9.637e-18,1.871e-21,1.388e-17,2.491e-20,6.780e-26,,6.378e-2,4.197e-19,2.081e-37,1.102e-4,,1.486e-9,4.554e-19,,1.914e-19,1.567e-20,1.995e-17,1.539e-2,1.863e-29,1.561e-19,1.824e-22,2.070e+1,1.822e-1,1.401e+0,2.181e-17,3.329e-15,2.398e-1,1.345e-1,,4.125e-2,,,4.294e-1,,,3.004e-9,,1.465e-18,,6.274e-19,,2.425e-19,,1.215e-14,,5.139e-18,2.443e-16
552.38,2.490e+1,2.325e-12,7.388e-28,1.318e-39,2.668e-34,,,7.061e-1,2.706e-21,,2.123e-15,2.347e-18,1.830e-24,9.637e-18,1.865e-21,1.880e-17,2.491e-20,6.811e-26,,5.216e-2,4.202e-19,2.141e-37,7.578e-5,,1.770e-9,4.537e-19,,1.915e-19,1.567e-20,2.016e-17,1.747e-2,1.869e-29,1.561e-19,1.823e-22,2.183e+1,1.405e-1,1.297e+0,2.183e-17,6.107e-15,1.928e-1,1.599e-1,,5.130e-2,,,4.567e-1,,,4.670e-9,,1.465e-18,,6.273e-19,,2.427e-19,,2.238e-14,,5.138e-18,2.444e-16
552.4,2.561e+1,3.258e-12,7.536e-28,1.319e-39,2.668e-34,,,7.470e-1,2.707e-21,,2.122e-15,2.348e-18,1.831e-24,9.637e-18,1.862e-21,2.295e-17,2.490e-20,6.833e-26,,4.547e-2,4.206e-19,2.181e-37,5.887e-5,,1.983e-9,4.526e-19,,1.916e-19,1.567e-20,2.030e-17,1.905e-2,1.872e-29,1.561e-19,1.823e-22,2.257e+1,1.178e-1,1.235e+0,2.185e-17,9.125e-15,1.662e-1,1.805e-1,,5.915e-2,,,4.745e-1,,,6.247e-9,,1.465e-18,,6.273e-19,,2.429e-19,,3.352e-14,,5.138e-18,2.444e-16
552.43,2.669e+1,5.382e-12,7.757e-28,1.321e-39,2.668e-34,,,8.091e-1,2.709e-21,,2.122e-15,2.350e-18,1.831e-24,9.636e-18,1.856e-21,3.082e-17,2.490e-20,6.864e-26,,3.684e-2,4.211e-19,2.241e-37,4.011e-5,,2.341e-9,4.510e-19,,1.917e-19,1.568e-20,2.051e-17,2.175e-2,1.878e-29,1.561e-19,1.822e-22,2.365e+1,8.999e-2,1.153e+0,2.187e-17,1.659e-14,1.324e-1,2.176e-1,,7.289e-2,,,5.006e-1,,,9.620e-9,,1.466e-18,,6.272e-19,,2.432e-19,,6.115e-14,,5.137e-18,2.444e-16
552.45,2.740e+1,7.498e-12,7.904e-28,1.322e-39,2.668e-34,,,8.506e-1,2.710e-21,,2.122e-15,2.352e-18,1.832e-24,9.636e-18,1.852e-21,3.738e-17,2.489e-20,6.885e-26,,3.191e-2,4.215e-19,2.281e-37,3.096e-5,,2.607e-9,4.499e-19,,1.918e-19,1.568e-20,2.066e-17,2.375e-2,1.882e-29,1.561e-19,1.821e-22,2.435e+1,7.500e-2,1.105e+0,2.188e-17,2.463e-14,1.134e-1,2.468e-1,,8.352e-2,,,5.174e-1,,,1.279e-8,,1.466e-18,,6.271e-19,,2.433e-19,,9.103e-14,,5.136e-18,2.444e-16
552.48,2.844e+1,1.227e-11,8.125e-28,1.324e-39,2.668e-34,,,9.127e-1,2.712e-21,,2.121e-15,2.354e-18,1.833e-24,9.636e-18,1.847e-21,4.972e-17,2.489e-20,6.917e-26,,2.561e-2,4.221e-19,2.341e-37,2.090e-5,,3.049e-9,4.483e-19,,1.920e-19,1.568e-20,2.087e-17,2.708e-2,1.888e-29,1.562e-19,1.820e-22,2.534e+1,5.681e-2,1.044e+0,2.191e-17,4.436e-14,8.945e-2,2.980e-1,,1.020e-1,,,5.416e-1,,,1.951e-8,,1.466e-18,,6.271e-19,,2.436e-19,,1.645e-13,,5.135e-18,2.445e-16
552.5,2.912e+1,1.699e-11,8.272e-28,1.325e-39,2.668e-34,,,9.535e-1,2.713e-21,,2.121e-15,2.355e-18,1.834e-24,9.636e-18,1.843e-21,5.994e-17,2.488e-20,6.938e-26,,2.205e-2,4.224e-19,2.381e-37,1.603e-5,,3.373e-9,4.472e-19,,1.920e-19,1.568e-20,2.101e-17,2.951e-2,1.891e-29,1.562e-19,1.820e-22,2.597e+1,4.708e-2,1.010e+0,2.192e-17,6.546e-14,7.613e-2,3.375e-1,,1.161e-1,,,5.570e-1,,,2.578e-8,,1.466e-18,,6.270e-19,,2.438e-19,,2.434e-13,,5.134e-18,2.445e-16
552.53,3.009e+1,2.755e-11,8.493e-28,1.327e-39,2.667e-34,,,1.014e+0,2.715e-21,,2.120e-15,2.357e-18,1.835e-24,9.636e-18,1.838e-21,7.898e-17,2.487e-20,6.970e-26,,1.753e-2,4.230e-19,2.441e-37,1.072e-5,,3.908e-9,4.455e-19,,1.922e-19,1.568e-20,2.122e-17,3.347e-2,1.897e-29,1.562e-19,1.819e-22,2.684e+1,3.540e-2,9.690e-1,2.194e-17,1.168e-13,5.950e-2,4.058e-1,,1.404e-1,,,5.787e-1,,,3.896e-8,,1.466e-18,,6.269e-19,,2.440e-19,,4.359e-13,,5.133e-18,2.445e-16
552.55,3.070e+1,3.790e-11,8.641e-28,1.328e-39,2.667e-34,,,1.052e+0,2.716e-21,,2.120e-15,2.359e-18,1.835e-24,9.636e-18,1.834e-21,9.463e-17,2.487e-20,6.991e-26,,1.500e-2,4.234e-19,2.481e-37,8.168e-6,,4.298e-9,4.444e-19,,1.923e-19,1.569e-20,2.136e-17,3.631e-2,1.901e-29,1.562e-19,1.819e-22,2.736e+1,2.923e-2,9.473e-1,2.196e-17,1.713e-13,5.032e-2,4.578e-1,,1.589e-1,,,5.923e-1,,,5.115e-8,,1.466e-18,,6.269e-19,,2.442e-19,,6.409e-13,,5.133e-18,2.446e-16
552.57,3.128e+1,5.202e-11,8.788e-28,1.330e-39,2.667e-34,,,1.090e+0,2.717e-21,,2.120e-15,2.360e-18,1.836e-24,9.635e-18,1.830e-21,1.131e-16,2.487e-20,7.012e-26,,1.280e-2,4.237e-19,2.521e-37,6.210e-6,,4.714e-9,4.434e-19,,1.923e-19,1.569e-20,2.151e-17,3.932e-2,1.905e-29,1.562e-19,1.818e-22,2.784e+1,2.412e-2,9.301e-1,2.197e-17,2.506e-13,4.246e-2,5.155e-1,,1.793e-1,,,6.050e-1,,,6.699e-8,,1.466e-18,,6.268e-19,,2.444e-19,,9.399e-13,,5.132e-18,2.446e-16
552.6,3.208e+1,8.326e-11,9.009e-28,1.332e-39,2.667e-34,,,1.143e+0,2.719e-21,,2.119e-15,2.362e-18,1.837e-24,9.635e-18,1.825e-21,1.471e-16,2.486e-20,7.044e-26,,1.004e-2,4.243e-19,2.581e-37,4.097e-6,,5.390e-9,4.417e-19,,1.925e-19,1.569e-20,2.172e-17,4.414e-2,1.910e-29,1.563e-19,1.817e-22,2.847e+1,1.810e-2,9.120e-1,2.199e-17,4.414e-13,3.275e-2,6.134e-1,,2.141e-1,,,6.224e-1,,,9.995e-8,,1.467e-18,,6.268e-19,,2.446e-19,,1.662e-12,,5.131e-18,2.446e-16
552.62,3.255e+1,1.136e-10,9.157e-28,1.333e-39,2.667e-34,,,1.177e+0,2.720e-21,,2.119e-15,2.364e-18,1.837e-24,9.635e-18,1.821e-21,1.747e-16,2.486e-20,7.065e-26,,8.513e-3,4.246e-19,2.621e-37,3.096e-6,,5.876e-9,4.406e-19,,1.926e-19,1.569e-20,2.186e-17,4.754e-2,1.914e-29,1.563e-19,1.817e-22,2.882e+1,1.500e-2,9.046e-1,2.201e-17,6.418e-13,2.745e-2,6.868e-1,,2.401e-1,,,6.329e-1,,,1.301e-7,,1.467e-18,,6.267e-19,,2.448e-19,,2.422e-12,,5.130e-18,2.446e-16
552.65,3.318e+1,1.801e-10,9.378e-28,1.335e-39,2.667e-34,,,1.223e+0,2.722e-21,,2.119e-15,2.366e-18,1.838e-24,9.635e-18,1.815e-21,2.251e-16,2.485e-20,7.097e-26,,6.616e-3,4.252e-19,2.682e-37,2.023e-6,,6.656e-9,4.390e-19,,1.927e-19,1.569e-20,2.207e-17,5.291e-2,1.920e-29,1.563e-19,1.816e-22,2.923e+1,1.146e-2,8.997e-1,2.203e-17,1.120e-12,2.097e-2,8.102e-1,,2.839e-1,,,6.470e-1,,,1.923e-7,,1.467e-18,,6.266e-19,,2.451e-19,,4.241e-12,,5.129e-18,2.447e-16
552.67,3.354e+1,2.442e-10,9.525e-28,1.336e-39,2.667e-34,,,1.251e+0,2.723e-21,,2.118e-15,2.367e-18,1.839e-24,9.635e-18,1.812e-21,2.656e-16,2.485e-20,7.118e-26,,5.575e-3,4.256e-19,2.722e-37,1.519e-6,,7.210e-9,4.379e-19,,1.928e-19,1.569e-20,2.221e-17,5.665e-2,1.924e-29,1.563e-19,1.815e-22,2.943e+1,9.717e-3,9.001e-1,2.205e-17,1.618e-12,1.747e-2,9.019e-1,,3.165e-1,,,6.552e-1,,,2.487e-7,,1.467e-18,,6.266e-19,,2.452e-19,,6.144e-12,,5.129e-18,2.447e-16
552.7,3.398e+1,3.836e-10,9.746e-28,1.338e-39,2.667e-34,,,1.288e+0,2.725e-21,,2.118e-15,2.369e-18,1.840e-24,9.635e-18,1.806e-21,3.391e-16,2.484e-20,7.150e-26,,4.292e-3,4.261e-19,2.782e-37,9.833e-7,,8.091e-9,4.363e-19,,1.929e-19,1.570e-20,2.243e-17,6.248e-2,1.929e-29,1.563e-19,1.815e-22,2.961e+1,7.873e-3,9.053e-1,2.207e-17,2.798e-12,1.323e-2,1.054e+0,,3.708e-1,,,6.657e-1,,,3.642e-7,,1.467e-18,,6.265e-19,,2.455e-19,,1.066e-11,,5.128e-18,2.447e-16
552.72,3.420e+1,5.168e-10,9.893e-28,1.339e-39,2.666e-34,,,1.309e+0,2.726e-21,,2.118e-15,2.371e-18,1.840e-24,9.634e-18,1.803e-21,3.977e-16,2.483e-20,7.171e-26,,3.594e-3,4.265e-19,2.822e-37,7.336e-7,,8.710e-9,4.352e-19,,1.930e-19,1.570e-20,2.257e-17,6.650e-2,1.933e-29,1.563e-19,1.814e-22,2.964e+1,7.092e-3,9.113e-1,2.208e-17,4.017e-12,1.095e-2,1.167e+0,,4.108e-1,,,6.715e-1,,,4.682e-7,,1.467e-18,,6.265e-19,,2.457e-19,,1.535e-11,,5.127e-18,2.447e-16
552.75,3.443e+1,8.044e-10,1.011e-27,1.341e-39,2.666e-34,,,1.335e+0,2.728e-21,,2.117e-15,2.373e-18,1.841e-24,9.634e-18,1.797e-21,5.029e-16,2.483e-20,7.203e-26,,2.741e-3,4.270e-19,2.882e-37,4.704e-7,,9.683e-9,4.335e-19,,1.931e-19,1.570e-20,2.278e-17,7.269e-2,1.939e-29,1.564e-19,1.813e-22,2.957e+1,6.517e-3,9.234e-1,2.210e-17,6.881e-12,8.209e-3,1.351e+0,,4.767e-1,,,6.785e-1,,,6.792e-7,,1.468e-18,,6.264e-19,,2.459e-19,,2.638e-11,,5.126e-18,2.448e-16
552.77,3.451e+1,1.077e-9,1.026e-27,1.342e-39,2.666e-34,,,1.348e+0,2.729e-21,,2.117e-15,2.374e-18,1.842e-24,9.634e-18,1.793e-21,5.863e-16,2.482e-20,7.224e-26,,2.281e-3,4.274e-19,2.922e-37,3.487e-7,,1.036e-8,4.324e-19,,1.932e-19,1.570e-20,2.292e-17,7.689e-2,1.943e-29,1.564e-19,1.813e-22,2.944e+1,6.509e-3,9.330e-1,2.212e-17,9.821e-12,6.753e-3,1.486e+0,,5.249e-1,,,6.820e-1,,,8.677e-7,,1.468e-18,,6.263e-19,,2.461e-19,,3.774e-11,,5.125e-18,2.448e-16
552.8,3.453e+1,1.661e-9,1.048e-27,1.344e-39,2.666e-34,,,1.362e+0,2.731e-21,,2.117e-15,2.376e-18,1.843e-24,9.634e-18,1.788e-21,7.344e-16,2.482e-20,7.256e-26,,1.723e-3,4.280e-19,2.982e-37,2.215e-7,,1.141e-8,4.308e-19,,1.933e-19,1.570e-20,2.313e-17,8.327e-2,1.948e-29,1.564e-19,1.812e-22,2.912e+1,7.050e-3,9.490e-1,2.214e-17,1.667e-11,5.015e-3,1.705e+0,,6.035e-1,,,6.857e-1,,,1.247e-6,,1.468e-18,,6.263e-19,,2.463e-19,,6.429e-11,,5.124e-18,2.448e-16
552.82,3.447e+1,2.210e-9,1.063e-27,1.345e-39,2.666e-34,,,1.367e+0,2.732e-21,,2.116e-15,2.378e-18,1.844e-24,9.634e-18,1.784e-21,8.508e-16,2.481e-20,7.277e-26,,1.425e-3,4.283e-19,3.022e-37,1.632e-7,,1.213e-8,4.297e-19,,1.934e-19,1.571e-20,2.327e-17,8.754e-2,1.952e-29,1.564e-19,1.811e-22,2.883e+1,7.795e-3,9.603e-1,2.216e-17,2.364e-11,4.100e-3,1.863e+0,,6.602e-1,,,6.871e-1,,,1.583e-6,,1.468e-18,,6.262e-19,,2.465e-19,,9.141e-11,,5.124e-18,2.449e-16
552.85,3.429e+1,3.377e-9,1.085e-27,1.347e-39,2.666e-34,,,1.369e+0,2.734e-21,,2.116e-15,2.380e-18,1.845e-24,9.634e-18,1.779e-21,1.056e-15,2.481e-20,7.309e-26,,1.066e-3,4.289e-19,3.082e-37,1.027e-7,,1.323e-8,4.281e-19,,1.936e-19,1.571e-20,2.349e-17,9.392e-2,1.958e-29,1.564e-19,1.811e-22,2.827e+1,9.548e-3,9.776e-1,2.218e-17,3.974e-11,3.016e-3,2.119e+0,,7.520e-1,,,6.877e-1,,,2.255e-6,,1.468e-18,,6.261e-19,,2.468e-19,,1.542e-10,,5.123e-18,2.449e-16
552.87,3.410e+1,4.467e-9,1.100e-27,1.348e-39,2.666e-34,,,1.365e+0,2.735e-21,,2.116e-15,2.381e-18,1.845e-24,9.634e-18,1.775e-21,1.216e-15,2.480e-20,7.330e-26,,8.762e-4,4.292e-19,3.122e-37,7.518e-8,,1.398e-8,4.270e-19,,1.936e-19,1.571e-20,2.363e-17,9.813e-2,1.962e-29,1.564e-19,1.810e-22,2.783e+1,1.119e-2,9.890e-1,2.219e-17,5.602e-11,2.451e-3,2.301e+0,,8.176e-1,,,6.872e-1,,,2.845e-6,,1.468e-18,,6.261e-19,,2.469e-19,,2.180e-10,,5.122e-18,2.449e-16
552.9,3.373e+1,6.762e-9,1.122e-27,1.350e-39,2.666e-34,,,1.354e+0,2.737e-21,,2.115e-15,2.383e-18,1.846e-24,9.633e-18,1.769e-21,1.495e-15,2.480e-20,7.362e-26,,6.496e-4,4.298e-19,3.182e-37,4.686e-8,,1.511e-8,4.253e-19,,1.938e-19,1.571e-20,2.384e-17,1.043e-1,1.967e-29,1.565e-19,1.809e-22,2.705e+1,1.451e-2,1.005e+0,2.222e-17,9.331e-11,1.786e-3,2.592e+0,,9.226e-1,,,6.851e-1,,,4.013e-6,,1.469e-18,,6.260e-19,,2.472e-19,,3.644e-10,,5.121e-18,2.450e-16
552.92,3.343e+1,8.888e-9,1.137e-27,1.351e-39,2.666e-34,,,1.342e+0,2.738e-21,,2.115e-15,2.385e-18,1.847e-24,9.633e-18,1.766e-21,1.710e-15,2.479e-20,7.383e-26,,5.304e-4,4.302e-19,3.222e-37,3.409e-8,,1.587e-8,4.243e-19,,1.939e-19,1.571e-20,2.398e-17,1.083e-1,1.971e-29,1.565e-19,1.809e-22,2.647e+1,1.738e-2,1.015e+0,2.223e-17,1.307e-10,1.442e-3,2.798e+0,,9.969e-1,,,6.829e-1,,,5.032e-6,,1.469e-18,,6.260e-19,,2.474e-19,,5.117e-10,,5.120e-18,2.450e-16
552.94,3.309e+1,1.165e-8,1.151e-27,1.352e-39,2.665e-34,,,1.327e+0,2.739e-21,,2.115e-15,2.386e-18,1.847e-24,9.633e-18,1.762e-21,1.952e-15,2.479e-20,7.404e-26,,4.320e-4,4.305e-19,3.263e-37,2.473e-8,,1.662e-8,4.232e-19,,1.939e-19,1.572e-20,2.412e-17,1.122e-1,1.975e-29,1.565e-19,1.808e-22,2.583e+1,2.089e-2,1.025e+0,2.224e-17,1.827e-10,1.161e-3,3.012e+0,,1.074e+0,,,6.801e-1,,,6.294e-6,,1.469e-18,,6.259e-19,,3.892e-19,,7.168e-10,,5.120e-18,2.450e-16
552.97,3.251e+1,1.741e-8,1.174e-27,1.354e-39,2.665e-34,,,1.299e+0,2.741e-21,,2.114e-15,2.388e-18,1.848e-24,9.633e-18,1.756e-21,2.368e-15,2.478e-20,7.436e-26,,3.161e-4,4.311e-19,3.323e-37,1.521e-8,,1.773e-8,4.215e-19,,1.941e-19,1.572e-20,2.434e-17,1.177e-1,1.981e-29,1.565e-19,1.808e-22,2.480e+1,2.756e-2,1.037e+0,2.227e-17,3.003e-10,8.350e-4,3.350e+0,,1.197e+0,,,6.748e-1,,,8.764e-6,,1.469e-18,,6.258e-19,,7.646e-19,,1.183e-9,,5.119e-18,2.450e-16
552.99,3.208e+1,2.269e-8,1.188e-27,1.355e-39,2.665e-34,,,1.276e+0,2.742e-21,,2.114e-15,2.389e-18,1.849e-24,9.633e-18,1.753e-21,2.686e-15,2.478e-20,7.457e-26,,2.558e-4,4.314e-19,3.363e-37,1.097e-8,,1.845e-8,4.204e-19,,1.942e-19,1.572e-20,2.448e-17,1.212e-1,1.985e-29,1.565e-19,1.807e-22,2.407e+1,3.313e-2,1.044e+0,2.228e-17,4.171e-10,6.682e-4,3.584e+0,,1.282e+0,,,6.706e-1,,,1.089e-5,,1.469e-18,,6.258e-19,,1.196e-18,,1.647e-9,,5.118e-18,2.451e-16
553.02,3.139e+1,3.359e-8,1.210e-27,1.357e-39,2.665e-34,,,1.237e+0,2.744e-21,,2.113e-15,2.391e-18,1.850e-24,9.633e-18,1.747e-21,3.229e-15,2.477e-20,7.489e-26,,1.854e-4,4.320e-19,3.423e-37,6.683e-9,,1.950e-8,4.188e-19,,1.943e-19,1.572e-20,2.469e-17,1.260e-1,1.990e-29,1.565e-19,1.806e-22,2.290e+1,4.357e-2,1.052e+0,2.230e-17,6.795e-10,4.760e-4,3.949e+0,,1.414e+0,,,6.634e-1,,,1.503e-5,,1.469e-18,,6.257e-19,,2.327e-18,,2.693e-9,,5.117e-18,2.451e-16
553.04,3.090e+1,4.350e-8,1.225e-27,1.358e-39,2.665e-34,,,1.208e+0,2.745e-21,,2.113e-15,2.393e-18,1.850e-24,9.632e-18,1.744e-21,3.640e-15,2.477e-20,7.510e-26,,1.491e-4,4.324e-19,3.463e-37,4.788e-9,,2.017e-8,4.177e-19,,1.944e-19,1.572e-20,2.483e-17,1.289e-1,1.994e-29,1.566e-19,1.806e-22,2.209e+1,5.219e-2,1.056e+0,2.232e-17,9.378e-10,3.785e-4,4.199e+0,,1.505e+0,,,6.580e-1,,,1.856e-5,,1.470e-18,,6.257e-19,,3.616e-18,,3.726e-9,,5.116e-18,2.451e-16
553.07,3.014e+1,6.380e-8,1.247e-27,1.360e-39,2.665e-34,,,1.160e+0,2.747e-21,,2.113e-15,2.395e-18,1.851e-24,9.632e-18,1.738e-21,4.335e-15,2.476e-20,7.541e-26,,1.071e-4,4.329e-19,3.523e-37,2.890e-9,,2.112e-8,4.161e-19,,1.945e-19,1.573e-20,2.504e-17,1.329e-1,2.000e-29,1.566e-19,1.805e-22,2.084e+1,6.815e-2,1.060e+0,2.234e-17,1.514e-9,2.671e-4,4.584e+0,,1.645e+0,,,6.491e-1,,,2.537e-5,,1.470e-18,,6.256e-19,,6.974e-18,,6.035e-9,,5.115e-18,2.451e-16
553.09,2.961e+1,8.211e-8,1.262e-27,1.361e-39,2.665e-34,,,1.126e+0,2.748e-21,,2.112e-15,2.396e-18,1.852e-24,9.632e-18,1.734e-21,4.856e-15,2.476e-20,7.563e-26,,8.557e-5,4.333e-19,3.563e-37,2.058e-9,,2.171e-8,4.150e-19,,1.946e-19,1.573e-20,2.519e-17,1.351e-1,2.004e-29,1.566e-19,1.804e-22,1.998e+1,8.119e-2,1.061e+0,2.236e-17,2.076e-9,2.111e-4,4.845e+0,,1.741e+0,,,6.427e-1,,,3.115e-5,,1.470e-18,,6.255e-19,,1.077e-17,,8.298e-9,,5.115e-18,2.452e-16
553.12,2.881e+1,1.193e-7,1.284e-27,1.363e-39,2.665e-34,,,1.071e+0,2.750e-21,,2.112e-15,2.398e-18,1.853e-24,9.632e-18,1.729e-21,5.730e-15,2.475e-20,7.594e-26,,6.085e-5,4.338e-19,3.623e-37,1.230e-9,,2.252e-8,4.133e-19,,1.947e-19,1.573e-20,2.540e-17,1.380e-1,2.009e-29,1.566e-19,1.804e-22,1.868e+1,1.051e-1,1.062e+0,2.238e-17,3.320e-9,1.476e-4,5.241e+0,,1.885e+0,,,6.324e-1,,,4.218e-5,,1.470e-18,,6.255e-19,,2.058e-17,,1.332e-8,,5.114e-18,2.452e-16
553.14,2.827e+1,1.526e-7,1.299e-27,1.364e-39,2.664e-34,,,1.033e+0,2.751e-21,,2.112e-15,2.400e-18,1.854e-24,9.632e-18,1.725e-21,6.379e-15,2.475e-20,7.616e-26,,4.833e-5,4.342e-19,3.663e-37,8.704e-10,,2.300e-8,4.122e-19,,1.948e-19,1.573e-20,2.554e-17,1.395e-1,2.013e-29,1.566e-19,1.803e-22,1.780e+1,1.245e-1,1.061e+0,2.239e-17,4.525e-9,1.159e-4,5.506e+0,,1.982e+0,,,6.251e-1,,,5.146e-5,,1.470e-18,,6.254e-19,,3.159e-17,,1.820e-8,,5.113e-18,2.452e-16
553.17,2.747e+1,2.198e-7,1.321e-27,1.366e-39,2.664e-34,,,9.737e-1,2.753e-21,,2.111e-15,2.402e-18,1.855e-24,9.632e-18,1.720e-21,7.457e-15,2.474e-20,7.647e-26,,3.405e-5,4.348e-19,3.723e-37,5.155e-10,,2.363e-8,4.106e-19,,1.949e-19,1.573e-20,2.575e-17,1.412e-1,2.019e-29,1.566e-19,1.802e-22,1.650e+1,1.598e-1,1.058e+0,2.241e-17,7.169e-9,8.026e-5,5.901e+0,,2.126e+0,,,6.135e-1,,,6.903e-5,,1.470e-18,,6.253e-19,,5.980e-17,,2.894e-8,,5.112e-18,2.453e-16
553.19,2.694e+1,2.794e-7,1.336e-27,1.368e-39,2.664e-34,,,9.332e-1,2.754e-21,,2.111e-15,2.403e-18,1.855e-24,9.631e-18,1.716e-21,8.249e-15,2.473e-20,7.668e-26,,2.688e-5,4.351e-19,3.763e-37,3.624e-10,,2.399e-8,4.095e-19,,1.950e-19,1.574e-20,2.589e-17,1.419e-1,2.023e-29,1.567e-19,1.802e-22,1.563e+1,1.881e-1,1.056e+0,2.243e-17,9.712e-9,6.262e-5,6.162e+0,,2.221e+0,,,6.054e-1,,,8.370e-5,,1.471e-18,,6.253e-19,,9.122e-17,,3.930e-8,,5.111e-18,2.453e-16
553.22,2.617e+1,3.985e-7,1.358e-27,1.369e-39,2.664e-34,,,8.714e-1,2.756e-21,,2.110e-15,2.405e-18,1.856e-24,9.631e-18,1.710e-21,9.553e-15,2.473e-20,7.700e-26,,1.876e-5,4.357e-19,3.823e-37,2.126e-10,,2.442e-8,4.079e-19,,1.951e-19,1.574e-20,2.611e-17,1.424e-1,2.028e-29,1.567e-19,1.801e-22,1.436e+1,2.393e-1,1.053e+0,2.245e-17,1.524e-8,4.296e-5,6.546e+0,,2.360e+0,,,5.926e-1,,,1.112e-4,,1.471e-18,,6.252e-19,,1.711e-16,,6.191e-8,,5.110e-18,2.453e-16
553.24,2.567e+1,5.035e-7,1.372e-27,1.371e-39,2.664e-34,,,8.298e-1,2.757e-21,,2.110e-15,2.407e-18,1.857e-24,9.631e-18,1.707e-21,1.050e-14,2.472e-20,7.721e-26,,1.471e-5,4.360e-19,3.864e-37,1.485e-10,,2.464e-8,4.068e-19,,1.952e-19,1.574e-20,2.625e-17,1.424e-1,2.032e-29,1.567e-19,1.800e-22,1.353e+1,2.800e-1,1.050e+0,2.247e-17,2.052e-8,3.331e-5,6.795e+0,,2.451e+0,,,5.837e-1,,,1.340e-4,,1.471e-18,,6.252e-19,,2.594e-16,,8.356e-8,,5.110e-18,2.453e-16
553.27,2.495e+1,7.116e-7,1.395e-27,1.372e-39,2.664e-34,,,7.676e-1,2.759e-21,,2.110e-15,2.409e-18,1.858e-24,9.631e-18,1.701e-21,1.205e-14,2.472e-20,7.753e-26,,1.017e-5,4.366e-19,3.924e-37,8.631e-11,,2.485e-8,4.052e-19,,1.954e-19,1.574e-20,2.646e-17,1.417e-1,2.038e-29,1.567e-19,1.800e-22,1.233e+1,3.528e-1,1.048e+0,2.249e-17,3.192e-8,2.264e-5,7.155e+0,,2.581e+0,,,5.698e-1,,,1.765e-4,,1.471e-18,,6.251e-19,,4.820e-16,,1.304e-7,,5.109e-18,2.454e-16
553.29,2.449e+1,8.935e-7,1.409e-27,1.374e-39,2.664e-34,,,7.265e-1,2.760e-21,,2.109e-15,2.410e-18,1.858e-24,9.631e-18,1.697e-21,1.316e-14,2.471e-20,7.774e-26,,7.926e-6,4.370e-19,3.964e-37,5.992e-11,,2.491e-8,4.041e-19,,1.954e-19,1.574e-20,4.166e-17,1.409e-1,2.042e-29,1.567e-19,1.799e-22,1.156e+1,4.104e-1,1.047e+0,2.250e-17,4.271e-8,1.744e-5,7.383e+0,,2.663e+0,,,5.603e-1,,,2.113e-4,,1.471e-18,,6.250e-19,,7.263e-16,,1.749e-7,,5.108e-18,2.454e-16
553.31,2.405e+1,1.119e-6,1.424e-27,1.375e-39,2.664e-34,,,6.858e-1,2.761e-21,,2.109e-15,2.412e-18,1.859e-24,9.631e-18,1.694e-21,1.435e-14,2.471e-20,7.795e-26,,6.162e-6,4.373e-19,4.004e-37,4.149e-11,,2.491e-8,4.030e-19,,1.955e-19,1.575e-20,6.543e-17,1.399e-1,2.045e-29,1.567e-19,1.799e-22,1.081e+1,4.762e-1,1.046e+0,2.252e-17,5.700e-8,1.341e-5,7.602e+0,,2.741e+0,,,5.506e-1,,,2.525e-4,,1.471e-18,,6.250e-19,,1.092e-15,,2.341e-7,,5.107e-18,2.454e-16
553.34,2.344e+1,1.561e-6,1.446e-27,1.377e-39,2.663e-34,,,6.261e-1,2.763e-21,,2.109e-15,2.414e-18,1.860e-24,9.631e-18,1.688e-21,1.625e-14,2.470e-20,7.827e-26,,4.204e-6,4.379e-19,4.064e-37,2.379e-11,,2.479e-8,4.013e-19,,1.957e-19,1.575e-20,1.282e-16,1.378e-1,2.051e-29,1.568e-19,1.798e-22,9.745e+0,5.925e-1,1.048e+0,2.254e-17,8.749e-8,8.992e-6,7.907e+0,,2.848e+0,,,5.356e-1,,,3.281e-4,,1.472e-18,,6.249e-19,,2.003e-15,,3.606e-7,,5.106e-18,2.454e-16
553.36,2.307e+1,1.943e-6,1.461e-27,1.378e-39,2.663e-34,,,5.874e-1,2.764e-21,,2.108e-15,2.415e-18,1.860e-24,9.630e-18,1.685e-21,1.760e-14,2.470e-20,7.848e-26,,3.248e-6,4.383e-19,4.104e-37,1.637e-11,,2.464e-8,4.002e-19,,1.957e-19,1.575e-20,2.001e-16,1.361e-1,2.055e-29,1.568e-19,1.797e-22,9.072e+0,6.834e-1,1.051e+0,2.256e-17,1.161e-7,6.868e-6,8.095e+0,,2.914e+0,,,5.254e-1,,,3.895e-4,,1.472e-18,,6.248e-19,,2.992e-15,,4.795e-7,,5.106e-18,2.455e-16
553.39,2.255e+1,2.686e-6,1.483e-27,1.380e-39,2.663e-34,,,5.313e-1,2.766e-21,,2.108e-15,2.417e-18,1.861e-24,9.630e-18,1.679e-21,1.974e-14,2.469e-20,7.880e-26,,2.195e-6,4.388e-19,8.113e-37,9.301e-12,,2.429e-8,3.986e-19,,1.959e-19,1.575e-20,3.883e-16,1.333e-1,2.061e-29,1.568e-19,1.796e-22,8.124e+0,8.426e-1,1.059e+0,2.258e-17,1.765e-7,4.563e-6,8.351e+0,,3.001e+0,,,5.100e-1,,,5.015e-4,,1.472e-18,,6.248e-19,,5.437e-15,,7.319e-7,,5.105e-18,2.455e-16
553.41,2.225e+1,3.323e-6,1.498e-27,1.381e-39,2.663e-34,,,4.953e-1,2.767e-21,,2.108e-15,2.419e-18,1.862e-24,9.630e-18,1.675e-21,2.125e-14,2.469e-20,7.901e-26,,1.685e-6,4.392e-19,1.274e-36,6.359e-12,,2.399e-8,3.975e-19,,1.960e-19,1.575e-20,6.024e-16,1.312e-1,2.064e-29,1.568e-19,1.796e-22,7.534e+0,9.659e-1,1.066e+0,2.259e-17,2.327e-7,3.463e-6,8.503e+0,,3.050e+0,,,4.997e-1,,,5.917e-4,,1.472e-18,,6.247e-19,,8.072e-15,,9.673e-7,,5.104e-18,2.455e-16
553.44,2.185e+1,4.550e-6,1.520e-27,1.383e-39,2.663e-34,,,4.438e-1,2.769e-21,,2.107e-15,2.421e-18,1.863e-24,9.630e-18,1.670e-21,2.362e-14,2.468e-20,7.933e-26,,1.128e-6,4.397e-19,2.495e-36,3.579e-12,,2.344e-8,3.959e-19,,1.961e-19,1.576e-20,1.159e-15,1.278e-1,2.070e-29,1.568e-19,1.795e-22,6.713e+0,1.180e+0,1.081e+0,2.261e-17,3.506e-7,2.279e-6,8.702e+0,,3.113e+0,,,4.844e-1,,,7.547e-4,,1.472e-18,,6.246e-19,,1.454e-14,,1.463e-6,,5.103e-18,2.456e-16
553.46,2.162e+1,5.594e-6,1.535e-27,1.384e-39,2.663e-34,,,4.112e-1,2.770e-21,,2.107e-15,2.422e-18,1.864e-24,9.630e-18,1.666e-21,2.526e-14,2.468e-20,7.954e-26,,8.606e-7,4.401e-19,3.894e-36,2.431e-12,,2.300e-8,3.948e-19,,1.962e-19,1.576e-20,1.786e-15,1.255e-1,2.074e-29,1.568e-19,1.795e-22,6.210e+0,1.345e+0,1.094e+0,2.263e-17,4.593e-7,1.719e-6,8.814e+0,,3.145e+0,,,4.743e-1,,,8.849e-4,,1.472e-18,,6.246e-19,,2.145e-14,,1.921e-6,,5.102e-18,2.456e-16
553.49,2.134e+1,7.591e-6,1.557e-27,1.386e-39,2.663e-34,,,3.649e-1,2.772e-21,,2.107e-15,2.424e-18,1.864e-24,9.630e-18,1.661e-21,2.781e-14,2.467e-20,7.986e-26,,5.708e-7,4.406e-19,7.557e-36,1.355e-12,,2.226e-8,3.931e-19,,1.963e-19,1.576e-20,3.404e-15,1.219e-1,2.080e-29,1.569e-19,1.794e-22,5.519e+0,1.628e+0,1.118e+0,2.265e-17,6.856e-7,1.121e-6,8.952e+0,,3.180e+0,,,4.598e-1,,,1.118e-3,,1.472e-18,,6.245e-19,,3.826e-14,,2.878e-6,,5.101e-18,2.456e-16
553.51,2.121e+1,9.275e-6,1.571e-27,1.387e-39,2.663e-34,,,3.360e-1,2.773e-21,,2.106e-15,2.426e-18,1.865e-24,9.629e-18,1.657e-21,2.957e-14,2.467e-20,8.007e-26,,4.327e-7,4.410e-19,1.172e-35,9.151e-13,,2.171e-8,3.921e-19,,1.964e-19,1.576e-20,5.215e-15,1.195e-1,2.084e-29,1.569e-19,1.793e-22,5.101e+0,1.844e+0,1.138e+0,2.267e-17,8.928e-7,8.399e-7,9.024e+0,,3.194e+0,,,4.505e-1,,,1.303e-3,,1.473e-18,,6.245e-19,,5.611e-14,,3.757e-6,,5.101e-18,2.456e-16
553.54,2.107e+1,1.247e-5,1.593e-27,1.389e-39,2.663e-34,,,2.954e-1,2.775e-21,,2.106e-15,2.428e-18,1.866e-24,9.629e-18,1.651e-21,3.225e-14,2.466e-20,8.039e-26,,2.843e-7,4.416e-19,2.254e-35,5.053e-13,,2.081e-8,3.904e-19,,1.965e-19,1.576e-20,9.846e-15,1.161e-1,2.089e-29,1.569e-19,1.793e-22,4.537e+0,2.212e+0,1.171e+0,2.269e-17,1.320e-6,5.424e-7,9.101e+0,,3.200e+0,,,4.376e-1,,,1.631e-3,,1.473e-18,,6.244e-19,,9.918e-14,,5.577e-6,,5.100e-18,2.457e-16
553.56,2.103e+1,1.514e-5,1.608e-27,1.390e-39,2.662e-34,,,2.703e-1,2.776e-21,,2.106e-15,2.429e-18,1.867e-24,9.629e-18,1.648e-21,3.407e-14,2.466e-20,8.060e-26,,2.141e-7,4.419e-19,3.474e-35,3.390e-13,,2.017e-8,3.893e-19,,1.966e-19,1.577e-20,1.499e-14,1.139e-1,2.093e-29,1.569e-19,1.792e-22,4.201e+0,2.490e+0,1.197e+0,2.270e-17,1.709e-6,4.040e-7,9.134e+0,,3.195e+0,,,4.299e-1,,,1.889e-3,,1.473e-18,,6.243e-19,,1.445e-13,,7.235e-6,,5.099e-18,2.457e-16
553.59,2.106e+1,2.017e-5,1.630e-27,1.392e-39,2.662e-34,,,2.355e-1,2.778e-21,,2.105e-15,2.431e-18,1.868e-24,9.629e-18,1.642e-21,3.682e-14,2.465e-20,8.092e-26,,1.394e-7,4.425e-19,6.618e-35,1.854e-13,,1.916e-8,3.877e-19,,1.967e-19,1.577e-20,2.809e-14,1.109e-1,2.099e-29,1.569e-19,1.791e-22,3.757e+0,2.960e+0,1.241e+0,2.273e-17,2.503e-6,2.584e-7,9.156e+0,,3.174e+0,,,4.198e-1,,,2.343e-3,,1.473e-18,,6.243e-19,,2.531e-13,,1.064e-5,,5.098e-18,2.457e-16
553.61,2.113e+1,2.434e-5,1.645e-27,1.393e-39,2.662e-34,,,2.141e-1,2.779e-21,,2.105e-15,2.433e-18,1.868e-24,9.629e-18,1.638e-21,3.865e-14,2.465e-20,8.113e-26,,1.043e-7,4.429e-19,1.014e-34,1.236e-13,,1.845e-8,3.866e-19,,1.968e-19,1.577e-20,4.252e-14,1.091e-1,2.103e-29,1.570e-19,1.791e-22,3.498e+0,3.312e+0,1.273e+0,2.274e-17,3.219e-6,1.913e-7,9.153e+0,,3.151e+0,,,4.144e-1,,,2.697e-3,,1.473e-18,,6.242e-19,,3.667e-13,,1.372e-5,,5.097e-18,2.458e-16
553.64,2.132e+1,3.211e-5,1.667e-27,1.395e-39,2.662e-34,,,1.848e-1,2.781e-21,,2.104e-15,2.435e-18,1.869e-24,9.629e-18,1.633e-21,4.138e-14,2.464e-20,8.145e-26,,6.726e-8,4.434e-19,1.914e-34,6.698e-14,,1.736e-8,3.850e-19,,1.969e-19,1.577e-20,7.881e-14,1.069e-1,2.108e-29,1.570e-19,1.790e-22,3.164e+0,3.901e+0,1.326e+0,2.276e-17,4.674e-6,1.212e-7,9.127e+0,,3.103e+0,,,4.086e-1,,,3.314e-3,,1.473e-18,,6.241e-19,,6.362e-13,,1.999e-5,,5.096e-18,2.458e-16
553.66,2.152e+1,3.852e-5,1.682e-27,1.396e-39,2.662e-34,,,1.669e-1,2.782e-21,,2.104e-15,2.436e-18,1.870e-24,9.628e-18,1.629e-21,4.317e-14,2.463e-20,8.166e-26,,5.003e-8,4.438e-19,2.914e-34,4.437e-14,,1.662e-8,3.839e-19,,1.970e-19,1.577e-20,1.186e-13,1.057e-1,2.112e-29,1.570e-19,1.789e-22,2.974e+0,4.339e+0,1.364e+0,2.278e-17,5.973e-6,8.914e-8,9.096e+0,,3.063e+0,,,4.065e-1,,,3.790e-3,,1.474e-18,,6.241e-19,,9.159e-13,,2.561e-5,,5.096e-18,2.458e-16
553.68,2.177e+1,4.608e-5,1.697e-27,1.397e-39,2.662e-34,,,1.505e-1,2.784e-21,,2.104e-15,2.437e-18,1.870e-24,9.628e-18,1.626e-21,4.493e-14,2.463e-20,8.187e-26,,3.713e-8,4.441e-19,4.426e-34,2.932e-14,,1.587e-8,3.828e-19,,1.971e-19,1.577e-20,1.779e-13,1.049e-1,2.116e-29,1.570e-19,1.789e-22,2.810e+0,4.813e+0,1.404e+0,2.279e-17,7.616e-6,6.540e-8,9.056e+0,,3.017e+0,,,4.061e-1,,,4.324e-3,,1.474e-18,,6.240e-19,,1.315e-12,,3.273e-5,,5.095e-18,2.458e-16
553.71,2.224e+1,6.003e-5,1.719e-27,1.399e-39,2.662e-34,,,1.282e-1,2.785e-21,,2.103e-15,2.439e-18,1.871e-24,9.628e-18,1.620e-21,4.748e-14,2.462e-20,8.219e-26,,2.362e-8,4.447e-19,8.246e-34,1.568e-14,,1.474e-8,3.811e-19,,1.972e-19,1.578e-20,3.255e-13,1.043e-1,2.122e-29,1.570e-19,1.788e-22,2.609e+0,5.599e+0,1.467e+0,2.281e-17,1.091e-5,4.090e-8,8.982e+0,,2.938e+0,,,4.090e-1,,,5.245e-3,,1.474e-18,,6.240e-19,,2.253e-12,,4.707e-5,,5.094e-18,2.459e-16
553.73,2.263e+1,7.137e-5,1.733e-27,1.400e-39,2.662e-34,,,1.148e-1,2.787e-21,,2.103e-15,2.441e-18,1.872e-24,9.628e-18,1.616e-21,4.911e-14,2.462e-20,8.240e-26,,1.742e-8,4.451e-19,1.245e-33,1.029e-14,,1.398e-8,3.801e-19,,1.973e-19,1.578e-20,4.854e-13,1.044e-1,2.125e-29,1.570e-19,1.788e-22,2.502e+0,6.174e+0,1.510e+0,2.283e-17,1.383e-5,2.981e-8,8.925e+0,,2.879e+0,,,4.135e-1,,,5.946e-3,,1.474e-18,,6.239e-19,,3.215e-12,,5.979e-5,,5.093e-18,2.459e-16
553.76,2.332e+1,9.211e-5,1.756e-27,1.402e-39,2.661e-34,,,9.685e-2,2.788e-21,,2.103e-15,2.443e-18,1.873e-24,9.628e-18,1.611e-21,5.141e-14,2.461e-20,8.272e-26,,1.098e-8,4.456e-19,2.298e-33,5.452e-15,,1.286e-8,3.784e-19,,1.975e-19,1.578e-20,8.800e-13,1.052e-1,2.131e-29,1.571e-19,1.787e-22,2.380e+0,7.116e+0,1.578e+0,2.285e-17,1.963e-5,1.847e-8,8.833e+0,,2.784e+0,,,4.247e-1,,,7.145e-3,,1.474e-18,,6.238e-19,,5.455e-12,,8.519e-5,,5.092e-18,2.459e-16
553.78,2.387e+1,1.089e-4,1.770e-27,1.403e-39,2.661e-34,,,8.620e-2,2.790e-21,,2.102e-15,2.444e-18,1.874e-24,9.628e-18,1.607e-21,5.284e-14,2.461e-20,8.293e-26,,8.044e-9,4.460e-19,3.448e-33,3.558e-15,,1.213e-8,3.773e-19,,1.975e-19,1.578e-20,1.304e-12,1.063e-1,2.135e-29,1.571e-19,1.786e-22,2.322e+0,7.799e+0,1.623e+0,2.287e-17,2.472e-5,1.338e-8,8.769e+0,,2.716e+0,,,4.354e-1,,,8.051e-3,,1.474e-18,,6.238e-19,,7.738e-12,,1.075e-4,,5.091e-18,2.459e-16
553.81,2.480e+1,1.392e-4,1.792e-27,1.405e-39,2.661e-34,,,7.205e-2,2.791e-21,,2.102e-15,2.446e-18,1.874e-24,9.628e-18,1.602e-21,5.480e-14,2.460e-20,8.324e-26,,5.022e-9,4.465e-19,6.306e-33,1.867e-15,,1.105e-8,3.757e-19,,1.977e-19,1.579e-20,2.343e-12,1.088e-1,2.141e-29,1.571e-19,1.785e-22,2.266e+0,8.909e+0,1.692e+0,2.289e-17,3.477e-5,8.212e-9,8.674e+0,,2.610e+0,,,4.568e-1,,,9.585e-3,,1.475e-18,,6.237e-19,,1.301e-11,,1.518e-4,,5.090e-18,2.460e-16
553.83,2.550e+1,1.635e-4,1.807e-27,1.407e-39,2.661e-34,,,6.373e-2,2.793e-21,,2.102e-15,2.448e-18,1.875e-24,9.627e-18,1.598e-21,5.597e-14,2.460e-20,8.346e-26,,3.657e-9,4.469e-19,9.402e-33,1.210e-15,,1.036e-8,3.746e-19,,1.978e-19,1.579e-20,3.451e-12,1.110e-1,2.144e-29,1.571e-19,1.785e-22,2.247e+0,9.706e+0,1.737e+0,2.290e-17,4.351e-5,5.911e-9,8.613e+0,,2.536e+0,,,4.750e-1,,,1.073e-2,,1.475e-18,,6.237e-19,,1.834e-11,,1.905e-4,,5.090e-18,2.460e-16
553.86,2.668e+1,2.071e-4,1.829e-27,1.408e-39,2.661e-34,,,5.277e-2,2.794e-21,,2.101e-15,2.450e-18,1.876e-24,9.627e-18,1.592e-21,5.751e-14,2.459e-20,8.377e-26,,2.261e-9,4.474e-19,1.704e-32,6.290e-16,,9.353e-9,3.730e-19,,1.979e-19,1.579e-20,6.143e-12,1.152e-1,2.150e-29,1.571e-19,1.784e-22,2.244e+0,1.099e+1,1.804e+0,2.292e-17,6.063e-5,3.594e-9,8.528e+0,,2.426e+0,,,5.086e-1,,,1.266e-2,,1.475e-18,,6.236e-19,,3.055e-11,,2.664e-4,,5.089e-18,2.460e-16
553.88,2.754e+1,2.417e-4,1.844e-27,1.410e-39,2.661e-34,,,4.639e-2,2.795e-21,,2.101e-15,2.451e-18,1.877e-24,9.627e-18,1.589e-21,5.838e-14,2.459e-20,8.398e-26,,1.636e-9,4.478e-19,2.525e-32,4.053e-16,,8.710e-9,3.719e-19,,1.980e-19,1.579e-20,8.993e-12,1.186e-1,2.154e-29,1.571e-19,1.784e-22,2.256e+0,1.190e+1,1.846e+0,2.294e-17,7.541e-5,2.571e-9,8.479e+0,,2.352e+0,,,5.355e-1,,,1.409e-2,,1.475e-18,,6.235e-19,,4.280e-11,,3.321e-4,,5.088e-18,2.461e-16
553.91,2.897e+1,3.034e-4,1.866e-27,1.411e-39,2.661e-34,,,3.805e-2,2.797e-21,,2.101e-15,2.453e-18,1.878e-24,9.627e-18,1.583e-21,5.942e-14,2.458e-20,8.430e-26,,1.002e-9,4.484e-19,4.534e-32,2.086e-16,,7.791e-9,3.702e-19,,1.981e-19,1.579e-20,1.586e-11,1.245e-1,2.160e-29,1.572e-19,1.783e-22,2.293e+0,1.334e+1,1.907e+0,2.296e-17,1.041e-4,1.548e-9,8.418e+0,,2.242e+0,,,5.831e-1,,,1.646e-2,,1.475e-18,,6.235e-19,,7.064e-11,,4.602e-4,,5.087e-18,2.461e-16
553.93,3.000e+1,3.519e-4,1.881e-27,1.413e-39,2.661e-34,,,3.324e-2,2.798e-21,,2.100e-15,2.455e-18,1.878e-24,9.627e-18,1.579e-21,5.994e-14,2.458e-20,8.451e-26,,7.208e-10,4.487e-19,6.677e-32,1.336e-16,,7.210e-9,3.691e-19,,1.982e-19,1.579e-20,2.307e-11,1.290e-1,2.163e-29,1.572e-19,1.782e-22,2.329e+0,1.436e+1,1.945e+0,2.298e-17,1.287e-4,1.101e-9,8.387e+0,,2.172e+0,,,6.198e-1,,,1.821e-2,,1.475e-18,,6.234e-19,,9.835e-11,,5.703e-4,,5.086e-18,2.461e-16
553.96,3.166e+1,4.376e-4,1.903e-27,1.414e-39,2.660e-34,,,2.701e-2,2.800e-21,,2.100e-15,2.457e-18,1.879e-24,9.627e-18,1.574e-21,6.045e-14,2.457e-20,8.483e-26,,4.375e-10,4.493e-19,1.188e-31,6.812e-17,,6.389e-9,3.675e-19,,1.983e-19,1.580e-20,4.031e-11,1.366e-1,2.169e-29,1.572e-19,1.781e-22,2.396e+0,1.597e+1,1.996e+0,2.300e-17,1.760e-4,6.565e-10,8.358e+0,,2.071e+0,,,6.829e-1,,,2.108e-2,,1.476e-18,,6.233e-19,,1.608e-10,,7.829e-4,,5.085e-18,2.462e-16
553.98,3.283e+1,5.045e-4,1.918e-27,1.416e-39,2.660e-34,,,2.345e-2,2.801e-21,,2.100e-15,2.458e-18,1.880e-24,9.626e-18,1.570e-21,6.060e-14,2.457e-20,8.504e-26,,3.126e-10,4.497e-19,1.739e-31,4.334e-17,,5.876e-9,3.664e-19,,1.984e-19,1.580e-20,5.830e-11,1.422e-1,2.173e-29,1.572e-19,1.781e-22,2.447e+0,1.708e+1,2.027e+0,2.301e-17,2.162e-4,4.638e-10,8.351e+0,,2.007e+0,,,7.304e-1,,,2.317e-2,,1.476e-18,,6.233e-19,,2.226e-10,,9.641e-4,,5.085e-18,2.462e-16
554.01,3.470e+1,6.216e-4,1.940e-27,1.417e-39,2.660e-34,,,1.888e-2,2.803e-21,,2.099e-15,2.460e-18,1.881e-24,9.626e-18,1.565e-21,6.055e-14,2.456e-20,8.536e-26,,1.879e-10,4.502e-19,3.065e-31,2.189e-17,,5.158e-9,3.648e-19,,1.985e-19,1.580e-20,1.009e-10,1.513e-1,2.179e-29,1.572e-19,1.780e-22,2.533e+0,1.882e+1,2.066e+0,2.304e-17,2.930e-4,2.741e-10,8.359e+0,,1.920e+0,,,8.102e-1,,,2.657e-2,,1.476e-18,,6.232e-19,,3.606e-10,,1.311e-3,,5.084e-18,2.462e-16
554.03,3.601e+1,7.122e-4,1.955e-27,1.419e-39,2.660e-34,,,1.628e-2,2.804e-21,,2.099e-15,2.462e-18,1.881e-24,9.626e-18,1.561e-21,6.032e-14,2.456e-20,8.557e-26,,1.334e-10,4.506e-19,4.458e-31,1.384e-17,,4.714e-9,3.637e-19,,1.986e-19,1.580e-20,1.451e-10,1.578e-1,2.182e-29,1.572e-19,1.780e-22,2.594e+0,2.001e+1,2.087e+0,2.305e-17,3.577e-4,1.924e-10,8.378e+0,,1.867e+0,,,8.690e-1,,,2.902e-2,,1.476e-18,,6.232e-19,,4.959e-10,,1.605e-3,,5.083e-18,2.462e-16
554.05,3.736e+1,8.140e-4,1.969e-27,1.420e-39,2.660e-34,,,1.401e-2,2.806e-21,,2.099e-15,2.463e-18,1.882e-24,9.626e-18,1.557e-21,5.994e-14,2.455e-20,8.578e-26,,9.451e-11,4.509e-19,6.470e-31,1.382e-17,,4.298e-9,3.626e-19,,1.987e-19,1.580e-20,2.080e-10,1.646e-1,2.186e-29,1.573e-19,1.779e-22,2.658e+0,2.122e+1,2.104e+0,2.307e-17,4.357e-4,1.347e-10,8.407e+0,,1.820e+0,,,9.326e-1,,,3.162e-2,,1.476e-18,,6.231e-19,,6.803e-10,,1.959e-3,,5.082e-18,2.463e-16
554.08,3.945e+1,9.900e-4,1.991e-27,1.422e-39,2.660e-34,,,1.113e-2,2.807e-21,,2.098e-15,2.465e-18,1.883e-24,9.626e-18,1.552e-21,5.911e-14,2.455e-20,8.610e-26,,5.607e-11,4.515e-19,1.126e-30,1.378e-17,,3.723e-9,3.610e-19,,1.988e-19,1.581e-20,3.554e-10,1.754e-1,2.192e-29,1.573e-19,1.778e-22,2.754e+0,2.309e+1,2.121e+0,2.309e-17,5.828e-4,7.856e-11,8.468e+0,,1.759e+0,,,1.037e+0,,,3.579e-2,,1.476e-18,,6.230e-19,,1.088e-9,,2.631e-3,,5.081e-18,2.463e-16
554.1,4.088e+1,1.125e-3,2.006e-27,1.423e-39,2.660e-34,,,9.521e-3,2.809e-21,,2.098e-15,2.467e-18,1.883e-24,9.626e-18,1.548e-21,5.838e-14,2.454e-20,8.631e-26,,3.946e-11,4.519e-19,1.624e-30,1.376e-17,,3.373e-9,3.599e-19,,1.989e-19,1.581e-20,5.064e-10,1.829e-1,2.196e-29,1.573e-19,1.778e-22,2.819e+0,2.434e+1,2.127e+0,2.310e-17,7.053e-4,5.466e-11,8.521e+0,,1.726e+0,,,1.112e+0,,,3.876e-2,,1.476e-18,,6.230e-19,,1.483e-9,,3.192e-3,,5.081e-18,2.463e-16
554.13,4.307e+1,1.355e-3,2.028e-27,1.425e-39,2.660e-34,,,7.494e-3,2.810e-21,,2.097e-15,2.469e-18,1.884e-24,9.625e-18,1.543e-21,5.703e-14,2.454e-20,8.663e-26,,2.319e-11,4.524e-19,2.799e-30,1.373e-17,,2.895e-9,3.582e-19,,1.991e-19,1.581e-20,8.574e-10,1.945e-1,2.201e-29,1.573e-19,1.777e-22,2.915e+0,2.624e+1,2.127e+0,2.312e-17,9.347e-4,3.158e-11,8.614e+0,,1.689e+0,,,1.232e+0,,,4.347e-2,,1.477e-18,,6.229e-19,,2.351e-9,,4.245e-3,,5.080e-18,2.463e-16
554.15,4.454e+1,1.530e-3,2.043e-27,1.426e-39,2.660e-34,,,6.369e-3,2.812e-21,,2.097e-15,2.470e-18,1.885e-24,9.625e-18,1.539e-21,5.597e-14,2.453e-20,8.684e-26,,1.622e-11,4.528e-19,4.012e-30,1.370e-17,,2.607e-9,3.571e-19,,1.991e-19,1.581e-20,1.214e-9,2.024e-1,2.205e-29,1.573e-19,1.776e-22,2.976e+0,2.750e+1,2.121e+0,2.314e-17,1.124e-3,2.184e-11,8.685e+0,,1.673e+0,,,1.318e+0,,,4.678e-2,,1.477e-18,,6.229e-19,,3.185e-9,,5.119e-3,,5.079e-18,2.464e-16
554.18,4.674e+1,1.826e-3,2.065e-27,1.428e-39,2.659e-34,,,4.966e-3,2.813e-21,,2.097e-15,2.472e-18,1.886e-24,9.625e-18,1.533e-21,5.417e-14,2.452e-20,8.716e-26,,9.444e-12,4.533e-19,6.853e-30,1.367e-17,,2.217e-9,3.555e-19,,1.993e-19,1.581e-20,2.037e-9,2.144e-1,2.211e-29,1.573e-19,1.776e-22,3.064e+0,2.937e+1,2.103e+0,2.316e-17,1.476e-3,1.250e-11,8.801e+0,,1.661e+0,,,1.455e+0,,,5.198e-2,,1.477e-18,,6.228e-19,,5.000e-9,,6.746e-3,,5.078e-18,2.464e-16
554.2,4.819e+1,2.049e-3,2.080e-27,1.429e-39,2.659e-34,,,4.194e-3,2.815e-21,,2.096e-15,2.474e-18,1.887e-24,9.625e-18,1.530e-21,5.284e-14,2.452e-20,8.737e-26,,6.564e-12,4.537e-19,9.762e-30,1.365e-17,,1.983e-9,3.544e-19,,1.994e-19,1.582e-20,2.867e-9,2.224e-1,2.215e-29,1.574e-19,1.775e-22,3.118e+0,3.060e+1,2.085e+0,2.318e-17,1.765e-3,8.586e-12,8.884e+0,,1.661e+0,,,1.551e+0,,,5.559e-2,,1.477e-18,,6.227e-19,,6.734e-9,,8.084e-3,,5.077e-18,2.464e-16
554.23,5.033e+1,2.424e-3,2.102e-27,1.431e-39,2.659e-34,,,3.239e-3,2.816e-21,,2.096e-15,2.476e-18,1.888e-24,9.625e-18,1.524e-21,5.066e-14,2.451e-20,8.769e-26,,3.785e-12,4.543e-19,1.652e-29,1.361e-17,,1.671e-9,3.528e-19,,1.995e-19,1.582e-20,4.766e-9,2.344e-1,2.220e-29,1.574e-19,1.774e-22,3.193e+0,3.239e+1,2.049e+0,2.320e-17,2.296e-3,4.867e-12,9.010e+0,,1.675e+0,,,1.700e+0,,,6.119e-2,,1.477e-18,,6.227e-19,,1.047e-8,,1.056e-2,,5.076e-18,2.465e-16
554.25,5.172e+1,2.702e-3,2.117e-27,1.432e-39,2.659e-34,,,2.719e-3,2.818e-21,,2.096e-15,2.477e-18,1.888e-24,9.625e-18,1.520e-21,4.911e-14,2.451e-20,8.790e-26,,2.614e-12,4.546e-19,2.339e-29,1.359e-17,,1.486e-9,3.517e-19,,1.996e-19,1.582e-20,6.668e-9,2.423e-1,2.224e-29,1.574e-19,1.774e-22,3.237e+0,3.354e+1,2.019e+0,2.321e-17,2.727e-3,3.323e-12,9.095e+0,,1.693e+0,,,1.804e+0,,,6.503e-2,,1.477e-18,,6.226e-19,,1.402e-8,,1.257e-2,,5.076e-18,2.465e-16
554.28,5.371e+1,3.167e-3,2.139e-27,1.434e-39,2.659e-34,,,2.080e-3,2.819e-21,,2.095e-15,2.479e-18,1.889e-24,9.625e-18,1.515e-21,4.664e-14,2.450e-20,8.822e-26,,1.494e-12,4.552e-19,3.922e-29,1.356e-17,,1.240e-9,3.500e-19,,1.997e-19,1.582e-20,1.098e-8,2.537e-1,2.230e-29,1.574e-19,1.773e-22,3.294e+0,3.518e+1,1.967e+0,2.324e-17,3.515e-3,1.866e-12,9.218e+0,,1.732e+0,,,1.964e+0,,,7.093e-2,,1.478e-18,,6.225e-19,,2.161e-8,,1.626e-2,,5.075e-18,2.465e-16
554.3,5.496e+1,3.509e-3,2.153e-27,1.435e-39,2.659e-34,,,1.735e-3,2.821e-21,,2.095e-15,2.481e-18,1.890e-24,9.624e-18,1.511e-21,4.493e-14,2.450e-20,8.843e-26,,1.025e-12,4.555e-19,5.519e-29,1.353e-17,,1.095e-9,3.489e-19,,1.998e-19,1.582e-20,1.527e-8,2.611e-1,2.234e-29,1.574e-19,1.772e-22,3.326e+0,3.621e+1,1.927e+0,2.325e-17,4.150e-3,1.266e-12,9.294e+0,,1.766e+0,,,2.073e+0,,,7.491e-2,,1.478e-18,,6.225e-19,,2.874e-8,,1.925e-2,,5.074e-18,2.465e-16
554.33,5.672e+1,4.075e-3,2.176e-27,1.437e-39,2.659e-34,,,1.315e-3,2.822e-21,,2.095e-15,2.483e-18,1.891e-24,9.624e-18,1.506e-21,4.228e-14,2.449e-20,8.875e-26,,5.801e-13,4.561e-19,9.169e-29,1.350e-17,,9.056e-10,3.473e-19,,1.999e-19,1.583e-20,2.492e-8,2.717e-1,2.240e-29,1.575e-19,1.772e-22,3.363e+0,3.764e+1,1.860e+0,2.327e-17,5.300e-3,7.044e-13,9.398e+0,,1.827e+0,,,2.238e+0,,,8.094e-2,,1.478e-18,,6.224e-19,,4.388e-8,,2.467e-2,,5.073e-18,2.466e-16
554.35,5.779e+1,4.488e-3,2.190e-27,1.438e-39,2.659e-34,,,1.090e-3,2.824e-21,,2.094e-15,2.484e-18,1.891e-24,9.624e-18,1.502e-21,4.048e-14,2.449e-20,8.896e-26,,3.957e-13,4.565e-19,1.282e-28,1.348e-17,,7.953e-10,3.462e-19,,2.000e-19,1.583e-20,3.443e-8,2.784e-1,2.243e-29,1.575e-19,1.771e-22,3.381e+0,3.851e+1,1.811e+0,2.329e-17,6.218e-3,4.749e-13,9.456e+0,,1.875e+0,,,2.349e+0,,,8.496e-2,,1.478e-18,,6.223e-19,,5.801e-8,,2.902e-2,,5.072e-18,2.466e-16
554.38,5.923e+1,5.163e-3,2.212e-27,1.440e-39,2.658e-34,,,8.187e-4,2.825e-21,,2.094e-15,2.486e-18,1.892e-24,9.624e-18,1.496e-21,3.774e-14,2.448e-20,8.928e-26,,2.218e-13,4.570e-19,2.111e-28,1.344e-17,,6.513e-10,3.446e-19,,2.001e-19,1.583e-20,5.567e-8,2.876e-1,2.249e-29,1.575e-19,1.770e-22,3.398e+0,3.967e+1,1.732e+0,2.331e-17,7.867e-3,2.617e-13,9.526e+0,,1.956e+0,,,2.516e+0,,,9.095e-2,,1.478e-18,,6.223e-19,,8.776e-8,,3.684e-2,,5.071e-18,2.466e-16
554.4,6.007e+1,5.651e-3,2.227e-27,1.441e-39,2.658e-34,,,6.743e-4,2.827e-21,,2.094e-15,2.487e-18,1.893e-24,9.624e-18,1.493e-21,3.590e-14,2.448e-20,8.949e-26,,1.503e-13,4.574e-19,2.933e-28,1.342e-17,,5.684e-10,3.435e-19,,2.002e-19,1.583e-20,7.645e-8,2.933e-1,2.253e-29,1.575e-19,1.770e-22,3.402e+0,4.035e+1,1.676e+0,2.332e-17,9.174e-3,1.754e-13,9.557e+0,,2.015e+0,,,2.626e+0,,,9.488e-2,,1.478e-18,,6.222e-19,,1.153e-7,,4.307e-2,,5.071e-18,2.466e-16
554.43,6.113e+1,6.441e-3,2.249e-27,1.443e-39,2.658e-34,,,5.017e-4,2.828e-21,,2.093e-15,2.490e-18,1.894e-24,9.624e-18,1.487e-21,3.316e-14,2.447e-20,8.980e-26,,8.348e-14,4.579e-19,4.784e-28,1.338e-17,,4.612e-10,3.419e-19,,2.003e-19,1.583e-20,1.225e-7,3.009e-1,2.259e-29,1.575e-19,1.769e-22,3.397e+0,4.119e+1,1.589e+0,2.335e-17,1.150e-2,9.572e-14,9.580e+0,,2.111e+0,,,2.787e+0,,,1.006e-1,,1.479e-18,,6.221e-19,,1.728e-7,,5.418e-2,,5.070e-18,2.467e-16
554.45,6.169e+1,7.006e-3,2.264e-27,1.444e-39,2.658e-34,,,4.106e-4,2.830e-21,,2.093e-15,2.491e-18,1.894e-24,9.623e-18,1.484e-21,3.135e-14,2.447e-20,9.002e-26,,5.623e-14,4.583e-19,6.609e-28,1.336e-17,,3.999e-10,3.408e-19,,2.004e-19,1.584e-20,1.672e-7,3.053e-1,2.262e-29,1.575e-19,1.769e-22,3.388e+0,4.163e+1,1.528e+0,2.336e-17,1.333e-2,6.373e-14,9.576e+0,,2.178e+0,,,2.891e+0,,,1.043e-1,,1.479e-18,,6.221e-19,,2.257e-7,,6.295e-2,,5.069e-18,2.467e-16
554.47,6.213e+1,7.603e-3,2.279e-27,1.446e-39,2.658e-34,,,3.353e-4,2.831e-21,,2.093e-15,2.492e-18,1.895e-24,9.623e-18,1.480e-21,2.957e-14,2.446e-20,9.023e-26,,3.777e-14,4.587e-19,9.106e-28,1.334e-17,,3.460e-10,3.397e-19,,2.005e-19,1.584e-20,2.277e-7,3.092e-1,2.266e-29,1.575e-19,1.768e-22,3.373e+0,4.198e+1,1.466e+0,2.338e-17,1.541e-2,4.233e-14,9.557e+0,,2.248e+0,,,2.992e+0,,,1.079e-1,,1.479e-18,,6.220e-19,,2.939e-7,,7.295e-2,,5.068e-18,2.467e-16
554.5,6.257e+1,8.554e-3,2.301e-27,1.447e-39,2.658e-34,,,2.462e-4,2.833e-21,,2.092e-15,2.494e-18,1.896e-24,9.623e-18,1.474e-21,2.695e-14,2.446e-20,9.054e-26,,2.070e-14,4.592e-19,1.466e-27,1.330e-17,,2.771e-10,3.380e-19,,2.006e-19,1.584e-20,3.601e-7,3.140e-1,2.272e-29,1.576e-19,1.767e-22,3.342e+0,4.232e+1,1.372e+0,2.340e-17,1.906e-2,2.280e-14,9.497e+0,,2.355e+0,,,3.136e+0,,,1.129e-1,,1.479e-18,,6.220e-19,,4.349e-7,,9.059e-2,,5.067e-18,2.468e-16
554.52,6.270e+1,9.224e-3,2.316e-27,1.449e-39,2.658e-34,,,1.997e-4,2.834e-21,,2.092e-15,2.496e-18,1.897e-24,9.623e-18,1.471e-21,2.526e-14,2.445e-20,9.076e-26,,1.382e-14,4.596e-19,2.008e-27,1.328e-17,,2.382e-10,3.369e-19,,2.007e-19,1.584e-20,4.873e-7,3.164e-1,2.276e-29,1.576e-19,1.767e-22,3.315e+0,4.242e+1,1.308e+0,2.341e-17,2.190e-2,1.505e-14,9.436e+0,,2.427e+0,,,3.226e+0,,,1.160e-1,,1.479e-18,,6.219e-19,,5.630e-7,,1.043e-1,,5.067e-18,2.468e-16
554.55,6.265e+1,1.028e-2,2.338e-27,1.450e-39,2.658e-34,,,1.453e-4,2.836e-21,,2.091e-15,2.498e-18,1.898e-24,9.623e-18,1.465e-21,2.281e-14,2.445e-20,9.107e-26,,7.505e-15,4.601e-19,3.202e-27,1.325e-17,,1.890e-10,3.353e-19,,2.009e-19,1.584e-20,7.636e-7,3.190e-1,2.281e-29,1.576e-19,1.766e-22,3.268e+0,4.237e+1,1.212e+0,2.343e-17,2.685e-2,8.030e-15,9.312e+0,,2.535e+0,,,3.351e+0,,,1.203e-1,,1.479e-18,,6.218e-19,,8.253e-7,,1.284e-1,,5.066e-18,2.468e-16
554.57,6.246e+1,1.102e-2,2.352e-27,1.452e-39,2.658e-34,,,1.171e-4,2.837e-21,,2.091e-15,2.499e-18,1.898e-24,9.623e-18,1.461e-21,2.125e-14,2.444e-20,9.129e-26,,4.981e-15,4.605e-19,4.359e-27,1.323e-17,,1.614e-10,3.342e-19,,2.009e-19,1.585e-20,1.027e-6,3.200e-1,2.285e-29,1.576e-19,1.765e-22,3.232e+0,4.221e+1,1.149e+0,2.345e-17,3.066e-2,5.267e-15,9.207e+0,,2.605e+0,,,3.426e+0,,,1.229e-1,,1.480e-18,,6.218e-19,,1.062e-6,,1.469e-1,,5.065e-18,2.468e-16
554.6,6.194e+1,1.217e-2,2.374e-27,1.453e-39,2.657e-34,,,8.441e-5,2.839e-21,,2.091e-15,2.501e-18,1.899e-24,9.622e-18,1.456e-21,1.901e-14,2.444e-20,9.160e-26,,2.684e-15,4.611e-19,6.889e-27,1.319e-17,,1.269e-10,3.326e-19,,2.011e-19,1.585e-20,1.595e-6,3.202e-1,2.291e-29,1.576e-19,1.765e-22,3.172e+0,4.179e+1,1.055e+0,2.347e-17,3.724e-2,2.784e-15,9.016e+0,,2.707e+0,,,3.526e+0,,,1.263e-1,,1.480e-18,,6.217e-19,,1.542e-6,,1.791e-1,,5.064e-18,2.469e-16
554.62,6.144e+1,1.296e-2,2.389e-27,1.455e-39,2.657e-34,,,6.764e-5,2.840e-21,,2.090e-15,2.503e-18,1.900e-24,9.622e-18,1.452e-21,1.760e-14,2.443e-20,9.181e-26,,1.775e-15,4.614e-19,9.318e-27,1.317e-17,,1.077e-10,3.315e-19,,2.012e-19,1.585e-20,2.132e-6,3.196e-1,2.295e-29,1.577e-19,1.764e-22,3.129e+0,4.138e+1,9.939e-1,2.349e-17,4.226e-2,1.814e-15,8.868e+0,,2.772e+0,,,3.583e+0,,,1.282e-1,,1.480e-18,,6.217e-19,,1.972e-6,,2.037e-1,,5.063e-18,2.469e-16
554.65,6.046e+1,1.419e-2,2.411e-27,1.457e-39,2.657e-34,,,4.828e-5,2.842e-21,,2.090e-15,2.505e-18,1.901e-24,9.622e-18,1.447e-21,1.560e-14,2.442e-20,9.213e-26,,9.604e-16,4.620e-19,1.459e-26,1.313e-17,,8.386e-11,3.298e-19,,2.013e-19,1.585e-20,3.280e-6,3.176e-1,2.300e-29,1.577e-19,1.763e-22,3.061e+0,4.060e+1,9.043e-1,2.351e-17,5.085e-2,9.501e-16,8.615e+0,,2.862e+0,,,3.653e+0,,,1.305e-1,,1.480e-18,,6.216e-19,,2.838e-6,,2.460e-1,,5.062e-18,2.469e-16
554.67,5.966e+1,1.502e-2,2.426e-27,1.458e-39,2.657e-34,,,3.845e-5,2.843e-21,,2.090e-15,2.506e-18,1.901e-24,9.622e-18,1.443e-21,1.435e-14,2.442e-20,9.234e-26,,6.472e-16,4.623e-19,1.962e-26,1.311e-17,,7.075e-11,3.288e-19,,2.014e-19,1.585e-20,4.359e-6,3.155e-1,2.304e-29,1.577e-19,1.763e-22,3.014e+0,3.996e+1,8.464e-1,2.352e-17,5.735e-2,6.153e-16,8.427e+0,,2.917e+0,,,3.690e+0,,,1.316e-1,,1.480e-18,,6.215e-19,,3.606e-6,,2.781e-1,,5.062e-18,2.470e-16
554.7,5.826e+1,1.628e-2,2.448e-27,1.460e-39,2.657e-34,,,2.719e-5,2.845e-21,,2.089e-15,2.508e-18,1.902e-24,9.622e-18,1.437e-21,1.260e-14,2.441e-20,9.266e-26,,3.849e-16,4.629e-19,3.043e-26,1.308e-17,,5.458e-11,3.271e-19,,2.015e-19,1.586e-20,6.645e-6,3.113e-1,2.310e-29,1.577e-19,1.762e-22,2.942e+0,3.885e+1,7.630e-1,2.355e-17,6.838e-2,3.192e-16,8.119e+0,,2.990e+0,,,3.727e+0,,,1.327e-1,,1.480e-18,,6.215e-19,,5.141e-6,,3.328e-1,,5.061e-18,2.470e-16
554.72,5.720e+1,1.713e-2,2.463e-27,1.461e-39,2.657e-34,,,2.151e-5,2.846e-21,,2.089e-15,2.510e-18,1.903e-24,9.622e-18,1.434e-21,1.152e-14,2.441e-20,9.287e-26,,3.035e-16,4.633e-19,4.066e-26,1.305e-17,,4.576e-11,3.260e-19,,2.016e-19,1.586e-20,8.775e-6,3.078e-1,2.314e-29,1.577e-19,1.761e-22,2.895e+0,3.801e+1,7.098e-1,2.356e-17,7.665e-2,2.054e-16,7.897e+0,,3.032e+0,,,3.741e+0,,,1.331e-1,,1.481e-18,,6.214e-19,,6.493e-6,,3.739e-1,,5.060e-18,2.470e-16
554.75,5.544e+1,1.840e-2,2.485e-27,1.463e-39,2.657e-34,,,1.507e-5,2.848e-21,,2.088e-15,2.512e-18,1.904e-24,9.622e-18,1.428e-21,1.002e-14,2.440e-20,9.319e-26,,2.847e-16,4.638e-19,6.251e-26,1.302e-17,,3.497e-11,3.244e-19,,2.017e-19,1.586e-20,1.326e-5,3.016e-1,2.319e-29,1.577e-19,1.761e-22,2.824e+0,3.663e+1,6.339e-1,2.358e-17,9.055e-2,1.056e-16,7.543e+0,,3.083e+0,,,3.744e+0,,,1.329e-1,,1.481e-18,,6.213e-19,,9.172e-6,,4.432e-1,,5.059e-18,2.470e-16
554.77,5.417e+1,1.924e-2,2.500e-27,1.464e-39,2.657e-34,,,1.185e-5,2.849e-21,,2.088e-15,2.513e-18,1.904e-24,9.621e-18,1.425e-21,9.103e-15,2.440e-20,9.340e-26,,3.371e-16,4.642e-19,8.300e-26,1.300e-17,,2.913e-11,3.233e-19,,2.018e-19,1.586e-20,1.740e-5,2.968e-1,2.323e-29,1.578e-19,1.760e-22,2.778e+0,3.562e+1,5.861e-1,2.360e-17,1.009e-1,6.750e-17,7.294e+0,,3.110e+0,,,3.735e+0,,,1.324e-1,,1.481e-18,,6.213e-19,,1.151e-5,,4.949e-1,,5.058e-18,2.471e-16
554.8,5.212e+1,2.048e-2,2.522e-27,1.466e-39,2.656e-34,,,8.226e-6,2.851e-21,,2.088e-15,2.515e-18,1.905e-24,9.621e-18,1.419e-21,7.845e-15,2.439e-20,9.372e-26,,5.351e-16,4.647e-19,1.264e-25,1.296e-17,,2.205e-11,3.217e-19,,2.019e-19,1.586e-20,2.604e-5,2.888e-1,2.329e-29,1.578e-19,1.759e-22,2.712e+0,3.401e+1,5.186e-1,2.362e-17,1.181e-1,3.436e-17,6.906e+0,,3.136e+0,,,3.703e+0,,,1.311e-1,,1.481e-18,,6.212e-19,,1.611e-5,,5.812e-1,,5.057e-18,2.471e-16
554.82,5.069e+1,2.128e-2,2.537e-27,1.467e-39,2.656e-34,,,6.428e-6,2.852e-21,,2.087e-15,2.517e-18,1.906e-24,9.621e-18,1.415e-21,7.083e-15,2.439e-20,9.393e-26,,7.790e-16,4.651e-19,1.668e-25,1.294e-17,,1.826e-11,3.206e-19,,2.020e-19,1.587e-20,3.397e-5,2.829e-1,2.333e-29,1.578e-19,1.759e-22,2.671e+0,3.288e+1,4.765e-1,2.363e-17,1.307e-1,2.184e-17,6.639e+0,,3.144e+0,,,3.671e+0,,,1.298e-1,,1.481e-18,,6.212e-19,,2.010e-5,,6.450e-1,,5.057e-18,2.471e-16
554.84,4.920e+1,2.206e-2,2.551e-27,1.468e-39,2.656e-34,,,5.011e-6,2.853e-21,,2.087e-15,2.518e-18,1.907e-24,9.621e-18,1.412e-21,6.379e-15,2.438e-20,9.414e-26,,1.158e-15,4.655e-19,2.196e-25,1.292e-17,,1.508e-11,3.195e-19,,2.021e-19,1.587e-20,4.421e-5,2.767e-1,2.337e-29,1.578e-19,1.758e-22,2.633e+0,3.170e+1,4.368e-1,2.365e-17,1.444e-1,1.384e-17,6.367e+0,,3.146e+0,,,3.630e+0,,,1.282e-1,,1.481e-18,,6.211e-19,,2.501e-5,,7.140e-1,,5.056e-18,2.471e-16
554.87,4.690e+1,2.317e-2,2.573e-27,1.470e-39,2.656e-34,,,3.432e-6,2.855e-21,,2.087e-15,2.520e-18,1.907e-24,9.621e-18,1.406e-21,5.426e-15,2.438e-20,9.446e-26,,2.123e-15,4.660e-19,3.302e-25,1.288e-17,,1.127e-11,3.178e-19,,2.022e-19,1.587e-20,6.534e-5,2.666e-1,2.342e-29,1.578e-19,1.757e-22,2.580e+0,2.989e+1,3.816e-1,2.367e-17,1.669e-1,1.384e-17,5.953e+0,,3.134e+0,,,3.553e+0,,,1.252e-1,,1.481e-18,,6.210e-19,,3.455e-5,,8.277e-1,,5.055e-18,2.472e-16
554.89,4.533e+1,2.387e-2,2.588e-27,1.471e-39,2.656e-34,,,2.659e-6,2.856e-21,,2.086e-15,2.522e-18,1.908e-24,9.621e-18,1.402e-21,4.856e-15,2.437e-20,9.467e-26,,3.185e-15,4.664e-19,4.320e-25,1.286e-17,,9.250e-12,3.167e-19,,2.023e-19,1.587e-20,8.451e-5,2.596e-1,2.346e-29,1.578e-19,1.757e-22,2.550e+0,2.865e+1,3.476e-1,2.369e-17,1.832e-1,1.383e-17,5.675e+0,,3.116e+0,,,3.492e+0,,,1.229e-1,,1.482e-18,,6.210e-19,,4.273e-5,,9.105e-1,,5.054e-18,2.472e-16
554.92,4.295e+1,2.485e-2,2.610e-27,1.473e-39,2.656e-34,,,1.804e-6,2.858e-21,,2.086e-15,2.524e-18,1.909e-24,9.620e-18,1.397e-21,4.093e-15,2.437e-20,9.499e-26,,5.836e-15,4.669e-19,6.436e-25,1.283e-17,,6.847e-12,3.151e-19,,2.024e-19,1.587e-20,1.238e-4,2.485e-1,2.352e-29,1.579e-19,1.756e-22,2.510e+0,2.677e+1,3.010e-1,2.371e-17,2.098e-1,1.383e-17,5.258e+0,,3.077e+0,,,3.386e+0,,,1.190e-1,,1.482e-18,,6.209e-19,,5.849e-5,,1.046e+0,,5.053e-18,2.472e-16
554.94,4.135e+1,2.544e-2,2.625e-27,1.474e-39,2.656e-34,,,1.389e-6,2.859e-21,,2.086e-15,2.525e-18,1.910e-24,9.620e-18,1.393e-21,3.640e-15,2.436e-20,9.520e-26,,8.718e-15,4.673e-19,8.368e-25,1.280e-17,,5.585e-12,3.140e-19,,2.025e-19,1.587e-20,1.591e-4,2.408e-1,2.356e-29,1.579e-19,1.756e-22,2.489e+0,2.550e+1,2.727e-1,2.372e-17,2.289e-1,1.382e-17,4.982e+0,,3.041e+0,,,3.307e+0,,,1.160e-1,,1.482e-18,,6.209e-19,,7.189e-5,,1.143e+0,,5.053e-18,2.473e-16
554.97,3.896e+1,2.624e-2,2.647e-27,1.476e-39,2.656e-34,,,9.337e-7,2.861e-21,,2.085e-15,2.527e-18,1.911e-24,9.620e-18,1.388e-21,3.039e-15,2.436e-20,9.552e-26,,1.585e-14,4.679e-19,1.235e-24,1.277e-17,,4.095e-12,3.124e-19,,2.027e-19,1.588e-20,2.309e-4,2.289e-1,2.361e-29,1.579e-19,1.755e-22,2.464e+0,2.361e+1,2.341e-1,2.374e-17,2.597e-1,1.382e-17,4.574e+0,,2.975e+0,,,3.177e+0,,,1.113e-1,,1.482e-18,,6.208e-19,,9.750e-5,,1.301e+0,,5.052e-18,2.473e-16
554.99,3.739e+1,2.670e-2,2.662e-27,1.477e-39,2.656e-34,,,7.143e-7,2.862e-21,,2.085e-15,2.529e-18,1.911e-24,9.620e-18,1.384e-21,2.686e-15,2.435e-20,9.573e-26,,2.353e-14,4.682e-19,1.596e-24,1.275e-17,,3.320e-12,3.113e-19,,2.027e-19,1.588e-20,2.950e-4,2.208e-1,2.365e-29,1.579e-19,1.754e-22,2.453e+0,2.236e+1,2.109e-1,2.376e-17,2.817e-1,1.382e-17,4.307e+0,,2.923e+0,,,3.084e+0,,,1.079e-1,,1.482e-18,,6.207e-19,,1.191e-4,,1.414e+0,,5.051e-18,2.473e-16
555.02,3.508e+1,2.728e-2,2.684e-27,1.479e-39,2.655e-34,,,4.757e-7,2.864e-21,,2.085e-15,2.531e-18,1.912e-24,9.620e-18,1.378e-21,2.222e-15,2.435e-20,9.605e-26,,4.238e-14,4.688e-19,2.334e-24,1.271e-17,,2.412e-12,3.097e-19,,2.029e-19,1.588e-20,4.242e-4,2.085e-1,2.371e-29,1.579e-19,1.754e-22,2.445e+0,2.052e+1,1.798e-1,2.378e-17,3.167e-1,1.381e-17,3.918e+0,,2.834e+0,,,2.935e+0,,,1.025e-1,,1.482e-18,,6.207e-19,,1.600e-4,,1.594e+0,,5.050e-18,2.473e-16
555.04,3.357e+1,2.759e-2,2.699e-27,1.480e-39,2.655e-34,,,3.616e-7,2.865e-21,,2.084e-15,2.532e-18,1.913e-24,9.620e-18,1.375e-21,1.952e-15,2.434e-20,9.626e-26,,6.255e-14,4.692e-19,2.998e-24,1.269e-17,,1.943e-12,3.086e-19,,2.030e-19,1.588e-20,5.387e-4,2.003e-1,2.375e-29,1.579e-19,1.753e-22,2.444e+0,1.931e+1,1.613e-1,2.380e-17,3.415e-1,1.381e-17,3.667e+0,,2.767e+0,,,2.831e+0,,,9.873e-2,,1.483e-18,,6.206e-19,,1.943e-4,,1.721e+0,,5.049e-18,2.474e-16
555.07,3.139e+1,2.793e-2,2.721e-27,1.482e-39,2.655e-34,,,2.386e-7,2.867e-21,,2.084e-15,2.534e-18,1.914e-24,9.619e-18,1.369e-21,1.599e-15,2.434e-20,9.658e-26,,1.116e-13,4.697e-19,4.344e-24,1.265e-17,,1.398e-12,3.069e-19,,2.031e-19,1.589e-20,7.676e-4,1.878e-1,2.380e-29,1.580e-19,1.752e-22,2.451e+0,1.756e+1,1.367e-1,2.382e-17,3.806e-1,1.380e-17,3.305e+0,,2.658e+0,,,2.669e+0,,,9.292e-2,,1.483e-18,,6.205e-19,,2.586e-4,,1.922e+0,,5.048e-18,2.474e-16
555.09,2.999e+1,2.807e-2,2.736e-27,1.483e-39,2.655e-34,,,1.802e-7,2.868e-21,,2.084e-15,2.535e-18,1.914e-24,9.619e-18,1.366e-21,1.396e-15,2.433e-20,9.679e-26,,1.638e-13,4.701e-19,5.545e-24,1.263e-17,,1.119e-12,3.058e-19,,2.032e-19,1.589e-20,9.690e-4,1.796e-1,2.384e-29,1.580e-19,1.752e-22,2.460e+0,1.643e+1,1.224e-1,2.383e-17,4.079e-1,1.380e-17,3.075e+0,,2.580e+0,,,2.559e+0,,,8.896e-2,,1.483e-18,,6.205e-19,,3.121e-4,,2.063e+0,,5.047e-18,2.474e-16
555.12,2.799e+1,2.815e-2,2.758e-27,1.485e-39,2.655e-34,,,1.178e-7,2.870e-21,,2.083e-15,2.538e-18,1.915e-24,9.619e-18,1.360e-21,1.133e-15,2.432e-20,9.710e-26,,2.896e-13,4.706e-19,7.960e-24,1.260e-17,,7.979e-13,3.042e-19,,2.033e-19,1.589e-20,1.368e-3,1.673e-1,2.390e-29,1.580e-19,1.751e-22,2.481e+0,1.480e+1,1.037e-1,2.386e-17,4.506e-1,1.379e-17,2.746e+0,,2.455e+0,,,2.391e+0,,,8.295e-2,,1.483e-18,,6.204e-19,,4.116e-4,,2.283e+0,,5.046e-18,2.475e-16
555.14,2.673e+1,2.812e-2,2.772e-27,1.486e-39,2.655e-34,,,8.844e-8,2.871e-21,,2.083e-15,2.539e-18,1.916e-24,9.619e-18,1.356e-21,9.832e-16,2.432e-20,9.732e-26,,4.222e-13,4.710e-19,1.010e-23,1.257e-17,,6.348e-13,3.031e-19,,2.034e-19,1.589e-20,1.717e-3,1.592e-1,2.394e-29,1.580e-19,1.750e-22,2.500e+0,1.377e+1,9.294e-2,2.387e-17,4.801e-1,1.379e-17,2.539e+0,,2.368e+0,,,2.277e+0,,,7.893e-2,,1.483e-18,,6.204e-19,,4.936e-4,,2.435e+0,,5.046e-18,2.475e-16
555.17,2.494e+1,2.794e-2,2.794e-27,1.488e-39,2.655e-34,,,5.726e-8,2.873e-21,,2.082e-15,2.541e-18,1.917e-24,9.619e-18,1.351e-21,7.907e-16,2.431e-20,9.763e-26,,7.397e-13,4.715e-19,1.436e-23,1.254e-17,,4.484e-13,3.015e-19,,2.035e-19,1.589e-20,2.402e-3,1.473e-1,2.399e-29,1.580e-19,1.750e-22,2.533e+0,1.229e+1,7.932e-2,2.389e-17,5.258e-1,1.378e-17,2.246e+0,,2.233e+0,,,2.108e+0,,,7.291e-2,,1.483e-18,,6.203e-19,,6.451e-4,,2.669e+0,,5.045e-18,2.475e-16
555.19,2.382e+1,2.774e-2,2.809e-27,1.489e-39,2.655e-34,,,4.272e-8,2.874e-21,,2.082e-15,2.542e-18,1.917e-24,9.619e-18,1.347e-21,6.817e-16,2.431e-20,9.785e-26,,1.072e-12,4.719e-19,1.811e-23,1.252e-17,,3.545e-13,3.004e-19,,2.036e-19,1.589e-20,2.996e-3,1.395e-1,2.403e-29,1.580e-19,1.749e-22,2.559e+0,1.136e+1,7.179e-2,2.391e-17,5.570e-1,1.378e-17,2.064e+0,,2.140e+0,,,1.996e+0,,,6.895e-2,,1.484e-18,,6.202e-19,,7.687e-4,,2.830e+0,,5.044e-18,2.475e-16
555.21,2.277e+1,2.747e-2,2.824e-27,1.491e-39,2.654e-34,,,3.179e-8,2.875e-21,,2.082e-15,2.544e-18,1.918e-24,9.619e-18,1.343e-21,5.863e-16,2.431e-20,9.806e-26,,1.549e-12,4.723e-19,2.278e-23,1.249e-17,,2.795e-13,2.993e-19,,2.037e-19,1.590e-20,3.728e-3,1.319e-1,2.407e-29,1.581e-19,1.749e-22,2.587e+0,1.048e+1,6.543e-2,2.392e-17,5.888e-1,1.378e-17,1.891e+0,,2.046e+0,,,1.885e+0,,,6.503e-2,,1.484e-18,,6.202e-19,,9.138e-4,,2.992e+0,,5.043e-18,2.476e-16
555.24,2.130e+1,2.695e-2,2.846e-27,1.492e-39,2.654e-34,,,2.032e-8,2.877e-21,,2.081e-15,2.546e-18,1.919e-24,9.618e-18,1.338e-21,4.654e-16,2.430e-20,9.837e-26,,2.680e-12,4.728e-19,3.198e-23,1.246e-17,,1.949e-13,2.976e-19,,2.038e-19,1.590e-20,5.151e-3,1.209e-1,2.413e-29,1.581e-19,1.748e-22,2.633e+0,9.240e+0,5.797e-2,2.394e-17,6.373e-1,1.377e-17,1.652e+0,,1.905e+0,,,1.722e+0,,,5.930e-2,,1.484e-18,,6.201e-19,,1.179e-3,,3.238e+0,,5.042e-18,2.476e-16
555.26,2.040e+1,2.652e-2,2.861e-27,1.494e-39,2.654e-34,,,1.503e-8,2.878e-21,,2.081e-15,2.547e-18,1.920e-24,9.618e-18,1.334e-21,3.977e-16,2.430e-20,9.859e-26,,3.849e-12,4.732e-19,3.998e-23,1.244e-17,,1.527e-13,2.966e-19,,2.039e-19,1.590e-20,6.370e-3,1.138e-1,2.416e-29,1.581e-19,1.747e-22,2.665e+0,8.470e+0,5.433e-2,2.396e-17,6.699e-1,1.377e-17,1.505e+0,,1.810e+0,,,1.616e+0,,,5.559e-2,,1.484e-18,,6.201e-19,,1.393e-3,,3.402e+0,,5.042e-18,2.476e-16
555.29,1.916e+1,2.578e-2,2.883e-27,1.496e-39,2.654e-34,,,9.512e-9,2.880e-21,,2.081e-15,2.549e-18,1.921e-24,9.618e-18,1.329e-21,3.128e-16,2.429e-20,9.890e-26,,6.597e-12,4.738e-19,5.561e-23,1.240e-17,,1.055e-13,2.949e-19,,2.040e-19,1.590e-20,8.722e-3,1.035e-1,2.422e-29,1.581e-19,1.746e-22,2.715e+0,7.400e+0,5.082e-2,2.398e-17,7.192e-1,1.376e-17,1.302e+0,,1.669e+0,,,1.463e+0,,,5.021e-2,,1.484e-18,,6.200e-19,,1.780e-3,,3.648e+0,,5.041e-18,2.477e-16
555.31,1.840e+1,2.521e-2,2.898e-27,1.497e-39,2.654e-34,,,6.991e-9,2.881e-21,,2.080e-15,2.551e-18,1.921e-24,9.618e-18,1.325e-21,2.656e-16,2.428e-20,9.912e-26,,9.419e-12,4.741e-19,6.909e-23,1.238e-17,,8.214e-14,2.938e-19,,2.041e-19,1.590e-20,1.072e-2,9.696e-2,2.426e-29,1.581e-19,1.746e-22,2.749e+0,6.742e+0,4.974e-2,2.400e-17,7.520e-1,1.376e-17,1.178e+0,,1.576e+0,,,1.365e+0,,,4.678e-2,,1.484e-18,,6.199e-19,,2.090e-3,,3.810e+0,,5.040e-18,2.477e-16
555.34,1.738e+1,2.428e-2,2.920e-27,1.499e-39,2.654e-34,,,4.384e-9,2.883e-21,,2.080e-15,2.553e-18,1.922e-24,9.618e-18,1.319e-21,2.070e-16,2.428e-20,9.943e-26,,1.599e-11,4.747e-19,9.523e-23,1.235e-17,,5.620e-14,2.922e-19,,2.043e-19,1.591e-20,1.455e-2,8.758e-2,2.432e-29,1.582e-19,1.745e-22,2.799e+0,5.837e+0,5.002e-2,2.402e-17,8.010e-1,1.375e-17,1.010e+0,,1.440e+0,,,1.224e+0,,,4.187e-2,,1.485e-18,,6.199e-19,,2.647e-3,,4.047e+0,,5.039e-18,2.477e-16
555.36,1.676e+1,2.360e-2,2.934e-27,1.500e-39,2.654e-34,,,3.202e-9,2.884e-21,,2.080e-15,2.554e-18,1.923e-24,9.618e-18,1.316e-21,1.747e-16,2.427e-20,9.964e-26,,2.270e-11,4.750e-19,1.176e-22,1.232e-17,,4.350e-14,2.911e-19,,2.043e-19,1.591e-20,1.778e-2,8.165e-2,2.435e-29,1.582e-19,1.745e-22,2.832e+0,5.286e+0,5.149e-2,2.403e-17,8.334e-1,1.375e-17,9.089e-1,,1.351e+0,,,1.135e+0,,,3.876e-2,,1.485e-18,,6.198e-19,,3.089e-3,,4.200e+0,,5.038e-18,2.477e-16
555.39,1.593e+1,2.252e-2,2.957e-27,1.502e-39,2.654e-34,,,1.989e-9,2.886e-21,,2.079e-15,2.556e-18,1.924e-24,9.617e-18,1.310e-21,1.348e-16,2.427e-20,9.996e-26,,3.819e-11,4.756e-19,1.606e-22,1.229e-17,,2.948e-14,2.895e-19,,2.045e-19,1.591e-20,2.391e-2,7.322e-2,2.441e-29,1.582e-19,1.744e-22,2.878e+0,4.535e+0,5.565e-2,2.406e-17,8.812e-1,1.374e-17,7.720e-1,,1.223e+0,,,1.008e+0,,,3.437e-2,,1.485e-18,,6.197e-19,,3.876e-3,,4.420e+0,,5.037e-18,2.478e-16
555.41,1.544e+1,2.175e-2,2.971e-27,1.503e-39,2.654e-34,,,1.444e-9,2.887e-21,,2.079e-15,2.558e-18,1.924e-24,9.617e-18,1.307e-21,1.131e-16,2.426e-20,1.002e-25,,5.386e-11,4.760e-19,1.970e-22,1.227e-17,,2.267e-14,2.884e-19,,2.046e-19,1.591e-20,2.904e-2,6.792e-2,2.445e-29,1.582e-19,1.743e-22,2.907e+0,4.083e+0,5.979e-2,2.407e-17,9.125e-1,1.374e-17,6.903e-1,,1.141e+0,,,9.290e-1,,,3.162e-2,,1.485e-18,,6.197e-19,,4.495e-3,,4.560e+0,,5.037e-18,2.478e-16
555.44,1.477e+1,2.056e-2,2.993e-27,1.505e-39,2.653e-34,,,8.886e-10,2.889e-21,,2.079e-15,2.560e-18,1.925e-24,9.617e-18,1.301e-21,8.648e-17,2.426e-20,1.005e-25,,8.979e-11,4.765e-19,2.666e-22,1.223e-17,,1.522e-14,2.867e-19,,2.047e-19,1.591e-20,3.871e-2,6.046e-2,2.451e-29,1.582e-19,1.742e-22,2.945e+0,3.471e+0,6.816e-2,2.409e-17,9.584e-1,1.373e-17,5.810e-1,,1.023e+0,,,8.182e-1,,,2.778e-2,,1.485e-18,,6.196e-19,,5.588e-3,,4.754e+0,,5.036e-18,2.478e-16
555.46,1.438e+1,1.974e-2,3.008e-27,1.506e-39,2.653e-34,,,6.409e-10,2.890e-21,,2.078e-15,2.561e-18,1.926e-24,9.617e-18,1.297e-21,7.209e-17,2.425e-20,1.007e-25,,1.259e-10,4.769e-19,3.251e-22,1.221e-17,,1.164e-14,2.856e-19,,2.048e-19,1.592e-20,4.674e-2,5.580e-2,2.455e-29,1.582e-19,1.742e-22,2.968e+0,3.106e+0,7.527e-2,2.411e-17,9.881e-1,1.373e-17,5.163e-1,,9.483e-1,,,7.495e-1,,,2.540e-2,,1.485e-18,,6.195e-19,,6.441e-3,,4.874e+0,,5.035e-18,2.478e-16
555.49,1.385e+1,1.849e-2,3.030e-27,1.508e-39,2.653e-34,,,3.908e-10,2.892e-21,,2.078e-15,2.563e-18,1.927e-24,9.617e-18,1.292e-21,5.461e-17,2.425e-20,1.010e-25,,2.079e-10,4.774e-19,4.359e-22,1.217e-17,,7.741e-15,2.840e-19,,2.049e-19,1.592e-20,6.174e-2,4.930e-2,2.460e-29,1.583e-19,1.741e-22,2.995e+0,2.617e+0,8.843e-2,2.413e-17,1.031e+0,1.373e-17,4.307e-1,,8.425e-1,,,6.544e-1,,,2.210e-2,,1.486e-18,,6.195e-19,,7.933e-3,,5.035e+0,,5.034e-18,2.479e-16
555.51,1.354e+1,1.765e-2,3.045e-27,1.509e-39,2.653e-34,,,2.801e-10,2.893e-21,,2.078e-15,2.565e-18,1.927e-24,9.617e-18,1.288e-21,4.524e-17,2.424e-20,1.012e-25,,2.896e-10,4.778e-19,5.283e-22,1.215e-17,,5.880e-15,2.829e-19,,2.050e-19,1.592e-20,7.411e-2,4.528e-2,2.464e-29,1.583e-19,1.741e-22,3.009e+0,2.327e+0,9.899e-2,2.414e-17,1.059e+0,1.372e-17,3.805e-1,,7.761e-1,,,5.962e-1,,,2.009e-2,,1.486e-18,,6.194e-19,,9.087e-3,,5.129e+0,,5.033e-18,2.479e-16
555.54,1.313e+1,1.637e-2,3.067e-27,1.511e-39,2.653e-34,,,1.692e-10,2.895e-21,,2.077e-15,2.567e-18,1.928e-24,9.616e-18,1.283e-21,3.395e-17,2.424e-20,1.015e-25,,4.740e-10,4.783e-19,7.018e-22,1.212e-17,,3.875e-15,2.813e-19,,2.051e-19,1.592e-20,9.702e-2,3.969e-2,2.470e-29,1.583e-19,1.740e-22,3.023e+0,1.943e+0,1.177e-1,2.417e-17,1.100e+0,1.372e-17,3.147e-1,,6.831e-1,,,5.165e-1,,,1.732e-2,,1.486e-18,,6.193e-19,,1.109e-2,,5.250e+0,,5.032e-18,2.479e-16
555.56,1.288e+1,1.553e-2,3.082e-27,1.512e-39,2.653e-34,,,1.205e-10,2.896e-21,,2.077e-15,2.568e-18,1.929e-24,9.616e-18,1.279e-21,2.795e-17,2.423e-20,1.018e-25,,6.563e-10,4.787e-19,8.454e-22,1.209e-17,,2.925e-15,2.802e-19,,2.052e-19,1.592e-20,1.158e-1,3.627e-2,2.474e-29,1.583e-19,1.739e-22,3.027e+0,1.717e+0,1.324e-1,2.418e-17,1.126e+0,1.371e-17,2.765e-1,,6.254e-1,,,4.682e-1,,,1.564e-2,,1.486e-18,,6.193e-19,,1.262e-2,,5.315e+0,,5.032e-18,2.480e-16
555.58,1.266e+1,1.469e-2,3.097e-27,1.513e-39,2.653e-34,,,8.563e-11,2.897e-21,,2.077e-15,2.570e-18,1.930e-24,9.616e-18,1.275e-21,2.295e-17,2.423e-20,1.020e-25,,9.065e-10,4.791e-19,1.016e-21,1.207e-17,,2.202e-15,2.791e-19,,2.053e-19,1.593e-20,1.378e-1,3.307e-2,2.477e-29,1.583e-19,1.739e-22,3.026e+0,1.514e+0,1.488e-1,2.420e-17,1.152e+0,1.371e-17,2.425e-1,,5.711e-1,,,4.238e-1,,,1.409e-2,,1.486e-18,,6.192e-19,,1.434e-2,,5.368e+0,,5.031e-18,2.480e-16
555.61,1.236e+1,1.346e-2,3.119e-27,1.515e-39,2.653e-34,,,5.105e-11,2.899e-21,,2.076e-15,2.572e-18,1.931e-24,9.616e-18,1.270e-21,1.700e-17,2.422e-20,1.023e-25,,1.465e-9,4.796e-19,1.332e-21,1.204e-17,,1.432e-15,2.775e-19,,2.054e-19,1.593e-20,1.782e-1,2.867e-2,2.483e-29,1.583e-19,1.738e-22,3.017e+0,1.248e+0,1.772e-1,2.422e-17,1.190e+0,1.370e-17,1.985e-1,,4.962e-1,,,3.641e-1,,,1.199e-2,,1.486e-18,,6.192e-19,,1.727e-2,,5.423e+0,,5.030e-18,2.480e-16
555.63,1.219e+1,1.265e-2,3.133e-27,1.516e-39,2.652e-34,,,3.604e-11,2.900e-21,,2.076e-15,2.573e-18,1.931e-24,9.616e-18,1.266e-21,1.388e-17,2.422e-20,1.025e-25,,2.011e-9,4.800e-19,1.591e-21,1.201e-17,,1.072e-15,2.764e-19,,2.055e-19,1.593e-20,2.109e-1,2.601e-2,2.487e-29,1.584e-19,1.737e-22,3.006e+0,1.094e+0,1.988e-1,2.423e-17,1.214e+0,1.370e-17,1.734e-1,,4.503e-1,,,3.286e-1,,,1.073e-2,,1.486e-18,,6.191e-19,,1.949e-2,,5.444e+0,,5.029e-18,2.480e-16
555.66,1.196e+1,1.148e-2,3.155e-27,1.518e-39,2.652e-34,,,2.129e-11,2.902e-21,,2.075e-15,5.058e-18,1.932e-24,9.616e-18,1.260e-21,1.018e-17,2.421e-20,1.028e-25,,3.219e-9,4.806e-19,2.067e-21,1.198e-17,,6.906e-16,2.747e-19,,2.056e-19,1.593e-20,2.703e-1,2.237e-2,2.493e-29,1.584e-19,1.737e-22,2.981e+0,8.938e-1,2.355e-1,2.425e-17,1.250e+0,1.370e-17,1.414e-1,,3.876e-1,,,2.818e-1,,,9.049e-3,,1.487e-18,,6.190e-19,,2.327e-2,,5.449e+0,,5.028e-18,2.481e-16
555.68,1.182e+1,1.073e-2,3.170e-27,1.519e-39,2.652e-34,,,1.494e-11,2.903e-21,,2.075e-15,7.914e-18,1.933e-24,9.616e-18,1.257e-21,8.259e-18,2.421e-20,1.030e-25,,4.392e-9,4.809e-19,2.453e-21,1.196e-17,,5.136e-16,2.736e-19,,2.057e-19,1.593e-20,3.180e-1,2.018e-2,2.496e-29,1.584e-19,1.736e-22,2.959e+0,7.786e-1,2.632e-1,2.427e-17,1.274e+0,1.369e-17,1.235e-1,,3.496e-1,,,2.545e-1,,,8.051e-3,,1.487e-18,,6.190e-19,,2.610e-2,,5.435e+0,,5.028e-18,2.481e-16
555.71,1.164e+1,9.647e-3,3.192e-27,1.521e-39,2.652e-34,,,8.738e-12,2.905e-21,,2.075e-15,1.542e-17,1.934e-24,9.615e-18,1.251e-21,6.004e-18,2.420e-20,1.033e-25,,6.967e-9,4.815e-19,3.157e-21,1.192e-17,,3.278e-16,2.720e-19,,2.058e-19,1.594e-20,4.041e-1,1.722e-2,2.502e-29,1.584e-19,1.735e-22,2.918e+0,6.303e-1,3.097e-1,2.429e-17,1.310e+0,1.369e-17,1.010e-1,,2.981e-1,,,2.193e-1,,,6.725e-3,,1.487e-18,,6.189e-19,,3.086e-2,,5.390e+0,,5.027e-18,2.481e-16
555.73,1.155e+1,8.959e-3,3.207e-27,1.522e-39,2.652e-34,,,6.093e-12,2.906e-21,,2.074e-15,2.397e-17,1.934e-24,9.615e-18,1.248e-21,4.840e-18,2.420e-20,1.036e-25,,9.447e-9,4.818e-19,3.724e-21,1.190e-17,,2.423e-16,2.709e-19,,2.059e-19,1.594e-20,4.726e-1,1.545e-2,2.506e-29,1.584e-19,1.735e-22,2.886e+0,5.458e-1,3.443e-1,2.431e-17,1.334e+0,1.368e-17,8.863e-2,,2.672e-1,,,1.994e-1,,,5.946e-3,,1.487e-18,,6.189e-19,,3.440e-2,,5.343e+0,,5.026e-18,2.482e-16
555.76,1.143e+1,7.981e-3,3.229e-27,1.524e-39,2.652e-34,,,3.531e-12,2.908e-21,,2.074e-15,4.627e-17,1.935e-24,9.615e-18,1.242e-21,3.486e-18,2.419e-20,1.039e-25,,1.485e-8,4.824e-19,4.750e-21,1.187e-17,,1.532e-16,2.693e-19,,2.061e-19,1.594e-20,5.952e-1,1.308e-2,2.512e-29,1.584e-19,1.734e-22,2.833e+0,4.378e-1,4.020e-1,2.433e-17,1.372e+0,1.368e-17,7.367e-2,,2.257e-1,,,1.748e-1,,,4.921e-3,,1.487e-18,,6.188e-19,,4.031e-2,,5.250e+0,,5.025e-18,2.482e-16
555.78,1.137e+1,7.367e-3,3.244e-27,1.525e-39,2.652e-34,,,2.447e-12,2.909e-21,,2.074e-15,7.152e-17,1.936e-24,9.615e-18,1.238e-21,2.792e-18,2.418e-20,1.041e-25,,2.001e-8,4.828e-19,5.569e-21,1.184e-17,,1.125e-16,2.682e-19,,2.061e-19,1.594e-20,6.921e-1,1.167e-2,2.515e-29,1.585e-19,1.733e-22,2.793e+0,3.768e-1,4.445e-1,2.434e-17,1.398e+0,1.367e-17,6.582e-2,,2.011e-1,,,1.616e-1,,,4.324e-3,,1.487e-18,,6.187e-19,,4.466e-2,,5.172e+0,,5.024e-18,2.482e-16
555.81,1.132e+1,6.502e-3,3.266e-27,1.527e-39,2.652e-34,,,1.405e-12,2.911e-21,,2.073e-15,1.368e-16,1.937e-24,9.615e-18,1.233e-21,1.992e-18,2.418e-20,1.044e-25,,3.116e-8,4.833e-19,7.037e-21,1.181e-17,,7.047e-17,2.665e-19,,2.063e-19,1.594e-20,8.642e-1,9.799e-3,2.521e-29,1.585e-19,1.733e-22,2.729e+0,2.995e-1,5.147e-1,2.437e-17,1.438e+0,1.367e-17,5.693e-2,,1.683e-1,,,1.466e-1,,,3.545e-3,,1.488e-18,,6.187e-19,,5.184e-2,,5.035e+0,,5.023e-18,2.482e-16
555.83,1.132e+1,5.964e-3,3.281e-27,1.528e-39,2.651e-34,,,9.675e-13,2.912e-21,,2.073e-15,2.101e-16,1.937e-24,9.615e-18,1.229e-21,1.586e-18,2.417e-20,1.046e-25,,4.174e-8,4.837e-19,8.199e-21,1.179e-17,,5.144e-17,2.655e-19,,2.064e-19,1.595e-20,9.991e-1,8.695e-3,2.525e-29,1.585e-19,1.732e-22,2.684e+0,2.562e-1,5.660e-1,2.438e-17,1.467e+0,1.366e-17,5.277e-2,,1.490e-1,,,1.396e-1,,,3.096e-3,,1.488e-18,,6.186e-19,,5.708e-2,,4.930e+0,,5.023e-18,2.483e-16
555.86,1.136e+1,5.216e-3,3.303e-27,1.530e-39,2.651e-34,,,5.503e-13,2.914e-21,,2.072e-15,3.982e-16,1.938e-24,9.614e-18,1.224e-21,1.121e-18,2.417e-20,1.049e-25,,6.441e-8,4.842e-19,1.026e-20,1.175e-17,,3.192e-17,2.638e-19,,2.065e-19,1.595e-20,1.237e+0,7.238e-3,2.531e-29,1.585e-19,1.731e-22,2.615e+0,2.018e-1,6.498e-1,2.440e-17,1.512e+0,1.366e-17,4.899e-2,,1.235e-1,,,1.336e-1,,,2.515e-3,,1.488e-18,,6.185e-19,,6.565e-2,,4.754e+0,,5.022e-18,2.483e-16
555.88,1.142e+1,4.755e-3,3.318e-27,1.531e-39,2.651e-34,,,3.766e-13,2.915e-21,,2.072e-15,6.079e-16,1.939e-24,9.614e-18,1.220e-21,8.868e-19,2.416e-20,1.051e-25,,8.574e-8,4.846e-19,1.189e-20,1.173e-17,,2.315e-17,2.627e-19,,2.066e-19,1.595e-20,1.422e+0,6.388e-3,2.534e-29,1.585e-19,1.731e-22,2.567e+0,1.716e-1,7.106e-1,2.442e-17,1.544e+0,1.366e-17,4.802e-2,,1.087e-1,,,1.325e-1,,,2.182e-3,,1.488e-18,,6.185e-19,,7.184e-2,,4.626e+0,,5.021e-18,2.483e-16
555.91,1.157e+1,4.120e-3,3.340e-27,1.533e-39,2.651e-34,,,2.122e-13,2.917e-21,,2.072e-15,1.142e-15,1.940e-24,9.614e-18,1.214e-21,6.211e-19,2.416e-20,1.055e-25,,1.311e-7,4.852e-19,1.474e-20,1.170e-17,,1.423e-17,2.611e-19,,2.067e-19,1.595e-20,1.744e+0,5.273e-3,2.540e-29,1.585e-19,1.730e-22,2.497e+0,1.339e-1,8.090e-1,2.444e-17,1.596e+0,1.365e-17,4.884e-2,,8.929e-2,,,1.353e-1,,,1.756e-3,,1.488e-18,,6.184e-19,,8.187e-2,,4.420e+0,,5.020e-18,2.484e-16
555.93,1.171e+1,3.733e-3,3.354e-27,1.535e-39,2.651e-34,,,1.443e-13,2.918e-21,,2.071e-15,1.732e-15,1.941e-24,9.614e-18,1.211e-21,4.882e-19,2.415e-20,1.057e-25,,1.734e-7,4.855e-19,1.697e-20,1.167e-17,,1.026e-17,2.600e-19,,2.068e-19,1.595e-20,1.994e+0,4.627e-3,2.544e-29,1.586e-19,1.730e-22,2.451e+0,1.132e-1,8.796e-1,2.445e-17,1.632e+0,1.365e-17,5.088e-2,,7.807e-2,,,1.401e-1,,,1.515e-3,,1.488e-18,,6.184e-19,,8.904e-2,,4.275e+0,,5.019e-18,2.484e-16
555.95,1.190e+1,3.374e-3,3.369e-27,1.536e-39,2.651e-34,,,9.790e-14,2.919e-21,,2.071e-15,2.622e-15,1.941e-24,9.614e-18,1.207e-21,3.829e-19,2.415e-20,1.059e-25,,2.289e-7,4.859e-19,1.948e-20,1.165e-17,,7.376e-18,2.589e-19,,2.069e-19,1.595e-20,2.274e+0,4.052e-3,2.548e-29,1.586e-19,1.729e-22,2.406e+0,9.541e-2,9.541e-1,2.447e-17,1.671e+0,1.364e-17,5.412e-2,,6.810e-2,,,1.473e-1,,,1.303e-3,,1.489e-18,,6.183e-19,,9.660e-2,,4.124e+0,,5.019e-18,2.484e-16
555.98,1.226e+1,2.885e-3,3.391e-27,1.538e-39,2.651e-34,,,5.444e-14,2.921e-21,,2.071e-15,4.861e-15,1.942e-24,9.614e-18,1.201e-21,2.647e-19,2.414e-20,1.062e-25,,3.455e-7,4.864e-19,2.386e-20,1.162e-17,,4.476e-18,2.573e-19,,2.070e-19,1.596e-20,2.757e+0,3.306e-3,2.553e-29,1.586e-19,1.728e-22,2.342e+0,7.352e-2,1.073e+0,2.449e-17,1.732e+0,1.364e-17,6.132e-2,,5.521e-2,,,1.628e-1,,,1.035e-3,,1.489e-18,,6.182e-19,,1.087e-1,,3.890e+0,,5.018e-18,2.484e-16
556,1.257e+1,2.592e-3,3.406e-27,1.539e-39,2.651e-34,,,3.670e-14,2.922e-21,,2.070e-15,7.314e-15,1.943e-24,9.614e-18,1.198e-21,2.063e-19,2.414e-20,1.064e-25,,4.533e-7,4.868e-19,2.722e-20,1.159e-17,,3.198e-18,2.562e-19,,2.071e-19,1.596e-20,3.126e+0,2.880e-3,2.557e-29,1.586e-19,1.728e-22,2.302e+0,6.161e-2,1.158e+0,2.451e-17,1.776e+0,1.363e-17,6.775e-2,,4.786e-2,,,1.763e-1,,,8.849e-4,,1.489e-18,,6.182e-19,,1.172e-1,,3.729e+0,,5.017e-18,2.485e-16
556.03,1.313e+1,2.196e-3,3.428e-27,1.541e-39,2.651e-34,,,2.022e-14,2.924e-21,,2.070e-15,1.343e-14,1.944e-24,9.613e-18,1.192e-21,1.412e-19,2.413e-20,1.067e-25,,6.779e-7,4.874e-19,3.303e-20,1.156e-17,,1.922e-18,2.545e-19,,2.072e-19,1.596e-20,3.758e+0,2.332e-3,2.563e-29,1.586e-19,1.727e-22,2.249e+0,4.704e-2,1.292e+0,2.453e-17,1.845e+0,1.363e-17,8.000e-2,,3.845e-2,,,2.015e-1,,,6.963e-4,,1.489e-18,,6.181e-19,,1.306e-1,,3.484e+0,,5.016e-18,2.485e-16
556.05,1.358e+1,1.961e-3,3.443e-27,1.542e-39,2.650e-34,,,1.355e-14,2.925e-21,,2.070e-15,2.009e-14,1.944e-24,9.613e-18,1.189e-21,1.094e-19,2.413e-20,1.069e-25,,8.838e-7,4.877e-19,3.745e-20,1.154e-17,,1.365e-18,2.534e-19,,2.073e-19,1.596e-20,4.237e+0,2.021e-3,2.567e-29,1.586e-19,1.726e-22,2.219e+0,3.918e-2,1.386e+0,2.454e-17,1.893e+0,1.363e-17,9.004e-2,,3.312e-2,,,2.219e-1,,,5.917e-4,,1.489e-18,,6.181e-19,,1.399e-1,,3.320e+0,,5.015e-18,2.485e-16
556.08,1.439e+1,1.646e-3,3.465e-27,1.544e-39,2.650e-34,,,7.393e-15,2.927e-21,,2.069e-15,3.657e-14,1.945e-24,9.613e-18,1.183e-21,7.421e-20,2.412e-20,1.073e-25,,1.310e-6,4.883e-19,4.502e-20,1.150e-17,,8.129e-19,2.518e-19,,2.074e-19,1.597e-20,5.051e+0,1.626e-3,2.572e-29,1.587e-19,1.726e-22,2.181e+0,2.964e-2,1.533e+0,2.457e-17,1.968e+0,1.362e-17,1.082e-1,,2.636e-2,,,2.579e-1,,,4.613e-4,,1.489e-18,,6.180e-19,,1.545e-1,,3.074e+0,,5.014e-18,2.485e-16
556.1,1.501e+1,1.461e-3,3.480e-27,1.545e-39,2.650e-34,,,4.922e-15,2.928e-21,,2.069e-15,5.434e-14,1.946e-24,9.613e-18,1.179e-21,5.712e-20,2.412e-20,1.075e-25,,1.697e-6,4.886e-19,5.074e-20,1.148e-17,,5.736e-19,2.507e-19,,2.075e-19,1.597e-20,5.663e+0,1.405e-3,2.576e-29,1.587e-19,1.725e-22,2.161e+0,2.454e-2,1.635e+0,2.458e-17,2.020e+0,1.362e-17,1.225e-1,,2.256e-2,,,2.858e-1,,,3.895e-4,,1.490e-18,,6.179e-19,,1.645e-1,,2.910e+0,,5.014e-18,2.486e-16
556.13,1.610e+1,1.215e-3,3.502e-27,1.547e-39,2.650e-34,,,2.661e-15,2.930e-21,,2.069e-15,9.801e-14,1.947e-24,9.613e-18,1.174e-21,3.839e-20,2.411e-20,1.078e-25,,2.492e-6,4.892e-19,6.043e-20,1.144e-17,,3.384e-19,2.491e-19,,2.076e-19,1.597e-20,6.695e+0,1.127e-3,2.582e-29,1.587e-19,1.724e-22,2.142e+0,1.840e-2,1.794e+0,2.460e-17,2.100e+0,1.361e-17,1.476e-1,,1.779e-2,,,3.339e-1,,,3.008e-4,,1.490e-18,,6.179e-19,,1.800e-1,,2.669e+0,,5.013e-18,2.486e-16
556.15,1.693e+1,1.071e-3,3.517e-27,1.548e-39,2.650e-34,,,1.761e-15,2.931e-21,,2.068e-15,1.448e-13,1.947e-24,9.613e-18,1.170e-21,2.936e-20,2.411e-20,1.080e-25,,3.209e-6,4.896e-19,6.769e-20,1.142e-17,,2.373e-19,2.480e-19,,2.077e-19,1.597e-20,7.464e+0,9.736e-4,2.586e-29,1.587e-19,1.724e-22,2.136e+0,1.514e-2,1.903e+0,2.462e-17,2.154e+0,1.361e-17,1.671e-1,,1.514e-2,,,3.703e-1,,,2.525e-4,,1.490e-18,,6.178e-19,,1.905e-1,,2.512e+0,,5.012e-18,2.486e-16
556.18,1.834e+1,8.829e-4,3.539e-27,1.550e-39,2.650e-34,,,9.430e-16,2.933e-21,,2.068e-15,2.587e-13,1.948e-24,9.612e-18,1.165e-21,1.955e-20,2.410e-20,1.083e-25,,4.668e-6,4.901e-19,7.988e-20,1.139e-17,,1.387e-19,2.464e-19,,2.079e-19,1.597e-20,8.751e+0,7.848e-4,2.591e-29,1.587e-19,1.723e-22,2.137e+0,1.125e-2,2.070e+0,2.464e-17,2.236e+0,1.360e-17,2.006e-1,,1.182e-2,,,4.318e-1,,,1.932e-4,,1.490e-18,,6.177e-19,,2.065e-1,,2.283e+0,,5.011e-18,2.487e-16
556.2,1.940e+1,7.737e-4,3.553e-27,1.551e-39,2.650e-34,,,6.200e-16,2.934e-21,,2.068e-15,3.799e-13,1.949e-24,9.612e-18,1.161e-21,1.486e-20,2.410e-20,1.085e-25,,5.975e-6,4.905e-19,8.892e-20,1.136e-17,,9.664e-20,2.453e-19,,2.079e-19,1.597e-20,9.702e+0,6.833e-4,2.595e-29,1.588e-19,1.722e-22,2.145e+0,9.197e-3,2.184e+0,2.465e-17,2.291e+0,1.360e-17,2.262e-1,,9.998e-3,,,4.777e-1,,,1.611e-4,,1.490e-18,,6.177e-19,,2.172e-1,,2.135e+0,,5.010e-18,2.487e-16
556.23,2.117e+1,6.318e-4,3.575e-27,1.553e-39,2.650e-34,,,3.290e-16,2.936e-21,,2.067e-15,6.726e-13,1.950e-24,9.612e-18,1.155e-21,9.803e-21,2.409e-20,1.088e-25,,8.613e-6,4.910e-19,1.040e-19,1.133e-17,,5.596e-20,2.436e-19,,2.081e-19,1.598e-20,1.128e+1,5.629e-4,2.601e-29,1.588e-19,1.722e-22,2.168e+0,6.770e-3,2.356e+0,2.468e-17,2.372e+0,1.359e-17,2.699e-1,,7.737e-3,,,5.541e-1,,,1.221e-4,,1.490e-18,,6.176e-19,,2.333e-1,,1.922e+0,,5.009e-18,2.487e-16
556.25,2.248e+1,5.503e-4,3.590e-27,1.554e-39,2.649e-34,,,2.149e-16,2.937e-21,,2.067e-15,9.815e-13,1.950e-24,9.612e-18,1.152e-21,7.405e-21,2.409e-20,1.091e-25,,1.096e-5,4.914e-19,1.150e-19,1.131e-17,,3.875e-20,2.425e-19,,2.082e-19,1.598e-20,1.244e+1,5.017e-4,2.605e-29,1.588e-19,1.721e-22,2.190e+0,5.503e-3,2.472e+0,2.469e-17,2.425e+0,1.359e-17,3.028e-1,,6.502e-3,,,6.104e-1,,,1.012e-4,,1.490e-18,,6.176e-19,,2.439e-1,,1.787e+0,,5.009e-18,2.487e-16
556.28,2.465e+1,4.452e-4,3.612e-27,1.556e-39,2.649e-34,,,1.130e-16,2.939e-21,,2.066e-15,1.722e-12,1.951e-24,9.612e-18,1.146e-21,4.840e-21,2.408e-20,1.094e-25,,1.565e-5,4.920e-19,1.333e-19,1.127e-17,,2.223e-20,2.409e-19,,2.083e-19,1.598e-20,1.434e+1,4.357e-4,2.611e-29,1.588e-19,1.720e-22,2.234e+0,4.014e-3,2.646e+0,2.471e-17,2.502e+0,1.358e-17,3.582e-1,,4.985e-3,,,7.030e-1,,,7.603e-5,,1.491e-18,,6.175e-19,,2.595e-1,,1.594e+0,,5.008e-18,2.488e-16
556.3,2.623e+1,3.854e-4,3.627e-27,1.557e-39,2.649e-34,,,7.336e-17,2.940e-21,,2.066e-15,2.498e-12,1.952e-24,9.612e-18,1.142e-21,3.633e-21,2.407e-20,1.096e-25,,1.979e-5,4.923e-19,1.465e-19,1.125e-17,,1.530e-20,2.398e-19,,2.084e-19,1.598e-20,1.573e+1,4.075e-4,2.614e-29,1.588e-19,1.720e-22,2.270e+0,3.243e-3,2.761e+0,2.473e-17,2.551e+0,1.358e-17,3.996e-1,,4.163e-3,,,7.705e-1,,,6.263e-5,,1.491e-18,,6.174e-19,,2.696e-1,,1.472e+0,,5.007e-18,2.488e-16
556.33,2.882e+1,3.089e-4,3.649e-27,1.559e-39,2.649e-34,,,3.820e-17,2.942e-21,,2.066e-15,4.342e-12,1.953e-24,9.611e-18,1.137e-21,2.352e-21,2.407e-20,1.099e-25,,2.801e-5,4.929e-19,1.682e-19,1.122e-17,,8.693e-21,2.382e-19,,2.085e-19,1.599e-20,1.799e+1,3.875e-4,2.620e-29,1.588e-19,1.719e-22,2.334e+0,2.344e-3,2.931e+0,2.475e-17,2.619e+0,1.357e-17,4.687e-1,,3.162e-3,,,8.804e-1,,,4.660e-5,,1.491e-18,,6.174e-19,,2.843e-1,,1.301e+0,,5.006e-18,2.488e-16
556.35,3.068e+1,2.657e-4,3.664e-27,1.560e-39,2.649e-34,,,2.465e-17,2.943e-21,,2.065e-15,6.259e-12,1.954e-24,9.611e-18,1.133e-21,1.755e-21,2.406e-20,1.101e-25,,3.520e-5,4.932e-19,1.838e-19,1.119e-17,,5.945e-21,2.371e-19,,2.086e-19,1.599e-20,1.962e+1,3.886e-4,2.624e-29,1.589e-19,1.718e-22,2.382e+0,1.882e-3,3.042e+0,2.476e-17,2.660e+0,1.357e-17,5.198e-1,,2.624e-3,,,9.596e-1,,,3.815e-5,,1.491e-18,,6.173e-19,,2.935e-1,,1.194e+0,,5.005e-18,2.489e-16
556.37,3.266e+1,2.280e-4,3.679e-27,1.561e-39,2.649e-34,,,1.586e-17,2.944e-21,,2.065e-15,9.001e-12,1.954e-24,9.611e-18,1.130e-21,1.306e-21,2.406e-20,1.103e-25,,4.412e-5,4.936e-19,2.004e-19,1.117e-17,,4.056e-21,2.360e-19,,2.087e-19,1.599e-20,2.136e+1,4.012e-4,2.628e-29,1.589e-19,1.718e-22,2.434e+0,1.507e-3,3.150e+0,2.478e-17,2.698e+0,1.357e-17,5.750e-1,,2.173e-3,,,1.044e+0,,,3.115e-5,,1.491e-18,,6.173e-19,,3.024e-1,,1.094e+0,,5.005e-18,2.489e-16
556.4,3.584e+1,1.804e-4,3.701e-27,1.563e-39,2.649e-34,,,8.153e-18,2.946e-21,,2.065e-15,1.545e-11,1.955e-24,9.611e-18,1.124e-21,8.345e-22,2.405e-20,1.106e-25,,6.164e-5,4.942e-19,2.271e-19,1.114e-17,,2.275e-21,2.343e-19,,2.088e-19,1.599e-20,2.415e+1,4.424e-4,2.633e-29,1.589e-19,1.717e-22,2.520e+0,1.076e-3,3.306e+0,2.480e-17,2.748e+0,1.356e-17,6.659e-1,,1.629e-3,,,1.179e+0,,,2.288e-5,,1.491e-18,,6.172e-19,,3.147e-1,,9.541e-1,,5.004e-18,2.489e-16
556.42,3.811e+1,1.539e-4,3.715e-27,1.564e-39,2.649e-34,,,5.215e-18,2.947e-21,,2.064e-15,2.208e-11,1.956e-24,9.611e-18,1.120e-21,6.172e-22,2.405e-20,1.109e-25,,7.681e-5,4.945e-19,2.461e-19,1.111e-17,,1.542e-21,2.333e-19,,2.089e-19,1.599e-20,2.615e+1,4.854e-4,2.637e-29,1.589e-19,1.717e-22,2.581e+0,8.563e-4,3.405e+0,2.482e-17,2.776e+0,1.356e-17,7.322e-1,,1.340e-3,,,1.275e+0,,,1.856e-5,,1.492e-18,,6.171e-19,,3.221e-1,,8.684e-1,,5.003e-18,2.489e-16
556.45,4.172e+1,1.206e-4,3.738e-27,1.566e-39,2.648e-34,,,2.655e-18,2.949e-21,,2.064e-15,3.755e-11,1.957e-24,9.611e-18,1.115e-21,3.907e-22,2.404e-20,1.112e-25,,1.063e-4,4.951e-19,2.763e-19,1.108e-17,,8.568e-22,2.316e-19,,2.090e-19,1.599e-20,2.933e+1,5.751e-4,2.643e-29,1.589e-19,1.716e-22,2.678e+0,6.054e-4,3.546e+0,2.484e-17,2.808e+0,1.355e-17,8.402e-1,,9.955e-4,,,1.427e+0,,,1.351e-5,,1.492e-18,,6.170e-19,,3.321e-1,,7.505e-1,,5.002e-18,2.490e-16
556.47,4.426e+1,1.023e-4,3.752e-27,1.567e-39,2.648e-34,,,1.688e-18,2.950e-21,,2.064e-15,5.334e-11,1.957e-24,9.611e-18,1.111e-21,2.872e-22,2.404e-20,1.114e-25,,1.317e-4,4.955e-19,2.975e-19,1.106e-17,,5.773e-22,2.305e-19,,2.091e-19,1.600e-20,3.158e+1,6.533e-4,2.647e-29,1.589e-19,1.715e-22,2.746e+0,4.791e-4,3.633e+0,2.485e-17,2.823e+0,1.355e-17,9.182e-1,,8.139e-4,,,1.535e+0,,,1.089e-5,,1.492e-18,,6.170e-19,,3.379e-1,,6.788e-1,,5.001e-18,2.490e-16
556.5,4.826e+1,7.943e-5,3.774e-27,1.569e-39,2.648e-34,,,1.688e-18,2.952e-21,,2.063e-15,8.989e-11,1.958e-24,9.610e-18,1.106e-21,1.801e-22,2.403e-20,1.117e-25,,1.806e-4,4.960e-19,3.309e-19,1.102e-17,,3.178e-22,2.289e-19,,2.092e-19,1.600e-20,3.515e+1,8.016e-4,2.652e-29,1.590e-19,1.715e-22,2.849e+0,3.356e-4,3.752e+0,2.488e-17,2.835e+0,1.354e-17,1.044e+0,,5.990e-4,,,1.704e+0,,,7.853e-6,,1.492e-18,,6.169e-19,,3.452e-1,,5.812e-1,,5.000e-18,2.490e-16
556.52,5.105e+1,6.691e-5,3.789e-27,1.570e-39,2.648e-34,,,1.688e-18,2.953e-21,,2.063e-15,1.269e-10,1.959e-24,9.610e-18,1.102e-21,1.315e-22,2.403e-20,1.119e-25,,2.223e-4,4.964e-19,3.542e-19,1.100e-17,,2.127e-22,2.278e-19,,2.093e-19,1.600e-20,3.764e+1,9.237e-4,2.656e-29,1.590e-19,1.714e-22,2.920e+0,2.639e-4,3.824e+0,2.489e-17,2.836e+0,1.354e-17,1.134e+0,,4.867e-4,,,1.823e+0,,,6.294e-6,,1.492e-18,,6.169e-19,,3.491e-1,,5.225e-1,,4.999e-18,2.490e-16
556.55,5.542e+1,5.150e-5,3.811e-27,1.572e-39,2.648e-34,,,1.687e-18,2.955e-21,,2.063e-15,2.119e-10,1.960e-24,9.610e-18,1.096e-21,8.174e-23,2.402e-20,1.122e-25,,3.022e-4,4.969e-19,3.904e-19,1.096e-17,,1.160e-22,2.262e-19,,2.095e-19,1.600e-20,4.156e+1,1.147e-3,2.662e-29,1.590e-19,1.713e-22,3.026e+0,1.832e-4,3.919e+0,2.491e-17,2.827e+0,1.354e-17,1.277e+0,,3.549e-4,,,2.007e+0,,,4.495e-6,,1.492e-18,,6.168e-19,,3.533e-1,,4.432e-1,,4.998e-18,2.491e-16
556.57,5.843e+1,4.311e-5,3.826e-27,1.574e-39,2.648e-34,,,1.687e-18,2.956e-21,,2.062e-15,2.973e-10,1.960e-24,9.610e-18,1.093e-21,5.933e-23,2.402e-20,1.124e-25,,3.697e-4,4.973e-19,4.153e-19,1.094e-17,,7.719e-23,2.251e-19,,2.095e-19,1.600e-20,4.428e+1,1.325e-3,2.666e-29,1.590e-19,1.713e-22,3.096e+0,1.432e-4,3.973e+0,2.493e-17,2.813e+0,1.353e-17,1.379e+0,,2.866e-4,,,2.135e+0,,,3.580e-6,,1.493e-18,,6.167e-19,,3.550e-1,,3.960e-1,,4.998e-18,2.491e-16
556.6,6.308e+1,3.287e-5,3.848e-27,1.575e-39,2.648e-34,,,1.687e-18,2.958e-21,,2.062e-15,4.920e-10,1.961e-24,9.610e-18,1.087e-21,3.652e-23,2.401e-20,1.128e-25,,4.979e-4,4.978e-19,4.536e-19,1.091e-17,,4.170e-23,2.234e-19,,2.097e-19,1.601e-20,4.850e+1,1.644e-3,2.671e-29,1.590e-19,1.712e-22,3.200e+0,9.851e-5,4.039e+0,2.495e-17,2.782e+0,1.353e-17,1.539e+0,,2.070e-4,,,2.332e+0,,,2.533e-6,,1.493e-18,,6.167e-19,,3.560e-1,,3.328e-1,,4.997e-18,2.491e-16
556.62,6.627e+1,2.735e-5,3.863e-27,1.577e-39,2.648e-34,,,1.687e-18,2.959e-21,,2.062e-15,6.861e-10,1.962e-24,9.610e-18,1.083e-21,2.634e-23,2.401e-20,1.130e-25,,6.055e-4,4.982e-19,4.796e-19,1.088e-17,,2.757e-23,2.223e-19,,2.098e-19,1.601e-20,5.140e+1,1.896e-3,2.675e-29,1.590e-19,1.711e-22,3.269e+0,7.653e-5,4.073e+0,2.496e-17,2.753e+0,1.352e-17,1.651e+0,,1.661e-4,,,2.467e+0,,,2.005e-6,,1.493e-18,,6.166e-19,,3.556e-1,,2.955e-1,,4.996e-18,2.492e-16
556.65,7.114e+1,2.066e-5,3.885e-27,1.578e-39,2.648e-34,,,1.687e-18,2.961e-21,,2.061e-15,1.125e-9,1.963e-24,9.609e-18,1.078e-21,1.607e-23,2.400e-20,1.133e-25,,8.081e-4,4.988e-19,5.191e-19,1.085e-17,,1.476e-23,2.207e-19,,2.099e-19,1.601e-20,5.586e+1,2.340e-3,2.681e-29,1.591e-19,1.711e-22,3.369e+0,5.216e-5,4.109e+0,2.499e-17,2.700e+0,1.352e-17,1.826e+0,,1.189e-4,,,2.674e+0,,,1.406e-6,,1.493e-18,,6.165e-19,,3.533e-1,,2.460e-1,,4.995e-18,2.492e-16
556.67,7.443e+1,1.709e-5,3.900e-27,1.580e-39,2.647e-34,,,1.687e-18,2.962e-21,,2.061e-15,1.559e-9,1.964e-24,9.609e-18,1.074e-21,1.152e-23,2.400e-20,1.135e-25,,9.766e-4,4.991e-19,5.455e-19,1.083e-17,,9.696e-24,2.196e-19,,2.100e-19,1.601e-20,5.889e+1,2.686e-3,2.685e-29,1.591e-19,1.710e-22,3.433e+0,4.027e-5,4.122e+0,2.500e-17,2.657e+0,1.351e-17,1.947e+0,,9.481e-5,,,2.815e+0,,,1.106e-6,,1.493e-18,,6.165e-19,,3.507e-1,,2.171e-1,,4.994e-18,2.492e-16
556.7,7.942e+1,1.279e-5,3.922e-27,1.581e-39,2.647e-34,,,1.687e-18,2.964e-21,,2.060e-15,2.533e-9,1.965e-24,9.609e-18,1.069e-21,6.959e-24,2.399e-20,1.138e-25,,1.292e-3,4.997e-19,5.850e-19,1.079e-17,,5.141e-24,2.180e-19,,2.101e-19,1.601e-20,6.350e+1,3.290e-3,2.690e-29,1.591e-19,1.709e-22,3.527e+0,2.720e-5,4.126e+0,2.502e-17,2.584e+0,1.351e-17,2.134e+0,,6.722e-5,,,3.028e+0,,,7.679e-7,,1.493e-18,,6.164e-19,,3.452e-1,,1.791e-1,,4.993e-18,2.492e-16
556.72,8.276e+1,1.051e-5,3.936e-27,1.583e-39,2.647e-34,,,1.687e-18,2.965e-21,,2.060e-15,3.490e-9,1.965e-24,9.609e-18,1.065e-21,4.958e-24,2.399e-20,1.140e-25,,1.552e-3,5.001e-19,6.111e-19,1.077e-17,,3.357e-24,2.169e-19,,2.102e-19,1.602e-20,6.659e+1,3.755e-3,2.694e-29,1.591e-19,1.709e-22,3.587e+0,2.087e-5,4.118e+0,2.504e-17,2.529e+0,1.350e-17,2.261e+0,,5.328e-5,,,3.171e+0,,,6.003e-7,,1.494e-18,,6.164e-19,,3.405e-1,,1.570e-1,,4.993e-18,2.493e-16
556.74,8.609e+1,8.618e-6,3.951e-27,1.584e-39,2.647e-34,,,1.687e-18,2.967e-21,,2.060e-15,4.796e-9,1.966e-24,9.609e-18,1.061e-21,3.524e-24,2.398e-20,1.142e-25,,1.859e-3,5.004e-19,6.368e-19,1.075e-17,,2.187e-24,2.158e-19,,2.103e-19,1.602e-20,6.969e+1,4.277e-3,2.698e-29,1.591e-19,1.708e-22,3.645e+0,1.598e-5,4.101e+0,2.505e-17,2.469e+0,1.350e-17,2.390e+0,,4.213e-5,,,3.315e+0,,,4.682e-7,,1.494e-18,,6.163e-19,,3.351e-1,,1.374e-1,,4.992e-18,2.493e-16
556.77,9.105e+1,6.368e-6,3.973e-27,1.586e-39,2.647e-34,,,1.687e-18,2.968e-21,,2.059e-15,7.691e-9,1.967e-24,9.609e-18,1.056e-21,2.103e-24,2.397e-20,1.146e-25,,2.428e-3,5.010e-19,6.743e-19,1.071e-17,,1.144e-24,2.142e-19,,2.104e-19,1.602e-20,7.433e+1,5.175e-3,2.704e-29,1.591e-19,1.707e-22,3.730e+0,1.065e-5,4.060e+0,2.508e-17,2.372e+0,1.350e-17,2.585e+0,,2.949e-5,,,3.531e+0,,,3.209e-7,,1.494e-18,,6.162e-19,,3.256e-1,,1.119e-1,,4.991e-18,2.493e-16
556.79,9.431e+1,5.188e-6,3.988e-27,1.587e-39,2.647e-34,,,1.687e-18,2.970e-21,,2.059e-15,1.051e-8,1.967e-24,9.608e-18,1.052e-21,1.488e-24,2.397e-20,1.148e-25,,2.892e-3,5.013e-19,6.984e-19,1.069e-17,,7.407e-25,2.131e-19,,2.105e-19,1.602e-20,7.739e+1,5.859e-3,2.708e-29,1.592e-19,1.707e-22,3.785e+0,8.103e-6,4.022e+0,2.509e-17,2.303e+0,1.349e-17,2.716e+0,,2.317e-5,,,3.674e+0,,,2.487e-7,,1.494e-18,,6.162e-19,,3.185e-1,,9.725e-2,,4.990e-18,2.494e-16
556.82,9.910e+1,3.798e-6,4.010e-27,1.589e-39,2.647e-34,,,1.687e-18,2.971e-21,,2.059e-15,1.670e-8,1.968e-24,9.608e-18,1.047e-21,8.837e-25,2.396e-20,1.151e-25,,3.742e-3,5.019e-19,7.329e-19,1.066e-17,,3.839e-25,2.114e-19,,2.106e-19,1.602e-20,8.189e+1,7.025e-3,2.713e-29,1.592e-19,1.706e-22,3.866e+0,5.353e-6,3.952e+0,2.511e-17,2.193e+0,1.349e-17,2.911e+0,,1.607e-5,,,3.888e+0,,,1.689e-7,,1.494e-18,,6.161e-19,,3.066e-1,,7.846e-2,,4.989e-18,2.494e-16
556.84,1.022e+2,3.076e-6,4.025e-27,1.590e-39,2.647e-34,,,1.687e-18,2.972e-21,,2.058e-15,2.267e-8,1.969e-24,9.608e-18,1.043e-21,6.258e-25,2.396e-20,1.153e-25,,4.430e-3,5.023e-19,7.546e-19,1.063e-17,,2.470e-25,2.103e-19,,2.107e-19,1.603e-20,8.482e+1,7.906e-3,2.717e-29,1.592e-19,1.706e-22,3.920e+0,4.048e-6,3.895e+0,2.513e-17,2.116e+0,1.348e-17,3.039e+0,,1.256e-5,,,4.028e+0,,,1.301e-7,,1.494e-18,,6.161e-19,,2.980e-1,,6.779e-2,,4.989e-18,2.494e-16
556.87,1.067e+2,2.231e-6,4.047e-27,1.592e-39,2.646e-34,,,1.687e-18,2.974e-21,,2.058e-15,3.569e-8,1.970e-24,9.608e-18,1.037e-21,3.788e-25,2.395e-20,1.156e-25,,5.682e-3,5.028e-19,7.848e-19,1.060e-17,,1.268e-25,2.087e-19,,2.108e-19,1.603e-20,8.906e+1,9.393e-3,2.723e-29,1.592e-19,1.705e-22,4.002e+0,2.649e-6,3.797e+0,2.515e-17,1.998e+0,1.348e-17,3.227e+0,,8.649e-6,,,4.236e+0,,,8.752e-8,,1.495e-18,,6.160e-19,,2.843e-1,,5.418e-2,,4.988e-18,2.494e-16
556.89,1.095e+2,1.795e-6,4.062e-27,1.593e-39,2.646e-34,,,1.687e-18,2.975e-21,,2.058e-15,4.816e-8,1.970e-24,9.608e-18,1.034e-21,2.783e-25,2.395e-20,1.158e-25,,6.687e-3,5.032e-19,8.033e-19,1.058e-17,,8.109e-26,2.076e-19,,2.109e-19,1.603e-20,9.177e+1,1.051e-2,2.727e-29,1.592e-19,1.704e-22,4.057e+0,1.991e-6,3.723e+0,2.516e-17,1.917e+0,1.347e-17,3.349e+0,,6.733e-6,,,4.373e+0,,,6.699e-8,,1.495e-18,,6.159e-19,,2.746e-1,,4.652e-2,,4.987e-18,2.495e-16
556.92,1.136e+2,1.290e-6,4.084e-27,1.595e-39,2.646e-34,,,1.687e-18,2.977e-21,,2.057e-15,7.514e-8,1.971e-24,9.608e-18,1.028e-21,1.929e-25,2.394e-20,1.162e-25,,8.499e-3,5.037e-19,8.281e-19,1.054e-17,,4.125e-26,2.060e-19,,2.110e-19,1.603e-20,9.561e+1,1.237e-2,2.732e-29,1.593e-19,1.703e-22,4.144e+0,1.291e-6,3.601e+0,2.519e-17,1.793e+0,1.347e-17,3.523e+0,,4.627e-6,,,4.573e+0,,,4.466e-8,,1.495e-18,,6.159e-19,,2.595e-1,,3.684e-2,,4.986e-18,2.495e-16
556.94,1.161e+2,1.032e-6,4.099e-27,1.596e-39,2.646e-34,,,1.687e-18,2.978e-21,,2.057e-15,1.008e-7,1.972e-24,9.608e-18,1.024e-21,1.690e-25,2.394e-20,1.164e-25,,9.943e-3,5.041e-19,8.426e-19,1.052e-17,,2.621e-26,2.049e-19,,2.111e-19,1.603e-20,9.801e+1,1.375e-2,2.736e-29,1.593e-19,1.703e-22,4.205e+0,9.644e-7,3.513e+0,2.520e-17,1.710e+0,1.347e-17,3.634e+0,,3.614e-6,,,4.704e+0,,,3.397e-8,,1.495e-18,,6.158e-19,,2.492e-1,,3.144e-2,,4.985e-18,2.495e-16
556.97,1.196e+2,7.347e-7,4.121e-27,1.598e-39,2.646e-34,,,1.686e-18,2.980e-21,,2.057e-15,1.558e-7,1.973e-24,9.607e-18,1.019e-21,1.752e-25,2.393e-20,1.167e-25,,1.252e-2,5.047e-19,8.612e-19,1.049e-17,,1.321e-26,2.032e-19,,2.113e-19,1.604e-20,1.013e+2,1.604e-2,2.742e-29,1.593e-19,1.702e-22,4.303e+0,6.197e-7,3.372e+0,2.522e-17,1.585e+0,1.346e-17,3.788e+0,,2.532e-6,,,4.896e+0,,,2.243e-8,,1.495e-18,,6.157e-19,,2.333e-1,,2.467e-2,,4.984e-18,2.496e-16
556.99,1.217e+2,5.840e-7,4.135e-27,1.599e-39,2.646e-34,,,1.686e-18,2.981e-21,,2.056e-15,2.077e-7,1.974e-24,9.607e-18,1.015e-21,2.078e-25,2.393e-20,1.169e-25,,1.457e-2,5.050e-19,8.712e-19,1.046e-17,,1.328e-26,2.022e-19,,2.113e-19,1.604e-20,1.033e+2,1.772e-2,2.746e-29,1.593e-19,1.702e-22,4.374e+0,4.601e-7,3.272e+0,2.524e-17,1.503e+0,1.346e-17,3.882e+0,,2.039e-6,,,5.021e+0,,,1.696e-8,,1.495e-18,,6.157e-19,,2.226e-1,,2.092e-2,,4.984e-18,2.496e-16
557.02,1.245e+2,4.120e-7,4.158e-27,1.601e-39,2.646e-34,,,1.686e-18,2.983e-21,,2.056e-15,3.181e-7,1.974e-24,9.607e-18,1.010e-21,3.089e-25,2.392e-20,1.172e-25,,1.819e-2,5.056e-19,8.828e-19,1.043e-17,,1.340e-26,2.005e-19,,2.115e-19,1.604e-20,1.060e+2,2.048e-2,2.751e-29,1.593e-19,1.701e-22,4.490e+0,2.929e-7,3.116e+0,2.526e-17,1.381e+0,1.345e-17,4.010e+0,,1.564e-6,,,5.203e+0,,,1.109e-8,,1.496e-18,,6.156e-19,,2.065e-1,,1.626e-2,,4.983e-18,2.496e-16
557.04,1.261e+2,3.255e-7,4.172e-27,1.602e-39,2.646e-34,,,1.686e-18,2.984e-21,,2.056e-15,4.214e-7,1.975e-24,9.607e-18,1.006e-21,4.228e-25,2.392e-20,1.174e-25,,2.103e-2,5.059e-19,8.881e-19,1.041e-17,,1.347e-26,1.994e-19,,2.116e-19,1.604e-20,1.075e+2,2.249e-2,2.755e-29,1.593e-19,1.700e-22,4.575e+0,2.161e-7,3.009e+0,2.527e-17,1.301e+0,1.345e-17,4.085e+0,,1.397e-6,,,5.322e+0,,,8.335e-9,,1.496e-18,,6.156e-19,,1.958e-1,,1.371e-2,,4.982e-18,2.496e-16
557.07,1.281e+2,2.275e-7,4.194e-27,1.604e-39,2.645e-34,,,1.686e-18,2.986e-21,,2.055e-15,6.397e-7,1.976e-24,9.607e-18,1.001e-21,6.968e-25,2.391e-20,1.177e-25,,2.602e-2,5.065e-19,8.923e-19,1.037e-17,,1.358e-26,1.978e-19,,2.117e-19,1.604e-20,1.094e+2,2.576e-2,2.761e-29,1.594e-19,1.699e-22,4.714e+0,1.363e-7,2.844e+0,2.530e-17,1.185e+0,1.344e-17,4.180e+0,,1.345e-6,,,5.496e+0,,,5.403e-9,,1.496e-18,,6.155e-19,,1.800e-1,,1.056e-2,,4.981e-18,2.497e-16
557.09,1.292e+2,1.786e-7,4.209e-27,1.605e-39,2.645e-34,,,1.686e-18,2.987e-21,,2.055e-15,8.423e-7,1.977e-24,9.607e-18,9.968e-22,9.790e-25,2.391e-20,1.179e-25,,2.991e-2,5.069e-19,8.928e-19,1.035e-17,,1.366e-26,1.967e-19,,2.118e-19,1.605e-20,1.104e+2,2.811e-2,2.765e-29,1.594e-19,1.699e-22,4.816e+0,9.997e-8,2.731e+0,2.531e-17,1.110e+0,1.344e-17,4.232e+0,,1.442e-6,,,5.609e+0,,,4.034e-9,,1.496e-18,,6.154e-19,,1.696e-1,,8.841e-3,,4.980e-18,2.497e-16
557.11,1.300e+2,1.399e-7,4.224e-27,1.606e-39,2.645e-34,,,1.686e-18,2.989e-21,,2.055e-15,1.106e-6,1.977e-24,9.606e-18,9.931e-22,1.377e-24,2.390e-20,1.182e-25,,3.430e-2,5.072e-19,8.912e-19,1.033e-17,,1.373e-26,1.956e-19,,2.119e-19,1.605e-20,1.112e+2,3.061e-2,2.768e-29,1.594e-19,1.698e-22,4.926e+0,7.312e-8,2.618e+0,2.533e-17,1.037e+0,1.343e-17,4.274e+0,,1.654e-6,,,5.720e+0,,,3.004e-9,,1.496e-18,,6.154e-19,,1.595e-1,,7.387e-3,,4.980e-18,2.497e-16
557.14,1.309e+2,9.652e-8,4.246e-27,1.608e-39,2.645e-34,,,1.686e-18,2.990e-21,,2.054e-15,1.658e-6,1.978e-24,9.606e-18,9.876e-22,2.292e-24,2.390e-20,1.185e-25,,4.194e-2,5.078e-19,8.855e-19,1.029e-17,,1.385e-26,1.940e-19,,2.120e-19,1.605e-20,1.120e+2,3.461e-2,2.774e-29,1.594e-19,1.698e-22,5.106e+0,4.554e-8,2.447e+0,2.535e-17,9.321e-1,1.343e-17,4.318e+0,,2.223e-6,,,5.884e+0,,,1.922e-9,,1.496e-18,,6.153e-19,,1.447e-1,,5.616e-3,,4.979e-18,2.497e-16
557.16,1.312e+2,7.513e-8,4.261e-27,1.609e-39,2.645e-34,,,1.686e-18,2.992e-21,,2.054e-15,2.165e-6,1.979e-24,9.606e-18,9.839e-22,3.212e-24,2.389e-20,1.187e-25,,4.783e-2,5.081e-19,8.794e-19,1.027e-17,,1.392e-26,1.929e-19,,2.121e-19,1.605e-20,1.122e+2,3.745e-2,2.778e-29,1.594e-19,1.697e-22,5.237e+0,3.310e-8,2.334e+0,2.536e-17,8.656e-1,1.343e-17,4.334e+0,,2.811e-6,,,5.991e+0,,,1.423e-9,,1.496e-18,,6.153e-19,,1.352e-1,,4.663e-3,,4.978e-18,2.498e-16
557.19,1.312e+2,5.136e-8,4.283e-27,1.611e-39,2.645e-34,,,1.686e-18,2.993e-21,,2.053e-15,3.214e-6,1.980e-24,9.606e-18,9.784e-22,5.307e-24,2.389e-20,1.190e-25,,5.798e-2,5.087e-19,8.670e-19,1.023e-17,,1.403e-26,1.912e-19,,2.122e-19,1.605e-20,1.121e+2,4.196e-2,2.784e-29,1.594e-19,1.696e-22,5.449e+0,2.043e-8,2.165e+0,2.539e-17,7.712e-1,1.342e-17,4.338e+0,,4.109e-6,,,6.150e+0,,,9.017e-10,,1.497e-18,,6.152e-19,,1.215e-1,,3.512e-3,,4.977e-18,2.498e-16
557.21,1.309e+2,3.973e-8,4.298e-27,1.613e-39,2.645e-34,,,1.686e-18,2.995e-21,,2.053e-15,4.170e-6,1.980e-24,9.606e-18,9.747e-22,7.396e-24,2.388e-20,1.192e-25,,6.574e-2,5.091e-19,8.567e-19,1.021e-17,,1.411e-26,1.901e-19,,2.123e-19,1.605e-20,1.117e+2,4.512e-2,2.787e-29,1.595e-19,1.696e-22,5.600e+0,1.476e-8,2.054e+0,2.540e-17,7.119e-1,1.342e-17,4.327e+0,,5.341e-6,,,6.255e+0,,,6.633e-10,,1.497e-18,,6.151e-19,,1.129e-1,,2.898e-3,,4.976e-18,2.498e-16
557.24,1.300e+2,2.691e-8,4.320e-27,1.614e-39,2.645e-34,,,1.686e-18,2.996e-21,,2.053e-15,6.136e-6,1.981e-24,9.606e-18,9.692e-22,1.211e-23,2.387e-20,1.195e-25,,7.904e-2,5.096e-19,8.386e-19,1.018e-17,,1.422e-26,1.885e-19,,2.124e-19,1.606e-20,1.107e+2,5.010e-2,2.793e-29,1.595e-19,1.695e-22,5.844e+0,9.022e-9,1.890e+0,2.542e-17,6.285e-1,1.341e-17,4.291e+0,,7.946e-6,,,6.410e+0,,,4.165e-10,,1.497e-18,,6.151e-19,,1.005e-1,,2.163e-3,,4.975e-18,2.499e-16
557.26,1.292e+2,2.069e-8,4.334e-27,1.616e-39,2.645e-34,,,1.686e-18,2.998e-21,,2.052e-15,7.913e-6,1.982e-24,9.605e-18,9.655e-22,1.678e-23,2.387e-20,1.197e-25,,8.913e-2,5.100e-19,8.248e-19,1.015e-17,,1.430e-26,1.874e-19,,2.125e-19,1.606e-20,1.098e+2,5.356e-2,2.797e-29,1.595e-19,1.694e-22,6.015e+0,6.479e-9,1.784e+0,2.544e-17,5.767e-1,1.341e-17,4.254e+0,,1.036e-5,,,6.512e+0,,,3.045e-10,,1.497e-18,,6.150e-19,,9.277e-2,,1.774e-3,,4.975e-18,2.499e-16
557.29,1.275e+2,1.388e-8,4.356e-27,1.617e-39,2.644e-34,,,1.686e-18,2.999e-21,,2.052e-15,1.154e-5,1.983e-24,9.605e-18,9.599e-22,2.723e-23,2.386e-20,1.201e-25,,1.063e-1,5.105e-19,8.019e-19,1.012e-17,,1.441e-26,1.858e-19,,2.126e-19,1.606e-20,1.080e+2,5.892e-2,2.803e-29,1.595e-19,1.694e-22,6.286e+0,3.924e-9,1.630e+0,2.546e-17,5.046e-1,1.340e-17,4.180e+0,,1.537e-5,,,6.665e+0,,,1.894e-10,,1.497e-18,,6.149e-19,,8.187e-2,,1.311e-3,,4.974e-18,2.499e-16
557.31,1.261e+2,1.061e-8,4.371e-27,1.619e-39,2.644e-34,,,1.686e-18,3.001e-21,,2.052e-15,1.479e-5,1.984e-24,9.605e-18,9.562e-22,3.748e-23,2.386e-20,1.203e-25,,1.192e-1,5.109e-19,7.853e-19,1.010e-17,,1.448e-26,1.847e-19,,2.127e-19,1.606e-20,1.065e+2,6.261e-2,2.806e-29,1.595e-19,1.693e-22,6.475e+0,2.801e-9,1.530e+0,2.547e-17,4.601e-1,1.340e-17,4.119e+0,,1.995e-5,,,6.767e+0,,,1.376e-10,,1.497e-18,,6.149e-19,,7.509e-2,,1.069e-3,,4.973e-18,2.499e-16
557.34,1.237e+2,7.054e-9,4.393e-27,1.620e-39,2.644e-34,,,1.686e-18,3.002e-21,,2.051e-15,2.136e-5,1.984e-24,9.605e-18,9.507e-22,6.027e-23,2.385e-20,1.206e-25,,1.410e-1,5.115e-19,7.589e-19,1.006e-17,,1.460e-26,1.831e-19,,2.128e-19,1.607e-20,1.040e+2,6.827e-2,2.812e-29,1.595e-19,1.692e-22,6.767e+0,1.681e-9,1.387e+0,2.550e-17,3.989e-1,1.339e-17,4.010e+0,,2.939e-5,,,6.918e+0,,,8.481e-11,,1.498e-18,,6.148e-19,,6.565e-2,,7.829e-4,,4.972e-18,2.500e-16
557.36,1.219e+2,5.357e-9,4.408e-27,1.622e-39,2.644e-34,,,1.686e-18,3.004e-21,,2.051e-15,2.721e-5,1.985e-24,9.605e-18,9.470e-22,8.248e-23,2.385e-20,1.208e-25,,1.573e-1,5.118e-19,7.404e-19,1.004e-17,,1.467e-26,1.820e-19,,2.129e-19,1.607e-20,1.020e+2,7.210e-2,2.816e-29,1.596e-19,1.692e-22,6.967e+0,1.192e-9,1.296e+0,2.551e-17,3.616e-1,1.339e-17,3.927e+0,,3.793e-5,,,7.018e+0,,,6.123e-11,,1.498e-18,,6.148e-19,,5.984e-2,,6.342e-4,,4.971e-18,2.500e-16
557.39,1.189e+2,3.529e-9,4.430e-27,1.624e-39,2.644e-34,,,1.685e-18,3.005e-21,,2.050e-15,3.895e-5,1.986e-24,9.605e-18,9.415e-22,1.314e-22,2.384e-20,1.211e-25,,1.847e-1,5.124e-19,7.116e-19,1.001e-17,,1.478e-26,1.803e-19,,2.131e-19,1.607e-20,9.884e+1,7.792e-2,2.822e-29,1.596e-19,1.691e-22,7.272e+0,7.090e-10,1.167e+0,2.553e-17,3.107e-1,1.338e-17,3.788e+0,,5.539e-5,,,7.166e+0,,,3.739e-11,,1.498e-18,,6.147e-19,,5.184e-2,,4.602e-4,,4.970e-18,2.500e-16
557.41,1.167e+2,2.663e-9,4.445e-27,1.625e-39,2.644e-34,,,1.685e-18,3.007e-21,,2.050e-15,4.932e-5,1.987e-24,9.605e-18,9.378e-22,1.787e-22,2.384e-20,1.213e-25,,2.050e-1,5.127e-19,6.920e-19,9.983e-18,,1.486e-26,1.792e-19,,2.131e-19,1.607e-20,9.653e+1,8.181e-2,2.826e-29,1.596e-19,1.691e-22,7.476e+0,4.998e-10,1.085e+0,2.555e-17,2.799e-1,1.338e-17,3.687e+0,,7.107e-5,,,7.264e+0,,,2.683e-11,,1.498e-18,,6.146e-19,,4.696e-2,,3.705e-4,,4.970e-18,2.501e-16
557.44,1.131e+2,1.738e-9,4.467e-27,1.627e-39,2.644e-34,,,1.685e-18,3.008e-21,,2.050e-15,6.995e-5,1.988e-24,9.604e-18,9.323e-22,2.822e-22,2.383e-20,1.217e-25,,2.388e-1,5.133e-19,6.621e-19,9.949e-18,,1.497e-26,1.776e-19,,2.133e-19,1.607e-20,9.284e+1,8.762e-2,2.831e-29,1.596e-19,1.690e-22,7.782e+0,2.944e-10,9.695e-1,2.557e-17,2.383e-1,1.338e-17,3.523e+0,,1.028e-4,,,7.407e+0,,,1.623e-11,,1.498e-18,,6.146e-19,,4.031e-2,,2.664e-4,,4.969e-18,2.501e-16
557.46,1.106e+2,1.304e-9,4.482e-27,1.628e-39,2.644e-34,,,1.685e-18,3.010e-21,,2.049e-15,8.803e-5,1.988e-24,9.604e-18,9.286e-22,3.815e-22,2.383e-20,1.219e-25,,2.638e-1,5.137e-19,6.421e-19,9.926e-18,,1.504e-26,1.765e-19,,2.134e-19,1.607e-20,9.024e+1,9.146e-2,2.835e-29,1.596e-19,1.689e-22,7.983e+0,2.063e-10,8.977e-1,2.558e-17,2.134e-1,1.337e-17,3.408e+0,,1.312e-4,,,7.501e+0,,,1.157e-11,,1.498e-18,,6.145e-19,,3.629e-2,,2.131e-4,,4.968e-18,2.501e-16
557.48,1.081e+2,9.755e-10,4.496e-27,1.629e-39,2.644e-34,,,1.685e-18,3.011e-21,,2.049e-15,1.105e-4,1.989e-24,9.604e-18,9.249e-22,5.144e-22,2.382e-20,1.221e-25,,2.909e-1,5.140e-19,6.222e-19,9.903e-18,,1.512e-26,1.754e-19,,2.134e-19,1.608e-20,8.756e+1,9.524e-2,2.839e-29,1.596e-19,1.689e-22,8.180e+0,1.442e-10,8.299e-1,2.560e-17,1.906e-1,1.337e-17,3.288e+0,,1.669e-4,,,7.592e+0,,,8.232e-12,,1.499e-18,,6.144e-19,,3.259e-2,,1.701e-4,,4.967e-18,2.501e-16
557.51,1.041e+2,6.285e-10,4.519e-27,1.631e-39,2.643e-34,,,1.685e-18,3.013e-21,,2.049e-15,1.547e-4,1.990e-24,9.604e-18,9.194e-22,8.018e-22,2.382e-20,1.224e-25,,3.356e-1,5.146e-19,5.926e-19,9.869e-18,,1.523e-26,1.738e-19,,2.136e-19,1.608e-20,8.343e+1,1.008e-1,2.845e-29,1.597e-19,1.688e-22,8.464e+0,8.385e-11,7.358e-1,2.562e-17,1.602e-1,1.336e-17,3.102e+0,,2.384e-4,,,7.724e+0,,,4.915e-12,,1.499e-18,,6.144e-19,,2.761e-2,,1.207e-4,,4.966e-18,2.502e-16
557.53,1.014e+2,4.674e-10,4.533e-27,1.632e-39,2.643e-34,,,1.685e-18,3.014e-21,,2.048e-15,1.931e-4,1.990e-24,9.604e-18,9.157e-22,1.075e-21,2.381e-20,1.226e-25,,3.684e-1,5.150e-19,5.731e-19,9.846e-18,,1.531e-26,1.727e-19,,2.137e-19,1.608e-20,8.061e+1,1.044e-1,2.848e-29,1.597e-19,1.687e-22,8.645e+0,5.824e-11,6.781e-1,2.564e-17,1.423e-1,1.336e-17,2.975e+0,,3.014e-4,,,7.808e+0,,,3.475e-12,,1.499e-18,,6.143e-19,,2.465e-2,,9.574e-5,,4.966e-18,2.502e-16
557.56,9.724e+1,2.983e-10,4.555e-27,1.634e-39,2.643e-34,,,1.685e-18,3.016e-21,,2.048e-15,2.679e-4,1.991e-24,9.604e-18,9.102e-22,1.660e-21,2.381e-20,1.229e-25,,4.222e-1,5.155e-19,5.447e-19,9.812e-18,,1.542e-26,1.710e-19,,2.138e-19,1.608e-20,7.636e+1,1.095e-1,2.854e-29,1.597e-19,1.687e-22,8.898e+0,3.356e-11,5.992e-1,2.566e-17,1.185e-1,1.335e-17,2.781e+0,,4.267e-4,,,7.926e+0,,,2.055e-12,,1.499e-18,,6.142e-19,,2.069e-2,,6.732e-5,,4.965e-18,2.502e-16
557.58,9.448e+1,2.205e-10,4.570e-27,1.635e-39,2.643e-34,,,1.685e-18,3.017e-21,,2.048e-15,3.322e-4,1.992e-24,9.603e-18,9.065e-22,2.211e-21,2.380e-20,1.231e-25,,4.615e-1,5.159e-19,5.263e-19,9.789e-18,,1.549e-26,1.700e-19,,2.139e-19,1.608e-20,7.353e+1,1.127e-1,2.858e-29,1.597e-19,1.686e-22,9.052e+0,2.317e-11,5.515e-1,2.567e-17,1.046e-1,1.335e-17,2.650e+0,,5.363e-4,,,7.999e+0,,,1.444e-12,,1.499e-18,,6.142e-19,,1.835e-2,,5.307e-5,,4.964e-18,2.502e-16
557.61,9.038e+1,1.394e-10,4.592e-27,1.637e-39,2.643e-34,,,1.685e-18,3.019e-21,,2.047e-15,4.567e-4,1.993e-24,9.603e-18,9.009e-22,3.384e-21,2.380e-20,1.235e-25,,5.257e-1,5.164e-19,4.996e-19,9.755e-18,,1.561e-26,1.683e-19,,2.140e-19,1.609e-20,6.934e+1,1.173e-1,2.864e-29,1.597e-19,1.685e-22,9.261e+0,1.323e-11,4.873e-1,2.570e-17,8.631e-2,1.334e-17,2.455e+0,,7.521e-4,,,8.098e+0,,,8.463e-13,,1.499e-18,,6.141e-19,,1.526e-2,,3.697e-5,,4.963e-18,2.503e-16
557.63,8.770e+1,1.024e-10,4.607e-27,1.638e-39,2.643e-34,,,1.685e-18,3.020e-21,,2.047e-15,5.629e-4,1.994e-24,9.603e-18,8.972e-22,4.481e-21,2.379e-20,1.237e-25,,5.724e-1,5.168e-19,4.825e-19,9.732e-18,,1.568e-26,1.672e-19,,2.141e-19,1.609e-20,6.660e+1,1.202e-1,2.867e-29,1.597e-19,1.685e-22,9.381e+0,9.074e-12,4.493e-1,2.571e-17,7.572e-2,1.334e-17,2.325e+0,,9.396e-4,,,8.157e+0,,,5.908e-13,,1.499e-18,,6.141e-19,,1.346e-2,,2.896e-5,,4.962e-18,2.503e-16
557.66,8.378e+1,6.418e-11,4.629e-27,1.640e-39,2.643e-34,,,1.685e-18,3.022e-21,,2.047e-15,7.668e-4,1.994e-24,9.603e-18,8.917e-22,6.796e-21,2.379e-20,1.240e-25,,6.484e-1,5.173e-19,4.580e-19,9.698e-18,,1.579e-26,1.656e-19,,2.142e-19,1.609e-20,6.263e+1,1.241e-1,2.873e-29,1.598e-19,1.684e-22,9.533e+0,5.132e-12,3.994e-1,2.573e-17,6.193e-2,1.334e-17,2.134e+0,,1.306e-3,,,8.233e+0,,,3.430e-13,,1.500e-18,,6.140e-19,,1.109e-2,,1.999e-5,,4.961e-18,2.503e-16
557.68,8.126e+1,4.685e-11,4.644e-27,1.641e-39,2.643e-34,,,1.685e-18,3.023e-21,,2.046e-15,9.394e-4,1.995e-24,9.603e-18,8.880e-22,8.943e-21,2.378e-20,1.242e-25,,7.033e-1,5.177e-19,4.423e-19,9.675e-18,,1.587e-26,1.645e-19,,2.143e-19,1.609e-20,6.010e+1,1.265e-1,2.877e-29,1.598e-19,1.683e-22,9.613e+0,3.500e-12,3.708e-1,2.575e-17,5.400e-2,1.333e-17,2.009e+0,,1.621e-3,,,8.275e+0,,,2.380e-13,,1.500e-18,,6.139e-19,,9.717e-3,,1.556e-5,,4.961e-18,2.504e-16
557.71,7.767e+1,2.909e-11,4.666e-27,1.643e-39,2.642e-34,,,1.685e-18,3.025e-21,,2.046e-15,1.268e-3,1.996e-24,9.603e-18,8.825e-22,1.344e-20,2.378e-20,1.245e-25,,7.927e-1,5.183e-19,4.200e-19,9.640e-18,,1.598e-26,1.629e-19,,2.144e-19,1.609e-20,5.651e+1,1.296e-1,2.883e-29,1.598e-19,1.683e-22,9.699e+0,1.961e-12,3.345e-1,2.577e-17,4.377e-2,1.333e-17,1.826e+0,,2.233e-3,,,8.323e+0,,,1.369e-13,,1.500e-18,,6.139e-19,,7.933e-3,,1.064e-5,,4.960e-18,2.504e-16
557.73,7.542e+1,2.110e-11,4.681e-27,1.644e-39,2.642e-34,,,1.685e-18,3.026e-21,,2.046e-15,1.544e-3,1.997e-24,9.602e-18,8.788e-22,1.758e-20,2.377e-20,1.247e-25,,8.571e-1,5.186e-19,4.059e-19,9.618e-18,,1.606e-26,1.618e-19,,2.145e-19,1.610e-20,5.428e+1,1.315e-1,2.886e-29,1.598e-19,1.682e-22,9.732e+0,1.329e-12,3.148e-1,2.578e-17,3.794e-2,1.332e-17,1.709e+0,,2.755e-3,,,8.345e+0,,,9.441e-14,,1.500e-18,,6.138e-19,,6.908e-3,,8.233e-6,,4.959e-18,2.504e-16
557.76,7.229e+1,1.298e-11,4.703e-27,1.646e-39,2.642e-34,,,1.685e-18,3.028e-21,,2.045e-15,2.065e-3,1.998e-24,9.602e-18,8.733e-22,2.617e-20,2.376e-20,1.250e-25,,9.616e-1,5.192e-19,3.858e-19,9.583e-18,,1.617e-26,1.601e-19,,2.146e-19,1.610e-20,5.121e+1,1.339e-1,2.892e-29,1.598e-19,1.681e-22,9.746e+0,7.380e-13,2.917e-1,2.581e-17,3.048e-2,1.332e-17,1.539e+0,,3.759e-3,,,8.363e+0,,,5.380e-14,,1.500e-18,,6.137e-19,,5.588e-3,,5.577e-6,,4.958e-18,2.504e-16
557.78,7.039e+1,9.359e-12,4.717e-27,1.647e-39,2.642e-34,,,1.685e-18,3.029e-21,,2.045e-15,2.499e-3,1.998e-24,9.602e-18,8.696e-22,3.403e-20,2.376e-20,1.252e-25,,1.037e+0,5.196e-19,3.731e-19,9.561e-18,,1.624e-26,1.590e-19,,2.147e-19,1.610e-20,4.937e+1,1.352e-1,2.896e-29,1.598e-19,1.681e-22,9.731e+0,4.970e-13,2.806e-1,2.582e-17,2.627e-2,1.331e-17,1.431e+0,,4.611e-3,,,8.363e+0,,,3.687e-14,,1.500e-18,,6.137e-19,,4.836e-3,,4.289e-6,,4.957e-18,2.505e-16
557.81,6.784e+1,5.704e-12,4.740e-27,1.649e-39,2.642e-34,,,1.685e-18,3.030e-21,,2.044e-15,3.312e-3,1.999e-24,9.602e-18,8.641e-22,5.020e-20,2.375e-20,1.256e-25,,1.158e+0,5.201e-19,3.550e-19,9.526e-18,,1.636e-26,1.574e-19,,2.149e-19,1.610e-20,4.694e+1,1.369e-1,2.902e-29,1.599e-19,1.680e-22,9.670e+0,2.734e-13,2.702e-1,2.584e-17,2.093e-2,1.331e-17,1.277e+0,,6.234e-3,,,8.348e+0,,,2.082e-14,,1.501e-18,,6.136e-19,,3.876e-3,,2.878e-6,,4.956e-18,2.505e-16
557.83,6.635e+1,4.088e-12,4.754e-27,1.650e-39,2.642e-34,,,1.684e-18,3.032e-21,,2.044e-15,3.983e-3,2.000e-24,9.602e-18,8.604e-22,6.487e-20,2.375e-20,1.258e-25,,1.246e+0,5.205e-19,3.435e-19,9.504e-18,,1.643e-26,1.563e-19,,2.150e-19,1.610e-20,4.556e+1,1.378e-1,2.905e-29,1.599e-19,1.679e-22,9.605e+0,1.830e-13,2.675e-1,2.586e-17,1.794e-2,1.331e-17,1.181e+0,,7.599e-3,,,8.326e+0,,,1.418e-14,,1.501e-18,,6.136e-19,,3.334e-3,,2.200e-6,,4.956e-18,2.505e-16
557.85,6.505e+1,2.922e-12,4.769e-27,1.652e-39,2.642e-34,,,1.684e-18,3.033e-21,,2.044e-15,4.779e-3,2.000e-24,9.602e-18,8.567e-22,8.361e-20,2.375e-20,1.260e-25,,1.338e+0,5.208e-19,3.325e-19,9.481e-18,,1.651e-26,1.552e-19,,2.150e-19,1.611e-20,4.437e+1,1.385e-1,2.909e-29,1.599e-19,1.679e-22,9.520e+0,1.222e-13,2.680e-1,2.587e-17,1.535e-2,1.330e-17,1.088e+0,,9.241e-3,,,8.296e+0,,,9.630e-15,,1.501e-18,,6.135e-19,,2.860e-3,,1.677e-6,,4.955e-18,2.506e-16
557.88,6.347e+1,1.758e-12,4.791e-27,1.653e-39,2.642e-34,,,1.684e-18,3.035e-21,,2.043e-15,6.253e-3,2.001e-24,9.602e-18,8.512e-22,1.218e-19,2.374e-20,1.263e-25,,1.488e+0,5.214e-19,3.166e-19,9.446e-18,,1.662e-26,1.536e-19,,2.152e-19,1.611e-20,4.299e+1,1.393e-1,2.915e-29,1.599e-19,1.678e-22,9.357e+0,6.635e-14,2.751e-1,2.590e-17,1.212e-2,1.330e-17,9.589e-1,,1.233e-2,,,8.234e+0,,,5.367e-15,,1.501e-18,,6.134e-19,,2.263e-3,,1.111e-6,,4.954e-18,2.506e-16
557.9,6.267e+1,1.249e-12,4.806e-27,1.655e-39,2.641e-34,,,1.684e-18,3.036e-21,,2.043e-15,7.457e-3,2.002e-24,9.601e-18,8.475e-22,1.560e-19,2.373e-20,1.265e-25,,1.595e+0,5.218e-19,3.065e-19,9.424e-18,,1.669e-26,1.525e-19,,2.153e-19,1.611e-20,4.233e+1,1.397e-1,2.919e-29,1.599e-19,1.678e-22,9.226e+0,4.403e-14,2.840e-1,2.591e-17,1.034e-2,1.329e-17,8.786e-1,,1.491e-2,,,8.182e+0,,,3.623e-15,,1.501e-18,,6.134e-19,,1.930e-3,,8.417e-7,,4.953e-18,2.506e-16
557.93,6.186e+1,7.443e-13,4.828e-27,1.656e-39,2.641e-34,,,1.684e-18,3.038e-21,,2.043e-15,9.667e-3,2.003e-24,9.601e-18,8.419e-22,2.252e-19,2.373e-20,1.268e-25,,1.768e+0,5.223e-19,2.919e-19,9.389e-18,,1.680e-26,1.509e-19,,2.154e-19,1.611e-20,4.176e+1,1.401e-1,2.924e-29,1.600e-19,1.677e-22,8.997e+0,2.369e-14,3.035e-1,2.593e-17,8.141e-3,1.329e-17,7.669e-1,,1.972e-2,,,8.089e+0,,,2.000e-15,,1.501e-18,,6.133e-19,,1.512e-3,,5.525e-7,,4.952e-18,2.506e-16
557.95,6.159e+1,5.255e-13,4.843e-27,1.658e-39,2.641e-34,,,1.684e-18,3.039e-21,,2.042e-15,1.146e-2,2.003e-24,9.601e-18,8.382e-22,2.868e-19,2.372e-20,1.270e-25,,1.892e+0,5.227e-19,2.824e-19,9.367e-18,,1.688e-26,1.498e-19,,2.155e-19,1.611e-20,4.165e+1,1.403e-1,2.928e-29,1.600e-19,1.676e-22,8.824e+0,1.562e-14,3.207e-1,2.595e-17,6.952e-3,1.328e-17,6.984e-1,,2.369e-2,,,8.017e+0,,,1.342e-15,,1.502e-18,,6.133e-19,,1.282e-3,,4.160e-7,,4.951e-18,2.507e-16
557.98,6.159e+1,3.104e-13,4.865e-27,1.659e-39,2.641e-34,,,1.684e-18,3.041e-21,,2.042e-15,1.472e-2,2.004e-24,9.601e-18,8.327e-22,4.102e-19,2.372e-20,1.274e-25,,2.092e+0,5.232e-19,2.687e-19,9.332e-18,,1.699e-26,1.481e-19,,2.156e-19,1.612e-20,4.191e+1,1.405e-1,2.934e-29,1.600e-19,1.676e-22,8.538e+0,8.328e-15,3.528e-1,2.597e-17,5.518e-3,1.328e-17,6.040e-1,,3.104e-2,,,7.897e+0,,,7.341e-16,,1.502e-18,,6.132e-19,,9.954e-4,,2.705e-7,,4.950e-18,2.507e-16
558,6.187e+1,2.178e-13,4.880e-27,1.661e-39,2.641e-34,,,1.684e-18,3.042e-21,,2.042e-15,1.734e-2,2.005e-24,9.601e-18,8.290e-22,5.191e-19,2.371e-20,1.276e-25,,2.234e+0,5.236e-19,2.598e-19,9.309e-18,,1.707e-26,1.470e-19,,2.157e-19,1.612e-20,4.237e+1,1.406e-1,2.938e-29,1.600e-19,1.675e-22,8.330e+0,5.458e-15,3.785e-1,2.598e-17,4.764e-3,1.327e-17,5.467e-1,,3.706e-2,,,7.809e+0,,,4.895e-16,,1.502e-18,,6.131e-19,,8.384e-4,,2.024e-7,,4.950e-18,2.507e-16
558.03,6.269e+1,1.274e-13,4.902e-27,1.663e-39,2.641e-34,,,1.684e-18,3.044e-21,,2.041e-15,2.207e-2,2.006e-24,9.601e-18,8.235e-22,7.357e-19,2.371e-20,1.279e-25,,2.463e+0,5.241e-19,2.466e-19,9.275e-18,,1.718e-26,1.454e-19,,2.158e-19,1.612e-20,4.346e+1,1.409e-1,2.943e-29,1.600e-19,1.674e-22,7.997e+0,2.883e-15,4.234e-1,2.601e-17,3.894e-3,1.327e-17,4.685e-1,,4.813e-2,,,7.665e+0,,,2.653e-16,,1.502e-18,,6.131e-19,,6.451e-4,,1.304e-7,,4.949e-18,2.508e-16
558.05,6.351e+1,8.887e-14,4.916e-27,1.664e-39,2.641e-34,,,1.684e-18,3.045e-21,,2.041e-15,2.584e-2,2.007e-24,9.600e-18,8.198e-22,9.254e-19,2.370e-20,1.281e-25,,2.627e+0,5.245e-19,2.381e-19,9.252e-18,,1.725e-26,1.443e-19,,2.159e-19,1.612e-20,4.445e+1,1.412e-1,2.947e-29,1.600e-19,1.674e-22,7.762e+0,1.878e-15,4.576e-1,2.602e-17,3.467e-3,1.327e-17,4.214e-1,,5.711e-2,,,7.564e+0,,,1.758e-16,,1.502e-18,,6.130e-19,,5.400e-4,,9.699e-8,,4.948e-18,2.508e-16
558.08,6.514e+1,5.152e-14,4.939e-27,1.666e-39,2.641e-34,,,1.684e-18,3.047e-21,,2.041e-15,3.259e-2,2.008e-24,9.600e-18,8.143e-22,1.300e-18,2.370e-20,1.284e-25,,2.889e+0,5.251e-19,2.254e-19,9.218e-18,,1.737e-26,1.427e-19,,2.160e-19,1.612e-20,4.633e+1,1.418e-1,2.953e-29,1.601e-19,1.673e-22,7.395e+0,9.825e-16,5.154e-1,2.604e-17,3.029e-3,1.326e-17,3.578e-1,,7.349e-2,,,7.403e+0,,,9.437e-17,,1.502e-18,,6.129e-19,,4.116e-4,,6.191e-8,,4.947e-18,2.508e-16
558.1,6.648e+1,3.571e-14,4.953e-27,1.667e-39,2.641e-34,,,1.684e-18,3.048e-21,,2.040e-15,3.793e-2,2.008e-24,9.600e-18,8.106e-22,1.625e-18,2.369e-20,1.286e-25,,3.075e+0,5.254e-19,2.170e-19,9.195e-18,,1.744e-26,1.416e-19,,2.161e-19,1.613e-20,4.782e+1,1.424e-1,2.957e-29,1.601e-19,1.672e-22,7.142e+0,6.360e-16,5.582e-1,2.606e-17,2.861e-3,1.326e-17,3.198e-1,,8.668e-2,,,7.292e+0,,,6.215e-17,,1.503e-18,,6.129e-19,,3.424e-4,,4.576e-8,,4.946e-18,2.508e-16
558.13,6.886e+1,2.051e-14,4.975e-27,1.669e-39,2.640e-34,,,1.684e-18,3.050e-21,,2.040e-15,4.740e-2,2.009e-24,9.600e-18,8.051e-22,2.261e-18,2.369e-20,1.290e-25,,3.373e+0,5.260e-19,2.046e-19,9.161e-18,,1.755e-26,1.399e-19,,2.162e-19,1.613e-20,5.041e+1,1.435e-1,2.962e-29,1.601e-19,1.672e-22,6.753e+0,3.297e-16,6.289e-1,2.608e-17,2.783e-3,1.325e-17,2.691e-1,,1.105e-1,,,7.120e+0,,,3.306e-17,,1.503e-18,,6.128e-19,,2.586e-4,,2.894e-8,,4.945e-18,2.509e-16
558.15,7.068e+1,1.413e-14,4.990e-27,1.670e-39,2.640e-34,,,1.684e-18,3.051e-21,,2.040e-15,5.482e-2,2.010e-24,9.600e-18,8.014e-22,2.809e-18,2.368e-20,1.292e-25,,3.584e+0,5.264e-19,1.964e-19,9.138e-18,,1.763e-26,1.389e-19,,2.163e-19,1.613e-20,5.235e+1,1.445e-1,2.966e-29,1.601e-19,1.671e-22,6.491e+0,2.034e-16,6.802e-1,2.609e-17,2.843e-3,1.325e-17,2.391e-1,,1.296e-1,,,7.003e+0,,,2.163e-17,,1.503e-18,,6.128e-19,,2.139e-4,,2.125e-8,,4.945e-18,2.509e-16
558.18,7.373e+1,8.040e-15,5.012e-27,1.672e-39,2.640e-34,,,1.684e-18,3.053e-21,,2.039e-15,6.788e-2,2.011e-24,9.600e-18,7.958e-22,3.874e-18,2.368e-20,1.295e-25,,3.920e+0,5.269e-19,1.843e-19,9.104e-18,,1.774e-26,1.372e-19,,2.165e-19,1.613e-20,5.555e+1,1.465e-1,2.972e-29,1.601e-19,1.670e-22,6.094e+0,1.046e-16,7.634e-1,2.612e-17,3.101e-3,1.324e-17,1.993e-1,,1.637e-1,,,6.825e+0,,,1.140e-17,,1.503e-18,,6.127e-19,,1.600e-4,,1.332e-8,,4.944e-18,2.509e-16
558.2,7.596e+1,5.504e-15,5.027e-27,1.673e-39,2.640e-34,,,1.684e-18,3.054e-21,,2.039e-15,7.804e-2,2.011e-24,9.599e-18,7.922e-22,4.784e-18,2.367e-20,1.297e-25,,4.157e+0,5.273e-19,1.763e-19,9.081e-18,,1.782e-26,1.361e-19,,2.165e-19,1.613e-20,5.785e+1,1.480e-1,2.976e-29,1.601e-19,1.670e-22,5.830e+0,6.692e-17,8.229e-1,2.613e-17,3.389e-3,1.324e-17,1.760e-1,,1.907e-1,,,6.705e+0,,,7.414e-18,,1.503e-18,,6.126e-19,,1.315e-4,,9.722e-9,,4.943e-18,2.509e-16
558.23,7.956e+1,3.103e-15,5.049e-27,1.675e-39,2.640e-34,,,1.684e-18,3.056e-21,,2.038e-15,9.575e-2,2.012e-24,9.599e-18,7.866e-22,6.537e-18,2.366e-20,1.300e-25,,4.532e+0,5.278e-19,1.645e-19,9.047e-18,,1.793e-26,1.345e-19,,2.167e-19,1.614e-20,6.152e+1,1.509e-1,2.982e-29,1.602e-19,1.669e-22,5.438e+0,3.409e-17,9.179e-1,2.615e-17,4.008e-3,1.323e-17,1.454e-1,,2.387e-1,,,6.526e+0,,,3.871e-18,,1.503e-18,,6.126e-19,,9.750e-5,,6.035e-9,,4.942e-18,2.510e-16
558.25,8.212e+1,2.111e-15,5.064e-27,1.676e-39,2.640e-34,,,1.684e-18,3.057e-21,,2.038e-15,1.094e-1,2.013e-24,9.599e-18,7.829e-22,8.024e-18,2.366e-20,1.302e-25,,4.795e+0,5.282e-19,1.567e-19,9.024e-18,,1.800e-26,1.334e-19,,2.168e-19,1.614e-20,6.408e+1,1.531e-1,2.985e-29,1.602e-19,1.668e-22,5.181e+0,2.168e-17,9.849e-1,2.617e-17,4.555e-3,1.323e-17,1.276e-1,,2.764e-1,,,6.407e+0,,,2.502e-18,,1.504e-18,,6.125e-19,,7.962e-5,,4.378e-9,,4.941e-18,2.510e-16
558.27,8.478e+1,1.433e-15,5.079e-27,1.677e-39,2.640e-34,,,1.683e-18,3.058e-21,,2.038e-15,1.247e-1,2.013e-24,9.599e-18,7.792e-22,9.826e-18,2.366e-20,1.304e-25,,5.069e+0,5.286e-19,1.491e-19,9.001e-18,,1.808e-26,1.323e-19,,2.168e-19,1.614e-20,6.672e+1,1.555e-1,2.989e-29,1.602e-19,1.668e-22,4.929e+0,2.167e-17,1.055e+0,2.618e-17,5.221e-3,1.323e-17,1.118e-1,,3.193e-1,,,6.288e+0,,,1.613e-18,,1.504e-18,,6.125e-19,,6.487e-5,,3.168e-9,,4.941e-18,2.510e-16
558.3,8.892e+1,7.976e-16,5.101e-27,1.679e-39,2.640e-34,,,1.683e-18,3.060e-21,,2.037e-15,1.510e-1,2.014e-24,9.599e-18,7.737e-22,1.325e-17,2.365e-20,1.308e-25,,5.498e+0,5.291e-19,1.378e-19,8.967e-18,,1.819e-26,1.307e-19,,2.170e-19,1.614e-20,7.078e+1,1.597e-1,2.995e-29,1.602e-19,1.667e-22,4.560e+0,2.165e-17,1.164e+0,2.621e-17,6.470e-3,1.322e-17,9.125e-2,,3.947e-1,,,6.113e+0,,,8.313e-19,,1.504e-18,,6.124e-19,,4.747e-5,,1.941e-9,,4.940e-18,2.511e-16
558.32,9.175e+1,5.380e-16,5.115e-27,1.680e-39,2.639e-34,,,1.683e-18,3.061e-21,,2.037e-15,1.711e-1,2.015e-24,9.599e-18,7.700e-22,1.613e-17,2.365e-20,1.310e-25,,5.797e+0,5.295e-19,1.305e-19,8.944e-18,,1.827e-26,1.296e-19,,2.171e-19,1.614e-20,7.352e+1,1.628e-1,2.999e-29,1.602e-19,1.667e-22,4.324e+0,2.163e-17,1.239e+0,2.622e-17,7.490e-3,1.322e-17,7.949e-2,,4.531e-1,,,5.998e+0,,,5.326e-19,,1.504e-18,,6.123e-19,,3.844e-5,,1.396e-9,,4.939e-18,2.511e-16
558.35,9.607e+1,2.967e-16,5.137e-27,1.682e-39,2.639e-34,,,1.683e-18,3.063e-21,,2.037e-15,2.054e-1,2.016e-24,9.599e-18,7.645e-22,2.156e-17,2.364e-20,1.313e-25,,6.262e+0,5.300e-19,1.198e-19,8.910e-18,,1.838e-26,1.279e-19,,2.172e-19,1.615e-20,7.764e+1,1.679e-1,3.004e-29,1.602e-19,1.666e-22,3.983e+0,2.161e-17,1.356e+0,2.624e-17,9.344e-3,1.321e-17,6.440e-2,,5.549e-1,,,5.828e+0,,,2.719e-19,,1.504e-18,,6.123e-19,,2.787e-5,,8.476e-10,,4.938e-18,2.511e-16
558.37,9.896e+1,1.989e-16,5.152e-27,1.683e-39,4.136e-34,,,1.683e-18,3.064e-21,,2.036e-15,2.312e-1,2.017e-24,9.598e-18,7.608e-22,2.608e-17,2.363e-20,1.315e-25,,6.583e+0,5.304e-19,1.129e-19,8.887e-18,,1.845e-26,1.268e-19,,2.173e-19,1.615e-20,8.035e+1,1.715e-1,3.008e-29,1.603e-19,1.665e-22,3.766e+0,2.160e-17,1.436e+0,2.626e-17,1.083e-2,1.321e-17,5.586e-2,,6.332e-1,,,5.717e+0,,,1.732e-19,,1.504e-18,,6.122e-19,,2.243e-5,,6.058e-10,,4.937e-18,2.511e-16
558.4,1.033e+2,1.087e-16,5.174e-27,1.685e-39,8.079e-34,,,1.683e-18,3.066e-21,,2.036e-15,2.750e-1,2.018e-24,9.598e-18,7.553e-22,3.455e-17,2.363e-20,1.318e-25,,7.080e+0,5.310e-19,1.028e-19,8.853e-18,,1.856e-26,1.252e-19,,2.174e-19,1.615e-20,8.434e+1,1.774e-1,3.014e-29,1.603e-19,1.664e-22,3.459e+0,2.158e-17,1.557e+0,2.628e-17,1.347e-2,1.320e-17,4.503e-2,,7.684e-1,,,5.553e+0,,,1.731e-19,,1.505e-18,,6.121e-19,,1.611e-5,,3.644e-10,,4.936e-18,2.512e-16
558.42,1.061e+2,7.239e-17,5.189e-27,1.686e-39,1.258e-33,,,1.683e-18,3.067e-21,,2.036e-15,3.078e-1,2.018e-24,9.598e-18,7.516e-22,4.154e-17,2.362e-20,1.320e-25,,7.419e+0,5.313e-19,9.636e-20,8.830e-18,,1.864e-26,1.241e-19,,2.175e-19,1.615e-20,8.690e+1,1.815e-1,3.018e-29,1.603e-19,1.664e-22,3.267e+0,2.157e-17,1.639e+0,2.629e-17,1.556e-2,1.320e-17,3.899e-2,,8.715e-1,,,5.446e+0,,,1.730e-19,,1.505e-18,,6.121e-19,,1.289e-5,,2.588e-10,,4.936e-18,2.512e-16
558.45,1.102e+2,3.919e-17,5.211e-27,1.688e-39,2.436e-33,,,1.683e-18,3.069e-21,,2.035e-15,3.627e-1,2.019e-24,9.598e-18,7.461e-22,5.451e-17,2.362e-20,1.323e-25,,7.939e+0,5.319e-19,8.709e-20,8.796e-18,,1.875e-26,1.225e-19,,2.176e-19,1.615e-20,9.056e+1,1.879e-1,3.023e-29,1.603e-19,1.663e-22,2.998e+0,2.155e-17,1.762e+0,2.632e-17,1.924e-2,1.319e-17,3.147e-2,,1.048e+0,,,5.288e+0,,,1.729e-19,,1.505e-18,,6.120e-19,,9.172e-6,,1.542e-10,,4.935e-18,2.512e-16
558.47,1.128e+2,2.595e-17,5.226e-27,1.689e-39,3.771e-33,,,1.683e-18,3.070e-21,,2.035e-15,4.034e-1,2.020e-24,9.598e-18,7.424e-22,6.514e-17,2.361e-20,1.326e-25,,8.292e+0,5.322e-19,8.118e-20,8.773e-18,,1.883e-26,1.214e-19,,2.177e-19,1.615e-20,9.285e+1,1.922e-1,3.027e-29,1.603e-19,1.663e-22,2.831e+0,2.154e-17,1.844e+0,2.633e-17,2.212e-2,1.319e-17,2.737e-2,,1.181e+0,,,5.184e+0,,,1.729e-19,,1.505e-18,,6.120e-19,,7.290e-6,,1.089e-10,,4.934e-18,2.513e-16
558.5,1.165e+2,1.392e-17,5.248e-27,1.691e-39,7.233e-33,,,1.683e-18,3.072e-21,,2.034e-15,4.710e-1,2.021e-24,9.598e-18,7.368e-22,8.471e-17,2.361e-20,1.329e-25,,8.826e+0,5.328e-19,7.277e-20,8.739e-18,,1.894e-26,1.198e-19,,2.178e-19,1.616e-20,9.600e+1,1.988e-1,3.033e-29,1.603e-19,1.662e-22,2.602e+0,2.152e-17,1.964e+0,2.635e-17,2.714e-2,1.318e-17,2.242e-2,,1.407e+0,,,5.030e+0,,,1.728e-19,,1.505e-18,,6.119e-19,,5.141e-6,,6.429e-11,,4.933e-18,2.513e-16
558.52,1.189e+2,9.158e-18,5.263e-27,1.692e-39,1.113e-32,,,1.683e-18,3.073e-21,,2.034e-15,5.207e-1,2.021e-24,9.597e-18,7.332e-22,1.006e-16,2.360e-20,1.331e-25,,9.184e+0,5.332e-19,6.746e-20,8.716e-18,,1.901e-26,1.187e-19,,2.179e-19,1.616e-20,9.789e+1,2.032e-1,3.037e-29,1.604e-19,1.661e-22,2.463e+0,2.151e-17,2.042e+0,2.637e-17,3.103e-2,1.318e-17,1.984e-2,,1.577e+0,,,4.928e+0,,,1.727e-19,,1.505e-18,,6.118e-19,,4.061e-6,,4.510e-11,,4.932e-18,2.513e-16
558.55,1.220e+2,4.866e-18,5.285e-27,1.694e-39,2.116e-32,,,1.683e-18,3.075e-21,,2.034e-15,6.025e-1,2.022e-24,9.597e-18,7.276e-22,1.297e-16,2.360e-20,1.334e-25,,9.722e+0,5.337e-19,5.996e-20,8.682e-18,,1.913e-26,1.170e-19,,2.180e-19,1.616e-20,1.004e+2,2.096e-1,3.042e-29,1.604e-19,1.660e-22,2.275e+0,2.149e-17,2.156e+0,2.639e-17,3.777e-2,1.318e-17,1.694e-2,,1.861e+0,,,4.776e+0,,,1.726e-19,,1.505e-18,,6.117e-19,,2.838e-6,,2.638e-11,,4.931e-18,2.513e-16
558.57,1.239e+2,3.183e-18,5.300e-27,1.695e-39,3.236e-32,,,1.683e-18,3.076e-21,,2.033e-15,6.619e-1,2.023e-24,9.597e-18,7.239e-22,1.531e-16,2.359e-20,1.336e-25,,1.008e+1,5.341e-19,5.527e-20,8.659e-18,,1.920e-26,1.159e-19,,2.181e-19,1.616e-20,1.018e+2,2.138e-1,3.046e-29,1.604e-19,1.660e-22,2.163e+0,2.147e-17,2.228e+0,2.641e-17,4.294e-2,1.317e-17,1.561e-2,,2.073e+0,,,4.675e+0,,,1.726e-19,,1.506e-18,,6.117e-19,,2.228e-6,,1.840e-11,,4.931e-18,2.514e-16
558.6,1.264e+2,1.676e-18,5.322e-27,1.697e-39,6.095e-32,,,1.683e-18,3.078e-21,,2.033e-15,7.589e-1,2.024e-24,9.597e-18,7.184e-22,1.954e-16,2.359e-20,1.339e-25,,1.061e+1,5.346e-19,4.870e-20,8.624e-18,,1.931e-26,1.143e-19,,2.183e-19,1.617e-20,1.035e+2,2.197e-1,3.052e-29,1.604e-19,1.659e-22,2.014e+0,2.146e-17,2.331e+0,2.643e-17,5.183e-2,1.317e-17,1.444e-2,,2.424e+0,,,4.523e+0,,,1.725e-19,,1.506e-18,,6.116e-19,,1.542e-6,,1.066e-11,,4.930e-18,2.514e-16
558.62,1.278e+2,1.089e-18,5.336e-27,1.698e-39,9.267e-32,,,1.683e-18,3.079e-21,,2.033e-15,8.287e-1,2.024e-24,9.597e-18,7.147e-22,2.293e-16,2.358e-20,1.341e-25,,1.095e+1,5.350e-19,4.463e-20,8.602e-18,,1.939e-26,1.132e-19,,2.183e-19,1.617e-20,1.043e+2,2.233e-1,3.056e-29,1.604e-19,1.659e-22,1.928e+0,2.144e-17,2.394e+0,2.644e-17,5.859e-2,1.316e-17,1.421e-2,,2.683e+0,,,4.421e+0,,,1.724e-19,,1.506e-18,,6.116e-19,,1.203e-6,,7.387e-12,,4.929e-18,2.514e-16
558.64,1.290e+2,7.062e-19,5.351e-27,1.700e-39,1.406e-31,,,1.683e-18,3.080e-21,,2.032e-15,9.028e-1,2.025e-24,9.597e-18,7.110e-22,2.684e-16,2.358e-20,1.343e-25,,1.129e+1,5.354e-19,4.081e-20,8.579e-18,,1.946e-26,1.121e-19,,2.184e-19,1.617e-20,1.049e+2,2.267e-1,3.060e-29,1.604e-19,1.658e-22,1.851e+0,2.143e-17,2.454e+0,2.646e-17,6.609e-2,1.316e-17,1.440e-2,,2.963e+0,,,4.318e+0,,,1.724e-19,,1.506e-18,,6.115e-19,,9.364e-7,,5.106e-12,,4.928e-18,2.514e-16
558.67,1.303e+2,3.670e-19,5.373e-27,1.702e-39,2.614e-31,,,1.683e-18,3.082e-21,,2.032e-15,1.022e+0,2.026e-24,9.596e-18,7.055e-22,3.383e-16,2.357e-20,1.347e-25,,1.179e+1,5.359e-19,3.552e-20,8.545e-18,,1.958e-26,1.105e-19,,2.186e-19,1.617e-20,1.053e+2,2.313e-1,3.065e-29,1.605e-19,1.657e-22,1.754e+0,2.141e-17,2.534e+0,2.648e-17,7.884e-2,1.315e-17,1.552e-2,,3.421e+0,,,4.163e+0,,,1.723e-19,,1.506e-18,,6.114e-19,,6.399e-7,,2.921e-12,,4.927e-18,2.515e-16
558.69,1.309e+2,2.365e-19,5.388e-27,1.703e-39,3.941e-31,,,1.682e-18,3.083e-21,,2.032e-15,1.106e+0,2.027e-24,9.596e-18,7.018e-22,3.936e-16,2.357e-20,1.349e-25,,1.210e+1,5.363e-19,3.229e-20,8.522e-18,,1.965e-26,1.094e-19,,2.186e-19,1.617e-20,1.053e+2,2.338e-1,3.069e-29,1.605e-19,1.657e-22,1.700e+0,2.140e-17,2.581e+0,2.649e-17,8.843e-2,1.315e-17,1.683e-2,,3.754e+0,,,4.058e+0,,,1.722e-19,,1.506e-18,,6.114e-19,,4.950e-7,,2.007e-12,,4.927e-18,2.515e-16
558.72,1.314e+2,1.218e-19,5.410e-27,1.705e-39,7.262e-31,,,1.682e-18,3.085e-21,,2.031e-15,1.241e+0,2.027e-24,9.596e-18,6.963e-22,4.916e-16,2.356e-20,1.352e-25,,1.256e+1,5.368e-19,2.786e-20,8.487e-18,,1.976e-26,1.077e-19,,2.188e-19,1.617e-20,1.048e+2,2.370e-1,3.075e-29,1.605e-19,1.656e-22,1.635e+0,2.138e-17,2.641e+0,2.652e-17,1.046e-1,1.315e-17,1.975e-2,,4.296e+0,,,3.898e+0,,,1.722e-19,,1.507e-18,,6.113e-19,,3.351e-7,,1.137e-12,,4.926e-18,2.515e-16
558.74,1.314e+2,7.798e-20,5.425e-27,1.706e-39,1.088e-30,,,1.682e-18,3.086e-21,,2.031e-15,1.335e+0,2.028e-24,9.596e-18,6.926e-22,5.685e-16,2.356e-20,1.354e-25,,1.284e+1,5.372e-19,2.517e-20,8.465e-18,,1.984e-26,1.067e-19,,2.189e-19,1.618e-20,1.041e+2,2.385e-1,3.079e-29,1.605e-19,1.655e-22,1.601e+0,2.137e-17,2.673e+0,2.653e-17,1.167e-1,1.314e-17,2.238e-2,,4.686e+0,,,3.790e+0,,,1.721e-19,,1.507e-18,,6.113e-19,,2.576e-7,,7.764e-13,,4.925e-18,2.516e-16
558.77,1.310e+2,3.978e-20,5.447e-27,1.708e-39,1.987e-30,,,1.682e-18,3.088e-21,,2.031e-15,1.484e+0,2.029e-24,9.596e-18,6.871e-22,7.036e-16,2.355e-20,1.357e-25,,1.324e+1,5.378e-19,2.152e-20,8.430e-18,,1.995e-26,1.050e-19,,2.190e-19,1.618e-20,1.026e+2,2.400e-1,3.084e-29,1.605e-19,1.655e-22,1.564e+0,2.135e-17,2.710e+0,2.655e-17,1.370e-1,1.314e-17,2.748e-2,,5.313e+0,,,3.626e+0,,,1.720e-19,,1.507e-18,,6.112e-19,,1.728e-7,,4.359e-13,,4.924e-18,2.516e-16
558.79,1.304e+2,1.726e-20,5.462e-27,1.709e-39,2.960e-30,,,1.682e-18,3.089e-21,,2.030e-15,1.587e+0,2.030e-24,9.596e-18,6.834e-22,8.086e-16,2.355e-20,1.359e-25,,1.349e+1,5.381e-19,1.933e-20,8.408e-18,,2.003e-26,1.039e-19,,2.191e-19,1.618e-20,1.014e+2,2.404e-1,3.088e-29,1.605e-19,1.654e-22,1.548e+0,2.133e-17,2.727e+0,2.657e-17,1.520e-1,1.313e-17,3.176e-2,,5.759e+0,,,3.515e+0,,,1.720e-19,,1.507e-18,,6.111e-19,,1.320e-7,,2.958e-13,,4.923e-18,2.516e-16
558.82,1.292e+2,8.753e-21,5.484e-27,1.711e-39,5.357e-30,,,1.682e-18,3.091e-21,,2.030e-15,1.747e+0,2.031e-24,9.596e-18,6.778e-22,9.917e-16,2.354e-20,1.363e-25,,1.383e+1,5.387e-19,1.638e-20,8.373e-18,,2.014e-26,1.023e-19,,2.192e-19,1.618e-20,9.906e+1,2.401e-1,3.094e-29,1.606e-19,1.653e-22,1.534e+0,2.132e-17,2.740e+0,2.659e-17,1.769e-1,1.313e-17,3.968e-2,,6.470e+0,,,3.346e+0,,,1.719e-19,,1.507e-18,,6.111e-19,,8.776e-8,,1.645e-13,,4.922e-18,2.516e-16
558.84,1.281e+2,5.550e-21,5.498e-27,1.712e-39,7.930e-30,,,1.682e-18,3.092e-21,,2.030e-15,1.858e+0,2.031e-24,9.595e-18,6.741e-22,1.133e-15,2.354e-20,1.365e-25,,1.404e+1,5.390e-19,1.462e-20,8.351e-18,,2.021e-26,1.012e-19,,2.193e-19,1.618e-20,9.724e+1,2.392e-1,3.098e-29,1.606e-19,1.653e-22,1.532e+0,2.130e-17,2.740e+0,2.660e-17,1.952e-1,1.312e-17,4.611e-2,,6.971e+0,,,3.233e+0,,,1.718e-19,,1.507e-18,,6.110e-19,,6.663e-8,,1.110e-13,,4.922e-18,2.517e-16
558.87,1.261e+2,5.655e-21,5.521e-27,1.714e-39,1.422e-29,,,1.682e-18,3.094e-21,,2.029e-15,2.027e+0,2.032e-24,9.595e-18,6.686e-22,1.377e-15,2.353e-20,1.368e-25,,1.432e+1,5.396e-19,1.228e-20,8.316e-18,,2.033e-26,9.956e-20,,2.194e-19,1.619e-20,9.416e+1,2.369e-1,3.103e-29,1.606e-19,1.652e-22,1.536e+0,2.128e-17,2.727e+0,2.663e-17,2.255e-1,1.312e-17,5.775e-2,,7.761e+0,,,3.061e+0,,,1.717e-19,,1.508e-18,,6.109e-19,,4.388e-8,,6.115e-14,,4.921e-18,2.517e-16
558.89,1.245e+2,5.725e-21,5.535e-27,1.715e-39,2.093e-29,,,1.682e-18,3.095e-21,,2.029e-15,2.141e+0,2.033e-24,9.595e-18,6.649e-22,1.563e-15,2.352e-20,1.370e-25,,1.448e+1,5.400e-19,1.089e-20,8.293e-18,,2.040e-26,9.847e-20,,2.195e-19,1.619e-20,9.187e+1,2.348e-1,3.107e-29,1.606e-19,1.652e-22,1.544e+0,2.127e-17,2.710e+0,2.664e-17,2.476e-1,1.311e-17,6.702e-2,,8.311e+0,,,2.947e+0,,,1.717e-19,,1.508e-18,,6.109e-19,,3.311e-8,,4.098e-14,,4.920e-18,2.517e-16
558.92,1.219e+2,5.830e-21,5.557e-27,1.717e-39,3.719e-29,,,1.682e-18,3.097e-21,,2.028e-15,2.315e+0,2.034e-24,9.595e-18,6.594e-22,1.882e-15,2.352e-20,1.373e-25,,1.468e+1,5.405e-19,9.064e-21,8.259e-18,,2.051e-26,9.683e-20,,2.196e-19,1.619e-20,8.814e+1,2.306e-1,3.113e-29,1.606e-19,1.651e-22,1.562e+0,2.125e-17,2.673e+0,2.666e-17,2.837e-1,1.311e-17,8.358e-2,,9.167e+0,,,2.774e+0,,,1.716e-19,,1.508e-18,,6.108e-19,,2.161e-8,,2.238e-14,,4.919e-18,2.518e-16
558.94,1.200e+2,5.900e-21,5.572e-27,1.718e-39,5.439e-29,,,1.682e-18,3.098e-21,,2.028e-15,2.431e+0,2.034e-24,9.595e-18,6.557e-22,2.124e-15,2.351e-20,1.375e-25,,1.479e+1,5.409e-19,7.994e-21,8.236e-18,,2.059e-26,9.574e-20,,2.197e-19,1.619e-20,8.548e+1,2.272e-1,3.117e-29,1.607e-19,1.650e-22,1.577e+0,2.124e-17,2.641e+0,2.668e-17,3.100e-1,1.311e-17,9.661e-2,,9.757e+0,,,2.659e+0,,,1.715e-19,,1.508e-18,,6.108e-19,,1.620e-8,,1.490e-14,,4.918e-18,2.518e-16
558.97,1.168e+2,6.005e-21,5.594e-27,1.720e-39,9.579e-29,,,1.682e-18,3.100e-21,,2.028e-15,2.604e+0,2.035e-24,9.595e-18,6.502e-22,2.534e-15,2.351e-20,1.378e-25,,1.493e+1,5.414e-19,6.591e-21,8.202e-18,,2.070e-26,9.410e-20,,2.198e-19,1.619e-20,8.126e+1,2.213e-1,3.122e-29,1.607e-19,1.649e-22,1.604e+0,2.122e-17,2.581e+0,2.670e-17,3.526e-1,1.310e-17,1.196e-1,,1.066e+1,,,2.488e+0,,,1.714e-19,,1.508e-18,,6.107e-19,,1.047e-8,,8.063e-15,,4.917e-18,2.518e-16
558.99,1.146e+2,6.075e-21,5.609e-27,1.721e-39,1.393e-28,,,1.682e-18,3.101e-21,,2.027e-15,2.718e+0,2.036e-24,9.594e-18,6.465e-22,2.842e-15,2.350e-20,1.381e-25,,1.499e+1,5.418e-19,5.778e-21,8.179e-18,,2.077e-26,9.301e-20,,2.199e-19,1.620e-20,7.832e+1,2.168e-1,3.126e-29,1.607e-19,1.649e-22,1.623e+0,2.121e-17,2.534e+0,2.672e-17,3.833e-1,1.310e-17,1.375e-1,,1.128e+1,,,2.375e+0,,,1.714e-19,,1.508e-18,,6.106e-19,,7.807e-9,,5.337e-15,,4.917e-18,2.518e-16
559.01,1.123e+2,6.145e-21,5.624e-27,1.722e-39,2.020e-28,,,1.682e-18,3.102e-21,,2.027e-15,2.830e+0,2.037e-24,9.594e-18,6.428e-22,3.180e-15,2.350e-20,1.383e-25,,1.504e+1,5.422e-19,5.053e-21,8.156e-18,,2.085e-26,9.192e-20,,2.200e-19,1.620e-20,7.531e+1,2.119e-1,3.130e-29,1.607e-19,1.648e-22,1.643e+0,2.120e-17,2.482e+0,2.673e-17,4.159e-1,1.309e-17,1.578e-1,,1.190e+1,,,2.263e+0,,,1.713e-19,,1.508e-18,,6.106e-19,,5.805e-9,,3.524e-15,,4.916e-18,2.519e-16
559.04,1.086e+2,6.250e-21,5.646e-27,1.724e-39,3.512e-28,,,1.682e-18,3.104e-21,,2.027e-15,2.993e+0,2.037e-24,9.594e-18,6.373e-22,3.746e-15,2.349e-20,1.386e-25,,1.508e+1,5.427e-19,4.113e-21,8.122e-18,,2.096e-26,9.028e-20,,2.202e-19,1.620e-20,7.068e+1,2.038e-1,3.136e-29,1.607e-19,1.648e-22,1.674e+0,2.118e-17,2.394e+0,2.675e-17,4.684e-1,1.309e-17,1.931e-1,,1.285e+1,,,2.099e+0,,,1.712e-19,,1.509e-18,,6.105e-19,,3.704e-9,,1.882e-15,,4.915e-18,2.519e-16
559.06,1.061e+2,6.319e-21,5.661e-27,1.725e-39,5.062e-28,,,1.682e-18,3.105e-21,,2.026e-15,3.097e+0,2.038e-24,9.594e-18,6.336e-22,4.165e-15,2.349e-20,1.388e-25,,1.509e+1,5.431e-19,3.575e-21,8.099e-18,,2.104e-26,8.919e-20,,2.202e-19,1.620e-20,6.754e+1,1.981e-1,3.139e-29,1.607e-19,1.647e-22,1.695e+0,2.116e-17,2.331e+0,2.677e-17,5.058e-1,1.308e-17,2.202e-1,,1.347e+1,,,1.992e+0,,,1.712e-19,,1.509e-18,,6.105e-19,,2.737e-9,,1.235e-15,,4.914e-18,2.519e-16
559.09,1.023e+2,6.424e-21,5.683e-27,1.727e-39,8.722e-28,,,1.682e-18,3.107e-21,,2.026e-15,3.245e+0,2.039e-24,9.594e-18,6.281e-22,4.862e-15,2.348e-20,1.391e-25,,1.507e+1,5.436e-19,2.883e-21,8.065e-18,,2.115e-26,8.756e-20,,2.204e-19,1.620e-20,6.281e+1,1.888e-1,3.145e-29,1.608e-19,1.646e-22,1.724e+0,2.114e-17,2.228e+0,2.679e-17,5.657e-1,1.308e-17,2.671e-1,,1.441e+1,,,1.835e+0,,,1.711e-19,,1.509e-18,,6.104e-19,,1.730e-9,,6.533e-16,,4.913e-18,2.520e-16
559.11,9.978e+1,6.494e-21,5.697e-27,1.728e-39,1.250e-27,,,1.682e-18,3.108e-21,,2.026e-15,3.338e+0,2.040e-24,9.594e-18,6.244e-22,5.374e-15,2.348e-20,1.393e-25,,1.504e+1,5.440e-19,2.491e-21,8.042e-18,,2.122e-26,8.646e-20,,2.205e-19,1.621e-20,5.966e+1,1.824e-1,3.149e-29,1.608e-19,1.646e-22,1.742e+0,2.113e-17,2.155e+0,2.680e-17,6.082e-1,1.308e-17,3.028e-1,,1.502e+1,,,1.734e+0,,,1.710e-19,,1.509e-18,,6.103e-19,,1.271e-9,,4.260e-16,,4.913e-18,2.520e-16
559.14,9.593e+1,6.599e-21,5.720e-27,1.730e-39,2.134e-27,,,1.681e-18,3.110e-21,,2.025e-15,3.466e+0,2.041e-24,9.593e-18,6.188e-22,6.216e-15,2.347e-20,1.396e-25,,1.497e+1,5.446e-19,1.991e-21,8.008e-18,,2.134e-26,8.483e-20,,2.206e-19,1.621e-20,5.497e+1,1.724e-1,3.155e-29,1.608e-19,1.645e-22,1.766e+0,2.111e-17,2.042e+0,2.683e-17,6.756e-1,1.307e-17,3.639e-1,,1.591e+1,,,1.589e+0,,,1.710e-19,,1.509e-18,,6.103e-19,,7.960e-10,,2.233e-16,,4.912e-18,2.520e-16
559.16,9.337e+1,6.669e-21,5.734e-27,1.731e-39,3.039e-27,,,1.681e-18,3.111e-21,,2.025e-15,3.543e+0,2.041e-24,9.593e-18,6.151e-22,6.828e-15,2.347e-20,1.399e-25,,1.491e+1,5.449e-19,1.709e-21,7.985e-18,,2.141e-26,1.328e-19,,2.207e-19,1.621e-20,5.189e+1,1.655e-1,3.158e-29,1.608e-19,1.644e-22,1.780e+0,2.110e-17,1.963e+0,2.684e-17,7.232e-1,1.307e-17,4.100e-1,,1.648e+1,,,1.496e+0,,,1.709e-19,,1.509e-18,,6.102e-19,,5.810e-10,,1.447e-16,,4.911e-18,2.520e-16
559.19,8.957e+1,6.774e-21,5.756e-27,1.733e-39,5.142e-27,,,1.681e-18,3.113e-21,,2.025e-15,3.645e+0,2.042e-24,9.593e-18,6.096e-22,7.826e-15,2.346e-20,1.402e-25,,1.480e+1,5.455e-19,1.353e-21,7.951e-18,,2.152e-26,2.588e-19,,2.208e-19,1.621e-20,4.738e+1,1.550e-1,3.164e-29,1.608e-19,1.644e-22,1.797e+0,2.108e-17,1.843e+0,2.686e-17,7.983e-1,1.306e-17,4.883e-1,,1.731e+1,,,1.363e+0,,,1.708e-19,,1.510e-18,,6.101e-19,,3.606e-10,,7.516e-17,,4.910e-18,2.521e-16
559.21,8.708e+1,6.844e-21,5.771e-27,1.734e-39,7.280e-27,,,1.681e-18,3.114e-21,,2.024e-15,3.704e+0,2.043e-24,9.593e-18,6.059e-22,8.544e-15,2.346e-20,1.404e-25,,1.471e+1,5.459e-19,1.155e-21,7.928e-18,,2.160e-26,4.027e-19,,2.209e-19,1.621e-20,4.445e+1,1.479e-1,3.168e-29,1.608e-19,1.643e-22,1.805e+0,2.107e-17,1.761e+0,2.688e-17,8.509e-1,1.306e-17,5.469e-1,,1.782e+1,,,1.280e+0,,,1.708e-19,,1.510e-18,,6.101e-19,,2.616e-10,,4.841e-17,,4.909e-18,2.521e-16
559.24,8.342e+1,6.949e-21,5.793e-27,1.736e-39,1.221e-26,,,1.681e-18,3.116e-21,,2.024e-15,3.776e+0,2.044e-24,9.593e-18,6.004e-22,9.704e-15,2.345e-20,1.407e-25,,1.456e+1,5.464e-19,9.062e-22,7.894e-18,,2.171e-26,7.779e-19,,2.210e-19,1.622e-20,4.021e+1,1.372e-1,3.174e-29,1.609e-19,1.642e-22,1.812e+0,2.105e-17,1.638e+0,2.690e-17,9.335e-1,1.305e-17,6.454e-1,,1.854e+1,,,1.162e+0,,,1.707e-19,,1.510e-18,,6.100e-19,,1.608e-10,,2.491e-17,,4.908e-18,2.521e-16
559.26,8.104e+1,7.019e-21,5.808e-27,1.738e-39,1.717e-26,,,1.681e-18,3.117e-21,,2.024e-15,3.813e+0,2.044e-24,9.593e-18,5.967e-22,1.053e-14,2.345e-20,1.409e-25,,1.445e+1,5.468e-19,7.685e-22,7.871e-18,,2.179e-26,1.203e-18,,2.211e-19,1.622e-20,3.750e+1,1.302e-1,3.177e-29,1.609e-19,1.642e-22,1.814e+0,2.104e-17,1.556e+0,2.692e-17,9.911e-1,1.305e-17,7.185e-1,,1.897e+1,,,1.088e+0,,,1.706e-19,,1.510e-18,,6.100e-19,,1.159e-10,,1.594e-17,,4.907e-18,2.521e-16
559.29,7.757e+1,7.124e-21,5.830e-27,1.739e-39,2.853e-26,,,1.681e-18,3.119e-21,,2.023e-15,3.851e+0,2.045e-24,9.593e-18,5.912e-22,1.185e-14,2.344e-20,1.412e-25,,1.428e+1,5.473e-19,5.975e-22,7.837e-18,,2.190e-26,2.303e-18,,2.212e-19,1.622e-20,3.361e+1,1.197e-1,3.183e-29,1.609e-19,1.641e-22,1.810e+0,2.102e-17,1.433e+0,2.694e-17,1.081e+0,1.304e-17,8.401e-1,,1.956e+1,,,9.851e-1,,,1.705e-19,,1.510e-18,,6.099e-19,,7.064e-11,,8.127e-18,,4.906e-18,2.522e-16
559.31,7.534e+1,7.194e-21,5.845e-27,1.741e-39,3.991e-26,,,1.681e-18,3.120e-21,,2.023e-15,3.866e+0,2.046e-24,9.592e-18,5.875e-22,1.278e-14,2.344e-20,1.414e-25,,1.416e+1,5.477e-19,5.036e-22,7.814e-18,,2.197e-26,3.540e-18,,2.213e-19,1.622e-20,3.115e+1,1.128e-1,3.187e-29,1.609e-19,1.640e-22,1.805e+0,2.100e-17,1.353e+0,2.695e-17,1.143e+0,1.304e-17,9.296e-1,,1.989e+1,,,9.218e-1,,,1.705e-19,,1.510e-18,,6.098e-19,,5.061e-11,,5.170e-18,,4.906e-18,2.522e-16
559.34,7.210e+1,7.299e-21,5.867e-27,1.742e-39,6.571e-26,,,1.681e-18,3.122e-21,,2.022e-15,3.869e+0,2.047e-24,9.592e-18,5.820e-22,1.425e-14,2.343e-20,1.418e-25,,1.397e+1,5.482e-19,3.880e-22,7.780e-18,,2.209e-26,6.716e-18,,2.214e-19,1.622e-20,2.767e+1,1.028e-1,3.193e-29,1.609e-19,1.640e-22,1.790e+0,2.099e-17,1.236e+0,2.697e-17,1.240e+0,1.303e-17,1.077e+0,,2.032e+1,,,8.348e-1,,,1.704e-19,,1.511e-18,,6.098e-19,,3.055e-11,,,,4.905e-18,2.522e-16
559.36,7.003e+1,7.369e-21,5.882e-27,1.744e-39,9.134e-26,,,1.681e-18,3.123e-21,,2.022e-15,3.860e+0,2.047e-24,9.592e-18,5.783e-22,1.528e-14,2.342e-20,1.420e-25,,1.383e+1,5.486e-19,3.250e-22,7.757e-18,,2.216e-26,1.026e-17,,2.215e-19,1.623e-20,2.549e+1,9.635e-2,3.197e-29,1.609e-19,1.639e-22,1.777e+0,2.097e-17,1.159e+0,2.699e-17,1.306e+0,1.303e-17,1.185e+0,,2.054e+1,,,7.819e-1,,,1.703e-19,,1.511e-18,,6.097e-19,,2.175e-11,,,,4.904e-18,2.523e-16
559.38,6.802e+1,7.439e-21,5.896e-27,1.745e-39,1.267e-25,,,1.681e-18,3.124e-21,,2.022e-15,3.841e+0,2.048e-24,9.592e-18,5.746e-22,1.634e-14,2.342e-20,1.422e-25,,1.370e+1,5.490e-19,2.716e-22,7.734e-18,,2.224e-26,1.564e-17,,2.216e-19,1.623e-20,2.342e+1,9.007e-2,3.200e-29,1.610e-19,1.639e-22,1.762e+0,2.096e-17,1.085e+0,2.700e-17,1.374e+0,1.303e-17,1.300e+0,,2.072e+1,,,7.332e-1,,,1.703e-19,,1.511e-18,,6.097e-19,,1.545e-11,,,,4.903e-18,2.523e-16
559.41,6.514e+1,7.544e-21,5.918e-27,1.747e-39,2.059e-25,,,1.681e-18,3.126e-21,,2.021e-15,3.795e+0,2.049e-24,9.592e-18,5.691e-22,1.799e-14,2.341e-20,1.425e-25,,1.349e+1,5.495e-19,2.066e-22,7.700e-18,,2.235e-26,2.930e-17,,2.217e-19,1.623e-20,2.054e+1,8.103e-2,3.206e-29,1.610e-19,1.638e-22,1.733e+0,2.094e-17,9.781e-1,2.703e-17,1.479e+0,1.302e-17,1.487e+0,,2.089e+1,,,6.675e-1,,,1.702e-19,,1.511e-18,,6.096e-19,,9.207e-12,,,,4.902e-18,2.523e-16
559.43,6.330e+1,7.614e-21,5.933e-27,1.748e-39,2.839e-25,,,1.681e-18,3.127e-21,,2.021e-15,3.754e+0,2.050e-24,9.592e-18,5.654e-22,1.912e-14,2.341e-20,1.427e-25,,1.335e+1,5.499e-19,1.716e-22,7.677e-18,,2.242e-26,4.438e-17,,2.218e-19,1.623e-20,1.876e+1,7.528e-2,3.210e-29,1.610e-19,1.637e-22,1.711e+0,2.093e-17,9.099e-1,2.704e-17,1.550e+0,1.302e-17,1.621e+0,,2.094e+1,,,6.285e-1,,,1.701e-19,,1.511e-18,,6.095e-19,,6.499e-12,,,,4.902e-18,2.523e-16
559.46,6.065e+1,7.719e-21,5.955e-27,1.750e-39,4.573e-25,,,1.681e-18,3.129e-21,,2.021e-15,3.675e+0,2.051e-24,9.591e-18,5.598e-22,2.086e-14,2.340e-20,1.430e-25,,1.313e+1,5.505e-19,1.293e-22,7.643e-18,,2.253e-26,8.239e-17,,2.220e-19,1.623e-20,1.629e+1,6.711e-2,3.216e-29,1.610e-19,1.637e-22,1.674e+0,2.091e-17,8.126e-1,2.706e-17,1.660e+0,1.301e-17,1.837e+0,,2.092e+1,,,5.770e-1,,,1.701e-19,,1.511e-18,,6.095e-19,,3.837e-12,,,,4.901e-18,2.524e-16
559.48,5.897e+1,7.789e-21,5.970e-27,1.751e-39,6.265e-25,,,1.681e-18,3.130e-21,,2.020e-15,3.613e+0,2.051e-24,9.591e-18,5.561e-22,2.203e-14,2.340e-20,1.432e-25,,1.299e+1,5.508e-19,1.067e-22,7.620e-18,,2.261e-26,1.241e-16,,2.220e-19,1.624e-20,1.479e+1,6.197e-2,3.219e-29,1.610e-19,1.636e-22,1.648e+0,2.090e-17,7.514e-1,2.708e-17,1.734e+0,1.301e-17,1.991e+0,,2.084e+1,,,5.470e-1,,,1.700e-19,,1.512e-18,,6.094e-19,,2.692e-12,,,,4.900e-18,2.524e-16
559.51,5.656e+1,7.893e-21,5.992e-27,1.753e-39,1.000e-24,,,1.681e-18,3.132e-21,,2.020e-15,3.505e+0,2.052e-24,9.591e-18,5.506e-22,2.382e-14,2.339e-20,1.436e-25,,1.277e+1,5.514e-19,7.967e-23,7.586e-18,,2.272e-26,2.282e-16,,2.222e-19,1.624e-20,1.273e+1,5.474e-2,3.225e-29,1.610e-19,1.635e-22,1.604e+0,2.088e-17,6.649e-1,2.710e-17,1.847e+0,1.300e-17,2.237e+0,,2.064e+1,,,5.081e-1,,,1.699e-19,,1.512e-18,,6.093e-19,,1.575e-12,,,,4.899e-18,2.524e-16
559.53,5.502e+1,7.963e-21,6.007e-27,1.754e-39,1.362e-24,,,1.681e-18,3.133e-21,,2.020e-15,3.425e+0,2.053e-24,9.591e-18,5.469e-22,2.501e-14,2.339e-20,1.438e-25,,1.262e+1,5.517e-19,6.537e-23,7.563e-18,,2.280e-26,3.416e-16,,2.223e-19,1.624e-20,1.149e+1,5.024e-2,3.229e-29,1.611e-19,1.635e-22,1.574e+0,2.086e-17,6.110e-1,2.711e-17,1.923e+0,1.300e-17,2.409e+0,,2.043e+1,,,4.860e-1,,,1.699e-19,,1.512e-18,,6.093e-19,,1.098e-12,,,,4.898e-18,2.525e-16
559.56,5.282e+1,8.068e-21,6.029e-27,1.756e-39,2.155e-24,,,1.680e-18,3.135e-21,,2.019e-15,3.292e+0,2.054e-24,9.591e-18,5.414e-22,2.678e-14,2.338e-20,1.441e-25,,1.240e+1,5.523e-19,4.835e-23,7.529e-18,,2.291e-26,6.228e-16,,2.224e-19,1.624e-20,9.798e+0,4.397e-2,3.235e-29,1.611e-19,1.634e-22,1.527e+0,2.085e-17,5.358e-1,2.714e-17,2.038e+0,1.299e-17,2.681e+0,,2.005e+1,,,4.582e-1,,,1.698e-19,,1.512e-18,,6.092e-19,,6.362e-13,,,,4.897e-18,2.525e-16
559.58,5.141e+1,8.138e-21,6.044e-27,1.757e-39,2.917e-24,,,1.680e-18,3.136e-21,,2.019e-15,3.197e+0,2.054e-24,9.591e-18,8.489e-22,2.795e-14,2.338e-20,1.443e-25,,1.225e+1,5.527e-19,3.943e-23,7.506e-18,,2.298e-26,9.266e-16,,2.225e-19,1.624e-20,8.786e+0,4.011e-2,3.238e-29,1.611e-19,1.633e-22,1.495e+0,2.083e-17,4.894e-1,2.715e-17,2.114e+0,1.299e-17,2.871e+0,,1.973e+1,,,4.429e-1,,,1.697e-19,,1.512e-18,,6.091e-19,,4.409e-13,,,,4.897e-18,2.525e-16
559.61,4.939e+1,8.243e-21,6.066e-27,1.759e-39,4.573e-24,,,1.680e-18,3.138e-21,,2.019e-15,3.045e+0,2.055e-24,9.590e-18,1.659e-21,2.967e-14,2.337e-20,1.446e-25,,1.202e+1,5.532e-19,2.890e-23,7.471e-18,,2.310e-26,1.674e-15,,2.226e-19,1.625e-20,7.426e+0,3.478e-2,3.244e-29,1.611e-19,1.633e-22,1.447e+0,2.081e-17,4.252e-1,2.717e-17,2.229e+0,1.299e-17,3.166e+0,,1.918e+1,,,4.242e-1,,,1.696e-19,,1.512e-18,,6.091e-19,,2.532e-13,,,,4.896e-18,2.525e-16
559.63,4.810e+1,8.313e-21,6.081e-27,1.760e-39,6.152e-24,,,1.680e-18,3.139e-21,,2.018e-15,2.939e+0,2.056e-24,9.590e-18,2.586e-21,3.077e-14,2.337e-20,1.448e-25,,1.186e+1,5.536e-19,2.342e-23,7.449e-18,,2.317e-26,2.476e-15,,2.227e-19,1.625e-20,6.618e+0,3.153e-2,3.248e-29,1.611e-19,1.632e-22,1.416e+0,2.080e-17,3.860e-1,2.719e-17,2.305e+0,1.298e-17,3.369e+0,,1.876e+1,,,4.143e-1,,,1.696e-19,,1.513e-18,,6.090e-19,,1.744e-13,,,,4.895e-18,2.526e-16
559.66,4.625e+1,8.418e-21,6.103e-27,1.762e-39,9.557e-24,,,1.680e-18,3.141e-21,,2.018e-15,2.774e+0,2.057e-24,9.590e-18,5.008e-21,3.236e-14,2.336e-20,1.451e-25,,1.163e+1,5.541e-19,1.701e-23,7.414e-18,,2.328e-26,4.432e-15,,2.228e-19,1.625e-20,5.544e+0,2.710e-2,3.254e-29,1.612e-19,1.631e-22,1.371e+0,2.078e-17,3.323e-1,2.721e-17,2.418e+0,1.298e-17,3.682e+0,,1.807e+1,,,4.029e-1,,,1.695e-19,,1.513e-18,,6.089e-19,,9.931e-14,,,,4.894e-18,2.526e-16
559.68,4.506e+1,8.488e-21,6.117e-27,1.763e-39,1.278e-23,,,1.680e-18,3.142e-21,,2.018e-15,2.661e+0,2.057e-24,9.590e-18,7.758e-21,3.336e-14,2.336e-20,1.454e-25,,1.147e+1,5.545e-19,1.370e-23,7.392e-18,,2.336e-26,6.515e-15,,2.229e-19,1.625e-20,4.911e+0,2.442e-2,3.257e-29,1.612e-19,1.631e-22,1.343e+0,2.077e-17,2.998e-1,2.723e-17,2.492e+0,1.297e-17,3.894e+0,,1.757e+1,,,3.972e-1,,,1.694e-19,,1.513e-18,,6.089e-19,,6.808e-14,,,,4.893e-18,2.526e-16
559.71,4.335e+1,8.593e-21,6.139e-27,1.765e-39,1.968e-23,,,1.680e-18,3.144e-21,,2.017e-15,2.489e+0,2.058e-24,9.590e-18,1.489e-20,3.477e-14,2.335e-20,1.457e-25,,1.123e+1,5.550e-19,9.858e-24,7.357e-18,,2.347e-26,1.156e-14,,2.230e-19,1.625e-20,4.077e+0,2.079e-2,3.263e-29,1.612e-19,1.630e-22,1.304e+0,2.075e-17,2.557e-1,2.725e-17,2.600e+0,1.297e-17,4.217e+0,,1.676e+1,,,3.911e-1,,,1.693e-19,,1.513e-18,,6.088e-19,,3.863e-14,,,,4.892e-18,2.527e-16
559.73,4.225e+1,8.663e-21,6.154e-27,1.766e-39,2.615e-23,,,1.680e-18,3.145e-21,,2.017e-15,2.373e+0,2.059e-24,9.590e-18,2.293e-20,3.563e-14,2.335e-20,1.459e-25,,1.107e+1,5.554e-19,7.891e-24,7.334e-18,,2.355e-26,1.689e-14,,2.231e-19,1.626e-20,3.591e+0,1.862e-2,3.267e-29,1.612e-19,1.629e-22,1.280e+0,2.074e-17,2.293e-1,2.726e-17,2.670e+0,1.296e-17,4.433e+0,,1.620e+1,,,3.884e-1,,,1.693e-19,,1.513e-18,,6.088e-19,,2.659e-14,,,,4.892e-18,2.527e-16
559.75,4.118e+1,8.733e-21,6.169e-27,1.767e-39,3.468e-23,,,1.680e-18,3.146e-21,,2.017e-15,2.257e+0,2.060e-24,9.590e-18,3.522e-20,3.642e-14,2.334e-20,1.461e-25,,1.090e+1,5.558e-19,6.302e-24,7.312e-18,,2.362e-26,2.462e-14,,2.232e-19,1.626e-20,3.156e+0,1.663e-2,3.271e-29,1.612e-19,1.629e-22,1.260e+0,2.072e-17,2.051e-1,2.728e-17,2.737e+0,1.296e-17,4.649e+0,,1.562e+1,,,3.865e-1,,,1.692e-19,,1.513e-18,,6.087e-19,,1.850e-14,,,,4.891e-18,2.527e-16
559.78,3.964e+1,8.838e-21,6.191e-27,1.769e-39,5.271e-23,,,1.680e-18,3.148e-21,,2.016e-15,2.084e+0,2.061e-24,9.589e-18,6.675e-20,3.746e-14,2.334e-20,1.464e-25,,1.064e+1,5.563e-19,4.476e-24,7.277e-18,,2.373e-26,4.312e-14,,2.233e-19,1.626e-20,2.590e+0,1.398e-2,3.276e-29,1.612e-19,1.628e-22,1.235e+0,2.071e-17,1.727e-1,2.730e-17,2.834e+0,1.296e-17,4.970e+0,,1.471e+1,,,3.850e-1,,,1.691e-19,,1.514e-18,,6.086e-19,,1.137e-14,,,,4.890e-18,2.527e-16
559.8,3.865e+1,8.908e-21,6.206e-27,1.770e-39,6.948e-23,,,1.680e-18,3.149e-21,,2.016e-15,1.970e+0,2.061e-24,9.589e-18,1.019e-19,3.806e-14,2.333e-20,1.466e-25,,1.047e+1,5.567e-19,3.553e-24,7.255e-18,,2.381e-26,6.247e-14,,2.234e-19,1.626e-20,2.265e+0,1.242e-2,3.280e-29,1.612e-19,1.628e-22,1.222e+0,2.069e-17,1.536e-1,2.731e-17,2.895e+0,1.295e-17,5.180e+0,,1.410e+1,,,3.845e-1,,,1.691e-19,,1.514e-18,,6.086e-19,,8.944e-15,,,,4.889e-18,2.528e-16
559.83,3.721e+1,9.013e-21,6.228e-27,1.772e-39,1.046e-22,,,1.680e-18,3.151e-21,,2.015e-15,1.802e+0,2.062e-24,9.589e-18,1.914e-19,3.880e-14,2.333e-20,1.469e-25,,1.020e+1,5.573e-19,2.500e-24,7.220e-18,,2.392e-26,1.085e-13,,2.235e-19,1.626e-20,1.846e+0,1.034e-2,3.286e-29,1.613e-19,1.627e-22,1.210e+0,2.067e-17,1.281e-1,2.734e-17,2.981e+0,1.295e-17,5.488e+0,,1.316e+1,,,3.843e-1,,,1.690e-19,,1.514e-18,,6.085e-19,,7.883e-15,,,,4.888e-18,2.528e-16
559.85,3.629e+1,9.083e-21,6.243e-27,1.773e-39,1.371e-22,,,1.680e-18,3.152e-21,,2.015e-15,1.693e+0,2.063e-24,9.589e-18,2.905e-19,3.918e-14,2.332e-20,1.472e-25,,1.002e+1,5.576e-19,1.972e-24,7.198e-18,,2.400e-26,1.562e-13,,2.236e-19,1.626e-20,1.609e+0,9.126e-3,3.290e-29,1.613e-19,1.626e-22,1.207e+0,2.066e-17,1.132e-1,2.735e-17,3.033e+0,1.294e-17,5.685e+0,,1.253e+1,,,3.844e-1,,,1.689e-19,,1.514e-18,,6.085e-19,,8.747e-15,,,,4.888e-18,2.528e-16
559.88,3.495e+1,9.188e-21,6.265e-27,1.775e-39,2.046e-22,,,1.680e-18,3.154e-21,,2.015e-15,1.535e+0,2.064e-24,9.589e-18,5.408e-19,3.958e-14,2.331e-20,1.475e-25,,9.746e+0,5.582e-19,1.375e-24,7.163e-18,,2.411e-26,2.687e-13,,2.238e-19,1.627e-20,1.307e+0,7.531e-3,3.295e-29,1.613e-19,1.625e-22,1.211e+0,2.064e-17,9.362e-2,2.737e-17,3.104e+0,1.294e-17,5.967e+0,,1.159e+1,,,3.843e-1,,,1.689e-19,,1.514e-18,,6.084e-19,,1.273e-14,,,,4.887e-18,2.528e-16
559.9,3.408e+1,9.258e-21,6.279e-27,1.777e-39,2.665e-22,,,1.680e-18,3.155e-21,,2.014e-15,1.433e+0,2.064e-24,9.589e-18,8.158e-19,3.972e-14,2.331e-20,1.477e-25,,9.558e+0,5.585e-19,1.078e-24,7.140e-18,,2.418e-26,3.846e-13,,2.238e-19,1.627e-20,1.139e+0,6.606e-3,3.299e-29,1.613e-19,1.625e-22,1.219e+0,2.063e-17,8.221e-2,2.739e-17,3.146e+0,1.293e-17,6.145e+0,,1.097e+1,,,3.840e-1,,,1.688e-19,,1.514e-18,,6.083e-19,,1.775e-14,,,,4.886e-18,2.529e-16
559.93,3.283e+1,9.363e-21,6.302e-27,1.778e-39,3.941e-22,,,1.680e-18,3.157e-21,,2.014e-15,1.288e+0,2.065e-24,9.588e-18,1.505e-18,3.976e-14,2.330e-20,1.480e-25,,9.268e+0,5.591e-19,7.451e-25,7.106e-18,,2.430e-26,6.557e-13,,2.240e-19,1.627e-20,9.297e-1,5.402e-3,3.305e-29,1.613e-19,1.624e-22,1.239e+0,2.061e-17,6.735e-2,2.741e-17,3.200e+0,1.293e-17,6.391e+0,,1.006e+1,,,3.829e-1,,,1.687e-19,,1.514e-18,,6.083e-19,,3.071e-14,,,,4.885e-18,2.529e-16
559.95,3.202e+1,9.432e-21,6.316e-27,1.780e-39,5.101e-22,,,1.680e-18,3.158e-21,,2.014e-15,1.195e+0,2.066e-24,9.588e-18,2.256e-18,3.966e-14,2.330e-20,1.482e-25,,9.071e+0,5.595e-19,5.805e-25,7.083e-18,,2.437e-26,9.329e-13,,2.241e-19,1.627e-20,8.161e-1,4.709e-3,3.309e-29,1.614e-19,1.624e-22,1.259e+0,2.060e-17,5.879e-2,2.742e-17,3.230e+0,1.292e-17,6.541e+0,,9.460e+0,,,3.817e-1,,,1.687e-19,,1.515e-18,,6.082e-19,,4.479e-14,,,,4.884e-18,2.529e-16
559.98,3.084e+1,9.537e-21,6.338e-27,1.781e-39,7.477e-22,,,1.679e-18,3.160e-21,,2.013e-15,1.064e+0,2.067e-24,9.588e-18,4.125e-18,3.934e-14,2.329e-20,1.485e-25,,8.770e+0,5.600e-19,3.975e-25,7.049e-18,,2.448e-26,1.576e-12,,2.242e-19,1.627e-20,6.805e-1,3.816e-3,3.314e-29,1.614e-19,1.623e-22,1.298e+0,2.058e-17,4.772e-2,2.745e-17,3.264e+0,1.292e-17,6.741e+0,,8.592e+0,,,3.790e-1,,,1.686e-19,,1.515e-18,,6.081e-19,,7.916e-14,,,,4.883e-18,2.530e-16
560,3.008e+1,9.607e-21,6.353e-27,1.783e-39,9.619e-22,,,1.679e-18,3.161e-21,,2.013e-15,9.811e-1,2.067e-24,9.588e-18,6.148e-18,3.900e-14,2.329e-20,1.487e-25,,8.566e+0,5.604e-19,3.078e-25,7.026e-18,,2.456e-26,2.229e-12,,2.243e-19,1.628e-20,6.111e-1,3.306e-3,3.318e-29,1.614e-19,1.622e-22,1.330e+0,2.057e-17,4.140e-2,2.746e-17,3.280e+0,1.292e-17,6.857e+0,,8.033e+0,,,3.765e-1,,,1.685e-19,,1.515e-18,,6.081e-19,,1.156e-13,,,,4.883e-18,2.530e-16
560.03,2.898e+1,9.712e-21,6.375e-27,1.784e-39,1.397e-21,,,1.679e-18,3.163e-21,,2.012e-15,8.653e-1,2.068e-24,9.588e-18,1.114e-17,3.833e-14,2.328e-20,1.491e-25,,8.255e+0,5.609e-19,2.088e-25,6.992e-18,,2.467e-26,3.732e-12,,2.244e-19,1.628e-20,5.360e-1,2.654e-3,3.324e-29,1.614e-19,1.621e-22,1.387e+0,2.055e-17,3.330e-2,2.748e-17,3.293e+0,1.291e-17,7.003e+0,,7.230e+0,,,3.716e-1,,,1.684e-19,,1.515e-18,,6.080e-19,,2.034e-13,,,,4.882e-18,2.530e-16
560.05,2.826e+1,9.782e-21,6.390e-27,1.786e-39,1.787e-21,,,1.679e-18,3.164e-21,,2.012e-15,7.934e-1,2.069e-24,9.588e-18,1.650e-17,3.777e-14,2.328e-20,1.493e-25,,8.044e+0,5.613e-19,1.607e-25,6.969e-18,,2.474e-26,5.246e-12,,2.245e-19,1.628e-20,5.040e-1,2.286e-3,3.328e-29,1.614e-19,1.621e-22,1.431e+0,2.053e-17,2.871e-2,2.750e-17,3.294e+0,1.291e-17,7.080e+0,,6.718e+0,,,3.676e-1,,,1.684e-19,,1.515e-18,,6.080e-19,,2.956e-13,,,,4.881e-18,2.530e-16
560.08,2.723e+1,9.887e-21,6.412e-27,1.787e-39,2.572e-21,,,1.679e-18,3.166e-21,,2.012e-15,6.933e-1,2.070e-24,9.587e-18,2.962e-17,3.679e-14,2.327e-20,1.496e-25,,7.723e+0,5.619e-19,1.080e-25,6.935e-18,,2.486e-26,8.704e-12,,2.246e-19,1.628e-20,4.821e-1,1.818e-3,3.333e-29,1.614e-19,1.620e-22,1.505e+0,2.052e-17,2.288e-2,2.752e-17,3.284e+0,1.290e-17,7.165e+0,,5.991e+0,,,3.603e-1,,,1.683e-19,,1.515e-18,,6.079e-19,,5.156e-13,,,,4.880e-18,2.531e-16
560.1,2.656e+1,9.957e-21,6.427e-27,1.789e-39,3.269e-21,,,1.679e-18,3.167e-21,,2.011e-15,6.318e-1,2.070e-24,9.587e-18,4.362e-17,3.603e-14,2.327e-20,1.498e-25,,7.507e+0,5.622e-19,8.261e-26,6.912e-18,,2.493e-26,1.216e-11,,2.247e-19,1.628e-20,4.846e-1,1.556e-3,3.337e-29,1.615e-19,1.620e-22,1.559e+0,2.050e-17,1.961e-2,2.754e-17,3.269e+0,1.290e-17,7.200e+0,,5.533e+0,,,3.546e-1,,,1.682e-19,,1.516e-18,,6.078e-19,,7.449e-13,,,,4.879e-18,2.531e-16
560.13,2.560e+1,1.006e-20,6.449e-27,1.791e-39,4.662e-21,,,1.679e-18,3.169e-21,,2.011e-15,5.472e-1,2.071e-24,9.587e-18,7.760e-17,3.477e-14,2.326e-20,1.501e-25,,7.180e+0,5.628e-19,5.502e-26,6.878e-18,,2.504e-26,2.000e-11,,2.248e-19,1.629e-20,5.143e-1,1.227e-3,3.343e-29,1.615e-19,1.619e-22,1.648e+0,2.048e-17,1.548e-2,2.756e-17,3.236e+0,1.289e-17,7.220e+0,,4.889e+0,,,3.450e-1,,,1.681e-19,,1.516e-18,,6.078e-19,,1.288e-12,,,,4.878e-18,2.531e-16
560.15,2.498e+1,1.013e-20,6.464e-27,1.792e-39,5.890e-21,,,1.679e-18,3.170e-21,,2.011e-15,4.956e-1,2.072e-24,9.587e-18,1.136e-16,3.385e-14,2.326e-20,1.503e-25,,6.961e+0,5.631e-19,4.183e-26,6.855e-18,,2.512e-26,2.777e-11,,2.249e-19,1.629e-20,5.521e-1,1.043e-3,3.347e-29,1.615e-19,1.618e-22,1.711e+0,2.047e-17,1.319e-2,2.757e-17,3.206e+0,1.289e-17,7.211e+0,,4.488e+0,,,3.378e-1,,,1.681e-19,,1.516e-18,,6.077e-19,,1.849e-12,,,,4.878e-18,2.532e-16
560.17,2.438e+1,1.020e-20,6.478e-27,1.793e-39,7.423e-21,,,1.679e-18,3.172e-21,,2.010e-15,4.478e-1,2.073e-24,9.587e-18,1.659e-16,3.287e-14,2.325e-20,1.505e-25,,6.740e+0,5.635e-19,3.172e-26,6.832e-18,,2.519e-26,3.848e-11,,2.250e-19,1.629e-20,6.052e-1,8.855e-4,3.351e-29,1.615e-19,1.618e-22,1.778e+0,2.046e-17,1.121e-2,2.759e-17,3.170e+0,1.289e-17,7.185e+0,,4.110e+0,,,3.300e-1,,,1.680e-19,,1.516e-18,,6.077e-19,,2.650e-12,,,,4.877e-18,2.532e-16
560.2,2.352e+1,1.031e-20,6.501e-27,1.795e-39,1.045e-20,,,1.679e-18,3.173e-21,,2.010e-15,3.829e-1,2.074e-24,9.587e-18,2.914e-16,3.131e-14,2.325e-20,1.509e-25,,6.408e+0,5.641e-19,2.085e-26,6.798e-18,,2.531e-26,6.246e-11,,2.251e-19,1.629e-20,7.158e-1,6.890e-4,3.356e-29,1.615e-19,1.617e-22,1.882e+0,2.044e-17,8.735e-3,2.761e-17,3.106e+0,1.288e-17,7.113e+0,,3.586e+0,,,3.173e-1,,,1.679e-19,,1.516e-18,,6.076e-19,,4.523e-12,,,,4.876e-18,2.532e-16
560.22,2.298e+1,1.038e-20,6.515e-27,1.796e-39,1.309e-20,,,1.679e-18,3.175e-21,,2.010e-15,3.439e-1,2.074e-24,9.587e-18,4.229e-16,3.022e-14,2.324e-20,1.511e-25,,6.187e+0,5.644e-19,1.572e-26,6.775e-18,,2.538e-26,8.602e-11,,2.252e-19,1.629e-20,8.124e-1,5.811e-4,3.360e-29,1.615e-19,1.616e-22,1.954e+0,2.043e-17,7.377e-3,2.762e-17,3.055e+0,1.288e-17,7.044e+0,,3.264e+0,,,3.083e-1,,,1.679e-19,,1.516e-18,,6.075e-19,,6.441e-12,,,,4.875e-18,2.532e-16
560.25,2.221e+1,1.048e-20,6.537e-27,1.798e-39,1.828e-20,,,1.679e-18,3.176e-21,,2.009e-15,2.915e-1,2.075e-24,9.586e-18,7.362e-16,2.853e-14,2.324e-20,1.514e-25,,5.856e+0,5.650e-19,1.024e-26,6.741e-18,,2.549e-26,1.384e-10,,2.253e-19,1.630e-20,9.956e-1,4.481e-4,3.366e-29,1.616e-19,1.616e-22,2.065e+0,2.041e-17,5.698e-3,2.765e-17,2.970e+0,1.287e-17,6.910e+0,,2.821e+0,,,2.939e-1,,,3.282e-19,,1.517e-18,,6.075e-19,,1.090e-11,,,,4.874e-18,2.533e-16
560.27,2.173e+1,1.055e-20,6.552e-27,1.799e-39,2.275e-20,,,1.679e-18,3.178e-21,,2.009e-15,2.602e-1,2.076e-24,9.586e-18,1.062e-15,2.737e-14,2.323e-20,1.516e-25,,5.636e+0,5.653e-19,7.670e-27,6.718e-18,,2.557e-26,1.894e-10,,2.254e-19,1.630e-20,1.147e+0,3.756e-4,3.370e-29,1.616e-19,1.615e-22,2.140e+0,2.039e-17,4.782e-3,2.766e-17,2.907e+0,1.287e-17,6.801e+0,,2.553e+0,,,2.839e-1,,,5.116e-19,,1.517e-18,,6.074e-19,,1.542e-11,,,,4.874e-18,2.533e-16
560.3,2.108e+1,1.066e-20,6.574e-27,1.801e-39,3.147e-20,,,1.679e-18,3.179e-21,,2.009e-15,2.186e-1,2.077e-24,9.586e-18,1.832e-15,2.560e-14,2.323e-20,1.519e-25,,5.308e+0,5.659e-19,4.950e-27,6.684e-18,,2.568e-26,3.020e-10,,2.256e-19,1.630e-20,1.423e+0,2.869e-4,3.375e-29,1.616e-19,1.614e-22,2.252e+0,2.038e-17,3.660e-3,2.768e-17,2.803e+0,1.286e-17,6.611e+0,,2.187e+0,,,2.684e-1,,,9.911e-19,,1.517e-18,,6.073e-19,,2.585e-11,,,,4.873e-18,2.533e-16
560.32,2.068e+1,1.073e-20,6.589e-27,1.802e-39,3.894e-20,,,1.679e-18,3.181e-21,,2.008e-15,1.941e-1,2.077e-24,9.586e-18,2.628e-15,2.441e-14,2.322e-20,1.521e-25,,5.092e+0,5.663e-19,3.685e-27,6.661e-18,,2.576e-26,4.109e-10,,2.257e-19,1.630e-20,1.644e+0,2.391e-4,3.379e-29,1.616e-19,1.614e-22,2.326e+0,2.036e-17,3.053e-3,2.770e-17,2.729e+0,1.286e-17,6.468e+0,,1.967e+0,,,2.578e-1,,,1.536e-18,,1.517e-18,,6.073e-19,,3.637e-11,,,,4.872e-18,2.533e-16
560.35,2.016e+1,1.083e-20,1.290e-26,1.804e-39,5.337e-20,,,1.679e-18,3.182e-21,,2.008e-15,1.616e-1,2.078e-24,9.586e-18,4.492e-15,2.263e-14,2.321e-20,1.524e-25,,4.772e+0,5.668e-19,2.357e-27,6.627e-18,,2.587e-26,6.493e-10,,2.258e-19,1.630e-20,2.040e+0,1.810e-4,3.385e-29,1.616e-19,1.613e-22,2.435e+0,2.034e-17,2.316e-3,2.772e-17,2.611e+0,1.285e-17,6.230e+0,,1.670e+0,,,2.416e-1,,,2.949e-18,,1.517e-18,,6.072e-19,,6.043e-11,,,,4.871e-18,2.534e-16
560.37,1.987e+1,1.090e-20,2.013e-26,1.805e-39,6.565e-20,,,1.679e-18,3.184e-21,,2.008e-15,1.427e-1,2.079e-24,9.586e-18,6.404e-15,2.144e-14,2.321e-20,1.527e-25,,4.562e+0,5.672e-19,1.744e-27,6.604e-18,,2.594e-26,8.781e-10,,2.259e-19,1.631e-20,2.353e+0,1.499e-4,3.389e-29,1.616e-19,1.613e-22,2.505e+0,2.033e-17,1.920e-3,2.774e-17,2.528e+0,1.285e-17,6.057e+0,,1.494e+0,,,2.307e-1,,,4.541e-18,,1.517e-18,,6.072e-19,,8.451e-11,,,,4.870e-18,2.534e-16
560.4,1.953e+1,1.101e-20,3.906e-26,1.807e-39,8.917e-20,,,1.679e-18,3.185e-21,,2.007e-15,1.179e-1,2.080e-24,9.585e-18,1.085e-14,1.969e-14,2.320e-20,1.530e-25,,4.252e+0,5.677e-19,1.105e-27,6.570e-18,,2.606e-26,1.375e-9,,2.260e-19,1.631e-20,2.906e+0,1.124e-4,3.394e-29,1.617e-19,1.612e-22,2.605e+0,2.031e-17,1.443e-3,2.776e-17,2.399e+0,1.284e-17,5.781e+0,,1.258e+0,,,2.144e-1,,,8.640e-18,,1.518e-18,,6.071e-19,,1.391e-10,,,,4.869e-18,2.534e-16
560.42,1.938e+1,1.108e-20,6.059e-26,1.808e-39,1.090e-19,,,1.678e-18,3.187e-21,,2.007e-15,1.036e-1,2.080e-24,9.585e-18,1.537e-14,1.855e-14,2.320e-20,1.532e-25,,4.050e+0,5.681e-19,8.126e-28,6.547e-18,,2.613e-26,1.848e-9,,2.261e-19,1.631e-20,3.336e+0,9.250e-5,3.398e-29,1.617e-19,1.611e-22,2.667e+0,2.030e-17,1.189e-3,2.777e-17,2.311e+0,1.284e-17,5.587e+0,,1.119e+0,,,2.036e-1,,,1.323e-17,,1.518e-18,,6.070e-19,,1.934e-10,,,,4.869e-18,2.535e-16
560.45,1.926e+1,1.118e-20,1.165e-25,1.810e-39,1.467e-19,,,1.678e-18,3.188e-21,,2.006e-15,8.506e-2,2.081e-24,9.585e-18,2.581e-14,1.688e-14,2.319e-20,1.535e-25,,3.754e+0,5.687e-19,5.101e-28,6.513e-18,,2.624e-26,2.868e-9,,2.262e-19,1.631e-20,4.089e+0,6.875e-5,3.404e-29,1.617e-19,1.610e-22,2.753e+0,2.028e-17,8.851e-4,2.779e-17,2.174e+0,1.283e-17,5.284e+0,,9.352e-1,,,1.876e-1,,,2.494e-17,,1.518e-18,,6.070e-19,,3.155e-10,,,,4.868e-18,2.535e-16
560.47,1.928e+1,1.125e-20,1.796e-25,1.811e-39,1.783e-19,,,1.678e-18,3.190e-21,,2.006e-15,7.443e-2,2.082e-24,9.585e-18,3.635e-14,1.580e-14,2.319e-20,1.537e-25,,3.562e+0,5.690e-19,3.729e-28,6.490e-18,,2.632e-26,3.832e-9,,2.263e-19,1.631e-20,4.671e+0,5.623e-5,3.408e-29,1.617e-19,1.610e-22,2.805e+0,2.027e-17,7.249e-4,2.781e-17,2.082e+0,1.283e-17,5.076e+0,,8.282e-1,,,1.772e-1,,,3.796e-17,,1.518e-18,,6.069e-19,,4.360e-10,,,,4.867e-18,2.535e-16
560.5,1.944e+1,1.136e-20,3.423e-25,1.813e-39,2.378e-19,,,1.678e-18,3.191e-21,,2.006e-15,6.080e-2,2.083e-24,9.585e-18,6.048e-14,1.425e-14,2.318e-20,1.540e-25,,3.283e+0,5.696e-19,2.319e-28,6.455e-18,,2.643e-26,5.892e-9,,2.264e-19,1.632e-20,5.677e+0,4.141e-5,3.413e-29,1.617e-19,1.609e-22,2.872e+0,2.025e-17,5.348e-4,2.783e-17,1.943e+0,1.283e-17,4.756e+0,,6.886e-1,,,1.620e-1,,,7.093e-17,,1.518e-18,,6.068e-19,,7.049e-10,,,,4.866e-18,2.535e-16
560.52,1.967e+1,1.143e-20,5.246e-25,1.814e-39,2.873e-19,,,1.678e-18,3.193e-21,,2.005e-15,5.308e-2,2.084e-24,9.585e-18,8.466e-14,1.326e-14,2.318e-20,1.542e-25,,3.103e+0,5.699e-19,1.685e-28,6.433e-18,,2.650e-26,7.825e-9,,2.265e-19,1.632e-20,6.447e+0,3.367e-5,3.417e-29,1.617e-19,1.609e-22,2.910e+0,2.024e-17,4.353e-4,2.785e-17,1.850e+0,1.282e-17,4.541e+0,,6.084e-1,,,1.523e-1,,,1.073e-16,,1.518e-18,,6.068e-19,,9.681e-10,,,,4.865e-18,2.536e-16
560.54,1.998e+1,1.150e-20,8.020e-25,1.816e-39,3.461e-19,,,1.678e-18,3.194e-21,,2.005e-15,4.634e-2,2.084e-24,9.585e-18,1.182e-13,1.231e-14,2.317e-20,1.545e-25,,2.928e+0,5.703e-19,1.221e-28,6.410e-18,,2.658e-26,1.037e-8,,2.266e-19,1.632e-20,7.304e+0,2.730e-5,3.421e-29,1.618e-19,1.608e-22,2.942e+0,2.022e-17,3.535e-4,2.786e-17,1.758e+0,1.282e-17,4.325e+0,,5.376e-1,,,1.429e-1,,,1.619e-16,,1.518e-18,,6.067e-19,,1.326e-9,,,,4.865e-18,2.536e-16
560.57,2.066e+1,1.160e-20,1.509e-24,1.817e-39,4.558e-19,,,1.678e-18,3.196e-21,,2.005e-15,3.783e-2,2.085e-24,9.584e-18,1.943e-13,1.096e-14,2.317e-20,1.548e-25,,2.676e+0,5.709e-19,7.498e-29,6.376e-18,,2.669e-26,1.574e-8,,2.267e-19,1.632e-20,8.769e+0,1.985e-5,3.427e-29,1.618e-19,1.607e-22,2.978e+0,2.020e-17,2.575e-4,2.788e-17,1.621e+0,1.281e-17,4.001e+0,,4.474e-1,,,1.296e-1,,,2.987e-16,,1.519e-18,,6.066e-19,,2.118e-9,,,,4.864e-18,2.536e-16
560.59,2.125e+1,1.167e-20,2.293e-24,1.819e-39,5.459e-19,,,1.678e-18,3.197e-21,,2.004e-15,3.309e-2,2.086e-24,9.584e-18,2.697e-13,1.011e-14,2.316e-20,1.550e-25,,2.515e+0,5.712e-19,5.400e-29,6.353e-18,,2.677e-26,2.073e-8,,2.268e-19,1.632e-20,9.875e+0,1.600e-5,3.431e-29,1.618e-19,1.607e-22,2.993e+0,2.019e-17,2.078e-4,2.790e-17,1.531e+0,1.281e-17,3.788e+0,,3.972e-1,,,1.212e-1,,,4.481e-16,,1.519e-18,,6.066e-19,,2.884e-9,,,,4.863e-18,2.536e-16
560.62,2.238e+1,1.178e-20,4.277e-24,1.820e-39,7.124e-19,,,1.678e-18,3.199e-21,,2.004e-15,2.721e-2,2.087e-24,9.584e-18,4.390e-13,8.920e-15,2.316e-20,1.553e-25,,2.284e+0,5.718e-19,3.285e-29,6.318e-18,,2.688e-26,3.119e-8,,2.269e-19,1.633e-20,1.175e+1,1.152e-5,3.436e-29,1.618e-19,1.606e-22,3.004e+0,2.017e-17,1.500e-4,2.792e-17,1.400e+0,1.280e-17,3.473e+0,,3.353e-1,,,1.094e-1,,,8.194e-16,,1.519e-18,,6.065e-19,,4.563e-9,,,,4.862e-18,2.537e-16
560.64,2.330e+1,1.185e-20,6.460e-24,1.822e-39,8.481e-19,,,1.678e-18,3.200e-21,,2.004e-15,2.399e-2,2.087e-24,9.584e-18,6.058e-13,8.180e-15,2.315e-20,1.555e-25,,2.137e+0,5.722e-19,2.352e-29,6.296e-18,,2.695e-26,4.083e-8,,2.270e-19,1.633e-20,1.315e+1,9.233e-6,3.440e-29,1.618e-19,1.605e-22,3.002e+0,2.016e-17,1.203e-4,2.793e-17,1.315e+0,1.280e-17,3.267e+0,,3.022e-1,,,1.022e-1,,,1.222e-15,,1.519e-18,,6.065e-19,,6.176e-9,,,,4.861e-18,2.537e-16
560.67,2.496e+1,1.195e-20,1.194e-23,1.823e-39,1.097e-18,,,1.678e-18,3.202e-21,,2.003e-15,2.007e-2,2.088e-24,9.584e-18,9.774e-13,7.150e-15,2.315e-20,1.558e-25,,1.928e+0,5.727e-19,1.418e-29,6.261e-18,,2.707e-26,6.087e-8,,2.272e-19,1.633e-20,1.551e+1,6.590e-6,3.446e-29,1.619e-19,1.605e-22,2.986e+0,2.014e-17,8.606e-5,2.796e-17,1.191e+0,1.280e-17,2.968e+0,,2.641e-1,,,9.233e-2,,,2.214e-15,,1.519e-18,,6.064e-19,,9.683e-9,,,,4.860e-18,2.537e-16
560.69,2.625e+1,1.202e-20,1.793e-23,1.825e-39,1.298e-18,,,1.678e-18,3.203e-21,,2.003e-15,1.797e-2,2.089e-24,9.584e-18,1.341e-12,6.517e-15,2.314e-20,1.560e-25,,1.796e+0,5.731e-19,1.009e-29,6.239e-18,,2.714e-26,7.920e-8,,2.272e-19,1.633e-20,1.725e+1,5.247e-6,3.450e-29,1.619e-19,1.604e-22,2.967e+0,2.013e-17,6.864e-5,2.797e-17,1.112e+0,1.279e-17,2.775e+0,,2.457e-1,,,8.639e-2,,,3.281e-15,,1.519e-18,,6.063e-19,,1.303e-8,,,,4.859e-18,2.538e-16
560.72,2.851e+1,1.213e-20,3.284e-23,1.827e-39,1.663e-18,,,1.678e-18,3.204e-21,,2.003e-15,1.549e-2,2.090e-24,9.583e-18,2.143e-12,5.644e-15,2.314e-20,1.564e-25,,1.610e+0,5.736e-19,6.025e-30,6.204e-18,,2.725e-26,1.170e-7,,2.274e-19,1.633e-20,2.016e+1,3.711e-6,3.455e-29,1.619e-19,1.603e-22,2.925e+0,2.011e-17,4.870e-5,2.799e-17,9.993e-1,1.279e-17,2.498e+0,,2.284e-1,,,7.850e-2,,,5.892e-15,,1.520e-18,,6.063e-19,,2.024e-8,,,,4.858e-18,2.538e-16
560.74,3.024e+1,1.220e-20,4.901e-23,1.828e-39,1.956e-18,,,1.678e-18,3.206e-21,,2.002e-15,1.420e-2,2.090e-24,9.583e-18,2.922e-12,5.113e-15,2.313e-20,1.566e-25,,1.493e+0,5.740e-19,4.260e-30,6.181e-18,,2.733e-26,1.514e-7,,2.275e-19,1.634e-20,2.229e+1,2.937e-6,3.459e-29,1.619e-19,1.603e-22,2.889e+0,2.010e-17,3.865e-5,2.801e-17,9.276e-1,1.278e-17,2.322e+0,,2.234e-1,,,7.394e-2,,,8.680e-15,,1.520e-18,,6.062e-19,,2.707e-8,,,,4.858e-18,2.538e-16
560.77,3.317e+1,1.230e-20,8.895e-23,1.830e-39,2.484e-18,,,1.678e-18,3.207e-21,,2.002e-15,1.275e-2,2.091e-24,9.583e-18,4.630e-12,4.388e-15,2.313e-20,1.569e-25,,1.329e+0,5.745e-19,2.521e-30,6.147e-18,,2.744e-26,2.216e-7,,2.276e-19,1.634e-20,2.581e+1,2.058e-6,3.465e-29,1.619e-19,1.602e-22,2.823e+0,2.008e-17,2.727e-5,2.803e-17,8.259e-1,1.278e-17,2.071e+0,,2.255e-1,,,6.817e-2,,,1.545e-14,,1.520e-18,,6.061e-19,,4.169e-8,,,,4.857e-18,2.539e-16
560.79,3.536e+1,1.237e-20,1.320e-22,1.831e-39,2.904e-18,,,1.678e-18,3.209e-21,,2.002e-15,1.205e-2,2.092e-24,9.583e-18,6.274e-12,3.951e-15,2.312e-20,1.571e-25,,1.227e+0,5.749e-19,1.772e-30,6.124e-18,,2.752e-26,2.849e-7,,2.277e-19,1.634e-20,2.837e+1,1.618e-6,3.469e-29,1.619e-19,1.601e-22,2.771e+0,2.006e-17,2.161e-5,2.805e-17,7.621e-1,1.277e-17,1.913e+0,,2.333e-1,,,6.506e-2,,,2.262e-14,,1.520e-18,,6.061e-19,,5.542e-8,,,,4.856e-18,2.539e-16
560.82,3.901e+1,1.248e-20,2.374e-22,1.833e-39,3.654e-18,,,1.678e-18,3.210e-21,,2.001e-15,1.133e-2,2.093e-24,9.583e-18,9.852e-12,3.360e-15,2.311e-20,1.574e-25,,1.084e+0,5.755e-19,1.039e-30,6.090e-18,,2.763e-26,4.134e-7,,2.278e-19,1.634e-20,3.255e+1,1.124e-6,3.474e-29,1.620e-19,1.601e-22,2.683e+0,2.004e-17,1.530e-5,2.807e-17,6.726e-1,1.277e-17,1.691e+0,,2.550e-1,,,6.152e-2,,,3.990e-14,,1.520e-18,,6.060e-19,,8.456e-8,,,,4.855e-18,2.539e-16
560.84,4.170e+1,1.255e-20,3.501e-22,1.834e-39,4.246e-18,,,1.677e-18,3.212e-21,,2.001e-15,1.104e-2,2.094e-24,9.583e-18,1.327e-11,3.007e-15,2.311e-20,1.576e-25,,9.962e-1,5.758e-19,7.256e-31,6.067e-18,,2.770e-26,5.282e-7,,2.279e-19,1.634e-20,3.556e+1,8.785e-7,3.478e-29,1.620e-19,1.600e-22,2.618e+0,2.003e-17,1.224e-5,2.808e-17,6.170e-1,1.276e-17,1.553e+0,,2.762e-1,,,5.993e-2,,,5.807e-14,,1.520e-18,,6.060e-19,,1.117e-7,,,,4.854e-18,2.539e-16
560.87,4.611e+1,1.265e-20,6.240e-22,1.836e-39,5.295e-18,,,1.677e-18,3.213e-21,,2.000e-15,1.082e-2,2.094e-24,9.582e-18,2.065e-11,2.534e-15,2.310e-20,1.579e-25,,8.742e-1,5.764e-19,4.216e-31,6.033e-18,,2.782e-26,7.595e-7,,2.280e-19,1.635e-20,4.043e+1,6.044e-7,3.484e-29,1.620e-19,1.599e-22,2.513e+0,2.001e-17,8.979e-6,2.810e-17,5.397e-1,1.276e-17,1.360e+0,,3.190e-1,,,5.869e-2,,,1.015e-13,,1.521e-18,,6.059e-19,,1.690e-7,,,,4.853e-18,2.540e-16
560.89,4.930e+1,1.272e-20,9.147e-22,1.837e-39,6.115e-18,,,1.677e-18,3.215e-21,,2.000e-15,1.080e-2,2.095e-24,9.582e-18,2.765e-11,2.254e-15,2.310e-20,1.582e-25,,7.993e-1,5.768e-19,2.926e-31,6.010e-18,,2.789e-26,9.647e-7,,2.281e-19,1.635e-20,4.391e+1,4.696e-7,3.488e-29,1.620e-19,1.599e-22,2.437e+0,2.000e-17,7.515e-6,2.812e-17,4.921e-1,1.276e-17,1.241e+0,,3.553e-1,,,5.866e-2,,,1.469e-13,,1.521e-18,,6.058e-19,,2.219e-7,,,,4.853e-18,2.540e-16
560.91,5.270e+1,1.279e-20,1.338e-21,1.838e-39,7.046e-18,,,1.677e-18,3.216e-21,,2.000e-15,1.086e-2,2.096e-24,9.582e-18,3.693e-11,2.000e-15,2.310e-20,1.584e-25,,7.294e-1,5.771e-19,2.026e-31,5.987e-18,,2.797e-26,1.222e-6,,2.282e-19,1.635e-20,4.757e+1,3.639e-7,3.491e-29,1.620e-19,1.598e-22,2.358e+0,1.999e-17,6.527e-6,2.813e-17,4.477e-1,1.275e-17,1.130e+0,,3.982e-1,,,5.927e-2,,,2.120e-13,,1.521e-18,,6.058e-19,,2.908e-7,,,,4.852e-18,2.540e-16
560.94,5.818e+1,1.290e-20,2.355e-21,1.840e-39,8.675e-18,,,1.677e-18,3.218e-21,,1.999e-15,1.107e-2,2.097e-24,9.582e-18,5.674e-11,1.664e-15,2.309e-20,1.587e-25,,6.335e-1,5.777e-19,1.162e-31,5.953e-18,,2.808e-26,1.735e-6,,2.283e-19,1.635e-20,5.340e+1,2.472e-7,3.497e-29,1.620e-19,1.598e-22,2.234e+0,1.997e-17,5.825e-6,2.816e-17,3.867e-1,1.275e-17,9.769e-1,,4.761e-1,,,6.140e-2,,,3.659e-13,,1.521e-18,,6.057e-19,,4.341e-7,,,,4.851e-18,2.540e-16
560.96,6.207e+1,1.297e-20,3.422e-21,1.841e-39,9.936e-18,,,1.677e-18,3.219e-21,,1.999e-15,1.127e-2,2.097e-24,9.582e-18,7.533e-11,1.467e-15,2.309e-20,1.589e-25,,5.753e-1,5.780e-19,7.998e-32,5.930e-18,,2.815e-26,2.186e-6,,2.284e-19,1.635e-20,5.750e+1,1.904e-7,3.501e-29,1.621e-19,1.597e-22,2.149e+0,1.996e-17,5.842e-6,2.817e-17,3.497e-1,1.274e-17,8.840e-1,,5.379e-1,,,6.365e-2,,,5.249e-13,,1.521e-18,,6.057e-19,,5.654e-7,,,,4.850e-18,2.541e-16
560.99,6.826e+1,1.307e-20,5.970e-21,1.843e-39,1.212e-17,,,1.677e-18,3.221e-21,,1.999e-15,1.165e-2,2.098e-24,9.582e-18,1.147e-10,1.210e-15,2.308e-20,1.592e-25,,4.959e-1,5.786e-19,4.545e-32,5.896e-18,,2.826e-26,3.075e-6,,2.285e-19,1.636e-20,6.396e+1,1.281e-7,3.507e-29,1.621e-19,1.596e-22,2.018e+0,1.994e-17,6.602e-6,2.819e-17,2.993e-1,1.274e-17,7.574e-1,,6.467e-1,,,6.829e-2,,,8.978e-13,,1.521e-18,,6.056e-19,,8.366e-7,,,,4.849e-18,2.541e-16
561.01,7.260e+1,1.314e-20,8.626e-21,1.844e-39,1.380e-17,,,1.677e-18,3.222e-21,,1.998e-15,1.194e-2,2.099e-24,9.582e-18,1.514e-10,1.060e-15,2.307e-20,1.594e-25,,4.480e-1,5.790e-19,3.109e-32,5.873e-18,,2.834e-26,3.850e-6,,2.286e-19,1.636e-20,6.846e+1,9.811e-8,3.510e-29,1.621e-19,1.596e-22,1.929e+0,1.992e-17,7.642e-6,2.821e-17,2.691e-1,1.273e-17,6.811e-1,,7.311e-1,,,7.224e-2,,,1.280e-12,,1.522e-18,,6.055e-19,,1.083e-6,,,,4.849e-18,2.541e-16
561.04,7.941e+1,1.325e-20,1.491e-20,1.846e-39,1.668e-17,,,1.677e-18,3.224e-21,,1.998e-15,1.239e-2,2.100e-24,9.581e-18,2.284e-10,8.661e-16,2.307e-20,1.597e-25,,3.833e-1,5.795e-19,1.751e-32,5.839e-18,,2.845e-26,5.367e-6,,2.287e-19,1.636e-20,7.546e+1,6.542e-8,3.516e-29,1.621e-19,1.595e-22,1.794e+0,1.991e-17,1.015e-5,2.823e-17,2.283e-1,1.273e-17,5.783e-1,,8.772e-1,,,7.947e-2,,,2.170e-12,,1.522e-18,,6.055e-19,,1.588e-6,,,,4.848e-18,2.542e-16
561.06,8.413e+1,1.332e-20,2.142e-20,1.847e-39,1.888e-17,,,1.677e-18,3.225e-21,,1.998e-15,1.271e-2,2.100e-24,9.581e-18,2.996e-10,7.545e-16,2.306e-20,1.600e-25,,3.445e-1,5.799e-19,1.190e-32,5.816e-18,,2.853e-26,6.679e-6,,2.288e-19,1.636e-20,8.027e+1,4.978e-8,3.520e-29,1.621e-19,1.594e-22,1.705e+0,1.989e-17,1.260e-5,2.825e-17,2.040e-1,1.273e-17,5.169e-1,,9.887e-1,,,8.517e-2,,,3.076e-12,,1.522e-18,,6.054e-19,,2.044e-6,,,,4.847e-18,2.542e-16
561.09,9.144e+1,1.342e-20,3.669e-20,1.849e-39,2.262e-17,,,1.677e-18,3.227e-21,,1.997e-15,1.318e-2,2.101e-24,9.581e-18,4.480e-10,6.107e-16,2.306e-20,1.603e-25,,2.924e-1,5.804e-19,6.640e-33,5.782e-18,,2.864e-26,9.228e-6,,2.290e-19,1.636e-20,8.768e+1,3.289e-8,3.526e-29,1.621e-19,1.594e-22,1.572e+0,1.987e-17,1.776e-5,2.827e-17,1.715e-1,1.272e-17,4.349e-1,,1.179e+0,,,9.506e-2,,,5.168e-12,,1.522e-18,,6.053e-19,,2.969e-6,,,,4.846e-18,2.542e-16
561.11,9.644e+1,1.349e-20,5.238e-20,1.850e-39,2.544e-17,,,1.677e-18,3.228e-21,,1.997e-15,1.349e-2,2.102e-24,9.581e-18,5.841e-10,5.288e-16,2.305e-20,1.605e-25,,2.615e-1,5.808e-19,4.486e-33,5.759e-18,,2.871e-26,1.141e-5,,2.290e-19,1.636e-20,9.271e+1,2.488e-8,3.529e-29,1.622e-19,1.593e-22,1.485e+0,1.986e-17,2.248e-5,2.828e-17,1.523e-1,1.272e-17,3.863e-1,,1.323e+0,,,1.026e-1,,,7.282e-12,,1.522e-18,,6.053e-19,,3.798e-6,,,,4.845e-18,2.542e-16
561.14,1.041e+2,1.359e-20,8.894e-20,1.852e-39,3.020e-17,,,1.677e-18,3.230e-21,,1.997e-15,1.392e-2,2.103e-24,9.581e-18,8.657e-10,4.242e-16,2.305e-20,1.608e-25,,2.202e-1,5.814e-19,2.480e-33,1.127e-17,,2.883e-26,1.563e-5,,2.292e-19,1.637e-20,1.003e+2,1.629e-8,3.535e-29,1.622e-19,1.592e-22,1.356e+0,1.984e-17,3.208e-5,2.830e-17,1.269e-1,1.271e-17,3.221e-1,,1.566e+0,,,1.151e-1,,,1.212e-11,,1.522e-18,,6.052e-19,,5.469e-6,,,,4.844e-18,2.543e-16
561.16,1.092e+2,1.366e-20,1.262e-19,1.853e-39,3.376e-17,,,1.677e-18,3.231e-21,,1.996e-15,1.419e-2,2.104e-24,9.581e-18,1.122e-9,3.650e-16,2.304e-20,1.610e-25,,1.959e-1,5.817e-19,1.665e-33,1.759e-17,,2.890e-26,1.921e-5,,2.293e-19,1.637e-20,1.055e+2,1.224e-8,3.539e-29,1.622e-19,1.592e-22,1.273e+0,1.983e-17,4.065e-5,2.832e-17,1.120e-1,1.271e-17,2.844e-1,,1.748e+0,,,1.244e-1,,,1.698e-11,,1.523e-18,,6.052e-19,,6.953e-6,,,,4.844e-18,2.543e-16
561.19,1.170e+2,1.377e-20,2.124e-19,1.855e-39,3.972e-17,,,1.677e-18,3.233e-21,,1.996e-15,1.456e-2,2.104e-24,9.580e-18,1.648e-9,2.901e-16,2.304e-20,1.613e-25,,1.637e-1,5.823e-19,9.120e-34,3.413e-17,,2.901e-26,2.607e-5,,2.294e-19,1.637e-20,1.131e+2,7.941e-9,3.545e-29,1.622e-19,1.591e-22,1.153e+0,1.981e-17,5.784e-5,2.834e-17,9.247e-2,1.270e-17,2.349e-1,,2.052e+0,,,1.397e-1,,,2.801e-11,,1.523e-18,,6.051e-19,,9.923e-6,,,,4.843e-18,2.543e-16
561.21,1.221e+2,1.384e-20,2.995e-19,1.856e-39,4.413e-17,,,1.677e-18,3.234e-21,,1.995e-15,1.477e-2,2.105e-24,9.580e-18,2.122e-9,2.482e-16,2.303e-20,1.615e-25,,1.448e-1,5.826e-19,6.087e-34,5.294e-17,,2.909e-26,3.186e-5,,2.295e-19,1.637e-20,1.182e+2,5.933e-9,3.548e-29,1.622e-19,1.590e-22,1.076e+0,1.980e-17,7.300e-5,2.836e-17,8.114e-2,1.270e-17,2.062e-1,,2.276e+0,,,1.508e-1,,,3.900e-11,,1.523e-18,,6.050e-19,,1.254e-5,,,,4.842e-18,2.544e-16
561.24,1.298e+2,1.394e-20,4.995e-19,1.858e-39,5.146e-17,,,1.677e-18,3.236e-21,,1.995e-15,1.503e-2,2.106e-24,9.580e-18,3.089e-9,1.954e-16,2.303e-20,1.619e-25,,1.200e-1,5.832e-19,3.303e-34,1.018e-16,,2.920e-26,4.284e-5,,2.296e-19,1.637e-20,1.256e+2,3.813e-9,3.554e-29,1.622e-19,1.590e-22,9.655e-1,1.978e-17,1.031e-4,2.838e-17,6.638e-2,1.269e-17,1.688e-1,,2.648e+0,,,1.686e-1,,,6.377e-11,,1.523e-18,,6.050e-19,,1.773e-5,,,,4.841e-18,2.544e-16
561.26,1.347e+2,1.401e-20,7.003e-19,1.859e-39,5.683e-17,,,1.677e-18,3.237e-21,,1.995e-15,1.516e-2,2.107e-24,9.580e-18,3.955e-9,1.661e-16,2.302e-20,1.621e-25,,1.056e-1,5.836e-19,2.191e-34,1.569e-16,,2.928e-26,5.203e-5,,2.297e-19,1.638e-20,1.304e+2,2.832e-9,3.558e-29,1.623e-19,1.589e-22,8.957e-1,1.977e-17,1.294e-4,2.839e-17,5.790e-2,1.269e-17,1.472e-1,,2.921e+0,,,1.814e-1,,,8.824e-11,,1.523e-18,,6.049e-19,,2.227e-5,,,,4.840e-18,2.544e-16
561.28,1.396e+2,1.408e-20,9.795e-19,1.861e-39,6.261e-17,,,1.676e-18,3.238e-21,,1.994e-15,1.526e-2,2.107e-24,9.580e-18,5.052e-9,1.409e-16,2.302e-20,1.623e-25,,9.274e-2,5.839e-19,1.450e-34,2.414e-16,,2.935e-26,6.305e-5,,2.298e-19,1.638e-20,1.351e+2,2.097e-9,3.562e-29,1.623e-19,1.589e-22,8.290e-1,1.975e-17,1.621e-4,2.841e-17,5.037e-2,1.269e-17,1.281e-1,,3.214e+0,,,1.947e-1,,,1.218e-10,,1.523e-18,,6.049e-19,,2.791e-5,,,,4.840e-18,2.544e-16
561.31,1.466e+2,1.419e-20,1.613e-18,1.862e-39,7.207e-17,,,1.676e-18,3.240e-21,,1.994e-15,1.535e-2,2.108e-24,9.580e-18,7.260e-9,1.096e-16,2.301e-20,1.626e-25,,7.599e-2,5.845e-19,7.767e-35,4.583e-16,,2.946e-26,8.371e-5,,2.299e-19,1.638e-20,1.418e+2,1.331e-9,3.568e-29,1.623e-19,1.588e-22,7.351e-1,1.973e-17,2.261e-4,2.843e-17,4.069e-2,1.268e-17,1.035e-1,,3.693e+0,,,2.159e-1,,,1.967e-10,,1.523e-18,,6.048e-19,,3.897e-5,,,,4.839e-18,2.545e-16
561.33,1.511e+2,1.426e-20,2.242e-18,1.864e-39,7.893e-17,,,1.676e-18,3.241e-21,,1.994e-15,1.536e-2,2.109e-24,9.579e-18,9.218e-9,9.235e-17,2.301e-20,1.628e-25,,6.636e-2,5.848e-19,5.107e-35,7.007e-16,,2.954e-26,1.008e-4,,2.300e-19,1.638e-20,1.459e+2,9.797e-10,3.571e-29,1.623e-19,1.587e-22,6.767e-1,1.972e-17,2.815e-4,2.844e-17,3.519e-2,1.268e-17,8.953e-2,,4.039e+0,,,2.307e-1,,,2.699e-10,,1.524e-18,,6.047e-19,,4.854e-5,,,,4.838e-18,2.545e-16
561.36,1.574e+2,1.436e-20,3.659e-18,1.866e-39,9.004e-17,,,1.676e-18,3.243e-21,,1.993e-15,1.531e-2,2.110e-24,9.579e-18,1.313e-8,7.115e-17,2.300e-20,1.631e-25,,5.393e-2,5.854e-19,2.711e-35,1.319e-15,,2.965e-26,1.327e-4,,2.301e-19,1.638e-20,1.518e+2,6.160e-10,3.577e-29,1.623e-19,1.586e-22,5.953e-1,1.970e-17,3.893e-4,2.847e-17,2.817e-2,1.267e-17,7.169e-2,,4.599e+0,,,2.538e-1,,,4.318e-10,,1.524e-18,,6.047e-19,,6.718e-5,,,,4.837e-18,2.545e-16
561.38,1.613e+2,1.443e-20,5.057e-18,1.867e-39,9.800e-17,,,1.676e-18,3.244e-21,,1.993e-15,1.524e-2,2.110e-24,9.579e-18,1.657e-8,5.961e-17,2.300e-20,1.633e-25,,4.683e-2,5.858e-19,1.772e-35,2.004e-15,,2.973e-26,1.588e-4,,2.302e-19,1.639e-20,1.553e+2,4.507e-10,3.581e-29,1.623e-19,1.586e-22,5.453e-1,1.969e-17,4.818e-4,2.848e-17,2.421e-2,1.267e-17,6.163e-2,,5.000e+0,,,2.698e-1,,,5.890e-10,,1.524e-18,,6.046e-19,,8.317e-5,,,,4.836e-18,2.545e-16
561.41,1.666e+2,1.454e-20,8.178e-18,1.869e-39,1.108e-16,,,1.676e-18,3.246e-21,,1.993e-15,1.505e-2,2.111e-24,9.579e-18,2.338e-8,4.550e-17,2.299e-20,1.637e-25,,3.775e-2,5.863e-19,9.319e-36,3.737e-15,,2.984e-26,2.071e-4,,2.303e-19,1.639e-20,1.600e+2,2.808e-10,3.587e-29,1.624e-19,1.585e-22,4.766e-1,1.967e-17,6.603e-4,2.850e-17,1.921e-2,1.266e-17,4.890e-2,,5.642e+0,,,2.943e-1,,,9.339e-10,,1.524e-18,,6.045e-19,,1.141e-4,,,,4.835e-18,2.546e-16
561.43,1.697e+2,1.461e-20,1.123e-17,1.870e-39,1.199e-16,,,1.676e-18,3.247e-21,,1.992e-15,1.489e-2,2.112e-24,9.579e-18,2.933e-8,3.789e-17,2.299e-20,1.639e-25,,3.260e-2,5.867e-19,6.054e-36,5.645e-15,,2.991e-26,2.464e-4,,2.304e-19,1.639e-20,1.628e+2,2.043e-10,3.590e-29,1.624e-19,1.585e-22,4.349e-1,1.966e-17,8.123e-4,2.852e-17,1.641e-2,1.266e-17,4.178e-2,,6.097e+0,,,3.111e-1,,,1.266e-9,,1.524e-18,,6.045e-19,,1.404e-4,,,,4.835e-18,2.546e-16
561.46,1.738e+2,1.471e-20,1.800e-17,1.872e-39,1.343e-16,,,1.676e-18,3.249e-21,,1.992e-15,1.458e-2,2.113e-24,9.579e-18,4.103e-8,2.866e-17,2.298e-20,1.642e-25,,2.605e-2,5.872e-19,3.155e-36,1.043e-14,,3.003e-26,3.184e-4,,2.305e-19,1.639e-20,1.662e+2,1.262e-10,3.596e-29,1.624e-19,1.584e-22,3.786e-1,1.964e-17,1.103e-3,2.854e-17,1.290e-2,1.265e-17,3.285e-2,,6.817e+0,,,3.365e-1,,,1.990e-9,,1.524e-18,,6.044e-19,,1.907e-4,,,,4.834e-18,2.546e-16
561.48,1.761e+2,1.478e-20,2.458e-17,1.873e-39,1.444e-16,,,1.676e-18,3.250e-21,,1.992e-15,1.433e-2,2.113e-24,9.579e-18,5.115e-8,2.372e-17,2.297e-20,1.644e-25,,2.237e-2,5.876e-19,2.037e-36,1.567e-14,,3.010e-26,3.766e-4,,2.306e-19,1.639e-20,1.681e+2,9.127e-11,3.600e-29,1.624e-19,1.583e-22,3.451e-1,1.963e-17,1.349e-3,2.856e-17,1.095e-2,1.265e-17,2.790e-2,,7.322e+0,,,3.536e-1,,,2.681e-9,,1.525e-18,,6.044e-19,,2.333e-4,,,,4.833e-18,2.547e-16
561.51,1.789e+2,1.489e-20,3.904e-17,1.875e-39,1.603e-16,,,1.676e-18,3.252e-21,,1.991e-15,1.391e-2,2.114e-24,9.578e-18,7.090e-8,1.778e-17,2.297e-20,1.647e-25,,1.773e-2,5.882e-19,1.052e-36,2.870e-14,,3.021e-26,4.822e-4,,2.308e-19,1.640e-20,1.701e+2,5.601e-11,3.606e-29,1.624e-19,1.582e-22,3.007e-1,1.961e-17,1.816e-3,2.858e-17,8.531e-3,1.264e-17,2.173e-2,,8.113e+0,,,3.791e-1,,,4.176e-9,,1.525e-18,,6.043e-19,,3.142e-4,,,,4.832e-18,2.547e-16
561.53,1.803e+2,1.496e-20,5.299e-17,1.876e-39,1.713e-16,,,1.676e-18,3.253e-21,,1.991e-15,1.359e-2,2.115e-24,9.578e-18,8.788e-8,1.463e-17,2.296e-20,1.649e-25,,1.514e-2,5.885e-19,6.748e-37,4.283e-14,,3.029e-26,5.669e-4,,2.308e-19,1.640e-20,1.709e+2,4.044e-11,3.609e-29,1.625e-19,1.582e-22,2.750e-1,1.959e-17,2.208e-3,2.859e-17,7.200e-3,1.264e-17,1.834e-2,,8.662e+0,,,3.960e-1,,,5.594e-9,,1.525e-18,,6.042e-19,,3.820e-4,,,,4.831e-18,2.547e-16
561.56,1.816e+2,1.506e-20,8.341e-17,1.878e-39,1.885e-16,,,1.676e-18,3.255e-21,,1.990e-15,1.307e-2,2.116e-24,9.578e-18,1.207e-7,1.086e-17,2.296e-20,1.652e-25,,1.190e-2,5.891e-19,3.452e-37,7.775e-14,,3.040e-26,7.194e-4,,2.310e-19,1.640e-20,1.713e+2,2.496e-11,3.615e-29,1.625e-19,1.581e-22,2.422e-1,1.957e-17,2.945e-3,2.861e-17,5.558e-3,1.264e-17,1.416e-2,,9.511e+0,,,4.208e-1,,,8.633e-9,,1.525e-18,,6.042e-19,,5.099e-4,,,,4.830e-18,2.547e-16
561.58,1.819e+2,1.513e-20,1.125e-16,1.879e-39,2.002e-16,,,1.676e-18,3.256e-21,,1.990e-15,1.269e-2,2.117e-24,9.578e-18,1.487e-7,8.882e-18,2.295e-20,1.655e-25,,1.010e-2,5.894e-19,2.201e-37,1.154e-13,,3.047e-26,8.407e-4,,2.311e-19,1.640e-20,1.711e+2,1.831e-11,3.619e-29,1.625e-19,1.581e-22,2.240e-1,1.956e-17,3.559e-3,2.863e-17,4.662e-3,1.263e-17,1.188e-2,,1.009e+1,,,4.369e-1,,,1.150e-8,,1.525e-18,,6.041e-19,,6.162e-4,,,,4.830e-18,2.548e-16
561.61,1.817e+2,1.524e-20,1.755e-16,1.881e-39,2.183e-16,,,1.676e-18,3.258e-21,,1.990e-15,1.209e-2,2.118e-24,9.578e-18,2.024e-7,6.537e-18,2.295e-20,1.658e-25,,7.872e-3,5.900e-19,2.143e-37,2.075e-13,,3.059e-26,1.057e-3,,2.312e-19,1.640e-20,1.701e+2,1.209e-11,3.625e-29,1.625e-19,1.580e-22,2.024e-1,1.954e-17,4.705e-3,2.865e-17,3.566e-3,1.263e-17,9.088e-3,,1.098e+1,,,4.602e-1,,,1.758e-8,,1.525e-18,,6.040e-19,,8.150e-4,,,,4.829e-18,2.548e-16
561.63,1.811e+2,1.531e-20,2.354e-16,1.882e-39,2.305e-16,,,1.676e-18,3.259e-21,,1.989e-15,1.168e-2,2.118e-24,9.578e-18,2.479e-7,5.312e-18,2.294e-20,1.660e-25,,6.646e-3,5.904e-19,2.104e-37,3.061e-13,,3.066e-26,1.228e-3,,2.313e-19,1.641e-20,1.688e+2,9.779e-12,3.628e-29,1.625e-19,1.579e-22,1.917e-1,1.953e-17,5.651e-3,2.867e-17,2.973e-3,1.262e-17,7.578e-3,,1.158e+1,,,4.750e-1,,,2.327e-8,,1.526e-18,,6.040e-19,,9.790e-4,,,,4.828e-18,2.548e-16
561.65,1.801e+2,1.538e-20,3.149e-16,1.883e-39,2.428e-16,,,1.676e-18,3.260e-21,,1.989e-15,1.124e-2,2.119e-24,9.577e-18,3.028e-7,4.306e-18,2.294e-20,1.662e-25,,5.599e-3,5.907e-19,2.065e-37,4.503e-13,,3.074e-26,1.423e-3,,2.314e-19,1.641e-20,1.672e+2,8.622e-12,3.632e-29,1.625e-19,1.579e-22,1.840e-1,1.952e-17,6.771e-3,2.868e-17,2.473e-3,1.262e-17,6.304e-3,,1.219e+1,,,4.891e-1,,,3.072e-8,,1.526e-18,,6.039e-19,,1.173e-3,,,,4.827e-18,2.548e-16
561.68,1.778e+2,1.548e-20,4.851e-16,1.885e-39,2.614e-16,,,1.676e-18,3.262e-21,,1.989e-15,1.058e-2,2.120e-24,9.577e-18,4.070e-7,3.129e-18,2.293e-20,1.665e-25,,4.310e-3,5.913e-19,2.006e-37,8.000e-13,,3.085e-26,1.767e-3,,2.315e-19,1.641e-20,1.640e+2,8.798e-12,3.638e-29,1.626e-19,1.578e-22,1.782e-1,1.950e-17,8.841e-3,2.870e-17,1.867e-3,1.261e-17,4.760e-3,,1.309e+1,,,5.087e-1,,,4.640e-8,,1.526e-18,,6.038e-19,,1.532e-3,,,,4.826e-18,2.549e-16
561.7,1.759e+2,1.555e-20,6.450e-16,1.886e-39,2.737e-16,,,1.675e-18,3.263e-21,,1.988e-15,1.013e-2,2.120e-24,9.577e-18,4.942e-7,2.521e-18,2.293e-20,1.667e-25,,3.610e-3,5.917e-19,1.967e-37,1.170e-12,,3.092e-26,2.035e-3,,2.316e-19,1.641e-20,1.615e+2,1.021e-11,3.642e-29,1.626e-19,1.577e-22,1.783e-1,1.949e-17,1.053e-2,2.872e-17,1.544e-3,1.261e-17,3.936e-3,,1.369e+1,,,5.207e-1,,,6.090e-8,,1.526e-18,,6.038e-19,,1.825e-3,,,,4.826e-18,2.549e-16
561.73,1.723e+2,1.566e-20,9.846e-16,1.888e-39,2.919e-16,,,1.675e-18,3.265e-21,,1.988e-15,9.440e-3,2.121e-24,9.577e-18,6.582e-7,1.815e-18,2.292e-20,1.670e-25,,2.755e-3,5.922e-19,1.908e-37,2.060e-12,,3.104e-26,2.504e-3,,2.317e-19,1.641e-20,1.570e+2,1.463e-11,3.647e-29,1.626e-19,1.577e-22,1.847e-1,1.947e-17,1.363e-2,2.874e-17,1.155e-3,1.260e-17,2.945e-3,,1.458e+1,,,5.368e-1,,,9.116e-8,,1.526e-18,,6.037e-19,,2.362e-3,,,,4.825e-18,2.549e-16
561.75,1.695e+2,1.573e-20,1.301e-15,1.889e-39,3.038e-16,,,1.675e-18,3.266e-21,,1.988e-15,8.982e-3,2.122e-24,9.577e-18,7.945e-7,1.454e-18,2.292e-20,1.673e-25,,2.294e-3,5.926e-19,1.869e-37,2.994e-12,,3.111e-26,2.867e-3,,2.318e-19,1.642e-20,1.536e+2,1.958e-11,3.651e-29,1.626e-19,1.576e-22,1.933e-1,1.945e-17,1.613e-2,2.876e-17,9.492e-4,1.260e-17,2.420e-3,,1.516e+1,,,5.462e-1,,,1.189e-7,,1.526e-18,,6.037e-19,,2.796e-3,,,,4.824e-18,2.550e-16
561.78,1.648e+2,1.583e-20,1.969e-15,1.891e-39,3.211e-16,,,1.675e-18,3.268e-21,,1.987e-15,8.297e-3,2.123e-24,9.577e-18,1.049e-6,1.037e-18,2.291e-20,1.676e-25,,1.736e-3,5.931e-19,1.810e-37,5.225e-12,,3.122e-26,3.496e-3,,2.319e-19,1.642e-20,1.480e+2,3.132e-11,3.657e-29,1.626e-19,1.575e-22,2.133e-1,1.943e-17,2.069e-2,2.878e-17,7.038e-4,1.260e-17,1.795e-3,,1.599e+1,,,5.582e-1,,,1.764e-7,,1.527e-18,,6.036e-19,,3.587e-3,,,,4.823e-18,2.550e-16
561.8,1.612e+2,1.590e-20,2.587e-15,1.892e-39,3.322e-16,,,1.675e-18,3.269e-21,,1.987e-15,7.847e-3,2.123e-24,9.576e-18,1.258e-6,8.254e-19,2.291e-20,1.678e-25,,1.437e-3,5.935e-19,1.771e-37,7.550e-12,,3.130e-26,3.978e-3,,2.320e-19,1.642e-20,1.439e+2,4.321e-11,3.661e-29,1.626e-19,1.575e-22,2.316e-1,1.942e-17,2.434e-2,2.879e-17,5.748e-4,1.259e-17,1.466e-3,,1.652e+1,,,5.647e-1,,,2.287e-7,,1.527e-18,,6.035e-19,,4.221e-3,,,,4.822e-18,2.550e-16
561.83,1.555e+2,1.601e-20,3.878e-15,1.894e-39,3.479e-16,,,1.675e-18,3.271e-21,,1.987e-15,7.183e-3,2.124e-24,9.576e-18,1.646e-6,5.834e-19,2.290e-20,1.681e-25,,1.078e-3,5.940e-19,1.713e-37,1.306e-11,,3.141e-26,4.807e-3,,2.321e-19,1.642e-20,1.374e+2,7.020e-11,3.666e-29,1.627e-19,1.574e-22,2.674e-1,1.940e-17,3.094e-2,2.881e-17,4.223e-4,1.259e-17,1.077e-3,,1.727e+1,,,5.721e-1,,,3.362e-7,,1.527e-18,,6.035e-19,,5.365e-3,,,,4.821e-18,2.551e-16
561.85,1.514e+2,1.608e-20,5.065e-15,1.895e-39,3.578e-16,,,1.675e-18,3.272e-21,,1.986e-15,6.752e-3,2.125e-24,9.576e-18,1.963e-6,4.616e-19,2.290e-20,1.683e-25,,8.870e-4,5.944e-19,1.674e-37,1.875e-11,,3.149e-26,5.437e-3,,2.322e-19,1.642e-20,1.328e+2,9.693e-11,3.670e-29,1.627e-19,1.574e-22,2.972e-1,1.939e-17,3.619e-2,2.883e-17,3.428e-4,1.258e-17,8.743e-4,,1.774e+1,,,5.754e-1,,,4.334e-7,,1.527e-18,,6.034e-19,,6.276e-3,,,,4.821e-18,2.551e-16
561.88,1.450e+2,1.618e-20,7.526e-15,1.897e-39,3.714e-16,,,1.675e-18,3.274e-21,,1.986e-15,6.125e-3,2.126e-24,9.576e-18,2.544e-6,3.233e-19,2.289e-20,1.686e-25,,6.595e-4,5.950e-19,1.615e-37,3.214e-11,,3.160e-26,6.510e-3,,2.324e-19,1.643e-20,1.256e+2,1.568e-10,3.676e-29,1.627e-19,1.573e-22,3.518e-1,1.937e-17,4.559e-2,2.885e-17,2.496e-4,1.258e-17,6.365e-4,,1.838e+1,,,5.780e-1,,,6.313e-7,,1.527e-18,,6.033e-19,,7.904e-3,,,,4.820e-18,2.551e-16
561.9,1.405e+2,1.625e-20,9.769e-15,1.898e-39,3.795e-16,,,1.675e-18,3.275e-21,,1.986e-15,5.722e-3,2.127e-24,9.576e-18,3.016e-6,2.542e-19,2.289e-20,1.688e-25,,5.397e-4,5.953e-19,1.576e-37,4.589e-11,,3.167e-26,7.320e-3,,2.324e-19,1.643e-20,1.207e+2,2.154e-10,3.680e-29,1.627e-19,1.572e-22,3.955e-1,1.936e-17,5.301e-2,2.887e-17,2.014e-4,1.257e-17,5.136e-4,,1.876e+1,,,5.782e-1,,,8.089e-7,,1.527e-18,,6.033e-19,,9.191e-3,,,,4.819e-18,2.551e-16
561.93,1.335e+2,1.636e-20,1.438e-14,1.900e-39,3.904e-16,,,1.675e-18,3.277e-21,,1.985e-15,5.144e-3,2.128e-24,9.576e-18,3.874e-6,1.764e-19,2.288e-20,1.692e-25,,3.977e-4,5.959e-19,1.517e-37,7.794e-11,,3.179e-26,8.686e-3,,2.326e-19,1.643e-20,1.131e+2,3.456e-10,3.685e-29,1.627e-19,1.571e-22,4.728e-1,1.934e-17,6.618e-2,2.889e-17,1.453e-4,1.257e-17,3.705e-4,,1.926e+1,,,5.760e-1,,,1.168e-6,,1.528e-18,,6.032e-19,,1.147e-2,,,,4.818e-18,2.552e-16
561.95,1.288e+2,1.643e-20,1.856e-14,1.901e-39,3.966e-16,,,1.675e-18,3.278e-21,,1.985e-15,4.777e-3,2.128e-24,9.576e-18,4.564e-6,1.379e-19,2.287e-20,1.694e-25,,3.236e-4,5.962e-19,1.478e-37,1.106e-10,,3.186e-26,9.707e-3,,2.327e-19,1.643e-20,1.080e+2,4.722e-10,3.689e-29,1.627e-19,1.571e-22,5.332e-1,1.933e-17,7.649e-2,2.890e-17,1.165e-4,1.257e-17,2.971e-4,,1.955e+1,,,5.731e-1,,,1.487e-6,,1.528e-18,,6.032e-19,,1.326e-2,,,,4.817e-18,2.552e-16
561.98,1.216e+2,1.653e-20,2.709e-14,1.903e-39,4.042e-16,,,1.675e-18,3.280e-21,,1.984e-15,4.255e-3,2.129e-24,9.575e-18,5.811e-6,9.484e-20,2.287e-20,1.697e-25,,2.364e-4,5.968e-19,1.419e-37,1.862e-10,,3.197e-26,1.142e-2,,2.328e-19,1.643e-20,1.004e+2,7.508e-10,3.695e-29,1.628e-19,1.570e-22,6.381e-1,1.931e-17,9.463e-2,2.893e-17,8.328e-5,1.256e-17,2.124e-4,,1.989e+1,,,5.666e-1,,,2.128e-6,,1.528e-18,,6.031e-19,,1.640e-2,,,,4.816e-18,2.552e-16
562,1.168e+2,1.660e-20,3.474e-14,1.905e-39,4.081e-16,,,1.675e-18,3.281e-21,,1.984e-15,3.927e-3,2.130e-24,9.575e-18,6.805e-6,7.367e-20,2.286e-20,1.699e-25,,1.912e-4,5.972e-19,1.380e-37,2.627e-10,,3.205e-26,1.268e-2,,2.329e-19,1.644e-20,9.528e+1,1.020e-9,3.699e-29,1.628e-19,1.570e-22,7.186e-1,1.930e-17,1.087e-1,2.894e-17,6.638e-5,1.256e-17,1.693e-4,,2.006e+1,,,5.610e-1,,,2.694e-6,,1.528e-18,,6.030e-19,,1.884e-2,,,,4.815e-18,2.552e-16
562.03,1.095e+2,1.671e-20,5.024e-14,1.906e-39,4.122e-16,,,1.675e-18,3.283e-21,,1.984e-15,3.467e-3,2.131e-24,9.575e-18,8.586e-6,5.020e-20,2.286e-20,1.702e-25,,1.384e-4,5.977e-19,1.322e-37,4.382e-10,,3.216e-26,1.478e-2,,2.330e-19,1.644e-20,8.772e+1,1.607e-9,3.704e-29,1.628e-19,1.569e-22,8.566e-1,1.928e-17,1.333e-1,2.896e-17,4.702e-5,1.255e-17,1.199e-4,,2.022e+1,,,5.507e-1,,,3.819e-6,,1.528e-18,,6.030e-19,,2.310e-2,,,,4.814e-18,2.553e-16
562.05,1.047e+2,1.678e-20,6.405e-14,1.908e-39,4.137e-16,,,1.675e-18,3.284e-21,,1.983e-15,3.180e-3,2.131e-24,9.575e-18,9.994e-6,3.876e-20,2.285e-20,1.704e-25,,1.113e-4,5.981e-19,1.283e-37,6.145e-10,,3.223e-26,1.632e-2,,2.331e-19,1.644e-20,8.277e+1,2.170e-9,3.708e-29,1.628e-19,1.568e-22,9.610e-1,1.926e-17,1.523e-1,2.898e-17,3.725e-5,1.255e-17,9.501e-5,,2.027e+1,,,5.428e-1,,,4.806e-6,,1.528e-18,,6.029e-19,,2.637e-2,,,,4.814e-18,2.553e-16
562.07,1.000e+2,1.685e-20,8.147e-14,1.909e-39,4.142e-16,,,1.675e-18,3.285e-21,,1.983e-15,2.911e-3,2.132e-24,9.575e-18,1.161e-5,2.985e-20,2.285e-20,1.706e-25,,8.927e-5,5.985e-19,1.243e-37,8.597e-10,,3.231e-26,1.797e-2,,2.332e-19,1.644e-20,7.791e+1,2.922e-9,3.712e-29,1.628e-19,1.568e-22,1.076e+0,1.925e-17,1.735e-1,2.899e-17,2.944e-5,1.254e-17,7.509e-5,,2.027e+1,,,5.342e-1,,,6.033e-6,,1.528e-18,,6.029e-19,,3.004e-2,,,,4.813e-18,2.553e-16
562.1,9.306e+1,1.695e-20,1.163e-13,1.911e-39,4.131e-16,,,1.675e-18,3.287e-21,,1.983e-15,2.537e-3,2.133e-24,9.575e-18,1.446e-5,2.008e-20,2.284e-20,1.710e-25,,6.385e-5,5.990e-19,1.185e-37,1.416e-9,,3.242e-26,2.068e-2,,2.333e-19,1.644e-20,7.083e+1,4.547e-9,3.718e-29,1.628e-19,1.567e-22,1.271e+0,1.923e-17,2.101e-1,2.901e-17,2.059e-5,1.254e-17,5.251e-5,,2.018e+1,,,5.202e-1,,,8.446e-6,,1.529e-18,,6.028e-19,,3.636e-2,,,,4.812e-18,2.554e-16
562.12,8.856e+1,1.702e-20,1.471e-13,1.912e-39,4.111e-16,,,1.675e-18,3.288e-21,,1.982e-15,2.307e-3,2.133e-24,9.574e-18,1.669e-5,1.537e-20,2.284e-20,1.712e-25,,5.091e-5,5.994e-19,1.146e-37,1.969e-9,,3.250e-26,2.264e-2,,2.334e-19,1.644e-20,6.627e+1,6.088e-9,3.722e-29,1.629e-19,1.566e-22,1.416e+0,1.922e-17,2.379e-1,2.903e-17,1.617e-5,1.253e-17,4.125e-5,,2.006e+1,,,5.102e-1,,,1.054e-5,,1.529e-18,,6.027e-19,,4.117e-2,,,,4.811e-18,2.554e-16
562.15,8.202e+1,1.713e-20,2.081e-13,1.914e-39,4.063e-16,,,1.674e-18,3.290e-21,,1.982e-15,1.993e-3,2.134e-24,9.574e-18,2.060e-5,1.025e-20,2.283e-20,1.715e-25,,3.609e-5,5.999e-19,1.087e-37,3.215e-9,,3.261e-26,2.582e-2,,2.335e-19,1.645e-20,5.972e+1,9.388e-9,3.727e-29,1.629e-19,1.566e-22,1.658e+0,1.920e-17,2.855e-1,2.905e-17,1.120e-5,1.253e-17,2.858e-5,,1.978e+1,,,4.948e-1,,,1.462e-5,,1.529e-18,,6.027e-19,,4.939e-2,,,,4.810e-18,2.554e-16
562.17,7.782e+1,1.720e-20,2.616e-13,1.915e-39,4.019e-16,,,1.674e-18,3.291e-21,,1.982e-15,1.802e-3,2.135e-24,9.574e-18,2.364e-5,7.798e-21,2.283e-20,1.717e-25,,2.861e-5,6.003e-19,1.048e-37,4.444e-9,,3.268e-26,2.809e-2,,2.336e-19,1.645e-20,5.555e+1,1.249e-8,3.731e-29,1.629e-19,1.565e-22,1.837e+0,1.919e-17,3.214e-1,2.907e-17,8.748e-6,1.253e-17,2.232e-5,,1.955e+1,,,4.845e-1,,,1.814e-5,,1.529e-18,,6.026e-19,,5.558e-2,,,,4.810e-18,2.554e-16
562.2,7.181e+1,1.730e-20,3.668e-13,1.917e-39,3.936e-16,,,1.674e-18,3.293e-21,,1.981e-15,1.542e-3,2.136e-24,9.574e-18,2.892e-5,5.151e-21,2.282e-20,1.720e-25,,2.010e-5,6.008e-19,9.892e-38,7.191e-9,,3.280e-26,3.175e-2,,2.337e-19,1.645e-20,4.962e+1,1.910e-8,3.737e-29,1.629e-19,1.564e-22,2.133e+0,1.917e-17,3.823e-1,2.909e-17,6.007e-6,1.252e-17,1.532e-5,,1.911e+1,,,4.690e-1,,,2.494e-5,,1.529e-18,,6.025e-19,,6.607e-2,,,,4.809e-18,2.555e-16
562.22,6.800e+1,1.737e-20,4.582e-13,1.918e-39,3.870e-16,,,1.674e-18,3.294e-21,,1.981e-15,1.386e-3,2.137e-24,9.574e-18,3.298e-5,3.895e-21,2.282e-20,1.722e-25,,1.584e-5,6.012e-19,9.501e-38,9.880e-9,,3.287e-26,3.434e-2,,2.338e-19,1.645e-20,4.589e+1,2.526e-8,3.741e-29,1.629e-19,1.564e-22,2.350e+0,1.916e-17,4.278e-1,2.910e-17,4.661e-6,1.252e-17,1.189e-5,,1.876e+1,,,4.590e-1,,,3.074e-5,,1.529e-18,,6.025e-19,,7.392e-2,,,,4.808e-18,2.555e-16
562.25,6.260e+1,1.748e-20,6.369e-13,1.920e-39,3.755e-16,,,1.674e-18,3.296e-21,,1.981e-15,1.175e-3,2.137e-24,9.574e-18,3.999e-5,2.550e-21,2.281e-20,1.725e-25,,1.103e-5,6.018e-19,8.915e-38,1.584e-8,,3.298e-26,3.846e-2,,2.339e-19,1.646e-20,4.064e+1,3.826e-8,3.746e-29,1.630e-19,1.563e-22,2.705e+0,1.914e-17,5.043e-1,2.912e-17,3.171e-6,1.251e-17,8.091e-6,,1.818e+1,,,4.449e-1,,,4.190e-5,,1.530e-18,,6.024e-19,,8.707e-2,,,,4.807e-18,2.555e-16
562.27,5.922e+1,1.755e-20,7.908e-13,1.921e-39,3.670e-16,,,1.674e-18,3.297e-21,,1.980e-15,1.050e-3,2.138e-24,9.573e-18,4.533e-5,1.916e-21,2.281e-20,1.728e-25,,8.641e-6,6.021e-19,8.524e-38,2.164e-8,,3.306e-26,4.135e-2,,2.340e-19,1.646e-20,3.738e+1,5.032e-8,3.750e-29,1.630e-19,1.562e-22,2.962e+0,1.912e-17,5.610e-1,2.914e-17,2.446e-6,1.251e-17,6.240e-6,,1.774e+1,,,4.362e-1,,,5.134e-5,,1.530e-18,,6.024e-19,,9.682e-2,,,,4.806e-18,2.555e-16
562.3,5.449e+1,1.765e-20,1.089e-12,1.923e-39,3.529e-16,,,1.674e-18,3.299e-21,,1.980e-15,8.820e-4,2.139e-24,9.573e-18,5.447e-5,1.243e-21,2.280e-20,1.731e-25,,5.964e-6,6.027e-19,7.937e-38,3.439e-8,,3.317e-26,4.588e-2,,2.342e-19,1.646e-20,3.284e+1,7.553e-8,3.756e-29,1.630e-19,1.562e-22,3.379e+0,1.910e-17,6.554e-1,2.916e-17,1.649e-6,1.250e-17,4.207e-6,,1.703e+1,,,4.248e-1,,,6.933e-5,,1.530e-18,,6.023e-19,,1.130e-1,,,,4.805e-18,2.556e-16
562.32,5.157e+1,1.772e-20,1.344e-12,1.924e-39,3.428e-16,,,1.674e-18,3.300e-21,,1.980e-15,7.831e-4,2.140e-24,9.573e-18,6.137e-5,9.286e-22,2.280e-20,1.733e-25,,4.644e-6,6.031e-19,7.546e-38,4.668e-8,,3.325e-26,4.904e-2,,2.342e-19,1.646e-20,3.005e+1,9.873e-8,3.760e-29,1.630e-19,1.561e-22,3.679e+0,1.909e-17,7.248e-1,2.918e-17,1.264e-6,1.250e-17,3.225e-6,,1.652e+1,,,4.184e-1,,,8.445e-5,,1.530e-18,,6.022e-19,,1.249e-1,,,,4.805e-18,2.556e-16
562.35,4.754e+1,1.783e-20,1.835e-12,1.926e-39,3.267e-16,,,1.674e-18,3.302e-21,,1.979e-15,6.521e-4,2.141e-24,9.573e-18,7.308e-5,5.968e-22,2.279e-20,1.736e-25,,3.177e-6,6.036e-19,6.960e-38,7.352e-8,,3.336e-26,5.393e-2,,2.344e-19,1.646e-20,2.621e+1,1.469e-7,3.765e-29,1.630e-19,1.560e-22,4.159e+0,1.907e-17,8.391e-1,2.920e-17,8.445e-7,1.249e-17,2.155e-6,,1.572e+1,,,4.110e-1,,,1.130e-4,,1.530e-18,,6.022e-19,,1.445e-1,,,,4.804e-18,2.556e-16
562.37,4.509e+1,1.790e-20,2.251e-12,1.927e-39,3.154e-16,,,1.674e-18,3.303e-21,,1.979e-15,5.754e-4,2.141e-24,9.573e-18,8.185e-5,4.431e-22,2.279e-20,1.738e-25,,2.459e-6,6.040e-19,6.569e-38,9.922e-8,,3.343e-26,5.728e-2,,2.345e-19,1.646e-20,2.388e+1,1.908e-7,3.769e-29,1.630e-19,1.560e-22,4.501e+0,1.906e-17,9.224e-1,2.921e-17,6.435e-7,1.249e-17,1.642e-6,,1.516e+1,,,4.077e-1,,,1.369e-4,,1.530e-18,,6.021e-19,,1.588e-1,,,,4.803e-18,2.557e-16
562.4,4.175e+1,1.800e-20,3.046e-12,1.929e-39,2.979e-16,,,1.674e-18,3.305e-21,,1.978e-15,4.748e-4,2.142e-24,9.573e-18,9.658e-5,2.822e-22,2.278e-20,1.741e-25,,1.667e-6,6.045e-19,5.982e-38,1.549e-7,,3.355e-26,6.243e-2,,2.346e-19,1.647e-20,2.071e+1,2.814e-7,3.775e-29,1.631e-19,1.559e-22,5.043e+0,1.904e-17,1.058e+0,2.924e-17,4.260e-7,1.248e-17,1.087e-6,,1.429e+1,,,4.056e-1,,,1.815e-4,,1.531e-18,,6.020e-19,,1.820e-1,,,,4.802e-18,2.557e-16
562.42,3.975e+1,1.807e-20,3.714e-12,1.930e-39,2.859e-16,,,1.674e-18,3.306e-21,,1.978e-15,4.165e-4,2.143e-24,9.573e-18,1.075e-4,2.083e-22,2.278e-20,1.743e-25,,1.283e-6,6.049e-19,5.591e-38,2.077e-7,,3.362e-26,6.592e-2,,2.347e-19,1.647e-20,1.880e+1,3.634e-7,5.892e-29,1.631e-19,1.558e-22,5.425e+0,1.903e-17,1.157e+0,2.925e-17,3.226e-7,1.248e-17,8.230e-7,,1.369e+1,,,4.062e-1,,,2.184e-4,,1.531e-18,,6.020e-19,,1.988e-1,,,,4.801e-18,2.557e-16
562.44,3.793e+1,1.814e-20,4.519e-12,1.931e-39,2.737e-16,,,1.674e-18,3.307e-21,,1.978e-15,3.644e-4,2.143e-24,9.572e-18,1.194e-4,1.533e-22,2.277e-20,1.746e-25,,9.847e-7,6.053e-19,5.200e-38,2.780e-7,,3.370e-26,6.943e-2,,2.348e-19,1.647e-20,1.706e+1,4.682e-7,9.175e-29,1.631e-19,1.558e-22,5.821e+0,1.902e-17,1.261e+0,2.926e-17,2.437e-7,1.248e-17,6.217e-7,,1.309e+1,,,4.085e-1,,,2.623e-4,,1.531e-18,,6.019e-19,,2.166e-1,,,,4.801e-18,2.557e-16
562.47,3.552e+1,1.825e-20,6.036e-12,1.933e-39,2.552e-16,,,1.674e-18,3.309e-21,,1.977e-15,2.969e-4,2.144e-24,9.572e-18,1.391e-4,9.639e-23,2.276e-20,1.749e-25,,6.593e-7,6.058e-19,4.614e-38,4.285e-7,,3.381e-26,7.472e-2,,2.349e-19,1.647e-20,1.472e+1,6.818e-7,1.775e-28,1.631e-19,1.557e-22,6.441e+0,1.900e-17,1.429e+0,2.929e-17,1.593e-7,1.247e-17,4.064e-7,,1.219e+1,,,4.154e-1,,,3.435e-4,,1.531e-18,,6.019e-19,,2.451e-1,,,,4.800e-18,2.558e-16
562.49,3.412e+1,1.832e-20,7.299e-12,1.934e-39,2.428e-16,,,1.674e-18,3.310e-21,,1.977e-15,2.582e-4,2.145e-24,9.572e-18,1.536e-4,7.053e-23,2.276e-20,1.751e-25,,5.031e-7,6.062e-19,4.223e-38,5.700e-7,,3.388e-26,7.823e-2,,2.350e-19,1.647e-20,1.335e+1,8.732e-7,2.747e-28,1.631e-19,1.557e-22,6.871e+0,1.898e-17,1.549e+0,2.930e-17,1.196e-7,1.247e-17,3.051e-7,,1.158e+1,,,4.224e-1,,,4.099e-4,,1.531e-18,,6.018e-19,,2.655e-1,,,,4.799e-18,2.558e-16
562.52,3.232e+1,1.842e-20,9.663e-12,1.936e-39,2.244e-16,,,1.674e-18,3.312e-21,,1.977e-15,2.085e-4,2.146e-24,9.572e-18,1.773e-4,4.394e-23,2.275e-20,1.754e-25,,3.338e-7,6.067e-19,3.636e-38,8.707e-7,,3.400e-26,8.342e-2,,2.351e-19,1.648e-20,1.155e+1,1.260e-6,5.267e-28,1.631e-19,1.556e-22,7.535e+0,1.896e-17,1.739e+0,2.932e-17,7.745e-8,1.246e-17,1.976e-7,,1.068e+1,,,4.366e-1,,,5.321e-4,,1.531e-18,,6.017e-19,,2.978e-1,,,,4.798e-18,2.558e-16
562.54,3.131e+1,1.849e-20,1.162e-11,1.937e-39,2.122e-16,,,1.674e-18,3.313e-21,,1.976e-15,1.802e-4,2.147e-24,9.572e-18,1.946e-4,3.195e-23,2.275e-20,1.756e-25,,2.532e-7,6.071e-19,3.245e-38,1.151e-6,,3.407e-26,8.681e-2,,2.352e-19,1.648e-20,1.050e+1,1.604e-6,8.104e-28,1.632e-19,1.555e-22,7.989e+0,1.895e-17,1.874e+0,2.934e-17,5.780e-8,1.246e-17,1.475e-7,,1.009e+1,,,4.486e-1,,,6.312e-4,,1.532e-18,,6.017e-19,,3.205e-1,,,,4.797e-18,2.559e-16
562.57,3.007e+1,1.860e-20,1.524e-11,1.939e-39,1.943e-16,,,1.673e-18,3.315e-21,,1.976e-15,1.442e-4,2.147e-24,9.572e-18,2.227e-4,1.973e-23,2.274e-20,1.759e-25,,1.665e-7,6.077e-19,2.659e-38,1.743e-6,,3.418e-26,9.174e-2,,2.353e-19,1.648e-20,9.155e+0,2.294e-6,1.540e-27,1.632e-19,1.555e-22,8.683e+0,1.893e-17,2.086e+0,2.936e-17,3.710e-8,1.245e-17,9.475e-8,,9.225e+0,,,4.704e-1,,,8.118e-4,,1.532e-18,,6.016e-19,,3.563e-1,,,,4.796e-18,2.559e-16
562.59,2.941e+1,1.867e-20,1.821e-11,1.940e-39,1.827e-16,,,1.673e-18,3.316e-21,,1.976e-15,1.239e-4,2.148e-24,9.571e-18,2.429e-4,1.426e-23,2.274e-20,1.761e-25,,1.255e-7,6.080e-19,2.268e-38,2.291e-6,,3.426e-26,9.490e-2,,2.354e-19,1.648e-20,8.393e+0,2.903e-6,2.355e-27,1.632e-19,1.554e-22,9.152e+0,1.892e-17,2.234e+0,2.938e-17,2.752e-8,1.245e-17,7.035e-8,,8.662e+0,,,4.876e-1,,,9.573e-4,,1.532e-18,,6.016e-19,,3.812e-1,,,,4.796e-18,2.559e-16
562.62,2.865e+1,1.877e-20,2.367e-11,1.942e-39,1.658e-16,,,1.673e-18,3.318e-21,,1.975e-15,9.819e-5,2.149e-24,9.571e-18,2.754e-4,8.722e-24,2.273e-20,1.765e-25,,8.182e-8,6.086e-19,1.681e-38,3.437e-6,,3.437e-26,9.939e-2,,2.355e-19,1.648e-20,7.439e+0,4.115e-6,4.435e-27,1.632e-19,1.553e-22,9.858e+0,1.890e-17,2.465e+0,2.940e-17,1.751e-8,1.244e-17,4.491e-8,,7.845e+0,,,5.172e-1,,,1.220e-3,,1.532e-18,,6.015e-19,,4.200e-1,,,,4.795e-18,2.559e-16
562.64,2.828e+1,1.884e-20,2.812e-11,1.944e-39,1.549e-16,,,1.673e-18,3.319e-21,,1.975e-15,8.385e-5,2.150e-24,9.571e-18,2.986e-4,6.266e-24,2.273e-20,1.767e-25,,6.132e-8,6.089e-19,2.626e-38,4.490e-6,,3.444e-26,1.022e-1,,2.356e-19,1.649e-20,6.917e+0,5.176e-6,6.743e-27,1.632e-19,1.553e-22,1.033e+1,1.889e-17,2.624e+0,2.941e-17,1.292e-8,1.244e-17,3.328e-8,,7.322e+0,,,5.394e-1,,,1.430e-3,,1.532e-18,,6.014e-19,,4.466e-1,,,,4.794e-18,2.560e-16
562.67,2.793e+1,1.895e-20,3.623e-11,1.945e-39,1.393e-16,,,1.673e-18,3.321e-21,,1.974e-15,6.587e-5,2.151e-24,9.571e-18,3.355e-4,3.798e-24,2.272e-20,1.770e-25,,3.961e-8,6.095e-19,5.104e-38,6.676e-6,,3.456e-26,1.061e-1,,2.357e-19,1.649e-20,6.292e+0,7.271e-6,1.259e-26,1.632e-19,1.552e-22,1.103e+1,1.887e-17,2.870e+0,2.943e-17,8.168e-9,1.244e-17,2.136e-8,,6.572e+0,,,5.763e-1,,,1.807e-3,,1.532e-18,,6.013e-19,,4.876e-1,,,,4.793e-18,2.560e-16
562.69,2.782e+1,1.902e-20,4.278e-11,1.947e-39,1.294e-16,,,1.673e-18,3.322e-21,,1.974e-15,5.591e-5,2.151e-24,9.571e-18,3.615e-4,2.712e-24,2.272e-20,1.772e-25,,2.951e-8,6.099e-19,7.927e-38,8.670e-6,,3.463e-26,1.084e-1,,2.358e-19,1.649e-20,5.971e+0,9.092e-6,1.902e-26,1.633e-19,1.551e-22,1.148e+1,1.886e-17,3.038e+0,2.945e-17,6.014e-9,1.243e-17,1.606e-8,,6.096e+0,,,6.031e-1,,,2.105e-3,,1.532e-18,,6.013e-19,,5.154e-1,,,,4.792e-18,2.560e-16
562.72,2.780e+1,1.912e-20,5.462e-11,1.948e-39,1.153e-16,,,1.673e-18,3.324e-21,,1.974e-15,4.353e-5,2.152e-24,9.571e-18,4.026e-4,1.629e-24,2.271e-20,1.775e-25,,1.889e-8,6.104e-19,1.527e-37,1.278e-5,,3.474e-26,1.115e-1,,2.360e-19,1.649e-20,5.618e+0,1.266e-5,3.519e-26,1.633e-19,1.551e-22,1.215e+1,1.884e-17,3.294e+0,2.947e-17,3.816e-9,1.243e-17,1.089e-8,,5.422e+0,,,6.465e-1,,,2.635e-3,,1.533e-18,,6.012e-19,,5.576e-1,,,,4.791e-18,2.561e-16
562.74,2.788e+1,1.919e-20,6.410e-11,1.950e-39,1.064e-16,,,1.673e-18,3.325e-21,,1.973e-15,3.672e-5,2.153e-24,9.570e-18,4.313e-4,1.156e-24,2.271e-20,1.777e-25,,1.399e-8,6.108e-19,2.357e-37,1.649e-5,,3.482e-26,1.132e-1,,2.360e-19,1.649e-20,5.461e+0,1.573e-5,5.286e-26,1.633e-19,1.550e-22,1.258e+1,1.882e-17,3.466e+0,2.949e-17,2.844e-9,1.242e-17,8.845e-9,,5.000e+0,,,6.774e-1,,,3.052e-3,,1.533e-18,,6.012e-19,,5.859e-1,,,,4.791e-18,2.561e-16
562.77,2.812e+1,1.930e-20,8.113e-11,1.951e-39,9.396e-17,,,1.673e-18,3.327e-21,,1.973e-15,2.833e-5,2.154e-24,9.570e-18,4.759e-4,6.880e-25,2.270e-20,1.780e-25,,8.873e-9,6.113e-19,4.501e-37,2.408e-5,,3.493e-26,1.154e-1,,2.362e-19,1.650e-20,5.329e+0,2.171e-5,9.691e-26,1.633e-19,1.549e-22,1.319e+1,1.881e-17,3.724e+0,2.951e-17,1.899e-9,1.242e-17,7.399e-9,,4.407e+0,,,7.262e-1,,,3.786e-3,,1.533e-18,,6.011e-19,,6.282e-1,,,,4.790e-18,2.561e-16
562.79,2.835e+1,1.937e-20,9.464e-11,1.953e-39,8.622e-17,,,1.673e-18,3.328e-21,,1.973e-15,2.375e-5,2.154e-24,9.570e-18,5.067e-4,4.853e-25,2.270e-20,1.783e-25,,6.531e-9,6.117e-19,6.906e-37,3.091e-5,,3.501e-26,1.165e-1,,2.363e-19,1.650e-20,5.303e+0,2.682e-5,1.447e-25,1.633e-19,1.549e-22,1.357e+1,1.879e-17,3.896e+0,2.952e-17,1.523e-9,1.241e-17,7.380e-9,,4.039e+0,,,7.601e-1,,,4.358e-3,,1.533e-18,,6.010e-19,,6.561e-1,,,,4.789e-18,2.561e-16
562.81,2.862e+1,1.944e-20,1.101e-10,1.954e-39,7.893e-17,,,1.673e-18,3.329e-21,,1.972e-15,1.987e-5,2.155e-24,9.570e-18,5.382e-4,3.415e-25,2.269e-20,1.785e-25,,4.796e-9,6.121e-19,1.057e-36,3.957e-5,,3.508e-26,1.174e-1,,2.364e-19,1.650e-20,5.323e+0,3.307e-5,2.156e-25,1.633e-19,1.548e-22,1.393e+1,1.878e-17,4.067e+0,2.954e-17,1.305e-9,1.241e-17,8.098e-9,,3.693e+0,,,7.950e-1,,,5.005e-3,,1.533e-18,,6.010e-19,,6.835e-1,,,,4.788e-18,2.562e-16
562.84,2.908e+1,1.954e-20,1.376e-10,1.956e-39,6.881e-17,,,1.673e-18,3.331e-21,,1.972e-15,1.513e-5,2.156e-24,9.570e-18,5.865e-4,2.007e-25,2.269e-20,1.788e-25,,3.004e-9,6.126e-19,1.994e-36,5.705e-5,,3.519e-26,1.181e-1,,2.365e-19,1.650e-20,5.426e+0,4.505e-5,3.904e-25,1.634e-19,1.547e-22,1.443e+1,1.876e-17,4.318e+0,2.956e-17,1.231e-9,1.241e-17,1.071e-8,,3.213e+0,,,8.486e-1,,,6.132e-3,,1.533e-18,,6.009e-19,,7.236e-1,,,,4.787e-18,2.562e-16
562.86,2.943e+1,1.961e-20,1.592e-10,1.957e-39,6.261e-17,,,1.673e-18,3.332e-21,,1.972e-15,1.258e-5,2.157e-24,9.570e-18,6.192e-4,1.403e-25,2.268e-20,1.790e-25,,2.193e-9,6.130e-19,3.034e-36,7.260e-5,,3.527e-26,1.183e-1,,2.366e-19,1.650e-20,5.538e+0,5.521e-5,5.781e-25,1.634e-19,1.547e-22,1.473e+1,1.875e-17,4.480e+0,2.958e-17,1.340e-9,1.240e-17,1.369e-8,,2.920e+0,,,8.849e-1,,,6.999e-3,,1.534e-18,,6.009e-19,,7.494e-1,,,,4.787e-18,2.562e-16
562.89,2.996e+1,1.972e-20,1.972e-10,1.959e-39,5.409e-17,,,1.673e-18,3.334e-21,,1.971e-15,9.497e-6,2.157e-24,9.569e-18,6.687e-4,8.170e-26,2.268e-20,1.793e-25,,1.361e-9,6.135e-19,5.669e-36,1.038e-4,,3.538e-26,1.179e-1,,2.367e-19,1.651e-20,5.763e+0,7.455e-5,1.037e-24,1.634e-19,1.546e-22,1.511e+1,1.873e-17,4.716e+0,2.960e-17,1.767e-9,1.240e-17,2.066e-8,,2.518e+0,,,9.397e-1,,,8.497e-3,,1.534e-18,,6.008e-19,,7.862e-1,,,,4.786e-18,2.563e-16
562.91,3.033e+1,1.979e-20,2.268e-10,1.960e-39,4.892e-17,,,1.673e-18,3.335e-21,,1.971e-15,7.849e-6,2.158e-24,9.569e-18,7.017e-4,5.680e-26,2.267e-20,1.795e-25,,9.876e-10,6.139e-19,8.575e-36,1.312e-4,,3.546e-26,1.174e-1,,2.368e-19,1.651e-20,5.944e+0,9.081e-5,1.527e-24,1.634e-19,1.546e-22,1.533e+1,1.872e-17,4.866e+0,2.961e-17,2.263e-9,1.239e-17,2.755e-8,,2.275e+0,,,9.761e-1,,,9.641e-3,,1.534e-18,,6.007e-19,,8.093e-1,,,,4.785e-18,2.563e-16
562.94,3.088e+1,1.989e-20,2.784e-10,1.962e-39,4.188e-17,,,1.673e-18,3.337e-21,,1.971e-15,5.870e-6,2.159e-24,9.569e-18,7.510e-4,3.277e-26,2.266e-20,1.798e-25,,6.076e-10,6.145e-19,1.588e-35,1.859e-4,,3.557e-26,1.160e-1,,2.369e-19,1.651e-20,6.256e+0,1.215e-4,2.716e-24,1.634e-19,1.545e-22,1.560e+1,1.870e-17,5.079e+0,2.963e-17,3.434e-9,1.239e-17,4.271e-8,,1.944e+0,,,1.030e+0,,,1.160e-2,,1.534e-18,,6.007e-19,,8.414e-1,,,,4.784e-18,2.563e-16
562.96,3.123e+1,1.996e-20,3.182e-10,1.963e-39,3.765e-17,,,1.673e-18,3.338e-21,,1.970e-15,4.822e-6,2.160e-24,9.569e-18,7.833e-4,2.264e-26,2.266e-20,1.801e-25,,4.382e-10,6.148e-19,2.388e-35,2.337e-4,,3.564e-26,1.147e-1,,2.370e-19,1.651e-20,6.485e+0,1.472e-4,3.974e-24,1.634e-19,1.544e-22,1.573e+1,1.869e-17,5.211e+0,2.965e-17,4.600e-9,1.238e-17,5.724e-8,,1.745e+0,,,1.065e+0,,,1.308e-2,,1.534e-18,,6.006e-19,,8.609e-1,,,,4.783e-18,2.563e-16
562.99,3.172e+1,2.007e-20,3.871e-10,1.965e-39,3.194e-17,,,1.672e-18,3.340e-21,,1.970e-15,3.573e-6,2.161e-24,9.569e-18,8.308e-4,1.294e-26,2.265e-20,1.804e-25,,2.671e-10,6.154e-19,4.384e-35,3.281e-4,,3.576e-26,1.124e-1,,2.371e-19,1.651e-20,6.854e+0,1.952e-4,7.005e-24,1.635e-19,1.543e-22,1.586e+1,1.867e-17,5.393e+0,2.967e-17,7.181e-9,1.238e-17,8.861e-8,,1.478e+0,,,1.115e+0,,,1.560e-2,,1.534e-18,,6.005e-19,,8.870e-1,,,,4.782e-18,2.564e-16
563.01,3.201e+1,2.014e-20,4.399e-10,1.966e-39,2.854e-17,,,1.672e-18,3.341e-21,,1.970e-15,2.918e-6,2.161e-24,9.569e-18,8.614e-4,8.887e-27,2.265e-20,1.806e-25,,1.915e-10,6.157e-19,6.553e-35,4.100e-4,,3.583e-26,1.105e-1,,2.372e-19,1.652e-20,7.111e+0,2.350e-4,1.019e-23,1.635e-19,1.543e-22,1.590e+1,1.865e-17,5.503e+0,2.969e-17,9.669e-9,1.237e-17,1.183e-7,,1.319e+0,,,1.147e+0,,,1.749e-2,,1.535e-18,,6.005e-19,,9.021e-1,,,,4.782e-18,2.564e-16
563.04,3.240e+1,2.024e-20,5.304e-10,1.968e-39,2.399e-17,,,1.672e-18,3.343e-21,,1.969e-15,2.143e-6,2.162e-24,9.569e-18,9.053e-4,5.034e-27,2.264e-20,1.809e-25,,1.157e-10,6.163e-19,1.192e-34,5.704e-4,,3.594e-26,1.072e-1,,2.373e-19,1.652e-20,7.508e+0,3.089e-4,1.780e-23,1.635e-19,1.542e-22,1.589e+1,1.863e-17,5.649e+0,2.971e-17,1.507e-8,1.237e-17,1.818e-7,,1.107e+0,,,1.192e+0,,,2.067e-2,,1.535e-18,,6.004e-19,,9.211e-1,,,,4.781e-18,2.564e-16
563.06,3.261e+1,2.031e-20,5.991e-10,1.969e-39,2.131e-17,,,1.672e-18,3.344e-21,,1.969e-15,1.739e-6,2.163e-24,9.568e-18,9.330e-4,3.436e-27,2.264e-20,1.811e-25,,8.244e-11,6.167e-19,1.771e-34,7.086e-4,,3.602e-26,1.048e-1,,2.374e-19,1.652e-20,7.776e+0,3.696e-4,2.574e-23,1.635e-19,1.542e-22,1.583e+1,1.862e-17,5.733e+0,2.972e-17,2.022e-8,1.237e-17,2.414e-7,,9.819e-1,,,1.220e+0,,,2.303e-2,,1.535e-18,,6.004e-19,,9.312e-1,,,,4.780e-18,2.564e-16
563.09,3.285e+1,2.042e-20,7.161e-10,1.971e-39,1.775e-17,,,1.672e-18,3.346e-21,,1.968e-15,1.265e-6,2.164e-24,9.568e-18,9.717e-4,1.928e-27,2.263e-20,1.814e-25,,4.936e-11,6.172e-19,3.194e-34,9.769e-4,,3.613e-26,1.008e-1,,2.376e-19,1.652e-20,8.176e+0,4.816e-4,4.456e-23,1.635e-19,1.541e-22,1.568e+1,1.860e-17,5.838e+0,2.975e-17,3.129e-8,1.236e-17,3.677e-7,,8.165e-1,,,1.257e+0,,,2.697e-2,,1.535e-18,,6.003e-19,,9.422e-1,,,,4.779e-18,2.565e-16
563.11,3.295e+1,2.049e-20,8.040e-10,1.972e-39,1.567e-17,,,1.672e-18,3.347e-21,,1.968e-15,1.021e-6,2.164e-24,9.568e-18,9.955e-4,1.308e-27,2.263e-20,1.816e-25,,3.496e-11,6.176e-19,4.718e-34,1.206e-3,,3.620e-26,9.793e-2,,2.376e-19,1.652e-20,8.438e+0,5.729e-4,6.405e-23,1.635e-19,1.540e-22,1.554e+1,1.859e-17,5.894e+0,2.976e-17,4.174e-8,1.236e-17,4.853e-7,,7.199e-1,,,1.279e+0,,,2.987e-2,,1.535e-18,,6.002e-19,,9.467e-1,,,,4.778e-18,2.565e-16
563.14,3.301e+1,2.059e-20,9.524e-10,1.974e-39,1.294e-17,,,1.672e-18,3.349e-21,,1.968e-15,7.360e-7,2.165e-24,9.568e-18,1.027e-3,7.276e-28,2.262e-20,1.820e-25,,2.074e-11,6.181e-19,8.431e-34,1.648e-3,,3.632e-26,9.334e-2,,2.378e-19,1.653e-20,8.817e+0,7.398e-4,1.099e-22,1.636e-19,1.540e-22,1.525e+1,1.857e-17,5.955e+0,2.978e-17,6.404e-8,1.235e-17,7.327e-7,,5.933e-1,,,1.308e+0,,,3.467e-2,,1.535e-18,,6.002e-19,,9.493e-1,,,,4.777e-18,2.565e-16
563.16,3.299e+1,3.214e-20,1.063e-9,1.975e-39,1.135e-17,,,1.672e-18,3.350e-21,,1.967e-15,5.901e-7,2.166e-24,9.568e-18,1.046e-3,4.906e-28,2.262e-20,1.822e-25,,1.460e-11,6.185e-19,1.238e-33,2.023e-3,,3.639e-26,9.013e-2,,2.379e-19,1.653e-20,9.058e+0,8.748e-4,1.570e-22,1.636e-19,1.539e-22,1.502e+1,1.856e-17,5.981e+0,2.980e-17,8.492e-8,1.235e-17,9.614e-7,,5.199e-1,,,1.323e+0,,,3.817e-2,,1.536e-18,,6.001e-19,,9.482e-1,,,,4.777e-18,2.566e-16
563.18,3.291e+1,5.005e-20,1.184e-9,1.976e-39,9.936e-18,,,1.672e-18,3.352e-21,,1.967e-15,4.719e-7,2.166e-24,9.568e-18,1.063e-3,3.299e-28,2.261e-20,1.824e-25,,1.025e-11,6.189e-19,1.813e-33,2.478e-3,,3.647e-26,8.682e-2,,2.379e-19,1.653e-20,9.286e+0,1.032e-3,2.238e-22,1.636e-19,1.538e-22,1.476e+1,1.855e-17,5.995e+0,2.981e-17,1.124e-7,1.234e-17,1.258e-6,,4.545e-1,,,1.335e+0,,,4.192e-2,,1.536e-18,,6.001e-19,,9.448e-1,,,,4.776e-18,2.566e-16
563.21,3.270e+1,9.681e-20,1.385e-9,1.978e-39,8.099e-18,,,1.672e-18,3.353e-21,,1.967e-15,3.360e-7,2.167e-24,9.567e-18,1.083e-3,1.812e-28,2.261e-20,1.827e-25,,6.008e-12,6.194e-19,3.200e-33,3.343e-3,,3.658e-26,8.171e-2,,2.381e-19,1.653e-20,9.602e+0,1.316e-3,3.793e-22,1.636e-19,1.538e-22,1.431e+1,1.853e-17,5.995e+0,2.983e-17,1.702e-7,1.234e-17,1.876e-6,,3.698e-1,,,1.348e+0,,,4.804e-2,,1.536e-18,,6.000e-19,,9.354e-1,,,,4.775e-18,2.566e-16
563.23,3.249e+1,1.499e-19,1.534e-9,1.979e-39,7.046e-18,,,1.672e-18,3.355e-21,,1.966e-15,2.671e-7,2.168e-24,9.567e-18,1.094e-3,1.211e-28,2.260e-20,1.829e-25,,4.194e-12,6.198e-19,4.659e-33,4.070e-3,,3.665e-26,7.824e-2,,2.382e-19,1.653e-20,9.792e+0,1.543e-3,5.374e-22,1.636e-19,1.537e-22,1.398e+1,1.851e-17,5.981e+0,2.985e-17,2.239e-7,1.234e-17,2.441e-6,,3.213e-1,,,1.353e+0,,,5.245e-2,,1.536e-18,,5.999e-19,,9.264e-1,,,,4.774e-18,2.566e-16
563.26,3.208e+1,2.873e-19,1.779e-9,1.981e-39,5.692e-18,,,1.672e-18,3.356e-21,,1.966e-15,1.885e-7,2.169e-24,9.567e-18,1.105e-3,6.590e-29,2.260e-20,1.832e-25,,2.435e-12,6.203e-19,8.149e-33,5.442e-3,,3.677e-26,7.297e-2,,2.383e-19,1.654e-20,1.004e+1,1.951e-3,9.025e-22,1.637e-19,1.536e-22,1.344e+1,1.849e-17,5.939e+0,2.987e-17,3.361e-7,1.233e-17,3.607e-6,,2.591e-1,,,1.355e+0,,,5.957e-2,,1.536e-18,,5.999e-19,,9.090e-1,,,,4.773e-18,2.567e-16
563.28,3.174e+1,4.421e-19,1.958e-9,1.983e-39,4.922e-18,,,1.672e-18,3.358e-21,,1.966e-15,1.489e-7,2.170e-24,9.567e-18,1.109e-3,4.378e-29,2.259e-20,1.834e-25,,1.689e-12,6.207e-19,1.179e-32,6.585e-3,,3.684e-26,6.945e-2,,2.384e-19,1.654e-20,1.018e+1,2.274e-3,1.271e-21,1.637e-19,1.536e-22,1.305e+1,1.848e-17,5.898e+0,2.989e-17,4.394e-7,1.233e-17,4.666e-6,,2.238e-1,,,1.351e+0,,,6.464e-2,,1.536e-18,,5.998e-19,,8.948e-1,,,,4.773e-18,2.567e-16
563.31,3.114e+1,8.401e-19,2.251e-9,1.984e-39,3.940e-18,,,1.672e-18,3.359e-21,,1.965e-15,1.041e-7,2.171e-24,9.567e-18,1.110e-3,2.361e-29,2.259e-20,1.838e-25,,9.720e-13,6.213e-19,2.045e-32,8.725e-3,,3.695e-26,6.420e-2,,2.385e-19,1.654e-20,1.035e+1,2.850e-3,2.116e-21,1.637e-19,1.535e-22,1.243e+1,1.846e-17,5.819e+0,2.991e-17,6.539e-7,1.232e-17,6.833e-6,,1.788e-1,,,1.341e+0,,,7.276e-2,,1.537e-18,,5.997e-19,,8.701e-1,,,,4.772e-18,2.567e-16
563.33,3.068e+1,1.285e-18,2.463e-9,1.986e-39,3.387e-18,,,1.672e-18,3.361e-21,,1.965e-15,8.176e-8,2.171e-24,9.567e-18,1.107e-3,1.559e-29,2.258e-20,1.840e-25,,6.703e-13,6.216e-19,2.942e-32,1.050e-2,,3.703e-26,6.073e-2,,2.386e-19,1.654e-20,1.044e+1,3.302e-3,2.962e-21,1.637e-19,1.535e-22,1.200e+1,1.845e-17,5.755e+0,2.992e-17,8.498e-7,1.232e-17,8.785e-6,,1.535e-1,,,1.330e+0,,,7.849e-2,,1.537e-18,,5.997e-19,,8.514e-1,,,,4.771e-18,2.567e-16
563.36,2.991e+1,2.420e-18,2.808e-9,1.987e-39,2.686e-18,,,1.672e-18,3.362e-21,,1.965e-15,5.664e-8,2.172e-24,9.566e-18,1.098e-3,8.328e-30,2.258e-20,1.843e-25,,3.822e-13,6.222e-19,5.054e-32,1.378e-2,,3.714e-26,5.564e-2,,2.387e-19,1.654e-20,1.052e+1,4.102e-3,4.886e-21,1.637e-19,1.534e-22,1.133e+1,1.843e-17,5.644e+0,2.994e-17,1.253e-6,1.231e-17,1.275e-5,,1.216e-1,,,1.309e+0,,,8.754e-2,,1.537e-18,,5.996e-19,,8.204e-1,,,,4.770e-18,2.568e-16
563.38,2.934e+1,3.680e-18,3.055e-9,1.989e-39,2.295e-18,,,1.672e-18,3.364e-21,,1.964e-15,4.422e-8,2.173e-24,9.566e-18,1.089e-3,5.466e-30,2.257e-20,1.845e-25,,2.620e-13,6.226e-19,7.228e-32,1.648e-2,,3.722e-26,5.233e-2,,2.388e-19,1.654e-20,1.054e+1,4.725e-3,6.801e-21,1.637e-19,1.533e-22,1.088e+1,1.842e-17,5.561e+0,2.996e-17,1.619e-6,1.231e-17,1.629e-5,,1.037e-1,,,1.291e+0,,,9.387e-2,,1.537e-18,,5.996e-19,,7.979e-1,,,,4.769e-18,2.568e-16
563.41,2.842e+1,6.869e-18,3.453e-9,1.990e-39,1.804e-18,,,1.672e-18,3.365e-21,,1.964e-15,3.036e-8,2.174e-24,9.566e-18,1.070e-3,2.894e-30,2.257e-20,1.848e-25,,1.480e-13,6.231e-19,1.231e-31,2.145e-2,,3.733e-26,4.751e-2,,2.389e-19,1.655e-20,1.053e+1,5.817e-3,1.112e-20,1.638e-19,1.532e-22,1.018e+1,1.840e-17,5.426e+0,2.998e-17,2.366e-6,1.230e-17,2.344e-5,,8.138e-2,,,1.259e+0,,,1.038e-1,,1.537e-18,,5.995e-19,,7.619e-1,,,,4.768e-18,2.568e-16
563.43,2.777e+1,1.038e-17,3.736e-9,1.992e-39,1.532e-18,,,1.671e-18,3.367e-21,,1.964e-15,2.355e-8,2.174e-24,9.566e-18,1.055e-3,1.888e-30,2.256e-20,1.850e-25,,1.009e-13,6.235e-19,1.750e-31,2.549e-2,,3.740e-26,4.442e-2,,2.390e-19,1.655e-20,1.049e+1,6.662e-3,1.538e-20,1.638e-19,1.532e-22,9.716e+0,1.839e-17,5.329e+0,3.000e-17,3.038e-6,1.230e-17,2.978e-5,,6.902e-2,,,1.235e+0,,,1.106e-1,,1.537e-18,,5.994e-19,,7.366e-1,,,,4.767e-18,2.569e-16
563.46,2.673e+1,1.921e-17,4.187e-9,1.994e-39,1.193e-18,,,1.671e-18,3.368e-21,,1.963e-15,1.602e-8,2.175e-24,9.566e-18,1.027e-3,9.902e-31,2.255e-20,1.853e-25,,5.647e-14,6.240e-19,2.953e-31,3.288e-2,,3.752e-26,3.999e-2,,2.391e-19,1.655e-20,1.039e+1,8.129e-3,2.492e-20,1.638e-19,1.531e-22,9.016e+0,1.837e-17,5.176e+0,3.002e-17,4.401e-6,1.229e-17,4.245e-5,,5.367e-2,,,1.195e+0,,,1.211e-1,,1.538e-18,,5.994e-19,,6.971e-1,,,,4.766e-18,2.569e-16
563.48,2.600e+1,2.886e-17,4.505e-9,1.995e-39,1.007e-18,,,1.671e-18,3.370e-21,,1.963e-15,1.236e-8,2.176e-24,9.566e-18,1.007e-3,6.421e-31,2.255e-20,1.856e-25,,3.825e-14,6.244e-19,4.173e-31,3.884e-2,,3.759e-26,3.718e-2,,2.392e-19,1.655e-20,1.029e+1,9.255e-3,3.428e-20,1.638e-19,1.531e-22,8.552e+0,1.835e-17,5.071e+0,3.003e-17,5.618e-6,1.229e-17,5.360e-5,,4.524e-2,,,1.166e+0,,,1.283e-1,,1.538e-18,,5.993e-19,,6.699e-1,,,,4.766e-18,2.569e-16
563.51,2.488e+1,5.292e-17,5.007e-9,1.997e-39,7.776e-19,,,1.671e-18,3.371e-21,,1.962e-15,8.330e-9,2.177e-24,9.566e-18,9.717e-4,3.337e-31,2.254e-20,1.859e-25,,2.122e-14,6.249e-19,6.980e-31,4.965e-2,,3.770e-26,3.319e-2,,2.394e-19,1.656e-20,1.009e+1,1.119e-2,5.505e-20,1.638e-19,1.530e-22,7.867e+0,1.834e-17,4.909e+0,3.006e-17,8.065e-6,1.229e-17,7.573e-5,,3.486e-2,,,1.119e+0,,,1.393e-1,,1.538e-18,,5.992e-19,,6.282e-1,,,,4.765e-18,2.570e-16
563.53,2.412e+1,7.904e-17,5.358e-9,1.998e-39,6.523e-19,,,1.671e-18,3.373e-21,,1.962e-15,6.385e-9,2.177e-24,9.565e-18,9.463e-4,2.151e-31,2.254e-20,1.861e-25,,1.429e-14,6.253e-19,9.806e-31,5.830e-2,,3.778e-26,3.069e-2,,2.394e-19,1.656e-20,9.935e+0,1.267e-2,7.526e-20,1.638e-19,1.529e-22,7.419e+0,1.832e-17,4.799e+0,3.007e-17,1.023e-5,1.228e-17,9.506e-5,,2.921e-2,,,1.086e+0,,,1.467e-1,,1.538e-18,,5.992e-19,,6.000e-1,,,,4.764e-18,2.570e-16
563.55,2.334e+1,1.178e-16,5.721e-9,1.999e-39,5.459e-19,,,1.671e-18,3.374e-21,,1.962e-15,4.882e-9,2.178e-24,9.565e-18,9.193e-4,1.383e-31,2.254e-20,1.863e-25,,9.593e-15,6.257e-19,1.374e-30,6.830e-2,,3.785e-26,2.832e-2,,2.395e-19,1.656e-20,9.757e+0,1.431e-2,1.026e-19,1.639e-19,1.529e-22,6.981e+0,1.831e-17,4.690e+0,3.009e-17,1.295e-5,1.228e-17,1.190e-4,,2.442e-2,,,1.052e+0,,,1.542e-1,,1.538e-18,,5.991e-19,,5.718e-1,,,,4.763e-18,2.570e-16
563.58,2.217e+1,2.133e-16,6.288e-9,2.001e-39,4.161e-19,,,1.671e-18,3.376e-21,,1.961e-15,3.249e-9,2.179e-24,9.565e-18,8.763e-4,7.095e-32,2.253e-20,1.866e-25,,5.254e-15,6.262e-19,2.270e-30,8.622e-2,,3.796e-26,2.501e-2,,2.397e-19,1.656e-20,9.452e+0,1.710e-2,1.628e-19,1.639e-19,1.528e-22,6.344e+0,1.829e-17,4.528e+0,3.011e-17,1.836e-5,1.227e-17,1.661e-4,,1.858e-2,,,9.992e-1,,,1.653e-1,,1.538e-18,,5.991e-19,,5.294e-1,,,,4.762e-18,2.570e-16
563.6,2.138e+1,3.159e-16,6.679e-9,2.002e-39,3.461e-19,,,1.671e-18,3.377e-21,,1.961e-15,2.470e-9,2.180e-24,9.565e-18,8.462e-4,4.534e-32,2.252e-20,1.868e-25,,3.507e-15,6.266e-19,3.162e-30,1.004e-1,,3.804e-26,2.298e-2,,2.397e-19,1.656e-20,9.227e+0,1.919e-2,2.207e-19,1.639e-19,1.527e-22,5.935e+0,1.828e-17,4.421e+0,3.012e-17,2.310e-5,1.227e-17,2.067e-4,,1.544e-2,,,9.635e-1,,,1.726e-1,,1.538e-18,,5.990e-19,,5.015e-1,,,,4.762e-18,2.571e-16
563.63,2.021e+1,5.670e-16,7.283e-9,2.004e-39,2.614e-19,,,1.671e-18,3.378e-21,,1.961e-15,1.629e-9,2.181e-24,9.565e-18,7.993e-4,2.305e-32,2.252e-20,1.871e-25,,1.904e-15,6.272e-19,5.177e-30,1.256e-1,,3.815e-26,2.017e-2,,2.399e-19,1.656e-20,8.859e+0,2.273e-2,3.468e-19,1.639e-19,1.527e-22,5.347e+0,1.826e-17,4.267e+0,3.014e-17,3.246e-5,1.226e-17,2.859e-4,,1.164e-2,,,9.096e-1,,,1.834e-1,,1.539e-18,,5.989e-19,,4.602e-1,,,,4.761e-18,2.571e-16
563.65,1.943e+1,8.348e-16,7.696e-9,2.005e-39,2.162e-19,,,1.671e-18,3.380e-21,,1.960e-15,1.230e-9,2.181e-24,9.565e-18,7.672e-4,2.865e-32,2.251e-20,1.874e-25,,1.263e-15,6.275e-19,7.170e-30,1.454e-1,,3.823e-26,1.847e-2,,2.400e-19,1.657e-20,8.596e+0,2.537e-2,4.674e-19,1.639e-19,1.526e-22,4.973e+0,1.825e-17,4.167e+0,3.016e-17,4.060e-5,1.226e-17,3.537e-4,,9.610e-3,,,8.737e-1,,,1.904e-1,,1.539e-18,,5.989e-19,,4.332e-1,,,,4.760e-18,2.571e-16
563.68,1.830e+1,1.485e-15,8.329e-9,2.007e-39,1.618e-19,,,1.671e-18,3.381e-21,,1.960e-15,8.042e-10,2.182e-24,9.564e-18,7.182e-4,3.705e-32,2.251e-20,1.877e-25,,6.795e-16,6.281e-19,1.163e-29,1.802e-1,,3.834e-26,1.616e-2,,2.401e-19,1.657e-20,8.179e+0,2.979e-2,7.281e-19,1.639e-19,1.525e-22,4.442e+0,1.823e-17,4.026e+0,3.018e-17,5.653e-5,1.225e-17,4.847e-4,,7.180e-3,,,8.206e-1,,,2.004e-1,,1.539e-18,,5.988e-19,,3.940e-1,,,,4.759e-18,2.571e-16
563.7,1.756e+1,2.173e-15,8.759e-9,2.008e-39,1.330e-19,,,1.671e-18,3.383e-21,,1.960e-15,6.038e-10,2.183e-24,9.564e-18,6.852e-4,4.265e-32,2.250e-20,1.879e-25,,4.481e-16,6.284e-19,1.601e-29,2.074e-1,,3.841e-26,1.478e-2,,2.402e-19,1.657e-20,7.889e+0,3.306e-2,9.754e-19,1.640e-19,1.525e-22,4.107e+0,1.821e-17,3.938e+0,3.020e-17,7.028e-5,1.225e-17,5.962e-4,,5.893e-3,,,7.860e-1,,,2.068e-1,,1.539e-18,,5.987e-19,,3.687e-1,,,,4.758e-18,2.572e-16
563.73,1.649e+1,3.832e-15,9.412e-9,2.010e-39,9.862e-20,,,1.671e-18,3.384e-21,,1.959e-15,3.911e-10,2.184e-24,9.564e-18,6.357e-4,5.104e-32,2.250e-20,1.882e-25,,2.389e-16,6.290e-19,2.575e-29,2.548e-1,,3.853e-26,1.295e-2,,2.403e-19,1.657e-20,7.438e+0,3.847e-2,1.506e-18,1.640e-19,1.524e-22,3.637e+0,1.820e-17,3.815e+0,3.022e-17,9.700e-5,1.225e-17,8.097e-4,,4.363e-3,,,7.357e-1,,,2.159e-1,,1.539e-18,,5.987e-19,,3.322e-1,,,,4.757e-18,2.572e-16
563.75,1.580e+1,5.575e-15,9.851e-9,2.011e-39,8.057e-20,,,1.671e-18,3.386e-21,,1.959e-15,2.919e-10,2.184e-24,9.564e-18,6.028e-4,5.664e-32,2.249e-20,1.884e-25,,1.566e-16,6.294e-19,3.524e-29,2.914e-1,,3.860e-26,1.188e-2,,2.404e-19,1.657e-20,7.131e+0,4.245e-2,2.005e-18,1.640e-19,1.523e-22,3.344e+0,1.818e-17,3.741e+0,3.023e-17,1.199e-4,1.224e-17,9.900e-4,,3.560e-3,,,7.035e-1,,,2.214e-1,,1.539e-18,,5.986e-19,,3.090e-1,,,,4.757e-18,2.572e-16
563.78,1.482e+1,9.741e-15,1.051e-8,2.013e-39,5.921e-20,,,1.671e-18,3.387e-21,,1.959e-15,1.873e-10,2.185e-24,9.564e-18,5.542e-4,6.504e-32,2.249e-20,1.887e-25,,8.272e-17,6.299e-19,5.616e-29,3.549e-1,,3.871e-26,1.049e-2,,2.405e-19,1.658e-20,6.664e+0,4.898e-2,3.068e-18,1.640e-19,1.523e-22,2.936e+0,1.816e-17,3.641e+0,3.026e-17,1.639e-4,1.224e-17,1.332e-3,,2.612e-3,,,6.578e-1,,,2.290e-1,,1.540e-18,,5.985e-19,,2.760e-1,,,,4.756e-18,2.573e-16
563.8,1.421e+1,1.409e-14,1.096e-8,2.014e-39,4.808e-20,,,1.671e-18,3.389e-21,,1.958e-15,1.389e-10,2.186e-24,9.564e-18,5.224e-4,7.064e-32,2.248e-20,1.889e-25,,5.389e-17,6.303e-19,7.640e-29,4.035e-1,,3.879e-26,9.705e-3,,2.406e-19,1.658e-20,6.350e+0,5.372e-2,4.061e-18,1.640e-19,1.522e-22,2.684e+0,1.815e-17,3.583e+0,3.027e-17,2.014e-4,1.223e-17,1.619e-3,,2.118e-3,,,6.291e-1,,,2.336e-1,,1.540e-18,,5.985e-19,,2.552e-1,,,,4.755e-18,2.573e-16
563.83,1.334e+1,2.440e-14,1.162e-8,2.016e-39,3.502e-20,,,1.671e-18,3.390e-21,,1.958e-15,8.837e-11,2.187e-24,9.563e-18,4.759e-4,7.903e-32,2.248e-20,1.893e-25,,2.821e-17,6.308e-19,1.207e-28,4.869e-1,,3.890e-26,8.736e-3,,2.407e-19,1.658e-20,5.880e+0,6.146e-2,6.159e-18,1.640e-19,1.521e-22,2.336e+0,1.813e-17,3.509e+0,3.029e-17,2.730e-4,1.223e-17,2.160e-3,,1.540e-3,,,5.892e-1,,,2.394e-1,,1.540e-18,,5.984e-19,,2.258e-1,,,,4.754e-18,2.573e-16
563.85,1.281e+1,3.508e-14,1.206e-8,2.017e-39,2.826e-20,,,1.670e-18,3.392e-21,,1.957e-15,6.515e-11,2.187e-24,9.563e-18,4.459e-4,8.463e-32,2.247e-20,1.895e-25,,1.764e-17,6.312e-19,1.632e-28,5.503e-1,,3.898e-26,8.223e-3,,2.408e-19,1.658e-20,5.570e+0,6.703e-2,8.104e-18,1.641e-19,1.521e-22,2.124e+0,1.812e-17,3.470e+0,3.031e-17,3.334e-4,1.222e-17,2.610e-3,,1.241e-3,,,5.648e-1,,,2.427e-1,,1.540e-18,,5.984e-19,,2.075e-1,,,,4.753e-18,2.573e-16
563.88,1.208e+1,6.021e-14,1.272e-8,2.019e-39,2.040e-20,,,1.670e-18,3.393e-21,,1.957e-15,4.106e-11,2.188e-24,9.563e-18,4.026e-4,9.303e-32,2.247e-20,1.898e-25,,9.160e-18,6.317e-19,2.554e-28,6.581e-1,,3.909e-26,7.648e-3,,2.409e-19,1.658e-20,5.111e+0,7.602e-2,1.218e-17,1.641e-19,1.520e-22,1.833e+0,1.810e-17,3.425e+0,3.033e-17,4.479e-4,1.222e-17,3.450e-3,,8.942e-4,,,5.317e-1,,,2.467e-1,,1.540e-18,,5.983e-19,,1.820e-1,,,,4.752e-18,2.574e-16
563.9,1.164e+1,8.606e-14,1.315e-8,2.020e-39,1.636e-20,,,1.670e-18,3.395e-21,,1.957e-15,3.009e-11,2.189e-24,9.563e-18,3.750e-4,9.863e-32,2.246e-20,1.900e-25,,5.900e-18,6.321e-19,3.434e-28,7.393e-1,,3.916e-26,7.390e-3,,2.410e-19,1.659e-20,4.812e+0,8.244e-2,1.593e-17,1.641e-19,1.519e-22,1.657e+0,1.809e-17,3.406e+0,3.034e-17,5.436e-4,1.222e-17,4.143e-3,,7.165e-4,,,5.121e-1,,,2.486e-1,,1.540e-18,,5.982e-19,,1.663e-1,,,,4.752e-18,2.574e-16
563.93,1.105e+1,1.464e-13,1.379e-8,2.022e-39,1.170e-20,,,1.670e-18,3.396e-21,,1.956e-15,1.879e-11,2.190e-24,9.563e-18,3.355e-4,1.070e-31,2.245e-20,1.903e-25,,3.036e-18,6.327e-19,5.327e-28,8.762e-1,,3.928e-26,7.186e-3,,2.412e-19,1.659e-20,4.377e+0,9.270e-2,2.373e-17,1.641e-19,1.519e-22,1.418e+0,1.807e-17,3.394e+0,3.037e-17,7.238e-4,1.221e-17,5.428e-3,,5.115e-4,,,4.864e-1,,,2.505e-1,,1.541e-18,,5.982e-19,,1.445e-1,,,,4.751e-18,2.574e-16
563.95,1.071e+1,2.080e-13,1.421e-8,2.023e-39,9.332e-21,,,1.670e-18,3.398e-21,,1.956e-15,1.369e-11,2.190e-24,9.563e-18,3.106e-4,1.126e-31,2.245e-20,1.905e-25,,1.943e-18,6.330e-19,7.118e-28,9.785e-1,,3.935e-26,7.170e-3,,2.412e-19,1.659e-20,4.096e+0,9.995e-2,3.086e-17,1.641e-19,1.518e-22,1.274e+0,1.806e-17,3.396e+0,3.038e-17,8.733e-4,1.221e-17,6.480e-3,,4.073e-4,,,4.717e-1,,,2.510e-1,,1.541e-18,,5.981e-19,,1.312e-1,,,,4.750e-18,2.575e-16
563.97,1.042e+1,2.948e-13,1.463e-8,2.025e-39,7.423e-21,,,1.670e-18,3.399e-21,,1.956e-15,9.945e-12,2.191e-24,9.563e-18,2.868e-4,1.182e-31,2.245e-20,1.907e-25,,1.241e-18,6.334e-19,9.489e-28,1.090e+0,,3.943e-26,7.248e-3,,2.413e-19,1.659e-20,3.824e+0,1.075e-1,4.003e-17,1.641e-19,1.518e-22,1.143e+0,1.804e-17,3.408e+0,3.040e-17,1.051e-3,1.220e-17,7.717e-3,,3.236e-4,,,4.591e-1,,,2.510e-1,,1.541e-18,,5.981e-19,,1.189e-1,,,,4.749e-18,2.575e-16
564,1.005e+1,4.953e-13,1.525e-8,2.026e-39,5.242e-21,,,1.670e-18,3.401e-21,,1.955e-15,6.132e-12,2.192e-24,9.562e-18,2.534e-4,1.266e-31,2.244e-20,1.911e-25,,1.249e-18,6.340e-19,1.454e-27,1.276e+0,,3.954e-26,7.541e-3,,2.415e-19,1.659e-20,3.434e+0,1.195e-1,5.887e-17,1.642e-19,1.517e-22,9.664e-1,1.802e-17,3.444e+0,3.042e-17,1.382e-3,1.220e-17,9.985e-3,,2.281e-4,,,4.438e-1,,,2.499e-1,,1.541e-18,,5.980e-19,,1.020e-1,,,,4.748e-18,2.575e-16
564.02,9.867e+0,6.978e-13,1.566e-8,2.028e-39,4.144e-21,,,1.670e-18,3.402e-21,,1.955e-15,4.429e-12,2.193e-24,9.562e-18,2.326e-4,1.322e-31,2.244e-20,1.913e-25,,1.255e-18,6.343e-19,1.927e-27,1.413e+0,,3.961e-26,7.851e-3,,2.415e-19,1.660e-20,3.187e+0,1.278e-1,7.592e-17,1.642e-19,1.516e-22,8.618e-1,1.801e-17,3.480e+0,3.043e-17,1.654e-3,1.219e-17,1.182e-2,,1.801e-4,,,4.359e-1,,,2.485e-1,,1.541e-18,,5.979e-19,,9.184e-2,,,,4.748e-18,2.575e-16
564.05,9.667e+0,1.162e-12,1.626e-8,2.029e-39,2.900e-21,,,1.670e-18,3.404e-21,,1.955e-15,2.706e-12,2.194e-24,9.562e-18,2.037e-4,1.406e-31,2.243e-20,1.916e-25,,1.263e-18,6.349e-19,2.925e-27,1.639e+0,,3.973e-26,8.489e-3,,2.417e-19,1.660e-20,2.836e+0,1.408e-1,1.107e-16,1.642e-19,1.516e-22,7.227e-1,1.799e-17,3.552e+0,3.045e-17,2.155e-3,1.219e-17,1.516e-2,,1.258e-4,,,4.277e-1,,,2.454e-1,,1.541e-18,,5.979e-19,,7.811e-2,,,,4.747e-18,2.576e-16
564.07,9.590e+0,1.627e-12,1.665e-8,2.031e-39,2.279e-21,,,1.670e-18,3.405e-21,,1.954e-15,1.942e-12,2.194e-24,9.562e-18,1.858e-4,1.462e-31,2.242e-20,1.918e-25,,1.268e-18,6.352e-19,3.854e-27,1.804e+0,,3.980e-26,9.029e-3,,2.418e-19,1.660e-20,2.616e+0,1.498e-1,1.419e-16,1.642e-19,1.515e-22,6.409e-1,1.798e-17,3.613e+0,3.047e-17,2.563e-3,1.218e-17,1.784e-2,,9.876e-5,,,4.243e-1,,,2.427e-1,,1.541e-18,,5.978e-19,,6.990e-2,,,,4.746e-18,2.576e-16
564.1,9.555e+0,2.685e-12,1.724e-8,2.033e-39,1.580e-21,,,1.670e-18,3.407e-21,,1.954e-15,1.176e-12,2.195e-24,9.562e-18,1.612e-4,1.546e-31,2.242e-20,1.921e-25,,1.277e-18,6.358e-19,5.800e-27,2.073e+0,,3.991e-26,1.001e-2,,2.419e-19,1.660e-20,2.307e+0,1.637e-1,2.050e-16,1.642e-19,1.514e-22,5.330e-1,1.796e-17,3.723e+0,3.049e-17,3.310e-3,1.218e-17,2.266e-2,,6.836e-5,,,4.224e-1,,,2.378e-1,,1.542e-18,,5.977e-19,,5.892e-2,,,,4.745e-18,2.576e-16
564.12,9.586e+0,3.739e-12,1.762e-8,2.034e-39,1.235e-21,,,1.670e-18,3.408e-21,,1.954e-15,8.391e-13,2.196e-24,9.562e-18,1.462e-4,1.602e-31,2.241e-20,1.923e-25,,1.282e-18,6.362e-19,7.594e-27,2.268e+0,,3.999e-26,1.078e-2,,2.420e-19,1.660e-20,2.115e+0,1.731e-1,2.612e-16,1.642e-19,1.514e-22,4.700e-1,1.795e-17,3.809e+0,3.051e-17,3.914e-3,1.218e-17,2.651e-2,,5.333e-5,,,4.230e-1,,,2.341e-1,,1.542e-18,,5.977e-19,,5.241e-2,,,,4.744e-18,2.576e-16
564.15,9.714e+0,6.115e-12,1.820e-8,2.036e-39,8.484e-22,,,1.670e-18,3.410e-21,,1.953e-15,5.034e-13,2.197e-24,9.561e-18,1.258e-4,1.686e-31,2.241e-20,1.926e-25,,1.290e-18,6.367e-19,1.133e-26,2.584e+0,,4.010e-26,1.210e-2,,2.421e-19,1.661e-20,1.849e+0,1.876e-1,3.740e-16,1.643e-19,1.513e-22,3.876e-1,1.793e-17,3.957e+0,3.053e-17,5.009e-3,1.217e-17,3.339e-2,,3.659e-5,,,4.264e-1,,,2.277e-1,,1.542e-18,,5.976e-19,,4.377e-2,,,,4.743e-18,2.577e-16
564.17,9.851e+0,8.464e-12,1.858e-8,2.037e-39,6.587e-22,,,1.670e-18,3.411e-21,,1.953e-15,3.570e-13,2.197e-24,9.561e-18,1.134e-4,1.742e-31,2.240e-20,1.929e-25,,1.296e-18,6.371e-19,1.474e-26,2.811e+0,,4.017e-26,1.310e-2,,2.422e-19,1.661e-20,1.685e+0,1.973e-1,4.737e-16,1.643e-19,1.512e-22,3.399e-1,1.792e-17,4.068e+0,3.054e-17,5.887e-3,1.217e-17,3.882e-2,,2.837e-5,,,4.301e-1,,,2.231e-1,,1.542e-18,,5.976e-19,,3.871e-2,,,,4.743e-18,2.577e-16
564.2,1.013e+1,1.372e-11,1.915e-8,2.039e-39,4.485e-22,,,1.670e-18,3.413e-21,,1.952e-15,2.123e-13,2.198e-24,9.561e-18,9.662e-5,1.826e-31,2.240e-20,1.932e-25,,1.304e-18,6.376e-19,2.180e-26,3.174e+0,,4.029e-26,1.476e-2,,2.423e-19,1.661e-20,1.459e+0,2.120e-1,6.722e-16,1.643e-19,1.512e-22,2.780e-1,1.790e-17,4.254e+0,3.057e-17,7.467e-3,1.216e-17,4.846e-2,,1.929e-5,,,4.377e-1,,,2.156e-1,,1.542e-18,,5.975e-19,,3.204e-2,,,,4.742e-18,2.577e-16
564.22,1.037e+1,1.888e-11,1.952e-8,2.040e-39,3.461e-22,,,1.670e-18,3.414e-21,,1.952e-15,1.496e-13,2.199e-24,9.561e-18,8.660e-5,1.882e-31,2.239e-20,1.934e-25,,1.310e-18,6.380e-19,2.820e-26,3.431e+0,,4.036e-26,1.599e-2,,2.424e-19,1.661e-20,1.322e+0,2.218e-1,8.463e-16,1.643e-19,1.511e-22,2.425e-1,1.788e-17,4.390e+0,3.058e-17,8.723e-3,1.216e-17,5.601e-2,,1.487e-5,,,4.438e-1,,,2.104e-1,,1.542e-18,,5.974e-19,,2.816e-2,,,,4.741e-18,2.578e-16
564.25,1.080e+1,3.033e-11,2.009e-8,2.042e-39,2.336e-22,,,1.670e-18,3.416e-21,,1.952e-15,8.815e-14,2.200e-24,9.561e-18,7.315e-5,1.966e-31,2.239e-20,1.937e-25,,1.318e-18,6.386e-19,4.132e-26,3.839e+0,,4.047e-26,1.799e-2,,2.425e-19,1.661e-20,1.135e+0,2.364e-1,1.190e-15,1.643e-19,1.510e-22,1.967e-1,1.787e-17,4.611e+0,3.060e-17,1.097e-2,1.215e-17,6.929e-2,,1.002e-5,,,4.543e-1,,,2.023e-1,,1.543e-18,,5.974e-19,,2.310e-2,,,,4.740e-18,2.578e-16
564.27,1.112e+1,4.148e-11,2.046e-8,2.043e-39,1.792e-22,,,1.670e-18,3.417e-21,,1.951e-15,6.176e-14,2.200e-24,9.561e-18,6.518e-5,2.022e-31,2.238e-20,1.939e-25,,1.323e-18,6.389e-19,5.314e-26,4.126e+0,,4.055e-26,1.944e-2,,2.426e-19,1.662e-20,1.022e+0,2.460e-1,1.490e-15,1.644e-19,1.510e-22,1.706e-1,1.785e-17,4.769e+0,3.062e-17,1.273e-2,1.215e-17,7.960e-2,,7.684e-6,,,4.619e-1,,,1.968e-1,,1.543e-18,,5.973e-19,,2.018e-2,,,,4.739e-18,2.578e-16
564.3,1.168e+1,6.604e-11,2.102e-8,2.045e-39,1.198e-22,,,1.669e-18,3.419e-21,,1.951e-15,3.606e-14,2.201e-24,9.560e-18,5.460e-5,2.106e-31,2.238e-20,1.942e-25,,1.332e-18,6.395e-19,7.717e-26,4.575e+0,,4.066e-26,2.176e-2,,2.428e-19,1.662e-20,8.690e-1,2.600e-1,2.077e-15,1.644e-19,1.509e-22,1.372e-1,1.783e-17,5.022e+0,3.064e-17,1.587e-2,1.214e-17,9.759e-2,,5.142e-6,,,4.739e-1,,,1.884e-1,,1.543e-18,,5.972e-19,,1.640e-2,,,,4.738e-18,2.578e-16
564.32,1.208e+1,8.979e-11,2.139e-8,2.046e-39,9.135e-23,,,1.669e-18,3.420e-21,,1.951e-15,2.511e-14,2.202e-24,9.560e-18,4.838e-5,2.162e-31,2.237e-20,1.944e-25,,1.337e-18,6.398e-19,9.866e-26,4.887e+0,,4.074e-26,2.342e-2,,2.428e-19,1.662e-20,7.778e-1,2.690e-1,2.584e-15,1.644e-19,1.508e-22,1.184e-1,1.782e-17,5.199e+0,3.065e-17,1.832e-2,1.214e-17,1.115e-1,,3.929e-6,,,4.820e-1,,,1.829e-1,,1.543e-18,,5.972e-19,,1.424e-2,,,,4.738e-18,2.579e-16
564.34,1.252e+1,1.218e-10,2.176e-8,2.047e-39,6.948e-23,,,1.669e-18,3.421e-21,,1.950e-15,1.744e-14,2.203e-24,9.560e-18,4.279e-5,2.218e-31,2.237e-20,1.947e-25,,1.343e-18,6.402e-19,1.258e-25,5.208e+0,,4.081e-26,2.515e-2,,2.429e-19,1.662e-20,6.945e-1,2.778e-1,3.207e-15,1.644e-19,1.508e-22,1.019e-1,1.781e-17,5.384e+0,3.067e-17,2.109e-2,1.214e-17,1.270e-1,,3.002e-6,,,4.902e-1,,,1.775e-1,,1.543e-18,,5.971e-19,,1.234e-2,,,,4.737e-18,2.579e-16
564.37,1.322e+1,1.915e-10,2.231e-8,2.049e-39,4.587e-23,,,1.669e-18,3.423e-21,,1.950e-15,1.005e-14,2.204e-24,9.560e-18,3.546e-5,2.302e-31,2.236e-20,1.950e-25,,1.351e-18,6.408e-19,1.805e-25,5.703e+0,,4.092e-26,2.788e-2,,2.431e-19,1.662e-20,5.833e-1,2.903e-1,4.415e-15,1.644e-19,1.507e-22,8.103e-2,1.779e-17,5.671e+0,3.069e-17,2.595e-2,1.213e-17,1.537e-1,,2.016e-6,,,5.021e-1,,,1.696e-1,,1.543e-18,,5.971e-19,,9.902e-3,,,,4.736e-18,2.579e-16
564.39,1.371e+1,2.582e-10,2.267e-8,2.050e-39,3.468e-23,,,1.669e-18,3.424e-21,,1.950e-15,6.942e-15,2.204e-24,9.560e-18,3.122e-5,2.358e-31,2.236e-20,1.952e-25,,1.356e-18,6.411e-19,2.288e-25,6.042e+0,,4.100e-26,2.979e-2,,2.431e-19,1.662e-20,5.177e-1,2.982e-1,5.447e-15,1.644e-19,1.507e-22,6.937e-2,1.778e-17,5.868e+0,3.071e-17,2.971e-2,1.213e-17,1.741e-1,,1.560e-6,,,5.096e-1,,,1.645e-1,,1.544e-18,,5.970e-19,,8.526e-3,,,,4.735e-18,2.579e-16
564.42,1.448e+1,4.024e-10,2.321e-8,2.052e-39,2.269e-23,,,1.669e-18,3.426e-21,,1.949e-15,3.965e-15,2.205e-24,9.560e-18,2.574e-5,2.442e-31,2.235e-20,1.955e-25,,1.364e-18,6.417e-19,3.252e-25,6.557e+0,,4.111e-26,3.276e-2,,2.433e-19,1.663e-20,4.309e-1,3.091e-1,7.431e-15,1.645e-19,1.506e-22,5.472e-2,1.776e-17,6.171e+0,3.073e-17,3.622e-2,1.212e-17,2.089e-1,,1.097e-6,,,5.200e-1,,,1.574e-1,,1.544e-18,,5.969e-19,,6.781e-3,,,,4.734e-18,2.580e-16
564.44,1.502e+1,5.394e-10,2.355e-8,2.053e-39,1.705e-23,,,1.669e-18,3.427e-21,,1.949e-15,2.721e-15,2.206e-24,9.560e-18,2.261e-5,2.498e-31,2.235e-20,1.957e-25,,1.370e-18,6.420e-19,4.099e-25,6.904e+0,,4.119e-26,3.481e-2,,2.434e-19,1.663e-20,3.801e-1,3.158e-1,9.114e-15,1.645e-19,1.505e-22,4.659e-2,1.774e-17,6.375e+0,3.074e-17,4.122e-2,1.212e-17,2.352e-1,,9.022e-7,,,5.262e-1,,,1.530e-1,,1.544e-18,,5.969e-19,,5.804e-3,,,,4.734e-18,2.580e-16
564.47,1.584e+1,8.332e-10,2.405e-8,2.055e-39,1.106e-23,,,1.669e-18,3.429e-21,,1.949e-15,1.540e-15,2.207e-24,9.559e-18,1.863e-5,2.582e-31,2.234e-20,1.960e-25,,1.378e-18,6.426e-19,5.773e-25,7.427e+0,,4.130e-26,3.796e-2,,2.435e-19,1.663e-20,3.135e-1,3.248e-1,1.232e-14,1.645e-19,1.504e-22,3.645e-2,1.773e-17,6.682e+0,3.076e-17,4.981e-2,1.211e-17,2.797e-1,,7.453e-7,,,5.340e-1,,,1.470e-1,,1.544e-18,,5.968e-19,,4.575e-3,,,,4.733e-18,2.580e-16
564.49,1.639e+1,1.110e-9,2.437e-8,2.056e-39,8.257e-24,,,1.669e-18,3.430e-21,,1.948e-15,1.051e-15,2.207e-24,9.559e-18,1.640e-5,2.638e-31,2.234e-20,1.962e-25,,1.384e-18,6.430e-19,7.233e-25,7.774e+0,,4.137e-26,4.010e-2,,2.436e-19,1.663e-20,2.749e-1,3.300e-1,1.502e-14,1.645e-19,1.504e-22,3.087e-2,1.771e-17,6.887e+0,3.078e-17,5.634e-2,1.211e-17,3.130e-1,,7.189e-7,,,5.382e-1,,,1.435e-1,,1.544e-18,,5.968e-19,,3.892e-3,,,,4.732e-18,2.581e-16
564.52,1.723e+1,1.699e-9,2.483e-8,2.058e-39,1.159e-18,,,1.669e-18,3.432e-21,,1.948e-15,5.893e-16,2.208e-24,9.559e-18,1.364e-5,2.722e-31,2.233e-20,1.966e-25,,1.392e-18,6.435e-19,1.010e-24,8.287e+0,,4.149e-26,4.335e-2,,2.437e-19,1.664e-20,2.247e-1,3.367e-1,2.013e-14,1.645e-19,1.503e-22,2.396e-2,1.769e-17,7.188e+0,3.080e-17,6.747e-2,1.210e-17,3.688e-1,,7.903e-7,,,5.427e-1,,,1.389e-1,,1.544e-18,,5.967e-19,,3.040e-3,,,,4.731e-18,2.581e-16
564.54,1.778e+1,2.251e-9,2.511e-8,2.059e-39,1.803e-18,,,1.669e-18,3.433e-21,,1.948e-15,3.996e-16,2.209e-24,9.559e-18,1.215e-5,2.778e-31,2.233e-20,1.968e-25,,1.397e-18,6.439e-19,1.258e-24,8.623e+0,,4.156e-26,4.553e-2,,2.438e-19,1.664e-20,1.959e-1,3.404e-1,2.440e-14,1.645e-19,1.503e-22,2.018e-2,1.768e-17,7.385e+0,3.082e-17,7.587e-2,1.210e-17,4.103e-1,,9.163e-7,,,5.444e-1,,,1.363e-1,,1.545e-18,,5.966e-19,,2.571e-3,,,,4.730e-18,2.581e-16
564.57,1.860e+1,3.415e-9,2.549e-8,2.061e-39,3.482e-18,,,1.669e-18,3.435e-21,,1.947e-15,2.221e-16,2.210e-24,9.559e-18,1.039e-5,2.862e-31,2.232e-20,1.971e-25,,1.406e-18,6.444e-19,1.740e-24,9.110e+0,,4.167e-26,4.878e-2,,2.439e-19,1.664e-20,1.587e-1,3.446e-1,3.241e-14,1.646e-19,1.502e-22,1.554e-2,1.766e-17,7.669e+0,3.084e-17,9.005e-2,1.209e-17,4.792e-1,,1.244e-6,,,5.449e-1,,,1.333e-1,,1.545e-18,,5.966e-19,,1.990e-3,,,,4.729e-18,2.582e-16
564.59,1.913e+1,4.496e-9,2.571e-8,2.062e-39,5.385e-18,,,1.669e-18,3.436e-21,,1.947e-15,1.497e-16,2.210e-24,9.559e-18,9.509e-6,2.918e-31,2.231e-20,1.973e-25,,1.411e-18,6.448e-19,2.154e-24,9.423e+0,,4.175e-26,5.093e-2,,2.440e-19,1.664e-20,1.375e-1,3.466e-1,3.904e-14,1.646e-19,1.501e-22,1.302e-2,1.765e-17,7.850e+0,3.085e-17,1.006e-1,1.209e-17,5.299e-1,,1.577e-6,,,5.439e-1,,,1.318e-1,,1.545e-18,,5.965e-19,,1.673e-3,,,,4.729e-18,2.582e-16
564.62,1.990e+1,6.762e-9,2.600e-8,2.064e-39,1.031e-17,,,1.669e-18,3.438e-21,,1.946e-15,8.243e-17,2.211e-24,9.558e-18,8.608e-6,3.002e-31,2.231e-20,1.976e-25,,1.419e-18,6.454e-19,2.954e-24,9.868e+0,,4.186e-26,5.409e-2,,2.441e-19,1.664e-20,1.104e-1,3.481e-1,5.139e-14,1.646e-19,1.501e-22,9.942e-3,1.763e-17,8.105e+0,3.088e-17,1.184e-1,1.209e-17,6.134e-1,,2.304e-6,,,5.402e-1,,,1.303e-1,,1.545e-18,,5.964e-19,,1.283e-3,,,,4.728e-18,2.582e-16
564.64,2.039e+1,8.849e-9,2.616e-8,2.065e-39,1.585e-17,,,1.669e-18,3.439e-21,,1.946e-15,5.521e-17,2.212e-24,9.558e-18,8.272e-6,3.058e-31,2.230e-20,1.978e-25,,1.425e-18,6.457e-19,3.636e-24,1.015e+1,,4.193e-26,5.613e-2,,2.442e-19,1.664e-20,9.504e-2,3.483e-1,6.154e-14,1.646e-19,1.500e-22,8.284e-3,1.762e-17,8.262e+0,3.089e-17,1.315e-1,1.208e-17,6.742e-1,,2.987e-6,,,5.362e-1,,,1.299e-1,,1.545e-18,,5.964e-19,,1.072e-3,,,,4.727e-18,2.582e-16
564.67,2.108e+1,1.319e-8,2.633e-8,2.067e-39,3.008e-17,,,1.669e-18,3.441e-21,,1.946e-15,3.013e-17,2.213e-24,9.558e-18,8.155e-6,3.142e-31,2.230e-20,1.982e-25,,1.433e-18,6.463e-19,4.941e-24,1.053e+1,,4.205e-26,5.908e-2,,2.443e-19,1.665e-20,7.561e-2,3.472e-1,8.028e-14,1.646e-19,1.499e-22,6.277e-3,1.760e-17,8.478e+0,3.091e-17,1.533e-1,1.208e-17,7.734e-1,,4.421e-6,,,5.282e-1,,,1.300e-1,,1.545e-18,,5.963e-19,,8.150e-4,,,,4.726e-18,2.583e-16
564.69,2.151e+1,1.716e-8,2.640e-8,2.068e-39,4.598e-17,,,1.669e-18,3.442e-21,,1.945e-15,2.006e-17,2.214e-24,9.558e-18,8.334e-6,3.198e-31,2.229e-20,1.984e-25,,1.439e-18,6.466e-19,6.045e-24,1.077e+1,,4.212e-26,6.095e-2,,2.444e-19,1.665e-20,6.472e-2,3.456e-1,9.557e-14,1.646e-19,1.499e-22,5.202e-3,1.759e-17,8.606e+0,3.093e-17,1.694e-1,1.207e-17,8.450e-1,,5.738e-6,,,5.214e-1,,,1.306e-1,,1.546e-18,,5.962e-19,,6.768e-4,,,,4.725e-18,2.583e-16
564.71,2.192e+1,2.227e-8,2.644e-8,2.070e-39,7.010e-17,,,1.668e-18,3.443e-21,,1.945e-15,1.333e-17,2.214e-24,9.558e-18,8.723e-6,3.254e-31,2.229e-20,1.986e-25,,1.444e-18,6.470e-19,7.377e-24,1.098e+1,,4.220e-26,6.273e-2,,2.445e-19,1.665e-20,5.527e-2,3.433e-1,1.135e-13,1.647e-19,1.498e-22,4.303e-3,1.757e-17,8.721e+0,3.094e-17,1.866e-1,1.207e-17,9.211e-1,,7.438e-6,,,5.136e-1,,,1.315e-1,,1.546e-18,,5.962e-19,,5.607e-4,,,,4.725e-18,2.583e-16
564.74,2.247e+1,3.278e-8,2.642e-8,2.072e-39,1.314e-16,,,1.668e-18,3.445e-21,,1.945e-15,7.180e-18,2.215e-24,9.558e-18,9.716e-6,3.338e-31,2.228e-20,1.989e-25,,1.452e-18,6.476e-19,9.901e-24,1.126e+1,,4.231e-26,6.520e-2,,2.446e-19,1.665e-20,4.342e-2,3.386e-1,1.462e-13,1.647e-19,1.497e-22,3.224e-3,1.755e-17,8.867e+0,3.096e-17,2.148e-1,1.206e-17,1.043e+0,,1.094e-5,,,4.999e-1,,,1.336e-1,,1.546e-18,,5.961e-19,,4.209e-4,,,,4.724e-18,2.583e-16
564.76,2.279e+1,4.230e-8,2.636e-8,2.073e-39,1.991e-16,,,1.668e-18,3.446e-21,,1.944e-15,4.740e-18,2.216e-24,9.558e-18,1.067e-5,3.394e-31,2.228e-20,1.991e-25,,1.458e-18,6.479e-19,1.201e-23,1.141e+1,,4.238e-26,6.670e-2,,2.447e-19,1.665e-20,3.685e-2,3.346e-1,1.726e-13,1.647e-19,1.497e-22,2.652e-3,1.754e-17,8.945e+0,3.098e-17,2.353e-1,1.206e-17,1.131e+0,,1.411e-5,,,4.896e-1,,,1.354e-1,,1.546e-18,,5.961e-19,,3.466e-4,,,,4.723e-18,2.584e-16
564.79,2.321e+1,6.170e-8,2.619e-8,2.075e-39,3.699e-16,,,1.668e-18,3.448e-21,,1.944e-15,2.531e-18,2.217e-24,9.557e-18,1.256e-5,3.477e-31,2.227e-20,1.994e-25,,1.466e-18,6.485e-19,1.598e-23,1.160e+1,,4.250e-26,6.871e-2,,2.449e-19,1.666e-20,2.869e-2,3.275e-1,2.204e-13,1.647e-19,1.496e-22,1.971e-3,1.752e-17,9.033e+0,3.100e-17,2.684e-1,1.206e-17,1.269e+0,,2.058e-5,,,4.724e-1,,,1.386e-1,,1.546e-18,,5.960e-19,,2.578e-4,,,,4.722e-18,2.584e-16
564.81,2.345e+1,7.914e-8,2.602e-8,2.076e-39,5.574e-16,,,1.668e-18,3.449e-21,,1.944e-15,1.661e-18,2.217e-24,9.557e-18,1.417e-5,3.533e-31,2.227e-20,1.996e-25,,1.472e-18,6.489e-19,1.927e-23,1.170e+1,,4.257e-26,6.987e-2,,2.449e-19,1.666e-20,2.421e-2,3.221e-1,2.586e-13,1.647e-19,1.496e-22,1.613e-3,1.751e-17,9.073e+0,3.102e-17,2.922e-1,1.205e-17,1.367e+0,,2.639e-5,,,4.599e-1,,,1.410e-1,,1.546e-18,,5.959e-19,,2.110e-4,,,,4.721e-18,2.584e-16
564.84,2.373e+1,1.144e-7,2.569e-8,2.078e-39,1.026e-15,,,1.668e-18,3.451e-21,,1.943e-15,8.787e-19,2.218e-24,9.557e-18,1.714e-5,3.617e-31,2.226e-20,1.999e-25,,1.480e-18,6.494e-19,2.540e-23,1.179e+1,,4.268e-26,7.133e-2,,2.451e-19,1.666e-20,1.867e-2,3.129e-1,3.273e-13,1.647e-19,1.495e-22,1.189e-3,1.749e-17,9.102e+0,3.104e-17,3.305e-1,1.205e-17,1.521e+0,,3.816e-5,,,4.399e-1,,,1.450e-1,,1.547e-18,,5.959e-19,,1.556e-4,,,,4.720e-18,2.585e-16
564.86,2.388e+1,1.459e-7,2.542e-8,2.079e-39,1.537e-15,,,1.668e-18,3.452e-21,,1.943e-15,5.731e-19,2.219e-24,9.557e-18,1.955e-5,3.673e-31,2.226e-20,2.002e-25,,1.485e-18,6.498e-19,3.045e-23,1.182e+1,,4.276e-26,7.210e-2,,2.452e-19,1.666e-20,1.566e-2,3.062e-1,3.818e-13,1.648e-19,1.494e-22,9.681e-4,1.748e-17,9.102e+0,3.105e-17,3.576e-1,1.204e-17,1.629e+0,,4.865e-5,,,4.258e-1,,,1.479e-1,,1.547e-18,,5.958e-19,,1.266e-4,,,,4.719e-18,2.585e-16
564.89,2.402e+1,2.091e-7,2.494e-8,2.081e-39,2.805e-15,,,1.668e-18,3.454e-21,,1.943e-15,3.005e-19,2.220e-24,9.557e-18,2.387e-5,3.757e-31,2.225e-20,2.005e-25,,1.494e-18,6.503e-19,3.979e-23,1.182e+1,,4.287e-26,7.295e-2,,2.453e-19,1.666e-20,1.197e-2,2.953e-1,4.788e-13,1.648e-19,1.493e-22,7.082e-4,1.746e-17,9.072e+0,3.108e-17,4.008e-1,1.204e-17,1.796e+0,,6.972e-5,,,4.036e-1,,,1.523e-1,,1.547e-18,,5.957e-19,,9.246e-5,,,,4.718e-18,2.585e-16
564.91,2.407e+1,2.650e-7,2.457e-8,2.082e-39,4.177e-15,,,1.668e-18,3.455e-21,,1.942e-15,1.948e-19,2.220e-24,9.557e-18,2.728e-5,3.813e-31,2.225e-20,2.007e-25,,1.499e-18,6.507e-19,4.742e-23,1.178e+1,,4.295e-26,7.330e-2,,2.454e-19,1.667e-20,9.981e-3,2.875e-1,5.552e-13,1.648e-19,1.493e-22,5.734e-4,1.745e-17,9.034e+0,3.109e-17,4.311e-1,1.203e-17,1.911e+0,,8.836e-5,,,3.884e-1,,,1.554e-1,,1.547e-18,,5.957e-19,,7.477e-5,,,,4.718e-18,2.585e-16
564.94,2.409e+1,3.763e-7,2.394e-8,2.084e-39,7.556e-15,,,1.668e-18,3.457e-21,,1.942e-15,1.012e-19,2.221e-24,9.556e-18,3.328e-5,3.897e-31,2.224e-20,2.010e-25,,1.507e-18,6.512e-19,6.141e-23,1.169e+1,,4.306e-26,7.350e-2,,2.455e-19,1.667e-20,7.562e-3,2.752e-1,6.901e-13,1.648e-19,1.492e-22,4.161e-4,1.743e-17,8.950e+0,3.111e-17,4.788e-1,1.203e-17,2.089e+0,,1.255e-4,,,3.649e-1,,,1.599e-1,,1.547e-18,,5.956e-19,,5.413e-5,,,,4.717e-18,2.586e-16
564.96,2.406e+1,4.741e-7,2.348e-8,2.085e-39,1.118e-14,,,1.668e-18,3.458e-21,,1.942e-15,6.521e-20,2.222e-24,9.556e-18,3.794e-5,3.953e-31,2.224e-20,2.012e-25,,1.513e-18,6.516e-19,7.274e-23,1.160e+1,,4.313e-26,7.341e-2,,2.456e-19,1.667e-20,6.266e-3,2.666e-1,7.955e-13,1.648e-19,1.492e-22,3.351e-4,1.741e-17,8.877e+0,3.113e-17,5.120e-1,1.202e-17,2.210e+0,,1.581e-4,,,3.490e-1,,,1.629e-1,,1.547e-18,,5.956e-19,,4.351e-5,,,,4.716e-18,2.586e-16
564.99,2.395e+1,6.674e-7,2.274e-8,2.087e-39,2.005e-14,,,1.668e-18,3.460e-21,,1.941e-15,3.357e-20,2.223e-24,9.556e-18,4.605e-5,4.037e-31,2.223e-20,2.015e-25,,1.521e-18,6.522e-19,9.336e-23,1.142e+1,,4.325e-26,7.295e-2,,2.457e-19,1.667e-20,4.704e-3,2.533e-1,9.800e-13,1.649e-19,1.491e-22,2.413e-4,1.740e-17,8.745e+0,3.115e-17,5.636e-1,1.202e-17,2.394e+0,,2.226e-4,,,3.250e-1,,,1.672e-1,,1.547e-18,,5.955e-19,,3.122e-5,,,,4.715e-18,2.586e-16
565.01,2.384e+1,8.358e-7,2.221e-8,2.088e-39,2.950e-14,,,1.668e-18,3.461e-21,,1.941e-15,2.150e-20,2.224e-24,9.556e-18,5.228e-5,4.093e-31,2.223e-20,2.017e-25,,1.527e-18,6.525e-19,1.099e-22,1.128e+1,,4.332e-26,7.243e-2,,2.458e-19,1.667e-20,3.875e-3,2.442e-1,1.123e-12,1.649e-19,1.490e-22,1.933e-4,1.738e-17,8.643e+0,3.116e-17,5.991e-1,1.202e-17,2.517e+0,,2.787e-4,,,3.090e-1,,,1.699e-1,,1.548e-18,,5.954e-19,,2.495e-5,,,,4.714e-18,2.586e-16
565.04,2.363e+1,1.166e-6,2.137e-8,2.090e-39,5.243e-14,,,1.668e-18,3.463e-21,,1.940e-15,1.097e-20,2.224e-24,9.556e-18,6.300e-5,4.177e-31,2.222e-20,2.021e-25,,1.535e-18,6.531e-19,1.398e-22,1.104e+1,,4.343e-26,7.133e-2,,2.459e-19,1.668e-20,2.883e-3,2.303e-1,1.371e-12,1.649e-19,1.489e-22,1.381e-4,1.736e-17,8.471e+0,3.119e-17,6.535e-1,1.201e-17,2.702e+0,,3.889e-4,,,2.852e-1,,,1.735e-1,,1.548e-18,,5.954e-19,,1.774e-5,,,,4.713e-18,2.587e-16
565.06,2.347e+1,1.452e-6,2.079e-8,2.091e-39,7.669e-14,,,1.668e-18,3.464e-21,,1.940e-15,1.109e-20,2.225e-24,9.556e-18,7.115e-5,4.233e-31,2.221e-20,2.023e-25,,1.540e-18,6.535e-19,1.637e-22,1.086e+1,,4.351e-26,7.039e-2,,2.460e-19,1.668e-20,2.360e-3,2.210e-1,1.561e-12,1.649e-19,1.489e-22,1.101e-4,1.735e-17,8.346e+0,3.120e-17,6.905e-1,1.201e-17,2.824e+0,,4.841e-4,,,2.696e-1,,,1.757e-1,,1.548e-18,,5.953e-19,,1.410e-5,,,,4.713e-18,2.587e-16
565.08,2.328e+1,1.803e-6,2.019e-8,2.092e-39,1.119e-13,,,1.668e-18,3.465e-21,,1.940e-15,1.121e-20,2.226e-24,9.556e-18,8.018e-5,4.289e-31,2.221e-20,2.025e-25,,1.546e-18,6.538e-19,1.911e-22,1.068e+1,,4.358e-26,6.931e-2,,2.461e-19,1.668e-20,1.928e-3,2.116e-1,1.774e-12,1.649e-19,1.488e-22,8.754e-5,1.734e-17,8.214e+0,3.122e-17,7.278e-1,1.200e-17,2.945e+0,,6.013e-4,,,2.542e-1,,,1.776e-1,,1.548e-18,,5.953e-19,,1.117e-5,,,,4.712e-18,2.587e-16
565.11,2.297e+1,2.484e-6,1.929e-8,2.094e-39,1.964e-13,,,1.668e-18,3.467e-21,,1.939e-15,1.139e-20,2.227e-24,9.555e-18,9.551e-5,4.373e-31,2.220e-20,2.028e-25,,1.554e-18,6.544e-19,2.401e-22,1.038e+1,,4.370e-26,6.740e-2,,2.462e-19,1.668e-20,1.416e-3,1.975e-1,2.139e-12,1.649e-19,1.488e-22,6.188e-5,1.732e-17,8.005e+0,3.124e-17,7.841e-1,1.200e-17,3.122e+0,,8.285e-4,,,2.316e-1,,,1.799e-1,,1.548e-18,,5.952e-19,,7.859e-6,,,,4.711e-18,2.588e-16
565.13,2.275e+1,3.067e-6,1.868e-8,2.095e-39,2.849e-13,,,1.668e-18,3.468e-21,,1.939e-15,1.151e-20,2.227e-24,9.555e-18,1.070e-4,4.429e-31,2.220e-20,2.030e-25,,1.560e-18,6.547e-19,2.787e-22,1.017e+1,,4.377e-26,6.596e-2,,2.463e-19,1.668e-20,1.150e-3,1.882e-1,2.416e-12,1.649e-19,1.487e-22,4.899e-5,1.731e-17,7.860e+0,3.125e-17,8.216e-1,1.199e-17,3.236e+0,,1.023e-3,,,2.171e-1,,,1.810e-1,,1.548e-18,,5.951e-19,,6.203e-6,,,,4.710e-18,2.588e-16
565.16,2.240e+1,4.188e-6,1.778e-8,2.097e-39,4.956e-13,,,1.667e-18,3.470e-21,,1.939e-15,1.169e-20,2.228e-24,9.555e-18,1.264e-4,4.513e-31,2.219e-20,2.033e-25,,1.568e-18,6.553e-19,3.470e-22,9.866e+0,,4.388e-26,6.357e-2,,2.464e-19,1.669e-20,8.371e-4,1.744e-1,2.887e-12,1.650e-19,1.486e-22,3.443e-5,1.729e-17,7.637e+0,3.127e-17,8.772e-1,1.199e-17,3.400e+0,,1.397e-3,,,1.961e-1,,,1.820e-1,,1.549e-18,,5.951e-19,,4.345e-6,,,,4.709e-18,2.588e-16
565.18,2.216e+1,5.140e-6,1.718e-8,2.098e-39,7.147e-13,,,1.667e-18,3.471e-21,,1.938e-15,1.181e-20,2.229e-24,9.555e-18,1.409e-4,4.569e-31,2.219e-20,2.035e-25,,1.573e-18,6.557e-19,4.004e-22,9.663e+0,,4.396e-26,6.185e-2,,2.465e-19,1.669e-20,6.754e-4,1.654e-1,3.242e-12,1.650e-19,1.486e-22,2.719e-5,1.727e-17,7.486e+0,3.129e-17,9.137e-1,1.199e-17,3.503e+0,,1.714e-3,,,1.827e-1,,,1.822e-1,,1.549e-18,,5.950e-19,,3.431e-6,,,,4.709e-18,2.588e-16
565.21,2.180e+1,6.957e-6,1.632e-8,2.100e-39,1.232e-12,,,1.667e-18,3.473e-21,,1.938e-15,1.199e-20,2.230e-24,9.555e-18,1.650e-4,4.653e-31,2.218e-20,2.039e-25,,1.581e-18,6.562e-19,4.941e-22,9.369e+0,,4.407e-26,5.907e-2,,2.467e-19,1.669e-20,4.874e-4,1.521e-1,3.840e-12,1.650e-19,1.485e-22,1.910e-5,1.726e-17,7.259e+0,3.131e-17,9.668e-1,1.198e-17,3.647e+0,,2.320e-3,,,1.635e-1,,,1.819e-1,,1.549e-18,,5.949e-19,,2.425e-6,,,,4.708e-18,2.589e-16
565.23,2.157e+1,8.487e-6,1.577e-8,2.101e-39,1.767e-12,,,1.667e-18,3.474e-21,,1.938e-15,1.211e-20,2.230e-24,9.555e-18,1.828e-4,4.709e-31,2.218e-20,2.041e-25,,1.587e-18,6.566e-19,5.667e-22,9.186e+0,,4.414e-26,5.712e-2,,2.467e-19,1.669e-20,3.909e-4,1.435e-1,4.285e-12,1.650e-19,1.484e-22,1.515e-5,1.724e-17,7.109e+0,3.133e-17,1.001e+0,1.198e-17,3.736e+0,,2.831e-3,,,1.514e-1,,,1.811e-1,,1.549e-18,,5.949e-19,,1.947e-6,,,,4.707e-18,2.589e-16
565.26,2.123e+1,1.139e-5,1.500e-8,2.103e-39,3.019e-12,,,1.667e-18,3.476e-21,,1.937e-15,1.229e-20,2.231e-24,9.554e-18,2.123e-4,4.793e-31,2.217e-20,2.044e-25,,1.595e-18,6.571e-19,6.931e-22,8.936e+0,,4.426e-26,5.408e-2,,2.469e-19,1.669e-20,2.795e-4,1.311e-1,5.030e-12,1.650e-19,1.484e-22,1.085e-5,1.722e-17,6.887e+0,3.135e-17,1.050e+0,1.197e-17,3.855e+0,,3.797e-3,,,1.343e-1,,,1.793e-1,,1.549e-18,,5.948e-19,,1.450e-6,,,,4.706e-18,2.589e-16
565.28,2.102e+1,1.381e-5,1.452e-8,2.104e-39,4.302e-12,,,1.667e-18,3.477e-21,,1.937e-15,1.241e-20,2.232e-24,9.554e-18,2.338e-4,4.849e-31,2.217e-20,2.046e-25,,1.601e-18,6.575e-19,7.903e-22,8.790e+0,,4.433e-26,5.198e-2,,2.470e-19,1.670e-20,2.228e-4,1.230e-1,5.581e-12,1.651e-19,1.483e-22,8.847e-6,1.721e-17,6.742e+0,3.136e-17,1.080e+0,1.197e-17,3.925e+0,,4.605e-3,,,1.237e-1,,,1.776e-1,,1.549e-18,,5.948e-19,,1.241e-6,,,,4.705e-18,2.590e-16
565.31,2.073e+1,1.836e-5,1.387e-8,2.106e-39,7.287e-12,,,1.667e-18,3.479e-21,,1.936e-15,1.258e-20,2.233e-24,9.554e-18,2.693e-4,4.933e-31,2.216e-20,2.049e-25,,1.609e-18,6.581e-19,9.579e-22,8.611e+0,,4.444e-26,4.876e-2,,2.471e-19,1.670e-20,1.579e-4,1.115e-1,6.492e-12,1.651e-19,1.482e-22,6.845e-6,1.719e-17,6.531e+0,3.139e-17,1.123e+0,1.196e-17,4.014e+0,,6.123e-3,,,1.087e-1,,,1.744e-1,,1.550e-18,,5.947e-19,,1.078e-6,,,,4.704e-18,2.590e-16
565.33,2.056e+1,2.213e-5,1.349e-8,2.108e-39,1.032e-11,,,1.667e-18,3.480e-21,,1.936e-15,1.270e-20,2.233e-24,9.554e-18,2.950e-4,4.989e-31,2.216e-20,2.051e-25,,1.614e-18,6.584e-19,1.086e-21,8.521e+0,,4.452e-26,4.659e-2,,2.472e-19,1.670e-20,1.251e-4,1.042e-1,7.160e-12,1.651e-19,1.482e-22,6.072e-6,1.718e-17,6.395e+0,3.140e-17,1.149e+0,1.196e-17,4.062e+0,,7.381e-3,,,9.949e-2,,,1.717e-1,,1.550e-18,,5.946e-19,,1.062e-6,,,,4.704e-18,2.590e-16
565.36,2.034e+1,2.916e-5,1.300e-8,2.109e-39,1.733e-11,,,1.667e-18,3.482e-21,,1.936e-15,1.288e-20,2.234e-24,9.554e-18,3.369e-4,5.073e-31,2.215e-20,2.055e-25,,1.623e-18,6.590e-19,1.304e-21,8.437e+0,,4.463e-26,4.332e-2,,2.473e-19,1.670e-20,8.787e-5,9.376e-2,8.255e-12,1.651e-19,1.481e-22,5.643e-6,1.716e-17,6.200e+0,3.142e-17,1.184e+0,1.195e-17,4.117e+0,,9.726e-3,,,8.669e-2,,,1.672e-1,,1.550e-18,,5.946e-19,,1.176e-6,,,,4.703e-18,2.590e-16
565.38,2.022e+1,3.495e-5,1.274e-8,2.111e-39,2.441e-11,,,1.667e-18,3.483e-21,,1.935e-15,1.300e-20,2.235e-24,9.554e-18,3.671e-4,5.129e-31,2.215e-20,2.057e-25,,1.628e-18,6.593e-19,1.469e-21,8.418e+0,,4.471e-26,4.114e-2,,2.474e-19,1.670e-20,6.922e-5,8.716e-2,9.050e-12,1.651e-19,1.480e-22,5.820e-6,1.715e-17,6.076e+0,3.144e-17,1.204e+0,1.195e-17,4.142e+0,,1.166e-2,,,7.885e-2,,,1.637e-1,,1.550e-18,,5.945e-19,,1.351e-6,,,,4.702e-18,2.591e-16
565.41,2.010e+1,4.564e-5,1.245e-8,2.112e-39,4.061e-11,,,1.667e-18,3.485e-21,,1.935e-15,1.318e-20,2.236e-24,9.553e-18,4.158e-4,5.213e-31,2.214e-20,2.060e-25,,1.636e-18,6.599e-19,1.749e-21,8.452e+0,,4.482e-26,3.791e-2,,2.475e-19,1.671e-20,4.817e-5,7.784e-2,1.034e-11,1.651e-19,1.480e-22,6.800e-6,1.713e-17,5.899e+0,3.146e-17,1.229e+0,1.194e-17,4.161e+0,,1.522e-2,,,6.809e-2,,,1.580e-1,,1.550e-18,,5.944e-19,,1.788e-6,,,,4.701e-18,2.591e-16
565.43,2.005e+1,5.437e-5,1.232e-8,2.114e-39,5.685e-11,,,1.667e-18,3.486e-21,,1.935e-15,1.330e-20,2.237e-24,9.553e-18,4.507e-4,5.269e-31,2.214e-20,2.062e-25,,1.642e-18,6.603e-19,1.959e-21,8.517e+0,,4.489e-26,3.579e-2,,2.476e-19,1.671e-20,3.771e-5,7.201e-2,1.127e-11,1.652e-19,1.479e-22,7.981e-6,1.712e-17,5.787e+0,3.147e-17,1.243e+0,1.194e-17,4.161e+0,,1.813e-2,,,6.157e-2,,,1.538e-1,,1.550e-18,,5.944e-19,,2.221e-6,,,,4.700e-18,2.591e-16
565.45,2.003e+1,6.461e-5,1.225e-8,2.115e-39,7.941e-11,,,1.667e-18,3.487e-21,,1.934e-15,1.342e-20,2.237e-24,9.553e-18,4.875e-4,5.325e-31,2.213e-20,2.064e-25,,1.647e-18,6.606e-19,2.189e-21,8.620e+0,,4.497e-26,3.371e-2,,2.477e-19,1.671e-20,2.946e-5,6.647e-2,1.225e-11,1.652e-19,1.479e-22,9.654e-6,1.710e-17,5.679e+0,3.149e-17,1.253e+0,1.194e-17,4.151e+0,,2.155e-2,,,5.553e-2,,,1.494e-1,,1.550e-18,,5.943e-19,,2.795e-6,,,,4.700e-18,2.591e-16
565.48,2.006e+1,8.333e-5,1.227e-8,2.117e-39,1.305e-10,,,1.667e-18,3.489e-21,,1.934e-15,1.360e-20,2.238e-24,9.553e-18,5.463e-4,5.409e-31,2.213e-20,2.067e-25,,1.656e-18,6.612e-19,2.574e-21,8.845e+0,,4.508e-26,3.067e-2,,2.478e-19,1.671e-20,2.024e-5,5.874e-2,1.383e-11,1.652e-19,1.478e-22,1.329e-5,1.708e-17,5.526e+0,3.151e-17,1.264e+0,1.193e-17,4.117e+0,,2.780e-2,,,4.736e-2,,,1.424e-1,,1.551e-18,,5.943e-19,,3.996e-6,,,,4.699e-18,2.592e-16
565.5,2.012e+1,9.845e-5,1.236e-8,2.118e-39,1.812e-10,,,1.667e-18,3.490e-21,,1.934e-15,1.372e-20,2.239e-24,9.553e-18,5.879e-4,5.465e-31,2.212e-20,2.069e-25,,1.661e-18,6.615e-19,2.859e-21,9.044e+0,,4.516e-26,2.872e-2,,2.479e-19,1.671e-20,1.572e-5,5.396e-2,1.494e-11,1.652e-19,1.477e-22,1.665e-5,1.707e-17,5.429e+0,3.153e-17,1.267e+0,1.193e-17,4.083e+0,,3.284e-2,,,4.247e-2,,,1.375e-1,,1.551e-18,,5.942e-19,,5.088e-6,,,,4.698e-18,2.592e-16
565.53,2.027e+1,1.258e-4,1.261e-8,2.120e-39,2.951e-10,,,1.667e-18,3.492e-21,,1.933e-15,1.390e-20,2.240e-24,9.553e-18,6.539e-4,5.549e-31,2.211e-20,2.072e-25,,1.669e-18,6.621e-19,3.331e-21,9.418e+0,,4.527e-26,2.589e-2,,2.480e-19,1.672e-20,1.070e-5,4.732e-2,1.671e-11,1.652e-19,1.477e-22,2.352e-5,1.705e-17,5.290e+0,3.155e-17,1.267e+0,1.192e-17,4.014e+0,,4.198e-2,,,3.591e-2,,,1.299e-1,,1.551e-18,,5.941e-19,,7.312e-6,,,,4.697e-18,2.592e-16
565.55,2.041e+1,1.478e-4,1.285e-8,2.121e-39,4.073e-10,,,1.667e-18,3.493e-21,,1.933e-15,1.402e-20,2.240e-24,9.552e-18,7.003e-4,5.605e-31,2.211e-20,2.075e-25,,1.675e-18,6.625e-19,3.678e-21,9.717e+0,,4.534e-26,2.410e-2,,2.481e-19,1.672e-20,8.259e-6,4.325e-2,1.795e-11,1.652e-19,1.476e-22,2.967e-5,1.704e-17,5.201e+0,3.156e-17,1.263e+0,1.192e-17,3.957e+0,,4.930e-2,,,3.202e-2,,,1.247e-1,,1.551e-18,,5.941e-19,,9.300e-6,,,,4.696e-18,2.593e-16
565.58,2.069e+1,1.872e-4,1.334e-8,2.123e-39,6.576e-10,,,1.666e-18,3.495e-21,,1.933e-15,1.420e-20,2.241e-24,9.552e-18,7.736e-4,5.689e-31,2.210e-20,2.078e-25,,1.683e-18,6.630e-19,4.248e-21,1.024e+1,,4.546e-26,2.154e-2,,2.483e-19,1.672e-20,5.574e-6,3.764e-2,1.990e-11,1.653e-19,1.475e-22,4.197e-5,1.702e-17,5.072e+0,3.159e-17,1.252e+0,1.191e-17,3.855e+0,,6.246e-2,,,2.685e-2,,,1.168e-1,,1.551e-18,,5.940e-19,,1.330e-5,,,,4.695e-18,2.593e-16
565.6,2.091e+1,2.186e-4,1.374e-8,2.124e-39,9.023e-10,,,1.666e-18,3.496e-21,,1.932e-15,1.432e-20,2.242e-24,9.552e-18,8.249e-4,5.745e-31,2.210e-20,2.080e-25,,1.689e-18,6.634e-19,4.662e-21,1.064e+1,,4.553e-26,1.992e-2,,2.483e-19,1.672e-20,4.275e-6,3.423e-2,2.125e-11,1.653e-19,1.475e-22,5.280e-5,1.701e-17,4.988e+0,3.160e-17,1.241e+0,1.191e-17,3.777e+0,,7.291e-2,,,2.381e-2,,,1.114e-1,,1.551e-18,,5.940e-19,,1.684e-5,,,,4.695e-18,2.593e-16
565.63,2.130e+1,2.745e-4,1.446e-8,2.126e-39,1.444e-9,,,1.666e-18,3.498e-21,,1.932e-15,1.450e-20,2.243e-24,9.552e-18,9.054e-4,5.829e-31,2.209e-20,2.083e-25,,1.697e-18,6.639e-19,5.336e-21,1.131e+1,,4.564e-26,1.764e-2,,2.485e-19,1.672e-20,2.859e-6,2.956e-2,2.335e-11,1.653e-19,1.474e-22,7.425e-5,1.699e-17,4.865e+0,3.162e-17,1.219e+0,1.190e-17,3.647e+0,,9.155e-2,,,1.981e-2,,,1.034e-1,,1.552e-18,,5.939e-19,,2.388e-5,,,,4.694e-18,2.594e-16
565.65,2.161e+1,3.185e-4,1.502e-8,2.127e-39,1.969e-9,,,1.666e-18,3.499e-21,,1.932e-15,1.462e-20,2.243e-24,9.552e-18,9.615e-4,5.885e-31,2.209e-20,2.085e-25,,1.702e-18,6.643e-19,5.821e-21,1.180e+1,,4.572e-26,1.622e-2,,2.486e-19,1.672e-20,2.180e-6,2.674e-2,2.478e-11,1.653e-19,1.473e-22,9.296e-5,1.698e-17,4.783e+0,3.164e-17,1.202e+0,1.190e-17,3.553e+0,,1.062e-1,,,1.749e-2,,,9.810e-2,,1.552e-18,,5.938e-19,,3.007e-5,,,,4.693e-18,2.594e-16
565.68,2.211e+1,3.964e-4,1.595e-8,2.129e-39,3.123e-9,,,1.666e-18,3.501e-21,,1.931e-15,1.480e-20,2.244e-24,9.552e-18,1.049e-3,5.969e-31,2.208e-20,2.088e-25,,1.711e-18,6.649e-19,6.604e-21,1.260e+1,,4.583e-26,1.424e-2,,2.487e-19,1.673e-20,1.445e-6,2.292e-2,2.699e-11,1.653e-19,1.473e-22,1.297e-4,1.696e-17,4.660e+0,3.166e-17,1.172e+0,1.190e-17,3.400e+0,,1.322e-1,,,1.448e-2,,,9.023e-2,,1.552e-18,,5.938e-19,,4.229e-5,,,,4.692e-18,2.594e-16
565.7,2.248e+1,4.573e-4,1.663e-8,2.130e-39,4.235e-9,,,1.666e-18,3.502e-21,,1.931e-15,1.492e-20,2.245e-24,9.552e-18,1.110e-3,6.025e-31,2.208e-20,2.090e-25,,1.716e-18,6.652e-19,7.162e-21,1.318e+1,,4.590e-26,1.302e-2,,2.488e-19,1.673e-20,1.095e-6,2.062e-2,2.848e-11,1.653e-19,1.472e-22,1.614e-4,1.694e-17,4.578e+0,3.167e-17,1.149e+0,1.189e-17,3.292e+0,,1.525e-1,,,1.275e-2,,,8.508e-2,,1.552e-18,,5.937e-19,,5.293e-5,,,,4.691e-18,2.594e-16
565.73,2.308e+1,5.640e-4,1.775e-8,2.132e-39,6.657e-9,,,1.666e-18,3.504e-21,,1.930e-15,1.510e-20,2.246e-24,9.551e-18,1.206e-3,6.109e-31,2.207e-20,2.094e-25,,1.724e-18,6.658e-19,8.052e-21,1.409e+1,,4.602e-26,1.132e-2,,2.489e-19,1.673e-20,7.194e-7,1.754e-2,3.073e-11,1.654e-19,1.471e-22,2.232e-4,1.692e-17,4.451e+0,3.170e-17,1.111e+0,1.189e-17,3.122e+0,,1.881e-1,,,1.054e-2,,,7.756e-2,,1.552e-18,,5.936e-19,,7.378e-5,,,,4.690e-18,2.595e-16
565.75,2.351e+1,6.468e-4,1.855e-8,2.133e-39,8.973e-9,,,1.666e-18,3.505e-21,,1.930e-15,1.522e-20,2.247e-24,9.551e-18,1.272e-3,6.165e-31,2.207e-20,2.096e-25,,1.730e-18,6.661e-19,8.681e-21,1.473e+1,,4.609e-26,1.029e-2,,2.490e-19,1.673e-20,5.421e-7,1.570e-2,3.224e-11,1.654e-19,1.471e-22,2.762e-4,1.691e-17,4.365e+0,3.171e-17,1.084e+0,1.188e-17,3.005e+0,,2.157e-1,,,9.293e-3,,,7.270e-2,,1.552e-18,,5.936e-19,,9.180e-5,,,,4.690e-18,2.595e-16
565.78,2.418e+1,7.907e-4,1.981e-8,2.135e-39,1.398e-8,,,1.666e-18,3.507e-21,,1.930e-15,1.540e-20,2.248e-24,9.551e-18,1.375e-3,6.249e-31,2.206e-20,2.099e-25,,1.738e-18,6.667e-19,9.673e-21,1.572e+1,,4.620e-26,8.870e-3,,2.491e-19,1.674e-20,3.530e-7,1.324e-2,3.448e-11,1.654e-19,1.470e-22,3.786e-4,1.689e-17,4.232e+0,3.173e-17,1.041e+0,1.188e-17,2.824e+0,,2.638e-1,,,7.742e-3,,,6.568e-2,,1.553e-18,,5.935e-19,,1.268e-4,,,,4.689e-18,2.595e-16
565.8,2.465e+1,9.013e-4,2.069e-8,2.136e-39,1.873e-8,,,1.666e-18,3.508e-21,,1.929e-15,1.552e-20,2.248e-24,9.551e-18,1.447e-3,6.305e-31,2.206e-20,2.101e-25,,1.744e-18,6.671e-19,1.037e-20,1.640e+1,,4.628e-26,8.010e-3,,2.492e-19,1.674e-20,2.646e-7,1.179e-2,3.596e-11,1.654e-19,1.469e-22,4.657e-4,1.688e-17,4.141e+0,3.175e-17,1.011e+0,1.187e-17,2.702e+0,,3.007e-1,,,6.899e-3,,,6.120e-2,,1.553e-18,,5.934e-19,,1.569e-4,,,,4.688e-18,2.595e-16
565.83,2.537e+1,1.092e-3,2.206e-8,2.138e-39,2.893e-8,,,1.666e-18,3.510e-21,,1.929e-15,1.570e-20,2.249e-24,9.551e-18,1.560e-3,6.389e-31,2.205e-20,2.104e-25,,1.752e-18,6.676e-19,1.145e-20,1.744e+1,,4.639e-26,6.844e-3,,2.493e-19,1.674e-20,1.712e-7,9.870e-3,3.812e-11,1.654e-19,1.469e-22,6.327e-4,1.686e-17,3.999e+0,3.177e-17,9.652e-1,1.187e-17,2.517e+0,,3.643e-1,,,5.897e-3,,,5.480e-2,,1.553e-18,,5.934e-19,,2.149e-4,,,,4.687e-18,2.596e-16
565.85,2.586e+1,1.238e-3,2.299e-8,3.327e-39,3.854e-8,,,1.666e-18,3.511e-21,,1.929e-15,1.582e-20,2.250e-24,9.551e-18,1.639e-3,6.445e-31,2.205e-20,2.106e-25,,1.757e-18,6.680e-19,1.220e-20,1.814e+1,,4.647e-26,6.144e-3,,2.494e-19,1.674e-20,1.279e-7,8.743e-3,3.952e-11,1.654e-19,1.468e-22,7.738e-4,1.685e-17,3.901e+0,3.178e-17,9.341e-1,1.186e-17,2.394e+0,,4.128e-1,,,5.393e-3,,,5.075e-2,,1.553e-18,,5.933e-19,,2.642e-4,,,,4.686e-18,2.596e-16
565.87,2.635e+1,1.399e-3,2.393e-8,5.165e-39,5.121e-8,,,1.666e-18,3.512e-21,,1.928e-15,1.594e-20,2.250e-24,9.550e-18,1.721e-3,6.501e-31,2.204e-20,2.108e-25,,1.763e-18,6.684e-19,1.296e-20,1.884e+1,,4.654e-26,5.503e-3,,2.495e-19,1.674e-20,9.570e-8,7.727e-3,4.087e-11,1.655e-19,1.468e-22,9.441e-4,1.684e-17,3.800e+0,3.180e-17,9.030e-1,1.186e-17,2.271e+0,,4.667e-1,,,5.013e-3,,,4.689e-2,,1.553e-18,,5.933e-19,,3.240e-4,,,,4.686e-18,2.596e-16
565.9,2.709e+1,1.674e-3,2.535e-8,9.948e-39,7.811e-8,,,1.666e-18,3.514e-21,,1.928e-15,1.612e-20,2.251e-24,9.550e-18,1.850e-3,6.584e-31,2.204e-20,2.112e-25,,1.771e-18,6.689e-19,1.413e-20,1.988e+1,,4.665e-26,4.643e-3,,2.496e-19,1.674e-20,6.251e-8,6.395e-3,4.280e-11,1.655e-19,1.467e-22,1.267e-3,1.682e-17,3.644e+0,3.182e-17,8.569e-1,1.186e-17,2.089e+0,,5.584e-1,,,4.665e-3,,,4.146e-2,,1.553e-18,,5.932e-19,,4.383e-4,,,,4.685e-18,2.597e-16
565.92,2.758e+1,1.881e-3,2.629e-8,1.535e-38,1.032e-7,,,1.666e-18,3.515e-21,,1.928e-15,1.624e-20,3.503e-24,9.550e-18,1.942e-3,1.023e-30,2.203e-20,2.114e-25,,1.776e-18,6.693e-19,1.493e-20,2.056e+1,,4.673e-26,4.133e-3,,2.497e-19,1.675e-20,4.777e-8,5.622e-3,4.400e-11,1.655e-19,1.466e-22,1.536e-3,1.680e-17,3.537e+0,3.184e-17,8.269e-1,1.185e-17,1.970e+0,,6.275e-1,,,4.579e-3,,,3.808e-2,,1.554e-18,,5.931e-19,,5.344e-4,,,,4.684e-18,2.597e-16
565.95,2.830e+1,2.231e-3,2.767e-8,2.931e-38,1.560e-7,,,1.666e-18,3.517e-21,,1.927e-15,1.641e-20,6.769e-24,9.550e-18,2.086e-3,1.974e-30,2.203e-20,2.117e-25,,1.785e-18,6.698e-19,1.614e-20,2.155e+1,,4.684e-26,3.456e-3,,2.498e-19,1.675e-20,3.363e-8,4.615e-3,4.567e-11,1.655e-19,1.465e-22,2.043e-3,1.679e-17,3.373e+0,3.186e-17,7.836e-1,1.185e-17,1.796e+0,,7.442e-1,,,4.670e-3,,,3.337e-2,,1.554e-18,,5.931e-19,,7.164e-4,,,,4.683e-18,2.597e-16
565.97,2.876e+1,2.492e-3,2.856e-8,4.497e-38,2.049e-7,,,1.666e-18,3.518e-21,,1.927e-15,1.653e-20,1.047e-23,9.550e-18,2.189e-3,3.054e-30,2.202e-20,2.119e-25,,1.790e-18,6.702e-19,1.695e-20,2.218e+1,,4.692e-26,3.058e-3,,2.499e-19,1.675e-20,2.832e-8,4.035e-3,4.668e-11,1.655e-19,1.465e-22,2.463e-3,1.677e-17,3.260e+0,3.187e-17,7.562e-1,1.184e-17,1.684e+0,,8.313e-1,,,4.880e-3,,,3.047e-2,,1.554e-18,,5.930e-19,,8.684e-4,,,,4.682e-18,2.597e-16
566,2.942e+1,2.929e-3,2.985e-8,8.508e-38,3.069e-7,,,1.665e-18,3.520e-21,,1.927e-15,1.671e-20,2.006e-23,9.550e-18,2.353e-3,5.839e-30,2.202e-20,2.122e-25,,1.798e-18,6.707e-19,1.816e-20,2.307e+1,,4.703e-26,2.534e-3,,2.501e-19,1.675e-20,2.538e-8,3.285e-3,4.803e-11,1.656e-19,1.464e-22,3.246e-3,1.675e-17,3.089e+0,3.190e-17,7.181e-1,1.184e-17,1.521e+0,,9.771e-1,,,5.433e-3,,,2.646e-2,,1.554e-18,,5.929e-19,,1.154e-3,,,,4.681e-18,2.598e-16
566.02,2.983e+1,3.253e-3,3.066e-8,1.298e-37,4.007e-7,,,1.665e-18,3.521e-21,,1.926e-15,1.683e-20,3.084e-23,9.549e-18,2.470e-3,8.968e-30,2.201e-20,2.124e-25,,1.804e-18,6.711e-19,1.895e-20,2.362e+1,,4.710e-26,2.229e-3,,2.501e-19,1.675e-20,2.652e-8,2.857e-3,4.881e-11,1.656e-19,1.464e-22,3.891e-3,1.674e-17,2.973e+0,3.191e-17,6.949e-1,1.183e-17,1.418e+0,,1.085e+0,,,5.969e-3,,,2.401e-2,,1.554e-18,,5.929e-19,,1.390e-3,,,,4.681e-18,2.598e-16
566.05,3.041e+1,3.789e-3,3.179e-8,2.434e-37,5.951e-7,,,1.665e-18,3.523e-21,,1.926e-15,1.701e-20,5.855e-23,9.549e-18,2.658e-3,1.700e-29,2.200e-20,2.128e-25,,1.812e-18,6.717e-19,2.013e-20,2.437e+1,,4.722e-26,1.831e-3,,2.503e-19,1.676e-20,3.311e-8,2.307e-3,4.978e-11,1.656e-19,1.463e-22,5.083e-3,1.672e-17,2.797e+0,3.193e-17,6.641e-1,1.183e-17,1.269e+0,,1.264e+0,,,7.051e-3,,,2.067e-2,,1.554e-18,,5.928e-19,,1.831e-3,,,,4.680e-18,2.598e-16
566.07,3.076e+1,4.183e-3,3.248e-8,3.690e-37,7.723e-7,,,1.665e-18,3.524e-21,,1.926e-15,1.713e-20,8.951e-23,9.549e-18,2.792e-3,2.595e-29,2.200e-20,2.130e-25,,1.818e-18,6.720e-19,2.088e-20,2.482e+1,,4.729e-26,1.601e-3,,2.504e-19,1.676e-20,4.131e-8,1.995e-3,5.030e-11,1.656e-19,1.462e-22,6.056e-3,1.671e-17,2.679e+0,3.195e-17,6.464e-1,1.183e-17,1.176e+0,,1.395e+0,,,7.975e-3,,,1.865e-2,,1.555e-18,,5.928e-19,,2.193e-3,,,,4.679e-18,2.598e-16
566.1,3.123e+1,4.830e-3,3.341e-8,6.860e-37,1.137e-6,,,1.665e-18,3.526e-21,,1.925e-15,1.731e-20,1.684e-22,9.549e-18,3.009e-3,4.876e-29,2.199e-20,2.133e-25,,1.826e-18,6.726e-19,2.198e-20,2.540e+1,,4.740e-26,1.303e-3,,2.505e-19,1.676e-20,6.108e-8,1.598e-3,5.087e-11,1.656e-19,1.462e-22,7.841e-3,1.669e-17,2.502e+0,3.197e-17,6.247e-1,1.182e-17,1.043e+0,,1.611e+0,,,9.705e-3,,,1.591e-2,,1.555e-18,,5.927e-19,,2.862e-3,,,,4.678e-18,2.599e-16
566.12,3.150e+1,5.300e-3,3.395e-8,1.034e-36,1.467e-6,,,1.665e-18,3.527e-21,,1.925e-15,1.743e-20,2.560e-22,9.549e-18,3.164e-3,7.401e-29,2.199e-20,2.135e-25,,1.831e-18,6.729e-19,2.267e-20,2.573e+1,,4.748e-26,1.132e-3,,2.506e-19,1.676e-20,8.087e-8,1.374e-3,5.111e-11,1.656e-19,1.461e-22,9.286e-3,1.668e-17,2.385e+0,3.198e-17,6.136e-1,1.182e-17,9.608e-1,,1.768e+0,,,1.111e-2,,,1.426e-2,,1.555e-18,,5.926e-19,,3.408e-3,,,,4.677e-18,2.599e-16
566.15,3.184e+1,6.064e-3,3.462e-8,1.905e-36,2.140e-6,,,1.665e-18,3.529e-21,,1.924e-15,1.761e-20,4.775e-22,9.549e-18,3.415e-3,1.378e-28,2.198e-20,2.138e-25,,1.840e-18,6.735e-19,2.364e-20,2.611e+1,,4.759e-26,9.134e-4,,2.507e-19,1.676e-20,1.246e-7,1.091e-3,5.126e-11,1.657e-19,1.460e-22,1.192e-2,1.666e-17,2.211e+0,3.201e-17,6.026e-1,1.181e-17,8.450e-1,,2.023e+0,,,1.366e-2,,,1.206e-2,,1.555e-18,,5.926e-19,,4.408e-3,,,,4.676e-18,2.599e-16
566.17,3.203e+1,6.615e-3,3.498e-8,2.855e-36,2.745e-6,,,1.665e-18,3.530e-21,,1.924e-15,1.773e-20,7.213e-22,9.549e-18,3.595e-3,2.080e-28,2.198e-20,2.140e-25,,1.845e-18,6.739e-19,2.424e-20,2.630e+1,,4.766e-26,7.892e-4,,2.508e-19,1.677e-20,1.666e-7,9.332e-4,5.121e-11,1.657e-19,1.460e-22,1.403e-2,1.665e-17,2.096e+0,3.202e-17,5.991e-1,1.181e-17,7.734e-1,,2.207e+0,,,1.568e-2,,,1.075e-2,,1.555e-18,,5.925e-19,,5.218e-3,,,,4.675e-18,2.600e-16
566.2,3.223e+1,7.503e-3,3.537e-8,5.215e-36,3.969e-6,,,1.665e-18,3.532e-21,,1.924e-15,1.791e-20,1.334e-21,9.548e-18,3.885e-3,3.838e-28,2.197e-20,2.143e-25,,1.853e-18,6.744e-19,2.506e-20,2.646e+1,,4.778e-26,6.309e-4,,2.509e-19,1.677e-20,2.572e-7,7.349e-4,5.094e-11,1.657e-19,1.459e-22,1.785e-2,1.663e-17,1.928e+0,3.204e-17,6.000e-1,1.180e-17,6.742e-1,,2.503e+0,,,1.927e-2,,,9.005e-3,,1.555e-18,,5.924e-19,,6.690e-3,,,,4.674e-18,2.600e-16
566.22,3.232e+1,8.135e-3,3.552e-8,7.768e-36,5.060e-6,,,1.665e-18,3.533e-21,,1.923e-15,1.803e-20,2.003e-21,9.548e-18,4.092e-3,5.758e-28,2.197e-20,2.146e-25,,1.859e-18,6.748e-19,2.554e-20,2.650e+1,,4.785e-26,5.418e-4,,2.510e-19,1.677e-20,3.430e-7,6.250e-4,5.063e-11,1.657e-19,1.458e-22,2.089e-2,1.661e-17,1.818e+0,3.206e-17,6.047e-1,1.180e-17,6.134e-1,,2.714e+0,,,2.208e-2,,,7.979e-3,,1.556e-18,,5.924e-19,,7.873e-3,,,,4.674e-18,2.600e-16
566.24,3.238e+1,8.800e-3,3.560e-8,1.155e-35,6.436e-6,,,1.665e-18,3.535e-21,,1.923e-15,1.815e-20,3.001e-21,9.548e-18,4.311e-3,8.618e-28,2.196e-20,2.148e-25,,1.864e-18,6.752e-19,2.597e-20,2.648e+1,,4.793e-26,4.642e-4,,2.511e-19,1.677e-20,4.565e-7,5.303e-4,5.022e-11,1.657e-19,1.458e-22,2.439e-2,1.660e-17,1.711e+0,3.207e-17,6.128e-1,1.179e-17,5.567e-1,,2.936e+0,,,2.526e-2,,,7.053e-3,,1.556e-18,,5.923e-19,,9.242e-3,,,,4.673e-18,2.600e-16
566.27,3.239e+1,9.857e-3,3.555e-8,2.083e-35,9.193e-6,,,1.665e-18,3.536e-21,,1.923e-15,1.833e-20,5.481e-21,9.548e-18,4.662e-3,1.571e-27,2.196e-20,2.151e-25,,1.873e-18,6.757e-19,2.651e-20,2.634e+1,,4.804e-26,3.664e-4,,2.512e-19,1.677e-20,6.980e-7,4.127e-4,4.941e-11,1.657e-19,1.457e-22,3.064e-2,1.658e-17,1.556e+0,3.210e-17,6.314e-1,1.179e-17,4.792e-1,,3.288e+0,,,3.080e-2,,,5.835e-3,,1.556e-18,,5.923e-19,,1.170e-2,,,,4.672e-18,2.601e-16
566.29,3.235e+1,1.060e-2,3.542e-8,3.077e-35,1.162e-5,,,1.665e-18,3.538e-21,,1.922e-15,1.845e-20,8.164e-21,9.548e-18,4.911e-3,2.337e-27,2.195e-20,2.153e-25,,1.878e-18,6.761e-19,2.680e-20,2.617e+1,,4.811e-26,3.120e-4,,2.513e-19,1.678e-20,9.239e-7,3.482e-4,4.876e-11,1.658e-19,1.457e-22,3.556e-2,1.657e-17,1.457e+0,3.211e-17,6.481e-1,1.179e-17,4.323e-1,,3.536e+0,,,3.507e-2,,,5.127e-3,,1.556e-18,,5.922e-19,,1.366e-2,,,,4.671e-18,2.601e-16
566.32,3.223e+1,1.177e-2,3.507e-8,5.502e-35,1.645e-5,,,1.665e-18,3.539e-21,,1.922e-15,1.863e-20,1.478e-20,9.548e-18,5.308e-3,4.223e-27,2.195e-20,2.156e-25,,1.886e-18,6.766e-19,2.711e-20,2.581e+1,,4.823e-26,2.441e-4,,2.514e-19,1.678e-20,1.401e-6,2.687e-4,4.764e-11,1.658e-19,1.456e-22,4.427e-2,1.655e-17,1.314e+0,3.213e-17,6.796e-1,1.178e-17,3.688e-1,,3.925e+0,,,4.244e-2,,,4.204e-3,,1.556e-18,,5.921e-19,,1.714e-2,,,,4.670e-18,2.601e-16
566.34,3.211e+1,1.258e-2,3.473e-8,8.081e-35,2.068e-5,,,1.665e-18,3.541e-21,,1.922e-15,1.875e-20,2.188e-20,9.547e-18,5.588e-3,6.247e-27,2.194e-20,2.158e-25,,1.892e-18,6.770e-19,2.724e-20,2.551e+1,,4.830e-26,2.067e-4,,2.515e-19,1.678e-20,1.843e-6,2.254e-4,4.680e-11,1.658e-19,1.455e-22,5.108e-2,1.654e-17,1.223e+0,3.215e-17,7.049e-1,1.178e-17,3.308e-1,,4.196e+0,,,4.806e-2,,,3.672e-3,,1.556e-18,,5.921e-19,,1.988e-2,,,,4.670e-18,2.602e-16
566.37,3.187e+1,1.384e-2,3.408e-8,1.432e-34,2.902e-5,,,1.665e-18,3.542e-21,,1.921e-15,1.893e-20,3.926e-20,9.547e-18,6.029e-3,1.119e-26,2.194e-20,2.161e-25,,1.900e-18,6.775e-19,2.731e-20,2.496e+1,,4.841e-26,1.602e-4,,2.516e-19,1.678e-20,2.770e-6,1.725e-4,4.542e-11,1.658e-19,1.454e-22,6.304e-2,1.652e-17,1.094e+0,3.217e-17,7.490e-1,1.177e-17,2.797e-1,,4.616e+0,,,5.767e-2,,,2.984e-3,,1.556e-18,,5.920e-19,,2.473e-2,,,,4.669e-18,2.602e-16
566.39,3.168e+1,1.470e-2,3.355e-8,2.091e-34,3.627e-5,,,1.665e-18,3.544e-21,,1.921e-15,1.905e-20,5.779e-20,9.547e-18,6.337e-3,1.645e-26,2.193e-20,2.163e-25,,1.906e-18,6.779e-19,2.728e-20,2.454e+1,,4.849e-26,1.348e-4,,2.517e-19,1.678e-20,3.623e-6,1.439e-4,4.444e-11,1.658e-19,1.454e-22,7.231e-2,1.651e-17,1.012e+0,3.218e-17,7.823e-1,1.177e-17,2.493e-1,,4.905e+0,,,6.494e-2,,,2.591e-3,,1.557e-18,,5.920e-19,,2.852e-2,,,,4.668e-18,2.602e-16
566.42,3.135e+1,1.604e-2,3.263e-8,3.673e-34,5.044e-5,,,1.665e-18,3.545e-21,,1.921e-15,1.923e-20,1.028e-19,9.547e-18,6.820e-3,2.920e-26,2.193e-20,2.167e-25,,1.914e-18,6.785e-19,2.711e-20,2.383e+1,,4.860e-26,1.036e-4,,2.519e-19,1.679e-20,5.396e-6,1.091e-4,4.289e-11,1.658e-19,1.453e-22,8.843e-2,1.649e-17,8.978e-1,3.221e-17,8.381e-1,1.176e-17,2.089e-1,,5.349e+0,,,7.725e-2,,,2.086e-3,,1.557e-18,,5.919e-19,,3.516e-2,,,,4.667e-18,2.602e-16
566.44,3.110e+1,1.694e-2,3.194e-8,5.332e-34,6.266e-5,,,1.664e-18,3.547e-21,,1.920e-15,1.935e-20,1.504e-19,9.547e-18,7.153e-3,4.269e-26,2.192e-20,2.169e-25,,1.919e-18,6.788e-19,2.692e-20,2.331e+1,,4.868e-26,8.666e-5,,2.519e-19,1.679e-20,7.017e-6,9.051e-5,4.182e-11,1.659e-19,1.453e-22,1.008e-1,1.647e-17,8.263e-1,3.222e-17,8.789e-1,1.176e-17,1.851e-1,,5.650e+0,,,8.648e-2,,,1.801e-3,,1.557e-18,,5.918e-19,,4.030e-2,,,,4.666e-18,2.603e-16
566.47,3.071e+1,1.831e-2,3.078e-8,9.284e-34,8.637e-5,,,1.664e-18,3.548e-21,,1.920e-15,1.953e-20,2.651e-19,9.547e-18,7.669e-3,7.512e-26,2.192e-20,2.172e-25,,1.928e-18,6.794e-19,2.651e-20,2.247e+1,,4.879e-26,6.599e-5,,2.521e-19,1.679e-20,1.036e-5,6.807e-5,4.018e-11,1.659e-19,1.452e-22,1.222e-1,1.645e-17,7.266e-1,3.224e-17,9.450e-1,1.175e-17,1.537e-1,,6.107e+0,,,1.020e-1,,,1.437e-3,,1.557e-18,,5.918e-19,,4.924e-2,,,,4.665e-18,2.603e-16
566.49,3.043e+1,1.922e-2,2.995e-8,1.340e-33,1.067e-4,,,1.664e-18,3.550e-21,,1.919e-15,1.965e-20,3.857e-19,9.546e-18,8.022e-3,1.092e-25,2.191e-20,2.174e-25,,1.933e-18,6.798e-19,2.616e-20,2.188e+1,,4.886e-26,5.487e-5,,2.522e-19,1.679e-20,1.339e-5,5.613e-5,3.908e-11,1.659e-19,1.451e-22,1.386e-1,1.644e-17,6.650e-1,3.226e-17,9.921e-1,1.175e-17,1.354e-1,,6.412e+0,,,1.135e-1,,,1.233e-3,,1.557e-18,,5.917e-19,,5.612e-2,,,,4.665e-18,2.603e-16
566.52,2.999e+1,2.059e-2,2.861e-8,2.312e-33,1.457e-4,,,1.664e-18,3.551e-21,,1.919e-15,1.983e-20,6.738e-19,9.546e-18,8.561e-3,1.904e-25,2.190e-20,2.177e-25,,1.941e-18,6.803e-19,2.554e-20,2.097e+1,,4.898e-26,4.141e-5,,2.523e-19,1.679e-20,1.960e-5,4.185e-5,3.744e-11,1.659e-19,1.450e-22,1.665e-1,1.642e-17,5.797e-1,3.228e-17,1.067e+0,1.174e-17,1.115e-1,,6.869e+0,,,1.326e-1,,,9.752e-4,,1.557e-18,,5.916e-19,,6.796e-2,,,,4.664e-18,2.604e-16
566.54,2.969e+1,2.149e-2,2.767e-8,3.317e-33,1.789e-4,,,1.664e-18,3.552e-21,,1.919e-15,1.995e-20,9.745e-19,9.546e-18,8.924e-3,2.750e-25,2.190e-20,2.179e-25,,1.947e-18,6.807e-19,2.506e-20,2.034e+1,,4.905e-26,3.422e-5,,2.524e-19,1.680e-20,2.518e-5,3.431e-5,3.636e-11,1.659e-19,1.450e-22,1.876e-1,1.641e-17,5.275e-1,3.229e-17,1.119e+0,1.174e-17,9.759e-2,,7.169e+0,,,1.467e-1,,,8.316e-4,,1.558e-18,,5.916e-19,,7.698e-2,,,,4.663e-18,2.604e-16
566.57,2.925e+1,2.282e-2,2.620e-8,5.674e-33,2.423e-4,,,1.664e-18,3.554e-21,,1.918e-15,2.013e-20,1.688e-18,9.546e-18,9.472e-3,4.755e-25,2.189e-20,2.183e-25,,1.955e-18,6.812e-19,2.424e-20,1.938e+1,,4.916e-26,2.560e-5,,2.525e-19,1.680e-20,3.652e-5,2.536e-5,3.480e-11,1.659e-19,1.449e-22,2.234e-1,1.639e-17,4.559e-1,3.232e-17,1.200e+0,1.174e-17,7.960e-2,,7.611e+0,,,1.700e-1,,,6.519e-4,,1.558e-18,,5.915e-19,,9.241e-2,,,,4.662e-18,2.604e-16
566.59,2.896e+1,2.367e-2,2.519e-8,8.091e-33,2.957e-4,,,1.664e-18,3.555e-21,,1.918e-15,2.024e-20,2.426e-18,9.546e-18,9.836e-3,6.829e-25,2.189e-20,2.185e-25,,1.961e-18,6.816e-19,2.364e-20,1.875e+1,,4.924e-26,2.103e-5,,2.526e-19,1.680e-20,4.666e-5,2.067e-5,3.379e-11,1.660e-19,1.449e-22,2.502e-1,1.638e-17,4.125e-1,3.233e-17,1.255e+0,1.173e-17,6.929e-2,,7.898e+0,,,1.869e-1,,,5.526e-4,,1.558e-18,,5.915e-19,,1.041e-1,,,,4.661e-18,2.604e-16
566.61,2.867e+1,2.451e-2,2.416e-8,1.151e-32,3.601e-4,,,1.664e-18,3.557e-21,,1.918e-15,2.036e-20,3.481e-18,9.546e-18,1.020e-2,9.784e-25,2.189e-20,2.187e-25,,1.966e-18,6.820e-19,2.300e-20,1.812e+1,,4.931e-26,1.723e-5,,2.527e-19,1.680e-20,5.947e-5,1.681e-5,3.283e-11,1.660e-19,1.448e-22,2.796e-1,1.637e-17,3.723e-1,3.235e-17,1.312e+0,1.173e-17,6.016e-2,,8.175e+0,,,2.051e-1,,,4.673e-4,,1.558e-18,,5.914e-19,,1.169e-1,,,,4.661e-18,2.605e-16
566.64,2.827e+1,2.569e-2,2.259e-8,1.945e-32,4.817e-4,,,1.664e-18,3.558e-21,,1.917e-15,2.054e-20,5.953e-18,9.546e-18,1.073e-2,1.671e-24,2.188e-20,2.190e-25,,1.974e-18,6.825e-19,2.198e-20,1.719e+1,,4.943e-26,1.273e-5,,2.528e-19,1.680e-20,8.519e-5,1.227e-5,3.148e-11,1.660e-19,1.447e-22,3.288e-1,1.635e-17,3.179e-1,3.237e-17,1.397e+0,1.172e-17,4.846e-2,,8.571e+0,,,2.346e-1,,,3.618e-4,,1.558e-18,,5.913e-19,,1.386e-1,,,,4.660e-18,2.605e-16
566.66,2.801e+1,2.644e-2,2.154e-8,2.751e-32,5.831e-4,,,1.664e-18,3.560e-21,,1.917e-15,2.066e-20,8.489e-18,9.545e-18,1.107e-2,2.379e-24,2.188e-20,2.192e-25,,1.980e-18,6.829e-19,2.125e-20,1.659e+1,,4.950e-26,1.037e-5,,2.529e-19,1.681e-20,1.079e-4,9.922e-6,3.065e-11,1.660e-19,1.447e-22,3.653e-1,1.633e-17,2.853e-1,3.238e-17,1.454e+0,1.172e-17,4.183e-2,,8.820e+0,,,2.559e-1,,,3.041e-4,,1.558e-18,,5.913e-19,,1.548e-1,,,,4.659e-18,2.605e-16
566.69,2.766e+1,2.747e-2,1.996e-8,4.607e-32,7.731e-4,,,1.664e-18,3.561e-21,,1.917e-15,2.084e-20,1.439e-17,9.545e-18,1.157e-2,4.027e-24,2.187e-20,2.195e-25,,1.988e-18,6.834e-19,2.013e-20,1.574e+1,,4.961e-26,7.591e-6,,2.530e-19,1.681e-20,1.532e-4,7.182e-6,2.951e-11,1.660e-19,1.446e-22,4.258e-1,1.631e-17,2.415e-1,3.241e-17,1.539e+0,1.171e-17,3.339e-2,,9.165e+0,,,2.902e-1,,,2.333e-4,,1.559e-18,,5.912e-19,,1.818e-1,,,,4.658e-18,2.605e-16
566.71,2.745e+1,2.810e-2,1.891e-8,6.478e-32,9.303e-4,,,1.664e-18,3.563e-21,,1.916e-15,2.096e-20,2.040e-17,9.545e-18,1.189e-2,5.702e-24,2.186e-20,2.197e-25,,1.993e-18,6.838e-19,1.935e-20,1.520e+1,,4.969e-26,6.147e-6,,2.531e-19,1.681e-20,1.930e-4,5.772e-6,2.883e-11,1.660e-19,1.445e-22,4.702e-1,1.630e-17,2.154e-1,3.242e-17,1.595e+0,1.171e-17,2.865e-2,,9.375e+0,,,3.146e-1,,,1.949e-4,,1.559e-18,,5.912e-19,,2.019e-1,,,,4.657e-18,2.606e-16
566.74,2.717e+1,2.894e-2,1.737e-8,1.075e-31,1.223e-3,,,1.664e-18,3.564e-21,,1.916e-15,2.114e-20,3.428e-17,9.545e-18,1.233e-2,9.566e-24,2.186e-20,2.201e-25,,2.002e-18,6.844e-19,1.816e-20,1.446e+1,,4.980e-26,4.459e-6,,2.532e-19,1.681e-20,2.716e-4,4.141e-6,2.793e-11,1.661e-19,1.445e-22,5.432e-1,1.628e-17,1.808e-1,3.244e-17,1.677e+0,1.170e-17,2.266e-2,,9.655e+0,,,3.535e-1,,,1.482e-4,,1.559e-18,,5.911e-19,,2.351e-1,,,,4.656e-18,2.606e-16
566.76,2.701e+1,2.943e-2,1.637e-8,1.503e-31,1.463e-3,,,1.664e-18,3.566e-21,,1.916e-15,2.126e-20,4.832e-17,9.545e-18,1.260e-2,1.347e-23,2.185e-20,2.203e-25,,2.007e-18,6.847e-19,1.735e-20,1.401e+1,,4.987e-26,3.590e-6,,2.533e-19,1.681e-20,3.401e-4,3.309e-6,2.742e-11,1.661e-19,1.444e-22,5.963e-1,1.627e-17,1.603e-1,3.246e-17,1.730e+0,1.170e-17,1.933e-2,,9.817e+0,,,3.810e-1,,,1.231e-4,,1.559e-18,,5.910e-19,,2.594e-1,,,,4.656e-18,2.606e-16
566.79,2.683e+1,3.004e-2,1.490e-8,2.473e-31,1.906e-3,,,1.664e-18,3.567e-21,,1.915e-15,2.144e-20,8.048e-17,9.545e-18,1.297e-2,2.239e-23,2.185e-20,2.206e-25,,2.015e-18,6.853e-19,1.614e-20,1.340e+1,,4.999e-26,2.581e-6,,2.535e-19,1.682e-20,4.743e-4,2.354e-6,2.677e-11,1.661e-19,1.443e-22,6.828e-1,1.625e-17,1.334e-1,3.248e-17,1.807e+0,1.170e-17,1.516e-2,,1.002e+1,,,4.244e-1,,,9.277e-5,,1.559e-18,,5.909e-19,,2.995e-1,,,,4.655e-18,2.607e-16
566.81,2.674e+1,3.036e-2,1.395e-8,3.437e-31,2.266e-3,,,1.664e-18,3.569e-21,,1.915e-15,2.156e-20,1.128e-16,9.544e-18,1.319e-2,3.133e-23,2.184e-20,2.208e-25,,2.021e-18,6.856e-19,1.533e-20,1.305e+1,,5.006e-26,2.065e-6,,2.535e-19,1.682e-20,5.904e-4,1.870e-6,2.643e-11,1.661e-19,1.443e-22,7.451e-1,1.624e-17,1.176e-1,3.249e-17,1.855e+0,1.169e-17,1.285e-2,,1.013e+1,,,4.547e-1,,,7.659e-5,,1.559e-18,,5.909e-19,,3.285e-1,,,,4.654e-18,2.607e-16
566.84,2.665e+1,3.072e-2,1.259e-8,5.605e-31,2.927e-3,,,1.664e-18,3.570e-21,,1.914e-15,2.174e-20,1.861e-16,9.544e-18,1.347e-2,5.164e-23,2.184e-20,2.211e-25,,2.029e-18,6.862e-19,1.413e-20,1.261e+1,,5.017e-26,1.472e-6,,2.537e-19,1.682e-20,8.162e-4,1.318e-6,2.603e-11,1.661e-19,1.442e-22,8.456e-1,1.622e-17,9.696e-2,3.252e-17,1.922e+0,1.169e-17,9.985e-3,,1.025e+1,,,5.020e-1,,,5.720e-5,,1.560e-18,,5.908e-19,,3.758e-1,,,,4.653e-18,2.607e-16
566.86,2.663e+1,3.086e-2,1.172e-8,7.742e-31,3.461e-3,,,1.663e-18,3.572e-21,,1.914e-15,2.186e-20,2.593e-16,9.544e-18,1.362e-2,7.184e-23,2.183e-20,2.213e-25,,2.035e-18,6.866e-19,1.335e-20,1.237e+1,,5.025e-26,1.171e-6,,2.538e-19,1.682e-20,1.010e-3,1.041e-6,2.584e-11,1.662e-19,1.441e-22,9.173e-1,1.621e-17,8.501e-2,3.253e-17,1.964e+0,1.168e-17,8.414e-3,,1.030e+1,,,5.346e-1,,,4.695e-5,,1.560e-18,,5.908e-19,,4.098e-1,,,,4.652e-18,2.607e-16
566.89,2.665e+1,3.095e-2,1.048e-8,1.252e-30,4.430e-3,,,1.663e-18,3.573e-21,,1.914e-15,2.204e-20,4.243e-16,9.544e-18,1.380e-2,1.174e-22,2.183e-20,2.216e-25,,2.043e-18,6.871e-19,1.220e-20,1.210e+1,,5.036e-26,8.269e-7,,2.539e-19,1.682e-20,1.384e-3,7.273e-7,2.567e-11,1.662e-19,1.441e-22,1.032e+0,1.619e-17,6.947e-2,3.255e-17,2.021e+0,1.168e-17,6.480e-3,,1.032e+1,,,5.850e-1,,,3.475e-5,,1.560e-18,,5.907e-19,,4.647e-1,,,,4.651e-18,2.608e-16
566.91,2.670e+1,3.091e-2,9.696e-9,1.719e-30,5.208e-3,,,1.663e-18,3.575e-21,,1.913e-15,2.216e-20,5.874e-16,9.544e-18,1.388e-2,1.623e-22,2.182e-20,2.219e-25,,2.048e-18,6.875e-19,1.145e-20,1.198e+1,,5.044e-26,6.541e-7,,2.540e-19,1.682e-20,1.702e-3,5.710e-7,2.561e-11,1.662e-19,1.440e-22,1.113e+0,1.618e-17,6.055e-2,3.257e-17,2.055e+0,1.167e-17,5.428e-3,,1.031e+1,,,6.193e-1,,,2.835e-5,,1.560e-18,,5.906e-19,,5.038e-1,,,,4.651e-18,2.608e-16
566.94,2.683e+1,3.072e-2,8.593e-9,2.754e-30,6.608e-3,,,1.663e-18,3.576e-21,,1.913e-15,2.234e-20,9.528e-16,9.544e-18,1.394e-2,2.628e-22,2.182e-20,2.222e-25,,2.057e-18,6.880e-19,1.037e-20,1.189e+1,,5.055e-26,4.585e-7,,2.541e-19,1.683e-20,2.312e-3,3.955e-7,2.562e-11,1.662e-19,1.439e-22,1.241e+0,1.616e-17,4.905e-2,3.259e-17,2.100e+0,1.167e-17,4.143e-3,,1.025e+1,,,6.717e-1,,,2.079e-5,,1.560e-18,,5.906e-19,,5.661e-1,,,,4.650e-18,2.608e-16
566.96,2.694e+1,3.050e-2,7.904e-9,3.760e-30,7.723e-3,,,1.663e-18,3.578e-21,,1.913e-15,2.246e-20,1.312e-15,9.543e-18,1.395e-2,3.613e-22,2.181e-20,2.224e-25,,2.062e-18,6.884e-19,9.673e-21,1.189e+1,,5.062e-26,3.610e-7,,2.542e-19,1.683e-20,2.827e-3,3.087e-7,2.568e-11,1.662e-19,1.439e-22,1.330e+0,1.614e-17,4.250e-2,3.260e-17,2.126e+0,1.167e-17,3.450e-3,,1.017e+1,,,7.069e-1,,,1.686e-5,,1.560e-18,,5.905e-19,,6.101e-1,,,,4.649e-18,2.609e-16
566.98,2.708e+1,3.021e-2,7.253e-9,5.121e-30,9.005e-3,,,1.663e-18,3.579e-21,,1.912e-15,2.258e-20,1.801e-15,9.543e-18,1.392e-2,4.956e-22,2.181e-20,2.226e-25,,2.068e-18,6.888e-19,9.005e-21,1.194e+1,,5.070e-26,2.840e-7,,2.543e-19,1.683e-20,3.449e-3,2.403e-7,2.576e-11,1.662e-19,1.438e-22,1.422e+0,1.613e-17,3.674e-2,3.262e-17,2.148e+0,1.166e-17,2.866e-3,,1.008e+1,,,7.422e-1,,,1.364e-5,,1.560e-18,,5.905e-19,,6.559e-1,,,,4.648e-18,2.609e-16
567.01,2.734e+1,2.965e-2,6.348e-9,8.104e-30,1.129e-2,,,1.663e-18,3.581e-21,,1.912e-15,2.276e-20,2.885e-15,9.543e-18,1.382e-2,7.927e-22,2.180e-20,2.229e-25,,2.076e-18,6.893e-19,8.052e-21,1.209e+1,,5.081e-26,1.982e-7,,2.544e-19,1.683e-20,4.626e-3,1.644e-7,2.595e-11,1.663e-19,1.438e-22,1.566e+0,1.611e-17,2.940e-2,3.264e-17,2.175e+0,1.166e-17,2.160e-3,,9.891e+0,,,7.949e-1,,,9.880e-6,,1.561e-18,,5.904e-19,,7.280e-1,,,,4.647e-18,2.609e-16
567.03,2.754e+1,2.919e-2,5.791e-9,1.097e-29,1.309e-2,,,1.663e-18,3.582e-21,,1.912e-15,2.288e-20,3.939e-15,9.543e-18,1.372e-2,1.081e-21,2.180e-20,2.231e-25,,2.081e-18,6.897e-19,7.452e-21,1.225e+1,,5.089e-26,1.564e-7,,2.545e-19,1.683e-20,5.610e-3,1.273e-7,2.609e-11,1.663e-19,1.437e-22,1.665e+0,1.610e-17,2.527e-2,3.266e-17,2.189e+0,1.165e-17,1.784e-3,,9.740e+0,,,8.297e-1,,,7.945e-6,,1.561e-18,,5.903e-19,,7.781e-1,,,,4.647e-18,2.609e-16
567.06,2.788e+1,2.840e-2,5.023e-9,1.721e-29,1.626e-2,,,1.663e-18,3.584e-21,,1.911e-15,2.306e-20,6.255e-15,9.543e-18,1.351e-2,1.713e-21,2.179e-20,2.234e-25,,2.090e-18,6.902e-19,6.604e-21,1.256e+1,,5.100e-26,1.112e-7,,2.546e-19,1.684e-20,7.459e-3,8.627e-8,2.633e-11,1.663e-19,1.436e-22,1.817e+0,1.608e-17,2.004e-2,3.268e-17,2.203e+0,1.165e-17,1.332e-3,,9.474e+0,,,8.807e-1,,,5.704e-6,,1.561e-18,,5.903e-19,,8.559e-1,,,,4.646e-18,2.610e-16
567.08,2.812e+1,2.779e-2,4.554e-9,2.317e-29,1.874e-2,,,1.663e-18,3.585e-21,,1.911e-15,2.318e-20,8.488e-15,9.543e-18,1.333e-2,2.323e-21,2.179e-20,2.237e-25,,2.095e-18,6.906e-19,6.075e-21,1.281e+1,,5.107e-26,9.014e-8,,2.547e-19,1.684e-20,8.992e-3,6.639e-8,2.649e-11,1.663e-19,1.436e-22,1.920e+0,1.607e-17,1.712e-2,3.269e-17,2.208e+0,1.164e-17,1.094e-3,,9.274e+0,,,9.138e-1,,,4.559e-6,,1.561e-18,,5.902e-19,,9.093e-1,,,,4.645e-18,2.610e-16
567.11,2.852e+1,2.679e-2,3.915e-9,3.602e-29,2.309e-2,,,1.663e-18,3.587e-21,,1.911e-15,2.336e-20,1.336e-14,9.543e-18,1.301e-2,3.649e-21,2.178e-20,2.240e-25,,2.103e-18,6.912e-19,5.336e-21,1.325e+1,,5.119e-26,6.933e-8,,2.548e-19,1.684e-20,1.185e-2,4.461e-8,2.673e-11,1.663e-19,1.435e-22,2.077e+0,1.605e-17,1.346e-2,3.272e-17,2.210e+0,1.164e-17,8.097e-4,,8.941e+0,,,9.614e-1,,,3.244e-6,,1.561e-18,,5.901e-19,,9.914e-1,,,,4.644e-18,2.610e-16
567.13,2.880e+1,2.607e-2,3.529e-9,4.820e-29,2.646e-2,,,1.663e-18,3.588e-21,,1.910e-15,2.348e-20,1.802e-14,9.542e-18,1.277e-2,4.918e-21,2.178e-20,2.242e-25,,2.109e-18,6.915e-19,4.879e-21,1.358e+1,,5.126e-26,6.146e-8,,2.549e-19,1.684e-20,1.420e-2,3.412e-8,2.688e-11,1.663e-19,1.434e-22,2.182e+0,1.604e-17,1.143e-2,3.273e-17,2.207e+0,1.163e-17,6.606e-4,,8.700e+0,,,9.916e-1,,,2.577e-6,,1.561e-18,,5.901e-19,,1.047e+0,,,,4.643e-18,2.610e-16
567.16,2.924e+1,2.491e-2,3.007e-9,7.428e-29,3.232e-2,,,1.663e-18,3.590e-21,,1.910e-15,2.366e-20,2.812e-14,9.542e-18,1.237e-2,7.659e-21,2.177e-20,2.245e-25,,2.117e-18,6.921e-19,4.248e-21,1.413e+1,,5.137e-26,5.756e-8,,2.550e-19,1.684e-20,1.855e-2,2.273e-8,2.706e-11,1.664e-19,1.434e-22,2.339e+0,1.602e-17,8.908e-3,3.275e-17,2.198e+0,1.163e-17,4.847e-4,,8.314e+0,,,1.034e+0,,,1.817e-6,,1.562e-18,,5.900e-19,,1.131e+0,,,,4.642e-18,2.611e-16
567.18,2.954e+1,2.409e-2,2.694e-9,9.881e-29,3.683e-2,,,1.663e-18,3.591e-21,,1.910e-15,2.378e-20,3.772e-14,9.542e-18,1.207e-2,1.026e-20,2.176e-20,2.247e-25,,2.123e-18,6.924e-19,3.861e-21,1.452e+1,,5.145e-26,6.005e-8,,2.551e-19,1.685e-20,2.210e-2,1.728e-8,2.715e-11,1.664e-19,1.433e-22,2.443e+0,1.600e-17,7.521e-3,3.277e-17,2.188e+0,1.163e-17,3.931e-4,,8.042e+0,,,1.060e+0,,,1.435e-6,,1.562e-18,,5.900e-19,,1.188e+0,,,,4.642e-18,2.611e-16
567.21,3.000e+1,2.282e-2,2.275e-9,1.509e-28,4.461e-2,,,1.663e-18,3.593e-21,,1.909e-15,2.396e-20,5.832e-14,9.542e-18,1.159e-2,1.584e-20,2.176e-20,2.250e-25,,2.131e-18,6.930e-19,3.331e-21,1.514e+1,,5.156e-26,7.186e-8,,2.553e-19,1.685e-20,2.861e-2,1.141e-8,2.724e-11,1.664e-19,1.432e-22,2.596e+0,1.598e-17,5.810e-3,3.279e-17,2.170e+0,1.162e-17,2.859e-4,,7.618e+0,,,1.096e+0,,,1.003e-6,,1.562e-18,,5.899e-19,,1.272e+0,,,,4.641e-18,2.611e-16
567.23,3.031e+1,2.194e-2,2.026e-9,1.996e-28,5.054e-2,,,1.663e-18,3.594e-21,,1.909e-15,2.408e-20,7.776e-14,9.542e-18,1.125e-2,2.110e-20,2.175e-20,2.252e-25,,2.136e-18,6.934e-19,3.010e-21,1.556e+1,,5.163e-26,8.586e-8,,2.553e-19,1.685e-20,3.388e-2,8.624e-9,2.725e-11,1.664e-19,1.432e-22,2.695e+0,1.597e-17,4.876e-3,3.280e-17,2.155e+0,1.162e-17,2.305e-4,,7.326e+0,,,1.117e+0,,,7.875e-7,,1.562e-18,,5.898e-19,,1.328e+0,,,,4.640e-18,2.612e-16
567.26,3.075e+1,2.059e-2,1.696e-9,3.022e-28,6.069e-2,,,1.663e-18,3.596e-21,,1.908e-15,2.425e-20,1.192e-13,9.542e-18,1.072e-2,3.228e-20,2.175e-20,2.256e-25,,2.145e-18,6.939e-19,2.574e-21,1.621e+1,,5.175e-26,1.183e-7,,2.555e-19,1.685e-20,4.348e-2,5.643e-9,2.719e-11,1.664e-19,1.431e-22,2.839e+0,1.595e-17,3.733e-3,3.283e-17,2.129e+0,1.161e-17,1.661e-4,,6.879e+0,,,1.144e+0,,,5.454e-7,,1.562e-18,,5.898e-19,,1.409e+0,,,,4.639e-18,2.612e-16
567.28,3.104e+1,1.968e-2,1.501e-9,3.973e-28,6.837e-2,,,1.663e-18,3.597e-21,,1.908e-15,2.437e-20,1.580e-13,9.541e-18,1.035e-2,4.274e-20,2.174e-20,2.258e-25,,2.150e-18,6.943e-19,2.312e-21,1.665e+1,,5.182e-26,1.494e-7,,2.556e-19,1.685e-20,5.119e-2,4.240e-9,2.710e-11,1.664e-19,1.430e-22,2.930e+0,1.594e-17,3.115e-3,3.284e-17,2.110e+0,1.161e-17,1.331e-4,,6.577e+0,,,1.159e+0,,,4.256e-7,,1.562e-18,,5.897e-19,,1.462e+0,,,,4.638e-18,2.612e-16
567.31,3.146e+1,1.831e-2,1.245e-9,5.963e-28,8.142e-2,,,1.662e-18,3.599e-21,,1.908e-15,2.455e-20,2.400e-13,9.541e-18,9.782e-3,6.482e-20,2.174e-20,2.261e-25,,2.158e-18,6.948e-19,1.959e-21,1.731e+1,,5.193e-26,2.150e-7,,2.557e-19,1.686e-20,6.511e-2,2.749e-9,2.689e-11,1.665e-19,1.430e-22,3.058e+0,1.592e-17,2.364e-3,3.286e-17,2.078e+0,1.160e-17,9.506e-5,,6.122e+0,,,1.177e+0,,,2.921e-7,,1.563e-18,,5.896e-19,,1.538e+0,,,,4.637e-18,2.613e-16
567.33,3.171e+1,1.739e-2,1.096e-9,7.793e-28,9.122e-2,,,1.662e-18,3.600e-21,,1.907e-15,2.467e-20,3.163e-13,9.541e-18,9.399e-3,8.532e-20,2.173e-20,2.263e-25,,2.164e-18,6.952e-19,1.749e-21,1.773e+1,,5.201e-26,2.752e-7,,2.558e-19,1.686e-20,7.621e-2,2.054e-9,2.668e-11,1.665e-19,1.429e-22,3.137e+0,1.591e-17,1.961e-3,3.288e-17,2.056e+0,1.160e-17,7.573e-5,,5.821e+0,,,1.185e+0,,,2.266e-7,,1.563e-18,,5.896e-19,,1.587e+0,,,,4.637e-18,2.613e-16
567.35,3.195e+1,1.649e-2,9.623e-10,1.016e-27,1.020e-1,,,1.662e-18,3.601e-21,,1.907e-15,2.479e-20,4.158e-13,9.541e-18,9.013e-3,1.120e-19,2.173e-20,2.265e-25,,2.169e-18,6.956e-19,1.558e-21,1.815e+1,,5.208e-26,3.524e-7,,2.559e-19,1.686e-20,8.898e-2,1.530e-9,2.643e-11,1.665e-19,1.429e-22,3.211e+0,1.590e-17,1.623e-3,3.289e-17,2.033e+0,1.160e-17,6.018e-5,,5.522e+0,,,1.191e+0,,,1.754e-7,,1.563e-18,,5.895e-19,,1.633e+0,,,,4.636e-18,2.613e-16
567.38,3.228e+1,1.514e-2,7.882e-10,1.506e-27,1.200e-1,,,1.662e-18,3.603e-21,,1.907e-15,2.497e-20,6.239e-13,9.541e-18,8.436e-3,1.678e-19,2.172e-20,2.268e-25,,2.178e-18,6.961e-19,1.304e-21,1.874e+1,,5.220e-26,5.098e-7,,2.560e-19,1.686e-20,1.118e-1,9.801e-10,2.596e-11,1.665e-19,1.428e-22,3.310e+0,1.588e-17,1.217e-3,3.292e-17,1.997e+0,1.159e-17,4.245e-5,,5.081e+0,,,1.194e+0,,,1.189e-7,,1.563e-18,,5.895e-19,,1.696e+0,,,,4.635e-18,2.613e-16
567.4,3.246e+1,1.427e-2,6.880e-10,1.952e-27,1.334e-1,,,1.662e-18,3.604e-21,,1.906e-15,2.509e-20,8.154e-13,9.541e-18,8.054e-3,2.191e-19,2.172e-20,2.270e-25,,2.183e-18,6.965e-19,1.155e-21,1.912e+1,,5.227e-26,6.509e-7,,2.561e-19,1.686e-20,1.297e-1,7.260e-10,2.559e-11,1.665e-19,1.427e-22,3.368e+0,1.586e-17,1.001e-3,3.293e-17,1.972e+0,1.159e-17,3.353e-5,,4.795e+0,,,1.192e+0,,,9.145e-8,,1.563e-18,,5.894e-19,,1.735e+0,,,,4.634e-18,2.614e-16
567.43,3.270e+1,1.299e-2,5.585e-10,2.868e-27,1.557e-1,,,1.662e-18,3.606e-21,,1.906e-15,2.527e-20,1.213e-12,9.540e-18,7.491e-3,3.253e-19,2.171e-20,2.274e-25,,2.191e-18,6.970e-19,9.581e-22,1.963e+1,,5.238e-26,9.356e-7,,2.562e-19,1.687e-20,1.615e-1,4.608e-10,2.494e-11,1.665e-19,1.426e-22,3.441e+0,1.584e-17,7.445e-4,3.295e-17,1.934e+0,1.158e-17,2.344e-5,,4.379e+0,,,1.185e+0,,,6.143e-8,,1.563e-18,,5.893e-19,,1.787e+0,,,,4.633e-18,2.614e-16
567.45,3.282e+1,1.217e-2,4.846e-10,3.696e-27,1.722e-1,,,1.662e-18,3.607e-21,,1.906e-15,2.539e-20,1.576e-12,9.540e-18,7.125e-3,4.221e-19,2.171e-20,2.276e-25,,2.197e-18,6.974e-19,8.434e-22,1.995e+1,,5.246e-26,1.188e-6,,2.563e-19,1.687e-20,1.864e-1,3.393e-10,2.446e-11,1.666e-19,1.426e-22,3.481e+0,1.583e-17,6.095e-4,3.297e-17,1.908e+0,1.158e-17,1.840e-5,,4.112e+0,,,1.177e+0,,,4.697e-8,,1.564e-18,,5.893e-19,,1.817e+0,,,,4.633e-18,2.614e-16
567.48,3.295e+1,1.098e-2,3.899e-10,5.383e-27,1.994e-1,,,1.662e-18,3.609e-21,,1.905e-15,2.557e-20,2.323e-12,9.540e-18,6.594e-3,6.213e-19,2.170e-20,2.279e-25,,2.205e-18,6.980e-19,6.935e-22,2.036e+1,,5.257e-26,1.694e-6,,2.564e-19,1.687e-20,2.300e-1,2.134e-10,2.365e-11,1.666e-19,1.425e-22,3.525e+0,1.581e-17,4.500e-4,3.299e-17,1.870e+0,1.157e-17,1.275e-5,,3.731e+0,,,1.159e+0,,,3.127e-8,,1.564e-18,,5.892e-19,,1.854e+0,,,,4.632e-18,2.614e-16
567.5,3.299e+1,1.022e-2,3.362e-10,6.895e-27,2.193e-1,,,1.662e-18,3.610e-21,,1.905e-15,2.569e-20,3.000e-12,9.540e-18,6.253e-3,8.015e-19,2.170e-20,2.281e-25,,2.210e-18,6.983e-19,6.069e-22,2.060e+1,,5.265e-26,2.140e-6,,2.565e-19,1.687e-20,2.639e-1,1.562e-10,2.307e-11,1.666e-19,1.425e-22,3.544e+0,1.580e-17,3.670e-4,3.300e-17,1.844e+0,1.157e-17,9.952e-6,,3.490e+0,,,1.144e+0,,,2.377e-8,,1.564e-18,,5.892e-19,,1.874e+0,,,,4.631e-18,2.615e-16
567.53,3.300e+1,9.145e-3,2.681e-10,9.953e-27,2.519e-1,,,1.662e-18,3.612e-21,,1.905e-15,2.587e-20,4.384e-12,9.540e-18,5.766e-3,1.169e-18,2.169e-20,2.284e-25,,2.219e-18,6.989e-19,4.948e-22,2.089e+1,,5.276e-26,3.024e-6,,2.566e-19,1.687e-20,3.228e-1,9.740e-11,2.213e-11,1.666e-19,1.424e-22,3.557e+0,1.578e-17,2.701e-4,3.303e-17,1.805e+0,1.156e-17,6.833e-6,,3.151e+0,,,1.117e+0,,,1.568e-8,,1.564e-18,,5.891e-19,,1.896e+0,,,,4.630e-18,2.615e-16
567.55,3.297e+1,8.464e-3,2.299e-10,1.267e-26,2.756e-1,,,1.662e-18,3.613e-21,,1.904e-15,2.599e-20,5.629e-12,9.540e-18,5.459e-3,1.499e-18,2.169e-20,2.286e-25,,2.224e-18,6.993e-19,4.306e-22,2.104e+1,,5.283e-26,3.797e-6,,2.567e-19,1.688e-20,3.680e-1,7.087e-11,2.146e-11,1.666e-19,1.423e-22,3.556e+0,1.577e-17,2.205e-4,3.304e-17,1.779e+0,1.156e-17,5.302e-6,,2.940e+0,,,1.096e+0,,,1.185e-8,,1.564e-18,,5.890e-19,,1.905e+0,,,,4.629e-18,2.615e-16
567.58,3.286e+1,7.503e-3,1.817e-10,1.813e-26,3.141e-1,,,1.662e-18,3.615e-21,,1.904e-15,2.617e-20,8.154e-12,9.540e-18,5.026e-3,2.168e-18,2.168e-20,2.289e-25,,2.232e-18,6.998e-19,3.483e-22,2.119e+1,,5.295e-26,5.320e-6,,2.568e-19,1.688e-20,4.462e-1,4.379e-11,2.041e-11,1.667e-19,1.423e-22,3.537e+0,1.575e-17,1.637e-4,3.306e-17,1.740e+0,1.155e-17,3.607e-6,,2.650e+0,,,1.060e+0,,,7.748e-9,,1.564e-18,,5.890e-19,,1.910e+0,,,,4.628e-18,2.616e-16
567.6,3.275e+1,6.903e-3,1.548e-10,2.296e-26,3.418e-1,,,1.662e-18,3.616e-21,,1.904e-15,2.629e-20,1.041e-11,9.539e-18,4.758e-3,2.764e-18,2.168e-20,2.292e-25,,2.238e-18,7.002e-19,3.016e-22,2.125e+1,,5.302e-26,6.641e-6,,2.569e-19,1.688e-20,5.058e-1,3.167e-11,1.968e-11,1.667e-19,1.422e-22,3.515e+0,1.574e-17,1.355e-4,3.308e-17,1.714e+0,1.155e-17,2.782e-6,,2.473e+0,,,1.034e+0,,,5.819e-9,,1.565e-18,,5.889e-19,,1.908e+0,,,,4.627e-18,2.616e-16
567.63,3.253e+1,6.064e-3,1.213e-10,3.256e-26,3.866e-1,,,1.662e-18,3.618e-21,,1.903e-15,2.647e-20,1.494e-11,9.539e-18,4.386e-3,3.962e-18,2.167e-20,2.295e-25,,2.246e-18,7.007e-19,2.423e-22,2.126e+1,,5.313e-26,9.221e-6,,2.571e-19,1.688e-20,6.078e-1,1.940e-11,1.856e-11,1.667e-19,1.421e-22,3.465e+0,1.572e-17,1.048e-4,3.310e-17,1.674e+0,1.155e-17,1.876e-6,,2.235e+0,,,9.916e-1,,,3.771e-9,,1.565e-18,,5.888e-19,,1.896e+0,,,,4.626e-18,2.616e-16
567.65,3.234e+1,5.546e-3,1.027e-10,4.098e-26,4.186e-1,,,1.662e-18,3.619e-21,,1.903e-15,2.659e-20,1.896e-11,9.539e-18,4.160e-3,5.022e-18,2.166e-20,2.297e-25,,2.252e-18,7.011e-19,2.091e-22,2.122e+1,,5.321e-26,1.144e-5,,2.571e-19,1.688e-20,6.850e-1,1.395e-11,1.780e-11,1.667e-19,1.421e-22,3.423e+0,1.570e-17,9.080e-5,3.311e-17,1.648e+0,1.154e-17,1.438e-6,,2.095e+0,,,9.614e-1,,,2.815e-9,,1.565e-18,,5.888e-19,,1.883e+0,,,,4.626e-18,2.616e-16
567.68,3.202e+1,4.830e-3,7.974e-11,5.760e-26,4.699e-1,,,1.662e-18,3.621e-21,,1.902e-15,2.677e-20,2.698e-11,9.539e-18,3.853e-3,7.134e-18,2.166e-20,2.300e-25,,2.260e-18,7.016e-19,1.674e-22,2.109e+1,,5.332e-26,1.575e-5,,2.573e-19,1.689e-20,8.158e-1,8.464e-12,1.665e-11,1.667e-19,1.420e-22,3.345e+0,1.569e-17,7.815e-5,3.314e-17,1.607e+0,1.154e-17,9.614e-7,,1.913e+0,,,9.138e-1,,,1.808e-9,,1.565e-18,,5.887e-19,,1.854e+0,,,,4.625e-18,2.617e-16
567.7,3.178e+1,4.391e-3,6.715e-11,7.206e-26,5.063e-1,,,1.662e-18,3.622e-21,,1.902e-15,2.689e-20,3.404e-11,9.539e-18,3.671e-3,8.989e-18,2.165e-20,2.302e-25,,2.265e-18,7.020e-19,1.445e-22,2.096e+1,,5.339e-26,1.943e-5,,2.574e-19,1.689e-20,9.139e-1,6.049e-12,1.587e-11,1.667e-19,1.419e-22,3.285e+0,1.567e-17,7.470e-5,3.315e-17,1.580e+0,1.153e-17,7.327e-7,,1.811e+0,,,8.807e-1,,,1.342e-9,,1.565e-18,,5.887e-19,,1.830e+0,,,,4.624e-18,2.617e-16
567.72,3.152e+1,3.982e-3,5.641e-11,8.995e-26,5.444e-1,,,1.662e-18,3.623e-21,,1.902e-15,2.701e-20,4.283e-11,9.539e-18,3.506e-3,1.130e-17,2.165e-20,2.304e-25,,2.271e-18,7.024e-19,1.249e-22,2.080e+1,,5.347e-26,2.391e-5,,2.574e-19,1.689e-20,1.021e+0,4.313e-12,1.510e-11,1.667e-19,1.419e-22,3.217e+0,1.566e-17,7.502e-5,3.317e-17,1.552e+0,1.153e-17,5.571e-7,,1.725e+0,,,8.469e-1,,,9.934e-10,,1.565e-18,,5.886e-19,,1.802e+0,,,,4.623e-18,2.617e-16
567.75,3.109e+1,3.425e-3,4.325e-11,1.249e-25,6.049e-1,,,1.661e-18,3.625e-21,,1.901e-15,2.719e-20,6.020e-11,9.538e-18,3.291e-3,1.585e-17,2.164e-20,2.307e-25,,2.279e-18,7.029e-19,1.011e-22,2.049e+1,,5.358e-26,3.251e-5,,2.576e-19,1.689e-20,1.202e+0,2.585e-12,1.396e-11,1.668e-19,1.418e-22,3.106e+0,1.564e-17,8.258e-5,3.319e-17,1.509e+0,1.152e-17,3.676e-7,,1.626e+0,,,7.949e-1,,,6.300e-10,,1.565e-18,,5.885e-19,,1.753e+0,,,,4.622e-18,2.617e-16
567.77,3.079e+1,3.088e-3,3.612e-11,1.550e-25,6.475e-1,,,1.661e-18,3.626e-21,,1.901e-15,2.731e-20,7.532e-11,9.538e-18,3.169e-3,1.981e-17,2.164e-20,2.310e-25,,2.285e-18,7.033e-19,8.855e-23,2.024e+1,,5.366e-26,3.977e-5,,2.577e-19,1.689e-20,1.335e+0,1.832e-12,1.320e-11,1.668e-19,1.418e-22,3.024e+0,1.563e-17,9.259e-5,3.320e-17,1.480e+0,1.152e-17,2.778e-7,,1.580e+0,,,7.598e-1,,,4.637e-10,,1.566e-18,,5.885e-19,,1.716e+0,,,,4.622e-18,2.618e-16
567.8,3.033e+1,2.632e-3,2.744e-11,2.133e-25,7.144e-1,,,1.661e-18,3.628e-21,,1.901e-15,2.749e-20,1.049e-10,9.538e-18,3.018e-3,2.756e-17,2.163e-20,2.313e-25,,2.293e-18,7.038e-19,7.415e-23,1.982e+1,,5.377e-26,5.359e-5,,2.578e-19,1.690e-20,1.556e+0,1.088e-12,1.210e-11,1.668e-19,1.417e-22,2.893e+0,1.561e-17,1.160e-4,3.323e-17,1.435e+0,1.151e-17,1.817e-7,,1.542e+0,,,7.069e-1,,,2.914e-10,,1.566e-18,,5.884e-19,,1.654e+0,,,,4.621e-18,2.618e-16
567.82,3.001e+1,2.359e-3,2.278e-11,2.631e-25,7.611e-1,,,1.661e-18,3.629e-21,,1.900e-15,2.761e-20,1.305e-10,9.538e-18,2.938e-3,3.423e-17,2.163e-20,2.315e-25,,2.298e-18,7.042e-19,6.721e-23,1.950e+1,,5.384e-26,6.519e-5,,2.579e-19,1.690e-20,1.719e+0,7.667e-13,1.139e-11,1.668e-19,1.416e-22,2.801e+0,1.560e-17,1.380e-4,3.324e-17,1.404e+0,1.151e-17,1.365e-7,,1.538e+0,,,6.717e-1,,,2.132e-10,,1.566e-18,,5.883e-19,,1.610e+0,,,,4.620e-18,2.618e-16
567.85,2.955e+1,1.992e-3,1.715e-11,3.588e-25,8.341e-1,,,1.661e-18,3.631e-21,,1.900e-15,2.779e-20,1.802e-10,9.538e-18,2.848e-3,4.719e-17,2.162e-20,2.318e-25,,2.307e-18,7.048e-19,6.048e-23,1.899e+1,,5.396e-26,8.706e-5,,2.580e-19,1.690e-20,1.987e+0,4.514e-13,1.036e-11,1.668e-19,1.415e-22,2.656e+0,1.558e-17,1.828e-4,3.326e-17,1.356e+0,1.151e-17,8.850e-8,,1.564e+0,,,6.193e-1,,,1.328e-10,,1.566e-18,,5.883e-19,,1.538e+0,,,,4.619e-18,2.619e-16
567.87,2.925e+1,1.775e-3,1.415e-11,4.400e-25,8.847e-1,,,1.661e-18,3.632e-21,,1.900e-15,2.791e-20,2.228e-10,9.538e-18,2.807e-3,5.828e-17,2.162e-20,2.320e-25,,2.312e-18,7.051e-19,5.833e-23,1.862e+1,,5.403e-26,1.053e-4,,2.581e-19,1.690e-20,2.181e+0,3.161e-13,9.700e-12,1.669e-19,1.415e-22,2.556e+0,1.557e-17,2.220e-4,3.328e-17,1.324e+0,1.150e-17,6.609e-8,,1.603e+0,,,5.850e-1,,,9.657e-11,,1.566e-18,,5.882e-19,,1.488e+0,,,,4.618e-18,2.619e-16
567.9,2.882e+1,1.486e-3,1.056e-11,5.949e-25,9.633e-1,,,1.661e-18,3.634e-21,,1.899e-15,2.808e-20,3.050e-10,9.537e-18,2.774e-3,7.964e-17,2.161e-20,2.323e-25,,2.320e-18,7.057e-19,5.852e-23,1.803e+1,,5.414e-26,1.394e-4,,2.582e-19,1.690e-20,2.499e+0,1.844e-13,8.761e-12,1.669e-19,1.414e-22,2.403e+0,1.555e-17,2.984e-4,3.330e-17,1.273e+0,1.150e-17,4.246e-8,,1.696e+0,,,5.346e-1,,,5.961e-11,,1.566e-18,,5.881e-19,,1.409e+0,,,,4.617e-18,2.619e-16
567.92,2.855e+1,1.316e-3,8.665e-12,7.253e-25,1.017e+0,,,1.661e-18,3.635e-21,,1.899e-15,2.820e-20,3.749e-10,9.537e-18,2.770e-3,9.778e-17,2.161e-20,2.325e-25,,2.326e-18,7.061e-19,6.095e-23,1.763e+1,,5.422e-26,1.675e-4,,2.583e-19,1.691e-20,2.727e+0,1.284e-13,8.170e-12,1.669e-19,1.414e-22,2.299e+0,1.553e-17,3.636e-4,3.331e-17,1.239e+0,1.149e-17,3.152e-8,,1.780e+0,,,5.020e-1,,,4.309e-11,,1.567e-18,,5.881e-19,,1.355e+0,,,,4.617e-18,2.619e-16
567.95,2.819e+1,1.092e-3,6.409e-12,9.719e-25,1.101e+0,,,1.661e-18,3.637e-21,,1.898e-15,2.838e-20,5.086e-10,9.537e-18,2.791e-3,1.324e-16,2.160e-20,2.329e-25,,2.334e-18,7.066e-19,6.822e-23,1.700e+1,,5.433e-26,2.198e-4,,2.584e-19,1.691e-20,3.096e+0,7.423e-14,7.338e-12,1.669e-19,1.413e-22,2.142e+0,1.551e-17,4.882e-4,3.334e-17,1.186e+0,1.149e-17,2.007e-8,,1.941e+0,,,4.547e-1,,,2.636e-11,,1.567e-18,,5.880e-19,,1.272e+0,,,,4.616e-18,2.620e-16
567.97,2.799e+1,9.615e-4,5.226e-12,1.178e-24,1.158e+0,,,1.661e-18,3.638e-21,,1.898e-15,2.850e-20,6.215e-10,9.537e-18,2.822e-3,1.616e-16,2.160e-20,2.331e-25,,2.340e-18,7.070e-19,7.564e-23,1.657e+1,,5.441e-26,2.627e-4,,2.585e-19,1.691e-20,3.359e+0,5.137e-14,6.823e-12,1.669e-19,1.412e-22,2.037e+0,1.550e-17,5.930e-4,3.335e-17,1.150e+0,1.148e-17,1.481e-8,,2.073e+0,,,4.244e-1,,,1.894e-11,,1.567e-18,,5.880e-19,,1.216e+0,,,,4.615e-18,2.620e-16
568,2.775e+1,7.907e-4,3.831e-12,1.565e-24,1.245e+0,,,1.661e-18,3.640e-21,,1.898e-15,2.868e-20,8.357e-10,9.537e-18,2.893e-3,2.170e-16,2.159e-20,2.334e-25,,2.348e-18,7.075e-19,9.109e-23,1.592e+1,,5.452e-26,3.416e-4,,2.587e-19,1.691e-20,3.780e+0,2.944e-14,6.110e-12,1.669e-19,1.411e-22,1.882e+0,1.548e-17,7.913e-4,3.337e-17,1.095e+0,1.148e-17,9.344e-9,,2.306e+0,,,3.810e-1,,,1.149e-11,,1.567e-18,,5.879e-19,,1.131e+0,,,,4.614e-18,2.620e-16
568.02,2.763e+1,6.920e-4,3.105e-12,1.885e-24,1.305e+0,,,1.661e-18,3.641e-21,,1.897e-15,2.880e-20,1.015e-9,9.537e-18,2.956e-3,2.633e-16,2.159e-20,2.336e-25,,2.353e-18,7.079e-19,1.046e-22,1.549e+1,,5.459e-26,4.059e-4,,2.587e-19,1.691e-20,4.078e+0,2.025e-14,5.676e-12,1.670e-19,1.411e-22,1.780e+0,1.547e-17,9.567e-4,3.339e-17,1.058e+0,1.148e-17,6.853e-9,,2.487e+0,,,3.535e-1,,,8.203e-12,,1.567e-18,,5.878e-19,,1.075e+0,,,,4.613e-18,2.621e-16
568.05,2.753e+1,5.640e-4,2.256e-12,2.482e-24,1.395e+0,,,1.661e-18,3.643e-21,,1.897e-15,2.898e-20,1.353e-9,9.537e-18,3.073e-3,3.504e-16,2.158e-20,2.339e-25,,2.362e-18,7.084e-19,1.304e-22,1.485e+1,,5.471e-26,5.232e-4,,2.589e-19,1.692e-20,4.548e+0,1.150e-14,5.088e-12,1.670e-19,1.410e-22,1.631e+0,1.545e-17,1.266e-3,3.341e-17,1.003e+0,1.147e-17,4.286e-9,,2.795e+0,,,3.146e-1,,,4.930e-12,,1.567e-18,,5.878e-19,,9.914e-1,,,,4.612e-18,2.621e-16
568.07,2.752e+1,4.907e-4,1.818e-12,2.973e-24,1.456e+0,,,1.661e-18,3.644e-21,,1.897e-15,2.910e-20,1.634e-9,9.536e-18,3.166e-3,4.226e-16,2.158e-20,2.341e-25,,2.367e-18,7.088e-19,1.518e-22,1.443e+1,,5.478e-26,6.179e-4,,2.590e-19,1.692e-20,4.877e+0,7.863e-15,4.739e-12,1.670e-19,1.410e-22,1.534e+0,1.544e-17,1.522e-3,3.343e-17,9.655e-1,1.147e-17,3.125e-9,,3.026e+0,,,2.902e-1,,,3.500e-12,,1.568e-18,,5.877e-19,,9.364e-1,,,,4.612e-18,2.621e-16
568.1,2.759e+1,3.964e-4,1.309e-12,3.879e-24,1.549e+0,,,1.661e-18,3.646e-21,,1.896e-15,2.928e-20,2.159e-9,9.536e-18,3.328e-3,5.574e-16,2.157e-20,2.344e-25,,2.375e-18,7.094e-19,1.913e-22,1.382e+1,,5.489e-26,7.895e-4,,2.591e-19,1.692e-20,5.391e+0,4.426e-15,4.280e-12,1.670e-19,1.409e-22,1.394e+0,1.542e-17,1.998e-3,3.345e-17,9.098e-1,1.146e-17,1.937e-9,,3.410e+0,,,2.559e-1,,,2.084e-12,,1.568e-18,,5.876e-19,,8.559e-1,,,,4.611e-18,2.621e-16
568.12,2.770e+1,3.428e-4,1.048e-12,4.619e-24,1.611e+0,,,1.661e-18,3.647e-21,,1.896e-15,2.940e-20,2.592e-9,9.536e-18,3.449e-3,6.685e-16,2.157e-20,2.347e-25,,2.381e-18,7.097e-19,2.232e-22,1.342e+1,,5.497e-26,9.270e-4,,2.592e-19,1.692e-20,5.747e+0,3.008e-15,4.017e-12,1.670e-19,1.408e-22,1.305e+0,1.541e-17,2.389e-3,3.346e-17,8.731e-1,1.146e-17,1.404e-9,,3.692e+0,,,2.346e-1,,,1.471e-12,,1.568e-18,,5.876e-19,,8.036e-1,,,,4.610e-18,2.622e-16
568.14,2.785e+1,2.958e-4,8.378e-13,5.487e-24,1.673e+0,,,1.661e-18,3.648e-21,,1.896e-15,2.952e-20,3.104e-9,9.536e-18,3.582e-3,7.997e-16,2.156e-20,2.349e-25,,2.386e-18,7.101e-19,2.604e-22,1.305e+1,,5.504e-26,1.086e-3,,2.593e-19,1.692e-20,6.111e+0,2.040e-15,3.790e-12,1.670e-19,1.408e-22,1.218e+0,1.539e-17,2.848e-3,3.348e-17,8.367e-1,1.145e-17,1.015e-9,,3.994e+0,,,2.146e-1,,,1.036e-12,,1.568e-18,,5.875e-19,,7.528e-1,,,,4.609e-18,2.622e-16
568.17,2.819e+1,2.360e-4,5.957e-13,7.073e-24,1.766e+0,,,1.660e-18,3.650e-21,,1.895e-15,2.970e-20,4.051e-9,9.536e-18,3.800e-3,1.042e-15,2.155e-20,2.352e-25,,2.395e-18,7.107e-19,3.273e-22,1.251e+1,,5.516e-26,1.370e-3,,2.594e-19,1.693e-20,6.673e+0,1.134e-15,3.513e-12,1.671e-19,1.407e-22,1.096e+0,1.537e-17,3.693e-3,3.350e-17,7.833e-1,1.145e-17,6.212e-10,,4.485e+0,,,1.869e-1,,,6.090e-13,,1.568e-18,,5.875e-19,,6.795e-1,,,,4.608e-18,2.622e-16
568.19,2.848e+1,2.024e-4,4.732e-13,8.352e-24,1.828e+0,,,1.660e-18,3.651e-21,,1.895e-15,2.982e-20,4.823e-9,9.536e-18,3.959e-3,1.239e-15,2.155e-20,2.354e-25,,2.400e-18,7.110e-19,3.805e-22,1.218e+1,,5.523e-26,1.596e-3,,2.595e-19,1.693e-20,7.054e+0,7.641e-16,3.372e-12,1.671e-19,1.406e-22,1.019e+0,1.536e-17,4.379e-3,3.351e-17,7.487e-1,1.144e-17,4.464e-10,,4.837e+0,,,1.700e-1,,,4.262e-13,,1.568e-18,,5.874e-19,,6.328e-1,,,,4.608e-18,2.622e-16
568.22,2.901e+1,1.600e-4,3.335e-13,1.067e-23,1.920e+0,,,1.660e-18,3.653e-21,,1.895e-15,3.000e-20,6.238e-9,9.535e-18,4.215e-3,1.600e-15,2.154e-20,2.357e-25,,2.408e-18,7.116e-19,4.752e-22,1.172e+1,,5.534e-26,1.996e-3,,2.596e-19,1.693e-20,7.634e+0,4.209e-16,3.226e-12,1.671e-19,1.406e-22,9.115e-1,1.534e-17,5.628e-3,3.354e-17,6.986e-1,1.144e-17,2.708e-10,,5.401e+0,,,1.467e-1,,,2.484e-13,,1.569e-18,,5.873e-19,,5.661e-1,,,,4.607e-18,2.623e-16
568.24,2.942e+1,1.364e-4,2.633e-13,1.253e-23,1.981e+0,,,1.660e-18,3.654e-21,,1.894e-15,3.012e-20,7.384e-9,9.535e-18,4.397e-3,1.892e-15,2.154e-20,2.359e-25,,2.414e-18,7.119e-19,5.498e-22,1.144e+1,,5.542e-26,2.311e-3,,2.597e-19,1.693e-20,8.023e+0,2.820e-16,3.173e-12,1.671e-19,1.405e-22,8.448e-1,1.533e-17,6.634e-3,3.355e-17,6.666e-1,1.144e-17,1.935e-10,,5.800e+0,,,1.326e-1,,,1.728e-13,,1.569e-18,,5.873e-19,,5.241e-1,,,,4.606e-18,2.623e-16
568.27,3.014e+1,1.069e-4,1.839e-13,1.586e-23,2.071e+0,,,1.660e-18,3.656e-21,,1.894e-15,3.030e-20,9.467e-9,9.535e-18,4.686e-3,2.421e-15,2.153e-20,2.362e-25,,2.422e-18,7.125e-19,6.812e-22,1.106e+1,,5.553e-26,2.865e-3,,2.598e-19,1.693e-20,8.605e+0,1.540e-16,3.157e-12,1.671e-19,1.404e-22,7.526e-1,1.531e-17,8.453e-3,3.357e-17,6.213e-1,1.143e-17,1.163e-10,,6.430e+0,,,1.135e-1,,,9.983e-14,,1.569e-18,,5.872e-19,,4.647e-1,,,,4.605e-18,2.623e-16
568.29,3.067e+1,9.060e-5,1.443e-13,1.851e-23,2.129e+0,,,1.660e-18,3.657e-21,,1.894e-15,3.042e-20,1.114e-8,9.535e-18,4.890e-3,2.846e-15,2.153e-20,2.365e-25,,2.427e-18,7.129e-19,7.837e-22,1.085e+1,,5.560e-26,3.297e-3,,2.599e-19,1.693e-20,8.991e+0,1.024e-16,3.191e-12,1.671e-19,1.404e-22,6.964e-1,1.530e-17,9.905e-3,3.359e-17,5.929e-1,1.143e-17,8.259e-11,,6.871e+0,,,1.020e-1,,,6.903e-14,,1.569e-18,,5.872e-19,,4.276e-1,,,,4.604e-18,2.624e-16
568.32,3.156e+1,7.037e-5,9.992e-14,2.324e-23,2.215e+0,,,1.660e-18,3.659e-21,,1.893e-15,3.060e-20,1.416e-8,9.535e-18,5.209e-3,3.611e-15,2.152e-20,2.368e-25,,2.436e-18,7.134e-19,9.629e-22,1.057e+1,,5.572e-26,4.052e-3,,2.600e-19,1.694e-20,9.558e+0,5.541e-17,3.307e-12,1.672e-19,1.403e-22,6.200e-1,1.528e-17,1.251e-2,3.361e-17,5.536e-1,1.142e-17,4.921e-11,,7.558e+0,,,8.646e-2,,,3.952e-14,,1.569e-18,,5.871e-19,,3.758e-1,,,,4.603e-18,2.624e-16
568.34,3.219e+1,5.929e-5,7.796e-14,2.696e-23,2.270e+0,,,1.660e-18,3.660e-21,,1.893e-15,3.072e-20,1.656e-8,9.535e-18,5.430e-3,4.219e-15,2.152e-20,2.370e-25,,2.441e-18,7.138e-19,1.101e-21,1.041e+1,,5.579e-26,4.636e-3,,2.601e-19,1.694e-20,9.927e+0,3.668e-17,3.429e-12,1.672e-19,1.402e-22,5.743e-1,1.527e-17,1.457e-2,3.362e-17,5.297e-1,1.142e-17,3.474e-11,,8.032e+0,,,7.723e-2,,,2.716e-14,,1.569e-18,,5.870e-19,,3.438e-1,,,,4.603e-18,2.624e-16
568.37,3.321e+1,4.564e-5,5.349e-14,3.354e-23,2.351e+0,,,1.660e-18,3.662e-21,,1.892e-15,3.090e-20,2.086e-8,9.534e-18,5.772e-3,5.305e-15,2.151e-20,2.373e-25,,2.449e-18,7.143e-19,1.341e-21,1.023e+1,,5.590e-26,5.648e-3,,2.602e-19,1.694e-20,1.046e+1,1.967e-17,3.677e-12,1.672e-19,1.402e-22,5.136e-1,1.525e-17,1.825e-2,3.365e-17,4.977e-1,1.141e-17,2.051e-11,,8.763e+0,,,6.491e-2,,,1.541e-14,,1.570e-18,,5.870e-19,,2.995e-1,,,,4.602e-18,2.624e-16
568.39,3.392e+1,3.822e-5,4.148e-14,3.869e-23,2.402e+0,,,1.660e-18,3.663e-21,,1.892e-15,3.102e-20,2.426e-8,9.534e-18,6.006e-3,6.163e-15,2.151e-20,2.375e-25,,2.455e-18,7.147e-19,1.525e-21,1.014e+1,,5.598e-26,6.424e-3,,2.603e-19,1.694e-20,1.080e+1,1.295e-17,3.887e-12,1.672e-19,1.401e-22,4.782e-1,1.523e-17,2.114e-2,3.366e-17,4.791e-1,1.141e-17,1.439e-11,,9.260e+0,,,5.763e-2,,,1.053e-14,,1.570e-18,,5.869e-19,,2.723e-1,,,,4.601e-18,2.625e-16
568.42,3.503e+1,2.916e-5,2.821e-14,4.771e-23,2.475e+0,,,1.660e-18,3.665e-21,,1.892e-15,3.120e-20,3.028e-8,9.534e-18,6.365e-3,7.682e-15,2.150e-20,2.378e-25,,2.463e-18,7.153e-19,1.842e-21,1.005e+1,,5.609e-26,7.757e-3,,2.605e-19,1.694e-20,1.128e+1,6.880e-18,4.269e-12,1.672e-19,1.400e-22,4.325e-1,1.522e-17,2.623e-2,3.368e-17,4.556e-1,1.140e-17,8.422e-12,,1.002e+1,,,4.801e-2,,,5.921e-15,,1.570e-18,,5.868e-19,,2.351e-1,,,,4.600e-18,2.625e-16
568.44,3.580e+1,2.428e-5,2.175e-14,5.471e-23,2.521e+0,,,1.660e-18,3.666e-21,,1.891e-15,3.132e-20,3.501e-8,9.534e-18,6.607e-3,8.872e-15,2.150e-20,2.380e-25,,2.469e-18,7.156e-19,2.082e-21,1.002e+1,,5.617e-26,8.771e-3,,2.605e-19,1.695e-20,1.158e+1,4.500e-18,4.569e-12,1.672e-19,1.400e-22,4.068e-1,1.520e-17,3.021e-2,3.370e-17,4.429e-1,1.140e-17,5.875e-12,,1.052e+1,,,4.238e-2,,,4.021e-15,,1.570e-18,,5.868e-19,,2.125e-1,,,,4.599e-18,2.625e-16
568.47,3.695e+1,1.836e-5,1.465e-14,6.687e-23,2.585e+0,,,1.660e-18,3.668e-21,,1.891e-15,3.150e-20,4.332e-8,9.534e-18,6.972e-3,1.096e-14,2.149e-20,2.384e-25,,2.477e-18,7.162e-19,2.492e-21,1.002e+1,,5.628e-26,1.050e-2,,2.607e-19,1.695e-20,1.199e+1,2.370e-18,5.085e-12,1.673e-19,1.399e-22,3.754e-1,1.518e-17,3.717e-2,3.372e-17,4.289e-1,1.139e-17,3.407e-12,,1.129e+1,,,3.499e-2,,,2.241e-15,,1.570e-18,,5.867e-19,,1.818e-1,,,,4.598e-18,2.626e-16
568.49,3.772e+1,1.519e-5,1.123e-14,7.622e-23,2.624e+0,,,1.660e-18,3.669e-21,,1.891e-15,3.162e-20,4.979e-8,9.534e-18,7.215e-3,1.258e-14,2.149e-20,2.386e-25,,2.482e-18,7.165e-19,2.801e-21,1.004e+1,,5.635e-26,1.180e-2,,2.608e-19,1.695e-20,1.223e+1,1.541e-18,5.475e-12,1.673e-19,1.399e-22,3.589e-1,1.517e-17,4.255e-2,3.374e-17,4.229e-1,1.139e-17,2.362e-12,,1.179e+1,,,3.070e-2,,,1.513e-15,,1.570e-18,,5.867e-19,,1.634e-1,,,,4.598e-18,2.626e-16
568.51,3.849e+1,1.254e-5,8.587e-15,8.667e-23,2.660e+0,,,1.660e-18,3.670e-21,,1.890e-15,3.174e-20,5.709e-8,9.534e-18,7.456e-3,1.441e-14,2.148e-20,2.388e-25,,2.488e-18,7.169e-19,3.140e-21,1.009e+1,,5.643e-26,1.323e-2,,2.608e-19,1.695e-20,1.245e+1,9.997e-19,5.900e-12,1.673e-19,1.398e-22,3.459e-1,1.516e-17,4.861e-2,3.375e-17,4.197e-1,1.139e-17,1.634e-12,,1.229e+1,,,2.687e-2,,,1.019e-15,,1.570e-18,,5.866e-19,,1.465e-1,,,,4.597e-18,2.626e-16
568.54,3.962e+1,9.366e-6,5.714e-15,1.046e-22,2.709e+0,,,1.660e-18,3.672e-21,,1.890e-15,3.192e-20,6.978e-8,9.533e-18,7.813e-3,1.759e-14,2.148e-20,2.391e-25,,2.496e-18,7.175e-19,3.712e-21,1.019e+1,,5.654e-26,1.565e-2,,2.610e-19,1.695e-20,1.273e+1,5.199e-19,6.604e-12,1.673e-19,1.397e-22,3.327e-1,1.514e-17,5.908e-2,3.377e-17,4.203e-1,1.138e-17,9.359e-13,,1.301e+1,,,2.191e-2,,,5.607e-16,,1.571e-18,,5.865e-19,,1.238e-1,,,,4.596e-18,2.626e-16
568.56,4.035e+1,7.686e-6,4.343e-15,1.183e-22,2.737e+0,,,1.660e-18,3.673e-21,,1.890e-15,3.203e-20,7.953e-8,9.533e-18,8.044e-3,2.003e-14,2.147e-20,2.393e-25,,2.502e-18,7.178e-19,4.137e-21,1.027e+1,,5.662e-26,1.744e-2,,2.611e-19,1.696e-20,1.288e+1,3.353e-19,7.117e-12,1.673e-19,1.397e-22,3.279e-1,1.513e-17,6.709e-2,3.379e-17,4.244e-1,1.138e-17,6.435e-13,,1.348e+1,,,1.907e-2,,,3.754e-16,,1.571e-18,,5.865e-19,,1.103e-1,,,,4.595e-18,2.627e-16
568.59,4.138e+1,5.689e-6,2.865e-15,1.416e-22,2.772e+0,,,1.659e-18,3.675e-21,,1.889e-15,3.221e-20,9.635e-8,9.533e-18,8.380e-3,2.423e-14,2.147e-20,2.396e-25,,2.510e-18,7.184e-19,4.847e-21,1.042e+1,,5.673e-26,2.044e-2,,2.612e-19,1.696e-20,1.305e+1,1.728e-19,7.952e-12,1.674e-19,1.396e-22,3.264e-1,1.511e-17,8.085e-2,3.381e-17,4.364e-1,1.137e-17,3.652e-13,,1.416e+1,,,1.541e-2,,,2.047e-16,,1.571e-18,,5.864e-19,,9.241e-2,,,,4.594e-18,2.627e-16
568.61,4.203e+1,4.641e-6,2.164e-15,1.591e-22,2.791e+0,,,1.659e-18,3.676e-21,,1.889e-15,3.233e-20,1.092e-7,9.533e-18,8.593e-3,2.743e-14,2.146e-20,2.398e-25,,2.515e-18,7.187e-19,5.371e-21,1.054e+1,,5.680e-26,2.266e-2,,2.613e-19,1.696e-20,1.313e+1,1.108e-19,8.550e-12,1.674e-19,1.395e-22,3.291e-1,1.509e-17,9.129e-2,3.382e-17,4.483e-1,1.137e-17,2.496e-13,,1.458e+1,,,1.333e-2,,,1.363e-16,,1.571e-18,,5.864e-19,,8.186e-2,,,,4.594e-18,2.627e-16
568.64,4.293e+1,3.405e-6,1.415e-15,1.887e-22,2.811e+0,,,1.659e-18,3.678e-21,,1.889e-15,3.251e-20,1.311e-7,9.533e-18,8.895e-3,3.289e-14,2.145e-20,2.402e-25,,2.524e-18,7.193e-19,6.238e-21,1.072e+1,,5.692e-26,2.633e-2,,2.614e-19,1.696e-20,1.319e+1,1.053e-19,9.506e-12,1.674e-19,1.395e-22,3.383e-1,1.508e-17,1.091e-1,3.385e-17,4.721e-1,1.136e-17,1.404e-13,,1.518e+1,,,1.068e-2,,,7.364e-17,,1.571e-18,,5.863e-19,,6.796e-2,,,,4.593e-18,2.628e-16
568.66,4.346e+1,2.761e-6,1.062e-15,2.108e-22,2.819e+0,,,1.659e-18,3.679e-21,,1.888e-15,3.263e-20,1.477e-7,9.533e-18,9.082e-3,3.701e-14,2.145e-20,2.404e-25,,2.529e-18,7.197e-19,6.871e-21,1.085e+1,,5.699e-26,2.901e-2,,2.615e-19,1.696e-20,1.319e+1,1.017e-19,1.018e-11,1.674e-19,1.394e-22,3.476e-1,1.506e-17,1.224e-1,3.386e-17,4.921e-1,1.136e-17,9.541e-14,,1.554e+1,,,9.180e-3,,,4.872e-17,,1.571e-18,,5.862e-19,,5.985e-2,,,,4.592e-18,2.628e-16
568.69,4.417e+1,2.007e-6,6.883e-16,2.479e-22,2.824e+0,,,1.659e-18,3.681e-21,,1.888e-15,3.281e-20,1.758e-7,9.532e-18,9.338e-3,4.399e-14,2.144e-20,2.407e-25,,2.537e-18,7.202e-19,7.909e-21,1.104e+1,,5.710e-26,3.341e-2,,2.616e-19,1.697e-20,1.313e+1,9.627e-20,1.125e-11,1.674e-19,1.393e-22,3.663e-1,1.504e-17,1.450e-1,3.388e-17,5.283e-1,1.135e-17,5.319e-14,,1.603e+1,,,7.287e-3,,,2.609e-17,,1.572e-18,,5.862e-19,,4.924e-2,,,,4.591e-18,2.628e-16
568.71,4.456e+1,1.618e-6,5.138e-16,2.753e-22,2.821e+0,,,1.659e-18,3.682e-21,,1.888e-15,3.293e-20,1.969e-7,9.532e-18,9.490e-3,4.922e-14,2.144e-20,2.409e-25,,2.543e-18,7.206e-19,8.661e-21,1.117e+1,,5.718e-26,3.660e-2,,2.617e-19,1.697e-20,1.305e+1,9.264e-20,1.199e-11,1.674e-19,1.393e-22,3.816e-1,1.503e-17,1.618e-1,3.390e-17,5.566e-1,1.135e-17,3.592e-14,,1.632e+1,,,6.229e-3,,,1.716e-17,,1.572e-18,,5.861e-19,,4.311e-2,,,,4.590e-18,2.628e-16
568.74,4.503e+1,1.166e-6,3.299e-16,3.208e-22,2.809e+0,,,1.659e-18,3.684e-21,,1.887e-15,3.311e-20,2.323e-7,9.532e-18,9.689e-3,5.800e-14,2.143e-20,2.412e-25,,2.551e-18,7.211e-19,9.882e-21,1.136e+1,,5.729e-26,4.178e-2,,2.618e-19,1.697e-20,1.288e+1,8.721e-20,1.315e-11,1.675e-19,1.392e-22,4.086e-1,1.501e-17,1.900e-1,3.392e-17,6.054e-1,1.135e-17,1.985e-14,,1.669e+1,,,4.901e-3,,,9.109e-18,,1.572e-18,,5.860e-19,,3.516e-2,,,,4.589e-18,2.629e-16
568.76,4.526e+1,9.345e-7,2.448e-16,3.542e-22,2.795e+0,,,1.659e-18,3.685e-21,,1.887e-15,3.323e-20,2.586e-7,9.532e-18,9.800e-3,6.451e-14,2.143e-20,2.414e-25,,2.557e-18,7.215e-19,1.076e-20,1.147e+1,,5.736e-26,4.551e-2,,2.619e-19,1.697e-20,1.273e+1,8.359e-20,1.395e-11,1.675e-19,1.391e-22,4.291e-1,1.500e-17,2.109e-1,3.394e-17,6.422e-1,1.134e-17,1.332e-14,,1.689e+1,,,4.165e-3,,,5.954e-18,,1.572e-18,,5.860e-19,,3.059e-2,,,,4.589e-18,2.629e-16
568.79,4.546e+1,6.674e-7,1.558e-16,4.091e-22,2.766e+0,,,1.659e-18,3.687e-21,,1.886e-15,3.341e-20,3.024e-7,9.532e-18,9.932e-3,7.535e-14,2.142e-20,2.417e-25,,2.565e-18,7.221e-19,1.217e-20,1.163e+1,,5.748e-26,5.150e-2,,2.620e-19,1.697e-20,1.245e+1,7.815e-20,1.518e-11,1.675e-19,1.391e-22,4.631e-1,1.498e-17,2.455e-1,3.396e-17,7.038e-1,1.134e-17,7.296e-15,,1.712e+1,,,3.248e-3,,,3.133e-18,,1.572e-18,,5.859e-19,,2.473e-2,,,,4.588e-18,2.629e-16
568.81,4.551e+1,5.317e-7,1.149e-16,4.491e-22,2.740e+0,,,1.659e-18,3.688e-21,,1.886e-15,3.353e-20,3.346e-7,9.532e-18,9.996e-3,8.332e-14,2.142e-20,2.420e-25,,2.570e-18,7.224e-19,1.317e-20,1.172e+1,,5.755e-26,5.577e-2,,2.621e-19,1.698e-20,1.223e+1,7.453e-20,1.602e-11,1.675e-19,1.390e-22,4.879e-1,1.497e-17,2.709e-1,3.397e-17,7.491e-1,1.133e-17,4.869e-15,,1.722e+1,,,2.744e-3,,,2.035e-18,,1.572e-18,,5.859e-19,,2.139e-2,,,,4.587e-18,2.629e-16
568.84,4.543e+1,3.763e-7,7.249e-17,5.142e-22,2.694e+0,,,1.659e-18,3.690e-21,,1.886e-15,3.371e-20,3.879e-7,9.531e-18,1.006e-2,9.648e-14,2.141e-20,2.423e-25,,2.579e-18,7.230e-19,1.476e-20,1.183e+1,,5.766e-26,6.258e-2,,2.623e-19,1.698e-20,1.185e+1,6.910e-20,1.729e-11,1.675e-19,1.389e-22,5.276e-1,1.495e-17,3.127e-1,3.399e-17,8.233e-1,1.133e-17,2.642e-15,,1.730e+1,,,2.120e-3,,,1.061e-18,,1.573e-18,,5.858e-19,,1.714e-2,,,,4.586e-18,2.630e-16
568.86,4.529e+1,2.980e-7,5.316e-17,5.611e-22,2.657e+0,,,1.659e-18,3.691e-21,,1.885e-15,3.383e-20,4.267e-7,9.531e-18,1.007e-2,1.061e-13,2.141e-20,2.425e-25,,2.584e-18,7.233e-19,1.588e-20,1.188e+1,,5.774e-26,6.738e-2,,2.623e-19,1.698e-20,1.158e+1,6.547e-20,1.814e-11,1.675e-19,1.389e-22,5.557e-1,1.494e-17,3.431e-1,3.401e-17,8.769e-1,1.132e-17,1.753e-15,,1.731e+1,,,1.781e-3,,,6.855e-19,,1.573e-18,,5.857e-19,,1.474e-2,,,,4.585e-18,2.630e-16
568.88,4.507e+1,2.354e-7,3.889e-17,6.108e-22,2.616e+0,,,1.659e-18,3.692e-21,,1.885e-15,3.395e-20,4.684e-7,9.531e-18,1.006e-2,1.164e-13,2.140e-20,2.427e-25,,2.590e-18,7.237e-19,1.704e-20,1.191e+1,,5.781e-26,7.238e-2,,2.624e-19,1.698e-20,1.128e+1,1.019e-19,1.900e-11,1.676e-19,1.388e-22,5.848e-1,1.492e-17,3.756e-1,3.402e-17,9.338e-1,1.132e-17,1.160e-15,,1.727e+1,,,1.492e-3,,,4.417e-19,,1.573e-18,,5.857e-19,,1.264e-2,,,,4.585e-18,2.630e-16
568.91,4.461e+1,1.646e-7,2.422e-17,6.907e-22,2.548e+0,,,1.659e-18,3.694e-21,,1.885e-15,3.413e-20,5.363e-7,9.531e-18,1.002e-2,1.331e-13,2.140e-20,2.430e-25,,2.598e-18,7.243e-19,1.887e-20,1.193e+1,,5.793e-26,8.024e-2,,2.626e-19,1.698e-20,1.080e+1,1.969e-19,2.027e-11,1.676e-19,1.387e-22,6.301e-1,1.490e-17,4.284e-1,3.405e-17,1.025e+0,1.132e-17,6.215e-16,,1.714e+1,,,1.139e-3,,,2.274e-19,,1.573e-18,,5.856e-19,,1.000e-2,,,,4.584e-18,2.631e-16
568.93,4.420e+1,1.292e-7,1.761e-17,7.475e-22,2.497e+0,,,1.659e-18,3.695e-21,,1.884e-15,3.425e-20,5.851e-7,9.531e-18,9.962e-3,1.452e-13,2.139e-20,2.432e-25,,2.603e-18,7.246e-19,2.013e-20,1.192e+1,,5.800e-26,8.570e-2,,2.626e-19,1.699e-20,1.046e+1,3.046e-19,2.110e-11,1.676e-19,1.387e-22,6.612e-1,1.489e-17,4.664e-1,3.406e-17,1.090e+0,1.131e-17,4.089e-16,,1.701e+1,,,9.481e-4,,,1.457e-19,,1.573e-18,,5.855e-19,,8.532e-3,,,,4.583e-18,2.631e-16
568.96,4.348e+1,8.954e-8,1.087e-17,8.378e-22,2.414e+0,,,1.659e-18,3.697e-21,,1.884e-15,3.443e-20,6.640e-7,9.531e-18,9.842e-3,1.646e-13,2.139e-20,2.435e-25,,2.612e-18,7.252e-19,2.209e-20,1.186e+1,,5.811e-26,9.420e-2,,2.628e-19,1.699e-20,9.927e+0,5.836e-19,2.233e-11,1.676e-19,1.386e-22,7.085e-1,1.487e-17,5.275e-1,3.408e-17,1.193e+0,1.131e-17,2.172e-16,,1.673e+1,,,7.173e-4,,,1.458e-19,,1.573e-18,,5.855e-19,,6.690e-3,,,,4.582e-18,2.631e-16
568.98,4.291e+1,6.990e-8,7.859e-18,9.013e-22,2.355e+0,,,1.659e-18,3.698e-21,,1.884e-15,3.455e-20,7.203e-7,9.531e-18,9.739e-3,1.785e-13,2.138e-20,2.438e-25,,2.617e-18,7.256e-19,2.344e-20,1.179e+1,,5.819e-26,1.001e-1,,2.629e-19,1.699e-20,9.558e+0,8.975e-19,2.312e-11,1.676e-19,1.386e-22,7.403e-1,1.486e-17,5.710e-1,3.410e-17,1.264e+0,1.130e-17,1.420e-16,,1.651e+1,,,5.938e-4,,,1.460e-19,,1.574e-18,,5.854e-19,,5.672e-3,,,,4.581e-18,2.631e-16
569.01,4.194e+1,4.800e-8,4.808e-18,1.001e-21,2.260e+0,,,1.659e-18,3.700e-21,,1.883e-15,3.473e-20,8.102e-7,9.530e-18,9.551e-3,2.007e-13,2.138e-20,2.441e-25,,2.625e-18,7.261e-19,2.549e-20,1.166e+1,,5.830e-26,1.091e-1,,2.630e-19,1.699e-20,8.991e+0,1.705e-18,2.426e-11,1.676e-19,1.385e-22,7.880e-1,1.484e-17,6.404e-1,3.412e-17,1.377e+0,1.130e-17,7.474e-17,,1.611e+1,,,4.452e-4,,,1.462e-19,,1.574e-18,,5.853e-19,,4.408e-3,,,,4.580e-18,2.632e-16
569.03,4.123e+1,3.725e-8,3.455e-18,1.071e-21,2.194e+0,,,1.658e-18,3.701e-21,,1.883e-15,3.485e-20,8.737e-7,9.530e-18,9.406e-3,2.164e-13,2.137e-20,2.443e-25,,2.631e-18,7.265e-19,2.688e-20,1.154e+1,,5.838e-26,1.152e-1,,2.631e-19,1.699e-20,8.605e+0,2.606e-18,2.498e-11,1.677e-19,1.384e-22,8.194e-1,1.483e-17,6.894e-1,3.413e-17,1.455e+0,1.129e-17,4.858e-17,,1.580e+1,,,3.664e-4,,,1.463e-19,,1.574e-18,,5.853e-19,,3.715e-3,,,,4.579e-18,2.632e-16
569.06,4.007e+1,2.535e-8,2.095e-18,1.179e-21,2.090e+0,,,1.658e-18,3.703e-21,,1.883e-15,3.503e-20,9.741e-7,9.530e-18,9.161e-3,2.413e-13,2.137e-20,2.446e-25,,2.639e-18,7.270e-19,2.898e-20,1.132e+1,,5.849e-26,1.245e-1,,2.632e-19,1.700e-20,8.023e+0,4.907e-18,2.599e-11,1.677e-19,1.384e-22,8.657e-1,1.481e-17,7.667e-1,3.416e-17,1.577e+0,1.129e-17,2.534e-17,,1.529e+1,,,2.723e-4,,,1.465e-19,,1.574e-18,,5.852e-19,,2.862e-3,,,,4.578e-18,2.632e-16
569.08,3.924e+1,1.955e-8,1.496e-18,1.254e-21,2.019e+0,,,1.658e-18,3.704e-21,,1.882e-15,3.515e-20,1.044e-6,9.530e-18,8.981e-3,2.587e-13,2.136e-20,2.448e-25,,2.644e-18,7.274e-19,3.038e-20,1.116e+1,,5.856e-26,1.308e-1,,2.633e-19,1.700e-20,7.634e+0,7.459e-18,2.662e-11,1.677e-19,1.383e-22,8.957e-1,1.480e-17,8.208e-1,3.417e-17,1.660e+0,1.128e-17,1.637e-17,,1.492e+1,,,2.228e-4,,,1.466e-19,,1.574e-18,,5.852e-19,,2.398e-3,,,,4.578e-18,2.633e-16
569.11,3.793e+1,1.319e-8,8.993e-19,1.369e-21,1.909e+0,,,1.658e-18,3.706e-21,,1.882e-15,3.533e-20,1.154e-6,9.530e-18,8.690e-3,2.861e-13,2.135e-20,2.451e-25,,2.653e-18,7.279e-19,3.247e-20,1.087e+1,,5.868e-26,1.402e-1,,2.634e-19,1.700e-20,7.054e+0,1.392e-17,2.747e-11,1.677e-19,1.382e-22,9.389e-1,1.478e-17,9.054e-1,3.419e-17,1.788e+0,1.128e-17,8.466e-18,,1.432e+1,,,1.641e-4,,,1.468e-19,,1.574e-18,,5.851e-19,,1.831e-3,,,,4.577e-18,2.633e-16
569.13,3.702e+1,1.011e-8,6.385e-19,1.447e-21,1.834e+0,,,1.658e-18,3.707e-21,,1.881e-15,3.545e-20,1.230e-6,9.530e-18,8.485e-3,3.050e-13,2.135e-20,2.453e-25,,2.658e-18,7.283e-19,3.383e-20,1.066e+1,,5.875e-26,1.465e-1,,2.635e-19,1.700e-20,6.673e+0,2.104e-17,2.798e-11,1.677e-19,1.382e-22,9.663e-1,2.293e-17,9.639e-1,3.421e-17,1.875e+0,1.128e-17,5.437e-18,,1.390e+1,,,1.334e-4,,,1.469e-19,,1.574e-18,,5.850e-19,,1.525e-3,,,,4.576e-18,2.633e-16
569.16,3.561e+1,6.762e-9,3.803e-19,1.565e-21,1.720e+0,,,1.658e-18,3.709e-21,,1.881e-15,3.563e-20,1.347e-6,9.529e-18,8.164e-3,3.344e-13,2.134e-20,2.457e-25,,2.666e-18,7.289e-19,3.584e-20,1.031e+1,,5.886e-26,1.558e-1,,2.636e-19,1.700e-20,6.111e+0,3.892e-17,2.865e-11,1.677e-19,1.381e-22,1.005e+0,4.414e-17,1.055e+0,3.423e-17,2.007e+0,1.127e-17,2.786e-18,,1.324e+1,,,9.741e-5,,,1.471e-19,,1.575e-18,,5.850e-19,,1.154e-3,,,,4.575e-18,2.633e-16
569.18,3.465e+1,5.154e-9,2.684e-19,1.645e-21,1.644e+0,,,1.658e-18,3.710e-21,,1.881e-15,3.575e-20,1.427e-6,9.529e-18,7.944e-3,3.546e-13,2.134e-20,2.459e-25,,2.672e-18,7.292e-19,3.713e-20,1.007e+1,,5.894e-26,1.619e-1,,2.637e-19,1.701e-20,5.747e+0,5.848e-17,2.902e-11,1.678e-19,1.380e-22,1.029e+0,6.811e-17,1.117e+0,3.425e-17,2.095e+0,1.127e-17,2.842e-18,,1.278e+1,,,7.874e-5,,,1.472e-19,,1.575e-18,,5.849e-19,,9.552e-4,,,,4.574e-18,2.634e-16
569.21,3.319e+1,3.415e-9,1.585e-19,1.764e-21,1.530e+0,,,1.658e-18,3.712e-21,,1.880e-15,3.592e-20,1.550e-6,9.529e-18,7.610e-3,3.857e-13,2.133e-20,2.462e-25,,2.680e-18,7.298e-19,3.898e-20,9.678e+0,,5.905e-26,1.708e-1,,2.639e-19,1.701e-20,5.217e+0,1.072e-16,2.948e-11,1.678e-19,1.380e-22,1.061e+0,1.300e-16,1.212e+0,3.427e-17,2.228e+0,1.126e-17,2.926e-18,,1.209e+1,,,5.697e-5,,,1.474e-19,,1.575e-18,,5.848e-19,,7.164e-4,,,,4.573e-18,2.634e-16
569.23,3.222e+1,2.588e-9,1.112e-19,1.842e-21,1.455e+0,,,1.658e-18,3.713e-21,,1.880e-15,3.604e-20,1.632e-6,9.529e-18,7.386e-3,4.068e-13,2.133e-20,2.464e-25,,2.686e-18,7.302e-19,4.015e-20,9.406e+0,,5.913e-26,1.766e-1,,2.639e-19,1.701e-20,4.877e+0,1.602e-16,2.970e-11,1.678e-19,1.379e-22,1.081e+0,1.993e-16,1.276e+0,3.428e-17,2.316e+0,1.126e-17,2.982e-18,,1.162e+1,,,4.578e-5,,,1.476e-19,,1.575e-18,,5.848e-19,,5.896e-4,,,,4.573e-18,2.634e-16
569.25,3.125e+1,1.956e-9,7.781e-20,1.920e-21,1.380e+0,,,1.658e-18,3.715e-21,,1.880e-15,3.616e-20,1.715e-6,9.529e-18,7.164e-3,4.282e-13,2.133e-20,2.466e-25,,2.691e-18,7.305e-19,4.125e-20,9.128e+0,,5.920e-26,1.821e-1,,2.640e-19,1.701e-20,4.548e+0,2.387e-16,2.987e-11,1.678e-19,1.378e-22,1.099e+0,3.050e-16,1.341e+0,3.430e-17,2.404e+0,1.125e-17,3.039e-18,,1.116e+1,,,3.670e-5,,,1.477e-19,,1.575e-18,,5.847e-19,,4.841e-4,,,,4.572e-18,2.634e-16
569.28,2.980e+1,1.280e-9,4.536e-20,2.034e-21,1.270e+0,,,1.658e-18,3.716e-21,,1.879e-15,3.634e-20,1.839e-6,9.529e-18,6.838e-3,4.606e-13,2.132e-20,2.469e-25,,2.699e-18,7.311e-19,4.278e-20,8.703e+0,,5.931e-26,1.902e-1,,2.642e-19,1.701e-20,4.078e+0,4.324e-16,3.000e-11,1.678e-19,1.378e-22,1.122e+0,5.750e-16,1.439e+0,3.432e-17,2.532e+0,1.125e-17,3.123e-18,,1.046e+1,,,2.623e-5,,,1.479e-19,,1.575e-18,,5.847e-19,,3.586e-4,,,,4.571e-18,2.635e-16
569.3,2.886e+1,9.620e-10,3.156e-20,2.107e-21,1.198e+0,,,1.658e-18,3.718e-21,,1.879e-15,3.646e-20,1.921e-6,9.529e-18,6.628e-3,4.823e-13,2.131e-20,2.471e-25,,2.705e-18,7.314e-19,4.369e-20,8.417e+0,,5.939e-26,1.952e-1,,2.642e-19,1.701e-20,3.780e+0,6.407e-16,3.002e-11,1.678e-19,1.377e-22,1.135e+0,8.748e-16,1.504e+0,3.433e-17,2.616e+0,1.125e-17,3.179e-18,,1.001e+1,,,2.090e-5,,,1.480e-19,,1.576e-18,,5.846e-19,,2.927e-4,,,,4.570e-18,2.635e-16
569.33,2.748e+1,6.239e-10,1.823e-20,2.212e-21,1.093e+0,,,1.658e-18,3.719e-21,,1.879e-15,3.664e-20,2.042e-6,9.528e-18,6.327e-3,5.148e-13,2.131e-20,2.475e-25,,2.713e-18,7.320e-19,4.491e-20,7.990e+0,,5.950e-26,2.023e-1,,2.644e-19,1.702e-20,3.359e+0,1.151e-15,2.992e-11,1.679e-19,1.376e-22,1.151e+0,1.635e-15,1.601e+0,3.436e-17,2.737e+0,1.124e-17,3.263e-18,,9.344e+0,,,1.480e-5,,,1.482e-19,,1.576e-18,,5.845e-19,,2.150e-4,,,,4.569e-18,2.635e-16
569.35,2.660e+1,4.660e-10,1.261e-20,2.278e-21,1.026e+0,,,1.658e-18,3.721e-21,,1.878e-15,3.676e-20,2.120e-6,9.528e-18,6.138e-3,5.364e-13,2.130e-20,2.477e-25,,2.719e-18,7.324e-19,4.560e-20,7.708e+0,,5.957e-26,2.067e-1,,2.645e-19,1.702e-20,3.096e+0,1.695e-15,2.978e-11,1.679e-19,1.376e-22,1.159e+0,2.472e-15,1.665e+0,3.437e-17,2.815e+0,1.124e-17,3.319e-18,,8.917e+0,,,1.173e-5,,,1.483e-19,,1.576e-18,,5.845e-19,,1.745e-4,,,,4.569e-18,2.636e-16
569.38,2.533e+1,2.995e-10,7.222e-21,2.371e-21,9.281e-1,,,1.658e-18,3.722e-21,,1.878e-15,3.694e-20,2.234e-6,9.528e-18,5.877e-3,5.684e-13,2.130e-20,2.480e-25,,2.727e-18,7.329e-19,4.646e-20,7.296e+0,,5.969e-26,2.128e-1,,2.646e-19,1.702e-20,2.727e+0,3.017e-15,2.947e-11,1.679e-19,1.375e-22,1.168e+0,4.579e-15,1.759e+0,3.439e-17,2.925e+0,1.123e-17,3.404e-18,,8.304e+0,,,8.232e-6,,,1.485e-19,,1.576e-18,,5.844e-19,,1.270e-4,,,,4.568e-18,2.636e-16
569.4,2.452e+1,2.224e-10,4.965e-21,2.427e-21,8.660e-1,,,1.658e-18,3.724e-21,,1.878e-15,3.706e-20,2.306e-6,9.528e-18,5.718e-3,5.894e-13,2.129e-20,2.482e-25,,2.732e-18,7.333e-19,4.690e-20,7.030e+0,,5.976e-26,2.164e-1,,2.647e-19,1.702e-20,2.499e+0,4.418e-15,2.919e-11,1.679e-19,1.375e-22,1.172e+0,6.887e-15,1.819e+0,3.441e-17,2.993e+0,1.123e-17,3.460e-18,,7.917e+0,,,6.483e-6,,,1.487e-19,,1.576e-18,,5.844e-19,,1.026e-4,,,,4.567e-18,2.636e-16
569.43,2.338e+1,1.417e-10,2.818e-21,2.503e-21,7.772e-1,,,1.658e-18,3.725e-21,,1.877e-15,3.724e-20,2.408e-6,9.528e-18,5.507e-3,6.202e-13,2.129e-20,2.485e-25,,2.741e-18,7.338e-19,4.736e-20,6.650e+0,,5.987e-26,2.213e-1,,2.648e-19,1.703e-20,2.181e+0,7.796e-15,2.867e-11,1.679e-19,1.374e-22,1.175e+0,1.264e-14,1.907e+0,3.443e-17,3.089e+0,1.122e-17,3.544e-18,,7.373e+0,,,4.510e-6,,,1.488e-19,,1.576e-18,,5.843e-19,,7.414e-5,,,,4.566e-18,2.636e-16
569.45,2.267e+1,1.046e-10,1.926e-21,2.548e-21,7.210e-1,,,1.657e-18,3.726e-21,,1.877e-15,3.736e-20,2.472e-6,9.528e-18,5.386e-3,6.402e-13,2.128e-20,2.487e-25,,2.746e-18,7.342e-19,4.753e-20,6.412e+0,,5.995e-26,2.242e-1,,2.649e-19,1.703e-20,1.987e+0,1.135e-14,2.826e-11,1.679e-19,1.373e-22,1.175e+0,1.890e-14,1.963e+0,3.444e-17,3.146e+0,1.122e-17,3.600e-18,,7.036e+0,,,3.531e-6,,,1.490e-19,,1.577e-18,,5.842e-19,,5.962e-5,,,,4.565e-18,2.637e-16
569.48,2.168e+1,6.604e-11,1.083e-21,2.605e-21,6.416e-1,,,1.657e-18,3.728e-21,,1.876e-15,3.754e-20,2.558e-6,9.527e-18,5.234e-3,6.693e-13,2.128e-20,2.490e-25,,2.754e-18,7.348e-19,4.757e-20,6.079e+0,,6.006e-26,2.279e-1,,2.650e-19,1.703e-20,1.719e+0,1.985e-14,2.757e-11,1.680e-19,1.372e-22,1.175e+0,3.441e-14,2.042e+0,3.447e-17,3.223e+0,1.121e-17,3.684e-18,,6.573e+0,,,2.435e-6,,,1.492e-19,,1.577e-18,,5.842e-19,,4.296e-5,,,,4.564e-18,2.637e-16
569.5,2.108e+1,4.846e-11,7.358e-22,2.636e-21,5.919e-1,,,1.657e-18,3.729e-21,,1.876e-15,3.766e-20,2.610e-6,9.527e-18,5.154e-3,6.880e-13,2.127e-20,2.493e-25,,2.760e-18,7.351e-19,4.746e-20,5.876e+0,,6.014e-26,2.299e-1,,2.651e-19,1.703e-20,1.556e+0,2.874e-14,2.706e-11,1.680e-19,1.372e-22,1.173e+0,5.114e-14,2.091e+0,3.448e-17,3.267e+0,1.121e-17,3.740e-18,,6.293e+0,,,1.895e-6,,,1.493e-19,,1.577e-18,,5.841e-19,,3.456e-5,,,,4.564e-18,2.637e-16
569.53,2.027e+1,3.033e-11,4.102e-22,2.671e-21,5.223e-1,,,1.657e-18,3.731e-21,,1.876e-15,3.784e-20,2.678e-6,9.527e-18,5.066e-3,7.149e-13,2.127e-20,2.496e-25,,2.768e-18,7.357e-19,4.708e-20,5.602e+0,,6.025e-26,2.324e-1,,2.652e-19,1.703e-20,1.335e+0,4.983e-14,2.622e-11,1.680e-19,1.371e-22,1.171e+0,9.228e-14,2.159e+0,3.450e-17,3.323e+0,1.120e-17,3.825e-18,,5.918e+0,,,1.295e-6,,,1.495e-19,,1.577e-18,,5.840e-19,,2.511e-5,,,,4.563e-18,2.638e-16
569.55,1.978e+1,2.212e-11,2.770e-22,2.687e-21,4.791e-1,,,1.657e-18,3.732e-21,,1.875e-15,3.796e-20,2.716e-6,9.527e-18,5.030e-3,7.320e-13,2.126e-20,2.498e-25,,2.774e-18,7.360e-19,4.669e-20,5.441e+0,,6.032e-26,2.337e-1,,2.653e-19,1.703e-20,1.202e+0,7.171e-14,2.562e-11,1.680e-19,1.371e-22,1.169e+0,1.364e-13,2.201e+0,3.452e-17,3.352e+0,1.120e-17,3.881e-18,,5.699e+0,,,1.002e-6,,,1.496e-19,,1.577e-18,,5.840e-19,,2.048e-5,,,,4.562e-18,2.638e-16
569.58,1.914e+1,1.372e-11,1.530e-22,2.699e-21,4.191e-1,,,1.657e-18,3.734e-21,,1.875e-15,3.814e-20,2.762e-6,9.527e-18,5.010e-3,7.565e-13,2.126e-20,2.501e-25,,2.782e-18,7.366e-19,4.591e-20,5.235e+0,,6.044e-26,2.351e-1,,2.654e-19,1.704e-20,1.021e+0,1.233e-13,2.468e-11,1.680e-19,1.370e-22,1.168e+0,2.439e-13,2.256e+0,3.454e-17,3.384e+0,1.119e-17,3.965e-18,,5.416e+0,,,6.786e-7,,,1.498e-19,,1.577e-18,,5.839e-19,,1.552e-5,,,,4.561e-18,2.638e-16
569.6,1.877e+1,9.948e-12,1.027e-22,2.699e-21,3.822e-1,,,1.657e-18,3.735e-21,,1.875e-15,3.826e-20,2.785e-6,9.527e-18,5.018e-3,7.721e-13,2.125e-20,2.503e-25,,2.787e-18,7.370e-19,4.527e-20,5.121e+0,,6.051e-26,2.356e-1,,2.655e-19,1.704e-20,9.139e-1,1.763e-13,2.402e-11,1.681e-19,1.369e-22,1.169e+0,3.583e-13,2.289e+0,3.456e-17,3.397e+0,1.119e-17,4.021e-18,,5.258e+0,,,5.218e-7,,,1.499e-19,,1.578e-18,,5.839e-19,,1.328e-5,,,,4.560e-18,2.638e-16
569.62,1.845e+1,7.196e-12,6.880e-23,2.693e-21,3.478e-1,,,1.657e-18,3.737e-21,,1.874e-15,3.838e-20,2.801e-6,9.526e-18,5.043e-3,7.869e-13,2.125e-20,2.505e-25,,2.793e-18,7.373e-19,4.453e-20,5.027e+0,,6.059e-26,2.359e-1,,2.656e-19,1.704e-20,8.158e-1,2.517e-13,2.335e-11,1.681e-19,1.369e-22,1.171e+0,5.252e-13,2.317e+0,3.457e-17,3.403e+0,1.119e-17,4.077e-18,,5.123e+0,,,4.003e-7,,,1.501e-19,,1.578e-18,,5.838e-19,,1.177e-5,,,,4.560e-18,2.639e-16
569.65,1.805e+1,4.408e-12,3.754e-23,2.671e-21,3.006e-1,,,1.657e-18,3.738e-21,,1.874e-15,3.856e-20,2.814e-6,9.526e-18,5.113e-3,8.080e-13,2.124e-20,2.508e-25,,2.801e-18,7.379e-19,4.325e-20,4.923e+0,,6.070e-26,2.359e-1,,2.657e-19,1.704e-20,6.850e-1,4.274e-13,2.231e-11,1.681e-19,1.368e-22,1.178e+0,9.279e-13,2.352e+0,3.459e-17,3.399e+0,1.118e-17,4.162e-18,,4.965e+0,,,2.678e-7,,,1.502e-19,,1.578e-18,,5.837e-19,,1.070e-5,,,,4.559e-18,2.639e-16
569.67,1.783e+1,3.170e-12,2.499e-23,2.649e-21,2.720e-1,,,1.657e-18,3.740e-21,,1.874e-15,3.868e-20,2.814e-6,9.526e-18,5.179e-3,8.212e-13,2.124e-20,2.511e-25,,2.807e-18,7.382e-19,4.229e-20,4.879e+0,,6.077e-26,2.357e-1,,2.658e-19,1.704e-20,6.078e-1,6.065e-13,2.161e-11,1.681e-19,1.367e-22,1.186e+0,1.352e-12,2.371e+0,3.461e-17,3.388e+0,1.118e-17,4.218e-18,,4.888e+0,,,2.043e-7,,,1.504e-19,,1.578e-18,,5.837e-19,,1.071e-5,,,,4.558e-18,2.639e-16
569.7,1.759e+1,1.924e-12,1.351e-23,2.605e-21,2.330e-1,,,1.657e-18,3.741e-21,,1.873e-15,3.886e-20,2.801e-6,9.526e-18,5.306e-3,8.401e-13,2.123e-20,2.514e-25,,2.815e-18,7.388e-19,4.071e-20,4.849e+0,,6.089e-26,2.349e-1,,2.660e-19,1.705e-20,5.058e-1,1.021e-12,2.054e-11,1.681e-19,1.367e-22,1.204e+0,2.368e-12,2.391e+0,3.463e-17,3.359e+0,1.117e-17,4.302e-18,,4.811e+0,,,1.354e-7,,,1.506e-19,,1.578e-18,,5.836e-19,,1.179e-5,,,,4.557e-18,2.640e-16
569.72,1.748e+1,1.375e-12,8.942e-24,2.568e-21,2.096e-1,,,1.657e-18,3.743e-21,,1.873e-15,3.898e-20,2.785e-6,9.526e-18,5.409e-3,8.519e-13,2.123e-20,2.516e-25,,2.820e-18,7.392e-19,3.957e-20,4.853e+0,,6.096e-26,2.341e-1,,2.660e-19,1.705e-20,4.462e-1,1.440e-12,1.984e-11,1.681e-19,1.366e-22,1.220e+0,3.431e-12,2.399e+0,3.464e-17,3.331e+0,1.117e-17,4.358e-18,,4.785e+0,,,1.027e-7,,,1.507e-19,,1.578e-18,,5.836e-19,,1.324e-5,,,,4.556e-18,2.640e-16
569.75,1.739e+1,8.276e-13,4.792e-24,2.503e-21,1.780e-1,,,1.657e-18,3.744e-21,,1.873e-15,3.916e-20,2.748e-6,9.526e-18,5.586e-3,8.689e-13,2.122e-20,2.519e-25,,2.829e-18,7.397e-19,3.776e-20,4.893e+0,,6.107e-26,2.326e-1,,2.662e-19,1.705e-20,3.680e-1,2.403e-12,1.878e-11,1.682e-19,1.365e-22,1.253e+0,5.957e-12,2.403e+0,3.467e-17,3.277e+0,1.116e-17,4.442e-18,,4.780e+0,,,6.747e-8,,,1.509e-19,,1.579e-18,,5.835e-19,,1.664e-5,,,,4.555e-18,2.640e-16
569.77,1.737e+1,5.880e-13,3.152e-24,2.454e-21,1.592e-1,,,1.657e-18,3.746e-21,,1.872e-15,3.928e-20,2.716e-6,9.526e-18,5.719e-3,8.797e-13,2.121e-20,2.521e-25,,2.834e-18,7.401e-19,3.649e-20,4.943e+0,,6.115e-26,2.315e-1,,2.663e-19,1.705e-20,3.228e-1,3.370e-12,1.809e-11,1.682e-19,1.365e-22,1.281e+0,8.580e-12,2.400e+0,3.468e-17,3.232e+0,1.116e-17,4.498e-18,,4.797e+0,,,5.085e-8,,,1.510e-19,,1.579e-18,,5.834e-19,,1.984e-5,,,,4.555e-18,2.640e-16
569.8,1.741e+1,3.507e-13,1.674e-24,2.371e-21,1.341e-1,,,1.657e-18,3.747e-21,,1.872e-15,3.946e-20,2.657e-6,9.525e-18,5.936e-3,8.952e-13,2.121e-20,2.524e-25,,2.842e-18,7.406e-19,3.451e-20,5.048e+0,,6.126e-26,2.295e-1,,2.664e-19,1.705e-20,2.639e-1,5.574e-12,1.707e-11,1.682e-19,1.364e-22,1.332e+0,1.477e-11,2.390e+0,3.470e-17,3.155e+0,1.116e-17,4.583e-18,,4.851e+0,,,3.312e-8,,,1.512e-19,,1.579e-18,,5.834e-19,,2.632e-5,,,,4.554e-18,2.641e-16
569.82,1.747e+1,2.477e-13,1.095e-24,2.310e-21,1.192e-1,,,1.657e-18,3.749e-21,,1.872e-15,3.958e-20,2.610e-6,9.525e-18,6.092e-3,9.051e-13,2.120e-20,2.526e-25,,2.848e-18,7.410e-19,3.315e-20,5.138e+0,,6.133e-26,2.281e-1,,2.665e-19,1.706e-20,2.300e-1,7.772e-12,1.641e-11,1.682e-19,1.363e-22,1.374e+0,2.114e-11,2.377e+0,3.472e-17,3.096e+0,1.115e-17,4.639e-18,,4.902e+0,,,2.481e-8,,,1.513e-19,,1.579e-18,,5.833e-19,,3.199e-5,,,,4.553e-18,2.641e-16
569.85,1.762e+1,1.464e-13,5.764e-25,2.212e-21,9.949e-2,,,1.657e-18,3.750e-21,,1.871e-15,3.976e-20,2.530e-6,9.525e-18,6.337e-3,9.197e-13,2.120e-20,2.530e-25,,2.856e-18,7.416e-19,3.108e-20,5.300e+0,,6.145e-26,2.258e-1,,2.666e-19,1.706e-20,1.864e-1,1.274e-11,1.545e-11,1.682e-19,1.363e-22,1.448e+0,3.607e-11,2.352e+0,3.474e-17,2.998e+0,1.115e-17,4.723e-18,,5.000e+0,,,1.602e-8,,,1.515e-19,,1.579e-18,,5.832e-19,,4.302e-5,,,,4.552e-18,2.641e-16
569.87,1.774e+1,1.028e-13,3.746e-25,2.143e-21,8.795e-2,,,1.657e-18,3.752e-21,,1.871e-15,3.987e-20,2.472e-6,9.525e-18,6.507e-3,9.292e-13,2.119e-20,2.532e-25,,2.861e-18,7.419e-19,2.968e-20,5.424e+0,,6.152e-26,2.241e-1,,2.667e-19,1.706e-20,1.615e-1,1.767e-11,1.484e-11,1.682e-19,1.362e-22,1.506e+0,5.136e-11,2.331e+0,3.476e-17,2.927e+0,1.114e-17,4.779e-18,,5.076e+0,,,1.193e-8,,,1.516e-19,,1.579e-18,,5.832e-19,,5.242e-5,,,,4.551e-18,2.641e-16
569.9,1.798e+1,6.021e-14,1.955e-25,2.034e-21,7.277e-2,,,1.656e-18,3.753e-21,,1.870e-15,4.005e-20,2.375e-6,9.525e-18,6.769e-3,9.433e-13,2.119e-20,2.535e-25,,2.870e-18,7.425e-19,2.758e-20,5.633e+0,,6.163e-26,2.215e-1,,2.668e-19,1.706e-20,1.297e-1,2.871e-11,1.395e-11,1.683e-19,1.361e-22,1.606e+0,8.685e-11,2.293e+0,3.478e-17,2.812e+0,1.114e-17,4.863e-18,,5.203e+0,,,7.632e-9,,,1.518e-19,,1.580e-18,,5.831e-19,,7.038e-5,,,,8.776e-18,2.642e-16
569.92,1.816e+1,4.203e-14,1.263e-25,1.958e-21,6.394e-2,,,1.656e-18,3.755e-21,,1.870e-15,4.017e-20,2.306e-6,9.525e-18,6.946e-3,9.527e-13,2.118e-20,2.537e-25,,2.875e-18,7.428e-19,2.618e-20,5.784e+0,,6.171e-26,2.197e-1,,2.669e-19,1.706e-20,1.118e-1,3.957e-11,1.339e-11,1.683e-19,1.361e-22,1.682e+0,1.229e-10,2.264e+0,3.479e-17,2.730e+0,1.113e-17,4.920e-18,,5.293e+0,,,5.650e-9,,,1.520e-19,,1.580e-18,,5.830e-19,,8.548e-5,,,,1.356e-17,2.642e-16
569.95,1.845e+1,2.440e-14,6.531e-26,1.842e-21,5.244e-2,,,1.656e-18,3.756e-21,,1.870e-15,4.035e-20,2.197e-6,9.524e-18,7.211e-3,9.667e-13,2.118e-20,2.540e-25,,2.883e-18,7.434e-19,2.412e-20,6.027e+0,,6.182e-26,2.169e-1,,2.670e-19,1.707e-20,8.898e-2,6.375e-11,1.260e-11,1.683e-19,1.360e-22,1.811e+0,2.061e-10,2.214e+0,3.481e-17,2.601e+0,1.113e-17,5.004e-18,,5.434e+0,,,3.583e-9,,,1.522e-19,,1.580e-18,,5.830e-19,,1.140e-4,,,,2.591e-17,2.642e-16
569.97,1.867e+1,1.693e-14,4.195e-26,1.764e-21,4.582e-2,,,1.656e-18,3.758e-21,,1.869e-15,4.047e-20,2.120e-6,9.524e-18,7.386e-3,9.760e-13,2.117e-20,2.542e-25,,2.889e-18,7.438e-19,2.276e-20,6.198e+0,,6.190e-26,2.149e-1,,2.671e-19,1.707e-20,7.621e-2,8.735e-11,1.210e-11,1.683e-19,1.360e-22,1.906e+0,2.900e-10,2.178e+0,3.483e-17,2.512e+0,1.112e-17,5.060e-18,,5.528e+0,,,2.637e-9,,,1.523e-19,,1.580e-18,,5.829e-19,,1.378e-4,,,,3.979e-17,2.643e-16
570,1.901e+1,9.741e-15,4.149e-26,1.645e-21,3.725e-2,,,1.656e-18,3.759e-21,,1.869e-15,4.065e-20,2.002e-6,9.524e-18,7.643e-3,9.901e-13,2.117e-20,2.545e-25,,2.897e-18,7.443e-19,2.078e-20,6.464e+0,,6.201e-26,2.118e-1,,2.672e-19,1.707e-20,6.013e-2,1.395e-10,1.141e-11,1.683e-19,1.359e-22,2.064e+0,4.820e-10,2.119e+0,3.485e-17,2.375e+0,1.112e-17,5.144e-18,,5.667e+0,,,1.658e-9,,,1.525e-19,,1.580e-18,,5.828e-19,,1.823e-4,,,,7.540e-17,2.643e-16
570.02,1.924e+1,6.719e-15,4.119e-26,1.565e-21,3.235e-2,,,1.656e-18,3.761e-21,,1.869e-15,4.077e-20,1.921e-6,9.524e-18,7.809e-3,9.995e-13,2.116e-20,2.548e-25,,2.903e-18,7.447e-19,1.950e-20,6.647e+0,,6.208e-26,2.097e-1,,2.673e-19,1.707e-20,5.119e-2,1.900e-10,1.098e-11,1.683e-19,1.358e-22,2.178e+0,6.742e-10,2.077e+0,3.487e-17,2.281e+0,1.112e-17,5.200e-18,,5.756e+0,,,1.214e-9,,,1.526e-19,,1.580e-18,,5.828e-19,,2.190e-4,,,,1.151e-16,2.643e-16
570.04,1.948e+1,4.623e-15,4.088e-26,1.486e-21,2.803e-2,,,1.656e-18,3.762e-21,,1.868e-15,4.089e-20,1.839e-6,9.524e-18,7.969e-3,1.009e-12,2.116e-20,2.550e-25,,2.908e-18,7.451e-19,1.825e-20,6.832e+0,,6.216e-26,2.075e-1,,2.674e-19,1.707e-20,4.348e-2,2.583e-10,1.058e-11,1.684e-19,1.358e-22,2.301e+0,9.410e-10,2.033e+0,3.488e-17,2.186e+0,1.111e-17,5.256e-18,,5.840e+0,,,8.869e-10,,,1.527e-19,,1.580e-18,,5.827e-19,,2.626e-4,,,,1.754e-16,2.643e-16
570.07,1.984e+1,2.627e-15,4.043e-26,1.369e-21,2.251e-2,,,1.656e-18,3.764e-21,,1.868e-15,4.107e-20,1.715e-6,9.524e-18,8.195e-3,1.023e-12,2.115e-20,2.553e-25,,2.916e-18,7.456e-19,1.646e-20,7.111e+0,,6.227e-26,2.040e-1,,2.675e-19,1.708e-20,3.388e-2,4.075e-10,1.005e-11,1.684e-19,1.357e-22,2.498e+0,1.545e-9,1.964e+0,3.490e-17,2.042e+0,1.111e-17,5.341e-18,,5.955e+0,,,5.527e-10,,,1.529e-19,,1.581e-18,,5.827e-19,,3.433e-4,,,,3.283e-16,2.644e-16
570.09,2.008e+1,1.797e-15,4.012e-26,1.292e-21,1.939e-2,,,1.656e-18,3.765e-21,,1.868e-15,4.119e-20,1.632e-6,9.523e-18,8.336e-3,1.032e-12,2.115e-20,2.555e-25,,2.922e-18,7.460e-19,1.531e-20,7.297e+0,,6.235e-26,2.016e-1,,2.676e-19,1.708e-20,2.861e-2,5.506e-10,9.726e-12,1.684e-19,1.356e-22,2.639e+0,2.144e-9,1.917e+0,3.492e-17,1.947e+0,1.110e-17,5.397e-18,,6.021e+0,,,4.034e-10,,,1.530e-19,,1.581e-18,,5.826e-19,,4.092e-4,,,,4.972e-16,2.644e-16
570.12,2.043e+1,1.012e-15,3.967e-26,1.179e-21,1.543e-2,,,1.656e-18,3.767e-21,,1.867e-15,4.137e-20,1.509e-6,9.523e-18,8.530e-3,1.046e-12,2.114e-20,2.558e-25,,2.930e-18,7.465e-19,1.369e-20,7.574e+0,,6.246e-26,1.978e-1,,2.678e-19,1.708e-20,2.210e-2,8.610e-10,9.308e-12,1.684e-19,1.356e-22,2.862e+0,3.489e-9,1.843e+0,3.494e-17,1.804e+0,1.110e-17,5.481e-18,,6.105e+0,,,2.535e-10,,,1.532e-19,,1.581e-18,,5.825e-19,,5.302e-4,,,,9.225e-16,2.644e-16
570.14,2.066e+1,6.882e-16,3.936e-26,1.107e-21,1.322e-2,,,1.656e-18,3.768e-21,,1.867e-15,4.149e-20,1.427e-6,9.523e-18,8.647e-3,1.055e-12,2.114e-20,2.560e-25,,2.936e-18,7.469e-19,1.266e-20,7.755e+0,,6.253e-26,1.952e-1,,2.678e-19,1.708e-20,1.855e-2,1.157e-9,9.072e-12,1.684e-19,1.355e-22,3.019e+0,4.813e-9,1.793e+0,3.495e-17,1.710e+0,1.109e-17,5.537e-18,,6.148e+0,,,1.886e-10,,,1.534e-19,,1.581e-18,,5.825e-19,,6.283e-4,,,,1.389e-15,2.645e-16
570.17,2.099e+1,3.841e-16,3.891e-26,1.001e-21,1.043e-2,,,1.656e-18,3.770e-21,,1.867e-15,4.167e-20,1.308e-6,9.523e-18,8.801e-3,1.067e-12,2.113e-20,2.563e-25,,2.944e-18,7.474e-19,1.121e-20,8.019e+0,,6.265e-26,1.910e-1,,2.680e-19,1.708e-20,1.420e-2,1.793e-9,8.784e-12,1.684e-19,1.354e-22,3.264e+0,7.764e-9,1.717e+0,3.498e-17,1.572e+0,1.109e-17,5.621e-18,,6.192e+0,,,1.274e-10,,,1.536e-19,,1.581e-18,,5.824e-19,,8.070e-4,,,,2.555e-15,2.645e-16
570.19,2.120e+1,2.596e-16,3.860e-26,9.341e-22,8.878e-3,,,1.656e-18,3.771e-21,,1.866e-15,4.179e-20,1.230e-6,9.523e-18,8.888e-3,1.075e-12,2.113e-20,2.566e-25,,2.949e-18,7.478e-19,1.031e-20,8.190e+0,,6.272e-26,1.880e-1,,2.681e-19,1.709e-20,1.185e-2,2.395e-9,8.638e-12,1.685e-19,1.354e-22,3.433e+0,1.065e-8,1.666e+0,3.499e-17,1.481e+0,1.109e-17,5.678e-18,,6.207e+0,,,1.048e-10,,,1.537e-19,,1.581e-18,,5.824e-19,,9.508e-4,,,,3.825e-15,2.645e-16
570.22,2.149e+1,1.436e-16,3.815e-26,8.378e-22,6.943e-3,,,1.656e-18,3.773e-21,,1.866e-15,4.197e-20,1.117e-6,9.523e-18,8.996e-3,1.086e-12,2.112e-20,2.569e-25,,2.958e-18,7.484e-19,9.056e-21,8.436e+0,,6.283e-26,1.834e-1,,2.682e-19,1.709e-20,8.992e-3,3.680e-9,8.490e-12,1.685e-19,1.353e-22,3.694e+0,1.703e-8,1.589e+0,3.501e-17,1.350e+0,1.108e-17,5.762e-18,,6.206e+0,,,9.214e-11,,,1.539e-19,,1.582e-18,,5.823e-19,,1.211e-3,,,,6.975e-15,2.645e-16
570.24,2.166e+1,9.652e-17,3.784e-26,7.769e-22,5.876e-3,,,1.656e-18,3.774e-21,,1.866e-15,4.209e-20,1.044e-6,9.523e-18,9.052e-3,1.093e-12,2.112e-20,2.571e-25,,2.963e-18,7.487e-19,8.279e-21,8.593e+0,,6.291e-26,1.801e-1,,2.683e-19,1.709e-20,7.459e-3,4.886e-9,8.442e-12,1.685e-19,1.352e-22,3.871e+0,2.322e-8,1.538e+0,3.503e-17,1.266e+0,1.108e-17,5.818e-18,,6.190e+0,,,9.661e-11,,,1.540e-19,,1.582e-18,,5.822e-19,,1.418e-3,,,,1.038e-14,2.646e-16
570.27,2.190e+1,5.292e-17,3.739e-26,6.907e-22,4.555e-3,,,1.656e-18,3.776e-21,,1.865e-15,4.227e-20,9.400e-7,9.522e-18,9.111e-3,1.101e-12,2.111e-20,2.574e-25,,2.971e-18,7.493e-19,7.205e-21,8.816e+0,,6.302e-26,1.750e-1,,2.684e-19,1.709e-20,5.610e-3,7.443e-9,8.449e-12,1.685e-19,1.352e-22,4.140e+0,3.681e-8,1.462e+0,3.505e-17,1.144e+0,1.107e-17,5.902e-18,,6.142e+0,,,1.237e-10,,,1.542e-19,,1.582e-18,,5.822e-19,,1.789e-3,,,,1.877e-14,2.646e-16
570.29,2.204e+1,3.535e-17,3.708e-26,6.367e-22,3.832e-3,,,1.656e-18,3.777e-21,,1.865e-15,4.239e-20,8.737e-7,9.522e-18,9.134e-3,1.106e-12,2.110e-20,2.576e-25,,2.977e-18,7.496e-19,6.549e-21,8.956e+0,,6.309e-26,1.714e-1,,2.685e-19,1.709e-20,4.626e-3,9.825e-9,8.508e-12,1.685e-19,1.351e-22,4.320e+0,4.990e-8,1.411e+0,3.507e-17,1.067e+0,1.107e-17,5.958e-18,,6.094e+0,,,1.579e-10,,,1.543e-19,,1.582e-18,,5.821e-19,,2.084e-3,,,,2.777e-14,2.646e-16
570.32,2.222e+1,1.921e-17,3.663e-26,5.611e-22,2.944e-3,,,1.655e-18,3.779e-21,,1.864e-15,4.257e-20,7.795e-7,9.522e-18,9.142e-3,1.111e-12,2.110e-20,2.579e-25,,2.985e-18,7.502e-19,5.649e-21,9.153e+0,,6.321e-26,1.657e-1,,2.686e-19,1.710e-20,3.449e-3,1.484e-8,8.685e-12,1.686e-19,1.350e-22,4.589e+0,7.841e-8,1.338e+0,3.509e-17,9.562e-1,1.106e-17,6.043e-18,,5.998e+0,,,2.418e-10,,,1.545e-19,,1.582e-18,,5.820e-19,,2.607e-3,,,,4.976e-14,2.647e-16
570.34,2.232e+1,1.275e-17,3.632e-26,5.142e-22,2.463e-3,,,1.655e-18,3.780e-21,,1.864e-15,4.269e-20,7.203e-7,9.522e-18,9.130e-3,1.113e-12,2.109e-20,2.581e-25,,2.991e-18,7.506e-19,5.104e-21,9.276e+0,,6.328e-26,1.617e-1,,2.687e-19,1.710e-20,2.827e-3,1.947e-8,8.864e-12,1.686e-19,1.350e-22,4.765e+0,1.057e-7,1.289e+0,3.510e-17,8.866e-1,1.106e-17,6.099e-18,,5.919e+0,,,3.275e-10,,,1.546e-19,,1.582e-18,,5.820e-19,,3.018e-3,,,,7.320e-14,2.647e-16
570.37,2.243e+1,6.869e-18,3.587e-26,4.491e-22,1.875e-3,,,1.655e-18,3.782e-21,,1.864e-15,4.287e-20,6.370e-7,9.522e-18,9.087e-3,1.115e-12,2.109e-20,2.585e-25,,2.999e-18,7.511e-19,4.364e-21,9.447e+0,,6.339e-26,1.556e-1,,2.688e-19,1.710e-20,2.089e-3,2.914e-8,9.228e-12,1.686e-19,1.349e-22,5.024e+0,1.646e-7,1.219e+0,3.512e-17,7.885e-1,1.105e-17,6.183e-18,,5.779e+0,,,5.212e-10,,,1.548e-19,,1.583e-18,,5.819e-19,,3.742e-3,,,,1.300e-13,2.647e-16
570.39,2.249e+1,4.534e-18,3.556e-26,4.091e-22,1.559e-3,,,1.655e-18,3.783e-21,,1.863e-15,4.299e-20,5.852e-7,9.522e-18,9.042e-3,1.114e-12,2.108e-20,2.587e-25,,3.004e-18,7.515e-19,3.920e-21,9.553e+0,,6.347e-26,1.513e-1,,2.689e-19,1.710e-20,1.702e-3,3.803e-8,9.538e-12,1.686e-19,1.348e-22,5.191e+0,2.206e-7,1.174e+0,3.514e-17,7.274e-1,1.105e-17,6.239e-18,,5.673e+0,,,7.116e-10,,,1.550e-19,,1.583e-18,,5.819e-19,,4.307e-3,,,,1.902e-13,2.647e-16
570.41,2.252e+1,2.985e-18,3.526e-26,3.719e-22,1.294e-3,,,1.655e-18,3.784e-21,,1.863e-15,4.311e-20,5.363e-7,9.521e-18,8.983e-3,1.112e-12,2.108e-20,2.589e-25,,3.010e-18,7.519e-19,3.512e-21,9.653e+0,,6.354e-26,1.469e-1,,2.690e-19,1.710e-20,1.384e-3,4.950e-8,9.904e-12,1.686e-19,1.348e-22,5.352e+0,2.949e-7,1.130e+0,3.515e-17,6.696e-1,1.105e-17,6.295e-18,,5.556e+0,,,9.707e-10,,,1.551e-19,,1.583e-18,,5.818e-19,,4.945e-3,,,,2.775e-13,2.648e-16
570.44,2.255e+1,1.588e-18,3.480e-26,3.208e-22,9.730e-4,,,1.655e-18,3.786e-21,,1.863e-15,4.329e-20,4.685e-7,9.521e-18,8.872e-3,1.107e-12,2.107e-20,2.592e-25,,3.018e-18,7.524e-19,2.966e-21,9.791e+0,,6.366e-26,1.401e-1,,2.691e-19,1.711e-20,1.010e-3,7.319e-8,1.056e-11,1.686e-19,1.347e-22,5.581e+0,4.538e-7,1.067e+0,3.518e-17,5.895e-1,1.104e-17,6.379e-18,,5.365e+0,,,1.542e-9,,,1.553e-19,,1.583e-18,,5.817e-19,,6.058e-3,,,,4.870e-13,2.648e-16
570.46,2.255e+1,1.039e-18,3.450e-26,2.899e-22,8.024e-4,,,1.655e-18,3.787e-21,,1.862e-15,4.341e-20,4.268e-7,9.521e-18,8.782e-3,1.102e-12,2.107e-20,2.594e-25,,3.024e-18,7.528e-19,2.642e-21,9.875e+0,,6.373e-26,1.355e-1,,2.692e-19,1.711e-20,8.162e-4,9.472e-8,1.108e-11,1.686e-19,1.347e-22,5.723e+0,6.031e-7,1.027e+0,3.519e-17,5.402e-1,1.104e-17,6.436e-18,,5.227e+0,,,2.094e-9,,,1.554e-19,,1.583e-18,,5.817e-19,,6.915e-3,,,,7.065e-13,2.648e-16
570.49,2.251e+1,5.479e-19,3.404e-26,2.479e-22,5.982e-4,,,1.655e-18,3.789e-21,,1.862e-15,4.359e-20,3.696e-7,9.521e-18,8.625e-3,1.093e-12,2.106e-20,2.597e-25,,3.032e-18,7.533e-19,2.212e-21,9.993e+0,,6.384e-26,1.284e-1,,2.694e-19,1.711e-20,5.904e-4,1.388e-7,1.197e-11,1.687e-19,1.346e-22,5.919e+0,9.199e-7,9.707e-1,3.521e-17,4.727e-1,1.103e-17,6.520e-18,,5.008e+0,,,3.301e-9,,,1.556e-19,,1.583e-18,,5.816e-19,,8.396e-3,,,,1.229e-12,2.648e-16
570.51,2.247e+1,3.565e-19,3.374e-26,2.226e-22,4.904e-4,,,1.655e-18,3.790e-21,,1.862e-15,4.370e-20,3.348e-7,9.521e-18,8.506e-3,1.085e-12,2.106e-20,2.599e-25,,3.037e-18,7.537e-19,1.959e-21,1.007e+1,,6.392e-26,1.237e-1,,2.694e-19,1.711e-20,4.743e-4,1.786e-7,1.264e-11,1.687e-19,1.345e-22,6.036e+0,1.215e-6,9.354e-1,3.523e-17,4.317e-1,1.103e-17,6.576e-18,,4.855e+0,,,4.458e-9,,,1.557e-19,,1.583e-18,,5.816e-19,,9.528e-3,,,,1.773e-12,2.649e-16
570.54,2.238e+1,1.863e-19,3.328e-26,1.887e-22,3.624e-4,,,1.655e-18,3.792e-21,,1.861e-15,4.388e-20,2.874e-7,9.521e-18,8.308e-3,1.071e-12,2.105e-20,2.603e-25,,3.046e-18,7.542e-19,1.625e-21,1.017e+1,,6.403e-26,1.164e-1,,2.696e-19,1.711e-20,3.401e-4,2.595e-7,1.378e-11,1.687e-19,1.344e-22,6.191e+0,1.838e-6,8.862e-1,3.525e-17,3.763e-1,1.102e-17,6.660e-18,,4.618e+0,,,6.966e-9,,,1.559e-19,,1.584e-18,,5.815e-19,,1.147e-2,,,,3.057e-12,2.649e-16
570.56,2.230e+1,1.205e-19,3.298e-26,1.685e-22,2.953e-4,,,1.655e-18,3.793e-21,,1.861e-15,4.400e-20,2.588e-7,9.520e-18,8.164e-3,1.060e-12,2.105e-20,2.605e-25,,3.051e-18,7.546e-19,1.431e-21,1.023e+1,,6.411e-26,1.115e-1,,2.697e-19,1.711e-20,2.716e-4,3.320e-7,1.462e-11,1.687e-19,1.344e-22,6.279e+0,2.414e-6,8.560e-1,3.527e-17,3.432e-1,1.102e-17,6.716e-18,,4.457e+0,,,9.354e-9,,,1.560e-19,,1.584e-18,,5.814e-19,,1.294e-2,,,,4.383e-12,2.649e-16
570.59,2.216e+1,6.240e-20,3.253e-26,1.416e-22,2.163e-4,,,1.655e-18,3.795e-21,,1.860e-15,4.418e-20,2.203e-7,9.520e-18,7.930e-3,1.042e-12,2.104e-20,2.608e-25,,3.059e-18,7.552e-19,1.177e-21,1.032e+1,,6.422e-26,1.042e-1,,2.698e-19,1.712e-20,1.930e-4,4.782e-7,1.601e-11,1.687e-19,1.343e-22,6.386e+0,3.619e-6,8.149e-1,3.529e-17,2.992e-1,1.101e-17,6.801e-18,,4.212e+0,,,1.449e-8,,,1.562e-19,,1.584e-18,,5.814e-19,,1.544e-2,,,,7.494e-12,2.650e-16
570.61,2.205e+1,4.012e-20,3.222e-26,1.257e-22,1.753e-4,,,1.655e-18,3.796e-21,,1.860e-15,4.430e-20,1.973e-7,9.520e-18,7.763e-3,1.030e-12,2.104e-20,2.610e-25,,3.065e-18,7.555e-19,1.030e-21,1.038e+1,,6.429e-26,9.938e-2,,2.699e-19,1.712e-20,1.532e-4,6.081e-7,1.702e-11,1.688e-19,1.343e-22,6.440e+0,4.727e-6,7.903e-1,3.530e-17,2.734e-1,1.101e-17,6.857e-18,,4.049e+0,,,1.934e-8,,,1.564e-19,,1.584e-18,,5.813e-19,,1.731e-2,,,,1.068e-11,2.650e-16
570.64,2.188e+1,4.008e-20,3.177e-26,1.046e-22,1.272e-4,,,1.655e-18,3.798e-21,,1.860e-15,4.448e-20,1.666e-7,9.520e-18,7.498e-3,1.009e-12,2.103e-20,2.613e-25,,3.073e-18,7.561e-19,8.394e-22,1.046e+1,,6.441e-26,9.218e-2,,2.700e-19,1.712e-20,1.079e-4,8.682e-7,1.866e-11,1.688e-19,1.342e-22,6.494e+0,7.024e-6,7.578e-1,3.532e-17,2.400e-1,1.100e-17,6.941e-18,,3.807e+0,,,2.971e-8,,,1.566e-19,,1.584e-18,,5.812e-19,,2.048e-2,,,,1.811e-11,2.650e-16
570.66,2.175e+1,4.006e-20,3.146e-26,9.235e-23,1.025e-4,,,1.655e-18,3.799e-21,,1.859e-15,4.460e-20,1.484e-7,9.520e-18,7.313e-3,9.954e-13,2.103e-20,2.615e-25,,3.078e-18,7.565e-19,7.303e-22,1.051e+1,,6.448e-26,8.744e-2,,2.701e-19,1.712e-20,8.519e-5,1.098e-6,1.983e-11,1.688e-19,1.341e-22,6.513e+0,9.119e-6,7.391e-1,3.534e-17,2.211e-1,1.100e-17,6.997e-18,,3.649e+0,,,3.943e-8,,,1.567e-19,,1.584e-18,,5.812e-19,,2.283e-2,,,,2.566e-11,2.650e-16
570.69,2.155e+1,4.002e-20,3.101e-26,7.622e-23,7.375e-5,,,1.655e-18,3.801e-21,,1.859e-15,4.478e-20,1.244e-7,9.520e-18,7.024e-3,9.740e-13,2.102e-20,2.618e-25,,3.087e-18,7.570e-19,5.901e-22,1.059e+1,,6.459e-26,8.048e-2,,2.702e-19,1.713e-20,5.947e-5,1.554e-6,2.172e-11,1.688e-19,1.341e-22,6.513e+0,1.343e-5,7.155e-1,3.536e-17,1.976e-1,1.100e-17,7.081e-18,,3.420e+0,,,6.002e-8,,,1.569e-19,,1.585e-18,,5.811e-19,,2.677e-2,,,,4.311e-11,2.651e-16
570.71,2.141e+1,4.000e-20,3.070e-26,6.687e-23,5.904e-5,,,1.655e-18,3.802e-21,,1.859e-15,4.490e-20,1.103e-7,9.520e-18,6.824e-3,9.597e-13,2.102e-20,2.621e-25,,3.092e-18,7.574e-19,5.104e-22,1.064e+1,,6.467e-26,7.595e-2,,2.703e-19,1.713e-20,4.666e-5,1.953e-6,2.305e-11,1.688e-19,1.340e-22,6.494e+0,1.734e-5,7.029e-1,3.538e-17,1.851e-1,1.099e-17,7.138e-18,,3.274e+0,,,7.920e-8,,,1.570e-19,,1.585e-18,,5.811e-19,,2.967e-2,,,,6.075e-11,2.651e-16
570.74,2.119e+1,3.996e-20,3.025e-26,5.471e-23,4.211e-5,,,1.654e-18,3.804e-21,,1.858e-15,4.508e-20,9.194e-8,9.519e-18,6.516e-3,9.387e-13,2.101e-20,2.624e-25,,3.100e-18,7.579e-19,4.087e-22,1.071e+1,,6.478e-26,6.935e-2,,2.704e-19,1.713e-20,3.229e-5,2.740e-6,2.515e-11,1.688e-19,1.339e-22,6.439e+0,2.532e-5,6.886e-1,3.540e-17,1.708e-1,1.099e-17,7.222e-18,,3.067e+0,,,1.195e-7,,,1.572e-19,,1.585e-18,,5.810e-19,,3.448e-2,,,,1.012e-10,2.651e-16
570.76,2.104e+1,3.994e-20,2.994e-26,4.771e-23,3.352e-5,,,1.654e-18,3.805e-21,,1.858e-15,4.520e-20,8.132e-8,9.519e-18,6.307e-3,9.252e-13,2.100e-20,2.626e-25,,3.106e-18,7.583e-19,3.514e-22,1.076e+1,,6.486e-26,6.509e-2,,2.705e-19,1.713e-20,2.518e-5,3.424e-6,2.662e-11,1.689e-19,1.339e-22,6.385e+0,3.249e-5,6.821e-1,3.541e-17,1.643e-1,1.098e-17,7.278e-18,,2.939e+0,,,1.568e-7,,,1.573e-19,,1.585e-18,,5.809e-19,,3.800e-2,,,,1.417e-10,2.652e-16
570.78,2.090e+1,3.991e-20,2.964e-26,4.151e-23,2.662e-5,,,1.654e-18,3.806e-21,,1.858e-15,4.532e-20,7.191e-8,9.519e-18,6.094e-3,9.124e-13,2.100e-20,2.628e-25,,3.111e-18,7.587e-19,3.015e-22,1.081e+1,,6.493e-26,6.097e-2,,2.706e-19,1.713e-20,1.960e-5,4.268e-6,2.813e-11,1.689e-19,1.338e-22,6.318e+0,4.160e-5,6.780e-1,3.543e-17,1.601e-1,1.098e-17,7.334e-18,,2.820e+0,,,2.052e-7,,,1.574e-19,,1.585e-18,,5.809e-19,,4.178e-2,,,,1.981e-10,2.652e-16
570.81,2.068e+1,3.988e-20,2.918e-26,3.354e-23,1.875e-5,,,1.654e-18,3.808e-21,,1.857e-15,4.550e-20,5.985e-8,9.519e-18,5.771e-3,8.947e-13,2.099e-20,2.631e-25,,3.120e-18,7.592e-19,2.385e-22,1.089e+1,,6.504e-26,5.504e-2,,2.707e-19,1.713e-20,1.339e-5,5.915e-6,3.048e-11,1.689e-19,1.337e-22,6.191e+0,6.001e-5,6.764e-1,3.545e-17,1.580e-1,1.097e-17,7.418e-18,,2.659e+0,,,3.059e-7,,,1.576e-19,,1.585e-18,,5.808e-19,,4.796e-2,,,,3.260e-10,2.652e-16
570.83,2.054e+1,3.985e-20,2.888e-26,2.901e-23,1.480e-5,,,1.654e-18,3.809e-21,,1.857e-15,4.562e-20,5.306e-8,9.519e-18,5.554e-3,8.842e-13,2.099e-20,2.633e-25,,3.125e-18,7.596e-19,2.033e-22,1.093e+1,,6.512e-26,5.126e-2,,2.708e-19,1.714e-20,1.036e-5,7.332e-6,3.209e-11,1.689e-19,1.337e-22,6.092e+0,7.639e-5,6.782e-1,3.546e-17,1.596e-1,1.097e-17,7.474e-18,,2.565e+0,,,3.981e-7,,,1.578e-19,,1.586e-18,,5.808e-19,,5.242e-2,,,,4.530e-10,2.652e-16
570.86,2.034e+1,3.982e-20,2.842e-26,2.324e-23,1.033e-5,,,1.654e-18,3.811e-21,,1.857e-15,4.580e-20,4.458e-8,9.519e-18,5.227e-3,8.709e-13,2.098e-20,2.636e-25,,3.133e-18,7.601e-19,1.594e-22,1.101e+1,,6.523e-26,4.589e-2,,2.709e-19,1.714e-20,7.017e-6,1.007e-5,3.455e-11,1.689e-19,1.336e-22,5.921e+0,1.092e-4,6.852e-1,3.549e-17,1.661e-1,1.096e-17,7.559e-18,,2.445e+0,,,5.882e-7,,,1.580e-19,,1.586e-18,,5.807e-19,,5.965e-2,,,,7.388e-10,2.653e-16
570.88,2.021e+1,3.979e-20,2.812e-26,1.998e-23,8.110e-6,,,1.654e-18,3.812e-21,,1.856e-15,4.592e-20,3.996e-8,9.518e-18,5.010e-3,8.638e-13,2.098e-20,2.639e-25,,3.139e-18,7.605e-19,1.352e-22,1.106e+1,,6.530e-26,4.251e-2,,2.710e-19,1.714e-20,5.396e-6,1.241e-5,3.622e-11,1.689e-19,1.336e-22,5.794e+0,1.382e-4,6.925e-1,3.550e-17,1.733e-1,1.096e-17,7.615e-18,,2.380e+0,,,7.610e-7,,,1.581e-19,,1.586e-18,,5.806e-19,,6.482e-2,,,,1.021e-9,2.653e-16
570.91,2.003e+1,3.976e-20,2.766e-26,1.586e-23,5.613e-6,,,1.654e-18,3.814e-21,,1.856e-15,4.610e-20,3.444e-8,9.518e-18,4.686e-3,8.563e-13,2.097e-20,2.642e-25,,3.147e-18,7.611e-19,1.050e-22,1.113e+1,,6.542e-26,3.774e-2,,2.712e-19,1.714e-20,3.623e-6,1.690e-5,3.874e-11,1.690e-19,1.335e-22,5.586e+0,1.959e-4,7.074e-1,3.552e-17,1.885e-1,1.096e-17,7.699e-18,,2.307e+0,,,1.115e-6,,,1.583e-19,,1.586e-18,,5.805e-19,,7.310e-2,,,,1.650e-9,2.653e-16
570.93,1.993e+1,3.973e-20,2.736e-26,1.356e-23,4.378e-6,,,1.654e-18,3.815e-21,,1.856e-15,4.622e-20,3.163e-8,9.518e-18,4.472e-3,8.536e-13,2.097e-20,2.644e-25,,3.153e-18,7.614e-19,8.852e-23,1.117e+1,,6.549e-26,3.476e-2,,2.712e-19,1.714e-20,2.770e-6,2.071e-5,4.041e-11,1.690e-19,1.334e-22,5.437e+0,2.465e-4,7.198e-1,3.554e-17,2.015e-1,1.095e-17,7.755e-18,,2.274e+0,,,1.434e-6,,,1.584e-19,,1.586e-18,,5.805e-19,,7.898e-2,,,,2.267e-9,2.653e-16
570.96,1.979e+1,3.969e-20,2.690e-26,1.067e-23,3.003e-6,,,1.654e-18,3.817e-21,,1.855e-15,4.640e-20,2.863e-8,9.518e-18,4.156e-3,8.530e-13,2.096e-20,2.647e-25,,3.161e-18,7.620e-19,6.818e-23,1.124e+1,,6.560e-26,3.060e-2,,2.714e-19,1.715e-20,1.843e-6,2.796e-5,4.291e-11,1.690e-19,1.333e-22,5.200e+0,3.464e-4,7.417e-1,3.556e-17,2.256e-1,1.095e-17,7.839e-18,,2.252e+0,,,2.082e-6,,,1.586e-19,,1.586e-18,,5.804e-19,,8.830e-2,,,,3.633e-9,2.654e-16
570.98,1.971e+1,3.967e-20,2.660e-26,9.068e-24,2.329e-6,,,1.654e-18,3.818e-21,,1.855e-15,4.652e-20,2.739e-8,9.518e-18,3.949e-3,8.552e-13,2.096e-20,2.649e-25,,3.166e-18,7.623e-19,5.712e-23,1.129e+1,,6.568e-26,2.803e-2,,2.715e-19,1.715e-20,1.401e-6,3.405e-5,4.455e-11,1.690e-19,1.333e-22,5.035e+0,4.332e-4,7.584e-1,3.558e-17,2.448e-1,1.094e-17,7.896e-18,,2.255e+0,,,2.662e-6,,,1.587e-19,,1.587e-18,,5.804e-19,,9.484e-2,,,,4.961e-9,2.654e-16
571.01,1.961e+1,3.963e-20,2.614e-26,7.073e-24,1.584e-6,,,1.654e-18,3.820e-21,,1.854e-15,4.670e-20,2.662e-8,9.518e-18,3.645e-3,8.623e-13,2.095e-20,2.652e-25,,3.175e-18,7.629e-19,4.361e-23,1.135e+1,,6.579e-26,2.446e-2,,2.716e-19,1.715e-20,9.238e-7,4.557e-5,4.696e-11,1.690e-19,1.332e-22,4.778e+0,6.034e-4,7.863e-1,3.560e-17,2.782e-1,1.094e-17,7.980e-18,,2.286e+0,,,3.832e-6,,,1.589e-19,,1.587e-18,,5.803e-19,,1.051e-1,,,,7.882e-9,2.654e-16
571.03,1.957e+1,3.961e-20,2.584e-26,5.975e-24,1.221e-6,,,1.654e-18,3.821e-21,,1.854e-15,4.682e-20,2.681e-8,9.517e-18,3.448e-3,8.698e-13,2.095e-20,2.654e-25,,3.180e-18,7.633e-19,3.632e-23,1.139e+1,,6.587e-26,2.227e-2,,2.717e-19,1.715e-20,6.979e-7,5.518e-5,4.851e-11,1.690e-19,1.332e-22,4.603e+0,7.504e-4,8.065e-1,3.561e-17,3.038e-1,1.093e-17,8.036e-18,,2.324e+0,,,4.872e-6,,,1.590e-19,,1.587e-18,,5.802e-19,,1.122e-1,,,,1.070e-8,2.655e-16
571.06,1.952e+1,3.957e-20,2.538e-26,4.619e-24,8.228e-7,,,1.654e-18,3.823e-21,,1.854e-15,4.700e-20,2.814e-8,9.517e-18,3.161e-3,8.848e-13,2.094e-20,2.658e-25,,3.188e-18,7.638e-19,2.749e-23,1.144e+1,,6.598e-26,1.927e-2,,2.718e-19,1.715e-20,4.562e-7,7.320e-5,5.076e-11,1.691e-19,1.331e-22,4.336e+0,1.036e-3,8.389e-1,3.563e-17,3.471e-1,1.093e-17,8.120e-18,,2.410e+0,,,6.952e-6,,,1.592e-19,,1.587e-18,,5.802e-19,,1.233e-1,,,,1.686e-8,2.655e-16
571.08,1.951e+1,3.955e-20,2.508e-26,3.879e-24,6.306e-7,,,1.654e-18,3.824e-21,,1.853e-15,4.712e-20,2.973e-8,9.517e-18,2.976e-3,8.975e-13,2.094e-20,2.660e-25,,3.194e-18,7.642e-19,2.276e-23,1.148e+1,,6.605e-26,1.745e-2,,2.719e-19,1.716e-20,3.426e-7,8.812e-5,5.218e-11,1.691e-19,1.330e-22,4.156e+0,1.281e-3,8.618e-1,3.565e-17,3.794e-1,1.093e-17,8.176e-18,,2.486e+0,,,8.787e-6,,,1.594e-19,,1.587e-18,,5.801e-19,,1.309e-1,,,,2.275e-8,2.655e-16
571.11,1.953e+1,3.951e-20,2.462e-26,2.973e-24,4.212e-7,,,1.654e-18,3.826e-21,,1.853e-15,4.730e-20,3.319e-8,9.517e-18,2.709e-3,9.202e-13,2.093e-20,2.663e-25,,3.202e-18,7.647e-19,1.707e-23,1.152e+1,,6.617e-26,1.497e-2,,2.720e-19,1.716e-20,2.220e-7,1.159e-4,5.419e-11,1.691e-19,1.329e-22,3.887e+0,1.753e-3,8.974e-1,3.567e-17,4.331e-1,1.092e-17,8.261e-18,,2.626e+0,,,1.243e-5,,,1.595e-19,,1.587e-18,,5.800e-19,,1.425e-1,,,,3.552e-8,2.655e-16
571.13,1.956e+1,3.949e-20,2.432e-26,2.482e-24,3.209e-7,,,1.654e-18,3.827e-21,,1.853e-15,4.742e-20,3.623e-8,9.517e-18,2.539e-3,9.377e-13,2.093e-20,2.665e-25,,3.208e-18,7.651e-19,1.405e-23,1.155e+1,,6.624e-26,1.348e-2,,2.721e-19,1.716e-20,1.658e-7,1.387e-4,5.545e-11,1.691e-19,1.329e-22,3.709e+0,2.155e-3,9.219e-1,3.569e-17,4.724e-1,1.092e-17,8.317e-18,,2.737e+0,,,1.562e-5,,,1.597e-19,,1.588e-18,,5.800e-19,,1.504e-1,,,,4.767e-8,2.656e-16
571.15,1.960e+1,3.947e-20,2.402e-26,2.067e-24,2.439e-7,,,1.654e-18,3.828e-21,,1.852e-15,4.754e-20,3.989e-8,9.517e-18,2.375e-3,9.569e-13,2.092e-20,2.667e-25,,3.213e-18,7.655e-19,1.154e-23,1.157e+1,,6.632e-26,1.210e-2,,2.722e-19,1.716e-20,1.235e-7,1.656e-4,5.662e-11,1.691e-19,1.328e-22,3.532e+0,2.643e-3,9.467e-1,3.570e-17,5.146e-1,1.091e-17,8.373e-18,,2.862e+0,,,1.958e-5,,,1.598e-19,,1.588e-18,,5.799e-19,,1.583e-1,,,,6.382e-8,2.656e-16
571.18,1.970e+1,3.943e-20,2.356e-26,1.565e-24,1.609e-7,,,1.653e-18,3.830e-21,,1.852e-15,4.771e-20,4.660e-8,9.517e-18,2.140e-3,9.888e-13,2.092e-20,2.670e-25,,3.221e-18,7.660e-19,8.549e-24,1.159e+1,,6.643e-26,1.026e-2,,2.723e-19,1.716e-20,7.901e-8,2.151e-4,5.823e-11,1.691e-19,1.328e-22,3.273e+0,3.573e-3,9.844e-1,3.572e-17,5.833e-1,1.091e-17,8.457e-18,,3.074e+0,,,2.736e-5,,,1.600e-19,,1.588e-18,,5.799e-19,,1.703e-1,,,,9.845e-8,2.656e-16
571.2,1.978e+1,3.941e-20,2.326e-26,1.296e-24,1.216e-7,,,1.653e-18,3.831e-21,,1.852e-15,4.783e-20,5.194e-8,9.516e-18,1.992e-3,1.012e-12,2.091e-20,2.672e-25,,3.227e-18,7.664e-19,6.979e-24,1.161e+1,,6.650e-26,9.158e-3,,2.724e-19,1.717e-20,5.850e-8,2.554e-4,5.919e-11,1.692e-19,1.327e-22,3.104e+0,4.357e-3,1.010e+0,3.574e-17,6.327e-1,1.090e-17,8.513e-18,,3.231e+0,,,3.410e-5,,,1.601e-19,,1.588e-18,,5.798e-19,,1.783e-1,,,,1.310e-7,2.657e-16
571.23,1.993e+1,3.937e-20,2.280e-26,9.719e-25,7.950e-8,,,1.653e-18,3.833e-21,,1.851e-15,4.801e-20,6.133e-8,9.516e-18,1.782e-3,1.049e-12,2.090e-20,2.676e-25,,3.235e-18,7.669e-19,5.125e-24,1.162e+1,,6.662e-26,7.693e-3,,2.725e-19,1.717e-20,3.711e-8,3.288e-4,6.047e-11,1.692e-19,1.326e-22,2.858e+0,5.839e-3,1.047e+0,3.576e-17,7.121e-1,1.090e-17,8.597e-18,,3.490e+0,,,4.723e-5,,,1.603e-19,,1.588e-18,,5.797e-19,,1.901e-1,,,,2.004e-7,2.657e-16
571.25,2.005e+1,3.934e-20,2.250e-26,8.001e-25,5.972e-8,,,1.653e-18,3.834e-21,,1.851e-15,4.813e-20,6.859e-8,9.516e-18,1.650e-3,1.074e-12,2.090e-20,2.678e-25,,3.241e-18,7.673e-19,4.159e-24,1.162e+1,,6.669e-26,6.830e-3,,2.726e-19,1.717e-20,2.731e-8,3.881e-4,6.121e-11,1.692e-19,1.326e-22,2.700e+0,7.077e-3,1.072e+0,3.578e-17,7.686e-1,1.089e-17,8.654e-18,,3.676e+0,,,5.853e-5,,,1.604e-19,,1.588e-18,,5.797e-19,,1.978e-1,,,,2.652e-7,2.657e-16
571.28,2.025e+1,3.931e-20,2.204e-26,5.949e-25,3.870e-8,,,1.653e-18,3.836e-21,,1.851e-15,4.831e-20,8.108e-8,9.516e-18,1.465e-3,1.114e-12,2.089e-20,2.681e-25,,3.249e-18,7.679e-19,3.027e-24,1.161e+1,,6.680e-26,5.688e-3,,2.727e-19,1.717e-20,1.717e-8,4.954e-4,6.215e-11,1.692e-19,1.325e-22,2.472e+0,9.403e-3,1.107e+0,3.580e-17,8.583e-1,1.089e-17,8.738e-18,,3.975e+0,,,8.037e-5,,,1.606e-19,,1.589e-18,,5.796e-19,,2.091e-1,,,,4.019e-7,2.657e-16
571.3,2.040e+1,3.928e-20,2.174e-26,4.868e-25,2.890e-8,,,1.653e-18,3.837e-21,,1.850e-15,4.843e-20,9.055e-8,9.516e-18,1.350e-3,1.141e-12,2.089e-20,2.683e-25,,3.254e-18,7.682e-19,2.442e-24,1.160e+1,,6.688e-26,5.020e-3,,2.728e-19,1.717e-20,1.257e-8,5.813e-4,6.267e-11,1.692e-19,1.324e-22,2.327e+0,1.133e-2,1.130e+0,3.581e-17,9.213e-1,1.089e-17,8.794e-18,,4.185e+0,,,9.901e-5,,,1.608e-19,,1.589e-18,,5.796e-19,,2.163e-1,,,,5.288e-7,2.658e-16
571.33,2.064e+1,3.925e-20,2.128e-26,3.588e-25,1.857e-8,,,1.653e-18,3.839e-21,,1.850e-15,4.861e-20,1.066e-7,9.516e-18,1.189e-3,1.181e-12,2.088e-20,2.686e-25,,3.263e-18,7.688e-19,1.762e-24,1.157e+1,,6.699e-26,4.144e-3,,2.730e-19,1.718e-20,7.830e-9,7.355e-4,6.329e-11,1.693e-19,1.324e-22,2.121e+0,1.492e-2,1.164e+0,3.583e-17,1.020e+0,1.088e-17,8.878e-18,,4.516e+0,,,1.348e-4,,,1.609e-19,,1.589e-18,,5.795e-19,,2.266e-1,,,,7.946e-7,2.658e-16
571.35,2.081e+1,3.922e-20,2.098e-26,2.919e-25,1.378e-8,,,1.653e-18,3.840e-21,,1.850e-15,4.873e-20,1.186e-7,9.515e-18,1.090e-3,1.207e-12,2.088e-20,2.688e-25,,3.268e-18,7.691e-19,1.413e-24,1.155e+1,,6.706e-26,3.636e-3,,2.730e-19,1.718e-20,5.696e-9,8.580e-4,6.361e-11,1.693e-19,1.323e-22,1.990e+0,1.788e-2,1.184e+0,3.585e-17,1.089e+0,1.088e-17,8.934e-18,,4.744e+0,,,1.651e-4,,,1.611e-19,,1.589e-18,,5.794e-19,,2.330e-1,,,,1.039e-6,2.658e-16
571.38,2.108e+1,3.919e-20,2.052e-26,2.133e-25,8.775e-9,,,1.653e-18,3.842e-21,,1.849e-15,4.891e-20,1.387e-7,9.515e-18,9.528e-4,1.246e-12,2.087e-20,2.691e-25,,3.276e-18,7.697e-19,1.010e-24,1.150e+1,,6.718e-26,2.975e-3,,2.732e-19,1.718e-20,3.518e-9,1.076e-3,6.395e-11,1.693e-19,1.322e-22,1.806e+0,2.334e-2,1.214e+0,3.587e-17,1.196e+0,1.087e-17,9.019e-18,,5.097e+0,,,2.227e-4,,,1.613e-19,,1.589e-18,,5.794e-19,,2.420e-1,,,,1.548e-6,2.659e-16
571.4,2.127e+1,3.916e-20,2.022e-26,1.725e-25,6.476e-9,,,1.653e-18,3.843e-21,,1.849e-15,4.903e-20,1.536e-7,9.515e-18,8.688e-4,1.271e-12,2.087e-20,2.694e-25,,3.282e-18,7.701e-19,8.056e-25,1.146e+1,,6.725e-26,2.595e-3,,2.733e-19,1.718e-20,2.544e-9,1.248e-3,6.409e-11,1.693e-19,1.322e-22,1.691e+0,2.780e-2,1.232e+0,3.589e-17,1.269e+0,1.087e-17,9.075e-18,,5.337e+0,,,2.712e-4,,,1.614e-19,,1.589e-18,,5.793e-19,,2.475e-1,,,,2.014e-6,2.659e-16
571.43,2.156e+1,3.913e-20,1.976e-26,1.249e-25,4.087e-9,,,1.653e-18,3.845e-21,,1.848e-15,4.921e-20,1.783e-7,9.515e-18,7.534e-4,1.305e-12,2.086e-20,2.697e-25,,3.290e-18,7.706e-19,5.710e-25,1.139e+1,,6.736e-26,2.105e-3,,2.734e-19,1.718e-20,1.557e-9,1.552e-3,6.421e-11,1.693e-19,1.321e-22,1.529e+0,3.599e-2,1.257e+0,3.591e-17,1.382e+0,1.086e-17,9.159e-18,,5.701e+0,,,3.628e-4,,,1.616e-19,,1.589e-18,,5.792e-19,,2.547e-1,,,,2.973e-6,2.659e-16
571.45,2.175e+1,3.910e-20,1.946e-26,1.004e-25,2.998e-9,,,1.653e-18,3.846e-21,,1.848e-15,4.933e-20,1.964e-7,9.515e-18,6.833e-4,1.326e-12,2.086e-20,2.699e-25,,3.295e-18,7.710e-19,4.526e-25,1.134e+1,,6.744e-26,1.826e-3,,2.735e-19,1.719e-20,1.119e-9,1.789e-3,6.422e-11,1.693e-19,1.321e-22,1.429e+0,4.261e-2,1.272e+0,3.592e-17,1.458e+0,1.086e-17,9.215e-18,,5.944e+0,,,4.392e-4,,,1.617e-19,,1.590e-18,,5.792e-19,,2.590e-1,,,,3.844e-6,2.659e-16
571.48,2.203e+1,3.907e-20,1.900e-26,7.206e-26,1.875e-9,,,1.653e-18,3.848e-21,,1.848e-15,4.951e-20,2.260e-7,9.515e-18,5.878e-4,1.355e-12,2.085e-20,2.702e-25,,3.304e-18,7.715e-19,3.180e-25,1.125e+1,,6.755e-26,1.468e-3,,2.736e-19,1.719e-20,6.793e-10,2.206e-3,6.418e-11,1.694e-19,1.320e-22,1.289e+0,5.467e-2,1.292e+0,3.595e-17,1.574e+0,1.085e-17,9.299e-18,,6.307e+0,,,5.824e-4,,,1.619e-19,,1.590e-18,,5.791e-19,,2.642e-1,,,,5.628e-6,2.660e-16
571.5,2.222e+1,3.904e-20,1.870e-26,5.760e-26,1.368e-9,,,1.653e-18,3.849e-21,,1.847e-15,4.963e-20,2.475e-7,9.514e-18,5.302e-4,1.371e-12,2.085e-20,2.704e-25,,3.309e-18,7.719e-19,2.505e-25,1.118e+1,,6.763e-26,1.266e-3,,2.737e-19,1.719e-20,4.854e-10,2.528e-3,6.412e-11,1.694e-19,1.319e-22,1.203e+0,6.436e-2,1.303e+0,3.596e-17,1.651e+0,1.085e-17,9.355e-18,,6.545e+0,,,7.009e-4,,,1.620e-19,,1.590e-18,,5.791e-19,,2.670e-1,,,,7.234e-6,2.660e-16
571.52,2.240e+1,3.902e-20,1.839e-26,4.593e-26,9.950e-10,,,1.653e-18,3.850e-21,,1.847e-15,4.975e-20,2.705e-7,9.514e-18,4.773e-4,1.385e-12,2.084e-20,2.706e-25,,3.315e-18,7.723e-19,1.970e-25,1.111e+1,,6.770e-26,1.089e-3,,2.738e-19,1.719e-20,3.461e-10,2.891e-3,6.404e-11,1.694e-19,1.319e-22,1.122e+0,7.559e-2,1.314e+0,3.597e-17,1.728e+0,1.085e-17,9.412e-18,,6.780e+0,,,8.416e-4,,,1.622e-19,,1.590e-18,,5.790e-19,,2.692e-1,,,,9.278e-6,2.660e-16
571.55,2.266e+1,3.898e-20,1.794e-26,3.256e-26,6.147e-10,,,1.653e-18,3.852e-21,,1.847e-15,4.993e-20,3.076e-7,9.514e-18,4.059e-4,1.401e-12,2.084e-20,2.709e-25,,3.323e-18,7.728e-19,1.367e-25,1.099e+1,,6.781e-26,8.645e-4,,2.739e-19,1.719e-20,2.074e-10,3.520e-3,6.392e-11,1.694e-19,1.318e-22,1.010e+0,9.581e-2,1.326e+0,3.600e-17,1.842e+0,1.084e-17,9.496e-18,,7.121e+0,,,1.102e-3,,,1.624e-19,,1.590e-18,,5.789e-19,,2.714e-1,,,,1.342e-5,2.660e-16
571.57,2.282e+1,3.896e-20,1.763e-26,2.581e-26,4.446e-10,,,1.653e-18,3.853e-21,,1.846e-15,5.005e-20,3.342e-7,9.514e-18,3.634e-4,1.409e-12,2.083e-20,2.712e-25,,3.328e-18,7.732e-19,1.068e-25,1.090e+1,,6.789e-26,7.392e-4,,2.740e-19,1.719e-20,1.470e-10,4.002e-3,6.384e-11,1.694e-19,1.317e-22,9.408e-1,1.119e-1,1.332e+0,3.601e-17,1.917e+0,1.084e-17,9.552e-18,,7.340e+0,,,1.316e-3,,,1.625e-19,,1.590e-18,,5.789e-19,,2.720e-1,,,,1.711e-5,2.661e-16
571.6,2.304e+1,3.892e-20,1.718e-26,1.813e-26,2.723e-10,,,1.652e-18,3.855e-21,,1.846e-15,5.023e-20,3.768e-7,9.514e-18,3.065e-4,1.415e-12,2.083e-20,2.715e-25,,3.337e-18,7.737e-19,7.345e-26,1.075e+1,,6.800e-26,5.820e-4,,2.741e-19,1.720e-20,8.731e-11,4.831e-3,6.375e-11,1.694e-19,1.317e-22,8.462e-1,1.405e-1,1.339e+0,3.603e-17,2.026e+0,1.083e-17,9.636e-18,,7.651e+0,,,1.709e-3,,,1.627e-19,,1.591e-18,,5.788e-19,,2.718e-1,,,,2.452e-5,2.661e-16
571.62,2.317e+1,3.890e-20,1.687e-26,1.429e-26,1.958e-10,,,1.652e-18,3.856e-21,,1.846e-15,5.035e-20,4.070e-7,9.514e-18,2.729e-4,1.416e-12,2.082e-20,2.717e-25,,3.342e-18,7.741e-19,5.707e-26,1.065e+1,,6.808e-26,4.947e-4,,2.742e-19,1.720e-20,6.151e-11,5.460e-3,6.373e-11,1.695e-19,1.316e-22,7.884e-1,1.632e-1,1.342e+0,3.605e-17,2.096e+0,1.083e-17,9.692e-18,,7.847e+0,,,2.028e-3,,,1.628e-19,,1.591e-18,,5.788e-19,,2.708e-1,,,,3.108e-5,2.661e-16
571.65,2.333e+1,3.886e-20,1.642e-26,9.953e-27,1.188e-10,,,1.652e-18,3.858e-21,,1.845e-15,5.053e-20,4.549e-7,9.514e-18,2.282e-4,1.411e-12,2.082e-20,2.720e-25,,3.350e-18,7.747e-19,3.890e-26,1.048e+1,,6.819e-26,3.860e-4,,2.743e-19,1.720e-20,3.621e-11,6.533e-3,6.375e-11,1.695e-19,1.315e-22,7.089e-1,2.032e-1,1.343e+0,3.607e-17,2.195e+0,1.082e-17,9.777e-18,,8.118e+0,,,2.611e-3,,,1.630e-19,,1.591e-18,,5.787e-19,,2.682e-1,,,,4.417e-5,2.662e-16
571.67,2.342e+1,3.884e-20,1.611e-26,7.797e-27,8.492e-11,,,1.652e-18,3.859e-21,,1.845e-15,5.065e-20,4.885e-7,9.513e-18,2.021e-4,1.405e-12,2.081e-20,2.722e-25,,3.356e-18,7.750e-19,3.005e-26,1.036e+1,,6.826e-26,3.262e-4,,2.744e-19,1.720e-20,2.536e-11,7.341e-3,6.381e-11,1.695e-19,1.315e-22,6.605e-1,2.345e-1,1.342e+0,3.609e-17,2.258e+0,1.082e-17,9.833e-18,,8.284e+0,,,3.081e-3,,,1.631e-19,,1.591e-18,,5.786e-19,,2.657e-1,,,,5.567e-5,2.662e-16
571.7,2.352e+1,3.880e-20,1.566e-26,5.383e-27,5.109e-11,,,1.652e-18,3.861e-21,,1.845e-15,5.083e-20,5.412e-7,9.513e-18,1.676e-4,1.389e-12,2.081e-20,2.725e-25,,3.364e-18,7.756e-19,2.030e-26,1.017e+1,,6.838e-26,2.523e-4,,2.746e-19,1.721e-20,1.480e-11,8.707e-3,6.399e-11,1.695e-19,1.314e-22,5.941e-1,2.895e-1,1.338e+0,3.611e-17,2.345e+0,1.081e-17,9.917e-18,,8.507e+0,,,3.932e-3,,,1.633e-19,,1.591e-18,,5.786e-19,,2.609e-1,,,,7.843e-5,2.662e-16
571.72,2.356e+1,3.878e-20,1.535e-26,4.192e-27,3.630e-11,,,1.652e-18,3.862e-21,,1.844e-15,5.095e-20,5.778e-7,9.513e-18,1.476e-4,1.375e-12,2.080e-20,2.727e-25,,3.370e-18,7.760e-19,1.559e-26,1.004e+1,,6.845e-26,2.120e-4,,2.746e-19,1.721e-20,1.031e-11,9.728e-3,6.418e-11,1.695e-19,1.313e-22,5.536e-1,3.322e-1,1.333e+0,3.612e-17,2.397e+0,1.081e-17,9.973e-18,,8.638e+0,,,4.612e-3,,,1.634e-19,,1.591e-18,,5.785e-19,,2.569e-1,,,,9.827e-5,2.662e-16
571.75,2.359e+1,3.874e-20,1.490e-26,2.868e-27,2.165e-11,,,1.652e-18,3.864e-21,,1.844e-15,5.113e-20,6.345e-7,9.513e-18,1.214e-4,1.349e-12,2.079e-20,2.731e-25,,3.378e-18,7.765e-19,1.044e-26,9.822e+0,,6.856e-26,1.625e-4,,2.748e-19,1.721e-20,5.960e-12,1.144e-2,6.456e-11,1.695e-19,1.313e-22,4.982e-1,4.066e-1,1.324e+0,3.614e-17,2.468e+0,1.081e-17,1.006e-17,,8.806e+0,,,5.835e-3,,,1.636e-19,,1.592e-18,,5.784e-19,,2.500e-1,,,,1.372e-4,2.663e-16
571.77,2.359e+1,3.872e-20,1.459e-26,2.221e-27,1.529e-11,,,1.652e-18,3.865e-21,,1.843e-15,5.125e-20,6.735e-7,9.513e-18,1.062e-4,1.328e-12,2.079e-20,2.733e-25,,3.383e-18,7.769e-19,7.968e-27,9.671e+0,,6.864e-26,1.358e-4,,2.749e-19,1.721e-20,4.125e-12,1.270e-2,6.489e-11,1.696e-19,1.312e-22,4.644e-1,4.638e-1,1.316e+0,3.616e-17,2.509e+0,1.080e-17,1.011e-17,,8.899e+0,,,6.805e-3,,,1.638e-19,,1.592e-18,,5.784e-19,,2.448e-1,,,,1.710e-4,2.663e-16
571.8,2.355e+1,3.868e-20,1.414e-26,1.506e-27,9.037e-12,,,1.652e-18,3.867e-21,,1.843e-15,5.143e-20,7.332e-7,9.513e-18,8.665e-5,1.292e-12,2.078e-20,2.736e-25,,3.392e-18,7.774e-19,5.290e-27,9.434e+0,,6.875e-26,1.032e-4,,2.750e-19,1.721e-20,2.365e-12,1.481e-2,6.548e-11,1.696e-19,1.311e-22,4.182e-1,5.627e-1,1.301e+0,3.618e-17,2.560e+0,1.080e-17,1.020e-17,,9.010e+0,,,8.534e-3,,,1.639e-19,,1.592e-18,,5.783e-19,,2.361e-1,,,,2.367e-4,2.663e-16
571.82,2.350e+1,3.866e-20,1.383e-26,1.159e-27,6.345e-12,,,1.652e-18,3.868e-21,,1.843e-15,5.154e-20,7.737e-7,9.512e-18,7.543e-5,1.266e-12,2.078e-20,2.738e-25,,3.397e-18,7.778e-19,4.014e-27,9.269e+0,,6.883e-26,8.567e-5,,2.751e-19,1.721e-20,1.627e-12,1.635e-2,6.593e-11,1.696e-19,1.311e-22,3.902e-1,6.382e-1,1.290e+0,3.620e-17,2.587e+0,1.079e-17,1.025e-17,,9.065e+0,,,9.896e-3,,,1.641e-19,,1.592e-18,,5.783e-19,,2.299e-1,,,,2.931e-4,2.664e-16
571.85,2.339e+1,3.862e-20,1.338e-26,7.793e-28,3.717e-12,,,1.652e-18,3.870e-21,,1.842e-15,5.172e-20,8.350e-7,9.512e-18,6.099e-5,1.222e-12,2.077e-20,2.741e-25,,3.405e-18,7.783e-19,2.641e-27,9.010e+0,,6.894e-26,6.454e-5,,2.752e-19,1.722e-20,9.247e-13,1.889e-2,6.671e-11,1.696e-19,1.310e-22,3.517e-1,7.675e-1,1.270e+0,3.622e-17,2.617e+0,1.079e-17,1.975e-17,,9.118e+0,,,1.230e-2,,,1.643e-19,,1.592e-18,,5.782e-19,,2.198e-1,,,,4.023e-4,2.664e-16
571.87,2.329e+1,3.860e-20,1.307e-26,5.963e-28,2.595e-12,,,1.652e-18,3.871e-21,,1.842e-15,5.184e-20,8.760e-7,9.512e-18,5.279e-5,1.191e-12,2.077e-20,2.743e-25,,3.411e-18,7.787e-19,1.992e-27,8.831e+0,,6.901e-26,5.327e-5,,2.753e-19,1.722e-20,6.325e-13,2.074e-2,6.729e-11,1.696e-19,1.309e-22,3.284e-1,8.654e-1,1.255e+0,3.623e-17,2.629e+0,1.078e-17,3.049e-17,,9.135e+0,,,1.418e-2,,,1.644e-19,,1.592e-18,,5.781e-19,,2.127e-1,,,,4.953e-4,2.664e-16
571.9,2.312e+1,3.856e-20,1.262e-26,3.973e-28,1.507e-12,,,1.652e-18,3.873e-21,,1.842e-15,5.202e-20,9.371e-7,9.512e-18,4.232e-5,1.142e-12,2.076e-20,2.746e-25,,3.419e-18,7.793e-19,1.299e-27,8.552e+0,,6.912e-26,3.978e-5,,2.754e-19,1.722e-20,3.562e-13,2.375e-2,6.822e-11,1.696e-19,1.309e-22,2.965e-1,1.032e+0,1.231e+0,3.626e-17,2.636e+0,1.078e-17,5.822e-17,,9.134e+0,,,1.748e-2,,,1.646e-19,,1.593e-18,,5.781e-19,,2.016e-1,,,,6.739e-4,2.664e-16
571.92,2.300e+1,3.854e-20,1.231e-26,3.022e-28,1.045e-12,,,1.652e-18,3.874e-21,,1.841e-15,5.214e-20,9.773e-7,9.512e-18,3.642e-5,1.108e-12,2.076e-20,2.749e-25,,3.425e-18,7.796e-19,9.743e-28,8.360e+0,,6.920e-26,3.264e-5,,2.755e-19,1.722e-20,2.422e-13,2.592e-2,6.887e-11,1.697e-19,1.308e-22,2.773e-1,1.157e+0,1.213e+0,3.627e-17,2.633e+0,1.077e-17,8.936e-17,,9.116e+0,,,2.003e-2,,,1.647e-19,,1.593e-18,,5.780e-19,,1.940e-1,,,,8.249e-4,2.665e-16
571.94,2.286e+1,3.851e-20,1.201e-26,2.293e-28,7.238e-13,,,1.652e-18,3.875e-21,,1.841e-15,5.226e-20,1.017e-6,9.512e-18,3.127e-5,1.074e-12,2.075e-20,2.751e-25,,3.430e-18,7.800e-19,7.289e-28,8.164e+0,,6.927e-26,2.672e-5,,2.756e-19,1.722e-20,1.643e-13,2.822e-2,6.955e-11,1.697e-19,1.308e-22,2.595e-1,1.293e+0,1.194e+0,3.628e-17,2.623e+0,1.077e-17,1.368e-16,,9.085e+0,,,2.291e-2,,,1.648e-19,,1.593e-18,,5.779e-19,,1.862e-1,,,,1.008e-3,2.665e-16
571.97,2.263e+1,3.848e-20,1.156e-26,1.509e-28,4.151e-13,,,1.652e-18,3.877e-21,,1.841e-15,5.244e-20,1.075e-6,9.511e-18,2.477e-5,1.022e-12,2.075e-20,2.754e-25,,3.438e-18,7.805e-19,4.695e-28,7.861e+0,,6.939e-26,1.971e-5,,2.757e-19,1.723e-20,9.139e-14,3.193e-2,7.058e-11,1.697e-19,1.307e-22,2.355e-1,1.523e+0,1.164e+0,3.631e-17,2.598e+0,1.077e-17,2.582e-16,,9.018e+0,,,2.789e-2,,,1.650e-19,,1.593e-18,,5.779e-19,,1.743e-1,,,,1.354e-3,2.665e-16
571.99,2.248e+1,3.845e-20,1.125e-26,1.139e-28,2.856e-13,,,1.652e-18,3.878e-21,,1.840e-15,5.256e-20,1.112e-6,9.511e-18,2.115e-5,9.875e-13,2.074e-20,2.756e-25,,3.444e-18,7.809e-19,3.492e-28,7.654e+0,,6.946e-26,1.604e-5,,2.758e-19,1.723e-20,6.163e-14,3.457e-2,7.128e-11,1.697e-19,1.306e-22,2.211e-1,1.694e+0,1.142e+0,3.632e-17,2.574e+0,1.076e-17,3.930e-16,,8.959e+0,,,3.171e-2,,,1.652e-19,,1.593e-18,,5.778e-19,,1.663e-1,,,,1.644e-3,2.665e-16
572.02,2.224e+1,3.842e-20,1.080e-26,7.428e-29,1.624e-13,,,1.652e-18,3.880e-21,,1.840e-15,5.274e-20,1.165e-6,9.511e-18,1.661e-5,9.382e-13,2.074e-20,2.759e-25,,3.452e-18,7.815e-19,2.230e-28,7.338e+0,,6.957e-26,1.173e-5,,2.759e-19,1.723e-20,3.398e-14,3.876e-2,7.229e-11,1.697e-19,1.305e-22,2.020e-1,1.977e+0,1.108e+0,3.634e-17,2.527e+0,1.076e-17,7.351e-16,,8.854e+0,,,3.828e-2,,,1.653e-19,,1.593e-18,,5.777e-19,,1.544e-1,,,,2.191e-3,2.666e-16
572.04,2.208e+1,3.839e-20,1.049e-26,5.571e-29,1.111e-13,,,1.651e-18,3.881e-21,,1.840e-15,5.286e-20,1.198e-6,9.511e-18,1.409e-5,9.073e-13,2.073e-20,2.761e-25,,3.458e-18,7.818e-19,1.648e-28,7.123e+0,,6.965e-26,9.489e-6,,2.760e-19,1.723e-20,2.278e-14,4.172e-2,7.295e-11,1.697e-19,1.305e-22,1.908e-1,2.186e+0,1.084e+0,3.636e-17,2.489e+0,1.075e-17,1.113e-15,,8.773e+0,,,4.327e-2,,,1.655e-19,,1.593e-18,,5.777e-19,,1.464e-1,,,,2.645e-3,2.666e-16
572.07,2.185e+1,3.836e-20,1.004e-26,3.602e-29,6.258e-14,,,1.651e-18,3.883e-21,,1.839e-15,5.304e-20,1.244e-6,9.511e-18,1.097e-5,8.658e-13,2.073e-20,2.764e-25,,3.466e-18,7.824e-19,1.043e-28,6.797e+0,,6.976e-26,6.876e-6,,2.761e-19,1.723e-20,1.245e-14,4.638e-2,7.387e-11,1.698e-19,1.304e-22,1.763e-1,2.529e+0,1.047e+0,3.638e-17,2.422e+0,1.075e-17,2.063e-15,,8.640e+0,,,5.178e-2,,,1.657e-19,,1.594e-18,,5.776e-19,,1.347e-1,,,,3.493e-3,2.666e-16
572.09,2.170e+1,3.833e-20,9.732e-27,2.685e-29,4.256e-14,,,1.651e-18,3.884e-21,,1.839e-15,5.316e-20,1.272e-6,9.511e-18,9.260e-6,8.424e-13,2.072e-20,2.767e-25,,3.471e-18,7.828e-19,7.668e-29,6.577e+0,,6.984e-26,5.531e-6,,2.762e-19,1.724e-20,8.296e-15,4.963e-2,7.443e-11,1.698e-19,1.304e-22,1.682e-1,2.780e+0,1.021e+0,3.640e-17,2.372e+0,1.074e-17,3.105e-15,,8.545e+0,,,5.819e-2,,,1.658e-19,,1.594e-18,,5.776e-19,,1.271e-1,,,,4.192e-3,2.667e-16
572.12,2.150e+1,3.829e-20,9.276e-27,1.721e-29,2.377e-14,,,1.651e-18,3.886e-21,,1.838e-15,5.334e-20,1.309e-6,9.511e-18,7.147e-6,8.157e-13,2.072e-20,2.770e-25,,3.480e-18,7.833e-19,4.810e-29,6.245e+0,,6.995e-26,3.973e-6,,2.764e-19,1.724e-20,4.493e-15,5.469e-2,7.517e-11,1.698e-19,1.303e-22,1.581e-1,3.189e+0,9.811e-1,3.642e-17,2.288e+0,1.074e-17,5.708e-15,,8.394e+0,,,6.903e-2,,,1.660e-19,,1.594e-18,,5.775e-19,,1.159e-1,,,,5.488e-3,2.667e-16
572.14,2.138e+1,3.827e-20,8.972e-27,1.276e-29,1.607e-14,,,1.651e-18,3.887e-21,,1.838e-15,5.346e-20,1.330e-6,9.510e-18,5.996e-6,8.051e-13,2.071e-20,2.772e-25,,3.485e-18,7.837e-19,3.515e-29,6.022e+0,,7.002e-26,3.177e-6,,2.764e-19,1.724e-20,2.977e-15,5.818e-2,7.560e-11,1.698e-19,1.302e-22,1.529e-1,3.484e+0,9.538e-1,3.643e-17,2.227e+0,1.074e-17,8.541e-15,,8.290e+0,,,7.714e-2,,,1.661e-19,,1.594e-18,,5.774e-19,,1.086e-1,,,,6.549e-3,2.667e-16
572.17,2.123e+1,3.823e-20,8.516e-27,8.104e-30,8.894e-15,,,1.651e-18,3.889e-21,,1.838e-15,5.364e-20,1.358e-6,9.510e-18,4.588e-6,8.032e-13,2.071e-20,2.775e-25,,3.493e-18,7.842e-19,2.185e-29,5.688e+0,,7.014e-26,2.262e-6,,2.766e-19,1.724e-20,1.598e-15,6.355e-2,7.611e-11,1.698e-19,1.302e-22,1.474e-1,3.962e+0,9.120e-1,3.645e-17,2.130e+0,1.073e-17,1.556e-14,,8.131e+0,,,9.073e-2,,,1.663e-19,,1.594e-18,,5.774e-19,,9.820e-2,,,,8.500e-3,2.667e-16
572.19,2.115e+1,3.821e-20,8.212e-27,5.971e-30,5.978e-15,,,1.651e-18,3.890e-21,,1.837e-15,5.376e-20,1.372e-6,9.510e-18,3.827e-6,8.134e-13,2.070e-20,2.777e-25,,3.499e-18,7.846e-19,1.587e-29,5.466e+0,,7.021e-26,1.798e-6,,2.767e-19,1.724e-20,1.052e-15,6.721e-2,7.636e-11,1.699e-19,1.301e-22,1.452e-1,4.304e+0,8.838e-1,3.647e-17,2.061e+0,1.073e-17,2.315e-14,,8.024e+0,,,1.008e-1,,,1.664e-19,,1.594e-18,,5.773e-19,,9.154e-2,,,,1.008e-2,2.668e-16
572.22,2.107e+1,3.817e-20,7.756e-27,3.760e-30,3.280e-15,,,1.651e-18,3.892e-21,,1.837e-15,5.394e-20,1.388e-6,9.510e-18,2.903e-6,8.506e-13,2.069e-20,2.780e-25,,3.507e-18,7.851e-19,9.783e-30,5.135e+0,,7.032e-26,1.269e-6,,2.768e-19,1.725e-20,5.600e-16,7.279e-2,7.660e-11,1.699e-19,1.300e-22,1.442e-1,4.851e+0,8.411e-1,3.649e-17,1.954e+0,1.072e-17,4.183e-14,,7.864e+0,,,1.176e-1,,,1.666e-19,,1.595e-18,,5.772e-19,,8.202e-2,,,,1.297e-2,2.668e-16
572.24,2.105e+1,3.815e-20,7.452e-27,2.754e-30,2.191e-15,,,1.651e-18,3.893e-21,,1.837e-15,5.406e-20,1.394e-6,9.510e-18,2.407e-6,8.931e-13,2.069e-20,2.782e-25,,3.512e-18,7.855e-19,7.064e-30,4.916e+0,,7.040e-26,1.003e-6,,2.769e-19,1.725e-20,3.666e-16,7.653e-2,7.667e-11,1.699e-19,1.300e-22,1.452e-1,5.239e+0,8.127e-1,3.651e-17,1.880e+0,1.072e-17,6.188e-14,,7.759e+0,,,1.299e-1,,,1.667e-19,,1.595e-18,,5.772e-19,,7.601e-2,,,,1.530e-2,2.668e-16
572.27,2.106e+1,3.811e-20,6.996e-27,1.719e-30,1.192e-15,,,1.651e-18,3.895e-21,,1.836e-15,5.424e-20,1.398e-6,9.510e-18,1.810e-6,9.901e-13,2.068e-20,2.786e-25,,3.521e-18,7.861e-19,4.315e-30,4.592e+0,,7.051e-26,7.014e-7,,2.770e-19,1.725e-20,1.934e-16,8.215e-2,7.663e-11,1.699e-19,1.299e-22,1.489e-1,5.855e+0,7.703e-1,3.653e-17,1.766e+0,1.071e-17,1.108e-13,,7.605e+0,,,1.502e-1,,,1.669e-19,,1.595e-18,,5.771e-19,,6.751e-2,,,,1.952e-2,2.669e-16
572.29,2.109e+1,3.809e-20,6.693e-27,1.252e-30,7.914e-16,,,1.651e-18,3.896e-21,,1.836e-15,5.436e-20,1.396e-6,9.509e-18,1.492e-6,1.082e-12,2.068e-20,2.788e-25,,3.526e-18,7.864e-19,3.098e-30,4.380e+0,,7.059e-26,5.511e-7,,2.771e-19,1.725e-20,1.259e-16,8.588e-2,7.651e-11,1.699e-19,1.298e-22,1.531e-1,6.286e+0,7.424e-1,3.654e-17,1.689e+0,1.071e-17,1.630e-13,,7.505e+0,,,1.650e-1,,,1.671e-19,,1.595e-18,,5.771e-19,,6.220e-2,,,,2.289e-2,2.669e-16
572.31,2.115e+1,3.807e-20,6.389e-27,9.092e-31,5.244e-16,,,1.651e-18,3.898e-21,,1.836e-15,5.448e-20,1.391e-6,9.509e-18,1.227e-6,1.199e-12,2.068e-20,2.790e-25,,3.532e-18,7.868e-19,2.218e-30,4.171e+0,,7.066e-26,4.320e-7,,2.772e-19,1.725e-20,8.172e-17,8.956e-2,7.632e-11,1.699e-19,1.298e-22,1.585e-1,6.734e+0,7.150e-1,3.656e-17,1.612e+0,1.070e-17,2.391e-13,,7.408e+0,,,1.808e-1,,,1.672e-19,,1.595e-18,,5.770e-19,,5.717e-2,,,,2.678e-2,2.669e-16
572.34,2.129e+1,3.803e-20,5.933e-27,5.605e-31,2.817e-16,,,1.651e-18,3.899e-21,,1.835e-15,5.466e-20,1.378e-6,9.509e-18,9.116e-7,1.435e-12,2.067e-20,2.793e-25,,3.540e-18,7.874e-19,1.338e-30,3.864e+0,,7.077e-26,2.984e-7,,2.773e-19,1.726e-20,4.256e-17,9.497e-2,7.591e-11,1.700e-19,1.297e-22,1.693e-1,7.433e+0,6.749e-1,3.658e-17,1.496e+0,1.070e-17,4.231e-13,,7.268e+0,,,2.066e-1,,,1.674e-19,,1.595e-18,,5.769e-19,,5.015e-2,,,,3.374e-2,2.669e-16
572.36,2.141e+1,3.801e-20,5.629e-27,4.048e-31,1.855e-16,,,1.651e-18,3.901e-21,,1.835e-15,5.478e-20,1.365e-6,9.509e-18,7.455e-7,1.639e-12,2.067e-20,2.795e-25,,3.545e-18,7.877e-19,9.529e-31,3.665e+0,,7.085e-26,2.326e-7,,2.774e-19,1.726e-20,2.747e-17,9.846e-2,7.558e-11,1.700e-19,1.297e-22,1.781e-1,7.916e+0,6.491e-1,3.660e-17,1.420e+0,1.070e-17,6.172e-13,,7.178e+0,,,2.252e-1,,,1.675e-19,,1.596e-18,,5.769e-19,,4.583e-2,,,,3.924e-2,2.670e-16
572.39,2.165e+1,3.797e-20,5.173e-27,2.473e-31,9.876e-17,,,1.651e-18,3.902e-21,,1.835e-15,5.496e-20,1.340e-6,9.509e-18,5.489e-7,2.032e-12,2.066e-20,2.798e-25,,3.554e-18,7.883e-19,5.699e-31,3.376e+0,,7.096e-26,1.593e-7,,2.775e-19,1.726e-20,1.418e-17,1.035e-1,7.499e-11,1.700e-19,1.296e-22,1.941e-1,8.662e+0,6.121e-1,3.662e-17,1.306e+0,1.069e-17,1.083e-12,,7.049e+0,,,2.552e-1,,,1.677e-19,,1.596e-18,,5.768e-19,,3.986e-2,,,,4.902e-2,2.670e-16
572.41,2.183e+1,3.794e-20,4.869e-27,1.776e-31,6.468e-17,,,1.651e-18,3.903e-21,,1.834e-15,5.508e-20,1.320e-6,9.509e-18,4.463e-7,2.364e-12,2.065e-20,2.800e-25,,3.559e-18,7.886e-19,4.033e-31,3.190e+0,,7.103e-26,1.234e-7,,2.776e-19,1.726e-20,1.389e-17,1.067e-1,7.455e-11,1.700e-19,1.295e-22,2.064e-1,9.171e+0,5.888e-1,3.663e-17,1.232e+0,1.069e-17,1.570e-12,,6.966e+0,,,2.766e-1,,,1.678e-19,,1.596e-18,,5.768e-19,,3.621e-2,,,,5.668e-2,2.670e-16
572.44,2.215e+1,3.791e-20,4.413e-27,1.075e-31,3.412e-17,,,1.651e-18,3.905e-21,,1.834e-15,5.526e-20,1.285e-6,9.508e-18,3.257e-7,2.989e-12,2.065e-20,2.804e-25,,3.567e-18,7.892e-19,2.391e-31,2.921e+0,,7.115e-26,8.375e-8,,2.777e-19,1.726e-20,1.345e-17,1.112e-1,7.387e-11,1.700e-19,1.294e-22,2.277e-1,9.948e+0,5.563e-1,3.665e-17,1.123e+0,1.068e-17,2.731e-12,,6.846e+0,,,3.108e-1,,,1.680e-19,,1.596e-18,,5.767e-19,,3.121e-2,,,,7.018e-2,2.671e-16
572.46,2.238e+1,3.788e-20,4.109e-27,7.675e-32,2.221e-17,,,1.650e-18,3.906e-21,,1.834e-15,5.538e-20,1.258e-6,9.508e-18,2.633e-7,3.507e-12,2.064e-20,2.806e-25,,3.573e-18,7.896e-19,1.682e-31,2.749e+0,,7.122e-26,6.450e-8,,2.778e-19,1.727e-20,1.315e-17,1.139e-1,7.341e-11,1.700e-19,1.294e-22,2.437e-1,1.047e+1,5.364e-1,3.667e-17,1.053e+0,1.068e-17,3.938e-12,,6.769e+0,,,3.351e-1,,,1.681e-19,,1.596e-18,,5.766e-19,,2.819e-2,,,,8.069e-2,2.671e-16
572.49,2.277e+1,3.785e-20,3.653e-27,4.607e-32,1.162e-17,,,1.650e-18,3.908e-21,,1.833e-15,5.555e-20,1.213e-6,9.508e-18,1.905e-7,4.467e-12,2.064e-20,2.809e-25,,3.581e-18,7.901e-19,9.884e-32,2.504e+0,,7.133e-26,4.340e-8,,2.779e-19,1.727e-20,1.271e-17,1.177e-1,7.273e-11,1.701e-19,1.293e-22,2.703e-1,1.126e+1,5.095e-1,3.669e-17,9.524e-1,1.067e-17,6.790e-12,,6.655e+0,,,3.735e-1,,,1.683e-19,,1.596e-18,,5.766e-19,,2.409e-2,,,,9.904e-2,2.671e-16
572.51,2.304e+1,3.782e-20,3.350e-27,3.269e-32,7.518e-18,,,1.650e-18,3.909e-21,,1.833e-15,5.567e-20,1.181e-6,9.508e-18,1.530e-7,5.253e-12,2.063e-20,2.811e-25,,3.587e-18,7.905e-19,6.913e-32,2.349e+0,,7.141e-26,3.322e-8,,2.780e-19,1.727e-20,1.968e-17,1.199e-1,7.232e-11,1.701e-19,1.293e-22,2.898e-1,1.178e+1,4.938e-1,3.671e-17,8.878e-1,1.067e-17,9.735e-12,,6.581e+0,,,4.005e-1,,,1.685e-19,,1.597e-18,,5.765e-19,,2.163e-2,,,,1.132e-1,2.671e-16
572.54,2.347e+1,3.779e-20,2.894e-27,1.945e-32,3.897e-18,,,1.650e-18,3.911e-21,,1.832e-15,5.585e-20,1.130e-6,9.508e-18,1.098e-7,6.692e-12,2.063e-20,2.814e-25,,3.595e-18,7.910e-19,4.026e-32,2.129e+0,,7.152e-26,2.216e-8,,2.782e-19,1.727e-20,3.779e-17,1.228e-1,7.178e-11,1.701e-19,1.292e-22,3.216e-1,1.256e+1,4.738e-1,3.673e-17,7.956e-1,1.066e-17,1.664e-11,,6.469e+0,,,4.429e-1,,,1.687e-19,,1.597e-18,,5.764e-19,,1.832e-2,,,,1.377e-1,2.672e-16
572.56,2.377e+1,3.776e-20,2.590e-27,1.372e-32,2.507e-18,,,1.650e-18,3.912e-21,,1.832e-15,5.597e-20,1.093e-6,9.508e-18,8.769e-8,7.856e-12,2.062e-20,2.816e-25,,3.600e-18,7.914e-19,2.799e-32,1.991e+0,,7.160e-26,1.686e-8,,2.782e-19,1.727e-20,5.821e-17,1.243e-1,7.150e-11,1.701e-19,1.291e-22,3.445e-1,1.307e+1,4.630e-1,3.674e-17,7.374e-1,1.066e-17,2.372e-11,,6.394e+0,,,4.723e-1,,,1.688e-19,,1.597e-18,,5.764e-19,,1.635e-2,,,,1.565e-1,2.672e-16
572.59,2.422e+1,3.773e-20,2.134e-27,8.091e-33,2.625e-18,,,1.650e-18,3.914e-21,,1.832e-15,5.615e-20,1.036e-6,9.508e-18,6.233e-8,9.968e-12,2.062e-20,2.819e-25,,3.609e-18,7.920e-19,1.616e-32,1.799e+0,,7.171e-26,1.115e-8,,2.784e-19,1.728e-20,1.108e-16,1.262e-1,7.123e-11,1.701e-19,1.290e-22,3.813e-1,1.381e+1,4.511e-1,3.677e-17,6.550e-1,1.065e-17,4.019e-11,,6.279e+0,,,5.183e-1,,,1.690e-19,,1.597e-18,,5.763e-19,,1.373e-2,,,,1.888e-1,2.672e-16
572.61,2.452e+1,3.770e-20,1.830e-27,5.674e-33,2.704e-18,,,1.650e-18,3.915e-21,,1.831e-15,5.627e-20,9.972e-7,9.507e-18,4.951e-8,1.166e-11,2.061e-20,2.822e-25,,3.614e-18,7.923e-19,1.117e-32,1.680e+0,,7.178e-26,8.436e-9,,2.785e-19,1.728e-20,1.697e-16,1.271e-1,7.116e-11,1.701e-19,1.290e-22,4.074e-1,1.428e+1,4.461e-1,3.678e-17,6.035e-1,1.065e-17,5.697e-11,,6.200e+0,,,5.500e-1,,,1.691e-19,,1.597e-18,,5.763e-19,,1.218e-2,,,,2.133e-1,2.672e-16
572.64,2.497e+1,3.767e-20,1.374e-27,3.317e-33,2.822e-18,,,1.650e-18,3.917e-21,,1.831e-15,5.645e-20,9.371e-7,9.507e-18,3.489e-8,1.470e-11,2.061e-20,2.825e-25,,3.622e-18,7.929e-19,6.391e-33,1.517e+0,,7.190e-26,5.528e-9,,2.786e-19,1.728e-20,3.202e-16,1.279e-1,7.126e-11,1.702e-19,1.289e-22,4.486e-1,1.496e+1,4.432e-1,3.680e-17,5.314e-1,1.065e-17,9.570e-11,,6.077e+0,,,5.989e-1,,,1.693e-19,,1.597e-18,,5.762e-19,,1.014e-2,,,,2.551e-1,2.673e-16
572.66,2.526e+1,3.764e-20,1.070e-27,2.312e-33,2.901e-18,,,1.650e-18,3.918e-21,,1.831e-15,5.657e-20,8.964e-7,9.507e-18,2.755e-8,1.712e-11,2.060e-20,2.827e-25,,3.628e-18,7.932e-19,4.392e-33,1.418e+0,,7.197e-26,4.158e-9,,2.787e-19,1.728e-20,4.876e-16,1.280e-1,7.148e-11,1.702e-19,1.289e-22,4.774e-1,1.538e+1,4.446e-1,3.682e-17,4.868e-1,1.064e-17,1.348e-10,,5.992e+0,,,6.324e-1,,,1.694e-19,,1.598e-18,,5.761e-19,,8.947e-3,,,,2.865e-1,2.673e-16
572.68,2.554e+1,3.762e-20,7.663e-28,1.608e-33,2.979e-18,,,1.650e-18,3.920e-21,,1.830e-15,5.669e-20,8.555e-7,9.507e-18,2.170e-8,1.989e-11,2.060e-20,2.829e-25,,3.633e-18,7.936e-19,3.011e-33,1.327e+0,,7.205e-26,3.120e-9,,2.788e-19,1.728e-20,7.408e-16,1.279e-1,7.184e-11,1.702e-19,1.288e-22,5.072e-1,1.578e+1,4.487e-1,3.683e-17,4.448e-1,1.064e-17,1.896e-10,,5.903e+0,,,6.665e-1,,,1.696e-19,,1.598e-18,,5.761e-19,,7.874e-3,,,,3.211e-1,2.673e-16
572.71,2.593e+1,3.758e-20,3.104e-28,9.284e-34,3.097e-18,,,1.650e-18,3.921e-21,,1.830e-15,5.687e-20,7.941e-7,9.507e-18,1.510e-8,2.481e-11,2.059e-20,2.832e-25,,3.642e-18,7.942e-19,1.701e-33,1.205e+0,,7.216e-26,2.020e-9,,2.789e-19,1.729e-20,1.381e-15,1.271e-1,7.263e-11,1.702e-19,1.287e-22,5.533e-1,1.633e+1,4.602e-1,3.685e-17,3.869e-1,1.063e-17,3.146e-10,,5.764e+0,,,7.185e-1,,,1.697e-19,,1.598e-18,,5.760e-19,,6.474e-3,,,,3.793e-1,2.674e-16
572.73,2.618e+1,3.756e-20,6.477e-30,6.418e-34,3.176e-18,,,1.650e-18,3.923e-21,,1.830e-15,5.699e-20,7.534e-7,9.507e-18,1.183e-8,2.867e-11,2.059e-20,2.834e-25,,3.647e-18,7.945e-19,1.160e-33,1.135e+0,,7.223e-26,1.507e-9,,2.790e-19,1.729e-20,2.086e-15,1.262e-1,7.335e-11,1.702e-19,1.287e-22,5.849e-1,1.666e+1,4.715e-1,3.687e-17,3.515e-1,1.063e-17,4.398e-10,,5.667e+0,,,7.537e-1,,,1.699e-19,,1.598e-18,,5.760e-19,,5.665e-3,,,,4.226e-1,2.674e-16
572.76,2.651e+1,3.752e-20,1.247e-29,3.673e-34,3.294e-18,,,1.650e-18,3.924e-21,,1.829e-15,5.717e-20,6.932e-7,9.506e-18,8.161e-9,3.547e-11,2.058e-20,2.837e-25,,3.655e-18,7.951e-19,6.495e-34,1.045e+0,,7.235e-26,9.666e-10,,2.791e-19,1.729e-20,3.856e-15,1.243e-1,7.472e-11,1.702e-19,1.286e-22,6.333e-1,1.709e+1,4.942e-1,3.689e-17,3.031e-1,1.062e-17,7.236e-10,,5.513e+0,,,8.071e-1,,,1.701e-19,,1.598e-18,,5.759e-19,,4.616e-3,,,,4.949e-1,2.674e-16
572.78,2.670e+1,3.750e-20,1.925e-29,2.525e-34,3.373e-18,,,1.650e-18,3.926e-21,,1.829e-15,5.729e-20,6.539e-7,9.506e-18,6.353e-9,4.077e-11,2.058e-20,2.840e-25,,3.661e-18,7.954e-19,4.401e-34,9.963e-1,,7.242e-26,7.169e-10,,2.792e-19,1.729e-20,5.790e-15,1.228e-1,7.583e-11,1.703e-19,1.285e-22,6.660e-1,1.733e+1,5.132e-1,3.691e-17,2.738e-1,1.062e-17,1.006e-9,,5.407e+0,,,8.429e-1,,,1.702e-19,,1.598e-18,,5.758e-19,,4.016e-3,,,,5.482e-1,2.674e-16
572.81,2.695e+1,3.746e-20,3.675e-29,1.432e-34,3.491e-18,,,1.650e-18,3.927e-21,,1.829e-15,5.747e-20,5.964e-7,9.506e-18,4.345e-9,5.001e-11,2.057e-20,2.843e-25,,3.669e-18,7.960e-19,2.443e-34,9.392e-1,,7.253e-26,4.559e-10,,2.793e-19,1.729e-20,1.061e-14,1.199e-1,7.779e-11,1.703e-19,1.285e-22,7.153e-1,1.762e+1,5.478e-1,3.693e-17,2.340e-1,1.061e-17,1.640e-9,,5.239e+0,,,8.969e-1,,,1.704e-19,,1.598e-18,,5.758e-19,,3.244e-3,,,,6.363e-1,2.675e-16
572.83,2.709e+1,3.744e-20,5.639e-29,9.784e-35,3.569e-18,,,1.650e-18,3.929e-21,,1.828e-15,5.759e-20,5.593e-7,9.506e-18,3.363e-9,5.715e-11,2.057e-20,2.845e-25,,3.675e-18,7.964e-19,1.646e-34,9.125e-1,,7.261e-26,3.361e-10,,2.794e-19,1.729e-20,1.584e-14,1.177e-1,7.929e-11,1.703e-19,1.284e-22,7.482e-1,1.776e+1,5.750e-1,3.694e-17,2.101e-1,1.061e-17,2.266e-9,,5.124e+0,,,9.330e-1,,,1.705e-19,,1.599e-18,,5.757e-19,,2.806e-3,,,,7.008e-1,2.675e-16
572.86,2.724e+1,3.740e-20,1.067e-28,5.502e-35,3.687e-18,,,1.650e-18,3.930e-21,,1.828e-15,5.777e-20,5.057e-7,9.506e-18,2.280e-9,6.952e-11,2.056e-20,2.848e-25,,3.683e-18,7.969e-19,9.056e-35,8.896e-1,,7.272e-26,2.119e-10,,2.795e-19,1.730e-20,2.878e-14,1.139e-1,8.182e-11,1.703e-19,1.283e-22,7.969e-1,1.790e+1,6.220e-1,3.696e-17,1.780e-1,1.061e-17,3.665e-9,,4.945e+0,,,9.871e-1,,,1.707e-19,,1.599e-18,,5.756e-19,,2.247e-3,,,,8.064e-1,2.675e-16
572.88,2.732e+1,3.738e-20,1.628e-28,3.737e-35,3.766e-18,,,1.650e-18,3.932e-21,,1.828e-15,5.789e-20,4.715e-7,9.506e-18,1.754e-9,7.898e-11,2.055e-20,2.850e-25,,3.688e-18,7.973e-19,6.064e-35,8.862e-1,,7.279e-26,1.553e-10,,2.796e-19,1.730e-20,4.273e-14,1.112e-1,8.369e-11,1.703e-19,1.283e-22,8.288e-1,1.794e+1,6.577e-1,3.698e-17,1.589e-1,1.060e-17,5.035e-9,,4.823e+0,,,1.023e+0,,,1.708e-19,,1.599e-18,,5.756e-19,,1.932e-3,,,,8.830e-1,2.676e-16
572.91,2.738e+1,3.734e-20,3.055e-28,2.083e-35,3.884e-18,,,1.649e-18,3.933e-21,,1.827e-15,5.807e-20,4.226e-7,9.505e-18,1.179e-9,9.524e-11,2.055e-20,2.853e-25,,3.697e-18,7.978e-19,3.308e-35,8.995e-1,,7.291e-26,9.703e-11,,2.798e-19,1.730e-20,7.696e-14,1.067e-1,8.674e-11,1.704e-19,1.282e-22,8.754e-1,1.793e+1,7.177e-1,3.700e-17,1.335e-1,1.060e-17,8.071e-9,,4.636e+0,,,1.077e+0,,,1.710e-19,,1.599e-18,,5.755e-19,,1.533e-3,,,,1.007e+0,2.676e-16
572.93,2.740e+1,3.732e-20,4.634e-28,1.406e-35,3.963e-18,,,1.649e-18,3.935e-21,,1.827e-15,5.819e-20,3.917e-7,9.505e-18,9.018e-10,1.076e-10,2.054e-20,2.855e-25,,3.702e-18,7.982e-19,2.202e-35,9.209e-1,,7.298e-26,7.070e-11,,2.798e-19,1.730e-20,1.136e-13,1.035e-1,8.892e-11,1.704e-19,1.282e-22,9.053e-1,1.787e+1,7.622e-1,3.702e-17,1.184e-1,1.059e-17,1.102e-8,,4.510e+0,,,1.112e+0,,,1.711e-19,,1.599e-18,,5.755e-19,,1.311e-3,,,,1.096e+0,2.676e-16
572.96,2.738e+1,3.728e-20,8.620e-28,7.768e-36,4.081e-18,,,1.649e-18,3.936e-21,,1.826e-15,5.837e-20,3.480e-7,9.505e-18,6.007e-10,1.286e-10,2.054e-20,2.859e-25,,3.710e-18,7.988e-19,1.190e-35,9.726e-1,,7.309e-26,4.378e-11,,2.800e-19,1.731e-20,2.028e-13,9.846e-2,9.238e-11,1.704e-19,1.281e-22,9.479e-1,1.769e+1,8.356e-1,3.704e-17,9.860e-2,1.059e-17,1.752e-8,,4.322e+0,,,1.165e+0,,,1.713e-19,,1.599e-18,,5.754e-19,,1.031e-3,,,,1.240e+0,2.676e-16
572.98,2.734e+1,3.726e-20,1.300e-27,5.215e-36,4.160e-18,,,1.649e-18,3.938e-21,,1.826e-15,5.849e-20,3.206e-7,9.505e-18,4.568e-10,1.445e-10,2.053e-20,2.861e-25,,3.716e-18,7.991e-19,7.877e-36,1.020e+0,,7.317e-26,3.172e-11,,2.801e-19,1.731e-20,2.977e-13,9.497e-2,9.479e-11,1.704e-19,1.280e-22,9.747e-1,1.753e+1,8.891e-1,3.705e-17,8.700e-2,1.058e-17,2.379e-8,,4.197e+0,,,1.201e+0,,,1.715e-19,,1.600e-18,,5.753e-19,,8.762e-4,,,,1.342e+0,2.677e-16
573.01,2.725e+1,3.722e-20,2.398e-27,2.855e-36,4.278e-18,,,1.649e-18,3.939e-21,,1.826e-15,5.867e-20,2.824e-7,9.505e-18,3.016e-10,1.712e-10,2.053e-20,2.864e-25,,3.724e-18,7.997e-19,4.221e-36,1.113e+0,,7.328e-26,1.947e-11,,2.802e-19,1.731e-20,5.269e-13,8.956e-2,9.852e-11,1.704e-19,1.279e-22,1.012e+0,1.721e+1,9.763e-1,3.708e-17,7.179e-2,1.058e-17,3.749e-8,,4.013e+0,,,1.253e+0,,,1.717e-19,,1.600e-18,,5.752e-19,,6.834e-4,,,,1.504e+0,2.677e-16
573.03,2.717e+1,3.720e-20,3.595e-27,1.905e-36,4.356e-18,,,1.649e-18,3.941e-21,,1.825e-15,5.879e-20,2.587e-7,9.505e-18,2.280e-10,1.912e-10,2.052e-20,2.866e-25,,3.729e-18,8.000e-19,2.777e-36,1.190e+0,,7.336e-26,1.402e-11,,2.803e-19,1.731e-20,7.688e-13,8.588e-2,1.011e-10,1.704e-19,1.279e-22,1.034e+0,1.695e+1,1.039e+0,3.709e-17,6.298e-2,1.058e-17,5.062e-8,,3.894e+0,,,1.288e+0,,,1.718e-19,,1.600e-18,,5.752e-19,,5.773e-4,,,,1.619e+0,2.677e-16
573.05,2.707e+1,3.717e-20,5.379e-27,1.268e-36,4.435e-18,,,1.649e-18,3.942e-21,,1.825e-15,5.891e-20,2.364e-7,9.505e-18,1.720e-10,2.130e-10,2.052e-20,2.868e-25,,3.735e-18,8.004e-19,1.822e-36,1.278e+0,,7.343e-26,1.007e-11,,2.804e-19,1.731e-20,1.119e-12,8.215e-2,1.036e-10,1.704e-19,1.278e-22,1.055e+0,1.666e+1,1.106e+0,3.711e-17,5.512e-2,1.057e-17,6.818e-8,,3.779e+0,,,1.323e+0,,,1.719e-19,,1.600e-18,,5.751e-19,,4.866e-4,,,,1.738e+0,2.677e-16
573.08,2.692e+1,3.714e-20,9.801e-27,6.860e-37,4.553e-18,,,1.649e-18,3.944e-21,,1.825e-15,5.909e-20,2.057e-7,9.504e-18,1.122e-10,2.493e-10,2.051e-20,2.871e-25,,3.743e-18,8.010e-19,9.646e-37,1.434e+0,,7.354e-26,6.108e-12,,2.805e-19,1.731e-20,1.957e-12,7.653e-2,1.075e-10,1.705e-19,1.278e-22,1.082e+0,1.616e+1,1.213e+0,3.713e-17,4.493e-2,1.057e-17,1.061e-7,,3.615e+0,,,1.376e+0,,,1.721e-19,,1.600e-18,,5.751e-19,,3.749e-4,,,,1.924e+0,2.678e-16
573.1,2.681e+1,3.711e-20,1.458e-26,4.540e-37,4.632e-18,,,1.649e-18,3.945e-21,,1.824e-15,5.921e-20,1.869e-7,9.504e-18,8.412e-11,2.762e-10,2.051e-20,2.873e-25,,3.749e-18,8.013e-19,6.293e-37,1.553e+0,,7.362e-26,4.363e-12,,2.806e-19,1.732e-20,2.833e-12,7.279e-2,1.100e-10,1.705e-19,1.277e-22,1.097e+0,1.578e+1,1.289e+0,3.714e-17,3.909e-2,1.056e-17,1.421e-7,,3.513e+0,,,1.411e+0,,,1.722e-19,,1.600e-18,,5.750e-19,,3.141e-4,,,,2.054e+0,2.678e-16
573.13,2.665e+1,3.708e-20,2.633e-26,2.434e-37,4.750e-18,,,1.649e-18,3.947e-21,,1.824e-15,5.938e-20,1.612e-7,9.504e-18,5.438e-11,3.205e-10,2.050e-20,2.877e-25,,3.757e-18,8.019e-19,3.301e-37,1.757e+0,,7.373e-26,2.622e-12,,2.807e-19,1.732e-20,4.913e-12,6.721e-2,1.137e-10,1.705e-19,1.276e-22,1.115e+0,1.517e+1,1.411e+0,7.146e-17,3.158e-2,1.056e-17,2.194e-7,,3.373e+0,,,1.464e+0,,,1.724e-19,,1.601e-18,,5.749e-19,,2.399e-4,,,,2.254e+0,2.678e-16
573.15,2.654e+1,3.705e-20,3.895e-26,1.601e-37,4.829e-18,,,1.649e-18,3.948e-21,,1.824e-15,5.950e-20,1.456e-7,9.504e-18,4.054e-11,3.529e-10,2.050e-20,2.879e-25,,3.762e-18,8.023e-19,2.141e-37,1.910e+0,,7.381e-26,1.862e-12,,2.808e-19,1.732e-20,7.070e-12,6.355e-2,1.161e-10,1.705e-19,1.276e-22,1.125e+0,1.474e+1,1.497e+0,1.102e-16,2.732e-2,1.055e-17,2.921e-7,,3.290e+0,,,1.500e+0,,,1.725e-19,,1.601e-18,,5.749e-19,,1.998e-4,,,,2.392e+0,2.679e-16
573.18,2.640e+1,3.702e-20,6.975e-26,8.508e-38,4.947e-18,,,1.649e-18,3.950e-21,,1.823e-15,5.968e-20,1.245e-7,9.504e-18,2.598e-11,4.061e-10,2.049e-20,2.882e-25,,3.771e-18,8.028e-19,1.114e-37,2.166e+0,,7.392e-26,1.109e-12,,2.809e-19,1.732e-20,1.215e-11,5.818e-2,1.195e-10,1.705e-19,1.275e-22,1.133e+0,1.405e+1,1.634e+0,2.102e-16,2.188e-2,1.055e-17,4.469e-7,,3.182e+0,,,1.555e+0,,,1.727e-19,,1.601e-18,,5.748e-19,,1.513e-4,,,,2.603e+0,2.679e-16
573.2,2.632e+1,3.699e-20,1.026e-25,5.565e-38,5.025e-18,,,1.649e-18,3.951e-21,,1.823e-15,5.980e-20,1.118e-7,9.504e-18,1.925e-11,4.446e-10,2.049e-20,2.884e-25,,3.776e-18,8.032e-19,7.179e-38,2.353e+0,,7.399e-26,7.829e-13,,2.810e-19,1.732e-20,1.739e-11,5.469e-2,1.217e-10,1.706e-19,1.274e-22,1.136e+0,1.356e+1,1.730e+0,3.224e-16,1.882e-2,1.054e-17,5.916e-7,,3.122e+0,,,1.592e+0,,,1.729e-19,,1.601e-18,,5.748e-19,,1.253e-4,,,,2.746e+0,2.679e-16
573.23,2.622e+1,3.696e-20,1.821e-25,2.931e-38,5.143e-18,,,1.649e-18,3.953e-21,,1.822e-15,5.998e-20,9.473e-8,9.503e-18,1.223e-11,5.071e-10,2.048e-20,2.887e-25,,3.784e-18,8.037e-19,3.701e-38,2.661e+0,,7.411e-26,4.623e-13,,2.811e-19,1.733e-20,2.963e-11,4.963e-2,1.246e-10,1.706e-19,1.274e-22,1.135e+0,1.282e+1,1.882e+0,6.097e-16,1.494e-2,1.054e-17,8.974e-7,,3.054e+0,,,1.649e+0,,,1.731e-19,,1.601e-18,,5.747e-19,,9.400e-5,,,,2.963e+0,2.679e-16
573.25,2.618e+1,3.693e-20,2.662e-25,1.906e-38,5.222e-18,,,1.649e-18,3.954e-21,,1.822e-15,6.010e-20,8.458e-8,9.503e-18,9.009e-12,5.519e-10,2.048e-20,2.889e-25,,3.790e-18,8.041e-19,3.924e-38,2.885e+0,,7.418e-26,3.244e-13,,2.812e-19,1.733e-20,4.216e-11,4.638e-2,1.264e-10,1.706e-19,1.273e-22,1.131e+0,1.230e+1,1.989e+0,9.298e-16,1.277e-2,1.054e-17,1.181e-6,,3.022e+0,,,1.688e+0,,,1.732e-19,,1.601e-18,,5.746e-19,,7.739e-5,,,,3.107e+0,2.680e-16
573.28,2.617e+1,3.689e-20,4.686e-25,9.948e-39,5.340e-18,,,1.649e-18,3.956e-21,,1.822e-15,6.028e-20,7.105e-8,9.503e-18,5.672e-12,6.240e-10,2.047e-20,2.893e-25,,3.798e-18,8.046e-19,4.259e-38,3.246e+0,,7.429e-26,1.899e-13,,2.813e-19,1.733e-20,7.122e-11,4.172e-2,1.287e-10,1.706e-19,1.272e-22,1.120e+0,1.152e+1,2.158e+0,1.743e-15,1.005e-2,1.053e-17,1.776e-6,,2.999e+0,,,1.748e+0,,,1.734e-19,,1.602e-18,,5.746e-19,,5.756e-5,,,,3.323e+0,2.680e-16
573.3,2.619e+1,3.687e-20,6.813e-25,6.430e-39,5.419e-18,,,1.649e-18,3.957e-21,,1.821e-15,6.040e-20,6.306e-8,9.503e-18,4.154e-12,6.753e-10,2.047e-20,2.895e-25,,3.804e-18,8.050e-19,4.482e-38,3.504e+0,,7.437e-26,1.325e-13,,2.814e-19,1.733e-20,1.007e-10,3.876e-2,1.300e-10,1.706e-19,1.272e-22,1.110e+0,1.100e+1,2.276e+0,2.643e-15,8.543e-3,1.053e-17,2.324e-6,,2.999e+0,,,1.789e+0,,,1.735e-19,,1.602e-18,,5.745e-19,,4.712e-5,,,,3.465e+0,2.680e-16
573.33,2.627e+1,3.683e-20,1.189e-24,3.327e-39,5.537e-18,,,1.648e-18,3.959e-21,,1.821e-15,6.058e-20,5.251e-8,9.503e-18,2.593e-12,7.569e-10,2.046e-20,2.898e-25,,3.812e-18,8.056e-19,4.818e-38,3.918e+0,,7.448e-26,7.685e-14,,2.816e-19,1.733e-20,1.687e-10,3.457e-2,1.317e-10,1.706e-19,1.271e-22,1.090e+0,1.021e+1,2.462e+0,4.912e-15,6.665e-3,1.052e-17,3.465e-6,,3.025e+0,,,1.851e+0,,,1.737e-19,,1.602e-18,,5.744e-19,,3.474e-5,,,,3.674e+0,2.681e-16
573.35,2.636e+1,3.681e-20,1.718e-24,2.138e-39,5.616e-18,,,1.648e-18,3.960e-21,,1.821e-15,6.070e-20,4.634e-8,9.503e-18,1.888e-12,8.144e-10,2.045e-20,2.900e-25,,3.817e-18,8.059e-19,5.041e-38,4.210e+0,,7.456e-26,5.330e-14,,2.816e-19,1.734e-20,2.373e-10,3.193e-2,1.326e-10,1.707e-19,1.270e-22,1.073e+0,9.688e+0,2.592e+0,7.405e-15,5.632e-3,1.052e-17,4.509e-6,,3.059e+0,,,1.894e+0,,,1.738e-19,,1.602e-18,,5.744e-19,,2.827e-5,,,,3.808e+0,2.681e-16
573.38,2.656e+1,3.677e-20,2.973e-24,2.126e-39,5.734e-18,,,1.648e-18,3.961e-21,,1.820e-15,6.088e-20,3.825e-8,9.502e-18,1.168e-12,9.049e-10,2.045e-20,2.903e-25,,3.826e-18,8.065e-19,5.376e-38,4.671e+0,,7.467e-26,3.065e-14,,2.818e-19,1.734e-20,3.940e-10,2.822e-2,1.335e-10,1.707e-19,1.270e-22,1.045e+0,8.915e+0,2.795e+0,1.365e-14,4.355e-3,1.051e-17,6.663e-6,,3.137e+0,,,1.960e+0,,,1.740e-19,,1.602e-18,,5.743e-19,,2.066e-5,,,,4.003e+0,2.681e-16
573.4,2.673e+1,3.675e-20,4.272e-24,2.118e-39,5.812e-18,,,1.648e-18,3.963e-21,,1.820e-15,6.100e-20,3.356e-8,9.502e-18,8.454e-13,9.679e-10,2.044e-20,2.905e-25,,3.831e-18,8.069e-19,5.600e-38,4.993e+0,,7.474e-26,2.113e-14,,2.819e-19,1.734e-20,5.510e-10,2.592e-2,1.338e-10,1.707e-19,1.269e-22,1.023e+0,8.411e+0,2.937e+0,2.045e-14,3.659e-3,1.051e-17,8.620e-6,,3.206e+0,,,2.005e+0,,,1.741e-19,,1.602e-18,,5.743e-19,,1.671e-5,,,,4.125e+0,2.681e-16
573.42,2.693e+1,3.673e-20,6.125e-24,2.111e-39,5.891e-18,,,1.648e-18,3.964e-21,,1.820e-15,6.112e-20,2.937e-8,9.502e-18,6.105e-13,1.033e-9,2.044e-20,2.907e-25,,3.837e-18,8.072e-19,5.823e-38,5.326e+0,,7.482e-26,1.454e-14,,2.819e-19,1.734e-20,7.686e-10,2.375e-2,1.340e-10,1.707e-19,1.269e-22,9.994e-1,7.916e+0,3.084e+0,3.058e-14,3.066e-3,1.051e-17,1.113e-5,,3.289e+0,,,2.051e+0,,,1.743e-19,,1.602e-18,,5.742e-19,,1.349e-5,,,,4.242e+0,2.682e-16
573.45,2.730e+1,3.669e-20,1.047e-23,2.099e-39,6.009e-18,,,1.648e-18,3.966e-21,,1.819e-15,6.130e-20,2.395e-8,9.502e-18,3.731e-13,1.134e-9,2.043e-20,2.910e-25,,3.845e-18,8.078e-19,6.158e-38,5.843e+0,,7.493e-26,8.256e-15,,2.821e-19,1.734e-20,1.261e-9,2.074e-2,1.340e-10,1.707e-19,1.268e-22,9.609e-1,7.196e+0,3.313e+0,5.568e-14,2.342e-3,1.050e-17,1.624e-5,,3.440e+0,,,2.120e+0,,,1.745e-19,,1.603e-18,,5.741e-19,,9.738e-6,,,,4.404e+0,2.682e-16
573.47,2.758e+1,3.667e-20,1.492e-23,2.091e-39,6.088e-18,,,1.648e-18,3.967e-21,,1.819e-15,6.142e-20,2.084e-8,9.502e-18,2.678e-13,1.203e-9,2.043e-20,2.913e-25,,3.850e-18,8.081e-19,6.381e-38,6.199e+0,,7.500e-26,5.646e-15,,2.822e-19,1.735e-20,1.749e-9,1.889e-2,1.337e-10,1.707e-19,1.267e-22,9.333e-1,6.734e+0,3.472e+0,8.278e-14,1.952e-3,1.050e-17,2.084e-5,,3.557e+0,,,2.166e+0,,,1.746e-19,,1.603e-18,,5.741e-19,,7.814e-6,,,,4.503e+0,2.682e-16
573.5,2.807e+1,3.663e-20,2.529e-23,2.079e-39,6.206e-18,,,1.648e-18,3.969e-21,,1.819e-15,6.160e-20,1.684e-8,9.502e-18,1.622e-13,1.309e-9,2.042e-20,2.916e-25,,3.859e-18,8.087e-19,6.717e-38,6.744e+0,,7.512e-26,3.178e-15,,2.823e-19,1.735e-20,2.845e-9,1.635e-2,1.330e-10,1.708e-19,1.266e-22,8.896e-1,6.068e+0,3.720e+0,1.494e-13,1.478e-3,1.049e-17,3.017e-5,,3.757e+0,,,2.236e+0,,,1.748e-19,,1.603e-18,,5.740e-19,,5.591e-6,,,,4.634e+0,2.683e-16
573.52,2.842e+1,3.661e-20,3.584e-23,2.071e-39,6.285e-18,,,1.648e-18,3.970e-21,,1.818e-15,6.172e-20,1.457e-8,9.502e-18,1.158e-13,1.381e-9,2.042e-20,2.918e-25,,3.864e-18,8.091e-19,6.940e-38,7.114e+0,,7.519e-26,2.161e-15,,2.824e-19,1.735e-20,3.923e-9,1.481e-2,1.323e-10,1.708e-19,1.266e-22,8.590e-1,5.645e+0,3.891e+0,2.209e-13,1.224e-3,1.049e-17,3.849e-5,,3.905e+0,,,2.282e+0,,,1.749e-19,,1.603e-18,,5.740e-19,,4.460e-6,,,,4.710e+0,2.683e-16
573.55,2.901e+1,3.657e-20,6.022e-23,2.060e-39,6.403e-18,,,1.648e-18,3.972e-21,,1.818e-15,6.190e-20,1.168e-8,9.501e-18,6.951e-14,1.490e-9,2.041e-20,2.921e-25,,3.872e-18,8.096e-19,7.275e-38,7.674e+0,,7.530e-26,1.206e-15,,2.825e-19,1.735e-20,6.326e-9,1.270e-2,1.311e-10,1.708e-19,1.265e-22,8.116e-1,5.043e+0,4.157e+0,3.953e-13,9.188e-4,1.048e-17,5.524e-5,,4.149e+0,,,2.351e+0,,,1.751e-19,,1.603e-18,,5.739e-19,,3.164e-6,,,,4.805e+0,2.683e-16
573.57,2.942e+1,3.654e-20,8.485e-23,2.052e-39,6.481e-18,,,1.648e-18,3.973e-21,,1.818e-15,6.202e-20,1.004e-8,9.501e-18,4.933e-14,1.562e-9,2.041e-20,2.923e-25,,3.878e-18,8.100e-19,7.498e-38,8.049e+0,,7.538e-26,8.149e-16,,2.826e-19,1.735e-20,8.674e-9,1.144e-2,1.302e-10,1.708e-19,1.265e-22,7.792e-1,4.664e+0,4.341e+0,5.809e-13,7.567e-4,1.048e-17,7.007e-5,,4.324e+0,,,2.395e+0,,,1.752e-19,,1.603e-18,,5.738e-19,,2.509e-6,,,,4.856e+0,2.683e-16
573.6,3.008e+1,3.651e-20,1.413e-22,2.040e-39,6.599e-18,,,1.648e-18,3.975e-21,,1.817e-15,6.220e-20,7.975e-9,9.501e-18,2.935e-14,1.671e-9,2.040e-20,2.926e-25,,3.886e-18,8.105e-19,7.834e-38,8.609e+0,,7.549e-26,4.508e-16,,2.827e-19,1.736e-20,1.387e-8,9.728e-3,1.286e-10,1.708e-19,1.264e-22,7.298e-1,4.131e+0,4.624e+0,1.031e-12,5.630e-4,1.047e-17,9.968e-5,,4.604e+0,,,2.460e+0,,,1.754e-19,,1.604e-18,,5.738e-19,,1.764e-6,,,,4.911e+0,2.684e-16
573.62,3.054e+1,3.648e-20,1.980e-22,2.032e-39,6.678e-18,,,1.648e-18,3.976e-21,,1.817e-15,6.232e-20,6.820e-9,9.501e-18,2.071e-14,1.742e-9,2.040e-20,2.928e-25,,3.892e-18,8.109e-19,8.057e-38,8.978e+0,,7.557e-26,3.029e-16,,2.828e-19,1.736e-20,1.890e-8,8.707e-3,1.275e-10,1.708e-19,1.263e-22,6.966e-1,3.798e+0,4.819e+0,1.506e-12,4.609e-4,1.047e-17,1.257e-4,,4.801e+0,,,2.501e+0,,,1.755e-19,,1.604e-18,,5.737e-19,,1.391e-6,,,,4.934e+0,2.684e-16
573.65,3.124e+1,3.645e-20,3.270e-22,2.020e-39,6.796e-18,,,1.648e-18,3.978e-21,,1.816e-15,6.250e-20,5.369e-9,9.501e-18,1.221e-14,1.847e-9,2.039e-20,2.932e-25,,3.900e-18,8.114e-19,8.392e-38,9.520e+0,,7.568e-26,1.661e-16,,2.829e-19,1.736e-20,2.996e-8,7.341e-3,1.258e-10,1.709e-19,1.263e-22,6.468e-1,3.334e+0,5.118e+0,2.649e-12,3.399e-4,1.046e-17,1.773e-4,,5.108e+0,,,2.559e+0,,,1.757e-19,,1.604e-18,,5.736e-19,,9.696e-7,,,,4.947e+0,2.684e-16
573.67,3.172e+1,3.642e-20,4.555e-22,2.012e-39,6.875e-18,,,1.648e-18,3.979e-21,,1.816e-15,6.262e-20,4.564e-9,9.501e-18,8.566e-15,1.914e-9,2.039e-20,2.934e-25,,3.905e-18,8.118e-19,8.615e-38,9.871e+0,,7.575e-26,1.109e-16,,2.830e-19,1.736e-20,4.061e-8,6.533e-3,1.247e-10,1.709e-19,1.262e-22,6.137e-1,3.048e+0,5.322e+0,3.849e-12,2.767e-4,1.046e-17,2.223e-4,,5.318e+0,,,2.595e+0,,,1.759e-19,,1.604e-18,,5.736e-19,,7.600e-7,,,,4.941e+0,2.684e-16
573.7,3.243e+1,3.639e-20,7.457e-22,2.001e-39,6.993e-18,,,1.648e-18,3.981e-21,,1.816e-15,6.280e-20,3.562e-9,9.500e-18,5.008e-15,2.012e-9,2.038e-20,2.937e-25,,3.914e-18,8.124e-19,8.951e-38,1.038e+1,,7.587e-26,6.028e-17,,2.831e-19,1.736e-20,6.380e-8,5.460e-3,1.230e-10,1.709e-19,1.261e-22,5.649e-1,2.652e+0,5.635e+0,6.713e-12,2.023e-4,1.045e-17,3.109e-4,,5.640e+0,,,2.643e+0,,,1.760e-19,,1.604e-18,,5.735e-19,,5.252e-7,,,,4.911e+0,2.685e-16
573.72,3.290e+1,3.636e-20,1.033e-21,1.993e-39,7.072e-18,,,1.648e-18,3.982e-21,,1.815e-15,6.292e-20,3.010e-9,9.500e-18,3.492e-15,2.074e-9,2.038e-20,2.939e-25,,3.919e-18,8.127e-19,9.174e-38,1.070e+1,,7.594e-26,4.002e-17,,2.832e-19,1.737e-20,8.599e-8,4.831e-3,1.219e-10,1.709e-19,1.261e-22,5.329e-1,2.411e+0,5.846e+0,9.697e-12,1.637e-4,1.045e-17,3.876e-4,,5.857e+0,,,2.672e+0,,,1.762e-19,,1.604e-18,,5.735e-19,,4.094e-7,,,,4.877e+0,2.685e-16
573.75,3.358e+1,3.633e-20,1.676e-21,1.981e-39,7.190e-18,,,1.647e-18,3.984e-21,,1.815e-15,6.310e-20,2.329e-9,9.500e-18,2.024e-15,2.160e-9,2.037e-20,2.942e-25,,3.927e-18,8.133e-19,9.509e-38,1.115e+1,,7.605e-26,2.156e-17,,2.834e-19,1.737e-20,1.339e-7,4.002e-3,1.204e-10,1.709e-19,1.260e-22,4.862e-1,2.079e+0,6.168e+0,1.677e-11,1.186e-4,1.045e-17,5.372e-4,,6.181e+0,,,2.708e+0,,,1.764e-19,,1.605e-18,,5.734e-19,,2.807e-7,,,,4.805e+0,2.685e-16
573.77,3.402e+1,3.630e-20,2.308e-21,1.973e-39,7.268e-18,,,1.647e-18,3.985e-21,,1.815e-15,6.322e-20,1.957e-9,9.500e-18,1.403e-15,2.214e-9,2.037e-20,2.944e-25,,3.933e-18,8.137e-19,9.733e-38,1.143e+1,,7.613e-26,1.423e-17,,2.834e-19,1.737e-20,1.795e-7,3.520e-3,1.195e-10,1.709e-19,1.259e-22,4.561e-1,1.879e+0,6.383e+0,2.408e-11,9.544e-5,1.044e-17,6.659e-4,,6.395e+0,,,2.727e+0,,,1.765e-19,,1.605e-18,,5.733e-19,,2.177e-7,,,,4.744e+0,2.686e-16
573.8,3.463e+1,3.627e-20,3.715e-21,1.961e-39,7.386e-18,,,1.647e-18,3.987e-21,,1.814e-15,6.339e-20,1.500e-9,9.500e-18,8.058e-16,2.286e-9,2.036e-20,2.948e-25,,3.941e-18,8.142e-19,1.007e-37,1.181e+1,,7.624e-26,7.600e-18,,2.836e-19,1.737e-20,2.772e-7,2.891e-3,1.184e-10,1.710e-19,1.259e-22,4.125e-1,1.607e+0,6.709e+0,4.128e-11,6.856e-5,1.044e-17,9.151e-4,,6.708e+0,,,2.748e+0,,,1.767e-19,,1.605e-18,,5.733e-19,,1.484e-7,,,,4.634e+0,2.686e-16
573.82,3.500e+1,3.624e-20,5.086e-21,1.954e-39,7.465e-18,,,1.647e-18,3.988e-21,,1.814e-15,6.351e-20,1.253e-9,9.500e-18,5.552e-16,2.329e-9,2.036e-20,2.950e-25,,3.946e-18,8.146e-19,1.029e-37,1.203e+1,,7.632e-26,4.987e-18,,2.837e-19,1.737e-20,3.692e-7,2.528e-3,1.178e-10,1.710e-19,1.258e-22,3.847e-1,1.443e+0,6.925e+0,5.895e-11,5.483e-5,1.043e-17,1.128e-3,,6.910e+0,,,2.756e+0,,,1.768e-19,,1.605e-18,,5.732e-19,,1.149e-7,,,,4.549e+0,2.686e-16
573.84,3.535e+1,3.622e-20,6.948e-21,1.946e-39,7.544e-18,,,1.647e-18,3.989e-21,,1.814e-15,6.363e-20,1.045e-9,9.500e-18,3.817e-16,2.367e-9,2.035e-20,2.952e-25,,3.952e-18,8.149e-19,1.051e-37,1.223e+1,,7.639e-26,3.265e-18,,2.837e-19,1.738e-20,4.908e-7,2.206e-3,1.174e-10,1.710e-19,1.258e-22,3.579e-1,1.293e+0,7.141e+0,8.399e-11,4.375e-5,1.043e-17,1.387e-3,,7.104e+0,,,2.760e+0,,,1.769e-19,,1.605e-18,,5.732e-19,,8.913e-8,,,,4.454e+0,2.686e-16
573.87,3.580e+1,3.618e-20,1.104e-20,1.934e-39,7.662e-18,,,1.647e-18,3.991e-21,,1.813e-15,6.381e-20,7.913e-10,9.499e-18,2.166e-16,2.415e-9,2.034e-20,2.955e-25,,3.960e-18,8.155e-19,1.085e-37,1.249e+1,,7.650e-26,1.722e-18,,2.839e-19,1.738e-20,7.488e-7,1.789e-3,1.170e-10,1.710e-19,1.257e-22,3.197e-1,1.093e+0,7.460e+0,1.422e-10,3.105e-5,1.042e-17,1.883e-3,,7.379e+0,,,2.757e+0,,,1.771e-19,,1.605e-18,,5.731e-19,,6.148e-8,,,,4.298e+0,2.687e-16
573.89,3.605e+1,3.616e-20,1.500e-20,1.926e-39,7.740e-18,,,1.647e-18,3.992e-21,,1.813e-15,6.393e-20,6.556e-10,9.499e-18,1.480e-16,2.440e-9,2.034e-20,2.957e-25,,3.966e-18,8.159e-19,1.107e-37,1.262e+1,,7.658e-26,1.121e-18,,2.840e-19,1.738e-20,9.895e-7,1.552e-3,1.169e-10,1.710e-19,1.256e-22,2.957e-1,9.735e-1,7.670e+0,2.015e-10,2.463e-5,1.042e-17,2.301e-3,,7.548e+0,,,2.748e+0,,,1.773e-19,,1.606e-18,,5.730e-19,,4.870e-8,,,,4.185e+0,2.687e-16
573.92,3.634e+1,3.612e-20,2.364e-20,1.914e-39,7.859e-18,,,1.647e-18,3.994e-21,,1.813e-15,6.411e-20,4.923e-10,9.499e-18,8.324e-17,2.468e-9,2.033e-20,2.960e-25,,3.974e-18,8.164e-19,1.141e-37,1.277e+1,,7.669e-26,5.859e-19,,2.841e-19,1.738e-20,1.497e-6,1.248e-3,1.171e-10,1.711e-19,1.255e-22,2.619e-1,8.152e-1,7.977e+0,3.383e-10,1.732e-5,1.042e-17,3.097e-3,,7.780e+0,,,2.726e+0,,,1.775e-19,,1.606e-18,,5.730e-19,,3.593e-8,,,,4.003e+0,2.687e-16
573.94,3.648e+1,3.610e-20,3.193e-20,1.907e-39,7.937e-18,,,1.647e-18,3.995e-21,,1.812e-15,6.423e-20,4.055e-10,9.499e-18,5.656e-17,2.480e-9,2.033e-20,2.962e-25,,3.979e-18,8.168e-19,1.163e-37,1.284e+1,,7.676e-26,3.791e-19,,2.842e-19,1.738e-20,1.967e-6,1.076e-3,1.174e-10,1.711e-19,1.255e-22,2.409e-1,7.221e-1,8.175e+0,4.765e-10,1.366e-5,1.041e-17,3.765e-3,,7.917e+0,,,2.705e+0,,,1.776e-19,,1.606e-18,,5.729e-19,,3.087e-8,,,,3.874e+0,2.687e-16
573.97,3.659e+1,3.606e-20,4.989e-20,1.895e-39,8.055e-18,,,1.647e-18,3.997e-21,,1.812e-15,6.441e-20,3.018e-10,9.499e-18,3.153e-17,2.486e-9,2.032e-20,2.966e-25,,3.988e-18,8.173e-19,1.197e-37,1.288e+1,,7.688e-26,1.964e-19,,2.843e-19,1.739e-20,2.949e-6,8.580e-4,1.182e-10,1.711e-19,1.254e-22,2.115e-1,5.994e-1,8.462e+0,7.932e-10,9.526e-6,1.041e-17,5.023e-3,,8.094e+0,,,2.663e+0,,,1.778e-19,,1.606e-18,,5.728e-19,,2.762e-8,,,,3.674e+0,2.688e-16
573.99,3.660e+1,3.604e-20,6.698e-20,1.887e-39,8.134e-18,,,1.647e-18,3.998e-21,,1.812e-15,6.453e-20,2.472e-10,9.499e-18,2.130e-17,2.483e-9,2.032e-20,2.968e-25,,3.993e-18,8.177e-19,1.219e-37,1.287e+1,,7.695e-26,1.264e-19,,2.844e-19,1.739e-20,3.853e-6,7.355e-4,1.190e-10,1.711e-19,1.254e-22,1.933e-1,5.279e-1,8.643e+0,1.111e-9,7.469e-6,1.040e-17,6.071e-3,,8.193e+0,,,2.630e+0,,,1.779e-19,,1.606e-18,,5.728e-19,,2.814e-8,,,,3.535e+0,2.688e-16
574.02,3.651e+1,3.600e-20,1.038e-19,1.875e-39,8.252e-18,,,1.647e-18,4.000e-21,,1.811e-15,6.471e-20,1.824e-10,9.498e-18,1.177e-17,2.468e-9,2.031e-20,2.971e-25,,4.001e-18,8.183e-19,1.253e-37,1.280e+1,,7.706e-26,1.298e-19,,2.845e-19,1.739e-20,5.728e-6,5.813e-4,1.203e-10,1.711e-19,1.253e-22,1.683e-1,4.344e-1,8.900e+0,1.833e-9,5.162e-6,1.040e-17,8.030e-3,,8.307e+0,,,2.570e+0,,,1.781e-19,,1.606e-18,,5.727e-19,,3.305e-8,,,,3.323e+0,2.688e-16
574.04,3.638e+1,3.598e-20,1.385e-19,1.867e-39,8.331e-18,,,1.647e-18,4.001e-21,,1.811e-15,6.483e-20,1.485e-10,9.498e-18,7.903e-18,2.451e-9,2.031e-20,2.973e-25,,4.007e-18,8.186e-19,1.275e-37,1.271e+1,,7.714e-26,1.321e-19,,2.846e-19,1.739e-20,7.440e-6,4.954e-4,1.214e-10,1.711e-19,1.252e-22,1.530e-1,3.803e-1,9.059e+0,2.553e-9,4.024e-6,1.039e-17,9.649e-3,,8.361e+0,,,2.525e+0,,,1.782e-19,,1.607e-18,,5.726e-19,,3.941e-8,,,,3.180e+0,2.689e-16
574.07,3.608e+1,3.594e-20,2.127e-19,1.856e-39,8.449e-18,,,1.647e-18,4.003e-21,,1.810e-15,6.501e-20,1.086e-10,9.498e-18,4.329e-18,2.415e-9,2.030e-20,2.976e-25,,4.015e-18,8.192e-19,1.308e-37,1.253e+1,,7.725e-26,1.355e-19,,2.847e-19,1.739e-20,1.097e-5,3.881e-4,1.233e-10,1.712e-19,1.251e-22,1.320e-1,3.102e-1,9.278e+0,4.176e-9,2.757e-6,1.039e-17,1.265e-2,,8.408e+0,,,2.448e+0,,,1.784e-19,,1.607e-18,,5.726e-19,,5.467e-8,,,,2.963e+0,2.689e-16
574.09,3.582e+1,3.592e-20,2.824e-19,1.848e-39,8.527e-18,,,1.647e-18,4.004e-21,,1.810e-15,6.513e-20,8.790e-11,9.498e-18,2.890e-18,2.384e-9,2.030e-20,2.978e-25,,4.021e-18,8.195e-19,1.331e-37,1.238e+1,,7.733e-26,1.378e-19,,2.848e-19,1.739e-20,1.416e-5,3.288e-4,1.247e-10,1.712e-19,1.251e-22,1.193e-1,2.701e-1,9.409e+0,5.782e-9,2.136e-6,1.038e-17,1.512e-2,,8.415e+0,,,2.393e+0,,,1.785e-19,,1.607e-18,,5.725e-19,,6.965e-8,,,,2.818e+0,2.689e-16
574.12,3.532e+1,3.588e-20,4.299e-19,1.836e-39,8.645e-18,,,1.647e-18,4.006e-21,,1.810e-15,6.531e-20,6.373e-11,9.498e-18,1.569e-18,2.329e-9,2.029e-20,2.981e-25,,4.029e-18,8.201e-19,1.364e-37,1.210e+1,,7.744e-26,1.413e-19,,2.849e-19,1.740e-20,2.069e-5,2.554e-4,1.269e-10,1.712e-19,1.250e-22,1.020e-1,2.184e-1,9.582e+0,9.378e-9,1.451e-6,1.038e-17,1.965e-2,,8.389e+0,,,2.302e+0,,,1.787e-19,,1.607e-18,,5.724e-19,,1.018e-7,,,,2.603e+0,2.690e-16
574.14,3.491e+1,3.586e-20,5.674e-19,1.828e-39,8.724e-18,,,1.647e-18,4.007e-21,,1.809e-15,6.543e-20,5.128e-11,9.498e-18,1.041e-18,2.286e-9,2.029e-20,2.983e-25,,4.034e-18,8.205e-19,1.387e-37,1.188e+1,,7.751e-26,1.436e-19,,2.850e-19,1.740e-20,2.657e-5,2.151e-4,1.285e-10,1.712e-19,1.250e-22,9.163e-2,1.890e-1,9.680e+0,1.291e-8,1.118e-6,1.038e-17,2.334e-2,,8.349e+0,,,2.238e+0,,,1.789e-19,,1.607e-18,,5.724e-19,,1.317e-7,,,,2.462e+0,2.690e-16
574.17,3.421e+1,3.582e-20,8.565e-19,1.816e-39,8.842e-18,,,1.647e-18,4.009e-21,,1.809e-15,6.561e-20,3.686e-11,9.497e-18,5.604e-19,2.214e-9,2.028e-20,2.987e-25,,4.043e-18,8.210e-19,1.420e-37,1.151e+1,,7.763e-26,1.470e-19,,2.852e-19,1.740e-20,3.849e-5,1.656e-4,1.309e-10,1.712e-19,1.249e-22,7.769e-2,1.515e-1,9.800e+0,2.076e-8,7.525e-7,1.037e-17,3.008e-2,,8.253e+0,,,2.135e+0,,,1.790e-19,,1.607e-18,,5.723e-19,,1.940e-7,,,,2.254e+0,2.690e-16
574.19,3.369e+1,3.580e-20,1.124e-18,1.809e-39,8.921e-18,,,1.646e-18,4.010e-21,,1.809e-15,6.573e-20,2.949e-11,9.497e-18,3.697e-19,2.160e-9,2.028e-20,2.989e-25,,4.048e-18,8.214e-19,1.442e-37,1.124e+1,,7.770e-26,1.493e-19,,2.853e-19,1.740e-20,4.914e-5,1.387e-4,1.326e-10,1.712e-19,1.248e-22,6.939e-2,1.303e-1,9.861e+0,2.841e-8,5.764e-7,1.037e-17,3.552e-2,,8.166e+0,,,2.064e+0,,,1.792e-19,,1.607e-18,,5.723e-19,,2.510e-7,,,,2.120e+0,2.690e-16
574.21,3.311e+1,3.577e-20,1.471e-18,1.801e-39,9.000e-18,,,1.646e-18,4.011e-21,,1.808e-15,6.585e-20,2.353e-11,9.497e-18,2.434e-19,2.103e-9,2.027e-20,2.991e-25,,4.054e-18,8.217e-19,1.465e-37,1.095e+1,,7.778e-26,1.516e-19,,2.853e-19,1.740e-20,6.259e-5,1.159e-4,1.343e-10,1.713e-19,1.248e-22,6.184e-2,1.119e-1,9.907e+0,3.880e-8,4.404e-7,1.036e-17,4.185e-2,,8.061e+0,,,1.991e+0,,,1.793e-19,,1.608e-18,,5.722e-19,,3.241e-7,,,,1.988e+0,2.691e-16
574.24,3.217e+1,3.574e-20,2.194e-18,1.789e-39,9.118e-18,,,1.646e-18,4.013e-21,,1.808e-15,6.603e-20,1.671e-11,9.497e-18,1.294e-19,2.012e-9,2.027e-20,2.994e-25,,4.062e-18,8.223e-19,1.498e-37,1.048e+1,,7.789e-26,1.551e-19,,2.855e-19,1.741e-20,8.958e-5,8.812e-5,1.367e-10,1.713e-19,1.247e-22,5.179e-2,8.858e-2,9.944e+0,6.164e-8,2.929e-7,1.036e-17,5.329e-2,,7.873e+0,,,1.878e+0,,,1.795e-19,,1.608e-18,,5.721e-19,,4.740e-7,,,,1.799e+0,2.691e-16
574.26,3.149e+1,3.571e-20,2.856e-18,1.781e-39,9.196e-18,,,1.646e-18,4.014e-21,,1.808e-15,6.615e-20,1.326e-11,9.497e-18,8.465e-20,1.947e-9,2.026e-20,2.996e-25,,4.067e-18,8.227e-19,1.521e-37,1.015e+1,,7.796e-26,1.574e-19,,2.856e-19,1.741e-20,1.134e-4,7.320e-5,1.383e-10,1.713e-19,1.246e-22,4.588e-2,7.559e-2,9.949e+0,8.369e-8,2.225e-7,1.035e-17,6.242e-2,,7.727e+0,,,1.802e+0,,,1.796e-19,,1.608e-18,,5.721e-19,,6.091e-7,,,,1.677e+0,2.691e-16
574.29,3.040e+1,3.568e-20,4.222e-18,1.769e-39,9.314e-18,,,1.646e-18,4.016e-21,,1.807e-15,6.633e-20,9.329e-12,9.497e-18,4.461e-20,1.847e-9,2.026e-20,2.999e-25,,4.076e-18,8.232e-19,1.554e-37,9.632e+0,,7.808e-26,1.608e-19,,2.857e-19,1.741e-20,1.610e-4,5.518e-5,1.406e-10,1.713e-19,1.246e-22,3.810e-2,5.934e-2,9.924e+0,1.318e-7,1.467e-7,1.035e-17,7.880e-2,,7.482e+0,,,1.686e+0,,,1.798e-19,,1.608e-18,,5.720e-19,,8.836e-7,,,,1.504e+0,2.691e-16
574.31,2.964e+1,3.565e-20,5.464e-18,1.761e-39,9.393e-18,,,1.646e-18,4.017e-21,,1.807e-15,6.645e-20,7.360e-12,9.497e-18,2.902e-20,1.777e-9,2.025e-20,3.001e-25,,4.081e-18,8.236e-19,1.576e-37,9.275e+0,,7.815e-26,1.631e-19,,2.858e-19,1.741e-20,2.027e-4,4.557e-5,1.420e-10,1.713e-19,1.245e-22,3.356e-2,5.034e-2,9.886e+0,1.780e-7,1.108e-7,1.035e-17,9.177e-2,,7.301e+0,,,1.608e+0,,,1.799e-19,,1.608e-18,,5.720e-19,,1.129e-6,,,,1.395e+0,2.692e-16
574.34,2.844e+1,3.562e-20,8.009e-18,1.750e-39,9.511e-18,,,1.646e-18,4.019e-21,,1.807e-15,6.663e-20,5.134e-12,9.496e-18,1.516e-20,1.671e-9,2.024e-20,3.005e-25,,4.089e-18,8.241e-19,1.610e-37,8.726e+0,,7.826e-26,1.666e-19,,2.859e-19,1.741e-20,2.851e-4,3.405e-5,1.440e-10,1.713e-19,1.244e-22,2.762e-2,3.917e-2,9.797e+0,2.779e-7,7.239e-8,1.034e-17,1.148e-1,,7.008e+0,,,1.492e+0,,,1.801e-19,,1.608e-18,,5.719e-19,,1.624e-6,,,,1.240e+0,2.692e-16
574.36,2.762e+1,3.559e-20,1.031e-17,1.742e-39,9.590e-18,,,1.646e-18,4.020e-21,,1.806e-15,6.675e-20,4.027e-12,9.496e-18,9.802e-21,1.599e-9,2.024e-20,3.007e-25,,4.095e-18,8.245e-19,1.632e-37,8.353e+0,,7.834e-26,1.689e-19,,2.860e-19,1.742e-20,3.569e-4,2.796e-5,1.452e-10,1.714e-19,1.244e-22,2.419e-2,3.304e-2,9.717e+0,3.730e-7,5.436e-8,1.034e-17,1.330e-1,,6.799e+0,,,1.415e+0,,,1.803e-19,,1.609e-18,,5.718e-19,,2.064e-6,,,,1.143e+0,2.692e-16
574.39,2.635e+1,3.556e-20,1.498e-17,1.730e-39,9.708e-18,,,1.646e-18,4.022e-21,,1.806e-15,6.693e-20,2.784e-12,9.496e-18,5.075e-21,1.490e-9,2.023e-20,3.010e-25,,4.103e-18,8.251e-19,1.666e-37,7.791e+0,,7.845e-26,1.723e-19,,2.861e-19,1.742e-20,4.978e-4,2.071e-5,1.467e-10,1.714e-19,1.243e-22,1.974e-2,2.548e-2,9.566e+0,5.775e-7,3.523e-8,1.033e-17,1.650e-1,,6.470e+0,,,1.301e+0,,,1.804e-19,,1.609e-18,,5.718e-19,,2.943e-6,,,,1.007e+0,2.693e-16
574.41,2.548e+1,3.553e-20,1.916e-17,1.722e-39,9.787e-18,,,1.646e-18,4.023e-21,,1.805e-15,6.705e-20,2.171e-12,9.496e-18,5.558e-21,1.417e-9,2.023e-20,3.012e-25,,4.109e-18,8.254e-19,1.688e-37,7.415e+0,,7.853e-26,1.746e-19,,2.862e-19,1.742e-20,6.196e-4,1.690e-5,1.476e-10,1.714e-19,1.243e-22,1.718e-2,2.137e-2,9.446e+0,7.706e-7,2.632e-8,1.033e-17,1.900e-1,,6.241e+0,,,1.227e+0,,,1.806e-19,,1.609e-18,,5.717e-19,,3.718e-6,,,,9.231e-1,2.693e-16
574.44,2.417e+1,3.549e-20,2.760e-17,1.710e-39,9.905e-18,,,1.646e-18,4.025e-21,,1.805e-15,6.722e-20,1.488e-12,9.496e-18,6.282e-21,1.309e-9,3.894e-20,3.015e-25,,4.117e-18,8.260e-19,1.722e-37,6.856e+0,,7.864e-26,1.780e-19,,2.863e-19,1.742e-20,8.566e-4,1.241e-5,1.486e-10,1.714e-19,1.242e-22,1.390e-2,1.634e-2,9.237e+0,1.183e-6,1.695e-8,1.032e-17,2.336e-1,,5.887e+0,,,1.119e+0,,,1.808e-19,,1.609e-18,,5.716e-19,,5.256e-6,,,,8.064e-1,2.693e-16
574.46,2.329e+1,3.547e-20,3.511e-17,1.703e-39,9.983e-18,,,1.646e-18,4.026e-21,,1.805e-15,6.734e-20,1.154e-12,9.496e-18,6.764e-21,1.238e-9,6.008e-20,3.017e-25,,4.122e-18,8.263e-19,1.744e-37,6.488e+0,,7.871e-26,1.803e-19,,2.864e-19,1.742e-20,1.060e-3,1.007e-5,1.491e-10,1.714e-19,1.241e-22,1.204e-2,1.362e-2,9.079e+0,1.569e-6,1.263e-8,1.032e-17,2.674e-1,,5.646e+0,,,1.050e+0,,,1.809e-19,,1.609e-18,,5.716e-19,,6.602e-6,,,,7.348e-1,2.693e-16
574.49,2.198e+1,3.543e-20,5.015e-17,1.691e-39,1.010e-17,,,1.646e-18,4.028e-21,,1.804e-15,6.752e-20,7.839e-13,9.495e-18,7.488e-21,1.134e-9,1.146e-19,3.021e-25,,4.131e-18,8.269e-19,1.778e-37,5.947e+0,,7.882e-26,1.838e-19,,2.865e-19,1.743e-20,1.453e-3,7.332e-6,1.496e-10,1.714e-19,1.240e-22,9.656e-3,1.033e-2,8.818e+0,2.388e-6,8.142e-9,1.031e-17,3.261e-1,,5.280e+0,,,9.491e-1,,,1.811e-19,,1.609e-18,,5.715e-19,,9.254e-6,,,,6.363e-1,2.694e-16
574.51,2.111e+1,3.541e-20,6.342e-17,1.683e-39,1.018e-17,,,1.646e-18,4.029e-21,,1.804e-15,6.764e-20,6.041e-13,9.495e-18,7.971e-21,1.066e-9,1.759e-19,3.023e-25,,4.136e-18,8.273e-19,1.800e-37,5.595e+0,,7.890e-26,2.842e-19,,2.866e-19,1.743e-20,1.788e-3,5.915e-6,1.498e-10,1.715e-19,1.240e-22,8.315e-3,8.559e-3,8.627e+0,3.151e-6,6.119e-9,1.031e-17,3.711e-1,,5.034e+0,,,8.850e-1,,,1.812e-19,,1.610e-18,,5.715e-19,,1.156e-5,,,,5.764e-1,2.694e-16
574.54,1.982e+1,3.537e-20,8.981e-17,1.671e-39,1.030e-17,,,1.646e-18,4.031e-21,,1.804e-15,6.782e-20,4.069e-13,9.495e-18,8.695e-21,9.679e-10,3.328e-19,3.026e-25,,4.144e-18,8.278e-19,1.833e-37,5.084e+0,,7.901e-26,5.441e-19,,2.868e-19,1.743e-20,2.430e-3,4.268e-6,1.498e-10,1.715e-19,1.239e-22,6.620e-3,6.430e-3,8.320e+0,4.754e-6,4.097e-9,1.030e-17,4.486e-1,,4.667e+0,,,7.933e-1,,,1.814e-19,,1.610e-18,,5.714e-19,,1.606e-5,,,,4.949e-1,2.694e-16
574.56,1.899e+1,3.535e-20,1.129e-16,1.663e-39,1.038e-17,,,1.646e-18,4.032e-21,,1.803e-15,6.794e-20,3.118e-13,9.495e-18,9.178e-21,9.049e-10,5.076e-19,3.028e-25,,4.150e-18,8.282e-19,1.856e-37,4.756e+0,,7.909e-26,1.076e-18,,2.868e-19,1.743e-20,2.972e-3,3.424e-6,1.496e-10,1.715e-19,1.239e-22,5.675e-3,5.299e-3,8.103e+0,6.235e-6,3.253e-9,1.030e-17,5.076e-1,,4.424e+0,,,7.355e-1,,,1.815e-19,,1.610e-18,,5.713e-19,,1.994e-5,,,,4.457e-1,2.695e-16
574.58,1.817e+1,3.533e-20,1.417e-16,1.656e-39,1.046e-17,,,1.646e-18,4.033e-21,,1.803e-15,6.806e-20,2.383e-13,9.495e-18,9.660e-21,8.440e-10,7.725e-19,3.030e-25,,4.155e-18,8.286e-19,1.878e-37,4.439e+0,,7.916e-26,1.654e-18,,2.869e-19,1.743e-20,3.628e-3,2.740e-6,1.494e-10,1.715e-19,1.238e-22,4.857e-3,4.357e-3,7.876e+0,8.160e-6,2.720e-9,1.030e-17,5.730e-1,,4.185e+0,,,6.803e-1,,,1.817e-19,,1.610e-18,,5.713e-19,,2.470e-5,,,,4.005e-1,2.695e-16
574.61,1.698e+1,3.529e-20,1.982e-16,1.644e-39,1.057e-17,,,1.645e-18,4.035e-21,,1.803e-15,6.824e-20,1.586e-13,9.495e-18,1.038e-20,7.569e-10,1.444e-18,3.033e-25,,4.163e-18,8.291e-19,1.912e-37,3.984e+0,,7.927e-26,3.139e-18,,2.871e-19,1.744e-20,4.871e-3,1.953e-6,1.488e-10,1.715e-19,1.237e-22,3.839e-3,3.233e-3,7.521e+0,1.216e-5,2.405e-9,1.029e-17,6.844e-1,,3.832e+0,,,6.025e-1,,,1.818e-19,,1.610e-18,,5.712e-19,,3.392e-5,,,,3.396e-1,2.695e-16
574.63,1.621e+1,3.527e-20,2.472e-16,1.636e-39,1.065e-17,,,1.645e-18,4.036e-21,,1.802e-15,6.836e-20,1.205e-13,9.494e-18,1.087e-20,7.019e-10,2.185e-18,3.035e-25,,4.169e-18,8.295e-19,1.934e-37,3.697e+0,,7.935e-26,4.797e-18,,2.871e-19,1.744e-20,5.911e-3,1.554e-6,1.483e-10,1.715e-19,1.237e-22,3.282e-3,2.643e-3,7.275e+0,1.583e-5,2.488e-9,1.029e-17,7.681e-1,,3.604e+0,,,5.541e-1,,,1.820e-19,,1.610e-18,,5.712e-19,,4.178e-5,,,,3.034e-1,2.695e-16
574.66,1.512e+1,3.523e-20,3.429e-16,1.624e-39,1.077e-17,,,1.645e-18,4.038e-21,,1.802e-15,6.854e-20,7.947e-14,9.494e-18,1.159e-20,6.240e-10,4.050e-18,3.039e-25,,4.177e-18,8.300e-19,1.967e-37,3.290e+0,,7.946e-26,9.026e-18,,2.873e-19,1.744e-20,7.868e-3,1.098e-6,1.475e-10,1.716e-19,1.236e-22,2.600e-3,1.944e-3,6.897e+0,2.339e-5,3.067e-9,1.028e-17,9.094e-1,,3.272e+0,,,4.866e-1,,,1.822e-19,,1.611e-18,,5.711e-19,,5.686e-5,,,,2.551e-1,2.696e-16
574.68,1.443e+1,3.520e-20,4.253e-16,1.616e-39,1.085e-17,,,1.645e-18,4.039e-21,,1.802e-15,6.866e-20,6.004e-14,9.494e-18,1.207e-20,5.753e-10,6.093e-18,3.041e-25,,4.183e-18,8.304e-19,1.990e-37,3.035e+0,,7.954e-26,1.397e-17,,2.874e-19,1.744e-20,9.493e-3,8.682e-7,1.468e-10,1.716e-19,1.235e-22,2.234e-3,1.580e-3,6.641e+0,3.026e-5,3.801e-9,1.028e-17,1.015e+0,,3.059e+0,,,4.449e-1,,,1.823e-19,,1.611e-18,,5.710e-19,,6.964e-5,,,,2.266e-1,2.696e-16
574.71,1.346e+1,3.517e-20,5.848e-16,1.605e-39,1.097e-17,,,1.645e-18,4.041e-21,,1.801e-15,6.884e-20,3.925e-14,9.494e-18,1.280e-20,5.070e-10,1.120e-17,3.044e-25,,4.191e-18,8.309e-19,2.023e-37,2.678e+0,,7.965e-26,2.607e-17,,2.875e-19,1.744e-20,1.253e-2,6.081e-7,1.459e-10,1.716e-19,1.235e-22,1.802e-3,1.152e-3,6.250e+0,4.433e-5,5.577e-9,1.027e-17,1.191e+0,,2.753e+0,,,3.873e-1,,,1.825e-19,,1.611e-18,,5.710e-19,,9.397e-5,,,,1.888e-1,2.696e-16
574.73,1.286e+1,3.514e-20,7.211e-16,1.597e-39,1.105e-17,,,1.645e-18,4.042e-21,,1.801e-15,6.896e-20,2.948e-14,9.494e-18,1.328e-20,4.648e-10,1.675e-17,3.046e-25,,4.196e-18,8.313e-19,2.046e-37,2.456e+0,,7.972e-26,3.940e-17,,2.876e-19,1.745e-20,1.503e-2,4.782e-7,1.452e-10,1.716e-19,1.234e-22,1.582e-3,9.310e-4,5.989e+0,5.702e-5,7.353e-9,1.027e-17,1.322e+0,,2.559e+0,,,3.521e-1,,,1.826e-19,,1.611e-18,,5.709e-19,,1.144e-4,,,,1.667e-1,2.696e-16
574.76,1.203e+1,3.511e-20,9.831e-16,1.585e-39,1.116e-17,,,1.645e-18,4.044e-21,,1.800e-15,6.914e-20,1.911e-14,9.494e-18,1.400e-20,4.061e-10,3.052e-17,3.049e-25,,4.205e-18,8.319e-19,2.079e-37,2.148e+0,,7.984e-26,7.292e-17,,2.877e-19,1.745e-20,1.966e-2,3.320e-7,1.443e-10,1.716e-19,1.233e-22,1.342e-3,6.731e-4,5.596e+0,8.282e-5,1.127e-8,1.026e-17,1.538e+0,,2.283e+0,,,3.039e-1,,,1.828e-19,,1.611e-18,,5.708e-19,,1.531e-4,,,,1.377e-1,2.697e-16
574.78,1.152e+1,3.508e-20,1.205e-15,1.577e-39,1.124e-17,,,1.645e-18,4.045e-21,,1.800e-15,6.926e-20,1.427e-14,9.494e-18,1.449e-20,3.700e-10,4.539e-17,3.051e-25,,4.210e-18,8.322e-19,2.101e-37,1.959e+0,,7.991e-26,1.096e-16,,2.878e-19,1.745e-20,2.345e-2,2.595e-7,1.437e-10,1.716e-19,1.233e-22,1.238e-3,5.407e-4,5.336e+0,1.059e-4,1.502e-8,1.026e-17,1.697e+0,,2.110e+0,,,2.747e-1,,,1.829e-19,,1.611e-18,,5.708e-19,,1.853e-4,,,,1.209e-1,2.697e-16
574.81,1.084e+1,3.505e-20,1.629e-15,1.565e-39,1.136e-17,,,1.645e-18,4.047e-21,,1.800e-15,6.944e-20,9.167e-15,9.493e-18,1.521e-20,3.205e-10,8.200e-17,3.054e-25,,4.218e-18,8.328e-19,2.135e-37,1.699e+0,,8.002e-26,2.011e-16,,2.879e-19,1.745e-20,3.041e-2,1.786e-7,1.430e-10,1.717e-19,1.232e-22,1.160e-3,3.875e-4,4.951e+0,1.525e-4,2.308e-8,1.026e-17,1.957e+0,,1.866e+0,,,2.351e-1,,,1.831e-19,,1.612e-18,,5.707e-19,,2.458e-4,,,,9.904e-2,2.697e-16
574.83,1.044e+1,3.502e-20,1.986e-15,1.558e-39,1.144e-17,,,1.645e-18,4.048e-21,,1.799e-15,6.956e-20,6.805e-15,9.493e-18,1.569e-20,2.904e-10,1.213e-16,3.057e-25,,4.224e-18,8.332e-19,2.157e-37,1.540e+0,,8.010e-26,3.006e-16,,2.880e-19,1.745e-20,3.607e-2,1.388e-7,1.427e-10,1.717e-19,1.231e-22,1.159e-3,3.094e-4,4.699e+0,1.940e-4,3.069e-8,1.025e-17,2.147e+0,,1.714e+0,,,2.114e-1,,,1.832e-19,,1.612e-18,,5.707e-19,,2.958e-4,,,,8.644e-2,2.698e-16
574.86,9.910e+0,3.499e-20,2.661e-15,1.546e-39,1.156e-17,,,1.645e-18,4.050e-21,,1.799e-15,6.974e-20,4.334e-15,9.493e-18,1.642e-20,2.493e-10,2.172e-16,3.060e-25,,4.232e-18,8.337e-19,2.191e-37,1.324e+0,,8.021e-26,5.469e-16,,2.881e-19,1.746e-20,4.638e-2,9.472e-8,1.424e-10,1.717e-19,1.231e-22,1.236e-3,2.198e-4,4.330e+0,2.769e-4,4.689e-8,1.025e-17,2.455e+0,,1.503e+0,,,1.794e-1,,,1.834e-19,,1.612e-18,,5.706e-19,,3.890e-4,,,,7.018e-2,2.698e-16
574.88,9.612e+0,3.496e-20,3.224e-15,1.538e-39,1.164e-17,,,1.645e-18,4.051e-21,,1.799e-15,6.986e-20,3.199e-15,9.493e-18,1.690e-20,2.246e-10,3.194e-16,3.062e-25,,4.238e-18,8.341e-19,2.213e-37,1.193e+0,,8.029e-26,8.128e-16,,2.882e-19,1.746e-20,5.468e-2,7.319e-8,1.423e-10,1.717e-19,1.230e-22,1.342e-3,1.745e-4,4.091e+0,3.501e-4,6.203e-8,1.024e-17,2.677e+0,,1.373e+0,,,1.604e-1,,,1.836e-19,,1.612e-18,,5.705e-19,,4.655e-4,,,,6.090e-2,2.698e-16
574.91,9.246e+0,3.493e-20,4.284e-15,1.526e-39,1.175e-17,,,1.645e-18,4.053e-21,,1.798e-15,7.004e-20,2.019e-15,9.493e-18,1.762e-20,1.912e-10,5.671e-16,3.065e-25,,4.246e-18,8.346e-19,2.247e-37,1.017e+0,,8.040e-26,1.466e-15,,2.883e-19,1.746e-20,6.971e-2,4.950e-8,1.425e-10,1.717e-19,1.229e-22,1.593e-3,1.229e-4,3.744e+0,4.955e-4,9.400e-8,1.024e-17,3.035e+0,,1.193e+0,,,1.351e-1,,,1.838e-19,,1.612e-18,,5.705e-19,,6.069e-4,,,,4.902e-2,2.698e-16
574.93,9.056e+0,3.490e-20,5.162e-15,1.518e-39,1.183e-17,,,1.645e-18,4.054e-21,,1.798e-15,7.016e-20,1.482e-15,9.493e-18,1.811e-20,1.712e-10,8.291e-16,3.067e-25,,4.251e-18,8.350e-19,2.269e-37,9.114e-1,,8.047e-26,2.167e-15,,2.884e-19,1.746e-20,8.172e-2,3.803e-8,1.428e-10,1.718e-19,1.229e-22,1.828e-3,9.701e-5,3.522e+0,6.229e-4,1.237e-7,1.023e-17,3.291e+0,,1.084e+0,,,1.202e-1,,,1.839e-19,,1.612e-18,,5.704e-19,,7.221e-4,,,,4.229e-2,2.699e-16
574.95,8.907e+0,3.488e-20,6.205e-15,1.510e-39,1.191e-17,,,1.645e-18,4.055e-21,,1.798e-15,7.028e-20,1.085e-15,9.492e-18,1.859e-20,1.530e-10,1.209e-15,3.069e-25,,4.257e-18,8.354e-19,2.291e-37,8.150e-1,,8.055e-26,3.195e-15,,2.885e-19,1.746e-20,9.558e-2,2.915e-8,1.433e-10,1.718e-19,1.228e-22,2.124e-3,7.639e-5,3.308e+0,7.812e-4,1.623e-7,1.023e-17,3.560e+0,,9.819e-1,,,1.068e-1,,,1.840e-19,,1.612e-18,,5.704e-19,,8.572e-4,,,,3.640e-2,2.699e-16
574.98,8.763e+0,3.484e-20,8.144e-15,1.499e-39,1.203e-17,,,1.645e-18,4.057e-21,,1.797e-15,7.046e-20,6.764e-16,9.492e-18,1.931e-20,1.286e-10,2.122e-15,3.072e-25,,4.265e-18,8.359e-19,2.325e-37,6.861e-1,,8.066e-26,5.696e-15,,2.886e-19,1.747e-20,1.204e-1,1.947e-8,1.444e-10,1.718e-19,1.227e-22,2.704e-3,5.314e-5,3.004e+0,1.093e-3,2.431e-7,1.022e-17,3.987e+0,,8.431e-1,,,8.917e-2,,,1.842e-19,,1.613e-18,,5.703e-19,,1.104e-3,,,,2.894e-2,2.699e-16
575,8.719e+0,3.482e-20,9.735e-15,1.491e-39,1.211e-17,,,1.645e-18,4.058e-21,,1.797e-15,7.058e-20,4.922e-16,9.492e-18,1.980e-20,1.142e-10,3.078e-15,3.074e-25,,4.271e-18,8.363e-19,2.347e-37,6.099e-1,,8.073e-26,8.351e-15,,2.887e-19,1.747e-20,1.400e-1,1.484e-8,1.454e-10,1.718e-19,1.227e-22,3.195e-3,4.160e-5,2.812e+0,1.362e-3,3.173e-7,1.022e-17,4.288e+0,,7.595e-1,,,7.896e-2,,,1.843e-19,,1.613e-18,,5.702e-19,,1.303e-3,,,,2.476e-2,2.699e-16
575.03,8.727e+0,3.478e-20,1.267e-14,1.479e-39,1.223e-17,,,1.645e-18,4.060e-21,,1.797e-15,7.076e-20,3.043e-16,9.492e-18,2.052e-20,9.523e-11,5.353e-15,3.078e-25,,4.279e-18,8.368e-19,2.381e-37,5.090e-1,,8.085e-26,1.476e-14,,2.889e-19,1.747e-20,1.748e-1,9.828e-9,1.472e-10,1.718e-19,1.226e-22,4.121e-3,2.869e-5,2.542e+0,1.889e-3,4.710e-7,1.022e-17,4.762e+0,,6.465e-1,,,6.574e-2,,,1.845e-19,,1.613e-18,,5.701e-19,,1.664e-3,,,,1.952e-2,2.700e-16
575.05,8.781e+0,3.476e-20,1.505e-14,1.471e-39,1.230e-17,,,1.644e-18,4.061e-21,,1.796e-15,7.088e-20,2.202e-16,9.492e-18,2.100e-20,8.410e-11,7.721e-15,3.080e-25,,4.284e-18,8.372e-19,2.403e-37,4.499e-1,,8.092e-26,2.152e-14,,2.889e-19,1.747e-20,2.021e-1,7.448e-9,1.486e-10,1.718e-19,1.226e-22,4.886e-3,2.233e-5,2.374e+0,2.342e-3,6.113e-7,1.021e-17,5.092e+0,,5.790e-1,,,5.819e-2,,,1.847e-19,,1.613e-18,,5.701e-19,,1.953e-3,,,,1.661e-2,2.700e-16
575.08,8.931e+0,3.472e-20,1.942e-14,1.459e-39,1.242e-17,,,1.644e-18,4.063e-21,,1.796e-15,7.105e-20,1.349e-16,9.492e-18,2.173e-20,6.950e-11,1.331e-14,3.083e-25,,4.293e-18,8.378e-19,2.437e-37,3.723e-1,,8.103e-26,3.772e-14,,2.891e-19,1.747e-20,2.502e-1,4.894e-9,1.511e-10,1.719e-19,1.225e-22,6.301e-3,1.527e-5,2.141e+0,3.219e-3,8.997e-7,1.021e-17,5.605e+0,,4.886e-1,,,4.860e-2,,,1.848e-19,,1.613e-18,,5.700e-19,,2.472e-3,,,,1.297e-2,2.700e-16
575.1,9.076e+0,3.470e-20,2.295e-14,1.452e-39,1.250e-17,,,1.644e-18,4.064e-21,,1.796e-15,7.117e-20,9.704e-17,9.491e-18,2.221e-20,6.102e-11,1.909e-14,3.085e-25,,4.298e-18,8.381e-19,2.459e-37,3.271e-1,,8.111e-26,5.468e-14,,2.892e-19,1.748e-20,2.876e-1,3.691e-9,1.530e-10,1.719e-19,1.224e-22,7.455e-3,1.181e-5,1.999e+0,3.968e-3,1.161e-6,1.020e-17,5.959e+0,,4.350e-1,,,4.325e-2,,,1.850e-19,,1.613e-18,,5.700e-19,,2.884e-3,,,,1.097e-2,2.701e-16
575.13,9.358e+0,3.466e-20,2.935e-14,1.440e-39,1.262e-17,,,1.644e-18,4.066e-21,,1.795e-15,7.135e-20,5.894e-17,9.491e-18,2.293e-20,4.999e-11,3.264e-14,3.088e-25,,4.306e-18,8.387e-19,2.492e-37,2.683e-1,,8.122e-26,9.503e-14,,2.893e-19,1.748e-20,3.529e-1,2.413e-9,1.561e-10,1.719e-19,1.224e-22,9.564e-3,8.006e-6,1.805e+0,5.408e-3,1.694e-6,1.020e-17,6.504e+0,,3.639e-1,,,3.664e-2,,,1.852e-19,,1.614e-18,,5.699e-19,,3.620e-3,,,,8.500e-3,2.701e-16
575.15,9.585e+0,3.464e-20,3.448e-14,1.432e-39,1.270e-17,,,1.644e-18,4.067e-21,,1.795e-15,7.147e-20,4.215e-17,9.491e-18,2.342e-20,4.364e-11,4.654e-14,3.090e-25,,4.312e-18,8.390e-19,2.515e-37,2.344e-1,,8.130e-26,1.370e-13,,2.894e-19,1.748e-20,4.034e-1,1.819e-9,1.584e-10,1.719e-19,1.223e-22,1.126e-2,6.159e-6,1.688e+0,6.628e-3,2.173e-6,1.019e-17,6.875e+0,,3.222e-1,,,3.311e-2,,,1.853e-19,,1.614e-18,,5.698e-19,,4.200e-3,,,,7.148e-3,2.701e-16
575.18,9.984e+0,3.460e-20,4.372e-14,1.420e-39,1.282e-17,,,1.644e-18,4.069e-21,,1.794e-15,7.165e-20,2.538e-17,9.491e-18,2.414e-20,3.544e-11,7.890e-14,3.094e-25,,4.320e-18,8.396e-19,2.548e-37,1.906e-1,,8.141e-26,2.360e-13,,2.895e-19,1.748e-20,4.908e-1,1.199e-9,1.620e-10,1.719e-19,1.222e-22,1.435e-2,4.137e-6,1.533e+0,8.955e-3,3.144e-6,1.019e-17,7.439e+0,,2.672e-1,,,2.900e-2,,,1.855e-19,,1.614e-18,,5.698e-19,,5.225e-3,,,,5.488e-3,2.702e-16
575.2,1.028e+1,3.458e-20,5.107e-14,1.412e-39,1.290e-17,,,1.644e-18,4.070e-21,,1.794e-15,7.177e-20,1.805e-17,9.491e-18,2.462e-20,3.075e-11,1.118e-13,3.096e-25,,4.326e-18,8.400e-19,2.571e-37,1.656e-1,,8.148e-26,3.383e-13,,2.896e-19,1.748e-20,5.578e-1,9.194e-10,1.646e-10,1.719e-19,1.222e-22,1.681e-2,3.164e-6,1.443e+0,1.091e-2,4.011e-6,1.019e-17,7.817e+0,,2.351e-1,,,2.700e-2,,,1.856e-19,,1.614e-18,,5.697e-19,,6.027e-3,,,,4.589e-3,2.702e-16
575.23,1.078e+1,3.454e-20,6.420e-14,1.401e-39,1.301e-17,,,1.644e-18,4.072e-21,,1.794e-15,7.195e-20,1.077e-17,9.491e-18,2.535e-20,2.476e-11,1.880e-13,3.099e-25,,4.334e-18,8.405e-19,2.604e-37,1.335e-1,,8.160e-26,5.781e-13,,2.897e-19,1.749e-20,6.728e-1,6.449e-10,1.686e-10,1.720e-19,1.221e-22,2.123e-2,2.107e-6,1.327e+0,1.462e-2,5.753e-6,1.018e-17,8.386e+0,,1.933e-1,,,2.504e-2,,,1.858e-19,,1.614e-18,,5.696e-19,,7.434e-3,,,,3.493e-3,2.702e-16
575.25,1.115e+1,3.452e-20,7.456e-14,1.393e-39,1.309e-17,,,1.644e-18,4.073e-21,,1.793e-15,7.207e-20,7.613e-18,9.491e-18,2.583e-20,2.136e-11,2.650e-13,3.101e-25,,4.339e-18,8.409e-19,2.626e-37,1.153e-1,,8.167e-26,8.239e-13,,2.898e-19,1.749e-20,7.601e-1,5.370e-10,1.714e-10,1.720e-19,1.220e-22,2.474e-2,1.602e-6,1.263e+0,1.771e-2,7.296e-6,1.018e-17,8.762e+0,,1.691e-1,,,2.438e-2,,,1.859e-19,,1.614e-18,,5.696e-19,,8.526e-3,,,,2.903e-3,2.702e-16
575.28,1.173e+1,3.448e-20,9.292e-14,1.381e-39,1.321e-17,,,1.644e-18,4.075e-21,,1.793e-15,7.225e-20,4.504e-18,9.490e-18,2.655e-20,1.705e-11,4.415e-13,3.104e-25,,4.348e-18,8.414e-19,2.660e-37,9.219e-2,,8.178e-26,1.396e-12,,2.899e-19,1.749e-20,9.090e-1,4.659e-10,1.755e-10,1.720e-19,1.220e-22,3.099e-2,1.058e-6,1.185e+0,2.352e-2,1.038e-5,1.017e-17,9.318e+0,,1.379e-1,,,2.435e-2,,,1.861e-19,,1.615e-18,,5.695e-19,,1.043e-2,,,,2.191e-3,2.703e-16
575.3,1.215e+1,3.446e-20,1.073e-13,1.373e-39,1.329e-17,,,1.644e-18,4.076e-21,,1.793e-15,7.237e-20,3.165e-18,9.490e-18,2.704e-20,1.463e-11,6.188e-13,3.106e-25,,4.353e-18,8.418e-19,2.682e-37,7.919e-2,,8.186e-26,1.978e-12,,2.900e-19,1.749e-20,1.021e+0,4.736e-10,1.783e-10,1.720e-19,1.219e-22,3.591e-2,7.996e-7,1.145e+0,2.833e-2,1.308e-5,1.017e-17,9.680e+0,,1.199e-1,,,2.495e-2,,,1.862e-19,,1.615e-18,,5.695e-19,,1.189e-2,,,,1.810e-3,2.703e-16
575.32,1.258e+1,3.443e-20,1.236e-13,1.365e-39,1.337e-17,,,1.644e-18,4.077e-21,,1.792e-15,7.249e-20,2.219e-18,9.490e-18,2.752e-20,1.252e-11,8.653e-13,3.108e-25,,4.359e-18,8.422e-19,2.705e-37,6.787e-2,,8.193e-26,2.797e-12,,2.901e-19,1.749e-20,1.145e+0,5.258e-10,1.810e-10,1.720e-19,1.219e-22,4.151e-2,6.031e-7,1.115e+0,3.405e-2,1.646e-5,1.016e-17,1.003e+1,,1.041e-1,,,2.604e-2,,,1.864e-19,,1.615e-18,,5.694e-19,,1.353e-2,,,,1.493e-3,2.703e-16
575.35,1.326e+1,3.440e-20,1.522e-13,1.354e-39,1.349e-17,,,1.644e-18,4.079e-21,,1.792e-15,7.267e-20,1.297e-18,9.490e-18,2.824e-20,9.869e-12,1.425e-12,3.112e-25,,4.367e-18,8.427e-19,2.738e-37,5.365e-2,,8.205e-26,4.684e-12,,2.902e-19,1.749e-20,1.352e+0,6.991e-10,1.850e-10,1.720e-19,1.218e-22,5.138e-2,3.933e-7,1.088e+0,4.468e-2,2.313e-5,1.016e-17,1.054e+1,,8.380e-2,,,2.862e-2,,,1.866e-19,,1.615e-18,,5.693e-19,,1.634e-2,,,,1.113e-3,2.703e-16
575.37,1.373e+1,3.437e-20,1.743e-13,1.346e-39,1.356e-17,,,1.644e-18,4.080e-21,,1.792e-15,7.279e-20,9.039e-19,9.490e-18,2.873e-20,8.398e-12,1.981e-12,3.114e-25,,4.372e-18,8.431e-19,2.761e-37,4.575e-2,,8.212e-26,6.585e-12,,2.903e-19,1.750e-20,1.507e+0,8.925e-10,1.875e-10,1.721e-19,1.217e-22,5.905e-2,2.949e-7,1.081e+0,5.340e-2,2.893e-5,1.015e-17,1.086e+1,,7.231e-2,,,3.098e-2,,,1.867e-19,,1.615e-18,,5.693e-19,,1.848e-2,,,,9.120e-4,2.704e-16
575.4,1.446e+1,3.434e-20,2.128e-13,1.334e-39,1.368e-17,,,1.644e-18,4.082e-21,,1.791e-15,7.297e-20,5.237e-19,9.490e-18,2.945e-20,6.563e-12,3.233e-12,3.117e-25,,4.380e-18,8.436e-19,2.794e-37,3.592e-2,,8.223e-26,1.093e-11,,2.905e-19,1.750e-20,1.765e+0,1.341e-9,1.911e-10,1.721e-19,1.216e-22,7.246e-2,1.906e-7,1.089e+0,6.946e-2,4.030e-5,1.015e-17,1.131e+1,,5.771e-2,,,3.551e-2,,,1.869e-19,,1.615e-18,,5.692e-19,,2.214e-2,,,,6.739e-4,2.704e-16
575.42,1.496e+1,3.431e-20,2.424e-13,1.326e-39,1.376e-17,,,1.644e-18,4.083e-21,,1.791e-15,7.309e-20,3.629e-19,9.489e-18,2.993e-20,5.552e-12,4.470e-12,3.119e-25,,4.386e-18,8.440e-19,2.816e-37,3.052e-2,,8.231e-26,1.528e-11,,2.905e-19,1.750e-20,1.956e+0,1.782e-9,1.932e-10,1.721e-19,1.216e-22,8.280e-2,1.421e-7,1.104e+0,8.253e-2,5.012e-5,1.015e-17,1.159e+1,,4.952e-2,,,3.922e-2,,,1.870e-19,,1.616e-18,,5.692e-19,,2.490e-2,,,,5.492e-4,2.704e-16
575.45,1.573e+1,3.428e-20,2.933e-13,1.314e-39,1.388e-17,,,1.644e-18,4.085e-21,,1.791e-15,7.327e-20,2.084e-19,9.489e-18,3.066e-20,4.302e-12,7.234e-12,3.122e-25,,4.394e-18,8.446e-19,2.850e-37,2.388e-2,,8.242e-26,2.516e-11,,2.907e-19,1.750e-20,2.271e+0,2.746e-9,1.961e-10,1.721e-19,1.215e-22,1.007e-1,9.106e-8,1.144e+0,1.064e-1,6.922e-5,1.014e-17,1.197e+1,,3.918e-2,,,4.591e-2,,,1.872e-19,,1.616e-18,,5.691e-19,,2.957e-2,,,,4.023e-4,2.705e-16
575.47,1.626e+1,3.425e-20,3.322e-13,1.307e-39,1.396e-17,,,1.643e-18,4.086e-21,,1.790e-15,7.339e-20,1.436e-19,9.489e-18,3.114e-20,3.618e-12,9.943e-12,3.124e-25,,4.400e-18,8.449e-19,2.872e-37,2.029e-2,,8.249e-26,3.498e-11,,2.908e-19,1.750e-20,2.502e+0,3.667e-9,1.977e-10,1.721e-19,1.215e-22,1.145e-1,6.748e-8,1.181e+0,1.257e-1,8.559e-5,1.014e-17,1.220e+1,,3.342e-2,,,5.115e-2,,,1.873e-19,,1.616e-18,,5.690e-19,,3.306e-2,,,,3.259e-4,2.705e-16
575.5,1.706e+1,3.422e-20,3.985e-13,1.295e-39,1.408e-17,,,1.643e-18,4.088e-21,,1.790e-15,7.357e-20,8.173e-20,9.489e-18,3.186e-20,2.779e-12,1.595e-11,3.127e-25,,4.408e-18,8.455e-19,2.906e-37,1.595e-2,,8.261e-26,5.710e-11,,2.909e-19,1.751e-20,2.880e+0,5.648e-9,1.997e-10,1.721e-19,1.214e-22,1.380e-1,4.287e-8,1.251e+0,1.608e-1,1.172e-4,1.013e-17,1.249e+1,,2.621e-2,,,6.027e-2,,,1.875e-19,,1.616e-18,,5.690e-19,,3.892e-2,,,,2.367e-4,2.705e-16
575.52,1.760e+1,3.419e-20,4.487e-13,1.287e-39,1.415e-17,,,1.643e-18,4.089e-21,,1.790e-15,7.369e-20,5.597e-20,9.489e-18,3.235e-20,2.324e-12,2.180e-11,3.130e-25,,4.413e-18,8.458e-19,2.928e-37,1.367e-2,,8.268e-26,7.893e-11,,2.910e-19,1.751e-20,3.154e+0,7.517e-9,2.006e-10,1.722e-19,1.213e-22,1.559e-1,3.159e-8,1.307e+0,1.888e-1,1.441e-4,1.013e-17,1.265e+1,,2.223e-2,,,6.725e-2,,,1.876e-19,,1.616e-18,,5.689e-19,,4.327e-2,,,,1.906e-4,2.705e-16
575.55,1.843e+1,3.415e-20,5.337e-13,1.275e-39,1.427e-17,,,1.643e-18,4.091e-21,,1.789e-15,7.387e-20,3.159e-20,9.489e-18,3.307e-20,1.769e-12,3.469e-11,3.133e-25,,4.422e-18,8.464e-19,2.962e-37,1.102e-2,,8.279e-26,1.278e-10,,2.911e-19,1.751e-20,3.600e+0,1.150e-8,2.015e-10,1.722e-19,1.212e-22,1.864e-1,1.989e-8,1.405e+0,2.393e-1,1.956e-4,1.012e-17,1.284e+1,,1.728e-2,,,7.917e-2,,,1.878e-19,,1.616e-18,,5.688e-19,,5.051e-2,,,,1.372e-4,2.706e-16
575.57,1.899e+1,3.413e-20,5.974e-13,1.267e-39,1.435e-17,,,1.643e-18,4.092e-21,,1.789e-15,7.399e-20,2.151e-20,9.488e-18,3.355e-20,1.471e-12,4.714e-11,3.135e-25,,4.427e-18,8.468e-19,2.984e-37,9.705e-3,,8.287e-26,1.756e-10,,2.912e-19,1.751e-20,3.920e+0,1.522e-8,2.017e-10,1.722e-19,1.212e-22,2.094e-1,1.457e-8,1.480e+0,2.795e-1,2.391e-4,1.012e-17,1.293e+1,,1.457e-2,,,8.814e-2,,,1.880e-19,,1.616e-18,,5.688e-19,,5.583e-2,,,,1.099e-4,2.706e-16
575.6,1.984e+1,3.409e-20,7.045e-13,1.256e-39,1.447e-17,,,1.643e-18,4.094e-21,,1.788e-15,7.417e-20,1.203e-20,9.488e-18,3.428e-20,1.110e-12,7.435e-11,3.138e-25,,4.435e-18,8.473e-19,3.017e-37,8.339e-3,,8.298e-26,2.819e-10,,2.913e-19,1.751e-20,4.436e+0,2.309e-8,2.013e-10,1.722e-19,1.211e-22,2.483e-1,9.095e-9,1.604e+0,3.513e-1,3.218e-4,1.011e-17,1.301e+1,,1.123e-2,,,1.032e-1,,,1.882e-19,,1.617e-18,,5.687e-19,,6.460e-2,,,,7.843e-5,2.706e-16
575.62,2.042e+1,3.407e-20,7.841e-13,1.248e-39,1.455e-17,,,1.643e-18,4.095e-21,,1.788e-15,7.429e-20,8.144e-21,9.488e-18,3.476e-20,9.178e-13,1.005e-10,3.140e-25,,4.441e-18,8.477e-19,3.040e-37,7.799e-3,,8.306e-26,3.853e-10,,2.914e-19,1.752e-20,4.803e+0,3.041e-8,2.006e-10,1.722e-19,1.211e-22,2.773e-1,6.624e-9,1.694e+0,4.079e-1,3.912e-4,1.011e-17,1.303e+1,,9.414e-3,,,1.145e-1,,,1.883e-19,,1.617e-18,,5.687e-19,,7.100e-2,,,,6.245e-5,2.707e-16
575.65,2.130e+1,3.403e-20,9.167e-13,1.236e-39,1.467e-17,,,1.643e-18,4.097e-21,,1.788e-15,7.447e-20,4.516e-21,9.488e-18,3.548e-20,6.867e-13,1.571e-10,3.143e-25,,4.449e-18,8.482e-19,3.073e-37,7.513e-3,,8.317e-26,6.131e-10,,2.915e-19,1.752e-20,5.388e+0,4.574e-8,1.988e-10,1.723e-19,1.210e-22,3.258e-1,4.099e-9,1.842e+0,5.082e-1,5.220e-4,1.010e-17,1.300e+1,,7.194e-3,,,1.332e-1,,,1.885e-19,,1.617e-18,,5.686e-19,,8.145e-2,,,,4.417e-5,2.707e-16
575.67,2.189e+1,3.401e-20,1.014e-12,1.228e-39,1.474e-17,,,1.643e-18,4.098e-21,,1.787e-15,7.459e-20,3.039e-21,9.488e-18,3.597e-20,5.643e-13,2.110e-10,3.145e-25,,4.455e-18,8.486e-19,3.096e-37,7.668e-3,,8.324e-26,8.334e-10,,2.916e-19,1.752e-20,5.800e+0,5.988e-8,1.972e-10,1.723e-19,1.209e-22,3.618e-1,2.968e-9,1.947e+0,5.867e-1,6.308e-4,1.010e-17,1.295e+1,,5.995e-3,,,1.469e-1,,,1.886e-19,,1.617e-18,,5.685e-19,,8.900e-2,,,,3.497e-5,2.707e-16
575.7,2.281e+1,3.397e-20,1.176e-12,1.216e-39,1.486e-17,,,1.643e-18,4.100e-21,,1.787e-15,7.477e-20,1.671e-21,9.488e-18,3.669e-20,4.186e-13,3.272e-10,3.149e-25,,4.463e-18,8.492e-19,3.129e-37,8.434e-3,,8.336e-26,1.315e-9,,2.917e-19,1.752e-20,6.450e+0,8.931e-8,1.942e-10,1.723e-19,1.209e-22,4.215e-1,1.820e-9,2.115e+0,7.247e-1,8.345e-4,1.010e-17,1.281e+1,,4.541e-3,,,1.696e-1,,,1.888e-19,,1.617e-18,,5.685e-19,,1.012e-1,,,,2.452e-5,2.707e-16
575.72,2.343e+1,3.395e-20,1.294e-12,1.208e-39,1.494e-17,,,1.643e-18,4.101e-21,,1.787e-15,7.489e-20,1.118e-21,9.487e-18,3.717e-20,3.420e-13,4.370e-10,3.151e-25,,4.468e-18,8.495e-19,3.151e-37,9.324e-3,,8.343e-26,1.777e-9,,2.918e-19,1.752e-20,6.904e+0,1.163e-7,1.917e-10,1.723e-19,1.208e-22,4.654e-1,1.310e-9,2.233e+0,8.319e-1,1.003e-3,1.009e-17,1.269e+1,,3.763e-3,,,1.861e-1,,,1.889e-19,,1.617e-18,,5.684e-19,,1.100e-1,,,,1.930e-5,2.708e-16
575.74,2.406e+1,3.393e-20,1.420e-12,1.201e-39,1.502e-17,,,1.643e-18,4.103e-21,,1.786e-15,7.500e-20,7.461e-22,9.487e-18,3.766e-20,2.788e-13,5.824e-10,3.153e-25,,4.474e-18,8.499e-19,3.174e-37,1.055e-2,,8.351e-26,2.397e-9,,2.919e-19,1.753e-20,7.372e+0,1.510e-7,1.889e-10,1.723e-19,1.207e-22,5.126e-1,9.410e-10,2.355e+0,9.528e-1,1.202e-3,1.009e-17,1.253e+1,,3.110e-3,,,2.038e-1,,,1.890e-19,,1.618e-18,,5.684e-19,,1.192e-1,,,,1.515e-5,2.708e-16
575.77,2.504e+1,3.389e-20,1.626e-12,1.189e-39,1.514e-17,,,1.643e-18,4.104e-21,,1.786e-15,7.518e-20,4.051e-22,9.487e-18,3.838e-20,2.043e-13,8.923e-10,3.156e-25,,4.482e-18,8.504e-19,3.207e-37,1.308e-2,,8.362e-26,3.738e-9,,2.920e-19,1.753e-20,8.100e+0,2.225e-7,1.840e-10,1.723e-19,1.207e-22,5.900e-1,5.702e-10,2.547e+0,1.163e+0,1.571e-3,1.008e-17,1.226e+1,,2.328e-3,,,2.325e-1,,,1.892e-19,,1.618e-18,,5.683e-19,,1.339e-1,,,,1.050e-5,2.708e-16
575.79,2.571e+1,3.387e-20,1.775e-12,1.181e-39,1.522e-17,,,1.643e-18,4.106e-21,,1.786e-15,7.530e-20,2.688e-22,9.487e-18,3.886e-20,1.655e-13,1.182e-9,3.158e-25,,4.488e-18,8.508e-19,3.230e-37,1.531e-2,,8.369e-26,5.012e-9,,2.921e-19,1.753e-20,8.600e+0,2.873e-7,1.804e-10,1.724e-19,1.206e-22,6.462e-1,4.071e-10,2.679e+0,1.324e+0,1.873e-3,1.008e-17,1.204e+1,,1.913e-3,,,2.531e-1,,,1.894e-19,,1.618e-18,,5.682e-19,,1.443e-1,,,,8.195e-6,2.708e-16
575.82,2.675e+1,3.383e-20,2.015e-12,1.169e-39,1.533e-17,,,1.643e-18,4.107e-21,,1.785e-15,7.548e-20,1.447e-22,9.487e-18,3.959e-20,1.203e-13,1.796e-9,3.161e-25,,4.496e-18,8.514e-19,3.263e-37,1.961e-2,,8.381e-26,7.751e-9,,2.923e-19,1.753e-20,9.368e+0,4.199e-7,1.744e-10,1.724e-19,1.205e-22,7.374e-1,2.445e-10,2.884e+0,1.602e+0,2.427e-3,1.007e-17,1.168e+1,,1.419e-3,,,2.863e-1,,,1.896e-19,,1.618e-18,,5.682e-19,,1.608e-1,,,,5.628e-6,2.709e-16
575.84,2.746e+1,3.380e-20,2.187e-12,1.161e-39,1.541e-17,,,1.643e-18,4.109e-21,,1.785e-15,7.560e-20,9.546e-23,9.487e-18,4.007e-20,9.689e-14,2.366e-9,3.163e-25,,4.501e-18,8.517e-19,3.286e-37,2.322e-2,,8.388e-26,1.033e-8,,2.923e-19,1.753e-20,9.890e+0,5.391e-7,1.701e-10,1.724e-19,1.205e-22,8.030e-1,1.736e-10,3.025e+0,1.814e+0,2.876e-3,1.007e-17,1.142e+1,,1.160e-3,,,3.100e-1,,,1.897e-19,,1.618e-18,,5.681e-19,,1.723e-1,,,,4.368e-6,2.709e-16
575.87,2.857e+1,3.377e-20,2.461e-12,1.150e-39,1.553e-17,,,1.643e-18,4.110e-21,,1.784e-15,7.578e-20,5.093e-23,9.487e-18,4.079e-20,6.977e-14,3.563e-9,3.167e-25,,4.510e-18,8.523e-19,3.319e-37,2.998e-2,,8.399e-26,1.585e-8,,2.925e-19,1.754e-20,1.068e+1,7.811e-7,1.632e-10,1.724e-19,1.204e-22,9.085e-1,1.034e-10,3.240e+0,2.176e+0,3.695e-3,1.007e-17,1.099e+1,,8.527e-4,,,3.477e-1,,,1.899e-19,,1.618e-18,,5.680e-19,,1.903e-1,,,,2.973e-6,2.709e-16
575.89,2.933e+1,3.374e-20,2.655e-12,1.142e-39,1.561e-17,,,1.643e-18,4.112e-21,,1.784e-15,7.590e-20,3.341e-23,9.486e-18,4.128e-20,5.589e-14,4.667e-9,3.169e-25,,4.515e-18,8.527e-19,3.341e-37,3.554e-2,,8.407e-26,2.101e-8,,2.926e-19,1.754e-20,1.121e+1,9.973e-7,1.583e-10,1.724e-19,1.204e-22,9.836e-1,7.294e-11,3.387e+0,2.449e+0,4.355e-3,1.006e-17,1.068e+1,,6.927e-4,,,3.743e-1,,,1.900e-19,,1.619e-18,,5.680e-19,,2.027e-1,,,,2.294e-6,2.710e-16
575.92,3.052e+1,3.371e-20,2.963e-12,1.130e-39,1.573e-17,,,1.642e-18,4.113e-21,,1.784e-15,7.608e-20,1.767e-23,9.486e-18,4.200e-20,3.990e-14,6.968e-9,3.172e-25,,4.523e-18,8.532e-19,3.375e-37,4.579e-2,,8.418e-26,3.195e-8,,2.927e-19,1.754e-20,1.200e+1,1.433e-6,1.507e-10,1.724e-19,1.203e-22,1.103e+0,4.305e-11,3.612e+0,2.912e+0,5.546e-3,1.006e-17,1.020e+1,,5.050e-4,,,4.162e-1,,,1.902e-19,,1.619e-18,,5.679e-19,,2.220e-1,,,,1.548e-6,2.710e-16
575.94,3.135e+1,3.368e-20,3.179e-12,1.122e-39,1.581e-17,,,1.642e-18,4.115e-21,,1.783e-15,7.620e-20,1.152e-23,9.486e-18,4.248e-20,3.178e-14,9.076e-9,3.174e-25,,4.529e-18,8.536e-19,3.397e-37,5.412e-2,,8.426e-26,4.212e-8,,2.928e-19,1.754e-20,1.252e+1,1.819e-6,1.454e-10,1.725e-19,1.202e-22,1.188e+0,3.021e-11,3.763e+0,3.260e+0,6.498e-3,1.005e-17,9.873e+0,,4.079e-4,,,4.454e-1,,,1.903e-19,,1.619e-18,,5.679e-19,,2.351e-1,,,,1.188e-6,2.710e-16
575.97,3.264e+1,3.365e-20,3.516e-12,1.110e-39,1.593e-17,,,1.642e-18,4.116e-21,,1.783e-15,7.638e-20,6.040e-24,9.486e-18,4.321e-20,2.249e-14,1.344e-8,3.177e-25,,4.537e-18,8.541e-19,3.431e-37,6.930e-2,,8.437e-26,6.351e-8,,2.929e-19,1.754e-20,1.329e+1,2.591e-6,1.372e-10,1.725e-19,1.201e-22,1.321e+0,1.767e-11,3.994e+0,3.843e+0,8.206e-3,1.005e-17,9.363e+0,,2.948e-4,,,4.911e-1,,,1.905e-19,,1.619e-18,,5.678e-19,,2.552e-1,,,,7.946e-7,2.710e-16
575.99,3.353e+1,3.362e-20,3.751e-12,1.103e-39,1.600e-17,,,1.642e-18,4.118e-21,,1.783e-15,7.650e-20,3.916e-24,9.486e-18,4.369e-20,1.781e-14,1.740e-8,3.179e-25,,4.543e-18,8.545e-19,3.453e-37,8.152e-2,,8.444e-26,8.327e-8,,2.930e-19,1.755e-20,1.379e+1,3.270e-6,1.317e-10,1.725e-19,1.201e-22,1.413e+0,1.233e-11,4.150e+0,4.277e+0,9.560e-3,1.004e-17,9.017e+0,,2.367e-4,,,5.225e-1,,,1.906e-19,,1.619e-18,,5.677e-19,,2.688e-1,,,,6.061e-7,2.711e-16
576.02,3.493e+1,3.359e-20,4.113e-12,1.091e-39,1.612e-17,,,1.642e-18,4.119e-21,,1.782e-15,7.668e-20,2.035e-24,9.486e-18,4.441e-20,1.249e-14,2.554e-8,3.182e-25,,4.551e-18,8.550e-19,3.487e-37,1.036e-1,,8.455e-26,1.245e-7,,2.931e-19,1.755e-20,1.451e+1,4.618e-6,1.234e-10,1.725e-19,1.200e-22,1.558e+0,7.151e-12,4.386e+0,4.999e+0,1.197e-2,1.004e-17,8.496e+0,,1.696e-4,,,5.711e-1,,,1.908e-19,,1.619e-18,,5.677e-19,,2.893e-1,,,,4.019e-7,2.711e-16
576.04,3.590e+1,3.356e-20,4.362e-12,1.083e-39,1.620e-17,,,1.642e-18,4.121e-21,,1.782e-15,7.680e-20,1.312e-24,9.485e-18,4.490e-20,9.833e-15,3.288e-8,3.185e-25,,4.556e-18,8.554e-19,3.509e-37,1.212e-1,,8.463e-26,1.623e-7,,2.932e-19,1.755e-20,1.497e+1,5.797e-6,1.178e-10,1.725e-19,1.200e-22,1.658e+0,4.959e-12,4.545e+0,5.531e+0,1.386e-2,1.003e-17,8.149e+0,,1.354e-4,,,6.043e-1,,,1.910e-19,,1.620e-18,,5.676e-19,,3.029e-1,,,,3.048e-7,2.711e-16
576.07,3.741e+1,3.353e-20,4.743e-12,1.071e-39,1.632e-17,,,1.642e-18,4.122e-21,,1.782e-15,7.698e-20,1.310e-24,9.485e-18,4.562e-20,6.839e-15,4.785e-8,3.188e-25,,4.565e-18,8.560e-19,3.542e-37,1.527e-1,,8.474e-26,2.406e-7,,2.933e-19,1.755e-20,1.562e+1,8.117e-6,1.094e-10,1.725e-19,1.199e-22,1.812e+0,2.851e-12,4.785e+0,6.410e+0,1.721e-2,1.003e-17,7.636e+0,,9.616e-5,,,6.548e-1,,,1.911e-19,,1.620e-18,,5.675e-19,,3.232e-1,,,,2.004e-7,2.712e-16
576.09,3.846e+1,3.350e-20,5.001e-12,1.063e-39,1.640e-17,,,1.642e-18,4.124e-21,,1.781e-15,7.710e-20,1.309e-24,9.485e-18,4.610e-20,5.352e-15,6.126e-8,3.190e-25,,4.570e-18,8.563e-19,3.565e-37,1.777e-1,,8.482e-26,3.120e-7,,2.934e-19,1.755e-20,1.602e+1,1.013e-5,1.039e-10,1.726e-19,1.198e-22,1.917e+0,1.966e-12,4.947e+0,7.052e+0,1.982e-2,1.003e-17,7.300e+0,,7.632e-5,,,6.888e-1,,,1.913e-19,,1.620e-18,,5.675e-19,,3.365e-1,,,,1.511e-7,2.712e-16
576.11,3.954e+1,3.348e-20,5.261e-12,1.056e-39,1.648e-17,,,1.642e-18,4.125e-21,,1.781e-15,7.722e-20,1.308e-24,9.485e-18,4.659e-20,4.179e-15,7.826e-8,3.192e-25,,4.576e-18,8.567e-19,3.587e-37,2.063e-1,,8.489e-26,4.035e-7,,2.935e-19,1.756e-20,1.639e+1,1.262e-5,9.839e-11,1.726e-19,1.198e-22,2.024e+0,1.352e-12,5.110e+0,7.740e+0,2.277e-2,1.002e-17,6.971e+0,,6.044e-5,,,7.229e-1,,,1.914e-19,,1.620e-18,,5.674e-19,,3.495e-1,,,,1.136e-7,2.712e-16
576.14,4.123e+1,3.344e-20,5.652e-12,1.044e-39,1.659e-17,,,1.642e-18,4.127e-21,,1.781e-15,7.740e-20,1.306e-24,9.485e-18,4.731e-20,2.871e-15,1.125e-7,3.195e-25,,4.584e-18,8.572e-19,3.621e-37,2.569e-1,,8.500e-26,5.912e-7,,2.936e-19,1.756e-20,1.690e+1,1.746e-5,9.038e-11,1.726e-19,1.197e-22,2.186e+0,7.680e-13,5.358e+0,8.862e+0,2.792e-2,1.002e-17,6.496e+0,,4.241e-5,,,7.740e-1,,,1.916e-19,,1.620e-18,,5.673e-19,,3.684e-1,,,,7.379e-8,2.712e-16
576.16,4.239e+1,3.342e-20,5.911e-12,1.036e-39,1.667e-17,,,1.642e-18,4.128e-21,,1.780e-15,7.752e-20,1.305e-24,9.485e-18,4.779e-20,2.229e-15,1.429e-7,3.197e-25,,4.589e-18,8.576e-19,3.643e-37,2.965e-1,,8.508e-26,7.605e-7,,2.937e-19,1.756e-20,1.719e+1,2.162e-5,8.518e-11,1.726e-19,1.196e-22,2.294e+0,5.252e-13,5.525e+0,9.671e+0,3.190e-2,1.001e-17,6.192e+0,,3.339e-5,,,8.076e-1,,,1.917e-19,,1.620e-18,,5.673e-19,,3.805e-1,,,,5.518e-8,2.713e-16
576.19,4.420e+1,3.338e-20,6.296e-12,1.024e-39,1.679e-17,,,1.642e-18,4.130e-21,,1.780e-15,7.770e-20,1.304e-24,9.484e-18,4.852e-20,1.518e-15,2.037e-7,3.200e-25,,4.597e-18,8.582e-19,3.676e-37,3.661e-1,,8.519e-26,1.105e-6,,2.938e-19,1.756e-20,1.757e+1,2.966e-5,7.764e-11,1.726e-19,1.196e-22,2.456e+0,2.957e-13,5.778e+0,1.098e+1,3.879e-2,1.001e-17,5.759e+0,,2.322e-5,,,8.572e-1,,,1.919e-19,,1.621e-18,,5.672e-19,,3.976e-1,,,,3.552e-8,2.713e-16
576.21,4.544e+1,3.336e-20,6.547e-12,1.016e-39,1.687e-17,,,1.642e-18,4.131e-21,,1.780e-15,7.782e-20,1.303e-24,9.484e-18,4.900e-20,1.172e-15,2.572e-7,3.203e-25,,4.603e-18,8.585e-19,3.699e-37,4.202e-1,,8.527e-26,1.413e-6,,2.939e-19,1.756e-20,1.777e+1,3.652e-5,7.280e-11,1.726e-19,1.195e-22,2.563e+0,2.010e-13,5.949e+0,1.191e+1,4.406e-2,1.000e-17,5.487e+0,,1.818e-5,,,8.894e-1,,,1.920e-19,,1.621e-18,,5.672e-19,,4.083e-1,,,,2.641e-8,2.713e-16
576.24,4.737e+1,3.332e-20,6.913e-12,1.005e-39,1.699e-17,,,1.642e-18,4.133e-21,,1.779e-15,7.800e-20,1.301e-24,9.484e-18,4.972e-20,7.911e-16,3.635e-7,3.206e-25,,4.611e-18,8.591e-19,3.732e-37,5.144e-1,,8.538e-26,2.036e-6,,2.941e-19,1.757e-20,1.800e+1,4.969e-5,6.587e-11,1.727e-19,1.194e-22,2.720e+0,1.122e-13,6.210e+0,1.340e+1,5.311e-2,9.999e-18,5.107e+0,,1.253e-5,,,9.358e-1,,,1.922e-19,,1.621e-18,,5.671e-19,,4.230e-1,,,,1.686e-8,2.714e-16
576.26,4.869e+1,3.330e-20,7.147e-12,9.967e-40,1.707e-17,,,1.642e-18,4.134e-21,,1.779e-15,7.812e-20,1.300e-24,9.484e-18,5.021e-20,6.071e-16,4.565e-7,3.208e-25,,4.617e-18,8.595e-19,3.755e-37,5.869e-1,,8.545e-26,2.590e-6,,2.941e-19,1.757e-20,1.811e+1,6.083e-5,6.147e-11,1.727e-19,1.194e-22,2.822e+0,7.584e-14,6.386e+0,1.446e+1,5.998e-2,9.995e-18,4.872e+0,,9.754e-6,,,9.654e-1,,,1.924e-19,,1.621e-18,,5.670e-19,,4.319e-1,,,,1.246e-8,2.714e-16
576.29,5.073e+1,3.326e-20,7.482e-12,9.849e-40,1.718e-17,,,1.642e-18,4.135e-21,,1.778e-15,7.830e-20,1.299e-24,9.484e-18,5.093e-20,4.063e-16,6.396e-7,3.211e-25,,4.625e-18,8.600e-19,3.788e-37,7.123e-1,,8.557e-26,3.700e-6,,2.943e-19,1.757e-20,1.818e+1,8.207e-5,5.525e-11,1.727e-19,1.193e-22,2.969e+0,4.196e-14,6.655e+0,1.613e+1,7.168e-2,9.990e-18,4.550e+0,,6.667e-6,,,1.007e+0,,,1.926e-19,,1.621e-18,,5.670e-19,,4.436e-1,,,,7.882e-9,2.714e-16
576.31,5.212e+1,3.324e-20,7.692e-12,9.771e-40,1.726e-17,,,1.642e-18,4.137e-21,,1.778e-15,7.842e-20,1.298e-24,9.484e-18,5.141e-20,3.100e-16,7.986e-7,3.213e-25,,4.630e-18,8.604e-19,3.811e-37,8.082e-1,,8.564e-26,4.680e-6,,2.944e-19,1.757e-20,1.818e+1,9.992e-5,5.135e-11,1.727e-19,1.192e-22,3.063e+0,2.820e-14,6.836e+0,1.731e+1,8.049e-2,9.986e-18,4.355e+0,,5.158e-6,,,1.033e+0,,,1.927e-19,,1.621e-18,,5.669e-19,,4.503e-1,,,,5.792e-9,2.714e-16
576.34,5.425e+1,3.320e-20,7.982e-12,9.653e-40,1.738e-17,,,1.641e-18,4.138e-21,,1.778e-15,7.860e-20,1.296e-24,9.484e-18,5.214e-20,2.057e-16,1.109e-6,3.216e-25,,4.639e-18,8.609e-19,3.844e-37,9.725e-1,,8.575e-26,6.630e-6,,2.945e-19,1.757e-20,1.811e+1,1.337e-4,4.588e-11,1.727e-19,1.192e-22,3.195e+0,1.547e-14,7.113e+0,1.914e+1,9.537e-2,9.981e-18,4.094e+0,,3.495e-6,,,1.068e+0,,,1.929e-19,,1.622e-18,,5.668e-19,,4.585e-1,,,,3.633e-9,2.715e-16
576.36,5.569e+1,3.318e-20,8.159e-12,9.575e-40,1.746e-17,,,1.641e-18,4.140e-21,,1.777e-15,7.872e-20,1.295e-24,9.483e-18,5.262e-20,1.560e-16,1.377e-6,3.218e-25,,4.644e-18,8.613e-19,3.866e-37,1.097e+0,,8.583e-26,8.340e-6,,2.946e-19,1.758e-20,1.800e+1,1.618e-4,4.250e-11,1.727e-19,1.191e-22,3.277e+0,1.033e-14,7.301e+0,2.042e+1,1.065e-1,9.977e-18,3.940e+0,,2.689e-6,,,1.089e+0,,,1.930e-19,,1.622e-18,,5.668e-19,,4.628e-1,,,,2.654e-9,2.715e-16
576.39,5.789e+1,3.314e-20,8.395e-12,9.457e-40,1.758e-17,,,1.641e-18,4.141e-21,,1.777e-15,7.889e-20,1.294e-24,9.483e-18,5.334e-20,1.026e-16,1.897e-6,3.222e-25,,4.652e-18,8.618e-19,3.900e-37,1.309e+0,,8.594e-26,1.172e-5,,2.947e-19,1.758e-20,1.777e+1,2.146e-4,3.783e-11,1.728e-19,1.190e-22,3.389e+0,5.617e-15,7.585e+0,2.239e+1,1.251e-1,9.972e-18,3.739e+0,,1.806e-6,,,1.117e+0,,,1.932e-19,,1.622e-18,,5.667e-19,,4.672e-1,,,,1.650e-9,2.715e-16
576.41,5.937e+1,3.312e-20,8.531e-12,9.379e-40,1.766e-17,,,1.641e-18,4.143e-21,,1.777e-15,7.901e-20,1.293e-24,9.483e-18,5.383e-20,7.738e-17,2.341e-6,3.224e-25,,4.658e-18,8.622e-19,3.922e-37,1.468e+0,,8.602e-26,1.466e-5,,2.948e-19,1.758e-20,1.757e+1,2.584e-4,3.497e-11,1.728e-19,1.190e-22,3.456e+0,3.731e-15,7.777e+0,2.374e+1,1.388e-1,9.968e-18,3.625e+0,,1.381e-6,,,1.133e+0,,,1.933e-19,,1.622e-18,,5.667e-19,,4.688e-1,,,,1.199e-9,2.715e-16
576.44,6.161e+1,3.308e-20,8.702e-12,9.261e-40,1.777e-17,,,1.641e-18,4.144e-21,,1.776e-15,7.919e-20,1.291e-24,9.483e-18,5.455e-20,5.046e-17,3.197e-6,3.227e-25,,4.666e-18,8.628e-19,3.956e-37,1.736e+0,,8.613e-26,2.042e-5,,2.949e-19,1.758e-20,1.719e+1,3.399e-4,3.108e-11,1.728e-19,1.189e-22,3.544e+0,2.011e-15,8.067e+0,2.581e+1,1.617e-1,9.963e-18,3.481e+0,,9.198e-7,,,1.151e+0,,,1.935e-19,,1.622e-18,,5.666e-19,,4.692e-1,,,,7.388e-10,2.716e-16
576.46,6.311e+1,3.306e-20,8.793e-12,9.182e-40,1.785e-17,,,1.641e-18,4.146e-21,,1.776e-15,7.931e-20,1.290e-24,9.483e-18,5.503e-20,3.783e-17,3.924e-6,3.229e-25,,4.672e-18,8.631e-19,3.978e-37,1.936e+0,,8.620e-26,2.540e-5,,2.950e-19,1.758e-20,1.690e+1,4.069e-4,2.873e-11,1.728e-19,1.188e-22,3.593e+0,1.328e-15,8.262e+0,2.721e+1,1.785e-1,9.959e-18,3.403e+0,,6.994e-7,,,1.161e+0,,,1.936e-19,,1.622e-18,,5.665e-19,,4.681e-1,,,,5.335e-10,2.716e-16
576.48,6.461e+1,3.303e-20,8.864e-12,9.104e-40,1.793e-17,,,1.641e-18,4.147e-21,,1.776e-15,7.943e-20,1.289e-24,9.483e-18,5.552e-20,2.830e-17,4.805e-6,3.231e-25,,4.677e-18,8.635e-19,4.000e-37,2.154e+0,,8.628e-26,3.152e-5,,2.951e-19,1.758e-20,1.657e+1,4.861e-4,2.659e-11,1.728e-19,1.188e-22,3.635e+0,8.748e-16,8.457e+0,2.862e+1,1.966e-1,9.956e-18,3.339e+0,,5.306e-7,,,1.167e+0,,,1.938e-19,,1.622e-18,,5.665e-19,,4.660e-1,,,,3.844e-10,2.716e-16
576.51,6.684e+1,3.300e-20,8.933e-12,8.986e-40,1.805e-17,,,1.641e-18,4.149e-21,,1.775e-15,7.961e-20,1.287e-24,9.482e-18,5.624e-20,1.823e-17,6.482e-6,3.234e-25,,4.685e-18,8.641e-19,4.034e-37,2.517e+0,,8.639e-26,4.340e-5,,2.952e-19,1.759e-20,1.602e+1,6.319e-4,2.373e-11,1.728e-19,1.187e-22,3.682e+0,4.657e-16,8.748e+0,3.075e+1,2.262e-1,9.950e-18,3.266e+0,,3.490e-7,,,1.172e+0,,,1.940e-19,,1.623e-18,,5.664e-19,,4.608e-1,,,,2.340e-10,2.717e-16
576.53,6.832e+1,3.297e-20,8.954e-12,8.908e-40,1.813e-17,,,1.641e-18,4.150e-21,,1.775e-15,7.973e-20,1.286e-24,9.482e-18,5.672e-20,1.356e-17,7.892e-6,3.236e-25,,4.691e-18,8.644e-19,4.056e-37,2.785e+0,,8.646e-26,5.356e-5,,2.953e-19,1.759e-20,1.562e+1,7.506e-4,2.206e-11,1.729e-19,1.187e-22,3.704e+0,3.050e-16,8.941e+0,3.216e+1,2.476e-1,9.947e-18,3.233e+0,,2.632e-7,,,1.172e+0,,,1.941e-19,,1.623e-18,,5.664e-19,,4.560e-1,,,,1.676e-10,2.717e-16
576.56,7.049e+1,3.294e-20,8.946e-12,8.790e-40,1.825e-17,,,1.641e-18,4.152e-21,,1.775e-15,7.991e-20,1.285e-24,9.482e-18,5.745e-20,8.656e-18,1.056e-5,3.240e-25,,4.699e-18,8.650e-19,4.090e-37,3.226e+0,,8.658e-26,7.313e-5,,2.954e-19,1.759e-20,1.497e+1,9.677e-4,1.988e-11,1.729e-19,1.186e-22,3.720e+0,1.610e-16,9.226e+0,3.425e+1,2.825e-1,9.941e-18,3.202e+0,,1.717e-7,,,1.167e+0,,,1.943e-19,,1.623e-18,,5.663e-19,,4.471e-1,,,,1.012e-10,2.717e-16
576.58,7.191e+1,3.291e-20,8.915e-12,8.712e-40,1.833e-17,,,1.641e-18,4.153e-21,,1.774e-15,8.003e-20,1.284e-24,9.482e-18,5.793e-20,6.400e-18,1.278e-5,3.242e-25,,4.705e-18,8.653e-19,4.112e-37,3.549e+0,,8.665e-26,8.975e-5,,2.955e-19,1.759e-20,1.451e+1,1.143e-3,1.863e-11,1.729e-19,1.185e-22,3.720e+0,1.048e-16,9.412e+0,3.561e+1,3.075e-1,9.938e-18,3.194e+0,,1.287e-7,,,1.161e+0,,,1.944e-19,,1.623e-18,,5.662e-19,,4.399e-1,,,,7.205e-11,2.717e-16
576.61,7.397e+1,3.288e-20,8.831e-12,8.594e-40,1.844e-17,,,1.641e-18,4.155e-21,,1.774e-15,8.021e-20,1.282e-24,9.482e-18,5.865e-20,4.051e-18,1.695e-5,3.245e-25,,4.713e-18,8.659e-19,4.146e-37,4.076e+0,,8.676e-26,1.215e-4,,2.956e-19,1.760e-20,1.379e+1,1.461e-3,1.706e-11,1.729e-19,1.185e-22,3.704e+0,5.485e-17,9.682e+0,3.760e+1,3.478e-1,9.932e-18,3.197e+0,,8.322e-8,,,1.146e+0,,,1.946e-19,,1.623e-18,,5.662e-19,,4.275e-1,,,,4.311e-11,2.718e-16
576.63,7.530e+1,3.285e-20,8.750e-12,8.516e-40,1.852e-17,,,1.641e-18,4.156e-21,,1.774e-15,8.033e-20,1.281e-24,9.482e-18,5.914e-20,2.978e-18,2.040e-5,3.247e-25,,4.718e-18,8.663e-19,4.168e-37,4.458e+0,,8.684e-26,1.483e-4,,2.957e-19,1.760e-20,1.329e+1,1.717e-3,1.620e-11,1.729e-19,1.184e-22,3.682e+0,3.551e-17,9.855e+0,3.887e+1,3.765e-1,9.929e-18,3.209e+0,,6.204e-8,,,1.133e+0,,,1.947e-19,,1.623e-18,,5.661e-19,,4.183e-1,,,,3.052e-11,2.718e-16
576.66,7.720e+1,3.282e-20,8.593e-12,8.398e-40,1.864e-17,,,1.641e-18,4.158e-21,,1.773e-15,8.051e-20,1.280e-24,9.481e-18,5.986e-20,1.869e-18,2.683e-5,3.250e-25,,4.727e-18,8.668e-19,4.201e-37,5.077e+0,,8.695e-26,1.992e-4,,2.959e-19,1.760e-20,1.252e+1,2.177e-3,1.517e-11,1.730e-19,1.183e-22,3.635e+0,1.841e-17,1.010e+1,4.069e+1,4.222e-1,9.923e-18,3.238e+0,,3.976e-8,,,1.108e+0,,,1.949e-19,,1.624e-18,,5.660e-19,,4.030e-1,,,,1.811e-11,2.718e-16
576.68,7.840e+1,3.279e-20,8.465e-12,8.320e-40,1.872e-17,,,1.641e-18,4.159e-21,,1.773e-15,8.063e-20,1.279e-24,9.481e-18,6.034e-20,1.366e-18,3.211e-5,3.252e-25,,4.732e-18,8.672e-19,4.224e-37,5.521e+0,,8.703e-26,2.418e-4,,2.960e-19,1.760e-20,1.200e+1,2.543e-3,1.464e-11,1.730e-19,1.183e-22,3.593e+0,1.843e-17,1.025e+1,4.183e+1,4.544e-1,9.920e-18,3.264e+0,,2.947e-8,,,1.089e+0,,,1.950e-19,,1.624e-18,,5.660e-19,,3.921e-1,,,,1.274e-11,2.718e-16
576.71,8.009e+1,3.275e-20,8.242e-12,8.202e-40,1.884e-17,,,1.641e-18,4.161e-21,,1.772e-15,8.081e-20,1.277e-24,9.481e-18,6.107e-20,8.496e-19,4.185e-5,3.255e-25,,4.740e-18,8.677e-19,4.257e-37,6.233e+0,,8.714e-26,3.219e-4,,2.961e-19,1.760e-20,1.121e+1,3.198e-3,1.407e-11,1.730e-19,1.182e-22,3.517e+0,1.846e-17,1.047e+1,4.341e+1,5.051e-1,9.914e-18,3.311e+0,,1.872e-8,,,1.057e+0,,,1.952e-19,,1.624e-18,,5.659e-19,,3.745e-1,,,,7.494e-12,2.719e-16
576.73,8.112e+1,3.273e-20,8.073e-12,8.123e-40,1.892e-17,,,1.641e-18,4.162e-21,,1.772e-15,8.093e-20,1.276e-24,9.481e-18,6.155e-20,6.173e-19,4.981e-5,3.258e-25,,4.746e-18,8.681e-19,4.280e-37,6.739e+0,,8.721e-26,3.886e-4,,2.962e-19,1.760e-20,1.068e+1,3.715e-3,1.383e-11,1.730e-19,1.181e-22,3.456e+0,1.848e-17,1.059e+1,4.437e+1,5.405e-1,9.911e-18,3.346e+0,,1.380e-8,,,1.033e+0,,,1.954e-19,,1.624e-18,,5.659e-19,,3.622e-1,,,,5.244e-12,2.719e-16
576.76,8.254e+1,3.269e-20,7.792e-12,8.006e-40,1.903e-17,,,1.640e-18,4.164e-21,,1.772e-15,8.111e-20,1.275e-24,9.481e-18,6.227e-20,3.807e-19,6.438e-5,3.261e-25,,4.754e-18,8.687e-19,4.313e-37,7.544e+0,,8.733e-26,5.132e-4,,2.963e-19,1.761e-20,9.890e+0,4.633e-3,1.365e-11,1.730e-19,1.181e-22,3.354e+0,1.850e-17,1.076e+1,4.565e+1,5.958e-1,9.905e-18,3.404e+0,,8.689e-9,,,9.936e-1,,,1.955e-19,,1.624e-18,,5.658e-19,,3.430e-1,,,,3.057e-12,2.719e-16
576.78,8.338e+1,3.267e-20,7.588e-12,7.927e-40,1.911e-17,,,1.640e-18,4.165e-21,,1.771e-15,8.123e-20,1.274e-24,9.481e-18,6.276e-20,2.750e-19,7.617e-5,3.263e-25,,4.760e-18,8.690e-19,4.336e-37,8.110e+0,,8.740e-26,6.160e-4,,2.964e-19,1.761e-20,9.368e+0,5.353e-3,1.364e-11,1.730e-19,1.180e-22,3.277e+0,1.852e-17,1.085e+1,4.639e+1,6.339e-1,9.902e-18,3.444e+0,,6.366e-9,,,9.654e-1,,,1.957e-19,,1.624e-18,,5.657e-19,,3.299e-1,,,,2.127e-12,2.720e-16
576.81,8.447e+1,3.263e-20,7.261e-12,7.810e-40,1.923e-17,,,1.640e-18,4.167e-21,,1.771e-15,8.141e-20,1.272e-24,9.481e-18,6.348e-20,1.681e-19,9.761e-5,3.266e-25,,4.768e-18,8.696e-19,4.369e-37,9.001e+0,,8.751e-26,8.068e-4,,2.965e-19,1.761e-20,8.600e+0,6.622e-3,1.378e-11,1.731e-19,1.179e-22,3.152e+0,1.855e-17,1.096e+1,4.732e+1,6.926e-1,9.896e-18,3.506e+0,,3.975e-9,,,9.206e-1,,,1.959e-19,,1.625e-18,,5.657e-19,,3.097e-1,,,,1.229e-12,2.720e-16
576.83,8.509e+1,3.261e-20,7.031e-12,7.731e-40,1.931e-17,,,1.640e-18,4.168e-21,,1.771e-15,8.153e-20,1.271e-24,9.480e-18,6.396e-20,1.208e-19,1.148e-4,3.268e-25,,4.773e-18,8.699e-19,4.391e-37,9.621e+0,,8.759e-26,9.631e-4,,2.966e-19,1.761e-20,8.100e+0,7.610e-3,1.396e-11,1.731e-19,1.179e-22,3.063e+0,1.857e-17,1.102e+1,4.781e+1,7.327e-1,9.893e-18,3.548e+0,,2.895e-9,,,8.894e-1,,,1.960e-19,,1.625e-18,,5.656e-19,,2.961e-1,,,,8.501e-13,2.720e-16
576.85,8.560e+1,3.259e-20,6.793e-12,7.653e-40,1.939e-17,,,1.640e-18,4.169e-21,,1.770e-15,8.165e-20,1.270e-24,9.480e-18,6.444e-20,8.653e-20,1.348e-4,3.270e-25,,4.779e-18,8.703e-19,4.414e-37,1.026e+1,,8.766e-26,1.147e-3,,2.967e-19,1.761e-20,7.612e+0,8.726e-3,1.420e-11,1.731e-19,1.178e-22,2.969e+0,1.858e-17,1.105e+1,4.820e+1,7.733e-1,9.889e-18,3.589e+0,,2.104e-9,,,8.572e-1,,,1.961e-19,,1.625e-18,,5.656e-19,,2.825e-1,,,,5.867e-13,2.720e-16
576.88,8.619e+1,3.255e-20,6.422e-12,7.535e-40,1.951e-17,,,1.640e-18,4.171e-21,,1.770e-15,8.183e-20,1.268e-24,9.480e-18,6.517e-20,5.225e-20,1.707e-4,3.273e-25,,4.787e-18,8.709e-19,4.447e-37,1.125e+1,,8.778e-26,1.485e-3,,2.968e-19,1.762e-20,6.904e+0,1.067e-2,1.465e-11,1.731e-19,1.177e-22,2.822e+0,1.861e-17,1.107e+1,4.857e+1,8.349e-1,9.884e-18,3.650e+0,,1.298e-9,,,8.076e-1,,,1.963e-19,,1.625e-18,,5.655e-19,,2.620e-1,,,,3.349e-13,2.721e-16
576.9,8.645e+1,3.253e-20,6.168e-12,7.457e-40,1.958e-17,,,1.640e-18,4.172e-21,,1.770e-15,8.195e-20,1.267e-24,9.480e-18,6.565e-20,3.723e-20,1.992e-4,3.276e-25,,4.792e-18,8.712e-19,4.470e-37,1.193e+1,,8.785e-26,1.759e-3,,2.969e-19,1.762e-20,6.450e+0,1.217e-2,1.502e-11,1.731e-19,1.177e-22,2.720e+0,1.863e-17,1.106e+1,4.868e+1,8.762e-1,9.880e-18,3.689e+0,,9.376e-10,,,7.740e-1,,,1.964e-19,,1.625e-18,,5.654e-19,,2.485e-1,,,,2.298e-13,2.721e-16
576.93,8.664e+1,3.249e-20,5.782e-12,7.339e-40,1.970e-17,,,1.640e-18,4.174e-21,,1.769e-15,8.213e-20,1.266e-24,9.480e-18,6.638e-20,2.229e-20,2.500e-4,3.279e-25,,4.801e-18,8.718e-19,4.503e-37,1.297e+1,,8.796e-26,2.258e-3,,2.970e-19,1.762e-20,5.800e+0,1.476e-2,1.563e-11,1.731e-19,1.176e-22,2.563e+0,1.866e-17,1.101e+1,4.864e+1,9.379e-1,9.875e-18,3.746e+0,,5.733e-10,,,7.229e-1,,,1.966e-19,,1.625e-18,,5.654e-19,,2.285e-1,,,,1.300e-13,2.721e-16
576.95,8.663e+1,3.247e-20,5.521e-12,7.261e-40,1.978e-17,,,1.640e-18,4.175e-21,,1.769e-15,8.225e-20,1.265e-24,9.480e-18,6.686e-20,1.579e-20,2.901e-4,3.281e-25,,4.806e-18,8.721e-19,4.525e-37,1.368e+1,,8.804e-26,2.661e-3,,2.971e-19,1.762e-20,5.388e+0,1.674e-2,1.607e-11,1.732e-19,1.176e-22,2.456e+0,1.867e-17,1.095e+1,4.848e+1,9.786e-1,9.871e-18,3.781e+0,,4.118e-10,,,6.888e-1,,,1.968e-19,,1.625e-18,,5.653e-19,,2.155e-1,,,,8.870e-14,2.722e-16
576.98,8.641e+1,3.243e-20,5.131e-12,7.143e-40,1.990e-17,,,1.640e-18,4.177e-21,,1.769e-15,8.243e-20,1.263e-24,9.479e-18,6.758e-20,9.369e-21,3.611e-4,3.284e-25,,4.814e-18,8.727e-19,4.559e-37,1.474e+1,,8.815e-26,3.388e-3,,2.972e-19,1.762e-20,4.803e+0,2.014e-2,1.677e-11,1.732e-19,1.175e-22,2.294e+0,1.870e-17,1.083e+1,4.802e+1,1.038e+0,9.866e-18,3.831e+0,,2.497e-10,,,6.379e-1,,,1.969e-19,,1.626e-18,,5.652e-19,,1.965e-1,,,,4.976e-14,2.722e-16
577,8.613e+1,3.240e-20,4.872e-12,7.065e-40,1.998e-17,,,1.640e-18,4.178e-21,,1.768e-15,8.255e-20,1.262e-24,9.479e-18,6.806e-20,6.597e-21,4.166e-4,3.286e-25,,4.820e-18,8.731e-19,4.581e-37,1.545e+1,,8.823e-26,3.969e-3,,2.973e-19,1.763e-20,4.436e+0,2.273e-2,1.725e-11,1.732e-19,1.174e-22,2.186e+0,1.872e-17,1.072e+1,4.758e+1,1.077e+0,9.862e-18,3.862e+0,,1.783e-10,,,6.043e-1,,,1.971e-19,,1.626e-18,,5.652e-19,,1.842e-1,,,,3.375e-14,2.722e-16
577.03,8.551e+1,3.237e-20,4.488e-12,6.947e-40,2.010e-17,,,1.640e-18,4.180e-21,,1.768e-15,8.273e-20,1.261e-24,9.479e-18,6.879e-20,3.881e-21,5.141e-4,3.289e-25,,4.828e-18,8.736e-19,4.615e-37,1.652e+1,,8.834e-26,5.012e-3,,2.975e-19,1.763e-20,3.920e+0,2.713e-2,1.798e-11,1.732e-19,1.173e-22,2.024e+0,1.875e-17,1.053e+1,4.672e+1,1.134e+0,9.857e-18,3.906e+0,,1.073e-10,,,5.548e-1,,,1.973e-19,,1.626e-18,,5.651e-19,,1.665e-1,,,,1.877e-14,2.722e-16
577.05,8.496e+1,3.234e-20,4.237e-12,6.868e-40,2.017e-17,,,1.640e-18,4.181e-21,,1.767e-15,8.284e-20,1.260e-24,9.479e-18,6.927e-20,2.717e-21,5.898e-4,3.291e-25,,4.834e-18,8.740e-19,4.637e-37,1.722e+1,,8.841e-26,5.840e-3,,2.975e-19,1.763e-20,3.600e+0,3.044e-2,1.846e-11,1.732e-19,1.173e-22,1.917e+0,1.876e-17,1.037e+1,4.603e+1,1.169e+0,9.853e-18,3.933e+0,,7.625e-11,,,5.225e-1,,,1.974e-19,,1.626e-18,,5.651e-19,,1.552e-1,,,,1.265e-14,2.723e-16
577.08,8.394e+1,3.231e-20,3.870e-12,6.751e-40,2.029e-17,,,1.640e-18,4.183e-21,,1.767e-15,8.302e-20,1.258e-24,9.479e-18,7.000e-20,1.585e-21,7.215e-4,3.295e-25,,4.842e-18,8.745e-19,4.671e-37,1.825e+1,,8.852e-26,7.315e-3,,2.977e-19,1.763e-20,3.154e+0,3.605e-2,1.917e-11,1.732e-19,1.172e-22,1.760e+0,1.879e-17,1.010e+1,4.482e+1,1.220e+0,9.848e-18,3.971e+0,,4.565e-11,,,4.756e-1,,,1.976e-19,,1.626e-18,,5.650e-19,,1.391e-1,,,,6.975e-15,2.723e-16
577.1,8.313e+1,3.228e-20,3.633e-12,6.672e-40,2.037e-17,,,1.640e-18,4.184e-21,,1.767e-15,8.314e-20,1.257e-24,9.479e-18,7.048e-20,1.103e-21,8.230e-4,3.297e-25,,4.847e-18,8.749e-19,4.693e-37,1.892e+1,,8.860e-26,8.477e-3,,2.978e-19,1.763e-20,2.880e+0,4.024e-2,1.962e-11,1.733e-19,1.172e-22,1.658e+0,1.881e-17,9.906e+0,4.390e+1,1.251e+0,9.844e-18,3.995e+0,,3.249e-11,,,4.454e-1,,,1.977e-19,,1.626e-18,,5.649e-19,,1.289e-1,,,,4.676e-15,2.723e-16
577.13,8.174e+1,3.225e-20,3.290e-12,6.555e-40,2.049e-17,,,1.640e-18,4.186e-21,,1.766e-15,8.332e-20,1.256e-24,9.478e-18,7.120e-20,6.379e-22,9.983e-4,3.300e-25,,4.856e-18,8.755e-19,4.726e-37,1.988e+1,,8.871e-26,1.053e-2,,2.979e-19,1.764e-20,2.502e+0,4.727e-2,2.026e-11,1.733e-19,1.171e-22,1.509e+0,1.884e-17,9.579e+0,4.237e+1,1.294e+0,9.839e-18,4.029e+0,,1.977e-11,,,4.019e-1,,,1.979e-19,,1.627e-18,,5.648e-19,,1.145e-1,,,,2.555e-15,2.724e-16
577.15,8.070e+1,3.222e-20,3.070e-12,6.476e-40,2.057e-17,,,1.640e-18,4.187e-21,,1.766e-15,8.344e-20,1.255e-24,9.478e-18,7.168e-20,4.414e-22,1.132e-3,3.302e-25,,4.861e-18,8.758e-19,4.749e-37,2.049e+1,,8.879e-26,1.214e-2,,2.980e-19,1.764e-20,2.271e+0,5.249e-2,2.066e-11,1.733e-19,1.170e-22,1.414e+0,1.885e-17,9.343e+0,4.127e+1,1.319e+0,9.835e-18,4.050e+0,,1.454e-11,,,3.742e-1,,,1.980e-19,,1.627e-18,,5.648e-19,,1.055e-1,,,,1.703e-15,2.724e-16
577.18,7.899e+1,3.219e-20,2.756e-12,6.359e-40,2.069e-17,,,1.640e-18,4.189e-21,,1.766e-15,8.362e-20,1.253e-24,9.478e-18,7.241e-20,2.530e-22,1.362e-3,3.305e-25,,4.869e-18,8.764e-19,4.782e-37,2.136e+1,,8.890e-26,1.496e-2,,2.981e-19,1.764e-20,1.956e+0,6.118e-2,2.119e-11,1.733e-19,1.170e-22,1.276e+0,1.888e-17,8.965e+0,3.949e+1,1.353e+0,9.830e-18,4.080e+0,,9.990e-12,,,3.348e-1,,,1.982e-19,,1.627e-18,,5.647e-19,,9.295e-2,,,,9.225e-16,2.724e-16
577.2,7.774e+1,3.216e-20,2.558e-12,6.280e-40,2.077e-17,,,1.639e-18,4.190e-21,,1.765e-15,8.374e-20,1.252e-24,9.478e-18,7.289e-20,1.741e-22,1.535e-3,3.307e-25,,4.875e-18,8.767e-19,4.805e-37,2.189e+1,,8.897e-26,1.714e-2,,2.982e-19,1.764e-20,1.765e+0,6.758e-2,2.150e-11,1.733e-19,1.169e-22,1.188e+0,1.890e-17,8.699e+0,3.824e+1,1.372e+0,9.826e-18,4.099e+0,,8.627e-12,,,3.099e-1,,,1.983e-19,,1.627e-18,,5.647e-19,,8.516e-2,,,,6.113e-16,2.724e-16
577.22,7.642e+1,3.214e-20,2.368e-12,6.202e-40,2.084e-17,,,1.639e-18,4.191e-21,,1.765e-15,8.386e-20,1.251e-24,9.478e-18,7.337e-20,1.195e-22,1.728e-3,3.309e-25,,4.880e-18,8.771e-19,4.827e-37,2.239e+1,,8.905e-26,1.961e-2,,2.983e-19,1.764e-20,1.589e+0,7.450e-2,2.177e-11,1.733e-19,1.168e-22,1.104e+0,1.892e-17,8.423e+0,3.695e+1,1.388e+0,9.823e-18,4.118e+0,,8.384e-12,,,2.863e-1,,,1.985e-19,,1.627e-18,,5.646e-19,,7.785e-2,,,,4.041e-16,2.725e-16
577.25,7.432e+1,3.210e-20,2.101e-12,6.084e-40,2.096e-17,,,1.639e-18,4.193e-21,,1.765e-15,8.404e-20,1.249e-24,9.478e-18,7.410e-20,6.765e-23,2.053e-3,3.313e-25,,4.889e-18,8.777e-19,4.861e-37,2.307e+1,,8.916e-26,2.389e-2,,2.984e-19,1.765e-20,1.352e+0,8.589e-2,2.209e-11,1.734e-19,1.168e-22,9.841e-1,1.894e-17,7.993e+0,3.493e+1,1.406e+0,9.817e-18,4.145e+0,,1.009e-11,,,2.530e-1,,,1.987e-19,,1.627e-18,,5.645e-19,,6.774e-2,,,,2.163e-16,2.725e-16
577.27,7.284e+1,3.208e-20,1.934e-12,6.006e-40,2.104e-17,,,1.639e-18,4.194e-21,,1.764e-15,8.416e-20,1.248e-24,9.478e-18,7.458e-20,4.617e-23,2.296e-3,3.315e-25,,4.894e-18,8.780e-19,4.883e-37,2.347e+1,,8.924e-26,2.717e-2,,2.985e-19,1.765e-20,1.211e+0,9.419e-2,2.225e-11,1.734e-19,1.167e-22,9.091e-1,1.896e-17,7.698e+0,3.356e+1,1.415e+0,9.814e-18,4.163e+0,,1.281e-11,,,2.324e-1,,,1.988e-19,,1.628e-18,,5.645e-19,,6.157e-2,,,,1.421e-16,2.725e-16
577.3,7.052e+1,3.204e-20,1.702e-12,5.888e-40,2.116e-17,,,1.639e-18,4.196e-21,,1.764e-15,8.434e-20,1.247e-24,9.477e-18,7.531e-20,2.592e-23,2.705e-3,3.318e-25,,4.902e-18,8.786e-19,4.916e-37,2.399e+1,,8.935e-26,3.283e-2,,2.986e-19,1.765e-20,1.021e+0,1.078e-1,2.240e-11,1.734e-19,1.166e-22,8.037e-1,1.899e-17,7.247e+0,3.145e+1,1.421e+0,9.808e-18,4.189e+0,,2.008e-11,,,2.036e-1,,,1.990e-19,,1.628e-18,,5.644e-19,,5.312e-2,,,,7.540e-17,2.726e-16
577.32,6.892e+1,3.202e-20,1.558e-12,5.810e-40,2.124e-17,,,1.639e-18,4.197e-21,,1.764e-15,8.446e-20,1.246e-24,9.477e-18,7.579e-20,1.758e-23,3.009e-3,3.320e-25,,4.908e-18,8.790e-19,4.939e-37,2.427e+1,,8.942e-26,3.715e-2,,2.987e-19,1.765e-20,9.090e-1,1.176e-1,2.245e-11,1.734e-19,1.166e-22,7.383e-1,1.901e-17,6.943e+0,3.004e+1,1.422e+0,9.805e-18,4.206e+0,,2.789e-11,,,1.859e-1,,,1.991e-19,,1.628e-18,,5.644e-19,,4.800e-2,,,,4.927e-17,2.726e-16
577.35,6.645e+1,3.198e-20,1.360e-12,5.692e-40,2.136e-17,,,1.639e-18,4.199e-21,,1.763e-15,8.464e-20,1.244e-24,9.477e-18,7.651e-20,9.785e-24,3.515e-3,3.323e-25,,4.916e-18,8.795e-19,4.972e-37,2.461e+1,,8.954e-26,4.453e-2,,2.988e-19,1.765e-20,7.601e-1,1.335e-1,2.241e-11,1.734e-19,1.165e-22,6.473e-1,1.903e-17,6.484e+0,2.792e+1,1.416e+0,9.799e-18,4.231e+0,,4.635e-11,,,1.615e-1,,,1.993e-19,,1.628e-18,,5.643e-19,,4.105e-2,,,,2.591e-17,2.726e-16
577.37,6.477e+1,3.196e-20,1.238e-12,5.613e-40,2.143e-17,,,1.639e-18,4.200e-21,,1.763e-15,8.476e-20,1.243e-24,9.477e-18,7.699e-20,6.600e-24,3.887e-3,3.325e-25,,4.922e-18,8.799e-19,4.995e-37,2.478e+1,,8.961e-26,5.011e-2,,2.989e-19,1.766e-20,6.728e-1,1.449e-1,2.233e-11,1.734e-19,1.164e-22,5.913e-1,1.905e-17,6.179e+0,2.651e+1,1.409e+0,9.796e-18,4.247e+0,,6.521e-11,,,1.466e-1,,,1.994e-19,,1.628e-18,,5.642e-19,,3.688e-2,,,,1.683e-17,2.726e-16
577.4,6.221e+1,3.192e-20,1.072e-12,5.496e-40,2.155e-17,,,1.639e-18,4.202e-21,,1.762e-15,8.494e-20,1.242e-24,9.477e-18,7.772e-20,3.641e-24,4.502e-3,3.328e-25,,4.930e-18,8.804e-19,5.028e-37,2.494e+1,,8.972e-26,5.959e-2,,2.990e-19,1.766e-20,5.578e-1,1.632e-1,2.211e-11,1.735e-19,1.164e-22,5.142e-1,1.908e-17,5.725e+0,2.443e+1,1.392e+0,9.790e-18,4.269e+0,,1.087e-10,,,1.263e-1,,,1.996e-19,,1.628e-18,,5.642e-19,,3.128e-2,,,,8.776e-18,2.727e-16
577.42,6.048e+1,3.190e-20,9.722e-13,5.417e-40,2.163e-17,,,1.639e-18,4.203e-21,,1.762e-15,8.506e-20,1.241e-24,9.477e-18,7.820e-20,2.442e-24,4.950e-3,3.331e-25,,4.935e-18,8.808e-19,5.050e-37,2.499e+1,,8.980e-26,6.670e-2,,2.991e-19,1.766e-20,4.908e-1,1.763e-1,2.191e-11,1.735e-19,1.163e-22,4.673e-1,1.910e-17,5.428e+0,2.306e+1,1.377e+0,9.787e-18,4.283e+0,,1.526e-10,,,1.140e-1,,,1.998e-19,,1.629e-18,,5.641e-19,,2.794e-2,,,,5.668e-18,2.727e-16
577.45,5.789e+1,3.186e-20,8.368e-13,5.300e-40,2.175e-17,,,1.639e-18,4.205e-21,,1.762e-15,8.524e-20,1.239e-24,9.476e-18,7.893e-20,1.335e-24,5.684e-3,3.334e-25,,4.944e-18,8.813e-19,5.084e-37,2.497e+1,,8.991e-26,7.868e-2,,2.993e-19,1.766e-20,4.034e-1,1.972e-1,2.152e-11,1.735e-19,1.162e-22,4.032e-1,1.912e-17,4.991e+0,2.107e+1,1.350e+0,9.781e-18,4.300e+0,,2.528e-10,,,9.733e-2,,,1.999e-19,,1.629e-18,,5.640e-19,,2.349e-2,,,,2.929e-18,2.727e-16
577.47,5.616e+1,3.184e-20,7.559e-13,5.221e-40,2.183e-17,,,1.639e-18,4.206e-21,,1.761e-15,8.536e-20,1.238e-24,9.476e-18,7.941e-20,8.903e-25,6.214e-3,3.336e-25,,4.949e-18,8.817e-19,5.106e-37,2.491e+1,,8.999e-26,8.760e-2,,2.993e-19,1.766e-20,3.529e-1,2.119e-1,2.120e-11,1.735e-19,1.162e-22,3.646e-1,1.914e-17,4.708e+0,1.977e+1,1.328e+0,9.778e-18,4.310e+0,,3.530e-10,,,8.735e-2,,,2.001e-19,,1.629e-18,,5.640e-19,,2.086e-2,,,,2.954e-18,2.727e-16
577.5,5.358e+1,3.180e-20,6.482e-13,5.104e-40,2.195e-17,,,1.639e-18,4.208e-21,,1.761e-15,8.554e-20,1.237e-24,9.476e-18,8.013e-20,4.826e-25,7.074e-3,3.339e-25,,4.957e-18,8.823e-19,5.140e-37,2.473e+1,,9.010e-26,1.025e-1,,2.995e-19,1.767e-20,2.876e-1,2.352e-1,2.064e-11,1.735e-19,1.161e-22,3.124e-1,1.917e-17,4.298e+0,1.791e+1,1.291e+0,9.772e-18,4.321e+0,,5.800e-10,,,7.394e-2,,,2.003e-19,,1.629e-18,,5.639e-19,,1.738e-2,,,,2.992e-18,2.728e-16
577.52,5.189e+1,3.178e-20,5.850e-13,5.025e-40,2.202e-17,,,1.639e-18,4.209e-21,,1.761e-15,8.566e-20,1.235e-24,9.476e-18,8.061e-20,3.199e-25,7.690e-3,3.341e-25,,4.963e-18,8.826e-19,5.162e-37,2.456e+1,,9.017e-26,1.135e-1,,2.996e-19,1.767e-20,2.502e-1,2.515e-1,2.022e-11,1.736e-19,1.161e-22,2.813e-1,1.919e-17,4.036e+0,1.671e+1,1.264e+0,9.769e-18,4.326e+0,,8.053e-10,,,6.598e-2,,,2.004e-19,,1.629e-18,,5.639e-19,,1.535e-2,,,,3.017e-18,2.728e-16
577.55,4.939e+1,3.174e-20,5.024e-13,4.907e-40,2.214e-17,,,1.639e-18,4.211e-21,,1.760e-15,8.584e-20,1.234e-24,9.476e-18,8.134e-20,1.719e-25,8.679e-3,3.344e-25,,4.971e-18,8.832e-19,5.196e-37,2.425e+1,,9.028e-26,1.318e-1,,2.997e-19,1.767e-20,2.021e-1,2.772e-1,1.952e-11,1.736e-19,1.160e-22,2.397e-1,1.921e-17,3.662e+0,1.501e+1,1.220e+0,9.763e-18,4.327e+0,,1.312e-9,,,5.537e-2,,,2.006e-19,,1.629e-18,,5.638e-19,,1.268e-2,,,,3.055e-18,2.728e-16
577.57,4.777e+1,3.172e-20,4.551e-13,4.829e-40,2.222e-17,,,1.639e-18,4.212e-21,,1.760e-15,8.596e-20,1.233e-24,9.476e-18,8.182e-20,1.133e-25,9.382e-3,3.346e-25,,4.977e-18,8.836e-19,5.218e-37,2.401e+1,,9.036e-26,1.452e-1,,2.998e-19,1.767e-20,1.748e-1,2.950e-1,1.902e-11,1.736e-19,1.159e-22,2.151e-1,1.923e-17,3.426e+0,1.393e+1,1.188e+0,9.760e-18,4.324e+0,,1.811e-9,,,4.913e-2,,,2.007e-19,,1.630e-18,,5.637e-19,,1.114e-2,,,,3.080e-18,2.729e-16
577.6,4.541e+1,3.168e-20,3.954e-13,4.711e-40,2.234e-17,,,1.639e-18,4.214e-21,,1.760e-15,8.614e-20,1.231e-24,9.475e-18,8.255e-20,6.037e-26,1.050e-2,3.350e-25,,4.985e-18,8.841e-19,5.251e-37,2.359e+1,,9.047e-26,1.672e-1,,2.999e-19,1.767e-20,1.400e-1,3.226e-1,1.821e-11,1.736e-19,1.158e-22,1.827e-1,1.926e-17,3.094e+0,1.240e+1,1.139e+0,9.754e-18,4.313e+0,,2.926e-9,,,4.087e-2,,,2.009e-19,,1.630e-18,,5.637e-19,,9.123e-3,,,,3.118e-18,2.729e-16
577.62,4.388e+1,3.166e-20,3.628e-13,4.633e-40,2.242e-17,,,1.639e-18,4.215e-21,,1.759e-15,8.626e-20,1.230e-24,9.475e-18,8.303e-20,3.956e-26,1.128e-2,3.352e-25,,4.990e-18,8.845e-19,5.274e-37,2.329e+1,,9.055e-26,1.833e-1,,3.000e-19,1.768e-20,1.204e-1,3.417e-1,1.764e-11,1.736e-19,1.158e-22,1.639e-1,1.928e-17,2.887e+0,1.144e+1,1.104e+0,9.751e-18,4.301e+0,,4.017e-9,,,3.605e-2,,,2.010e-19,,1.630e-18,,5.636e-19,,7.964e-3,,,,3.143e-18,2.729e-16
577.64,4.241e+1,3.163e-20,3.358e-13,4.554e-40,2.250e-17,,,1.638e-18,4.216e-21,,1.759e-15,8.638e-20,1.229e-24,9.475e-18,8.351e-20,2.586e-26,1.210e-2,3.354e-25,,4.996e-18,8.848e-19,5.296e-37,2.297e+1,,9.062e-26,2.005e-1,,3.001e-19,1.768e-20,1.033e-1,3.612e-1,1.705e-11,1.736e-19,1.157e-22,1.471e-1,1.929e-17,2.694e+0,1.053e+1,1.069e+0,9.747e-18,4.284e+0,,5.502e-9,,,3.173e-2,,,2.012e-19,,1.630e-18,,5.636e-19,,6.936e-3,,,,3.168e-18,2.729e-16
577.67,4.031e+1,3.160e-20,3.056e-13,4.437e-40,2.261e-17,,,1.638e-18,4.218e-21,,1.759e-15,8.656e-20,1.228e-24,9.475e-18,8.423e-20,1.361e-26,1.338e-2,3.357e-25,,5.004e-18,8.854e-19,5.330e-37,2.248e+1,,9.073e-26,2.284e-1,,3.002e-19,1.768e-20,8.172e-2,3.911e-1,1.614e-11,1.737e-19,1.157e-22,1.254e-1,1.932e-17,2.429e+0,9.260e+0,1.016e+0,9.742e-18,4.252e+0,,8.783e-9,,,2.608e-2,,,2.013e-19,,1.630e-18,,5.635e-19,,5.613e-3,,,,3.206e-18,2.730e-16
577.69,3.899e+1,3.157e-20,2.923e-13,4.358e-40,2.269e-17,,,1.638e-18,4.219e-21,,1.758e-15,8.667e-20,1.227e-24,9.475e-18,8.472e-20,8.846e-27,1.426e-2,3.359e-25,,5.009e-18,8.858e-19,5.352e-37,2.215e+1,,9.081e-26,2.485e-1,,3.003e-19,1.768e-20,6.971e-2,4.115e-1,1.551e-11,1.737e-19,1.156e-22,1.131e-1,1.934e-17,2.269e+0,8.476e+0,9.808e-1,9.738e-18,4.224e+0,,1.196e-8,,,2.282e-2,,,2.015e-19,,1.630e-18,,5.634e-19,,4.861e-3,,,,3.231e-18,2.730e-16
577.72,3.712e+1,3.154e-20,2.828e-13,4.241e-40,2.281e-17,,,1.638e-18,4.221e-21,,1.758e-15,8.685e-20,1.225e-24,9.475e-18,8.544e-20,4.615e-27,1.563e-2,3.362e-25,,5.018e-18,8.863e-19,5.386e-37,2.166e+1,,9.092e-26,2.809e-1,,3.004e-19,1.768e-20,5.468e-2,4.424e-1,1.456e-11,1.737e-19,1.155e-22,9.770e-2,1.937e-17,2.056e+0,7.390e+0,9.281e-1,9.733e-18,4.173e+0,,1.893e-8,,,1.860e-2,,,2.017e-19,,1.631e-18,,5.634e-19,,3.900e-3,,,,3.269e-18,2.730e-16
577.74,3.597e+1,3.151e-20,2.836e-13,4.162e-40,2.289e-17,,,1.638e-18,4.222e-21,,1.758e-15,8.697e-20,1.224e-24,9.475e-18,8.592e-20,2.982e-27,1.657e-2,3.364e-25,,5.023e-18,8.867e-19,5.408e-37,2.135e+1,,9.100e-26,3.040e-1,,3.005e-19,1.768e-20,4.638e-2,4.632e-1,1.392e-11,1.737e-19,1.155e-22,8.923e-2,1.938e-17,1.931e+0,6.725e+0,8.937e-1,9.729e-18,4.133e+0,,2.564e-8,,,1.618e-2,,,2.018e-19,,1.631e-18,,5.633e-19,,3.358e-3,,,,3.294e-18,2.730e-16
577.77,3.438e+1,3.148e-20,2.959e-13,4.045e-40,2.301e-17,,,1.638e-18,4.224e-21,,1.757e-15,8.715e-20,1.223e-24,9.474e-18,8.665e-20,2.971e-27,1.801e-2,3.368e-25,,5.031e-18,8.872e-19,5.441e-37,2.090e+1,,9.111e-26,3.410e-1,,3.006e-19,1.769e-20,3.607e-2,4.946e-1,1.297e-11,1.737e-19,1.154e-22,7.901e-2,1.941e-17,1.773e+0,5.814e+0,8.437e-1,9.724e-18,4.064e+0,,4.023e-8,,,1.307e-2,,,2.020e-19,,1.631e-18,,5.632e-19,,2.671e-3,,,,3.332e-18,2.731e-16
577.79,3.342e+1,3.145e-20,3.119e-13,3.966e-40,2.309e-17,,,1.638e-18,4.225e-21,,1.757e-15,8.727e-20,1.222e-24,9.474e-18,8.713e-20,2.964e-27,1.898e-2,3.370e-25,,5.037e-18,8.876e-19,5.464e-37,2.063e+1,,9.118e-26,3.672e-1,,3.007e-19,1.769e-20,3.041e-2,5.154e-1,1.234e-11,1.737e-19,1.153e-22,7.372e-2,1.943e-17,1.685e+0,5.260e+0,8.119e-1,9.720e-18,4.012e+0,,5.418e-8,,,1.131e-2,,,2.021e-19,,1.631e-18,,5.632e-19,,2.286e-3,,,,3.357e-18,2.731e-16
577.82,3.214e+1,3.142e-20,3.488e-13,3.849e-40,2.320e-17,,,1.638e-18,4.227e-21,,1.756e-15,8.745e-20,1.220e-24,9.474e-18,8.785e-20,2.953e-27,2.046e-2,3.373e-25,,5.045e-18,8.881e-19,5.497e-37,2.028e+1,,9.130e-26,4.088e-1,,3.008e-19,1.769e-20,2.345e-2,5.464e-1,1.140e-11,1.738e-19,1.153e-22,6.788e-2,1.946e-17,1.583e+0,4.508e+0,7.669e-1,9.715e-18,3.925e+0,,8.430e-8,,,9.060e-3,,,2.023e-19,,1.631e-18,,5.631e-19,,1.803e-3,,,,3.395e-18,2.731e-16
577.84,3.139e+1,3.139e-20,3.826e-13,3.770e-40,2.328e-17,,,1.638e-18,4.228e-21,,1.756e-15,8.757e-20,1.219e-24,9.474e-18,8.834e-20,2.946e-27,2.144e-2,3.375e-25,,5.051e-18,8.885e-19,5.520e-37,2.008e+1,,9.137e-26,4.380e-1,,3.009e-19,1.769e-20,1.966e-2,5.668e-1,1.080e-11,1.738e-19,1.152e-22,6.526e-2,1.947e-17,1.535e+0,4.056e+0,7.391e-1,9.711e-18,3.861e+0,,1.129e-7,,,7.792e-3,,,2.024e-19,,1.631e-18,,5.631e-19,,1.535e-3,,,,3.420e-18,2.732e-16
577.87,3.044e+1,3.135e-20,4.486e-13,3.652e-40,2.340e-17,,,1.638e-18,4.230e-21,,1.756e-15,8.775e-20,1.217e-24,9.474e-18,8.906e-20,2.935e-27,2.290e-2,3.378e-25,,5.059e-18,8.891e-19,5.553e-37,1.985e+1,,9.148e-26,4.839e-1,,3.011e-19,1.770e-20,1.503e-2,5.968e-1,9.915e-12,1.738e-19,1.151e-22,6.310e-2,1.950e-17,1.492e+0,3.447e+0,7.010e-1,9.706e-18,3.758e+0,,1.741e-7,,,6.189e-3,,,2.026e-19,,1.631e-18,,5.630e-19,,1.200e-3,,,,3.458e-18,2.732e-16
577.89,2.991e+1,3.133e-20,5.039e-13,3.574e-40,2.348e-17,,,1.638e-18,4.231e-21,,1.755e-15,8.787e-20,1.216e-24,9.474e-18,8.954e-20,2.928e-27,2.387e-2,3.380e-25,,5.064e-18,8.894e-19,5.575e-37,1.975e+1,,9.156e-26,5.158e-1,,3.011e-19,1.770e-20,1.253e-2,6.162e-1,9.347e-12,1.738e-19,1.151e-22,6.275e-2,1.952e-17,1.483e+0,3.084e+0,6.784e-1,9.702e-18,3.684e+0,,2.318e-7,,,5.293e-3,,,2.027e-19,,1.632e-18,,5.629e-19,,1.015e-3,,,,3.483e-18,2.732e-16
577.92,2.930e+1,3.129e-20,6.059e-13,3.456e-40,2.360e-17,,,1.638e-18,4.233e-21,,1.755e-15,8.805e-20,1.215e-24,9.473e-18,9.027e-20,2.917e-27,2.528e-2,3.383e-25,,5.073e-18,8.900e-19,5.609e-37,1.967e+1,,9.167e-26,5.656e-1,,3.013e-19,1.770e-20,9.493e-3,6.443e-1,8.533e-12,1.738e-19,1.150e-22,6.373e-2,1.954e-17,1.502e+0,2.598e+0,6.488e-1,9.697e-18,3.568e+0,,3.546e-7,,,4.168e-3,,,2.029e-19,,1.632e-18,,5.629e-19,,7.870e-4,,,,3.521e-18,2.733e-16
577.94,2.901e+1,3.127e-20,6.880e-13,3.378e-40,2.368e-17,,,1.638e-18,4.234e-21,,1.755e-15,8.817e-20,1.214e-24,9.473e-18,9.075e-20,2.910e-27,2.619e-2,3.386e-25,,5.078e-18,8.904e-19,5.631e-37,1.968e+1,,9.175e-26,5.999e-1,,3.014e-19,1.770e-20,7.868e-3,6.623e-1,8.016e-12,1.738e-19,1.149e-22,6.532e-2,1.956e-17,1.536e+0,2.312e+0,6.323e-1,9.693e-18,3.487e+0,,4.695e-7,,,3.545e-3,,,2.031e-19,,1.632e-18,,5.628e-19,,6.622e-4,,,,3.546e-18,2.733e-16
577.97,2.875e+1,3.123e-20,8.350e-13,3.260e-40,2.379e-17,,,1.638e-18,4.236e-21,,1.754e-15,8.835e-20,1.212e-24,9.473e-18,9.147e-20,2.899e-27,2.750e-2,3.389e-25,,5.086e-18,8.909e-19,5.665e-37,1.978e+1,,9.186e-26,6.529e-1,,3.015e-19,1.770e-20,5.911e-3,6.877e-1,7.285e-12,1.739e-19,1.149e-22,6.902e-2,1.959e-17,1.620e+0,1.932e+0,6.126e-1,9.688e-18,3.362e+0,,7.121e-7,,,2.770e-3,,,2.033e-19,,1.632e-18,,5.627e-19,,5.088e-4,,,,3.584e-18,2.733e-16
577.99,2.869e+1,3.121e-20,9.508e-13,3.182e-40,2.387e-17,,,1.638e-18,4.237e-21,,1.754e-15,8.847e-20,1.211e-24,9.473e-18,9.196e-20,2.892e-27,2.834e-2,3.391e-25,,5.092e-18,8.913e-19,5.687e-37,1.991e+1,,9.193e-26,6.890e-1,,3.016e-19,1.770e-20,4.871e-3,7.036e-1,6.828e-12,1.739e-19,1.148e-22,7.231e-2,1.961e-17,1.699e+0,1.709e+0,6.030e-1,9.684e-18,3.277e+0,,9.373e-7,,,2.344e-3,,,2.034e-19,,1.632e-18,,5.627e-19,,4.257e-4,,,,3.609e-18,2.733e-16
578.01,2.873e+1,3.119e-20,1.082e-12,3.103e-40,2.395e-17,,,1.638e-18,4.238e-21,,1.754e-15,8.859e-20,1.210e-24,9.473e-18,9.244e-20,2.884e-27,2.912e-2,3.393e-25,,5.097e-18,8.916e-19,5.709e-37,2.008e+1,,9.201e-26,7.258e-1,,3.017e-19,1.771e-20,4.005e-3,7.186e-1,6.397e-12,1.739e-19,1.148e-22,7.621e-2,1.963e-17,1.796e+0,1.510e+0,5.963e-1,9.681e-18,3.192e+0,,1.231e-6,,,1.980e-3,,,2.035e-19,,1.632e-18,,5.626e-19,,3.553e-4,,,,3.634e-18,2.734e-16
578.04,2.896e+1,3.115e-20,1.313e-12,2.986e-40,2.407e-17,,,1.638e-18,4.240e-21,,1.753e-15,8.877e-20,1.209e-24,9.473e-18,9.316e-20,2.874e-27,3.022e-2,3.396e-25,,5.106e-18,8.922e-19,5.743e-37,2.043e+1,,9.212e-26,7.818e-1,,3.018e-19,1.771e-20,2.972e-3,7.391e-1,5.799e-12,1.739e-19,1.147e-22,8.317e-2,1.965e-17,1.979e+0,1.248e+0,5.918e-1,9.675e-18,3.063e+0,,1.845e-6,,,1.534e-3,,,2.037e-19,,1.633e-18,,5.626e-19,,2.697e-4,,,,3.672e-18,2.734e-16
578.06,2.922e+1,3.113e-20,1.490e-12,2.907e-40,2.415e-17,,,1.637e-18,4.241e-21,,1.753e-15,8.889e-20,1.208e-24,9.473e-18,9.365e-20,2.866e-27,3.088e-2,3.398e-25,,5.111e-18,8.926e-19,5.765e-37,2.073e+1,,9.219e-26,8.195e-1,,3.019e-19,1.771e-20,2.430e-3,7.514e-1,5.433e-12,1.739e-19,1.146e-22,8.850e-2,1.967e-17,2.125e+0,1.098e+0,5.925e-1,9.672e-18,2.979e+0,,2.409e-6,,,1.292e-3,,,2.038e-19,,1.633e-18,,5.625e-19,,2.238e-4,,,,3.697e-18,2.734e-16
578.09,2.977e+1,3.109e-20,1.798e-12,2.790e-40,2.427e-17,,,1.637e-18,4.243e-21,,1.753e-15,8.907e-20,1.206e-24,9.472e-18,9.437e-20,2.856e-27,3.177e-2,3.401e-25,,5.119e-18,8.931e-19,5.799e-37,2.125e+1,,9.231e-26,8.762e-1,,3.020e-19,1.771e-20,1.788e-3,7.677e-1,4.935e-12,1.739e-19,1.146e-22,9.747e-2,1.970e-17,2.384e+0,9.024e-1,5.992e-1,9.666e-18,2.855e+0,,3.580e-6,,,9.987e-4,,,2.040e-19,,1.633e-18,,5.624e-19,,1.685e-4,,,,3.735e-18,2.734e-16
578.11,3.024e+1,3.107e-20,2.033e-12,2.711e-40,2.435e-17,,,1.637e-18,4.244e-21,,1.752e-15,8.919e-20,1.205e-24,9.472e-18,9.485e-20,2.848e-27,3.228e-2,3.404e-25,,5.125e-18,8.935e-19,5.821e-37,2.166e+1,,9.238e-26,9.141e-1,,3.021e-19,1.771e-20,1.453e-3,7.769e-1,4.636e-12,1.740e-19,1.145e-22,1.041e-1,1.972e-17,2.583e+0,7.910e-1,6.075e-1,9.663e-18,2.776e+0,,4.649e-6,,,8.427e-4,,,2.041e-19,,1.633e-18,,5.624e-19,,1.390e-4,,,,3.760e-18,2.735e-16
578.14,3.110e+1,3.103e-20,2.435e-12,2.593e-40,2.446e-17,,,1.637e-18,4.246e-21,,1.752e-15,8.937e-20,1.204e-24,9.472e-18,9.558e-20,2.837e-27,3.293e-2,3.407e-25,,5.133e-18,8.940e-19,5.855e-37,2.233e+1,,9.249e-26,9.703e-1,,3.022e-19,1.772e-20,1.060e-3,7.883e-1,4.237e-12,1.740e-19,1.144e-22,1.148e-1,1.974e-17,2.923e+0,6.489e-1,6.253e-1,9.657e-18,2.664e+0,,6.850e-6,,,6.579e-4,,,2.043e-19,,1.633e-18,,5.623e-19,,1.037e-4,,,,3.798e-18,2.735e-16
578.16,3.176e+1,3.100e-20,2.740e-12,2.515e-40,2.454e-17,,,1.637e-18,4.247e-21,,1.752e-15,8.949e-20,1.203e-24,9.472e-18,9.606e-20,2.830e-27,3.327e-2,3.409e-25,,5.139e-18,8.944e-19,5.877e-37,2.282e+1,,9.257e-26,1.007e+0,,3.023e-19,1.772e-20,8.566e-4,7.942e-1,4.003e-12,1.740e-19,1.144e-22,1.225e-1,1.976e-17,3.178e+0,5.690e-1,6.408e-1,9.654e-18,2.595e+0,,8.844e-6,,,5.627e-4,,,2.045e-19,,1.633e-18,,5.622e-19,,8.508e-5,,,,3.823e-18,2.735e-16
578.19,3.289e+1,3.097e-20,3.258e-12,2.397e-40,2.466e-17,,,1.637e-18,4.249e-21,,1.751e-15,8.967e-20,1.201e-24,9.472e-18,9.678e-20,2.819e-27,3.364e-2,3.412e-25,,5.147e-18,8.950e-19,5.911e-37,2.361e+1,,9.268e-26,1.062e+0,,3.024e-19,1.772e-20,6.196e-4,8.004e-1,3.699e-12,1.740e-19,1.143e-22,1.347e-1,1.979e-17,3.605e+0,4.691e-1,6.692e-1,9.648e-18,2.500e+0,,1.292e-5,,,4.554e-4,,,2.047e-19,,1.634e-18,,5.622e-19,,6.294e-5,,,,3.861e-18,2.736e-16
578.21,3.372e+1,3.094e-20,3.646e-12,2.319e-40,2.474e-17,,,1.637e-18,4.250e-21,,1.751e-15,8.979e-20,1.200e-24,9.472e-18,9.727e-20,2.812e-27,3.380e-2,3.414e-25,,5.152e-18,8.953e-19,5.933e-37,2.417e+1,,9.276e-26,1.097e+0,,3.025e-19,1.772e-20,4.978e-4,8.027e-1,3.527e-12,1.740e-19,1.142e-22,1.433e-1,1.981e-17,3.919e+0,4.144e-1,6.915e-1,9.645e-18,2.444e+0,,1.659e-5,,,4.046e-4,,,2.048e-19,,1.634e-18,,5.621e-19,,5.134e-5,,,,3.886e-18,2.736e-16
578.24,3.507e+1,3.091e-20,4.300e-12,2.201e-40,2.486e-17,,,1.637e-18,4.252e-21,,1.750e-15,8.997e-20,1.198e-24,9.471e-18,9.799e-20,2.801e-27,3.388e-2,3.417e-25,,5.161e-18,8.959e-19,5.966e-37,2.504e+1,,9.287e-26,1.148e+0,,3.027e-19,1.772e-20,3.569e-4,8.034e-1,3.311e-12,1.741e-19,1.142e-22,1.568e-1,1.983e-17,4.436e+0,3.482e-1,7.295e-1,9.639e-18,2.373e+0,,2.403e-5,,,3.559e-4,,,2.050e-19,,1.634e-18,,5.620e-19,,3.765e-5,,,,3.923e-18,2.736e-16
578.26,3.603e+1,3.088e-20,4.786e-12,2.123e-40,2.494e-17,,,1.637e-18,4.253e-21,,1.750e-15,9.009e-20,1.197e-24,9.471e-18,9.847e-20,2.794e-27,3.385e-2,3.419e-25,,5.166e-18,8.962e-19,5.989e-37,2.563e+1,,9.294e-26,1.181e+0,,3.027e-19,1.773e-20,2.851e-4,8.021e-1,3.196e-12,1.741e-19,1.141e-22,1.661e-1,1.985e-17,4.811e+0,3.139e-1,7.577e-1,9.636e-18,2.335e+0,,3.067e-5,,,3.405e-4,,,2.051e-19,,1.634e-18,,5.620e-19,,3.053e-5,,,,3.949e-18,2.736e-16
578.29,3.755e+1,3.085e-20,5.598e-12,2.005e-40,2.505e-17,,,1.637e-18,4.255e-21,,1.750e-15,9.027e-20,1.196e-24,9.471e-18,9.920e-20,2.783e-27,3.364e-2,3.423e-25,,5.174e-18,8.968e-19,6.022e-37,2.652e+1,,9.306e-26,1.227e+0,,3.029e-19,1.773e-20,2.027e-4,7.974e-1,3.060e-12,1.741e-19,1.140e-22,1.804e-1,1.988e-17,5.421e+0,2.755e-1,8.039e-1,9.630e-18,2.293e+0,,4.406e-5,,,3.415e-4,,,2.053e-19,,1.634e-18,,5.619e-19,,2.220e-5,,,,3.986e-18,2.737e-16
578.31,3.861e+1,3.082e-20,6.196e-12,1.927e-40,2.513e-17,,,1.637e-18,4.256e-21,,1.749e-15,9.039e-20,1.195e-24,9.471e-18,9.968e-20,2.776e-27,3.341e-2,3.425e-25,,5.180e-18,8.972e-19,6.045e-37,2.711e+1,,9.313e-26,1.256e+0,,3.030e-19,1.773e-20,1.610e-4,7.924e-1,2.995e-12,1.741e-19,1.140e-22,1.902e-1,1.989e-17,5.858e+0,2.582e-1,8.370e-1,9.627e-18,2.276e+0,,5.592e-5,,,3.584e-4,,,2.054e-19,,1.634e-18,,5.619e-19,,1.790e-5,,,,4.012e-18,2.737e-16
578.34,4.025e+1,3.079e-20,7.187e-12,1.809e-40,2.525e-17,,,1.637e-18,4.258e-21,,1.749e-15,9.057e-20,1.193e-24,9.471e-18,1.004e-19,2.765e-27,3.293e-2,3.428e-25,,5.188e-18,8.977e-19,6.078e-37,2.797e+1,,9.324e-26,1.296e+0,,3.031e-19,1.773e-20,1.134e-4,7.823e-1,2.930e-12,1.741e-19,1.139e-22,2.051e-1,1.992e-17,6.560e+0,2.437e-1,8.897e-1,9.621e-18,2.267e+0,,7.963e-5,,,4.091e-4,,,2.056e-19,,1.635e-18,,5.618e-19,,1.290e-5,,,,4.049e-18,2.737e-16
578.36,4.137e+1,3.076e-20,7.911e-12,1.731e-40,2.533e-17,,,1.637e-18,4.259e-21,,1.749e-15,9.068e-20,1.192e-24,9.471e-18,1.009e-19,2.758e-27,3.252e-2,3.430e-25,,5.194e-18,8.981e-19,6.100e-37,2.853e+1,,9.332e-26,1.320e+0,,3.032e-19,1.773e-20,8.958e-5,7.739e-1,2.907e-12,1.741e-19,1.138e-22,2.150e-1,1.994e-17,7.059e+0,2.416e-1,9.264e-1,9.618e-18,2.273e+0,,1.005e-4,,,4.612e-4,,,2.057e-19,,1.635e-18,,5.617e-19,,1.034e-5,,,,4.074e-18,2.737e-16
578.38,4.250e+1,3.074e-20,8.689e-12,1.652e-40,2.541e-17,,,1.637e-18,4.260e-21,,1.748e-15,9.080e-20,1.191e-24,9.470e-18,1.014e-19,2.751e-27,3.204e-2,3.432e-25,,5.199e-18,8.984e-19,6.123e-37,2.906e+1,,9.339e-26,1.343e+0,,3.033e-19,1.774e-20,7.057e-5,7.642e-1,2.900e-12,1.741e-19,1.138e-22,2.250e-1,1.996e-17,7.581e+0,2.452e-1,9.642e-1,9.614e-18,2.288e+0,,1.266e-4,,,5.295e-4,,,2.059e-19,,1.635e-18,,5.617e-19,,8.274e-6,,,,4.100e-18,2.738e-16
578.41,4.421e+1,3.070e-20,9.960e-12,1.535e-40,2.553e-17,,,1.637e-18,4.262e-21,,1.748e-15,9.098e-20,1.190e-24,9.470e-18,1.021e-19,2.740e-27,3.120e-2,3.435e-25,,5.207e-18,8.990e-19,6.156e-37,2.980e+1,,9.351e-26,1.372e+0,,3.034e-19,1.774e-20,4.914e-5,7.472e-1,2.915e-12,1.742e-19,1.137e-22,2.398e-1,1.998e-17,8.406e+0,2.618e-1,1.022e+0,9.609e-18,2.330e+0,,1.781e-4,,,6.666e-4,,,2.061e-19,,1.635e-18,,5.616e-19,,5.893e-6,,,,4.137e-18,2.738e-16
578.43,4.535e+1,3.068e-20,1.088e-11,1.456e-40,2.561e-17,,,1.637e-18,4.263e-21,,1.748e-15,9.110e-20,1.189e-24,9.470e-18,1.026e-19,2.732e-27,3.057e-2,3.437e-25,,5.213e-18,8.994e-19,6.179e-37,3.024e+1,,9.358e-26,1.389e+0,,3.035e-19,1.774e-20,3.849e-5,7.343e-1,2.941e-12,1.742e-19,1.137e-22,2.496e-1,2.000e-17,8.983e+0,2.804e-1,1.062e+0,9.605e-18,2.371e+0,,2.230e-4,,,7.845e-4,,,2.062e-19,,1.635e-18,,5.616e-19,,4.686e-6,,,,4.163e-18,2.738e-16
578.46,4.703e+1,3.064e-20,1.237e-11,1.338e-40,2.572e-17,,,1.637e-18,4.265e-21,,1.747e-15,9.128e-20,1.187e-24,9.470e-18,1.033e-19,2.722e-27,2.952e-2,3.441e-25,,5.221e-18,8.999e-19,6.212e-37,3.084e+1,,9.369e-26,1.410e+0,,3.036e-19,1.774e-20,2.657e-5,7.130e-1,3.000e-12,1.742e-19,1.136e-22,2.638e-1,2.003e-17,9.886e+0,3.202e-1,1.121e+0,9.600e-18,2.451e+0,,3.112e-4,,,1.009e-3,,,2.064e-19,,1.635e-18,,5.615e-19,,3.309e-6,,,,4.200e-18,2.739e-16
578.48,4.814e+1,3.062e-20,1.343e-11,1.260e-40,2.580e-17,,,1.637e-18,4.266e-21,,1.747e-15,9.140e-20,1.186e-24,9.470e-18,1.038e-19,2.714e-27,2.875e-2,3.443e-25,,5.226e-18,9.003e-19,6.234e-37,3.117e+1,,9.377e-26,1.421e+0,,3.037e-19,1.774e-20,2.069e-5,6.975e-1,3.052e-12,1.742e-19,1.135e-22,2.730e-1,2.005e-17,1.051e+1,3.551e-1,1.160e+0,9.596e-18,2.517e+0,,3.874e-4,,,1.196e-3,,,2.065e-19,,1.635e-18,,5.614e-19,,2.616e-6,,,,4.225e-18,2.739e-16
578.51,4.974e+1,3.058e-20,1.514e-11,1.142e-40,2.592e-17,,,1.636e-18,4.268e-21,,1.746e-15,9.158e-20,1.185e-24,9.470e-18,1.045e-19,2.704e-27,2.753e-2,3.446e-25,,5.235e-18,9.008e-19,6.268e-37,3.157e+1,,9.388e-26,1.433e+0,,3.038e-19,1.775e-20,1.416e-5,6.725e-1,3.145e-12,1.742e-19,1.134e-22,2.861e-1,2.007e-17,1.148e+1,4.211e-1,1.217e+0,9.591e-18,2.634e+0,,5.360e-4,,,1.542e-3,,,2.067e-19,,1.636e-18,,5.614e-19,,1.831e-6,,,,4.263e-18,2.739e-16
578.53,5.078e+1,3.056e-20,1.635e-11,1.064e-40,2.600e-17,,,1.636e-18,4.269e-21,,1.746e-15,9.170e-20,1.184e-24,9.470e-18,1.050e-19,2.696e-27,2.667e-2,3.448e-25,,5.240e-18,9.012e-19,6.290e-37,3.177e+1,,9.396e-26,1.437e+0,,3.039e-19,1.775e-20,1.097e-5,6.547e-1,3.216e-12,1.743e-19,1.134e-22,2.944e-1,2.009e-17,1.214e+1,4.750e-1,1.255e+0,9.587e-18,2.724e+0,,6.636e-4,,,1.826e-3,,,2.068e-19,,1.636e-18,,5.613e-19,,1.440e-6,,,,4.288e-18,2.739e-16
578.56,5.226e+1,3.052e-20,1.828e-11,9.462e-41,2.612e-17,,,1.636e-18,4.271e-21,,1.746e-15,9.188e-20,1.182e-24,9.469e-18,1.057e-19,2.685e-27,2.532e-2,3.451e-25,,5.248e-18,9.018e-19,6.324e-37,3.196e+1,,9.407e-26,1.439e+0,,3.040e-19,1.775e-20,7.440e-6,6.268e-1,3.333e-12,1.743e-19,1.133e-22,3.059e-1,2.012e-17,1.315e+1,5.723e-1,1.308e+0,9.582e-18,2.876e+0,,9.102e-4,,,2.347e-3,,,2.070e-19,,1.636e-18,,5.612e-19,,9.990e-7,,,,4.326e-18,2.740e-16
578.58,5.320e+1,3.050e-20,1.963e-11,8.678e-41,2.620e-17,,,1.636e-18,4.272e-21,,1.745e-15,9.200e-20,1.181e-24,9.469e-18,1.062e-19,2.678e-27,2.439e-2,3.453e-25,,5.254e-18,9.021e-19,6.346e-37,3.200e+1,,9.414e-26,1.437e+0,,3.041e-19,1.775e-20,5.728e-6,6.073e-1,3.417e-12,1.743e-19,1.133e-22,3.130e-1,2.014e-17,1.384e+1,6.491e-1,1.342e+0,9.578e-18,2.988e+0,,1.120e-3,,,2.768e-3,,,2.071e-19,,1.636e-18,,5.612e-19,,7.808e-7,,,,4.351e-18,2.740e-16
578.61,5.452e+1,3.046e-20,2.176e-11,7.501e-41,2.631e-17,,,1.636e-18,4.274e-21,,1.745e-15,9.218e-20,1.179e-24,9.469e-18,1.069e-19,2.667e-27,2.296e-2,3.456e-25,,5.262e-18,9.027e-19,6.380e-37,3.194e+1,,9.425e-26,1.430e+0,,3.042e-19,1.775e-20,3.853e-6,5.773e-1,3.550e-12,1.743e-19,1.132e-22,3.225e-1,2.016e-17,1.487e+1,7.844e-1,1.389e+0,9.573e-18,3.170e+0,,1.524e-3,,,3.532e-3,,,2.073e-19,,1.636e-18,,5.611e-19,,5.372e-7,,,,4.389e-18,2.740e-16
578.63,5.533e+1,3.044e-20,2.324e-11,6.717e-41,2.639e-17,,,1.636e-18,4.275e-21,,1.745e-15,9.230e-20,1.178e-24,9.469e-18,1.074e-19,2.660e-27,2.200e-2,3.459e-25,,5.268e-18,9.030e-19,6.402e-37,3.182e+1,,9.433e-26,1.421e+0,,3.043e-19,1.776e-20,2.949e-6,5.567e-1,3.643e-12,1.743e-19,1.131e-22,3.281e-1,2.018e-17,1.557e+1,8.893e-1,1.418e+0,9.569e-18,3.301e+0,,1.865e-3,,,4.144e-3,,,2.075e-19,,1.636e-18,,5.611e-19,,4.175e-7,,,,4.414e-18,2.741e-16
578.66,5.645e+1,3.040e-20,2.554e-11,5.540e-41,2.651e-17,,,1.636e-18,4.277e-21,,1.744e-15,9.248e-20,1.177e-24,9.469e-18,1.081e-19,2.649e-27,2.055e-2,3.462e-25,,5.276e-18,9.036e-19,6.436e-37,3.152e+1,,9.444e-26,1.404e+0,,3.045e-19,1.776e-20,1.967e-6,5.253e-1,3.785e-12,1.743e-19,1.131e-22,3.352e-1,2.021e-17,1.660e+1,1.071e+0,1.456e+0,9.564e-18,3.508e+0,,2.515e-3,,,5.247e-3,,,2.077e-19,,1.637e-18,,5.610e-19,,2.848e-7,,,,4.452e-18,2.741e-16
578.68,5.712e+1,3.038e-20,2.713e-11,4.756e-41,2.659e-17,,,1.636e-18,4.278e-21,,1.744e-15,9.260e-20,1.176e-24,9.469e-18,1.086e-19,2.642e-27,1.959e-2,3.464e-25,,5.281e-18,9.040e-19,6.458e-37,3.124e+1,,9.452e-26,1.390e+0,,3.045e-19,1.776e-20,1.497e-6,5.041e-1,3.883e-12,1.744e-19,1.130e-22,3.390e-1,2.023e-17,1.728e+1,1.211e+0,1.478e+0,9.560e-18,3.653e+0,,3.061e-3,,,6.124e-3,,,2.078e-19,,1.637e-18,,5.609e-19,,2.200e-7,,,,4.477e-18,2.741e-16
578.71,5.802e+1,3.034e-20,2.957e-11,3.579e-41,2.671e-17,,,1.636e-18,4.280e-21,,1.744e-15,9.278e-20,1.174e-24,9.468e-18,1.093e-19,2.631e-27,1.816e-2,3.467e-25,,5.290e-18,9.045e-19,6.491e-37,3.070e+1,,9.463e-26,1.364e+0,,3.047e-19,1.776e-20,9.895e-7,4.722e-1,4.031e-12,1.744e-19,1.129e-22,3.434e-1,2.025e-17,1.828e+1,1.449e+0,1.506e+0,9.555e-18,3.878e+0,,4.093e-3,,,7.689e-3,,,2.080e-19,,1.637e-18,,5.609e-19,,1.488e-7,,,,4.515e-18,2.741e-16
578.73,5.854e+1,3.032e-20,3.123e-11,2.795e-41,2.679e-17,,,1.636e-18,4.281e-21,,1.743e-15,9.290e-20,1.173e-24,9.468e-18,1.098e-19,2.624e-27,1.722e-2,3.469e-25,,5.295e-18,9.049e-19,6.514e-37,3.026e+1,,9.470e-26,1.344e+0,,3.048e-19,1.776e-20,7.488e-7,4.510e-1,4.131e-12,1.744e-19,1.129e-22,3.453e-1,2.027e-17,1.893e+1,1.630e+0,1.521e+0,9.551e-18,4.031e+0,,4.954e-3,,,8.924e-3,,,2.081e-19,,1.637e-18,,5.608e-19,,1.143e-7,,,,4.540e-18,2.742e-16
578.75,5.899e+1,3.029e-20,3.291e-11,2.011e-41,2.686e-17,,,1.636e-18,4.283e-21,,1.743e-15,9.302e-20,1.172e-24,9.468e-18,1.103e-19,2.617e-27,1.630e-2,3.471e-25,,5.301e-18,9.053e-19,6.536e-37,2.976e+1,,9.478e-26,1.322e+0,,3.048e-19,1.776e-20,5.653e-7,4.298e-1,4.232e-12,1.744e-19,1.128e-22,3.465e-1,2.029e-17,1.955e+1,1.830e+0,1.532e+0,9.548e-18,4.187e+0,,5.981e-3,,,1.033e-2,,,2.082e-19,,1.637e-18,,5.608e-19,,8.761e-8,,,,4.565e-18,2.742e-16
578.78,5.956e+1,3.026e-20,3.546e-11,8.340e-42,2.698e-17,,,1.636e-18,4.284e-21,,1.743e-15,9.320e-20,1.171e-24,9.468e-18,1.110e-19,2.606e-27,1.497e-2,3.474e-25,,5.309e-18,9.058e-19,6.570e-37,2.891e+1,,9.489e-26,1.285e+0,,3.050e-19,1.777e-20,3.692e-7,3.985e-1,4.385e-12,1.744e-19,1.127e-22,3.468e-1,2.032e-17,2.045e+1,2.168e+0,1.543e+0,9.542e-18,4.421e+0,,7.903e-3,,,1.282e-2,,,2.084e-19,,1.637e-18,,5.607e-19,,5.853e-8,,,,4.603e-18,2.742e-16
578.8,5.987e+1,3.023e-20,3.715e-11,4.960e-43,2.706e-17,,,1.636e-18,4.286e-21,,1.742e-15,9.332e-20,1.170e-24,9.468e-18,1.115e-19,2.599e-27,1.411e-2,3.477e-25,,5.314e-18,9.062e-19,6.592e-37,2.828e+1,,9.497e-26,1.258e+0,,3.051e-19,1.777e-20,2.772e-7,3.779e-1,4.489e-12,1.744e-19,1.127e-22,3.460e-1,2.033e-17,2.102e+1,2.421e+0,1.547e+0,9.539e-18,4.577e+0,,9.488e-3,,,1.476e-2,,,2.085e-19,,1.638e-18,,5.606e-19,,4.461e-8,,,,4.628e-18,2.742e-16
578.83,6.021e+1,3.020e-20,3.969e-11,9.469e-43,2.718e-17,,,1.636e-18,4.287e-21,,1.742e-15,9.350e-20,1.168e-24,9.468e-18,1.122e-19,2.588e-27,1.289e-2,3.480e-25,,5.323e-18,9.067e-19,6.625e-37,2.725e+1,,9.508e-26,1.215e+0,,3.052e-19,1.777e-20,1.795e-7,3.477e-1,4.648e-12,1.745e-19,1.126e-22,3.434e-1,2.036e-17,2.181e+1,2.844e+0,1.545e+0,9.533e-18,4.808e+0,,1.243e-2,,,1.816e-2,,,2.087e-19,,1.638e-18,,5.606e-19,,2.955e-8,,,,4.666e-18,2.743e-16
578.85,6.036e+1,3.017e-20,4.136e-11,1.453e-42,2.726e-17,,,1.636e-18,4.289e-21,,1.742e-15,9.362e-20,1.167e-24,9.467e-18,1.127e-19,2.581e-27,1.213e-2,3.482e-25,,5.328e-18,9.071e-19,6.648e-37,2.651e+1,,9.515e-26,1.184e+0,,3.053e-19,1.777e-20,1.339e-7,3.281e-1,4.758e-12,1.745e-19,1.125e-22,3.406e-1,2.038e-17,2.230e+1,3.158e+0,1.539e+0,9.530e-18,4.957e+0,,1.484e-2,,,2.080e-2,,,2.089e-19,,1.638e-18,,8.641e-19,,2.239e-8,,,,4.691e-18,2.743e-16
578.88,6.049e+1,3.014e-20,4.382e-11,2.751e-42,2.738e-17,,,1.636e-18,4.290e-21,,1.741e-15,9.380e-20,1.166e-24,9.467e-18,1.134e-19,2.570e-27,1.105e-2,3.485e-25,,5.336e-18,9.076e-19,6.681e-37,2.533e+1,,9.527e-26,1.136e+0,,3.054e-19,1.778e-20,8.599e-8,2.997e-1,4.928e-12,1.745e-19,1.125e-22,3.351e-1,2.041e-17,2.295e+1,3.680e+0,1.524e+0,9.524e-18,5.174e+0,,1.927e-2,,,2.537e-2,,,2.091e-19,,1.638e-18,,1.647e-18,,1.470e-8,,,,4.729e-18,2.743e-16
578.9,6.051e+1,3.011e-20,4.541e-11,4.197e-42,2.745e-17,,,1.636e-18,4.292e-21,,1.741e-15,9.392e-20,1.164e-24,9.467e-18,1.139e-19,2.562e-27,1.038e-2,3.487e-25,,5.342e-18,9.080e-19,6.704e-37,2.451e+1,,9.534e-26,1.102e+0,,3.055e-19,1.778e-20,6.380e-8,2.814e-1,5.048e-12,1.745e-19,1.124e-22,3.306e-1,2.042e-17,2.334e+1,4.064e+0,1.510e+0,9.521e-18,5.311e+0,,2.288e-2,,,2.888e-2,,,2.092e-19,,1.638e-18,,2.524e-18,,1.107e-8,,,,4.754e-18,2.744e-16
578.93,6.045e+1,3.008e-20,4.771e-11,7.879e-42,2.757e-17,,,1.635e-18,4.293e-21,,1.740e-15,9.410e-20,1.163e-24,9.467e-18,1.146e-19,2.552e-27,9.468e-3,3.490e-25,,5.350e-18,9.086e-19,6.737e-37,2.324e+1,,9.545e-26,1.050e+0,,3.056e-19,1.778e-20,4.061e-8,2.550e-1,5.239e-12,1.745e-19,1.123e-22,3.225e-1,2.045e-17,2.383e+1,4.696e+0,1.483e+0,9.515e-18,5.503e+0,,2.947e-2,,,3.493e-2,,,2.094e-19,,1.638e-18,,4.770e-18,,7.209e-9,,,,4.792e-18,2.744e-16
578.95,6.035e+1,3.005e-20,4.916e-11,1.196e-41,2.765e-17,,,1.635e-18,4.295e-21,,1.740e-15,9.422e-20,1.162e-24,9.467e-18,1.151e-19,2.544e-27,8.919e-3,3.492e-25,,5.356e-18,9.089e-19,6.759e-37,2.236e+1,,9.553e-26,1.014e+0,,3.057e-19,1.778e-20,2.996e-8,2.382e-1,5.375e-12,1.745e-19,1.123e-22,3.163e-1,2.047e-17,2.410e+1,5.156e+0,1.461e+0,9.512e-18,5.621e+0,,3.478e-2,,,3.954e-2,,,2.095e-19,,1.639e-18,,7.270e-18,,5.400e-9,,,,4.817e-18,2.744e-16
578.98,6.014e+1,3.001e-20,5.122e-11,2.225e-41,2.777e-17,,,1.635e-18,4.296e-21,,1.740e-15,9.440e-20,1.160e-24,9.467e-18,1.159e-19,2.533e-27,8.191e-3,3.496e-25,,5.364e-18,9.095e-19,6.793e-37,2.103e+1,,9.564e-26,9.594e-1,,3.058e-19,1.778e-20,1.890e-8,2.142e-1,5.597e-12,1.746e-19,1.122e-22,3.059e-1,2.050e-17,2.442e+1,5.908e+0,1.423e+0,9.506e-18,5.780e+0,,4.441e-2,,,4.741e-2,,,2.097e-19,,1.639e-18,,1.362e-17,,3.485e-9,,,,4.855e-18,2.745e-16
579,5.995e+1,2.999e-20,5.249e-11,3.358e-41,2.785e-17,,,1.635e-18,4.298e-21,,1.739e-15,9.451e-20,1.159e-24,9.467e-18,1.163e-19,2.526e-27,7.771e-3,3.498e-25,,5.369e-18,9.099e-19,6.815e-37,2.013e+1,,9.572e-26,9.225e-1,,3.059e-19,1.778e-20,1.387e-8,1.991e-1,5.759e-12,1.746e-19,1.122e-22,2.983e-1,2.051e-17,2.456e+1,6.450e+0,1.394e+0,9.503e-18,5.874e+0,,5.213e-2,,,5.337e-2,,,2.098e-19,,1.639e-18,,2.064e-17,,2.595e-9,,,,4.880e-18,2.745e-16
579.03,5.960e+1,2.995e-20,5.423e-11,6.197e-41,2.797e-17,,,1.635e-18,4.299e-21,,1.739e-15,9.469e-20,1.158e-24,9.466e-18,1.171e-19,2.515e-27,7.243e-3,3.501e-25,,5.378e-18,9.104e-19,6.849e-37,1.879e+1,,9.583e-26,8.667e-1,,3.060e-19,1.779e-20,8.674e-9,1.777e-1,6.026e-12,1.746e-19,1.121e-22,2.860e-1,2.054e-17,2.468e+1,7.329e+0,1.346e+0,9.497e-18,5.993e+0,,6.600e-2,,,6.345e-2,,,2.100e-19,,1.639e-18,,3.836e-17,,1.661e-9,,,,4.918e-18,2.745e-16
579.05,5.935e+1,2.993e-20,5.526e-11,9.298e-41,2.804e-17,,,1.635e-18,4.301e-21,,1.739e-15,9.481e-20,1.157e-24,9.466e-18,1.175e-19,2.508e-27,6.962e-3,3.503e-25,,5.383e-18,9.108e-19,6.871e-37,1.790e+1,,9.590e-26,8.295e-1,,3.061e-19,1.779e-20,6.326e-9,1.643e-1,6.223e-12,1.746e-19,1.120e-22,2.773e-1,2.056e-17,2.470e+1,7.957e+0,1.311e+0,9.494e-18,6.057e+0,,7.702e-2,,,7.102e-2,,,2.101e-19,,1.639e-18,,5.781e-17,,1.230e-9,,,,4.943e-18,2.745e-16
579.08,5.893e+1,2.989e-20,5.662e-11,1.702e-40,2.816e-17,,,1.635e-18,4.302e-21,,1.738e-15,9.499e-20,1.155e-24,9.466e-18,1.183e-19,2.497e-27,6.649e-3,3.506e-25,,5.391e-18,9.113e-19,6.905e-37,1.659e+1,,9.601e-26,7.740e-1,,3.063e-19,1.779e-20,3.923e-9,1.455e-1,6.550e-12,1.746e-19,1.119e-22,2.637e-1,2.059e-17,2.462e+1,8.965e+0,1.255e+0,9.489e-18,6.130e+0,,9.669e-2,,,8.372e-2,,,2.103e-19,,1.639e-18,,1.065e-16,,7.801e-10,,,,4.981e-18,2.746e-16
579.1,5.863e+1,2.987e-20,5.738e-11,2.539e-40,2.824e-17,,,1.635e-18,4.304e-21,,1.738e-15,9.511e-20,1.154e-24,9.466e-18,1.187e-19,2.490e-27,6.515e-3,3.508e-25,,5.397e-18,9.117e-19,6.927e-37,1.573e+1,,9.609e-26,7.373e-1,,3.063e-19,1.779e-20,2.845e-9,1.338e-1,6.792e-12,1.746e-19,1.119e-22,2.542e-1,2.060e-17,2.450e+1,9.680e+0,1.215e+0,9.485e-18,6.162e+0,,1.122e-1,,,9.317e-2,,,2.105e-19,,1.640e-18,,1.596e-16,,5.743e-10,,,,5.006e-18,2.746e-16
579.12,5.832e+1,2.985e-20,5.803e-11,3.779e-40,2.832e-17,,,1.635e-18,4.305e-21,,1.738e-15,9.523e-20,1.153e-24,9.466e-18,1.192e-19,2.483e-27,6.442e-3,3.510e-25,,5.402e-18,9.121e-19,6.949e-37,1.490e+1,,9.616e-26,7.011e-1,,3.064e-19,1.779e-20,2.058e-9,1.228e-1,7.055e-12,1.747e-19,1.118e-22,2.445e-1,2.062e-17,2.433e+1,1.043e+1,1.174e+0,9.481e-18,6.181e+0,,1.299e-1,,,1.034e-1,,,2.106e-19,,1.640e-18,,2.387e-16,,4.218e-10,,,,5.031e-18,2.746e-16
579.15,5.786e+1,2.981e-20,5.876e-11,6.835e-40,2.844e-17,,,1.635e-18,4.307e-21,,1.737e-15,9.541e-20,1.152e-24,9.466e-18,1.200e-19,2.472e-27,6.451e-3,3.514e-25,,5.411e-18,9.126e-19,6.983e-37,1.369e+1,,9.628e-26,6.477e-1,,3.066e-19,1.780e-20,1.261e-9,1.075e-1,7.493e-12,1.747e-19,1.118e-22,2.297e-1,2.065e-17,2.399e+1,1.161e+1,1.110e+0,9.476e-18,6.183e+0,,1.611e-1,,,1.205e-1,,,2.108e-19,,1.640e-18,,4.345e-16,,2.644e-10,,,,5.069e-18,2.746e-16
579.17,5.755e+1,2.979e-20,5.909e-11,1.012e-39,2.852e-17,,,1.635e-18,4.308e-21,,1.737e-15,9.553e-20,1.151e-24,9.465e-18,1.204e-19,2.465e-27,6.538e-3,3.516e-25,,5.416e-18,9.130e-19,7.005e-37,1.293e+1,,9.635e-26,6.130e-1,,3.067e-19,1.780e-20,9.071e-10,9.816e-2,7.816e-12,1.747e-19,1.117e-22,2.197e-1,2.067e-17,2.369e+1,1.244e+1,1.067e+0,9.472e-18,6.167e+0,,1.855e-1,,,1.330e-1,,,2.109e-19,,1.640e-18,,6.461e-16,,1.931e-10,,,,5.094e-18,2.747e-16
579.2,5.710e+1,2.975e-20,5.934e-11,1.814e-39,2.863e-17,,,1.635e-18,4.309e-21,,1.737e-15,9.571e-20,1.149e-24,9.465e-18,1.212e-19,2.454e-27,6.791e-3,3.519e-25,,5.424e-18,9.135e-19,7.039e-37,1.184e+1,,9.646e-26,5.623e-1,,3.068e-19,1.780e-20,5.510e-10,8.529e-2,8.352e-12,1.747e-19,1.116e-22,2.046e-1,2.069e-17,2.317e+1,1.374e+1,1.001e+0,9.467e-18,6.118e+0,,2.282e-1,,,1.537e-1,,,2.111e-19,,1.640e-18,,1.166e-15,,1.200e-10,,,,5.132e-18,2.747e-16
579.22,5.682e+1,2.973e-20,5.934e-11,2.671e-39,2.871e-17,,,1.635e-18,4.311e-21,,1.736e-15,9.583e-20,1.148e-24,9.465e-18,1.216e-19,2.447e-27,7.045e-3,3.521e-25,,5.430e-18,9.139e-19,7.061e-37,1.116e+1,,9.654e-26,5.296e-1,,3.069e-19,1.780e-20,3.940e-10,7.745e-2,8.744e-12,1.747e-19,1.116e-22,1.946e-1,2.071e-17,2.276e+1,1.464e+1,9.559e-1,9.463e-18,6.068e+0,,2.612e-1,,,1.687e-1,,,2.112e-19,,1.640e-18,,1.725e-15,,8.710e-11,,,,5.157e-18,2.747e-16
579.25,5.643e+1,2.969e-20,5.909e-11,4.749e-39,2.883e-17,,,1.635e-18,4.312e-21,,1.736e-15,9.601e-20,1.146e-24,9.465e-18,1.224e-19,2.436e-27,7.556e-3,3.524e-25,,5.438e-18,9.145e-19,7.095e-37,1.021e+1,,9.665e-26,4.824e-1,,3.070e-19,1.780e-20,2.373e-10,6.676e-2,9.388e-12,1.748e-19,1.115e-22,1.797e-1,2.074e-17,2.208e+1,1.603e+1,8.888e-1,9.458e-18,5.969e+0,,3.186e-1,,,1.932e-1,,,2.114e-19,,1.640e-18,,3.087e-15,,5.365e-11,,,,5.194e-18,2.748e-16
579.27,5.619e+1,2.966e-20,5.877e-11,6.951e-39,2.891e-17,,,1.635e-18,4.314e-21,,1.736e-15,9.613e-20,1.145e-24,9.465e-18,1.228e-19,2.429e-27,7.985e-3,3.526e-25,,5.443e-18,9.148e-19,7.117e-37,9.637e+0,,9.673e-26,4.521e-1,,3.071e-19,1.781e-20,1.687e-10,6.030e-2,9.856e-12,1.748e-19,1.114e-22,1.699e-1,2.076e-17,2.157e+1,1.699e+1,8.442e-1,9.454e-18,5.887e+0,,3.626e-1,,,2.109e-1,,,2.115e-19,,1.641e-18,,4.539e-15,,3.873e-11,,,,5.220e-18,2.748e-16
579.3,5.589e+1,2.963e-20,5.804e-11,1.226e-38,2.903e-17,,,1.635e-18,4.315e-21,,1.735e-15,9.631e-20,1.144e-24,9.465e-18,1.236e-19,2.418e-27,8.766e-3,3.529e-25,,5.452e-18,9.154e-19,7.150e-37,8.855e+0,,9.684e-26,4.088e-1,,3.072e-19,1.781e-20,1.007e-10,5.156e-2,1.062e-11,1.748e-19,1.114e-22,1.556e-1,2.078e-17,2.076e+1,1.845e+1,7.783e-1,9.449e-18,5.742e+0,,4.384e-1,,,2.394e-1,,,2.117e-19,,1.641e-18,,8.057e-15,,2.366e-11,,,,5.257e-18,2.748e-16
579.32,5.572e+1,2.960e-20,5.740e-11,1.784e-38,2.911e-17,,,1.635e-18,4.317e-21,,1.735e-15,9.643e-20,1.143e-24,9.464e-18,1.241e-19,2.410e-27,9.378e-3,3.532e-25,,5.457e-18,9.157e-19,7.173e-37,8.393e+0,,9.691e-26,3.813e-1,,3.073e-19,1.781e-20,7.122e-11,4.633e-2,1.117e-11,1.748e-19,1.113e-22,1.463e-1,2.080e-17,2.017e+1,1.944e+1,7.351e-1,9.445e-18,5.632e+0,,4.962e-1,,,2.599e-1,,,2.119e-19,,1.641e-18,,1.178e-14,,1.698e-11,,,,5.283e-18,2.748e-16
579.35,5.553e+1,2.957e-20,5.622e-11,3.119e-38,2.923e-17,,,1.634e-18,4.318e-21,,1.734e-15,9.661e-20,1.141e-24,9.464e-18,1.248e-19,2.400e-27,1.044e-2,3.535e-25,,5.465e-18,9.163e-19,7.206e-37,7.791e+0,,9.703e-26,3.423e-1,,3.074e-19,1.781e-20,4.216e-11,3.929e-2,1.205e-11,1.748e-19,1.112e-22,1.328e-1,2.083e-17,1.925e+1,2.095e+1,6.719e-1,9.440e-18,5.447e+0,,5.949e-1,,,2.926e-1,,,2.120e-19,,1.641e-18,,2.073e-14,,1.028e-11,,,,5.320e-18,2.749e-16
579.37,5.544e+1,2.954e-20,5.529e-11,4.514e-38,2.930e-17,,,1.634e-18,4.320e-21,,1.734e-15,9.673e-20,1.140e-24,9.464e-18,1.253e-19,2.392e-27,1.124e-2,3.537e-25,,5.471e-18,9.167e-19,7.229e-37,7.452e+0,,9.710e-26,3.177e-1,,3.075e-19,1.781e-20,2.963e-11,3.511e-2,1.267e-11,1.748e-19,1.112e-22,1.241e-1,2.085e-17,1.861e+1,2.196e+1,6.310e-1,9.436e-18,5.312e+0,,6.695e-1,,,3.157e-1,,,2.122e-19,,1.641e-18,,3.014e-14,,7.337e-12,,,,5.345e-18,2.749e-16
579.4,5.539e+1,2.951e-20,5.371e-11,7.826e-38,2.942e-17,,,1.634e-18,4.321e-21,,1.734e-15,9.691e-20,1.139e-24,9.464e-18,1.260e-19,2.381e-27,1.259e-2,3.540e-25,,5.479e-18,9.172e-19,7.262e-37,7.042e+0,,9.721e-26,2.831e-1,,3.076e-19,1.782e-20,1.739e-11,2.954e-2,1.367e-11,1.749e-19,1.111e-22,1.117e-1,2.087e-17,1.762e+1,2.347e+1,5.718e-1,9.431e-18,5.094e+0,,7.959e-1,,,3.525e-1,,,2.124e-19,,1.641e-18,,5.260e-14,,4.404e-12,,,,5.383e-18,2.749e-16
579.42,5.540e+1,2.948e-20,5.253e-11,1.126e-37,2.950e-17,,,1.634e-18,4.323e-21,,1.733e-15,9.703e-20,1.138e-24,9.464e-18,1.265e-19,2.374e-27,1.358e-2,3.542e-25,,5.485e-18,9.176e-19,7.284e-37,6.835e+0,,9.729e-26,2.614e-1,,3.077e-19,1.782e-20,1.215e-11,2.626e-2,1.437e-11,1.749e-19,1.110e-22,1.038e-1,2.089e-17,1.694e+1,2.447e+1,5.340e-1,9.427e-18,4.940e+0,,8.906e-1,,,3.782e-1,,,2.125e-19,,1.642e-18,,7.604e-14,,3.125e-12,,,,5.408e-18,2.749e-16
579.45,5.550e+1,2.945e-20,5.060e-11,1.936e-37,2.962e-17,,,1.634e-18,4.324e-21,,1.733e-15,9.721e-20,1.136e-24,9.464e-18,1.272e-19,2.363e-27,1.522e-2,3.545e-25,,5.493e-18,9.181e-19,7.318e-37,6.627e+0,,9.740e-26,2.312e-1,,3.079e-19,1.782e-20,7.070e-12,2.191e-2,1.547e-11,1.749e-19,1.110e-22,9.264e-2,2.092e-17,1.591e+1,2.595e+1,4.798e-1,9.422e-18,4.698e+0,,1.050e+0,,,4.186e-1,,,2.127e-19,,1.642e-18,,1.316e-13,,1.860e-12,,,,5.446e-18,2.750e-16
579.47,5.562e+1,2.942e-20,4.921e-11,2.771e-37,2.970e-17,,,1.634e-18,4.326e-21,,1.733e-15,9.733e-20,1.135e-24,9.464e-18,1.277e-19,2.356e-27,1.641e-2,3.547e-25,,5.498e-18,9.185e-19,7.340e-37,6.556e+0,,9.748e-26,2.125e-1,,3.079e-19,1.782e-20,4.913e-12,1.937e-2,1.624e-11,1.749e-19,1.109e-22,8.562e-2,2.094e-17,1.522e+1,2.692e+1,4.455e-1,9.418e-18,4.530e+0,,1.168e+0,,,4.466e-1,,,2.128e-19,,1.642e-18,,1.892e-13,,1.312e-12,,,,5.471e-18,2.750e-16
579.5,5.588e+1,2.939e-20,4.701e-11,4.723e-37,2.982e-17,,,1.634e-18,4.327e-21,,1.732e-15,9.751e-20,1.134e-24,9.463e-18,1.284e-19,2.345e-27,1.833e-2,3.551e-25,,5.507e-18,9.190e-19,7.374e-37,6.555e+0,,9.759e-26,1.865e-1,,3.081e-19,1.782e-20,2.833e-12,1.603e-2,1.743e-11,1.749e-19,1.108e-22,7.575e-2,2.096e-17,1.417e+1,2.833e+1,3.969e-1,9.413e-18,4.272e+0,,1.365e+0,,,4.902e-1,,,2.130e-19,,1.642e-18,,3.246e-13,,7.740e-13,,,,5.509e-18,2.750e-16
579.52,5.611e+1,2.936e-20,4.547e-11,6.721e-37,2.989e-17,,,1.634e-18,4.329e-21,,1.732e-15,9.763e-20,1.133e-24,9.463e-18,1.289e-19,2.338e-27,1.970e-2,3.553e-25,,5.512e-18,9.194e-19,7.396e-37,6.625e+0,,9.766e-26,1.705e-1,,3.082e-19,1.783e-20,1.957e-12,1.409e-2,1.824e-11,1.749e-19,1.108e-22,6.961e-2,2.098e-17,1.348e+1,2.924e+1,3.665e-1,9.409e-18,4.097e+0,,1.510e+0,,,5.200e-1,,,2.131e-19,,1.642e-18,,4.640e-13,,5.429e-13,,,,5.534e-18,2.751e-16
579.54,5.639e+1,2.934e-20,4.389e-11,9.542e-37,2.997e-17,,,1.634e-18,4.330e-21,,1.732e-15,9.775e-20,1.132e-24,9.463e-18,1.294e-19,2.331e-27,2.115e-2,3.555e-25,,5.518e-18,9.198e-19,7.419e-37,6.752e+0,,9.774e-26,1.556e-1,,3.082e-19,1.783e-20,1.349e-12,1.236e-2,1.907e-11,1.750e-19,1.107e-22,6.383e-2,2.100e-17,1.280e+1,3.011e+1,3.376e-1,9.406e-18,3.921e+0,,1.667e+0,,,5.504e-1,,,2.133e-19,,1.642e-18,,6.617e-13,,3.799e-13,,,,5.559e-18,2.751e-16
579.57,5.689e+1,2.930e-20,4.144e-11,1.608e-36,3.009e-17,,,1.634e-18,4.332e-21,,1.731e-15,9.793e-20,1.130e-24,9.463e-18,1.301e-19,2.320e-27,2.344e-2,3.558e-25,,5.526e-18,9.203e-19,7.452e-37,7.048e+0,,9.785e-26,1.351e-1,,3.084e-19,1.783e-20,7.688e-13,1.012e-2,2.033e-11,1.750e-19,1.107e-22,5.579e-2,2.103e-17,1.179e+1,3.136e+1,2.973e-1,9.400e-18,3.655e+0,,1.925e+0,,,5.969e-1,,,2.135e-19,,1.643e-18,,1.122e-12,,2.215e-13,,,,5.597e-18,2.751e-16
579.59,5.728e+1,2.928e-20,3.978e-11,2.269e-36,3.017e-17,,,1.634e-18,4.333e-21,,1.731e-15,9.805e-20,1.129e-24,9.463e-18,1.306e-19,2.313e-27,2.505e-2,3.560e-25,,5.531e-18,9.207e-19,7.474e-37,7.317e+0,,9.792e-26,1.226e-1,,3.085e-19,1.783e-20,5.269e-13,8.826e-3,2.117e-11,1.750e-19,1.106e-22,5.086e-2,2.104e-17,1.113e+1,3.214e+1,2.724e-1,9.397e-18,3.479e+0,,2.113e+0,,,6.282e-1,,,2.136e-19,,1.643e-18,,1.591e-12,,1.541e-13,,,,5.622e-18,2.751e-16
579.62,5.796e+1,2.924e-20,3.725e-11,3.791e-36,3.029e-17,,,1.634e-18,4.335e-21,,1.731e-15,9.823e-20,1.127e-24,9.463e-18,1.313e-19,2.302e-27,2.757e-2,3.563e-25,,5.540e-18,9.213e-19,7.508e-37,7.828e+0,,9.804e-26,1.057e-1,,3.086e-19,1.783e-20,2.977e-13,7.162e-3,2.244e-11,1.750e-19,1.105e-22,4.408e-2,2.107e-17,1.016e+1,3.323e+1,2.379e-1,9.392e-18,3.217e+0,,2.420e+0,,,6.755e-1,,,2.138e-19,,1.643e-18,,2.676e-12,,8.904e-14,,,,5.660e-18,2.752e-16
579.64,5.847e+1,2.922e-20,3.555e-11,5.322e-36,3.037e-17,,,1.634e-18,4.336e-21,,1.730e-15,9.835e-20,1.126e-24,9.462e-18,1.318e-19,2.295e-27,2.932e-2,3.565e-25,,5.545e-18,9.216e-19,7.530e-37,8.239e+0,,9.811e-26,9.544e-2,,3.087e-19,1.784e-20,2.028e-13,6.214e-3,2.328e-11,1.750e-19,1.105e-22,3.996e-2,2.109e-17,9.542e+0,3.390e+1,2.169e-1,9.388e-18,3.047e+0,,2.641e+0,,,7.069e-1,,,2.139e-19,,1.643e-18,,3.774e-12,,6.160e-14,,,,5.685e-18,2.752e-16
579.67,5.931e+1,2.918e-20,3.302e-11,8.815e-36,3.048e-17,,,1.634e-18,4.338e-21,,1.730e-15,9.852e-20,1.125e-24,9.462e-18,1.325e-19,2.284e-27,3.202e-2,3.569e-25,,5.553e-18,9.222e-19,7.564e-37,8.962e+0,,9.822e-26,8.159e-2,,3.088e-19,1.784e-20,1.136e-13,5.001e-3,2.451e-11,1.750e-19,1.104e-22,3.434e-2,2.112e-17,8.645e+0,3.482e+1,1.880e-1,9.383e-18,2.797e+0,,2.998e+0,,,7.536e-1,,,2.141e-19,,1.643e-18,,6.293e-12,,3.529e-14,,,,5.723e-18,2.752e-16
579.69,5.994e+1,2.916e-20,3.134e-11,1.231e-35,3.056e-17,,,1.634e-18,4.339e-21,,1.729e-15,9.864e-20,1.124e-24,9.462e-18,1.330e-19,2.277e-27,3.388e-2,3.571e-25,,5.559e-18,9.225e-19,7.586e-37,9.513e+0,,9.830e-26,7.331e-2,,3.089e-19,1.784e-20,7.696e-14,4.315e-3,2.531e-11,1.751e-19,1.103e-22,3.095e-2,2.113e-17,8.073e+0,3.536e+1,1.705e-1,9.379e-18,2.636e+0,,3.254e+0,,,7.842e-1,,,2.142e-19,,1.643e-18,,8.824e-12,,2.427e-14,,,,5.748e-18,2.753e-16
579.72,6.095e+1,2.912e-20,2.886e-11,2.021e-35,3.068e-17,,,1.634e-18,4.341e-21,,1.729e-15,9.882e-20,1.122e-24,9.462e-18,1.337e-19,2.266e-27,3.671e-2,3.574e-25,,5.567e-18,9.231e-19,7.620e-37,1.044e+1,,9.841e-26,6.219e-2,,3.090e-19,1.784e-20,4.273e-14,3.444e-3,2.647e-11,1.751e-19,1.103e-22,2.637e-2,2.116e-17,7.255e+0,3.608e+1,1.468e-1,9.374e-18,2.404e+0,,3.663e+0,,,8.289e-1,,,2.144e-19,,1.644e-18,,1.459e-11,,1.379e-14,,,,5.786e-18,2.753e-16
579.74,6.168e+1,2.910e-20,2.725e-11,2.806e-35,3.076e-17,,,1.634e-18,4.342e-21,,1.729e-15,9.894e-20,1.121e-24,9.462e-18,1.342e-19,2.258e-27,3.862e-2,3.576e-25,,5.573e-18,9.235e-19,7.642e-37,1.113e+1,,9.849e-26,5.558e-2,,3.091e-19,1.784e-20,2.878e-14,2.956e-3,2.721e-11,1.751e-19,1.102e-22,2.363e-2,2.118e-17,6.738e+0,3.650e+1,1.327e-1,9.370e-18,2.256e+0,,3.952e+0,,,8.577e-1,,,2.145e-19,,1.644e-18,,2.034e-11,,9.429e-15,,,,5.811e-18,2.753e-16
579.77,6.285e+1,2.906e-20,2.489e-11,4.569e-35,3.088e-17,,,1.634e-18,4.344e-21,,1.728e-15,9.912e-20,1.120e-24,9.462e-18,1.349e-19,2.248e-27,4.151e-2,3.579e-25,,5.581e-18,9.240e-19,7.675e-37,1.225e+1,,9.860e-26,4.678e-2,,3.092e-19,1.785e-20,1.584e-14,2.340e-3,2.825e-11,1.751e-19,1.101e-22,1.996e-2,2.121e-17,6.006e+0,3.702e+1,1.137e-1,9.365e-18,2.047e+0,,4.411e+0,,,8.989e-1,,,2.147e-19,,1.644e-18,,3.336e-11,,5.310e-15,,,,5.849e-18,2.753e-16
579.79,6.369e+1,2.904e-20,2.336e-11,6.307e-35,3.096e-17,,,1.633e-18,4.345e-21,,1.728e-15,9.924e-20,1.119e-24,9.461e-18,1.354e-19,2.240e-27,4.343e-2,3.581e-25,,5.586e-18,9.244e-19,7.698e-37,1.306e+1,,9.867e-26,4.159e-2,,3.093e-19,1.785e-20,1.061e-14,1.997e-3,2.890e-11,1.751e-19,1.101e-22,1.779e-2,2.122e-17,5.548e+0,3.730e+1,1.025e-1,9.361e-18,1.916e+0,,4.733e+0,,,9.248e-1,,,2.149e-19,,1.644e-18,,4.625e-11,,3.610e-15,,,,5.874e-18,2.754e-16
579.82,6.501e+1,2.900e-20,2.116e-11,1.019e-34,3.107e-17,,,1.633e-18,4.347e-21,,1.728e-15,9.942e-20,1.117e-24,9.461e-18,1.361e-19,2.229e-27,4.629e-2,3.584e-25,,5.595e-18,9.249e-19,7.731e-37,1.436e+1,,9.879e-26,3.472e-2,,3.094e-19,1.785e-20,5.790e-15,1.567e-3,2.978e-11,1.751e-19,1.100e-22,1.490e-2,2.125e-17,4.905e+0,3.762e+1,8.772e-2,9.356e-18,1.733e+0,,5.238e+0,,,9.610e-1,,,2.150e-19,,1.644e-18,,7.519e-11,,2.015e-15,,,,5.912e-18,2.754e-16
579.84,6.593e+1,2.898e-20,1.976e-11,1.398e-34,3.115e-17,,,1.633e-18,4.348e-21,,1.727e-15,9.954e-20,1.116e-24,9.461e-18,1.366e-19,2.222e-27,4.816e-2,3.587e-25,,5.600e-18,9.253e-19,7.754e-37,1.528e+1,,9.886e-26,3.071e-2,,3.095e-19,1.785e-20,3.856e-15,1.330e-3,3.030e-11,1.752e-19,1.099e-22,1.320e-2,2.127e-17,4.506e+0,3.778e+1,7.917e-2,9.352e-18,1.621e+0,,5.588e+0,,,9.831e-1,,,2.152e-19,,1.644e-18,,1.037e-10,,1.363e-15,,,,5.937e-18,2.754e-16
579.87,6.739e+1,2.894e-20,1.775e-11,2.239e-34,3.127e-17,,,1.633e-18,4.350e-21,,1.727e-15,9.972e-20,1.115e-24,9.461e-18,1.373e-19,2.211e-27,5.090e-2,3.590e-25,,5.608e-18,9.259e-19,7.787e-37,1.674e+1,,9.897e-26,2.544e-2,,3.097e-19,1.785e-20,2.086e-15,1.035e-3,3.099e-11,1.752e-19,1.099e-22,1.096e-2,2.130e-17,3.951e+0,3.793e+1,6.815e-2,9.347e-18,1.467e+0,,6.132e+0,,,1.013e+0,,,2.154e-19,,1.645e-18,,1.671e-10,,7.541e-16,,,,5.975e-18,2.755e-16
579.89,6.839e+1,2.892e-20,1.648e-11,3.056e-34,3.135e-17,,,1.633e-18,4.351e-21,,1.727e-15,9.984e-20,1.114e-24,9.461e-18,1.378e-19,2.204e-27,5.266e-2,3.592e-25,,5.614e-18,9.262e-19,7.809e-37,1.776e+1,,9.905e-26,2.237e-2,,3.097e-19,1.786e-20,1.381e-15,8.738e-4,3.138e-11,1.752e-19,1.098e-22,9.654e-3,2.131e-17,3.610e+0,3.797e+1,6.195e-2,9.343e-18,1.375e+0,,6.505e+0,,,1.030e+0,,,2.155e-19,,1.645e-18,,2.291e-10,,5.069e-16,,,,6.000e-18,2.755e-16
579.91,6.943e+1,2.889e-20,1.527e-11,4.161e-34,3.143e-17,,,1.633e-18,4.352e-21,,1.726e-15,9.996e-20,1.113e-24,9.461e-18,1.383e-19,2.197e-27,5.436e-2,3.594e-25,,5.619e-18,9.266e-19,7.832e-37,1.880e+1,,9.912e-26,1.964e-2,,3.098e-19,1.786e-20,9.122e-16,7.357e-4,3.170e-11,1.752e-19,1.098e-22,8.485e-3,2.133e-17,3.291e+0,3.797e+1,5.662e-2,9.339e-18,1.292e+0,,6.885e+0,,,1.046e+0,,,2.156e-19,,1.645e-18,,3.134e-10,,3.399e-16,,,,6.025e-18,2.755e-16
579.94,7.102e+1,2.886e-20,1.356e-11,6.585e-34,3.155e-17,,,1.633e-18,4.354e-21,,1.726e-15,1.001e-19,1.111e-24,9.461e-18,1.390e-19,2.186e-27,5.677e-2,3.597e-25,,5.628e-18,9.271e-19,7.865e-37,2.042e+1,,9.924e-26,1.608e-2,,3.100e-19,1.786e-20,4.876e-16,5.661e-4,3.208e-11,1.752e-19,1.097e-22,6.962e-3,2.136e-17,2.853e+0,3.790e+1,5.017e-2,9.334e-18,1.183e+0,,7.465e+0,,,1.065e+0,,,2.158e-19,,1.645e-18,,4.993e-10,,1.859e-16,,,,6.063e-18,2.755e-16
579.96,7.211e+1,2.883e-20,1.249e-11,8.917e-34,3.163e-17,,,1.633e-18,4.355e-21,,1.726e-15,1.003e-19,1.110e-24,9.460e-18,1.395e-19,2.179e-27,5.827e-2,3.599e-25,,5.633e-18,9.275e-19,7.888e-37,2.153e+1,,9.931e-26,1.404e-2,,3.100e-19,1.786e-20,3.202e-16,4.740e-4,3.225e-11,1.752e-19,1.096e-22,6.084e-3,2.138e-17,2.586e+0,3.781e+1,4.686e-2,9.330e-18,1.121e+0,,7.857e+0,,,1.074e+0,,,2.159e-19,,1.645e-18,,6.791e-10,,1.239e-16,,,,6.088e-18,2.756e-16
579.99,7.376e+1,2.880e-20,1.100e-11,1.399e-33,3.174e-17,,,1.633e-18,4.357e-21,,1.725e-15,1.004e-19,1.108e-24,9.460e-18,1.402e-19,2.168e-27,6.034e-2,3.602e-25,,5.641e-18,9.281e-19,7.921e-37,2.322e+1,,9.942e-26,1.141e-2,,3.102e-19,1.786e-20,1.697e-16,3.617e-4,3.240e-11,1.753e-19,1.095e-22,4.950e-3,2.140e-17,2.224e+0,3.762e+1,4.332e-2,9.325e-18,1.046e+0,,8.447e+0,,,1.084e+0,,,2.161e-19,,1.645e-18,,1.073e-9,,6.719e-17,,,,6.126e-18,2.756e-16
580.01,7.488e+1,2.877e-20,1.008e-11,1.884e-33,3.182e-17,,,1.633e-18,4.358e-21,,1.725e-15,1.006e-19,1.107e-24,9.460e-18,1.407e-19,2.161e-27,6.159e-2,3.605e-25,,5.647e-18,9.284e-19,7.944e-37,2.436e+1,,9.950e-26,9.905e-3,,3.103e-19,1.786e-20,1.108e-16,3.011e-4,3.241e-11,1.753e-19,1.095e-22,4.301e-3,2.142e-17,2.005e+0,3.747e+1,4.189e-2,9.321e-18,1.007e+0,,8.839e+0,,,1.088e+0,,,2.163e-19,,1.645e-18,,1.451e-9,,4.454e-17,,,,6.151e-18,2.756e-16
580.04,7.656e+1,2.874e-20,8.803e-12,2.931e-33,3.194e-17,,,1.633e-18,4.360e-21,,1.724e-15,1.007e-19,1.106e-24,9.460e-18,1.414e-19,2.150e-27,6.324e-2,3.608e-25,,5.655e-18,9.290e-19,7.977e-37,2.607e+1,,9.961e-26,7.982e-3,,3.104e-19,1.787e-20,5.821e-17,2.278e-4,3.232e-11,1.753e-19,1.094e-22,3.470e-3,2.145e-17,1.710e+0,3.719e+1,4.110e-2,9.316e-18,9.670e-1,,9.423e+0,,,1.089e+0,,,2.164e-19,,1.646e-18,,2.273e-9,,2.394e-17,,,,6.189e-18,2.756e-16
580.06,7.767e+1,2.871e-20,8.021e-12,3.925e-33,3.202e-17,,,1.633e-18,4.361e-21,,1.724e-15,1.009e-19,1.105e-24,9.460e-18,1.419e-19,2.143e-27,6.418e-2,3.610e-25,,5.660e-18,9.293e-19,7.999e-37,2.720e+1,,9.969e-26,6.893e-3,,3.105e-19,1.787e-20,3.779e-17,1.887e-4,3.219e-11,1.753e-19,1.094e-22,2.999e-3,2.147e-17,1.533e+0,3.698e+1,4.149e-2,9.312e-18,9.521e-1,,9.805e+0,,,1.087e+0,,,2.166e-19,,1.646e-18,,3.057e-9,,1.578e-17,,,,6.214e-18,2.757e-16
580.09,7.931e+1,2.868e-20,6.948e-12,6.056e-33,3.214e-17,,,1.633e-18,4.363e-21,,1.724e-15,1.010e-19,1.103e-24,9.460e-18,1.426e-19,2.132e-27,6.534e-2,3.613e-25,,5.669e-18,9.299e-19,8.033e-37,2.887e+1,,9.980e-26,5.509e-3,,3.106e-19,1.787e-20,1.968e-17,1.415e-4,3.189e-11,1.753e-19,1.093e-22,2.399e-3,2.149e-17,1.297e+0,3.664e+1,4.343e-2,9.307e-18,9.480e-1,,1.036e+1,,,1.078e+0,,,2.168e-19,,1.646e-18,,4.748e-9,,8.408e-18,,,,6.252e-18,2.757e-16
580.11,8.038e+1,2.865e-20,6.296e-12,8.063e-33,3.222e-17,,,1.633e-18,4.364e-21,,1.723e-15,1.012e-19,1.102e-24,9.459e-18,1.431e-19,2.125e-27,6.593e-2,3.615e-25,,5.674e-18,9.303e-19,8.055e-37,2.996e+1,,9.987e-26,4.732e-3,,3.107e-19,1.787e-20,1.970e-17,1.165e-4,3.162e-11,1.753e-19,1.092e-22,2.063e-3,2.151e-17,1.156e+0,3.639e+1,4.565e-2,9.304e-18,9.578e-1,,1.072e+1,,,1.070e+0,,,2.169e-19,,1.646e-18,,6.350e-9,,5.510e-18,,,,6.277e-18,2.757e-16
580.14,8.194e+1,2.861e-20,5.409e-12,1.233e-32,3.233e-17,,,1.633e-18,4.366e-21,,1.723e-15,1.013e-19,1.101e-24,9.459e-18,1.438e-19,2.114e-27,6.655e-2,3.618e-25,,5.682e-18,9.308e-19,8.089e-37,3.155e+1,,9.998e-26,3.751e-3,,3.108e-19,1.788e-20,1.973e-17,8.671e-5,3.114e-11,1.754e-19,1.091e-22,1.638e-3,2.154e-17,9.699e-1,3.602e+1,5.043e-2,9.298e-18,9.916e-1,,1.124e+1,,,1.053e+0,,,2.171e-19,,1.646e-18,,9.780e-9,,2.911e-18,,,,6.314e-18,2.758e-16
580.16,8.293e+1,2.859e-20,4.874e-12,1.633e-32,3.241e-17,,,1.633e-18,4.367e-21,,1.723e-15,1.015e-19,1.100e-24,9.459e-18,1.443e-19,2.106e-27,6.678e-2,3.620e-25,,5.688e-18,9.312e-19,8.111e-37,3.256e+1,,1.001e-25,3.204e-3,,3.109e-19,1.788e-20,1.975e-17,7.100e-5,3.077e-11,1.754e-19,1.091e-22,1.401e-3,2.156e-17,8.602e-1,3.576e+1,5.461e-2,9.295e-18,1.027e+0,,1.156e+1,,,1.038e+0,,,2.172e-19,,1.646e-18,,1.301e-8,,1.897e-18,,,,6.340e-18,2.758e-16
580.19,8.433e+1,2.855e-20,4.153e-12,2.477e-32,3.253e-17,,,1.633e-18,4.369e-21,,1.722e-15,1.016e-19,1.098e-24,9.459e-18,1.451e-19,2.096e-27,6.684e-2,3.624e-25,,5.696e-18,9.317e-19,8.145e-37,3.400e+1,,1.002e-25,2.519e-3,,3.110e-19,1.788e-20,1.977e-17,5.238e-5,3.015e-11,1.754e-19,1.090e-22,1.106e-3,2.158e-17,7.156e-1,3.536e+1,6.245e-2,9.289e-18,1.101e+0,,1.201e+1,,,1.013e+0,,,2.174e-19,,1.647e-18,,1.986e-8,,9.932e-19,,,,6.377e-18,2.758e-16
580.21,8.520e+1,2.853e-20,3.722e-12,3.261e-32,3.261e-17,,,1.632e-18,4.370e-21,,1.722e-15,1.018e-19,1.097e-24,9.459e-18,1.455e-19,2.088e-27,6.669e-2,3.626e-25,,5.702e-18,9.321e-19,8.167e-37,3.489e+1,,1.002e-25,2.140e-3,,3.111e-19,1.788e-20,1.979e-17,4.264e-5,2.971e-11,1.754e-19,1.090e-22,9.436e-4,2.160e-17,6.312e-1,3.509e+1,6.878e-2,9.286e-18,1.164e+0,,1.229e+1,,,9.935e-1,,,2.175e-19,,1.647e-18,,2.627e-8,,6.434e-19,,,,6.403e-18,2.758e-16
580.24,8.638e+1,2.849e-20,3.145e-12,4.906e-32,3.273e-17,,,1.632e-18,4.372e-21,,1.722e-15,1.019e-19,1.096e-24,9.459e-18,1.463e-19,2.078e-27,6.618e-2,3.629e-25,,5.710e-18,9.327e-19,8.200e-37,3.613e+1,,1.004e-25,1.669e-3,,3.112e-19,1.788e-20,1.981e-17,3.120e-5,2.901e-11,1.754e-19,1.089e-22,7.434e-4,2.163e-17,5.207e-1,3.469e+1,8.005e-2,9.280e-18,1.280e+0,,1.266e+1,,,9.610e-1,,,2.177e-19,,1.647e-18,,3.978e-8,,6.455e-19,,,,6.440e-18,2.759e-16
580.26,8.709e+1,2.847e-20,2.803e-12,6.422e-32,3.281e-17,,,1.632e-18,4.373e-21,,1.721e-15,1.021e-19,1.094e-24,9.458e-18,1.467e-19,2.070e-27,6.565e-2,3.631e-25,,5.715e-18,9.330e-19,8.223e-37,3.687e+1,,1.004e-25,1.410e-3,,3.113e-19,1.788e-20,1.983e-17,2.526e-5,2.854e-11,1.755e-19,1.088e-22,6.350e-4,2.165e-17,4.568e-1,3.441e+1,8.880e-2,9.277e-18,1.372e+0,,1.288e+1,,,9.372e-1,,,2.178e-19,,1.647e-18,,5.231e-8,,6.469e-19,,,,6.465e-18,2.759e-16
580.28,8.771e+1,2.845e-20,2.493e-12,8.389e-32,3.288e-17,,,1.632e-18,4.374e-21,,1.721e-15,1.022e-19,1.093e-24,9.458e-18,1.472e-19,2.063e-27,6.498e-2,3.633e-25,,5.721e-18,9.334e-19,8.245e-37,3.755e+1,,1.005e-25,1.188e-3,,3.114e-19,1.789e-20,1.985e-17,2.040e-5,2.807e-11,1.755e-19,1.088e-22,5.439e-4,2.166e-17,3.999e-1,3.414e+1,9.862e-2,9.273e-18,1.476e+0,,1.307e+1,,,9.120e-1,,,2.180e-19,,1.647e-18,,6.863e-8,,6.483e-19,,,,6.491e-18,2.759e-16
580.31,8.848e+1,2.841e-20,2.082e-12,1.247e-31,3.300e-17,,,1.632e-18,4.376e-21,,1.721e-15,1.024e-19,1.092e-24,9.458e-18,1.479e-19,2.052e-27,6.372e-2,3.636e-25,,5.729e-18,9.339e-19,8.279e-37,3.842e+1,,1.006e-25,9.158e-4,,3.115e-19,1.789e-20,1.988e-17,1.475e-5,2.737e-11,1.755e-19,1.087e-22,4.357e-4,2.169e-17,3.261e-1,3.373e+1,1.155e-1,9.268e-18,1.655e+0,,1.330e+1,,,8.717e-1,,,2.182e-19,,1.647e-18,,1.027e-7,,6.503e-19,,,,6.528e-18,2.760e-16
580.33,8.888e+1,2.839e-20,1.841e-12,1.620e-31,3.308e-17,,,1.632e-18,4.377e-21,,1.720e-15,1.025e-19,1.091e-24,9.458e-18,1.484e-19,2.045e-27,6.272e-2,3.638e-25,,5.735e-18,9.343e-19,8.301e-37,3.890e+1,,1.007e-25,7.677e-4,,3.116e-19,1.789e-20,1.989e-17,1.185e-5,2.693e-11,1.755e-19,1.086e-22,3.802e-4,2.171e-17,2.839e-1,3.345e+1,1.282e-1,9.264e-18,1.791e+0,,1.343e+1,,,8.434e-1,,,2.183e-19,,1.648e-18,,1.340e-7,,6.517e-19,,,,6.554e-18,2.760e-16
580.36,8.929e+1,2.835e-20,1.525e-12,2.387e-31,3.320e-17,,,1.632e-18,4.379e-21,,1.720e-15,1.027e-19,1.089e-24,9.458e-18,1.492e-19,2.034e-27,6.098e-2,3.642e-25,,5.743e-18,9.349e-19,8.334e-37,3.946e+1,,1.008e-25,5.867e-4,,3.118e-19,1.789e-20,1.992e-17,8.494e-6,2.633e-11,1.755e-19,1.086e-22,3.186e-4,2.173e-17,2.298e-1,3.302e+1,1.496e-1,9.259e-18,2.019e+0,,1.355e+1,,,7.993e-1,,,2.185e-19,,1.648e-18,,1.988e-7,,6.538e-19,,,,6.591e-18,2.760e-16
580.38,8.944e+1,2.833e-20,1.341e-12,3.083e-31,3.328e-17,,,1.632e-18,4.380e-21,,1.720e-15,1.028e-19,1.088e-24,9.458e-18,1.496e-19,2.027e-27,5.967e-2,3.644e-25,,5.748e-18,9.352e-19,8.357e-37,3.973e+1,,1.009e-25,4.891e-4,,3.118e-19,1.789e-20,1.994e-17,6.785e-6,2.597e-11,1.755e-19,1.085e-22,2.908e-4,2.175e-17,1.990e-1,3.273e+1,1.656e-1,9.255e-18,2.189e+0,,1.360e+1,,,7.690e-1,,,2.186e-19,,1.648e-18,,2.580e-7,,6.552e-19,,,,6.616e-18,2.760e-16
580.41,8.945e+1,2.829e-20,1.102e-12,4.507e-31,3.340e-17,,,1.632e-18,4.382e-21,,1.719e-15,1.030e-19,1.087e-24,9.458e-18,1.504e-19,2.016e-27,5.752e-2,3.647e-25,,5.757e-18,9.358e-19,8.390e-37,3.997e+1,,1.010e-25,3.707e-4,,3.120e-19,1.790e-20,1.996e-17,4.823e-6,2.553e-11,1.756e-19,1.084e-22,2.672e-4,2.178e-17,1.599e-1,3.227e+1,1.923e-1,9.250e-18,2.469e+0,,1.361e+1,,,7.226e-1,,,2.188e-19,,1.648e-18,,3.796e-7,,6.572e-19,,,,6.654e-18,2.761e-16
580.43,8.932e+1,2.826e-20,9.640e-13,5.788e-31,3.347e-17,,,1.632e-18,4.383e-21,,1.719e-15,1.031e-19,1.086e-24,9.457e-18,1.508e-19,2.009e-27,5.598e-2,3.649e-25,,5.762e-18,9.362e-19,8.413e-37,4.001e+1,,1.011e-25,3.073e-4,,3.121e-19,1.790e-20,1.998e-17,3.831e-6,2.530e-11,1.756e-19,1.084e-22,2.632e-4,2.180e-17,1.378e-1,3.196e+1,2.119e-1,9.246e-18,2.674e+0,,1.358e+1,,,6.912e-1,,,2.189e-19,,1.648e-18,,4.897e-7,,6.586e-19,,,,6.679e-18,2.761e-16
580.46,8.891e+1,2.823e-20,7.854e-13,8.388e-31,3.359e-17,,,1.632e-18,4.385e-21,,1.718e-15,1.033e-19,1.084e-24,9.457e-18,1.516e-19,1.998e-27,5.350e-2,3.652e-25,,5.770e-18,9.367e-19,8.446e-37,3.991e+1,,1.012e-25,2.310e-4,,3.122e-19,1.790e-20,2.001e-17,2.700e-6,2.510e-11,1.756e-19,1.083e-22,2.746e-4,2.182e-17,1.100e-1,3.146e+1,2.442e-1,9.241e-18,3.010e+0,,1.348e+1,,,6.440e-1,,,2.191e-19,,1.648e-18,,7.144e-7,,6.607e-19,,,,6.717e-18,2.761e-16
580.48,8.849e+1,2.820e-20,6.832e-13,1.071e-30,3.367e-17,,,1.632e-18,4.386e-21,,1.718e-15,1.034e-19,1.083e-24,9.457e-18,1.521e-19,1.991e-27,5.177e-2,3.654e-25,,5.776e-18,9.371e-19,8.469e-37,3.973e+1,,1.013e-25,1.904e-4,,3.123e-19,1.790e-20,2.002e-17,2.133e-6,2.506e-11,1.756e-19,1.083e-22,2.942e-4,2.184e-17,9.454e-2,3.111e+1,2.678e-1,9.237e-18,3.252e+0,,1.337e+1,,,6.126e-1,,,2.192e-19,,1.649e-18,,9.165e-7,,6.620e-19,,,,6.742e-18,2.761e-16
580.51,8.764e+1,2.817e-20,5.521e-13,1.539e-30,3.379e-17,,,1.632e-18,4.388e-21,,1.718e-15,1.036e-19,1.082e-24,9.457e-18,1.528e-19,1.980e-27,4.906e-2,3.657e-25,,5.784e-18,9.376e-19,8.502e-37,3.929e+1,,1.014e-25,1.419e-4,,3.124e-19,1.790e-20,2.005e-17,1.490e-6,2.515e-11,1.756e-19,1.082e-22,3.433e-4,2.187e-17,7.523e-2,3.056e+1,3.063e-1,9.232e-18,3.644e+0,,1.315e+1,,,5.658e-1,,,2.194e-19,,1.649e-18,,1.326e-6,,6.641e-19,,,,6.780e-18,2.762e-16
580.53,8.694e+1,2.814e-20,4.776e-13,1.955e-30,3.387e-17,,,1.632e-18,4.389e-21,,1.717e-15,1.037e-19,1.081e-24,9.457e-18,1.533e-19,1.973e-27,4.720e-2,3.660e-25,,5.790e-18,9.380e-19,8.524e-37,3.889e+1,,1.014e-25,1.164e-4,,3.125e-19,1.791e-20,2.007e-17,1.171e-6,2.534e-11,1.756e-19,1.081e-22,3.904e-4,2.189e-17,6.463e-2,3.016e+1,3.341e-1,9.228e-18,3.925e+0,,1.298e+1,,,5.352e-1,,,2.196e-19,,1.649e-18,,1.691e-6,,6.655e-19,,,,6.805e-18,2.762e-16
580.56,8.567e+1,2.811e-20,3.827e-13,2.786e-30,3.399e-17,,,1.632e-18,4.391e-21,,1.717e-15,1.039e-19,1.079e-24,9.457e-18,1.540e-19,1.962e-27,4.435e-2,3.663e-25,,5.798e-18,9.385e-19,8.558e-37,3.814e+1,,1.016e-25,8.601e-5,,3.126e-19,1.791e-20,2.009e-17,8.112e-7,2.580e-11,1.757e-19,1.080e-22,4.858e-4,2.191e-17,5.163e-2,2.953e+1,3.791e-1,9.223e-18,4.374e+0,,1.266e+1,,,4.902e-1,,,2.198e-19,,1.649e-18,,2.426e-6,,6.676e-19,,,,6.843e-18,2.762e-16
580.58,8.469e+1,2.808e-20,3.293e-13,3.518e-30,3.407e-17,,,1.632e-18,4.392e-21,,1.717e-15,1.040e-19,1.078e-24,9.456e-18,1.545e-19,1.954e-27,4.243e-2,3.665e-25,,5.803e-18,9.389e-19,8.580e-37,3.754e+1,,1.016e-25,7.011e-5,,3.127e-19,1.791e-20,2.011e-17,6.335e-7,2.625e-11,1.757e-19,1.080e-22,5.684e-4,2.193e-17,4.464e-2,2.909e+1,4.112e-1,9.219e-18,4.694e+0,,1.242e+1,,,4.610e-1,,,2.199e-19,,1.649e-18,,3.078e-6,,6.689e-19,,,,6.868e-18,2.763e-16
580.61,8.304e+1,2.805e-20,2.617e-13,4.971e-30,3.418e-17,,,1.632e-18,4.394e-21,,1.716e-15,1.042e-19,1.076e-24,9.456e-18,1.552e-19,1.944e-27,3.953e-2,3.668e-25,,5.812e-18,9.395e-19,8.614e-37,3.650e+1,,1.017e-25,5.139e-5,,3.128e-19,1.791e-20,2.014e-17,4.353e-7,2.713e-11,1.757e-19,1.079e-22,7.261e-4,2.196e-17,3.632e-2,2.837e+1,4.626e-1,9.214e-18,5.201e+0,,1.201e+1,,,4.186e-1,,,2.201e-19,,1.649e-18,,4.378e-6,,6.710e-19,,,,6.906e-18,2.763e-16
580.63,8.182e+1,2.802e-20,2.239e-13,6.241e-30,3.426e-17,,,1.632e-18,4.395e-21,,1.716e-15,1.043e-19,1.075e-24,9.456e-18,1.557e-19,1.936e-27,3.760e-2,3.670e-25,,5.817e-18,9.398e-19,8.636e-37,3.572e+1,,1.018e-25,4.166e-5,,3.129e-19,1.791e-20,2.015e-17,3.380e-7,2.787e-11,1.757e-19,1.079e-22,8.575e-4,2.198e-17,3.205e-2,2.787e+1,4.991e-1,9.210e-18,5.558e+0,,1.172e+1,,,3.914e-1,,,2.202e-19,,1.649e-18,,5.522e-6,,6.724e-19,,,,6.931e-18,2.763e-16
580.65,8.051e+1,2.800e-20,1.912e-13,7.819e-30,3.434e-17,,,1.631e-18,4.396e-21,,1.716e-15,1.044e-19,1.074e-24,9.456e-18,1.562e-19,1.929e-27,3.569e-2,3.672e-25,,5.823e-18,9.402e-19,8.658e-37,3.488e+1,,1.019e-25,3.369e-5,,3.130e-19,1.792e-20,2.017e-17,2.619e-7,2.873e-11,1.757e-19,1.078e-22,1.014e-3,2.200e-17,2.868e-2,2.734e+1,5.372e-1,9.207e-18,5.931e+0,,1.140e+1,,,3.652e-1,,,2.203e-19,,1.650e-18,,6.949e-6,,6.738e-19,,,,6.956e-18,2.763e-16
580.68,7.840e+1,2.796e-20,1.502e-13,1.092e-29,3.446e-17,,,1.631e-18,4.398e-21,,1.715e-15,1.046e-19,1.073e-24,9.456e-18,1.569e-19,1.918e-27,3.286e-2,3.675e-25,,5.831e-18,9.408e-19,8.692e-37,3.351e+1,,1.020e-25,2.440e-5,,3.131e-19,1.792e-20,2.020e-17,1.779e-7,3.026e-11,1.757e-19,1.077e-22,1.302e-3,2.202e-17,2.515e-2,2.649e+1,5.973e-1,9.201e-18,6.515e+0,,1.090e+1,,,3.277e-1,,,2.205e-19,,1.650e-18,,9.769e-6,,6.758e-19,,,,6.994e-18,2.764e-16
580.7,7.690e+1,2.794e-20,1.275e-13,1.360e-29,3.454e-17,,,1.631e-18,4.399e-21,,1.715e-15,1.047e-19,1.072e-24,9.456e-18,1.574e-19,1.911e-27,3.101e-2,3.678e-25,,5.836e-18,9.411e-19,8.714e-37,3.253e+1,,1.021e-25,1.963e-5,,3.132e-19,1.792e-20,2.021e-17,1.370e-7,3.145e-11,1.758e-19,1.077e-22,1.536e-3,2.204e-17,2.372e-2,2.590e+1,6.392e-1,9.198e-18,6.923e+0,,1.054e+1,,,3.040e-1,,,2.206e-19,,1.650e-18,,1.223e-5,,6.772e-19,,,,7.019e-18,2.764e-16
580.73,7.454e+1,2.790e-20,9.935e-14,1.883e-29,3.466e-17,,,1.631e-18,4.401e-21,,1.715e-15,1.049e-19,1.070e-24,9.455e-18,1.581e-19,1.900e-27,2.830e-2,3.681e-25,,5.845e-18,9.417e-19,8.748e-37,3.099e+1,,1.022e-25,1.410e-5,,3.134e-19,1.792e-20,2.024e-17,9.226e-8,3.347e-11,1.758e-19,1.076e-22,1.964e-3,2.207e-17,2.287e-2,2.497e+1,7.048e-1,9.192e-18,7.558e+0,,9.993e+0,,,2.705e-1,,,2.208e-19,,1.650e-18,,1.704e-5,,6.793e-19,,,,7.057e-18,2.764e-16
580.75,7.290e+1,2.788e-20,8.389e-14,2.333e-29,3.473e-17,,,1.631e-18,4.402e-21,,1.714e-15,1.050e-19,1.069e-24,9.455e-18,1.586e-19,1.893e-27,2.656e-2,3.683e-25,,5.850e-18,9.420e-19,8.770e-37,2.992e+1,,1.023e-25,1.127e-5,,3.134e-19,1.792e-20,2.026e-17,7.068e-8,3.498e-11,1.758e-19,1.075e-22,2.308e-3,2.208e-17,2.312e-2,2.432e+1,7.501e-1,9.189e-18,7.996e+0,,9.615e+0,,,2.495e-1,,,2.210e-19,,1.650e-18,,2.121e-5,,6.806e-19,,,,7.082e-18,2.765e-16
580.78,7.037e+1,2.784e-20,6.482e-14,3.203e-29,3.485e-17,,,1.631e-18,4.404e-21,,1.714e-15,1.052e-19,1.068e-24,9.455e-18,1.593e-19,1.882e-27,2.404e-2,3.686e-25,,5.858e-18,9.426e-19,8.804e-37,2.826e+1,,1.024e-25,8.029e-6,,3.136e-19,1.793e-20,2.028e-17,4.719e-8,3.750e-11,1.758e-19,1.075e-22,2.931e-3,2.211e-17,2.473e-2,2.331e+1,8.200e-1,9.183e-18,8.675e+0,,9.035e+0,,,2.201e-1,,,2.212e-19,,1.650e-18,,2.931e-5,,6.827e-19,,,,7.120e-18,2.765e-16
580.8,6.864e+1,2.782e-20,5.443e-14,3.946e-29,3.493e-17,,,1.631e-18,4.405e-21,,1.714e-15,1.053e-19,1.067e-24,9.455e-18,1.598e-19,1.875e-27,2.243e-2,3.688e-25,,5.864e-18,9.430e-19,8.826e-37,2.713e+1,,1.025e-25,6.385e-6,,3.137e-19,1.793e-20,2.030e-17,3.595e-8,3.934e-11,1.758e-19,1.074e-22,3.427e-3,2.213e-17,2.662e-2,2.261e+1,8.678e-1,9.180e-18,9.139e+0,,8.643e+0,,,2.019e-1,,,2.213e-19,,1.651e-18,,3.627e-5,,6.841e-19,,,,7.145e-18,2.765e-16
580.83,6.601e+1,2.778e-20,4.171e-14,5.372e-29,3.505e-17,,,1.631e-18,4.407e-21,,1.713e-15,1.055e-19,1.065e-24,9.455e-18,1.605e-19,1.864e-27,2.013e-2,3.691e-25,,5.872e-18,9.435e-19,8.859e-37,2.540e+1,,1.026e-25,4.509e-6,,3.138e-19,1.793e-20,2.033e-17,2.380e-8,4.234e-11,1.758e-19,1.073e-22,4.317e-3,2.216e-17,3.076e-2,2.153e+1,9.407e-1,9.174e-18,9.852e+0,,8.053e+0,,,1.766e-1,,,2.215e-19,,1.651e-18,,4.971e-5,,6.862e-19,,,,7.183e-18,2.765e-16
580.85,6.425e+1,2.776e-20,3.483e-14,6.580e-29,3.513e-17,,,1.631e-18,4.408e-21,,1.713e-15,1.056e-19,1.064e-24,9.455e-18,1.610e-19,1.857e-27,1.867e-2,3.693e-25,,5.877e-18,9.439e-19,8.882e-37,2.425e+1,,1.026e-25,3.566e-6,,3.139e-19,1.793e-20,2.034e-17,1.802e-8,4.449e-11,1.759e-19,1.073e-22,5.021e-3,2.217e-17,3.444e-2,2.079e+1,9.898e-1,9.171e-18,1.034e+1,,7.661e+0,,,1.611e-1,,,2.216e-19,,1.651e-18,,6.116e-5,,6.875e-19,,,,7.208e-18,2.766e-16
580.88,6.160e+1,2.772e-20,2.647e-14,8.883e-29,3.525e-17,,,1.631e-18,4.410e-21,,1.712e-15,1.058e-19,1.063e-24,9.455e-18,1.617e-19,1.846e-27,1.661e-2,3.697e-25,,5.886e-18,9.444e-19,8.915e-37,2.252e+1,,1.028e-25,2.497e-6,,3.140e-19,1.793e-20,2.037e-17,1.183e-8,4.794e-11,1.759e-19,1.072e-22,6.273e-3,2.220e-17,4.147e-2,1.967e+1,1.064e+0,9.165e-18,1.107e+1,,7.077e+0,,,1.397e-1,,,2.218e-19,,1.651e-18,,8.312e-5,,6.896e-19,,,,7.246e-18,2.766e-16
580.9,5.985e+1,2.770e-20,2.199e-14,1.082e-28,3.532e-17,,,1.631e-18,4.411e-21,,1.712e-15,1.059e-19,1.062e-24,9.454e-18,1.622e-19,1.839e-27,1.532e-2,3.699e-25,,5.891e-18,9.448e-19,8.938e-37,2.137e+1,,1.028e-25,1.963e-6,,3.141e-19,1.794e-20,2.039e-17,8.911e-9,5.039e-11,1.759e-19,1.071e-22,7.255e-3,2.222e-17,4.726e-2,1.890e+1,1.113e+0,9.162e-18,1.157e+1,,6.694e+0,,,1.267e-1,,,2.219e-19,,1.651e-18,,1.017e-4,,6.910e-19,,,,7.271e-18,2.766e-16
580.93,5.725e+1,2.766e-20,1.657e-14,1.448e-28,3.544e-17,,,1.631e-18,4.413e-21,,1.712e-15,1.061e-19,1.060e-24,9.454e-18,1.629e-19,1.828e-27,1.352e-2,3.702e-25,,5.899e-18,9.454e-19,8.971e-37,1.968e+1,,1.029e-25,1.363e-6,,3.142e-19,1.794e-20,2.041e-17,5.800e-9,5.425e-11,1.759e-19,1.071e-22,8.988e-3,2.225e-17,5.782e-2,1.775e+1,1.186e+0,9.156e-18,1.231e+1,,6.132e+0,,,1.089e-1,,,2.221e-19,,1.651e-18,,1.371e-4,,6.930e-19,,,,7.309e-18,2.767e-16
580.95,5.555e+1,2.764e-20,1.369e-14,1.754e-28,3.552e-17,,,1.631e-18,4.414e-21,,1.711e-15,1.062e-19,1.059e-24,9.454e-18,1.634e-19,1.821e-27,1.240e-2,3.704e-25,,5.905e-18,9.457e-19,8.994e-37,1.857e+1,,1.030e-25,1.066e-6,,3.143e-19,1.794e-20,2.043e-17,4.344e-9,5.695e-11,1.759e-19,1.070e-22,1.034e-2,2.226e-17,6.624e-2,1.699e+1,1.234e+0,9.153e-18,1.281e+1,,5.767e+0,,,9.823e-2,,,2.222e-19,,1.652e-18,,1.667e-4,,6.944e-19,,,,7.334e-18,2.767e-16
580.98,5.306e+1,2.760e-20,1.023e-14,2.328e-28,3.564e-17,,,1.631e-18,4.416e-21,,1.711e-15,1.064e-19,1.057e-24,9.454e-18,1.641e-19,1.810e-27,1.085e-2,3.707e-25,,5.913e-18,9.463e-19,9.027e-37,1.695e+1,,1.031e-25,7.337e-7,,3.144e-19,1.794e-20,2.046e-17,2.803e-9,6.117e-11,1.760e-19,1.069e-22,1.270e-2,2.229e-17,8.122e-2,1.584e+1,1.304e+0,9.147e-18,1.355e+1,,5.238e+0,,,8.377e-2,,,2.224e-19,,1.652e-18,,2.228e-4,,6.965e-19,,,,7.371e-18,2.767e-16
581,5.145e+1,2.758e-20,8.403e-15,2.804e-28,3.572e-17,,,1.631e-18,4.417e-21,,1.711e-15,1.065e-19,1.056e-24,9.454e-18,1.646e-19,1.802e-27,9.893e-3,3.709e-25,,5.919e-18,9.466e-19,9.049e-37,1.591e+1,,1.032e-25,5.704e-7,,3.145e-19,1.794e-20,2.047e-17,2.088e-9,6.409e-11,1.760e-19,1.069e-22,1.453e-2,2.231e-17,9.297e-2,1.507e+1,1.349e+0,9.144e-18,1.403e+1,,4.898e+0,,,7.512e-2,,,2.226e-19,,1.652e-18,,2.696e-4,,6.979e-19,,,,7.397e-18,2.767e-16
581.02,4.989e+1,2.755e-20,6.887e-15,3.370e-28,3.580e-17,,,1.631e-18,4.418e-21,,1.710e-15,1.066e-19,1.055e-24,9.454e-18,1.651e-19,1.795e-27,9.003e-3,3.711e-25,,5.924e-18,9.470e-19,9.072e-37,1.489e+1,,1.033e-25,4.424e-7,,3.146e-19,1.795e-20,2.049e-17,1.551e-9,6.707e-11,1.760e-19,1.068e-22,1.658e-2,2.233e-17,1.063e-1,1.432e+1,1.393e+0,9.140e-18,1.451e+1,,4.571e+0,,,6.722e-2,,,2.227e-19,,1.652e-18,,3.254e-4,,6.992e-19,,,,7.422e-18,2.768e-16
581.05,4.763e+1,2.752e-20,5.089e-15,4.420e-28,3.591e-17,,,1.631e-18,4.420e-21,,1.710e-15,1.068e-19,1.054e-24,9.453e-18,1.658e-19,1.784e-27,7.782e-3,3.715e-25,,5.932e-18,9.476e-19,9.105e-37,1.343e+1,,1.034e-25,3.010e-7,,3.147e-19,1.795e-20,2.052e-17,9.892e-10,7.167e-11,1.760e-19,1.068e-22,2.012e-2,2.235e-17,1.295e-1,1.321e+1,1.455e+0,9.135e-18,1.521e+1,,4.102e+0,,,5.668e-2,,,2.229e-19,,1.652e-18,,4.297e-4,,7.013e-19,,,,7.460e-18,2.768e-16
581.07,4.618e+1,2.749e-20,4.147e-15,5.282e-28,3.599e-17,,,1.630e-18,4.421e-21,,1.710e-15,1.069e-19,1.053e-24,9.453e-18,1.663e-19,1.777e-27,7.041e-3,3.717e-25,,5.938e-18,9.479e-19,9.128e-37,1.251e+1,,1.035e-25,2.322e-7,,3.148e-19,1.795e-20,2.054e-17,7.308e-10,7.479e-11,1.760e-19,1.067e-22,2.283e-2,2.237e-17,1.475e-1,1.248e+1,1.493e+0,9.131e-18,1.566e+1,,3.806e+0,,,5.045e-2,,,2.230e-19,,1.652e-18,,5.157e-4,,7.027e-19,,,,7.485e-18,2.768e-16
581.1,4.411e+1,2.746e-20,3.039e-15,6.870e-28,3.611e-17,,,1.630e-18,4.423e-21,,1.709e-15,1.071e-19,1.051e-24,9.453e-18,1.670e-19,1.766e-27,6.034e-3,3.720e-25,,5.946e-18,9.485e-19,9.161e-37,1.119e+1,,1.036e-25,1.566e-7,,3.149e-19,1.795e-20,2.056e-17,4.621e-10,7.955e-11,1.760e-19,1.066e-22,2.749e-2,2.240e-17,1.785e-1,1.143e+1,1.546e+0,9.126e-18,1.631e+1,,3.387e+0,,,4.222e-2,,,2.232e-19,,1.653e-18,,6.753e-4,,7.048e-19,,,,7.522e-18,2.768e-16
581.12,4.280e+1,2.743e-20,2.463e-15,8.163e-28,3.619e-17,,,1.630e-18,4.424e-21,,1.709e-15,1.072e-19,1.050e-24,9.453e-18,1.675e-19,1.759e-27,5.429e-3,3.722e-25,,5.952e-18,9.488e-19,9.183e-37,1.036e+1,,1.037e-25,1.201e-7,,3.150e-19,1.795e-20,2.058e-17,3.395e-10,8.276e-11,1.761e-19,1.066e-22,3.101e-2,2.242e-17,2.022e-1,1.074e+1,1.578e+0,9.122e-18,1.673e+1,,3.124e+0,,,3.741e-2,,,2.233e-19,,1.653e-18,,8.060e-4,,7.061e-19,,,,7.548e-18,2.769e-16
581.15,4.094e+1,2.740e-20,1.790e-15,1.053e-27,3.631e-17,,,1.630e-18,4.426e-21,,1.708e-15,1.074e-19,1.049e-24,9.453e-18,1.682e-19,1.748e-27,4.613e-3,3.725e-25,,5.960e-18,9.494e-19,9.217e-37,9.183e+0,,1.038e-25,8.032e-8,,3.152e-19,1.796e-20,2.061e-17,2.129e-10,8.759e-11,1.761e-19,1.065e-22,3.702e-2,2.244e-17,2.429e-1,9.753e+0,1.620e+0,9.117e-18,1.731e+1,,2.756e+0,,,3.112e-2,,,2.235e-19,,1.653e-18,,1.047e-3,,7.082e-19,,,,7.585e-18,2.769e-16
581.17,3.976e+1,2.737e-20,1.443e-15,1.244e-27,3.639e-17,,,1.630e-18,4.427e-21,,1.708e-15,1.075e-19,1.048e-24,9.453e-18,1.687e-19,1.741e-27,4.127e-3,3.727e-25,,5.965e-18,9.498e-19,9.239e-37,8.453e+0,,1.038e-25,6.125e-8,,3.152e-19,1.796e-20,2.062e-17,1.555e-10,9.081e-11,1.761e-19,1.064e-22,4.154e-2,2.246e-17,2.737e-1,9.120e+0,1.644e+0,9.113e-18,1.767e+1,,2.529e+0,,,2.748e-2,,,2.236e-19,,1.653e-18,,1.242e-3,,7.096e-19,,,,7.611e-18,2.769e-16
581.2,3.810e+1,2.734e-20,1.040e-15,1.591e-27,3.650e-17,,,1.630e-18,4.429e-21,,1.708e-15,1.077e-19,1.046e-24,9.452e-18,1.694e-19,1.730e-27,3.477e-3,3.730e-25,,5.974e-18,9.503e-19,9.273e-37,7.433e+0,,1.040e-25,4.062e-8,,3.154e-19,1.796e-20,2.065e-17,9.667e-11,9.562e-11,1.761e-19,1.064e-22,4.916e-2,2.249e-17,3.261e-1,8.213e+0,1.673e+0,9.108e-18,1.817e+1,,2.212e+0,,,2.280e-2,,,2.238e-19,,1.653e-18,,1.599e-3,,7.116e-19,,,,7.648e-18,2.770e-16
581.22,3.706e+1,2.731e-20,8.336e-16,1.869e-27,3.658e-17,,,1.630e-18,4.430e-21,,1.707e-15,1.078e-19,1.045e-24,9.452e-18,1.699e-19,1.723e-27,3.093e-3,3.733e-25,,5.979e-18,9.507e-19,9.295e-37,6.803e+0,,1.040e-25,3.080e-8,,3.155e-19,1.796e-20,2.067e-17,7.022e-11,9.879e-11,1.761e-19,1.063e-22,5.485e-2,2.251e-17,3.656e-1,7.639e+0,1.689e+0,9.104e-18,1.847e+1,,2.018e+0,,,2.014e-2,,,2.240e-19,,1.653e-18,,1.887e-3,,7.130e-19,,,,7.674e-18,2.770e-16
581.25,3.559e+1,2.728e-20,5.958e-16,2.370e-27,3.670e-17,,,1.630e-18,4.432e-21,,1.707e-15,1.080e-19,1.044e-24,9.452e-18,1.706e-19,1.712e-27,2.585e-3,3.736e-25,,5.987e-18,9.512e-19,9.329e-37,5.931e+0,,1.041e-25,2.025e-8,,3.156e-19,1.796e-20,2.069e-17,4.328e-11,1.035e-10,1.761e-19,1.062e-22,6.437e-2,2.253e-17,4.320e-1,6.824e+0,1.704e+0,9.099e-18,1.886e+1,,1.750e+0,,,1.679e-2,,,2.242e-19,,1.654e-18,,2.409e-3,,7.151e-19,,,,7.711e-18,2.770e-16
581.27,3.467e+1,2.725e-20,4.750e-16,2.769e-27,3.678e-17,,,1.630e-18,4.433e-21,,1.707e-15,1.081e-19,1.043e-24,9.452e-18,1.711e-19,1.705e-27,2.286e-3,3.738e-25,,5.993e-18,9.516e-19,9.351e-37,5.397e+0,,1.042e-25,1.527e-8,,3.157e-19,1.796e-20,2.071e-17,3.126e-11,1.065e-10,1.762e-19,1.062e-22,7.141e-2,2.255e-17,4.816e-1,6.312e+0,1.710e+0,9.095e-18,1.909e+1,,1.587e+0,,,1.495e-2,,,2.243e-19,,1.654e-18,,2.828e-3,,7.165e-19,,,,7.736e-18,2.770e-16
581.3,3.337e+1,2.721e-20,3.367e-16,3.482e-27,3.690e-17,,,1.630e-18,4.435e-21,,1.706e-15,1.083e-19,1.041e-24,9.452e-18,1.718e-19,1.694e-27,1.894e-3,3.741e-25,,6.001e-18,9.522e-19,9.385e-37,4.666e+0,,1.043e-25,9.954e-9,,3.158e-19,1.797e-20,2.074e-17,1.911e-11,1.110e-10,1.762e-19,1.061e-22,8.310e-2,2.258e-17,5.645e-1,5.592e+0,1.712e+0,9.090e-18,1.936e+1,,1.365e+0,,,1.272e-2,,,2.245e-19,,1.654e-18,,3.579e-3,,7.185e-19,,,,7.774e-18,2.771e-16
581.32,3.255e+1,2.719e-20,2.669e-16,4.045e-27,3.698e-17,,,1.630e-18,4.436e-21,,1.706e-15,1.084e-19,1.040e-24,9.452e-18,1.723e-19,1.687e-27,1.666e-3,3.743e-25,,6.007e-18,9.525e-19,9.407e-37,4.222e+0,,1.044e-25,7.463e-9,,3.159e-19,1.797e-20,2.075e-17,1.372e-11,1.139e-10,1.762e-19,1.060e-22,9.168e-2,2.260e-17,6.259e-1,5.144e+0,1.708e+0,9.086e-18,1.951e+1,,1.231e+0,,,1.158e-2,,,2.246e-19,,1.654e-18,,4.177e-3,,7.199e-19,,,,7.799e-18,2.771e-16
581.35,3.140e+1,2.715e-20,1.876e-16,5.043e-27,3.710e-17,,,1.630e-18,4.438e-21,,1.706e-15,1.086e-19,1.038e-24,9.452e-18,1.730e-19,1.676e-27,1.369e-3,3.746e-25,,6.015e-18,9.531e-19,9.440e-37,3.619e+0,,1.045e-25,4.824e-9,,3.160e-19,1.797e-20,2.078e-17,8.316e-12,1.180e-10,1.762e-19,1.060e-22,1.058e-1,2.262e-17,7.276e-1,4.520e+0,1.695e+0,9.081e-18,1.966e+1,,1.050e+0,,,1.034e-2,,,2.248e-19,,1.654e-18,,5.243e-3,,7.220e-19,,,,7.837e-18,2.771e-16
581.37,3.067e+1,2.713e-20,1.479e-16,5.825e-27,3.717e-17,,,1.630e-18,4.439e-21,,1.705e-15,1.087e-19,1.037e-24,9.451e-18,1.735e-19,1.669e-27,1.198e-3,3.748e-25,,6.020e-18,9.534e-19,9.463e-37,3.256e+0,,1.046e-25,3.596e-9,,3.161e-19,1.797e-20,2.080e-17,5.939e-12,1.207e-10,1.762e-19,1.059e-22,1.160e-1,2.264e-17,8.023e-1,4.135e+0,1.681e+0,9.077e-18,1.972e+1,,9.413e-1,,,9.837e-3,,,2.249e-19,,1.654e-18,,6.084e-3,,7.233e-19,,,,7.862e-18,2.772e-16
581.4,2.964e+1,2.709e-20,1.031e-16,7.202e-27,3.729e-17,,,1.630e-18,4.441e-21,,1.705e-15,1.089e-19,1.036e-24,9.451e-18,1.743e-19,1.658e-27,9.774e-4,3.752e-25,,6.029e-18,9.540e-19,9.496e-37,2.767e+0,,1.047e-25,2.305e-9,,3.162e-19,1.798e-20,2.082e-17,3.569e-12,1.244e-10,1.762e-19,1.058e-22,1.328e-1,2.267e-17,9.252e-1,3.603e+0,1.655e+0,9.072e-18,1.974e+1,,7.959e-1,,,9.557e-3,,,2.251e-19,,1.655e-18,,7.573e-3,,7.254e-19,,,,7.900e-18,2.772e-16
581.42,2.898e+1,2.707e-20,8.086e-17,8.273e-27,3.737e-17,,,1.630e-18,4.442e-21,,1.705e-15,1.090e-19,1.035e-24,9.451e-18,1.747e-19,1.650e-27,8.513e-4,3.754e-25,,6.034e-18,9.544e-19,9.519e-37,2.476e+0,,1.048e-25,1.708e-9,,3.163e-19,1.798e-20,2.084e-17,2.534e-12,1.268e-10,1.763e-19,1.058e-22,1.448e-1,2.269e-17,1.015e+0,3.278e+0,1.632e+0,9.068e-18,1.971e+1,,7.096e-1,,,9.698e-3,,,2.252e-19,,1.655e-18,,8.738e-3,,7.268e-19,,,,7.925e-18,2.772e-16
581.44,2.835e+1,2.705e-20,6.326e-17,9.482e-27,3.745e-17,,,1.630e-18,4.443e-21,,1.704e-15,1.091e-19,1.034e-24,9.451e-18,1.752e-19,1.643e-27,7.402e-4,3.756e-25,,6.040e-18,9.547e-19,9.541e-37,2.210e+0,,1.049e-25,1.263e-9,,3.164e-19,1.798e-20,2.086e-17,1.795e-12,1.290e-10,1.763e-19,1.057e-22,1.576e-1,2.270e-17,1.110e+0,2.975e+0,1.607e+0,9.065e-18,1.964e+1,,6.313e-1,,,1.012e-2,,,2.254e-19,,1.655e-18,,1.006e-2,,7.282e-19,,,,7.950e-18,2.772e-16
581.47,2.744e+1,2.701e-20,4.359e-17,1.159e-26,3.757e-17,,,1.630e-18,4.445e-21,,1.704e-15,1.093e-19,1.032e-24,9.451e-18,1.759e-19,1.632e-27,5.987e-4,3.759e-25,,6.048e-18,9.553e-19,9.574e-37,1.856e+0,,1.050e-25,8.001e-10,,3.165e-19,1.798e-20,2.088e-17,1.066e-12,1.321e-10,1.763e-19,1.056e-22,1.783e-1,2.273e-17,1.266e+0,2.562e+0,1.562e+0,9.059e-18,1.947e+1,,5.275e-1,,,1.131e-2,,,2.256e-19,,1.655e-18,,1.237e-2,,7.302e-19,,,,7.988e-18,2.773e-16
581.49,2.686e+1,2.699e-20,3.391e-17,1.320e-26,3.765e-17,,,1.630e-18,4.446e-21,,1.704e-15,1.094e-19,1.031e-24,9.451e-18,1.764e-19,1.625e-27,5.192e-4,3.761e-25,,6.053e-18,9.557e-19,9.597e-37,1.647e+0,,1.050e-25,5.883e-10,,3.166e-19,1.798e-20,2.090e-17,7.509e-13,1.340e-10,1.763e-19,1.056e-22,1.929e-1,2.275e-17,1.378e+0,2.313e+0,1.529e+0,9.056e-18,1.931e+1,,4.666e-1,,,1.251e-2,,,2.257e-19,,1.655e-18,,1.417e-2,,7.316e-19,,,,8.013e-18,2.773e-16
581.52,2.602e+1,2.695e-20,2.317e-17,1.600e-26,3.776e-17,,,1.629e-18,4.448e-21,,1.703e-15,1.096e-19,1.030e-24,9.450e-18,1.772e-19,1.614e-27,4.192e-4,3.764e-25,,6.062e-18,9.562e-19,9.630e-37,1.372e+0,,1.052e-25,3.694e-10,,3.167e-19,1.798e-20,2.093e-17,4.421e-13,1.366e-10,1.763e-19,1.055e-22,2.163e-1,2.278e-17,1.558e+0,1.975e+0,1.474e+0,9.050e-18,1.901e+1,,3.865e-1,,,1.503e-2,,,2.259e-19,,1.655e-18,,1.728e-2,,7.337e-19,,,,8.051e-18,2.773e-16
581.54,2.548e+1,2.693e-20,1.793e-17,1.813e-26,3.784e-17,,,1.629e-18,4.449e-21,,1.703e-15,1.685e-19,1.029e-24,9.450e-18,1.776e-19,1.607e-27,3.639e-4,3.766e-25,,6.067e-18,9.566e-19,9.653e-37,1.211e+0,,1.052e-25,2.701e-10,,3.168e-19,1.799e-20,2.094e-17,3.097e-13,1.382e-10,1.763e-19,1.055e-22,2.328e-1,2.279e-17,1.686e+0,1.773e+0,1.435e+0,9.047e-18,1.877e+1,,3.400e-1,,,1.724e-2,,,2.260e-19,,1.655e-18,,1.967e-2,,7.351e-19,,,,8.076e-18,2.773e-16
581.57,2.469e+1,2.689e-20,1.215e-17,2.178e-26,3.796e-17,,,1.629e-18,4.451e-21,,1.702e-15,3.197e-19,1.027e-24,9.450e-18,1.784e-19,1.596e-27,2.958e-4,3.770e-25,,6.075e-18,9.571e-19,9.686e-37,9.995e-1,,1.053e-25,1.681e-10,,3.170e-19,1.799e-20,2.097e-17,1.808e-13,1.403e-10,1.764e-19,1.054e-22,2.588e-1,2.282e-17,1.892e+0,1.501e+0,1.371e+0,9.041e-18,1.834e+1,,2.792e-1,,,2.149e-2,,,2.262e-19,,1.656e-18,,2.379e-2,,7.371e-19,,,,8.114e-18,2.774e-16
581.59,2.418e+1,2.686e-20,9.348e-18,2.454e-26,3.804e-17,,,1.629e-18,4.452e-21,,1.702e-15,4.886e-19,1.026e-24,9.450e-18,1.788e-19,1.589e-27,2.592e-4,3.772e-25,,6.081e-18,9.575e-19,9.708e-37,8.771e-1,,1.054e-25,1.222e-10,,3.170e-19,1.799e-20,2.099e-17,1.259e-13,1.415e-10,1.764e-19,1.053e-22,2.770e-1,2.284e-17,2.037e+0,1.340e+0,1.327e+0,9.038e-18,1.802e+1,,2.442e-1,,,2.506e-2,,,2.263e-19,,1.656e-18,,2.693e-2,,7.385e-19,,,,8.139e-18,2.774e-16
581.62,2.343e+1,2.683e-20,6.282e-18,2.923e-26,3.816e-17,,,1.629e-18,4.454e-21,,1.702e-15,9.195e-19,1.025e-24,9.450e-18,1.796e-19,1.578e-27,2.157e-4,3.775e-25,,6.089e-18,9.580e-19,9.742e-37,7.180e-1,,1.055e-25,7.546e-11,,3.172e-19,1.799e-20,2.101e-17,7.289e-14,1.432e-10,1.764e-19,1.052e-22,3.054e-1,2.287e-17,2.266e+0,1.125e+0,1.258e+0,9.032e-18,1.749e+1,,1.989e-1,,,3.168e-2,,,2.265e-19,,1.656e-18,,3.229e-2,,7.406e-19,,,,8.177e-18,2.774e-16
581.64,2.294e+1,2.680e-20,4.807e-18,3.276e-26,3.824e-17,,,1.629e-18,4.455e-21,,1.701e-15,1.398e-18,1.023e-24,9.450e-18,1.800e-19,1.571e-27,1.937e-4,3.777e-25,,6.094e-18,9.584e-19,9.764e-37,6.265e-1,,1.056e-25,5.455e-11,,3.173e-19,1.799e-20,2.103e-17,5.048e-14,1.442e-10,1.764e-19,1.052e-22,3.250e-1,2.288e-17,2.427e+0,9.985e-1,1.210e+0,9.029e-18,1.710e+1,,1.730e-1,,,3.710e-2,,,2.266e-19,,1.656e-18,,3.635e-2,,7.419e-19,,,,8.202e-18,2.775e-16
581.67,2.222e+1,2.677e-20,3.203e-18,3.869e-26,3.835e-17,,,1.629e-18,4.457e-21,,1.701e-15,2.608e-18,1.022e-24,9.449e-18,1.808e-19,1.560e-27,1.699e-4,3.780e-25,,6.103e-18,9.590e-19,9.798e-37,5.085e-1,,1.057e-25,3.338e-11,,3.174e-19,1.800e-20,2.106e-17,2.897e-14,1.456e-10,1.764e-19,1.051e-22,3.554e-1,2.291e-17,2.679e+0,8.313e-1,1.138e+0,9.023e-18,1.648e+1,,1.397e-1,,,4.699e-2,,,2.268e-19,,1.656e-18,,4.323e-2,,7.440e-19,,,,8.240e-18,2.775e-16
581.69,2.176e+1,2.674e-20,2.437e-18,4.311e-26,3.843e-17,,,1.629e-18,4.458e-21,,1.701e-15,3.942e-18,1.021e-24,9.449e-18,1.813e-19,1.553e-27,1.597e-4,3.782e-25,,6.108e-18,9.593e-19,9.820e-37,4.412e-1,,1.058e-25,2.400e-11,,3.175e-19,1.800e-20,2.107e-17,1.995e-14,1.466e-10,1.764e-19,1.051e-22,3.761e-1,2.293e-17,2.854e+0,7.337e-1,1.089e+0,9.020e-18,1.604e+1,,1.208e-1,,,5.495e-2,,,2.270e-19,,1.656e-18,,4.838e-2,,7.454e-19,,,,8.265e-18,2.775e-16
581.72,2.107e+1,2.671e-20,1.611e-18,5.050e-26,3.855e-17,,,1.629e-18,4.460e-21,,1.700e-15,7.295e-18,1.019e-24,9.449e-18,1.820e-19,1.542e-27,1.524e-4,3.786e-25,,6.116e-18,9.599e-19,9.854e-37,3.551e-1,,1.059e-25,1.456e-11,,3.176e-19,1.800e-20,2.110e-17,1.136e-14,1.480e-10,1.765e-19,1.050e-22,4.078e-1,2.296e-17,3.126e+0,6.057e-1,1.015e+0,9.014e-18,1.534e+1,,9.669e-2,,,6.932e-2,,,2.271e-19,,1.657e-18,,5.705e-2,,7.475e-19,,,,8.303e-18,2.775e-16
581.74,2.063e+1,2.668e-20,1.219e-18,5.595e-26,3.863e-17,,,1.629e-18,4.461e-21,,1.700e-15,1.096e-17,1.018e-24,9.449e-18,1.825e-19,1.535e-27,1.527e-4,3.788e-25,,6.122e-18,9.603e-19,9.876e-37,3.063e-1,,1.060e-25,1.041e-11,,3.177e-19,1.800e-20,2.112e-17,7.779e-15,1.490e-10,1.765e-19,1.049e-22,4.292e-1,2.297e-17,3.313e+0,5.315e-1,9.652e-1,9.011e-18,1.486e+1,,8.314e-2,,,8.076e-2,,,2.273e-19,,1.657e-18,,6.350e-2,,7.488e-19,,,,8.328e-18,2.776e-16
581.77,1.998e+1,2.665e-20,7.989e-19,6.498e-26,3.875e-17,,,1.629e-18,4.463e-21,,1.700e-15,2.012e-17,1.017e-24,9.449e-18,1.832e-19,1.524e-27,1.608e-4,3.791e-25,,6.130e-18,9.608e-19,9.910e-37,2.445e-1,,1.061e-25,6.261e-12,,3.178e-19,1.800e-20,2.114e-17,4.394e-15,1.508e-10,1.765e-19,1.049e-22,4.615e-1,2.300e-17,3.599e+0,4.351e-1,8.919e-1,9.005e-18,1.411e+1,,6.600e-2,,,1.012e-1,,,2.275e-19,,1.657e-18,,7.424e-2,,7.509e-19,,,,8.366e-18,2.776e-16
581.79,1.956e+1,2.662e-20,6.012e-19,7.159e-26,3.883e-17,,,1.629e-18,4.464e-21,,1.699e-15,3.008e-17,1.016e-24,9.449e-18,1.837e-19,1.517e-27,1.712e-4,3.793e-25,,6.136e-18,9.612e-19,9.932e-37,2.097e-1,,1.062e-25,4.449e-12,,3.179e-19,1.801e-20,2.116e-17,2.998e-15,1.523e-10,1.765e-19,1.048e-22,4.830e-1,2.302e-17,3.795e+0,3.797e-1,8.438e-1,9.002e-18,1.360e+1,,5.642e-2,,,1.173e-1,,,2.276e-19,,1.657e-18,,8.217e-2,,7.523e-19,,,,8.391e-18,2.776e-16
581.81,1.916e+1,2.660e-20,4.513e-19,7.870e-26,3.891e-17,,,1.629e-18,4.466e-21,,1.699e-15,4.486e-17,1.015e-24,9.449e-18,1.841e-19,1.509e-27,1.859e-4,3.795e-25,,6.141e-18,9.615e-19,9.954e-37,1.795e-1,,1.062e-25,3.155e-12,,3.180e-19,1.801e-20,2.118e-17,2.046e-15,1.540e-10,1.765e-19,1.047e-22,5.044e-1,2.304e-17,3.992e+0,3.305e-1,7.964e-1,8.998e-18,1.308e+1,,4.813e-2,,,1.358e-1,,,2.277e-19,,1.657e-18,,9.073e-2,,7.537e-19,,,,8.416e-18,2.777e-16
581.84,1.857e+1,2.656e-20,2.924e-19,9.033e-26,3.902e-17,,,1.629e-18,4.467e-21,,1.699e-15,8.136e-17,1.013e-24,9.448e-18,1.849e-19,1.498e-27,2.164e-4,3.798e-25,,6.149e-18,9.621e-19,9.988e-37,1.415e-1,,1.064e-25,1.875e-12,,3.181e-19,1.801e-20,2.120e-17,1.161e-15,1.574e-10,1.765e-19,1.047e-22,5.361e-1,2.306e-17,4.291e+0,2.674e-1,7.272e-1,8.993e-18,1.230e+1,,3.776e-2,,,1.683e-1,,,2.279e-19,,1.657e-18,,1.048e-1,,7.557e-19,,,,8.454e-18,2.777e-16
581.86,1.820e+1,2.654e-20,2.183e-19,9.874e-26,3.910e-17,,,1.629e-18,4.469e-21,,1.698e-15,1.207e-16,1.012e-24,9.448e-18,1.854e-19,1.491e-27,2.427e-4,3.800e-25,,6.155e-18,9.625e-19,1.001e-36,1.204e-1,,1.064e-25,1.322e-12,,3.182e-19,1.801e-20,2.122e-17,8.091e-16,1.603e-10,1.766e-19,1.046e-22,5.569e-1,2.308e-17,4.491e+0,2.315e-1,6.826e-1,8.989e-18,1.177e+1,,3.202e-2,,,1.937e-1,,,2.280e-19,,1.658e-18,,1.151e-1,,7.571e-19,,,,8.479e-18,2.777e-16
581.89,1.766e+1,2.650e-20,1.402e-19,1.124e-25,3.922e-17,,,1.629e-18,4.470e-21,,1.698e-15,2.170e-16,1.011e-24,9.448e-18,1.861e-19,1.480e-27,2.920e-4,3.804e-25,,6.163e-18,9.630e-19,1.004e-36,9.417e-2,,1.065e-25,7.792e-13,,3.183e-19,1.801e-20,2.125e-17,5.040e-16,1.659e-10,1.766e-19,1.045e-22,5.871e-1,2.311e-17,4.790e+0,1.857e-1,6.180e-1,8.984e-18,1.099e+1,,2.491e-2,,,2.382e-1,,,2.282e-19,,1.658e-18,,1.319e-1,,7.592e-19,,,,8.517e-18,2.777e-16
581.91,1.732e+1,2.648e-20,1.041e-19,1.221e-25,3.930e-17,,,1.629e-18,4.472e-21,,1.698e-15,3.201e-16,1.010e-24,9.448e-18,1.866e-19,1.473e-27,3.321e-4,3.806e-25,,9.468e-18,9.634e-19,1.007e-36,7.969e-2,,1.066e-25,5.462e-13,,3.184e-19,1.802e-20,2.127e-17,4.047e-16,1.707e-10,1.766e-19,1.045e-22,6.065e-1,2.313e-17,4.988e+0,1.598e-1,5.768e-1,8.980e-18,1.047e+1,,2.101e-2,,,2.726e-1,,,2.284e-19,,1.658e-18,,1.440e-1,,7.605e-19,,,,8.542e-18,2.778e-16
581.94,1.685e+1,2.644e-20,6.633e-20,1.378e-25,3.942e-17,,,1.628e-18,4.473e-21,,1.697e-15,5.709e-16,1.008e-24,9.448e-18,1.873e-19,1.462e-27,4.044e-4,3.809e-25,,1.795e-17,9.639e-19,1.010e-36,6.177e-2,,1.067e-25,3.192e-13,,3.186e-19,1.802e-20,2.129e-17,3.727e-16,1.798e-10,1.766e-19,1.044e-22,6.342e-1,2.315e-17,5.281e+0,1.271e-1,5.178e-1,8.975e-18,9.712e+0,,1.620e-2,,,3.323e-1,,,2.286e-19,,1.658e-18,,1.636e-1,,7.626e-19,,,,8.580e-18,2.778e-16
581.96,1.655e+1,2.642e-20,4.898e-20,1.490e-25,3.950e-17,,,1.628e-18,4.475e-21,,1.697e-15,8.373e-16,1.007e-24,9.448e-18,1.878e-19,1.455e-27,4.616e-4,3.811e-25,,2.742e-17,9.643e-19,1.012e-36,5.198e-2,,1.068e-25,2.225e-13,,3.186e-19,1.802e-20,2.131e-17,4.238e-16,1.875e-10,1.766e-19,1.044e-22,6.517e-1,2.317e-17,5.472e+0,1.088e-1,4.805e-1,8.971e-18,9.215e+0,,1.358e-2,,,3.782e-1,,,2.287e-19,,1.658e-18,,1.777e-1,,7.640e-19,,,,8.605e-18,2.778e-16
581.99,1.614e+1,2.638e-20,3.094e-20,1.667e-25,3.961e-17,,,1.628e-18,4.476e-21,,1.696e-15,1.481e-15,1.005e-24,9.447e-18,1.885e-19,1.444e-27,5.626e-4,3.814e-25,,5.157e-17,9.648e-19,1.016e-36,3.995e-2,,1.069e-25,1.289e-13,,3.188e-19,1.802e-20,2.133e-17,6.260e-16,2.019e-10,1.767e-19,1.043e-22,6.761e-1,2.320e-17,5.750e+0,8.579e-2,4.277e-1,8.966e-18,8.492e+0,,1.039e-2,,,4.573e-1,,,2.289e-19,,1.658e-18,,2.001e-1,,7.661e-19,,,,8.642e-18,2.779e-16
582.01,1.589e+1,2.636e-20,2.272e-20,1.792e-25,3.969e-17,,,1.628e-18,4.478e-21,,1.696e-15,2.160e-15,1.004e-24,9.447e-18,1.890e-19,1.437e-27,6.412e-4,3.816e-25,,7.834e-17,9.652e-19,1.018e-36,3.343e-2,,1.070e-25,8.934e-14,,3.189e-19,1.802e-20,2.135e-17,8.718e-16,2.138e-10,1.767e-19,1.042e-22,6.911e-1,2.322e-17,5.929e+0,7.302e-2,3.947e-1,8.962e-18,8.026e+0,,8.662e-3,,,5.176e-1,,,2.290e-19,,1.658e-18,,2.161e-1,,7.674e-19,,,,8.668e-18,2.779e-16
582.04,1.555e+1,2.632e-20,1.423e-20,1.988e-25,3.981e-17,,,1.628e-18,4.479e-21,,1.696e-15,3.788e-15,1.003e-24,9.447e-18,1.897e-19,1.426e-27,7.781e-4,3.819e-25,,1.461e-16,9.658e-19,1.021e-36,2.547e-2,,1.071e-25,5.132e-14,,3.190e-19,1.803e-20,2.138e-17,1.493e-15,2.358e-10,1.767e-19,1.041e-22,7.115e-1,2.324e-17,6.186e+0,5.709e-2,3.484e-1,8.957e-18,7.355e+0,,6.567e-3,,,6.205e-1,,,2.292e-19,,1.659e-18,,2.414e-1,,7.695e-19,,,,8.705e-18,2.779e-16
582.06,1.535e+1,2.630e-20,1.039e-20,2.125e-25,3.989e-17,,,1.628e-18,4.481e-21,,1.695e-15,5.495e-15,1.002e-24,9.447e-18,1.902e-19,1.419e-27,8.834e-4,3.821e-25,,2.207e-16,9.661e-19,1.023e-36,2.119e-2,,1.072e-25,3.537e-14,,3.191e-19,1.803e-20,2.140e-17,2.159e-15,2.536e-10,1.767e-19,1.041e-22,7.235e-1,2.326e-17,6.348e+0,4.832e-2,3.197e-1,8.953e-18,6.929e+0,,5.445e-3,,,6.983e-1,,,2.293e-19,,1.659e-18,,2.591e-1,,7.709e-19,,,,8.731e-18,2.779e-16
582.09,1.509e+1,2.626e-20,6.457e-21,2.338e-25,4.001e-17,,,1.628e-18,4.482e-21,,1.695e-15,9.557e-15,1.000e-24,9.447e-18,1.909e-19,1.408e-27,1.065e-3,3.825e-25,,4.081e-16,9.667e-19,1.027e-36,1.601e-2,,1.073e-25,2.014e-14,,3.192e-19,1.803e-20,2.142e-17,3.765e-15,2.861e-10,1.767e-19,1.040e-22,7.392e-1,2.329e-17,6.575e+0,3.746e-2,2.798e-1,8.948e-18,6.323e+0,,4.093e-3,,,8.302e-1,,,2.295e-19,,1.659e-18,,2.870e-1,,7.729e-19,,,,8.768e-18,2.780e-16
582.11,1.495e+1,2.624e-20,4.689e-21,2.484e-25,4.009e-17,,,1.628e-18,4.483e-21,,1.695e-15,1.378e-14,9.993e-25,9.447e-18,1.914e-19,1.401e-27,1.203e-3,3.827e-25,,6.130e-16,9.671e-19,1.029e-36,1.325e-2,,1.074e-25,1.380e-14,,3.193e-19,1.803e-20,2.144e-17,5.448e-15,3.120e-10,1.767e-19,1.040e-22,7.481e-1,2.331e-17,6.716e+0,3.152e-2,2.552e-1,8.944e-18,5.943e+0,,3.374e-3,,,9.291e-1,,,2.296e-19,,1.659e-18,,3.064e-1,,7.743e-19,,,,8.793e-18,2.780e-16
582.14,1.477e+1,2.620e-20,2.891e-21,2.711e-25,4.020e-17,,,1.628e-18,4.485e-21,,1.694e-15,2.377e-14,9.978e-25,9.446e-18,1.921e-19,1.390e-27,1.439e-3,3.830e-25,,1.124e-15,9.676e-19,1.032e-36,9.925e-3,,1.075e-25,7.794e-15,,3.194e-19,1.803e-20,2.146e-17,9.454e-15,3.585e-10,1.768e-19,1.039e-22,7.588e-1,2.333e-17,6.909e+0,2.423e-2,2.215e-1,8.939e-18,5.410e+0,,2.515e-3,,,1.095e+0,,,2.298e-19,,1.659e-18,,3.366e-1,,7.764e-19,,,,8.831e-18,2.780e-16
582.16,1.468e+1,2.618e-20,2.090e-21,2.864e-25,4.028e-17,,,1.628e-18,4.486e-21,,1.694e-15,3.410e-14,9.967e-25,9.446e-18,1.926e-19,1.383e-27,1.617e-3,3.832e-25,,1.679e-15,9.680e-19,1.035e-36,8.164e-3,,1.076e-25,5.310e-15,,3.195e-19,1.804e-20,2.148e-17,1.362e-14,3.953e-10,1.768e-19,1.038e-22,7.643e-1,2.335e-17,7.025e+0,2.028e-2,2.009e-1,8.935e-18,5.081e+0,,2.062e-3,,,1.219e+0,,,2.300e-19,,1.659e-18,,3.573e-1,,7.778e-19,,,,8.856e-18,2.780e-16
582.18,1.461e+1,2.615e-20,1.509e-21,3.020e-25,4.036e-17,,,1.628e-18,4.488e-21,,1.694e-15,4.880e-14,9.957e-25,9.446e-18,1.931e-19,1.375e-27,1.814e-3,3.834e-25,,2.504e-15,9.683e-19,1.037e-36,6.700e-3,,1.076e-25,3.609e-15,,3.196e-19,1.804e-20,2.150e-17,1.957e-14,4.373e-10,1.768e-19,1.038e-22,7.684e-1,2.337e-17,7.130e+0,1.693e-2,1.819e-1,8.932e-18,4.772e+0,,1.686e-3,,,1.353e+0,,,2.301e-19,,1.660e-18,,3.784e-1,,7.791e-19,,,,8.882e-18,2.781e-16
582.21,1.455e+1,2.612e-20,9.267e-22,3.256e-25,4.048e-17,,,1.628e-18,4.489e-21,,1.693e-15,8.319e-14,9.942e-25,9.446e-18,1.938e-19,1.365e-27,2.145e-3,3.837e-25,,4.537e-15,9.689e-19,1.040e-36,4.960e-3,,1.077e-25,2.014e-15,,3.197e-19,1.804e-20,2.153e-17,3.358e-14,5.112e-10,1.768e-19,1.037e-22,7.721e-1,2.340e-17,7.267e+0,1.286e-2,1.560e-1,8.926e-18,4.350e+0,,1.242e-3,,,1.577e+0,,,2.303e-19,,1.660e-18,,4.107e-1,,7.812e-19,,,,8.919e-18,2.781e-16
582.23,1.454e+1,2.609e-20,6.729e-22,3.414e-25,4.056e-17,,,1.628e-18,4.491e-21,,1.693e-15,1.184e-13,9.931e-25,9.446e-18,1.943e-19,1.357e-27,2.392e-3,3.839e-25,,6.726e-15,9.693e-19,1.042e-36,4.048e-3,,1.078e-25,1.361e-15,,3.198e-19,1.804e-20,2.154e-17,4.800e-14,5.687e-10,1.768e-19,1.036e-22,7.729e-1,2.341e-17,7.345e+0,1.067e-2,1.404e-1,8.923e-18,4.095e+0,,1.010e-3,,,1.741e+0,,,2.304e-19,,1.660e-18,,4.326e-1,,7.826e-19,,,,8.944e-18,2.781e-16
582.26,1.457e+1,2.606e-20,4.266e-22,3.650e-25,4.068e-17,,,1.628e-18,4.492e-21,,1.693e-15,2.001e-13,9.916e-25,9.446e-18,1.950e-19,1.347e-27,2.805e-3,3.843e-25,,1.209e-14,9.698e-19,1.046e-36,2.971e-3,,1.079e-25,7.530e-16,,3.199e-19,1.804e-20,2.157e-17,8.169e-14,6.689e-10,1.768e-19,1.036e-22,7.719e-1,2.344e-17,7.438e+0,8.039e-3,1.194e-1,8.917e-18,3.753e+0,,7.377e-4,,,2.011e+0,,,2.306e-19,,1.660e-18,,4.656e-1,,7.846e-19,,,,8.982e-18,2.782e-16
582.28,1.462e+1,2.603e-20,3.268e-22,3.805e-25,4.075e-17,,,1.628e-18,4.494e-21,,1.692e-15,2.832e-13,9.906e-25,9.446e-18,1.955e-19,1.339e-27,3.111e-3,3.845e-25,,1.782e-14,9.702e-19,1.048e-36,2.411e-3,,1.080e-25,5.060e-16,,3.200e-19,1.805e-20,2.159e-17,1.161e-13,7.460e-10,1.769e-19,1.035e-22,7.698e-1,2.346e-17,7.486e+0,6.636e-3,1.068e-1,8.914e-18,3.552e+0,,5.965e-4,,,2.208e+0,,,2.307e-19,,1.660e-18,,4.876e-1,,7.860e-19,,,,9.007e-18,2.782e-16
582.31,1.474e+1,2.600e-20,2.470e-22,4.034e-25,4.087e-17,,,1.628e-18,4.495e-21,,1.692e-15,4.748e-13,9.890e-25,9.445e-18,1.962e-19,1.328e-27,3.618e-3,3.848e-25,,3.176e-14,9.707e-19,1.051e-36,1.755e-3,,1.081e-25,2.776e-16,,3.201e-19,1.805e-20,2.161e-17,1.960e-13,8.789e-10,1.769e-19,1.034e-22,7.646e-1,2.349e-17,7.536e+0,4.955e-3,9.006e-2,8.908e-18,3.289e+0,,4.319e-4,,,2.529e+0,,,2.309e-19,,1.660e-18,,5.204e-1,,7.881e-19,,,,9.045e-18,2.782e-16
582.33,1.485e+1,2.597e-20,2.325e-22,4.182e-25,4.095e-17,,,1.628e-18,4.497e-21,,1.691e-15,6.682e-13,9.880e-25,9.445e-18,1.967e-19,1.321e-27,3.990e-3,3.850e-25,,4.656e-14,9.711e-19,1.054e-36,1.416e-3,,1.082e-25,1.853e-16,,3.202e-19,1.805e-20,2.163e-17,2.770e-13,9.802e-10,1.769e-19,1.034e-22,7.600e-1,2.350e-17,7.554e+0,4.067e-3,8.015e-2,8.905e-18,3.139e+0,,3.473e-4,,,2.761e+0,,,2.310e-19,,1.661e-18,,5.419e-1,,7.895e-19,,,,9.070e-18,2.782e-16
582.36,1.505e+1,2.594e-20,2.660e-22,4.396e-25,4.107e-17,,,1.627e-18,4.498e-21,,1.691e-15,1.111e-12,9.864e-25,9.445e-18,1.974e-19,1.310e-27,4.601e-3,3.853e-25,,8.229e-14,9.717e-19,1.057e-36,1.022e-3,,1.083e-25,1.008e-16,,3.204e-19,1.805e-20,2.166e-17,4.635e-13,1.153e-9,1.769e-19,1.033e-22,7.515e-1,2.353e-17,7.561e+0,3.011e-3,6.700e-2,8.899e-18,2.953e+0,,2.494e-4,,,3.137e+0,,,2.312e-19,,1.661e-18,,5.735e-1,,7.915e-19,,,,9.108e-18,2.783e-16
582.38,1.521e+1,2.591e-20,3.300e-22,4.532e-25,4.115e-17,,,1.627e-18,4.500e-21,,1.691e-15,1.554e-12,9.854e-25,9.445e-18,1.979e-19,1.303e-27,5.046e-3,3.855e-25,,1.200e-13,9.720e-19,1.059e-36,8.197e-4,,1.084e-25,6.695e-17,,3.204e-19,1.805e-20,2.167e-17,6.516e-13,1.284e-9,1.769e-19,1.032e-22,7.449e-1,2.355e-17,7.551e+0,2.458e-3,5.929e-2,8.896e-18,2.852e+0,,1.994e-4,,,3.405e+0,,,2.314e-19,,1.661e-18,,5.939e-1,,7.929e-19,,,,9.133e-18,2.783e-16
582.41,1.550e+1,2.588e-20,5.090e-22,4.723e-25,4.127e-17,,,1.627e-18,4.501e-21,,1.690e-15,2.563e-12,9.839e-25,9.445e-18,1.986e-19,1.292e-27,5.770e-3,3.859e-25,,2.103e-13,9.726e-19,1.062e-36,5.865e-4,,1.085e-25,3.610e-17,,3.206e-19,1.806e-20,2.170e-17,1.081e-12,1.505e-9,1.769e-19,1.032e-22,7.340e-1,2.357e-17,7.516e+0,1.804e-3,4.914e-2,8.890e-18,2.736e+0,,1.419e-4,,,3.836e+0,,,2.315e-19,,1.661e-18,,6.232e-1,,7.950e-19,,,,9.171e-18,2.783e-16
582.43,1.572e+1,2.585e-20,7.051e-22,4.842e-25,4.134e-17,,,1.627e-18,4.503e-21,,1.690e-15,3.566e-12,9.828e-25,9.445e-18,1.991e-19,1.285e-27,6.292e-3,3.861e-25,,3.048e-13,9.729e-19,1.065e-36,4.679e-4,,1.086e-25,2.385e-17,,3.207e-19,1.806e-20,2.172e-17,1.511e-12,1.670e-9,1.770e-19,1.031e-22,7.262e-1,2.359e-17,7.480e+0,1.464e-3,4.324e-2,8.887e-18,2.680e+0,,1.128e-4,,,4.141e+0,,,2.317e-19,,1.661e-18,,6.417e-1,,7.964e-19,,,,9.196e-18,2.784e-16
582.46,1.609e+1,2.581e-20,1.175e-21,5.004e-25,4.146e-17,,,1.627e-18,4.504e-21,,1.690e-15,5.831e-12,9.813e-25,9.444e-18,1.998e-19,1.274e-27,7.135e-3,3.864e-25,,5.298e-13,9.735e-19,1.068e-36,3.319e-4,,1.087e-25,1.275e-17,,3.208e-19,1.806e-20,2.174e-17,2.487e-12,1.947e-9,1.770e-19,1.030e-22,7.139e-1,2.362e-17,7.408e+0,1.066e-3,3.554e-2,8.881e-18,2.628e+0,,7.963e-5,,,4.625e+0,,,2.319e-19,,1.661e-18,,6.677e-1,,7.984e-19,,,,9.234e-18,2.784e-16
582.48,1.635e+1,2.579e-20,1.659e-21,5.101e-25,4.154e-17,,,1.627e-18,4.506e-21,,1.689e-15,8.069e-12,9.803e-25,9.444e-18,2.003e-19,1.267e-27,7.737e-3,3.866e-25,,7.637e-13,9.739e-19,1.070e-36,2.633e-4,,1.087e-25,8.376e-18,,3.209e-19,1.806e-20,2.176e-17,3.458e-12,2.152e-9,1.770e-19,1.030e-22,7.055e-1,2.364e-17,7.348e+0,8.601e-4,3.109e-2,8.878e-18,2.612e+0,,6.295e-5,,,4.964e+0,,,2.320e-19,,1.662e-18,,6.837e-1,,7.998e-19,,,,9.259e-18,2.784e-16
582.51,1.679e+1,2.575e-20,2.784e-21,5.227e-25,4.166e-17,,,1.627e-18,4.507e-21,,1.689e-15,1.308e-11,9.787e-25,9.444e-18,2.010e-19,1.256e-27,8.700e-3,3.869e-25,,1.316e-12,9.744e-19,1.074e-36,1.852e-4,,1.089e-25,4.440e-18,,3.210e-19,1.806e-20,2.179e-17,5.643e-12,2.492e-9,1.770e-19,1.029e-22,6.930e-1,2.366e-17,7.242e+0,6.208e-4,2.534e-2,8.872e-18,2.616e+0,,4.406e-5,,,5.498e+0,,,2.322e-19,,1.662e-18,,7.055e-1,,8.019e-19,,,,9.297e-18,2.784e-16
582.53,1.710e+1,2.573e-20,3.927e-21,5.299e-25,4.174e-17,,,1.627e-18,4.509e-21,,1.689e-15,1.800e-11,9.777e-25,9.444e-18,2.015e-19,1.249e-27,9.381e-3,3.871e-25,,1.887e-12,9.748e-19,1.076e-36,1.461e-4,,1.089e-25,2.900e-18,,3.211e-19,1.806e-20,2.180e-17,7.800e-12,2.743e-9,1.770e-19,1.029e-22,6.848e-1,2.368e-17,7.161e+0,4.981e-4,2.205e-2,8.869e-18,2.635e+0,,3.463e-5,,,5.869e+0,,,2.323e-19,,1.662e-18,,7.183e-1,,8.032e-19,,,,9.322e-18,2.785e-16
582.55,1.743e+1,2.571e-20,5.528e-21,5.359e-25,4.182e-17,,,1.627e-18,4.510e-21,,1.688e-15,2.472e-11,9.767e-25,9.444e-18,2.020e-19,1.242e-27,1.009e-2,3.873e-25,,2.700e-12,9.751e-19,1.078e-36,1.150e-4,,1.090e-25,1.890e-18,,3.212e-19,1.807e-20,2.182e-17,1.076e-11,3.012e-9,1.770e-19,1.028e-22,6.768e-1,2.370e-17,7.073e+0,3.987e-4,1.914e-2,8.865e-18,2.666e+0,,2.716e-5,,,6.251e+0,,,2.324e-19,,1.662e-18,,7.297e-1,,8.046e-19,,,,9.347e-18,2.785e-16
582.58,1.794e+1,2.567e-20,9.200e-21,5.427e-25,4.193e-17,,,1.627e-18,4.512e-21,,1.688e-15,3.961e-11,9.751e-25,9.444e-18,2.027e-19,1.231e-27,1.121e-2,3.877e-25,,4.599e-12,9.757e-19,1.081e-36,7.991e-5,,1.091e-25,9.897e-19,,3.213e-19,1.807e-20,2.185e-17,1.735e-11,3.454e-9,1.771e-19,1.027e-22,6.655e-1,2.373e-17,6.929e+0,2.844e-4,1.541e-2,8.860e-18,2.733e+0,,1.878e-5,,,6.841e+0,,,2.326e-19,,1.662e-18,,7.440e-1,,8.067e-19,,,,9.385e-18,2.785e-16
582.6,1.830e+1,2.565e-20,1.288e-20,5.458e-25,4.201e-17,,,1.627e-18,4.513e-21,,1.688e-15,5.409e-11,9.741e-25,9.444e-18,2.032e-19,1.223e-27,1.200e-2,3.879e-25,,6.542e-12,9.761e-19,1.084e-36,6.252e-5,,1.092e-25,6.413e-19,,3.214e-19,1.807e-20,2.186e-17,2.380e-11,3.774e-9,1.771e-19,1.027e-22,6.586e-1,2.375e-17,6.824e+0,2.264e-4,1.330e-2,8.856e-18,2.790e+0,,1.464e-5,,,7.245e+0,,,2.328e-19,,1.662e-18,,7.516e-1,,8.081e-19,,,,9.410e-18,2.785e-16
582.63,1.885e+1,2.561e-20,2.127e-20,5.481e-25,4.213e-17,,,1.627e-18,4.515e-21,,1.687e-15,8.594e-11,9.725e-25,9.443e-18,2.039e-19,1.213e-27,1.322e-2,3.882e-25,,1.105e-11,9.766e-19,1.087e-36,4.309e-5,,1.093e-25,6.411e-19,,3.215e-19,1.807e-20,2.189e-17,3.807e-11,4.295e-9,1.771e-19,1.026e-22,6.492e-1,2.377e-17,6.658e+0,1.601e-4,1.062e-2,8.851e-18,2.892e+0,,1.004e-5,,,7.864e+0,,,2.329e-19,,1.663e-18,,7.599e-1,,8.101e-19,,,,9.448e-18,2.786e-16
582.65,1.922e+1,2.559e-20,2.962e-20,5.481e-25,4.221e-17,,,1.627e-18,4.516e-21,,1.687e-15,1.167e-10,9.715e-25,9.443e-18,2.044e-19,1.205e-27,1.406e-2,3.884e-25,,1.563e-11,9.770e-19,1.089e-36,3.353e-5,,1.094e-25,6.410e-19,,3.216e-19,1.807e-20,2.191e-17,5.192e-11,4.669e-9,1.771e-19,1.025e-22,6.437e-1,2.379e-17,6.541e+0,1.267e-4,9.115e-3,8.847e-18,2.969e+0,,7.786e-6,,,8.281e+0,,,2.331e-19,,1.663e-18,,7.634e-1,,8.115e-19,,,,9.473e-18,2.786e-16
582.68,1.979e+1,2.555e-20,4.849e-20,5.458e-25,4.233e-17,,,1.627e-18,4.518e-21,,1.686e-15,1.839e-10,9.700e-25,9.443e-18,2.051e-19,1.195e-27,1.537e-2,3.887e-25,,2.619e-11,9.775e-19,1.093e-36,2.291e-5,,1.095e-25,6.408e-19,,3.217e-19,1.808e-20,2.193e-17,8.236e-11,5.271e-9,1.771e-19,1.025e-22,6.368e-1,2.382e-17,6.358e+0,8.885e-5,7.217e-3,8.842e-18,3.095e+0,,5.293e-6,,,8.912e+0,,,2.333e-19,,1.663e-18,,7.653e-1,,8.136e-19,,,,9.511e-18,2.786e-16
582.7,2.017e+1,2.553e-20,6.716e-20,5.427e-25,4.241e-17,,,1.627e-18,4.519e-21,,1.686e-15,2.483e-10,9.689e-25,9.443e-18,2.056e-19,1.187e-27,1.626e-2,3.889e-25,,3.684e-11,9.779e-19,1.095e-36,1.773e-5,,1.096e-25,6.407e-19,,3.218e-19,1.808e-20,2.195e-17,1.117e-10,5.699e-9,1.771e-19,1.024e-22,6.330e-1,2.384e-17,6.231e+0,6.992e-5,6.159e-3,8.838e-18,3.185e+0,,4.081e-6,,,9.333e+0,,,2.334e-19,,1.663e-18,,7.644e-1,,8.150e-19,,,,9.536e-18,2.787e-16
582.73,2.073e+1,2.549e-20,1.090e-19,5.359e-25,4.253e-17,,,1.627e-18,4.521e-21,,1.686e-15,3.880e-10,9.674e-25,9.443e-18,2.064e-19,1.176e-27,1.761e-2,3.892e-25,,6.121e-11,9.785e-19,1.098e-36,1.201e-5,,1.097e-25,6.406e-19,,3.219e-19,1.808e-20,2.198e-17,1.757e-10,6.381e-9,1.772e-19,1.023e-22,6.289e-1,2.386e-17,6.035e+0,4.861e-5,4.835e-3,8.833e-18,3.326e+0,,2.751e-6,,,9.960e+0,,,2.336e-19,,1.663e-18,,7.599e-1,,8.170e-19,,,,9.574e-18,2.787e-16
582.75,2.110e+1,2.546e-20,1.502e-19,5.299e-25,4.260e-17,,,1.627e-18,4.522e-21,,1.685e-15,5.210e-10,9.664e-25,9.443e-18,2.068e-19,1.169e-27,1.853e-2,3.894e-25,,8.562e-11,9.788e-19,1.100e-36,9.239e-6,,1.098e-25,6.405e-19,,3.220e-19,1.808e-20,2.199e-17,2.370e-10,6.862e-9,1.772e-19,1.023e-22,6.270e-1,2.388e-17,5.901e+0,3.804e-5,4.103e-3,8.829e-18,3.422e+0,,2.109e-6,,,1.037e+1,,,2.337e-19,,1.663e-18,,7.548e-1,,8.184e-19,,,,9.599e-18,2.787e-16
582.78,2.163e+1,2.543e-20,2.417e-19,5.188e-25,4.272e-17,,,1.627e-18,4.524e-21,,1.685e-15,8.073e-10,9.648e-25,9.442e-18,2.076e-19,1.158e-27,1.990e-2,3.898e-25,,1.411e-10,9.794e-19,1.104e-36,6.207e-6,,1.099e-25,6.403e-19,,3.222e-19,1.808e-20,2.202e-17,3.697e-10,7.621e-9,1.772e-19,1.022e-22,6.256e-1,2.391e-17,5.697e+0,2.623e-5,3.194e-3,8.824e-18,3.568e+0,,1.410e-6,,,1.097e+1,,,2.339e-19,,1.664e-18,,7.440e-1,,8.205e-19,,,,9.637e-18,2.787e-16
582.8,2.197e+1,2.540e-20,3.311e-19,5.101e-25,4.280e-17,,,1.626e-18,4.525e-21,,1.685e-15,1.078e-9,9.638e-25,9.442e-18,2.080e-19,1.151e-27,2.082e-2,3.900e-25,,1.962e-10,9.797e-19,1.106e-36,4.748e-6,,1.099e-25,6.402e-19,,3.222e-19,1.809e-20,2.204e-17,4.958e-10,8.151e-9,1.772e-19,1.021e-22,6.256e-1,2.393e-17,5.558e+0,2.041e-5,2.695e-3,8.820e-18,3.665e+0,,1.074e-6,,,1.136e+1,,,2.340e-19,,1.664e-18,,7.349e-1,,8.218e-19,,,,9.662e-18,2.788e-16
582.83,2.245e+1,2.537e-20,5.286e-19,4.952e-25,4.292e-17,,,1.626e-18,4.527e-21,,1.684e-15,1.656e-9,9.623e-25,9.442e-18,2.088e-19,1.140e-27,2.218e-2,3.903e-25,,3.206e-10,9.803e-19,1.109e-36,3.162e-6,,1.101e-25,6.400e-19,,3.224e-19,1.809e-20,2.206e-17,7.669e-10,8.977e-9,1.772e-19,1.021e-22,6.267e-1,2.395e-17,5.348e+0,1.395e-5,2.080e-3,8.815e-18,3.806e+0,,7.121e-7,,,1.192e+1,,,2.342e-19,,1.664e-18,,7.183e-1,,8.239e-19,,,,9.700e-18,2.788e-16
582.85,2.274e+1,2.534e-20,7.200e-19,4.842e-25,4.300e-17,,,1.626e-18,4.528e-21,,1.684e-15,2.200e-9,9.612e-25,9.442e-18,2.092e-19,1.133e-27,2.307e-2,3.905e-25,,4.435e-10,9.807e-19,1.112e-36,2.405e-6,,1.101e-25,6.399e-19,,3.225e-19,1.809e-20,2.208e-17,1.023e-9,9.548e-9,1.773e-19,1.020e-22,6.282e-1,2.397e-17,5.207e+0,1.079e-5,1.745e-3,8.811e-18,3.897e+0,,5.397e-7,,,1.228e+1,,,2.343e-19,,1.664e-18,,7.055e-1,,8.253e-19,,,,9.725e-18,2.788e-16
582.88,2.314e+1,2.531e-20,1.140e-18,4.661e-25,4.312e-17,,,1.626e-18,4.530e-21,,1.684e-15,3.352e-9,9.597e-25,9.442e-18,2.100e-19,1.122e-27,2.437e-2,3.908e-25,,7.186e-10,9.812e-19,1.115e-36,1.589e-6,,1.102e-25,6.398e-19,,3.226e-19,1.809e-20,2.211e-17,1.569e-9,1.043e-8,1.773e-19,1.019e-22,6.313e-1,2.400e-17,4.994e+0,7.314e-6,1.336e-3,8.806e-18,4.026e+0,,3.546e-7,,,1.278e+1,,,2.345e-19,,1.664e-18,,6.837e-1,,8.274e-19,,,,9.762e-18,2.789e-16
582.9,2.337e+1,2.528e-20,1.544e-18,4.532e-25,4.319e-17,,,1.626e-18,4.531e-21,,1.683e-15,4.426e-9,9.587e-25,9.442e-18,2.105e-19,1.115e-27,2.521e-2,3.910e-25,,9.885e-10,9.816e-19,1.117e-36,1.201e-6,,1.103e-25,6.397e-19,,3.227e-19,1.809e-20,2.213e-17,2.081e-9,1.103e-8,1.773e-19,1.019e-22,6.339e-1,2.401e-17,4.852e+0,5.627e-6,1.114e-3,8.802e-18,4.106e+0,,2.673e-7,,,1.308e+1,,,2.347e-19,,1.664e-18,,6.677e-1,,8.287e-19,,,,9.788e-18,2.789e-16
582.92,2.357e+1,2.526e-20,2.087e-18,4.396e-25,4.327e-17,,,1.626e-18,4.532e-21,,1.683e-15,5.832e-9,9.576e-25,9.441e-18,2.109e-19,1.108e-27,2.601e-2,3.912e-25,,1.357e-9,9.820e-19,1.119e-36,9.065e-7,,1.104e-25,6.396e-19,,3.228e-19,1.810e-20,2.214e-17,2.754e-9,1.164e-8,1.773e-19,1.018e-22,6.368e-1,2.403e-17,4.710e+0,4.319e-6,9.275e-4,8.799e-18,4.180e+0,,2.010e-7,,,1.336e+1,,,2.348e-19,,1.664e-18,,6.507e-1,,8.301e-19,,,,9.813e-18,2.789e-16
582.95,2.381e+1,2.522e-20,3.265e-18,4.182e-25,4.339e-17,,,1.626e-18,4.534e-21,,1.683e-15,8.783e-9,9.561e-25,9.441e-18,2.117e-19,1.097e-27,2.716e-2,3.916e-25,,2.173e-9,9.825e-19,1.123e-36,5.916e-7,,1.105e-25,6.394e-19,,3.229e-19,1.810e-20,2.217e-17,4.176e-9,1.257e-8,1.773e-19,1.017e-22,6.415e-1,2.406e-17,4.496e+0,2.893e-6,7.014e-4,8.793e-18,4.279e+0,,1.305e-7,,,1.374e+1,,,2.350e-19,,1.665e-18,,6.232e-1,,8.322e-19,,,,9.851e-18,2.789e-16
582.97,2.393e+1,2.520e-20,4.388e-18,4.034e-25,4.347e-17,,,1.626e-18,4.535e-21,,1.682e-15,1.151e-8,9.551e-25,9.441e-18,2.121e-19,1.090e-27,2.787e-2,3.918e-25,,2.966e-9,9.829e-19,1.125e-36,4.439e-7,,1.106e-25,6.393e-19,,3.230e-19,1.810e-20,2.219e-17,5.495e-9,1.319e-8,1.773e-19,1.017e-22,6.447e-1,2.408e-17,4.355e+0,2.208e-6,5.806e-4,8.790e-18,4.336e+0,,9.757e-8,,,1.396e+1,,,2.351e-19,,1.665e-18,,6.039e-1,,8.336e-19,,,,9.876e-18,2.790e-16
583,2.403e+1,2.516e-20,6.808e-18,3.805e-25,4.359e-17,,,1.626e-18,4.537e-21,,1.682e-15,1.719e-8,9.535e-25,9.441e-18,2.129e-19,1.079e-27,2.885e-2,3.921e-25,,4.710e-9,9.834e-19,1.128e-36,2.872e-7,,1.107e-25,6.391e-19,,3.231e-19,1.810e-20,2.221e-17,8.262e-9,1.412e-8,1.774e-19,1.016e-22,6.494e-1,2.410e-17,4.144e+0,1.466e-6,4.353e-4,8.784e-18,4.406e+0,,6.282e-8,,,1.423e+1,,,2.353e-19,,1.665e-18,,5.735e-1,,8.356e-19,,,,9.913e-18,2.790e-16
583.02,2.406e+1,2.514e-20,9.099e-18,3.650e-25,4.367e-17,,,1.626e-18,4.538e-21,,1.682e-15,2.239e-8,9.525e-25,9.441e-18,2.134e-19,1.071e-27,2.944e-2,3.923e-25,,6.393e-9,9.838e-19,1.131e-36,2.143e-7,,1.108e-25,6.390e-19,,3.232e-19,1.810e-20,2.223e-17,1.081e-8,1.473e-8,1.774e-19,1.016e-22,6.524e-1,2.412e-17,4.004e+0,1.113e-6,3.583e-4,8.781e-18,4.442e+0,,4.670e-8,,,1.438e+1,,,2.354e-19,,1.665e-18,,5.526e-1,,8.370e-19,,,,9.939e-18,2.790e-16
583.05,2.402e+1,2.510e-20,1.400e-17,3.414e-25,4.378e-17,,,1.626e-18,4.540e-21,,1.681e-15,3.316e-8,9.509e-25,9.441e-18,2.141e-19,1.061e-27,3.022e-2,3.926e-25,,1.007e-8,9.843e-19,1.134e-36,1.375e-7,,1.109e-25,6.389e-19,,3.233e-19,1.811e-20,2.226e-17,1.612e-8,1.564e-8,1.774e-19,1.015e-22,6.563e-1,2.415e-17,3.796e+0,7.325e-7,2.664e-4,8.775e-18,4.480e+0,,2.981e-8,,,1.454e+1,,,2.356e-19,,1.665e-18,,5.204e-1,,8.391e-19,,,,9.976e-18,2.791e-16
583.07,2.394e+1,2.508e-20,1.861e-17,3.256e-25,4.386e-17,,,1.626e-18,4.541e-21,,1.681e-15,4.297e-8,9.499e-25,9.441e-18,2.146e-19,1.053e-27,3.067e-2,3.928e-25,,1.359e-8,9.847e-19,1.136e-36,1.020e-7,,1.110e-25,6.388e-19,,3.234e-19,1.811e-20,2.227e-17,2.098e-8,1.623e-8,1.774e-19,1.014e-22,6.584e-1,2.417e-17,3.659e+0,5.528e-7,2.180e-4,8.772e-18,4.494e+0,,2.204e-8,,,1.460e+1,,,2.358e-19,,1.665e-18,,4.986e-1,,8.404e-19,,,,1.000e-17,2.791e-16
583.1,2.375e+1,2.504e-20,2.839e-17,3.020e-25,4.398e-17,,,1.626e-18,4.543e-21,,1.680e-15,6.311e-8,9.484e-25,9.440e-18,2.153e-19,1.043e-27,3.122e-2,3.932e-25,,2.122e-8,9.853e-19,1.140e-36,6.489e-8,,1.111e-25,6.386e-19,,3.235e-19,1.811e-20,2.230e-17,3.102e-8,1.709e-8,1.774e-19,1.013e-22,6.605e-1,2.419e-17,3.457e+0,3.609e-7,1.607e-4,8.766e-18,4.498e+0,,1.395e-8,,,1.464e+1,,,2.359e-19,,1.666e-18,,4.656e-1,,8.425e-19,,,,1.004e-17,2.791e-16
583.12,2.357e+1,2.502e-20,3.753e-17,2.864e-25,4.406e-17,,,1.626e-18,4.544e-21,,1.680e-15,8.131e-8,9.473e-25,9.440e-18,2.158e-19,1.035e-27,3.150e-2,3.934e-25,,2.849e-8,9.856e-19,1.142e-36,4.786e-8,,1.111e-25,6.385e-19,,3.236e-19,1.811e-20,2.232e-17,4.014e-8,1.763e-8,1.774e-19,1.013e-22,6.611e-1,2.421e-17,3.323e+0,2.708e-7,1.308e-4,8.763e-18,4.488e+0,,1.025e-8,,,1.462e+1,,,2.361e-19,,1.666e-18,,4.436e-1,,8.439e-19,,,,1.006e-17,2.791e-16
583.15,2.322e+1,2.498e-20,5.678e-17,2.634e-25,4.418e-17,,,1.626e-18,4.546e-21,,1.680e-15,1.184e-7,9.458e-25,9.440e-18,2.165e-19,1.024e-27,3.179e-2,3.937e-25,,4.412e-8,9.862e-19,1.145e-36,3.019e-8,,1.113e-25,6.383e-19,,3.238e-19,1.811e-20,2.234e-17,5.885e-8,1.840e-8,1.775e-19,1.012e-22,6.607e-1,2.424e-17,3.127e+0,1.753e-7,9.561e-5,8.757e-18,4.457e+0,,6.434e-9,,,1.454e+1,,,2.363e-19,,1.666e-18,,4.107e-1,,8.459e-19,,,,1.010e-17,2.792e-16
583.17,2.294e+1,2.496e-20,7.463e-17,2.484e-25,4.426e-17,,,1.626e-18,4.547e-21,,1.679e-15,1.517e-7,9.448e-25,9.440e-18,2.170e-19,1.017e-27,3.190e-2,3.939e-25,,5.889e-8,9.866e-19,1.147e-36,2.214e-8,,1.113e-25,6.382e-19,,3.238e-19,1.812e-20,2.236e-17,7.574e-8,1.889e-8,1.775e-19,1.012e-22,6.594e-1,2.426e-17,2.999e+0,1.308e-7,7.737e-5,8.754e-18,4.425e+0,,4.703e-9,,,1.444e+1,,,2.364e-19,,1.666e-18,,3.891e-1,,8.473e-19,,,,1.013e-17,2.792e-16
583.2,2.245e+1,2.492e-20,1.120e-16,2.266e-25,4.437e-17,,,1.626e-18,4.549e-21,,1.679e-15,2.192e-7,9.432e-25,9.440e-18,2.177e-19,1.006e-27,3.193e-2,3.942e-25,,9.044e-8,9.871e-19,1.151e-36,1.385e-8,,1.114e-25,6.381e-19,,3.240e-19,1.812e-20,2.239e-17,1.101e-7,1.955e-8,1.775e-19,1.011e-22,6.557e-1,2.428e-17,2.810e+0,8.394e-8,5.608e-5,8.748e-18,4.360e+0,,2.926e-9,,,1.423e+1,,,2.366e-19,,1.666e-18,,3.573e-1,,8.494e-19,,,,1.017e-17,2.792e-16
583.22,2.207e+1,2.490e-20,1.464e-16,2.125e-25,4.445e-17,,,1.625e-18,4.550e-21,,1.679e-15,2.792e-7,9.422e-25,9.440e-18,2.182e-19,9.991e-28,3.185e-2,3.944e-25,,1.201e-7,9.875e-19,1.153e-36,1.010e-8,,1.115e-25,6.380e-19,,3.241e-19,1.812e-20,2.240e-17,1.409e-7,1.995e-8,1.775e-19,1.010e-22,6.521e-1,2.430e-17,2.687e+0,6.228e-8,4.512e-5,8.745e-18,4.307e+0,,2.127e-9,,,1.406e+1,,,2.367e-19,,1.666e-18,,3.366e-1,,8.508e-19,,,,1.019e-17,2.792e-16
583.25,2.144e+1,2.486e-20,2.178e-16,1.922e-25,4.457e-17,,,1.625e-18,4.552e-21,,1.678e-15,3.999e-7,9.406e-25,9.439e-18,2.189e-19,9.883e-28,3.161e-2,3.947e-25,,1.828e-7,9.880e-19,1.156e-36,6.263e-9,,1.116e-25,6.378e-19,,3.242e-19,1.812e-20,2.243e-17,2.032e-7,2.048e-8,1.775e-19,1.010e-22,6.448e-1,2.433e-17,2.508e+0,3.965e-8,3.243e-5,8.740e-18,4.213e+0,,1.312e-9,,,1.374e+1,,,2.369e-19,,1.667e-18,,3.064e-1,,8.528e-19,,,,1.023e-17,2.793e-16
583.27,2.099e+1,2.484e-20,2.831e-16,1.792e-25,4.465e-17,,,1.625e-18,4.553e-21,,1.678e-15,5.067e-7,9.396e-25,9.439e-18,2.194e-19,9.810e-28,3.136e-2,3.950e-25,,2.414e-7,9.884e-19,1.159e-36,4.542e-9,,1.117e-25,6.377e-19,,3.243e-19,1.812e-20,2.245e-17,2.586e-7,2.078e-8,1.775e-19,1.009e-22,6.387e-1,2.435e-17,2.392e+0,2.927e-8,2.594e-5,8.736e-18,4.142e+0,,9.488e-10,,,1.350e+1,,,2.370e-19,,1.667e-18,,2.870e-1,,8.542e-19,,,,1.025e-17,2.793e-16
583.29,2.050e+1,2.481e-20,3.671e-16,1.667e-25,4.473e-17,,,1.625e-18,4.554e-21,,1.678e-15,6.406e-7,9.386e-25,9.439e-18,2.199e-19,9.738e-28,3.105e-2,3.952e-25,,3.179e-7,9.888e-19,1.161e-36,3.286e-9,,1.118e-25,6.376e-19,,3.244e-19,1.813e-20,2.246e-17,3.284e-7,2.103e-8,1.776e-19,1.008e-22,6.316e-1,2.436e-17,2.279e+0,2.157e-8,2.071e-5,8.732e-18,4.065e+0,,6.845e-10,,,1.322e+1,,,2.372e-19,,1.667e-18,,2.683e-1,,8.556e-19,,,,1.028e-17,2.793e-16
583.32,1.972e+1,2.478e-20,5.399e-16,1.490e-25,4.485e-17,,,1.625e-18,4.556e-21,,1.677e-15,9.069e-7,9.370e-25,9.439e-18,2.206e-19,9.629e-28,3.045e-2,3.955e-25,,4.785e-7,9.893e-19,1.164e-36,2.014e-9,,1.119e-25,6.375e-19,,3.245e-19,1.813e-20,2.249e-17,4.680e-7,2.134e-8,1.776e-19,1.008e-22,6.189e-1,2.439e-17,2.115e+0,1.361e-8,1.471e-5,8.727e-18,3.939e+0,,4.183e-10,,,1.278e+1,,,2.373e-19,,1.667e-18,,2.414e-1,,8.577e-19,,,,1.032e-17,2.794e-16
583.34,1.917e+1,2.475e-20,6.963e-16,1.378e-25,4.493e-17,,,1.625e-18,4.557e-21,,1.677e-15,1.140e-6,9.360e-25,9.439e-18,2.211e-19,9.557e-28,2.998e-2,3.957e-25,,6.267e-7,9.897e-19,1.166e-36,1.449e-9,,1.120e-25,6.373e-19,,3.246e-19,1.813e-20,2.251e-17,5.909e-7,2.148e-8,1.776e-19,1.007e-22,6.093e-1,2.441e-17,2.010e+0,1.002e-8,1.167e-5,8.723e-18,3.850e+0,,3.010e-10,,,1.245e+1,,,2.375e-19,,1.667e-18,,2.243e-1,,8.590e-19,,,,1.034e-17,2.794e-16
583.37,1.831e+1,2.472e-20,1.016e-15,1.221e-25,4.504e-17,,,1.625e-18,4.559e-21,,1.677e-15,1.600e-6,9.345e-25,9.439e-18,2.218e-19,9.448e-28,2.915e-2,3.960e-25,,9.356e-7,9.902e-19,1.170e-36,8.817e-10,,1.121e-25,6.372e-19,,3.247e-19,1.813e-20,2.253e-17,8.351e-7,2.161e-8,1.776e-19,1.006e-22,5.929e-1,2.444e-17,1.858e+0,6.370e-9,8.221e-6,8.718e-18,3.709e+0,,1.843e-10,,,1.192e+1,,,2.377e-19,,1.667e-18,,2.001e-1,,8.611e-19,,,,1.038e-17,2.794e-16
583.39,1.772e+1,2.469e-20,1.302e-15,1.124e-25,4.512e-17,,,1.625e-18,4.560e-21,,1.676e-15,2.001e-6,9.334e-25,9.438e-18,2.223e-19,9.376e-28,2.854e-2,3.962e-25,,1.219e-6,9.906e-19,1.172e-36,6.318e-10,,1.122e-25,6.371e-19,,3.248e-19,1.813e-20,2.255e-17,1.049e-6,2.163e-8,1.776e-19,1.006e-22,5.809e-1,2.445e-17,1.761e+0,4.768e-9,6.488e-6,8.714e-18,3.613e+0,,1.340e-10,,,1.155e+1,,,2.378e-19,,1.667e-18,,1.850e-1,,8.625e-19,,,,1.040e-17,2.794e-16
583.42,1.682e+1,2.466e-20,1.884e-15,9.874e-26,4.524e-17,,,1.625e-18,4.562e-21,,1.676e-15,2.785e-6,9.319e-25,9.438e-18,2.230e-19,9.267e-28,2.752e-2,3.965e-25,,1.804e-6,9.912e-19,1.175e-36,3.832e-10,,1.123e-25,6.369e-19,,3.249e-19,1.814e-20,2.258e-17,1.469e-6,2.158e-8,1.776e-19,1.005e-22,5.612e-1,2.448e-17,1.623e+0,3.229e-9,4.530e-6,8.709e-18,3.467e+0,,8.602e-11,,,1.097e+1,,,2.380e-19,,1.668e-18,,1.636e-1,,8.645e-19,,,,1.044e-17,2.795e-16
583.44,1.620e+1,2.463e-20,2.402e-15,9.033e-26,4.532e-17,,,1.625e-18,4.563e-21,,1.676e-15,3.463e-6,9.309e-25,9.438e-18,2.235e-19,9.195e-28,2.679e-2,3.968e-25,,2.336e-6,9.915e-19,1.177e-36,2.755e-10,,1.123e-25,6.368e-19,,3.250e-19,1.814e-20,2.259e-17,1.835e-6,2.148e-8,1.777e-19,1.005e-22,5.470e-1,2.450e-17,1.536e+0,2.636e-9,3.556e-6,8.705e-18,3.370e+0,,6.715e-11,,,1.057e+1,,,2.381e-19,,1.668e-18,,1.504e-1,,8.659e-19,,,,1.047e-17,2.795e-16
583.47,1.528e+1,2.460e-20,3.445e-15,7.870e-26,4.544e-17,,,1.625e-18,4.565e-21,,1.675e-15,4.780e-6,9.293e-25,9.438e-18,2.242e-19,9.086e-28,2.562e-2,3.971e-25,,3.430e-6,9.921e-19,1.181e-36,1.709e-10,,1.125e-25,6.367e-19,,3.251e-19,1.814e-20,2.262e-17,2.550e-6,2.125e-8,1.777e-19,1.004e-22,5.245e-1,2.453e-17,1.412e+0,2.251e-9,2.462e-6,8.700e-18,3.227e+0,,5.321e-11,,,9.960e+0,,,2.383e-19,,1.668e-18,,1.319e-1,,8.680e-19,,,,1.050e-17,2.795e-16
583.49,1.467e+1,2.457e-20,4.370e-15,7.159e-26,4.552e-17,,,1.625e-18,4.566e-21,,1.675e-15,5.910e-6,9.283e-25,9.438e-18,2.247e-19,9.014e-28,2.479e-2,3.973e-25,,4.418e-6,9.924e-19,1.183e-36,1.278e-10,,1.125e-25,6.366e-19,,3.252e-19,1.814e-20,2.264e-17,3.167e-6,2.103e-8,1.777e-19,1.003e-22,5.086e-1,2.454e-17,1.334e+0,2.292e-9,1.921e-6,8.696e-18,3.136e+0,,5.188e-11,,,9.543e+0,,,2.384e-19,,1.668e-18,,1.205e-1,,8.694e-19,,,,1.053e-17,2.796e-16
583.52,1.375e+1,2.454e-20,6.215e-15,6.185e-26,4.563e-17,,,1.625e-18,4.568e-21,,1.674e-15,8.090e-6,9.268e-25,9.438e-18,2.254e-19,8.905e-28,2.351e-2,3.976e-25,,6.431e-6,9.930e-19,1.186e-36,9.087e-11,,1.126e-25,6.364e-19,,3.253e-19,1.814e-20,2.266e-17,4.364e-6,2.063e-8,1.777e-19,1.002e-22,4.838e-1,2.457e-17,1.224e+0,2.807e-9,1.319e-6,8.691e-18,3.006e+0,,6.125e-11,,,8.912e+0,,,2.386e-19,,1.668e-18,,1.048e-1,,8.714e-19,,,,1.057e-17,2.796e-16
583.54,1.316e+1,2.451e-20,7.838e-15,5.595e-26,4.571e-17,,,1.625e-18,4.569e-21,,1.674e-15,9.946e-6,9.257e-25,9.438e-18,2.259e-19,8.833e-28,2.263e-2,3.978e-25,,8.238e-6,9.934e-19,1.189e-36,8.054e-11,,1.127e-25,6.363e-19,,3.254e-19,1.815e-20,2.268e-17,5.389e-6,2.031e-8,1.777e-19,1.002e-22,4.668e-1,2.459e-17,1.156e+0,3.497e-9,1.023e-6,8.687e-18,2.926e+0,,7.590e-11,,,8.491e+0,,,2.387e-19,,1.668e-18,,9.526e-2,,8.728e-19,,,,1.059e-17,2.796e-16
583.57,1.229e+1,2.447e-20,1.106e-14,4.793e-26,4.583e-17,,,1.625e-18,4.571e-21,,1.674e-15,1.350e-5,9.242e-25,9.437e-18,2.266e-19,8.725e-28,2.128e-2,3.981e-25,,1.189e-5,9.939e-19,1.192e-36,8.329e-11,,1.128e-25,6.361e-19,,3.256e-19,1.815e-20,2.271e-17,7.364e-6,1.975e-8,1.778e-19,1.001e-22,4.405e-1,2.462e-17,1.062e+0,5.210e-9,6.965e-7,8.682e-18,2.820e+0,,1.141e-10,,,7.864e+0,,,2.389e-19,,1.669e-18,,8.217e-2,,8.749e-19,,,,1.063e-17,2.796e-16
583.59,1.173e+1,2.445e-20,1.387e-14,4.311e-26,4.591e-17,,,1.625e-18,4.572e-21,,1.673e-15,1.651e-5,9.231e-25,9.437e-18,2.271e-19,8.652e-28,2.036e-2,3.983e-25,,1.515e-5,9.943e-19,1.194e-36,9.745e-11,,1.129e-25,6.360e-19,,3.256e-19,1.815e-20,2.272e-17,9.044e-6,1.934e-8,1.778e-19,1.001e-22,4.227e-1,2.463e-17,1.004e+0,6.955e-9,5.374e-7,8.678e-18,2.759e+0,,1.541e-10,,,7.450e+0,,,2.391e-19,,1.669e-18,,7.424e-2,,8.763e-19,,,,1.066e-17,2.797e-16
583.62,1.093e+1,2.441e-20,1.939e-14,3.662e-26,4.603e-17,,,1.625e-18,4.574e-21,,1.673e-15,2.222e-5,9.216e-25,9.437e-18,2.278e-19,8.544e-28,1.899e-2,3.987e-25,,2.169e-5,9.948e-19,1.198e-36,1.409e-10,,1.130e-25,6.359e-19,,3.258e-19,1.815e-20,2.275e-17,1.226e-5,1.865e-8,1.778e-19,9.998e-23,3.957e-1,2.466e-17,9.240e-1,1.087e-8,3.627e-7,8.673e-18,2.685e+0,,2.458e-10,,,6.841e+0,,,2.393e-19,,1.669e-18,,6.350e-2,,8.783e-19,,,,1.069e-17,2.797e-16
583.64,1.042e+1,2.439e-20,2.419e-14,3.276e-26,4.611e-17,,,1.625e-18,4.575e-21,,1.673e-15,2.702e-5,9.206e-25,9.437e-18,2.283e-19,8.471e-28,1.807e-2,3.989e-25,,2.747e-5,9.952e-19,1.200e-36,1.891e-10,,1.131e-25,6.358e-19,,3.259e-19,1.815e-20,2.277e-17,1.497e-5,1.815e-8,1.778e-19,9.993e-23,3.776e-1,2.468e-17,8.755e-1,1.468e-8,2.783e-7,8.669e-18,2.650e+0,,3.367e-10,,,6.445e+0,,,2.394e-19,,1.669e-18,,5.705e-2,,8.797e-19,,,,1.072e-17,2.797e-16
583.67,9.713e+0,2.435e-20,3.355e-14,2.759e-26,4.622e-17,,,1.624e-18,4.577e-21,,1.672e-15,3.607e-5,9.190e-25,9.437e-18,2.290e-19,8.363e-28,1.671e-2,3.992e-25,,3.900e-5,9.957e-19,1.203e-36,3.032e-10,,1.132e-25,6.356e-19,,3.260e-19,1.816e-20,2.279e-17,2.011e-5,1.736e-8,1.778e-19,9.985e-23,3.506e-1,2.471e-17,8.097e-1,2.303e-8,1.862e-7,8.664e-18,2.619e+0,,5.396e-10,,,5.869e+0,,,2.396e-19,,1.669e-18,,4.838e-2,,8.818e-19,,,,1.076e-17,2.798e-16
583.69,9.276e+0,2.433e-20,4.161e-14,2.454e-26,4.630e-17,,,1.624e-18,4.578e-21,,1.672e-15,4.361e-5,9.180e-25,9.437e-18,2.295e-19,8.290e-28,1.581e-2,3.994e-25,,4.912e-5,9.961e-19,1.205e-36,4.186e-10,,1.133e-25,6.355e-19,,3.261e-19,1.816e-20,2.281e-17,2.443e-5,1.681e-8,1.778e-19,9.979e-23,3.328e-1,2.472e-17,7.704e-1,3.104e-8,1.421e-7,8.660e-18,2.615e+0,,7.379e-10,,,5.498e+0,,,2.397e-19,,1.669e-18,,4.323e-2,,8.831e-19,,,,1.078e-17,2.798e-16
583.71,8.868e+0,2.431e-20,5.149e-14,2.178e-26,4.638e-17,,,1.624e-18,4.579e-21,,1.672e-15,5.260e-5,9.170e-25,9.436e-18,2.300e-19,8.218e-28,1.493e-2,3.996e-25,,6.174e-5,9.965e-19,1.208e-36,5.789e-10,,1.134e-25,6.354e-19,,3.262e-19,1.816e-20,2.283e-17,2.960e-5,1.623e-8,1.778e-19,9.974e-23,3.152e-1,2.474e-17,7.346e-1,4.176e-8,1.081e-7,8.657e-18,2.626e+0,,1.007e-9,,,5.139e+0,,,2.398e-19,,1.670e-18,,3.853e-2,,8.845e-19,,,,1.081e-17,2.798e-16
583.74,8.318e+0,2.427e-20,7.059e-14,1.813e-26,4.650e-17,,,1.624e-18,4.581e-21,,1.671e-15,6.941e-5,9.154e-25,9.436e-18,2.307e-19,8.109e-28,1.364e-2,3.999e-25,,8.663e-5,9.970e-19,1.211e-36,9.405e-10,,1.135e-25,6.352e-19,,3.263e-19,1.816e-20,2.285e-17,3.931e-5,1.534e-8,1.779e-19,9.966e-23,2.893e-1,2.477e-17,6.872e-1,6.492e-8,7.152e-8,8.652e-18,2.671e+0,,1.600e-9,,,4.625e+0,,,2.400e-19,,1.670e-18,,3.229e-2,,8.866e-19,,,,1.084e-17,2.798e-16
583.76,7.994e+0,2.425e-20,8.686e-14,1.600e-26,4.658e-17,,,1.624e-18,4.582e-21,,1.671e-15,8.326e-5,9.144e-25,9.436e-18,2.312e-19,8.037e-28,1.281e-2,4.001e-25,,1.083e-4,9.974e-19,1.213e-36,1.297e-9,,1.135e-25,6.351e-19,,3.264e-19,1.816e-20,2.287e-17,4.737e-5,1.473e-8,1.779e-19,9.961e-23,2.725e-1,2.479e-17,6.597e-1,8.688e-8,5.413e-8,8.648e-18,2.722e+0,,2.172e-9,,,4.298e+0,,,2.401e-19,,1.670e-18,,2.863e-2,,8.880e-19,,,,1.087e-17,2.799e-16
583.79,7.574e+0,2.421e-20,1.181e-13,1.320e-26,4.670e-17,,,1.624e-18,4.584e-21,,1.670e-15,1.089e-4,9.129e-25,9.436e-18,2.319e-19,7.928e-28,1.160e-2,4.005e-25,,1.507e-4,9.980e-19,1.217e-36,2.095e-9,,1.137e-25,6.350e-19,,3.265e-19,1.817e-20,2.290e-17,6.239e-5,1.381e-8,1.779e-19,9.953e-23,2.480e-1,2.481e-17,6.241e-1,1.340e-7,3.549e-8,8.643e-18,2.831e+0,,3.422e-9,,,3.836e+0,,,2.403e-19,,1.670e-18,,2.379e-2,,8.900e-19,,,,1.091e-17,2.799e-16
583.81,7.341e+0,2.419e-20,1.445e-13,1.159e-26,4.677e-17,,,1.624e-18,4.585e-21,,1.670e-15,1.300e-4,9.118e-25,9.436e-18,2.324e-19,7.856e-28,1.083e-2,4.007e-25,,1.872e-4,9.983e-19,1.219e-36,2.875e-9,,1.137e-25,6.349e-19,,3.266e-19,1.817e-20,2.292e-17,7.476e-5,1.319e-8,1.779e-19,9.948e-23,2.323e-1,2.483e-17,6.040e-1,1.783e-7,2.671e-8,8.639e-18,2.927e+0,,4.620e-9,,,3.545e+0,,,2.405e-19,,1.670e-18,,2.097e-2,,8.914e-19,,,,1.093e-17,2.799e-16
583.84,7.061e+0,2.415e-20,1.948e-13,9.482e-27,4.689e-17,,,1.624e-18,4.587e-21,,1.670e-15,1.686e-4,9.103e-25,9.436e-18,2.331e-19,7.747e-28,9.733e-3,4.010e-25,,2.584e-4,9.989e-19,1.222e-36,4.605e-9,,1.138e-25,6.347e-19,,3.267e-19,1.817e-20,2.294e-17,9.764e-5,1.226e-8,1.779e-19,9.940e-23,2.097e-1,2.486e-17,5.791e-1,2.727e-7,1.737e-8,8.634e-18,3.108e+0,,7.218e-9,,,3.137e+0,,,2.407e-19,,1.670e-18,,1.728e-2,,8.935e-19,,,,1.097e-17,2.799e-16
583.86,6.922e+0,2.412e-20,2.371e-13,8.273e-27,4.697e-17,,,1.624e-18,4.588e-21,,1.669e-15,2.000e-4,9.093e-25,9.435e-18,2.336e-19,7.675e-28,9.036e-3,4.012e-25,,3.193e-4,9.992e-19,1.224e-36,6.286e-9,,1.139e-25,6.346e-19,,3.268e-19,1.817e-20,2.296e-17,1.163e-4,1.164e-8,1.780e-19,9.935e-23,1.953e-1,2.488e-17,5.656e-1,3.610e-7,1.300e-8,8.630e-18,3.253e+0,,9.693e-9,,,2.883e+0,,,2.408e-19,,1.671e-18,,1.514e-2,,8.949e-19,,,,1.100e-17,2.800e-16
583.89,6.786e+0,2.409e-20,3.170e-13,6.714e-27,4.709e-17,,,1.624e-18,4.590e-21,,1.669e-15,2.574e-4,9.077e-25,9.435e-18,2.343e-19,7.567e-28,8.050e-3,4.015e-25,,4.370e-4,9.998e-19,1.228e-36,9.985e-9,,1.140e-25,6.344e-19,,3.269e-19,1.817e-20,2.298e-17,1.507e-4,1.073e-8,1.780e-19,9.927e-23,1.749e-1,2.490e-17,5.499e-1,5.474e-7,8.379e-9,8.625e-18,3.511e+0,,1.502e-8,,,2.529e+0,,,2.410e-19,,1.671e-18,,1.237e-2,,8.969e-19,,,,1.103e-17,2.800e-16
583.91,6.744e+0,2.406e-20,3.836e-13,5.825e-27,4.717e-17,,,1.624e-18,4.591e-21,,1.669e-15,3.036e-4,9.067e-25,9.435e-18,2.348e-19,7.494e-28,7.432e-3,4.017e-25,,5.371e-4,1.000e-18,1.230e-36,1.356e-8,,1.141e-25,6.343e-19,,3.270e-19,1.817e-20,2.300e-17,1.786e-4,1.014e-8,1.780e-19,9.921e-23,1.620e-1,2.492e-17,5.421e-1,7.206e-7,6.235e-9,8.621e-18,3.710e+0,,2.006e-8,,,2.312e+0,,,2.411e-19,,1.671e-18,,1.078e-2,,8.983e-19,,,,1.106e-17,2.800e-16
583.94,6.754e+0,2.403e-20,5.085e-13,4.688e-27,4.729e-17,,,1.624e-18,4.593e-21,,1.668e-15,3.874e-4,9.051e-25,9.435e-18,2.356e-19,7.386e-28,6.565e-3,4.020e-25,,7.289e-4,1.001e-18,1.233e-36,2.135e-8,,1.142e-25,6.342e-19,,3.271e-19,1.818e-20,2.303e-17,2.294e-4,9.268e-9,1.780e-19,9.914e-23,1.438e-1,2.495e-17,5.342e-1,1.084e-6,3.985e-9,8.616e-18,4.048e+0,,3.082e-8,,,2.011e+0,,,2.413e-19,,1.671e-18,,8.738e-3,,9.004e-19,,,,1.110e-17,2.801e-16
583.96,6.808e+0,2.400e-20,6.120e-13,4.045e-27,4.737e-17,,,1.624e-18,4.594e-21,,1.668e-15,4.545e-4,9.041e-25,9.435e-18,2.360e-19,7.313e-28,6.027e-3,4.023e-25,,8.909e-4,1.001e-18,1.236e-36,2.883e-8,,1.143e-25,6.341e-19,,3.272e-19,1.818e-20,2.305e-17,2.703e-4,8.705e-9,1.780e-19,9.908e-23,1.324e-1,2.497e-17,5.313e-1,1.419e-6,2.949e-9,8.612e-18,4.302e+0,,4.092e-8,,,1.828e+0,,,2.414e-19,,1.671e-18,,7.573e-3,,9.017e-19,,,,1.112e-17,2.801e-16
583.99,6.959e+0,2.397e-20,8.046e-13,3.227e-27,4.748e-17,,,1.624e-18,4.596e-21,,1.668e-15,5.751e-4,9.026e-25,9.435e-18,2.368e-19,7.205e-28,5.279e-3,4.026e-25,,1.199e-3,1.002e-18,1.239e-36,4.503e-8,,1.144e-25,6.339e-19,,3.274e-19,1.818e-20,2.307e-17,3.443e-4,7.893e-9,1.780e-19,9.900e-23,1.166e-1,2.499e-17,5.300e-1,2.116e-6,1.869e-9,8.607e-18,4.723e+0,,6.236e-8,,,1.577e+0,,,2.416e-19,,1.671e-18,,6.084e-3,,9.038e-19,,,,1.116e-17,2.801e-16
584.01,7.106e+0,2.394e-20,9.629e-13,2.769e-27,4.756e-17,,,1.624e-18,4.597e-21,,1.667e-15,6.709e-4,9.015e-25,9.435e-18,2.372e-19,7.132e-28,4.820e-3,4.028e-25,,1.457e-3,1.002e-18,1.241e-36,6.046e-8,,1.145e-25,6.338e-19,,3.274e-19,1.818e-20,2.309e-17,4.034e-4,7.373e-9,1.781e-19,9.895e-23,1.068e-1,2.501e-17,5.309e-1,2.754e-6,1.375e-9,8.603e-18,5.031e+0,,8.236e-8,,,1.425e+0,,,2.417e-19,,1.672e-18,,5.243e-3,,9.052e-19,,,,1.118e-17,2.801e-16
584.04,7.392e+0,2.391e-20,1.255e-12,2.191e-27,4.768e-17,,,1.624e-18,4.599e-21,,1.667e-15,8.419e-4,9.000e-25,9.434e-18,2.380e-19,7.024e-28,4.186e-3,4.031e-25,,1.945e-3,1.003e-18,1.245e-36,9.367e-8,,1.146e-25,6.336e-19,,3.276e-19,1.818e-20,2.312e-17,5.095e-4,6.630e-9,1.781e-19,9.887e-23,9.321e-2,2.504e-17,5.349e-1,4.074e-6,8.642e-10,8.598e-18,5.533e+0,,1.245e-7,,,1.219e+0,,,2.419e-19,,1.672e-18,,4.177e-3,,9.072e-19,,,,1.122e-17,2.802e-16
584.06,7.624e+0,2.388e-20,1.494e-12,1.869e-27,4.776e-17,,,1.624e-18,4.600e-21,,1.667e-15,9.767e-4,8.990e-25,9.434e-18,2.385e-19,6.951e-28,3.800e-3,4.033e-25,,2.350e-3,1.003e-18,1.247e-36,1.251e-7,,1.147e-25,6.335e-19,,3.277e-19,1.819e-20,2.313e-17,5.938e-4,6.161e-9,1.781e-19,9.882e-23,8.490e-2,2.506e-17,5.390e-1,5.274e-6,6.323e-10,8.594e-18,5.894e+0,,1.634e-7,,,1.095e+0,,,2.421e-19,,1.672e-18,,3.579e-3,,9.086e-19,,,,1.125e-17,2.802e-16
584.08,7.889e+0,2.386e-20,1.774e-12,1.591e-27,4.784e-17,,,1.623e-18,4.601e-21,,1.666e-15,1.131e-3,8.979e-25,9.434e-18,2.389e-19,6.879e-28,3.442e-3,4.035e-25,,2.835e-3,1.003e-18,1.249e-36,1.666e-7,,1.147e-25,6.334e-19,,3.277e-19,1.819e-20,2.315e-17,6.903e-4,5.712e-9,1.781e-19,9.877e-23,7.716e-2,2.507e-17,5.441e-1,6.812e-6,4.615e-10,8.590e-18,6.275e+0,,2.142e-7,,,9.821e-1,,,2.422e-19,,1.672e-18,,3.060e-3,,9.100e-19,,,,1.127e-17,2.802e-16
584.11,8.344e+0,2.382e-20,2.286e-12,1.244e-27,4.796e-17,,,1.623e-18,4.603e-21,,1.666e-15,1.402e-3,8.964e-25,9.434e-18,2.397e-19,6.770e-28,2.955e-3,4.038e-25,,3.739e-3,1.004e-18,1.252e-36,2.551e-7,,1.149e-25,6.333e-19,,3.279e-19,1.819e-20,2.318e-17,8.618e-4,5.080e-9,1.781e-19,9.869e-23,6.656e-2,2.510e-17,5.535e-1,9.958e-6,2.866e-10,8.585e-18,6.882e+0,,3.199e-7,,,8.302e-1,,,2.424e-19,,1.672e-18,,2.409e-3,,9.121e-19,,,,1.131e-17,2.803e-16
584.13,8.682e+0,2.380e-20,2.700e-12,1.053e-27,4.803e-17,,,1.623e-18,4.604e-21,,1.666e-15,1.614e-3,8.954e-25,9.434e-18,2.401e-19,6.698e-28,2.661e-3,4.041e-25,,4.484e-3,1.004e-18,1.255e-36,3.380e-7,,1.149e-25,6.332e-19,,3.280e-19,1.819e-20,2.319e-17,9.964e-4,4.685e-9,1.781e-19,9.863e-23,6.015e-2,2.512e-17,5.607e-1,1.279e-5,2.080e-10,8.581e-18,7.309e+0,,4.168e-7,,,7.402e-1,,,2.425e-19,,1.672e-18,,2.048e-3,,9.134e-19,,,,1.134e-17,2.803e-16
584.16,9.238e+0,2.376e-20,3.450e-12,8.163e-28,4.815e-17,,,1.623e-18,4.606e-21,,1.665e-15,1.985e-3,8.938e-25,9.434e-18,2.409e-19,6.589e-28,2.265e-3,4.044e-25,,5.865e-3,1.005e-18,1.258e-36,5.132e-7,,1.150e-25,6.330e-19,,3.281e-19,1.819e-20,2.322e-17,1.234e-3,4.134e-9,1.782e-19,9.856e-23,5.146e-2,2.515e-17,5.728e-1,1.854e-5,1.281e-10,8.576e-18,7.980e+0,,6.174e-7,,,6.205e-1,,,2.427e-19,,1.673e-18,,1.599e-3,,9.155e-19,,,,1.137e-17,2.803e-16
584.18,9.638e+0,2.374e-20,4.051e-12,6.870e-28,4.823e-17,,,1.623e-18,4.607e-21,,1.665e-15,2.272e-3,8.928e-25,9.433e-18,2.413e-19,6.517e-28,2.029e-3,4.046e-25,,6.995e-3,1.005e-18,1.260e-36,6.761e-7,,1.151e-25,6.329e-19,,3.282e-19,1.820e-20,2.324e-17,1.418e-3,3.794e-9,1.782e-19,9.850e-23,4.624e-2,2.516e-17,5.816e-1,2.369e-5,9.246e-11,8.572e-18,8.446e+0,,8.001e-7,,,5.501e-1,,,2.428e-19,,1.673e-18,,1.352e-3,,9.169e-19,,,,1.140e-17,2.803e-16
584.21,1.028e+1,2.370e-20,5.133e-12,5.282e-28,4.835e-17,,,1.623e-18,4.609e-21,,1.664e-15,2.771e-3,8.912e-25,9.433e-18,2.421e-19,6.409e-28,1.712e-3,4.049e-25,,9.073e-3,1.006e-18,1.264e-36,1.018e-6,,1.152e-25,6.327e-19,,3.283e-19,1.820e-20,2.326e-17,1.741e-3,3.323e-9,1.782e-19,9.842e-23,3.923e-2,2.519e-17,5.957e-1,3.405e-5,5.645e-11,8.567e-18,9.167e+0,,1.175e-6,,,4.573e-1,,,2.430e-19,,1.673e-18,,1.047e-3,,9.190e-19,,,,1.144e-17,2.804e-16
584.23,1.072e+1,2.368e-20,5.994e-12,4.420e-28,4.843e-17,,,1.623e-18,4.610e-21,,1.664e-15,3.155e-3,8.902e-25,9.433e-18,2.426e-19,6.336e-28,1.525e-3,4.051e-25,,1.076e-2,1.006e-18,1.266e-36,1.334e-6,,1.153e-25,6.326e-19,,3.284e-19,1.820e-20,2.328e-17,1.991e-3,3.036e-9,1.782e-19,9.837e-23,3.505e-2,2.521e-17,6.055e-1,4.326e-5,4.051e-11,8.563e-18,9.661e+0,,1.515e-6,,,4.031e-1,,,2.431e-19,,1.673e-18,,8.798e-4,,9.203e-19,,,,1.146e-17,2.804e-16
584.26,1.142e+1,2.364e-20,7.532e-12,3.370e-28,4.855e-17,,,1.623e-18,4.612e-21,,1.664e-15,3.815e-3,8.887e-25,9.433e-18,2.433e-19,6.228e-28,1.276e-3,4.054e-25,,1.384e-2,1.007e-18,1.269e-36,1.992e-6,,1.154e-25,6.325e-19,,3.285e-19,1.820e-20,2.331e-17,2.424e-3,2.641e-9,1.782e-19,9.829e-23,2.949e-2,2.524e-17,6.209e-1,6.167e-5,2.453e-11,8.558e-18,1.042e+1,,2.206e-6,,,3.323e-1,,,2.433e-19,,1.673e-18,,6.753e-4,,9.224e-19,,,,1.150e-17,2.804e-16
584.28,1.190e+1,2.362e-20,8.747e-12,2.804e-28,4.862e-17,,,1.623e-18,4.613e-21,,1.663e-15,4.319e-3,8.876e-25,9.433e-18,2.438e-19,6.155e-28,1.130e-3,4.056e-25,,1.632e-2,1.007e-18,1.271e-36,2.595e-6,,1.155e-25,6.324e-19,,3.286e-19,1.820e-20,2.332e-17,2.756e-3,2.402e-9,1.782e-19,9.824e-23,2.620e-2,2.525e-17,6.316e-1,7.791e-5,1.750e-11,8.555e-18,1.092e+1,,2.827e-6,,,2.913e-1,,,2.435e-19,,1.673e-18,,5.645e-4,,9.238e-19,,,,1.152e-17,2.804e-16
584.31,1.263e+1,2.358e-20,1.090e-11,2.120e-28,4.874e-17,,,1.623e-18,4.615e-21,,1.663e-15,5.180e-3,8.861e-25,9.433e-18,2.445e-19,6.047e-28,9.380e-4,4.060e-25,,2.082e-2,1.008e-18,1.275e-36,3.844e-6,,1.156e-25,6.322e-19,,3.287e-19,1.821e-20,2.335e-17,3.327e-3,2.078e-9,1.783e-19,9.816e-23,2.185e-2,2.528e-17,6.480e-1,1.102e-4,1.051e-11,8.549e-18,1.169e+1,,4.085e-6,,,2.381e-1,,,2.437e-19,,1.673e-18,,4.297e-4,,9.258e-19,,,,1.156e-17,2.805e-16
584.33,1.312e+1,2.356e-20,1.259e-11,1.754e-28,4.882e-17,,,1.623e-18,4.616e-21,,1.663e-15,5.832e-3,8.851e-25,9.432e-18,2.450e-19,5.974e-28,8.260e-4,4.062e-25,,2.442e-2,1.008e-18,1.277e-36,4.980e-6,,1.157e-25,6.321e-19,,3.288e-19,1.821e-20,2.337e-17,3.762e-3,1.883e-9,1.783e-19,9.811e-23,1.931e-2,2.530e-17,6.592e-1,1.384e-4,7.455e-12,8.546e-18,1.220e+1,,5.206e-6,,,2.076e-1,,,2.438e-19,,1.674e-18,,3.572e-4,,9.272e-19,,,,1.159e-17,2.805e-16
584.36,1.386e+1,2.352e-20,1.555e-11,1.315e-28,4.894e-17,,,1.623e-18,4.618e-21,,1.662e-15,6.937e-3,8.835e-25,9.432e-18,2.457e-19,5.866e-28,6.797e-4,4.065e-25,,3.089e-2,1.008e-18,1.280e-36,7.314e-6,,1.158e-25,6.320e-19,,3.290e-19,1.821e-20,2.339e-17,4.504e-3,1.621e-9,1.783e-19,9.803e-23,1.597e-2,2.533e-17,6.764e-1,1.940e-4,4.437e-12,8.540e-18,1.296e+1,,7.458e-6,,,1.682e-1,,,2.440e-19,,1.674e-18,,2.696e-4,,9.293e-19,,,,1.162e-17,2.805e-16
584.38,1.435e+1,2.350e-20,1.786e-11,1.082e-28,4.902e-17,,,1.623e-18,4.619e-21,,1.662e-15,7.766e-3,8.825e-25,9.432e-18,2.462e-19,5.793e-28,5.952e-4,4.067e-25,,3.603e-2,1.009e-18,1.282e-36,9.425e-6,,1.159e-25,6.319e-19,,3.290e-19,1.821e-20,2.341e-17,5.064e-3,1.466e-9,1.783e-19,9.798e-23,1.403e-2,2.534e-17,6.881e-1,2.424e-4,3.131e-12,8.537e-18,1.345e+1,,9.451e-6,,,1.458e-1,,,2.441e-19,,1.674e-18,,2.228e-4,,9.307e-19,,,,1.165e-17,2.806e-16
584.41,1.507e+1,2.346e-20,2.189e-11,8.042e-29,4.914e-17,,,1.623e-18,4.621e-21,,1.662e-15,9.160e-3,8.810e-25,9.432e-18,2.469e-19,5.685e-28,4.857e-4,4.070e-25,,4.520e-2,1.009e-18,1.286e-36,1.373e-5,,1.160e-25,6.317e-19,,3.292e-19,1.821e-20,2.344e-17,6.012e-3,1.259e-9,1.783e-19,9.790e-23,1.151e-2,2.537e-17,7.061e-1,3.370e-4,1.848e-12,8.531e-18,1.417e+1,,1.343e-5,,,1.172e-1,,,2.443e-19,,1.674e-18,,1.667e-4,,9.327e-19,,,,1.169e-17,2.806e-16
584.43,1.553e+1,2.344e-20,2.500e-11,6.580e-29,4.921e-17,,,1.623e-18,4.622e-21,,1.661e-15,1.020e-2,8.799e-25,9.432e-18,2.474e-19,5.612e-28,4.230e-4,4.072e-25,,5.242e-2,1.010e-18,1.288e-36,1.759e-5,,1.161e-25,6.316e-19,,3.293e-19,1.822e-20,2.345e-17,6.722e-3,1.137e-9,1.783e-19,9.784e-23,1.006e-2,2.539e-17,7.185e-1,4.187e-4,1.296e-12,8.528e-18,1.463e+1,,1.692e-5,,,1.010e-1,,,2.444e-19,,1.674e-18,,1.371e-4,,9.341e-19,,,,1.171e-17,2.806e-16
584.45,1.598e+1,2.341e-20,2.848e-11,5.372e-29,4.929e-17,,,1.623e-18,4.623e-21,,1.661e-15,1.133e-2,8.789e-25,9.432e-18,2.479e-19,5.540e-28,3.675e-4,4.074e-25,,6.067e-2,1.010e-18,1.290e-36,2.249e-5,,1.161e-25,6.315e-19,,3.293e-19,1.822e-20,2.347e-17,7.499e-3,1.028e-9,1.784e-19,9.779e-23,8.767e-3,2.541e-17,7.311e-1,5.190e-4,9.074e-13,8.524e-18,1.508e+1,,2.128e-5,,,8.687e-2,,,2.445e-19,,1.674e-18,,1.124e-4,,9.355e-19,,,,1.174e-17,2.806e-16
584.48,1.663e+1,2.338e-20,3.450e-11,3.946e-29,4.941e-17,,,1.623e-18,4.625e-21,,1.661e-15,1.321e-2,8.774e-25,9.432e-18,2.486e-19,5.431e-28,2.963e-4,4.078e-25,,7.522e-2,1.011e-18,1.294e-36,3.237e-5,,1.162e-25,6.313e-19,,3.295e-19,1.822e-20,2.350e-17,8.800e-3,8.839e-10,1.784e-19,9.771e-23,7.106e-3,2.543e-17,7.508e-1,7.133e-4,5.292e-13,8.519e-18,1.570e+1,,2.988e-5,,,6.900e-2,,,2.447e-19,,1.675e-18,,8.312e-5,,9.376e-19,,,,1.178e-17,2.807e-16
584.5,1.703e+1,2.335e-20,3.909e-11,3.203e-29,4.949e-17,,,1.623e-18,4.626e-21,,1.660e-15,1.459e-2,8.763e-25,9.431e-18,2.491e-19,5.359e-28,2.560e-4,4.080e-25,,8.656e-2,1.011e-18,1.296e-36,4.116e-5,,1.163e-25,6.312e-19,,3.296e-19,1.822e-20,2.351e-17,9.762e-3,8.008e-10,1.784e-19,9.766e-23,6.160e-3,2.545e-17,7.644e-1,8.793e-4,3.683e-13,8.515e-18,1.609e+1,,3.737e-5,,,5.901e-2,,,2.449e-19,,1.675e-18,,6.778e-5,,9.389e-19,,,,1.180e-17,2.807e-16
584.53,1.760e+1,2.332e-20,4.695e-11,2.333e-29,4.961e-17,,,1.622e-18,4.628e-21,,1.660e-15,1.687e-2,8.748e-25,9.431e-18,2.498e-19,5.251e-28,2.047e-4,4.083e-25,,1.064e-1,1.012e-18,1.299e-36,5.876e-5,,1.164e-25,6.311e-19,,3.297e-19,1.822e-20,2.354e-17,1.136e-2,6.932e-10,1.784e-19,9.758e-23,4.951e-3,2.548e-17,7.857e-1,1.198e-3,2.130e-13,8.510e-18,1.662e+1,,5.204e-5,,,4.647e-2,,,2.451e-19,,1.675e-18,,4.971e-5,,9.410e-19,,,,1.184e-17,2.807e-16
584.55,1.794e+1,2.329e-20,5.291e-11,1.883e-29,4.969e-17,,,1.622e-18,4.629e-21,,1.660e-15,1.853e-2,8.738e-25,9.431e-18,2.503e-19,5.178e-28,1.759e-4,4.085e-25,,1.218e-1,1.012e-18,1.301e-36,7.429e-5,,1.165e-25,6.310e-19,,3.298e-19,1.823e-20,2.356e-17,1.253e-2,6.318e-10,1.784e-19,9.753e-23,4.268e-3,2.550e-17,8.006e-1,1.469e-3,1.474e-13,8.506e-18,1.694e+1,,6.472e-5,,,3.952e-2,,,2.452e-19,,1.675e-18,,4.031e-5,,9.424e-19,,,,1.186e-17,2.808e-16
584.58,1.840e+1,2.326e-20,6.302e-11,1.360e-29,4.980e-17,,,1.622e-18,4.631e-21,,1.659e-15,2.125e-2,8.722e-25,9.431e-18,2.510e-19,5.070e-28,1.395e-4,4.088e-25,,1.485e-1,1.012e-18,1.305e-36,1.052e-4,,1.166e-25,6.308e-19,,3.299e-19,1.823e-20,2.358e-17,1.446e-2,5.536e-10,1.785e-19,9.745e-23,3.402e-3,2.552e-17,8.241e-1,1.986e-3,8.453e-14,8.501e-18,1.735e+1,,8.938e-5,,,3.086e-2,,,2.454e-19,,1.675e-18,,2.931e-5,,9.444e-19,,,,1.190e-17,2.808e-16
584.6,1.867e+1,2.323e-20,7.061e-11,1.092e-29,4.988e-17,,,1.622e-18,4.632e-21,,1.659e-15,2.322e-2,8.712e-25,9.431e-18,2.515e-19,4.997e-28,1.191e-4,4.090e-25,,1.690e-1,1.013e-18,1.307e-36,1.323e-4,,1.167e-25,6.307e-19,,3.300e-19,1.823e-20,2.360e-17,1.587e-2,5.097e-10,1.785e-19,9.740e-23,2.916e-3,2.554e-17,8.407e-1,2.420e-3,5.817e-14,8.497e-18,1.759e+1,,1.105e-4,,,2.610e-2,,,2.455e-19,,1.675e-18,,2.363e-5,,9.458e-19,,,,1.193e-17,2.808e-16
584.63,1.901e+1,2.320e-20,8.340e-11,7.819e-30,5.000e-17,,,1.622e-18,4.634e-21,,1.658e-15,2.641e-2,8.696e-25,9.431e-18,2.522e-19,4.889e-28,9.368e-5,4.093e-25,,2.043e-1,1.013e-18,1.310e-36,1.857e-4,,1.168e-25,6.305e-19,,3.301e-19,1.823e-20,2.363e-17,1.816e-2,4.548e-10,1.785e-19,9.732e-23,2.304e-3,2.557e-17,8.672e-1,3.244e-3,3.307e-14,8.492e-18,1.787e+1,,1.514e-4,,,2.021e-2,,,2.457e-19,,1.676e-18,,1.704e-5,,9.479e-19,,,,1.196e-17,2.808e-16
584.65,1.920e+1,2.317e-20,9.294e-11,6.241e-30,5.008e-17,,,1.622e-18,4.635e-21,,1.658e-15,2.869e-2,8.686e-25,9.430e-18,2.527e-19,4.816e-28,7.958e-5,4.096e-25,,2.313e-1,1.014e-18,1.313e-36,2.322e-4,,1.169e-25,6.304e-19,,3.302e-19,1.823e-20,2.365e-17,1.981e-2,4.246e-10,1.785e-19,9.726e-23,1.964e-3,2.559e-17,8.859e-1,3.933e-3,2.263e-14,8.488e-18,1.801e+1,,1.862e-4,,,1.699e-2,,,2.458e-19,,1.676e-18,,1.366e-5,,9.493e-19,,,,1.199e-17,2.809e-16
584.68,1.941e+1,2.314e-20,1.089e-10,4.432e-30,5.020e-17,,,1.622e-18,4.637e-21,,1.658e-15,3.237e-2,8.671e-25,9.430e-18,2.534e-19,4.708e-28,6.205e-5,4.099e-25,,2.773e-1,1.014e-18,1.316e-36,3.233e-4,,1.170e-25,6.303e-19,,3.303e-19,1.824e-20,2.367e-17,2.248e-2,3.880e-10,1.785e-19,9.718e-23,1.539e-3,2.561e-17,9.158e-1,5.228e-3,1.276e-14,8.483e-18,1.814e+1,,2.529e-4,,,1.305e-2,,,2.460e-19,,1.676e-18,,9.769e-6,,9.513e-19,,,,1.203e-17,2.809e-16
584.7,1.951e+1,2.311e-20,1.206e-10,3.518e-30,5.028e-17,,,1.622e-18,4.638e-21,,1.657e-15,3.497e-2,8.660e-25,9.430e-18,2.539e-19,4.635e-28,5.241e-5,4.101e-25,,3.121e-1,1.015e-18,1.318e-36,4.020e-4,,1.171e-25,6.302e-19,,3.304e-19,1.824e-20,2.369e-17,2.438e-2,3.685e-10,1.785e-19,9.713e-23,1.305e-3,2.563e-17,9.371e-1,6.302e-3,8.682e-15,8.479e-18,1.818e+1,,3.092e-4,,,1.091e-2,,,2.461e-19,,1.676e-18,,7.789e-6,,9.527e-19,,,,1.205e-17,2.809e-16
584.73,1.959e+1,2.307e-20,1.401e-10,2.477e-30,5.040e-17,,,1.622e-18,4.640e-21,,1.657e-15,3.913e-2,8.645e-25,9.430e-18,2.546e-19,4.527e-28,4.052e-5,4.104e-25,,3.711e-1,1.015e-18,1.322e-36,5.551e-4,,1.172e-25,6.300e-19,,3.305e-19,1.824e-20,2.371e-17,2.744e-2,3.458e-10,1.786e-19,9.705e-23,1.014e-3,2.566e-17,9.711e-1,8.307e-3,4.853e-15,8.474e-18,1.817e+1,,4.165e-4,,,8.307e-3,,,2.463e-19,,1.676e-18,,5.522e-6,,9.548e-19,,,,1.209e-17,2.810e-16
584.75,1.961e+1,2.305e-20,1.544e-10,1.955e-30,5.047e-17,,,1.622e-18,4.641e-21,,1.657e-15,4.205e-2,8.635e-25,9.430e-18,2.551e-19,4.454e-28,3.404e-5,4.106e-25,,4.153e-1,1.016e-18,1.324e-36,6.864e-4,,1.173e-25,6.299e-19,,3.306e-19,1.824e-20,2.373e-17,2.960e-2,3.344e-10,1.786e-19,9.700e-23,8.545e-4,2.568e-17,9.952e-1,9.960e-3,3.283e-15,8.470e-18,1.811e+1,,5.066e-4,,,6.907e-3,,,2.465e-19,,1.676e-18,,4.378e-6,,9.562e-19,,,,1.212e-17,2.810e-16
584.78,1.956e+1,2.301e-20,1.778e-10,1.365e-30,5.059e-17,,,1.622e-18,4.643e-21,,1.656e-15,4.666e-2,8.619e-25,9.430e-18,2.558e-19,4.346e-28,2.609e-5,4.109e-25,,4.897e-1,1.016e-18,1.327e-36,9.399e-4,,1.174e-25,6.297e-19,,3.308e-19,1.824e-20,2.376e-17,3.304e-2,3.222e-10,1.786e-19,9.692e-23,6.584e-4,2.570e-17,1.034e+0,1.302e-2,1.820e-15,8.465e-18,1.794e+1,,6.766e-4,,,5.215e-3,,,2.466e-19,,1.677e-18,,3.078e-6,,9.582e-19,,,,1.215e-17,2.810e-16
584.8,1.949e+1,2.299e-20,1.949e-10,1.071e-30,5.067e-17,,,1.622e-18,4.644e-21,,1.656e-15,4.987e-2,8.609e-25,9.429e-18,2.563e-19,4.273e-28,2.180e-5,4.111e-25,,5.450e-1,1.017e-18,1.329e-36,1.156e-3,,1.174e-25,6.296e-19,,3.308e-19,1.825e-20,2.378e-17,3.544e-2,3.168e-10,1.786e-19,9.687e-23,5.518e-4,2.572e-17,1.061e+0,1.552e-2,1.224e-15,8.461e-18,1.778e+1,,8.184e-4,,,4.312e-3,,,2.468e-19,,1.677e-18,,2.426e-6,,9.596e-19,,,,1.218e-17,2.810e-16
584.82,1.939e+1,2.297e-20,2.131e-10,8.388e-31,5.075e-17,,,1.622e-18,4.646e-21,,1.656e-15,5.319e-2,8.599e-25,9.429e-18,2.568e-19,4.201e-28,1.816e-5,4.114e-25,,6.052e-1,1.017e-18,1.332e-36,1.418e-3,,1.175e-25,6.295e-19,,3.309e-19,1.825e-20,2.379e-17,3.794e-2,3.133e-10,1.786e-19,9.682e-23,4.614e-4,2.574e-17,1.089e+0,1.846e-2,8.219e-16,8.458e-18,1.758e+1,,9.876e-4,,,3.557e-3,,,2.469e-19,,1.677e-18,,1.909e-6,,9.610e-19,,,,1.220e-17,2.811e-16
584.85,1.919e+1,2.293e-20,2.426e-10,5.788e-31,5.087e-17,,,1.622e-18,4.647e-21,,1.655e-15,5.836e-2,8.583e-25,9.429e-18,2.575e-19,4.093e-28,1.376e-5,4.117e-25,,7.053e-1,1.017e-18,1.335e-36,1.919e-3,,1.176e-25,6.294e-19,,3.311e-19,1.825e-20,2.382e-17,4.185e-2,3.112e-10,1.786e-19,9.674e-23,3.514e-4,2.577e-17,1.134e+0,2.386e-2,4.501e-16,8.452e-18,1.722e+1,,1.304e-3,,,2.654e-3,,,2.471e-19,,1.677e-18,,1.326e-6,,9.630e-19,,,,1.224e-17,2.811e-16
584.87,1.901e+1,2.291e-20,2.638e-10,4.507e-31,5.095e-17,,,1.622e-18,4.649e-21,,1.655e-15,6.191e-2,8.573e-25,9.429e-18,2.580e-19,4.020e-28,1.140e-5,4.119e-25,,7.789e-1,1.018e-18,1.337e-36,2.342e-3,,1.177e-25,6.293e-19,,3.311e-19,1.825e-20,2.384e-17,4.455e-2,3.115e-10,1.787e-19,9.668e-23,2.922e-4,2.578e-17,1.166e+0,2.822e-2,3.004e-16,8.449e-18,1.693e+1,,1.565e-3,,,2.177e-3,,,2.472e-19,,1.677e-18,,1.037e-6,,9.644e-19,,,,1.227e-17,2.811e-16
584.9,1.871e+1,2.287e-20,2.978e-10,3.083e-31,5.106e-17,,,1.622e-18,4.650e-21,,1.655e-15,6.738e-2,8.557e-25,9.429e-18,2.587e-19,3.912e-28,8.568e-6,4.122e-25,,9.002e-1,1.018e-18,1.341e-36,3.143e-3,,1.178e-25,6.291e-19,,3.313e-19,1.825e-20,2.386e-17,4.872e-2,3.141e-10,1.787e-19,9.661e-23,2.206e-4,2.581e-17,1.215e+0,3.616e-2,1.632e-16,8.443e-18,1.644e+1,,2.049e-3,,,1.611e-3,,,2.474e-19,,1.677e-18,,7.144e-7,,9.665e-19,,,,1.230e-17,2.811e-16
584.92,1.849e+1,2.285e-20,3.220e-10,2.387e-31,5.114e-17,,,1.622e-18,4.652e-21,,1.654e-15,7.110e-2,8.547e-25,9.429e-18,2.592e-19,3.839e-28,7.061e-6,4.124e-25,,9.886e-1,1.019e-18,1.343e-36,3.814e-3,,1.179e-25,6.290e-19,,3.314e-19,1.825e-20,2.388e-17,5.158e-2,3.170e-10,1.787e-19,9.655e-23,1.824e-4,2.583e-17,1.249e+0,4.254e-2,1.083e-16,8.440e-18,1.607e+1,,2.445e-3,,,1.314e-3,,,2.475e-19,,1.677e-18,,5.557e-7,,9.679e-19,,,,1.233e-17,2.812e-16
584.95,1.811e+1,2.281e-20,3.605e-10,1.620e-31,5.126e-17,,,1.621e-18,4.653e-21,,1.654e-15,7.676e-2,8.532e-25,9.429e-18,2.599e-19,3.731e-28,5.260e-6,4.127e-25,,1.133e+0,1.019e-18,1.346e-36,5.077e-3,,1.180e-25,6.288e-19,,3.315e-19,1.826e-20,2.391e-17,5.594e-2,3.228e-10,1.787e-19,9.647e-23,1.366e-4,2.585e-17,1.303e+0,5.405e-2,5.831e-17,8.434e-18,1.548e+1,,3.174e-3,,,9.640e-4,,,2.477e-19,,1.678e-18,,3.796e-7,,9.699e-19,,,,1.237e-17,2.812e-16
584.97,1.784e+1,2.279e-20,3.876e-10,1.247e-31,5.134e-17,,,1.621e-18,4.655e-21,,1.654e-15,8.057e-2,8.521e-25,9.428e-18,2.604e-19,3.658e-28,4.310e-6,4.129e-25,,1.237e+0,1.020e-18,1.348e-36,6.126e-3,,1.181e-25,6.287e-19,,3.316e-19,1.826e-20,2.392e-17,5.889e-2,3.274e-10,1.787e-19,9.642e-23,1.123e-4,2.587e-17,1.339e+0,6.323e-2,3.848e-17,8.431e-18,1.505e+1,,3.768e-3,,,7.820e-4,,,2.479e-19,,1.678e-18,,2.936e-7,,9.713e-19,,,,1.239e-17,2.812e-16
585,1.742e+1,2.275e-20,4.303e-10,8.389e-32,5.146e-17,,,1.621e-18,4.656e-21,,1.653e-15,8.631e-2,8.506e-25,9.428e-18,2.611e-19,3.550e-28,3.184e-6,4.133e-25,,1.406e+0,1.020e-18,1.352e-36,8.087e-3,,1.182e-25,6.286e-19,,3.317e-19,1.826e-20,2.395e-17,6.334e-2,3.350e-10,1.787e-19,9.634e-23,8.339e-5,2.590e-17,1.395e+0,7.968e-2,2.055e-17,8.425e-18,1.437e+1,,4.851e-3,,,5.689e-4,,,2.480e-19,,1.678e-18,,1.988e-7,,9.734e-19,,,,1.243e-17,2.813e-16
585.02,1.712e+1,2.272e-20,4.601e-10,6.422e-32,5.154e-17,,,1.621e-18,4.657e-21,,1.653e-15,9.013e-2,8.496e-25,9.428e-18,2.616e-19,3.477e-28,2.594e-6,4.135e-25,,1.527e+0,1.021e-18,1.354e-36,9.704e-3,,1.183e-25,6.285e-19,,3.318e-19,1.826e-20,2.397e-17,6.630e-2,3.405e-10,1.788e-19,9.629e-23,6.819e-5,2.592e-17,1.433e+0,9.269e-2,1.348e-17,8.422e-18,1.390e+1,,5.725e-3,,,4.589e-4,,,2.482e-19,,1.678e-18,,1.529e-7,,9.747e-19,,,,1.246e-17,2.813e-16
585.05,1.668e+1,2.269e-20,5.066e-10,4.284e-32,5.165e-17,,,1.621e-18,4.659e-21,,1.652e-15,9.581e-2,8.480e-25,9.428e-18,2.623e-19,3.369e-28,1.900e-6,4.138e-25,,1.721e+0,1.021e-18,1.357e-36,1.270e-2,,1.184e-25,6.283e-19,,3.319e-19,1.827e-20,2.399e-17,7.072e-2,3.491e-10,1.788e-19,9.621e-23,5.020e-5,2.594e-17,1.491e+0,1.158e-1,7.138e-18,8.416e-18,1.316e+1,,7.310e-3,,,3.310e-4,,,2.484e-19,,1.678e-18,,1.027e-7,,9.768e-19,,,,1.249e-17,2.813e-16
585.07,1.638e+1,2.266e-20,5.386e-10,3.261e-32,5.173e-17,,,1.621e-18,4.660e-21,,1.652e-15,9.954e-2,8.470e-25,9.428e-18,2.628e-19,3.296e-28,1.540e-6,4.140e-25,,1.859e+0,1.021e-18,1.360e-36,1.516e-2,,1.184e-25,6.282e-19,,3.320e-19,1.827e-20,2.401e-17,7.362e-2,3.550e-10,1.788e-19,9.616e-23,4.082e-5,2.596e-17,1.530e+0,1.340e-1,4.658e-18,8.413e-18,1.266e+1,,8.580e-3,,,2.655e-4,,,2.485e-19,,1.678e-18,,7.855e-8,,9.782e-19,,,,1.252e-17,2.813e-16
585.1,1.593e+1,2.263e-20,5.881e-10,2.157e-32,5.185e-17,,,1.621e-18,4.662e-21,,1.652e-15,1.050e-1,8.455e-25,9.428e-18,2.636e-19,3.188e-28,1.118e-6,4.143e-25,,2.078e+0,1.022e-18,1.363e-36,1.968e-2,,1.186e-25,6.280e-19,,3.321e-19,1.827e-20,2.404e-17,7.787e-2,3.638e-10,1.788e-19,9.608e-23,2.980e-5,2.599e-17,1.588e+0,1.661e-1,2.445e-18,8.407e-18,1.188e+1,,1.086e-2,,,1.899e-4,,,2.487e-19,,1.679e-18,,5.231e-8,,9.803e-19,,,,1.256e-17,2.814e-16
585.12,1.564e+1,2.260e-20,6.218e-10,1.633e-32,7.963e-17,,,1.621e-18,4.663e-21,,1.651e-15,1.086e-1,8.444e-25,9.427e-18,2.640e-19,3.115e-28,9.012e-7,4.145e-25,,2.231e+0,1.022e-18,1.365e-36,2.335e-2,,1.186e-25,6.279e-19,,3.322e-19,1.827e-20,2.405e-17,8.061e-2,3.696e-10,1.788e-19,9.603e-23,2.409e-5,2.601e-17,1.626e+0,1.911e-1,1.586e-18,8.404e-18,1.136e+1,,1.268e-2,,,1.515e-4,,,2.488e-19,,1.679e-18,,3.978e-8,,9.816e-19,,,,1.258e-17,2.814e-16
585.15,1.522e+1,2.257e-20,6.733e-10,1.071e-32,1.509e-16,,,1.621e-18,4.665e-21,,1.651e-15,1.137e-1,8.429e-25,9.427e-18,2.648e-19,3.007e-28,6.491e-7,4.148e-25,,2.473e+0,1.023e-18,1.369e-36,3.007e-2,,1.187e-25,6.278e-19,,3.323e-19,1.827e-20,2.408e-17,8.455e-2,3.780e-10,1.788e-19,9.595e-23,1.744e-5,2.603e-17,1.682e+0,2.348e-1,1.586e-18,8.398e-18,1.058e+1,,1.592e-2,,,1.074e-4,,,2.490e-19,,1.679e-18,,2.627e-8,,9.837e-19,,,,1.262e-17,2.814e-16
585.17,1.495e+1,2.254e-20,7.080e-10,8.063e-33,2.305e-16,,,1.621e-18,4.666e-21,,1.651e-15,1.170e-1,8.418e-25,9.427e-18,2.652e-19,2.935e-28,5.200e-7,4.151e-25,,2.641e+0,1.023e-18,1.371e-36,3.548e-2,,1.188e-25,6.277e-19,,3.324e-19,1.827e-20,2.410e-17,8.704e-2,3.833e-10,1.789e-19,9.589e-23,1.402e-5,2.605e-17,1.718e+0,2.686e-1,1.586e-18,8.395e-18,1.006e+1,,1.848e-2,,,8.520e-5,,,2.491e-19,,1.679e-18,,1.986e-8,,9.851e-19,,,,1.264e-17,2.815e-16
585.19,1.469e+1,2.252e-20,7.427e-10,6.056e-33,3.513e-16,,,1.621e-18,4.668e-21,,1.650e-15,1.201e-1,8.408e-25,9.427e-18,2.657e-19,2.862e-28,4.157e-7,4.153e-25,,2.815e+0,1.024e-18,1.373e-36,4.178e-2,,1.189e-25,6.276e-19,,3.325e-19,1.828e-20,2.411e-17,8.940e-2,3.884e-10,1.789e-19,9.584e-23,1.125e-5,2.607e-17,1.753e+0,3.067e-1,1.586e-18,8.391e-18,9.548e+0,,2.141e-2,,,6.742e-5,,,2.493e-19,,1.679e-18,,1.499e-8,,9.865e-19,,,,1.267e-17,2.815e-16
585.22,1.434e+1,2.248e-20,7.948e-10,3.925e-33,6.581e-16,,,1.621e-18,4.669e-21,,1.650e-15,1.245e-1,8.393e-25,9.427e-18,2.664e-19,2.754e-28,2.959e-7,4.156e-25,,3.083e+0,1.024e-18,1.376e-36,5.317e-2,,1.190e-25,6.274e-19,,3.326e-19,1.828e-20,2.414e-17,9.268e-2,3.954e-10,1.789e-19,9.576e-23,8.046e-6,2.610e-17,1.803e+0,3.725e-1,1.586e-18,8.386e-18,8.787e+0,,2.657e-2,,,4.726e-5,,,2.494e-19,,1.679e-18,,9.780e-9,,9.885e-19,,,,1.271e-17,2.815e-16
585.24,1.413e+1,2.246e-20,8.293e-10,2.931e-33,9.973e-16,,,1.621e-18,4.671e-21,,1.650e-15,1.273e-1,8.382e-25,9.427e-18,2.669e-19,2.681e-28,2.352e-7,4.158e-25,,3.267e+0,1.025e-18,1.379e-36,6.226e-2,,1.191e-25,6.273e-19,,3.327e-19,1.828e-20,2.416e-17,9.466e-2,3.996e-10,1.789e-19,9.571e-23,6.418e-6,2.612e-17,1.834e+0,4.229e-1,1.586e-18,8.382e-18,8.292e+0,,3.060e-2,,,3.719e-5,,,2.496e-19,,1.680e-18,,7.338e-9,,9.899e-19,,,,1.273e-17,2.815e-16
585.27,1.385e+1,2.242e-20,8.800e-10,1.884e-33,1.853e-15,,,1.621e-18,4.672e-21,,1.649e-15,1.311e-1,8.367e-25,9.426e-18,2.677e-19,2.573e-28,1.660e-7,4.161e-25,,3.549e+0,1.025e-18,1.382e-36,7.857e-2,,1.192e-25,6.272e-19,,3.329e-19,1.828e-20,2.418e-17,9.732e-2,4.052e-10,1.789e-19,9.563e-23,4.553e-6,2.614e-17,1.877e+0,5.094e-1,1.586e-18,8.377e-18,7.568e+0,,3.767e-2,,,2.585e-5,,,2.498e-19,,1.680e-18,,4.748e-9,,9.920e-19,,,,1.277e-17,2.816e-16
585.29,1.369e+1,2.240e-20,9.130e-10,1.399e-33,2.793e-15,,,1.621e-18,4.674e-21,,1.649e-15,1.334e-1,8.357e-25,9.426e-18,2.681e-19,2.500e-28,1.312e-7,4.163e-25,,3.740e+0,1.026e-18,1.384e-36,9.149e-2,,1.193e-25,6.270e-19,,3.329e-19,1.828e-20,2.420e-17,9.885e-2,4.084e-10,1.789e-19,9.558e-23,3.612e-6,2.616e-17,1.903e+0,5.751e-1,1.586e-18,8.373e-18,7.102e+0,,4.314e-2,,,2.023e-5,,,2.499e-19,,1.680e-18,,3.542e-9,,9.933e-19,,,,1.280e-17,2.816e-16
585.32,1.349e+1,2.236e-20,9.608e-10,8.917e-34,5.147e-15,,,1.621e-18,4.675e-21,,1.648e-15,1.365e-1,8.341e-25,9.426e-18,2.689e-19,2.392e-28,9.185e-8,4.166e-25,,4.029e+0,1.026e-18,1.387e-36,1.145e-1,,1.194e-25,6.269e-19,,3.331e-19,1.829e-20,2.423e-17,1.008e-1,4.123e-10,1.790e-19,9.550e-23,2.542e-6,2.619e-17,1.937e+0,6.869e-1,1.586e-18,8.368e-18,6.429e+0,,5.266e-2,,,1.394e-5,,,2.501e-19,,1.680e-18,,2.273e-9,,9.954e-19,,,,1.283e-17,2.816e-16
585.34,1.338e+1,2.234e-20,9.913e-10,6.585e-34,7.715e-15,,,1.621e-18,4.677e-21,,1.648e-15,1.383e-1,8.331e-25,9.426e-18,2.693e-19,2.319e-28,7.220e-8,4.169e-25,,4.222e+0,1.026e-18,1.390e-36,1.326e-1,,1.195e-25,6.268e-19,,3.332e-19,1.829e-20,2.424e-17,1.018e-1,4.143e-10,1.790e-19,9.545e-23,2.005e-6,2.620e-17,1.957e+0,7.712e-1,1.586e-18,8.364e-18,6.001e+0,,5.998e-2,,,1.085e-5,,,2.502e-19,,1.680e-18,,1.686e-9,,9.968e-19,,,,1.286e-17,2.816e-16
585.37,1.327e+1,2.230e-20,1.035e-9,4.161e-34,1.410e-14,,,1.620e-18,4.678e-21,,1.648e-15,1.407e-1,8.316e-25,9.426e-18,2.701e-19,2.211e-28,5.010e-8,4.172e-25,,4.511e+0,1.027e-18,1.393e-36,1.646e-1,,1.196e-25,6.266e-19,,3.333e-19,1.829e-20,2.427e-17,1.029e-1,4.164e-10,1.790e-19,9.537e-23,1.400e-6,2.623e-17,1.980e+0,9.136e-1,1.586e-18,8.359e-18,5.389e+0,,7.260e-2,,,7.413e-6,,,2.504e-19,,1.680e-18,,1.073e-9,,9.989e-19,,,,1.290e-17,2.817e-16
585.39,1.323e+1,2.228e-20,1.061e-9,3.056e-34,2.102e-14,,,1.620e-18,4.680e-21,,1.647e-15,1.421e-1,8.305e-25,9.426e-18,2.705e-19,2.138e-28,3.916e-8,4.174e-25,,4.701e+0,1.027e-18,1.395e-36,1.895e-1,,1.196e-25,6.265e-19,,3.334e-19,1.829e-20,2.429e-17,1.034e-1,4.171e-10,1.790e-19,9.531e-23,1.100e-6,2.625e-17,1.992e+0,1.020e+0,1.586e-18,8.355e-18,5.003e+0,,8.223e-2,,,5.736e-6,,,2.505e-19,,1.681e-18,,7.914e-10,,1.000e-18,,,,1.292e-17,2.817e-16
585.42,1.322e+1,2.224e-20,1.098e-9,1.915e-34,3.809e-14,,,1.620e-18,4.681e-21,,1.647e-15,1.438e-1,8.290e-25,9.426e-18,2.713e-19,2.030e-28,2.695e-8,4.177e-25,,4.980e+0,1.028e-18,1.399e-36,2.332e-1,,1.198e-25,6.264e-19,,3.335e-19,1.829e-20,2.431e-17,1.036e-1,4.172e-10,1.790e-19,9.523e-23,7.638e-7,2.628e-17,2.004e+0,1.198e+0,1.586e-18,8.350e-18,4.458e+0,,9.871e-2,,,3.887e-6,,,2.507e-19,,1.681e-18,,4.993e-10,,1.002e-18,,,,1.296e-17,2.817e-16
585.44,1.324e+1,2.222e-20,1.121e-9,1.398e-34,5.647e-14,,,1.620e-18,4.683e-21,,1.647e-15,1.446e-1,8.280e-25,9.425e-18,2.718e-19,1.957e-28,2.095e-8,4.179e-25,,5.161e+0,1.028e-18,1.401e-36,2.671e-1,,1.198e-25,6.263e-19,,3.336e-19,1.830e-20,2.433e-17,1.035e-1,4.166e-10,1.790e-19,9.518e-23,5.988e-7,2.629e-17,2.008e+0,1.330e+0,1.586e-18,8.346e-18,4.118e+0,,1.112e-1,,,2.990e-6,,,2.509e-19,,1.681e-18,,3.662e-10,,1.004e-18,,,,1.298e-17,2.818e-16
585.47,1.333e+1,2.218e-20,1.150e-9,8.687e-35,1.015e-13,,,1.620e-18,4.684e-21,,1.646e-15,1.456e-1,8.264e-25,9.425e-18,2.725e-19,1.849e-28,1.429e-8,4.182e-25,,5.422e+0,1.029e-18,1.404e-36,3.260e-1,,1.199e-25,6.261e-19,,3.337e-19,1.830e-20,2.436e-17,1.029e-1,4.147e-10,1.791e-19,9.510e-23,4.169e-7,2.632e-17,2.007e+0,1.550e+0,1.586e-18,8.341e-18,3.642e+0,,1.324e-1,,,2.010e-6,,,2.510e-19,,1.681e-18,,2.291e-10,,1.006e-18,,,,1.302e-17,2.818e-16
585.49,1.342e+1,2.216e-20,1.167e-9,6.307e-35,1.497e-13,,,1.620e-18,4.686e-21,,1.646e-15,1.461e-1,8.254e-25,9.425e-18,2.730e-19,1.777e-28,1.105e-8,4.184e-25,,5.588e+0,1.029e-18,1.406e-36,3.713e-1,,1.200e-25,6.260e-19,,3.338e-19,1.830e-20,2.437e-17,1.022e-1,4.128e-10,1.791e-19,9.505e-23,3.295e-7,2.634e-17,2.002e+0,1.711e+0,1.586e-18,8.337e-18,3.349e+0,,1.483e-1,,,1.537e-6,,,2.512e-19,,1.681e-18,,1.671e-10,,1.007e-18,,,,1.305e-17,2.818e-16
585.52,1.360e+1,2.212e-20,1.188e-9,3.886e-35,2.668e-13,,,1.620e-18,4.687e-21,,1.646e-15,1.465e-1,8.238e-25,9.425e-18,2.737e-19,1.668e-28,7.475e-9,4.188e-25,,5.822e+0,1.030e-18,1.410e-36,4.494e-1,,1.201e-25,6.258e-19,,3.339e-19,1.830e-20,2.440e-17,1.008e-1,4.090e-10,1.791e-19,9.497e-23,2.366e-7,2.637e-17,1.988e+0,1.977e+0,1.586e-18,8.332e-18,2.943e+0,,1.750e-1,,,1.024e-6,,,2.514e-19,,1.681e-18,,1.037e-10,,1.009e-18,,,,1.308e-17,2.818e-16
585.54,1.376e+1,2.210e-20,1.198e-9,2.806e-35,3.912e-13,,,1.620e-18,4.689e-21,,1.645e-15,1.465e-1,8.228e-25,9.425e-18,2.742e-19,1.596e-28,5.745e-9,4.190e-25,,5.966e+0,1.030e-18,1.412e-36,5.090e-1,,1.202e-25,6.257e-19,,3.340e-19,1.830e-20,2.442e-17,9.954e-2,4.059e-10,1.791e-19,9.492e-23,1.947e-7,2.638e-17,1.974e+0,2.171e+0,1.586e-18,8.328e-18,2.696e+0,,1.950e-1,,,7.794e-7,,,2.515e-19,,1.682e-18,,7.519e-11,,1.011e-18,,,,1.311e-17,2.819e-16
585.57,1.404e+1,2.206e-20,1.209e-9,1.714e-35,6.917e-13,,,1.620e-18,4.690e-21,,1.645e-15,1.464e-1,8.213e-25,9.425e-18,2.749e-19,1.487e-28,3.855e-9,4.193e-25,,6.164e+0,1.031e-18,1.415e-36,6.110e-1,,1.203e-25,6.256e-19,,3.342e-19,1.831e-20,2.444e-17,9.732e-2,4.004e-10,1.791e-19,9.484e-23,1.558e-7,2.641e-17,1.947e+0,2.487e+0,1.586e-18,8.323e-18,2.358e+0,,2.283e-1,,,5.150e-7,,,2.517e-19,,1.682e-18,,4.625e-11,,1.013e-18,,,,1.315e-17,2.819e-16
585.59,1.426e+1,2.204e-20,1.213e-9,1.231e-35,1.009e-12,,,1.620e-18,4.692e-21,,1.645e-15,1.462e-1,8.202e-25,9.424e-18,2.754e-19,1.415e-28,2.946e-9,4.195e-25,,6.282e+0,1.031e-18,1.418e-36,6.881e-1,,1.204e-25,6.255e-19,,3.342e-19,1.831e-20,2.446e-17,9.559e-2,3.962e-10,1.792e-19,9.479e-23,1.435e-7,2.643e-17,1.925e+0,2.716e+0,1.586e-18,8.319e-18,2.154e+0,,2.529e-1,,,3.896e-7,,,2.518e-19,,1.682e-18,,3.336e-11,,1.014e-18,,,,1.317e-17,2.819e-16
585.61,1.451e+1,2.201e-20,1.215e-9,8.815e-36,1.467e-12,,,1.620e-18,4.693e-21,,1.644e-15,1.458e-1,8.192e-25,9.424e-18,2.759e-19,1.342e-28,2.246e-9,4.197e-25,,6.388e+0,1.031e-18,1.420e-36,7.733e-1,,1.205e-25,6.254e-19,,3.343e-19,1.831e-20,2.448e-17,9.369e-2,3.915e-10,1.792e-19,9.473e-23,1.411e-7,2.645e-17,1.899e+0,2.959e+0,1.586e-18,8.316e-18,1.968e+0,,2.795e-1,,,2.940e-7,,,2.519e-19,,1.682e-18,,2.400e-11,,1.015e-18,,,,1.320e-17,2.819e-16
585.64,1.492e+1,2.198e-20,1.212e-9,5.322e-36,2.565e-12,,,1.620e-18,4.695e-21,,1.644e-15,1.451e-1,8.177e-25,9.424e-18,2.766e-19,1.234e-28,1.490e-9,4.200e-25,,6.523e+0,1.032e-18,1.423e-36,9.175e-1,,1.206e-25,6.252e-19,,3.345e-19,1.831e-20,2.450e-17,9.053e-2,3.839e-10,1.792e-19,9.465e-23,1.558e-7,2.647e-17,1.854e+0,3.350e+0,1.586e-18,8.310e-18,1.718e+0,,3.234e-1,,,1.920e-7,,,2.521e-19,,1.682e-18,,1.459e-11,,1.017e-18,,,,1.324e-17,2.820e-16
585.66,1.523e+1,2.195e-20,1.206e-9,3.791e-36,3.711e-12,,,1.620e-18,4.696e-21,,1.644e-15,1.446e-1,8.166e-25,9.424e-18,2.771e-19,1.161e-28,1.129e-9,4.202e-25,,6.596e+0,1.032e-18,1.425e-36,1.025e+0,,1.207e-25,6.251e-19,,3.345e-19,1.831e-20,2.452e-17,8.824e-2,3.784e-10,1.792e-19,9.460e-23,1.785e-7,2.649e-17,1.821e+0,3.630e+0,1.586e-18,8.307e-18,1.571e+0,,3.555e-1,,,1.441e-7,,,2.523e-19,,1.682e-18,,1.044e-11,,1.019e-18,,,,1.326e-17,2.820e-16
585.69,1.574e+1,2.192e-20,1.193e-9,2.269e-36,6.432e-12,,,1.620e-18,4.698e-21,,1.643e-15,1.437e-1,8.151e-25,9.424e-18,2.778e-19,1.053e-28,7.426e-10,4.206e-25,,6.679e+0,1.033e-18,1.429e-36,1.206e+0,,1.208e-25,6.249e-19,,3.347e-19,1.832e-20,2.455e-17,8.455e-2,3.697e-10,1.792e-19,9.452e-23,2.354e-7,2.652e-17,1.766e+0,4.076e+0,1.586e-18,8.301e-18,1.379e+0,,4.080e-1,,,9.331e-8,,,2.524e-19,,1.682e-18,,6.293e-12,,1.021e-18,,,,1.330e-17,2.820e-16
585.71,1.611e+1,2.189e-20,1.181e-9,1.608e-36,9.256e-12,,,1.620e-18,4.699e-21,,1.643e-15,1.430e-1,8.141e-25,9.424e-18,2.783e-19,9.804e-29,5.599e-10,4.208e-25,,6.717e+0,1.033e-18,1.431e-36,1.341e+0,,1.208e-25,6.248e-19,,3.348e-19,1.832e-20,2.457e-17,8.195e-2,3.635e-10,1.792e-19,9.447e-23,2.917e-7,2.654e-17,1.726e+0,4.392e+0,1.586e-18,8.298e-18,1.269e+0,,4.459e-1,,,6.964e-8,,,2.526e-19,,1.683e-18,,4.478e-12,,1.561e-18,,,,1.332e-17,2.821e-16
585.74,1.672e+1,2.186e-20,1.159e-9,9.542e-37,1.591e-11,,,1.620e-18,4.701e-21,,1.642e-15,1.420e-1,8.125e-25,9.423e-18,2.790e-19,8.718e-29,3.651e-10,4.211e-25,,6.745e+0,1.034e-18,1.434e-36,1.564e+0,,1.210e-25,6.247e-19,,3.349e-19,1.832e-20,2.459e-17,7.787e-2,3.538e-10,1.793e-19,9.439e-23,4.116e-7,2.656e-17,1.661e+0,4.891e+0,1.586e-18,8.292e-18,1.129e+0,,5.075e-1,,,4.472e-8,,,2.528e-19,,1.683e-18,,2.676e-12,,2.941e-18,,,,1.336e-17,2.821e-16
585.76,1.715e+1,2.183e-20,1.141e-9,6.721e-37,2.277e-11,,,1.620e-18,4.702e-21,,1.642e-15,1.413e-1,8.115e-25,9.423e-18,2.795e-19,7.995e-29,2.737e-10,4.213e-25,,6.745e+0,1.034e-18,1.437e-36,1.729e+0,,1.210e-25,6.246e-19,,3.350e-19,1.832e-20,2.461e-17,7.505e-2,3.472e-10,1.793e-19,9.434e-23,5.216e-7,2.658e-17,1.616e+0,5.240e+0,1.586e-18,8.289e-18,1.053e+0,,5.516e-1,,,3.319e-8,,,2.529e-19,,1.683e-18,,1.894e-12,,4.473e-18,,,,1.339e-17,2.821e-16
585.79,1.784e+1,2.180e-20,1.110e-9,3.956e-37,3.882e-11,,,1.620e-18,4.704e-21,,1.642e-15,1.402e-1,8.099e-25,9.423e-18,2.802e-19,6.909e-29,1.770e-10,4.216e-25,,6.717e+0,1.035e-18,1.440e-36,2.001e+0,,1.211e-25,6.244e-19,,3.351e-19,1.832e-20,2.464e-17,7.072e-2,3.369e-10,1.793e-19,9.426e-23,7.469e-7,2.661e-17,1.545e+0,5.787e+0,1.586e-18,8.283e-18,9.610e-1,,6.225e-1,,,2.113e-8,,,2.531e-19,,1.683e-18,,1.122e-12,,8.357e-18,,,,1.342e-17,2.822e-16
585.81,1.833e+1,2.177e-20,1.087e-9,2.771e-37,5.525e-11,,,1.619e-18,4.705e-21,,1.641e-15,1.395e-1,8.089e-25,9.423e-18,2.807e-19,6.185e-29,1.319e-10,4.218e-25,,6.679e+0,1.035e-18,1.442e-36,2.199e+0,,1.212e-25,6.243e-19,,3.352e-19,1.833e-20,2.465e-17,6.778e-2,3.299e-10,1.793e-19,9.421e-23,9.490e-7,2.663e-17,1.495e+0,6.166e+0,1.586e-18,8.280e-18,9.148e-1,,6.729e-1,,,1.559e-8,,,2.532e-19,,1.683e-18,,7.896e-13,,1.264e-17,,,,1.345e-17,2.822e-16
585.84,1.911e+1,2.174e-20,1.048e-9,1.617e-37,9.342e-11,,,1.619e-18,4.707e-21,,1.641e-15,1.384e-1,8.074e-25,9.423e-18,2.814e-19,5.100e-29,8.458e-11,4.221e-25,,6.596e+0,1.036e-18,1.446e-36,2.523e+0,,1.213e-25,6.241e-19,,3.353e-19,1.833e-20,2.468e-17,6.334e-2,3.194e-10,1.793e-19,9.413e-23,1.356e-6,2.665e-17,1.419e+0,6.754e+0,1.586e-18,8.274e-18,8.672e-1,,7.532e-1,,,9.844e-9,,,2.534e-19,,1.683e-18,,4.640e-13,,2.342e-17,,,,1.349e-17,2.822e-16
585.86,1.966e+1,2.171e-20,1.020e-9,1.126e-37,1.322e-10,,,1.619e-18,4.708e-21,,1.641e-15,1.378e-1,8.063e-25,9.423e-18,2.819e-19,4.376e-29,6.271e-11,4.224e-25,,6.523e+0,1.036e-18,1.448e-36,2.758e+0,,1.214e-25,6.240e-19,,3.354e-19,1.833e-20,2.470e-17,6.037e-2,3.123e-10,1.793e-19,9.408e-23,1.717e-6,2.667e-17,1.367e+0,7.156e+0,1.586e-18,8.271e-18,8.492e-1,,8.096e-1,,,7.224e-9,,,2.535e-19,,1.684e-18,,3.246e-13,,3.523e-17,,,,1.351e-17,2.822e-16
585.89,2.052e+1,2.167e-20,9.762e-10,6.518e-38,2.217e-10,,,1.619e-18,4.710e-21,,1.640e-15,1.368e-1,8.048e-25,9.422e-18,2.826e-19,3.290e-29,3.986e-11,4.227e-25,,6.388e+0,1.037e-18,1.451e-36,3.138e+0,,1.215e-25,6.239e-19,,3.355e-19,1.833e-20,2.472e-17,5.594e-2,3.017e-10,1.794e-19,9.400e-23,2.438e-6,2.670e-17,1.289e+0,7.772e+0,1.586e-18,8.265e-18,8.422e-1,,8.986e-1,,,4.522e-9,,,2.537e-19,,1.684e-18,,1.892e-13,,6.474e-17,,,,1.355e-17,2.823e-16
585.91,2.112e+1,2.165e-20,9.451e-10,4.514e-38,3.121e-10,,,1.619e-18,4.711e-21,,1.640e-15,1.362e-1,8.038e-25,9.422e-18,2.831e-19,2.567e-29,2.939e-11,4.229e-25,,6.282e+0,1.037e-18,1.453e-36,3.411e+0,,1.216e-25,6.238e-19,,3.356e-19,1.833e-20,2.474e-17,5.302e-2,2.946e-10,1.794e-19,9.394e-23,3.072e-6,2.672e-17,1.236e+0,8.190e+0,1.586e-18,8.262e-18,8.504e-1,,9.606e-1,,,3.300e-9,,,2.538e-19,,1.684e-18,,1.316e-13,,9.686e-17,,,,1.358e-17,2.823e-16
585.94,2.205e+1,2.161e-20,8.966e-10,2.590e-38,5.191e-10,,,1.619e-18,4.713e-21,,1.640e-15,1.353e-1,8.022e-25,9.422e-18,2.838e-19,1.481e-29,1.852e-11,4.232e-25,,6.101e+0,1.038e-18,1.457e-36,3.850e+0,,1.217e-25,6.236e-19,,3.357e-19,1.834e-20,2.477e-17,4.872e-2,2.842e-10,1.794e-19,9.386e-23,4.327e-6,2.674e-17,1.158e+0,8.821e+0,1.586e-18,8.256e-18,8.816e-1,,1.057e+0,,,2.048e-9,,,2.540e-19,,1.684e-18,,7.604e-14,,1.765e-16,,,,1.361e-17,2.823e-16
585.96,2.270e+1,2.159e-20,8.632e-10,1.784e-38,7.266e-10,,,1.619e-18,4.714e-21,,1.639e-15,1.348e-1,8.012e-25,9.422e-18,2.843e-19,7.572e-30,1.358e-11,4.234e-25,,5.966e+0,1.038e-18,1.459e-36,4.161e+0,,1.218e-25,6.235e-19,,3.358e-19,1.834e-20,2.478e-17,4.592e-2,2.773e-10,1.794e-19,9.381e-23,5.423e-6,2.676e-17,1.106e+0,9.243e+0,1.586e-18,8.253e-18,9.147e-1,,1.124e+0,,,1.486e-9,,,2.542e-19,,1.684e-18,,5.260e-14,,2.626e-16,,,,1.364e-17,2.823e-16
585.98,2.335e+1,2.157e-20,8.293e-10,1.226e-38,1.015e-9,,,1.619e-18,4.715e-21,,1.639e-15,1.343e-1,8.002e-25,9.422e-18,2.848e-19,3.348e-31,9.933e-12,4.236e-25,,5.822e+0,1.038e-18,1.461e-36,4.488e+0,,1.219e-25,6.234e-19,,3.359e-19,1.834e-20,2.480e-17,4.319e-2,2.705e-10,1.794e-19,9.376e-23,6.781e-6,2.678e-17,1.054e+0,9.664e+0,1.586e-18,8.249e-18,9.573e-1,,1.192e+0,,,1.076e-9,,,2.543e-19,,1.684e-18,,3.631e-14,,3.899e-16,,,,1.366e-17,2.824e-16
586.01,2.437e+1,2.153e-20,7.775e-10,6.951e-39,1.669e-9,,,1.619e-18,4.717e-21,,1.639e-15,1.336e-1,7.986e-25,9.422e-18,2.855e-19,6.354e-31,6.188e-12,4.239e-25,,5.588e+0,1.039e-18,1.465e-36,5.006e+0,,1.220e-25,6.232e-19,,3.360e-19,1.834e-20,2.483e-17,3.922e-2,2.605e-10,1.794e-19,9.368e-23,9.442e-6,2.681e-17,9.790e-1,1.029e+1,1.586e-18,8.244e-18,1.039e+0,,1.297e+0,,,6.602e-10,,,2.545e-19,,1.685e-18,,2.073e-14,,7.024e-16,,,,1.370e-17,2.824e-16
586.03,2.506e+1,2.151e-20,7.427e-10,4.749e-39,2.318e-9,,,1.619e-18,4.718e-21,,1.638e-15,1.331e-1,7.976e-25,9.422e-18,2.860e-19,9.714e-31,4.501e-12,4.242e-25,,5.422e+0,1.039e-18,1.467e-36,5.369e+0,,1.220e-25,6.231e-19,,3.361e-19,1.834e-20,2.484e-17,3.668e-2,2.540e-10,1.795e-19,9.363e-23,1.174e-5,2.682e-17,9.302e-1,1.070e+1,1.586e-18,8.240e-18,1.105e+0,,1.368e+0,,,4.753e-10,,,2.546e-19,,1.685e-18,,1.423e-14,,1.037e-15,,,,1.373e-17,2.824e-16
586.06,2.612e+1,2.147e-20,6.906e-10,2.671e-39,3.779e-9,,,1.619e-18,4.720e-21,,1.638e-15,1.325e-1,7.961e-25,9.421e-18,2.867e-19,1.828e-30,2.780e-12,4.245e-25,,5.161e+0,1.040e-18,1.470e-36,5.939e+0,,1.222e-25,6.230e-19,,3.363e-19,1.835e-20,2.487e-17,3.304e-2,2.444e-10,1.795e-19,9.355e-23,1.622e-5,2.685e-17,8.596e-1,1.129e+1,1.586e-18,8.235e-18,1.222e+0,,1.476e+0,,,2.891e-10,,,2.548e-19,,1.685e-18,,8.057e-15,,1.853e-15,,,,1.376e-17,2.825e-16
586.08,2.683e+1,2.145e-20,6.561e-10,1.814e-39,5.220e-9,,,1.619e-18,4.721e-21,,1.638e-15,1.321e-1,7.950e-25,9.421e-18,2.872e-19,2.780e-30,2.011e-12,4.247e-25,,4.980e+0,1.040e-18,1.472e-36,6.334e+0,,1.222e-25,6.229e-19,,3.363e-19,1.835e-20,2.489e-17,3.072e-2,2.382e-10,1.795e-19,9.350e-23,2.006e-5,2.687e-17,8.144e-1,1.168e+1,1.586e-18,8.231e-18,1.311e+0,,1.548e+0,,,2.070e-10,,,2.549e-19,,1.685e-18,,5.499e-15,,2.721e-15,,,,1.379e-17,2.825e-16
586.11,2.790e+1,2.141e-20,6.049e-10,1.012e-39,8.441e-9,,,1.619e-18,4.723e-21,,1.637e-15,1.314e-1,7.935e-25,9.421e-18,2.879e-19,5.190e-30,1.232e-12,4.250e-25,,4.701e+0,1.041e-18,1.476e-36,6.949e+0,,1.223e-25,6.227e-19,,3.365e-19,1.835e-20,2.491e-17,2.744e-2,2.291e-10,1.795e-19,9.342e-23,2.747e-5,2.690e-17,7.501e-1,1.222e+1,1.586e-18,8.226e-18,1.461e+0,,1.657e+0,,,1.249e-10,,,2.551e-19,,1.685e-18,,3.087e-15,,4.821e-15,,,,1.383e-17,2.825e-16
586.13,2.862e+1,2.139e-20,5.714e-10,6.835e-40,1.160e-8,,,1.619e-18,4.724e-21,,1.637e-15,1.310e-1,7.925e-25,9.421e-18,2.884e-19,7.847e-30,8.858e-13,4.252e-25,,4.511e+0,1.041e-18,1.478e-36,7.370e+0,,1.224e-25,6.226e-19,,3.366e-19,1.835e-20,2.493e-17,2.538e-2,2.232e-10,1.795e-19,9.336e-23,3.378e-5,2.691e-17,7.096e-1,1.257e+1,1.586e-18,8.222e-18,1.573e+0,,1.728e+0,,,8.888e-11,,,2.552e-19,,1.685e-18,,2.095e-15,,7.041e-15,,,,1.385e-17,2.825e-16
586.16,2.969e+1,2.135e-20,5.225e-10,3.779e-40,1.860e-8,,,1.619e-18,4.726e-21,,1.636e-15,1.303e-1,7.909e-25,9.421e-18,2.891e-19,1.453e-29,5.380e-13,4.255e-25,,4.222e+0,1.042e-18,1.481e-36,8.018e+0,,1.225e-25,6.224e-19,,3.367e-19,1.835e-20,2.496e-17,2.248e-2,2.146e-10,1.795e-19,9.328e-23,4.589e-5,2.694e-17,6.528e-1,1.305e+1,1.586e-18,8.217e-18,1.756e+0,,1.834e+0,,,5.316e-11,,,2.554e-19,,1.686e-18,,1.166e-15,,1.237e-14,,,,1.389e-17,2.826e-16
586.18,3.039e+1,2.132e-20,4.909e-10,2.539e-40,2.541e-8,,,1.619e-18,4.727e-21,,1.636e-15,1.299e-1,7.899e-25,9.421e-18,2.896e-19,2.185e-29,3.848e-13,4.257e-25,,4.029e+0,1.042e-18,1.484e-36,8.457e+0,,1.226e-25,6.223e-19,,3.368e-19,1.835e-20,2.497e-17,2.067e-2,2.090e-10,1.796e-19,9.323e-23,5.613e-5,2.696e-17,6.176e-1,1.334e+1,1.586e-18,8.213e-18,1.888e+0,,1.902e+0,,,3.763e-11,,,2.556e-19,,1.686e-18,,7.871e-16,,1.797e-14,,,,1.392e-17,2.826e-16
586.21,3.143e+1,2.129e-20,4.451e-10,1.392e-40,4.041e-8,,,1.619e-18,4.729e-21,,1.636e-15,1.291e-1,7.883e-25,9.420e-18,2.903e-19,4.012e-29,2.317e-13,4.261e-25,,3.740e+0,1.042e-18,1.487e-36,9.124e+0,,1.227e-25,6.222e-19,,3.369e-19,1.836e-20,2.500e-17,1.816e-2,2.009e-10,1.796e-19,9.315e-23,7.561e-5,2.699e-17,5.693e-1,1.374e+1,1.586e-18,8.208e-18,2.103e+0,,2.002e+0,,,2.232e-11,,,2.558e-19,,1.686e-18,,4.345e-16,,3.132e-14,,,,1.395e-17,2.826e-16
586.23,3.210e+1,2.126e-20,4.158e-10,9.298e-41,5.491e-8,,,1.618e-18,4.730e-21,,1.635e-15,1.286e-1,7.873e-25,9.420e-18,2.908e-19,5.999e-29,1.648e-13,4.263e-25,,3.549e+0,1.043e-18,1.489e-36,9.571e+0,,1.228e-25,6.221e-19,,3.370e-19,1.836e-20,2.502e-17,1.660e-2,1.956e-10,1.796e-19,9.310e-23,9.197e-5,2.700e-17,5.401e-1,1.397e+1,1.586e-18,8.204e-18,2.255e+0,,2.065e+0,,,1.571e-11,,,2.559e-19,,1.686e-18,,2.916e-16,,4.524e-14,,,,1.398e-17,2.827e-16
586.26,3.307e+1,2.123e-20,3.739e-10,5.055e-41,8.662e-8,,,1.618e-18,4.732e-21,,1.635e-15,1.278e-1,7.858e-25,9.420e-18,2.915e-19,1.093e-28,9.842e-14,4.266e-25,,3.267e+0,1.043e-18,1.492e-36,1.024e+1,,1.229e-25,6.219e-19,,3.371e-19,1.836e-20,2.504e-17,1.446e-2,1.879e-10,1.796e-19,9.302e-23,1.229e-4,2.703e-17,5.010e-1,1.427e+1,1.586e-18,8.199e-18,2.499e+0,,2.155e+0,,,9.240e-12,,,2.561e-19,,1.686e-18,,1.596e-16,,7.820e-14,,,,1.402e-17,2.827e-16
586.28,3.369e+1,2.120e-20,3.473e-10,3.358e-41,1.170e-7,,,1.618e-18,4.733e-21,,1.635e-15,1.271e-1,7.847e-25,9.420e-18,2.920e-19,1.625e-28,6.960e-14,4.268e-25,,3.083e+0,1.044e-18,1.495e-36,1.068e+1,,1.230e-25,6.218e-19,,3.372e-19,1.836e-20,2.506e-17,1.315e-2,1.829e-10,1.796e-19,9.297e-23,1.486e-4,2.705e-17,4.780e-1,1.443e+1,1.586e-18,8.195e-18,2.670e+0,,2.210e+0,,,6.468e-12,,,2.562e-19,,1.686e-18,,1.065e-16,,1.123e-13,,,,1.404e-17,2.827e-16
586.31,3.457e+1,2.117e-20,3.097e-10,1.810e-41,1.831e-7,,,1.618e-18,4.735e-21,,1.634e-15,1.261e-1,7.832e-25,9.420e-18,2.928e-19,2.935e-28,4.122e-14,4.271e-25,,2.815e+0,1.044e-18,1.498e-36,1.133e+1,,1.231e-25,6.217e-19,,3.373e-19,1.837e-20,2.509e-17,1.136e-2,1.756e-10,1.797e-19,9.289e-23,1.969e-4,2.708e-17,4.485e-1,1.461e+1,1.586e-18,8.190e-18,2.939e+0,,2.287e+0,,,3.772e-12,,,2.564e-19,,1.687e-18,,5.781e-17,,1.926e-13,,,,1.408e-17,2.827e-16
586.33,3.512e+1,2.114e-20,2.861e-10,1.196e-41,2.461e-7,,,1.618e-18,4.736e-21,,1.634e-15,1.253e-1,7.822e-25,9.420e-18,2.932e-19,4.342e-28,2.898e-14,4.273e-25,,2.641e+0,1.045e-18,1.500e-36,1.176e+1,,1.232e-25,6.216e-19,,3.374e-19,1.837e-20,2.510e-17,1.027e-2,1.708e-10,1.797e-19,9.284e-23,2.369e-4,2.709e-17,4.321e-1,1.469e+1,1.586e-18,8.186e-18,3.125e+0,,2.334e+0,,,2.625e-12,,,2.565e-19,,1.687e-18,,3.836e-17,,2.751e-13,,,,1.410e-17,2.828e-16
586.35,3.563e+1,2.112e-20,2.638e-10,7.879e-42,3.300e-7,,,1.618e-18,4.737e-21,,1.634e-15,1.245e-1,7.811e-25,9.420e-18,2.937e-19,6.408e-28,2.034e-14,4.275e-25,,2.473e+0,1.045e-18,1.503e-36,1.217e+1,,1.232e-25,6.214e-19,,3.375e-19,1.837e-20,2.512e-17,9.272e-3,1.662e-10,1.797e-19,9.278e-23,2.844e-4,2.711e-17,4.182e-1,1.474e+1,1.586e-18,8.183e-18,3.318e+0,,2.375e+0,,,1.823e-12,,,2.566e-19,,1.687e-18,,2.539e-17,,3.921e-13,,,,1.413e-17,2.828e-16
586.38,3.632e+1,2.108e-20,2.325e-10,4.197e-42,5.102e-7,,,1.618e-18,4.739e-21,,1.633e-15,1.232e-1,7.796e-25,9.419e-18,2.944e-19,1.144e-27,1.190e-14,4.279e-25,,2.231e+0,1.046e-18,1.506e-36,1.276e+1,,1.234e-25,6.213e-19,,3.376e-19,1.837e-20,2.515e-17,7.915e-3,1.594e-10,1.797e-19,9.270e-23,3.724e-4,2.714e-17,4.025e-1,1.475e+1,1.586e-18,8.177e-18,3.615e+0,,2.430e+0,,,1.051e-12,,,2.568e-19,,1.687e-18,,1.362e-17,,6.645e-13,,,,1.417e-17,2.828e-16
586.4,3.674e+1,2.106e-20,2.131e-10,2.751e-42,6.804e-7,,,1.618e-18,4.740e-21,,1.633e-15,1.222e-1,7.786e-25,9.419e-18,2.949e-19,1.679e-27,8.303e-15,4.281e-25,,2.078e+0,1.046e-18,1.508e-36,1.313e+1,,1.234e-25,6.212e-19,,3.377e-19,1.837e-20,2.517e-17,7.103e-3,1.550e-10,1.797e-19,9.265e-23,4.445e-4,2.716e-17,3.952e-1,1.472e+1,1.586e-18,8.174e-18,3.818e+0,,2.459e+0,,,7.257e-13,,,2.570e-19,,1.687e-18,,8.967e-18,,9.420e-13,,,,1.419e-17,2.828e-16
586.43,3.727e+1,2.102e-20,1.862e-10,1.453e-42,1.044e-6,,,1.618e-18,4.742e-21,,1.632e-15,1.207e-1,7.770e-25,9.419e-18,2.956e-19,2.974e-27,4.819e-15,4.284e-25,,1.859e+0,1.047e-18,1.511e-36,1.366e+1,,1.235e-25,6.210e-19,,3.378e-19,1.837e-20,2.519e-17,6.014e-3,1.486e-10,1.797e-19,9.257e-23,5.773e-4,2.718e-17,3.893e-1,1.461e+1,1.586e-18,8.168e-18,4.129e+0,,2.495e+0,,,4.147e-13,,,2.572e-19,,1.687e-18,,4.770e-18,,1.583e-12,,,,1.423e-17,2.829e-16
586.45,3.757e+1,2.100e-20,1.698e-10,9.469e-43,1.384e-6,,,1.618e-18,4.743e-21,,1.632e-15,1.195e-1,7.760e-25,9.419e-18,2.961e-19,4.341e-27,3.343e-15,4.286e-25,,1.721e+0,1.047e-18,1.514e-36,1.398e+1,,1.236e-25,6.209e-19,,3.379e-19,1.838e-20,2.521e-17,5.367e-3,1.445e-10,1.798e-19,9.252e-23,6.854e-4,2.720e-17,3.886e-1,1.450e+1,1.586e-18,8.165e-18,4.339e+0,,2.511e+0,,,2.848e-13,,,2.573e-19,,1.687e-18,,3.122e-18,,2.232e-12,,,,1.425e-17,2.829e-16
586.48,3.792e+1,2.096e-20,1.472e-10,4.960e-43,2.105e-6,,,1.618e-18,4.745e-21,,1.632e-15,1.177e-1,7.744e-25,9.419e-18,2.969e-19,7.624e-27,1.924e-15,4.289e-25,,1.527e+0,1.047e-18,1.517e-36,1.442e+1,,1.237e-25,6.208e-19,,3.381e-19,1.838e-20,2.523e-17,4.507e-3,1.385e-10,1.798e-19,9.244e-23,8.828e-4,2.723e-17,3.923e-1,1.428e+1,1.586e-18,8.159e-18,4.656e+0,,2.526e+0,,,1.614e-13,,,2.575e-19,,1.688e-18,,1.647e-18,,3.721e-12,,,,1.429e-17,2.829e-16
586.5,3.809e+1,2.094e-20,1.334e-10,4.958e-43,2.776e-6,,,1.618e-18,4.746e-21,,1.631e-15,1.164e-1,7.734e-25,9.419e-18,2.973e-19,1.107e-26,1.327e-15,4.291e-25,,1.406e+0,1.048e-18,1.519e-36,1.468e+1,,1.238e-25,6.207e-19,,3.381e-19,1.838e-20,2.525e-17,4.001e-3,1.347e-10,1.798e-19,9.239e-23,1.042e-3,2.725e-17,3.981e-1,1.409e+1,1.586e-18,8.156e-18,4.868e+0,,2.529e+0,,,1.102e-13,,,2.576e-19,,1.688e-18,,1.072e-18,,5.217e-12,,,,1.432e-17,2.830e-16
586.53,3.824e+1,2.090e-20,1.147e-10,4.955e-43,4.188e-6,,,1.618e-18,4.748e-21,,1.631e-15,1.144e-1,7.719e-25,9.418e-18,2.981e-19,1.928e-26,7.573e-16,4.294e-25,,1.237e+0,1.048e-18,1.523e-36,1.501e+1,,1.239e-25,6.205e-19,,3.383e-19,1.838e-20,2.528e-17,3.333e-3,1.292e-10,1.798e-19,9.231e-23,1.331e-3,2.727e-17,4.114e-1,1.376e+1,1.586e-18,8.150e-18,5.184e+0,,2.522e+0,,,6.192e-14,,,2.578e-19,,1.688e-18,,1.071e-18,,8.624e-12,,,,1.436e-17,2.830e-16
586.55,3.828e+1,2.088e-20,1.034e-10,4.954e-43,5.493e-6,,,1.618e-18,4.749e-21,,1.631e-15,1.129e-1,7.708e-25,9.418e-18,2.985e-19,2.784e-26,5.195e-16,4.297e-25,,1.133e+0,1.049e-18,1.525e-36,1.520e+1,,1.240e-25,6.204e-19,,3.384e-19,1.838e-20,2.530e-17,2.943e-3,1.258e-10,1.798e-19,9.226e-23,1.563e-3,2.729e-17,4.234e-1,1.350e+1,1.586e-18,8.147e-18,5.392e+0,,2.511e+0,,,4.205e-14,,,2.579e-19,,1.688e-18,,1.071e-18,,1.203e-11,,,,1.438e-17,2.830e-16
586.58,3.822e+1,2.084e-20,8.818e-11,4.951e-43,8.218e-6,,,1.618e-18,4.751e-21,,1.630e-15,1.106e-1,7.693e-25,9.418e-18,2.993e-19,4.809e-26,2.940e-16,4.300e-25,,9.886e-1,1.049e-18,1.528e-36,1.542e+1,,1.241e-25,6.202e-19,,3.385e-19,1.839e-20,2.532e-17,2.434e-3,1.209e-10,1.798e-19,9.218e-23,1.980e-3,2.732e-17,4.460e-1,1.308e+1,1.586e-18,8.141e-18,5.699e+0,,2.484e+0,,,2.343e-14,,,2.581e-19,,1.688e-18,,1.071e-18,,1.972e-11,,,,1.442e-17,2.830e-16
586.6,3.812e+1,2.082e-20,7.910e-11,4.949e-43,1.072e-5,,,1.618e-18,4.752e-21,,1.630e-15,1.090e-1,7.683e-25,9.418e-18,2.998e-19,6.905e-26,2.005e-16,4.302e-25,,9.002e-1,1.050e-18,1.530e-36,1.552e+1,,1.242e-25,6.201e-19,,3.386e-19,1.839e-20,2.534e-17,2.139e-3,1.179e-10,1.799e-19,9.212e-23,2.312e-3,2.734e-17,4.640e-1,1.277e+1,1.586e-18,8.138e-18,5.899e+0,,2.459e+0,,,1.582e-14,,,2.582e-19,,1.688e-18,,1.071e-18,,2.734e-11,,,,1.444e-17,2.831e-16
586.63,3.786e+1,2.078e-20,6.695e-11,4.947e-43,1.591e-5,,,1.618e-18,4.754e-21,,1.630e-15,1.064e-1,7.667e-25,9.418e-18,3.005e-19,1.183e-25,1.125e-16,4.305e-25,,7.789e-1,1.050e-18,1.534e-36,1.561e+1,,1.243e-25,6.200e-19,,3.387e-19,1.839e-20,2.536e-17,1.758e-3,1.137e-10,1.799e-19,9.205e-23,2.905e-3,2.736e-17,4.956e-1,1.226e+1,1.586e-18,8.132e-18,6.189e+0,,2.413e+0,,,8.740e-15,,,2.584e-19,,1.689e-18,,1.070e-18,,4.446e-11,,,,1.448e-17,2.831e-16
586.65,3.762e+1,2.076e-20,5.978e-11,4.945e-43,2.063e-5,,,1.618e-18,4.755e-21,,1.629e-15,1.046e-1,7.657e-25,9.418e-18,3.010e-19,1.689e-25,7.632e-17,4.307e-25,,7.053e-1,1.051e-18,1.536e-36,1.563e+1,,1.244e-25,6.199e-19,,3.388e-19,1.839e-20,2.538e-17,1.540e-3,1.112e-10,1.799e-19,9.199e-23,3.373e-3,2.738e-17,5.196e-1,1.191e+1,1.586e-18,8.129e-18,6.375e+0,,2.375e+0,,,5.868e-15,,,2.586e-19,,1.689e-18,,1.070e-18,,6.132e-11,,,,1.451e-17,2.831e-16
586.68,3.716e+1,2.072e-20,5.029e-11,4.942e-43,3.036e-5,,,1.617e-18,4.757e-21,,1.629e-15,1.018e-1,7.642e-25,9.417e-18,3.017e-19,2.871e-25,4.246e-17,4.310e-25,,6.052e-1,1.051e-18,1.539e-36,1.559e+1,,1.245e-25,6.197e-19,,3.389e-19,1.839e-20,2.541e-17,1.262e-3,1.079e-10,1.799e-19,9.191e-23,4.202e-3,2.741e-17,5.598e-1,1.135e+1,1.586e-18,8.123e-18,6.642e+0,,2.311e+0,,,3.215e-15,,,2.588e-19,,1.689e-18,,1.069e-18,,9.890e-11,,,,1.454e-17,2.832e-16
586.7,3.680e+1,2.070e-20,4.476e-11,4.940e-43,3.917e-5,,,1.617e-18,4.758e-21,,1.629e-15,9.992e-2,7.631e-25,9.417e-18,3.022e-19,4.077e-25,2.864e-17,4.312e-25,,5.450e-1,1.051e-18,1.542e-36,1.552e+1,,1.246e-25,6.196e-19,,3.390e-19,1.840e-20,2.543e-17,1.105e-3,1.061e-10,1.799e-19,9.186e-23,4.853e-3,2.743e-17,5.894e-1,1.097e+1,1.586e-18,8.120e-18,6.810e+0,,2.263e+0,,,2.147e-15,,,2.589e-19,,1.689e-18,,1.069e-18,,1.356e-10,,,,1.457e-17,2.832e-16
586.72,3.638e+1,2.067e-20,3.981e-11,4.939e-43,5.043e-5,,,1.617e-18,4.759e-21,,1.628e-15,9.793e-2,7.621e-25,9.417e-18,3.026e-19,5.777e-25,1.928e-17,4.315e-25,,4.897e-1,1.052e-18,1.544e-36,1.542e+1,,1.246e-25,6.195e-19,,3.391e-19,1.840e-20,2.544e-17,9.685e-4,1.045e-10,1.799e-19,9.181e-23,5.591e-3,2.744e-17,6.211e-1,1.057e+1,1.586e-18,8.116e-18,6.971e+0,,2.210e+0,,,1.430e-15,,,2.590e-19,,1.689e-18,,1.069e-18,,1.856e-10,,,,1.459e-17,2.832e-16
586.75,3.568e+1,2.064e-20,3.343e-11,4.936e-43,7.335e-5,,,1.617e-18,4.761e-21,,1.628e-15,9.484e-2,7.605e-25,9.417e-18,3.034e-19,9.705e-25,1.060e-17,4.318e-25,,4.153e-1,1.052e-18,1.547e-36,1.520e+1,,1.247e-25,6.193e-19,,3.392e-19,1.840e-20,2.547e-17,7.994e-4,1.026e-10,1.800e-19,9.173e-23,6.886e-3,2.747e-17,6.727e-1,9.971e+0,1.586e-18,8.111e-18,7.197e+0,,2.125e+0,,,7.742e-16,,,2.592e-19,,1.689e-18,,1.069e-18,,2.959e-10,,,,1.463e-17,2.832e-16
586.77,3.516e+1,2.061e-20,2.983e-11,4.934e-43,9.391e-5,,,1.617e-18,4.762e-21,,1.628e-15,9.272e-2,7.595e-25,9.417e-18,3.039e-19,1.368e-24,7.093e-18,4.320e-25,,3.711e-1,1.053e-18,1.549e-36,1.501e+1,,1.248e-25,6.192e-19,,3.393e-19,1.840e-20,2.549e-17,7.079e-4,1.017e-10,1.800e-19,9.168e-23,7.890e-3,2.749e-17,7.097e-1,9.567e+0,1.586e-18,8.107e-18,7.336e+0,,2.065e+0,,,5.129e-16,,,2.593e-19,,1.690e-18,,1.068e-18,,4.028e-10,,,,1.466e-17,2.833e-16
586.8,3.432e+1,2.058e-20,2.534e-11,4.932e-43,1.355e-4,,,1.617e-18,4.764e-21,,1.627e-15,8.945e-2,7.580e-25,9.417e-18,3.046e-19,2.279e-24,3.867e-18,4.323e-25,,3.121e-1,1.053e-18,1.553e-36,1.468e+1,,1.249e-25,6.191e-19,,3.394e-19,1.840e-20,2.551e-17,5.992e-4,1.011e-10,1.800e-19,9.160e-23,9.637e-3,2.752e-17,7.687e-1,8.961e+0,1.586e-18,8.102e-18,7.529e+0,,1.969e+0,,,2.753e-16,,,2.595e-19,,1.690e-18,,1.068e-18,,6.368e-10,,,,1.470e-17,2.833e-16
586.82,3.372e+1,2.055e-20,2.293e-11,4.930e-43,1.725e-4,,,1.617e-18,4.765e-21,,1.627e-15,8.721e-2,7.569e-25,9.417e-18,3.051e-19,3.194e-24,2.574e-18,4.325e-25,,2.773e-1,1.054e-18,1.555e-36,1.442e+1,,1.250e-25,6.190e-19,,3.395e-19,1.841e-20,2.553e-17,5.444e-4,1.010e-10,1.800e-19,9.155e-23,1.098e-2,2.753e-17,8.105e-1,8.561e+0,1.586e-18,8.098e-18,7.647e+0,,1.902e+0,,,1.814e-16,,,2.596e-19,,1.690e-18,,1.068e-18,,8.619e-10,,,,1.472e-17,2.833e-16
586.85,3.276e+1,2.052e-20,2.019e-11,4.927e-43,2.468e-4,,,1.617e-18,4.767e-21,,1.626e-15,8.378e-2,7.554e-25,9.416e-18,3.058e-19,5.277e-24,1.391e-18,4.328e-25,,2.313e-1,1.054e-18,1.558e-36,1.398e+1,,1.251e-25,6.188e-19,,3.397e-19,1.841e-20,2.556e-17,4.867e-4,1.016e-10,1.800e-19,9.147e-23,1.330e-2,2.756e-17,8.763e-1,7.970e+0,1.586e-18,8.093e-18,7.808e+0,,1.799e+0,,,9.656e-17,,,2.598e-19,,1.690e-18,,1.067e-18,,1.352e-9,,,,1.476e-17,2.834e-16
586.87,3.210e+1,2.049e-20,1.895e-11,4.925e-43,3.125e-4,,,1.617e-18,4.768e-21,,1.626e-15,8.145e-2,7.544e-25,9.416e-18,3.063e-19,7.356e-24,9.207e-19,4.330e-25,,2.043e-1,1.055e-18,1.561e-36,1.366e+1,,1.252e-25,6.187e-19,,3.397e-19,1.841e-20,2.557e-17,4.638e-4,1.025e-10,1.800e-19,9.141e-23,1.507e-2,2.758e-17,9.223e-1,7.585e+0,1.586e-18,8.089e-18,7.904e+0,,1.728e+0,,,6.325e-17,,,2.600e-19,,1.690e-18,,1.067e-18,,1.819e-9,,,,1.478e-17,2.834e-16
586.9,3.108e+1,2.046e-20,1.802e-11,4.923e-43,4.434e-4,,,1.617e-18,4.770e-21,,1.626e-15,7.789e-2,7.528e-25,9.416e-18,3.070e-19,1.205e-23,4.936e-19,4.334e-25,,1.690e-1,1.055e-18,1.564e-36,1.313e+1,,1.253e-25,6.185e-19,,3.399e-19,1.841e-20,2.560e-17,4.524e-4,1.045e-10,1.801e-19,9.133e-23,1.811e-2,2.761e-17,9.941e-1,7.028e+0,1.586e-18,8.084e-18,8.036e+0,,1.621e+0,,,3.339e-17,,,2.602e-19,,1.690e-18,,1.067e-18,,2.830e-9,,,,1.482e-17,2.834e-16
586.92,3.038e+1,2.043e-20,1.807e-11,4.921e-43,5.583e-4,,,1.617e-18,4.771e-21,,1.625e-15,7.549e-2,7.518e-25,9.416e-18,3.075e-19,1.671e-23,3.248e-19,4.336e-25,,1.485e-1,1.056e-18,1.566e-36,1.276e+1,,1.254e-25,6.184e-19,,3.400e-19,1.841e-20,2.562e-17,4.601e-4,1.063e-10,1.801e-19,9.128e-23,2.041e-2,2.762e-17,1.044e+0,6.671e+0,1.586e-18,8.080e-18,8.115e+0,,1.548e+0,,,2.175e-17,,,2.603e-19,,1.691e-18,,1.066e-18,,3.788e-9,,,,1.485e-17,2.834e-16
586.95,2.933e+1,2.040e-20,1.927e-11,4.918e-43,7.857e-4,,,1.617e-18,4.773e-21,,1.625e-15,7.184e-2,7.503e-25,9.416e-18,3.082e-19,2.716e-23,1.727e-19,4.339e-25,,1.218e-1,1.056e-18,1.570e-36,1.217e+1,,1.255e-25,6.183e-19,,3.401e-19,1.842e-20,2.564e-17,4.953e-4,1.097e-10,1.801e-19,9.120e-23,2.431e-2,2.765e-17,1.120e+0,6.163e+0,1.586e-18,8.075e-18,8.223e+0,,1.440e+0,,,1.795e-17,,,2.605e-19,,1.691e-18,,1.066e-18,,5.843e-9,,,,1.488e-17,2.835e-16
586.97,2.863e+1,2.037e-20,2.093e-11,4.917e-43,9.839e-4,,,1.617e-18,4.774e-21,,1.625e-15,6.940e-2,7.492e-25,9.416e-18,3.087e-19,3.744e-23,1.130e-19,4.341e-25,,1.064e-1,1.056e-18,1.572e-36,1.176e+1,,1.256e-25,6.182e-19,,3.402e-19,1.842e-20,2.566e-17,5.354e-4,1.124e-10,1.801e-19,9.115e-23,2.725e-2,2.767e-17,1.173e+0,5.843e+0,1.586e-18,8.071e-18,8.290e+0,,1.368e+0,,,1.541e-17,,,2.606e-19,,1.691e-18,,1.066e-18,,7.780e-9,,,,1.491e-17,2.835e-16
587,2.760e+1,2.034e-20,2.499e-11,4.914e-43,1.373e-3,,,1.617e-18,4.776e-21,,1.624e-15,6.570e-2,7.477e-25,9.415e-18,3.094e-19,6.036e-23,5.955e-20,4.344e-25,,8.656e-2,1.057e-18,1.575e-36,1.112e+1,,1.257e-25,6.180e-19,,3.403e-19,1.842e-20,2.569e-17,6.227e-4,1.171e-10,1.801e-19,9.107e-23,3.220e-2,2.769e-17,1.253e+0,5.397e+0,1.586e-18,8.066e-18,8.384e+0,,1.262e+0,,,1.161e-17,,,2.608e-19,,1.691e-18,,1.065e-18,,1.190e-8,,,,1.495e-17,2.835e-16
587.02,2.692e+1,2.031e-20,2.893e-11,4.912e-43,1.710e-3,,,1.617e-18,4.777e-21,,1.624e-15,6.324e-2,7.467e-25,9.415e-18,3.099e-19,8.275e-23,3.875e-20,4.346e-25,,7.522e-2,1.057e-18,1.577e-36,1.068e+1,,1.258e-25,6.179e-19,,3.404e-19,1.842e-20,2.570e-17,7.008e-4,1.208e-10,1.801e-19,9.102e-23,3.588e-2,2.771e-17,1.307e+0,5.124e+0,1.586e-18,8.062e-18,8.444e+0,,1.192e+0,,,9.081e-18,,,2.609e-19,,1.691e-18,,1.065e-18,,1.576e-8,,,,1.497e-17,2.835e-16
587.05,2.595e+1,2.027e-20,3.717e-11,4.909e-43,2.367e-3,,,1.617e-18,4.779e-21,,1.624e-15,5.955e-2,7.451e-25,9.415e-18,3.106e-19,1.323e-22,2.025e-20,4.349e-25,,6.067e-2,1.058e-18,1.581e-36,1.002e+1,,1.259e-25,6.177e-19,,3.405e-19,1.842e-20,2.573e-17,8.515e-4,1.268e-10,1.802e-19,9.094e-23,4.205e-2,2.774e-17,1.389e+0,4.750e+0,1.586e-18,8.057e-18,8.534e+0,,1.090e+0,,,5.281e-18,,,2.611e-19,,1.691e-18,,1.065e-18,,2.391e-8,,,,1.501e-17,2.836e-16
587.07,2.532e+1,2.025e-20,4.456e-11,4.908e-43,2.932e-3,,,1.617e-18,4.780e-21,,1.623e-15,5.710e-2,7.441e-25,9.415e-18,3.111e-19,1.804e-22,2.028e-20,4.352e-25,,5.242e-2,1.058e-18,1.583e-36,9.571e+0,,1.259e-25,6.176e-19,,3.406e-19,1.843e-20,2.575e-17,9.771e-4,1.312e-10,1.802e-19,9.089e-23,4.660e-2,2.776e-17,1.445e+0,4.528e+0,1.586e-18,8.053e-18,8.595e+0,,1.025e+0,,,2.748e-18,,,2.612e-19,,1.691e-18,,1.064e-18,,3.148e-8,,,,1.504e-17,2.836e-16
587.09,2.473e+1,2.023e-20,5.380e-11,4.906e-43,3.624e-3,,,1.617e-18,4.781e-21,,1.623e-15,5.467e-2,7.431e-25,9.415e-18,3.116e-19,2.454e-22,2.031e-20,4.354e-25,,4.520e-2,1.059e-18,1.585e-36,9.124e+0,,1.260e-25,6.175e-19,,3.407e-19,1.843e-20,2.576e-17,1.125e-3,1.360e-10,1.802e-19,9.083e-23,5.154e-2,2.778e-17,1.500e+0,4.328e+0,1.586e-18,8.050e-18,8.659e+0,,9.606e-1,,,2.150e-19,,,2.614e-19,,1.692e-18,,1.064e-18,,4.136e-8,,,,1.506e-17,2.836e-16
587.12,2.389e+1,2.019e-20,7.193e-11,4.903e-43,4.958e-3,,,1.616e-18,4.783e-21,,1.623e-15,5.106e-2,7.415e-25,9.415e-18,3.123e-19,3.879e-22,2.035e-20,4.357e-25,,3.603e-2,1.059e-18,1.589e-36,8.457e+0,,1.261e-25,6.174e-19,,3.408e-19,1.843e-20,2.579e-17,1.396e-3,1.436e-10,1.802e-19,9.075e-23,5.970e-2,2.780e-17,1.582e+0,4.069e+0,1.586e-18,8.044e-18,8.764e+0,,8.684e-1,,,4.070e-19,,,2.616e-19,,1.692e-18,,1.064e-18,,6.204e-8,,,,1.510e-17,2.837e-16
587.14,2.338e+1,2.017e-20,8.754e-11,4.902e-43,6.094e-3,,,1.616e-18,4.784e-21,,1.622e-15,4.869e-2,7.405e-25,9.415e-18,3.128e-19,5.248e-22,2.037e-20,4.359e-25,,3.089e-2,1.060e-18,1.591e-36,8.018e+0,,1.262e-25,6.173e-19,,3.409e-19,1.843e-20,2.581e-17,1.614e-3,1.490e-10,1.802e-19,9.070e-23,6.566e-2,2.782e-17,1.636e+0,3.925e+0,1.586e-18,8.041e-18,8.841e+0,,8.096e-1,,,6.212e-19,,,2.617e-19,,1.692e-18,,1.063e-18,,8.106e-8,,,,1.512e-17,2.837e-16
587.17,2.269e+1,2.013e-20,1.176e-10,4.899e-43,8.269e-3,,,1.616e-18,4.786e-21,,1.622e-15,4.520e-2,7.389e-25,9.414e-18,3.135e-19,8.226e-22,2.041e-20,4.362e-25,,2.442e-2,1.060e-18,1.594e-36,7.370e+0,,1.263e-25,6.171e-19,,3.410e-19,1.843e-20,2.583e-17,2.003e-3,1.574e-10,1.802e-19,9.062e-23,7.542e-2,2.785e-17,1.716e+0,3.754e+0,1.586e-18,8.035e-18,8.972e+0,,7.258e-1,,,1.167e-18,,,2.619e-19,,1.692e-18,,1.063e-18,,1.206e-7,,,,1.516e-17,2.837e-16
587.19,2.229e+1,2.011e-20,1.432e-10,4.897e-43,1.011e-2,,,1.616e-18,4.787e-21,,1.622e-15,4.292e-2,7.379e-25,9.414e-18,3.140e-19,1.107e-21,2.044e-20,4.364e-25,,2.082e-2,1.060e-18,1.596e-36,6.949e+0,,1.264e-25,6.170e-19,,3.411e-19,1.843e-20,2.585e-17,2.311e-3,1.633e-10,1.803e-19,9.057e-23,8.249e-2,2.787e-17,1.768e+0,3.669e+0,1.586e-18,8.032e-18,9.070e+0,,6.729e-1,,,1.771e-18,,,2.620e-19,,1.692e-18,,1.063e-18,,1.567e-7,,,,1.519e-17,2.837e-16
587.22,2.176e+1,2.007e-20,1.918e-10,4.894e-43,1.360e-2,,,1.616e-18,4.789e-21,,1.621e-15,3.958e-2,7.364e-25,9.414e-18,3.147e-19,1.721e-21,2.048e-20,4.367e-25,,1.632e-2,1.061e-18,1.600e-36,6.334e+0,,1.265e-25,6.169e-19,,3.412e-19,1.844e-20,2.588e-17,2.855e-3,1.723e-10,1.803e-19,9.049e-23,9.397e-2,2.789e-17,1.843e+0,3.586e+0,1.586e-18,8.026e-18,9.236e+0,,5.983e-1,,,3.298e-18,,,2.622e-19,,1.692e-18,,1.062e-18,,2.312e-7,,,,1.522e-17,2.838e-16
587.24,2.148e+1,2.005e-20,2.327e-10,4.893e-43,1.653e-2,,,1.616e-18,4.790e-21,,1.621e-15,3.742e-2,7.353e-25,9.414e-18,3.152e-19,2.303e-21,2.051e-20,4.370e-25,,1.384e-2,1.061e-18,1.602e-36,5.939e+0,,1.266e-25,6.167e-19,,3.413e-19,1.844e-20,2.589e-17,3.281e-3,1.784e-10,1.803e-19,9.044e-23,1.022e-1,2.791e-17,1.891e+0,3.561e+0,1.586e-18,8.023e-18,9.362e+0,,5.516e-1,,,4.979e-18,,,2.623e-19,,1.693e-18,,1.062e-18,,2.988e-7,,,,1.525e-17,2.838e-16
587.27,2.114e+1,2.001e-20,3.099e-10,4.890e-43,2.207e-2,,,1.616e-18,4.792e-21,,1.620e-15,3.428e-2,7.338e-25,9.414e-18,3.159e-19,3.551e-21,2.055e-20,4.373e-25,,1.076e-2,1.062e-18,1.605e-36,5.369e+0,,1.267e-25,6.166e-19,,3.415e-19,1.844e-20,2.592e-17,4.028e-3,1.877e-10,1.803e-19,9.036e-23,1.155e-1,2.794e-17,1.960e+0,3.566e+0,1.586e-18,8.017e-18,9.575e+0,,4.863e-1,,,9.197e-18,,,2.625e-19,,1.693e-18,,1.062e-18,,4.371e-7,,,,1.529e-17,2.838e-16
587.29,2.098e+1,1.999e-20,3.742e-10,4.888e-43,2.668e-2,,,1.616e-18,4.793e-21,,1.620e-15,3.227e-2,7.328e-25,9.414e-18,3.164e-19,4.726e-21,2.057e-20,4.375e-25,,9.073e-3,1.062e-18,1.608e-36,5.006e+0,,1.268e-25,6.165e-19,,3.415e-19,1.844e-20,2.594e-17,4.607e-3,1.939e-10,1.803e-19,9.031e-23,1.249e-1,2.796e-17,2.003e+0,3.598e+0,1.586e-18,8.014e-18,9.733e+0,,4.459e-1,,,1.381e-17,,,2.626e-19,,1.693e-18,,1.061e-18,,5.618e-7,,,,1.531e-17,2.839e-16
587.32,2.084e+1,1.995e-20,4.947e-10,4.886e-43,3.532e-2,,,1.616e-18,4.795e-21,,1.620e-15,2.936e-2,7.312e-25,9.413e-18,3.171e-19,7.226e-21,2.061e-20,4.378e-25,,6.995e-3,1.063e-18,1.611e-36,4.488e+0,,1.269e-25,6.163e-19,,3.417e-19,1.845e-20,2.596e-17,5.613e-3,2.031e-10,1.804e-19,9.023e-23,1.400e-1,2.798e-17,2.063e+0,3.689e+0,1.586e-18,8.008e-18,9.998e+0,,3.899e-1,,,2.530e-17,,,2.628e-19,,1.693e-18,,1.061e-18,,8.152e-7,,,,1.535e-17,2.839e-16
587.34,2.082e+1,1.992e-20,5.944e-10,4.884e-43,4.246e-2,,,1.616e-18,4.796e-21,,1.619e-15,2.750e-2,7.302e-25,9.413e-18,3.176e-19,9.565e-21,2.064e-20,4.380e-25,,5.865e-3,1.063e-18,1.613e-36,4.161e+0,,1.269e-25,6.162e-19,,3.418e-19,1.845e-20,2.598e-17,6.386e-3,2.091e-10,1.804e-19,9.017e-23,1.506e-1,2.800e-17,2.099e+0,3.778e+0,1.586e-18,8.005e-18,1.019e+1,,3.555e-1,,,3.778e-17,,,2.630e-19,,1.693e-18,,1.061e-18,,1.042e-6,,,,1.537e-17,2.839e-16
587.37,2.088e+1,1.989e-20,7.797e-10,4.881e-43,5.575e-2,,,1.616e-18,4.798e-21,,1.619e-15,2.485e-2,7.286e-25,9.413e-18,3.183e-19,1.451e-20,2.068e-20,4.383e-25,,4.484e-3,1.064e-18,1.616e-36,3.700e+0,,1.271e-25,6.161e-19,,3.419e-19,1.845e-20,2.601e-17,7.718e-3,2.180e-10,1.804e-19,9.010e-23,1.673e-1,2.803e-17,2.149e+0,3.950e+0,1.586e-18,8.000e-18,1.051e+1,,3.082e-1,,,6.865e-17,,,2.631e-19,,1.693e-18,,1.060e-18,,1.500e-6,,,,1.541e-17,2.839e-16
587.39,2.098e+1,1.986e-20,9.318e-10,4.879e-43,6.666e-2,,,1.616e-18,4.799e-21,,1.619e-15,2.316e-2,7.276e-25,9.413e-18,3.188e-19,1.909e-20,2.071e-20,4.385e-25,,3.739e-3,1.064e-18,1.619e-36,3.411e+0,,1.271e-25,6.160e-19,,3.420e-19,1.845e-20,2.602e-17,8.734e-3,2.236e-10,1.804e-19,9.004e-23,1.790e-1,2.804e-17,2.178e+0,4.090e+0,1.586e-18,7.996e-18,1.074e+1,,2.795e-1,,,1.019e-16,,,2.633e-19,,1.694e-18,,1.060e-18,,1.906e-6,,,,1.544e-17,2.840e-16
587.42,2.122e+1,1.983e-20,1.213e-9,4.877e-43,8.680e-2,,,1.616e-18,4.801e-21,,1.618e-15,2.078e-2,7.261e-25,9.413e-18,3.195e-19,2.872e-20,2.075e-20,4.389e-25,,2.835e-3,1.065e-18,1.622e-36,3.008e+0,,1.272e-25,6.158e-19,,3.421e-19,1.845e-20,2.605e-17,1.047e-2,2.318e-10,1.804e-19,8.996e-23,1.972e-1,2.807e-17,2.215e+0,4.336e+0,1.586e-18,7.991e-18,1.111e+1,,2.403e-1,,,1.837e-16,,,2.635e-19,,1.694e-18,,1.060e-18,,2.721e-6,,,,1.548e-17,2.840e-16
587.44,2.145e+1,1.980e-20,1.441e-9,4.875e-43,1.032e-1,,,1.616e-18,4.802e-21,,1.618e-15,1.928e-2,7.250e-25,9.413e-18,3.200e-19,3.760e-20,2.077e-20,4.391e-25,,2.350e-3,1.065e-18,1.624e-36,2.758e+0,,1.273e-25,6.157e-19,,3.422e-19,1.845e-20,2.607e-17,1.178e-2,2.370e-10,1.804e-19,8.991e-23,2.099e-1,2.809e-17,2.235e+0,4.523e+0,1.586e-18,7.987e-18,1.137e+1,,2.167e-1,,,2.714e-16,,,2.636e-19,,1.694e-18,,1.059e-18,,3.440e-6,,,,1.550e-17,2.840e-16
587.47,2.186e+1,1.977e-20,1.860e-9,4.872e-43,1.333e-1,,,1.616e-18,4.804e-21,,1.618e-15,1.716e-2,7.235e-25,9.412e-18,3.207e-19,5.609e-20,2.081e-20,4.394e-25,,1.767e-3,1.066e-18,1.628e-36,2.411e+0,,1.274e-25,6.155e-19,,3.423e-19,1.846e-20,2.609e-17,1.401e-2,2.443e-10,1.805e-19,8.983e-23,2.293e-1,2.812e-17,2.259e+0,4.835e+0,1.586e-18,7.982e-18,1.178e+1,,1.848e-1,,,4.851e-16,,,2.638e-19,,1.694e-18,,1.059e-18,,4.870e-6,,,,1.554e-17,2.841e-16
587.49,2.219e+1,1.974e-20,2.200e-9,4.871e-43,1.576e-1,,,1.616e-18,4.805e-21,,1.617e-15,1.584e-2,7.225e-25,9.412e-18,3.212e-19,7.303e-20,2.084e-20,4.396e-25,,1.457e-3,1.066e-18,1.630e-36,2.199e+0,,1.275e-25,6.154e-19,,3.424e-19,1.846e-20,2.611e-17,1.568e-2,2.489e-10,1.805e-19,8.978e-23,2.427e-1,2.813e-17,2.270e+0,5.062e+0,1.586e-18,7.978e-18,1.206e+1,,1.657e-1,,,7.125e-16,,,2.639e-19,,1.694e-18,,1.059e-18,,6.123e-6,,,,1.556e-17,2.841e-16
587.51,2.256e+1,1.972e-20,2.595e-9,4.869e-43,1.860e-1,,,1.616e-18,4.806e-21,,1.617e-15,1.460e-2,7.214e-25,9.412e-18,3.217e-19,9.487e-20,2.087e-20,4.398e-25,,1.199e-3,1.066e-18,1.632e-36,2.001e+0,,1.276e-25,6.153e-19,,3.425e-19,1.846e-20,2.613e-17,1.751e-2,2.532e-10,1.805e-19,8.973e-23,2.562e-1,2.815e-17,2.277e+0,5.304e+0,1.586e-18,7.974e-18,1.236e+1,,1.483e-1,,,1.044e-15,,,2.640e-19,,1.694e-18,,1.058e-18,,7.681e-6,,,,1.559e-17,2.841e-16
587.54,2.318e+1,1.968e-20,3.312e-9,4.866e-43,2.374e-1,,,1.615e-18,4.808e-21,,1.617e-15,1.286e-2,7.199e-25,9.412e-18,3.224e-19,1.399e-19,2.091e-20,4.401e-25,,8.909e-4,1.067e-18,1.635e-36,1.729e+0,,1.277e-25,6.152e-19,,3.426e-19,1.846e-20,2.616e-17,2.058e-2,2.592e-10,1.805e-19,8.965e-23,2.767e-1,2.818e-17,2.280e+0,5.690e+0,1.586e-18,7.969e-18,1.281e+1,,1.250e-1,,,1.845e-15,,,2.642e-19,,1.695e-18,,1.058e-18,,1.075e-5,,,,1.563e-17,2.841e-16
587.56,2.363e+1,1.966e-20,3.886e-9,4.864e-43,2.786e-1,,,1.615e-18,4.809e-21,,1.616e-15,1.179e-2,7.189e-25,9.412e-18,3.229e-19,1.808e-19,2.093e-20,4.403e-25,,7.289e-4,1.067e-18,1.638e-36,1.564e+0,,1.278e-25,6.151e-19,,3.427e-19,1.846e-20,2.617e-17,2.286e-2,2.630e-10,1.805e-19,8.959e-23,2.905e-1,2.820e-17,2.277e+0,5.961e+0,1.586e-18,7.965e-18,1.311e+1,,1.112e-1,,,2.690e-15,,,2.644e-19,,1.695e-18,,1.058e-18,,1.341e-5,,,,1.565e-17,2.842e-16
587.59,2.436e+1,1.962e-20,4.919e-9,4.862e-43,3.528e-1,,,1.615e-18,4.811e-21,,1.616e-15,1.030e-2,7.173e-25,9.412e-18,3.236e-19,2.644e-19,2.097e-20,4.407e-25,,5.371e-4,1.068e-18,1.641e-36,1.341e+0,,1.279e-25,6.149e-19,,3.428e-19,1.847e-20,2.620e-17,2.665e-2,2.683e-10,1.805e-19,8.952e-23,3.113e-1,2.822e-17,2.265e+0,6.384e+0,1.586e-18,7.960e-18,1.357e+1,,9.293e-2,,,4.714e-15,,,2.645e-19,,1.695e-18,,1.057e-18,,1.861e-5,,,,1.569e-17,2.842e-16
587.61,2.487e+1,1.960e-20,5.741e-9,4.860e-43,4.117e-1,,,1.615e-18,4.812e-21,,1.616e-15,9.396e-3,7.163e-25,9.412e-18,3.241e-19,3.397e-19,2.100e-20,4.409e-25,,4.370e-4,1.068e-18,1.643e-36,1.206e+0,,1.280e-25,6.148e-19,,3.429e-19,1.847e-20,2.622e-17,2.943e-2,2.716e-10,1.806e-19,8.946e-23,3.250e-1,2.824e-17,2.252e+0,6.675e+0,1.586e-18,7.956e-18,1.387e+1,,8.223e-2,,,6.834e-15,,,2.647e-19,,1.695e-18,,1.057e-18,,2.309e-5,,,,1.571e-17,2.842e-16
587.64,2.566e+1,1.956e-20,7.208e-9,4.857e-43,5.170e-1,,,1.615e-18,4.814e-21,,1.615e-15,8.150e-3,7.148e-25,9.411e-18,3.249e-19,4.927e-19,2.104e-20,4.412e-25,,3.193e-4,1.069e-18,1.647e-36,1.025e+0,,1.281e-25,6.146e-19,,3.430e-19,1.847e-20,2.624e-17,3.403e-2,2.766e-10,1.806e-19,8.938e-23,3.453e-1,2.827e-17,2.226e+0,7.121e+0,1.586e-18,7.951e-18,1.432e+1,,6.816e-2,,,1.188e-14,,,2.649e-19,,1.695e-18,,1.057e-18,,3.179e-5,,,,1.575e-17,2.842e-16
587.66,2.621e+1,1.954e-20,8.367e-9,4.856e-43,6.001e-1,,,1.615e-18,4.815e-21,,1.615e-15,7.393e-3,7.137e-25,9.411e-18,3.253e-19,6.296e-19,2.107e-20,4.414e-25,,2.584e-4,1.069e-18,1.649e-36,9.175e-1,,1.281e-25,6.145e-19,,3.431e-19,1.847e-20,2.626e-17,3.738e-2,2.799e-10,1.806e-19,8.933e-23,3.585e-1,2.829e-17,2.203e+0,7.422e+0,1.586e-18,7.947e-18,1.461e+1,,5.998e-2,,,1.713e-14,,,2.650e-19,,1.695e-18,,1.056e-18,,3.923e-5,,,,1.578e-17,2.843e-16
587.69,2.705e+1,1.950e-20,1.042e-8,4.853e-43,7.473e-1,,,1.615e-18,4.817e-21,,1.614e-15,6.363e-3,7.122e-25,9.411e-18,3.261e-19,9.058e-19,2.111e-20,4.417e-25,,1.872e-4,1.070e-18,1.652e-36,7.733e-1,,1.283e-25,6.144e-19,,3.433e-19,1.847e-20,2.629e-17,4.285e-2,2.853e-10,1.806e-19,8.925e-23,3.778e-1,2.831e-17,2.163e+0,7.874e+0,1.586e-18,7.942e-18,1.502e+1,,4.930e-2,,,2.953e-14,,,2.652e-19,,1.696e-18,,1.056e-18,,5.355e-5,,,,1.582e-17,2.843e-16
587.71,2.761e+1,1.948e-20,1.203e-8,4.851e-43,8.627e-1,,,1.615e-18,4.818e-21,,1.614e-15,5.742e-3,7.112e-25,9.411e-18,3.265e-19,1.151e-18,2.113e-20,4.419e-25,,1.507e-4,1.070e-18,1.654e-36,6.881e-1,,1.283e-25,6.143e-19,,3.433e-19,1.848e-20,2.630e-17,4.681e-2,2.892e-10,1.806e-19,8.920e-23,3.901e-1,2.833e-17,2.132e+0,8.173e+0,1.586e-18,7.938e-18,1.527e+1,,4.314e-2,,,4.234e-14,,,2.653e-19,,1.696e-18,,1.056e-18,,6.572e-5,,,,1.584e-17,2.843e-16
587.74,2.846e+1,1.944e-20,1.486e-8,4.849e-43,1.066e+0,,,1.615e-18,4.820e-21,,1.614e-15,4.902e-3,7.096e-25,9.411e-18,3.273e-19,1.642e-18,2.117e-20,4.422e-25,,1.083e-4,1.071e-18,1.658e-36,5.752e-1,,1.284e-25,6.141e-19,,3.435e-19,1.848e-20,2.633e-17,5.323e-2,2.959e-10,1.806e-19,8.912e-23,4.076e-1,2.836e-17,2.079e+0,8.614e+0,1.586e-18,7.933e-18,1.562e+1,,3.517e-2,,,7.240e-14,,,2.655e-19,,1.696e-18,,1.055e-18,,8.897e-5,,,,1.588e-17,2.844e-16
587.76,2.902e+1,1.942e-20,1.707e-8,4.847e-43,1.223e+0,,,1.615e-18,4.821e-21,,1.613e-15,4.400e-3,7.086e-25,9.411e-18,3.277e-19,2.076e-18,2.120e-20,4.425e-25,,8.663e-5,1.071e-18,1.660e-36,5.090e-1,,1.285e-25,6.140e-19,,3.436e-19,1.848e-20,2.635e-17,5.782e-2,3.012e-10,1.807e-19,8.907e-23,4.186e-1,2.838e-17,2.040e+0,8.901e+0,1.586e-18,7.929e-18,1.584e+1,,3.060e-2,,,1.033e-13,,,2.656e-19,,1.696e-18,,1.055e-18,,1.086e-4,,,,1.590e-17,2.844e-16
587.79,2.985e+1,1.938e-20,2.091e-8,4.844e-43,1.499e+0,,,1.615e-18,4.823e-21,,1.613e-15,3.727e-3,7.070e-25,9.410e-18,3.285e-19,2.938e-18,2.124e-20,4.428e-25,,6.174e-5,1.072e-18,1.663e-36,4.220e-1,,1.286e-25,6.138e-19,,3.437e-19,1.848e-20,2.637e-17,6.521e-2,3.108e-10,1.807e-19,8.899e-23,4.338e-1,2.840e-17,1.975e+0,9.314e+0,1.586e-18,7.924e-18,1.611e+1,,2.474e-2,,,1.751e-13,,,2.658e-19,,1.696e-18,,1.055e-18,,1.458e-4,,,,1.594e-17,2.844e-16
587.81,3.039e+1,1.936e-20,2.388e-8,4.842e-43,1.711e+0,,,1.615e-18,4.824e-21,,1.613e-15,3.328e-3,7.060e-25,9.410e-18,3.290e-19,3.692e-18,2.127e-20,4.430e-25,,4.912e-5,1.072e-18,1.666e-36,3.713e-1,,1.287e-25,6.137e-19,,3.438e-19,1.848e-20,2.639e-17,7.045e-2,3.186e-10,1.807e-19,8.894e-23,4.430e-1,2.842e-17,1.930e+0,9.576e+0,1.586e-18,7.920e-18,1.626e+1,,2.141e-2,,,2.484e-13,,,2.660e-19,,1.696e-18,,1.054e-18,,1.770e-4,,,,1.597e-17,2.844e-16
587.84,3.118e+1,1.932e-20,2.903e-8,4.840e-43,2.079e+0,,,1.615e-18,4.826e-21,,1.612e-15,2.796e-3,7.045e-25,9.410e-18,3.297e-19,5.182e-18,2.131e-20,4.433e-25,,3.472e-5,1.072e-18,1.669e-36,3.053e-1,,1.288e-25,6.136e-19,,3.439e-19,1.849e-20,2.642e-17,7.878e-2,3.329e-10,1.807e-19,8.886e-23,4.553e-1,2.845e-17,1.856e+0,9.945e+0,1.586e-18,7.915e-18,1.644e+1,,1.716e-2,,,4.178e-13,,,2.661e-19,,1.697e-18,,1.054e-18,,2.357e-4,,,,1.600e-17,2.845e-16
587.86,3.170e+1,1.930e-20,3.298e-8,4.838e-43,2.361e+0,,,1.615e-18,4.827e-21,,1.612e-15,2.483e-3,7.034e-25,9.410e-18,3.302e-19,6.478e-18,2.133e-20,4.435e-25,,2.747e-5,1.073e-18,1.671e-36,2.672e-1,,1.289e-25,6.135e-19,,3.440e-19,1.849e-20,2.643e-17,8.465e-2,3.447e-10,1.807e-19,8.880e-23,4.624e-1,2.847e-17,1.805e+0,1.017e+1,1.586e-18,7.911e-18,1.653e+1,,1.477e-2,,,5.893e-13,,,2.663e-19,,1.697e-18,,1.054e-18,,2.845e-4,,,,1.603e-17,2.845e-16
587.88,3.220e+1,1.927e-20,3.738e-8,4.836e-43,2.675e+0,,,1.615e-18,4.829e-21,,1.612e-15,2.200e-3,7.024e-25,9.410e-18,3.306e-19,8.080e-18,2.136e-20,4.437e-25,,2.169e-5,1.073e-18,1.673e-36,2.333e-1,,1.290e-25,6.134e-19,,3.441e-19,1.849e-20,2.645e-17,9.075e-2,3.586e-10,1.807e-19,8.875e-23,4.686e-1,2.848e-17,1.752e+0,1.038e+1,1.586e-18,7.908e-18,1.658e+1,,1.268e-2,,,8.293e-13,,,2.664e-19,,1.697e-18,,1.053e-18,,3.427e-4,,,,1.605e-17,2.845e-16
587.91,3.294e+1,1.924e-20,4.492e-8,4.834e-43,3.214e+0,,,1.615e-18,4.830e-21,,1.611e-15,1.828e-3,7.009e-25,9.410e-18,3.314e-19,1.121e-17,2.140e-20,4.440e-25,,1.515e-5,1.074e-18,1.677e-36,1.896e-1,,1.291e-25,6.132e-19,,3.442e-19,1.849e-20,2.648e-17,1.003e-1,3.839e-10,1.808e-19,8.867e-23,4.761e-1,2.851e-17,1.670e+0,1.067e+1,1.586e-18,7.903e-18,1.661e+1,,1.005e-2,,,1.379e-12,,,2.666e-19,,1.697e-18,,1.053e-18,,4.512e-4,,,,1.609e-17,2.846e-16
587.93,3.341e+1,1.921e-20,5.065e-8,4.832e-43,3.621e+0,,,1.615e-18,4.832e-21,,1.611e-15,1.611e-3,6.998e-25,9.409e-18,3.319e-19,1.391e-17,2.143e-20,4.443e-25,,1.189e-5,1.074e-18,1.679e-36,1.647e-1,,1.292e-25,6.131e-19,,3.443e-19,1.849e-20,2.649e-17,1.070e-1,4.044e-10,1.808e-19,8.862e-23,4.798e-1,2.853e-17,1.614e+0,1.083e+1,1.586e-18,7.899e-18,1.658e+1,,8.580e-3,,,1.930e-12,,,2.667e-19,,1.697e-18,,1.053e-18,,5.405e-4,,,,1.612e-17,2.846e-16
587.96,3.411e+1,1.918e-20,6.038e-8,4.829e-43,4.314e+0,,,1.614e-18,4.833e-21,,1.610e-15,1.327e-3,6.983e-25,9.409e-18,3.326e-19,1.913e-17,2.147e-20,4.446e-25,,8.238e-6,1.075e-18,1.682e-36,1.328e-1,,1.293e-25,6.129e-19,,3.444e-19,1.850e-20,2.652e-17,1.173e-1,4.415e-10,1.808e-19,8.854e-23,4.834e-1,2.856e-17,1.528e+0,1.103e+1,1.586e-18,7.894e-18,1.649e+1,,6.742e-3,,,3.184e-12,,,2.669e-19,,1.697e-18,,1.052e-18,,7.057e-4,,,,1.616e-17,2.846e-16
587.98,3.456e+1,1.915e-20,6.770e-8,4.827e-43,4.836e+0,,,1.614e-18,4.834e-21,,1.610e-15,1.164e-3,6.973e-25,9.409e-18,3.331e-19,2.361e-17,2.149e-20,4.448e-25,,6.431e-6,1.075e-18,1.685e-36,1.147e-1,,1.293e-25,6.128e-19,,3.445e-19,1.850e-20,2.654e-17,1.243e-1,4.711e-10,1.808e-19,8.849e-23,4.844e-1,2.857e-17,1.470e+0,1.114e+1,1.586e-18,7.890e-18,1.639e+1,,5.725e-3,,,4.432e-12,,,2.670e-19,,1.697e-18,,1.052e-18,,8.407e-4,,,,1.618e-17,2.846e-16
588.01,3.524e+1,1.912e-20,8.007e-8,4.825e-43,5.714e+0,,,1.614e-18,4.836e-21,,1.610e-15,9.510e-4,6.957e-25,9.409e-18,3.338e-19,3.221e-17,2.153e-20,4.451e-25,,4.418e-6,1.076e-18,1.688e-36,9.180e-2,,1.295e-25,6.127e-19,,3.446e-19,1.850e-20,2.656e-17,1.352e-1,5.238e-10,1.808e-19,8.841e-23,4.840e-1,2.860e-17,1.383e+0,1.126e+1,1.586e-18,7.885e-18,1.617e+1,,4.461e-3,,,7.250e-12,,,2.672e-19,,1.698e-18,,1.052e-18,,1.089e-3,,,,1.622e-17,2.847e-16
588.03,3.570e+1,1.909e-20,8.930e-8,4.823e-43,6.370e+0,,,1.614e-18,4.837e-21,,1.609e-15,8.291e-4,6.947e-25,9.409e-18,3.343e-19,3.952e-17,2.156e-20,4.453e-25,,3.430e-6,1.076e-18,1.690e-36,7.894e-2,,1.295e-25,6.126e-19,,3.447e-19,1.850e-20,2.658e-17,1.425e-1,5.653e-10,1.808e-19,8.836e-23,4.824e-1,2.862e-17,1.325e+0,1.131e+1,1.586e-18,7.881e-18,1.599e+1,,3.768e-3,,,1.004e-11,,,2.674e-19,,1.698e-18,,1.051e-18,,1.290e-3,,,,1.624e-17,2.847e-16
588.06,3.639e+1,1.906e-20,1.048e-7,4.820e-43,7.466e+0,,,1.614e-18,4.839e-21,,1.609e-15,6.721e-4,6.931e-25,9.409e-18,3.350e-19,5.349e-17,2.160e-20,4.456e-25,,2.336e-6,1.076e-18,1.694e-36,6.277e-2,,1.296e-25,6.124e-19,,3.449e-19,1.850e-20,2.661e-17,1.537e-1,6.383e-10,1.809e-19,8.828e-23,4.781e-1,2.865e-17,1.238e+0,1.133e+1,1.586e-18,7.876e-18,1.566e+1,,2.911e-3,,,1.628e-11,,,2.675e-19,,1.698e-18,,1.051e-18,,1.657e-3,,,,1.628e-17,2.847e-16
588.08,3.687e+1,1.903e-20,1.162e-7,4.819e-43,8.278e+0,,,1.614e-18,4.840e-21,,1.609e-15,5.827e-4,6.921e-25,9.409e-18,3.355e-19,6.527e-17,2.163e-20,4.458e-25,,1.804e-6,1.077e-18,1.696e-36,5.380e-2,,1.297e-25,6.123e-19,,3.449e-19,1.851e-20,2.662e-17,1.612e-1,6.949e-10,1.809e-19,8.822e-23,4.738e-1,2.866e-17,1.181e+0,1.132e+1,1.586e-18,7.872e-18,1.540e+1,,2.445e-3,,,2.242e-11,,,2.677e-19,,1.698e-18,,1.051e-18,,1.952e-3,,,,1.631e-17,2.847e-16
588.11,3.762e+1,1.900e-20,1.352e-7,4.816e-43,9.624e+0,,,1.614e-18,4.842e-21,,1.608e-15,4.685e-4,6.906e-25,9.408e-18,3.362e-19,8.761e-17,2.167e-20,4.462e-25,,1.219e-6,1.077e-18,1.699e-36,4.264e-2,,1.298e-25,6.122e-19,,3.451e-19,1.851e-20,2.665e-17,1.724e-1,7.933e-10,1.809e-19,8.815e-23,4.657e-1,2.869e-17,1.098e+0,1.125e+1,1.586e-18,7.867e-18,1.496e+1,,1.874e-3,,,3.608e-11,,,2.679e-19,,1.698e-18,,1.050e-18,,2.486e-3,,,,1.634e-17,2.848e-16
588.13,3.815e+1,1.897e-20,1.492e-7,4.814e-43,1.061e+1,,,1.614e-18,4.843e-21,,1.608e-15,4.040e-4,6.895e-25,9.408e-18,3.367e-19,1.063e-16,2.169e-20,4.464e-25,,9.356e-7,1.078e-18,1.701e-36,3.653e-2,,1.299e-25,6.120e-19,,3.452e-19,1.851e-20,2.667e-17,1.798e-1,8.687e-10,1.809e-19,8.809e-23,4.590e-1,2.871e-17,1.044e+0,1.118e+1,1.586e-18,7.863e-18,1.464e+1,,1.565e-3,,,4.941e-11,,,2.680e-19,,1.698e-18,,1.050e-18,,2.914e-3,,,,1.637e-17,2.848e-16
588.16,3.901e+1,1.893e-20,1.722e-7,4.812e-43,1.224e+1,,,1.614e-18,4.845e-21,,1.608e-15,3.222e-4,6.880e-25,9.408e-18,3.374e-19,1.415e-16,2.173e-20,4.467e-25,,6.267e-7,1.078e-18,1.705e-36,2.905e-2,,1.300e-25,6.119e-19,,3.453e-19,1.851e-20,2.669e-17,1.907e-1,9.981e-10,1.809e-19,8.801e-23,4.473e-1,2.874e-17,9.650e-1,1.102e+1,1.586e-18,7.858e-18,1.411e+1,,1.189e-3,,,7.885e-11,,,2.682e-19,,1.699e-18,,1.050e-18,,3.681e-3,,,,1.641e-17,2.848e-16
588.18,3.963e+1,1.891e-20,1.890e-7,4.810e-43,1.342e+1,,,1.614e-18,4.846e-21,,1.607e-15,2.763e-4,6.870e-25,9.408e-18,3.379e-19,1.708e-16,2.176e-20,4.469e-25,,4.785e-7,1.079e-18,1.707e-36,2.505e-2,,1.301e-25,6.118e-19,,3.454e-19,1.851e-20,2.671e-17,1.977e-1,1.096e-9,1.810e-19,8.796e-23,4.385e-1,2.875e-17,9.145e-1,1.089e+1,1.586e-18,7.854e-18,1.373e+1,,9.876e-4,,,1.074e-10,,,2.683e-19,,1.699e-18,,1.049e-18,,4.290e-3,,,,1.643e-17,2.849e-16
588.21,4.063e+1,1.887e-20,2.164e-7,4.807e-43,1.536e+1,,,1.614e-18,4.848e-21,,1.607e-15,2.185e-4,6.854e-25,9.408e-18,3.386e-19,2.256e-16,2.180e-20,4.472e-25,,3.179e-7,1.079e-18,1.710e-36,2.031e-2,,1.302e-25,6.116e-19,,3.455e-19,1.852e-20,2.674e-17,2.080e-1,1.263e-9,1.810e-19,8.788e-23,4.239e-1,2.878e-17,8.420e-1,1.065e+1,1.586e-18,7.849e-18,1.313e+1,,7.444e-4,,,1.700e-10,,,2.685e-19,,1.699e-18,,1.049e-18,,5.375e-3,,,,1.647e-17,2.849e-16
588.23,4.137e+1,1.885e-20,2.363e-7,4.805e-43,1.675e+1,,,1.614e-18,4.849e-21,,1.607e-15,1.863e-4,6.844e-25,9.408e-18,3.391e-19,2.707e-16,2.183e-20,4.474e-25,,2.414e-7,1.080e-18,1.713e-36,1.789e-2,,1.303e-25,6.115e-19,,3.456e-19,1.852e-20,2.675e-17,2.145e-1,1.388e-9,1.810e-19,8.783e-23,4.132e-1,2.880e-17,7.962e-1,1.046e+1,1.586e-18,7.845e-18,1.271e+1,,6.148e-4,,,2.303e-10,,,2.686e-19,,1.699e-18,,1.049e-18,,6.230e-3,,,,1.649e-17,2.849e-16
588.25,4.217e+1,1.883e-20,2.574e-7,4.804e-43,1.823e+1,,,1.614e-18,4.851e-21,,1.606e-15,1.586e-4,6.834e-25,9.407e-18,3.396e-19,3.242e-16,2.185e-20,4.476e-25,,1.828e-7,1.080e-18,1.715e-36,1.599e-2,,1.304e-25,6.114e-19,,3.457e-19,1.852e-20,2.677e-17,2.208e-1,1.524e-9,1.810e-19,8.778e-23,4.019e-1,2.882e-17,7.525e-1,1.025e+1,1.586e-18,7.841e-18,1.228e+1,,5.066e-4,,,3.112e-10,,,2.688e-19,,1.699e-18,,1.049e-18,,7.205e-3,,,,1.652e-17,2.849e-16
588.28,4.347e+1,1.879e-20,2.914e-7,4.801e-43,2.063e+1,,,1.614e-18,4.852e-21,,1.606e-15,1.240e-4,6.818e-25,9.407e-18,3.403e-19,4.232e-16,2.189e-20,4.480e-25,,1.201e-7,1.081e-18,1.718e-36,1.403e-2,,1.305e-25,6.113e-19,,3.458e-19,1.852e-20,2.680e-17,2.295e-1,1.753e-9,1.810e-19,8.770e-23,3.840e-1,2.884e-17,6.911e-1,9.910e+0,1.586e-18,7.836e-18,1.161e+1,,3.774e-4,,,4.869e-10,,,2.689e-19,,1.699e-18,,1.048e-18,,8.924e-3,,,,1.656e-17,2.850e-16
588.3,4.443e+1,1.877e-20,3.157e-7,4.799e-43,2.233e+1,,,1.614e-18,4.854e-21,,1.606e-15,1.049e-4,6.808e-25,9.407e-18,3.408e-19,5.040e-16,2.192e-20,4.482e-25,,9.044e-8,1.081e-18,1.720e-36,1.327e-2,,1.305e-25,6.111e-19,,3.459e-19,1.852e-20,2.682e-17,2.349e-1,1.922e-9,1.810e-19,8.764e-23,3.715e-1,2.886e-17,6.532e-1,9.661e+0,1.586e-18,7.832e-18,1.115e+1,,3.092e-4,,,6.545e-10,,,2.691e-19,,1.700e-18,,1.048e-18,,1.026e-2,,,,1.658e-17,2.850e-16
588.33,4.600e+1,1.873e-20,3.546e-7,4.797e-43,2.506e+1,,,1.614e-18,4.855e-21,,1.605e-15,8.134e-5,6.792e-25,9.407e-18,3.415e-19,6.524e-16,2.196e-20,4.485e-25,,5.889e-8,1.081e-18,1.724e-36,1.289e-2,,1.307e-25,6.110e-19,,3.460e-19,1.853e-20,2.684e-17,2.422e-1,2.202e-9,1.811e-19,8.757e-23,3.520e-1,2.889e-17,6.010e-1,9.260e+0,1.586e-18,7.827e-18,1.046e+1,,2.285e-4,,,1.016e-9,,,2.693e-19,,1.700e-18,,1.047e-18,,1.261e-2,,,,1.662e-17,2.850e-16
588.35,4.715e+1,1.871e-20,3.821e-7,4.795e-43,2.699e+1,,,1.614e-18,4.857e-21,,1.605e-15,6.846e-5,6.782e-25,9.407e-18,3.420e-19,7.728e-16,2.199e-20,4.487e-25,,4.412e-8,1.082e-18,1.726e-36,1.313e-2,,1.307e-25,6.109e-19,,3.461e-19,1.853e-20,2.686e-17,2.466e-1,2.407e-9,1.811e-19,8.751e-23,3.386e-1,2.891e-17,5.695e-1,8.978e+0,1.586e-18,7.823e-18,9.991e+0,,1.862e-4,,,1.358e-9,,,2.694e-19,,1.700e-18,,1.047e-18,,1.442e-2,,,,1.665e-17,2.850e-16
588.38,4.901e+1,1.867e-20,4.258e-7,4.792e-43,3.005e+1,,,1.614e-18,4.858e-21,,1.604e-15,5.264e-5,6.767e-25,9.407e-18,3.427e-19,9.922e-16,2.203e-20,4.490e-25,,2.849e-8,1.082e-18,1.729e-36,1.424e-2,,1.308e-25,6.107e-19,,3.462e-19,1.853e-20,2.688e-17,2.522e-1,2.743e-9,1.811e-19,8.743e-23,3.182e-1,2.893e-17,5.273e-1,8.535e+0,1.586e-18,7.818e-18,9.292e+0,,1.364e-4,,,2.090e-9,,,2.696e-19,,1.700e-18,,1.047e-18,,1.757e-2,,,,1.668e-17,2.851e-16
588.4,5.036e+1,1.865e-20,4.564e-7,4.790e-43,3.220e+1,,,1.613e-18,4.860e-21,,1.604e-15,4.406e-5,6.756e-25,9.406e-18,3.432e-19,1.169e-15,2.205e-20,4.492e-25,,2.122e-8,1.083e-18,1.732e-36,1.549e-2,,1.309e-25,6.106e-19,,3.463e-19,1.853e-20,2.690e-17,2.552e-1,2.986e-9,1.811e-19,8.738e-23,3.044e-1,2.895e-17,5.027e-1,8.229e+0,1.586e-18,7.815e-18,8.829e+0,,1.105e-4,,,2.779e-9,,,2.697e-19,,1.700e-18,,1.046e-18,,1.999e-2,,,,1.671e-17,2.851e-16
588.43,5.253e+1,1.861e-20,5.045e-7,4.788e-43,3.557e+1,,,1.613e-18,4.861e-21,,1.604e-15,3.360e-5,6.741e-25,9.406e-18,3.439e-19,1.488e-15,2.209e-20,4.495e-25,,1.359e-8,1.083e-18,1.735e-36,1.820e-2,,1.310e-25,6.105e-19,,3.464e-19,1.853e-20,2.693e-17,2.589e-1,3.382e-9,1.811e-19,8.730e-23,2.837e-1,2.898e-17,4.711e-1,7.758e+0,1.586e-18,7.809e-18,8.145e+0,,8.030e-5,,,4.243e-9,,,2.699e-19,,1.700e-18,,1.046e-18,,2.416e-2,,,,1.675e-17,2.851e-16
588.45,5.407e+1,1.858e-20,5.379e-7,4.786e-43,3.791e+1,,,1.613e-18,4.863e-21,,1.603e-15,2.797e-5,6.731e-25,9.406e-18,3.444e-19,1.744e-15,2.212e-20,4.498e-25,,1.007e-8,1.084e-18,1.737e-36,2.060e-2,,1.311e-25,6.104e-19,,3.465e-19,1.853e-20,2.695e-17,2.606e-1,3.666e-9,1.811e-19,8.725e-23,2.699e-1,2.900e-17,4.537e-1,7.438e+0,1.586e-18,7.806e-18,7.697e+0,,6.472e-5,,,5.610e-9,,,2.700e-19,,1.700e-18,,1.046e-18,,2.734e-2,,,,1.677e-17,2.852e-16
588.48,5.655e+1,1.855e-20,5.898e-7,4.783e-43,4.155e+1,,,1.613e-18,4.864e-21,,1.603e-15,2.115e-5,6.715e-25,9.406e-18,3.451e-19,2.202e-15,2.216e-20,4.501e-25,,6.393e-9,1.084e-18,1.740e-36,2.520e-2,,1.312e-25,6.102e-19,,3.467e-19,1.854e-20,2.697e-17,2.621e-1,4.122e-9,1.812e-19,8.717e-23,2.495e-1,2.902e-17,4.332e-1,6.955e+0,1.586e-18,7.800e-18,7.041e+0,,4.663e-5,,,8.495e-9,,,2.702e-19,,1.701e-18,,1.045e-18,,3.277e-2,,,,1.681e-17,2.852e-16
588.5,5.829e+1,1.852e-20,6.254e-7,4.782e-43,4.405e+1,,,1.613e-18,4.866e-21,,1.603e-15,1.751e-5,6.705e-25,9.406e-18,3.456e-19,2.566e-15,2.219e-20,4.503e-25,,4.710e-9,1.085e-18,1.743e-36,2.902e-2,,1.313e-25,6.101e-19,,3.467e-19,1.854e-20,2.699e-17,2.624e-1,4.447e-9,1.812e-19,8.712e-23,2.361e-1,2.904e-17,4.233e-1,6.632e+0,1.586e-18,7.797e-18,6.618e+0,,3.737e-5,,,1.117e-8,,,2.703e-19,,1.701e-18,,1.045e-18,,3.687e-2,,,,1.683e-17,2.852e-16
588.53,6.104e+1,1.849e-20,6.803e-7,4.779e-43,4.791e+1,,,1.613e-18,4.867e-21,,1.602e-15,1.313e-5,6.690e-25,9.406e-18,3.463e-19,3.213e-15,2.223e-20,4.506e-25,,2.966e-9,1.085e-18,1.746e-36,3.603e-2,,1.314e-25,6.099e-19,,3.469e-19,1.854e-20,2.702e-17,2.618e-1,4.964e-9,1.812e-19,8.704e-23,2.165e-1,2.907e-17,4.142e-1,6.149e+0,1.586e-18,7.791e-18,6.004e+0,,2.670e-5,,,1.678e-8,,,2.705e-19,,1.701e-18,,1.045e-18,,4.383e-2,,,,1.687e-17,2.853e-16
588.55,6.295e+1,1.846e-20,7.177e-7,4.777e-43,5.054e+1,,,1.613e-18,4.869e-21,,1.602e-15,1.081e-5,6.679e-25,9.405e-18,3.468e-19,3.723e-15,2.225e-20,4.508e-25,,2.173e-9,1.086e-18,1.748e-36,4.168e-2,,1.315e-25,6.098e-19,,3.470e-19,1.854e-20,2.703e-17,2.607e-1,5.329e-9,1.812e-19,8.699e-23,2.037e-1,2.909e-17,4.120e-1,5.831e+0,1.586e-18,7.788e-18,5.612e+0,,2.128e-5,,,2.194e-8,,,2.707e-19,,1.701e-18,,1.044e-18,,4.906e-2,,,,1.690e-17,2.853e-16
588.58,6.592e+1,1.843e-20,7.744e-7,4.775e-43,5.454e+1,,,1.613e-18,4.870e-21,,1.602e-15,8.040e-6,6.664e-25,9.405e-18,3.475e-19,4.625e-15,2.229e-20,4.511e-25,,1.357e-9,1.086e-18,1.752e-36,5.184e-2,,1.316e-25,6.097e-19,,3.471e-19,1.855e-20,2.706e-17,2.579e-1,5.903e-9,1.812e-19,8.691e-23,1.853e-1,2.911e-17,4.146e-1,5.363e+0,1.586e-18,7.782e-18,5.050e+0,,1.508e-5,,,3.268e-8,,,2.709e-19,,1.701e-18,,1.044e-18,,5.785e-2,,,,1.694e-17,2.853e-16
588.6,6.797e+1,1.840e-20,8.126e-7,4.773e-43,5.725e+1,,,1.613e-18,4.872e-21,,1.601e-15,6.582e-6,6.654e-25,9.405e-18,3.480e-19,5.330e-15,2.232e-20,4.513e-25,,9.885e-10,1.086e-18,1.754e-36,5.989e-2,,1.317e-25,6.096e-19,,3.472e-19,1.855e-20,2.708e-17,2.554e-1,6.303e-9,1.812e-19,8.685e-23,1.734e-1,2.913e-17,4.202e-1,5.057e+0,1.586e-18,7.779e-18,4.694e+0,,1.195e-5,,,4.251e-8,,,2.710e-19,,1.701e-18,,1.044e-18,,6.439e-2,,,,1.696e-17,2.853e-16
588.62,7.006e+1,1.838e-20,8.508e-7,4.771e-43,5.996e+1,,,1.613e-18,4.873e-21,,1.601e-15,5.377e-6,6.643e-25,9.405e-18,3.485e-19,6.129e-15,2.235e-20,4.516e-25,,7.186e-10,1.087e-18,1.756e-36,6.911e-2,,1.317e-25,6.095e-19,,3.473e-19,1.855e-20,2.709e-17,2.523e-1,6.716e-9,1.813e-19,8.680e-23,1.620e-1,2.915e-17,4.290e-1,4.759e+0,1.586e-18,7.775e-18,4.354e+0,,9.451e-6,,,5.517e-8,,,2.711e-19,,1.702e-18,,1.044e-18,,7.151e-2,,,,1.699e-17,2.854e-16
588.65,7.325e+1,1.834e-20,9.079e-7,4.768e-43,6.404e+1,,,1.613e-18,4.875e-21,,1.601e-15,3.953e-6,6.628e-25,9.405e-18,3.492e-19,7.526e-15,2.239e-20,4.519e-25,,4.435e-10,1.087e-18,1.759e-36,8.539e-2,,1.319e-25,6.093e-19,,3.474e-19,1.855e-20,2.712e-17,2.468e-1,7.357e-9,1.813e-19,8.672e-23,1.457e-1,2.918e-17,4.480e-1,4.326e+0,1.586e-18,7.770e-18,3.873e+0,,6.619e-6,,,8.123e-8,,,2.713e-19,,1.702e-18,,1.043e-18,,8.336e-2,,,,1.702e-17,2.854e-16
588.67,7.540e+1,1.832e-20,9.456e-7,4.767e-43,6.674e+1,,,1.613e-18,4.876e-21,,1.600e-15,3.211e-6,6.618e-25,9.405e-18,3.497e-19,8.606e-15,2.241e-20,4.521e-25,,3.206e-10,1.088e-18,1.762e-36,9.810e-2,,1.319e-25,6.092e-19,,3.475e-19,1.855e-20,2.714e-17,2.425e-1,7.798e-9,1.813e-19,8.667e-23,1.355e-1,2.919e-17,4.646e-1,4.048e+0,1.586e-18,7.766e-18,3.573e+0,,5.206e-6,,,1.049e-7,,,2.714e-19,,1.702e-18,,1.043e-18,,9.209e-2,,,,1.705e-17,2.854e-16
588.7,7.863e+1,1.828e-20,1.001e-6,4.764e-43,7.075e+1,,,1.613e-18,4.878e-21,,1.600e-15,2.341e-6,6.602e-25,9.405e-18,3.504e-19,1.048e-14,2.245e-20,4.524e-25,,1.962e-10,1.088e-18,1.765e-36,1.204e-1,,1.320e-25,6.090e-19,,3.476e-19,1.855e-20,2.716e-17,2.353e-1,8.474e-9,1.813e-19,8.659e-23,1.210e-1,2.922e-17,4.953e-1,3.649e+0,1.586e-18,7.761e-18,3.152e+0,,3.615e-6,,,1.531e-7,,,2.716e-19,,1.702e-18,,1.042e-18,,1.065e-1,,,,1.709e-17,2.854e-16
588.72,8.079e+1,1.826e-20,1.037e-6,4.762e-43,7.338e+1,,,1.613e-18,4.879e-21,,1.600e-15,1.891e-6,6.592e-25,9.404e-18,3.509e-19,1.192e-14,2.248e-20,4.526e-25,,1.411e-10,1.089e-18,1.767e-36,1.376e-1,,1.321e-25,6.089e-19,,3.477e-19,1.856e-20,2.718e-17,2.300e-1,8.933e-9,1.813e-19,8.654e-23,1.119e-1,2.924e-17,5.195e-1,3.396e+0,1.586e-18,7.757e-18,2.892e+0,,2.827e-6,,,1.966e-7,,,2.717e-19,,1.702e-18,,1.042e-18,,1.170e-1,,,,1.711e-17,2.855e-16
588.75,8.399e+1,1.822e-20,1.089e-6,4.760e-43,7.723e+1,,,1.613e-18,4.881e-21,,1.599e-15,1.368e-6,6.576e-25,9.404e-18,3.516e-19,1.440e-14,2.252e-20,4.529e-25,,8.562e-11,1.089e-18,1.771e-36,1.675e-1,,1.322e-25,6.088e-19,,3.478e-19,1.856e-20,2.721e-17,2.214e-1,9.629e-9,1.813e-19,8.646e-23,9.931e-2,2.927e-17,5.615e-1,3.036e+0,1.586e-18,7.752e-18,2.531e+0,,1.947e-6,,,2.847e-7,,,2.719e-19,,1.702e-18,,1.042e-18,,1.342e-1,,,,1.715e-17,2.855e-16
588.77,8.608e+1,1.820e-20,1.122e-6,4.758e-43,7.972e+1,,,1.613e-18,4.882e-21,,1.599e-15,1.099e-6,6.566e-25,9.404e-18,3.521e-19,1.628e-14,2.255e-20,4.531e-25,,6.121e-11,1.090e-18,1.773e-36,1.905e-1,,1.323e-25,6.087e-19,,3.479e-19,1.856e-20,2.722e-17,2.152e-1,1.010e-8,1.814e-19,8.641e-23,9.153e-2,2.928e-17,5.932e-1,2.810e+0,1.586e-18,7.748e-18,2.309e+0,,1.515e-6,,,3.635e-7,,,2.721e-19,,1.703e-18,,1.042e-18,,1.466e-1,,,,1.717e-17,2.855e-16
588.8,8.914e+1,1.816e-20,1.169e-6,4.755e-43,8.331e+1,,,1.613e-18,4.884e-21,,1.598e-15,7.878e-7,6.551e-25,9.404e-18,3.528e-19,1.951e-14,2.259e-20,4.535e-25,,3.684e-11,1.090e-18,1.776e-36,2.300e-1,,1.324e-25,6.085e-19,,3.480e-19,1.856e-20,2.725e-17,2.055e-1,1.079e-8,1.814e-19,8.633e-23,8.082e-2,2.931e-17,6.460e-1,2.491e+0,1.586e-18,7.743e-18,2.005e+0,,1.034e-6,,,5.223e-7,,,2.723e-19,,1.703e-18,,1.041e-18,,1.668e-1,,,,1.721e-17,2.856e-16
588.82,9.111e+1,1.814e-20,1.198e-6,4.753e-43,8.560e+1,,,1.612e-18,4.885e-21,,1.598e-15,6.294e-7,6.540e-25,9.404e-18,3.533e-19,2.194e-14,2.261e-20,4.537e-25,,2.619e-11,1.090e-18,1.778e-36,2.602e-1,,1.325e-25,6.084e-19,,3.481e-19,1.856e-20,2.727e-17,1.988e-1,1.125e-8,1.814e-19,8.627e-23,7.432e-2,2.933e-17,6.846e-1,2.293e+0,1.586e-18,7.739e-18,1.820e+0,,8.001e-7,,,6.631e-7,,,2.724e-19,,1.703e-18,,1.041e-18,,1.813e-1,,,,1.724e-17,2.856e-16
588.85,9.393e+1,1.810e-20,1.239e-6,4.751e-43,8.883e+1,,,1.612e-18,4.887e-21,,1.598e-15,4.476e-7,6.525e-25,9.404e-18,3.541e-19,2.607e-14,2.265e-20,4.540e-25,,1.563e-11,1.091e-18,1.782e-36,3.116e-1,,1.326e-25,6.082e-19,,3.482e-19,1.857e-20,2.729e-17,1.884e-1,1.194e-8,1.814e-19,8.620e-23,6.550e-2,2.936e-17,7.473e-1,2.016e+0,1.586e-18,7.734e-18,1.568e+0,,5.420e-7,,,9.449e-7,,,2.726e-19,,1.703e-18,,1.040e-18,,2.046e-1,,,,1.728e-17,2.856e-16
588.87,9.572e+1,1.808e-20,1.263e-6,4.749e-43,9.085e+1,,,1.612e-18,4.888e-21,,1.597e-15,3.556e-7,6.515e-25,9.403e-18,3.545e-19,2.917e-14,2.268e-20,4.542e-25,,1.105e-11,1.091e-18,1.784e-36,3.505e-1,,1.327e-25,6.081e-19,,3.483e-19,1.857e-20,2.731e-17,1.813e-1,1.238e-8,1.814e-19,8.614e-23,6.025e-2,2.937e-17,7.922e-1,1.845e+0,1.586e-18,7.730e-18,1.416e+0,,4.168e-7,,,1.193e-6,,,2.727e-19,,1.703e-18,,1.040e-18,,2.212e-1,,,,1.730e-17,2.856e-16
588.9,9.822e+1,1.804e-20,1.295e-6,4.746e-43,9.365e+1,,,1.612e-18,4.890e-21,,1.597e-15,2.508e-7,6.499e-25,9.403e-18,3.553e-19,3.437e-14,2.272e-20,4.545e-25,,6.542e-12,1.092e-18,1.787e-36,4.164e-1,,1.328e-25,6.080e-19,,3.485e-19,1.857e-20,2.734e-17,1.706e-1,1.302e-8,1.815e-19,8.606e-23,5.327e-2,2.940e-17,8.637e-1,1.609e+0,1.586e-18,7.725e-18,1.211e+0,,2.800e-7,,,1.686e-6,,,2.729e-19,,1.703e-18,,1.040e-18,,2.476e-1,,,,1.734e-17,2.857e-16
588.92,9.977e+1,1.802e-20,1.313e-6,4.745e-43,9.536e+1,,,1.612e-18,4.891e-21,,1.597e-15,1.982e-7,6.489e-25,9.403e-18,3.557e-19,3.823e-14,2.275e-20,4.547e-25,,4.599e-12,1.092e-18,1.790e-36,4.658e-1,,1.329e-25,6.079e-19,,3.485e-19,1.857e-20,2.735e-17,1.634e-1,1.343e-8,1.815e-19,8.601e-23,4.922e-2,2.942e-17,9.139e-1,1.465e+0,1.586e-18,7.721e-18,1.089e+0,,2.142e-7,,,2.118e-6,,,2.730e-19,,1.704e-18,,1.040e-18,,2.662e-1,,,,1.736e-17,2.857e-16
588.95,1.019e+2,1.798e-20,1.336e-6,4.742e-43,9.766e+1,,,1.612e-18,4.892e-21,,1.596e-15,1.386e-7,6.473e-25,9.403e-18,3.565e-19,4.468e-14,2.279e-20,4.550e-25,,2.700e-12,1.093e-18,1.793e-36,5.489e-1,,1.330e-25,6.077e-19,,3.487e-19,1.857e-20,2.738e-17,1.528e-1,1.401e-8,1.815e-19,8.593e-23,4.403e-2,2.945e-17,9.927e-1,1.267e+0,1.586e-18,7.716e-18,9.265e-1,,1.427e-7,,,2.968e-6,,,2.732e-19,,1.704e-18,,1.039e-18,,2.956e-1,,,,1.740e-17,2.857e-16
588.97,1.031e+2,1.796e-20,1.348e-6,4.740e-43,9.901e+1,,,1.612e-18,4.894e-21,,1.596e-15,1.089e-7,6.463e-25,9.403e-18,3.570e-19,4.944e-14,2.281e-20,4.553e-25,,1.887e-12,1.093e-18,1.795e-36,6.107e-1,,1.331e-25,6.076e-19,,3.488e-19,1.858e-20,2.740e-17,1.458e-1,1.437e-8,1.815e-19,8.588e-23,4.114e-2,2.946e-17,1.047e+0,1.147e+0,1.586e-18,7.712e-18,8.304e-1,,1.085e-7,,,3.708e-6,,,2.733e-19,,1.704e-18,,1.039e-18,,3.162e-1,,,,1.743e-17,2.858e-16
588.99,1.043e+2,1.793e-20,1.357e-6,4.738e-43,1.002e+2,,,1.612e-18,4.895e-21,,1.596e-15,8.537e-8,6.453e-25,9.403e-18,3.574e-19,5.458e-14,2.284e-20,4.555e-25,,1.316e-12,1.094e-18,1.797e-36,6.779e-1,,1.331e-25,6.075e-19,,3.488e-19,1.858e-20,2.741e-17,1.389e-1,1.471e-8,1.815e-19,8.583e-23,3.872e-2,2.948e-17,1.103e+0,1.036e+0,1.586e-18,7.709e-18,7.438e-1,,8.236e-8,,,4.621e-6,,,2.735e-19,,1.704e-18,,1.039e-18,,3.375e-1,,,,1.745e-17,2.858e-16
589.02,1.058e+2,1.790e-20,1.365e-6,4.736e-43,1.017e+2,,,1.612e-18,4.897e-21,,1.595e-15,5.901e-8,6.437e-25,9.402e-18,3.582e-19,6.306e-14,2.288e-20,4.558e-25,,7.637e-13,1.094e-18,1.801e-36,7.896e-1,,1.332e-25,6.073e-19,,3.490e-19,1.858e-20,2.744e-17,1.289e-1,1.516e-8,1.815e-19,8.575e-23,3.594e-2,2.951e-17,1.189e+0,8.854e-1,1.586e-18,7.703e-18,6.302e-1,,5.422e-8,,,6.403e-6,,,2.737e-19,,1.704e-18,,1.038e-18,,3.706e-1,,,,1.749e-17,2.858e-16
589.04,1.066e+2,1.787e-20,1.367e-6,4.734e-43,1.026e+2,,,1.612e-18,4.898e-21,,1.595e-15,4.601e-8,6.427e-25,9.402e-18,3.586e-19,6.923e-14,2.291e-20,4.560e-25,,5.298e-13,1.095e-18,1.803e-36,8.717e-1,,1.333e-25,6.072e-19,,3.491e-19,1.858e-20,2.746e-17,1.225e-1,1.544e-8,1.815e-19,8.569e-23,3.466e-2,2.953e-17,1.247e+0,7.953e-1,1.586e-18,7.700e-18,5.645e-1,,4.092e-8,,,7.936e-6,,,2.738e-19,,1.704e-18,,1.038e-18,,3.935e-1,,,,1.751e-17,2.858e-16
589.07,1.076e+2,1.784e-20,1.365e-6,4.731e-43,1.035e+2,,,1.612e-18,4.900e-21,,1.594e-15,3.154e-8,6.412e-25,9.402e-18,3.594e-19,7.933e-14,2.295e-20,4.563e-25,,3.048e-13,1.095e-18,1.806e-36,1.007e+0,,1.334e-25,6.071e-19,,3.492e-19,1.858e-20,2.748e-17,1.134e-1,1.579e-8,1.816e-19,8.562e-23,3.358e-2,2.955e-17,1.335e+0,6.743e-1,1.586e-18,7.694e-18,4.801e-1,,2.672e-8,,,1.091e-5,,,2.740e-19,,1.705e-18,,1.038e-18,,4.287e-1,,,,1.755e-17,2.859e-16
589.09,1.080e+2,1.781e-20,1.359e-6,4.730e-43,1.039e+2,,,1.612e-18,4.901e-21,,1.594e-15,2.446e-8,6.401e-25,9.402e-18,3.598e-19,8.662e-14,2.297e-20,4.565e-25,,2.103e-13,1.095e-18,1.809e-36,1.106e+0,,1.335e-25,6.070e-19,,3.493e-19,1.859e-20,2.750e-17,1.077e-1,1.598e-8,1.816e-19,8.556e-23,3.343e-2,2.957e-17,1.393e+0,6.023e-1,1.586e-18,7.691e-18,4.324e-1,,2.006e-8,,,1.344e-5,,,2.741e-19,,1.705e-18,,1.037e-18,,4.528e-1,,,,1.758e-17,2.859e-16
589.12,1.085e+2,1.778e-20,1.346e-6,4.727e-43,1.043e+2,,,1.612e-18,4.903e-21,,1.594e-15,1.663e-8,6.386e-25,9.402e-18,3.606e-19,9.843e-14,2.301e-20,4.568e-25,,1.200e-13,1.096e-18,1.812e-36,1.267e+0,,1.336e-25,6.068e-19,,3.494e-19,1.859e-20,2.753e-17,9.966e-2,1.621e-8,1.816e-19,8.548e-23,3.409e-2,2.960e-17,1.481e+0,5.064e-1,1.586e-18,7.685e-18,3.727e-1,,1.299e-8,,,1.833e-5,,,2.743e-19,,1.705e-18,,1.037e-18,,4.895e-1,,,,1.761e-17,2.859e-16
589.14,1.086e+2,1.775e-20,1.334e-6,4.725e-43,1.043e+2,,,1.612e-18,4.904e-21,,1.593e-15,1.282e-8,6.376e-25,9.402e-18,3.611e-19,1.069e-13,2.304e-20,4.571e-25,,8.229e-14,1.096e-18,1.814e-36,1.383e+0,,1.337e-25,6.067e-19,,3.495e-19,1.859e-20,2.754e-17,9.475e-2,1.632e-8,1.816e-19,8.543e-23,3.511e-2,2.962e-17,1.538e+0,4.499e-1,1.586e-18,7.682e-18,3.404e-1,,9.693e-9,,,2.247e-5,,,2.744e-19,,1.705e-18,,1.037e-18,,5.143e-1,,,,1.764e-17,2.859e-16
589.17,1.086e+2,1.772e-20,1.310e-6,4.722e-43,1.041e+2,,,1.612e-18,4.906e-21,,1.593e-15,8.643e-9,6.360e-25,9.402e-18,3.618e-19,1.205e-13,2.308e-20,4.574e-25,,4.656e-14,1.097e-18,1.818e-36,1.572e+0,,1.338e-25,6.066e-19,,3.496e-19,1.859e-20,2.757e-17,8.811e-2,1.643e-8,1.816e-19,8.535e-23,3.757e-2,2.964e-17,1.622e+0,3.751e-1,1.586e-18,7.676e-18,3.020e-1,,6.224e-9,,,3.037e-5,,,2.746e-19,,1.705e-18,,1.036e-18,,5.517e-1,,,,1.768e-17,2.860e-16
589.19,1.084e+2,1.769e-20,1.291e-6,4.721e-43,1.037e+2,,,1.612e-18,4.907e-21,,1.593e-15,6.627e-9,6.350e-25,9.401e-18,3.623e-19,1.301e-13,2.311e-20,4.576e-25,,3.176e-14,1.097e-18,1.820e-36,1.707e+0,,1.339e-25,6.064e-19,,3.497e-19,1.859e-20,2.759e-17,8.417e-2,1.645e-8,1.817e-19,8.530e-23,3.984e-2,2.966e-17,1.676e+0,3.314e-1,1.586e-18,7.673e-18,2.829e-1,,4.620e-9,,,3.703e-5,,,2.747e-19,,1.705e-18,,1.036e-18,,5.767e-1,,,,1.770e-17,2.860e-16
589.22,1.079e+2,1.766e-20,1.259e-6,4.718e-43,1.030e+2,,,1.612e-18,4.909e-21,,1.592e-15,4.431e-9,6.335e-25,9.401e-18,3.630e-19,1.454e-13,2.315e-20,4.579e-25,,1.782e-14,1.098e-18,1.823e-36,1.924e+0,,1.340e-25,6.063e-19,,3.498e-19,1.860e-20,2.761e-17,7.906e-2,1.641e-8,1.817e-19,8.522e-23,4.422e-2,2.969e-17,1.754e+0,2.741e-1,1.586e-18,7.667e-18,2.632e-1,,2.942e-9,,,4.966e-5,,,2.749e-19,,1.706e-18,,1.036e-18,,6.139e-1,,,,1.774e-17,2.860e-16
589.24,1.074e+2,1.763e-20,1.234e-6,4.716e-43,1.023e+2,,,1.612e-18,4.910e-21,,1.592e-15,3.379e-9,6.324e-25,9.401e-18,3.635e-19,1.562e-13,2.318e-20,4.581e-25,,1.209e-14,1.098e-18,1.825e-36,2.078e+0,,1.341e-25,6.062e-19,,3.499e-19,1.860e-20,2.763e-17,7.621e-2,1.635e-8,1.817e-19,8.517e-23,4.782e-2,2.971e-17,1.804e+0,2.408e-1,1.586e-18,7.664e-18,2.559e-1,,2.172e-9,,,6.021e-5,,,2.751e-19,,1.706e-18,,1.035e-18,,6.384e-1,,,,1.777e-17,2.861e-16
589.27,1.065e+2,1.760e-20,1.193e-6,4.714e-43,1.010e+2,,,1.611e-18,4.912e-21,,1.592e-15,2.240e-9,6.309e-25,9.401e-18,3.642e-19,1.732e-13,2.322e-20,4.584e-25,,6.726e-15,1.099e-18,1.829e-36,2.322e+0,,1.342e-25,6.060e-19,,3.501e-19,1.860e-20,2.766e-17,7.279e-2,1.618e-8,1.817e-19,8.509e-23,5.430e-2,2.973e-17,1.873e+0,1.975e-1,1.586e-18,7.658e-18,2.531e-1,,1.371e-9,,,8.008e-5,,,2.753e-19,,1.706e-18,,1.035e-18,,6.745e-1,,,,1.780e-17,2.861e-16
589.29,1.057e+2,1.757e-20,1.164e-6,4.712e-43,1.000e+2,,,1.611e-18,4.913e-21,,1.591e-15,1.699e-9,6.299e-25,9.401e-18,3.647e-19,1.850e-13,2.324e-20,4.586e-25,,4.537e-15,1.099e-18,1.831e-36,2.494e+0,,1.343e-25,6.059e-19,,3.501e-19,1.860e-20,2.768e-17,7.110e-2,1.603e-8,1.817e-19,8.504e-23,5.936e-2,2.975e-17,1.915e+0,1.725e-1,1.586e-18,7.655e-18,2.566e-1,,1.007e-9,,,9.657e-5,,,2.754e-19,,1.706e-18,,1.035e-18,,6.979e-1,,,,1.783e-17,2.861e-16
589.32,1.043e+2,1.753e-20,1.116e-6,4.709e-43,9.830e+1,,,1.611e-18,4.915e-21,,1.591e-15,1.117e-9,6.283e-25,9.401e-18,3.654e-19,2.034e-13,2.328e-20,4.590e-25,,2.504e-15,1.100e-18,1.834e-36,2.765e+0,,1.344e-25,6.058e-19,,3.503e-19,1.860e-20,2.770e-17,6.949e-2,1.573e-8,1.817e-19,8.496e-23,6.813e-2,2.978e-17,1.973e+0,1.403e-1,1.586e-18,7.649e-18,2.698e-1,,6.304e-10,,,1.274e-4,,,2.756e-19,,1.706e-18,,1.034e-18,,7.318e-1,,,,1.787e-17,2.861e-16
589.34,1.033e+2,1.751e-20,1.083e-6,4.708e-43,9.702e+1,,,1.611e-18,4.916e-21,,1.591e-15,8.425e-10,6.273e-25,9.400e-18,3.659e-19,2.161e-13,2.331e-20,4.592e-25,,1.679e-15,1.100e-18,1.837e-36,2.953e+0,,1.344e-25,6.057e-19,,3.504e-19,1.861e-20,2.772e-17,6.903e-2,1.550e-8,1.818e-19,8.490e-23,7.480e-2,2.980e-17,2.007e+0,1.219e-1,1.586e-18,7.646e-18,2.838e-1,,4.602e-10,,,1.528e-4,,,2.757e-19,,1.706e-18,,1.034e-18,,7.535e-1,,,,1.789e-17,2.862e-16
589.37,1.016e+2,1.747e-20,1.031e-6,4.705e-43,9.492e+1,,,1.611e-18,4.918e-21,,1.590e-15,5.494e-10,6.257e-25,9.400e-18,3.666e-19,2.356e-13,2.335e-20,4.595e-25,,9.190e-16,1.101e-18,1.840e-36,3.247e+0,,1.346e-25,6.055e-19,,3.505e-19,1.861e-20,2.774e-17,6.931e-2,1.509e-8,1.818e-19,8.482e-23,8.610e-2,2.982e-17,2.052e+0,9.836e-2,1.586e-18,7.640e-18,3.128e-1,,2.858e-10,,,1.999e-4,,,2.759e-19,,1.706e-18,,1.034e-18,,7.843e-1,,,,1.793e-17,2.862e-16
589.39,1.003e+2,1.745e-20,9.949e-7,4.703e-43,9.341e+1,,,1.611e-18,4.919e-21,,1.590e-15,4.120e-10,6.247e-25,9.400e-18,3.671e-19,2.489e-13,2.338e-20,4.597e-25,,6.130e-16,1.101e-18,1.842e-36,3.450e+0,,1.346e-25,6.054e-19,,3.506e-19,1.861e-20,2.776e-17,7.013e-2,1.479e-8,1.818e-19,8.477e-23,9.453e-2,2.984e-17,2.076e+0,8.499e-2,1.586e-18,7.637e-18,3.375e-1,,2.075e-10,,,2.384e-4,,,2.760e-19,,1.707e-18,,1.033e-18,,8.037e-1,,,,1.795e-17,2.862e-16
589.41,9.900e+1,1.743e-20,9.581e-7,4.701e-43,9.181e+1,,,1.611e-18,4.920e-21,,1.590e-15,3.083e-10,6.237e-25,9.400e-18,3.676e-19,2.624e-13,2.340e-20,4.599e-25,,4.081e-16,1.101e-18,1.844e-36,3.657e+0,,1.347e-25,6.053e-19,,3.507e-19,1.861e-20,2.778e-17,7.147e-2,1.446e-8,1.818e-19,8.472e-23,1.037e-1,2.986e-17,2.097e+0,7.328e-2,1.586e-18,7.633e-18,3.666e-1,,1.503e-10,,,2.838e-4,,,2.761e-19,,1.707e-18,,1.033e-18,,8.219e-1,,,,1.798e-17,2.862e-16
589.44,9.687e+1,1.739e-20,9.019e-7,4.699e-43,8.926e+1,,,1.611e-18,4.922e-21,,1.589e-15,1.987e-10,6.221e-25,9.400e-18,3.683e-19,2.828e-13,2.344e-20,4.602e-25,,2.207e-16,1.102e-18,1.848e-36,3.974e+0,,1.348e-25,6.051e-19,,3.508e-19,1.861e-20,2.781e-17,7.447e-2,1.392e-8,1.818e-19,8.464e-23,1.189e-1,2.988e-17,2.120e+0,5.843e-2,1.586e-18,7.628e-18,4.187e-1,,9.224e-11,,,3.670e-4,,,2.763e-19,,1.707e-18,,1.033e-18,,8.470e-1,,,,1.802e-17,2.863e-16
589.46,9.537e+1,1.737e-20,8.640e-7,4.697e-43,8.748e+1,,,1.611e-18,4.923e-21,,1.589e-15,1.479e-10,6.211e-25,9.400e-18,3.688e-19,2.965e-13,2.347e-20,4.604e-25,,1.461e-16,1.102e-18,1.850e-36,4.189e+0,,1.349e-25,6.050e-19,,3.509e-19,1.862e-20,2.782e-17,7.711e-2,1.354e-8,1.818e-19,8.459e-23,1.300e-1,2.990e-17,2.130e+0,5.010e-2,1.586e-18,7.624e-18,4.593e-1,,6.644e-11,,,4.344e-4,,,2.765e-19,,1.707e-18,,1.032e-18,,8.621e-1,,,,1.804e-17,2.863e-16
589.49,9.302e+1,1.733e-20,8.069e-7,4.694e-43,8.468e+1,,,1.611e-18,4.925e-21,,1.588e-15,9.451e-11,6.196e-25,9.399e-18,3.695e-19,3.170e-13,2.351e-20,4.608e-25,,7.834e-17,1.103e-18,1.853e-36,4.516e+0,,1.350e-25,6.049e-19,,3.510e-19,1.862e-20,2.785e-17,8.205e-2,1.293e-8,1.819e-19,8.451e-23,1.483e-1,2.993e-17,2.137e+0,3.961e-2,1.586e-18,7.619e-18,5.292e-1,,4.045e-11,,,5.572e-4,,,2.767e-19,,1.707e-18,,1.032e-18,,8.822e-1,,,,1.808e-17,2.863e-16
589.51,9.138e+1,1.731e-20,7.689e-7,4.693e-43,8.275e+1,,,1.611e-18,4.926e-21,,1.588e-15,6.994e-11,6.185e-25,9.399e-18,3.700e-19,3.306e-13,2.354e-20,4.610e-25,,5.157e-17,1.103e-18,1.856e-36,4.735e+0,,1.351e-25,6.048e-19,,3.511e-19,1.862e-20,2.787e-17,8.599e-2,1.251e-8,1.819e-19,8.446e-23,1.615e-1,2.995e-17,2.136e+0,3.378e-2,1.586e-18,7.615e-18,5.822e-1,,2.897e-11,,,6.560e-4,,,2.768e-19,,1.707e-18,,1.032e-18,,8.939e-1,,,,1.811e-17,2.864e-16
589.54,8.884e+1,1.727e-20,7.124e-7,4.690e-43,7.976e+1,,,1.611e-18,4.928e-21,,1.588e-15,4.433e-11,6.170e-25,9.399e-18,3.707e-19,3.505e-13,2.358e-20,4.613e-25,,2.742e-17,1.104e-18,1.859e-36,5.062e+0,,1.352e-25,6.046e-19,,3.512e-19,1.862e-20,2.789e-17,9.286e-2,1.185e-8,1.819e-19,8.438e-23,1.829e-1,2.997e-17,2.127e+0,2.649e-2,1.586e-18,7.610e-18,6.715e-1,,1.749e-11,,,8.345e-4,,,2.770e-19,,1.708e-18,,1.031e-18,,9.085e-1,,,,1.814e-17,2.864e-16
589.56,8.709e+1,1.725e-20,6.753e-7,4.688e-43,7.772e+1,,,1.611e-18,4.929e-21,,1.587e-15,3.262e-11,6.160e-25,9.399e-18,3.712e-19,3.634e-13,2.360e-20,4.615e-25,,1.795e-17,1.104e-18,1.861e-36,5.277e+0,,1.353e-25,6.045e-19,,3.513e-19,1.862e-20,2.791e-17,9.805e-2,1.140e-8,1.819e-19,8.432e-23,1.982e-1,2.999e-17,2.116e+0,2.246e-2,1.586e-18,7.606e-18,7.378e-1,,1.246e-11,,,9.771e-4,,,2.771e-19,,1.708e-18,,1.031e-18,,9.164e-1,,,,1.817e-17,2.864e-16
589.59,8.440e+1,1.721e-20,6.208e-7,4.685e-43,7.459e+1,,,1.611e-18,4.931e-21,,1.587e-15,2.051e-11,6.144e-25,9.399e-18,3.719e-19,3.822e-13,2.364e-20,4.618e-25,,9.468e-18,1.105e-18,1.864e-36,5.596e+0,,1.354e-25,6.043e-19,,3.514e-19,1.863e-20,2.794e-17,1.068e-1,1.071e-8,1.819e-19,8.424e-23,2.228e-1,3.002e-17,2.092e+0,1.747e-2,1.586e-18,7.601e-18,8.480e-1,,7.459e-12,,,1.233e-3,,,2.773e-19,,1.708e-18,,1.031e-18,,9.253e-1,,,,1.821e-17,2.865e-16
589.61,8.257e+1,1.718e-20,5.854e-7,4.684e-43,7.247e+1,,,1.611e-18,4.932e-21,,1.587e-15,1.501e-11,6.134e-25,9.399e-18,3.724e-19,3.941e-13,2.367e-20,4.620e-25,,6.163e-18,1.105e-18,1.867e-36,5.802e+0,,1.355e-25,6.042e-19,,3.515e-19,1.863e-20,2.795e-17,1.131e-1,1.025e-8,1.819e-19,8.419e-23,2.402e-1,3.004e-17,2.071e+0,1.473e-2,1.586e-18,7.597e-18,9.288e-1,,5.283e-12,,,1.436e-3,,,2.774e-19,,1.708e-18,,1.030e-18,,9.293e-1,,,,1.823e-17,2.865e-16
589.64,7.979e+1,1.715e-20,5.339e-7,4.681e-43,6.925e+1,,,1.611e-18,4.934e-21,,1.586e-15,9.357e-12,6.118e-25,9.399e-18,3.731e-19,4.111e-13,2.371e-20,4.624e-25,,6.158e-18,1.106e-18,1.870e-36,6.102e+0,,1.356e-25,6.041e-19,,3.516e-19,1.863e-20,2.798e-17,1.235e-1,9.562e-9,1.820e-19,8.411e-23,2.679e-1,3.006e-17,2.033e+0,1.136e-2,1.586e-18,7.592e-18,1.061e+0,,3.137e-12,,,1.797e-3,,,2.776e-19,,1.708e-18,,1.030e-18,,9.324e-1,,,,1.827e-17,2.865e-16
589.66,7.790e+1,1.712e-20,5.008e-7,4.679e-43,6.709e+1,,,1.611e-18,4.935e-21,,1.586e-15,6.809e-12,6.108e-25,9.398e-18,3.736e-19,4.216e-13,2.374e-20,4.626e-25,,6.154e-18,1.106e-18,1.872e-36,6.292e+0,,1.356e-25,6.040e-19,,3.517e-19,1.863e-20,2.800e-17,1.310e-1,9.103e-9,1.820e-19,8.406e-23,2.874e-1,3.008e-17,2.003e+0,9.530e-3,1.586e-18,7.588e-18,1.157e+0,,2.210e-12,,,2.081e-3,,,2.777e-19,,1.708e-18,,1.030e-18,,9.325e-1,,,,1.829e-17,2.865e-16
589.69,7.505e+1,1.709e-20,4.531e-7,4.677e-43,6.382e+1,,,1.610e-18,4.937e-21,,1.586e-15,4.210e-12,6.093e-25,9.398e-18,3.743e-19,4.361e-13,2.378e-20,4.629e-25,,6.148e-18,1.106e-18,1.876e-36,6.563e+0,,1.358e-25,6.038e-19,,3.519e-19,1.863e-20,2.802e-17,1.429e-1,8.422e-9,1.820e-19,8.398e-23,3.179e-1,3.011e-17,1.953e+0,7.290e-3,1.586e-18,7.583e-18,1.313e+0,,1.301e-12,,,2.583e-3,,,2.779e-19,,1.709e-18,,1.029e-18,,9.298e-1,,,,1.833e-17,2.866e-16
589.71,7.313e+1,1.706e-20,4.228e-7,4.675e-43,6.163e+1,,,1.610e-18,4.938e-21,,1.585e-15,3.047e-12,6.082e-25,9.398e-18,3.748e-19,4.448e-13,2.380e-20,4.631e-25,,6.144e-18,1.107e-18,1.878e-36,6.731e+0,,1.358e-25,6.037e-19,,3.519e-19,1.863e-20,2.804e-17,1.513e-1,7.976e-9,1.820e-19,8.393e-23,3.392e-1,3.013e-17,1.916e+0,6.080e-3,1.586e-18,7.579e-18,1.425e+0,,9.114e-13,,,2.974e-3,,,2.781e-19,,1.709e-18,,1.029e-18,,9.262e-1,,,,1.836e-17,2.866e-16
589.74,7.024e+1,1.703e-20,3.796e-7,4.672e-43,5.836e+1,,,1.610e-18,4.940e-21,,1.585e-15,1.868e-12,6.067e-25,9.398e-18,3.755e-19,4.563e-13,2.384e-20,4.634e-25,,6.139e-18,1.107e-18,1.881e-36,6.962e+0,,1.359e-25,6.035e-19,,3.521e-19,1.864e-20,2.807e-17,1.645e-1,7.322e-9,1.820e-19,8.385e-23,3.722e-1,3.015e-17,1.857e+0,4.612e-3,1.586e-18,7.574e-18,1.605e+0,,5.322e-13,,,3.662e-3,,,2.782e-19,,1.709e-18,,1.029e-18,,9.181e-1,,,,1.840e-17,2.866e-16
589.76,6.832e+1,1.700e-20,3.523e-7,4.670e-43,5.618e+1,,,1.610e-18,4.941e-21,,1.585e-15,1.345e-12,6.057e-25,9.398e-18,3.760e-19,4.629e-13,2.387e-20,4.636e-25,,6.135e-18,1.108e-18,1.883e-36,7.101e+0,,1.360e-25,6.034e-19,,3.522e-19,1.864e-20,2.808e-17,1.737e-1,6.898e-9,1.820e-19,8.380e-23,3.949e-1,3.017e-17,1.814e+0,3.826e-3,1.586e-18,7.570e-18,1.733e+0,,3.707e-13,,,4.194e-3,,,2.784e-19,,1.709e-18,,1.028e-18,,9.110e-1,,,,1.842e-17,2.866e-16
589.78,6.639e+1,1.698e-20,3.263e-7,4.669e-43,5.402e+1,,,1.610e-18,4.942e-21,,1.584e-15,9.655e-13,6.046e-25,9.398e-18,3.765e-19,4.685e-13,2.390e-20,4.638e-25,,6.131e-18,1.108e-18,1.886e-36,7.227e+0,,1.361e-25,6.033e-19,,3.522e-19,1.864e-20,2.810e-17,1.831e-1,6.486e-9,1.821e-19,8.374e-23,4.181e-1,3.019e-17,1.770e+0,3.166e-3,1.586e-18,7.567e-18,1.866e+0,,2.577e-13,,,4.794e-3,,,2.785e-19,,1.709e-18,,1.028e-18,,9.026e-1,,,,1.845e-17,2.867e-16
589.81,6.351e+1,1.694e-20,2.897e-7,4.666e-43,5.080e+1,,,1.610e-18,4.944e-21,,1.584e-15,5.851e-13,6.031e-25,9.397e-18,3.772e-19,4.751e-13,2.394e-20,4.641e-25,,6.126e-18,1.109e-18,1.889e-36,7.390e+0,,1.362e-25,6.032e-19,,3.524e-19,1.864e-20,2.813e-17,1.975e-1,5.891e-9,1.821e-19,8.367e-23,4.536e-1,3.022e-17,1.701e+0,2.374e-3,1.586e-18,7.561e-18,2.078e+0,,1.487e-13,,,5.834e-3,,,2.787e-19,,1.709e-18,,1.028e-18,,8.878e-1,,,,1.848e-17,2.867e-16
589.83,6.161e+1,1.692e-20,2.669e-7,4.664e-43,4.868e+1,,,1.610e-18,4.945e-21,,1.584e-15,4.179e-13,6.021e-25,9.397e-18,3.777e-19,4.783e-13,2.396e-20,4.644e-25,,6.122e-18,1.109e-18,1.891e-36,7.480e+0,,1.363e-25,6.031e-19,,3.525e-19,1.864e-20,2.814e-17,2.073e-1,5.511e-9,1.821e-19,8.361e-23,4.776e-1,3.023e-17,1.654e+0,1.954e-3,1.586e-18,7.558e-18,2.227e+0,,1.028e-13,,,6.632e-3,,,2.788e-19,,1.709e-18,,1.027e-18,,8.764e-1,,,,1.851e-17,2.867e-16
589.86,5.877e+1,1.688e-20,2.351e-7,4.662e-43,4.554e+1,,,1.610e-18,4.947e-21,,1.583e-15,2.511e-13,6.005e-25,9.397e-18,3.784e-19,4.811e-13,2.400e-20,4.647e-25,,6.116e-18,1.110e-18,1.895e-36,7.585e+0,,1.364e-25,6.029e-19,,3.526e-19,1.865e-20,2.817e-17,2.222e-1,4.968e-9,1.821e-19,8.353e-23,5.139e-1,3.026e-17,1.582e+0,1.453e-3,1.586e-18,7.552e-18,2.460e+0,,5.883e-14,,,8.005e-3,,,2.790e-19,,1.710e-18,,1.027e-18,,8.575e-1,,,,1.855e-17,2.868e-16
589.88,5.690e+1,1.686e-20,2.155e-7,4.660e-43,4.349e+1,,,1.610e-18,4.948e-21,,1.583e-15,1.783e-13,5.995e-25,9.397e-18,3.789e-19,4.816e-13,2.403e-20,4.649e-25,,6.112e-18,1.110e-18,1.897e-36,7.636e+0,,1.365e-25,6.028e-19,,3.527e-19,1.865e-20,2.819e-17,2.321e-1,4.624e-9,1.821e-19,8.348e-23,5.381e-1,3.028e-17,1.534e+0,1.189e-3,1.586e-18,7.549e-18,2.621e+0,,4.044e-14,,,9.050e-3,,,2.791e-19,,1.710e-18,,1.027e-18,,8.436e-1,,,,1.857e-17,2.868e-16
589.91,5.413e+1,1.682e-20,1.884e-7,4.657e-43,4.047e+1,,,1.610e-18,4.950e-21,,1.582e-15,1.063e-13,5.979e-25,9.397e-18,3.796e-19,4.804e-13,2.407e-20,4.652e-25,,6.107e-18,1.111e-18,1.900e-36,7.680e+0,,1.366e-25,6.026e-19,,3.528e-19,1.865e-20,2.821e-17,2.469e-1,4.138e-9,1.822e-19,8.340e-23,5.743e-1,3.031e-17,1.461e+0,8.772e-4,1.586e-18,7.543e-18,2.872e+0,,2.295e-14,,,1.083e-2,,,2.793e-19,,1.710e-18,,1.026e-18,,8.212e-1,,,,1.861e-17,2.868e-16
589.93,5.232e+1,1.680e-20,1.717e-7,4.655e-43,3.850e+1,,,1.610e-18,4.951e-21,,1.582e-15,7.507e-14,5.969e-25,9.397e-18,3.801e-19,4.783e-13,2.410e-20,4.654e-25,,6.103e-18,1.111e-18,1.902e-36,7.688e+0,,1.366e-25,6.025e-19,,3.529e-19,1.865e-20,2.823e-17,2.567e-1,3.833e-9,1.822e-19,8.335e-23,5.981e-1,3.032e-17,1.413e+0,7.140e-4,1.586e-18,7.540e-18,3.044e+0,,1.569e-14,,,1.218e-2,,,2.795e-19,,1.710e-18,,1.026e-18,,8.053e-1,,,,1.863e-17,2.868e-16
589.96,4.964e+1,1.676e-20,1.489e-7,4.653e-43,3.562e+1,,,1.610e-18,4.953e-21,,1.582e-15,4.437e-14,5.954e-25,9.396e-18,3.808e-19,4.732e-13,2.414e-20,4.657e-25,,6.097e-18,1.111e-18,1.906e-36,7.669e+0,,1.368e-25,6.024e-19,,3.530e-19,1.865e-20,2.826e-17,2.710e-1,3.405e-9,1.822e-19,8.327e-23,6.331e-1,3.035e-17,1.341e+0,5.222e-4,1.586e-18,7.534e-18,3.308e+0,,8.832e-15,,,1.446e-2,,,2.797e-19,,1.710e-18,,1.026e-18,,7.802e-1,,,,1.867e-17,2.869e-16
589.98,4.789e+1,1.674e-20,1.351e-7,4.651e-43,3.376e+1,,,1.610e-18,4.954e-21,,1.581e-15,3.116e-14,5.943e-25,9.396e-18,3.813e-19,4.685e-13,2.416e-20,4.659e-25,,6.094e-18,1.112e-18,1.908e-36,7.636e+0,,1.368e-25,6.023e-19,,3.531e-19,1.866e-20,2.827e-17,2.803e-1,3.139e-9,1.822e-19,8.322e-23,6.557e-1,3.037e-17,1.294e+0,4.228e-4,1.586e-18,7.531e-18,3.487e+0,,6.004e-15,,,1.617e-2,,,2.798e-19,,1.710e-18,,1.025e-18,,7.627e-1,,,,1.870e-17,2.869e-16
590.01,4.533e+1,1.670e-20,1.162e-7,4.648e-43,3.106e+1,,,1.610e-18,4.956e-21,,1.581e-15,1.827e-14,5.928e-25,9.396e-18,3.820e-19,4.597e-13,2.420e-20,4.663e-25,,6.088e-18,1.112e-18,1.911e-36,7.555e+0,,1.369e-25,6.021e-19,,3.532e-19,1.866e-20,2.830e-17,2.936e-1,2.770e-9,1.822e-19,8.314e-23,6.883e-1,3.040e-17,1.226e+0,3.066e-4,1.586e-18,7.525e-18,3.758e+0,,3.351e-15,,,1.904e-2,,,2.800e-19,,1.711e-18,,1.025e-18,,7.355e-1,,,,1.873e-17,2.869e-16
590.03,4.366e+1,1.668e-20,1.048e-7,4.647e-43,2.931e+1,,,1.610e-18,4.957e-21,,1.581e-15,1.276e-14,5.918e-25,9.396e-18,3.825e-19,4.527e-13,2.423e-20,4.665e-25,,6.084e-18,1.113e-18,1.914e-36,7.480e+0,,1.370e-25,6.020e-19,,3.533e-19,1.866e-20,2.832e-17,3.020e-1,2.542e-9,1.822e-19,8.309e-23,7.090e-1,3.041e-17,1.182e+0,2.469e-4,1.586e-18,7.522e-18,3.939e+0,,2.266e-15,,,2.118e-2,,,2.801e-19,,1.711e-18,,1.025e-18,,7.168e-1,,,,1.876e-17,2.869e-16
590.06,4.123e+1,1.664e-20,8.949e-8,4.644e-43,2.680e+1,,,1.610e-18,4.959e-21,,1.580e-15,7.416e-15,5.902e-25,9.396e-18,3.833e-19,4.405e-13,2.427e-20,4.668e-25,,6.078e-18,1.113e-18,1.917e-36,7.340e+0,,1.371e-25,6.019e-19,,3.534e-19,1.866e-20,2.834e-17,3.138e-1,2.227e-9,1.823e-19,8.301e-23,7.382e-1,3.044e-17,1.118e+0,1.776e-4,1.586e-18,7.516e-18,4.211e+0,,1.254e-15,,,2.474e-2,,,2.803e-19,,1.711e-18,,1.024e-18,,6.883e-1,,,,1.880e-17,2.870e-16
590.08,3.966e+1,1.662e-20,8.032e-8,4.642e-43,2.519e+1,,,1.610e-18,4.960e-21,,1.580e-15,5.151e-15,5.892e-25,9.396e-18,3.837e-19,4.314e-13,2.430e-20,4.670e-25,,6.075e-18,1.114e-18,1.919e-36,7.228e+0,,1.372e-25,6.017e-19,,3.535e-19,1.866e-20,2.836e-17,3.210e-1,2.035e-9,1.823e-19,8.295e-23,7.563e-1,3.046e-17,1.077e+0,1.422e-4,1.586e-18,7.513e-18,4.390e+0,,8.431e-16,,,2.736e-2,,,2.804e-19,,1.711e-18,,1.024e-18,,6.689e-1,,,,1.882e-17,2.870e-16
590.11,3.738e+1,1.658e-20,6.804e-8,4.640e-43,2.289e+1,,,1.609e-18,4.962e-21,,1.580e-15,2.969e-15,5.877e-25,9.396e-18,3.845e-19,4.164e-13,2.434e-20,4.673e-25,,6.069e-18,1.114e-18,1.923e-36,7.034e+0,,1.373e-25,6.016e-19,,3.537e-19,1.867e-20,2.839e-17,3.309e-1,1.771e-9,1.823e-19,8.287e-23,7.810e-1,3.049e-17,1.019e+0,1.014e-4,1.586e-18,7.507e-18,4.654e+0,,4.628e-16,,,3.169e-2,,,2.806e-19,,1.711e-18,,1.024e-18,,6.395e-1,,,,1.886e-17,2.870e-16
590.13,3.591e+1,1.656e-20,6.075e-8,4.638e-43,2.142e+1,,,1.609e-18,4.963e-21,,1.579e-15,2.051e-15,5.866e-25,9.395e-18,3.849e-19,4.056e-13,2.436e-20,4.675e-25,,6.065e-18,1.115e-18,1.925e-36,6.889e+0,,1.374e-25,6.015e-19,,3.537e-19,1.867e-20,2.840e-17,3.367e-1,1.611e-9,1.823e-19,8.282e-23,7.957e-1,3.050e-17,9.821e-1,8.076e-5,1.586e-18,7.504e-18,4.826e+0,,3.094e-16,,,3.486e-2,,,2.807e-19,,1.711e-18,,1.023e-18,,6.197e-1,,,,1.889e-17,2.871e-16
590.15,3.448e+1,1.653e-20,5.413e-8,4.636e-43,2.001e+1,,,1.609e-18,4.964e-21,,1.579e-15,1.413e-15,5.856e-25,9.395e-18,3.854e-19,3.941e-13,2.439e-20,4.677e-25,,6.062e-18,1.115e-18,1.927e-36,6.732e+0,,1.375e-25,6.014e-19,,3.538e-19,1.867e-20,2.842e-17,3.419e-1,1.463e-9,1.823e-19,8.277e-23,8.089e-1,3.052e-17,9.467e-1,6.416e-5,1.586e-18,7.500e-18,4.993e+0,,2.064e-16,,,3.827e-2,,,2.809e-19,,1.712e-18,,1.023e-18,,5.999e-1,,,,1.891e-17,2.871e-16
590.18,3.241e+1,1.650e-20,4.536e-8,4.633e-43,1.802e+1,,,1.609e-18,4.966e-21,,1.579e-15,8.053e-16,5.841e-25,9.395e-18,3.862e-19,3.760e-13,2.443e-20,4.681e-25,,6.056e-18,1.115e-18,1.930e-36,6.477e+0,,1.376e-25,6.012e-19,,3.540e-19,1.867e-20,2.845e-17,3.484e-1,1.263e-9,1.823e-19,8.269e-23,8.257e-1,3.055e-17,8.965e-1,4.524e-5,1.586e-18,7.495e-18,5.233e+0,,1.120e-16,,,4.382e-2,,,2.811e-19,,1.712e-18,,1.023e-18,,5.701e-1,,,,1.895e-17,2.871e-16
590.2,3.109e+1,1.647e-20,4.021e-8,4.632e-43,1.676e+1,,,1.609e-18,4.967e-21,,1.578e-15,5.520e-16,5.830e-25,9.395e-18,3.866e-19,3.634e-13,2.446e-20,4.683e-25,,6.052e-18,1.116e-18,1.933e-36,6.295e+0,,1.377e-25,6.011e-19,,3.540e-19,1.867e-20,2.847e-17,3.519e-1,1.143e-9,1.824e-19,8.264e-23,8.348e-1,3.057e-17,8.651e-1,3.574e-5,2.420e-18,7.491e-18,5.384e+0,,7.429e-17,,,4.783e-2,,,2.812e-19,,1.712e-18,,1.022e-18,,5.504e-1,,,,1.897e-17,2.871e-16
590.23,2.918e+1,1.644e-20,3.344e-8,4.629e-43,1.498e+1,,,1.609e-18,4.969e-21,,1.578e-15,3.119e-16,5.815e-25,9.395e-18,3.874e-19,3.439e-13,2.450e-20,4.686e-25,,6.046e-18,1.116e-18,1.936e-36,6.006e+0,,1.378e-25,6.010e-19,,3.542e-19,1.868e-20,2.849e-17,3.556e-1,9.805e-10,1.824e-19,8.256e-23,8.452e-1,3.059e-17,8.206e-1,2.500e-5,4.545e-18,7.486e-18,5.596e+0,,3.997e-17,,,5.433e-2,,,2.814e-19,,1.712e-18,,1.022e-18,,5.209e-1,,,,1.901e-17,2.872e-16
590.25,2.796e+1,1.641e-20,2.950e-8,4.627e-43,1.387e+1,,,1.609e-18,4.970e-21,,1.578e-15,2.126e-16,5.805e-25,9.395e-18,3.878e-19,3.306e-13,2.452e-20,4.688e-25,,6.043e-18,1.117e-18,1.938e-36,5.806e+0,,1.378e-25,6.008e-19,,3.543e-19,1.868e-20,2.851e-17,3.572e-1,8.838e-10,1.824e-19,8.251e-23,8.499e-1,3.061e-17,7.929e-1,1.964e-5,6.898e-18,7.482e-18,5.727e+0,,2.637e-17,,,5.898e-2,,,2.815e-19,,1.712e-18,,1.022e-18,,5.015e-1,,,,1.904e-17,2.872e-16
590.28,2.621e+1,1.638e-20,2.435e-8,4.625e-43,1.231e+1,,,1.609e-18,4.972e-21,,1.577e-15,1.191e-16,5.789e-25,9.394e-18,3.886e-19,3.102e-13,2.456e-20,4.691e-25,,6.037e-18,1.117e-18,1.942e-36,5.495e+0,,1.380e-25,6.007e-19,,3.544e-19,1.868e-20,2.854e-17,3.580e-1,7.544e-10,1.824e-19,8.243e-23,8.534e-1,3.064e-17,7.538e-1,1.362e-5,1.285e-17,7.477e-18,5.904e+0,,1.407e-17,,,6.645e-2,,,2.817e-19,,1.712e-18,,1.021e-18,,4.726e-1,,,,1.907e-17,2.872e-16
590.3,2.510e+1,1.635e-20,2.138e-8,4.623e-43,1.134e+1,,,1.609e-18,4.973e-21,,1.577e-15,8.074e-17,5.779e-25,9.394e-18,3.890e-19,2.965e-13,2.459e-20,4.693e-25,,6.033e-18,1.118e-18,1.944e-36,5.283e+0,,1.380e-25,6.006e-19,,3.545e-19,1.868e-20,2.855e-17,3.576e-1,6.778e-10,1.824e-19,8.237e-23,8.534e-1,3.066e-17,7.294e-1,1.064e-5,1.940e-17,7.473e-18,6.009e+0,,9.230e-18,,,7.174e-2,,,2.818e-19,,1.713e-18,,1.021e-18,,4.537e-1,,,,1.910e-17,2.873e-16
590.33,2.351e+1,1.632e-20,1.752e-8,4.620e-43,9.999e+0,,,1.609e-18,4.975e-21,,1.576e-15,4.487e-17,5.763e-25,9.394e-18,3.898e-19,2.760e-13,2.463e-20,4.697e-25,,6.028e-18,1.118e-18,1.947e-36,4.960e+0,,1.381e-25,6.004e-19,,3.546e-19,1.868e-20,2.858e-17,3.556e-1,5.759e-10,1.824e-19,8.229e-23,8.499e-1,3.068e-17,6.951e-1,7.320e-6,3.584e-17,7.468e-18,6.144e+0,,4.884e-18,,,8.016e-2,,,2.820e-19,,1.713e-18,,1.021e-18,,4.258e-1,,,,1.914e-17,2.873e-16
590.35,2.250e+1,1.629e-20,1.532e-8,4.618e-43,9.169e+0,,,1.609e-18,4.976e-21,,1.576e-15,3.024e-17,5.753e-25,9.394e-18,3.903e-19,2.624e-13,2.466e-20,4.699e-25,,6.024e-18,1.119e-18,1.949e-36,4.743e+0,,1.382e-25,6.003e-19,,3.547e-19,1.869e-20,2.860e-17,3.532e-1,5.159e-10,1.825e-19,8.224e-23,8.452e-1,3.070e-17,6.736e-1,5.688e-6,5.381e-17,7.464e-18,6.218e+0,,3.186e-18,,,8.607e-2,,,2.821e-19,,1.713e-18,,1.020e-18,,4.075e-1,,,,1.916e-17,2.873e-16
590.38,2.105e+1,1.626e-20,1.247e-8,4.616e-43,8.022e+0,,,1.609e-18,4.978e-21,,1.576e-15,1.667e-17,5.738e-25,9.394e-18,3.910e-19,2.422e-13,2.470e-20,4.702e-25,,6.018e-18,1.119e-18,1.953e-36,4.417e+0,,1.383e-25,6.002e-19,,3.548e-19,1.869e-20,2.862e-17,3.483e-1,4.368e-10,1.825e-19,8.216e-23,8.348e-1,3.073e-17,6.432e-1,3.880e-6,9.861e-17,7.459e-18,6.306e+0,,3.183e-18,,,9.538e-2,,,2.823e-19,,1.713e-18,,1.020e-18,,3.807e-1,,,,1.920e-17,2.873e-16
590.4,2.013e+1,1.623e-20,1.085e-8,4.614e-43,7.320e+0,,,1.609e-18,4.979e-21,,1.575e-15,1.117e-17,5.727e-25,9.394e-18,3.915e-19,2.290e-13,2.472e-20,4.704e-25,,6.015e-18,1.120e-18,1.955e-36,4.202e+0,,1.384e-25,6.001e-19,,3.549e-19,1.869e-20,2.864e-17,3.441e-1,3.905e-10,1.825e-19,8.211e-23,8.257e-1,3.075e-17,6.241e-1,2.999e-6,1.473e-16,7.455e-18,6.348e+0,,3.180e-18,,,1.019e-1,,,2.825e-19,,1.713e-18,,1.020e-18,,3.633e-1,,,,1.923e-17,2.874e-16
590.43,1.882e+1,1.620e-20,8.788e-9,4.611e-43,6.357e+0,,,1.609e-18,4.981e-21,,1.575e-15,6.105e-18,5.712e-25,9.393e-18,3.922e-19,2.097e-13,2.476e-20,4.707e-25,,6.009e-18,1.120e-18,1.958e-36,3.883e+0,,1.385e-25,5.999e-19,,3.550e-19,1.869e-20,2.867e-17,3.366e-1,3.299e-10,1.825e-19,8.203e-23,8.089e-1,3.077e-17,5.970e-1,2.029e-6,2.677e-16,7.450e-18,6.384e+0,,3.176e-18,,,1.120e-1,,,2.826e-19,,1.713e-18,,1.019e-18,,3.379e-1,,,,1.926e-17,2.874e-16
590.45,1.798e+1,1.617e-20,7.621e-9,4.610e-43,5.772e+0,,,1.609e-18,4.982e-21,,1.575e-15,4.070e-18,5.702e-25,9.393e-18,3.927e-19,1.972e-13,2.479e-20,4.709e-25,,6.005e-18,1.120e-18,1.961e-36,3.675e+0,,1.386e-25,5.998e-19,,3.551e-19,1.869e-20,2.868e-17,3.307e-1,2.947e-10,1.825e-19,8.198e-23,7.957e-1,3.079e-17,5.799e-1,1.559e-6,3.976e-16,7.446e-18,6.391e+0,,3.174e-18,,,1.189e-1,,,2.828e-19,,1.714e-18,,1.019e-18,,3.214e-1,,,,1.929e-17,2.874e-16
590.48,1.680e+1,1.613e-20,6.142e-9,4.607e-43,4.975e+0,,,1.609e-18,4.984e-21,,1.574e-15,2.206e-18,5.686e-25,9.393e-18,3.934e-19,1.790e-13,2.483e-20,4.712e-25,,5.999e-18,1.121e-18,1.964e-36,3.371e+0,,1.387e-25,5.996e-19,,3.552e-19,1.870e-20,2.871e-17,3.208e-1,2.490e-10,1.825e-19,8.190e-23,7.731e-1,3.082e-17,5.554e-1,1.046e-6,7.169e-16,7.441e-18,6.375e+0,,3.170e-18,,,1.296e-1,,,2.830e-19,,1.714e-18,,1.019e-18,,2.974e-1,,,,1.933e-17,2.875e-16
590.5,1.604e+1,1.611e-20,5.313e-9,4.605e-43,4.494e+0,,,1.609e-18,4.985e-21,,1.574e-15,1.462e-18,5.676e-25,9.393e-18,3.939e-19,1.674e-13,2.486e-20,4.715e-25,,5.996e-18,1.121e-18,1.966e-36,3.175e+0,,1.388e-25,5.995e-19,,3.553e-19,1.870e-20,2.873e-17,3.135e-1,2.227e-10,1.826e-19,8.185e-23,7.563e-1,3.084e-17,5.399e-1,7.993e-7,1.059e-15,7.437e-18,6.348e+0,,3.167e-18,,,1.369e-1,,,2.831e-19,,1.714e-18,,1.018e-18,,2.820e-1,,,,1.935e-17,2.875e-16
590.52,1.532e+1,1.609e-20,4.592e-9,4.603e-43,4.052e+0,,,1.609e-18,4.986e-21,,1.574e-15,9.671e-19,5.666e-25,9.393e-18,3.944e-19,1.562e-13,2.488e-20,4.717e-25,,5.992e-18,1.122e-18,1.968e-36,2.984e+0,,1.389e-25,5.994e-19,,3.554e-19,1.870e-20,2.874e-17,3.056e-1,1.996e-10,1.826e-19,8.179e-23,7.382e-1,3.085e-17,5.248e-1,6.096e-7,1.561e-15,7.434e-18,6.306e+0,,3.165e-18,,,1.443e-1,,,2.832e-19,,1.714e-18,,1.018e-18,,2.670e-1,,,,1.938e-17,2.875e-16
590.55,1.429e+1,1.605e-20,3.689e-9,4.601e-43,3.455e+0,,,1.608e-18,4.988e-21,,1.573e-15,5.181e-19,5.650e-25,9.393e-18,3.951e-19,1.402e-13,2.492e-20,4.720e-25,,5.986e-18,1.122e-18,1.972e-36,2.711e+0,,1.390e-25,5.993e-19,,3.556e-19,1.870e-20,2.877e-17,2.931e-1,1.700e-10,1.826e-19,8.171e-23,7.090e-1,3.088e-17,5.031e-1,4.042e-7,2.783e-15,7.428e-18,6.218e+0,,3.161e-18,,,1.555e-1,,,2.834e-19,,1.714e-18,,1.018e-18,,2.453e-1,,,,1.941e-17,2.875e-16
590.57,1.364e+1,1.603e-20,3.187e-9,4.599e-43,3.099e+0,,,1.608e-18,4.989e-21,,1.573e-15,3.408e-19,5.640e-25,9.393e-18,3.956e-19,1.301e-13,2.495e-20,4.722e-25,,5.983e-18,1.123e-18,1.974e-36,2.539e+0,,1.390e-25,5.992e-19,,3.556e-19,1.870e-20,2.879e-17,2.842e-1,1.534e-10,1.826e-19,8.166e-23,6.883e-1,3.090e-17,4.892e-1,3.066e-7,4.081e-15,7.425e-18,6.144e+0,,3.158e-18,,,1.630e-1,,,2.835e-19,,1.714e-18,,1.018e-18,,2.314e-1,,,,1.944e-17,2.876e-16
590.6,1.270e+1,1.599e-20,2.563e-9,4.596e-43,2.622e+0,,,1.608e-18,4.991e-21,,1.572e-15,1.810e-19,5.624e-25,9.392e-18,3.963e-19,1.158e-13,2.499e-20,4.725e-25,,5.977e-18,1.123e-18,1.977e-36,2.294e+0,,1.392e-25,5.990e-19,,3.558e-19,1.871e-20,2.881e-17,2.703e-1,1.328e-10,1.826e-19,8.158e-23,6.557e-1,3.093e-17,4.692e-1,2.016e-7,7.215e-15,7.419e-18,6.009e+0,,3.155e-18,,,1.742e-1,,,2.837e-19,,1.715e-18,,1.017e-18,,2.115e-1,,,,1.948e-17,2.876e-16
590.62,1.211e+1,1.597e-20,2.219e-9,4.595e-43,2.339e+0,,,1.608e-18,4.992e-21,,1.572e-15,1.184e-19,5.614e-25,9.392e-18,3.968e-19,1.069e-13,2.502e-20,4.727e-25,,5.973e-18,1.124e-18,1.980e-36,2.140e+0,,1.392e-25,5.989e-19,,3.559e-19,1.871e-20,2.883e-17,2.607e-1,1.216e-10,1.826e-19,8.153e-23,6.330e-1,3.094e-17,4.564e-1,1.521e-7,1.052e-14,7.416e-18,5.904e+0,,3.152e-18,,,1.816e-1,,,2.839e-19,,1.715e-18,,1.017e-18,,1.987e-1,,,,1.950e-17,2.876e-16
590.65,1.127e+1,1.593e-20,1.794e-9,4.592e-43,1.964e+0,,,1.608e-18,4.994e-21,,1.572e-15,6.239e-20,5.599e-25,9.392e-18,3.975e-19,9.438e-14,2.506e-20,4.730e-25,,5.967e-18,1.124e-18,1.983e-36,1.927e+0,,1.393e-25,5.987e-19,,3.560e-19,1.871e-20,2.886e-17,2.459e-1,1.084e-10,1.827e-19,8.145e-23,5.981e-1,3.097e-17,4.379e-1,9.918e-8,1.845e-14,7.410e-18,5.727e+0,,3.148e-18,,,1.926e-1,,,2.840e-19,,1.715e-18,,1.016e-18,,1.806e-1,,,,1.954e-17,2.877e-16
590.67,1.074e+1,1.591e-20,1.562e-9,4.590e-43,1.743e+0,,,1.608e-18,4.995e-21,,1.571e-15,6.202e-20,5.588e-25,9.392e-18,3.980e-19,8.662e-14,2.508e-20,4.732e-25,,5.964e-18,1.125e-18,1.985e-36,1.795e+0,,1.394e-25,5.986e-19,,3.561e-19,1.871e-20,2.887e-17,2.358e-1,1.018e-10,1.827e-19,8.140e-23,5.743e-1,3.099e-17,4.261e-1,7.439e-8,2.676e-14,7.407e-18,5.596e+0,,3.146e-18,,,1.996e-1,,,4.341e-19,,1.715e-18,,1.016e-18,,1.691e-1,,,,1.957e-17,2.877e-16
590.7,9.980e+0,1.587e-20,1.276e-9,4.588e-43,1.452e+0,,,1.608e-18,4.997e-21,,1.571e-15,6.147e-20,5.573e-25,9.392e-18,3.987e-19,7.585e-14,2.512e-20,4.736e-25,,5.958e-18,1.125e-18,1.988e-36,1.614e+0,,1.395e-25,5.985e-19,,3.562e-19,1.871e-20,2.890e-17,2.206e-1,9.504e-11,1.827e-19,8.132e-23,5.381e-1,3.102e-17,4.092e-1,4.812e-8,4.656e-14,7.401e-18,5.384e+0,,3.142e-18,,,2.099e-1,,,8.170e-19,,1.715e-18,,1.016e-18,,1.527e-1,,,,1.960e-17,2.877e-16
590.72,9.501e+0,1.585e-20,1.121e-9,4.586e-43,1.282e+0,,,1.608e-18,4.998e-21,,1.571e-15,6.111e-20,5.563e-25,9.392e-18,3.992e-19,6.923e-14,2.515e-20,4.738e-25,,5.954e-18,1.125e-18,1.991e-36,1.505e+0,,1.396e-25,5.984e-19,,3.563e-19,1.872e-20,2.892e-17,2.104e-1,9.247e-11,1.827e-19,8.127e-23,5.138e-1,3.103e-17,3.986e-1,3.589e-8,6.716e-14,7.398e-18,5.233e+0,,3.139e-18,,,2.165e-1,,,1.242e-18,,1.715e-18,,1.016e-18,,1.424e-1,,,,1.963e-17,2.877e-16
590.75,8.819e+0,1.581e-20,9.318e-10,4.583e-43,1.059e+0,,,1.608e-18,5.000e-21,,1.570e-15,6.056e-20,5.547e-25,9.391e-18,3.999e-19,6.013e-14,2.519e-20,4.741e-25,,5.949e-18,1.126e-18,1.994e-36,1.358e+0,,1.397e-25,5.982e-19,,3.564e-19,1.872e-20,2.894e-17,1.952e-1,9.148e-11,1.827e-19,8.119e-23,4.775e-1,3.106e-17,3.836e-1,2.302e-8,1.159e-13,7.392e-18,4.993e+0,,3.135e-18,,,2.257e-1,,,2.318e-18,,1.715e-18,,1.015e-18,,1.278e-1,,,,1.967e-17,2.878e-16
590.77,8.390e+0,1.578e-20,8.297e-10,4.581e-43,9.302e-1,,,1.608e-18,5.001e-21,,1.570e-15,6.019e-20,5.537e-25,9.391e-18,4.004e-19,5.458e-14,2.522e-20,4.743e-25,,5.945e-18,1.126e-18,1.996e-36,1.271e+0,,1.398e-25,5.981e-19,,3.565e-19,1.872e-20,2.896e-17,1.852e-1,9.269e-11,1.827e-19,8.114e-23,4.535e-1,3.108e-17,3.743e-1,1.708e-8,1.663e-13,7.389e-18,4.826e+0,,3.133e-18,,,2.315e-1,,,3.505e-18,,1.716e-18,,1.015e-18,,1.187e-1,,,,1.969e-17,2.878e-16
590.8,7.783e+0,1.575e-20,7.055e-10,4.579e-43,7.625e-1,,,1.608e-18,5.003e-21,,1.570e-15,5.964e-20,5.522e-25,9.391e-18,4.011e-19,4.701e-14,2.526e-20,4.746e-25,,5.939e-18,1.127e-18,2.000e-36,1.158e+0,,1.399e-25,5.979e-19,,3.566e-19,1.872e-20,2.899e-17,1.704e-1,9.733e-11,1.828e-19,8.106e-23,4.180e-1,3.111e-17,3.616e-1,1.087e-8,2.846e-13,7.383e-18,4.567e+0,,3.129e-18,,,2.395e-1,,,6.491e-18,,1.716e-18,,1.014e-18,,1.058e-1,,,,1.973e-17,2.878e-16
590.82,7.402e+0,1.572e-20,6.389e-10,4.577e-43,6.660e-1,,,1.608e-18,5.004e-21,,1.569e-15,5.927e-20,5.511e-25,9.391e-18,4.016e-19,4.244e-14,2.528e-20,4.748e-25,,5.935e-18,1.127e-18,2.002e-36,1.094e+0,,1.400e-25,5.978e-19,,3.567e-19,1.872e-20,2.900e-17,1.608e-1,1.023e-10,1.828e-19,8.100e-23,3.948e-1,3.112e-17,3.539e-1,8.016e-9,4.061e-13,7.380e-18,4.390e+0,,3.126e-18,,,2.442e-1,,,9.761e-18,,1.716e-18,,1.014e-18,,9.782e-2,,,,1.975e-17,2.878e-16
590.85,6.865e+0,1.569e-20,5.581e-10,4.574e-43,5.416e-1,,,1.608e-18,5.006e-21,,1.569e-15,5.872e-20,5.496e-25,9.391e-18,4.023e-19,3.626e-14,2.532e-20,4.752e-25,,5.930e-18,1.128e-18,2.005e-36,1.015e+0,,1.401e-25,5.977e-19,,3.568e-19,1.873e-20,2.903e-17,1.467e-1,1.127e-10,1.828e-19,8.092e-23,3.609e-1,3.115e-17,3.438e-1,5.058e-9,6.894e-13,7.374e-18,4.120e+0,,3.123e-18,,,2.506e-1,,,1.793e-17,,1.716e-18,,1.014e-18,,8.666e-2,,,,1.979e-17,2.879e-16
590.87,6.531e+0,1.566e-20,5.148e-10,4.573e-43,4.706e-1,,,1.608e-18,5.007e-21,,1.569e-15,5.835e-20,5.486e-25,9.391e-18,4.028e-19,3.256e-14,2.535e-20,4.754e-25,,5.926e-18,1.128e-18,2.007e-36,9.729e-1,,1.402e-25,5.976e-19,,3.569e-19,1.873e-20,2.905e-17,1.377e-1,1.217e-10,1.828e-19,8.087e-23,3.390e-1,3.117e-17,3.381e-1,3.710e-9,9.785e-13,7.371e-18,3.939e+0,,3.120e-18,,,2.542e-1,,,2.681e-17,,1.716e-18,,1.014e-18,,7.975e-2,,,,1.982e-17,2.879e-16
590.89,6.216e+0,1.564e-20,4.784e-10,4.571e-43,4.080e-1,,,1.608e-18,5.008e-21,,1.568e-15,5.798e-20,5.475e-25,9.391e-18,4.033e-19,2.917e-14,2.538e-20,4.756e-25,,5.922e-18,1.129e-18,2.010e-36,9.399e-1,,1.402e-25,5.975e-19,,3.570e-19,1.873e-20,2.906e-17,1.289e-1,1.323e-10,1.828e-19,8.082e-23,3.177e-1,3.119e-17,3.333e-1,2.716e-9,1.386e-12,7.367e-18,3.758e+0,,3.117e-18,,,2.573e-1,,,4.002e-17,,1.716e-18,,1.013e-18,,7.326e-2,,,,1.984e-17,2.879e-16
590.92,5.777e+0,1.560e-20,4.342e-10,4.568e-43,3.280e-1,,,1.608e-18,5.010e-21,,1.568e-15,5.743e-20,5.460e-25,9.390e-18,4.040e-19,2.463e-14,2.542e-20,4.759e-25,,5.917e-18,1.129e-18,2.013e-36,9.066e-1,,1.404e-25,5.973e-19,,3.571e-19,1.873e-20,2.909e-17,1.163e-1,1.516e-10,1.829e-19,8.074e-23,2.871e-1,3.121e-17,3.277e-1,1.694e-9,2.326e-12,7.362e-18,3.486e+0,,3.114e-18,,,2.610e-1,,,7.267e-17,,1.717e-18,,1.013e-18,,6.428e-2,,,,1.988e-17,2.880e-16
590.94,5.508e+0,1.558e-20,4.105e-10,4.566e-43,2.829e-1,,,1.608e-18,5.011e-21,,1.568e-15,5.707e-20,5.449e-25,9.390e-18,4.045e-19,2.194e-14,2.544e-20,4.761e-25,,5.913e-18,1.129e-18,2.015e-36,8.952e-1,,1.404e-25,5.972e-19,,3.572e-19,1.873e-20,2.911e-17,1.083e-1,1.669e-10,1.829e-19,8.069e-23,2.677e-1,3.123e-17,3.252e-1,1.233e-9,3.276e-12,7.358e-18,3.307e+0,,3.111e-18,,,2.628e-1,,,1.079e-16,,1.717e-18,,1.013e-18,,5.877e-2,,,,1.991e-17,2.880e-16
590.97,5.139e+0,1.554e-20,3.814e-10,4.564e-43,2.256e-1,,,1.607e-18,5.013e-21,,1.567e-15,5.652e-20,5.434e-25,9.390e-18,4.052e-19,1.838e-14,2.548e-20,4.764e-25,,5.907e-18,1.130e-18,2.019e-36,8.938e-1,,1.405e-25,5.970e-19,,3.574e-19,1.873e-20,2.913e-17,9.689e-2,1.934e-10,1.829e-19,8.061e-23,2.399e-1,3.126e-17,3.233e-1,7.626e-10,5.455e-12,7.353e-18,3.044e+0,,3.107e-18,,,2.644e-1,,,1.943e-16,,1.717e-18,,1.012e-18,,5.120e-2,,,,1.994e-17,2.880e-16
590.99,4.915e+0,1.552e-20,3.656e-10,4.562e-43,1.935e-1,,,1.607e-18,5.014e-21,,1.567e-15,5.615e-20,5.424e-25,9.390e-18,4.057e-19,1.628e-14,2.551e-20,4.766e-25,,5.903e-18,1.130e-18,2.021e-36,9.033e-1,,1.406e-25,5.969e-19,,3.574e-19,1.874e-20,2.915e-17,8.972e-2,2.138e-10,1.829e-19,8.056e-23,2.224e-1,3.128e-17,3.233e-1,5.521e-10,7.641e-12,7.349e-18,2.872e+0,,3.105e-18,,,2.648e-1,,,2.869e-16,,1.717e-18,,1.012e-18,,4.659e-2,,,,1.997e-17,2.880e-16
591.02,4.614e+0,1.548e-20,3.459e-10,4.559e-43,1.531e-1,,,1.607e-18,5.016e-21,,1.566e-15,5.560e-20,5.408e-25,9.390e-18,4.064e-19,1.353e-14,2.555e-20,4.770e-25,,5.898e-18,1.131e-18,2.024e-36,9.329e-1,,1.407e-25,5.968e-19,,3.576e-19,1.874e-20,2.918e-17,7.962e-2,2.486e-10,1.829e-19,8.048e-23,1.977e-1,3.130e-17,3.255e-1,3.387e-10,1.262e-11,7.344e-18,2.621e+0,,3.101e-18,,,2.643e-1,,,5.125e-16,,1.717e-18,,1.011e-18,,4.030e-2,,,,2.001e-17,2.881e-16
591.04,4.436e+0,1.546e-20,3.350e-10,4.558e-43,1.306e-1,,,1.607e-18,5.017e-21,,1.566e-15,5.523e-20,5.398e-25,9.390e-18,4.069e-19,1.192e-14,2.558e-20,4.772e-25,,5.894e-18,1.131e-18,2.026e-36,9.629e-1,,1.408e-25,5.967e-19,,3.577e-19,1.874e-20,2.920e-17,7.333e-2,2.747e-10,1.829e-19,8.042e-23,1.823e-1,3.132e-17,3.283e-1,2.438e-10,1.758e-11,7.340e-18,2.459e+0,,3.098e-18,,,2.633e-1,,,7.526e-16,,1.717e-18,,1.011e-18,,3.649e-2,,,,2.003e-17,2.881e-16
591.07,4.203e+0,1.542e-20,3.211e-10,4.555e-43,1.025e-1,,,1.607e-18,5.019e-21,,1.566e-15,5.468e-20,5.383e-25,9.389e-18,4.076e-19,9.820e-15,2.562e-20,4.775e-25,,5.888e-18,1.132e-18,2.030e-36,1.023e+0,,1.409e-25,5.965e-19,,3.578e-19,1.874e-20,2.922e-17,6.454e-2,3.188e-10,1.830e-19,8.034e-23,1.607e-1,3.135e-17,3.346e-1,1.483e-10,2.880e-11,7.335e-18,2.226e+0,,3.094e-18,,,2.608e-1,,,1.334e-15,,1.718e-18,,1.011e-18,,3.133e-2,,,,2.007e-17,2.881e-16
591.09,4.070e+0,1.540e-20,3.131e-10,4.553e-43,8.693e-2,,,1.607e-18,5.020e-21,,1.565e-15,5.431e-20,5.372e-25,9.389e-18,4.081e-19,8.606e-15,2.564e-20,4.777e-25,,5.885e-18,1.132e-18,2.032e-36,1.073e+0,,1.410e-25,5.964e-19,,3.579e-19,1.874e-20,2.924e-17,5.911e-2,3.515e-10,1.830e-19,8.029e-23,1.473e-1,3.137e-17,3.402e-1,1.062e-10,3.991e-11,7.331e-18,2.077e+0,,3.092e-18,,,2.585e-1,,,1.948e-15,,1.718e-18,,1.011e-18,,2.823e-2,,,,2.009e-17,2.881e-16
591.12,3.904e+0,1.536e-20,3.026e-10,4.551e-43,6.766e-2,,,1.607e-18,5.022e-21,,1.565e-15,5.376e-20,5.357e-25,9.389e-18,4.088e-19,7.032e-15,2.568e-20,4.780e-25,,5.879e-18,1.133e-18,2.035e-36,1.162e+0,,1.411e-25,5.963e-19,,3.580e-19,1.875e-20,2.926e-17,5.160e-2,4.059e-10,1.830e-19,8.021e-23,1.288e-1,3.139e-17,3.507e-1,6.407e-11,6.485e-11,7.326e-18,1.865e+0,,3.088e-18,,,2.541e-1,,,3.424e-15,,1.718e-18,,1.010e-18,,2.405e-2,,,,2.013e-17,2.882e-16
591.14,3.815e+0,1.534e-20,2.964e-10,4.549e-43,5.709e-2,,,1.607e-18,5.023e-21,,1.565e-15,5.340e-20,5.347e-25,9.389e-18,4.093e-19,6.129e-15,2.571e-20,4.782e-25,,5.875e-18,1.133e-18,2.038e-36,1.231e+0,,1.412e-25,5.961e-19,,3.581e-19,1.875e-20,2.928e-17,4.700e-2,4.459e-10,1.830e-19,8.016e-23,1.175e-1,3.141e-17,3.590e-1,4.562e-11,8.939e-11,7.322e-18,1.731e+0,,3.085e-18,,,2.506e-1,,,4.974e-15,,1.718e-18,,1.010e-18,,2.156e-2,,,,2.016e-17,2.882e-16
591.17,3.714e+0,1.530e-20,2.878e-10,4.546e-43,4.407e-2,,,1.607e-18,5.025e-21,,1.564e-15,5.284e-20,5.331e-25,9.389e-18,4.100e-19,4.966e-15,2.575e-20,4.785e-25,,5.870e-18,1.134e-18,2.041e-36,1.349e+0,,1.413e-25,5.960e-19,,3.582e-19,1.875e-20,2.931e-17,4.070e-2,5.117e-10,1.830e-19,8.008e-23,1.019e-1,3.144e-17,3.735e-1,2.729e-11,1.441e-10,7.317e-18,1.541e+0,,3.082e-18,,,2.445e-1,,,8.673e-15,,1.718e-18,,1.009e-18,,1.824e-2,,,,2.019e-17,2.882e-16
591.19,3.667e+0,1.528e-20,2.826e-10,4.544e-43,3.699e-2,,,1.607e-18,5.026e-21,,1.564e-15,5.248e-20,5.321e-25,9.389e-18,4.105e-19,4.305e-15,2.578e-20,4.788e-25,,5.866e-18,1.134e-18,2.043e-36,1.437e+0,,1.414e-25,5.959e-19,,3.583e-19,1.875e-20,2.933e-17,3.687e-2,5.596e-10,1.830e-19,8.003e-23,9.239e-2,3.146e-17,3.844e-1,1.933e-11,1.975e-10,7.313e-18,1.423e+0,,3.079e-18,,,2.400e-1,,,1.253e-14,,1.718e-18,,1.009e-18,,1.627e-2,,,,2.022e-17,2.883e-16
591.22,3.628e+0,1.524e-20,2.751e-10,4.542e-43,2.832e-2,,,1.607e-18,5.028e-21,,1.564e-15,5.193e-20,5.305e-25,9.388e-18,4.113e-19,3.460e-15,2.582e-20,4.791e-25,,5.860e-18,1.135e-18,2.047e-36,1.583e+0,,1.415e-25,5.957e-19,,3.584e-19,1.875e-20,2.935e-17,3.166e-2,6.376e-10,1.831e-19,7.995e-23,7.946e-2,3.148e-17,4.026e-1,1.147e-11,3.157e-10,7.308e-18,1.256e+0,,3.075e-18,,,2.326e-1,,,2.167e-14,,1.719e-18,,1.009e-18,,1.365e-2,,,,2.026e-17,2.883e-16
591.24,3.621e+0,1.522e-20,2.703e-10,4.540e-43,2.364e-2,,,1.607e-18,5.029e-21,,1.563e-15,5.156e-20,5.295e-25,9.388e-18,4.117e-19,2.983e-15,2.584e-20,4.793e-25,,5.856e-18,1.135e-18,2.049e-36,1.689e+0,,1.416e-25,5.956e-19,,3.585e-19,1.876e-20,2.937e-17,2.852e-2,6.939e-10,1.831e-19,7.990e-23,7.167e-2,3.150e-17,4.157e-1,8.076e-12,4.304e-10,7.304e-18,1.153e+0,,3.073e-18,,,2.273e-1,,,3.114e-14,,1.719e-18,,1.009e-18,,1.211e-2,,,,2.028e-17,2.883e-16
591.27,3.640e+0,1.518e-20,2.634e-10,4.537e-43,1.795e-2,,,1.607e-18,5.031e-21,,1.563e-15,5.101e-20,5.280e-25,9.388e-18,4.125e-19,2.377e-15,2.588e-20,4.796e-25,,5.851e-18,1.136e-18,2.052e-36,1.861e+0,,1.417e-25,5.955e-19,,3.586e-19,1.876e-20,2.939e-17,2.429e-2,7.847e-10,1.831e-19,7.982e-23,6.114e-2,3.153e-17,4.370e-1,4.753e-12,6.825e-10,7.299e-18,1.010e+0,,3.069e-18,,,2.190e-1,,,5.343e-14,,1.719e-18,,1.008e-18,,1.009e-2,,,,2.032e-17,2.884e-16
591.29,3.671e+0,1.516e-20,2.588e-10,4.536e-43,1.490e-2,,,1.607e-18,5.032e-21,,1.563e-15,5.064e-20,5.269e-25,9.388e-18,4.129e-19,2.038e-15,2.591e-20,4.798e-25,,5.847e-18,1.136e-18,2.054e-36,1.983e+0,,1.417e-25,5.954e-19,,3.587e-19,1.876e-20,2.941e-17,2.176e-2,8.497e-10,1.831e-19,7.976e-23,5.484e-2,3.155e-17,4.520e-1,3.328e-12,9.256e-10,7.295e-18,9.222e-1,,3.066e-18,,,2.133e-1,,,7.636e-14,,1.719e-18,,1.008e-18,,8.904e-3,,,,2.035e-17,2.884e-16
591.31,3.716e+0,1.513e-20,2.543e-10,4.534e-43,1.234e-2,,,1.607e-18,5.034e-21,,1.562e-15,5.027e-20,5.259e-25,9.388e-18,4.134e-19,1.744e-15,2.594e-20,4.800e-25,,5.843e-18,1.136e-18,2.057e-36,2.112e+0,,1.418e-25,5.952e-19,,3.588e-19,1.876e-20,2.943e-17,1.946e-2,9.181e-10,1.831e-19,7.971e-23,4.908e-2,3.156e-17,4.676e-1,2.326e-12,1.252e-9,7.292e-18,8.401e-1,,3.064e-18,,,2.075e-1,,,1.089e-13,,1.719e-18,,1.008e-18,,7.844e-3,,,,2.037e-17,2.884e-16
591.34,3.809e+0,1.510e-20,2.475e-10,4.531e-43,9.266e-3,,,1.607e-18,5.035e-21,,1.562e-15,4.972e-20,5.244e-25,9.388e-18,4.141e-19,1.374e-15,2.598e-20,4.803e-25,,5.838e-18,1.137e-18,2.060e-36,2.317e+0,,1.419e-25,5.951e-19,,3.589e-19,1.876e-20,2.946e-17,1.638e-2,1.027e-9,1.831e-19,7.963e-23,4.139e-2,3.159e-17,4.919e-1,1.353e-12,1.963e-9,7.286e-18,7.274e-1,,3.060e-18,,,1.987e-1,,,1.847e-13,,1.719e-18,,1.007e-18,,6.460e-3,,,,2.041e-17,2.884e-16
591.36,3.886e+0,1.507e-20,2.430e-10,4.529e-43,7.633e-3,,,1.607e-18,5.037e-21,,1.562e-15,4.936e-20,5.233e-25,9.388e-18,4.146e-19,1.169e-15,2.600e-20,4.805e-25,,5.834e-18,1.137e-18,2.062e-36,2.461e+0,,1.420e-25,5.950e-19,,3.590e-19,1.877e-20,2.947e-17,1.457e-2,1.104e-9,1.832e-19,7.958e-23,3.684e-2,3.161e-17,5.086e-1,9.400e-13,2.642e-9,7.283e-18,6.590e-1,,3.057e-18,,,1.929e-1,,,2.620e-13,,1.719e-18,,1.007e-18,,5.661e-3,,,,2.043e-17,2.885e-16
591.39,4.024e+0,1.504e-20,2.361e-10,4.527e-43,5.683e-3,,,1.607e-18,5.038e-21,,1.561e-15,4.881e-20,5.218e-25,9.387e-18,4.154e-19,9.134e-16,2.604e-20,4.809e-25,,5.828e-18,1.138e-18,2.066e-36,2.687e+0,,1.421e-25,5.948e-19,,3.592e-19,1.877e-20,2.950e-17,1.216e-2,1.226e-9,1.832e-19,7.950e-23,3.081e-2,3.164e-17,5.341e-1,5.423e-13,4.109e-9,7.277e-18,5.659e-1,,3.053e-18,,,1.843e-1,,,4.409e-13,,1.720e-18,,1.007e-18,,4.625e-3,,,,2.047e-17,2.885e-16
591.41,4.130e+0,1.501e-20,2.315e-10,4.525e-43,4.656e-3,,,1.606e-18,5.040e-21,,1.561e-15,4.844e-20,5.208e-25,9.387e-18,4.158e-19,7.728e-16,2.607e-20,4.811e-25,,5.824e-18,1.138e-18,2.068e-36,2.843e+0,,1.422e-25,5.947e-19,,3.592e-19,1.877e-20,2.952e-17,1.075e-2,1.311e-9,1.832e-19,7.945e-23,2.728e-2,3.165e-17,5.513e-1,3.748e-13,5.500e-9,7.274e-18,5.099e-1,,3.051e-18,,,1.789e-1,,,6.220e-13,,1.720e-18,,1.006e-18,,4.032e-3,,,,2.050e-17,2.885e-16
591.44,4.306e+0,1.498e-20,2.244e-10,4.522e-43,3.439e-3,,,1.606e-18,5.041e-21,,1.560e-15,4.789e-20,5.192e-25,9.387e-18,4.166e-19,5.990e-16,2.611e-20,4.814e-25,,5.819e-18,1.139e-18,2.071e-36,3.085e+0,,1.423e-25,5.946e-19,,3.594e-19,1.877e-20,2.954e-17,8.906e-3,1.445e-9,1.832e-19,7.937e-23,2.263e-2,3.168e-17,5.770e-1,2.144e-13,8.483e-9,7.268e-18,4.343e-1,,3.047e-18,,,1.711e-1,,,1.038e-12,,1.720e-18,,1.006e-18,,3.268e-3,,,,2.053e-17,2.885e-16
591.46,4.434e+0,1.495e-20,2.196e-10,4.521e-43,2.802e-3,,,1.606e-18,5.043e-21,,1.560e-15,4.752e-20,5.182e-25,9.387e-18,4.170e-19,5.040e-16,2.614e-20,4.816e-25,,5.815e-18,1.139e-18,2.073e-36,3.251e+0,,1.424e-25,5.945e-19,,3.595e-19,1.877e-20,2.956e-17,7.832e-3,1.538e-9,1.832e-19,7.932e-23,1.992e-2,3.170e-17,5.939e-1,1.473e-13,1.129e-8,7.265e-18,3.891e-1,,3.045e-18,,,1.664e-1,,,1.456e-12,,1.720e-18,,1.006e-18,,2.834e-3,,,,2.056e-17,2.886e-16
591.49,4.641e+0,1.492e-20,2.123e-10,4.518e-43,2.052e-3,,,1.606e-18,5.044e-21,,1.560e-15,4.697e-20,5.166e-25,9.387e-18,4.178e-19,3.874e-16,2.618e-20,4.819e-25,,5.809e-18,1.140e-18,2.077e-36,3.506e+0,,1.425e-25,5.943e-19,,3.596e-19,1.878e-20,2.959e-17,6.433e-3,1.681e-9,1.832e-19,7.924e-23,1.639e-2,3.172e-17,6.189e-1,8.360e-14,1.728e-8,7.259e-18,3.287e-1,,3.041e-18,,,1.600e-1,,,2.411e-12,,1.720e-18,,1.005e-18,,2.279e-3,,,,2.060e-17,2.886e-16
591.51,4.787e+0,1.489e-20,2.073e-10,4.516e-43,1.663e-3,,,1.606e-18,5.046e-21,,1.559e-15,4.660e-20,5.156e-25,9.387e-18,4.183e-19,3.242e-16,2.620e-20,4.821e-25,,5.806e-18,1.140e-18,2.079e-36,3.679e+0,,1.426e-25,5.942e-19,,3.597e-19,1.878e-20,2.960e-17,5.626e-3,1.780e-9,1.833e-19,7.918e-23,1.435e-2,3.174e-17,6.351e-1,5.714e-14,2.288e-8,7.256e-18,2.929e-1,,3.038e-18,,,1.563e-1,,,3.365e-12,,1.720e-18,,1.005e-18,,1.965e-3,,,,2.062e-17,2.886e-16
591.54,5.016e+0,1.486e-20,1.996e-10,4.513e-43,1.208e-3,,,1.606e-18,5.047e-21,,1.559e-15,4.605e-20,5.141e-25,9.386e-18,4.190e-19,2.472e-16,2.624e-20,4.825e-25,,5.800e-18,1.141e-18,2.082e-36,3.941e+0,,1.427e-25,5.940e-19,,3.598e-19,1.878e-20,2.963e-17,4.583e-3,1.933e-9,1.833e-19,7.911e-23,1.171e-2,3.177e-17,6.585e-1,3.215e-14,3.472e-8,7.251e-18,2.454e-1,,3.034e-18,,,1.518e-1,,,5.525e-12,,1.721e-18,,1.005e-18,,1.568e-3,,,,2.066e-17,2.887e-16
591.56,5.174e+0,1.483e-20,1.944e-10,4.512e-43,9.735e-4,,,1.606e-18,5.049e-21,,1.559e-15,4.568e-20,5.130e-25,9.386e-18,4.195e-19,2.057e-16,2.627e-20,4.827e-25,,5.796e-18,1.141e-18,2.085e-36,4.117e+0,,1.428e-25,5.939e-19,,3.599e-19,1.878e-20,2.965e-17,3.987e-3,2.036e-9,1.833e-19,7.905e-23,1.020e-2,3.179e-17,6.734e-1,2.185e-14,4.573e-8,7.247e-18,2.175e-1,,3.032e-18,,,1.496e-1,,,7.669e-12,,1.721e-18,,1.004e-18,,1.345e-3,,,,2.069e-17,2.887e-16
591.59,5.417e+0,1.480e-20,1.865e-10,4.509e-43,7.014e-4,,,1.606e-18,5.050e-21,,1.558e-15,4.513e-20,5.115e-25,9.386e-18,4.202e-19,1.555e-16,2.631e-20,4.830e-25,,5.791e-18,1.141e-18,2.088e-36,4.381e+0,,1.429e-25,5.938e-19,,3.600e-19,1.878e-20,2.967e-17,3.221e-3,2.195e-9,1.833e-19,7.897e-23,8.251e-3,3.181e-17,6.945e-1,1.220e-14,6.883e-8,7.242e-18,1.808e-1,,3.028e-18,,,1.476e-1,,,1.249e-11,,1.721e-18,,1.004e-18,,1.064e-3,,,,2.072e-17,2.887e-16
591.61,5.581e+0,1.477e-20,1.811e-10,4.507e-43,5.622e-4,,,1.606e-18,5.052e-21,,1.558e-15,4.477e-20,5.105e-25,9.386e-18,4.207e-19,1.287e-16,2.634e-20,4.832e-25,,5.787e-18,1.142e-18,2.090e-36,4.556e+0,,1.429e-25,5.937e-19,,3.601e-19,1.879e-20,2.969e-17,2.786e-3,2.302e-9,1.833e-19,7.892e-23,7.146e-3,3.183e-17,7.076e-1,8.243e-15,9.016e-8,7.238e-18,1.593e-1,,3.025e-18,,,1.471e-1,,,1.725e-11,,1.721e-18,,1.004e-18,,9.078e-4,,,,2.075e-17,2.887e-16
591.64,5.829e+0,1.473e-20,1.729e-10,4.505e-43,4.017e-4,,,1.606e-18,5.053e-21,,1.557e-15,4.422e-20,5.089e-25,9.386e-18,4.214e-19,9.654e-17,2.638e-20,4.835e-25,,5.781e-18,1.142e-18,2.093e-36,4.815e+0,,1.431e-25,5.935e-19,,3.602e-19,1.879e-20,2.972e-17,2.233e-3,2.463e-9,1.834e-19,7.884e-23,5.735e-3,3.186e-17,7.259e-1,4.562e-15,1.346e-7,7.233e-18,1.313e-1,,3.022e-18,,,1.480e-1,,,2.786e-11,,1.721e-18,,1.003e-18,,7.125e-4,,,,2.079e-17,2.888e-16
591.66,5.994e+0,1.471e-20,1.674e-10,4.503e-43,3.202e-4,,,1.606e-18,5.055e-21,,1.557e-15,4.385e-20,5.079e-25,9.386e-18,4.219e-19,7.947e-17,2.640e-20,4.837e-25,,5.777e-18,1.143e-18,2.096e-36,4.985e+0,,1.431e-25,5.934e-19,,3.603e-19,1.879e-20,2.973e-17,1.921e-3,2.572e-9,1.834e-19,7.879e-23,4.940e-3,3.188e-17,7.372e-1,3.067e-15,1.754e-7,7.229e-18,1.151e-1,,3.019e-18,,,1.497e-1,,,3.826e-11,,1.721e-18,,1.003e-18,,6.047e-4,,,,2.081e-17,2.888e-16
591.68,6.158e+0,1.469e-20,1.618e-10,4.501e-43,2.547e-4,,,1.606e-18,5.056e-21,,1.557e-15,4.348e-20,5.069e-25,9.385e-18,4.224e-19,6.527e-17,2.643e-20,4.839e-25,,5.774e-18,1.143e-18,2.098e-36,5.151e+0,,1.432e-25,5.933e-19,,3.604e-19,1.879e-20,2.975e-17,1.649e-3,2.680e-9,1.834e-19,7.874e-23,4.245e-3,3.190e-17,7.476e-1,2.057e-15,2.280e-7,7.225e-18,1.007e-1,,3.016e-18,,,1.523e-1,,,5.242e-11,,1.722e-18,,1.003e-18,,5.120e-4,,,,2.084e-17,2.888e-16
591.71,6.399e+0,1.465e-20,1.533e-10,4.498e-43,1.799e-4,,,1.606e-18,5.058e-21,,1.556e-15,4.293e-20,5.053e-25,9.385e-18,4.231e-19,4.839e-17,2.647e-20,4.843e-25,,5.768e-18,1.144e-18,2.101e-36,5.392e+0,,1.433e-25,5.931e-19,,3.605e-19,1.879e-20,2.978e-17,1.306e-3,2.843e-9,1.834e-19,7.866e-23,3.368e-3,3.192e-17,7.617e-1,1.125e-15,3.365e-7,7.220e-18,8.204e-2,,3.013e-18,,,1.580e-1,,,8.373e-11,,1.722e-18,,1.002e-18,,3.973e-4,,,,2.087e-17,2.888e-16
591.73,6.555e+0,1.463e-20,1.477e-10,4.497e-43,1.423e-4,,,1.606e-18,5.059e-21,,1.556e-15,4.256e-20,5.043e-25,9.385e-18,4.236e-19,3.952e-17,2.650e-20,4.845e-25,,5.764e-18,1.144e-18,2.104e-36,5.546e+0,,1.434e-25,5.930e-19,,3.606e-19,1.880e-20,2.979e-17,1.115e-3,2.951e-9,1.834e-19,7.861e-23,2.879e-3,3.194e-17,7.703e-1,7.505e-16,4.351e-7,7.216e-18,7.138e-2,,3.010e-18,,,1.631e-1,,,1.141e-10,,1.722e-18,,1.002e-18,,3.346e-4,,,,2.090e-17,2.889e-16
591.76,6.782e+0,1.459e-20,1.392e-10,4.494e-43,9.969e-5,,,1.606e-18,5.061e-21,,1.556e-15,4.201e-20,5.028e-25,9.385e-18,4.243e-19,2.906e-17,2.654e-20,4.848e-25,,5.759e-18,1.145e-18,2.107e-36,5.766e+0,,1.435e-25,5.929e-19,,3.608e-19,1.880e-20,2.982e-17,8.760e-4,3.111e-9,1.834e-19,7.853e-23,2.265e-3,3.197e-17,7.819e-1,4.072e-16,6.371e-7,7.211e-18,5.770e-2,,3.006e-18,,,1.729e-1,,,1.808e-10,,1.722e-18,,1.002e-18,,2.576e-4,,,,2.094e-17,2.889e-16
591.78,6.927e+0,1.457e-20,1.335e-10,4.492e-43,7.842e-5,,,1.606e-18,5.062e-21,,1.555e-15,4.165e-20,5.017e-25,9.385e-18,4.248e-19,2.361e-17,2.656e-20,4.850e-25,,5.755e-18,1.145e-18,2.109e-36,5.904e+0,,1.436e-25,5.928e-19,,3.608e-19,1.880e-20,2.984e-17,7.438e-4,3.217e-9,1.835e-19,7.847e-23,1.926e-3,3.199e-17,7.889e-1,2.701e-16,8.192e-7,7.207e-18,4.993e-2,,3.004e-18,,,1.807e-1,,,2.450e-10,,1.722e-18,,1.001e-18,,2.157e-4,,,,2.096e-17,2.889e-16
591.81,7.133e+0,1.453e-20,1.250e-10,4.490e-43,5.449e-5,,,1.606e-18,5.064e-21,,1.555e-15,4.109e-20,5.002e-25,9.385e-18,4.255e-19,1.721e-17,2.660e-20,4.853e-25,,5.749e-18,1.145e-18,2.112e-36,6.097e+0,,1.437e-25,5.926e-19,,3.610e-19,1.880e-20,2.986e-17,5.796e-4,3.374e-9,1.835e-19,7.839e-23,1.503e-3,3.201e-17,7.988e-1,1.453e-16,1.190e-6,7.202e-18,4.005e-2,,3.000e-18,,,1.947e-1,,,3.851e-10,,1.722e-18,,1.001e-18,,1.647e-4,,,,2.100e-17,2.890e-16
591.83,7.262e+0,1.451e-20,1.195e-10,4.488e-43,4.263e-5,,,1.605e-18,5.065e-21,,1.555e-15,4.073e-20,4.992e-25,9.385e-18,4.260e-19,1.391e-17,2.663e-20,4.855e-25,,5.745e-18,1.146e-18,2.115e-36,6.215e+0,,1.438e-25,5.925e-19,,3.611e-19,1.880e-20,2.988e-17,4.894e-4,3.477e-9,1.835e-19,7.834e-23,1.270e-3,3.203e-17,8.050e-1,9.587e-17,1.522e-6,7.198e-18,3.449e-2,,2.997e-18,,,2.056e-1,,,5.192e-10,,1.723e-18,,1.001e-18,,1.372e-4,,,,2.103e-17,2.890e-16
591.86,7.442e+0,1.447e-20,1.112e-10,4.485e-43,2.938e-5,,,1.605e-18,5.066e-21,,1.554e-15,4.018e-20,4.976e-25,9.384e-18,8.022e-19,1.006e-17,2.667e-20,4.858e-25,,5.740e-18,1.146e-18,2.118e-36,6.374e+0,,1.439e-25,5.923e-19,,3.612e-19,1.881e-20,2.991e-17,3.782e-4,3.629e-9,1.835e-19,7.826e-23,9.834e-4,3.206e-17,8.143e-1,5.116e-17,2.192e-6,7.193e-18,2.748e-2,,2.993e-18,,,2.241e-1,,,8.093e-10,,1.723e-18,,1.000e-18,,1.039e-4,,,,2.106e-17,2.890e-16
591.88,7.552e+0,1.445e-20,1.057e-10,4.483e-43,2.286e-5,,,1.605e-18,5.068e-21,,1.554e-15,3.981e-20,4.966e-25,9.384e-18,1.220e-18,8.080e-18,2.670e-20,4.861e-25,,5.736e-18,1.147e-18,2.120e-36,6.468e+0,,1.440e-25,5.922e-19,,3.613e-19,1.881e-20,2.992e-17,3.176e-4,3.729e-9,1.835e-19,7.821e-23,8.268e-4,3.207e-17,8.207e-1,3.356e-17,2.789e-6,7.189e-18,2.358e-2,,2.991e-18,,,2.379e-1,,,1.085e-9,,1.723e-18,,1.000e-18,,8.610e-5,,,,2.109e-17,2.890e-16
591.91,7.702e+0,1.441e-20,9.775e-11,4.481e-43,1.562e-5,,,1.605e-18,5.069e-21,,1.554e-15,3.926e-20,4.950e-25,9.384e-18,2.279e-18,5.796e-18,2.674e-20,4.864e-25,,5.730e-18,1.147e-18,2.124e-36,6.590e+0,,1.441e-25,5.921e-19,,3.614e-19,1.881e-20,2.995e-17,2.434e-4,3.878e-9,1.835e-19,7.813e-23,6.347e-4,3.210e-17,8.312e-1,1.776e-17,3.985e-6,7.184e-18,1.870e-2,,2.987e-18,,,2.610e-1,,,1.678e-9,,1.723e-18,,9.996e-19,,6.467e-5,,,,2.113e-17,2.891e-16
591.93,7.791e+0,1.438e-20,9.256e-11,4.479e-43,1.209e-5,,,1.605e-18,5.071e-21,,1.553e-15,3.889e-20,4.940e-25,9.384e-18,3.448e-18,4.631e-18,2.676e-20,4.866e-25,,5.727e-18,1.148e-18,2.126e-36,6.657e+0,,1.441e-25,5.920e-19,,3.615e-19,1.881e-20,2.997e-17,2.033e-4,3.976e-9,1.836e-19,7.808e-23,5.307e-4,3.212e-17,8.392e-1,1.159e-17,5.042e-6,7.180e-18,1.602e-2,,2.984e-18,,,2.780e-1,,,2.238e-9,,1.723e-18,,9.993e-19,,5.329e-5,,,,2.115e-17,2.891e-16
591.96,7.908e+0,1.435e-20,8.497e-11,4.476e-43,8.194e-6,,,1.605e-18,5.072e-21,,1.553e-15,3.834e-20,4.925e-25,9.384e-18,6.390e-18,3.294e-18,2.680e-20,4.869e-25,,5.721e-18,1.148e-18,2.129e-36,6.736e+0,,1.443e-25,5.918e-19,,3.616e-19,1.881e-20,2.999e-17,1.545e-4,4.121e-9,1.836e-19,7.800e-23,4.041e-4,3.215e-17,8.530e-1,1.161e-17,7.146e-6,7.175e-18,1.273e-2,,2.981e-18,,,3.056e-1,,,3.432e-9,,1.723e-18,,9.989e-19,,3.970e-5,,,,2.119e-17,2.891e-16
591.98,7.975e+0,1.432e-20,8.007e-11,4.475e-43,6.305e-6,,,1.605e-18,5.074e-21,,1.553e-15,3.797e-20,4.914e-25,9.384e-18,9.614e-18,2.618e-18,2.683e-20,4.871e-25,,5.717e-18,1.149e-18,2.131e-36,6.774e+0,,1.443e-25,5.917e-19,,3.617e-19,1.882e-20,3.001e-17,1.284e-4,4.218e-9,1.836e-19,7.795e-23,3.360e-4,3.216e-17,8.640e-1,1.163e-17,8.992e-6,7.171e-18,1.096e-2,,2.978e-18,,,3.255e-1,,,4.553e-9,,1.724e-18,,9.987e-19,,3.254e-5,,,,2.121e-17,2.892e-16
592.01,8.059e+0,1.429e-20,7.299e-11,4.472e-43,4.239e-6,,,1.605e-18,5.075e-21,,1.552e-15,3.742e-20,4.899e-25,9.383e-18,1.767e-17,1.847e-18,2.687e-20,4.874e-25,,5.712e-18,1.149e-18,2.135e-36,6.809e+0,,1.444e-25,5.916e-19,,3.618e-19,1.882e-20,3.004e-17,9.678e-5,4.364e-9,1.836e-19,7.787e-23,2.538e-4,3.219e-17,8.838e-1,1.166e-17,1.264e-5,7.166e-18,8.853e-3,,2.974e-18,,,3.575e-1,,,6.926e-9,,1.724e-18,,9.983e-19,,2.404e-5,,,,2.125e-17,2.892e-16
592.03,8.104e+0,1.426e-20,6.845e-11,4.470e-43,3.244e-6,,,1.605e-18,5.077e-21,,1.552e-15,3.706e-20,4.889e-25,9.383e-18,2.645e-17,1.460e-18,2.690e-20,4.876e-25,,5.708e-18,1.150e-18,2.137e-36,6.816e+0,,1.445e-25,5.914e-19,,3.619e-19,1.882e-20,3.005e-17,7.995e-5,4.463e-9,1.836e-19,7.781e-23,2.099e-4,3.221e-17,8.996e-1,1.168e-17,1.582e-5,7.162e-18,7.773e-3,,2.972e-18,,,3.802e-1,,,9.138e-9,,1.724e-18,,9.980e-19,,1.959e-5,,,,2.128e-17,2.892e-16
592.05,8.141e+0,1.424e-20,6.407e-11,4.469e-43,2.477e-6,,,1.605e-18,5.078e-21,,1.552e-15,3.669e-20,4.878e-25,9.383e-18,3.950e-17,1.151e-18,2.692e-20,4.879e-25,,5.704e-18,1.150e-18,2.139e-36,6.812e+0,,1.446e-25,5.913e-19,,3.620e-19,1.882e-20,3.007e-17,6.590e-5,4.562e-9,1.836e-19,7.776e-23,1.732e-4,3.223e-17,9.180e-1,1.169e-17,1.976e-5,7.159e-18,6.926e-3,,2.969e-18,,,4.039e-1,,,1.203e-8,,1.724e-18,,9.977e-19,,1.594e-5,,,,2.130e-17,2.892e-16
592.08,8.181e+0,1.420e-20,5.780e-11,4.466e-43,1.646e-6,,,1.605e-18,5.080e-21,,1.551e-15,3.614e-20,4.863e-25,9.383e-18,7.178e-17,8.028e-19,2.696e-20,4.882e-25,,5.698e-18,1.150e-18,2.143e-36,6.782e+0,,1.447e-25,5.912e-19,,3.621e-19,1.882e-20,3.010e-17,4.911e-5,4.715e-9,1.837e-19,7.768e-23,1.293e-4,3.225e-17,9.508e-1,1.172e-17,2.746e-5,7.154e-18,6.059e-3,,2.965e-18,,,4.412e-1,,,1.809e-8,,1.724e-18,,9.973e-19,,1.164e-5,,,,2.134e-17,2.893e-16
592.1,8.197e+0,1.418e-20,5.383e-11,4.464e-43,1.250e-6,,,1.605e-18,5.081e-21,,1.551e-15,3.577e-20,4.853e-25,9.383e-18,1.066e-16,6.296e-19,2.699e-20,4.884e-25,,5.695e-18,1.151e-18,2.145e-36,6.748e+0,,1.448e-25,5.911e-19,,3.622e-19,1.882e-20,3.012e-17,4.026e-5,4.820e-9,1.837e-19,7.763e-23,1.061e-4,3.227e-17,9.767e-1,1.174e-17,3.411e-5,7.150e-18,5.735e-3,,2.963e-18,,,4.671e-1,,,2.369e-8,,1.724e-18,,9.971e-19,,9.416e-6,,,,2.136e-17,2.893e-16
592.13,8.209e+0,1.414e-20,4.820e-11,4.461e-43,8.241e-7,,,1.605e-18,5.083e-21,,1.550e-15,3.522e-20,4.837e-25,9.383e-18,1.922e-16,4.355e-19,2.703e-20,4.887e-25,,5.689e-18,1.151e-18,2.148e-36,6.673e+0,,1.449e-25,5.909e-19,,3.623e-19,1.883e-20,3.014e-17,2.976e-5,4.984e-9,1.837e-19,7.755e-23,7.855e-5,3.230e-17,1.023e+0,1.176e-17,4.703e-5,7.145e-18,5.621e-3,,2.959e-18,,,5.075e-1,,,3.535e-8,,1.724e-18,,9.967e-19,,6.822e-6,,,,2.140e-17,2.893e-16
592.15,8.208e+0,1.412e-20,4.466e-11,4.460e-43,6.224e-7,,,1.605e-18,5.084e-21,,1.550e-15,3.485e-20,4.827e-25,9.382e-18,2.840e-16,3.397e-19,2.706e-20,4.889e-25,,5.685e-18,1.152e-18,2.150e-36,6.609e+0,,1.450e-25,5.908e-19,,3.624e-19,1.883e-20,3.016e-17,2.426e-5,5.098e-9,1.837e-19,7.750e-23,6.411e-5,3.232e-17,1.058e+0,1.178e-17,5.810e-5,7.141e-18,5.797e-3,,2.956e-18,,,5.351e-1,,,4.603e-8,,1.725e-18,,9.964e-19,,5.488e-6,,,,2.143e-17,2.893e-16
592.18,8.196e+0,1.408e-20,3.969e-11,4.457e-43,4.069e-7,,,1.605e-18,5.086e-21,,1.550e-15,3.430e-20,4.811e-25,9.382e-18,5.078e-16,2.330e-19,2.710e-20,4.892e-25,,5.680e-18,1.152e-18,2.154e-36,6.492e+0,,1.451e-25,5.907e-19,,3.626e-19,1.883e-20,3.019e-17,1.779e-5,5.278e-9,1.837e-19,7.742e-23,4.708e-5,3.234e-17,1.120e+0,1.181e-17,7.946e-5,7.136e-18,6.463e-3,,2.952e-18,,,5.775e-1,,,6.812e-8,,1.725e-18,,9.960e-19,,3.943e-6,,,,2.147e-17,2.894e-16
592.2,8.181e+0,1.406e-20,3.659e-11,4.455e-43,3.056e-7,,,1.605e-18,5.087e-21,,1.549e-15,3.393e-20,4.801e-25,9.382e-18,7.462e-16,1.808e-19,2.712e-20,4.894e-25,,5.676e-18,1.153e-18,2.156e-36,6.401e+0,,1.452e-25,5.905e-19,,3.626e-19,1.883e-20,3.020e-17,1.442e-5,5.405e-9,1.837e-19,7.737e-23,3.821e-5,3.236e-17,1.167e+0,1.183e-17,9.763e-5,7.132e-18,7.200e-3,,2.950e-18,,,6.063e-1,,,8.823e-8,,1.725e-18,,9.957e-19,,3.155e-6,,,,2.149e-17,2.894e-16
592.23,8.151e+0,1.402e-20,3.226e-11,4.453e-43,1.981e-7,,,1.605e-18,5.089e-21,,1.549e-15,3.338e-20,4.786e-25,9.382e-18,1.324e-15,1.230e-19,2.716e-20,4.898e-25,,5.670e-18,1.153e-18,2.159e-36,6.245e+0,,1.453e-25,5.904e-19,,3.628e-19,1.884e-20,3.023e-17,1.049e-5,5.605e-9,1.838e-19,7.729e-23,2.783e-5,3.239e-17,1.247e+0,1.185e-17,1.324e-4,7.127e-18,8.808e-3,,2.946e-18,,,6.497e-1,,,1.295e-7,,1.725e-18,,9.953e-19,,2.248e-6,,,,2.153e-17,2.894e-16
592.25,8.127e+0,1.400e-20,2.958e-11,4.451e-43,1.480e-7,,,1.605e-18,5.090e-21,,1.549e-15,3.302e-20,4.775e-25,9.382e-18,1.935e-15,9.487e-20,2.719e-20,4.900e-25,,5.666e-18,1.154e-18,2.162e-36,6.130e+0,,1.453e-25,5.903e-19,,3.629e-19,1.884e-20,3.025e-17,8.456e-6,5.747e-9,1.838e-19,7.723e-23,2.247e-5,3.241e-17,1.308e+0,1.187e-17,1.618e-4,7.123e-18,1.027e-2,,2.944e-18,,,6.787e-1,,,1.668e-7,,1.725e-18,,9.951e-19,,1.789e-6,,,,2.155e-17,2.895e-16
592.28,8.085e+0,1.396e-20,2.588e-11,4.448e-43,9.517e-8,,,1.604e-18,5.092e-21,,1.548e-15,3.247e-20,4.760e-25,9.382e-18,3.404e-15,6.402e-20,2.723e-20,4.903e-25,,5.661e-18,1.154e-18,2.165e-36,5.940e+0,,1.455e-25,5.901e-19,,3.630e-19,1.884e-20,3.027e-17,6.098e-6,5.974e-9,1.838e-19,7.716e-23,1.623e-5,3.243e-17,1.409e+0,1.190e-17,2.177e-4,7.118e-18,1.314e-2,,2.940e-18,,,7.219e-1,,,2.430e-7,,1.725e-18,,9.947e-19,,1.264e-6,,,,2.159e-17,2.895e-16
592.3,8.054e+0,1.394e-20,2.361e-11,4.446e-43,7.070e-8,,,1.604e-18,5.093e-21,,1.548e-15,3.210e-20,4.750e-25,9.382e-18,4.948e-15,4.912e-20,2.726e-20,4.905e-25,,5.657e-18,1.154e-18,2.167e-36,5.804e+0,,1.455e-25,5.900e-19,,3.631e-19,1.884e-20,3.029e-17,4.890e-6,6.134e-9,1.838e-19,7.710e-23,1.303e-5,3.245e-17,1.485e+0,1.191e-17,2.647e-4,7.114e-18,1.560e-2,,2.937e-18,,,7.503e-1,,,3.113e-7,,1.726e-18,,9.944e-19,,1.001e-6,,,,2.162e-17,2.895e-16
592.33,8.007e+0,1.390e-20,2.049e-11,4.444e-43,4.509e-8,,,1.604e-18,5.095e-21,,1.548e-15,3.155e-20,4.734e-25,9.381e-18,8.637e-15,3.287e-20,2.730e-20,4.908e-25,,5.651e-18,1.155e-18,2.171e-36,5.586e+0,,1.456e-25,5.899e-19,,3.632e-19,1.884e-20,3.032e-17,3.497e-6,6.388e-9,1.838e-19,7.702e-23,9.336e-6,3.248e-17,1.609e+0,1.194e-17,3.532e-4,7.109e-18,2.029e-2,,2.933e-18,,,7.919e-1,,,4.496e-7,,1.726e-18,,9.940e-19,,7.015e-7,,,,2.165e-17,2.896e-16
592.35,7.976e+0,1.388e-20,1.860e-11,4.442e-43,3.331e-8,,,1.604e-18,5.096e-21,,1.547e-15,3.118e-20,4.724e-25,9.381e-18,1.249e-14,2.508e-20,2.732e-20,4.910e-25,,5.648e-18,1.155e-18,2.173e-36,5.433e+0,,1.457e-25,5.898e-19,,3.633e-19,1.884e-20,3.033e-17,2.789e-6,6.567e-9,1.838e-19,7.697e-23,7.456e-6,3.250e-17,1.700e+0,1.196e-17,4.270e-4,7.105e-18,2.420e-2,,2.931e-18,,,8.188e-1,,,5.730e-7,,1.726e-18,,9.937e-19,,5.521e-7,,,,2.168e-17,2.896e-16
592.38,7.931e+0,1.384e-20,1.601e-11,4.439e-43,2.107e-8,,,1.604e-18,5.098e-21,,1.547e-15,3.063e-20,4.709e-25,9.381e-18,2.162e-14,1.665e-20,2.736e-20,4.913e-25,,5.642e-18,1.156e-18,2.176e-36,5.193e+0,,1.458e-25,5.896e-19,,3.634e-19,1.885e-20,3.036e-17,1.979e-6,6.851e-9,1.839e-19,7.689e-23,5.300e-6,3.252e-17,1.848e+0,1.199e-17,5.653e-4,7.100e-18,3.150e-2,,2.927e-18,,,8.574e-1,,,8.209e-7,,1.726e-18,,9.933e-19,,3.839e-7,,,,2.172e-17,2.896e-16
592.4,7.903e+0,1.382e-20,1.445e-11,4.438e-43,1.548e-8,,,1.604e-18,5.099e-21,,1.547e-15,3.026e-20,4.698e-25,9.381e-18,3.109e-14,1.263e-20,2.739e-20,4.916e-25,,5.638e-18,1.156e-18,2.178e-36,5.028e+0,,1.459e-25,5.895e-19,,3.635e-19,1.885e-20,3.038e-17,1.569e-6,7.050e-9,1.839e-19,7.684e-23,4.212e-6,3.254e-17,1.955e+0,1.200e-17,6.796e-4,7.096e-18,3.752e-2,,2.924e-18,,,8.818e-1,,,1.040e-6,,1.726e-18,,9.931e-19,,3.005e-7,,,,2.174e-17,2.896e-16
592.42,7.877e+0,1.379e-20,1.302e-11,4.436e-43,1.135e-8,,,1.604e-18,5.100e-21,,1.546e-15,2.990e-20,4.688e-25,9.381e-18,4.461e-14,9.565e-21,2.742e-20,4.918e-25,,5.634e-18,1.157e-18,2.181e-36,4.859e+0,,1.460e-25,5.894e-19,,3.636e-19,1.885e-20,3.039e-17,1.242e-6,7.255e-9,1.839e-19,7.679e-23,3.341e-6,3.256e-17,2.068e+0,1.202e-17,8.154e-4,7.092e-18,4.462e-2,,2.922e-18,,,9.049e-1,,,1.316e-6,,1.726e-18,,9.928e-19,,2.346e-7,,,,2.177e-17,2.897e-16
592.45,7.845e+0,1.376e-20,1.109e-11,4.433e-43,7.096e-9,,,1.604e-18,5.102e-21,,1.546e-15,2.934e-20,4.673e-25,9.381e-18,7.638e-14,6.276e-21,2.746e-20,4.921e-25,,5.629e-18,1.157e-18,2.184e-36,4.600e+0,,1.461e-25,5.892e-19,,3.637e-19,1.885e-20,3.042e-17,8.710e-7,7.577e-9,1.839e-19,7.671e-23,2.355e-6,3.259e-17,2.250e+0,1.205e-17,1.067e-3,7.087e-18,5.769e-2,,2.918e-18,,,9.370e-1,,,1.864e-6,,1.727e-18,,9.924e-19,,1.613e-7,,,,2.181e-17,2.897e-16
592.47,7.829e+0,1.373e-20,9.933e-12,4.431e-43,5.174e-9,,,1.604e-18,5.103e-21,,1.546e-15,2.898e-20,4.662e-25,9.380e-18,1.090e-13,4.726e-21,2.748e-20,4.923e-25,,5.625e-18,1.158e-18,2.186e-36,4.425e+0,,1.462e-25,5.891e-19,,3.638e-19,1.885e-20,3.044e-17,6.856e-7,7.799e-9,1.839e-19,7.665e-23,1.863e-6,3.260e-17,2.378e+0,1.206e-17,1.273e-3,7.083e-18,6.831e-2,,2.915e-18,,,9.565e-1,,,2.345e-6,,1.727e-18,,9.921e-19,,1.253e-7,,,,2.183e-17,2.897e-16
592.5,7.813e+0,1.370e-20,8.390e-12,4.429e-43,3.208e-9,,,1.604e-18,5.105e-21,,1.545e-15,2.843e-20,4.647e-25,9.380e-18,1.851e-13,3.075e-21,2.752e-20,4.926e-25,,5.619e-18,1.158e-18,2.190e-36,4.160e+0,,1.463e-25,5.890e-19,,3.639e-19,1.886e-20,3.046e-17,4.768e-7,8.141e-9,1.839e-19,7.658e-23,1.314e-6,3.263e-17,2.581e+0,1.209e-17,1.653e-3,7.078e-18,8.769e-2,,2.912e-18,,,9.825e-1,,,3.294e-6,,1.727e-18,,9.917e-19,,8.540e-8,,,,2.187e-17,2.897e-16
592.52,7.809e+0,1.367e-20,7.476e-12,4.427e-43,2.326e-9,,,1.604e-18,5.106e-21,,1.545e-15,2.806e-20,4.636e-25,9.380e-18,2.628e-13,2.303e-21,2.755e-20,4.928e-25,,5.616e-18,1.159e-18,2.192e-36,3.983e+0,,1.463e-25,5.889e-19,,3.640e-19,1.886e-20,3.048e-17,3.732e-7,8.375e-9,1.840e-19,7.652e-23,1.045e-6,3.265e-17,2.724e+0,1.211e-17,1.962e-3,7.074e-18,1.033e-1,,2.909e-18,,,9.975e-1,,,4.122e-6,,1.727e-18,,9.915e-19,,6.597e-8,,,,2.189e-17,2.898e-16
592.55,7.815e+0,1.364e-20,6.264e-12,4.424e-43,1.431e-9,,,1.604e-18,5.108e-21,,1.544e-15,2.751e-20,4.621e-25,9.380e-18,4.426e-13,1.486e-21,2.759e-20,4.931e-25,,5.610e-18,1.159e-18,2.195e-36,3.719e+0,,1.465e-25,5.887e-19,,3.641e-19,1.886e-20,3.051e-17,2.575e-7,8.731e-9,1.840e-19,7.644e-23,7.528e-7,3.268e-17,2.946e+0,1.214e-17,2.527e-3,7.069e-18,1.316e-1,,2.905e-18,,,1.016e+0,,,5.744e-6,,1.727e-18,,9.911e-19,,4.460e-8,,,,2.193e-17,2.898e-16
592.57,7.828e+0,1.361e-20,5.552e-12,4.423e-43,1.032e-9,,,1.604e-18,5.109e-21,,1.544e-15,2.714e-20,4.611e-25,9.380e-18,6.250e-13,1.107e-21,2.762e-20,4.934e-25,,5.606e-18,1.159e-18,2.197e-36,3.544e+0,,1.465e-25,5.886e-19,,3.642e-19,1.886e-20,3.052e-17,2.004e-7,8.970e-9,1.840e-19,7.639e-23,6.167e-7,3.269e-17,3.100e+0,1.215e-17,2.982e-3,7.066e-18,1.543e-1,,2.903e-18,,,1.026e+0,,,7.148e-6,,1.727e-18,,9.908e-19,,3.426e-8,,,,2.196e-17,2.898e-16
592.6,7.860e+0,1.358e-20,4.614e-12,4.420e-43,6.292e-10,,,1.604e-18,5.111e-21,,1.544e-15,2.659e-20,4.595e-25,9.380e-18,1.044e-12,7.086e-22,2.766e-20,4.937e-25,,5.601e-18,1.160e-18,2.201e-36,3.286e+0,,1.466e-25,5.884e-19,,3.644e-19,1.886e-20,3.055e-17,1.371e-7,9.329e-9,1.840e-19,7.631e-23,4.820e-7,3.272e-17,3.338e+0,1.218e-17,3.809e-3,7.060e-18,1.949e-1,,2.899e-18,,,1.037e+0,,,9.882e-6,,1.728e-18,,9.904e-19,,2.298e-8,,,,2.199e-17,2.899e-16
592.62,7.891e+0,1.355e-20,4.068e-12,4.418e-43,4.513e-10,,,1.604e-18,5.112e-21,,1.543e-15,2.622e-20,4.585e-25,9.379e-18,1.466e-12,5.248e-22,2.768e-20,4.939e-25,,5.597e-18,1.160e-18,2.203e-36,3.117e+0,,1.467e-25,5.883e-19,,3.644e-19,1.887e-20,3.057e-17,1.062e-7,9.567e-9,1.840e-19,7.626e-23,4.310e-7,3.274e-17,3.500e+0,1.220e-17,4.472e-3,7.057e-18,2.273e-1,,2.896e-18,,,1.042e+0,,,1.223e-5,,1.728e-18,,9.901e-19,,1.755e-8,,,,2.202e-17,2.899e-16
592.65,7.954e+0,1.352e-20,3.353e-12,4.416e-43,2.730e-10,,,1.604e-18,5.114e-21,,1.543e-15,2.567e-20,4.570e-25,9.379e-18,2.431e-12,3.332e-22,2.772e-20,4.942e-25,,5.591e-18,1.161e-18,2.206e-36,2.871e+0,,1.468e-25,5.882e-19,,3.646e-19,1.887e-20,3.059e-17,7.205e-8,9.916e-9,1.841e-19,7.618e-23,4.057e-7,3.277e-17,3.748e+0,1.222e-17,5.666e-3,7.051e-18,2.849e-1,,2.892e-18,,,1.044e+0,,,1.677e-5,,1.728e-18,,9.897e-19,,1.168e-8,,,,2.206e-17,2.899e-16
592.67,8.006e+0,1.349e-20,2.940e-12,4.414e-43,1.947e-10,,,1.604e-18,5.115e-21,,1.543e-15,2.531e-20,4.559e-25,9.379e-18,3.395e-12,2.454e-22,2.775e-20,4.944e-25,,5.587e-18,1.161e-18,2.209e-36,2.711e+0,,1.469e-25,5.881e-19,,3.647e-19,1.887e-20,3.061e-17,5.550e-8,1.014e-8,1.841e-19,7.613e-23,4.213e-7,3.278e-17,3.915e+0,1.224e-17,6.616e-3,7.048e-18,3.304e-1,,2.890e-18,,,1.043e+0,,,2.064e-5,,1.728e-18,,9.895e-19,,8.871e-9,,,,2.208e-17,2.899e-16
592.7,8.103e+0,1.346e-20,2.404e-12,4.411e-43,1.168e-10,,,1.603e-18,5.117e-21,,1.542e-15,2.475e-20,4.544e-25,9.379e-18,5.582e-12,1.545e-22,2.779e-20,4.947e-25,,5.582e-18,1.162e-18,2.212e-36,2.479e+0,,1.470e-25,5.879e-19,,3.648e-19,1.887e-20,3.064e-17,3.738e-8,1.047e-8,1.841e-19,7.605e-23,4.952e-7,3.281e-17,4.167e+0,1.227e-17,8.314e-3,7.042e-18,4.109e-1,,2.886e-18,,,1.037e+0,,,2.808e-5,,1.728e-18,,9.891e-19,,5.852e-9,,,,2.212e-17,2.900e-16
592.72,8.180e+0,1.343e-20,2.097e-12,4.409e-43,8.286e-11,,,1.603e-18,5.118e-21,,1.542e-15,2.439e-20,4.534e-25,9.379e-18,7.755e-12,1.132e-22,2.782e-20,4.949e-25,,5.578e-18,1.162e-18,2.214e-36,2.331e+0,,1.471e-25,5.878e-19,,3.649e-19,1.887e-20,3.065e-17,2.866e-8,1.067e-8,1.841e-19,7.600e-23,5.820e-7,3.283e-17,4.335e+0,1.229e-17,9.655e-3,7.039e-18,4.740e-1,,2.883e-18,,,1.030e+0,,,3.438e-5,,1.728e-18,,9.888e-19,,4.422e-9,,,,2.215e-17,2.900e-16
592.75,8.315e+0,1.339e-20,1.701e-12,4.407e-43,4.930e-11,,,1.603e-18,5.120e-21,,1.542e-15,2.384e-20,4.518e-25,9.379e-18,1.265e-11,7.069e-23,2.786e-20,4.953e-25,,5.572e-18,1.163e-18,2.217e-36,2.118e+0,,1.472e-25,5.876e-19,,3.650e-19,1.888e-20,3.068e-17,1.919e-8,1.096e-8,1.841e-19,7.592e-23,7.798e-7,3.286e-17,4.584e+0,1.231e-17,1.204e-2,7.033e-18,5.847e-1,,2.880e-18,,,1.016e+0,,,4.638e-5,,1.729e-18,,9.884e-19,,2.893e-9,,,,2.218e-17,2.900e-16
592.77,8.420e+0,1.337e-20,1.475e-12,4.405e-43,3.478e-11,,,1.603e-18,5.121e-21,,1.541e-15,2.347e-20,4.508e-25,9.379e-18,1.748e-11,5.150e-23,2.788e-20,4.955e-25,,5.569e-18,1.163e-18,2.220e-36,1.983e+0,,1.473e-25,5.875e-19,,3.651e-19,1.888e-20,3.070e-17,1.469e-8,1.114e-8,1.841e-19,7.586e-23,9.668e-7,3.287e-17,4.748e+0,1.233e-17,1.390e-2,7.030e-18,6.708e-1,,2.877e-18,,,1.004e+0,,,5.648e-5,,1.729e-18,,9.881e-19,,2.174e-9,,,,2.221e-17,2.900e-16
592.79,8.536e+0,1.335e-20,1.277e-12,4.403e-43,2.448e-11,,,1.603e-18,5.122e-21,,1.541e-15,2.310e-20,4.498e-25,9.378e-18,2.410e-11,3.744e-23,2.791e-20,4.957e-25,,5.565e-18,1.163e-18,2.222e-36,1.854e+0,,1.474e-25,5.874e-19,,3.652e-19,1.888e-20,3.072e-17,1.125e-8,1.130e-8,1.842e-19,7.581e-23,1.209e-6,3.289e-17,4.908e+0,1.235e-17,1.602e-2,7.026e-18,7.679e-1,,2.874e-18,,,9.898e-1,,,6.863e-5,,1.729e-18,,9.879e-19,,1.630e-9,,,,2.223e-17,2.901e-16
592.82,8.733e+0,1.331e-20,1.024e-12,4.401e-43,1.440e-11,,,1.603e-18,5.124e-21,,1.541e-15,2.255e-20,4.482e-25,9.378e-18,3.886e-11,2.311e-23,2.795e-20,4.960e-25,,5.559e-18,1.164e-18,2.225e-36,1.671e+0,,1.475e-25,5.873e-19,,3.653e-19,1.888e-20,3.074e-17,7.615e-9,1.152e-8,1.842e-19,7.573e-23,1.702e-6,3.292e-17,5.141e+0,1.237e-17,1.975e-2,7.021e-18,9.368e-1,,2.871e-18,,,9.650e-1,,,9.154e-5,,1.729e-18,,9.875e-19,,1.054e-9,,,,2.227e-17,2.901e-16
592.84,8.882e+0,1.329e-20,8.810e-13,4.399e-43,1.008e-11,,,1.603e-18,5.125e-21,,1.540e-15,2.218e-20,4.472e-25,9.378e-18,5.329e-11,1.671e-23,2.798e-20,4.962e-25,,5.555e-18,1.164e-18,2.228e-36,1.556e+0,,1.475e-25,5.872e-19,,3.654e-19,1.888e-20,3.076e-17,5.949e-9,1.164e-8,1.842e-19,7.568e-23,2.142e-6,3.294e-17,5.291e+0,1.239e-17,2.264e-2,7.017e-18,1.067e+0,,2.868e-18,,,9.463e-1,,,1.106e-4,,1.729e-18,,9.872e-19,,7.864e-10,,,,2.230e-17,2.901e-16
592.87,9.133e+0,1.325e-20,7.007e-13,4.396e-43,5.880e-12,,,1.603e-18,5.127e-21,,1.540e-15,2.163e-20,4.456e-25,9.378e-18,8.524e-11,1.023e-23,2.802e-20,4.965e-25,,5.550e-18,1.165e-18,2.231e-36,1.396e+0,,1.477e-25,5.870e-19,,3.655e-19,1.889e-20,3.078e-17,4.291e-9,1.178e-8,1.842e-19,7.560e-23,3.021e-6,3.296e-17,5.504e+0,1.242e-17,2.767e-2,7.012e-18,1.291e+0,,2.864e-18,,,9.151e-1,,,1.464e-4,,1.729e-18,,9.868e-19,,5.044e-10,,,,2.233e-17,2.902e-16
592.89,9.320e+0,1.323e-20,5.999e-13,4.394e-43,4.094e-12,,,1.603e-18,5.128e-21,,1.540e-15,2.127e-20,4.446e-25,9.378e-18,1.163e-10,7.356e-24,2.804e-20,4.967e-25,,5.546e-18,1.165e-18,2.233e-36,1.297e+0,,1.477e-25,5.869e-19,,3.656e-19,1.889e-20,3.080e-17,3.628e-9,1.185e-8,1.842e-19,7.555e-23,3.794e-6,3.298e-17,5.637e+0,1.244e-17,3.155e-2,7.008e-18,1.462e+0,,2.862e-18,,,8.925e-1,,,1.760e-4,,1.729e-18,,9.865e-19,,3.741e-10,,,,2.236e-17,2.902e-16
592.92,9.632e+0,1.319e-20,4.732e-13,4.392e-43,2.368e-12,,,1.603e-18,5.130e-21,,1.539e-15,2.072e-20,4.431e-25,9.378e-18,1.845e-10,4.466e-24,2.808e-20,4.971e-25,,5.540e-18,1.166e-18,2.236e-36,1.160e+0,,1.478e-25,5.867e-19,,3.657e-19,1.889e-20,3.083e-17,3.174e-9,1.192e-8,1.842e-19,7.547e-23,5.322e-6,3.301e-17,5.823e+0,1.246e-17,3.825e-2,7.003e-18,1.755e+0,,2.858e-18,,,8.560e-1,,,2.309e-4,,1.730e-18,,9.861e-19,,2.380e-10,,,,2.240e-17,2.902e-16
592.94,9.864e+0,1.317e-20,4.029e-13,4.390e-43,1.640e-12,,,1.603e-18,5.131e-21,,1.539e-15,2.035e-20,4.420e-25,9.377e-18,2.503e-10,3.194e-24,2.811e-20,4.973e-25,,5.537e-18,1.166e-18,2.239e-36,1.076e+0,,1.479e-25,5.866e-19,,3.658e-19,1.889e-20,3.085e-17,3.197e-9,1.194e-8,1.843e-19,7.542e-23,6.654e-6,3.303e-17,5.937e+0,1.248e-17,4.338e-2,6.999e-18,1.976e+0,,2.855e-18,,,8.303e-1,,,2.761e-4,,1.730e-18,,9.858e-19,,1.756e-10,,,,2.242e-17,2.902e-16
592.97,1.025e+1,1.313e-20,3.152e-13,4.387e-43,9.409e-13,,,1.603e-18,5.133e-21,,1.538e-15,1.980e-20,4.405e-25,9.377e-18,3.939e-10,1.923e-24,2.815e-20,4.976e-25,,5.531e-18,1.167e-18,2.242e-36,9.626e-1,,1.480e-25,5.865e-19,,3.659e-19,1.889e-20,3.087e-17,3.721e-9,1.192e-8,1.843e-19,7.534e-23,9.267e-6,3.305e-17,6.090e+0,1.251e-17,5.217e-2,6.994e-18,2.353e+0,,2.851e-18,,,7.900e-1,,,3.594e-4,,1.730e-18,,9.854e-19,,1.108e-10,,,,2.246e-17,2.903e-16
592.99,1.053e+1,1.311e-20,2.669e-13,4.386e-43,6.479e-13,,,1.603e-18,5.134e-21,,1.538e-15,1.943e-20,4.395e-25,9.377e-18,5.315e-10,1.368e-24,2.818e-20,4.978e-25,,5.527e-18,1.167e-18,2.244e-36,8.945e-1,,1.481e-25,5.864e-19,,3.660e-19,1.890e-20,3.089e-17,4.431e-9,1.188e-8,1.843e-19,7.528e-23,1.153e-5,3.307e-17,6.180e+0,1.253e-17,5.884e-2,6.990e-18,2.637e+0,,2.849e-18,,,7.621e-1,,,4.274e-4,,1.730e-18,,9.852e-19,,8.126e-11,,,,2.248e-17,2.903e-16
593.02,1.100e+1,1.307e-20,2.072e-13,4.383e-43,3.687e-13,,,1.603e-18,5.136e-21,,1.538e-15,1.888e-20,4.379e-25,9.377e-18,8.299e-10,8.169e-25,2.822e-20,4.981e-25,,5.522e-18,1.168e-18,2.248e-36,8.036e-1,,1.482e-25,5.862e-19,,3.662e-19,1.890e-20,3.091e-17,6.160e-9,1.178e-8,1.843e-19,7.521e-23,1.593e-5,3.310e-17,6.296e+0,1.255e-17,7.020e-2,6.985e-18,3.114e+0,,2.845e-18,,,7.191e-1,,,5.519e-4,,1.730e-18,,9.848e-19,,5.085e-11,,,,2.252e-17,2.903e-16
593.04,1.135e+1,1.304e-20,1.745e-13,4.381e-43,2.525e-13,,,1.603e-18,5.137e-21,,1.537e-15,1.851e-20,4.369e-25,9.377e-18,1.114e-9,5.777e-25,2.824e-20,4.983e-25,,5.518e-18,1.168e-18,2.250e-36,7.505e-1,,1.483e-25,5.861e-19,,3.663e-19,1.890e-20,3.093e-17,7.870e-9,1.169e-8,1.843e-19,7.515e-23,1.970e-5,3.312e-17,6.359e+0,1.257e-17,7.874e-2,6.981e-18,3.471e+0,,2.842e-18,,,6.900e-1,,,6.527e-4,,1.730e-18,,9.845e-19,,3.710e-11,,,,2.255e-17,2.904e-16
593.07,1.192e+1,1.301e-20,1.343e-13,4.379e-43,1.425e-13,,,1.603e-18,5.139e-21,,1.537e-15,1.796e-20,4.353e-25,9.377e-18,1.725e-9,3.422e-25,2.828e-20,4.986e-25,,5.512e-18,1.169e-18,2.253e-36,6.819e-1,,1.484e-25,5.860e-19,,3.664e-19,1.890e-20,3.096e-17,1.157e-8,1.150e-8,1.843e-19,7.507e-23,2.701e-5,3.314e-17,6.434e+0,1.260e-17,9.318e-2,6.976e-18,4.066e+0,,2.839e-18,,,6.458e-1,,,8.360e-4,,1.731e-18,,9.841e-19,,2.302e-11,,,,2.259e-17,2.904e-16
593.09,1.234e+1,1.298e-20,1.125e-13,4.377e-43,9.704e-14,,,1.603e-18,5.140e-21,,1.537e-15,1.759e-20,4.343e-25,9.376e-18,2.303e-9,2.407e-25,2.831e-20,4.989e-25,,5.508e-18,1.169e-18,2.255e-36,6.433e-1,,1.485e-25,5.858e-19,,3.665e-19,1.890e-20,3.098e-17,1.502e-8,1.135e-8,1.844e-19,7.502e-23,3.323e-5,3.316e-17,6.469e+0,1.261e-17,1.040e-1,6.972e-18,4.507e+0,,2.836e-18,,,6.162e-1,,,9.834e-4,,1.731e-18,,9.838e-19,,1.671e-11,,,,2.261e-17,2.904e-16
593.12,1.303e+1,1.295e-20,8.588e-14,4.374e-43,5.432e-14,,,1.602e-18,5.142e-21,,1.536e-15,1.704e-20,4.328e-25,9.376e-18,3.537e-9,1.414e-25,2.835e-20,4.992e-25,,5.503e-18,1.170e-18,2.259e-36,5.960e-1,,1.486e-25,5.857e-19,,3.666e-19,1.891e-20,3.100e-17,2.226e-8,1.109e-8,1.844e-19,7.494e-23,4.518e-5,3.319e-17,6.501e+0,1.264e-17,1.220e-1,6.967e-18,5.239e+0,,2.832e-18,,,5.721e-1,,,1.249e-3,,1.731e-18,,9.834e-19,,1.028e-11,,,,2.265e-17,2.904e-16
593.14,1.353e+1,1.292e-20,7.154e-14,4.372e-43,3.679e-14,,,1.602e-18,5.143e-21,,1.536e-15,1.668e-20,4.317e-25,9.376e-18,4.697e-9,9.893e-26,2.838e-20,4.994e-25,,5.499e-18,1.170e-18,2.261e-36,5.714e-1,,1.487e-25,5.856e-19,,3.667e-19,1.891e-20,3.102e-17,2.892e-8,1.089e-8,1.844e-19,7.489e-23,5.530e-5,3.321e-17,6.507e+0,1.266e-17,1.354e-1,6.963e-18,5.776e+0,,2.830e-18,,,5.429e-1,,,1.462e-3,,1.731e-18,,9.832e-19,,7.420e-12,,,,2.267e-17,2.905e-16
593.17,1.436e+1,1.289e-20,5.417e-14,4.370e-43,2.042e-14,,,1.602e-18,5.145e-21,,1.535e-15,1.613e-20,4.302e-25,9.376e-18,7.157e-9,5.764e-26,2.842e-20,4.997e-25,,5.493e-18,1.170e-18,2.264e-36,5.447e-1,,1.488e-25,5.854e-19,,3.668e-19,1.891e-20,3.105e-17,4.269e-8,1.056e-8,1.844e-19,7.481e-23,7.458e-5,3.323e-17,6.495e+0,1.268e-17,1.576e-1,6.958e-18,6.659e+0,,2.826e-18,,,4.999e-1,,,1.842e-3,,1.731e-18,,9.828e-19,,4.530e-12,,,,2.271e-17,2.905e-16
593.19,1.496e+1,1.286e-20,4.488e-14,4.368e-43,1.376e-14,,,1.602e-18,5.146e-21,,1.535e-15,1.576e-20,4.292e-25,9.376e-18,9.452e-9,4.010e-26,2.844e-20,4.999e-25,,5.490e-18,1.171e-18,2.267e-36,5.335e-1,,1.489e-25,5.853e-19,,3.669e-19,1.891e-20,3.106e-17,5.522e-8,1.031e-8,1.844e-19,7.476e-23,9.080e-5,3.325e-17,6.473e+0,1.270e-17,1.740e-1,6.954e-18,7.302e+0,,2.823e-18,,,4.719e-1,,,2.143e-3,,1.731e-18,,9.825e-19,,3.251e-12,,,,2.274e-17,2.905e-16
593.21,1.560e+1,1.284e-20,3.710e-14,4.366e-43,9.246e-15,,,1.602e-18,5.147e-21,,1.535e-15,1.539e-20,4.281e-25,9.376e-18,1.246e-8,2.784e-26,2.847e-20,5.001e-25,,5.486e-18,1.171e-18,2.269e-36,5.276e-1,,1.489e-25,5.852e-19,,3.670e-19,1.891e-20,3.108e-17,7.130e-8,1.006e-8,1.844e-19,7.470e-23,1.103e-4,3.327e-17,6.440e+0,1.272e-17,1.916e-1,6.951e-18,7.990e+0,,2.821e-18,,,4.445e-1,,,2.489e-3,,1.732e-18,,9.822e-19,,2.328e-12,,,,2.276e-17,2.905e-16
593.24,1.664e+1,1.280e-20,2.777e-14,4.364e-43,5.074e-15,,,1.602e-18,5.149e-21,,1.534e-15,1.484e-20,4.266e-25,9.376e-18,1.877e-8,1.603e-26,2.851e-20,5.004e-25,,5.480e-18,1.172e-18,2.272e-36,5.284e-1,,1.490e-25,5.851e-19,,3.671e-19,1.892e-20,3.111e-17,1.042e-7,9.644e-9,1.845e-19,7.463e-23,1.471e-4,3.330e-17,6.370e+0,1.275e-17,2.205e-1,6.945e-18,9.109e+0,,2.817e-18,,,4.046e-1,,,3.101e-3,,1.732e-18,,9.818e-19,,1.405e-12,,,,2.280e-17,2.906e-16
593.26,1.738e+1,1.278e-20,2.283e-14,4.362e-43,3.392e-15,,,1.602e-18,5.150e-21,,1.534e-15,1.447e-20,4.256e-25,9.375e-18,2.460e-8,1.107e-26,2.854e-20,5.007e-25,,5.476e-18,1.172e-18,2.274e-36,5.352e-1,,1.491e-25,5.849e-19,,3.672e-19,1.892e-20,3.112e-17,1.338e-7,9.355e-9,1.845e-19,7.457e-23,1.777e-4,3.331e-17,6.311e+0,1.276e-17,2.415e-1,6.942e-18,9.913e+0,,2.814e-18,,,3.790e-1,,,3.581e-3,,1.732e-18,,9.816e-19,,1.001e-12,,,,2.282e-17,2.906e-16
593.29,1.859e+1,1.274e-20,1.695e-14,4.359e-43,1.846e-15,,,1.602e-18,5.152e-21,,1.534e-15,2.722e-20,4.240e-25,9.375e-18,3.676e-8,6.323e-27,2.858e-20,5.010e-25,,5.471e-18,1.173e-18,2.278e-36,5.548e-1,,1.492e-25,5.848e-19,,3.673e-19,1.892e-20,3.115e-17,1.940e-7,8.903e-9,1.845e-19,7.449e-23,2.350e-4,3.334e-17,6.203e+0,1.279e-17,2.758e-1,6.936e-18,1.121e+1,,2.811e-18,,,3.422e-1,,,4.426e-3,,1.732e-18,,9.812e-19,,5.988e-13,,,,2.286e-17,2.906e-16
593.31,1.945e+1,1.272e-20,1.386e-14,4.357e-43,1.227e-15,,,1.602e-18,5.153e-21,,1.533e-15,4.136e-20,4.230e-25,9.375e-18,4.792e-8,4.341e-27,2.860e-20,5.012e-25,,5.467e-18,1.173e-18,2.280e-36,5.739e-1,,1.493e-25,5.847e-19,,3.674e-19,1.892e-20,3.117e-17,2.478e-7,8.591e-9,1.845e-19,7.444e-23,2.824e-4,3.336e-17,6.120e+0,1.281e-17,3.004e-1,6.933e-18,1.214e+1,,2.808e-18,,,3.188e-1,,,5.084e-3,,1.732e-18,,9.809e-19,,4.241e-13,,,,2.289e-17,2.907e-16
593.34,2.084e+1,1.268e-20,1.021e-14,4.355e-43,6.623e-16,,,1.602e-18,5.155e-21,,1.533e-15,7.715e-20,4.215e-25,9.375e-18,7.104e-8,2.459e-27,2.864e-20,5.015e-25,,5.461e-18,1.174e-18,2.283e-36,6.116e-1,,1.494e-25,5.845e-19,,3.675e-19,1.892e-20,3.119e-17,3.563e-7,8.113e-9,1.845e-19,7.436e-23,3.705e-4,3.339e-17,5.979e+0,1.283e-17,3.402e-1,6.927e-18,1.361e+1,,2.804e-18,,,2.855e-1,,,6.232e-3,,1.732e-18,,9.805e-19,,2.518e-13,,,,2.293e-17,2.907e-16
593.36,2.182e+1,1.266e-20,8.303e-15,4.353e-43,4.379e-16,,,1.602e-18,5.156e-21,,1.533e-15,1.166e-19,4.204e-25,9.375e-18,9.212e-8,1.679e-27,2.867e-20,5.017e-25,,5.458e-18,1.174e-18,2.286e-36,6.427e-1,,1.495e-25,5.844e-19,,3.676e-19,1.892e-20,3.121e-17,4.528e-7,7.790e-9,1.845e-19,7.431e-23,4.428e-4,3.340e-17,5.875e+0,1.285e-17,3.686e-1,6.924e-18,1.466e+1,,2.802e-18,,,2.646e-1,,,7.120e-3,,1.733e-18,,9.802e-19,,1.774e-13,,,,2.295e-17,2.907e-16
593.39,2.337e+1,1.262e-20,6.064e-15,4.350e-43,2.344e-16,,,1.602e-18,5.158e-21,,1.532e-15,2.158e-19,4.189e-25,9.375e-18,1.355e-7,9.436e-28,2.871e-20,5.020e-25,,5.452e-18,1.175e-18,2.289e-36,6.980e-1,,1.496e-25,5.843e-19,,3.678e-19,1.893e-20,3.124e-17,6.459e-7,7.301e-9,1.846e-19,7.423e-23,5.763e-4,3.343e-17,5.705e+0,1.288e-17,4.141e-1,6.918e-18,1.631e+1,,2.798e-18,,,2.350e-1,,,8.658e-3,,1.733e-18,,9.798e-19,,1.044e-13,,,,2.299e-17,2.907e-16
593.41,2.447e+1,1.260e-20,4.905e-15,4.349e-43,1.541e-16,,,1.602e-18,5.159e-21,,1.532e-15,3.244e-19,4.179e-25,9.374e-18,1.747e-7,6.408e-28,2.874e-20,5.022e-25,,5.448e-18,1.175e-18,2.291e-36,7.406e-1,,1.497e-25,5.842e-19,,3.678e-19,1.893e-20,3.125e-17,8.163e-7,6.974e-9,1.846e-19,7.418e-23,6.851e-4,3.345e-17,5.585e+0,1.290e-17,4.463e-1,6.915e-18,1.747e+1,,2.795e-18,,,2.166e-1,,,9.837e-3,,1.733e-18,,9.796e-19,,7.316e-14,,,,2.301e-17,2.908e-16
593.44,2.619e+1,1.256e-20,3.553e-15,4.346e-43,8.183e-17,,,1.602e-18,5.161e-21,,1.532e-15,5.955e-19,4.163e-25,9.374e-18,2.549e-7,3.571e-28,2.878e-20,5.026e-25,,5.442e-18,1.175e-18,2.295e-36,8.127e-1,,1.498e-25,5.840e-19,,3.680e-19,1.893e-20,3.128e-17,1.155e-6,6.487e-9,1.846e-19,7.410e-23,8.843e-4,3.348e-17,5.393e+0,1.292e-17,4.972e-1,6.909e-18,1.928e+1,,2.791e-18,,,1.908e-1,,,1.187e-2,,1.733e-18,,9.792e-19,,4.274e-14,,,,2.305e-17,2.908e-16
593.46,2.739e+1,1.254e-20,2.858e-15,4.344e-43,5.350e-17,,,1.602e-18,5.162e-21,,1.531e-15,8.904e-19,4.153e-25,9.374e-18,3.269e-7,2.412e-28,2.881e-20,5.028e-25,,5.439e-18,1.176e-18,2.297e-36,8.662e-1,,1.499e-25,5.839e-19,,3.681e-19,1.893e-20,3.130e-17,1.452e-6,6.166e-9,1.846e-19,7.405e-23,1.046e-3,3.349e-17,5.260e+0,1.294e-17,5.329e-1,6.906e-18,2.054e+1,,2.789e-18,,,1.749e-1,,,1.341e-2,,1.733e-18,,9.789e-19,,2.979e-14,,,,2.308e-17,2.908e-16
593.49,2.926e+1,1.250e-20,2.054e-15,4.342e-43,2.817e-17,,,1.602e-18,5.164e-21,,1.531e-15,1.621e-18,4.137e-25,9.374e-18,4.730e-7,1.333e-28,2.885e-20,5.031e-25,,5.433e-18,1.176e-18,2.300e-36,9.542e-1,,1.500e-25,5.837e-19,,3.682e-19,1.894e-20,3.132e-17,2.038e-6,5.694e-9,1.846e-19,7.397e-23,1.339e-3,3.352e-17,5.052e+0,1.297e-17,5.890e-1,6.900e-18,2.249e+1,,2.785e-18,,,1.528e-1,,,1.604e-2,,1.733e-18,,9.785e-19,,1.730e-14,,,,2.311e-17,2.909e-16
593.51,3.054e+1,1.248e-20,1.643e-15,4.340e-43,2.814e-17,,,1.602e-18,5.165e-21,,1.531e-15,2.412e-18,4.127e-25,9.374e-18,6.035e-7,8.952e-29,2.887e-20,5.033e-25,,5.429e-18,1.177e-18,2.302e-36,1.018e+0,,1.501e-25,5.836e-19,,3.683e-19,1.894e-20,3.134e-17,2.548e-6,5.386e-9,1.847e-19,7.391e-23,1.574e-3,3.354e-17,4.909e+0,1.299e-17,6.279e-1,6.897e-18,2.383e+1,,2.782e-18,,,1.393e-1,,,1.803e-2,,1.733e-18,,9.782e-19,,1.204e-14,,,,2.314e-17,2.909e-16
593.54,3.253e+1,1.244e-20,1.171e-15,4.337e-43,2.809e-17,,,1.602e-18,5.167e-21,,1.530e-15,4.356e-18,4.112e-25,9.374e-18,8.662e-7,4.907e-29,2.891e-20,5.036e-25,,5.424e-18,1.177e-18,2.306e-36,1.121e+0,,1.502e-25,5.835e-19,,3.684e-19,1.894e-20,3.137e-17,3.548e-6,4.938e-9,1.847e-19,7.383e-23,2.000e-3,3.356e-17,4.691e+0,1.301e-17,6.883e-1,6.891e-18,2.589e+1,,2.779e-18,,,1.208e-1,,,2.140e-2,,1.734e-18,,9.778e-19,,7.038e-15,,,,2.318e-17,2.909e-16
593.56,3.388e+1,1.242e-20,9.316e-16,4.335e-43,2.806e-17,,,1.601e-18,5.168e-21,,1.530e-15,6.444e-18,4.101e-25,9.373e-18,1.099e-6,3.278e-29,2.894e-20,5.038e-25,,5.420e-18,1.178e-18,2.308e-36,1.194e+0,,1.502e-25,5.834e-19,,3.685e-19,1.894e-20,3.138e-17,4.412e-6,4.650e-9,1.847e-19,7.378e-23,2.339e-3,3.358e-17,4.543e+0,1.303e-17,7.298e-1,6.888e-18,2.728e+1,,2.776e-18,,,1.095e-1,,,2.393e-2,,1.734e-18,,9.776e-19,,4.990e-15,,,,2.320e-17,2.909e-16
593.58,3.525e+1,1.239e-20,7.396e-16,4.334e-43,2.803e-17,,,1.601e-18,5.169e-21,,1.530e-15,9.512e-18,4.091e-25,9.373e-18,1.392e-6,2.185e-29,2.897e-20,5.040e-25,,5.416e-18,1.178e-18,2.310e-36,1.270e+0,,1.503e-25,5.833e-19,,3.686e-19,1.894e-20,3.140e-17,5.475e-6,4.370e-9,1.847e-19,7.373e-23,2.730e-3,3.360e-17,4.394e+0,1.305e-17,7.721e-1,6.884e-18,2.869e+1,,2.773e-18,,,9.904e-2,,,2.669e-2,,1.734e-18,,9.773e-19,,3.636e-15,,,,2.323e-17,2.910e-16
593.61,3.733e+1,1.236e-20,5.211e-16,4.331e-43,2.799e-17,,,1.601e-18,5.171e-21,,1.529e-15,1.699e-17,4.076e-25,9.373e-18,1.975e-6,1.184e-29,2.901e-20,5.044e-25,,5.410e-18,1.179e-18,2.314e-36,1.391e+0,,1.504e-25,5.831e-19,,3.687e-19,1.894e-20,3.143e-17,7.538e-6,3.969e-9,1.847e-19,7.365e-23,3.428e-3,3.363e-17,4.170e+0,1.307e-17,8.368e-1,6.879e-18,3.081e+1,,2.770e-18,,,8.487e-2,,,3.132e-2,,1.734e-18,,9.769e-19,,2.529e-15,,,,2.327e-17,2.910e-16
593.63,3.872e+1,1.233e-20,4.114e-16,4.329e-43,2.795e-17,,,1.601e-18,5.172e-21,,1.529e-15,2.495e-17,4.065e-25,9.373e-18,2.488e-6,7.847e-30,2.903e-20,5.046e-25,,5.407e-18,1.179e-18,2.316e-36,1.475e+0,,1.505e-25,5.830e-19,,3.688e-19,1.895e-20,3.144e-17,9.303e-6,3.714e-9,1.847e-19,7.360e-23,3.979e-3,3.365e-17,4.021e+0,1.309e-17,8.806e-1,6.875e-18,3.223e+1,,2.767e-18,,,7.636e-2,,,3.475e-2,,1.734e-18,,9.766e-19,,2.259e-15,,,,2.329e-17,2.910e-16
593.66,4.080e+1,1.230e-20,2.875e-16,4.327e-43,2.791e-17,,,1.601e-18,5.174e-21,,1.528e-15,4.420e-17,4.050e-25,9.373e-18,3.502e-6,4.217e-30,2.907e-20,5.049e-25,,5.401e-18,1.179e-18,2.319e-36,1.606e+0,,1.506e-25,5.828e-19,,3.689e-19,1.895e-20,3.147e-17,1.271e-5,3.352e-9,1.848e-19,7.352e-23,4.957e-3,3.367e-17,3.799e+0,1.312e-17,9.467e-1,6.870e-18,3.434e+1,,2.763e-18,,,6.490e-2,,,4.044e-2,,1.734e-18,,9.762e-19,,2.457e-15,,,,2.333e-17,2.911e-16
593.68,4.217e+1,1.227e-20,2.258e-16,4.325e-43,2.788e-17,,,1.601e-18,5.175e-21,,1.528e-15,6.455e-17,4.040e-25,9.373e-18,4.387e-6,2.780e-30,2.910e-20,5.051e-25,,5.397e-18,1.180e-18,2.321e-36,1.697e+0,,1.507e-25,5.827e-19,,3.690e-19,1.895e-20,3.149e-17,1.560e-5,3.124e-9,1.848e-19,7.347e-23,5.723e-3,3.369e-17,3.652e+0,1.314e-17,9.908e-1,6.866e-18,3.573e+1,,2.761e-18,,,5.808e-2,,,4.463e-2,,1.735e-18,,9.760e-19,,3.015e-15,,,,2.335e-17,2.911e-16
593.71,4.420e+1,1.224e-20,1.565e-16,4.322e-43,2.783e-17,,,1.601e-18,5.177e-21,,1.528e-15,1.135e-16,4.024e-25,9.373e-18,6.126e-6,1.482e-30,2.914e-20,5.054e-25,,5.392e-18,1.180e-18,2.325e-36,1.836e+0,,1.508e-25,5.826e-19,,3.691e-19,1.895e-20,3.151e-17,2.113e-5,2.804e-9,1.848e-19,7.339e-23,7.072e-3,3.372e-17,3.436e+0,1.316e-17,1.056e+0,6.861e-18,3.776e+1,,2.757e-18,,,4.896e-2,,,5.152e-2,,1.735e-18,,9.756e-19,,4.672e-15,,,,2.339e-17,2.911e-16
593.73,4.551e+1,1.221e-20,1.222e-16,4.320e-43,2.780e-17,,,1.601e-18,5.178e-21,,1.527e-15,1.648e-16,4.014e-25,9.372e-18,7.633e-6,9.714e-31,2.917e-20,5.056e-25,,5.388e-18,1.181e-18,2.327e-36,1.930e+0,,1.509e-25,5.825e-19,,3.692e-19,1.895e-20,3.153e-17,2.580e-5,2.604e-9,1.848e-19,7.333e-23,8.121e-3,3.374e-17,3.295e+0,1.318e-17,1.100e+0,6.857e-18,3.908e+1,,2.754e-18,,,4.358e-2,,,5.655e-2,,1.735e-18,,9.753e-19,,6.529e-15,,,,2.342e-17,2.911e-16
593.76,4.741e+1,1.218e-20,8.400e-17,4.318e-43,2.775e-17,,,1.601e-18,5.180e-21,,1.527e-15,2.874e-16,3.998e-25,9.372e-18,1.057e-5,5.135e-31,2.921e-20,5.059e-25,,5.382e-18,1.181e-18,2.330e-36,2.074e+0,,1.510e-25,5.823e-19,,3.693e-19,1.896e-20,3.156e-17,3.468e-5,2.325e-9,1.848e-19,7.326e-23,9.953e-3,3.376e-17,3.088e+0,1.321e-17,1.163e+0,6.852e-18,4.097e+1,,2.750e-18,,,3.644e-2,,,6.476e-2,,1.735e-18,,9.749e-19,,1.104e-14,,,,2.345e-17,2.912e-16
593.78,4.862e+1,1.215e-20,6.525e-17,4.316e-43,2.772e-17,,,1.601e-18,5.181e-21,,1.527e-15,4.152e-16,3.988e-25,9.372e-18,1.310e-5,5.130e-31,2.923e-20,5.062e-25,,5.379e-18,1.182e-18,2.333e-36,2.171e+0,,1.511e-25,5.822e-19,,3.694e-19,1.896e-20,3.157e-17,4.211e-5,2.154e-9,1.848e-19,7.320e-23,1.137e-2,3.378e-17,2.953e+0,1.322e-17,1.204e+0,6.848e-18,4.217e+1,,2.748e-18,,,3.225e-2,,,7.069e-2,,1.735e-18,,9.746e-19,,1.576e-14,,,,2.348e-17,2.912e-16
593.81,5.033e+1,1.212e-20,4.448e-17,4.313e-43,2.767e-17,,,1.601e-18,5.183e-21,,1.526e-15,7.181e-16,3.973e-25,9.372e-18,1.800e-5,5.124e-31,2.927e-20,5.065e-25,,5.373e-18,1.182e-18,2.336e-36,2.317e+0,,1.512e-25,5.820e-19,,3.696e-19,1.896e-20,3.160e-17,5.614e-5,1.916e-9,1.849e-19,7.312e-23,1.382e-2,3.381e-17,2.757e+0,1.325e-17,1.263e+0,6.843e-18,4.387e+1,,2.744e-18,,,2.675e-2,,,8.030e-2,,1.735e-18,,9.742e-19,,2.688e-14,,,,2.352e-17,2.912e-16
593.83,5.139e+1,1.209e-20,3.437e-17,4.312e-43,2.764e-17,,,1.601e-18,5.184e-21,,1.526e-15,1.032e-15,3.962e-25,9.372e-18,2.219e-5,5.119e-31,2.930e-20,5.067e-25,,5.369e-18,1.183e-18,2.338e-36,2.414e+0,,1.513e-25,5.819e-19,,3.696e-19,1.896e-20,3.162e-17,6.782e-5,1.771e-9,1.849e-19,7.307e-23,1.570e-2,3.383e-17,2.631e+0,1.327e-17,1.301e+0,6.839e-18,4.491e+1,,2.741e-18,,,2.355e-2,,,8.718e-2,,1.736e-18,,9.740e-19,,3.832e-14,,,,2.354e-17,2.912e-16
593.86,5.285e+1,1.206e-20,2.324e-17,4.309e-43,2.759e-17,,,1.601e-18,5.186e-21,,1.526e-15,1.771e-15,3.947e-25,9.372e-18,3.025e-5,5.112e-31,2.934e-20,5.070e-25,,5.363e-18,1.183e-18,2.341e-36,2.558e+0,,1.514e-25,5.818e-19,,3.698e-19,1.896e-20,3.164e-17,8.970e-5,1.572e-9,1.849e-19,7.299e-23,1.893e-2,3.385e-17,2.449e+0,1.330e-17,1.354e+0,6.834e-18,4.635e+1,,2.738e-18,,,1.937e-2,,,9.823e-2,,1.736e-18,,9.736e-19,,6.498e-14,,,,2.358e-17,2.913e-16
593.88,5.372e+1,1.203e-20,1.785e-17,4.307e-43,2.756e-17,,,1.601e-18,5.187e-21,,1.525e-15,2.531e-15,3.937e-25,9.371e-18,3.708e-5,5.108e-31,2.937e-20,5.072e-25,,5.360e-18,1.184e-18,2.344e-36,2.653e+0,,1.514e-25,5.817e-19,,3.699e-19,1.897e-20,3.166e-17,1.078e-4,1.451e-9,1.849e-19,7.294e-23,2.139e-2,3.387e-17,2.332e+0,1.331e-17,1.386e+0,6.830e-18,4.720e+1,,2.735e-18,,,1.696e-2,,,1.061e-1,,1.736e-18,,9.733e-19,,9.219e-14,,,,2.360e-17,2.913e-16
593.91,5.487e+1,1.199e-20,1.197e-17,4.304e-43,2.752e-17,,,1.601e-18,5.189e-21,,1.525e-15,4.308e-15,3.921e-25,9.371e-18,5.013e-5,5.101e-31,2.941e-20,5.075e-25,,5.354e-18,1.184e-18,2.347e-36,2.794e+0,,1.516e-25,5.815e-19,,3.700e-19,1.897e-20,3.169e-17,1.414e-4,1.288e-9,1.849e-19,7.286e-23,2.559e-2,3.390e-17,2.164e+0,1.334e-17,1.431e+0,6.825e-18,4.832e+1,,2.731e-18,,,1.384e-2,,,1.185e-1,,1.736e-18,,9.729e-19,,1.552e-13,,,,2.364e-17,2.913e-16
593.93,5.552e+1,1.197e-20,9.150e-18,4.303e-43,2.749e-17,,,1.601e-18,5.190e-21,,1.525e-15,6.124e-15,3.911e-25,9.371e-18,6.113e-5,5.097e-31,2.943e-20,5.077e-25,,5.350e-18,1.184e-18,2.349e-36,2.886e+0,,1.516e-25,5.814e-19,,3.701e-19,1.897e-20,3.171e-17,1.690e-4,1.190e-9,1.849e-19,7.281e-23,2.876e-2,3.391e-17,2.056e+0,1.336e-17,1.458e+0,6.821e-18,4.896e+1,,2.729e-18,,,1.205e-2,,,1.273e-1,,1.736e-18,,9.726e-19,,2.190e-13,,,,2.367e-17,2.914e-16
593.95,5.608e+1,1.195e-20,6.976e-18,4.301e-43,2.745e-17,,,1.601e-18,5.191e-21,,1.524e-15,8.688e-15,3.901e-25,9.371e-18,7.438e-5,5.092e-31,2.946e-20,5.080e-25,,5.347e-18,1.185e-18,2.351e-36,2.976e+0,,1.517e-25,5.813e-19,,3.702e-19,1.897e-20,3.172e-17,2.016e-4,1.100e-9,1.850e-19,7.275e-23,3.225e-2,3.393e-17,1.953e+0,1.337e-17,1.482e+0,6.818e-18,4.949e+1,,2.726e-18,,,1.047e-2,,,1.365e-1,,1.736e-18,,9.724e-19,,3.083e-13,,,,2.369e-17,2.914e-16
593.98,5.673e+1,1.191e-20,4.625e-18,4.298e-43,2.741e-17,,,1.600e-18,5.193e-21,,1.524e-15,1.462e-14,3.885e-25,9.371e-18,9.943e-5,5.085e-31,2.950e-20,5.083e-25,,5.341e-18,1.185e-18,2.355e-36,3.107e+0,,1.518e-25,5.811e-19,,3.703e-19,1.897e-20,3.175e-17,2.615e-4,9.797e-10,1.850e-19,7.268e-23,3.814e-2,3.396e-17,1.805e+0,1.340e-17,1.512e+0,6.812e-18,5.011e+1,,2.722e-18,,,8.447e-3,,,1.508e-1,,1.737e-18,,9.720e-19,,5.132e-13,,,,2.373e-17,2.914e-16
594,5.704e+1,1.189e-20,3.507e-18,4.297e-43,2.738e-17,,,1.600e-18,5.194e-21,,1.524e-15,2.063e-14,3.875e-25,9.371e-18,1.203e-4,5.081e-31,2.953e-20,5.085e-25,,5.337e-18,1.186e-18,2.357e-36,3.192e+0,,1.519e-25,5.810e-19,,3.704e-19,1.898e-20,3.177e-17,3.102e-4,9.089e-10,1.850e-19,7.262e-23,4.253e-2,3.398e-17,1.712e+0,1.342e-17,1.529e+0,6.809e-18,5.039e+1,,2.720e-18,,,7.300e-3,,,1.607e-1,,1.737e-18,,9.717e-19,,7.187e-13,,,,2.376e-17,2.914e-16
594.03,5.730e+1,1.185e-20,2.306e-18,4.294e-43,2.733e-17,,,1.600e-18,5.196e-21,,1.523e-15,3.445e-14,3.860e-25,9.370e-18,1.595e-4,5.074e-31,2.957e-20,5.088e-25,,5.331e-18,1.186e-18,2.360e-36,3.315e+0,,1.520e-25,5.809e-19,,3.705e-19,1.898e-20,3.179e-17,3.992e-4,8.157e-10,1.850e-19,7.254e-23,4.990e-2,3.400e-17,1.578e+0,1.345e-17,1.547e+0,6.803e-18,5.062e+1,,2.716e-18,,,5.841e-3,,,1.762e-1,,1.737e-18,,9.713e-19,,1.187e-12,,,,2.379e-17,2.915e-16
594.05,5.734e+1,1.183e-20,1.739e-18,4.292e-43,2.730e-17,,,1.600e-18,5.197e-21,,1.523e-15,4.835e-14,3.849e-25,9.370e-18,1.921e-4,5.070e-31,2.959e-20,5.090e-25,,5.328e-18,1.187e-18,2.363e-36,3.394e+0,,1.521e-25,5.808e-19,,3.706e-19,1.898e-20,3.181e-17,4.710e-4,7.617e-10,1.850e-19,7.249e-23,5.535e-2,3.402e-17,1.494e+0,1.346e-17,1.556e+0,6.800e-18,5.065e+1,,2.713e-18,,,5.021e-3,,,1.868e-1,,1.737e-18,,9.710e-19,,1.653e-12,,,,2.382e-17,2.915e-16
594.08,5.721e+1,1.179e-20,1.134e-18,4.289e-43,2.725e-17,,,1.600e-18,5.199e-21,,1.522e-15,8.006e-14,3.834e-25,9.370e-18,2.526e-4,5.063e-31,2.963e-20,5.093e-25,,5.322e-18,1.187e-18,2.366e-36,3.510e+0,,1.522e-25,5.806e-19,,3.707e-19,1.898e-20,3.184e-17,6.014e-4,6.921e-10,1.850e-19,7.241e-23,6.441e-2,3.405e-17,1.374e+0,1.349e-17,1.562e+0,6.794e-18,5.049e+1,,2.709e-18,,,3.985e-3,,,2.031e-1,,1.737e-18,,9.706e-19,,2.707e-12,,,,2.386e-17,2.915e-16
594.1,5.699e+1,1.177e-20,8.509e-19,4.288e-43,2.722e-17,,,1.600e-18,5.200e-21,,1.522e-15,1.118e-13,3.823e-25,9.370e-18,3.024e-4,5.058e-31,2.966e-20,5.095e-25,,5.318e-18,1.188e-18,2.368e-36,3.584e+0,,1.523e-25,5.805e-19,,3.708e-19,1.898e-20,3.185e-17,7.059e-4,6.529e-10,1.851e-19,7.236e-23,7.107e-2,3.407e-17,1.299e+0,1.351e-17,1.562e+0,6.791e-18,5.025e+1,,2.707e-18,,,3.407e-3,,,2.141e-1,,1.737e-18,,9.704e-19,,3.752e-12,,,,2.388e-17,2.916e-16
594.13,5.647e+1,1.173e-20,5.505e-19,4.285e-43,2.717e-17,,,1.600e-18,5.202e-21,,1.522e-15,1.836e-13,3.808e-25,9.370e-18,3.946e-4,5.051e-31,2.970e-20,5.099e-25,,5.313e-18,1.188e-18,2.372e-36,3.694e+0,,1.524e-25,5.804e-19,,3.709e-19,1.899e-20,3.188e-17,8.941e-4,6.042e-10,1.851e-19,7.228e-23,8.203e-2,3.409e-17,1.193e+0,1.353e-17,1.556e+0,6.785e-18,4.971e+1,,2.703e-18,,,2.683e-3,,,2.309e-1,,1.738e-18,,9.700e-19,,6.095e-12,,,,2.392e-17,2.916e-16
594.15,5.601e+1,1.171e-20,4.106e-19,4.283e-43,2.714e-17,,,1.600e-18,5.203e-21,,1.521e-15,2.550e-13,3.798e-25,9.370e-18,4.699e-4,5.047e-31,2.973e-20,5.101e-25,,5.309e-18,1.189e-18,2.374e-36,3.766e+0,,1.525e-25,5.802e-19,,3.710e-19,1.899e-20,3.190e-17,1.044e-3,5.781e-10,1.851e-19,7.223e-23,9.002e-2,3.411e-17,1.126e+0,1.355e-17,1.547e+0,6.782e-18,4.923e+1,,2.701e-18,,,2.282e-3,,,2.422e-1,,1.738e-18,,9.697e-19,,8.400e-12,,,,2.394e-17,2.916e-16
594.18,5.514e+1,1.167e-20,2.635e-19,4.281e-43,2.709e-17,,,1.600e-18,5.205e-21,,1.521e-15,4.155e-13,3.782e-25,9.370e-18,6.081e-4,5.040e-31,2.977e-20,5.104e-25,,5.303e-18,1.189e-18,2.377e-36,3.873e+0,,1.526e-25,5.801e-19,,3.711e-19,1.899e-20,3.192e-17,1.312e-3,5.482e-10,1.851e-19,7.215e-23,1.031e-1,3.414e-17,1.031e+0,1.358e-17,1.529e+0,6.776e-18,4.834e+1,,2.697e-18,,,1.783e-3,,,2.590e-1,,1.738e-18,,9.693e-19,,1.354e-11,,,,2.398e-17,2.916e-16
594.2,5.445e+1,1.164e-20,1.955e-19,4.279e-43,2.706e-17,,,1.600e-18,5.206e-21,,1.521e-15,5.739e-13,3.772e-25,9.369e-18,7.203e-4,5.036e-31,2.979e-20,5.106e-25,,5.299e-18,1.189e-18,2.379e-36,3.945e+0,,1.526e-25,5.800e-19,,3.712e-19,1.899e-20,3.194e-17,1.524e-3,5.341e-10,1.851e-19,7.210e-23,1.125e-1,3.416e-17,9.720e-1,1.360e-17,1.512e+0,6.773e-18,4.764e+1,,2.694e-18,,,1.510e-3,,,2.702e-1,,1.738e-18,,9.690e-19,,1.856e-11,,,,2.401e-17,2.917e-16
594.23,5.327e+1,1.161e-20,1.244e-19,4.276e-43,2.702e-17,,,1.600e-18,5.208e-21,,1.520e-15,9.277e-13,3.757e-25,9.369e-18,9.247e-4,5.029e-31,2.983e-20,5.109e-25,,5.294e-18,1.190e-18,2.383e-36,4.055e+0,,1.528e-25,5.798e-19,,3.714e-19,1.899e-20,3.197e-17,1.900e-3,5.214e-10,1.852e-19,7.202e-23,1.278e-1,3.418e-17,8.886e-1,1.362e-17,1.482e+0,6.767e-18,4.643e+1,,2.690e-18,,,1.173e-3,,,2.867e-1,,1.738e-18,,9.686e-19,,2.967e-11,,,,2.405e-17,2.917e-16
594.25,5.240e+1,1.158e-20,9.178e-20,4.274e-43,2.698e-17,,,1.600e-18,5.209e-21,,1.520e-15,1.274e-12,3.746e-25,9.369e-18,1.089e-3,5.024e-31,2.986e-20,5.111e-25,,5.290e-18,1.190e-18,2.385e-36,4.130e+0,,1.528e-25,5.797e-19,,3.714e-19,1.900e-20,3.198e-17,2.195e-3,5.186e-10,1.852e-19,7.196e-23,1.387e-1,3.420e-17,8.363e-1,1.364e-17,1.458e+0,6.764e-18,4.554e+1,,2.688e-18,,,9.894e-4,,,2.974e-1,,1.738e-18,,9.684e-19,,4.046e-11,,,,2.407e-17,2.917e-16
594.28,5.098e+1,1.155e-20,5.793e-20,4.272e-43,2.694e-17,,,1.600e-18,5.211e-21,,1.519e-15,2.044e-12,3.731e-25,9.369e-18,1.387e-3,5.018e-31,2.990e-20,5.114e-25,,5.284e-18,1.191e-18,2.388e-36,4.250e+0,,1.529e-25,5.796e-19,,3.716e-19,1.900e-20,3.201e-17,2.715e-3,5.226e-10,1.852e-19,7.188e-23,1.563e-1,3.423e-17,7.628e-1,1.367e-17,1.417e+0,6.758e-18,4.407e+1,,2.684e-18,,,7.661e-4,,,3.130e-1,,1.739e-18,,9.679e-19,,6.416e-11,,,,2.411e-17,2.918e-16
594.3,4.996e+1,1.152e-20,4.251e-20,4.270e-43,2.691e-17,,,1.600e-18,5.212e-21,,1.519e-15,2.793e-12,3.721e-25,9.369e-18,1.625e-3,5.013e-31,2.993e-20,5.117e-25,,5.281e-18,1.191e-18,2.391e-36,4.335e+0,,1.530e-25,5.795e-19,,3.717e-19,1.900e-20,3.203e-17,3.120e-3,5.307e-10,1.852e-19,7.183e-23,1.687e-1,3.425e-17,7.169e-1,1.368e-17,1.386e+0,6.755e-18,4.303e+1,,2.681e-18,,,6.465e-4,,,3.230e-1,,1.739e-18,,9.677e-19,,8.702e-11,,,,2.413e-17,2.918e-16
594.32,4.890e+1,1.150e-20,3.112e-20,4.268e-43,2.688e-17,,,1.600e-18,5.214e-21,,1.519e-15,3.808e-12,3.710e-25,9.369e-18,1.900e-3,5.009e-31,2.995e-20,5.119e-25,,5.277e-18,1.192e-18,2.393e-36,4.426e+0,,1.531e-25,5.793e-19,,3.718e-19,1.900e-20,3.204e-17,3.579e-3,5.432e-10,1.852e-19,7.178e-23,1.818e-1,3.426e-17,6.733e-1,1.370e-17,1.354e+0,6.751e-18,4.193e+1,,2.679e-18,,,5.467e-4,,,3.326e-1,,1.739e-18,,9.674e-19,,1.178e-10,,,,2.416e-17,2.918e-16
594.35,4.725e+1,1.146e-20,1.942e-20,4.266e-43,2.683e-17,,,1.600e-18,5.215e-21,,1.518e-15,6.038e-12,3.695e-25,9.368e-18,2.393e-3,5.002e-31,2.999e-20,5.122e-25,,5.271e-18,1.192e-18,2.396e-36,4.573e+0,,1.532e-25,5.792e-19,,3.719e-19,1.900e-20,3.207e-17,4.379e-3,5.703e-10,1.852e-19,7.170e-23,2.025e-1,3.429e-17,6.121e-1,1.373e-17,1.301e+0,6.746e-18,4.020e+1,,2.675e-18,,,4.288e-4,,,3.461e-1,,1.739e-18,,9.670e-19,,1.847e-10,,,,2.420e-17,2.918e-16
594.37,4.611e+1,1.144e-20,1.414e-20,4.264e-43,2.680e-17,,,1.600e-18,5.217e-21,,1.518e-15,8.188e-12,3.685e-25,9.368e-18,2.782e-3,4.997e-31,3.002e-20,5.124e-25,,5.267e-18,1.193e-18,2.398e-36,4.682e+0,,1.533e-25,5.791e-19,,3.720e-19,1.900e-20,3.209e-17,4.996e-3,5.941e-10,1.852e-19,7.165e-23,2.170e-1,3.431e-17,5.740e-1,1.375e-17,1.263e+0,6.742e-18,3.901e+1,,2.672e-18,,,3.684e-4,,,3.544e-1,,2.644e-18,,9.667e-19,,2.486e-10,,,,2.422e-17,2.919e-16
594.4,4.438e+1,1.140e-20,8.753e-21,4.261e-43,2.675e-17,,,1.600e-18,5.218e-21,,1.518e-15,1.288e-11,3.669e-25,9.368e-18,3.475e-3,4.990e-31,3.006e-20,5.127e-25,,5.262e-18,1.193e-18,2.402e-36,4.861e+0,,1.534e-25,5.789e-19,,3.721e-19,1.901e-20,3.211e-17,6.065e-3,6.384e-10,1.853e-19,7.157e-23,2.397e-1,3.434e-17,5.204e-1,1.377e-17,1.204e+0,6.737e-18,3.718e+1,,2.669e-18,,,3.011e-4,,,3.658e-1,,4.937e-18,,9.663e-19,,3.867e-10,,,,2.426e-17,2.919e-16
594.42,4.322e+1,1.138e-20,6.339e-21,4.259e-43,2.672e-17,,,1.599e-18,5.220e-21,,1.517e-15,1.737e-11,3.659e-25,9.368e-18,4.020e-3,4.986e-31,3.009e-20,5.129e-25,,5.258e-18,1.193e-18,2.404e-36,4.994e+0,,1.535e-25,5.788e-19,,3.722e-19,1.901e-20,3.213e-17,6.885e-3,6.739e-10,1.853e-19,7.152e-23,2.555e-1,3.435e-17,4.871e-1,1.379e-17,1.163e+0,6.733e-18,3.594e+1,,2.666e-18,,,2.699e-4,,,3.726e-1,,7.466e-18,,9.661e-19,,5.177e-10,,,,2.428e-17,2.919e-16
594.45,4.149e+1,1.134e-20,3.891e-21,4.257e-43,2.667e-17,,,1.599e-18,5.221e-21,,1.517e-15,2.711e-11,3.643e-25,9.368e-18,4.980e-3,4.979e-31,3.013e-20,5.132e-25,,5.252e-18,1.194e-18,2.407e-36,5.215e+0,,1.536e-25,5.787e-19,,3.723e-19,1.901e-20,3.216e-17,8.294e-3,7.363e-10,1.853e-19,7.144e-23,2.800e-1,3.438e-17,4.405e-1,1.382e-17,1.100e+0,6.728e-18,3.406e+1,,2.662e-18,,,2.419e-4,,,3.815e-1,,1.383e-17,,9.657e-19,,7.989e-10,,,,2.432e-17,2.919e-16
594.47,4.036e+1,1.132e-20,2.803e-21,4.255e-43,2.664e-17,,,1.599e-18,5.223e-21,,1.517e-15,3.637e-11,3.633e-25,9.368e-18,5.729e-3,4.975e-31,3.015e-20,5.135e-25,,5.249e-18,1.194e-18,2.410e-36,5.379e+0,,1.537e-25,5.786e-19,,3.724e-19,1.901e-20,3.217e-17,9.367e-3,7.841e-10,1.853e-19,7.138e-23,2.968e-1,3.440e-17,4.115e-1,1.384e-17,1.056e+0,6.724e-18,3.281e+1,,2.660e-18,,,2.349e-4,,,3.865e-1,,2.080e-17,,9.654e-19,,1.064e-9,,,,2.435e-17,2.920e-16
594.5,3.870e+1,1.128e-20,1.706e-21,4.252e-43,2.659e-17,,,1.599e-18,5.224e-21,,1.516e-15,5.630e-11,3.618e-25,9.367e-18,7.041e-3,4.968e-31,3.019e-20,5.138e-25,,5.243e-18,1.195e-18,2.413e-36,5.651e+0,,1.538e-25,5.784e-19,,3.725e-19,1.902e-20,3.220e-17,1.120e-2,8.656e-10,1.853e-19,7.130e-23,3.227e-1,3.443e-17,3.709e-1,1.386e-17,9.908e-1,6.719e-18,3.095e+1,,2.656e-18,,,2.416e-4,,,3.925e-1,,3.823e-17,,9.650e-19,,1.629e-9,,,,2.439e-17,2.920e-16
594.52,3.763e+1,1.126e-20,1.222e-21,4.251e-43,2.656e-17,,,1.599e-18,5.226e-21,,1.516e-15,7.514e-11,3.607e-25,9.367e-18,8.056e-3,4.963e-31,3.022e-20,5.140e-25,,5.239e-18,1.195e-18,2.415e-36,5.852e+0,,1.538e-25,5.783e-19,,3.726e-19,1.902e-20,3.222e-17,1.258e-2,9.266e-10,1.854e-19,7.125e-23,3.402e-1,3.444e-17,3.458e-1,1.388e-17,9.467e-1,6.715e-18,2.973e+1,,2.653e-18,,,2.581e-4,,,3.955e-1,,5.720e-17,,9.647e-19,,2.157e-9,,,,2.441e-17,2.920e-16
594.55,3.610e+1,1.122e-20,7.381e-22,4.248e-43,2.652e-17,,,1.599e-18,5.227e-21,,1.516e-15,1.154e-10,3.592e-25,9.367e-18,9.821e-3,4.957e-31,3.026e-20,5.143e-25,,5.234e-18,1.196e-18,2.419e-36,6.184e+0,,1.540e-25,5.781e-19,,3.727e-19,1.902e-20,3.224e-17,1.493e-2,1.028e-9,1.854e-19,7.117e-23,3.669e-1,3.447e-17,3.108e-1,1.391e-17,8.806e-1,6.710e-18,2.794e+1,,2.649e-18,,,3.020e-4,,,3.984e-1,,1.043e-16,,9.643e-19,,3.276e-9,,,,2.445e-17,2.921e-16
594.57,3.514e+1,1.120e-20,5.259e-22,4.246e-43,2.648e-17,,,1.599e-18,5.229e-21,,1.515e-15,1.531e-10,3.582e-25,9.367e-18,1.118e-2,4.952e-31,3.029e-20,5.145e-25,,5.230e-18,1.196e-18,2.421e-36,6.427e+0,,1.540e-25,5.780e-19,,3.728e-19,1.902e-20,3.226e-17,1.669e-2,1.103e-9,1.854e-19,7.112e-23,3.847e-1,3.449e-17,2.891e-1,1.392e-17,8.368e-1,6.706e-18,2.678e+1,,2.647e-18,,,3.457e-4,,,3.992e-1,,1.552e-16,,9.641e-19,,4.316e-9,,,,2.447e-17,2.921e-16
594.6,3.379e+1,1.116e-20,3.149e-22,4.244e-43,2.644e-17,,,1.599e-18,5.230e-21,,1.515e-15,2.333e-10,3.566e-25,9.367e-18,1.352e-2,4.945e-31,3.033e-20,5.148e-25,,5.224e-18,1.197e-18,2.424e-36,6.825e+0,,1.541e-25,5.779e-19,,3.730e-19,1.902e-20,3.229e-17,1.966e-2,1.225e-9,1.854e-19,7.104e-23,4.115e-1,3.452e-17,2.591e-1,1.395e-17,7.721e-1,6.701e-18,2.509e+1,,2.643e-18,,,4.363e-4,,,3.989e-1,,2.806e-16,,9.637e-19,,6.500e-9,,,,2.451e-17,2.921e-16
594.62,3.296e+1,1.114e-20,2.232e-22,4.242e-43,2.641e-17,,,1.599e-18,5.232e-21,,1.515e-15,3.080e-10,3.556e-25,9.367e-18,1.530e-2,4.941e-31,3.035e-20,5.150e-25,,5.220e-18,1.197e-18,2.426e-36,7.113e+0,,1.542e-25,5.778e-19,,3.730e-19,1.902e-20,3.230e-17,2.187e-2,1.314e-9,1.854e-19,7.099e-23,4.292e-1,3.453e-17,2.405e-1,1.397e-17,7.298e-1,6.697e-18,2.402e+1,,2.640e-18,,,5.163e-4,,,3.976e-1,,4.154e-16,,9.634e-19,,8.519e-9,,,,2.454e-17,2.921e-16
594.65,3.183e+1,1.110e-20,1.326e-22,4.239e-43,2.636e-17,,,1.599e-18,5.233e-21,,1.514e-15,4.653e-10,3.540e-25,9.367e-18,1.835e-2,4.934e-31,3.039e-20,5.154e-25,,5.215e-18,1.198e-18,2.430e-36,7.580e+0,,1.543e-25,5.776e-19,,3.732e-19,1.903e-20,3.233e-17,2.557e-2,1.457e-9,1.854e-19,7.091e-23,4.554e-1,3.456e-17,2.149e-1,1.399e-17,6.679e-1,6.692e-18,2.248e+1,,2.637e-18,,,6.720e-4,,,3.941e-1,,7.453e-16,,9.630e-19,,1.273e-8,,,,2.457e-17,2.922e-16
594.67,3.115e+1,1.108e-20,9.342e-23,4.237e-43,2.633e-17,,,1.599e-18,5.235e-21,,1.514e-15,6.111e-10,3.530e-25,9.366e-18,2.066e-2,4.930e-31,3.042e-20,5.156e-25,,5.211e-18,1.198e-18,2.432e-36,7.915e+0,,1.544e-25,5.775e-19,,3.733e-19,1.903e-20,3.235e-17,2.830e-2,1.560e-9,1.855e-19,7.086e-23,4.724e-1,3.458e-17,1.993e-1,1.401e-17,6.279e-1,6.688e-18,2.150e+1,,2.634e-18,,,8.042e-4,,,3.907e-1,,1.097e-15,,9.627e-19,,1.659e-8,,,,2.460e-17,2.922e-16
594.69,3.054e+1,1.105e-20,6.569e-23,4.236e-43,2.630e-17,,,1.599e-18,5.236e-21,,1.514e-15,8.007e-10,3.520e-25,9.366e-18,2.321e-2,4.925e-31,3.045e-20,5.158e-25,,5.207e-18,1.198e-18,2.434e-36,8.267e+0,,1.545e-25,5.774e-19,,3.733e-19,1.903e-20,3.237e-17,3.127e-2,1.668e-9,1.855e-19,7.080e-23,4.890e-1,3.460e-17,1.846e-1,1.403e-17,5.890e-1,6.685e-18,2.057e+1,,2.631e-18,,,9.635e-4,,,3.865e-1,,1.612e-15,,9.625e-19,,2.158e-8,,,,2.462e-17,2.922e-16
594.72,2.974e+1,1.102e-20,3.857e-23,4.233e-43,2.625e-17,,,1.599e-18,5.238e-21,,1.513e-15,1.196e-9,3.504e-25,9.366e-18,2.753e-2,4.918e-31,3.049e-20,5.161e-25,,5.202e-18,1.199e-18,2.438e-36,8.830e+0,,1.546e-25,5.772e-19,,3.735e-19,1.903e-20,3.239e-17,3.619e-2,1.839e-9,1.855e-19,7.073e-23,5.130e-1,3.462e-17,1.646e-1,1.406e-17,5.329e-1,6.679e-18,1.926e+1,,2.628e-18,,,1.264e-3,,,3.787e-1,,2.860e-15,,9.621e-19,,3.188e-8,,,,2.466e-17,2.923e-16
594.74,2.929e+1,1.099e-20,2.698e-23,4.231e-43,2.622e-17,,,1.599e-18,5.239e-21,,1.513e-15,1.559e-9,3.494e-25,9.366e-18,3.076e-2,4.914e-31,3.051e-20,5.163e-25,,5.198e-18,1.199e-18,2.440e-36,9.226e+0,,1.547e-25,5.771e-19,,3.736e-19,1.903e-20,3.241e-17,3.979e-2,1.960e-9,1.855e-19,7.067e-23,5.282e-1,3.464e-17,1.525e-1,1.407e-17,4.972e-1,6.676e-18,1.844e+1,,2.625e-18,,,1.513e-3,,,3.726e-1,,4.180e-15,,9.618e-19,,4.125e-8,,,,2.469e-17,2.923e-16
594.77,2.872e+1,1.096e-20,1.571e-23,4.229e-43,2.617e-17,,,1.599e-18,5.240e-21,,1.512e-15,2.311e-9,3.479e-25,9.366e-18,3.619e-2,4.907e-31,3.055e-20,5.166e-25,,5.192e-18,1.200e-18,2.443e-36,9.850e+0,,1.548e-25,5.770e-19,,3.737e-19,1.904e-20,3.243e-17,4.572e-2,2.150e-9,1.855e-19,7.059e-23,5.496e-1,3.467e-17,1.360e-1,1.410e-17,4.463e-1,6.670e-18,1.730e+1,,2.621e-18,,,1.977e-3,,,3.622e-1,,7.356e-15,,9.614e-19,,6.045e-8,,,,2.472e-17,2.923e-16
594.79,2.842e+1,1.093e-20,1.093e-23,4.227e-43,2.614e-17,,,1.599e-18,5.242e-21,,1.512e-15,2.996e-9,3.468e-25,9.366e-18,4.023e-2,4.902e-31,3.058e-20,5.168e-25,,5.188e-18,1.200e-18,2.445e-36,1.028e+1,,1.549e-25,5.769e-19,,3.738e-19,1.904e-20,3.245e-17,5.004e-2,2.283e-9,1.855e-19,7.054e-23,5.628e-1,3.469e-17,1.262e-1,1.412e-17,4.141e-1,6.667e-18,1.659e+1,,2.619e-18,,,2.359e-3,,,3.544e-1,,1.069e-14,,9.611e-19,,7.779e-8,,,,2.475e-17,2.923e-16
594.82,2.808e+1,1.090e-20,6.313e-24,4.224e-43,2.609e-17,,,1.599e-18,5.243e-21,,1.512e-15,4.405e-9,3.453e-25,9.365e-18,4.694e-2,4.896e-31,3.062e-20,5.172e-25,,5.183e-18,1.201e-18,2.449e-36,1.096e+1,,1.550e-25,5.767e-19,,3.739e-19,1.904e-20,3.248e-17,5.710e-2,2.488e-9,1.856e-19,7.046e-23,5.809e-1,3.471e-17,1.131e-1,1.414e-17,3.686e-1,6.661e-18,1.561e+1,,2.615e-18,,,3.065e-3,,,3.417e-1,,1.867e-14,,9.607e-19,,1.131e-7,,,,2.479e-17,2.924e-16
594.84,2.792e+1,1.087e-20,4.367e-24,4.222e-43,2.606e-17,,,1.598e-18,5.245e-21,,1.511e-15,5.680e-9,3.443e-25,9.365e-18,5.189e-2,4.891e-31,3.065e-20,5.174e-25,,5.179e-18,1.201e-18,2.451e-36,1.142e+1,,1.550e-25,5.766e-19,,3.740e-19,1.904e-20,3.250e-17,6.221e-2,2.630e-9,1.856e-19,7.041e-23,5.916e-1,3.473e-17,1.054e-1,1.416e-17,3.402e-1,6.658e-18,1.501e+1,,2.612e-18,,,3.641e-3,,,3.326e-1,,2.699e-14,,9.605e-19,,1.448e-7,,,,2.481e-17,2.924e-16
594.87,2.778e+1,1.084e-20,2.502e-24,4.220e-43,2.602e-17,,,1.598e-18,5.246e-21,,1.511e-15,8.283e-9,3.427e-25,9.365e-18,6.007e-2,4.884e-31,3.069e-20,5.177e-25,,5.173e-18,1.202e-18,2.454e-36,1.213e+1,,1.552e-25,5.764e-19,,3.741e-19,1.904e-20,3.252e-17,7.051e-2,2.847e-9,1.856e-19,7.033e-23,6.057e-1,3.476e-17,9.538e-2,1.419e-17,3.004e-1,6.652e-18,1.419e+1,,2.608e-18,,,4.698e-3,,,3.181e-1,,4.674e-14,,9.601e-19,,2.088e-7,,,,2.485e-17,2.924e-16
594.89,2.774e+1,1.081e-20,1.721e-24,4.218e-43,2.598e-17,,,1.598e-18,5.248e-21,,1.511e-15,1.062e-8,3.417e-25,9.365e-18,6.605e-2,4.880e-31,3.071e-20,5.179e-25,,5.170e-18,1.202e-18,2.456e-36,1.261e+1,,1.552e-25,5.763e-19,,3.742e-19,1.905e-20,3.254e-17,7.648e-2,2.994e-9,1.856e-19,7.028e-23,6.136e-1,3.478e-17,8.968e-2,1.421e-17,2.758e-1,6.649e-18,1.369e+1,,2.606e-18,,,5.555e-3,,,3.079e-1,,6.722e-14,,9.598e-19,,2.658e-7,,,,2.488e-17,2.924e-16
594.92,2.775e+1,1.078e-20,9.781e-25,4.215e-43,2.594e-17,,,1.598e-18,5.249e-21,,1.510e-15,1.537e-8,3.402e-25,9.365e-18,7.584e-2,4.873e-31,3.075e-20,5.182e-25,,5.164e-18,1.203e-18,2.460e-36,1.334e+1,,1.553e-25,5.762e-19,,3.743e-19,1.905e-20,3.257e-17,8.611e-2,3.219e-9,1.856e-19,7.020e-23,6.231e-1,3.480e-17,8.257e-2,1.423e-17,2.415e-1,6.643e-18,1.300e+1,,2.602e-18,,,7.117e-3,,,2.921e-1,,1.155e-13,,9.594e-19,,3.802e-7,,,,2.491e-17,2.925e-16
594.94,2.780e+1,1.075e-20,6.692e-25,4.214e-43,2.591e-17,,,1.598e-18,5.251e-21,,1.510e-15,1.961e-8,3.391e-25,9.365e-18,8.294e-2,4.869e-31,3.078e-20,5.184e-25,,5.160e-18,1.203e-18,2.462e-36,1.382e+1,,1.554e-25,5.761e-19,,3.744e-19,1.905e-20,3.258e-17,9.299e-2,3.369e-9,1.856e-19,7.015e-23,6.279e-1,3.482e-17,7.877e-2,1.425e-17,2.205e-1,6.640e-18,1.258e+1,,2.599e-18,,,8.375e-3,,,2.812e-1,,1.652e-13,,9.591e-19,,4.815e-7,,,,2.494e-17,2.925e-16
594.97,2.792e+1,1.072e-20,3.772e-25,4.211e-43,2.586e-17,,,1.598e-18,5.252e-21,,1.510e-15,2.814e-8,3.376e-25,9.364e-18,9.447e-2,4.862e-31,3.082e-20,5.187e-25,,5.155e-18,1.204e-18,2.465e-36,1.455e+1,,1.555e-25,5.759e-19,,3.745e-19,1.905e-20,3.261e-17,1.040e-1,3.594e-9,1.857e-19,7.007e-23,6.325e-1,3.485e-17,7.445e-2,1.428e-17,1.916e-1,6.634e-18,1.200e+1,,2.596e-18,,,1.065e-2,,,2.646e-1,,2.815e-13,,9.587e-19,,6.833e-7,,,,2.498e-17,2.925e-16
594.99,2.803e+1,1.069e-20,2.567e-25,4.209e-43,2.583e-17,,,1.598e-18,5.254e-21,,1.509e-15,3.571e-8,3.366e-25,9.364e-18,1.028e-1,4.857e-31,3.085e-20,5.190e-25,,5.151e-18,1.204e-18,2.468e-36,1.502e+1,,1.556e-25,5.758e-19,,3.746e-19,1.905e-20,3.263e-17,1.119e-1,3.743e-9,1.857e-19,7.001e-23,6.338e-1,3.487e-17,7.247e-2,1.430e-17,1.740e-1,6.631e-18,1.165e+1,,2.593e-18,,,1.248e-2,,,2.534e-1,,4.006e-13,,9.585e-19,,8.605e-7,,,,2.500e-17,2.926e-16
595.02,2.822e+1,1.066e-20,1.435e-25,4.207e-43,2.578e-17,,,1.598e-18,5.255e-21,,1.509e-15,5.083e-8,3.350e-25,9.364e-18,1.161e-1,4.851e-31,3.089e-20,5.193e-25,,5.145e-18,1.205e-18,2.471e-36,1.571e+1,,1.557e-25,5.757e-19,,3.748e-19,1.906e-20,3.265e-17,1.244e-1,3.962e-9,1.857e-19,6.993e-23,6.333e-1,3.489e-17,7.085e-2,1.432e-17,1.499e-1,6.625e-18,1.117e+1,,2.589e-18,,,1.576e-2,,,2.365e-1,,6.773e-13,,9.581e-19,,1.211e-6,,,,2.504e-17,2.926e-16
595.04,2.836e+1,1.063e-20,9.711e-26,4.205e-43,2.575e-17,,,1.598e-18,5.257e-21,,1.509e-15,6.416e-8,3.340e-25,9.364e-18,1.256e-1,4.846e-31,3.091e-20,5.195e-25,,5.141e-18,1.205e-18,2.473e-36,1.615e+1,,1.558e-25,5.755e-19,,3.748e-19,1.906e-20,3.267e-17,1.332e-1,4.105e-9,1.857e-19,6.988e-23,6.313e-1,3.491e-17,7.066e-2,1.434e-17,1.354e-1,6.622e-18,1.087e+1,,2.587e-18,,,1.837e-2,,,2.253e-1,,9.586e-13,,9.578e-19,,1.518e-6,,,,2.506e-17,2.926e-16
595.07,2.857e+1,1.059e-20,5.384e-26,4.202e-43,2.570e-17,,,1.598e-18,5.258e-21,,1.508e-15,9.060e-8,3.324e-25,9.364e-18,1.408e-1,4.839e-31,3.095e-20,5.198e-25,,5.136e-18,1.205e-18,2.477e-36,1.679e+1,,1.559e-25,5.754e-19,,3.750e-19,1.906e-20,3.270e-17,1.473e-1,4.313e-9,1.857e-19,6.980e-23,6.257e-1,3.494e-17,7.169e-2,1.437e-17,1.157e-1,6.616e-18,1.045e+1,,2.583e-18,,,2.304e-2,,,2.086e-1,,1.608e-12,,9.574e-19,,2.119e-6,,,,2.510e-17,2.927e-16
595.09,2.871e+1,1.057e-20,3.624e-26,4.200e-43,2.567e-17,,,1.598e-18,5.260e-21,,1.508e-15,1.137e-7,3.314e-25,9.364e-18,1.515e-1,4.835e-31,3.098e-20,5.200e-25,,5.132e-18,1.206e-18,2.479e-36,1.719e+1,,1.560e-25,5.753e-19,,3.751e-19,1.906e-20,3.271e-17,1.571e-1,4.445e-9,1.857e-19,6.975e-23,6.203e-1,3.496e-17,7.326e-2,1.438e-17,1.040e-1,6.613e-18,1.019e+1,,2.580e-18,,,2.673e-2,,,1.976e-1,,2.263e-12,,9.571e-19,,2.641e-6,,,,2.513e-17,2.927e-16
595.11,2.883e+1,1.055e-20,2.434e-26,4.199e-43,2.564e-17,,,1.598e-18,5.261e-21,,1.508e-15,1.425e-7,3.304e-25,9.364e-18,1.626e-1,4.830e-31,3.101e-20,5.202e-25,,5.128e-18,1.206e-18,2.481e-36,1.757e+1,,1.560e-25,5.752e-19,,3.751e-19,1.906e-20,3.273e-17,1.674e-1,4.572e-9,1.858e-19,6.970e-23,6.136e-1,3.497e-17,7.553e-2,1.440e-17,9.318e-2,6.609e-18,9.935e+0,,2.578e-18,,,3.095e-2,,,1.868e-1,,3.180e-12,,9.569e-19,,3.284e-6,,,,2.515e-17,2.927e-16
595.14,2.900e+1,1.051e-20,1.334e-26,4.196e-43,2.559e-17,,,1.598e-18,5.263e-21,,1.507e-15,1.990e-7,3.288e-25,9.363e-18,1.802e-1,4.823e-31,3.105e-20,5.205e-25,,5.123e-18,1.207e-18,2.484e-36,1.809e+1,,1.562e-25,5.750e-19,,3.753e-19,1.907e-20,3.276e-17,1.836e-1,4.750e-9,1.858e-19,6.962e-23,6.013e-1,3.500e-17,8.025e-2,1.443e-17,7.874e-2,6.604e-18,9.575e+0,,2.574e-18,,,3.843e-2,,,1.710e-1,,5.273e-12,,9.565e-19,,4.534e-6,,,,2.519e-17,2.927e-16
595.16,2.908e+1,1.049e-20,8.911e-27,4.194e-43,2.556e-17,,,1.598e-18,5.264e-21,,1.507e-15,2.479e-7,3.278e-25,9.363e-18,1.925e-1,4.819e-31,3.107e-20,5.208e-25,,5.119e-18,1.207e-18,2.487e-36,1.840e+1,,1.562e-25,5.749e-19,,3.754e-19,1.907e-20,3.277e-17,1.949e-1,4.859e-9,1.858e-19,6.957e-23,5.916e-1,3.502e-17,8.427e-2,1.445e-17,7.020e-2,6.600e-18,9.343e+0,,2.571e-18,,,4.429e-2,,,1.607e-1,,7.368e-12,,9.562e-19,,5.607e-6,,,,2.522e-17,2.928e-16
595.19,2.917e+1,1.045e-20,4.844e-27,4.192e-43,2.551e-17,,,1.598e-18,5.266e-21,,1.506e-15,3.434e-7,3.263e-25,9.363e-18,2.116e-1,4.812e-31,3.111e-20,5.211e-25,,5.113e-18,1.208e-18,2.490e-36,1.881e+1,,1.563e-25,5.748e-19,,3.755e-19,1.907e-20,3.280e-17,2.126e-1,5.009e-9,1.858e-19,6.949e-23,5.751e-1,3.505e-17,9.162e-2,1.447e-17,5.884e-2,6.595e-18,9.004e+0,,2.568e-18,,,5.461e-2,,,1.459e-1,,1.212e-11,,9.558e-19,,7.681e-6,,,,2.525e-17,2.928e-16
595.21,2.919e+1,1.043e-20,3.218e-27,4.190e-43,2.548e-17,,,1.598e-18,5.267e-21,,1.506e-15,4.256e-7,3.252e-25,9.363e-18,2.247e-1,4.808e-31,3.114e-20,5.213e-25,,5.109e-18,1.208e-18,2.492e-36,1.905e+1,,1.564e-25,5.746e-19,,3.756e-19,1.907e-20,3.282e-17,2.249e-1,5.097e-9,1.858e-19,6.943e-23,5.628e-1,3.506e-17,9.740e-2,1.449e-17,5.217e-2,6.591e-18,8.782e+0,,2.565e-18,,,6.265e-2,,,1.365e-1,,1.685e-11,,9.555e-19,,9.449e-6,,,,2.528e-17,2.928e-16
595.24,2.917e+1,1.039e-20,1.735e-27,4.187e-43,2.544e-17,,,1.598e-18,5.269e-21,,1.506e-15,5.848e-7,3.237e-25,9.363e-18,2.450e-1,4.801e-31,3.118e-20,5.216e-25,,5.104e-18,1.209e-18,2.496e-36,1.933e+1,,1.565e-25,5.745e-19,,3.757e-19,1.907e-20,3.284e-17,2.441e-1,5.212e-9,1.859e-19,6.935e-23,5.426e-1,3.509e-17,1.074e-1,1.452e-17,4.338e-2,6.586e-18,8.453e+0,,2.561e-18,,,7.671e-2,,,1.229e-1,,2.749e-11,,9.551e-19,,1.284e-5,,,,2.532e-17,2.928e-16
595.26,2.911e+1,1.037e-20,1.146e-27,4.185e-43,2.541e-17,,,1.598e-18,5.270e-21,,1.505e-15,7.208e-7,3.227e-25,9.363e-18,2.589e-1,4.796e-31,3.121e-20,5.218e-25,,5.100e-18,1.209e-18,2.498e-36,1.948e+1,,1.566e-25,5.744e-19,,3.758e-19,1.908e-20,3.286e-17,2.573e-1,5.276e-9,1.859e-19,6.930e-23,5.282e-1,3.511e-17,1.149e-1,1.453e-17,3.825e-2,6.582e-18,8.233e+0,,2.559e-18,,,8.760e-2,,,1.143e-1,,3.801e-11,,9.549e-19,,1.571e-5,,,,2.534e-17,2.929e-16
595.29,2.897e+1,1.033e-20,6.131e-28,4.183e-43,2.536e-17,,,1.597e-18,5.272e-21,,1.505e-15,9.826e-7,3.211e-25,9.362e-18,2.800e-1,4.790e-31,3.125e-20,5.221e-25,,5.094e-18,1.209e-18,2.501e-36,1.963e+1,,1.567e-25,5.742e-19,,3.759e-19,1.908e-20,3.289e-17,2.780e-1,5.352e-9,1.859e-19,6.922e-23,5.051e-1,3.514e-17,1.275e-1,1.456e-17,3.155e-2,6.577e-18,7.904e+0,,2.555e-18,,,1.065e-1,,,1.021e-1,,6.154e-11,,9.545e-19,,2.117e-5,,,,2.538e-17,2.929e-16
595.31,2.883e+1,1.031e-20,4.029e-28,4.181e-43,2.533e-17,,,1.597e-18,5.273e-21,,1.505e-15,1.205e-6,3.201e-25,9.362e-18,2.942e-1,4.785e-31,3.127e-20,5.223e-25,,5.091e-18,1.210e-18,2.503e-36,1.969e+1,,1.568e-25,5.741e-19,,3.760e-19,1.908e-20,3.290e-17,2.922e-1,5.389e-9,1.859e-19,6.917e-23,4.890e-1,3.515e-17,1.368e-1,1.458e-17,2.767e-2,6.573e-18,7.684e+0,,2.552e-18,,,1.211e-1,,,9.445e-2,,8.462e-11,,9.542e-19,,2.577e-5,,,,2.540e-17,2.929e-16
595.34,2.855e+1,1.027e-20,2.137e-28,4.178e-43,2.528e-17,,,1.597e-18,5.275e-21,,1.504e-15,1.629e-6,3.185e-25,9.362e-18,3.157e-1,4.778e-31,3.131e-20,5.227e-25,,5.085e-18,1.210e-18,2.507e-36,1.970e+1,,1.569e-25,5.740e-19,,3.761e-19,1.908e-20,3.293e-17,3.141e-1,5.423e-9,1.859e-19,6.909e-23,4.639e-1,3.518e-17,1.519e-1,1.461e-17,2.264e-2,6.568e-18,7.350e+0,,2.548e-18,,,1.462e-1,,,8.369e-2,,1.359e-10,,9.538e-19,,3.445e-5,,,,2.544e-17,2.930e-16
595.36,2.833e+1,1.024e-20,1.396e-28,4.177e-43,2.525e-17,,,1.597e-18,5.276e-21,,1.504e-15,1.987e-6,3.175e-25,9.362e-18,3.300e-1,4.774e-31,3.134e-20,5.229e-25,,5.081e-18,1.211e-18,2.509e-36,1.967e+1,,1.570e-25,5.739e-19,,3.762e-19,1.908e-20,3.295e-17,3.292e-1,5.432e-9,1.859e-19,6.904e-23,4.467e-1,3.520e-17,1.629e-1,1.462e-17,1.975e-2,6.564e-18,7.127e+0,,2.546e-18,,,1.654e-1,,,7.700e-2,,1.859e-10,,9.535e-19,,4.171e-5,,,,2.547e-17,2.930e-16
595.39,2.792e+1,1.021e-20,1.390e-28,4.174e-43,2.520e-17,,,1.597e-18,5.278e-21,,1.504e-15,2.665e-6,3.160e-25,9.362e-18,3.511e-1,4.767e-31,3.138e-20,5.232e-25,,5.076e-18,1.211e-18,2.512e-36,1.955e+1,,1.571e-25,5.737e-19,,3.763e-19,1.909e-20,3.297e-17,3.525e-1,5.423e-9,1.860e-19,6.896e-23,4.204e-1,3.523e-17,1.804e-1,1.465e-17,1.602e-2,6.559e-18,6.789e+0,,2.542e-18,,,1.984e-1,,,6.768e-2,,2.961e-10,,9.531e-19,,5.532e-5,,,,2.551e-17,2.930e-16
595.41,2.762e+1,1.018e-20,1.385e-28,4.172e-43,2.517e-17,,,1.597e-18,5.279e-21,,1.503e-15,3.232e-6,3.149e-25,9.362e-18,3.650e-1,4.762e-31,3.141e-20,5.234e-25,,5.072e-18,1.212e-18,2.515e-36,1.942e+1,,1.572e-25,5.736e-19,,3.764e-19,1.909e-20,3.299e-17,3.684e-1,5.402e-9,1.860e-19,6.891e-23,4.026e-1,3.524e-17,1.929e-1,1.467e-17,1.390e-2,6.555e-18,6.563e+0,,2.539e-18,,,2.234e-1,,,6.193e-2,,4.029e-10,,9.529e-19,,6.660e-5,,,,2.553e-17,2.930e-16
595.44,2.710e+1,1.015e-20,1.378e-28,4.170e-43,2.512e-17,,,1.597e-18,5.281e-21,,1.503e-15,4.301e-6,3.134e-25,9.361e-18,3.854e-1,4.756e-31,3.145e-20,5.237e-25,,5.066e-18,1.212e-18,2.518e-36,1.918e+1,,1.573e-25,5.734e-19,,3.766e-19,1.909e-20,3.302e-17,3.927e-1,5.350e-9,1.860e-19,6.883e-23,3.758e-1,3.527e-17,2.128e-1,1.469e-17,1.119e-2,6.550e-18,6.222e+0,,2.536e-18,,,2.661e-1,,,5.399e-2,,6.368e-10,,9.525e-19,,8.763e-5,,,,2.557e-17,2.931e-16
595.46,2.672e+1,1.012e-20,1.374e-28,4.168e-43,2.509e-17,,,1.597e-18,5.282e-21,,1.503e-15,5.189e-6,3.124e-25,9.361e-18,3.985e-1,4.751e-31,3.147e-20,5.239e-25,,5.062e-18,1.213e-18,2.520e-36,1.898e+1,,1.574e-25,5.733e-19,,3.766e-19,1.909e-20,3.303e-17,4.093e-1,5.302e-9,1.860e-19,6.877e-23,3.579e-1,3.529e-17,2.266e-1,1.471e-17,9.655e-3,6.546e-18,5.996e+0,,2.533e-18,,,2.984e-1,,,4.914e-2,,8.617e-10,,9.522e-19,,1.049e-4,,,,2.559e-17,2.931e-16
595.48,2.632e+1,1.010e-20,1.369e-28,4.166e-43,2.506e-17,,,1.597e-18,5.283e-21,,1.502e-15,6.247e-6,3.113e-25,9.361e-18,4.111e-1,4.747e-31,3.150e-20,5.241e-25,,5.059e-18,1.213e-18,2.522e-36,1.875e+1,,1.574e-25,5.732e-19,,3.767e-19,1.909e-20,3.305e-17,4.262e-1,5.242e-9,1.860e-19,6.872e-23,3.402e-1,3.531e-17,2.410e-1,1.473e-17,8.314e-3,6.543e-18,5.770e+0,,2.530e-18,,,3.339e-1,,,4.463e-2,,1.164e-9,,9.519e-19,,1.254e-4,,,,2.562e-17,2.931e-16
595.51,2.569e+1,1.006e-20,1.362e-28,4.163e-43,2.501e-17,,,1.597e-18,5.285e-21,,1.502e-15,8.219e-6,3.098e-25,9.361e-18,4.291e-1,4.740e-31,3.154e-20,5.245e-25,,5.053e-18,1.214e-18,2.526e-36,1.836e+1,,1.575e-25,5.731e-19,,3.769e-19,1.910e-20,3.308e-17,4.519e-1,5.134e-9,1.860e-19,6.864e-23,3.140e-1,3.533e-17,2.635e-1,1.476e-17,6.616e-3,6.537e-18,5.435e+0,,2.527e-18,,,3.939e-1,,,3.848e-2,,1.818e-9,,9.515e-19,,1.632e-4,,,,2.566e-17,2.931e-16
595.53,2.525e+1,1.004e-20,1.358e-28,4.162e-43,2.498e-17,,,1.597e-18,5.286e-21,,1.502e-15,9.842e-6,3.088e-25,9.361e-18,4.404e-1,4.735e-31,3.157e-20,5.247e-25,,5.049e-18,1.214e-18,2.528e-36,1.807e+1,,1.576e-25,5.730e-19,,3.770e-19,1.910e-20,3.309e-17,4.693e-1,5.050e-9,1.861e-19,6.859e-23,2.968e-1,3.535e-17,2.789e-1,1.477e-17,5.666e-3,6.534e-18,5.215e+0,,2.524e-18,,,4.389e-1,,,3.476e-2,,2.442e-9,,9.513e-19,,1.939e-4,,,,2.568e-17,2.932e-16
595.56,2.456e+1,1.000e-20,1.351e-28,4.159e-43,2.494e-17,,,1.597e-18,5.288e-21,,1.501e-15,1.285e-5,3.072e-25,9.361e-18,4.559e-1,4.729e-31,3.161e-20,5.250e-25,,5.044e-18,1.214e-18,2.531e-36,1.760e+1,,1.577e-25,5.728e-19,,3.771e-19,1.910e-20,3.312e-17,4.956e-1,4.906e-9,1.861e-19,6.851e-23,2.717e-1,3.538e-17,3.027e-1,1.480e-17,4.472e-3,6.528e-18,4.891e+0,,2.520e-18,,,5.143e-1,,,2.972e-2,,3.787e-9,,9.509e-19,,2.503e-4,,,,2.572e-17,2.932e-16
595.58,2.410e+1,9.979e-21,1.346e-28,4.157e-43,2.491e-17,,,1.597e-18,5.289e-21,,1.501e-15,1.530e-5,3.062e-25,9.361e-18,4.654e-1,4.724e-31,3.163e-20,5.252e-25,,5.040e-18,1.215e-18,2.534e-36,1.727e+1,,1.578e-25,5.727e-19,,3.772e-19,1.910e-20,3.314e-17,5.134e-1,4.799e-9,1.861e-19,6.846e-23,2.555e-1,3.540e-17,3.189e-1,1.482e-17,3.809e-3,6.525e-18,4.681e+0,,2.518e-18,,,5.703e-1,,,2.671e-2,,5.059e-9,,9.506e-19,,2.959e-4,,,,2.574e-17,2.932e-16
595.61,2.341e+1,9.943e-21,1.340e-28,4.155e-43,2.486e-17,,,1.597e-18,5.291e-21,,1.500e-15,1.981e-5,3.047e-25,9.360e-18,4.779e-1,4.717e-31,3.167e-20,5.255e-25,,5.034e-18,1.215e-18,2.537e-36,1.675e+1,,1.579e-25,5.725e-19,,3.773e-19,1.910e-20,3.316e-17,5.402e-1,4.626e-9,1.861e-19,6.838e-23,2.320e-1,3.542e-17,3.435e-1,1.484e-17,2.982e-3,6.519e-18,4.376e+0,,2.514e-18,,,6.638e-1,,,2.266e-2,,7.781e-9,,9.502e-19,,3.788e-4,,,,2.578e-17,2.933e-16
595.63,2.296e+1,9.919e-21,1.335e-28,4.153e-43,2.483e-17,,,1.597e-18,5.292e-21,,1.500e-15,2.347e-5,3.036e-25,9.360e-18,4.852e-1,4.713e-31,3.170e-20,5.257e-25,,5.030e-18,1.216e-18,2.539e-36,1.640e+1,,1.580e-25,5.724e-19,,3.774e-19,1.910e-20,3.318e-17,5.581e-1,4.501e-9,1.861e-19,6.833e-23,2.170e-1,3.544e-17,3.601e-1,1.486e-17,2.527e-3,6.516e-18,4.182e+0,,2.511e-18,,,7.329e-1,,,2.025e-2,,1.034e-8,,9.499e-19,,4.454e-4,,,,2.581e-17,2.933e-16
595.66,2.229e+1,9.883e-21,1.328e-28,4.150e-43,2.478e-17,,,1.597e-18,5.294e-21,,1.500e-15,3.014e-5,3.021e-25,9.360e-18,4.943e-1,4.706e-31,3.174e-20,5.260e-25,,5.025e-18,1.216e-18,2.543e-36,1.586e+1,,1.581e-25,5.723e-19,,3.775e-19,1.911e-20,3.321e-17,5.850e-1,4.304e-9,1.861e-19,6.825e-23,1.954e-1,3.547e-17,3.849e-1,1.489e-17,1.962e-3,6.510e-18,3.903e+0,,2.507e-18,,,8.473e-1,,,1.705e-2,,1.578e-8,,9.495e-19,,5.657e-4,,,,2.584e-17,2.933e-16
595.68,2.187e+1,9.859e-21,1.324e-28,4.148e-43,2.475e-17,,,1.597e-18,5.295e-21,,1.499e-15,3.552e-5,3.010e-25,9.360e-18,4.991e-1,4.701e-31,3.177e-20,5.263e-25,,5.021e-18,1.217e-18,2.545e-36,1.551e+1,,1.582e-25,5.722e-19,,3.776e-19,1.911e-20,3.323e-17,6.029e-1,4.166e-9,1.862e-19,6.820e-23,1.818e-1,3.549e-17,4.013e-1,1.491e-17,1.653e-3,6.507e-18,3.728e+0,,2.505e-18,,,9.312e-1,,,1.517e-2,,2.085e-8,,9.492e-19,,6.616e-4,,,,2.587e-17,2.933e-16
595.71,2.127e+1,9.822e-21,1.317e-28,4.146e-43,2.470e-17,,,1.596e-18,5.297e-21,,1.499e-15,4.525e-5,2.995e-25,9.360e-18,5.044e-1,4.695e-31,3.181e-20,5.266e-25,,5.015e-18,1.217e-18,2.548e-36,1.498e+1,,1.583e-25,5.720e-19,,3.777e-19,1.911e-20,3.325e-17,6.295e-1,3.952e-9,1.862e-19,6.812e-23,1.624e-1,3.551e-17,4.255e-1,1.493e-17,1.273e-3,6.502e-18,3.484e+0,,2.501e-18,,,1.069e+0,,,1.268e-2,,3.156e-8,,9.488e-19,,8.335e-4,,,,2.591e-17,2.934e-16
595.73,2.091e+1,9.798e-21,1.312e-28,4.144e-43,2.467e-17,,,1.596e-18,5.298e-21,,1.499e-15,5.303e-5,2.985e-25,9.360e-18,5.066e-1,4.690e-31,3.183e-20,5.268e-25,,5.012e-18,1.218e-18,2.550e-36,1.464e+1,,1.584e-25,5.719e-19,,3.778e-19,1.911e-20,3.327e-17,6.470e-1,3.805e-9,1.862e-19,6.806e-23,1.503e-1,3.553e-17,4.414e-1,1.495e-17,1.067e-3,6.498e-18,3.334e+0,,2.498e-18,,,1.170e+0,,,1.123e-2,,4.149e-8,,9.486e-19,,9.697e-4,,,,2.593e-17,2.934e-16
595.76,2.041e+1,9.762e-21,1.305e-28,4.141e-43,2.462e-17,,,1.596e-18,5.300e-21,,1.498e-15,6.703e-5,2.969e-25,9.359e-18,5.078e-1,4.683e-31,3.187e-20,5.271e-25,,5.006e-18,1.218e-18,2.554e-36,1.416e+1,,1.585e-25,5.717e-19,,3.779e-19,1.912e-20,3.329e-17,6.729e-1,3.581e-9,1.862e-19,6.798e-23,1.332e-1,3.556e-17,4.643e-1,1.498e-17,8.154e-4,6.493e-18,3.129e+0,,2.495e-18,,,1.335e+0,,,9.330e-3,,6.230e-8,,9.482e-19,,1.212e-3,,,,2.597e-17,2.934e-16
595.78,2.013e+1,9.738e-21,1.301e-28,4.140e-43,2.459e-17,,,1.596e-18,5.301e-21,,1.498e-15,7.814e-5,2.959e-25,9.359e-18,5.073e-1,4.679e-31,3.190e-20,5.273e-25,,5.002e-18,1.218e-18,2.556e-36,1.386e+1,,1.586e-25,5.716e-19,,3.780e-19,1.912e-20,3.331e-17,6.898e-1,3.429e-9,1.862e-19,6.793e-23,1.225e-1,3.558e-17,4.791e-1,1.499e-17,6.796e-4,6.489e-18,3.008e+0,,2.492e-18,,,1.454e+0,,,8.234e-3,,8.147e-8,,9.479e-19,,1.402e-3,,,,2.600e-17,2.935e-16
595.81,1.977e+1,9.702e-21,1.294e-28,4.137e-43,2.455e-17,,,1.596e-18,5.303e-21,,1.497e-15,9.796e-5,2.944e-25,9.359e-18,5.044e-1,4.672e-31,3.194e-20,5.276e-25,,4.997e-18,1.219e-18,2.559e-36,1.344e+1,,1.587e-25,5.715e-19,,3.782e-19,1.912e-20,3.334e-17,7.144e-1,3.201e-9,1.862e-19,6.785e-23,1.077e-1,3.560e-17,5.000e-1,1.502e-17,5.151e-4,6.484e-18,2.849e+0,,2.488e-18,,,1.647e+0,,,6.818e-3,,1.213e-7,,9.475e-19,,1.738e-3,,,,2.603e-17,2.935e-16
595.83,1.958e+1,9.677e-21,1.289e-28,4.135e-43,2.451e-17,,,1.596e-18,5.304e-21,,1.497e-15,1.136e-4,2.933e-25,9.359e-18,5.012e-1,4.668e-31,3.197e-20,5.278e-25,,4.993e-18,1.219e-18,2.561e-36,1.319e+1,,1.587e-25,5.714e-19,,3.782e-19,1.912e-20,3.336e-17,7.302e-1,3.050e-9,1.863e-19,6.780e-23,9.858e-2,3.562e-17,5.131e-1,1.504e-17,4.270e-4,6.480e-18,2.759e+0,,2.486e-18,,,1.786e+0,,,6.010e-3,,1.578e-7,,9.472e-19,,2.001e-3,,,,2.606e-17,2.935e-16
595.85,1.944e+1,9.653e-21,1.285e-28,4.133e-43,2.448e-17,,,1.596e-18,5.305e-21,,1.497e-15,1.314e-4,2.923e-25,9.359e-18,4.969e-1,4.663e-31,3.199e-20,5.281e-25,,4.989e-18,1.220e-18,2.564e-36,1.296e+1,,1.588e-25,5.713e-19,,3.783e-19,1.912e-20,3.337e-17,7.455e-1,2.900e-9,1.863e-19,6.775e-23,9.002e-2,3.564e-17,5.254e-1,1.506e-17,3.532e-4,6.476e-18,2.683e+0,,2.483e-18,,,1.933e+0,,,5.302e-3,,2.049e-7,,9.470e-19,,2.298e-3,,,,2.608e-17,2.935e-16
595.88,1.931e+1,9.617e-21,1.278e-28,4.131e-43,2.444e-17,,,1.596e-18,5.307e-21,,1.496e-15,1.629e-4,2.908e-25,9.359e-18,4.885e-1,4.656e-31,3.203e-20,5.284e-25,,4.983e-18,1.220e-18,2.567e-36,1.266e+1,,1.589e-25,5.711e-19,,3.785e-19,1.912e-20,3.340e-17,7.674e-1,2.677e-9,1.863e-19,6.767e-23,7.824e-2,3.567e-17,5.422e-1,1.508e-17,2.647e-4,6.471e-18,2.594e+0,,2.479e-18,,,2.170e+0,,,4.408e-3,,3.017e-7,,9.466e-19,,2.817e-3,,,,2.612e-17,2.936e-16
595.9,1.929e+1,9.593e-21,1.273e-28,4.129e-43,2.440e-17,,,1.596e-18,5.308e-21,,1.496e-15,1.875e-4,2.897e-25,9.359e-18,4.817e-1,4.652e-31,3.206e-20,5.286e-25,,4.980e-18,1.221e-18,2.569e-36,1.250e+1,,1.590e-25,5.710e-19,,3.785e-19,1.913e-20,3.342e-17,7.812e-1,2.532e-9,1.863e-19,6.762e-23,7.107e-2,3.568e-17,5.523e-1,1.510e-17,2.177e-4,6.467e-18,2.553e+0,,2.477e-18,,,2.338e+0,,,3.914e-3,,3.896e-7,,9.463e-19,,3.217e-3,,,,2.615e-17,2.936e-16
595.93,1.934e+1,9.557e-21,1.267e-28,4.126e-43,2.436e-17,,,1.596e-18,5.310e-21,,1.496e-15,2.306e-4,2.882e-25,9.358e-18,4.698e-1,4.645e-31,3.210e-20,5.289e-25,,4.974e-18,1.221e-18,2.573e-36,1.232e+1,,1.591e-25,5.708e-19,,3.787e-19,1.913e-20,3.344e-17,8.005e-1,2.319e-9,1.863e-19,6.754e-23,6.127e-2,3.571e-17,5.654e-1,1.513e-17,1.618e-4,6.462e-18,2.517e+0,,2.473e-18,,,2.607e+0,,,3.310e-3,,5.692e-7,,9.459e-19,,3.912e-3,,,,2.618e-17,2.936e-16
595.95,1.944e+1,9.533e-21,1.262e-28,4.125e-43,2.433e-17,,,1.596e-18,5.311e-21,,1.495e-15,2.640e-4,2.872e-25,9.358e-18,4.608e-1,4.641e-31,3.213e-20,5.291e-25,,4.970e-18,1.222e-18,2.575e-36,1.223e+1,,1.592e-25,5.707e-19,,3.788e-19,1.913e-20,3.346e-17,8.123e-1,2.182e-9,1.863e-19,6.748e-23,5.535e-2,3.573e-17,5.729e-1,1.514e-17,1.324e-4,6.458e-18,2.512e+0,,2.470e-18,,,2.796e+0,,,2.990e-3,,7.309e-7,,9.456e-19,,4.445e-3,,,,2.621e-17,2.936e-16
595.98,1.969e+1,9.496e-21,1.255e-28,4.122e-43,2.428e-17,,,1.596e-18,5.313e-21,,1.495e-15,3.220e-4,2.856e-25,9.358e-18,4.458e-1,4.634e-31,3.217e-20,5.294e-25,,4.965e-18,1.222e-18,2.578e-36,1.215e+1,,1.593e-25,5.706e-19,,3.789e-19,1.913e-20,3.349e-17,8.284e-1,1.983e-9,1.864e-19,6.740e-23,4.734e-2,3.575e-17,5.818e-1,1.517e-17,9.763e-5,6.453e-18,2.531e+0,,2.466e-18,,,3.097e+0,,,2.624e-3,,1.059e-6,,9.452e-19,,5.362e-3,,,,2.625e-17,2.937e-16
596,1.992e+1,9.472e-21,1.251e-28,4.120e-43,2.425e-17,,,1.596e-18,5.314e-21,,1.495e-15,3.666e-4,2.846e-25,9.358e-18,4.349e-1,4.629e-31,3.219e-20,5.296e-25,,4.961e-18,1.223e-18,2.580e-36,1.214e+1,,1.594e-25,5.705e-19,,3.790e-19,1.913e-20,3.350e-17,8.379e-1,1.855e-9,1.864e-19,6.735e-23,4.254e-2,3.577e-17,5.863e-1,1.519e-17,7.946e-5,6.449e-18,2.562e+0,,2.464e-18,,,3.307e+0,,,2.451e-3,,1.353e-6,,9.450e-19,,6.060e-3,,,,2.627e-17,2.937e-16
596.03,2.035e+1,9.436e-21,1.244e-28,4.117e-43,2.420e-17,,,1.596e-18,5.316e-21,,1.494e-15,4.436e-4,2.830e-25,9.358e-18,4.173e-1,4.622e-31,3.223e-20,5.300e-25,,4.955e-18,1.223e-18,2.584e-36,1.217e+1,,1.595e-25,5.703e-19,,3.791e-19,1.914e-20,3.353e-17,8.502e-1,1.673e-9,1.864e-19,6.727e-23,3.608e-2,3.580e-17,5.908e-1,1.522e-17,5.810e-5,6.444e-18,2.635e+0,,2.460e-18,,,3.638e+0,,,2.290e-3,,1.946e-6,,9.446e-19,,7.251e-3,,,,2.631e-17,2.937e-16
596.05,2.070e+1,9.412e-21,1.239e-28,4.116e-43,2.417e-17,,,1.596e-18,5.317e-21,,1.494e-15,5.024e-4,2.820e-25,9.358e-18,4.050e-1,4.618e-31,3.226e-20,5.302e-25,,4.951e-18,1.223e-18,2.586e-36,1.223e+1,,1.596e-25,5.702e-19,,3.792e-19,1.914e-20,3.355e-17,8.571e-1,1.557e-9,1.864e-19,6.722e-23,3.225e-2,3.582e-17,5.922e-1,1.523e-17,4.703e-5,6.440e-18,2.701e+0,,2.458e-18,,,3.868e+0,,,2.245e-3,,2.472e-6,,9.443e-19,,8.151e-3,,,,2.634e-17,2.938e-16
596.08,2.131e+1,9.376e-21,1.232e-28,4.113e-43,2.412e-17,,,1.596e-18,5.319e-21,,1.494e-15,6.031e-4,2.805e-25,9.357e-18,3.855e-1,4.611e-31,3.230e-20,5.305e-25,,4.946e-18,1.224e-18,2.589e-36,1.237e+1,,1.597e-25,5.701e-19,,3.793e-19,1.914e-20,3.357e-17,8.652e-1,1.394e-9,1.864e-19,6.714e-23,2.714e-2,3.584e-17,5.921e-1,1.526e-17,3.411e-5,6.435e-18,2.826e+0,,2.454e-18,,,4.226e+0,,,2.270e-3,,3.526e-6,,9.439e-19,,9.675e-3,,,,2.637e-17,2.938e-16
596.1,2.176e+1,9.352e-21,1.228e-28,4.111e-43,2.409e-17,,,1.596e-18,5.320e-21,,1.493e-15,6.794e-4,2.794e-25,9.357e-18,3.721e-1,4.607e-31,3.233e-20,5.307e-25,,4.942e-18,1.224e-18,2.592e-36,1.249e+1,,1.598e-25,5.699e-19,,3.794e-19,1.914e-20,3.359e-17,8.691e-1,1.291e-9,1.864e-19,6.709e-23,2.412e-2,3.586e-17,5.904e-1,1.528e-17,2.746e-5,6.431e-18,2.926e+0,,2.451e-18,,,4.473e+0,,,2.347e-3,,4.456e-6,,9.436e-19,,1.082e-2,,,,2.640e-17,2.938e-16
596.13,2.252e+1,9.315e-21,1.221e-28,4.109e-43,2.405e-17,,,1.595e-18,5.322e-21,,1.493e-15,8.090e-4,2.779e-25,9.357e-18,3.514e-1,4.600e-31,3.237e-20,5.310e-25,,4.936e-18,1.225e-18,2.595e-36,1.272e+1,,1.599e-25,5.698e-19,,3.795e-19,1.914e-20,3.362e-17,8.726e-1,1.146e-9,1.865e-19,6.701e-23,2.014e-2,3.589e-17,5.856e-1,1.530e-17,1.976e-5,6.426e-18,3.100e+0,,2.447e-18,,,4.855e+0,,,2.555e-3,,6.305e-6,,9.432e-19,,1.274e-2,,,,2.644e-17,2.938e-16
596.15,2.307e+1,9.291e-21,1.216e-28,4.107e-43,2.401e-17,,,1.595e-18,5.323e-21,,1.493e-15,9.064e-4,2.769e-25,9.357e-18,3.374e-1,4.595e-31,3.239e-20,5.312e-25,,4.933e-18,1.225e-18,2.597e-36,1.290e+1,,1.599e-25,5.697e-19,,3.796e-19,1.915e-20,3.363e-17,8.734e-1,1.056e-9,1.865e-19,6.696e-23,1.781e-2,3.591e-17,5.809e-1,1.532e-17,1.582e-5,6.422e-18,3.231e+0,,2.445e-18,,,5.116e+0,,,2.756e-3,,7.926e-6,,9.430e-19,,1.416e-2,,,,2.646e-17,2.939e-16
596.18,2.396e+1,9.255e-21,1.210e-28,4.104e-43,2.397e-17,,,1.595e-18,5.325e-21,,1.492e-15,1.071e-3,2.753e-25,9.357e-18,3.161e-1,4.589e-31,3.243e-20,5.315e-25,,4.927e-18,1.226e-18,2.601e-36,1.320e+1,,1.601e-25,5.695e-19,,3.797e-19,1.915e-20,3.366e-17,8.721e-1,9.306e-10,1.865e-19,6.688e-23,1.475e-2,3.593e-17,5.718e-1,1.535e-17,1.129e-5,6.417e-18,3.448e+0,,2.441e-18,,,5.515e+0,,,3.157e-3,,1.113e-5,,9.426e-19,,1.654e-2,,,,2.650e-17,2.939e-16
596.2,2.458e+1,9.231e-21,1.205e-28,4.103e-43,2.394e-17,,,1.595e-18,5.326e-21,,1.492e-15,1.193e-3,2.743e-25,9.357e-18,3.019e-1,4.584e-31,3.246e-20,5.318e-25,,4.923e-18,1.226e-18,2.603e-36,1.342e+1,,1.601e-25,5.694e-19,,3.798e-19,1.915e-20,3.368e-17,8.696e-1,8.532e-10,1.865e-19,6.682e-23,1.298e-2,3.595e-17,5.644e-1,1.537e-17,8.992e-6,6.414e-18,3.606e+0,,2.438e-18,,,5.786e+0,,,3.494e-3,,1.391e-5,,9.423e-19,,1.830e-2,,,,2.652e-17,2.939e-16
596.22,2.522e+1,9.207e-21,1.201e-28,4.101e-43,2.390e-17,,,1.595e-18,5.327e-21,,1.492e-15,1.327e-3,2.733e-25,9.356e-18,2.877e-1,4.580e-31,3.249e-20,5.320e-25,,4.919e-18,1.227e-18,2.605e-36,1.365e+1,,1.602e-25,5.693e-19,,3.799e-19,1.915e-20,3.369e-17,8.658e-1,7.809e-10,1.865e-19,6.677e-23,1.139e-2,3.597e-17,5.559e-1,1.538e-17,7.146e-6,6.410e-18,3.773e+0,,2.436e-18,,,6.059e+0,,,3.891e-3,,1.735e-5,,9.420e-19,,2.020e-2,,,,2.655e-17,2.940e-16
596.25,2.622e+1,9.171e-21,1.194e-28,4.098e-43,2.386e-17,,,1.595e-18,5.329e-21,,1.491e-15,1.550e-3,2.717e-25,9.356e-18,2.667e-1,4.573e-31,3.253e-20,5.323e-25,,4.914e-18,1.227e-18,2.608e-36,1.400e+1,,1.603e-25,5.692e-19,,3.800e-19,1.915e-20,3.372e-17,8.576e-1,6.813e-10,1.866e-19,6.669e-23,9.339e-3,3.600e-17,5.415e-1,1.541e-17,5.042e-6,6.405e-18,4.040e+0,,2.432e-18,,,6.471e+0,,,4.606e-3,,2.409e-5,,9.416e-19,,2.333e-2,,,,2.659e-17,2.940e-16
596.27,2.690e+1,9.146e-21,1.189e-28,4.096e-43,2.383e-17,,,1.595e-18,5.330e-21,,1.491e-15,1.714e-3,2.707e-25,9.356e-18,2.529e-1,4.568e-31,3.255e-20,5.325e-25,,4.910e-18,1.228e-18,2.611e-36,1.425e+1,,1.604e-25,5.690e-19,,3.801e-19,1.916e-20,3.374e-17,8.505e-1,6.207e-10,1.866e-19,6.664e-23,8.162e-3,3.602e-17,5.308e-1,1.543e-17,3.985e-6,6.401e-18,4.228e+0,,2.429e-18,,,6.746e+0,,,5.169e-3,,2.989e-5,,9.414e-19,,2.561e-2,,,,2.661e-17,2.940e-16
596.3,2.793e+1,9.110e-21,1.182e-28,4.094e-43,2.378e-17,,,1.595e-18,5.332e-21,,1.490e-15,1.986e-3,2.691e-25,9.356e-18,2.326e-1,4.561e-31,3.259e-20,5.328e-25,,4.904e-18,1.228e-18,2.614e-36,1.462e+1,,1.605e-25,5.689e-19,,3.803e-19,1.916e-20,3.376e-17,8.376e-1,5.381e-10,1.866e-19,6.656e-23,6.650e-3,3.604e-17,5.134e-1,1.545e-17,2.789e-6,6.396e-18,4.521e+0,,2.426e-18,,,7.158e+0,,,6.155e-3,,4.116e-5,,9.410e-19,,2.934e-2,,,,2.665e-17,2.940e-16
596.32,2.861e+1,9.086e-21,1.178e-28,4.092e-43,2.375e-17,,,1.595e-18,5.333e-21,,1.490e-15,2.185e-3,2.681e-25,9.356e-18,2.195e-1,4.557e-31,3.262e-20,5.330e-25,,4.901e-18,1.228e-18,2.616e-36,1.486e+1,,1.606e-25,5.688e-19,,3.803e-19,1.916e-20,3.378e-17,8.274e-1,4.884e-10,1.866e-19,6.651e-23,5.792e-3,3.606e-17,5.009e-1,1.547e-17,2.192e-6,6.392e-18,4.722e+0,,2.423e-18,,,7.429e+0,,,6.915e-3,,5.081e-5,,9.407e-19,,3.204e-2,,,,2.668e-17,2.941e-16
596.35,2.962e+1,9.050e-21,1.171e-28,4.089e-43,2.370e-17,,,1.595e-18,5.335e-21,,1.490e-15,2.511e-3,2.666e-25,9.356e-18,2.005e-1,4.550e-31,3.266e-20,5.333e-25,,4.895e-18,1.229e-18,2.620e-36,1.522e+1,,1.607e-25,5.686e-19,,3.805e-19,1.916e-20,3.381e-17,8.099e-1,4.212e-10,1.866e-19,6.643e-23,4.702e-3,3.609e-17,4.813e-1,1.550e-17,1.522e-6,6.387e-18,5.031e+0,,2.419e-18,,,7.831e+0,,,8.223e-3,,6.940e-5,,9.403e-19,,3.641e-2,,,,2.671e-17,2.941e-16
596.37,3.029e+1,9.026e-21,1.166e-28,4.088e-43,2.367e-17,,,1.595e-18,5.336e-21,,1.489e-15,2.748e-3,2.655e-25,9.356e-18,1.884e-1,4.546e-31,3.269e-20,5.336e-25,,4.891e-18,1.229e-18,2.622e-36,1.544e+1,,1.608e-25,5.685e-19,,3.806e-19,1.916e-20,3.382e-17,7.969e-1,3.813e-10,1.866e-19,6.638e-23,4.091e-3,3.610e-17,4.677e-1,1.552e-17,1.190e-6,6.383e-18,5.240e+0,,2.417e-18,,,8.092e+0,,,9.217e-3,,8.521e-5,,9.400e-19,,3.955e-2,,,,2.674e-17,2.941e-16
596.4,3.124e+1,8.989e-21,1.159e-28,4.085e-43,2.362e-17,,,1.595e-18,5.338e-21,,1.489e-15,3.133e-3,2.640e-25,9.355e-18,1.711e-1,4.539e-31,3.273e-20,5.339e-25,,4.886e-18,1.230e-18,2.625e-36,1.576e+1,,1.609e-25,5.684e-19,,3.807e-19,1.917e-20,3.385e-17,7.754e-1,3.280e-10,1.867e-19,6.630e-23,3.329e-3,3.613e-17,4.467e-1,1.554e-17,8.192e-7,6.378e-18,5.554e+0,,2.413e-18,,,8.473e+0,,,1.091e-2,,1.155e-4,,9.396e-19,,4.459e-2,,,,2.678e-17,2.942e-16
596.42,3.185e+1,8.965e-21,1.155e-28,4.083e-43,2.359e-17,,,1.595e-18,5.339e-21,,1.489e-15,3.410e-3,2.630e-25,9.355e-18,1.601e-1,4.534e-31,3.275e-20,5.341e-25,,4.882e-18,1.230e-18,2.627e-36,1.595e+1,,1.610e-25,5.683e-19,,3.808e-19,1.917e-20,3.387e-17,7.598e-1,2.967e-10,1.867e-19,6.624e-23,2.911e-3,3.615e-17,4.324e-1,1.556e-17,6.371e-7,6.374e-18,5.763e+0,,2.410e-18,,,8.718e+0,,,1.218e-2,,1.410e-4,,9.394e-19,,4.817e-2,,,,2.680e-17,2.942e-16
596.45,3.270e+1,8.929e-21,1.148e-28,4.080e-43,2.354e-17,,,1.595e-18,5.341e-21,,1.488e-15,3.857e-3,2.614e-25,9.355e-18,1.447e-1,4.528e-31,3.279e-20,5.344e-25,,4.876e-18,1.231e-18,2.631e-36,1.620e+1,,1.611e-25,5.681e-19,,3.809e-19,1.917e-20,3.389e-17,7.348e-1,2.558e-10,1.867e-19,6.617e-23,2.403e-3,3.618e-17,4.110e-1,1.559e-17,4.351e-7,6.369e-18,6.071e+0,,2.406e-18,,,9.069e+0,,,1.432e-2,,1.895e-4,,9.390e-19,,5.387e-2,,,,2.684e-17,2.942e-16
596.47,3.323e+1,8.905e-21,1.144e-28,4.079e-43,2.351e-17,,,1.595e-18,5.342e-21,,1.488e-15,4.176e-3,2.604e-25,9.355e-18,1.352e-1,4.523e-31,3.282e-20,5.346e-25,,4.872e-18,1.231e-18,2.633e-36,1.634e+1,,1.611e-25,5.680e-19,,3.810e-19,1.917e-20,3.391e-17,7.171e-1,2.322e-10,1.867e-19,6.611e-23,2.136e-3,3.619e-17,3.967e-1,1.561e-17,3.365e-7,6.365e-18,6.272e+0,,2.404e-18,,,9.291e+0,,,1.591e-2,,2.303e-4,,9.387e-19,,5.789e-2,,,,2.686e-17,2.942e-16
596.5,3.395e+1,8.869e-21,1.137e-28,4.076e-43,2.347e-17,,,1.595e-18,5.344e-21,,1.488e-15,4.685e-3,2.589e-25,9.355e-18,1.219e-1,4.516e-31,3.286e-20,5.349e-25,,4.867e-18,1.232e-18,2.636e-36,1.651e+1,,1.613e-25,5.678e-19,,3.811e-19,1.917e-20,3.394e-17,6.892e-1,2.021e-10,1.867e-19,6.603e-23,1.832e-3,3.622e-17,3.757e-1,1.563e-17,2.280e-7,6.360e-18,6.562e+0,,2.400e-18,,,9.604e+0,,,1.857e-2,,3.070e-4,,9.383e-19,,6.422e-2,,,,2.690e-17,2.943e-16
596.52,3.438e+1,8.845e-21,1.132e-28,4.074e-43,2.344e-17,,,1.595e-18,5.345e-21,,1.487e-15,5.045e-3,2.578e-25,9.355e-18,1.138e-1,4.512e-31,3.289e-20,5.351e-25,,4.863e-18,1.232e-18,2.639e-36,1.659e+1,,1.613e-25,5.677e-19,,3.812e-19,1.918e-20,3.395e-17,6.699e-1,1.854e-10,1.867e-19,6.598e-23,1.688e-3,3.624e-17,3.621e-1,1.565e-17,1.754e-7,6.356e-18,6.747e+0,,2.397e-18,,,9.797e+0,,,2.054e-2,,3.710e-4,,9.380e-19,,6.864e-2,,,,4.087e-17,2.943e-16
596.55,3.493e+1,8.808e-21,1.125e-28,4.072e-43,2.339e-17,,,1.595e-18,5.347e-21,,1.487e-15,5.615e-3,2.563e-25,9.354e-18,1.028e-1,4.505e-31,3.293e-20,5.355e-25,,4.857e-18,1.233e-18,2.642e-36,1.666e+1,,1.614e-25,5.676e-19,,3.813e-19,1.918e-20,3.398e-17,6.398e-1,1.650e-10,1.868e-19,6.590e-23,1.554e-3,3.627e-17,3.424e-1,1.568e-17,1.178e-7,6.351e-18,7.009e+0,,2.394e-18,,,1.006e+1,,,2.379e-2,,4.907e-4,,9.376e-19,,7.553e-2,,,,7.621e-17,2.943e-16
596.57,3.523e+1,8.784e-21,1.121e-28,4.070e-43,2.336e-17,,,1.594e-18,5.348e-21,,1.487e-15,6.014e-3,2.553e-25,9.354e-18,9.631e-2,4.501e-31,3.295e-20,5.357e-25,,4.854e-18,1.233e-18,2.644e-36,1.668e+1,,1.615e-25,5.675e-19,,3.814e-19,1.918e-20,3.400e-17,6.193e-1,1.544e-10,1.868e-19,6.585e-23,1.517e-3,3.628e-17,3.299e-1,1.569e-17,9.016e-8,6.347e-18,7.171e+0,,2.391e-18,,,1.022e+1,,,2.616e-2,,5.898e-4,,9.374e-19,,8.030e-2,,,,1.152e-16,2.943e-16
596.59,3.549e+1,8.760e-21,1.116e-28,4.068e-43,2.333e-17,,,1.594e-18,5.349e-21,,1.486e-15,6.427e-3,2.542e-25,9.354e-18,9.043e-2,4.496e-31,3.298e-20,5.359e-25,,4.850e-18,1.233e-18,2.646e-36,1.667e+1,,1.616e-25,5.674e-19,,3.815e-19,1.918e-20,3.402e-17,5.984e-1,1.461e-10,1.868e-19,6.580e-23,1.522e-3,3.630e-17,3.180e-1,1.571e-17,6.883e-8,6.343e-18,7.322e+0,,2.388e-18,,,1.037e+1,,,2.872e-2,,7.073e-4,,9.371e-19,,8.518e-2,,,,1.736e-16,2.944e-16
596.62,3.576e+1,8.724e-21,1.109e-28,4.065e-43,2.328e-17,,,1.594e-18,5.351e-21,,1.486e-15,7.073e-3,2.527e-25,9.354e-18,8.284e-2,4.489e-31,3.302e-20,5.362e-25,,4.844e-18,1.234e-18,2.650e-36,1.660e+1,,1.617e-25,5.672e-19,,3.816e-19,1.918e-20,3.404e-17,5.666e-1,1.379e-10,1.868e-19,6.572e-23,1.607e-3,3.633e-17,3.014e-1,1.574e-17,4.573e-8,6.338e-18,7.526e+0,,2.385e-18,,,1.055e+1,,,3.289e-2,,9.252e-4,,9.367e-19,,9.269e-2,,,,3.202e-16,2.944e-16
596.64,3.588e+1,8.700e-21,1.105e-28,4.064e-43,2.325e-17,,,1.594e-18,5.352e-21,,1.486e-15,7.519e-3,2.517e-25,9.354e-18,7.861e-2,4.485e-31,3.305e-20,5.364e-25,,4.840e-18,1.234e-18,2.652e-36,1.652e+1,,1.618e-25,5.671e-19,,3.817e-19,1.919e-20,3.406e-17,5.452e-1,1.352e-10,1.868e-19,6.567e-23,1.718e-3,3.635e-17,2.913e-1,1.576e-17,3.472e-8,6.334e-18,7.645e+0,,2.382e-18,,,1.066e+1,,,3.591e-2,,1.104e-3,,9.364e-19,,9.780e-2,,,,4.803e-16,2.944e-16
596.67,3.595e+1,8.664e-21,1.098e-28,4.061e-43,2.320e-17,,,1.594e-18,5.354e-21,,1.485e-15,8.208e-3,2.501e-25,9.354e-18,7.355e-2,4.478e-31,3.309e-20,5.367e-25,,4.835e-18,1.235e-18,2.655e-36,1.635e+1,,1.619e-25,5.669e-19,,3.818e-19,1.919e-20,3.409e-17,5.130e-1,1.352e-10,1.868e-19,6.559e-23,1.970e-3,3.637e-17,2.778e-1,1.578e-17,2.288e-8,6.329e-18,7.796e+0,,2.378e-18,,,1.079e+1,,,4.081e-2,,1.432e-3,,9.360e-19,,1.056e-1,,,,8.787e-16,2.945e-16
596.69,3.593e+1,8.639e-21,1.093e-28,4.059e-43,2.317e-17,,,1.594e-18,5.355e-21,,1.485e-15,8.679e-3,2.491e-25,9.353e-18,7.103e-2,4.473e-31,3.311e-20,5.369e-25,,4.831e-18,1.235e-18,2.658e-36,1.620e+1,,1.620e-25,5.668e-19,,3.819e-19,1.919e-20,3.410e-17,4.916e-1,1.379e-10,1.869e-19,6.553e-23,2.199e-3,3.639e-17,2.698e-1,1.580e-17,1.728e-8,6.325e-18,7.879e+0,,2.376e-18,,,1.085e+1,,,4.432e-2,,1.699e-3,,9.358e-19,,1.108e-1,,,,1.311e-15,2.945e-16
596.72,3.579e+1,8.603e-21,1.087e-28,4.057e-43,2.312e-17,,,1.594e-18,5.357e-21,,1.484e-15,9.399e-3,2.475e-25,9.353e-18,6.858e-2,4.467e-31,3.315e-20,5.373e-25,,4.825e-18,1.236e-18,2.661e-36,1.594e+1,,1.621e-25,5.667e-19,,3.821e-19,1.919e-20,3.413e-17,4.597e-1,1.462e-10,1.869e-19,6.545e-23,2.647e-3,3.642e-17,2.598e-1,1.583e-17,1.129e-8,6.320e-18,7.972e+0,,2.372e-18,,,1.091e+1,,,4.996e-2,,2.187e-3,,9.354e-19,,1.186e-1,,,,2.379e-15,2.945e-16
596.74,3.563e+1,8.579e-21,1.082e-28,4.055e-43,2.309e-17,,,1.594e-18,5.358e-21,,1.484e-15,9.885e-3,2.465e-25,9.353e-18,6.783e-2,4.462e-31,3.318e-20,5.375e-25,,4.822e-18,1.236e-18,2.663e-36,1.573e+1,,1.622e-25,5.666e-19,,3.821e-19,1.919e-20,3.415e-17,4.387e-1,1.545e-10,1.869e-19,6.540e-23,3.021e-3,3.644e-17,2.543e-1,1.584e-17,8.483e-9,6.317e-18,8.013e+0,,2.369e-18,,,1.094e+1,,,5.397e-2,,2.582e-3,,9.351e-19,,1.238e-1,,,,3.531e-15,2.945e-16
596.77,3.530e+1,8.543e-21,1.075e-28,4.052e-43,2.304e-17,,,1.594e-18,5.360e-21,,1.484e-15,1.062e-2,2.450e-25,9.353e-18,6.809e-2,4.455e-31,3.322e-20,5.378e-25,,4.816e-18,1.237e-18,2.666e-36,1.539e+1,,1.623e-25,5.664e-19,,3.823e-19,1.920e-20,3.417e-17,4.076e-1,1.713e-10,1.869e-19,6.532e-23,3.713e-3,3.646e-17,2.481e-1,1.587e-17,5.500e-9,6.311e-18,8.044e+0,,2.365e-18,,,1.094e+1,,,6.035e-2,,3.297e-3,,9.347e-19,,1.315e-1,,,,6.358e-15,2.946e-16
596.79,3.502e+1,8.519e-21,1.071e-28,4.050e-43,2.301e-17,,,1.594e-18,5.361e-21,,1.483e-15,1.111e-2,2.439e-25,9.353e-18,6.920e-2,4.451e-31,3.325e-20,5.380e-25,,4.812e-18,1.237e-18,2.669e-36,1.514e+1,,1.623e-25,5.663e-19,,3.824e-19,1.920e-20,3.419e-17,3.874e-1,1.855e-10,1.869e-19,6.527e-23,4.272e-3,3.648e-17,2.453e-1,1.589e-17,4.109e-9,6.308e-18,8.043e+0,,2.363e-18,,,1.092e+1,,,6.484e-2,,3.870e-3,,9.344e-19,,1.366e-1,,,,9.386e-15,2.946e-16
596.82,3.451e+1,8.483e-21,1.064e-28,4.048e-43,2.297e-17,,,1.594e-18,5.363e-21,,1.483e-15,1.184e-2,2.424e-25,9.353e-18,7.230e-2,4.444e-31,3.329e-20,5.383e-25,,4.806e-18,1.238e-18,2.672e-36,1.473e+1,,1.625e-25,5.661e-19,,3.825e-19,1.920e-20,3.422e-17,3.577e-1,2.116e-10,1.869e-19,6.519e-23,5.279e-3,3.651e-17,2.431e-1,1.591e-17,2.642e-9,6.302e-18,8.010e+0,,2.359e-18,,,1.086e+1,,,7.193e-2,,4.902e-3,,9.340e-19,,1.439e-1,,,,1.677e-14,2.946e-16
596.84,3.411e+1,8.458e-21,1.059e-28,4.046e-43,2.293e-17,,,1.594e-18,5.364e-21,,1.483e-15,1.232e-2,2.414e-25,9.353e-18,7.535e-2,4.440e-31,3.331e-20,5.385e-25,,4.803e-18,1.238e-18,2.674e-36,1.445e+1,,1.625e-25,5.660e-19,,3.826e-19,1.920e-20,3.423e-17,3.385e-1,2.324e-10,1.870e-19,6.514e-23,6.078e-3,3.653e-17,2.431e-1,1.593e-17,1.963e-9,6.299e-18,7.966e+0,,2.357e-18,,,1.080e+1,,,7.687e-2,,5.724e-3,,9.338e-19,,1.486e-1,,,,2.462e-14,2.947e-16
596.87,3.345e+1,8.422e-21,1.052e-28,4.043e-43,2.289e-17,,,1.594e-18,5.366e-21,,1.482e-15,1.302e-2,2.398e-25,9.352e-18,8.146e-2,4.433e-31,3.335e-20,5.388e-25,,4.797e-18,1.239e-18,2.678e-36,1.400e+1,,1.626e-25,5.659e-19,,3.827e-19,1.920e-20,3.426e-17,3.107e-1,2.689e-10,1.870e-19,6.506e-23,7.495e-3,3.655e-17,2.451e-1,1.596e-17,1.252e-9,6.293e-18,7.870e+0,,2.353e-18,,,1.068e+1,,,8.459e-2,,7.193e-3,,9.334e-19,,1.553e-1,,,,4.363e-14,2.947e-16
596.89,3.297e+1,8.398e-21,1.048e-28,4.042e-43,2.286e-17,,,1.594e-18,5.367e-21,,1.482e-15,1.347e-2,2.388e-25,9.352e-18,8.658e-2,4.428e-31,3.338e-20,5.391e-25,,4.793e-18,1.239e-18,2.680e-36,1.370e+1,,1.627e-25,5.658e-19,,3.828e-19,1.920e-20,3.428e-17,2.928e-1,2.969e-10,1.870e-19,6.501e-23,8.606e-3,3.657e-17,2.478e-1,1.598e-17,9.256e-10,6.290e-18,7.786e+0,,2.350e-18,,,1.058e+1,,,8.992e-2,,8.354e-3,,9.331e-19,,1.596e-1,,,,6.373e-14,2.947e-16
596.92,3.219e+1,8.362e-21,1.041e-28,4.039e-43,2.281e-17,,,1.594e-18,5.369e-21,,1.481e-15,1.413e-2,2.372e-25,9.352e-18,9.587e-2,4.421e-31,3.342e-20,5.394e-25,,4.788e-18,1.239e-18,2.683e-36,1.324e+1,,1.628e-25,5.656e-19,,3.829e-19,1.921e-20,3.430e-17,2.670e-1,3.451e-10,1.870e-19,6.493e-23,1.056e-2,3.660e-17,2.538e-1,1.600e-17,5.856e-10,6.284e-18,7.630e+0,,2.346e-18,,,1.041e+1,,,9.815e-2,,1.042e-2,,9.327e-19,,1.655e-1,,,,1.120e-13,2.947e-16
596.94,3.164e+1,8.338e-21,1.036e-28,4.037e-43,2.278e-17,,,1.594e-18,5.370e-21,,1.481e-15,1.454e-2,2.362e-25,9.352e-18,1.032e-1,4.417e-31,3.345e-20,5.396e-25,,4.784e-18,1.240e-18,2.685e-36,1.293e+1,,1.629e-25,5.655e-19,,3.830e-19,1.921e-20,3.432e-17,2.505e-1,3.814e-10,1.870e-19,6.487e-23,1.207e-2,3.662e-17,2.591e-1,1.602e-17,4.304e-10,6.281e-18,7.508e+0,,2.344e-18,,,1.028e+1,,,1.038e-1,,1.203e-2,,9.324e-19,,1.690e-1,,,,1.628e-13,2.948e-16
596.96,3.107e+1,8.314e-21,1.032e-28,4.035e-43,2.275e-17,,,1.594e-18,5.371e-21,,1.481e-15,1.494e-2,2.352e-25,9.352e-18,1.114e-1,4.412e-31,3.347e-20,5.398e-25,,4.780e-18,1.240e-18,2.688e-36,1.263e+1,,1.630e-25,5.654e-19,,3.831e-19,1.921e-20,3.434e-17,2.347e-1,4.212e-10,1.870e-19,6.482e-23,1.377e-2,3.663e-17,2.655e-1,1.604e-17,3.157e-10,6.277e-18,7.372e+0,,2.341e-18,,,1.013e+1,,,1.095e-1,,1.387e-2,,9.321e-19,,1.723e-1,,,,2.360e-13,2.948e-16
596.99,3.019e+1,8.277e-21,1.025e-28,4.033e-43,2.270e-17,,,1.594e-18,5.373e-21,,1.480e-15,1.549e-2,2.336e-25,9.352e-18,1.255e-1,4.406e-31,3.351e-20,5.401e-25,,4.774e-18,1.241e-18,2.691e-36,1.219e+1,,1.631e-25,5.652e-19,,3.832e-19,1.921e-20,3.436e-17,2.122e-1,4.881e-10,1.871e-19,6.474e-23,1.672e-2,3.666e-17,2.768e-1,1.607e-17,1.975e-10,6.272e-18,7.143e+0,,2.337e-18,,,9.897e+0,,,1.182e-1,,1.710e-2,,9.317e-19,,1.767e-1,,,,4.103e-13,2.948e-16
597.01,2.959e+1,8.253e-21,1.020e-28,4.031e-43,2.267e-17,,,1.593e-18,5.374e-21,,1.480e-15,1.583e-2,2.326e-25,9.351e-18,1.361e-1,4.401e-31,3.354e-20,5.403e-25,,4.771e-18,1.241e-18,2.693e-36,1.191e+1,,1.632e-25,5.651e-19,,3.833e-19,1.921e-20,3.438e-17,1.980e-1,5.376e-10,1.871e-19,6.469e-23,1.899e-2,3.668e-17,2.855e-1,1.608e-17,1.441e-10,6.268e-18,6.977e+0,,2.335e-18,,,9.726e+0,,,1.240e-1,,1.960e-2,,9.315e-19,,1.792e-1,,,,5.917e-13,2.948e-16
597.04,2.868e+1,8.217e-21,1.014e-28,4.028e-43,2.262e-17,,,1.593e-18,5.376e-21,,1.480e-15,1.628e-2,2.311e-25,9.351e-18,1.539e-1,4.394e-31,3.358e-20,5.406e-25,,4.765e-18,1.242e-18,2.697e-36,1.151e+1,,1.633e-25,5.650e-19,,3.834e-19,1.922e-20,3.441e-17,1.778e-1,6.197e-10,1.871e-19,6.461e-23,2.288e-2,3.671e-17,3.001e-1,1.611e-17,8.939e-11,6.263e-18,6.706e+0,,2.331e-18,,,9.454e+0,,,1.328e-1,,2.397e-2,,9.311e-19,,1.822e-1,,,,1.021e-12,2.949e-16
597.06,2.807e+1,8.193e-21,1.009e-28,4.027e-43,2.259e-17,,,1.593e-18,5.377e-21,,1.479e-15,1.654e-2,2.300e-25,9.351e-18,1.670e-1,4.390e-31,3.361e-20,5.409e-25,,4.761e-18,1.242e-18,2.699e-36,1.126e+1,,1.634e-25,5.649e-19,,3.835e-19,1.922e-20,3.442e-17,1.652e-1,6.798e-10,1.871e-19,6.456e-23,2.585e-2,3.672e-17,3.108e-1,1.613e-17,6.485e-11,6.259e-18,6.515e+0,,2.328e-18,,,9.261e+0,,,1.386e-1,,2.734e-2,,9.308e-19,,1.838e-1,,,,1.464e-12,2.949e-16
597.09,2.717e+1,8.157e-21,1.002e-28,4.024e-43,2.254e-17,,,1.593e-18,5.379e-21,,1.479e-15,1.688e-2,2.285e-25,9.351e-18,1.885e-1,4.383e-31,3.365e-20,5.412e-25,,4.756e-18,1.243e-18,2.702e-36,1.092e+1,,1.635e-25,5.647e-19,,3.837e-19,1.922e-20,3.445e-17,1.475e-1,7.784e-10,1.871e-19,6.448e-23,3.090e-2,3.675e-17,3.282e-1,1.615e-17,3.992e-11,6.254e-18,6.212e+0,,2.325e-18,,,8.959e+0,,,1.473e-1,,3.317e-2,,9.304e-19,,1.854e-1,,,,2.506e-12,2.949e-16
597.11,2.658e+1,8.133e-21,9.977e-29,4.022e-43,2.251e-17,,,1.593e-18,5.380e-21,,1.479e-15,1.706e-2,2.275e-25,9.351e-18,2.042e-1,4.379e-31,3.367e-20,5.414e-25,,4.752e-18,1.243e-18,2.704e-36,1.072e+1,,1.635e-25,5.646e-19,,3.837e-19,1.922e-20,3.447e-17,1.364e-1,8.500e-10,1.872e-19,6.443e-23,3.472e-2,3.677e-17,3.406e-1,1.617e-17,2.881e-11,6.250e-18,6.002e+0,,2.322e-18,,,8.750e+0,,,1.529e-1,,3.763e-2,,9.301e-19,,1.860e-1,,,,3.575e-12,2.950e-16
597.14,2.573e+1,1.522e-20,9.909e-29,4.020e-43,2.247e-17,,,1.593e-18,5.382e-21,,1.478e-15,1.727e-2,2.259e-25,9.351e-18,2.297e-1,4.372e-31,3.371e-20,5.417e-25,,4.746e-18,1.244e-18,2.708e-36,1.046e+1,,1.637e-25,5.645e-19,,3.839e-19,1.922e-20,3.449e-17,1.210e-1,9.663e-10,1.872e-19,6.435e-23,4.119e-2,3.680e-17,3.602e-1,1.620e-17,1.759e-11,6.245e-18,5.678e+0,,2.318e-18,,,8.426e+0,,,1.611e-1,,4.528e-2,,9.297e-19,,1.862e-1,,,,6.069e-12,2.950e-16
597.16,2.518e+1,2.305e-20,9.863e-29,4.018e-43,2.243e-17,,,1.593e-18,5.383e-21,,1.478e-15,1.736e-2,2.249e-25,9.350e-18,2.479e-1,4.367e-31,3.374e-20,5.419e-25,,4.743e-18,1.244e-18,2.710e-36,1.032e+1,,1.637e-25,5.643e-19,,3.840e-19,1.923e-20,3.451e-17,1.115e-1,1.050e-9,1.872e-19,6.429e-23,4.603e-2,3.681e-17,3.738e-1,1.622e-17,1.263e-11,6.241e-18,5.456e+0,,2.316e-18,,,8.205e+0,,,1.664e-1,,5.110e-2,,9.295e-19,,1.858e-1,,,,8.614e-12,2.950e-16
597.19,2.439e+1,4.279e-20,9.795e-29,4.015e-43,2.239e-17,,,1.593e-18,5.385e-21,,1.478e-15,1.743e-2,2.234e-25,9.350e-18,2.773e-1,4.361e-31,3.378e-20,5.422e-25,,4.737e-18,1.244e-18,2.713e-36,1.014e+1,,1.638e-25,5.642e-19,,3.841e-19,1.923e-20,3.454e-17,9.825e-2,1.185e-9,1.872e-19,6.422e-23,5.417e-2,3.684e-17,3.949e-1,1.624e-17,7.661e-12,6.236e-18,5.120e+0,,2.312e-18,,,7.866e+0,,,1.740e-1,,6.100e-2,,9.291e-19,,1.844e-1,,,,1.451e-11,2.950e-16
597.21,2.389e+1,6.447e-20,9.749e-29,4.013e-43,2.236e-17,,,1.593e-18,5.386e-21,,1.477e-15,1.743e-2,2.223e-25,9.350e-18,2.981e-1,4.356e-31,3.381e-20,5.424e-25,,4.733e-18,1.245e-18,2.716e-36,1.006e+1,,1.639e-25,5.641e-19,,3.842e-19,1.923e-20,3.455e-17,9.012e-2,1.280e-9,1.872e-19,6.416e-23,6.022e-2,3.686e-17,4.094e-1,1.626e-17,5.482e-12,6.232e-18,4.894e+0,,2.309e-18,,,7.638e+0,,,1.787e-1,,6.846e-2,,9.288e-19,,1.831e-1,,,,2.048e-11,2.951e-16
597.24,2.320e+1,1.187e-19,9.681e-29,4.011e-43,2.231e-17,,,1.593e-18,5.388e-21,,1.477e-15,1.736e-2,2.208e-25,9.350e-18,3.311e-1,4.349e-31,3.385e-20,5.428e-25,,4.727e-18,1.245e-18,2.719e-36,9.976e+0,,1.640e-25,5.639e-19,,3.843e-19,1.923e-20,3.458e-17,7.892e-2,1.434e-9,1.872e-19,6.408e-23,7.029e-2,3.689e-17,4.313e-1,1.629e-17,3.324e-12,6.227e-18,4.555e+0,,2.305e-18,,,7.291e+0,,,1.853e-1,,8.108e-2,,9.284e-19,,1.803e-1,,,,3.423e-11,2.951e-16
597.26,2.277e+1,1.780e-19,9.635e-29,4.009e-43,2.228e-17,,,1.593e-18,5.389e-21,,1.477e-15,1.727e-2,2.197e-25,9.350e-18,3.542e-1,4.345e-31,3.387e-20,5.430e-25,,4.724e-18,1.246e-18,2.721e-36,9.954e+0,,1.641e-25,5.638e-19,,3.844e-19,1.923e-20,3.460e-17,7.209e-2,1.542e-9,1.873e-19,6.403e-23,7.773e-2,3.690e-17,4.461e-1,1.630e-17,2.394e-12,6.223e-18,4.331e+0,,2.303e-18,,,7.059e+0,,,1.894e-1,,9.052e-2,,9.281e-19,,1.780e-1,,,,4.806e-11,2.951e-16
597.29,2.218e+1,3.252e-19,9.567e-29,4.006e-43,2.223e-17,,,1.593e-18,5.391e-21,,1.476e-15,1.706e-2,2.182e-25,9.350e-18,3.906e-1,4.338e-31,3.391e-20,5.433e-25,,4.718e-18,1.246e-18,2.725e-36,9.967e+0,,1.642e-25,5.637e-19,,3.845e-19,1.924e-20,3.462e-17,6.273e-2,1.712e-9,1.873e-19,6.395e-23,9.001e-2,3.693e-17,4.682e-1,1.633e-17,1.501e-12,6.218e-18,3.999e+0,,2.299e-18,,,6.711e+0,,,1.949e-1,,1.063e-1,,9.277e-19,,1.739e-1,,,,7.967e-11,2.952e-16
597.31,2.182e+1,4.847e-19,9.521e-29,4.005e-43,2.220e-17,,,1.593e-18,5.392e-21,,1.476e-15,1.688e-2,2.172e-25,9.350e-18,4.159e-1,4.333e-31,3.394e-20,5.435e-25,,4.714e-18,1.247e-18,2.727e-36,1.001e+1,,1.643e-25,5.636e-19,,3.846e-19,1.924e-20,3.464e-17,5.705e-2,1.832e-9,1.873e-19,6.390e-23,9.900e-2,3.695e-17,4.828e-1,1.635e-17,1.143e-12,6.214e-18,3.782e+0,,2.296e-18,,,6.480e+0,,,1.981e-1,,1.181e-1,,9.275e-19,,1.707e-1,,,,1.113e-10,2.952e-16
597.34,2.135e+1,8.787e-19,9.453e-29,4.002e-43,2.215e-17,,,1.593e-18,5.394e-21,,1.475e-15,1.654e-2,2.156e-25,9.349e-18,4.551e-1,4.327e-31,3.398e-20,5.438e-25,,4.709e-18,1.247e-18,2.730e-36,1.011e+1,,1.644e-25,5.634e-19,,3.847e-19,1.924e-20,3.467e-17,4.932e-2,2.018e-9,1.873e-19,6.382e-23,1.137e-1,3.698e-17,5.043e-1,1.638e-17,8.547e-13,6.209e-18,3.464e+0,,2.293e-18,,,6.135e+0,,,2.022e-1,,1.376e-1,,9.271e-19,,1.655e-1,,,,1.830e-10,2.952e-16
597.36,2.107e+1,1.352e-18,9.407e-29,4.000e-43,2.212e-17,,,1.593e-18,5.395e-21,,1.475e-15,1.628e-2,2.146e-25,9.349e-18,4.821e-1,4.322e-31,3.401e-20,5.440e-25,,4.705e-18,1.248e-18,2.732e-36,1.020e+1,,1.645e-25,5.633e-19,,3.848e-19,1.924e-20,3.468e-17,4.466e-2,2.148e-9,1.873e-19,6.377e-23,1.244e-1,3.699e-17,5.182e-1,1.639e-17,7.965e-13,6.205e-18,3.258e+0,,2.290e-18,,,5.907e+0,,,2.045e-1,,1.520e-1,,9.268e-19,,1.616e-1,,,,2.543e-10,2.952e-16
597.38,2.082e+1,2.002e-18,9.362e-29,3.998e-43,2.209e-17,,,1.593e-18,5.397e-21,,1.475e-15,1.598e-2,2.136e-25,9.349e-18,5.095e-1,4.318e-31,3.403e-20,5.442e-25,,4.701e-18,1.248e-18,2.735e-36,1.031e+1,,1.646e-25,5.632e-19,,3.849e-19,1.924e-20,3.470e-17,4.036e-2,2.280e-9,1.873e-19,6.371e-23,1.358e-1,3.701e-17,5.319e-1,1.641e-17,8.349e-13,6.202e-18,3.058e+0,,2.287e-18,,,5.682e+0,,,2.063e-1,,1.675e-1,,9.265e-19,,1.575e-1,,,,3.526e-10,2.953e-16
597.41,2.049e+1,3.594e-18,9.293e-29,3.996e-43,2.204e-17,,,1.593e-18,5.398e-21,,1.474e-15,1.549e-2,2.120e-25,9.349e-18,5.515e-1,4.311e-31,3.407e-20,5.446e-25,,4.695e-18,1.248e-18,2.738e-36,1.052e+1,,1.647e-25,5.630e-19,,7.210e-19,1.925e-20,3.473e-17,3.458e-2,2.485e-9,1.874e-19,6.364e-23,1.543e-1,3.704e-17,5.515e-1,1.644e-17,1.083e-12,6.196e-18,2.769e+0,,2.284e-18,,,5.350e+0,,,2.083e-1,,1.931e-1,,9.261e-19,,1.509e-1,,,,5.735e-10,2.953e-16
597.43,2.031e+1,5.296e-18,9.248e-29,3.994e-43,2.201e-17,,,1.592e-18,5.400e-21,,1.474e-15,1.513e-2,2.110e-25,9.349e-18,5.799e-1,4.306e-31,3.410e-20,5.448e-25,,4.692e-18,1.249e-18,2.740e-36,1.067e+1,,1.647e-25,5.629e-19,,1.093e-18,1.925e-20,3.475e-17,3.112e-2,2.625e-9,1.874e-19,6.358e-23,1.675e-1,3.706e-17,5.640e-1,1.645e-17,1.402e-12,6.193e-18,2.585e+0,,2.281e-18,,,5.132e+0,,,2.092e-1,,2.117e-1,,9.259e-19,,1.463e-1,,,,7.909e-10,2.953e-16
597.46,2.009e+1,9.434e-18,9.180e-29,3.991e-43,2.197e-17,,,1.592e-18,5.401e-21,,1.474e-15,1.454e-2,2.095e-25,9.349e-18,6.228e-1,4.300e-31,3.414e-20,5.451e-25,,4.686e-18,1.249e-18,2.744e-36,1.093e+1,,1.649e-25,5.628e-19,,2.031e-18,1.925e-20,3.477e-17,2.648e-2,2.838e-9,1.874e-19,6.350e-23,1.888e-1,3.708e-17,5.816e-1,1.648e-17,2.193e-12,6.187e-18,2.323e+0,,2.277e-18,,,4.813e+0,,,2.096e-1,,2.420e-1,,9.255e-19,,1.391e-1,,,,1.276e-9,2.954e-16
597.48,1.997e+1,1.383e-17,9.134e-29,3.990e-43,2.193e-17,,,1.592e-18,5.403e-21,,1.473e-15,1.413e-2,2.084e-25,9.348e-18,6.514e-1,4.295e-31,3.417e-20,5.453e-25,,4.682e-18,1.250e-18,2.746e-36,1.111e+1,,1.649e-25,5.627e-19,,3.061e-18,1.925e-20,3.479e-17,2.372e-2,2.982e-9,1.874e-19,6.345e-23,2.039e-1,3.710e-17,5.926e-1,1.650e-17,3.012e-12,6.184e-18,2.157e+0,,2.275e-18,,,4.606e+0,,,2.094e-1,,2.639e-1,,9.252e-19,,1.341e-1,,,,1.751e-9,2.954e-16
597.51,1.983e+1,2.446e-17,9.066e-29,3.987e-43,2.189e-17,,,1.592e-18,5.404e-21,,1.473e-15,1.347e-2,2.069e-25,9.348e-18,6.940e-1,4.288e-31,3.421e-20,5.456e-25,,4.677e-18,1.250e-18,2.749e-36,1.140e+1,,1.650e-25,5.625e-19,,5.644e-18,1.925e-20,3.481e-17,2.005e-2,3.199e-9,1.874e-19,6.337e-23,2.279e-1,3.713e-17,6.079e-1,1.653e-17,4.891e-12,6.178e-18,1.922e+0,,2.271e-18,,,4.303e+0,,,2.082e-1,,2.993e-1,,9.248e-19,,1.264e-1,,,,2.802e-9,2.954e-16
597.53,1.975e+1,3.566e-17,9.020e-29,3.985e-43,2.186e-17,,,1.592e-18,5.406e-21,,1.473e-15,1.302e-2,2.059e-25,9.348e-18,7.220e-1,4.284e-31,3.423e-20,5.458e-25,,4.673e-18,1.251e-18,2.751e-36,1.160e+1,,1.651e-25,5.624e-19,,8.465e-18,1.926e-20,3.483e-17,1.789e-2,3.343e-9,1.874e-19,6.332e-23,2.449e-1,3.715e-17,6.172e-1,1.654e-17,6.766e-12,6.175e-18,1.775e+0,,2.268e-18,,,4.108e+0,,,2.070e-1,,3.246e-1,,9.245e-19,,1.212e-1,,,,3.824e-9,2.954e-16
597.56,1.968e+1,6.254e-17,8.952e-29,3.983e-43,2.181e-17,,,1.592e-18,5.407e-21,,1.472e-15,1.232e-2,2.043e-25,9.348e-18,7.630e-1,4.277e-31,3.427e-20,5.461e-25,,4.667e-18,1.251e-18,2.755e-36,1.191e+1,,1.652e-25,5.622e-19,,1.548e-17,1.926e-20,3.486e-17,1.502e-2,3.557e-9,1.875e-19,6.324e-23,2.716e-1,3.717e-17,6.297e-1,1.657e-17,1.099e-11,6.169e-18,1.569e+0,,2.264e-18,,,3.824e+0,,,2.044e-1,,3.652e-1,,9.241e-19,,1.134e-1,,,,6.072e-9,2.955e-16
597.58,1.964e+1,9.071e-17,8.906e-29,3.981e-43,2.178e-17,,,1.592e-18,5.409e-21,,1.472e-15,1.184e-2,2.033e-25,9.348e-18,7.896e-1,4.272e-31,3.430e-20,5.464e-25,,4.663e-18,1.252e-18,2.757e-36,1.211e+1,,1.653e-25,5.621e-19,,2.310e-17,1.926e-20,3.488e-17,1.333e-2,3.698e-9,1.875e-19,6.319e-23,2.902e-1,3.719e-17,6.371e-1,1.659e-17,1.516e-11,6.166e-18,1.442e+0,,2.262e-18,,,3.641e+0,,,2.022e-1,,3.940e-1,,9.239e-19,,1.082e-1,,,,8.243e-9,2.955e-16
597.61,1.960e+1,1.579e-16,8.838e-29,3.978e-43,2.173e-17,,,1.592e-18,5.410e-21,,1.472e-15,1.111e-2,2.017e-25,9.348e-18,8.279e-1,4.266e-31,3.434e-20,5.467e-25,,4.658e-18,1.252e-18,2.760e-36,1.240e+1,,1.654e-25,5.620e-19,,4.191e-17,1.926e-20,3.490e-17,1.112e-2,3.904e-9,1.875e-19,6.311e-23,3.192e-1,3.722e-17,6.467e-1,1.661e-17,2.448e-11,6.160e-18,1.264e+0,,2.258e-18,,,3.378e+0,,,1.983e-1,,4.397e-1,,9.235e-19,,1.004e-1,,,,1.298e-8,2.955e-16
597.63,1.958e+1,2.278e-16,8.792e-29,3.976e-43,2.170e-17,,,1.592e-18,5.412e-21,,1.471e-15,1.062e-2,2.007e-25,9.347e-18,8.522e-1,4.261e-31,3.437e-20,5.469e-25,,4.654e-18,1.253e-18,2.763e-36,1.259e+1,,1.655e-25,5.619e-19,,6.219e-17,1.926e-20,3.492e-17,9.826e-3,4.038e-9,1.875e-19,6.306e-23,3.393e-1,3.724e-17,6.522e-1,1.663e-17,3.360e-11,6.157e-18,1.155e+0,,2.255e-18,,,3.210e+0,,,1.954e-1,,4.719e-1,,9.232e-19,,9.524e-2,,,,1.753e-8,2.955e-16
597.66,1.956e+1,3.933e-16,8.724e-29,3.974e-43,2.165e-17,,,1.592e-18,5.413e-21,,1.471e-15,9.885e-3,1.992e-25,9.347e-18,8.863e-1,4.254e-31,3.441e-20,5.472e-25,,4.648e-18,1.253e-18,2.766e-36,1.285e+1,,1.656e-25,5.617e-19,,1.120e-16,1.927e-20,3.494e-17,8.137e-3,4.229e-9,1.875e-19,6.298e-23,3.703e-1,3.726e-17,6.588e-1,1.666e-17,5.382e-11,6.151e-18,1.005e+0,,2.252e-18,,,2.969e+0,,,1.904e-1,,5.224e-1,,9.228e-19,,8.766e-2,,,,2.740e-8,2.956e-16
597.68,1.954e+1,5.646e-16,8.678e-29,3.972e-43,2.162e-17,,,1.592e-18,5.414e-21,,1.471e-15,9.399e-3,1.981e-25,9.347e-18,9.074e-1,4.250e-31,3.444e-20,5.474e-25,,4.645e-18,1.253e-18,2.768e-36,1.301e+1,,1.657e-25,5.616e-19,,1.653e-16,1.927e-20,3.496e-17,7.159e-3,4.351e-9,1.875e-19,6.292e-23,3.914e-1,3.728e-17,6.623e-1,1.668e-17,7.350e-11,6.148e-18,9.132e-1,,2.249e-18,,,2.816e+0,,,1.868e-1,,5.576e-1,,9.225e-19,,8.273e-2,,,,3.680e-8,2.956e-16
597.71,1.951e+1,9.672e-16,8.610e-29,3.969e-43,2.157e-17,,,1.592e-18,5.416e-21,,1.470e-15,8.679e-3,1.966e-25,9.347e-18,9.363e-1,4.243e-31,3.448e-20,5.477e-25,,4.639e-18,1.254e-18,2.771e-36,1.322e+1,,1.658e-25,5.614e-19,,2.952e-16,1.927e-20,3.499e-17,5.887e-3,4.521e-9,1.876e-19,6.285e-23,4.238e-1,3.731e-17,6.660e-1,1.670e-17,1.168e-10,6.142e-18,7.880e-1,,2.245e-18,,,2.598e+0,,,1.810e-1,,6.125e-1,,9.221e-19,,7.553e-2,,,,5.706e-8,2.956e-16
597.73,1.948e+1,1.381e-15,8.564e-29,3.968e-43,2.154e-17,,,1.592e-18,5.417e-21,,1.470e-15,8.208e-3,1.956e-25,9.347e-18,9.535e-1,4.239e-31,3.450e-20,5.479e-25,,4.635e-18,1.254e-18,2.774e-36,1.333e+1,,1.659e-25,5.613e-19,,4.334e-16,1.927e-20,3.501e-17,5.155e-3,4.627e-9,1.876e-19,6.279e-23,4.456e-1,3.733e-17,6.676e-1,1.672e-17,1.587e-10,6.139e-18,7.123e-1,,2.243e-18,,,2.460e+0,,,1.770e-1,,6.502e-1,,9.219e-19,,7.090e-2,,,,7.623e-8,2.957e-16
597.75,1.945e+1,1.968e-15,8.519e-29,3.966e-43,2.151e-17,,,1.592e-18,5.419e-21,,1.470e-15,7.746e-3,1.945e-25,9.347e-18,9.689e-1,4.234e-31,3.453e-20,5.482e-25,,4.631e-18,1.255e-18,2.776e-36,1.343e+1,,1.659e-25,5.612e-19,,6.349e-16,1.927e-20,3.502e-17,4.506e-3,4.724e-9,1.876e-19,6.274e-23,4.676e-1,3.734e-17,6.684e-1,1.674e-17,2.151e-10,6.135e-18,6.425e-1,,2.240e-18,,,2.329e+0,,,1.729e-1,,6.889e-1,,9.216e-19,,6.641e-2,,,,1.016e-7,2.957e-16
597.78,1.937e+1,3.335e-15,8.450e-29,3.963e-43,2.146e-17,,,1.592e-18,5.420e-21,,1.469e-15,7.073e-3,1.930e-25,9.347e-18,9.885e-1,4.227e-31,3.457e-20,5.485e-25,,4.626e-18,1.255e-18,2.779e-36,1.354e+1,,1.660e-25,5.611e-19,,1.122e-15,1.928e-20,3.505e-17,3.669e-3,4.856e-9,1.876e-19,6.266e-23,5.006e-1,3.737e-17,6.683e-1,1.676e-17,3.381e-10,6.130e-18,5.482e-1,,2.236e-18,,,2.144e+0,,,1.666e-1,,7.482e-1,,9.212e-19,,5.996e-2,,,,1.558e-7,2.957e-16
597.8,1.931e+1,4.729e-15,8.405e-29,3.961e-43,2.143e-17,,,1.592e-18,5.422e-21,,1.469e-15,6.639e-3,1.920e-25,9.346e-18,9.992e-1,4.223e-31,3.460e-20,5.487e-25,,4.622e-18,1.256e-18,2.782e-36,1.358e+1,,1.661e-25,5.610e-19,,1.635e-15,1.928e-20,3.507e-17,3.192e-3,4.933e-9,1.876e-19,6.261e-23,5.224e-1,3.739e-17,6.674e-1,1.678e-17,4.559e-10,6.126e-18,4.919e-1,,2.234e-18,,,2.028e+0,,,1.623e-1,,7.884e-1,,9.209e-19,,5.586e-2,,,,2.067e-7,2.957e-16
597.83,1.918e+1,7.951e-15,8.336e-29,3.959e-43,2.139e-17,,,1.592e-18,5.423e-21,,1.468e-15,6.014e-3,1.904e-25,9.346e-18,1.011e+0,4.216e-31,3.464e-20,5.490e-25,,4.616e-18,1.256e-18,2.785e-36,1.360e+1,,1.662e-25,5.608e-19,,2.864e-15,1.928e-20,3.509e-17,2.581e-3,5.030e-9,1.877e-19,6.253e-23,5.548e-1,3.742e-17,6.649e-1,1.681e-17,7.110e-10,6.121e-18,4.163e-1,,2.230e-18,,,1.867e+0,,,1.560e-1,,8.494e-1,,9.205e-19,,5.003e-2,,,,3.143e-7,2.958e-16
597.85,1.908e+1,1.121e-14,8.291e-29,3.957e-43,2.136e-17,,,1.592e-18,5.425e-21,,1.468e-15,5.615e-3,1.894e-25,9.346e-18,1.017e+0,4.211e-31,3.466e-20,5.492e-25,,4.613e-18,1.257e-18,2.787e-36,1.359e+1,,1.663e-25,5.607e-19,,4.153e-15,1.928e-20,3.511e-17,2.234e-3,5.083e-9,1.877e-19,6.248e-23,5.760e-1,3.743e-17,6.624e-1,1.683e-17,9.537e-10,6.117e-18,3.715e-1,,2.227e-18,,,1.767e+0,,,1.519e-1,,8.903e-1,,9.203e-19,,4.636e-2,,,,4.147e-7,2.958e-16
597.88,1.889e+1,1.871e-14,8.222e-29,3.954e-43,2.131e-17,,,1.591e-18,5.426e-21,,1.468e-15,5.045e-3,1.878e-25,9.346e-18,1.021e+0,4.205e-31,3.470e-20,5.495e-25,,4.607e-18,1.257e-18,2.790e-36,1.351e+1,,1.664e-25,5.605e-19,,7.219e-15,1.928e-20,3.514e-17,1.794e-3,5.144e-9,1.877e-19,6.240e-23,6.068e-1,3.746e-17,6.576e-1,1.685e-17,1.476e-9,6.112e-18,3.119e-1,,2.224e-18,,,1.629e+0,,,1.459e-1,,9.516e-1,,9.199e-19,,4.118e-2,,,,6.257e-7,2.958e-16
597.9,1.874e+1,2.625e-14,8.177e-29,3.953e-43,2.128e-17,,,1.591e-18,5.428e-21,,1.467e-15,4.685e-3,1.868e-25,9.346e-18,1.021e+0,4.200e-31,3.473e-20,5.497e-25,,4.603e-18,1.257e-18,2.793e-36,1.343e+1,,1.665e-25,5.604e-19,,1.041e-14,1.929e-20,3.515e-17,1.545e-3,5.171e-9,1.877e-19,6.234e-23,6.266e-1,3.748e-17,6.537e-1,1.687e-17,1.969e-9,6.108e-18,2.768e-1,,2.221e-18,,,1.545e+0,,,1.421e-1,,9.921e-1,,9.196e-19,,3.796e-2,,,,8.210e-7,2.959e-16
597.93,1.847e+1,4.346e-14,8.108e-29,3.950e-43,2.123e-17,,,1.591e-18,5.429e-21,,1.467e-15,4.176e-3,1.853e-25,9.346e-18,1.017e+0,4.193e-31,3.477e-20,5.501e-25,,4.598e-18,1.258e-18,2.796e-36,1.327e+1,,1.666e-25,5.603e-19,,1.796e-14,1.929e-20,3.518e-17,1.231e-3,5.192e-9,1.877e-19,6.227e-23,6.548e-1,3.751e-17,6.470e-1,1.690e-17,3.022e-9,6.103e-18,2.306e-1,,2.217e-18,,,1.429e+0,,,1.369e-1,,1.052e+0,,9.192e-19,,3.345e-2,,,,1.229e-6,2.959e-16
597.95,1.827e+1,6.066e-14,8.063e-29,3.948e-43,2.120e-17,,,1.591e-18,5.431e-21,,1.467e-15,3.857e-3,1.842e-25,9.345e-18,1.011e+0,4.189e-31,3.480e-20,5.503e-25,,4.594e-18,1.258e-18,2.798e-36,1.313e+1,,1.667e-25,5.602e-19,,2.576e-14,1.929e-20,3.520e-17,1.056e-3,5.192e-9,1.877e-19,6.221e-23,6.726e-1,3.752e-17,6.419e-1,1.692e-17,4.012e-9,6.099e-18,2.036e-1,,2.215e-18,,,1.360e+0,,,1.336e-1,,1.091e+0,,9.189e-19,,3.067e-2,,,,1.604e-6,2.959e-16
597.98,1.794e+1,9.965e-14,7.995e-29,3.946e-43,2.115e-17,,,1.591e-18,5.432e-21,,1.466e-15,3.410e-3,1.827e-25,9.345e-18,9.992e-1,4.182e-31,3.484e-20,5.506e-25,,4.588e-18,1.259e-18,2.802e-36,1.287e+1,,1.668e-25,5.600e-19,,4.408e-14,1.929e-20,3.522e-17,8.354e-4,5.173e-9,1.878e-19,6.213e-23,6.973e-1,3.755e-17,6.335e-1,1.694e-17,6.110e-9,6.094e-18,1.682e-1,,2.211e-18,,,1.267e+0,,,1.293e-1,,1.147e+0,,9.185e-19,,2.681e-2,,,,2.383e-6,2.959e-16
598,1.769e+1,1.384e-13,7.949e-29,3.944e-43,2.112e-17,,,1.591e-18,5.434e-21,,1.466e-15,3.133e-3,1.817e-25,9.345e-18,9.885e-1,4.178e-31,3.486e-20,5.508e-25,,4.584e-18,1.259e-18,2.804e-36,1.266e+1,,1.669e-25,5.599e-19,,6.289e-14,1.929e-20,3.524e-17,7.128e-4,5.147e-9,1.878e-19,6.208e-23,7.124e-1,3.757e-17,6.274e-1,1.696e-17,8.067e-9,6.090e-18,1.477e-1,,2.208e-18,,,1.212e+0,,,1.268e-1,,1.183e+0,,9.183e-19,,2.445e-2,,,,3.093e-6,2.960e-16
598.03,1.728e+1,2.256e-13,7.881e-29,3.941e-43,2.107e-17,,,1.591e-18,5.435e-21,,1.466e-15,2.748e-3,1.801e-25,9.345e-18,9.689e-1,4.171e-31,3.490e-20,5.511e-25,,4.579e-18,1.260e-18,2.807e-36,1.232e+1,,1.670e-25,5.598e-19,,1.068e-13,1.930e-20,3.527e-17,5.597e-4,5.089e-9,1.878e-19,6.200e-23,7.326e-1,3.759e-17,6.176e-1,1.699e-17,1.219e-8,6.085e-18,1.210e-1,,2.204e-18,,,1.140e+0,,,1.237e-1,,1.235e+0,,9.179e-19,,2.120e-2,,,,4.558e-6,2.960e-16
598.05,1.699e+1,3.116e-13,7.835e-29,3.939e-43,2.104e-17,,,1.591e-18,5.437e-21,,1.465e-15,2.511e-3,1.791e-25,9.345e-18,9.535e-1,4.166e-31,3.493e-20,5.513e-25,,4.575e-18,1.260e-18,2.809e-36,1.207e+1,,1.671e-25,5.596e-19,,1.515e-13,1.930e-20,3.528e-17,4.753e-4,5.037e-9,1.878e-19,6.195e-23,7.445e-1,3.761e-17,6.106e-1,1.700e-17,1.601e-8,6.081e-18,1.057e-1,,2.202e-18,,,1.099e+0,,,1.221e-1,,1.267e+0,,9.176e-19,,1.923e-2,,,,5.886e-6,2.960e-16
598.08,1.652e+1,5.041e-13,7.767e-29,3.937e-43,2.100e-17,,,1.591e-18,5.438e-21,,1.465e-15,2.185e-3,1.776e-25,9.345e-18,9.270e-1,4.160e-31,3.497e-20,5.517e-25,,4.569e-18,1.261e-18,2.813e-36,1.165e+1,,1.672e-25,5.595e-19,,2.552e-13,1.930e-20,3.531e-17,3.704e-4,4.943e-9,1.878e-19,6.187e-23,7.596e-1,3.764e-17,5.997e-1,1.703e-17,2.400e-8,6.076e-18,8.594e-2,,2.198e-18,,,1.049e+0,,,1.205e-1,,1.311e+0,,9.172e-19,,1.654e-2,,,,8.604e-6,2.961e-16
598.1,1.619e+1,6.928e-13,7.721e-29,3.935e-43,2.096e-17,,,1.591e-18,5.440e-21,,1.465e-15,1.986e-3,1.765e-25,9.344e-18,9.074e-1,4.155e-31,3.500e-20,5.519e-25,,4.566e-18,1.261e-18,2.815e-36,1.135e+1,,1.672e-25,5.594e-19,,3.604e-13,1.930e-20,3.533e-17,3.130e-4,4.868e-9,1.878e-19,6.182e-23,7.677e-1,3.766e-17,5.920e-1,1.705e-17,3.136e-8,6.072e-18,7.466e-2,,2.195e-18,,,1.021e+0,,,1.198e-1,,1.338e+0,,9.169e-19,,1.492e-2,,,,1.105e-5,2.961e-16
598.12,1.584e+1,9.503e-13,7.676e-29,3.933e-43,2.093e-17,,,1.591e-18,5.441e-21,,1.464e-15,1.801e-3,1.755e-25,9.344e-18,8.863e-1,4.151e-31,3.502e-20,5.521e-25,,4.562e-18,1.262e-18,2.817e-36,1.103e+1,,1.673e-25,5.593e-19,,5.077e-13,1.930e-20,3.534e-17,2.639e-4,4.785e-9,1.879e-19,6.176e-23,7.743e-1,3.768e-17,5.842e-1,1.707e-17,4.088e-8,6.069e-18,6.472e-2,,2.193e-18,,,9.997e-1,,,1.196e-1,,1.363e+0,,9.167e-19,,1.343e-2,,,,1.417e-5,2.961e-16
598.15,1.530e+1,1.521e-12,7.607e-29,3.931e-43,2.089e-17,,,1.591e-18,5.443e-21,,1.464e-15,1.550e-3,1.740e-25,9.344e-18,8.521e-1,4.144e-31,3.506e-20,5.524e-25,,4.556e-18,1.262e-18,2.821e-36,1.053e+1,,1.674e-25,5.591e-19,,8.457e-13,1.930e-20,3.537e-17,2.036e-4,4.646e-9,1.879e-19,6.169e-23,7.812e-1,3.770e-17,5.720e-1,1.709e-17,6.061e-8,6.063e-18,5.202e-2,,2.189e-18,,,9.771e-1,,,1.201e-1,,1.395e+0,,9.163e-19,,1.143e-2,,,,2.048e-5,2.961e-16
598.17,1.492e+1,2.075e-12,7.562e-29,3.929e-43,2.086e-17,,,1.591e-18,5.444e-21,,1.464e-15,1.398e-3,1.729e-25,9.344e-18,8.278e-1,4.139e-31,3.509e-20,5.526e-25,,4.552e-18,1.262e-18,2.823e-36,1.019e+1,,1.675e-25,5.590e-19,,1.185e-12,1.931e-20,3.539e-17,1.708e-4,4.545e-9,1.879e-19,9.369e-23,7.837e-1,3.772e-17,5.637e-1,1.711e-17,7.860e-8,6.060e-18,4.485e-2,,2.186e-18,,,9.687e-1,,,1.210e-1,,1.413e+0,,9.160e-19,,1.023e-2,,,,2.611e-5,2.962e-16
598.2,1.434e+1,3.295e-12,7.493e-29,3.926e-43,2.081e-17,,,1.591e-18,5.446e-21,,1.463e-15,1.193e-3,1.714e-25,9.344e-18,7.895e-1,4.132e-31,3.513e-20,5.529e-25,,4.547e-18,1.263e-18,2.826e-36,9.650e+0,,1.676e-25,5.589e-19,,1.958e-12,1.931e-20,3.541e-17,1.307e-4,4.381e-9,1.879e-19,1.747e-22,7.843e-1,3.775e-17,5.510e-1,1.714e-17,1.156e-7,6.054e-18,3.577e-2,,2.183e-18,,,9.660e-1,,,1.231e-1,,1.434e+0,,9.156e-19,,8.634e-3,,,,3.745e-5,2.962e-16
598.22,1.395e+1,4.473e-12,7.448e-29,3.924e-43,2.078e-17,,,1.591e-18,5.447e-21,,1.463e-15,1.071e-3,1.704e-25,9.344e-18,7.630e-1,4.128e-31,3.516e-20,5.531e-25,,4.543e-18,1.263e-18,2.828e-36,9.283e+0,,1.677e-25,5.588e-19,,2.730e-12,1.931e-20,3.543e-17,1.091e-4,4.264e-9,1.879e-19,2.639e-22,7.826e-1,3.777e-17,5.424e-1,1.715e-17,1.492e-7,6.051e-18,3.067e-2,,2.180e-18,,,9.708e-1,,,1.250e-1,,1.445e+0,,9.153e-19,,7.690e-3,,,,4.750e-5,2.962e-16
598.25,1.336e+1,7.048e-12,7.379e-29,3.922e-43,2.073e-17,,,1.591e-18,5.449e-21,,1.462e-15,9.064e-4,1.688e-25,9.344e-18,7.219e-1,4.121e-31,3.520e-20,5.535e-25,,4.537e-18,1.264e-18,2.832e-36,8.725e+0,,1.678e-25,5.586e-19,,4.476e-12,1.931e-20,3.546e-17,8.291e-5,4.081e-9,1.879e-19,4.880e-22,7.770e-1,3.779e-17,5.294e-1,1.718e-17,2.177e-7,6.045e-18,2.426e-2,,2.176e-18,,,9.881e-1,,,1.286e-1,,1.456e+0,,9.149e-19,,6.437e-3,,,,6.758e-5,2.962e-16
598.27,1.296e+1,9.520e-12,7.334e-29,3.920e-43,2.070e-17,,,1.591e-18,5.450e-21,,1.462e-15,8.090e-4,1.678e-25,9.343e-18,6.938e-1,4.117e-31,3.522e-20,5.537e-25,,4.534e-18,1.264e-18,2.834e-36,8.349e+0,,1.679e-25,5.585e-19,,6.207e-12,1.931e-20,3.547e-17,6.886e-5,3.954e-9,1.880e-19,7.334e-22,7.712e-1,3.781e-17,5.206e-1,1.720e-17,2.794e-7,6.042e-18,2.070e-2,,2.174e-18,,,1.006e+0,,,1.316e-1,,1.459e+0,,9.146e-19,,5.702e-3,,,,8.526e-5,2.963e-16
598.3,1.236e+1,1.489e-11,7.265e-29,3.917e-43,2.065e-17,,,1.590e-18,5.452e-21,,1.462e-15,6.794e-4,1.662e-25,9.343e-18,6.512e-1,4.110e-31,3.526e-20,5.540e-25,,4.528e-18,1.265e-18,2.837e-36,7.785e+0,,1.680e-25,5.583e-19,,1.009e-11,1.932e-20,3.550e-17,5.192e-5,3.757e-9,1.880e-19,1.346e-21,7.596e-1,3.784e-17,5.075e-1,1.722e-17,4.045e-7,6.036e-18,1.624e-2,,2.170e-18,,,1.044e+0,,,1.366e-1,,1.458e+0,,9.142e-19,,4.734e-3,,,,1.203e-4,2.963e-16
598.32,1.197e+1,2.000e-11,7.220e-29,3.916e-43,2.062e-17,,,1.590e-18,5.453e-21,,1.461e-15,6.031e-4,1.652e-25,9.343e-18,6.226e-1,4.105e-31,3.529e-20,5.542e-25,,4.524e-18,1.265e-18,2.840e-36,7.410e+0,,1.681e-25,5.582e-19,,1.392e-11,1.932e-20,3.552e-17,4.290e-5,3.624e-9,1.880e-19,2.012e-21,7.499e-1,3.786e-17,4.988e-1,1.724e-17,5.164e-7,6.033e-18,1.378e-2,,2.167e-18,,,1.076e+0,,,1.404e-1,,1.453e+0,,9.140e-19,,4.171e-3,,,,1.510e-4,2.963e-16
598.35,1.139e+1,3.104e-11,7.151e-29,3.913e-43,2.057e-17,,,1.590e-18,5.455e-21,,1.461e-15,5.024e-4,1.637e-25,9.343e-18,5.796e-1,4.099e-31,3.533e-20,5.545e-25,,4.519e-18,1.266e-18,2.843e-36,6.854e+0,,1.682e-25,5.581e-19,,2.247e-11,1.932e-20,3.554e-17,3.210e-5,3.421e-9,1.880e-19,3.663e-21,7.326e-1,3.788e-17,4.860e-1,1.727e-17,7.419e-7,6.027e-18,1.072e-2,,2.163e-18,,,1.135e+0,,,1.467e-1,,1.440e+0,,9.136e-19,,3.436e-3,,,,2.115e-4,2.964e-16
598.37,1.101e+1,4.150e-11,7.106e-29,3.911e-43,2.054e-17,,,1.590e-18,5.456e-21,,1.461e-15,4.437e-4,1.626e-25,9.343e-18,5.512e-1,4.094e-31,3.536e-20,5.547e-25,,4.515e-18,1.266e-18,2.845e-36,6.489e+0,,1.683e-25,5.580e-19,,3.083e-11,1.932e-20,3.556e-17,2.639e-5,3.286e-9,1.880e-19,5.447e-21,7.194e-1,3.790e-17,4.775e-1,1.729e-17,9.421e-7,6.024e-18,9.050e-3,,2.161e-18,,,1.181e+0,,,1.512e-1,,1.428e+0,,9.133e-19,,3.011e-3,,,,2.640e-4,2.964e-16
598.4,1.046e+1,6.391e-11,7.037e-29,3.908e-43,2.050e-17,,,1.590e-18,5.458e-21,,1.460e-15,3.666e-4,1.611e-25,9.343e-18,5.091e-1,4.087e-31,3.540e-20,5.550e-25,,4.509e-18,1.267e-18,2.849e-36,5.955e+0,,1.684e-25,5.578e-19,,4.935e-11,1.932e-20,3.559e-17,1.959e-5,3.083e-9,1.880e-19,9.838e-21,6.973e-1,3.793e-17,4.651e-1,1.731e-17,1.343e-6,6.018e-18,6.988e-3,,2.157e-18,,,1.262e+0,,,1.584e-1,,1.404e+0,,9.129e-19,,2.460e-3,,,,3.667e-4,2.964e-16
598.42,1.011e+1,8.502e-11,6.992e-29,3.907e-43,2.046e-17,,,1.590e-18,5.459e-21,,1.460e-15,3.220e-4,1.601e-25,9.342e-18,4.815e-1,4.083e-31,3.542e-20,5.552e-25,,4.505e-18,1.267e-18,2.851e-36,5.608e+0,,1.684e-25,5.577e-19,,6.736e-11,1.933e-20,3.561e-17,1.602e-5,2.949e-9,1.881e-19,1.455e-20,6.811e-1,3.794e-17,4.571e-1,1.733e-17,1.696e-6,6.015e-18,5.865e-3,,2.154e-18,,,1.323e+0,,,1.635e-1,,1.385e+0,,9.126e-19,,2.145e-3,,,,4.553e-4,2.964e-16
598.45,9.602e+0,1.299e-10,6.924e-29,3.904e-43,2.042e-17,,,1.590e-18,5.461e-21,,1.459e-15,2.640e-4,1.585e-25,9.342e-18,4.412e-1,4.076e-31,3.546e-20,5.556e-25,,4.500e-18,1.268e-18,2.854e-36,5.105e+0,,1.686e-25,5.575e-19,,1.070e-10,1.933e-20,3.563e-17,1.181e-5,2.752e-9,1.881e-19,2.608e-20,6.548e-1,3.797e-17,4.455e-1,1.736e-17,2.399e-6,6.009e-18,4.492e-3,,2.151e-18,,,1.426e+0,,,1.713e-1,,1.351e+0,,9.122e-19,,1.738e-3,,,,6.275e-4,2.965e-16
598.47,9.282e+0,1.720e-10,6.878e-29,3.902e-43,2.039e-17,,,1.590e-18,5.462e-21,,1.459e-15,2.306e-4,1.575e-25,9.342e-18,4.151e-1,4.071e-31,3.549e-20,5.558e-25,,4.496e-18,1.268e-18,2.856e-36,4.782e+0,,1.686e-25,5.574e-19,,1.452e-10,1.933e-20,3.565e-17,9.606e-6,2.623e-9,1.881e-19,3.837e-20,6.362e-1,3.799e-17,4.381e-1,1.738e-17,3.014e-6,6.006e-18,3.751e-3,,2.148e-18,,,1.502e+0,,,1.767e-1,,1.325e+0,,9.120e-19,,1.507e-3,,,,7.751e-4,2.965e-16
598.49,8.977e+0,2.271e-10,6.832e-29,3.901e-43,2.035e-17,,,1.590e-18,5.463e-21,,1.459e-15,2.011e-4,1.565e-25,9.342e-18,3.897e-1,4.067e-31,3.552e-20,5.560e-25,,4.492e-18,1.268e-18,2.859e-36,4.470e+0,,1.687e-25,5.573e-19,,1.968e-10,1.933e-20,3.567e-17,7.799e-6,2.498e-9,1.881e-19,5.634e-20,6.168e-1,3.801e-17,4.310e-1,1.739e-17,3.779e-6,6.002e-18,3.125e-3,,2.146e-18,,,1.585e+0,,,1.822e-1,,1.297e+0,,9.117e-19,,1.304e-3,,,,9.553e-4,2.965e-16
598.52,8.550e+0,3.434e-10,6.764e-29,3.898e-43,2.031e-17,,,1.590e-18,5.465e-21,,1.458e-15,1.630e-4,1.549e-25,9.342e-18,3.531e-1,4.060e-31,3.556e-20,5.563e-25,,4.487e-18,1.269e-18,2.862e-36,4.024e+0,,1.688e-25,5.572e-19,,3.091e-10,1.933e-20,3.569e-17,5.684e-6,2.316e-9,1.881e-19,9.985e-20,5.864e-1,3.803e-17,4.210e-1,1.742e-17,5.286e-6,5.997e-18,2.366e-3,,2.142e-18,,,1.720e+0,,,1.904e-1,,1.251e+0,,9.113e-19,,1.045e-3,,,,1.302e-3,2.966e-16
598.54,8.288e+0,4.513e-10,6.718e-29,3.896e-43,2.028e-17,,,1.590e-18,5.466e-21,,1.458e-15,1.414e-4,1.539e-25,9.342e-18,3.297e-1,4.056e-31,3.558e-20,5.565e-25,,4.483e-18,1.269e-18,2.864e-36,3.741e+0,,1.689e-25,5.571e-19,,4.165e-10,1.934e-20,3.571e-17,4.591e-6,2.200e-9,1.881e-19,1.458e-19,5.655e-1,3.805e-17,4.148e-1,1.744e-17,6.593e-6,5.993e-18,1.961e-3,,2.139e-18,,,1.818e+0,,,1.958e-1,,1.218e+0,,9.110e-19,,8.993e-4,,,,1.596e-3,2.966e-16
598.57,7.927e+0,6.773e-10,6.650e-29,3.893e-43,2.023e-17,,,1.590e-18,5.468e-21,,1.458e-15,1.138e-4,1.523e-25,9.341e-18,2.963e-1,4.049e-31,3.562e-20,5.568e-25,,4.477e-18,1.270e-18,2.868e-36,3.341e+0,,1.690e-25,5.569e-19,,6.490e-10,1.934e-20,3.574e-17,3.320e-6,2.034e-9,1.882e-19,2.564e-19,5.333e-1,3.808e-17,4.062e-1,1.746e-17,9.149e-6,5.988e-18,1.473e-3,,2.135e-18,,,1.977e+0,,,2.037e-1,,1.166e+0,,9.106e-19,,7.150e-4,,,,2.158e-3,2.966e-16
598.59,7.709e+0,8.855e-10,6.605e-29,3.892e-43,2.020e-17,,,1.590e-18,5.469e-21,,1.457e-15,9.819e-5,1.513e-25,9.341e-18,2.752e-1,4.044e-31,3.565e-20,5.570e-25,,4.473e-18,1.270e-18,2.870e-36,3.090e+0,,1.691e-25,5.568e-19,,8.700e-10,1.934e-20,3.575e-17,2.668e-6,1.930e-9,1.882e-19,3.726e-19,5.115e-1,3.810e-17,4.010e-1,1.748e-17,1.135e-5,5.984e-18,1.214e-3,,2.133e-18,,,2.090e+0,,,2.089e-1,,1.129e+0,,9.104e-19,,6.120e-4,,,,2.632e-3,2.966e-16
598.62,7.418e+0,1.319e-9,6.536e-29,3.889e-43,2.015e-17,,,1.590e-18,5.471e-21,,1.457e-15,7.846e-5,1.498e-25,9.341e-18,2.454e-1,4.038e-31,3.569e-20,5.574e-25,,4.468e-18,1.271e-18,2.873e-36,2.737e+0,,1.692e-25,5.566e-19,,1.345e-9,1.934e-20,3.578e-17,1.914e-6,1.783e-9,1.882e-19,6.499e-19,4.786e-1,3.812e-17,3.940e-1,1.751e-17,1.563e-5,5.979e-18,9.047e-4,,2.129e-18,,,2.271e+0,,,2.162e-1,,1.071e+0,,9.100e-19,,4.826e-4,,,,3.530e-3,2.967e-16
598.64,7.248e+0,1.716e-9,6.491e-29,3.887e-43,2.012e-17,,,1.590e-18,5.472e-21,,1.457e-15,6.742e-5,1.487e-25,9.341e-18,2.267e-1,4.033e-31,3.572e-20,5.576e-25,,4.464e-18,1.271e-18,2.875e-36,2.518e+0,,1.693e-25,5.565e-19,,1.794e-9,1.934e-20,3.580e-17,1.530e-6,1.692e-9,1.882e-19,9.393e-19,4.566e-1,3.814e-17,3.899e-1,1.753e-17,1.929e-5,5.975e-18,7.417e-4,,2.126e-18,,,2.399e+0,,,2.208e-1,,1.032e+0,,9.097e-19,,4.109e-4,,,,4.282e-3,2.967e-16
598.67,7.028e+0,2.536e-9,6.422e-29,3.885e-43,2.007e-17,,,1.590e-18,5.474e-21,,1.456e-15,5.358e-5,1.472e-25,9.341e-18,2.005e-1,4.026e-31,3.576e-20,5.579e-25,,4.458e-18,1.272e-18,2.879e-36,2.212e+0,,1.694e-25,5.564e-19,,2.751e-9,1.935e-20,3.582e-17,1.089e-6,1.567e-9,1.882e-19,1.626e-18,4.238e-1,3.817e-17,3.847e-1,1.755e-17,2.635e-5,5.970e-18,5.483e-4,,2.122e-18,,,2.601e+0,,,2.272e-1,,9.719e-1,,9.093e-19,,3.215e-4,,,,5.698e-3,2.967e-16
598.69,6.904e+0,3.283e-9,6.377e-29,3.883e-43,2.004e-17,,,1.590e-18,5.475e-21,,1.456e-15,4.592e-5,1.462e-25,9.341e-18,1.842e-1,4.022e-31,3.578e-20,5.581e-25,,4.455e-18,1.272e-18,2.881e-36,2.024e+0,,1.695e-25,5.563e-19,,3.649e-9,1.935e-20,3.584e-17,8.662e-7,1.492e-9,1.882e-19,2.337e-18,4.022e-1,3.819e-17,3.818e-1,1.757e-17,3.235e-5,5.966e-18,4.470e-4,,2.120e-18,,,2.742e+0,,,2.310e-1,,9.312e-1,,9.090e-19,,2.722e-4,,,,6.876e-3,2.967e-16
598.72,6.753e+0,4.817e-9,6.308e-29,3.880e-43,2.000e-17,,,1.589e-18,5.477e-21,,1.456e-15,3.643e-5,1.446e-25,9.340e-18,1.616e-1,4.015e-31,3.582e-20,5.584e-25,,4.449e-18,1.273e-18,2.884e-36,1.765e+0,,1.696e-25,5.561e-19,,5.552e-9,1.935e-20,3.587e-17,6.118e-7,1.390e-9,1.883e-19,4.013e-18,3.703e-1,3.821e-17,3.783e-1,1.760e-17,4.384e-5,5.961e-18,3.278e-4,,2.116e-18,,,2.962e+0,,,2.361e-1,,8.699e-1,,9.086e-19,,2.112e-4,,,,9.077e-3,2.968e-16
598.74,6.673e+0,6.204e-9,6.263e-29,3.878e-43,1.996e-17,,,1.589e-18,5.478e-21,,1.455e-15,3.126e-5,1.436e-25,9.340e-18,1.477e-1,4.011e-31,3.585e-20,5.586e-25,,4.445e-18,1.273e-18,2.887e-36,1.606e+0,,1.696e-25,5.560e-19,,7.325e-9,1.935e-20,3.588e-17,4.840e-7,1.331e-9,1.883e-19,5.738e-18,3.495e-1,3.823e-17,3.766e-1,1.761e-17,5.355e-5,5.957e-18,2.659e-4,,2.114e-18,,,3.114e+0,,,2.391e-1,,8.290e-1,,9.084e-19,,1.779e-4,,,,1.089e-2,2.968e-16
598.77,6.585e+0,9.034e-9,6.194e-29,3.876e-43,1.992e-17,,,1.589e-18,5.480e-21,,1.455e-15,2.498e-5,1.421e-25,9.340e-18,1.286e-1,4.004e-31,3.589e-20,5.590e-25,,4.440e-18,1.273e-18,2.890e-36,1.389e+0,,1.698e-25,5.558e-19,,1.106e-8,1.935e-20,3.591e-17,3.391e-7,1.254e-9,1.883e-19,9.775e-18,3.192e-1,3.826e-17,3.748e-1,1.764e-17,7.199e-5,5.952e-18,1.934e-4,,2.110e-18,,,3.349e+0,,,2.426e-1,,7.682e-1,,9.080e-19,,1.370e-4,,,,1.427e-2,2.968e-16
598.79,6.547e+0,1.158e-8,6.149e-29,3.874e-43,1.989e-17,,,1.589e-18,5.481e-21,,1.455e-15,2.165e-5,1.410e-25,9.340e-18,1.169e-1,3.999e-31,3.592e-20,5.592e-25,,4.436e-18,1.274e-18,2.892e-36,1.257e+0,,1.698e-25,5.557e-19,,1.451e-8,1.936e-20,3.593e-17,2.669e-7,1.211e-9,1.883e-19,1.391e-17,2.997e-1,3.828e-17,3.741e-1,1.766e-17,8.747e-5,5.948e-18,1.560e-4,,2.107e-18,,,3.509e+0,,,2.444e-1,,7.282e-1,,9.077e-19,,1.148e-4,,,,1.704e-2,2.969e-16
598.82,6.515e+0,1.673e-8,6.080e-29,3.871e-43,1.984e-17,,,1.589e-18,5.483e-21,,1.454e-15,1.776e-5,1.395e-25,9.340e-18,1.009e-1,3.992e-31,3.596e-20,5.595e-25,,4.430e-18,1.274e-18,2.895e-36,1.078e+0,,1.699e-25,5.556e-19,,2.174e-8,1.936e-20,3.595e-17,1.855e-7,1.161e-9,1.883e-19,2.350e-17,2.716e-1,3.830e-17,3.738e-1,1.769e-17,1.167e-4,5.943e-18,1.126e-4,,2.103e-18,,,3.753e+0,,,2.462e-1,,6.695e-1,,9.073e-19,,8.763e-5,,,,2.214e-2,2.969e-16
598.84,6.512e+0,2.134e-8,6.035e-29,3.870e-43,1.981e-17,,,1.589e-18,5.484e-21,,1.454e-15,1.583e-5,1.384e-25,9.340e-18,9.127e-2,3.988e-31,3.598e-20,5.597e-25,,4.426e-18,1.275e-18,2.898e-36,9.710e-1,,1.700e-25,5.555e-19,,2.838e-8,1.936e-20,3.597e-17,1.452e-7,1.136e-9,1.884e-19,3.326e-17,2.536e-1,3.832e-17,3.740e-1,1.770e-17,1.410e-4,5.939e-18,9.032e-5,,2.101e-18,,,3.917e+0,,,2.468e-1,,6.312e-1,,9.070e-19,,7.302e-5,,,,2.629e-2,2.969e-16
598.86,6.520e+0,2.716e-8,5.989e-29,3.868e-43,1.978e-17,,,1.589e-18,5.485e-21,,1.454e-15,1.437e-5,1.374e-25,9.340e-18,8.236e-2,3.983e-31,3.601e-20,5.599e-25,,4.423e-18,1.275e-18,2.900e-36,8.724e-1,,1.701e-25,5.554e-19,,3.697e-8,1.936e-20,3.599e-17,1.134e-7,1.119e-9,1.884e-19,4.696e-17,2.364e-1,3.834e-17,3.746e-1,1.772e-17,1.701e-4,5.936e-18,7.231e-5,,2.098e-18,,,4.082e+0,,,2.469e-1,,5.939e-1,,9.068e-19,,6.072e-5,,,,3.115e-2,2.969e-16
598.89,6.553e+0,3.884e-8,5.921e-29,3.865e-43,1.973e-17,,,1.589e-18,5.487e-21,,1.453e-15,1.300e-5,1.359e-25,9.339e-18,7.031e-2,3.977e-31,3.605e-20,5.602e-25,,4.417e-18,1.276e-18,2.903e-36,7.400e-1,,1.702e-25,5.552e-19,,5.475e-8,1.936e-20,3.601e-17,7.799e-8,1.108e-9,1.884e-19,7.849e-17,2.118e-1,3.837e-17,3.759e-1,1.775e-17,2.244e-4,5.930e-18,5.160e-5,,2.094e-18,,,4.329e+0,,,2.461e-1,,5.399e-1,,9.064e-19,,4.585e-5,,,,4.003e-2,2.970e-16
598.91,6.587e+0,4.919e-8,5.875e-29,3.864e-43,1.970e-17,,,1.589e-18,5.488e-21,,1.453e-15,1.260e-5,1.348e-25,9.339e-18,6.311e-2,3.972e-31,3.608e-20,5.604e-25,,4.413e-18,1.276e-18,2.906e-36,6.614e-1,,1.703e-25,5.551e-19,,7.095e-8,1.937e-20,3.603e-17,6.060e-8,1.109e-9,1.884e-19,1.103e-16,1.963e-1,3.838e-17,3.770e-1,1.776e-17,2.692e-4,5.927e-18,4.109e-5,,2.092e-18,,,4.491e+0,,,2.450e-1,,5.053e-1,,9.061e-19,,3.792e-5,,,,4.718e-2,2.970e-16
598.94,6.654e+0,6.984e-8,5.807e-29,3.861e-43,1.965e-17,,,1.589e-18,5.490e-21,,1.452e-15,1.274e-5,1.333e-25,9.339e-18,5.345e-2,3.965e-31,3.612e-20,5.608e-25,,4.408e-18,1.277e-18,2.909e-36,5.565e-1,,1.704e-25,5.549e-19,,1.043e-7,1.937e-20,3.606e-17,4.133e-8,1.127e-9,1.884e-19,1.828e-16,1.745e-1,3.841e-17,3.790e-1,1.779e-17,3.524e-4,5.921e-18,2.908e-5,,2.088e-18,,,4.732e+0,,,2.423e-1,,4.556e-1,,9.057e-19,,2.840e-5,,,,6.015e-2,2.970e-16
598.96,6.706e+0,8.800e-8,5.761e-29,3.859e-43,1.962e-17,,,1.589e-18,5.491e-21,,1.452e-15,1.333e-5,1.323e-25,9.339e-18,4.771e-2,3.961e-31,3.614e-20,5.610e-25,,4.404e-18,1.277e-18,2.911e-36,4.947e-1,,1.705e-25,5.548e-19,,1.344e-7,1.937e-20,3.607e-17,3.195e-8,1.148e-9,1.884e-19,2.555e-16,1.610e-1,3.843e-17,3.805e-1,1.781e-17,4.206e-4,5.918e-18,2.303e-5,,2.085e-18,,,4.888e+0,,,2.399e-1,,4.241e-1,,9.054e-19,,2.336e-5,,,,7.052e-2,2.971e-16
598.99,6.796e+0,1.240e-7,5.693e-29,3.856e-43,1.957e-17,,,1.589e-18,5.493e-21,,1.452e-15,1.500e-5,1.307e-25,9.339e-18,4.009e-2,3.954e-31,3.618e-20,5.613e-25,,4.398e-18,1.278e-18,2.914e-36,4.130e-1,,1.706e-25,5.547e-19,,1.959e-7,1.937e-20,3.610e-17,2.162e-8,1.196e-9,1.885e-19,4.203e-16,1.420e-1,3.846e-17,3.827e-1,1.784e-17,5.462e-4,5.912e-18,1.617e-5,,2.082e-18,,,5.113e+0,,,2.354e-1,,3.794e-1,,9.050e-19,,1.736e-5,,,,8.919e-2,2.971e-16
599.01,6.860e+0,1.555e-7,5.647e-29,3.855e-43,1.954e-17,,,1.589e-18,5.494e-21,,1.451e-15,1.667e-5,1.297e-25,9.339e-18,3.560e-2,3.950e-31,3.621e-20,5.615e-25,,4.394e-18,1.278e-18,2.917e-36,3.651e-1,,1.707e-25,5.546e-19,,2.512e-7,1.937e-20,3.612e-17,1.662e-8,1.238e-9,1.885e-19,5.841e-16,1.303e-1,3.847e-17,3.842e-1,1.785e-17,6.485e-4,5.909e-18,1.274e-5,,2.079e-18,,,5.257e+0,,,2.319e-1,,3.513e-1,,9.048e-19,,1.421e-5,,,,1.040e-1,2.971e-16
599.04,6.962e+0,2.175e-7,5.579e-29,3.852e-43,1.949e-17,,,1.589e-18,5.496e-21,,1.451e-15,2.009e-5,1.282e-25,9.338e-18,2.967e-2,3.943e-31,3.625e-20,5.618e-25,,4.389e-18,1.278e-18,2.920e-36,3.023e-1,,1.708e-25,5.544e-19,,3.633e-7,1.938e-20,3.614e-17,1.116e-8,1.317e-9,1.885e-19,9.534e-16,1.141e-1,3.850e-17,3.862e-1,1.788e-17,8.356e-4,5.903e-18,8.873e-6,,2.075e-18,,,5.461e+0,,,2.258e-1,,3.118e-1,,9.044e-19,,1.047e-5,,,,1.305e-1,2.971e-16
599.06,7.031e+0,2.714e-7,5.534e-29,3.850e-43,1.946e-17,,,1.589e-18,5.497e-21,,1.451e-15,2.306e-5,1.271e-25,9.338e-18,2.620e-2,3.938e-31,3.628e-20,5.620e-25,,4.385e-18,1.279e-18,2.922e-36,2.659e-1,,1.708e-25,5.543e-19,,4.634e-7,1.938e-20,3.616e-17,8.533e-9,1.381e-9,1.885e-19,1.318e-15,1.041e-1,3.852e-17,3.874e-1,1.790e-17,9.869e-4,5.900e-18,6.953e-6,,2.073e-18,,,5.587e+0,,,2.212e-1,,2.871e-1,,9.041e-19,,8.521e-6,,,,1.514e-1,2.972e-16
599.09,7.136e+0,3.769e-7,5.465e-29,3.848e-43,1.942e-17,,,1.589e-18,5.499e-21,,1.450e-15,2.870e-5,1.256e-25,9.338e-18,2.166e-2,3.931e-31,3.632e-20,5.623e-25,,4.379e-18,1.279e-18,2.926e-36,2.184e-1,,1.710e-25,5.542e-19,,6.649e-7,1.938e-20,3.619e-17,5.683e-9,1.493e-9,1.885e-19,2.135e-15,9.056e-2,3.855e-17,3.888e-1,1.792e-17,1.262e-3,5.894e-18,4.804e-6,,2.069e-18,,,5.761e+0,,,2.137e-1,,2.528e-1,,9.037e-19,,6.231e-6,,,,1.885e-1,2.972e-16
599.11,7.206e+0,4.680e-7,5.420e-29,3.846e-43,1.939e-17,,,1.589e-18,5.500e-21,,1.450e-15,3.335e-5,1.246e-25,9.338e-18,1.903e-2,3.927e-31,3.634e-20,5.625e-25,,4.376e-18,1.280e-18,2.928e-36,1.911e-1,,1.710e-25,5.540e-19,,8.437e-7,1.938e-20,3.620e-17,4.323e-9,1.578e-9,1.885e-19,2.936e-15,8.233e-2,3.856e-17,3.893e-1,1.794e-17,1.482e-3,5.891e-18,3.744e-6,,2.066e-18,,,5.865e+0,,,2.083e-1,,2.316e-1,,9.034e-19,,5.044e-6,,,,2.175e-1,2.972e-16
599.14,7.306e+0,6.451e-7,5.351e-29,3.843e-43,1.934e-17,,,1.589e-18,5.502e-21,,1.450e-15,4.191e-5,1.230e-25,9.338e-18,1.561e-2,3.920e-31,3.638e-20,5.629e-25,,4.370e-18,1.280e-18,2.931e-36,1.557e-1,,1.711e-25,5.539e-19,,1.201e-6,1.938e-20,3.623e-17,2.856e-9,1.723e-9,1.886e-19,4.717e-15,7.117e-2,3.859e-17,3.896e-1,1.797e-17,1.880e-3,5.885e-18,2.566e-6,,2.062e-18,,,6.002e+0,,,1.996e-1,,2.022e-1,,9.030e-19,,3.658e-6,,,,2.686e-1,2.973e-16
599.16,7.371e+0,7.971e-7,5.306e-29,3.841e-43,1.931e-17,,,1.588e-18,5.503e-21,,1.449e-15,4.883e-5,1.220e-25,9.338e-18,1.364e-2,3.916e-31,3.641e-20,5.631e-25,,4.366e-18,1.281e-18,2.933e-36,1.355e-1,,1.712e-25,5.538e-19,,1.516e-6,1.939e-20,3.625e-17,2.161e-9,1.831e-9,1.886e-19,6.453e-15,6.450e-2,3.861e-17,3.893e-1,1.799e-17,2.197e-3,5.882e-18,1.989e-6,,2.060e-18,,,6.080e+0,,,1.935e-1,,1.843e-1,,9.028e-19,,2.946e-6,,,,3.083e-1,2.973e-16
599.19,7.463e+0,1.091e-6,5.237e-29,3.839e-43,1.926e-17,,,1.588e-18,5.505e-21,,1.449e-15,6.133e-5,1.204e-25,9.337e-18,1.110e-2,3.909e-31,3.645e-20,5.634e-25,,4.361e-18,1.281e-18,2.937e-36,1.095e-1,,1.713e-25,5.536e-19,,2.140e-6,1.939e-20,3.627e-17,1.417e-9,2.010e-9,1.886e-19,1.028e-14,5.557e-2,3.864e-17,3.882e-1,1.801e-17,2.765e-3,5.876e-18,1.352e-6,,2.056e-18,,,6.175e+0,,,1.840e-1,,1.596e-1,,9.024e-19,,2.119e-6,,,,3.776e-1,2.973e-16
599.21,7.521e+0,1.341e-6,5.192e-29,3.837e-43,1.923e-17,,,1.588e-18,5.506e-21,,1.449e-15,7.129e-5,1.194e-25,9.337e-18,9.646e-3,3.904e-31,3.648e-20,5.636e-25,,4.357e-18,1.282e-18,2.939e-36,9.478e-2,,1.714e-25,5.535e-19,,2.687e-6,1.939e-20,3.629e-17,1.066e-9,2.140e-9,1.886e-19,1.400e-14,5.030e-2,3.865e-17,3.869e-1,1.803e-17,3.215e-3,5.873e-18,1.043e-6,,2.053e-18,,,6.223e+0,,,1.774e-1,,1.447e-1,,9.021e-19,,1.697e-6,,,,4.312e-1,2.973e-16
599.24,7.603e+0,1.822e-6,5.123e-29,3.834e-43,1.918e-17,,,1.588e-18,5.508e-21,,1.448e-15,8.911e-5,1.179e-25,9.337e-18,7.785e-3,3.898e-31,3.652e-20,5.639e-25,,4.351e-18,1.282e-18,2.942e-36,7.600e-2,,1.715e-25,5.534e-19,,3.765e-6,1.939e-20,3.632e-17,6.932e-10,2.352e-9,1.886e-19,2.213e-14,4.339e-2,3.868e-17,3.842e-1,1.806e-17,4.014e-3,5.867e-18,7.031e-7,,2.050e-18,,,6.272e+0,,,1.673e-1,,1.243e-1,,9.017e-19,,1.211e-6,,,,5.240e-1,2.974e-16
599.26,7.654e+0,2.230e-6,5.078e-29,3.833e-43,1.915e-17,,,1.588e-18,5.509e-21,,1.448e-15,1.032e-4,1.168e-25,9.337e-18,6.730e-3,3.893e-31,3.654e-20,5.641e-25,,4.347e-18,1.282e-18,2.945e-36,6.542e-2,,1.716e-25,5.533e-19,,4.702e-6,1.939e-20,3.633e-17,5.190e-10,2.504e-9,1.886e-19,2.996e-14,3.940e-2,3.870e-17,3.818e-1,1.807e-17,4.642e-3,5.864e-18,5.393e-7,,2.047e-18,,,6.288e+0,,,1.605e-1,,1.121e-1,,9.014e-19,,9.650e-7,,,,5.952e-1,2.974e-16
599.28,7.703e+0,2.723e-6,5.032e-29,3.831e-43,1.912e-17,,,1.588e-18,5.510e-21,,1.448e-15,1.192e-4,1.158e-25,9.337e-18,5.806e-3,3.889e-31,3.657e-20,5.643e-25,,4.344e-18,1.283e-18,2.947e-36,5.620e-2,,1.717e-25,5.532e-19,,5.859e-6,1.939e-20,3.635e-17,3.876e-10,2.665e-9,1.887e-19,4.048e-14,3.589e-2,3.872e-17,3.789e-1,1.809e-17,5.357e-3,5.860e-18,4.127e-7,,2.044e-18,,,6.292e+0,,,1.536e-1,,1.008e-1,,9.012e-19,,7.670e-7,,,,6.746e-1,2.974e-16
599.31,7.774e+0,3.661e-6,4.964e-29,3.828e-43,1.907e-17,,,1.588e-18,5.512e-21,,1.447e-15,1.476e-4,1.143e-25,9.337e-18,4.634e-3,3.882e-31,3.661e-20,5.647e-25,,4.338e-18,1.283e-18,2.950e-36,4.456e-2,,1.718e-25,5.530e-19,,8.118e-6,1.940e-20,3.638e-17,2.493e-10,2.921e-9,1.887e-19,6.330e-14,3.149e-2,3.874e-17,3.737e-1,1.812e-17,6.616e-3,5.855e-18,2.752e-7,,2.041e-18,,,6.273e+0,,,1.433e-1,,8.569e-2,,9.008e-19,,5.413e-7,,,,8.108e-1,2.974e-16
599.33,7.819e+0,4.450e-6,4.918e-29,3.826e-43,1.904e-17,,,1.588e-18,5.513e-21,,1.447e-15,1.697e-4,1.132e-25,9.337e-18,3.976e-3,3.877e-31,3.664e-20,5.649e-25,,4.334e-18,1.284e-18,2.952e-36,3.807e-2,,1.719e-25,5.529e-19,,1.006e-5,1.940e-20,3.640e-17,1.852e-10,3.101e-9,1.887e-19,8.506e-14,2.912e-2,3.876e-17,3.697e-1,1.814e-17,7.595e-3,5.851e-18,2.095e-7,,2.038e-18,,,6.243e+0,,,1.364e-1,,7.668e-2,,9.005e-19,,4.280e-7,,,,9.141e-1,2.975e-16
599.36,7.888e+0,5.941e-6,4.850e-29,3.824e-43,1.899e-17,,,1.588e-18,5.515e-21,,1.446e-15,2.085e-4,1.117e-25,9.336e-18,3.148e-3,3.871e-31,3.668e-20,5.652e-25,,4.329e-18,1.284e-18,2.956e-36,2.995e-2,,1.720e-25,5.527e-19,,1.383e-5,1.940e-20,3.642e-17,1.181e-10,3.385e-9,1.887e-19,1.320e-13,2.637e-2,3.879e-17,3.630e-1,1.816e-17,9.306e-3,5.846e-18,1.386e-7,,2.034e-18,,,6.176e+0,,,1.263e-1,,6.464e-2,,9.001e-19,,2.996e-7,,,,1.090e+0,2.975e-16
599.38,7.936e+0,7.185e-6,4.804e-29,3.822e-43,1.896e-17,,,1.588e-18,5.516e-21,,1.446e-15,2.386e-4,1.107e-25,9.336e-18,2.687e-3,3.866e-31,3.670e-20,5.654e-25,,4.325e-18,1.285e-18,2.958e-36,2.545e-2,,1.720e-25,5.526e-19,,1.706e-5,1.940e-20,3.644e-17,8.731e-11,3.582e-9,1.887e-19,1.764e-13,2.508e-2,3.881e-17,3.580e-1,1.818e-17,1.063e-2,5.842e-18,1.049e-7,,2.032e-18,,,6.115e+0,,,1.196e-1,,5.753e-2,,8.998e-19,,2.356e-7,,,,1.222e+0,2.975e-16
599.41,8.014e+0,9.523e-6,4.736e-29,3.819e-43,1.892e-17,,,1.588e-18,5.518e-21,,1.446e-15,2.908e-4,1.091e-25,9.336e-18,2.110e-3,3.859e-31,3.674e-20,5.657e-25,,4.319e-18,1.285e-18,2.961e-36,1.986e-2,,1.722e-25,5.525e-19,,2.326e-5,1.940e-20,3.646e-17,5.525e-11,3.889e-9,1.887e-19,2.716e-13,2.394e-2,3.883e-17,3.498e-1,1.821e-17,1.292e-2,5.837e-18,6.890e-8,,2.028e-18,,,6.001e+0,,,1.098e-1,,4.812e-2,,8.994e-19,,1.636e-7,,,,1.446e+0,2.976e-16
599.43,8.071e+0,1.146e-5,4.690e-29,3.818e-43,1.888e-17,,,1.588e-18,5.519e-21,,1.445e-15,3.309e-4,1.081e-25,9.336e-18,1.791e-3,3.855e-31,3.677e-20,5.659e-25,,4.315e-18,1.286e-18,2.964e-36,1.679e-2,,1.722e-25,5.524e-19,,2.853e-5,1.941e-20,3.648e-17,4.062e-11,4.100e-9,1.888e-19,3.611e-13,2.373e-2,3.885e-17,3.440e-1,1.822e-17,1.468e-2,5.833e-18,5.192e-8,,2.025e-18,,,5.911e+0,,,1.034e-1,,4.260e-2,,8.992e-19,,1.280e-7,,,,1.613e+0,2.976e-16
599.46,8.169e+0,1.508e-5,4.622e-29,3.815e-43,1.884e-17,,,1.588e-18,5.521e-21,,1.445e-15,4.002e-4,1.065e-25,9.336e-18,1.396e-3,3.848e-31,3.681e-20,5.663e-25,,4.310e-18,1.286e-18,2.967e-36,1.300e-2,,1.723e-25,5.522e-19,,3.860e-5,1.941e-20,3.651e-17,2.550e-11,4.423e-9,1.888e-19,5.514e-13,2.425e-2,3.888e-17,3.349e-1,1.825e-17,1.771e-2,5.828e-18,3.388e-8,,2.021e-18,,,5.755e+0,,,9.415e-2,,3.534e-2,,8.988e-19,,8.817e-8,,,,1.892e+0,2.976e-16
599.48,8.245e+0,1.807e-5,4.576e-29,3.813e-43,1.881e-17,,,1.588e-18,5.522e-21,,1.445e-15,4.531e-4,1.055e-25,9.336e-18,1.179e-3,3.843e-31,3.684e-20,5.665e-25,,4.306e-18,1.287e-18,2.969e-36,1.093e-2,,1.724e-25,5.521e-19,,4.710e-5,1.941e-20,3.653e-17,1.864e-11,4.643e-9,1.888e-19,7.294e-13,2.518e-2,3.890e-17,3.286e-1,1.827e-17,2.001e-2,8.826e-18,2.547e-8,,2.019e-18,,,5.639e+0,,,8.821e-2,,3.112e-2,,8.985e-19,,6.859e-8,,,,2.100e+0,2.976e-16
599.51,8.378e+0,2.360e-5,4.508e-29,3.811e-43,1.876e-17,,,1.588e-18,5.524e-21,,1.444e-15,5.436e-4,1.040e-25,9.335e-18,9.108e-4,3.837e-31,3.688e-20,5.668e-25,,4.300e-18,1.287e-18,2.973e-36,8.390e-3,,1.725e-25,5.519e-19,,6.322e-5,1.941e-20,3.655e-17,1.161e-11,4.977e-9,1.888e-19,1.105e-12,2.751e-2,3.892e-17,3.190e-1,1.830e-17,2.395e-2,1.638e-17,1.663e-8,,2.015e-18,,,5.448e+0,,,7.969e-2,,2.561e-2,,8.981e-19,,4.688e-8,,,,2.445e+0,2.977e-16
599.53,8.482e+0,2.814e-5,4.462e-29,3.809e-43,1.873e-17,,,1.588e-18,5.525e-21,,1.444e-15,6.121e-4,1.029e-25,9.335e-18,7.650e-4,3.832e-31,3.690e-20,5.670e-25,,4.297e-18,1.287e-18,2.975e-36,7.017e-3,,1.726e-25,5.518e-19,,7.673e-5,1.941e-20,3.657e-17,8.444e-12,5.200e-9,1.888e-19,1.454e-12,2.973e-2,3.894e-17,3.126e-1,1.831e-17,2.693e-2,2.468e-17,1.259e-8,,2.013e-18,,,5.310e+0,,,7.427e-2,,2.243e-2,,8.978e-19,,3.627e-8,,,,2.698e+0,2.977e-16
599.56,8.666e+0,3.650e-5,4.394e-29,3.806e-43,1.868e-17,,,1.588e-18,5.527e-21,,1.443e-15,7.286e-4,1.014e-25,9.335e-18,5.865e-4,3.825e-31,3.694e-20,5.673e-25,,4.291e-18,1.288e-18,2.978e-36,5.345e-3,,1.727e-25,5.517e-19,,1.022e-4,1.942e-20,3.660e-17,5.216e-12,5.534e-9,1.889e-19,2.186e-12,3.416e-2,3.897e-17,3.032e-1,1.834e-17,3.197e-2,4.546e-17,8.489e-9,,2.009e-18,,,5.089e+0,,,6.656e-2,,1.831e-2,,8.974e-19,,2.459e-8,,,,3.116e+0,2.977e-16
599.58,8.809e+0,4.331e-5,4.349e-29,3.804e-43,1.865e-17,,,1.587e-18,5.528e-21,,1.443e-15,8.161e-4,1.004e-25,9.335e-18,4.900e-4,3.821e-31,3.697e-20,5.675e-25,,4.287e-18,1.288e-18,2.980e-36,4.446e-3,,1.728e-25,5.516e-19,,1.234e-4,1.942e-20,3.661e-17,3.773e-12,5.754e-9,1.889e-19,2.861e-12,3.790e-2,3.899e-17,2.971e-1,1.836e-17,3.576e-2,7.130e-17,6.734e-9,,2.006e-18,,,4.934e+0,,,6.171e-2,,1.595e-2,,8.971e-19,,1.893e-8,,,,3.421e+0,2.978e-16
599.61,9.059e+0,5.577e-5,4.280e-29,3.802e-43,1.860e-17,,,1.587e-18,5.530e-21,,1.443e-15,9.637e-4,9.883e-26,9.335e-18,3.727e-4,3.814e-31,3.701e-20,5.678e-25,,4.281e-18,1.289e-18,2.984e-36,3.360e-3,,1.729e-25,5.514e-19,,1.630e-4,1.942e-20,3.664e-17,2.312e-12,6.079e-9,1.889e-19,4.266e-12,4.482e-2,3.901e-17,2.884e-1,1.838e-17,4.214e-2,1.304e-16,5.209e-9,,2.002e-18,,,4.691e+0,,,5.486e-2,,1.292e-2,,8.967e-19,,1.273e-8,,,,3.920e+0,2.978e-16
599.63,9.252e+0,6.586e-5,4.235e-29,3.800e-43,1.857e-17,,,1.587e-18,5.531e-21,,1.442e-15,1.074e-3,9.780e-26,9.335e-18,3.097e-4,3.810e-31,3.704e-20,5.681e-25,,4.278e-18,1.289e-18,2.986e-36,2.780e-3,,1.730e-25,5.513e-19,,1.957e-4,1.942e-20,3.666e-17,1.664e-12,6.290e-9,1.889e-19,5.554e-12,5.041e-2,3.903e-17,2.831e-1,1.840e-17,4.688e-2,1.945e-16,4.808e-9,,2.000e-18,,,4.524e+0,,,5.059e-2,,1.120e-2,,8.965e-19,,9.744e-9,,,,4.281e+0,2.978e-16
599.65,9.467e+0,7.762e-5,4.189e-29,3.798e-43,1.854e-17,,,1.587e-18,5.532e-21,,1.442e-15,1.194e-3,9.677e-26,9.335e-18,2.568e-4,3.805e-31,3.706e-20,5.683e-25,,4.274e-18,1.290e-18,2.988e-36,2.295e-3,,1.731e-25,5.512e-19,,2.345e-4,1.942e-20,3.667e-17,1.195e-12,6.495e-9,1.889e-19,7.216e-12,5.684e-2,3.905e-17,2.782e-1,1.842e-17,5.206e-2,2.896e-16,4.855e-9,,1.997e-18,,,4.354e+0,,,4.655e-2,,9.682e-3,,8.962e-19,,7.443e-9,,,,4.665e+0,2.978e-16
599.68,9.834e+0,9.896e-5,4.121e-29,3.796e-43,1.849e-17,,,1.587e-18,5.534e-21,,1.442e-15,1.394e-3,9.523e-26,9.334e-18,1.931e-4,3.798e-31,3.710e-20,5.686e-25,,4.268e-18,1.290e-18,2.992e-36,1.715e-3,,1.732e-25,5.510e-19,,3.064e-4,1.943e-20,3.670e-17,7.239e-13,6.790e-9,1.889e-19,1.064e-11,6.825e-2,3.908e-17,2.720e-1,1.845e-17,6.067e-2,5.238e-16,5.787e-9,,1.993e-18,,,4.095e+0,,,4.092e-2,,7.754e-3,,8.958e-19,,4.950e-9,,,,5.286e+0,2.979e-16
599.7,1.011e+1,1.161e-4,4.075e-29,3.794e-43,1.846e-17,,,1.587e-18,5.535e-21,,1.441e-15,1.542e-3,9.420e-26,9.334e-18,1.593e-4,3.794e-31,3.713e-20,5.688e-25,,4.265e-18,1.291e-18,2.994e-36,1.408e-3,,1.732e-25,5.509e-19,,3.653e-4,1.943e-20,3.672e-17,5.170e-13,6.976e-9,1.889e-19,1.375e-11,7.716e-2,3.909e-17,2.686e-1,1.846e-17,6.701e-2,7.757e-16,7.061e-9,,1.991e-18,,,3.920e+0,,,3.745e-2,,6.669e-3,,8.955e-19,,3.761e-9,,,,5.730e+0,2.979e-16
599.73,1.058e+1,1.470e-4,4.007e-29,3.791e-43,1.842e-17,,,1.587e-18,5.537e-21,,1.441e-15,1.787e-3,9.265e-26,9.334e-18,1.188e-4,3.787e-31,3.717e-20,5.691e-25,,4.259e-18,1.291e-18,2.997e-36,1.044e-3,,1.734e-25,5.508e-19,,4.735e-4,1.943e-20,3.674e-17,3.108e-13,7.236e-9,1.890e-19,2.013e-11,9.268e-2,3.912e-17,2.649e-1,1.849e-17,7.750e-2,1.392e-15,1.022e-8,,1.987e-18,,,3.658e+0,,,3.266e-2,,5.299e-3,,8.951e-19,,2.481e-9,,,,6.441e+0,2.979e-16
599.75,1.092e+1,1.716e-4,3.961e-29,3.789e-43,1.838e-17,,,1.587e-18,5.538e-21,,1.441e-15,1.965e-3,9.162e-26,9.334e-18,9.748e-5,3.782e-31,3.720e-20,5.693e-25,,4.255e-18,1.292e-18,2.999e-36,8.527e-4,,1.734e-25,5.507e-19,,5.615e-4,1.943e-20,3.676e-17,2.207e-13,7.396e-9,1.890e-19,2.587e-11,1.046e-1,3.914e-17,2.634e-1,1.851e-17,8.516e-2,2.051e-15,1.342e-8,,1.984e-18,,,3.484e+0,,,2.974e-2,,4.533e-3,,8.949e-19,,1.875e-9,,,,6.945e+0,2.979e-16
599.78,1.149e+1,2.156e-4,3.893e-29,3.787e-43,1.834e-17,,,1.587e-18,5.540e-21,,1.440e-15,2.259e-3,9.008e-26,9.334e-18,7.214e-5,3.776e-31,3.724e-20,5.696e-25,,4.250e-18,1.292e-18,3.003e-36,6.270e-4,,1.735e-25,5.505e-19,,7.221e-4,1.943e-20,3.679e-17,1.316e-13,7.613e-9,1.890e-19,3.756e-11,1.252e-1,3.917e-17,2.630e-1,1.853e-17,9.772e-2,3.652e-15,2.052e-8,,1.981e-18,,,3.226e+0,,,2.573e-2,,3.573e-3,,8.945e-19,,1.227e-9,,,,7.745e+0,2.980e-16
599.8,1.191e+1,2.505e-4,3.847e-29,3.785e-43,1.831e-17,,,1.587e-18,5.541e-21,,1.440e-15,2.472e-3,8.905e-26,9.334e-18,5.887e-5,3.771e-31,3.726e-20,5.699e-25,,4.246e-18,1.292e-18,3.005e-36,5.094e-4,,1.736e-25,5.504e-19,,8.517e-4,1.944e-20,3.680e-17,9.300e-14,7.741e-9,1.890e-19,4.803e-11,1.409e-1,3.918e-17,2.640e-1,1.855e-17,1.068e-1,5.352e-15,2.735e-8,,1.978e-18,,,3.057e+0,,,2.330e-2,,3.040e-3,,8.942e-19,,9.222e-10,,,,8.307e+0,2.980e-16
599.83,1.258e+1,3.127e-4,3.779e-29,3.782e-43,1.826e-17,,,1.587e-18,5.543e-21,,1.440e-15,2.819e-3,8.751e-26,9.333e-18,4.322e-5,3.764e-31,3.730e-20,5.702e-25,,4.240e-18,1.293e-18,3.008e-36,3.716e-4,,1.737e-25,5.502e-19,,1.087e-3,1.944e-20,3.683e-17,5.501e-14,7.906e-9,1.890e-19,6.918e-11,1.676e-1,3.921e-17,2.676e-1,1.858e-17,1.216e-1,9.456e-15,4.209e-8,,1.974e-18,,,2.809e+0,,,2.000e-2,,2.377e-3,,8.938e-19,,5.986e-10,,,,9.191e+0,2.980e-16
599.85,1.307e+1,3.616e-4,5.720e-29,3.781e-43,1.823e-17,,,1.587e-18,5.544e-21,,1.439e-15,3.068e-3,8.648e-26,9.333e-18,3.508e-5,3.760e-31,3.733e-20,5.704e-25,,4.236e-18,1.293e-18,3.011e-36,3.003e-4,,1.738e-25,5.501e-19,,1.275e-3,1.944e-20,3.685e-17,3.866e-14,7.997e-9,1.891e-19,8.800e-11,1.878e-1,3.923e-17,2.714e-1,1.860e-17,1.323e-1,1.378e-14,5.605e-8,,1.972e-18,,,2.648e+0,,,1.801e-2,,2.012e-3,,8.935e-19,,4.476e-10,,,,9.805e+0,2.981e-16
599.88,1.385e+1,4.481e-4,1.061e-28,3.778e-43,1.818e-17,,,1.587e-18,5.546e-21,,1.439e-15,3.471e-3,8.493e-26,9.333e-18,2.555e-5,3.753e-31,3.737e-20,5.707e-25,,4.231e-18,1.294e-18,3.014e-36,2.173e-4,,1.739e-25,5.500e-19,,1.614e-3,1.944e-20,3.687e-17,2.269e-14,8.104e-9,1.891e-19,1.257e-10,2.218e-1,3.926e-17,2.794e-1,1.862e-17,1.495e-1,2.417e-14,8.588e-8,,1.968e-18,,,2.416e+0,,,1.534e-2,,1.560e-3,,8.931e-19,,2.882e-10,,,,1.076e+1,2.981e-16
599.9,1.440e+1,5.157e-4,1.598e-28,3.776e-43,1.815e-17,,,1.587e-18,5.547e-21,,1.439e-15,3.758e-3,8.391e-26,9.333e-18,2.062e-5,3.749e-31,3.740e-20,5.709e-25,,4.227e-18,1.294e-18,3.016e-36,1.747e-4,,1.740e-25,5.499e-19,,1.884e-3,1.944e-20,3.689e-17,1.586e-14,8.154e-9,1.891e-19,1.591e-10,2.473e-1,3.927e-17,2.864e-1,1.864e-17,1.618e-1,3.504e-14,1.139e-7,,1.965e-18,,,2.267e+0,,,1.374e-2,,1.314e-3,,8.929e-19,,2.143e-10,,,,1.142e+1,2.981e-16
599.93,1.528e+1,6.345e-4,2.940e-28,3.774e-43,1.810e-17,,,1.587e-18,5.549e-21,,1.438e-15,4.218e-3,8.236e-26,9.333e-18,1.490e-5,3.742e-31,3.744e-20,5.712e-25,,4.221e-18,1.295e-18,3.019e-36,1.254e-4,,1.741e-25,5.497e-19,,2.365e-3,1.945e-20,3.692e-17,9.230e-15,8.198e-9,1.891e-19,2.256e-10,2.900e-1,3.930e-17,2.993e-1,1.867e-17,1.814e-1,6.095e-14,1.732e-7,,1.961e-18,,,2.054e+0,,,1.161e-2,,1.011e-3,,8.925e-19,,1.369e-10,,,,1.244e+1,2.981e-16
599.95,1.589e+1,7.269e-4,4.404e-28,3.772e-43,1.807e-17,,,1.587e-18,5.550e-21,,1.438e-15,4.543e-3,8.133e-26,9.333e-18,1.196e-5,3.737e-31,3.746e-20,5.714e-25,,4.218e-18,1.295e-18,3.022e-36,1.002e-4,,1.742e-25,5.496e-19,,2.746e-3,1.945e-20,3.693e-17,6.417e-15,8.206e-9,1.891e-19,2.839e-10,3.216e-1,3.932e-17,3.097e-1,1.869e-17,1.953e-1,8.793e-14,2.285e-7,,1.959e-18,,,1.919e+0,,,1.034e-2,,8.465e-4,,8.922e-19,,1.013e-10,,,,1.313e+1,2.982e-16
599.98,1.685e+1,8.880e-4,8.042e-28,3.769e-43,1.802e-17,,,1.587e-18,5.552e-21,,1.437e-15,5.057e-3,7.979e-26,9.332e-18,8.575e-6,3.731e-31,3.750e-20,5.718e-25,,4.212e-18,1.296e-18,3.025e-36,7.138e-5,,1.743e-25,5.495e-19,,3.421e-3,1.945e-20,3.696e-17,3.705e-15,8.185e-9,1.891e-19,3.993e-10,3.743e-1,3.935e-17,3.278e-1,1.871e-17,2.173e-1,1.517e-13,3.449e-7,,1.955e-18,,,1.728e+0,,,8.666e-3,,6.461e-4,,8.918e-19,,6.416e-11,,,,1.418e+1,2.982e-16
600,1.751e+1,1.012e-3,1.198e-27,3.767e-43,1.799e-17,,,1.587e-18,5.553e-21,,1.437e-15,5.418e-3,7.876e-26,9.332e-18,6.849e-6,3.726e-31,3.753e-20,5.720e-25,,4.208e-18,1.296e-18,3.027e-36,5.677e-5,,1.744e-25,5.493e-19,,3.951e-3,1.945e-20,3.698e-17,2.563e-15,8.149e-9,1.892e-19,5.000e-10,4.130e-1,3.936e-17,3.417e-1,1.873e-17,2.327e-1,2.178e-13,4.527e-7,,1.952e-18,,,1.608e+0,,,7.682e-3,,5.381e-4,,8.915e-19,,4.720e-11,,,,1.489e+1,2.982e-16
600.02,1.818e+1,1.152e-3,1.782e-27,3.766e-43,1.796e-17,,,1.586e-18,5.554e-21,,1.437e-15,5.793e-3,7.773e-26,9.332e-18,5.458e-6,3.721e-31,3.756e-20,5.722e-25,,4.204e-18,1.296e-18,3.030e-36,4.505e-5,,1.744e-25,5.492e-19,,4.553e-3,1.945e-20,3.699e-17,1.768e-15,8.097e-9,1.892e-19,6.247e-10,4.548e-1,3.938e-17,3.570e-1,1.875e-17,2.488e-1,3.118e-13,5.928e-7,,1.950e-18,,,1.495e+0,,,6.795e-3,,4.473e-4,,8.913e-19,,3.466e-11,,,,1.560e+1,2.982e-16
600.05,1.921e+1,1.394e-3,3.218e-27,3.763e-43,1.792e-17,,,1.586e-18,5.556e-21,,1.436e-15,6.378e-3,7.619e-26,9.332e-18,3.868e-6,3.715e-31,3.760e-20,5.725e-25,,4.199e-18,1.297e-18,3.033e-36,3.172e-5,,1.746e-25,5.491e-19,,5.611e-3,1.946e-20,3.702e-17,1.010e-15,7.987e-9,1.892e-19,8.689e-10,5.234e-1,3.941e-17,3.825e-1,1.877e-17,2.739e-1,5.323e-13,8.850e-7,,1.946e-18,,,1.338e+0,,,5.630e-3,,3.376e-4,,8.909e-19,,2.171e-11,,,,1.667e+1,2.983e-16
600.07,1.990e+1,1.578e-3,4.759e-27,3.761e-43,1.788e-17,,,1.586e-18,5.557e-21,,1.436e-15,6.783e-3,7.516e-26,9.332e-18,3.067e-6,3.710e-31,3.762e-20,5.727e-25,,4.195e-18,1.297e-18,3.035e-36,2.504e-5,,1.746e-25,5.490e-19,,6.432e-3,1.946e-20,3.704e-17,6.930e-16,7.893e-9,1.892e-19,1.080e-9,5.733e-1,3.943e-17,4.013e-1,1.879e-17,2.914e-1,7.583e-13,1.153e-6,,1.943e-18,,,1.241e+0,,,4.954e-3,,2.791e-4,,8.906e-19,,1.586e-11,,,,1.737e+1,2.983e-16
600.1,2.095e+1,1.896e-3,8.528e-27,3.759e-43,1.784e-17,,,1.586e-18,5.559e-21,,1.436e-15,7.409e-3,7.361e-26,9.332e-18,2.156e-6,3.703e-31,3.766e-20,5.730e-25,,4.189e-18,1.298e-18,3.038e-36,1.749e-5,,1.747e-25,5.488e-19,,7.863e-3,1.946e-20,3.706e-17,3.925e-16,7.725e-9,1.892e-19,1.490e-9,6.547e-1,3.945e-17,4.318e-1,1.882e-17,3.184e-1,1.284e-12,1.708e-6,,1.940e-18,,,1.108e+0,,,4.072e-3,,2.090e-4,,8.902e-19,,9.854e-12,,,,1.841e+1,2.983e-16
600.12,2.164e+1,2.137e-3,1.255e-26,3.757e-43,1.781e-17,,,1.586e-18,5.560e-21,,1.435e-15,7.837e-3,7.259e-26,9.332e-18,1.700e-6,3.699e-31,3.769e-20,5.732e-25,,4.186e-18,1.298e-18,3.041e-36,1.373e-5,,1.748e-25,5.487e-19,,8.967e-3,1.946e-20,3.708e-17,2.675e-16,7.594e-9,1.892e-19,1.843e-9,7.133e-1,3.947e-17,4.538e-1,1.884e-17,3.370e-1,1.820e-12,2.213e-6,,1.937e-18,,,1.028e+0,,,3.563e-3,,1.718e-4,,8.899e-19,,7.157e-12,,,,1.909e+1,2.984e-16
600.15,2.268e+1,2.549e-3,2.231e-26,3.754e-43,1.776e-17,,,1.586e-18,5.562e-21,,1.435e-15,8.493e-3,7.104e-26,9.331e-18,1.185e-6,3.692e-31,3.773e-20,5.736e-25,,4.180e-18,1.299e-18,3.044e-36,9.514e-6,,1.749e-25,5.486e-19,,1.088e-2,1.946e-20,3.711e-17,1.503e-16,7.373e-9,1.893e-19,2.523e-9,8.081e-1,3.950e-17,4.890e-1,1.886e-17,3.656e-1,3.058e-12,3.252e-6,,1.933e-18,,,9.199e-1,,,2.906e-3,,1.276e-4,,8.895e-19,,4.413e-12,,,,2.007e+1,2.984e-16
600.17,2.335e+1,2.860e-3,3.265e-26,3.752e-43,1.773e-17,,,1.586e-18,5.563e-21,,1.435e-15,8.936e-3,7.001e-26,9.331e-18,9.298e-7,3.688e-31,3.776e-20,5.738e-25,,4.176e-18,1.299e-18,3.046e-36,7.430e-6,,1.750e-25,5.485e-19,,1.234e-2,1.947e-20,3.713e-17,1.021e-16,7.210e-9,1.893e-19,3.102e-9,8.758e-1,3.952e-17,5.139e-1,1.888e-17,3.850e-1,4.312e-12,4.192e-6,,1.931e-18,,,8.557e-1,,,2.529e-3,,1.044e-4,,8.893e-19,,3.188e-12,,,,2.070e+1,2.984e-16
600.2,2.434e+1,3.386e-3,5.759e-26,3.750e-43,1.768e-17,,,1.586e-18,5.565e-21,,1.434e-15,9.607e-3,6.847e-26,9.331e-18,6.432e-7,3.681e-31,3.780e-20,5.741e-25,,4.170e-18,1.300e-18,3.050e-36,5.107e-6,,1.751e-25,5.483e-19,,1.485e-2,1.947e-20,3.715e-17,5.689e-17,6.945e-9,1.893e-19,4.214e-9,9.843e-1,3.954e-17,5.530e-1,1.891e-17,4.146e-1,7.189e-12,6.111e-6,,1.927e-18,,,7.713e-1,,,2.046e-3,,7.692e-5,,8.889e-19,,1.950e-12,,,,2.159e+1,2.985e-16
600.22,2.498e+1,3.781e-3,8.385e-26,3.748e-43,1.765e-17,,,1.586e-18,5.566e-21,,1.434e-15,1.005e-2,6.744e-26,9.331e-18,5.018e-7,3.676e-31,3.782e-20,5.743e-25,,4.167e-18,1.300e-18,3.052e-36,3.967e-6,,1.752e-25,5.482e-19,,1.675e-2,1.947e-20,3.717e-17,3.843e-17,6.755e-9,1.893e-19,5.156e-9,1.061e+0,3.956e-17,5.802e-1,1.892e-17,4.345e-1,1.008e-11,7.836e-6,,1.924e-18,,,7.226e-1,,,1.772e-3,,6.258e-5,,8.886e-19,,1.401e-12,,,,2.215e+1,2.985e-16
600.25,2.588e+1,4.446e-3,1.467e-25,3.745e-43,1.760e-17,,,1.586e-18,5.568e-21,,1.434e-15,1.072e-2,6.590e-26,9.331e-18,3.444e-7,3.670e-31,3.786e-20,5.746e-25,,4.161e-18,1.301e-18,3.055e-36,2.705e-6,,1.753e-25,5.480e-19,,2.000e-2,1.947e-20,3.719e-17,2.125e-17,6.455e-9,1.893e-19,6.948e-9,1.183e+0,3.959e-17,6.223e-1,1.895e-17,4.646e-1,1.668e-11,1.133e-5,,1.920e-18,,,6.608e-1,,,1.422e-3,,4.574e-5,,8.882e-19,,8.499e-13,,,,2.292e+1,2.985e-16
600.27,2.645e+1,4.942e-3,2.125e-25,3.744e-43,1.757e-17,,,1.586e-18,5.569e-21,,1.433e-15,1.117e-2,6.487e-26,9.331e-18,2.672e-7,3.665e-31,3.789e-20,5.748e-25,,4.157e-18,1.301e-18,3.057e-36,2.090e-6,,1.754e-25,5.479e-19,,2.245e-2,1.947e-20,3.721e-17,1.427e-17,6.246e-9,1.893e-19,8.455e-9,1.269e+0,3.961e-17,6.511e-1,1.897e-17,4.846e-1,2.327e-11,1.446e-5,,1.918e-18,,,6.268e-1,,,1.225e-3,,3.702e-5,,8.879e-19,,6.075e-13,,,,2.338e+1,2.985e-16
600.3,2.725e+1,5.770e-3,3.690e-25,3.741e-43,1.752e-17,,,1.586e-18,5.571e-21,,1.433e-15,1.181e-2,6.332e-26,9.330e-18,1.819e-7,3.658e-31,3.793e-20,5.751e-25,,4.152e-18,1.302e-18,3.061e-36,1.414e-6,,1.755e-25,5.478e-19,,2.660e-2,1.948e-20,3.724e-17,7.828e-18,5.921e-9,1.894e-19,1.130e-8,1.404e+0,3.963e-17,6.952e-1,1.899e-17,5.144e-1,3.819e-11,2.075e-5,,1.914e-18,,,5.863e-1,,,9.749e-4,,2.684e-5,,8.875e-19,,3.656e-13,,,,2.401e+1,2.986e-16
600.32,2.774e+1,6.382e-3,5.317e-25,3.739e-43,1.749e-17,,,1.586e-18,5.572e-21,,1.433e-15,1.223e-2,6.229e-26,9.330e-18,1.404e-7,3.654e-31,3.796e-20,5.754e-25,,4.148e-18,1.302e-18,3.063e-36,1.086e-6,,1.756e-25,5.477e-19,,2.970e-2,1.948e-20,3.726e-17,5.231e-18,5.699e-9,1.894e-19,1.368e-8,1.497e+0,3.965e-17,7.248e-1,1.901e-17,5.341e-1,5.300e-11,2.632e-5,,1.911e-18,,,5.661e-1,,,8.351e-4,,2.161e-5,,8.873e-19,,2.599e-13,,,,2.436e+1,2.986e-16
600.35,2.839e+1,7.399e-3,9.159e-25,3.737e-43,1.745e-17,,,1.586e-18,5.574e-21,,1.432e-15,1.284e-2,6.075e-26,9.330e-18,9.483e-8,3.647e-31,3.800e-20,5.757e-25,,4.142e-18,1.303e-18,3.066e-36,7.289e-7,,1.757e-25,5.475e-19,,3.490e-2,1.948e-20,3.728e-17,2.846e-18,5.360e-9,1.894e-19,1.815e-8,1.643e+0,3.968e-17,7.694e-1,1.904e-17,5.630e-1,8.631e-11,3.748e-5,,1.908e-18,,,5.456e-1,,,6.596e-4,,1.554e-5,,8.869e-19,,1.552e-13,,,,2.481e+1,2.986e-16
600.37,2.878e+1,8.146e-3,1.313e-24,3.735e-43,1.741e-17,,,1.586e-18,5.575e-21,,1.432e-15,1.323e-2,5.972e-26,9.330e-18,7.280e-8,3.642e-31,3.802e-20,5.759e-25,,4.138e-18,1.303e-18,3.069e-36,5.572e-7,,1.757e-25,5.474e-19,,3.877e-2,1.948e-20,3.730e-17,1.891e-18,5.131e-9,1.894e-19,2.186e-8,1.744e+0,3.970e-17,7.990e-1,1.906e-17,5.819e-1,1.192e-10,4.730e-5,,1.905e-18,,,5.382e-1,,,5.620e-4,,1.244e-5,,8.866e-19,,1.097e-13,,,,2.505e+1,2.986e-16
600.39,2.912e+1,8.951e-3,1.878e-24,3.733e-43,1.738e-17,,,1.586e-18,5.577e-21,,1.432e-15,1.360e-2,5.869e-26,9.330e-18,5.577e-8,3.638e-31,3.805e-20,5.761e-25,,4.135e-18,1.303e-18,3.071e-36,4.250e-7,,1.758e-25,5.473e-19,,4.298e-2,1.948e-20,3.732e-17,1.254e-18,4.902e-9,1.894e-19,2.626e-8,1.846e+0,3.971e-17,8.282e-1,1.907e-17,6.003e-1,1.642e-10,5.958e-5,,1.903e-18,,,5.357e-1,,,4.779e-4,,9.942e-6,,8.863e-19,,7.741e-14,,,,2.524e+1,2.987e-16
600.42,2.954e+1,1.027e-2,3.199e-24,3.730e-43,1.734e-17,,,1.586e-18,5.578e-21,,1.431e-15,1.412e-2,5.715e-26,9.330e-18,3.724e-8,3.631e-31,3.809e-20,5.764e-25,,4.129e-18,1.304e-18,3.074e-36,2.820e-7,,1.759e-25,5.471e-19,,4.997e-2,1.949e-20,3.734e-17,6.748e-19,4.559e-9,1.894e-19,3.445e-8,2.004e+0,3.974e-17,8.712e-1,1.910e-17,6.269e-1,2.644e-10,8.389e-5,,1.899e-18,,,5.407e-1,,,3.732e-4,,7.071e-6,,8.859e-19,,4.570e-14,,,,2.542e+1,2.987e-16
600.44,2.976e+1,1.124e-2,4.551e-24,3.729e-43,1.731e-17,,,1.585e-18,5.580e-21,,1.431e-15,1.444e-2,5.612e-26,9.330e-18,2.838e-8,3.627e-31,3.812e-20,5.766e-25,,4.125e-18,1.304e-18,3.076e-36,2.139e-7,,1.760e-25,5.470e-19,,5.510e-2,1.949e-20,3.736e-17,4.451e-19,4.333e-9,1.895e-19,4.118e-8,2.111e+0,3.976e-17,8.990e-1,1.912e-17,6.439e-1,3.624e-10,1.051e-4,,1.896e-18,,,5.497e-1,,,3.157e-4,,5.619e-6,,8.857e-19,,3.207e-14,,,,2.548e+1,2.987e-16
600.47,3.000e+1,1.281e-2,7.694e-24,3.726e-43,1.726e-17,,,1.585e-18,5.581e-21,,1.430e-15,1.487e-2,5.458e-26,9.329e-18,1.880e-8,3.620e-31,3.816e-20,5.769e-25,,4.120e-18,1.305e-18,3.080e-36,1.408e-7,,1.761e-25,5.469e-19,,6.356e-2,1.949e-20,3.739e-17,2.375e-19,3.998e-9,1.895e-19,5.360e-8,2.273e+0,3.978e-17,9.389e-1,1.915e-17,6.681e-1,5.793e-10,1.468e-4,,1.892e-18,,,5.715e-1,,,2.446e-4,,3.965e-6,,8.853e-19,,1.878e-14,,,,2.546e+1,2.988e-16
600.49,3.009e+1,1.394e-2,1.089e-23,3.724e-43,1.723e-17,,,1.585e-18,5.583e-21,,1.430e-15,1.512e-2,5.355e-26,9.329e-18,1.425e-8,3.615e-31,3.818e-20,5.772e-25,,4.116e-18,1.305e-18,3.082e-36,1.063e-7,,1.762e-25,5.468e-19,,6.973e-2,1.949e-20,3.740e-17,2.376e-19,3.779e-9,1.895e-19,6.372e-8,2.381e+0,3.980e-17,9.642e-1,1.916e-17,6.833e-1,7.898e-10,1.830e-4,,1.890e-18,,,5.911e-1,,,2.057e-4,,3.134e-6,,8.850e-19,,1.311e-14,,,,2.537e+1,2.988e-16
600.52,3.014e+1,1.578e-2,1.826e-23,3.722e-43,1.718e-17,,,1.585e-18,5.584e-21,,1.430e-15,1.545e-2,5.200e-26,9.329e-18,9.364e-9,3.609e-31,3.822e-20,5.775e-25,,4.110e-18,1.306e-18,3.085e-36,6.938e-8,,1.763e-25,5.466e-19,,7.982e-2,1.949e-20,3.743e-17,2.376e-19,3.459e-9,1.895e-19,8.229e-8,2.543e+0,3.983e-17,9.997e-1,1.919e-17,7.045e-1,1.252e-9,2.536e-4,,1.886e-18,,,6.282e-1,,,1.581e-4,,2.194e-6,,8.846e-19,,7.615e-15,,,,2.515e+1,2.988e-16
600.54,3.011e+1,1.709e-2,2.571e-23,3.720e-43,1.715e-17,,,1.585e-18,5.586e-21,,1.429e-15,1.563e-2,5.097e-26,9.329e-18,7.059e-9,3.604e-31,3.825e-20,5.777e-25,,4.106e-18,1.306e-18,3.088e-36,5.208e-8,,1.764e-25,5.465e-19,,8.712e-2,1.949e-20,3.745e-17,2.377e-19,3.253e-9,1.895e-19,9.732e-8,2.651e+0,3.985e-17,1.022e+0,1.921e-17,7.176e-1,1.699e-9,3.145e-4,,1.883e-18,,,6.577e-1,,,1.323e-4,,1.725e-6,,8.843e-19,,5.287e-15,,,,2.494e+1,2.988e-16
600.57,2.997e+1,1.920e-2,4.279e-23,3.717e-43,1.710e-17,,,1.585e-18,5.587e-21,,1.429e-15,1.584e-2,4.943e-26,9.329e-18,4.602e-9,3.597e-31,3.829e-20,5.780e-25,,4.101e-18,1.307e-18,3.091e-36,3.373e-8,,1.765e-25,5.463e-19,,9.896e-2,1.950e-20,3.747e-17,2.377e-19,2.954e-9,1.896e-19,1.247e-7,2.809e+0,3.987e-17,1.051e+0,1.923e-17,7.355e-1,2.673e-9,4.324e-4,,1.880e-18,,,7.088e-1,,,1.009e-4,,1.198e-6,,8.839e-19,,3.046e-15,,,,2.453e+1,2.989e-16
600.59,2.981e+1,2.071e-2,5.993e-23,3.715e-43,1.707e-17,,,1.585e-18,5.588e-21,,1.429e-15,1.594e-2,4.840e-26,9.329e-18,3.451e-9,3.593e-31,3.832e-20,5.782e-25,,4.097e-18,1.307e-18,3.093e-36,2.518e-8,,1.766e-25,5.462e-19,,1.075e-1,1.950e-20,3.749e-17,2.378e-19,2.763e-9,1.896e-19,1.467e-7,2.912e+0,3.989e-17,1.069e+0,1.925e-17,7.463e-1,3.606e-9,5.333e-4,,1.877e-18,,,7.471e-1,,,8.397e-5,,9.366e-7,,8.837e-19,,2.104e-15,,,,2.419e+1,2.989e-16
600.62,2.949e+1,2.310e-2,9.894e-23,3.713e-43,1.702e-17,,,1.585e-18,5.590e-21,,1.428e-15,1.603e-2,4.686e-26,9.328e-18,2.232e-9,3.586e-31,3.836e-20,5.785e-25,,4.091e-18,1.308e-18,3.097e-36,1.618e-8,,1.767e-25,5.461e-19,,1.211e-1,1.950e-20,3.752e-17,2.378e-19,2.490e-9,1.896e-19,1.864e-7,3.062e+0,3.992e-17,1.091e+0,1.928e-17,7.605e-1,5.629e-9,7.275e-4,,1.873e-18,,,8.109e-1,,,6.351e-5,,6.452e-7,,8.833e-19,,1.203e-15,,,,2.360e+1,2.989e-16
600.64,2.921e+1,2.479e-2,1.378e-22,3.711e-43,1.699e-17,,,1.585e-18,5.591e-21,,1.428e-15,1.605e-2,4.583e-26,9.328e-18,1.664e-9,3.581e-31,3.838e-20,5.787e-25,,4.088e-18,1.308e-18,3.099e-36,1.202e-8,,1.768e-25,5.460e-19,,1.309e-1,1.950e-20,3.753e-17,2.379e-19,2.316e-9,1.896e-19,2.182e-7,3.157e+0,3.994e-17,1.104e+0,1.930e-17,7.688e-1,7.556e-9,8.925e-4,,1.871e-18,,,8.572e-1,,,5.258e-5,,5.019e-7,,8.830e-19,,8.261e-16,,,,2.315e+1,2.990e-16
600.67,2.873e+1,2.746e-2,2.258e-22,3.708e-43,1.695e-17,,,1.585e-18,5.593e-21,,1.428e-15,1.601e-2,4.428e-26,9.328e-18,1.068e-9,3.575e-31,3.842e-20,5.791e-25,,4.082e-18,1.308e-18,3.102e-36,7.659e-9,,1.769e-25,5.458e-19,,1.464e-1,1.951e-20,3.756e-17,2.380e-19,2.071e-9,1.896e-19,2.751e-7,3.293e+0,3.996e-17,1.118e+0,1.932e-17,7.793e-1,1.170e-8,1.208e-3,,1.867e-18,,,9.321e-1,,,3.945e-5,,3.429e-7,,8.826e-19,,4.684e-16,,,,2.241e+1,2.990e-16
600.69,2.835e+1,2.933e-2,3.129e-22,3.707e-43,1.691e-17,,,1.585e-18,5.594e-21,,1.427e-15,1.594e-2,4.326e-26,9.328e-18,7.921e-10,3.570e-31,3.845e-20,5.793e-25,,4.078e-18,1.309e-18,3.104e-36,5.657e-9,,1.769e-25,5.457e-19,,1.574e-1,1.951e-20,3.758e-17,2.380e-19,1.917e-9,1.896e-19,3.203e-7,3.378e+0,3.998e-17,1.125e+0,1.934e-17,7.851e-1,1.563e-8,1.474e-3,,1.864e-18,,,9.854e-1,,,3.249e-5,,2.653e-7,,8.823e-19,,3.200e-16,,,,2.187e+1,2.990e-16
600.72,2.771e+1,3.226e-2,5.086e-22,3.704e-43,1.687e-17,,,1.585e-18,5.596e-21,,1.427e-15,1.578e-2,4.171e-26,9.328e-18,5.041e-10,3.563e-31,3.849e-20,5.796e-25,,4.073e-18,1.309e-18,3.108e-36,3.577e-9,,1.771e-25,5.455e-19,,1.748e-1,1.951e-20,3.760e-17,2.381e-19,1.700e-9,1.897e-19,4.007e-7,3.495e+0,4.001e-17,1.131e+0,1.937e-17,7.918e-1,2.402e-8,1.980e-3,,1.860e-18,,,1.070e+0,,,2.419e-5,,1.799e-7,,8.819e-19,,1.800e-16,,,,2.100e+1,2.990e-16
600.74,2.725e+1,3.429e-2,7.012e-22,3.702e-43,1.684e-17,,,1.585e-18,5.597e-21,,1.427e-15,1.563e-2,4.068e-26,9.328e-18,3.720e-10,3.559e-31,3.852e-20,5.798e-25,,4.069e-18,1.310e-18,3.110e-36,2.628e-9,,1.771e-25,5.454e-19,,1.870e-1,1.951e-20,3.762e-17,2.381e-19,1.566e-9,1.897e-19,4.640e-7,3.566e+0,4.003e-17,1.132e+0,1.938e-17,7.951e-1,3.190e-8,2.403e-3,,1.858e-18,,,1.129e+0,,,1.981e-5,,1.384e-7,,8.817e-19,,1.223e-16,,,,2.039e+1,2.991e-16
600.76,2.675e+1,3.639e-2,9.647e-22,3.700e-43,1.681e-17,,,1.585e-18,5.599e-21,,1.426e-15,1.545e-2,3.965e-26,9.327e-18,2.739e-10,3.554e-31,3.854e-20,5.800e-25,,4.065e-18,1.310e-18,3.112e-36,1.927e-9,,1.772e-25,5.453e-19,,1.996e-1,1.951e-20,3.764e-17,2.381e-19,1.439e-9,1.897e-19,5.361e-7,3.631e+0,4.005e-17,1.131e+0,1.940e-17,7.974e-1,4.229e-8,2.911e-3,,1.855e-18,,,1.190e+0,,,1.619e-5,,1.063e-7,,8.814e-19,,8.295e-17,,,,1.975e+1,2.991e-16
600.79,2.595e+1,3.962e-2,1.551e-21,3.698e-43,1.676e-17,,,1.585e-18,5.600e-21,,1.426e-15,1.512e-2,3.811e-26,9.327e-18,1.724e-10,3.548e-31,3.858e-20,5.803e-25,,4.059e-18,1.311e-18,3.116e-36,1.205e-9,,1.773e-25,5.452e-19,,2.194e-1,1.951e-20,3.766e-17,2.382e-19,1.262e-9,1.897e-19,6.633e-7,3.716e+0,4.007e-17,1.124e+0,1.943e-17,7.992e-1,6.428e-8,3.866e-3,,1.851e-18,,,1.285e+0,,,1.192e-5,,7.126e-8,,8.810e-19,,4.614e-17,,,,1.875e+1,2.991e-16
600.81,2.539e+1,4.184e-2,2.122e-21,3.696e-43,1.673e-17,,,1.585e-18,5.602e-21,,1.426e-15,1.487e-2,3.708e-26,9.327e-18,1.262e-10,3.543e-31,3.861e-20,5.805e-25,,4.056e-18,1.311e-18,3.118e-36,8.785e-10,,1.774e-25,5.451e-19,,2.331e-1,1.952e-20,3.768e-17,2.383e-19,1.154e-9,1.897e-19,7.625e-7,3.763e+0,4.009e-17,1.117e+0,1.945e-17,7.993e-1,8.476e-8,4.659e-3,,1.849e-18,,,1.350e+0,,,9.691e-6,,5.443e-8,,8.807e-19,,3.112e-17,,,,1.807e+1,2.991e-16
600.84,2.451e+1,4.524e-2,3.384e-21,3.693e-43,1.668e-17,,,1.585e-18,5.603e-21,,1.425e-15,1.444e-2,3.554e-26,9.327e-18,7.880e-11,3.536e-31,3.865e-20,5.809e-25,,4.050e-18,1.312e-18,3.121e-36,5.449e-10,,1.775e-25,5.449e-19,,2.544e-1,1.952e-20,3.771e-17,2.383e-19,1.005e-9,1.897e-19,9.360e-7,3.820e+0,4.012e-17,1.102e+0,1.947e-17,7.978e-1,1.278e-7,6.139e-3,,1.845e-18,,,1.449e+0,,,7.076e-6,,3.620e-8,,8.803e-19,,1.717e-17,,,,1.702e+1,2.992e-16
600.86,2.390e+1,4.754e-2,4.608e-21,3.692e-43,1.665e-17,,,1.585e-18,5.605e-21,,1.425e-15,1.412e-2,3.451e-26,9.327e-18,5.741e-11,3.532e-31,3.868e-20,5.811e-25,,4.046e-18,1.312e-18,3.123e-36,3.952e-10,,1.776e-25,5.448e-19,,2.690e-1,1.952e-20,3.772e-17,2.384e-19,9.146e-10,1.898e-19,1.070e-6,3.849e+0,4.014e-17,1.089e+0,1.949e-17,7.958e-1,1.677e-7,7.358e-3,,1.842e-18,,,1.517e+0,,,5.723e-6,,2.750e-8,,8.800e-19,,1.152e-17,,,,1.631e+1,2.992e-16
600.89,2.297e+1,5.104e-2,7.290e-21,3.689e-43,1.660e-17,,,1.584e-18,5.606e-21,,1.424e-15,1.360e-2,3.296e-26,9.327e-18,3.555e-11,3.525e-31,3.872e-20,5.814e-25,,4.041e-18,1.312e-18,3.127e-36,2.432e-10,,1.777e-25,5.446e-19,,2.915e-1,1.952e-20,3.775e-17,2.384e-19,7.908e-10,1.898e-19,1.303e-6,3.877e+0,4.016e-17,1.066e+0,1.952e-17,7.914e-1,2.510e-7,9.619e-3,,1.839e-18,,,1.619e+0,,,4.145e-6,,1.814e-8,,8.796e-19,,6.304e-18,,,,1.525e+1,2.992e-16
600.91,2.233e+1,5.338e-2,9.873e-21,3.687e-43,1.657e-17,,,1.584e-18,5.608e-21,,1.424e-15,1.323e-2,3.194e-26,9.327e-18,2.576e-11,3.521e-31,3.874e-20,5.816e-25,,4.037e-18,1.313e-18,3.129e-36,1.754e-10,,1.778e-25,5.445e-19,,3.068e-1,1.952e-20,3.777e-17,2.385e-19,7.161e-10,1.898e-19,1.482e-6,3.885e+0,4.018e-17,1.048e+0,1.953e-17,7.877e-1,3.275e-7,1.147e-2,,1.836e-18,,,1.688e+0,,,3.335e-6,,1.371e-8,,8.794e-19,,4.207e-18,,,,1.454e+1,2.993e-16
600.94,2.136e+1,5.690e-2,1.550e-20,3.684e-43,1.652e-17,,,1.584e-18,5.609e-21,,1.424e-15,1.264e-2,3.039e-26,9.326e-18,1.582e-11,3.514e-31,3.878e-20,5.819e-25,,4.031e-18,1.313e-18,3.132e-36,1.071e-10,,1.779e-25,5.444e-19,,3.302e-1,1.953e-20,3.779e-17,2.385e-19,6.149e-10,1.898e-19,1.791e-6,3.882e+0,4.021e-17,1.018e+0,1.956e-17,7.808e-1,4.863e-7,1.488e-2,,1.832e-18,,,1.790e+0,,,2.396e-6,,8.972e-9,,8.790e-19,,2.284e-18,,,,1.348e+1,2.993e-16
600.96,2.071e+1,5.923e-2,2.088e-20,3.683e-43,1.649e-17,,,1.584e-18,5.611e-21,,1.423e-15,1.223e-2,2.936e-26,9.326e-18,1.140e-11,3.509e-31,3.881e-20,5.821e-25,,4.027e-18,1.314e-18,3.135e-36,7.684e-11,,1.780e-25,5.443e-19,,3.461e-1,1.953e-20,3.781e-17,2.386e-19,5.543e-10,1.898e-19,2.026e-6,3.869e+0,4.022e-17,9.953e-1,1.958e-17,7.755e-1,6.313e-7,1.764e-2,,1.830e-18,,,1.858e+0,,,1.917e-6,,6.744e-9,,8.787e-19,,1.516e-18,,,,1.278e+1,2.993e-16
600.99,1.974e+1,6.268e-2,3.253e-20,3.680e-43,1.645e-17,,,1.584e-18,5.612e-21,,1.423e-15,1.160e-2,2.782e-26,9.326e-18,6.950e-12,3.502e-31,3.885e-20,5.824e-25,,4.022e-18,1.314e-18,3.138e-36,4.652e-11,,1.781e-25,5.441e-19,,3.701e-1,1.953e-20,3.784e-17,2.386e-19,4.730e-10,1.898e-19,2.429e-6,3.836e+0,4.025e-17,9.588e-1,1.961e-17,7.666e-1,9.302e-7,2.270e-2,,1.826e-18,,,1.958e+0,,,1.367e-6,,4.378e-9,,8.783e-19,,8.163e-19,,,,1.176e+1,2.993e-16
601.01,1.910e+1,6.494e-2,4.359e-20,3.678e-43,1.641e-17,,,1.584e-18,5.614e-21,,1.423e-15,1.117e-2,2.679e-26,9.326e-18,4.982e-12,3.498e-31,3.888e-20,5.827e-25,,4.018e-18,1.315e-18,3.140e-36,3.321e-11,,1.781e-25,5.440e-19,,3.862e-1,1.953e-20,3.785e-17,2.387e-19,4.246e-10,1.899e-19,2.734e-6,3.803e+0,4.027e-17,9.327e-1,1.962e-17,7.601e-1,1.201e-6,2.679e-2,,1.823e-18,,,2.024e+0,,,1.088e-6,,3.274e-9,,8.780e-19,,5.389e-19,,,,1.109e+1,2.994e-16
601.04,1.814e+1,6.824e-2,6.736e-20,3.676e-43,1.637e-17,,,1.584e-18,5.615e-21,,1.422e-15,1.050e-2,2.525e-26,9.326e-18,3.012e-12,3.491e-31,3.892e-20,5.830e-25,,4.012e-18,1.315e-18,3.143e-36,1.995e-11,,1.783e-25,5.439e-19,,4.104e-1,1.953e-20,3.788e-17,2.387e-19,3.603e-10,1.899e-19,3.251e-6,3.740e+0,4.030e-17,8.913e-1,1.965e-17,7.495e-1,1.756e-6,3.420e-2,,1.819e-18,,,2.120e+0,,,7.693e-7,,2.108e-9,,8.776e-19,,2.879e-19,,,,1.012e+1,2.994e-16
601.06,1.752e+1,7.036e-2,8.980e-20,3.674e-43,1.634e-17,,,1.584e-18,5.617e-21,,1.422e-15,1.005e-2,2.422e-26,9.326e-18,2.148e-12,3.487e-31,3.894e-20,5.832e-25,,4.009e-18,1.316e-18,3.146e-36,1.416e-11,,1.783e-25,5.437e-19,,4.265e-1,1.954e-20,3.790e-17,2.388e-19,3.225e-10,1.899e-19,3.640e-6,3.689e+0,4.031e-17,8.625e-1,1.967e-17,7.420e-1,2.256e-6,4.014e-2,,1.817e-18,,,2.181e+0,,,6.090e-7,,1.568e-9,,8.774e-19,,,,,,9.496e+0,2.994e-16
601.09,1.660e+1,7.340e-2,1.377e-19,3.671e-43,1.629e-17,,,1.584e-18,5.618e-21,,1.421e-15,9.383e-3,2.267e-26,9.325e-18,1.288e-12,3.480e-31,3.898e-20,5.835e-25,,4.003e-18,1.316e-18,3.149e-36,8.437e-12,,1.784e-25,5.436e-19,,4.506e-1,1.954e-20,3.792e-17,2.389e-19,2.724e-10,1.899e-19,4.295e-6,3.599e+0,4.034e-17,8.178e-1,1.969e-17,7.301e-1,3.272e-6,5.083e-2,,1.813e-18,,,2.270e+0,,,4.273e-7,,1.002e-9,,8.770e-19,,,,,,8.596e+0,2.995e-16
601.11,1.600e+1,7.533e-2,1.826e-19,3.669e-43,1.626e-17,,,1.584e-18,5.620e-21,,1.421e-15,8.936e-3,2.164e-26,9.325e-18,9.135e-13,3.475e-31,3.901e-20,5.837e-25,,3.999e-18,1.317e-18,3.151e-36,5.958e-12,,1.785e-25,5.435e-19,,4.665e-1,1.954e-20,3.794e-17,2.389e-19,2.432e-10,1.899e-19,4.783e-6,3.531e+0,4.036e-17,7.871e-1,1.971e-17,7.219e-1,4.182e-6,5.935e-2,,1.810e-18,,,2.327e+0,,,3.365e-7,,7.409e-10,,8.767e-19,,,,,,8.023e+0,2.995e-16
601.14,1.513e+1,7.803e-2,2.778e-19,3.667e-43,1.621e-17,,,1.584e-18,5.621e-21,,1.421e-15,8.273e-3,2.010e-26,9.325e-18,5.435e-13,3.469e-31,3.905e-20,5.840e-25,,3.994e-18,1.317e-18,3.155e-36,3.522e-12,,1.786e-25,5.433e-19,,4.902e-1,1.954e-20,3.797e-17,2.390e-19,2.050e-10,1.899e-19,5.599e-6,3.418e+0,4.039e-17,7.404e-1,1.974e-17,7.091e-1,6.019e-6,7.458e-2,,1.807e-18,,,2.407e+0,,,2.342e-7,,4.696e-10,,8.763e-19,,,,,,7.206e+0,2.995e-16
601.16,1.457e+1,7.969e-2,3.665e-19,3.665e-43,1.618e-17,,,1.584e-18,5.623e-21,,1.420e-15,7.837e-3,1.907e-26,9.325e-18,3.834e-13,3.464e-31,3.908e-20,5.842e-25,,3.990e-18,1.317e-18,3.157e-36,2.474e-12,,1.787e-25,5.432e-19,,5.057e-1,1.954e-20,3.798e-17,2.390e-19,1.829e-10,1.900e-19,6.202e-6,3.336e+0,4.040e-17,7.089e-1,1.976e-17,7.004e-1,7.653e-6,8.662e-2,,1.804e-18,,,2.457e+0,,,1.834e-7,,3.455e-10,,8.760e-19,,,,,,6.690e+0,2.995e-16
601.18,1.403e+1,8.123e-2,4.824e-19,3.663e-43,1.615e-17,,,1.584e-18,5.624e-21,,1.420e-15,7.409e-3,1.804e-26,9.325e-18,2.699e-13,3.460e-31,3.910e-20,5.845e-25,,3.986e-18,1.318e-18,3.159e-36,1.734e-12,,1.788e-25,5.431e-19,,5.211e-1,1.955e-20,3.800e-17,2.391e-19,1.631e-10,1.900e-19,6.856e-6,3.249e+0,4.042e-17,6.773e-1,1.977e-17,6.916e-1,9.709e-6,1.004e-1,,1.802e-18,,,2.504e+0,,,1.433e-7,,2.537e-10,,8.758e-19,,,,,,6.198e+0,2.996e-16
601.21,1.325e+1,8.330e-2,7.258e-19,3.661e-43,1.610e-17,,,1.584e-18,5.626e-21,,1.420e-15,6.783e-3,1.650e-26,9.325e-18,1.588e-13,3.453e-31,3.914e-20,5.848e-25,,3.980e-18,1.318e-18,3.162e-36,1.013e-12,,1.789e-25,5.430e-19,,5.438e-1,1.955e-20,3.803e-17,2.391e-19,1.376e-10,1.900e-19,7.937e-6,3.110e+0,4.045e-17,6.300e-1,1.980e-17,6.782e-1,1.382e-5,1.248e-1,,1.798e-18,,,2.569e+0,,,9.865e-8,,1.590e-10,,8.754e-19,,,,,,5.505e+0,2.996e-16
601.23,1.275e+1,8.451e-2,9.505e-19,3.659e-43,1.607e-17,,,1.584e-18,5.627e-21,,1.419e-15,6.378e-3,1.547e-26,9.324e-18,1.112e-13,3.448e-31,3.917e-20,5.850e-25,,3.977e-18,1.319e-18,3.165e-36,7.065e-13,,1.790e-25,5.429e-19,,5.586e-1,1.955e-20,3.805e-17,2.392e-19,1.231e-10,1.900e-19,8.728e-6,3.013e+0,4.047e-17,5.987e-1,1.982e-17,6.692e-1,1.745e-5,1.438e-1,,2.722e-18,,,2.608e+0,,,7.670e-8,,1.161e-10,,8.751e-19,,,,,,5.073e+0,2.996e-16
601.26,1.205e+1,8.605e-2,1.419e-18,3.656e-43,1.602e-17,,,1.584e-18,5.629e-21,,1.419e-15,5.793e-3,1.393e-26,9.324e-18,6.487e-14,3.441e-31,3.921e-20,5.853e-25,,3.971e-18,1.319e-18,3.168e-36,4.096e-13,,1.791e-25,5.427e-19,,5.805e-1,1.955e-20,3.807e-17,2.392e-19,1.044e-10,1.900e-19,1.002e-5,2.861e+0,4.049e-17,5.525e-1,1.984e-17,6.557e-1,2.464e-5,1.773e-1,,5.050e-18,,,2.660e+0,,,5.236e-8,,7.218e-11,,8.747e-19,,,,,,4.470e+0,2.997e-16
601.28,1.160e+1,8.688e-2,1.848e-18,3.654e-43,1.599e-17,,,1.584e-18,5.630e-21,,1.419e-15,5.418e-3,1.290e-26,9.324e-18,4.518e-14,3.437e-31,3.924e-20,5.855e-25,,3.967e-18,1.320e-18,3.170e-36,2.840e-13,,1.792e-25,5.426e-19,,5.948e-1,1.955e-20,3.809e-17,2.393e-19,9.383e-11,1.900e-19,1.097e-5,2.757e+0,4.051e-17,5.224e-1,1.986e-17,6.468e-1,3.094e-5,2.034e-1,,7.605e-18,,,2.690e+0,,,4.049e-8,,5.243e-11,,8.744e-19,,,,,,4.097e+0,2.997e-16
601.31,1.098e+1,8.783e-2,2.738e-18,3.652e-43,1.595e-17,,,1.583e-18,5.632e-21,,1.418e-15,4.882e-3,1.135e-26,9.324e-18,2.615e-14,3.430e-31,3.928e-20,5.858e-25,,3.962e-18,1.320e-18,3.174e-36,1.634e-13,,1.793e-25,5.424e-19,,6.157e-1,1.956e-20,3.812e-17,2.393e-19,8.044e-11,1.901e-19,1.250e-5,2.597e+0,4.054e-17,4.782e-1,1.989e-17,6.336e-1,4.336e-5,2.488e-1,,1.400e-17,,,2.729e+0,,,2.742e-8,,3.234e-11,,8.740e-19,,,,,,3.582e+0,2.997e-16
601.33,1.059e+1,8.826e-2,3.548e-18,3.650e-43,1.591e-17,,,1.583e-18,5.633e-21,,1.418e-15,4.543e-3,1.032e-26,9.324e-18,1.812e-14,3.426e-31,3.930e-20,5.860e-25,,3.958e-18,1.321e-18,3.176e-36,1.127e-13,,1.793e-25,5.423e-19,,6.295e-1,1.956e-20,3.813e-17,2.394e-19,7.295e-11,1.901e-19,1.360e-5,2.489e+0,4.056e-17,4.497e-1,1.991e-17,6.250e-1,5.417e-5,2.838e-1,,2.098e-17,,,2.750e+0,,,2.109e-8,,2.336e-11,,8.738e-19,,,,,,3.266e+0,2.997e-16
601.36,1.004e+1,8.859e-2,5.213e-18,3.647e-43,1.587e-17,,,1.583e-18,5.635e-21,,1.418e-15,4.061e-3,8.780e-27,9.324e-18,1.040e-14,3.419e-31,3.934e-20,5.864e-25,,3.952e-18,1.321e-18,3.179e-36,6.429e-14,,1.795e-25,5.422e-19,,6.497e-1,1.956e-20,3.816e-17,2.394e-19,6.359e-11,1.901e-19,1.537e-5,2.327e+0,4.058e-17,4.085e-1,1.993e-17,6.124e-1,7.533e-5,3.444e-1,,3.832e-17,,,2.775e+0,,,1.417e-8,,1.429e-11,,8.734e-19,,,,,,2.832e+0,2.998e-16
601.38,9.707e+0,8.860e-2,6.721e-18,3.646e-43,1.584e-17,,,1.583e-18,5.636e-21,,1.417e-15,3.758e-3,7.751e-27,9.323e-18,7.169e-15,3.414e-31,3.937e-20,5.866e-25,,3.948e-18,1.321e-18,3.181e-36,4.411e-14,,1.795e-25,5.421e-19,,6.629e-1,1.956e-20,3.818e-17,2.395e-19,5.843e-11,1.901e-19,1.664e-5,2.219e+0,4.060e-17,3.821e-1,1.995e-17,6.044e-1,9.360e-5,3.908e-1,,5.711e-17,,,2.787e+0,,,1.084e-8,,1.027e-11,,8.731e-19,,,,,,2.569e+0,2.998e-16
601.41,9.248e+0,8.829e-2,9.798e-18,3.643e-43,1.579e-17,,,1.583e-18,5.638e-21,,1.417e-15,3.333e-3,6.207e-27,9.323e-18,4.084e-15,3.408e-31,3.941e-20,5.869e-25,,3.943e-18,1.322e-18,3.185e-36,2.496e-14,,1.796e-25,5.419e-19,,6.825e-1,1.956e-20,3.820e-17,2.395e-19,5.211e-11,1.901e-19,1.866e-5,2.057e+0,4.063e-17,3.443e-1,1.998e-17,5.929e-1,1.292e-4,4.706e-1,,1.035e-16,,,2.799e+0,,,7.228e-9,,6.235e-12,,8.727e-19,,,,,,2.210e+0,2.998e-16
601.43,8.971e+0,8.788e-2,1.256e-17,3.641e-43,1.576e-17,,,1.583e-18,5.639e-21,,1.417e-15,3.068e-3,5.178e-27,9.323e-18,2.799e-15,3.403e-31,3.944e-20,5.871e-25,,3.939e-18,1.322e-18,3.187e-36,1.704e-14,,1.797e-25,5.418e-19,,6.955e-1,1.957e-20,3.822e-17,2.396e-19,4.873e-11,1.901e-19,2.009e-5,1.951e+0,4.065e-17,3.203e-1,1.999e-17,5.857e-1,1.597e-4,5.312e-1,,1.535e-16,,,2.802e+0,,,5.500e-9,,4.457e-12,,8.724e-19,,,,,,1.994e+0,2.998e-16
601.46,8.598e+0,8.696e-2,1.817e-17,3.639e-43,1.571e-17,,,1.583e-18,5.641e-21,,1.416e-15,2.699e-3,3.635e-27,9.323e-18,1.582e-15,3.396e-31,3.948e-20,5.874e-25,,3.933e-18,1.323e-18,3.190e-36,9.565e-15,,1.798e-25,5.416e-19,,7.147e-1,1.957e-20,3.825e-17,2.397e-19,4.472e-11,1.902e-19,2.236e-5,1.795e+0,4.067e-17,2.864e-1,2.002e-17,5.757e-1,2.186e-4,6.346e-1,,2.760e-16,,,2.800e+0,,,3.637e-9,,2.683e-12,,8.720e-19,,,,,,1.702e+0,2.999e-16
601.48,8.379e+0,8.614e-2,2.319e-17,3.637e-43,1.568e-17,,,1.583e-18,5.642e-21,,1.416e-15,2.472e-3,2.606e-27,9.323e-18,1.078e-15,3.392e-31,3.950e-20,5.876e-25,,3.930e-18,1.323e-18,3.193e-36,6.492e-15,,1.799e-25,5.415e-19,,7.274e-1,1.957e-20,3.826e-17,2.397e-19,4.268e-11,1.902e-19,2.394e-5,1.693e+0,4.069e-17,2.650e-1,2.004e-17,5.697e-1,2.688e-4,7.126e-1,,4.070e-16,,,2.794e+0,,,2.753e-9,,1.908e-12,,8.718e-19,,,,,,1.527e+0,2.999e-16
601.51,8.094e+0,8.463e-2,3.327e-17,3.634e-43,1.563e-17,,,1.583e-18,5.644e-21,,1.415e-15,2.158e-3,1.062e-27,9.323e-18,6.045e-16,3.385e-31,3.954e-20,5.879e-25,,3.924e-18,1.324e-18,3.196e-36,3.616e-15,,1.800e-25,5.414e-19,,7.464e-1,1.957e-20,3.829e-17,2.398e-19,4.047e-11,1.902e-19,2.643e-5,1.545e+0,4.072e-17,2.350e-1,2.007e-17,5.617e-1,3.652e-4,8.446e-1,,7.262e-16,,,2.780e+0,,,1.806e-9,,1.140e-12,,8.714e-19,,,,,,1.293e+0,2.999e-16
601.53,7.933e+0,8.343e-2,4.222e-17,3.632e-43,1.560e-17,,,1.583e-18,5.645e-21,,1.415e-15,1.965e-3,3.280e-29,9.323e-18,4.099e-16,3.381e-31,3.957e-20,5.882e-25,,3.920e-18,1.324e-18,3.198e-36,2.441e-15,,1.801e-25,5.413e-19,,7.591e-1,1.957e-20,3.831e-17,2.398e-19,3.952e-11,1.902e-19,2.816e-5,1.450e+0,4.074e-17,2.164e-1,2.008e-17,5.571e-1,4.468e-4,9.434e-1,,1.066e-15,,,2.767e+0,,,1.360e-9,,8.060e-13,,8.711e-19,,,,,,1.154e+0,3.000e-16
601.55,7.796e+0,8.210e-2,5.347e-17,3.631e-43,1.557e-17,,,1.583e-18,5.646e-21,,1.415e-15,1.787e-3,4.969e-29,9.322e-18,2.774e-16,3.376e-31,3.960e-20,5.884e-25,,3.916e-18,1.325e-18,3.200e-36,1.645e-15,,1.802e-25,5.412e-19,,7.718e-1,1.957e-20,3.832e-17,2.398e-19,3.895e-11,1.902e-19,2.994e-5,1.358e+0,4.075e-17,1.988e-1,2.010e-17,5.532e-1,5.455e-4,1.052e+0,,1.560e-15,,,2.750e+0,,,1.022e-9,,5.688e-13,,8.708e-19,,,,,,1.028e+0,3.000e-16
601.58,7.636e+0,7.985e-2,7.590e-17,3.628e-43,1.552e-17,,,1.583e-18,5.648e-21,,1.414e-15,1.542e-3,9.228e-29,9.322e-18,1.537e-16,3.369e-31,3.964e-20,5.887e-25,,3.911e-18,1.325e-18,3.204e-36,9.058e-16,,1.803e-25,5.410e-19,,7.909e-1,1.958e-20,3.835e-17,2.399e-19,3.879e-11,1.903e-19,3.269e-5,1.226e+0,4.078e-17,1.744e-1,2.013e-17,5.488e-1,7.329e-4,1.233e+0,,2.753e-15,,,2.721e+0,,,6.626e-10,,3.359e-13,,8.704e-19,,,,,,8.611e-1,3.000e-16
601.6,7.559e+0,7.820e-2,9.561e-17,3.626e-43,1.549e-17,,,1.583e-18,5.649e-21,,1.414e-15,1.394e-3,1.391e-28,9.322e-18,1.035e-16,3.365e-31,3.966e-20,5.889e-25,,3.907e-18,1.326e-18,3.206e-36,6.070e-16,,1.804e-25,5.409e-19,,8.036e-1,1.958e-20,3.837e-17,2.400e-19,3.914e-11,1.903e-19,3.457e-5,1.142e+0,4.080e-17,1.593e-1,2.015e-17,5.468e-1,8.902e-4,1.367e+0,,4.010e-15,,,2.698e+0,,,4.952e-10,,2.358e-13,,8.702e-19,,,,,,7.630e-1,3.000e-16
601.63,7.489e+0,7.552e-2,1.346e-16,3.624e-43,1.544e-17,,,1.583e-18,5.651e-21,,1.414e-15,1.194e-3,2.562e-28,9.322e-18,5.690e-17,3.358e-31,3.970e-20,5.892e-25,,3.901e-18,1.326e-18,3.209e-36,3.316e-16,,1.805e-25,5.407e-19,,8.229e-1,1.958e-20,3.839e-17,2.400e-19,4.037e-11,1.903e-19,3.744e-5,1.022e+0,4.083e-17,1.386e-1,2.017e-17,5.454e-1,1.187e-3,1.589e+0,,7.022e-15,,,2.659e+0,,,3.187e-10,,1.382e-13,,8.698e-19,,,,,,6.338e-1,3.001e-16
601.65,7.473e+0,7.361e-2,1.687e-16,3.622e-43,1.541e-17,,,1.583e-18,5.652e-21,,1.413e-15,1.074e-3,3.841e-28,9.322e-18,3.809e-17,3.353e-31,3.973e-20,5.894e-25,,3.898e-18,1.326e-18,3.212e-36,2.210e-16,,1.805e-25,5.406e-19,,8.358e-1,1.958e-20,3.841e-17,2.401e-19,4.169e-11,1.903e-19,3.939e-5,9.472e-1,4.084e-17,1.260e-1,2.019e-17,5.457e-1,1.434e-3,1.753e+0,,1.017e-14,,,2.630e+0,,,2.369e-10,,9.648e-14,,8.695e-19,,,,,,5.586e-1,3.001e-16
601.68,7.494e+0,7.058e-2,2.358e-16,3.619e-43,1.537e-17,,,1.583e-18,5.654e-21,,1.413e-15,9.123e-4,7.023e-28,9.322e-18,2.078e-17,3.347e-31,3.977e-20,5.897e-25,,3.892e-18,1.327e-18,3.215e-36,1.198e-16,,1.807e-25,5.405e-19,,8.552e-1,1.959e-20,3.844e-17,2.401e-19,4.447e-11,1.903e-19,4.233e-5,8.415e-1,4.087e-17,1.088e-1,2.022e-17,5.478e-1,1.897e-3,2.022e+0,,1.768e-14,,,2.584e+0,,,1.512e-10,,5.607e-14,,8.691e-19,,,,,,4.604e-1,3.001e-16
601.7,7.538e+0,6.847e-2,2.939e-16,3.617e-43,1.534e-17,,,1.583e-18,5.655e-21,,1.413e-15,8.161e-4,1.047e-27,9.321e-18,1.384e-17,3.342e-31,3.980e-20,5.900e-25,,3.888e-18,1.327e-18,3.217e-36,7.942e-17,,1.807e-25,5.404e-19,,8.681e-1,1.959e-20,3.845e-17,2.402e-19,4.692e-11,1.903e-19,4.430e-5,7.755e-1,4.089e-17,9.836e-2,2.023e-17,5.504e-1,2.280e-3,2.219e+0,,2.548e-14,,,2.551e+0,,,1.118e-10,,3.894e-14,,8.688e-19,,,,,,4.036e-1,3.001e-16
601.73,7.650e+0,6.519e-2,4.074e-16,3.615e-43,1.529e-17,,,1.582e-18,5.657e-21,,1.412e-15,6.879e-4,1.900e-27,9.321e-18,7.487e-18,3.335e-31,3.984e-20,5.903e-25,,3.883e-18,1.328e-18,3.221e-36,4.270e-17,,1.808e-25,5.402e-19,,8.874e-1,1.959e-20,3.848e-17,2.402e-19,5.160e-11,1.904e-19,4.723e-5,6.835e-1,4.092e-17,8.424e-2,2.026e-17,5.562e-1,2.994e-3,2.540e+0,,4.392e-14,,,2.500e+0,,,7.080e-11,,2.245e-14,,8.684e-19,,,,,,3.300e-1,3.002e-16
601.75,7.755e+0,6.294e-2,5.052e-16,3.613e-43,1.526e-17,,,1.582e-18,5.658e-21,,1.412e-15,6.121e-4,2.819e-27,9.321e-18,4.959e-18,3.331e-31,3.986e-20,5.905e-25,,3.879e-18,1.328e-18,3.223e-36,2.816e-17,,1.809e-25,5.401e-19,,9.002e-1,1.959e-20,3.850e-17,2.403e-19,5.549e-11,1.904e-19,4.916e-5,6.266e-1,4.093e-17,7.577e-2,2.028e-17,5.614e-1,3.580e-3,2.772e+0,,6.297e-14,,,2.464e+0,,,5.207e-11,,1.551e-14,,8.682e-19,,,,,,2.878e-1,3.002e-16
601.78,7.958e+0,5.949e-2,6.949e-16,3.610e-43,1.521e-17,,,1.582e-18,5.660e-21,,1.412e-15,5.118e-4,5.073e-27,9.321e-18,2.662e-18,3.324e-31,3.990e-20,5.908e-25,,3.873e-18,1.329e-18,3.226e-36,1.502e-17,,1.810e-25,5.399e-19,,9.191e-1,1.959e-20,3.852e-17,2.403e-19,6.266e-11,1.904e-19,5.200e-5,5.479e-1,4.096e-17,6.438e-2,2.030e-17,5.711e-1,4.663e-3,3.148e+0,,1.077e-13,,,2.409e+0,,,3.271e-11,,8.871e-15,,8.678e-19,,,,,,2.334e-1,3.002e-16
601.8,8.123e+0,5.717e-2,8.571e-16,3.609e-43,1.518e-17,,,1.582e-18,5.661e-21,,1.411e-15,4.531e-4,7.487e-27,9.321e-18,1.754e-18,3.320e-31,3.993e-20,5.910e-25,,3.869e-18,1.329e-18,3.228e-36,1.499e-17,,1.811e-25,5.398e-19,,9.314e-1,1.959e-20,3.854e-17,2.404e-19,6.846e-11,1.904e-19,5.385e-5,4.996e-1,4.098e-17,5.760e-2,2.032e-17,5.789e-1,5.547e-3,3.418e+0,,1.536e-13,,,2.372e+0,,,2.393e-11,,6.096e-15,,8.675e-19,,,,,,2.025e-1,3.003e-16
601.83,8.415e+0,5.366e-2,1.170e-15,3.606e-43,1.513e-17,,,1.582e-18,5.663e-21,,1.411e-15,3.758e-4,1.337e-26,9.321e-18,9.338e-19,3.313e-31,3.997e-20,5.913e-25,,3.864e-18,1.330e-18,3.232e-36,1.494e-17,,1.812e-25,5.397e-19,,9.494e-1,1.960e-20,3.857e-17,2.405e-19,7.894e-11,1.904e-19,5.651e-5,4.334e-1,4.101e-17,4.856e-2,2.035e-17,5.925e-1,7.169e-3,3.851e+0,,2.607e-13,,,2.315e+0,,,1.491e-11,,3.459e-15,,8.671e-19,,,,,,1.630e-1,3.003e-16
601.85,8.638e+0,5.131e-2,1.435e-15,3.604e-43,1.510e-17,,,1.582e-18,5.664e-21,,1.411e-15,3.309e-4,1.963e-26,9.320e-18,9.329e-19,3.308e-31,4.000e-20,5.915e-25,,3.860e-18,1.330e-18,3.234e-36,1.491e-17,,1.813e-25,5.396e-19,,9.609e-1,1.960e-20,3.858e-17,2.405e-19,8.729e-11,1.904e-19,5.820e-5,3.931e-1,4.102e-17,4.322e-2,2.037e-17,6.027e-1,8.484e-3,4.159e+0,,3.699e-13,,,2.278e+0,,,1.085e-11,,2.364e-15,,8.668e-19,,,,,,1.406e-1,3.003e-16
601.88,9.015e+0,4.782e-2,1.943e-15,3.602e-43,1.505e-17,,,1.582e-18,5.666e-21,,1.410e-15,2.723e-4,3.479e-26,9.320e-18,9.315e-19,3.301e-31,4.004e-20,5.919e-25,,3.854e-18,1.331e-18,3.237e-36,1.486e-17,,1.814e-25,5.394e-19,,9.773e-1,1.960e-20,3.861e-17,2.406e-19,1.022e-10,1.905e-19,6.060e-5,3.383e-1,4.105e-17,3.616e-2,2.039e-17,6.199e-1,1.088e-2,4.649e+0,,6.229e-13,,,2.223e+0,,,6.710e-12,,1.331e-15,,8.664e-19,,,,,,1.123e-1,3.004e-16
601.9,9.294e+0,4.552e-2,2.372e-15,3.600e-43,1.502e-17,,,1.582e-18,5.667e-21,,1.410e-15,2.385e-4,5.081e-26,9.320e-18,9.305e-19,3.297e-31,4.007e-20,5.921e-25,,3.851e-18,1.331e-18,3.240e-36,1.483e-17,,1.815e-25,5.393e-19,,9.875e-1,1.960e-20,3.863e-17,2.406e-19,1.139e-10,1.905e-19,6.209e-5,3.053e-1,4.107e-17,3.203e-2,2.041e-17,6.324e-1,1.281e-2,4.995e+0,,8.792e-13,,,2.188e+0,,,4.856e-12,,9.046e-16,,8.662e-19,,,,,,9.635e-2,3.004e-16
601.92,9.594e+0,4.324e-2,2.890e-15,3.598e-43,1.499e-17,,,1.582e-18,5.668e-21,,1.410e-15,2.085e-4,7.405e-26,9.320e-18,9.296e-19,3.292e-31,4.009e-20,5.923e-25,,3.847e-18,1.331e-18,3.242e-36,1.480e-17,,1.816e-25,5.392e-19,,9.970e-1,1.960e-20,3.865e-17,2.406e-19,1.273e-10,1.905e-19,6.348e-5,2.749e-1,4.109e-17,2.831e-2,2.043e-17,6.457e-1,1.505e-2,5.354e+0,,1.239e-12,,,2.153e+0,,,3.508e-12,,6.137e-16,,8.659e-19,,,,,,8.252e-2,3.004e-16
601.95,1.008e+1,3.990e-2,3.869e-15,3.595e-43,1.494e-17,,,1.582e-18,5.670e-21,,1.409e-15,1.696e-4,1.298e-25,9.320e-18,9.282e-19,3.286e-31,4.013e-20,5.926e-25,,3.841e-18,1.332e-18,3.245e-36,1.475e-17,,1.817e-25,5.390e-19,,1.010e+0,1.961e-20,3.867e-17,2.407e-19,1.509e-10,1.905e-19,6.537e-5,2.339e-1,4.111e-17,2.345e-2,2.046e-17,6.670e-1,1.909e-2,5.920e+0,,2.063e-12,,,2.104e+0,,,2.144e-12,,3.415e-16,,8.655e-19,,,,,,6.515e-2,3.004e-16
601.97,1.043e+1,3.772e-2,4.689e-15,3.594e-43,1.491e-17,,,1.582e-18,5.671e-21,,1.409e-15,1.475e-4,1.882e-25,9.320e-18,9.272e-19,3.281e-31,4.016e-20,5.928e-25,,3.837e-18,1.332e-18,3.247e-36,1.472e-17,,1.817e-25,5.389e-19,,1.017e+0,1.961e-20,3.869e-17,2.408e-19,1.693e-10,1.905e-19,6.648e-5,2.095e-1,4.113e-17,2.064e-2,2.047e-17,6.820e-1,2.231e-2,6.313e+0,,2.890e-12,,,2.073e+0,,,1.541e-12,,2.305e-16,,8.652e-19,,,,,,5.550e-2,3.005e-16
602,1.099e+1,3.456e-2,6.229e-15,3.591e-43,1.487e-17,,,1.582e-18,5.673e-21,,1.408e-15,1.191e-4,3.272e-25,9.320e-18,9.258e-19,3.274e-31,4.020e-20,5.931e-25,,3.832e-18,1.333e-18,3.251e-36,1.467e-17,,1.819e-25,5.388e-19,,1.027e+0,1.961e-20,3.871e-17,2.408e-19,2.013e-10,1.905e-19,6.792e-5,1.769e-1,4.116e-17,1.699e-2,2.050e-17,7.053e-1,2.809e-2,6.924e+0,,4.776e-12,,,2.030e+0,,,9.343e-13,,1.272e-16,,8.648e-19,,,,,,4.347e-2,3.005e-16
602.02,1.138e+1,3.252e-2,7.509e-15,3.589e-43,1.483e-17,,,1.582e-18,5.674e-21,,1.408e-15,1.030e-4,4.720e-25,9.319e-18,9.249e-19,3.270e-31,4.023e-20,5.933e-25,,3.828e-18,1.333e-18,3.253e-36,1.464e-17,,1.819e-25,5.387e-19,,1.032e+0,1.961e-20,3.873e-17,2.409e-19,2.261e-10,1.906e-19,6.871e-5,1.576e-1,4.118e-17,1.490e-2,2.052e-17,7.214e-1,3.266e-2,7.345e+0,,6.658e-12,,,2.005e+0,,,6.677e-13,,8.541e-17,,8.646e-19,,,,,,3.684e-2,3.005e-16
602.05,1.199e+1,2.958e-2,9.898e-15,3.587e-43,1.479e-17,,,1.582e-18,5.676e-21,,1.408e-15,8.248e-5,8.144e-25,9.319e-18,9.235e-19,3.263e-31,4.027e-20,5.937e-25,,3.822e-18,1.334e-18,3.256e-36,1.459e-17,,1.820e-25,5.385e-19,,1.037e+0,1.961e-20,3.876e-17,2.409e-19,2.690e-10,1.906e-19,6.964e-5,1.320e-1,4.120e-17,1.223e-2,2.054e-17,7.459e-1,4.079e-2,7.993e+0,,1.092e-11,,,1.971e+0,,,4.017e-13,,4.678e-17,,8.642e-19,,,,,,2.862e-2,3.005e-16
602.07,1.241e+1,2.771e-2,1.187e-14,3.585e-43,1.476e-17,,,1.582e-18,5.677e-21,,1.407e-15,7.095e-5,1.168e-24,9.319e-18,9.226e-19,3.259e-31,4.029e-20,5.939e-25,,3.819e-18,1.334e-18,3.259e-36,1.456e-17,,1.821e-25,5.384e-19,,1.038e+0,1.962e-20,3.878e-17,2.410e-19,3.018e-10,1.906e-19,7.008e-5,1.170e-1,4.122e-17,1.071e-2,2.056e-17,7.623e-1,4.718e-2,8.435e+0,,1.514e-11,,,1.952e+0,,,2.855e-13,,3.123e-17,,8.639e-19,,,,,,2.413e-2,3.006e-16
602.1,1.307e+1,2.503e-2,1.552e-14,3.582e-43,1.471e-17,,,1.582e-18,5.679e-21,,1.407e-15,5.638e-5,2.000e-24,9.319e-18,9.212e-19,3.252e-31,4.033e-20,5.942e-25,,3.813e-18,1.335e-18,3.262e-36,1.452e-17,,1.822e-25,5.383e-19,,1.039e+0,1.962e-20,3.880e-17,2.410e-19,3.582e-10,1.906e-19,7.047e-5,9.721e-2,4.125e-17,8.807e-3,2.059e-17,7.868e-1,5.848e-2,9.107e+0,,2.462e-11,,,1.929e+0,,,1.704e-13,,1.697e-17,,8.635e-19,,,,,,1.860e-2,3.006e-16
602.12,1.352e+1,2.333e-2,1.852e-14,3.580e-43,1.468e-17,,,1.582e-18,5.680e-21,,1.407e-15,4.824e-5,2.855e-24,9.319e-18,9.202e-19,3.247e-31,4.036e-20,5.944e-25,,3.809e-18,1.335e-18,3.264e-36,1.449e-17,,1.823e-25,5.382e-19,,1.037e+0,1.962e-20,3.882e-17,2.411e-19,4.011e-10,1.906e-19,7.055e-5,8.570e-2,4.127e-17,7.751e-3,2.061e-17,8.029e-1,6.730e-2,9.559e+0,,3.397e-11,,,1.918e+0,,,1.205e-13,,1.127e-17,,8.632e-19,,,,,,1.560e-2,3.006e-16
602.15,1.420e+1,2.092e-2,2.403e-14,3.578e-43,1.463e-17,,,1.582e-18,5.682e-21,,1.406e-15,3.803e-5,4.850e-24,9.319e-18,9.188e-19,3.241e-31,4.040e-20,5.947e-25,,3.804e-18,1.336e-18,3.267e-36,1.444e-17,,1.824e-25,5.380e-19,,1.032e+0,1.962e-20,3.884e-17,2.411e-19,4.743e-10,1.906e-19,7.038e-5,7.065e-2,4.129e-17,6.455e-3,2.063e-17,8.262e-1,8.276e-2,1.024e+1,,5.482e-11,,,1.908e+0,,,7.134e-14,,6.073e-18,,8.628e-19,,,,,,1.193e-2,3.007e-16
602.17,1.466e+1,1.941e-2,2.851e-14,3.576e-43,1.460e-17,,,1.581e-18,5.683e-21,,1.406e-15,3.237e-5,6.887e-24,9.318e-18,9.179e-19,3.236e-31,4.043e-20,5.949e-25,,3.800e-18,1.336e-18,3.270e-36,1.441e-17,,1.825e-25,5.379e-19,,1.026e+0,1.962e-20,3.886e-17,2.412e-19,5.294e-10,1.907e-19,7.008e-5,6.195e-2,4.131e-17,5.764e-3,2.065e-17,8.411e-1,9.475e-2,1.069e+1,,7.523e-11,,,1.906e+0,,,5.017e-14,,4.011e-18,,8.625e-19,,,,,,9.947e-3,3.007e-16
602.2,1.535e+1,1.728e-2,3.670e-14,3.573e-43,1.455e-17,,,1.581e-18,5.685e-21,,1.405e-15,2.532e-5,1.161e-23,9.318e-18,9.165e-19,3.229e-31,4.047e-20,5.952e-25,,3.794e-18,1.337e-18,3.273e-36,1.436e-17,,1.826e-25,5.377e-19,,1.015e+0,1.963e-20,3.889e-17,2.412e-19,6.227e-10,1.907e-19,6.937e-5,5.067e-2,4.134e-17,4.963e-3,2.068e-17,8.620e-1,1.156e-1,1.136e+1,,1.205e-10,,,1.910e+0,,,2.947e-14,,2.145e-18,,8.621e-19,,,,,,7.547e-3,3.007e-16
602.22,1.580e+1,1.596e-2,4.332e-14,3.572e-43,1.452e-17,,,1.581e-18,5.686e-21,,1.405e-15,2.143e-5,1.640e-23,9.318e-18,9.156e-19,3.225e-31,4.049e-20,5.955e-25,,3.790e-18,1.337e-18,3.275e-36,1.433e-17,,1.827e-25,5.376e-19,,1.006e+0,1.963e-20,3.891e-17,2.413e-19,6.926e-10,1.907e-19,6.871e-5,4.420e-2,4.136e-17,4.574e-3,2.069e-17,8.749e-1,1.317e-1,1.180e+1,,1.645e-10,,,1.917e+0,,,2.061e-14,,1.409e-18,,8.619e-19,,,,,,6.261e-3,3.007e-16
602.25,1.648e+1,1.411e-2,5.534e-14,3.569e-43,1.448e-17,,,1.581e-18,5.688e-21,,1.405e-15,1.663e-5,2.742e-23,9.318e-18,9.142e-19,3.218e-31,4.053e-20,5.958e-25,,3.785e-18,1.337e-18,3.279e-36,1.428e-17,,1.828e-25,5.375e-19,,9.891e-1,1.963e-20,3.893e-17,2.414e-19,8.098e-10,1.907e-19,6.747e-5,3.586e-2,4.138e-17,4.193e-3,2.072e-17,8.923e-1,1.594e-1,1.244e+1,,2.613e-10,,,1.935e+0,,,1.201e-14,,,,8.615e-19,,,,,,4.713e-3,3.008e-16
602.27,1.692e+1,1.297e-2,6.497e-14,3.567e-43,1.444e-17,,,1.581e-18,5.689e-21,,1.404e-15,1.401e-5,3.853e-23,9.318e-18,9.132e-19,3.213e-31,4.056e-20,5.960e-25,,3.781e-18,1.338e-18,3.281e-36,1.425e-17,,1.829e-25,5.374e-19,,9.760e-1,1.963e-20,3.895e-17,2.414e-19,8.968e-10,1.907e-19,6.648e-5,3.111e-2,4.140e-17,4.069e-3,2.074e-17,9.024e-1,1.807e-1,1.286e+1,,3.549e-10,,,1.952e+0,,,8.357e-15,,,,8.612e-19,,,,,,3.889e-3,3.008e-16
602.29,1.735e+1,1.189e-2,7.613e-14,3.565e-43,1.441e-17,,,1.581e-18,5.690e-21,,1.404e-15,1.177e-5,5.403e-23,9.318e-18,9.123e-19,3.209e-31,4.059e-20,5.962e-25,,3.777e-18,1.338e-18,3.283e-36,1.422e-17,,1.829e-25,5.373e-19,,9.614e-1,1.963e-20,3.897e-17,2.414e-19,9.914e-10,1.907e-19,6.537e-5,2.694e-2,4.142e-17,4.046e-3,2.076e-17,9.113e-1,2.043e-1,1.326e+1,,4.810e-10,,,1.972e+0,,,5.802e-15,,,,8.609e-19,,,,,,3.203e-3,3.008e-16
602.32,1.797e+1,1.041e-2,9.618e-14,3.563e-43,1.437e-17,,,1.581e-18,5.692e-21,,1.404e-15,9.031e-6,8.936e-23,9.317e-18,9.109e-19,3.202e-31,4.063e-20,5.965e-25,,3.772e-18,1.339e-18,3.286e-36,1.417e-17,,1.831e-25,5.371e-19,,9.369e-1,1.964e-20,3.899e-17,2.415e-19,1.148e-9,1.908e-19,6.348e-5,2.162e-2,4.145e-17,4.202e-3,2.078e-17,9.220e-1,2.447e-1,1.382e+1,,7.559e-10,,,2.010e+0,,,3.343e-15,,,,8.605e-19,,,,,,2.384e-3,3.009e-16
602.34,1.837e+1,9.506e-3,1.121e-13,3.561e-43,1.433e-17,,,1.581e-18,5.693e-21,,1.403e-15,7.549e-6,1.247e-22,9.317e-18,9.099e-19,3.198e-31,4.065e-20,5.967e-25,,3.768e-18,1.339e-18,3.289e-36,1.414e-17,,1.831e-25,5.370e-19,,9.188e-1,1.964e-20,3.901e-17,2.415e-19,1.264e-9,1.908e-19,6.209e-5,1.862e-2,4.146e-17,4.435e-3,2.080e-17,9.273e-1,2.753e-1,1.418e+1,,1.019e-9,,,2.039e+0,,,2.309e-15,,,,8.603e-19,,,,,,1.953e-3,3.009e-16
602.37,1.893e+1,8.263e-3,1.405e-13,3.558e-43,1.429e-17,,,1.581e-18,5.695e-21,,1.403e-15,5.747e-6,2.046e-22,9.317e-18,9.085e-19,3.191e-31,4.069e-20,5.970e-25,,3.762e-18,1.340e-18,3.292e-36,1.410e-17,,1.832e-25,5.368e-19,,8.893e-1,1.964e-20,3.904e-17,2.416e-19,1.454e-9,1.908e-19,5.982e-5,1.482e-2,4.149e-17,4.988e-3,2.083e-17,9.323e-1,3.272e-1,1.467e+1,,1.589e-9,,,2.090e+0,,,1.320e-15,,,,8.599e-19,,,,,,1.442e-3,3.009e-16
602.39,1.929e+1,7.507e-3,1.629e-13,3.557e-43,1.426e-17,,,1.581e-18,5.696e-21,,1.403e-15,4.778e-6,2.839e-22,9.317e-18,9.076e-19,3.186e-31,4.072e-20,5.973e-25,,3.758e-18,1.340e-18,3.294e-36,1.406e-17,,1.833e-25,5.367e-19,,8.682e-1,1.964e-20,3.905e-17,2.417e-19,1.592e-9,1.908e-19,5.820e-5,1.270e-2,4.151e-17,5.502e-3,2.084e-17,9.335e-1,3.662e-1,1.496e+1,,2.131e-9,,,2.128e+0,,,9.066e-16,,,,8.596e-19,,,,,,1.175e-3,3.009e-16
602.42,1.977e+1,6.479e-3,2.026e-13,3.554e-43,1.421e-17,,,1.581e-18,5.698e-21,,1.402e-15,3.609e-6,4.623e-22,9.317e-18,9.062e-19,3.180e-31,4.076e-20,5.976e-25,,3.753e-18,1.341e-18,3.298e-36,1.402e-17,,1.834e-25,5.366e-19,,8.345e-1,1.964e-20,3.908e-17,2.417e-19,1.818e-9,1.908e-19,5.564e-5,1.003e-2,4.154e-17,6.511e-3,2.087e-17,9.323e-1,4.319e-1,1.536e+1,,3.297e-9,,,2.190e+0,,,5.141e-16,,,,8.592e-19,,,,,,8.607e-4,3.010e-16
602.44,2.006e+1,5.859e-3,2.337e-13,3.552e-43,1.418e-17,,,1.581e-18,5.699e-21,,1.402e-15,2.985e-6,6.382e-22,9.317e-18,9.053e-19,3.175e-31,4.079e-20,5.978e-25,,3.749e-18,1.341e-18,3.300e-36,1.399e-17,,1.835e-25,5.365e-19,,8.108e-1,1.965e-20,3.910e-17,2.418e-19,1.981e-9,1.909e-19,5.385e-5,8.545e-3,4.155e-17,7.357e-3,2.089e-17,9.293e-1,4.809e-1,1.559e+1,,4.399e-9,,,2.234e+0,,,3.513e-16,,,,8.589e-19,,,,,,6.976e-4,3.010e-16
602.47,2.046e+1,5.021e-3,2.884e-13,3.550e-43,1.413e-17,,,1.581e-18,5.701e-21,,1.402e-15,2.236e-6,1.031e-21,9.317e-18,9.039e-19,3.168e-31,4.083e-20,5.981e-25,,3.743e-18,1.342e-18,3.303e-36,1.394e-17,,1.836e-25,5.363e-19,,7.738e-1,1.965e-20,3.912e-17,2.418e-19,2.246e-9,1.909e-19,5.107e-5,6.695e-3,4.158e-17,8.918e-3,2.092e-17,9.216e-1,5.628e-1,1.587e+1,,6.753e-9,,,2.304e+0,,,1.976e-16,,,,8.585e-19,,,,,,5.070e-4,3.010e-16
602.49,2.068e+1,4.519e-3,3.309e-13,3.548e-43,1.410e-17,,,1.581e-18,5.702e-21,,1.401e-15,1.840e-6,1.416e-21,9.316e-18,9.029e-19,3.164e-31,4.085e-20,5.983e-25,,3.740e-18,1.342e-18,3.305e-36,1.391e-17,,1.837e-25,5.362e-19,,7.482e-1,1.965e-20,3.914e-17,2.419e-19,2.435e-9,1.909e-19,4.916e-5,5.675e-3,4.160e-17,1.018e-2,2.093e-17,9.143e-1,6.235e-1,1.602e+1,,8.962e-9,,,2.353e+0,,,1.343e-16,,,,8.583e-19,,,,,,4.087e-4,3.010e-16
602.52,2.097e+1,3.845e-3,4.050e-13,3.545e-43,1.405e-17,,,1.581e-18,5.704e-21,,1.401e-15,1.368e-6,2.270e-21,9.316e-18,9.015e-19,3.157e-31,4.089e-20,5.986e-25,,3.734e-18,1.342e-18,3.309e-36,1.386e-17,,1.838e-25,5.360e-19,,7.089e-1,1.965e-20,3.917e-17,2.419e-19,2.740e-9,1.909e-19,4.626e-5,4.411e-3,4.162e-17,1.243e-2,2.096e-17,9.002e-1,7.241e-1,1.619e+1,,1.365e-8,,,2.429e+0,,,7.495e-17,,,,8.579e-19,,,,,,2.947e-4,3.011e-16
602.54,2.113e+1,3.444e-3,4.623e-13,3.543e-43,1.402e-17,,,1.581e-18,5.705e-21,,1.401e-15,1.119e-6,3.101e-21,9.316e-18,9.006e-19,3.152e-31,4.092e-20,5.988e-25,,3.730e-18,1.343e-18,3.311e-36,1.383e-17,,1.839e-25,5.359e-19,,6.821e-1,1.965e-20,3.918e-17,2.420e-19,2.956e-9,1.909e-19,4.430e-5,3.720e-3,4.164e-17,1.421e-2,2.098e-17,8.887e-1,7.980e-1,1.626e+1,,1.802e-8,,,2.480e+0,,,5.067e-17,,,,8.576e-19,,,,,,2.363e-4,3.011e-16
602.57,2.131e+1,2.909e-3,5.615e-13,3.541e-43,1.397e-17,,,1.581e-18,5.707e-21,,1.400e-15,8.252e-7,4.933e-21,9.316e-18,8.992e-19,3.146e-31,4.096e-20,5.992e-25,,3.725e-18,1.343e-18,3.314e-36,1.378e-17,,1.840e-25,5.358e-19,,6.414e-1,1.966e-20,3.921e-17,2.420e-19,3.300e-9,1.909e-19,4.135e-5,2.868e-3,4.167e-17,1.735e-2,2.100e-17,8.686e-1,9.197e-1,1.630e+1,,2.724e-8,,,2.557e+0,,,2.805e-17,,,,8.572e-19,,,,,,1.690e-4,3.011e-16
602.59,2.139e+1,2.594e-3,6.375e-13,3.539e-43,1.394e-17,,,1.580e-18,5.708e-21,,1.400e-15,6.718e-7,6.704e-21,9.316e-18,8.982e-19,3.141e-31,4.099e-20,5.994e-25,,3.721e-18,1.344e-18,3.317e-36,1.375e-17,,1.841e-25,5.357e-19,,6.142e-1,1.966e-20,3.923e-17,2.421e-19,3.542e-9,1.910e-19,3.939e-5,2.406e-3,4.169e-17,1.979e-2,2.102e-17,8.533e-1,1.008e+0,1.628e+1,,3.577e-8,,,2.608e+0,,,1.886e-17,,,,8.569e-19,,,,,,1.348e-4,3.012e-16
602.62,2.146e+1,2.175e-3,7.683e-13,3.536e-43,1.390e-17,,,1.580e-18,5.710e-21,,1.399e-15,4.915e-7,1.058e-20,9.316e-18,8.968e-19,3.134e-31,4.103e-20,5.997e-25,,3.715e-18,1.344e-18,3.320e-36,1.370e-17,,1.842e-25,5.355e-19,,5.732e-1,1.966e-20,3.925e-17,2.422e-19,3.924e-9,1.910e-19,3.648e-5,1.841e-3,4.171e-17,2.405e-2,2.105e-17,8.277e-1,1.153e+0,1.619e+1,,5.364e-8,,,2.683e+0,,,1.036e-17,,,,8.565e-19,,,,,,9.569e-5,3.012e-16
602.64,2.147e+1,1.930e-3,8.677e-13,3.535e-43,1.387e-17,,,1.580e-18,5.711e-21,,1.399e-15,3.980e-7,1.430e-20,9.315e-18,8.959e-19,3.130e-31,4.105e-20,5.999e-25,,3.711e-18,1.345e-18,3.322e-36,1.367e-17,,1.843e-25,5.354e-19,,5.461e-1,1.966e-20,3.927e-17,2.422e-19,4.191e-9,1.910e-19,3.457e-5,1.536e-3,4.173e-17,2.734e-2,2.107e-17,8.090e-1,1.258e+0,1.609e+1,,7.008e-8,,,2.731e+0,,,6.929e-18,,,,8.563e-19,,,,,,7.593e-5,3.012e-16
602.66,2.145e+1,1.709e-3,9.780e-13,3.533e-43,1.383e-17,,,1.580e-18,5.712e-21,,1.399e-15,3.216e-7,1.930e-20,9.315e-18,8.950e-19,3.125e-31,4.108e-20,6.001e-25,,3.708e-18,1.345e-18,3.324e-36,1.364e-17,,1.843e-25,5.353e-19,,5.192e-1,1.966e-20,3.929e-17,2.422e-19,4.466e-9,1.910e-19,3.269e-5,1.278e-3,4.175e-17,3.101e-2,2.108e-17,7.891e-1,1.370e+0,1.596e+1,,9.138e-8,,,2.777e+0,,,4.625e-18,,,,8.560e-19,,,,,,6.012e-5,3.012e-16
602.69,2.136e+1,1.419e-3,1.166e-12,3.530e-43,1.379e-17,,,1.580e-18,5.714e-21,,1.398e-15,2.326e-7,3.013e-20,9.315e-18,8.936e-19,3.119e-31,4.112e-20,6.004e-25,,3.702e-18,1.346e-18,3.328e-36,1.360e-17,,1.844e-25,5.351e-19,,4.795e-1,1.967e-20,3.931e-17,2.423e-19,4.895e-9,1.910e-19,2.994e-5,9.672e-4,4.178e-17,3.734e-2,2.111e-17,7.574e-1,1.550e+0,1.570e+1,,1.355e-7,,,2.842e+0,,,2.512e-18,,,,8.556e-19,,,,,,4.219e-5,3.013e-16
602.71,2.128e+1,1.251e-3,1.307e-12,3.528e-43,1.376e-17,,,1.580e-18,5.715e-21,,1.398e-15,1.870e-7,4.044e-20,9.315e-18,8.926e-19,3.114e-31,4.115e-20,6.006e-25,,3.698e-18,1.346e-18,3.330e-36,1.356e-17,,1.845e-25,5.350e-19,,4.536e-1,1.967e-20,3.933e-17,2.423e-19,5.190e-9,1.910e-19,2.816e-5,8.010e-4,4.180e-17,4.216e-2,2.113e-17,7.350e-1,1.679e+0,1.548e+1,,1.758e-7,,,2.881e+0,,,1.667e-18,,,,8.553e-19,,,,,,3.323e-5,3.013e-16
602.74,2.110e+1,1.031e-3,1.545e-12,3.526e-43,1.371e-17,,,1.580e-18,5.717e-21,,1.398e-15,1.342e-7,6.263e-20,9.315e-18,8.912e-19,3.107e-31,4.119e-20,6.010e-25,,3.693e-18,1.347e-18,3.333e-36,1.352e-17,,1.846e-25,5.349e-19,,4.157e-1,1.967e-20,3.936e-17,2.424e-19,5.645e-9,1.911e-19,2.559e-5,6.012e-4,4.182e-17,5.039e-2,2.115e-17,7.000e-1,1.885e+0,1.511e+1,,2.586e-7,,,2.934e+0,,,8.983e-19,,,,8.549e-19,,,,,,2.314e-5,3.013e-16
602.76,2.095e+1,9.046e-4,1.724e-12,3.524e-43,1.368e-17,,,1.580e-18,5.718e-21,,1.397e-15,1.073e-7,8.362e-20,9.315e-18,8.903e-19,3.103e-31,4.121e-20,6.012e-25,,3.689e-18,1.347e-18,3.336e-36,1.349e-17,,1.847e-25,5.348e-19,,3.912e-1,1.967e-20,3.937e-17,2.425e-19,5.954e-9,1.911e-19,2.394e-5,4.953e-4,4.184e-17,5.660e-2,2.117e-17,6.758e-1,2.032e+0,1.483e+1,,3.337e-7,,,2.964e+0,,,5.932e-19,,,,8.547e-19,,,,,,1.813e-5,3.013e-16
602.79,2.069e+1,7.405e-4,2.022e-12,3.521e-43,1.363e-17,,,1.580e-18,5.720e-21,,1.397e-15,7.640e-8,1.285e-19,9.314e-18,8.889e-19,3.096e-31,4.125e-20,6.015e-25,,3.683e-18,1.347e-18,3.339e-36,1.344e-17,,1.848e-25,5.346e-19,,3.557e-1,1.967e-20,3.940e-17,2.425e-19,6.425e-9,1.911e-19,2.158e-5,3.688e-4,4.187e-17,6.713e-2,2.120e-17,6.386e-1,2.265e+0,1.436e+1,,4.872e-7,,,3.002e+0,,,3.170e-19,,,,8.543e-19,,,,,,1.253e-5,3.014e-16
602.81,2.049e+1,6.464e-4,2.244e-12,3.520e-43,1.360e-17,,,1.580e-18,5.721e-21,,1.397e-15,6.076e-8,1.707e-19,9.314e-18,8.880e-19,3.091e-31,4.128e-20,6.017e-25,,3.679e-18,1.348e-18,3.341e-36,1.341e-17,,1.849e-25,5.345e-19,,3.330e-1,1.967e-20,3.942e-17,2.426e-19,6.742e-9,1.911e-19,2.009e-5,3.022e-4,4.189e-17,7.502e-2,2.122e-17,6.134e-1,2.429e+0,1.402e+1,,6.254e-7,,,3.021e+0,,,3.163e-19,,,,8.540e-19,,,,,,9.775e-6,3.014e-16
602.84,2.016e+1,5.253e-4,2.612e-12,3.517e-43,1.355e-17,,,1.580e-18,5.723e-21,,1.396e-15,4.292e-8,2.603e-19,9.314e-18,8.865e-19,3.085e-31,4.132e-20,6.020e-25,,3.674e-18,1.348e-18,3.345e-36,1.336e-17,,1.850e-25,5.343e-19,,3.005e-1,1.968e-20,3.944e-17,2.426e-19,7.219e-9,1.911e-19,1.797e-5,2.233e-4,4.191e-17,8.829e-2,2.124e-17,5.751e-1,2.687e+0,1.347e+1,,9.059e-7,,,3.040e+0,,,3.152e-19,,,,8.536e-19,,,,,,6.715e-6,3.014e-16
602.86,1.992e+1,4.564e-4,2.883e-12,3.515e-43,1.352e-17,,,1.580e-18,5.724e-21,,1.396e-15,3.395e-8,3.439e-19,9.314e-18,8.856e-19,3.080e-31,4.135e-20,6.022e-25,,3.670e-18,1.349e-18,3.347e-36,1.333e-17,,1.851e-25,5.342e-19,,2.799e-1,1.968e-20,3.946e-17,2.427e-19,7.537e-9,1.911e-19,1.664e-5,1.820e-4,4.193e-17,9.815e-2,2.126e-17,5.495e-1,2.866e+0,1.308e+1,,1.157e-6,,,3.047e+0,,,3.145e-19,,,,8.533e-19,,,,,,5.222e-6,3.015e-16
602.89,1.955e+1,3.682e-4,3.329e-12,3.512e-43,1.347e-17,,,1.580e-18,5.726e-21,,1.396e-15,2.379e-8,5.203e-19,9.314e-18,8.842e-19,3.073e-31,4.139e-20,6.025e-25,,3.664e-18,1.349e-18,3.350e-36,1.328e-17,,1.852e-25,5.341e-19,,2.506e-1,1.968e-20,3.949e-17,2.427e-19,8.008e-9,1.912e-19,1.476e-5,1.334e-4,4.196e-17,1.146e-1,2.129e-17,5.113e-1,3.148e+0,1.247e+1,,1.663e-6,,,3.047e+0,,,3.134e-19,,,,8.529e-19,,,,,,3.583e-6,3.015e-16
602.91,1.928e+1,3.184e-4,3.655e-12,3.511e-43,1.344e-17,,,1.580e-18,5.727e-21,,1.395e-15,1.872e-8,6.839e-19,9.314e-18,8.833e-19,3.069e-31,4.141e-20,6.028e-25,,3.661e-18,1.350e-18,3.352e-36,1.325e-17,,1.853e-25,5.340e-19,,2.322e-1,1.968e-20,3.950e-17,2.428e-19,8.316e-9,1.912e-19,1.360e-5,1.081e-4,4.198e-17,1.268e-1,2.130e-17,4.860e-1,3.342e+0,1.205e+1,,2.112e-6,,,3.039e+0,,,3.126e-19,,,,8.527e-19,,,,,,2.796e-6,3.015e-16
602.94,1.887e+1,2.550e-4,4.188e-12,3.508e-43,1.340e-17,,,1.580e-18,5.729e-21,,1.395e-15,1.302e-8,1.027e-18,9.314e-18,8.819e-19,3.062e-31,4.145e-20,6.031e-25,,3.655e-18,1.350e-18,3.356e-36,1.320e-17,,1.854e-25,5.338e-19,,2.063e-1,1.969e-20,3.953e-17,2.428e-19,8.768e-9,1.912e-19,1.197e-5,7.863e-5,4.200e-17,1.468e-1,2.133e-17,4.486e-1,3.643e+0,1.141e+1,,3.012e-6,,,3.018e+0,,,3.115e-19,,,,8.523e-19,,,,,,1.952e-6,3.016e-16
602.96,1.859e+1,2.195e-4,4.574e-12,3.506e-43,1.337e-17,,,1.580e-18,5.730e-21,,1.395e-15,1.019e-8,1.342e-18,9.313e-18,8.809e-19,3.058e-31,4.148e-20,6.033e-25,,3.651e-18,1.351e-18,3.358e-36,1.317e-17,,1.854e-25,5.337e-19,,1.902e-1,1.969e-20,3.955e-17,2.429e-19,9.058e-9,1.912e-19,1.097e-5,6.341e-5,4.202e-17,1.616e-1,2.135e-17,4.242e-1,3.849e+0,1.097e+1,,3.806e-6,,,2.997e+0,,,3.108e-19,,,,8.520e-19,,,,,,1.562e-6,3.016e-16
602.99,1.816e+1,1.745e-4,5.200e-12,3.504e-43,1.332e-17,,,1.580e-18,5.732e-21,,1.394e-15,7.027e-9,1.999e-18,9.313e-18,8.795e-19,3.051e-31,4.152e-20,6.036e-25,,3.645e-18,1.351e-18,3.361e-36,1.313e-17,,1.856e-25,5.336e-19,,1.676e-1,1.969e-20,3.957e-17,2.429e-19,9.476e-9,1.912e-19,9.578e-6,4.574e-5,4.205e-17,1.857e-1,2.138e-17,3.885e-1,4.165e+0,1.030e+1,,5.385e-6,,,2.955e+0,,,3.097e-19,,,,8.516e-19,,,,,,1.173e-6,3.016e-16
603.01,1.788e+1,1.494e-4,5.650e-12,3.502e-43,1.329e-17,,,1.580e-18,5.733e-21,,1.394e-15,5.471e-9,2.601e-18,9.313e-18,8.786e-19,3.046e-31,4.155e-20,6.038e-25,,3.642e-18,1.351e-18,3.364e-36,1.310e-17,,1.856e-25,5.334e-19,,1.537e-1,1.969e-20,3.959e-17,2.430e-19,9.740e-9,1.912e-19,8.728e-6,3.670e-5,4.206e-17,2.032e-1,2.139e-17,3.655e-1,4.379e+0,9.858e+0,,6.769e-6,,,2.920e+0,,,3.090e-19,,,,8.513e-19,,,,,,1.019e-6,3.016e-16
603.04,1.746e+1,1.180e-4,6.373e-12,3.499e-43,1.324e-17,,,1.579e-18,5.735e-21,,1.393e-15,3.744e-9,3.844e-18,9.313e-18,8.772e-19,3.040e-31,4.159e-20,6.041e-25,,3.636e-18,1.352e-18,6.247e-36,1.305e-17,,1.857e-25,5.333e-19,,1.344e-1,1.969e-20,3.962e-17,2.431e-19,1.011e-8,1.913e-19,7.563e-6,2.626e-5,4.209e-17,2.318e-1,2.142e-17,3.322e-1,4.705e+0,9.195e+0,,9.503e-6,,,2.858e+0,,,3.079e-19,,,,8.509e-19,,,,,,9.213e-7,3.017e-16
603.06,1.718e+1,1.005e-4,6.887e-12,3.498e-43,1.321e-17,,,1.579e-18,5.736e-21,,1.393e-15,2.900e-9,4.974e-18,9.313e-18,8.763e-19,3.035e-31,4.161e-20,6.043e-25,,3.632e-18,1.352e-18,9.415e-36,1.302e-17,,1.858e-25,5.332e-19,,1.226e-1,1.969e-20,3.964e-17,2.431e-19,1.034e-8,1.913e-19,6.856e-6,2.096e-5,4.211e-17,2.523e-1,2.144e-17,3.108e-1,4.924e+0,8.758e+0,,1.188e-5,,,2.811e+0,,,3.071e-19,,,,8.507e-19,,,,,,9.363e-7,3.017e-16
603.08,1.691e+1,8.552e-5,7.428e-12,3.496e-43,1.318e-17,,,1.579e-18,5.737e-21,,1.393e-15,2.241e-9,6.423e-18,9.313e-18,8.753e-19,3.031e-31,4.164e-20,6.046e-25,,3.629e-18,1.353e-18,1.416e-35,1.299e-17,,1.859e-25,5.331e-19,,1.116e-1,1.970e-20,3.965e-17,2.431e-19,1.055e-8,1.913e-19,6.202e-6,1.669e-5,4.213e-17,2.741e-1,2.146e-17,2.903e-1,5.143e+0,8.328e+0,,1.483e-5,,,2.758e+0,,,3.064e-19,,,,8.504e-19,,,,,,1.015e-6,3.017e-16
603.11,1.651e+1,6.684e-5,8.287e-12,3.493e-43,1.313e-17,,,1.579e-18,5.739e-21,,1.392e-15,1.516e-9,9.389e-18,9.312e-18,8.739e-19,3.024e-31,4.168e-20,6.049e-25,,3.623e-18,1.353e-18,2.601e-35,1.294e-17,,1.860e-25,5.329e-19,,9.654e-2,1.970e-20,3.968e-17,2.432e-19,1.083e-8,1.913e-19,5.315e-6,1.181e-5,4.215e-17,3.092e-1,2.148e-17,2.609e-1,5.472e+0,7.697e+0,,2.059e-5,,,2.672e+0,,,3.053e-19,,,,8.500e-19,,,,,,1.260e-6,3.017e-16
603.13,1.625e+1,5.657e-5,8.890e-12,3.491e-43,1.310e-17,,,1.579e-18,5.740e-21,,1.392e-15,1.166e-9,1.206e-17,9.312e-18,8.730e-19,3.019e-31,4.171e-20,6.051e-25,,3.619e-18,1.354e-18,3.892e-35,1.291e-17,,1.861e-25,5.328e-19,,8.742e-2,1.970e-20,3.970e-17,2.433e-19,1.099e-8,1.913e-19,4.783e-6,9.355e-6,4.217e-17,3.342e-1,2.150e-17,2.424e-1,5.690e+0,7.290e+0,,2.556e-5,,,2.609e+0,,,3.046e-19,,,,8.497e-19,,,,,,1.520e-6,3.018e-16
603.16,1.589e+1,4.389e-5,9.841e-12,3.489e-43,1.305e-17,,,1.579e-18,5.742e-21,,1.392e-15,7.826e-10,1.749e-17,9.312e-18,8.716e-19,3.012e-31,4.175e-20,6.054e-25,,3.613e-18,1.354e-18,7.095e-35,1.286e-17,,1.862e-25,5.327e-19,,7.502e-2,1.970e-20,3.972e-17,2.433e-19,1.120e-8,1.914e-19,4.067e-6,6.569e-6,4.220e-17,3.740e-1,2.153e-17,2.163e-1,6.013e+0,6.701e+0,,3.522e-5,,,2.507e+0,,,3.035e-19,,,,8.493e-19,,,,,,2.090e-6,3.018e-16
603.18,1.566e+1,3.697e-5,1.050e-11,3.487e-43,1.302e-17,,,1.579e-18,5.743e-21,,1.391e-15,5.984e-10,2.236e-17,9.312e-18,8.706e-19,3.008e-31,4.177e-20,6.056e-25,,3.610e-18,1.355e-18,1.056e-34,1.283e-17,,1.863e-25,5.326e-19,,6.758e-2,1.970e-20,3.974e-17,2.434e-19,1.131e-8,1.914e-19,3.640e-6,5.175e-6,4.222e-17,4.021e-1,2.154e-17,2.000e-1,6.224e+0,6.325e+0,,4.349e-5,,,2.436e+0,,,3.027e-19,,,,8.491e-19,,,,,,2.619e-6,3.018e-16
603.21,1.533e+1,2.847e-5,1.153e-11,3.484e-43,1.297e-17,,,1.579e-18,5.745e-21,,1.391e-15,3.986e-10,3.217e-17,9.312e-18,8.692e-19,3.001e-31,4.181e-20,6.059e-25,,3.604e-18,1.355e-18,1.910e-34,1.278e-17,,1.864e-25,5.324e-19,,5.754e-2,1.971e-20,3.977e-17,2.434e-19,1.144e-8,1.914e-19,3.070e-6,3.605e-6,4.224e-17,4.464e-1,2.157e-17,1.771e-1,6.535e+0,5.790e+0,,5.945e-5,,,2.324e+0,,,3.016e-19,,,,8.487e-19,,,,,,3.704e-6,3.019e-16
603.23,1.513e+1,2.387e-5,1.224e-11,3.483e-43,1.294e-17,,,1.579e-18,5.746e-21,,1.391e-15,3.032e-10,4.090e-17,9.312e-18,8.683e-19,2.997e-31,4.184e-20,6.061e-25,,3.600e-18,1.356e-18,2.828e-34,1.275e-17,,1.865e-25,5.323e-19,,5.156e-2,1.971e-20,3.978e-17,2.435e-19,1.149e-8,1.914e-19,2.734e-6,2.825e-6,4.226e-17,4.774e-1,2.159e-17,1.629e-1,6.736e+0,5.453e+0,,7.304e-5,,,2.246e+0,,,3.009e-19,,,,8.484e-19,,,,,,4.677e-6,3.019e-16
603.26,1.485e+1,1.825e-5,1.334e-11,3.480e-43,1.290e-17,,,1.579e-18,5.748e-21,,1.390e-15,2.003e-10,5.840e-17,9.311e-18,8.669e-19,2.990e-31,4.188e-20,6.065e-25,,3.595e-18,1.356e-18,5.076e-34,1.270e-17,,1.866e-25,5.321e-19,,4.356e-2,1.971e-20,3.981e-17,2.435e-19,1.153e-8,1.914e-19,2.288e-6,1.953e-6,4.229e-17,5.259e-1,2.161e-17,1.433e-1,7.028e+0,4.980e+0,,9.906e-5,,,2.126e+0,,,2.998e-19,,,,8.480e-19,,,,,,6.632e-6,3.019e-16
603.28,1.468e+1,1.522e-5,1.409e-11,3.478e-43,1.286e-17,,,1.579e-18,5.749e-21,,1.390e-15,1.516e-10,7.386e-17,9.311e-18,8.660e-19,2.985e-31,4.191e-20,6.067e-25,,3.591e-18,1.356e-18,7.477e-34,1.267e-17,,1.866e-25,5.320e-19,,3.882e-2,1.971e-20,3.983e-17,2.436e-19,1.152e-8,1.914e-19,2.026e-6,1.522e-6,4.231e-17,5.595e-1,2.163e-17,1.312e-1,7.215e+0,4.687e+0,,1.211e-4,,,2.044e+0,,,2.991e-19,,,,8.477e-19,,,,,,8.359e-6,3.019e-16
603.31,1.444e+1,1.155e-5,1.523e-11,3.475e-43,1.282e-17,,,1.579e-18,5.751e-21,,1.390e-15,9.935e-11,1.046e-16,9.311e-18,8.646e-19,2.979e-31,4.195e-20,6.070e-25,,3.585e-18,1.357e-18,1.332e-33,1.263e-17,,1.868e-25,5.319e-19,,3.254e-2,1.971e-20,3.985e-17,2.436e-19,1.147e-8,1.915e-19,1.683e-6,1.044e-6,4.233e-17,6.116e-1,2.166e-17,1.147e-1,7.483e+0,4.282e+0,,1.629e-4,,,1.920e+0,,,2.980e-19,,,,8.473e-19,,,,,,1.179e-5,3.020e-16
603.33,1.431e+1,9.588e-6,1.600e-11,3.474e-43,1.279e-17,,,1.579e-18,5.752e-21,,1.389e-15,7.477e-11,1.317e-16,9.311e-18,8.636e-19,2.974e-31,4.197e-20,6.072e-25,,3.582e-18,1.357e-18,1.951e-33,1.260e-17,,1.868e-25,5.318e-19,,2.885e-2,1.972e-20,3.987e-17,2.437e-19,1.140e-8,1.915e-19,1.482e-6,8.093e-7,4.235e-17,6.472e-1,2.168e-17,1.046e-1,7.653e+0,4.035e+0,,1.981e-4,,,1.836e+0,,,2.972e-19,,,,8.471e-19,,,,,,1.480e-5,3.020e-16
603.36,1.412e+1,7.224e-6,1.716e-11,3.471e-43,1.274e-17,,,1.579e-18,5.754e-21,,1.389e-15,4.862e-11,1.851e-16,9.311e-18,8.622e-19,2.967e-31,4.201e-20,6.075e-25,,3.576e-18,1.358e-18,3.448e-33,1.255e-17,,1.869e-25,5.316e-19,,2.399e-2,1.972e-20,3.990e-17,2.437e-19,1.126e-8,1.915e-19,1.221e-6,5.505e-7,4.238e-17,7.019e-1,2.170e-17,9.100e-2,7.893e+0,3.702e+0,,2.645e-4,,,1.711e+0,,,2.961e-19,,,,8.467e-19,,,,,,2.073e-5,3.020e-16
603.38,1.402e+1,5.966e-6,1.794e-11,3.469e-43,1.271e-17,,,1.579e-18,5.755e-21,,1.389e-15,3.640e-11,2.316e-16,9.311e-18,8.613e-19,2.963e-31,4.204e-20,6.077e-25,,3.572e-18,1.358e-18,5.026e-33,1.252e-17,,1.870e-25,5.315e-19,,2.116e-2,1.972e-20,3.991e-17,2.438e-19,1.114e-8,1.915e-19,1.070e-6,4.246e-7,4.240e-17,7.389e-1,2.172e-17,8.282e-2,8.043e+0,3.503e+0,,3.198e-4,,,1.628e+0,,,2.954e-19,,,,8.464e-19,,,,,,2.589e-5,3.020e-16
603.41,1.389e+1,4.462e-6,1.909e-11,3.467e-43,1.266e-17,,,1.579e-18,5.757e-21,,1.388e-15,2.349e-11,3.231e-16,9.311e-18,8.599e-19,2.956e-31,4.208e-20,6.080e-25,,3.566e-18,1.359e-18,8.813e-33,1.247e-17,,1.871e-25,5.313e-19,,1.746e-2,1.972e-20,3.994e-17,2.439e-19,1.092e-8,1.915e-19,8.746e-7,2.865e-7,4.242e-17,7.950e-1,2.175e-17,7.185e-2,8.254e+0,3.242e+0,,4.237e-4,,,1.506e+0,,,2.943e-19,,,,8.460e-19,,,,,,3.599e-5,3.021e-16
603.43,1.382e+1,3.667e-6,1.984e-11,3.465e-43,1.263e-17,,,1.579e-18,5.758e-21,,1.388e-15,1.749e-11,4.023e-16,9.310e-18,8.589e-19,2.951e-31,4.211e-20,6.083e-25,,3.563e-18,1.359e-18,1.278e-32,1.244e-17,,1.872e-25,5.312e-19,,1.532e-2,1.972e-20,3.996e-17,2.439e-19,1.075e-8,1.915e-19,7.625e-7,2.199e-7,4.244e-17,8.325e-1,2.177e-17,6.536e-2,8.384e+0,3.092e+0,,5.098e-4,,,1.425e+0,,,2.936e-19,,,,8.457e-19,,,,,,4.472e-5,3.021e-16
603.45,1.376e+1,3.008e-6,2.058e-11,3.463e-43,1.260e-17,,,1.578e-18,5.760e-21,,1.388e-15,1.300e-11,4.999e-16,9.310e-18,8.580e-19,2.947e-31,4.213e-20,6.085e-25,,3.559e-18,1.360e-18,1.850e-32,1.241e-17,,1.873e-25,5.311e-19,,1.341e-2,1.973e-20,3.997e-17,2.439e-19,1.056e-8,1.916e-19,6.633e-7,1.683e-7,4.246e-17,8.701e-1,2.178e-17,5.949e-2,8.506e+0,2.961e+0,,6.120e-4,,,1.346e+0,,,2.928e-19,,,,8.455e-19,,,,,,5.544e-5,3.021e-16
603.48,1.369e+1,2.226e-6,2.166e-11,3.460e-43,1.255e-17,,,1.578e-18,5.761e-21,,1.387e-15,8.292e-12,6.896e-16,9.310e-18,8.566e-19,2.940e-31,4.217e-20,6.088e-25,,3.553e-18,1.360e-18,3.208e-32,1.236e-17,,1.874e-25,5.310e-19,,1.094e-2,1.973e-20,4.000e-17,2.440e-19,1.024e-8,1.916e-19,5.361e-7,1.123e-7,4.249e-17,9.259e-1,2.181e-17,5.181e-2,8.674e+0,2.799e+0,,8.020e-4,,,1.231e+0,,,2.917e-19,,,,8.451e-19,,,,,,7.624e-5,3.022e-16
603.5,1.367e+1,1.817e-6,2.236e-11,3.459e-43,1.252e-17,,,1.578e-18,5.763e-21,,1.387e-15,6.129e-12,8.524e-16,9.310e-18,8.557e-19,2.936e-31,4.220e-20,6.090e-25,,3.550e-18,1.360e-18,4.619e-32,1.233e-17,,1.875e-25,5.309e-19,,9.528e-3,1.973e-20,4.002e-17,2.440e-19,1.000e-8,1.916e-19,4.640e-7,8.556e-8,4.250e-17,9.625e-1,2.183e-17,4.740e-2,8.776e+0,2.714e+0,,9.578e-4,,,1.157e+0,,,2.910e-19,,,,8.448e-19,,,,,,9.403e-5,3.022e-16
603.53,1.365e+1,1.335e-6,2.335e-11,3.456e-43,1.247e-17,,,1.578e-18,5.764e-21,,1.386e-15,3.879e-12,1.167e-15,9.310e-18,8.543e-19,2.929e-31,4.224e-20,6.093e-25,,3.544e-18,1.361e-18,7.948e-32,1.228e-17,,1.876e-25,5.307e-19,,7.713e-3,1.973e-20,4.004e-17,2.441e-19,9.625e-9,1.916e-19,3.720e-7,5.664e-8,4.253e-17,1.016e+0,2.185e-17,4.177e-2,8.916e+0,2.620e+0,,1.245e-3,,,1.050e+0,,,2.899e-19,,,,8.444e-19,,,,,,1.283e-4,3.022e-16
603.55,1.366e+1,1.084e-6,2.397e-11,3.454e-43,1.244e-17,,,1.578e-18,5.765e-21,,1.386e-15,2.852e-12,1.435e-15,9.310e-18,8.533e-19,2.924e-31,4.227e-20,6.095e-25,,3.540e-18,1.361e-18,1.138e-31,1.225e-17,,1.877e-25,5.306e-19,,6.682e-3,1.973e-20,4.006e-17,2.442e-19,9.357e-9,1.916e-19,3.203e-7,4.291e-8,4.255e-17,1.051e+0,2.187e-17,3.865e-2,9.000e+0,2.578e+0,,1.480e-3,,,9.814e-1,,,2.892e-19,,,,8.441e-19,,,,,,1.574e-4,3.022e-16
603.58,1.369e+1,7.908e-7,2.483e-11,3.452e-43,1.240e-17,,,1.578e-18,5.767e-21,,1.386e-15,1.791e-12,1.949e-15,9.309e-18,8.519e-19,2.918e-31,4.231e-20,6.098e-25,,3.534e-18,1.362e-18,1.944e-31,1.220e-17,,1.878e-25,5.304e-19,,5.367e-3,1.974e-20,4.009e-17,2.442e-19,8.936e-9,1.916e-19,2.548e-7,2.819e-8,4.258e-17,1.101e+0,2.190e-17,3.485e-2,9.115e+0,2.546e+0,,1.909e-3,,,8.836e-1,,,2.881e-19,,,,8.437e-19,,,,,,2.131e-4,3.023e-16
603.6,1.372e+1,6.391e-7,2.536e-11,3.450e-43,1.236e-17,,,1.578e-18,5.768e-21,,1.385e-15,1.310e-12,2.384e-15,9.309e-18,8.510e-19,2.913e-31,4.233e-20,6.101e-25,,3.531e-18,1.362e-18,2.770e-31,1.217e-17,,1.878e-25,5.303e-19,,4.625e-3,1.974e-20,4.010e-17,2.443e-19,8.643e-9,1.917e-19,2.182e-7,2.124e-8,4.259e-17,1.132e+0,2.192e-17,3.288e-2,9.184e+0,2.544e+0,,2.256e-3,,,8.216e-1,,,2.873e-19,,,,8.434e-19,,,,,,2.601e-4,3.023e-16
603.63,1.380e+1,4.626e-7,2.607e-11,3.447e-43,1.232e-17,,,1.578e-18,5.770e-21,,1.385e-15,8.161e-13,3.213e-15,9.309e-18,8.496e-19,2.906e-31,4.237e-20,6.104e-25,,3.525e-18,1.363e-18,4.693e-31,1.213e-17,,1.880e-25,5.302e-19,,3.685e-3,1.974e-20,4.013e-17,2.443e-19,8.192e-9,1.917e-19,1.722e-7,1.384e-8,4.262e-17,1.177e+0,2.194e-17,3.073e-2,9.278e+0,2.569e+0,,2.887e-3,,,7.339e-1,,,2.862e-19,,,,8.430e-19,,,,,,3.494e-4,3.023e-16
603.65,1.386e+1,3.720e-7,2.648e-11,3.445e-43,1.229e-17,,,1.578e-18,5.771e-21,,1.385e-15,5.937e-13,3.910e-15,9.309e-18,8.487e-19,2.902e-31,4.240e-20,6.106e-25,,3.521e-18,1.363e-18,6.652e-31,1.210e-17,,1.880e-25,5.301e-19,,3.159e-3,1.974e-20,4.015e-17,2.444e-19,7.884e-9,1.917e-19,1.467e-7,1.038e-8,4.264e-17,1.204e+0,2.196e-17,2.980e-2,9.335e+0,2.604e+0,,3.395e-3,,,6.789e-1,,,2.855e-19,,,,8.428e-19,,,,,,4.242e-4,3.024e-16
603.68,1.397e+1,2.672e-7,2.701e-11,3.443e-43,1.224e-17,,,1.578e-18,5.773e-21,,1.384e-15,3.669e-13,5.229e-15,9.309e-18,8.473e-19,2.895e-31,4.244e-20,6.109e-25,,3.516e-18,1.364e-18,1.118e-30,1.205e-17,,1.881e-25,5.299e-19,,2.497e-3,1.974e-20,4.017e-17,2.444e-19,7.416e-9,1.917e-19,1.149e-7,6.707e-9,4.267e-17,1.242e+0,2.199e-17,2.913e-2,9.413e+0,2.680e+0,,4.311e-3,,,6.016e-1,,,2.844e-19,,,,8.424e-19,,,,,,5.653e-4,3.024e-16
603.7,1.406e+1,2.138e-7,2.729e-11,3.441e-43,1.221e-17,,,1.578e-18,5.774e-21,,1.384e-15,2.655e-13,6.330e-15,9.309e-18,8.463e-19,2.891e-31,4.247e-20,6.111e-25,,3.512e-18,1.364e-18,1.577e-30,1.202e-17,,1.882e-25,5.298e-19,,2.130e-3,1.975e-20,4.019e-17,2.445e-19,7.102e-9,1.917e-19,9.732e-8,5.001e-9,4.268e-17,1.264e+0,2.200e-17,2.915e-2,9.461e+0,2.746e+0,,5.042e-3,,,5.536e-1,,,2.837e-19,,,,8.421e-19,,,,,,6.829e-4,3.024e-16
603.73,1.421e+1,1.525e-7,2.762e-11,3.438e-43,1.216e-17,,,1.578e-18,5.776e-21,,1.383e-15,1.628e-13,8.400e-15,9.308e-18,8.449e-19,2.884e-31,4.251e-20,6.114e-25,,3.506e-18,1.365e-18,2.630e-30,1.197e-17,,1.883e-25,5.296e-19,,1.670e-3,1.975e-20,4.022e-17,2.445e-19,6.631e-9,1.917e-19,7.560e-8,3.208e-9,4.271e-17,1.294e+0,2.203e-17,2.986e-2,9.528e+0,2.866e+0,,6.353e-3,,,4.868e-1,,,2.826e-19,,,,8.417e-19,,,,,,9.030e-4,3.024e-16
603.75,1.433e+1,1.214e-7,2.776e-11,3.437e-43,1.213e-17,,,1.578e-18,5.777e-21,,1.383e-15,1.172e-13,1.012e-14,9.308e-18,8.440e-19,2.879e-31,4.253e-20,6.116e-25,,3.502e-18,1.365e-18,3.690e-30,1.194e-17,,1.884e-25,5.295e-19,,1.417e-3,1.975e-20,4.023e-17,2.446e-19,6.319e-9,1.918e-19,6.372e-8,2.379e-9,4.273e-17,1.310e+0,2.205e-17,3.077e-2,9.570e+0,2.959e+0,,7.392e-3,,,4.456e-1,,,2.818e-19,,,,8.414e-19,,,,,,1.085e-3,3.025e-16
603.78,1.451e+1,8.590e-8,2.787e-11,3.434e-43,1.208e-17,,,1.578e-18,5.779e-21,,1.383e-15,7.128e-14,1.332e-14,9.308e-18,8.426e-19,2.872e-31,4.257e-20,6.120e-25,,3.497e-18,1.366e-18,6.108e-30,1.189e-17,,1.885e-25,5.294e-19,,1.102e-3,1.975e-20,4.026e-17,2.447e-19,5.857e-9,1.918e-19,4.911e-8,1.514e-9,4.276e-17,1.330e+0,2.207e-17,3.278e-2,9.631e+0,3.116e+0,,9.242e-3,,,3.888e-1,,,2.807e-19,,,,8.410e-19,,,,,,1.424e-3,3.025e-16
603.8,1.464e+1,6.805e-8,2.787e-11,3.432e-43,1.205e-17,,,1.578e-18,5.780e-21,,1.382e-15,5.104e-14,1.596e-14,9.308e-18,8.416e-19,2.868e-31,4.260e-20,6.122e-25,,3.493e-18,1.366e-18,8.524e-30,1.186e-17,,1.886e-25,5.293e-19,,9.302e-4,1.975e-20,4.028e-17,2.447e-19,5.554e-9,1.918e-19,4.118e-8,1.117e-9,4.277e-17,1.339e+0,2.209e-17,3.453e-2,9.670e+0,3.231e+0,,1.070e-2,,,3.541e-1,,,2.800e-19,,,,8.408e-19,,,,,,1.702e-3,3.025e-16
603.82,1.478e+1,5.380e-8,2.781e-11,3.430e-43,1.202e-17,,,1.578e-18,5.782e-21,,1.382e-15,3.647e-14,1.908e-14,9.308e-18,8.407e-19,2.863e-31,4.263e-20,6.124e-25,,3.489e-18,1.366e-18,1.187e-29,1.183e-17,,1.887e-25,5.292e-19,,7.832e-4,1.976e-20,4.030e-17,2.447e-19,5.257e-9,1.918e-19,3.445e-8,8.223e-10,4.279e-17,1.347e+0,2.211e-17,3.662e-2,9.709e+0,3.354e+0,,1.236e-2,,,3.218e-1,,,2.793e-19,,,,8.405e-19,,,,,,2.030e-3,3.025e-16
603.85,1.500e+1,3.767e-8,2.762e-11,3.428e-43,1.197e-17,,,1.578e-18,5.783e-21,,1.382e-15,2.194e-14,2.485e-14,9.308e-18,8.393e-19,2.857e-31,4.267e-20,6.127e-25,,3.484e-18,1.367e-18,1.944e-29,1.178e-17,,1.888e-25,5.290e-19,,6.027e-4,1.976e-20,4.032e-17,2.448e-19,4.824e-9,1.918e-19,2.626e-8,5.174e-10,4.282e-17,1.352e+0,2.214e-17,4.037e-2,9.766e+0,3.549e+0,,1.528e-2,,,2.777e-1,,,2.782e-19,,,,8.401e-19,,,,,,2.634e-3,3.026e-16
603.87,1.516e+1,2.963e-8,2.741e-11,3.426e-43,1.194e-17,,,1.578e-18,5.785e-21,,1.381e-15,1.559e-14,2.956e-14,9.308e-18,8.384e-19,2.852e-31,4.269e-20,6.129e-25,,3.480e-18,1.367e-18,2.693e-29,1.175e-17,,1.889e-25,5.289e-19,,5.048e-4,1.976e-20,4.034e-17,2.448e-19,4.545e-9,1.918e-19,2.186e-8,3.789e-10,4.284e-17,1.352e+0,2.215e-17,4.328e-2,9.804e+0,3.687e+0,,1.756e-2,,,2.511e-1,,,2.774e-19,,,,8.398e-19,,,,,,3.126e-3,3.026e-16
603.9,1.540e+1,2.060e-8,2.701e-11,3.423e-43,1.190e-17,,,1.577e-18,5.786e-21,,1.381e-15,9.305e-15,3.819e-14,9.307e-18,8.370e-19,2.845e-31,4.273e-20,6.132e-25,,3.474e-18,1.368e-18,4.374e-29,1.170e-17,,1.890e-25,5.287e-19,,3.854e-4,1.976e-20,4.036e-17,2.449e-19,4.141e-9,1.919e-19,1.653e-8,2.365e-10,4.286e-17,1.347e+0,2.218e-17,4.824e-2,9.860e+0,3.901e+0,,2.154e-2,,,2.151e-1,,,2.763e-19,,,,8.394e-19,,,,,,4.025e-3,3.026e-16
603.92,1.556e+1,1.612e-8,2.667e-11,3.422e-43,1.186e-17,,,1.577e-18,5.788e-21,,1.381e-15,6.578e-15,4.519e-14,9.307e-18,8.360e-19,2.841e-31,4.276e-20,6.134e-25,,3.470e-18,1.368e-18,6.029e-29,1.167e-17,,1.890e-25,5.286e-19,,3.211e-4,1.976e-20,4.038e-17,2.450e-19,3.884e-9,1.919e-19,1.368e-8,1.723e-10,4.288e-17,1.339e+0,2.220e-17,5.194e-2,9.897e+0,4.049e+0,,2.462e-2,,,1.936e-1,,,2.756e-19,,,,8.392e-19,,,,,,4.752e-3,3.027e-16
603.95,1.581e+1,1.112e-8,2.607e-11,3.419e-43,1.182e-17,,,1.577e-18,5.789e-21,,1.380e-15,3.895e-15,5.795e-14,9.307e-18,8.346e-19,2.834e-31,4.280e-20,6.138e-25,,3.465e-18,1.369e-18,9.718e-29,1.163e-17,,1.892e-25,5.285e-19,,2.433e-4,1.977e-20,4.041e-17,2.450e-19,3.515e-9,1.919e-19,1.027e-8,1.067e-10,4.291e-17,1.324e+0,2.223e-17,5.810e-2,9.951e+0,4.274e+0,,2.997e-2,,,1.647e-1,,,2.745e-19,,,,8.388e-19,,,,,,6.071e-3,3.027e-16
603.97,1.597e+1,8.659e-9,2.561e-11,3.417e-43,1.179e-17,,,1.577e-18,5.791e-21,,1.380e-15,2.739e-15,6.822e-14,9.307e-18,8.337e-19,2.830e-31,4.283e-20,6.140e-25,,3.461e-18,1.369e-18,1.333e-28,1.160e-17,,1.892e-25,5.284e-19,,2.016e-4,1.977e-20,4.043e-17,2.451e-19,3.282e-9,1.919e-19,8.455e-9,7.733e-11,4.293e-17,1.310e+0,2.224e-17,6.259e-2,9.986e+0,4.427e+0,,3.408e-2,,,1.475e-1,,,2.737e-19,,,,8.385e-19,,,,,,7.129e-3,3.027e-16
604,1.622e+1,5.927e-9,2.483e-11,3.415e-43,1.174e-17,,,1.577e-18,5.792e-21,,1.380e-15,1.609e-15,8.679e-14,9.307e-18,8.323e-19,2.823e-31,4.287e-20,6.143e-25,,3.455e-18,1.370e-18,2.131e-28,1.155e-17,,1.893e-25,5.282e-19,,1.515e-4,1.977e-20,4.045e-17,2.451e-19,2.953e-9,1.919e-19,6.293e-9,4.751e-11,4.295e-17,1.284e+0,2.227e-17,6.991e-2,1.004e+1,4.656e+0,,4.116e-2,,,1.247e-1,,,2.726e-19,,,,8.381e-19,,,,,,9.037e-3,3.028e-16
604.02,1.638e+1,4.592e-9,2.427e-11,3.413e-43,1.171e-17,,,1.577e-18,5.794e-21,,1.379e-15,1.125e-15,1.016e-13,9.307e-18,8.313e-19,2.818e-31,4.289e-20,6.145e-25,,3.452e-18,1.370e-18,2.907e-28,1.152e-17,,1.894e-25,5.281e-19,,1.249e-4,1.977e-20,4.047e-17,2.452e-19,2.746e-9,1.919e-19,5.156e-9,3.424e-11,4.297e-17,1.264e+0,2.229e-17,7.517e-2,1.007e+1,4.809e+0,,4.656e-2,,,1.114e-1,,,2.719e-19,,,,8.378e-19,,,,,,1.056e-2,3.028e-16
604.05,1.662e+1,3.120e-9,2.335e-11,3.410e-43,1.166e-17,,,1.577e-18,5.795e-21,,1.379e-15,6.557e-16,1.283e-13,9.306e-18,8.299e-19,2.811e-31,4.293e-20,6.148e-25,,3.446e-18,1.371e-18,4.614e-28,1.147e-17,,1.895e-25,5.280e-19,,9.313e-5,1.977e-20,4.050e-17,2.452e-19,2.456e-9,1.920e-19,3.807e-9,2.087e-11,4.300e-17,1.230e+0,2.231e-17,8.361e-2,1.011e+1,5.035e+0,,5.580e-2,,,9.380e-2,,,2.708e-19,,,,8.374e-19,,,,,,1.328e-2,3.028e-16
604.07,1.677e+1,2.405e-9,2.269e-11,3.408e-43,1.163e-17,,,1.577e-18,5.797e-21,,1.379e-15,4.563e-16,1.495e-13,9.306e-18,8.290e-19,2.807e-31,4.296e-20,6.150e-25,,3.442e-18,1.371e-18,6.261e-28,1.144e-17,,1.896e-25,5.279e-19,,7.637e-5,1.977e-20,4.051e-17,2.453e-19,2.276e-9,1.920e-19,3.102e-9,1.497e-11,4.302e-17,1.204e+0,2.233e-17,8.959e-2,1.013e+1,5.183e+0,,6.279e-2,,,8.361e-2,,,2.701e-19,,,,8.372e-19,,,,,,1.543e-2,3.028e-16
604.1,1.698e+1,1.622e-9,2.166e-11,3.406e-43,1.158e-17,,,1.577e-18,5.798e-21,,1.378e-15,2.638e-16,1.873e-13,9.306e-18,8.276e-19,2.800e-31,4.300e-20,6.153e-25,,3.437e-18,1.372e-18,9.859e-28,1.139e-17,,1.897e-25,5.277e-19,,5.649e-5,1.978e-20,4.054e-17,2.453e-19,2.026e-9,1.920e-19,2.273e-9,9.050e-12,4.304e-17,1.163e+0,2.236e-17,9.907e-2,1.016e+1,5.400e+0,,7.466e-2,,,7.041e-2,,,2.690e-19,,,,8.368e-19,,,,,,1.926e-2,3.029e-16
604.12,1.712e+1,1.244e-9,2.095e-11,3.404e-43,1.155e-17,,,1.577e-18,5.800e-21,,1.378e-15,1.826e-16,2.171e-13,9.306e-18,8.267e-19,2.796e-31,4.303e-20,6.156e-25,,3.433e-18,1.372e-18,1.331e-27,1.136e-17,,1.898e-25,5.276e-19,,4.609e-5,1.978e-20,4.056e-17,2.454e-19,1.872e-9,1.920e-19,1.843e-9,6.455e-12,4.306e-17,1.132e+0,2.238e-17,1.057e-1,1.017e+1,5.541e+0,,8.358e-2,,,6.290e-2,,,2.682e-19,,,,8.365e-19,,,,,,2.226e-2,3.029e-16
604.15,1.730e+1,8.321e-10,1.984e-11,3.401e-43,1.150e-17,,,1.577e-18,5.801e-21,,1.377e-15,1.047e-16,2.699e-13,9.306e-18,8.253e-19,2.789e-31,4.307e-20,6.159e-25,,3.427e-18,1.372e-18,2.079e-27,1.131e-17,,1.899e-25,5.274e-19,,3.382e-5,1.978e-20,4.058e-17,2.454e-19,1.660e-9,1.920e-19,1.339e-9,3.872e-12,4.309e-17,1.085e+0,2.240e-17,1.161e-1,1.017e+1,5.743e+0,,9.860e-2,,,5.338e-2,,,2.671e-19,,,,8.361e-19,,,,,,2.757e-2,3.029e-16
604.17,1.741e+1,6.350e-10,1.909e-11,3.400e-43,1.147e-17,,,1.577e-18,5.803e-21,,1.377e-15,7.208e-17,3.112e-13,9.306e-18,8.243e-19,2.784e-31,4.309e-20,6.161e-25,,3.423e-18,1.373e-18,2.793e-27,1.128e-17,,1.900e-25,5.273e-19,,2.745e-5,1.978e-20,4.060e-17,2.455e-19,1.530e-9,1.921e-19,1.080e-9,2.747e-12,4.311e-17,1.051e+0,2.242e-17,1.233e-1,1.017e+1,5.872e+0,,1.098e-1,,,4.812e-2,,,2.664e-19,,,,8.358e-19,,,,,,3.170e-2,3.029e-16
604.19,1.750e+1,4.835e-10,1.832e-11,3.398e-43,1.144e-17,,,1.577e-18,5.804e-21,,1.377e-15,4.952e-17,3.581e-13,9.306e-18,8.234e-19,2.780e-31,4.312e-20,6.163e-25,,3.420e-18,1.373e-18,3.743e-27,1.125e-17,,1.901e-25,5.272e-19,,2.222e-5,1.978e-20,4.062e-17,2.455e-19,1.410e-9,1.921e-19,8.689e-10,1.945e-12,4.312e-17,1.016e+0,2.244e-17,1.307e-1,1.016e+1,5.996e+0,,1.220e-1,,,4.366e-2,,,2.657e-19,,,,8.356e-19,,,,,,3.639e-2,3.030e-16
604.22,1.762e+1,3.201e-10,1.716e-11,3.395e-43,1.139e-17,,,1.577e-18,5.806e-21,,1.376e-15,2.809e-17,4.404e-13,9.305e-18,8.220e-19,2.773e-31,4.316e-20,6.166e-25,,3.414e-18,1.374e-18,5.784e-27,1.120e-17,,1.902e-25,5.271e-19,,1.613e-5,1.979e-20,4.064e-17,2.456e-19,1.247e-9,1.921e-19,6.247e-10,1.154e-12,4.315e-17,9.625e-1,2.246e-17,1.422e-1,1.012e+1,6.171e+0,,1.424e-1,,,3.839e-2,,,2.646e-19,,,,8.352e-19,,,,,,4.456e-2,3.030e-16
604.24,1.769e+1,2.425e-10,1.639e-11,3.393e-43,1.136e-17,,,1.577e-18,5.807e-21,,1.376e-15,1.919e-17,5.042e-13,9.305e-18,8.211e-19,2.769e-31,4.319e-20,6.168e-25,,3.410e-18,1.374e-18,7.712e-27,1.117e-17,,1.902e-25,5.270e-19,,1.299e-5,1.979e-20,4.066e-17,2.456e-19,1.149e-9,1.921e-19,5.000e-10,8.125e-13,4.317e-17,9.259e-1,2.248e-17,1.499e-1,1.009e+1,6.280e+0,,1.574e-1,,,3.577e-2,,,2.638e-19,,,,8.349e-19,,,,,,5.088e-2,3.030e-16
604.27,1.776e+1,1.593e-10,1.523e-11,3.391e-43,1.132e-17,,,1.577e-18,5.809e-21,,1.376e-15,1.080e-17,6.153e-13,9.305e-18,8.196e-19,2.762e-31,4.323e-20,6.171e-25,,3.405e-18,1.375e-18,1.183e-26,1.113e-17,,1.904e-25,5.268e-19,,9.356e-6,1.979e-20,4.069e-17,2.457e-19,1.016e-9,1.921e-19,3.566e-10,4.782e-13,4.320e-17,8.701e-1,2.251e-17,1.618e-1,1.002e+1,6.432e+0,,1.822e-1,,,3.309e-2,,,2.627e-19,,,,8.345e-19,,,,,,6.182e-2,3.031e-16
604.29,1.778e+1,1.201e-10,1.447e-11,3.389e-43,1.129e-17,,,1.577e-18,5.810e-21,,1.375e-15,7.341e-18,7.008e-13,9.305e-18,8.187e-19,2.757e-31,4.325e-20,6.174e-25,,3.401e-18,1.375e-18,1.569e-26,1.110e-17,,1.904e-25,5.267e-19,,7.497e-6,1.979e-20,4.070e-17,2.457e-19,9.376e-10,1.921e-19,2.839e-10,3.350e-13,4.321e-17,8.325e-1,2.253e-17,1.698e-1,9.955e+0,6.525e+0,,2.004e-1,,,3.212e-2,,,2.620e-19,,,,8.342e-19,,,,,,7.022e-2,3.031e-16
604.32,1.780e+1,7.829e-11,1.334e-11,3.386e-43,1.124e-17,,,1.576e-18,5.812e-21,,1.375e-15,4.098e-18,8.486e-13,9.305e-18,8.173e-19,2.751e-31,4.329e-20,6.177e-25,,3.395e-18,1.376e-18,2.387e-26,1.105e-17,,1.905e-25,5.265e-19,,5.356e-6,1.979e-20,4.073e-17,2.458e-19,8.326e-10,1.922e-19,2.009e-10,1.956e-13,4.324e-17,7.762e-1,2.255e-17,1.819e-1,9.842e+0,6.652e+0,,2.302e-1,,,3.185e-2,,,2.609e-19,,,,8.338e-19,,,,,,8.466e-2,3.031e-16
604.34,1.779e+1,5.871e-11,1.261e-11,3.385e-43,1.121e-17,,,1.576e-18,5.813e-21,,1.375e-15,2.771e-18,9.616e-13,9.305e-18,8.164e-19,2.746e-31,4.332e-20,6.179e-25,,3.391e-18,1.376e-18,3.150e-26,1.102e-17,,1.906e-25,5.264e-19,,4.269e-6,1.980e-20,4.075e-17,2.459e-19,7.708e-10,1.922e-19,1.591e-10,1.363e-13,4.326e-17,7.389e-1,2.257e-17,1.900e-1,9.753e+0,6.728e+0,,2.519e-1,,,3.246e-2,,,2.602e-19,,,,8.336e-19,,,,,,9.565e-2,3.031e-16
604.37,1.775e+1,3.798e-11,1.153e-11,3.382e-43,1.116e-17,,,1.576e-18,5.815e-21,,1.374e-15,1.534e-18,1.156e-12,9.304e-18,8.150e-19,2.739e-31,4.336e-20,6.182e-25,,3.386e-18,1.376e-18,4.755e-26,1.097e-17,,1.907e-25,5.263e-19,,3.026e-6,1.980e-20,4.077e-17,2.459e-19,6.894e-10,1.922e-19,1.117e-10,7.896e-14,4.329e-17,6.835e-1,2.260e-17,2.020e-1,9.596e+0,6.829e+0,,2.871e-1,,,3.458e-2,,,2.591e-19,,,,8.332e-19,,,,,,1.144e-1,3.032e-16
604.39,1.770e+1,2.834e-11,1.084e-11,3.380e-43,1.113e-17,,,1.576e-18,5.816e-21,,1.374e-15,1.032e-18,1.303e-12,9.304e-18,8.140e-19,2.735e-31,4.339e-20,6.184e-25,,3.382e-18,1.377e-18,6.242e-26,1.094e-17,,1.908e-25,5.262e-19,,2.399e-6,1.980e-20,4.079e-17,2.460e-19,6.420e-10,1.922e-19,8.800e-11,5.473e-14,4.330e-17,6.472e-1,2.261e-17,2.099e-1,9.477e+0,6.889e+0,,3.124e-1,,,3.682e-2,,,2.583e-19,,,,8.329e-19,,,,,,1.286e-1,3.032e-16
604.42,1.760e+1,1.819e-11,9.841e-12,3.378e-43,1.108e-17,,,1.576e-18,5.818e-21,,1.374e-15,5.670e-19,1.554e-12,9.304e-18,8.126e-19,2.728e-31,4.343e-20,6.187e-25,,3.376e-18,1.377e-18,9.351e-26,1.089e-17,,1.909e-25,5.260e-19,,1.687e-6,1.980e-20,4.082e-17,2.460e-19,5.804e-10,1.922e-19,6.129e-11,3.145e-14,4.333e-17,5.940e-1,2.264e-17,2.214e-1,9.275e+0,6.965e+0,,3.533e-1,,,4.148e-2,,,2.572e-19,,,,8.325e-19,,,,,,1.527e-1,3.032e-16
604.44,1.752e+1,1.350e-11,9.201e-12,3.376e-43,1.105e-17,,,1.576e-18,5.819e-21,,1.373e-15,3.794e-19,1.743e-12,9.304e-18,8.117e-19,2.723e-31,4.345e-20,6.189e-25,,3.373e-18,1.378e-18,1.221e-25,1.086e-17,,1.910e-25,5.259e-19,,1.330e-6,1.980e-20,4.083e-17,2.461e-19,5.451e-10,1.922e-19,4.803e-11,2.168e-14,4.335e-17,5.595e-1,2.266e-17,2.289e-1,9.126e+0,7.007e+0,,3.825e-1,,,4.549e-2,,,2.565e-19,,,,8.322e-19,,,,,,1.707e-1,3.032e-16
604.47,1.737e+1,8.602e-12,8.287e-12,3.373e-43,1.100e-17,,,1.576e-18,5.821e-21,,1.373e-15,2.068e-19,2.062e-12,9.304e-18,8.103e-19,2.717e-31,4.349e-20,6.193e-25,,3.367e-18,1.378e-18,1.815e-25,1.081e-17,,1.911e-25,5.257e-19,,9.281e-7,1.981e-20,4.086e-17,2.461e-19,5.000e-10,1.923e-19,3.319e-11,1.236e-14,4.338e-17,5.095e-1,2.269e-17,2.397e-1,8.881e+0,7.059e+0,,4.292e-1,,,5.299e-2,,,2.554e-19,,,,8.318e-19,,,,,,2.010e-1,3.033e-16
604.49,1.726e+1,6.352e-12,7.708e-12,3.371e-43,1.097e-17,,,1.576e-18,5.822e-21,,1.373e-15,1.376e-19,2.302e-12,9.304e-18,8.094e-19,2.712e-31,4.352e-20,6.195e-25,,3.363e-18,1.379e-18,2.358e-25,1.078e-17,,1.912e-25,5.256e-19,,7.281e-7,1.981e-20,4.088e-17,2.462e-19,4.746e-10,1.923e-19,2.587e-11,8.479e-15,4.339e-17,4.774e-1,2.270e-17,2.466e-1,8.704e+0,7.086e+0,,4.622e-1,,,5.903e-2,,,2.547e-19,,,,8.316e-19,,,,,,2.236e-1,3.033e-16
604.52,1.707e+1,4.016e-12,6.887e-12,3.369e-43,1.093e-17,,,1.576e-18,5.823e-21,,1.372e-15,7.441e-20,2.703e-12,9.303e-18,8.080e-19,2.705e-31,4.356e-20,6.198e-25,,3.358e-18,1.379e-18,3.478e-25,1.074e-17,,1.913e-25,5.255e-19,,5.040e-7,1.981e-20,4.090e-17,2.462e-19,4.429e-10,1.923e-19,1.774e-11,4.796e-15,4.342e-17,4.313e-1,2.273e-17,2.564e-1,8.418e+0,7.114e+0,,5.146e-1,,,6.983e-2,,,2.536e-19,,,,8.312e-19,,,,,,2.613e-1,3.033e-16
604.54,1.692e+1,2.950e-12,6.373e-12,3.367e-43,1.089e-17,,,1.576e-18,5.825e-21,,1.372e-15,4.926e-20,3.002e-12,9.303e-18,8.070e-19,2.701e-31,4.359e-20,6.200e-25,,3.354e-18,1.380e-18,4.495e-25,1.070e-17,,1.914e-25,5.254e-19,,3.933e-7,1.981e-20,4.092e-17,2.463e-19,4.255e-10,1.923e-19,1.375e-11,3.272e-15,4.344e-17,4.021e-1,2.275e-17,2.625e-1,8.216e+0,7.126e+0,,5.514e-1,,,7.827e-2,,,2.528e-19,,,,8.309e-19,,,,,,2.891e-1,3.034e-16
604.56,1.677e+1,2.163e-12,5.884e-12,3.365e-43,1.086e-17,,,1.576e-18,5.826e-21,,1.372e-15,3.254e-20,3.326e-12,9.303e-18,8.061e-19,2.696e-31,4.361e-20,6.202e-25,,3.350e-18,1.380e-18,5.797e-25,1.067e-17,,1.914e-25,5.253e-19,,3.063e-7,1.981e-20,4.094e-17,2.463e-19,4.108e-10,1.923e-19,1.064e-11,2.227e-15,4.346e-17,3.740e-1,2.277e-17,2.682e-1,8.004e+0,7.132e+0,,5.895e-1,,,8.778e-2,,,2.521e-19,,,,8.306e-19,,,,,,3.193e-1,3.034e-16
604.59,1.653e+1,1.353e-12,5.200e-12,3.363e-43,1.082e-17,,,1.576e-18,5.828e-21,,1.371e-15,1.740e-20,3.865e-12,9.303e-18,8.047e-19,2.690e-31,4.365e-20,6.205e-25,,3.344e-18,1.381e-18,8.458e-25,1.063e-17,,1.916e-25,5.251e-19,,2.097e-7,1.982e-20,4.096e-17,2.464e-19,3.932e-10,1.923e-19,7.216e-12,1.246e-15,4.348e-17,3.342e-1,2.279e-17,2.760e-1,7.671e+0,7.130e+0,,6.491e-1,,,1.043e-1,,,2.510e-19,,,,8.302e-19,,,,,,3.690e-1,3.034e-16
604.61,1.637e+1,9.866e-13,4.777e-12,3.361e-43,1.078e-17,,,1.576e-18,5.829e-21,,1.371e-15,1.768e-20,4.262e-12,9.303e-18,8.037e-19,2.685e-31,4.368e-20,6.207e-25,,3.341e-18,1.381e-18,1.085e-24,1.060e-17,,1.916e-25,5.250e-19,,1.624e-7,1.982e-20,4.098e-17,2.464e-19,3.841e-10,1.924e-19,5.554e-12,8.436e-16,4.350e-17,3.092e-1,2.281e-17,2.807e-1,7.441e+0,7.122e+0,,6.904e-1,,,1.168e-1,,,2.503e-19,,,,8.300e-19,,,,,,4.053e-1,3.034e-16
604.64,1.610e+1,6.122e-13,4.188e-12,3.358e-43,1.074e-17,,,1.576e-18,5.831e-21,,1.370e-15,1.809e-20,4.915e-12,9.303e-18,8.023e-19,2.678e-31,4.372e-20,6.211e-25,,3.335e-18,1.381e-18,1.571e-24,1.055e-17,,1.917e-25,5.248e-19,,1.103e-7,1.982e-20,4.101e-17,2.465e-19,3.740e-10,1.924e-19,3.736e-12,4.682e-16,4.353e-17,2.741e-1,2.284e-17,2.868e-1,7.083e+0,7.101e+0,,7.543e-1,,,1.383e-1,,,2.492e-19,,,,8.296e-19,,,,,,4.648e-1,3.035e-16
604.66,1.592e+1,4.442e-13,3.827e-12,3.356e-43,1.071e-17,,,1.576e-18,5.832e-21,,1.370e-15,1.837e-20,5.392e-12,9.303e-18,8.014e-19,2.674e-31,4.375e-20,6.213e-25,,3.331e-18,1.382e-18,2.005e-24,1.052e-17,,1.918e-25,5.247e-19,,8.500e-8,1.982e-20,4.102e-17,2.465e-19,3.692e-10,1.924e-19,2.861e-12,3.154e-16,4.355e-17,2.523e-1,2.285e-17,2.904e-1,6.839e+0,7.080e+0,,7.980e-1,,,1.545e-1,,,2.484e-19,,,,8.293e-19,,,,,,5.080e-1,3.035e-16
604.69,1.565e+1,2.735e-13,3.329e-12,3.354e-43,1.066e-17,,,1.576e-18,5.834e-21,,1.370e-15,1.878e-20,6.172e-12,9.302e-18,8.000e-19,2.667e-31,4.379e-20,6.216e-25,,3.326e-18,1.382e-18,2.880e-24,1.047e-17,,1.919e-25,5.246e-19,,5.727e-8,1.982e-20,4.105e-17,2.466e-19,3.647e-10,1.924e-19,1.909e-12,1.736e-16,4.357e-17,2.220e-1,2.288e-17,2.948e-1,6.465e+0,7.040e+0,,8.651e-1,,,1.818e-1,,,2.473e-19,,,,8.289e-19,,,,,,5.780e-1,3.035e-16
604.71,1.546e+1,1.975e-13,3.026e-12,3.352e-43,1.063e-17,,,1.576e-18,5.835e-21,,1.369e-15,1.906e-20,6.737e-12,9.302e-18,7.991e-19,2.662e-31,4.381e-20,6.218e-25,,3.322e-18,1.383e-18,3.657e-24,1.044e-17,,1.920e-25,5.245e-19,,4.390e-8,1.983e-20,4.107e-17,2.467e-19,3.631e-10,1.924e-19,1.454e-12,1.163e-16,4.359e-17,2.032e-1,2.290e-17,2.971e-1,6.212e+0,7.007e+0,,9.106e-1,,,2.022e-1,,,2.466e-19,,,,8.286e-19,,,,,,6.283e-1,3.036e-16
604.74,1.518e+1,1.206e-13,2.612e-12,3.349e-43,1.058e-17,,,1.575e-18,5.837e-21,,1.369e-15,1.947e-20,7.655e-12,9.302e-18,7.977e-19,2.656e-31,4.385e-20,6.221e-25,,3.316e-18,1.383e-18,5.212e-24,1.039e-17,,1.921e-25,5.243e-19,,2.934e-8,1.983e-20,4.109e-17,2.467e-19,3.626e-10,1.924e-19,9.627e-13,6.354e-17,4.362e-17,1.774e-1,2.292e-17,2.997e-1,5.831e+0,6.948e+0,,9.794e-1,,,2.364e-1,,,2.455e-19,,,,8.282e-19,,,,,,7.093e-1,3.036e-16
604.76,1.500e+1,8.665e-14,2.361e-12,3.348e-43,1.055e-17,,,1.575e-18,5.838e-21,,1.369e-15,1.975e-20,8.314e-12,9.302e-18,7.967e-19,2.651e-31,4.388e-20,6.223e-25,,3.312e-18,1.384e-18,6.584e-24,1.036e-17,,1.922e-25,5.242e-19,,2.238e-8,1.983e-20,4.111e-17,2.468e-19,3.633e-10,1.925e-19,7.294e-13,4.235e-17,4.364e-17,1.616e-1,2.294e-17,3.009e-1,5.576e+0,6.903e+0,,1.025e+0,,,2.618e-1,,,2.448e-19,,,,8.280e-19,,,,,,7.671e-1,3.036e-16
604.79,1.472e+1,5.253e-14,2.022e-12,3.345e-43,1.050e-17,,,1.575e-18,5.840e-21,,1.368e-15,2.016e-20,9.377e-12,9.302e-18,7.953e-19,2.644e-31,4.392e-20,6.226e-25,,3.307e-18,1.384e-18,9.311e-24,1.031e-17,,1.923e-25,5.240e-19,,1.484e-8,1.983e-20,4.114e-17,2.468e-19,3.657e-10,1.925e-19,4.791e-13,2.433e-17,4.366e-17,1.399e-1,2.297e-17,3.017e-1,5.195e+0,6.827e+0,,1.094e+0,,,3.038e-1,,,2.437e-19,,,,8.276e-19,,,,,,8.593e-1,3.036e-16
604.81,1.454e+1,3.753e-14,1.819e-12,3.343e-43,1.047e-17,,,1.575e-18,5.841e-21,,1.368e-15,2.044e-20,1.013e-11,9.302e-18,7.944e-19,2.640e-31,4.395e-20,6.229e-25,,3.303e-18,1.385e-18,1.170e-23,1.028e-17,,1.924e-25,5.239e-19,,1.126e-8,1.983e-20,4.116e-17,2.469e-19,3.681e-10,1.925e-19,3.611e-13,1.730e-17,4.368e-17,1.268e-1,2.299e-17,3.017e-1,4.944e+0,6.770e+0,,1.140e+0,,,3.347e-1,,,2.429e-19,,,,8.273e-19,,,,,,9.244e-1,3.037e-16
604.84,1.428e+1,2.258e-14,1.545e-12,3.341e-43,1.043e-17,,,1.575e-18,5.843e-21,,1.367e-15,2.085e-20,1.134e-11,9.301e-18,7.930e-19,2.633e-31,4.399e-20,6.232e-25,,3.297e-18,1.385e-18,1.642e-23,1.024e-17,,1.925e-25,5.238e-19,,7.406e-9,1.984e-20,4.118e-17,2.469e-19,3.724e-10,1.925e-19,2.353e-13,1.204e-17,4.371e-17,1.089e-1,2.301e-17,3.010e-1,4.573e+0,6.676e+0,,1.207e+0,,,3.855e-1,,,4.516e-19,,,,8.269e-19,,,,,,1.027e+0,3.037e-16
604.86,1.411e+1,1.605e-14,1.383e-12,3.339e-43,1.039e-17,,,1.575e-18,5.844e-21,,1.367e-15,2.113e-20,1.220e-11,9.301e-18,7.920e-19,2.629e-31,4.401e-20,6.234e-25,,3.294e-18,1.385e-18,2.052e-23,1.020e-17,,1.926e-25,5.237e-19,,5.588e-9,1.984e-20,4.120e-17,2.470e-19,3.757e-10,1.925e-19,1.764e-13,1.119e-17,4.373e-17,9.818e-2,2.303e-17,2.999e-1,4.330e+0,6.607e+0,,1.251e+0,,,4.225e-1,,,6.811e-19,,,,8.266e-19,,,,,,1.099e+0,3.037e-16
604.89,1.386e+1,9.579e-15,1.166e-12,3.336e-43,1.035e-17,,,1.575e-18,5.846e-21,,1.367e-15,2.154e-20,1.356e-11,9.301e-18,7.906e-19,2.622e-31,4.405e-20,6.237e-25,,3.288e-18,1.386e-18,2.858e-23,1.016e-17,,1.927e-25,5.235e-19,,3.647e-9,1.984e-20,4.122e-17,2.470e-19,3.813e-10,1.926e-19,1.141e-13,1.063e-17,4.375e-17,8.370e-2,2.306e-17,2.978e-1,3.975e+0,6.494e+0,,1.314e+0,,,4.829e-1,,,1.256e-18,,,,8.262e-19,,,,,,1.212e+0,3.038e-16
604.91,1.370e+1,6.773e-15,1.037e-12,3.334e-43,1.032e-17,,,1.575e-18,5.847e-21,,1.366e-15,2.182e-20,1.451e-11,9.301e-18,7.897e-19,2.617e-31,4.408e-20,6.239e-25,,3.284e-18,1.386e-18,3.554e-23,1.013e-17,,1.928e-25,5.234e-19,,2.738e-9,1.984e-20,4.124e-17,2.471e-19,3.852e-10,1.926e-19,8.506e-14,1.589e-17,4.377e-17,7.506e-2,2.307e-17,2.959e-1,3.745e+0,6.413e+0,,1.354e+0,,,5.265e-1,,,1.885e-18,,,,8.259e-19,,,,,,1.291e+0,3.038e-16
604.94,1.347e+1,4.012e-15,8.677e-13,3.332e-43,1.027e-17,,,1.575e-18,5.849e-21,,1.366e-15,2.223e-20,1.601e-11,9.301e-18,7.883e-19,2.611e-31,4.412e-20,6.242e-25,,3.279e-18,1.387e-18,4.910e-23,1.008e-17,,1.929e-25,5.233e-19,,1.773e-9,1.984e-20,4.127e-17,2.471e-19,3.914e-10,1.926e-19,5.456e-14,2.890e-17,4.380e-17,6.351e-2,2.310e-17,2.926e-1,3.412e+0,6.283e+0,,1.412e+0,,,5.971e-1,,,3.450e-18,,,,8.255e-19,,,,,,1.412e+0,3.038e-16
604.96,1.333e+1,2.822e-15,7.683e-13,3.330e-43,1.024e-17,,,1.575e-18,5.850e-21,,1.366e-15,2.251e-20,1.705e-11,9.301e-18,7.874e-19,2.606e-31,4.415e-20,6.244e-25,,3.275e-18,1.387e-18,6.075e-23,1.005e-17,,1.929e-25,5.232e-19,,1.324e-9,1.985e-20,4.129e-17,2.472e-19,3.956e-10,1.926e-19,4.048e-14,4.296e-17,4.382e-17,5.667e-2,2.312e-17,2.902e-1,3.199e+0,6.190e+0,,1.448e+0,,,6.477e-1,,,5.150e-18,,,,8.253e-19,,,,,,1.496e+0,3.038e-16
604.98,1.319e+1,1.981e-15,6.788e-13,3.328e-43,1.021e-17,,,1.575e-18,5.851e-21,,1.365e-15,2.278e-20,1.813e-11,9.300e-18,7.864e-19,2.601e-31,4.417e-20,6.247e-25,,3.271e-18,1.388e-18,7.500e-23,1.002e-17,,1.930e-25,5.230e-19,,9.861e-10,1.985e-20,4.130e-17,2.472e-19,3.999e-10,1.926e-19,2.996e-14,6.372e-17,4.383e-17,5.047e-2,2.314e-17,2.875e-1,2.992e+0,6.092e+0,,1.481e+0,,,7.011e-1,,,7.671e-18,,,,8.250e-19,,,,,,1.581e+0,3.039e-16
605.01,1.298e+1,1.160e-15,5.615e-13,3.326e-43,1.016e-17,,,1.575e-18,5.853e-21,,1.365e-15,2.320e-20,1.980e-11,9.300e-18,7.850e-19,2.595e-31,4.421e-20,6.250e-25,,3.265e-18,1.388e-18,1.025e-22,9.970e-18,,1.931e-25,5.229e-19,,6.316e-10,1.985e-20,4.133e-17,2.473e-19,4.063e-10,1.926e-19,1.901e-14,1.147e-16,4.386e-17,4.227e-2,2.316e-17,2.832e-1,2.697e+0,5.937e+0,,1.527e+0,,,7.865e-1,,,1.389e-17,,,,8.246e-19,,,,,,1.711e+0,3.039e-16
605.03,1.286e+1,8.104e-16,4.935e-13,3.324e-43,1.013e-17,,,1.575e-18,5.854e-21,,1.365e-15,2.347e-20,2.094e-11,9.300e-18,7.841e-19,2.590e-31,4.424e-20,6.252e-25,,3.262e-18,1.389e-18,1.259e-22,9.939e-18,,1.932e-25,5.228e-19,,4.681e-10,1.985e-20,4.135e-17,2.473e-19,4.106e-10,1.926e-19,1.400e-14,1.692e-16,4.388e-17,3.748e-2,2.318e-17,2.803e-1,2.510e+0,5.827e+0,,1.554e+0,,,8.470e-1,,,2.058e-17,,,,8.243e-19,,,,,,1.799e+0,3.039e-16
605.06,1.267e+1,4.711e-16,4.050e-13,3.321e-43,1.008e-17,,,1.575e-18,5.856e-21,,1.364e-15,2.389e-20,2.271e-11,9.300e-18,7.827e-19,2.583e-31,4.428e-20,6.255e-25,,3.256e-18,1.389e-18,1.707e-22,9.892e-18,,1.933e-25,5.226e-19,,2.974e-10,1.985e-20,4.137e-17,2.474e-19,4.168e-10,1.927e-19,8.809e-15,3.022e-16,4.390e-17,3.119e-2,2.321e-17,2.757e-1,2.246e+0,5.654e+0,,1.590e+0,,,9.427e-1,,,3.698e-17,,,,8.239e-19,,,,,,1.932e+0,3.039e-16
605.08,1.255e+1,3.273e-16,3.541e-13,3.319e-43,1.005e-17,,,1.575e-18,5.857e-21,,1.364e-15,2.417e-20,2.392e-11,9.300e-18,7.818e-19,2.579e-31,4.431e-20,6.257e-25,,3.252e-18,1.390e-18,2.086e-22,9.861e-18,,1.934e-25,5.225e-19,,2.193e-10,1.986e-20,4.139e-17,2.474e-19,4.209e-10,1.927e-19,6.453e-15,4.437e-16,4.392e-17,2.756e-2,2.323e-17,2.727e-1,2.079e+0,5.534e+0,,1.610e+0,,,1.010e+0,,,5.452e-17,,,,8.237e-19,,,,,,2.020e+0,3.040e-16
605.11,1.238e+1,1.888e-16,2.884e-13,3.317e-43,1.000e-17,,,1.575e-18,5.859e-21,,1.364e-15,2.458e-20,2.575e-11,9.300e-18,7.804e-19,2.572e-31,4.435e-20,6.260e-25,,3.247e-18,1.390e-18,2.806e-22,9.814e-18,,1.935e-25,5.224e-19,,1.382e-10,1.986e-20,4.142e-17,2.475e-19,4.267e-10,1.927e-19,4.029e-15,7.863e-16,4.395e-17,2.284e-2,2.325e-17,2.682e-1,1.846e+0,5.346e+0,,1.634e+0,,,1.115e+0,,,9.720e-17,,,,8.233e-19,,,,,,2.152e+0,3.040e-16
605.13,1.228e+1,1.305e-16,2.508e-13,3.315e-43,9.972e-18,,,1.575e-18,5.860e-21,,1.363e-15,2.486e-20,2.699e-11,9.300e-18,7.794e-19,2.568e-31,4.437e-20,6.262e-25,,3.243e-18,1.390e-18,3.411e-22,1.482e-17,,1.936e-25,5.223e-19,,1.014e-10,1.986e-20,4.143e-17,2.476e-19,4.304e-10,1.927e-19,2.936e-15,1.149e-15,4.397e-17,2.013e-2,2.327e-17,2.653e-1,1.700e+0,5.215e+0,,1.646e+0,,,1.189e+0,,,1.426e-16,,,,8.230e-19,,,,,,2.240e+0,3.040e-16
605.16,1.212e+1,7.466e-17,2.026e-13,3.312e-43,9.925e-18,,,1.575e-18,5.862e-21,,1.363e-15,2.527e-20,2.886e-11,9.299e-18,7.780e-19,2.561e-31,4.441e-20,6.266e-25,,3.237e-18,1.391e-18,4.554e-22,2.742e-17,,1.937e-25,5.221e-19,,6.340e-11,1.986e-20,4.146e-17,2.476e-19,4.356e-10,1.927e-19,1.819e-15,2.020e-15,4.399e-17,1.668e-2,2.330e-17,2.613e-1,1.498e+0,5.013e+0,,1.658e+0,,,1.302e+0,,,2.522e-16,,,,8.226e-19,,,,,,2.368e+0,3.041e-16
605.18,1.201e+1,5.133e-17,1.753e-13,3.311e-43,9.894e-18,,,1.574e-18,5.863e-21,,1.363e-15,2.555e-20,3.010e-11,9.299e-18,7.771e-19,2.556e-31,4.444e-20,6.268e-25,,3.233e-18,1.391e-18,5.507e-22,4.120e-17,,1.938e-25,5.220e-19,,4.625e-11,1.986e-20,4.148e-17,2.477e-19,4.388e-10,1.928e-19,1.318e-15,2.935e-15,4.401e-17,1.474e-2,2.331e-17,2.587e-1,1.373e+0,4.875e+0,,1.662e+0,,,1.381e+0,,,3.680e-16,,,,8.223e-19,,,,,,2.450e+0,3.041e-16
605.21,1.186e+1,2.915e-17,1.405e-13,3.308e-43,9.847e-18,,,1.574e-18,5.865e-21,,1.362e-15,2.596e-20,3.196e-11,9.299e-18,7.757e-19,2.550e-31,4.448e-20,6.271e-25,,3.228e-18,1.392e-18,7.295e-22,7.561e-17,,1.939e-25,5.218e-19,,2.870e-11,1.987e-20,4.150e-17,2.477e-19,4.432e-10,1.928e-19,8.102e-16,5.120e-15,4.404e-17,1.230e-2,2.334e-17,2.553e-1,1.200e+0,4.662e+0,,1.660e+0,,,1.501e+0,,,6.460e-16,,,,8.219e-19,,,,,,2.570e+0,3.041e-16
605.23,1.176e+1,1.993e-17,1.209e-13,3.306e-43,9.815e-18,,,1.574e-18,5.866e-21,,1.362e-15,2.624e-20,3.319e-11,9.299e-18,7.747e-19,2.545e-31,4.451e-20,6.273e-25,,3.224e-18,1.392e-18,8.776e-22,1.130e-16,,1.940e-25,5.217e-19,,2.082e-11,1.987e-20,4.152e-17,2.478e-19,4.459e-10,1.928e-19,5.841e-16,7.402e-15,4.406e-17,1.097e-2,2.336e-17,2.533e-1,1.094e+0,4.517e+0,,1.655e+0,,,1.583e+0,,,9.377e-16,,,,8.217e-19,,,,,,2.647e+0,3.041e-16
605.26,1.161e+1,1.123e-17,9.618e-14,3.303e-43,9.769e-18,,,1.574e-18,5.868e-21,,1.361e-15,2.665e-20,3.501e-11,9.299e-18,7.733e-19,2.538e-31,4.455e-20,6.276e-25,,3.218e-18,1.393e-18,1.154e-21,2.058e-16,,1.941e-25,5.216e-19,,1.282e-11,1.987e-20,4.155e-17,2.478e-19,4.493e-10,1.928e-19,3.562e-16,1.282e-14,4.408e-17,9.372e-3,2.338e-17,2.507e-1,9.484e-1,4.297e+0,,1.641e+0,,,1.708e+0,,,1.634e-15,,,,8.213e-19,,,,,,2.754e+0,3.042e-16
605.28,1.151e+1,7.641e-18,8.234e-14,3.302e-43,9.737e-18,,,1.574e-18,5.869e-21,,1.361e-15,2.693e-20,3.619e-11,9.299e-18,7.724e-19,2.534e-31,4.457e-20,6.278e-25,,3.215e-18,1.393e-18,1.381e-21,3.062e-16,,1.941e-25,5.215e-19,,9.254e-12,1.987e-20,4.156e-17,2.479e-19,4.513e-10,1.928e-19,2.555e-16,1.843e-14,4.410e-17,8.548e-3,2.340e-17,2.492e-1,8.602e-1,4.148e+0,,1.627e+0,,,1.792e+0,,,2.359e-15,,,,8.210e-19,,,,,,2.821e+0,3.042e-16
605.31,1.135e+1,4.242e-18,6.497e-14,3.299e-43,9.690e-18,,,1.574e-18,5.871e-21,,1.361e-15,2.734e-20,3.791e-11,9.298e-18,7.710e-19,2.527e-31,4.461e-20,6.282e-25,,3.209e-18,1.394e-18,1.800e-21,5.532e-16,,1.943e-25,5.213e-19,,5.652e-12,1.987e-20,4.159e-17,2.479e-19,4.536e-10,1.928e-19,1.545e-16,3.166e-14,4.413e-17,7.648e-3,2.343e-17,2.475e-1,7.402e-1,3.924e+0,,1.601e+0,,,1.918e+0,,,4.078e-15,,,,8.206e-19,,,,,,2.913e+0,3.042e-16
605.33,1.125e+1,2.872e-18,5.534e-14,3.297e-43,9.659e-18,,,1.574e-18,5.872e-21,,1.360e-15,2.762e-20,3.901e-11,9.298e-18,7.701e-19,2.522e-31,4.464e-20,6.284e-25,,3.205e-18,1.394e-18,2.144e-21,8.186e-16,,1.943e-25,5.212e-19,,4.058e-12,1.987e-20,4.161e-17,2.480e-19,4.548e-10,1.929e-19,1.103e-16,4.530e-14,4.415e-17,7.260e-3,2.345e-17,2.467e-1,6.679e-1,3.775e+0,,1.579e+0,,,2.002e+0,,,5.858e-15,,,,8.203e-19,,,,,,2.968e+0,3.043e-16
605.35,1.114e+1,1.940e-18,4.703e-14,3.296e-43,9.628e-18,,,1.574e-18,5.873e-21,,1.360e-15,2.789e-20,4.008e-11,9.298e-18,7.691e-19,2.518e-31,4.467e-20,6.286e-25,,3.201e-18,1.395e-18,2.547e-21,1.209e-15,,1.944e-25,5.211e-19,,2.908e-12,1.988e-20,4.162e-17,2.480e-19,4.556e-10,1.929e-19,7.849e-17,6.469e-14,4.417e-17,7.034e-3,2.346e-17,2.461e-1,6.014e-1,3.625e+0,,1.554e+0,,,2.085e+0,,,8.398e-15,,,,8.201e-19,,,,,,3.018e+0,3.043e-16
605.38,1.097e+1,1.073e-18,3.670e-14,3.293e-43,9.581e-18,,,1.574e-18,5.875e-21,,1.360e-15,2.831e-20,4.160e-11,9.298e-18,7.677e-19,2.511e-31,4.471e-20,6.289e-25,,3.196e-18,1.395e-18,3.286e-21,2.161e-15,,1.945e-25,5.209e-19,,1.756e-12,1.988e-20,4.165e-17,2.481e-19,4.561e-10,1.929e-19,4.696e-17,1.099e-13,4.419e-17,6.993e-3,2.349e-17,2.456e-1,5.118e-1,3.403e+0,,1.512e+0,,,2.208e+0,,,1.436e-14,,,,8.197e-19,,,,,,3.083e+0,3.043e-16
605.4,1.085e+1,7.211e-19,3.103e-14,3.291e-43,9.550e-18,,,1.574e-18,5.876e-21,,1.359e-15,2.858e-20,4.255e-11,9.298e-18,7.668e-19,2.507e-31,4.473e-20,6.291e-25,,3.192e-18,1.395e-18,3.883e-21,3.174e-15,,1.946e-25,5.208e-19,,1.252e-12,1.988e-20,4.167e-17,2.481e-19,4.559e-10,1.929e-19,3.326e-17,1.562e-13,4.421e-17,7.163e-3,2.351e-17,2.456e-1,4.584e-1,3.256e+0,,1.481e+0,,,2.287e+0,,,2.048e-14,,,,8.194e-19,,,,,,3.118e+0,3.043e-16
605.43,1.067e+1,3.957e-19,2.403e-14,3.288e-43,9.503e-18,,,1.574e-18,5.878e-21,,1.359e-15,2.900e-20,4.387e-11,9.298e-18,7.654e-19,2.500e-31,4.477e-20,6.294e-25,,3.186e-18,1.396e-18,4.971e-21,5.630e-15,,1.947e-25,5.207e-19,,7.503e-13,1.988e-20,4.169e-17,2.482e-19,4.550e-10,1.929e-19,1.974e-17,2.633e-13,4.424e-17,7.718e-3,2.354e-17,2.459e-1,3.871e-1,3.041e+0,,1.430e+0,,,2.403e+0,,,3.475e-14,,,,8.190e-19,,,,,,3.160e+0,3.044e-16
605.45,1.055e+1,2.646e-19,2.021e-14,3.287e-43,9.471e-18,,,1.574e-18,5.879e-21,,1.359e-15,2.927e-20,4.468e-11,9.297e-18,7.644e-19,2.495e-31,4.480e-20,6.296e-25,,3.183e-18,1.396e-18,5.845e-21,8.229e-15,,1.948e-25,5.206e-19,,5.319e-13,1.988e-20,4.171e-17,2.482e-19,4.538e-10,1.929e-19,1.391e-17,3.721e-13,4.425e-17,8.296e-3,2.355e-17,2.463e-1,3.450e-1,2.900e+0,,1.393e+0,,,2.477e+0,,,4.931e-14,,,,8.187e-19,,,,,,3.180e+0,3.044e-16
605.48,1.035e+1,1.356e-19,1.552e-14,3.284e-43,9.425e-18,,,1.574e-18,5.881e-21,,1.358e-15,2.969e-20,4.578e-11,9.297e-18,7.630e-19,2.489e-31,4.484e-20,6.299e-25,,3.177e-18,1.397e-18,7.424e-21,1.448e-14,,1.949e-25,5.204e-19,,3.163e-13,1.989e-20,4.174e-17,2.483e-19,4.512e-10,1.930e-19,8.189e-18,6.227e-13,4.428e-17,9.492e-3,2.358e-17,2.472e-1,2.890e-1,2.695e+0,,1.334e+0,,,2.581e+0,,,8.303e-14,,,,8.183e-19,,,,,,3.198e+0,3.044e-16
605.5,1.022e+1,9.025e-20,1.299e-14,3.282e-43,9.393e-18,,,1.574e-18,5.882e-21,,1.358e-15,2.996e-20,4.643e-11,9.297e-18,7.621e-19,2.484e-31,4.487e-20,6.302e-25,,3.173e-18,1.397e-18,8.684e-21,2.106e-14,,1.950e-25,5.203e-19,,2.230e-13,1.989e-20,4.175e-17,2.484e-19,4.488e-10,1.930e-19,5.738e-18,8.755e-13,4.430e-17,1.052e-2,2.360e-17,2.479e-1,2.562e-1,2.562e+0,,1.293e+0,,,2.647e+0,,,1.172e-13,,,,8.181e-19,,,,,,3.201e+0,3.044e-16
605.53,1.001e+1,4.883e-20,9.898e-15,3.280e-43,9.346e-18,,,1.574e-18,5.884e-21,,1.358e-15,3.038e-20,4.727e-11,9.297e-18,7.607e-19,2.477e-31,4.491e-20,6.305e-25,,3.168e-18,1.398e-18,1.094e-20,3.678e-14,,1.951e-25,5.201e-19,,1.316e-13,1.989e-20,4.178e-17,2.484e-19,4.445e-10,1.930e-19,3.353e-18,1.454e-12,4.433e-17,1.246e-2,2.362e-17,2.491e-1,2.130e-1,2.372e+0,,1.229e+0,,,2.737e+0,,,1.958e-13,,,,8.177e-19,,,,,,3.193e+0,3.045e-16
605.55,9.859e+0,3.233e-20,8.237e-15,3.278e-43,9.315e-18,,,1.574e-18,5.885e-21,,1.357e-15,3.066e-20,4.774e-11,9.297e-18,7.598e-19,2.473e-31,4.493e-20,6.307e-25,,3.164e-18,1.398e-18,1.274e-20,5.320e-14,,1.951e-25,5.200e-19,,9.230e-14,1.989e-20,4.180e-17,2.485e-19,4.410e-10,1.930e-19,2.337e-18,2.033e-12,4.434e-17,1.402e-2,2.364e-17,2.499e-1,1.878e-1,2.250e+0,,1.185e+0,,,2.792e+0,,,2.750e-13,,,,8.174e-19,,,,,,3.180e+0,3.045e-16
605.58,9.630e+0,1.735e-20,6.229e-15,3.275e-43,9.268e-18,,,1.574e-18,5.887e-21,,1.357e-15,3.107e-20,4.831e-11,9.297e-18,7.584e-19,2.466e-31,4.497e-20,6.310e-25,,3.158e-18,1.399e-18,1.592e-20,9.220e-14,,1.953e-25,5.199e-19,,5.402e-14,1.989e-20,4.182e-17,2.485e-19,4.349e-10,1.930e-19,1.355e-18,3.350e-12,4.437e-17,1.684e-2,2.367e-17,2.511e-1,1.549e-1,2.077e+0,,1.117e+0,,,2.865e+0,,,4.559e-13,,,,8.170e-19,,,,,,3.148e+0,3.045e-16
605.6,9.473e+0,1.143e-20,5.157e-15,3.273e-43,9.237e-18,,,1.573e-18,5.888e-21,,1.357e-15,3.135e-20,4.859e-11,9.297e-18,7.574e-19,2.461e-31,4.500e-20,6.312e-25,,3.154e-18,1.399e-18,1.844e-20,1.327e-13,,1.953e-25,5.198e-19,,3.770e-14,1.990e-20,4.184e-17,2.486e-19,4.302e-10,1.930e-19,9.393e-19,4.661e-12,4.439e-17,1.906e-2,2.369e-17,2.518e-1,1.359e-1,1.969e+0,,1.071e+0,,,2.907e+0,,,6.369e-13,,,,8.167e-19,,,,,,3.118e+0,3.046e-16
605.63,9.229e+0,1.143e-20,3.869e-15,3.271e-43,9.190e-18,,,1.573e-18,5.890e-21,,1.356e-15,3.176e-20,4.886e-11,9.296e-18,7.560e-19,2.455e-31,4.504e-20,6.315e-25,,3.149e-18,1.400e-18,2.287e-20,2.282e-13,,1.954e-25,5.196e-19,,2.189e-14,1.990e-20,4.187e-17,2.486e-19,4.223e-10,1.931e-19,5.402e-19,7.621e-12,4.442e-17,2.295e-2,2.371e-17,2.527e-1,1.112e-1,1.817e+0,,1.002e+0,,,2.960e+0,,,1.048e-12,,,,8.163e-19,,,,,,3.063e+0,3.046e-16
605.65,9.062e+0,1.144e-20,3.187e-15,3.269e-43,9.159e-18,,,1.573e-18,5.891e-21,,1.356e-15,3.204e-20,4.895e-11,9.296e-18,7.551e-19,2.450e-31,4.507e-20,6.317e-25,,3.145e-18,1.400e-18,2.634e-20,3.267e-13,,1.955e-25,5.195e-19,,1.519e-14,1.990e-20,4.188e-17,2.487e-19,4.165e-10,1.931e-19,3.726e-19,1.055e-11,4.443e-17,2.597e-2,2.373e-17,2.531e-1,9.707e-2,1.723e+0,,9.564e-1,,,2.988e+0,,,1.456e-12,,,,8.161e-19,,,,,,3.018e+0,3.046e-16
605.68,8.806e+0,1.144e-20,2.372e-15,3.266e-43,9.112e-18,,,1.573e-18,5.893e-21,,1.355e-15,3.245e-20,4.893e-11,9.296e-18,7.537e-19,2.443e-31,4.511e-20,6.321e-25,,3.139e-18,1.401e-18,3.243e-20,5.574e-13,,1.956e-25,5.193e-19,,8.752e-15,1.990e-20,4.191e-17,2.487e-19,4.068e-10,1.931e-19,2.126e-19,1.711e-11,4.446e-17,3.119e-2,2.376e-17,2.535e-1,7.882e-2,1.595e+0,,8.878e-1,,,3.019e+0,,,2.377e-12,,,,8.157e-19,,,,,,2.941e+0,3.047e-16
605.7,8.631e+0,1.144e-20,1.943e-15,3.265e-43,9.081e-18,,,1.573e-18,5.894e-21,,1.355e-15,3.273e-20,4.882e-11,9.296e-18,7.528e-19,2.439e-31,4.513e-20,6.323e-25,,3.136e-18,1.401e-18,3.716e-20,7.940e-13,,1.957e-25,5.192e-19,,6.044e-15,1.990e-20,4.193e-17,2.488e-19,3.999e-10,1.931e-19,1.458e-19,2.357e-11,4.448e-17,3.519e-2,2.377e-17,2.534e-1,6.842e-2,1.517e+0,,8.426e-1,,,3.031e+0,,,3.287e-12,,,,8.154e-19,,,,,,2.884e+0,3.047e-16
605.72,8.455e+0,1.144e-20,1.589e-15,3.263e-43,9.049e-18,,,1.573e-18,5.895e-21,,1.355e-15,3.300e-20,4.863e-11,9.296e-18,7.518e-19,2.434e-31,4.516e-20,6.325e-25,,3.132e-18,1.401e-18,4.249e-20,1.129e-12,,1.958e-25,5.191e-19,,4.164e-15,1.991e-20,4.195e-17,2.488e-19,3.925e-10,1.931e-19,9.985e-20,3.239e-11,4.450e-17,3.964e-2,2.379e-17,2.532e-1,5.927e-2,1.446e+0,,7.980e-1,,,3.038e+0,,,4.536e-12,,,,8.151e-19,,,,,,2.821e+0,3.047e-16
605.75,8.187e+0,1.145e-20,1.170e-15,3.260e-43,9.002e-18,,,1.573e-18,5.897e-21,,1.354e-15,3.342e-20,4.821e-11,9.296e-18,7.504e-19,2.428e-31,4.520e-20,6.328e-25,,3.126e-18,1.402e-18,5.174e-20,1.905e-12,,1.959e-25,5.190e-19,,2.373e-15,1.991e-20,4.197e-17,2.489e-19,3.806e-10,1.931e-19,5.634e-20,5.198e-11,4.452e-17,4.724e-2,2.382e-17,2.523e-1,4.760e-2,1.352e+0,,7.327e-1,,,3.035e+0,,,7.325e-12,,,,8.147e-19,,,,,,2.719e+0,3.047e-16
605.77,8.006e+0,1.145e-20,9.512e-16,3.258e-43,8.971e-18,,,1.573e-18,5.898e-21,,1.354e-15,3.369e-20,4.784e-11,9.295e-18,7.495e-19,2.423e-31,4.523e-20,6.330e-25,,3.122e-18,1.402e-18,5.885e-20,2.694e-12,,1.960e-25,5.189e-19,,1.626e-15,1.991e-20,4.199e-17,2.489e-19,3.722e-10,1.932e-19,3.837e-20,7.107e-11,4.454e-17,5.298e-2,2.384e-17,2.514e-1,4.102e-2,1.298e+0,,6.904e-1,,,3.026e+0,,,1.006e-11,,,,8.145e-19,,,,,,2.647e+0,3.048e-16
605.8,7.736e+0,1.145e-20,6.949e-16,3.256e-43,8.924e-18,,,1.573e-18,5.900e-21,,1.354e-15,3.411e-20,4.715e-11,9.295e-18,7.481e-19,2.416e-31,4.527e-20,6.333e-25,,3.117e-18,1.403e-18,7.111e-20,4.512e-12,,1.961e-25,5.187e-19,,9.192e-16,1.991e-20,4.202e-17,2.490e-19,3.590e-10,1.932e-19,2.148e-20,1.132e-10,4.457e-17,6.270e-2,2.386e-17,2.495e-1,3.269e-2,1.231e+0,,6.289e-1,,,3.000e+0,,,1.611e-11,,,,8.141e-19,,,,,,2.531e+0,3.048e-16
605.82,7.556e+0,1.145e-20,5.621e-16,3.254e-43,8.893e-18,,,1.573e-18,5.901e-21,,1.353e-15,3.438e-20,4.661e-11,9.295e-18,7.471e-19,2.412e-31,4.529e-20,6.335e-25,,3.113e-18,1.403e-18,8.046e-20,6.348e-12,,1.962e-25,5.186e-19,,6.267e-16,1.991e-20,4.203e-17,2.490e-19,3.498e-10,1.932e-19,1.455e-20,1.540e-10,4.459e-17,6.998e-2,2.388e-17,2.478e-1,2.802e-2,1.195e+0,,5.895e-1,,,2.975e+0,,,2.201e-11,,,,8.138e-19,,,,,,2.450e+0,3.048e-16
605.85,7.288e+0,1.146e-20,4.074e-16,3.251e-43,8.846e-18,,,1.573e-18,5.903e-21,,1.353e-15,3.480e-20,4.567e-11,9.295e-18,7.457e-19,2.405e-31,4.533e-20,6.339e-25,,3.107e-18,1.404e-18,9.647e-20,1.055e-11,,1.963e-25,5.184e-19,,3.514e-16,1.992e-20,4.206e-17,2.491e-19,3.354e-10,1.932e-19,8.083e-21,2.433e-10,4.461e-17,8.220e-2,2.391e-17,2.447e-1,2.216e-2,1.154e+0,,5.328e-1,,,2.927e+0,,,3.499e-11,,,,8.134e-19,,,,,,2.325e+0,3.048e-16
605.87,7.111e+0,1.146e-20,3.279e-16,3.250e-43,8.815e-18,,,1.573e-18,5.904e-21,,1.353e-15,3.507e-20,4.497e-11,9.295e-18,7.448e-19,2.401e-31,4.536e-20,6.341e-25,,3.104e-18,1.404e-18,1.086e-19,1.477e-11,,1.963e-25,5.183e-19,,2.384e-16,1.992e-20,4.208e-17,2.492e-19,3.255e-10,1.932e-19,5.447e-21,3.292e-10,4.463e-17,9.128e-2,2.392e-17,2.422e-1,1.889e-2,1.135e+0,,4.968e-1,,,2.888e+0,,,4.754e-11,,,,8.131e-19,,,,,,2.240e+0,3.049e-16
605.9,6.852e+0,1.146e-20,2.358e-16,3.247e-43,8.768e-18,,,1.573e-18,5.906e-21,,1.352e-15,3.549e-20,4.382e-11,9.295e-18,7.434e-19,2.394e-31,4.540e-20,6.344e-25,,3.098e-18,1.405e-18,1.292e-19,2.436e-11,,1.965e-25,5.182e-19,,1.326e-16,1.992e-20,4.210e-17,2.492e-19,3.103e-10,1.933e-19,3.001e-21,5.162e-10,4.466e-17,1.064e-1,2.395e-17,2.380e-1,1.482e-2,1.120e+0,,4.455e-1,,,2.819e+0,,,7.501e-11,,,,8.127e-19,,,,,,2.109e+0,3.049e-16
605.92,6.683e+0,1.147e-20,1.887e-16,3.245e-43,8.737e-18,,,1.573e-18,5.907e-21,,1.352e-15,3.576e-20,4.298e-11,9.294e-18,7.425e-19,2.389e-31,4.543e-20,6.346e-25,,3.094e-18,1.405e-18,1.447e-19,3.391e-11,,1.965e-25,5.181e-19,,8.947e-17,1.992e-20,4.212e-17,2.493e-19,3.000e-10,1.933e-19,2.012e-21,6.949e-10,4.468e-17,1.176e-1,2.397e-17,2.347e-1,1.257e-2,1.119e+0,,4.133e-1,,,2.766e+0,,,1.014e-10,,,,8.125e-19,,,,,,2.020e+0,3.049e-16
605.95,6.438e+0,1.147e-20,1.346e-16,3.243e-43,8.690e-18,,,1.573e-18,5.909e-21,,1.352e-15,3.618e-20,4.164e-11,9.294e-18,7.411e-19,2.382e-31,4.547e-20,6.349e-25,,3.089e-18,1.406e-18,1.708e-19,5.551e-11,,1.966e-25,5.179e-19,,4.938e-17,1.992e-20,4.215e-17,2.493e-19,2.842e-10,1.933e-19,1.100e-21,1.081e-9,4.470e-17,1.360e-1,2.400e-17,2.293e-1,9.786e-3,1.129e+0,,3.677e-1,,,2.679e+0,,,1.587e-10,,,,8.121e-19,,,,,,1.887e+0,3.050e-16
605.97,6.281e+0,1.147e-20,1.072e-16,3.241e-43,8.658e-18,,,1.573e-18,5.910e-21,,1.351e-15,3.645e-20,4.070e-11,9.294e-18,7.401e-19,2.378e-31,4.549e-20,6.351e-25,,3.085e-18,1.406e-18,1.902e-19,7.689e-11,,1.967e-25,5.178e-19,,3.314e-17,1.993e-20,4.216e-17,2.494e-19,2.736e-10,1.933e-19,7.334e-22,1.448e-9,4.472e-17,1.495e-1,2.401e-17,2.254e-1,8.258e-3,1.144e+0,,3.393e-1,,,2.616e+0,,,2.135e-10,,,,8.118e-19,,,,,,1.799e+0,3.050e-16
606,6.056e+0,1.148e-20,7.590e-17,3.238e-43,8.611e-18,,,1.573e-18,5.912e-21,,1.351e-15,3.687e-20,3.920e-11,9.294e-18,7.387e-19,2.371e-31,4.553e-20,6.355e-25,,3.079e-18,1.406e-18,2.228e-19,1.249e-10,,1.968e-25,5.177e-19,,1.815e-17,1.993e-20,4.219e-17,2.494e-19,2.576e-10,1.933e-19,3.978e-22,2.236e-9,4.475e-17,1.716e-1,2.404e-17,2.191e-1,6.377e-3,1.178e+0,,2.996e-1,,,2.514e+0,,,3.316e-10,,,,8.114e-19,,,,,,1.667e+0,3.050e-16
606.02,5.914e+0,1.148e-20,6.012e-17,3.236e-43,8.580e-18,,,1.573e-18,5.913e-21,,1.351e-15,3.715e-20,3.817e-11,9.294e-18,7.378e-19,2.367e-31,4.556e-20,6.357e-25,,3.075e-18,1.407e-18,2.470e-19,1.721e-10,,1.969e-25,5.176e-19,,1.212e-17,1.993e-20,4.221e-17,2.495e-19,2.470e-10,1.933e-19,2.639e-22,2.979e-9,4.477e-17,1.876e-1,2.406e-17,2.146e-1,5.354e-3,1.208e+0,,2.750e-1,,,2.443e+0,,,4.436e-10,,,,8.111e-19,,,,,,1.581e+0,3.050e-16
606.05,5.714e+0,1.148e-20,4.222e-17,3.234e-43,8.533e-18,,,1.572e-18,5.915e-21,,1.350e-15,3.756e-20,3.656e-11,9.294e-18,7.364e-19,2.360e-31,4.560e-20,6.360e-25,,3.070e-18,1.407e-18,2.870e-19,2.773e-10,,1.970e-25,5.174e-19,,6.582e-18,1.993e-20,4.223e-17,2.495e-19,2.311e-10,1.934e-19,1.420e-22,4.564e-9,4.479e-17,2.137e-1,2.408e-17,2.074e-1,4.102e-3,1.265e+0,,2.409e-1,,,2.330e+0,,,6.838e-10,,,,8.107e-19,,,,,,1.454e+0,3.051e-16
606.07,5.590e+0,1.148e-20,3.327e-17,3.232e-43,8.502e-18,,,1.572e-18,5.916e-21,,1.350e-15,3.784e-20,3.546e-11,9.294e-18,7.354e-19,2.355e-31,4.563e-20,6.362e-25,,3.066e-18,1.408e-18,3.164e-19,3.802e-10,,1.971e-25,5.173e-19,,4.371e-18,1.993e-20,4.225e-17,2.496e-19,2.206e-10,1.934e-19,9.369e-23,6.049e-9,4.481e-17,2.324e-1,2.410e-17,2.025e-1,3.426e-3,1.309e+0,,2.199e-1,,,2.251e+0,,,9.101e-10,,,,8.105e-19,,,,,,1.371e+0,3.051e-16
606.09,5.474e+0,1.149e-20,2.617e-17,3.230e-43,8.471e-18,,,1.572e-18,5.917e-21,,1.350e-15,3.811e-20,3.434e-11,9.293e-18,7.345e-19,2.351e-31,4.566e-20,6.364e-25,,3.062e-18,1.408e-18,3.482e-19,5.202e-10,,1.972e-25,5.172e-19,,2.897e-18,1.994e-20,4.227e-17,2.496e-19,2.102e-10,1.934e-19,9.440e-23,8.002e-9,4.483e-17,2.523e-1,2.412e-17,1.975e-1,2.855e-3,1.358e+0,,2.004e-1,,,2.171e+0,,,1.209e-9,,,,8.102e-19,,,,,,1.291e+0,3.051e-16
606.12,5.314e+0,1.149e-20,1.818e-17,3.228e-43,8.424e-18,,,1.572e-18,5.919e-21,,1.349e-15,3.853e-20,3.263e-11,9.293e-18,7.331e-19,2.344e-31,4.570e-20,6.367e-25,,3.057e-18,1.409e-18,4.002e-19,8.292e-10,,1.973e-25,5.170e-19,,1.556e-18,1.994e-20,4.229e-17,2.497e-19,1.948e-10,1.934e-19,9.547e-23,1.213e-8,4.486e-17,2.842e-1,2.415e-17,1.897e-1,2.163e-3,1.441e+0,,1.736e-1,,,2.049e+0,,,1.843e-9,,,,8.098e-19,,,,,,1.174e+0,3.051e-16
606.14,5.219e+0,1.149e-20,1.422e-17,3.226e-43,8.393e-18,,,1.572e-18,5.920e-21,,1.349e-15,3.880e-20,3.148e-11,9.293e-18,7.322e-19,2.340e-31,4.572e-20,6.369e-25,,3.053e-18,1.409e-18,4.381e-19,1.129e-9,,1.974e-25,5.169e-19,,1.026e-18,1.994e-20,4.231e-17,2.497e-19,1.848e-10,1.934e-19,9.618e-23,1.596e-8,4.487e-17,3.069e-1,2.416e-17,1.845e-1,1.793e-3,1.502e+0,,1.574e-1,,,1.966e+0,,,2.436e-9,,,,8.095e-19,,,,,,1.099e+0,3.052e-16
606.17,5.092e+0,1.149e-20,9.800e-18,3.223e-43,8.346e-18,,,1.572e-18,5.922e-21,,1.348e-15,3.922e-20,2.975e-11,9.293e-18,7.308e-19,2.333e-31,4.576e-20,6.372e-25,,3.047e-18,1.410e-18,4.997e-19,1.785e-9,,1.975e-25,5.168e-19,,,1.994e-20,4.234e-17,2.498e-19,1.702e-10,1.934e-19,9.725e-23,2.400e-8,4.490e-17,3.431e-1,2.419e-17,1.767e-1,1.348e-3,1.601e+0,,1.353e-1,,,1.842e+0,,,3.686e-9,,,,8.091e-19,,,,,,9.924e-1,3.052e-16
606.19,5.018e+0,1.150e-20,7.627e-18,3.221e-43,8.314e-18,,,1.572e-18,5.923e-21,,1.348e-15,3.949e-20,2.859e-11,9.293e-18,7.298e-19,2.328e-31,4.579e-20,6.375e-25,,3.043e-18,1.410e-18,5.441e-19,2.418e-9,,1.975e-25,5.167e-19,,,1.994e-20,4.235e-17,2.498e-19,1.608e-10,1.935e-19,9.796e-23,3.142e-8,4.492e-17,3.686e-1,2.421e-17,1.716e-1,1.112e-3,1.671e+0,,1.220e-1,,,1.759e+0,,,4.845e-9,,,,8.088e-19,,,,,,9.244e-1,3.052e-16
606.22,4.923e+0,1.150e-20,5.217e-18,3.219e-43,8.267e-18,,,1.572e-18,5.925e-21,,1.348e-15,3.991e-20,2.686e-11,9.293e-18,7.284e-19,2.321e-31,4.583e-20,6.378e-25,,3.038e-18,1.411e-18,6.159e-19,3.795e-9,,1.977e-25,5.165e-19,,,1.995e-20,4.238e-17,2.499e-19,1.471e-10,1.935e-19,9.903e-23,4.689e-8,4.495e-17,4.089e-1,2.423e-17,1.641e-1,8.295e-4,1.781e+0,,1.041e-1,,,1.636e+0,,,7.275e-9,,,,8.084e-19,,,,,,8.278e-1,3.053e-16
606.24,4.871e+0,1.150e-20,4.041e-18,3.217e-43,8.236e-18,,,1.572e-18,5.926e-21,,1.347e-15,4.018e-20,2.572e-11,9.292e-18,7.275e-19,2.317e-31,4.586e-20,6.380e-25,,3.034e-18,1.411e-18,6.671e-19,5.113e-9,,1.977e-25,5.164e-19,,,1.995e-20,4.240e-17,2.499e-19,1.383e-10,1.935e-19,9.974e-23,6.107e-8,4.496e-17,4.370e-1,2.425e-17,1.592e-1,6.805e-4,1.858e+0,,9.336e-2,,,1.555e+0,,,9.514e-9,,,,8.082e-19,,,,,,7.671e-1,3.053e-16
606.27,4.808e+0,1.151e-20,2.746e-18,3.214e-43,8.189e-18,,,1.572e-18,5.928e-21,,1.347e-15,4.060e-20,2.402e-11,9.292e-18,7.261e-19,2.310e-31,4.590e-20,6.383e-25,,3.028e-18,1.411e-18,7.492e-19,7.964e-9,,1.978e-25,5.162e-19,,,1.995e-20,4.242e-17,2.500e-19,1.256e-10,1.935e-19,1.846e-22,9.042e-8,4.499e-17,4.809e-1,2.428e-17,1.522e-1,5.037e-4,1.977e+0,,7.902e-2,,,1.436e+0,,,1.417e-8,,,,8.078e-19,,,,,,6.816e-1,3.053e-16
606.29,4.776e+0,1.151e-20,2.120e-18,3.213e-43,8.158e-18,,,1.572e-18,5.929e-21,,1.347e-15,4.087e-20,2.291e-11,9.292e-18,7.251e-19,2.306e-31,4.592e-20,6.385e-25,,4.563e-18,1.412e-18,8.074e-19,1.067e-8,,1.979e-25,5.161e-19,,,1.995e-20,4.244e-17,2.501e-19,1.176e-10,1.935e-19,2.776e-22,1.172e-7,4.501e-17,5.113e-1,2.430e-17,1.479e-1,4.110e-4,2.058e+0,,7.051e-2,,,1.359e+0,,,1.844e-8,,,,8.075e-19,,,,,,6.283e-1,3.053e-16
606.32,4.742e+0,1.151e-20,1.439e-18,3.210e-43,8.111e-18,,,1.572e-18,5.931e-21,,1.346e-15,4.129e-20,2.127e-11,9.292e-18,7.237e-19,2.299e-31,4.596e-20,6.388e-25,,8.405e-18,1.412e-18,8.997e-19,1.650e-8,,1.980e-25,5.160e-19,,,1.995e-20,4.247e-17,2.501e-19,1.061e-10,1.935e-19,5.098e-22,1.722e-7,4.504e-17,5.584e-1,2.432e-17,1.418e-1,3.019e-4,2.180e+0,,5.921e-2,,,1.248e+0,,,2.726e-8,,,,8.071e-19,,,,,,5.539e-1,3.054e-16
606.34,4.728e+0,1.151e-20,1.115e-18,3.208e-43,8.080e-18,,,1.572e-18,5.932e-21,,1.346e-15,4.156e-20,2.021e-11,9.292e-18,7.228e-19,2.294e-31,4.599e-20,6.390e-25,,1.260e-17,1.413e-18,9.645e-19,2.200e-8,,1.981e-25,5.159e-19,,,1.996e-20,4.248e-17,2.502e-19,9.883e-11,1.936e-19,7.626e-22,2.219e-7,4.505e-17,5.906e-1,2.434e-17,1.380e-1,2.451e-4,2.262e+0,,5.256e-2,,,1.177e+0,,,3.529e-8,,,,8.068e-19,,,,,,5.080e-1,3.054e-16
606.37,4.720e+0,1.152e-20,7.709e-19,3.206e-43,8.033e-18,,,1.572e-18,5.934e-21,,1.345e-15,4.198e-20,1.865e-11,9.292e-18,7.214e-19,2.288e-31,4.603e-20,6.394e-25,,2.303e-17,1.413e-18,1.066e-18,3.374e-8,,1.982e-25,5.157e-19,,,1.996e-20,4.251e-17,2.502e-19,8.856e-11,1.936e-19,1.390e-21,3.236e-7,4.508e-17,6.399e-1,2.437e-17,1.331e-1,1.785e-4,2.384e+0,,4.379e-2,,,1.074e+0,,,5.177e-8,,,,8.064e-19,,,,,,4.443e-1,3.054e-16
606.39,4.722e+0,1.152e-20,6.155e-19,3.204e-43,8.002e-18,,,1.572e-18,5.935e-21,,1.345e-15,4.225e-20,1.764e-11,9.291e-18,7.205e-19,2.283e-31,4.606e-20,6.396e-25,,3.435e-17,1.414e-18,1.137e-18,4.475e-8,,1.983e-25,5.156e-19,,,1.996e-20,4.253e-17,2.503e-19,8.212e-11,1.936e-19,2.068e-21,4.149e-7,4.510e-17,6.733e-1,2.438e-17,1.302e-1,1.442e-4,2.464e+0,,3.867e-2,,,1.010e+0,,,6.666e-8,,,,8.062e-19,,,,,,4.053e-1,3.055e-16
606.42,4.734e+0,1.152e-20,4.676e-19,3.201e-43,7.955e-18,,,1.572e-18,5.937e-21,,1.345e-15,4.267e-20,1.619e-11,9.291e-18,7.191e-19,2.276e-31,4.610e-20,6.399e-25,,6.231e-17,1.414e-18,1.248e-18,6.811e-8,,1.984e-25,5.154e-19,,,1.996e-20,4.255e-17,2.503e-19,7.307e-11,1.936e-19,3.741e-21,6.003e-7,4.513e-17,7.239e-1,2.441e-17,1.266e-1,1.042e-4,2.581e+0,,3.197e-2,,,9.187e-1,,,9.704e-8,,,,8.058e-19,,,,,,3.518e-1,3.055e-16
606.44,4.748e+0,1.152e-20,4.170e-19,3.199e-43,7.923e-18,,,1.572e-18,5.938e-21,,1.344e-15,4.294e-20,1.525e-11,9.291e-18,7.181e-19,2.272e-31,4.612e-20,6.401e-25,,9.244e-17,1.415e-18,1.324e-18,8.988e-8,,1.985e-25,5.153e-19,,,1.996e-20,4.257e-17,2.504e-19,6.745e-11,1.936e-19,5.539e-21,7.659e-7,4.514e-17,7.578e-1,2.443e-17,1.246e-1,8.374e-5,2.656e+0,,2.808e-2,,,8.620e-1,,,1.243e-7,,,,8.055e-19,,,,,,3.193e-1,3.055e-16
606.46,4.765e+0,1.153e-20,4.013e-19,3.198e-43,7.892e-18,,,1.572e-18,5.939e-21,,1.344e-15,4.322e-20,1.435e-11,9.291e-18,7.172e-19,2.267e-31,4.615e-20,6.403e-25,,1.369e-16,1.415e-18,1.402e-18,1.184e-7,,1.986e-25,5.152e-19,,,1.996e-20,4.259e-17,2.504e-19,6.213e-11,1.936e-19,8.184e-21,9.752e-7,4.516e-17,7.916e-1,2.445e-17,1.231e-1,6.713e-5,2.728e+0,,2.462e-2,,,8.085e-1,,,1.589e-7,,,,8.052e-19,,,,,,2.891e-1,3.055e-16
606.49,4.797e+0,1.153e-20,4.443e-19,3.195e-43,7.845e-18,,,1.571e-18,5.941e-21,,1.344e-15,4.363e-20,1.305e-11,9.291e-18,7.158e-19,2.261e-31,4.619e-20,6.406e-25,,2.456e-16,1.415e-18,1.521e-18,1.782e-7,,1.987e-25,5.151e-19,,,1.997e-20,4.261e-17,2.505e-19,5.475e-11,1.937e-19,1.464e-20,1.396e-6,4.519e-17,8.418e-1,2.447e-17,1.216e-1,4.800e-5,2.830e+0,,2.013e-2,,,7.346e-1,,,2.289e-7,,,,8.048e-19,,,,,,2.482e-1,3.056e-16
606.51,4.820e+0,1.153e-20,5.226e-19,3.193e-43,7.814e-18,,,1.571e-18,5.942e-21,,1.343e-15,4.391e-20,1.223e-11,9.291e-18,7.149e-19,2.256e-31,4.622e-20,6.408e-25,,3.618e-16,1.416e-18,1.602e-18,2.335e-7,,1.987e-25,5.150e-19,,,1.997e-20,4.263e-17,2.505e-19,5.020e-11,1.937e-19,2.152e-20,1.768e-6,4.521e-17,8.748e-1,2.449e-17,1.211e-1,3.828e-5,2.893e+0,,1.756e-2,,,6.897e-1,,,2.911e-7,,,,8.046e-19,,,,,,2.236e-1,3.056e-16
606.54,4.858e+0,1.154e-20,7.343e-19,3.191e-43,7.767e-18,,,1.571e-18,5.944e-21,,1.343e-15,4.433e-20,1.105e-11,9.291e-18,7.135e-19,2.249e-31,4.626e-20,6.412e-25,,6.443e-16,1.416e-18,1.725e-18,3.488e-7,,1.989e-25,5.148e-19,,,1.997e-20,4.266e-17,2.506e-19,4.392e-11,1.937e-19,3.821e-20,2.510e-6,4.523e-17,9.232e-1,2.452e-17,1.213e-1,2.716e-5,2.980e+0,,1.424e-2,,,6.289e-1,,,4.159e-7,,,,8.042e-19,,,,,,1.905e-1,3.056e-16
606.56,4.883e+0,1.154e-20,9.572e-19,3.189e-43,7.736e-18,,,1.571e-18,5.945e-21,,1.343e-15,4.460e-20,1.031e-11,9.290e-18,7.125e-19,2.245e-31,4.628e-20,6.414e-25,,9.441e-16,1.417e-18,1.808e-18,4.546e-7,,1.989e-25,5.147e-19,,,1.997e-20,4.268e-17,2.506e-19,4.008e-11,1.937e-19,5.589e-20,3.163e-6,4.525e-17,9.544e-1,2.454e-17,1.219e-1,2.154e-5,3.031e+0,,1.236e-2,,,5.927e-1,,,5.263e-7,,,,8.039e-19,,,,,,1.707e-1,3.056e-16
606.59,4.921e+0,1.154e-20,1.465e-18,3.186e-43,7.689e-18,,,1.571e-18,5.947e-21,,1.342e-15,4.502e-20,9.260e-12,9.290e-18,7.111e-19,2.238e-31,4.632e-20,6.417e-25,,1.668e-15,1.417e-18,1.931e-18,6.739e-7,,1.990e-25,5.145e-19,,,1.997e-20,4.270e-17,2.507e-19,3.481e-11,1.937e-19,9.846e-20,4.458e-6,4.528e-17,9.993e-1,2.456e-17,1.237e-1,1.516e-5,3.099e+0,,9.945e-3,,,5.450e-1,,,7.462e-7,,,,8.035e-19,,,,,,1.443e-1,3.057e-16
606.61,4.945e+0,1.154e-20,1.961e-18,3.184e-43,7.658e-18,,,1.571e-18,5.948e-21,,1.342e-15,4.529e-20,8.602e-12,9.290e-18,7.102e-19,2.233e-31,4.635e-20,6.419e-25,,2.432e-15,1.418e-18,2.013e-18,8.739e-7,,1.991e-25,5.144e-19,,,1.998e-20,4.272e-17,2.507e-19,3.162e-11,1.937e-19,1.433e-19,5.588e-6,4.530e-17,1.028e+0,2.458e-17,1.254e-1,1.197e-5,3.137e+0,,8.583e-3,,,5.175e-1,,,9.393e-7,,,,8.032e-19,,,,,,1.286e-1,3.057e-16
606.64,4.976e+0,1.155e-20,3.051e-18,3.182e-43,7.611e-18,,,1.571e-18,5.950e-21,,1.342e-15,4.571e-20,7.676e-12,9.290e-18,7.088e-19,2.227e-31,4.639e-20,6.422e-25,,4.265e-15,1.418e-18,2.134e-18,1.286e-6,,1.992e-25,5.143e-19,,,1.998e-20,4.274e-17,2.508e-19,2.727e-11,1.938e-19,2.505e-19,7.814e-6,4.532e-17,1.068e+0,2.461e-17,1.288e-1,8.357e-6,3.182e+0,,6.855e-3,,,4.828e-1,,,1.321e-6,,,,8.028e-19,,,,,,1.079e-1,3.057e-16
606.66,4.994e+0,1.155e-20,4.097e-18,3.180e-43,7.579e-18,,,1.571e-18,5.951e-21,,1.341e-15,4.598e-20,7.099e-12,9.290e-18,7.078e-19,2.222e-31,4.642e-20,6.424e-25,,6.187e-15,1.419e-18,2.213e-18,1.658e-6,,1.993e-25,5.142e-19,,,1.998e-20,4.276e-17,2.509e-19,2.465e-11,1.938e-19,3.625e-19,9.746e-6,4.534e-17,1.092e+0,2.462e-17,1.315e-1,6.561e-6,3.205e+0,,5.885e-3,,,4.639e-1,,,1.655e-6,,,,8.026e-19,,,,,,9.565e-2,3.058e-16
606.69,5.015e+0,1.155e-20,6.361e-18,3.177e-43,7.532e-18,,,1.571e-18,5.953e-21,,1.341e-15,4.640e-20,6.293e-12,9.290e-18,7.064e-19,2.215e-31,4.646e-20,6.428e-25,,1.077e-14,1.419e-18,2.328e-18,2.421e-6,,1.994e-25,5.140e-19,,,1.998e-20,4.279e-17,2.509e-19,2.111e-11,1.938e-19,6.289e-19,1.352e-5,4.537e-17,1.126e+0,2.465e-17,1.364e-1,4.546e-6,3.227e+0,,4.663e-3,,,4.418e-1,,,2.310e-6,,,,8.022e-19,,,,,,7.958e-2,3.058e-16
606.71,5.025e+0,1.156e-20,8.513e-18,3.176e-43,7.501e-18,,,1.571e-18,5.954e-21,,1.341e-15,4.667e-20,5.795e-12,9.289e-18,7.055e-19,2.211e-31,4.648e-20,6.430e-25,,1.554e-14,1.420e-18,2.402e-18,3.107e-6,,1.995e-25,5.139e-19,,,1.998e-20,4.281e-17,2.510e-19,1.899e-11,1.938e-19,9.057e-19,1.678e-5,4.539e-17,1.146e+0,2.467e-17,1.401e-1,3.550e-6,3.233e+0,,3.983e-3,,,4.311e-1,,,2.879e-6,,,,8.019e-19,,,,,,7.022e-2,3.058e-16
606.74,5.031e+0,1.156e-20,1.313e-17,3.173e-43,7.454e-18,,,1.571e-18,5.956e-21,,1.340e-15,4.709e-20,5.103e-12,9.289e-18,7.041e-19,2.204e-31,4.652e-20,6.433e-25,,2.683e-14,1.420e-18,2.507e-18,4.500e-6,,1.996e-25,5.137e-19,,,1.999e-20,4.283e-17,2.510e-19,1.615e-11,1.938e-19,1.559e-18,2.310e-5,4.541e-17,1.172e+0,2.469e-17,1.463e-1,2.440e-6,3.230e+0,,3.131e-3,,,4.211e-1,,,3.988e-6,,,,8.015e-19,,,,,,5.797e-2,3.059e-16
606.76,5.030e+0,1.156e-20,1.749e-17,3.171e-43,7.423e-18,,,1.571e-18,5.957e-21,,1.340e-15,4.736e-20,4.678e-12,9.289e-18,7.032e-19,2.200e-31,4.655e-20,6.435e-25,,3.851e-14,1.420e-18,2.573e-18,5.746e-6,,1.997e-25,5.136e-19,,,1.999e-20,4.285e-17,2.511e-19,1.445e-11,1.938e-19,2.234e-18,2.851e-5,4.543e-17,1.187e+0,2.471e-17,1.508e-1,1.896e-6,3.220e+0,,2.661e-3,,,4.182e-1,,,4.943e-6,,,,8.012e-19,,,,,,5.088e-2,3.059e-16
606.79,5.019e+0,1.156e-20,2.679e-17,3.169e-43,7.376e-18,,,1.571e-18,5.959e-21,,1.339e-15,4.778e-20,4.091e-12,9.289e-18,7.018e-19,2.193e-31,4.659e-20,6.438e-25,,6.599e-14,1.421e-18,2.665e-18,8.258e-6,,1.998e-25,5.135e-19,,,1.999e-20,4.287e-17,2.511e-19,1.220e-11,1.939e-19,3.816e-18,3.896e-5,4.546e-17,1.205e+0,2.474e-17,1.581e-1,1.293e-6,3.193e+0,,2.075e-3,,,4.194e-1,,,6.794e-6,,,,8.008e-19,,,,,,4.167e-2,3.059e-16
606.81,5.005e+0,1.157e-20,3.550e-17,3.167e-43,7.345e-18,,,1.571e-18,5.960e-21,,1.339e-15,4.805e-20,3.733e-12,9.289e-18,7.008e-19,2.188e-31,4.662e-20,6.440e-25,,9.426e-14,1.421e-18,2.721e-18,1.049e-5,,1.999e-25,5.134e-19,,,1.999e-20,4.289e-17,2.512e-19,1.087e-11,1.939e-19,5.440e-18,4.784e-5,4.548e-17,1.214e+0,2.476e-17,1.633e-1,9.994e-7,3.166e+0,,1.754e-3,,,4.238e-1,,,8.378e-6,,,,8.006e-19,,,,,,3.639e-2,3.059e-16
606.84,4.975e+0,1.157e-20,5.396e-17,3.164e-43,7.298e-18,,,1.571e-18,5.962e-21,,1.339e-15,4.847e-20,3.243e-12,9.289e-18,6.994e-19,2.181e-31,4.666e-20,6.443e-25,,1.603e-13,1.422e-18,2.796e-18,1.496e-5,,2.000e-25,5.132e-19,,,1.999e-20,4.292e-17,2.512e-19,9.109e-12,1.939e-19,9.222e-18,6.485e-5,4.550e-17,1.222e+0,2.478e-17,1.715e-1,6.763e-7,3.115e+0,,1.358e-3,,,4.356e-1,,,1.143e-5,,,,8.002e-19,,,,,,2.957e-2,3.060e-16
606.86,4.949e+0,1.157e-20,7.115e-17,3.162e-43,7.267e-18,,,1.571e-18,5.963e-21,,1.338e-15,4.874e-20,2.946e-12,9.288e-18,6.985e-19,2.177e-31,4.668e-20,6.446e-25,,2.277e-13,1.422e-18,2.840e-18,1.891e-5,,2.001e-25,5.131e-19,,,2.000e-20,4.294e-17,2.513e-19,8.077e-12,1.939e-19,1.308e-17,7.923e-5,4.552e-17,1.225e+0,2.480e-17,1.772e-1,5.200e-7,3.074e+0,,1.142e-3,,,4.468e-1,,,1.402e-5,,,,7.999e-19,,,,,,2.568e-2,3.060e-16
606.88,4.918e+0,1.157e-20,9.362e-17,3.161e-43,7.235e-18,,,1.571e-18,5.965e-21,,1.338e-15,4.902e-20,2.671e-12,9.288e-18,6.975e-19,2.172e-31,4.671e-20,6.448e-25,,3.229e-13,1.423e-18,2.878e-18,2.384e-5,,2.001e-25,5.130e-19,,,2.000e-20,4.295e-17,2.513e-19,7.148e-12,1.939e-19,1.851e-17,9.660e-5,4.554e-17,1.225e+0,2.482e-17,1.831e-1,3.989e-7,3.027e+0,,9.578e-4,,,4.605e-1,,,1.716e-5,,,,7.996e-19,,,,,,2.226e-2,3.060e-16
606.91,4.862e+0,1.158e-20,1.408e-16,3.158e-43,7.188e-18,,,1.570e-18,5.966e-21,,1.338e-15,4.943e-20,2.298e-12,9.288e-18,6.961e-19,2.166e-31,4.675e-20,6.451e-25,,5.432e-13,1.423e-18,2.926e-18,3.364e-5,,2.002e-25,5.129e-19,,,2.000e-20,4.298e-17,2.514e-19,5.929e-12,1.940e-19,3.104e-17,1.295e-4,4.557e-17,1.220e+0,2.485e-17,1.921e-1,2.670e-7,2.946e+0,,7.333e-4,,,4.856e-1,,,2.316e-5,,,,7.992e-19,,,,,,1.790e-2,3.060e-16
606.93,4.819e+0,1.158e-20,1.843e-16,3.156e-43,7.157e-18,,,1.570e-18,5.968e-21,,1.337e-15,4.971e-20,2.074e-12,9.288e-18,6.952e-19,2.161e-31,4.678e-20,6.453e-25,,7.664e-13,1.424e-18,2.950e-18,4.220e-5,,2.003e-25,5.127e-19,,,2.000e-20,4.300e-17,2.514e-19,5.222e-12,1.940e-19,4.369e-17,1.571e-4,4.558e-17,1.214e+0,2.486e-17,1.981e-1,2.038e-7,2.886e+0,,6.120e-4,,,5.053e-1,,,2.820e-5,,,,7.990e-19,,,,,,1.543e-2,3.061e-16
606.96,4.747e+0,1.158e-20,2.750e-16,3.154e-43,7.110e-18,,,1.570e-18,5.969e-21,,1.337e-15,5.012e-20,1.771e-12,9.288e-18,6.938e-19,2.154e-31,4.682e-20,6.456e-25,,1.279e-12,1.424e-18,2.976e-18,5.908e-5,,2.004e-25,5.126e-19,,,2.000e-20,4.302e-17,2.515e-19,4.300e-12,1.940e-19,7.271e-17,2.091e-4,4.561e-17,1.199e+0,2.489e-17,2.073e-1,1.353e-7,2.788e+0,,4.649e-4,,,5.388e-1,,,3.776e-5,,,,7.986e-19,,,,,,1.231e-2,3.061e-16
606.98,4.693e+0,1.159e-20,3.582e-16,3.152e-43,7.079e-18,,,1.570e-18,5.971e-21,,1.337e-15,5.040e-20,1.591e-12,9.288e-18,6.929e-19,2.150e-31,4.684e-20,6.458e-25,,1.796e-12,1.424e-18,2.985e-18,7.375e-5,,2.005e-25,5.125e-19,,,2.001e-20,4.304e-17,2.515e-19,3.769e-12,1.940e-19,1.019e-16,2.523e-4,4.563e-17,1.187e+0,2.491e-17,2.134e-1,1.027e-7,2.718e+0,,3.860e-4,,,5.637e-1,,,4.575e-5,,,,7.983e-19,,,,,,1.056e-2,3.061e-16
607.01,4.606e+0,1.159e-20,5.304e-16,3.149e-43,7.032e-18,,,1.570e-18,5.972e-21,,1.336e-15,5.082e-20,1.349e-12,9.288e-18,6.915e-19,2.143e-31,4.688e-20,6.461e-25,,2.974e-12,1.425e-18,2.987e-18,1.024e-4,,2.006e-25,5.123e-19,,,2.001e-20,4.307e-17,2.516e-19,3.081e-12,1.940e-19,1.682e-16,3.331e-4,4.566e-17,1.164e+0,2.493e-17,2.225e-1,6.769e-8,2.606e+0,,2.909e-4,,,6.048e-1,,,6.078e-5,,,,7.979e-19,,,,,,8.354e-3,3.062e-16
607.03,4.545e+0,1.159e-20,6.874e-16,3.147e-43,7.001e-18,,,1.570e-18,5.974e-21,,1.336e-15,5.109e-20,1.206e-12,9.287e-18,6.905e-19,2.139e-31,4.691e-20,6.463e-25,,4.153e-12,1.425e-18,2.981e-18,1.272e-4,,2.007e-25,5.122e-19,,,2.001e-20,4.308e-17,2.516e-19,2.687e-12,1.940e-19,2.344e-16,3.999e-4,4.567e-17,1.146e+0,2.495e-17,2.285e-1,5.112e-8,2.528e+0,,2.403e-4,,,6.344e-1,,,7.327e-5,,,,7.976e-19,,,,,,7.129e-3,3.062e-16
607.06,4.447e+0,1.159e-20,1.010e-15,3.145e-43,6.954e-18,,,1.570e-18,5.975e-21,,1.336e-15,5.151e-20,1.016e-12,9.287e-18,6.891e-19,2.132e-31,4.695e-20,6.467e-25,,6.826e-12,1.426e-18,2.960e-18,1.754e-4,,2.008e-25,5.121e-19,,,2.001e-20,4.311e-17,2.517e-19,2.181e-12,1.941e-19,3.841e-16,5.240e-4,4.570e-17,1.115e+0,2.498e-17,2.372e-1,3.342e-8,2.406e+0,,1.797e-4,,,6.820e-1,,,9.660e-5,,,,7.972e-19,,,,,,5.598e-3,3.062e-16
607.08,4.380e+0,1.160e-20,1.302e-15,3.143e-43,6.923e-18,,,1.570e-18,5.977e-21,,1.335e-15,5.178e-20,9.037e-13,9.287e-18,6.882e-19,2.127e-31,4.698e-20,6.469e-25,,9.483e-12,1.426e-18,2.939e-18,2.167e-4,,2.009e-25,5.120e-19,,,2.001e-20,4.313e-17,2.518e-19,1.892e-12,1.941e-19,5.325e-16,6.258e-4,4.572e-17,1.092e+0,2.500e-17,2.428e-1,2.511e-8,2.323e+0,,1.476e-4,,,7.157e-1,,,1.158e-4,,,,7.970e-19,,,,,,4.752e-3,3.062e-16
607.11,4.276e+0,1.160e-20,1.899e-15,3.140e-43,6.876e-18,,,1.570e-18,5.978e-21,,1.335e-15,5.220e-20,7.555e-13,9.287e-18,6.868e-19,2.121e-31,4.702e-20,6.472e-25,,1.547e-11,1.427e-18,2.896e-18,2.963e-4,,2.010e-25,5.118e-19,,,2.002e-20,4.315e-17,2.518e-19,1.525e-12,1.941e-19,8.659e-16,8.136e-4,4.574e-17,1.055e+0,2.502e-17,2.508e-1,1.629e-8,2.197e+0,,1.095e-4,,,7.688e-1,,,1.515e-4,,,,7.966e-19,,,,,,3.702e-3,3.063e-16
607.13,4.206e+0,1.160e-20,2.437e-15,3.139e-43,6.844e-18,,,1.570e-18,5.980e-21,,1.335e-15,5.247e-20,6.689e-13,9.287e-18,6.859e-19,2.116e-31,4.704e-20,6.474e-25,,2.138e-11,1.427e-18,2.860e-18,3.642e-4,,2.011e-25,5.117e-19,,,2.002e-20,4.317e-17,2.519e-19,1.317e-12,1.941e-19,1.194e-15,9.666e-4,4.576e-17,1.028e+0,2.504e-17,2.558e-1,1.217e-8,2.112e+0,,8.954e-5,,,8.059e-1,,,1.808e-4,,,,7.963e-19,,,,,,3.126e-3,3.063e-16
607.16,4.100e+0,1.161e-20,3.527e-15,3.136e-43,6.798e-18,,,1.570e-18,5.981e-21,,1.334e-15,5.289e-20,5.551e-13,9.287e-18,6.844e-19,2.109e-31,4.708e-20,6.477e-25,,3.460e-11,1.428e-18,2.796e-18,4.944e-4,,2.012e-25,5.115e-19,,,2.002e-20,4.320e-17,2.519e-19,1.053e-12,1.941e-19,1.927e-15,1.247e-3,4.579e-17,9.846e-1,2.507e-17,2.629e-1,7.832e-9,1.984e+0,,6.591e-5,,,8.638e-1,,,2.347e-4,,,,7.959e-19,,,,,,2.416e-3,3.063e-16
607.18,4.030e+0,1.161e-20,4.501e-15,3.134e-43,6.766e-18,,,1.570e-18,5.983e-21,,1.334e-15,5.316e-20,4.891e-13,9.286e-18,6.835e-19,2.105e-31,4.711e-20,6.479e-25,,4.758e-11,1.428e-18,2.747e-18,6.045e-4,,2.013e-25,5.114e-19,,,2.002e-20,4.321e-17,2.520e-19,9.050e-13,1.941e-19,2.645e-15,1.474e-3,4.581e-17,9.544e-1,2.508e-17,2.673e-1,5.823e-9,1.900e+0,,5.360e-5,,,9.038e-1,,,2.785e-4,,,,7.956e-19,,,,,,2.030e-3,3.063e-16
607.21,3.927e+0,1.161e-20,6.465e-15,3.132e-43,6.719e-18,,,1.570e-18,5.984e-21,,1.333e-15,5.358e-20,4.029e-13,9.286e-18,6.821e-19,2.098e-31,4.715e-20,6.483e-25,,7.641e-11,1.429e-18,2.665e-18,8.141e-4,,2.014e-25,5.113e-19,,,2.002e-20,4.324e-17,2.520e-19,7.185e-13,1.942e-19,4.235e-15,1.887e-3,4.583e-17,9.072e-1,2.511e-17,2.732e-1,3.718e-9,1.777e+0,,3.915e-5,,,9.655e-1,,,3.588e-4,,,,7.952e-19,,,,,,1.557e-3,3.064e-16
607.23,3.861e+0,1.161e-20,8.209e-15,3.130e-43,6.688e-18,,,1.570e-18,5.986e-21,,1.333e-15,5.385e-20,3.532e-13,9.286e-18,6.812e-19,2.093e-31,4.718e-20,6.485e-25,,1.045e-10,1.429e-18,2.605e-18,9.904e-4,,2.014e-25,5.112e-19,,,2.003e-20,4.326e-17,2.521e-19,6.145e-13,1.942e-19,5.781e-15,2.219e-3,4.585e-17,8.748e-1,2.513e-17,2.768e-1,2.750e-9,1.696e+0,,3.167e-5,,,1.008e+0,,,4.236e-4,,,,7.950e-19,,,,,,1.301e-3,3.064e-16
607.25,3.797e+0,1.162e-20,1.040e-14,3.128e-43,6.657e-18,,,1.570e-18,5.987e-21,,1.333e-15,5.413e-20,3.091e-13,9.286e-18,6.802e-19,2.089e-31,4.720e-20,6.487e-25,,1.427e-10,1.429e-18,2.541e-18,1.202e-3,,2.015e-25,5.111e-19,,,2.003e-20,4.327e-17,2.521e-19,5.245e-13,1.942e-19,7.876e-15,2.604e-3,4.587e-17,8.418e-1,2.515e-17,2.799e-1,2.029e-9,1.618e+0,,2.556e-5,,,1.051e+0,,,4.992e-4,,,,7.947e-19,,,,,,1.085e-3,3.064e-16
607.28,3.706e+0,1.162e-20,1.478e-14,3.125e-43,6.610e-18,,,1.570e-18,5.989e-21,,1.332e-15,5.454e-20,2.520e-13,9.286e-18,6.788e-19,2.082e-31,4.724e-20,6.490e-25,,2.267e-10,1.430e-18,2.438e-18,1.602e-3,,2.016e-25,5.109e-19,,,2.003e-20,4.330e-17,2.522e-19,4.121e-13,1.942e-19,1.248e-14,3.298e-3,4.590e-17,7.916e-1,2.517e-17,2.840e-1,1.282e-9,1.507e+0,,1.847e-5,,,1.117e+0,,,6.360e-4,,,,7.943e-19,,,,,,8.231e-4,3.065e-16
607.3,3.649e+0,1.162e-20,1.864e-14,3.124e-43,6.579e-18,,,1.570e-18,5.990e-21,,1.332e-15,5.482e-20,2.194e-13,9.286e-18,6.779e-19,2.078e-31,4.727e-20,6.492e-25,,3.079e-10,1.430e-18,2.366e-18,1.935e-3,,2.017e-25,5.108e-19,,,2.003e-20,4.332e-17,2.522e-19,3.500e-13,1.942e-19,1.691e-14,3.850e-3,4.592e-17,7.578e-1,2.519e-17,2.862e-1,9.409e-10,1.436e+0,,1.483e-5,,,1.162e+0,,,7.456e-4,,,,7.940e-19,,,,,,6.829e-4,3.065e-16
607.33,3.573e+0,1.162e-20,2.629e-14,3.121e-43,6.532e-18,,,1.569e-18,5.992e-21,,1.332e-15,5.523e-20,1.776e-13,9.285e-18,6.765e-19,2.071e-31,4.731e-20,6.495e-25,,4.855e-10,1.431e-18,2.252e-18,2.558e-3,,2.018e-25,5.106e-19,,,2.003e-20,4.334e-17,2.523e-19,2.730e-13,1.942e-19,2.658e-14,4.838e-3,4.594e-17,7.070e-1,2.522e-17,2.887e-1,5.896e-10,1.338e+0,,1.063e-5,,,1.230e+0,,,9.427e-4,,,,7.936e-19,,,,,,5.140e-4,3.065e-16
607.35,3.527e+0,1.163e-20,3.298e-14,3.119e-43,6.500e-18,,,1.569e-18,5.993e-21,,1.331e-15,5.551e-20,1.538e-13,9.285e-18,6.756e-19,2.066e-31,4.734e-20,6.497e-25,,6.561e-10,1.431e-18,2.174e-18,3.073e-3,,2.019e-25,5.105e-19,,,2.004e-20,4.336e-17,2.523e-19,2.308e-13,1.943e-19,3.584e-14,5.619e-3,4.596e-17,6.733e-1,2.523e-17,2.898e-1,4.306e-10,1.278e+0,,8.491e-6,,,1.276e+0,,,1.099e-3,,,,7.934e-19,,,,,,4.242e-4,3.065e-16
607.38,3.470e+0,1.163e-20,4.617e-14,3.117e-43,6.454e-18,,,1.569e-18,5.995e-21,,1.331e-15,5.592e-20,1.236e-13,9.285e-18,6.742e-19,2.060e-31,4.738e-20,6.501e-25,,1.026e-9,1.432e-18,2.054e-18,4.032e-3,,2.020e-25,5.104e-19,,,2.004e-20,4.339e-17,2.524e-19,1.786e-13,1.943e-19,5.591e-14,7.006e-3,4.599e-17,6.234e-1,2.526e-17,2.908e-1,2.677e-10,1.197e+0,,6.039e-6,,,1.347e+0,,,1.379e-3,,,,7.930e-19,,,,,,3.168e-4,3.066e-16
607.4,3.439e+0,1.163e-20,5.762e-14,3.115e-43,6.422e-18,,,1.569e-18,5.996e-21,,1.331e-15,5.620e-20,1.065e-13,9.285e-18,6.732e-19,2.055e-31,4.740e-20,6.503e-25,,1.380e-9,1.432e-18,1.972e-18,4.819e-3,,2.021e-25,5.103e-19,,,2.004e-20,4.340e-17,2.524e-19,1.503e-13,1.943e-19,7.501e-14,8.095e-3,4.601e-17,5.906e-1,2.528e-17,2.908e-1,1.946e-10,1.149e+0,,4.799e-6,,,1.394e+0,,,1.600e-3,,,,7.927e-19,,,,,,2.601e-4,3.066e-16
607.43,3.406e+0,1.164e-20,8.005e-14,3.112e-43,6.375e-18,,,1.569e-18,5.997e-21,,1.330e-15,5.661e-20,8.491e-14,9.285e-18,6.718e-19,2.048e-31,4.744e-20,6.506e-25,,2.142e-9,1.433e-18,1.849e-18,6.273e-3,,2.022e-25,5.101e-19,,,2.004e-20,4.343e-17,2.525e-19,1.155e-13,1.943e-19,1.161e-13,1.002e-2,4.603e-17,5.425e-1,2.531e-17,2.901e-1,1.201e-10,1.088e+0,,3.386e-6,,,1.467e+0,,,1.992e-3,,,,7.923e-19,,,,,,1.927e-4,3.066e-16
607.45,3.393e+0,1.164e-20,9.941e-14,3.110e-43,6.344e-18,,,1.569e-18,5.999e-21,,1.330e-15,5.689e-20,7.282e-14,9.285e-18,6.709e-19,2.044e-31,4.747e-20,6.508e-25,,2.865e-9,1.433e-18,1.766e-18,7.460e-3,,2.023e-25,5.100e-19,,,2.004e-20,4.345e-17,2.526e-19,9.664e-14,1.943e-19,1.550e-13,1.151e-2,4.605e-17,5.113e-1,2.532e-17,2.891e-1,8.696e-11,1.056e+0,,2.677e-6,,,1.515e+0,,,2.300e-3,,,,7.920e-19,,,,,,1.574e-4,3.067e-16
607.48,3.388e+0,1.164e-20,1.371e-13,3.108e-43,6.297e-18,,,1.569e-18,6.000e-21,,1.329e-15,5.731e-20,5.762e-14,9.285e-18,6.695e-19,2.037e-31,4.751e-20,6.511e-25,,4.414e-9,1.434e-18,1.643e-18,9.637e-3,,2.024e-25,5.098e-19,,,2.005e-20,4.347e-17,2.526e-19,7.372e-14,1.943e-19,2.380e-13,1.414e-2,4.608e-17,4.660e-1,2.535e-17,2.868e-1,5.351e-11,1.019e+0,,1.874e-6,,,1.590e+0,,,2.841e-3,,,,7.916e-19,,,,,,1.157e-4,3.067e-16
607.5,3.396e+0,1.164e-20,1.694e-13,3.106e-43,6.266e-18,,,1.569e-18,6.002e-21,,1.329e-15,5.758e-20,4.917e-14,9.284e-18,6.685e-19,2.032e-31,4.754e-20,6.513e-25,,5.874e-9,1.434e-18,1.562e-18,1.140e-2,,2.025e-25,5.097e-19,,,2.005e-20,4.349e-17,2.527e-19,6.139e-14,1.944e-19,3.160e-13,1.617e-2,4.609e-17,4.370e-1,2.537e-17,2.848e-1,3.879e-11,1.004e+0,,1.474e-6,,,1.640e+0,,,3.262e-3,,,,7.913e-19,,,,,,9.403e-5,3.067e-16
607.53,3.426e+0,1.165e-20,2.317e-13,3.103e-43,6.219e-18,,,1.569e-18,6.003e-21,,1.329e-15,5.800e-20,3.861e-14,9.284e-18,6.671e-19,2.026e-31,4.758e-20,6.516e-25,,8.980e-9,1.435e-18,1.441e-18,1.462e-2,,2.026e-25,5.096e-19,,,2.005e-20,4.352e-17,2.527e-19,4.649e-14,1.944e-19,4.817e-13,1.969e-2,4.612e-17,3.952e-1,2.539e-17,2.810e-1,2.425e-11,9.946e-1,,1.024e-6,,,1.717e+0,,,3.999e-3,,,,7.909e-19,,,,,,6.859e-5,3.067e-16
607.55,3.459e+0,1.165e-20,2.849e-13,3.102e-43,6.188e-18,,,1.569e-18,6.005e-21,,1.328e-15,5.827e-20,3.278e-14,9.284e-18,6.662e-19,2.021e-31,4.760e-20,6.519e-25,,1.189e-8,1.435e-18,1.363e-18,1.720e-2,,2.026e-25,5.095e-19,,,2.005e-20,4.353e-17,2.528e-19,3.852e-14,1.944e-19,6.364e-13,2.241e-2,4.614e-17,3.686e-1,2.541e-17,2.779e-1,1.810e-11,9.988e-1,,8.011e-7,,,1.769e+0,,,4.569e-3,,,,7.907e-19,,,,,,5.544e-5,3.068e-16
607.58,3.528e+0,1.165e-20,3.869e-13,3.099e-43,6.141e-18,,,1.569e-18,6.006e-21,,1.328e-15,5.869e-20,2.555e-14,9.284e-18,6.648e-19,2.014e-31,4.764e-20,6.522e-25,,1.803e-8,1.436e-18,1.248e-18,2.188e-2,,2.028e-25,5.093e-19,,,2.005e-20,4.356e-17,2.528e-19,2.895e-14,1.944e-19,9.625e-13,2.709e-2,4.617e-17,3.308e-1,2.544e-17,2.726e-1,1.253e-11,1.021e+0,,5.521e-7,,,1.849e+0,,,5.557e-3,,,,7.903e-19,,,,,,4.013e-5,3.068e-16
607.6,3.588e+0,1.166e-20,4.733e-13,3.097e-43,6.110e-18,,,1.569e-18,6.008e-21,,1.328e-15,5.896e-20,2.158e-14,9.284e-18,6.639e-19,2.010e-31,4.767e-20,6.524e-25,,2.375e-8,1.436e-18,1.174e-18,2.562e-2,,2.028e-25,5.092e-19,,,2.006e-20,4.358e-17,2.529e-19,2.387e-14,1.944e-19,1.265e-12,3.066e-2,4.618e-17,3.069e-1,2.546e-17,2.687e-1,1.067e-11,1.048e+0,,4.297e-7,,,1.903e+0,,,6.316e-3,,,,7.900e-19,,,,,,3.226e-5,3.068e-16
607.62,3.661e+0,1.166e-20,5.779e-13,3.095e-43,6.078e-18,,,1.569e-18,6.009e-21,,1.327e-15,5.924e-20,1.819e-14,9.284e-18,6.629e-19,2.005e-31,4.770e-20,6.526e-25,,3.121e-8,1.436e-18,1.102e-18,2.994e-2,,2.029e-25,5.091e-19,,,2.006e-20,4.360e-17,2.529e-19,1.965e-14,1.944e-19,1.659e-12,3.463e-2,4.620e-17,2.842e-1,2.547e-17,2.644e-1,1.002e-11,1.083e+0,,3.337e-7,,,1.958e+0,,,7.163e-3,,,,7.897e-19,,,,,,2.589e-5,3.068e-16
607.65,3.795e+0,1.166e-20,7.766e-13,3.093e-43,6.031e-18,,,1.569e-18,6.011e-21,,1.327e-15,5.965e-20,1.403e-14,9.283e-18,6.615e-19,1.999e-31,4.774e-20,6.529e-25,,4.685e-8,1.437e-18,9.979e-19,3.768e-2,,2.030e-25,5.089e-19,,,2.006e-20,4.362e-17,2.530e-19,1.461e-14,1.945e-19,2.482e-12,4.141e-2,4.623e-17,2.523e-1,2.550e-17,2.574e-1,1.120e-11,1.156e+0,,2.275e-7,,,2.042e+0,,,8.619e-3,,,,7.893e-19,,,,,,1.853e-5,3.069e-16
607.67,3.902e+0,1.166e-20,9.434e-13,3.091e-43,6.000e-18,,,1.569e-18,6.012e-21,,1.327e-15,5.993e-20,1.176e-14,9.283e-18,6.606e-19,1.994e-31,4.776e-20,6.531e-25,,6.125e-8,1.437e-18,9.318e-19,4.380e-2,,2.031e-25,5.088e-19,,,2.006e-20,4.364e-17,2.530e-19,1.197e-14,1.945e-19,3.239e-12,4.654e-2,4.625e-17,2.324e-1,2.552e-17,2.523e-1,1.351e-11,1.218e+0,,1.758e-7,,,2.099e+0,,,9.726e-3,,,,7.891e-19,,,,,,1.479e-5,3.069e-16
607.7,4.089e+0,1.167e-20,1.258e-12,3.088e-43,5.953e-18,,,1.569e-18,6.014e-21,,1.326e-15,6.034e-20,9.001e-15,9.283e-18,6.592e-19,1.987e-31,4.780e-20,6.534e-25,,9.122e-8,1.438e-18,8.375e-19,5.469e-2,,2.032e-25,5.087e-19,,,2.006e-20,4.367e-17,2.531e-19,8.835e-15,1.945e-19,4.810e-12,5.522e-2,4.627e-17,2.047e-1,2.554e-17,2.443e-1,1.984e-11,1.332e+0,,1.189e-7,,,2.187e+0,,,1.161e-2,,,,7.887e-19,,,,,,1.051e-5,3.069e-16
607.72,4.233e+0,1.167e-20,1.521e-12,3.087e-43,5.922e-18,,,1.569e-18,6.015e-21,,1.326e-15,6.062e-20,7.511e-15,9.283e-18,6.583e-19,1.983e-31,4.783e-20,6.536e-25,,1.187e-7,1.438e-18,7.779e-19,6.326e-2,,2.033e-25,5.086e-19,,,2.006e-20,4.368e-17,2.531e-19,7.199e-15,1.945e-19,6.244e-12,6.173e-2,4.629e-17,1.876e-1,2.556e-17,2.386e-1,2.658e-11,1.422e+0,,9.138e-8,,,2.247e+0,,,1.304e-2,,,,7.884e-19,,,,,,8.344e-6,3.070e-16
607.75,4.479e+0,1.167e-20,2.014e-12,3.084e-43,5.875e-18,,,1.569e-18,6.017e-21,,1.326e-15,6.103e-20,5.703e-15,9.283e-18,6.568e-19,1.976e-31,4.787e-20,6.540e-25,,1.754e-7,1.439e-18,6.938e-19,7.838e-2,,2.034e-25,5.084e-19,,,2.007e-20,4.371e-17,2.532e-19,5.276e-15,1.945e-19,9.199e-12,7.269e-2,4.632e-17,1.639e-1,2.559e-17,2.297e-1,4.214e-11,1.581e+0,,6.133e-8,,,2.338e+0,,,1.544e-2,,,,7.880e-19,,,,,,5.881e-6,3.070e-16
607.77,4.664e+0,1.167e-20,2.422e-12,3.082e-43,5.844e-18,,,1.568e-18,6.018e-21,,1.325e-15,6.131e-20,4.734e-15,9.283e-18,6.559e-19,1.971e-31,4.790e-20,6.542e-25,,2.270e-7,1.439e-18,6.411e-19,9.019e-2,,2.035e-25,5.083e-19,,,2.007e-20,4.373e-17,2.532e-19,4.278e-15,1.946e-19,1.188e-11,8.084e-2,4.634e-17,1.495e-1,2.561e-17,2.235e-1,5.762e-11,1.702e+0,,4.689e-8,,,2.401e+0,,,1.725e-2,,,,7.877e-19,,,,,,4.645e-6,3.070e-16
607.8,4.975e+0,1.168e-20,3.182e-12,3.079e-43,5.797e-18,,,1.568e-18,6.020e-21,,1.325e-15,6.172e-20,3.567e-15,9.282e-18,6.545e-19,1.965e-31,4.794e-20,6.545e-25,,3.329e-7,1.440e-18,5.674e-19,1.109e-1,,2.036e-25,5.081e-19,,,2.007e-20,4.375e-17,2.533e-19,3.111e-15,1.946e-19,1.737e-11,9.445e-2,4.636e-17,1.296e-1,2.563e-17,2.140e-1,9.223e-11,1.910e+0,,3.122e-8,,,2.496e+0,,,2.028e-2,,,,7.873e-19,,,,,,3.249e-6,3.070e-16
607.82,5.205e+0,1.168e-20,3.809e-12,3.078e-43,5.766e-18,,,1.568e-18,6.021e-21,,1.325e-15,6.200e-20,2.946e-15,9.282e-18,6.536e-19,1.960e-31,4.796e-20,6.547e-25,,4.285e-7,1.440e-18,5.216e-19,1.269e-1,,2.037e-25,5.080e-19,,,2.007e-20,4.377e-17,2.534e-19,2.510e-15,1.946e-19,2.232e-11,1.045e-1,4.638e-17,1.175e-1,2.565e-17,2.075e-1,1.261e-10,2.066e+0,,2.375e-8,,,2.560e+0,,,2.253e-2,,,,7.871e-19,,,,,,2.553e-6,3.071e-16
607.85,5.586e+0,1.168e-20,4.968e-12,3.075e-43,5.719e-18,,,1.568e-18,6.023e-21,,1.324e-15,6.241e-20,2.203e-15,9.282e-18,6.522e-19,1.953e-31,4.800e-20,6.550e-25,,6.237e-7,1.440e-18,4.580e-19,1.549e-1,,2.038e-25,5.079e-19,,,2.008e-20,4.380e-17,2.534e-19,1.812e-15,1.946e-19,3.238e-11,1.212e-1,4.641e-17,1.011e-1,2.568e-17,1.975e-1,2.009e-10,2.327e+0,,1.569e-8,,,2.658e+0,,,2.628e-2,,,,7.867e-19,,,,,,1.771e-6,3.071e-16
607.87,5.864e+0,1.169e-20,5.916e-12,3.073e-43,5.687e-18,,,1.568e-18,6.024e-21,,1.324e-15,6.269e-20,1.810e-15,9.282e-18,6.512e-19,1.949e-31,4.803e-20,6.552e-25,,7.989e-7,1.441e-18,4.188e-19,1.764e-1,,2.038e-25,5.078e-19,,,2.008e-20,4.381e-17,2.535e-19,1.455e-15,1.946e-19,4.140e-11,1.334e-1,4.643e-17,9.124e-2,2.569e-17,1.908e-1,2.735e-10,2.519e+0,,1.187e-8,,,2.724e+0,,,2.905e-2,,,,7.864e-19,,,,,,1.385e-6,3.071e-16
607.9,6.319e+0,1.169e-20,7.659e-12,3.071e-43,5.640e-18,,,1.568e-18,6.026e-21,,1.323e-15,6.310e-20,1.343e-15,9.282e-18,6.498e-19,1.942e-31,4.807e-20,6.556e-25,,1.154e-6,1.441e-18,3.649e-19,2.136e-1,,2.040e-25,5.076e-19,,,2.008e-20,4.384e-17,2.535e-19,1.042e-15,1.946e-19,5.960e-11,1.534e-1,4.645e-17,7.790e-2,2.572e-17,1.808e-1,4.328e-10,2.836e+0,,7.782e-9,,,2.824e+0,,,3.362e-2,,,,7.860e-19,,,,,,9.532e-7,3.072e-16
607.92,6.648e+0,1.169e-20,9.076e-12,3.069e-43,5.609e-18,,,1.568e-18,6.027e-21,,1.323e-15,6.338e-20,1.098e-15,9.282e-18,6.489e-19,1.938e-31,4.810e-20,6.558e-25,,1.470e-6,1.442e-18,3.320e-19,2.420e-1,,2.040e-25,5.075e-19,,,2.008e-20,4.386e-17,2.536e-19,8.327e-16,1.947e-19,7.580e-11,1.680e-1,4.647e-17,6.992e-2,2.574e-17,1.740e-1,5.862e-10,3.067e+0,,5.857e-9,,,2.890e+0,,,3.697e-2,,,,7.857e-19,,,,,,7.412e-7,3.072e-16
607.95,7.181e+0,1.169e-20,1.166e-11,3.066e-43,5.562e-18,,,1.568e-18,6.029e-21,,1.323e-15,6.380e-20,8.082e-16,9.282e-18,6.475e-19,1.931e-31,4.814e-20,6.561e-25,,2.107e-6,1.442e-18,2.870e-19,2.908e-1,,2.041e-25,5.074e-19,,,2.008e-20,4.388e-17,2.536e-19,5.923e-16,1.947e-19,1.083e-10,1.918e-1,4.650e-17,5.923e-2,2.577e-17,1.640e-1,9.206e-10,3.443e+0,,3.810e-9,,,2.990e+0,,,4.247e-2,,,,7.853e-19,,,,,,5.063e-7,3.072e-16
607.97,7.562e+0,1.170e-20,1.375e-11,3.064e-43,5.531e-18,,,1.568e-18,6.030e-21,,1.322e-15,6.407e-20,6.573e-16,9.281e-18,6.466e-19,1.926e-31,4.816e-20,6.563e-25,,2.671e-6,1.443e-18,2.598e-19,3.278e-1,,2.042e-25,5.073e-19,,,2.008e-20,4.390e-17,2.537e-19,4.707e-16,1.947e-19,1.370e-10,2.090e-1,4.652e-17,5.289e-2,2.578e-17,1.574e-1,1.241e-9,3.713e+0,,2.852e-9,,,3.055e+0,,,4.646e-2,,,,7.851e-19,,,,,,3.917e-7,3.072e-16
607.99,7.964e+0,1.170e-20,1.619e-11,3.063e-43,5.500e-18,,,1.568e-18,6.031e-21,,1.322e-15,6.435e-20,5.334e-16,9.281e-18,6.456e-19,1.922e-31,4.819e-20,6.565e-25,,3.380e-6,1.443e-18,2.346e-19,3.688e-1,,2.043e-25,5.071e-19,,,2.009e-20,4.392e-17,2.537e-19,3.734e-16,1.947e-19,1.730e-10,2.272e-1,4.653e-17,4.713e-2,2.580e-17,1.509e-1,1.669e-9,4.000e+0,,2.131e-9,,,3.120e+0,,,5.072e-2,,,,7.848e-19,,,,,,3.024e-7,3.073e-16
608.02,8.607e+0,1.170e-20,2.059e-11,3.060e-43,5.453e-18,,,1.568e-18,6.033e-21,,1.322e-15,6.476e-20,3.885e-16,9.281e-18,6.442e-19,1.915e-31,4.823e-20,1.216e-24,,4.791e-6,1.444e-18,2.006e-19,4.384e-1,,2.044e-25,5.070e-19,,,2.009e-20,4.394e-17,2.538e-19,2.628e-16,1.947e-19,2.445e-10,2.566e-1,4.656e-17,3.949e-2,2.583e-17,1.414e-1,2.592e-9,4.459e+0,,1.371e-9,,,3.215e+0,,,5.763e-2,,,,7.844e-19,,,,,,2.043e-7,3.073e-16
608.04,9.062e+0,1.170e-20,2.411e-11,3.058e-43,5.422e-18,,,1.568e-18,6.034e-21,,1.321e-15,6.504e-20,3.137e-16,9.281e-18,6.433e-19,1.911e-31,4.826e-20,1.830e-24,,6.031e-6,1.444e-18,1.803e-19,4.906e-1,,2.045e-25,5.069e-19,,,2.009e-20,4.396e-17,2.538e-19,2.074e-16,1.947e-19,3.071e-10,2.775e-1,4.658e-17,3.500e-2,2.585e-17,1.352e-1,3.468e-9,4.785e+0,,1.019e-9,,,3.277e+0,,,6.259e-2,,,,7.841e-19,,,,,,1.569e-7,3.073e-16
608.07,9.783e+0,1.171e-20,3.044e-11,3.056e-43,5.375e-18,,,1.568e-18,6.036e-21,,1.321e-15,6.545e-20,2.267e-16,9.281e-18,6.419e-19,1.904e-31,4.830e-20,3.365e-24,,8.484e-6,1.445e-18,1.530e-19,5.788e-1,,2.046e-25,5.067e-19,,,2.009e-20,4.399e-17,2.539e-19,1.449e-16,1.948e-19,4.308e-10,3.109e-1,4.661e-17,2.910e-2,2.587e-17,1.262e-1,5.348e-9,5.302e+0,,6.505e-10,,,3.365e+0,,,7.056e-2,,,,7.837e-19,,,,,,1.052e-7,3.074e-16
608.09,1.029e+1,1.171e-20,3.547e-11,3.054e-43,5.343e-18,,,1.568e-18,6.037e-21,,1.321e-15,6.573e-20,1.821e-16,9.281e-18,6.409e-19,1.899e-31,4.832e-20,5.037e-24,,1.062e-5,1.445e-18,1.367e-19,6.445e-1,,2.047e-25,5.066e-19,,,2.009e-20,4.400e-17,2.539e-19,1.138e-16,1.948e-19,5.383e-10,3.346e-1,4.662e-17,2.566e-2,2.589e-17,1.205e-1,7.118e-9,5.666e+0,,4.810e-10,,,3.421e+0,,,7.624e-2,,,,7.835e-19,,,,,,8.035e-8,3.074e-16
608.12,1.108e+1,1.171e-20,4.447e-11,3.051e-43,5.296e-18,,,1.568e-18,6.039e-21,,1.320e-15,6.614e-20,1.306e-16,9.280e-18,6.395e-19,1.892e-31,4.836e-20,9.191e-24,,1.483e-5,1.445e-18,1.151e-19,7.545e-1,,2.048e-25,5.065e-19,,,2.010e-20,4.403e-17,2.540e-19,7.890e-17,1.948e-19,7.492e-10,3.720e-1,4.665e-17,2.117e-2,2.592e-17,1.123e-1,1.089e-8,6.238e+0,,3.046e-10,,,3.500e+0,,,8.530e-2,,,,7.831e-19,,,,,,5.344e-8,3.074e-16
608.14,1.164e+1,1.172e-20,5.157e-11,3.049e-43,5.265e-18,,,1.568e-18,6.040e-21,,1.320e-15,6.642e-20,1.043e-16,9.280e-18,6.386e-19,1.888e-31,4.839e-20,1.369e-23,,1.848e-5,1.446e-18,1.024e-19,8.359e-1,,2.048e-25,5.064e-19,,,2.010e-20,4.405e-17,2.540e-19,6.166e-17,1.948e-19,9.316e-10,3.983e-1,4.667e-17,1.857e-2,2.593e-17,1.072e-1,1.442e-8,6.636e+0,,2.241e-10,,,3.548e+0,,,9.169e-2,,,,7.828e-19,,,,,,4.062e-8,3.074e-16
608.17,1.250e+1,1.172e-20,6.417e-11,3.047e-43,5.218e-18,,,1.568e-18,6.042e-21,,1.320e-15,6.683e-20,7.424e-17,9.280e-18,6.372e-19,1.881e-31,4.843e-20,2.479e-23,,2.560e-5,1.446e-18,8.552e-20,9.711e-1,,2.050e-25,5.062e-19,,,2.010e-20,4.407e-17,2.541e-19,4.243e-17,1.948e-19,1.287e-9,4.394e-1,4.670e-17,1.520e-2,2.596e-17,9.991e-2,2.190e-8,7.256e+0,,1.408e-10,,,3.614e+0,,,1.018e-1,,,,7.824e-19,,,,,,2.680e-8,3.075e-16
608.19,1.309e+1,1.172e-20,7.406e-11,3.045e-43,5.187e-18,,,1.567e-18,6.043e-21,,1.319e-15,6.711e-20,5.902e-17,9.280e-18,6.363e-19,1.877e-31,4.846e-20,3.673e-23,,3.173e-5,1.447e-18,7.566e-20,1.071e+0,,2.050e-25,5.061e-19,,,2.010e-20,4.409e-17,2.541e-19,3.299e-17,1.948e-19,1.591e-9,4.680e-1,4.671e-17,1.327e-2,2.598e-17,9.542e-2,2.885e-8,7.684e+0,,1.030e-10,,,3.652e+0,,,1.089e-1,,,,7.821e-19,,,,,,2.027e-8,3.075e-16
608.22,1.401e+1,1.172e-20,9.149e-11,3.042e-43,5.140e-18,,,1.567e-18,6.045e-21,,1.319e-15,6.752e-20,4.167e-17,9.280e-18,6.349e-19,1.870e-31,4.850e-20,6.599e-23,,4.362e-5,1.447e-18,6.271e-20,1.234e+0,,2.051e-25,5.059e-19,,,2.010e-20,4.412e-17,2.542e-19,2.253e-17,1.949e-19,2.181e-9,5.123e-1,4.674e-17,1.078e-2,2.600e-17,8.927e-2,4.347e-8,8.343e+0,,6.424e-11,,,3.702e+0,,,1.199e-1,,,,7.817e-19,,,,,,1.327e-8,3.075e-16
608.24,1.464e+1,1.173e-20,1.051e-10,3.041e-43,5.109e-18,,,1.567e-18,6.046e-21,,1.319e-15,6.780e-20,3.295e-17,9.280e-18,6.339e-19,1.865e-31,4.852e-20,9.729e-23,,5.378e-5,1.448e-18,5.519e-20,1.354e+0,,2.052e-25,5.058e-19,,,3.027e-20,4.413e-17,2.543e-19,1.743e-17,1.949e-19,2.684e-9,5.428e-1,4.676e-17,9.357e-3,2.602e-17,8.556e-2,5.698e-8,8.793e+0,,4.676e-11,,,3.729e+0,,,1.276e-1,,,,7.815e-19,,,,,,9.980e-9,3.075e-16
608.27,1.561e+1,1.173e-20,1.289e-10,3.038e-43,5.062e-18,,,1.567e-18,6.048e-21,,1.318e-15,6.821e-20,2.309e-17,9.279e-18,6.325e-19,1.859e-31,4.856e-20,1.735e-22,,7.337e-5,1.448e-18,4.539e-20,1.549e+0,,2.053e-25,5.057e-19,,,5.920e-20,4.416e-17,2.543e-19,1.182e-17,1.949e-19,3.650e-9,5.897e-1,4.679e-17,7.541e-3,2.605e-17,8.061e-2,8.519e-8,9.480e+0,,2.893e-11,,,3.759e+0,,,1.395e-1,,,,7.811e-19,,,,,,6.484e-9,3.076e-16
608.29,1.626e+1,1.173e-20,1.473e-10,3.036e-43,5.031e-18,,,1.567e-18,6.049e-21,,1.318e-15,6.849e-20,1.816e-17,9.279e-18,6.316e-19,1.854e-31,4.859e-20,2.544e-22,,9.001e-5,1.449e-18,3.974e-20,1.690e+0,,2.054e-25,5.056e-19,,,8.871e-20,4.418e-17,2.544e-19,9.097e-18,1.949e-19,4.469e-9,6.216e-1,4.680e-17,6.514e-3,2.607e-17,7.775e-2,1.111e-7,9.944e+0,,2.095e-11,,,3.773e+0,,,1.476e-1,,,,7.808e-19,,,,,,4.851e-9,3.076e-16
608.32,1.726e+1,1.174e-20,1.794e-10,3.034e-43,4.984e-18,,,1.567e-18,6.051e-21,,1.317e-15,6.890e-20,1.263e-17,9.279e-18,6.302e-19,1.847e-31,4.863e-20,4.502e-22,,1.218e-4,1.449e-18,3.243e-20,1.920e+0,,2.055e-25,5.054e-19,,,1.621e-19,4.420e-17,2.544e-19,6.121e-18,1.949e-19,6.031e-9,6.701e-1,4.683e-17,5.209e-3,2.609e-17,7.413e-2,1.648e-7,1.065e+1,,1.286e-11,,,3.783e+0,,,1.601e-1,,,,7.804e-19,,,,,,3.127e-9,3.076e-16
608.34,1.793e+1,1.174e-20,2.040e-10,3.032e-43,4.952e-18,,,1.567e-18,6.052e-21,,1.317e-15,6.918e-20,9.883e-18,9.279e-18,6.292e-19,1.843e-31,4.866e-20,6.570e-22,,1.487e-4,1.450e-18,2.825e-20,2.085e+0,,2.056e-25,5.053e-19,,,2.416e-19,4.422e-17,2.545e-19,4.688e-18,1.949e-19,7.346e-9,7.026e-1,4.685e-17,4.476e-3,2.611e-17,7.218e-2,2.138e-7,1.111e+1,,9.262e-12,,,3.782e+0,,,1.686e-1,,,,7.801e-19,,,,,,2.328e-9,3.077e-16
608.36,1.860e+1,1.174e-20,2.317e-10,3.030e-43,4.921e-18,,,1.567e-18,6.053e-21,,1.317e-15,6.946e-20,7.719e-18,9.279e-18,6.283e-19,1.838e-31,4.868e-20,9.567e-22,,1.811e-4,1.450e-18,2.455e-20,2.259e+0,,2.057e-25,5.052e-19,,,3.595e-19,4.424e-17,2.545e-19,3.583e-18,1.950e-19,8.929e-9,7.353e-1,4.687e-17,3.838e-3,2.613e-17,7.060e-2,2.769e-7,1.158e+1,,6.658e-12,,,3.775e+0,,,1.771e-1,,,,7.799e-19,,,,,,1.729e-9,3.077e-16
608.39,1.961e+1,1.174e-20,2.793e-10,3.027e-43,4.874e-18,,,1.567e-18,6.055e-21,,1.316e-15,6.987e-20,5.308e-18,9.279e-18,6.269e-19,1.831e-31,4.872e-20,1.675e-21,,2.426e-4,1.450e-18,1.982e-20,2.539e+0,,2.058e-25,5.050e-19,,,6.499e-19,4.426e-17,2.546e-19,2.386e-18,1.950e-19,1.192e-8,7.841e-1,4.689e-17,3.036e-3,2.615e-17,6.896e-2,4.064e-7,1.227e+1,,4.042e-12,,,3.753e+0,,,1.901e-1,,,,7.795e-19,,,,,,1.102e-9,3.077e-16
608.41,2.028e+1,1.175e-20,3.156e-10,3.026e-43,4.843e-18,,,1.567e-18,6.056e-21,,1.316e-15,7.015e-20,4.124e-18,9.279e-18,6.260e-19,1.827e-31,4.875e-20,2.427e-21,,2.939e-4,1.451e-18,1.714e-20,2.738e+0,,2.059e-25,5.049e-19,,,9.620e-19,4.428e-17,2.546e-19,1.814e-18,1.950e-19,1.442e-8,8.163e-1,4.691e-17,2.590e-3,2.617e-17,6.835e-2,5.235e-7,1.273e+1,,2.890e-12,,,3.731e+0,,,1.987e-1,,,,7.792e-19,,,,,,8.145e-10,3.077e-16
608.44,2.128e+1,1.175e-20,3.777e-10,3.023e-43,4.796e-18,,,1.567e-18,6.058e-21,,1.316e-15,7.056e-20,2.814e-18,9.278e-18,6.246e-19,1.820e-31,4.879e-20,4.216e-21,,3.906e-4,1.451e-18,1.373e-20,3.054e+0,,2.060e-25,5.048e-19,,,1.726e-18,4.431e-17,2.547e-19,1.199e-18,1.950e-19,1.910e-8,8.638e-1,4.694e-17,2.033e-3,2.620e-17,6.819e-2,7.625e-7,1.339e+1,,1.741e-12,,,3.687e+0,,,2.116e-1,,,,7.788e-19,,,,,,5.153e-10,3.078e-16
608.46,2.193e+1,1.175e-20,4.248e-10,3.021e-43,4.765e-18,,,1.567e-18,6.059e-21,,1.315e-15,7.084e-20,2.175e-18,9.278e-18,6.236e-19,1.816e-31,4.882e-20,6.077e-21,,4.709e-4,1.452e-18,1.181e-20,3.277e+0,,2.060e-25,5.047e-19,,,2.542e-18,4.433e-17,2.547e-19,9.073e-19,1.950e-19,2.298e-8,8.946e-1,4.696e-17,1.726e-3,2.622e-17,6.857e-2,9.772e-7,1.382e+1,,1.239e-12,,,3.650e+0,,,2.200e-1,,,,7.785e-19,,,,,,3.788e-10,3.078e-16
608.49,2.289e+1,1.176e-20,5.049e-10,3.019e-43,4.718e-18,,,1.567e-18,6.061e-21,,1.315e-15,7.125e-20,1.473e-18,9.278e-18,6.222e-19,1.809e-31,4.886e-20,1.048e-20,,6.209e-4,1.452e-18,9.385e-21,3.629e+0,,2.062e-25,5.045e-19,,,4.525e-18,4.435e-17,2.548e-19,5.950e-19,1.951e-19,3.020e-8,9.393e-1,4.698e-17,1.345e-3,2.624e-17,6.990e-2,1.412e-6,1.444e+1,,7.402e-13,,,3.584e+0,,,2.325e-1,,,,7.781e-19,,,,,,2.377e-10,3.078e-16
608.51,2.352e+1,1.176e-20,5.652e-10,3.017e-43,4.687e-18,,,1.567e-18,6.062e-21,,1.315e-15,7.153e-20,1.132e-18,9.278e-18,6.213e-19,1.804e-31,4.888e-20,1.503e-20,,7.447e-4,1.453e-18,8.031e-21,3.875e+0,,2.062e-25,5.044e-19,,,6.630e-18,4.437e-17,2.548e-19,4.480e-19,1.951e-19,3.615e-8,9.679e-1,4.700e-17,1.136e-3,2.626e-17,7.129e-2,1.801e-6,1.483e+1,,5.238e-13,,,3.533e+0,,,2.405e-1,,,,7.779e-19,,,,,,1.738e-10,3.079e-16
608.54,2.443e+1,1.176e-20,6.670e-10,3.014e-43,4.640e-18,,,1.567e-18,6.064e-21,,1.314e-15,7.194e-20,7.607e-19,9.278e-18,6.199e-19,1.798e-31,4.892e-20,2.571e-20,,9.745e-4,1.453e-18,6.333e-21,4.260e+0,,2.063e-25,5.042e-19,,,1.171e-17,4.439e-17,2.549e-19,2.916e-19,1.951e-19,4.716e-8,1.008e+0,4.703e-17,8.794e-4,2.629e-17,7.411e-2,2.583e-6,1.538e+1,,3.106e-13,,,3.448e+0,,,2.521e-1,,,,7.775e-19,,,,,,1.083e-10,3.079e-16
608.56,2.501e+1,1.176e-20,7.431e-10,3.012e-43,4.608e-18,,,1.567e-18,6.065e-21,,1.314e-15,7.222e-20,5.819e-19,9.278e-18,6.190e-19,1.793e-31,4.895e-20,3.668e-20,,1.163e-3,1.454e-18,5.392e-21,4.528e+0,,2.064e-25,5.041e-19,,,1.709e-17,4.441e-17,2.549e-19,2.185e-19,1.951e-19,5.616e-8,1.034e+0,4.705e-17,7.400e-4,2.631e-17,7.647e-2,3.276e-6,1.573e+1,,2.187e-13,,,3.385e+0,,,2.595e-1,,,,7.772e-19,,,,,,7.876e-11,3.079e-16
608.59,2.584e+1,1.177e-20,8.708e-10,3.010e-43,4.561e-18,,,1.567e-18,6.067e-21,,1.314e-15,7.263e-20,3.879e-19,9.277e-18,6.176e-19,1.786e-31,4.899e-20,6.227e-20,,1.510e-3,1.454e-18,4.219e-21,4.942e+0,,2.065e-25,5.040e-19,,,2.996e-17,4.444e-17,2.550e-19,1.411e-19,1.951e-19,7.270e-8,1.069e+0,4.707e-17,5.701e-4,2.633e-17,8.074e-2,4.663e-6,1.620e+1,,1.287e-13,,,3.283e+0,,,2.700e-1,,,,7.768e-19,,,,,,4.867e-11,3.079e-16
608.61,2.637e+1,1.177e-20,9.657e-10,3.008e-43,4.530e-18,,,1.567e-18,6.068e-21,,1.313e-15,7.291e-20,2.952e-19,9.277e-18,6.166e-19,1.782e-31,4.902e-20,8.840e-20,,1.793e-3,1.454e-18,3.573e-21,5.227e+0,,2.066e-25,5.039e-19,,,4.346e-17,4.446e-17,2.551e-19,1.052e-19,1.951e-19,8.613e-8,1.090e+0,4.709e-17,4.789e-4,2.635e-17,8.406e-2,5.885e-6,1.648e+1,,9.011e-14,,,3.210e+0,,,2.765e-1,,,,7.765e-19,,,,,,3.522e-11,3.080e-16
608.64,2.711e+1,1.177e-20,1.124e-9,3.005e-43,4.483e-18,,,1.566e-18,6.070e-21,,1.313e-15,7.332e-20,1.952e-19,9.277e-18,6.152e-19,1.775e-31,4.906e-20,1.489e-19,,2.310e-3,1.455e-18,2.774e-21,5.666e+0,,2.067e-25,5.037e-19,,,7.562e-17,4.448e-17,2.551e-19,6.744e-20,1.952e-19,1.106e-7,1.118e+0,4.712e-17,3.691e-4,2.638e-17,8.971e-2,8.312e-6,1.685e+1,,5.260e-14,,,3.095e+0,,,2.854e-1,,,,7.761e-19,,,,,,2.159e-11,3.080e-16
608.66,2.757e+1,1.177e-20,1.240e-9,3.004e-43,4.452e-18,,,1.566e-18,6.071e-21,,1.313e-15,7.360e-20,1.478e-19,9.277e-18,6.143e-19,1.771e-31,4.908e-20,2.103e-19,,2.728e-3,1.455e-18,2.337e-21,5.964e+0,,2.068e-25,5.036e-19,,,1.091e-16,4.450e-17,2.552e-19,5.002e-20,1.952e-19,1.304e-7,1.134e+0,4.714e-17,3.113e-4,2.639e-17,9.391e-2,1.044e-5,1.707e+1,,3.665e-14,,,3.015e+0,,,2.907e-1,,,,7.759e-19,,,,,,1.554e-11,3.080e-16
608.69,2.820e+1,1.178e-20,1.433e-9,3.001e-43,4.405e-18,,,1.566e-18,6.073e-21,,1.312e-15,7.401e-20,9.698e-20,9.277e-18,6.129e-19,1.764e-31,4.912e-20,3.517e-19,,3.488e-3,1.456e-18,1.800e-21,6.420e+0,,2.069e-25,5.034e-19,,,1.884e-16,4.453e-17,2.552e-19,3.183e-20,1.952e-19,1.662e-7,1.155e+0,4.716e-17,2.434e-4,2.642e-17,1.008e-1,1.463e-5,1.733e+1,,2.123e-14,,,2.892e+0,,,2.978e-1,,,,7.755e-19,,,,,,9.456e-12,3.081e-16
608.71,2.858e+1,1.178e-20,1.575e-9,2.999e-43,4.374e-18,,,1.566e-18,6.074e-21,,1.312e-15,7.429e-20,7.304e-20,9.277e-18,6.119e-19,1.759e-31,4.915e-20,4.942e-19,,4.098e-3,1.456e-18,1.509e-21,6.728e+0,,2.070e-25,5.033e-19,,,2.705e-16,4.454e-17,2.553e-19,2.349e-20,1.952e-19,1.949e-7,1.166e+0,4.718e-17,2.089e-4,2.644e-17,1.058e-1,1.827e-5,1.747e+1,,1.471e-14,,,2.808e+0,,,3.018e-1,,,,7.752e-19,,,,,,6.772e-12,3.081e-16
608.74,2.909e+1,1.178e-20,1.808e-9,2.997e-43,4.327e-18,,,1.566e-18,6.076e-21,,1.311e-15,7.470e-20,4.756e-20,9.276e-18,6.105e-19,1.752e-31,4.919e-20,8.200e-19,,5.200e-3,1.457e-18,1.154e-21,7.193e+0,,2.071e-25,5.032e-19,,,4.635e-16,4.457e-17,2.553e-19,1.483e-20,1.952e-19,2.466e-7,1.177e+0,4.721e-17,1.710e-4,2.646e-17,1.139e-1,2.541e-5,1.761e+1,,8.454e-15,,,2.681e+0,,,3.068e-1,,,,7.748e-19,,,,,,4.088e-12,3.081e-16
608.76,2.939e+1,1.179e-20,1.977e-9,2.995e-43,4.296e-18,,,1.566e-18,6.077e-21,,1.311e-15,7.498e-20,3.563e-20,9.276e-18,6.096e-19,1.748e-31,4.922e-20,1.146e-18,,6.079e-3,1.457e-18,9.619e-22,7.505e+0,,2.072e-25,5.031e-19,,,6.621e-16,4.459e-17,2.554e-19,1.089e-20,1.952e-19,2.877e-7,1.182e+0,4.723e-17,1.537e-4,2.648e-17,1.196e-1,3.158e-5,1.767e+1,,5.829e-15,,,2.597e+0,,,3.093e-1,,,,7.745e-19,,,,,,2.912e-12,3.081e-16
608.78,2.965e+1,1.179e-20,2.158e-9,2.993e-43,4.264e-18,,,1.566e-18,6.078e-21,,1.311e-15,7.526e-20,2.664e-20,9.276e-18,6.087e-19,1.743e-31,4.924e-20,1.599e-18,,7.091e-3,1.458e-18,8.004e-22,7.816e+0,,2.072e-25,5.030e-19,,,9.438e-16,4.460e-17,2.554e-19,7.979e-21,1.953e-19,3.349e-7,1.185e+0,4.724e-17,1.424e-4,2.650e-17,1.255e-1,3.917e-5,1.769e+1,,4.010e-15,,,2.513e+0,,,3.112e-1,,,,7.742e-19,,,,,,2.070e-12,3.082e-16
608.81,2.998e+1,1.179e-20,2.453e-9,2.990e-43,4.217e-18,,,1.566e-18,6.080e-21,,1.310e-15,7.567e-20,1.716e-20,9.276e-18,6.073e-19,1.737e-31,4.928e-20,2.625e-18,,8.901e-3,1.458e-18,6.052e-22,8.280e+0,,2.074e-25,5.028e-19,,,1.600e-15,4.463e-17,2.555e-19,4.985e-21,1.953e-19,4.191e-7,1.184e+0,4.727e-17,1.356e-4,2.653e-17,1.348e-1,5.389e-5,1.767e+1,,2.279e-15,,,2.390e+0,,,3.129e-1,,,,7.738e-19,,,,,,1.236e-12,3.082e-16
608.83,3.015e+1,1.179e-20,2.666e-9,2.989e-43,4.186e-18,,,1.566e-18,6.081e-21,,1.310e-15,7.595e-20,1.276e-20,9.276e-18,6.063e-19,1.732e-31,4.931e-20,3.644e-18,,1.033e-2,1.459e-18,5.009e-22,8.587e+0,,2.074e-25,5.027e-19,,,2.269e-15,4.465e-17,2.555e-19,3.634e-21,1.953e-19,4.854e-7,1.180e+0,4.729e-17,1.379e-4,2.654e-17,1.412e-1,6.650e-5,1.761e+1,,1.560e-15,,,2.310e+0,,,3.132e-1,,,,7.736e-19,,,,,,8.740e-13,3.082e-16
608.86,3.034e+1,1.180e-20,3.010e-9,2.986e-43,4.139e-18,,,1.566e-18,6.083e-21,,1.310e-15,7.636e-20,8.156e-21,9.276e-18,6.049e-19,1.725e-31,4.935e-20,5.936e-18,,1.287e-2,1.459e-18,3.758e-22,9.041e+0,,2.075e-25,5.026e-19,,,3.818e-15,4.467e-17,2.556e-19,2.254e-21,1.953e-19,6.027e-7,1.170e+0,4.732e-17,1.516e-4,2.657e-17,1.512e-1,9.079e-5,1.746e+1,,8.799e-16,,,2.195e+0,,,3.125e-1,,,,7.732e-19,,,,,,5.178e-13,3.082e-16
608.88,3.042e+1,1.180e-20,3.256e-9,2.984e-43,4.108e-18,,,1.566e-18,6.084e-21,,1.309e-15,7.664e-20,6.035e-21,9.276e-18,6.040e-19,1.721e-31,4.938e-20,8.197e-18,,1.486e-2,1.459e-18,3.095e-22,9.337e+0,,2.076e-25,5.024e-19,,,5.387e-15,4.469e-17,2.556e-19,1.635e-21,1.953e-19,6.945e-7,1.160e+0,4.733e-17,1.681e-4,2.659e-17,1.579e-1,1.115e-4,1.732e+1,,5.991e-16,,,2.122e+0,,,3.112e-1,,,,7.729e-19,,,,,,3.642e-13,3.083e-16
608.91,3.048e+1,1.180e-20,3.651e-9,2.982e-43,4.061e-18,,,1.566e-18,6.086e-21,,1.309e-15,7.705e-20,3.827e-21,9.275e-18,6.026e-19,1.714e-31,4.942e-20,1.325e-17,,1.836e-2,1.460e-18,2.304e-22,9.771e+0,,2.077e-25,5.023e-19,,,8.994e-15,4.472e-17,2.557e-19,1.006e-21,1.953e-19,8.558e-7,1.142e+0,4.736e-17,2.052e-4,2.662e-17,1.682e-1,1.510e-4,1.706e+1,,3.352e-16,,,2.020e+0,,,3.081e-1,,,,7.725e-19,,,,,,2.141e-13,3.083e-16
608.93,3.048e+1,1.180e-20,3.931e-9,2.980e-43,4.030e-18,,,1.566e-18,6.087e-21,,1.309e-15,7.733e-20,2.817e-21,9.275e-18,6.016e-19,1.710e-31,4.944e-20,1.821e-17,,2.110e-2,1.460e-18,1.887e-22,1.005e+1,,2.078e-25,5.022e-19,,,1.263e-14,4.473e-17,2.557e-19,7.261e-22,1.954e-19,9.811e-7,1.126e+0,4.738e-17,2.394e-4,2.663e-17,1.751e-1,1.844e-4,1.684e+1,,2.271e-16,,,1.958e+0,,,3.053e-1,,,,7.722e-19,,,,,,1.498e-13,3.083e-16
608.96,3.041e+1,1.181e-20,4.379e-9,2.977e-43,3.983e-18,,,1.566e-18,6.089e-21,,1.308e-15,7.774e-20,1.772e-21,9.275e-18,6.002e-19,1.703e-31,4.948e-20,2.921e-17,,2.587e-2,1.461e-18,1.394e-22,1.046e+1,,2.079e-25,5.020e-19,,,2.092e-14,4.476e-17,2.558e-19,4.435e-22,1.954e-19,1.200e-6,1.100e+0,4.741e-17,3.074e-4,2.666e-17,1.854e-1,2.480e-4,1.647e+1,,1.261e-16,,,1.873e+0,,,2.999e-1,,,,7.718e-19,,,,,,8.738e-14,3.084e-16
608.98,3.033e+1,1.181e-20,4.694e-9,2.975e-43,3.952e-18,,,1.566e-18,6.090e-21,,1.308e-15,7.802e-20,1.298e-21,9.275e-18,5.993e-19,1.698e-31,4.951e-20,3.992e-17,,2.957e-2,1.461e-18,1.136e-22,1.072e+1,,2.080e-25,5.019e-19,,,2.922e-14,4.478e-17,2.558e-19,3.184e-22,1.954e-19,1.368e-6,1.080e+0,4.742e-17,3.659e-4,2.668e-17,1.922e-1,3.013e-4,1.619e+1,,8.494e-17,,,1.823e+0,,,2.956e-1,,,,7.716e-19,,,,,,6.084e-14,3.084e-16
609.01,3.015e+1,1.181e-20,5.193e-9,2.973e-43,3.905e-18,,,1.566e-18,6.092e-21,,1.307e-15,7.843e-20,8.101e-22,9.275e-18,5.979e-19,1.691e-31,4.955e-20,6.355e-17,,3.599e-2,1.462e-18,8.328e-23,1.110e+1,,2.081e-25,5.018e-19,,,4.804e-14,4.480e-17,2.559e-19,1.930e-22,1.954e-19,1.660e-6,1.046e+0,4.745e-17,4.778e-4,2.670e-17,2.023e-1,4.020e-4,1.572e+1,,4.679e-17,,,1.760e+0,,,2.881e-1,,,,7.712e-19,,,,,,3.520e-14,3.084e-16
609.03,2.999e+1,1.182e-20,5.542e-9,2.971e-43,3.873e-18,,,1.566e-18,6.093e-21,,1.307e-15,7.871e-20,5.902e-22,9.275e-18,5.970e-19,1.687e-31,4.958e-20,8.643e-17,,4.092e-2,1.462e-18,6.752e-23,1.133e+1,,2.082e-25,5.017e-19,,,6.676e-14,4.482e-17,2.560e-19,1.379e-22,1.954e-19,1.884e-6,1.021e+0,4.747e-17,5.717e-4,2.672e-17,2.089e-1,4.860e-4,1.538e+1,,3.136e-17,,,1.725e+0,,,2.825e-1,,,,7.709e-19,,,,,,2.438e-14,3.084e-16
609.06,2.971e+1,1.182e-20,6.090e-9,2.968e-43,3.827e-18,,,1.565e-18,6.095e-21,,1.307e-15,7.912e-20,3.655e-22,9.274e-18,5.956e-19,1.680e-31,4.962e-20,1.365e-16,,4.943e-2,1.463e-18,4.910e-23,1.167e+1,,2.083e-25,5.015e-19,,,1.089e-13,4.485e-17,2.560e-19,8.296e-23,1.954e-19,2.268e-6,9.817e-1,4.750e-17,7.480e-4,2.675e-17,2.184e-1,6.434e-4,1.484e+1,,1.714e-17,,,1.685e+0,,,2.733e-1,,,,7.705e-19,,,,,,1.400e-14,3.085e-16
609.08,2.950e+1,1.182e-20,6.471e-9,2.967e-43,3.795e-18,,,1.565e-18,6.096e-21,,1.306e-15,7.940e-20,2.649e-22,9.274e-18,5.946e-19,1.676e-31,4.964e-20,1.848e-16,,5.591e-2,1.463e-18,3.960e-23,1.188e+1,,2.084e-25,5.014e-19,,,1.506e-13,4.486e-17,2.561e-19,5.897e-23,1.955e-19,2.561e-6,9.538e-1,4.751e-17,8.938e-4,2.677e-17,2.245e-1,7.738e-4,1.445e+1,,1.143e-17,,,1.666e+0,,,2.666e-1,,,,7.702e-19,,,,,,9.644e-15,3.085e-16
609.11,2.914e+1,1.183e-20,7.063e-9,2.964e-43,3.748e-18,,,1.565e-18,6.098e-21,,1.306e-15,7.981e-20,1.628e-22,9.274e-18,5.932e-19,1.669e-31,4.968e-20,2.897e-16,,6.701e-2,1.464e-18,2.858e-23,1.218e+1,,2.085e-25,5.012e-19,,,2.439e-13,4.489e-17,2.561e-19,3.520e-23,1.955e-19,3.059e-6,9.098e-1,4.754e-17,1.165e-3,2.679e-17,2.332e-1,1.017e-3,1.384e+1,,6.199e-18,,,1.652e+0,,,2.559e-1,,,,7.698e-19,,,,,,5.494e-15,3.085e-16
609.13,2.888e+1,1.183e-20,7.472e-9,2.962e-43,3.717e-18,,,1.565e-18,6.099e-21,,1.306e-15,8.009e-20,1.174e-22,9.274e-18,5.923e-19,1.664e-31,4.971e-20,3.899e-16,,7.541e-2,1.464e-18,2.293e-23,1.236e+1,,2.086e-25,5.011e-19,,,3.355e-13,4.491e-17,2.562e-19,2.490e-23,1.955e-19,3.436e-6,8.793e-1,4.756e-17,1.387e-3,2.681e-17,2.386e-1,1.217e-3,1.342e+1,,4.112e-18,,,1.651e+0,,,2.483e-1,,,,7.696e-19,,,,,,3.765e-15,3.086e-16
609.15,2.860e+1,1.183e-20,7.889e-9,2.960e-43,3.686e-18,,,1.565e-18,6.100e-21,,1.305e-15,8.036e-20,8.444e-23,9.274e-18,5.914e-19,1.660e-31,4.974e-20,5.238e-16,,8.469e-2,1.464e-18,1.836e-23,1.254e+1,,2.086e-25,5.010e-19,,,4.605e-13,4.492e-17,2.562e-19,1.757e-23,1.955e-19,3.851e-6,8.481e-1,4.758e-17,1.648e-3,2.683e-17,2.438e-1,1.453e-3,1.299e+1,,2.722e-18,,,1.658e+0,,,2.405e-1,,,,7.693e-19,,,,,,2.575e-15,3.086e-16
609.18,2.816e+1,1.183e-20,8.532e-9,2.958e-43,3.639e-18,,,1.565e-18,6.102e-21,,1.305e-15,8.078e-20,5.133e-23,9.274e-18,5.899e-19,1.653e-31,4.978e-20,8.124e-16,,1.004e-1,1.465e-18,1.311e-23,1.277e+1,,2.087e-25,5.009e-19,,,7.378e-13,4.495e-17,2.563e-19,1.038e-23,1.955e-19,4.552e-6,8.002e-1,4.760e-17,2.128e-3,2.685e-17,2.508e-1,1.888e-3,1.232e+1,,2.734e-18,,,1.681e+0,,,2.284e-1,,,,7.689e-19,,,,,,1.451e-15,3.086e-16
609.2,2.785e+1,1.184e-20,8.969e-9,2.956e-43,3.608e-18,,,1.565e-18,6.103e-21,,1.305e-15,8.106e-20,3.674e-23,9.274e-18,5.890e-19,1.649e-31,4.980e-20,1.086e-15,,1.122e-1,1.465e-18,1.044e-23,1.292e+1,,2.088e-25,5.008e-19,,,1.008e-12,4.497e-17,2.563e-19,7.288e-24,1.955e-19,5.076e-6,7.679e-1,4.762e-17,2.518e-3,2.687e-17,2.551e-1,2.243e-3,1.187e+1,,2.743e-18,,,1.706e+0,,,2.200e-1,,,,7.686e-19,,,,,,9.873e-16,3.086e-16
609.23,2.738e+1,1.184e-20,9.636e-9,2.953e-43,3.561e-18,,,1.565e-18,6.105e-21,,1.304e-15,8.147e-20,2.216e-23,9.273e-18,5.876e-19,1.642e-31,4.984e-20,1.671e-15,,1.320e-1,1.466e-18,7.394e-24,1.312e+1,,2.089e-25,5.006e-19,,,1.602e-12,4.499e-17,2.564e-19,4.272e-24,1.956e-19,5.953e-6,7.190e-1,4.765e-17,3.228e-3,2.690e-17,2.607e-1,2.893e-3,1.118e+1,,2.755e-18,,,1.755e+0,,,2.073e-1,,,,7.682e-19,,,,,,5.520e-16,3.087e-16
609.25,2.706e+1,1.184e-20,1.009e-8,2.952e-43,3.529e-18,,,1.565e-18,6.106e-21,,1.304e-15,8.175e-20,1.578e-23,9.273e-18,5.867e-19,1.637e-31,4.987e-20,2.222e-15,,1.467e-1,1.466e-18,5.859e-24,1.324e+1,,2.090e-25,5.005e-19,,,2.177e-12,4.501e-17,2.564e-19,2.985e-24,1.956e-19,6.604e-6,6.863e-1,4.767e-17,3.801e-3,2.692e-17,2.639e-1,3.419e-3,1.073e+1,,2.764e-18,,,1.797e+0,,,1.987e-1,,,,7.680e-19,,,,,,3.736e-16,3.087e-16
609.28,2.658e+1,1.184e-20,1.076e-8,2.949e-43,3.483e-18,,,1.565e-18,6.108e-21,,1.304e-15,8.216e-20,9.442e-24,9.273e-18,5.853e-19,1.631e-31,4.991e-20,3.395e-15,,1.713e-1,1.467e-18,4.117e-24,1.340e+1,,2.091e-25,5.003e-19,,,3.435e-12,4.504e-17,2.565e-19,1.736e-24,1.956e-19,7.687e-6,6.377e-1,4.769e-17,4.837e-3,2.694e-17,2.680e-1,4.377e-3,1.004e+1,,2.776e-18,,,1.873e+0,,,1.858e-1,,,,7.676e-19,,,,,,2.072e-16,3.087e-16
609.3,2.626e+1,1.185e-20,1.122e-8,2.947e-43,3.451e-18,,,1.565e-18,6.109e-21,,1.303e-15,8.244e-20,6.688e-24,9.273e-18,5.843e-19,1.626e-31,4.994e-20,4.491e-15,,1.895e-1,1.467e-18,3.246e-24,1.349e+1,,2.092e-25,5.002e-19,,,4.643e-12,4.505e-17,2.565e-19,1.207e-24,1.956e-19,8.484e-6,6.056e-1,4.771e-17,5.667e-3,2.696e-17,2.701e-1,5.146e-3,9.584e+0,,2.785e-18,,,1.931e+0,,,1.771e-1,,,,7.673e-19,,,,,,1.395e-16,3.087e-16
609.33,2.578e+1,1.185e-20,1.189e-8,2.945e-43,3.404e-18,,,1.565e-18,6.111e-21,,1.303e-15,8.285e-20,3.971e-24,9.273e-18,5.829e-19,1.619e-31,4.998e-20,6.808e-15,,2.195e-1,1.468e-18,2.263e-24,1.361e+1,,2.093e-25,5.001e-19,,,7.270e-12,4.508e-17,2.566e-19,6.968e-25,1.956e-19,9.798e-6,5.583e-1,4.774e-17,7.159e-3,2.699e-17,2.725e-1,6.537e-3,8.910e+0,,2.797e-18,,,2.030e+0,,,1.643e-1,,,,7.669e-19,,,,,,7.680e-17,3.088e-16
609.35,2.547e+1,1.185e-20,1.234e-8,2.943e-43,3.373e-18,,,1.565e-18,6.112e-21,,1.303e-15,8.313e-20,2.798e-24,9.273e-18,5.820e-19,1.615e-31,5.000e-20,8.960e-15,,2.415e-1,1.468e-18,1.775e-24,1.368e+1,,2.094e-25,5.000e-19,,,9.779e-12,4.510e-17,2.566e-19,4.819e-25,1.956e-19,1.076e-5,5.275e-1,4.776e-17,8.346e-3,2.700e-17,2.735e-1,7.647e-3,8.468e+0,,2.806e-18,,,2.102e+0,,,1.559e-1,,,,7.666e-19,,,,,,5.144e-17,3.088e-16
609.38,2.501e+1,1.186e-20,1.300e-8,2.940e-43,3.326e-18,,,1.565e-18,6.114e-21,,1.302e-15,8.354e-20,1.649e-24,9.272e-18,5.806e-19,1.608e-31,5.004e-20,1.348e-14,,2.776e-1,1.469e-18,1.228e-24,1.377e+1,,2.095e-25,4.998e-19,,,1.520e-11,4.512e-17,2.567e-19,2.761e-25,1.957e-19,1.233e-5,4.826e-1,4.778e-17,1.047e-2,2.703e-17,2.742e-1,9.638e-3,7.819e+0,,2.818e-18,,,2.221e+0,,,1.435e-1,,,,7.662e-19,,,,,,2.809e-17,3.088e-16
609.4,2.472e+1,1.186e-20,1.342e-8,2.938e-43,3.295e-18,,,1.565e-18,6.115e-21,,1.302e-15,8.382e-20,1.156e-24,9.272e-18,5.797e-19,1.603e-31,5.007e-20,1.765e-14,,3.039e-1,1.469e-18,9.582e-25,1.382e+1,,2.096e-25,4.997e-19,,,2.033e-11,4.514e-17,2.568e-19,1.900e-25,1.957e-19,1.347e-5,4.536e-1,4.780e-17,1.214e-2,2.705e-17,2.741e-1,1.122e-2,7.398e+0,,2.827e-18,,,2.306e+0,,,1.355e-1,,,,7.660e-19,,,,,,1.872e-17,3.089e-16
609.43,2.429e+1,1.186e-20,1.405e-8,2.936e-43,3.248e-18,,,1.565e-18,6.117e-21,,1.301e-15,8.423e-20,6.756e-25,9.272e-18,5.783e-19,1.597e-31,5.011e-20,2.635e-14,,3.467e-1,1.470e-18,6.578e-25,1.388e+1,,2.097e-25,4.995e-19,,,3.136e-11,4.517e-17,2.568e-19,1.079e-25,1.957e-19,1.532e-5,4.117e-1,4.783e-17,1.511e-2,2.708e-17,2.731e-1,1.403e-2,6.785e+0,,2.839e-18,,,2.441e+0,,,1.237e-1,,,,7.656e-19,,,,,,1.014e-17,3.089e-16
609.45,2.402e+1,1.186e-20,1.445e-8,2.934e-43,3.217e-18,,,1.565e-18,6.118e-21,,1.301e-15,8.451e-20,4.711e-25,9.272e-18,5.773e-19,1.592e-31,5.014e-20,3.433e-14,,3.776e-1,1.470e-18,5.106e-25,1.391e+1,,2.098e-25,4.994e-19,,,4.175e-11,4.519e-17,2.569e-19,7.389e-26,1.957e-19,1.665e-5,3.850e-1,4.785e-17,1.744e-2,2.709e-17,2.719e-1,1.625e-2,6.390e+0,,2.848e-18,,,2.535e+0,,,1.162e-1,,,,7.653e-19,,,,,,6.724e-18,3.089e-16
609.48,2.363e+1,1.187e-20,1.502e-8,2.931e-43,3.170e-18,,,1.564e-18,6.120e-21,,1.301e-15,8.492e-20,2.733e-25,9.272e-18,5.759e-19,1.585e-31,5.018e-20,5.085e-14,,4.274e-1,1.470e-18,3.478e-25,1.393e+1,,2.099e-25,4.993e-19,,,6.389e-11,4.521e-17,2.569e-19,4.169e-26,1.957e-19,1.879e-5,3.468e-1,4.787e-17,2.155e-2,2.712e-17,2.693e-1,2.016e-2,5.821e+0,,2.860e-18,,,2.682e+0,,,1.053e-1,,,,7.649e-19,,,,,,3.615e-18,3.089e-16
609.5,2.338e+1,1.187e-20,1.538e-8,2.930e-43,3.139e-18,,,1.564e-18,6.121e-21,,1.300e-15,8.520e-20,1.896e-25,9.272e-18,5.750e-19,1.581e-31,5.020e-20,6.592e-14,,4.631e-1,1.471e-18,2.686e-25,1.394e+1,,2.099e-25,4.992e-19,,,8.464e-11,4.523e-17,2.570e-19,2.840e-26,1.958e-19,2.032e-5,3.226e-1,4.789e-17,2.475e-2,2.714e-17,2.670e-1,2.323e-2,5.458e+0,,2.869e-18,,,2.782e+0,,,9.836e-2,,,,7.646e-19,,,,,,3.613e-18,3.090e-16
609.52,2.315e+1,1.187e-20,1.572e-8,2.928e-43,3.107e-18,,,1.564e-18,6.122e-21,,1.300e-15,8.547e-20,1.312e-25,9.271e-18,5.740e-19,1.576e-31,5.023e-20,8.527e-14,,5.007e-1,1.471e-18,2.069e-25,1.394e+1,,2.100e-25,4.991e-19,,,1.119e-10,4.525e-17,2.570e-19,1.930e-26,1.958e-19,2.192e-5,2.995e-1,4.791e-17,2.837e-2,2.716e-17,2.644e-1,2.671e-2,5.109e+0,,2.877e-18,,,2.883e+0,,,9.169e-2,,,,7.644e-19,,,,,,3.611e-18,3.090e-16
609.55,2.281e+1,1.187e-20,1.620e-8,2.925e-43,3.060e-18,,,1.564e-18,6.124e-21,,1.300e-15,8.589e-20,7.527e-26,9.271e-18,5.726e-19,1.570e-31,5.027e-20,1.250e-13,,5.607e-1,1.472e-18,1.394e-25,1.393e+1,,2.101e-25,4.989e-19,,,1.694e-10,4.527e-17,2.571e-19,1.078e-26,1.958e-19,2.447e-5,2.669e-1,4.793e-17,3.469e-2,2.718e-17,2.598e-1,3.279e-2,4.610e+0,,2.890e-18,,,3.036e+0,,,8.221e-2,,,,7.640e-19,,,,,,3.608e-18,3.090e-16
609.57,2.260e+1,1.188e-20,1.649e-8,2.923e-43,3.029e-18,,,1.564e-18,6.125e-21,,1.299e-15,8.616e-20,5.184e-26,9.271e-18,5.717e-19,1.565e-31,5.030e-20,1.608e-13,,6.031e-1,1.472e-18,1.069e-25,1.391e+1,,2.102e-25,4.988e-19,,,2.228e-10,4.529e-17,2.571e-19,7.287e-27,1.958e-19,2.627e-5,2.465e-1,4.795e-17,3.957e-2,2.720e-17,2.564e-1,3.750e-2,4.296e+0,,2.898e-18,,,3.138e+0,,,7.624e-2,,,,7.637e-19,,,,,,3.606e-18,3.091e-16
609.6,2.230e+1,1.188e-20,1.687e-8,2.921e-43,2.982e-18,,,1.564e-18,6.127e-21,,1.299e-15,8.658e-20,2.951e-26,9.271e-18,5.703e-19,1.558e-31,5.034e-20,2.339e-13,,6.703e-1,1.473e-18,7.146e-26,1.386e+1,,2.103e-25,4.986e-19,,,3.348e-10,4.532e-17,2.572e-19,4.037e-27,1.958e-19,2.911e-5,2.179e-1,4.798e-17,4.803e-2,2.723e-17,2.506e-1,4.570e-2,3.850e+0,,2.911e-18,,,3.289e+0,,,6.783e-2,,,,7.633e-19,,,,,,3.603e-18,3.091e-16
609.62,2.211e+1,1.188e-20,1.710e-8,2.919e-43,2.951e-18,,,1.564e-18,6.128e-21,,1.299e-15,8.685e-20,2.022e-26,9.271e-18,5.694e-19,1.554e-31,5.036e-20,2.995e-13,,7.173e-1,1.473e-18,5.449e-26,1.382e+1,,2.104e-25,4.985e-19,,,4.381e-10,4.533e-17,2.572e-19,2.716e-27,1.958e-19,3.108e-5,2.003e-1,4.800e-17,5.451e-2,2.724e-17,2.464e-1,5.200e-2,3.572e+0,,2.919e-18,,,3.387e+0,,,6.259e-2,,,,7.630e-19,,,,,,3.601e-18,3.091e-16
609.65,2.184e+1,1.189e-20,1.739e-8,2.916e-43,2.904e-18,,,1.564e-18,6.130e-21,,1.298e-15,8.727e-20,1.142e-26,9.271e-18,5.680e-19,1.547e-31,5.040e-20,4.323e-13,,7.910e-1,1.474e-18,3.615e-26,1.374e+1,,2.105e-25,4.984e-19,,,6.533e-10,4.536e-17,2.573e-19,1.422e-27,1.959e-19,3.417e-5,1.757e-1,4.802e-17,6.568e-2,2.727e-17,2.396e-1,6.288e-2,3.180e+0,,2.932e-18,,,3.530e+0,,,5.525e-2,,,,7.626e-19,,,,,,3.598e-18,3.091e-16
609.67,2.167e+1,1.189e-20,1.755e-8,2.915e-43,2.873e-18,,,1.564e-18,6.131e-21,,1.298e-15,8.755e-20,7.783e-27,9.271e-18,5.670e-19,1.542e-31,5.043e-20,5.506e-13,,8.422e-1,1.474e-18,2.743e-26,1.368e+1,,2.106e-25,4.983e-19,,,8.506e-10,4.538e-17,2.573e-19,9.530e-28,1.959e-19,3.631e-5,1.606e-1,4.804e-17,7.418e-2,2.729e-17,2.348e-1,7.118e-2,2.936e+0,,2.940e-18,,,3.621e+0,,,5.072e-2,,,,7.624e-19,,,,,,3.596e-18,3.092e-16
609.7,2.142e+1,1.189e-20,1.773e-8,2.912e-43,2.826e-18,,,1.564e-18,6.133e-21,,1.298e-15,8.796e-20,4.362e-27,9.270e-18,5.656e-19,1.536e-31,5.047e-20,7.887e-13,,9.216e-1,1.475e-18,1.805e-26,1.356e+1,,2.107e-25,4.981e-19,,,1.259e-9,4.540e-17,2.574e-19,5.206e-28,1.959e-19,3.961e-5,1.398e-1,4.807e-17,8.872e-2,2.731e-17,2.273e-1,8.541e-2,2.597e+0,,2.953e-18,,,3.750e+0,,,4.443e-2,,,,7.620e-19,,,,,,3.593e-18,3.092e-16
609.72,2.125e+1,1.189e-20,1.781e-8,2.910e-43,2.795e-18,,,1.564e-18,6.134e-21,,1.297e-15,8.824e-20,2.957e-27,9.270e-18,5.647e-19,1.531e-31,5.050e-20,9.996e-13,,9.762e-1,1.475e-18,1.362e-26,1.348e+1,,2.108e-25,4.980e-19,,,1.630e-9,4.542e-17,2.574e-19,2.904e-28,1.959e-19,4.187e-5,1.272e-1,4.809e-17,9.972e-2,2.733e-17,2.220e-1,9.620e-2,2.387e+0,,2.962e-18,,,3.830e+0,,,4.057e-2,,,,7.617e-19,,,,,,3.591e-18,3.092e-16
609.75,2.101e+1,1.190e-20,1.788e-8,2.907e-43,2.748e-18,,,1.564e-18,6.136e-21,,1.297e-15,8.865e-20,1.645e-27,9.270e-18,5.633e-19,1.524e-31,5.054e-20,1.421e-12,,1.060e+0,1.475e-18,8.898e-27,1.332e+1,,2.109e-25,4.978e-19,,,2.395e-9,4.545e-17,2.575e-19,1.580e-28,1.959e-19,4.533e-5,1.098e-1,4.811e-17,1.184e-1,2.736e-17,2.139e-1,1.145e-1,2.097e+0,,2.974e-18,,,3.939e+0,,,3.527e-2,,,,7.613e-19,,,,,,3.588e-18,3.093e-16
609.77,2.085e+1,1.190e-20,1.788e-8,2.906e-43,2.716e-18,,,1.564e-18,6.137e-21,,1.297e-15,8.893e-20,1.109e-27,9.270e-18,5.623e-19,1.520e-31,5.056e-20,1.792e-12,,1.117e+0,1.476e-18,6.681e-27,1.321e+1,,2.110e-25,4.977e-19,,,3.086e-9,4.546e-17,2.575e-19,1.050e-28,1.959e-19,4.767e-5,9.938e-2,4.813e-17,1.324e-1,2.738e-17,2.084e-1,1.284e-1,1.919e+0,,2.983e-18,,,4.005e+0,,,3.204e-2,,,,7.610e-19,,,,,,3.586e-18,3.093e-16
609.8,2.060e+1,1.190e-20,1.784e-8,2.903e-43,2.669e-18,,,1.564e-18,6.139e-21,,1.296e-15,8.934e-20,6.120e-28,9.270e-18,5.609e-19,1.513e-31,5.060e-20,2.527e-12,,1.204e+0,1.476e-18,4.330e-27,1.301e+1,,2.111e-25,4.976e-19,,,4.498e-9,4.549e-17,2.576e-19,5.666e-29,1.960e-19,5.121e-5,8.519e-2,4.816e-17,1.561e-1,2.740e-17,2.000e-1,1.517e-1,1.674e+0,,2.995e-18,,,4.090e+0,,,2.763e-2,,,,7.606e-19,,,,,,3.583e-18,3.093e-16
609.82,2.043e+1,1.190e-20,1.777e-8,2.901e-43,2.638e-18,,,1.564e-18,6.140e-21,,1.296e-15,8.962e-20,4.106e-28,9.270e-18,5.600e-19,1.509e-31,5.063e-20,3.170e-12,,1.262e+0,1.477e-18,3.234e-27,1.287e+1,,2.111e-25,4.975e-19,,,5.767e-9,4.551e-17,2.577e-19,3.746e-29,1.960e-19,5.358e-5,7.668e-2,4.818e-17,1.737e-1,2.742e-17,1.943e-1,1.691e-1,1.525e+0,,3.004e-18,,,4.138e+0,,,2.498e-2,,,,7.604e-19,,,,,,3.581e-18,3.093e-16
609.85,2.017e+1,1.191e-20,1.760e-8,2.899e-43,2.591e-18,,,1.564e-18,6.142e-21,,1.295e-15,9.003e-20,2.248e-28,9.269e-18,5.586e-19,1.502e-31,5.067e-20,4.437e-12,,1.350e+0,1.477e-18,2.079e-27,1.263e+1,,2.113e-25,4.973e-19,,,8.342e-9,4.553e-17,2.577e-19,3.966e-29,1.960e-19,5.712e-5,6.522e-2,4.820e-17,2.032e-1,2.745e-17,1.857e-1,1.982e-1,1.322e+0,,3.016e-18,,,4.195e+0,,,2.138e-2,,,,7.600e-19,,,,,,3.578e-18,3.094e-16
609.87,1.999e+1,1.191e-20,1.746e-8,2.897e-43,2.560e-18,,,1.564e-18,6.143e-21,,1.295e-15,9.031e-20,1.500e-28,9.269e-18,5.577e-19,1.497e-31,5.070e-20,5.538e-12,,1.408e+0,1.478e-18,1.545e-27,1.246e+1,,2.113e-25,4.972e-19,,,1.064e-8,4.555e-17,2.578e-19,4.113e-29,1.960e-19,5.946e-5,5.840e-2,4.822e-17,2.251e-1,2.746e-17,1.799e-1,2.199e-1,1.199e+0,,3.025e-18,,,4.224e+0,,,1.922e-2,,,,7.597e-19,,,,,,3.577e-18,3.094e-16
609.89,1.980e+1,1.191e-20,1.729e-8,2.895e-43,2.529e-18,,,1.564e-18,6.145e-21,,1.295e-15,9.058e-20,9.995e-29,9.269e-18,5.567e-19,1.493e-31,5.072e-20,6.898e-12,,1.465e+0,1.478e-18,1.146e-27,1.227e+1,,2.114e-25,4.971e-19,,,1.355e-8,4.557e-17,2.578e-19,4.260e-29,1.960e-19,6.176e-5,5.219e-2,4.824e-17,2.489e-1,2.748e-17,1.742e-1,2.434e-1,1.085e+0,,3.033e-18,,,4.244e+0,,,1.725e-2,,,,7.594e-19,,,,,,3.575e-18,3.094e-16
609.92,1.951e+1,1.192e-20,1.698e-8,2.892e-43,2.482e-18,,,1.563e-18,6.146e-21,,1.294e-15,9.100e-20,5.412e-29,9.269e-18,5.553e-19,1.486e-31,5.076e-20,9.553e-12,,1.550e+0,1.479e-18,7.288e-28,1.197e+1,,2.115e-25,4.970e-19,,,1.939e-8,4.559e-17,2.579e-19,4.480e-29,1.960e-19,6.513e-5,4.391e-2,4.827e-17,2.882e-1,2.751e-17,1.656e-1,2.823e-1,9.314e-1,,3.046e-18,,,4.258e+0,,,1.460e-2,,,,7.590e-19,,,,,,3.572e-18,3.094e-16
609.94,1.930e+1,1.192e-20,1.673e-8,2.891e-43,2.451e-18,,,1.563e-18,6.148e-21,,1.294e-15,9.127e-20,3.586e-29,9.269e-18,5.544e-19,1.482e-31,5.079e-20,1.184e-11,,1.605e+0,1.479e-18,5.376e-28,1.176e+1,,2.116e-25,4.968e-19,,,2.456e-8,4.561e-17,2.579e-19,4.627e-29,1.961e-19,6.731e-5,3.904e-2,4.828e-17,3.171e-1,2.753e-17,1.599e-1,3.109e-1,8.393e-1,,3.054e-18,,,4.257e+0,,,1.304e-2,,,,7.588e-19,,,,,,3.570e-18,3.095e-16
609.97,1.897e+1,1.192e-20,1.633e-8,2.888e-43,2.404e-18,,,1.563e-18,6.149e-21,,1.294e-15,9.169e-20,1.927e-29,9.269e-18,5.530e-19,1.475e-31,5.083e-20,1.627e-11,,1.685e+0,1.479e-18,3.393e-28,1.142e+1,,2.117e-25,4.967e-19,,,3.489e-8,4.564e-17,2.580e-19,4.847e-29,1.961e-19,7.044e-5,3.259e-2,4.831e-17,3.646e-1,2.755e-17,1.515e-1,3.578e-1,7.155e-1,,3.067e-18,,,4.239e+0,,,1.095e-2,,,,7.584e-19,,,,,,3.567e-18,3.095e-16
609.99,1.874e+1,1.192e-20,1.603e-8,2.886e-43,2.372e-18,,,1.563e-18,6.151e-21,,1.293e-15,9.196e-20,1.926e-29,9.268e-18,5.521e-19,1.470e-31,5.086e-20,2.006e-11,,1.736e+0,1.480e-18,2.490e-28,1.117e+1,,2.118e-25,4.966e-19,,,4.397e-8,4.565e-17,2.580e-19,4.994e-29,1.961e-19,7.242e-5,2.882e-2,4.833e-17,3.992e-1,2.757e-17,1.460e-1,3.920e-1,6.419e-1,,3.075e-18,,,4.217e+0,,,9.726e-3,,,,7.581e-19,,,,,,3.565e-18,3.095e-16
610.02,1.839e+1,1.193e-20,1.554e-8,2.884e-43,2.325e-18,,,1.563e-18,6.152e-21,,1.293e-15,9.238e-20,1.925e-29,9.268e-18,5.507e-19,1.463e-31,5.090e-20,2.736e-11,,1.808e+0,1.480e-18,1.559e-28,1.079e+1,,2.119e-25,4.964e-19,,,6.198e-8,4.568e-17,2.581e-19,5.214e-29,1.961e-19,7.521e-5,2.388e-2,4.836e-17,4.556e-1,2.760e-17,1.378e-1,4.478e-1,5.435e-1,,3.088e-18,,,4.167e+0,,,8.108e-3,,,,7.577e-19,,,,,,3.562e-18,3.096e-16
610.04,1.814e+1,1.193e-20,1.519e-8,2.882e-43,2.294e-18,,,1.563e-18,6.154e-21,,1.293e-15,9.265e-20,1.924e-29,9.268e-18,5.497e-19,1.459e-31,5.092e-20,3.356e-11,,1.853e+0,1.481e-18,1.138e-28,1.053e+1,,2.120e-25,4.963e-19,,,7.771e-8,4.570e-17,2.581e-19,5.361e-29,1.961e-19,7.693e-5,2.101e-2,4.837e-17,4.965e-1,2.762e-17,1.325e-1,4.881e-1,4.853e-1,,3.096e-18,,,4.124e+0,,,7.163e-3,,,,7.574e-19,,,,,,3.560e-18,3.096e-16
610.07,1.774e+1,1.193e-20,1.463e-8,2.879e-43,2.247e-18,,,1.563e-18,6.155e-21,,1.292e-15,9.307e-20,1.923e-29,9.268e-18,5.483e-19,1.452e-31,5.096e-20,4.541e-11,,1.916e+0,1.481e-18,7.073e-29,1.011e+1,,2.121e-25,4.962e-19,,,1.087e-7,4.572e-17,2.582e-19,5.582e-29,1.961e-19,7.927e-5,1.727e-2,4.840e-17,5.626e-1,2.764e-17,1.247e-1,5.532e-1,4.081e-1,,3.109e-18,,,4.045e+0,,,5.926e-3,,,,7.570e-19,,,,,,3.557e-18,3.096e-16
610.09,1.747e+1,1.194e-20,1.424e-8,2.878e-43,2.216e-18,,,1.563e-18,6.157e-21,,1.292e-15,9.334e-20,1.922e-29,9.268e-18,5.474e-19,1.448e-31,5.099e-20,5.542e-11,,1.954e+0,1.482e-18,5.137e-29,9.825e+0,,2.122e-25,4.961e-19,,,1.356e-7,4.574e-17,2.582e-19,5.728e-29,1.962e-19,8.067e-5,1.512e-2,4.842e-17,6.101e-1,2.766e-17,1.196e-1,5.999e-1,3.628e-1,,3.117e-18,,,3.983e+0,,,5.209e-3,,,,7.567e-19,,,,,,3.555e-18,3.096e-16
610.12,1.706e+1,1.194e-20,1.363e-8,2.875e-43,2.169e-18,,,1.563e-18,6.158e-21,,1.292e-15,9.376e-20,1.921e-29,9.268e-18,5.460e-19,1.441e-31,5.103e-20,7.443e-11,,2.004e+0,1.482e-18,3.167e-29,9.383e+0,,2.123e-25,4.959e-19,,,1.883e-7,4.577e-17,2.583e-19,5.949e-29,1.962e-19,8.249e-5,1.234e-2,4.845e-17,6.865e-1,2.769e-17,1.122e-1,6.748e-1,3.030e-1,,3.130e-18,,,3.877e+0,,,4.276e-3,,,,7.563e-19,,,,,,3.552e-18,3.097e-16
610.14,1.677e+1,1.194e-20,1.321e-8,2.873e-43,2.138e-18,,,1.563e-18,6.160e-21,,1.291e-15,9.404e-20,1.920e-29,9.268e-18,5.450e-19,1.436e-31,5.106e-20,9.037e-11,,2.033e+0,1.483e-18,2.288e-29,9.081e+0,,2.123e-25,4.958e-19,,,2.337e-7,4.578e-17,2.583e-19,6.096e-29,1.962e-19,8.352e-5,1.074e-2,4.846e-17,7.409e-1,2.770e-17,1.074e-1,7.280e-1,2.681e-1,,3.138e-18,,,3.798e+0,,,3.739e-3,,,,7.561e-19,,,,,,3.550e-18,3.097e-16
610.17,1.633e+1,1.194e-20,1.256e-8,2.870e-43,2.091e-18,,,1.563e-18,6.161e-21,,1.291e-15,9.445e-20,1.919e-29,9.267e-18,5.436e-19,1.430e-31,5.110e-20,1.204e-10,,2.069e+0,1.483e-18,1.400e-29,8.619e+0,,2.125e-25,4.956e-19,,,3.220e-7,4.581e-17,2.584e-19,6.316e-29,1.962e-19,8.475e-5,8.695e-3,4.849e-17,8.277e-1,2.773e-17,1.004e-1,8.126e-1,2.223e-1,,3.151e-18,,,3.668e+0,,,3.045e-3,,,,7.557e-19,,,,,,3.547e-18,3.097e-16
610.19,1.603e+1,1.195e-20,1.212e-8,2.869e-43,2.060e-18,,,1.563e-18,6.163e-21,,1.290e-15,9.473e-20,1.918e-29,9.267e-18,5.427e-19,1.425e-31,5.112e-20,1.455e-10,,2.089e+0,1.484e-18,1.006e-29,8.307e+0,,2.125e-25,4.955e-19,,,3.977e-7,4.583e-17,2.585e-19,6.463e-29,1.962e-19,8.536e-5,7.533e-3,4.851e-17,8.890e-1,2.775e-17,9.583e-2,8.722e-1,1.958e-1,,3.159e-18,,,3.575e+0,,,2.649e-3,,,,7.554e-19,,,,,,3.545e-18,3.098e-16
610.22,1.558e+1,1.195e-20,1.146e-8,2.866e-43,2.013e-18,,,1.563e-18,6.164e-21,,1.290e-15,9.514e-20,1.917e-29,9.267e-18,5.413e-19,1.418e-31,5.116e-20,1.924e-10,,2.110e+0,1.484e-18,6.108e-30,7.835e+0,,2.126e-25,4.954e-19,,,5.438e-7,4.585e-17,2.585e-19,6.683e-29,1.963e-19,8.595e-5,6.051e-3,4.854e-17,9.861e-1,2.777e-17,8.927e-2,9.661e-1,1.613e-1,,3.172e-18,,,3.427e+0,,,2.141e-3,,,,7.550e-19,,,,,,3.542e-18,3.098e-16
610.24,1.528e+1,1.195e-20,1.101e-8,2.864e-43,1.981e-18,,,1.563e-18,6.166e-21,,1.290e-15,9.542e-20,1.917e-29,9.267e-18,5.404e-19,1.414e-31,5.119e-20,2.313e-10,,2.118e+0,1.484e-18,4.367e-30,7.519e+0,,2.127e-25,4.953e-19,,,6.683e-7,4.587e-17,2.586e-19,6.830e-29,1.963e-19,8.613e-5,5.215e-3,4.855e-17,1.054e+0,2.779e-17,8.504e-2,1.032e+0,1.414e-1,,3.180e-18,,,3.323e+0,,,1.853e-3,,,,7.547e-19,,,,,,3.540e-18,3.098e-16
610.26,1.498e+1,1.195e-20,1.056e-8,2.863e-43,1.950e-18,,,1.563e-18,6.167e-21,,1.289e-15,9.569e-20,1.916e-29,9.267e-18,5.394e-19,1.409e-31,5.122e-20,2.774e-10,,2.123e+0,1.485e-18,3.116e-30,7.203e+0,,2.128e-25,4.952e-19,,,8.196e-7,4.589e-17,2.586e-19,6.977e-29,1.963e-19,8.613e-5,4.485e-3,4.857e-17,1.125e+0,2.781e-17,8.094e-2,1.099e+0,1.237e-1,,3.189e-18,,,3.216e+0,,,1.600e-3,,,,7.545e-19,,,,,,3.538e-18,3.098e-16
610.29,1.452e+1,1.196e-20,9.897e-9,2.860e-43,1.903e-18,,,1.563e-18,6.169e-21,,1.289e-15,9.611e-20,1.915e-29,9.267e-18,5.380e-19,1.402e-31,5.126e-20,3.630e-10,,2.121e+0,1.485e-18,1.871e-30,6.731e+0,,2.129e-25,4.950e-19,,,1.109e-6,4.591e-17,2.587e-19,7.197e-29,1.963e-19,8.580e-5,3.564e-3,4.860e-17,1.235e+0,2.784e-17,7.502e-2,1.205e+0,1.009e-1,,3.202e-18,,,3.050e+0,,,1.280e-3,,,,7.541e-19,,,,,,3.536e-18,3.099e-16
610.31,1.422e+1,1.196e-20,9.455e-9,2.858e-43,1.872e-18,,,1.563e-18,6.170e-21,,1.289e-15,9.638e-20,1.914e-29,9.266e-18,5.371e-19,1.398e-31,5.129e-20,4.331e-10,,2.115e+0,1.486e-18,1.328e-30,6.419e+0,,2.130e-25,4.949e-19,,,1.353e-6,4.593e-17,2.587e-19,7.344e-29,1.963e-19,8.536e-5,3.050e-3,4.862e-17,1.312e+0,2.785e-17,7.123e-2,1.277e+0,8.790e-2,,3.210e-18,,,2.937e+0,,,1.099e-3,,,,7.538e-19,,,,,,3.534e-18,3.099e-16
610.34,1.378e+1,1.196e-20,8.802e-9,2.855e-43,1.825e-18,,,1.562e-18,6.171e-21,,1.288e-15,9.680e-20,1.913e-29,9.266e-18,5.357e-19,1.391e-31,5.133e-20,5.624e-10,,2.097e+0,1.486e-18,7.914e-31,5.957e+0,,2.131e-25,4.947e-19,,,1.817e-6,4.596e-17,2.588e-19,7.564e-29,1.963e-19,8.438e-5,2.404e-3,4.864e-17,1.431e+0,2.788e-17,6.578e-2,1.389e+0,7.119e-2,,3.223e-18,,,2.765e+0,,,8.723e-4,,,,7.534e-19,,,,,,3.531e-18,3.099e-16
610.36,1.349e+1,1.197e-20,8.374e-9,2.854e-43,1.794e-18,,,1.562e-18,6.173e-21,,1.288e-15,9.707e-20,1.912e-29,9.266e-18,5.347e-19,1.387e-31,5.135e-20,6.677e-10,,2.080e+0,1.487e-18,5.589e-31,5.655e+0,,2.132e-25,4.946e-19,,,2.206e-6,4.598e-17,2.588e-19,7.711e-29,1.963e-19,8.352e-5,2.047e-3,4.866e-17,1.512e+0,2.790e-17,6.232e-2,1.465e+0,6.172e-2,,3.231e-18,,,2.649e+0,,,7.456e-4,,,,7.531e-19,,,,,,3.529e-18,3.099e-16
610.39,1.306e+1,1.197e-20,7.747e-9,2.851e-43,1.747e-18,,,1.562e-18,6.174e-21,,1.288e-15,9.749e-20,1.911e-29,9.266e-18,5.333e-19,1.380e-31,5.139e-20,8.604e-10,,2.047e+0,1.487e-18,3.304e-31,5.212e+0,,2.133e-25,4.945e-19,,,2.939e-6,4.600e-17,2.589e-19,7.931e-29,1.964e-19,8.192e-5,1.601e-3,4.869e-17,1.638e+0,2.793e-17,5.736e-2,1.581e+0,4.964e-2,,3.244e-18,,,2.475e+0,,,5.870e-4,,,,7.527e-19,,,,,,3.526e-18,3.100e-16
610.41,1.279e+1,1.197e-20,7.340e-9,2.849e-43,1.716e-18,,,1.562e-18,6.176e-21,,1.287e-15,9.776e-20,1.910e-29,9.266e-18,5.324e-19,1.375e-31,5.142e-20,1.016e-9,,2.020e+0,1.488e-18,2.321e-31,4.925e+0,,2.134e-25,4.944e-19,,,3.551e-6,4.602e-17,2.589e-19,8.078e-29,1.964e-19,8.067e-5,1.356e-3,4.871e-17,1.723e+0,2.794e-17,5.421e-2,1.659e+0,4.283e-2,,3.252e-18,,,2.360e+0,,,4.992e-4,,,,7.525e-19,,,,,,3.524e-18,3.100e-16
610.44,1.238e+1,1.197e-20,6.749e-9,2.847e-43,1.669e-18,,,1.562e-18,6.177e-21,,1.287e-15,9.818e-20,1.909e-29,9.266e-18,5.310e-19,1.369e-31,5.146e-20,1.300e-9,,1.973e+0,1.488e-18,1.361e-31,4.507e+0,,2.135e-25,4.942e-19,,,4.696e-6,4.605e-17,2.590e-19,8.299e-29,1.964e-19,7.852e-5,1.053e-3,4.873e-17,1.853e+0,2.797e-17,4.974e-2,1.776e+0,3.420e-2,,3.265e-18,,,2.189e+0,,,3.900e-4,,,,7.521e-19,,,,,,3.521e-18,3.100e-16
610.46,1.213e+1,1.198e-20,6.368e-9,2.845e-43,1.637e-18,,,1.562e-18,6.179e-21,,1.287e-15,9.845e-20,1.908e-29,9.265e-18,5.301e-19,1.364e-31,5.149e-20,1.527e-9,,1.937e+0,1.489e-18,9.515e-32,4.238e+0,,2.135e-25,4.941e-19,,,5.645e-6,4.606e-17,2.590e-19,8.445e-29,1.964e-19,7.693e-5,8.870e-4,4.875e-17,1.941e+0,2.799e-17,4.693e-2,1.854e+0,2.937e-2,,3.273e-18,,,2.077e+0,,,3.299e-4,,,,7.518e-19,,,,,,3.519e-18,3.101e-16
610.49,1.175e+1,1.198e-20,5.819e-9,2.842e-43,1.590e-18,,,1.562e-18,6.180e-21,,1.286e-15,9.887e-20,1.907e-29,9.265e-18,5.287e-19,1.357e-31,5.153e-20,1.938e-9,,1.878e+0,1.489e-18,5.538e-32,3.851e+0,,2.137e-25,4.939e-19,,,7.410e-6,4.609e-17,2.591e-19,8.666e-29,1.964e-19,7.430e-5,6.833e-4,4.878e-17,2.073e+0,2.801e-17,4.296e-2,1.971e+0,2.329e-2,,3.286e-18,,,1.914e+0,,,2.557e-4,,,,7.514e-19,,,,,,3.516e-18,3.101e-16
610.51,1.152e+1,1.198e-20,5.468e-9,2.840e-43,1.559e-18,,,1.562e-18,6.182e-21,,1.286e-15,9.914e-20,1.906e-29,9.265e-18,5.277e-19,1.353e-31,5.155e-20,2.266e-9,,1.835e+0,1.489e-18,3.850e-32,3.604e+0,,2.137e-25,4.938e-19,,,8.861e-6,4.611e-17,2.591e-19,8.813e-29,1.965e-19,7.242e-5,5.728e-4,4.880e-17,2.161e+0,2.803e-17,4.048e-2,2.047e+0,1.991e-2,,3.294e-18,,,1.808e+0,,,2.152e-4,,,,7.511e-19,,,,,,3.514e-18,3.101e-16
610.54,1.117e+1,1.199e-20,4.966e-9,2.838e-43,1.512e-18,,,1.562e-18,6.183e-21,,1.285e-15,9.956e-20,1.905e-29,9.265e-18,5.263e-19,1.346e-31,5.159e-20,2.853e-9,,1.765e+0,1.490e-18,2.224e-32,3.251e+0,,2.138e-25,4.937e-19,,,1.155e-5,4.613e-17,2.592e-19,9.033e-29,1.965e-19,6.942e-5,4.378e-4,4.882e-17,2.292e+0,2.806e-17,3.702e-2,2.158e+0,1.567e-2,,3.307e-18,,,1.655e+0,,,1.656e-4,,,,7.507e-19,,,,,,3.511e-18,3.101e-16
610.56,1.096e+1,1.199e-20,4.648e-9,2.836e-43,1.481e-18,,,1.562e-18,6.185e-21,,1.285e-15,9.983e-20,1.904e-29,9.265e-18,5.254e-19,1.342e-31,5.162e-20,3.319e-9,,1.716e+0,1.490e-18,1.538e-32,3.027e+0,,2.139e-25,4.936e-19,,,1.374e-5,4.615e-17,2.593e-19,9.180e-29,1.965e-19,6.731e-5,3.651e-4,4.884e-17,2.378e+0,2.808e-17,3.489e-2,2.230e+0,1.333e-2,,3.315e-18,,,1.558e+0,,,1.386e-4,,,,7.505e-19,,,,,,3.509e-18,3.102e-16
610.59,1.065e+1,1.199e-20,4.195e-9,2.833e-43,1.434e-18,,,1.562e-18,6.186e-21,,1.285e-15,1.002e-19,1.903e-29,9.265e-18,5.240e-19,1.335e-31,5.166e-20,4.148e-9,,1.639e+0,1.491e-18,8.813e-33,2.711e+0,,2.140e-25,4.934e-19,,,1.776e-5,4.618e-17,2.593e-19,9.400e-29,1.965e-19,6.402e-5,2.769e-4,4.887e-17,2.505e+0,2.810e-17,3.195e-2,2.334e+0,1.042e-2,,3.328e-18,,,1.418e+0,,,1.058e-4,,,,7.501e-19,,,,,,3.506e-18,3.102e-16
610.61,1.045e+1,1.199e-20,3.911e-9,2.832e-43,1.403e-18,,,1.562e-18,6.188e-21,,1.284e-15,1.005e-19,1.903e-29,9.265e-18,5.230e-19,1.330e-31,5.169e-20,4.800e-9,,1.586e+0,1.491e-18,6.064e-33,2.512e+0,,2.141e-25,4.933e-19,,,2.103e-5,4.619e-17,2.594e-19,9.547e-29,1.965e-19,6.176e-5,2.297e-4,4.889e-17,2.587e+0,2.812e-17,3.017e-2,2.399e+0,8.822e-3,,3.336e-18,,,1.330e+0,,,8.814e-5,,,,7.498e-19,,,,,,3.504e-18,3.102e-16
610.64,1.018e+1,1.200e-20,3.509e-9,2.829e-43,1.356e-18,,,1.562e-18,6.189e-21,,1.284e-15,1.009e-19,1.901e-29,9.264e-18,5.216e-19,1.323e-31,5.173e-20,5.953e-9,,1.504e+0,1.492e-18,3.448e-33,2.233e+0,,2.142e-25,4.931e-19,,,2.700e-5,4.622e-17,2.594e-19,9.767e-29,1.965e-19,5.829e-5,1.729e-4,4.891e-17,2.706e+0,2.815e-17,2.776e-2,2.491e+0,6.847e-3,,3.349e-18,,,1.206e+0,,,6.675e-5,,,,7.494e-19,,,,,,3.501e-18,3.103e-16
610.66,1.000e+1,1.200e-20,3.257e-9,2.827e-43,1.325e-18,,,1.562e-18,6.191e-21,,1.284e-15,1.012e-19,1.901e-29,9.264e-18,5.207e-19,1.319e-31,5.175e-20,6.854e-9,,1.449e+0,1.492e-18,2.360e-33,2.059e+0,,2.143e-25,4.930e-19,,,3.180e-5,4.624e-17,2.595e-19,9.914e-29,1.966e-19,5.594e-5,1.427e-4,4.893e-17,2.783e+0,2.816e-17,2.633e-2,2.548e+0,5.769e-3,,3.357e-18,,,1.129e+0,,,5.532e-5,,,,7.491e-19,,,,,,3.499e-18,3.103e-16
610.68,9.831e+0,1.200e-20,3.019e-9,2.825e-43,1.293e-18,,,1.562e-18,6.192e-21,,1.283e-15,1.015e-19,1.900e-29,9.264e-18,5.198e-19,1.314e-31,5.178e-20,7.876e-9,,1.394e+0,1.493e-18,1.612e-33,1.895e+0,,2.144e-25,4.929e-19,,,3.739e-5,4.625e-17,2.595e-19,1.006e-28,1.966e-19,5.358e-5,1.175e-4,4.895e-17,2.856e+0,2.818e-17,2.505e-2,2.601e+0,4.851e-3,,3.366e-18,,,1.056e+0,,,4.575e-5,,,,7.489e-19,,,,,,3.497e-18,3.103e-16
610.71,9.591e+0,1.201e-20,2.686e-9,2.823e-43,1.246e-18,,,1.562e-18,6.194e-21,,1.283e-15,1.019e-19,1.899e-29,9.264e-18,5.184e-19,1.308e-31,5.182e-20,9.663e-9,,1.310e+0,1.493e-18,9.068e-34,1.667e+0,,2.145e-25,4.928e-19,,,4.749e-5,4.628e-17,2.596e-19,1.028e-28,1.966e-19,5.003e-5,8.751e-5,4.898e-17,2.959e+0,2.821e-17,2.340e-2,2.672e+0,3.727e-3,,3.378e-18,,,9.555e-1,,,3.428e-5,,,,7.485e-19,,,,,,3.495e-18,3.103e-16
610.73,9.438e+0,1.201e-20,2.480e-9,2.821e-43,1.215e-18,,,1.562e-18,6.195e-21,,1.283e-15,1.022e-19,1.898e-29,9.264e-18,5.174e-19,1.303e-31,5.185e-20,1.105e-8,,1.255e+0,1.493e-18,6.162e-34,1.526e+0,,2.145e-25,4.927e-19,,,5.556e-5,4.630e-17,2.596e-19,1.043e-28,1.966e-19,4.767e-5,7.170e-5,4.899e-17,3.023e+0,2.823e-17,2.249e-2,2.713e+0,3.119e-3,,3.387e-18,,,8.944e-1,,,2.820e-5,,,,7.482e-19,,,,,,3.493e-18,3.104e-16
610.76,9.219e+0,1.201e-20,2.193e-9,2.818e-43,1.168e-18,,,1.562e-18,6.197e-21,,1.282e-15,1.026e-19,1.897e-29,9.264e-18,5.160e-19,1.296e-31,5.189e-20,1.345e-8,,1.173e+0,1.494e-18,3.439e-34,1.332e+0,,2.147e-25,4.925e-19,,,7.004e-5,4.632e-17,2.597e-19,1.065e-28,1.966e-19,4.417e-5,5.297e-5,4.902e-17,3.112e+0,2.825e-17,2.142e-2,2.766e+0,2.379e-3,,3.399e-18,,,8.117e-1,,,2.097e-5,,,,7.478e-19,,,,,,3.490e-18,3.104e-16
610.78,9.079e+0,1.201e-20,2.017e-9,2.817e-43,1.137e-18,,,1.561e-18,6.198e-21,,1.282e-15,1.029e-19,1.896e-29,9.263e-18,5.151e-19,1.292e-31,5.191e-20,1.530e-8,,1.120e+0,1.494e-18,2.325e-34,1.214e+0,,2.147e-25,4.924e-19,,,8.154e-5,4.634e-17,2.597e-19,1.080e-28,1.966e-19,4.187e-5,4.318e-5,4.904e-17,3.165e+0,2.827e-17,2.089e-2,2.795e+0,1.981e-3,,3.408e-18,,,7.625e-1,,,1.716e-5,,,,7.475e-19,,,,,,3.488e-18,3.104e-16
610.81,8.878e+0,1.202e-20,1.773e-9,2.814e-43,1.090e-18,,,1.561e-18,6.200e-21,,1.282e-15,1.033e-19,1.895e-29,9.263e-18,5.137e-19,1.285e-31,5.195e-20,1.848e-8,,1.044e+0,1.495e-18,1.287e-34,1.052e+0,,2.148e-25,4.923e-19,,,1.020e-4,4.637e-17,2.598e-19,1.102e-28,1.967e-19,3.850e-5,3.166e-5,4.907e-17,3.235e+0,2.830e-17,2.039e-2,2.827e+0,1.500e-3,,3.420e-18,,,6.976e-1,,,1.266e-5,,,,7.471e-19,,,,,,3.485e-18,3.105e-16
610.83,8.748e+0,1.202e-20,1.624e-9,2.812e-43,1.059e-18,,,1.561e-18,6.201e-21,,1.281e-15,1.036e-19,1.894e-29,9.263e-18,5.128e-19,1.281e-31,5.198e-20,2.092e-8,,9.945e-1,1.495e-18,8.658e-35,9.540e-1,,2.149e-25,4.921e-19,,,1.182e-4,4.638e-17,2.598e-19,1.116e-28,1.967e-19,3.631e-5,2.567e-5,4.908e-17,3.276e+0,2.831e-17,2.026e-2,2.842e+0,1.243e-3,,3.429e-18,,,6.603e-1,,,1.031e-5,,,,7.469e-19,,,,,,3.483e-18,3.105e-16
610.86,8.559e+0,1.202e-20,1.419e-9,2.810e-43,1.012e-18,,,1.561e-18,6.203e-21,,1.281e-15,1.040e-19,1.893e-29,9.263e-18,5.114e-19,1.274e-31,5.202e-20,2.508e-8,,9.247e-1,1.496e-18,4.757e-35,8.208e-1,,2.150e-25,4.920e-19,,,1.468e-4,4.641e-17,2.599e-19,1.138e-28,1.967e-19,3.313e-5,1.867e-5,4.911e-17,3.326e+0,2.834e-17,2.037e-2,2.852e+0,9.347e-4,,3.442e-18,,,6.130e-1,,,7.546e-6,,,,7.465e-19,,,,,,3.480e-18,3.105e-16
610.88,8.437e+0,1.202e-20,1.295e-9,2.808e-43,9.806e-19,,,1.561e-18,6.204e-21,,1.281e-15,1.043e-19,1.892e-29,9.263e-18,5.104e-19,1.269e-31,5.205e-20,2.823e-8,,8.812e-1,1.496e-18,3.183e-35,7.407e-1,,2.151e-25,4.919e-19,,,1.692e-4,4.643e-17,2.599e-19,1.153e-28,1.967e-19,3.108e-5,1.507e-5,4.913e-17,3.353e+0,2.836e-17,2.065e-2,2.852e+0,7.708e-4,,3.450e-18,,,5.874e-1,,,6.114e-6,,,,7.462e-19,,,,,,3.478e-18,3.105e-16
610.91,8.257e+0,1.203e-20,1.125e-9,2.805e-43,9.337e-19,,,1.561e-18,6.206e-21,,1.280e-15,1.047e-19,1.891e-29,9.263e-18,5.090e-19,1.262e-31,5.209e-20,3.360e-8,,8.208e-1,1.497e-18,1.735e-35,6.329e-1,,2.152e-25,4.917e-19,,,2.086e-4,4.645e-17,2.600e-19,1.175e-28,1.967e-19,2.814e-5,1.088e-5,4.916e-17,3.382e+0,2.839e-17,2.138e-2,2.842e+0,5.752e-4,,3.463e-18,,,5.574e-1,,,4.441e-6,,,,7.458e-19,,,,,,3.475e-18,3.106e-16
610.93,8.140e+0,1.203e-20,1.023e-9,2.803e-43,9.025e-19,,,1.561e-18,6.207e-21,,1.280e-15,1.049e-19,1.890e-29,9.262e-18,5.081e-19,1.258e-31,5.211e-20,3.763e-8,,7.841e-1,1.497e-18,1.155e-35,5.686e-1,,2.153e-25,4.916e-19,,,2.393e-4,4.647e-17,2.600e-19,1.190e-28,1.967e-19,2.627e-5,8.729e-6,4.917e-17,3.394e+0,2.840e-17,2.208e-2,2.827e+0,4.721e-4,,3.471e-18,,,5.431e-1,,,3.579e-6,,,,7.455e-19,,,,,,3.473e-18,3.106e-16
610.96,7.967e+0,1.203e-20,8.832e-10,2.801e-43,8.555e-19,,,1.561e-18,6.209e-21,,1.279e-15,1.054e-19,1.889e-29,9.262e-18,5.067e-19,1.251e-31,5.215e-20,4.444e-8,,7.351e-1,1.498e-18,6.247e-36,4.827e-1,,2.154e-25,4.915e-19,,,2.928e-4,4.650e-17,2.601e-19,1.212e-28,1.968e-19,2.360e-5,6.252e-6,4.920e-17,3.401e+0,2.843e-17,2.345e-2,2.795e+0,3.497e-4,,3.484e-18,,,5.298e-1,,,2.580e-6,,,,7.451e-19,,,,,,3.470e-18,3.106e-16
610.98,7.854e+0,1.204e-20,7.995e-10,2.799e-43,8.243e-19,,,1.561e-18,6.210e-21,,1.279e-15,1.056e-19,1.888e-29,9.262e-18,5.057e-19,1.247e-31,5.218e-20,4.952e-8,,7.067e-1,1.498e-18,4.137e-36,4.320e-1,,2.155e-25,4.914e-19,,,3.342e-4,4.651e-17,2.602e-19,1.822e-28,1.968e-19,2.192e-5,4.992e-6,4.922e-17,3.398e+0,2.845e-17,2.458e-2,2.766e+0,2.856e-4,,3.492e-18,,,5.263e-1,,,2.068e-6,,,,7.449e-19,,,,,,3.468e-18,3.106e-16
611.01,7.687e+0,1.204e-20,6.866e-10,2.796e-43,7.774e-19,,,1.561e-18,6.212e-21,,1.279e-15,1.060e-19,1.887e-29,9.262e-18,5.043e-19,1.240e-31,5.222e-20,5.803e-8,,6.711e-1,1.499e-18,4.098e-36,3.649e-1,,2.156e-25,4.912e-19,,,4.060e-4,4.654e-17,2.602e-19,3.345e-28,1.968e-19,1.954e-5,3.548e-6,4.925e-17,3.382e+0,2.847e-17,2.662e-2,2.713e+0,2.100e-4,,3.505e-18,,,5.289e-1,,,1.479e-6,,,,7.445e-19,,,,,,3.465e-18,3.107e-16
611.03,7.578e+0,1.204e-20,6.191e-10,2.795e-43,7.461e-19,,,1.561e-18,6.213e-21,,1.278e-15,1.063e-19,1.887e-29,9.262e-18,5.034e-19,1.235e-31,5.225e-20,6.433e-8,,6.521e-1,1.499e-18,4.072e-36,3.256e-1,,2.157e-25,4.911e-19,,,4.612e-4,4.656e-17,2.603e-19,5.003e-28,1.968e-19,1.806e-5,2.819e-6,4.926e-17,3.364e+0,2.849e-17,2.819e-2,2.672e+0,1.707e-4,,3.513e-18,,,5.358e-1,,,1.180e-6,,,,7.442e-19,,,,,,3.463e-18,3.107e-16
611.05,7.471e+0,1.204e-20,5.573e-10,2.793e-43,7.148e-19,,,1.561e-18,6.214e-21,,1.278e-15,1.066e-19,1.886e-29,9.262e-18,5.025e-19,1.231e-31,5.227e-20,7.118e-8,,6.373e-1,1.499e-18,4.046e-36,2.905e-1,,2.157e-25,4.910e-19,,,5.228e-4,4.657e-17,2.603e-19,7.467e-28,1.968e-19,1.665e-5,2.235e-6,4.928e-17,3.340e+0,2.851e-17,2.995e-2,2.626e+0,1.384e-4,,3.522e-18,,,5.467e-1,,,9.393e-7,,,,7.439e-19,,,,,,3.461e-18,3.107e-16
611.08,7.314e+0,1.205e-20,4.747e-10,2.790e-43,6.679e-19,,,1.561e-18,6.216e-21,,1.278e-15,1.070e-19,1.885e-29,9.262e-18,5.011e-19,1.224e-31,5.231e-20,8.252e-8,,6.232e-1,1.500e-18,4.007e-36,2.447e-1,,2.159e-25,4.908e-19,,,6.286e-4,4.660e-17,2.604e-19,1.357e-27,1.968e-19,1.468e-5,1.571e-6,4.931e-17,3.294e+0,2.854e-17,3.292e-2,2.548e+0,1.007e-4,,3.534e-18,,,5.704e-1,,,6.645e-7,,,,7.435e-19,,,,,,3.458e-18,3.108e-16
611.1,7.213e+0,1.205e-20,4.257e-10,2.788e-43,6.366e-19,,,1.561e-18,6.217e-21,,1.277e-15,1.073e-19,1.884e-29,9.261e-18,5.001e-19,1.220e-31,5.234e-20,9.083e-8,,6.195e-1,1.500e-18,3.981e-36,2.185e-1,,2.159e-25,4.907e-19,,,7.091e-4,4.662e-17,2.604e-19,2.015e-27,1.969e-19,1.347e-5,1.239e-6,4.933e-17,3.256e+0,2.855e-17,3.512e-2,2.491e+0,8.129e-5,,3.543e-18,,,5.909e-1,,,5.263e-7,,,,7.433e-19,,,,,,3.456e-18,3.108e-16
611.13,7.066e+0,1.205e-20,3.604e-10,2.786e-43,5.897e-19,,,1.561e-18,6.219e-21,,1.277e-15,1.077e-19,1.883e-29,9.261e-18,4.987e-19,1.213e-31,5.238e-20,1.045e-7,,6.228e-1,1.501e-18,3.942e-36,1.851e-1,,2.160e-25,4.906e-19,,,8.466e-4,4.664e-17,2.605e-19,3.633e-27,1.969e-19,1.179e-5,8.644e-7,4.935e-17,3.190e+0,2.858e-17,3.875e-2,2.399e+0,5.872e-5,,3.555e-18,,,6.284e-1,,,3.695e-7,,,,7.429e-19,,,,,,3.454e-18,3.108e-16
611.15,6.972e+0,1.205e-20,3.219e-10,2.784e-43,5.584e-19,,,1.561e-18,6.220e-21,,1.277e-15,1.080e-19,1.882e-29,9.261e-18,4.978e-19,1.208e-31,5.241e-20,1.144e-7,,6.312e-1,1.501e-18,3.916e-36,1.663e-1,,2.161e-25,4.905e-19,,,9.504e-4,4.666e-17,2.605e-19,5.368e-27,1.969e-19,1.076e-5,6.782e-7,4.937e-17,3.140e+0,2.860e-17,4.139e-2,2.334e+0,4.716e-5,,3.564e-18,,,6.579e-1,,,2.911e-7,,,,7.426e-19,,,,,,3.452e-18,3.108e-16
611.18,6.838e+0,1.206e-20,2.710e-10,2.781e-43,5.115e-19,,,1.561e-18,6.222e-21,,1.276e-15,1.084e-19,1.881e-29,9.261e-18,4.964e-19,1.202e-31,5.245e-20,1.307e-7,,6.535e-1,1.502e-18,3.877e-36,1.431e-1,,2.162e-25,4.903e-19,,,1.126e-3,4.669e-17,2.606e-19,9.606e-27,1.969e-19,9.344e-6,4.695e-7,4.940e-17,3.056e+0,2.862e-17,4.567e-2,2.230e+0,3.381e-5,,3.576e-18,,,7.083e-1,,,2.028e-7,,,,7.422e-19,,,,,,3.449e-18,3.109e-16
611.2,6.755e+0,1.206e-20,2.411e-10,2.780e-43,4.803e-19,,,1.560e-18,6.223e-21,,1.276e-15,1.087e-19,1.880e-29,9.261e-18,4.954e-19,1.197e-31,5.247e-20,1.424e-7,,6.751e-1,1.502e-18,3.851e-36,1.306e-1,,2.163e-25,4.902e-19,,,1.258e-3,4.671e-17,2.606e-19,1.412e-26,1.969e-19,8.484e-6,3.665e-7,4.942e-17,2.995e+0,2.864e-17,4.873e-2,2.158e+0,2.702e-5,,3.585e-18,,,7.460e-1,,,1.589e-7,,,,7.419e-19,,,,,,3.447e-18,3.109e-16
611.23,6.640e+0,1.206e-20,2.017e-10,2.777e-43,4.334e-19,,,1.560e-18,6.225e-21,,1.276e-15,1.091e-19,1.879e-29,9.261e-18,4.940e-19,1.190e-31,5.251e-20,1.613e-7,,7.178e-1,1.503e-18,3.812e-36,1.161e-1,,2.164e-25,4.900e-19,,,1.481e-3,4.673e-17,2.607e-19,2.508e-26,1.970e-19,7.311e-6,2.518e-7,4.944e-17,2.896e+0,2.867e-17,5.362e-2,2.047e+0,1.923e-5,,3.597e-18,,,8.081e-1,,,1.099e-7,,,,7.415e-19,,,,,,3.444e-18,3.109e-16
611.25,6.571e+0,1.207e-20,1.788e-10,2.775e-43,4.021e-19,,,1.560e-18,6.226e-21,,1.275e-15,1.094e-19,1.878e-29,9.260e-18,4.931e-19,1.186e-31,5.254e-20,1.749e-7,,7.535e-1,1.503e-18,3.786e-36,1.090e-1,,2.165e-25,4.899e-19,,,1.647e-3,4.675e-17,2.607e-19,3.669e-26,1.970e-19,6.604e-6,1.955e-7,4.946e-17,2.826e+0,2.869e-17,5.707e-2,1.971e+0,1.529e-5,,3.606e-18,,,8.532e-1,,,8.567e-8,,,,7.413e-19,,,,,,3.442e-18,3.110e-16
611.28,6.480e+0,1.207e-20,1.487e-10,2.773e-43,3.552e-19,,,1.560e-18,6.228e-21,,1.275e-15,1.098e-19,1.877e-29,9.260e-18,4.917e-19,1.179e-31,5.258e-20,1.966e-7,,8.182e-1,1.504e-18,3.747e-36,1.019e-1,,2.166e-25,4.898e-19,,,1.924e-3,4.677e-17,2.608e-19,6.466e-26,1.970e-19,5.648e-6,1.333e-7,4.949e-17,2.715e+0,2.871e-17,6.250e-2,1.854e+0,1.080e-5,,3.618e-18,,,9.257e-1,,,5.876e-8,,,,7.409e-19,,,,,,3.439e-18,3.110e-16
611.3,6.428e+0,1.207e-20,1.313e-10,2.771e-43,3.239e-19,,,1.560e-18,6.229e-21,,1.275e-15,1.101e-19,1.876e-29,9.260e-18,4.908e-19,1.174e-31,5.261e-20,2.120e-7,,8.689e-1,1.504e-18,3.721e-36,9.956e-2,,2.167e-25,4.897e-19,,,2.129e-3,4.679e-17,2.608e-19,9.411e-26,1.970e-19,5.076e-6,1.030e-7,4.951e-17,2.638e+0,2.873e-17,6.628e-2,1.776e+0,8.547e-6,,3.627e-18,,,9.771e-1,,,4.559e-8,,,,7.406e-19,,,,,,3.437e-18,3.110e-16
611.33,6.366e+0,1.207e-20,1.085e-10,2.768e-43,2.770e-19,,,1.560e-18,6.231e-21,,1.274e-15,1.105e-19,1.875e-29,9.260e-18,4.894e-19,1.168e-31,5.265e-20,2.366e-7,,9.566e-1,1.505e-18,3.682e-36,9.934e-2,,2.168e-25,4.895e-19,,,2.470e-3,4.682e-17,2.609e-19,1.646e-25,1.970e-19,4.307e-6,6.964e-8,4.953e-17,2.518e+0,2.876e-17,7.218e-2,1.659e+0,5.995e-6,,3.639e-18,,,1.058e+0,,,3.103e-8,,,,7.402e-19,,,,,,3.434e-18,3.110e-16
611.35,6.336e+0,1.208e-20,9.543e-11,2.766e-43,2.457e-19,,,1.560e-18,6.232e-21,,1.274e-15,1.107e-19,1.874e-29,9.260e-18,4.884e-19,1.163e-31,5.267e-20,2.539e-7,,1.023e+0,1.505e-18,3.656e-36,1.014e-1,,2.169e-25,4.894e-19,,,2.720e-3,4.684e-17,2.610e-19,2.384e-25,1.970e-19,3.851e-6,5.352e-8,4.955e-17,2.436e+0,2.877e-17,7.623e-2,1.581e+0,4.722e-6,,3.648e-18,,,1.115e+0,,,2.395e-8,,,,7.399e-19,,,,,,3.432e-18,3.111e-16
611.38,6.308e+0,1.208e-20,7.843e-11,2.764e-43,1.988e-19,,,1.560e-18,6.234e-21,,1.273e-15,1.112e-19,1.873e-29,9.260e-18,4.870e-19,1.156e-31,5.271e-20,2.811e-7,,1.135e+0,1.505e-18,3.617e-36,1.077e-1,,2.170e-25,4.892e-19,,,3.133e-3,4.686e-17,2.610e-19,4.139e-25,1.971e-19,3.243e-6,3.592e-8,4.958e-17,2.311e+0,2.880e-17,8.246e-2,1.465e+0,3.291e-6,,3.660e-18,,,1.204e+0,,,1.617e-8,,,,7.395e-19,,,,,,3.429e-18,3.111e-16
611.4,6.302e+0,1.208e-20,6.867e-11,2.762e-43,2.987e-19,,,1.560e-18,6.235e-21,,1.273e-15,1.114e-19,1.872e-29,9.259e-18,4.861e-19,1.152e-31,5.274e-20,3.001e-7,,1.217e+0,1.506e-18,3.591e-36,1.140e-1,,2.171e-25,4.891e-19,,,3.435e-3,4.688e-17,2.611e-19,5.963e-25,1.971e-19,2.885e-6,2.747e-8,4.960e-17,2.227e+0,2.882e-17,8.670e-2,1.389e+0,2.583e-6,,3.669e-18,,,1.264e+0,,,1.242e-8,,,,7.393e-19,,,,,,3.427e-18,3.111e-16
611.42,6.306e+0,1.208e-20,6.003e-11,2.760e-43,4.479e-19,,,1.560e-18,6.236e-21,,1.273e-15,1.117e-19,1.872e-29,9.259e-18,4.852e-19,1.147e-31,5.277e-20,3.197e-7,,1.307e+0,1.506e-18,3.565e-36,1.221e-1,,2.171e-25,4.890e-19,,,3.759e-3,4.690e-17,2.611e-19,8.575e-25,1.971e-19,2.561e-6,2.096e-8,4.961e-17,2.142e+0,2.884e-17,9.099e-2,1.314e+0,2.027e-6,,3.677e-18,,,1.326e+0,,,9.514e-9,,,,7.390e-19,,,,,,3.425e-18,3.111e-16
611.45,6.333e+0,1.209e-20,4.892e-11,2.758e-43,8.192e-19,,,1.560e-18,6.238e-21,,1.272e-15,1.121e-19,1.871e-29,9.259e-18,4.838e-19,1.141e-31,5.281e-20,3.502e-7,,1.453e+0,1.507e-18,3.526e-36,1.377e-1,,2.172e-25,4.889e-19,,,4.287e-3,4.692e-17,2.612e-19,1.473e-24,1.971e-19,2.133e-6,1.392e-8,4.964e-17,2.015e+0,2.886e-17,9.747e-2,1.205e+0,1.410e-6,,3.690e-18,,,1.421e+0,,,6.356e-9,,,,7.386e-19,,,,,,3.422e-18,3.112e-16
611.47,6.364e+0,1.209e-20,4.259e-11,2.756e-43,1.222e-18,,,1.560e-18,6.239e-21,,1.272e-15,1.124e-19,1.870e-29,9.259e-18,4.828e-19,1.136e-31,5.283e-20,3.712e-7,,1.558e+0,1.507e-18,3.500e-36,1.504e-1,,2.173e-25,4.888e-19,,,4.670e-3,4.694e-17,2.612e-19,2.107e-24,1.971e-19,1.884e-6,1.056e-8,4.966e-17,1.930e+0,2.888e-17,1.018e-1,1.134e+0,1.112e-6,,3.698e-18,,,1.485e+0,,,4.845e-9,,,,7.383e-19,,,,,,3.420e-18,3.112e-16
611.5,6.434e+0,1.209e-20,3.449e-11,2.753e-43,2.218e-18,,,1.560e-18,6.241e-21,,1.272e-15,1.128e-19,1.869e-29,9.259e-18,4.814e-19,1.129e-31,5.287e-20,4.035e-7,,1.729e+0,1.508e-18,3.462e-36,1.732e-1,,2.174e-25,4.886e-19,,,5.290e-3,4.697e-17,2.613e-19,3.592e-24,1.971e-19,1.557e-6,6.959e-9,4.969e-17,1.805e+0,2.891e-17,1.083e-1,1.032e+0,7.889e-7,,3.711e-18,,,1.581e+0,,,3.212e-9,,,,7.379e-19,,,,,,3.417e-18,3.112e-16
611.52,6.494e+0,1.210e-20,2.991e-11,2.751e-43,3.293e-18,,,1.560e-18,6.242e-21,,1.271e-15,1.131e-19,1.868e-29,9.259e-18,4.805e-19,1.125e-31,5.290e-20,4.255e-7,,1.850e+0,1.508e-18,3.436e-36,1.909e-1,,2.175e-25,4.885e-19,,,5.735e-3,4.698e-17,2.613e-19,5.112e-24,1.972e-19,1.368e-6,5.256e-9,4.970e-17,1.723e+0,2.893e-17,1.125e-1,9.661e-1,6.392e-7,,3.719e-18,,,1.646e+0,,,2.436e-9,,,,7.376e-19,,,,,,3.415e-18,3.113e-16
611.55,6.607e+0,1.210e-20,2.407e-11,2.749e-43,5.933e-18,,,1.560e-18,6.244e-21,,1.271e-15,1.135e-19,1.867e-29,9.258e-18,4.791e-19,1.118e-31,5.294e-20,4.591e-7,,2.044e+0,1.509e-18,3.397e-36,2.216e-1,,2.176e-25,4.883e-19,,,6.453e-3,4.701e-17,2.614e-19,8.649e-24,1.972e-19,1.122e-6,3.436e-9,4.973e-17,1.602e+0,2.895e-17,1.188e-1,8.722e-1,4.905e-7,,3.732e-18,,,1.742e+0,,,1.602e-9,,,,7.372e-19,,,,,,3.413e-18,3.113e-16
611.57,6.696e+0,1.210e-20,2.078e-11,2.747e-43,8.762e-18,,,1.560e-18,6.245e-21,,1.271e-15,1.138e-19,1.866e-29,9.258e-18,4.781e-19,1.113e-31,5.297e-20,4.816e-7,,2.180e+0,1.509e-18,3.371e-36,2.449e-1,,2.177e-25,4.882e-19,,,6.965e-3,4.703e-17,2.614e-19,1.225e-23,1.972e-19,9.811e-7,2.581e-9,4.975e-17,1.524e+0,2.897e-17,1.228e-1,8.126e-1,4.332e-7,,3.740e-18,,,1.805e+0,,,1.209e-9,,,,7.370e-19,,,,,,3.411e-18,3.113e-16
611.6,6.852e+0,1.211e-20,1.662e-11,2.744e-43,1.567e-17,,,1.560e-18,6.247e-21,,1.270e-15,1.142e-19,1.865e-29,9.258e-18,4.767e-19,1.107e-31,5.301e-20,5.156e-7,,2.395e+0,1.509e-18,3.332e-36,2.845e-1,,2.178e-25,4.881e-19,,,7.783e-3,4.705e-17,2.615e-19,2.057e-23,1.972e-19,7.987e-7,1.675e-9,4.977e-17,1.411e+0,2.900e-17,1.287e-1,7.280e-1,4.011e-7,,3.753e-18,,,1.897e+0,,,7.891e-10,,,,7.366e-19,,,,,,3.408e-18,3.113e-16
611.62,6.969e+0,1.211e-20,1.429e-11,2.743e-43,2.302e-17,,,1.560e-18,6.248e-21,,1.270e-15,1.145e-19,1.864e-29,9.258e-18,4.758e-19,1.102e-31,5.303e-20,5.382e-7,,2.544e+0,1.510e-18,3.306e-36,3.141e-1,,2.179e-25,4.880e-19,,,8.363e-3,4.707e-17,2.615e-19,2.898e-23,1.972e-19,6.945e-7,1.252e-9,4.979e-17,1.338e+0,2.901e-17,1.324e-1,6.748e-1,4.135e-7,,3.762e-18,,,1.957e+0,,,5.923e-10,,,,7.363e-19,,,,,,3.406e-18,3.114e-16
611.65,7.166e+0,1.211e-20,1.136e-11,2.740e-43,4.085e-17,,,1.559e-18,6.250e-21,,1.269e-15,1.149e-19,1.863e-29,9.258e-18,4.744e-19,1.095e-31,5.307e-20,5.718e-7,,2.777e+0,1.510e-18,3.267e-36,3.636e-1,,2.180e-25,4.878e-19,,,9.284e-3,4.710e-17,2.616e-19,4.829e-23,1.972e-19,5.610e-7,8.056e-10,4.982e-17,1.234e+0,2.904e-17,1.377e-1,5.999e-1,4.840e-7,,3.774e-18,,,2.044e+0,,,3.836e-10,,,,7.359e-19,,,,,,3.403e-18,3.114e-16
611.67,7.309e+0,1.211e-20,9.722e-12,2.738e-43,5.972e-17,,,1.559e-18,6.251e-21,,1.269e-15,1.152e-19,1.862e-29,9.258e-18,4.735e-19,1.091e-31,5.310e-20,5.938e-7,,2.937e+0,1.511e-18,3.241e-36,4.002e-1,,2.181e-25,4.877e-19,,,9.931e-3,4.711e-17,2.616e-19,6.770e-23,1.973e-19,4.854e-7,5.991e-10,4.984e-17,1.168e+0,2.906e-17,1.409e-1,5.532e-1,5.693e-7,,3.783e-18,,,2.099e+0,,,2.865e-10,,,,7.356e-19,,,,,,3.401e-18,3.114e-16
611.7,7.542e+0,1.212e-20,7.676e-12,2.736e-43,1.052e-16,,,1.559e-18,6.253e-21,,1.269e-15,1.156e-19,1.861e-29,9.258e-18,4.721e-19,1.084e-31,5.314e-20,6.261e-7,,3.184e+0,1.511e-18,3.202e-36,4.608e-1,,2.182e-25,4.876e-19,,,1.095e-2,4.714e-17,2.617e-19,1.120e-22,1.973e-19,3.891e-7,3.826e-10,4.986e-17,1.074e+0,2.908e-17,1.454e-1,4.881e-1,7.666e-7,,3.795e-18,,,2.178e+0,,,1.841e-10,,,,7.352e-19,,,,,,3.398e-18,3.115e-16
611.72,7.708e+0,1.212e-20,6.543e-12,2.734e-43,1.530e-16,,,1.559e-18,6.254e-21,,1.268e-15,1.159e-19,1.860e-29,9.257e-18,4.711e-19,1.080e-31,5.317e-20,6.469e-7,,3.352e+0,1.512e-18,3.176e-36,5.051e-1,,2.183e-25,4.874e-19,,,1.167e-2,4.716e-17,2.617e-19,1.562e-22,1.973e-19,3.349e-7,2.831e-10,4.988e-17,1.015e+0,2.910e-17,1.481e-1,4.478e-1,9.549e-7,,3.804e-18,,,2.227e+0,,,1.368e-10,,,,7.350e-19,,,,,,3.396e-18,3.115e-16
611.75,7.971e+0,1.212e-20,5.133e-12,2.731e-43,2.674e-16,,,1.559e-18,6.256e-21,,1.268e-15,1.163e-19,1.859e-29,9.257e-18,4.697e-19,1.073e-31,5.321e-20,6.768e-7,,3.608e+0,1.512e-18,3.137e-36,5.777e-1,,2.184e-25,4.873e-19,,,1.278e-2,4.718e-17,2.618e-19,2.563e-22,1.973e-19,2.664e-7,1.794e-10,4.991e-17,9.331e-1,2.913e-17,1.517e-1,3.920e-1,1.348e-6,,3.816e-18,,,2.296e+0,,,8.723e-11,,,,7.346e-19,,,,,,3.393e-18,3.115e-16
611.77,8.155e+0,1.212e-20,4.356e-12,2.729e-43,3.870e-16,,,1.559e-18,6.257e-21,,1.268e-15,1.165e-19,1.858e-29,9.257e-18,4.688e-19,1.068e-31,5.323e-20,6.957e-7,,3.780e+0,1.513e-18,3.111e-36,6.303e-1,,2.184e-25,4.872e-19,,,1.355e-2,4.720e-17,2.619e-19,3.557e-22,1.973e-19,2.281e-7,1.320e-10,4.993e-17,8.824e-1,2.915e-17,1.537e-1,3.578e-1,1.705e-6,,3.825e-18,,,2.337e+0,,,6.446e-11,,,,7.343e-19,,,,,,3.391e-18,3.115e-16
611.79,8.345e+0,1.213e-20,3.691e-12,2.728e-43,5.590e-16,,,1.559e-18,6.258e-21,,1.267e-15,1.168e-19,1.858e-29,9.257e-18,4.678e-19,1.064e-31,5.326e-20,7.137e-7,,3.952e+0,1.513e-18,3.085e-36,6.864e-1,,2.185e-25,4.871e-19,,,1.435e-2,4.722e-17,2.619e-19,4.927e-22,1.973e-19,1.949e-7,9.697e-11,4.995e-17,8.349e-1,2.916e-17,1.554e-1,3.259e-1,2.158e-6,,3.833e-18,,,2.376e+0,,,4.754e-11,,,,7.340e-19,,,,,,3.389e-18,3.116e-16
611.82,8.640e+0,1.213e-20,2.868e-12,2.725e-43,9.668e-16,,,1.559e-18,6.260e-21,,1.267e-15,1.172e-19,1.856e-29,9.257e-18,4.664e-19,1.057e-31,5.330e-20,7.387e-7,,4.210e+0,1.514e-18,3.046e-36,7.772e-1,,2.186e-25,4.869e-19,,,1.558e-2,4.724e-17,2.620e-19,8.001e-22,1.974e-19,1.534e-7,6.080e-11,4.997e-17,7.700e-1,2.919e-17,1.575e-1,2.823e-1,3.072e-6,,3.846e-18,,,2.427e+0,,,2.999e-11,,,,7.336e-19,,,,,,3.386e-18,3.116e-16
611.84,8.841e+0,1.213e-20,2.419e-12,2.723e-43,1.389e-15,,,1.559e-18,6.261e-21,,1.267e-15,1.175e-19,1.856e-29,9.257e-18,4.655e-19,1.052e-31,5.333e-20,7.540e-7,,4.380e+0,1.514e-18,3.020e-36,8.422e-1,,2.187e-25,4.868e-19,,,1.643e-2,4.726e-17,2.620e-19,1.103e-21,1.974e-19,1.304e-7,4.442e-11,4.999e-17,7.309e-1,2.921e-17,1.585e-1,2.558e-1,3.882e-6,,3.854e-18,,,2.456e+0,,,2.201e-11,,,,7.334e-19,,,,,,3.384e-18,3.116e-16
611.87,9.147e+0,1.214e-20,1.868e-12,2.721e-43,2.385e-15,,,1.559e-18,6.263e-21,,1.266e-15,1.179e-19,1.855e-29,9.256e-18,4.641e-19,1.046e-31,5.337e-20,7.745e-7,,4.631e+0,1.514e-18,2.981e-36,9.465e-1,,2.188e-25,4.867e-19,,,1.773e-2,4.729e-17,2.621e-19,1.777e-21,1.974e-19,1.018e-7,2.764e-11,5.002e-17,6.784e-1,2.923e-17,1.593e-1,2.199e-1,5.499e-6,,3.867e-18,,,2.494e+0,,,1.378e-11,,,,7.330e-19,,,,,,3.381e-18,3.117e-16
611.89,9.352e+0,1.214e-20,1.568e-12,2.719e-43,3.410e-15,,,1.559e-18,6.264e-21,,1.266e-15,1.182e-19,1.854e-29,9.256e-18,4.632e-19,1.041e-31,5.339e-20,7.864e-7,,4.794e+0,1.515e-18,2.955e-36,1.021e+0,,2.189e-25,4.865e-19,,,1.862e-2,4.730e-17,2.621e-19,2.437e-21,1.974e-19,8.613e-8,2.009e-11,5.004e-17,6.477e-1,2.925e-17,1.595e-1,1.982e-1,6.920e-6,,3.875e-18,,,2.513e+0,,,1.006e-11,,,,7.327e-19,,,,,,3.379e-18,3.117e-16
611.92,9.660e+0,1.214e-20,1.203e-12,2.716e-43,5.808e-15,,,1.559e-18,6.266e-21,,1.266e-15,1.186e-19,1.853e-29,9.256e-18,4.618e-19,1.034e-31,5.343e-20,8.016e-7,,5.030e+0,1.515e-18,2.916e-36,1.138e+0,,2.190e-25,4.864e-19,,,1.997e-2,4.733e-17,2.622e-19,3.897e-21,1.974e-19,6.674e-8,1.240e-11,5.006e-17,6.076e-1,2.928e-17,1.592e-1,1.691e-1,9.736e-6,,3.888e-18,,,2.536e+0,,,6.247e-12,,,,7.323e-19,,,,,,3.376e-18,3.117e-16
611.94,9.864e+0,1.214e-20,1.005e-12,2.714e-43,8.263e-15,,,1.559e-18,6.267e-21,,1.265e-15,1.189e-19,1.852e-29,9.256e-18,4.608e-19,1.030e-31,5.346e-20,8.099e-7,,5.181e+0,1.516e-18,2.890e-36,1.221e+0,,2.191e-25,4.863e-19,,,2.088e-2,4.735e-17,2.622e-19,5.317e-21,1.974e-19,5.616e-8,8.969e-12,5.008e-17,5.849e-1,2.930e-17,1.585e-1,1.517e-1,1.219e-5,,3.896e-18,,,2.546e+0,,,4.536e-12,,,,7.320e-19,,,,,,3.374e-18,3.117e-16
611.97,1.016e+1,1.215e-20,7.658e-13,2.712e-43,1.397e-14,,,1.559e-18,6.269e-21,,1.265e-15,1.193e-19,1.851e-29,9.256e-18,4.594e-19,1.023e-31,5.350e-20,8.192e-7,,5.395e+0,1.516e-18,2.851e-36,1.352e+0,,2.192e-25,4.861e-19,,,2.226e-2,4.737e-17,2.623e-19,8.439e-21,1.975e-19,4.319e-8,5.494e-12,5.011e-17,5.568e-1,2.932e-17,1.570e-1,1.284e-1,1.703e-5,,3.909e-18,,,2.553e+0,,,2.796e-12,,,,7.316e-19,,,,,,3.372e-18,3.118e-16
611.99,1.036e+1,1.215e-20,6.372e-13,2.710e-43,1.977e-14,,,1.559e-18,6.270e-21,,1.265e-15,1.196e-19,1.850e-29,9.256e-18,4.585e-19,1.019e-31,5.353e-20,8.234e-7,,5.529e+0,1.517e-18,2.825e-36,1.443e+0,,2.193e-25,4.860e-19,,,2.319e-2,4.739e-17,2.623e-19,1.146e-20,1.975e-19,3.615e-8,3.953e-12,5.012e-17,5.419e-1,2.934e-17,1.556e-1,1.145e-1,2.122e-5,,3.917e-18,,,2.553e+0,,,2.020e-12,,,,7.314e-19,,,,,,3.370e-18,3.118e-16
612.02,1.064e+1,1.215e-20,4.820e-13,2.707e-43,3.317e-14,,,1.559e-18,6.272e-21,,1.264e-15,1.200e-19,1.849e-29,9.255e-18,4.571e-19,1.012e-31,5.357e-20,8.266e-7,,5.713e+0,1.517e-18,2.786e-36,1.585e+0,,2.194e-25,4.859e-19,,,2.458e-2,4.742e-17,2.624e-19,1.805e-20,1.975e-19,2.759e-8,2.403e-12,5.015e-17,5.250e-1,2.937e-17,1.529e-1,9.620e-2,2.941e-5,,3.930e-18,,,2.546e+0,,,1.236e-12,,,,7.310e-19,,,,,,3.367e-18,3.118e-16
612.04,1.082e+1,1.215e-20,3.992e-13,2.706e-43,4.672e-14,,,1.559e-18,6.273e-21,,1.264e-15,1.203e-19,1.848e-29,9.255e-18,4.562e-19,1.007e-31,5.359e-20,8.266e-7,,5.825e+0,1.518e-18,2.760e-36,1.684e+0,,2.195e-25,4.858e-19,,,2.550e-2,4.743e-17,2.624e-19,2.437e-20,1.975e-19,2.298e-8,1.720e-12,5.017e-17,5.173e-1,2.939e-17,1.508e-1,8.541e-2,3.647e-5,,3.938e-18,,,2.537e+0,,,8.881e-13,,,,7.307e-19,,,,,,3.365e-18,3.118e-16
612.07,1.108e+1,1.216e-20,2.999e-13,2.703e-43,7.780e-14,,,1.558e-18,6.275e-21,,1.263e-15,1.207e-19,1.847e-29,9.255e-18,4.547e-19,1.001e-31,5.363e-20,8.234e-7,,5.974e+0,1.518e-18,2.721e-36,1.835e+0,,2.196e-25,4.856e-19,,,2.688e-2,4.746e-17,2.625e-19,3.811e-20,1.975e-19,1.740e-8,1.037e-12,5.020e-17,5.109e-1,2.941e-17,1.471e-1,7.118e-2,5.017e-5,,3.951e-18,,,2.515e+0,,,5.390e-13,,,,7.303e-19,,,,,,3.362e-18,3.119e-16
612.09,1.124e+1,1.216e-20,2.472e-13,2.701e-43,1.090e-13,,,1.558e-18,6.276e-21,,1.263e-15,1.210e-19,1.846e-29,9.255e-18,4.538e-19,9.960e-32,5.366e-20,8.192e-7,,6.060e+0,1.518e-18,2.695e-36,1.939e+0,,2.196e-25,4.855e-19,,,2.778e-2,4.748e-17,2.625e-19,5.120e-20,1.975e-19,1.442e-8,7.385e-13,5.021e-17,5.098e-1,2.943e-17,1.444e-1,6.288e-2,6.189e-5,,3.959e-18,,,2.497e+0,,,3.854e-13,,,,7.300e-19,,,,,,3.360e-18,3.119e-16
612.12,1.146e+1,1.216e-20,1.844e-13,2.698e-43,1.801e-13,,,1.558e-18,6.278e-21,,1.263e-15,1.214e-19,1.845e-29,9.255e-18,4.524e-19,9.892e-32,5.370e-20,8.099e-7,,6.168e+0,1.519e-18,2.657e-36,2.098e+0,,2.198e-25,4.853e-19,,,2.912e-2,4.750e-17,2.626e-19,7.945e-20,1.976e-19,1.083e-8,4.420e-13,5.024e-17,5.128e-1,2.946e-17,1.398e-1,5.200e-2,8.449e-5,,3.972e-18,,,2.462e+0,,,2.321e-13,,,,7.296e-19,,,,,,3.357e-18,3.119e-16
612.14,1.160e+1,1.217e-20,1.513e-13,2.697e-43,2.512e-13,,,1.558e-18,6.279e-21,,1.262e-15,1.217e-19,1.844e-29,9.255e-18,4.515e-19,9.847e-32,5.373e-20,8.016e-7,,6.224e+0,1.519e-18,2.631e-36,2.206e+0,,2.198e-25,4.852e-19,,,2.999e-2,4.752e-17,2.627e-19,1.062e-19,1.976e-19,8.929e-9,3.131e-13,5.026e-17,5.176e-1,2.947e-17,1.365e-1,4.570e-2,1.037e-4,,3.980e-18,,,2.435e+0,,,1.651e-13,,,,7.294e-19,,,,,,3.355e-18,3.120e-16
612.16,1.172e+1,1.217e-20,1.239e-13,2.695e-43,3.495e-13,,,1.558e-18,6.280e-21,,1.262e-15,1.219e-19,1.844e-29,9.255e-18,4.505e-19,9.802e-32,5.375e-20,7.919e-7,,6.269e+0,1.520e-18,2.605e-36,2.314e+0,,2.199e-25,4.851e-19,,,3.084e-2,4.754e-17,2.627e-19,1.417e-19,1.976e-19,7.346e-9,2.214e-13,5.028e-17,5.246e-1,2.949e-17,1.331e-1,4.008e-2,1.270e-4,,3.989e-18,,,2.405e+0,,,1.172e-13,,,,7.291e-19,,,,,,3.353e-18,3.120e-16
612.19,1.188e+1,1.217e-20,9.156e-14,2.692e-43,5.714e-13,,,1.558e-18,6.282e-21,,1.262e-15,1.223e-19,1.842e-29,9.254e-18,4.491e-19,9.734e-32,5.379e-20,7.745e-7,,6.312e+0,1.520e-18,2.566e-36,2.477e+0,,2.200e-25,4.850e-19,,,3.208e-2,4.757e-17,2.628e-19,2.176e-19,1.976e-19,5.460e-9,1.311e-13,5.030e-17,5.389e-1,2.952e-17,1.276e-1,3.279e-2,1.716e-4,,4.002e-18,,,2.355e+0,,,6.983e-14,,,,7.287e-19,,,,,,3.350e-18,3.120e-16
612.21,1.197e+1,1.217e-20,7.465e-14,2.691e-43,7.911e-13,,,1.558e-18,6.283e-21,,1.261e-15,1.226e-19,1.842e-29,9.254e-18,4.482e-19,9.689e-32,5.382e-20,7.611e-7,,6.325e+0,1.521e-18,2.540e-36,2.585e+0,,2.201e-25,4.849e-19,,,3.287e-2,4.758e-17,2.628e-19,2.889e-19,1.976e-19,4.469e-9,9.217e-14,5.032e-17,5.508e-1,2.954e-17,1.238e-1,2.861e-2,2.091e-4,,4.010e-18,,,2.318e+0,,,4.931e-14,,,,7.284e-19,,,,,,3.348e-18,3.120e-16
612.24,1.207e+1,1.218e-20,5.477e-14,2.688e-43,1.284e-12,,,1.558e-18,6.285e-21,,1.261e-15,1.230e-19,1.841e-29,9.254e-18,4.468e-19,9.622e-32,5.386e-20,7.387e-7,,6.320e+0,1.521e-18,2.501e-36,2.746e+0,,2.202e-25,4.847e-19,,,3.401e-2,4.761e-17,2.629e-19,4.402e-19,1.977e-19,3.296e-9,5.415e-14,5.035e-17,5.718e-1,2.956e-17,1.179e-1,2.323e-2,2.804e-4,,4.023e-18,,,2.259e+0,,,2.915e-14,,,,7.280e-19,,,,,,3.345e-18,3.121e-16
612.26,1.213e+1,1.218e-20,4.446e-14,2.686e-43,1.768e-12,,,1.558e-18,6.286e-21,,1.261e-15,1.233e-19,1.840e-29,9.254e-18,4.459e-19,9.576e-32,5.389e-20,7.223e-7,,6.301e+0,1.522e-18,2.475e-36,2.852e+0,,2.203e-25,4.846e-19,,,3.473e-2,4.763e-17,2.629e-19,5.814e-19,1.977e-19,2.684e-9,3.789e-14,5.037e-17,5.877e-1,2.958e-17,1.139e-1,2.016e-2,3.400e-4,,4.031e-18,,,2.216e+0,,,2.048e-14,,,,7.278e-19,,,,,,3.343e-18,3.121e-16
612.29,1.218e+1,1.218e-20,3.243e-14,2.683e-43,2.848e-12,,,1.558e-18,6.288e-21,,1.260e-15,1.237e-19,1.839e-29,9.254e-18,4.445e-19,9.509e-32,5.393e-20,6.957e-7,,6.248e+0,1.522e-18,2.436e-36,3.006e+0,,2.204e-25,4.844e-19,,,3.576e-2,4.765e-17,2.630e-19,8.792e-19,1.977e-19,1.964e-9,2.209e-14,5.039e-17,6.142e-1,2.961e-17,1.078e-1,1.625e-2,4.523e-4,,4.044e-18,,,2.149e+0,,,1.202e-14,,,,7.274e-19,,,,,,3.340e-18,3.121e-16
612.31,1.219e+1,1.219e-20,2.624e-14,2.682e-43,3.903e-12,,,1.558e-18,6.289e-21,,1.260e-15,1.240e-19,1.838e-29,9.254e-18,4.435e-19,9.463e-32,5.395e-20,6.768e-7,,6.197e+0,1.523e-18,2.410e-36,3.106e+0,,2.205e-25,4.843e-19,,,3.639e-2,4.767e-17,2.630e-19,1.155e-18,1.977e-19,1.591e-9,1.537e-14,5.041e-17,6.335e-1,2.962e-17,1.037e-1,1.403e-2,5.457e-4,,4.052e-18,,,2.102e+0,,,8.398e-15,,,,7.271e-19,,,,,,3.338e-18,3.122e-16
612.34,1.219e+1,1.219e-20,1.908e-14,2.679e-43,6.238e-12,,,1.558e-18,6.291e-21,,1.260e-15,1.244e-19,1.837e-29,9.253e-18,4.421e-19,9.396e-32,5.399e-20,6.469e-7,,6.098e+0,1.523e-18,2.371e-36,3.249e+0,,2.206e-25,4.842e-19,,,3.728e-2,4.770e-17,2.631e-19,1.734e-18,1.977e-19,1.156e-9,8.893e-15,5.044e-17,6.643e-1,2.965e-17,9.755e-2,1.122e-2,7.205e-4,,4.065e-18,,,2.028e+0,,,4.889e-15,,,,7.267e-19,,,,,,3.335e-18,3.122e-16
612.36,1.216e+1,1.219e-20,1.545e-14,2.677e-43,8.506e-12,,,1.558e-18,6.292e-21,,1.259e-15,1.247e-19,1.836e-29,9.253e-18,4.412e-19,9.351e-32,5.402e-20,6.261e-7,,6.018e+0,1.523e-18,2.345e-36,3.340e+0,,2.207e-25,4.841e-19,,,3.782e-2,4.771e-17,2.631e-19,2.267e-18,1.977e-19,9.316e-10,6.158e-15,5.046e-17,6.860e-1,2.967e-17,9.352e-2,9.638e-3,8.650e-4,,4.073e-18,,,1.978e+0,,,3.399e-15,,,,7.264e-19,,,,,,3.333e-18,3.122e-16
612.39,1.210e+1,1.219e-20,1.132e-14,2.675e-43,1.349e-11,,,1.558e-18,6.294e-21,,1.259e-15,1.251e-19,1.835e-29,9.253e-18,4.398e-19,9.283e-32,5.406e-20,5.938e-7,,5.877e+0,1.524e-18,2.306e-36,3.467e+0,,2.208e-25,4.839e-19,,,3.856e-2,4.774e-17,2.632e-19,3.378e-18,1.978e-19,6.714e-10,3.535e-15,5.048e-17,7.201e-1,2.970e-17,8.759e-2,7.647e-3,1.133e-3,,4.086e-18,,,1.900e+0,,,1.963e-15,,,,7.260e-19,,,,,,3.331e-18,3.122e-16
612.41,1.204e+1,1.220e-20,9.276e-15,2.673e-43,1.831e-11,,,1.558e-18,6.295e-21,,1.259e-15,1.254e-19,1.834e-29,9.253e-18,4.388e-19,9.238e-32,5.409e-20,5.718e-7,,5.770e+0,1.524e-18,2.280e-36,3.546e+0,,2.208e-25,4.838e-19,,,3.899e-2,4.776e-17,2.632e-19,4.394e-18,1.978e-19,5.383e-10,2.435e-15,5.050e-17,7.436e-1,2.971e-17,8.374e-2,6.537e-3,1.354e-3,,4.094e-18,,,1.847e+0,,,1.358e-15,,,,7.258e-19,,,,,,3.329e-18,3.123e-16
612.44,1.192e+1,1.220e-20,7.070e-15,2.670e-43,2.882e-11,,,1.558e-18,6.297e-21,,1.258e-15,1.258e-19,1.833e-29,9.253e-18,4.374e-19,9.170e-32,5.413e-20,5.382e-7,,5.592e+0,1.525e-18,2.241e-36,3.653e+0,,2.210e-25,4.836e-19,,,3.956e-2,4.778e-17,2.633e-19,6.496e-18,1.978e-19,3.850e-10,1.387e-15,5.053e-17,7.798e-1,2.974e-17,7.817e-2,5.146e-3,1.761e-3,,4.107e-18,,,1.767e+0,,,7.785e-16,,,,7.254e-19,,,,,,3.326e-18,3.123e-16
612.46,1.182e+1,1.220e-20,6.078e-15,2.668e-43,3.891e-11,,,1.558e-18,6.298e-21,,1.258e-15,1.261e-19,1.832e-29,9.253e-18,4.365e-19,9.125e-32,5.415e-20,5.156e-7,,5.462e+0,1.525e-18,2.215e-36,3.717e+0,,2.210e-25,4.835e-19,,,3.989e-2,4.780e-17,2.633e-19,8.408e-18,1.978e-19,3.071e-10,9.506e-16,5.055e-17,8.044e-1,2.976e-17,7.462e-2,4.377e-3,2.093e-3,,4.115e-18,,,1.713e+0,,,5.358e-16,,,,7.251e-19,,,,,,3.324e-18,3.123e-16
612.49,1.164e+1,1.221e-20,5.205e-15,2.666e-43,6.079e-11,,,1.557e-18,6.300e-21,,1.257e-15,1.265e-19,1.831e-29,9.252e-18,4.351e-19,9.057e-32,5.419e-20,4.816e-7,,5.253e+0,1.526e-18,2.176e-36,3.801e+0,,2.211e-25,4.834e-19,,,4.029e-2,4.783e-17,2.634e-19,1.234e-17,1.978e-19,2.180e-10,5.373e-16,5.057e-17,8.418e-1,2.978e-17,6.957e-2,3.419e-3,2.701e-3,,4.128e-18,,,1.631e+0,,,3.047e-16,,,,7.247e-19,,,,,,3.321e-18,3.124e-16
612.51,1.151e+1,1.221e-20,5.005e-15,2.664e-43,8.164e-11,,,1.557e-18,6.301e-21,,1.257e-15,1.268e-19,1.830e-29,9.252e-18,4.342e-19,9.012e-32,5.422e-20,4.591e-7,,5.105e+0,1.526e-18,2.150e-36,3.847e+0,,2.212e-25,4.833e-19,,,4.050e-2,4.784e-17,2.635e-19,1.589e-17,1.978e-19,1.730e-10,3.663e-16,5.059e-17,8.670e-1,2.980e-17,6.642e-2,2.893e-3,3.194e-3,,4.136e-18,,,1.576e+0,,,2.086e-16,,,,7.244e-19,,,,,,3.319e-18,3.124e-16
612.53,1.136e+1,1.221e-20,5.107e-15,2.662e-43,1.094e-10,,,1.557e-18,6.302e-21,,1.257e-15,1.270e-19,1.829e-29,9.252e-18,4.332e-19,8.967e-32,5.425e-20,4.367e-7,,4.951e+0,1.527e-18,2.124e-36,3.887e+0,,2.213e-25,4.832e-19,,,4.066e-2,4.786e-17,2.635e-19,2.042e-17,1.979e-19,1.370e-10,2.493e-16,5.061e-17,8.922e-1,2.982e-17,6.344e-2,2.443e-3,3.769e-3,,4.145e-18,,,1.522e+0,,,1.426e-16,,,,7.242e-19,,,,,,3.317e-18,3.124e-16
612.56,1.112e+1,1.221e-20,5.863e-15,2.660e-43,1.692e-10,,,1.557e-18,6.304e-21,,1.256e-15,1.275e-19,1.828e-29,9.252e-18,4.318e-19,8.899e-32,5.429e-20,4.035e-7,,4.710e+0,1.527e-18,2.085e-36,3.932e+0,,2.214e-25,4.830e-19,,,4.081e-2,4.789e-17,2.636e-19,2.965e-17,1.979e-19,9.620e-11,1.394e-16,5.064e-17,9.299e-1,2.985e-17,5.933e-2,1.888e-3,4.813e-3,,4.157e-18,,,1.440e+0,,,8.020e-17,,,,7.238e-19,,,,,,3.314e-18,3.124e-16
612.58,1.094e+1,1.222e-20,6.824e-15,2.658e-43,2.256e-10,,,1.557e-18,6.305e-21,,1.256e-15,1.277e-19,1.828e-29,9.252e-18,4.309e-19,8.854e-32,5.431e-20,3.819e-7,,4.545e+0,1.527e-18,2.059e-36,3.952e+0,,2.215e-25,4.829e-19,,,4.085e-2,4.790e-17,2.636e-19,3.792e-17,1.979e-19,7.580e-11,9.433e-17,5.065e-17,9.549e-1,2.986e-17,5.685e-2,1.586e-3,5.652e-3,,4.166e-18,,,1.386e+0,,,5.452e-17,,,,7.235e-19,,,,,,3.312e-18,3.125e-16
612.61,1.066e+1,1.222e-20,9.106e-15,2.655e-43,3.462e-10,,,1.557e-18,6.307e-21,,1.256e-15,1.281e-19,1.826e-29,9.252e-18,4.295e-19,8.786e-32,5.435e-20,3.502e-7,,4.291e+0,1.528e-18,2.020e-36,3.967e+0,,2.216e-25,4.827e-19,,,4.082e-2,4.793e-17,2.637e-19,5.463e-17,1.979e-19,5.281e-11,5.234e-17,5.068e-17,9.921e-1,2.989e-17,5.354e-2,1.217e-3,7.164e-3,,4.178e-18,,,1.306e+0,,,3.044e-17,,,,7.231e-19,,,,,,3.309e-18,3.125e-16
612.63,1.046e+1,1.222e-20,1.133e-14,2.653e-43,4.593e-10,,,1.557e-18,6.308e-21,,1.255e-15,1.284e-19,1.826e-29,9.252e-18,4.285e-19,8.741e-32,5.438e-20,3.297e-7,,4.120e+0,1.528e-18,1.994e-36,3.967e+0,,2.217e-25,4.826e-19,,,4.075e-2,4.795e-17,2.637e-19,6.951e-17,1.979e-19,4.140e-11,3.524e-17,5.070e-17,1.017e+0,2.991e-17,5.160e-2,1.017e-3,8.370e-3,,4.187e-18,,,1.254e+0,,,2.058e-17,,,,7.228e-19,,,,,,3.307e-18,3.125e-16
612.66,1.014e+1,1.222e-20,1.603e-14,2.651e-43,6.994e-10,,,1.557e-18,6.310e-21,,1.255e-15,1.288e-19,1.825e-29,9.251e-18,4.271e-19,8.673e-32,5.442e-20,3.001e-7,,3.860e+0,1.529e-18,1.955e-36,3.952e+0,,2.218e-25,4.825e-19,,,4.055e-2,4.797e-17,2.638e-19,9.940e-17,1.979e-19,2.862e-11,1.940e-17,5.073e-17,1.053e+0,2.993e-17,4.914e-2,7.738e-4,1.053e-2,,4.199e-18,,,1.176e+0,,,1.140e-17,,,,7.224e-19,,,,,,3.304e-18,3.125e-16
612.68,9.921e+0,1.223e-20,2.035e-14,2.649e-43,9.234e-10,,,1.557e-18,6.311e-21,,1.255e-15,1.291e-19,1.824e-29,9.251e-18,4.262e-19,8.628e-32,5.445e-20,2.811e-7,,3.687e+0,1.529e-18,1.929e-36,3.932e+0,,2.219e-25,4.824e-19,,,4.036e-2,4.799e-17,2.638e-19,1.258e-16,1.980e-19,2.232e-11,1.300e-17,5.074e-17,1.076e+0,2.995e-17,4.779e-2,6.434e-4,1.224e-2,,4.208e-18,,,1.125e+0,,,7.671e-18,,,,7.222e-19,,,,,,3.302e-18,3.126e-16
612.71,9.579e+0,1.223e-20,2.922e-14,2.646e-43,1.395e-9,,,1.557e-18,6.313e-21,,1.254e-15,1.295e-19,1.823e-29,9.251e-18,4.248e-19,8.560e-32,5.449e-20,2.539e-7,,3.428e+0,1.530e-18,1.890e-36,3.887e+0,,2.220e-25,4.822e-19,,,3.999e-2,4.802e-17,2.639e-19,1.786e-16,1.980e-19,1.531e-11,7.101e-18,5.077e-17,1.111e+0,2.998e-17,4.621e-2,4.860e-4,1.529e-2,,4.220e-18,,,1.051e+0,,,4.217e-18,,,,7.218e-19,,,,,,3.299e-18,3.126e-16
612.73,9.344e+0,1.223e-20,3.720e-14,2.645e-43,1.833e-9,,,1.557e-18,6.314e-21,,1.254e-15,1.298e-19,1.822e-29,9.251e-18,4.239e-19,8.515e-32,5.451e-20,2.366e-7,,3.258e+0,1.530e-18,1.865e-36,3.847e+0,,2.220e-25,4.821e-19,,,3.969e-2,4.803e-17,2.639e-19,2.250e-16,1.980e-19,1.188e-11,4.733e-18,5.079e-17,1.134e+0,3.000e-17,4.546e-2,4.020e-4,1.768e-2,,4.229e-18,,,1.002e+0,,,2.822e-18,,,,7.215e-19,,,,,,3.297e-18,3.126e-16
612.76,8.985e+0,1.224e-20,5.335e-14,2.642e-43,2.749e-9,,,1.557e-18,6.316e-21,,1.254e-15,1.302e-19,1.821e-29,9.251e-18,4.225e-19,8.447e-32,5.455e-20,2.120e-7,,3.006e+0,1.531e-18,1.826e-36,3.775e+0,,2.222e-25,4.820e-19,,,3.916e-2,4.806e-17,2.640e-19,3.169e-16,1.980e-19,8.089e-12,2.565e-18,5.082e-17,1.167e+0,3.002e-17,4.479e-2,3.013e-4,2.191e-2,,4.242e-18,,,9.317e-1,,,1.539e-18,,,,7.211e-19,,,,,,3.294e-18,3.127e-16
612.78,8.742e+0,1.224e-20,6.773e-14,2.640e-43,3.593e-9,,,1.557e-18,6.317e-21,,1.253e-15,1.305e-19,1.820e-29,9.251e-18,4.215e-19,8.402e-32,5.458e-20,1.966e-7,,2.842e+0,1.531e-18,1.800e-36,3.717e+0,,2.222e-25,4.818e-19,,,3.875e-2,4.808e-17,2.640e-19,3.972e-16,1.980e-19,6.244e-12,1.701e-18,5.083e-17,1.188e+0,3.004e-17,4.464e-2,2.480e-4,2.522e-2,,4.250e-18,,,8.860e-1,,,1.259e-18,,,,7.208e-19,,,,,,3.292e-18,3.127e-16
612.81,8.375e+0,1.224e-20,9.659e-14,2.638e-43,5.348e-9,,,1.557e-18,6.319e-21,,1.253e-15,1.309e-19,1.819e-29,9.250e-18,4.201e-19,8.334e-32,5.462e-20,1.749e-7,,2.602e+0,1.532e-18,1.761e-36,3.619e+0,,2.223e-25,4.817e-19,,,3.807e-2,4.810e-17,2.641e-19,5.552e-16,1.980e-19,4.218e-12,1.763e-18,5.086e-17,1.219e+0,3.007e-17,4.486e-2,1.844e-4,3.103e-2,,4.263e-18,,,8.196e-1,,,9.849e-19,,,,7.204e-19,,,,,,3.290e-18,3.127e-16
612.83,8.129e+0,1.224e-20,1.221e-13,2.636e-43,6.955e-9,,,1.557e-18,6.320e-21,,1.252e-15,1.312e-19,1.818e-29,9.250e-18,4.192e-19,8.289e-32,5.465e-20,1.613e-7,,2.448e+0,1.532e-18,1.735e-36,3.546e+0,,2.224e-25,4.816e-19,,,3.757e-2,4.812e-17,2.641e-19,6.924e-16,1.981e-19,3.239e-12,1.805e-18,5.088e-17,1.240e+0,3.008e-17,4.530e-2,1.510e-4,3.553e-2,,4.271e-18,,,7.769e-1,,,6.444e-19,,,,7.201e-19,,,,,,3.288e-18,3.127e-16
612.86,7.761e+0,1.225e-20,1.729e-13,2.633e-43,1.027e-8,,,1.557e-18,6.322e-21,,1.252e-15,1.316e-19,1.817e-29,9.250e-18,4.178e-19,8.222e-32,5.469e-20,1.424e-7,,2.224e+0,1.533e-18,1.696e-36,3.426e+0,,2.225e-25,4.814e-19,,,3.675e-2,4.815e-17,2.642e-19,9.607e-16,1.981e-19,2.172e-12,1.867e-18,5.091e-17,1.269e+0,3.011e-17,4.639e-2,1.115e-4,4.339e-2,,4.284e-18,,,7.151e-1,,,1.177e-18,,,,7.197e-19,,,,,,3.285e-18,3.128e-16
612.88,7.518e+0,1.225e-20,2.175e-13,2.631e-43,1.329e-8,,,1.557e-18,6.323e-21,,1.252e-15,1.319e-19,1.816e-29,9.250e-18,4.169e-19,8.176e-32,5.471e-20,1.307e-7,,2.082e+0,1.533e-18,1.670e-36,3.340e+0,,2.226e-25,4.813e-19,,,3.617e-2,4.816e-17,2.642e-19,1.192e-15,1.981e-19,1.659e-12,1.908e-18,5.092e-17,1.288e+0,3.013e-17,4.739e-2,9.079e-5,4.945e-2,,4.292e-18,,,6.755e-1,,,1.755e-18,,,,7.195e-19,,,,,,3.283e-18,3.128e-16
612.91,7.157e+0,1.225e-20,3.057e-13,2.629e-43,1.949e-8,,,1.557e-18,6.325e-21,,1.251e-15,1.323e-19,1.815e-29,9.250e-18,4.155e-19,8.109e-32,5.475e-20,1.144e-7,,1.877e+0,1.534e-18,1.631e-36,3.202e+0,,2.227e-25,4.812e-19,,,3.523e-2,4.819e-17,2.643e-19,1.641e-15,1.981e-19,1.104e-12,1.970e-18,5.095e-17,1.314e+0,3.016e-17,4.929e-2,6.650e-5,5.993e-2,,4.305e-18,,,6.186e-1,,,3.182e-18,,,,7.191e-19,,,,,,3.280e-18,3.128e-16
612.93,6.921e+0,1.225e-20,3.826e-13,2.627e-43,2.509e-8,,,1.556e-18,6.326e-21,,1.251e-15,1.326e-19,1.814e-29,9.250e-18,4.145e-19,8.063e-32,5.478e-20,1.045e-7,,1.748e+0,1.534e-18,1.605e-36,3.106e+0,,2.228e-25,4.811e-19,,,3.457e-2,4.821e-17,2.644e-19,2.027e-15,1.981e-19,8.389e-13,2.012e-18,5.097e-17,1.332e+0,3.017e-17,5.082e-2,5.389e-5,6.796e-2,,4.313e-18,,,5.823e-1,,,4.719e-18,,,,7.188e-19,,,,,,3.278e-18,3.129e-16
612.95,6.689e+0,1.226e-20,4.779e-13,2.625e-43,3.223e-8,,,1.556e-18,6.328e-21,,1.251e-15,1.328e-19,1.814e-29,9.250e-18,4.136e-19,1.210e-31,5.481e-20,9.523e-8,,1.624e+0,1.534e-18,1.579e-36,3.006e+0,,2.229e-25,4.809e-19,,,3.388e-2,4.823e-17,2.644e-19,2.497e-15,1.981e-19,6.364e-13,2.053e-18,5.099e-17,1.348e+0,3.019e-17,5.255e-2,4.359e-5,7.692e-2,,4.322e-18,,,5.474e-1,,,6.984e-18,,,,7.185e-19,,,,,,3.276e-18,3.129e-16
612.98,6.351e+0,1.226e-20,6.646e-13,2.623e-43,4.675e-8,,,1.556e-18,6.329e-21,,1.250e-15,1.333e-19,1.812e-29,9.249e-18,4.122e-19,2.217e-31,5.485e-20,8.252e-8,,1.449e+0,1.535e-18,1.540e-36,2.852e+0,,2.230e-25,4.808e-19,,,3.279e-2,4.825e-17,2.645e-19,3.402e-15,1.982e-19,4.188e-13,2.115e-18,5.101e-17,1.372e+0,3.022e-17,5.550e-2,3.158e-5,9.228e-2,,4.334e-18,,,4.975e-1,,,1.253e-17,,,,7.181e-19,,,,,,3.273e-18,3.129e-16
613,6.132e+0,1.226e-20,8.260e-13,2.621e-43,5.976e-8,,,1.556e-18,6.331e-21,,1.250e-15,1.335e-19,1.812e-29,9.249e-18,4.112e-19,3.311e-31,5.487e-20,7.481e-8,,1.339e+0,1.535e-18,1.514e-36,2.746e+0,,2.231e-25,4.807e-19,,,3.204e-2,4.827e-17,2.645e-19,4.171e-15,1.982e-19,3.160e-13,2.157e-18,5.103e-17,1.387e+0,3.024e-17,5.769e-2,2.541e-5,1.039e-1,,4.343e-18,,,4.660e-1,,,1.845e-17,,,,7.179e-19,,,,,,3.271e-18,3.129e-16
613.03,5.816e+0,1.227e-20,1.140e-12,2.618e-43,8.604e-8,,,1.556e-18,6.332e-21,,1.250e-15,1.339e-19,1.810e-29,9.249e-18,4.098e-19,6.019e-31,5.491e-20,6.433e-8,,1.186e+0,1.536e-18,1.475e-36,2.585e+0,,2.232e-25,4.805e-19,,,3.088e-2,4.829e-17,2.646e-19,5.641e-15,1.982e-19,2.064e-13,2.219e-18,5.106e-17,1.408e+0,3.026e-17,6.129e-2,1.827e-5,1.238e-1,,4.355e-18,,,4.211e-1,,,3.286e-17,,,,7.175e-19,,,,,,3.268e-18,3.130e-16
613.05,5.614e+0,1.227e-20,1.410e-12,2.616e-43,1.094e-7,,,1.556e-18,6.334e-21,,1.249e-15,1.342e-19,1.810e-29,9.249e-18,4.089e-19,8.943e-31,5.494e-20,5.803e-8,,1.091e+0,1.536e-18,1.449e-36,2.477e+0,,2.232e-25,4.804e-19,,,3.008e-2,4.831e-17,2.646e-19,6.882e-15,1.982e-19,1.550e-13,2.260e-18,5.108e-17,1.420e+0,3.028e-17,6.389e-2,1.463e-5,1.387e-1,,4.364e-18,,,3.929e-1,,,4.815e-17,,,,7.172e-19,,,,,,3.266e-18,3.130e-16
613.08,5.324e+0,1.227e-20,1.931e-12,2.614e-43,1.564e-7,,,1.556e-18,6.335e-21,,1.249e-15,1.346e-19,1.809e-29,9.249e-18,4.075e-19,1.614e-30,5.498e-20,4.952e-8,,9.583e-1,1.537e-18,1.410e-36,2.314e+0,,2.234e-25,4.803e-19,,,2.886e-2,4.834e-17,2.647e-19,9.237e-15,1.982e-19,1.004e-13,2.322e-18,5.110e-17,1.438e+0,3.031e-17,6.807e-2,1.044e-5,1.640e-1,,4.376e-18,,,3.531e-1,,,8.508e-17,,,,7.168e-19,,,,,,3.263e-18,3.130e-16
613.1,5.141e+0,1.227e-20,2.376e-12,2.612e-43,1.979e-7,,,1.556e-18,6.337e-21,,1.249e-15,1.349e-19,1.808e-29,9.249e-18,4.066e-19,2.386e-30,5.501e-20,4.444e-8,,8.769e-1,1.537e-18,1.384e-36,2.206e+0,,2.234e-25,4.802e-19,,,2.803e-2,4.836e-17,2.647e-19,1.121e-14,1.983e-19,7.501e-14,2.364e-18,5.112e-17,1.449e+0,3.032e-17,7.102e-2,8.312e-6,1.830e-1,,4.385e-18,,,3.282e-1,,,1.241e-16,,,,7.165e-19,,,,,,3.261e-18,3.130e-16
613.13,4.882e+0,1.228e-20,3.230e-12,2.609e-43,2.806e-7,,,1.556e-18,6.338e-21,,1.248e-15,1.353e-19,1.807e-29,9.248e-18,4.052e-19,4.272e-30,5.505e-20,3.763e-8,,7.646e-1,1.538e-18,1.345e-36,2.045e+0,,2.235e-25,4.800e-19,,,2.676e-2,4.838e-17,2.648e-19,1.494e-14,1.983e-19,4.823e-14,2.426e-18,5.115e-17,1.463e+0,3.035e-17,7.569e-2,5.885e-6,2.148e-1,,4.397e-18,,,2.932e-1,,,2.176e-16,,,,7.161e-19,,,,,,3.258e-18,3.131e-16
613.15,4.721e+0,1.228e-20,3.954e-12,2.608e-43,3.532e-7,,,1.556e-18,6.340e-21,,1.248e-15,1.356e-19,1.806e-29,9.248e-18,4.042e-19,6.285e-30,5.507e-20,3.360e-8,,6.960e-1,1.538e-18,1.319e-36,1.939e+0,,2.236e-25,4.799e-19,,,2.591e-2,4.840e-17,2.648e-19,1.804e-14,1.983e-19,3.584e-14,2.467e-18,5.117e-17,1.471e+0,3.037e-17,7.895e-2,4.663e-6,2.385e-1,,4.406e-18,,,2.714e-1,,,3.156e-16,,,,7.159e-19,,,,,,3.256e-18,3.131e-16
613.18,4.494e+0,1.228e-20,5.335e-12,2.605e-43,4.972e-7,,,1.556e-18,6.341e-21,,1.247e-15,1.360e-19,1.805e-29,9.248e-18,4.028e-19,1.117e-29,5.511e-20,2.823e-8,,6.023e-1,1.539e-18,1.280e-36,1.784e+0,,2.237e-25,4.797e-19,,,2.462e-2,4.842e-17,2.649e-19,2.385e-14,1.983e-19,2.287e-14,2.530e-18,5.119e-17,1.480e+0,3.039e-17,8.403e-2,3.276e-6,2.780e-1,,4.418e-18,,,2.409e-1,,,5.494e-16,,,,7.155e-19,,,,,,3.253e-18,3.131e-16
613.2,4.355e+0,1.229e-20,6.498e-12,2.603e-43,6.228e-7,,,1.556e-18,6.343e-21,,1.247e-15,1.363e-19,1.804e-29,9.248e-18,4.019e-19,1.635e-29,5.514e-20,2.508e-8,,5.455e-1,1.539e-18,1.254e-36,1.684e+0,,2.238e-25,4.796e-19,,,2.376e-2,4.844e-17,2.649e-19,2.867e-14,1.983e-19,1.691e-14,2.571e-18,5.121e-17,1.485e+0,3.041e-17,8.753e-2,2.583e-6,3.072e-1,,4.427e-18,,,2.221e-1,,,7.931e-16,,,,7.152e-19,,,,,,3.251e-18,3.132e-16
613.23,4.163e+0,1.229e-20,8.701e-12,2.601e-43,8.699e-7,,,1.556e-18,6.344e-21,,1.247e-15,1.367e-19,1.803e-29,9.248e-18,4.005e-19,2.884e-29,5.518e-20,2.092e-8,,4.684e-1,1.539e-18,1.215e-36,1.537e+0,,2.239e-25,4.795e-19,,,2.246e-2,4.847e-17,2.650e-19,3.762e-14,1.983e-19,1.071e-14,2.633e-18,5.124e-17,1.490e+0,3.044e-17,9.294e-2,1.801e-6,3.556e-1,,4.439e-18,,,1.959e-1,,,1.370e-15,,,,7.148e-19,,,,,,3.249e-18,3.132e-16
613.25,4.046e+0,1.229e-20,1.054e-11,2.599e-43,1.084e-6,,,1.556e-18,6.345e-21,,1.246e-15,1.370e-19,1.802e-29,9.248e-18,3.995e-19,4.200e-29,5.521e-20,1.848e-8,,4.221e-1,1.540e-18,1.189e-36,1.443e+0,,2.240e-25,4.794e-19,,,2.160e-2,4.849e-17,2.650e-19,4.499e-14,1.984e-19,7.876e-15,2.675e-18,5.126e-17,1.492e+0,3.046e-17,9.665e-2,1.412e-6,3.911e-1,,4.448e-18,,,1.799e-1,,,1.968e-15,,,,7.145e-19,,,,,,3.247e-18,3.132e-16
613.28,3.888e+0,1.229e-20,1.401e-11,2.596e-43,1.503e-6,,,1.556e-18,6.347e-21,,1.246e-15,1.374e-19,1.801e-29,9.247e-18,3.981e-19,7.353e-29,5.525e-20,1.530e-8,,3.597e-1,1.540e-18,1.150e-36,1.307e+0,,2.241e-25,4.792e-19,,,2.033e-2,4.851e-17,2.651e-19,5.861e-14,1.984e-19,4.949e-15,2.737e-18,5.128e-17,1.491e+0,3.048e-17,1.023e-1,9.772e-7,4.495e-1,,4.460e-18,,,1.577e-1,,,3.374e-15,,,,7.141e-19,,,,,,3.244e-18,3.132e-16
613.3,3.794e+0,1.230e-20,1.689e-11,2.594e-43,1.864e-6,,,1.556e-18,6.348e-21,,1.246e-15,1.377e-19,1.800e-29,9.247e-18,3.972e-19,1.065e-28,5.527e-20,1.345e-8,,3.225e-1,1.541e-18,1.724e-36,1.221e+0,,2.242e-25,4.791e-19,,,1.948e-2,4.853e-17,2.652e-19,6.973e-14,1.984e-19,3.621e-15,2.778e-18,5.130e-17,1.489e+0,3.050e-17,1.062e-1,7.625e-7,4.922e-1,,4.469e-18,,,1.441e-1,,,4.821e-15,,,,7.139e-19,,,,,,3.242e-18,3.133e-16
613.32,3.710e+0,1.230e-20,2.033e-11,2.593e-43,2.307e-6,,,1.556e-18,6.350e-21,,1.245e-15,1.379e-19,1.799e-29,9.247e-18,3.963e-19,1.541e-28,5.530e-20,1.180e-8,,2.885e-1,1.541e-18,2.579e-36,1.138e+0,,2.242e-25,4.790e-19,,,1.865e-2,4.855e-17,2.652e-19,8.280e-14,1.984e-19,2.645e-15,2.819e-18,5.132e-17,1.485e+0,3.052e-17,1.101e-1,5.937e-7,5.379e-1,,4.477e-18,,,1.315e-1,,,6.876e-15,,,,7.136e-19,,,,,,3.240e-18,3.133e-16
613.35,3.600e+0,1.230e-20,2.673e-11,2.590e-43,3.164e-6,,,1.555e-18,6.351e-21,,1.245e-15,1.384e-19,1.798e-29,9.247e-18,3.949e-19,2.669e-28,5.534e-20,9.663e-9,,2.432e-1,1.542e-18,4.699e-36,1.020e+0,,2.244e-25,4.788e-19,,,1.742e-2,4.857e-17,2.653e-19,1.067e-13,1.984e-19,1.644e-15,2.882e-18,5.135e-17,1.476e+0,3.054e-17,1.162e-1,4.064e-7,6.125e-1,,4.490e-18,,,1.142e-1,,,1.167e-14,,,,7.132e-19,,,,,,3.237e-18,3.133e-16
613.37,3.537e+0,1.230e-20,3.200e-11,2.588e-43,3.896e-6,,,1.555e-18,6.353e-21,,1.245e-15,1.386e-19,1.798e-29,9.247e-18,3.939e-19,3.841e-28,5.537e-20,8.436e-9,,2.165e-1,1.542e-18,6.994e-36,9.462e-1,,2.244e-25,4.787e-19,,,1.661e-2,4.859e-17,2.653e-19,1.261e-13,1.984e-19,1.194e-15,2.923e-18,5.136e-17,1.468e+0,3.056e-17,1.202e-1,3.148e-7,6.664e-1,,4.498e-18,,,1.037e-1,,,1.655e-14,,,,7.129e-19,,,,,,3.235e-18,3.133e-16
613.4,3.460e+0,1.231e-20,4.176e-11,2.586e-43,5.304e-6,,,1.555e-18,6.354e-21,,1.244e-15,1.391e-19,1.796e-29,9.247e-18,3.925e-19,6.604e-28,5.541e-20,6.854e-9,,1.811e-1,1.543e-18,1.265e-35,8.417e-1,,2.245e-25,4.786e-19,,,1.543e-2,4.862e-17,2.654e-19,1.614e-13,1.985e-19,7.367e-16,2.985e-18,5.139e-17,1.452e+0,3.059e-17,1.265e-1,2.138e-7,7.539e-1,,4.511e-18,,,8.948e-2,,,2.787e-14,,,,7.125e-19,,,,,,3.232e-18,3.134e-16
613.42,3.420e+0,1.231e-20,4.974e-11,2.584e-43,6.498e-6,,,1.555e-18,6.356e-21,,1.244e-15,1.393e-19,1.796e-29,9.247e-18,3.916e-19,9.454e-28,5.543e-20,5.953e-9,,1.604e-1,1.543e-18,1.873e-35,7.766e-1,,2.246e-25,4.785e-19,,,1.466e-2,4.863e-17,2.654e-19,1.898e-13,1.985e-19,5.325e-16,3.027e-18,5.141e-17,1.440e+0,3.061e-17,1.307e-1,1.648e-7,8.167e-1,,4.519e-18,,,8.090e-2,,,3.935e-14,,,,7.123e-19,,,,,,3.230e-18,3.134e-16
613.45,3.375e+0,1.231e-20,6.441e-11,2.581e-43,8.780e-6,,,1.555e-18,6.357e-21,,1.244e-15,1.397e-19,1.794e-29,9.246e-18,3.902e-19,1.613e-27,5.547e-20,4.800e-9,,1.332e-1,1.543e-18,3.362e-35,6.856e-1,,2.247e-25,4.783e-19,,,1.355e-2,4.866e-17,2.655e-19,2.410e-13,1.985e-19,3.259e-16,3.089e-18,5.144e-17,1.418e+0,3.063e-17,1.372e-1,1.111e-7,9.179e-1,,4.532e-18,,,6.932e-2,,,6.577e-14,,,,7.119e-19,,,,,,3.227e-18,3.134e-16
613.47,3.355e+0,1.232e-20,7.634e-11,2.579e-43,1.070e-5,,,1.555e-18,6.359e-21,,1.243e-15,1.400e-19,1.794e-29,9.246e-18,3.893e-19,2.298e-27,5.550e-20,4.148e-9,,1.174e-1,1.544e-18,4.954e-35,6.293e-1,,2.248e-25,4.782e-19,,,1.283e-2,4.868e-17,2.655e-19,2.820e-13,1.985e-19,2.344e-16,3.130e-18,5.145e-17,1.401e+0,3.065e-17,1.416e-1,8.519e-8,9.902e-1,,4.540e-18,,,6.239e-2,,,9.239e-14,,,,7.116e-19,,,,,,3.225e-18,3.135e-16
613.5,3.339e+0,1.232e-20,9.812e-11,2.577e-43,1.435e-5,,,1.555e-18,6.360e-21,,1.243e-15,1.404e-19,1.793e-29,9.246e-18,3.878e-19,3.892e-27,5.554e-20,3.319e-9,,9.669e-2,1.544e-18,8.826e-35,5.514e-1,,2.249e-25,4.780e-19,,,1.178e-2,4.870e-17,2.656e-19,3.556e-13,1.985e-19,1.424e-16,3.192e-18,5.148e-17,1.372e+0,3.068e-17,1.483e-1,5.698e-8,1.106e+0,,4.553e-18,,,5.309e-2,,,1.532e-13,,,,7.112e-19,,,,,,3.222e-18,3.135e-16
613.52,3.339e+0,1.232e-20,1.157e-10,2.575e-43,1.741e-5,,,1.555e-18,6.362e-21,,1.243e-15,1.407e-19,1.792e-29,9.246e-18,3.869e-19,5.516e-27,5.557e-20,2.853e-9,,8.476e-2,1.545e-18,1.294e-34,5.035e-1,,2.250e-25,4.779e-19,,,1.112e-2,4.872e-17,2.656e-19,4.140e-13,1.985e-19,1.019e-16,3.234e-18,5.150e-17,1.351e+0,3.070e-17,1.529e-1,4.347e-8,1.188e+0,,4.561e-18,,,4.756e-2,,,2.142e-13,,,,7.109e-19,,,,,,3.220e-18,3.135e-16
613.55,3.353e+0,1.232e-20,1.476e-10,2.572e-43,2.316e-5,,,1.555e-18,6.363e-21,,1.242e-15,1.411e-19,1.791e-29,9.246e-18,3.855e-19,9.273e-27,5.561e-20,2.266e-9,,6.930e-2,1.545e-18,2.288e-34,4.378e-1,,2.251e-25,4.778e-19,,,1.015e-2,4.875e-17,2.657e-19,5.181e-13,1.986e-19,6.139e-17,3.296e-18,5.153e-17,1.316e+0,3.072e-17,1.601e-1,2.885e-8,1.319e+0,,4.574e-18,,,4.018e-2,,,3.526e-13,,,,7.105e-19,,,,,,3.217e-18,3.136e-16
613.57,3.371e+0,1.233e-20,1.732e-10,2.571e-43,2.795e-5,,,1.555e-18,6.365e-21,,1.242e-15,1.414e-19,1.790e-29,9.246e-18,3.846e-19,1.308e-26,5.563e-20,1.938e-9,,6.044e-2,1.546e-18,3.337e-34,3.978e-1,,2.252e-25,4.777e-19,,,9.540e-3,4.876e-17,2.657e-19,6.003e-13,1.986e-19,4.369e-17,3.337e-18,5.154e-17,1.291e+0,3.074e-17,1.649e-1,2.190e-8,1.412e+0,,4.583e-18,,,3.583e-2,,,4.904e-13,,,,7.103e-19,,,,,,3.215e-18,3.136e-16
613.6,3.412e+0,1.233e-20,2.192e-10,2.568e-43,3.692e-5,,,1.555e-18,6.366e-21,,1.241e-15,1.418e-19,1.789e-29,9.245e-18,3.832e-19,2.182e-26,5.567e-20,1.527e-9,,4.904e-2,1.546e-18,5.856e-34,3.432e-1,,2.253e-25,4.775e-19,,,8.664e-3,4.879e-17,2.658e-19,7.458e-13,1.986e-19,2.614e-17,3.399e-18,5.157e-17,1.250e+0,3.077e-17,1.725e-1,1.442e-8,1.558e+0,,4.595e-18,,,3.006e-2,,,8.012e-13,,,,7.099e-19,,,,,,3.212e-18,3.136e-16
613.62,3.447e+0,1.233e-20,2.559e-10,2.566e-43,4.433e-5,,,1.555e-18,6.368e-21,,1.241e-15,1.421e-19,1.788e-29,9.245e-18,3.822e-19,3.061e-26,5.570e-20,1.300e-9,,4.256e-2,1.547e-18,8.499e-34,3.103e-1,,2.254e-25,4.774e-19,,,8.109e-3,4.881e-17,2.658e-19,8.598e-13,1.986e-19,1.851e-17,3.441e-18,5.159e-17,1.221e+0,3.078e-17,1.778e-1,1.089e-8,1.661e+0,,4.604e-18,,,2.667e-2,,,1.109e-12,,,,7.096e-19,,,,,,3.210e-18,3.136e-16
613.65,3.514e+0,1.234e-20,3.215e-10,2.564e-43,5.812e-5,,,1.555e-18,6.369e-21,,1.241e-15,1.425e-19,1.787e-29,9.245e-18,3.808e-19,5.068e-26,5.574e-20,1.016e-9,,3.427e-2,1.547e-18,1.480e-33,2.657e-1,,2.255e-25,4.773e-19,,,7.321e-3,4.883e-17,2.659e-19,1.060e-12,1.986e-19,1.098e-17,3.503e-18,5.161e-17,1.176e+0,3.081e-17,1.859e-1,7.118e-9,1.823e+0,,4.616e-18,,,2.222e-2,,,1.798e-12,,,,7.092e-19,,,,,,3.208e-18,3.137e-16
613.67,3.566e+0,1.234e-20,3.734e-10,2.562e-43,6.943e-5,,,1.555e-18,6.371e-21,,1.240e-15,1.428e-19,1.786e-29,9.245e-18,3.799e-19,7.076e-26,5.577e-20,8.604e-10,,2.958e-2,1.548e-18,2.138e-33,2.389e-1,,2.256e-25,4.771e-19,,,6.824e-3,4.885e-17,2.659e-19,1.217e-12,1.986e-19,7.738e-18,3.544e-18,5.163e-17,1.144e+0,3.083e-17,1.916e-1,5.348e-9,1.936e+0,,4.625e-18,,,1.962e-2,,,2.475e-12,,,,7.089e-19,,,,,,3.206e-18,3.137e-16
613.69,3.625e+0,1.234e-20,4.328e-10,2.560e-43,8.279e-5,,,1.555e-18,6.372e-21,,1.240e-15,1.431e-19,1.785e-29,9.245e-18,3.790e-19,9.859e-26,5.579e-20,7.270e-10,,2.549e-2,1.548e-18,3.081e-33,2.145e-1,,2.256e-25,4.770e-19,,,6.351e-3,4.887e-17,2.660e-19,1.393e-12,1.987e-19,5.440e-18,3.586e-18,5.165e-17,1.111e+0,3.085e-17,1.975e-1,4.009e-9,2.053e+0,,4.633e-18,,,1.729e-2,,,3.401e-12,,,,7.087e-19,,,,,,3.204e-18,3.137e-16
613.72,3.726e+0,1.234e-20,5.380e-10,2.557e-43,1.074e-4,,,1.555e-18,6.374e-21,,1.240e-15,1.435e-19,1.784e-29,9.245e-18,3.776e-19,1.615e-25,5.583e-20,5.624e-10,,2.031e-2,1.548e-18,5.310e-33,1.817e-1,,2.257e-25,4.769e-19,,,5.685e-3,4.889e-17,2.661e-19,1.701e-12,1.987e-19,3.194e-18,3.648e-18,5.168e-17,1.060e+0,3.087e-17,2.066e-1,2.592e-9,2.237e+0,,4.646e-18,,,1.426e-2,,,5.457e-12,,,,7.083e-19,,,,,,3.201e-18,3.137e-16
613.74,3.800e+0,1.235e-20,6.204e-10,2.556e-43,1.274e-4,,,1.555e-18,6.375e-21,,1.239e-15,1.437e-19,1.783e-29,9.245e-18,3.766e-19,2.239e-25,5.586e-20,4.728e-10,,1.741e-2,1.549e-18,7.614e-33,1.622e-1,,2.258e-25,4.768e-19,,,5.270e-3,4.891e-17,2.661e-19,1.938e-12,1.987e-19,2.234e-18,3.689e-18,5.170e-17,1.025e+0,3.089e-17,2.130e-1,1.933e-9,2.365e+0,,4.654e-18,,,1.251e-2,,,7.460e-12,,,,7.080e-19,,,,,,3.199e-18,3.138e-16
613.77,3.923e+0,1.235e-20,7.654e-10,2.553e-43,1.640e-4,,,1.555e-18,6.377e-21,,1.239e-15,1.442e-19,1.782e-29,9.244e-18,3.752e-19,3.641e-25,5.590e-20,3.630e-10,,1.376e-2,1.549e-18,1.303e-32,1.364e-1,,2.259e-25,4.766e-19,,,4.688e-3,4.894e-17,2.662e-19,2.349e-12,1.987e-19,1.302e-18,3.751e-18,5.172e-17,9.716e-1,3.092e-17,2.231e-1,1.241e-9,2.563e+0,,4.667e-18,,,1.024e-2,,,1.188e-11,,,,7.076e-19,,,,,,3.196e-18,3.138e-16
613.79,4.013e+0,1.235e-20,8.783e-10,2.551e-43,1.936e-4,,,1.554e-18,6.378e-21,,1.239e-15,1.444e-19,1.782e-29,9.244e-18,3.743e-19,5.023e-25,5.593e-20,3.036e-10,,1.174e-2,1.550e-18,1.858e-32,1.212e-1,,2.260e-25,4.765e-19,,,4.327e-3,4.895e-17,2.662e-19,2.664e-12,1.987e-19,9.057e-19,3.793e-18,5.174e-17,9.354e-1,3.093e-17,2.301e-1,9.206e-10,2.701e+0,,4.675e-18,,,8.936e-3,,,1.616e-11,,,,7.073e-19,,,,,,3.194e-18,3.138e-16
613.82,4.158e+0,1.236e-20,1.075e-9,2.549e-43,2.473e-4,,,1.554e-18,6.380e-21,,1.238e-15,1.448e-19,1.780e-29,9.244e-18,3.729e-19,8.106e-25,5.597e-20,2.313e-10,,9.211e-3,1.550e-18,3.155e-32,1.011e-1,,2.261e-25,4.764e-19,,,3.826e-3,4.898e-17,2.663e-19,3.205e-12,1.988e-19,5.237e-19,3.855e-18,5.177e-17,8.807e-1,3.096e-17,2.412e-1,5.862e-10,2.914e+0,,4.688e-18,,,7.261e-3,,,2.554e-11,,,,7.069e-19,,,,,,3.191e-18,3.139e-16
613.84,4.262e+0,1.236e-20,1.228e-9,2.547e-43,2.905e-4,,,1.554e-18,6.381e-21,,1.238e-15,1.451e-19,1.780e-29,9.244e-18,3.719e-19,1.113e-24,5.599e-20,1.924e-10,,7.817e-3,1.551e-18,4.479e-32,8.936e-2,,2.262e-25,4.762e-19,,,3.517e-3,4.900e-17,2.663e-19,3.617e-12,1.988e-19,3.625e-19,3.896e-18,5.179e-17,8.441e-1,3.098e-17,2.489e-1,4.328e-10,3.061e+0,,4.696e-18,,,6.307e-3,,,3.457e-11,,,,7.067e-19,,,,,,3.189e-18,3.139e-16
613.87,4.428e+0,1.236e-20,1.492e-9,2.544e-43,3.684e-4,,,1.554e-18,6.383e-21,,1.238e-15,1.455e-19,1.779e-29,9.244e-18,3.705e-19,1.782e-24,5.603e-20,1.455e-10,,6.091e-3,1.551e-18,7.548e-32,7.399e-2,,2.263e-25,4.761e-19,,,3.089e-3,4.902e-17,2.664e-19,4.322e-12,1.988e-19,2.080e-19,3.959e-18,5.181e-17,7.893e-1,3.101e-17,2.609e-1,2.735e-10,3.289e+0,,4.709e-18,,,5.086e-3,,,5.423e-11,,,,7.063e-19,,,,,,3.186e-18,3.139e-16
613.89,4.545e+0,1.236e-20,1.695e-9,2.542e-43,4.305e-4,,,1.554e-18,6.384e-21,,1.237e-15,1.458e-19,1.778e-29,9.244e-18,3.696e-19,2.434e-24,5.606e-20,1.204e-10,,5.146e-3,1.552e-18,1.066e-31,6.507e-2,,2.264e-25,4.760e-19,,,2.828e-3,4.904e-17,2.664e-19,4.854e-12,1.988e-19,1.433e-19,4.000e-18,5.183e-17,7.530e-1,3.102e-17,2.693e-1,2.008e-10,3.445e+0,,4.717e-18,,,4.396e-3,,,7.303e-11,,,,7.060e-19,,,,,,3.184e-18,3.139e-16
613.92,4.731e+0,1.237e-20,2.044e-9,2.540e-43,5.419e-4,,,1.554e-18,6.386e-21,,1.237e-15,1.462e-19,1.777e-29,9.243e-18,3.682e-19,3.869e-24,5.610e-20,9.037e-11,,3.985e-3,1.552e-18,1.783e-31,5.346e-2,,2.265e-25,4.758e-19,,,2.468e-3,4.907e-17,2.665e-19,5.758e-12,1.988e-19,8.157e-20,4.062e-18,5.186e-17,6.992e-1,3.105e-17,2.824e-1,1.259e-10,3.685e+0,,4.730e-18,,,3.519e-3,,,1.137e-10,,,,7.056e-19,,,,,,3.181e-18,3.140e-16
613.94,4.862e+0,1.237e-20,2.310e-9,2.538e-43,6.301e-4,,,1.554e-18,6.387e-21,,1.237e-15,1.465e-19,1.776e-29,9.243e-18,3.673e-19,5.257e-24,5.613e-20,7.443e-11,,3.355e-3,1.553e-18,2.506e-31,4.678e-2,,2.266e-25,4.757e-19,,,2.249e-3,4.909e-17,2.665e-19,6.437e-12,1.988e-19,5.589e-20,4.104e-18,5.188e-17,6.639e-1,3.107e-17,2.915e-1,9.202e-11,3.850e+0,,4.738e-18,,,3.027e-3,,,1.523e-10,,,,7.053e-19,,,,,,3.179e-18,3.140e-16
613.97,5.067e+0,1.237e-20,2.764e-9,2.535e-43,7.872e-4,,,1.554e-18,6.389e-21,,1.236e-15,1.469e-19,1.775e-29,9.243e-18,3.659e-19,8.294e-24,5.617e-20,5.542e-11,,2.588e-3,1.553e-18,4.159e-31,3.814e-2,,2.267e-25,4.756e-19,,,1.950e-3,4.911e-17,2.666e-19,7.582e-12,1.989e-19,3.158e-20,4.166e-18,5.190e-17,6.122e-1,3.109e-17,3.056e-1,5.726e-11,4.103e+0,,4.751e-18,,,2.405e-3,,,2.354e-10,,,,7.049e-19,,,,,,3.176e-18,3.140e-16
613.99,5.210e+0,1.237e-20,3.108e-9,2.534e-43,9.108e-4,,,1.554e-18,6.390e-21,,1.236e-15,1.472e-19,1.774e-29,9.243e-18,3.649e-19,1.121e-23,5.619e-20,4.541e-11,,2.177e-3,1.553e-18,5.817e-31,3.320e-2,,2.268e-25,4.755e-19,,,1.770e-3,4.913e-17,2.666e-19,8.436e-12,1.989e-19,2.152e-20,4.207e-18,5.192e-17,5.785e-1,3.111e-17,3.154e-1,4.163e-11,4.276e+0,,4.759e-18,,,2.058e-3,,,3.138e-10,,,,7.047e-19,,,,,,3.174e-18,3.141e-16
614.02,5.433e+0,1.238e-20,3.692e-9,2.531e-43,1.129e-3,,,1.554e-18,6.392e-21,,1.235e-15,1.476e-19,1.773e-29,9.243e-18,3.635e-19,1.756e-23,5.623e-20,3.356e-11,,1.685e-3,1.554e-18,9.582e-31,2.687e-2,,2.269e-25,4.753e-19,,,1.525e-3,4.915e-17,2.667e-19,9.867e-12,1.989e-19,1.207e-20,4.269e-18,5.195e-17,5.296e-1,3.114e-17,3.304e-1,2.570e-11,4.540e+0,,4.772e-18,,,1.623e-3,,,4.813e-10,,,,7.043e-19,,,,,,3.171e-18,3.141e-16
614.04,5.587e+0,1.238e-20,4.131e-9,2.529e-43,1.300e-3,,,1.554e-18,6.393e-21,,1.235e-15,1.479e-19,1.772e-29,9.243e-18,3.626e-19,2.362e-23,5.626e-20,2.736e-11,,1.426e-3,1.554e-18,1.333e-30,2.327e-2,,2.269e-25,4.752e-19,,,1.377e-3,4.917e-17,2.667e-19,1.093e-11,1.989e-19,8.184e-21,4.311e-18,5.196e-17,4.981e-1,3.116e-17,3.406e-1,1.859e-11,4.720e+0,,4.780e-18,,,1.382e-3,,,6.384e-10,,,,7.040e-19,,,,,,3.169e-18,3.141e-16
614.06,5.746e+0,1.238e-20,4.612e-9,2.527e-43,1.494e-3,,,1.554e-18,6.394e-21,,1.235e-15,1.482e-19,1.771e-29,9.242e-18,3.617e-19,3.171e-23,5.629e-20,2.226e-11,,1.214e-3,1.555e-18,1.851e-30,2.011e-2,,2.270e-25,4.751e-19,,,1.242e-3,4.919e-17,2.668e-19,1.208e-11,1.989e-19,5.539e-21,4.352e-18,5.198e-17,4.675e-1,3.117e-17,3.511e-1,1.342e-11,4.902e+0,,4.789e-18,,,1.175e-3,,,8.451e-10,,,,7.037e-19,,,,,,3.168e-18,3.141e-16
614.09,5.991e+0,1.239e-20,5.420e-9,2.525e-43,1.833e-3,,,1.554e-18,6.396e-21,,1.234e-15,1.486e-19,1.770e-29,9.242e-18,3.602e-19,4.913e-23,5.633e-20,1.627e-11,,9.739e-4,1.555e-18,3.018e-30,1.610e-2,,2.271e-25,4.749e-19,,,1.060e-3,4.922e-17,2.669e-19,1.399e-11,1.989e-19,3.072e-21,4.414e-18,5.201e-17,4.236e-1,3.120e-17,3.670e-1,8.197e-12,5.180e+0,,4.801e-18,,,9.166e-4,,,1.282e-9,,,,7.033e-19,,,,,,3.165e-18,3.142e-16
614.11,6.160e+0,1.239e-20,6.021e-9,2.523e-43,2.096e-3,,,1.554e-18,6.397e-21,,1.234e-15,2.231e-19,1.769e-29,9.242e-18,3.593e-19,6.562e-23,5.635e-20,1.317e-11,,8.578e-4,1.556e-18,4.170e-30,1.385e-2,,2.272e-25,4.748e-19,,,9.519e-4,4.923e-17,2.669e-19,1.539e-11,1.990e-19,2.068e-21,4.456e-18,5.203e-17,3.957e-1,3.122e-17,3.778e-1,5.886e-12,5.368e+0,,4.810e-18,,,7.750e-4,,,1.689e-9,,,,7.030e-19,,,,,,3.163e-18,3.142e-16
614.14,6.419e+0,1.239e-20,7.023e-9,2.520e-43,2.553e-3,,,1.554e-18,6.399e-21,,1.234e-15,4.090e-19,1.768e-29,9.242e-18,3.579e-19,1.009e-22,5.639e-20,9.553e-12,,7.420e-4,1.556e-18,6.747e-30,1.100e-2,,2.273e-25,4.747e-19,,,8.071e-4,4.926e-17,2.670e-19,1.771e-11,1.990e-19,1.138e-21,4.518e-18,5.205e-17,3.560e-1,3.124e-17,3.940e-1,3.568e-12,5.653e+0,,4.823e-18,,,6.003e-4,,,2.544e-9,,,,7.026e-19,,,,,,3.160e-18,3.142e-16
614.16,6.595e+0,1.239e-20,7.763e-9,2.519e-43,2.904e-3,,,1.554e-18,6.400e-21,,1.233e-15,8.063e-19,1.767e-29,9.242e-18,3.570e-19,1.341e-22,5.642e-20,7.693e-12,,7.004e-4,1.557e-18,9.275e-30,9.411e-3,,2.274e-25,4.746e-19,,,7.213e-4,4.928e-17,2.670e-19,1.939e-11,1.990e-19,7.626e-22,4.559e-18,5.207e-17,3.309e-1,3.126e-17,4.049e-1,2.549e-12,5.845e+0,,4.831e-18,,,5.050e-4,,,3.334e-9,,,,7.024e-19,,,,,,3.158e-18,3.142e-16
614.19,6.865e+0,1.240e-20,8.986e-9,2.516e-43,3.511e-3,,,1.554e-18,6.402e-21,,1.233e-15,1.471e-18,1.766e-29,9.242e-18,3.556e-19,2.047e-22,5.646e-20,5.538e-12,,6.886e-4,1.557e-18,1.489e-29,7.419e-3,,2.275e-25,4.744e-19,,,6.075e-4,4.930e-17,2.671e-19,2.216e-11,1.990e-19,4.165e-22,4.621e-18,5.210e-17,2.954e-1,3.129e-17,4.211e-1,1.533e-12,6.136e+0,,4.844e-18,,,3.882e-4,,,4.984e-9,,,,7.020e-19,,,,,,3.155e-18,3.143e-16
614.21,7.048e+0,1.240e-20,9.882e-9,2.514e-43,3.975e-3,,,1.553e-18,6.403e-21,,1.233e-15,2.190e-18,1.766e-29,9.241e-18,3.546e-19,2.707e-22,5.649e-20,4.437e-12,,7.144e-4,1.557e-18,2.037e-29,6.315e-3,,2.276e-25,4.743e-19,,,5.405e-4,4.932e-17,2.671e-19,2.416e-11,1.990e-19,2.776e-22,4.663e-18,5.212e-17,2.733e-1,3.131e-17,4.318e-1,1.090e-12,6.331e+0,,4.852e-18,,,3.250e-4,,,6.499e-9,,,,7.017e-19,,,,,,3.153e-18,3.143e-16
614.24,7.325e+0,1.240e-20,1.135e-8,2.512e-43,4.770e-3,,,1.553e-18,6.405e-21,,1.232e-15,3.965e-18,1.764e-29,9.241e-18,3.532e-19,4.101e-22,5.653e-20,3.170e-12,,8.057e-4,1.558e-18,3.247e-29,4.941e-3,,2.277e-25,4.741e-19,,,4.521e-4,4.935e-17,2.672e-19,2.741e-11,1.990e-19,1.504e-22,4.725e-18,5.214e-17,2.422e-1,3.133e-17,4.476e-1,6.505e-13,6.624e+0,,4.865e-18,,,2.479e-4,,,9.642e-9,,,,7.013e-19,,,,,,3.150e-18,3.143e-16
614.26,7.512e+0,1.240e-20,1.242e-8,2.510e-43,5.374e-3,,,1.553e-18,6.406e-21,,1.232e-15,5.875e-18,1.764e-29,9.241e-18,3.523e-19,5.396e-22,5.655e-20,2.527e-12,,9.047e-4,1.558e-18,4.419e-29,4.185e-3,,2.278e-25,4.740e-19,,,4.004e-4,4.936e-17,2.672e-19,2.975e-11,1.991e-19,9.974e-23,4.766e-18,5.216e-17,2.229e-1,3.135e-17,4.579e-1,4.600e-13,6.820e+0,,4.873e-18,,,2.065e-4,,,1.251e-8,,,,7.010e-19,,,,,,3.148e-18,3.144e-16
614.29,7.792e+0,1.241e-20,1.416e-8,2.507e-43,6.402e-3,,,1.553e-18,6.408e-21,,1.231e-15,1.087e-17,1.763e-29,9.241e-18,3.509e-19,8.113e-22,5.659e-20,1.792e-12,,1.118e-3,1.559e-18,6.990e-29,3.249e-3,,2.279e-25,4.739e-19,,,3.326e-4,4.939e-17,2.673e-19,3.353e-11,1.991e-19,9.999e-23,4.828e-18,5.219e-17,1.961e-1,3.138e-17,4.729e-1,2.725e-13,7.112e+0,,4.886e-18,,,1.564e-4,,,1.842e-8,,,,7.006e-19,,,,,,3.145e-18,3.144e-16
614.31,7.979e+0,1.241e-20,1.542e-8,2.505e-43,7.177e-3,,,1.553e-18,6.409e-21,,1.231e-15,1.604e-17,1.762e-29,9.241e-18,3.500e-19,1.062e-21,5.662e-20,1.421e-12,,1.310e-3,1.559e-18,9.465e-29,2.738e-3,,2.280e-25,4.738e-19,,,2.932e-4,4.941e-17,2.673e-19,3.624e-11,1.991e-19,1.002e-22,4.870e-18,5.221e-17,1.796e-1,3.139e-17,4.824e-1,1.917e-13,7.305e+0,,4.894e-18,,,1.296e-4,,,2.378e-8,,,,7.004e-19,,,,,,3.143e-18,3.144e-16
614.34,8.257e+0,1.241e-20,1.745e-8,2.503e-43,8.488e-3,,,1.553e-18,6.411e-21,,1.231e-15,2.863e-17,1.761e-29,9.241e-18,3.486e-19,1.585e-21,5.666e-20,9.996e-13,,1.687e-3,1.560e-18,1.486e-28,2.109e-3,,2.281e-25,4.736e-19,,,2.419e-4,4.943e-17,2.674e-19,4.057e-11,1.991e-19,1.004e-22,4.932e-18,5.223e-17,1.568e-1,3.142e-17,4.961e-1,1.127e-13,7.592e+0,,4.907e-18,,,9.736e-5,,,3.475e-8,,,,7.000e-19,,,,,,3.140e-18,3.144e-16
614.36,8.441e+0,1.242e-20,1.890e-8,2.501e-43,9.469e-3,,,1.553e-18,6.412e-21,,1.230e-15,4.202e-17,1.760e-29,9.241e-18,3.476e-19,2.064e-21,5.669e-20,7.887e-13,,2.009e-3,1.560e-18,2.002e-28,1.768e-3,,2.281e-25,4.735e-19,,,2.123e-4,4.945e-17,2.674e-19,4.365e-11,1.991e-19,1.006e-22,4.973e-18,5.225e-17,1.429e-1,3.144e-17,5.046e-1,7.887e-14,7.780e+0,,7.351e-18,,,8.027e-5,,,4.463e-8,,,,6.997e-19,,,,,,3.138e-18,3.145e-16
614.39,8.712e+0,1.242e-20,2.122e-8,2.498e-43,1.112e-2,,,1.553e-18,6.414e-21,,1.230e-15,7.445e-17,1.759e-29,9.240e-18,3.462e-19,3.057e-21,5.673e-20,5.506e-13,,2.620e-3,1.561e-18,3.120e-28,1.352e-3,,2.283e-25,4.733e-19,,,1.739e-4,4.948e-17,2.675e-19,4.856e-11,1.991e-19,1.008e-22,5.036e-18,5.228e-17,1.238e-1,3.147e-17,5.164e-1,4.601e-14,8.056e+0,,1.343e-17,,,5.986e-5,,,6.473e-8,,,,6.993e-19,,,,,,3.135e-18,3.145e-16
614.41,8.888e+0,1.242e-20,2.287e-8,2.497e-43,1.234e-2,,,1.553e-18,6.415e-21,,1.230e-15,1.087e-16,1.758e-29,9.240e-18,3.453e-19,3.962e-21,5.675e-20,4.323e-13,,3.129e-3,1.561e-18,4.182e-28,1.128e-3,,2.283e-25,4.732e-19,,,1.519e-4,4.949e-17,2.675e-19,5.201e-11,1.992e-19,1.010e-22,5.077e-18,5.230e-17,1.123e-1,3.148e-17,5.236e-1,3.204e-14,8.236e+0,,2.002e-17,,,4.911e-5,,,8.273e-8,,,,6.990e-19,,,,,,3.133e-18,3.145e-16
614.43,9.061e+0,1.242e-20,2.460e-8,2.495e-43,1.368e-2,,,1.553e-18,6.416e-21,,1.229e-15,1.585e-16,1.757e-29,9.240e-18,3.443e-19,5.125e-21,5.678e-20,3.386e-13,,3.736e-3,1.562e-18,5.596e-28,9.386e-4,,2.284e-25,4.731e-19,,,1.325e-4,4.951e-17,2.676e-19,5.562e-11,1.992e-19,1.011e-22,5.118e-18,5.231e-17,1.016e-1,3.150e-17,5.302e-1,2.226e-14,8.410e+0,,2.978e-17,,,4.020e-5,,,1.055e-7,,,,6.988e-19,,,,,,3.131e-18,3.145e-16
614.46,9.310e+0,1.243e-20,2.733e-8,2.492e-43,1.590e-2,,,1.553e-18,6.418e-21,,1.229e-15,2.779e-16,1.756e-29,9.240e-18,3.429e-19,7.510e-21,5.682e-20,2.339e-13,,4.866e-3,1.562e-18,8.628e-28,7.101e-4,,2.285e-25,4.730e-19,,,1.075e-4,4.954e-17,2.676e-19,6.131e-11,1.992e-19,1.014e-22,5.181e-18,5.234e-17,8.715e-2,3.153e-17,5.388e-1,1.285e-14,8.662e+0,,5.383e-17,,,2.966e-5,,,1.514e-7,,,,6.984e-19,,,,,,3.128e-18,3.146e-16
614.48,9.469e+0,1.243e-20,2.925e-8,2.490e-43,1.753e-2,,,1.553e-18,6.419e-21,,1.229e-15,4.031e-16,1.755e-29,9.240e-18,3.420e-19,9.665e-21,5.685e-20,1.823e-13,,5.793e-3,1.562e-18,1.149e-27,5.880e-4,,2.286e-25,4.729e-19,,,9.326e-5,4.955e-17,2.677e-19,6.529e-11,1.992e-19,1.016e-22,5.222e-18,5.236e-17,7.847e-2,3.154e-17,5.437e-1,8.882e-15,8.823e+0,,7.968e-17,,,2.416e-5,,,1.922e-7,,,,6.981e-19,,,,,,3.127e-18,3.146e-16
614.51,9.695e+0,1.243e-20,3.226e-8,2.488e-43,2.024e-2,,,1.553e-18,6.421e-21,,1.228e-15,7.014e-16,1.754e-29,9.240e-18,3.406e-19,1.406e-20,5.689e-20,1.250e-13,,7.503e-3,1.563e-18,1.758e-27,4.415e-4,,2.287e-25,4.727e-19,,,7.513e-5,4.958e-17,2.678e-19,7.151e-11,1.992e-19,1.018e-22,5.284e-18,5.239e-17,6.680e-2,3.157e-17,5.496e-1,5.086e-15,9.051e+0,,1.430e-16,,,1.769e-5,,,2.737e-7,,,,6.977e-19,,,,,,3.124e-18,3.146e-16
614.53,9.837e+0,1.243e-20,3.434e-8,2.486e-43,2.221e-2,,,1.553e-18,6.422e-21,,1.228e-15,1.012e-15,1.753e-29,9.239e-18,3.397e-19,1.800e-20,5.692e-20,9.690e-14,,8.894e-3,1.563e-18,2.328e-27,3.637e-4,,2.288e-25,4.726e-19,,,6.490e-5,4.960e-17,2.678e-19,7.582e-11,1.992e-19,1.020e-22,5.326e-18,5.240e-17,5.985e-2,3.159e-17,5.525e-1,3.498e-15,9.193e+0,,2.105e-16,,,1.434e-5,,,3.457e-7,,,,6.974e-19,,,,,,3.122e-18,3.147e-16
614.56,1.003e+1,1.244e-20,3.759e-8,2.483e-43,2.546e-2,,,1.553e-18,6.424e-21,,1.228e-15,1.749e-15,1.752e-29,9.239e-18,3.383e-19,2.599e-20,5.696e-20,6.592e-14,,1.144e-2,1.564e-18,3.536e-27,2.710e-4,,2.289e-25,4.724e-19,,,5.191e-5,4.962e-17,2.679e-19,8.253e-11,1.993e-19,1.022e-22,5.388e-18,5.243e-17,5.058e-2,3.162e-17,5.554e-1,1.988e-15,9.391e+0,,3.749e-16,,,1.042e-5,,,4.886e-7,,,,6.970e-19,,,,,,3.119e-18,3.147e-16
614.58,1.015e+1,1.244e-20,3.982e-8,2.482e-43,2.781e-2,,,1.553e-18,6.425e-21,,1.227e-15,2.511e-15,1.752e-29,9.239e-18,3.373e-19,3.311e-20,5.698e-20,5.085e-14,,1.350e-2,1.564e-18,4.660e-27,2.221e-4,,2.290e-25,4.723e-19,,,4.463e-5,4.964e-17,2.679e-19,8.714e-11,1.993e-19,1.024e-22,5.429e-18,5.245e-17,4.510e-2,3.163e-17,5.562e-1,1.360e-15,9.511e+0,,5.495e-16,,,8.401e-6,,,6.139e-7,,,,6.968e-19,,,,,,3.117e-18,3.147e-16
614.61,1.032e+1,1.244e-20,4.325e-8,2.479e-43,3.165e-2,,,1.553e-18,6.427e-21,,1.227e-15,4.306e-15,1.750e-29,9.239e-18,3.359e-19,4.743e-20,5.702e-20,3.433e-14,,1.724e-2,1.565e-18,7.025e-27,1.642e-4,,2.291e-25,4.722e-19,,,3.545e-5,4.967e-17,2.680e-19,9.426e-11,1.993e-19,1.026e-22,5.491e-18,5.248e-17,3.785e-2,3.166e-17,5.559e-1,7.672e-16,9.673e+0,,9.711e-16,,,6.059e-6,,,8.613e-7,,,,6.964e-19,,,,,,3.114e-18,3.148e-16
614.63,1.041e+1,1.245e-20,4.558e-8,2.477e-43,3.442e-2,,,1.553e-18,6.428e-21,,1.227e-15,6.153e-15,1.750e-29,9.239e-18,3.350e-19,6.013e-20,5.705e-20,2.635e-14,,2.024e-2,1.565e-18,9.212e-27,1.339e-4,,2.292e-25,4.721e-19,,,3.033e-5,4.968e-17,2.680e-19,9.912e-11,1.993e-19,1.028e-22,5.533e-18,5.249e-17,3.360e-2,3.168e-17,5.546e-1,5.223e-16,9.768e+0,,1.416e-15,,,4.860e-6,,,1.077e-6,,,,6.961e-19,,,,,,3.112e-18,3.148e-16
614.66,1.053e+1,1.245e-20,4.913e-8,2.474e-43,3.891e-2,,,1.552e-18,6.430e-21,,1.226e-15,1.047e-14,1.748e-29,9.239e-18,3.336e-19,8.550e-20,5.709e-20,1.765e-14,,2.566e-2,1.566e-18,1.378e-26,9.827e-5,,2.293e-25,4.719e-19,,,2.392e-5,4.971e-17,2.681e-19,1.066e-10,1.993e-19,1.030e-22,5.595e-18,5.252e-17,2.803e-2,3.170e-17,5.510e-1,2.923e-16,9.890e+0,,2.484e-15,,,3.479e-6,,,1.499e-6,,,,6.957e-19,,,,,,3.109e-18,3.148e-16
614.68,1.060e+1,1.245e-20,5.153e-8,2.473e-43,4.212e-2,,,1.552e-18,6.431e-21,,1.226e-15,1.489e-14,1.748e-29,9.238e-18,3.326e-19,1.078e-19,5.712e-20,1.348e-14,,2.998e-2,1.566e-18,1.798e-26,7.974e-5,,2.293e-25,4.718e-19,,,2.037e-5,4.973e-17,2.681e-19,1.116e-10,1.993e-19,1.032e-22,5.636e-18,5.254e-17,2.479e-2,3.172e-17,5.475e-1,1.980e-16,9.958e+0,,3.604e-15,,,2.776e-6,,,1.865e-6,,,,6.954e-19,,,,,,3.107e-18,3.148e-16
614.71,1.068e+1,1.246e-20,5.512e-8,2.470e-43,4.729e-2,,,1.552e-18,6.433e-21,,1.225e-15,2.515e-14,1.747e-29,9.238e-18,3.312e-19,1.522e-19,5.716e-20,8.960e-15,,3.771e-2,1.567e-18,2.670e-26,5.806e-5,,2.295e-25,4.717e-19,,,1.595e-5,4.975e-17,2.682e-19,1.193e-10,1.994e-19,1.034e-22,5.698e-18,5.257e-17,2.058e-2,3.175e-17,5.406e-1,1.099e-16,1.004e+1,,6.275e-15,,,1.972e-6,,,2.577e-6,,,,6.950e-19,,,,,,3.104e-18,3.149e-16
614.73,1.072e+1,1.246e-20,5.751e-8,2.468e-43,5.098e-2,,,1.552e-18,6.434e-21,,1.225e-15,3.559e-14,1.746e-29,9.238e-18,3.303e-19,1.910e-19,5.718e-20,6.808e-15,,4.384e-2,1.567e-18,3.466e-26,4.687e-5,,2.295e-25,4.715e-19,,,1.352e-5,4.977e-17,2.682e-19,1.244e-10,1.994e-19,1.036e-22,5.740e-18,5.258e-17,1.816e-2,3.177e-17,5.349e-1,7.408e-17,1.008e+1,,9.059e-15,,,1.566e-6,,,3.190e-6,,,,6.948e-19,,,,,,3.102e-18,3.149e-16
614.76,1.076e+1,1.246e-20,6.107e-8,2.466e-43,5.685e-2,,,1.552e-18,6.436e-21,,1.225e-15,5.968e-14,1.745e-29,9.238e-18,3.289e-19,2.675e-19,5.722e-20,4.491e-15,,5.475e-2,1.568e-18,5.108e-26,3.387e-5,,2.296e-25,4.714e-19,,,1.051e-5,4.980e-17,2.683e-19,1.321e-10,1.994e-19,1.039e-22,5.802e-18,5.261e-17,1.505e-2,3.179e-17,5.249e-1,4.082e-17,1.011e+1,,1.566e-14,,,1.104e-6,,,4.375e-6,,,,6.944e-19,,,,,,3.099e-18,3.149e-16
614.78,1.078e+1,1.246e-20,6.339e-8,2.464e-43,6.101e-2,,,1.552e-18,6.437e-21,,1.224e-15,8.402e-14,1.744e-29,9.238e-18,3.280e-19,3.341e-19,5.725e-20,3.395e-15,,6.334e-2,1.568e-18,6.599e-26,2.720e-5,,2.297e-25,4.713e-19,,,8.865e-6,4.981e-17,2.683e-19,1.373e-10,1.994e-19,1.040e-22,5.843e-18,5.263e-17,1.330e-2,3.181e-17,5.173e-1,2.737e-17,1.012e+1,,2.249e-14,,,8.721e-7,,,5.387e-6,,,,6.941e-19,,,,,,3.097e-18,3.149e-16
614.81,1.078e+1,1.247e-20,6.680e-8,2.461e-43,6.761e-2,,,1.552e-18,6.439e-21,,1.224e-15,1.398e-13,1.743e-29,9.238e-18,3.266e-19,4.644e-19,5.729e-20,2.222e-15,,7.850e-2,1.569e-18,9.652e-26,1.950e-5,,2.298e-25,4.711e-19,,,6.843e-6,4.984e-17,2.684e-19,1.450e-10,1.994e-19,1.043e-22,5.905e-18,5.266e-17,1.109e-2,3.184e-17,5.044e-1,1.496e-17,1.012e+1,,3.857e-14,,,6.101e-7,,,7.334e-6,,,,6.937e-19,,,,,,3.094e-18,3.150e-16
614.83,1.077e+1,1.247e-20,6.899e-8,2.459e-43,7.225e-2,,,1.552e-18,6.440e-21,,1.224e-15,1.959e-13,1.742e-29,9.238e-18,3.256e-19,5.770e-19,5.732e-20,1.671e-15,,9.036e-2,1.569e-18,1.241e-25,1.559e-5,,2.299e-25,4.710e-19,,,5.744e-6,4.986e-17,2.684e-19,1.500e-10,1.995e-19,1.044e-22,5.947e-18,5.267e-17,9.869e-3,3.185e-17,4.949e-1,9.981e-18,1.010e+1,,5.513e-14,,,4.795e-7,,,8.985e-6,,,,6.934e-19,,,,,,3.092e-18,3.150e-16
614.85,1.075e+1,1.247e-20,7.112e-8,2.458e-43,7.708e-2,,,1.552e-18,6.441e-21,,1.223e-15,2.739e-13,1.741e-29,9.237e-18,3.247e-19,7.155e-19,5.734e-20,1.254e-15,,1.038e-1,1.569e-18,1.591e-25,1.243e-5,,2.300e-25,4.709e-19,,,4.813e-6,4.988e-17,2.685e-19,1.550e-10,1.995e-19,1.046e-22,5.988e-18,5.269e-17,8.837e-3,3.187e-17,4.848e-1,6.644e-18,1.007e+1,,7.864e-14,,,3.762e-7,,,1.099e-5,,,,6.932e-19,,,,,,3.090e-18,3.150e-16
614.88,1.070e+1,1.247e-20,7.415e-8,2.455e-43,8.467e-2,,,1.552e-18,6.443e-21,,1.223e-15,4.512e-13,1.740e-29,9.237e-18,3.233e-19,9.842e-19,5.738e-20,8.124e-16,,1.273e-1,1.570e-18,2.303e-25,8.818e-6,,2.301e-25,4.708e-19,,,3.678e-6,4.990e-17,2.686e-19,1.624e-10,1.995e-19,1.048e-22,6.050e-18,5.272e-17,7.611e-3,3.190e-17,4.684e-1,3.594e-18,1.002e+1,,1.335e-13,,,2.603e-7,,,1.480e-5,,,,6.928e-19,,,,,,3.087e-18,3.151e-16
614.9,1.067e+1,1.248e-20,7.605e-8,2.453e-43,8.996e-2,,,1.552e-18,6.444e-21,,1.223e-15,6.278e-13,1.739e-29,9.237e-18,3.224e-19,1.214e-18,5.741e-20,6.066e-16,,1.455e-1,1.570e-18,2.939e-25,6.996e-6,,2.302e-25,4.706e-19,,,3.067e-6,4.992e-17,2.686e-19,1.671e-10,1.995e-19,1.050e-22,6.092e-18,5.274e-17,6.994e-3,3.192e-17,4.569e-1,3.597e-18,9.970e+0,,1.894e-13,,,2.032e-7,,,1.800e-5,,,,6.925e-19,,,,,,3.086e-18,3.151e-16
614.93,1.061e+1,1.248e-20,7.869e-8,2.451e-43,9.823e-2,,,1.552e-18,6.446e-21,,1.222e-15,1.026e-12,1.738e-29,9.237e-18,3.210e-19,1.658e-18,5.745e-20,3.899e-16,,1.771e-1,1.571e-18,4.222e-25,4.926e-6,,2.303e-25,4.705e-19,,,2.326e-6,4.994e-17,2.687e-19,1.741e-10,1.995e-19,1.053e-22,6.154e-18,5.276e-17,6.347e-3,3.194e-17,4.386e-1,3.602e-18,9.887e+0,,3.191e-13,,,1.395e-7,,,2.407e-5,,,,6.921e-19,,,,,,3.083e-18,3.151e-16
614.95,1.056e+1,1.248e-20,8.029e-8,2.449e-43,1.040e-1,,,1.552e-18,6.447e-21,,1.222e-15,1.421e-12,1.737e-29,9.237e-18,3.200e-19,2.035e-18,5.748e-20,2.897e-16,,2.015e-1,1.571e-18,5.362e-25,3.888e-6,,2.304e-25,4.704e-19,,,1.930e-6,4.996e-17,2.687e-19,1.785e-10,1.995e-19,1.054e-22,6.195e-18,5.278e-17,6.094e-3,3.196e-17,4.259e-1,3.605e-18,9.825e+0,,4.507e-13,,,1.084e-7,,,2.914e-5,,,,6.918e-19,,,,,,3.081e-18,3.151e-16
614.98,1.050e+1,1.249e-20,8.245e-8,2.446e-43,1.128e-1,,,1.552e-18,6.449e-21,,1.222e-15,2.306e-12,1.736e-29,9.237e-18,3.186e-19,2.757e-18,5.752e-20,1.848e-16,,2.434e-1,1.572e-18,7.644e-25,2.716e-6,,2.305e-25,4.702e-19,,,1.454e-6,4.999e-17,2.688e-19,1.848e-10,1.996e-19,1.057e-22,6.257e-18,5.281e-17,5.973e-3,3.199e-17,4.061e-1,3.610e-18,9.727e+0,,7.535e-13,,,7.386e-8,,,3.866e-5,,,,6.914e-19,,,,,,3.078e-18,3.152e-16
615,1.045e+1,1.249e-20,8.371e-8,2.444e-43,1.190e-1,,,1.552e-18,6.450e-21,,1.221e-15,3.177e-12,1.736e-29,9.236e-18,3.177e-19,3.368e-18,5.754e-20,1.365e-16,,2.755e-1,1.572e-18,9.659e-25,2.133e-6,,2.305e-25,4.701e-19,,,1.201e-6,5.001e-17,2.688e-19,1.888e-10,1.996e-19,1.058e-22,6.299e-18,5.283e-17,6.065e-3,3.201e-17,3.926e-1,3.614e-18,9.660e+0,,1.059e-12,,,5.706e-8,,,4.657e-5,,,,6.912e-19,,,,,,3.076e-18,3.152e-16
615.03,1.040e+1,1.249e-20,8.532e-8,2.442e-43,1.284e-1,,,1.552e-18,6.452e-21,,1.221e-15,5.117e-12,1.734e-29,9.236e-18,3.163e-19,4.529e-18,5.758e-20,8.643e-17,,3.304e-1,1.573e-18,1.367e-24,1.479e-6,,2.307e-25,4.700e-19,,,8.977e-7,5.003e-17,2.689e-19,1.943e-10,1.996e-19,1.061e-22,6.361e-18,5.285e-17,6.467e-3,3.203e-17,3.719e-1,3.618e-18,9.559e+0,,1.757e-12,,,3.859e-8,,,6.132e-5,,,,6.908e-19,,,,,,3.073e-18,3.152e-16
615.05,1.037e+1,1.249e-20,8.618e-8,2.440e-43,1.349e-1,,,1.552e-18,6.453e-21,,1.221e-15,7.015e-12,1.734e-29,9.236e-18,3.153e-19,5.504e-18,5.761e-20,6.355e-17,,3.721e-1,1.573e-18,1.718e-24,1.156e-6,,2.307e-25,4.699e-19,,,7.377e-7,5.005e-17,2.689e-19,1.977e-10,1.996e-19,1.062e-22,6.402e-18,5.287e-17,6.917e-3,3.205e-17,3.579e-1,3.622e-18,9.495e+0,,2.457e-12,,,2.966e-8,,,7.349e-5,,,,6.905e-19,,,,,,3.071e-18,3.152e-16
615.08,1.034e+1,1.250e-20,8.717e-8,2.437e-43,1.449e-1,,,1.551e-18,6.455e-21,,1.220e-15,1.122e-11,1.733e-29,9.236e-18,3.139e-19,7.346e-18,5.765e-20,3.992e-17,,4.429e-1,1.573e-18,2.413e-24,7.953e-7,,2.308e-25,4.697e-19,,,5.476e-7,5.008e-17,2.690e-19,2.024e-10,1.996e-19,1.065e-22,6.465e-18,5.290e-17,7.883e-3,3.208e-17,3.368e-1,3.626e-18,9.409e+0,,4.046e-12,,,1.991e-8,,,9.605e-5,,,,6.901e-19,,,,,,3.068e-18,3.153e-16
615.1,1.034e+1,1.250e-20,8.761e-8,2.436e-43,1.516e-1,,,1.551e-18,6.456e-21,,1.220e-15,1.530e-11,1.732e-29,9.236e-18,3.130e-19,8.883e-18,5.768e-20,2.921e-17,,4.963e-1,1.574e-18,3.019e-24,6.183e-7,,2.309e-25,4.696e-19,,,4.478e-7,5.009e-17,2.690e-19,2.052e-10,1.996e-19,1.067e-22,6.506e-18,5.292e-17,8.736e-3,3.209e-17,3.227e-1,3.630e-18,9.359e+0,,5.629e-12,,,1.523e-8,,,1.145e-4,,,,6.898e-19,,,,,,3.066e-18,3.153e-16
615.13,1.036e+1,1.250e-20,8.794e-8,2.433e-43,1.620e-1,,,1.551e-18,6.458e-21,,1.219e-15,2.428e-11,1.731e-29,9.236e-18,3.116e-19,1.177e-17,5.772e-20,1.821e-17,,5.864e-1,1.574e-18,4.207e-24,4.222e-7,,2.310e-25,4.694e-19,,,3.300e-7,5.012e-17,2.691e-19,2.089e-10,1.997e-19,1.069e-22,1.194e-17,5.294e-17,1.036e-2,3.212e-17,3.015e-1,3.635e-18,9.303e+0,,9.202e-12,,,1.014e-8,,,1.486e-4,,,,6.894e-19,,,,,,3.063e-18,3.153e-16
615.15,1.040e+1,1.250e-20,8.794e-8,2.431e-43,1.690e-1,,,1.551e-18,6.459e-21,,1.219e-15,3.296e-11,1.730e-29,9.235e-18,3.107e-19,1.416e-17,5.774e-20,1.325e-17,,6.538e-1,1.575e-18,5.237e-24,3.265e-7,,2.311e-25,4.693e-19,,,2.685e-7,5.014e-17,2.691e-19,2.110e-10,1.997e-19,1.071e-22,1.785e-17,5.296e-17,1.169e-2,3.214e-17,2.876e-1,3.638e-18,9.279e+0,,1.274e-11,,,7.717e-9,,,1.763e-4,,,,6.892e-19,,,,,,3.061e-18,3.154e-16
615.18,1.050e+1,1.251e-20,8.761e-8,2.429e-43,1.796e-1,,,1.551e-18,6.461e-21,,1.219e-15,5.192e-11,1.729e-29,9.235e-18,3.093e-19,1.861e-17,5.778e-20,8.197e-18,,7.669e-1,1.575e-18,7.245e-24,2.213e-7,,2.312e-25,4.692e-19,,,1.964e-7,5.016e-17,2.692e-19,2.136e-10,1.997e-19,1.073e-22,3.251e-17,5.299e-17,1.412e-2,3.216e-17,2.669e-1,3.643e-18,9.270e+0,,2.067e-11,,,5.102e-9,,,2.269e-4,,,,6.888e-19,,,,,,3.058e-18,3.154e-16
615.2,1.059e+1,1.251e-20,8.717e-8,2.427e-43,1.868e-1,,,1.551e-18,6.462e-21,,1.218e-15,7.013e-11,1.728e-29,9.235e-18,3.083e-19,2.228e-17,5.781e-20,5.936e-18,,8.508e-1,1.576e-18,8.972e-24,1.703e-7,,2.313e-25,4.691e-19,,,1.591e-7,5.018e-17,2.692e-19,2.150e-10,1.997e-19,1.075e-22,4.836e-17,5.301e-17,1.605e-2,3.218e-17,2.534e-1,3.646e-18,9.284e+0,,2.847e-11,,,3.862e-9,,,2.679e-4,,,,6.885e-19,,,,,,3.056e-18,3.154e-16
615.22,1.071e+1,1.251e-20,8.655e-8,2.425e-43,1.941e-1,,,1.551e-18,6.463e-21,,1.218e-15,9.453e-11,1.727e-29,9.235e-18,3.074e-19,2.662e-17,5.784e-20,4.290e-18,,9.420e-1,1.576e-18,1.109e-23,1.308e-7,,2.314e-25,4.690e-19,,,1.286e-7,5.020e-17,2.693e-19,2.160e-10,1.997e-19,1.076e-22,7.180e-17,5.302e-17,1.826e-2,3.220e-17,2.401e-1,3.649e-18,9.316e+0,,3.913e-11,,,2.917e-9,,,3.156e-4,,,,6.882e-19,,,,,,3.054e-18,3.154e-16
615.25,1.094e+1,1.252e-20,8.532e-8,2.422e-43,2.050e-1,,,1.551e-18,6.465e-21,,1.218e-15,1.474e-10,1.726e-29,9.235e-18,3.060e-19,3.463e-17,5.788e-20,2.625e-18,,1.093e+0,1.577e-18,1.518e-23,8.766e-8,,2.315e-25,4.688e-19,,,9.310e-8,5.022e-17,2.694e-19,2.170e-10,1.997e-19,1.079e-22,1.294e-16,5.305e-17,2.215e-2,3.223e-17,2.207e-1,3.654e-18,9.401e+0,,6.283e-11,,,1.908e-9,,,4.020e-4,,,,6.878e-19,,,,,,3.051e-18,3.155e-16
615.27,1.114e+1,1.252e-20,8.429e-8,2.421e-43,2.123e-1,,,1.551e-18,6.466e-21,,1.217e-15,1.977e-10,1.725e-29,9.235e-18,3.050e-19,4.117e-17,5.790e-20,1.887e-18,,1.205e+0,1.577e-18,1.867e-23,6.697e-8,,2.316e-25,4.687e-19,,,7.488e-8,5.024e-17,2.694e-19,2.173e-10,1.998e-19,1.081e-22,1.912e-16,5.307e-17,2.518e-2,3.224e-17,2.081e-1,3.657e-18,9.485e+0,,8.593e-11,,,1.434e-9,,,4.712e-4,,,,6.876e-19,,,,,,3.049e-18,3.155e-16
615.3,1.149e+1,1.252e-20,8.245e-8,2.418e-43,2.233e-1,,,1.551e-18,6.468e-21,,1.217e-15,3.059e-10,1.724e-29,9.235e-18,3.036e-19,5.315e-17,5.794e-20,1.146e-18,,1.388e+0,1.578e-18,2.536e-23,4.456e-8,,2.317e-25,4.685e-19,,,5.382e-8,5.027e-17,2.695e-19,2.171e-10,1.998e-19,1.083e-22,3.419e-16,5.310e-17,3.046e-2,3.227e-17,1.900e-1,3.662e-18,9.655e+0,,1.369e-10,,,9.309e-10,,,5.958e-4,,,,6.872e-19,,,,,,3.046e-18,3.155e-16
615.32,1.176e+1,1.252e-20,8.105e-8,2.416e-43,2.307e-1,,,1.551e-18,6.469e-21,,1.217e-15,4.083e-10,1.723e-29,9.234e-18,3.027e-19,6.286e-17,5.797e-20,8.200e-19,,1.522e+0,1.578e-18,3.103e-23,3.387e-8,,2.317e-25,4.684e-19,,,4.308e-8,5.028e-17,2.695e-19,2.166e-10,1.998e-19,1.085e-22,5.026e-16,5.311e-17,3.452e-2,3.229e-17,1.784e-1,3.665e-18,9.799e+0,,1.864e-10,,,6.962e-10,,,6.948e-4,,,,6.869e-19,,,,,,3.045e-18,3.156e-16
615.35,1.225e+1,1.253e-20,7.869e-8,2.414e-43,2.416e-1,,,1.551e-18,6.471e-21,,1.216e-15,6.273e-10,1.722e-29,9.234e-18,3.013e-19,8.056e-17,5.801e-20,4.942e-19,,1.740e+0,1.578e-18,4.184e-23,2.236e-8,,2.319e-25,4.683e-19,,,3.073e-8,5.031e-17,2.696e-19,2.153e-10,1.998e-19,1.087e-22,8.924e-16,5.314e-17,4.153e-2,3.231e-17,1.617e-1,3.670e-18,1.006e+1,,2.948e-10,,,4.488e-10,,,8.719e-4,,,,6.865e-19,,,,,,3.042e-18,3.156e-16
615.37,1.262e+1,1.253e-20,7.696e-8,2.412e-43,2.489e-1,,,1.551e-18,6.472e-21,,1.216e-15,8.331e-10,1.721e-29,9.234e-18,3.004e-19,9.480e-17,5.804e-20,3.517e-19,,1.899e+0,1.579e-18,5.094e-23,1.691e-8,,2.319e-25,4.682e-19,,,2.448e-8,5.033e-17,2.696e-19,2.140e-10,1.998e-19,1.089e-22,1.305e-15,5.316e-17,4.687e-2,3.233e-17,1.511e-1,3.673e-18,1.028e+1,,3.991e-10,,,3.342e-10,,,1.012e-3,,,,6.862e-19,,,,,,3.040e-18,3.156e-16
615.4,1.325e+1,1.253e-20,7.415e-8,2.409e-43,2.597e-1,,,1.551e-18,6.474e-21,,1.216e-15,1.270e-9,1.720e-29,9.234e-18,2.990e-19,1.206e-16,5.808e-20,2.103e-19,,2.156e+0,1.579e-18,6.818e-23,1.108e-8,,2.320e-25,4.680e-19,,,1.734e-8,5.035e-17,2.697e-19,2.116e-10,1.998e-19,1.091e-22,2.300e-15,5.319e-17,5.601e-2,3.236e-17,1.360e-1,3.678e-18,1.064e+1,,6.266e-10,,,2.144e-10,,,1.260e-3,,,,6.858e-19,,,,,,3.037e-18,3.156e-16
615.42,1.372e+1,1.254e-20,7.215e-8,2.407e-43,2.669e-1,,,1.551e-18,6.475e-21,,1.215e-15,1.679e-9,1.720e-29,9.234e-18,2.980e-19,1.412e-16,5.810e-20,1.489e-19,,2.340e+0,1.580e-18,8.259e-23,8.338e-9,,2.321e-25,4.679e-19,,,1.374e-8,5.037e-17,2.697e-19,2.097e-10,1.999e-19,1.093e-22,3.348e-15,5.320e-17,6.292e-2,3.238e-17,1.264e-1,3.681e-18,1.093e+1,,8.442e-10,,,1.594e-10,,,1.455e-3,,,,6.855e-19,,,,,,3.035e-18,3.157e-16
615.45,1.451e+1,1.254e-20,6.899e-8,2.405e-43,2.775e-1,,,1.551e-18,6.477e-21,,1.215e-15,2.541e-9,1.718e-29,9.234e-18,2.966e-19,1.782e-16,5.814e-20,8.840e-20,,2.638e+0,1.580e-18,1.097e-22,5.422e-9,,2.322e-25,4.677e-19,,,9.661e-9,5.040e-17,2.698e-19,2.063e-10,1.999e-19,1.095e-22,5.855e-15,5.323e-17,7.465e-2,3.240e-17,1.130e-1,3.686e-18,1.140e+1,,1.315e-9,,,1.029e-10,,,1.798e-3,,,,6.851e-19,,,,,,3.032e-18,3.157e-16
615.47,1.508e+1,1.254e-20,6.680e-8,2.403e-43,2.844e-1,,,1.551e-18,6.478e-21,,1.214e-15,3.342e-9,1.718e-29,9.233e-18,2.957e-19,2.076e-16,5.817e-20,6.227e-20,,2.850e+0,1.581e-18,1.322e-22,4.059e-9,,2.323e-25,4.676e-19,,,7.619e-9,5.041e-17,2.698e-19,2.038e-10,1.999e-19,1.097e-22,8.479e-15,5.325e-17,8.346e-2,3.242e-17,1.046e-1,3.689e-18,1.175e+1,,1.763e-9,,,7.758e-11,,,2.066e-3,,,,6.849e-19,,,,,,3.030e-18,3.157e-16
615.5,1.601e+1,1.254e-20,6.339e-8,2.400e-43,2.946e-1,,,1.550e-18,6.480e-21,,1.214e-15,5.021e-9,1.717e-29,9.233e-18,2.943e-19,2.601e-16,5.821e-20,3.668e-20,,3.188e+0,1.581e-18,1.743e-22,2.619e-9,,2.324e-25,4.675e-19,,,5.317e-9,5.044e-17,2.699e-19,1.996e-10,1.999e-19,1.100e-22,1.472e-14,5.328e-17,9.830e-2,3.245e-17,9.282e-2,3.694e-18,1.233e+1,,2.727e-9,,,5.278e-11,,,2.535e-3,,,,6.845e-19,,,,,,3.027e-18,3.158e-16
615.52,1.668e+1,1.255e-20,6.107e-8,2.399e-43,3.013e-1,,,1.550e-18,6.481e-21,,1.214e-15,6.571e-9,1.716e-29,9.233e-18,2.933e-19,3.015e-16,5.824e-20,2.571e-20,,3.428e+0,1.582e-18,2.090e-22,1.951e-9,,2.325e-25,4.674e-19,,,4.173e-9,5.046e-17,2.699e-19,1.965e-10,1.999e-19,1.101e-22,2.121e-14,5.329e-17,1.094e-1,3.247e-17,8.551e-2,3.698e-18,1.275e+1,,3.638e-9,,,4.287e-11,,,2.897e-3,,,,6.842e-19,,,,,,3.025e-18,3.158e-16
615.55,1.775e+1,1.255e-20,5.751e-8,2.396e-43,3.110e-1,,,1.550e-18,6.483e-21,,1.213e-15,9.800e-9,1.715e-29,9.233e-18,2.919e-19,3.749e-16,5.828e-20,1.503e-20,,3.807e+0,1.582e-18,2.735e-22,1.249e-9,,2.326e-25,4.672e-19,,,2.891e-9,5.048e-17,2.700e-19,1.917e-10,2.000e-19,1.104e-22,3.655e-14,5.332e-17,1.278e-1,3.249e-17,7.534e-2,3.702e-18,1.342e+1,,5.584e-9,,,3.575e-11,,,3.527e-3,,,,6.838e-19,,,,,,3.022e-18,3.158e-16
615.57,1.851e+1,1.255e-20,5.512e-8,2.394e-43,3.173e-1,,,1.550e-18,6.484e-21,,1.213e-15,1.276e-8,1.714e-29,9.233e-18,2.910e-19,4.324e-16,5.830e-20,1.048e-20,,4.074e+0,1.582e-18,3.264e-22,9.257e-10,,2.327e-25,4.671e-19,,,2.258e-9,5.050e-17,2.700e-19,1.884e-10,2.000e-19,1.105e-22,5.240e-14,5.334e-17,1.415e-1,3.251e-17,6.907e-2,3.706e-18,1.390e+1,,7.411e-9,,,3.556e-11,,,4.012e-3,,,,6.835e-19,,,,,,3.020e-18,3.158e-16
615.59,1.930e+1,1.255e-20,5.272e-8,2.392e-43,3.234e-1,,,1.550e-18,6.485e-21,,1.213e-15,1.658e-8,1.713e-29,9.233e-18,2.901e-19,4.978e-16,5.833e-20,7.291e-21,,4.350e+0,1.583e-18,3.887e-22,6.845e-10,,2.328e-25,4.670e-19,,,1.760e-9,5.052e-17,2.701e-19,1.849e-10,2.000e-19,1.107e-22,7.497e-14,5.336e-17,1.563e-1,3.253e-17,6.321e-2,3.709e-18,1.440e+1,,9.817e-9,,,3.898e-11,,,4.554e-3,,,,6.833e-19,,,,,,3.018e-18,3.159e-16
615.62,2.054e+1,1.256e-20,4.913e-8,2.390e-43,3.322e-1,,,1.550e-18,6.487e-21,,1.212e-15,2.448e-8,1.712e-29,9.232e-18,2.887e-19,6.124e-16,5.837e-20,4.216e-21,,4.783e+0,1.583e-18,5.032e-22,4.337e-10,,2.329e-25,4.668e-19,,,1.206e-9,5.054e-17,2.701e-19,1.795e-10,2.000e-19,1.109e-22,1.278e-13,5.338e-17,1.809e-1,3.255e-17,5.514e-2,3.714e-18,1.518e+1,,1.491e-8,,,5.178e-11,,,5.486e-3,,,,6.829e-19,,,,,,3.015e-18,3.159e-16
615.64,2.140e+1,1.256e-20,4.676e-8,2.388e-43,3.377e-1,,,1.550e-18,6.488e-21,,1.212e-15,3.166e-8,1.711e-29,9.232e-18,2.877e-19,7.014e-16,5.840e-20,2.919e-21,,5.084e+0,1.584e-18,5.962e-22,3.191e-10,,2.329e-25,4.667e-19,,,9.356e-10,5.056e-17,2.702e-19,1.759e-10,2.000e-19,1.111e-22,1.820e-13,5.340e-17,1.988e-1,3.257e-17,5.021e-2,3.717e-18,1.572e+1,,1.965e-8,,,6.662e-11,,,6.196e-3,,,,6.826e-19,,,,,,3.013e-18,3.159e-16
615.67,2.273e+1,1.256e-20,4.325e-8,2.385e-43,3.456e-1,,,1.550e-18,6.490e-21,,1.212e-15,4.638e-8,1.710e-29,9.232e-18,2.863e-19,8.565e-16,5.844e-20,1.675e-21,,5.550e+0,1.584e-18,7.661e-22,2.006e-10,,2.331e-25,4.666e-19,,,6.367e-10,5.059e-17,2.703e-19,1.705e-10,2.000e-19,1.114e-22,3.081e-13,5.343e-17,2.282e-1,3.260e-17,4.349e-2,3.722e-18,1.655e+1,,2.963e-8,,,1.019e-10,,,7.409e-3,,,,6.822e-19,,,,,,3.010e-18,3.160e-16
615.69,2.364e+1,1.257e-20,4.095e-8,2.384e-43,3.506e-1,,,1.550e-18,6.491e-21,,1.211e-15,5.969e-8,1.709e-29,9.232e-18,2.854e-19,9.761e-16,5.846e-20,1.154e-21,,5.870e+0,1.585e-18,9.033e-22,1.469e-10,,2.331e-25,4.665e-19,,,4.913e-10,5.061e-17,2.703e-19,1.670e-10,2.000e-19,1.115e-22,4.364e-13,5.345e-17,2.496e-1,3.262e-17,3.942e-2,3.725e-18,1.712e+1,,3.885e-8,,,1.373e-10,,,8.325e-3,,,,6.819e-19,,,,,,3.008e-18,3.160e-16
615.72,2.503e+1,1.257e-20,3.759e-8,2.381e-43,3.574e-1,,,1.550e-18,6.493e-21,,1.211e-15,8.681e-8,1.708e-29,9.232e-18,2.840e-19,1.183e-15,5.850e-20,6.570e-22,,6.363e+0,1.585e-18,1.152e-21,9.162e-11,,2.332e-25,4.663e-19,,,3.319e-10,5.063e-17,2.704e-19,1.617e-10,2.001e-19,1.118e-22,7.331e-13,5.347e-17,2.845e-1,3.264e-17,3.389e-2,3.730e-18,1.798e+1,,5.813e-8,,,2.165e-10,,,9.880e-3,,,,6.815e-19,,,,,,3.005e-18,3.160e-16
615.74,2.597e+1,1.257e-20,3.541e-8,2.379e-43,3.616e-1,,,1.550e-18,6.494e-21,,1.211e-15,1.112e-7,1.707e-29,9.232e-18,2.831e-19,1.341e-15,5.853e-20,4.502e-22,,6.699e+0,1.586e-18,1.351e-21,6.673e-11,,2.333e-25,4.662e-19,,,2.549e-10,5.065e-17,2.704e-19,1.584e-10,2.001e-19,1.119e-22,1.033e-12,5.349e-17,3.095e-1,3.266e-17,3.057e-2,3.733e-18,1.855e+1,,7.586e-8,,,2.936e-10,,,1.105e-2,,,,6.813e-19,,,,,,3.004e-18,3.160e-16
615.77,2.738e+1,1.257e-20,3.226e-8,2.377e-43,3.672e-1,,,1.550e-18,6.496e-21,,1.210e-15,1.605e-7,1.706e-29,9.232e-18,2.817e-19,1.613e-15,5.857e-20,2.544e-22,,7.211e+0,1.586e-18,1.710e-21,4.132e-11,,2.334e-25,4.661e-19,,,1.709e-10,5.067e-17,2.705e-19,1.536e-10,2.001e-19,1.122e-22,1.723e-12,5.352e-17,3.501e-1,3.269e-17,2.609e-2,3.738e-18,1.941e+1,,1.127e-7,,,4.632e-10,,,1.301e-2,,,,6.809e-19,,,,,,3.001e-18,3.161e-16
615.79,2.831e+1,1.258e-20,3.023e-8,2.375e-43,3.705e-1,,,1.550e-18,6.497e-21,,1.210e-15,2.045e-7,1.705e-29,9.231e-18,2.807e-19,1.820e-15,5.860e-20,1.735e-22,,7.556e+0,1.587e-18,1.996e-21,2.994e-11,,2.335e-25,4.659e-19,,,1.306e-10,5.069e-17,2.705e-19,1.506e-10,2.001e-19,1.123e-22,2.416e-12,5.354e-17,3.790e-1,3.270e-17,2.342e-2,3.741e-18,1.997e+1,,1.463e-7,,,6.265e-10,,,1.447e-2,,,,6.806e-19,,,,,,2.999e-18,3.161e-16
615.82,2.970e+1,1.258e-20,2.733e-8,2.372e-43,3.747e-1,,,1.550e-18,6.499e-21,,1.209e-15,2.930e-7,1.704e-29,9.231e-18,2.793e-19,2.173e-15,5.864e-20,9.729e-23,,8.077e+0,1.587e-18,2.508e-21,1.840e-11,,2.336e-25,4.658e-19,,,8.690e-11,5.072e-17,2.706e-19,1.465e-10,2.001e-19,1.126e-22,3.999e-12,5.356e-17,4.254e-1,3.273e-17,1.985e-2,3.746e-18,2.079e+1,,2.156e-7,,,9.826e-10,,,1.692e-2,,,,6.802e-19,,,,,,2.996e-18,3.161e-16
615.84,3.061e+1,1.258e-20,2.549e-8,2.370e-43,3.770e-1,,,1.550e-18,6.500e-21,,1.209e-15,3.716e-7,1.704e-29,9.231e-18,2.784e-19,2.439e-15,5.866e-20,6.599e-23,,8.425e+0,1.587e-18,2.913e-21,1.326e-11,,2.337e-25,4.657e-19,,,6.608e-11,5.074e-17,2.706e-19,1.441e-10,2.002e-19,1.128e-22,5.581e-12,5.358e-17,4.583e-1,3.275e-17,1.773e-2,3.749e-18,2.132e+1,,2.785e-7,,,1.323e-9,,,1.873e-2,,,,6.799e-19,,,,,,2.994e-18,3.161e-16
615.87,3.194e+1,1.259e-20,2.287e-8,2.368e-43,3.797e-1,,,1.550e-18,6.502e-21,,1.209e-15,5.286e-7,1.702e-29,9.231e-18,2.770e-19,2.890e-15,5.870e-20,3.673e-23,,8.944e+0,1.588e-18,3.632e-21,8.087e-12,,2.338e-25,4.655e-19,,,4.365e-11,5.076e-17,2.707e-19,1.410e-10,2.002e-19,1.130e-22,9.167e-12,5.361e-17,5.106e-1,3.278e-17,1.492e-2,3.754e-18,2.207e+1,,4.075e-7,,,2.060e-9,,,2.173e-2,,,,6.795e-19,,,,,,2.991e-18,3.162e-16
615.89,3.279e+1,1.259e-20,2.122e-8,2.366e-43,3.809e-1,,,1.550e-18,6.503e-21,,1.208e-15,6.669e-7,1.702e-29,9.231e-18,2.760e-19,3.228e-15,5.873e-20,2.479e-23,,9.287e+0,1.588e-18,4.197e-21,5.800e-12,,2.339e-25,4.654e-19,,,3.303e-11,5.078e-17,2.707e-19,1.393e-10,2.002e-19,1.132e-22,1.273e-11,5.363e-17,5.473e-1,3.279e-17,1.326e-2,3.757e-18,2.254e+1,,5.238e-7,,,2.761e-9,,,2.393e-2,,,,6.793e-19,,,,,,2.989e-18,3.162e-16
615.92,3.401e+1,1.259e-20,1.890e-8,2.363e-43,3.818e-1,,,1.550e-18,6.505e-21,,1.208e-15,9.418e-7,1.701e-29,9.231e-18,2.746e-19,3.796e-15,5.877e-20,1.369e-23,,9.793e+0,1.589e-18,5.193e-21,3.510e-12,,2.340e-25,4.653e-19,,,2.165e-11,5.080e-17,2.708e-19,1.375e-10,2.002e-19,1.134e-22,2.075e-11,5.365e-17,6.051e-1,3.282e-17,1.108e-2,3.762e-18,2.320e+1,,7.605e-7,,,4.267e-9,,,2.755e-2,,,,6.789e-19,,,,,,2.986e-18,3.162e-16
615.94,3.478e+1,1.259e-20,1.745e-8,2.362e-43,3.818e-1,,,1.549e-18,6.506e-21,,1.208e-15,1.182e-6,1.700e-29,9.230e-18,2.737e-19,4.218e-15,5.880e-20,9.191e-24,,1.012e+1,1.589e-18,5.971e-21,2.505e-12,,2.341e-25,4.652e-19,,,1.630e-11,5.082e-17,2.708e-19,1.367e-10,2.002e-19,1.136e-22,2.867e-11,5.367e-17,6.453e-1,3.284e-17,9.799e-3,3.765e-18,2.359e+1,,9.727e-7,,,5.689e-9,,,3.019e-2,,,,6.786e-19,,,,,,2.984e-18,3.163e-16
615.96,3.551e+1,1.260e-20,1.608e-8,2.360e-43,3.813e-1,,,1.549e-18,6.508e-21,,1.207e-15,1.482e-6,1.699e-29,9.230e-18,2.728e-19,4.678e-15,5.882e-20,6.158e-24,,1.045e+1,1.590e-18,6.852e-21,1.784e-12,,2.341e-25,4.650e-19,,,1.225e-11,5.084e-17,2.709e-19,1.362e-10,2.002e-19,1.137e-22,3.954e-11,5.369e-17,6.869e-1,3.285e-17,8.653e-3,3.769e-18,2.395e+1,,1.242e-6,,,7.571e-9,,,3.302e-2,,,,6.783e-19,,,,,,2.982e-18,3.163e-16
615.99,3.651e+1,1.260e-20,1.416e-8,2.357e-43,3.796e-1,,,1.549e-18,6.509e-21,,1.207e-15,2.071e-6,1.698e-29,9.230e-18,2.714e-19,5.444e-15,5.886e-20,3.365e-24,,1.091e+1,1.590e-18,8.390e-21,1.068e-12,,2.342e-25,4.649e-19,,,7.948e-12,5.087e-17,2.709e-19,1.364e-10,2.003e-19,1.140e-22,6.379e-11,5.372e-17,7.514e-1,3.288e-17,7.153e-3,3.773e-18,2.442e+1,,1.784e-6,,,1.158e-8,,,3.762e-2,,,,6.779e-19,,,,,,2.979e-18,3.163e-16
616.01,3.712e+1,1.260e-20,1.298e-8,2.355e-43,3.778e-1,,,1.549e-18,6.511e-21,,1.207e-15,2.582e-6,1.697e-29,9.230e-18,2.704e-19,6.007e-15,5.889e-20,2.243e-24,,1.121e+1,1.591e-18,9.579e-21,7.566e-13,,2.343e-25,4.648e-19,,,5.942e-12,5.088e-17,2.710e-19,1.370e-10,2.003e-19,1.142e-22,8.753e-11,5.373e-17,7.958e-1,3.290e-17,6.285e-3,3.777e-18,2.469e+1,,2.266e-6,,,1.533e-8,,,4.094e-2,,,,6.777e-19,,,,,,2.977e-18,3.163e-16
616.04,3.793e+1,1.260e-20,1.135e-8,2.353e-43,3.742e-1,,,1.549e-18,6.512e-21,,1.206e-15,3.582e-6,1.696e-29,9.230e-18,2.690e-19,6.937e-15,5.893e-20,1.216e-24,,1.164e+1,1.591e-18,1.164e-20,4.495e-13,,2.344e-25,4.646e-19,,,3.827e-12,5.091e-17,2.711e-19,1.388e-10,2.003e-19,1.144e-22,1.402e-10,5.376e-17,8.641e-1,3.293e-17,5.158e-3,3.782e-18,2.500e+1,,3.232e-6,,,2.327e-8,,,4.629e-2,,,,6.773e-19,,,,,,2.974e-18,3.164e-16
616.06,3.840e+1,1.261e-20,1.036e-8,2.351e-43,3.712e-1,,,1.549e-18,6.514e-21,,1.206e-15,4.445e-6,1.695e-29,9.230e-18,2.681e-19,7.617e-15,5.896e-20,1.212e-24,,1.191e+1,1.592e-18,1.322e-20,3.169e-13,,2.345e-25,4.645e-19,,,2.847e-12,5.093e-17,2.711e-19,1.405e-10,2.003e-19,1.146e-22,1.914e-10,5.378e-17,9.105e-1,3.294e-17,4.510e-3,3.785e-18,2.515e+1,,4.084e-6,,,3.066e-8,,,5.012e-2,,,,6.770e-19,,,,,,2.972e-18,3.164e-16
616.09,3.898e+1,1.261e-20,8.986e-9,2.348e-43,3.656e-1,,,1.549e-18,6.515e-21,,1.206e-15,6.121e-6,1.694e-29,9.229e-18,2.667e-19,8.730e-15,5.900e-20,1.204e-24,,1.228e+1,1.592e-18,1.595e-20,1.868e-13,,2.346e-25,4.644e-19,,,1.820e-12,5.095e-17,2.712e-19,1.441e-10,2.003e-19,1.148e-22,3.041e-10,5.380e-17,9.811e-1,3.297e-17,3.674e-3,3.790e-18,2.529e+1,,5.780e-6,,,4.620e-8,,,5.625e-2,,,,6.766e-19,,,,,,2.969e-18,3.164e-16
616.11,3.929e+1,1.261e-20,8.155e-9,2.347e-43,3.613e-1,,,1.549e-18,6.517e-21,,1.205e-15,7.558e-6,1.693e-29,9.229e-18,2.657e-19,9.538e-15,5.902e-20,1.200e-24,,1.252e+1,1.592e-18,1.803e-20,1.310e-13,,2.347e-25,4.643e-19,,,1.347e-12,5.097e-17,2.712e-19,1.470e-10,2.003e-19,1.150e-22,4.132e-10,5.382e-17,1.029e+0,3.299e-17,3.197e-3,3.793e-18,2.532e+1,,7.269e-6,,,6.057e-8,,,6.059e-2,,,,6.763e-19,,,,,,2.967e-18,3.164e-16
616.14,3.964e+1,1.262e-20,7.023e-9,2.344e-43,3.539e-1,,,1.549e-18,6.518e-21,,1.205e-15,1.033e-5,1.692e-29,9.229e-18,2.643e-19,1.085e-14,5.906e-20,1.192e-24,,1.283e+1,1.593e-18,2.159e-20,7.667e-14,,2.348e-25,4.641e-19,,,8.548e-13,5.100e-17,2.713e-19,1.524e-10,2.004e-19,1.152e-22,6.517e-10,5.385e-17,1.100e+0,3.301e-17,2.586e-3,3.798e-18,2.528e+1,,1.021e-5,,,9.057e-8,,,6.749e-2,,,,6.759e-19,,,,,,2.964e-18,3.165e-16
616.16,3.979e+1,1.262e-20,6.342e-9,2.342e-43,3.483e-1,,,1.549e-18,6.519e-21,,1.205e-15,1.270e-5,1.691e-29,9.229e-18,2.634e-19,1.179e-14,5.909e-20,1.188e-24,,1.302e+1,1.593e-18,2.428e-20,5.350e-14,,2.349e-25,4.640e-19,,,6.296e-13,5.101e-17,2.713e-19,1.565e-10,2.004e-19,1.154e-22,8.810e-10,5.387e-17,1.148e+0,3.303e-17,2.239e-3,3.801e-18,2.519e+1,,1.278e-5,,,1.181e-7,,,7.234e-2,,,,6.757e-19,,,,,,2.963e-18,3.165e-16
616.19,3.988e+1,1.262e-20,5.420e-9,2.340e-43,3.392e-1,,,1.549e-18,6.521e-21,,1.204e-15,1.723e-5,1.690e-29,9.229e-18,2.620e-19,1.332e-14,5.913e-20,1.180e-24,,1.328e+1,1.594e-18,2.884e-20,3.106e-14,,2.350e-25,4.638e-19,,,3.965e-13,5.104e-17,2.714e-19,1.637e-10,2.004e-19,1.156e-22,1.379e-9,5.389e-17,1.218e+0,3.306e-17,1.797e-3,3.806e-18,2.497e+1,,1.781e-5,,,1.754e-7,,,7.997e-2,,,,6.753e-19,,,,,,2.960e-18,3.165e-16
616.21,3.986e+1,1.262e-20,4.869e-9,2.338e-43,3.325e-1,,,1.549e-18,6.522e-21,,1.204e-15,2.106e-5,1.690e-29,9.229e-18,2.611e-19,1.440e-14,5.916e-20,1.176e-24,,1.342e+1,1.594e-18,3.228e-20,2.156e-14,,2.351e-25,4.637e-19,,,2.906e-13,5.106e-17,2.714e-19,1.690e-10,2.004e-19,1.158e-22,1.855e-9,5.391e-17,1.264e+0,3.308e-17,1.549e-3,3.809e-18,2.476e+1,,2.218e-5,,,2.276e-7,,,8.529e-2,,,,6.750e-19,,,,,,2.958e-18,3.166e-16
616.24,3.971e+1,1.263e-20,4.131e-9,2.335e-43,3.218e-1,,,1.549e-18,6.524e-21,,1.203e-15,2.837e-5,1.688e-29,9.229e-18,2.597e-19,1.614e-14,5.920e-20,1.168e-24,,1.360e+1,1.595e-18,3.806e-20,1.243e-14,,2.352e-25,4.636e-19,,,1.816e-13,5.108e-17,2.715e-19,1.779e-10,2.004e-19,1.161e-22,2.883e-9,5.394e-17,1.332e+0,3.310e-17,1.234e-3,3.814e-18,2.435e+1,,3.069e-5,,,3.353e-7,,,9.358e-2,,,,6.746e-19,,,,,,2.955e-18,3.166e-16
616.26,3.952e+1,1.263e-20,3.692e-9,2.333e-43,3.142e-1,,,1.549e-18,6.525e-21,,1.203e-15,3.452e-5,1.688e-29,9.228e-18,2.587e-19,1.737e-14,5.922e-20,1.164e-24,,1.370e+1,1.595e-18,4.238e-20,8.583e-15,,2.353e-25,4.635e-19,,,1.325e-13,5.110e-17,2.715e-19,1.844e-10,2.004e-19,1.162e-22,3.858e-9,5.396e-17,1.376e+0,3.312e-17,1.058e-3,3.817e-18,2.403e+1,,3.802e-5,,,4.330e-7,,,9.930e-2,,,,6.743e-19,,,,,,2.953e-18,3.166e-16
616.29,3.913e+1,1.263e-20,3.108e-9,2.331e-43,3.022e-1,,,1.549e-18,6.527e-21,,1.203e-15,4.616e-5,1.686e-29,9.228e-18,2.573e-19,1.931e-14,5.926e-20,1.156e-24,,1.381e+1,1.596e-18,4.960e-20,4.908e-15,,2.354e-25,4.633e-19,,,8.218e-14,5.113e-17,2.716e-19,1.949e-10,2.005e-19,1.165e-22,5.951e-9,5.398e-17,1.438e+0,3.315e-17,8.372e-4,3.822e-18,2.347e+1,,5.223e-5,,,6.332e-7,,,1.081e-1,,,,6.739e-19,,,,,,2.950e-18,3.167e-16
616.31,3.879e+1,1.264e-20,2.764e-9,2.329e-43,2.938e-1,,,1.549e-18,6.528e-21,,1.202e-15,5.589e-5,1.686e-29,9.228e-18,2.564e-19,2.068e-14,5.929e-20,1.152e-24,,1.387e+1,1.596e-18,5.495e-20,3.373e-15,,2.354e-25,4.632e-19,,,5.963e-14,5.114e-17,2.716e-19,2.024e-10,2.005e-19,1.166e-22,7.925e-9,5.400e-17,1.478e+0,3.316e-17,7.144e-4,3.825e-18,2.304e+1,,6.437e-5,,,8.136e-7,,,1.142e-1,,,,6.737e-19,,,,,,2.948e-18,3.167e-16
616.33,3.840e+1,1.264e-20,2.453e-9,2.327e-43,2.852e-1,,,1.549e-18,6.530e-21,,1.202e-15,6.753e-5,1.685e-29,9.228e-18,2.555e-19,2.210e-14,5.932e-20,1.147e-24,,1.390e+1,1.596e-18,6.075e-20,2.313e-15,,2.355e-25,4.631e-19,,,4.319e-14,5.116e-17,2.717e-19,2.103e-10,2.005e-19,1.168e-22,1.053e-8,5.402e-17,1.515e+0,3.318e-17,6.083e-4,3.828e-18,2.258e+1,,7.918e-5,,,1.043e-6,,,1.203e-1,,,,6.734e-19,,,,,,2.946e-18,3.167e-16
616.36,3.770e+1,1.264e-20,2.044e-9,2.325e-43,2.718e-1,,,1.549e-18,6.531e-21,,1.202e-15,8.938e-5,1.684e-29,9.228e-18,2.541e-19,2.432e-14,5.936e-20,1.140e-24,,1.391e+1,1.597e-18,7.036e-20,1.309e-15,,2.356e-25,4.629e-19,,,2.651e-14,5.119e-17,2.717e-19,2.227e-10,2.005e-19,1.170e-22,1.608e-8,5.405e-17,1.568e+0,3.321e-17,4.763e-4,3.833e-18,2.182e+1,,1.076e-4,,,1.510e-6,,,1.296e-1,,,,6.730e-19,,,,,,2.943e-18,3.167e-16
616.38,3.717e+1,1.264e-20,1.805e-9,2.323e-43,2.627e-1,,,1.548e-18,6.533e-21,,1.201e-15,1.075e-4,1.683e-29,9.228e-18,2.531e-19,2.586e-14,5.938e-20,1.135e-24,,1.390e+1,1.597e-18,7.740e-20,8.928e-16,,2.357e-25,4.628e-19,,,1.910e-14,5.120e-17,2.718e-19,2.314e-10,2.005e-19,1.172e-22,2.126e-8,5.407e-17,1.600e+0,3.323e-17,4.036e-4,3.836e-18,2.127e+1,,1.317e-4,,,1.927e-6,,,1.359e-1,,,,6.727e-19,,,,,,2.941e-18,3.168e-16
616.41,3.629e+1,1.265e-20,1.492e-9,2.320e-43,2.487e-1,,,1.548e-18,6.534e-21,,1.201e-15,1.412e-4,1.682e-29,9.227e-18,2.517e-19,2.824e-14,5.942e-20,1.128e-24,,1.385e+1,1.598e-18,8.897e-20,5.013e-16,,2.358e-25,4.627e-19,,,1.164e-14,5.123e-17,2.718e-19,2.449e-10,2.005e-19,1.175e-22,3.221e-8,5.409e-17,1.643e+0,3.325e-17,3.137e-4,3.841e-18,2.040e+1,,1.777e-4,,,2.767e-6,,,1.453e-1,,,,6.723e-19,,,,,,2.938e-18,3.168e-16
616.43,3.565e+1,1.265e-20,1.311e-9,2.318e-43,2.393e-1,,,1.548e-18,6.536e-21,,1.201e-15,1.690e-4,1.681e-29,9.227e-18,2.508e-19,2.987e-14,5.945e-20,1.123e-24,,1.379e+1,1.598e-18,9.739e-20,3.403e-16,,2.359e-25,4.626e-19,,,8.347e-15,5.125e-17,2.719e-19,2.542e-10,2.006e-19,1.176e-22,4.238e-8,5.411e-17,1.667e+0,3.327e-17,2.645e-4,3.845e-18,1.979e+1,,2.164e-4,,,3.513e-6,,,1.516e-1,,,,6.721e-19,,,,,,2.936e-18,3.168e-16
616.46,3.461e+1,1.265e-20,1.075e-9,2.316e-43,2.250e-1,,,1.548e-18,6.537e-21,,1.200e-15,2.203e-4,1.680e-29,9.227e-18,2.494e-19,3.238e-14,5.949e-20,1.116e-24,,1.368e+1,1.599e-18,1.111e-19,1.896e-16,,2.360e-25,4.624e-19,,,5.048e-15,5.127e-17,2.720e-19,2.684e-10,2.006e-19,1.179e-22,6.372e-8,5.414e-17,1.699e+0,3.330e-17,2.040e-4,3.849e-18,1.884e+1,,2.898e-4,,,5.007e-6,,,1.609e-1,,,,6.717e-19,,,,,,2.933e-18,3.168e-16
616.48,3.388e+1,1.265e-20,9.401e-10,2.314e-43,2.155e-1,,,1.548e-18,6.539e-21,,1.200e-15,2.624e-4,1.679e-29,9.227e-18,2.484e-19,3.409e-14,5.952e-20,1.111e-24,,1.359e+1,1.599e-18,1.210e-19,1.280e-16,,2.361e-25,4.623e-19,,,3.601e-15,5.129e-17,2.720e-19,2.780e-10,2.006e-19,1.180e-22,8.343e-8,5.415e-17,1.716e+0,3.332e-17,1.712e-4,3.853e-18,1.819e+1,,3.512e-4,,,6.326e-6,,,1.670e-1,,,,6.714e-19,,,,,,2.931e-18,3.169e-16
616.51,3.272e+1,1.266e-20,7.654e-10,2.311e-43,2.012e-1,,,1.548e-18,6.540e-21,,1.200e-15,3.397e-4,1.678e-29,9.227e-18,2.470e-19,3.667e-14,5.956e-20,1.104e-24,,1.342e+1,1.600e-18,1.370e-19,7.080e-17,,2.362e-25,4.621e-19,,,2.162e-15,5.132e-17,2.721e-19,2.926e-10,2.006e-19,1.183e-22,1.245e-7,5.418e-17,1.736e+0,3.334e-17,1.311e-4,3.857e-18,1.719e+1,,4.667e-4,,,8.950e-6,,,1.759e-1,,,,6.710e-19,,,,,,2.928e-18,3.169e-16
616.53,3.192e+1,1.266e-20,6.658e-10,2.310e-43,1.918e-1,,,1.548e-18,6.542e-21,,1.199e-15,4.025e-4,1.677e-29,9.227e-18,2.461e-19,3.841e-14,5.958e-20,1.099e-24,,1.329e+1,1.600e-18,1.485e-19,4.757e-17,,2.363e-25,4.620e-19,,,1.535e-15,5.133e-17,2.721e-19,3.023e-10,2.006e-19,1.184e-22,1.622e-7,5.420e-17,1.745e+0,3.336e-17,1.095e-4,3.861e-18,1.651e+1,,5.627e-4,,,1.125e-5,,,1.817e-1,,,,6.707e-19,,,,,,2.926e-18,3.169e-16
616.56,3.068e+1,1.266e-20,5.380e-10,2.307e-43,1.779e-1,,,1.548e-18,6.543e-21,,1.199e-15,5.173e-4,1.676e-29,9.226e-18,2.447e-19,4.101e-14,5.962e-20,1.092e-24,,1.308e+1,1.601e-18,1.668e-19,2.610e-17,,2.364e-25,4.619e-19,,,9.144e-16,5.136e-17,2.722e-19,3.167e-10,2.007e-19,1.187e-22,2.403e-7,5.423e-17,1.751e+0,3.339e-17,8.321e-5,3.866e-18,1.548e+1,,7.422e-4,,,1.580e-5,,,1.899e-1,,,,6.703e-19,,,,,,2.923e-18,3.170e-16
616.58,2.984e+1,1.267e-20,4.656e-10,2.305e-43,1.688e-1,,,1.548e-18,6.545e-21,,1.199e-15,6.099e-4,1.675e-29,9.226e-18,2.438e-19,4.274e-14,5.965e-20,1.087e-24,,1.292e+1,1.601e-18,1.799e-19,1.745e-17,,2.365e-25,4.618e-19,,,6.458e-16,5.138e-17,2.722e-19,3.262e-10,2.007e-19,1.189e-22,3.115e-7,5.424e-17,1.751e+0,3.340e-17,6.913e-5,3.869e-18,1.480e+1,,8.904e-4,,,1.976e-5,,,1.952e-1,,,,6.701e-19,,,,,,2.922e-18,3.170e-16
616.61,2.855e+1,1.267e-20,3.734e-10,2.302e-43,1.555e-1,,,1.548e-18,6.546e-21,,1.198e-15,7.781e-4,1.674e-29,9.226e-18,2.424e-19,4.529e-14,5.969e-20,1.080e-24,,1.267e+1,1.602e-18,2.006e-19,9.503e-18,,2.366e-25,4.616e-19,,,3.819e-16,5.140e-17,2.723e-19,3.401e-10,2.007e-19,1.191e-22,4.580e-7,5.427e-17,1.745e+0,3.343e-17,5.216e-5,3.874e-18,1.377e+1,,1.166e-3,,,2.754e-5,,,2.025e-1,,,,6.697e-19,,,,,,2.919e-18,3.170e-16
616.63,2.768e+1,1.267e-20,3.215e-10,2.301e-43,1.468e-1,,,1.548e-18,6.548e-21,,1.198e-15,9.130e-4,1.674e-29,9.226e-18,2.414e-19,4.696e-14,5.972e-20,1.075e-24,,1.249e+1,1.602e-18,2.153e-19,6.321e-18,,2.366e-25,4.615e-19,,,2.684e-16,5.142e-17,2.723e-19,3.491e-10,2.007e-19,1.193e-22,5.907e-7,5.429e-17,1.736e+0,3.345e-17,4.312e-5,3.877e-18,1.310e+1,,1.392e-3,,,3.428e-5,,,2.070e-1,,,,6.694e-19,,,,,,2.917e-18,3.170e-16
616.66,2.637e+1,1.267e-20,2.559e-10,2.298e-43,1.343e-1,,,1.548e-18,6.549e-21,,1.197e-15,1.156e-3,1.672e-29,9.226e-18,2.400e-19,4.939e-14,5.976e-20,1.068e-24,,1.220e+1,1.603e-18,2.383e-19,6.469e-18,,2.368e-25,4.614e-19,,,1.575e-16,5.145e-17,2.724e-19,3.620e-10,2.007e-19,1.195e-22,8.620e-7,5.432e-17,1.716e+0,3.347e-17,3.230e-5,3.882e-18,1.210e+1,,1.808e-3,,,4.742e-5,,,2.132e-1,,,,6.690e-19,,,,,,2.914e-18,3.171e-16
616.68,2.550e+1,1.268e-20,2.192e-10,2.296e-43,1.262e-1,,,1.548e-18,6.551e-21,,1.197e-15,1.350e-3,1.672e-29,9.226e-18,2.391e-19,5.095e-14,5.978e-20,1.063e-24,,1.200e+1,1.603e-18,2.544e-19,6.569e-18,,2.368e-25,4.612e-19,,,1.101e-16,5.146e-17,2.724e-19,3.702e-10,2.007e-19,1.197e-22,1.106e-6,5.433e-17,1.699e+0,3.349e-17,2.657e-5,3.885e-18,1.145e+1,,2.148e-3,,,5.872e-5,,,2.169e-1,,,,6.687e-19,,,,,,2.912e-18,3.171e-16
616.71,2.420e+1,1.268e-20,1.732e-10,2.294e-43,1.146e-1,,,1.548e-18,6.552e-21,,1.197e-15,1.697e-3,1.671e-29,9.226e-18,2.377e-19,5.319e-14,5.982e-20,1.056e-24,,1.169e+1,1.603e-18,2.795e-19,6.717e-18,,2.369e-25,4.611e-19,,,6.416e-17,5.149e-17,2.725e-19,3.817e-10,2.008e-19,1.199e-22,1.602e-6,5.436e-17,1.667e+0,3.352e-17,1.975e-5,3.890e-18,1.050e+1,,2.770e-3,,,8.062e-5,,,2.217e-1,,,,6.683e-19,,,,,,2.909e-18,3.171e-16
616.73,2.334e+1,1.268e-20,1.476e-10,2.292e-43,1.072e-1,,,1.548e-18,6.554e-21,,1.196e-15,1.972e-3,1.670e-29,9.225e-18,2.367e-19,5.460e-14,5.985e-20,1.051e-24,,1.147e+1,1.604e-18,2.968e-19,6.817e-18,,2.370e-25,4.610e-19,,,4.464e-17,5.151e-17,2.725e-19,3.888e-10,2.008e-19,1.201e-22,2.046e-6,5.438e-17,1.643e+0,3.354e-17,1.617e-5,3.893e-18,9.891e+0,,3.273e-3,,,9.934e-5,,,2.244e-1,,,,6.680e-19,,,,,,2.907e-18,3.171e-16
616.75,2.250e+1,1.268e-20,1.255e-10,2.290e-43,1.000e-1,,,1.548e-18,6.555e-21,,1.196e-15,2.287e-3,1.669e-29,9.225e-18,2.358e-19,5.593e-14,5.988e-20,1.046e-24,,1.125e+1,1.604e-18,3.146e-19,6.916e-18,,2.371e-25,4.609e-19,,,3.100e-17,5.153e-17,2.726e-19,3.953e-10,2.008e-19,1.203e-22,2.608e-6,5.440e-17,1.615e+0,3.355e-17,1.321e-5,3.896e-18,9.296e+0,,3.861e-3,,,1.222e-4,,,2.267e-1,,,,6.678e-19,,,,,,2.905e-18,3.172e-16
616.78,2.125e+1,1.269e-20,9.812e-11,2.287e-43,8.990e-2,,,1.548e-18,6.557e-21,,1.196e-15,2.846e-3,1.668e-29,9.225e-18,2.344e-19,5.778e-14,5.992e-20,1.039e-24,,1.091e+1,1.605e-18,3.420e-19,7.065e-18,,2.372e-25,4.607e-19,,,1.787e-17,5.155e-17,2.726e-19,4.041e-10,2.008e-19,1.205e-22,3.738e-6,5.442e-17,1.568e+0,3.358e-17,9.719e-6,3.901e-18,8.442e+0,,4.927e-3,,,1.660e-4,,,2.292e-1,,,,6.674e-19,,,,,,2.902e-18,3.172e-16
616.8,2.043e+1,1.269e-20,8.304e-11,2.286e-43,8.352e-2,,,1.547e-18,6.558e-21,,1.195e-15,3.284e-3,1.667e-29,9.225e-18,2.335e-19,5.889e-14,5.994e-20,1.034e-24,,1.068e+1,1.605e-18,3.607e-19,7.164e-18,,2.373e-25,4.606e-19,,,1.235e-17,5.157e-17,2.727e-19,4.093e-10,2.008e-19,1.207e-22,4.740e-6,5.444e-17,1.533e+0,3.360e-17,7.902e-6,3.904e-18,7.898e+0,,5.783e-3,,,2.031e-4,,,2.304e-1,,,,6.671e-19,,,,,,2.900e-18,3.172e-16
616.83,1.924e+1,1.269e-20,6.441e-11,2.283e-43,7.452e-2,,,1.547e-18,6.560e-21,,1.195e-15,4.057e-3,1.666e-29,9.225e-18,2.321e-19,6.037e-14,5.998e-20,1.027e-24,,1.033e+1,1.606e-18,3.892e-19,7.312e-18,,2.374e-25,4.605e-19,,,7.064e-18,5.160e-17,2.728e-19,4.158e-10,2.008e-19,1.209e-22,6.743e-6,5.447e-17,1.478e+0,3.362e-17,5.771e-6,3.909e-18,7.123e+0,,7.325e-3,,,2.739e-4,,,2.313e-1,,,,6.667e-19,,,,,,2.897e-18,3.173e-16
616.85,1.847e+1,1.270e-20,5.424e-11,2.281e-43,6.889e-2,,,1.547e-18,6.561e-21,,1.195e-15,4.659e-3,1.665e-29,9.225e-18,2.311e-19,6.123e-14,6.001e-20,1.022e-24,,1.009e+1,1.606e-18,4.084e-19,7.412e-18,,2.375e-25,4.603e-19,,,4.856e-18,5.161e-17,2.728e-19,4.193e-10,2.009e-19,1.211e-22,8.509e-6,5.449e-17,1.438e+0,3.364e-17,4.669e-6,3.912e-18,6.634e+0,,8.553e-3,,,3.335e-4,,,2.313e-1,,,,6.664e-19,,,,,,2.895e-18,3.173e-16
616.88,1.735e+1,1.270e-20,4.176e-11,2.279e-43,6.101e-2,,,1.547e-18,6.563e-21,,1.194e-15,5.713e-3,1.664e-29,9.224e-18,2.297e-19,6.230e-14,6.005e-20,1.015e-24,,9.721e+0,1.607e-18,4.374e-19,7.560e-18,,2.376e-25,4.602e-19,,,2.757e-18,5.164e-17,2.729e-19,4.233e-10,2.009e-19,1.213e-22,1.201e-5,5.451e-17,1.376e+0,3.367e-17,3.386e-6,3.917e-18,5.946e+0,,1.075e-2,,,4.463e-4,,,2.304e-1,,,,6.660e-19,,,,,,2.892e-18,3.173e-16
616.9,1.663e+1,1.270e-20,3.498e-11,2.277e-43,5.613e-2,,,1.547e-18,6.564e-21,,1.194e-15,6.530e-3,1.663e-29,9.224e-18,2.288e-19,6.287e-14,6.008e-20,1.010e-24,,9.475e+0,1.607e-18,4.567e-19,7.660e-18,,2.377e-25,4.601e-19,,,1.878e-18,5.166e-17,2.729e-19,4.251e-10,2.009e-19,1.215e-22,1.508e-5,5.453e-17,1.332e+0,3.369e-17,2.727e-6,3.920e-18,5.516e+0,,1.249e-2,,,5.407e-4,,,2.292e-1,,,,6.658e-19,,,,,,2.890e-18,3.173e-16
616.93,1.559e+1,1.270e-20,2.673e-11,2.274e-43,4.934e-2,,,1.547e-18,6.566e-21,,1.193e-15,7.948e-3,1.662e-29,9.224e-18,2.274e-19,6.348e-14,6.012e-20,1.003e-24,,9.104e+0,1.608e-18,4.854e-19,7.808e-18,,2.378e-25,4.599e-19,,,1.059e-18,5.168e-17,2.730e-19,4.264e-10,2.009e-19,1.217e-22,2.114e-5,5.456e-17,1.264e+0,3.371e-17,1.965e-6,3.925e-18,4.917e+0,,1.559e-2,,,7.183e-4,,,2.267e-1,,,,6.654e-19,,,,,,2.887e-18,3.174e-16
616.95,1.492e+1,1.271e-20,2.228e-11,2.273e-43,4.517e-2,,,1.547e-18,6.567e-21,,1.193e-15,9.040e-3,1.661e-29,9.224e-18,2.264e-19,6.374e-14,6.014e-20,9.985e-25,,8.855e+0,1.608e-18,5.043e-19,7.908e-18,,2.378e-25,4.598e-19,,,7.184e-19,5.170e-17,2.730e-19,4.263e-10,2.009e-19,1.219e-22,2.641e-5,5.458e-17,1.218e+0,3.373e-17,1.577e-6,3.929e-18,4.547e+0,,1.802e-2,,,8.659e-4,,,2.244e-1,,,,6.651e-19,,,,,,2.885e-18,3.174e-16
616.98,1.396e+1,1.271e-20,1.689e-11,2.270e-43,3.942e-2,,,1.547e-18,6.569e-21,,1.193e-15,1.092e-2,1.660e-29,9.224e-18,2.250e-19,6.388e-14,6.018e-20,9.913e-25,,8.480e+0,1.608e-18,5.320e-19,8.056e-18,,2.380e-25,4.597e-19,,,4.020e-19,5.173e-17,2.731e-19,4.249e-10,2.009e-19,1.221e-22,3.674e-5,5.460e-17,1.148e+0,3.376e-17,1.132e-6,3.933e-18,4.036e+0,,2.232e-2,,,1.142e-3,,,2.202e-1,,,,6.647e-19,,,,,,2.882e-18,3.174e-16
617,1.335e+1,1.271e-20,1.401e-11,2.268e-43,3.591e-2,,,1.547e-18,6.570e-21,,1.192e-15,1.236e-2,1.659e-29,9.224e-18,2.241e-19,6.382e-14,6.021e-20,9.865e-25,,8.230e+0,1.609e-18,5.499e-19,8.155e-18,,2.380e-25,4.596e-19,,,2.723e-19,5.174e-17,2.731e-19,4.231e-10,2.010e-19,1.223e-22,4.567e-5,5.462e-17,1.100e+0,3.378e-17,9.075e-7,3.937e-18,3.725e+0,,2.568e-2,,,1.369e-3,,,2.169e-1,,,,6.644e-19,,,,,,2.881e-18,3.175e-16
617.03,1.247e+1,1.272e-20,1.054e-11,2.265e-43,3.110e-2,,,1.547e-18,6.572e-21,,1.192e-15,1.483e-2,1.658e-29,9.223e-18,2.227e-19,6.348e-14,6.025e-20,9.793e-25,,7.854e+0,1.609e-18,5.758e-19,8.304e-18,,2.381e-25,4.594e-19,,,1.512e-19,5.177e-17,2.732e-19,4.190e-10,2.010e-19,1.226e-22,6.305e-5,5.465e-17,1.029e+0,3.380e-17,6.540e-7,3.941e-18,3.301e+0,,3.156e-2,,,1.792e-3,,,2.112e-1,,,,6.640e-19,,,,,,2.878e-18,3.175e-16
617.05,1.192e+1,1.272e-20,8.701e-12,2.264e-43,2.819e-2,,,1.547e-18,6.573e-21,,1.192e-15,1.670e-2,1.658e-29,9.223e-18,2.218e-19,6.310e-14,6.028e-20,9.745e-25,,7.604e+0,1.610e-18,5.922e-19,8.403e-18,,2.382e-25,4.593e-19,,,1.019e-19,5.179e-17,2.732e-19,4.154e-10,2.010e-19,1.227e-22,7.799e-5,5.467e-17,9.811e-1,3.382e-17,5.290e-7,3.945e-18,3.046e+0,,3.613e-2,,,2.139e-3,,,2.070e-1,,,,6.638e-19,,,,,,2.876e-18,3.175e-16
617.08,1.113e+1,1.272e-20,6.498e-12,2.261e-43,2.424e-2,,,1.547e-18,6.575e-21,,1.191e-15,1.989e-2,1.656e-29,9.223e-18,2.204e-19,6.230e-14,6.032e-20,9.673e-25,,7.230e+0,1.610e-18,6.154e-19,8.552e-18,,2.383e-25,4.591e-19,,,5.615e-20,5.181e-17,2.733e-19,4.089e-10,2.010e-19,1.230e-22,1.069e-4,5.469e-17,9.105e-1,3.385e-17,3.923e-7,3.950e-18,2.703e+0,,4.407e-2,,,2.778e-3,,,2.001e-1,,,,6.634e-19,,,,,,2.873e-18,3.175e-16
617.1,1.064e+1,1.272e-20,5.335e-12,2.259e-43,2.186e-2,,,1.547e-18,6.576e-21,,1.191e-15,2.229e-2,1.656e-29,9.223e-18,2.194e-19,6.161e-14,6.034e-20,9.626e-25,,6.982e+0,1.611e-18,6.297e-19,8.651e-18,,2.384e-25,4.590e-19,,,3.765e-20,5.183e-17,2.733e-19,4.038e-10,2.010e-19,1.231e-22,1.315e-4,5.471e-17,8.641e-1,3.386e-17,3.286e-7,3.953e-18,2.501e+0,,5.020e-2,,,3.299e-3,,,1.952e-1,,,,6.631e-19,,,,,,2.871e-18,3.176e-16
617.12,1.017e+1,1.273e-20,4.371e-12,2.258e-43,1.968e-2,,,1.547e-18,6.577e-21,,1.191e-15,2.494e-2,1.655e-29,9.223e-18,2.185e-19,6.081e-14,6.037e-20,9.578e-25,,6.735e+0,1.611e-18,6.432e-19,8.751e-18,,2.385e-25,4.589e-19,,,2.132e-20,5.185e-17,2.734e-19,3.981e-10,2.010e-19,1.233e-22,1.615e-4,5.473e-17,8.184e-1,3.388e-17,2.832e-7,3.956e-18,2.319e+0,,5.705e-2,,,3.910e-3,,,1.899e-1,,,,6.628e-19,,,,,,2.869e-18,3.176e-16
617.15,9.504e+0,1.273e-20,3.230e-12,2.255e-43,1.674e-2,,,1.547e-18,6.579e-21,,1.190e-15,2.939e-2,1.654e-29,9.223e-18,2.171e-19,5.941e-14,6.041e-20,9.506e-25,,6.367e+0,1.612e-18,6.613e-19,8.899e-18,,2.386e-25,4.588e-19,,,1.007e-20,5.187e-17,2.734e-19,3.886e-10,2.011e-19,1.235e-22,2.191e-4,5.476e-17,7.514e-1,3.391e-17,2.442e-7,3.961e-18,2.083e+0,,6.888e-2,,,5.026e-3,,,1.817e-1,,,,6.624e-19,,,,,,2.866e-18,3.176e-16
617.17,9.089e+0,1.273e-20,2.633e-12,2.253e-43,1.500e-2,,,1.547e-18,6.580e-21,,1.190e-15,3.272e-2,1.653e-29,9.223e-18,2.162e-19,5.834e-14,6.044e-20,9.458e-25,,6.125e+0,1.612e-18,6.720e-19,8.998e-18,,2.387e-25,4.587e-19,,,6.721e-21,5.189e-17,2.735e-19,3.816e-10,2.011e-19,1.237e-22,2.677e-4,5.477e-17,7.081e-1,3.393e-17,2.357e-7,3.964e-18,1.949e+0,,7.790e-2,,,5.927e-3,,,1.759e-1,,,,6.622e-19,,,,,,2.864e-18,3.176e-16
617.2,8.511e+0,1.274e-20,1.931e-12,2.250e-43,1.266e-2,,,1.547e-18,6.582e-21,,1.190e-15,3.829e-2,1.652e-29,9.222e-18,2.148e-19,5.657e-14,6.048e-20,9.386e-25,,5.765e+0,1.612e-18,6.858e-19,9.147e-18,,2.388e-25,4.585e-19,,,3.653e-21,5.192e-17,2.736e-19,3.704e-10,2.011e-19,1.240e-22,3.604e-4,5.480e-17,6.453e-1,3.395e-17,2.478e-7,3.969e-18,1.781e+0,,9.334e-2,,,7.562e-3,,,1.670e-1,,,,6.618e-19,,,,,,2.861e-18,3.177e-16
617.22,8.153e+0,1.274e-20,1.566e-12,2.249e-43,1.129e-2,,,1.547e-18,6.583e-21,,1.189e-15,4.241e-2,1.651e-29,9.222e-18,2.138e-19,5.528e-14,6.050e-20,9.338e-25,,5.529e+0,1.613e-18,6.935e-19,9.246e-18,,2.389e-25,4.584e-19,,,3.650e-21,5.193e-17,2.736e-19,3.625e-10,2.011e-19,1.241e-22,4.382e-4,5.482e-17,6.051e-1,3.397e-17,2.729e-7,3.972e-18,1.690e+0,,1.050e-1,,,8.873e-3,,,1.609e-1,,,,6.615e-19,,,,,,2.859e-18,3.177e-16
617.25,7.659e+0,1.274e-20,1.140e-12,2.246e-43,9.460e-3,,,1.546e-18,6.585e-21,,1.189e-15,4.927e-2,1.650e-29,9.222e-18,2.124e-19,5.319e-14,6.054e-20,9.266e-25,,5.180e+0,1.613e-18,7.024e-19,9.395e-18,,2.390e-25,4.582e-19,,,3.646e-21,5.196e-17,2.737e-19,3.501e-10,2.011e-19,1.244e-22,5.855e-4,5.485e-17,5.473e-1,3.400e-17,3.389e-7,3.977e-18,1.584e+0,,1.249e-1,,,1.124e-2,,,1.516e-1,,,,6.611e-19,,,,,,2.856e-18,3.177e-16
617.27,7.358e+0,1.274e-20,9.201e-13,2.244e-43,8.389e-3,,,1.546e-18,6.586e-21,,1.189e-15,5.431e-2,1.649e-29,9.222e-18,2.115e-19,5.172e-14,6.057e-20,9.219e-25,,4.952e+0,1.614e-18,7.066e-19,9.494e-18,,2.390e-25,4.581e-19,,,3.643e-21,5.198e-17,2.737e-19,3.415e-10,2.011e-19,1.245e-22,7.084e-4,5.486e-17,5.106e-1,3.401e-17,4.045e-7,3.980e-18,1.533e+0,,1.399e-1,,,1.312e-2,,,1.453e-1,,,,6.608e-19,,,,,,2.854e-18,3.178e-16
617.3,6.948e+0,1.275e-20,6.646e-13,2.242e-43,6.979e-3,,,1.546e-18,6.588e-21,,1.188e-15,6.263e-2,1.648e-29,9.222e-18,2.101e-19,4.939e-14,6.061e-20,9.147e-25,,4.617e+0,1.614e-18,7.104e-19,9.643e-18,,2.392e-25,4.580e-19,,,3.639e-21,5.200e-17,2.738e-19,3.283e-10,2.012e-19,1.248e-22,9.394e-4,5.489e-17,4.583e-1,3.404e-17,5.427e-7,3.985e-18,1.485e+0,,1.651e-1,,,1.649e-2,,,1.359e-1,,,,6.604e-19,,,,,,2.851e-18,3.178e-16
617.32,6.703e+0,1.275e-20,5.337e-13,2.240e-43,6.158e-3,,,1.546e-18,6.589e-21,,1.188e-15,6.871e-2,1.647e-29,9.222e-18,2.091e-19,4.778e-14,6.064e-20,9.099e-25,,4.399e+0,1.615e-18,7.111e-19,9.742e-18,,2.392e-25,4.579e-19,,,3.636e-21,5.202e-17,2.738e-19,3.194e-10,2.012e-19,1.249e-22,1.131e-3,5.491e-17,4.254e-1,3.406e-17,6.673e-7,3.988e-18,1.470e+0,,1.839e-1,,,1.915e-2,,,1.296e-1,,,,6.602e-19,,,,,,2.849e-18,3.178e-16
617.35,6.376e+0,1.275e-20,3.826e-13,2.237e-43,5.084e-3,,,1.546e-18,6.591e-21,,1.187e-15,7.865e-2,1.646e-29,9.221e-18,2.077e-19,4.529e-14,6.068e-20,9.027e-25,,4.080e+0,1.615e-18,7.095e-19,9.891e-18,,2.393e-25,4.577e-19,,,3.631e-21,5.205e-17,2.739e-19,3.059e-10,2.012e-19,1.252e-22,1.489e-3,5.494e-17,3.790e-1,3.409e-17,9.163e-7,3.993e-18,1.473e+0,,2.155e-1,,,2.389e-2,,,1.203e-1,,,,6.598e-19,,,,,,2.846e-18,3.179e-16
617.37,6.186e+0,1.275e-20,3.056e-13,2.235e-43,4.464e-3,,,1.546e-18,6.592e-21,,1.187e-15,8.587e-2,1.645e-29,9.221e-18,2.068e-19,4.359e-14,6.070e-20,8.979e-25,,3.873e+0,1.616e-18,7.066e-19,9.990e-18,,2.394e-25,4.576e-19,,,3.629e-21,5.206e-17,2.739e-19,2.969e-10,2.012e-19,1.254e-22,1.783e-3,5.495e-17,3.501e-1,3.410e-17,1.134e-6,3.996e-18,1.491e+0,,2.389e-1,,,2.762e-2,,,1.142e-1,,,,6.595e-19,,,,,,2.844e-18,3.179e-16
617.4,5.943e+0,1.276e-20,2.174e-13,2.233e-43,3.658e-3,,,1.546e-18,6.594e-21,,1.187e-15,9.759e-2,1.644e-29,9.221e-18,2.054e-19,4.101e-14,6.074e-20,8.907e-25,,3.572e+0,1.616e-18,6.998e-19,1.014e-17,,2.395e-25,4.574e-19,,,3.624e-21,5.209e-17,2.740e-19,2.836e-10,2.012e-19,1.256e-22,2.329e-3,5.498e-17,3.095e-1,3.413e-17,1.561e-6,4.001e-18,1.540e+0,,2.778e-1,,,3.420e-2,,,1.052e-1,,,,6.591e-19,,,,,,2.841e-18,3.179e-16
617.42,5.808e+0,1.276e-20,1.729e-13,2.231e-43,3.195e-3,,,1.546e-18,6.595e-21,,1.186e-15,1.060e-1,1.644e-29,9.221e-18,2.045e-19,3.928e-14,6.077e-20,8.859e-25,,3.379e+0,1.617e-18,6.935e-19,1.024e-17,,2.396e-25,4.573e-19,,,3.621e-21,5.211e-17,2.740e-19,2.749e-10,2.012e-19,1.258e-22,2.777e-3,5.500e-17,2.845e-1,3.415e-17,1.929e-6,4.004e-18,1.588e+0,,3.064e-1,,,3.934e-2,,,9.930e-2,,,,6.588e-19,,,,,,2.840e-18,3.179e-16
617.45,5.646e+0,1.276e-20,1.220e-13,2.228e-43,2.599e-3,,,1.546e-18,6.597e-21,,1.186e-15,1.196e-1,1.642e-29,9.221e-18,2.031e-19,3.667e-14,6.081e-20,8.788e-25,,3.098e+0,1.617e-18,6.816e-19,1.039e-17,,2.397e-25,4.572e-19,,,3.617e-21,5.213e-17,2.741e-19,2.621e-10,2.013e-19,1.260e-22,3.600e-3,5.503e-17,2.496e-1,3.417e-17,2.643e-6,4.009e-18,1.679e+0,,3.536e-1,,,4.834e-2,,,9.078e-2,,,,6.584e-19,,,,,,2.837e-18,3.180e-16
617.47,5.566e+0,1.277e-20,9.652e-14,2.227e-43,2.259e-3,,,1.546e-18,6.598e-21,,1.186e-15,1.293e-1,1.642e-29,9.221e-18,2.021e-19,3.495e-14,6.084e-20,8.740e-25,,2.919e+0,1.617e-18,6.720e-19,1.049e-17,,2.398e-25,4.571e-19,,,3.614e-21,5.215e-17,2.741e-19,2.539e-10,2.013e-19,1.262e-22,4.270e-3,5.504e-17,2.282e-1,3.419e-17,3.253e-6,4.013e-18,1.754e+0,,3.881e-1,,,5.533e-2,,,8.529e-2,,,,6.582e-19,,,,,,2.835e-18,3.180e-16
617.49,5.507e+0,1.277e-20,7.619e-14,2.225e-43,1.959e-3,,,1.546e-18,6.599e-21,,1.185e-15,1.395e-1,1.641e-29,9.221e-18,2.012e-19,3.323e-14,6.086e-20,8.692e-25,,2.746e+0,1.618e-18,6.613e-19,1.059e-17,,2.399e-25,4.570e-19,,,3.612e-21,5.217e-17,2.742e-19,2.459e-10,2.013e-19,1.263e-22,5.055e-3,5.506e-17,2.083e-1,3.421e-17,3.998e-6,4.016e-18,1.838e+0,,4.251e-1,,,6.320e-2,,,7.997e-2,,,,6.579e-19,,,,,,2.833e-18,3.180e-16
617.52,5.458e+0,1.277e-20,5.322e-14,2.222e-43,1.577e-3,,,1.546e-18,6.601e-21,,1.185e-15,1.558e-1,1.640e-29,9.220e-18,1.998e-19,3.070e-14,6.090e-20,8.620e-25,,2.497e+0,1.618e-18,6.432e-19,1.073e-17,,2.400e-25,4.568e-19,,,3.607e-21,5.219e-17,2.742e-19,2.346e-10,2.013e-19,1.266e-22,6.485e-3,5.509e-17,1.809e-1,3.424e-17,5.426e-6,4.021e-18,1.982e+0,,4.854e-1,,,7.686e-2,,,7.234e-2,,,,6.575e-19,,,,,,2.830e-18,3.180e-16
617.54,5.452e+0,1.277e-20,4.180e-14,2.220e-43,1.361e-3,,,1.546e-18,6.602e-21,,1.185e-15,1.673e-1,1.639e-29,9.220e-18,1.988e-19,2.905e-14,6.093e-20,8.572e-25,,2.339e+0,1.619e-18,6.297e-19,1.083e-17,,2.401e-25,4.567e-19,,,3.604e-21,5.221e-17,2.743e-19,2.274e-10,2.013e-19,1.268e-22,7.638e-3,5.511e-17,1.642e-1,3.425e-17,6.636e-6,4.024e-18,2.088e+0,,5.291e-1,,,8.735e-2,,,6.749e-2,,,,6.572e-19,,,,,,2.828e-18,3.181e-16
617.57,5.482e+0,1.278e-20,2.898e-14,2.218e-43,1.087e-3,,,1.546e-18,6.604e-21,,1.184e-15,1.855e-1,1.638e-29,9.220e-18,1.974e-19,2.664e-14,6.097e-20,8.500e-25,,2.114e+0,1.619e-18,6.078e-19,1.098e-17,,2.402e-25,4.565e-19,,,3.600e-21,5.224e-17,2.743e-19,2.173e-10,2.014e-19,1.270e-22,9.727e-3,5.513e-17,1.415e-1,3.428e-17,8.942e-6,4.029e-18,2.264e+0,,5.997e-1,,,1.054e-1,,,6.059e-2,,,,6.568e-19,,,,,,2.825e-18,3.181e-16
617.59,5.527e+0,1.278e-20,2.264e-14,2.216e-43,9.336e-4,,,1.546e-18,6.605e-21,,1.184e-15,1.982e-1,1.637e-29,9.220e-18,1.965e-19,2.508e-14,6.100e-20,8.452e-25,,1.972e+0,1.620e-18,5.922e-19,1.108e-17,,2.402e-25,4.564e-19,,,3.597e-21,5.226e-17,2.744e-19,2.110e-10,2.014e-19,1.272e-22,1.140e-2,5.515e-17,1.278e-1,3.430e-17,1.088e-5,4.032e-18,2.390e+0,,6.503e-1,,,1.192e-1,,,5.625e-2,,,,6.566e-19,,,,,,2.823e-18,3.181e-16
617.62,5.631e+0,1.278e-20,1.558e-14,2.213e-43,7.401e-4,,,1.546e-18,6.607e-21,,1.184e-15,2.182e-1,1.636e-29,9.220e-18,1.951e-19,2.283e-14,6.104e-20,8.381e-25,,1.771e+0,1.620e-18,5.673e-19,1.123e-17,,2.404e-25,4.563e-19,,,3.593e-21,5.228e-17,2.745e-19,2.023e-10,2.014e-19,1.274e-22,1.441e-2,5.518e-17,1.093e-1,3.432e-17,1.455e-5,4.037e-18,2.593e+0,,7.316e-1,,,1.429e-1,,,5.012e-2,,,,6.562e-19,,,,,,2.820e-18,3.182e-16
617.64,5.725e+0,1.278e-20,1.211e-14,2.212e-43,6.324e-4,,,1.546e-18,6.608e-21,,1.183e-15,2.320e-1,1.635e-29,9.220e-18,1.942e-19,2.138e-14,6.106e-20,8.333e-25,,1.645e+0,1.621e-18,5.499e-19,1.133e-17,,2.404e-25,4.562e-19,,,3.590e-21,5.230e-17,2.745e-19,1.970e-10,2.014e-19,1.276e-22,1.680e-2,5.520e-17,9.828e-2,3.434e-17,1.762e-5,4.040e-18,2.736e+0,,7.894e-1,,,1.608e-1,,,4.629e-2,,,,6.559e-19,,,,,,2.818e-18,3.182e-16
617.67,5.900e+0,1.279e-20,8.272e-15,2.209e-43,4.976e-4,,,1.545e-18,6.610e-21,,1.183e-15,2.535e-1,1.634e-29,9.219e-18,1.928e-19,1.931e-14,6.110e-20,8.261e-25,,1.468e+0,1.621e-18,5.229e-19,1.148e-17,,2.405e-25,4.560e-19,,,3.586e-21,5.232e-17,2.746e-19,1.898e-10,2.014e-19,1.278e-22,2.108e-2,5.522e-17,8.343e-2,3.437e-17,2.339e-5,4.045e-18,2.960e+0,,8.815e-1,,,1.912e-1,,,4.094e-2,,,,6.555e-19,,,,,,2.815e-18,3.182e-16
617.69,6.039e+0,1.279e-20,6.398e-15,2.207e-43,4.230e-4,,,1.545e-18,6.611e-21,,1.183e-15,2.683e-1,1.633e-29,9.219e-18,1.918e-19,1.800e-14,6.113e-20,8.213e-25,,1.357e+0,1.621e-18,5.043e-19,1.158e-17,,2.406e-25,4.559e-19,,,3.583e-21,5.234e-17,2.746e-19,1.855e-10,2.014e-19,1.280e-22,2.446e-2,5.524e-17,7.461e-2,3.439e-17,2.819e-5,4.048e-18,3.116e+0,,9.464e-1,,,2.141e-1,,,3.762e-2,,,,6.552e-19,,,,,,2.813e-18,3.182e-16
617.72,6.279e+0,1.279e-20,4.336e-15,2.205e-43,3.303e-4,,,1.545e-18,6.613e-21,,1.182e-15,2.910e-1,1.632e-29,9.219e-18,1.904e-19,1.614e-14,6.117e-20,8.141e-25,,1.203e+0,1.622e-18,4.759e-19,1.173e-17,,2.407e-25,4.558e-19,,,3.579e-21,5.237e-17,2.747e-19,1.797e-10,2.015e-19,1.282e-22,3.046e-2,5.527e-17,6.286e-2,3.441e-17,3.714e-5,4.053e-18,3.357e+0,,1.049e+0,,,2.527e-1,,,3.302e-2,,,,6.548e-19,,,,,,2.810e-18,3.183e-16
617.74,6.459e+0,1.280e-20,3.337e-15,2.203e-43,2.794e-4,,,1.545e-18,6.614e-21,,1.182e-15,3.064e-1,1.631e-29,9.219e-18,1.895e-19,1.497e-14,6.120e-20,8.093e-25,,1.108e+0,1.622e-18,4.567e-19,1.183e-17,,2.408e-25,4.556e-19,,,3.576e-21,5.239e-17,2.747e-19,1.763e-10,2.015e-19,1.284e-22,3.517e-2,5.529e-17,5.594e-2,3.443e-17,4.453e-5,4.056e-18,3.521e+0,,1.120e+0,,,2.816e-1,,,3.019e-2,,,,6.546e-19,,,,,,2.808e-18,3.183e-16
617.77,6.755e+0,1.280e-20,2.245e-15,2.200e-43,2.166e-4,,,1.545e-18,6.616e-21,,1.181e-15,3.300e-1,1.630e-29,9.219e-18,1.881e-19,1.332e-14,6.124e-20,8.022e-25,,9.751e-1,1.623e-18,4.277e-19,1.197e-17,,2.409e-25,4.555e-19,,,3.572e-21,5.241e-17,2.748e-19,1.719e-10,2.015e-19,1.287e-22,4.346e-2,5.531e-17,4.677e-2,3.446e-17,5.824e-5,4.061e-18,3.771e+0,,1.232e+0,,,3.299e-1,,,2.630e-2,,,,6.542e-19,,,,,,2.805e-18,3.183e-16
617.79,6.970e+0,1.280e-20,1.719e-15,2.198e-43,1.823e-4,,,1.545e-18,6.617e-21,,1.181e-15,3.458e-1,1.629e-29,9.219e-18,1.872e-19,1.229e-14,6.126e-20,7.974e-25,,8.936e-1,1.623e-18,4.084e-19,1.207e-17,,2.410e-25,4.554e-19,,,3.569e-21,5.243e-17,2.748e-19,1.694e-10,2.015e-19,1.288e-22,4.993e-2,5.533e-17,4.141e-2,3.447e-17,6.947e-5,4.064e-18,3.940e+0,,1.310e+0,,,3.658e-1,,,2.393e-2,,,,6.539e-19,,,,,,2.803e-18,3.183e-16
617.82,7.316e+0,1.281e-20,1.147e-15,2.196e-43,1.402e-4,,,1.545e-18,6.619e-21,,1.181e-15,3.697e-1,1.628e-29,9.218e-18,1.857e-19,1.085e-14,6.130e-20,7.902e-25,,7.813e-1,1.624e-18,3.797e-19,1.222e-17,,2.411e-25,4.552e-19,,,3.565e-21,5.246e-17,2.749e-19,1.661e-10,2.015e-19,1.291e-22,6.125e-2,5.536e-17,3.437e-2,3.450e-17,9.018e-5,4.069e-18,4.193e+0,,1.430e+0,,,4.254e-1,,,2.069e-2,,,,6.535e-19,,,,,,2.800e-18,3.184e-16
617.84,7.560e+0,1.281e-20,8.741e-16,2.194e-43,1.174e-4,,,1.545e-18,6.620e-21,,1.180e-15,3.856e-1,1.628e-29,9.218e-18,1.848e-19,9.961e-15,6.133e-20,7.854e-25,,7.127e-1,1.624e-18,3.607e-19,1.232e-17,,2.412e-25,4.551e-19,,,3.562e-21,5.247e-17,2.749e-19,1.643e-10,2.015e-19,1.292e-22,7.001e-2,5.538e-17,3.027e-2,3.452e-17,1.070e-4,4.072e-18,4.361e+0,,1.513e+0,,,4.693e-1,,,1.873e-2,,,,6.532e-19,,,,,,2.799e-18,3.184e-16
617.86,7.814e+0,1.281e-20,6.646e-16,2.192e-43,9.812e-5,,,1.545e-18,6.621e-21,,1.180e-15,4.013e-1,1.627e-29,9.218e-18,1.839e-19,9.127e-15,6.136e-20,7.806e-25,,6.489e-1,1.625e-18,3.420e-19,1.242e-17,,2.413e-25,4.550e-19,,,3.559e-21,5.249e-17,2.750e-19,1.627e-10,2.016e-19,1.294e-22,7.987e-2,5.539e-17,2.662e-2,3.454e-17,1.268e-4,4.076e-18,4.527e+0,,1.597e+0,,,5.166e-1,,,1.692e-2,,,,6.530e-19,,,,,,2.797e-18,3.184e-16
617.89,8.211e+0,1.281e-20,4.390e-16,2.190e-43,7.468e-5,,,1.545e-18,6.623e-21,,1.180e-15,4.247e-1,1.626e-29,9.218e-18,1.825e-19,7.975e-15,6.140e-20,7.734e-25,,5.618e-1,1.625e-18,3.146e-19,1.257e-17,,2.414e-25,4.549e-19,,,3.555e-21,5.252e-17,2.750e-19,1.608e-10,2.016e-19,1.296e-22,9.696e-2,5.542e-17,2.186e-2,3.456e-17,1.629e-4,4.080e-18,4.772e+0,,1.725e+0,,,5.946e-1,,,1.447e-2,,,,6.526e-19,,,,,,2.794e-18,3.185e-16
617.91,8.485e+0,1.282e-20,3.321e-16,2.188e-43,6.210e-5,,,1.545e-18,6.624e-21,,1.179e-15,4.399e-1,1.625e-29,9.218e-18,1.815e-19,7.271e-15,6.142e-20,7.686e-25,,5.092e-1,1.626e-18,2.968e-19,1.267e-17,,2.414e-25,4.547e-19,,,3.552e-21,5.253e-17,2.751e-19,1.597e-10,2.016e-19,1.298e-22,1.101e-1,5.544e-17,1.912e-2,3.458e-17,1.920e-4,4.084e-18,4.930e+0,,1.812e+0,,,6.515e-1,,,1.301e-2,,,,6.523e-19,,,,,,2.792e-18,3.185e-16
617.94,8.905e+0,1.282e-20,2.177e-16,2.185e-43,4.691e-5,,,1.545e-18,6.626e-21,,1.179e-15,4.622e-1,1.624e-29,9.218e-18,1.801e-19,6.305e-15,6.146e-20,7.615e-25,,4.377e-1,1.626e-18,2.710e-19,1.282e-17,,2.416e-25,4.546e-19,,,3.548e-21,5.256e-17,2.751e-19,1.584e-10,2.016e-19,1.301e-22,1.326e-1,5.547e-17,1.558e-2,3.461e-17,2.448e-4,4.088e-18,5.159e+0,,1.942e+0,,,7.443e-1,,,1.105e-2,,,,6.519e-19,,,,,,2.789e-18,3.185e-16
617.96,9.191e+0,1.282e-20,1.638e-16,2.183e-43,3.881e-5,,,1.545e-18,6.627e-21,,1.179e-15,4.764e-1,1.623e-29,9.218e-18,1.792e-19,5.720e-15,6.149e-20,7.567e-25,,3.948e-1,1.626e-18,2.544e-19,1.292e-17,,2.416e-25,4.545e-19,,,3.545e-21,5.258e-17,2.752e-19,1.576e-10,2.016e-19,1.302e-22,1.498e-1,5.548e-17,1.356e-2,3.462e-17,2.872e-4,4.092e-18,5.305e+0,,2.030e+0,,,8.114e-1,,,9.880e-3,,,,6.516e-19,,,,,,2.787e-18,3.185e-16
617.99,9.624e+0,1.282e-20,1.066e-16,2.181e-43,2.910e-5,,,1.545e-18,6.629e-21,,1.178e-15,4.969e-1,1.622e-29,9.217e-18,1.778e-19,4.923e-15,6.153e-20,7.495e-25,,3.370e-1,1.627e-18,2.305e-19,2.364e-17,,2.417e-25,4.543e-19,,,3.541e-21,5.260e-17,2.753e-19,1.566e-10,2.016e-19,1.305e-22,1.791e-1,5.551e-17,1.097e-2,3.465e-17,3.634e-4,4.097e-18,5.511e+0,,2.160e+0,,,9.202e-1,,,8.325e-3,,,,6.512e-19,,,,,,2.784e-18,3.186e-16
618.01,9.915e+0,1.283e-20,7.982e-17,2.179e-43,2.395e-5,,,1.545e-18,6.630e-21,,1.178e-15,5.097e-1,1.621e-29,9.217e-18,1.769e-19,4.443e-15,6.156e-20,7.447e-25,,3.025e-1,1.627e-18,2.153e-19,3.528e-17,,2.418e-25,4.542e-19,,,3.538e-21,5.262e-17,2.753e-19,1.560e-10,2.017e-19,1.306e-22,2.013e-1,5.553e-17,9.499e-3,3.467e-17,4.241e-4,4.100e-18,5.639e+0,,2.246e+0,,,9.983e-1,,,7.409e-3,,,,6.509e-19,,,,,,2.782e-18,3.186e-16
618.04,1.035e+1,1.283e-20,5.153e-17,2.176e-43,1.782e-5,,,1.545e-18,6.632e-21,,1.178e-15,5.277e-1,1.620e-29,9.217e-18,1.755e-19,3.796e-15,6.160e-20,7.375e-25,,2.564e-1,1.628e-18,1.936e-19,6.409e-17,,2.419e-25,4.541e-19,,,3.533e-21,5.265e-17,2.754e-19,1.551e-10,2.017e-19,1.309e-22,2.389e-1,5.556e-17,7.626e-3,3.470e-17,5.327e-4,4.105e-18,5.815e+0,,2.373e+0,,,1.124e+0,,,6.196e-3,,,,1.191e-18,,,,,,2.779e-18,3.186e-16
618.06,1.064e+1,1.283e-20,3.840e-17,2.175e-43,1.460e-5,,,1.545e-18,6.633e-21,,1.177e-15,5.388e-1,1.619e-29,9.217e-18,1.745e-19,3.409e-15,6.162e-20,7.327e-25,,2.291e-1,1.628e-18,1.799e-19,9.518e-17,,2.420e-25,4.540e-19,,,3.531e-21,5.266e-17,2.754e-19,1.545e-10,2.017e-19,1.310e-22,2.672e-1,5.557e-17,6.570e-3,3.471e-17,6.186e-4,4.108e-18,5.921e+0,,2.455e+0,,,1.213e+0,,,5.486e-3,,,,1.778e-18,,,,,,2.777e-18,3.187e-16
618.09,1.106e+1,1.284e-20,2.460e-17,2.172e-43,1.078e-5,,,1.544e-18,6.635e-21,,1.177e-15,5.537e-1,1.618e-29,9.217e-18,1.731e-19,2.890e-15,6.166e-20,7.255e-25,,1.927e-1,1.629e-18,1.606e-19,1.716e-16,,2.421e-25,4.538e-19,,,3.526e-21,5.269e-17,2.755e-19,1.535e-10,2.017e-19,1.313e-22,3.148e-1,5.560e-17,5.235e-3,3.474e-17,7.713e-4,4.113e-18,6.061e+0,,2.574e+0,,,1.356e+0,,,4.554e-3,,,,3.229e-18,,,,,,2.774e-18,3.187e-16
618.11,1.134e+1,1.284e-20,1.824e-17,2.170e-43,8.784e-6,,,1.544e-18,6.636e-21,,1.176e-15,5.626e-1,1.617e-29,9.217e-18,1.722e-19,2.582e-15,6.169e-20,7.208e-25,,1.713e-1,1.629e-18,1.485e-19,2.536e-16,,2.422e-25,4.537e-19,,,3.523e-21,5.271e-17,2.755e-19,1.528e-10,2.017e-19,1.315e-22,3.502e-1,5.562e-17,4.488e-3,3.476e-17,8.912e-4,4.116e-18,6.141e+0,,2.649e+0,,,1.457e+0,,,4.012e-3,,,,4.795e-18,,,,,,2.772e-18,4.774e-16
618.14,1.175e+1,1.284e-20,1.160e-17,2.168e-43,6.438e-6,,,1.544e-18,6.638e-21,,1.176e-15,5.741e-1,1.616e-29,9.216e-18,1.708e-19,2.173e-15,6.173e-20,7.136e-25,,1.431e-1,1.630e-18,1.315e-19,4.540e-16,,2.423e-25,4.535e-19,,,3.519e-21,5.273e-17,2.756e-19,1.515e-10,2.017e-19,1.317e-22,4.096e-1,5.564e-17,3.549e-3,3.478e-17,1.103e-3,4.121e-18,6.240e+0,,2.757e+0,,,1.616e+0,,,3.305e-3,,,,8.646e-18,,,,,,2.769e-18,8.722e-16
618.16,1.201e+1,1.284e-20,8.555e-18,2.166e-43,5.220e-6,,,1.544e-18,6.639e-21,,1.176e-15,5.804e-1,1.615e-29,9.216e-18,1.698e-19,1.932e-15,6.176e-20,7.088e-25,,1.266e-1,1.630e-18,1.210e-19,6.675e-16,,2.424e-25,4.534e-19,,,3.516e-21,5.275e-17,2.756e-19,1.505e-10,2.018e-19,1.319e-22,4.534e-1,5.566e-17,3.027e-3,3.480e-17,1.268e-3,4.124e-18,6.291e+0,,2.824e+0,,,1.727e+0,,,2.897e-3,,,,1.278e-17,,,,,,2.767e-18,1.300e-15
618.19,1.239e+1,1.285e-20,5.399e-18,2.163e-43,3.797e-6,,,1.544e-18,6.641e-21,,1.175e-15,5.879e-1,1.614e-29,9.216e-18,1.684e-19,1.613e-15,6.180e-20,7.016e-25,,1.050e-1,1.631e-18,1.064e-19,1.186e-15,,2.425e-25,4.533e-19,,,3.512e-21,5.278e-17,2.757e-19,1.488e-10,2.018e-19,1.321e-22,5.263e-1,5.569e-17,2.376e-3,3.483e-17,1.557e-3,4.129e-18,6.346e+0,,2.917e+0,,,1.903e+0,,,2.369e-3,,,,2.286e-17,,,,,,2.764e-18,2.358e-15
618.21,1.263e+1,1.285e-20,3.962e-18,2.161e-43,3.063e-6,,,1.544e-18,6.642e-21,,1.175e-15,5.916e-1,1.613e-29,9.216e-18,1.675e-19,1.427e-15,6.182e-20,6.968e-25,,9.246e-2,1.631e-18,9.739e-20,1.735e-15,,2.426e-25,4.532e-19,,,3.509e-21,5.279e-17,2.757e-19,1.475e-10,2.018e-19,1.323e-22,5.798e-1,5.571e-17,2.016e-3,3.485e-17,1.782e-3,4.132e-18,6.367e+0,,2.973e+0,,,2.024e+0,,,2.066e-3,,,,3.362e-17,,,,,,2.762e-18,3.498e-15
618.23,1.287e+1,1.285e-20,2.902e-18,2.160e-43,2.466e-6,,,1.544e-18,6.643e-21,,1.175e-15,5.941e-1,1.613e-29,9.216e-18,1.666e-19,1.260e-15,6.185e-20,6.920e-25,,8.125e-2,1.631e-18,8.897e-20,2.534e-15,,2.426e-25,4.531e-19,,,3.506e-21,5.281e-17,2.758e-19,1.461e-10,2.018e-19,1.324e-22,6.374e-1,5.573e-17,1.708e-3,3.486e-17,2.034e-3,4.135e-18,6.375e+0,,3.024e+0,,,2.149e+0,,,1.798e-3,,,,4.934e-17,,,,,,2.760e-18,5.178e-15
618.26,1.320e+1,1.285e-20,1.812e-18,2.157e-43,1.775e-6,,,1.544e-18,6.645e-21,,1.174e-15,5.957e-1,1.612e-29,9.216e-18,1.652e-19,1.041e-15,6.189e-20,6.848e-25,,6.669e-2,1.632e-18,7.740e-20,4.456e-15,,2.428e-25,4.529e-19,,,3.502e-21,5.284e-17,2.758e-19,1.437e-10,2.018e-19,1.327e-22,7.321e-1,5.575e-17,1.326e-3,3.489e-17,2.472e-3,4.140e-18,6.365e+0,,3.090e+0,,,2.343e+0,,,1.455e-3,,,,8.739e-17,,,,,,2.758e-18,9.293e-15
618.28,1.341e+1,1.286e-20,1.321e-18,2.155e-43,1.422e-6,,,1.544e-18,6.646e-21,,1.174e-15,5.953e-1,1.611e-29,9.215e-18,1.642e-19,9.146e-16,6.192e-20,6.801e-25,,5.831e-2,1.632e-18,7.036e-20,6.476e-15,,2.428e-25,4.528e-19,,,3.499e-21,5.285e-17,2.759e-19,1.419e-10,2.018e-19,1.329e-22,8.009e-1,5.577e-17,1.118e-3,3.491e-17,2.809e-3,4.143e-18,6.343e+0,,3.127e+0,,,2.476e+0,,,1.260e-3,,,,1.276e-16,,,,,,2.756e-18,1.369e-14
618.31,1.370e+1,1.286e-20,8.184e-19,2.153e-43,1.016e-6,,,1.544e-18,6.648e-21,,1.174e-15,5.926e-1,1.610e-29,9.215e-18,1.628e-19,7.501e-16,6.196e-20,6.729e-25,,4.751e-2,1.633e-18,6.075e-20,1.130e-14,,2.429e-25,4.526e-19,,,3.495e-21,5.288e-17,2.759e-19,1.390e-10,2.019e-19,1.331e-22,9.130e-1,5.580e-17,8.615e-4,3.493e-17,3.389e-3,4.148e-18,6.288e+0,,3.172e+0,,,2.681e+0,,,1.012e-3,,,,2.244e-16,,,,,,2.753e-18,2.439e-14
618.33,1.388e+1,1.286e-20,5.934e-19,2.151e-43,8.097e-7,,,1.544e-18,6.649e-21,,1.173e-15,5.894e-1,1.609e-29,9.215e-18,1.619e-19,6.556e-16,6.198e-20,6.681e-25,,4.134e-2,1.633e-18,5.495e-20,1.634e-14,,2.430e-25,4.525e-19,,,3.492e-21,5.290e-17,2.760e-19,1.369e-10,2.019e-19,1.333e-22,9.938e-1,5.582e-17,7.224e-4,3.495e-17,3.831e-3,4.151e-18,6.236e+0,,3.195e+0,,,2.819e+0,,,8.719e-4,,,,3.260e-16,,,,,,2.751e-18,3.575e-14
618.36,1.413e+1,1.287e-20,3.649e-19,2.148e-43,5.740e-7,,,1.544e-18,6.651e-21,,1.173e-15,5.825e-1,1.608e-29,9.215e-18,1.605e-19,5.337e-16,6.202e-20,6.609e-25,,3.344e-2,1.634e-18,4.709e-20,2.831e-14,,2.431e-25,4.524e-19,,,3.488e-21,5.292e-17,2.760e-19,1.335e-10,2.019e-19,1.335e-22,1.124e+0,5.584e-17,5.526e-4,3.498e-17,4.587e-3,4.156e-18,6.138e+0,,3.216e+0,,,3.030e+0,,,6.948e-4,,,,5.689e-16,,,,,,2.748e-18,6.322e-14
618.38,1.428e+1,1.287e-20,2.633e-19,2.146e-43,4.552e-7,,,1.544e-18,6.652e-21,,1.173e-15,5.765e-1,1.607e-29,9.215e-18,1.596e-19,4.641e-16,6.205e-20,6.561e-25,,2.895e-2,1.634e-18,4.238e-20,4.074e-14,,2.432e-25,4.523e-19,,,3.485e-21,5.294e-17,2.761e-19,1.311e-10,2.019e-19,1.337e-22,1.218e+0,5.586e-17,4.610e-4,3.500e-17,5.159e-3,4.160e-18,6.060e+0,,3.223e+0,,,3.172e+0,,,5.958e-4,,,,8.226e-16,,,,,,2.746e-18,9.222e-14
618.41,1.449e+1,1.287e-20,1.607e-19,2.144e-43,3.203e-7,,,1.544e-18,6.654e-21,,1.172e-15,5.656e-1,1.606e-29,9.215e-18,1.581e-19,3.749e-16,6.209e-20,6.489e-25,,2.324e-2,1.635e-18,3.605e-20,7.005e-14,,2.433e-25,4.521e-19,,,3.481e-21,5.297e-17,2.762e-19,1.273e-10,2.019e-19,1.339e-22,1.368e+0,5.589e-17,3.500e-4,3.502e-17,6.132e-3,4.164e-18,5.924e+0,,3.220e+0,,,3.385e+0,,,4.712e-4,,,,1.425e-15,,,,,,2.743e-18,1.619e-13
618.43,1.462e+1,1.287e-20,1.153e-19,2.142e-43,2.527e-7,,,1.544e-18,6.655e-21,,1.172e-15,5.571e-1,1.605e-29,9.215e-18,1.572e-19,3.244e-16,6.212e-20,6.441e-25,,2.003e-2,1.635e-18,3.228e-20,1.003e-13,,2.434e-25,4.520e-19,,,3.478e-21,5.298e-17,2.762e-19,1.247e-10,2.020e-19,1.341e-22,1.474e+0,5.591e-17,2.905e-4,3.504e-17,6.863e-3,4.168e-18,5.823e+0,,3.211e+0,,,3.527e+0,,,4.020e-4,,,,2.050e-15,,,,,,2.741e-18,2.349e-13
618.46,1.479e+1,1.288e-20,6.987e-20,2.139e-43,1.765e-7,,,1.544e-18,6.657e-21,,1.171e-15,5.426e-1,1.604e-29,9.214e-18,1.558e-19,2.601e-16,6.216e-20,6.370e-25,,1.596e-2,1.636e-18,2.725e-20,1.712e-13,,2.435e-25,4.518e-19,,,3.474e-21,5.301e-17,2.763e-19,1.207e-10,2.020e-19,1.343e-22,1.643e+0,5.593e-17,2.189e-4,3.507e-17,8.096e-3,4.172e-18,5.655e+0,,3.184e+0,,,3.738e+0,,,3.156e-4,,,,3.525e-15,,,,,,2.738e-18,4.093e-13
618.48,1.489e+1,1.288e-20,4.989e-20,2.138e-43,1.386e-7,,,1.544e-18,6.658e-21,,1.171e-15,5.319e-1,1.603e-29,9.214e-18,1.549e-19,2.239e-16,6.218e-20,6.322e-25,,1.368e-2,1.636e-18,2.428e-20,2.439e-13,,2.436e-25,4.517e-19,,,3.471e-21,5.303e-17,2.763e-19,1.180e-10,2.020e-19,1.345e-22,1.762e+0,5.595e-17,1.808e-4,3.509e-17,9.016e-3,4.176e-18,5.535e+0,,3.159e+0,,,3.877e+0,,,2.679e-4,,,,5.047e-15,,,,,,2.736e-18,5.912e-13
618.51,1.502e+1,1.288e-20,3.000e-20,2.135e-43,9.603e-8,,,1.544e-18,6.660e-21,,1.171e-15,5.144e-1,1.602e-29,9.214e-18,1.535e-19,1.782e-16,6.222e-20,6.250e-25,,1.082e-2,1.637e-18,2.034e-20,4.132e-13,,2.437e-25,4.516e-19,,,3.467e-21,5.305e-17,2.764e-19,1.139e-10,2.020e-19,1.348e-22,1.949e+0,5.598e-17,1.352e-4,3.511e-17,1.056e-2,4.181e-18,5.344e+0,,3.109e+0,,,4.081e+0,,,2.087e-4,,,,8.614e-15,,,,,,2.733e-18,1.022e-12
618.53,1.510e+1,1.288e-20,2.131e-20,2.133e-43,7.501e-8,,,1.543e-18,6.661e-21,,1.170e-15,5.018e-1,1.601e-29,9.214e-18,1.525e-19,1.527e-16,6.225e-20,6.202e-25,,9.233e-3,1.637e-18,1.803e-20,5.858e-13,,2.438e-25,4.515e-19,,,3.464e-21,5.307e-17,2.764e-19,1.112e-10,2.020e-19,1.349e-22,2.080e+0,5.599e-17,1.111e-4,3.513e-17,1.170e-2,4.184e-18,5.210e+0,,3.069e+0,,,4.214e+0,,,1.763e-4,,,,1.227e-14,,,,,,2.731e-18,1.469e-12
618.56,1.519e+1,1.289e-20,1.272e-20,2.131e-43,5.159e-8,,,1.543e-18,6.663e-21,,1.170e-15,4.817e-1,1.600e-29,9.214e-18,1.511e-19,1.206e-16,6.229e-20,6.130e-25,,7.249e-3,1.637e-18,1.499e-20,9.853e-13,,2.439e-25,4.513e-19,,,3.460e-21,5.310e-17,2.765e-19,1.071e-10,2.020e-19,1.352e-22,2.284e+0,5.602e-17,8.247e-5,3.516e-17,1.359e-2,4.189e-18,5.003e+0,,2.999e+0,,,4.405e+0,,,1.363e-4,,,,2.079e-14,,,,,,2.728e-18,2.523e-12
618.58,1.525e+1,1.289e-20,8.990e-21,2.129e-43,4.010e-8,,,1.543e-18,6.664e-21,,1.170e-15,4.677e-1,1.599e-29,9.214e-18,1.502e-19,1.028e-16,6.232e-20,6.082e-25,,6.154e-3,1.638e-18,1.322e-20,1.390e-12,,2.439e-25,4.512e-19,,,3.457e-21,5.312e-17,2.765e-19,1.045e-10,2.021e-19,1.353e-22,2.425e+0,5.604e-17,6.744e-5,3.517e-17,1.499e-2,4.192e-18,4.862e+0,,2.945e+0,,,4.528e+0,,,1.145e-4,,,,2.947e-14,,,,,,2.726e-18,3.608e-12
618.61,1.532e+1,1.289e-20,5.324e-21,2.126e-43,2.737e-8,,,1.543e-18,6.666e-21,,1.169e-15,4.458e-1,1.598e-29,9.213e-18,1.488e-19,8.056e-17,6.236e-20,6.010e-25,,4.796e-3,1.638e-18,1.091e-20,2.320e-12,,2.441e-25,4.511e-19,,,3.452e-21,5.314e-17,2.766e-19,1.006e-10,2.021e-19,1.356e-22,2.643e+0,5.607e-17,4.967e-5,3.520e-17,1.729e-2,4.197e-18,4.649e+0,,2.856e+0,,,4.703e+0,,,8.789e-5,,,,4.956e-14,,,,,,2.723e-18,6.147e-12
618.63,1.536e+1,1.290e-20,3.744e-21,2.124e-43,2.117e-8,,,1.543e-18,6.667e-21,,1.169e-15,4.308e-1,1.597e-29,9.213e-18,1.479e-19,6.832e-17,6.238e-20,5.963e-25,,4.051e-3,1.639e-18,9.579e-21,3.257e-12,,2.441e-25,4.509e-19,,,3.450e-21,5.316e-17,2.766e-19,9.821e-11,2.021e-19,1.357e-22,2.792e+0,5.608e-17,4.041e-5,3.522e-17,1.897e-2,4.200e-18,4.506e+0,,2.791e+0,,,4.813e+0,,,7.349e-5,,,,6.991e-14,,,,,,2.721e-18,8.748e-12
618.65,1.539e+1,1.290e-20,2.628e-21,2.123e-43,1.634e-8,,,1.543e-18,6.668e-21,,1.169e-15,4.155e-1,1.597e-29,9.213e-18,1.469e-19,5.782e-17,6.241e-20,5.915e-25,,3.415e-3,1.639e-18,8.390e-21,4.563e-12,,2.442e-25,4.508e-19,,,3.447e-21,5.318e-17,2.767e-19,9.588e-11,2.021e-19,1.359e-22,2.943e+0,5.610e-17,3.281e-5,3.524e-17,2.077e-2,4.203e-18,4.365e+0,,2.722e+0,,,4.917e+0,,,6.132e-5,,,,9.842e-14,,,,,,2.719e-18,1.242e-11
618.68,1.542e+1,1.290e-20,1.540e-21,2.120e-43,1.104e-8,,,1.543e-18,6.670e-21,,1.168e-15,3.921e-1,1.596e-29,9.213e-18,1.455e-19,4.485e-17,6.245e-20,5.843e-25,,2.634e-3,1.640e-18,6.852e-21,7.538e-12,,2.443e-25,4.507e-19,,,3.443e-21,5.320e-17,2.767e-19,9.264e-11,2.021e-19,1.362e-22,3.174e+0,5.613e-17,2.392e-5,3.526e-17,2.371e-2,4.208e-18,4.158e+0,,2.612e+0,,,5.061e+0,,,4.657e-5,,,,1.638e-13,,,,,,2.717e-18,2.095e-11
618.7,1.544e+1,1.290e-20,1.076e-21,2.118e-43,8.474e-9,,,1.543e-18,6.671e-21,,1.168e-15,3.764e-1,1.595e-29,9.213e-18,1.446e-19,3.777e-17,6.248e-20,5.795e-25,,2.210e-3,1.640e-18,5.971e-21,1.051e-11,,2.444e-25,4.506e-19,,,3.440e-21,5.322e-17,2.768e-19,9.065e-11,2.021e-19,1.363e-22,3.330e+0,5.615e-17,1.932e-5,3.528e-17,2.583e-2,4.211e-18,4.024e+0,,2.535e+0,,,5.148e+0,,,3.866e-5,,,,2.295e-13,,,,,,2.715e-18,2.961e-11
618.73,1.546e+1,1.291e-20,6.254e-22,2.116e-43,5.681e-9,,,1.543e-18,6.673e-21,,1.168e-15,3.528e-1,1.594e-29,9.213e-18,1.432e-19,2.907e-17,6.252e-20,5.723e-25,,1.691e-3,1.641e-18,4.840e-21,1.723e-11,,2.445e-25,4.504e-19,,,3.435e-21,5.325e-17,2.768e-19,8.797e-11,2.022e-19,1.366e-22,3.565e+0,5.617e-17,1.398e-5,3.531e-17,2.927e-2,4.216e-18,3.832e+0,,2.414e+0,,,5.266e+0,,,2.914e-5,,,,3.791e-13,,,,,,2.712e-18,4.957e-11
618.75,1.547e+1,1.291e-20,4.346e-22,2.114e-43,4.340e-9,,,1.543e-18,6.674e-21,,1.167e-15,3.371e-1,1.593e-29,9.212e-18,1.422e-19,2.436e-17,6.255e-20,5.675e-25,,1.412e-3,1.641e-18,4.197e-21,2.391e-11,,2.446e-25,4.503e-19,,,3.433e-21,5.326e-17,2.769e-19,8.640e-11,2.022e-19,1.367e-22,3.721e+0,5.619e-17,1.123e-5,3.532e-17,3.173e-2,4.219e-18,3.711e+0,,2.331e+0,,,5.335e+0,,,2.407e-5,,,,5.284e-13,,,,,,2.710e-18,6.970e-11
618.78,1.548e+1,1.291e-20,2.508e-22,2.111e-43,2.888e-9,,,1.543e-18,6.676e-21,,1.167e-15,3.139e-1,1.592e-29,9.212e-18,1.408e-19,1.861e-17,6.259e-20,5.603e-25,,1.073e-3,1.642e-18,3.376e-21,3.891e-11,,2.447e-25,4.502e-19,,,3.428e-21,5.329e-17,2.770e-19,8.440e-11,2.022e-19,1.370e-22,3.954e+0,5.622e-17,8.066e-6,3.535e-17,3.568e-2,4.224e-18,3.543e+0,,2.203e+0,,,5.425e+0,,,1.800e-5,,,,8.664e-13,,,,,,2.707e-18,1.158e-10
618.8,1.548e+1,1.292e-20,1.734e-22,2.109e-43,2.195e-9,,,1.543e-18,6.677e-21,,1.167e-15,2.986e-1,1.591e-29,9.212e-18,1.399e-19,1.552e-17,6.261e-20,5.556e-25,,8.909e-4,1.642e-18,2.913e-21,5.371e-11,,2.448e-25,4.500e-19,,,3.426e-21,5.331e-17,2.770e-19,8.330e-11,2.022e-19,1.371e-22,4.107e+0,5.624e-17,6.451e-6,3.537e-17,3.849e-2,4.227e-18,3.441e+0,,2.117e+0,,,5.474e+0,,,1.480e-5,,,,1.202e-12,,,,,,2.705e-18,1.621e-10
618.83,1.547e+1,1.292e-20,9.931e-23,2.107e-43,1.449e-9,,,1.543e-18,6.679e-21,,1.166e-15,2.763e-1,1.590e-29,9.212e-18,1.385e-19,1.177e-17,6.265e-20,5.484e-25,,6.718e-4,1.642e-18,2.326e-21,8.679e-11,,2.449e-25,4.499e-19,,,3.421e-21,5.333e-17,2.771e-19,8.203e-11,2.022e-19,1.374e-22,4.331e+0,5.626e-17,4.597e-6,3.539e-17,4.297e-2,4.232e-18,3.304e+0,,1.986e+0,,,5.533e+0,,,1.099e-5,,,,1.956e-12,,,,,,2.702e-18,2.673e-10
618.85,1.547e+1,1.292e-20,6.832e-23,2.105e-43,1.096e-9,,,1.543e-18,6.680e-21,,1.166e-15,2.618e-1,1.589e-29,9.212e-18,1.376e-19,9.761e-18,6.268e-20,5.436e-25,,5.552e-4,1.643e-18,1.997e-21,1.192e-10,,2.450e-25,4.498e-19,,,3.418e-21,5.335e-17,2.771e-19,8.144e-11,2.022e-19,1.376e-22,4.476e+0,5.628e-17,3.658e-6,3.541e-17,4.612e-2,4.235e-18,3.225e+0,,1.899e+0,,,5.563e+0,,,8.985e-6,,,,2.700e-12,,,,,,2.700e-18,3.722e-10
618.88,1.546e+1,1.292e-20,3.883e-23,2.102e-43,7.185e-10,,,1.543e-18,6.682e-21,,1.165e-15,2.407e-1,1.588e-29,9.212e-18,1.362e-19,7.346e-18,6.272e-20,5.364e-25,,4.156e-4,1.643e-18,1.582e-21,1.912e-10,,2.451e-25,4.496e-19,,,3.414e-21,5.338e-17,2.772e-19,8.094e-11,2.023e-19,1.378e-22,4.685e+0,5.631e-17,2.587e-6,3.544e-17,5.110e-2,4.240e-18,3.127e+0,,1.768e+0,,,5.592e+0,,,6.620e-6,,,,4.362e-12,,,,,,2.697e-18,6.093e-10
618.9,1.546e+1,1.293e-20,2.658e-23,2.101e-43,5.407e-10,,,1.543e-18,6.683e-21,,1.165e-15,2.273e-1,1.587e-29,9.212e-18,1.352e-19,6.063e-18,6.275e-20,5.316e-25,,3.418e-4,1.644e-18,1.352e-21,2.613e-10,,2.451e-25,4.495e-19,,,3.411e-21,5.339e-17,2.772e-19,8.086e-11,2.023e-19,1.380e-22,4.818e+0,5.633e-17,2.048e-6,3.546e-17,5.458e-2,4.244e-18,3.075e+0,,1.682e+0,,,5.601e+0,,,5.387e-6,,,,5.991e-12,,,,,,2.695e-18,8.443e-10
618.93,1.545e+1,1.293e-20,1.499e-23,2.098e-43,3.517e-10,,,1.543e-18,6.685e-21,,1.165e-15,2.080e-1,1.586e-29,9.211e-18,1.338e-19,4.529e-18,6.279e-20,5.244e-25,,2.539e-4,1.644e-18,1.063e-21,4.160e-10,,2.453e-25,4.494e-19,,,3.407e-21,5.342e-17,2.773e-19,8.113e-11,2.023e-19,1.382e-22,5.005e+0,5.635e-17,1.438e-6,3.548e-17,6.002e-2,4.248e-18,3.020e+0,,1.554e+0,,,5.600e+0,,,3.940e-6,,,,9.608e-12,,,,,,2.692e-18,1.372e-9
618.95,1.544e+1,1.293e-20,1.021e-23,2.096e-43,2.633e-10,,,1.542e-18,6.686e-21,,1.164e-15,1.957e-1,1.585e-29,9.211e-18,1.329e-19,3.719e-18,6.281e-20,5.196e-25,,2.077e-4,1.645e-18,9.038e-22,5.658e-10,,2.453e-25,4.493e-19,,,3.404e-21,5.344e-17,2.773e-19,8.155e-11,2.023e-19,1.384e-22,5.121e+0,5.637e-17,1.132e-6,3.550e-17,6.378e-2,4.252e-18,3.000e+0,,1.471e+0,,,5.590e+0,,,3.190e-6,,,,1.313e-11,,,,,,2.690e-18,1.892e-9
618.98,1.543e+1,1.294e-20,5.716e-24,2.093e-43,1.700e-10,,,1.542e-18,6.688e-21,,1.164e-15,1.784e-1,1.584e-29,9.211e-18,1.315e-19,2.757e-18,6.285e-20,5.125e-25,,1.532e-4,1.645e-18,7.059e-22,8.940e-10,,2.454e-25,4.491e-19,,,3.400e-21,5.346e-17,2.774e-19,8.255e-11,2.023e-19,1.386e-22,5.281e+0,5.640e-17,7.889e-7,3.553e-17,6.963e-2,4.256e-18,2.993e+0,,1.350e+0,,,5.562e+0,,,2.315e-6,,,,2.090e-11,,,,,,2.687e-18,3.051e-9
619,1.543e+1,1.294e-20,3.873e-24,2.092e-43,1.266e-10,,,1.542e-18,6.689e-21,,1.164e-15,1.676e-1,1.583e-29,9.211e-18,1.305e-19,2.253e-18,6.288e-20,5.077e-25,,1.247e-4,1.646e-18,5.973e-22,1.210e-9,,2.455e-25,4.490e-19,,,3.397e-21,5.348e-17,2.774e-19,8.345e-11,2.023e-19,1.388e-22,5.377e+0,5.642e-17,6.183e-7,3.555e-17,7.363e-2,4.260e-18,3.005e+0,,1.271e+0,,,5.534e+0,,,1.865e-6,,,,2.843e-11,,,,,,2.685e-18,4.186e-9
619.02,1.542e+1,1.294e-20,2.619e-24,2.090e-43,9.415e-11,,,1.542e-18,6.691e-21,,1.163e-15,1.573e-1,1.583e-29,9.211e-18,1.296e-19,1.837e-18,6.291e-20,5.029e-25,,1.013e-4,1.646e-18,5.045e-22,1.634e-9,,2.456e-25,4.489e-19,,,3.394e-21,5.350e-17,2.775e-19,8.451e-11,2.024e-19,1.390e-22,5.463e+0,5.643e-17,4.837e-7,3.556e-17,7.771e-2,4.263e-18,3.031e+0,,1.195e+0,,,5.499e+0,,,1.499e-6,,,,3.858e-11,,,,,,2.683e-18,5.732e-9
619.05,1.542e+1,1.294e-20,1.451e-24,2.087e-43,6.014e-11,,,1.542e-18,6.692e-21,,1.163e-15,1.431e-1,1.582e-29,9.211e-18,1.282e-19,1.348e-18,6.295e-20,4.957e-25,,7.395e-5,1.646e-18,3.906e-22,2.556e-9,,2.457e-25,4.487e-19,,,3.390e-21,5.352e-17,2.775e-19,8.641e-11,2.024e-19,1.392e-22,5.575e+0,5.646e-17,3.334e-7,3.559e-17,8.395e-2,4.268e-18,3.096e+0,,1.084e+0,,,5.435e+0,,,1.077e-6,,,,6.078e-11,,,,,,2.680e-18,9.151e-9
619.07,1.542e+1,1.295e-20,9.759e-25,2.086e-43,4.449e-11,,,1.542e-18,6.694e-21,,1.163e-15,1.344e-1,1.581e-29,9.210e-18,1.273e-19,1.093e-18,6.297e-20,4.909e-25,,5.978e-5,1.647e-18,3.288e-22,3.435e-9,,2.458e-25,4.486e-19,,,3.387e-21,5.354e-17,2.776e-19,8.787e-11,2.024e-19,1.394e-22,5.636e+0,5.648e-17,2.595e-7,3.561e-17,8.817e-2,4.271e-18,3.157e+0,,1.014e+0,,,5.385e+0,,,8.613e-7,,,,8.209e-11,,,,,,2.678e-18,1.247e-8
619.1,1.541e+1,1.295e-20,5.365e-25,2.083e-43,2.820e-11,,,1.542e-18,6.695e-21,,1.162e-15,1.225e-1,1.580e-29,9.210e-18,1.259e-19,7.961e-19,6.301e-20,4.837e-25,,4.330e-5,1.647e-18,2.536e-22,5.332e-9,,2.459e-25,4.485e-19,,,3.383e-21,5.357e-17,2.776e-19,9.029e-11,2.024e-19,1.396e-22,5.708e+0,5.651e-17,1.775e-7,3.563e-17,9.455e-2,4.276e-18,3.276e+0,,9.136e-1,,,5.300e+0,,,6.139e-7,,,,1.284e-10,,,,,,2.676e-18,1.976e-8
619.12,1.542e+1,1.295e-20,3.591e-25,2.081e-43,2.076e-11,,,1.542e-18,6.696e-21,,1.162e-15,1.154e-1,1.579e-29,9.210e-18,1.249e-19,6.427e-19,6.304e-20,4.789e-25,,3.483e-5,1.648e-18,2.133e-22,7.130e-9,,2.460e-25,4.484e-19,,,3.380e-21,5.358e-17,2.777e-19,9.206e-11,2.024e-19,1.398e-22,5.743e+0,5.652e-17,1.375e-7,3.565e-17,9.882e-2,4.279e-18,3.372e+0,,8.501e-1,,,5.237e+0,,,4.886e-7,,,,1.725e-10,,,,,,2.674e-18,2.679e-8
619.15,1.542e+1,1.295e-20,1.959e-25,2.078e-43,1.306e-11,,,1.542e-18,6.698e-21,,1.162e-15,1.058e-1,1.578e-29,9.210e-18,1.235e-19,4.644e-19,6.308e-20,4.718e-25,,2.504e-5,1.648e-18,1.650e-22,1.099e-8,,2.461e-25,4.482e-19,,,3.376e-21,5.361e-17,2.777e-19,9.490e-11,2.025e-19,1.400e-22,5.773e+0,5.655e-17,9.334e-8,3.568e-17,1.052e-1,4.284e-18,3.543e+0,,7.601e-1,,,5.133e+0,,,3.457e-7,,,,2.678e-10,,,,,,2.671e-18,4.213e-8
619.17,1.542e+1,1.296e-20,1.305e-25,2.077e-43,9.564e-12,,,1.542e-18,6.699e-21,,1.161e-15,1.002e-1,1.577e-29,9.210e-18,1.226e-19,3.730e-19,6.311e-20,4.670e-25,,2.004e-5,1.649e-18,1.397e-22,1.462e-8,,2.462e-25,4.481e-19,,,3.373e-21,5.363e-17,2.778e-19,9.689e-11,2.025e-19,1.402e-22,5.779e+0,5.657e-17,7.192e-8,3.570e-17,1.094e-1,6.403e-18,3.674e+0,,7.038e-1,,,5.059e+0,,,2.737e-7,,,,3.581e-10,,,,,,2.669e-18,5.684e-8
619.2,1.544e+1,1.296e-20,1.283e-25,2.074e-43,5.971e-12,,,1.542e-18,6.701e-21,,1.161e-15,9.301e-2,1.576e-29,9.210e-18,1.212e-19,2.675e-19,6.315e-20,4.598e-25,,1.430e-5,1.649e-18,1.102e-22,2.236e-8,,2.463e-25,4.479e-19,,,3.369e-21,5.365e-17,2.779e-19,1.000e-10,2.025e-19,1.404e-22,5.766e+0,5.660e-17,4.846e-8,3.572e-17,1.156e-1,1.166e-17,3.895e+0,,6.246e-1,,,4.941e+0,,,1.922e-7,,,,5.517e-10,,,,,,2.666e-18,8.874e-8
619.22,1.544e+1,1.296e-20,1.269e-25,2.072e-43,4.351e-12,,,1.542e-18,6.702e-21,,1.161e-15,8.894e-2,1.575e-29,9.209e-18,1.203e-19,2.138e-19,6.317e-20,4.550e-25,,1.139e-5,1.650e-18,9.548e-23,2.961e-8,,2.463e-25,4.478e-19,,,3.366e-21,5.367e-17,2.779e-19,1.021e-10,2.025e-19,1.406e-22,5.743e+0,5.661e-17,3.716e-8,3.574e-17,1.197e-1,1.734e-17,4.059e+0,,5.754e-1,,,4.858e+0,,,1.514e-7,,,,7.342e-10,,,,,,2.664e-18,1.191e-7
619.25,1.546e+1,1.297e-20,1.247e-25,2.070e-43,2.696e-12,,,1.542e-18,6.704e-21,,1.160e-15,8.395e-2,1.574e-29,9.209e-18,1.189e-19,1.522e-19,6.321e-20,4.478e-25,,8.065e-6,1.650e-18,7.968e-23,4.496e-8,,2.465e-25,4.477e-19,,,3.362e-21,5.370e-17,2.780e-19,1.054e-10,2.025e-19,1.408e-22,5.687e+0,5.664e-17,2.485e-8,3.577e-17,1.256e-1,3.133e-17,4.329e+0,,5.069e-1,,,4.728e+0,,,1.055e-7,,,,1.123e-9,,,,,,2.661e-18,1.846e-7
619.27,1.547e+1,1.297e-20,1.233e-25,2.068e-43,1.955e-12,,,1.542e-18,6.705e-21,,1.160e-15,8.134e-2,1.573e-29,9.209e-18,1.179e-19,1.210e-19,6.324e-20,4.430e-25,,6.391e-6,1.651e-18,7.293e-23,5.924e-8,,2.465e-25,4.476e-19,,,3.359e-21,5.371e-17,2.780e-19,1.076e-10,2.025e-19,1.410e-22,5.636e+0,5.666e-17,1.896e-8,3.578e-17,1.293e-1,4.636e-17,4.523e+0,,4.646e-1,,,4.638e+0,,,8.273e-8,,,,1.487e-9,,,,,,2.659e-18,2.466e-7
619.3,1.549e+1,1.297e-20,1.211e-25,2.065e-43,1.202e-12,,,1.542e-18,6.707e-21,,1.159e-15,7.846e-2,1.572e-29,9.209e-18,1.165e-19,8.550e-20,6.328e-20,4.358e-25,,4.492e-6,1.651e-18,6.800e-23,8.927e-8,,2.466e-25,4.474e-19,,,3.354e-21,5.374e-17,2.781e-19,1.109e-10,2.026e-19,1.413e-22,5.540e+0,5.669e-17,1.258e-8,3.581e-17,1.347e-1,8.317e-17,4.835e+0,,4.062e-1,,,4.500e+0,,,5.722e-8,,,,2.257e-9,,,,,,2.656e-18,3.794e-7
619.32,1.551e+1,1.297e-20,1.197e-25,2.063e-43,8.673e-13,,,1.542e-18,6.708e-21,,1.159e-15,7.723e-2,1.571e-29,9.209e-18,1.156e-19,6.765e-20,6.331e-20,4.311e-25,,3.542e-6,1.651e-18,6.807e-23,1.170e-7,,2.467e-25,4.473e-19,,,3.352e-21,5.376e-17,2.781e-19,1.131e-10,2.026e-19,1.414e-22,5.463e+0,5.670e-17,9.549e-9,3.583e-17,1.381e-1,1.225e-16,5.055e+0,,3.705e-1,,,4.406e+0,,,4.463e-8,,,,2.974e-9,,,,,,2.654e-18,5.043e-7
619.35,1.554e+1,1.298e-20,1.175e-25,2.061e-43,5.294e-13,,,1.542e-18,6.710e-21,,1.159e-15,7.634e-2,1.570e-29,9.209e-18,1.142e-19,4.743e-20,6.335e-20,4.239e-25,,2.471e-6,1.652e-18,7.325e-23,1.751e-7,,2.468e-25,4.471e-19,,,3.347e-21,5.378e-17,2.782e-19,1.162e-10,2.026e-19,1.417e-22,5.330e+0,5.673e-17,6.291e-9,3.586e-17,1.429e-1,2.181e-16,5.404e+0,,3.215e-1,,,4.261e+0,,,3.064e-8,,,,4.481e-9,,,,,,2.651e-18,7.700e-7
619.37,1.555e+1,1.298e-20,1.160e-25,2.059e-43,3.800e-13,,,1.542e-18,6.711e-21,,1.158e-15,7.637e-2,1.569e-29,9.209e-18,1.132e-19,3.734e-20,6.337e-20,4.191e-25,,1.939e-6,1.652e-18,8.028e-23,2.284e-7,,2.469e-25,4.470e-19,,,3.345e-21,5.380e-17,2.782e-19,1.183e-10,2.026e-19,1.418e-22,5.230e+0,5.675e-17,4.751e-9,3.587e-17,1.459e-1,3.196e-16,5.647e+0,,2.918e-1,,,4.164e+0,,,2.378e-8,,,,5.875e-9,,,,,,2.649e-18,1.018e-6
619.39,1.557e+1,1.298e-20,1.146e-25,2.057e-43,2.722e-13,,,1.541e-18,6.713e-21,,1.158e-15,7.689e-2,1.569e-29,9.208e-18,1.123e-19,2.934e-20,6.340e-20,4.143e-25,,1.518e-6,1.653e-18,9.045e-23,2.974e-7,,2.470e-25,4.469e-19,,,3.342e-21,5.382e-17,2.783e-19,1.203e-10,2.026e-19,1.420e-22,5.121e+0,5.677e-17,3.580e-9,3.589e-17,1.486e-1,4.674e-16,5.897e+0,,2.643e-1,,,4.065e+0,,,1.842e-8,,,,7.688e-9,,,,,,2.647e-18,1.345e-6
619.42,1.560e+1,1.299e-20,1.124e-25,2.055e-43,1.644e-13,,,1.541e-18,6.714e-21,,1.158e-15,7.851e-2,1.567e-29,9.208e-18,1.109e-19,2.035e-20,6.344e-20,4.071e-25,,1.048e-6,1.653e-18,1.123e-22,4.403e-7,,2.471e-25,4.468e-19,,,3.337e-21,5.384e-17,2.783e-19,1.232e-10,2.026e-19,1.423e-22,4.944e+0,5.679e-17,2.334e-9,3.592e-17,1.523e-1,8.237e-16,6.284e+0,,2.269e-1,,,3.917e+0,,,1.251e-8,,,,1.147e-8,,,,,,2.644e-18,2.032e-6
619.44,1.562e+1,1.299e-20,1.110e-25,2.053e-43,1.171e-13,,,1.541e-18,6.716e-21,,1.157e-15,8.013e-2,1.567e-29,9.208e-18,1.100e-19,1.591e-20,6.347e-20,4.023e-25,,8.165e-7,1.654e-18,1.320e-22,5.705e-7,,2.472e-25,4.467e-19,,,3.335e-21,5.386e-17,2.784e-19,1.250e-10,2.027e-19,1.424e-22,4.818e+0,5.681e-17,1.750e-9,3.593e-17,1.545e-1,1.199e-15,6.548e+0,,2.045e-1,,,3.817e+0,,,9.642e-9,,,,1.493e-8,,,,,,2.642e-18,2.669e-6
619.47,1.565e+1,1.299e-20,1.088e-25,2.050e-43,7.022e-14,,,1.541e-18,6.717e-21,,1.157e-15,8.332e-2,1.566e-29,9.208e-18,1.086e-19,1.096e-20,6.351e-20,3.951e-25,,5.594e-7,1.654e-18,1.708e-22,8.383e-7,,2.473e-25,4.465e-19,,,3.330e-21,5.389e-17,2.784e-19,1.275e-10,2.027e-19,1.427e-22,4.616e+0,5.684e-17,1.132e-9,3.596e-17,1.573e-1,2.097e-15,6.951e+0,,1.743e-1,,,3.667e+0,,,6.499e-9,,,,2.210e-8,,,,,,2.639e-18,4.003e-6
619.49,1.567e+1,1.299e-20,1.074e-25,2.048e-43,4.979e-14,,,1.541e-18,6.719e-21,,1.157e-15,8.592e-2,1.565e-29,9.208e-18,1.076e-19,8.522e-21,6.353e-20,3.904e-25,,4.337e-7,1.655e-18,2.040e-22,1.081e-6,,2.474e-25,4.464e-19,,,3.328e-21,5.391e-17,2.785e-19,1.291e-10,2.027e-19,1.428e-22,4.476e+0,5.686e-17,8.448e-10,3.598e-17,1.589e-1,3.037e-15,7.222e+0,,1.563e-1,,,3.567e+0,,,4.984e-9,,,,2.863e-8,,,,,,2.637e-18,5.233e-6
619.52,1.569e+1,1.300e-20,1.052e-25,2.046e-43,2.962e-14,,,1.541e-18,6.720e-21,,1.156e-15,9.048e-2,1.564e-29,9.208e-18,1.062e-19,5.824e-21,6.357e-20,3.832e-25,,2.949e-7,1.655e-18,2.672e-22,1.577e-6,,2.475e-25,4.462e-19,,,3.323e-21,5.393e-17,2.785e-19,1.313e-10,2.027e-19,1.431e-22,4.257e+0,5.688e-17,5.424e-10,3.601e-17,1.609e-1,5.274e-15,7.632e+0,,1.322e-1,,,3.417e+0,,,3.334e-9,,,,4.207e-8,,,,,,2.635e-18,7.791e-6
619.54,1.570e+1,1.300e-20,1.038e-25,2.044e-43,2.090e-14,,,1.541e-18,6.722e-21,,1.156e-15,9.392e-2,1.563e-29,9.207e-18,1.053e-19,4.507e-21,6.360e-20,3.784e-25,,2.275e-7,1.656e-18,3.200e-22,2.023e-6,,2.475e-25,4.461e-19,,,3.320e-21,5.395e-17,2.786e-19,1.326e-10,2.027e-19,1.432e-22,4.107e+0,5.690e-17,4.027e-10,3.602e-17,1.619e-1,7.600e-15,7.904e+0,,1.180e-1,,,3.318e+0,,,2.544e-9,,,,5.424e-8,,,,,,2.633e-18,1.013e-5
619.57,1.572e+1,1.300e-20,1.016e-25,2.041e-43,1.234e-14,,,1.541e-18,6.723e-21,,1.155e-15,9.962e-2,1.562e-29,9.207e-18,1.039e-19,3.057e-21,6.364e-20,3.712e-25,,1.535e-7,1.656e-18,4.192e-22,2.928e-6,,2.477e-25,4.460e-19,,,3.316e-21,5.398e-17,2.787e-19,1.343e-10,2.027e-19,1.435e-22,3.877e+0,5.693e-17,2.566e-10,3.605e-17,1.630e-1,1.310e-14,8.308e+0,,9.904e-2,,,3.170e+0,,,1.689e-9,,,,7.910e-8,,,,,,2.630e-18,1.498e-5
619.59,1.572e+1,1.300e-20,1.002e-25,2.040e-43,8.662e-15,,,1.541e-18,6.725e-21,,1.155e-15,1.038e-1,1.561e-29,9.207e-18,1.029e-19,2.354e-21,6.367e-20,3.664e-25,,1.178e-7,1.656e-18,5.012e-22,3.738e-6,,2.477e-25,4.459e-19,,,3.313e-21,5.399e-17,2.787e-19,1.353e-10,2.028e-19,1.437e-22,3.721e+0,5.695e-17,1.895e-10,3.607e-17,1.635e-1,1.879e-14,8.573e+0,,8.792e-2,,,3.072e+0,,,1.282e-9,,,,1.015e-7,,,,,,2.628e-18,1.938e-5
619.62,1.572e+1,1.301e-20,9.800e-26,2.037e-43,5.076e-15,,,1.541e-18,6.726e-21,,1.155e-15,1.104e-1,1.560e-29,9.207e-18,1.015e-19,1.585e-21,6.371e-20,3.592e-25,,7.894e-8,1.657e-18,6.534e-22,5.373e-6,,2.478e-25,4.457e-19,,,3.309e-21,5.402e-17,2.788e-19,1.366e-10,2.028e-19,1.439e-22,3.487e+0,5.697e-17,1.199e-10,3.609e-17,1.639e-1,3.214e-14,8.961e+0,,7.327e-2,,,2.926e+0,,,8.451e-10,,,,1.469e-7,,,,,,2.625e-18,2.844e-5
619.64,1.571e+1,1.301e-20,9.655e-26,2.035e-43,3.545e-15,,,1.541e-18,6.728e-21,,1.154e-15,1.150e-1,1.559e-29,9.207e-18,1.006e-19,1.214e-21,6.373e-20,3.544e-25,,6.028e-8,1.657e-18,7.781e-22,6.825e-6,,2.479e-25,4.456e-19,,,3.306e-21,5.404e-17,2.788e-19,1.372e-10,2.028e-19,1.441e-22,3.330e+0,5.699e-17,8.809e-11,3.611e-17,1.640e-1,4.587e-14,9.211e+0,,6.472e-2,,,2.830e+0,,,6.384e-10,,,,1.875e-7,,,,,,2.623e-18,3.662e-5
619.67,1.569e+1,1.301e-20,9.439e-26,2.033e-43,2.062e-15,,,1.541e-18,6.729e-21,,1.154e-15,1.223e-1,1.558e-29,9.207e-18,9.920e-20,8.113e-22,6.377e-20,3.473e-25,,4.008e-8,1.658e-18,1.008e-21,9.736e-6,,2.480e-25,4.455e-19,,,3.302e-21,5.406e-17,2.789e-19,1.380e-10,2.028e-19,1.443e-22,3.097e+0,5.702e-17,5.530e-11,3.614e-17,1.638e-1,7.790e-14,9.571e+0,,5.353e-2,,,2.687e+0,,,4.175e-10,,,,2.695e-7,,,,,,2.620e-18,5.333e-5
619.69,1.567e+1,1.302e-20,9.294e-26,2.031e-43,1.433e-15,,,1.541e-18,6.731e-21,,1.154e-15,1.272e-1,1.557e-29,9.206e-18,9.827e-20,6.184e-22,6.380e-20,3.425e-25,,3.046e-8,1.658e-18,1.195e-21,1.231e-5,,2.481e-25,4.453e-19,,,3.299e-21,5.408e-17,2.789e-19,1.384e-10,2.028e-19,1.445e-22,2.943e+0,5.704e-17,4.044e-11,3.616e-17,1.635e-1,1.106e-13,9.798e+0,,4.705e-2,,,2.594e+0,,,3.138e-10,,,,3.424e-7,,,,,,2.618e-18,6.834e-5
619.72,1.563e+1,1.302e-20,9.078e-26,2.028e-43,8.270e-16,,,1.541e-18,6.732e-21,,1.153e-15,1.349e-1,1.556e-29,9.206e-18,9.686e-20,4.101e-22,6.384e-20,3.353e-25,,2.010e-8,1.659e-18,1.537e-21,1.743e-5,,2.482e-25,4.452e-19,,,3.295e-21,5.411e-17,2.790e-19,1.387e-10,2.028e-19,1.447e-22,2.717e+0,5.706e-17,2.519e-11,3.618e-17,1.630e-1,1.865e-13,1.012e+1,,3.862e-2,,,2.456e+0,,,2.037e-10,,,,4.883e-7,,,,,,2.615e-18,9.879e-5
619.74,1.559e+1,1.302e-20,8.933e-26,2.026e-43,5.718e-16,,,1.541e-18,6.734e-21,,1.153e-15,1.400e-1,1.555e-29,9.206e-18,9.593e-20,3.111e-22,6.387e-20,3.305e-25,,1.519e-8,1.659e-18,1.813e-21,2.192e-5,,2.483e-25,4.451e-19,,,3.292e-21,5.412e-17,2.790e-19,1.387e-10,2.029e-19,1.449e-22,2.569e+0,5.708e-17,1.833e-11,3.620e-17,1.626e-1,2.635e-13,1.032e+1,,3.378e-2,,,2.365e+0,,,1.523e-10,,,,6.173e-7,,,,,,2.613e-18,1.260e-4
619.76,1.554e+1,1.302e-20,8.789e-26,2.025e-43,3.946e-16,,,1.541e-18,6.735e-21,,1.153e-15,1.452e-1,1.555e-29,9.206e-18,9.499e-20,2.355e-22,6.389e-20,3.257e-25,,1.147e-8,1.660e-18,2.135e-21,2.751e-5,,2.484e-25,4.450e-19,,,3.289e-21,5.414e-17,2.791e-19,1.387e-10,2.029e-19,1.451e-22,2.425e+0,5.710e-17,1.331e-11,3.622e-17,1.621e-1,3.716e-13,1.050e+1,,2.948e-2,,,2.276e+0,,,1.137e-10,,,,7.787e-7,,,,,,2.611e-18,1.603e-4
619.79,1.545e+1,1.303e-20,8.572e-26,2.022e-43,2.254e-16,,,1.541e-18,6.737e-21,,1.152e-15,1.529e-1,1.553e-29,9.206e-18,9.359e-20,1.545e-22,6.393e-20,3.185e-25,,7.487e-9,1.660e-18,2.719e-21,3.856e-5,,2.485e-25,4.448e-19,,,3.285e-21,5.417e-17,2.791e-19,1.383e-10,2.029e-19,1.453e-22,2.215e+0,5.713e-17,8.214e-12,3.624e-17,1.615e-1,6.200e-13,1.075e+1,,2.395e-2,,,2.145e+0,,,7.303e-11,,,,1.099e-6,,,,,,2.608e-18,2.293e-4
619.81,1.538e+1,1.303e-20,8.428e-26,2.020e-43,1.547e-16,,,1.540e-18,6.738e-21,,1.152e-15,1.579e-1,1.553e-29,9.206e-18,9.265e-20,1.164e-22,6.396e-20,3.137e-25,,5.621e-9,1.660e-18,3.186e-21,4.816e-5,,2.486e-25,4.447e-19,,,3.282e-21,5.418e-17,2.792e-19,1.379e-10,2.029e-19,1.455e-22,2.080e+0,5.714e-17,5.942e-12,3.626e-17,1.612e-1,8.701e-13,1.090e+1,,2.080e-2,,,2.060e+0,,,5.423e-11,,,,1.380e-6,,,,,,2.606e-18,2.905e-4
619.84,1.525e+1,1.303e-20,8.211e-26,2.018e-43,8.770e-17,,,1.540e-18,6.740e-21,,1.152e-15,1.653e-1,1.551e-29,9.206e-18,9.125e-20,7.578e-23,6.400e-20,3.066e-25,,3.643e-9,1.661e-18,4.026e-21,6.699e-5,,2.487e-25,4.446e-19,,,3.278e-21,5.421e-17,2.792e-19,1.371e-10,2.029e-19,1.457e-22,1.886e+0,5.717e-17,3.652e-12,3.629e-17,1.609e-1,1.441e-12,1.109e+1,,1.677e-2,,,1.936e+0,,,3.457e-11,,,,1.934e-6,,,,,,2.603e-18,4.124e-4
619.86,1.515e+1,1.303e-20,8.067e-26,2.016e-43,5.991e-17,,,1.540e-18,6.741e-21,,1.151e-15,1.701e-1,1.551e-29,9.205e-18,9.031e-20,5.679e-23,6.403e-20,3.018e-25,,2.721e-9,1.661e-18,4.694e-21,8.327e-5,,2.487e-25,4.444e-19,,,3.275e-21,5.423e-17,2.793e-19,1.364e-10,2.029e-19,1.459e-22,1.762e+0,5.719e-17,2.643e-12,3.631e-17,1.609e-1,2.012e-12,1.119e+1,,1.449e-2,,,1.855e+0,,,2.554e-11,,,,2.415e-6,,,,,,2.601e-18,5.197e-4
619.89,1.499e+1,1.304e-20,7.850e-26,2.013e-43,3.370e-17,,,1.540e-18,6.743e-21,,1.151e-15,1.769e-1,1.550e-29,9.205e-18,1.650e-19,3.671e-23,6.407e-20,2.946e-25,,1.751e-9,1.662e-18,5.888e-21,1.150e-4,,2.489e-25,4.443e-19,,,3.271e-21,5.425e-17,2.793e-19,1.351e-10,2.030e-19,1.461e-22,1.585e+0,5.722e-17,1.643e-12,3.633e-17,1.613e-1,3.308e-12,1.131e+1,,1.159e-2,,,1.738e+0,,,1.616e-11,,,,3.359e-6,,,,,,2.598e-18,7.325e-4
619.91,1.486e+1,1.304e-20,7.706e-26,2.011e-43,2.291e-17,,,1.540e-18,6.744e-21,,1.151e-15,1.812e-1,1.549e-29,9.205e-18,2.460e-19,2.737e-23,6.409e-20,2.898e-25,,1.301e-9,1.662e-18,6.831e-21,1.422e-4,,2.489e-25,4.442e-19,,,3.268e-21,5.427e-17,2.794e-19,1.342e-10,2.030e-19,1.463e-22,1.474e+0,5.723e-17,1.217e-12,3.635e-17,1.619e-1,4.597e-12,1.137e+1,,9.968e-3,,,1.663e+0,,,1.188e-11,,,,4.175e-6,,,,,,2.596e-18,9.186e-4
619.94,1.465e+1,1.304e-20,7.489e-26,2.009e-43,1.279e-17,,,1.540e-18,6.746e-21,,1.150e-15,1.872e-1,1.548e-29,9.205e-18,4.461e-19,1.756e-23,6.413e-20,2.826e-25,,8.308e-10,1.663e-18,8.506e-21,1.949e-4,,2.490e-25,4.440e-19,,,3.264e-21,5.430e-17,2.795e-19,1.325e-10,2.030e-19,1.465e-22,1.316e+0,5.726e-17,8.236e-13,3.638e-17,1.634e-1,7.502e-12,1.142e+1,,7.917e-3,,,1.554e+0,,,7.460e-12,,,,5.765e-6,,,,,,2.594e-18,1.285e-3
619.96,1.449e+1,1.305e-20,7.345e-26,2.007e-43,8.649e-18,,,1.540e-18,6.747e-21,,1.150e-15,1.908e-1,1.547e-29,9.205e-18,6.618e-19,1.303e-23,6.416e-20,2.778e-25,,6.144e-10,1.663e-18,9.820e-21,2.399e-4,,2.491e-25,4.439e-19,,,3.261e-21,5.431e-17,2.795e-19,1.312e-10,2.030e-19,1.467e-22,1.218e+0,5.728e-17,6.831e-13,3.640e-17,1.647e-1,1.037e-11,1.143e+1,,6.773e-3,,,1.484e+0,,,5.457e-12,,,,7.130e-6,,,,,,2.592e-18,1.604e-3
619.99,1.424e+1,1.305e-20,7.128e-26,2.004e-43,4.792e-18,,,1.540e-18,6.749e-21,,1.149e-15,1.958e-1,1.546e-29,9.205e-18,1.192e-18,8.294e-24,6.420e-20,2.707e-25,,3.893e-10,1.664e-18,1.214e-20,3.263e-4,,2.492e-25,4.438e-19,,,3.257e-21,5.434e-17,2.796e-19,1.291e-10,2.030e-19,1.469e-22,1.080e+0,5.731e-17,6.158e-13,3.642e-17,1.676e-1,1.680e-11,1.140e+1,,5.339e-3,,,1.384e+0,,,3.401e-12,,,,9.771e-6,,,,,,2.589e-18,2.227e-3
620.01,1.405e+1,1.305e-20,6.984e-26,2.003e-43,3.225e-18,,,1.540e-18,6.750e-21,,1.149e-15,1.986e-1,1.545e-29,9.204e-18,1.759e-18,6.123e-24,6.423e-20,2.659e-25,,2.865e-10,1.664e-18,1.394e-20,3.996e-4,,2.493e-25,4.437e-19,,,3.254e-21,5.436e-17,2.796e-19,1.276e-10,2.030e-19,1.471e-22,9.938e-1,5.732e-17,6.582e-13,3.644e-17,1.700e-1,2.312e-11,1.136e+1,,4.545e-3,,,1.321e+0,,,2.475e-12,,,,1.203e-5,,,,,,2.587e-18,2.765e-3
620.04,1.375e+1,1.305e-20,6.767e-26,2.000e-43,1.773e-18,,,1.540e-18,6.752e-21,,1.149e-15,2.023e-1,1.544e-29,9.204e-18,3.143e-18,3.869e-24,6.427e-20,2.587e-25,,1.802e-10,1.665e-18,1.710e-20,5.396e-4,,2.494e-25,4.435e-19,,,3.249e-21,5.438e-17,2.797e-19,1.251e-10,2.031e-19,1.474e-22,8.744e-1,5.735e-17,8.617e-13,3.647e-17,1.745e-1,3.718e-11,1.126e+1,,3.556e-3,,,1.230e+0,,,1.531e-12,,,,1.636e-5,,,,,,2.584e-18,3.811e-3
620.06,1.354e+1,1.306e-20,6.623e-26,1.998e-43,1.187e-18,,,1.540e-18,6.753e-21,,1.148e-15,2.043e-1,1.543e-29,9.204e-18,4.618e-18,2.842e-24,6.429e-20,2.539e-25,,1.319e-10,1.665e-18,1.955e-20,6.576e-4,,2.495e-25,4.434e-19,,,3.247e-21,5.440e-17,2.797e-19,1.233e-10,2.031e-19,1.475e-22,8.009e-1,5.737e-17,1.110e-12,3.648e-17,1.781e-1,5.090e-11,1.117e+1,,3.012e-3,,,1.173e+0,,,1.109e-12,,,,2.003e-5,,,,,,2.582e-18,4.709e-3
620.09,1.320e+1,1.306e-20,6.406e-26,1.996e-43,6.480e-19,,,1.540e-18,6.754e-21,,1.148e-15,2.065e-1,1.542e-29,9.204e-18,8.192e-18,1.782e-24,6.433e-20,2.467e-25,,8.236e-11,1.666e-18,2.381e-20,8.814e-4,,2.496e-25,4.432e-19,,,3.242e-21,5.443e-17,2.798e-19,1.205e-10,2.031e-19,1.478e-22,6.994e-1,5.740e-17,1.711e-12,3.651e-17,1.845e-1,8.125e-11,1.100e+1,,2.339e-3,,,1.092e+0,,,6.806e-13,,,,2.705e-5,,,,,,2.579e-18,6.443e-3
620.11,1.296e+1,1.306e-20,6.262e-26,1.994e-43,4.316e-19,,,1.540e-18,6.756e-21,,1.148e-15,2.075e-1,1.541e-29,9.204e-18,1.197e-17,1.302e-24,6.436e-20,2.419e-25,,6.000e-11,1.666e-18,2.708e-20,1.069e-3,,2.497e-25,4.431e-19,,,3.239e-21,5.444e-17,2.798e-19,1.184e-10,2.031e-19,1.479e-22,6.374e-1,5.741e-17,2.322e-12,3.653e-17,1.894e-1,1.107e-10,1.087e+1,,1.971e-3,,,1.042e+0,,,4.904e-13,,,,3.296e-5,,,,,,2.577e-18,7.922e-3
620.13,1.271e+1,1.306e-20,6.118e-26,1.992e-43,4.349e-19,,,1.540e-18,6.757e-21,,1.147e-15,2.081e-1,1.540e-29,9.204e-18,1.747e-17,9.499e-25,6.439e-20,2.371e-25,,4.363e-11,1.666e-18,3.074e-20,1.294e-3,,2.498e-25,4.430e-19,,,3.237e-21,5.446e-17,2.799e-19,1.163e-10,2.031e-19,1.481e-22,5.798e-1,5.743e-17,3.168e-12,3.655e-17,1.950e-1,1.505e-10,1.072e+1,,1.658e-3,,,9.944e-1,,,3.526e-13,,,,4.009e-5,,,,,,2.575e-18,9.720e-3
620.16,1.232e+1,1.307e-20,5.901e-26,1.989e-43,4.398e-19,,,1.540e-18,6.759e-21,,1.147e-15,2.082e-1,1.539e-29,9.203e-18,3.067e-17,5.895e-25,6.443e-20,2.300e-25,,2.695e-11,1.667e-18,3.704e-20,1.716e-3,,2.499e-25,4.429e-19,,,3.232e-21,5.449e-17,2.799e-19,1.130e-10,2.032e-19,1.483e-22,5.011e-1,5.746e-17,5.060e-12,3.657e-17,2.044e-1,2.378e-10,1.046e+1,,1.274e-3,,,9.280e-1,,,2.142e-13,,,,5.357e-5,,,,,,2.572e-18,1.316e-2
620.18,1.204e+1,1.307e-20,5.757e-26,1.988e-43,4.431e-19,,,1.540e-18,6.760e-21,,1.147e-15,2.078e-1,1.539e-29,9.203e-18,4.453e-17,4.278e-25,6.445e-20,2.252e-25,,1.950e-11,1.667e-18,4.185e-20,2.067e-3,,2.499e-25,4.428e-19,,,3.230e-21,5.450e-17,2.800e-19,1.107e-10,2.032e-19,1.485e-22,4.535e-1,5.748e-17,6.911e-12,3.659e-17,2.114e-1,3.218e-10,1.027e+1,,1.066e-3,,,8.870e-1,,,1.532e-13,,,,6.483e-5,,,,,,2.570e-18,1.607e-2
620.21,1.163e+1,1.307e-20,5.540e-26,1.985e-43,4.480e-19,,,1.540e-18,6.762e-21,,1.146e-15,2.064e-1,1.537e-29,9.203e-18,7.761e-17,2.635e-25,6.449e-20,2.180e-25,,1.195e-11,1.668e-18,5.005e-20,2.721e-3,,2.501e-25,4.426e-19,,,3.225e-21,5.453e-17,2.800e-19,1.071e-10,2.032e-19,1.488e-22,3.890e-1,5.750e-17,1.100e-11,3.662e-17,2.230e-1,5.045e-10,9.951e+0,,8.131e-4,,,8.304e-1,,,9.239e-14,,,,8.599e-5,,,,,,2.567e-18,2.160e-2
620.23,1.134e+1,1.308e-20,5.395e-26,1.983e-43,4.513e-19,,,1.540e-18,6.763e-21,,1.146e-15,2.049e-1,1.537e-29,9.203e-18,1.121e-16,1.902e-25,6.452e-20,2.132e-25,,8.604e-12,1.668e-18,5.626e-20,3.261e-3,,2.501e-25,4.425e-19,,,3.222e-21,5.455e-17,2.801e-19,1.046e-10,2.032e-19,1.489e-22,3.503e-1,5.752e-17,1.497e-11,3.663e-17,2.315e-1,6.793e-10,9.725e+0,,6.771e-4,,,7.959e-1,,,6.577e-14,,,,1.036e-4,,,,,,2.565e-18,2.624e-2
620.26,1.090e+1,1.308e-20,5.179e-26,1.981e-43,4.562e-19,,,1.539e-18,6.765e-21,,1.146e-15,2.020e-1,1.535e-29,9.203e-18,1.940e-16,1.163e-25,6.456e-20,2.060e-25,,5.235e-12,1.669e-18,6.680e-20,4.262e-3,,2.502e-25,4.423e-19,,,3.218e-21,5.457e-17,2.801e-19,1.007e-10,2.032e-19,1.492e-22,2.982e-1,5.755e-17,2.368e-11,3.666e-17,2.452e-1,1.057e-9,9.365e+0,,5.126e-4,,,7.488e-1,,,3.935e-14,,,,1.363e-4,,,,,,2.562e-18,3.501e-2
620.28,1.060e+1,1.308e-20,5.034e-26,1.979e-43,4.594e-19,,,1.539e-18,6.766e-21,,1.145e-15,1.996e-1,1.535e-29,9.203e-18,2.789e-16,8.354e-26,6.459e-20,2.012e-25,,3.750e-12,1.669e-18,7.471e-20,5.082e-3,,2.503e-25,4.422e-19,,,3.215e-21,5.459e-17,2.802e-19,9.804e-11,2.032e-19,1.493e-22,2.673e-1,5.757e-17,3.207e-11,3.668e-17,2.551e-1,1.417e-9,9.112e+0,,4.247e-4,,,7.204e-1,,,2.787e-14,,,,1.634e-4,,,,,,2.560e-18,4.233e-2
620.31,1.015e+1,1.309e-20,4.818e-26,1.976e-43,4.643e-19,,,1.539e-18,6.768e-21,,1.145e-15,1.954e-1,1.534e-29,9.203e-18,4.789e-16,5.068e-26,6.463e-20,1.940e-25,,2.264e-12,1.670e-18,8.804e-20,6.592e-3,,2.504e-25,4.421e-19,,,3.211e-21,5.462e-17,2.802e-19,9.395e-11,2.033e-19,1.496e-22,2.259e-1,5.759e-17,5.035e-11,3.670e-17,2.709e-1,2.189e-9,8.716e+0,,3.191e-4,,,6.821e-1,,,1.655e-14,,,,2.135e-4,,,,,,2.557e-18,5.606e-2
620.33,9.853e+0,1.309e-20,4.673e-26,1.974e-43,4.676e-19,,,1.539e-18,6.769e-21,,1.145e-15,1.921e-1,1.533e-29,9.202e-18,6.851e-16,3.623e-26,6.465e-20,1.893e-25,,1.614e-12,1.670e-18,9.799e-20,7.822e-3,,2.505e-25,4.420e-19,,,3.208e-21,5.464e-17,2.803e-19,9.118e-11,2.033e-19,1.497e-22,2.014e-1,5.761e-17,6.786e-11,3.672e-17,2.820e-1,2.919e-9,8.443e+0,,2.631e-4,,,6.592e-1,,,1.167e-14,,,,2.546e-4,,,,,,2.555e-18,6.744e-2
620.36,9.405e+0,1.309e-20,4.457e-26,1.972e-43,4.725e-19,,,1.539e-18,6.771e-21,,1.144e-15,1.866e-1,1.532e-29,9.202e-18,1.168e-15,2.182e-26,6.469e-20,1.821e-25,,9.673e-13,1.671e-18,1.146e-19,1.007e-2,,2.506e-25,4.418e-19,,,3.204e-21,5.466e-17,2.804e-19,8.694e-11,2.033e-19,1.500e-22,1.690e-1,5.764e-17,1.058e-10,3.675e-17,2.995e-1,4.476e-9,8.022e+0,,1.962e-4,,,6.287e-1,,,6.876e-15,,,,3.303e-4,,,,,,2.553e-18,8.866e-2
620.38,9.109e+0,1.309e-20,4.312e-26,1.970e-43,4.758e-19,,,1.539e-18,6.772e-21,,1.144e-15,1.825e-1,1.531e-29,9.202e-18,1.663e-15,1.552e-26,6.472e-20,1.773e-25,,6.859e-13,1.671e-18,1.269e-19,1.189e-2,,2.507e-25,4.417e-19,,,3.201e-21,5.468e-17,2.804e-19,8.408e-11,2.033e-19,1.502e-22,1.500e-1,5.766e-17,1.418e-10,3.677e-17,3.116e-1,5.939e-9,7.736e+0,,1.609e-4,,,6.108e-1,,,4.821e-15,,,,3.919e-4,,,,,,2.551e-18,1.061e-1
620.41,8.673e+0,1.310e-20,4.096e-26,1.967e-43,4.807e-19,,,1.539e-18,6.774e-21,,1.143e-15,1.760e-1,1.530e-29,9.202e-18,2.814e-15,9.273e-27,6.476e-20,1.701e-25,,4.080e-13,1.672e-18,1.474e-19,1.520e-2,,2.508e-25,4.415e-19,,,3.197e-21,5.470e-17,2.805e-19,7.976e-11,2.033e-19,1.504e-22,1.249e-1,5.768e-17,2.195e-10,3.679e-17,3.304e-1,9.042e-9,7.300e+0,,1.191e-4,,,5.871e-1,,,2.820e-15,,,,5.046e-4,,,,,,2.548e-18,1.385e-1
620.43,8.390e+0,1.310e-20,3.951e-26,1.966e-43,4.839e-19,,,1.539e-18,6.775e-21,,1.143e-15,1.713e-1,1.529e-29,9.202e-18,3.986e-15,6.562e-27,6.479e-20,1.653e-25,,2.879e-13,1.672e-18,1.624e-19,1.786e-2,,2.509e-25,4.414e-19,,,3.194e-21,5.472e-17,2.805e-19,7.686e-11,2.033e-19,1.506e-22,1.103e-1,5.770e-17,2.929e-10,3.681e-17,3.433e-1,1.194e-8,7.008e+0,,9.721e-5,,,5.734e-1,,,1.968e-15,,,,5.958e-4,,,,,,2.546e-18,1.650e-1
620.46,7.980e+0,1.310e-20,3.735e-26,1.963e-43,4.888e-19,,,1.539e-18,6.777e-21,,1.143e-15,1.639e-1,1.528e-29,9.202e-18,6.695e-15,3.892e-27,6.483e-20,1.581e-25,,1.700e-13,1.672e-18,1.872e-19,2.266e-2,,2.510e-25,4.413e-19,,,3.190e-21,5.475e-17,2.806e-19,7.250e-11,2.034e-19,1.508e-22,9.130e-2,5.773e-17,4.498e-10,3.684e-17,3.629e-1,1.804e-8,6.569e+0,,7.141e-5,,,5.554e-1,,,1.142e-15,,,,7.615e-4,,,,,,2.543e-18,2.137e-1
620.48,7.719e+0,1.310e-20,3.590e-26,1.961e-43,4.921e-19,,,1.539e-18,6.778e-21,,1.142e-15,1.588e-1,1.527e-29,9.201e-18,9.437e-15,2.741e-27,6.485e-20,1.533e-25,,1.193e-13,1.673e-18,2.053e-19,2.649e-2,,2.511e-25,4.412e-19,,,3.187e-21,5.477e-17,2.806e-19,6.960e-11,2.034e-19,1.510e-22,8.031e-2,5.775e-17,5.973e-10,3.686e-17,3.761e-1,2.370e-8,6.278e+0,,5.800e-5,,,5.450e-1,,,7.931e-16,,,,8.947e-4,,,,,,2.541e-18,2.532e-1
620.51,7.349e+0,1.311e-20,3.374e-26,1.959e-43,4.970e-19,,,1.539e-18,6.780e-21,,1.142e-15,1.509e-1,1.526e-29,9.201e-18,1.574e-14,1.613e-27,6.489e-20,1.462e-25,,6.993e-14,1.673e-18,2.348e-19,3.336e-2,,2.512e-25,4.410e-19,,,3.183e-21,5.479e-17,2.807e-19,6.528e-11,2.034e-19,1.512e-22,6.607e-2,5.777e-17,9.107e-10,3.688e-17,3.960e-1,3.555e-8,5.845e+0,,4.229e-5,,,5.314e-1,,,4.570e-16,,,,1.135e-3,,,,,,2.538e-18,3.256e-1
620.53,7.120e+0,1.311e-20,3.229e-26,1.957e-43,5.003e-19,,,1.539e-18,6.781e-21,,1.142e-15,1.454e-1,1.525e-29,9.201e-18,2.207e-14,1.130e-27,6.492e-20,1.414e-25,,4.885e-14,1.674e-18,2.562e-19,3.881e-2,,2.513e-25,4.409e-19,,,3.180e-21,5.481e-17,2.807e-19,6.243e-11,2.034e-19,1.514e-22,5.792e-2,5.779e-17,1.203e-9,3.690e-17,4.092e-1,4.647e-8,5.560e+0,,3.417e-5,,,5.236e-1,,,3.156e-16,,,,1.327e-3,,,,,,2.536e-18,3.840e-1
620.55,6.907e+0,1.311e-20,3.085e-26,1.955e-43,5.035e-19,,,1.539e-18,6.782e-21,,1.141e-15,1.399e-1,1.524e-29,9.201e-18,3.090e-14,7.903e-28,6.495e-20,1.366e-25,,3.405e-14,1.674e-18,2.790e-19,4.506e-2,,2.513e-25,4.408e-19,,,3.177e-21,5.483e-17,2.808e-19,5.961e-11,2.034e-19,1.516e-22,5.073e-2,5.781e-17,1.587e-9,3.692e-17,4.222e-1,6.063e-8,5.279e+0,,2.756e-5,,,5.165e-1,,,2.176e-16,,,,1.548e-3,,,,,,2.534e-18,4.520e-1
620.58,6.623e+0,1.312e-20,2.868e-26,1.952e-43,5.084e-19,,,1.539e-18,6.784e-21,,1.141e-15,1.315e-1,1.523e-29,9.201e-18,5.100e-14,4.603e-28,6.499e-20,2.491e-25,,1.975e-14,1.675e-18,3.158e-19,5.617e-2,,2.514e-25,4.406e-19,,,3.173e-21,5.485e-17,2.808e-19,5.544e-11,2.034e-19,1.518e-22,4.155e-2,5.783e-17,2.395e-9,3.694e-17,4.413e-1,9.002e-8,4.868e+0,,1.988e-5,,,5.072e-1,,,1.241e-16,,,,1.944e-3,,,,,,2.531e-18,5.752e-1
620.6,6.460e+0,1.312e-20,2.724e-26,1.951e-43,5.117e-19,,,1.539e-18,6.785e-21,,1.141e-15,1.259e-1,1.523e-29,9.201e-18,7.105e-14,3.203e-28,6.501e-20,3.709e-25,,1.370e-14,1.675e-18,3.422e-19,6.489e-2,,2.515e-25,4.405e-19,,,3.170e-21,5.487e-17,2.809e-19,5.272e-11,2.035e-19,1.520e-22,3.638e-2,5.785e-17,3.142e-9,3.696e-17,4.536e-1,1.169e-7,4.601e+0,,1.595e-5,,,5.016e-1,,,8.508e-17,,,,2.257e-3,,,,,,2.529e-18,6.737e-1
620.63,6.261e+0,1.312e-20,2.507e-26,1.948e-43,5.166e-19,,,1.539e-18,6.787e-21,,1.140e-15,1.175e-1,1.521e-29,9.200e-18,1.164e-13,1.851e-28,6.505e-20,6.713e-25,,7.883e-15,1.676e-18,3.846e-19,8.028e-2,,2.516e-25,4.404e-19,,,3.166e-21,5.490e-17,2.809e-19,4.873e-11,2.035e-19,1.522e-22,2.988e-2,5.788e-17,4.707e-9,3.699e-17,4.714e-1,1.722e-7,4.214e+0,,1.143e-5,,,4.940e-1,,,4.815e-17,,,,2.813e-3,,,,,,2.526e-18,8.509e-1
620.65,6.162e+0,1.312e-20,2.363e-26,1.946e-43,5.199e-19,,,1.539e-18,6.788e-21,,1.140e-15,1.119e-1,1.521e-29,9.200e-18,1.614e-13,1.282e-28,6.508e-20,9.947e-25,,5.441e-15,1.676e-18,4.147e-19,9.229e-2,,2.517e-25,4.403e-19,,,3.163e-21,5.491e-17,2.810e-19,4.614e-11,2.035e-19,1.524e-22,2.628e-2,5.790e-17,6.147e-9,3.701e-17,4.826e-1,2.225e-7,3.965e+0,,9.122e-6,,,4.892e-1,,,3.286e-17,,,,3.250e-3,,,,,,2.524e-18,9.917e-1
620.68,6.073e+0,1.313e-20,2.146e-26,1.944e-43,5.248e-19,,,1.538e-18,6.790e-21,,1.140e-15,1.037e-1,1.520e-29,9.200e-18,2.624e-13,7.353e-29,6.512e-20,1.788e-24,,3.108e-15,1.676e-18,4.625e-19,1.133e-1,,2.518e-25,4.401e-19,,,3.159e-21,5.494e-17,2.810e-19,4.238e-11,2.035e-19,1.526e-22,2.186e-2,5.792e-17,9.139e-9,3.703e-17,4.983e-1,3.255e-7,3.606e+0,,6.484e-6,,,4.822e-1,,,1.845e-17,,,,4.020e-3,,,,,,2.521e-18,1.243e+0
620.7,6.057e+0,1.313e-20,2.002e-26,1.942e-43,5.280e-19,,,1.538e-18,6.791e-21,,1.139e-15,9.836e-2,1.519e-29,9.200e-18,3.620e-13,5.065e-29,6.515e-20,2.636e-24,,2.133e-15,1.677e-18,4.962e-19,1.296e-1,,2.519e-25,4.400e-19,,,3.156e-21,5.496e-17,2.811e-19,3.996e-11,2.035e-19,1.528e-22,1.950e-2,5.794e-17,1.188e-8,3.705e-17,5.080e-1,4.185e-7,3.377e+0,,5.151e-6,,,4.776e-1,,,1.253e-17,,,,4.622e-3,,,,,,2.519e-18,1.442e+0
620.73,6.107e+0,1.313e-20,1.785e-26,1.939e-43,5.330e-19,,,1.538e-18,6.793e-21,,1.139e-15,9.051e-2,1.518e-29,9.200e-18,5.843e-13,2.884e-29,6.519e-20,4.701e-24,,1.210e-15,1.677e-18,5.494e-19,1.580e-1,,2.520e-25,4.399e-19,,,3.151e-21,5.498e-17,2.812e-19,3.647e-11,2.035e-19,1.530e-22,1.672e-2,5.797e-17,1.753e-8,3.708e-17,5.211e-1,6.077e-7,3.050e+0,,3.634e-6,,,4.705e-1,,,6.984e-18,,,,5.676e-3,,,,,,2.516e-18,1.794e+0
620.75,6.195e+0,1.313e-20,1.641e-26,1.937e-43,5.362e-19,,,1.538e-18,6.794e-21,,1.138e-15,8.544e-2,1.517e-29,9.200e-18,8.021e-13,1.976e-29,6.521e-20,6.898e-24,,8.265e-16,1.678e-18,5.866e-19,1.799e-1,,2.521e-25,4.397e-19,,,3.149e-21,5.500e-17,2.812e-19,3.423e-11,2.036e-19,1.532e-22,1.534e-2,5.799e-17,2.267e-8,3.709e-17,5.288e-1,7.773e-7,2.843e+0,,2.872e-6,,,4.655e-1,,,4.719e-18,,,,6.492e-3,,,,,,2.514e-18,2.071e+0
620.78,6.422e+0,1.314e-20,1.424e-26,1.935e-43,5.411e-19,,,1.538e-18,6.796e-21,,1.138e-15,7.812e-2,1.516e-29,9.200e-18,1.285e-12,1.117e-29,6.525e-20,1.221e-23,,4.651e-16,1.678e-18,6.446e-19,2.177e-1,,2.522e-25,4.396e-19,,,3.144e-21,5.503e-17,2.813e-19,3.103e-11,2.036e-19,1.535e-22,1.389e-2,5.801e-17,3.321e-8,3.712e-17,5.387e-1,1.121e-6,2.550e+0,,2.011e-6,,,4.576e-1,,,2.610e-18,,,,7.914e-3,,,,,,2.512e-18,2.558e+0
620.8,6.642e+0,1.314e-20,1.280e-26,1.933e-43,5.444e-19,,,1.538e-18,6.797e-21,,1.138e-15,7.344e-2,1.515e-29,9.199e-18,1.756e-12,7.616e-30,6.528e-20,1.783e-23,,3.162e-16,1.679e-18,6.848e-19,2.465e-1,,2.523e-25,4.395e-19,,,3.141e-21,5.504e-17,2.813e-19,2.900e-11,2.036e-19,1.536e-22,1.332e-2,5.803e-17,4.273e-8,3.714e-17,5.442e-1,1.426e-6,2.366e+0,,1.582e-6,,,4.520e-1,,,1.755e-18,,,,9.008e-3,,,,,,2.510e-18,2.938e+0
620.83,7.089e+0,1.314e-20,1.063e-26,1.930e-43,5.493e-19,,,1.538e-18,6.799e-21,,1.137e-15,6.676e-2,1.514e-29,9.199e-18,2.793e-12,4.272e-30,6.532e-20,3.135e-23,,1.766e-16,1.679e-18,7.470e-19,2.961e-1,,2.524e-25,4.393e-19,,,3.137e-21,5.507e-17,2.814e-19,2.611e-11,2.036e-19,1.539e-22,1.301e-2,5.806e-17,6.214e-8,3.717e-17,5.505e-1,2.041e-6,2.107e+0,,1.099e-6,,,4.428e-1,,,9.635e-19,,,,1.090e-2,,,,,,2.507e-18,3.602e+0
620.85,7.473e+0,1.315e-20,9.190e-27,1.929e-43,5.526e-19,,,1.538e-18,6.800e-21,,1.137e-15,6.255e-2,1.513e-29,9.199e-18,3.796e-12,2.899e-30,6.535e-20,4.555e-23,,1.195e-16,1.680e-18,7.896e-19,3.337e-1,,2.525e-25,4.392e-19,,,3.134e-21,5.509e-17,2.814e-19,2.429e-11,2.036e-19,1.540e-22,1.316e-2,5.808e-17,7.957e-8,3.718e-17,5.535e-1,2.585e-6,1.946e+0,,8.603e-7,,,4.362e-1,,,6.444e-19,,,,1.234e-2,,,,,,2.505e-18,4.116e+0
620.88,8.195e+0,1.315e-20,7.024e-27,1.926e-43,5.575e-19,,,1.538e-18,6.802e-21,,1.137e-15,5.662e-2,1.512e-29,9.199e-18,5.994e-12,1.614e-30,6.539e-20,7.948e-23,,6.622e-17,1.680e-18,8.549e-19,3.978e-1,,2.526e-25,4.391e-19,,,3.130e-21,5.511e-17,2.815e-19,2.173e-11,2.037e-19,1.543e-22,1.388e-2,5.810e-17,1.149e-7,3.721e-17,5.559e-1,3.672e-6,1.721e+0,,5.934e-7,,,4.256e-1,,,3.512e-19,,,,1.483e-2,,,,,,2.502e-18,5.009e+0
620.9,8.783e+0,1.315e-20,5.580e-27,1.924e-43,5.607e-19,,,1.538e-18,6.803e-21,,1.136e-15,5.294e-2,1.511e-29,9.199e-18,8.108e-12,1.089e-30,6.541e-20,1.149e-22,,4.457e-17,1.681e-18,8.993e-19,4.462e-1,,2.526e-25,4.390e-19,,,3.127e-21,5.513e-17,2.815e-19,2.012e-11,2.037e-19,1.544e-22,1.471e-2,5.812e-17,1.464e-7,3.723e-17,5.563e-1,4.628e-6,1.582e+0,,4.621e-7,,,4.179e-1,,,3.551e-19,,,,1.671e-2,,,,,,2.500e-18,5.696e+0
620.92,9.464e+0,1.315e-20,4.136e-27,1.922e-43,5.640e-19,,,1.538e-18,6.804e-21,,1.136e-15,4.949e-2,1.510e-29,9.199e-18,1.095e-11,7.338e-31,6.544e-20,1.658e-22,,2.994e-17,1.681e-18,9.440e-19,4.994e-1,,2.527e-25,4.389e-19,,,3.124e-21,5.515e-17,2.816e-19,1.860e-11,2.037e-19,1.546e-22,1.581e-2,5.814e-17,1.861e-7,3.724e-17,5.555e-1,5.822e-6,1.451e+0,,3.591e-7,,,4.099e-1,,,3.589e-19,,,,1.879e-2,,,,,,2.498e-18,6.464e+0
620.95,1.068e+1,1.316e-20,1.970e-27,1.920e-43,5.689e-19,,,1.538e-18,6.806e-21,,1.136e-15,4.475e-2,1.509e-29,9.198e-18,1.710e-11,4.043e-31,6.548e-20,2.864e-22,,1.642e-17,1.681e-18,1.012e-18,5.893e-1,,2.528e-25,4.387e-19,,,3.120e-21,5.517e-17,2.816e-19,1.647e-11,2.037e-19,1.549e-22,1.800e-2,5.817e-17,2.659e-7,3.727e-17,5.523e-1,8.184e-6,1.271e+0,,2.451e-7,,,3.969e-1,,,3.647e-19,,,,2.234e-2,,,,,,2.495e-18,7.786e+0
620.97,1.163e+1,1.316e-20,5.257e-28,1.918e-43,5.722e-19,,,1.538e-18,6.807e-21,,1.135e-15,4.189e-2,1.508e-29,9.198e-18,2.298e-11,2.710e-31,6.551e-20,4.112e-22,,9.477e-18,1.682e-18,1.057e-18,6.563e-1,,2.529e-25,4.386e-19,,,3.117e-21,5.519e-17,2.817e-19,1.515e-11,2.037e-19,1.550e-22,1.982e-2,5.819e-17,3.365e-7,3.729e-17,5.489e-1,1.024e-5,1.160e+0,,1.895e-7,,,3.878e-1,,,3.686e-19,,,,2.500e-2,,,,,,2.493e-18,8.792e+0
621,1.330e+1,1.316e-20,9.578e-28,1.915e-43,5.771e-19,,,1.538e-18,6.809e-21,,1.135e-15,3.808e-2,1.507e-29,9.198e-18,3.564e-11,1.482e-31,6.555e-20,7.049e-22,,5.166e-18,1.682e-18,1.124e-18,7.686e-1,,2.530e-25,4.384e-19,,,3.113e-21,5.522e-17,2.817e-19,1.333e-11,2.037e-19,1.553e-22,2.315e-2,5.821e-17,4.773e-7,3.732e-17,5.418e-1,1.429e-5,1.009e+0,,1.284e-7,,,3.734e-1,,,3.744e-19,,,,2.950e-2,,,,,,2.490e-18,1.051e+1
621.02,1.457e+1,1.317e-20,1.425e-27,1.914e-43,5.803e-19,,,1.538e-18,6.810e-21,,1.135e-15,3.587e-2,1.507e-29,9.198e-18,4.765e-11,9.881e-32,6.557e-20,1.007e-21,,5.183e-18,1.683e-18,1.168e-18,8.519e-1,,2.531e-25,4.383e-19,,,3.110e-21,5.523e-17,2.818e-19,1.220e-11,2.037e-19,1.554e-22,2.579e-2,5.823e-17,6.010e-7,3.733e-17,5.358e-1,1.781e-5,9.170e-1,,9.879e-8,,,3.633e-1,,,3.783e-19,,,,3.286e-2,,,,,,2.488e-18,1.181e+1
621.05,1.678e+1,1.317e-20,2.578e-27,1.911e-43,5.852e-19,,,1.538e-18,6.812e-21,,1.134e-15,3.306e-2,1.505e-29,9.198e-18,7.338e-11,1.014e-31,6.561e-20,1.714e-21,,5.208e-18,1.683e-18,1.233e-18,9.902e-1,,2.532e-25,4.382e-19,,,3.106e-21,5.526e-17,2.818e-19,1.065e-11,2.038e-19,1.557e-22,3.042e-2,5.826e-17,8.462e-7,3.736e-17,5.250e-1,2.466e-5,7.917e-1,,6.642e-8,,,3.476e-1,,,3.841e-19,,,,3.848e-2,,,,,,2.485e-18,1.402e+1
621.07,1.844e+1,1.317e-20,3.818e-27,1.909e-43,5.885e-19,,,1.538e-18,6.813e-21,,1.134e-15,3.154e-2,1.505e-29,9.198e-18,9.761e-11,1.032e-31,6.564e-20,2.437e-21,,5.225e-18,1.684e-18,1.275e-18,1.092e+0,,2.533e-25,4.381e-19,,,3.103e-21,5.528e-17,2.819e-19,9.710e-12,2.038e-19,1.558e-22,3.399e-2,5.827e-17,1.060e-6,3.738e-17,5.167e-1,3.057e-5,7.161e-1,,5.085e-8,,,3.368e-1,,,3.880e-19,,,,4.264e-2,,,,,,2.483e-18,1.567e+1
621.1,2.128e+1,1.317e-20,6.856e-27,1.907e-43,5.934e-19,,,1.537e-18,6.815e-21,,1.133e-15,2.983e-2,1.504e-29,9.197e-18,1.492e-10,1.058e-31,6.568e-20,4.118e-21,,5.251e-18,1.684e-18,1.337e-18,1.260e+0,,2.534e-25,4.379e-19,,,3.099e-21,5.530e-17,2.819e-19,8.418e-12,2.038e-19,1.561e-22,4.015e-2,5.830e-17,1.482e-6,3.740e-17,5.026e-1,4.203e-5,6.138e-1,,3.394e-8,,,3.201e-1,,,3.938e-19,,,,4.957e-2,,,,,,2.480e-18,1.846e+1
621.12,2.341e+1,1.318e-20,1.010e-26,1.905e-43,5.967e-19,,,1.537e-18,6.816e-21,,1.133e-15,2.908e-2,1.503e-29,9.197e-18,1.975e-10,1.076e-31,6.571e-20,5.826e-21,,5.268e-18,1.685e-18,1.376e-18,1.383e+0,,2.535e-25,4.378e-19,,,3.096e-21,5.532e-17,2.820e-19,7.636e-12,2.038e-19,1.563e-22,4.482e-2,5.832e-17,1.848e-6,3.742e-17,4.922e-1,5.184e-5,5.526e-1,,2.585e-8,,,3.088e-1,,,3.977e-19,,,,5.467e-2,,,,,,2.478e-18,2.054e+1
621.15,2.699e+1,1.318e-20,1.801e-26,1.902e-43,6.016e-19,,,1.537e-18,6.818e-21,,1.133e-15,2.858e-2,1.502e-29,9.197e-18,2.997e-10,1.102e-31,6.575e-20,9.770e-21,,5.293e-18,1.685e-18,1.431e-18,1.584e+0,,2.536e-25,4.376e-19,,,3.092e-21,5.535e-17,2.821e-19,6.572e-12,2.038e-19,1.565e-22,5.276e-2,5.835e-17,2.564e-6,3.745e-17,4.752e-1,7.076e-5,4.703e-1,,1.712e-8,,,2.915e-1,,,4.035e-19,,,,6.308e-2,,,,,,2.475e-18,2.402e+1
621.17,2.965e+1,1.318e-20,2.641e-26,1.900e-43,6.048e-19,,,1.537e-18,6.819e-21,,1.132e-15,2.869e-2,1.501e-29,9.197e-18,3.947e-10,1.120e-31,6.577e-20,1.376e-20,,5.310e-18,1.685e-18,1.465e-18,1.730e+0,,2.536e-25,4.375e-19,,,3.089e-21,5.536e-17,2.821e-19,5.932e-12,2.039e-19,1.567e-22,5.873e-2,5.836e-17,3.181e-6,3.747e-17,4.631e-1,8.684e-5,4.213e-1,,1.298e-8,,,2.799e-1,,,4.074e-19,,,,6.922e-2,,,,,,2.473e-18,2.660e+1
621.2,3.408e+1,1.319e-20,4.673e-26,1.898e-43,6.098e-19,,,1.537e-18,6.821e-21,,1.132e-15,2.958e-2,1.500e-29,9.197e-18,5.946e-10,1.146e-31,6.581e-20,2.290e-20,,5.336e-18,1.686e-18,1.513e-18,1.966e+0,,2.538e-25,4.374e-19,,,3.085e-21,5.539e-17,2.822e-19,5.069e-12,2.039e-19,1.569e-22,6.875e-2,5.839e-17,4.381e-6,3.749e-17,4.438e-1,1.177e-4,3.560e-1,,8.532e-9,,,2.624e-1,,,4.132e-19,,,,7.928e-2,,,,,,2.471e-18,3.087e+1
621.22,3.734e+1,1.319e-20,6.819e-26,1.896e-43,6.130e-19,,,1.537e-18,6.822e-21,,1.132e-15,3.068e-2,1.499e-29,9.197e-18,7.793e-10,1.164e-31,6.584e-20,3.209e-20,,5.353e-18,1.686e-18,1.542e-18,2.137e+0,,2.538e-25,4.373e-19,,,3.082e-21,5.541e-17,2.822e-19,4.554e-12,2.039e-19,1.571e-22,7.621e-2,5.841e-17,5.410e-6,3.751e-17,4.303e-1,1.437e-4,3.174e-1,,6.434e-9,,,2.508e-1,,,4.171e-19,,,,8.657e-2,,,,,,2.469e-18,3.401e+1
621.25,4.272e+1,1.319e-20,1.198e-25,1.893e-43,6.179e-19,,,1.537e-18,6.824e-21,,1.131e-15,3.317e-2,1.498e-29,9.197e-18,1.165e-9,1.190e-31,6.588e-20,5.302e-20,,5.378e-18,1.687e-18,1.580e-18,2.411e+0,,2.539e-25,4.371e-19,,,3.078e-21,5.543e-17,2.823e-19,3.863e-12,2.039e-19,1.573e-22,8.865e-2,5.844e-17,7.396e-6,3.754e-17,4.094e-1,1.932e-4,2.663e-1,,4.198e-9,,,2.334e-1,,,4.229e-19,,,,9.842e-2,,,,,,2.466e-18,3.918e+1
621.27,4.665e+1,1.319e-20,1.739e-25,1.892e-43,6.212e-19,,,1.537e-18,6.825e-21,,1.131e-15,3.544e-2,1.497e-29,9.196e-18,1.520e-9,1.208e-31,6.591e-20,7.393e-20,,5.395e-18,1.687e-18,1.602e-18,2.607e+0,,2.540e-25,4.370e-19,,,3.075e-21,5.545e-17,2.823e-19,3.454e-12,2.039e-19,1.575e-22,9.782e-2,5.845e-17,9.088e-6,3.755e-17,3.950e-1,2.348e-4,2.363e-1,,3.150e-9,,,2.221e-1,,,4.267e-19,,,,1.069e-1,,,,,,2.464e-18,4.295e+1
621.29,5.087e+1,1.320e-20,2.521e-25,1.890e-43,6.245e-19,,,1.537e-18,6.826e-21,,1.131e-15,3.823e-2,1.496e-29,9.196e-18,1.979e-9,1.226e-31,6.593e-20,1.029e-19,,5.412e-18,1.688e-18,1.621e-18,2.813e+0,,2.541e-25,4.369e-19,,,3.072e-21,5.547e-17,2.824e-19,3.081e-12,2.039e-19,1.577e-22,1.077e-1,5.847e-17,1.114e-5,3.757e-17,3.803e-1,2.849e-4,2.093e-1,,2.359e-9,,,2.108e-1,,,4.306e-19,,,,1.160e-1,,,,,,2.462e-18,4.700e+1
621.32,5.775e+1,1.320e-20,4.383e-25,1.887e-43,6.294e-19,,,1.537e-18,6.828e-21,,1.130e-15,4.350e-2,1.495e-29,9.196e-18,2.928e-9,1.252e-31,6.597e-20,1.683e-19,,5.438e-18,1.688e-18,1.644e-18,3.142e+0,,2.542e-25,4.367e-19,,,3.068e-21,5.550e-17,2.824e-19,2.587e-12,2.040e-19,1.579e-22,1.241e-1,5.850e-17,1.508e-5,3.760e-17,3.581e-1,3.791e-4,1.738e-1,,1.523e-9,,,1.943e-1,,,4.364e-19,,,,1.305e-1,,,,,,2.459e-18,5.358e+1
621.34,6.272e+1,1.320e-20,6.321e-25,1.885e-43,6.326e-19,,,1.537e-18,6.829e-21,,1.130e-15,4.779e-2,1.494e-29,9.196e-18,3.793e-9,1.270e-31,6.600e-20,2.330e-19,,5.455e-18,1.689e-18,1.656e-18,3.374e+0,,2.543e-25,4.366e-19,,,3.065e-21,5.551e-17,2.825e-19,2.297e-12,2.040e-19,1.581e-22,1.360e-1,5.852e-17,1.840e-5,3.762e-17,3.431e-1,4.576e-4,1.532e-1,,1.135e-9,,,1.836e-1,,,4.403e-19,,,,1.408e-1,,,,,,2.457e-18,5.834e+1
621.37,7.075e+1,1.320e-20,1.091e-24,1.883e-43,6.375e-19,,,1.537e-18,6.831e-21,,1.130e-15,5.554e-2,1.493e-29,9.196e-18,5.571e-9,1.296e-31,6.604e-20,3.783e-19,,5.480e-18,1.689e-18,1.667e-18,3.740e+0,,2.544e-25,4.365e-19,,,3.061e-21,5.554e-17,2.825e-19,1.915e-12,2.040e-19,1.583e-22,1.555e-1,5.854e-17,2.472e-5,3.764e-17,3.206e-1,6.046e-4,1.263e-1,,7.275e-10,,,1.681e-1,,,4.461e-19,,,,1.572e-1,,,,,,2.454e-18,6.603e+1
621.39,7.650e+1,1.321e-20,1.566e-24,1.881e-43,6.408e-19,,,1.537e-18,6.832e-21,,1.129e-15,6.166e-2,1.493e-29,9.196e-18,7.182e-9,1.314e-31,6.607e-20,5.213e-19,,5.497e-18,1.690e-18,1.670e-18,3.996e+0,,2.545e-25,4.364e-19,,,3.058e-21,5.556e-17,2.826e-19,1.692e-12,2.040e-19,1.585e-22,1.696e-1,5.856e-17,3.002e-5,3.766e-17,3.057e-1,7.261e-4,1.108e-1,,5.394e-10,,,1.581e-1,,,4.500e-19,,,,1.688e-1,,,,,,2.452e-18,7.153e+1
621.42,8.572e+1,1.321e-20,2.682e-24,1.878e-43,6.457e-19,,,1.537e-18,6.834e-21,,1.129e-15,7.242e-2,1.491e-29,9.195e-18,1.047e-8,1.340e-31,6.611e-20,8.402e-19,,5.523e-18,1.690e-18,1.669e-18,4.397e+0,,2.546e-25,4.362e-19,,,3.053e-21,5.558e-17,2.826e-19,1.400e-12,2.040e-19,1.587e-22,1.925e-1,5.859e-17,4.003e-5,3.769e-17,2.836e-1,9.522e-4,9.066e-2,,3.431e-10,,,1.437e-1,,,4.558e-19,,,,1.872e-1,,,,,,2.449e-18,8.036e+1
621.44,9.227e+1,1.321e-20,3.831e-24,1.877e-43,6.490e-19,,,1.537e-18,6.835e-21,,1.129e-15,8.075e-2,1.491e-29,9.195e-18,1.343e-8,1.358e-31,6.613e-20,1.152e-18,,5.540e-18,1.690e-18,1.664e-18,4.675e+0,,2.547e-25,4.361e-19,,,3.051e-21,5.560e-17,2.827e-19,1.231e-12,2.040e-19,1.589e-22,2.090e-1,5.861e-17,4.838e-5,3.770e-17,2.690e-1,1.138e-3,7.914e-2,,2.531e-10,,,1.346e-1,,,4.597e-19,,,,2.000e-1,,,,,,2.447e-18,8.662e+1
621.47,1.027e+2,1.322e-20,6.514e-24,1.874e-43,6.539e-19,,,1.537e-18,6.837e-21,,1.128e-15,9.518e-2,1.489e-29,9.195e-18,1.944e-8,1.384e-31,6.617e-20,1.843e-18,,5.566e-18,1.691e-18,1.650e-18,5.107e+0,,2.548e-25,4.359e-19,,,3.046e-21,5.563e-17,2.827e-19,1.011e-12,2.041e-19,1.591e-22,2.355e-1,5.863e-17,6.404e-5,3.773e-17,2.477e-1,1.482e-3,6.430e-2,,1.598e-10,,,1.216e-1,,,4.655e-19,,,,2.201e-1,,,,,,2.444e-18,9.660e+1
621.49,1.100e+2,1.322e-20,9.259e-24,1.872e-43,6.571e-19,,,1.537e-18,6.838e-21,,1.128e-15,1.062e-1,1.489e-29,9.195e-18,2.482e-8,1.402e-31,6.620e-20,2.515e-18,,5.583e-18,1.691e-18,1.637e-18,5.403e+0,,2.548e-25,4.358e-19,,,3.043e-21,5.564e-17,2.828e-19,8.846e-13,2.041e-19,1.593e-22,2.543e-1,5.865e-17,7.701e-5,3.775e-17,2.338e-1,1.762e-3,5.586e-2,,1.173e-10,,,1.134e-1,,,4.694e-19,,,,2.340e-1,,,,,,2.442e-18,1.036e+2
621.52,1.216e+2,1.322e-20,1.563e-23,1.869e-43,6.620e-19,,,1.537e-18,6.840e-21,,1.127e-15,1.250e-1,1.488e-29,9.195e-18,3.566e-8,1.428e-31,6.624e-20,3.994e-18,,5.608e-18,1.692e-18,1.612e-18,5.858e+0,,2.550e-25,4.357e-19,,,3.039e-21,5.567e-17,2.829e-19,7.213e-13,2.041e-19,1.596e-22,2.844e-1,5.868e-17,1.012e-4,3.778e-17,2.137e-1,2.277e-3,4.506e-2,,7.349e-11,,,1.018e-1,,,4.752e-19,,,,2.556e-1,,,,,,2.439e-18,1.147e+2
621.54,1.296e+2,1.322e-20,2.211e-23,1.868e-43,6.653e-19,,,1.536e-18,6.841e-21,,1.127e-15,1.393e-1,1.487e-29,9.195e-18,4.530e-8,1.445e-31,6.627e-20,5.424e-18,,5.625e-18,1.692e-18,1.591e-18,6.167e+0,,2.550e-25,4.356e-19,,,3.036e-21,5.569e-17,2.829e-19,6.279e-13,2.041e-19,1.597e-22,3.057e-1,5.870e-17,1.211e-4,3.779e-17,2.007e-1,2.694e-3,3.895e-2,,5.368e-11,,,9.459e-2,,,4.791e-19,,,,2.704e-1,,,,,,2.437e-18,1.224e+2
621.57,1.422e+2,1.323e-20,3.705e-23,1.865e-43,6.702e-19,,,1.536e-18,6.843e-21,,1.127e-15,1.634e-1,1.486e-29,9.194e-18,6.461e-8,1.472e-31,6.631e-20,8.551e-18,,5.651e-18,1.693e-18,1.555e-18,6.636e+0,,2.551e-25,4.354e-19,,,3.032e-21,5.571e-17,2.830e-19,5.082e-13,2.041e-19,1.600e-22,3.394e-1,5.872e-17,1.580e-4,3.782e-17,1.821e-1,3.456e-3,3.119e-2,,3.338e-11,,,8.455e-2,,,4.849e-19,,,,2.931e-1,,,,,,2.434e-18,1.345e+2
621.59,1.510e+2,1.323e-20,5.214e-23,1.863e-43,6.735e-19,,,1.536e-18,6.844e-21,,1.126e-15,1.815e-1,1.485e-29,9.194e-18,8.166e-8,1.489e-31,6.633e-20,1.155e-17,,5.668e-18,1.693e-18,1.528e-18,6.952e+0,,2.552e-25,4.353e-19,,,3.029e-21,5.573e-17,2.830e-19,4.403e-13,2.041e-19,1.601e-22,3.630e-1,5.874e-17,1.882e-4,3.784e-17,1.702e-1,4.070e-3,2.683e-2,,2.426e-11,,,7.837e-2,,,4.887e-19,,,,3.086e-1,,,,,,2.432e-18,1.429e+2
621.62,1.644e+2,1.323e-20,8.673e-23,1.861e-43,6.784e-19,,,1.536e-18,6.846e-21,,1.126e-15,2.120e-1,1.484e-29,9.194e-18,1.156e-7,1.516e-31,6.637e-20,1.808e-17,,5.693e-18,1.694e-18,1.482e-18,7.426e+0,,2.553e-25,4.352e-19,,,3.025e-21,5.576e-17,2.831e-19,3.537e-13,2.042e-19,1.604e-22,4.000e-1,5.877e-17,2.437e-4,3.786e-17,1.533e-1,5.182e-3,2.133e-2,,1.498e-11,,,6.987e-2,,,4.946e-19,,,,3.321e-1,,,,,,2.430e-18,1.558e+2
621.64,1.737e+2,1.323e-20,1.215e-22,1.859e-43,6.816e-19,,,1.536e-18,6.847e-21,,1.126e-15,2.347e-1,1.483e-29,9.194e-18,1.454e-7,1.533e-31,6.640e-20,2.431e-17,,5.710e-18,1.694e-18,1.448e-18,7.741e+0,,2.554e-25,4.350e-19,,,3.022e-21,5.577e-17,2.831e-19,3.049e-13,2.042e-19,1.605e-22,4.257e-1,5.879e-17,2.888e-4,3.788e-17,1.425e-1,6.073e-3,1.826e-2,,1.083e-11,,,6.472e-2,,,4.984e-19,,,,3.479e-1,,,,,,2.428e-18,1.647e+2
621.66,1.830e+2,1.324e-20,1.698e-22,1.857e-43,6.849e-19,,,1.536e-18,6.848e-21,,1.125e-15,2.593e-1,1.482e-29,9.194e-18,1.825e-7,1.551e-31,6.643e-20,3.263e-17,,5.727e-18,1.695e-18,1.413e-18,8.054e+0,,2.555e-25,4.349e-19,,,3.019e-21,5.579e-17,2.832e-19,2.623e-13,2.042e-19,1.607e-22,4.521e-1,5.880e-17,3.416e-4,3.790e-17,1.323e-1,7.102e-3,1.560e-2,,7.816e-12,,,5.998e-2,,,5.023e-19,,,,3.637e-1,,,,,,2.426e-18,1.737e+2
621.69,1.974e+2,1.324e-20,2.796e-22,1.854e-43,6.898e-19,,,1.536e-18,6.850e-21,,1.125e-15,3.005e-1,1.481e-29,9.194e-18,2.558e-7,1.577e-31,6.647e-20,5.054e-17,,5.753e-18,1.695e-18,1.356e-18,8.514e+0,,2.556e-25,4.348e-19,,,3.015e-21,5.582e-17,2.832e-19,2.086e-13,2.042e-19,1.610e-22,4.930e-1,5.883e-17,4.379e-4,3.793e-17,1.179e-1,8.950e-3,1.228e-2,,4.774e-12,,,5.363e-2,,,5.081e-19,,,,3.874e-1,,,,,,2.423e-18,1.875e+2
621.71,2.070e+2,1.324e-20,3.889e-22,1.853e-43,6.931e-19,,,1.536e-18,6.851e-21,,1.125e-15,3.308e-1,1.480e-29,9.194e-18,3.195e-7,1.595e-31,6.649e-20,6.749e-17,,5.770e-18,1.695e-18,1.317e-18,8.814e+0,,2.557e-25,4.347e-19,,,3.012e-21,5.583e-17,2.833e-19,1.786e-13,2.042e-19,1.611e-22,5.211e-1,5.885e-17,5.155e-4,3.794e-17,1.089e-1,1.042e-2,1.044e-2,,3.428e-12,,,4.990e-2,,,5.120e-19,,,,4.030e-1,,,,,,2.421e-18,1.968e+2
621.74,2.216e+2,1.325e-20,6.356e-22,1.850e-43,6.980e-19,,,1.536e-18,6.853e-21,,1.124e-15,3.809e-1,1.479e-29,9.193e-18,4.445e-7,1.621e-31,6.653e-20,1.038e-16,,5.795e-18,1.696e-18,1.254e-18,9.249e+0,,2.558e-25,4.345e-19,,,3.008e-21,5.586e-17,2.833e-19,1.409e-13,2.042e-19,1.614e-22,5.641e-1,5.888e-17,6.560e-4,3.797e-17,9.632e-2,1.303e-2,8.154e-3,,2.078e-12,,,4.507e-2,,,5.178e-19,,,,4.260e-1,,,,,,2.418e-18,2.108e+2
621.76,2.313e+2,1.325e-20,8.797e-22,1.848e-43,7.013e-19,,,1.536e-18,6.854e-21,,1.124e-15,4.177e-1,1.478e-29,9.193e-18,5.525e-7,1.639e-31,6.656e-20,1.379e-16,,5.812e-18,1.696e-18,1.212e-18,9.528e+0,,2.559e-25,4.344e-19,,,3.005e-21,5.588e-17,2.834e-19,1.200e-13,2.043e-19,1.615e-22,5.933e-1,5.889e-17,7.685e-4,3.799e-17,8.853e-2,1.509e-2,6.899e-3,,1.485e-12,,,4.235e-2,,,5.217e-19,,,,4.410e-1,,,,,,2.416e-18,2.202e+2
621.79,2.458e+2,1.325e-20,1.427e-21,1.846e-43,7.062e-19,,,1.536e-18,6.856e-21,,1.124e-15,4.781e-1,1.477e-29,9.193e-18,7.629e-7,1.665e-31,6.660e-20,2.105e-16,,5.838e-18,1.697e-18,1.146e-18,9.924e+0,,2.560e-25,4.343e-19,,,3.001e-21,5.590e-17,2.834e-19,9.404e-14,2.043e-19,1.618e-22,6.375e-1,5.892e-17,9.710e-4,3.801e-17,7.772e-2,1.873e-2,5.349e-3,,8.934e-13,,,3.901e-2,,,5.275e-19,,,,4.628e-1,,,,,,2.413e-18,2.342e+2
621.81,2.554e+2,1.325e-20,1.966e-21,1.844e-43,7.094e-19,,,1.536e-18,6.857e-21,,1.123e-15,5.222e-1,1.477e-29,9.193e-18,9.436e-7,1.683e-31,6.663e-20,2.783e-16,,5.855e-18,1.697e-18,1.102e-18,1.017e+1,,2.560e-25,4.342e-19,,,2.998e-21,5.592e-17,2.835e-19,7.972e-14,2.043e-19,1.619e-22,6.671e-1,5.894e-17,1.132e-3,3.803e-17,7.109e-2,2.159e-2,4.504e-3,,6.352e-13,,,3.728e-2,,,7.880e-19,,,,4.768e-1,,,,,,2.411e-18,2.434e+2
621.84,2.694e+2,1.326e-20,3.167e-21,1.841e-43,7.143e-19,,,1.536e-18,6.859e-21,,1.123e-15,5.942e-1,1.475e-29,9.193e-18,1.293e-6,1.709e-31,6.667e-20,4.217e-16,,5.880e-18,1.698e-18,1.034e-18,1.052e+1,,2.562e-25,4.340e-19,,,2.994e-21,5.595e-17,2.835e-19,6.198e-14,2.043e-19,1.622e-22,7.115e-1,5.897e-17,1.420e-3,3.806e-17,6.195e-2,2.661e-2,3.467e-3,,3.793e-13,,,3.544e-2,,,1.434e-18,,,,4.966e-1,,,,,,2.408e-18,2.569e+2
621.86,2.784e+2,1.326e-20,4.341e-21,1.839e-43,7.176e-19,,,1.536e-18,6.860e-21,,1.123e-15,6.463e-1,1.475e-29,9.193e-18,1.592e-6,1.727e-31,6.669e-20,5.550e-16,,5.897e-18,1.698e-18,9.890e-19,1.073e+1,,2.562e-25,4.339e-19,,,2.991e-21,5.596e-17,2.836e-19,5.228e-14,2.043e-19,1.624e-22,7.410e-1,5.898e-17,1.647e-3,3.808e-17,5.638e-2,3.051e-2,2.905e-3,,2.683e-13,,,3.472e-2,,,2.131e-18,,,,5.090e-1,,,,,,2.406e-18,2.657e+2
621.89,2.916e+2,1.326e-20,6.940e-21,1.837e-43,7.225e-19,,,1.536e-18,6.862e-21,,1.122e-15,7.311e-1,1.473e-29,9.192e-18,2.166e-6,1.753e-31,6.673e-20,8.347e-16,,5.923e-18,1.699e-18,9.216e-19,1.101e+1,,2.563e-25,4.337e-19,,,2.987e-21,5.599e-17,2.837e-19,4.035e-14,2.044e-19,1.626e-22,7.845e-1,5.901e-17,2.052e-3,3.810e-17,4.878e-2,3.733e-2,2.220e-3,,1.590e-13,,,3.442e-2,,,3.849e-18,,,,5.263e-1,,,,,,2.403e-18,2.784e+2
621.91,2.999e+2,1.327e-20,9.466e-21,1.835e-43,7.258e-19,,,1.536e-18,6.863e-21,,1.122e-15,7.921e-1,1.473e-29,9.192e-18,2.653e-6,1.771e-31,6.676e-20,1.093e-15,,5.940e-18,1.699e-18,8.770e-19,1.117e+1,,2.564e-25,4.336e-19,,,2.984e-21,5.601e-17,2.837e-19,3.387e-14,2.044e-19,1.628e-22,8.129e-1,5.903e-17,2.369e-3,3.812e-17,4.418e-2,4.260e-2,1.851e-3,,1.119e-13,,,3.474e-2,,,5.694e-18,,,,5.368e-1,,,,,,2.401e-18,2.865e+2
621.94,3.118e+2,1.327e-20,1.502e-20,1.832e-43,7.307e-19,,,1.536e-18,6.865e-21,,1.121e-15,8.907e-1,1.472e-29,9.192e-18,3.583e-6,1.797e-31,6.680e-20,1.632e-15,,5.965e-18,1.700e-18,8.112e-19,1.138e+1,,2.565e-25,4.335e-19,,,2.980e-21,5.603e-17,2.838e-19,2.594e-14,2.044e-19,1.630e-22,8.543e-1,5.906e-17,2.929e-3,3.815e-17,3.795e-2,5.173e-2,1.404e-3,,6.586e-14,,,3.603e-2,,,1.021e-17,,,,5.509e-1,,,,,,2.398e-18,2.980e+2
621.96,3.191e+2,1.327e-20,2.039e-20,1.831e-43,7.339e-19,,,1.535e-18,6.866e-21,,1.121e-15,9.614e-1,1.471e-29,9.192e-18,4.367e-6,1.815e-31,6.683e-20,2.126e-15,,5.982e-18,1.700e-18,7.682e-19,1.150e+1,,2.566e-25,4.334e-19,,,2.977e-21,5.605e-17,2.838e-19,2.167e-14,2.044e-19,1.632e-22,8.808e-1,5.907e-17,3.366e-3,3.817e-17,3.421e-2,5.874e-2,1.166e-3,,4.612e-14,,,3.745e-2,,,1.503e-17,,,,5.592e-1,,,,,,2.396e-18,3.051e+2
621.99,3.293e+2,1.327e-20,3.213e-20,1.828e-43,7.388e-19,,,1.535e-18,6.868e-21,,1.121e-15,1.075e+0,1.470e-29,9.192e-18,5.855e-6,1.841e-31,6.687e-20,3.152e-15,,6.008e-18,1.701e-18,7.053e-19,1.163e+1,,2.567e-25,4.332e-19,,,2.972e-21,5.608e-17,2.839e-19,1.648e-14,2.044e-19,1.634e-22,9.188e-1,5.910e-17,4.132e-3,3.819e-17,2.918e-2,7.081e-2,8.788e-4,,2.693e-14,,,4.047e-2,,,2.674e-17,,,,5.696e-1,,,,,,2.393e-18,3.150e+2
622.01,3.355e+2,1.328e-20,4.340e-20,1.826e-43,7.421e-19,,,1.535e-18,6.869e-21,,1.120e-15,1.156e+0,1.469e-29,9.192e-18,7.101e-6,1.859e-31,6.689e-20,4.087e-15,,6.025e-18,1.701e-18,6.646e-19,1.168e+1,,2.568e-25,4.331e-19,,,2.970e-21,5.609e-17,2.839e-19,1.369e-14,2.044e-19,1.636e-22,9.427e-1,5.912e-17,4.726e-3,3.821e-17,2.619e-2,8.001e-2,7.265e-4,,1.877e-14,,,4.309e-2,,,3.918e-17,,,,5.753e-1,,,,,,2.391e-18,3.210e+2
622.03,3.411e+2,1.328e-20,5.850e-20,1.824e-43,7.454e-19,,,1.535e-18,6.870e-21,,1.120e-15,1.241e+0,1.468e-29,9.192e-18,8.596e-6,1.876e-31,6.692e-20,5.289e-15,,6.042e-18,1.701e-18,6.250e-19,1.172e+1,,2.569e-25,4.330e-19,,,2.967e-21,5.611e-17,2.840e-19,1.136e-14,2.044e-19,1.638e-22,9.654e-1,5.914e-17,5.395e-3,3.823e-17,2.347e-2,9.023e-2,5.999e-4,,1.305e-14,,,4.622e-2,,,5.729e-17,,,,5.798e-1,,,,,,2.390e-18,3.264e+2
622.06,3.484e+2,1.328e-20,9.123e-20,1.822e-43,7.503e-19,,,1.535e-18,6.872e-21,,1.120e-15,1.377e+0,1.467e-29,9.191e-18,1.141e-5,1.903e-31,6.696e-20,7.758e-15,,6.068e-18,1.702e-18,5.678e-19,1.173e+1,,2.570e-25,4.328e-19,,,2.963e-21,5.614e-17,2.840e-19,8.545e-15,2.045e-19,1.640e-22,9.966e-1,5.916e-17,6.557e-3,3.825e-17,1.985e-2,1.076e-1,4.496e-4,,7.542e-15,,,5.193e-2,,,1.009e-16,,,,5.846e-1,,,,,,2.387e-18,3.335e+2
622.08,3.525e+2,1.328e-20,1.224e-19,1.820e-43,7.535e-19,,,1.535e-18,6.873e-21,,1.119e-15,1.473e+0,1.466e-29,9.191e-18,1.374e-5,1.920e-31,6.699e-20,9.991e-15,,6.085e-18,1.702e-18,5.314e-19,1.170e+1,,2.571e-25,4.327e-19,,,2.960e-21,5.616e-17,2.841e-19,7.052e-15,2.045e-19,1.642e-22,1.016e+0,5.918e-17,7.450e-3,3.827e-17,1.772e-2,1.208e-1,3.709e-4,,5.219e-15,,,5.645e-2,,,1.468e-16,,,,5.863e-1,,,,,,2.385e-18,3.375e+2
622.11,3.574e+2,1.329e-20,1.894e-19,1.817e-43,7.584e-19,,,1.535e-18,6.875e-21,,1.119e-15,1.626e+0,1.465e-29,9.191e-18,1.810e-5,1.947e-31,6.703e-20,1.455e-14,,6.110e-18,1.703e-18,4.792e-19,1.163e+1,,2.572e-25,4.326e-19,,,2.955e-21,5.618e-17,2.841e-19,5.267e-15,2.045e-19,1.644e-22,1.041e+0,5.921e-17,8.990e-3,3.830e-17,1.492e-2,1.431e-1,2.789e-4,,2.993e-15,,,6.436e-2,,,2.567e-16,,,,5.868e-1,,,,,,2.382e-18,3.423e+2
622.13,3.598e+2,1.329e-20,2.529e-19,1.816e-43,7.617e-19,,,1.535e-18,6.876e-21,,1.119e-15,1.733e+0,1.464e-29,9.191e-18,2.169e-5,1.964e-31,6.705e-20,1.864e-14,,6.127e-18,1.703e-18,4.462e-19,1.155e+1,,2.572e-25,4.325e-19,,,2.953e-21,5.620e-17,2.842e-19,4.325e-15,2.045e-19,1.646e-22,1.055e+0,5.923e-17,1.017e-2,5.719e-17,1.329e-2,1.597e-1,2.317e-4,,2.061e-15,,,7.044e-2,,,3.718e-16,,,,5.856e-1,,,,,,2.380e-18,3.446e+2
622.16,3.622e+2,1.329e-20,3.886e-19,1.813e-43,7.666e-19,,,1.535e-18,6.878e-21,,1.118e-15,1.902e+0,1.463e-29,9.191e-18,2.836e-5,1.991e-31,6.709e-20,2.695e-14,,6.153e-18,1.704e-18,3.994e-19,1.138e+1,,2.574e-25,4.323e-19,,,2.948e-21,5.622e-17,2.842e-19,3.206e-15,2.045e-19,1.648e-22,1.073e+0,5.925e-17,1.218e-2,1.040e-16,1.117e-2,1.878e-1,1.781e-4,,1.173e-15,,,8.085e-2,,,6.453e-16,,,,5.817e-1,,,,,,2.377e-18,3.469e+2
622.18,3.629e+2,1.330e-20,5.162e-19,1.811e-43,7.699e-19,,,1.535e-18,6.879e-21,,1.118e-15,2.021e+0,1.462e-29,9.191e-18,3.383e-5,2.008e-31,6.712e-20,3.437e-14,,6.170e-18,1.704e-18,3.701e-19,1.125e+1,,2.574e-25,4.322e-19,,,2.945e-21,5.624e-17,2.843e-19,2.620e-15,2.046e-19,1.650e-22,1.083e+0,5.927e-17,1.371e-2,1.545e-16,9.961e-3,2.087e-1,1.519e-4,,8.036e-16,,,8.869e-2,,,9.298e-16,,,,5.777e-1,,,,,,2.375e-18,3.476e+2
622.21,3.626e+2,1.330e-20,7.875e-19,1.809e-43,7.748e-19,,,1.535e-18,6.881e-21,,1.117e-15,2.207e+0,1.461e-29,9.190e-18,4.391e-5,2.035e-31,6.716e-20,4.932e-14,,6.195e-18,1.705e-18,3.289e-19,1.101e+1,,2.575e-25,4.320e-19,,,2.941e-21,5.627e-17,2.843e-19,1.928e-15,2.046e-19,1.652e-22,1.093e+0,5.930e-17,1.632e-2,2.789e-16,8.408e-3,2.435e-1,1.246e-4,,4.540e-16,,,1.019e-1,,,1.602e-15,,,,5.696e-1,,,,,,2.372e-18,3.474e+2
622.23,3.616e+2,1.330e-20,1.041e-18,1.807e-43,7.781e-19,,,1.535e-18,6.882e-21,,1.117e-15,2.337e+0,1.461e-29,9.190e-18,5.212e-5,2.052e-31,6.719e-20,6.258e-14,,6.212e-18,1.705e-18,3.032e-19,1.083e+1,,2.576e-25,4.319e-19,,,2.938e-21,5.629e-17,2.844e-19,1.568e-15,2.046e-19,1.654e-22,1.098e+0,5.932e-17,1.828e-2,4.124e-16,7.537e-3,2.692e-1,1.134e-4,,3.095e-16,,,1.117e-1,,,2.298e-15,,,,5.629e-1,,,,,,2.370e-18,3.463e+2
622.26,3.587e+2,1.330e-20,1.576e-18,1.804e-43,7.830e-19,,,1.535e-18,6.884e-21,,1.117e-15,2.539e+0,1.459e-29,9.190e-18,6.715e-5,2.079e-31,6.723e-20,8.914e-14,,6.238e-18,1.706e-18,2.674e-19,1.052e+1,,2.577e-25,4.318e-19,,,2.934e-21,5.631e-17,2.844e-19,1.145e-15,2.046e-19,1.656e-22,1.100e+0,5.934e-17,2.160e-2,7.389e-16,6.453e-3,3.119e-1,1.058e-4,,1.735e-16,,,1.281e-1,,,3.930e-15,,,,5.509e-1,,,,,,2.367e-18,3.435e+2
622.28,3.560e+2,1.331e-20,2.074e-18,1.802e-43,7.862e-19,,,1.535e-18,6.885e-21,,1.116e-15,2.680e+0,1.459e-29,9.190e-18,7.931e-5,2.096e-31,6.725e-20,1.126e-13,,6.255e-18,1.706e-18,2.453e-19,1.029e+1,,2.578e-25,4.317e-19,,,2.931e-21,5.633e-17,2.845e-19,9.263e-16,2.046e-19,1.658e-22,1.099e+0,5.936e-17,2.409e-2,1.087e-15,5.867e-3,3.432e-1,1.068e-4,,1.177e-16,,,1.402e-1,,,5.608e-15,,,,5.417e-1,,,,,,2.365e-18,3.408e+2
622.31,3.506e+2,1.331e-20,3.117e-18,1.800e-43,7.911e-19,,,1.535e-18,6.887e-21,,1.116e-15,2.898e+0,1.458e-29,9.190e-18,1.014e-4,2.123e-31,6.729e-20,1.592e-13,,6.280e-18,1.706e-18,2.148e-19,9.924e+0,,2.579e-25,4.315e-19,,,2.927e-21,5.635e-17,2.846e-19,6.715e-16,2.046e-19,1.661e-22,1.093e+0,5.939e-17,2.827e-2,1.934e-15,5.177e-3,3.946e-1,1.171e-4,,6.551e-17,,,1.601e-1,,,9.523e-15,,,,5.263e-1,,,,,,2.362e-18,3.356e+2
622.33,3.462e+2,1.331e-20,4.080e-18,1.798e-43,7.944e-19,,,1.535e-18,6.888e-21,,1.116e-15,3.048e+0,1.457e-29,9.190e-18,1.192e-4,2.140e-31,6.732e-20,2.000e-13,,6.297e-18,1.707e-18,1.961e-19,9.663e+0,,2.580e-25,4.314e-19,,,2.924e-21,5.637e-17,2.846e-19,5.406e-16,2.047e-19,1.662e-22,1.087e+0,5.941e-17,3.138e-2,2.832e-15,4.833e-3,4.320e-1,1.303e-4,,4.421e-17,,,1.746e-1,,,1.352e-14,,,,5.150e-1,,,,,,2.360e-18,3.313e+2
622.36,3.386e+2,1.332e-20,6.089e-18,1.795e-43,7.993e-19,,,1.535e-18,6.890e-21,,1.115e-15,3.280e+0,1.456e-29,9.189e-18,1.513e-4,2.167e-31,6.736e-20,2.807e-13,,6.323e-18,1.707e-18,1.704e-19,9.249e+0,,2.581e-25,4.312e-19,,,2.920e-21,5.640e-17,2.847e-19,3.890e-16,2.047e-19,1.665e-22,1.073e+0,5.943e-17,3.657e-2,5.001e-15,4.482e-3,4.931e-1,1.607e-4,,2.442e-17,,,1.984e-1,,,2.280e-14,,,,4.966e-1,,,,,,2.357e-18,3.238e+2
622.38,3.328e+2,1.332e-20,7.932e-18,1.794e-43,8.026e-19,,,1.535e-18,6.891e-21,,1.115e-15,3.440e+0,1.455e-29,9.189e-18,1.770e-4,2.184e-31,6.739e-20,3.511e-13,,6.340e-18,1.708e-18,1.548e-19,8.961e+0,,2.582e-25,4.311e-19,,,2.917e-21,5.642e-17,2.847e-19,3.116e-16,2.047e-19,1.666e-22,1.062e+0,5.945e-17,4.041e-2,7.287e-15,4.352e-3,5.372e-1,1.890e-4,,1.640e-17,,,2.156e-1,,,3.221e-14,,,,4.835e-1,,,,,,2.355e-18,3.180e+2
622.41,3.231e+2,1.332e-20,1.175e-17,1.791e-43,8.075e-19,,,1.534e-18,6.893e-21,,1.115e-15,3.684e+0,1.454e-29,9.189e-18,2.231e-4,2.211e-31,6.743e-20,4.891e-13,,6.365e-18,1.708e-18,1.335e-19,8.514e+0,,2.583e-25,4.310e-19,,,2.913e-21,5.644e-17,2.848e-19,2.226e-16,2.047e-19,1.669e-22,1.041e+0,5.948e-17,4.678e-2,1.277e-14,4.308e-3,6.086e-1,2.459e-4,,8.990e-18,,,2.435e-1,,,5.390e-14,,,,4.628e-1,,,,,,2.352e-18,3.085e+2
622.43,3.161e+2,1.332e-20,1.523e-17,1.789e-43,8.107e-19,,,1.534e-18,6.894e-21,,1.114e-15,3.851e+0,1.453e-29,9.189e-18,2.596e-4,2.228e-31,6.745e-20,6.087e-13,,6.382e-18,1.709e-18,1.207e-19,8.208e+0,,2.584e-25,4.309e-19,,,2.910e-21,5.646e-17,2.848e-19,1.774e-16,2.047e-19,1.670e-22,1.024e+0,5.950e-17,5.146e-2,1.852e-14,4.376e-3,6.598e-1,2.954e-4,,6.007e-18,,,2.636e-1,,,7.580e-14,,,,4.484e-1,,,,,,2.350e-18,3.016e+2
622.45,3.087e+2,1.333e-20,1.970e-17,1.787e-43,8.140e-19,,,1.534e-18,6.896e-21,,1.114e-15,4.021e+0,1.452e-29,9.189e-18,3.015e-4,2.246e-31,6.748e-20,7.560e-13,,6.399e-18,1.709e-18,1.088e-19,7.898e+0,,2.584e-25,4.308e-19,,,2.907e-21,5.648e-17,2.849e-19,1.411e-16,2.047e-19,1.672e-22,1.006e+0,5.951e-17,5.650e-2,2.681e-14,4.522e-3,7.139e-1,3.560e-4,,4.006e-18,,,2.849e-1,,,1.064e-13,,,,4.336e-1,,,,,,2.349e-18,2.942e+2
622.48,2.968e+2,1.333e-20,2.889e-17,1.785e-43,8.189e-19,,,1.534e-18,6.897e-21,,1.114e-15,4.279e+0,1.451e-29,9.189e-18,3.761e-4,2.272e-31,6.752e-20,1.043e-12,,6.425e-18,1.710e-18,9.291e-20,7.426e+0,,2.586e-25,4.306e-19,,,2.903e-21,5.650e-17,2.849e-19,9.973e-17,2.048e-19,1.675e-22,9.762e-1,5.954e-17,6.480e-2,4.651e-14,4.888e-3,8.005e-1,4.720e-4,,,,,3.190e-1,,,1.762e-13,,,,4.107e-1,,,,,,2.346e-18,2.825e+2
622.5,2.884e+2,1.333e-20,3.719e-17,1.783e-43,8.222e-19,,,1.534e-18,6.899e-21,,1.113e-15,4.453e+0,1.450e-29,9.189e-18,4.347e-4,2.290e-31,6.755e-20,1.288e-12,,6.442e-18,1.710e-18,8.340e-20,7.110e+0,,2.586e-25,4.305e-19,,,2.900e-21,5.652e-17,2.850e-19,7.894e-17,2.048e-19,1.676e-22,9.542e-1,5.956e-17,7.083e-2,6.700e-14,5.232e-3,8.619e-1,5.696e-4,,,,,3.434e-1,,,2.461e-13,,,,3.952e-1,,,,,,2.344e-18,2.742e+2
622.53,2.754e+2,1.334e-20,5.413e-17,1.780e-43,8.271e-19,,,1.534e-18,6.900e-21,,1.113e-15,4.717e+0,1.449e-29,9.188e-18,5.382e-4,2.316e-31,6.759e-20,1.764e-12,,6.467e-18,1.711e-18,7.066e-20,6.636e+0,,2.587e-25,4.303e-19,,,2.896e-21,5.655e-17,2.850e-19,5.538e-17,2.048e-19,1.679e-22,9.188e-1,5.959e-17,8.069e-2,1.154e-13,5.902e-3,9.593e-1,7.539e-4,,,,,3.821e-1,,,4.046e-13,,,,3.716e-1,,,,,,2.341e-18,2.613e+2
622.55,2.664e+2,1.334e-20,6.935e-17,1.779e-43,8.303e-19,,,1.534e-18,6.902e-21,,1.113e-15,4.894e+0,1.448e-29,9.188e-18,6.191e-4,2.334e-31,6.761e-20,2.169e-12,,6.484e-18,1.711e-18,6.311e-20,6.323e+0,,2.588e-25,4.302e-19,,,2.893e-21,5.656e-17,2.851e-19,4.362e-17,2.048e-19,1.680e-22,8.938e-1,5.960e-17,8.783e-2,1.654e-13,6.456e-3,1.028e+0,9.074e-4,,,,,4.095e-1,,,5.623e-13,,,,3.558e-1,,,,,,2.339e-18,2.524e+2
622.58,2.527e+2,1.334e-20,1.002e-16,1.776e-43,8.352e-19,,,1.534e-18,6.903e-21,,1.112e-15,5.160e+0,1.447e-29,9.188e-18,7.608e-4,2.360e-31,6.765e-20,2.948e-12,,6.510e-18,1.711e-18,5.308e-20,5.858e+0,,2.589e-25,4.301e-19,,,2.889e-21,5.659e-17,2.851e-19,3.037e-17,2.048e-19,1.683e-22,8.543e-1,5.963e-17,9.940e-2,2.828e-13,7.458e-3,1.136e+0,1.194e-3,,,,,4.529e-1,,,9.178e-13,,,,3.321e-1,,,,,,2.336e-18,2.388e+2
622.6,2.434e+2,1.334e-20,1.277e-16,1.774e-43,8.385e-19,,,1.534e-18,6.905e-21,,1.112e-15,5.337e+0,1.446e-29,9.188e-18,8.708e-4,2.378e-31,6.768e-20,3.607e-12,,6.527e-18,1.712e-18,4.718e-20,5.553e+0,,2.590e-25,4.300e-19,,,2.886e-21,5.661e-17,2.852e-19,2.380e-17,2.048e-19,1.684e-22,8.269e-1,5.965e-17,1.077e-1,4.033e-13,8.246e-3,1.211e+0,1.432e-3,,,,,4.833e-1,,,1.269e-12,,,,3.164e-1,,,,,,2.334e-18,2.295e+2
622.63,2.293e+2,1.335e-20,1.832e-16,1.772e-43,8.434e-19,,,1.534e-18,6.906e-21,,1.111e-15,5.602e+0,1.445e-29,9.188e-18,1.062e-3,2.404e-31,6.772e-20,4.866e-12,,6.552e-18,1.712e-18,3.938e-20,5.107e+0,,2.591e-25,4.298e-19,,,2.882e-21,5.663e-17,2.852e-19,1.645e-17,2.049e-19,1.687e-22,7.845e-1,5.967e-17,1.211e-1,6.845e-13,9.621e-3,1.328e+0,1.872e-3,,,,,5.310e-1,,,2.057e-12,,,,2.931e-1,,,,,,2.331e-18,2.155e+2
622.65,2.199e+2,1.335e-20,2.324e-16,1.770e-43,8.467e-19,,,1.534e-18,6.908e-21,,1.111e-15,5.776e+0,1.445e-29,9.188e-18,1.210e-3,2.422e-31,6.775e-20,5.926e-12,,6.569e-18,1.713e-18,3.483e-20,4.817e+0,,2.592e-25,4.297e-19,,,2.879e-21,5.665e-17,2.853e-19,1.283e-17,2.049e-19,1.689e-22,7.556e-1,5.969e-17,1.307e-1,9.716e-13,1.068e-2,1.409e+0,2.234e-3,,,,,5.641e-1,,,2.831e-12,,,,2.779e-1,,,,,,2.329e-18,2.061e+2
622.68,2.058e+2,1.335e-20,3.309e-16,1.767e-43,8.516e-19,,,1.534e-18,6.909e-21,,1.111e-15,6.034e+0,1.443e-29,9.187e-18,1.465e-3,2.448e-31,6.779e-20,7.935e-12,,6.595e-18,1.713e-18,2.886e-20,4.397e+0,,2.593e-25,4.296e-19,,,2.874e-21,5.668e-17,2.854e-19,8.802e-18,2.049e-19,1.691e-22,7.115e-1,5.972e-17,1.460e-1,1.637e-12,1.248e-2,1.534e+0,2.900e-3,,,,,6.158e-1,,,4.553e-12,,,,2.556e-1,,,,,,2.326e-18,1.921e+2
622.7,1.966e+2,1.335e-20,4.177e-16,1.765e-43,8.549e-19,,,1.534e-18,6.911e-21,,1.110e-15,6.202e+0,1.443e-29,9.187e-18,1.661e-3,2.466e-31,6.781e-20,9.617e-12,,6.612e-18,1.714e-18,2.540e-20,4.128e+0,,2.594e-25,4.294e-19,,,2.872e-21,5.669e-17,2.854e-19,6.830e-18,2.049e-19,1.693e-22,6.819e-1,5.974e-17,1.569e-1,2.312e-12,1.384e-2,1.619e+0,3.443e-3,,,,,6.514e-1,,,6.236e-12,,,,2.411e-1,,,,,,2.324e-18,1.829e+2
622.73,1.829e+2,1.336e-20,5.904e-16,1.763e-43,8.598e-19,,,1.534e-18,6.912e-21,,1.110e-15,6.449e+0,1.442e-29,9.187e-18,1.996e-3,2.492e-31,6.785e-20,1.278e-11,,6.638e-18,1.714e-18,2.089e-20,3.740e+0,,2.595e-25,4.293e-19,,,2.867e-21,5.672e-17,2.855e-19,4.651e-18,2.049e-19,1.695e-22,6.375e-1,5.976e-17,1.743e-1,3.868e-12,1.613e-2,1.749e+0,4.438e-3,,,,,7.064e-1,,,9.958e-12,,,,2.201e-1,,,,,,2.321e-18,1.692e+2
622.75,1.739e+2,1.336e-20,7.417e-16,1.761e-43,8.630e-19,,,1.534e-18,6.914e-21,,1.110e-15,6.608e+0,1.441e-29,9.187e-18,2.252e-3,2.510e-31,6.788e-20,1.542e-11,,6.655e-18,1.715e-18,1.829e-20,3.493e+0,,2.596e-25,4.292e-19,,,2.865e-21,5.674e-17,2.855e-19,3.591e-18,2.049e-19,1.697e-22,6.079e-1,5.978e-17,1.865e-1,5.437e-12,1.784e-2,1.838e+0,5.244e-3,,,,,7.441e-1,,,1.357e-11,,,,2.066e-1,,,,,,2.319e-18,1.602e+2
622.78,1.609e+2,1.336e-20,1.041e-15,1.758e-43,8.679e-19,,,1.534e-18,6.915e-21,,1.109e-15,6.838e+0,1.440e-29,9.187e-18,2.687e-3,2.536e-31,6.792e-20,2.034e-11,,6.680e-18,1.715e-18,1.493e-20,3.142e+0,,2.597e-25,4.290e-19,,,2.860e-21,5.676e-17,2.856e-19,2.427e-18,2.050e-19,1.699e-22,5.641e-1,5.981e-17,2.058e-1,9.027e-12,2.070e-2,1.971e+0,6.710e-3,,,,,8.016e-1,,,2.151e-11,,,,1.872e-1,,,,,,2.316e-18,1.471e+2
622.8,1.524e+2,1.337e-20,1.301e-15,1.757e-43,8.712e-19,,,1.534e-18,6.917e-21,,1.109e-15,6.984e+0,1.439e-29,9.187e-18,3.015e-3,2.554e-31,6.795e-20,2.441e-11,,6.697e-18,1.715e-18,1.301e-20,2.920e+0,,2.598e-25,4.289e-19,,,2.857e-21,5.678e-17,2.856e-19,1.864e-18,2.050e-19,1.701e-22,5.353e-1,5.983e-17,2.194e-1,1.263e-11,2.280e-2,2.061e+0,7.889e-3,,,,,8.406e-1,,,2.918e-11,,,,1.748e-1,,,,,,2.314e-18,1.387e+2
622.82,1.442e+2,1.337e-20,1.623e-15,1.755e-43,8.745e-19,,,1.533e-18,6.918e-21,,1.109e-15,7.125e+0,1.438e-29,9.186e-18,3.378e-3,2.571e-31,6.797e-20,2.924e-11,,6.714e-18,1.716e-18,1.131e-20,2.709e+0,,2.598e-25,4.288e-19,,,2.855e-21,5.680e-17,2.857e-19,1.429e-18,2.050e-19,1.703e-22,5.070e-1,5.985e-17,2.334e-1,1.763e-11,2.508e-2,2.150e+0,9.257e-3,,,,,8.799e-1,,,3.949e-11,,,,1.630e-1,,,,,,2.312e-18,1.304e+2
622.85,1.324e+2,1.337e-20,2.254e-15,1.752e-43,8.794e-19,,,1.533e-18,6.920e-21,,1.108e-15,7.323e+0,1.437e-29,9.186e-18,3.989e-3,2.598e-31,6.801e-20,3.818e-11,,6.740e-18,1.716e-18,9.141e-21,2.411e+0,,2.599e-25,4.287e-19,,,2.850e-21,5.682e-17,2.857e-19,9.561e-19,2.050e-19,1.705e-22,4.656e-1,5.987e-17,2.555e-1,2.897e-11,2.884e-2,2.282e+0,1.172e-2,,,,,9.393e-1,,,6.197e-11,,,,1.462e-1,,,,,,2.309e-18,1.185e+2
622.87,1.248e+2,1.337e-20,2.799e-15,1.750e-43,8.826e-19,,,1.533e-18,6.921e-21,,1.108e-15,7.447e+0,1.436e-29,9.186e-18,4.446e-3,2.615e-31,6.804e-20,4.551e-11,,6.757e-18,1.717e-18,7.910e-21,2.226e+0,,2.600e-25,4.286e-19,,,2.847e-21,5.684e-17,2.858e-19,7.294e-19,2.050e-19,1.707e-22,4.388e-1,5.989e-17,2.708e-1,4.025e-11,3.158e-2,2.370e+0,1.369e-2,,,,,9.789e-1,,,8.347e-11,,,,1.356e-1,,,,,,2.308e-18,1.109e+2
622.9,1.141e+2,1.338e-20,3.858e-15,1.748e-43,8.875e-19,,,1.533e-18,6.923e-21,,1.108e-15,7.618e+0,1.435e-29,9.186e-18,5.213e-3,2.642e-31,6.808e-20,5.900e-11,,6.782e-18,1.717e-18,6.344e-21,1.966e+0,,2.601e-25,4.284e-19,,,2.843e-21,5.687e-17,2.858e-19,4.843e-19,2.051e-19,1.709e-22,4.000e-1,5.992e-17,2.946e-1,6.567e-11,3.607e-2,2.497e+0,1.721e-2,,,,,1.038e+0,,,1.300e-10,,,,1.207e-1,,,,,,2.305e-18,1.001e+2
622.92,1.072e+2,1.338e-20,4.767e-15,1.746e-43,8.908e-19,,,1.533e-18,6.924e-21,,1.107e-15,7.721e+0,1.434e-29,9.186e-18,5.782e-3,2.659e-31,6.811e-20,6.997e-11,,6.799e-18,1.718e-18,5.462e-21,1.806e+0,,2.602e-25,4.283e-19,,,2.840e-21,5.688e-17,2.859e-19,3.676e-19,2.051e-19,1.711e-22,3.751e-1,5.994e-17,3.111e-1,9.079e-11,3.932e-2,2.580e+0,2.000e-2,,,,,1.077e+0,,,1.743e-10,,,,1.114e-1,,,,,,2.303e-18,9.320e+1
622.95,9.758e+1,1.338e-20,6.523e-15,1.743e-43,8.957e-19,,,1.533e-18,6.926e-21,,1.107e-15,7.860e+0,1.433e-29,9.186e-18,6.729e-3,2.686e-31,6.815e-20,9.004e-11,,6.825e-18,1.718e-18,4.348e-21,1.584e+0,,2.603e-25,4.281e-19,,,2.836e-21,5.691e-17,2.859e-19,2.422e-19,2.051e-19,1.713e-22,3.394e-1,5.996e-17,3.366e-1,1.470e-10,4.458e-2,2.699e+0,2.496e-2,,,,,1.135e+0,,,2.694e-10,,,,9.842e-2,,,,,,2.300e-18,8.345e+1
622.97,9.152e+1,1.338e-20,8.020e-15,1.742e-43,8.990e-19,,,1.533e-18,6.927e-21,,1.107e-15,7.942e+0,1.432e-29,9.186e-18,7.426e-3,2.703e-31,6.818e-20,1.063e-10,,6.842e-18,1.719e-18,3.725e-21,1.448e+0,,2.604e-25,4.280e-19,,,2.833e-21,5.693e-17,2.860e-19,1.830e-19,2.051e-19,1.715e-22,3.167e-1,5.998e-17,3.541e-1,2.023e-10,4.837e-2,2.774e+0,2.886e-2,,,,,1.172e+0,,,3.594e-10,,,,9.040e-2,,,,,,2.298e-18,7.734e+1
623,8.300e+1,1.339e-20,1.089e-14,1.739e-43,9.039e-19,,,1.533e-18,6.928e-21,,1.106e-15,8.047e+0,1.431e-29,9.185e-18,8.579e-3,2.730e-31,6.822e-20,1.358e-10,,6.867e-18,1.719e-18,2.943e-21,1.260e+0,,2.605e-25,4.279e-19,,,2.829e-21,5.695e-17,2.860e-19,1.197e-19,2.051e-19,1.717e-22,2.844e-1,6.001e-17,3.810e-1,3.252e-10,5.446e-2,2.880e+0,3.575e-2,,,,,1.226e+0,,,5.517e-10,,,,7.928e-2,,,,,,2.295e-18,6.874e+1
623.02,7.769e+1,1.339e-20,1.333e-14,1.737e-43,9.071e-19,,,1.533e-18,6.930e-21,,1.106e-15,8.105e+0,1.431e-29,9.185e-18,9.422e-3,2.747e-31,6.824e-20,1.594e-10,,6.884e-18,1.720e-18,2.509e-21,1.146e+0,,2.606e-25,4.278e-19,,,2.826e-21,5.697e-17,2.861e-19,8.996e-20,2.051e-19,1.719e-22,2.641e-1,6.003e-17,3.994e-1,4.453e-10,5.879e-2,2.946e+0,4.113e-2,,,,,1.261e+0,,,7.323e-10,,,,7.246e-2,,,,,,2.293e-18,6.339e+1
623.05,7.029e+1,1.339e-20,1.798e-14,1.735e-43,9.120e-19,,,1.533e-18,6.931e-21,,1.105e-15,8.174e+0,1.429e-29,9.185e-18,1.081e-2,2.774e-31,6.828e-20,2.022e-10,,6.910e-18,1.720e-18,1.968e-21,9.902e-1,,2.607e-25,4.276e-19,,,2.822e-21,5.700e-17,2.861e-19,5.840e-20,2.052e-19,1.722e-22,2.355e-1,6.005e-17,4.275e-1,7.107e-10,6.572e-2,3.037e+0,5.058e-2,,,,,1.311e+0,,,1.116e-9,,,,6.308e-2,,,,,,2.290e-18,5.592e+1
623.07,6.572e+1,1.340e-20,2.189e-14,1.733e-43,9.153e-19,,,1.533e-18,6.933e-21,,1.105e-15,8.208e+0,1.429e-29,9.185e-18,1.181e-2,2.791e-31,6.831e-20,2.363e-10,,6.927e-18,1.720e-18,1.670e-21,8.961e-1,,2.608e-25,4.275e-19,,,2.819e-21,5.701e-17,2.862e-19,4.368e-20,2.052e-19,1.723e-22,2.176e-1,6.007e-17,4.465e-1,9.683e-10,7.062e-2,3.091e+0,5.792e-2,,,,,1.342e+0,,,1.474e-9,,,,5.737e-2,,,,,,2.288e-18,5.132e+1
623.1,5.938e+1,1.340e-20,2.930e-14,1.730e-43,9.202e-19,,,1.533e-18,6.934e-21,,1.105e-15,8.241e+0,1.427e-29,9.185e-18,1.344e-2,2.818e-31,6.835e-20,2.975e-10,,6.952e-18,1.721e-18,1.300e-21,7.686e-1,,2.609e-25,4.273e-19,,,2.815e-21,5.704e-17,2.863e-19,2.814e-20,2.052e-19,1.726e-22,1.925e-1,6.010e-17,4.755e-1,1.534e-9,7.837e-2,3.163e+0,7.070e-2,,,,,1.385e+0,,,2.229e-9,,,,4.957e-2,,,,,,2.285e-18,4.494e+1
623.12,5.549e+1,1.340e-20,3.550e-14,1.728e-43,9.235e-19,,,1.533e-18,6.936e-21,,1.104e-15,8.251e+0,1.427e-29,9.185e-18,1.462e-2,2.835e-31,6.838e-20,3.460e-10,,6.969e-18,1.721e-18,1.097e-21,6.921e-1,,2.610e-25,4.272e-19,,,2.812e-21,5.706e-17,2.863e-19,2.094e-20,2.052e-19,1.727e-22,1.770e-1,6.011e-17,4.950e-1,2.080e-9,8.380e-2,3.204e+0,8.056e-2,,,,,1.412e+0,,,2.930e-9,,,,4.486e-2,,,,,,2.283e-18,4.103e+1
623.15,5.014e+1,1.340e-20,4.717e-14,1.726e-43,9.284e-19,,,1.533e-18,6.937e-21,,1.104e-15,8.250e+0,1.426e-29,9.184e-18,1.652e-2,2.862e-31,6.842e-20,4.323e-10,,6.995e-18,1.722e-18,8.478e-22,5.893e-1,,2.611e-25,4.271e-19,,,2.808e-21,5.708e-17,2.864e-19,1.340e-20,2.052e-19,1.730e-22,1.555e-1,6.014e-17,5.246e-1,3.272e-9,9.232e-2,3.254e+0,9.762e-2,,,,,1.448e+0,,,4.400e-9,,,,3.848e-2,,,,,,2.280e-18,3.567e+1
623.17,4.687e+1,1.341e-20,5.688e-14,1.724e-43,9.317e-19,,,1.533e-18,6.939e-21,,1.104e-15,8.239e+0,1.425e-29,9.184e-18,1.788e-2,2.879e-31,6.844e-20,5.003e-10,,7.012e-18,1.722e-18,7.121e-22,5.280e-1,,2.611e-25,4.270e-19,,,2.805e-21,5.710e-17,2.864e-19,9.919e-21,2.052e-19,1.731e-22,1.423e-1,6.016e-17,5.445e-1,4.414e-9,9.824e-2,3.280e+0,1.107e-1,,,,,1.469e+0,,,5.756e-9,,,,3.465e-2,,,,,,2.278e-18,3.241e+1
623.19,4.384e+1,1.341e-20,6.844e-14,1.722e-43,9.349e-19,,,1.533e-18,6.940e-21,,1.103e-15,8.220e+0,1.424e-29,9.184e-18,1.931e-2,2.897e-31,6.847e-20,5.779e-10,,7.029e-18,1.723e-18,5.970e-22,4.722e-1,,2.612e-25,4.269e-19,,,2.802e-21,5.712e-17,2.865e-19,7.330e-21,2.053e-19,1.733e-22,1.299e-1,6.018e-17,5.644e-1,5.944e-9,1.043e-1,3.299e+0,1.252e-1,,,,,1.488e+0,,,7.515e-9,,,,3.114e-2,,,,,,2.276e-18,2.939e+1
623.22,3.971e+1,1.341e-20,9.002e-14,1.720e-43,9.398e-19,,,1.533e-18,6.942e-21,,1.103e-15,8.178e+0,1.423e-29,9.184e-18,2.160e-2,2.923e-31,6.851e-20,7.147e-10,,7.054e-18,1.723e-18,4.565e-22,3.979e-1,,2.613e-25,4.267e-19,,,2.798e-21,5.715e-17,2.865e-19,4.640e-21,2.053e-19,1.736e-22,1.129e-1,6.020e-17,5.944e-1,9.254e-9,1.138e-1,3.316e+0,1.502e-1,,,,,1.511e+0,,,1.117e-8,,,,2.643e-2,,,,,,2.273e-18,2.528e+1
623.24,3.721e+1,1.341e-20,1.078e-13,1.718e-43,9.431e-19,,,1.533e-18,6.943e-21,,1.103e-15,8.142e+0,1.422e-29,9.184e-18,2.321e-2,2.941e-31,6.854e-20,8.215e-10,,7.071e-18,1.724e-18,3.808e-22,3.540e-1,,2.614e-25,4.266e-19,,,2.795e-21,5.716e-17,2.866e-19,3.412e-21,2.053e-19,1.737e-22,1.026e-1,6.022e-17,6.144e-1,1.240e-8,1.203e-1,3.319e+0,1.691e-1,,,,,1.523e+0,,,1.451e-8,,,,2.364e-2,,,,,,2.271e-18,2.281e+1
623.27,3.381e+1,1.342e-20,1.408e-13,1.715e-43,9.480e-19,,,1.532e-18,6.945e-21,,1.102e-15,8.077e+0,1.421e-29,9.184e-18,2.577e-2,2.967e-31,6.858e-20,1.009e-9,,7.097e-18,1.724e-18,2.890e-22,2.961e-1,,2.615e-25,4.264e-19,,,2.791e-21,5.719e-17,2.866e-19,2.143e-21,2.053e-19,1.740e-22,8.853e-2,6.025e-17,6.445e-1,1.917e-8,1.302e-1,3.312e+0,2.014e-1,,,,,1.537e+0,,,2.141e-8,,,,1.992e-2,,,,,,2.268e-18,1.948e+1
623.29,3.178e+1,1.342e-20,1.677e-13,1.713e-43,9.513e-19,,,1.532e-18,6.946e-21,,1.102e-15,8.027e+0,1.420e-29,9.183e-18,2.756e-2,2.985e-31,6.860e-20,1.154e-9,,7.114e-18,1.724e-18,2.399e-22,2.622e-1,,2.616e-25,4.263e-19,,,2.788e-21,5.721e-17,2.867e-19,1.568e-21,2.053e-19,1.741e-22,8.004e-2,6.027e-17,6.645e-1,2.556e-8,1.370e-1,3.299e+0,2.257e-1,,,,,1.542e+0,,,2.768e-8,,,,1.773e-2,,,,,,2.267e-18,1.749e+1
623.32,2.903e+1,1.342e-20,2.174e-13,1.711e-43,9.562e-19,,,1.532e-18,6.948e-21,,1.102e-15,7.947e+0,1.419e-29,9.183e-18,3.037e-2,3.011e-31,6.864e-20,1.406e-9,,7.140e-18,1.725e-18,1.808e-22,2.177e-1,,2.617e-25,4.262e-19,,,2.784e-21,5.723e-17,2.867e-19,9.779e-22,2.053e-19,1.744e-22,6.855e-2,6.029e-17,6.946e-1,3.921e-8,1.473e-1,3.268e+0,2.667e-1,,,,,1.545e+0,,,4.054e-8,,,,1.483e-2,,,,,,2.264e-18,1.483e+1
623.34,2.739e+1,1.343e-20,2.578e-13,1.709e-43,9.594e-19,,,1.532e-18,6.949e-21,,1.101e-15,7.891e+0,1.418e-29,9.183e-18,3.232e-2,3.029e-31,6.867e-20,1.600e-9,,7.157e-18,1.725e-18,1.493e-22,1.918e-1,,2.618e-25,4.261e-19,,,2.781e-21,5.725e-17,2.868e-19,7.120e-22,2.054e-19,1.745e-22,6.168e-2,6.031e-17,7.146e-1,5.203e-8,1.541e-1,3.239e+0,2.974e-1,,,,,1.544e+0,,,5.215e-8,,,,1.313e-2,,,,,,2.262e-18,1.325e+1
623.37,2.518e+1,1.343e-20,3.317e-13,1.706e-43,9.643e-19,,,1.532e-18,6.951e-21,,1.101e-15,7.804e+0,1.417e-29,9.183e-18,3.536e-2,3.055e-31,6.871e-20,1.936e-9,,7.182e-18,1.726e-18,1.117e-22,1.581e-1,,2.619e-25,4.259e-19,,,2.776e-21,5.728e-17,2.868e-19,4.407e-22,2.054e-19,1.748e-22,5.244e-2,6.034e-17,7.448e-1,7.925e-8,1.645e-1,3.184e+0,3.489e-1,,,,,1.536e+0,,,7.583e-8,,,,1.090e-2,,,,,,2.259e-18,1.115e+1
623.39,2.388e+1,1.343e-20,3.915e-13,1.705e-43,9.676e-19,,,1.532e-18,6.952e-21,,1.100e-15,7.746e+0,1.416e-29,9.183e-18,3.745e-2,3.073e-31,6.874e-20,2.193e-9,,7.199e-18,1.726e-18,9.176e-23,1.386e-1,,2.620e-25,4.258e-19,,,2.774e-21,5.729e-17,2.869e-19,3.192e-22,2.054e-19,1.750e-22,4.694e-2,6.036e-17,7.649e-1,1.047e-7,1.714e-1,3.140e+0,3.871e-1,,,,,1.527e+0,,,9.708e-8,,,,9.603e-3,,,,,,2.257e-18,9.909e+0
623.42,2.214e+1,1.344e-20,5.000e-13,1.702e-43,9.725e-19,,,1.532e-18,6.954e-21,,1.100e-15,7.662e+0,1.415e-29,9.183e-18,4.067e-2,3.099e-31,6.878e-20,2.633e-9,,7.225e-18,1.727e-18,6.812e-23,1.134e-1,,2.621e-25,4.256e-19,,,2.769e-21,5.732e-17,2.869e-19,1.961e-22,2.054e-19,1.752e-22,3.962e-2,6.038e-17,7.954e-1,1.582e-7,1.816e-1,3.065e+0,4.508e-1,,,,,1.510e+0,,,1.401e-7,,,,7.914e-3,,,,,,2.254e-18,8.276e+0
623.44,2.112e+1,1.344e-20,5.872e-13,1.700e-43,9.758e-19,,,1.532e-18,6.955e-21,,1.100e-15,7.609e+0,1.415e-29,9.183e-18,4.286e-2,3.117e-31,6.880e-20,2.968e-9,,7.242e-18,1.727e-18,5.570e-23,9.893e-2,,2.622e-25,4.255e-19,,,2.767e-21,5.734e-17,2.870e-19,1.414e-22,2.054e-19,1.754e-22,3.529e-2,6.040e-17,8.160e-1,2.079e-7,1.882e-1,3.008e+0,4.978e-1,,,,,1.494e+0,,,1.785e-7,,,,6.939e-3,,,,,,2.252e-18,7.321e+0
623.47,1.977e+1,1.344e-20,7.446e-13,1.697e-43,9.807e-19,,,1.532e-18,6.957e-21,,1.099e-15,7.537e+0,1.413e-29,9.182e-18,4.620e-2,3.143e-31,6.884e-20,3.538e-9,,7.267e-18,1.728e-18,4.104e-23,8.036e-2,,2.623e-25,4.254e-19,,,2.762e-21,5.736e-17,2.871e-19,8.620e-23,2.054e-19,1.756e-22,2.956e-2,6.043e-17,8.475e-1,3.121e-7,1.980e-1,2.914e+0,5.755e-1,,,,,1.467e+0,,,2.558e-7,,,,5.676e-3,,,,,,2.249e-18,6.070e+0
623.49,1.898e+1,1.344e-20,8.701e-13,1.696e-43,9.839e-19,,,1.532e-18,6.958e-21,,1.099e-15,7.496e+0,1.413e-29,9.182e-18,4.845e-2,3.161e-31,6.887e-20,3.968e-9,,7.284e-18,1.728e-18,3.340e-23,6.979e-2,,2.623e-25,4.253e-19,,,2.759e-21,5.738e-17,2.871e-19,6.183e-23,2.055e-19,1.758e-22,2.621e-2,6.045e-17,8.690e-1,4.081e-7,2.043e-1,2.846e+0,6.323e-1,,,,,1.445e+0,,,3.243e-7,,,,4.952e-3,,,,,,2.247e-18,5.343e+0
623.52,1.796e+1,1.345e-20,1.095e-12,1.693e-43,9.888e-19,,,1.532e-18,6.960e-21,,1.099e-15,7.446e+0,1.411e-29,9.182e-18,5.184e-2,3.187e-31,6.891e-20,4.696e-9,,7.310e-18,1.729e-18,2.443e-23,5.630e-2,,2.624e-25,4.251e-19,,,2.755e-21,5.741e-17,2.872e-19,3.742e-23,2.055e-19,1.760e-22,2.179e-2,6.047e-17,9.025e-1,6.081e-7,2.133e-1,2.737e+0,7.257e-1,,,,,1.409e+0,,,4.612e-7,,,,4.020e-3,,,,,,2.244e-18,4.397e+0
623.54,1.738e+1,1.345e-20,1.274e-12,1.691e-43,9.921e-19,,,1.532e-18,6.961e-21,,1.098e-15,7.421e+0,1.411e-29,9.182e-18,5.410e-2,3.205e-31,6.894e-20,5.241e-9,,7.327e-18,1.729e-18,1.978e-23,4.869e-2,,2.625e-25,4.250e-19,,,2.752e-21,5.742e-17,2.872e-19,2.671e-23,2.055e-19,1.762e-22,1.922e-2,6.049e-17,9.257e-1,7.914e-7,2.190e-1,2.660e+0,7.935e-1,,,,,1.382e+0,,,5.819e-7,,,,3.490e-3,,,,,,2.242e-18,3.851e+0
623.56,1.686e+1,1.345e-20,1.478e-12,1.690e-43,9.954e-19,,,1.532e-18,6.962e-21,,1.098e-15,7.406e+0,1.410e-29,9.182e-18,5.634e-2,3.222e-31,6.896e-20,5.838e-9,,7.344e-18,1.729e-18,1.598e-23,4.204e-2,,2.626e-25,4.249e-19,,,2.749e-21,5.744e-17,2.872e-19,1.902e-23,2.055e-19,1.764e-22,1.692e-2,6.051e-17,9.499e-1,1.028e-6,2.244e-1,2.580e+0,8.659e-1,,,,,1.353e+0,,,7.328e-7,,,,3.024e-3,,,,,,2.240e-18,3.367e+0
623.59,1.622e+1,1.345e-20,1.842e-12,1.687e-43,1.000e-18,,,1.532e-18,6.964e-21,,1.098e-15,7.400e+0,1.409e-29,9.182e-18,5.967e-2,3.249e-31,6.900e-20,6.838e-9,,7.369e-18,1.730e-18,1.157e-23,3.366e-2,,2.627e-25,4.247e-19,,,2.745e-21,5.747e-17,2.873e-19,1.139e-23,2.055e-19,1.766e-22,1.392e-2,6.054e-17,9.885e-1,1.516e-6,2.320e-1,2.455e+0,9.835e-1,,,,,1.306e+0,,,1.032e-6,,,,2.430e-3,,,,,,2.237e-18,2.742e+0
623.61,1.586e+1,1.346e-20,2.128e-12,1.685e-43,1.004e-18,,,1.532e-18,6.965e-21,,1.097e-15,7.408e+0,1.408e-29,9.181e-18,6.184e-2,3.266e-31,6.903e-20,7.580e-9,,7.386e-18,1.730e-18,9.304e-24,2.899e-2,,2.628e-25,4.246e-19,,,2.742e-21,5.748e-17,2.874e-19,8.076e-24,2.055e-19,1.768e-22,1.220e-2,6.055e-17,1.016e+0,1.959e-6,2.366e-1,2.370e+0,1.068e+0,,,,,1.273e+0,,,1.293e-6,,,,2.095e-3,,,,,,2.235e-18,2.385e+0
623.64,1.544e+1,1.346e-20,2.632e-12,1.682e-43,1.008e-18,,,1.532e-18,6.967e-21,,1.097e-15,7.441e+0,1.407e-29,9.181e-18,6.501e-2,3.293e-31,6.907e-20,8.813e-9,,7.412e-18,1.731e-18,6.684e-24,2.317e-2,,2.629e-25,4.245e-19,,,2.738e-21,5.751e-17,2.874e-19,4.801e-24,2.056e-19,1.770e-22,9.963e-3,6.058e-17,1.061e+0,2.869e-6,2.428e-1,2.238e+0,1.204e+0,,,,,1.220e+0,,,1.807e-6,,,,1.671e-3,,,,,,2.232e-18,1.928e+0
623.66,1.522e+1,1.346e-20,3.025e-12,1.681e-43,1.012e-18,,,1.532e-18,6.968e-21,,1.097e-15,7.477e+0,1.406e-29,9.181e-18,6.705e-2,3.310e-31,6.910e-20,9.721e-9,,7.429e-18,1.731e-18,5.348e-24,1.998e-2,,2.630e-25,4.244e-19,,,2.735e-21,5.753e-17,2.875e-19,3.386e-24,2.056e-19,1.772e-22,8.684e-3,6.060e-17,1.093e+0,3.690e-6,2.464e-1,2.150e+0,1.301e+0,,,,,1.184e+0,,,2.253e-6,,,,1.434e-3,,,,,,2.230e-18,1.669e+0
623.69,1.499e+1,1.347e-20,3.714e-12,1.678e-43,1.017e-18,,,1.531e-18,6.970e-21,,1.096e-15,7.553e+0,1.405e-29,9.181e-18,6.997e-2,3.337e-31,6.914e-20,1.122e-8,,7.454e-18,1.732e-18,3.814e-24,1.607e-2,,2.631e-25,4.242e-19,,,2.731e-21,5.755e-17,2.875e-19,1.998e-24,2.056e-19,1.774e-22,7.041e-3,6.063e-17,1.147e+0,5.363e-6,2.511e-1,2.016e+0,1.457e+0,,,,,1.128e+0,,,3.125e-6,,,,1.135e-3,,,,,,2.227e-18,1.339e+0
623.71,1.489e+1,1.347e-20,4.249e-12,1.676e-43,1.020e-18,,,1.531e-18,6.971e-21,,1.096e-15,7.618e+0,1.404e-29,9.181e-18,7.181e-2,3.354e-31,6.916e-20,1.232e-8,,7.471e-18,1.732e-18,3.037e-24,1.398e-2,,2.632e-25,4.241e-19,,,2.728e-21,5.757e-17,2.876e-19,1.402e-24,2.056e-19,1.776e-22,6.108e-3,6.064e-17,1.187e+0,6.864e-6,2.536e-1,1.927e+0,1.566e+0,,,,,1.090e+0,,,3.878e-6,,,,9.691e-4,,,,,,2.226e-18,1.154e+0
623.74,1.482e+1,1.347e-20,5.179e-12,1.674e-43,1.025e-18,,,1.531e-18,6.973e-21,,1.095e-15,7.738e+0,1.403e-29,9.181e-18,7.438e-2,3.381e-31,6.920e-20,1.411e-8,,7.497e-18,1.733e-18,2.149e-24,1.153e-2,,2.633e-25,4.240e-19,,,2.724e-21,5.760e-17,2.876e-19,8.212e-25,2.056e-19,1.778e-22,4.916e-3,6.067e-17,1.253e+0,9.903e-6,2.565e-1,1.794e+0,1.740e+0,,,,,1.031e+0,,,5.341e-6,,,,7.615e-4,,,,,,2.223e-18,9.188e-1
623.76,1.483e+1,1.347e-20,5.896e-12,1.672e-43,1.028e-18,,,1.531e-18,6.974e-21,,1.095e-15,7.832e+0,1.402e-29,9.180e-18,7.597e-2,3.398e-31,6.923e-20,1.541e-8,,7.514e-18,1.733e-18,1.703e-24,1.030e-2,,2.633e-25,4.239e-19,,,2.721e-21,5.761e-17,2.877e-19,5.734e-25,2.057e-19,1.780e-22,4.243e-3,6.069e-17,1.302e+0,1.261e-5,2.579e-1,1.706e+0,1.862e+0,,,,,9.918e-1,,,6.596e-6,,,,6.469e-4,,,,,,2.221e-18,7.876e-1
623.79,1.491e+1,1.348e-20,7.135e-12,1.669e-43,1.033e-18,,,1.531e-18,6.976e-21,,1.095e-15,7.994e+0,1.401e-29,9.180e-18,7.811e-2,3.425e-31,6.927e-20,1.753e-8,,7.539e-18,1.734e-18,1.196e-24,9.006e-3,,2.635e-25,4.237e-19,,,2.717e-21,5.764e-17,2.877e-19,3.333e-25,2.057e-19,1.783e-22,3.389e-3,6.072e-17,1.384e+0,1.807e-5,2.590e-1,1.576e+0,2.054e+0,,,,,9.327e-1,,,9.018e-6,,,,5.046e-4,,,,,,2.218e-18,6.226e-1
623.81,1.502e+1,1.348e-20,8.083e-12,1.668e-43,1.036e-18,,,1.531e-18,6.977e-21,,1.094e-15,8.116e+0,1.400e-29,9.180e-18,7.938e-2,3.442e-31,6.930e-20,1.905e-8,,7.556e-18,1.734e-18,9.433e-25,8.490e-3,,2.635e-25,4.236e-19,,,2.714e-21,5.766e-17,2.878e-19,2.316e-25,2.057e-19,1.784e-22,2.911e-3,6.073e-17,1.446e+0,2.290e-5,2.591e-1,1.491e+0,2.188e+0,,,,,8.935e-1,,,1.108e-5,,,,4.266e-4,,,,,,2.216e-18,5.310e-1
623.84,1.523e+1,1.348e-20,9.711e-12,1.665e-43,1.041e-18,,,1.531e-18,6.979e-21,,1.094e-15,8.316e+0,1.399e-29,9.180e-18,8.103e-2,3.469e-31,6.934e-20,2.151e-8,,7.582e-18,1.735e-18,6.578e-25,8.219e-3,,2.636e-25,4.234e-19,,,2.710e-21,5.768e-17,2.878e-19,1.336e-25,2.057e-19,1.787e-22,2.308e-3,6.076e-17,1.550e+0,3.256e-5,2.583e-1,1.368e+0,2.395e+0,,,,,8.354e-1,,,1.504e-5,,,,3.303e-4,,,,,,2.213e-18,4.167e-1
623.86,1.541e+1,1.348e-20,1.095e-11,1.663e-43,1.044e-18,,,1.531e-18,6.980e-21,,1.094e-15,8.460e+0,1.399e-29,9.180e-18,8.194e-2,3.486e-31,6.936e-20,2.327e-8,,7.599e-18,1.735e-18,5.160e-25,8.373e-3,,2.637e-25,4.233e-19,,,2.707e-21,5.770e-17,2.879e-19,9.239e-26,2.057e-19,1.788e-22,1.973e-3,6.078e-17,1.628e+0,4.107e-5,2.572e-1,1.288e+0,2.538e+0,,,,,7.973e-1,,,1.839e-5,,,,2.778e-4,,,,,,2.211e-18,3.537e-1
623.89,1.575e+1,1.349e-20,1.306e-11,1.660e-43,1.049e-18,,,1.531e-18,6.982e-21,,1.093e-15,8.690e+0,1.397e-29,9.180e-18,8.302e-2,3.513e-31,6.940e-20,2.607e-8,,7.625e-18,1.736e-18,3.572e-25,9.132e-3,,2.638e-25,4.232e-19,,,2.703e-21,5.773e-17,2.880e-19,5.291e-26,2.057e-19,1.791e-22,1.553e-3,6.081e-17,1.758e+0,5.797e-5,2.546e-1,1.173e+0,2.759e+0,,,,,7.415e-1,,,2.478e-5,,,,2.135e-4,,,,,,2.208e-18,2.755e-1
623.91,1.600e+1,1.349e-20,1.465e-11,1.659e-43,1.053e-18,,,1.531e-18,6.983e-21,,1.093e-15,8.852e+0,1.397e-29,9.180e-18,8.355e-2,3.530e-31,6.943e-20,2.806e-8,,7.642e-18,1.736e-18,2.788e-25,1.002e-2,,2.639e-25,4.231e-19,,,2.700e-21,5.774e-17,2.880e-19,3.640e-26,2.058e-19,1.792e-22,1.320e-3,6.082e-17,1.856e+0,7.276e-5,2.523e-1,1.099e+0,2.910e+0,,,,,7.054e-1,,,3.015e-5,,,,1.787e-4,,,,,,2.206e-18,2.327e-1
623.93,1.628e+1,1.349e-20,1.640e-11,1.657e-43,1.056e-18,,,1.531e-18,6.984e-21,,1.093e-15,9.018e+0,1.396e-29,9.179e-18,8.391e-2,3.548e-31,6.946e-20,3.015e-8,,7.659e-18,1.736e-18,2.172e-25,1.123e-2,,2.640e-25,4.230e-19,,,2.697e-21,5.776e-17,2.880e-19,2.499e-26,2.058e-19,1.794e-22,1.121e-3,6.084e-17,1.962e+0,9.116e-5,2.495e-1,1.028e+0,3.063e+0,,,,,6.703e-1,,,3.662e-5,,,,1.493e-4,,,,,,2.204e-18,1.961e-1
623.96,1.675e+1,1.350e-20,1.937e-11,1.654e-43,1.061e-18,,,1.531e-18,6.986e-21,,1.092e-15,9.274e+0,1.395e-29,9.179e-18,8.415e-2,3.574e-31,6.950e-20,3.344e-8,,7.684e-18,1.737e-18,1.488e-25,1.377e-2,,2.641e-25,4.228e-19,,,2.693e-21,5.779e-17,2.881e-19,1.416e-26,2.058e-19,1.797e-22,8.730e-4,6.087e-17,2.140e+0,1.274e-4,2.446e-1,9.261e-1,3.295e+0,,,,,6.197e-1,,,4.884e-5,,,,1.136e-4,,,,,,2.201e-18,1.512e-1
623.98,1.709e+1,1.350e-20,2.158e-11,1.653e-43,1.064e-18,,,1.531e-18,6.987e-21,,1.092e-15,9.447e+0,1.394e-29,9.179e-18,8.410e-2,3.592e-31,6.952e-20,3.575e-8,,7.701e-18,1.737e-18,1.154e-25,1.600e-2,,2.642e-25,4.227e-19,,,2.690e-21,5.781e-17,2.882e-19,9.676e-27,2.058e-19,1.798e-22,7.373e-4,6.089e-17,2.272e+0,1.588e-4,2.408e-1,8.619e-1,3.452e+0,,,,,5.876e-1,,,5.902e-5,,,,9.439e-5,,,,,,2.199e-18,1.268e-1
624.01,1.763e+1,1.350e-20,2.530e-11,1.650e-43,1.069e-18,,,1.531e-18,6.989e-21,,1.092e-15,9.707e+0,1.393e-29,9.179e-18,8.372e-2,3.618e-31,6.956e-20,3.936e-8,,7.727e-18,1.738e-18,7.844e-26,2.031e-2,,2.643e-25,4.225e-19,,,2.686e-21,5.783e-17,2.882e-19,5.443e-27,2.058e-19,1.801e-22,5.701e-4,6.091e-17,2.491e+0,2.202e-4,2.344e-1,7.709e-1,3.687e+0,,,,,5.419e-1,,,7.813e-5,,,,7.127e-5,,,,,,2.196e-18,9.702e-2
624.03,1.802e+1,1.350e-20,2.806e-11,1.648e-43,1.072e-18,,,1.531e-18,6.990e-21,,1.091e-15,9.879e+0,1.392e-29,9.179e-18,8.326e-2,3.636e-31,6.959e-20,4.187e-8,,7.744e-18,1.738e-18,6.051e-26,2.394e-2,,2.644e-25,4.224e-19,,,2.683e-21,5.785e-17,2.883e-19,3.700e-27,2.058e-19,1.802e-22,4.791e-4,6.093e-17,2.653e+0,2.732e-4,2.297e-1,7.139e-1,3.843e+0,,,,,5.133e-1,,,9.397e-5,,,,5.895e-5,,,,,,2.194e-18,8.097e-2
624.06,1.863e+1,1.351e-20,3.266e-11,1.645e-43,1.077e-18,,,1.531e-18,6.992e-21,,1.091e-15,1.013e+1,1.391e-29,9.179e-18,8.227e-2,3.662e-31,6.963e-20,4.577e-8,,7.769e-18,1.739e-18,4.084e-26,3.075e-2,,2.645e-25,4.223e-19,,,2.678e-21,5.787e-17,2.883e-19,2.066e-27,2.059e-19,1.805e-22,3.677e-4,6.096e-17,2.919e+0,3.761e-4,2.220e-1,6.339e-1,4.076e+0,,,,,4.732e-1,,,1.235e-4,,,,4.418e-5,,,,,,2.191e-18,6.150e-2
624.08,1.905e+1,1.351e-20,3.604e-11,1.644e-43,1.080e-18,,,1.531e-18,6.993e-21,,1.091e-15,1.029e+1,1.390e-29,9.178e-18,8.142e-2,3.680e-31,6.966e-20,4.844e-8,,7.786e-18,1.739e-18,3.135e-26,3.636e-2,,2.645e-25,4.222e-19,,,2.676e-21,5.789e-17,2.884e-19,1.397e-27,2.059e-19,1.806e-22,3.075e-4,6.098e-17,3.114e+0,4.643e-4,2.166e-1,5.841e-1,4.228e+0,,,,,4.485e-1,,,1.478e-4,,,,3.636e-5,,,,,,2.189e-18,5.108e-2
624.11,1.971e+1,1.351e-20,4.165e-11,1.641e-43,1.085e-18,,,1.530e-18,6.995e-21,,1.090e-15,1.052e+1,1.389e-29,9.178e-18,7.987e-2,3.706e-31,6.970e-20,5.256e-8,,7.812e-18,1.740e-18,2.100e-26,4.674e-2,,2.647e-25,4.220e-19,,,2.671e-21,5.792e-17,2.884e-19,7.745e-28,2.059e-19,1.809e-22,2.343e-4,6.100e-17,3.434e+0,6.346e-4,2.079e-1,5.148e-1,4.452e+0,,,,,4.144e-1,,,1.928e-4,,,,2.705e-5,,,,,,2.186e-18,3.851e-2
624.13,2.015e+1,1.352e-20,4.575e-11,1.639e-43,1.089e-18,,,1.530e-18,6.996e-21,,1.090e-15,1.066e+1,1.388e-29,9.178e-18,7.865e-2,3.724e-31,6.972e-20,5.537e-8,,7.829e-18,1.740e-18,1.604e-26,5.519e-2,,2.647e-25,4.219e-19,,,2.669e-21,5.794e-17,2.885e-19,5.213e-28,2.059e-19,1.811e-22,1.950e-4,6.102e-17,3.665e+0,7.797e-4,2.019e-1,4.720e-1,4.597e+0,,,,,3.937e-1,,,2.297e-4,,,,2.215e-5,,,,,,2.185e-18,3.182e-2
624.16,2.084e+1,1.352e-20,5.249e-11,1.637e-43,1.093e-18,,,1.530e-18,6.998e-21,,1.089e-15,1.085e+1,1.387e-29,9.178e-18,7.658e-2,3.750e-31,6.976e-20,5.964e-8,,7.854e-18,1.740e-18,1.067e-26,7.065e-2,,2.648e-25,4.217e-19,,,2.664e-21,5.796e-17,2.885e-19,2.867e-28,2.059e-19,1.813e-22,1.474e-4,6.105e-17,4.042e+0,1.058e-3,1.926e-1,4.130e-1,4.805e+0,,,,,3.659e-1,,,2.974e-4,,,,1.636e-5,,,,,,2.182e-18,2.382e-2
624.18,2.130e+1,1.352e-20,5.738e-11,1.635e-43,1.097e-18,,,1.530e-18,6.999e-21,,1.089e-15,1.096e+1,1.386e-29,9.178e-18,7.505e-2,3.768e-31,6.979e-20,6.251e-8,,7.871e-18,1.741e-18,8.106e-27,8.313e-2,,2.649e-25,4.216e-19,,,2.661e-21,5.798e-17,2.886e-19,1.920e-28,2.059e-19,1.815e-22,1.221e-4,6.107e-17,4.313e+0,1.293e-3,1.863e-1,3.768e-1,4.938e+0,,,,,3.495e-1,,,3.525e-4,,,,1.333e-5,,,,,,2.180e-18,1.958e-2
624.21,2.200e+1,1.352e-20,6.536e-11,1.632e-43,1.102e-18,,,1.530e-18,7.001e-21,,1.089e-15,1.110e+1,1.385e-29,9.178e-18,7.254e-2,3.794e-31,6.983e-20,6.684e-8,,7.897e-18,1.741e-18,5.351e-27,1.058e-1,,2.650e-25,4.215e-19,,,2.657e-21,5.801e-17,2.886e-19,1.049e-28,2.060e-19,1.817e-22,9.164e-5,6.109e-17,4.750e+0,1.742e-3,1.766e-1,3.272e-1,5.126e+0,,,,,3.279e-1,,,4.532e-4,,,,9.771e-6,,,,,,2.177e-18,1.455e-2
624.23,2.247e+1,1.353e-20,7.112e-11,1.630e-43,1.105e-18,,,1.530e-18,7.002e-21,,1.088e-15,1.118e+1,1.384e-29,9.177e-18,7.074e-2,3.812e-31,6.986e-20,6.971e-8,,7.914e-18,1.742e-18,4.046e-27,1.239e-1,,2.651e-25,4.214e-19,,,2.654e-21,5.802e-17,2.887e-19,1.049e-28,2.060e-19,1.819e-22,7.551e-5,6.111e-17,5.062e+0,2.119e-3,1.701e-1,2.971e-1,5.242e+0,,,,,3.156e-1,,,5.345e-4,,,,7.923e-6,,,,,,2.175e-18,1.190e-2
624.26,2.318e+1,1.353e-20,8.044e-11,1.628e-43,1.110e-18,,,1.530e-18,7.004e-21,,1.088e-15,1.126e+1,1.383e-29,9.177e-18,6.787e-2,3.838e-31,6.990e-20,7.399e-8,,7.939e-18,1.742e-18,2.651e-27,1.567e-1,,2.652e-25,4.212e-19,,,2.650e-21,5.805e-17,2.888e-19,1.049e-28,2.060e-19,1.821e-22,5.626e-5,6.114e-17,5.560e+0,2.834e-3,1.604e-1,2.561e-1,5.404e+0,,,,,3.002e-1,,,6.822e-4,,,,5.765e-6,,,,,,2.172e-18,8.777e-3
624.28,2.365e+1,1.353e-20,8.712e-11,1.626e-43,1.113e-18,,,1.530e-18,7.005e-21,,1.088e-15,1.130e+1,1.383e-29,9.177e-18,6.586e-2,3.856e-31,6.992e-20,7.680e-8,,7.956e-18,1.743e-18,1.995e-27,1.827e-1,,2.653e-25,4.211e-19,,,2.647e-21,5.807e-17,2.888e-19,1.049e-28,2.060e-19,1.823e-22,4.613e-5,6.116e-17,5.913e+0,3.431e-3,1.539e-1,2.314e-1,5.502e+0,,,,,2.919e-1,,,8.006e-4,,,,4.652e-6,,,,,,2.170e-18,7.146e-3
624.31,2.435e+1,1.354e-20,9.784e-11,1.623e-43,1.118e-18,,,1.530e-18,7.007e-21,,1.087e-15,1.131e+1,1.381e-29,9.177e-18,6.272e-2,3.882e-31,6.996e-20,8.092e-8,,7.982e-18,1.743e-18,1.297e-27,2.293e-1,,2.654e-25,4.209e-19,,,2.643e-21,5.809e-17,2.889e-19,1.049e-28,2.060e-19,1.825e-22,3.412e-5,6.118e-17,6.472e+0,4.554e-3,1.444e-1,1.980e-1,5.632e+0,,,,,2.824e-1,,,1.014e-3,,,,3.359e-6,,,,,,2.167e-18,5.230e-3
624.33,2.481e+1,1.354e-20,1.055e-10,1.622e-43,1.121e-18,,,1.530e-18,7.008e-21,,1.087e-15,1.130e+1,1.381e-29,9.177e-18,6.057e-2,3.900e-31,6.999e-20,8.358e-8,,7.999e-18,1.744e-18,9.715e-28,2.662e-1,,2.655e-25,4.208e-19,,,2.640e-21,5.811e-17,2.889e-19,1.049e-28,2.060e-19,1.827e-22,2.783e-5,6.120e-17,6.864e+0,5.487e-3,1.382e-1,1.780e-1,5.708e+0,,,,,2.779e-1,,,1.185e-3,,,,2.697e-6,,,,,,2.165e-18,4.238e-3
624.35,2.526e+1,1.354e-20,1.135e-10,1.620e-43,1.124e-18,,,1.530e-18,7.009e-21,,1.087e-15,1.127e+1,1.380e-29,9.177e-18,5.837e-2,3.917e-31,7.002e-20,8.616e-8,,8.016e-18,1.744e-18,7.260e-28,3.084e-1,,2.656e-25,4.207e-19,,,2.637e-21,5.813e-17,2.889e-19,1.049e-28,2.061e-19,1.829e-22,2.266e-5,6.122e-17,7.270e+0,6.598e-3,1.321e-1,1.597e-1,5.775e+0,,,,,2.748e-1,,,1.381e-3,,,,2.162e-6,,,,,,2.163e-18,3.426e-3
624.38,2.594e+1,1.354e-20,1.262e-10,1.617e-43,1.129e-18,,,1.530e-18,7.011e-21,,1.086e-15,1.119e+1,1.379e-29,9.176e-18,5.502e-2,3.944e-31,7.006e-20,8.985e-8,,8.041e-18,1.745e-18,4.672e-28,3.832e-1,,2.657e-25,4.206e-19,,,2.633e-21,5.815e-17,2.890e-19,1.049e-28,2.061e-19,1.831e-22,1.659e-5,6.125e-17,7.906e+0,8.668e-3,1.233e-1,1.353e-1,5.857e+0,,,,,2.727e-1,,,1.732e-3,,,,1.545e-6,,,,,,2.160e-18,2.482e-3
624.4,2.638e+1,1.355e-20,1.352e-10,1.615e-43,1.133e-18,,,1.530e-18,7.012e-21,,1.086e-15,1.111e+1,1.378e-29,9.176e-18,5.277e-2,3.961e-31,7.008e-20,9.217e-8,,8.058e-18,1.745e-18,3.474e-28,4.419e-1,,2.657e-25,4.205e-19,,,2.630e-21,5.817e-17,2.891e-19,1.049e-28,2.061e-19,1.833e-22,1.344e-5,6.126e-17,8.345e+0,1.037e-2,1.176e-1,1.208e-1,5.899e+0,,,,,2.730e-1,,,2.009e-3,,,,1.232e-6,,,,,,2.158e-18,1.997e-3
624.43,2.703e+1,1.355e-20,1.493e-10,1.613e-43,1.138e-18,,,1.530e-18,7.014e-21,,1.086e-15,1.096e+1,1.377e-29,9.176e-18,4.938e-2,3.988e-31,7.012e-20,9.541e-8,,8.084e-18,1.745e-18,2.220e-28,5.452e-1,,2.659e-25,4.203e-19,,,2.626e-21,5.820e-17,2.891e-19,1.049e-28,2.061e-19,1.835e-22,9.766e-6,6.129e-17,9.026e+0,1.353e-2,1.095e-1,1.015e-1,5.944e+0,,,,,2.757e-1,,,2.501e-3,,,,8.739e-7,,,,,,2.155e-18,1.436e-3
624.45,2.746e+1,1.355e-20,1.591e-10,1.611e-43,1.141e-18,,,1.530e-18,7.015e-21,,1.085e-15,1.084e+1,1.376e-29,9.176e-18,4.712e-2,4.005e-31,7.015e-20,9.739e-8,,8.101e-18,1.746e-18,1.642e-28,6.256e-1,,2.659e-25,4.202e-19,,,2.623e-21,5.821e-17,2.892e-19,1.049e-28,2.061e-19,1.837e-22,7.873e-6,6.131e-17,9.493e+0,1.611e-2,1.044e-1,9.023e-2,5.962e+0,,,,,2.789e-1,,,2.887e-3,,,,6.935e-7,,,,,,2.153e-18,1.150e-3
624.48,2.809e+1,1.355e-20,1.745e-10,1.608e-43,1.146e-18,,,1.530e-18,7.017e-21,,1.085e-15,1.062e+1,1.375e-29,9.176e-18,4.377e-2,4.031e-31,7.019e-20,1.001e-7,,8.126e-18,1.746e-18,1.041e-28,7.663e-1,,2.660e-25,4.200e-19,,,2.619e-21,5.824e-17,2.892e-19,1.049e-28,2.062e-19,1.839e-22,5.678e-6,6.134e-17,1.021e+1,2.086e-2,9.722e-2,7.529e-2,5.970e+0,,,,,2.857e-1,,,3.567e-3,,,,4.883e-7,,,,,,2.150e-18,8.205e-4
624.5,2.850e+1,1.356e-20,1.852e-10,1.607e-43,1.149e-18,,,1.530e-18,7.018e-21,,1.085e-15,1.045e+1,1.374e-29,9.176e-18,4.156e-2,4.049e-31,7.022e-20,1.017e-7,,8.144e-18,1.747e-18,7.668e-29,8.752e-1,,2.661e-25,4.199e-19,,,2.616e-21,5.826e-17,2.893e-19,1.049e-28,2.062e-19,1.841e-22,4.555e-6,6.135e-17,1.069e+1,2.472e-2,9.276e-2,6.657e-2,5.964e+0,,,,,2.914e-1,,,4.098e-3,,,,3.856e-7,,,,,,2.148e-18,6.537e-4
624.53,2.911e+1,1.356e-20,2.018e-10,1.604e-43,1.154e-18,,,1.530e-18,7.020e-21,,1.084e-15,1.016e+1,1.373e-29,9.176e-18,3.832e-2,4.075e-31,7.026e-20,1.037e-7,,8.169e-18,1.747e-18,4.826e-29,1.064e+0,,2.662e-25,4.198e-19,,,2.612e-21,5.828e-17,2.893e-19,1.049e-28,2.062e-19,1.843e-22,3.261e-6,6.138e-17,1.142e+1,3.177e-2,8.659e-2,5.514e-2,5.937e+0,,,,,3.017e-1,,,5.027e-3,,,,2.695e-7,,,,,,2.145e-18,4.631e-4
624.55,2.951e+1,1.356e-20,2.131e-10,1.602e-43,1.157e-18,,,1.529e-18,7.021e-21,,1.084e-15,9.956e+0,1.372e-29,9.175e-18,3.621e-2,4.093e-31,7.028e-20,1.048e-7,,8.186e-18,1.748e-18,3.536e-29,1.210e+0,,2.663e-25,4.197e-19,,,2.609e-21,5.830e-17,2.894e-19,1.049e-28,2.062e-19,1.845e-22,2.603e-6,6.140e-17,1.192e+1,3.746e-2,8.283e-2,4.851e-2,5.909e+0,,,,,3.096e-1,,,5.747e-3,,,,2.117e-7,,,,,,2.144e-18,3.671e-4
624.58,3.011e+1,1.357e-20,2.306e-10,1.600e-43,1.162e-18,,,1.529e-18,7.023e-21,,1.083e-15,9.618e+0,1.371e-29,9.175e-18,3.314e-2,4.119e-31,7.032e-20,1.061e-7,,8.212e-18,1.748e-18,2.209e-29,1.461e+0,,2.664e-25,4.195e-19,,,2.605e-21,5.833e-17,2.894e-19,1.049e-28,2.062e-19,1.848e-22,1.850e-6,6.143e-17,1.265e+1,4.780e-2,7.773e-2,3.989e-2,5.850e+0,,,,,3.227e-1,,,6.999e-3,,,,1.469e-7,,,,,,2.141e-18,2.582e-4
624.6,3.050e+1,1.357e-20,2.425e-10,1.598e-43,1.165e-18,,,1.529e-18,7.024e-21,,1.083e-15,9.377e+0,1.370e-29,9.175e-18,3.117e-2,4.137e-31,7.035e-20,1.068e-7,,8.229e-18,1.749e-18,1.610e-29,1.652e+0,,2.665e-25,4.194e-19,,,2.602e-21,5.834e-17,2.895e-19,1.049e-28,2.062e-19,1.849e-22,1.470e-6,6.144e-17,1.314e+1,5.609e-2,7.469e-2,3.492e-2,5.802e+0,,,,,3.322e-1,,,7.962e-3,,,,1.149e-7,,,,,,2.139e-18,2.036e-4
624.63,3.110e+1,1.357e-20,2.607e-10,1.595e-43,1.170e-18,,,1.529e-18,7.026e-21,,1.083e-15,8.994e+0,1.369e-29,9.175e-18,2.832e-2,4.163e-31,7.039e-20,1.073e-7,,8.254e-18,1.749e-18,9.986e-30,1.981e+0,,2.666e-25,4.193e-19,,,2.598e-21,5.837e-17,2.896e-19,1.049e-28,2.063e-19,1.852e-22,1.037e-6,6.147e-17,1.385e+1,7.104e-2,7.069e-2,2.850e-2,5.716e+0,,,,,3.475e-1,,,9.625e-3,,,,7.910e-8,,,,,,2.136e-18,1.422e-4
624.65,3.150e+1,1.357e-20,2.729e-10,1.593e-43,1.173e-18,,,1.529e-18,7.027e-21,,1.082e-15,8.727e+0,1.369e-29,9.175e-18,2.650e-2,4.181e-31,7.042e-20,1.074e-7,,8.271e-18,1.750e-18,7.244e-30,2.230e+0,,2.667e-25,4.191e-19,,,2.595e-21,5.839e-17,2.896e-19,1.049e-28,2.063e-19,1.853e-22,8.193e-7,6.149e-17,1.432e+1,8.297e-2,6.838e-2,2.483e-2,5.651e+0,,,,,3.583e-1,,,1.090e-2,,,,6.154e-8,,,,,,2.134e-18,1.116e-4
624.68,3.211e+1,1.358e-20,2.914e-10,1.591e-43,1.178e-18,,,1.529e-18,7.029e-21,,1.082e-15,8.311e+0,1.367e-29,9.175e-18,2.390e-2,4.207e-31,7.046e-20,1.072e-7,,8.297e-18,1.750e-18,4.459e-30,2.655e+0,,2.668e-25,4.190e-19,,,2.590e-21,5.841e-17,2.897e-19,1.049e-28,2.063e-19,1.856e-22,5.737e-7,6.152e-17,1.500e+1,1.043e-1,6.546e-2,2.012e-2,5.543e+0,,,,,3.753e-1,,,1.308e-2,,,,4.207e-8,,,,,,2.131e-18,7.731e-5
624.7,3.252e+1,1.358e-20,3.038e-10,1.589e-43,1.182e-18,,,1.529e-18,7.030e-21,,1.082e-15,8.026e+0,1.367e-29,9.174e-18,2.225e-2,4.225e-31,7.048e-20,1.068e-7,,8.314e-18,1.750e-18,3.219e-30,2.975e+0,,2.669e-25,4.189e-19,,,2.588e-21,5.843e-17,2.897e-19,1.049e-28,2.063e-19,1.858e-22,4.512e-7,6.153e-17,1.543e+1,1.212e-1,6.386e-2,1.744e-2,5.466e+0,,,,,3.870e-1,,,1.473e-2,,,,3.257e-8,,,,,,2.129e-18,6.039e-5
624.72,3.295e+1,1.358e-20,3.161e-10,1.587e-43,1.185e-18,,,1.529e-18,7.031e-21,,1.081e-15,7.735e+0,1.366e-29,9.174e-18,2.068e-2,4.243e-31,7.051e-20,1.061e-7,,8.331e-18,1.751e-18,2.319e-30,3.327e+0,,2.669e-25,4.188e-19,,,2.585e-21,5.845e-17,2.897e-19,1.049e-28,2.063e-19,1.859e-22,3.542e-7,6.155e-17,1.585e+1,1.406e-1,6.252e-2,1.509e-2,5.385e+0,,,,,3.990e-1,,,1.656e-2,,,,2.516e-8,,,,,,2.127e-18,4.707e-5
624.75,3.361e+1,1.358e-20,3.345e-10,1.585e-43,1.190e-18,,,1.529e-18,7.033e-21,,1.081e-15,7.292e+0,1.365e-29,9.174e-18,1.846e-2,4.269e-31,7.055e-20,1.048e-7,,8.356e-18,1.751e-18,1.412e-30,3.920e+0,,2.671e-25,4.186e-19,,,2.580e-21,5.847e-17,2.898e-19,1.050e-28,2.063e-19,1.862e-22,2.454e-7,6.158e-17,1.644e+1,1.750e-1,6.101e-2,1.210e-2,5.257e+0,,,,,4.174e-1,,,1.967e-2,,,,1.702e-8,,,,,,2.124e-18,3.228e-5
624.77,3.407e+1,1.359e-20,3.466e-10,1.583e-43,1.193e-18,,,1.529e-18,7.034e-21,,1.081e-15,6.994e+0,1.364e-29,9.174e-18,1.707e-2,4.287e-31,7.058e-20,1.037e-7,,8.373e-18,1.752e-18,1.013e-30,4.363e+0,,2.671e-25,4.185e-19,,,2.578e-21,5.849e-17,2.899e-19,1.050e-28,2.064e-19,1.863e-22,1.917e-7,6.160e-17,1.680e+1,2.020e-1,6.031e-2,1.042e-2,5.169e+0,,,,,4.300e-1,,,2.201e-2,,,,1.309e-8,,,,,,2.122e-18,2.504e-5
624.8,3.480e+1,1.359e-20,3.645e-10,1.580e-43,1.198e-18,,,1.529e-18,7.036e-21,,1.080e-15,6.546e+0,1.363e-29,9.174e-18,1.512e-2,4.313e-31,7.062e-20,1.017e-7,,8.399e-18,1.752e-18,6.122e-31,5.105e+0,,2.672e-25,4.184e-19,,,2.573e-21,5.852e-17,2.899e-19,1.050e-28,2.064e-19,1.866e-22,1.319e-7,6.162e-17,1.730e+1,2.495e-1,5.969e-2,8.295e-3,5.036e+0,,,,,4.491e-1,,,2.595e-2,,,,8.788e-9,,,,,,2.119e-18,1.704e-5
624.82,3.531e+1,1.359e-20,3.761e-10,1.578e-43,1.201e-18,,,1.529e-18,7.037e-21,,1.080e-15,6.248e+0,1.362e-29,9.174e-18,1.392e-2,4.331e-31,7.064e-20,1.001e-7,,8.416e-18,1.753e-18,4.367e-31,5.655e+0,,2.673e-25,4.183e-19,,,2.571e-21,5.853e-17,2.900e-19,1.050e-28,2.064e-19,1.867e-22,1.025e-7,6.164e-17,1.760e+1,2.866e-1,5.955e-2,7.109e-3,4.946e+0,,,,,4.620e-1,,,2.890e-2,,,,6.723e-9,,,,,,2.117e-18,1.316e-5
624.85,3.613e+1,1.360e-20,3.930e-10,1.576e-43,1.206e-18,,,1.529e-18,7.039e-21,,1.079e-15,5.805e+0,1.361e-29,9.173e-18,1.224e-2,4.357e-31,7.068e-20,9.739e-8,,8.441e-18,1.753e-18,2.621e-31,6.570e+0,,2.674e-25,4.181e-19,,,2.566e-21,5.856e-17,2.900e-19,1.050e-28,2.064e-19,1.870e-22,6.998e-8,6.167e-17,1.800e+1,3.515e-1,5.971e-2,5.621e-3,4.813e+0,,,,,4.816e-1,,,3.383e-2,,,,4.481e-9,,,,,,2.114e-18,8.888e-6
624.87,3.672e+1,1.360e-20,4.039e-10,1.574e-43,1.209e-18,,,1.529e-18,7.040e-21,,1.079e-15,5.514e+0,1.360e-29,9.173e-18,1.121e-2,4.375e-31,7.071e-20,9.541e-8,,8.458e-18,1.754e-18,1.860e-31,7.243e+0,,2.675e-25,4.180e-19,,,2.563e-21,5.858e-17,2.901e-19,1.050e-28,2.064e-19,1.872e-22,5.412e-8,6.169e-17,1.822e+1,4.018e-1,6.004e-2,4.796e-3,4.725e+0,,,,,4.949e-1,,,3.748e-2,,,,3.411e-9,,,,,,2.112e-18,6.827e-6
624.9,3.766e+1,1.360e-20,4.195e-10,1.571e-43,1.214e-18,,,1.529e-18,7.042e-21,,1.079e-15,5.086e+0,1.359e-29,9.173e-18,9.787e-3,4.401e-31,7.075e-20,9.217e-8,,8.484e-18,1.754e-18,1.108e-31,8.355e+0,,2.676e-25,4.178e-19,,,2.559e-21,5.860e-17,2.901e-19,1.050e-28,2.064e-19,1.874e-22,3.668e-8,6.171e-17,1.850e+1,4.892e-1,6.084e-2,3.769e-3,4.598e+0,,,,,5.152e-1,,,4.355e-2,,,,2.257e-9,,,,,,2.109e-18,4.578e-6
624.92,3.834e+1,1.360e-20,4.294e-10,1.570e-43,1.218e-18,,,1.529e-18,7.043e-21,,1.078e-15,4.807e+0,1.358e-29,9.173e-18,8.918e-3,4.419e-31,7.078e-20,8.985e-8,,8.501e-18,1.754e-18,7.827e-32,9.168e+0,,2.677e-25,4.177e-19,,,2.556e-21,5.862e-17,2.902e-19,1.050e-28,2.065e-19,1.876e-22,2.823e-8,6.173e-17,1.864e+1,5.564e-1,6.155e-2,3.205e-3,4.517e+0,,,,,5.290e-1,,,4.802e-2,,,,1.710e-9,,,,,,2.107e-18,3.499e-6
624.95,3.944e+1,1.361e-20,4.433e-10,1.567e-43,1.223e-18,,,1.529e-18,7.045e-21,,1.078e-15,4.402e+0,1.357e-29,9.173e-18,7.729e-3,4.445e-31,7.082e-20,8.616e-8,,8.526e-18,1.755e-18,4.628e-32,1.050e+1,,2.678e-25,4.176e-19,,,2.552e-21,5.865e-17,2.902e-19,1.050e-28,2.065e-19,1.878e-22,1.899e-8,6.176e-17,1.879e+1,6.726e-1,6.283e-2,2.508e-3,4.401e+0,,,,,5.502e-1,,,5.539e-2,,,,1.123e-9,,,,,,2.104e-18,2.329e-6
624.97,4.024e+1,1.361e-20,4.520e-10,1.565e-43,1.226e-18,,,1.528e-18,7.046e-21,,1.078e-15,4.140e+0,1.356e-29,9.173e-18,7.009e-3,4.462e-31,7.084e-20,8.358e-8,,8.543e-18,1.755e-18,3.253e-32,1.147e+1,,2.679e-25,4.175e-19,,,2.549e-21,5.867e-17,2.903e-19,1.050e-28,2.065e-19,1.880e-22,1.454e-8,6.178e-17,1.884e+1,7.613e-1,6.382e-2,2.130e-3,4.329e+0,,,,,5.648e-1,,,6.077e-2,,,,8.463e-10,,,,,,2.103e-18,1.771e-6
625,4.153e+1,1.361e-20,4.640e-10,1.563e-43,1.231e-18,,,1.528e-18,7.048e-21,,1.077e-15,3.763e+0,1.355e-29,9.173e-18,6.030e-3,4.489e-31,7.088e-20,7.956e-8,,8.569e-18,1.756e-18,1.909e-32,1.304e+1,,2.680e-25,4.173e-19,,,2.545e-21,5.869e-17,2.903e-19,1.050e-28,2.065e-19,1.882e-22,9.711e-9,6.180e-17,1.885e+1,9.134e-1,6.544e-2,1.669e-3,4.229e+0,,,,,5.876e-1,,,6.959e-2,,,,5.517e-10,,,,,,2.100e-18,1.170e-6
625.02,4.246e+1,1.362e-20,4.713e-10,1.561e-43,1.234e-18,,,1.528e-18,7.049e-21,,1.077e-15,3.523e+0,1.354e-29,9.172e-18,5.441e-3,4.506e-31,7.091e-20,7.680e-8,,8.586e-18,1.756e-18,1.335e-32,1.417e+1,,2.681e-25,4.172e-19,,,2.542e-21,5.871e-17,2.904e-19,1.050e-28,2.065e-19,1.884e-22,7.400e-9,6.182e-17,1.881e+1,1.029e+0,6.660e-2,1.423e-3,4.168e+0,,,,,6.035e-1,,,7.599e-2,,,,4.138e-10,,,,,,2.098e-18,8.858e-7
625.05,4.397e+1,1.362e-20,4.811e-10,1.558e-43,1.239e-18,,,1.528e-18,7.051e-21,,1.077e-15,3.179e+0,1.353e-29,9.172e-18,4.646e-3,4.533e-31,7.095e-20,7.257e-8,,8.611e-18,1.757e-18,7.778e-33,1.600e+1,,2.682e-25,4.170e-19,,,2.538e-21,5.873e-17,2.905e-19,1.050e-28,2.065e-19,1.886e-22,4.905e-9,6.185e-17,1.869e+1,1.225e+0,6.840e-2,1.131e-3,4.087e+0,,,,,6.288e-1,,,8.638e-2,,,,2.678e-10,,,,,,2.095e-18,5.810e-7
625.07,4.506e+1,1.362e-20,4.868e-10,1.556e-43,1.242e-18,,,1.528e-18,7.052e-21,,1.076e-15,2.961e+0,1.353e-29,9.172e-18,4.172e-3,4.550e-31,7.098e-20,6.971e-8,,8.628e-18,1.757e-18,5.412e-33,1.731e+1,,2.683e-25,4.169e-19,,,2.535e-21,5.875e-17,4.325e-19,1.050e-28,2.066e-19,1.888e-22,3.719e-9,6.187e-17,1.856e+1,1.374e+0,6.963e-2,9.810e-4,4.040e+0,,,,,6.467e-1,,,9.385e-2,,,,1.998e-10,,,,,,2.093e-18,4.375e-7
625.09,4.622e+1,1.362e-20,4.919e-10,1.555e-43,1.245e-18,,,1.528e-18,7.053e-21,,1.076e-15,2.752e+0,1.352e-29,9.172e-18,3.739e-3,4.568e-31,7.100e-20,6.684e-8,,8.645e-18,1.758e-18,3.758e-33,1.870e+1,,2.683e-25,4.168e-19,,,2.532e-21,5.877e-17,6.428e-19,1.050e-28,2.066e-19,1.890e-22,2.815e-9,6.188e-17,1.840e+1,1.537e+0,7.085e-2,8.621e-4,3.998e+0,,,,,6.657e-1,,,1.018e-1,,,,1.489e-10,,,,,,2.091e-18,3.288e-7
625.12,4.810e+1,1.363e-20,4.983e-10,1.552e-43,1.250e-18,,,1.528e-18,7.055e-21,,1.076e-15,2.458e+0,1.351e-29,9.172e-18,3.160e-3,4.594e-31,7.104e-20,6.251e-8,,8.671e-18,1.758e-18,2.167e-33,2.090e+1,,2.684e-25,4.167e-19,,,2.528e-21,5.880e-17,1.161e-18,1.050e-28,2.066e-19,1.892e-22,1.846e-9,6.191e-17,1.809e+1,1.812e+0,7.266e-2,7.358e-4,3.946e+0,,,,,6.963e-1,,,1.145e-1,,,,9.533e-11,,,,,,2.088e-18,2.134e-7
625.14,4.944e+1,1.363e-20,5.017e-10,1.550e-43,1.254e-18,,,1.528e-18,7.056e-21,,1.075e-15,2.274e+0,1.350e-29,9.172e-18,2.818e-3,4.612e-31,7.107e-20,5.964e-8,,8.688e-18,1.759e-18,1.497e-33,2.246e+1,,2.685e-25,4.166e-19,,,2.525e-21,5.881e-17,1.717e-18,1.050e-28,2.066e-19,1.894e-22,1.390e-9,6.193e-17,1.785e+1,2.017e+0,7.382e-2,6.834e-4,3.919e+0,,,,,7.185e-1,,,1.236e-1,,,,7.066e-11,,,,,,2.086e-18,1.596e-7
625.17,5.160e+1,1.363e-20,5.056e-10,1.548e-43,1.258e-18,,,1.528e-18,7.058e-21,,1.075e-15,2.016e+0,1.349e-29,9.171e-18,2.364e-3,4.638e-31,7.111e-20,5.537e-8,,8.714e-18,1.759e-18,8.570e-34,2.494e+1,,2.686e-25,4.164e-19,,,2.521e-21,5.884e-17,3.077e-18,1.050e-28,2.066e-19,1.896e-22,9.053e-10,6.195e-17,1.742e+1,2.361e+0,7.546e-2,6.491e-4,3.889e+0,,,,,7.549e-1,,,1.380e-1,,,,4.492e-11,,,,,,2.083e-18,1.028e-7
625.19,5.314e+1,1.363e-20,5.073e-10,1.546e-43,1.262e-18,,,1.528e-18,7.059e-21,,1.075e-15,1.856e+0,1.348e-29,9.171e-18,2.098e-3,4.656e-31,7.114e-20,5.256e-8,,8.731e-18,1.759e-18,5.893e-34,2.668e+1,,2.687e-25,4.163e-19,,,2.518e-21,5.886e-17,4.528e-18,1.050e-28,2.066e-19,1.898e-22,6.784e-10,6.197e-17,1.710e+1,2.615e+0,7.647e-2,6.551e-4,3.876e+0,,,,,7.814e-1,,,1.482e-1,,,,3.313e-11,,,,,,2.081e-18,7.653e-8
625.22,5.559e+1,1.364e-20,5.086e-10,1.543e-43,1.267e-18,,,1.528e-18,7.061e-21,,1.074e-15,1.633e+0,1.347e-29,9.171e-18,1.747e-3,4.682e-31,7.118e-20,4.844e-8,,8.756e-18,1.760e-18,3.348e-34,2.941e+1,,2.688e-25,4.161e-19,,,2.514e-21,5.888e-17,8.058e-18,1.050e-28,2.067e-19,1.900e-22,4.385e-10,6.200e-17,1.658e+1,3.038e+0,7.782e-2,7.085e-4,3.868e+0,,,,,8.250e-1,,,1.644e-1,,,,2.090e-11,,,,,,2.078e-18,4.895e-8
625.24,5.733e+1,1.364e-20,5.087e-10,1.541e-43,1.270e-18,,,1.528e-18,7.062e-21,,1.074e-15,1.496e+0,1.346e-29,9.171e-18,1.543e-3,4.700e-31,7.120e-20,4.577e-8,,8.773e-18,1.760e-18,2.291e-34,3.131e+1,,2.689e-25,4.160e-19,,,2.511e-21,5.890e-17,1.180e-17,1.051e-28,2.067e-19,1.902e-22,3.270e-10,6.202e-17,1.620e+1,3.350e+0,7.860e-2,7.751e-4,3.869e+0,,,,,8.569e-1,,,1.756e-1,,,,1.534e-11,,,,,,2.076e-18,3.624e-8
625.27,6.010e+1,1.364e-20,5.075e-10,1.539e-43,1.275e-18,,,1.528e-18,7.064e-21,,1.073e-15,1.307e+0,1.345e-29,9.171e-18,1.276e-3,4.726e-31,7.124e-20,4.187e-8,,8.799e-18,1.761e-18,1.292e-34,3.427e+1,,2.690e-25,4.159e-19,,,2.507e-21,5.893e-17,2.085e-17,1.051e-28,2.067e-19,1.904e-22,2.098e-10,6.204e-17,1.559e+1,3.864e+0,7.958e-2,9.269e-4,3.881e+0,,,,,9.096e-1,,,1.933e-1,,,,9.608e-12,,,,,,2.073e-18,2.301e-8
625.29,6.204e+1,1.365e-20,5.059e-10,1.537e-43,1.278e-18,,,1.528e-18,7.065e-21,,1.073e-15,1.192e+0,1.344e-29,9.171e-18,1.121e-3,4.744e-31,7.127e-20,3.936e-8,,8.816e-18,1.761e-18,8.793e-35,3.631e+1,,2.691e-25,4.158e-19,,,2.504e-21,5.894e-17,3.040e-17,1.051e-28,2.067e-19,1.906e-22,1.556e-10,6.206e-17,1.516e+1,4.239e+0,8.008e-2,1.067e-3,3.896e+0,,,,,9.482e-1,,,2.056e-1,,,,7.016e-12,,,,,,2.071e-18,1.695e-8
625.32,6.509e+1,1.365e-20,5.023e-10,1.534e-43,1.283e-18,,,1.528e-18,7.067e-21,,1.073e-15,1.033e+0,1.343e-29,9.170e-18,9.200e-4,4.770e-31,7.131e-20,3.575e-8,,8.841e-18,1.762e-18,4.921e-35,3.947e+1,,2.692e-25,4.156e-19,,,2.500e-21,5.897e-17,5.331e-17,1.051e-28,2.067e-19,1.909e-22,9.911e-11,6.209e-17,1.449e+1,4.853e+0,8.059e-2,1.345e-3,3.927e+0,,,,,1.012e+0,,,2.247e-1,,,,4.362e-12,,,,,,2.068e-18,1.068e-8
625.34,6.722e+1,1.365e-20,4.992e-10,1.533e-43,1.286e-18,,,1.528e-18,7.068e-21,,1.072e-15,9.373e-1,1.342e-29,9.170e-18,8.044e-4,4.788e-31,7.134e-20,3.344e-8,,8.858e-18,1.762e-18,3.334e-35,4.163e+1,,2.693e-25,4.155e-19,,,2.497e-21,5.899e-17,7.734e-17,1.051e-28,2.067e-19,1.910e-22,7.318e-11,6.211e-17,1.402e+1,5.299e+0,8.076e-2,1.583e-3,3.954e+0,,,,,1.058e+0,,,2.378e-1,,,,3.170e-12,,,,,,2.066e-18,7.833e-9
625.37,7.055e+1,1.365e-20,4.934e-10,1.530e-43,1.291e-18,,,1.528e-18,7.070e-21,,1.072e-15,8.069e-1,1.341e-29,9.170e-18,6.553e-4,4.814e-31,7.138e-20,3.015e-8,,8.884e-18,1.763e-18,1.977e-35,4.494e+1,,2.694e-25,4.153e-19,,,2.492e-21,5.901e-17,1.346e-16,1.051e-28,2.068e-19,1.913e-22,4.625e-11,6.213e-17,1.331e+1,6.022e+0,8.076e-2,2.035e-3,4.002e+0,,,,,1.134e+0,,,2.579e-1,,,,1.956e-12,,,,,,2.063e-18,4.900e-9
625.39,7.286e+1,1.366e-20,4.888e-10,1.528e-43,1.294e-18,,,1.528e-18,7.071e-21,,1.072e-15,7.284e-1,1.340e-29,9.170e-18,5.702e-4,4.832e-31,7.140e-20,2.806e-8,,8.901e-18,1.763e-18,1.434e-35,4.717e+1,,2.695e-25,4.152e-19,,,2.490e-21,5.903e-17,1.944e-16,1.051e-28,2.068e-19,1.914e-22,3.398e-11,6.215e-17,1.283e+1,6.543e+0,8.059e-2,2.411e-3,4.040e+0,,,,,1.189e+0,,,2.716e-1,,,,1.414e-12,,,,,,2.062e-18,3.575e-9
625.42,7.642e+1,1.366e-20,4.809e-10,1.526e-43,1.299e-18,,,1.527e-18,7.073e-21,,1.071e-15,6.224e-1,1.339e-29,9.170e-18,4.611e-4,4.858e-31,7.144e-20,2.511e-8,,8.926e-18,1.764e-18,1.023e-35,5.056e+1,,2.696e-25,4.151e-19,,,2.485e-21,5.906e-17,3.360e-16,1.051e-28,2.068e-19,1.917e-22,2.132e-11,6.218e-17,1.209e+1,7.383e+0,8.006e-2,3.111e-3,4.104e+0,,,,,1.279e+0,,,2.924e-1,,,,8.664e-13,,,,,,2.059e-18,2.220e-9
625.44,7.886e+1,1.366e-20,4.750e-10,1.524e-43,1.303e-18,,,1.527e-18,7.074e-21,,1.071e-15,5.591e-1,1.338e-29,9.170e-18,3.993e-4,4.876e-31,7.147e-20,2.327e-8,,8.943e-18,1.764e-18,9.570e-36,5.283e+1,,2.696e-25,4.150e-19,,,2.483e-21,5.907e-17,4.828e-16,1.051e-28,2.068e-19,1.918e-22,1.559e-11,6.220e-17,1.160e+1,7.982e+0,7.952e-2,3.685e-3,4.152e+0,,,,,1.343e+0,,,3.065e-1,,,,6.234e-13,,,,,,2.057e-18,1.611e-9
625.46,8.135e+1,1.366e-20,4.686e-10,1.522e-43,1.306e-18,,,1.527e-18,7.076e-21,,1.071e-15,5.012e-1,1.338e-29,9.170e-18,3.450e-4,4.893e-31,7.150e-20,2.151e-8,,8.960e-18,1.764e-18,1.041e-35,5.510e+1,,2.697e-25,4.149e-19,,,2.480e-21,5.909e-17,6.923e-16,1.051e-28,2.068e-19,1.920e-22,1.137e-11,6.222e-17,1.111e+1,8.613e+0,7.885e-2,4.360e-3,4.203e+0,,,,,1.412e+0,,,3.206e-1,,,,4.476e-13,,,,,,2.055e-18,1.168e-9
625.49,8.515e+1,1.367e-20,4.582e-10,1.519e-43,1.311e-18,,,1.527e-18,7.077e-21,,1.070e-15,4.239e-1,1.337e-29,9.169e-18,2.761e-4,4.920e-31,7.154e-20,1.905e-8,,8.986e-18,1.765e-18,1.477e-35,5.849e+1,,2.698e-25,4.147e-19,,,2.475e-21,5.912e-17,1.185e-15,1.051e-28,2.069e-19,1.923e-22,7.063e-12,6.224e-17,1.039e+1,9.619e+0,7.757e-2,5.597e-3,4.287e+0,,,,,1.522e+0,,,3.416e-1,,,,2.714e-13,,,,,,2.052e-18,7.174e-10
625.51,8.772e+1,1.367e-20,4.508e-10,1.518e-43,1.314e-18,,,1.527e-18,7.079e-21,,1.070e-15,3.782e-1,1.336e-29,9.169e-18,2.375e-4,4.937e-31,7.156e-20,1.753e-8,,9.003e-18,1.765e-18,1.923e-35,6.072e+1,,2.699e-25,4.146e-19,,,2.473e-21,5.913e-17,1.691e-15,1.051e-28,2.069e-19,1.924e-22,5.128e-12,6.226e-17,9.909e+0,1.033e+1,7.655e-2,6.599e-3,4.346e+0,,,,,1.601e+0,,,3.556e-1,,,,1.939e-13,,,,,,2.050e-18,5.173e-10
625.54,9.161e+1,1.367e-20,4.389e-10,1.515e-43,1.319e-18,,,1.527e-18,7.080e-21,,1.070e-15,3.175e-1,1.335e-29,9.169e-18,1.887e-4,4.964e-31,7.160e-20,1.541e-8,,9.028e-18,1.766e-18,3.415e-35,6.400e+1,,2.700e-25,4.144e-19,,,2.468e-21,5.916e-17,2.872e-15,1.051e-28,2.069e-19,1.927e-22,3.161e-12,6.229e-17,9.209e+0,1.145e+1,7.479e-2,8.420e-3,4.442e+0,,,,,1.726e+0,,,3.762e-1,,,,1.167e-13,,,,,,2.047e-18,3.155e-10
625.56,9.421e+1,1.368e-20,4.305e-10,1.513e-43,1.322e-18,,,1.527e-18,7.082e-21,,1.069e-15,2.819e-1,1.334e-29,9.169e-18,1.614e-4,4.981e-31,7.163e-20,1.411e-8,,9.045e-18,1.766e-18,4.996e-35,6.613e+1,,2.701e-25,4.143e-19,,,2.465e-21,5.918e-17,4.079e-15,1.051e-28,2.069e-19,1.928e-22,2.283e-12,6.230e-17,8.755e+0,1.224e+1,7.346e-2,9.882e-3,4.510e+0,,,,,1.815e+0,,,3.897e-1,,,,8.297e-14,,,,,,2.045e-18,2.263e-10
625.59,9.809e+1,1.368e-20,4.173e-10,1.511e-43,1.327e-18,,,1.527e-18,7.083e-21,,1.069e-15,2.349e-1,1.333e-29,9.169e-18,1.273e-4,5.008e-31,7.167e-20,1.232e-8,,9.071e-18,1.767e-18,8.807e-35,6.923e+1,,2.702e-25,4.142e-19,,,2.461e-21,5.920e-17,6.878e-15,1.051e-28,2.069e-19,1.931e-22,1.397e-12,6.233e-17,8.097e+0,1.347e+1,7.125e-2,1.252e-2,4.617e+0,,,,,1.955e+0,,,4.093e-1,,,,4.956e-14,,,,,,2.042e-18,1.370e-10
625.61,1.007e+2,1.368e-20,4.081e-10,1.509e-43,1.330e-18,,,1.527e-18,7.085e-21,,1.069e-15,2.075e-1,1.332e-29,9.169e-18,1.084e-4,5.025e-31,7.170e-20,1.122e-8,,9.088e-18,1.767e-18,1.282e-34,7.120e+1,,2.703e-25,4.141e-19,,,2.458e-21,5.922e-17,9.722e-15,1.051e-28,2.069e-19,1.932e-22,1.004e-12,6.235e-17,7.675e+0,1.432e+1,6.965e-2,1.463e-2,4.691e+0,,,,,2.052e+0,,,4.219e-1,,,,3.506e-14,,,,,,2.040e-18,9.783e-11
625.64,1.044e+2,1.368e-20,3.939e-10,1.506e-43,1.335e-18,,,1.527e-18,7.086e-21,,1.068e-15,1.717e-1,1.331e-29,9.168e-18,8.487e-5,5.052e-31,7.174e-20,9.721e-9,,9.113e-18,1.768e-18,2.244e-34,7.402e+1,,2.704e-25,4.139e-19,,,2.454e-21,5.925e-17,1.628e-14,1.051e-28,2.070e-19,1.935e-22,6.099e-13,6.238e-17,7.072e+0,1.565e+1,6.707e-2,1.841e-2,4.808e+0,,,,,2.205e+0,,,4.399e-1,,,,2.079e-14,,,,,,2.037e-18,5.879e-11
625.66,1.069e+2,1.369e-20,3.842e-10,1.504e-43,1.339e-18,,,1.527e-18,7.088e-21,,1.068e-15,1.509e-1,1.330e-29,9.168e-18,7.192e-5,5.069e-31,7.176e-20,8.813e-9,,9.130e-18,1.768e-18,3.251e-34,7.578e+1,,2.705e-25,4.138e-19,,,2.451e-21,5.926e-17,2.289e-14,1.051e-28,2.070e-19,1.937e-22,4.363e-13,6.239e-17,6.690e+0,1.656e+1,6.525e-2,2.140e-2,4.889e+0,,,,,2.311e+0,,,4.512e-1,,,,1.464e-14,,,,,,2.035e-18,4.177e-11
625.69,1.105e+2,1.369e-20,3.692e-10,1.502e-43,1.343e-18,,,1.527e-18,7.089e-21,,1.067e-15,1.240e-1,1.329e-29,9.168e-18,5.589e-5,5.096e-31,7.180e-20,7.580e-9,,9.156e-18,1.769e-18,5.650e-34,7.823e+1,,2.706e-25,4.137e-19,,,2.447e-21,5.929e-17,3.805e-14,1.051e-28,2.070e-19,1.939e-22,2.630e-13,6.242e-17,6.150e+0,1.796e+1,6.238e-2,2.673e-2,5.015e+0,,,,,2.475e+0,,,4.670e-1,,,,8.614e-15,,,,,,2.032e-18,2.491e-11
625.71,1.128e+2,1.369e-20,3.590e-10,1.500e-43,1.347e-18,,,1.527e-18,7.091e-21,,1.067e-15,1.084e-1,1.328e-29,9.168e-18,4.712e-5,5.113e-31,7.183e-20,6.838e-9,,9.173e-18,1.769e-18,8.146e-34,7.972e+1,,2.707e-25,4.136e-19,,,2.444e-21,5.931e-17,5.327e-14,1.051e-28,2.070e-19,1.941e-22,1.872e-13,6.244e-17,5.813e+0,1.891e+1,6.039e-2,3.093e-2,5.101e+0,,,,,2.587e+0,,,4.767e-1,,,,6.034e-15,,,,,,2.030e-18,1.761e-11
625.74,1.161e+2,1.370e-20,3.435e-10,1.497e-43,1.352e-18,,,1.527e-18,7.092e-21,,1.067e-15,8.840e-2,1.327e-29,9.168e-18,3.635e-5,5.140e-31,7.187e-20,5.838e-9,,9.199e-18,1.770e-18,1.405e-33,8.173e+1,,2.708e-25,4.134e-19,,,2.440e-21,5.933e-17,8.790e-14,1.051e-28,2.070e-19,1.943e-22,1.120e-13,6.247e-17,5.343e+0,2.036e+1,5.732e-2,3.836e-2,5.234e+0,,,,,2.758e+0,,,4.898e-1,,,,3.525e-15,,,,,,2.027e-18,1.043e-11
625.76,1.182e+2,1.370e-20,3.330e-10,1.496e-43,1.355e-18,,,1.527e-18,7.094e-21,,1.066e-15,7.696e-2,1.326e-29,9.168e-18,3.050e-5,5.157e-31,7.190e-20,5.241e-9,,9.216e-18,1.770e-18,2.016e-33,8.291e+1,,2.708e-25,4.133e-19,,,2.437e-21,5.935e-17,1.225e-13,1.052e-28,2.070e-19,1.945e-22,7.935e-14,6.248e-17,5.054e+0,2.134e+1,5.522e-2,4.417e-2,5.325e+0,,,,,2.874e+0,,,4.975e-1,,,,2.457e-15,,,,,,2.025e-18,7.335e-12
625.79,1.211e+2,1.370e-20,3.172e-10,1.493e-43,1.360e-18,,,1.527e-18,7.095e-21,,1.066e-15,6.228e-2,1.325e-29,9.167e-18,2.336e-5,5.184e-31,7.194e-20,4.442e-9,,9.241e-18,1.770e-18,3.453e-33,8.442e+1,,2.710e-25,4.131e-19,,,2.433e-21,5.938e-17,2.006e-13,1.052e-28,2.071e-19,1.947e-22,4.713e-14,6.251e-17,4.656e+0,2.281e+1,5.203e-2,5.437e-2,5.465e+0,,,,,3.049e+0,,,5.074e-1,,,,1.425e-15,,,,,,2.022e-18,4.311e-12
625.81,1.229e+2,1.370e-20,3.066e-10,1.491e-43,1.363e-18,,,1.527e-18,7.097e-21,,1.066e-15,5.395e-2,1.324e-29,9.167e-18,1.950e-5,5.201e-31,7.196e-20,3.968e-9,,9.258e-18,1.771e-18,4.931e-33,8.525e+1,,2.710e-25,4.130e-19,,,2.430e-21,5.939e-17,2.781e-13,1.052e-28,2.071e-19,1.949e-22,3.322e-14,6.253e-17,4.416e+0,2.379e+1,4.989e-2,6.230e-2,5.559e+0,,,,,3.166e+0,,,5.129e-1,,,,9.884e-16,,,,,,2.021e-18,3.017e-12
625.83,1.245e+2,1.371e-20,2.960e-10,1.489e-43,1.366e-18,,,1.527e-18,7.098e-21,,1.065e-15,4.664e-2,1.324e-29,9.167e-18,1.625e-5,5.219e-31,7.199e-20,3.538e-9,,9.275e-18,1.771e-18,7.029e-33,8.592e+1,,2.711e-25,4.129e-19,,,2.427e-21,5.941e-17,3.848e-13,1.052e-28,2.071e-19,1.951e-22,2.337e-14,6.255e-17,4.195e+0,2.476e+1,4.774e-2,7.125e-2,5.654e+0,,,,,3.283e+0,,,5.174e-1,,,,6.843e-16,,,,,,2.019e-18,2.108e-12
625.86,1.267e+2,1.371e-20,2.801e-10,1.487e-43,1.371e-18,,,1.526e-18,7.100e-21,,1.065e-15,3.736e-2,1.322e-29,9.167e-18,1.232e-5,5.245e-31,7.203e-20,2.968e-9,,9.301e-18,1.772e-18,1.192e-32,8.665e+1,,2.712e-25,4.128e-19,,,2.423e-21,5.944e-17,6.240e-13,1.052e-28,2.071e-19,1.953e-22,1.374e-14,6.257e-17,3.899e+0,2.619e+1,4.452e-2,8.682e-2,5.798e+0,,,,,3.456e+0,,,5.224e-1,,,,3.927e-16,,,,,,2.016e-18,1.226e-12
625.88,1.280e+2,1.371e-20,2.695e-10,1.485e-43,1.374e-18,,,1.526e-18,7.101e-21,,1.065e-15,3.214e-2,1.322e-29,9.167e-18,1.021e-5,5.263e-31,7.206e-20,2.633e-9,,9.318e-18,1.772e-18,1.690e-32,8.693e+1,,2.713e-25,4.127e-19,,,2.420e-21,5.946e-17,8.593e-13,1.052e-28,2.071e-19,1.955e-22,9.615e-15,6.259e-17,3.726e+0,2.713e+1,4.239e-2,9.881e-2,5.895e+0,,,,,3.569e+0,,,5.244e-1,,,,2.705e-16,,,,,,2.014e-18,8.522e-13
625.91,1.295e+2,1.372e-20,2.538e-10,1.482e-43,1.379e-18,,,1.526e-18,7.102e-21,,1.064e-15,2.555e-2,1.321e-29,9.167e-18,7.683e-6,5.289e-31,7.210e-20,2.193e-9,,9.343e-18,1.773e-18,2.845e-32,8.707e+1,,2.714e-25,4.125e-19,,,2.416e-21,5.948e-17,1.383e-12,1.052e-28,2.071e-19,1.957e-22,5.610e-15,6.262e-17,3.499e+0,2.849e+1,3.925e-2,1.195e-1,6.038e+0,,,,,3.735e+0,,,5.256e-1,,,,1.541e-16,,,,,,2.011e-18,4.921e-13
625.93,1.304e+2,1.372e-20,2.435e-10,1.481e-43,1.383e-18,,,1.526e-18,7.104e-21,,1.064e-15,2.188e-2,1.320e-29,9.167e-18,6.340e-6,5.307e-31,7.212e-20,1.936e-9,,9.360e-18,1.773e-18,4.016e-32,8.696e+1,,2.715e-25,4.124e-19,,,2.413e-21,5.950e-17,1.896e-12,1.052e-28,2.072e-19,1.959e-22,3.908e-15,6.264e-17,3.371e+0,2.937e+1,3.719e-2,1.354e-1,6.134e+0,,,,,3.841e+0,,,5.250e-1,,,,1.056e-16,,,,,,2.009e-18,3.403e-13
625.96,1.313e+2,1.372e-20,2.282e-10,1.478e-43,1.388e-18,,,1.526e-18,7.105e-21,,1.064e-15,1.727e-2,1.319e-29,9.166e-18,4.735e-6,5.333e-31,7.216e-20,1.600e-9,,9.386e-18,1.774e-18,6.710e-32,8.650e+1,,2.716e-25,4.122e-19,,,2.409e-21,5.953e-17,3.030e-12,1.052e-28,2.072e-19,1.961e-22,2.263e-15,6.266e-17,3.209e+0,3.062e+1,3.418e-2,1.626e-1,6.274e+0,,,,,3.993e+0,,,5.224e-1,,,,5.973e-17,,,,,,2.006e-18,1.951e-13
625.98,1.317e+2,1.372e-20,2.181e-10,1.476e-43,1.391e-18,,,1.526e-18,7.107e-21,,1.063e-15,1.471e-2,1.318e-29,9.166e-18,3.888e-6,5.351e-31,7.219e-20,1.406e-9,,9.403e-18,1.774e-18,9.426e-32,8.600e+1,,2.717e-25,4.121e-19,,,2.406e-21,5.954e-17,4.132e-12,1.052e-28,2.072e-19,1.963e-22,1.569e-15,6.268e-17,3.121e+0,3.140e+1,3.223e-2,1.832e-1,6.365e+0,,,,,4.089e+0,,,5.193e-1,,,,4.074e-17,,,,,,2.004e-18,1.343e-13
626.01,1.320e+2,1.373e-20,2.033e-10,1.473e-43,1.396e-18,,,1.526e-18,7.108e-21,,1.063e-15,1.152e-2,1.317e-29,9.166e-18,2.882e-6,5.377e-31,7.223e-20,1.154e-9,,9.428e-18,1.775e-18,1.564e-31,8.497e+1,,2.718e-25,4.120e-19,,,2.402e-21,5.957e-17,6.557e-12,1.052e-28,2.072e-19,1.965e-22,9.018e-16,6.271e-17,3.017e+0,3.250e+1,2.941e-2,2.185e-1,6.498e+0,,,,,4.223e+0,,,5.129e-1,,,,2.286e-17,,,,,,2.001e-18,7.637e-14
626.03,1.319e+2,1.373e-20,1.937e-10,1.472e-43,1.399e-18,,,1.526e-18,7.110e-21,,1.062e-15,9.769e-3,1.316e-29,9.166e-18,2.355e-6,5.395e-31,7.226e-20,1.009e-9,,9.445e-18,1.775e-18,2.186e-31,8.409e+1,,2.719e-25,4.119e-19,,,2.399e-21,5.959e-17,8.899e-12,1.052e-28,2.072e-19,1.967e-22,6.220e-16,6.273e-17,2.965e+0,3.318e+1,2.760e-2,2.450e-1,6.582e+0,,,,,4.305e+0,,,5.074e-1,,,,1.552e-17,,,,,,1.999e-18,5.231e-14
626.06,1.315e+2,1.373e-20,1.797e-10,1.469e-43,1.404e-18,,,1.526e-18,7.111e-21,,1.062e-15,7.597e-3,3.767e-29,9.166e-18,1.733e-6,5.421e-31,7.230e-20,8.215e-10,,9.471e-18,1.775e-18,3.600e-31,8.251e+1,,2.720e-25,4.117e-19,,,2.394e-21,5.961e-17,1.402e-11,1.052e-28,2.072e-19,1.970e-22,3.549e-16,6.275e-17,2.912e+0,3.409e+1,2.499e-2,2.900e-1,6.702e+0,,,,,4.416e+0,,,4.975e-1,,,,8.646e-18,,,,,,1.996e-18,2.954e-14
626.08,1.309e+2,1.373e-20,1.706e-10,1.467e-43,1.407e-18,,,1.526e-18,7.113e-21,,1.062e-15,6.409e-3,5.599e-29,9.166e-18,1.409e-6,5.439e-31,7.232e-20,7.147e-10,,9.488e-18,1.776e-18,5.009e-31,8.129e+1,,2.720e-25,4.116e-19,,,2.392e-21,5.963e-17,1.894e-11,1.052e-28,2.073e-19,1.971e-22,2.436e-16,6.277e-17,2.891e+0,3.462e+1,2.334e-2,3.237e-1,6.777e+0,,,,,4.482e+0,,,4.898e-1,,,,5.839e-18,,,,,,1.994e-18,2.013e-14
626.11,1.298e+2,1.374e-20,1.573e-10,1.465e-43,1.412e-18,,,1.526e-18,7.114e-21,,1.061e-15,4.948e-3,1.011e-28,9.165e-18,1.029e-6,5.465e-31,7.236e-20,5.779e-10,,9.513e-18,1.776e-18,8.190e-31,7.923e+1,,2.721e-25,4.114e-19,,,2.387e-21,5.966e-17,2.961e-11,1.052e-28,2.073e-19,1.974e-22,1.380e-16,6.280e-17,2.881e+0,3.531e+1,2.098e-2,3.803e-1,6.880e+0,,,,,4.566e+0,,,4.767e-1,,,,3.229e-18,,,,,,1.991e-18,1.128e-14
626.13,1.288e+2,1.374e-20,1.488e-10,1.463e-43,1.415e-18,,,1.526e-18,7.116e-21,,1.061e-15,4.154e-3,1.495e-28,9.165e-18,8.327e-7,5.483e-31,7.239e-20,5.003e-10,,9.530e-18,1.777e-18,1.134e-30,7.770e+1,,2.722e-25,4.113e-19,,,2.385e-21,5.967e-17,3.981e-11,1.052e-28,2.073e-19,1.975e-22,9.422e-17,6.282e-17,2.885e+0,3.569e+1,1.950e-2,4.224e-1,6.942e+0,,,,,4.612e+0,,,4.670e-1,,,,2.170e-18,,,,,,1.989e-18,7.651e-15
626.16,1.269e+2,1.374e-20,1.365e-10,1.460e-43,1.420e-18,,,1.526e-18,7.117e-21,,1.061e-15,3.183e-3,2.680e-28,9.165e-18,6.038e-7,5.509e-31,7.243e-20,4.016e-10,,9.556e-18,1.777e-18,1.841e-30,7.522e+1,,2.723e-25,4.112e-19,,,2.380e-21,5.970e-17,6.180e-11,1.052e-28,2.073e-19,1.978e-22,5.297e-17,6.284e-17,2.908e+0,3.614e+1,1.740e-2,4.927e-1,7.023e+0,,,,,4.665e+0,,,4.512e-1,,,,1.191e-18,,,,,,1.986e-18,4.257e-15
626.18,1.255e+2,1.375e-20,1.286e-10,1.458e-43,1.423e-18,,,1.526e-18,7.119e-21,,1.060e-15,2.659e-3,3.946e-28,9.165e-18,4.862e-7,5.527e-31,7.246e-20,3.460e-10,,9.573e-18,1.778e-18,2.536e-30,7.344e+1,,2.724e-25,4.111e-19,,,2.377e-21,5.972e-17,8.267e-11,1.052e-28,2.073e-19,1.979e-22,3.600e-17,6.286e-17,2.932e+0,3.635e+1,1.609e-2,5.446e-1,7.068e+0,,,,,4.690e+0,,,4.399e-1,,,,7.966e-19,,,,,,1.984e-18,2.873e-15
626.21,1.230e+2,1.375e-20,1.173e-10,1.456e-43,1.428e-18,,,1.526e-18,7.120e-21,,1.060e-15,2.023e-3,7.022e-28,9.165e-18,3.499e-7,5.553e-31,7.250e-20,2.756e-10,,9.598e-18,1.778e-18,4.087e-30,7.061e+1,,2.725e-25,4.109e-19,,,2.373e-21,5.974e-17,1.274e-10,1.052e-28,2.074e-19,1.982e-22,2.009e-17,6.289e-17,2.980e+0,3.654e+1,1.426e-2,6.306e-1,7.123e+0,,,,,4.711e+0,,,4.219e-1,,,,,,,,,,1.981e-18,1.586e-15
626.23,1.212e+2,1.375e-20,1.101e-10,1.454e-43,1.432e-18,,,1.526e-18,7.122e-21,,1.060e-15,1.682e-3,1.029e-27,9.165e-18,2.804e-7,5.571e-31,7.252e-20,2.363e-10,,9.615e-18,1.779e-18,5.605e-30,6.863e+1,,2.726e-25,4.108e-19,,,2.370e-21,5.976e-17,1.696e-10,1.052e-28,2.074e-19,1.984e-22,1.358e-17,6.291e-17,3.018e+0,3.658e+1,1.312e-2,6.937e-1,7.149e+0,,,,,4.714e+0,,,4.093e-1,,,,,,,,,,1.980e-18,1.065e-15
626.25,1.192e+2,1.375e-20,1.031e-10,1.452e-43,1.435e-18,,,1.526e-18,7.123e-21,,1.059e-15,1.395e-3,1.504e-27,9.165e-18,2.242e-7,5.588e-31,7.255e-20,2.022e-10,,9.632e-18,1.779e-18,7.671e-30,6.658e+1,,2.727e-25,4.107e-19,,,2.367e-21,5.978e-17,2.254e-10,1.052e-28,2.074e-19,1.985e-22,9.168e-18,6.292e-17,3.060e+0,3.654e+1,1.205e-2,7.616e-1,7.168e+0,,,,,4.708e+0,,,3.963e-1,,,,,,,,,,1.978e-18,7.139e-16
626.28,1.160e+2,1.376e-20,9.328e-11,1.450e-43,1.440e-18,,,1.525e-18,7.125e-21,,1.059e-15,1.050e-3,2.650e-27,9.164e-18,1.597e-7,5.615e-31,7.259e-20,1.594e-10,,9.658e-18,1.779e-18,1.224e-29,6.342e+1,,2.728e-25,4.105e-19,,,2.363e-21,5.980e-17,3.439e-10,1.053e-28,2.074e-19,1.988e-22,5.064e-18,6.295e-17,3.128e+0,3.635e+1,1.057e-2,8.729e-1,7.180e+0,,,,,4.682e+0,,,3.762e-1,,,,,,,,,,1.975e-18,3.902e-16
626.3,1.137e+2,1.376e-20,8.706e-11,1.448e-43,1.443e-18,,,1.525e-18,7.126e-21,,1.059e-15,8.672e-4,3.856e-27,9.164e-18,1.271e-7,5.632e-31,7.262e-20,1.358e-10,,9.675e-18,1.780e-18,1.667e-29,6.125e+1,,2.729e-25,4.104e-19,,,2.360e-21,5.982e-17,4.547e-10,1.053e-28,2.074e-19,1.989e-22,3.400e-18,6.297e-17,3.176e+0,3.614e+1,9.657e-3,9.536e-1,7.177e+0,,,,,4.653e+0,,,3.625e-1,,,,,,,,,,1.973e-18,
626.33,1.101e+2,1.376e-20,7.825e-11,1.445e-43,1.448e-18,,,1.525e-18,7.128e-21,,1.058e-15,6.482e-4,6.744e-27,9.164e-18,8.987e-8,5.659e-31,7.266e-20,1.063e-10,,9.701e-18,1.780e-18,2.640e-29,5.794e+1,,2.730e-25,4.103e-19,,,2.356e-21,5.985e-17,6.889e-10,1.053e-28,2.074e-19,1.992e-22,1.864e-18,6.300e-17,3.250e+0,3.569e+1,8.406e-3,1.085e+0,7.155e+0,,,,,4.594e+0,,,3.416e-1,,,,,,,,,,1.970e-18,
626.35,1.075e+2,1.376e-20,7.274e-11,1.443e-43,1.451e-18,,,1.525e-18,7.129e-21,,1.058e-15,5.325e-4,9.767e-27,9.164e-18,7.116e-8,5.676e-31,7.268e-20,9.004e-11,,9.718e-18,1.781e-18,3.578e-29,5.571e+1,,2.730e-25,4.102e-19,,,2.353e-21,5.986e-17,9.064e-10,1.053e-28,2.074e-19,1.993e-22,1.861e-18,6.301e-17,3.298e+0,3.531e+1,7.645e-3,1.180e+0,7.129e+0,,,,,4.544e+0,,,3.276e-1,,,,,,,,,,1.968e-18,
626.38,1.035e+2,1.377e-20,6.497e-11,1.441e-43,1.456e-18,,,1.525e-18,7.131e-21,,1.057e-15,3.951e-4,1.696e-26,9.164e-18,4.995e-8,5.703e-31,7.272e-20,6.997e-11,,9.743e-18,1.781e-18,5.626e-29,5.235e+1,,2.732e-25,4.100e-19,,,2.349e-21,5.989e-17,1.363e-9,1.053e-28,2.075e-19,1.996e-22,1.857e-18,6.304e-17,3.369e+0,3.462e+1,6.607e-3,1.333e+0,7.073e+0,,,,,4.454e+0,,,3.065e-1,,,,,,,,,,1.965e-18,
626.4,1.008e+2,1.377e-20,6.014e-11,1.439e-43,1.459e-18,,,1.525e-18,7.132e-21,,1.057e-15,3.230e-4,2.444e-26,9.164e-18,3.936e-8,5.720e-31,7.275e-20,5.900e-11,,9.760e-18,1.782e-18,7.589e-29,5.011e+1,,2.732e-25,4.099e-19,,,2.346e-21,5.991e-17,1.785e-9,1.053e-28,2.075e-19,1.998e-22,1.854e-18,6.306e-17,3.414e+0,3.409e+1,5.979e-3,1.442e+0,7.025e+0,,,,,4.385e+0,,,2.924e-1,,,,,,,,,,1.963e-18,
626.43,9.652e+1,1.377e-20,5.338e-11,1.436e-43,1.464e-18,,,1.525e-18,7.134e-21,,1.057e-15,2.379e-4,4.214e-26,9.163e-18,2.742e-8,5.747e-31,7.279e-20,4.551e-11,,9.786e-18,1.782e-18,1.185e-28,4.677e+1,,2.733e-25,4.097e-19,,,2.342e-21,5.993e-17,2.665e-9,1.053e-28,2.075e-19,2.000e-22,1.850e-18,6.309e-17,3.477e+0,3.318e+1,5.129e-3,1.617e+0,6.935e+0,,,,,4.267e+0,,,2.716e-1,,,,,,,,,,1.960e-18,
626.45,9.364e+1,1.378e-20,4.920e-11,1.435e-43,1.468e-18,,,1.525e-18,7.135e-21,,1.056e-15,1.935e-4,6.044e-26,9.163e-18,2.150e-8,5.764e-31,7.282e-20,3.818e-11,,9.803e-18,1.783e-18,1.590e-28,4.457e+1,,2.734e-25,4.096e-19,,,2.339e-21,5.995e-17,3.473e-9,1.053e-28,2.075e-19,2.002e-22,1.847e-18,6.310e-17,3.514e+0,3.250e+1,4.619e-3,1.741e+0,6.865e+0,,,,,4.180e+0,,,2.579e-1,,,,,,,,,,1.958e-18,
626.48,8.925e+1,1.378e-20,4.339e-11,1.432e-43,1.473e-18,,,1.525e-18,7.137e-21,,1.056e-15,1.415e-4,1.034e-25,9.163e-18,1.487e-8,5.791e-31,7.286e-20,2.924e-11,,9.828e-18,1.783e-18,2.465e-28,4.132e+1,,2.735e-25,4.095e-19,,,2.335e-21,5.998e-17,5.149e-9,1.053e-28,2.075e-19,2.004e-22,1.842e-18,6.313e-17,3.562e+0,3.140e+1,3.934e-3,1.938e+0,6.744e+0,,,,,4.038e+0,,,2.378e-1,,,,,,,,,,1.955e-18,
626.5,8.630e+1,1.378e-20,3.982e-11,1.430e-43,1.476e-18,,,1.525e-18,7.138e-21,,1.056e-15,1.145e-4,1.476e-25,9.163e-18,1.160e-8,5.808e-31,7.288e-20,2.441e-11,,9.845e-18,1.784e-18,3.293e-28,3.920e+1,,2.736e-25,4.094e-19,,,2.332e-21,5.999e-17,6.677e-9,1.053e-28,2.076e-19,2.006e-22,1.839e-18,6.315e-17,3.588e+0,3.062e+1,3.525e-3,2.076e+0,6.653e+0,,,,,3.936e+0,,,2.247e-1,,,,,,,,,,1.953e-18,
626.53,8.187e+1,1.379e-20,3.488e-11,1.428e-43,1.481e-18,,,1.525e-18,7.140e-21,,1.055e-15,8.312e-5,2.509e-25,9.163e-18,7.968e-9,5.835e-31,7.292e-20,1.855e-11,,9.871e-18,1.784e-18,5.066e-28,3.610e+1,,2.737e-25,4.092e-19,,,2.328e-21,6.002e-17,9.826e-9,1.053e-28,2.076e-19,2.008e-22,1.835e-18,6.318e-17,3.618e+0,2.937e+1,2.980e-3,2.295e+0,6.505e+0,,,,,3.775e+0,,,2.056e-1,,,,,,,,,,1.950e-18,
626.55,7.892e+1,1.379e-20,3.187e-11,1.426e-43,1.484e-18,,,1.525e-18,7.141e-21,,1.055e-15,6.696e-5,3.564e-25,9.163e-18,6.186e-9,5.852e-31,7.295e-20,1.542e-11,,9.888e-18,1.784e-18,6.736e-28,3.410e+1,,2.738e-25,4.091e-19,,,2.325e-21,6.004e-17,1.268e-8,1.053e-28,2.076e-19,2.010e-22,1.832e-18,6.319e-17,3.631e+0,2.849e+1,2.658e-3,2.447e+0,6.397e+0,,,,,3.663e+0,,,1.933e-1,,,,,,,,,,1.948e-18,
626.58,7.453e+1,1.379e-20,2.774e-11,1.423e-43,1.489e-18,,,1.525e-18,7.143e-21,,1.055e-15,4.824e-5,6.012e-25,9.162e-18,4.216e-9,5.879e-31,7.299e-20,1.163e-11,,9.913e-18,1.785e-18,1.029e-27,3.119e+1,,2.739e-25,4.090e-19,,,2.321e-21,6.006e-17,1.853e-8,1.053e-28,2.076e-19,2.012e-22,1.827e-18,6.322e-17,3.639e+0,2.713e+1,2.230e-3,2.684e+0,6.226e+0,,,,,3.487e+0,,,1.756e-1,,,,,,,,,,1.945e-18,
626.6,7.164e+1,1.379e-20,2.523e-11,1.421e-43,1.492e-18,,,1.525e-18,7.144e-21,,1.054e-15,3.867e-5,8.499e-25,9.162e-18,3.257e-9,5.896e-31,7.302e-20,9.617e-12,,9.930e-18,1.785e-18,1.361e-27,2.933e+1,,2.740e-25,4.088e-19,,,2.318e-21,6.008e-17,2.380e-8,1.053e-28,2.076e-19,2.014e-22,1.824e-18,6.324e-17,3.637e+0,2.619e+1,1.979e-3,2.848e+0,6.107e+0,,,,,3.367e+0,,,1.644e-1,,,,,,,,,,1.943e-18,
626.62,6.879e+1,1.380e-20,2.291e-11,1.420e-43,1.495e-18,,,1.525e-18,7.145e-21,,1.054e-15,3.094e-5,1.199e-24,9.162e-18,2.512e-9,5.914e-31,7.304e-20,7.935e-12,,9.947e-18,1.786e-18,1.798e-27,2.752e+1,,2.741e-25,4.087e-19,,,2.315e-21,6.010e-17,3.051e-8,1.053e-28,2.076e-19,2.016e-22,1.821e-18,6.326e-17,3.629e+0,2.524e+1,1.753e-3,3.016e+0,5.983e+0,,,,,3.244e+0,,,1.535e-1,,,,,,,,,,1.941e-18,
626.65,6.460e+1,1.380e-20,1.975e-11,1.417e-43,1.500e-18,,,1.525e-18,7.147e-21,,1.054e-15,2.206e-5,2.003e-24,9.162e-18,1.694e-9,5.940e-31,7.308e-20,5.926e-12,,9.973e-18,1.786e-18,2.718e-27,2.494e+1,,2.742e-25,4.086e-19,,,2.311e-21,6.012e-17,4.412e-8,1.053e-28,2.077e-19,2.018e-22,1.817e-18,6.328e-17,3.604e+0,2.379e+1,1.456e-3,3.276e+0,5.792e+0,,,,,3.057e+0,,,1.380e-1,,,,,,,,,,1.939e-18,
626.67,6.187e+1,1.380e-20,1.785e-11,1.415e-43,1.504e-18,,,1.525e-18,7.148e-21,,1.053e-15,1.756e-5,2.812e-24,9.162e-18,1.300e-9,5.958e-31,7.311e-20,4.866e-12,,9.990e-18,1.787e-18,3.573e-27,2.331e+1,,2.742e-25,4.085e-19,,,2.308e-21,6.014e-17,5.629e-8,1.053e-28,2.077e-19,2.020e-22,1.814e-18,6.330e-17,3.580e+0,2.281e+1,1.284e-3,3.452e+0,5.662e+0,,,,,2.931e+0,,,1.283e-1,,,,,,,,,,1.937e-18,
626.7,5.790e+1,1.380e-20,1.528e-11,1.413e-43,1.508e-18,,,1.524e-18,7.150e-21,,1.053e-15,1.243e-5,4.663e-24,9.162e-18,8.706e-10,5.984e-31,7.315e-20,3.607e-12,,1.002e-17,1.787e-18,5.363e-27,2.098e+1,,2.744e-25,4.083e-19,,,2.304e-21,6.017e-17,8.082e-8,1.053e-28,2.077e-19,2.022e-22,1.810e-18,6.333e-17,3.532e+0,2.134e+1,1.058e-3,3.722e+0,5.466e+0,,,,,2.742e+0,,,1.145e-1,,,,,,,,,,1.934e-18,
626.72,5.534e+1,1.381e-20,1.375e-11,1.411e-43,1.512e-18,,,1.524e-18,7.151e-21,,1.053e-15,9.848e-6,6.516e-24,9.162e-18,6.647e-10,6.002e-31,7.318e-20,2.948e-12,,1.003e-17,1.788e-18,7.014e-27,1.952e+1,,2.744e-25,4.082e-19,,,2.301e-21,6.019e-17,1.026e-7,1.053e-28,2.077e-19,2.024e-22,1.807e-18,6.335e-17,3.492e+0,2.036e+1,9.283e-4,3.903e+0,5.336e+0,,,,,2.617e+0,,,1.059e-1,,,,,,,,,,1.932e-18,
626.75,5.163e+1,1.381e-20,1.169e-11,1.408e-43,1.517e-18,,,1.524e-18,7.153e-21,,1.052e-15,6.919e-6,1.073e-23,9.161e-18,4.418e-10,6.028e-31,7.322e-20,2.169e-12,,1.006e-17,1.788e-18,1.045e-26,1.745e+1,,2.745e-25,4.081e-19,,,2.296e-21,6.021e-17,1.463e-7,1.053e-28,2.077e-19,2.026e-22,1.802e-18,6.337e-17,3.422e+0,1.891e+1,7.598e-4,4.177e+0,5.144e+0,,,,,2.430e+0,,,9.385e-2,,,,,,,,,,1.929e-18,
626.77,4.926e+1,1.381e-20,1.047e-11,1.406e-43,1.520e-18,,,1.524e-18,7.154e-21,,1.052e-15,5.455e-6,1.492e-23,9.161e-18,3.357e-10,6.046e-31,7.324e-20,1.764e-12,,1.007e-17,1.788e-18,1.361e-26,1.616e+1,,2.746e-25,4.080e-19,,,2.294e-21,6.023e-17,1.848e-7,1.053e-28,2.077e-19,2.028e-22,1.799e-18,6.339e-17,3.367e+0,1.796e+1,6.632e-4,4.360e+0,5.020e+0,,,,,2.308e+0,,,8.638e-2,,,,,,,,,,1.927e-18,
626.8,4.587e+1,1.382e-20,8.843e-12,1.404e-43,1.525e-18,,,1.524e-18,7.156e-21,,1.051e-15,3.804e-6,2.438e-23,9.161e-18,2.215e-10,6.072e-31,7.328e-20,1.288e-12,,1.010e-17,1.789e-18,2.013e-26,1.435e+1,,2.747e-25,4.078e-19,,,2.289e-21,6.025e-17,2.615e-7,1.054e-28,2.078e-19,2.031e-22,1.795e-18,6.342e-17,3.276e+0,1.656e+1,5.388e-4,4.632e+0,4.841e+0,,,,,2.128e+0,,,7.599e-2,,,,,,,,,,1.924e-18,
626.82,4.371e+1,1.382e-20,7.882e-12,1.402e-43,1.528e-18,,,1.524e-18,7.157e-21,,1.051e-15,2.985e-6,3.374e-23,9.161e-18,1.675e-10,6.090e-31,7.331e-20,1.043e-12,,1.012e-17,1.789e-18,2.608e-26,1.323e+1,,2.748e-25,4.077e-19,,,2.287e-21,6.027e-17,3.288e-7,1.054e-28,2.078e-19,2.032e-22,1.792e-18,6.344e-17,3.209e+0,1.565e+1,4.680e-4,4.811e+0,4.727e+0,,,,,2.011e+0,,,6.959e-2,,,,,,,,,,1.922e-18,
626.85,4.064e+1,1.382e-20,6.610e-12,1.399e-43,1.533e-18,,,1.524e-18,7.159e-21,,1.051e-15,2.066e-6,5.474e-23,9.161e-18,1.097e-10,6.116e-31,7.335e-20,7.560e-13,,1.014e-17,1.790e-18,3.830e-26,1.168e+1,,2.749e-25,4.075e-19,,,2.282e-21,6.030e-17,4.619e-7,1.054e-28,2.078e-19,2.035e-22,1.787e-18,6.346e-17,3.099e+0,1.432e+1,3.775e-4,5.074e+0,4.569e+0,,,,,1.840e+0,,,6.077e-2,,,,,,,,,,1.919e-18,
626.87,3.871e+1,1.382e-20,5.865e-12,1.398e-43,1.536e-18,,,1.524e-18,7.160e-21,,1.050e-15,1.613e-6,7.539e-23,9.161e-18,8.253e-11,6.134e-31,7.338e-20,6.087e-13,,1.016e-17,1.790e-18,4.938e-26,1.072e+1,,2.750e-25,4.074e-19,,,2.279e-21,6.032e-17,5.781e-7,1.054e-28,2.078e-19,2.036e-22,1.784e-18,6.348e-17,3.021e+0,1.347e+1,3.263e-4,5.245e+0,4.473e+0,,,,,1.731e+0,,,5.539e-2,,,,,,,,,,1.917e-18,
626.9,3.598e+1,1.383e-20,4.884e-12,1.395e-43,1.541e-18,,,1.524e-18,7.162e-21,,1.050e-15,1.109e-6,1.214e-22,9.160e-18,5.366e-11,6.160e-31,7.342e-20,4.382e-13,,1.019e-17,1.791e-18,7.201e-26,9.393e+0,,2.751e-25,4.073e-19,,,2.275e-21,6.034e-17,8.062e-7,1.054e-28,2.078e-19,2.039e-22,1.780e-18,6.351e-17,2.897e+0,1.224e+1,2.612e-4,5.491e+0,4.344e+0,,,,,1.572e+0,,,4.802e-2,,,,,,,,,,1.914e-18,
626.92,3.428e+1,1.383e-20,4.313e-12,1.393e-43,1.544e-18,,,1.524e-18,7.163e-21,,1.050e-15,8.613e-7,1.665e-22,9.160e-18,4.017e-11,6.178e-31,7.344e-20,3.511e-13,,1.020e-17,1.791e-18,9.238e-26,8.583e+0,,2.752e-25,4.072e-19,,,2.272e-21,6.036e-17,1.004e-6,1.054e-28,2.078e-19,2.040e-22,1.777e-18,6.353e-17,2.811e+0,1.145e+1,2.247e-4,5.648e+0,4.270e+0,,,,,1.471e+0,,,4.355e-2,,,,,,,,,,1.912e-18,
626.95,3.189e+1,1.383e-20,3.566e-12,1.391e-43,1.549e-18,,,1.524e-18,7.165e-21,,1.049e-15,5.876e-7,2.662e-22,9.160e-18,2.593e-11,6.204e-31,7.348e-20,2.509e-13,,1.023e-17,1.792e-18,1.337e-25,7.472e+0,,2.753e-25,4.070e-19,,,2.268e-21,6.038e-17,1.390e-6,1.054e-28,2.079e-19,2.043e-22,1.773e-18,6.355e-17,2.676e+0,1.033e+1,1.786e-4,5.871e+0,4.179e+0,,,,,1.327e+0,,,3.748e-2,,,,,,,,,,1.909e-18,
626.97,3.041e+1,1.383e-20,3.134e-12,1.389e-43,1.553e-18,,,1.524e-18,7.166e-21,,1.049e-15,4.542e-7,3.632e-22,9.160e-18,1.932e-11,6.222e-31,7.351e-20,2.000e-13,,1.025e-17,1.792e-18,1.708e-25,6.797e+0,,2.754e-25,4.069e-19,,,2.265e-21,6.040e-17,1.723e-6,1.054e-28,2.079e-19,2.045e-22,1.770e-18,6.357e-17,2.583e+0,9.619e+0,1.529e-4,6.010e+0,4.131e+0,,,,,1.236e+0,,,3.383e-2,,,,,,,,,,1.907e-18,
626.99,2.902e+1,1.384e-20,2.749e-12,1.387e-43,1.556e-18,,,1.524e-18,7.167e-21,,1.049e-15,3.504e-7,4.945e-22,9.160e-18,1.436e-11,6.239e-31,7.354e-20,1.592e-13,,1.026e-17,1.793e-18,2.176e-25,6.172e+0,,2.754e-25,4.068e-19,,,2.262e-21,6.042e-17,2.131e-6,1.054e-28,2.079e-19,2.046e-22,1.767e-18,6.359e-17,2.489e+0,8.941e+0,1.306e-4,6.140e+0,4.096e+0,,,,,1.149e+0,,,3.047e-2,,,,,,,,,,1.905e-18,
627.02,2.709e+1,1.384e-20,2.251e-12,1.384e-43,1.561e-18,,,1.524e-18,7.169e-21,,1.048e-15,2.366e-7,7.828e-22,9.160e-18,9.175e-12,6.266e-31,7.358e-20,1.126e-13,,1.029e-17,1.793e-18,3.118e-25,5.323e+0,,2.756e-25,4.066e-19,,,2.258e-21,6.045e-17,2.921e-6,1.054e-28,2.079e-19,2.049e-22,1.762e-18,6.362e-17,2.346e+0,7.982e+0,1.027e-4,6.317e+0,4.066e+0,,,,,1.026e+0,,,2.595e-2,,,,,,,,,,1.902e-18,
627.04,2.590e+1,1.384e-20,1.965e-12,1.383e-43,1.564e-18,,,1.524e-18,7.170e-21,,1.048e-15,1.817e-7,1.061e-21,9.159e-18,6.788e-12,6.283e-31,7.360e-20,8.914e-14,,1.030e-17,1.793e-18,3.954e-25,4.812e+0,,2.756e-25,4.065e-19,,,2.255e-21,6.046e-17,3.596e-6,1.054e-28,2.079e-19,2.050e-22,1.759e-18,6.363e-17,2.250e+0,7.383e+0,8.734e-5,6.422e+0,4.062e+0,,,,,9.486e-1,,,2.326e-2,,,,,,,,,,1.900e-18,
627.07,2.427e+1,1.385e-20,1.597e-12,1.380e-43,1.569e-18,,,1.524e-18,7.172e-21,,1.048e-15,1.218e-7,1.667e-21,9.159e-18,4.304e-12,6.310e-31,7.364e-20,6.258e-14,,1.033e-17,1.794e-18,5.626e-25,4.123e+0,,2.757e-25,4.064e-19,,,2.251e-21,6.049e-17,4.893e-6,1.054e-28,2.079e-19,2.053e-22,1.755e-18,6.366e-17,2.105e+0,6.543e+0,6.821e-5,6.559e+0,4.080e+0,,,,,8.407e-1,,,1.967e-2,,,,,,,,,,1.898e-18,
627.09,2.328e+1,1.385e-20,1.388e-12,1.378e-43,1.572e-18,,,1.524e-18,7.173e-21,,1.047e-15,9.303e-8,2.248e-21,9.159e-18,3.169e-12,6.327e-31,7.367e-20,4.932e-14,,1.035e-17,1.794e-18,7.100e-25,3.710e+0,,2.758e-25,4.063e-19,,,2.248e-21,6.051e-17,5.994e-6,1.054e-28,2.080e-19,2.054e-22,1.752e-18,6.368e-17,2.009e+0,6.022e+0,5.770e-5,6.636e+0,4.110e+0,,,,,7.738e-1,,,1.755e-2,,,,,,,,,,1.896e-18,
627.12,2.193e+1,1.385e-20,1.120e-12,1.376e-43,1.577e-18,,,1.524e-18,7.175e-21,,1.047e-15,6.190e-8,3.508e-21,9.159e-18,1.995e-12,6.354e-31,7.371e-20,3.437e-14,,1.037e-17,1.795e-18,1.003e-24,3.157e+0,,2.759e-25,4.061e-19,,,2.244e-21,6.053e-17,8.098e-6,1.054e-28,2.080e-19,2.057e-22,1.747e-18,6.371e-17,1.866e+0,5.299e+0,4.473e-5,6.729e+0,4.180e+0,,,,,6.808e-1,,,1.473e-2,,,,,,,,,,1.893e-18,
627.14,2.111e+1,1.385e-20,9.686e-13,1.374e-43,1.580e-18,,,1.523e-18,7.176e-21,,1.047e-15,4.706e-8,4.708e-21,9.159e-18,1.462e-12,6.371e-31,7.374e-20,2.695e-14,,1.039e-17,1.795e-18,1.260e-24,2.829e+0,,2.760e-25,4.060e-19,,,2.241e-21,6.055e-17,9.872e-6,1.054e-28,2.080e-19,2.059e-22,1.744e-18,6.372e-17,1.772e+0,4.853e+0,3.765e-5,6.775e+0,4.244e+0,,,,,6.236e-1,,,1.308e-2,,,,,,,,,,1.891e-18,
627.17,2.000e+1,1.386e-20,7.761e-13,1.371e-43,1.585e-18,,,1.523e-18,7.178e-21,,1.046e-15,3.108e-8,7.293e-21,9.159e-18,9.132e-13,6.398e-31,7.378e-20,1.864e-14,,1.042e-17,1.796e-18,1.767e-24,2.391e+0,,2.761e-25,4.058e-19,,,2.237e-21,6.058e-17,1.324e-5,1.054e-28,2.080e-19,2.061e-22,1.740e-18,6.375e-17,1.634e+0,4.239e+0,2.898e-5,6.820e+0,4.366e+0,,,,,5.446e-1,,,1.090e-2,,,,,,,,,,1.888e-18,
627.19,1.934e+1,1.386e-20,6.679e-13,1.369e-43,1.589e-18,,,1.523e-18,7.179e-21,,1.046e-15,2.352e-8,9.740e-21,9.159e-18,6.658e-13,6.415e-31,7.381e-20,1.455e-14,,1.043e-17,1.796e-18,2.208e-24,2.133e+0,,2.762e-25,4.057e-19,,,2.234e-21,6.059e-17,1.606e-5,1.054e-28,2.080e-19,2.063e-22,1.737e-18,6.377e-17,1.544e+0,3.864e+0,2.428e-5,6.833e+0,4.464e+0,,,,,4.964e-1,,,9.625e-3,,,,,,,,,,1.886e-18,
627.22,1.846e+1,1.386e-20,5.313e-13,1.367e-43,1.593e-18,,,1.523e-18,7.181e-21,,1.045e-15,1.542e-8,1.498e-20,9.158e-18,4.129e-13,6.442e-31,7.385e-20,9.991e-15,,1.046e-17,1.797e-18,3.074e-24,1.791e+0,,2.763e-25,4.056e-19,,,2.230e-21,6.062e-17,2.139e-5,1.054e-28,2.081e-19,2.065e-22,1.733e-18,6.379e-17,1.414e+0,3.350e+0,1.855e-5,6.828e+0,4.635e+0,,,,,4.304e-1,,,7.962e-3,,,,,,,,,,1.883e-18,
627.24,1.793e+1,1.386e-20,4.551e-13,1.365e-43,1.597e-18,,,1.523e-18,7.182e-21,,1.045e-15,1.161e-8,1.991e-20,9.158e-18,2.996e-13,6.459e-31,7.387e-20,7.758e-15,,1.047e-17,1.797e-18,3.824e-24,1.590e+0,,2.764e-25,4.055e-19,,,2.227e-21,6.064e-17,2.582e-5,1.054e-28,2.081e-19,2.067e-22,1.730e-18,6.381e-17,1.329e+0,3.038e+0,1.546e-5,6.808e+0,4.765e+0,,,,,3.904e-1,,,6.999e-3,,,,,,,,,,1.881e-18,
627.27,1.723e+1,1.387e-20,3.594e-13,1.362e-43,1.602e-18,,,1.523e-18,7.184e-21,,1.045e-15,7.554e-9,3.040e-20,9.158e-18,1.844e-13,6.486e-31,7.391e-20,5.289e-15,,1.050e-17,1.798e-18,5.285e-24,1.326e+0,,2.765e-25,4.053e-19,,,2.223e-21,6.066e-17,3.414e-5,1.054e-28,2.081e-19,2.069e-22,1.725e-18,6.384e-17,1.208e+0,2.615e+0,1.173e-5,6.754e+0,4.982e+0,,,,,3.360e-1,,,5.747e-3,,,,,,,,,,1.878e-18,
627.29,1.681e+1,1.387e-20,3.064e-13,1.361e-43,1.605e-18,,,1.523e-18,7.185e-21,,1.044e-15,5.659e-9,4.022e-20,9.158e-18,1.332e-13,6.503e-31,7.394e-20,4.087e-15,,1.052e-17,1.798e-18,6.542e-24,1.172e+0,,2.766e-25,4.052e-19,,,2.220e-21,6.068e-17,4.102e-5,1.054e-28,2.081e-19,2.071e-22,1.722e-18,6.386e-17,1.131e+0,2.361e+0,9.728e-6,6.701e+0,5.141e+0,,,,,3.033e-1,,,5.027e-3,,,,,,,,,,1.876e-18,
627.32,1.627e+1,1.387e-20,2.402e-13,1.358e-43,1.610e-18,,,1.523e-18,7.187e-21,,1.044e-15,3.656e-9,6.096e-20,9.158e-18,8.138e-14,1.181e-30,7.398e-20,2.766e-15,,1.054e-17,1.799e-18,8.977e-24,9.709e-1,,2.767e-25,4.050e-19,,,2.216e-21,6.071e-17,5.383e-5,1.055e-28,2.081e-19,2.073e-22,1.718e-18,6.388e-17,1.020e+0,2.017e+0,7.326e-6,6.599e+0,5.398e+0,,,,,2.591e-1,,,4.098e-3,,,,,,,,,,1.873e-18,
627.34,1.595e+1,1.388e-20,2.038e-13,1.356e-43,1.613e-18,,,1.523e-18,7.188e-21,,1.044e-15,2.726e-9,8.025e-20,9.158e-18,5.846e-14,1.754e-30,7.401e-20,2.127e-15,,1.056e-17,1.799e-18,1.106e-23,8.544e-1,,2.768e-25,4.049e-19,,,2.213e-21,6.072e-17,6.437e-5,1.055e-28,2.081e-19,2.075e-22,1.715e-18,6.390e-17,9.507e-1,1.812e+0,6.049e-6,6.516e+0,5.580e+0,,,,,2.328e-1,,,3.567e-3,,,,,,,,,,1.871e-18,
627.36,1.566e+1,1.388e-20,1.725e-13,1.354e-43,1.616e-18,,,1.523e-18,7.189e-21,,1.043e-15,2.028e-9,1.054e-19,9.157e-18,4.192e-14,2.599e-30,7.403e-20,1.632e-15,,1.058e-17,1.799e-18,1.360e-23,7.505e-1,,2.768e-25,4.048e-19,,,2.210e-21,6.074e-17,7.682e-5,1.055e-28,2.081e-19,2.077e-22,1.712e-18,6.392e-17,8.839e-1,1.624e+0,4.987e-6,6.422e+0,5.771e+0,,,,,2.087e-1,,,3.099e-3,,,,,,,,,,1.869e-18,
627.39,1.529e+1,1.388e-20,1.339e-13,1.352e-43,1.621e-18,,,1.523e-18,7.191e-21,,1.043e-15,1.297e-9,1.582e-19,9.157e-18,2.536e-14,4.672e-30,7.407e-20,1.094e-15,,1.060e-17,1.800e-18,1.847e-23,6.158e-1,,2.769e-25,4.047e-19,,,2.206e-21,6.077e-17,9.980e-5,1.055e-28,2.082e-19,2.079e-22,1.708e-18,6.395e-17,7.898e-1,1.374e+0,3.721e-6,6.260e+0,6.069e+0,,,,,1.765e-1,,,2.501e-3,,,,,,,,,,1.866e-18,
627.41,1.507e+1,1.388e-20,1.128e-13,1.350e-43,1.624e-18,,,1.523e-18,7.192e-21,,1.043e-15,9.601e-10,2.069e-19,9.157e-18,1.809e-14,6.891e-30,7.410e-20,8.356e-16,,1.062e-17,1.800e-18,2.260e-23,5.385e-1,,2.770e-25,4.046e-19,,,2.203e-21,6.078e-17,1.185e-4,1.055e-28,2.082e-19,2.081e-22,1.705e-18,6.397e-17,7.309e-1,1.225e+0,3.056e-6,6.140e+0,6.275e+0,,,,,1.574e-1,,,2.162e-3,,,,,,,,,,1.864e-18,
627.44,1.478e+1,1.389e-20,8.692e-14,1.347e-43,1.629e-18,,,1.523e-18,7.194e-21,,1.042e-15,6.094e-10,3.083e-19,9.157e-18,1.086e-14,1.230e-29,7.414e-20,5.564e-16,,1.064e-17,1.801e-18,3.048e-23,4.389e-1,,2.771e-25,4.044e-19,,,2.198e-21,6.081e-17,1.529e-4,1.055e-28,2.082e-19,2.083e-22,1.700e-18,6.399e-17,6.486e-1,1.029e+0,2.270e-6,5.941e+0,6.592e+0,,,,,1.322e-1,,,1.732e-3,,,,,,,,,,1.861e-18,
627.46,1.462e+1,1.389e-20,7.288e-14,1.346e-43,1.633e-18,,,1.523e-18,7.195e-21,,1.042e-15,4.490e-10,4.011e-19,9.157e-18,7.712e-15,1.805e-29,7.417e-20,4.237e-16,,1.066e-17,1.801e-18,3.712e-23,3.821e-1,,2.772e-25,4.043e-19,,,2.196e-21,6.083e-17,1.807e-4,1.055e-28,2.082e-19,2.085e-22,1.697e-18,6.401e-17,5.976e-1,9.134e-1,1.862e-6,5.799e+0,6.806e+0,,,,,1.174e-1,,,1.490e-3,,,,,,,,,,1.859e-18,
627.49,1.440e+1,1.389e-20,5.575e-14,1.343e-43,1.638e-18,,,1.523e-18,7.197e-21,,1.041e-15,2.829e-10,5.933e-19,9.157e-18,4.597e-15,3.199e-29,7.421e-20,2.815e-16,,1.069e-17,1.802e-18,4.969e-23,3.093e-1,,2.773e-25,4.041e-19,,,2.191e-21,6.085e-17,2.314e-4,1.055e-28,2.082e-19,2.087e-22,1.693e-18,6.404e-17,5.269e-1,7.613e-1,1.385e-6,5.571e+0,7.129e+0,,,,,9.781e-2,,,1.185e-3,,,,,,,,,,1.857e-18,
627.51,1.427e+1,1.390e-20,4.652e-14,1.341e-43,1.641e-18,,,1.523e-18,7.198e-21,,1.041e-15,2.074e-10,7.684e-19,9.156e-18,3.248e-15,4.673e-29,7.423e-20,2.148e-16,,1.070e-17,1.802e-18,6.022e-23,2.680e-1,,2.774e-25,4.040e-19,,,2.189e-21,6.087e-17,2.721e-4,1.055e-28,2.083e-19,2.089e-22,1.690e-18,6.406e-17,4.835e-1,6.726e-1,1.142e-6,5.410e+0,7.344e+0,,,,,8.641e-2,,,1.014e-3,,,,,,,,,,1.855e-18,
627.54,1.409e+1,1.390e-20,3.533e-14,1.339e-43,1.646e-18,,,1.523e-18,7.200e-21,,1.041e-15,1.297e-10,1.128e-18,9.156e-18,1.921e-15,8.222e-29,7.427e-20,1.448e-16,,1.073e-17,1.803e-18,8.004e-23,2.155e-1,,2.775e-25,4.039e-19,,,2.184e-21,6.090e-17,3.459e-4,1.055e-28,2.083e-19,2.091e-22,1.685e-18,6.408e-17,4.237e-1,5.564e-1,8.657e-7,5.160e+0,7.662e+0,,,,,7.149e-2,,,8.006e-4,,,,,,,,,,1.852e-18,
627.56,1.398e+1,1.390e-20,2.933e-14,1.337e-43,1.649e-18,,,1.522e-18,7.201e-21,,1.040e-15,9.464e-11,1.454e-18,9.156e-18,1.351e-15,1.195e-28,7.430e-20,1.131e-16,,1.075e-17,1.803e-18,9.653e-23,1.859e-1,,2.776e-25,4.038e-19,,,2.181e-21,6.091e-17,4.050e-4,1.055e-28,2.083e-19,2.093e-22,1.682e-18,6.410e-17,3.874e-1,4.892e-1,7.307e-7,4.987e+0,7.868e+0,,,,,6.286e-2,,,6.822e-4,,,,,,,,,,1.850e-18,
627.59,1.383e+1,1.390e-20,2.211e-14,1.334e-43,1.654e-18,,,1.522e-18,7.203e-21,,1.040e-15,5.876e-11,2.120e-18,9.156e-18,7.934e-16,2.088e-28,7.434e-20,8.224e-17,,1.077e-17,1.804e-18,1.274e-22,1.484e-1,,2.777e-25,4.036e-19,,,2.177e-21,6.094e-17,5.111e-4,1.055e-28,2.083e-19,2.096e-22,1.678e-18,6.413e-17,3.379e-1,4.018e-1,5.891e-7,4.722e+0,8.168e+0,,,,,5.163e-2,,,5.345e-4,,,,,,,,,,1.847e-18,
627.61,1.373e+1,1.391e-20,1.827e-14,1.332e-43,1.657e-18,,,1.522e-18,7.204e-21,,1.040e-15,4.266e-11,2.720e-18,9.156e-18,5.550e-16,3.021e-28,7.437e-20,7.047e-17,,1.079e-17,1.804e-18,1.529e-22,1.274e-1,,2.778e-25,4.035e-19,,,2.174e-21,6.096e-17,5.954e-4,1.055e-28,2.083e-19,2.097e-22,1.675e-18,6.414e-17,3.081e-1,3.515e-1,5.300e-7,4.542e+0,8.358e+0,,,,,4.517e-2,,,4.532e-4,,,,,,,,,,1.845e-18,
627.64,1.359e+1,1.391e-20,1.368e-14,1.330e-43,1.662e-18,,,1.522e-18,7.206e-21,,1.039e-15,2.629e-11,3.936e-18,9.156e-18,3.236e-16,5.239e-28,7.441e-20,6.383e-17,,1.082e-17,1.804e-18,2.003e-22,1.011e-1,,2.779e-25,4.034e-19,,,2.170e-21,6.098e-17,7.459e-4,1.055e-28,2.083e-19,2.100e-22,1.671e-18,6.417e-17,2.679e-1,2.866e-1,4.885e-7,4.268e+0,8.628e+0,,,,,3.683e-2,,,3.525e-4,,,,,,,,,,1.842e-18,
627.66,1.349e+1,1.391e-20,1.125e-14,1.328e-43,1.665e-18,,,1.522e-18,7.207e-21,,1.039e-15,1.900e-11,5.025e-18,9.156e-18,2.253e-16,7.544e-28,7.443e-20,6.627e-17,,1.083e-17,1.805e-18,2.392e-22,8.640e-2,,2.780e-25,4.033e-19,,,2.167e-21,6.100e-17,8.648e-4,1.055e-28,2.084e-19,2.101e-22,1.668e-18,6.419e-17,2.440e-1,2.495e-1,4.910e-7,4.086e+0,8.795e+0,,,,,3.207e-2,,,2.974e-4,,,,,,,,,,1.840e-18,
627.69,1.334e+1,1.392e-20,8.355e-15,1.325e-43,1.670e-18,,,1.522e-18,7.209e-21,,1.039e-15,1.162e-11,7.220e-18,9.155e-18,1.304e-16,1.299e-27,7.447e-20,8.077e-17,,1.086e-17,1.805e-18,3.112e-22,6.805e-2,,2.781e-25,4.031e-19,,,2.163e-21,6.103e-17,1.076e-3,1.055e-28,2.084e-19,2.104e-22,1.663e-18,6.422e-17,2.122e-1,2.020e-1,5.404e-7,3.812e+0,9.023e+0,,,,,2.596e-2,,,2.297e-4,,,,,,,,,,1.837e-18,
627.71,1.324e+1,1.392e-20,6.837e-15,1.324e-43,1.674e-18,,,1.522e-18,7.210e-21,,1.038e-15,8.355e-12,9.172e-18,9.155e-18,9.031e-17,1.861e-27,7.450e-20,9.880e-17,,1.087e-17,1.806e-18,3.699e-22,5.791e-2,,2.781e-25,4.030e-19,,,2.160e-21,6.105e-17,1.241e-3,1.055e-28,2.084e-19,2.105e-22,1.660e-18,6.423e-17,1.935e-1,1.750e-1,6.060e-7,3.631e+0,9.159e+0,,,,,2.249e-2,,,1.928e-4,,,,,,,,,,1.835e-18,
627.73,1.313e+1,1.392e-20,5.584e-15,1.322e-43,1.677e-18,,,1.522e-18,7.211e-21,,1.038e-15,5.995e-12,1.163e-17,9.155e-18,6.244e-17,2.663e-27,7.453e-20,1.251e-16,,1.089e-17,1.806e-18,4.388e-22,4.919e-2,,2.782e-25,4.029e-19,,,2.157e-21,6.106e-17,1.429e-3,1.055e-28,2.084e-19,2.107e-22,1.657e-18,6.425e-17,1.768e-1,1.513e-1,7.009e-7,3.452e+0,9.280e+0,,,,,1.945e-2,,,1.616e-4,,,,,,,,,,1.833e-18,
627.76,1.296e+1,1.392e-20,4.107e-15,1.319e-43,1.682e-18,,,1.522e-18,7.213e-21,,1.038e-15,3.630e-12,1.654e-17,9.155e-18,3.577e-17,4.538e-27,7.457e-20,1.847e-16,,1.092e-17,1.807e-18,5.650e-22,3.837e-2,,2.783e-25,4.027e-19,,,2.153e-21,6.109e-17,1.760e-3,1.055e-28,2.084e-19,2.110e-22,1.653e-18,6.428e-17,1.550e-1,1.212e-1,9.074e-7,3.188e+0,9.435e+0,,,,,1.559e-2,,,1.235e-4,,,,,,,,,,1.830e-18,
627.78,1.283e+1,1.393e-20,3.338e-15,1.317e-43,1.685e-18,,,1.522e-18,7.214e-21,,1.037e-15,2.592e-12,2.087e-17,9.155e-18,2.461e-17,6.460e-27,7.459e-20,2.423e-16,,1.093e-17,1.807e-18,6.670e-22,3.244e-2,,2.784e-25,4.026e-19,,,2.150e-21,6.111e-17,2.016e-3,1.055e-28,2.084e-19,2.111e-22,1.650e-18,6.430e-17,1.426e-1,1.043e-1,1.096e-6,3.016e+0,9.518e+0,,,,,1.343e-2,,,1.030e-4,,,,,,,,,,1.828e-18,
627.81,1.262e+1,1.393e-20,2.437e-15,1.315e-43,1.690e-18,,,1.522e-18,7.216e-21,,1.037e-15,1.558e-12,2.948e-17,9.155e-18,1.399e-17,1.093e-26,7.463e-20,3.664e-16,,1.096e-17,1.808e-18,8.526e-22,2.513e-2,,2.785e-25,4.025e-19,,,2.146e-21,6.113e-17,2.465e-3,1.055e-28,2.085e-19,2.114e-22,1.645e-18,6.432e-17,1.271e-1,8.297e-2,1.475e-6,2.766e+0,9.611e+0,,,,,1.069e-2,,,7.813e-5,,,,,,,,,,1.825e-18,
627.83,1.248e+1,1.393e-20,1.971e-15,1.313e-43,1.693e-18,,,1.522e-18,7.217e-21,,1.037e-15,1.107e-12,3.702e-17,9.154e-18,9.579e-18,1.549e-26,7.466e-20,4.833e-16,,1.098e-17,1.808e-18,1.002e-21,2.115e-2,,2.786e-25,4.024e-19,,,2.143e-21,6.115e-17,2.811e-3,1.056e-28,2.085e-19,2.115e-22,1.642e-18,6.434e-17,1.185e-1,7.104e-2,1.807e-6,2.604e+0,9.651e+0,,,,,9.166e-3,,,6.484e-5,,,,,,,,,,1.823e-18,
627.86,1.224e+1,1.393e-20,1.428e-15,1.310e-43,1.698e-18,,,1.522e-18,7.219e-21,,1.036e-15,6.604e-13,5.191e-17,9.154e-18,5.406e-18,2.602e-26,7.470e-20,7.311e-16,,1.100e-17,1.809e-18,1.271e-21,1.628e-2,,2.787e-25,4.022e-19,,,2.139e-21,6.118e-17,3.411e-3,1.056e-28,2.085e-19,2.118e-22,1.638e-18,6.437e-17,1.084e-1,5.609e-2,2.454e-6,2.370e+0,9.678e+0,,,,,7.258e-3,,,4.884e-5,,,,,,,,,,1.820e-18,
627.88,1.207e+1,1.394e-20,1.150e-15,1.309e-43,1.701e-18,,,1.522e-18,7.220e-21,,1.036e-15,4.669e-13,6.487e-17,9.154e-18,3.683e-18,3.669e-26,7.473e-20,9.618e-16,,1.102e-17,1.809e-18,1.487e-21,1.364e-2,,2.788e-25,4.021e-19,,,2.136e-21,6.119e-17,3.872e-3,1.056e-28,2.085e-19,2.119e-22,1.635e-18,6.439e-17,1.032e-1,4.780e-2,3.010e-6,2.220e+0,9.674e+0,,,,,6.204e-3,,,4.033e-5,,,,,,,,,,1.818e-18,
627.91,1.179e+1,1.394e-20,8.272e-16,1.306e-43,1.706e-18,,,1.522e-18,7.222e-21,,1.035e-15,2.766e-13,9.030e-17,9.154e-18,2.063e-18,6.120e-26,7.477e-20,1.447e-15,,1.104e-17,1.809e-18,1.873e-21,1.042e-2,,2.789e-25,4.019e-19,,,2.132e-21,6.122e-17,4.664e-3,1.056e-28,2.085e-19,2.122e-22,1.631e-18,6.441e-17,9.779e-2,3.746e-2,4.082e-6,2.006e+0,9.633e+0,,,,,4.899e-3,,,3.015e-5,,,,,,,,,,1.816e-18,
627.93,1.160e+1,1.394e-20,6.626e-16,1.304e-43,1.709e-18,,,1.522e-18,7.223e-21,,1.035e-15,1.946e-13,1.123e-16,9.154e-18,1.399e-18,8.587e-26,7.479e-20,1.896e-15,,1.106e-17,1.810e-18,2.179e-21,8.688e-3,,2.790e-25,4.018e-19,,,2.129e-21,6.124e-17,5.269e-3,1.056e-28,2.085e-19,2.124e-22,1.628e-18,6.443e-17,9.564e-2,3.177e-2,4.993e-6,1.871e+0,9.583e+0,,,,,4.186e-3,,,2.478e-5,,,,,,,,,,1.814e-18,
627.96,1.129e+1,1.395e-20,4.732e-16,1.302e-43,1.714e-18,,,1.522e-18,7.225e-21,,1.035e-15,1.144e-13,1.552e-16,9.154e-18,7.780e-19,1.422e-25,7.483e-20,2.833e-15,,1.109e-17,1.810e-18,2.726e-21,6.593e-3,,2.791e-25,4.017e-19,,,2.125e-21,6.126e-17,6.301e-3,1.056e-28,2.086e-19,2.126e-22,1.623e-18,6.446e-17,9.449e-2,2.472e-2,6.734e-6,1.678e+0,9.475e+0,,,,,3.316e-3,,,1.839e-5,,,,,,,,,,1.811e-18,
627.98,1.107e+1,1.395e-20,3.772e-16,1.300e-43,1.718e-18,,,1.522e-18,7.226e-21,,1.034e-15,8.010e-14,1.921e-16,9.153e-18,5.248e-19,1.986e-25,7.486e-20,3.694e-15,,1.110e-17,1.811e-18,3.157e-21,5.472e-3,,2.792e-25,4.016e-19,,,2.122e-21,6.128e-17,7.083e-3,1.056e-28,2.086e-19,2.128e-22,1.620e-18,6.448e-17,9.505e-2,2.086e-2,8.202e-6,1.557e+0,9.381e+0,,,,,2.850e-3,,,1.504e-5,,,,,,,,,,1.809e-18,
628.01,1.072e+1,1.395e-20,2.674e-16,1.297e-43,1.723e-18,,,1.521e-18,7.228e-21,,1.034e-15,4.675e-14,2.636e-16,9.153e-18,2.897e-19,3.265e-25,7.490e-20,5.481e-15,,1.113e-17,1.811e-18,3.920e-21,4.124e-3,,2.793e-25,4.014e-19,,,2.118e-21,6.131e-17,8.411e-3,1.056e-28,2.086e-19,2.130e-22,1.616e-18,6.450e-17,9.779e-2,1.611e-2,1.099e-5,1.386e+0,9.210e+0,,,,,2.296e-3,,,1.108e-5,,,,,,,,,,1.806e-18,
628.03,1.048e+1,1.395e-20,2.121e-16,1.295e-43,1.726e-18,,,1.521e-18,7.229e-21,,1.034e-15,3.257e-14,3.247e-16,9.153e-18,1.945e-19,4.538e-25,7.493e-20,7.112e-15,,1.115e-17,1.812e-18,4.518e-21,3.407e-3,,2.793e-25,4.013e-19,,,2.115e-21,6.132e-17,9.409e-3,1.056e-28,2.086e-19,2.132e-22,1.613e-18,6.452e-17,1.008e-1,1.353e-2,1.332e-5,1.280e+0,9.075e+0,,,,,2.011e-3,,,9.018e-6,,,,,,,,,,1.804e-18,
628.06,1.011e+1,1.396e-20,1.493e-16,1.293e-43,1.731e-18,,,1.521e-18,7.231e-21,,1.033e-15,1.887e-14,4.423e-16,9.153e-18,1.066e-19,7.408e-25,7.497e-20,1.048e-14,,1.117e-17,1.812e-18,5.570e-21,2.550e-3,,2.795e-25,4.011e-19,,,2.110e-21,6.135e-17,1.109e-2,1.056e-28,2.086e-19,2.134e-22,1.608e-18,6.455e-17,1.072e-1,1.037e-2,1.773e-5,1.132e+0,8.845e+0,,,,,1.694e-3,,,6.596e-6,,,,,,,,,,1.801e-18,
628.08,9.851e+0,1.396e-20,1.178e-16,1.291e-43,1.734e-18,,,1.521e-18,7.232e-21,,1.033e-15,1.308e-14,5.421e-16,9.153e-18,2.331e-19,1.025e-24,7.499e-20,1.353e-14,,1.119e-17,1.813e-18,6.388e-21,2.097e-3,,2.795e-25,4.010e-19,,,2.108e-21,6.137e-17,1.235e-2,1.056e-28,2.086e-19,2.136e-22,1.605e-18,6.457e-17,1.126e-1,8.668e-3,2.139e-5,1.040e+0,8.674e+0,,,,,1.547e-3,,,5.341e-6,,,,,,,,,,1.799e-18,
628.1,9.587e+0,1.396e-20,9.284e-17,1.289e-43,1.737e-18,,,1.521e-18,7.233e-21,,1.033e-15,9.052e-15,6.633e-16,9.153e-18,3.596e-19,1.414e-24,7.502e-20,1.744e-14,,1.121e-17,1.813e-18,7.313e-21,1.721e-3,,2.796e-25,4.009e-19,,,2.105e-21,6.138e-17,1.372e-2,1.056e-28,2.087e-19,2.138e-22,1.603e-18,6.458e-17,1.190e-1,7.230e-3,2.576e-5,9.536e-1,8.490e+0,,,,,1.449e-3,,,4.317e-6,,,,,,,,,,1.797e-18,
628.13,9.180e+0,1.397e-20,6.468e-17,1.287e-43,1.742e-18,,,1.521e-18,7.235e-21,,1.032e-15,5.191e-15,8.945e-16,9.153e-18,5.493e-19,2.286e-24,7.506e-20,2.543e-14,,1.123e-17,1.814e-18,8.924e-21,1.275e-3,,2.797e-25,4.008e-19,,,2.100e-21,6.141e-17,1.601e-2,1.056e-28,2.087e-19,2.140e-22,1.598e-18,6.461e-17,1.302e-1,5.487e-3,3.393e-5,8.345e-1,8.191e+0,,,,,1.385e-3,,,3.125e-6,,,,,,,,,,1.794e-18,
628.15,8.904e+0,1.397e-20,5.070e-17,1.285e-43,1.745e-18,,,1.521e-18,7.236e-21,,1.032e-15,3.574e-15,1.089e-15,9.152e-18,6.758e-19,3.140e-24,7.509e-20,3.263e-14,,1.125e-17,1.814e-18,1.017e-20,1.042e-3,,2.798e-25,4.007e-19,,,2.098e-21,6.143e-17,1.770e-2,1.056e-28,2.087e-19,2.142e-22,1.595e-18,6.463e-17,1.389e-1,4.554e-3,4.067e-5,7.616e-1,7.979e+0,,,,,1.396e-3,,,2.514e-6,,,,,,,,,,1.792e-18,
628.18,8.484e+0,1.397e-20,3.506e-17,1.282e-43,1.750e-18,,,1.521e-18,7.238e-21,,1.032e-15,2.034e-15,1.458e-15,9.152e-18,8.656e-19,5.039e-24,7.513e-20,4.724e-14,,1.127e-17,1.814e-18,1.232e-20,7.669e-4,,2.799e-25,4.005e-19,,,2.093e-21,6.145e-17,2.051e-2,1.056e-28,2.087e-19,2.144e-22,1.591e-18,6.466e-17,1.535e-1,3.431e-3,5.318e-5,6.616e-1,7.643e+0,,,,,1.493e-3,,,1.807e-6,,,,,,,,,,1.789e-18,
628.2,8.202e+0,1.397e-20,2.736e-17,1.280e-43,1.754e-18,,,1.521e-18,7.239e-21,,1.031e-15,1.394e-15,1.767e-15,9.152e-18,9.921e-19,6.889e-24,7.515e-20,6.031e-14,,1.129e-17,1.815e-18,1.396e-20,6.236e-4,,2.800e-25,4.004e-19,,,2.091e-21,6.147e-17,2.257e-2,1.056e-28,2.087e-19,2.146e-22,1.588e-18,6.467e-17,1.644e-1,2.834e-3,6.344e-5,6.008e-1,7.409e+0,,,,,1.614e-3,,,1.446e-6,,,,,,,,,,1.787e-18,
628.23,7.777e+0,1.398e-20,1.878e-17,1.278e-43,1.758e-18,,,1.521e-18,7.241e-21,,1.031e-15,7.876e-16,2.348e-15,9.152e-18,1.182e-18,1.097e-23,7.519e-20,8.669e-14,,1.132e-17,1.815e-18,1.680e-20,4.557e-4,,2.801e-25,4.002e-19,,,2.086e-21,6.150e-17,2.596e-2,1.056e-28,2.088e-19,2.148e-22,1.583e-18,6.470e-17,1.825e-1,2.119e-3,8.236e-5,5.181e-1,7.046e+0,,,,,1.883e-3,,,1.032e-6,,,,,,,,,,1.784e-18,
628.25,7.494e+0,1.398e-20,1.458e-17,1.276e-43,1.762e-18,,,1.521e-18,7.242e-21,,1.031e-15,5.370e-16,2.832e-15,9.152e-18,1.308e-18,1.493e-23,7.522e-20,1.101e-13,,1.133e-17,1.816e-18,1.895e-20,3.689e-4,,2.802e-25,4.001e-19,,,2.083e-21,6.151e-17,2.842e-2,1.056e-28,2.088e-19,2.150e-22,1.580e-18,6.472e-17,1.958e-1,1.742e-3,9.778e-5,4.683e-1,6.797e+0,,,,,2.127e-3,,,8.217e-7,,,,,,,,,,1.782e-18,
628.28,7.072e+0,1.398e-20,9.937e-18,1.273e-43,1.767e-18,,,1.521e-18,7.244e-21,,1.030e-15,3.012e-16,3.737e-15,9.152e-18,1.498e-18,2.362e-23,7.526e-20,1.572e-13,,1.136e-17,1.816e-18,2.263e-20,2.677e-4,,2.803e-25,4.000e-19,,,2.079e-21,6.154e-17,3.246e-2,1.056e-28,2.088e-19,2.152e-22,1.576e-18,6.475e-17,2.174e-1,1.293e-3,1.260e-4,4.009e-1,6.417e+0,,,,,2.601e-3,,,5.819e-7,,,,,,,,,,1.779e-18,
628.3,6.794e+0,1.398e-20,7.677e-18,1.272e-43,1.770e-18,,,1.521e-18,7.245e-21,,1.030e-15,2.044e-16,4.485e-15,9.151e-18,1.625e-18,3.198e-23,7.529e-20,1.988e-13,,1.138e-17,1.817e-18,2.541e-20,2.156e-4,,2.804e-25,3.999e-19,,,2.076e-21,6.156e-17,3.537e-2,1.056e-28,2.088e-19,2.154e-22,1.573e-18,6.476e-17,2.330e-1,1.058e-3,1.489e-4,3.606e-1,6.161e+0,,,,,2.999e-3,,,4.612e-7,,,,,,,,,,1.777e-18,
628.33,6.384e+0,1.399e-20,5.194e-18,1.269e-43,1.775e-18,,,1.521e-18,7.247e-21,,1.029e-15,1.138e-16,5.876e-15,9.151e-18,1.814e-18,5.022e-23,7.533e-20,2.816e-13,,1.140e-17,1.817e-18,3.012e-20,1.554e-4,,2.805e-25,3.997e-19,,,2.072e-21,6.158e-17,4.010e-2,1.056e-28,2.088e-19,2.157e-22,1.568e-18,6.479e-17,2.582e-1,7.797e-4,1.905e-4,3.064e-1,5.774e+0,,,,,3.738e-3,,,3.243e-7,,,,,,,,,,1.775e-18,
628.35,6.116e+0,1.399e-20,3.993e-18,1.267e-43,1.778e-18,,,1.521e-18,7.248e-21,,1.029e-15,7.682e-17,7.018e-15,9.151e-18,1.941e-18,6.769e-23,7.535e-20,3.544e-13,,1.142e-17,1.818e-18,3.366e-20,1.246e-4,,2.805e-25,3.996e-19,,,2.069e-21,6.160e-17,4.349e-2,1.057e-28,2.088e-19,2.158e-22,1.566e-18,6.481e-17,2.763e-1,6.346e-4,2.240e-4,2.743e-1,5.517e+0,,,,,4.338e-3,,,2.558e-7,,,,,,,,,,1.773e-18,
628.38,5.725e+0,1.399e-20,2.682e-18,1.264e-43,1.783e-18,,,1.521e-18,7.250e-21,,1.029e-15,4.246e-17,9.128e-15,9.151e-18,2.131e-18,1.055e-22,7.539e-20,4.984e-13,,1.144e-17,1.818e-18,3.962e-20,8.915e-5,,2.807e-25,3.994e-19,,,2.065e-21,6.163e-17,4.894e-2,1.057e-28,2.089e-19,2.161e-22,1.561e-18,6.484e-17,3.051e-1,4.643e-4,2.846e-4,2.314e-1,5.133e+0,,,,,5.428e-3,,,1.785e-7,,,,,,,,,,1.770e-18,
628.4,5.472e+0,1.400e-20,2.052e-18,1.263e-43,1.786e-18,,,1.521e-18,7.251e-21,,1.028e-15,2.853e-17,1.085e-14,9.151e-18,2.257e-18,1.415e-22,7.542e-20,6.242e-13,,1.146e-17,1.818e-18,4.406e-20,7.115e-5,,2.807e-25,3.993e-19,,,2.062e-21,6.164e-17,5.283e-2,1.057e-28,2.089e-19,2.162e-22,1.558e-18,6.485e-17,3.256e-1,3.761e-4,3.330e-4,2.061e-1,4.881e+0,,,,,6.300e-3,,,1.401e-7,,,,,,,,,,1.768e-18,
628.43,5.107e+0,1.400e-20,1.368e-18,1.260e-43,1.791e-18,,,1.520e-18,7.253e-21,,1.028e-15,1.398e-17,1.401e-14,9.151e-18,2.447e-18,2.191e-22,7.546e-20,8.717e-13,,1.149e-17,1.819e-18,5.148e-20,5.055e-5,,2.808e-25,3.992e-19,,,2.058e-21,6.167e-17,5.902e-2,1.057e-28,2.089e-19,2.165e-22,1.554e-18,6.488e-17,3.581e-1,2.732e-4,4.199e-4,1.726e-1,4.509e+0,,,,,7.863e-3,,,9.708e-8,,,,,,,,,,1.765e-18,
628.45,4.874e+0,1.400e-20,1.041e-18,1.258e-43,1.794e-18,,,1.520e-18,7.254e-21,,1.028e-15,1.370e-17,1.657e-14,9.150e-18,2.573e-18,2.924e-22,7.549e-20,1.086e-12,,1.150e-17,1.819e-18,5.697e-20,4.015e-5,,2.809e-25,3.991e-19,,,2.055e-21,6.169e-17,6.340e-2,1.057e-28,2.089e-19,2.166e-22,1.551e-18,6.490e-17,3.811e-1,2.202e-4,4.890e-4,1.530e-1,4.266e+0,,,,,9.101e-3,,,7.583e-8,,,,,,,,,,1.763e-18,
628.48,4.540e+0,1.400e-20,6.892e-19,1.256e-43,1.799e-18,,,1.520e-18,7.256e-21,,1.027e-15,1.328e-17,2.125e-14,9.150e-18,2.763e-18,4.494e-22,7.553e-20,1.506e-12,,1.153e-17,1.820e-18,6.609e-20,2.832e-5,,2.810e-25,3.989e-19,,,2.051e-21,6.171e-17,7.032e-2,1.057e-28,2.089e-19,2.169e-22,1.546e-18,6.493e-17,4.173e-1,1.588e-4,6.123e-4,1.272e-1,3.913e+0,,,,,1.130e-2,,,5.215e-8,,,,,,,,,,1.760e-18,
628.5,4.328e+0,1.401e-20,5.221e-19,1.254e-43,1.803e-18,,,1.520e-18,7.257e-21,,1.027e-15,1.300e-17,2.501e-14,9.150e-18,2.890e-18,5.970e-22,7.555e-20,1.869e-12,,1.155e-17,1.820e-18,7.279e-20,2.239e-5,,2.811e-25,3.988e-19,,,2.048e-21,6.173e-17,7.517e-2,1.057e-28,2.089e-19,2.171e-22,1.543e-18,6.494e-17,4.426e-1,1.274e-4,7.096e-4,1.122e-1,3.684e+0,,,,,1.302e-2,,,4.054e-8,,,,,,,,,,1.758e-18,
628.52,4.127e+0,1.401e-20,3.948e-19,1.252e-43,1.806e-18,,,1.520e-18,7.259e-21,,1.027e-15,1.273e-17,2.939e-14,9.150e-18,3.016e-18,7.915e-22,7.558e-20,2.313e-12,,1.156e-17,1.821e-18,8.001e-20,1.767e-5,,2.812e-25,3.987e-19,,,2.045e-21,6.175e-17,8.020e-2,1.057e-28,2.090e-19,2.172e-22,1.540e-18,6.496e-17,4.689e-1,1.020e-4,8.208e-4,9.881e-2,3.463e+0,,,,,1.499e-2,,,3.145e-8,,,,,,,,,,1.756e-18,
628.55,3.843e+0,1.401e-20,2.586e-19,1.249e-43,1.811e-18,,,1.520e-18,7.260e-21,,1.026e-15,1.231e-17,3.730e-14,9.150e-18,3.206e-18,1.204e-21,7.562e-20,3.175e-12,,1.159e-17,1.821e-18,9.188e-20,1.234e-5,,2.813e-25,3.986e-19,,,2.041e-21,6.177e-17,8.806e-2,1.057e-28,2.090e-19,2.175e-22,1.536e-18,6.499e-17,5.100e-1,7.276e-5,1.017e-3,8.133e-2,3.144e+0,,,,,1.844e-2,,,2.141e-8,,,,,,,,,,1.753e-18,
628.57,3.667e+0,1.401e-20,1.946e-19,1.248e-43,1.814e-18,,,1.520e-18,7.262e-21,,1.026e-15,1.203e-17,4.361e-14,9.150e-18,3.332e-18,1.589e-21,7.565e-20,3.912e-12,,1.161e-17,1.822e-18,1.005e-19,9.693e-6,,2.814e-25,3.984e-19,,,2.038e-21,6.179e-17,9.350e-2,1.057e-28,2.090e-19,2.176e-22,1.533e-18,6.501e-17,5.385e-1,5.797e-5,1.171e-3,7.125e-2,2.941e+0,,,,,2.112e-2,,,1.653e-8,,,,,,,,,,1.751e-18,
628.6,3.422e+0,1.402e-20,1.265e-19,1.245e-43,1.819e-18,,,1.520e-18,7.263e-21,,1.026e-15,1.162e-17,5.495e-14,9.150e-18,3.522e-18,2.400e-21,7.569e-20,5.330e-12,,1.163e-17,1.822e-18,1.146e-19,6.722e-6,,2.815e-25,3.983e-19,,,2.034e-21,6.182e-17,1.019e-1,1.057e-28,2.090e-19,2.179e-22,1.529e-18,6.503e-17,5.828e-1,4.107e-5,1.441e-3,5.821e-2,2.652e+0,,,,,2.580e-2,,,1.117e-8,,,,,,,,,,1.748e-18,
628.62,3.272e+0,1.402e-20,9.476e-20,1.243e-43,1.822e-18,,,1.520e-18,7.265e-21,,1.025e-15,1.134e-17,6.395e-14,9.149e-18,3.649e-18,3.152e-21,7.571e-20,6.536e-12,,1.165e-17,1.823e-18,1.247e-19,5.254e-6,,2.816e-25,3.982e-19,,,2.031e-21,6.184e-17,1.077e-1,1.057e-28,2.090e-19,2.180e-22,1.526e-18,6.505e-17,6.134e-1,3.256e-5,1.651e-3,5.075e-2,2.469e+0,,,,,2.941e-2,,,8.580e-9,,,,,,,,,,1.746e-18,
628.65,3.067e+0,1.402e-20,6.117e-20,1.241e-43,1.827e-18,,,1.520e-18,7.266e-21,,1.025e-15,1.092e-17,7.999e-14,9.149e-18,3.838e-18,4.726e-21,7.575e-20,8.842e-12,,1.167e-17,1.823e-18,1.412e-19,3.618e-6,,2.817e-25,3.980e-19,,,2.027e-21,6.186e-17,1.165e-1,1.057e-28,2.090e-19,2.183e-22,1.521e-18,6.508e-17,6.605e-1,2.290e-5,2.017e-3,4.117e-2,2.211e+0,,,,,3.567e-2,,,5.756e-9,,,,,,,,,,1.743e-18,
628.67,2.943e+0,1.403e-20,4.558e-20,1.239e-43,1.830e-18,,,1.520e-18,7.268e-21,,1.024e-15,1.064e-17,9.264e-14,9.149e-18,3.965e-18,6.177e-21,7.578e-20,1.079e-11,,1.169e-17,1.823e-18,1.530e-19,2.815e-6,,2.817e-25,3.979e-19,,,2.024e-21,6.188e-17,1.226e-1,1.057e-28,2.091e-19,2.185e-22,1.518e-18,6.510e-17,6.928e-1,1.807e-5,2.299e-3,3.572e-2,2.049e+0,,,,,4.047e-2,,,4.400e-9,,,,,,,,,,1.741e-18,
628.7,2.777e+0,1.403e-20,2.921e-20,1.236e-43,1.835e-18,,,1.520e-18,7.269e-21,,1.024e-15,1.023e-17,1.150e-13,9.149e-18,4.155e-18,9.196e-21,7.582e-20,1.449e-11,,1.172e-17,1.824e-18,1.719e-19,1.925e-6,,2.818e-25,3.978e-19,,,2.020e-21,6.190e-17,1.317e-1,1.057e-28,2.091e-19,2.187e-22,1.514e-18,6.512e-17,7.423e-1,1.261e-5,2.789e-3,2.876e-2,1.823e+0,,,,,4.873e-2,,,2.930e-9,,,,,,,,,,1.738e-18,
628.72,2.679e+0,1.403e-20,2.166e-20,1.234e-43,1.839e-18,,,1.520e-18,7.271e-21,,1.024e-15,9.947e-18,1.326e-13,9.149e-18,4.281e-18,1.196e-20,7.585e-20,1.760e-11,,1.173e-17,1.824e-18,1.853e-19,1.490e-6,,2.819e-25,3.977e-19,,,2.017e-21,6.192e-17,1.378e-1,1.057e-28,2.091e-19,2.189e-22,1.511e-18,6.514e-17,7.759e-1,9.903e-6,3.164e-3,2.483e-2,1.682e+0,,,,,5.502e-2,,,2.229e-9,,,,,,,,,,1.736e-18,
628.75,2.550e+0,1.403e-20,1.378e-20,1.232e-43,1.843e-18,,,1.520e-18,7.272e-21,,1.023e-15,9.530e-18,1.635e-13,9.149e-18,4.471e-18,1.768e-20,7.589e-20,2.347e-11,,1.176e-17,1.825e-18,2.068e-19,1.012e-6,,2.820e-25,3.975e-19,,,2.012e-21,6.195e-17,1.470e-1,1.057e-28,2.091e-19,2.191e-22,1.506e-18,6.517e-17,8.271e-1,6.864e-6,3.810e-3,1.985e-2,1.487e+0,,,,,6.578e-2,,,1.474e-9,,,,,,,,,,1.734e-18,
628.77,2.477e+0,1.404e-20,1.017e-20,1.230e-43,1.847e-18,,,1.520e-18,7.274e-21,,1.023e-15,9.253e-18,1.875e-13,9.148e-18,4.597e-18,2.289e-20,7.591e-20,2.836e-11,,1.178e-17,1.825e-18,2.218e-19,7.795e-7,,2.821e-25,3.974e-19,,,2.010e-21,6.197e-17,1.531e-1,1.057e-28,2.091e-19,2.193e-22,1.503e-18,6.519e-17,8.615e-1,5.363e-6,4.302e-3,1.706e-2,1.367e+0,,,,,7.392e-2,,,1.116e-9,,,,,,,,,,1.732e-18,
628.8,2.384e+0,1.404e-20,6.421e-21,1.227e-43,1.852e-18,,,1.520e-18,7.275e-21,,1.023e-15,8.836e-18,2.295e-13,9.148e-18,4.787e-18,3.359e-20,7.595e-20,3.755e-11,,1.180e-17,1.826e-18,2.457e-19,5.254e-7,,2.822e-25,3.972e-19,,,2.005e-21,6.199e-17,1.621e-1,1.057e-28,2.091e-19,2.195e-22,1.499e-18,6.521e-17,9.135e-1,3.690e-6,5.144e-3,1.353e-2,1.202e+0,,,,,8.774e-2,,,7.323e-10,,,,,,,,,,1.729e-18,
628.82,2.334e+0,1.404e-20,4.715e-21,1.226e-43,1.855e-18,,,1.520e-18,7.276e-21,,1.022e-15,8.558e-18,2.620e-13,9.148e-18,4.914e-18,4.327e-20,7.598e-20,4.517e-11,,1.182e-17,1.826e-18,2.624e-19,4.029e-7,,2.823e-25,3.971e-19,,,2.002e-21,6.201e-17,1.680e-1,1.057e-28,2.092e-19,2.197e-22,1.496e-18,6.523e-17,9.482e-1,2.869e-6,5.780e-3,1.157e-2,1.102e+0,,,,,9.812e-2,,,5.517e-10,,,,,,,,,,1.727e-18,
628.85,2.274e+0,1.405e-20,2.956e-21,1.223e-43,1.860e-18,,,1.519e-18,7.278e-21,,1.022e-15,8.141e-18,3.184e-13,9.148e-18,5.103e-18,6.305e-20,7.602e-20,5.937e-11,,1.184e-17,1.827e-18,2.885e-19,2.697e-7,,2.824e-25,3.970e-19,,,1.998e-21,6.204e-17,1.766e-1,1.058e-28,2.092e-19,2.199e-22,1.492e-18,6.526e-17,1.000e+0,1.959e-6,6.860e-3,9.117e-3,9.658e-1,,,,,1.156e-1,,,3.594e-10,,,,,,,,,,1.724e-18,
628.87,2.245e+0,1.405e-20,2.160e-21,1.221e-43,1.863e-18,,,1.519e-18,7.279e-21,,1.022e-15,7.863e-18,3.617e-13,9.148e-18,5.230e-18,8.083e-20,7.605e-20,7.107e-11,,1.186e-17,1.827e-18,3.066e-19,2.058e-7,,2.825e-25,3.969e-19,,,1.995e-21,6.205e-17,1.821e-1,1.058e-28,2.092e-19,2.201e-22,1.489e-18,6.528e-17,1.034e+0,1.516e-6,7.672e-3,7.758e-3,8.838e-1,,,,,1.287e-1,,,2.694e-10,,,,,,,,,,1.722e-18,
628.89,2.223e+0,1.405e-20,1.575e-21,1.219e-43,1.866e-18,,,1.519e-18,7.281e-21,,1.021e-15,7.585e-18,4.101e-13,9.148e-18,5.356e-18,1.034e-19,7.607e-20,8.490e-11,,1.188e-17,1.827e-18,3.252e-19,1.568e-7,,2.826e-25,3.968e-19,,,1.993e-21,6.207e-17,1.875e-1,1.058e-28,2.092e-19,2.203e-22,1.486e-18,6.529e-17,1.068e+0,1.171e-6,8.563e-3,6.589e-3,8.088e-1,,,,,1.429e-1,,,2.016e-10,,,,,,,,,,1.720e-18,
628.92,2.204e+0,1.405e-20,9.773e-22,1.217e-43,1.871e-18,,,1.519e-18,7.282e-21,,1.021e-15,7.168e-18,4.934e-13,9.147e-18,5.546e-18,1.492e-19,7.611e-20,1.105e-10,,1.190e-17,1.828e-18,3.539e-19,1.039e-7,,2.827e-25,3.966e-19,,,1.988e-21,6.210e-17,1.951e-1,1.058e-28,2.092e-19,2.205e-22,1.481e-18,6.532e-17,1.118e+0,7.914e-7,1.006e-2,5.138e-3,7.086e-1,,,,,1.667e-1,,,1.300e-10,,,,,,,,,,1.717e-18,
628.94,2.200e+0,1.406e-20,7.092e-22,1.215e-43,1.874e-18,,,1.519e-18,7.284e-21,,1.021e-15,6.890e-18,5.568e-13,9.147e-18,5.673e-18,1.900e-19,7.614e-20,1.314e-10,,1.192e-17,1.828e-18,3.736e-19,7.876e-8,,2.827e-25,3.965e-19,,,1.985e-21,6.211e-17,1.999e-1,1.058e-28,2.092e-19,2.207e-22,1.478e-18,6.534e-17,1.151e+0,6.081e-7,1.118e-2,4.342e-3,6.498e-1,,,,,1.843e-1,,,9.680e-11,,,,,,,,,,1.715e-18,
628.97,2.207e+0,1.406e-20,4.369e-22,1.212e-43,1.879e-18,,,1.519e-18,7.285e-21,,1.020e-15,6.473e-18,6.650e-13,9.147e-18,5.862e-18,2.721e-19,7.618e-20,1.697e-10,,1.195e-17,1.829e-18,4.037e-19,5.181e-8,,2.829e-25,3.963e-19,,,1.981e-21,6.214e-17,2.065e-1,1.058e-28,2.093e-19,2.209e-22,1.474e-18,6.537e-17,1.198e+0,4.081e-7,1.304e-2,3.361e-3,5.727e-1,,,,,2.135e-1,,,6.197e-11,,,,,,,,,,1.712e-18,
628.99,2.219e+0,1.406e-20,3.155e-22,1.211e-43,1.883e-18,,,1.519e-18,7.287e-21,,1.020e-15,6.195e-18,7.467e-13,9.147e-18,5.989e-18,3.449e-19,7.621e-20,2.008e-10,,1.196e-17,1.829e-18,4.241e-19,3.909e-8,,2.829e-25,3.962e-19,,,1.978e-21,6.216e-17,2.106e-1,1.058e-28,2.093e-19,2.211e-22,1.471e-18,6.538e-17,1.228e+0,3.121e-7,1.441e-2,2.827e-3,5.286e-1,,,,,2.348e-1,,,4.591e-11,,,,,,,,,,1.710e-18,
629.02,2.249e+0,1.407e-20,1.929e-22,1.208e-43,1.888e-18,,,1.519e-18,7.288e-21,,1.019e-15,5.778e-18,8.854e-13,9.147e-18,6.179e-18,4.904e-19,7.625e-20,2.575e-10,,1.199e-17,1.830e-18,4.549e-19,2.553e-8,,2.830e-25,3.961e-19,,,1.974e-21,6.218e-17,2.160e-1,1.058e-28,2.093e-19,2.213e-22,1.466e-18,6.541e-17,1.271e+0,2.079e-7,1.669e-2,2.172e-3,4.726e-1,,,,,2.700e-1,,,2.918e-11,,,,,,,,,,1.707e-18,
629.04,2.275e+0,1.407e-20,1.386e-22,1.206e-43,1.891e-18,,,1.519e-18,7.290e-21,,1.019e-15,5.500e-18,9.896e-13,9.147e-18,6.305e-18,6.185e-19,7.627e-20,3.033e-10,,1.201e-17,1.830e-18,4.756e-19,1.917e-8,,2.831e-25,3.960e-19,,,1.971e-21,6.220e-17,2.191e-1,1.058e-28,2.093e-19,2.215e-22,1.463e-18,6.543e-17,1.298e+0,1.582e-7,1.836e-2,1.818e-3,4.418e-1,,,,,2.956e-1,,,2.151e-11,,,,,,,,,,1.705e-18,
629.07,2.324e+0,1.407e-20,8.416e-23,1.204e-43,1.896e-18,,,1.519e-18,7.291e-21,,1.019e-15,5.083e-18,1.165e-12,9.147e-18,6.495e-18,8.731e-19,7.631e-20,3.862e-10,,1.203e-17,1.831e-18,5.065e-19,1.243e-8,,2.832e-25,3.958e-19,,,1.967e-21,6.223e-17,2.231e-1,1.058e-28,2.093e-19,2.218e-22,1.459e-18,6.546e-17,1.336e+0,1.047e-7,2.111e-2,1.387e-3,4.049e-1,,,,,3.374e-1,,,1.357e-11,,,,,,,,,,1.702e-18,
629.09,2.363e+0,1.407e-20,6.019e-23,1.202e-43,1.899e-18,,,1.519e-18,7.293e-21,,1.018e-15,4.805e-18,1.296e-12,9.146e-18,6.621e-18,1.096e-18,7.634e-20,4.526e-10,,1.205e-17,1.831e-18,5.269e-19,9.291e-9,,2.833e-25,3.957e-19,,,1.964e-21,6.224e-17,2.253e-1,1.058e-28,2.094e-19,2.219e-22,1.456e-18,6.547e-17,1.360e+0,7.925e-8,2.311e-2,1.155e-3,3.863e-1,,,,,3.677e-1,,,9.958e-12,,,,,,,,,,1.700e-18,
629.12,2.430e+0,1.408e-20,3.627e-23,1.199e-43,1.904e-18,,,1.519e-18,7.294e-21,,1.018e-15,4.388e-18,1.514e-12,9.146e-18,6.811e-18,1.536e-18,7.638e-20,5.721e-10,,1.207e-17,1.832e-18,5.572e-19,5.981e-9,,2.834e-25,3.955e-19,,,1.960e-21,6.227e-17,2.278e-1,1.058e-28,2.094e-19,2.222e-22,1.452e-18,6.550e-17,1.391e+0,5.203e-8,2.638e-2,8.750e-4,3.670e-1,,,,,4.166e-1,,,6.236e-12,,,,,,,,,,1.697e-18,
629.14,2.480e+0,1.408e-20,2.581e-23,1.197e-43,1.907e-18,,,1.519e-18,7.296e-21,,1.018e-15,4.110e-18,1.676e-12,9.146e-18,6.938e-18,1.919e-18,7.641e-20,6.673e-10,,1.209e-17,1.832e-18,5.769e-19,4.448e-9,,2.835e-25,3.954e-19,,,1.957e-21,6.229e-17,2.289e-1,1.058e-28,2.094e-19,2.223e-22,1.449e-18,6.552e-17,1.410e+0,3.921e-8,2.874e-2,7.253e-4,3.597e-1,,,,,4.518e-1,,,4.553e-12,,,,,,,,,,1.695e-18,
629.17,2.562e+0,1.408e-20,1.544e-23,1.195e-43,1.912e-18,,,1.519e-18,7.297e-21,,1.017e-15,3.694e-18,1.945e-12,9.146e-18,7.127e-18,2.670e-18,7.645e-20,8.375e-10,,1.212e-17,1.833e-18,6.056e-19,2.843e-9,,2.836e-25,3.953e-19,,,1.953e-21,6.231e-17,2.297e-1,1.058e-28,2.094e-19,2.226e-22,1.444e-18,6.555e-17,1.434e+0,2.556e-8,3.257e-2,5.453e-4,3.568e-1,,,,,5.083e-1,,,2.831e-12,,,,,,,,,,1.693e-18,
629.19,2.622e+0,1.408e-20,1.093e-23,1.193e-43,1.915e-18,,,1.519e-18,7.299e-21,,1.017e-15,3.416e-18,2.142e-12,9.146e-18,7.254e-18,3.320e-18,7.647e-20,9.722e-10,,1.213e-17,1.833e-18,6.240e-19,2.105e-9,,2.837e-25,3.952e-19,,,1.950e-21,6.233e-17,2.297e-1,1.058e-28,2.094e-19,2.227e-22,1.441e-18,6.556e-17,1.448e+0,1.917e-8,3.532e-2,4.498e-4,3.602e-1,,,,,5.485e-1,,,2.057e-12,,,,,,,,,,1.691e-18,
629.22,2.718e+0,1.409e-20,6.493e-24,1.190e-43,1.920e-18,,,1.519e-18,7.300e-21,,1.017e-15,2.999e-18,2.468e-12,9.146e-18,7.444e-18,4.587e-18,7.651e-20,1.211e-9,,1.216e-17,1.834e-18,6.502e-19,1.335e-9,,2.838e-25,3.950e-19,,,1.946e-21,6.236e-17,2.289e-1,1.058e-28,2.094e-19,2.230e-22,1.437e-18,6.559e-17,1.464e+0,1.240e-8,3.973e-2,3.357e-4,3.730e-1,,,,,6.127e-1,,,1.269e-12,,,,,,,,,,1.688e-18,
629.24,2.787e+0,1.409e-20,4.576e-24,1.189e-43,1.924e-18,,,1.519e-18,7.302e-21,,1.016e-15,2.721e-18,2.705e-12,9.145e-18,7.570e-18,5.675e-18,7.654e-20,1.399e-9,,1.218e-17,1.834e-18,6.668e-19,9.838e-10,,2.839e-25,3.949e-19,,,1.943e-21,6.237e-17,2.278e-1,1.058e-28,2.095e-19,2.232e-22,1.434e-18,6.561e-17,1.471e+0,9.254e-9,4.288e-2,2.756e-4,3.867e-1,,,,,6.580e-1,,,9.178e-13,,,,,,,,,,1.686e-18,
629.26,2.859e+0,1.409e-20,3.218e-24,1.187e-43,1.927e-18,,,1.519e-18,7.303e-21,,1.016e-15,2.443e-18,2.960e-12,9.145e-18,7.697e-18,7.009e-18,7.657e-20,1.613e-9,,1.219e-17,1.834e-18,6.824e-19,7.233e-10,,2.839e-25,3.948e-19,,,1.940e-21,6.239e-17,2.262e-1,1.058e-28,2.095e-19,2.233e-22,1.431e-18,6.563e-17,1.477e+0,6.893e-9,4.618e-2,2.258e-4,4.045e-1,,,,,7.053e-1,,,6.624e-13,,,,,,,,,,1.684e-18,
629.29,2.974e+0,1.410e-20,1.892e-24,1.184e-43,1.932e-18,,,1.518e-18,7.305e-21,,1.016e-15,2.026e-18,3.376e-12,9.145e-18,7.886e-18,9.586e-18,7.661e-20,1.990e-9,,1.222e-17,1.835e-18,7.040e-19,4.543e-10,,2.841e-25,3.946e-19,,,1.936e-21,6.242e-17,2.231e-1,1.058e-28,2.095e-19,2.236e-22,1.427e-18,6.565e-17,1.480e+0,4.414e-9,5.143e-2,1.668e-4,4.388e-1,,,,,7.798e-1,,,4.046e-13,,,,,,,,,,1.681e-18,
629.31,3.054e+0,1.410e-20,1.324e-24,1.182e-43,1.935e-18,,,1.518e-18,7.306e-21,,1.015e-15,1.748e-18,3.676e-12,9.145e-18,8.013e-18,1.178e-17,7.663e-20,2.284e-9,,1.224e-17,1.835e-18,7.170e-19,3.324e-10,,2.841e-25,3.945e-19,,,1.933e-21,6.243e-17,2.206e-1,1.058e-28,2.095e-19,2.237e-22,1.424e-18,6.567e-17,1.480e+0,3.272e-9,5.513e-2,1.360e-4,4.668e-1,,,,,8.319e-1,,,2.906e-13,,,,,,,,,,1.679e-18,
629.34,3.181e+0,1.410e-20,7.725e-25,1.180e-43,1.940e-18,,,1.518e-18,7.308e-21,,1.015e-15,1.331e-18,4.162e-12,9.145e-18,8.203e-18,1.600e-17,7.667e-20,2.797e-9,,1.226e-17,1.836e-18,7.344e-19,2.073e-10,,2.842e-25,3.944e-19,,,1.929e-21,6.246e-17,2.160e-1,1.058e-28,2.095e-19,2.240e-22,1.419e-18,6.570e-17,1.474e+0,2.080e-9,6.095e-2,9.973e-5,5.166e-1,,,,,9.132e-1,,,1.762e-13,,,,,,,,,,1.676e-18,
629.36,3.269e+0,1.410e-20,5.381e-25,1.178e-43,1.943e-18,,,1.518e-18,7.309e-21,,1.015e-15,1.053e-18,4.510e-12,9.145e-18,8.329e-18,1.957e-17,7.670e-20,3.194e-9,,1.228e-17,1.836e-18,7.444e-19,1.510e-10,,2.843e-25,3.943e-19,,,1.926e-21,6.248e-17,2.124e-1,1.058e-28,2.095e-19,2.241e-22,1.416e-18,6.572e-17,1.467e+0,1.534e-9,6.502e-2,8.092e-5,5.550e-1,,,,,9.694e-1,,,1.259e-13,,,,,,,,,,1.674e-18,
629.39,3.407e+0,1.411e-20,3.117e-25,1.175e-43,1.948e-18,,,1.518e-18,7.311e-21,,1.014e-15,6.361e-19,5.069e-12,9.144e-18,8.519e-18,2.638e-17,7.674e-20,3.883e-9,,1.230e-17,1.837e-18,7.569e-19,9.348e-11,,2.844e-25,3.941e-19,,,1.922e-21,6.250e-17,2.065e-1,1.059e-28,2.096e-19,2.244e-22,1.412e-18,6.574e-17,1.452e+0,9.683e-10,7.138e-2,5.892e-5,6.205e-1,,,,,1.057e+0,,,7.580e-14,,,,,,,,,,1.671e-18,
629.41,3.503e+0,1.411e-20,2.160e-25,1.174e-43,1.951e-18,,,1.518e-18,7.312e-21,,1.014e-15,3.582e-19,5.467e-12,9.144e-18,8.645e-18,3.211e-17,7.677e-20,4.413e-9,,1.232e-17,1.837e-18,7.635e-19,6.774e-11,,2.845e-25,3.940e-19,,,1.919e-21,6.252e-17,2.022e-1,1.059e-28,2.096e-19,2.246e-22,1.409e-18,6.576e-17,1.439e+0,7.107e-10,7.577e-2,4.757e-5,6.696e-1,,,,,1.116e+0,,,5.390e-14,,,,,,,,,,1.669e-18,
629.44,3.652e+0,1.411e-20,1.242e-25,1.171e-43,1.956e-18,,,1.518e-18,7.314e-21,,1.013e-15,6.478e-19,6.101e-12,9.144e-18,8.835e-18,4.298e-17,7.681e-20,5.327e-9,,1.235e-17,1.838e-18,7.707e-19,4.164e-11,,2.846e-25,3.938e-19,,,1.914e-21,6.255e-17,1.951e-1,1.059e-28,2.096e-19,2.248e-22,1.404e-18,6.579e-17,1.416e+0,4.453e-10,8.258e-2,3.438e-5,7.514e-1,,,,,1.208e+0,,,3.221e-14,,,,,,,,,,1.666e-18,
629.46,3.756e+0,1.411e-20,8.567e-26,1.169e-43,1.959e-18,,,1.518e-18,7.315e-21,,1.013e-15,9.594e-19,6.548e-12,9.144e-18,8.962e-18,5.208e-17,7.683e-20,6.025e-9,,1.236e-17,1.838e-18,7.737e-19,3.003e-11,,2.847e-25,3.937e-19,,,1.912e-21,6.257e-17,1.901e-1,1.059e-28,2.096e-19,2.250e-22,1.401e-18,6.581e-17,1.397e+0,3.252e-10,8.724e-2,2.762e-5,8.115e-1,,,,,1.270e+0,,,2.280e-14,,,,,,,,,,1.664e-18,
629.49,3.916e+0,1.412e-20,4.890e-26,1.167e-43,1.964e-18,,,1.518e-18,7.317e-21,,1.013e-15,1.723e-18,7.254e-12,9.144e-18,9.151e-18,6.920e-17,7.687e-20,7.221e-9,,1.239e-17,1.839e-18,7.753e-19,1.833e-11,,2.848e-25,3.936e-19,,,1.907e-21,6.259e-17,1.821e-1,1.059e-28,2.096e-19,2.252e-22,1.397e-18,6.583e-17,1.365e+0,2.023e-10,9.440e-2,1.982e-5,9.101e-1,,,,,1.364e+0,,,1.352e-14,,,,,,,,,,1.661e-18,
629.51,4.026e+0,1.412e-20,3.356e-26,1.165e-43,1.968e-18,,,1.518e-18,7.318e-21,,1.012e-15,2.539e-18,7.748e-12,9.144e-18,9.278e-18,8.343e-17,7.690e-20,8.128e-9,,1.241e-17,1.839e-18,7.746e-19,1.315e-11,,2.849e-25,3.935e-19,,,1.904e-21,6.261e-17,1.766e-1,1.059e-28,2.096e-19,2.254e-22,1.394e-18,6.585e-17,1.341e+0,1.470e-10,9.925e-2,1.585e-5,9.815e-1,,,,,1.427e+0,,,9.523e-15,,,,,,,,,,1.659e-18,
629.54,4.196e+0,1.412e-20,1.902e-26,1.162e-43,1.973e-18,,,1.518e-18,7.320e-21,,1.012e-15,4.528e-18,8.523e-12,9.144e-18,9.468e-18,1.101e-16,7.694e-20,9.671e-9,,1.243e-17,1.839e-18,7.707e-19,7.969e-12,,2.850e-25,3.933e-19,,,1.900e-21,6.263e-17,1.680e-1,1.059e-28,2.097e-19,2.256e-22,1.390e-18,6.588e-17,1.302e+0,9.079e-11,1.066e-1,1.129e-5,1.097e+0,,,,,1.522e+0,,,5.608e-15,,,,,,,,,,1.656e-18,
629.56,4.313e+0,1.413e-20,1.299e-26,1.160e-43,1.976e-18,,,1.518e-18,7.321e-21,,1.012e-15,6.642e-18,9.059e-12,9.143e-18,9.594e-18,1.321e-16,7.697e-20,1.083e-8,,1.245e-17,1.840e-18,7.662e-19,5.692e-12,,2.851e-25,3.932e-19,,,1.897e-21,6.265e-17,1.621e-1,1.059e-28,2.097e-19,2.258e-22,1.387e-18,6.590e-17,1.274e+0,6.567e-11,1.116e-1,8.984e-6,1.180e+0,,,,,1.585e+0,,,3.930e-15,,,,,,,,,,1.654e-18,
629.59,4.492e+0,1.413e-20,7.306e-27,1.158e-43,1.981e-18,,,1.518e-18,7.323e-21,,1.011e-15,1.176e-17,9.893e-12,9.143e-18,9.784e-18,1.730e-16,7.701e-20,1.280e-8,,1.247e-17,1.840e-18,7.569e-19,3.423e-12,,2.852e-25,3.931e-19,,,1.893e-21,6.268e-17,1.531e-1,1.059e-28,2.097e-19,2.260e-22,1.382e-18,6.592e-17,1.228e+0,4.025e-11,1.190e-1,6.353e-6,1.313e+0,,,,,1.678e+0,,,2.298e-15,,,,,,,,,,1.652e-18,
629.61,4.614e+0,1.413e-20,4.966e-27,1.156e-43,1.984e-18,,,1.518e-18,7.324e-21,,1.011e-15,1.717e-17,1.047e-11,9.143e-18,9.910e-18,2.066e-16,7.703e-20,1.427e-8,,1.249e-17,1.841e-18,7.489e-19,2.433e-12,,2.853e-25,3.930e-19,,,1.890e-21,6.270e-17,1.470e-1,1.059e-28,2.097e-19,2.262e-22,1.379e-18,6.594e-17,1.196e+0,2.897e-11,1.239e-1,5.030e-6,1.408e+0,,,,,1.739e+0,,,1.602e-15,,,,,,,,,,1.650e-18,
629.63,4.738e+0,1.413e-20,3.369e-27,1.154e-43,1.987e-18,,,1.518e-18,7.325e-21,,1.011e-15,2.501e-17,1.105e-11,9.143e-18,1.004e-17,2.463e-16,7.706e-20,1.587e-8,,1.251e-17,1.841e-18,7.395e-19,1.726e-12,,2.853e-25,3.928e-19,,,1.887e-21,6.271e-17,1.409e-1,1.059e-28,2.097e-19,2.264e-22,1.376e-18,6.596e-17,1.163e+0,2.081e-11,1.288e-1,3.975e-6,1.506e+0,,,,,1.799e+0,,,1.115e-15,,,,,,,,,,1.648e-18,
629.66,4.927e+0,1.414e-20,1.876e-27,1.152e-43,1.992e-18,,,1.518e-18,7.327e-21,,1.010e-15,4.384e-17,1.194e-11,9.143e-18,1.023e-17,3.193e-16,7.710e-20,1.856e-8,,1.253e-17,1.842e-18,7.231e-19,1.028e-12,,2.854e-25,3.927e-19,,,1.883e-21,6.274e-17,1.317e-1,1.059e-28,2.097e-19,2.266e-22,1.372e-18,6.598e-17,1.111e+0,1.263e-11,1.359e-1,2.783e-6,1.663e+0,,,,,1.885e+0,,,6.453e-16,,,,,,,,,,1.645e-18,
629.68,5.055e+0,1.414e-20,1.266e-27,1.150e-43,1.995e-18,,,1.518e-18,7.328e-21,,1.010e-15,6.358e-17,1.255e-11,9.143e-18,1.035e-17,3.788e-16,7.713e-20,2.055e-8,,1.255e-17,1.842e-18,7.106e-19,7.257e-13,,2.855e-25,3.926e-19,,,1.880e-21,6.276e-17,1.256e-1,1.059e-28,2.098e-19,2.268e-22,1.369e-18,6.600e-17,1.075e+0,9.027e-12,1.406e-1,2.189e-6,1.773e+0,,,,,1.941e+0,,,4.470e-16,,,,,,,,,,1.643e-18,
629.71,5.249e+0,1.414e-20,6.998e-28,1.147e-43,2.000e-18,,,1.517e-18,7.330e-21,,1.010e-15,1.106e-16,1.347e-11,9.142e-18,1.054e-17,4.877e-16,7.717e-20,2.386e-8,,1.258e-17,1.843e-18,6.899e-19,4.289e-13,,2.856e-25,3.924e-19,,,1.876e-21,6.278e-17,1.165e-1,1.059e-28,2.098e-19,2.270e-22,1.364e-18,6.603e-17,1.020e+0,5.437e-12,1.474e-1,1.521e-6,1.945e+0,,,,,2.019e+0,,,2.567e-16,,,,,,,,,,1.640e-18,
629.73,5.379e+0,1.415e-20,4.701e-28,1.145e-43,2.004e-18,,,1.517e-18,7.331e-21,,1.009e-15,1.597e-16,1.409e-11,9.142e-18,1.067e-17,5.757e-16,7.719e-20,2.630e-8,,1.259e-17,1.843e-18,6.747e-19,3.014e-13,,2.857e-25,3.923e-19,,,1.873e-21,6.280e-17,1.106e-1,1.059e-28,2.098e-19,2.272e-22,1.361e-18,6.605e-17,9.829e-1,3.868e-12,1.517e-1,1.190e-6,2.065e+0,,,,,2.069e+0,,,1.770e-16,,,,,,,,,,1.638e-18,
629.76,5.575e+0,1.415e-20,2.579e-28,1.143e-43,2.008e-18,,,1.517e-18,7.333e-21,,1.009e-15,2.759e-16,1.501e-11,9.142e-18,1.086e-17,7.359e-16,7.723e-20,3.031e-8,,1.262e-17,1.843e-18,6.502e-19,1.769e-13,,2.858e-25,3.922e-19,,,1.869e-21,6.283e-17,1.019e-1,1.059e-28,2.098e-19,2.274e-22,1.357e-18,6.607e-17,9.263e-1,2.312e-12,1.578e-1,8.211e-7,2.252e+0,,,,,2.137e+0,,,1.009e-16,,,,,,,,,,1.635e-18,
629.78,5.705e+0,1.415e-20,2.569e-28,1.141e-43,2.012e-18,,,1.517e-18,7.334e-21,,1.009e-15,3.963e-16,1.562e-11,9.142e-18,1.099e-17,8.646e-16,7.726e-20,3.325e-8,,1.264e-17,1.844e-18,6.329e-19,1.237e-13,,2.859e-25,3.921e-19,,,1.866e-21,6.284e-17,9.627e-2,1.059e-28,2.098e-19,2.276e-22,1.354e-18,6.609e-17,8.884e-1,1.637e-12,1.617e-1,6.395e-7,2.380e+0,,,,,2.179e+0,,,6.922e-17,,,,,,,,,,1.633e-18,
629.81,5.900e+0,1.415e-20,2.555e-28,1.138e-43,2.017e-18,,,1.517e-18,7.336e-21,,1.008e-15,6.799e-16,1.652e-11,9.142e-18,1.118e-17,1.097e-15,7.730e-20,3.805e-8,,1.266e-17,1.844e-18,6.056e-19,7.204e-14,,2.860e-25,3.919e-19,,,1.862e-21,6.287e-17,8.806e-2,1.059e-28,2.099e-19,2.278e-22,1.350e-18,6.612e-17,8.315e-1,9.716e-13,1.670e-1,4.379e-7,2.579e+0,,,,,2.235e+0,,,3.918e-17,,,,,,,,,,1.630e-18,
629.83,6.029e+0,1.416e-20,2.545e-28,1.137e-43,2.020e-18,,,1.517e-18,7.337e-21,,1.008e-15,9.720e-16,1.711e-11,9.142e-18,1.130e-17,1.283e-15,7.733e-20,4.153e-8,,1.268e-17,1.845e-18,5.866e-19,5.013e-14,,2.861e-25,3.918e-19,,,1.859e-21,6.289e-17,8.278e-2,1.059e-28,2.099e-19,2.280e-22,1.347e-18,6.614e-17,7.938e-1,6.845e-13,1.703e-1,3.394e-7,2.715e+0,,,,,2.267e+0,,,2.674e-17,,,,,,,,,,1.628e-18,
629.86,6.218e+0,1.416e-20,2.530e-28,1.134e-43,2.025e-18,,,1.517e-18,7.339e-21,,1.007e-15,1.656e-15,1.797e-11,9.141e-18,1.149e-17,1.616e-15,7.737e-20,4.718e-8,,1.270e-17,1.845e-18,5.572e-19,2.899e-14,,2.862e-25,3.916e-19,,,1.855e-21,6.291e-17,7.517e-2,1.059e-28,2.099e-19,2.283e-22,1.342e-18,6.616e-17,7.379e-1,4.033e-13,1.746e-1,2.308e-7,2.922e+0,,,,,2.308e+0,,,1.503e-17,,,,,,,,,,1.625e-18,
629.88,6.342e+0,1.416e-20,2.520e-28,1.132e-43,2.028e-18,,,1.517e-18,7.340e-21,,1.007e-15,2.356e-15,1.852e-11,9.141e-18,1.162e-17,1.881e-15,7.739e-20,5.125e-8,,1.272e-17,1.846e-18,5.371e-19,2.008e-14,,2.863e-25,3.915e-19,,,1.852e-21,6.293e-17,7.032e-2,1.060e-28,2.099e-19,2.284e-22,1.339e-18,6.618e-17,7.012e-1,2.828e-13,1.772e-1,1.780e-7,3.063e+0,,,,,2.331e+0,,,1.021e-17,,,,,,,,,,1.623e-18,
629.91,6.523e+0,1.417e-20,2.506e-28,1.130e-43,2.033e-18,,,1.517e-18,7.342e-21,,1.007e-15,3.984e-15,1.932e-11,9.141e-18,1.181e-17,2.353e-15,7.743e-20,5.781e-8,,1.275e-17,1.846e-18,5.065e-19,1.153e-14,,2.864e-25,3.914e-19,,,1.848e-21,6.296e-17,6.340e-2,1.060e-28,2.099e-19,2.287e-22,1.335e-18,6.621e-17,6.473e-1,1.654e-13,1.804e-1,1.201e-7,3.275e+0,,,,,2.356e+0,,,5.694e-18,,,,,,,,,,1.620e-18,
629.93,6.639e+0,1.417e-20,2.496e-28,1.128e-43,2.036e-18,,,1.517e-18,7.343e-21,,1.006e-15,5.641e-15,1.981e-11,9.141e-18,1.193e-17,2.725e-15,7.746e-20,6.250e-8,,1.276e-17,1.847e-18,4.859e-19,7.914e-15,,2.865e-25,3.913e-19,,,1.845e-21,6.297e-17,5.902e-2,1.060e-28,2.099e-19,2.288e-22,1.332e-18,6.623e-17,6.123e-1,1.154e-13,1.822e-1,9.221e-8,3.418e+0,,,,,2.368e+0,,,3.849e-18,,,,,,,,,,1.618e-18,
629.96,6.807e+0,1.417e-20,2.481e-28,1.125e-43,2.041e-18,,,1.517e-18,7.345e-21,,1.006e-15,9.472e-15,2.051e-11,9.141e-18,1.212e-17,3.384e-15,7.750e-20,6.999e-8,,1.279e-17,1.847e-18,4.549e-19,4.511e-15,,2.866e-25,3.911e-19,,,1.841e-21,6.300e-17,5.283e-2,1.060e-28,2.100e-19,2.291e-22,1.327e-18,6.625e-17,5.613e-1,6.700e-14,1.841e-1,6.178e-8,3.632e+0,,,,,2.376e+0,,,2.131e-18,,,,,,,,,,1.615e-18,
629.98,6.913e+0,1.417e-20,2.471e-28,1.123e-43,2.044e-18,,,1.517e-18,7.346e-21,,1.006e-15,1.335e-14,2.094e-11,9.141e-18,1.225e-17,3.900e-15,7.753e-20,7.530e-8,,1.281e-17,1.848e-18,4.343e-19,3.094e-15,,2.866e-25,3.910e-19,,,1.838e-21,6.302e-17,4.894e-2,1.060e-28,2.100e-19,2.293e-22,1.324e-18,6.627e-17,5.285e-1,4.651e-14,1.850e-1,4.719e-8,3.774e+0,,,,,2.376e+0,,,1.434e-18,,,,,,,,,,1.613e-18,
630,7.014e+0,1.418e-20,2.461e-28,1.122e-43,2.048e-18,,,1.517e-18,7.347e-21,,1.005e-15,1.878e-14,2.133e-11,9.141e-18,1.238e-17,4.486e-15,7.755e-20,8.085e-8,,1.282e-17,1.848e-18,4.138e-19,2.087e-15,,2.867e-25,3.909e-19,,,1.835e-21,6.303e-17,4.526e-2,1.060e-28,2.100e-19,2.294e-22,1.321e-18,6.629e-17,4.967e-1,3.223e-14,1.856e-1,3.598e-8,3.915e+0,,,,,2.372e+0,,,9.624e-19,,,,,,,,,,1.612e-18,
630.03,7.155e+0,1.418e-20,2.447e-28,1.119e-43,2.053e-18,,,1.517e-18,7.349e-21,,1.005e-15,3.122e-14,2.186e-11,9.140e-18,1.257e-17,5.516e-15,7.759e-20,8.963e-8,,1.285e-17,1.848e-18,3.835e-19,1.178e-15,,2.868e-25,3.907e-19,,,1.831e-21,6.306e-17,4.010e-2,1.060e-28,2.100e-19,2.297e-22,1.317e-18,6.632e-17,4.509e-1,1.852e-14,1.857e-1,2.386e-8,4.122e+0,,,,,2.356e+0,,,9.618e-19,,,,,,,,,,1.609e-18,
630.05,7.242e+0,1.418e-20,2.437e-28,1.117e-43,2.056e-18,,,1.517e-18,7.350e-21,,1.005e-15,4.370e-14,2.217e-11,9.140e-18,1.269e-17,6.315e-15,7.762e-20,9.578e-8,,1.287e-17,1.849e-18,3.637e-19,8.030e-16,,2.869e-25,3.906e-19,,,1.828e-21,6.308e-17,3.690e-2,1.060e-28,2.100e-19,2.298e-22,1.314e-18,6.633e-17,4.218e-1,1.277e-14,1.853e-1,1.810e-8,4.257e+0,,,,,2.340e+0,,,9.614e-19,,,,,,,,,,1.607e-18,
630.08,7.359e+0,1.418e-20,2.422e-28,1.115e-43,2.061e-18,,,1.517e-18,7.352e-21,,1.004e-15,7.213e-14,2.255e-11,9.140e-18,1.288e-17,7.708e-15,7.766e-20,1.054e-7,,1.289e-17,1.849e-18,3.346e-19,4.501e-16,,2.870e-25,3.905e-19,,,1.824e-21,6.310e-17,3.246e-2,1.060e-28,2.100e-19,2.301e-22,1.310e-18,6.636e-17,3.803e-1,7.287e-15,1.841e-1,1.192e-8,4.454e+0,,,,,2.308e+0,,,9.608e-19,,,,,,,,,,1.604e-18,
630.1,7.428e+0,1.419e-20,2.413e-28,1.113e-43,2.064e-18,,,1.517e-18,7.353e-21,,1.004e-15,1.005e-13,2.276e-11,9.140e-18,1.301e-17,8.782e-15,7.769e-20,1.121e-7,,1.291e-17,1.850e-18,3.158e-19,3.052e-16,,2.871e-25,3.904e-19,,,1.821e-21,6.312e-17,2.972e-2,1.060e-28,2.101e-19,2.302e-22,1.307e-18,6.638e-17,3.541e-1,5.001e-15,1.829e-1,8.997e-9,4.580e+0,,,,,2.282e+0,,,9.604e-19,,,,,,,,,,1.602e-18,
630.13,7.518e+0,1.419e-20,2.398e-28,1.110e-43,2.069e-18,,,1.517e-18,7.355e-21,,1.003e-15,1.647e-13,2.298e-11,9.140e-18,1.320e-17,1.064e-14,7.773e-20,1.225e-7,,1.293e-17,1.850e-18,2.885e-19,1.698e-16,,2.872e-25,3.902e-19,,,1.816e-21,6.315e-17,2.596e-2,1.060e-28,2.101e-19,2.305e-22,1.302e-18,6.641e-17,3.170e-1,2.832e-15,1.804e-1,5.881e-9,4.760e+0,,,,,2.235e+0,,,9.597e-19,,,,,,,,,,1.599e-18,
630.15,7.568e+0,1.419e-20,2.388e-28,1.108e-43,2.072e-18,,,1.516e-18,7.356e-21,,1.003e-15,2.284e-13,2.308e-11,9.140e-18,1.333e-17,1.207e-14,7.775e-20,1.297e-7,,1.295e-17,1.851e-18,2.709e-19,1.146e-16,,2.873e-25,3.901e-19,,,1.814e-21,6.316e-17,2.366e-2,1.060e-28,2.101e-19,2.307e-22,1.299e-18,6.642e-17,2.938e-1,1.934e-15,1.783e-1,4.418e-9,4.874e+0,,,,,2.198e+0,,,9.593e-19,,,,,,,,,,1.597e-18,
630.18,7.627e+0,1.420e-20,2.373e-28,1.106e-43,2.077e-18,,,1.516e-18,7.358e-21,,1.003e-15,3.716e-13,2.315e-11,9.139e-18,1.352e-17,1.452e-14,7.779e-20,1.407e-7,,1.298e-17,1.851e-18,2.457e-19,6.329e-17,,2.874e-25,3.899e-19,,,1.809e-21,6.319e-17,2.051e-2,1.060e-28,2.101e-19,2.309e-22,1.295e-18,6.645e-17,2.613e-1,1.087e-15,1.746e-1,2.867e-9,5.033e+0,,,,,2.137e+0,,,9.587e-19,,,,,,,,,,1.594e-18,
630.2,7.655e+0,1.420e-20,2.364e-28,1.104e-43,2.080e-18,,,1.516e-18,7.359e-21,,1.002e-15,5.129e-13,2.313e-11,9.139e-18,1.364e-17,1.639e-14,7.782e-20,1.482e-7,,1.299e-17,1.852e-18,2.296e-19,4.250e-17,,2.875e-25,3.898e-19,,,1.806e-21,6.321e-17,1.860e-2,1.060e-28,2.101e-19,2.311e-22,1.292e-18,6.647e-17,2.411e-1,7.389e-16,1.718e-1,2.143e-9,5.131e+0,,,,,2.092e+0,,,9.583e-19,,,,,,,,,,1.592e-18,
630.23,7.680e+0,1.420e-20,2.349e-28,1.101e-43,2.085e-18,,,1.516e-18,7.361e-21,,1.002e-15,8.286e-13,2.303e-11,9.139e-18,1.383e-17,1.957e-14,7.786e-20,1.596e-7,,1.302e-17,1.852e-18,2.068e-19,4.243e-17,,2.876e-25,3.897e-19,,,1.802e-21,6.323e-17,1.601e-2,1.060e-28,2.101e-19,2.313e-22,1.287e-18,6.650e-17,2.130e-1,4.124e-16,1.670e-1,1.381e-9,5.265e+0,,,,,2.019e+0,,,9.577e-19,,,,,,,,,,1.589e-18,
630.25,7.685e+0,1.420e-20,2.339e-28,1.100e-43,2.089e-18,,,1.516e-18,7.362e-21,,1.002e-15,1.138e-12,2.291e-11,9.139e-18,1.396e-17,2.198e-14,7.789e-20,1.673e-7,,1.304e-17,1.853e-18,1.923e-19,4.239e-17,,2.877e-25,3.896e-19,,,1.799e-21,6.325e-17,1.445e-2,1.060e-28,2.102e-19,2.315e-22,1.285e-18,6.651e-17,1.957e-1,2.789e-16,1.635e-1,1.027e-9,5.344e+0,,,,,1.968e+0,,,9.572e-19,,,,,,,,,,1.587e-18,
630.28,7.675e+0,1.421e-20,2.324e-28,1.097e-43,2.093e-18,,,1.516e-18,7.364e-21,,1.001e-15,1.825e-12,2.264e-11,9.139e-18,1.415e-17,2.607e-14,7.793e-20,1.789e-7,,1.306e-17,1.853e-18,1.719e-19,4.233e-17,,2.878e-25,3.894e-19,,,1.795e-21,6.328e-17,1.235e-2,1.060e-28,2.102e-19,2.317e-22,1.280e-18,6.654e-17,1.718e-1,1.545e-16,1.578e-1,6.569e-10,5.448e+0,,,,,1.885e+0,,,9.566e-19,,,,,,,,,,1.584e-18,
630.3,7.656e+0,1.421e-20,2.315e-28,1.095e-43,2.097e-18,,,1.516e-18,7.365e-21,,1.001e-15,2.495e-12,2.241e-11,9.139e-18,1.427e-17,2.914e-14,7.795e-20,1.867e-7,,1.308e-17,1.853e-18,1.591e-19,4.229e-17,,2.878e-25,3.893e-19,,,1.792e-21,6.329e-17,1.109e-2,1.060e-28,2.102e-19,2.319e-22,1.277e-18,6.656e-17,1.572e-1,1.040e-16,1.538e-1,4.864e-10,5.506e+0,,,,,1.828e+0,,,9.562e-19,,,,,,,,,,1.582e-18,
630.33,7.609e+0,1.421e-20,2.300e-28,1.092e-43,2.102e-18,,,1.516e-18,7.367e-21,,1.001e-15,3.974e-12,2.199e-11,9.138e-18,1.446e-17,3.431e-14,7.799e-20,1.982e-7,,1.310e-17,1.854e-18,1.412e-19,4.222e-17,,2.880e-25,3.891e-19,,,1.788e-21,6.332e-17,9.409e-3,1.060e-28,2.102e-19,2.321e-22,1.273e-18,6.659e-17,1.373e-1,5.719e-17,1.474e-1,3.087e-10,5.576e+0,,,,,1.739e+0,,,9.556e-19,,,,,,,,,,1.579e-18,
630.35,7.566e+0,1.421e-20,2.290e-28,1.091e-43,2.105e-18,,,1.516e-18,7.368e-21,,1.000e-15,5.407e-12,2.166e-11,9.138e-18,1.459e-17,3.817e-14,7.802e-20,2.058e-7,,1.312e-17,1.854e-18,1.301e-19,4.218e-17,,2.880e-25,3.890e-19,,,1.785e-21,6.334e-17,8.411e-3,1.060e-28,2.102e-19,2.323e-22,1.270e-18,6.660e-17,1.252e-1,5.713e-17,1.429e-1,2.275e-10,5.611e+0,,,,,1.678e+0,,,9.552e-19,,,,,,,,,,1.577e-18,
630.38,7.483e+0,1.422e-20,2.275e-28,1.088e-43,2.110e-18,,,1.516e-18,7.370e-21,,9.999e-16,8.550e-12,2.110e-11,9.138e-18,1.478e-17,4.462e-14,7.806e-20,2.169e-7,,1.315e-17,1.855e-18,1.146e-19,4.212e-17,,2.881e-25,3.889e-19,,,1.781e-21,6.336e-17,7.083e-3,1.060e-28,2.102e-19,2.325e-22,1.265e-18,6.663e-17,1.089e-1,5.703e-17,1.359e-1,1.434e-10,5.646e+0,,,,,1.585e+0,,,9.545e-19,,,,,,,,,,1.574e-18,
630.4,7.416e+0,1.422e-20,2.266e-28,1.086e-43,2.113e-18,,,1.516e-18,7.371e-21,,9.996e-16,1.158e-11,2.069e-11,9.138e-18,1.491e-17,4.940e-14,7.809e-20,2.241e-7,,1.316e-17,1.855e-18,1.051e-19,4.207e-17,,2.882e-25,3.888e-19,,,1.778e-21,6.338e-17,6.301e-3,1.061e-28,2.103e-19,2.327e-22,1.262e-18,6.665e-17,9.913e-2,5.697e-17,1.312e-1,1.051e-10,5.657e+0,,,,,1.522e+0,,,9.541e-19,,,,,,,,,,1.572e-18,
630.42,7.339e+0,1.422e-20,2.256e-28,1.085e-43,2.116e-18,,,1.516e-18,7.372e-21,,9.993e-16,1.565e-11,2.024e-11,9.138e-18,1.503e-17,5.458e-14,7.811e-20,2.311e-7,,1.318e-17,1.856e-18,9.612e-20,4.203e-17,,2.883e-25,3.887e-19,,,1.775e-21,6.340e-17,5.595e-3,1.061e-28,2.103e-19,2.329e-22,1.259e-18,6.667e-17,9.020e-2,5.690e-17,1.263e-1,7.693e-11,5.658e+0,,,,,1.459e+0,,,9.537e-19,,,,,,,,,,1.571e-18,
630.45,7.207e+0,1.423e-20,2.241e-28,1.082e-43,2.121e-18,,,1.516e-18,7.374e-21,,9.989e-16,2.449e-11,1.952e-11,9.138e-18,1.522e-17,6.317e-14,7.815e-20,2.411e-7,,1.321e-17,1.856e-18,8.383e-20,4.197e-17,,2.884e-25,3.885e-19,,,1.771e-21,6.342e-17,4.664e-3,1.061e-28,2.103e-19,2.331e-22,1.255e-18,6.669e-17,7.830e-2,5.681e-17,1.190e-1,4.799e-11,5.641e+0,,,,,1.364e+0,,,9.531e-19,,,,,,,,,,1.568e-18,
630.47,7.109e+0,1.423e-20,2.231e-28,1.080e-43,2.124e-18,,,1.516e-18,7.375e-21,,9.986e-16,3.294e-11,1.901e-11,9.138e-18,1.535e-17,6.946e-14,7.818e-20,2.475e-7,,1.322e-17,1.857e-18,7.633e-20,4.193e-17,,2.885e-25,3.884e-19,,,1.768e-21,6.344e-17,4.122e-3,1.061e-28,2.103e-19,2.333e-22,1.252e-18,6.671e-17,7.131e-2,5.675e-17,1.140e-1,3.495e-11,5.618e+0,,,,,1.301e+0,,,9.527e-19,,,,,,,,,,1.566e-18,
630.5,6.945e+0,1.423e-20,2.217e-28,1.077e-43,2.129e-18,,,1.516e-18,7.377e-21,,9.982e-16,5.121e-11,1.820e-11,9.137e-18,1.554e-17,7.981e-14,7.822e-20,2.564e-7,,1.325e-17,1.857e-18,6.609e-20,4.186e-17,,2.886e-25,3.883e-19,,,1.764e-21,6.347e-17,3.411e-3,1.061e-28,2.103e-19,2.335e-22,1.248e-18,6.674e-17,6.216e-2,5.665e-17,1.066e-1,2.164e-11,5.565e+0,,,,,1.208e+0,,,9.521e-19,,,,,,,,,,1.563e-18,
630.52,6.826e+0,1.423e-20,2.207e-28,1.076e-43,2.133e-18,,,1.516e-18,1.519e-20,,9.979e-16,6.855e-11,1.764e-11,9.137e-18,1.567e-17,8.735e-14,7.825e-20,2.619e-7,,1.327e-17,1.857e-18,5.989e-20,4.182e-17,,2.887e-25,3.881e-19,,,1.761e-21,6.349e-17,3.000e-3,1.061e-28,2.103e-19,2.337e-22,1.245e-18,6.676e-17,5.690e-2,5.659e-17,1.017e-1,1.569e-11,5.518e+0,,,,,1.146e+0,,,9.516e-19,,,,,,,,,,1.561e-18,
630.55,6.634e+0,1.424e-20,2.192e-28,1.073e-43,2.138e-18,,,1.516e-18,2.741e-20,,9.974e-16,1.058e-10,1.677e-11,9.137e-18,1.586e-17,9.964e-14,7.829e-20,2.693e-7,,1.329e-17,1.858e-18,5.148e-20,4.176e-17,,2.888e-25,3.880e-19,,,1.757e-21,6.351e-17,2.465e-3,1.061e-28,2.104e-19,2.339e-22,1.240e-18,6.678e-17,5.018e-2,5.649e-17,9.440e-2,9.643e-12,5.430e+0,,,,,1.057e+0,,,9.510e-19,,,,,,,,,,1.558e-18,
630.57,6.497e+0,1.424e-20,2.182e-28,1.071e-43,2.141e-18,,,1.515e-18,4.054e-20,,9.972e-16,1.409e-10,1.617e-11,9.137e-18,2.352e-17,1.085e-13,7.831e-20,2.738e-7,,1.331e-17,1.858e-18,4.643e-20,4.171e-17,,2.889e-25,3.879e-19,,,1.754e-21,6.353e-17,2.157e-3,1.061e-28,2.104e-19,2.341e-22,1.237e-18,6.680e-17,4.643e-2,5.643e-17,8.961e-2,6.955e-12,5.361e+0,,,,,9.981e-1,,,9.506e-19,,,,,,,,,,1.556e-18,
630.6,6.281e+0,1.424e-20,2.168e-28,1.069e-43,2.146e-18,,,1.515e-18,7.263e-20,,9.967e-16,2.160e-10,1.526e-11,9.137e-18,4.232e-17,1.229e-13,7.835e-20,2.796e-7,,1.333e-17,1.859e-18,3.962e-20,4.165e-17,,2.890e-25,3.877e-19,,,1.750e-21,6.356e-17,1.760e-3,1.061e-28,2.104e-19,2.344e-22,1.233e-18,6.683e-17,4.186e-2,5.633e-17,8.258e-2,4.245e-12,5.242e+0,,,,,9.132e-1,,,9.500e-19,,,,,,,,,,1.553e-18,
630.62,6.130e+0,1.425e-20,2.158e-28,1.067e-43,2.149e-18,,,1.515e-18,1.069e-19,,9.964e-16,2.863e-10,1.465e-11,9.137e-18,6.247e-17,1.332e-13,7.838e-20,2.828e-7,,1.335e-17,1.859e-18,3.556e-20,4.161e-17,,2.890e-25,3.876e-19,,,1.747e-21,6.357e-17,1.532e-3,1.061e-28,2.104e-19,2.345e-22,1.230e-18,6.685e-17,3.947e-2,5.627e-17,7.801e-2,3.047e-12,5.152e+0,,,,,8.586e-1,,,9.496e-19,,,,,,,,,,1.551e-18,
630.65,5.893e+0,1.425e-20,2.143e-28,1.064e-43,2.154e-18,,,1.515e-18,1.902e-19,,9.960e-16,4.356e-10,1.372e-11,9.136e-18,1.116e-16,1.498e-13,7.842e-20,2.867e-7,,1.338e-17,1.860e-18,3.012e-20,4.154e-17,,2.892e-25,3.875e-19,,,1.743e-21,6.360e-17,1.241e-3,1.061e-28,2.104e-19,2.348e-22,1.225e-18,6.687e-17,3.681e-2,5.617e-17,7.138e-2,1.846e-12,5.004e+0,,,,,7.798e-1,,,9.489e-19,,,,,,,,,,1.548e-18,
630.67,5.731e+0,1.425e-20,2.133e-28,1.062e-43,2.157e-18,,,1.515e-18,2.785e-19,,9.957e-16,5.749e-10,1.311e-11,9.136e-18,1.640e-16,1.616e-13,7.845e-20,2.886e-7,,1.339e-17,1.860e-18,2.691e-20,4.150e-17,,2.892e-25,3.874e-19,,,1.740e-21,6.362e-17,1.076e-3,1.061e-28,2.104e-19,2.349e-22,1.222e-18,6.689e-17,3.562e-2,5.611e-17,6.711e-2,1.318e-12,4.897e+0,,,,,7.297e-1,,,9.485e-19,,,,,,,,,,1.546e-18,
630.7,5.480e+0,1.425e-20,2.119e-28,1.060e-43,2.162e-18,,,1.515e-18,4.920e-19,,9.953e-16,8.684e-10,1.219e-11,9.136e-18,2.910e-16,1.804e-13,7.849e-20,2.905e-7,,1.342e-17,1.861e-18,2.263e-20,4.144e-17,,2.893e-25,3.872e-19,,,1.735e-21,6.364e-17,8.648e-4,1.061e-28,2.105e-19,2.352e-22,1.218e-18,6.692e-17,3.470e-2,5.602e-17,6.095e-2,7.929e-13,4.726e+0,,,,,6.580e-1,,,9.479e-19,,,,,,,,,,1.543e-18,
630.72,5.309e+0,1.426e-20,2.109e-28,1.058e-43,2.165e-18,,,1.515e-18,7.173e-19,,9.950e-16,1.140e-9,1.159e-11,9.136e-18,4.254e-16,1.937e-13,7.851e-20,2.911e-7,,1.344e-17,1.861e-18,2.012e-20,4.139e-17,,2.894e-25,3.871e-19,,,1.733e-21,6.366e-17,7.459e-4,1.061e-28,2.105e-19,2.353e-22,1.215e-18,6.694e-17,3.463e-2,5.595e-17,5.703e-2,5.636e-13,4.604e+0,,,,,6.127e-1,,,9.475e-19,,,,,,,,,,1.541e-18,
630.75,5.050e+0,1.426e-20,2.094e-28,1.055e-43,2.170e-18,,,1.515e-18,1.258e-18,,9.946e-16,1.710e-9,1.070e-11,9.136e-18,7.494e-16,2.147e-13,7.855e-20,2.909e-7,,1.346e-17,1.862e-18,1.680e-20,4.133e-17,,2.895e-25,3.869e-19,,,1.728e-21,6.369e-17,5.954e-4,1.061e-28,2.105e-19,2.356e-22,1.211e-18,6.696e-17,3.532e-2,5.586e-17,5.143e-2,3.365e-13,4.414e+0,,,,,5.485e-1,,,9.469e-19,,,,,,,,,,1.538e-18,
630.77,4.875e+0,1.426e-20,2.084e-28,1.054e-43,2.174e-18,,,1.515e-18,1.825e-18,,9.943e-16,2.236e-9,1.013e-11,9.136e-18,1.091e-15,2.294e-13,7.858e-20,2.900e-7,,1.348e-17,1.862e-18,1.486e-20,4.129e-17,,2.896e-25,3.868e-19,,,1.726e-21,6.370e-17,5.111e-4,1.061e-28,2.105e-19,2.358e-22,1.208e-18,6.698e-17,3.630e-2,5.579e-17,4.789e-2,2.380e-13,4.282e+0,,,,,5.083e-1,,,9.464e-19,,,,,,,,,,1.536e-18,
630.79,4.699e+0,1.426e-20,2.075e-28,1.052e-43,2.177e-18,,,1.515e-18,2.643e-18,,9.940e-16,2.917e-9,9.562e-12,9.136e-18,1.584e-15,2.446e-13,7.861e-20,2.886e-7,,1.350e-17,1.862e-18,1.312e-20,4.125e-17,,2.897e-25,3.867e-19,,,1.723e-21,6.372e-17,4.378e-4,1.061e-28,2.105e-19,2.359e-22,1.205e-18,6.700e-17,3.768e-2,5.573e-17,4.451e-2,1.680e-13,4.146e+0,,,,,4.701e-1,,,9.460e-19,,,,,,,,,,1.534e-18,
630.82,4.435e+0,1.427e-20,2.060e-28,1.049e-43,2.182e-18,,,1.515e-18,4.590e-18,,9.936e-16,4.331e-9,8.742e-12,9.135e-18,2.763e-15,2.684e-13,7.865e-20,2.855e-7,,1.352e-17,1.863e-18,1.084e-20,4.118e-17,,2.898e-25,3.866e-19,,,1.718e-21,6.375e-17,3.459e-4,1.061e-28,2.106e-19,2.362e-22,1.200e-18,6.703e-17,4.051e-2,5.564e-17,3.973e-2,9.932e-14,3.938e+0,,,,,4.166e-1,,,9.454e-19,,,,,,,,,,1.531e-18,
630.84,4.260e+0,1.427e-20,2.050e-28,1.048e-43,2.185e-18,,,1.515e-18,6.615e-18,,9.933e-16,5.624e-9,8.214e-12,9.135e-18,3.994e-15,2.849e-13,7.867e-20,2.828e-7,,1.354e-17,1.863e-18,9.527e-21,4.114e-17,,2.899e-25,3.865e-19,,,1.716e-21,6.376e-17,2.949e-4,1.061e-28,2.106e-19,2.363e-22,1.197e-18,6.704e-17,4.290e-2,5.557e-17,3.675e-2,6.977e-14,3.796e+0,,,,,3.835e-1,,,9.450e-19,,,,,,,,,,1.530e-18,
630.87,3.999e+0,1.427e-20,2.035e-28,1.045e-43,2.190e-18,,,1.515e-18,1.141e-17,,9.928e-16,8.291e-9,7.455e-12,9.135e-18,6.916e-15,3.103e-13,7.871e-20,2.778e-7,,1.356e-17,1.864e-18,7.818e-21,4.108e-17,,2.900e-25,3.863e-19,,,1.711e-21,6.379e-17,2.314e-4,1.061e-28,2.106e-19,2.366e-22,1.193e-18,6.707e-17,4.723e-2,5.548e-17,3.257e-2,4.094e-14,3.582e+0,,,,,3.374e-1,,,9.444e-19,,,,,,,,,,1.527e-18,
630.89,3.828e+0,1.428e-20,2.026e-28,1.043e-43,2.193e-18,,,1.515e-18,1.636e-17,,9.925e-16,1.071e-8,6.972e-12,9.135e-18,9.950e-15,3.278e-13,7.874e-20,2.738e-7,,1.358e-17,1.864e-18,6.836e-21,4.103e-17,,2.901e-25,3.862e-19,,,1.709e-21,6.381e-17,1.963e-4,1.061e-28,2.106e-19,2.367e-22,1.190e-18,6.709e-17,5.063e-2,5.541e-17,2.998e-2,2.862e-14,3.438e+0,,,,,3.091e-1,,,9.439e-19,,,,,,,,,,1.525e-18,
630.92,3.575e+0,1.428e-20,2.011e-28,1.040e-43,2.198e-18,,,1.515e-18,2.801e-17,,9.921e-16,1.568e-8,6.282e-12,9.135e-18,1.711e-14,3.545e-13,7.878e-20,2.670e-7,,1.361e-17,1.865e-18,5.570e-21,4.097e-17,,2.902e-25,3.860e-19,,,1.704e-21,6.383e-17,1.529e-4,1.062e-28,2.106e-19,2.370e-22,1.185e-18,6.712e-17,5.649e-2,5.532e-17,2.638e-2,1.667e-14,3.222e+0,,,,,2.700e-1,,,9.433e-19,,,,,,,,,,1.522e-18,
630.94,3.410e+0,1.428e-20,2.001e-28,1.039e-43,2.201e-18,,,1.515e-18,3.999e-17,,9.918e-16,2.017e-8,5.847e-12,9.135e-18,2.450e-14,3.727e-13,7.881e-20,2.619e-7,,1.362e-17,1.865e-18,4.847e-21,4.093e-17,,2.902e-25,3.859e-19,,,1.701e-21,6.385e-17,1.291e-4,1.062e-28,2.106e-19,2.372e-22,1.182e-18,6.713e-17,6.092e-2,5.526e-17,2.416e-2,1.160e-14,3.079e+0,,,,,2.461e-1,,,9.429e-19,,,,,,,,,,1.520e-18,
630.97,3.170e+0,1.428e-20,1.987e-28,1.036e-43,2.206e-18,,,1.515e-18,6.798e-17,,9.914e-16,2.931e-8,5.231e-12,9.134e-18,4.183e-14,4.002e-13,7.885e-20,2.535e-7,,1.365e-17,1.866e-18,3.920e-21,4.086e-17,,2.904e-25,3.858e-19,,,1.697e-21,6.388e-17,9.980e-5,1.062e-28,2.107e-19,2.374e-22,1.178e-18,6.716e-17,6.836e-2,5.516e-17,2.111e-2,6.706e-15,2.866e+0,,,,,2.135e-1,,,9.423e-19,,,,,,,,,,1.517e-18,
630.99,3.014e+0,1.429e-20,1.977e-28,1.034e-43,2.209e-18,,,1.515e-18,9.659e-17,,9.911e-16,3.752e-8,4.845e-12,9.134e-18,5.961e-14,4.187e-13,7.887e-20,2.475e-7,,1.367e-17,1.866e-18,3.395e-21,4.082e-17,,2.904e-25,3.857e-19,,,1.694e-21,6.389e-17,8.386e-5,1.062e-28,2.107e-19,2.376e-22,1.175e-18,6.718e-17,7.386e-2,5.510e-17,1.924e-2,4.643e-15,2.727e+0,,,,,1.937e-1,,,9.419e-19,,,,,,,,,,1.515e-18,
631.02,2.788e+0,1.429e-20,1.962e-28,1.032e-43,2.214e-18,,,1.514e-18,1.630e-16,,9.907e-16,5.414e-8,4.303e-12,9.134e-18,1.010e-13,4.464e-13,7.891e-20,2.379e-7,,1.369e-17,1.867e-18,2.726e-21,4.076e-17,,2.905e-25,3.855e-19,,,1.690e-21,6.392e-17,6.437e-5,1.062e-28,2.107e-19,2.378e-22,1.171e-18,6.721e-17,8.295e-2,5.500e-17,1.669e-2,2.665e-15,2.522e+0,,,,,1.667e-1,,,9.412e-19,,,,,,,,,,1.512e-18,
631.04,2.644e+0,1.429e-20,1.952e-28,1.030e-43,2.218e-18,,,1.514e-18,2.305e-16,,9.904e-16,6.897e-8,3.966e-12,9.134e-18,1.433e-13,4.647e-13,7.894e-20,2.311e-7,,1.371e-17,1.867e-18,2.349e-21,4.072e-17,,2.906e-25,3.854e-19,,,1.687e-21,6.394e-17,5.383e-5,1.062e-28,2.107e-19,2.380e-22,1.168e-18,6.722e-17,8.957e-2,5.494e-17,1.514e-2,1.836e-15,2.388e+0,,,,,1.505e-1,,,9.408e-19,,,,,,,,,,1.510e-18,
631.07,2.436e+0,1.430e-20,1.938e-28,1.027e-43,2.223e-18,,,1.514e-18,3.863e-16,,9.900e-16,9.882e-8,3.497e-12,9.134e-18,2.412e-13,4.919e-13,7.898e-20,2.205e-7,,1.373e-17,1.868e-18,1.873e-21,4.065e-17,,2.907e-25,3.852e-19,,,1.683e-21,6.396e-17,4.102e-5,1.062e-28,2.107e-19,2.382e-22,1.163e-18,6.725e-17,1.004e-1,5.484e-17,1.304e-2,1.047e-15,2.194e+0,,,,,1.287e-1,,,9.402e-19,,,,,,,,,,1.507e-18,
631.09,2.304e+0,1.430e-20,1.928e-28,1.025e-43,2.226e-18,,,1.514e-18,5.438e-16,,9.897e-16,1.253e-7,3.208e-12,9.134e-18,3.405e-13,5.097e-13,7.901e-20,2.132e-7,,1.375e-17,1.868e-18,1.606e-21,4.061e-17,,2.908e-25,3.851e-19,,,1.680e-21,6.398e-17,3.414e-5,1.062e-28,2.107e-19,2.384e-22,1.160e-18,6.727e-17,1.082e-1,5.478e-17,1.177e-2,7.176e-16,2.069e+0,,,,,1.156e-1,,,9.398e-19,,,,,,,,,,1.505e-18,
631.12,2.116e+0,1.430e-20,1.913e-28,1.023e-43,2.231e-18,,,1.514e-18,9.048e-16,,9.892e-16,1.782e-7,2.808e-12,9.133e-18,5.691e-13,5.356e-13,7.905e-20,2.020e-7,,1.378e-17,1.869e-18,1.271e-21,4.055e-17,,2.909e-25,3.850e-19,,,1.676e-21,6.401e-17,2.582e-5,1.062e-28,2.108e-19,2.386e-22,1.156e-18,6.730e-17,1.208e-1,5.468e-17,1.006e-2,4.059e-16,1.887e+0,,,,,9.812e-2,,,9.392e-19,,,,,,,,,,1.502e-18,
631.14,1.998e+0,1.430e-20,1.903e-28,1.021e-43,2.234e-18,,,1.514e-18,1.267e-15,,9.889e-16,2.249e-7,2.564e-12,9.133e-18,7.995e-13,5.523e-13,7.907e-20,1.944e-7,,1.379e-17,1.869e-18,1.085e-21,4.050e-17,,2.910e-25,3.849e-19,,,1.673e-21,6.402e-17,2.139e-5,1.062e-28,2.108e-19,2.388e-22,1.153e-18,6.731e-17,1.298e-1,5.462e-17,9.040e-3,2.770e-16,1.772e+0,,,,,8.774e-2,,,9.387e-19,,,,,,,,,,1.500e-18,
631.16,1.886e+0,1.431e-20,1.893e-28,1.019e-43,2.237e-18,,,1.514e-18,1.772e-15,,9.887e-16,2.832e-7,2.336e-12,9.133e-18,1.121e-12,5.685e-13,7.910e-20,1.867e-7,,1.381e-17,1.869e-18,9.245e-22,4.046e-17,,2.911e-25,3.848e-19,,,1.670e-21,6.404e-17,1.768e-5,1.062e-28,2.108e-19,2.390e-22,1.150e-18,6.733e-17,1.393e-1,5.456e-17,8.107e-3,1.886e-16,1.660e+0,,,,,7.830e-2,,,9.383e-19,,,,,,,,,,1.498e-18,
631.19,1.728e+0,1.431e-20,1.879e-28,1.017e-43,2.242e-18,,,1.514e-18,2.919e-15,,9.882e-16,3.989e-7,2.024e-12,9.133e-18,1.855e-12,5.914e-13,7.914e-20,1.751e-7,,1.384e-17,1.870e-18,7.243e-22,4.040e-17,,2.912e-25,3.846e-19,,,1.666e-21,6.407e-17,1.324e-5,1.062e-28,2.108e-19,2.392e-22,1.145e-18,6.736e-17,1.546e-1,5.446e-17,6.860e-3,1.056e-16,1.500e+0,,,,,6.578e-2,,,9.377e-19,,,,,,,,,,1.495e-18,
631.21,1.629e+0,1.431e-20,1.869e-28,1.015e-43,2.245e-18,,,1.514e-18,4.062e-15,,9.879e-16,4.999e-7,1.836e-12,9.133e-18,2.589e-12,6.058e-13,7.917e-20,1.673e-7,,1.385e-17,1.870e-18,6.140e-22,4.035e-17,,2.913e-25,3.845e-19,,,1.663e-21,6.409e-17,1.089e-5,1.062e-28,2.108e-19,2.394e-22,1.143e-18,6.738e-17,1.654e-1,5.440e-17,6.123e-3,7.158e-17,1.399e+0,,,,,5.843e-2,,,9.373e-19,,,,,,,,,,1.493e-18,
631.24,1.493e+0,1.432e-20,1.854e-28,1.012e-43,2.250e-18,,,1.514e-18,6.645e-15,,9.875e-16,6.991e-7,1.579e-12,9.133e-18,4.253e-12,6.257e-13,7.921e-20,1.558e-7,,1.388e-17,1.871e-18,4.776e-22,4.029e-17,,2.914e-25,3.843e-19,,,1.659e-21,6.411e-17,8.098e-6,1.062e-28,2.108e-19,2.396e-22,1.138e-18,6.740e-17,1.827e-1,5.430e-17,5.144e-3,3.979e-17,1.256e+0,,,,,4.873e-2,,,9.367e-19,,,,,,,,,,1.490e-18,
631.26,1.409e+0,1.432e-20,1.845e-28,1.010e-43,2.254e-18,,,1.514e-18,9.203e-15,,9.872e-16,8.721e-7,1.425e-12,9.133e-18,5.908e-12,6.378e-13,7.923e-20,1.482e-7,,1.390e-17,1.871e-18,4.030e-22,4.025e-17,,2.914e-25,3.842e-19,,,1.656e-21,6.413e-17,6.629e-6,1.062e-28,2.109e-19,2.398e-22,1.135e-18,6.742e-17,1.949e-1,5.424e-17,4.569e-3,2.684e-17,1.166e+0,,,,,4.308e-2,,,9.363e-19,,,,,,,,,,1.489e-18,
631.29,1.294e+0,1.432e-20,1.830e-28,1.008e-43,2.258e-18,,,1.514e-18,1.495e-14,,9.868e-16,1.211e-6,1.217e-12,9.132e-18,9.637e-12,6.541e-13,7.927e-20,1.370e-7,,1.392e-17,1.872e-18,3.112e-22,4.018e-17,,2.915e-25,3.841e-19,,,1.652e-21,6.415e-17,4.893e-6,1.062e-28,2.109e-19,2.400e-22,1.131e-18,6.745e-17,2.142e-1,5.415e-17,3.810e-3,1.481e-17,1.040e+0,,,,,3.567e-2,,,9.356e-19,,,,,,,,,,1.486e-18,
631.31,1.224e+0,1.432e-20,1.820e-28,1.006e-43,2.262e-18,,,1.514e-18,2.060e-14,,9.865e-16,1.503e-6,1.093e-12,9.132e-18,1.332e-11,6.636e-13,7.930e-20,1.297e-7,,1.394e-17,1.872e-18,2.613e-22,4.014e-17,,2.916e-25,3.840e-19,,,1.649e-21,6.417e-17,3.986e-6,1.062e-28,2.109e-19,2.402e-22,1.128e-18,6.747e-17,2.277e-1,5.408e-17,3.368e-3,1.468e-17,9.614e-1,,,,,3.138e-2,,,9.352e-19,,,,,,,,,,1.484e-18,
631.34,1.129e+0,1.433e-20,1.805e-28,1.003e-43,2.267e-18,,,1.514e-18,3.323e-14,,9.861e-16,2.072e-6,9.271e-13,9.132e-18,2.158e-11,6.756e-13,7.934e-20,1.190e-7,,1.396e-17,1.873e-18,2.003e-22,4.008e-17,,2.917e-25,3.838e-19,,,1.645e-21,6.420e-17,2.921e-6,1.062e-28,2.109e-19,2.405e-22,1.123e-18,6.749e-17,2.492e-1,5.399e-17,2.789e-3,1.449e-17,8.514e-1,,,,,2.580e-2,,,9.346e-19,,,,,,,,,,1.481e-18,
631.36,1.073e+0,1.433e-20,1.796e-28,1.002e-43,2.270e-18,,,1.514e-18,4.558e-14,,9.858e-16,2.560e-6,8.286e-13,9.132e-18,2.969e-11,6.821e-13,7.937e-20,1.121e-7,,1.398e-17,1.873e-18,1.674e-22,4.004e-17,,2.918e-25,3.837e-19,,,1.642e-21,6.422e-17,2.368e-6,1.062e-28,2.109e-19,2.406e-22,1.120e-18,6.751e-17,2.642e-1,5.392e-17,2.453e-3,1.436e-17,7.834e-1,,,,,2.259e-2,,,9.342e-19,,,,,,,,,,1.479e-18,
631.39,9.974e-1,1.433e-20,1.781e-28,9.990e-44,2.275e-18,,,1.514e-18,7.298e-14,,9.853e-16,3.504e-6,6.976e-13,9.132e-18,4.775e-11,6.895e-13,7.941e-20,1.022e-7,,1.401e-17,1.873e-18,1.274e-22,3.997e-17,,2.919e-25,3.835e-19,,,1.637e-21,6.424e-17,1.723e-6,1.062e-28,2.109e-19,2.409e-22,1.116e-18,6.754e-17,2.879e-1,5.383e-17,2.017e-3,1.417e-17,6.891e-1,,,,,1.844e-2,,,9.336e-19,,,,,,,,,,1.476e-18,
631.41,9.534e-1,1.433e-20,1.771e-28,9.972e-44,2.278e-18,,,1.514e-18,9.965e-14,,9.851e-16,4.309e-6,6.205e-13,9.132e-18,6.538e-11,6.929e-13,7.944e-20,9.578e-8,,1.402e-17,1.874e-18,1.059e-22,3.993e-17,,2.920e-25,3.834e-19,,,1.635e-21,6.426e-17,1.390e-6,1.062e-28,2.110e-19,2.410e-22,1.113e-18,6.756e-17,3.044e-1,5.377e-17,1.766e-3,1.404e-17,6.311e-1,,,,,1.607e-2,,,9.331e-19,,,,,,,,,,1.474e-18,
631.44,8.962e-1,1.434e-20,1.756e-28,9.946e-44,2.283e-18,,,1.513e-18,1.584e-13,,9.846e-16,5.856e-6,5.187e-13,9.131e-18,1.044e-10,6.954e-13,7.948e-20,8.665e-8,,1.405e-17,1.874e-18,8.004e-23,3.987e-17,,2.921e-25,3.833e-19,,,1.630e-21,6.428e-17,1.004e-6,1.063e-28,2.110e-19,2.413e-22,1.109e-18,6.758e-17,3.303e-1,5.367e-17,1.441e-3,1.384e-17,5.514e-1,,,,,1.303e-2,,,9.325e-19,,,,,,,,,,1.471e-18,
631.46,8.637e-1,1.434e-20,1.747e-28,9.928e-44,2.286e-18,,,1.513e-18,2.153e-13,,9.843e-16,7.167e-6,4.591e-13,9.131e-18,1.423e-10,6.954e-13,7.950e-20,8.085e-8,,1.407e-17,1.875e-18,6.624e-23,3.982e-17,,2.922e-25,3.832e-19,,,1.628e-21,6.430e-17,8.062e-7,1.063e-28,2.110e-19,2.414e-22,1.106e-18,6.760e-17,3.484e-1,5.361e-17,1.256e-3,1.372e-17,5.027e-1,,,,,1.131e-2,,,9.321e-19,,,,,,,,,,1.469e-18,
631.49,8.230e-1,1.434e-20,1.732e-28,9.902e-44,2.291e-18,,,1.513e-18,3.399e-13,,9.839e-16,9.670e-6,3.810e-13,9.131e-18,2.256e-10,6.929e-13,7.954e-20,7.261e-8,,1.409e-17,1.875e-18,4.969e-23,3.976e-17,,2.923e-25,3.830e-19,,,1.623e-21,6.433e-17,5.781e-7,1.063e-28,2.110e-19,2.417e-22,1.101e-18,6.763e-17,3.767e-1,5.351e-17,1.017e-3,1.352e-17,4.361e-1,,,,,9.113e-3,,,9.315e-19,,,,,,,,,,1.466e-18,
631.51,8.010e-1,1.435e-20,1.722e-28,9.884e-44,2.294e-18,,,1.513e-18,4.596e-13,,9.836e-16,1.178e-5,3.357e-13,9.131e-18,3.060e-10,6.895e-13,7.957e-20,6.743e-8,,1.411e-17,1.876e-18,4.093e-23,3.972e-17,,2.924e-25,3.829e-19,,,1.620e-21,6.435e-17,4.619e-7,1.063e-28,2.110e-19,2.419e-22,1.098e-18,6.765e-17,3.964e-1,5.345e-17,8.821e-4,1.339e-17,3.958e-1,,,,,7.878e-3,,,9.311e-19,,,,,,,,,,1.464e-18,
631.53,7.830e-1,1.435e-20,1.712e-28,9.867e-44,2.298e-18,,,1.513e-18,6.205e-13,,9.833e-16,1.432e-5,2.951e-13,9.131e-18,4.142e-10,6.849e-13,7.960e-20,6.250e-8,,1.412e-17,1.876e-18,3.364e-23,3.968e-17,,2.924e-25,3.828e-19,,,1.618e-21,6.436e-17,3.684e-7,1.063e-28,2.110e-19,2.420e-22,1.095e-18,6.766e-17,4.168e-1,5.339e-17,7.634e-4,1.327e-17,3.586e-1,,,,,6.802e-3,,,9.306e-19,,,,,,,,,,1.462e-18,
631.56,7.628e-1,1.435e-20,1.698e-28,9.840e-44,2.303e-18,,,1.513e-18,9.698e-13,,9.829e-16,1.913e-5,2.424e-13,9.131e-18,6.502e-10,6.756e-13,7.964e-20,5.556e-8,,1.415e-17,1.877e-18,2.498e-23,3.961e-17,,2.926e-25,3.827e-19,,,1.613e-21,6.439e-17,2.615e-7,1.063e-28,2.111e-19,2.423e-22,1.091e-18,6.769e-17,4.486e-1,5.329e-17,6.123e-4,1.307e-17,3.081e-1,,,,,5.449e-3,,,9.300e-19,,,,,,,,,,1.459e-18,
631.58,7.538e-1,1.435e-20,1.688e-28,9.822e-44,2.306e-18,,,1.513e-18,1.303e-12,,9.826e-16,2.315e-5,2.121e-13,9.130e-18,8.761e-10,6.679e-13,7.966e-20,5.125e-8,,1.417e-17,1.877e-18,2.044e-23,3.957e-17,,2.926e-25,3.825e-19,,,1.611e-21,6.441e-17,2.076e-7,1.063e-28,2.111e-19,2.424e-22,1.088e-18,6.771e-17,4.707e-1,5.323e-17,5.273e-4,1.294e-17,2.778e-1,,,,,4.699e-3,,,9.296e-19,,,,,,,,,,1.457e-18,
631.61,7.465e-1,1.436e-20,1.673e-28,9.796e-44,2.311e-18,,,1.513e-18,2.022e-12,,9.822e-16,3.070e-5,1.730e-13,9.130e-18,1.365e-9,6.541e-13,7.970e-20,4.524e-8,,1.419e-17,1.878e-18,1.507e-23,3.951e-17,,2.927e-25,3.824e-19,,,1.606e-21,6.443e-17,1.463e-7,1.063e-28,2.111e-19,2.427e-22,1.083e-18,6.774e-17,5.052e-1,5.313e-17,4.199e-4,1.275e-17,2.371e-1,,,,,3.767e-3,,,9.290e-19,,,,,,,,,,1.454e-18,
631.63,7.456e-1,1.436e-20,1.663e-28,9.778e-44,2.314e-18,,,1.513e-18,2.704e-12,,9.819e-16,3.697e-5,1.507e-13,9.130e-18,1.831e-9,6.435e-13,7.973e-20,4.153e-8,,1.421e-17,1.878e-18,1.227e-23,3.946e-17,,2.928e-25,3.823e-19,,,1.603e-21,6.445e-17,1.155e-7,1.063e-28,2.111e-19,2.428e-22,1.080e-18,6.775e-17,5.291e-1,5.307e-17,3.599e-4,1.262e-17,2.128e-1,,,,,3.258e-3,,,9.286e-19,,,,,,,,,,1.452e-18,
631.66,7.497e-1,1.436e-20,1.649e-28,9.752e-44,2.319e-18,,,1.513e-18,4.166e-12,,9.815e-16,4.868e-5,1.220e-13,9.130e-18,2.834e-9,6.257e-13,7.977e-20,3.639e-8,,1.424e-17,1.878e-18,8.977e-24,3.940e-17,,2.929e-25,3.821e-19,,,1.599e-21,6.448e-17,8.082e-8,1.063e-28,2.111e-19,2.431e-22,1.076e-18,6.778e-17,5.664e-1,5.297e-17,2.846e-4,1.243e-17,1.804e-1,,,,,2.641e-3,,,9.279e-19,,,,,,,,,,1.449e-18,
631.68,7.560e-1,1.436e-20,1.639e-28,9.734e-44,2.322e-18,,,1.513e-18,5.544e-12,,9.812e-16,5.835e-5,1.057e-13,9.130e-18,3.782e-9,6.126e-13,7.980e-20,3.325e-8,,1.425e-17,1.879e-18,7.273e-24,3.936e-17,,2.930e-25,3.820e-19,,,1.596e-21,6.449e-17,6.353e-8,1.063e-28,2.111e-19,2.433e-22,1.073e-18,6.780e-17,5.922e-1,5.291e-17,2.427e-4,1.230e-17,1.611e-1,,,,,2.313e-3,,,9.275e-19,,,,,,,,,,1.448e-18,
631.71,7.702e-1,1.437e-20,1.624e-28,9.708e-44,2.327e-18,,,1.513e-18,8.482e-12,,9.807e-16,7.628e-5,8.499e-14,9.130e-18,5.811e-9,5.914e-13,7.984e-20,2.893e-8,,1.428e-17,1.879e-18,5.285e-24,3.929e-17,,2.931e-25,3.819e-19,,,1.592e-21,6.452e-17,4.412e-8,1.063e-28,2.112e-19,2.435e-22,1.069e-18,6.782e-17,6.324e-1,5.281e-17,1.905e-4,1.211e-17,1.356e-1,,,,,1.933e-3,,,9.269e-19,,,,,,,,,,1.445e-18,
631.73,7.828e-1,1.437e-20,1.614e-28,9.690e-44,2.330e-18,,,1.513e-18,1.123e-11,,9.805e-16,9.099e-5,7.330e-14,9.130e-18,7.720e-9,5.763e-13,7.986e-20,2.630e-8,,1.429e-17,1.880e-18,4.261e-24,3.925e-17,,2.932e-25,3.818e-19,,,1.589e-21,6.454e-17,3.452e-8,1.063e-28,2.112e-19,2.437e-22,1.066e-18,6.784e-17,6.602e-1,5.275e-17,1.617e-4,1.198e-17,1.206e-1,,,,,1.746e-3,,,9.265e-19,,,,,,,,,,1.443e-18,
631.76,8.060e-1,1.437e-20,1.600e-28,9.664e-44,2.335e-18,,,1.513e-18,1.707e-11,,9.800e-16,1.181e-4,5.850e-14,9.129e-18,1.178e-8,5.523e-13,7.990e-20,2.272e-8,,1.432e-17,1.880e-18,3.074e-24,3.919e-17,,2.933e-25,3.816e-19,,,1.585e-21,6.456e-17,2.380e-8,1.063e-28,2.112e-19,2.439e-22,1.061e-18,6.787e-17,7.034e-1,5.266e-17,1.260e-4,1.179e-17,1.008e-1,,,,,1.553e-3,,,9.259e-19,,,,,,,,,,1.440e-18,
631.78,8.241e-1,1.438e-20,1.590e-28,9.646e-44,2.339e-18,,,1.513e-18,2.250e-11,,9.797e-16,1.402e-4,5.022e-14,9.129e-18,1.557e-8,5.356e-13,7.993e-20,2.055e-8,,1.434e-17,1.881e-18,2.467e-24,3.914e-17,,2.934e-25,3.815e-19,,,1.582e-21,6.458e-17,1.853e-8,1.063e-28,2.112e-19,2.441e-22,1.058e-18,6.789e-17,7.332e-1,5.259e-17,1.065e-4,1.166e-17,8.923e-2,,,,,1.480e-3,,,9.254e-19,,,,,,,,,,1.438e-18,
631.81,8.552e-1,1.438e-20,1.575e-28,9.620e-44,2.343e-18,,,1.513e-18,3.393e-11,,9.793e-16,1.807e-4,3.979e-14,9.129e-18,2.358e-8,5.097e-13,7.997e-20,1.763e-8,,1.436e-17,1.881e-18,1.767e-24,3.908e-17,,2.935e-25,3.813e-19,,,1.578e-21,6.461e-17,1.268e-8,1.063e-28,2.112e-19,2.443e-22,1.054e-18,6.791e-17,7.794e-1,5.250e-17,8.236e-5,1.146e-17,7.406e-2,,,,,1.447e-3,,,9.248e-19,,,,,,,,,,1.435e-18,
631.83,8.782e-1,1.438e-20,1.565e-28,9.602e-44,2.347e-18,,,1.513e-18,4.452e-11,,9.790e-16,2.135e-4,3.399e-14,9.129e-18,3.103e-8,4.919e-13,8.000e-20,1.587e-8,,1.438e-17,1.882e-18,1.411e-24,3.904e-17,,2.936e-25,3.812e-19,,,1.575e-21,6.462e-17,9.826e-9,1.063e-28,2.113e-19,2.445e-22,1.051e-18,6.793e-17,8.112e-1,5.243e-17,6.924e-5,1.134e-17,6.525e-2,,,,,1.477e-3,,,9.244e-19,,,,,,,,,,1.433e-18,
631.86,9.161e-1,1.438e-20,1.551e-28,9.576e-44,2.352e-18,,,1.512e-18,6.667e-11,,9.786e-16,2.733e-4,2.674e-14,9.129e-18,4.667e-8,4.647e-13,8.004e-20,1.351e-8,,1.441e-17,1.882e-18,1.003e-24,3.898e-17,,2.937e-25,3.811e-19,,,1.571e-21,6.465e-17,6.677e-9,1.063e-28,2.113e-19,2.447e-22,1.046e-18,6.796e-17,8.604e-1,5.234e-17,5.318e-5,1.114e-17,5.378e-2,,,,,1.597e-3,,,9.238e-19,,,,,,,,,,1.430e-18,
631.88,9.434e-1,1.439e-20,1.541e-28,9.558e-44,2.355e-18,,,1.512e-18,8.706e-11,,9.783e-16,3.213e-4,2.273e-14,9.129e-18,6.112e-8,4.464e-13,8.006e-20,1.211e-8,,1.442e-17,1.882e-18,7.971e-25,3.893e-17,,2.938e-25,3.810e-19,,,1.568e-21,6.467e-17,5.149e-9,1.063e-28,2.113e-19,2.449e-22,1.043e-18,6.798e-17,8.941e-1,5.228e-17,4.450e-5,1.101e-17,4.717e-2,,,,,1.731e-3,,,9.234e-19,,,,,,,,,,1.428e-18,
631.9,9.722e-1,1.439e-20,1.531e-28,9.540e-44,2.358e-18,,,1.512e-18,1.135e-10,,9.780e-16,3.771e-4,1.928e-14,9.128e-18,7.990e-8,4.279e-13,8.009e-20,1.083e-8,,1.444e-17,1.883e-18,6.322e-25,3.889e-17,,2.938e-25,3.809e-19,,,1.565e-21,6.468e-17,3.962e-9,1.063e-28,2.113e-19,2.451e-22,1.040e-18,6.800e-17,9.286e-1,5.221e-17,3.716e-5,1.089e-17,4.129e-2,,,,,1.909e-3,,,9.230e-19,,,,,,,,,,1.426e-18,
631.93,1.018e+0,1.439e-20,1.516e-28,9.514e-44,2.363e-18,,,1.512e-18,1.683e-10,,9.776e-16,4.778e-4,1.502e-14,9.128e-18,1.190e-7,4.002e-13,8.013e-20,9.131e-9,,1.447e-17,1.883e-18,4.450e-25,3.883e-17,,2.939e-25,3.807e-19,,,1.561e-21,6.471e-17,2.665e-9,1.063e-28,2.113e-19,2.453e-22,1.036e-18,6.802e-17,9.816e-1,5.212e-17,2.825e-5,1.069e-17,3.370e-2,,,,,2.268e-3,,,9.223e-19,,,,,,,,,,1.423e-18,
631.95,1.050e+0,1.439e-20,1.507e-28,9.496e-44,2.366e-18,,,1.512e-18,2.183e-10,,9.773e-16,5.581e-4,1.268e-14,9.128e-18,1.548e-7,3.818e-13,8.016e-20,8.128e-9,,1.448e-17,1.884e-18,3.512e-25,3.878e-17,,2.940e-25,3.806e-19,,,1.558e-21,6.473e-17,2.041e-9,1.064e-28,2.113e-19,2.455e-22,1.033e-18,6.804e-17,1.018e+0,5.205e-17,2.348e-5,1.056e-17,2.936e-2,,,,,2.574e-3,,,9.219e-19,,,,,,,,,,1.421e-18,
631.98,1.101e+0,1.440e-20,1.492e-28,9.470e-44,2.371e-18,,,1.512e-18,3.213e-10,,9.769e-16,7.021e-4,9.803e-15,9.128e-18,2.288e-7,3.545e-13,8.020e-20,6.801e-9,,1.451e-17,1.884e-18,2.454e-25,3.872e-17,,2.941e-25,3.804e-19,,,1.554e-21,6.475e-17,1.363e-9,1.064e-28,2.114e-19,2.457e-22,1.029e-18,6.807e-17,1.073e+0,5.196e-17,1.772e-5,1.037e-17,2.380e-2,,,,,3.147e-3,,,9.213e-19,,,,,,,,,,1.418e-18,
632,1.136e+0,1.440e-20,1.482e-28,9.452e-44,2.374e-18,,,1.512e-18,4.148e-10,,9.766e-16,8.162e-4,8.238e-15,9.128e-18,2.963e-7,3.366e-13,8.022e-20,6.025e-9,,1.452e-17,1.885e-18,1.928e-25,3.868e-17,,2.942e-25,3.803e-19,,,1.551e-21,6.477e-17,1.039e-9,1.064e-28,2.114e-19,2.459e-22,1.026e-18,6.809e-17,1.110e+0,5.190e-17,1.466e-5,1.024e-17,2.064e-2,,,,,3.614e-3,,,9.209e-19,,,,,,,,,,1.416e-18,
632.03,1.190e+0,1.440e-20,1.467e-28,9.426e-44,2.379e-18,,,1.512e-18,6.064e-10,,9.761e-16,1.019e-3,6.323e-15,9.128e-18,4.349e-7,3.103e-13,8.026e-20,5.006e-9,,1.455e-17,1.885e-18,1.337e-25,3.861e-17,,2.943e-25,3.802e-19,,,1.547e-21,6.480e-17,6.889e-10,1.064e-28,2.114e-19,2.461e-22,1.021e-18,6.811e-17,1.167e+0,5.180e-17,1.099e-5,1.005e-17,1.661e-2,,,,,4.461e-3,,,9.203e-19,,,,,,,,,,1.413e-18,
632.05,1.226e+0,1.441e-20,1.458e-28,9.408e-44,2.383e-18,,,1.512e-18,7.792e-10,,9.758e-16,1.179e-3,5.288e-15,9.127e-18,5.605e-7,2.933e-13,8.029e-20,4.413e-9,,1.457e-17,1.886e-18,1.046e-25,3.857e-17,,2.944e-25,3.801e-19,,,1.544e-21,6.481e-17,5.225e-10,1.064e-28,2.114e-19,2.463e-22,1.018e-18,6.813e-17,1.206e+0,5.174e-17,9.042e-6,9.920e-18,1.434e-2,,,,,5.137e-3,,,9.198e-19,,,,,,,,,,1.411e-18,
632.08,1.283e+0,1.441e-20,1.443e-28,9.381e-44,2.388e-18,,,1.512e-18,1.131e-9,,9.754e-16,1.463e-3,4.030e-15,9.127e-18,8.170e-7,2.684e-13,8.033e-20,3.640e-9,,1.459e-17,1.886e-18,7.201e-26,3.851e-17,,2.945e-25,3.799e-19,,,1.540e-21,6.484e-17,3.439e-10,1.064e-28,3.816e-19,2.466e-22,1.014e-18,6.816e-17,1.264e+0,5.164e-17,6.728e-6,9.727e-18,1.146e-2,,,,,6.344e-3,,,9.192e-19,,,,,,,,,,1.408e-18,
632.1,1.321e+0,1.441e-20,1.433e-28,9.364e-44,2.391e-18,,,1.512e-18,1.446e-9,,9.751e-16,1.684e-3,3.354e-15,9.127e-18,1.048e-6,2.524e-13,8.036e-20,3.194e-9,,1.461e-17,1.887e-18,5.602e-26,3.847e-17,,2.946e-25,3.798e-19,,,1.537e-21,6.486e-17,2.596e-10,1.064e-28,5.643e-19,2.467e-22,1.011e-18,6.817e-17,1.302e+0,5.158e-17,5.511e-6,9.598e-18,9.843e-3,,,,,7.295e-3,,,9.188e-19,,,,,,,,,,1.407e-18,
632.13,1.379e+0,1.442e-20,1.419e-28,9.337e-44,2.396e-18,,,1.512e-18,2.084e-9,,9.747e-16,2.074e-3,2.537e-15,9.127e-18,1.516e-6,2.294e-13,8.040e-20,2.615e-9,,1.464e-17,1.887e-18,3.830e-26,3.840e-17,,2.947e-25,3.796e-19,,,1.532e-21,6.488e-17,1.697e-10,1.064e-28,1.011e-18,2.470e-22,1.006e-18,6.820e-17,1.360e+0,5.148e-17,4.071e-6,9.405e-18,7.811e-3,,,,,8.973e-3,,,9.182e-19,,,,,,,,,,1.404e-18,
632.15,1.417e+0,1.442e-20,1.409e-28,9.320e-44,2.399e-18,,,1.512e-18,2.653e-9,,9.744e-16,2.376e-3,2.102e-15,9.127e-18,1.936e-6,2.147e-13,8.042e-20,2.284e-9,,1.465e-17,1.887e-18,2.966e-26,3.836e-17,,2.948e-25,3.795e-19,,,1.530e-21,6.490e-17,1.275e-10,1.064e-28,1.488e-18,2.471e-22,1.003e-18,6.822e-17,1.398e+0,5.142e-17,3.318e-6,9.277e-18,6.680e-3,,,,,1.028e-2,,,9.178e-19,,,,,,,,,,1.402e-18,
632.18,1.475e+0,1.442e-20,1.394e-28,9.293e-44,2.404e-18,,,1.512e-18,3.796e-9,,9.740e-16,2.905e-3,1.578e-15,9.127e-18,2.781e-6,1.937e-13,8.046e-20,1.857e-9,,1.468e-17,1.888e-18,2.013e-26,3.830e-17,,2.949e-25,3.794e-19,,,1.525e-21,6.493e-17,8.270e-11,1.064e-28,2.649e-18,2.474e-22,9.991e-19,6.825e-17,1.454e+0,5.132e-17,2.433e-6,9.084e-18,5.266e-3,,,,,1.258e-2,,,9.171e-19,,,,,,,,,,1.399e-18,
632.2,1.513e+0,1.442e-20,1.384e-28,9.276e-44,2.407e-18,,,1.512e-18,4.808e-9,,9.737e-16,3.313e-3,1.301e-15,9.127e-18,3.533e-6,1.804e-13,8.049e-20,1.613e-9,,1.469e-17,1.888e-18,1.551e-26,3.825e-17,,2.950e-25,3.793e-19,,,1.522e-21,6.494e-17,6.184e-11,1.064e-28,3.880e-18,2.475e-22,9.961e-19,6.826e-17,1.491e+0,5.126e-17,1.974e-6,8.955e-18,4.483e-3,,,,,1.435e-2,,,9.167e-19,,,,,,,,,,1.397e-18,
632.23,1.569e+0,1.443e-20,1.370e-28,9.249e-44,2.412e-18,,,1.512e-18,6.831e-9,,9.733e-16,4.022e-3,9.703e-16,9.126e-18,5.041e-6,1.616e-13,8.053e-20,1.302e-9,,1.472e-17,1.889e-18,1.045e-26,3.819e-17,,2.951e-25,3.791e-19,,,1.518e-21,6.497e-17,3.986e-11,1.064e-28,6.856e-18,2.478e-22,9.917e-19,6.829e-17,1.544e+0,5.117e-17,1.437e-6,8.762e-18,3.511e-3,,,,,1.744e-2,,,9.161e-19,,,,,,,,,,1.394e-18,
632.25,1.606e+0,1.443e-20,1.360e-28,9.232e-44,2.415e-18,,,1.512e-18,8.613e-9,,9.730e-16,4.565e-3,7.959e-16,9.126e-18,6.374e-6,1.498e-13,8.056e-20,1.126e-9,,1.474e-17,1.889e-18,8.016e-27,3.815e-17,,2.951e-25,3.790e-19,,,1.515e-21,6.499e-17,2.969e-11,1.064e-28,9.997e-18,2.480e-22,9.887e-19,6.831e-17,1.578e+0,5.110e-17,1.160e-6,8.633e-18,2.977e-3,,,,,1.981e-2,,,9.157e-19,,,,,,,,,,1.392e-18,
632.28,1.659e+0,1.443e-20,1.345e-28,9.205e-44,2.420e-18,,,1.512e-18,1.215e-8,,9.725e-16,5.501e-3,5.892e-16,9.126e-18,9.030e-6,1.332e-13,8.060e-20,9.025e-10,,1.476e-17,1.890e-18,5.363e-27,3.808e-17,,2.953e-25,3.788e-19,,,1.511e-21,6.501e-17,1.906e-11,1.064e-28,1.754e-17,2.482e-22,9.843e-19,6.834e-17,1.628e+0,5.101e-17,8.388e-7,8.440e-18,2.319e-3,,,,,2.390e-2,,,9.151e-19,,,,,,,,,,1.389e-18,
632.3,1.694e+0,1.443e-20,1.335e-28,9.187e-44,2.424e-18,,,1.511e-18,1.525e-8,,9.723e-16,6.215e-3,4.811e-16,9.126e-18,1.136e-5,1.229e-13,8.062e-20,7.768e-10,,1.478e-17,1.890e-18,4.093e-27,3.804e-17,,2.953e-25,3.787e-19,,,1.508e-21,6.503e-17,1.419e-11,1.064e-28,2.545e-17,2.484e-22,9.813e-19,6.835e-17,1.659e+0,5.094e-17,6.740e-7,8.312e-18,1.960e-3,,,,,2.703e-2,,,9.146e-19,,,,,,,,,,1.387e-18,
632.32,1.727e+0,1.444e-20,1.325e-28,9.170e-44,2.427e-18,,,1.511e-18,1.909e-8,,9.720e-16,7.008e-3,3.920e-16,9.126e-18,1.427e-5,1.132e-13,8.065e-20,6.673e-10,,1.480e-17,1.891e-18,3.117e-27,3.800e-17,,2.954e-25,3.786e-19,,,1.505e-21,6.505e-17,1.060e-11,1.064e-28,3.687e-17,2.485e-22,9.783e-19,6.837e-17,1.688e+0,5.088e-17,5.405e-7,8.183e-18,1.657e-3,,,,,3.050e-2,,,9.142e-19,,,,,,,,,,1.385e-18,
632.35,1.775e+0,1.444e-20,1.311e-28,9.143e-44,2.432e-18,,,1.511e-18,2.667e-8,,9.715e-16,8.362e-3,2.873e-16,9.126e-18,2.002e-5,9.964e-14,8.069e-20,5.294e-10,,1.482e-17,1.891e-18,2.064e-27,3.794e-17,,2.955e-25,3.785e-19,,,1.501e-21,6.508e-17,6.938e-12,1.064e-28,6.404e-17,2.488e-22,9.739e-19,6.840e-17,1.729e+0,5.079e-17,3.867e-7,7.990e-18,1.288e-3,,,,,3.644e-2,,,9.136e-19,,,,,,,,,,1.382e-18,
632.37,1.805e+0,1.444e-20,1.301e-28,9.126e-44,2.435e-18,,,1.511e-18,3.324e-8,,9.712e-16,9.384e-3,2.330e-16,9.125e-18,2.502e-5,9.131e-14,8.072e-20,4.526e-10,,1.484e-17,1.891e-18,1.565e-27,3.789e-17,,2.956e-25,3.784e-19,,,1.498e-21,6.509e-17,5.345e-12,1.064e-28,9.232e-17,2.489e-22,9.709e-19,6.842e-17,1.753e+0,5.072e-17,3.086e-7,7.861e-18,1.091e-3,,,,,4.094e-2,,,9.132e-19,,,,,,,,,,1.380e-18,
632.4,1.847e+0,1.445e-20,1.286e-28,9.099e-44,2.440e-18,,,1.511e-18,4.610e-8,,9.708e-16,1.112e-2,1.695e-16,9.125e-18,3.485e-5,7.981e-14,8.076e-20,3.564e-10,,1.486e-17,1.892e-18,1.029e-27,3.783e-17,,2.957e-25,3.782e-19,,,1.494e-21,6.512e-17,3.870e-12,1.064e-28,1.592e-16,2.492e-22,9.665e-19,6.844e-17,1.786e+0,5.063e-17,2.193e-7,7.668e-18,8.560e-4,,,,,4.856e-2,,,9.126e-19,,,,,,,,,,1.377e-18,
632.42,1.873e+0,1.445e-20,1.277e-28,9.082e-44,2.443e-18,,,1.511e-18,5.719e-8,,9.705e-16,1.242e-2,1.368e-16,9.125e-18,4.336e-5,7.279e-14,8.078e-20,3.033e-10,,1.488e-17,1.892e-18,7.761e-28,3.779e-17,,2.958e-25,3.781e-19,,,1.491e-21,6.514e-17,3.366e-12,1.064e-28,2.285e-16,2.494e-22,9.636e-19,6.846e-17,1.805e+0,5.056e-17,1.741e-7,7.540e-18,7.346e-4,,,,,5.429e-2,,,9.121e-19,,,,,,,,,,1.375e-18,
632.45,1.908e+0,1.445e-20,1.262e-28,9.055e-44,2.448e-18,,,1.511e-18,7.875e-8,,9.701e-16,1.460e-2,9.881e-17,9.125e-18,5.995e-5,6.317e-14,8.082e-20,2.371e-10,,1.491e-17,1.893e-18,5.066e-28,3.772e-17,,2.959e-25,3.780e-19,,,1.487e-21,6.516e-17,3.215e-12,1.064e-28,3.913e-16,2.496e-22,9.591e-19,6.849e-17,1.829e+0,5.047e-17,1.228e-7,7.347e-18,5.970e-4,,,,,6.394e-2,,,9.115e-19,,,,,,,,,,1.372e-18,
632.47,1.929e+0,1.445e-20,1.252e-28,9.038e-44,2.451e-18,,,1.511e-18,9.724e-8,,9.698e-16,1.623e-2,7.936e-17,9.125e-18,7.424e-5,5.733e-14,8.085e-20,2.008e-10,,1.492e-17,1.893e-18,3.803e-28,3.768e-17,,2.960e-25,3.778e-19,,,1.484e-21,6.518e-17,3.501e-12,1.065e-28,5.588e-16,2.498e-22,9.562e-19,6.851e-17,1.841e+0,5.041e-17,9.708e-8,7.218e-18,5.313e-4,,,,,7.115e-2,,,9.111e-19,,,,,,,,,,1.370e-18,
632.5,1.957e+0,1.446e-20,1.237e-28,9.011e-44,2.456e-18,,,1.511e-18,1.329e-7,,9.694e-16,1.896e-2,5.691e-17,9.125e-18,1.019e-4,4.940e-14,8.089e-20,1.559e-10,,1.495e-17,1.894e-18,2.465e-28,3.762e-17,,2.961e-25,3.777e-19,,,1.480e-21,6.521e-17,4.571e-12,1.065e-28,9.502e-16,2.500e-22,9.517e-19,6.853e-17,1.855e+0,5.031e-17,6.797e-8,7.025e-18,4.678e-4,,,,,8.320e-2,,,9.105e-19,,,,,,,,,,1.367e-18,
632.52,1.974e+0,1.446e-20,1.228e-28,8.993e-44,2.459e-18,,,1.511e-18,1.634e-7,,9.691e-16,2.097e-2,4.549e-17,9.124e-18,1.256e-4,4.462e-14,8.092e-20,1.314e-10,,1.497e-17,1.894e-18,1.841e-28,3.757e-17,,2.962e-25,3.776e-19,,,1.477e-21,6.522e-17,5.801e-12,1.065e-28,1.351e-15,2.502e-22,9.488e-19,6.855e-17,1.860e+0,5.025e-17,5.347e-8,6.896e-18,4.473e-4,,,,,9.214e-2,,,9.101e-19,,,,,,,,,,1.366e-18,
632.55,1.994e+0,1.446e-20,1.213e-28,8.967e-44,2.464e-18,,,1.511e-18,2.218e-7,,9.687e-16,2.432e-2,3.239e-17,9.124e-18,1.712e-4,3.817e-14,8.096e-20,1.012e-10,,1.499e-17,1.895e-18,1.185e-28,3.751e-17,,2.963e-25,3.774e-19,,,1.473e-21,6.525e-17,8.685e-12,1.065e-28,2.281e-15,2.504e-22,9.443e-19,6.858e-17,1.862e+0,5.015e-17,3.717e-8,6.703e-18,4.482e-4,,,,,1.070e-1,,,9.094e-19,,,,,,,,,,1.363e-18,
632.57,2.006e+0,1.446e-20,1.203e-28,8.949e-44,2.468e-18,,,1.511e-18,2.712e-7,,9.684e-16,2.677e-2,2.576e-17,9.124e-18,2.100e-4,3.431e-14,8.098e-20,8.490e-11,,1.501e-17,1.895e-18,8.808e-29,3.747e-17,,2.963e-25,3.773e-19,,,1.470e-21,6.527e-17,1.154e-11,1.065e-28,3.226e-15,2.506e-22,9.414e-19,6.860e-17,1.860e+0,5.009e-17,2.910e-8,6.575e-18,4.704e-4,,,,,1.179e-1,,,9.090e-19,,,,,,,,,,1.361e-18,
632.6,2.019e+0,1.447e-20,1.188e-28,8.923e-44,2.473e-18,,,1.511e-18,3.656e-7,,9.679e-16,3.082e-2,1.821e-17,9.124e-18,2.843e-4,2.914e-14,8.102e-20,6.497e-11,,1.504e-17,1.896e-18,5.626e-29,3.740e-17,,2.965e-25,3.772e-19,,,1.466e-21,6.529e-17,1.782e-11,1.065e-28,5.409e-15,2.508e-22,9.369e-19,6.862e-17,1.851e+0,4.999e-17,2.008e-8,6.382e-18,5.381e-4,,,,,1.359e-1,,,9.084e-19,,,,,,,,,,1.358e-18,
632.62,2.025e+0,1.447e-20,1.179e-28,8.905e-44,2.476e-18,,,1.511e-18,4.450e-7,,9.676e-16,3.378e-2,1.442e-17,9.124e-18,3.470e-4,2.607e-14,8.105e-20,5.422e-11,,1.505e-17,1.896e-18,4.163e-29,3.736e-17,,2.965e-25,3.771e-19,,,1.463e-21,6.531e-17,2.384e-11,1.065e-28,7.616e-15,2.510e-22,9.340e-19,6.864e-17,1.842e+0,4.993e-17,1.564e-8,6.253e-18,6.087e-4,,,,,1.491e-1,,,9.080e-19,,,,,,,,,,1.356e-18,
632.65,2.032e+0,1.447e-20,1.164e-28,8.879e-44,2.481e-18,,,1.511e-18,5.956e-7,,9.672e-16,3.861e-2,1.012e-17,9.124e-18,4.663e-4,2.198e-14,8.109e-20,4.119e-11,,1.508e-17,1.897e-18,2.640e-29,3.730e-17,,2.966e-25,3.769e-19,,,1.459e-21,6.534e-17,3.687e-11,1.065e-28,1.268e-14,2.512e-22,9.295e-19,6.867e-17,1.821e+0,4.983e-17,1.072e-8,6.060e-18,7.586e-4,,,,,1.707e-1,,,9.074e-19,,,,,,,,,,1.353e-18,
632.67,2.034e+0,1.448e-20,1.154e-28,8.861e-44,2.484e-18,,,1.511e-18,7.216e-7,,9.669e-16,4.210e-2,7.970e-18,9.124e-18,5.666e-4,1.957e-14,8.112e-20,3.422e-11,,1.509e-17,1.897e-18,1.944e-29,3.726e-17,,2.967e-25,3.768e-19,,,1.456e-21,6.535e-17,4.923e-11,1.065e-28,1.777e-14,2.514e-22,9.266e-19,6.869e-17,1.804e+0,4.977e-17,8.311e-9,5.931e-18,8.927e-4,,,,,1.863e-1,,,9.069e-19,,,,,,,,,,1.351e-18,
632.69,2.034e+0,1.448e-20,1.144e-28,8.844e-44,2.487e-18,,,1.511e-18,8.726e-7,,9.666e-16,4.583e-2,6.267e-18,9.123e-18,6.870e-4,1.739e-14,8.114e-20,2.836e-11,,1.511e-17,1.897e-18,1.429e-29,3.721e-17,,2.968e-25,3.767e-19,,,1.453e-21,6.537e-17,6.562e-11,1.065e-28,2.485e-14,2.516e-22,9.236e-19,6.870e-17,1.784e+0,4.971e-17,6.431e-9,5.803e-18,1.059e-3,,,,,2.030e-1,,,9.065e-19,,,,,,,,,,1.349e-18,
632.72,2.032e+0,1.448e-20,1.130e-28,8.817e-44,2.492e-18,,,1.510e-18,1.156e-6,,9.662e-16,5.187e-2,4.354e-18,9.123e-18,9.142e-4,1.452e-14,8.118e-20,2.133e-11,,1.514e-17,1.898e-18,8.967e-30,3.715e-17,,2.969e-25,3.765e-19,,,1.449e-21,6.540e-17,1.007e-10,1.065e-28,4.096e-14,2.518e-22,9.192e-19,6.873e-17,1.748e+0,4.961e-17,4.362e-9,5.610e-18,1.380e-3,,,,,2.300e-1,,,9.059e-19,,,,,,,,,,1.346e-18,
632.74,2.030e+0,1.448e-20,1.120e-28,8.799e-44,2.495e-18,,,1.510e-18,1.391e-6,,9.659e-16,5.619e-2,3.407e-18,9.123e-18,1.103e-3,1.284e-14,8.121e-20,1.760e-11,,1.515e-17,1.898e-18,6.559e-30,3.711e-17,,2.970e-25,3.764e-19,,,1.446e-21,6.541e-17,1.336e-10,1.065e-28,5.702e-14,2.520e-22,9.162e-19,6.875e-17,1.721e+0,4.955e-17,3.359e-9,5.481e-18,1.652e-3,,,,,2.495e-1,,,9.055e-19,,,,,,,,,,1.344e-18,
632.77,2.023e+0,1.449e-20,1.105e-28,8.773e-44,2.500e-18,,,1.510e-18,1.831e-6,,9.655e-16,6.313e-2,2.350e-18,9.123e-18,1.458e-3,1.064e-14,8.125e-20,1.314e-11,,1.518e-17,1.899e-18,4.087e-30,3.704e-17,,2.971e-25,3.763e-19,,,1.442e-21,6.544e-17,2.035e-10,1.065e-28,9.332e-14,2.522e-22,9.118e-19,6.878e-17,1.676e+0,4.945e-17,2.262e-9,5.288e-18,2.166e-3,,,,,2.807e-1,,,9.049e-19,,,,,,,,,,1.341e-18,
632.79,2.018e+0,1.449e-20,1.095e-28,8.755e-44,2.504e-18,,,1.510e-18,2.193e-6,,9.652e-16,6.807e-2,1.830e-18,9.123e-18,1.751e-3,9.368e-15,8.128e-20,1.079e-11,,1.520e-17,1.899e-18,2.975e-30,3.700e-17,,2.972e-25,3.762e-19,,,1.439e-21,6.546e-17,2.688e-10,1.065e-28,1.293e-13,2.524e-22,9.088e-19,6.879e-17,1.643e+0,4.939e-17,1.734e-9,5.159e-18,2.594e-3,,,,,3.029e-1,,,9.045e-19,,,,,,,,,,1.339e-18,
632.82,2.009e+0,1.449e-20,1.081e-28,8.729e-44,2.508e-18,,,1.510e-18,2.864e-6,,9.648e-16,7.594e-2,1.253e-18,9.123e-18,2.297e-3,7.708e-15,8.132e-20,7.999e-12,,1.522e-17,1.900e-18,1.841e-30,3.694e-17,,2.973e-25,3.760e-19,,,1.434e-21,6.548e-17,4.067e-10,1.065e-28,2.101e-13,2.526e-22,9.044e-19,6.882e-17,1.589e+0,4.930e-17,1.159e-9,4.966e-18,3.393e-3,,,,,3.384e-1,,,9.038e-19,,,,,,,,,,1.336e-18,
632.84,2.002e+0,1.450e-20,1.071e-28,8.711e-44,2.512e-18,,,1.510e-18,3.415e-6,,9.645e-16,8.149e-2,9.711e-19,9.122e-18,2.746e-3,6.752e-15,8.134e-20,6.536e-12,,1.524e-17,1.900e-18,1.333e-30,3.689e-17,,2.974e-25,3.759e-19,,,1.432e-21,6.550e-17,5.346e-10,1.065e-28,2.898e-13,2.528e-22,9.014e-19,6.884e-17,1.550e+0,4.923e-17,8.841e-10,4.838e-18,4.051e-3,,,,,3.635e-1,,,9.034e-19,,,,,,,,,,1.334e-18,
632.87,1.992e+0,1.450e-20,1.056e-28,8.685e-44,2.517e-18,,,1.510e-18,4.429e-6,,9.640e-16,9.026e-2,6.602e-19,9.122e-18,3.576e-3,5.516e-15,8.138e-20,4.810e-12,,1.526e-17,1.901e-18,8.190e-31,3.683e-17,,2.975e-25,3.757e-19,,,1.427e-21,6.553e-17,8.030e-10,1.065e-28,4.676e-13,2.531e-22,8.970e-19,6.887e-17,1.489e+0,4.914e-17,5.868e-10,4.644e-18,5.271e-3,,,,,4.032e-1,,,9.028e-19,,,,,,,,,,1.331e-18,
632.89,1.985e+0,1.450e-20,1.046e-28,8.667e-44,2.520e-18,,,1.510e-18,5.255e-6,,9.638e-16,9.639e-2,5.092e-19,9.122e-18,4.255e-3,4.809e-15,8.141e-20,3.912e-12,,1.528e-17,1.901e-18,5.904e-31,3.679e-17,,2.975e-25,3.756e-19,,,1.424e-21,6.554e-17,1.051e-9,1.065e-28,6.417e-13,2.532e-22,8.940e-19,6.888e-17,1.447e+0,4.907e-17,4.454e-10,4.516e-18,6.269e-3,,,,,4.310e-1,,,9.024e-19,,,,,,,,,,1.329e-18,
632.92,1.975e+0,1.450e-20,1.032e-28,8.641e-44,2.525e-18,,,1.510e-18,6.768e-6,,9.633e-16,1.060e-1,3.437e-19,9.122e-18,5.502e-3,3.900e-15,8.145e-20,2.858e-12,,1.531e-17,1.902e-18,3.600e-31,3.673e-17,,2.977e-25,3.755e-19,,,1.420e-21,6.557e-17,1.567e-9,1.065e-28,1.028e-12,2.535e-22,8.896e-19,6.891e-17,1.380e+0,4.898e-17,2.935e-10,4.323e-18,8.104e-3,,,,,4.747e-1,,,9.018e-19,,,,,,,,,,1.326e-18,
632.94,1.969e+0,1.451e-20,1.022e-28,8.623e-44,2.528e-18,,,1.510e-18,7.992e-6,,9.630e-16,1.127e-1,2.638e-19,9.122e-18,6.516e-3,3.384e-15,8.148e-20,2.313e-12,,1.532e-17,1.902e-18,2.583e-31,3.668e-17,,2.977e-25,3.754e-19,,,1.417e-21,6.559e-17,2.041e-9,1.065e-28,1.405e-12,2.536e-22,8.866e-19,6.893e-17,1.335e+0,4.892e-17,2.217e-10,6.410e-18,9.595e-3,,,,,5.051e-1,,,9.013e-19,,,,,,,,,,1.325e-18,
632.97,1.961e+0,1.451e-20,1.007e-28,8.597e-44,2.533e-18,,,1.510e-18,1.022e-5,,9.626e-16,1.230e-1,1.768e-19,9.122e-18,8.366e-3,2.725e-15,8.152e-20,1.678e-12,,1.535e-17,1.903e-18,1.564e-31,3.662e-17,,2.978e-25,3.752e-19,,,1.413e-21,6.561e-17,3.022e-9,1.066e-28,2.234e-12,2.539e-22,8.822e-19,6.896e-17,1.265e+0,4.882e-17,1.450e-10,1.153e-17,1.232e-2,,,,,5.523e-1,,,9.007e-19,,,,,,,,,,1.322e-18,
632.99,1.957e+0,1.451e-20,9.974e-29,8.579e-44,2.536e-18,,,1.510e-18,1.201e-5,,9.623e-16,1.301e-1,1.350e-19,9.121e-18,9.860e-3,2.353e-15,8.154e-20,1.352e-12,,1.537e-17,1.903e-18,1.117e-31,3.658e-17,,2.979e-25,3.751e-19,,,1.410e-21,6.563e-17,3.917e-9,1.066e-28,3.038e-12,2.540e-22,8.792e-19,6.897e-17,1.217e+0,4.876e-17,1.090e-10,1.702e-17,1.452e-2,,,,,5.848e-1,,,9.003e-19,,,,,,,,,,1.320e-18,
633.02,1.953e+0,1.452e-20,9.827e-29,8.552e-44,2.541e-18,,,1.510e-18,1.525e-5,,9.619e-16,1.411e-1,8.983e-20,9.121e-18,1.257e-2,1.881e-15,8.158e-20,9.734e-13,,1.539e-17,1.903e-18,6.713e-32,3.651e-17,,2.980e-25,3.749e-19,,,1.406e-21,6.566e-17,5.760e-9,1.066e-28,4.799e-12,2.543e-22,8.748e-19,6.900e-17,1.146e+0,4.866e-17,7.082e-11,3.042e-17,1.851e-2,,,,,6.350e-1,,,8.997e-19,,,,,,,,,,1.317e-18,
633.04,1.952e+0,1.452e-20,9.729e-29,8.535e-44,2.544e-18,,,1.510e-18,1.784e-5,,9.616e-16,1.485e-1,6.829e-20,9.121e-18,1.475e-2,1.616e-15,8.161e-20,7.803e-13,,1.541e-17,1.904e-18,4.772e-32,3.647e-17,,2.981e-25,3.748e-19,,,1.403e-21,6.567e-17,7.431e-9,1.066e-28,6.494e-12,2.545e-22,8.719e-19,6.902e-17,1.098e+0,4.860e-17,5.298e-11,4.468e-17,2.171e-2,,,,,6.692e-1,,,8.993e-19,,,,,,,,,,1.315e-18,
633.06,1.952e+0,1.452e-20,9.631e-29,8.517e-44,2.548e-18,,,1.510e-18,2.082e-5,,9.613e-16,1.561e-1,5.182e-20,9.121e-18,1.726e-2,1.386e-15,8.164e-20,6.242e-13,,1.543e-17,1.904e-18,3.388e-32,3.643e-17,,2.982e-25,3.747e-19,,,1.400e-21,6.569e-17,9.568e-9,1.066e-28,8.771e-12,2.546e-22,8.689e-19,6.904e-17,1.050e+0,4.854e-17,3.956e-11,6.551e-17,2.541e-2,,,,,7.039e-1,,,8.988e-19,,,,,,,,,,1.313e-18,
633.09,1.956e+0,1.452e-20,9.485e-29,8.491e-44,2.553e-18,,,1.510e-18,2.618e-5,,9.609e-16,1.675e-1,3.412e-20,9.121e-18,2.179e-2,1.097e-15,8.168e-20,4.451e-13,,1.545e-17,1.905e-18,2.024e-32,3.636e-17,,2.983e-25,3.746e-19,,,1.396e-21,6.572e-17,1.393e-8,1.066e-28,1.372e-11,2.549e-22,8.645e-19,6.906e-17,9.781e-1,4.844e-17,2.544e-11,1.159e-16,3.208e-2,,,,,7.566e-1,,,8.982e-19,,,,,,,,,,1.310e-18,
633.11,1.961e+0,1.453e-20,9.387e-29,8.473e-44,2.556e-18,,,1.510e-18,3.042e-5,,9.606e-16,1.752e-1,2.577e-20,9.121e-18,2.539e-2,9.365e-16,8.170e-20,3.544e-13,,1.547e-17,1.905e-18,1.438e-32,3.632e-17,,2.984e-25,3.745e-19,,,1.393e-21,6.574e-17,1.785e-8,1.066e-28,1.844e-11,2.550e-22,8.615e-19,6.908e-17,9.310e-1,4.838e-17,1.890e-11,1.691e-16,3.738e-2,,,,,7.921e-1,,,8.978e-19,,,,,,,,,,1.308e-18,
633.14,1.972e+0,1.453e-20,9.240e-29,8.447e-44,2.561e-18,,,1.510e-18,3.797e-5,,9.602e-16,1.867e-1,1.685e-20,9.121e-18,3.182e-2,7.359e-16,8.174e-20,2.508e-13,,1.549e-17,1.906e-18,8.711e-33,3.626e-17,,2.985e-25,3.743e-19,,,1.389e-21,6.576e-17,2.580e-8,1.066e-28,2.864e-11,2.553e-22,8.571e-19,6.911e-17,8.615e-1,4.828e-17,1.207e-11,2.971e-16,4.685e-2,,,,,8.455e-1,,,8.972e-19,,,,,,,,,,1.305e-18,
633.16,1.983e+0,1.453e-20,9.142e-29,8.429e-44,2.564e-18,,,1.509e-18,4.391e-5,,9.599e-16,1.944e-1,1.266e-20,9.120e-18,3.691e-2,6.251e-16,8.177e-20,1.988e-13,,1.551e-17,1.906e-18,6.358e-33,3.622e-17,,2.986e-25,3.742e-19,,,1.386e-21,6.578e-17,3.291e-8,1.066e-28,3.832e-11,2.554e-22,8.541e-19,6.913e-17,8.162e-1,4.822e-17,8.923e-12,4.315e-16,5.433e-2,,,,,8.809e-1,,,8.968e-19,,,,,,,,,,1.303e-18,
633.19,2.003e+0,1.453e-20,8.995e-29,8.403e-44,2.569e-18,,,1.509e-18,5.441e-5,,9.594e-16,2.056e-1,8.218e-21,9.120e-18,4.593e-2,4.877e-16,8.181e-20,1.397e-13,,1.554e-17,1.907e-18,4.261e-33,3.615e-17,,2.987e-25,3.740e-19,,,1.382e-21,6.580e-17,4.724e-8,1.066e-28,5.908e-11,2.557e-22,8.497e-19,6.915e-17,7.500e-1,4.812e-17,5.655e-12,7.527e-16,6.761e-2,,,,,9.336e-1,,,8.961e-19,,,,,,,,,,1.300e-18,
633.21,2.020e+0,1.454e-20,8.897e-29,8.385e-44,2.572e-18,,,1.509e-18,6.263e-5,,9.592e-16,2.130e-1,6.146e-21,9.120e-18,5.301e-2,4.123e-16,8.184e-20,1.101e-13,,1.555e-17,1.907e-18,3.570e-33,3.611e-17,,2.987e-25,3.739e-19,,,1.379e-21,6.582e-17,5.997e-8,1.066e-28,7.868e-11,2.559e-22,8.467e-19,6.917e-17,7.072e-1,4.806e-17,4.162e-12,1.088e-15,7.803e-2,,,,,9.682e-1,,,8.957e-19,,,,,,,,,,1.298e-18,
633.24,2.050e+0,1.454e-20,8.750e-29,8.358e-44,2.577e-18,,,1.509e-18,7.707e-5,,9.587e-16,2.238e-1,3.961e-21,9.120e-18,6.550e-2,3.193e-16,8.188e-20,7.685e-14,,1.558e-17,1.907e-18,3.380e-33,3.605e-17,,2.989e-25,3.738e-19,,,1.375e-21,6.585e-17,8.546e-8,1.066e-28,1.205e-10,2.561e-22,8.423e-19,6.920e-17,6.453e-1,4.796e-17,2.619e-12,1.885e-15,9.641e-2,,,,,1.019e+0,,,8.951e-19,,,,,,,,,,1.295e-18,
633.26,2.074e+0,1.454e-20,8.652e-29,8.341e-44,2.580e-18,,,1.509e-18,8.829e-5,,9.584e-16,2.307e-1,2.948e-21,9.120e-18,7.524e-2,2.687e-16,8.190e-20,6.031e-14,,1.560e-17,1.908e-18,3.792e-33,3.600e-17,,2.989e-25,3.737e-19,,,1.372e-21,6.587e-17,1.080e-7,1.066e-28,1.597e-10,2.563e-22,8.393e-19,6.922e-17,6.056e-1,4.790e-17,1.918e-12,2.712e-15,1.108e-1,,,,,1.052e+0,,,8.947e-19,,,,,,,,,,1.293e-18,
633.29,2.117e+0,1.455e-20,8.505e-29,8.314e-44,2.585e-18,,,1.509e-18,1.079e-4,,9.580e-16,2.407e-1,1.886e-21,9.120e-18,9.230e-2,2.066e-16,8.194e-20,4.178e-14,,1.562e-17,1.908e-18,5.339e-33,3.594e-17,,2.990e-25,3.735e-19,,,1.368e-21,6.589e-17,1.528e-7,1.066e-28,2.427e-10,2.565e-22,8.349e-19,6.924e-17,5.487e-1,4.781e-17,1.198e-12,4.664e-15,1.359e-1,,,,,1.099e+0,,,8.941e-19,,,,,,,,,,1.290e-18,
633.31,2.149e+0,1.455e-20,8.407e-29,8.297e-44,2.589e-18,,,1.509e-18,1.230e-4,,9.577e-16,2.469e-1,1.397e-21,9.119e-18,1.055e-1,1.730e-16,8.197e-20,3.263e-14,,1.564e-17,1.909e-18,7.164e-33,3.590e-17,,2.991e-25,3.734e-19,,,1.365e-21,6.591e-17,1.921e-7,1.066e-28,3.202e-10,2.567e-22,8.319e-19,6.926e-17,5.126e-1,4.774e-17,8.733e-13,6.679e-15,1.553e-1,,,,,1.129e+0,,,8.936e-19,,,,,,,,,,1.288e-18,
633.34,2.206e+0,1.455e-20,8.260e-29,8.270e-44,2.593e-18,,,1.509e-18,1.492e-4,,9.573e-16,2.557e-1,8.874e-22,9.119e-18,1.285e-1,1.321e-16,8.201e-20,2.244e-14,,1.566e-17,1.909e-18,1.163e-32,3.583e-17,,2.992e-25,3.732e-19,,,1.361e-21,6.594e-17,2.700e-7,1.066e-28,4.834e-10,2.569e-22,8.275e-19,6.929e-17,4.611e-1,4.765e-17,5.415e-13,1.140e-14,1.892e-1,,,,,1.171e+0,,,8.930e-19,,,,,,,,,,1.285e-18,
633.36,2.249e+0,1.455e-20,8.162e-29,8.253e-44,2.597e-18,,,1.509e-18,1.693e-4,,9.570e-16,2.612e-1,6.542e-22,9.119e-18,1.463e-1,1.101e-16,8.204e-20,1.744e-14,,1.568e-17,1.910e-18,1.626e-32,3.579e-17,,2.993e-25,3.731e-19,,,1.358e-21,6.595e-17,3.379e-7,1.066e-28,6.346e-10,2.571e-22,8.245e-19,6.931e-17,4.287e-1,4.758e-17,3.928e-13,1.626e-14,2.153e-1,,,,,1.198e+0,,,8.926e-19,,,,,,,,,,1.284e-18,
633.39,2.323e+0,1.456e-20,8.016e-29,8.226e-44,2.602e-18,,,1.509e-18,2.039e-4,,9.566e-16,2.685e-1,4.125e-22,9.119e-18,1.769e-1,8.343e-17,8.208e-20,1.191e-14,,1.571e-17,1.910e-18,2.702e-32,3.573e-17,,2.994e-25,3.730e-19,,,1.353e-21,6.598e-17,4.714e-7,1.066e-28,9.512e-10,2.573e-22,8.201e-19,6.933e-17,3.829e-1,4.749e-17,2.419e-13,2.756e-14,2.604e-1,,,,,1.234e+0,,,8.920e-19,,,,,,,,,,1.281e-18,
633.41,2.379e+0,1.456e-20,7.918e-29,8.209e-44,2.605e-18,,,1.509e-18,2.303e-4,,9.563e-16,2.729e-1,3.026e-22,9.119e-18,2.003e-1,6.920e-17,8.210e-20,9.212e-15,,1.572e-17,1.911e-18,3.791e-32,3.569e-17,,2.995e-25,3.729e-19,,,1.351e-21,6.600e-17,5.872e-7,1.066e-28,1.243e-9,2.575e-22,8.171e-19,6.935e-17,3.543e-1,4.743e-17,1.746e-13,3.910e-14,2.949e-1,,,,,1.256e+0,,,8.916e-19,,,,,,,,,,1.279e-18,
633.43,2.441e+0,1.456e-20,7.820e-29,8.191e-44,2.608e-18,,,1.509e-18,2.596e-4,,9.560e-16,2.769e-1,2.216e-22,9.119e-18,2.265e-1,5.728e-17,8.213e-20,7.112e-15,,1.574e-17,1.911e-18,5.314e-32,3.564e-17,,2.996e-25,3.728e-19,,,1.348e-21,6.601e-17,7.300e-7,1.066e-28,1.621e-9,2.577e-22,8.142e-19,6.937e-17,3.272e-1,4.736e-17,1.258e-13,5.537e-14,3.333e-1,,,,,1.276e+0,,,8.912e-19,,,,,,,,,,1.277e-18,
633.46,2.545e+0,1.456e-20,7.673e-29,8.164e-44,2.613e-18,,,1.509e-18,3.096e-4,,9.556e-16,2.819e-1,1.383e-22,9.118e-18,2.712e-1,4.298e-17,8.217e-20,4.807e-15,,1.577e-17,1.912e-18,8.793e-32,3.558e-17,,2.997e-25,3.726e-19,,,1.344e-21,6.604e-17,1.008e-6,1.066e-28,2.406e-9,2.579e-22,8.097e-19,6.940e-17,2.894e-1,4.727e-17,7.668e-14,9.296e-14,3.992e-1,,,,,1.303e+0,,,8.905e-19,,,,,,,,,,1.274e-18,
633.48,2.623e+0,1.457e-20,7.575e-29,8.147e-44,2.616e-18,,,1.509e-18,3.473e-4,,9.553e-16,2.846e-1,1.008e-22,9.118e-18,3.051e-1,3.541e-17,8.220e-20,3.694e-15,,1.578e-17,1.912e-18,1.228e-31,3.554e-17,,2.998e-25,3.725e-19,,,1.341e-21,6.606e-17,1.248e-6,1.066e-28,3.123e-9,2.581e-22,8.068e-19,6.941e-17,2.660e-1,4.720e-17,5.499e-14,1.310e-13,4.491e-1,,,,,1.318e+0,,,8.901e-19,,,,,,,,,,1.272e-18,
633.51,2.754e+0,1.457e-20,7.428e-29,8.120e-44,2.621e-18,,,1.509e-18,4.113e-4,,9.548e-16,2.876e-1,6.247e-23,9.118e-18,3.627e-1,2.638e-17,8.224e-20,2.479e-15,,1.581e-17,1.912e-18,2.018e-31,3.547e-17,,2.999e-25,3.724e-19,,,1.336e-21,6.608e-17,1.711e-6,1.067e-28,4.602e-9,2.583e-22,8.023e-19,6.944e-17,2.336e-1,4.711e-17,3.327e-14,2.184e-13,5.339e-1,,,,,1.336e+0,,,8.895e-19,,,,,,,,,,1.269e-18,
633.53,2.852e+0,1.457e-20,7.330e-29,8.103e-44,2.625e-18,,,1.509e-18,4.592e-4,,9.545e-16,2.890e-1,4.530e-23,9.118e-18,4.061e-1,2.163e-17,8.226e-20,1.895e-15,,1.583e-17,1.913e-18,2.804e-31,3.543e-17,,2.999e-25,3.722e-19,,,1.334e-21,6.610e-17,2.108e-6,1.067e-28,5.945e-9,2.585e-22,7.994e-19,6.946e-17,2.137e-1,4.705e-17,2.374e-14,3.064e-13,5.978e-1,,,,,1.345e+0,,,8.891e-19,,,,,,,,,,1.267e-18,
633.56,3.017e+0,1.458e-20,7.183e-29,8.076e-44,2.629e-18,,,1.509e-18,5.399e-4,,9.541e-16,2.900e-1,2.788e-23,9.118e-18,4.794e-1,1.600e-17,8.230e-20,1.263e-15,,1.585e-17,1.913e-18,4.577e-31,3.537e-17,,3.001e-25,3.721e-19,,,1.329e-21,6.613e-17,2.870e-6,1.067e-28,8.700e-9,2.587e-22,7.949e-19,6.949e-17,1.863e-1,4.695e-17,1.426e-14,5.071e-13,7.057e-1,,,,,1.355e+0,,,8.885e-19,,,,,,,,,,1.264e-18,
633.58,3.139e+0,1.458e-20,7.085e-29,8.059e-44,2.633e-18,,,1.508e-18,6.000e-4,,9.538e-16,2.900e-1,2.012e-23,9.118e-18,5.342e-1,1.305e-17,8.233e-20,9.610e-16,,1.587e-17,1.914e-18,6.331e-31,3.532e-17,,3.001e-25,3.720e-19,,,1.326e-21,6.614e-17,3.518e-6,1.067e-28,1.119e-8,2.589e-22,7.920e-19,6.950e-17,1.696e-1,4.689e-17,1.013e-14,7.080e-13,7.864e-1,,,,,1.358e+0,,,8.880e-19,,,,,,,,,,1.262e-18,
633.61,3.344e+0,1.458e-20,6.938e-29,8.032e-44,2.638e-18,,,1.508e-18,7.004e-4,,9.534e-16,2.890e-1,1.229e-23,9.118e-18,6.262e-1,9.586e-18,8.237e-20,6.357e-16,,1.589e-17,1.914e-18,1.026e-30,3.526e-17,,3.002e-25,3.718e-19,,,1.322e-21,6.617e-17,4.758e-6,1.067e-28,1.625e-8,2.592e-22,7.875e-19,6.953e-17,1.468e-1,4.679e-17,6.041e-15,1.164e-12,9.218e-1,,,,,1.360e+0,,,8.874e-19,,,,,,,,,,1.259e-18,
633.63,3.496e+0,1.458e-20,6.840e-29,8.014e-44,2.641e-18,,,1.508e-18,7.747e-4,,9.531e-16,2.876e-1,8.827e-24,9.117e-18,6.945e-1,7.784e-18,8.240e-20,4.814e-16,,1.591e-17,1.915e-18,1.413e-30,3.522e-17,,3.003e-25,3.717e-19,,,1.319e-21,6.619e-17,5.804e-6,1.067e-28,2.080e-8,2.593e-22,7.846e-19,6.955e-17,1.330e-1,4.673e-17,4.270e-15,1.617e-12,1.022e+0,,,,,1.358e+0,,,8.870e-19,,,,,,,,,,1.257e-18,
633.66,3.749e+0,1.459e-20,6.693e-29,7.988e-44,2.646e-18,,,1.508e-18,8.980e-4,,9.527e-16,2.846e-1,5.354e-24,9.117e-18,8.083e-1,5.675e-18,8.244e-20,3.162e-16,,1.594e-17,1.915e-18,2.274e-30,3.515e-17,,3.004e-25,3.716e-19,,,1.315e-21,6.621e-17,7.793e-6,1.067e-28,3.001e-8,2.596e-22,7.801e-19,6.958e-17,1.144e-1,4.663e-17,2.528e-15,2.639e-12,1.190e+0,,,,,1.351e+0,,,8.864e-19,,,,,,,,,,1.254e-18,
633.68,3.935e+0,1.459e-20,6.596e-29,7.970e-44,2.649e-18,,,1.508e-18,9.885e-4,,9.524e-16,2.819e-1,3.827e-24,9.117e-18,8.922e-1,4.587e-18,8.246e-20,2.383e-16,,1.595e-17,1.916e-18,3.115e-30,3.511e-17,,3.005e-25,3.715e-19,,,1.312e-21,6.623e-17,9.462e-6,1.067e-28,3.822e-8,2.597e-22,7.772e-19,6.959e-17,1.031e-1,4.657e-17,1.778e-15,3.650e-12,1.313e+0,,,,,1.344e+0,,,8.860e-19,,,,,,,,,,1.252e-18,
633.71,4.244e+0,1.459e-20,6.449e-29,7.944e-44,2.654e-18,,,1.508e-18,1.138e-3,,9.520e-16,2.769e-1,2.304e-24,9.117e-18,1.031e+0,3.320e-18,8.250e-20,1.554e-16,,1.598e-17,1.916e-18,4.978e-30,3.505e-17,,3.006e-25,3.713e-19,,,1.308e-21,6.626e-17,1.261e-5,1.067e-28,5.475e-8,2.600e-22,7.728e-19,6.962e-17,8.800e-2,4.647e-17,1.045e-15,5.915e-12,1.518e+0,,,,,1.330e+0,,,8.853e-19,,,,,,,,,,1.249e-18,
633.73,4.471e+0,1.460e-20,6.351e-29,7.926e-44,2.657e-18,,,1.508e-18,1.246e-3,,9.517e-16,2.729e-1,1.639e-24,9.117e-18,1.133e+0,2.670e-18,8.253e-20,1.165e-16,,1.600e-17,1.917e-18,6.789e-30,3.501e-17,,3.007e-25,3.712e-19,,,1.305e-21,6.627e-17,1.524e-5,1.067e-28,6.941e-8,2.601e-22,7.698e-19,6.964e-17,7.899e-2,4.641e-17,7.317e-16,8.142e-12,1.667e+0,,,,,1.318e+0,,,8.849e-19,,,,,,,,,,1.247e-18,
633.76,4.845e+0,1.460e-20,6.204e-29,7.900e-44,2.662e-18,,,1.508e-18,1.424e-3,,9.512e-16,2.662e-1,9.798e-25,9.117e-18,1.300e+0,1.919e-18,8.257e-20,7.543e-17,,1.602e-17,1.917e-18,1.077e-29,3.494e-17,,3.008e-25,3.710e-19,,,1.301e-21,6.630e-17,2.018e-5,1.067e-28,9.873e-8,2.604e-22,7.654e-19,6.966e-17,6.693e-2,4.632e-17,4.270e-16,1.310e-11,1.913e+0,,,,,1.298e+0,,,8.843e-19,,,,,,,,,,1.244e-18,
633.78,5.118e+0,1.460e-20,6.106e-29,7.882e-44,2.665e-18,,,1.508e-18,1.553e-3,,9.509e-16,2.612e-1,6.936e-25,9.116e-18,1.421e+0,1.536e-18,8.260e-20,5.631e-17,,1.604e-17,1.917e-18,1.462e-29,3.490e-17,,3.009e-25,3.709e-19,,,1.298e-21,6.632e-17,2.427e-5,1.067e-28,1.246e-7,2.606e-22,7.624e-19,6.968e-17,5.979e-2,4.625e-17,2.975e-16,1.795e-11,2.092e+0,,,,,1.283e+0,,,8.839e-19,,,,,,,,,,1.243e-18,
633.8,5.410e+0,1.460e-20,6.008e-29,7.865e-44,2.669e-18,,,1.508e-18,1.690e-3,,9.507e-16,2.557e-1,4.901e-25,9.116e-18,1.551e+0,1.227e-18,8.262e-20,4.195e-17,,1.606e-17,1.918e-18,1.981e-29,3.486e-17,,3.010e-25,3.708e-19,,,1.295e-21,6.633e-17,2.914e-5,1.067e-28,1.569e-7,2.607e-22,7.594e-19,6.970e-17,5.331e-2,4.619e-17,2.068e-16,2.455e-11,2.283e+0,,,,,1.267e+0,,,8.835e-19,,,,,,,,,,1.241e-18,
633.83,5.888e+0,1.461e-20,5.861e-29,7.838e-44,2.674e-18,,,1.508e-18,1.912e-3,,9.502e-16,2.469e-1,2.900e-25,9.116e-18,1.761e+0,8.731e-19,8.266e-20,2.688e-17,,1.608e-17,1.918e-18,3.113e-29,3.479e-17,,3.011e-25,3.707e-19,,,1.291e-21,6.636e-17,3.819e-5,1.067e-28,2.209e-7,2.610e-22,7.550e-19,6.973e-17,4.472e-2,4.609e-17,1.195e-16,3.911e-11,2.593e+0,,,,,1.240e+0,,,8.828e-19,,,,,,,,,,1.238e-18,
633.85,6.234e+0,1.461e-20,5.763e-29,7.820e-44,2.677e-18,,,1.508e-18,2.071e-3,,9.499e-16,2.407e-1,2.039e-25,9.116e-18,1.913e+0,6.942e-19,8.269e-20,1.993e-17,,1.610e-17,1.919e-18,4.197e-29,3.475e-17,,3.011e-25,3.706e-19,,,1.288e-21,6.638e-17,4.563e-5,1.067e-28,2.769e-7,2.611e-22,7.520e-19,6.975e-17,3.968e-2,4.603e-17,8.269e-17,5.323e-11,2.816e+0,,,,,1.222e+0,,,8.824e-19,,,,,,,,,,1.236e-18,
633.88,6.795e+0,1.461e-20,5.616e-29,7.794e-44,2.682e-18,,,1.508e-18,2.327e-3,,9.495e-16,2.307e-1,1.198e-25,9.116e-18,2.158e+0,4.904e-19,8.273e-20,1.268e-17,,1.612e-17,1.919e-18,6.548e-29,3.469e-17,,3.012e-25,3.704e-19,,,1.284e-21,6.640e-17,5.938e-5,1.067e-28,3.872e-7,2.614e-22,7.476e-19,6.977e-17,3.306e-2,4.594e-17,4.742e-17,8.422e-11,3.176e+0,,,,,1.194e+0,,,8.818e-19,,,,,,,,,,1.233e-18,
633.9,7.197e+0,1.461e-20,5.518e-29,7.776e-44,2.685e-18,,,1.508e-18,2.509e-3,,9.492e-16,2.238e-1,8.384e-26,9.116e-18,2.333e+0,3.880e-19,8.276e-20,9.358e-18,,1.614e-17,1.920e-18,8.787e-29,3.465e-17,,3.013e-25,3.703e-19,,,1.281e-21,6.642e-17,7.061e-5,1.067e-28,4.831e-7,2.615e-22,7.447e-19,6.979e-17,2.920e-2,4.587e-17,3.266e-17,1.141e-10,3.434e+0,,,,,1.175e+0,,,8.814e-19,,,,,,,,,,1.231e-18,
633.93,7.845e+0,1.462e-20,5.371e-29,7.750e-44,2.690e-18,,,1.508e-18,2.798e-3,,9.488e-16,2.130e-1,4.890e-26,9.115e-18,2.612e+0,2.721e-19,8.280e-20,5.911e-18,,1.617e-17,1.920e-18,1.361e-28,3.458e-17,,3.014e-25,3.701e-19,,,1.277e-21,6.645e-17,9.124e-5,1.067e-28,6.708e-7,2.618e-22,7.402e-19,6.982e-17,2.416e-2,4.578e-17,1.860e-17,1.792e-10,3.846e+0,,,,,1.147e+0,,,8.808e-19,,,,,,,,,,1.228e-18,
633.95,8.307e+0,1.462e-20,5.273e-29,7.732e-44,2.693e-18,,,1.508e-18,3.002e-3,,9.485e-16,2.056e-1,3.406e-26,9.115e-18,2.811e+0,2.143e-19,8.282e-20,4.341e-18,,1.618e-17,1.921e-18,1.818e-28,3.454e-17,,3.015e-25,3.700e-19,,,1.274e-21,6.646e-17,1.080e-4,1.067e-28,8.328e-7,2.620e-22,7.373e-19,6.984e-17,2.124e-2,4.571e-17,1.274e-17,2.416e-10,4.137e+0,,,,,1.129e+0,,,8.803e-19,,,,,,,,,,1.226e-18,
633.98,9.044e+0,1.462e-20,5.127e-29,7.706e-44,2.698e-18,,,1.508e-18,3.325e-3,,9.481e-16,1.944e-1,1.972e-26,9.115e-18,3.125e+0,1.492e-19,8.286e-20,2.722e-18,,1.621e-17,1.921e-18,2.797e-28,3.448e-17,,3.016e-25,3.699e-19,,,1.270e-21,6.649e-17,1.385e-4,1.067e-28,1.148e-6,2.622e-22,7.328e-19,6.986e-17,1.746e-2,4.562e-17,7.205e-18,3.770e-10,4.600e+0,,,,,1.103e+0,,,8.797e-19,,,,,,,,,,1.223e-18,
634,9.565e+0,1.463e-20,5.029e-29,7.688e-44,2.701e-18,,,1.508e-18,3.551e-3,,9.478e-16,1.867e-1,1.367e-26,9.115e-18,3.346e+0,1.169e-19,8.289e-20,1.990e-18,,1.623e-17,1.921e-18,3.718e-28,3.443e-17,,3.017e-25,3.698e-19,,,1.267e-21,6.651e-17,1.632e-4,1.067e-28,1.419e-6,2.624e-22,7.299e-19,6.988e-17,1.529e-2,4.556e-17,4.914e-18,5.058e-10,4.926e+0,,,,,1.087e+0,,,8.793e-19,,,,,,,,,,1.221e-18,
634.03,1.039e+1,1.463e-20,4.882e-29,7.662e-44,2.706e-18,,,1.507e-18,3.905e-3,,9.473e-16,1.752e-1,7.859e-27,9.115e-18,3.695e+0,8.083e-20,8.293e-20,1.239e-18,,1.625e-17,1.922e-18,5.679e-28,3.437e-17,,3.018e-25,3.696e-19,,,1.263e-21,6.653e-17,2.079e-4,1.068e-28,1.942e-6,2.626e-22,7.254e-19,6.991e-17,1.249e-2,4.546e-17,2.758e-18,7.835e-10,5.439e+0,,,,,1.065e+0,,,8.787e-19,,,,,,,,,,1.218e-18,
634.05,1.097e+1,1.463e-20,4.784e-29,7.644e-44,2.709e-18,,,1.507e-18,4.150e-3,,9.471e-16,1.675e-1,5.421e-27,9.115e-18,3.937e+0,6.305e-20,8.296e-20,9.009e-19,,1.627e-17,1.922e-18,7.515e-28,3.433e-17,,3.019e-25,3.695e-19,,,1.260e-21,6.655e-17,2.438e-4,1.068e-28,2.389e-6,2.628e-22,7.225e-19,6.993e-17,1.090e-2,4.540e-17,1.872e-18,1.046e-9,5.796e+0,,,,,1.053e+0,,,8.783e-19,,,,,,,,,,1.216e-18,
634.08,1.188e+1,1.463e-20,4.637e-29,7.618e-44,2.714e-18,,,1.507e-18,4.531e-3,,9.466e-16,1.561e-1,3.094e-27,9.115e-18,4.316e+0,4.327e-20,8.300e-20,5.569e-19,,1.629e-17,1.923e-18,1.140e-27,3.426e-17,,3.020e-25,3.693e-19,,,1.255e-21,6.658e-17,3.083e-4,1.068e-28,3.247e-6,2.630e-22,7.180e-19,6.995e-17,8.875e-3,4.530e-17,1.043e-18,1.609e-9,6.354e+0,,,,,1.037e+0,,,8.776e-19,,,,,,,,,,1.213e-18,
634.1,1.251e+1,1.464e-20,4.539e-29,7.600e-44,2.718e-18,,,1.507e-18,4.793e-3,,9.463e-16,1.485e-1,2.124e-27,9.114e-18,4.578e+0,3.359e-20,8.302e-20,4.031e-19,,1.631e-17,1.923e-18,1.501e-27,3.422e-17,,3.021e-25,3.692e-19,,,1.253e-21,6.660e-17,3.598e-4,1.068e-28,3.975e-6,2.632e-22,7.151e-19,6.997e-17,7.733e-3,4.524e-17,7.046e-19,2.139e-9,6.739e+0,,,,,1.029e+0,,,8.772e-19,,,,,,,,,,1.211e-18,
634.13,1.349e+1,1.464e-20,4.392e-29,7.574e-44,2.723e-18,,,1.507e-18,5.196e-3,,9.459e-16,1.374e-1,1.204e-27,9.114e-18,4.983e+0,2.289e-20,8.306e-20,2.474e-19,,1.634e-17,1.924e-18,2.260e-27,3.416e-17,,3.022e-25,3.691e-19,,,1.248e-21,6.662e-17,4.519e-4,1.068e-28,5.366e-6,2.634e-22,7.106e-19,7.000e-17,6.293e-3,4.514e-17,3.898e-19,3.267e-9,7.335e+0,,,,,1.022e+0,,,8.766e-19,,,,,,,,,,1.208e-18,
634.15,1.416e+1,1.464e-20,4.294e-29,7.556e-44,2.726e-18,,,1.507e-18,5.471e-3,,9.456e-16,1.301e-1,8.222e-28,9.114e-18,5.260e+0,1.768e-20,8.309e-20,1.782e-19,,1.635e-17,1.924e-18,2.963e-27,3.411e-17,,3.023e-25,3.690e-19,,,1.246e-21,6.664e-17,5.248e-4,1.068e-28,6.537e-6,2.636e-22,7.077e-19,7.001e-17,5.494e-3,4.508e-17,2.620e-19,4.323e-9,7.743e+0,,,,,1.020e+0,,,8.762e-19,,,,,,,,,,1.206e-18,
634.18,1.521e+1,1.465e-20,4.147e-29,7.529e-44,2.731e-18,,,1.507e-18,5.889e-3,,9.452e-16,1.195e-1,4.625e-28,9.114e-18,5.685e+0,1.196e-20,8.313e-20,1.086e-19,,1.638e-17,1.925e-18,4.430e-27,3.405e-17,,3.024e-25,3.688e-19,,,1.241e-21,6.666e-17,6.544e-4,1.068e-28,8.761e-6,2.639e-22,7.032e-19,7.004e-17,4.506e-3,4.498e-17,2.614e-19,6.556e-9,8.368e+0,,,,,1.022e+0,,,8.756e-19,,,,,,,,,,1.203e-18,
634.2,1.591e+1,1.465e-20,4.049e-29,7.512e-44,2.734e-18,,,1.507e-18,6.170e-3,,9.449e-16,1.127e-1,3.145e-28,9.114e-18,5.973e+0,9.196e-21,8.316e-20,7.784e-20,,1.640e-17,1.925e-18,5.780e-27,3.401e-17,,3.024e-25,3.687e-19,,,1.238e-21,6.668e-17,7.564e-4,1.068e-28,1.062e-5,2.640e-22,7.003e-19,7.006e-17,3.972e-3,4.492e-17,2.609e-19,8.633e-9,8.792e+0,,,,,1.026e+0,,,8.751e-19,,,,,,,,,,1.202e-18,
634.22,1.663e+1,1.465e-20,3.951e-29,7.494e-44,2.737e-18,,,1.507e-18,6.453e-3,,9.446e-16,1.060e-1,2.134e-28,9.114e-18,6.263e+0,7.057e-21,8.318e-20,5.570e-20,,1.641e-17,1.926e-18,7.526e-27,3.397e-17,,3.025e-25,3.686e-19,,,1.236e-21,6.670e-17,8.727e-4,1.068e-28,1.286e-5,2.642e-22,6.973e-19,7.008e-17,3.527e-3,4.486e-17,2.605e-19,1.135e-8,9.220e+0,,,,,1.034e+0,,,8.747e-19,,,,,,,,,,1.200e-18,
634.25,1.772e+1,1.465e-20,3.804e-29,7.468e-44,2.742e-18,,,1.507e-18,6.877e-3,,9.442e-16,9.639e-2,1.188e-28,9.113e-18,6.702e+0,4.726e-21,8.322e-20,3.359e-20,,1.644e-17,1.926e-18,1.114e-26,3.390e-17,,3.026e-25,3.684e-19,,,1.231e-21,6.673e-17,1.078e-3,1.068e-28,1.706e-5,2.644e-22,6.929e-19,7.010e-17,3.009e-3,4.476e-17,2.599e-19,1.704e-8,9.865e+0,,,,,1.051e+0,,,8.741e-19,,,,,,,,,,1.197e-18,
634.27,1.846e+1,1.466e-20,3.707e-29,7.450e-44,2.745e-18,,,1.507e-18,7.158e-3,,9.439e-16,9.026e-2,8.025e-29,9.113e-18,6.994e+0,3.609e-21,8.325e-20,2.392e-20,,1.646e-17,1.926e-18,1.444e-26,3.386e-17,,3.027e-25,3.683e-19,,,1.228e-21,6.674e-17,1.237e-3,1.068e-28,2.055e-5,2.646e-22,6.899e-19,7.012e-17,2.755e-3,4.470e-17,2.594e-19,2.229e-8,1.030e+1,,,,,1.066e+0,,,8.737e-19,,,,,,,,,,1.195e-18,
634.3,1.956e+1,1.466e-20,3.560e-29,7.424e-44,2.750e-18,,,1.507e-18,7.575e-3,,9.435e-16,8.149e-2,4.437e-29,9.113e-18,7.431e+0,2.400e-21,8.329e-20,1.432e-20,,1.648e-17,1.927e-18,2.123e-26,3.380e-17,,3.028e-25,3.682e-19,,,1.224e-21,6.677e-17,1.517e-3,1.068e-28,2.708e-5,2.648e-22,6.855e-19,7.015e-17,2.498e-3,4.460e-17,2.588e-19,3.323e-8,1.094e+1,,,,,1.094e+0,,,8.731e-19,,,,,,,,,,1.192e-18,
634.32,2.028e+1,1.466e-20,3.462e-29,7.406e-44,2.754e-18,,,1.507e-18,7.847e-3,,9.432e-16,7.594e-2,1.375e-29,9.113e-18,7.719e+0,1.824e-21,8.332e-20,1.015e-20,,1.650e-17,1.927e-18,2.739e-26,3.375e-17,,3.029e-25,3.681e-19,,,1.221e-21,6.679e-17,1.734e-3,1.068e-28,3.247e-5,2.650e-22,6.825e-19,7.017e-17,2.404e-3,4.454e-17,2.584e-19,4.326e-8,1.136e+1,,,,,1.116e+0,,,8.727e-19,,,,,,,,,,1.190e-18,
634.35,2.136e+1,1.466e-20,3.315e-29,7.380e-44,2.758e-18,,,1.507e-18,8.245e-3,,9.427e-16,6.807e-2,1.376e-29,9.113e-18,8.142e+0,1.204e-21,8.336e-20,6.035e-21,,1.652e-17,1.928e-18,3.998e-26,3.369e-17,,3.030e-25,3.679e-19,,,1.217e-21,6.681e-17,2.110e-3,1.068e-28,4.248e-5,2.653e-22,6.781e-19,7.019e-17,2.376e-3,4.445e-17,2.577e-19,6.405e-8,1.199e+1,,,,,1.156e+0,,,8.720e-19,,,,,,,,,,1.187e-18,
634.37,2.207e+1,1.467e-20,3.217e-29,7.362e-44,2.762e-18,,,1.507e-18,8.501e-3,,9.425e-16,6.313e-2,1.377e-29,9.113e-18,8.417e+0,9.108e-22,8.338e-20,4.257e-21,,1.654e-17,1.928e-18,5.133e-26,3.365e-17,,3.031e-25,3.678e-19,,,1.214e-21,6.683e-17,2.400e-3,1.068e-28,5.069e-5,2.654e-22,6.751e-19,7.021e-17,2.430e-3,4.438e-17,2.573e-19,8.300e-8,1.239e+1,,,,,1.186e+0,,,8.716e-19,,,,,,,,,,1.185e-18,
634.4,2.310e+1,1.467e-20,3.070e-29,7.335e-44,2.767e-18,,,1.507e-18,8.868e-3,,9.420e-16,5.619e-2,1.377e-29,9.112e-18,8.816e+0,5.970e-22,8.342e-20,2.512e-21,,1.657e-17,1.929e-18,7.440e-26,3.358e-17,,3.032e-25,3.677e-19,,,1.210e-21,6.686e-17,2.901e-3,1.068e-28,6.584e-5,2.657e-22,6.707e-19,7.024e-17,2.622e-3,4.429e-17,2.567e-19,1.220e-7,1.298e+1,,,,,1.237e+0,,,8.710e-19,,,,,,,,,,1.182e-18,
634.42,2.376e+1,1.467e-20,4.536e-29,7.318e-44,2.770e-18,,,1.507e-18,9.100e-3,,9.417e-16,5.187e-2,1.378e-29,9.112e-18,9.071e+0,4.494e-22,8.345e-20,1.764e-21,,1.658e-17,1.929e-18,9.507e-26,3.354e-17,,3.033e-25,3.675e-19,,,1.207e-21,6.687e-17,3.284e-3,1.068e-28,7.820e-5,2.658e-22,6.677e-19,7.026e-17,2.827e-3,4.422e-17,2.562e-19,1.574e-7,1.335e+1,,,,,1.274e+0,,,8.706e-19,,,,,,,,,,1.180e-18,
634.45,2.472e+1,1.468e-20,8.117e-29,7.291e-44,2.775e-18,,,1.506e-18,9.426e-3,,9.413e-16,4.583e-2,1.379e-29,9.112e-18,9.433e+0,2.924e-22,8.349e-20,1.033e-21,,1.661e-17,1.930e-18,1.368e-25,3.348e-17,,3.034e-25,3.674e-19,,,1.203e-21,6.690e-17,3.942e-3,1.068e-28,1.009e-4,2.661e-22,6.633e-19,7.028e-17,3.254e-3,4.413e-17,2.556e-19,2.297e-7,1.389e+1,,,,,1.335e+0,,,8.700e-19,,,,,,,,,,1.177e-18,
634.47,2.532e+1,1.468e-20,1.194e-28,7.274e-44,2.778e-18,,,1.506e-18,9.627e-3,,9.410e-16,4.210e-2,1.379e-29,9.112e-18,9.660e+0,2.191e-22,8.352e-20,7.219e-22,,1.663e-17,1.930e-18,1.740e-25,3.344e-17,,3.035e-25,3.673e-19,,,1.200e-21,6.692e-17,4.441e-3,1.068e-28,1.192e-4,2.662e-22,6.603e-19,7.030e-17,3.626e-3,4.407e-17,2.552e-19,2.949e-7,1.422e+1,,,,,1.378e+0,,,8.695e-19,,,,,,,,,,1.175e-18,
634.5,2.616e+1,1.468e-20,2.121e-28,7.247e-44,2.783e-18,,,1.506e-18,9.902e-3,,9.406e-16,3.694e-2,1.380e-29,9.112e-18,9.975e+0,1.415e-22,8.356e-20,4.200e-22,,1.665e-17,1.931e-18,2.487e-25,3.337e-17,,3.036e-25,3.671e-19,,,1.196e-21,6.694e-17,5.293e-3,1.068e-28,1.527e-4,2.665e-22,6.559e-19,7.033e-17,4.326e-3,4.397e-17,2.545e-19,4.274e-7,1.468e+1,,,,,1.448e+0,,,8.689e-19,,,,,,,,,,1.172e-18,
634.52,2.668e+1,1.468e-20,3.104e-28,7.230e-44,2.786e-18,,,1.506e-18,1.006e-2,,9.403e-16,3.378e-2,1.381e-29,9.112e-18,1.017e+1,1.055e-22,8.358e-20,2.920e-22,,1.667e-17,1.931e-18,3.148e-25,3.333e-17,,3.036e-25,3.670e-19,,,1.193e-21,6.696e-17,5.935e-3,1.069e-28,1.796e-4,2.667e-22,6.530e-19,7.035e-17,4.897e-3,4.391e-17,2.541e-19,5.461e-7,1.496e+1,,,,,1.497e+0,,,8.685e-19,,,,,,,,,,1.170e-18,
634.55,2.739e+1,1.469e-20,5.478e-28,7.203e-44,2.791e-18,,,1.506e-18,1.028e-2,,9.399e-16,2.942e-2,1.382e-29,9.111e-18,1.042e+1,6.769e-23,8.362e-20,1.686e-22,,1.669e-17,1.932e-18,4.468e-25,3.327e-17,,3.038e-25,3.669e-19,,,1.189e-21,6.699e-17,7.023e-3,1.069e-28,2.284e-4,2.669e-22,6.485e-19,7.037e-17,5.931e-3,4.381e-17,2.535e-19,7.859e-7,1.534e+1,,,,,1.573e+0,,,8.679e-19,,,,,,,,,,1.167e-18,
634.57,2.781e+1,1.469e-20,7.980e-28,7.185e-44,2.794e-18,,,1.506e-18,1.040e-2,,9.396e-16,2.677e-2,1.382e-29,9.111e-18,1.057e+1,5.022e-23,8.365e-20,1.167e-22,,1.671e-17,1.932e-18,5.629e-25,3.322e-17,,3.038e-25,3.668e-19,,,1.186e-21,6.700e-17,7.838e-3,1.069e-28,2.675e-4,2.671e-22,6.456e-19,7.039e-17,6.751e-3,4.375e-17,2.530e-19,9.994e-7,1.556e+1,,,,,1.626e+0,,,8.675e-19,,,,,,,,,,1.165e-18,
634.59,2.819e+1,1.469e-20,1.160e-27,7.168e-44,2.798e-18,,,1.506e-18,1.050e-2,,9.393e-16,2.432e-2,1.383e-29,9.111e-18,1.070e+1,3.719e-23,8.368e-20,8.057e-23,,1.673e-17,1.932e-18,7.078e-25,3.318e-17,,3.039e-25,3.666e-19,,,1.183e-21,6.702e-17,8.731e-3,1.069e-28,3.127e-4,2.672e-22,6.426e-19,7.041e-17,7.689e-3,4.368e-17,2.526e-19,1.269e-6,1.576e+1,,,,,1.680e+0,,,8.670e-19,,,,,,,,,,1.163e-18,
634.62,2.867e+1,1.470e-20,2.027e-27,7.141e-44,2.803e-18,,,1.506e-18,1.062e-2,,9.389e-16,2.097e-2,1.384e-29,9.111e-18,1.086e+1,2.362e-23,8.372e-20,4.607e-23,,1.675e-17,1.933e-18,9.946e-25,3.312e-17,,3.040e-25,3.665e-19,,,1.179e-21,6.705e-17,1.023e-2,1.069e-28,3.937e-4,2.675e-22,6.382e-19,7.044e-17,9.339e-3,4.359e-17,2.520e-19,1.808e-6,1.599e+1,,,,,1.763e+0,,,8.664e-19,,,,,,,,,,1.161e-18,
634.64,2.893e+1,1.470e-20,2.934e-27,7.124e-44,2.806e-18,,,1.506e-18,1.067e-2,,9.386e-16,1.896e-2,1.384e-29,9.111e-18,1.095e+1,1.741e-23,8.374e-20,3.166e-23,,1.677e-17,1.933e-18,1.245e-24,3.307e-17,,3.041e-25,3.664e-19,,,1.176e-21,6.706e-17,1.134e-2,1.069e-28,4.579e-4,2.676e-22,6.352e-19,7.045e-17,1.062e-2,4.353e-17,2.515e-19,2.284e-6,1.612e+1,,,,,1.819e+0,,,8.660e-19,,,,,,,,,,1.159e-18,
634.67,2.923e+1,1.470e-20,5.091e-27,7.097e-44,2.811e-18,,,1.506e-18,1.071e-2,,9.381e-16,1.623e-2,1.385e-29,9.111e-18,1.103e+1,1.097e-23,8.378e-20,1.797e-23,,1.680e-17,1.934e-18,1.737e-24,3.301e-17,,3.042e-25,3.662e-19,,,1.172e-21,6.709e-17,1.319e-2,1.069e-28,5.725e-4,2.679e-22,6.308e-19,7.048e-17,1.286e-2,4.343e-17,2.509e-19,3.231e-6,1.624e+1,,,,,1.904e+0,,,8.654e-19,,,,,,,,,,1.156e-18,
634.69,2.937e+1,1.470e-20,7.333e-27,7.080e-44,2.814e-18,,,1.506e-18,1.071e-2,,9.378e-16,1.460e-2,1.386e-29,9.111e-18,1.107e+1,8.050e-24,8.381e-20,1.229e-23,,1.681e-17,1.934e-18,2.164e-24,3.297e-17,,3.043e-25,3.661e-19,,,1.169e-21,6.711e-17,1.456e-2,1.069e-28,6.628e-4,2.681e-22,6.278e-19,7.050e-17,1.457e-2,4.337e-17,2.505e-19,4.063e-6,1.629e+1,,,,,1.960e+0,,,8.650e-19,,,,,,,,,,1.154e-18,
634.72,2.948e+1,1.471e-20,1.263e-26,7.053e-44,2.819e-18,,,1.506e-18,1.068e-2,,9.374e-16,1.242e-2,1.387e-29,9.110e-18,1.107e+1,5.039e-24,8.385e-20,6.928e-24,,1.684e-17,1.935e-18,2.997e-24,3.290e-17,,3.044e-25,3.660e-19,,,1.165e-21,6.713e-17,1.681e-2,1.069e-28,8.228e-4,2.683e-22,6.234e-19,7.053e-17,1.754e-2,4.327e-17,2.498e-19,5.709e-6,1.630e+1,,,,,2.044e+0,,,8.643e-19,,,,,,,,,,1.151e-18,
634.74,2.948e+1,1.471e-20,1.811e-26,7.036e-44,2.822e-18,,,1.506e-18,1.063e-2,,9.371e-16,1.112e-2,1.387e-29,9.110e-18,1.105e+1,3.678e-24,8.388e-20,4.715e-24,,1.686e-17,1.935e-18,3.716e-24,3.286e-17,,3.045e-25,3.659e-19,,,1.162e-21,6.715e-17,1.847e-2,1.069e-28,9.481e-4,2.685e-22,6.204e-19,7.054e-17,1.981e-2,4.321e-17,2.494e-19,7.144e-6,1.627e+1,,,,,2.099e+0,,,8.639e-19,,,,,,,,,,1.149e-18,
634.77,2.939e+1,1.471e-20,3.099e-26,7.009e-44,2.827e-18,,,1.506e-18,1.052e-2,,9.367e-16,9.384e-3,1.388e-29,9.110e-18,1.098e+1,2.286e-24,8.392e-20,2.638e-24,,1.688e-17,1.936e-18,5.112e-24,3.280e-17,,3.046e-25,3.657e-19,,,1.157e-21,6.718e-17,2.118e-2,1.069e-28,1.169e-3,2.687e-22,6.160e-19,7.057e-17,2.369e-2,4.311e-17,2.488e-19,9.967e-6,1.616e+1,,,,,2.179e+0,,,8.633e-19,,,,,,,,,,1.146e-18,
634.79,2.927e+1,1.471e-20,4.422e-26,6.991e-44,2.830e-18,,,1.506e-18,1.042e-2,,9.364e-16,8.362e-3,1.389e-29,9.110e-18,1.091e+1,1.661e-24,8.394e-20,1.787e-24,,1.690e-17,1.936e-18,6.308e-24,3.276e-17,,3.047e-25,3.656e-19,,,1.155e-21,6.719e-17,2.315e-2,1.069e-28,1.340e-3,2.689e-22,6.130e-19,7.059e-17,2.663e-2,4.305e-17,2.483e-19,1.241e-5,1.606e+1,,,,,2.231e+0,,,8.629e-19,,,,,,,,,,1.144e-18,
634.82,2.899e+1,1.472e-20,7.511e-26,6.965e-44,2.835e-18,,,1.506e-18,1.024e-2,,9.360e-16,7.008e-3,1.390e-29,9.110e-18,1.076e+1,1.025e-24,8.398e-20,9.928e-25,,1.692e-17,1.937e-18,8.617e-24,3.269e-17,,3.048e-25,3.654e-19,,,1.150e-21,6.722e-17,2.636e-2,1.069e-28,1.640e-3,2.691e-22,6.086e-19,7.062e-17,3.163e-2,4.296e-17,2.477e-19,1.720e-5,1.584e+1,,,,,2.306e+0,,,8.623e-19,,,,,,,,,,1.141e-18,
634.84,2.874e+1,1.472e-20,1.067e-25,6.947e-44,2.839e-18,,,1.506e-18,1.010e-2,,9.357e-16,6.215e-3,1.390e-29,9.110e-18,1.064e+1,7.408e-25,8.401e-20,6.693e-25,,1.694e-17,1.937e-18,1.058e-23,3.265e-17,,3.048e-25,3.653e-19,,,1.148e-21,6.724e-17,2.868e-2,1.069e-28,1.872e-3,2.693e-22,6.056e-19,7.063e-17,3.539e-2,4.289e-17,2.473e-19,2.132e-5,1.566e+1,,,,,2.353e+0,,,8.618e-19,,,,,,,,,,1.139e-18,
634.87,2.828e+1,1.472e-20,1.800e-25,6.921e-44,2.843e-18,,,1.506e-18,9.856e-3,,9.353e-16,5.172e-3,1.391e-29,9.109e-18,1.042e+1,4.538e-25,8.405e-20,6.649e-25,,1.697e-17,1.937e-18,1.435e-23,3.259e-17,,3.050e-25,3.652e-19,,,1.143e-21,6.726e-17,3.243e-2,1.069e-28,2.275e-3,2.695e-22,6.012e-19,7.066e-17,4.175e-2,4.280e-17,2.466e-19,2.933e-5,1.534e+1,,,,,2.420e+0,,,8.612e-19,,,,,,,,,,1.136e-18,
634.89,2.791e+1,1.473e-20,2.544e-25,6.903e-44,2.847e-18,,,1.505e-18,9.672e-3,,9.350e-16,4.565e-3,1.392e-29,9.109e-18,1.026e+1,3.265e-25,8.408e-20,6.619e-25,,1.698e-17,1.938e-18,1.755e-23,3.254e-17,,3.050e-25,3.651e-19,,,1.140e-21,6.728e-17,3.511e-2,1.069e-28,2.585e-3,2.697e-22,5.982e-19,7.068e-17,4.650e-2,6.325e-17,2.462e-19,3.619e-5,1.510e+1,,,,,2.461e+0,,,8.608e-19,,,,,,,,,,1.134e-18,
634.92,2.729e+1,1.473e-20,4.261e-25,6.877e-44,2.852e-18,,,1.505e-18,9.371e-3,,9.345e-16,3.772e-3,1.393e-29,9.109e-18,9.975e+0,1.986e-25,8.412e-20,6.574e-25,,1.701e-17,1.938e-18,2.363e-23,3.248e-17,,3.051e-25,3.649e-19,,,1.136e-21,6.731e-17,3.942e-2,1.069e-28,3.119e-3,2.699e-22,5.938e-19,7.071e-17,5.447e-2,1.133e-16,2.456e-19,4.942e-5,1.468e+1,,,,,2.518e+0,,,8.602e-19,,,,,,,,,,1.131e-18,
634.94,2.682e+1,1.473e-20,5.996e-25,6.859e-44,2.855e-18,,,1.505e-18,9.153e-3,,9.343e-16,3.313e-3,1.393e-29,9.109e-18,9.768e+0,1.422e-25,8.414e-20,6.544e-25,,1.703e-17,1.939e-18,2.875e-23,3.244e-17,,3.052e-25,3.648e-19,,,1.133e-21,6.732e-17,4.248e-2,1.069e-28,3.527e-3,2.701e-22,5.908e-19,7.072e-17,6.038e-2,1.666e-16,2.451e-19,6.070e-5,1.438e+1,,,,,2.553e+0,,,8.598e-19,,,,,,,,,,1.129e-18,
634.96,2.632e+1,1.473e-20,8.421e-25,6.842e-44,2.858e-18,,,1.505e-18,8.924e-3,,9.340e-16,2.905e-3,1.394e-29,9.109e-18,9.548e+0,1.016e-25,8.417e-20,6.515e-25,,1.704e-17,1.939e-18,3.492e-23,3.240e-17,,3.053e-25,3.647e-19,,,1.130e-21,6.734e-17,4.569e-2,1.069e-28,3.981e-3,2.703e-22,5.879e-19,7.074e-17,6.681e-2,2.446e-16,2.447e-19,7.440e-5,1.406e+1,,,,,2.584e+0,,,8.594e-19,,,,,,,,,,1.127e-18,
634.99,2.550e+1,1.474e-20,1.397e-24,6.815e-44,2.863e-18,,,1.505e-18,8.560e-3,,9.335e-16,2.376e-3,1.395e-29,9.109e-18,9.195e+0,6.120e-26,8.421e-20,6.470e-25,,1.707e-17,1.940e-18,4.656e-23,3.233e-17,,3.054e-25,3.645e-19,,,1.126e-21,6.737e-17,5.079e-2,1.069e-28,4.756e-3,2.705e-22,5.834e-19,7.077e-17,7.749e-2,4.337e-16,2.441e-19,1.006e-4,1.353e+1,,,,,2.624e+0,,,8.587e-19,,,,,,,,,,1.124e-18,
635.01,2.491e+1,1.474e-20,1.952e-24,6.797e-44,2.866e-18,,,1.505e-18,8.305e-3,,9.332e-16,2.074e-3,1.395e-29,9.109e-18,8.945e+0,4.353e-26,8.424e-20,6.440e-25,,1.709e-17,1.940e-18,5.627e-23,3.229e-17,,3.055e-25,3.644e-19,,,1.123e-21,6.739e-17,5.438e-2,1.069e-28,5.342e-3,2.707e-22,5.805e-19,7.079e-17,8.533e-2,6.338e-16,2.436e-19,1.228e-4,1.317e+1,,,,,2.647e+0,,,8.583e-19,,,,,,,,,,1.122e-18,
635.04,2.399e+1,1.474e-20,3.215e-24,6.771e-44,2.871e-18,,,1.505e-18,7.910e-3,,9.328e-16,1.684e-3,1.396e-29,9.108e-18,8.552e+0,2.602e-26,8.428e-20,6.395e-25,,1.711e-17,1.941e-18,7.451e-23,3.223e-17,,3.056e-25,3.643e-19,,,1.119e-21,6.741e-17,6.002e-2,1.070e-28,6.338e-3,2.709e-22,5.760e-19,7.081e-17,9.827e-2,1.116e-15,2.430e-19,1.649e-4,1.259e+1,,,,,2.675e+0,,,8.577e-19,,,,,,,,,,1.120e-18,
635.06,2.335e+1,1.474e-20,4.474e-24,6.753e-44,2.875e-18,,,1.505e-18,7.639e-3,,9.325e-16,1.463e-3,1.397e-29,9.108e-18,8.281e+0,1.842e-26,8.430e-20,6.366e-25,,1.713e-17,1.941e-18,8.964e-23,3.218e-17,,3.057e-25,3.642e-19,,,1.116e-21,6.743e-17,6.395e-2,1.070e-28,7.085e-3,2.711e-22,5.731e-19,7.083e-17,1.077e-1,1.623e-15,2.426e-19,2.002e-4,1.219e+1,,,,,2.689e+0,,,8.573e-19,,,,,,,,,,1.118e-18,
635.09,2.235e+1,1.475e-20,7.316e-24,6.727e-44,2.879e-18,,,1.505e-18,7.224e-3,,9.321e-16,1.179e-3,1.398e-29,9.108e-18,7.861e+0,1.093e-26,8.434e-20,6.321e-25,,1.715e-17,1.942e-18,1.179e-22,3.212e-17,,3.058e-25,3.640e-19,,,1.112e-21,6.746e-17,7.008e-2,1.070e-28,8.346e-3,2.713e-22,5.686e-19,7.086e-17,1.232e-1,2.838e-15,2.419e-19,2.669e-4,1.157e+1,,,,,2.704e+0,,,8.567e-19,,,,,,,,,,1.115e-18,
635.11,2.166e+1,1.475e-20,1.013e-23,6.709e-44,2.883e-18,,,1.505e-18,6.943e-3,,9.318e-16,1.019e-3,1.398e-29,9.108e-18,7.575e+0,7.702e-27,8.437e-20,6.291e-25,,1.717e-17,1.942e-18,1.411e-22,3.208e-17,,3.059e-25,3.639e-19,,,1.109e-21,6.747e-17,7.432e-2,1.070e-28,9.287e-3,2.715e-22,5.657e-19,7.088e-17,1.344e-1,4.109e-15,2.415e-19,3.226e-4,1.115e+1,,,,,2.709e+0,,,8.562e-19,,,,,,,,,,1.113e-18,
635.14,2.061e+1,1.475e-20,1.645e-23,6.683e-44,2.888e-18,,,1.505e-18,6.519e-3,,9.314e-16,8.162e-4,1.399e-29,9.108e-18,7.141e+0,4.538e-27,8.441e-20,6.247e-25,,1.720e-17,1.942e-18,1.842e-22,3.201e-17,,3.060e-25,3.637e-19,,,1.105e-21,6.750e-17,8.087e-2,1.070e-28,1.086e-2,2.718e-22,5.612e-19,7.090e-17,1.526e-1,7.132e-15,2.409e-19,4.271e-4,1.051e+1,,,,,2.710e+0,,,8.556e-19,,,,,,,,,,1.110e-18,
635.16,1.991e+1,1.476e-20,2.268e-23,6.665e-44,2.891e-18,,,1.505e-18,6.236e-3,,9.311e-16,7.021e-4,1.400e-29,9.108e-18,6.849e+0,3.182e-27,8.444e-20,6.217e-25,,1.721e-17,1.943e-18,2.195e-22,3.197e-17,,3.060e-25,3.636e-19,,,1.102e-21,6.752e-17,8.535e-2,1.070e-28,1.203e-2,2.719e-22,5.583e-19,7.092e-17,1.656e-1,1.028e-14,2.404e-19,5.138e-4,1.008e+1,,,,,2.706e+0,,,8.552e-19,,,,,,,,,,1.108e-18,
635.19,1.884e+1,1.476e-20,3.657e-23,6.639e-44,2.896e-18,,,1.505e-18,5.814e-3,,9.307e-16,5.581e-4,1.400e-29,9.107e-18,6.410e+0,1.861e-27,8.448e-20,6.172e-25,,1.724e-17,1.943e-18,2.846e-22,3.191e-17,,3.062e-25,3.635e-19,,,1.098e-21,6.754e-17,9.222e-2,1.070e-28,1.397e-2,2.722e-22,5.539e-19,7.095e-17,1.867e-1,1.772e-14,2.398e-19,6.754e-4,9.434e+0,,,,,2.694e+0,,,8.546e-19,,,,,,,,,,1.105e-18,
635.21,1.813e+1,1.476e-20,5.017e-23,6.621e-44,2.899e-18,,,1.505e-18,5.535e-3,,9.304e-16,4.778e-4,1.401e-29,9.107e-18,6.119e+0,1.299e-27,8.450e-20,6.142e-25,,1.726e-17,1.944e-18,3.375e-22,3.186e-17,,3.062e-25,3.634e-19,,,1.095e-21,6.756e-17,9.687e-2,1.070e-28,1.540e-2,2.723e-22,5.509e-19,7.097e-17,2.018e-1,2.541e-14,2.394e-19,8.087e-4,9.005e+0,,,,,2.681e+0,,,8.542e-19,,,,,,,,,,1.103e-18,
635.24,1.707e+1,1.477e-20,8.033e-23,6.595e-44,2.904e-18,,,1.505e-18,5.124e-3,,9.299e-16,3.771e-4,1.402e-29,9.107e-18,5.686e+0,7.544e-28,8.454e-20,6.098e-25,,1.728e-17,1.944e-18,4.345e-22,3.180e-17,,3.063e-25,3.632e-19,,,1.091e-21,6.759e-17,1.039e-1,1.070e-28,1.776e-2,2.726e-22,5.465e-19,7.099e-17,2.259e-1,4.350e-14,2.387e-19,1.056e-3,8.368e+0,,,,,2.657e+0,,,8.535e-19,,,,,,,,,,1.100e-18,
635.26,1.637e+1,1.477e-20,1.097e-22,6.577e-44,2.907e-18,,,1.505e-18,4.855e-3,,9.296e-16,3.213e-4,1.403e-29,9.107e-18,5.402e+0,5.239e-28,8.457e-20,6.068e-25,,1.730e-17,1.945e-18,5.129e-22,3.176e-17,,3.064e-25,3.631e-19,,,1.088e-21,6.760e-17,1.087e-1,1.070e-28,1.948e-2,2.728e-22,5.435e-19,7.101e-17,2.429e-1,6.210e-14,2.383e-19,1.258e-3,7.950e+0,,,,,2.636e+0,,,8.531e-19,,,,,,,,,,1.098e-18,
635.29,1.533e+1,1.477e-20,1.744e-22,6.550e-44,2.912e-18,,,1.505e-18,4.462e-3,,9.292e-16,2.518e-4,1.403e-29,9.107e-18,4.985e+0,3.021e-28,8.461e-20,6.023e-25,,1.732e-17,1.945e-18,6.555e-22,3.169e-17,,3.065e-25,3.630e-19,,,1.084e-21,6.763e-17,1.157e-1,1.070e-28,2.230e-2,2.730e-22,5.391e-19,7.104e-17,2.700e-1,1.056e-13,2.377e-19,1.630e-3,7.335e+0,,,,,2.600e+0,,,8.525e-19,,,,,,,,,,1.095e-18,
635.31,1.466e+1,1.477e-20,2.370e-22,6.533e-44,2.915e-18,,,1.504e-18,4.208e-3,,9.289e-16,2.135e-4,1.404e-29,9.107e-18,4.714e+0,2.088e-28,8.464e-20,5.993e-25,,1.734e-17,1.946e-18,7.702e-22,3.165e-17,,3.066e-25,3.628e-19,,,1.081e-21,6.765e-17,1.204e-1,1.070e-28,2.435e-2,2.732e-22,5.361e-19,7.106e-17,2.891e-1,1.500e-13,2.372e-19,1.934e-3,6.936e+0,,,,,2.572e+0,,,8.521e-19,,,,,,,,,,1.093e-18,
635.33,1.400e+1,1.478e-20,3.215e-22,6.515e-44,2.919e-18,,,1.504e-18,3.961e-3,,9.286e-16,1.807e-4,1.405e-29,9.107e-18,4.449e+0,1.440e-28,8.466e-20,5.964e-25,,1.736e-17,1.946e-18,9.032e-22,3.161e-17,,3.067e-25,3.627e-19,,,1.078e-21,6.766e-17,1.251e-1,1.070e-28,2.654e-2,2.733e-22,5.331e-19,7.107e-17,3.088e-1,2.127e-13,2.368e-19,2.289e-3,6.545e+0,,,,,2.541e+0,,,8.517e-19,,,,,,,,,,1.091e-18,
635.36,1.304e+1,1.478e-20,5.062e-22,6.489e-44,2.924e-18,,,1.504e-18,3.605e-3,,9.282e-16,1.402e-4,1.405e-29,9.106e-18,4.066e+0,8.222e-29,8.470e-20,5.919e-25,,1.738e-17,1.946e-18,1.143e-21,3.155e-17,,3.068e-25,3.626e-19,,,1.074e-21,6.769e-17,1.319e-1,1.070e-28,3.009e-2,2.736e-22,5.287e-19,7.110e-17,3.399e-1,3.581e-13,2.362e-19,2.938e-3,5.979e+0,,,,,2.491e+0,,,8.510e-19,,,,,,,,,,1.088e-18,
635.38,1.243e+1,1.478e-20,6.835e-22,6.471e-44,2.927e-18,,,1.504e-18,3.377e-3,,9.279e-16,1.181e-4,1.406e-29,9.106e-18,3.819e+0,5.644e-29,8.473e-20,5.889e-25,,1.740e-17,1.947e-18,1.334e-21,3.150e-17,,3.069e-25,3.625e-19,,,1.071e-21,6.771e-17,1.364e-1,1.070e-28,3.264e-2,2.737e-22,5.258e-19,7.112e-17,3.614e-1,5.054e-13,2.357e-19,3.462e-3,5.616e+0,,,,,2.454e+0,,,8.506e-19,,,,,,,,,,1.086e-18,
635.41,1.154e+1,1.478e-20,1.069e-21,6.445e-44,2.932e-18,,,1.504e-18,3.051e-3,,9.275e-16,9.099e-5,1.407e-29,9.106e-18,3.466e+0,3.199e-29,8.477e-20,5.844e-25,,1.743e-17,1.947e-18,1.677e-21,3.144e-17,,3.070e-25,3.623e-19,,,1.067e-21,6.773e-17,1.428e-1,1.070e-28,3.674e-2,2.740e-22,5.213e-19,7.115e-17,3.949e-1,8.448e-13,2.351e-19,4.412e-3,5.094e+0,,,,,2.395e+0,,,8.500e-19,,,,,,,,,,1.083e-18,
635.43,1.097e+1,1.479e-20,1.436e-21,6.427e-44,2.935e-18,,,1.504e-18,2.845e-3,,9.272e-16,7.628e-5,1.408e-29,9.106e-18,3.241e+0,2.186e-29,8.480e-20,5.815e-25,,1.744e-17,1.948e-18,1.948e-21,3.140e-17,,3.071e-25,3.622e-19,,,1.064e-21,6.775e-17,1.469e-1,1.070e-28,3.966e-2,2.742e-22,5.184e-19,7.116e-17,4.180e-1,1.187e-12,2.347e-19,5.173e-3,4.762e+0,,,,,2.353e+0,,,8.496e-19,,,,,,,,,,1.081e-18,
635.46,1.016e+1,1.479e-20,2.229e-21,6.401e-44,2.940e-18,,,1.504e-18,2.553e-3,,9.268e-16,5.835e-5,1.408e-29,9.106e-18,2.922e+0,1.230e-29,8.484e-20,5.770e-25,,1.747e-17,1.948e-18,2.430e-21,3.133e-17,,3.072e-25,3.621e-19,,,1.059e-21,6.778e-17,1.528e-1,1.070e-28,4.433e-2,2.744e-22,5.139e-19,7.119e-17,4.535e-1,1.970e-12,2.340e-19,6.546e-3,4.288e+0,,,,,2.287e+0,,,8.490e-19,,,,,,,,,,1.079e-18,
635.48,9.643e+0,1.479e-20,2.982e-21,6.383e-44,2.943e-18,,,1.504e-18,2.369e-3,,9.265e-16,4.868e-5,1.409e-29,9.106e-18,2.720e+0,8.363e-30,8.486e-20,5.740e-25,,1.749e-17,1.949e-18,2.810e-21,3.129e-17,,3.072e-25,3.619e-19,,,1.057e-21,6.779e-17,1.564e-1,1.070e-28,4.763e-2,2.746e-22,5.110e-19,7.121e-17,4.777e-1,2.755e-12,2.336e-19,7.641e-3,3.990e+0,,,,,2.241e+0,,,8.485e-19,,,,,,,,,,1.077e-18,
635.51,8.914e+0,1.480e-20,4.597e-21,6.356e-44,2.948e-18,,,1.504e-18,2.110e-3,,9.260e-16,3.697e-5,1.410e-29,9.105e-18,2.436e+0,4.672e-30,8.490e-20,5.696e-25,,1.751e-17,1.949e-18,3.481e-21,3.123e-17,,3.074e-25,3.618e-19,,,1.052e-21,6.782e-17,1.615e-1,1.070e-28,5.286e-2,2.748e-22,5.065e-19,7.124e-17,5.147e-1,4.540e-12,2.330e-19,9.601e-3,3.568e+0,,,,,2.170e+0,,,8.479e-19,,,,,,,,,,1.074e-18,
635.53,8.457e+0,1.480e-20,6.120e-21,6.339e-44,2.951e-18,,,1.504e-18,1.949e-3,,9.258e-16,3.070e-5,1.410e-29,9.105e-18,2.259e+0,3.161e-30,8.493e-20,5.666e-25,,1.753e-17,1.950e-18,4.007e-21,3.119e-17,,3.074e-25,3.617e-19,,,1.050e-21,6.784e-17,1.646e-1,1.070e-28,5.653e-2,2.750e-22,5.036e-19,7.125e-17,5.396e-1,6.320e-12,2.325e-19,1.115e-2,3.303e+0,,,,,2.121e+0,,,8.475e-19,,,,,,,,,,1.072e-18,
635.56,7.813e+0,1.480e-20,9.367e-21,6.312e-44,2.956e-18,,,1.504e-18,1.724e-3,,9.253e-16,2.315e-5,1.411e-29,9.105e-18,2.011e+0,1.754e-30,8.497e-20,5.621e-25,,1.755e-17,1.950e-18,4.929e-21,3.112e-17,,3.075e-25,3.615e-19,,,1.045e-21,6.786e-17,1.688e-1,1.071e-28,6.229e-2,2.752e-22,4.991e-19,7.128e-17,5.772e-1,1.034e-11,2.319e-19,1.391e-2,2.933e+0,,,,,2.045e+0,,,8.469e-19,,,,,,,,,,1.069e-18,
635.58,7.412e+0,1.480e-20,1.241e-20,6.295e-44,2.959e-18,,,1.504e-18,1.584e-3,,9.250e-16,1.913e-5,1.412e-29,9.105e-18,1.857e+0,1.181e-30,8.500e-20,5.591e-25,,1.757e-17,1.951e-18,5.646e-21,3.108e-17,,3.076e-25,3.614e-19,,,1.042e-21,6.788e-17,1.712e-1,1.071e-28,6.630e-2,2.754e-22,4.962e-19,7.130e-17,6.023e-1,1.433e-11,2.315e-19,1.609e-2,2.703e+0,,,,,1.994e+0,,,8.465e-19,,,,,,,,,,1.067e-18,
635.61,6.852e+0,1.481e-20,1.887e-20,6.268e-44,2.964e-18,,,1.504e-18,1.391e-3,,9.246e-16,1.432e-5,1.413e-29,9.105e-18,1.645e+0,1.176e-30,8.504e-20,5.547e-25,,1.760e-17,1.951e-18,6.897e-21,3.102e-17,,3.077e-25,3.613e-19,,,1.038e-21,6.791e-17,1.742e-1,1.071e-28,7.255e-2,2.756e-22,4.917e-19,7.133e-17,6.398e-1,2.328e-11,2.308e-19,1.993e-2,2.383e+0,,,,,1.917e+0,,,8.458e-19,,,,,,,,,,1.064e-18,
635.63,6.506e+0,2.188e-20,2.488e-20,6.251e-44,2.968e-18,,,1.504e-18,1.273e-3,,9.243e-16,1.178e-5,1.413e-29,9.105e-18,1.515e+0,1.173e-30,8.507e-20,5.517e-25,,1.761e-17,1.951e-18,7.862e-21,3.097e-17,,3.078e-25,3.612e-19,,,1.035e-21,6.792e-17,1.759e-1,1.071e-28,7.686e-2,2.758e-22,4.888e-19,7.134e-17,6.644e-1,3.211e-11,2.304e-19,2.294e-2,2.185e+0,,,,,1.864e+0,,,8.454e-19,,,,,,,,,,1.062e-18,
635.66,6.027e+0,3.919e-20,3.756e-20,6.224e-44,2.973e-18,,,1.504e-18,1.110e-3,,9.239e-16,8.755e-6,1.414e-29,9.104e-18,1.337e+0,1.169e-30,8.511e-20,5.472e-25,,1.764e-17,1.952e-18,9.537e-21,3.091e-17,,3.079e-25,3.610e-19,,,1.031e-21,6.795e-17,1.778e-1,1.071e-28,8.350e-2,2.760e-22,4.843e-19,7.137e-17,7.007e-1,5.181e-11,2.298e-19,2.822e-2,1.913e+0,,,,,1.786e+0,,,8.448e-19,,,,,,,,,,1.059e-18,
635.68,5.733e+0,5.765e-20,4.930e-20,6.207e-44,2.976e-18,,,1.504e-18,1.011e-3,,9.236e-16,7.167e-6,1.415e-29,9.104e-18,1.229e+0,1.165e-30,8.513e-20,5.442e-25,,1.766e-17,1.952e-18,1.082e-20,3.087e-17,,3.080e-25,3.609e-19,,,1.028e-21,6.797e-17,1.786e-1,1.071e-28,8.804e-2,2.762e-22,4.814e-19,7.139e-17,7.243e-1,7.111e-11,2.293e-19,3.232e-2,1.746e+0,,,,,1.734e+0,,,8.444e-19,,,,,,,,,,1.057e-18,
635.7,5.459e+0,8.464e-20,6.459e-20,6.189e-44,2.979e-18,,,1.504e-18,9.186e-4,,9.233e-16,5.856e-6,1.415e-29,9.104e-18,1.130e+0,1.162e-30,8.516e-20,5.413e-25,,1.767e-17,1.953e-18,1.225e-20,3.082e-17,,3.081e-25,3.608e-19,,,1.025e-21,6.798e-17,1.791e-1,1.071e-28,9.265e-2,2.764e-22,4.784e-19,7.141e-17,7.473e-1,9.742e-11,2.289e-19,3.695e-2,1.591e+0,,,,,1.681e+0,,,8.440e-19,,,,,,,,,,1.055e-18,
635.73,5.084e+0,1.501e-19,9.654e-20,6.162e-44,2.984e-18,,,1.504e-18,7.930e-4,,9.229e-16,4.309e-6,1.416e-29,9.104e-18,9.965e-1,1.158e-30,8.520e-20,5.368e-25,,1.770e-17,1.953e-18,1.472e-20,3.076e-17,,3.082e-25,3.606e-19,,,1.021e-21,6.801e-17,1.793e-1,1.071e-28,9.967e-2,2.766e-22,4.740e-19,7.143e-17,7.803e-1,1.557e-10,2.283e-19,4.500e-2,1.379e+0,,,,,1.604e+0,,,8.433e-19,,,,,,,,,,1.052e-18,
635.75,4.857e+0,2.193e-19,1.259e-19,6.145e-44,2.987e-18,,,1.503e-18,7.173e-4,,9.226e-16,3.504e-6,1.417e-29,9.104e-18,9.177e-1,1.155e-30,8.523e-20,5.338e-25,,1.772e-17,1.954e-18,1.659e-20,3.072e-17,,3.083e-25,3.605e-19,,,1.018e-21,6.803e-17,1.789e-1,1.071e-28,1.044e-1,2.768e-22,4.710e-19,7.145e-17,8.013e-1,2.123e-10,2.278e-19,5.120e-2,1.250e+0,,,,,1.553e+0,,,8.429e-19,,,,,,,,,,1.050e-18,
635.78,4.550e+0,3.862e-19,1.868e-19,6.118e-44,2.992e-18,,,1.503e-18,6.149e-4,,9.222e-16,2.560e-6,1.418e-29,9.104e-18,8.138e-1,1.150e-30,8.527e-20,5.294e-25,,1.774e-17,1.954e-18,1.978e-20,3.065e-17,,3.084e-25,3.604e-19,,,1.014e-21,6.805e-17,1.778e-1,1.071e-28,1.115e-1,2.770e-22,4.666e-19,7.148e-17,8.308e-1,3.368e-10,2.272e-19,6.193e-2,1.076e+0,,,,,1.478e+0,,,8.423e-19,,,,,,,,,,1.047e-18,
635.8,4.366e+0,5.618e-19,2.425e-19,6.101e-44,2.995e-18,,,1.503e-18,5.535e-4,,9.219e-16,2.072e-6,1.418e-29,9.104e-18,7.538e-1,1.147e-30,8.529e-20,5.264e-25,,1.776e-17,1.955e-18,2.220e-20,3.061e-17,,3.084e-25,3.603e-19,,,1.011e-21,6.807e-17,1.767e-1,1.071e-28,1.162e-1,2.772e-22,4.636e-19,7.150e-17,8.490e-1,4.571e-10,2.268e-19,7.013e-2,9.710e-1,,,,,1.429e+0,,,8.419e-19,,,,,,,,,,1.045e-18,
635.83,4.120e+0,9.822e-19,3.574e-19,6.074e-44,3.000e-18,,,1.503e-18,4.711e-4,,9.214e-16,1.503e-6,1.419e-29,9.103e-18,6.772e-1,1.142e-30,8.533e-20,5.219e-25,,1.778e-17,1.955e-18,2.628e-20,3.055e-17,,3.086e-25,3.601e-19,,,1.007e-21,1.224e-16,1.743e-1,1.071e-28,1.233e-1,2.774e-22,4.592e-19,7.152e-17,8.741e-1,7.201e-10,2.261e-19,8.422e-2,8.296e-1,,,,,1.357e+0,,,8.413e-19,,,,,,,,,,1.042e-18,
635.85,3.975e+0,1.422e-18,4.617e-19,6.057e-44,3.004e-18,,,1.503e-18,4.221e-4,,9.212e-16,1.211e-6,1.420e-29,9.103e-18,6.346e-1,1.139e-30,8.536e-20,5.189e-25,,1.780e-17,1.956e-18,2.935e-20,3.051e-17,,3.086e-25,3.600e-19,,,1.004e-21,1.805e-16,1.723e-1,1.071e-28,1.279e-1,2.776e-22,4.562e-19,7.154e-17,8.891e-1,9.728e-10,2.257e-19,9.493e-2,7.451e-1,,,,,1.311e+0,,,8.409e-19,,,,,,,,,,1.040e-18,
635.88,3.785e+0,2.469e-18,6.756e-19,6.030e-44,3.008e-18,,,1.503e-18,3.567e-4,,9.207e-16,8.721e-7,1.421e-29,9.103e-18,5.832e-1,1.134e-30,8.540e-20,5.145e-25,,1.783e-17,1.956e-18,3.451e-20,3.044e-17,,3.087e-25,3.598e-19,,,9.998e-22,3.221e-16,1.689e-1,1.071e-28,1.347e-1,2.779e-22,4.518e-19,7.157e-17,9.089e-1,1.522e-9,2.251e-19,1.132e-1,6.321e-1,,,,,1.244e+0,,,8.402e-19,,,,,,,,,,1.038e-18,
635.9,3.676e+0,3.559e-18,8.688e-19,6.013e-44,3.012e-18,,,1.503e-18,3.181e-4,,9.204e-16,6.991e-7,1.421e-29,9.103e-18,5.569e-1,1.131e-30,8.543e-20,5.115e-25,,1.784e-17,1.956e-18,3.835e-20,3.040e-17,,3.088e-25,3.597e-19,,,9.970e-22,4.728e-16,1.662e-1,1.071e-28,1.391e-1,2.780e-22,4.488e-19,7.159e-17,9.201e-1,2.046e-9,2.246e-19,1.270e-1,5.651e-1,,,,,1.201e+0,,,8.398e-19,,,,,,,,,,1.036e-18,
635.93,3.537e+0,6.135e-18,1.262e-18,5.986e-44,3.017e-18,,,1.503e-18,2.669e-4,,9.200e-16,4.999e-7,1.422e-29,9.103e-18,5.291e-1,1.127e-30,8.547e-20,5.070e-25,,1.787e-17,1.957e-18,4.477e-20,3.034e-17,,3.089e-25,3.596e-19,,,9.927e-22,8.381e-16,1.617e-1,1.071e-28,1.455e-1,2.783e-22,4.444e-19,7.161e-17,9.339e-1,3.179e-9,2.240e-19,1.504e-1,4.760e-1,,,,,1.140e+0,,,8.392e-19,,,,,,,,,,1.033e-18,
635.95,3.460e+0,8.800e-18,1.616e-18,5.968e-44,3.020e-18,,,1.503e-18,2.369e-4,,9.197e-16,3.989e-7,1.423e-29,9.103e-18,5.181e-1,1.124e-30,8.549e-20,5.040e-25,,1.789e-17,1.957e-18,4.953e-20,3.029e-17,,3.090e-25,3.595e-19,,,9.899e-22,1.225e-15,1.584e-1,1.071e-28,1.495e-1,2.784e-22,4.414e-19,7.163e-17,9.410e-1,4.254e-9,2.236e-19,1.679e-1,4.235e-1,,,,,1.101e+0,,,8.388e-19,,,,,,,,,,1.031e-18,
635.98,3.367e+0,1.507e-17,2.331e-18,5.942e-44,3.025e-18,,,1.503e-18,1.974e-4,,9.193e-16,2.832e-7,1.424e-29,9.102e-18,5.126e-1,1.119e-30,8.553e-20,4.996e-25,,1.791e-17,1.958e-18,5.742e-20,3.023e-17,,3.091e-25,3.593e-19,,,9.856e-22,2.155e-15,1.530e-1,1.071e-28,1.552e-1,2.787e-22,4.370e-19,7.166e-17,9.484e-1,6.563e-9,2.229e-19,1.974e-1,3.542e-1,,,,,1.046e+0,,,8.382e-19,,,,,,,,,,1.028e-18,
636,3.321e+0,2.151e-17,2.970e-18,5.924e-44,3.028e-18,,,1.503e-18,1.743e-4,,9.190e-16,2.249e-7,1.424e-29,9.102e-18,5.162e-1,1.116e-30,8.556e-20,4.966e-25,,1.793e-17,1.958e-18,6.321e-20,3.019e-17,,3.092e-25,3.592e-19,,,9.828e-22,3.135e-15,1.492e-1,1.071e-28,1.588e-1,2.788e-22,4.340e-19,7.168e-17,9.511e-1,8.742e-9,2.225e-19,2.194e-1,3.136e-1,,,,,1.012e+0,,,8.377e-19,,,,,,,,,,1.026e-18,
636.03,3.273e+0,3.657e-17,4.255e-18,5.898e-44,3.033e-18,,,1.503e-18,1.442e-4,,9.186e-16,1.585e-7,1.425e-29,9.102e-18,5.323e-1,1.111e-30,8.560e-20,4.921e-25,,1.795e-17,1.959e-18,7.276e-20,3.012e-17,,3.093e-25,3.590e-19,,,9.785e-22,5.478e-15,1.432e-1,1.071e-28,1.637e-1,2.791e-22,7.799e-19,7.170e-17,9.518e-1,1.339e-8,2.219e-19,2.561e-1,2.604e-1,,,,,9.650e-1,,,8.371e-19,,,,,,,,,,1.023e-18,
636.05,3.255e+0,5.197e-17,5.395e-18,5.880e-44,3.036e-18,,,1.503e-18,1.268e-4,,9.183e-16,1.253e-7,1.426e-29,9.102e-18,5.502e-1,1.108e-30,8.563e-20,4.892e-25,,1.797e-17,1.959e-18,7.973e-20,3.008e-17,,3.094e-25,3.589e-19,,,9.757e-22,7.930e-15,1.390e-1,1.071e-28,1.667e-1,2.793e-22,1.150e-18,7.172e-17,9.500e-1,1.775e-8,2.214e-19,2.833e-1,2.295e-1,,,,,9.360e-1,,,8.367e-19,,,,,,,,,,1.021e-18,
636.08,3.249e+0,8.773e-17,7.675e-18,5.854e-44,3.041e-18,,,1.503e-18,1.041e-4,,9.178e-16,8.770e-8,1.426e-29,9.102e-18,5.875e-1,1.103e-30,8.567e-20,4.847e-25,,1.800e-17,1.960e-18,9.113e-20,3.002e-17,,3.095e-25,3.588e-19,,,9.714e-22,1.376e-14,1.324e-1,1.072e-28,1.706e-1,2.795e-22,2.052e-18,7.175e-17,9.439e-1,2.701e-8,2.208e-19,3.284e-1,1.892e-1,,,,,8.965e-1,,,8.361e-19,,,,,,,,,,1.018e-18,
636.1,3.259e+0,1.241e-16,9.685e-18,5.836e-44,3.044e-18,,,1.503e-18,9.113e-5,,9.176e-16,6.897e-8,1.427e-29,9.102e-18,6.195e-1,1.100e-30,8.569e-20,4.817e-25,,1.801e-17,1.960e-18,9.939e-20,2.998e-17,,3.096e-25,3.587e-19,,,9.686e-22,1.983e-14,1.280e-1,1.072e-28,1.729e-1,2.797e-22,3.011e-18,7.177e-17,9.377e-1,3.564e-8,2.204e-19,3.616e-1,1.660e-1,,,,,8.730e-1,,,8.357e-19,,,,,,,,,,1.016e-18,
636.12,3.279e+0,1.752e-16,1.220e-17,5.818e-44,3.048e-18,,,1.503e-18,7.958e-5,,9.173e-16,5.414e-8,1.428e-29,9.101e-18,6.571e-1,1.097e-30,8.572e-20,4.787e-25,,1.803e-17,1.960e-18,1.082e-19,2.993e-17,,3.096e-25,3.586e-19,,,9.658e-22,2.852e-14,1.234e-1,1.072e-28,1.749e-1,2.798e-22,4.411e-18,7.178e-17,9.297e-1,4.694e-8,2.199e-19,3.973e-1,1.453e-1,,,,,8.516e-1,,,8.352e-19,,,,,,,,,,1.014e-18,
636.15,3.331e+0,2.929e-16,1.719e-17,5.792e-44,3.053e-18,,,1.503e-18,6.472e-5,,9.168e-16,3.752e-8,1.429e-29,9.101e-18,7.242e-1,1.093e-30,8.576e-20,4.743e-25,,1.806e-17,1.961e-18,1.224e-19,2.987e-17,,3.098e-25,3.584e-19,,,9.615e-22,4.902e-14,1.165e-1,1.072e-28,1.772e-1,2.801e-22,7.794e-18,7.181e-17,9.147e-1,7.071e-8,2.193e-19,4.560e-1,1.186e-1,,,,,8.238e-1,,,8.346e-19,,,,,,,,,,1.011e-18,
636.17,3.379e+0,4.116e-16,2.155e-17,5.774e-44,3.056e-18,,,1.502e-18,5.625e-5,,9.165e-16,2.931e-8,1.429e-29,9.101e-18,7.761e-1,1.089e-30,8.579e-20,4.713e-25,,1.807e-17,1.961e-18,1.327e-19,2.983e-17,,3.098e-25,3.583e-19,,,9.587e-22,7.016e-14,1.119e-1,1.072e-28,1.784e-1,2.802e-22,1.136e-17,7.183e-17,9.027e-1,9.269e-8,2.189e-19,4.987e-1,1.034e-1,,,,,8.080e-1,,,8.342e-19,,,,,,,,,,1.009e-18,
636.2,3.472e+0,6.832e-16,3.014e-17,5.748e-44,3.061e-18,,,1.502e-18,4.542e-5,,9.161e-16,2.017e-8,1.430e-29,9.101e-18,8.648e-1,1.085e-30,8.583e-20,4.668e-25,,1.810e-17,1.962e-18,1.491e-19,2.976e-17,,3.099e-25,3.581e-19,,,9.544e-22,1.197e-13,1.050e-1,1.072e-28,1.795e-1,2.805e-22,1.994e-17,7.185e-17,8.818e-1,1.386e-7,2.182e-19,5.684e-1,8.377e-2,,,,,7.886e-1,,,8.336e-19,,,,,,,,,,1.006e-18,
636.22,3.548e+0,9.556e-16,3.761e-17,5.730e-44,3.064e-18,,,1.502e-18,3.929e-5,,9.158e-16,1.568e-8,1.431e-29,9.101e-18,9.313e-1,1.082e-30,8.585e-20,4.638e-25,,1.812e-17,1.962e-18,1.608e-19,2.972e-17,,3.100e-25,3.580e-19,,,9.516e-22,1.706e-13,1.005e-1,1.072e-28,1.799e-1,2.807e-22,2.894e-17,7.187e-17,8.661e-1,1.809e-7,2.178e-19,6.187e-1,7.265e-2,,,,,7.784e-1,,,8.332e-19,,,,,,,,,,1.004e-18,
636.25,3.682e+0,1.575e-15,5.225e-17,5.704e-44,3.069e-18,,,1.502e-18,3.150e-5,,9.154e-16,1.071e-8,1.431e-29,9.101e-18,1.042e+0,1.077e-30,8.589e-20,4.594e-25,,1.814e-17,1.963e-18,1.794e-19,2.966e-17,,3.101e-25,3.579e-19,,,9.473e-22,2.891e-13,9.375e-2,1.072e-28,1.798e-1,2.809e-22,5.042e-17,7.190e-17,8.401e-1,2.687e-7,2.172e-19,7.002e-1,5.846e-2,,,,,7.673e-1,,,8.325e-19,,,,,,,,,,1.001e-18,
636.27,3.785e+0,2.193e-15,6.489e-17,5.686e-44,3.072e-18,,,1.502e-18,2.712e-5,,9.151e-16,8.291e-9,1.432e-29,9.101e-18,1.123e+0,1.074e-30,8.592e-20,4.564e-25,,1.816e-17,1.963e-18,1.925e-19,2.961e-17,,3.102e-25,3.578e-19,,,9.444e-22,4.100e-13,8.936e-2,1.072e-28,1.793e-1,2.811e-22,7.283e-17,7.192e-17,8.212e-1,3.489e-7,2.167e-19,7.586e-1,5.046e-2,,,,,7.625e-1,,,8.321e-19,,,,,,,,,,9.995e-19,
636.3,3.960e+0,3.590e-15,8.950e-17,5.660e-44,3.077e-18,,,1.502e-18,2.159e-5,,9.147e-16,5.624e-9,1.433e-29,9.100e-18,1.256e+0,1.069e-30,8.596e-20,4.519e-25,,1.818e-17,1.964e-18,2.133e-19,2.955e-17,,3.103e-25,3.576e-19,,,9.402e-22,6.900e-13,8.295e-2,1.072e-28,1.779e-1,2.813e-22,1.260e-16,7.194e-17,7.909e-1,5.146e-7,2.161e-19,8.525e-1,4.032e-2,,,,,7.592e-1,,,8.315e-19,,,,,,,,,,9.965e-19,
636.32,4.091e+0,4.974e-15,1.106e-16,5.642e-44,3.080e-18,,,1.502e-18,1.850e-5,,9.144e-16,4.331e-9,1.434e-29,9.100e-18,1.352e+0,1.066e-30,8.599e-20,4.490e-25,,1.820e-17,1.964e-18,2.279e-19,2.951e-17,,3.104e-25,3.575e-19,,,9.373e-22,9.740e-13,7.883e-2,1.072e-28,1.765e-1,2.815e-22,1.812e-16,7.196e-17,7.695e-1,6.653e-7,2.157e-19,9.193e-1,3.464e-2,,,,,7.595e-1,,,8.311e-19,,,,,,,,,,9.946e-19,
636.35,4.307e+0,8.085e-15,1.515e-16,5.616e-44,3.085e-18,,,1.502e-18,1.462e-5,,9.140e-16,2.917e-9,1.434e-29,9.100e-18,1.508e+0,1.062e-30,8.603e-20,4.445e-25,,1.823e-17,1.965e-18,2.507e-19,2.944e-17,,3.105e-25,3.574e-19,,,9.331e-22,1.628e-12,7.288e-2,1.072e-28,1.739e-1,2.817e-22,3.113e-16,7.199e-17,7.359e-1,9.743e-7,2.150e-19,1.026e+0,2.748e-2,,,,,7.634e-1,,,8.305e-19,,,,,,,,,,9.916e-19,
636.37,4.465e+0,1.115e-14,1.865e-16,5.598e-44,3.089e-18,,,1.502e-18,1.247e-5,,9.137e-16,2.236e-9,1.435e-29,9.100e-18,1.619e+0,1.058e-30,8.605e-20,4.415e-25,,1.824e-17,1.965e-18,2.665e-19,2.940e-17,,3.106e-25,3.572e-19,,,9.302e-22,2.287e-12,6.910e-2,1.072e-28,1.718e-1,2.819e-22,4.454e-16,7.201e-17,7.126e-1,1.254e-6,2.146e-19,1.101e+0,2.349e-2,,,,,7.682e-1,,,8.300e-19,,,,,,,,,,9.897e-19,
636.4,4.721e+0,1.800e-14,2.536e-16,5.572e-44,3.093e-18,,,1.502e-18,9.788e-6,,9.132e-16,1.495e-9,1.436e-29,9.100e-18,1.796e+0,1.054e-30,8.609e-20,4.370e-25,,1.827e-17,1.966e-18,2.912e-19,2.934e-17,,3.107e-25,3.571e-19,,,9.260e-22,3.795e-12,6.374e-2,1.072e-28,1.681e-1,2.821e-22,7.599e-16,7.203e-17,6.766e-1,1.823e-6,2.140e-19,1.220e+0,1.851e-2,,,,,7.785e-1,,,8.294e-19,,,,,,,,,,9.868e-19,
636.42,4.904e+0,2.471e-14,3.106e-16,5.554e-44,3.097e-18,,,1.502e-18,8.308e-6,,9.129e-16,1.140e-9,1.436e-29,9.100e-18,1.921e+0,1.051e-30,8.612e-20,4.341e-25,,1.829e-17,1.966e-18,3.081e-19,2.930e-17,,3.108e-25,3.570e-19,,,9.231e-22,5.307e-12,6.037e-2,1.072e-28,1.652e-1,2.823e-22,1.083e-15,7.205e-17,6.521e-1,2.334e-6,2.135e-19,1.303e+0,1.575e-2,,,,,7.871e-1,,,8.290e-19,,,,,,,,,,9.848e-19,
636.45,5.198e+0,3.961e-14,4.194e-16,5.527e-44,3.102e-18,,,1.502e-18,6.474e-6,,9.125e-16,7.572e-10,1.437e-29,9.099e-18,2.119e+0,1.046e-30,8.616e-20,4.296e-25,,1.831e-17,1.967e-18,3.342e-19,2.923e-17,,3.109e-25,3.568e-19,,,9.189e-22,8.745e-12,5.567e-2,1.072e-28,1.605e-1,2.826e-22,1.834e-15,7.208e-17,6.148e-1,3.371e-6,2.129e-19,1.433e+0,1.232e-2,,,,,8.026e-1,,,8.284e-19,,,,,,,,,,9.819e-19,
636.47,5.405e+0,5.412e-14,5.112e-16,5.510e-44,3.105e-18,,,1.502e-18,5.469e-6,,9.122e-16,5.749e-10,1.438e-29,9.099e-18,2.257e+0,1.043e-30,8.619e-20,4.266e-25,,1.833e-17,1.967e-18,3.520e-19,2.919e-17,,3.109e-25,3.567e-19,,,9.160e-22,1.217e-11,5.278e-2,1.072e-28,1.570e-1,2.827e-22,2.600e-15,7.210e-17,5.898e-1,4.297e-6,2.125e-19,1.524e+0,1.043e-2,,,,,8.144e-1,,,8.280e-19,,,,,,,,,,9.799e-19,
636.49,5.622e+0,7.381e-14,6.220e-16,5.492e-44,3.108e-18,,,1.502e-18,4.612e-6,,9.119e-16,4.356e-10,1.438e-29,9.099e-18,2.400e+0,1.040e-30,8.621e-20,4.236e-25,,1.834e-17,1.967e-18,3.701e-19,2.915e-17,,3.110e-25,3.566e-19,,,9.132e-22,1.691e-11,5.008e-2,1.072e-28,1.534e-1,2.829e-22,3.680e-15,7.212e-17,5.647e-1,5.467e-6,2.120e-19,1.617e+0,8.816e-3,,,,,8.271e-1,,,8.276e-19,,,,,,,,,,9.780e-19,
636.52,5.961e+0,1.171e-13,8.318e-16,5.466e-44,3.113e-18,,,1.502e-18,3.558e-6,,9.115e-16,2.863e-10,1.439e-29,9.099e-18,2.624e+0,1.035e-30,8.625e-20,4.192e-25,,1.837e-17,1.968e-18,3.974e-19,2.908e-17,,3.111e-25,3.565e-19,,,9.089e-22,2.759e-11,4.642e-2,1.072e-28,1.475e-1,2.831e-22,6.173e-15,7.214e-17,5.271e-1,7.817e-6,2.114e-19,1.762e+0,6.827e-3,,,,,8.477e-1,,,8.269e-19,,,,,,,,,,9.751e-19,
636.54,6.197e+0,1.590e-13,1.007e-15,5.448e-44,3.116e-18,,,1.502e-18,2.986e-6,,9.112e-16,2.160e-10,1.440e-29,9.099e-18,2.778e+0,1.032e-30,8.628e-20,4.162e-25,,1.839e-17,1.968e-18,4.158e-19,2.904e-17,,3.112e-25,3.563e-19,,,9.061e-22,3.816e-11,4.424e-2,1.072e-28,1.434e-1,2.833e-22,8.696e-15,7.216e-17,5.023e-1,9.899e-6,2.110e-19,1.860e+0,5.743e-3,,,,,8.623e-1,,,8.265e-19,,,,,,,,,,9.731e-19,
636.57,6.562e+0,2.506e-13,1.337e-15,5.422e-44,3.121e-18,,,1.502e-18,2.287e-6,,9.108e-16,1.409e-10,1.441e-29,9.099e-18,3.016e+0,1.027e-30,8.632e-20,4.117e-25,,1.841e-17,1.969e-18,4.435e-19,2.898e-17,,3.113e-25,3.562e-19,,,9.018e-22,6.183e-11,4.136e-2,1.072e-28,1.369e-1,2.835e-22,1.449e-14,7.219e-17,4.656e-1,1.406e-5,2.103e-19,2.012e+0,4.416e-3,,,,,8.849e-1,,,8.259e-19,,,,,,,,,,9.702e-19,
636.59,6.813e+0,3.387e-13,1.612e-15,5.404e-44,3.125e-18,,,1.502e-18,1.911e-6,,9.105e-16,1.058e-10,1.441e-29,9.098e-18,3.179e+0,1.024e-30,8.635e-20,4.088e-25,,1.843e-17,1.969e-18,4.618e-19,2.894e-17,,3.114e-25,3.561e-19,,,8.990e-22,8.510e-11,3.970e-2,1.073e-28,1.325e-1,2.837e-22,2.031e-14,7.220e-17,4.416e-1,1.772e-5,2.099e-19,2.115e+0,3.697e-3,,,,,9.003e-1,,,8.255e-19,,,,,,,,,,9.682e-19,
636.62,7.196e+0,5.300e-13,2.126e-15,5.378e-44,3.129e-18,,,1.501e-18,1.453e-6,,9.101e-16,6.855e-11,1.442e-29,9.098e-18,3.428e+0,1.020e-30,8.639e-20,4.043e-25,,1.846e-17,1.970e-18,4.891e-19,2.887e-17,,3.115e-25,3.559e-19,,,8.947e-22,1.369e-10,3.762e-2,1.073e-28,1.256e-1,2.840e-22,3.360e-14,7.223e-17,4.064e-1,2.498e-5,2.093e-19,2.272e+0,2.823e-3,,,,,9.235e-1,,,8.249e-19,,,,,,,,,,9.653e-19,
636.64,7.456e+0,7.128e-13,2.550e-15,5.360e-44,3.133e-18,,,1.501e-18,1.208e-6,,9.098e-16,5.121e-11,1.443e-29,9.098e-18,3.597e+0,1.017e-30,8.641e-20,4.013e-25,,1.847e-17,1.970e-18,5.069e-19,2.883e-17,,3.116e-25,3.558e-19,,,8.919e-22,1.876e-10,3.650e-2,1.073e-28,1.209e-1,2.841e-22,4.689e-14,7.225e-17,3.836e-1,3.134e-5,2.088e-19,2.377e+0,2.352e-3,,,,,9.388e-1,,,8.244e-19,,,,,,,,,,9.633e-19,
636.67,7.849e+0,1.108e-12,3.339e-15,5.333e-44,3.138e-18,,,1.501e-18,9.123e-7,,9.094e-16,3.294e-11,1.444e-29,9.098e-18,3.851e+0,1.012e-30,8.645e-20,3.968e-25,,1.850e-17,1.971e-18,5.330e-19,2.877e-17,,3.117e-25,3.557e-19,,,8.876e-22,2.998e-10,3.521e-2,1.073e-28,1.139e-1,2.844e-22,7.702e-14,7.228e-17,3.506e-1,4.387e-5,2.082e-19,2.535e+0,1.783e-3,,,,,9.611e-1,,,8.238e-19,,,,,,,,,,9.604e-19,
636.69,8.112e+0,1.483e-12,3.986e-15,5.316e-44,3.141e-18,,,1.501e-18,7.548e-7,,9.091e-16,2.449e-11,1.444e-29,9.098e-18,4.022e+0,1.009e-30,8.648e-20,3.939e-25,,1.852e-17,1.971e-18,5.499e-19,2.872e-17,,3.118e-25,3.556e-19,,,8.848e-22,4.087e-10,3.461e-2,1.073e-28,1.091e-1,2.845e-22,1.070e-13,7.229e-17,3.294e-1,5.478e-5,2.078e-19,2.640e+0,1.479e-3,,,,,9.753e-1,,,8.234e-19,,,,,,,,,,9.585e-19,
636.72,8.504e+0,2.289e-12,5.183e-15,5.289e-44,3.146e-18,,,1.501e-18,5.660e-7,,9.086e-16,1.565e-11,1.445e-29,9.098e-18,4.277e+0,1.004e-30,8.652e-20,3.894e-25,,1.854e-17,1.972e-18,5.741e-19,2.866e-17,,3.119e-25,3.554e-19,,,8.805e-22,6.485e-10,3.409e-2,1.073e-28,1.020e-1,2.848e-22,1.745e-13,7.232e-17,2.989e-1,7.616e-5,2.071e-19,2.796e+0,1.113e-3,,,,,9.953e-1,,,8.228e-19,,,,,,,,,,9.555e-19,
636.74,8.762e+0,3.049e-12,6.160e-15,5.272e-44,3.149e-18,,,1.501e-18,4.661e-7,,9.083e-16,1.158e-11,1.446e-29,9.098e-18,4.445e+0,1.001e-30,8.655e-20,3.864e-25,,1.856e-17,1.972e-18,5.895e-19,2.862e-17,,3.120e-25,3.553e-19,,,8.777e-22,8.802e-10,3.400e-2,1.073e-28,9.732e-2,2.849e-22,2.413e-13,7.234e-17,2.794e-1,9.465e-5,2.067e-19,2.897e+0,9.186e-4,,,,,1.008e+0,,,8.224e-19,,,,,,,,,,9.536e-19,
636.77,9.141e+0,4.673e-12,7.952e-15,5.245e-44,3.154e-18,,,1.501e-18,3.470e-7,,9.079e-16,7.342e-12,1.447e-29,9.097e-18,4.693e+0,9.964e-31,8.659e-20,3.819e-25,,1.858e-17,1.972e-18,6.111e-19,2.855e-17,,3.121e-25,3.551e-19,,,8.734e-22,1.387e-9,3.422e-2,1.073e-28,9.034e-2,2.852e-22,3.909e-13,7.237e-17,2.518e-1,1.307e-4,2.060e-19,3.047e+0,6.865e-4,,,,,1.024e+0,,,8.217e-19,,,,,,,,,,9.507e-19,
636.79,9.387e+0,6.197e-12,9.407e-15,5.228e-44,3.157e-18,,,1.501e-18,2.844e-7,,9.076e-16,5.407e-12,1.447e-29,9.097e-18,4.855e+0,9.933e-31,8.661e-20,3.790e-25,,1.860e-17,1.973e-18,6.245e-19,2.851e-17,,3.121e-25,3.550e-19,,,8.706e-22,1.874e-9,3.460e-2,1.073e-28,8.576e-2,2.854e-22,5.379e-13,7.238e-17,2.343e-1,1.616e-4,2.056e-19,3.143e+0,5.640e-4,,,,,1.034e+0,,,8.213e-19,,,,,,,,,,9.487e-19,
636.82,9.743e+0,9.430e-12,1.206e-14,5.201e-44,3.162e-18,,,1.501e-18,2.102e-7,,9.072e-16,3.405e-12,1.448e-29,9.097e-18,5.091e+0,9.886e-31,8.665e-20,3.745e-25,,1.863e-17,1.973e-18,6.429e-19,2.845e-17,,3.123e-25,3.549e-19,,,8.663e-22,2.931e-9,3.552e-2,1.073e-28,7.905e-2,2.856e-22,8.652e-13,7.241e-17,2.096e-1,2.216e-4,2.050e-19,3.281e+0,4.184e-4,,,,,1.046e+0,,,8.207e-19,,,,,,,,,,9.458e-19,
636.84,9.969e+0,1.245e-11,1.420e-14,5.184e-44,3.165e-18,,,1.501e-18,1.715e-7,,9.069e-16,2.495e-12,1.449e-29,9.097e-18,5.242e+0,9.855e-31,8.668e-20,3.715e-25,,1.864e-17,1.974e-18,6.540e-19,2.840e-17,,3.123e-25,3.548e-19,,,8.635e-22,3.942e-9,3.635e-2,1.073e-28,7.469e-2,2.858e-22,1.185e-12,7.243e-17,1.942e-1,2.728e-4,2.046e-19,3.369e+0,3.421e-4,,,,,1.053e+0,,,8.203e-19,,,,,,,,,,9.438e-19,
636.86,1.018e+1,1.640e-11,1.668e-14,5.166e-44,3.169e-18,,,1.501e-18,1.396e-7,,9.066e-16,1.825e-12,1.449e-29,9.097e-18,5.387e+0,9.824e-31,8.671e-20,3.685e-25,,1.866e-17,1.974e-18,6.639e-19,2.836e-17,,3.124e-25,3.547e-19,,,8.607e-22,5.290e-9,3.735e-2,1.073e-28,7.044e-2,2.859e-22,1.620e-12,7.245e-17,1.795e-1,3.353e-4,2.041e-19,3.453e+0,2.792e-4,,,,,1.058e+0,,,8.199e-19,,,,,,,,,,9.419e-19,
636.89,1.049e+1,2.471e-11,2.118e-14,5.139e-44,3.174e-18,,,1.501e-18,1.022e-7,,9.062e-16,1.138e-12,1.450e-29,9.097e-18,5.592e+0,9.778e-31,8.675e-20,3.641e-25,,1.869e-17,1.975e-18,6.767e-19,2.830e-17,,3.125e-25,3.545e-19,,,8.564e-22,8.196e-9,3.914e-2,1.073e-28,6.428e-2,2.862e-22,2.581e-12,7.247e-17,1.590e-1,4.552e-4,2.035e-19,3.569e+0,2.051e-4,,,,,1.062e+0,,,8.192e-19,,,,,,,,,,9.389e-19,
636.91,1.067e+1,3.241e-11,2.477e-14,5.122e-44,3.177e-18,,,1.501e-18,8.279e-8,,9.059e-16,8.286e-13,1.451e-29,9.096e-18,5.720e+0,9.747e-31,8.677e-20,3.611e-25,,1.870e-17,1.975e-18,6.838e-19,2.826e-17,,3.126e-25,3.544e-19,,,8.536e-22,1.095e-8,4.052e-2,1.073e-28,6.034e-2,2.863e-22,3.512e-12,7.249e-17,1.463e-1,5.567e-4,2.031e-19,3.641e+0,1.666e-4,,,,,1.064e+0,,,8.188e-19,,,,,,,,,,9.370e-19,
636.94,1.092e+1,4.849e-11,3.122e-14,5.095e-44,3.182e-18,,,1.501e-18,6.017e-8,,9.055e-16,5.129e-13,1.452e-29,9.096e-18,5.897e+0,9.700e-31,8.681e-20,3.566e-25,,1.873e-17,1.976e-18,6.922e-19,2.819e-17,,3.127e-25,3.542e-19,,,8.493e-22,1.685e-8,4.285e-2,1.073e-28,5.468e-2,2.866e-22,5.555e-12,7.252e-17,1.287e-1,7.505e-4,2.024e-19,3.737e+0,1.215e-4,,,,,1.063e+0,,,8.182e-19,,,,,,,,,,9.341e-19,
636.96,1.107e+1,6.330e-11,3.635e-14,5.078e-44,3.185e-18,,,1.501e-18,4.852e-8,,9.052e-16,3.716e-13,1.452e-29,9.096e-18,6.003e+0,9.669e-31,8.684e-20,3.537e-25,,1.874e-17,1.976e-18,6.961e-19,2.815e-17,,3.128e-25,3.541e-19,,,8.465e-22,2.240e-8,4.456e-2,1.073e-28,5.108e-2,2.868e-22,7.524e-12,7.254e-17,1.178e-1,9.136e-4,2.020e-19,3.794e+0,9.825e-5,,,,,1.061e+0,,,8.178e-19,,,,,,,,,,9.321e-19,
636.99,1.126e+1,9.405e-11,4.550e-14,5.051e-44,3.190e-18,,,1.501e-18,3.501e-8,,9.047e-16,2.284e-13,1.453e-29,9.096e-18,6.145e+0,9.623e-31,8.688e-20,3.492e-25,,1.877e-17,1.976e-18,6.997e-19,2.809e-17,,3.129e-25,3.540e-19,,,8.422e-22,3.422e-8,4.734e-2,1.073e-28,4.596e-2,2.870e-22,1.182e-11,7.256e-17,1.029e-1,1.223e-3,2.014e-19,3.867e+0,7.117e-5,,,,,1.054e+0,,,8.172e-19,,,,,,,,,,9.292e-19,
637.01,1.137e+1,1.222e-10,5.272e-14,5.034e-44,3.193e-18,,,1.501e-18,2.810e-8,,9.045e-16,1.647e-13,1.454e-29,9.096e-18,6.226e+0,9.592e-31,8.691e-20,3.462e-25,,1.879e-17,1.977e-18,7.004e-19,2.804e-17,,3.130e-25,3.539e-19,,,8.394e-22,4.529e-8,4.933e-2,1.073e-28,4.273e-2,2.872e-22,1.593e-11,7.258e-17,9.382e-2,1.482e-3,2.009e-19,3.907e+0,5.727e-5,,,,,1.049e+0,,,8.167e-19,,,,,,,,,,9.272e-19,
637.04,1.149e+1,1.803e-10,6.552e-14,5.007e-44,3.198e-18,,,1.500e-18,2.013e-8,,9.040e-16,1.005e-13,1.455e-29,9.096e-18,6.329e+0,9.545e-31,8.695e-20,3.417e-25,,1.881e-17,1.977e-18,6.990e-19,2.798e-17,,3.131e-25,3.537e-19,,,8.351e-22,6.871e-8,5.248e-2,1.073e-28,3.818e-2,2.874e-22,2.485e-11,7.261e-17,8.136e-2,1.970e-3,2.003e-19,3.955e+0,4.121e-5,,,,,1.037e+0,,,8.161e-19,,,,,,,,,,9.243e-19,
637.06,1.155e+1,2.331e-10,7.557e-14,4.989e-44,3.201e-18,,,1.500e-18,1.608e-8,,9.037e-16,7.213e-14,1.455e-29,9.095e-18,6.382e+0,9.514e-31,8.697e-20,3.388e-25,,1.883e-17,1.978e-18,6.965e-19,2.794e-17,,3.132e-25,3.536e-19,,,8.323e-22,9.050e-8,5.467e-2,1.073e-28,3.533e-2,2.876e-22,3.335e-11,7.263e-17,7.382e-2,2.376e-3,1.999e-19,3.977e+0,3.303e-5,,,,,1.028e+0,,,8.157e-19,,,,,,,,,,9.223e-19,
637.09,1.161e+1,3.416e-10,9.326e-14,4.963e-44,3.206e-18,,,1.500e-18,1.144e-8,,9.033e-16,4.370e-14,1.456e-29,9.095e-18,6.441e+0,9.468e-31,8.701e-20,3.343e-25,,1.886e-17,1.978e-18,6.903e-19,2.787e-17,,3.133e-25,3.534e-19,,,8.280e-22,1.363e-7,5.807e-2,1.073e-28,3.134e-2,2.878e-22,5.166e-11,7.265e-17,6.357e-2,3.135e-3,1.992e-19,3.997e+0,2.364e-5,,,,,1.012e+0,,,8.151e-19,,,,,,,,,,9.194e-19,
637.11,1.162e+1,4.397e-10,1.071e-13,4.945e-44,3.209e-18,,,1.500e-18,9.097e-9,,9.030e-16,3.122e-14,1.457e-29,9.095e-18,6.466e+0,9.437e-31,8.704e-20,3.313e-25,,1.887e-17,1.979e-18,6.846e-19,2.783e-17,,3.133e-25,3.533e-19,,,8.252e-22,1.788e-7,6.040e-2,1.074e-28,2.887e-2,2.880e-22,6.899e-11,7.267e-17,5.741e-2,3.764e-3,1.988e-19,4.001e+0,1.889e-5,,,,,1.000e+0,,,8.147e-19,,,,,,,,,,9.175e-19,
637.14,1.160e+1,6.398e-10,1.312e-13,4.919e-44,3.214e-18,,,1.500e-18,6.426e-9,,9.026e-16,1.878e-14,1.457e-29,9.095e-18,6.479e+0,9.390e-31,8.708e-20,3.269e-25,,1.890e-17,1.979e-18,6.739e-19,2.777e-17,,3.135e-25,3.532e-19,,,8.209e-22,2.674e-7,6.395e-2,1.074e-28,2.543e-2,2.882e-22,1.061e-10,7.270e-17,4.911e-2,4.933e-3,1.981e-19,3.992e+0,1.350e-5,,,,,9.811e-1,,,8.140e-19,,,,,,,,,,9.145e-19,
637.16,1.156e+1,8.196e-10,1.499e-13,4.901e-44,3.218e-18,,,1.500e-18,5.084e-9,,9.023e-16,1.335e-14,1.458e-29,9.095e-18,6.473e+0,9.359e-31,8.711e-20,3.239e-25,,1.891e-17,1.980e-18,6.652e-19,2.773e-17,,3.135e-25,3.531e-19,,,8.181e-22,3.490e-7,6.633e-2,1.074e-28,2.331e-2,2.884e-22,1.411e-10,7.272e-17,4.416e-2,5.894e-3,1.977e-19,3.977e+0,1.080e-5,,,,,9.674e-1,,,8.136e-19,,,,,,,,,,9.126e-19,
637.19,1.146e+1,1.184e-9,1.824e-13,4.875e-44,3.223e-18,,,1.500e-18,3.566e-9,,9.019e-16,7.973e-15,1.459e-29,9.095e-18,6.441e+0,9.313e-31,8.715e-20,3.194e-25,,1.894e-17,1.980e-18,6.503e-19,2.766e-17,,3.136e-25,3.529e-19,,,8.138e-22,5.185e-7,6.991e-2,1.074e-28,2.039e-2,2.887e-22,2.155e-10,7.274e-17,3.753e-2,7.671e-3,1.971e-19,3.941e+0,7.796e-6,,,,,9.461e-1,,,8.130e-19,,,,,,,,,,9.097e-19,
637.21,1.138e+1,1.510e-9,2.074e-13,4.857e-44,3.226e-18,,,1.500e-18,2.808e-9,,9.016e-16,5.641e-15,1.460e-29,9.094e-18,6.405e+0,9.282e-31,8.717e-20,3.164e-25,,1.896e-17,1.981e-18,6.391e-19,2.762e-17,,3.137e-25,3.528e-19,,,8.110e-22,6.735e-7,7.228e-2,1.074e-28,1.860e-2,2.888e-22,2.851e-10,7.276e-17,3.361e-2,9.123e-3,1.967e-19,3.907e+0,6.336e-6,,,,,9.315e-1,,,8.126e-19,,,,,,,,,,9.077e-19,
637.23,1.127e+1,1.922e-9,2.354e-13,4.840e-44,3.229e-18,,,1.500e-18,2.207e-9,,9.013e-16,3.984e-15,1.460e-29,9.094e-18,6.357e+0,9.251e-31,8.720e-20,3.135e-25,,1.897e-17,1.981e-18,6.269e-19,2.758e-17,,3.138e-25,3.527e-19,,,8.081e-22,8.732e-7,7.461e-2,1.074e-28,1.694e-2,2.890e-22,3.765e-10,7.278e-17,3.006e-2,1.083e-2,1.962e-19,3.867e+0,5.224e-6,,,,,9.168e-1,,,8.122e-19,,,,,,,,,,9.057e-19,
637.26,1.108e+1,2.749e-9,2.837e-13,4.813e-44,3.234e-18,,,1.500e-18,1.533e-9,,9.009e-16,2.356e-15,1.461e-29,9.094e-18,6.263e+0,9.204e-31,8.724e-20,3.090e-25,,1.900e-17,1.981e-18,6.071e-19,2.751e-17,,3.139e-25,3.525e-19,,,8.039e-22,1.285e-6,7.803e-2,1.074e-28,1.467e-2,2.892e-22,5.695e-10,7.281e-17,2.537e-2,1.396e-2,1.956e-19,3.794e+0,4.087e-6,,,,,8.949e-1,,,8.115e-19,,,,,,,,,,9.028e-19,
637.28,1.094e+1,3.483e-9,3.205e-13,4.795e-44,3.237e-18,,,1.500e-18,1.199e-9,,9.006e-16,1.656e-15,1.462e-29,9.094e-18,6.187e+0,9.173e-31,8.727e-20,3.060e-25,,1.902e-17,1.982e-18,5.929e-19,2.747e-17,,3.140e-25,3.524e-19,,,8.010e-22,1.658e-6,8.023e-2,1.074e-28,1.330e-2,2.894e-22,7.487e-10,7.282e-17,2.262e-2,1.649e-2,1.952e-19,3.737e+0,3.625e-6,,,,,8.807e-1,,,8.111e-19,,,,,,,,,,9.009e-19,
637.31,1.069e+1,4.948e-9,3.835e-13,4.769e-44,3.242e-18,,,1.500e-18,8.268e-10,,9.001e-16,9.720e-16,1.462e-29,9.094e-18,6.053e+0,9.126e-31,8.731e-20,3.015e-25,,1.904e-17,1.982e-18,5.704e-19,2.741e-17,,3.141e-25,3.523e-19,,,7.968e-22,2.421e-6,8.339e-2,1.074e-28,1.143e-2,2.896e-22,1.124e-9,7.285e-17,1.905e-2,2.110e-2,1.945e-19,3.641e+0,3.311e-6,,,,,8.604e-1,,,8.105e-19,,,,,,,,,,8.979e-19,
637.33,1.051e+1,6.239e-9,4.312e-13,4.751e-44,3.245e-18,,,1.500e-18,6.437e-10,,8.999e-16,6.799e-16,1.463e-29,9.094e-18,5.951e+0,9.095e-31,8.733e-20,2.986e-25,,1.906e-17,1.983e-18,5.547e-19,2.736e-17,,3.142e-25,3.522e-19,,,7.939e-22,3.110e-6,8.538e-2,1.074e-28,1.031e-2,2.898e-22,1.471e-9,7.287e-17,1.699e-2,2.481e-2,1.941e-19,3.569e+0,3.336e-6,,,,,8.477e-1,,,8.101e-19,,,,,,,,,,8.960e-19,
637.36,1.021e+1,8.803e-9,5.124e-13,4.725e-44,3.250e-18,,,1.500e-18,4.407e-10,,8.994e-16,3.963e-16,1.464e-29,9.094e-18,5.781e+0,9.049e-31,8.737e-20,2.941e-25,,1.909e-17,1.983e-18,5.303e-19,2.730e-17,,3.143e-25,3.520e-19,,,7.897e-22,4.512e-6,8.816e-2,1.074e-28,8.806e-3,2.901e-22,2.194e-9,7.290e-17,1.434e-2,3.153e-2,1.934e-19,3.453e+0,3.721e-6,,,,,8.305e-1,,,8.095e-19,,,,,,,,,,8.931e-19,
637.38,9.994e+0,1.105e-8,5.734e-13,4.707e-44,3.254e-18,,,1.500e-18,3.415e-10,,8.991e-16,2.759e-16,1.464e-29,9.093e-18,5.657e+0,9.018e-31,8.740e-20,2.911e-25,,1.910e-17,1.984e-18,5.136e-19,2.726e-17,,3.144e-25,3.519e-19,,,7.868e-22,5.768e-6,8.987e-2,1.074e-28,7.906e-3,2.902e-22,2.858e-9,7.291e-17,1.286e-2,3.690e-2,1.930e-19,3.369e+0,4.222e-6,,,,,8.205e-1,,,8.091e-19,,,,,,,,,,8.911e-19,
637.41,9.657e+0,1.548e-8,6.765e-13,4.681e-44,3.259e-18,,,1.500e-18,2.321e-10,,8.987e-16,1.597e-16,1.465e-29,9.093e-18,5.457e+0,8.971e-31,8.744e-20,2.867e-25,,1.913e-17,1.984e-18,4.881e-19,2.719e-17,,3.145e-25,3.518e-19,,,7.825e-22,8.309e-6,9.219e-2,1.074e-28,6.703e-3,2.905e-22,4.233e-9,7.294e-17,1.101e-2,4.657e-2,1.924e-19,3.236e+0,5.393e-6,,,,,8.081e-1,,,8.084e-19,,,,,,,,,,8.882e-19,
637.43,9.423e+0,1.933e-8,7.536e-13,4.663e-44,3.262e-18,,,1.500e-18,1.790e-10,,8.984e-16,1.106e-16,1.466e-29,9.093e-18,5.315e+0,8.940e-31,8.747e-20,2.837e-25,,1.914e-17,1.985e-18,4.710e-19,2.715e-17,,3.145e-25,3.516e-19,,,7.797e-22,1.057e-5,9.355e-2,1.074e-28,5.990e-3,2.906e-22,5.487e-9,7.296e-17,1.002e-2,5.425e-2,1.920e-19,3.143e+0,6.501e-6,,,,,8.017e-1,,,8.080e-19,,,,,,,,,,8.862e-19,
637.46,9.060e+0,2.690e-8,8.829e-13,4.637e-44,3.267e-18,,,1.499e-18,1.208e-10,,8.980e-16,6.358e-17,1.467e-29,9.093e-18,5.090e+0,8.894e-31,8.751e-20,2.792e-25,,1.917e-17,1.985e-18,4.453e-19,2.709e-17,,3.147e-25,3.515e-19,,,7.754e-22,1.512e-5,9.531e-2,1.074e-28,5.042e-3,2.909e-22,8.070e-9,7.299e-17,8.876e-3,6.798e-2,1.913e-19,2.998e+0,8.770e-6,,,,,7.954e-1,,,8.074e-19,,,,,,,,,,8.833e-19,
637.48,8.813e+0,3.344e-8,9.789e-13,4.619e-44,3.270e-18,,,1.499e-18,9.275e-11,,8.977e-16,4.384e-17,1.467e-29,9.093e-18,4.934e+0,8.863e-31,8.753e-20,2.762e-25,,1.919e-17,1.985e-18,4.283e-19,2.705e-17,,3.147e-25,3.514e-19,,,7.726e-22,1.916e-5,9.628e-2,1.074e-28,4.484e-3,2.910e-22,1.041e-8,7.300e-17,8.332e-3,7.882e-2,1.909e-19,2.897e+0,1.078e-5,,,,,7.935e-1,,,8.070e-19,,,,,,,,,,8.813e-19,
637.51,8.439e+0,4.620e-8,1.139e-12,4.593e-44,3.275e-18,,,1.499e-18,6.215e-11,,8.973e-16,2.501e-17,1.468e-29,9.093e-18,4.693e+0,8.816e-31,8.757e-20,2.718e-25,,1.921e-17,1.986e-18,4.031e-19,2.698e-17,,3.148e-25,3.512e-19,,,7.683e-22,2.721e-5,9.742e-2,1.074e-28,3.748e-3,2.913e-22,1.521e-8,7.303e-17,7.842e-3,9.807e-2,1.902e-19,2.744e+0,1.475e-5,,,,,7.946e-1,,,8.064e-19,,,,,,,,,,8.784e-19,
637.53,8.188e+0,5.717e-8,1.257e-12,4.575e-44,3.278e-18,,,1.499e-18,4.748e-11,,8.970e-16,1.717e-17,1.469e-29,9.092e-18,4.528e+0,8.785e-31,8.760e-20,2.688e-25,,1.923e-17,1.986e-18,3.867e-19,2.694e-17,,3.149e-25,3.511e-19,,,7.655e-22,3.430e-5,9.795e-2,1.074e-28,3.318e-3,2.915e-22,1.953e-8,7.305e-17,7.734e-3,1.132e-1,1.898e-19,2.640e+0,1.819e-5,,,,,7.980e-1,,,8.059e-19,,,,,,,,,,8.765e-19,
637.56,7.815e+0,7.843e-8,1.452e-12,4.549e-44,3.283e-18,,,1.499e-18,3.159e-11,,8.965e-16,9.724e-18,1.470e-29,9.092e-18,4.276e+0,8.739e-31,8.764e-20,2.643e-25,,1.926e-17,1.987e-18,3.628e-19,2.688e-17,,3.150e-25,3.510e-19,,,7.612e-22,4.839e-5,9.842e-2,1.074e-28,2.753e-3,2.917e-22,2.832e-8,7.308e-17,7.913e-3,1.398e-1,1.892e-19,2.483e+0,2.488e-5,,,,,8.073e-1,,,8.053e-19,,,,,,,,,,8.735e-19,
637.58,7.570e+0,9.660e-8,1.595e-12,4.531e-44,3.286e-18,,,1.499e-18,2.402e-11,,8.963e-16,6.642e-18,1.470e-29,9.092e-18,4.106e+0,8.708e-31,8.767e-20,2.613e-25,,1.927e-17,1.987e-18,3.475e-19,2.683e-17,,3.151e-25,3.509e-19,,,7.584e-22,6.072e-5,9.850e-2,1.074e-28,2.426e-3,2.919e-22,3.620e-8,7.309e-17,8.272e-3,1.606e-1,1.887e-19,2.377e+0,3.062e-5,,,,,8.165e-1,,,8.049e-19,,,,,,,,,,8.716e-19,
637.6,7.329e+0,1.188e-7,1.748e-12,4.513e-44,3.290e-18,,,1.499e-18,1.823e-11,,8.960e-16,4.528e-18,1.471e-29,9.092e-18,3.936e+0,8.677e-31,8.769e-20,2.584e-25,,1.929e-17,1.988e-18,3.327e-19,2.679e-17,,3.152e-25,3.507e-19,,,7.556e-22,7.604e-5,9.840e-2,1.074e-28,2.133e-3,2.920e-22,4.619e-8,7.311e-17,8.837e-3,1.842e-1,1.883e-19,2.272e+0,3.762e-5,,,,,8.281e-1,,,8.045e-19,,,,,,,,,,8.696e-19,
637.63,6.981e+0,1.613e-7,2.000e-12,4.487e-44,3.294e-18,,,1.499e-18,1.201e-11,,8.955e-16,2.539e-18,1.472e-29,9.092e-18,3.680e+0,8.630e-31,8.773e-20,2.539e-25,,1.931e-17,1.988e-18,3.117e-19,2.673e-17,,3.153e-25,3.506e-19,,,7.513e-22,1.062e-4,9.791e-2,1.075e-28,1.753e-3,2.923e-22,6.634e-8,7.314e-17,1.011e-2,2.253e-1,1.877e-19,2.115e+0,5.107e-5,,,,,8.502e-1,,,8.039e-19,,,,,,,,,,8.667e-19,
637.65,6.758e+0,1.974e-7,2.182e-12,4.469e-44,3.298e-18,,,1.499e-18,9.072e-12,,8.952e-16,1.723e-18,1.472e-29,9.092e-18,3.511e+0,8.599e-31,8.776e-20,2.509e-25,,1.933e-17,1.989e-18,2.985e-19,2.669e-17,,3.154e-25,3.505e-19,,,7.485e-22,1.324e-4,9.735e-2,1.075e-28,1.534e-3,2.924e-22,8.425e-8,7.316e-17,1.127e-2,2.572e-1,1.873e-19,2.012e+0,6.249e-5,,,,,8.679e-1,,,8.034e-19,,,,,,,,,,8.647e-19,
637.68,6.443e+0,2.663e-7,2.478e-12,4.443e-44,3.303e-18,,,1.499e-18,5.934e-12,,8.948e-16,9.594e-19,1.473e-29,9.091e-18,3.259e+0,8.553e-31,8.780e-20,2.465e-25,,1.936e-17,1.989e-18,2.802e-19,2.662e-17,,3.155e-25,3.503e-19,,,7.442e-22,1.837e-4,9.618e-2,1.075e-28,1.252e-3,2.927e-22,1.201e-7,7.318e-17,1.355e-2,3.124e-1,1.866e-19,1.860e+0,8.428e-5,,,,,8.992e-1,,,8.028e-19,,,,,,,,,,8.618e-19,
637.7,6.246e+0,3.244e-7,2.692e-12,4.425e-44,3.306e-18,,,1.499e-18,4.461e-12,,8.945e-16,6.478e-19,1.474e-29,9.091e-18,3.095e+0,8.522e-31,8.783e-20,2.435e-25,,1.937e-17,1.990e-18,2.690e-19,2.658e-17,,3.156e-25,3.502e-19,,,7.414e-22,2.279e-4,9.519e-2,1.075e-28,1.090e-3,2.929e-22,1.519e-7,7.320e-17,1.548e-2,3.549e-1,1.862e-19,1.762e+0,1.026e-4,,,,,9.230e-1,,,8.024e-19,,,,,,,,,,8.599e-19,
637.73,5.975e+0,4.345e-7,3.036e-12,4.399e-44,3.311e-18,,,1.499e-18,2.897e-12,,8.941e-16,3.582e-19,1.475e-29,9.091e-18,2.853e+0,8.475e-31,8.787e-20,2.390e-25,,1.940e-17,1.990e-18,2.538e-19,2.652e-17,,3.157e-25,3.501e-19,,,7.371e-22,3.139e-4,9.339e-2,1.075e-28,8.834e-4,2.931e-22,2.151e-7,7.323e-17,1.908e-2,4.281e-1,1.855e-19,1.617e+0,1.375e-4,,,,,9.632e-1,,,8.018e-19,,,,,,,,,,8.569e-19,
637.75,5.812e+0,5.268e-7,3.282e-12,4.381e-44,3.314e-18,,,1.499e-18,2.168e-12,,8.938e-16,3.584e-19,1.475e-29,9.091e-18,2.696e+0,8.444e-31,8.789e-20,2.360e-25,,1.942e-17,1.990e-18,2.448e-19,2.647e-17,,3.157e-25,3.500e-19,,,7.343e-22,3.876e-4,9.199e-2,1.075e-28,7.659e-4,2.933e-22,2.706e-7,7.325e-17,2.202e-2,4.840e-1,1.851e-19,1.524e+0,1.667e-4,,,,,9.928e-1,,,8.014e-19,,,,,,,,,,8.550e-19,
637.78,5.597e+0,7.007e-7,3.675e-12,4.354e-44,3.319e-18,,,1.499e-18,1.398e-12,,8.934e-16,3.587e-19,1.476e-29,9.091e-18,2.468e+0,8.398e-31,8.793e-20,2.316e-25,,1.944e-17,1.991e-18,2.331e-19,2.641e-17,,3.159e-25,3.498e-19,,,7.300e-22,5.302e-4,8.962e-2,1.075e-28,6.161e-4,2.935e-22,3.805e-7,7.327e-17,2.740e-2,5.798e-1,1.845e-19,1.389e+0,2.217e-4,,,,,1.041e+0,,,8.007e-19,,,,,,,,,,8.521e-19,
637.8,5.474e+0,8.455e-7,3.954e-12,4.337e-44,3.322e-18,,,1.499e-18,1.041e-12,,8.931e-16,3.590e-19,1.477e-29,9.091e-18,2.322e+0,8.367e-31,8.796e-20,2.286e-25,,1.946e-17,1.991e-18,2.265e-19,2.637e-17,,3.159e-25,3.497e-19,,,7.272e-22,6.518e-4,8.786e-2,1.075e-28,5.317e-4,2.937e-22,4.765e-7,7.329e-17,3.171e-2,6.524e-1,1.840e-19,1.303e+0,2.675e-4,,,,,1.076e+0,,,8.003e-19,,,,,,,,,,8.501e-19,
637.83,5.323e+0,1.117e-6,4.398e-12,4.310e-44,3.327e-18,,,1.499e-18,6.665e-13,,8.927e-16,3.593e-19,1.478e-29,9.091e-18,2.110e+0,8.320e-31,8.800e-20,2.241e-25,,1.948e-17,1.992e-18,2.184e-19,2.630e-17,,3.160e-25,3.495e-19,,,7.229e-22,8.852e-4,8.499e-2,1.075e-28,4.247e-4,2.939e-22,6.655e-7,7.332e-17,3.947e-2,7.761e-1,1.834e-19,1.179e+0,3.534e-4,,,,,1.131e+0,,,7.997e-19,,,,,,,,,,8.472e-19,
637.85,5.246e+0,1.341e-6,4.709e-12,4.293e-44,3.330e-18,,,1.499e-18,4.939e-13,,8.924e-16,3.595e-19,1.478e-29,9.090e-18,1.976e+0,8.289e-31,8.803e-20,2.211e-25,,1.950e-17,1.992e-18,2.143e-19,2.626e-17,,3.161e-25,3.494e-19,,,7.201e-22,1.083e-3,8.294e-2,1.075e-28,3.647e-4,2.941e-22,8.295e-7,7.334e-17,4.563e-2,8.693e-1,1.830e-19,1.101e+0,4.244e-4,,,,,1.170e+0,,,7.993e-19,,,,,,,,,,8.452e-19,
637.88,5.169e+0,1.759e-6,5.201e-12,4.266e-44,3.335e-18,,,1.499e-18,3.140e-13,,8.919e-16,3.599e-19,1.479e-29,9.090e-18,1.783e+0,8.243e-31,8.807e-20,2.167e-25,,1.953e-17,1.993e-18,2.100e-19,2.620e-17,,3.162e-25,3.493e-19,,,7.158e-22,1.461e-3,7.967e-2,1.075e-28,2.893e-4,2.943e-22,1.150e-6,7.336e-17,5.659e-2,1.027e+0,1.823e-19,9.894e-1,5.567e-4,,,,,1.231e+0,,,7.987e-19,,,,,,,,,,8.423e-19,
637.9,5.144e+0,2.103e-6,5.543e-12,4.249e-44,3.339e-18,,,1.498e-18,2.316e-13,,8.916e-16,3.601e-19,1.480e-29,9.090e-18,1.661e+0,8.212e-31,8.809e-20,2.137e-25,,1.954e-17,1.993e-18,2.084e-19,2.615e-17,,3.163e-25,3.492e-19,,,7.130e-22,1.779e-3,7.738e-2,1.075e-28,2.473e-4,2.945e-22,1.427e-6,7.338e-17,6.522e-2,1.145e+0,1.819e-19,9.193e-1,6.655e-4,,,,,1.274e+0,,,7.982e-19,,,,,,,,,,8.403e-19,
637.93,5.148e+0,2.739e-6,6.078e-12,4.222e-44,3.343e-18,,,1.498e-18,1.462e-13,,8.912e-16,3.604e-19,1.481e-29,9.090e-18,1.489e+0,8.165e-31,8.813e-20,2.092e-25,,1.957e-17,1.994e-18,2.079e-19,2.609e-17,,3.164e-25,3.490e-19,,,7.087e-22,2.383e-3,7.380e-2,1.075e-28,1.947e-4,2.947e-22,1.965e-6,7.341e-17,8.045e-2,1.343e+0,1.813e-19,8.204e-1,8.668e-4,,,,,1.338e+0,,,7.976e-19,,,,,,,,,,8.374e-19,
637.95,5.179e+0,3.260e-6,6.449e-12,4.205e-44,3.347e-18,,,1.498e-18,1.073e-13,,8.909e-16,3.607e-19,1.481e-29,9.090e-18,1.381e+0,8.134e-31,8.816e-20,2.063e-25,,1.959e-17,1.994e-18,2.088e-19,2.605e-17,,3.165e-25,3.489e-19,,,7.059e-22,2.888e-3,7.134e-2,1.075e-28,1.657e-4,2.949e-22,2.427e-6,7.343e-17,9.235e-2,1.490e+0,1.808e-19,7.586e-1,1.031e-3,,,,,1.382e+0,,,7.972e-19,,,,,,,,,,8.355e-19,
637.98,5.271e+0,4.216e-6,7.022e-12,4.178e-44,3.352e-18,,,1.498e-18,6.728e-14,,8.905e-16,3.610e-19,1.482e-29,9.090e-18,1.229e+0,8.088e-31,8.820e-20,2.018e-25,,1.961e-17,1.995e-18,2.120e-19,2.599e-17,,3.166e-25,3.487e-19,,,7.016e-22,3.841e-3,6.757e-2,1.075e-28,1.295e-4,2.952e-22,3.318e-6,7.345e-17,1.132e-1,1.735e+0,1.802e-19,6.723e-1,1.334e-3,,,,,1.449e+0,,,7.966e-19,,,,,,,,,,8.325e-19,
638,5.363e+0,4.993e-6,7.414e-12,4.160e-44,3.355e-18,,,1.498e-18,4.916e-14,,8.902e-16,3.612e-19,1.483e-29,9.089e-18,1.134e+0,8.057e-31,8.823e-20,1.988e-25,,1.963e-17,1.995e-18,2.153e-19,2.594e-17,,3.167e-25,3.486e-19,,,6.988e-22,4.634e-3,6.501e-2,1.075e-28,1.097e-4,2.953e-22,4.079e-6,7.347e-17,1.294e-1,1.916e+0,1.798e-19,6.187e-1,1.580e-3,,,,,1.493e+0,,,7.962e-19,,,,,,,,,,8.306e-19,
638.02,5.480e+0,5.902e-6,7.814e-12,4.143e-44,3.358e-18,,,1.498e-18,3.585e-14,,8.899e-16,3.615e-19,1.483e-29,9.089e-18,1.045e+0,8.026e-31,8.825e-20,1.958e-25,,1.965e-17,1.995e-18,2.195e-19,2.590e-17,,3.168e-25,3.485e-19,,,6.959e-22,5.581e-3,6.243e-2,1.075e-28,9.270e-5,2.955e-22,5.004e-6,7.349e-17,1.476e-1,2.112e+0,1.793e-19,5.684e-1,1.868e-3,,,,,1.537e+0,,,7.958e-19,,,,,,,,,,8.286e-19,
638.05,5.705e+0,7.559e-6,8.425e-12,4.116e-44,3.363e-18,,,1.498e-18,2.225e-14,,8.895e-16,3.618e-19,1.484e-29,9.089e-18,9.208e-1,7.979e-31,8.829e-20,1.914e-25,,1.967e-17,1.996e-18,2.275e-19,2.584e-17,,3.169e-25,3.484e-19,,,6.917e-22,7.350e-3,5.855e-2,1.075e-28,7.177e-5,2.957e-22,6.776e-6,7.352e-17,1.792e-1,2.436e+0,1.787e-19,4.987e-1,2.392e-3,,,,,1.602e+0,,,7.951e-19,,,,,,,,,,8.257e-19,
638.07,5.888e+0,8.895e-6,8.838e-12,4.099e-44,3.366e-18,,,1.498e-18,1.615e-14,,8.892e-16,3.620e-19,1.485e-29,9.089e-18,8.443e-1,7.948e-31,8.832e-20,1.884e-25,,1.969e-17,1.996e-18,2.339e-19,2.579e-17,,3.169e-25,3.483e-19,,,6.888e-22,8.810e-3,5.596e-2,1.075e-28,6.037e-5,2.959e-22,8.274e-6,7.353e-17,2.036e-1,2.673e+0,1.783e-19,4.560e-1,2.814e-3,,,,,1.644e+0,,,7.947e-19,,,,,,,,,,8.237e-19,
638.1,6.215e+0,1.131e-5,9.463e-12,4.072e-44,3.371e-18,,,1.498e-18,9.949e-15,,8.888e-16,3.624e-19,1.486e-29,9.089e-18,7.387e-1,7.901e-31,8.836e-20,1.839e-25,,1.971e-17,1.997e-18,2.450e-19,2.573e-17,,3.171e-25,3.481e-19,,,6.846e-22,1.152e-2,5.211e-2,1.075e-28,4.641e-5,2.961e-22,1.113e-5,7.356e-17,2.455e-1,3.061e+0,1.776e-19,3.973e-1,3.579e-3,,,,,1.705e+0,,,7.941e-19,,,,,,,,,,8.208e-19,
638.12,6.467e+0,1.325e-5,9.880e-12,4.055e-44,3.375e-18,,,1.498e-18,7.187e-15,,8.885e-16,3.626e-19,1.486e-29,9.089e-18,6.742e-1,7.870e-31,8.839e-20,1.809e-25,,1.973e-17,1.997e-18,2.533e-19,2.569e-17,,3.171e-25,3.480e-19,,,6.817e-22,1.375e-2,4.957e-2,1.075e-28,3.886e-5,2.963e-22,1.352e-5,7.358e-17,2.775e-1,3.343e+0,1.772e-19,3.616e-1,4.192e-3,,,,,1.743e+0,,,7.937e-19,,,,,,,,,,8.189e-19,
638.15,6.900e+0,1.673e-5,1.050e-11,4.028e-44,3.379e-18,,,1.498e-18,4.397e-15,,8.880e-16,3.629e-19,1.487e-29,9.088e-18,5.857e-1,7.824e-31,8.843e-20,1.765e-25,,1.976e-17,1.998e-18,2.671e-19,2.562e-17,,3.172e-25,3.478e-19,,,6.775e-22,1.785e-2,4.584e-2,1.076e-28,2.966e-5,2.966e-22,1.806e-5,7.361e-17,3.323e-1,3.802e+0,1.766e-19,3.128e-1,5.294e-3,,,,,1.798e+0,,,7.931e-19,,,,,,,,,,8.159e-19,
638.17,7.224e+0,1.950e-5,1.092e-11,4.011e-44,3.383e-18,,,1.498e-18,3.161e-15,,8.878e-16,3.631e-19,1.488e-29,9.088e-18,5.320e-1,7.793e-31,8.845e-20,1.735e-25,,1.977e-17,1.998e-18,2.771e-19,2.558e-17,,3.173e-25,3.477e-19,,,6.746e-22,2.120e-2,4.340e-2,1.076e-28,2.471e-5,2.967e-22,2.184e-5,7.362e-17,3.739e-1,4.132e+0,1.761e-19,2.833e-1,6.171e-3,,,,,1.832e+0,,,7.926e-19,,,,,,,,,,8.140e-19,
638.2,7.766e+0,2.446e-5,1.152e-11,3.984e-44,3.388e-18,,,1.498e-18,1.920e-15,,8.873e-16,3.635e-19,1.488e-29,9.088e-18,4.590e-1,7.746e-31,8.849e-20,1.690e-25,,1.980e-17,1.999e-18,2.931e-19,2.552e-17,,3.174e-25,3.476e-19,,,6.704e-22,2.734e-2,3.985e-2,1.076e-28,1.873e-5,2.970e-22,2.896e-5,7.365e-17,4.447e-1,4.666e+0,1.755e-19,2.434e-1,7.739e-3,,,,,1.878e+0,,,7.920e-19,,,,,,,,,,8.111e-19,
638.22,8.165e+0,2.838e-5,1.192e-11,3.966e-44,3.391e-18,,,1.498e-18,1.374e-15,,8.870e-16,3.637e-19,1.489e-29,9.088e-18,4.149e-1,7.715e-31,8.852e-20,1.660e-25,,1.982e-17,1.999e-18,3.044e-19,2.548e-17,,3.175e-25,3.475e-19,,,6.675e-22,3.231e-2,3.756e-2,1.076e-28,1.553e-5,2.971e-22,3.488e-5,7.367e-17,4.980e-1,5.048e+0,1.751e-19,2.194e-1,8.979e-3,,,,,1.905e+0,,,7.916e-19,,,,,,,,,,8.091e-19,
638.25,8.820e+0,3.534e-5,1.249e-11,3.940e-44,3.396e-18,,,1.498e-18,8.288e-16,,8.866e-16,3.641e-19,1.490e-29,9.088e-18,3.554e-1,7.669e-31,8.856e-20,1.616e-25,,1.984e-17,2.000e-18,3.220e-19,2.541e-17,,3.176e-25,3.473e-19,,,6.633e-22,4.137e-2,3.424e-2,1.076e-28,1.169e-5,2.974e-22,4.592e-5,7.369e-17,5.881e-1,5.661e+0,1.744e-19,1.871e-1,1.118e-2,,,,,1.941e+0,,,7.910e-19,,,,,,,,,,8.062e-19,
638.27,9.294e+0,4.081e-5,1.286e-11,3.922e-44,3.399e-18,,,1.498e-18,5.902e-16,,8.863e-16,3.643e-19,1.491e-29,9.088e-18,3.198e-1,7.638e-31,8.859e-20,1.586e-25,,1.986e-17,2.000e-18,3.342e-19,2.537e-17,,3.177e-25,3.472e-19,,,6.604e-22,4.868e-2,3.212e-2,1.076e-28,9.650e-6,2.975e-22,5.504e-5,7.371e-17,6.555e-1,6.096e+0,1.740e-19,1.679e-1,1.291e-2,,,,,1.961e+0,,,7.906e-19,,,,,,,,,,8.042e-19,
638.3,1.006e+1,5.047e-5,1.339e-11,3.896e-44,3.404e-18,,,1.498e-18,3.535e-16,,8.859e-16,3.646e-19,1.491e-29,9.088e-18,2.720e-1,7.591e-31,8.863e-20,1.541e-25,,1.988e-17,2.001e-18,3.530e-19,2.531e-17,,3.178e-25,3.471e-19,,,6.562e-22,6.190e-2,2.907e-2,1.076e-28,7.211e-6,2.978e-22,7.197e-5,7.374e-17,7.687e-1,6.788e+0,1.734e-19,1.422e-1,1.597e-2,,,,,1.985e+0,,,7.899e-19,,,,,,,,,,8.013e-19,
638.32,1.061e+1,5.801e-5,1.372e-11,3.878e-44,3.407e-18,,,1.497e-18,2.505e-16,,8.856e-16,3.648e-19,1.492e-29,9.087e-18,2.436e-1,7.560e-31,8.865e-20,1.512e-25,,1.990e-17,2.001e-18,3.656e-19,2.526e-17,,3.179e-25,3.469e-19,,,6.533e-22,7.248e-2,2.714e-2,1.076e-28,5.924e-6,2.980e-22,8.585e-5,7.376e-17,8.529e-1,7.275e+0,1.729e-19,1.270e-1,1.835e-2,,,,,1.997e+0,,,7.895e-19,,,,,,,,,,7.993e-19,
638.35,1.150e+1,7.124e-5,1.418e-11,3.852e-44,3.412e-18,,,1.497e-18,1.490e-16,,8.852e-16,3.652e-19,1.493e-29,9.087e-18,2.058e-1,7.514e-31,8.869e-20,1.467e-25,,1.993e-17,2.001e-18,3.848e-19,2.520e-17,,3.180e-25,3.468e-19,,,6.491e-22,9.153e-2,2.440e-2,1.076e-28,4.395e-6,2.982e-22,1.115e-4,7.378e-17,9.931e-1,8.044e+0,1.723e-19,1.068e-1,2.254e-2,,,,,2.008e+0,,,7.889e-19,,,,,,,,,,7.964e-19,
638.37,1.212e+1,8.150e-5,1.446e-11,3.834e-44,3.415e-18,,,1.497e-18,1.051e-16,,8.849e-16,3.654e-19,1.493e-29,9.087e-18,1.834e-1,7.483e-31,8.872e-20,1.437e-25,,1.994e-17,2.002e-18,3.975e-19,2.516e-17,,3.181e-25,3.467e-19,,,6.462e-22,1.067e-1,2.267e-2,1.076e-28,3.594e-6,2.984e-22,1.324e-4,7.380e-17,1.097e+0,8.581e+0,1.719e-19,9.493e-2,2.579e-2,,,,,2.011e+0,,,7.885e-19,,,,,,,,,,7.945e-19,
638.39,1.278e+1,9.307e-5,1.472e-11,3.817e-44,3.419e-18,,,1.497e-18,7.400e-17,,8.846e-16,3.656e-19,1.494e-29,9.087e-18,1.632e-1,7.452e-31,8.875e-20,1.407e-25,,1.996e-17,2.002e-18,4.102e-19,2.511e-17,,3.181e-25,3.466e-19,,,6.434e-22,1.241e-1,2.103e-2,1.076e-28,2.933e-6,2.985e-22,1.569e-4,7.382e-17,1.209e+0,9.137e+0,1.714e-19,8.422e-2,2.945e-2,,,,,2.011e+0,,,7.881e-19,,,,,,,,,,7.925e-19,
638.42,1.382e+1,1.132e-4,1.507e-11,3.790e-44,3.424e-18,,,1.497e-18,4.357e-17,,8.842e-16,3.660e-19,1.495e-29,9.087e-18,1.365e-1,7.405e-31,8.879e-20,1.363e-25,,1.999e-17,2.003e-18,4.288e-19,2.505e-17,,3.183e-25,3.464e-19,,,6.391e-22,1.552e-1,1.872e-2,1.076e-28,2.155e-6,2.988e-22,2.017e-4,7.385e-17,1.394e+0,1.000e+1,1.708e-19,7.013e-2,3.581e-2,,,,,2.003e+0,,,7.874e-19,,,,,,,,,,7.896e-19,
638.44,1.455e+1,1.286e-4,1.527e-11,3.772e-44,3.427e-18,,,1.497e-18,3.053e-17,,8.839e-16,3.662e-19,1.495e-29,9.087e-18,1.208e-1,7.374e-31,8.881e-20,1.333e-25,,2.000e-17,2.003e-18,4.408e-19,2.501e-17,,3.183e-25,3.463e-19,,,6.363e-22,1.797e-1,1.728e-2,1.076e-28,1.750e-6,2.989e-22,2.379e-4,7.387e-17,1.529e+0,1.060e+1,1.704e-19,6.193e-2,4.070e-2,,,,,1.994e+0,,,7.870e-19,,,,,,,,,,7.876e-19,
638.47,1.569e+1,1.553e-4,1.552e-11,3.746e-44,3.432e-18,,,1.497e-18,1.785e-17,,8.834e-16,3.665e-19,1.496e-29,9.086e-18,1.003e-1,7.328e-31,8.885e-20,1.288e-25,,2.003e-17,2.004e-18,4.582e-19,2.494e-17,,3.184e-25,3.462e-19,,,6.320e-22,2.231e-1,1.527e-2,1.076e-28,1.277e-6,2.992e-22,3.038e-4,7.389e-17,1.751e+0,1.153e+1,1.697e-19,5.120e-2,4.914e-2,,,,,1.973e+0,,,7.864e-19,,,,,,,,,,7.847e-19,
638.49,1.649e+1,1.757e-4,1.565e-11,3.728e-44,3.435e-18,,,1.497e-18,1.245e-17,,8.832e-16,3.668e-19,1.497e-29,9.086e-18,8.843e-2,7.297e-31,8.888e-20,1.258e-25,,2.005e-17,2.004e-18,4.692e-19,2.490e-17,,3.185e-25,3.460e-19,,,6.292e-22,2.572e-1,1.403e-2,1.076e-28,1.032e-6,2.994e-22,3.567e-4,7.391e-17,1.912e+0,1.216e+1,1.693e-19,4.500e-2,5.560e-2,,,,,1.955e+0,,,7.860e-19,,,,,,,,,,7.828e-19,
638.52,1.773e+1,2.107e-4,1.579e-11,3.702e-44,3.440e-18,,,1.497e-18,7.225e-18,,8.827e-16,3.671e-19,1.498e-29,9.086e-18,7.291e-2,7.250e-31,8.892e-20,1.214e-25,,2.007e-17,2.005e-18,4.848e-19,2.484e-17,,3.186e-25,3.459e-19,,,6.249e-22,3.171e-1,1.231e-2,1.076e-28,7.476e-7,2.996e-22,4.523e-4,7.394e-17,2.174e+0,1.313e+1,1.687e-19,3.695e-2,6.667e-2,,,,,1.922e+0,,,7.854e-19,,,,,,,,,,7.798e-19,
638.54,1.859e+1,2.373e-4,1.585e-11,3.684e-44,3.443e-18,,,1.497e-18,5.015e-18,,8.824e-16,3.673e-19,1.498e-29,9.086e-18,6.396e-2,7.219e-31,8.895e-20,1.184e-25,,2.009e-17,2.005e-18,4.944e-19,2.480e-17,,3.187e-25,3.458e-19,,,6.221e-22,3.638e-1,1.126e-2,1.076e-28,6.015e-7,2.998e-22,5.286e-4,7.396e-17,2.363e+0,1.378e+1,1.682e-19,3.232e-2,7.507e-2,,,,,1.896e+0,,,7.849e-19,,,,,,,,,,7.779e-19,
638.57,1.992e+1,2.825e-4,1.589e-11,3.658e-44,3.448e-18,,,1.497e-18,2.890e-18,,8.820e-16,3.677e-19,1.499e-29,9.086e-18,5.236e-2,7.173e-31,8.899e-20,1.139e-25,,2.011e-17,2.006e-18,5.075e-19,2.473e-17,,3.188e-25,3.456e-19,,,6.178e-22,4.454e-1,9.811e-3,1.076e-28,4.326e-7,3.000e-22,6.655e-4,7.398e-17,2.668e+0,1.477e+1,1.676e-19,2.635e-2,8.938e-2,,,,,1.852e+0,,,7.843e-19,,,,,,,,,,7.749e-19,
638.59,2.083e+1,3.166e-4,1.587e-11,3.640e-44,3.451e-18,,,1.497e-18,1.997e-18,,8.817e-16,3.679e-19,1.500e-29,9.086e-18,4.572e-2,7.142e-31,8.901e-20,1.110e-25,,2.013e-17,2.006e-18,5.153e-19,2.469e-17,,3.189e-25,3.455e-19,,,6.150e-22,5.086e-1,8.929e-3,1.076e-28,3.465e-7,3.002e-22,7.741e-4,7.400e-17,2.886e+0,1.544e+1,1.672e-19,2.294e-2,1.002e-1,,,,,1.819e+0,,,7.839e-19,,,,,,,,,,7.730e-19,
638.62,2.224e+1,3.744e-4,1.579e-11,3.614e-44,3.456e-18,,,1.497e-18,1.143e-18,,8.813e-16,3.682e-19,1.501e-29,9.085e-18,3.716e-2,7.095e-31,8.905e-20,1.987e-25,,2.016e-17,2.006e-18,5.255e-19,2.463e-17,,3.190e-25,3.454e-19,,,6.107e-22,6.183e-1,7.726e-3,1.076e-28,2.474e-7,3.004e-22,9.678e-4,7.403e-17,3.236e+0,1.644e+1,1.665e-19,1.857e-2,1.185e-1,,,,,1.766e+0,,,7.833e-19,,,,,,,,,,7.701e-19,
638.64,2.320e+1,4.176e-4,1.571e-11,3.596e-44,3.459e-18,,,1.497e-18,7.856e-19,,8.810e-16,3.685e-19,1.501e-29,9.085e-18,3.230e-2,7.064e-31,8.908e-20,2.923e-25,,2.017e-17,2.007e-18,5.312e-19,2.458e-17,,3.191e-25,3.453e-19,,,6.079e-22,7.027e-1,6.999e-3,1.077e-28,1.972e-7,3.006e-22,1.121e-3,7.405e-17,3.484e+0,1.710e+1,1.661e-19,1.609e-2,1.321e-1,,,,,1.727e+0,,,7.829e-19,,,,,,,,,,7.681e-19,
638.67,2.467e+1,4.904e-4,1.552e-11,3.570e-44,3.464e-18,,,1.497e-18,4.464e-19,,8.806e-16,3.688e-19,1.502e-29,9.085e-18,2.607e-2,7.018e-31,8.912e-20,5.199e-25,,2.020e-17,2.007e-18,5.381e-19,2.452e-17,,3.192e-25,3.451e-19,,,6.036e-22,8.485e-1,6.014e-3,1.077e-28,1.398e-7,3.008e-22,1.391e-3,7.407e-17,3.879e+0,1.807e+1,1.655e-19,1.293e-2,1.552e-1,,,,,1.666e+0,,,7.822e-19,,,,,,,,,,7.652e-19,
638.69,2.566e+1,5.445e-4,1.536e-11,3.552e-44,3.468e-18,,,1.497e-18,3.055e-19,,8.803e-16,3.690e-19,1.503e-29,9.085e-18,2.255e-2,6.987e-31,8.915e-20,7.614e-25,,2.022e-17,2.008e-18,5.415e-19,2.448e-17,,3.193e-25,3.450e-19,,,6.008e-22,9.598e-1,5.422e-3,1.077e-28,1.109e-7,3.010e-22,1.603e-3,7.409e-17,4.157e+0,1.871e+1,1.650e-19,1.115e-2,1.723e-1,,,,,1.623e+0,,,7.818e-19,,,,,,,,,,7.632e-19,
638.72,2.718e+1,6.348e-4,1.507e-11,3.525e-44,3.473e-18,,,1.497e-18,1.723e-19,,8.798e-16,3.694e-19,1.504e-29,9.085e-18,1.807e-2,6.940e-31,8.919e-20,1.345e-24,,2.024e-17,2.008e-18,5.447e-19,2.441e-17,,3.194e-25,3.448e-19,,,5.965e-22,1.151e+0,4.626e-3,1.077e-28,7.810e-8,3.013e-22,1.977e-3,7.412e-17,4.596e+0,1.964e+1,1.644e-19,8.901e-3,2.009e-1,,,,,1.557e+0,,,7.812e-19,,,,,,,,,,7.603e-19,
638.74,2.820e+1,7.016e-4,1.485e-11,3.508e-44,3.476e-18,,,1.497e-18,1.174e-19,,8.796e-16,3.696e-19,1.504e-29,9.085e-18,1.556e-2,6.909e-31,8.921e-20,1.960e-24,,2.026e-17,2.009e-18,5.456e-19,2.437e-17,,3.195e-25,3.447e-19,,,5.937e-22,1.296e+0,4.152e-3,1.077e-28,6.166e-8,3.014e-22,2.267e-3,7.413e-17,4.903e+0,2.024e+1,1.640e-19,7.641e-3,2.220e-1,,,,,1.511e+0,,,7.808e-19,,,,,,,,,,7.583e-19,
638.76,2.923e+1,7.739e-4,1.460e-11,3.490e-44,3.479e-18,,,1.496e-18,7.979e-20,,8.793e-16,3.698e-19,1.505e-29,9.085e-18,1.337e-2,6.878e-31,8.924e-20,2.852e-24,,2.028e-17,2.009e-18,5.455e-19,2.433e-17,,3.195e-25,3.446e-19,,,5.908e-22,1.456e+0,3.719e-3,1.077e-28,4.859e-8,3.016e-22,2.596e-3,7.415e-17,5.220e+0,2.081e+1,1.635e-19,6.546e-3,2.449e-1,,,,,1.466e+0,,,7.804e-19,,,,,,,,,,7.564e-19,
638.79,3.078e+1,8.935e-4,1.418e-11,3.464e-44,3.484e-18,,,1.496e-18,4.457e-20,,8.788e-16,3.702e-19,1.506e-29,9.084e-18,1.061e-2,6.831e-31,8.928e-20,4.988e-24,,2.030e-17,2.010e-18,5.435e-19,2.427e-17,,3.196e-25,3.445e-19,,,5.866e-22,1.729e+0,3.141e-3,1.077e-28,3.387e-8,3.018e-22,3.169e-3,7.418e-17,5.714e+0,2.163e+1,1.629e-19,5.173e-3,2.827e-1,,,,,1.396e+0,,,7.797e-19,,,,,,,,,,7.535e-19,
638.81,3.182e+1,9.811e-4,1.388e-11,3.446e-44,3.487e-18,,,1.496e-18,3.015e-20,,8.785e-16,3.704e-19,1.506e-29,9.084e-18,9.072e-3,6.800e-31,8.931e-20,7.224e-24,,2.032e-17,2.010e-18,5.409e-19,2.422e-17,,3.197e-25,3.444e-19,,,5.837e-22,1.934e+0,2.801e-3,1.077e-28,2.657e-8,3.020e-22,3.612e-3,7.420e-17,6.056e+0,2.215e+1,1.625e-19,4.412e-3,3.104e-1,,,,,1.350e+0,,,7.793e-19,,,,,,,,,,7.515e-19,
638.84,3.338e+1,1.125e-3,1.339e-11,3.420e-44,3.492e-18,,,1.496e-18,9.345e-21,,8.781e-16,3.707e-19,1.507e-29,9.084e-18,7.149e-3,6.754e-31,8.935e-20,1.255e-23,,2.034e-17,2.010e-18,5.351e-19,2.416e-17,,3.198e-25,3.442e-19,,,5.795e-22,2.280e+0,2.349e-3,1.077e-28,1.839e-8,3.022e-22,4.379e-3,7.422e-17,6.583e+0,2.286e+1,1.618e-19,3.462e-3,3.559e-1,,,,,1.281e+0,,,7.787e-19,,,,,,,,,,7.486e-19,
638.86,3.441e+1,1.229e-3,1.304e-11,3.402e-44,3.495e-18,,,1.496e-18,9.378e-21,,8.778e-16,3.710e-19,1.508e-29,9.084e-18,6.085e-3,6.723e-31,8.937e-20,1.809e-23,,2.036e-17,2.011e-18,5.301e-19,2.412e-17,,3.199e-25,3.441e-19,,,5.766e-22,2.539e+0,2.085e-3,1.077e-28,1.436e-8,3.024e-22,4.967e-3,7.424e-17,6.944e+0,2.329e+1,1.614e-19,2.938e-3,3.889e-1,,,,,1.236e+0,,,7.783e-19,,,,,,,,,,7.466e-19,
638.89,3.597e+1,1.399e-3,1.249e-11,3.376e-44,3.500e-18,,,1.496e-18,9.426e-21,,8.774e-16,3.713e-19,1.509e-29,9.084e-18,4.761e-3,6.676e-31,8.941e-20,3.120e-23,,2.039e-17,2.011e-18,5.208e-19,2.405e-17,,3.200e-25,3.439e-19,,,5.724e-22,2.972e+0,1.736e-3,1.077e-28,9.867e-9,3.027e-22,5.979e-3,7.427e-17,7.496e+0,2.387e+1,1.608e-19,2.289e-3,4.428e-1,,,,,1.171e+0,,,7.777e-19,,,,,,,,,,7.437e-19,
638.91,3.700e+1,1.522e-3,1.211e-11,3.358e-44,3.504e-18,,,1.496e-18,9.459e-21,,8.771e-16,3.715e-19,1.509e-29,9.084e-18,4.034e-3,6.645e-31,8.944e-20,4.477e-23,,2.040e-17,2.012e-18,5.135e-19,2.401e-17,,3.201e-25,3.438e-19,,,5.695e-22,3.293e+0,1.533e-3,1.077e-28,7.667e-9,3.028e-22,6.751e-3,7.429e-17,7.870e+0,2.421e+1,1.603e-19,1.934e-3,4.816e-1,,,,,1.129e+0,,,7.773e-19,,,,,,,,,,7.418e-19,
638.94,3.853e+1,1.721e-3,1.152e-11,3.331e-44,3.509e-18,,,1.496e-18,9.508e-21,,8.767e-16,3.719e-19,1.510e-29,9.083e-18,3.134e-3,6.599e-31,8.948e-20,7.669e-23,,2.043e-17,2.012e-18,5.010e-19,2.395e-17,,3.202e-25,3.437e-19,,,5.653e-22,3.829e+0,1.268e-3,1.077e-28,5.232e-9,3.031e-22,8.070e-3,7.431e-17,8.436e+0,2.464e+1,1.597e-19,1.496e-3,5.445e-1,,,,,1.069e+0,,,7.766e-19,,,,,,,,,,7.388e-19,
638.96,3.954e+1,1.863e-3,1.112e-11,3.314e-44,3.512e-18,,,1.496e-18,9.540e-21,,8.764e-16,3.721e-19,1.511e-29,9.083e-18,2.642e-3,6.568e-31,8.951e-20,1.095e-22,,2.045e-17,2.013e-18,4.917e-19,2.390e-17,,3.203e-25,3.436e-19,,,5.624e-22,4.223e+0,1.115e-3,1.077e-28,4.046e-9,3.032e-22,9.069e-3,7.433e-17,8.815e+0,2.487e+1,1.593e-19,1.258e-3,5.895e-1,,,,,1.031e+0,,,7.762e-19,,,,,,,,,,7.369e-19,
638.99,4.105e+1,2.092e-3,1.050e-11,3.287e-44,3.517e-18,,,1.496e-18,9.589e-21,,8.760e-16,3.724e-19,1.512e-29,9.083e-18,2.039e-3,6.521e-31,8.955e-20,1.863e-22,,2.047e-17,2.013e-18,4.763e-19,2.384e-17,,3.204e-25,3.434e-19,,,5.582e-22,4.876e+0,9.155e-4,1.077e-28,2.742e-9,3.035e-22,1.077e-2,7.436e-17,9.383e+0,2.513e+1,1.586e-19,9.663e-4,6.618e-1,,,,,9.788e-1,,,7.756e-19,,,,,,,,,,7.339e-19,
639.01,4.204e+1,2.254e-3,1.009e-11,3.270e-44,3.520e-18,,,1.496e-18,9.621e-21,,8.757e-16,3.727e-19,1.512e-29,9.083e-18,1.711e-3,6.490e-31,8.957e-20,2.649e-22,,2.049e-17,2.014e-18,4.653e-19,2.380e-17,,3.205e-25,3.433e-19,,,5.553e-22,5.353e+0,8.010e-4,1.077e-28,2.110e-9,3.036e-22,1.204e-2,7.438e-17,9.760e+0,2.525e+1,1.582e-19,8.087e-4,7.132e-1,,,,,9.469e-1,,,7.752e-19,,,,,,,,,,7.320e-19,
639.04,4.351e+1,2.513e-3,9.463e-12,3.243e-44,3.525e-18,,,1.496e-18,9.670e-21,,8.752e-16,3.730e-19,1.513e-29,9.083e-18,1.311e-3,6.444e-31,8.961e-20,4.475e-22,,2.051e-17,2.014e-18,4.476e-19,2.374e-17,,3.206e-25,3.431e-19,,,5.511e-22,6.137e+0,6.532e-4,1.077e-28,1.420e-9,3.039e-22,1.420e-2,7.440e-17,1.032e+1,2.534e+1,1.576e-19,6.168e-4,7.951e-1,,,,,9.041e-1,,,7.746e-19,,,,,,,,,,7.291e-19,
639.06,4.448e+1,2.695e-3,9.046e-12,3.226e-44,3.528e-18,,,1.496e-18,9.703e-21,,8.749e-16,3.732e-19,1.514e-29,9.083e-18,1.095e-3,6.413e-31,8.964e-20,6.333e-22,,2.053e-17,2.015e-18,4.352e-19,2.369e-17,,3.206e-25,3.430e-19,,,5.482e-22,6.706e+0,5.688e-4,1.077e-28,1.088e-9,3.041e-22,1.580e-2,7.442e-17,1.068e+1,2.534e+1,1.571e-19,5.138e-4,8.528e-1,,,,,8.791e-1,,,7.741e-19,,,,,,,,,,7.271e-19,
639.09,4.591e+1,2.984e-3,8.425e-12,3.199e-44,3.533e-18,,,1.496e-18,9.752e-21,,8.745e-16,3.736e-19,1.514e-29,9.082e-18,8.327e-4,6.366e-31,8.968e-20,1.062e-21,,2.056e-17,2.015e-18,4.158e-19,2.363e-17,,3.208e-25,3.429e-19,,,5.440e-22,7.634e+0,4.606e-4,1.077e-28,7.266e-10,3.043e-22,1.850e-2,7.445e-17,1.121e+1,2.525e+1,1.565e-19,3.891e-4,9.440e-1,,,,,8.473e-1,,,7.735e-19,,,,,,,,,,7.242e-19,
639.11,4.685e+1,3.185e-3,8.017e-12,3.182e-44,3.536e-18,,,1.496e-18,9.784e-21,,8.742e-16,3.738e-19,1.515e-29,9.082e-18,6.923e-4,6.335e-31,8.971e-20,1.497e-21,,2.057e-17,2.015e-18,4.023e-19,2.359e-17,,3.208e-25,3.428e-19,,,5.411e-22,8.303e+0,3.992e-4,1.077e-28,5.540e-10,3.045e-22,2.050e-2,7.447e-17,1.155e+1,2.513e+1,1.561e-19,3.226e-4,1.008e+0,,,,,8.301e-1,,,7.731e-19,,,,,,,,,,7.222e-19,
639.13,4.778e+1,3.394e-3,7.614e-12,3.164e-44,3.540e-18,,,1.496e-18,9.817e-21,,8.739e-16,3.740e-19,1.516e-29,9.082e-18,5.744e-4,6.304e-31,8.973e-20,2.104e-21,,2.059e-17,2.016e-18,3.886e-19,2.354e-17,,3.209e-25,3.427e-19,,,5.383e-22,9.015e+0,3.453e-4,1.077e-28,4.216e-10,3.046e-22,2.268e-2,7.448e-17,1.188e+1,2.497e+1,1.556e-19,2.669e-4,1.074e+0,,,,,8.163e-1,,,7.727e-19,,,,,,,,,,7.203e-19,
639.16,4.916e+1,3.721e-3,7.022e-12,3.137e-44,3.544e-18,,,1.496e-18,9.865e-21,,8.735e-16,3.743e-19,1.517e-29,9.082e-18,4.326e-4,6.258e-31,8.977e-20,3.496e-21,,2.062e-17,2.016e-18,3.676e-19,2.348e-17,,3.210e-25,3.425e-19,,,5.340e-22,1.016e+1,2.769e-4,1.078e-28,2.789e-10,3.049e-22,2.629e-2,7.451e-17,1.235e+1,2.464e+1,1.550e-19,2.002e-4,1.177e+0,,,,,8.020e-1,,,7.721e-19,,,,,,,,,,7.173e-19,
639.18,5.006e+1,3.947e-3,6.637e-12,3.120e-44,3.548e-18,,,1.495e-18,9.898e-21,,8.732e-16,3.746e-19,1.517e-29,9.082e-18,3.573e-4,6.227e-31,8.980e-20,4.892e-21,,2.063e-17,2.017e-18,3.534e-19,2.344e-17,,3.211e-25,3.424e-19,,,5.312e-22,1.098e+1,2.384e-4,1.078e-28,2.112e-10,3.050e-22,2.894e-2,7.453e-17,1.264e+1,2.436e+1,1.546e-19,1.649e-4,1.249e+0,,,,,7.970e-1,,,7.716e-19,,,,,,,,,,7.154e-19,
639.21,5.140e+1,4.296e-3,6.078e-12,3.093e-44,3.553e-18,,,1.495e-18,9.947e-21,,8.728e-16,3.749e-19,1.518e-29,9.082e-18,2.672e-4,6.180e-31,8.984e-20,8.072e-21,,2.066e-17,2.017e-18,3.320e-19,2.337e-17,,3.212e-25,3.422e-19,,,5.269e-22,1.229e+1,1.898e-4,1.078e-28,1.387e-10,3.053e-22,3.331e-2,7.456e-17,1.305e+1,2.387e+1,1.539e-19,1.228e-4,1.359e+0,,,,,7.963e-1,,,7.710e-19,,,,,,,,,,7.125e-19,
639.23,5.228e+1,4.535e-3,5.719e-12,3.076e-44,3.556e-18,,,1.495e-18,9.979e-21,,8.725e-16,3.751e-19,1.519e-29,9.082e-18,2.196e-4,6.149e-31,8.987e-20,1.124e-20,,2.068e-17,2.018e-18,3.176e-19,2.333e-17,,3.213e-25,3.421e-19,,,5.241e-22,1.322e+1,1.626e-4,1.078e-28,1.046e-10,3.055e-22,3.650e-2,7.457e-17,1.329e+1,2.349e+1,1.535e-19,1.006e-4,1.435e+0,,,,,8.006e-1,,,7.706e-19,,,,,,,,,,7.105e-19,
639.26,5.359e+1,4.902e-3,5.201e-12,3.049e-44,3.561e-18,,,1.495e-18,1.003e-20,,8.721e-16,3.755e-19,1.519e-29,9.081e-18,1.631e-4,6.103e-31,8.991e-20,1.842e-20,,2.070e-17,2.018e-18,2.963e-19,2.327e-17,,3.214e-25,3.420e-19,,,5.198e-22,1.470e+1,1.286e-4,1.078e-28,6.820e-11,3.057e-22,4.172e-2,7.460e-17,1.362e+1,2.286e+1,1.529e-19,7.440e-5,1.551e+0,,,,,8.140e-1,,,7.700e-19,,,,,,,,,,7.076e-19,
639.28,5.445e+1,5.151e-3,4.870e-12,3.032e-44,3.564e-18,,,1.495e-18,1.006e-20,,8.718e-16,3.757e-19,1.520e-29,9.081e-18,1.334e-4,6.072e-31,8.993e-20,2.555e-20,,2.072e-17,2.019e-18,2.822e-19,2.323e-17,,3.215e-25,3.419e-19,,,5.170e-22,1.573e+1,1.097e-4,1.078e-28,5.117e-11,3.059e-22,4.551e-2,7.462e-17,1.382e+1,2.239e+1,1.524e-19,6.070e-5,1.630e+0,,,,,8.276e-1,,,7.696e-19,,,,,,,,,,7.056e-19,
639.31,5.572e+1,5.529e-3,4.398e-12,3.005e-44,3.569e-18,,,1.495e-18,1.011e-20,,8.714e-16,3.760e-19,1.521e-29,9.081e-18,9.840e-5,6.025e-31,8.997e-20,4.157e-20,,2.074e-17,2.019e-18,2.614e-19,2.316e-17,,3.216e-25,3.417e-19,,,5.127e-22,1.737e+1,8.608e-5,1.078e-28,3.313e-11,3.061e-22,5.166e-2,7.465e-17,1.406e+1,2.163e+1,1.518e-19,4.457e-5,1.749e+0,,,,,8.553e-1,,,7.689e-19,,,,,,,,,,7.027e-19,
639.33,5.656e+1,5.783e-3,4.099e-12,2.988e-44,3.572e-18,,,1.495e-18,1.014e-20,,8.711e-16,3.763e-19,1.521e-29,9.081e-18,8.012e-5,5.994e-31,9.000e-20,5.737e-20,,2.076e-17,2.020e-18,2.478e-19,2.312e-17,,3.217e-25,3.416e-19,,,5.099e-22,1.851e+1,7.308e-5,1.078e-28,2.474e-11,3.063e-22,5.608e-2,7.466e-17,1.419e+1,2.109e+1,1.514e-19,3.619e-5,1.830e+0,,,,,8.785e-1,,,7.685e-19,,,,,,,,,,7.008e-19,
639.36,5.781e+1,6.164e-3,3.675e-12,2.961e-44,3.577e-18,,,1.495e-18,1.019e-20,,8.706e-16,3.766e-19,1.522e-29,9.081e-18,5.866e-5,5.948e-31,9.004e-20,9.271e-20,,2.079e-17,2.020e-18,2.279e-19,2.306e-17,,3.218e-25,3.415e-19,,,5.056e-22,2.028e+1,5.696e-5,1.078e-28,1.591e-11,3.065e-22,6.321e-2,7.469e-17,1.435e+1,2.024e+1,1.507e-19,2.638e-5,1.950e+0,,,,,9.202e-1,,,7.679e-19,,,,,,,,,,6.978e-19,
639.38,5.863e+1,6.416e-3,3.409e-12,2.943e-44,3.580e-18,,,1.495e-18,1.022e-20,,8.703e-16,3.768e-19,1.523e-29,9.081e-18,4.754e-5,5.917e-31,9.007e-20,1.274e-19,,2.080e-17,2.020e-18,2.150e-19,2.301e-17,,3.218e-25,3.413e-19,,,5.028e-22,2.151e+1,4.813e-5,1.078e-28,1.182e-11,3.067e-22,6.830e-2,7.471e-17,1.441e+1,1.964e+1,1.503e-19,2.132e-5,2.030e+0,,,,,9.526e-1,,,7.675e-19,,,,,,,,,,6.959e-19,
639.41,5.983e+1,6.791e-3,3.036e-12,2.917e-44,3.585e-18,,,1.495e-18,1.027e-20,,8.699e-16,3.772e-19,1.524e-29,9.080e-18,3.457e-5,5.870e-31,9.011e-20,2.044e-19,,2.083e-17,2.021e-18,1.963e-19,2.295e-17,,3.220e-25,3.412e-19,,,4.985e-22,2.342e+1,3.725e-5,1.078e-28,7.549e-12,3.069e-22,7.645e-2,7.474e-17,1.447e+1,1.871e+1,1.497e-19,1.543e-5,2.149e+0,,,,,1.008e+0,,,7.669e-19,,,,,,,,,,6.929e-19,
639.43,6.063e+1,7.037e-3,2.803e-12,2.899e-44,3.589e-18,,,1.495e-18,1.030e-20,,8.696e-16,3.774e-19,1.524e-29,9.080e-18,2.788e-5,5.839e-31,9.013e-20,2.795e-19,,2.085e-17,2.021e-18,1.844e-19,2.291e-17,,3.220e-25,3.411e-19,,,4.957e-22,2.472e+1,3.133e-5,1.078e-28,5.584e-12,3.071e-22,8.223e-2,7.475e-17,1.447e+1,1.807e+1,2.210e-19,1.241e-5,2.226e+0,,,,,1.049e+0,,,7.664e-19,,,,,,,,,,6.910e-19,
639.46,6.179e+1,7.396e-3,2.478e-12,2.873e-44,3.593e-18,,,1.495e-18,1.035e-20,,8.692e-16,3.777e-19,1.525e-29,9.080e-18,2.013e-5,5.792e-31,9.017e-20,4.454e-19,,2.087e-17,2.022e-18,1.672e-19,2.284e-17,,3.221e-25,3.409e-19,,,4.914e-22,2.672e+1,2.407e-5,1.078e-28,3.540e-12,3.074e-22,9.140e-2,7.478e-17,1.442e+1,1.710e+1,3.951e-19,8.924e-6,2.340e+0,,,,,1.118e+0,,,7.658e-19,,,,,,,,,,6.881e-19,
639.48,6.255e+1,7.628e-3,2.278e-12,2.855e-44,3.597e-18,,,1.495e-18,1.039e-20,,8.689e-16,3.780e-19,1.526e-29,9.080e-18,1.616e-5,5.761e-31,9.020e-20,6.062e-19,,2.089e-17,2.022e-18,1.563e-19,2.280e-17,,3.222e-25,3.408e-19,,,4.886e-22,2.808e+1,2.015e-5,1.078e-28,2.606e-12,3.075e-22,9.784e-2,7.480e-17,1.436e+1,1.644e+1,5.808e-19,7.144e-6,2.413e+0,,,,,1.167e+0,,,7.654e-19,,,,,,,,,,6.861e-19,
639.5,6.330e+1,7.852e-3,2.089e-12,2.838e-44,3.600e-18,,,1.495e-18,1.042e-20,,8.686e-16,3.782e-19,1.526e-29,9.080e-18,1.295e-5,5.730e-31,9.023e-20,8.237e-19,,2.091e-17,2.023e-18,1.458e-19,2.276e-17,,3.223e-25,3.407e-19,,,4.857e-22,2.945e+1,1.684e-5,1.078e-28,1.915e-12,3.077e-22,1.045e-1,7.482e-17,1.426e+1,1.577e+1,8.520e-19,5.709e-6,2.484e+0,,,,,1.220e+0,,,7.650e-19,,,,,,,,,,6.842e-19,
639.53,6.439e+1,8.172e-3,1.829e-12,2.811e-44,3.605e-18,,,1.495e-18,1.047e-20,,8.682e-16,3.785e-19,1.527e-29,9.080e-18,9.256e-6,5.684e-31,9.027e-20,1.300e-18,,2.093e-17,2.023e-18,1.309e-19,2.270e-17,,3.224e-25,3.406e-19,,,4.815e-22,3.152e+1,1.281e-5,1.078e-28,1.202e-12,3.079e-22,1.151e-1,7.484e-17,1.408e+1,1.477e+1,1.509e-18,4.063e-6,2.586e+0,,,,,1.304e+0,,,7.644e-19,,,,,,,,,,6.812e-19,
639.55,6.508e+1,8.373e-3,1.670e-12,2.793e-44,3.608e-18,,,1.495e-18,1.050e-20,,8.679e-16,3.788e-19,1.528e-29,9.080e-18,7.382e-6,5.653e-31,9.029e-20,1.758e-18,,2.095e-17,2.024e-18,1.216e-19,2.265e-17,,3.225e-25,3.404e-19,,,4.786e-22,3.290e+1,1.065e-5,1.078e-28,8.791e-13,3.081e-22,1.224e-1,7.486e-17,1.393e+1,1.411e+1,2.203e-18,3.231e-6,2.649e+0,,,,,1.364e+0,,,7.640e-19,,,,,,,,,,6.793e-19,
639.58,6.609e+1,8.653e-3,1.452e-12,2.767e-44,3.613e-18,,,1.495e-18,1.055e-20,,8.675e-16,3.791e-19,1.529e-29,9.079e-18,5.240e-6,5.606e-31,9.033e-20,2.755e-18,,2.097e-17,2.024e-18,1.084e-19,2.259e-17,,3.226e-25,3.403e-19,,,4.744e-22,3.497e+1,8.050e-6,1.078e-28,5.479e-13,3.083e-22,1.338e-1,7.489e-17,1.365e+1,1.313e+1,3.875e-18,2.284e-6,2.738e+0,,,,,1.458e+0,,,7.633e-19,,,,,,,,,,6.763e-19,
639.6,6.672e+1,8.825e-3,1.319e-12,2.749e-44,3.616e-18,,,1.495e-18,1.058e-20,,8.672e-16,3.793e-19,1.529e-29,9.079e-18,4.159e-6,5.575e-31,9.036e-20,3.709e-18,,2.099e-17,2.024e-18,1.002e-19,2.255e-17,,3.227e-25,3.402e-19,,,4.715e-22,3.633e+1,6.662e-6,1.078e-28,3.988e-13,3.085e-22,1.416e-1,7.491e-17,1.344e+1,1.248e+1,5.632e-18,1.808e-6,2.792e+0,,,,,1.524e+0,,,7.629e-19,,,,,,,,,,6.744e-19,
639.63,6.762e+1,9.057e-3,1.139e-12,2.723e-44,3.621e-18,,,1.494e-18,1.063e-20,,8.667e-16,3.797e-19,1.530e-29,9.079e-18,2.931e-6,5.529e-31,9.040e-20,5.772e-18,,2.102e-17,2.025e-18,8.873e-20,2.248e-17,,3.228e-25,3.400e-19,,,4.673e-22,3.835e+1,4.999e-6,1.078e-28,2.468e-13,3.088e-22,1.537e-1,7.493e-17,1.309e+1,1.153e+1,9.836e-18,1.269e-6,2.866e+0,,,,,1.627e+0,,,7.623e-19,,,,,,,,,,6.715e-19,
639.65,6.817e+1,9.193e-3,1.030e-12,2.705e-44,3.625e-18,,,1.494e-18,1.066e-20,,8.665e-16,3.799e-19,1.531e-29,9.079e-18,2.316e-6,5.498e-31,9.043e-20,7.734e-18,,2.103e-17,2.025e-18,8.163e-20,2.244e-17,,3.229e-25,3.399e-19,,,4.644e-22,3.966e+1,4.118e-6,1.078e-28,1.788e-13,3.089e-22,1.619e-1,7.495e-17,1.283e+1,1.091e+1,1.423e-17,9.994e-7,2.909e+0,,,,,1.698e+0,,,7.619e-19,,,,,,,,,,6.695e-19,
639.68,6.893e+1,9.369e-3,8.829e-13,2.679e-44,3.629e-18,,,1.494e-18,1.071e-20,,8.660e-16,3.802e-19,1.532e-29,9.079e-18,1.621e-6,5.451e-31,9.047e-20,1.195e-17,,2.106e-17,2.026e-18,7.177e-20,2.238e-17,,3.230e-25,3.398e-19,,,4.602e-22,4.156e+1,3.068e-6,1.079e-28,1.099e-13,3.092e-22,1.745e-1,7.498e-17,1.241e+1,1.000e+1,2.468e-17,6.964e-7,2.964e+0,,,,,1.807e+0,,,7.613e-19,,,,,,,,,,6.666e-19,
639.7,6.939e+1,9.466e-3,7.948e-13,2.661e-44,3.633e-18,,,1.494e-18,1.074e-20,,8.657e-16,3.805e-19,1.532e-29,9.079e-18,1.274e-6,5.420e-31,9.049e-20,1.594e-17,,3.109e-17,2.026e-18,6.571e-20,2.233e-17,,3.230e-25,3.397e-19,,,4.573e-22,4.279e+1,2.516e-6,1.079e-28,7.923e-14,3.093e-22,1.830e-1,7.500e-17,1.211e+1,9.422e+0,3.555e-17,5.461e-7,2.995e+0,,,,,1.882e+0,,,7.608e-19,,,,,,,,,,6.646e-19,
639.73,6.998e+1,9.579e-3,6.765e-13,2.635e-44,3.638e-18,,,1.494e-18,1.079e-20,,8.653e-16,3.808e-19,1.533e-29,9.078e-18,8.856e-7,5.374e-31,9.053e-20,2.447e-17,,5.556e-17,2.027e-18,5.737e-20,2.227e-17,,3.232e-25,3.395e-19,,,4.531e-22,4.453e+1,1.861e-6,1.079e-28,4.834e-14,3.096e-22,1.959e-1,7.502e-17,1.164e+1,8.581e+0,6.123e-17,3.778e-7,3.031e+0,,,,,1.997e+0,,,7.602e-19,,,,,,,,,,6.617e-19,
639.75,7.031e+1,9.633e-3,6.062e-13,2.617e-44,3.641e-18,,,1.494e-18,1.082e-20,,8.650e-16,3.810e-19,1.534e-29,9.078e-18,6.931e-7,5.343e-31,9.056e-20,3.249e-17,,8.163e-17,2.027e-18,5.229e-20,2.223e-17,,3.232e-25,3.394e-19,,,4.502e-22,4.562e+1,1.519e-6,1.079e-28,3.469e-14,3.097e-22,2.045e-1,7.504e-17,1.131e+1,8.044e+0,8.778e-17,2.949e-7,3.048e+0,,,,,2.074e+0,,,7.598e-19,,,,,,,,,,6.598e-19,
639.78,7.071e+1,9.680e-3,5.124e-13,2.591e-44,3.646e-18,,,1.494e-18,1.087e-20,,8.646e-16,3.814e-19,1.535e-29,9.078e-18,4.782e-7,5.296e-31,9.060e-20,4.952e-17,,1.449e-16,2.028e-18,4.533e-20,2.216e-17,,3.233e-25,3.392e-19,,,4.460e-22,4.715e+1,1.117e-6,1.079e-28,2.102e-14,3.100e-22,2.173e-1,7.507e-17,1.080e+1,7.275e+0,1.501e-16,2.026e-7,3.063e+0,,,,,2.192e+0,,,7.592e-19,,,,,,,,,,6.568e-19,
639.8,7.090e+1,9.690e-3,4.570e-13,2.573e-44,3.649e-18,,,1.494e-18,1.091e-20,,8.643e-16,3.816e-19,1.535e-29,9.078e-18,3.725e-7,5.265e-31,9.063e-20,6.544e-17,,2.119e-16,2.028e-18,4.112e-20,2.212e-17,,3.234e-25,3.391e-19,,,4.431e-22,4.808e+1,9.076e-7,1.079e-28,1.501e-14,3.102e-22,2.258e-1,7.509e-17,1.045e+1,6.788e+0,2.143e-16,1.574e-7,3.066e+0,,,,,2.271e+0,,,7.588e-19,,,,,,,,,,6.549e-19,
639.83,7.107e+1,9.669e-3,3.835e-13,2.547e-44,3.654e-18,,,1.494e-18,1.095e-20,,8.639e-16,3.819e-19,1.536e-29,9.078e-18,2.552e-7,5.219e-31,9.067e-20,9.906e-17,,3.735e-16,2.029e-18,3.540e-20,2.206e-17,,3.235e-25,3.390e-19,,,4.389e-22,4.935e+1,6.633e-7,1.079e-28,9.030e-15,3.104e-22,2.383e-1,7.511e-17,9.925e+0,6.096e+0,3.640e-16,1.074e-7,3.059e+0,,,,,2.391e+0,,,7.581e-19,,,,,,,,,,6.519e-19,
639.85,7.110e+1,9.633e-3,3.404e-13,2.529e-44,3.657e-18,,,1.494e-18,1.099e-20,,8.636e-16,3.822e-19,1.537e-29,9.078e-18,1.979e-7,5.188e-31,9.070e-20,1.303e-16,,5.437e-16,2.029e-18,3.196e-20,2.202e-17,,3.236e-25,3.389e-19,,,4.360e-22,5.009e+1,5.374e-7,1.079e-28,6.420e-15,3.106e-22,2.465e-1,7.513e-17,9.570e+0,5.661e+0,5.170e-16,8.300e-8,3.048e+0,,,,,2.472e+0,,,7.577e-19,,,,,,,,,,6.500e-19,
639.88,7.101e+1,9.546e-3,2.837e-13,2.502e-44,3.662e-18,,,1.494e-18,1.104e-20,,8.631e-16,3.825e-19,1.538e-29,9.077e-18,1.346e-7,5.141e-31,9.074e-20,1.959e-16,,9.518e-16,2.030e-18,2.732e-20,2.195e-17,,3.237e-25,3.387e-19,,,4.318e-22,5.105e+1,3.916e-7,1.079e-28,3.834e-15,3.108e-22,2.583e-1,7.516e-17,9.036e+0,5.048e+0,8.721e-16,5.622e-8,3.020e+0,,,,,2.592e+0,,,7.571e-19,,,,,,,,,,6.471e-19,
639.9,7.087e+1,9.466e-3,2.507e-13,2.485e-44,3.665e-18,,,1.494e-18,1.107e-20,,8.629e-16,3.827e-19,1.538e-29,9.077e-18,1.039e-7,5.110e-31,9.076e-20,2.564e-16,,1.379e-15,2.030e-18,2.455e-20,2.191e-17,,3.238e-25,3.386e-19,,,4.289e-22,5.157e+1,3.173e-7,1.079e-28,2.713e-15,3.110e-22,2.659e-1,7.518e-17,8.684e+0,4.666e+0,1.233e-15,4.326e-8,2.995e+0,,,,,2.673e+0,,,7.567e-19,,,,,,,,,,6.451e-19,
639.92,7.065e+1,9.369e-3,2.210e-13,2.467e-44,3.669e-18,,,1.494e-18,1.110e-20,,8.626e-16,3.829e-19,1.539e-29,9.077e-18,8.002e-8,5.079e-31,9.079e-20,3.351e-16,,1.995e-15,2.030e-18,2.202e-20,2.187e-17,,3.239e-25,3.385e-19,,,4.261e-22,5.201e+1,2.577e-7,1.079e-28,1.916e-15,3.111e-22,2.732e-1,7.519e-17,8.335e+0,4.305e+0,1.740e-15,3.323e-8,2.964e+0,,,,,2.753e+0,,,7.563e-19,,,,,,,,,,6.432e-19,
639.95,7.018e+1,9.193e-3,1.824e-13,2.441e-44,3.674e-18,,,1.494e-18,1.115e-20,,8.621e-16,3.833e-19,1.540e-29,9.077e-18,5.390e-8,5.033e-31,9.083e-20,4.989e-16,,3.459e-15,2.031e-18,1.864e-20,2.180e-17,,3.240e-25,3.383e-19,,,4.218e-22,5.249e+1,1.904e-7,1.079e-28,1.133e-15,3.114e-22,2.835e-1,7.522e-17,7.822e+0,3.802e+0,2.907e-15,2.229e-8,2.909e+0,,,,,2.873e+0,,,7.556e-19,,,,,,,,,,6.402e-19,
639.97,6.978e+1,9.057e-3,1.601e-13,2.423e-44,3.677e-18,,,1.494e-18,1.118e-20,,8.619e-16,3.835e-19,1.540e-29,9.077e-18,4.132e-8,5.002e-31,9.086e-20,6.490e-16,,4.980e-15,2.031e-18,1.664e-20,2.176e-17,,3.241e-25,3.382e-19,,,4.190e-22,5.268e+1,1.575e-7,1.079e-28,7.965e-16,3.116e-22,2.899e-1,7.524e-17,7.489e+0,3.491e+0,4.084e-15,1.704e-8,2.866e+0,,,,,2.953e+0,,,7.552e-19,,,,,,,,,,6.383e-19,
640,6.903e+1,8.825e-3,1.312e-13,2.397e-44,3.682e-18,,,1.494e-18,1.123e-20,,8.614e-16,3.838e-19,1.541e-29,9.077e-18,2.764e-8,4.955e-31,9.090e-20,9.595e-16,,8.573e-15,2.032e-18,1.399e-20,2.170e-17,,3.242e-25,3.381e-19,,,4.147e-22,5.279e+1,1.224e-7,1.079e-28,4.677e-16,3.118e-22,2.988e-1,7.527e-17,7.006e+0,3.061e+0,6.776e-15,1.135e-8,2.792e+0,,,,,3.072e+0,,,7.546e-19,,,,,,,,,,6.354e-19,
640.02,6.844e+1,8.653e-3,1.146e-13,2.379e-44,3.685e-18,,,1.494e-18,1.126e-20,,8.611e-16,3.841e-19,1.542e-29,9.077e-18,2.109e-8,4.924e-31,9.092e-20,1.242e-15,,1.229e-14,2.032e-18,1.243e-20,2.166e-17,,3.242e-25,3.380e-19,,,4.119e-22,5.274e+1,1.070e-7,1.079e-28,3.272e-16,3.120e-22,3.042e-1,7.528e-17,6.698e+0,2.798e+0,9.475e-15,8.633e-9,2.738e+0,,,,,3.151e+0,,,7.542e-19,,,,,,,,,,6.334e-19,
640.05,6.742e+1,8.373e-3,9.326e-14,2.353e-44,3.690e-18,,,1.493e-18,1.131e-20,,8.607e-16,3.844e-19,1.543e-29,9.076e-18,1.400e-8,4.878e-31,9.096e-20,1.824e-15,,2.101e-14,2.033e-18,1.037e-20,2.159e-17,,3.244e-25,3.378e-19,,,4.076e-22,5.249e+1,9.408e-8,1.079e-28,1.908e-16,3.122e-22,3.113e-1,7.531e-17,6.258e+0,2.436e+0,1.561e-14,5.709e-9,2.649e+0,,,,,3.270e+0,,,7.536e-19,,,,,,,,,,6.305e-19,
640.07,6.665e+1,8.172e-3,8.109e-14,2.335e-44,3.693e-18,,,1.493e-18,1.135e-20,,8.604e-16,3.846e-19,1.543e-29,9.076e-18,1.064e-8,4.847e-31,9.099e-20,2.351e-15,,2.997e-14,2.033e-18,9.176e-21,2.155e-17,,3.244e-25,3.377e-19,,,4.048e-22,5.219e+1,9.173e-8,1.079e-28,1.328e-16,3.124e-22,3.154e-1,7.533e-17,5.981e+0,2.216e+0,2.173e-14,4.323e-9,2.586e+0,,,,,3.349e+0,,,7.531e-19,,,,,,,,,,6.285e-19,
640.1,6.537e+1,7.852e-3,6.552e-14,2.308e-44,3.698e-18,,,1.493e-18,1.139e-20,,8.600e-16,3.850e-19,1.544e-29,9.076e-18,7.013e-9,4.800e-31,9.103e-20,3.427e-15,,5.088e-14,2.034e-18,7.606e-21,2.149e-17,,3.245e-25,3.375e-19,,,4.005e-22,5.158e+1,9.728e-8,1.079e-28,7.691e-17,3.126e-22,3.205e-1,7.536e-17,5.592e+0,1.916e+0,3.556e-14,2.839e-9,2.484e+0,,,,,3.467e+0,,,7.525e-19,,,,,,,,,,6.256e-19,
640.12,6.443e+1,7.628e-3,5.671e-14,2.291e-44,3.701e-18,,,1.493e-18,1.143e-20,,8.597e-16,3.852e-19,1.545e-29,9.076e-18,5.301e-9,4.769e-31,9.106e-20,4.397e-15,,7.225e-14,2.034e-18,6.697e-21,2.144e-17,,3.246e-25,3.374e-19,,,3.977e-22,5.105e+1,1.073e-7,1.079e-28,5.330e-17,3.128e-22,3.232e-1,7.537e-17,5.353e+0,1.735e+0,4.926e-14,2.139e-9,2.413e+0,,,,,3.546e+0,,,7.521e-19,,,,,,,,,,6.236e-19,
640.15,6.291e+1,7.278e-3,4.550e-14,2.264e-44,3.706e-18,,,1.493e-18,1.148e-20,,8.593e-16,3.855e-19,1.545e-29,9.076e-18,3.471e-9,4.723e-31,9.110e-20,6.366e-15,,1.218e-13,2.035e-18,5.513e-21,2.138e-17,,3.247e-25,3.373e-19,,,3.934e-22,5.010e+1,1.327e-7,1.079e-28,3.064e-17,3.130e-22,3.261e-1,7.540e-17,5.023e+0,1.490e+0,8.006e-14,1.395e-9,2.303e+0,,,,,3.665e+0,,,7.515e-19,,,,,,,,,,6.207e-19,
640.17,6.182e+1,7.037e-3,3.919e-14,2.247e-44,3.709e-18,,,1.493e-18,1.151e-20,,8.590e-16,3.858e-19,1.546e-29,9.076e-18,2.611e-9,4.691e-31,9.112e-20,8.130e-15,,1.722e-13,2.035e-18,4.832e-21,2.134e-17,,3.248e-25,3.372e-19,,,3.906e-22,4.935e+1,1.577e-7,1.079e-28,2.113e-17,3.132e-22,3.274e-1,7.542e-17,4.824e+0,1.343e+0,1.104e-13,1.046e-9,2.226e+0,,,,,3.744e+0,,,7.511e-19,,,,,,,,,,6.188e-19,
640.2,6.010e+1,6.667e-3,3.122e-14,2.220e-44,3.714e-18,,,1.493e-18,1.156e-20,,8.585e-16,3.861e-19,1.547e-29,9.075e-18,1.698e-9,4.645e-31,9.116e-20,1.169e-14,,2.884e-13,2.036e-18,3.953e-21,2.127e-17,,3.249e-25,3.370e-19,,,3.863e-22,4.809e+1,2.101e-7,1.080e-28,1.206e-17,3.134e-22,3.280e-1,7.545e-17,4.558e+0,1.145e+0,1.782e-13,6.775e-10,2.109e+0,,,,,3.864e+0,,,7.504e-19,,,,,,,,,,6.158e-19,
640.22,5.890e+1,6.416e-3,2.677e-14,2.203e-44,3.718e-18,,,1.493e-18,1.159e-20,,8.583e-16,3.863e-19,1.547e-29,9.075e-18,1.271e-9,4.614e-31,9.119e-20,1.486e-14,,4.058e-13,2.036e-18,3.450e-21,2.123e-17,,3.250e-25,3.369e-19,,,3.835e-22,4.716e+1,2.570e-7,1.080e-28,8.281e-18,3.136e-22,3.277e-1,7.546e-17,4.402e+0,1.027e+0,2.446e-13,5.058e-10,2.030e+0,,,,,3.945e+0,,,7.500e-19,,,,,,,,,,6.139e-19,
640.25,5.702e+1,6.037e-3,2.118e-14,2.176e-44,3.723e-18,,,1.493e-18,1.164e-20,,8.578e-16,3.867e-19,1.548e-29,9.075e-18,8.208e-10,4.567e-31,9.123e-20,2.122e-14,,6.748e-13,2.036e-18,2.806e-21,2.117e-17,,3.251e-25,3.368e-19,,,3.792e-22,4.564e+1,3.504e-7,1.080e-28,4.693e-18,3.139e-22,3.261e-1,7.549e-17,4.202e+0,8.693e-1,3.920e-13,3.252e-10,1.910e+0,,,,,4.068e+0,,,7.494e-19,,,,,,,,,,6.109e-19,
640.27,5.572e+1,5.783e-3,1.807e-14,2.158e-44,3.726e-18,,,1.493e-18,1.167e-20,,8.575e-16,3.869e-19,1.549e-29,9.075e-18,6.117e-10,4.536e-31,9.126e-20,2.684e-14,,9.451e-13,2.037e-18,2.441e-21,2.112e-17,,3.252e-25,3.366e-19,,,3.764e-22,4.454e+1,4.317e-7,1.080e-28,3.207e-18,3.140e-22,3.243e-1,7.551e-17,4.091e+0,7.761e-1,5.356e-13,2.416e-10,1.830e+0,,,,,4.151e+0,,,7.490e-19,,,,,,,,,,6.090e-19,
640.29,5.440e+1,5.529e-3,1.539e-14,2.141e-44,3.729e-18,,,1.493e-18,1.170e-20,,8.572e-16,3.871e-19,1.550e-29,9.075e-18,4.550e-10,4.505e-31,9.128e-20,3.390e-14,,1.321e-12,2.037e-18,2.121e-21,2.108e-17,,3.253e-25,3.365e-19,,,3.735e-22,4.340e+1,5.319e-7,1.080e-28,2.187e-18,3.142e-22,3.219e-1,7.553e-17,3.998e+0,6.916e-1,7.305e-13,1.792e-10,1.749e+0,,,,,4.236e+0,,,7.486e-19,,,,,,,,,,6.070e-19,
640.32,5.237e+1,5.151e-3,1.206e-14,2.114e-44,3.734e-18,,,1.493e-18,1.175e-20,,8.568e-16,3.875e-19,1.550e-29,9.075e-18,2.909e-10,4.459e-31,9.132e-20,4.794e-14,,2.176e-12,2.038e-18,1.716e-21,2.102e-17,,3.254e-25,3.364e-19,,,3.693e-22,4.159e+1,7.266e-7,1.080e-28,1.227e-18,3.144e-22,3.172e-1,7.555e-17,3.890e+0,5.798e-1,1.159e-12,1.141e-10,1.630e+0,,,,,4.364e+0,,,7.479e-19,,,,,,,,,,6.041e-19,
640.34,5.100e+1,4.902e-3,1.022e-14,2.097e-44,3.737e-18,,,1.493e-18,1.178e-20,,8.565e-16,3.877e-19,1.551e-29,9.074e-18,2.153e-10,4.428e-31,9.135e-20,6.025e-14,,3.028e-12,2.038e-18,1.490e-21,2.098e-17,,3.254e-25,3.363e-19,,,3.664e-22,4.033e+1,8.933e-7,1.080e-28,8.329e-19,3.146e-22,3.134e-1,7.557e-17,3.840e+0,5.143e-1,1.574e-12,8.422e-11,1.551e+0,,,,,4.451e+0,,,7.475e-19,,,,,,,,,,6.022e-19,
640.37,4.893e+1,4.535e-3,7.952e-15,2.070e-44,3.742e-18,,,1.493e-18,1.183e-20,,8.561e-16,3.880e-19,1.552e-29,9.074e-18,1.367e-10,4.381e-31,9.139e-20,8.462e-14,,4.952e-12,2.039e-18,1.209e-21,2.091e-17,,3.256e-25,3.361e-19,,,3.622e-22,3.838e+1,1.214e-6,1.080e-28,4.641e-19,3.148e-22,3.066e-1,7.560e-17,3.797e+0,4.281e-1,2.481e-12,5.323e-11,1.435e+0,,,,,4.584e+0,,,7.469e-19,,,,,,,,,,5.992e-19,
640.39,4.755e+1,4.296e-3,6.710e-15,2.053e-44,3.745e-18,,,1.493e-18,1.187e-20,,8.558e-16,3.883e-19,1.552e-29,9.074e-18,1.007e-10,4.350e-31,9.142e-20,1.059e-13,,6.859e-12,2.039e-18,1.055e-21,2.087e-17,,3.256e-25,3.360e-19,,,3.593e-22,3.705e+1,1.487e-6,1.080e-28,3.135e-19,3.150e-22,3.015e-1,7.562e-17,3.788e+0,3.780e-1,3.353e-12,3.911e-11,1.359e+0,,,,,4.675e+0,,,7.465e-19,,,,,,,,,,5.973e-19,
640.42,4.549e+1,3.947e-3,5.183e-15,2.026e-44,3.750e-18,,,1.493e-18,1.191e-20,,8.554e-16,3.886e-19,1.553e-29,9.074e-18,6.348e-11,4.304e-31,9.146e-20,1.477e-13,,1.114e-11,2.040e-18,8.672e-22,2.081e-17,,3.257e-25,3.359e-19,,,3.551e-22,3.502e+1,2.008e-6,1.080e-28,,3.153e-22,2.930e-1,7.564e-17,3.805e+0,3.124e-1,5.248e-12,2.455e-11,1.249e+0,,,,,4.813e+0,,,7.459e-19,,,,,,,,,,5.944e-19,
640.44,4.413e+1,3.721e-3,4.353e-15,2.009e-44,3.754e-18,,,1.493e-18,1.195e-20,,8.551e-16,3.888e-19,1.554e-29,9.074e-18,4.655e-11,4.273e-31,9.148e-20,1.839e-13,,1.536e-11,2.040e-18,7.683e-22,2.076e-17,,3.258e-25,3.357e-19,,,3.522e-22,3.365e+1,2.448e-6,1.080e-28,,3.154e-22,2.868e-1,7.566e-17,3.834e+0,2.745e-1,7.059e-12,1.795e-11,1.177e+0,,,,,4.906e+0,,,7.455e-19,,,,,,,,,,5.924e-19,
640.47,4.212e+1,3.394e-3,3.339e-15,1.982e-44,3.759e-18,,,1.492e-18,1.200e-20,,8.547e-16,3.892e-19,1.555e-29,9.074e-18,2.914e-11,4.226e-31,9.152e-20,2.547e-13,,2.478e-11,2.040e-18,6.547e-22,2.070e-17,,3.259e-25,3.356e-19,,,3.480e-22,3.158e+1,3.285e-6,1.080e-28,,3.157e-22,2.767e-1,7.569e-17,3.904e+0,2.253e-1,1.097e-11,1.119e-11,1.074e+0,,,,,5.049e+0,,,7.448e-19,,,,,,,,,,5.895e-19,
640.49,4.080e+1,3.185e-3,2.791e-15,1.964e-44,3.762e-18,,,1.492e-18,1.203e-20,,8.544e-16,3.894e-19,1.555e-29,9.074e-18,2.127e-11,4.195e-31,9.155e-20,3.157e-13,,3.401e-11,2.041e-18,6.002e-22,2.066e-17,,3.260e-25,3.355e-19,,,3.451e-22,3.021e+1,3.987e-6,1.080e-28,,3.158e-22,2.696e-1,7.571e-17,3.968e+0,1.971e-1,1.469e-11,8.142e-12,1.008e+0,,,,,5.145e+0,,,7.444e-19,,,,,,,,,,5.875e-19,
640.52,3.888e+1,2.886e-3,2.126e-15,1.938e-44,3.767e-18,,,1.492e-18,1.208e-20,,8.539e-16,3.897e-19,1.556e-29,9.073e-18,1.322e-11,4.149e-31,9.159e-20,4.343e-13,,5.448e-11,2.041e-18,5.480e-22,2.059e-17,,3.261e-25,3.353e-19,,,3.409e-22,2.817e+1,5.312e-6,1.080e-28,,3.161e-22,2.583e-1,7.573e-17,4.085e+0,1.606e-1,2.268e-11,5.038e-12,9.130e-1,,,,,5.291e+0,,,7.438e-19,,,,,,,,,,5.846e-19,
640.54,3.764e+1,2.695e-3,1.769e-15,1.920e-44,3.770e-18,,,1.492e-18,1.211e-20,,8.536e-16,3.900e-19,1.557e-29,9.073e-18,9.602e-12,4.118e-31,9.162e-20,5.358e-13,,7.442e-11,2.042e-18,5.319e-22,2.055e-17,,3.262e-25,3.352e-19,,,3.380e-22,2.683e+1,6.417e-6,1.080e-28,,3.163e-22,2.505e-1,7.575e-17,4.177e+0,1.398e-1,3.023e-11,3.650e-12,8.528e-1,,,,,5.389e+0,,,7.434e-19,,,,,,,,,,5.826e-19,
640.57,3.584e+1,2.425e-3,1.337e-15,1.894e-44,3.775e-18,,,1.492e-18,1.216e-20,,8.532e-16,3.903e-19,1.558e-29,9.073e-18,5.925e-12,4.071e-31,9.166e-20,7.319e-13,,1.184e-10,2.042e-18,5.356e-22,2.049e-17,,3.263e-25,3.351e-19,,,3.338e-22,2.485e+1,8.491e-6,1.080e-28,,3.165e-22,2.383e-1,7.578e-17,4.333e+0,1.132e-1,4.635e-11,2.243e-12,7.671e-1,,,,,5.536e+0,,,7.428e-19,,,,,,,,,,5.797e-19,
640.59,3.469e+1,2.254e-3,1.108e-15,1.876e-44,3.778e-18,,,1.492e-18,1.219e-20,,8.529e-16,3.905e-19,1.558e-29,9.073e-18,4.284e-12,4.040e-31,9.168e-20,8.989e-13,,1.610e-10,2.043e-18,5.567e-22,2.045e-17,,3.264e-25,3.350e-19,,,3.309e-22,2.357e+1,1.021e-5,1.080e-28,,3.167e-22,2.300e-1,7.580e-17,4.448e+0,9.807e-2,6.149e-11,1.617e-12,7.132e-1,,,,,5.633e+0,,,7.423e-19,,,,,,,,,,5.778e-19,
640.62,3.305e+1,2.014e-3,8.318e-16,1.850e-44,3.783e-18,,,1.492e-18,1.224e-20,,8.525e-16,3.909e-19,1.559e-29,9.073e-18,2.625e-12,3.994e-31,9.172e-20,1.219e-12,,2.544e-10,2.043e-18,6.178e-22,2.038e-17,,3.265e-25,3.348e-19,,,3.267e-22,2.170e+1,1.342e-5,1.080e-28,,3.169e-22,2.173e-1,7.582e-17,4.634e+0,7.882e-2,9.363e-11,9.866e-13,6.371e-1,,,,,5.779e+0,,,7.417e-19,,,,,,,,,,5.748e-19,
640.64,3.200e+1,1.863e-3,6.856e-16,1.832e-44,3.786e-18,,,1.492e-18,1.227e-20,,8.522e-16,3.911e-19,1.560e-29,9.073e-18,1.889e-12,3.963e-31,9.175e-20,1.491e-12,,3.443e-10,2.044e-18,6.795e-22,2.034e-17,,3.266e-25,3.347e-19,,,3.238e-22,2.049e+1,1.606e-5,1.080e-28,,3.171e-22,2.088e-1,7.584e-17,4.766e+0,6.798e-2,1.236e-10,7.080e-13,5.895e-1,,,,,5.874e+0,,,7.413e-19,,,,,,,,,,5.729e-19,
640.66,3.100e+1,1.721e-3,5.640e-16,1.815e-44,3.790e-18,,,1.492e-18,1.230e-20,,8.519e-16,3.913e-19,1.560e-29,9.072e-18,1.357e-12,3.932e-31,9.178e-20,1.819e-12,,4.652e-10,2.044e-18,7.595e-22,2.030e-17,,3.266e-25,3.346e-19,,,3.210e-22,1.933e+1,1.919e-5,1.080e-28,,3.172e-22,2.002e-1,7.586e-17,4.903e+0,5.851e-2,1.629e-10,5.071e-13,5.445e-1,,,,,5.968e+0,,,7.409e-19,,,,,,,,,,5.709e-19,
640.69,2.959e+1,1.522e-3,4.194e-16,1.788e-44,3.794e-18,,,1.492e-18,1.235e-20,,8.515e-16,3.917e-19,1.561e-29,9.072e-18,8.234e-13,3.885e-31,9.182e-20,2.444e-12,,7.279e-10,2.045e-18,9.176e-22,2.023e-17,,3.268e-25,3.344e-19,,,3.167e-22,1.765e+1,2.497e-5,1.080e-28,,3.175e-22,1.873e-1,7.589e-17,5.114e+0,4.657e-2,2.457e-10,3.064e-13,4.816e-1,,,,,6.104e+0,,,7.403e-19,,,,,,,,,,5.680e-19,
640.71,2.870e+1,1.399e-3,3.434e-16,1.770e-44,3.798e-18,,,1.492e-18,1.239e-20,,8.512e-16,3.919e-19,1.562e-29,9.072e-18,5.887e-13,3.854e-31,9.184e-20,2.968e-12,,9.788e-10,2.045e-18,1.052e-21,2.019e-17,,3.268e-25,3.343e-19,,,3.139e-22,1.659e+1,2.969e-5,1.081e-28,,3.177e-22,1.788e-1,7.590e-17,5.258e+0,3.990e-2,3.224e-10,2.184e-13,4.428e-1,,,,,6.192e+0,,,7.398e-19,,,,,,,,,,5.660e-19,
640.74,2.746e+1,1.229e-3,2.536e-16,1.744e-44,3.803e-18,,,1.492e-18,1.243e-20,,8.508e-16,3.922e-19,1.563e-29,9.072e-18,3.546e-13,3.808e-31,9.188e-20,3.959e-12,,1.521e-9,2.045e-18,1.302e-21,2.013e-17,,3.269e-25,3.342e-19,,,3.096e-22,1.508e+1,3.837e-5,1.081e-28,,3.179e-22,1.661e-1,7.593e-17,5.475e+0,3.153e-2,4.827e-10,1.310e-13,3.889e-1,,,,,6.317e+0,,,7.392e-19,,,,,,,,,,5.631e-19,
640.76,2.669e+1,1.125e-3,2.067e-16,1.726e-44,3.806e-18,,,1.492e-18,1.247e-20,,8.505e-16,3.924e-19,1.563e-29,9.072e-18,2.524e-13,3.777e-31,9.191e-20,4.787e-12,,2.036e-9,2.046e-18,1.507e-21,2.008e-17,,3.270e-25,3.341e-19,,,3.068e-22,1.413e+1,4.542e-5,1.081e-28,,3.181e-22,1.578e-1,7.595e-17,5.620e+0,2.689e-2,6.304e-10,9.296e-14,3.559e-1,,,,,6.396e+0,,,7.388e-19,,,,,,,,,,5.612e-19,
640.79,2.562e+1,9.811e-4,1.515e-16,1.700e-44,3.811e-18,,,1.492e-18,1.252e-20,,8.500e-16,3.928e-19,1.564e-29,9.072e-18,1.509e-13,3.730e-31,9.195e-20,6.342e-12,,3.142e-9,2.046e-18,1.881e-21,2.002e-17,,3.271e-25,3.339e-19,,,3.025e-22,1.280e+1,5.829e-5,1.081e-28,,3.183e-22,1.456e-1,7.597e-17,5.833e+0,2.110e-2,9.376e-10,5.537e-14,3.104e-1,,,,,6.505e+0,,,7.382e-19,,,,,,,,,,5.582e-19,
640.81,2.496e+1,8.935e-4,1.229e-16,1.682e-44,3.814e-18,,,1.492e-18,1.255e-20,,8.498e-16,3.930e-19,1.565e-29,9.071e-18,1.069e-13,3.699e-31,9.198e-20,7.632e-12,,4.187e-9,2.047e-18,2.181e-21,1.998e-17,,3.272e-25,3.338e-19,,,2.997e-22,1.197e+1,6.868e-5,1.081e-28,,3.185e-22,1.377e-1,7.599e-17,5.972e+0,1.791e-2,1.219e-9,3.910e-14,2.827e-1,,,,,6.571e+0,,,7.378e-19,,,,,,,,,,5.563e-19,
640.84,2.404e+1,7.739e-4,8.950e-17,1.656e-44,3.819e-18,,,1.492e-18,1.260e-20,,8.493e-16,3.933e-19,1.566e-29,9.071e-18,6.350e-14,3.653e-31,9.202e-20,1.004e-11,,6.417e-9,2.047e-18,2.721e-21,1.991e-17,,3.273e-25,3.336e-19,,,2.954e-22,1.083e+1,8.753e-5,1.081e-28,,3.187e-22,1.261e-1,7.602e-17,6.171e+0,1.396e-2,1.800e-9,2.313e-14,2.449e-1,,,,,6.660e+0,,,7.371e-19,,,,,,,,,,5.534e-19,
640.86,2.349e+1,7.016e-4,7.227e-17,1.638e-44,3.822e-18,,,1.492e-18,1.263e-20,,8.490e-16,3.936e-19,1.566e-29,9.071e-18,4.476e-14,3.622e-31,9.204e-20,1.203e-11,,8.511e-9,2.048e-18,3.150e-21,1.987e-17,,3.274e-25,3.335e-19,,,2.926e-22,1.013e+1,1.027e-4,1.081e-28,,3.189e-22,1.187e-1,7.604e-17,6.297e+0,1.179e-2,2.329e-9,1.626e-14,2.220e-1,,,,,6.711e+0,,,7.367e-19,,,,,,,,,,5.514e-19,
640.89,2.272e+1,6.034e-4,5.225e-17,1.612e-44,3.827e-18,,,1.492e-18,1.268e-20,,8.486e-16,3.939e-19,1.567e-29,9.071e-18,2.640e-14,3.575e-31,9.208e-20,1.572e-11,,1.295e-8,2.048e-18,3.913e-21,1.981e-17,,3.275e-25,3.334e-19,,,2.883e-22,9.168e+0,1.299e-4,1.081e-28,,3.191e-22,1.080e-1,7.606e-17,6.474e+0,9.123e-3,3.416e-9,9.546e-15,1.910e-1,,,,,6.774e+0,,,7.361e-19,,,,,,,,,,5.485e-19,
640.91,2.226e+1,5.445e-4,4.199e-17,1.594e-44,3.830e-18,,,1.491e-18,1.271e-20,,8.483e-16,3.941e-19,1.568e-29,9.071e-18,1.852e-14,3.544e-31,9.211e-20,1.874e-11,,1.710e-8,2.049e-18,4.513e-21,1.977e-17,,3.276e-25,3.333e-19,,,2.855e-22,8.590e+0,1.517e-4,1.081e-28,,3.193e-22,1.012e-1,7.608e-17,6.582e+0,7.671e-3,4.400e-9,6.679e-15,1.723e-1,,,,,6.807e+0,,,7.357e-19,,,,,,,,,,5.465e-19,
640.94,2.163e+1,4.650e-4,3.014e-17,1.568e-44,3.835e-18,,,1.491e-18,1.276e-20,,8.479e-16,3.945e-19,1.569e-29,9.071e-18,1.085e-14,3.497e-31,9.215e-20,2.431e-11,,2.585e-8,2.049e-18,5.574e-21,1.970e-17,,3.277e-25,3.331e-19,,,2.812e-22,7.815e+0,1.906e-4,1.081e-28,,3.195e-22,9.140e-2,7.611e-17,6.727e+0,5.894e-3,6.409e-9,3.894e-15,1.472e-1,,,,,6.841e+0,,,7.351e-19,,,,,,,,,,5.436e-19,
640.96,2.125e+1,4.176e-4,2.411e-17,1.550e-44,3.839e-18,,,1.491e-18,1.279e-20,,8.476e-16,3.947e-19,1.569e-29,9.071e-18,7.575e-15,3.466e-31,9.218e-20,2.886e-11,,3.397e-8,2.049e-18,6.403e-21,1.966e-17,,3.278e-25,3.330e-19,,,2.784e-22,7.358e+0,2.215e-4,1.081e-28,,3.197e-22,8.522e-2,7.613e-17,6.812e+0,4.933e-3,8.216e-9,2.712e-15,1.322e-1,,,,,6.853e+0,,,7.346e-19,,,,,,,,,,5.416e-19,
640.99,2.073e+1,3.542e-4,1.719e-17,1.524e-44,3.843e-18,,,1.491e-18,1.284e-20,,8.472e-16,3.950e-19,1.570e-29,9.070e-18,4.405e-15,3.420e-31,9.222e-20,3.718e-11,,5.100e-8,2.050e-18,7.858e-21,1.960e-17,,3.279e-25,3.328e-19,,,2.741e-22,6.760e+0,2.765e-4,1.081e-28,,3.200e-22,7.646e-2,7.615e-17,6.920e+0,3.764e-3,1.188e-8,1.570e-15,1.122e-1,,,,,6.854e+0,,,7.340e-19,,,,,,,,,,5.387e-19,
641.01,2.042e+1,3.166e-4,1.368e-17,1.506e-44,3.847e-18,,,1.491e-18,1.287e-20,,8.469e-16,3.953e-19,1.571e-29,9.070e-18,3.061e-15,3.389e-31,9.224e-20,4.392e-11,,6.670e-8,2.050e-18,8.987e-21,1.955e-17,,3.280e-25,3.327e-19,,,2.713e-22,6.418e+0,3.198e-4,1.081e-28,,3.201e-22,7.096e-2,7.617e-17,6.978e+0,3.135e-3,1.517e-8,1.088e-15,1.003e-1,,,,,6.844e+0,,,7.336e-19,,,,,,,,,,5.368e-19,
641.03,2.013e+1,2.825e-4,1.087e-17,1.488e-44,3.850e-18,,,1.491e-18,1.291e-20,,8.466e-16,3.955e-19,1.571e-29,9.070e-18,2.124e-15,3.358e-31,9.227e-20,5.179e-11,,8.709e-8,2.051e-18,1.026e-20,1.951e-17,,3.280e-25,3.326e-19,,,2.684e-22,6.121e+0,3.692e-4,1.081e-28,,3.203e-22,6.573e-2,7.619e-17,7.025e+0,2.607e-3,1.932e-8,7.527e-16,8.957e-2,,,,,6.824e+0,,,7.332e-19,,,,,,,,,,5.348e-19,
641.06,1.974e+1,2.373e-4,7.675e-18,1.462e-44,3.855e-18,,,1.491e-18,1.295e-20,,8.462e-16,3.958e-19,1.572e-29,9.070e-18,1.223e-15,3.311e-31,9.231e-20,6.609e-11,,1.295e-7,2.051e-18,1.247e-20,1.945e-17,,3.281e-25,3.325e-19,,,2.642e-22,5.754e+0,4.563e-4,1.081e-28,,3.205e-22,5.840e-2,7.622e-17,7.072e+0,1.970e-3,2.767e-8,4.315e-16,7.532e-2,,,,,6.777e+0,,,7.326e-19,,,,,,,,,,5.319e-19,
641.08,1.951e+1,2.107e-4,6.070e-18,1.444e-44,3.858e-18,,,1.491e-18,1.299e-20,,8.459e-16,3.961e-19,1.573e-29,9.070e-18,8.443e-16,3.280e-31,9.234e-20,7.757e-11,,1.683e-7,2.052e-18,1.417e-20,1.941e-17,,3.282e-25,3.324e-19,,,2.613e-22,5.562e+0,5.244e-4,1.081e-28,,3.207e-22,5.384e-2,7.624e-17,7.087e+0,1.630e-3,3.509e-8,2.971e-16,6.697e-2,,,,,6.734e+0,,,7.322e-19,,,,,,,,,,5.299e-19,
641.11,1.919e+1,1.757e-4,4.255e-18,1.418e-44,3.863e-18,,,1.491e-18,1.304e-20,,8.454e-16,3.964e-19,1.574e-29,9.070e-18,4.827e-16,3.234e-31,9.238e-20,9.830e-11,,2.484e-7,2.052e-18,1.711e-20,1.934e-17,,3.283e-25,3.322e-19,,,2.571e-22,5.347e+0,6.437e-4,1.081e-28,,3.209e-22,4.751e-2,7.626e-17,7.088e+0,1.223e-3,4.992e-8,1.691e-16,5.600e-2,,,,,6.651e+0,,,7.315e-19,,,,,,,,,,5.270e-19,
641.13,1.900e+1,1.553e-4,3.349e-18,1.400e-44,3.866e-18,,,1.491e-18,1.307e-20,,8.452e-16,3.966e-19,1.574e-29,9.069e-18,3.317e-16,3.203e-31,9.240e-20,1.148e-10,,3.214e-7,2.053e-18,1.936e-20,1.930e-17,,3.284e-25,3.321e-19,,,2.542e-22,5.252e+0,7.362e-4,1.081e-28,,3.211e-22,4.360e-2,7.628e-17,7.072e+0,1.007e-3,6.300e-8,1.159e-16,4.963e-2,,,,,6.585e+0,,,7.311e-19,,,,,,,,,,5.250e-19,
641.16,1.875e+1,1.286e-4,2.331e-18,1.374e-44,3.871e-18,,,1.491e-18,1.312e-20,,8.447e-16,3.970e-19,1.575e-29,9.069e-18,1.883e-16,3.156e-31,9.244e-20,1.445e-10,,4.712e-7,2.053e-18,2.321e-20,1.924e-17,,3.285e-25,3.319e-19,,,2.500e-22,5.177e+0,8.975e-4,1.081e-28,,3.214e-22,3.821e-2,7.631e-17,7.024e+0,7.505e-4,8.901e-8,6.551e-17,4.135e-2,,,,,6.467e+0,,,7.305e-19,,,,,,,,,,5.221e-19,
641.18,1.860e+1,1.132e-4,1.827e-18,1.356e-44,3.875e-18,,,1.491e-18,1.315e-20,,8.444e-16,3.972e-19,1.576e-29,9.069e-18,1.288e-16,3.125e-31,9.247e-20,1.681e-10,,6.068e-7,2.054e-18,2.613e-20,1.919e-17,,3.286e-25,3.318e-19,,,2.471e-22,5.170e+0,1.022e-3,1.081e-28,,3.215e-22,3.491e-2,7.632e-17,6.977e+0,6.153e-4,1.118e-7,4.468e-17,3.659e-2,,,,,6.378e+0,,,7.301e-19,,,,,,,,,,5.202e-19,
641.21,1.839e+1,9.307e-5,1.262e-18,1.329e-44,3.879e-18,,,1.491e-18,1.320e-20,,8.440e-16,3.975e-19,1.576e-29,9.069e-18,7.260e-17,3.079e-31,9.251e-20,2.100e-10,,8.836e-7,2.054e-18,3.111e-20,1.913e-17,,3.287e-25,3.317e-19,,,2.429e-22,5.221e+0,1.237e-3,1.081e-28,,3.218e-22,3.038e-2,7.635e-17,6.883e+0,4.552e-4,1.569e-7,2.508e-17,3.047e-2,,,,,6.228e+0,,,7.295e-19,,,,,,,,,,5.172e-19,
641.23,1.827e+1,8.150e-5,9.845e-19,1.312e-44,3.883e-18,,,1.491e-18,1.323e-20,,8.437e-16,3.978e-19,1.577e-29,9.069e-18,4.942e-17,3.048e-31,9.254e-20,2.431e-10,,1.133e-6,2.054e-18,3.487e-20,1.909e-17,,3.288e-25,3.316e-19,,,2.400e-22,5.293e+0,1.402e-3,1.082e-28,,3.219e-22,2.764e-2,7.637e-17,6.805e+0,3.714e-4,1.962e-7,1.702e-17,2.702e-2,,,,,6.117e+0,,,7.290e-19,,,,,,,,,,5.153e-19,
641.26,1.811e+1,6.655e-5,6.756e-19,1.285e-44,3.888e-18,,,1.491e-18,1.328e-20,,8.433e-16,3.981e-19,1.578e-29,9.069e-18,2.766e-17,3.001e-31,9.258e-20,3.017e-10,,1.638e-6,2.055e-18,4.123e-20,1.902e-17,,3.289e-25,3.314e-19,,,2.358e-22,5.456e+0,1.685e-3,1.082e-28,,3.222e-22,2.390e-2,7.640e-17,6.667e+0,2.728e-4,2.734e-7,9.488e-18,2.267e-2,,,,,5.938e+0,,,7.284e-19,,,,,,,,,,5.124e-19,
641.28,1.801e+1,5.801e-5,5.244e-19,1.268e-44,3.891e-18,,,1.491e-18,1.331e-20,,8.430e-16,3.983e-19,1.578e-29,9.068e-18,1.874e-17,2.970e-31,9.260e-20,3.477e-10,,2.090e-6,2.055e-18,4.599e-20,1.898e-17,,3.290e-25,3.313e-19,,,2.329e-22,5.599e+0,1.901e-3,1.082e-28,,3.223e-22,2.165e-2,7.641e-17,6.562e+0,2.216e-4,3.403e-7,6.410e-18,2.027e-2,,,,,5.809e+0,,,7.280e-19,,,,,,,,,,5.104e-19,
641.31,1.789e+1,4.704e-5,3.574e-19,1.241e-44,3.896e-18,,,1.491e-18,1.336e-20,,8.426e-16,3.987e-19,1.579e-29,9.068e-18,1.042e-17,2.924e-31,9.264e-20,4.285e-10,,3.001e-6,2.056e-18,5.400e-20,1.892e-17,,3.291e-25,3.312e-19,,,2.287e-22,5.860e+0,2.270e-3,1.082e-28,,3.226e-22,1.862e-2,7.644e-17,6.385e+0,1.616e-4,4.709e-7,6.332e-18,1.738e-2,,,,,5.604e+0,,,7.274e-19,,,,,,,,,,5.075e-19,
641.33,1.781e+1,4.081e-5,2.761e-19,1.224e-44,3.899e-18,,,1.490e-18,1.339e-20,,8.423e-16,3.989e-19,1.580e-29,9.068e-18,1.041e-17,2.893e-31,9.267e-20,4.914e-10,,3.811e-6,2.056e-18,5.997e-20,1.887e-17,,3.292e-25,3.310e-19,,,2.258e-22,6.063e+0,2.548e-3,1.082e-28,,3.228e-22,1.681e-2,7.646e-17,6.255e+0,1.307e-4,5.834e-7,6.280e-18,1.587e-2,,,,,5.460e+0,,,7.270e-19,,,,,,,,,,5.055e-19,
641.36,1.772e+1,3.286e-5,1.868e-19,1.197e-44,3.904e-18,,,1.490e-18,1.344e-20,,8.418e-16,3.992e-19,1.581e-29,9.068e-18,1.039e-17,2.846e-31,9.271e-20,6.015e-10,,5.435e-6,2.057e-18,6.993e-20,1.881e-17,,3.293e-25,3.309e-19,,,2.216e-22,6.408e+0,3.021e-3,1.082e-28,,3.230e-22,1.439e-2,7.649e-17,6.044e+0,9.465e-5,8.017e-7,6.201e-18,1.422e-2,,,,,5.235e+0,,,7.263e-19,,,,,,,,,,5.026e-19,
641.38,1.766e+1,2.838e-5,1.437e-19,1.180e-44,3.907e-18,,,1.490e-18,1.348e-20,,8.416e-16,3.995e-19,1.581e-29,9.068e-18,1.038e-17,2.815e-31,9.274e-20,6.866e-10,,6.871e-6,2.057e-18,7.729e-20,1.877e-17,,3.293e-25,3.308e-19,,,2.187e-22,6.661e+0,3.377e-3,1.082e-28,,3.232e-22,1.296e-2,7.650e-17,5.894e+0,7.616e-5,9.887e-7,6.149e-18,1.349e-2,,,,,5.079e+0,,,7.259e-19,,,,,,,,,,5.006e-19,
641.4,1.762e+1,2.446e-5,1.103e-19,1.162e-44,3.910e-18,,,1.490e-18,1.351e-20,,8.413e-16,3.997e-19,1.582e-29,9.068e-18,1.037e-17,2.784e-31,9.276e-20,7.824e-10,,8.670e-6,2.058e-18,8.527e-20,1.873e-17,,3.294e-25,3.307e-19,,,2.159e-22,6.932e+0,3.767e-3,1.082e-28,,3.233e-22,1.168e-2,7.652e-17,5.736e+0,6.117e-5,1.217e-6,6.097e-18,1.307e-2,,,,,4.920e+0,,,7.255e-19,,,,,,,,,,4.987e-19,
641.43,1.756e+1,1.950e-5,7.389e-20,1.135e-44,3.915e-18,,,1.490e-18,1.356e-20,,8.408e-16,4.000e-19,1.583e-29,9.068e-18,1.036e-17,2.738e-31,9.280e-20,9.484e-10,,1.225e-5,2.058e-18,9.847e-20,1.866e-17,,3.295e-25,3.305e-19,,,2.116e-22,7.367e+0,4.423e-3,1.082e-28,,3.236e-22,9.990e-3,7.655e-17,5.489e+0,4.387e-5,1.656e-6,6.019e-18,1.298e-2,,,,,4.675e+0,,,7.249e-19,,,,,,,,,,4.958e-19,
641.45,1.753e+1,1.673e-5,5.644e-20,1.118e-44,3.919e-18,,,1.490e-18,1.359e-20,,8.405e-16,4.002e-19,1.583e-29,9.067e-18,1.035e-17,2.707e-31,9.283e-20,1.076e-9,,1.538e-5,2.059e-18,1.081e-19,1.862e-17,,3.296e-25,3.304e-19,,,2.088e-22,7.673e+0,4.911e-3,1.082e-28,,3.237e-22,9.021e-3,7.657e-17,5.318e+0,3.507e-5,2.030e-6,5.967e-18,1.329e-2,,,,,4.509e+0,,,7.245e-19,,,,,,,,,,4.938e-19,
641.48,1.749e+1,1.325e-5,3.756e-20,1.091e-44,3.924e-18,,,1.490e-18,1.364e-20,,8.401e-16,4.006e-19,1.584e-29,9.067e-18,1.033e-17,2.660e-31,9.287e-20,1.295e-9,,2.158e-5,2.059e-18,1.240e-19,1.856e-17,,3.297e-25,3.303e-19,,,2.045e-22,8.153e+0,5.726e-3,1.082e-28,,3.240e-22,7.783e-3,7.659e-17,5.054e+0,2.498e-5,2.743e-6,5.888e-18,1.433e-2,,,,,4.257e+0,,,7.238e-19,,,,,,,,,,4.909e-19,
641.5,1.748e+1,1.131e-5,2.856e-20,1.074e-44,3.927e-18,,,1.490e-18,1.367e-20,,8.398e-16,4.008e-19,1.585e-29,9.067e-18,1.032e-17,2.629e-31,9.290e-20,1.462e-9,,2.697e-5,2.059e-18,1.355e-19,1.851e-17,,3.298e-25,3.301e-19,,,2.017e-22,8.485e+0,6.329e-3,1.082e-28,,3.242e-22,7.095e-3,7.661e-17,4.873e+0,1.987e-5,3.346e-6,5.836e-18,1.544e-2,,,,,4.088e+0,,,7.234e-19,,,,,,,,,,4.889e-19,
641.53,1.746e+1,8.895e-6,1.887e-20,1.047e-44,3.932e-18,,,1.490e-18,1.372e-20,,8.394e-16,4.012e-19,1.586e-29,9.067e-18,1.030e-17,2.583e-31,9.294e-20,1.747e-9,,3.758e-5,2.060e-18,1.544e-19,1.845e-17,,3.299e-25,3.300e-19,,,1.974e-22,8.993e+0,7.328e-3,1.082e-28,,3.244e-22,6.262e-3,7.664e-17,4.599e+0,1.406e-5,4.491e-6,5.758e-18,1.775e-2,,,,,3.835e+0,,,7.228e-19,,,,,,,,,,4.860e-19,
641.55,1.745e+1,7.559e-6,1.428e-20,1.030e-44,3.935e-18,,,1.490e-18,1.375e-20,,8.391e-16,4.014e-19,1.586e-29,9.067e-18,1.029e-17,2.552e-31,9.296e-20,1.964e-9,,4.676e-5,2.060e-18,1.679e-19,1.841e-17,,3.300e-25,3.299e-19,,,1.946e-22,9.337e+0,8.062e-3,1.082e-28,,3.246e-22,5.834e-3,7.666e-17,4.414e+0,1.113e-5,5.452e-6,5.706e-18,1.978e-2,,,,,3.667e+0,,,7.224e-19,,,,,,,,,,4.840e-19,
641.58,1.745e+1,5.902e-6,9.367e-21,1.003e-44,3.940e-18,,,1.490e-18,1.380e-20,,8.387e-16,4.017e-19,1.587e-29,9.067e-18,1.028e-17,2.505e-31,9.300e-20,2.331e-9,,6.469e-5,2.061e-18,1.899e-19,1.834e-17,,3.301e-25,3.297e-19,,,1.903e-22,9.857e+0,9.271e-3,1.082e-28,,3.248e-22,5.383e-3,7.668e-17,4.137e+0,7.817e-6,7.268e-6,5.627e-18,2.362e-2,,,,,3.417e+0,,,7.218e-19,,,,,,,,,,4.811e-19,
641.6,1.745e+1,4.993e-6,7.056e-21,9.855e-45,3.943e-18,,,1.490e-18,1.383e-20,,8.384e-16,4.019e-19,1.588e-29,9.066e-18,1.027e-17,2.474e-31,9.303e-20,2.607e-9,,8.014e-5,2.061e-18,2.057e-19,1.830e-17,,3.302e-25,3.296e-19,,,1.875e-22,1.020e+1,1.015e-2,1.082e-28,,3.250e-22,5.210e-3,7.670e-17,3.952e+0,6.162e-6,8.783e-6,5.575e-18,2.678e-2,,,,,3.253e+0,,,7.213e-19,,,,,,,,,,4.792e-19,
641.63,1.745e+1,3.871e-6,4.597e-21,9.591e-45,3.948e-18,,,1.490e-18,1.388e-20,,8.380e-16,4.023e-19,1.589e-29,9.066e-18,1.025e-17,2.427e-31,9.307e-20,3.074e-9,,1.101e-4,2.062e-18,2.310e-19,1.824e-17,,3.303e-25,3.295e-19,,,1.832e-22,1.071e+1,1.159e-2,1.082e-28,,3.252e-22,5.149e-3,7.673e-17,3.678e+0,4.297e-6,1.163e-5,5.497e-18,3.253e-2,,,,,3.012e+0,,,7.207e-19,,,,,,,,,,4.762e-19,
641.65,1.746e+1,3.260e-6,3.446e-21,9.414e-45,3.951e-18,,,1.490e-18,1.391e-20,,8.377e-16,4.025e-19,1.589e-29,9.066e-18,1.024e-17,2.396e-31,9.310e-20,3.422e-9,,1.358e-4,2.062e-18,2.490e-19,1.820e-17,,3.303e-25,3.294e-19,,,1.804e-22,1.105e+1,1.264e-2,1.082e-28,,3.254e-22,5.245e-3,7.675e-17,3.498e+0,3.371e-6,1.399e-5,5.445e-18,3.713e-2,,,,,2.855e+0,,,7.203e-19,,,,,,,,,,4.743e-19,
641.68,1.746e+1,2.510e-6,2.229e-21,9.150e-45,3.956e-18,,,1.490e-18,1.396e-20,,8.372e-16,4.029e-19,1.590e-29,9.066e-18,1.023e-17,2.350e-31,9.314e-20,4.007e-9,,1.852e-4,2.063e-18,2.778e-19,1.813e-17,,3.305e-25,3.292e-19,,,1.761e-22,1.154e+1,1.433e-2,1.082e-28,,3.256e-22,5.613e-3,7.677e-17,3.232e+0,2.334e-6,1.839e-5,5.366e-18,4.534e-2,,,,,2.625e+0,,,7.197e-19,,,,,,,,,,4.714e-19,
641.7,1.746e+1,2.103e-6,1.664e-21,8.973e-45,3.960e-18,,,1.490e-18,1.400e-20,,8.370e-16,4.031e-19,1.591e-29,9.066e-18,1.022e-17,2.319e-31,9.316e-20,4.441e-9,,2.273e-4,2.063e-18,2.980e-19,1.809e-17,,3.305e-25,3.291e-19,,,1.733e-22,1.185e+1,1.555e-2,1.082e-28,,3.258e-22,6.020e-3,7.679e-17,3.060e+0,1.823e-6,2.202e-5,5.314e-18,5.179e-2,,,,,2.477e+0,,,7.193e-19,,,,,,,,,,4.694e-19,
641.73,1.746e+1,1.608e-6,1.069e-21,8.709e-45,3.964e-18,,,1.490e-18,1.404e-20,,8.365e-16,4.034e-19,1.592e-29,9.066e-18,1.020e-17,2.272e-31,9.320e-20,5.163e-9,,3.081e-4,2.064e-18,3.301e-19,1.803e-17,,3.306e-25,3.289e-19,,,1.690e-22,1.230e+1,1.751e-2,1.082e-28,,3.261e-22,6.901e-3,7.682e-17,2.808e+0,1.254e-6,2.874e-5,5.236e-18,6.315e-2,,,,,2.263e+0,,,7.186e-19,,,,,,,,,,4.665e-19,
641.75,1.745e+1,1.341e-6,7.937e-22,8.532e-45,3.968e-18,,,1.490e-18,1.408e-20,,8.362e-16,4.036e-19,1.592e-29,9.065e-18,1.019e-17,2.241e-31,9.323e-20,5.695e-9,,3.763e-4,2.064e-18,3.526e-19,1.798e-17,,3.307e-25,3.288e-19,,,1.662e-22,1.258e+1,1.891e-2,1.083e-28,,3.262e-22,7.690e-3,7.684e-17,2.645e+0,9.743e-7,3.426e-5,5.184e-18,7.199e-2,,,,,2.126e+0,,,7.182e-19,,,,,,,,,,4.645e-19,
641.78,1.743e+1,1.018e-6,5.062e-22,8.268e-45,3.973e-18,,,1.489e-18,1.413e-20,,8.358e-16,4.040e-19,1.593e-29,9.065e-18,1.018e-17,2.195e-31,9.327e-20,6.576e-9,,5.064e-4,2.065e-18,3.878e-19,1.792e-17,,3.308e-25,3.287e-19,,,1.619e-22,1.297e+1,2.115e-2,1.083e-28,,3.265e-22,9.220e-3,7.686e-17,2.411e+0,6.653e-7,4.442e-5,5.105e-18,8.741e-2,,,,,1.930e+0,,,7.176e-19,,,,,,,,,,4.616e-19,
641.8,1.740e+1,8.455e-7,3.742e-22,8.091e-45,3.976e-18,,,1.489e-18,1.416e-20,,8.355e-16,4.042e-19,1.594e-29,9.065e-18,1.017e-17,2.164e-31,9.330e-20,7.220e-9,,6.159e-4,2.065e-18,4.123e-19,1.788e-17,,3.309e-25,3.286e-19,,,1.591e-22,1.321e+1,2.273e-2,1.083e-28,,3.266e-22,1.050e-2,7.688e-17,2.261e+0,5.146e-7,5.269e-5,5.053e-18,9.930e-2,,,,,1.805e+0,,,7.172e-19,,,,,,,,,,4.596e-19,
641.82,1.737e+1,7.007e-7,2.761e-22,1.191e-44,3.979e-18,,,1.489e-18,1.419e-20,,8.352e-16,4.044e-19,1.594e-29,9.065e-18,1.016e-17,2.133e-31,9.332e-20,7.914e-9,,7.476e-4,2.065e-18,4.374e-19,1.783e-17,,3.310e-25,3.285e-19,,,1.563e-22,1.342e+1,2.439e-2,1.083e-28,,3.268e-22,1.202e-2,7.690e-17,2.116e+0,3.974e-7,6.239e-5,5.001e-18,1.126e-1,,,,,1.685e+0,,,7.168e-19,,,,,,,,,,4.577e-19,
641.85,1.731e+1,5.268e-7,1.744e-22,2.121e-44,3.984e-18,,,1.489e-18,1.424e-20,,8.348e-16,4.048e-19,1.595e-29,9.065e-18,1.014e-17,2.086e-31,9.336e-20,9.049e-9,,9.963e-4,2.066e-18,4.765e-19,1.777e-17,,3.311e-25,3.283e-19,,,1.520e-22,1.371e+1,2.702e-2,1.083e-28,,3.270e-22,1.482e-2,7.693e-17,1.910e+0,2.687e-7,8.012e-5,4.923e-18,1.356e-1,,,,,1.515e+0,,,7.161e-19,,,,,,,,,,4.548e-19,
641.87,1.726e+1,4.345e-7,1.281e-22,3.109e-44,3.987e-18,,,1.489e-18,1.427e-20,,8.345e-16,4.050e-19,1.596e-29,9.065e-18,1.013e-17,2.055e-31,9.339e-20,9.871e-9,,1.204e-3,2.066e-18,5.033e-19,1.773e-17,,3.312e-25,3.282e-19,,,1.491e-22,1.387e+1,2.885e-2,1.083e-28,,3.272e-22,1.708e-2,7.694e-17,1.779e+0,2.065e-7,9.443e-5,4.870e-18,1.532e-1,,,,,1.408e+0,,,7.157e-19,,,,,,,,,,4.528e-19,
641.9,1.716e+1,3.244e-7,8.033e-23,5.497e-44,3.992e-18,,,1.489e-18,1.432e-20,,8.341e-16,4.053e-19,1.597e-29,9.065e-18,1.012e-17,2.009e-31,9.343e-20,1.121e-8,,1.593e-3,2.067e-18,5.444e-19,1.766e-17,,3.313e-25,3.280e-19,,,1.449e-22,1.408e+1,3.173e-2,1.083e-28,,3.275e-22,2.115e-2,7.697e-17,1.595e+0,1.386e-7,1.204e-4,4.792e-18,1.833e-1,,,,,1.257e+0,,,7.151e-19,,,,,,,,,,4.499e-19,
641.92,1.709e+1,2.663e-7,5.872e-23,8.019e-44,3.995e-18,,,1.489e-18,1.435e-20,,8.338e-16,4.056e-19,1.597e-29,9.064e-18,1.011e-17,1.978e-31,9.346e-20,1.217e-8,,1.916e-3,2.067e-18,5.724e-19,1.762e-17,,3.314e-25,3.279e-19,,,1.420e-22,1.418e+1,3.374e-2,1.083e-28,,3.276e-22,2.439e-2,7.699e-17,1.479e+0,1.061e-7,1.413e-4,4.740e-18,2.061e-1,,,,,1.163e+0,,,7.147e-19,,,,,,,,,,4.479e-19,
641.95,1.695e+1,1.974e-7,3.673e-23,1.408e-43,4.000e-18,,,1.489e-18,1.440e-20,,8.334e-16,4.059e-19,1.598e-29,9.064e-18,1.009e-17,1.931e-31,9.350e-20,1.373e-8,,2.518e-3,2.068e-18,6.148e-19,1.756e-17,,3.315e-25,3.278e-19,,,1.378e-22,1.428e+1,3.685e-2,1.083e-28,,3.279e-22,3.016e-2,7.702e-17,1.316e+0,7.071e-8,1.789e-4,4.662e-18,2.449e-1,,,,,1.032e+0,,,7.141e-19,,,,,,,,,,4.450e-19,
641.97,1.684e+1,1.613e-7,2.684e-23,2.045e-43,4.004e-18,,,1.489e-18,1.443e-20,,8.331e-16,4.061e-19,1.599e-29,9.064e-18,1.008e-17,1.900e-31,9.352e-20,1.484e-8,,3.015e-3,2.068e-18,6.434e-19,1.752e-17,,3.315e-25,3.277e-19,,,1.349e-22,1.432e+1,3.899e-2,1.083e-28,,3.280e-22,3.471e-2,7.703e-17,1.215e+0,5.383e-8,2.090e-4,4.610e-18,2.742e-1,,,,,9.503e-1,,,7.137e-19,,,,,,,,,,4.430e-19,
642,1.666e+1,1.188e-7,1.687e-23,3.567e-43,4.009e-18,,,1.489e-18,1.448e-20,,8.326e-16,4.065e-19,1.600e-29,9.064e-18,1.006e-17,1.854e-31,9.356e-20,1.661e-8,,3.935e-3,2.069e-18,6.864e-19,1.745e-17,,3.317e-25,3.275e-19,,,1.307e-22,1.433e+1,4.229e-2,1.083e-28,,3.283e-22,4.275e-2,7.706e-17,1.074e+0,3.564e-8,2.628e-4,4.531e-18,3.236e-1,,,,,8.372e-1,,,7.130e-19,,,,,,,,,,4.401e-19,
642.02,1.652e+1,9.660e-8,1.253e-23,5.156e-43,4.012e-18,,,1.489e-18,1.452e-20,,8.323e-16,4.067e-19,1.600e-29,9.064e-18,1.005e-17,1.823e-31,9.359e-20,1.788e-8,,4.690e-3,2.069e-18,7.150e-19,1.741e-17,,3.317e-25,3.274e-19,,,1.927e-22,1.430e+1,4.455e-2,1.083e-28,,3.284e-22,4.903e-2,7.708e-17,9.864e-1,2.701e-8,3.055e-4,4.479e-18,3.605e-1,,,,,7.677e-1,,,7.126e-19,,,,,,,,,,4.382e-19,
642.05,1.629e+1,7.062e-8,8.398e-24,8.931e-43,4.017e-18,,,1.489e-18,1.456e-20,,8.319e-16,4.070e-19,1.601e-29,9.064e-18,1.004e-17,1.776e-31,9.363e-20,1.988e-8,,6.079e-3,2.070e-18,7.574e-19,1.735e-17,,3.318e-25,3.272e-19,,,6.083e-22,1.421e+1,4.799e-2,1.083e-28,,3.287e-22,6.004e-2,7.711e-17,8.657e-1,1.775e-8,3.816e-4,4.401e-18,4.226e-1,,,,,6.718e-1,,,7.120e-19,,,,,,,,,,4.352e-19,
642.07,1.612e+1,5.717e-8,6.851e-24,1.285e-42,4.020e-18,,,1.489e-18,1.460e-20,,8.316e-16,4.073e-19,1.602e-29,9.063e-18,1.003e-17,1.745e-31,9.366e-20,2.129e-8,,7.211e-3,2.070e-18,7.853e-19,1.730e-17,,3.319e-25,3.271e-19,,,8.940e-22,1.412e+1,5.031e-2,1.083e-28,,3.289e-22,6.859e-2,7.712e-17,7.917e-1,1.339e-8,4.415e-4,4.349e-18,4.687e-1,,,,,6.132e-1,,,7.116e-19,,,,,,,,,,4.333e-19,
642.1,1.585e+1,4.150e-8,5.987e-24,2.211e-42,4.025e-18,,,1.489e-18,1.465e-20,,8.312e-16,4.076e-19,1.602e-29,9.063e-18,1.001e-17,1.699e-31,9.370e-20,2.351e-8,,9.283e-3,2.070e-18,8.262e-19,1.724e-17,,3.320e-25,3.270e-19,,,2.028e-21,1.394e+1,5.382e-2,1.083e-28,,3.291e-22,8.347e-2,7.715e-17,6.899e-1,8.742e-9,5.476e-4,4.270e-18,5.456e-1,,,,,5.330e-1,,,7.110e-19,,,,,,,,,,4.304e-19,
642.12,1.566e+1,3.344e-8,6.334e-24,3.167e-42,4.028e-18,,,1.489e-18,1.468e-20,,8.309e-16,4.078e-19,1.603e-29,9.063e-18,1.000e-17,1.668e-31,9.372e-20,2.506e-8,,1.096e-2,2.071e-18,8.527e-19,1.720e-17,,3.321e-25,3.269e-19,,,3.362e-21,1.378e+1,5.616e-2,1.083e-28,,3.293e-22,9.494e-2,7.717e-17,6.280e-1,6.563e-9,6.308e-4,4.218e-18,6.023e-1,,,,,4.843e-1,,,7.105e-19,,,,,,,,,,4.284e-19,
642.15,1.535e+1,2.410e-8,8.423e-24,5.410e-42,4.033e-18,,,1.489e-18,1.473e-20,,8.305e-16,4.082e-19,1.604e-29,9.063e-18,9.988e-18,1.621e-31,9.376e-20,2.749e-8,,1.401e-2,2.071e-18,8.908e-19,1.713e-17,,3.322e-25,3.267e-19,,,5.947e-21,1.350e+1,5.966e-2,1.083e-28,,3.295e-22,1.148e-1,7.720e-17,5.435e-1,4.254e-9,7.770e-4,4.140e-18,6.963e-1,,,,,4.182e-1,,,7.099e-19,,,,,,,,,,4.255e-19,
642.17,1.514e+1,1.933e-8,1.116e-23,7.714e-42,4.036e-18,,,1.489e-18,1.476e-20,,8.302e-16,4.084e-19,1.604e-29,9.063e-18,9.978e-18,1.590e-31,9.379e-20,2.917e-8,,1.647e-2,2.072e-18,9.151e-19,1.709e-17,,3.323e-25,3.266e-19,,,8.678e-21,1.329e+1,6.197e-2,1.083e-28,,3.297e-22,1.300e-1,7.721e-17,4.924e-1,3.179e-9,8.908e-4,4.088e-18,7.652e-1,,,,,3.783e-1,,,7.095e-19,,,,,,,,,,4.235e-19,
642.19,1.492e+1,1.548e-8,1.538e-23,1.098e-41,4.040e-18,,,1.488e-18,1.479e-20,,8.299e-16,4.086e-19,1.605e-29,9.063e-18,9.968e-18,1.559e-31,9.382e-20,3.089e-8,,1.932e-2,2.072e-18,9.383e-19,1.705e-17,,3.324e-25,3.265e-19,,,1.264e-20,1.306e+1,6.425e-2,1.083e-28,,3.298e-22,1.469e-1,7.723e-17,4.453e-1,2.371e-9,1.019e-3,4.035e-18,8.393e-1,,,,,3.416e-1,,,7.091e-19,,,,,,,,,,4.216e-19,
642.22,1.458e+1,1.105e-8,2.577e-23,1.858e-41,4.044e-18,,,1.488e-18,1.484e-20,,8.295e-16,4.090e-19,1.606e-29,9.062e-18,9.952e-18,1.513e-31,9.386e-20,3.355e-8,,2.446e-2,2.073e-18,9.708e-19,1.699e-17,,3.325e-25,3.263e-19,,,2.215e-20,1.268e+1,6.759e-2,1.083e-28,,3.301e-22,1.759e-1,7.726e-17,3.817e-1,1.522e-9,1.244e-3,3.957e-18,9.609e-1,,,,,2.922e-1,,,7.085e-19,,,,,,,,,,4.186e-19,
642.24,1.435e+1,8.803e-9,3.671e-23,2.632e-41,4.048e-18,,,1.488e-18,1.487e-20,,8.292e-16,4.092e-19,1.607e-29,9.062e-18,9.942e-18,1.482e-31,9.388e-20,3.537e-8,,2.856e-2,2.073e-18,9.908e-19,1.694e-17,,3.326e-25,3.262e-19,,,3.211e-20,1.240e+1,6.976e-2,1.083e-28,,3.303e-22,1.979e-1,7.728e-17,3.436e-1,1.130e-9,1.416e-3,3.905e-18,1.049e+0,,,,,2.627e-1,,,7.080e-19,,,,,,,,,,4.167e-19,
642.27,1.400e+1,6.239e-9,6.267e-23,4.423e-41,4.053e-18,,,1.488e-18,1.492e-20,,8.287e-16,4.095e-19,1.607e-29,9.062e-18,9.927e-18,1.435e-31,9.392e-20,3.815e-8,,3.592e-2,2.074e-18,1.018e-18,1.688e-17,,3.327e-25,3.261e-19,,,5.587e-20,1.195e+1,7.288e-2,1.084e-28,,3.305e-22,2.354e-1,7.730e-17,2.924e-1,7.201e-10,1.716e-3,3.827e-18,1.193e+0,,,,,2.232e-1,,,7.074e-19,,,,,,,,,,4.138e-19,
642.29,1.377e+1,4.948e-9,8.951e-23,6.237e-41,4.056e-18,,,1.488e-18,1.495e-20,,8.285e-16,4.098e-19,1.608e-29,9.062e-18,9.917e-18,1.404e-31,9.395e-20,4.003e-8,,4.175e-2,2.074e-18,1.034e-18,1.684e-17,,3.327e-25,3.260e-19,,,8.064e-20,1.163e+1,7.486e-2,1.084e-28,,3.307e-22,2.636e-1,7.732e-17,2.620e-1,5.321e-10,1.946e-3,3.774e-18,1.296e+0,,,,,1.998e-1,,,7.070e-19,,,,,,,,,,4.118e-19,
642.32,1.343e+1,3.483e-9,1.524e-22,1.041e-40,4.061e-18,,,1.488e-18,1.500e-20,,8.280e-16,4.101e-19,1.609e-29,9.062e-18,9.901e-18,1.357e-31,9.399e-20,4.288e-8,,5.213e-2,2.075e-18,1.055e-18,1.677e-17,,3.329e-25,3.258e-19,,,1.394e-19,1.113e+1,7.767e-2,1.084e-28,,3.309e-22,3.114e-1,7.735e-17,2.214e-1,3.368e-10,2.341e-3,3.696e-18,1.464e+0,,,,,1.687e-1,,,7.064e-19,,,,,,,,,,4.089e-19,
642.34,1.321e+1,2.749e-9,2.169e-22,1.461e-40,4.064e-18,,,1.488e-18,1.504e-20,,8.277e-16,4.103e-19,1.609e-29,9.062e-18,9.891e-18,1.326e-31,9.402e-20,4.479e-8,,6.031e-2,2.075e-18,1.067e-18,1.673e-17,,3.329e-25,3.257e-19,,,2.002e-19,1.078e+1,7.942e-2,1.084e-28,,3.311e-22,3.472e-1,7.737e-17,1.975e-1,2.477e-10,2.642e-3,3.644e-18,1.583e+0,,,,,1.504e-1,,,7.060e-19,,,,,,,,,,4.069e-19,
642.37,1.288e+1,1.922e-9,3.672e-22,2.422e-40,4.069e-18,,,1.488e-18,1.508e-20,,8.273e-16,4.107e-19,1.610e-29,9.062e-18,9.876e-18,1.280e-31,9.406e-20,4.764e-8,,7.480e-2,2.075e-18,1.081e-18,1.667e-17,,3.330e-25,3.256e-19,,,3.437e-19,1.025e+1,8.183e-2,1.084e-28,,3.313e-22,4.073e-1,7.739e-17,1.657e-1,1.557e-10,3.157e-3,3.566e-18,1.775e+0,,,,,1.262e-1,,,7.053e-19,,,,,,,,,,4.040e-19,
642.39,1.268e+1,1.510e-9,5.204e-22,3.385e-40,4.072e-18,,,1.488e-18,1.512e-20,,8.270e-16,4.109e-19,1.611e-29,9.061e-18,9.866e-18,1.249e-31,9.408e-20,4.953e-8,,8.614e-2,2.076e-18,1.088e-18,1.662e-17,,3.331e-25,3.254e-19,,,4.916e-19,9.886e+0,8.328e-2,1.084e-28,,3.315e-22,4.520e-1,7.741e-17,1.471e-1,1.139e-10,3.546e-3,3.513e-18,1.912e+0,,,,,1.121e-1,,,7.049e-19,,,,,,,,,,4.020e-19,
642.42,1.240e+1,1.048e-9,8.749e-22,5.572e-40,4.077e-18,,,1.488e-18,1.517e-20,,8.266e-16,4.112e-19,1.612e-29,9.061e-18,9.850e-18,1.202e-31,9.412e-20,5.233e-8,,1.061e-1,2.076e-18,1.095e-18,1.656e-17,,3.332e-25,3.253e-19,,,8.380e-19,9.331e+0,8.521e-2,1.084e-28,,3.317e-22,5.266e-1,7.744e-17,1.226e-1,7.111e-11,4.208e-3,3.435e-18,2.129e+0,,,,,9.364e-2,,,7.043e-19,,,,,,,,,,3.991e-19,
642.44,1.222e+1,8.196e-10,1.234e-21,7.751e-40,4.080e-18,,,1.488e-18,1.520e-20,,8.263e-16,4.114e-19,1.612e-29,9.061e-18,9.840e-18,1.171e-31,9.415e-20,5.415e-8,,1.216e-1,2.077e-18,1.097e-18,1.652e-17,,3.333e-25,3.252e-19,,,1.193e-18,8.957e+0,8.633e-2,1.084e-28,,3.319e-22,5.817e-1,7.746e-17,1.083e-1,5.181e-11,4.706e-3,3.383e-18,2.282e+0,,,,,8.293e-2,,,7.039e-19,,,,,,,,,,3.972e-19,
642.47,1.199e+1,5.648e-10,2.061e-21,1.267e-39,4.085e-18,,,1.488e-18,1.525e-20,,8.259e-16,4.118e-19,1.613e-29,9.061e-18,9.825e-18,1.125e-31,9.419e-20,5.681e-8,,1.487e-1,2.077e-18,1.096e-18,1.645e-17,,3.334e-25,3.250e-19,,,2.020e-18,8.396e+0,8.772e-2,1.084e-28,,3.322e-22,6.731e-1,7.748e-17,8.965e-2,3.211e-11,5.545e-3,6.049e-18,2.523e+0,,,,,6.903e-2,,,7.033e-19,,,,,,,,,,3.942e-19,
642.49,1.186e+1,4.397e-10,2.894e-21,1.755e-39,4.089e-18,,,1.488e-18,1.528e-20,,8.256e-16,4.120e-19,1.614e-29,9.061e-18,9.814e-18,1.094e-31,9.422e-20,5.852e-8,,1.697e-1,2.078e-18,1.093e-18,1.641e-17,,3.335e-25,3.249e-19,,,2.863e-18,8.022e+0,8.845e-2,1.084e-28,,3.323e-22,7.402e-1,7.750e-17,7.884e-2,2.328e-11,6.172e-3,8.891e-18,2.692e+0,,,,,6.106e-2,,,7.028e-19,,,,,,,,,,3.923e-19,
642.52,1.169e+1,3.009e-10,4.799e-21,2.849e-39,4.093e-18,,,1.488e-18,1.533e-20,,8.251e-16,4.124e-19,1.615e-29,9.061e-18,9.799e-18,1.047e-31,9.426e-20,6.097e-8,,2.062e-1,2.078e-18,1.085e-18,1.635e-17,,3.336e-25,3.248e-19,,,4.815e-18,7.467e+0,8.925e-2,1.084e-28,,3.326e-22,8.506e-1,7.753e-17,6.480e-2,1.433e-11,7.223e-3,1.579e-17,2.956e+0,,,,,5.082e-2,,,7.022e-19,,,,,,,,,,3.894e-19,
642.54,1.161e+1,2.331e-10,6.708e-21,3.927e-39,4.097e-18,,,1.488e-18,1.536e-20,,8.249e-16,4.126e-19,1.615e-29,9.060e-18,9.789e-18,1.016e-31,9.428e-20,6.251e-8,,2.342e-1,2.079e-18,1.077e-18,1.631e-17,,3.337e-25,3.247e-19,,,6.793e-18,7.102e+0,8.959e-2,1.084e-28,,3.327e-22,9.311e-1,7.755e-17,5.672e-2,1.034e-11,8.003e-3,2.310e-17,3.139e+0,,,,,4.502e-2,,,7.018e-19,,,,,,,,,,3.874e-19,
642.56,1.154e+1,1.803e-10,9.360e-21,5.402e-39,4.100e-18,,,1.488e-18,1.539e-20,,8.246e-16,4.128e-19,1.616e-29,9.060e-18,9.779e-18,9.853e-32,9.431e-20,6.397e-8,,2.655e-1,2.079e-18,1.067e-18,1.626e-17,,3.338e-25,3.246e-19,,,9.567e-18,6.742e+0,8.975e-2,1.084e-28,,3.329e-22,1.017e+0,7.756e-17,4.956e-2,7.451e-12,8.850e-3,3.374e-17,3.327e+0,,,,,3.996e-2,,,7.014e-19,,,,,,,,,,3.855e-19,
642.59,1.148e+1,1.222e-10,1.537e-20,8.688e-39,4.105e-18,,,1.488e-18,1.544e-20,,8.241e-16,4.131e-19,1.617e-29,9.060e-18,9.763e-18,9.388e-32,9.435e-20,6.600e-8,,3.194e-1,2.079e-18,1.049e-18,1.620e-17,,3.339e-25,3.244e-19,,,1.593e-17,6.215e+0,8.969e-2,1.084e-28,,3.331e-22,1.158e+0,7.759e-17,4.034e-2,4.540e-12,1.026e-2,5.934e-17,3.619e+0,,,,,3.361e-2,,,7.008e-19,,,,,,,,,,3.825e-19,
642.61,1.148e+1,9.405e-11,2.135e-20,1.190e-38,4.108e-18,,,1.488e-18,1.548e-20,,8.239e-16,4.134e-19,1.617e-29,9.060e-18,9.753e-18,9.078e-32,9.438e-20,6.724e-8,,3.604e-1,2.080e-18,1.034e-18,1.616e-17,,3.339e-25,3.243e-19,,,2.234e-17,5.873e+0,8.944e-2,1.084e-28,,3.333e-22,1.259e+0,7.761e-17,3.508e-2,3.256e-12,1.129e-2,8.627e-17,3.818e+0,,,,,3.011e-2,,,7.004e-19,,,,,,,,,,3.806e-19,
642.64,1.151e+1,6.330e-11,3.483e-20,1.900e-38,4.113e-18,,,1.487e-18,1.552e-20,,8.234e-16,4.137e-19,1.618e-29,9.060e-18,9.738e-18,8.613e-32,9.442e-20,6.889e-8,,4.306e-1,2.080e-18,1.009e-18,1.609e-17,,3.341e-25,3.241e-19,,,3.696e-17,5.376e+0,8.876e-2,1.084e-28,,3.336e-22,1.424e+0,7.764e-17,2.836e-2,1.970e-12,1.300e-2,1.507e-16,4.124e+0,,,,,2.585e-2,,,6.997e-19,,,,,,,,,,3.776e-19,
642.66,1.156e+1,4.849e-11,4.815e-20,2.590e-38,4.116e-18,,,1.487e-18,1.556e-20,,8.231e-16,4.139e-19,1.619e-29,9.060e-18,9.728e-18,8.302e-32,9.444e-20,6.985e-8,,4.836e-1,2.081e-18,9.908e-19,1.605e-17,,3.341e-25,3.240e-19,,,5.157e-17,5.056e+0,8.810e-2,1.084e-28,,3.337e-22,1.541e+0,7.765e-17,2.455e-2,1.406e-12,1.424e-2,2.181e-16,4.331e+0,,,,,2.360e-2,,,6.993e-19,,,,,,,,,,3.757e-19,
642.69,1.169e+1,3.241e-11,7.801e-20,4.109e-38,4.121e-18,,,1.487e-18,1.561e-20,,8.227e-16,4.143e-19,1.620e-29,9.059e-18,9.712e-18,7.837e-32,9.448e-20,7.108e-8,,5.738e-1,2.081e-18,9.603e-19,1.599e-17,,3.342e-25,3.239e-19,,,8.474e-17,4.596e+0,8.683e-2,1.084e-28,,3.340e-22,1.730e+0,7.768e-17,1.971e-2,8.448e-13,1.628e-2,3.784e-16,4.645e+0,,,,,2.102e-2,,,6.987e-19,,,,,,,,,,3.728e-19,
642.71,1.181e+1,2.471e-11,1.074e-19,5.576e-38,4.125e-18,,,1.487e-18,1.564e-20,,8.224e-16,4.145e-19,1.620e-29,9.059e-18,9.702e-18,7.527e-32,9.451e-20,7.174e-8,,6.416e-1,2.082e-18,9.383e-19,1.595e-17,,3.343e-25,3.238e-19,,,1.177e-16,4.303e+0,8.579e-2,1.084e-28,,3.341e-22,1.865e+0,7.770e-17,1.699e-2,6.001e-13,1.775e-2,5.451e-16,4.856e+0,,,,,1.977e-2,,,6.983e-19,,,,,,,,,,3.708e-19,
642.74,1.203e+1,1.640e-11,1.727e-19,8.783e-38,4.129e-18,,,1.487e-18,1.569e-20,,8.220e-16,4.148e-19,1.621e-29,9.059e-18,9.687e-18,7.062e-32,9.455e-20,7.249e-8,,7.559e-1,2.082e-18,9.031e-19,1.588e-17,,3.344e-25,3.236e-19,,,1.921e-16,3.885e+0,8.396e-2,1.084e-28,,3.344e-22,2.079e+0,7.773e-17,1.355e-2,3.581e-13,2.015e-2,9.392e-16,5.172e+0,,,,,1.855e-2,,,6.977e-19,,,,,,,,,,3.679e-19,
642.76,1.221e+1,1.245e-11,2.366e-19,1.186e-37,4.133e-18,,,1.487e-18,1.572e-20,,8.217e-16,4.151e-19,1.622e-29,9.059e-18,9.677e-18,6.752e-32,9.458e-20,7.283e-8,,8.413e-1,2.083e-18,8.783e-19,1.584e-17,,3.345e-25,3.235e-19,,,2.657e-16,3.620e+0,8.257e-2,1.084e-28,,3.345e-22,2.231e+0,7.774e-17,1.163e-2,2.532e-13,2.188e-2,1.347e-15,5.382e+0,,,,,1.814e-2,,,6.972e-19,,,,,,,,,,3.659e-19,
642.79,1.253e+1,8.202e-12,3.781e-19,1.856e-37,4.138e-18,,,1.487e-18,1.577e-20,,8.213e-16,4.154e-19,1.623e-29,9.059e-18,9.661e-18,6.286e-32,9.462e-20,7.308e-8,,9.845e-1,2.083e-18,8.395e-19,1.578e-17,,3.346e-25,3.233e-19,,,4.306e-16,3.245e+0,8.025e-2,1.085e-28,,3.348e-22,2.470e+0,7.777e-17,9.216e-3,1.500e-13,2.466e-2,2.305e-15,5.693e+0,,,,,1.807e-2,,,6.966e-19,,,,,,,,,,3.630e-19,
642.81,1.277e+1,6.197e-12,5.156e-19,2.496e-37,4.141e-18,,,1.487e-18,1.580e-20,,8.210e-16,4.156e-19,1.623e-29,9.059e-18,9.651e-18,5.976e-32,9.464e-20,7.308e-8,,1.091e+0,2.084e-18,8.127e-19,1.573e-17,,3.347e-25,3.232e-19,,,5.928e-16,3.010e+0,7.856e-2,1.085e-28,,3.350e-22,2.638e+0,7.779e-17,7.879e-3,1.056e-13,2.665e-2,3.290e-15,5.897e+0,,,,,1.837e-2,,,6.962e-19,,,,,,,,,,3.611e-19,
642.84,1.317e+1,4.055e-12,8.183e-19,3.878e-37,4.146e-18,,,1.487e-18,1.585e-20,,8.205e-16,4.160e-19,1.624e-29,9.059e-18,9.636e-18,5.511e-32,9.468e-20,7.283e-8,,1.267e+0,2.084e-18,7.714e-19,1.567e-17,,3.348e-25,3.231e-19,,,9.542e-16,2.680e+0,7.582e-2,1.085e-28,,3.352e-22,2.902e+0,7.781e-17,6.215e-3,6.210e-14,2.984e-2,5.591e-15,6.195e+0,,,,,1.931e-2,,,6.956e-19,,,,,,,,,,3.581e-19,
642.86,1.347e+1,3.049e-12,1.111e-18,5.191e-37,4.149e-18,,,1.487e-18,1.588e-20,,8.203e-16,4.162e-19,1.625e-29,9.058e-18,9.626e-18,5.201e-32,9.471e-20,7.249e-8,,1.398e+0,2.084e-18,7.434e-19,1.563e-17,,3.349e-25,3.230e-19,,,1.308e-15,2.474e+0,7.388e-2,1.085e-28,,3.354e-22,3.085e+0,7.783e-17,5.300e-3,4.350e-14,3.210e-2,7.945e-15,6.387e+0,,,,,2.025e-2,,,6.952e-19,,,,,,,,,,3.562e-19,
642.89,1.397e+1,1.981e-12,1.751e-18,8.010e-37,4.154e-18,,,1.487e-18,1.593e-20,,8.198e-16,4.165e-19,1.626e-29,9.058e-18,9.610e-18,4.736e-32,9.475e-20,7.174e-8,,1.613e+0,2.085e-18,7.007e-19,1.556e-17,,3.350e-25,3.228e-19,,,2.091e-15,2.187e+0,7.081e-2,1.085e-28,,3.356e-22,3.370e+0,7.786e-17,4.172e-3,2.541e-14,3.569e-2,1.341e-14,6.663e+0,,,,,2.212e-2,,,6.945e-19,,,,,,,,,,3.532e-19,
642.91,1.432e+1,1.483e-12,2.366e-18,1.067e-36,4.157e-18,,,1.487e-18,1.596e-20,,8.195e-16,4.168e-19,1.626e-29,9.058e-18,9.600e-18,4.426e-32,9.478e-20,7.108e-8,,1.770e+0,2.085e-18,6.721e-19,1.552e-17,,3.351e-25,3.227e-19,,,2.852e-15,2.010e+0,6.868e-2,1.085e-28,,3.358e-22,3.566e+0,7.788e-17,3.559e-3,1.772e-14,3.821e-2,1.897e-14,6.837e+0,,,,,2.367e-2,,,6.941e-19,,,,,,,,,,3.513e-19,
642.93,1.469e+1,1.108e-12,3.191e-18,1.419e-36,4.160e-18,,,1.487e-18,1.600e-20,,8.192e-16,4.170e-19,1.627e-29,9.058e-18,9.590e-18,4.115e-32,9.480e-20,7.029e-8,,1.940e+0,2.086e-18,6.434e-19,1.548e-17,,3.351e-25,3.226e-19,,,3.884e-15,1.844e+0,6.649e-2,1.085e-28,,3.359e-22,3.767e+0,7.790e-17,3.040e-3,1.233e-14,4.084e-2,2.678e-14,7.004e+0,,,,,2.546e-2,,,6.937e-19,,,,,,,,,,3.493e-19,
642.96,1.528e+1,7.128e-13,4.981e-18,2.169e-36,4.165e-18,,,1.487e-18,1.604e-20,,8.188e-16,4.173e-19,1.628e-29,9.058e-18,9.574e-18,3.650e-32,9.484e-20,6.889e-8,,2.217e+0,2.086e-18,6.006e-19,1.541e-17,,3.353e-25,3.224e-19,,,6.150e-15,1.614e+0,6.311e-2,1.085e-28,,3.362e-22,4.075e+0,7.792e-17,2.414e-3,7.132e-15,4.496e-2,4.477e-14,7.236e+0,,,,,2.859e-2,,,6.931e-19,,,,,,,,,,3.464e-19,
642.98,1.570e+1,5.300e-13,6.687e-18,2.872e-36,4.169e-18,,,1.487e-18,1.608e-20,,8.185e-16,4.176e-19,1.628e-29,9.058e-18,9.564e-18,3.340e-32,9.487e-20,6.782e-8,,2.418e+0,2.087e-18,5.724e-19,1.537e-17,,3.353e-25,3.223e-19,,,8.337e-15,1.474e+0,6.082e-2,1.085e-28,,3.364e-22,4.285e+0,7.794e-17,2.084e-3,4.940e-15,4.783e-2,6.292e-14,7.378e+0,,,,,3.098e-2,,,6.927e-19,,,,,,,,,,3.445e-19,
643.01,1.635e+1,3.387e-13,1.037e-17,4.359e-36,4.174e-18,,,1.487e-18,1.613e-20,,8.181e-16,4.179e-19,1.629e-29,9.057e-18,9.549e-18,2.875e-32,9.491e-20,6.600e-8,,2.744e+0,2.087e-18,5.306e-19,1.531e-17,,3.354e-25,3.222e-19,,,1.311e-14,1.281e+0,5.733e-2,1.085e-28,,3.366e-22,4.605e+0,7.797e-17,1.698e-3,2.838e-15,5.231e-2,1.045e-13,7.570e+0,,,,,3.502e-2,,,6.920e-19,,,,,,,,,,3.415e-19,
643.03,1.680e+1,2.506e-13,1.386e-17,5.744e-36,4.177e-18,,,1.487e-18,1.616e-20,,8.178e-16,4.181e-19,1.630e-29,9.057e-18,9.539e-18,2.565e-32,9.494e-20,6.467e-8,,2.979e+0,2.088e-18,5.033e-19,1.527e-17,,3.355e-25,3.221e-19,,,1.769e-14,1.165e+0,5.499e-2,1.085e-28,,3.368e-22,4.821e+0,7.799e-17,1.504e-3,1.956e-15,5.539e-2,1.462e-13,7.682e+0,,,,,3.802e-2,,,6.916e-19,,,,,,,,,,3.396e-19,
643.06,1.749e+1,1.590e-13,2.133e-17,8.659e-36,4.182e-18,,,1.486e-18,1.621e-20,,8.174e-16,4.185e-19,1.630e-29,9.057e-18,9.523e-18,2.100e-32,9.498e-20,6.251e-8,,3.358e+0,2.088e-18,4.633e-19,1.520e-17,,3.356e-25,3.219e-19,,,2.764e-14,1.005e+0,5.147e-2,1.085e-28,,3.370e-22,5.145e+0,7.801e-17,1.295e-3,1.116e-15,6.015e-2,2.410e-13,7.828e+0,,,,,4.299e-2,,,6.910e-19,,,,,,,,,,3.366e-19,
643.08,1.797e+1,1.171e-13,2.838e-17,1.136e-35,4.185e-18,,,1.486e-18,1.624e-20,,8.171e-16,4.187e-19,1.631e-29,9.057e-18,9.513e-18,1.789e-32,9.500e-20,6.097e-8,,3.629e+0,2.088e-18,4.374e-19,1.516e-17,,3.357e-25,3.218e-19,,,3.713e-14,9.095e-1,4.914e-2,1.085e-28,,3.372e-22,5.361e+0,7.803e-17,1.205e-3,7.657e-16,6.340e-2,3.356e-13,7.908e+0,,,,,4.662e-2,,,6.906e-19,,,,,,,,,,3.347e-19,
643.11,1.870e+1,7.381e-14,4.340e-17,1.701e-35,4.190e-18,,,1.486e-18,1.629e-20,,8.167e-16,4.190e-19,1.632e-29,9.057e-18,9.498e-18,1.324e-32,9.504e-20,5.852e-8,,4.063e+0,2.089e-18,3.999e-19,1.510e-17,,3.358e-25,3.216e-19,,,5.760e-14,7.798e-1,4.569e-2,1.085e-28,,3.374e-22,5.683e+0,7.806e-17,1.134e-3,4.337e-16,6.837e-2,5.497e-13,8.002e+0,,,,,5.255e-2,,,6.900e-19,,,,,,,,,,3.318e-19,
643.13,1.919e+1,5.412e-14,5.748e-17,2.220e-35,4.193e-18,,,1.486e-18,1.632e-20,,8.164e-16,4.193e-19,1.633e-29,9.057e-18,9.488e-18,1.014e-32,9.507e-20,5.681e-8,,4.370e+0,2.089e-18,3.758e-19,1.505e-17,,3.359e-25,3.215e-19,,,7.702e-14,7.022e-1,4.342e-2,1.085e-28,,3.376e-22,5.895e+0,7.808e-17,1.128e-3,2.962e-16,7.173e-2,7.620e-13,8.046e+0,,,,,5.683e-2,,,6.895e-19,,,,,,,,,,3.298e-19,
643.16,1.993e+1,3.386e-14,8.729e-17,3.302e-35,4.198e-18,,,1.486e-18,1.637e-20,,8.159e-16,4.196e-19,1.633e-29,9.056e-18,9.472e-18,5.505e-32,9.511e-20,5.415e-8,,4.858e+0,2.090e-18,3.412e-19,1.499e-17,,3.360e-25,3.214e-19,,,1.187e-13,5.979e-1,4.008e-2,1.085e-28,,3.378e-22,6.207e+0,7.810e-17,1.175e-3,1.666e-16,7.682e-2,1.240e-12,8.085e+0,,,,,6.375e-2,,,6.889e-19,,,,,,,,,,3.269e-19,
643.18,2.043e+1,2.471e-14,1.151e-16,4.291e-35,4.201e-18,,,1.486e-18,1.640e-20,,8.156e-16,4.198e-19,1.634e-29,9.056e-18,9.462e-18,8.094e-32,9.514e-20,5.233e-8,,5.202e+0,2.090e-18,3.192e-19,1.495e-17,,3.361e-25,3.213e-19,,,1.580e-13,5.358e-1,3.791e-2,1.085e-28,,3.380e-22,6.410e+0,7.812e-17,1.246e-3,1.133e-16,8.023e-2,1.710e-12,8.093e+0,,,,,6.869e-2,,,6.885e-19,,,,,,,,,,3.249e-19,
643.21,2.117e+1,1.535e-14,1.736e-16,6.337e-35,4.206e-18,,,1.486e-18,1.645e-20,,8.152e-16,4.202e-19,1.635e-29,9.056e-18,9.447e-18,1.438e-31,9.518e-20,4.953e-8,,5.743e+0,2.091e-18,2.878e-19,1.488e-17,,3.362e-25,3.211e-19,,,2.418e-13,4.531e-1,3.476e-2,1.085e-28,,3.382e-22,6.703e+0,7.815e-17,1.409e-3,6.325e-17,8.533e-2,2.763e-12,8.076e+0,,,,,7.660e-2,,,6.879e-19,,,,,,,,,,3.220e-19,
643.23,2.167e+1,1.115e-14,2.277e-16,8.199e-35,4.210e-18,,,1.486e-18,1.648e-20,,8.149e-16,4.204e-19,1.635e-29,9.056e-18,9.437e-18,2.105e-31,9.520e-20,4.764e-8,,6.120e+0,2.091e-18,2.680e-19,1.484e-17,,3.363e-25,3.210e-19,,,3.204e-13,4.042e-1,3.273e-2,1.085e-28,,3.384e-22,6.891e+0,7.816e-17,1.558e-3,4.280e-17,8.871e-2,3.795e-12,8.046e+0,,,,,8.219e-2,,,6.875e-19,,,,,,,,,,3.201e-19,
643.26,2.240e+1,6.880e-15,3.412e-16,1.202e-34,4.214e-18,,,1.486e-18,1.653e-20,,8.145e-16,4.207e-19,1.636e-29,9.056e-18,9.421e-18,3.715e-31,9.524e-20,4.479e-8,,6.711e+0,2.092e-18,2.399e-19,1.478e-17,,3.364e-25,3.209e-19,,,4.870e-13,3.394e-1,2.980e-2,1.085e-28,,3.387e-22,7.158e+0,7.819e-17,1.847e-3,,9.370e-2,6.089e-12,7.974e+0,,,,,9.107e-2,,,6.868e-19,,,,,,,,,,3.171e-19,
643.28,2.288e+1,4.974e-15,4.456e-16,1.549e-34,4.218e-18,,,1.486e-18,1.656e-20,,8.142e-16,4.209e-19,1.637e-29,9.056e-18,9.411e-18,5.413e-31,9.527e-20,4.288e-8,,7.119e+0,2.092e-18,2.224e-19,1.474e-17,,3.365e-25,3.207e-19,,,6.424e-13,3.014e-1,2.793e-2,1.086e-28,,3.388e-22,7.326e+0,7.821e-17,2.086e-3,,9.696e-2,8.326e-12,7.908e+0,,,,,9.730e-2,,,6.864e-19,,,,,,,,,,3.152e-19,
643.3,2.335e+1,3.590e-15,5.810e-16,1.991e-34,4.221e-18,,,1.486e-18,1.660e-20,,8.139e-16,4.212e-19,1.638e-29,9.056e-18,9.401e-18,7.872e-31,9.530e-20,4.098e-8,,7.539e+0,2.093e-18,2.057e-19,1.469e-17,,3.365e-25,3.206e-19,,,8.458e-13,2.671e-1,2.612e-2,1.086e-28,,3.390e-22,7.483e+0,7.823e-17,2.368e-3,,1.001e-1,1.136e-11,7.828e+0,,,,,1.038e-1,,,6.860e-19,,,,,,,,,,3.132e-19,
643.33,2.404e+1,2.193e-15,8.620e-16,2.892e-34,4.226e-18,,,1.486e-18,1.665e-20,,8.135e-16,4.215e-19,1.638e-29,9.055e-18,9.386e-18,1.376e-30,9.534e-20,3.815e-8,,8.186e+0,2.093e-18,1.824e-19,1.463e-17,,3.366e-25,3.205e-19,,,1.273e-12,2.221e-1,2.355e-2,1.086e-28,,3.392e-22,7.700e+0,7.825e-17,2.876e-3,,1.048e-1,1.806e-11,7.682e+0,,,,,1.139e-1,,,6.854e-19,,,,,,,,,,3.103e-19,
643.35,2.448e+1,1.575e-15,1.119e-15,3.701e-34,4.229e-18,,,1.486e-18,1.668e-20,,8.132e-16,4.217e-19,1.639e-29,9.055e-18,9.375e-18,1.992e-30,9.536e-20,3.629e-8,,8.629e+0,2.093e-18,1.679e-19,1.459e-17,,3.367e-25,3.204e-19,,,1.669e-12,1.959e-1,2.193e-2,1.086e-28,,3.394e-22,7.831e+0,7.827e-17,3.279e-3,,1.077e-1,2.453e-11,7.570e+0,,,,,1.209e-1,,,6.850e-19,,,,,,,,,,3.083e-19,
643.38,2.512e+1,9.556e-16,1.648e-15,5.339e-34,4.234e-18,,,1.486e-18,1.673e-20,,8.128e-16,4.221e-19,1.640e-29,9.055e-18,9.360e-18,3.458e-30,9.540e-20,3.355e-8,,9.306e+0,2.094e-18,1.479e-19,1.452e-17,,3.368e-25,3.202e-19,,,2.496e-12,1.618e-1,1.964e-2,1.086e-28,,3.396e-22,8.005e+0,7.830e-17,3.993e-3,,1.119e-1,3.872e-11,7.378e+0,,,,,1.318e-1,,,6.844e-19,,,,,,,,,,3.054e-19,
643.4,2.552e+1,6.832e-16,2.130e-15,6.800e-34,4.237e-18,,,1.486e-18,1.676e-20,,8.125e-16,4.223e-19,1.640e-29,9.055e-18,9.350e-18,4.983e-30,9.543e-20,3.177e-8,,9.763e+0,2.094e-18,1.355e-19,1.448e-17,,3.369e-25,3.201e-19,,,3.256e-12,1.421e-1,1.820e-2,1.086e-28,,3.398e-22,8.104e+0,7.832e-17,4.551e-3,,1.145e-1,5.237e-11,7.236e+0,,,,,1.393e-1,,,6.839e-19,,,,,,,,,,3.035e-19,
643.43,2.610e+1,4.116e-16,3.117e-15,9.743e-34,4.242e-18,,,1.486e-18,1.681e-20,,8.120e-16,4.226e-19,1.641e-29,9.055e-18,9.334e-18,8.592e-30,9.547e-20,2.917e-8,,1.046e+1,2.095e-18,1.185e-19,1.442e-17,,3.370e-25,3.200e-19,,,4.836e-12,1.165e-1,1.618e-2,1.086e-28,,3.401e-22,8.228e+0,7.834e-17,5.529e-3,,1.181e-1,8.208e-11,7.004e+0,,,,,1.509e-1,,,6.833e-19,,,,,,,,,,3.005e-19,
643.45,2.645e+1,2.929e-16,4.008e-15,1.235e-33,4.245e-18,,,1.486e-18,1.684e-20,,8.118e-16,4.229e-19,1.642e-29,9.055e-18,9.324e-18,1.233e-29,9.550e-20,2.749e-8,,1.092e+1,2.095e-18,1.081e-19,1.437e-17,,3.371e-25,3.198e-19,,,6.282e-12,1.018e-1,1.493e-2,1.086e-28,,3.402e-22,8.294e+0,7.836e-17,6.287e-3,,1.203e-1,1.105e-10,6.837e+0,,,,,1.587e-1,,,6.829e-19,,,,,,,,,,2.986e-19,
643.48,2.695e+1,1.752e-16,5.825e-15,1.758e-33,4.250e-18,,,1.485e-18,1.689e-20,,8.113e-16,4.232e-19,1.643e-29,9.054e-18,9.309e-18,2.111e-29,9.554e-20,2.506e-8,,1.162e+1,2.096e-18,9.390e-20,1.431e-17,,3.372e-25,3.197e-19,,,9.266e-12,8.293e-2,1.318e-2,1.086e-28,,3.405e-22,8.365e+0,7.839e-17,7.605e-3,,1.233e-1,1.720e-10,6.572e+0,,,,,1.707e-1,,,6.823e-19,,,,,,,,,,2.956e-19,
643.5,2.725e+1,1.241e-16,7.457e-15,2.219e-33,4.254e-18,,,1.485e-18,1.692e-20,,8.110e-16,4.234e-19,1.643e-29,9.054e-18,9.299e-18,3.014e-29,9.556e-20,2.351e-8,,1.208e+1,2.096e-18,8.527e-20,1.427e-17,,3.373e-25,3.196e-19,,,1.198e-11,7.215e-2,1.211e-2,1.086e-28,,3.406e-22,8.395e+0,7.841e-17,8.619e-3,,1.250e-1,2.305e-10,6.387e+0,,,,,1.787e-1,,,6.819e-19,,,,,,,,,,2.937e-19,
643.53,2.766e+1,7.372e-17,1.076e-14,3.136e-33,4.259e-18,,,1.485e-18,1.697e-20,,8.106e-16,4.238e-19,1.644e-29,9.054e-18,9.283e-18,5.126e-29,9.560e-20,2.129e-8,,1.276e+1,2.097e-18,7.353e-20,1.420e-17,,3.374e-25,3.194e-19,,,1.755e-11,5.835e-2,1.062e-2,1.086e-28,,3.409e-22,8.411e+0,7.843e-17,1.037e-2,,1.272e-1,3.564e-10,6.097e+0,,,,,1.909e-1,,,6.812e-19,,,,,,,,,,2.908e-19,
643.55,2.790e+1,5.197e-17,1.372e-14,3.940e-33,4.262e-18,,,1.485e-18,1.700e-20,,8.103e-16,4.240e-19,1.645e-29,9.054e-18,9.273e-18,7.287e-29,9.563e-20,1.988e-8,,1.320e+1,2.097e-18,6.647e-20,1.416e-17,,3.375e-25,3.193e-19,,,2.259e-11,5.053e-2,9.704e-3,1.086e-28,,3.410e-22,8.404e+0,7.845e-17,1.171e-2,,1.284e-1,4.754e-10,5.897e+0,,,,,1.990e-1,,,6.808e-19,,,,,,,,,,4.276e-19,
643.58,2.821e+1,3.066e-17,1.966e-14,5.529e-33,4.267e-18,,,1.485e-18,1.705e-20,,8.099e-16,4.243e-19,1.646e-29,9.054e-18,9.258e-18,1.231e-28,9.567e-20,1.788e-8,,1.385e+1,2.098e-18,5.692e-20,1.410e-17,,3.376e-25,3.192e-19,,,3.287e-11,4.058e-2,8.450e-3,1.086e-28,,3.413e-22,8.365e+0,7.848e-17,1.401e-2,,1.297e-1,7.300e-10,5.590e+0,,,,,2.110e-1,,,6.802e-19,,,,,,,,,,7.600e-19,
643.6,2.838e+1,2.151e-17,2.494e-14,6.915e-33,4.270e-18,,,1.485e-18,1.709e-20,,8.096e-16,4.246e-19,1.646e-29,9.054e-18,9.248e-18,1.742e-28,9.570e-20,1.661e-8,,1.427e+1,2.098e-18,5.121e-20,1.406e-17,,3.377e-25,3.191e-19,,,4.212e-11,3.498e-2,7.688e-3,1.086e-28,,3.415e-22,8.322e+0,7.850e-17,1.576e-2,,1.303e-1,9.693e-10,5.382e+0,,,,,2.190e-1,,,6.798e-19,,,,,,,,,,1.113e-18,
643.63,2.858e+1,1.260e-17,3.551e-14,9.639e-33,4.275e-18,,,1.485e-18,1.713e-20,,8.092e-16,4.249e-19,1.647e-29,9.053e-18,9.232e-18,2.922e-28,9.574e-20,1.484e-8,,1.486e+1,2.099e-18,4.355e-20,1.399e-17,,3.378e-25,3.189e-19,,,6.087e-11,2.790e-2,6.649e-3,1.086e-28,,3.417e-22,8.230e+0,7.852e-17,1.876e-2,,1.308e-1,1.478e-9,5.067e+0,,,,,2.307e-1,,,6.792e-19,,,,,,,,,,1.964e-18,
643.65,2.867e+1,8.800e-18,4.483e-14,1.200e-32,4.278e-18,,,1.485e-18,1.717e-20,,8.089e-16,4.251e-19,1.648e-29,9.053e-18,9.222e-18,4.116e-28,9.576e-20,1.373e-8,,1.524e+1,2.099e-18,3.901e-20,1.395e-17,,3.378e-25,3.188e-19,,,7.763e-11,2.394e-2,6.021e-3,1.086e-28,,3.419e-22,8.152e+0,7.854e-17,2.103e-2,,1.308e-1,1.954e-9,4.856e+0,,,,,2.382e-1,,,6.787e-19,,,,,,,,,,2.862e-18,
643.67,2.873e+1,6.135e-18,5.651e-14,1.491e-32,4.281e-18,,,1.485e-18,1.720e-20,,8.086e-16,4.254e-19,1.648e-29,9.053e-18,9.212e-18,5.787e-28,9.579e-20,1.268e-8,,1.560e+1,2.099e-18,3.487e-20,1.391e-17,,3.379e-25,3.187e-19,,,9.883e-11,2.050e-2,5.443e-3,1.086e-28,,3.420e-22,8.060e+0,7.856e-17,2.354e-2,,1.305e-1,2.578e-9,4.645e+0,,,,,2.456e-1,,,6.783e-19,,,,,,,,,,4.163e-18,
643.7,2.877e+1,3.559e-18,7.968e-14,2.059e-32,4.286e-18,,,1.485e-18,1.725e-20,,8.082e-16,4.257e-19,1.649e-29,9.053e-18,9.197e-18,9.616e-28,9.583e-20,1.121e-8,,1.610e+1,2.100e-18,2.937e-20,1.384e-17,,3.380e-25,3.185e-19,,,1.415e-10,1.619e-2,4.662e-3,1.086e-28,,3.423e-22,7.900e+0,7.859e-17,2.780e-2,,1.297e-1,3.894e-9,4.331e+0,,,,,2.562e-1,,,6.777e-19,,,,,,,,,,7.279e-18,
643.72,2.875e+1,2.469e-18,9.997e-14,2.546e-32,4.290e-18,,,1.485e-18,1.728e-20,,8.079e-16,4.259e-19,1.650e-29,9.053e-18,9.186e-18,1.346e-27,9.586e-20,1.030e-8,,1.640e+1,2.100e-18,2.613e-20,1.380e-17,,3.381e-25,3.184e-19,,,1.793e-10,1.380e-2,4.194e-3,1.086e-28,,3.424e-22,7.778e+0,7.860e-17,3.100e-2,,1.289e-1,5.114e-9,4.124e+0,,,,,2.630e-1,,,6.773e-19,,,,,,,,,,1.054e-17,
643.75,2.866e+1,1.422e-18,1.400e-13,3.491e-32,4.294e-18,,,1.485e-18,1.733e-20,,8.074e-16,4.263e-19,1.651e-29,9.053e-18,9.171e-18,2.221e-27,9.590e-20,9.049e-9,,1.681e+1,2.101e-18,2.185e-20,1.374e-17,,3.382e-25,3.183e-19,,,2.549e-10,1.083e-2,3.567e-3,1.086e-28,,3.427e-22,7.575e+0,7.863e-17,3.643e-2,,1.272e-1,7.672e-9,3.818e+0,,,,,2.725e-1,,,6.767e-19,,,,,,,,,,1.830e-17,
643.77,2.856e+1,9.822e-19,1.748e-13,4.299e-32,4.298e-18,,,1.485e-18,1.736e-20,,8.072e-16,4.265e-19,1.651e-29,9.053e-18,9.161e-18,3.095e-27,9.592e-20,8.279e-9,,1.705e+1,2.101e-18,1.935e-20,1.370e-17,,3.383e-25,3.182e-19,,,3.216e-10,9.192e-3,3.195e-3,1.086e-28,,3.429e-22,7.427e+0,7.865e-17,4.049e-2,,1.258e-1,1.003e-8,3.619e+0,,,,,2.784e-1,,,6.762e-19,,,,,,,,,,2.638e-17,
643.8,2.834e+1,5.618e-19,2.432e-13,5.854e-32,4.303e-18,,,1.485e-18,1.741e-20,,8.067e-16,4.268e-19,1.652e-29,9.052e-18,9.146e-18,5.072e-27,9.596e-20,7.220e-9,,1.736e+1,2.102e-18,1.608e-20,1.363e-17,,3.384e-25,3.180e-19,,,4.541e-10,7.165e-3,2.698e-3,1.087e-28,,3.431e-22,7.189e+0,7.868e-17,4.734e-2,,1.233e-1,1.494e-8,3.327e+0,,,,,2.864e-1,,,6.756e-19,,,,,,,,,,4.550e-17,
643.82,2.816e+1,3.862e-19,3.023e-13,7.175e-32,4.306e-18,,,1.485e-18,1.744e-20,,8.064e-16,4.271e-19,1.653e-29,9.052e-18,9.135e-18,7.035e-27,9.599e-20,6.576e-9,,1.753e+1,2.102e-18,1.417e-20,1.359e-17,,3.385e-25,3.179e-19,,,5.703e-10,6.057e-3,2.405e-3,1.087e-28,,3.433e-22,7.019e+0,7.869e-17,5.245e-2,,1.214e-1,1.945e-8,3.139e+0,,,,,2.913e-1,,,6.752e-19,,,,,,,,,,6.529e-17,
643.85,2.783e+1,2.193e-19,4.176e-13,9.703e-32,4.311e-18,,,1.485e-18,1.749e-20,,8.060e-16,4.274e-19,1.654e-29,9.052e-18,9.120e-18,1.145e-26,9.603e-20,5.695e-9,,1.772e+1,2.103e-18,1.169e-20,1.353e-17,,3.386e-25,3.177e-19,,,7.999e-10,4.695e-3,2.018e-3,1.087e-28,,3.435e-22,6.752e+0,7.872e-17,6.103e-2,,1.182e-1,2.877e-8,2.866e+0,,,,,2.978e-1,,,6.746e-19,,,,,,,,,,1.118e-16,
643.87,2.756e+1,1.501e-19,5.167e-13,1.184e-31,4.314e-18,,,1.485e-18,1.752e-20,,8.057e-16,4.276e-19,1.654e-29,9.052e-18,9.110e-18,1.581e-26,9.606e-20,5.163e-9,,1.781e+1,2.103e-18,1.026e-20,1.348e-17,,3.387e-25,3.176e-19,,,9.999e-10,3.956e-3,1.790e-3,1.087e-28,,3.437e-22,6.566e+0,7.874e-17,6.741e-2,,1.158e-1,3.728e-8,2.692e+0,,,,,3.015e-1,,,6.742e-19,,,,,,,,,,1.597e-16,
643.9,2.711e+1,8.464e-20,7.089e-13,1.590e-31,4.319e-18,,,1.485e-18,1.757e-20,,8.053e-16,4.280e-19,1.655e-29,9.052e-18,9.094e-18,2.556e-26,9.610e-20,4.441e-9,,1.789e+1,2.104e-18,8.402e-21,1.342e-17,,3.388e-25,3.175e-19,,,1.393e-9,3.057e-3,1.491e-3,1.087e-28,,3.439e-22,6.279e+0,7.877e-17,7.808e-2,,1.119e-1,5.478e-8,2.441e+0,,,,,3.061e-1,,,6.735e-19,,,,,,,,,,2.717e-16,
643.92,2.678e+1,5.765e-20,8.732e-13,1.931e-31,4.322e-18,,,1.484e-18,1.761e-20,,8.050e-16,4.282e-19,1.656e-29,9.052e-18,9.084e-18,3.513e-26,9.612e-20,4.007e-9,,1.790e+1,2.104e-18,7.338e-21,1.338e-17,,3.389e-25,3.174e-19,,,1.733e-9,2.574e-3,1.317e-3,1.087e-28,,3.441e-22,6.082e+0,7.878e-17,8.599e-2,,1.092e-1,7.064e-8,2.282e+0,,,,,3.085e-1,,,6.731e-19,,,,,,,,,,3.864e-16,
643.95,2.622e+1,3.228e-20,1.190e-12,2.576e-31,4.327e-18,,,1.484e-18,1.765e-20,,8.046e-16,4.285e-19,1.657e-29,9.051e-18,9.069e-18,5.641e-26,9.616e-20,3.422e-9,,1.786e+1,2.104e-18,5.969e-21,1.331e-17,,3.390e-25,3.172e-19,,,2.398e-9,1.994e-3,1.090e-3,1.087e-28,,3.443e-22,5.782e+0,7.881e-17,9.917e-2,,1.049e-1,1.031e-7,2.055e+0,,,,,3.112e-1,,,6.725e-19,,,,,,,,,,6.528e-16,
643.97,2.581e+1,2.188e-20,1.459e-12,3.114e-31,4.330e-18,,,1.484e-18,1.769e-20,,8.043e-16,4.288e-19,1.657e-29,9.051e-18,9.059e-18,7.718e-26,9.619e-20,3.074e-9,,1.780e+1,2.105e-18,5.190e-21,1.327e-17,,3.390e-25,3.171e-19,,,2.971e-9,1.689e-3,9.578e-4,1.087e-28,,3.445e-22,5.579e+0,7.883e-17,1.089e-1,,1.018e-1,1.323e-7,1.912e+0,,,,,3.123e-1,,,6.721e-19,,,,,,,,,,9.240e-16,
644,2.516e+1,1.217e-20,1.974e-12,4.125e-31,4.335e-18,,,1.484e-18,1.774e-20,,8.038e-16,4.291e-19,1.658e-29,9.051e-18,9.043e-18,1.231e-25,9.623e-20,2.607e-9,,1.764e+1,2.105e-18,4.192e-21,1.321e-17,,3.392e-25,3.169e-19,,,4.083e-9,1.331e-3,7.868e-4,1.087e-28,,3.448e-22,5.274e+0,7.886e-17,1.251e-1,,9.711e-2,1.918e-7,1.710e+0,,,,,3.130e-1,,,6.715e-19,,,,,,,,,,1.551e-15,
644.02,2.469e+1,1.246e-20,2.409e-12,4.964e-31,4.339e-18,,,1.484e-18,1.777e-20,,8.036e-16,4.293e-19,1.659e-29,9.051e-18,9.033e-18,1.676e-25,9.626e-20,2.331e-9,,1.749e+1,2.106e-18,3.628e-21,1.316e-17,,3.392e-25,3.168e-19,,,5.035e-9,1.150e-3,6.886e-4,1.087e-28,,3.449e-22,5.070e+0,7.887e-17,1.371e-1,,9.388e-2,2.451e-7,1.583e+0,,,,,3.128e-1,,,6.710e-19,,,,,,,,,,2.185e-15,
644.05,2.396e+1,1.288e-20,3.238e-12,6.531e-31,4.343e-18,,,1.484e-18,1.782e-20,,8.031e-16,4.297e-19,1.659e-29,9.051e-18,9.018e-18,2.655e-25,9.630e-20,1.964e-9,,1.723e+1,2.106e-18,2.910e-21,1.310e-17,,3.393e-25,3.167e-19,,,6.871e-9,9.526e-4,5.617e-4,1.087e-28,,3.452e-22,4.766e+0,7.890e-17,1.569e-1,,8.893e-2,3.529e-7,1.406e+0,,,,,3.115e-1,,,6.704e-19,,,,,,,,,,3.641e-15,
644.07,2.344e+1,1.317e-20,3.934e-12,7.824e-31,4.347e-18,,,1.484e-18,1.785e-20,,8.028e-16,4.299e-19,1.660e-29,9.051e-18,9.008e-18,3.600e-25,9.633e-20,1.747e-9,,1.701e+1,2.107e-18,2.507e-21,1.306e-17,,3.394e-25,3.166e-19,,,8.435e-9,8.640e-4,4.893e-4,1.087e-28,,3.453e-22,4.566e+0,7.892e-17,1.714e-1,,8.560e-2,4.489e-7,1.296e+0,,,,,3.101e-1,,,6.700e-19,,,,,,,,,,5.107e-15,
644.09,2.291e+1,1.346e-20,4.771e-12,9.355e-31,4.350e-18,,,1.484e-18,1.788e-20,,8.025e-16,4.301e-19,1.661e-29,9.051e-18,8.997e-18,4.871e-25,9.635e-20,1.552e-9,,1.677e+1,2.107e-18,2.155e-21,1.302e-17,,3.395e-25,3.165e-19,,,1.034e-8,8.068e-4,4.254e-4,1.087e-28,,3.455e-22,4.368e+0,7.894e-17,1.872e-1,,8.225e-2,5.699e-7,1.193e+0,,,,,3.082e-1,,,6.696e-19,,,,,,,,,,7.149e-15,
644.12,2.209e+1,1.388e-20,6.351e-12,1.219e-30,4.355e-18,,,1.484e-18,1.793e-20,,8.021e-16,4.304e-19,1.661e-29,9.050e-18,8.982e-18,7.641e-25,9.639e-20,1.295e-9,,1.637e+1,2.108e-18,1.712e-21,1.295e-17,,3.396e-25,3.163e-19,,,1.397e-8,7.767e-4,3.437e-4,1.087e-28,,3.457e-22,4.077e+0,7.896e-17,2.132e-1,,7.722e-2,8.126e-7,1.049e+0,,,,,3.045e-1,,,6.690e-19,,,,,,,,,,1.180e-14,
644.14,2.153e+1,1.417e-20,7.667e-12,1.451e-30,4.358e-18,,,1.484e-18,1.796e-20,,8.018e-16,4.307e-19,1.662e-29,9.050e-18,8.972e-18,1.029e-24,9.642e-20,1.145e-9,,1.607e+1,2.108e-18,1.465e-21,1.291e-17,,3.397e-25,3.162e-19,,,1.704e-8,7.928e-4,2.974e-4,1.087e-28,,3.459e-22,3.887e+0,7.898e-17,2.322e-1,,7.388e-2,1.027e-6,9.609e-1,,,,,3.016e-1,,,6.686e-19,,,,,,,,,,1.645e-14,
644.17,2.067e+1,1.460e-20,1.013e-11,1.878e-30,4.363e-18,,,1.484e-18,1.801e-20,,8.014e-16,4.310e-19,1.663e-29,9.050e-18,8.957e-18,1.604e-24,9.646e-20,9.484e-10,,1.559e+1,2.109e-18,1.156e-21,1.285e-17,,3.398e-25,3.160e-19,,,2.288e-8,8.723e-4,2.386e-4,1.087e-28,,3.462e-22,3.611e+0,7.901e-17,2.636e-1,,6.894e-2,1.454e-6,8.393e-1,,,,,2.965e-1,,,6.679e-19,,,,,,,,,,2.697e-14,
644.19,2.009e+1,1.488e-20,1.218e-11,2.225e-30,4.366e-18,,,1.484e-18,1.804e-20,,8.011e-16,4.312e-19,1.664e-29,9.050e-18,8.946e-18,2.151e-24,9.649e-20,8.346e-10,,1.524e+1,2.109e-18,9.848e-22,1.280e-17,,3.399e-25,3.159e-19,,,2.779e-8,9.645e-4,2.055e-4,1.087e-28,,3.463e-22,3.432e+0,7.903e-17,2.866e-1,,6.571e-2,1.830e-6,7.652e-1,,,,,2.928e-1,,,6.675e-19,,,,,,,,,,3.741e-14,
644.22,1.920e+1,1.531e-20,1.599e-11,2.859e-30,4.371e-18,,,1.484e-18,1.809e-20,,8.007e-16,4.316e-19,1.664e-29,9.050e-18,8.931e-18,3.328e-24,9.653e-20,6.866e-10,,1.469e+1,2.109e-18,7.715e-22,1.274e-17,,3.400e-25,3.158e-19,,,3.705e-8,1.168e-3,1.638e-4,1.087e-28,,3.466e-22,3.173e+0,7.905e-17,3.243e-1,,6.097e-2,2.573e-6,6.638e-1,,,,,2.868e-1,,,6.669e-19,,,,,,,,,,6.092e-14,
644.24,1.861e+1,1.560e-20,1.913e-11,3.372e-30,4.375e-18,,,1.484e-18,1.813e-20,,8.004e-16,4.318e-19,1.665e-29,9.050e-18,8.921e-18,4.442e-24,9.655e-20,6.015e-10,,1.431e+1,2.110e-18,6.542e-22,1.270e-17,,3.400e-25,3.157e-19,,,4.479e-8,1.354e-3,1.404e-4,1.087e-28,,3.467e-22,3.007e+0,7.907e-17,3.519e-1,,5.791e-2,3.223e-6,6.023e-1,,,,,2.825e-1,,,6.665e-19,,,,,,,,,,8.413e-14,
644.27,1.773e+1,1.602e-20,2.494e-11,4.305e-30,4.379e-18,,,1.484e-18,1.817e-20,,8.000e-16,4.321e-19,1.666e-29,9.049e-18,8.906e-18,6.828e-24,9.659e-20,4.914e-10,,1.372e+1,2.110e-18,5.090e-22,1.263e-17,,3.402e-25,3.155e-19,,,5.932e-8,1.719e-3,1.111e-4,1.087e-28,,3.470e-22,2.769e+0,7.910e-17,3.971e-1,,5.349e-2,4.502e-6,5.189e-1,,,,,2.760e-1,,,6.659e-19,,,,,,,,,,1.361e-13,
644.29,1.715e+1,1.631e-20,2.969e-11,5.054e-30,4.383e-18,,,1.484e-18,1.821e-20,,7.997e-16,4.324e-19,1.666e-29,9.049e-18,8.895e-18,9.072e-24,9.662e-20,4.285e-10,,1.331e+1,2.111e-18,4.296e-22,1.259e-17,,3.402e-25,3.154e-19,,,7.138e-8,2.030e-3,9.481e-5,1.087e-28,,3.471e-22,2.617e+0,7.912e-17,4.300e-1,,5.066e-2,5.612e-6,4.687e-1,,,,,2.716e-1,,,6.654e-19,,,,,,,,,,1.870e-13,
644.32,1.629e+1,1.674e-20,3.845e-11,6.406e-30,4.388e-18,,,1.484e-18,1.826e-20,,7.992e-16,4.327e-19,1.667e-29,9.049e-18,8.880e-18,1.385e-23,9.666e-20,3.477e-10,,1.269e+1,2.111e-18,3.319e-22,1.253e-17,,3.403e-25,3.153e-19,,,9.390e-8,2.620e-3,7.450e-5,1.088e-28,,3.474e-22,2.401e+0,7.914e-17,4.838e-1,,4.663e-2,7.785e-6,4.010e-1,,,,,2.651e-1,,,6.648e-19,,,,,,,,,,3.004e-13,
644.34,1.572e+1,1.702e-20,4.558e-11,7.487e-30,4.391e-18,,,1.483e-18,1.829e-20,,7.990e-16,4.329e-19,1.668e-29,9.049e-18,8.870e-18,1.832e-23,9.669e-20,3.017e-10,,1.227e+1,2.112e-18,2.788e-22,1.249e-17,,3.404e-25,3.151e-19,,,1.125e-7,3.111e-3,6.329e-5,1.088e-28,,3.476e-22,2.264e+0,7.916e-17,5.230e-1,,4.410e-2,9.661e-6,3.605e-1,,,,,2.609e-1,,,6.644e-19,,,,,,,,,,4.111e-13,
644.37,1.490e+1,1.745e-20,5.862e-11,9.426e-30,4.396e-18,,,1.483e-18,1.834e-20,,7.985e-16,4.333e-19,1.669e-29,9.049e-18,8.854e-18,2.777e-23,9.673e-20,2.431e-10,,1.163e+1,2.112e-18,2.139e-22,1.242e-17,,3.405e-25,3.150e-19,,,1.470e-7,4.024e-3,4.938e-5,1.088e-28,,3.478e-22,2.070e+0,7.919e-17,5.868e-1,,4.054e-2,1.331e-5,3.063e-1,,,,,2.552e-1,,,6.638e-19,,,,,,,,,,6.558e-13,
644.39,1.436e+1,1.774e-20,6.916e-11,1.097e-29,4.399e-18,,,1.483e-18,1.837e-20,,7.982e-16,4.335e-19,1.669e-29,9.049e-18,8.844e-18,3.656e-23,9.675e-20,2.100e-10,,1.121e+1,2.113e-18,1.789e-22,1.238e-17,,3.406e-25,3.149e-19,,,1.752e-7,4.774e-3,4.176e-5,1.088e-28,,3.480e-22,1.947e+0,7.921e-17,6.331e-1,,3.834e-2,1.644e-5,2.741e-1,,,,,2.518e-1,,,6.634e-19,,,,,,,,,,8.934e-13,
644.42,1.359e+1,1.816e-20,8.833e-11,1.371e-29,4.404e-18,,,1.483e-18,1.842e-20,,7.978e-16,4.338e-19,1.670e-29,9.048e-18,8.829e-18,5.505e-23,9.679e-20,1.681e-10,,1.058e+1,2.113e-18,1.363e-22,1.232e-17,,3.407e-25,3.147e-19,,,2.274e-7,6.156e-3,3.236e-5,1.088e-28,,3.482e-22,1.775e+0,7.923e-17,7.084e-1,,3.531e-2,2.250e-5,2.313e-1,,,,,2.475e-1,,,6.627e-19,,,,,,,,,,1.415e-12,
644.44,1.309e+1,1.845e-20,1.037e-10,1.588e-29,4.407e-18,,,1.483e-18,1.845e-20,,7.975e-16,4.341e-19,1.671e-29,9.048e-18,8.819e-18,7.216e-23,9.682e-20,1.445e-10,,1.017e+1,2.114e-18,1.135e-22,1.227e-17,,3.408e-25,3.146e-19,,,2.699e-7,7.280e-3,2.723e-5,1.088e-28,,3.484e-22,1.667e+0,7.925e-17,7.628e-1,,3.348e-2,2.766e-5,2.060e-1,,,,,2.454e-1,,,6.623e-19,,,,,,,,,,1.919e-12,
644.46,1.262e+1,1.874e-20,1.216e-10,1.835e-29,4.410e-18,,,1.483e-18,1.848e-20,,7.972e-16,4.343e-19,1.671e-29,9.048e-18,8.809e-18,9.441e-23,9.685e-20,1.240e-10,,9.763e+0,2.114e-18,9.426e-23,1.223e-17,,3.409e-25,3.145e-19,,,3.198e-7,8.596e-3,2.288e-5,1.088e-28,,3.485e-22,1.564e+0,7.927e-17,8.207e-1,,3.181e-2,3.396e-5,1.832e-1,,,,,2.439e-1,,,6.619e-19,,,,,,,,,,2.598e-12,
644.49,1.194e+1,1.916e-20,1.539e-10,2.273e-29,4.415e-18,,,1.483e-18,1.853e-20,,7.968e-16,4.346e-19,1.672e-29,9.048e-18,8.793e-18,1.408e-22,9.689e-20,9.830e-11,,9.165e+0,2.114e-18,7.113e-23,1.217e-17,,3.410e-25,3.144e-19,,,4.110e-7,1.099e-2,1.756e-5,1.088e-28,,3.488e-22,1.421e+0,7.930e-17,9.146e-1,,2.961e-2,4.602e-5,1.531e-1,,,,,2.431e-1,,,6.613e-19,,,,,,,,,,4.077e-12,
644.51,1.151e+1,1.945e-20,1.796e-10,2.615e-29,4.419e-18,,,1.483e-18,1.856e-20,,7.965e-16,4.349e-19,1.673e-29,9.048e-18,8.783e-18,1.834e-22,9.691e-20,8.398e-11,,8.777e+0,2.115e-18,5.882e-23,1.212e-17,,3.411e-25,3.143e-19,,,4.848e-7,1.293e-2,1.468e-5,1.088e-28,,3.490e-22,1.331e+0,7.931e-17,9.820e-1,,2.835e-2,5.623e-5,1.355e-1,,,,,2.436e-1,,,6.609e-19,,,,,,,,,,5.493e-12,
644.54,1.091e+1,1.988e-20,2.256e-10,3.216e-29,4.424e-18,,,1.483e-18,1.861e-20,,7.961e-16,4.352e-19,1.674e-29,9.048e-18,8.768e-18,2.716e-22,9.695e-20,6.609e-11,,8.214e+0,2.115e-18,4.408e-23,1.206e-17,,3.412e-25,3.141e-19,,,6.189e-7,1.643e-2,1.119e-5,1.088e-28,,3.492e-22,1.206e+0,7.934e-17,1.091e+0,,2.679e-2,7.568e-5,1.124e-1,,,,,2.464e-1,,,6.602e-19,,,,,,,,,,8.562e-12,
644.56,1.054e+1,2.016e-20,2.621e-10,3.683e-29,4.427e-18,,,1.483e-18,1.865e-20,,7.958e-16,4.354e-19,1.674e-29,9.048e-18,8.757e-18,3.521e-22,9.698e-20,5.620e-11,,7.852e+0,2.116e-18,3.628e-23,1.202e-17,,3.412e-25,3.140e-19,,,7.266e-7,1.923e-2,9.313e-6,1.088e-28,,3.494e-22,1.129e+0,7.936e-17,1.169e+0,,2.597e-2,9.204e-5,9.904e-2,,,,,2.496e-1,,,6.598e-19,,,,,,,,,,1.148e-11,
644.59,1.003e+1,2.059e-20,3.270e-10,4.499e-29,4.432e-18,,,1.483e-18,1.869e-20,,7.954e-16,4.358e-19,1.675e-29,9.047e-18,8.742e-18,5.180e-22,9.702e-20,4.392e-11,,7.331e+0,2.116e-18,2.700e-23,1.195e-17,,3.414e-25,3.138e-19,,,9.213e-7,2.427e-2,7.048e-6,1.088e-28,,3.496e-22,1.021e+0,7.939e-17,1.295e+0,,2.509e-2,1.230e-4,8.161e-2,,,,,2.569e-1,,,6.592e-19,,,,,,,,,,1.778e-11,
644.61,9.726e+0,2.088e-20,3.781e-10,5.129e-29,4.435e-18,,,1.483e-18,1.873e-20,,7.951e-16,4.360e-19,1.676e-29,9.047e-18,8.732e-18,6.685e-22,9.705e-20,3.718e-11,,6.999e+0,2.117e-18,2.212e-23,1.191e-17,,3.414e-25,3.137e-19,,,1.077e-6,2.828e-2,5.840e-6,1.088e-28,,3.498e-22,9.545e-1,7.940e-17,1.384e+0,,2.473e-2,1.490e-4,7.157e-2,,,,,2.635e-1,,,6.588e-19,,,,,,,,,,2.374e-11,
644.64,9.310e+0,2.130e-20,4.686e-10,6.222e-29,4.440e-18,,,1.483e-18,1.878e-20,,7.946e-16,4.363e-19,1.677e-29,9.047e-18,8.717e-18,9.767e-22,9.709e-20,2.886e-11,,6.526e+0,2.117e-18,1.635e-23,1.185e-17,,3.415e-25,3.136e-19,,,1.356e-6,3.545e-2,4.389e-6,1.088e-28,,3.500e-22,8.620e-1,7.943e-17,1.527e+0,,2.456e-2,1.978e-4,5.857e-2,,,,,2.762e-1,,,6.582e-19,,,,,,,,,,3.649e-11,
644.66,9.065e+0,2.159e-20,5.394e-10,7.061e-29,4.443e-18,,,1.483e-18,1.881e-20,,7.943e-16,4.366e-19,1.677e-29,9.047e-18,8.706e-18,1.255e-21,9.711e-20,2.431e-11,,6.228e+0,2.118e-18,1.333e-23,1.181e-17,,3.416e-25,3.135e-19,,,1.578e-6,4.112e-2,3.619e-6,1.088e-28,,3.502e-22,8.050e-1,7.945e-17,1.629e+0,,2.469e-2,2.383e-4,5.112e-2,,,,,2.868e-1,,,6.577e-19,,,,,,,,,,4.850e-11,
644.69,8.747e+0,2.202e-20,6.638e-10,8.508e-29,4.448e-18,,,1.483e-18,1.886e-20,,7.939e-16,4.369e-19,1.678e-29,9.047e-18,8.691e-18,1.821e-21,9.715e-20,1.874e-11,,5.805e+0,2.118e-18,9.785e-24,1.174e-17,,3.417e-25,3.133e-19,,,1.973e-6,5.119e-2,2.701e-6,1.088e-28,,3.504e-22,7.260e-1,7.948e-17,1.791e+0,,2.526e-2,3.143e-4,4.155e-2,,,,,3.061e-1,,,6.571e-19,,,,,,,,,,7.406e-11,
644.71,8.567e+0,2.230e-20,7.606e-10,9.611e-29,4.451e-18,,,1.483e-18,1.889e-20,,7.936e-16,4.371e-19,1.679e-29,9.047e-18,8.681e-18,2.328e-21,9.718e-20,1.572e-11,,5.541e+0,2.118e-18,7.943e-24,1.170e-17,,3.418e-25,3.132e-19,,,2.286e-6,5.911e-2,2.217e-6,1.088e-28,,3.506e-22,6.773e-1,7.949e-17,1.905e+0,,2.590e-2,3.770e-4,3.610e-2,,,,,3.213e-1,,,6.567e-19,,,,,,,,,,9.799e-11,
644.74,8.346e+0,2.273e-20,9.297e-10,1.150e-28,4.456e-18,,,1.483e-18,1.894e-20,,7.932e-16,4.375e-19,1.680e-29,9.046e-18,8.666e-18,3.355e-21,9.722e-20,1.203e-11,,5.171e+0,2.119e-18,5.789e-24,1.164e-17,,3.419e-25,3.130e-19,,,2.839e-6,7.309e-2,1.644e-6,1.088e-28,,3.509e-22,6.100e-1,7.952e-17,2.087e+0,,2.724e-2,4.937e-4,2.913e-2,,,,,3.481e-1,,,6.561e-19,,,,,,,,,,1.486e-10,
644.76,8.231e+0,2.302e-20,1.060e-9,1.293e-28,4.460e-18,,,1.483e-18,1.897e-20,,7.929e-16,4.377e-19,1.680e-29,9.046e-18,8.655e-18,4.271e-21,9.725e-20,1.004e-11,,4.941e+0,2.119e-18,4.677e-24,1.159e-17,,3.420e-25,3.129e-19,,,3.274e-6,8.401e-2,1.343e-6,1.088e-28,,3.510e-22,5.686e-1,7.954e-17,2.214e+0,,2.841e-2,5.896e-4,2.520e-2,,,,,3.687e-1,,,6.557e-19,,,,,,,,,,1.957e-10,
644.79,8.106e+0,2.344e-20,1.287e-9,1.537e-28,4.464e-18,,,1.482e-18,1.902e-20,,7.925e-16,4.380e-19,1.681e-29,9.046e-18,8.640e-18,6.114e-21,9.729e-20,7.632e-12,,4.622e+0,2.120e-18,3.385e-24,1.153e-17,,3.421e-25,3.128e-19,,,4.039e-6,1.032e-1,9.884e-7,1.088e-28,,3.513e-22,5.113e-1,7.957e-17,2.414e+0,,3.057e-2,7.668e-4,2.020e-2,,,,,4.039e-1,,,6.550e-19,,,,,,,,,,2.948e-10,
644.81,8.055e+0,2.373e-20,1.461e-9,1.720e-28,4.468e-18,,,1.482e-18,1.905e-20,,7.922e-16,4.383e-19,1.682e-29,9.046e-18,8.630e-18,7.748e-21,9.731e-20,6.342e-12,,4.425e+0,2.120e-18,2.723e-24,1.149e-17,,3.422e-25,3.127e-19,,,4.636e-6,1.180e-1,8.039e-7,1.088e-28,,3.514e-22,4.762e-1,7.958e-17,2.554e+0,,3.229e-2,9.115e-4,1.739e-2,,,,,4.305e-1,,,6.546e-19,,,,,,,,,,3.865e-10,
644.83,8.029e+0,2.402e-20,1.656e-9,1.922e-28,4.471e-18,,,1.482e-18,1.909e-20,,7.919e-16,4.385e-19,1.682e-29,9.046e-18,8.620e-18,9.800e-21,9.734e-20,5.260e-12,,4.242e+0,2.121e-18,2.186e-24,1.145e-17,,3.423e-25,3.126e-19,,,5.311e-6,1.348e-1,6.526e-7,1.089e-28,,3.516e-22,4.432e-1,7.960e-17,2.699e+0,,3.423e-2,1.082e-3,1.494e-2,,,,,4.595e-1,,,6.542e-19,,,,,,,,,,5.058e-10,
644.86,8.036e+0,2.444e-20,1.991e-9,2.262e-28,4.476e-18,,,1.482e-18,1.913e-20,,7.915e-16,4.388e-19,1.683e-29,9.046e-18,8.604e-18,1.389e-20,9.738e-20,3.959e-12,,3.990e+0,2.121e-18,1.567e-24,1.138e-17,,3.424e-25,3.124e-19,,,6.490e-6,1.640e-1,4.757e-7,1.089e-28,,3.518e-22,3.977e-1,7.963e-17,2.925e+0,,3.757e-2,1.393e-3,1.186e-2,,,,,5.080e-1,,,6.536e-19,,,,,,,,,,7.545e-10,
644.88,8.071e+0,2.473e-20,2.246e-9,2.516e-28,4.479e-18,,,1.482e-18,1.917e-20,,7.912e-16,4.390e-19,1.684e-29,9.045e-18,8.594e-18,1.749e-20,9.741e-20,3.269e-12,,3.838e+0,2.122e-18,1.252e-24,1.134e-17,,3.424e-25,3.123e-19,,,7.402e-6,1.864e-1,3.844e-7,1.089e-28,,3.520e-22,3.698e-1,7.965e-17,3.082e+0,,4.009e-2,1.646e-3,1.014e-2,,,,,5.438e-1,,,6.532e-19,,,,,,,,,,9.829e-10,
644.91,8.168e+0,2.516e-20,2.682e-9,2.941e-28,4.484e-18,,,1.482e-18,1.922e-20,,7.907e-16,4.394e-19,1.685e-29,9.045e-18,8.579e-18,2.463e-20,9.745e-20,2.444e-12,,3.631e+0,2.122e-18,8.911e-25,1.128e-17,,3.426e-25,3.121e-19,,,8.984e-6,2.252e-1,2.783e-7,1.089e-28,,3.523e-22,3.312e-1,7.967e-17,3.324e+0,,4.431e-2,2.105e-3,7.994e-3,,,,,6.026e-1,,,6.526e-19,,,,,,,,,,1.456e-9,
644.93,8.262e+0,2.544e-20,3.012e-9,3.256e-28,4.487e-18,,,1.482e-18,1.925e-20,,7.905e-16,4.396e-19,1.685e-29,9.045e-18,8.569e-18,3.087e-20,9.747e-20,2.008e-12,,3.508e+0,2.123e-18,7.087e-25,1.123e-17,,3.426e-25,3.120e-19,,,1.020e-5,2.548e-1,2.238e-7,1.089e-28,,3.524e-22,3.075e-1,7.969e-17,3.490e+0,,4.742e-2,2.475e-3,6.806e-3,,,,,6.454e-1,,,6.521e-19,,,,,,,,,,1.889e-9,
644.96,8.445e+0,2.587e-20,3.572e-9,3.780e-28,4.492e-18,,,1.482e-18,1.930e-20,,7.900e-16,4.400e-19,1.686e-29,9.045e-18,8.553e-18,4.318e-20,9.751e-20,1.491e-12,,3.343e+0,2.123e-18,5.010e-25,1.117e-17,,3.427e-25,3.119e-19,,,1.230e-5,3.057e-1,1.609e-7,1.089e-28,,3.527e-22,2.748e-1,7.972e-17,3.746e+0,,5.253e-2,3.145e-3,5.328e-3,,,,,7.149e-1,,,6.515e-19,,,,,,,,,,2.779e-9,
644.98,8.595e+0,2.616e-20,3.993e-9,4.165e-28,4.495e-18,,,1.482e-18,1.933e-20,,7.897e-16,4.402e-19,1.687e-29,9.045e-18,8.543e-18,5.387e-20,9.754e-20,1.219e-12,,3.247e+0,2.123e-18,3.966e-25,1.113e-17,,3.428e-25,3.118e-19,,,1.390e-5,3.443e-1,1.288e-7,1.089e-28,,3.528e-22,2.548e-1,7.974e-17,3.920e+0,,5.623e-2,3.681e-3,4.515e-3,,,,,7.650e-1,,,6.511e-19,,,,,,,,,,3.588e-9,
645.01,8.860e+0,2.658e-20,4.703e-9,4.803e-28,4.500e-18,,,1.482e-18,1.938e-20,,7.893e-16,4.405e-19,1.687e-29,9.045e-18,8.528e-18,7.482e-20,9.758e-20,8.989e-13,,3.122e+0,2.124e-18,2.784e-25,1.106e-17,,3.429e-25,3.116e-19,,,1.664e-5,4.103e-1,9.195e-8,1.089e-28,,3.531e-22,2.271e-1,7.976e-17,4.185e+0,,6.222e-2,4.645e-3,3.510e-3,,,,,8.454e-1,,,6.505e-19,,,,,,,,,,5.244e-9,
645.03,9.063e+0,2.687e-20,5.233e-9,5.268e-28,4.504e-18,,,1.482e-18,1.941e-20,,7.890e-16,4.407e-19,1.688e-29,9.045e-18,8.517e-18,9.293e-20,9.761e-20,7.319e-13,,3.051e+0,2.124e-18,2.194e-25,1.102e-17,,3.430e-25,3.115e-19,,,1.872e-5,4.601e-1,7.328e-8,1.089e-28,,3.532e-22,2.102e-1,7.978e-17,4.364e+0,,6.650e-2,5.411e-3,2.961e-3,,,,,9.027e-1,,,6.501e-19,,,,,,,,,,6.738e-9,
645.06,9.405e+0,2.730e-20,6.121e-9,6.033e-28,4.509e-18,,,1.482e-18,1.946e-20,,7.886e-16,4.411e-19,1.689e-29,9.044e-18,8.502e-18,1.282e-19,9.765e-20,5.358e-13,,2.963e+0,2.125e-18,1.529e-25,1.096e-17,,3.431e-25,3.113e-19,,,2.226e-5,5.444e-1,5.195e-8,1.089e-28,,3.535e-22,1.868e-1,7.981e-17,4.634e+0,,7.335e-2,6.782e-3,2.286e-3,,,,,9.939e-1,,,6.494e-19,,,,,,,,,,9.782e-9,
645.08,9.658e+0,2.758e-20,6.779e-9,6.588e-28,4.512e-18,,,1.482e-18,1.949e-20,,7.883e-16,4.413e-19,1.690e-29,9.044e-18,8.492e-18,1.585e-19,9.767e-20,4.343e-13,,2.917e+0,2.125e-18,1.200e-25,1.091e-17,,3.432e-25,3.112e-19,,,2.493e-5,6.076e-1,4.121e-8,1.089e-28,,3.537e-22,1.725e-1,7.983e-17,4.815e+0,,7.819e-2,7.865e-3,1.919e-3,,,,,1.058e+0,,,6.490e-19,,,,,,,,,,1.251e-8,
645.11,1.007e+1,2.801e-20,7.876e-9,7.491e-28,4.517e-18,,,1.482e-18,1.954e-20,,7.879e-16,4.416e-19,1.690e-29,9.044e-18,8.477e-18,2.171e-19,9.771e-20,3.157e-13,,2.865e+0,2.126e-18,8.305e-26,1.085e-17,,3.433e-25,3.111e-19,,,2.944e-5,7.141e-1,2.901e-8,1.089e-28,,3.539e-22,1.528e-1,7.985e-17,5.085e+0,,8.584e-2,9.790e-3,1.471e-3,,,,,1.159e+0,,,6.484e-19,,,,,,,,,,1.804e-8,
645.13,1.037e+1,2.830e-20,8.683e-9,8.143e-28,4.520e-18,,,1.482e-18,1.957e-20,,7.876e-16,4.419e-19,1.691e-29,9.044e-18,8.466e-18,2.672e-19,9.774e-20,2.547e-13,,2.842e+0,2.126e-18,6.485e-26,1.081e-17,,3.434e-25,3.110e-19,,,3.283e-5,7.934e-1,2.291e-8,1.089e-28,,3.541e-22,1.408e-1,7.987e-17,5.264e+0,,9.120e-2,1.130e-2,1.230e-3,,,,,1.230e+0,,,6.480e-19,,,,,,,,,,2.297e-8,
645.16,1.086e+1,2.872e-20,1.002e-8,9.197e-28,4.525e-18,,,1.482e-18,1.962e-20,,7.871e-16,4.422e-19,1.692e-29,9.044e-18,8.451e-18,3.636e-19,9.778e-20,1.839e-13,,2.826e+0,2.127e-18,4.458e-26,1.075e-17,,3.435e-25,3.108e-19,,,3.851e-5,9.261e-1,1.601e-8,1.089e-28,,3.543e-22,1.243e-1,7.990e-17,5.528e+0,,9.958e-2,1.397e-2,9.363e-4,,,,,1.341e+0,,,6.474e-19,,,,,,,,,,3.289e-8,
645.18,1.120e+1,2.901e-20,1.100e-8,9.951e-28,4.528e-18,,,1.482e-18,1.965e-20,,7.869e-16,4.424e-19,1.692e-29,9.044e-18,8.441e-18,4.455e-19,9.781e-20,1.477e-13,,2.827e+0,2.127e-18,3.465e-26,1.070e-17,,3.436e-25,3.107e-19,,,4.274e-5,1.024e+0,1.259e-8,1.089e-28,,3.545e-22,1.142e-1,7.992e-17,5.700e+0,,1.054e-1,1.606e-2,7.789e-4,,,,,1.417e+0,,,6.469e-19,,,,,,,,,,4.169e-8,
645.2,1.157e+1,2.930e-20,1.205e-8,1.075e-27,4.531e-18,,,1.482e-18,1.969e-20,,7.866e-16,4.427e-19,1.693e-29,9.043e-18,8.431e-18,5.448e-19,9.783e-20,1.183e-13,,2.837e+0,2.127e-18,2.689e-26,1.066e-17,,3.436e-25,3.106e-19,,,4.734e-5,1.131e+0,9.873e-9,1.089e-28,,3.546e-22,1.048e-1,7.993e-17,5.868e+0,,1.113e-1,1.842e-2,6.468e-4,,,,,1.495e+0,,,6.465e-19,,,,,,,,,,5.275e-8,
645.23,1.214e+1,2.972e-20,1.376e-8,1.202e-27,4.536e-18,,,1.481e-18,1.974e-20,,7.861e-16,4.430e-19,1.694e-29,9.043e-18,8.415e-18,7.343e-19,9.787e-20,8.462e-14,,2.871e+0,2.128e-18,1.832e-26,1.060e-17,,3.438e-25,3.104e-19,,,5.501e-5,1.307e+0,6.836e-9,1.089e-28,,3.549e-22,9.198e-2,7.996e-17,6.112e+0,,1.205e-1,2.255e-2,4.877e-4,,,,,1.616e+0,,,6.459e-19,,,,,,,,,,7.481e-8,
645.25,1.255e+1,3.001e-20,1.501e-8,1.293e-27,4.540e-18,,,1.481e-18,1.977e-20,,7.859e-16,4.432e-19,1.694e-29,9.043e-18,8.405e-18,8.939e-19,9.790e-20,6.751e-14,,2.907e+0,2.128e-18,1.416e-26,1.055e-17,,3.438e-25,3.103e-19,,,6.066e-5,1.436e+0,5.337e-9,1.089e-28,,3.551e-22,8.418e-2,7.998e-17,6.267e+0,,1.268e-1,2.575e-2,4.031e-4,,,,,1.698e+0,,,6.455e-19,,,,,,,,,,9.422e-8,
645.28,1.318e+1,3.044e-20,1.703e-8,1.436e-27,4.544e-18,,,1.481e-18,1.982e-20,,7.854e-16,4.436e-19,1.695e-29,9.043e-18,8.390e-18,1.196e-18,9.794e-20,4.794e-14,,2.978e+0,2.129e-18,9.596e-27,1.049e-17,,3.439e-25,3.102e-19,,,7.001e-5,1.649e+0,3.670e-9,1.089e-28,,3.553e-22,7.352e-2,8.000e-17,6.488e+0,,1.364e-1,3.131e-2,3.019e-4,,,,,1.823e+0,,,6.449e-19,,,,,,,,,,1.327e-7,
645.3,1.362e+1,3.072e-20,1.849e-8,1.537e-27,4.548e-18,,,1.481e-18,1.985e-20,,7.851e-16,4.438e-19,1.696e-29,9.043e-18,8.380e-18,1.450e-18,9.797e-20,3.806e-14,,3.039e+0,2.129e-18,7.400e-27,1.045e-17,,3.440e-25,3.101e-19,,,7.685e-5,1.804e+0,2.852e-9,1.089e-28,,3.555e-22,6.707e-2,8.002e-17,6.627e+0,,1.429e-1,3.559e-2,2.483e-4,,,,,1.908e+0,,,6.444e-19,,,,,,,,,,1.664e-7,
645.33,1.432e+1,3.115e-20,2.084e-8,1.695e-27,4.553e-18,,,1.481e-18,1.990e-20,,7.847e-16,4.441e-19,1.697e-29,9.043e-18,8.364e-18,1.928e-18,9.801e-20,2.684e-14,,3.150e+0,2.130e-18,5.022e-27,1.038e-17,,3.441e-25,3.099e-19,,,8.809e-5,2.057e+0,1.948e-9,1.089e-28,,3.557e-22,5.830e-2,8.005e-17,6.819e+0,,1.527e-1,4.298e-2,1.847e-4,,,,,2.035e+0,,,6.438e-19,,,,,,,,,,2.328e-7,
645.35,1.480e+1,3.144e-20,2.252e-8,1.806e-27,4.556e-18,,,1.481e-18,1.993e-20,,7.844e-16,4.444e-19,1.697e-29,9.042e-18,8.354e-18,2.325e-18,9.803e-20,2.122e-14,,3.238e+0,2.130e-18,3.895e-27,1.034e-17,,3.442e-25,3.098e-19,,,9.626e-5,2.240e+0,1.507e-9,1.090e-28,,3.559e-22,5.300e-2,8.007e-17,6.936e+0,,1.593e-1,4.863e-2,1.512e-4,,,,,2.120e+0,,,6.434e-19,,,,,,,,,,2.905e-7,
645.38,1.554e+1,3.186e-20,2.521e-8,1.979e-27,4.561e-18,,,1.481e-18,1.998e-20,,7.840e-16,4.447e-19,1.698e-29,9.042e-18,8.339e-18,3.070e-18,9.807e-20,1.486e-14,,3.390e+0,2.131e-18,2.706e-27,1.028e-17,,3.443e-25,3.097e-19,,,1.096e-4,2.537e+0,1.022e-9,1.090e-28,,3.561e-22,4.583e-2,8.009e-17,7.093e+0,,1.690e-1,5.832e-2,1.117e-4,,,,,2.247e+0,,,6.428e-19,,,,,,,,,,4.037e-7,
645.4,1.605e+1,3.215e-20,2.712e-8,2.099e-27,4.564e-18,,,1.481e-18,2.001e-20,,7.837e-16,4.449e-19,1.699e-29,9.042e-18,8.329e-18,3.686e-18,9.810e-20,1.169e-14,,3.505e+0,2.131e-18,2.169e-27,1.024e-17,,3.444e-25,3.095e-19,,,1.192e-4,2.750e+0,7.867e-10,1.090e-28,,3.563e-22,4.152e-2,8.011e-17,7.185e+0,,1.755e-1,6.569e-2,9.105e-5,,,,,2.330e+0,,,6.424e-19,,,,,,,,,,5.015e-7,
645.43,1.685e+1,3.258e-20,3.014e-8,2.284e-27,4.569e-18,,,1.481e-18,2.006e-20,,7.833e-16,4.453e-19,1.700e-29,9.042e-18,8.313e-18,4.834e-18,9.814e-20,8.130e-15,,3.700e+0,2.132e-18,1.658e-27,1.017e-17,,3.445e-25,3.094e-19,,,1.348e-4,3.092e+0,5.298e-10,1.090e-28,,3.565e-22,3.571e-2,8.014e-17,7.302e+0,,1.850e-1,7.825e-2,6.677e-5,,,,,2.453e+0,,,6.417e-19,,,,,,,,,,6.921e-7,
645.45,1.739e+1,3.286e-20,3.228e-8,2.411e-27,4.572e-18,,,1.481e-18,2.009e-20,,7.830e-16,4.455e-19,1.700e-29,9.042e-18,8.303e-18,5.779e-18,9.817e-20,6.366e-15,,3.844e+0,2.132e-18,1.478e-27,1.013e-17,,3.446e-25,3.093e-19,,,1.460e-4,3.337e+0,4.061e-10,1.090e-28,,3.567e-22,3.223e-2,8.016e-17,7.366e+0,,1.912e-1,8.773e-2,5.418e-5,,,,,2.533e+0,,,6.413e-19,,,,,,,,,,8.559e-7,
645.48,1.823e+1,3.329e-20,3.564e-8,2.606e-27,4.577e-18,,,1.481e-18,2.014e-20,,7.825e-16,4.458e-19,1.701e-29,9.042e-18,8.288e-18,7.526e-18,9.821e-20,4.397e-15,,4.081e+0,2.133e-18,1.417e-27,1.007e-17,,3.447e-25,3.091e-19,,,1.639e-4,3.727e+0,2.716e-10,1.090e-28,,3.569e-22,2.756e-2,8.018e-17,7.439e+0,,2.002e-1,1.038e-1,3.946e-5,,,,,2.648e+0,,,6.407e-19,,,,,,,,,,1.173e-6,
645.5,1.880e+1,3.358e-20,3.798e-8,2.738e-27,4.580e-18,,,1.481e-18,2.017e-20,,7.823e-16,4.461e-19,1.702e-29,9.042e-18,8.277e-18,8.955e-18,9.823e-20,3.427e-15,,4.254e+0,2.133e-18,1.512e-27,1.002e-17,,3.448e-25,3.090e-19,,,1.767e-4,4.003e+0,2.072e-10,1.090e-28,,3.571e-22,2.478e-2,8.020e-17,7.472e+0,,2.060e-1,1.158e-1,3.187e-5,,,,,2.722e+0,,,6.403e-19,,,,,,,,,,1.444e-6,
645.53,1.967e+1,3.400e-20,4.165e-8,2.939e-27,4.585e-18,,,1.481e-18,2.022e-20,,7.818e-16,4.464e-19,1.703e-29,9.041e-18,8.262e-18,1.158e-17,9.827e-20,2.351e-15,,4.535e+0,2.134e-18,1.874e-27,9.960e-18,,3.449e-25,3.089e-19,,,1.971e-4,4.440e+0,1.376e-10,1.090e-28,,3.574e-22,2.106e-2,8.023e-17,7.499e+0,,2.142e-1,1.361e-1,2.305e-5,,,,,2.826e+0,,,6.397e-19,,,,,,,,,,1.966e-6,
645.55,2.026e+1,3.429e-20,4.419e-8,3.074e-27,4.589e-18,,,1.481e-18,2.026e-20,,7.815e-16,4.466e-19,1.703e-29,9.041e-18,8.252e-18,1.372e-17,9.830e-20,1.824e-15,,4.736e+0,2.134e-18,2.285e-27,9.917e-18,,3.450e-25,3.088e-19,,,2.115e-4,4.748e+0,1.045e-10,1.090e-28,,3.575e-22,1.887e-2,8.025e-17,7.500e+0,,2.194e-1,1.512e-1,1.853e-5,,,,,2.891e+0,,,6.392e-19,,,,,,,,,,2.409e-6,
645.57,2.087e+1,3.458e-20,4.679e-8,3.209e-27,4.592e-18,,,1.481e-18,2.029e-20,,7.812e-16,4.469e-19,1.704e-29,9.041e-18,8.242e-18,1.622e-17,9.833e-20,1.413e-15,,4.948e+0,2.134e-18,2.863e-27,9.875e-18,,3.450e-25,3.087e-19,,,2.265e-4,5.067e+0,7.922e-11,1.090e-28,,3.577e-22,1.687e-2,8.027e-17,7.489e+0,,2.242e-1,1.677e-1,1.487e-5,,,,,2.953e+0,,,6.388e-19,,,,,,,,,,2.947e-6,
645.6,2.178e+1,3.500e-20,5.082e-8,3.412e-27,4.597e-18,,,1.481e-18,2.034e-20,,7.808e-16,4.472e-19,1.705e-29,9.041e-18,8.226e-18,2.078e-17,9.837e-20,9.595e-16,,5.285e+0,2.135e-18,4.130e-27,9.811e-18,,3.451e-25,3.085e-19,,,2.503e-4,5.567e+0,5.211e-11,1.090e-28,,3.579e-22,1.422e-2,8.029e-17,7.449e+0,,2.310e-1,1.951e-1,1.065e-5,,,,,3.037e+0,,,6.382e-19,,,,,,,,,,3.974e-6,
645.62,2.239e+1,3.529e-20,5.357e-8,3.546e-27,4.600e-18,,,1.481e-18,2.037e-20,,7.805e-16,4.474e-19,1.705e-29,9.041e-18,8.216e-18,2.446e-17,9.839e-20,7.397e-16,,5.523e+0,2.135e-18,5.323e-27,9.769e-18,,3.452e-25,3.084e-19,,,2.669e-4,5.914e+0,3.934e-11,1.090e-28,,3.581e-22,1.266e-2,8.031e-17,7.406e+0,,2.350e-1,2.154e-1,8.508e-6,,,,,3.088e+0,,,6.378e-19,,,,,,,,,,4.839e-6,
645.65,2.332e+1,3.572e-20,5.778e-8,3.743e-27,4.605e-18,,,1.480e-18,2.042e-20,,7.801e-16,4.478e-19,1.706e-29,9.041e-18,8.201e-18,3.113e-17,9.843e-20,4.989e-16,,5.897e+0,2.136e-18,7.830e-27,9.705e-18,,3.453e-25,3.082e-19,,,2.928e-4,6.453e+0,2.573e-11,1.090e-28,,3.583e-22,1.061e-2,8.034e-17,7.319e+0,,2.404e-1,2.489e-1,6.052e-6,,,,,3.154e+0,,,6.372e-19,,,,,,,,,,6.479e-6,
645.67,2.395e+1,3.600e-20,6.063e-8,3.873e-27,4.608e-18,,,1.480e-18,2.045e-20,,7.798e-16,4.480e-19,1.707e-29,9.040e-18,8.191e-18,3.647e-17,9.846e-20,3.828e-16,,6.157e+0,2.136e-18,1.014e-26,9.663e-18,,3.454e-25,3.081e-19,,,3.108e-4,6.823e+0,1.936e-11,1.090e-28,,3.585e-22,9.407e-3,8.035e-17,7.246e+0,,2.435e-1,2.735e-1,4.812e-6,,,,,3.192e+0,,,6.368e-19,,,,,,,,,,7.854e-6,
645.7,2.488e+1,3.643e-20,6.495e-8,4.061e-27,4.613e-18,,,1.480e-18,2.050e-20,,7.794e-16,4.483e-19,1.708e-29,9.040e-18,8.175e-18,4.609e-17,9.850e-20,2.564e-16,,6.561e+0,2.137e-18,1.491e-26,9.599e-18,,3.455e-25,3.080e-19,,,3.387e-4,7.395e+0,1.263e-11,1.090e-28,,3.588e-22,7.830e-3,8.038e-17,7.116e+0,,2.474e-1,3.140e-1,3.399e-6,,,,,3.238e+0,,,6.361e-19,,,,,,,,,,1.045e-5,
645.72,2.550e+1,3.672e-20,6.784e-8,4.182e-27,4.616e-18,,,1.480e-18,2.053e-20,,7.791e-16,4.485e-19,1.708e-29,9.040e-18,8.165e-18,5.375e-17,9.853e-20,1.959e-16,,6.839e+0,2.137e-18,1.926e-26,9.556e-18,,3.456e-25,3.079e-19,,,3.579e-4,7.784e+0,9.518e-12,1.090e-28,,3.589e-22,6.914e-3,8.040e-17,7.015e+0,,2.495e-1,3.434e-1,2.690e-6,,,,,3.262e+0,,,6.357e-19,,,,,,,,,,1.260e-5,
645.75,2.642e+1,3.714e-20,7.218e-8,4.355e-27,4.621e-18,,,1.480e-18,2.058e-20,,7.787e-16,4.489e-19,1.709e-29,9.040e-18,8.150e-18,6.746e-17,9.857e-20,1.303e-16,,7.266e+0,2.138e-18,2.818e-26,9.493e-18,,3.457e-25,3.077e-19,,,3.874e-4,8.378e+0,6.294e-12,1.090e-28,,3.592e-22,5.719e-3,8.043e-17,6.845e+0,,2.517e-1,3.915e-1,1.887e-6,,,,,3.287e+0,,,6.351e-19,,,,,,,,,,1.665e-5,
645.77,2.703e+1,3.743e-20,7.505e-8,4.464e-27,4.625e-18,,,1.480e-18,2.061e-20,,7.784e-16,4.491e-19,1.710e-29,9.040e-18,8.140e-18,7.832e-17,9.859e-20,9.906e-17,,7.557e+0,2.138e-18,3.625e-26,9.450e-18,,3.458e-25,3.076e-19,,,4.075e-4,8.778e+0,4.853e-12,1.090e-28,,3.593e-22,5.028e-3,8.044e-17,6.719e+0,,2.526e-1,4.263e-1,1.487e-6,,,,,3.296e+0,,,6.347e-19,,,,,,,,,,2.000e-5,
645.8,2.793e+1,3.786e-20,7.930e-8,4.617e-27,4.629e-18,,,1.480e-18,2.066e-20,,7.779e-16,4.495e-19,1.711e-29,9.040e-18,8.124e-18,9.764e-17,9.863e-20,6.544e-17,,7.998e+0,2.139e-18,5.271e-26,9.387e-18,,3.459e-25,3.074e-19,,,4.381e-4,9.383e+0,3.457e-12,1.090e-28,,3.596e-22,4.132e-3,8.047e-17,6.515e+0,,2.531e-1,4.826e-1,1.036e-6,,,,,3.298e+0,,,6.341e-19,,,,,,,,,,2.624e-5,
645.82,2.852e+1,3.814e-20,8.207e-8,4.711e-27,4.633e-18,,,1.480e-18,2.069e-20,,7.776e-16,4.497e-19,1.711e-29,9.039e-18,8.114e-18,1.128e-16,9.866e-20,4.952e-17,,8.294e+0,2.139e-18,6.750e-26,9.344e-18,,3.460e-25,3.073e-19,,,4.587e-4,9.787e+0,2.925e-12,1.090e-28,,3.597e-22,3.617e-3,8.049e-17,6.368e+0,,2.529e-1,5.231e-1,8.121e-7,,,,,3.292e+0,,,6.336e-19,,,,,,,,,,3.137e-5,
645.85,2.938e+1,3.857e-20,8.613e-8,4.839e-27,4.638e-18,,,1.480e-18,2.074e-20,,7.772e-16,4.500e-19,1.712e-29,9.039e-18,8.099e-18,1.397e-16,9.870e-20,3.249e-17,,8.737e+0,2.139e-18,9.750e-26,9.281e-18,,3.461e-25,3.072e-19,,,4.898e-4,1.039e+1,2.613e-12,1.090e-28,,3.600e-22,2.953e-3,8.052e-17,6.136e+0,,2.517e-1,5.882e-1,5.619e-7,,,,,3.272e+0,,,6.330e-19,,,,,,,,,,4.087e-5,
645.87,2.993e+1,3.886e-20,8.873e-8,4.915e-27,4.641e-18,,,1.480e-18,2.078e-20,,7.769e-16,4.502e-19,1.713e-29,9.039e-18,8.089e-18,1.607e-16,9.873e-20,2.447e-17,,9.031e+0,2.140e-18,1.243e-25,9.238e-18,,3.462e-25,3.071e-19,,,5.106e-4,1.079e+1,2.702e-12,1.091e-28,,3.602e-22,2.574e-3,8.053e-17,5.973e+0,,2.503e-1,6.346e-1,4.385e-7,,,,,3.251e+0,,,6.326e-19,,,,,,,,,,4.865e-5,
645.9,3.073e+1,3.928e-20,9.248e-8,5.014e-27,4.646e-18,,,1.480e-18,2.082e-20,,7.765e-16,4.506e-19,1.713e-29,9.039e-18,8.073e-18,1.976e-16,9.877e-20,1.594e-17,,9.466e+0,2.140e-18,1.783e-25,9.174e-18,,3.463e-25,3.069e-19,,,5.415e-4,1.137e+1,3.300e-12,1.091e-28,,3.604e-22,2.087e-3,8.056e-17,5.720e+0,,2.474e-1,7.087e-1,3.013e-7,,,,,3.208e+0,,,6.320e-19,,,,,,,,,,6.296e-5,
645.92,3.123e+1,3.957e-20,9.484e-8,5.069e-27,4.649e-18,,,1.480e-18,2.086e-20,,7.762e-16,4.508e-19,1.714e-29,9.039e-18,8.063e-18,2.263e-16,9.879e-20,1.195e-17,,9.750e+0,2.141e-18,2.263e-25,9.132e-18,,3.463e-25,3.068e-19,,,5.618e-4,1.175e+1,4.055e-12,1.091e-28,,3.606e-22,1.811e-3,8.058e-17,5.546e+0,,2.449e-1,7.612e-1,2.341e-7,,,,,3.173e+0,,,6.316e-19,,,,,,,,,,7.459e-5,
645.95,3.195e+1,4.000e-20,9.817e-8,5.136e-27,4.654e-18,,,1.480e-18,2.091e-20,,7.758e-16,4.511e-19,1.715e-29,9.039e-18,8.048e-18,2.764e-16,9.883e-20,7.734e-18,,1.016e+1,2.141e-18,3.225e-25,9.068e-18,,3.465e-25,3.066e-19,,,5.918e-4,1.231e+1,5.874e-12,1.091e-28,,3.608e-22,1.459e-3,8.061e-17,5.279e+0,,2.404e-1,8.443e-1,1.597e-7,,,,,3.111e+0,,,6.309e-19,,,,,,,,,,9.587e-5,
645.97,3.239e+1,4.028e-20,1.002e-7,5.169e-27,4.657e-18,,,1.480e-18,2.094e-20,,7.755e-16,4.514e-19,1.716e-29,9.039e-18,8.037e-18,3.151e-16,9.886e-20,5.772e-18,,1.043e+1,2.142e-18,4.074e-25,9.026e-18,,3.465e-25,3.065e-19,,,6.112e-4,1.266e+1,7.687e-12,1.091e-28,,3.610e-22,1.260e-3,8.062e-17,5.098e+0,,2.369e-1,9.026e-1,1.235e-7,,,,,3.062e+0,,,6.305e-19,,,,,,,,,,1.131e-4,
645.99,3.281e+1,4.057e-20,1.021e-7,5.193e-27,4.660e-18,,,1.480e-18,2.097e-20,,7.752e-16,4.516e-19,1.716e-29,9.038e-18,8.027e-18,3.585e-16,9.889e-20,4.300e-18,,1.068e+1,2.142e-18,5.138e-25,8.983e-18,,3.466e-25,3.064e-19,,,6.302e-4,1.300e+1,1.014e-11,1.091e-28,,3.612e-22,1.087e-3,8.064e-17,4.916e+0,,2.330e-1,9.631e-1,9.534e-8,,,,,3.009e+0,,,6.301e-19,,,,,,,,,,1.331e-4,
646.02,3.338e+1,4.100e-20,1.047e-7,5.211e-27,4.665e-18,,,1.480e-18,2.102e-20,,7.748e-16,4.519e-19,1.717e-29,9.038e-18,8.012e-18,4.337e-16,9.893e-20,2.755e-18,,1.105e+1,2.143e-18,7.251e-25,8.920e-18,,3.467e-25,3.063e-19,,,6.575e-4,1.349e+1,1.547e-11,1.091e-28,,3.614e-22,8.674e-4,8.067e-17,4.641e+0,,2.265e-1,1.058e+0,6.442e-8,,,,,2.922e+0,,,6.295e-19,,,,,,,,,,1.695e-4,
646.04,3.372e+1,4.128e-20,1.062e-7,5.211e-27,4.669e-18,,,1.480e-18,2.105e-20,,7.745e-16,4.522e-19,1.718e-29,9.038e-18,8.002e-18,4.912e-16,9.895e-20,2.043e-18,,1.127e+1,2.143e-18,9.103e-25,8.877e-18,,3.468e-25,3.062e-19,,,6.748e-4,1.379e+1,2.052e-11,1.091e-28,,3.616e-22,7.446e-4,8.069e-17,4.459e+0,,2.218e-1,1.124e+0,4.950e-8,,,,,2.858e+0,,,6.291e-19,,,,,,,,,,1.986e-4,
646.07,3.417e+1,4.171e-20,1.081e-7,5.193e-27,4.674e-18,,,1.479e-18,2.110e-20,,7.741e-16,4.525e-19,1.718e-29,9.038e-18,7.986e-18,5.902e-16,9.899e-20,1.300e-18,,1.159e+1,2.143e-18,1.276e-24,8.814e-18,,3.469e-25,3.060e-19,,,6.992e-4,1.420e+1,3.131e-11,1.091e-28,,3.618e-22,5.903e-4,8.071e-17,4.187e+0,,2.142e-1,1.226e+0,3.322e-8,,,,,2.756e+0,,,6.284e-19,,,,,,,,,,2.511e-4,
646.09,3.442e+1,4.200e-20,1.092e-7,5.169e-27,4.677e-18,,,1.479e-18,2.113e-20,,7.738e-16,4.527e-19,1.719e-29,9.038e-18,7.976e-18,6.655e-16,9.902e-20,9.594e-19,,1.177e+1,2.144e-18,1.594e-24,8.771e-18,,3.470e-25,3.059e-19,,,7.144e-4,1.445e+1,4.143e-11,1.091e-28,,3.620e-22,5.044e-4,8.073e-17,4.008e+0,,2.087e-1,1.297e+0,2.540e-8,,,,,2.683e+0,,,6.280e-19,,,,,,,,,,2.929e-4,
646.12,3.473e+1,4.242e-20,1.104e-7,5.116e-27,4.682e-18,,,1.479e-18,2.118e-20,,7.733e-16,4.531e-19,1.720e-29,9.038e-18,7.961e-18,7.940e-16,9.906e-20,6.062e-19,,1.203e+1,2.144e-18,2.220e-24,8.707e-18,,3.471e-25,3.057e-19,,,7.353e-4,1.478e+1,6.289e-11,1.091e-28,,3.622e-22,3.972e-4,8.076e-17,3.745e+0,,2.002e-1,1.405e+0,1.693e-8,,,,,2.570e+0,,,6.274e-19,,,,,,,,,,3.679e-4,
646.14,3.488e+1,4.271e-20,1.110e-7,5.069e-27,4.685e-18,,,1.479e-18,2.122e-20,,7.730e-16,4.533e-19,1.721e-29,9.037e-18,7.951e-18,8.912e-16,9.909e-20,4.454e-19,,1.217e+1,2.145e-18,2.761e-24,8.665e-18,,3.472e-25,3.056e-19,,,7.478e-4,1.497e+1,8.289e-11,1.091e-28,,3.624e-22,3.379e-4,8.078e-17,3.574e+0,,1.942e-1,1.479e+0,1.289e-8,,,,,2.491e+0,,,6.270e-19,,,,,,,,,,4.272e-4,
646.17,3.503e+1,4.314e-20,1.114e-7,4.983e-27,4.690e-18,,,1.479e-18,2.126e-20,,7.726e-16,4.536e-19,1.721e-29,9.037e-18,7.935e-18,1.056e-15,9.913e-20,2.795e-19,,1.235e+1,2.145e-18,3.818e-24,8.601e-18,,3.473e-25,3.055e-19,,,7.644e-4,1.521e+1,1.250e-10,1.091e-28,,3.626e-22,2.642e-4,8.080e-17,3.324e+0,,1.849e-1,1.592e+0,8.530e-9,,,,,2.369e+0,,,6.264e-19,,,,,,,,,,5.328e-4,
646.19,3.508e+1,4.342e-20,1.115e-7,4.915e-27,4.693e-18,,,1.479e-18,2.130e-20,,7.723e-16,4.539e-19,1.722e-29,9.037e-18,7.925e-18,1.180e-15,9.915e-20,2.044e-19,,1.245e+1,2.146e-18,4.728e-24,8.559e-18,,3.474e-25,3.054e-19,,,7.739e-4,1.534e+1,1.640e-10,1.091e-28,,3.628e-22,2.238e-4,8.082e-17,3.163e+0,,1.786e-1,1.668e+0,6.463e-9,,,,,2.285e+0,,,6.259e-19,,,,,,,,,,6.159e-4,
646.22,3.507e+1,4.385e-20,1.112e-7,4.798e-27,4.698e-18,,,1.479e-18,2.135e-20,,7.719e-16,4.542e-19,1.723e-29,9.037e-18,7.910e-18,1.389e-15,9.919e-20,1.274e-19,,1.256e+1,2.146e-18,6.494e-24,8.495e-18,,3.475e-25,3.052e-19,,,7.857e-4,1.547e+1,2.457e-10,1.091e-28,,3.630e-22,1.738e-4,8.085e-17,2.931e+0,,1.689e-1,1.782e+0,4.248e-9,,,,,2.159e+0,,,6.253e-19,,,,,,,,,,7.629e-4,
646.24,3.501e+1,4.414e-20,1.107e-7,4.711e-27,4.701e-18,,,1.479e-18,2.138e-20,,7.716e-16,4.544e-19,1.723e-29,9.037e-18,7.900e-18,1.545e-15,9.922e-20,9.271e-20,,1.261e+1,2.147e-18,8.005e-24,8.453e-18,,3.475e-25,3.051e-19,,,7.919e-4,1.553e+1,3.210e-10,1.091e-28,,3.632e-22,1.465e-4,8.087e-17,2.782e+0,,1.624e-1,1.859e+0,3.204e-9,,,,,2.073e+0,,,6.249e-19,,,,,,,,,,8.779e-4,
646.27,3.484e+1,4.456e-20,1.097e-7,4.567e-27,4.706e-18,,,1.479e-18,2.143e-20,,7.712e-16,4.548e-19,1.724e-29,9.037e-18,7.884e-18,1.806e-15,9.926e-20,5.737e-20,,1.264e+1,2.147e-18,1.092e-23,8.389e-18,,3.477e-25,3.050e-19,,,7.985e-4,1.556e+1,4.775e-10,1.091e-28,,3.635e-22,1.130e-4,8.089e-17,2.570e+0,,1.525e-1,1.973e+0,2.091e-9,,,,,1.945e+0,,,6.243e-19,,,,,,,,,,1.080e-3,
646.29,3.467e+1,4.485e-20,1.087e-7,4.464e-27,4.710e-18,,,1.479e-18,2.146e-20,,7.709e-16,4.550e-19,1.725e-29,9.036e-18,7.874e-18,1.999e-15,9.929e-20,4.157e-20,,1.263e+1,2.148e-18,1.340e-23,8.347e-18,,3.477e-25,3.048e-19,,,8.011e-4,1.555e+1,6.210e-10,1.091e-28,,3.636e-22,9.484e-5,8.091e-17,2.435e+0,,1.460e-1,2.049e+0,1.570e-9,,,,,1.859e+0,,,6.239e-19,,,,,,,,,,1.237e-3,
646.32,3.433e+1,4.528e-20,1.070e-7,4.298e-27,4.714e-18,,,1.479e-18,2.151e-20,,7.705e-16,4.553e-19,1.726e-29,9.036e-18,7.859e-18,2.321e-15,9.933e-20,2.555e-20,,1.258e+1,2.148e-18,1.815e-23,8.283e-18,,3.478e-25,3.047e-19,,,8.023e-4,1.547e+1,9.178e-10,1.091e-28,,3.639e-22,7.266e-5,8.094e-17,2.244e+0,,1.362e-1,2.160e+0,1.018e-9,,,,,1.732e+0,,,6.232e-19,,,,,,,,,,1.512e-3,
646.34,3.405e+1,4.556e-20,1.056e-7,4.182e-27,4.718e-18,,,1.479e-18,2.154e-20,,7.702e-16,4.556e-19,1.726e-29,9.036e-18,7.849e-18,2.558e-15,9.935e-20,1.842e-20,,1.252e+1,2.148e-18,2.217e-23,8.241e-18,,3.479e-25,3.046e-19,,,8.013e-4,1.539e+1,1.188e-9,1.091e-28,,3.640e-22,6.070e-5,8.096e-17,2.125e+0,,1.297e-1,2.232e+0,7.605e-10,,,,,1.648e+0,,,6.228e-19,,,,,,,,,,1.724e-3,
646.36,3.373e+1,4.585e-20,1.040e-7,4.061e-27,4.721e-18,,,1.479e-18,2.157e-20,,7.699e-16,4.558e-19,1.727e-29,9.036e-18,7.838e-18,2.814e-15,9.938e-20,1.326e-20,,1.245e+1,2.149e-18,2.704e-23,8.198e-18,,3.480e-25,3.045e-19,,,7.988e-4,1.528e+1,1.535e-9,1.091e-28,,3.642e-22,5.062e-5,8.097e-17,2.011e+0,,1.233e-1,2.303e+0,5.672e-10,,,,,1.566e+0,,,6.224e-19,,,,,,,,,,1.962e-3,
646.39,3.317e+1,4.628e-20,1.013e-7,3.873e-27,4.726e-18,,,1.479e-18,2.162e-20,,7.694e-16,4.561e-19,1.728e-29,9.036e-18,7.823e-18,3.236e-15,9.942e-20,8.072e-21,,1.229e+1,2.149e-18,3.628e-23,8.134e-18,,3.481e-25,3.043e-19,,,7.924e-4,1.506e+1,2.247e-9,1.092e-28,,3.644e-22,3.841e-5,8.100e-17,1.852e+0,,1.139e-1,2.404e+0,3.641e-10,,,,,1.445e+0,,,6.218e-19,,,,,,,,,,2.374e-3,
646.41,3.274e+1,4.656e-20,9.934e-8,3.743e-27,4.729e-18,,,1.479e-18,2.165e-20,,7.692e-16,4.564e-19,1.728e-29,9.036e-18,7.813e-18,3.544e-15,9.945e-20,5.784e-21,,1.217e+1,2.150e-18,4.403e-23,8.092e-18,,3.482e-25,3.042e-19,,,7.863e-4,1.488e+1,2.891e-9,1.092e-28,,3.646e-22,3.188e-5,8.102e-17,1.753e+0,,1.078e-1,2.469e+0,2.704e-10,,,,,1.366e+0,,,6.214e-19,,,,,,,,,,2.690e-3,
646.44,3.204e+1,4.699e-20,9.613e-8,3.546e-27,4.734e-18,,,1.479e-18,2.170e-20,,7.687e-16,4.567e-19,1.729e-29,9.036e-18,7.797e-18,4.048e-15,9.949e-20,3.496e-21,,1.195e+1,2.150e-18,5.868e-23,8.028e-18,,3.483e-25,3.041e-19,,,7.747e-4,1.456e+1,4.204e-9,1.092e-28,,3.649e-22,2.403e-5,8.105e-17,1.615e+0,,9.895e-2,2.560e+0,1.724e-10,,,,,1.252e+0,,,6.208e-19,,,,,,,,,,3.234e-3,
646.46,3.153e+1,4.728e-20,9.383e-8,3.412e-27,4.737e-18,,,1.479e-18,2.174e-20,,7.684e-16,4.569e-19,1.730e-29,9.035e-18,7.787e-18,4.413e-15,9.951e-20,2.493e-21,,1.178e+1,2.151e-18,7.091e-23,7.986e-18,,3.484e-25,3.040e-19,,,7.654e-4,1.433e+1,5.383e-9,1.092e-28,,3.650e-22,1.985e-5,8.106e-17,1.531e+0,,9.322e-2,2.617e+0,1.274e-10,,,,,1.178e+0,,,6.203e-19,,,,,,,,,,3.647e-3,
646.49,3.070e+1,4.770e-20,9.017e-8,3.209e-27,4.742e-18,,,1.479e-18,2.178e-20,,7.680e-16,4.573e-19,1.731e-29,9.035e-18,7.772e-18,5.005e-15,9.955e-20,1.497e-21,,1.150e+1,2.151e-18,9.386e-23,7.922e-18,,3.485e-25,3.038e-19,,,7.489e-4,1.393e+1,7.775e-9,1.092e-28,,3.653e-22,1.486e-5,8.109e-17,1.414e+0,,8.495e-2,2.696e+0,8.064e-11,,,,,1.072e+0,,,6.197e-19,,,,,,,,,,4.354e-3,
646.51,3.010e+1,4.799e-20,8.761e-8,3.074e-27,4.745e-18,,,1.478e-18,2.182e-20,,7.677e-16,4.575e-19,1.731e-29,9.035e-18,7.762e-18,5.432e-15,9.958e-20,1.062e-21,,1.129e+1,2.152e-18,1.129e-22,7.880e-18,,3.486e-25,3.037e-19,,,7.365e-4,1.364e+1,9.912e-9,1.092e-28,,3.654e-22,1.222e-5,8.111e-17,1.342e+0,,7.967e-2,2.743e+0,5.932e-11,,,,,1.005e+0,,,6.193e-19,,,,,,,,,,4.889e-3,
646.54,2.916e+1,4.842e-20,8.362e-8,2.872e-27,4.750e-18,,,1.478e-18,2.187e-20,,7.673e-16,4.578e-19,1.732e-29,9.035e-18,7.746e-18,6.119e-15,9.962e-20,6.333e-22,,1.096e+1,2.152e-18,1.484e-22,7.816e-18,,3.487e-25,3.035e-19,,,7.158e-4,1.317e+1,1.422e-8,1.092e-28,,3.657e-22,9.083e-6,8.114e-17,1.244e+0,,7.210e-2,2.806e+0,3.730e-11,,,,,9.079e-1,,,6.187e-19,,,,,,,,,,5.796e-3,
646.56,2.851e+1,4.870e-20,8.087e-8,2.738e-27,4.754e-18,,,1.478e-18,2.190e-20,,7.670e-16,4.580e-19,1.733e-29,9.035e-18,7.736e-18,6.610e-15,9.965e-20,4.475e-22,,1.072e+1,2.152e-18,1.777e-22,7.774e-18,,3.487e-25,3.034e-19,,,7.007e-4,1.284e+1,1.804e-8,1.092e-28,,3.658e-22,7.436e-6,8.115e-17,1.185e+0,,6.731e-2,2.842e+0,2.731e-11,,,,,8.468e-1,,,6.183e-19,,,,,,,,,,6.478e-3,
646.59,2.748e+1,4.913e-20,7.666e-8,2.540e-27,4.759e-18,,,1.478e-18,2.195e-20,,7.666e-16,4.584e-19,1.734e-29,9.035e-18,7.721e-18,7.396e-15,9.969e-20,2.649e-22,,1.035e+1,2.153e-18,2.320e-22,7.710e-18,,3.489e-25,3.033e-19,,,6.764e-4,1.231e+1,2.571e-8,1.092e-28,,3.661e-22,5.490e-6,8.118e-17,1.103e+0,,6.050e-2,2.887e+0,1.705e-11,,,,,7.601e-1,,,6.176e-19,,,,,,,,,,7.628e-3,
646.61,2.677e+1,4.942e-20,7.380e-8,2.411e-27,4.762e-18,,,1.478e-18,2.198e-20,,7.663e-16,4.586e-19,1.734e-29,9.034e-18,7.711e-18,7.953e-15,9.971e-20,1.863e-22,,1.010e+1,2.153e-18,2.766e-22,7.667e-18,,3.489e-25,3.032e-19,,,6.592e-4,1.194e+1,3.248e-8,1.092e-28,,3.663e-22,4.474e-6,8.120e-17,1.054e+0,,5.622e-2,2.911e+0,1.243e-11,,,,,7.056e-1,,,6.172e-19,,,,,,,,,,8.487e-3,
646.64,2.568e+1,4.984e-20,6.948e-8,2.221e-27,4.767e-18,,,1.478e-18,2.203e-20,,7.658e-16,4.590e-19,1.735e-29,9.034e-18,7.695e-18,8.838e-15,9.975e-20,1.095e-22,,9.697e+0,2.154e-18,3.587e-22,7.604e-18,,3.490e-25,3.030e-19,,,6.320e-4,1.137e+1,4.597e-8,1.092e-28,,3.665e-22,3.280e-6,8.123e-17,9.873e-1,,5.019e-2,2.937e+0,7.706e-12,,,,,6.291e-1,,,6.166e-19,,,,,,,,,,9.926e-3,
646.66,2.494e+1,5.013e-20,6.659e-8,2.099e-27,4.770e-18,,,1.478e-18,2.206e-20,,7.656e-16,4.592e-19,1.736e-29,9.034e-18,7.685e-18,9.460e-15,9.978e-20,7.669e-23,,9.424e+0,2.154e-18,4.255e-22,7.561e-18,,3.491e-25,3.029e-19,,,6.131e-4,1.098e+1,5.782e-8,1.092e-28,,3.667e-22,2.661e-6,8.124e-17,9.469e-1,,4.642e-2,2.948e+0,5.591e-12,,,,,5.813e-1,,,6.162e-19,,,,,,,,,,1.099e-2,
646.69,2.381e+1,5.056e-20,6.226e-8,1.921e-27,4.775e-18,,,1.478e-18,2.211e-20,,7.651e-16,4.595e-19,1.737e-29,9.034e-18,7.670e-18,1.044e-14,9.982e-20,4.477e-23,,9.009e+0,2.155e-18,5.481e-22,7.498e-18,,3.492e-25,3.027e-19,,,5.838e-4,1.039e+1,8.129e-8,1.092e-28,,3.669e-22,1.937e-6,8.127e-17,8.920e-1,,4.116e-2,2.954e+0,3.443e-12,,,,,5.147e-1,,,6.156e-19,,,,,,,,,,1.277e-2,
646.71,2.305e+1,5.084e-20,5.939e-8,1.806e-27,4.778e-18,,,1.478e-18,2.214e-20,,7.648e-16,4.597e-19,1.737e-29,9.034e-18,7.660e-18,1.113e-14,9.985e-20,3.120e-23,,8.729e+0,2.155e-18,6.474e-22,7.455e-18,,3.493e-25,3.026e-19,,,5.638e-4,9.989e+0,1.018e-7,1.092e-28,,3.671e-22,1.564e-6,8.129e-17,8.588e-1,,3.789e-2,2.951e+0,2.486e-12,,,,,4.735e-1,,,6.151e-19,,,,,,,,,,1.408e-2,
646.73,2.229e+1,5.113e-20,5.655e-8,1.695e-27,4.781e-18,,,1.478e-18,2.217e-20,,7.646e-16,4.600e-19,1.738e-29,9.034e-18,7.649e-18,1.183e-14,9.987e-20,2.170e-23,,8.448e+0,2.156e-18,7.632e-22,7.413e-18,,3.494e-25,3.025e-19,,,5.434e-4,9.585e+0,1.272e-7,1.092e-28,,3.672e-22,1.261e-6,8.131e-17,8.282e-1,,3.483e-2,2.943e+0,1.792e-12,,,,,4.347e-1,,,6.147e-19,,,,,,,,,,1.549e-2,
646.76,2.114e+1,5.156e-20,5.237e-8,1.537e-27,4.786e-18,,,1.478e-18,2.222e-20,,7.641e-16,4.603e-19,1.739e-29,9.033e-18,7.634e-18,1.294e-14,9.991e-20,1.255e-23,,8.027e+0,2.156e-18,9.737e-22,7.349e-18,,3.495e-25,3.024e-19,,,5.125e-4,8.980e+0,1.771e-7,1.092e-28,,3.675e-22,9.093e-7,8.133e-17,7.862e-1,,3.058e-2,2.921e+0,1.093e-12,,,,,3.812e-1,,,6.141e-19,,,,,,,,,,1.782e-2,
646.78,2.038e+1,5.184e-20,4.964e-8,1.436e-27,4.790e-18,,,1.478e-18,2.226e-20,,7.638e-16,4.605e-19,1.739e-29,9.033e-18,7.624e-18,1.370e-14,9.994e-20,8.688e-24,,7.748e+0,2.157e-18,1.143e-21,7.307e-18,,3.496e-25,3.023e-19,,,4.918e-4,8.578e+0,2.204e-7,1.092e-28,,3.677e-22,7.295e-7,8.135e-17,7.607e-1,,2.798e-2,2.900e+0,7.841e-13,,,,,3.484e-1,,,6.137e-19,,,,,,,,,,1.953e-2,
646.81,1.925e+1,5.227e-20,4.565e-8,1.293e-27,4.794e-18,,,1.478e-18,2.230e-20,,7.634e-16,4.609e-19,1.740e-29,9.033e-18,7.609e-18,1.487e-14,9.998e-20,4.988e-24,,7.334e+0,2.157e-18,1.448e-21,7.243e-18,,3.497e-25,3.021e-19,,,4.607e-4,7.981e+0,3.049e-7,1.092e-28,,3.679e-22,5.225e-7,8.138e-17,7.255e-1,,2.440e-2,2.858e+0,4.749e-13,,,,,3.034e-1,,,6.131e-19,,,,,,,,,,2.231e-2,
646.83,1.850e+1,5.256e-20,4.307e-8,1.202e-27,4.798e-18,,,1.478e-18,2.234e-20,,7.631e-16,4.611e-19,1.741e-29,9.033e-18,7.598e-18,1.567e-14,1.000e-19,3.438e-24,,7.062e+0,2.157e-18,1.692e-21,7.200e-18,,3.497e-25,3.020e-19,,,4.401e-4,7.588e+0,3.776e-7,1.092e-28,,3.681e-22,4.173e-7,8.140e-17,7.039e-1,,2.222e-2,2.824e+0,3.391e-13,,,,,2.761e-1,,,6.126e-19,,,,,,,,,,2.433e-2,
646.86,1.740e+1,5.298e-20,3.934e-8,1.075e-27,4.803e-18,,,1.478e-18,2.239e-20,,7.627e-16,4.614e-19,1.742e-29,9.033e-18,7.583e-18,1.690e-14,1.000e-19,1.960e-24,,6.663e+0,2.158e-18,2.129e-21,7.137e-18,,3.499e-25,3.018e-19,,,4.094e-4,7.012e+0,5.189e-7,1.092e-28,,3.683e-22,2.968e-7,8.142e-17,6.737e-1,,1.924e-2,2.765e+0,2.040e-13,,,,,2.388e-1,,,6.120e-19,,,,,,,,,,2.761e-2,
646.88,1.668e+1,5.327e-20,3.695e-8,9.951e-28,4.806e-18,,,1.478e-18,2.242e-20,,7.624e-16,4.617e-19,1.742e-29,9.033e-18,7.573e-18,1.773e-14,1.001e-19,1.345e-24,,6.403e+0,2.158e-18,2.476e-21,7.094e-18,,3.499e-25,3.017e-19,,,3.893e-4,6.637e+0,6.398e-7,1.092e-28,,3.685e-22,2.359e-7,8.144e-17,6.548e-1,,1.744e-2,2.720e+0,1.450e-13,,,,,2.162e-1,,,6.116e-19,,,,,,,,,,2.997e-2,
646.91,1.562e+1,5.370e-20,3.352e-8,8.835e-28,4.811e-18,,,1.478e-18,2.247e-20,,7.620e-16,4.620e-19,1.743e-29,9.033e-18,7.557e-18,1.899e-14,1.001e-19,7.614e-25,,6.024e+0,2.159e-18,3.095e-21,7.031e-18,,3.500e-25,3.016e-19,,,3.598e-4,6.091e+0,8.732e-7,1.093e-28,,3.687e-22,1.666e-7,8.147e-17,6.280e-1,,1.500e-2,2.644e+0,8.660e-14,,,,,1.857e-1,,,6.110e-19,,,,,,,,,,3.378e-2,
646.93,1.494e+1,5.398e-20,3.134e-8,8.143e-28,4.814e-18,,,1.477e-18,2.250e-20,,7.617e-16,4.622e-19,1.744e-29,9.032e-18,7.547e-18,1.983e-14,1.001e-19,5.199e-25,,5.779e+0,2.159e-18,3.583e-21,6.988e-18,,3.501e-25,3.015e-19,,,3.405e-4,5.739e+0,1.072e-6,1.093e-28,,3.689e-22,1.319e-7,8.149e-17,6.111e-1,,1.354e-2,2.589e+0,6.128e-14,,,,,1.674e-1,,,6.106e-19,,,,,,,,,,3.650e-2,
646.96,1.394e+1,5.441e-20,2.823e-8,7.180e-28,4.819e-18,,,1.477e-18,2.255e-20,,7.612e-16,4.626e-19,1.744e-29,9.032e-18,7.532e-18,2.109e-14,1.002e-19,2.923e-25,,5.424e+0,2.160e-18,4.448e-21,6.925e-18,,3.502e-25,3.013e-19,,,3.125e-4,5.230e+0,1.453e-6,1.093e-28,,3.691e-22,9.250e-8,8.151e-17,5.866e-1,,1.156e-2,2.500e+0,3.635e-14,,,,,1.428e-1,,,6.099e-19,,,,,,,,,,4.086e-2,
646.98,1.329e+1,5.470e-20,2.628e-8,6.588e-28,4.822e-18,,,1.477e-18,2.258e-20,,7.610e-16,4.628e-19,1.745e-29,9.032e-18,7.522e-18,2.193e-14,1.002e-19,1.987e-25,,5.197e+0,2.160e-18,5.126e-21,6.882e-18,,3.503e-25,3.012e-19,,,2.945e-4,4.906e+0,1.776e-6,1.093e-28,,3.693e-22,7.286e-8,8.153e-17,5.709e-1,,1.039e-2,2.437e+0,2.560e-14,,,,,1.282e-1,,,6.095e-19,,,,,,,,,,4.396e-2,
647.01,1.236e+1,5.512e-20,2.351e-8,5.769e-28,4.827e-18,,,1.477e-18,2.263e-20,,7.605e-16,4.631e-19,1.746e-29,9.032e-18,7.506e-18,2.316e-14,1.002e-19,1.110e-25,,4.869e+0,2.161e-18,6.321e-21,6.818e-18,,3.504e-25,3.010e-19,,,2.685e-4,4.440e+0,2.392e-6,1.093e-28,,3.696e-22,5.076e-8,8.156e-17,5.479e-1,,8.813e-3,2.337e+0,1.508e-14,,,,,1.086e-1,,,6.089e-19,,,,,,,,,,4.887e-2,
647.03,1.176e+1,5.541e-20,2.178e-8,5.268e-28,4.830e-18,,,1.477e-18,2.266e-20,,7.602e-16,4.634e-19,1.747e-29,9.032e-18,7.496e-18,2.397e-14,1.003e-19,,,4.660e+0,2.161e-18,7.251e-21,6.776e-18,,3.505e-25,3.009e-19,,,2.518e-4,4.146e+0,2.910e-6,1.093e-28,,3.697e-22,3.980e-8,8.158e-17,5.329e-1,,7.880e-3,2.268e+0,1.057e-14,,,,,9.701e-2,,,6.085e-19,,,,,,,,,,5.233e-2,
647.06,1.090e+1,5.584e-20,1.935e-8,4.582e-28,4.835e-18,,,1.477e-18,2.271e-20,,7.598e-16,4.637e-19,1.747e-29,9.032e-18,7.481e-18,2.515e-14,1.003e-19,,,4.361e+0,2.162e-18,8.880e-21,6.712e-18,,3.506e-25,3.008e-19,,,2.280e-4,3.727e+0,3.893e-6,1.093e-28,,3.700e-22,2.754e-8,8.160e-17,5.108e-1,,6.639e-3,2.160e+0,6.184e-15,,,,,8.162e-2,,,6.079e-19,,,,,,,,,,5.779e-2,
647.08,1.036e+1,5.612e-20,1.785e-8,4.165e-28,4.839e-18,,,1.477e-18,2.274e-20,,7.595e-16,4.639e-19,1.748e-29,9.031e-18,7.471e-18,2.591e-14,1.003e-19,,,4.170e+0,2.162e-18,1.014e-20,6.670e-18,,3.507e-25,3.007e-19,,,2.129e-4,3.464e+0,4.715e-6,1.093e-28,,3.701e-22,2.149e-8,8.162e-17,4.964e-1,,5.909e-3,2.086e+0,4.315e-15,,,,,7.258e-2,,,6.074e-19,,,,,,,,,,6.160e-2,
647.1,9.829e+0,5.641e-20,1.643e-8,3.780e-28,4.842e-18,,,1.477e-18,2.278e-20,,7.592e-16,4.642e-19,1.749e-29,9.031e-18,7.460e-18,2.664e-14,1.004e-19,,,3.988e+0,2.162e-18,1.156e-20,6.627e-18,,3.508e-25,3.006e-19,,,1.984e-4,3.213e+0,5.701e-6,1.093e-28,,3.703e-22,1.674e-8,8.164e-17,4.820e-1,,5.249e-3,2.011e+0,3.006e-15,,,,,6.442e-2,,,6.070e-19,,,,,,,,,,6.553e-2,
647.13,9.075e+0,5.684e-20,1.446e-8,3.256e-28,4.847e-18,,,1.477e-18,2.283e-20,,7.588e-16,4.645e-19,1.749e-29,9.031e-18,7.445e-18,2.769e-14,1.004e-19,,,3.727e+0,2.163e-18,1.402e-20,6.564e-18,,3.509e-25,3.004e-19,,,1.779e-4,2.861e+0,7.555e-6,1.093e-28,,3.705e-22,1.147e-8,8.167e-17,4.608e-1,,4.381e-3,1.897e+0,1.741e-15,,,,,5.368e-2,,,6.064e-19,,,,,,,,,,7.168e-2,
647.15,8.598e+0,5.712e-20,1.325e-8,2.941e-28,4.850e-18,,,1.477e-18,2.286e-20,,7.585e-16,4.647e-19,1.750e-29,9.031e-18,7.435e-18,2.834e-14,1.004e-19,,,3.562e+0,2.163e-18,1.591e-20,6.521e-18,,3.509e-25,3.003e-19,,,1.651e-4,2.642e+0,9.094e-6,1.093e-28,,3.707e-22,8.896e-9,8.168e-17,4.468e-1,,3.874e-3,1.821e+0,1.207e-15,,,,,4.743e-2,,,6.060e-19,,,,,,,,,,7.591e-2,
647.18,7.920e+0,5.755e-20,1.158e-8,2.516e-28,4.855e-18,,,1.477e-18,2.291e-20,,7.581e-16,4.651e-19,1.751e-29,9.031e-18,7.420e-18,2.925e-14,1.005e-19,,,3.328e+0,2.164e-18,1.917e-20,6.458e-18,,3.511e-25,3.001e-19,,,1.470e-4,2.336e+0,1.197e-5,1.093e-28,,3.710e-22,6.054e-9,8.171e-17,4.262e-1,,3.210e-3,1.706e+0,6.946e-16,,,,,3.925e-2,,,6.054e-19,,,,,,,,,,8.246e-2,
647.2,7.493e+0,5.784e-20,1.056e-8,2.262e-28,4.858e-18,,,1.477e-18,2.294e-20,,7.578e-16,4.653e-19,1.751e-29,9.031e-18,7.409e-18,2.981e-14,1.005e-19,,,3.180e+0,2.164e-18,2.166e-20,6.415e-18,,3.511e-25,3.000e-19,,,1.358e-4,2.147e+0,1.435e-5,1.093e-28,,3.711e-22,4.673e-9,8.173e-17,4.126e-1,,2.826e-3,1.629e+0,4.794e-16,,,,,3.452e-2,,,6.050e-19,,,,,,,,,,8.694e-2,
647.23,6.889e+0,5.826e-20,9.169e-9,1.922e-28,4.863e-18,,,1.477e-18,2.299e-20,,7.574e-16,4.656e-19,1.752e-29,9.030e-18,7.394e-18,3.056e-14,1.005e-19,,,2.969e+0,2.165e-18,2.591e-20,6.351e-18,,3.512e-25,2.999e-19,,,1.201e-4,1.886e+0,1.876e-5,1.093e-28,,3.714e-22,3.158e-9,8.176e-17,3.928e-1,,2.326e-3,1.516e+0,2.739e-16,,,,,2.838e-2,,,6.043e-19,,,,,,,,,,9.380e-2,
647.25,6.509e+0,5.855e-20,8.324e-9,1.720e-28,4.866e-18,,,1.477e-18,2.302e-20,,7.571e-16,4.659e-19,1.753e-29,9.030e-18,7.384e-18,3.099e-14,1.006e-19,,,2.836e+0,2.165e-18,2.914e-20,6.309e-18,,3.513e-25,2.998e-19,,,1.104e-4,1.725e+0,2.238e-5,1.093e-28,,3.715e-22,2.426e-9,8.177e-17,3.799e-1,,2.038e-3,1.442e+0,1.882e-16,,,,,2.484e-2,,,6.039e-19,,,,,,,,,,9.844e-2,
647.28,5.974e+0,5.898e-20,7.177e-9,1.452e-28,4.871e-18,,,1.477e-18,2.307e-20,,7.566e-16,4.662e-19,1.754e-29,9.030e-18,7.369e-18,3.155e-14,1.006e-19,,,2.648e+0,2.166e-18,3.463e-20,6.245e-18,,3.514e-25,2.996e-19,,,9.703e-5,1.505e+0,2.908e-5,1.093e-28,,3.718e-22,1.628e-9,8.180e-17,3.611e-1,,1.666e-3,1.332e+0,1.068e-16,,,,,2.028e-2,,,6.033e-19,,,,,,,,,,1.055e-1,
647.3,5.639e+0,5.926e-20,6.486e-9,1.293e-28,4.875e-18,,,1.477e-18,2.310e-20,,7.563e-16,4.664e-19,1.754e-29,9.030e-18,7.358e-18,3.186e-14,1.006e-19,,,2.529e+0,2.166e-18,3.876e-20,6.203e-18,,3.515e-25,2.995e-19,,,8.881e-5,1.371e+0,3.454e-5,1.093e-28,,3.719e-22,1.245e-9,8.182e-17,3.491e-1,,1.453e-3,1.261e+0,7.300e-17,,,,,1.767e-2,,,6.029e-19,,,,,,,,,,1.102e-1,
647.33,5.169e+0,5.969e-20,5.554e-9,1.084e-28,4.879e-18,,,1.477e-18,2.315e-20,,7.559e-16,4.668e-19,1.755e-29,9.030e-18,7.343e-18,3.222e-14,1.007e-19,,,2.360e+0,2.167e-18,4.575e-20,6.139e-18,,3.516e-25,2.994e-19,,,7.750e-5,1.187e+0,4.457e-5,1.093e-28,,3.722e-22,8.301e-10,8.184e-17,3.318e-1,,1.180e-3,1.158e+0,4.113e-17,,,,,1.433e-2,,,6.023e-19,,,,,,,,,,1.173e-1,
647.35,4.876e+0,5.998e-20,4.996e-9,9.611e-29,4.883e-18,,,1.477e-18,2.318e-20,,7.556e-16,4.670e-19,1.756e-29,9.030e-18,7.333e-18,3.238e-14,1.007e-19,,,2.253e+0,2.167e-18,5.098e-20,6.097e-18,,3.517e-25,2.993e-19,,,7.061e-5,1.076e+0,5.271e-5,1.093e-28,,3.724e-22,6.320e-10,8.186e-17,3.210e-1,,1.024e-3,1.091e+0,2.800e-17,,,,,1.243e-2,,,6.018e-19,,,,,,,,,,1.220e-1,
647.38,4.466e+0,6.040e-20,4.249e-9,7.999e-29,4.888e-18,,,1.476e-18,2.323e-20,,7.552e-16,4.673e-19,1.757e-29,9.029e-18,7.317e-18,3.252e-14,1.007e-19,,,2.100e+0,2.168e-18,5.977e-20,6.033e-18,,3.518e-25,2.991e-19,,,6.119e-5,9.261e-1,6.757e-5,1.093e-28,,3.726e-22,4.183e-10,8.189e-17,3.057e-1,,8.259e-4,9.943e-1,1.567e-17,,,,,1.001e-2,,,6.012e-19,,,,,,,,,,1.289e-1,
647.4,4.211e+0,6.069e-20,3.805e-9,7.061e-29,4.891e-18,,,1.476e-18,2.326e-20,,7.549e-16,4.675e-19,1.757e-29,9.029e-18,7.307e-18,3.254e-14,1.008e-19,,,2.004e+0,2.168e-18,6.630e-20,5.991e-18,,3.519e-25,2.990e-19,,,5.550e-5,8.358e-1,7.956e-5,1.093e-28,,3.728e-22,3.170e-10,8.191e-17,2.962e-1,,7.138e-4,9.326e-1,1.457e-17,,,,,8.640e-3,,,6.008e-19,,,,,,,,,,1.335e-1,
647.43,3.856e+0,6.112e-20,3.214e-9,5.837e-29,4.896e-18,,,1.476e-18,2.331e-20,,7.545e-16,4.679e-19,1.758e-29,9.029e-18,7.292e-18,3.245e-14,1.008e-19,,,1.867e+0,2.168e-18,7.719e-20,5.927e-18,,3.520e-25,2.988e-19,,,4.777e-5,7.141e-1,1.013e-4,1.094e-28,,3.730e-22,2.084e-10,8.193e-17,2.833e-1,,5.716e-4,8.443e-1,1.293e-17,,,,,6.908e-3,,,6.002e-19,,,,,,,,,,1.401e-1,
647.45,3.636e+0,6.140e-20,2.865e-9,5.129e-29,4.899e-18,,,1.476e-18,2.335e-20,,7.542e-16,4.681e-19,1.759e-29,9.029e-18,7.282e-18,3.232e-14,1.008e-19,,,1.779e+0,2.169e-18,8.524e-20,5.884e-18,,3.521e-25,2.987e-19,,,4.313e-5,6.415e-1,1.188e-4,1.094e-28,,3.732e-22,1.572e-10,8.195e-17,2.756e-1,,4.917e-4,7.883e-1,1.183e-17,,,,,5.938e-3,,,5.998e-19,,,,,,,,,,1.444e-1,
647.47,3.429e+0,6.169e-20,2.549e-9,4.499e-29,4.902e-18,,,1.476e-18,2.338e-20,,7.539e-16,4.683e-19,1.759e-29,9.029e-18,7.272e-18,3.213e-14,1.009e-19,,,1.696e+0,2.169e-18,9.395e-20,5.842e-18,,3.521e-25,2.986e-19,,,3.887e-5,5.753e-1,1.390e-4,1.094e-28,,3.733e-22,1.184e-10,8.197e-17,2.687e-1,,4.223e-4,7.347e-1,1.074e-17,,,,,5.095e-3,,,5.993e-19,,,,,,,,,,1.485e-1,
647.5,3.140e+0,6.212e-20,2.132e-9,3.683e-29,4.907e-18,,,1.476e-18,2.343e-20,,7.535e-16,4.687e-19,1.760e-29,9.029e-18,7.256e-18,3.174e-14,1.009e-19,,,1.576e+0,2.170e-18,1.083e-19,5.778e-18,,3.523e-25,2.985e-19,,,3.314e-5,4.868e-1,1.754e-4,1.094e-28,,3.736e-22,7.706e-11,8.200e-17,2.599e-1,,3.349e-4,6.587e-1,9.095e-18,,,,,4.035e-3,,,5.987e-19,,,,,,,,,,1.544e-1,
647.52,2.963e+0,6.240e-20,1.889e-9,3.216e-29,4.911e-18,,,1.476e-18,2.346e-20,,7.532e-16,4.689e-19,1.761e-29,9.029e-18,7.246e-18,3.142e-14,1.009e-19,,,1.500e+0,2.170e-18,1.189e-19,5.736e-18,,3.523e-25,2.984e-19,,,2.973e-5,4.346e-1,2.044e-4,1.094e-28,,3.738e-22,5.775e-11,8.202e-17,2.551e-1,,2.863e-4,6.111e-1,8.000e-18,,,,,3.446e-3,,,5.983e-19,,,,,,,,,,1.581e-1,
647.55,2.717e+0,6.283e-20,1.569e-9,2.615e-29,4.915e-18,,,1.476e-18,2.351e-20,,7.527e-16,4.692e-19,1.762e-29,9.028e-18,7.231e-18,3.082e-14,1.010e-19,,,1.392e+0,2.171e-18,1.362e-19,5.672e-18,,3.524e-25,2.982e-19,,,2.518e-5,3.652e-1,2.562e-4,1.094e-28,,3.740e-22,3.734e-11,8.204e-17,2.497e-1,,2.255e-4,5.442e-1,6.357e-18,,,,,2.710e-3,,,5.977e-19,,,,,,,,,,1.633e-1,
647.57,2.566e+0,6.312e-20,1.383e-9,2.273e-29,4.919e-18,,,1.476e-18,2.354e-20,,7.525e-16,4.695e-19,1.762e-29,9.028e-18,7.220e-18,3.037e-14,1.010e-19,,,1.323e+0,2.171e-18,1.487e-19,5.630e-18,,3.525e-25,2.981e-19,,,2.248e-5,3.245e-1,2.972e-4,1.094e-28,,3.742e-22,2.786e-11,8.206e-17,2.473e-1,,1.919e-4,5.026e-1,5.262e-18,,,,,2.304e-3,,,5.973e-19,,,,,,,,,,1.664e-1,
647.6,2.358e+0,6.354e-20,1.141e-9,1.835e-29,4.924e-18,,,1.476e-18,2.359e-20,,7.520e-16,4.698e-19,1.763e-29,9.028e-18,7.205e-18,2.959e-14,1.010e-19,,,1.224e+0,2.172e-18,1.692e-19,5.566e-18,,3.526e-25,2.979e-19,,,1.891e-5,2.709e-1,3.701e-4,1.094e-28,,3.744e-22,1.789e-11,8.209e-17,2.455e-1,,1.501e-4,4.445e-1,3.619e-18,,,,,1.800e-3,,,5.966e-19,,,,,,,,,,1.707e-1,
647.62,2.231e+0,6.383e-20,1.002e-9,1.588e-29,4.927e-18,,,1.476e-18,2.362e-20,,7.517e-16,4.700e-19,1.764e-29,9.028e-18,7.195e-18,2.902e-14,1.011e-19,,,1.162e+0,2.172e-18,1.840e-19,5.524e-18,,3.527e-25,2.978e-19,,,1.681e-5,2.396e-1,4.275e-4,1.094e-28,,3.746e-22,1.328e-11,8.211e-17,2.457e-1,,1.271e-4,4.086e-1,5.316e-18,,,,,1.524e-3,,,5.962e-19,,,,,,,,,,1.732e-1,
647.65,2.056e+0,6.426e-20,8.208e-10,1.273e-29,4.932e-18,,,1.476e-18,2.367e-20,,7.513e-16,4.704e-19,1.765e-29,9.028e-18,7.180e-18,2.809e-14,1.011e-19,,,1.073e+0,2.173e-18,2.079e-19,5.460e-18,,3.528e-25,2.977e-19,,,1.404e-5,1.986e-1,5.290e-4,1.094e-28,,3.748e-22,8.471e-12,8.213e-17,2.479e-1,,9.875e-5,3.589e-1,9.430e-18,,,,,1.182e-3,,,5.956e-19,,,,,,,,,,1.764e-1,
647.67,1.950e+0,6.454e-20,7.171e-10,1.097e-29,4.935e-18,,,1.476e-18,2.370e-20,,7.510e-16,4.706e-19,1.765e-29,9.028e-18,7.169e-18,2.742e-14,1.011e-19,,,1.016e+0,2.173e-18,2.250e-19,5.418e-18,,3.529e-25,2.976e-19,,,1.243e-5,1.749e-1,6.083e-4,1.094e-28,,3.750e-22,6.261e-12,8.215e-17,2.507e-1,,8.326e-5,3.284e-1,1.379e-17,,,,,9.963e-4,,,5.952e-19,,,,,,,,,,1.782e-1,
647.7,1.806e+0,6.497e-20,5.835e-10,8.733e-30,4.940e-18,,,1.476e-18,2.375e-20,,7.506e-16,4.709e-19,1.766e-29,9.027e-18,7.154e-18,2.635e-14,1.012e-19,,,9.365e-1,2.173e-18,2.525e-19,5.354e-18,,3.530e-25,2.974e-19,,,1.031e-5,1.440e-1,7.479e-4,1.094e-28,,3.752e-22,3.965e-12,8.218e-17,2.570e-1,,6.424e-5,2.865e-1,2.430e-17,,,,,7.683e-4,,,5.946e-19,,,,,,,,,,1.803e-1,
647.72,1.719e+0,6.526e-20,5.075e-10,7.487e-30,4.943e-18,,,1.476e-18,2.378e-20,,7.503e-16,4.712e-19,1.767e-29,9.027e-18,7.144e-18,2.561e-14,1.012e-19,,,8.862e-1,2.174e-18,2.720e-19,5.311e-18,,3.531e-25,2.973e-19,,,9.082e-6,1.262e-1,8.564e-4,1.094e-28,,3.754e-22,2.918e-12,8.219e-17,2.625e-1,,5.391e-5,2.610e-1,3.537e-17,,,,,6.449e-4,,,5.941e-19,,,,,,,,,,1.813e-1,
647.75,1.601e+0,6.568e-20,4.102e-10,5.922e-30,4.948e-18,,,1.476e-18,2.383e-20,,7.499e-16,4.715e-19,1.768e-29,9.027e-18,7.129e-18,2.445e-14,1.012e-19,,,8.152e-1,2.174e-18,3.032e-19,5.248e-18,,3.532e-25,2.971e-19,,,7.484e-6,1.032e-1,1.046e-3,1.094e-28,,3.757e-22,1.835e-12,8.222e-17,2.729e-1,,4.131e-5,2.261e-1,6.191e-17,,,,,4.946e-4,,,5.935e-19,,,,,,,,,,1.822e-1,
647.77,1.531e+0,6.597e-20,3.551e-10,5.054e-30,4.951e-18,,,1.476e-18,2.387e-20,,7.496e-16,4.717e-19,1.768e-29,9.027e-18,7.118e-18,2.365e-14,1.013e-19,,,7.708e-1,2.175e-18,3.252e-19,5.205e-18,,3.533e-25,2.970e-19,,,6.563e-6,9.001e-2,1.193e-3,1.094e-28,,3.758e-22,1.344e-12,8.224e-17,2.811e-1,,3.451e-5,2.050e-1,8.971e-17,,,,,4.139e-4,,,5.931e-19,,,,,,,,,,1.823e-1,
647.8,1.438e+0,6.640e-20,2.850e-10,3.970e-30,4.956e-18,,,1.475e-18,2.391e-20,,7.491e-16,4.721e-19,1.769e-29,9.027e-18,7.103e-18,2.243e-14,1.013e-19,,,7.089e-1,2.175e-18,3.600e-19,5.142e-18,,3.534e-25,2.969e-19,,,5.371e-6,7.309e-2,1.447e-3,1.094e-28,,3.761e-22,8.395e-13,8.227e-17,2.955e-1,,2.626e-5,1.764e-1,1.560e-16,,,,,3.166e-4,,,5.925e-19,,,,,,,,,,1.820e-1,
647.82,1.383e+0,6.668e-20,2.456e-10,3.372e-30,4.960e-18,,,1.475e-18,2.395e-20,,7.489e-16,4.723e-19,1.770e-29,9.027e-18,7.093e-18,2.159e-14,1.013e-19,,,6.706e-1,2.176e-18,3.844e-19,5.099e-18,,3.535e-25,2.968e-19,,,4.689e-6,6.348e-2,1.643e-3,1.094e-28,,3.762e-22,6.120e-13,8.228e-17,3.064e-1,,2.184e-5,1.592e-1,2.250e-16,,,,,2.649e-4,,,5.921e-19,,,,,,,,,,1.813e-1,
647.85,1.312e+0,6.711e-20,1.958e-10,2.631e-30,4.964e-18,,,1.475e-18,2.400e-20,,7.484e-16,4.726e-19,1.770e-29,9.026e-18,7.077e-18,2.034e-14,1.014e-19,,,6.179e-1,2.176e-18,4.226e-19,5.035e-18,,3.536e-25,2.966e-19,,,3.811e-6,5.119e-2,1.982e-3,1.094e-28,,3.765e-22,3.796e-13,8.231e-17,3.245e-1,,1.651e-5,1.361e-1,3.885e-16,,,,,2.034e-4,,,5.914e-19,,,,,,,,,,1.797e-1,
647.87,1.271e+0,6.740e-20,1.679e-10,2.225e-30,4.968e-18,,,1.475e-18,2.403e-20,,7.481e-16,4.729e-19,1.771e-29,9.026e-18,7.067e-18,1.949e-14,1.014e-19,,,5.859e-1,2.177e-18,4.492e-19,4.993e-18,,3.536e-25,2.965e-19,,,3.312e-6,4.426e-2,2.240e-3,1.094e-28,,3.766e-22,2.755e-13,8.233e-17,3.379e-1,,1.366e-5,1.223e-1,5.579e-16,,,,,1.713e-4,,,5.910e-19,,,,,,,,,,1.782e-1,
647.89,1.236e+0,6.768e-20,1.438e-10,1.878e-30,4.971e-18,,,1.475e-18,2.406e-20,,7.479e-16,4.731e-19,1.772e-29,9.026e-18,7.057e-18,1.865e-14,1.014e-19,,,5.565e-1,2.177e-18,4.765e-19,4.951e-18,,3.537e-25,2.964e-19,,,2.873e-6,3.819e-2,2.528e-3,1.094e-28,,3.768e-22,1.996e-13,8.235e-17,3.521e-1,,1.129e-5,1.097e-1,7.998e-16,,,,,1.453e-4,,,5.906e-19,,,,,,,,,,1.764e-1,
647.92,1.192e+0,6.811e-20,1.135e-10,1.451e-30,4.976e-18,,,1.475e-18,2.411e-20,,7.474e-16,4.734e-19,1.773e-29,9.026e-18,7.042e-18,1.740e-14,1.015e-19,,,5.175e-1,2.178e-18,5.189e-19,4.887e-18,,3.538e-25,2.962e-19,,,2.313e-6,3.050e-2,3.022e-3,1.095e-28,,3.771e-22,1.226e-13,8.237e-17,3.750e-1,,8.451e-6,9.282e-2,1.368e-15,,,,,1.157e-4,,,5.900e-19,,,,,,,,,,1.732e-1,
647.94,1.169e+0,6.840e-20,9.677e-11,1.219e-30,4.979e-18,,,1.475e-18,2.414e-20,,7.471e-16,4.737e-19,1.773e-29,9.026e-18,7.032e-18,1.657e-14,1.015e-19,,,4.949e-1,2.178e-18,5.480e-19,4.844e-18,,3.539e-25,2.961e-19,,,1.997e-6,2.620e-2,3.396e-3,1.095e-28,,3.772e-22,8.839e-14,8.239e-17,3.913e-1,,6.951e-6,8.287e-2,1.952e-15,,,,,1.014e-4,,,5.896e-19,,,,,,,,,,1.707e-1,
647.97,1.144e+0,6.882e-20,7.588e-11,9.355e-31,4.984e-18,,,1.475e-18,2.419e-20,,7.467e-16,4.740e-19,1.774e-29,9.026e-18,7.016e-18,1.535e-14,1.015e-19,,,4.663e-1,2.178e-18,5.928e-19,4.781e-18,,3.540e-25,2.960e-19,,,1.597e-6,2.079e-2,4.033e-3,1.095e-28,,3.775e-22,5.393e-14,8.242e-17,4.170e-1,,5.167e-6,6.966e-2,3.317e-15,,,,,8.696e-5,,,5.890e-19,,,,,,,,,,1.664e-1,
647.99,1.133e+0,6.911e-20,6.438e-11,7.824e-31,4.987e-18,,,1.475e-18,2.422e-20,,7.464e-16,4.742e-19,1.775e-29,9.026e-18,7.006e-18,1.455e-14,1.016e-19,,,4.509e-1,2.179e-18,6.232e-19,4.738e-18,,3.541e-25,2.959e-19,,,1.373e-6,1.777e-2,4.514e-3,1.095e-28,,3.776e-22,3.871e-14,8.244e-17,4.350e-1,,4.231e-6,6.191e-2,4.713e-15,,,,,8.152e-5,,,5.885e-19,,,,,,,,,,1.633e-1,
648.02,1.126e+0,6.954e-20,5.014e-11,5.963e-31,4.992e-18,,,1.475e-18,2.427e-20,,7.460e-16,4.746e-19,1.775e-29,9.025e-18,6.991e-18,1.339e-14,1.016e-19,,,4.335e-1,2.179e-18,6.695e-19,4.675e-18,,3.542e-25,2.957e-19,,,1.090e-6,1.400e-2,5.328e-3,1.095e-28,,3.779e-22,2.345e-14,8.246e-17,4.629e-1,,3.124e-6,5.169e-2,7.954e-15,,,,,7.914e-5,,,5.879e-19,,,,,,,,,,1.581e-1,
648.04,1.126e+0,6.982e-20,4.234e-11,4.964e-31,4.995e-18,,,1.475e-18,2.430e-20,,7.457e-16,4.748e-19,1.776e-29,9.025e-18,6.980e-18,1.264e-14,1.016e-19,,,4.259e-1,2.180e-18,7.006e-19,4.632e-18,,3.543e-25,2.956e-19,,,9.328e-7,1.192e-2,5.937e-3,1.095e-28,,3.780e-22,1.675e-14,8.248e-17,4.821e-1,,2.546e-6,4.572e-2,1.125e-14,,,,,8.129e-5,,,5.875e-19,,,,,,,,,,1.544e-1,
648.07,1.135e+0,7.025e-20,3.275e-11,3.758e-31,5.000e-18,,,1.475e-18,2.435e-20,,7.453e-16,4.751e-19,1.777e-29,9.025e-18,6.965e-18,1.155e-14,1.017e-19,,,4.207e-1,2.180e-18,7.475e-19,4.568e-18,,3.544e-25,2.954e-19,,,7.358e-7,9.325e-3,6.964e-3,1.095e-28,,3.783e-22,1.008e-14,8.251e-17,5.115e-1,,1.867e-6,3.791e-2,1.886e-14,,,,,9.018e-5,,,5.869e-19,,,,,,,,,,1.485e-1,
648.09,1.147e+0,7.054e-20,2.753e-11,3.114e-31,5.004e-18,,,1.475e-18,2.439e-20,,7.450e-16,4.754e-19,1.777e-29,9.025e-18,6.955e-18,1.085e-14,1.017e-19,,,4.216e-1,2.181e-18,7.788e-19,4.526e-18,,3.545e-25,2.953e-19,,,6.267e-7,7.901e-3,7.729e-3,1.095e-28,,3.785e-22,7.169e-15,8.253e-17,5.314e-1,,1.514e-6,3.339e-2,2.655e-14,,,,,1.001e-4,,,5.865e-19,,,,,,,,,,1.444e-1,
648.12,1.172e+0,7.096e-20,2.115e-11,2.341e-31,5.009e-18,,,1.475e-18,2.443e-20,,7.445e-16,4.757e-19,1.778e-29,9.025e-18,6.940e-18,9.846e-15,1.017e-19,,,4.297e-1,2.181e-18,8.252e-19,4.462e-18,,3.546e-25,2.952e-19,,,4.910e-7,6.140e-3,9.009e-3,1.095e-28,,3.787e-22,4.284e-15,8.255e-17,5.615e-1,,1.103e-6,2.749e-2,4.420e-14,,,,,1.216e-4,,,5.858e-19,,,,,,,,,,1.379e-1,
648.14,1.194e+0,7.125e-20,1.770e-11,1.931e-31,5.012e-18,,,1.475e-18,2.447e-20,,7.443e-16,4.759e-19,1.779e-29,9.025e-18,6.929e-18,9.208e-15,1.018e-19,,,4.399e-1,2.182e-18,8.558e-19,4.420e-18,,3.547e-25,2.951e-19,,,4.163e-7,5.178e-3,9.958e-3,1.095e-28,,3.789e-22,3.033e-15,8.257e-17,5.815e-1,,8.905e-7,2.410e-2,6.195e-14,,,,,1.409e-4,,,5.854e-19,,,,,,,,,,1.335e-1,
648.17,1.236e+0,7.168e-20,1.350e-11,1.442e-31,5.017e-18,,,1.475e-18,2.452e-20,,7.438e-16,4.763e-19,1.780e-29,9.024e-18,6.914e-18,8.300e-15,1.018e-19,,,4.626e-1,2.182e-18,9.008e-19,4.356e-18,,3.548e-25,2.949e-19,,,3.239e-7,3.996e-3,1.154e-2,1.095e-28,,3.791e-22,1.800e-15,8.260e-17,6.113e-1,,6.440e-7,1.971e-2,1.025e-13,,,,,1.786e-4,,,5.848e-19,,,,,,,,,,1.266e-1,
648.19,1.269e+0,7.196e-20,1.125e-11,1.184e-31,5.020e-18,,,1.475e-18,2.455e-20,,7.435e-16,4.765e-19,1.780e-29,9.024e-18,6.904e-18,7.727e-15,1.018e-19,,,4.830e-1,2.182e-18,9.299e-19,4.314e-18,,3.548e-25,2.948e-19,,,2.734e-7,3.355e-3,1.270e-2,1.095e-28,,3.793e-22,1.268e-15,8.262e-17,6.309e-1,,5.177e-7,1.720e-2,1.430e-13,,,,,2.106e-4,,,5.844e-19,,,,,,,,,,1.220e-1,
648.22,1.328e+0,7.239e-20,8.521e-12,8.778e-32,5.025e-18,,,1.474e-18,2.460e-20,,7.431e-16,4.768e-19,1.781e-29,9.024e-18,6.889e-18,6.917e-15,1.019e-19,,,5.219e-1,2.183e-18,9.721e-19,4.250e-18,,3.550e-25,2.947e-19,,,2.113e-7,2.572e-3,1.462e-2,1.095e-28,,3.795e-22,7.475e-16,8.264e-17,6.596e-1,,3.718e-7,1.397e-2,2.348e-13,,,,,2.707e-4,,,5.838e-19,,,,,,,,,,1.149e-1,
648.24,1.373e+0,7.268e-20,7.066e-12,7.175e-32,5.028e-18,,,1.474e-18,2.463e-20,,7.428e-16,4.771e-19,1.782e-29,9.024e-18,6.878e-18,6.411e-15,1.019e-19,,,5.536e-1,2.183e-18,9.990e-19,4.208e-18,,3.550e-25,2.945e-19,,,1.775e-7,2.149e-3,1.603e-2,1.095e-28,,3.797e-22,5.243e-16,8.266e-17,6.781e-1,,2.975e-7,1.214e-2,3.262e-13,,,,,3.203e-4,,,5.833e-19,,,,,,,,,,1.102e-1,
648.26,1.422e+0,7.296e-20,5.848e-12,5.854e-32,5.031e-18,,,1.474e-18,2.466e-20,,7.425e-16,4.773e-19,1.782e-29,9.024e-18,6.868e-18,5.930e-15,1.019e-19,,,5.902e-1,2.184e-18,1.025e-18,4.165e-18,,3.551e-25,2.944e-19,,,1.489e-7,1.793e-3,1.754e-2,1.095e-28,,3.799e-22,3.670e-16,8.268e-17,6.959e-1,,2.377e-7,1.052e-2,4.523e-13,,,,,3.791e-4,,,5.829e-19,,,,,,,,,,1.055e-1,
648.29,1.505e+0,7.339e-20,4.389e-12,4.299e-32,5.036e-18,,,1.474e-18,2.471e-20,,7.421e-16,4.776e-19,1.783e-29,9.024e-18,6.853e-18,5.258e-15,1.020e-19,,,6.545e-1,2.184e-18,1.061e-18,4.102e-18,,3.552e-25,2.943e-19,,,1.140e-7,1.361e-3,2.003e-2,1.095e-28,,3.801e-22,2.142e-16,8.271e-17,7.214e-1,,1.691e-7,8.467e-3,7.360e-13,,,,,4.874e-4,,,5.823e-19,,,,,,,,,,9.844e-2,
648.31,1.566e+0,7.368e-20,3.616e-12,3.491e-32,5.040e-18,,,1.474e-18,2.474e-20,,7.418e-16,4.778e-19,1.784e-29,9.024e-18,6.843e-18,4.842e-15,1.020e-19,,,7.040e-1,2.185e-18,1.083e-18,4.059e-18,,3.553e-25,2.942e-19,,,9.516e-8,1.130e-3,2.183e-2,1.095e-28,,3.803e-22,1.493e-16,8.272e-17,7.374e-1,,1.344e-7,7.308e-3,1.016e-12,,,,,5.755e-4,,,5.819e-19,,,,,,,,,,9.380e-2,
648.34,1.667e+0,7.410e-20,2.695e-12,2.546e-32,5.044e-18,,,1.474e-18,2.479e-20,,7.414e-16,4.782e-19,1.785e-29,9.023e-18,6.827e-18,4.264e-15,1.020e-19,,,7.887e-1,2.185e-18,1.114e-18,3.995e-18,,3.554e-25,2.940e-19,,,7.234e-8,8.520e-4,2.478e-2,1.095e-28,,3.805e-22,8.654e-17,8.275e-17,7.596e-1,,9.496e-8,5.841e-3,1.642e-12,,,,,7.364e-4,,,5.813e-19,,,,,,,,,,8.694e-2,
648.36,1.742e+0,7.439e-20,2.210e-12,2.059e-32,5.048e-18,,,1.474e-18,2.483e-20,,7.411e-16,4.784e-19,1.785e-29,9.023e-18,6.817e-18,3.909e-15,1.020e-19,,,8.524e-1,2.186e-18,1.133e-18,3.953e-18,,3.555e-25,2.939e-19,,,6.012e-8,7.042e-4,2.690e-2,1.095e-28,,3.807e-22,6.003e-17,8.277e-17,7.731e-1,,7.515e-8,5.019e-3,2.256e-12,,,,,8.663e-4,,,5.808e-19,,,,,,,,,,8.246e-2,
648.39,1.862e+0,7.482e-20,1.636e-12,1.491e-32,5.053e-18,,,1.474e-18,2.487e-20,,7.407e-16,4.787e-19,1.786e-29,9.023e-18,6.802e-18,3.419e-15,1.021e-19,,,9.593e-1,2.186e-18,1.157e-18,3.889e-18,,3.556e-25,2.938e-19,,,4.540e-8,5.273e-4,3.035e-2,1.095e-28,,3.809e-22,3.456e-17,8.280e-17,7.912e-1,,5.273e-8,3.986e-3,3.622e-12,,,,,1.102e-3,,,5.802e-19,,,,,,,,,,7.591e-2,
648.41,1.950e+0,7.510e-20,1.335e-12,1.200e-32,5.056e-18,,,1.474e-18,2.491e-20,,7.404e-16,4.790e-19,1.787e-29,9.023e-18,6.792e-18,3.119e-15,1.021e-19,,,1.038e+0,2.187e-18,1.171e-18,3.847e-18,,3.557e-25,2.937e-19,,,3.756e-8,4.339e-4,3.282e-2,1.095e-28,,3.811e-22,2.386e-17,8.281e-17,8.018e-1,,4.154e-8,3.411e-3,4.955e-12,,,,,1.291e-3,,,5.798e-19,,,,,,,,,,7.168e-2,
648.44,2.092e+0,7.553e-20,9.817e-13,8.633e-33,5.061e-18,,,1.474e-18,2.496e-20,,7.399e-16,4.793e-19,1.788e-29,9.023e-18,6.776e-18,2.710e-15,1.022e-19,,,1.169e+0,2.187e-18,1.187e-18,3.783e-18,,3.558e-25,2.935e-19,,,2.817e-8,3.227e-4,3.681e-2,1.096e-28,,3.813e-22,1.364e-17,8.284e-17,8.152e-1,,2.895e-8,2.693e-3,7.901e-12,,,,,1.631e-3,,,5.792e-19,,,,,,,,,,6.553e-2,
648.46,2.193e+0,7.582e-20,7.978e-13,6.915e-33,5.064e-18,,,1.474e-18,2.499e-20,,7.396e-16,4.795e-19,1.788e-29,9.023e-18,6.766e-18,2.461e-15,1.022e-19,,,1.265e+0,2.187e-18,1.196e-18,3.741e-18,,3.559e-25,2.934e-19,,,2.320e-8,2.643e-4,3.965e-2,1.096e-28,,3.815e-22,9.377e-18,8.286e-17,8.224e-1,,2.270e-8,2.296e-3,1.076e-11,,,,,1.902e-3,,,5.788e-19,,,,,,,,,,6.160e-2,
648.49,2.356e+0,7.624e-20,5.824e-13,4.941e-33,5.069e-18,,,1.474e-18,2.504e-20,,7.392e-16,4.799e-19,1.789e-29,9.022e-18,6.751e-18,2.123e-15,1.022e-19,,,1.421e+0,2.188e-18,1.205e-18,3.677e-18,,3.560e-25,2.932e-19,,,1.728e-8,1.952e-4,4.421e-2,1.096e-28,,3.817e-22,5.324e-18,8.289e-17,8.306e-1,,1.571e-8,1.805e-3,1.704e-11,,,,,2.388e-3,,,5.781e-19,,,,,,,,,,5.593e-2,
648.51,2.473e+0,7.653e-20,4.711e-13,3.940e-33,5.072e-18,,,1.474e-18,2.507e-20,,7.389e-16,4.801e-19,1.790e-29,9.022e-18,6.740e-18,1.920e-15,1.022e-19,,,1.534e+0,2.188e-18,1.208e-18,3.635e-18,,3.560e-25,2.931e-19,,,1.416e-8,1.591e-4,4.744e-2,1.096e-28,,3.819e-22,3.642e-18,8.290e-17,8.343e-1,,1.226e-8,1.536e-3,2.310e-11,,,,,2.772e-3,,,5.777e-19,,,,,,,,,,5.233e-2,
648.54,2.659e+0,7.696e-20,3.416e-13,2.795e-33,5.077e-18,,,1.474e-18,2.512e-20,,7.385e-16,4.804e-19,1.791e-29,9.022e-18,6.725e-18,1.645e-15,1.023e-19,,,1.717e+0,2.189e-18,1.209e-18,3.571e-18,,3.562e-25,2.930e-19,,,1.048e-8,1.167e-4,5.258e-2,1.096e-28,,3.822e-22,2.054e-18,8.293e-17,8.369e-1,,8.429e-9,1.207e-3,3.634e-11,,,,,3.457e-3,,,5.771e-19,,,,,,,,,,4.720e-2,
648.56,2.790e+0,7.724e-20,2.751e-13,2.219e-33,5.080e-18,,,1.474e-18,2.515e-20,,7.382e-16,4.807e-19,1.791e-29,9.022e-18,6.715e-18,1.481e-15,1.023e-19,,,1.848e+0,2.189e-18,1.207e-18,3.528e-18,,3.562e-25,2.929e-19,,,8.552e-9,9.472e-5,5.620e-2,1.096e-28,,3.823e-22,1.399e-18,8.295e-17,8.368e-1,,6.549e-9,1.029e-3,4.905e-11,,,,,3.995e-3,,,5.767e-19,,,,,,,,,,4.396e-2,
648.59,2.999e+0,7.767e-20,1.981e-13,1.564e-33,5.085e-18,,,1.474e-18,2.520e-20,,7.378e-16,4.810e-19,1.792e-29,9.022e-18,6.700e-18,1.260e-15,1.024e-19,,,2.058e+0,2.190e-18,1.200e-18,3.465e-18,,3.563e-25,2.927e-19,,,6.283e-9,6.901e-5,6.194e-2,1.096e-28,,3.826e-22,7.833e-19,8.298e-17,8.338e-1,,4.471e-9,8.148e-4,7.664e-11,,,,,4.948e-3,,,5.761e-19,,,,,,,,,,3.937e-2,
648.61,3.146e+0,7.796e-20,1.588e-13,1.235e-33,5.089e-18,,,1.474e-18,2.523e-20,,7.375e-16,4.812e-19,1.793e-29,9.022e-18,6.689e-18,1.129e-15,1.024e-19,,,2.207e+0,2.190e-18,1.192e-18,3.422e-18,,3.564e-25,2.926e-19,,,5.104e-9,5.575e-5,6.595e-2,1.096e-28,,3.827e-22,5.310e-19,8.299e-17,8.300e-1,,3.458e-9,7.020e-4,1.030e-10,,,,,5.693e-3,,,5.756e-19,,,,,,,,,,3.650e-2,
648.63,3.299e+0,7.824e-20,1.270e-13,9.743e-34,5.092e-18,,,1.474e-18,2.526e-20,,7.372e-16,4.815e-19,1.793e-29,9.022e-18,6.679e-18,1.010e-15,1.024e-19,,,2.364e+0,2.191e-18,1.182e-18,3.380e-18,,3.565e-25,2.925e-19,,,4.139e-9,4.495e-5,7.013e-2,1.096e-28,,3.829e-22,6.151e-19,8.301e-17,8.247e-1,,2.670e-9,6.100e-4,1.381e-10,,,,,6.538e-3,,,5.752e-19,,,,,,,,,,3.378e-2,
648.66,3.540e+0,7.867e-20,9.060e-14,6.800e-34,5.097e-18,,,1.473e-18,2.531e-20,,7.368e-16,4.818e-19,1.794e-29,9.021e-18,6.664e-18,8.512e-16,1.024e-19,,,2.611e+0,2.191e-18,1.164e-18,3.316e-18,,3.566e-25,2.923e-19,,,3.012e-9,3.243e-5,7.666e-2,1.096e-28,,3.831e-22,7.414e-19,8.304e-17,8.140e-1,,1.805e-9,5.059e-4,2.138e-10,,,,,8.021e-3,,,5.746e-19,,,,,,,,,,2.997e-2,
648.68,3.709e+0,7.896e-20,7.216e-14,5.339e-34,5.100e-18,,,1.473e-18,2.535e-20,,7.365e-16,4.820e-19,1.795e-29,9.021e-18,6.654e-18,7.578e-16,1.025e-19,,,2.785e+0,2.191e-18,1.149e-18,3.274e-18,,3.567e-25,2.922e-19,,,2.432e-9,2.603e-5,8.120e-2,1.096e-28,,3.833e-22,8.256e-19,8.306e-17,8.051e-1,,1.387e-9,4.565e-4,2.854e-10,,,,,9.171e-3,,,5.742e-19,,,,,,,,,,2.761e-2,
648.71,3.971e+0,7.938e-20,5.111e-14,3.701e-34,5.105e-18,,,1.473e-18,2.539e-20,,7.361e-16,4.824e-19,1.796e-29,9.021e-18,6.638e-18,6.344e-16,1.025e-19,,,3.058e+0,2.192e-18,1.124e-18,3.210e-18,,3.568e-25,2.921e-19,,,1.758e-9,1.866e-5,8.827e-2,1.096e-28,,3.836e-22,9.519e-19,8.308e-17,7.893e-1,,9.313e-10,4.091e-4,4.388e-10,,,,,1.117e-2,,,5.736e-19,,,,,,,,,,2.433e-2,
648.73,4.153e+0,7.967e-20,4.052e-14,2.892e-34,5.108e-18,,,1.473e-18,2.543e-20,,7.358e-16,4.826e-19,1.796e-29,9.021e-18,6.628e-18,5.623e-16,1.025e-19,,,3.248e+0,2.192e-18,1.104e-18,3.168e-18,,3.569e-25,2.920e-19,,,1.412e-9,1.491e-5,9.315e-2,1.096e-28,,3.837e-22,1.036e-18,8.310e-17,7.771e-1,,7.125e-10,3.940e-4,5.832e-10,,,,,1.272e-2,,,5.732e-19,,,,,,,,,,2.231e-2,
648.76,4.436e+0,8.010e-20,2.851e-14,1.991e-34,5.113e-18,,,1.473e-18,2.548e-20,,7.353e-16,4.829e-19,1.797e-29,9.021e-18,6.613e-18,4.675e-16,1.026e-19,,,3.543e+0,2.193e-18,1.072e-18,3.104e-18,,3.570e-25,2.918e-19,,,1.014e-9,1.061e-5,1.007e-1,1.096e-28,,3.840e-22,1.162e-18,8.313e-17,7.567e-1,,4.751e-10,3.950e-4,8.906e-10,,,,,1.539e-2,,,5.725e-19,,,,,,,,,,1.953e-2,
648.78,4.631e+0,8.038e-20,2.250e-14,1.549e-34,5.116e-18,,,1.473e-18,2.551e-20,,7.350e-16,4.832e-19,1.798e-29,9.021e-18,6.603e-18,4.124e-16,1.026e-19,,,3.747e+0,2.193e-18,1.049e-18,3.061e-18,,3.571e-25,2.917e-19,,,8.110e-10,8.437e-6,1.059e-1,1.096e-28,,3.841e-22,1.247e-18,8.315e-17,7.417e-1,,3.618e-10,4.111e-4,1.178e-9,,,,,1.744e-2,,,5.721e-19,,,,,,,,,,1.782e-2,
648.81,4.930e+0,8.081e-20,1.572e-14,1.059e-34,5.121e-18,,,1.473e-18,2.556e-20,,7.346e-16,4.835e-19,1.799e-29,9.020e-18,6.587e-18,3.406e-16,1.026e-19,,,4.062e+0,2.194e-18,1.012e-18,2.998e-18,,3.572e-25,2.915e-19,,,5.782e-10,5.964e-6,1.138e-1,1.096e-28,,3.844e-22,1.373e-18,8.317e-17,7.173e-1,,2.396e-10,4.594e-4,1.787e-9,,,,,2.096e-2,,,5.715e-19,,,,,,,,,,1.549e-2,
648.83,5.135e+0,8.110e-20,1.235e-14,8.199e-35,5.125e-18,,,1.473e-18,2.559e-20,,7.343e-16,4.837e-19,1.799e-29,9.020e-18,6.577e-18,2.991e-16,1.027e-19,,,4.278e+0,2.194e-18,9.856e-19,2.955e-18,,3.572e-25,2.914e-19,,,4.604e-10,4.721e-6,1.192e-1,1.096e-28,,3.845e-22,1.457e-18,8.319e-17,6.999e-1,,1.816e-10,5.084e-4,2.354e-9,,,,,2.364e-2,,,5.711e-19,,,,,,,,,,1.408e-2,
648.86,5.448e+0,8.152e-20,8.567e-15,5.568e-35,5.129e-18,,,1.473e-18,2.564e-20,,7.339e-16,4.841e-19,1.800e-29,9.020e-18,6.562e-18,2.453e-16,1.027e-19,,,4.607e+0,2.195e-18,9.442e-19,2.892e-18,,3.574e-25,2.913e-19,,,3.260e-10,3.315e-6,1.274e-1,1.096e-28,,3.848e-22,1.583e-18,8.322e-17,6.723e-1,,1.194e-10,6.100e-4,3.547e-9,,,,,2.822e-2,,,5.705e-19,,,,,,,,,,1.215e-2,
648.88,5.660e+0,8.181e-20,6.700e-15,4.291e-35,5.133e-18,,,1.473e-18,2.567e-20,,7.336e-16,4.843e-19,1.801e-29,9.020e-18,6.552e-18,2.144e-16,1.027e-19,,,4.830e+0,2.195e-18,9.154e-19,2.849e-18,,3.574e-25,2.912e-19,,,2.584e-10,2.612e-6,1.330e-1,1.096e-28,,3.850e-22,1.667e-18,8.324e-17,6.530e-1,,9.013e-11,6.985e-4,4.651e-9,,,,,3.169e-2,,,5.700e-19,,,,,,,,,,1.099e-2,
648.91,5.981e+0,8.224e-20,4.617e-15,2.894e-35,5.138e-18,,,1.473e-18,2.572e-20,,7.332e-16,4.846e-19,1.801e-29,9.020e-18,6.536e-18,1.747e-16,1.028e-19,,,5.168e+0,2.196e-18,8.709e-19,2.786e-18,,3.575e-25,2.910e-19,,,1.818e-10,1.821e-6,1.414e-1,1.096e-28,,3.852e-22,1.794e-18,8.326e-17,6.229e-1,,5.887e-11,8.669e-4,6.961e-9,,,,,3.758e-2,,,5.694e-19,,,,,,,,,,9.425e-3,
648.93,6.196e+0,8.252e-20,3.594e-15,2.220e-35,5.141e-18,,,1.473e-18,2.575e-20,,7.329e-16,4.849e-19,1.802e-29,9.020e-18,6.526e-18,1.520e-16,1.028e-19,,,5.395e+0,2.196e-18,8.406e-19,2.743e-18,,3.576e-25,2.909e-19,,,1.434e-10,1.429e-6,1.470e-1,1.096e-28,,3.854e-22,1.878e-18,8.328e-17,6.023e-1,,4.422e-11,1.006e-3,9.087e-9,,,,,4.200e-2,,,5.690e-19,,,,,,,,,,8.487e-3,
648.96,6.520e+0,8.295e-20,2.460e-15,1.487e-35,5.146e-18,,,1.473e-18,2.580e-20,,7.325e-16,4.852e-19,1.803e-29,9.019e-18,6.511e-18,1.230e-16,1.028e-19,,,5.736e+0,2.197e-18,7.943e-19,2.679e-18,,3.577e-25,2.907e-19,,,1.002e-10,9.892e-7,1.554e-1,1.097e-28,,3.856e-22,2.004e-18,8.331e-17,5.707e-1,,2.869e-11,1.264e-3,1.351e-8,,,,,4.947e-2,,,5.684e-19,,,,,,,,,,7.227e-3,
648.98,6.735e+0,8.324e-20,1.906e-15,1.136e-35,5.149e-18,,,1.473e-18,2.583e-20,,7.322e-16,4.854e-19,1.804e-29,9.019e-18,6.500e-18,1.065e-16,1.029e-19,,,5.962e+0,2.197e-18,7.631e-19,2.637e-18,,3.578e-25,2.906e-19,,,7.869e-11,7.725e-7,1.610e-1,1.097e-28,,3.858e-22,2.088e-18,8.333e-17,5.493e-1,,2.145e-11,1.472e-3,1.755e-8,,,,,5.504e-2,,,5.680e-19,,,,,,,,,,6.478e-3,
649,6.949e+0,8.352e-20,1.474e-15,8.659e-36,5.152e-18,,,1.473e-18,2.587e-20,,7.319e-16,4.856e-19,1.804e-29,9.019e-18,6.490e-18,9.211e-17,1.029e-19,,,6.186e+0,2.197e-18,7.319e-19,2.595e-18,,3.579e-25,2.905e-19,,,6.170e-11,6.021e-7,1.666e-1,1.097e-28,,3.859e-22,2.173e-18,8.334e-17,5.278e-1,,1.601e-11,1.715e-3,2.277e-8,,,,,6.114e-2,,,5.675e-19,,,,,,,,,,5.796e-3,
649.03,7.265e+0,8.395e-20,9.991e-16,5.744e-36,5.157e-18,,,1.473e-18,2.591e-20,,7.314e-16,4.860e-19,1.805e-29,9.019e-18,6.475e-18,7.381e-17,1.029e-19,,,6.516e+0,2.198e-18,6.850e-19,2.531e-18,,3.580e-25,2.904e-19,,,4.269e-11,4.129e-7,1.748e-1,1.097e-28,,3.862e-22,2.299e-18,8.337e-17,4.953e-1,,1.028e-11,2.152e-3,3.352e-8,,,,,7.132e-2,,,5.669e-19,,,,,,,,,,4.889e-3,
649.05,7.472e+0,8.424e-20,7.692e-16,4.359e-36,5.161e-18,,,1.473e-18,2.595e-20,,7.312e-16,4.862e-19,1.806e-29,9.019e-18,6.465e-18,6.353e-17,1.030e-19,,,6.732e+0,2.198e-18,6.540e-19,2.488e-18,,3.581e-25,2.903e-19,,,3.332e-11,3.204e-7,1.802e-1,1.097e-28,,3.864e-22,2.383e-18,8.339e-17,4.737e-1,,7.639e-12,2.501e-3,4.329e-8,,,,,7.886e-2,,,5.665e-19,,,,,,,,,,4.354e-3,
649.08,7.774e+0,8.466e-20,5.179e-16,2.872e-36,5.165e-18,,,1.472e-18,2.600e-20,,7.307e-16,4.866e-19,1.806e-29,9.019e-18,6.449e-18,5.056e-17,1.030e-19,,,7.046e+0,2.199e-18,6.079e-19,2.425e-18,,3.582e-25,2.901e-19,,,2.289e-11,2.182e-7,1.880e-1,1.097e-28,,3.866e-22,2.509e-18,8.342e-17,4.416e-1,,4.875e-12,3.126e-3,6.332e-8,,,,,9.138e-2,,,5.659e-19,,,,,,,,,,3.647e-3,
649.1,7.970e+0,8.495e-20,3.969e-16,2.169e-36,5.169e-18,,,1.472e-18,2.603e-20,,7.304e-16,4.868e-19,1.807e-29,9.019e-18,6.439e-18,4.332e-17,1.030e-19,,,7.249e+0,2.199e-18,5.777e-19,2.382e-18,,3.583e-25,2.900e-19,,,1.779e-11,1.685e-7,1.931e-1,1.097e-28,,3.868e-22,2.593e-18,8.343e-17,4.204e-1,,3.605e-12,3.620e-3,8.140e-8,,,,,1.006e-1,,,5.655e-19,,,,,,,,,,3.234e-3,
649.13,8.251e+0,8.538e-20,2.653e-16,1.419e-36,5.174e-18,,,1.472e-18,2.608e-20,,7.300e-16,4.871e-19,1.808e-29,9.018e-18,6.424e-18,3.424e-17,1.031e-19,,,7.539e+0,2.200e-18,5.334e-19,2.319e-18,,3.584e-25,2.898e-19,,,1.214e-11,1.140e-7,2.004e-1,1.097e-28,,3.870e-22,2.720e-18,8.346e-17,3.892e-1,,2.284e-12,4.496e-3,1.182e-7,,,,,1.158e-1,,,5.648e-19,,,,,,,,,,2.690e-3,
649.15,8.430e+0,8.566e-20,2.024e-16,1.067e-36,5.177e-18,,,1.472e-18,2.611e-20,,7.297e-16,4.873e-19,1.808e-29,9.018e-18,6.414e-18,2.920e-17,1.031e-19,,,7.722e+0,2.200e-18,5.046e-19,2.276e-18,,3.584e-25,2.897e-19,,,9.389e-12,8.765e-8,2.051e-1,1.097e-28,,3.872e-22,2.804e-18,8.348e-17,3.689e-1,,1.682e-12,5.185e-3,1.513e-7,,,,,1.268e-1,,,5.644e-19,,,,,,,,,,2.374e-3,
649.18,8.684e+0,8.609e-20,1.344e-16,6.935e-37,5.182e-18,,,1.472e-18,2.616e-20,,7.293e-16,4.877e-19,1.809e-29,9.018e-18,6.398e-18,2.293e-17,1.031e-19,,,7.980e+0,2.201e-18,4.627e-19,2.212e-18,,3.586e-25,2.896e-19,,,6.364e-12,5.888e-8,2.118e-1,1.097e-28,,3.874e-22,2.930e-18,8.351e-17,3.392e-1,,1.058e-12,6.400e-3,2.184e-7,,,,,1.450e-1,,,5.638e-19,,,,,,,,,,1.962e-3,
649.2,8.842e+0,8.638e-20,1.021e-16,5.191e-37,5.185e-18,,,1.472e-18,2.619e-20,,7.290e-16,4.879e-19,1.810e-29,9.018e-18,6.388e-18,1.947e-17,1.032e-19,,,8.139e+0,2.201e-18,4.358e-19,2.170e-18,,3.586e-25,2.895e-19,,,4.900e-12,4.506e-8,2.159e-1,1.097e-28,,3.876e-22,3.014e-18,8.352e-17,3.200e-1,,7.754e-13,7.348e-3,2.782e-7,,,,,1.581e-1,,,5.634e-19,,,,,,,,,,1.724e-3,
649.23,9.062e+0,8.680e-20,6.731e-17,3.350e-37,5.190e-18,,,1.472e-18,2.624e-20,,7.286e-16,4.882e-19,1.811e-29,9.018e-18,6.373e-18,1.518e-17,1.032e-19,,,8.358e+0,2.202e-18,3.969e-19,2.106e-18,,3.587e-25,2.893e-19,,,3.299e-12,3.007e-8,2.217e-1,1.097e-28,,3.878e-22,3.141e-18,8.355e-17,2.923e-1,,4.847e-13,9.010e-3,3.987e-7,,,,,1.796e-1,,,5.628e-19,,,,,,,,,,1.415e-3,
649.25,9.196e+0,8.709e-20,5.088e-17,2.496e-37,5.193e-18,,,1.472e-18,2.627e-20,,7.283e-16,4.885e-19,1.811e-29,9.018e-18,6.363e-18,1.283e-17,1.032e-19,,,8.490e+0,2.202e-18,3.721e-19,2.064e-18,,3.588e-25,2.892e-19,,,2.528e-12,2.290e-8,2.253e-1,1.097e-28,,3.880e-22,3.225e-18,8.357e-17,2.745e-1,,3.535e-13,1.030e-2,5.057e-7,,,,,1.950e-1,,,5.623e-19,,,,,,,,,,1.237e-3,
649.28,9.376e+0,8.752e-20,3.333e-17,1.600e-37,5.198e-18,,,1.472e-18,2.632e-20,,7.278e-16,4.888e-19,1.812e-29,9.017e-18,6.347e-18,9.934e-18,1.033e-19,,,8.664e+0,2.203e-18,3.366e-19,2.000e-18,,3.589e-25,2.891e-19,,,1.690e-12,1.518e-8,2.301e-1,1.097e-28,,3.883e-22,3.351e-18,8.360e-17,2.490e-1,,2.195e-13,1.254e-2,7.199e-7,,,,,2.199e-1,,,5.617e-19,,,,,,,,,,1.008e-3,
649.3,9.482e+0,8.780e-20,2.508e-17,1.186e-37,5.201e-18,,,1.472e-18,2.635e-20,,7.276e-16,4.890e-19,1.813e-29,9.017e-18,6.337e-18,8.359e-18,1.033e-19,,,8.764e+0,2.203e-18,3.141e-19,1.958e-18,,3.590e-25,2.890e-19,,,1.290e-12,1.151e-8,2.329e-1,1.097e-28,,3.884e-22,3.435e-18,8.361e-17,2.328e-1,,1.593e-13,1.427e-2,9.089e-7,,,,,2.377e-1,,,5.613e-19,,,,,,,,,,8.779e-4,
649.33,9.619e+0,8.823e-20,1.631e-17,7.552e-38,5.206e-18,,,1.472e-18,2.640e-20,,7.271e-16,4.894e-19,1.814e-29,9.017e-18,6.322e-18,6.431e-18,1.033e-19,,,8.888e+0,2.203e-18,2.822e-19,1.894e-18,,3.591e-25,2.888e-19,,,8.564e-13,7.575e-9,2.366e-1,1.097e-28,,3.887e-22,3.562e-18,8.364e-17,2.097e-1,,9.823e-14,1.727e-2,1.285e-6,,,,,2.662e-1,,,5.607e-19,,,,,,,,,,7.107e-4,
649.35,9.694e+0,8.852e-20,1.222e-17,5.576e-38,5.210e-18,,,1.472e-18,2.643e-20,,7.268e-16,4.896e-19,1.814e-29,9.017e-18,6.312e-18,5.387e-18,1.034e-19,,,8.954e+0,2.204e-18,2.621e-19,1.852e-18,,3.592e-25,2.887e-19,,,6.504e-13,5.718e-9,2.387e-1,1.097e-28,,3.888e-22,3.646e-18,8.366e-17,1.952e-1,,7.099e-14,1.956e-2,1.615e-6,,,,,2.864e-1,,,5.603e-19,,,,,,,,,,6.159e-4,
649.37,9.757e+0,8.880e-20,9.135e-18,4.109e-38,5.213e-18,,,1.472e-18,2.647e-20,,7.266e-16,4.898e-19,1.815e-29,9.017e-18,6.301e-18,4.506e-18,1.034e-19,,,9.005e+0,2.204e-18,2.431e-19,2.716e-18,,3.593e-25,2.886e-19,,,4.930e-13,4.308e-9,2.404e-1,1.097e-28,,3.890e-22,3.730e-18,8.368e-17,1.813e-1,,5.121e-14,2.212e-2,2.027e-6,,,,,3.077e-1,,,5.599e-19,,,,,,,,,,5.328e-4,
649.4,9.828e+0,8.923e-20,5.885e-18,2.590e-38,5.218e-18,,,1.472e-18,2.652e-20,,7.261e-16,4.902e-19,1.816e-29,9.017e-18,6.286e-18,3.437e-18,1.034e-19,,,9.056e+0,2.205e-18,2.163e-19,4.811e-18,,3.594e-25,2.884e-19,,,3.243e-13,2.808e-9,2.423e-1,1.097e-28,,3.892e-22,3.856e-18,8.370e-17,1.618e-1,,3.127e-14,2.650e-2,2.839e-6,,,,,3.413e-1,,,5.592e-19,,,,,,,,,,4.272e-4,
649.42,9.859e+0,8.952e-20,4.380e-18,1.900e-38,5.221e-18,,,1.472e-18,2.655e-20,,7.258e-16,4.904e-19,1.816e-29,9.016e-18,6.276e-18,2.864e-18,1.035e-19,,,9.071e+0,2.205e-18,1.997e-19,7.026e-18,,3.594e-25,2.883e-19,,,2.447e-13,2.106e-9,2.432e-1,1.097e-28,,3.894e-22,3.940e-18,8.372e-17,1.496e-1,,2.246e-14,2.983e-2,3.546e-6,,,,,3.650e-1,,,5.588e-19,,,,,,,,,,3.679e-4,
649.45,9.882e+0,8.994e-20,2.802e-18,1.190e-38,5.226e-18,,,1.472e-18,2.660e-20,,7.254e-16,4.907e-19,1.817e-29,9.016e-18,6.260e-18,2.176e-18,1.035e-19,,,9.068e+0,2.206e-18,1.765e-19,1.236e-17,,3.596e-25,2.882e-19,,,1.599e-13,1.363e-9,2.439e-1,1.097e-28,,3.897e-22,4.067e-18,8.375e-17,1.326e-1,,1.362e-14,3.551e-2,4.933e-6,,,,,4.022e-1,,,5.582e-19,,,,,,,,,,2.929e-4,
649.47,9.881e+0,9.023e-20,2.076e-18,8.688e-39,5.229e-18,,,1.472e-18,2.663e-20,,7.251e-16,4.910e-19,1.818e-29,9.016e-18,6.250e-18,1.810e-18,1.035e-19,,,9.047e+0,2.206e-18,1.622e-19,1.797e-17,,3.596e-25,2.881e-19,,,1.201e-13,1.018e-9,2.438e-1,1.098e-28,,3.898e-22,4.151e-18,8.377e-17,1.220e-1,,9.734e-15,3.979e-2,6.134e-6,,,,,4.281e-1,,,5.578e-19,,,,,,,,,,2.511e-4,
649.5,9.857e+0,9.066e-20,1.319e-18,5.402e-39,5.234e-18,,,1.472e-18,2.668e-20,,7.247e-16,4.913e-19,1.819e-29,9.016e-18,6.235e-18,1.376e-18,1.036e-19,,,8.991e+0,2.207e-18,1.423e-19,3.140e-17,,3.597e-25,2.879e-19,,,7.792e-14,6.544e-10,2.431e-1,1.098e-28,,3.901e-22,4.277e-18,8.379e-17,1.074e-1,,5.862e-15,4.704e-2,8.477e-6,,,,,4.686e-1,,,5.572e-19,,,,,,,,,,1.986e-4,
649.52,9.825e+0,9.094e-20,9.729e-19,3.927e-39,5.237e-18,,,1.471e-18,2.671e-20,,7.244e-16,4.915e-19,1.819e-29,9.016e-18,6.225e-18,1.149e-18,1.036e-19,,,8.936e+0,2.207e-18,1.302e-19,4.546e-17,,3.598e-25,2.878e-19,,,5.827e-14,4.864e-10,2.422e-1,1.098e-28,,3.902e-22,4.361e-18,8.381e-17,9.845e-2,,4.171e-15,5.248e-2,1.049e-5,,,,,4.965e-1,,,5.567e-19,,,,,,,,,,1.695e-4,
649.55,9.756e+0,9.137e-20,6.140e-19,2.425e-39,5.242e-18,,,1.471e-18,2.676e-20,,7.240e-16,4.919e-19,1.820e-29,9.016e-18,6.209e-18,8.859e-19,1.036e-19,,,8.828e+0,2.207e-18,1.135e-19,7.890e-17,,3.599e-25,2.876e-19,,,3.755e-14,3.106e-10,2.402e-1,1.098e-28,,3.905e-22,4.488e-18,8.384e-17,8.607e-2,,2.495e-15,6.162e-2,1.440e-5,,,,,5.398e-1,,,5.561e-19,,,,,,,,,,1.331e-4,
649.57,9.696e+0,9.166e-20,4.507e-19,1.755e-39,5.245e-18,,,1.471e-18,2.679e-20,,7.237e-16,4.921e-19,1.821e-29,9.016e-18,6.199e-18,7.537e-19,1.037e-19,,,8.741e+0,2.208e-18,1.034e-19,1.137e-16,,3.600e-25,2.875e-19,,,2.795e-14,2.298e-10,2.385e-1,1.098e-28,,3.906e-22,4.572e-18,8.386e-17,7.851e-2,,1.767e-15,6.843e-2,1.775e-5,,,,,5.694e-1,,,5.557e-19,,,,,,,,,,1.131e-4,
649.6,9.585e+0,9.208e-20,2.825e-19,1.076e-39,5.250e-18,,,1.471e-18,2.684e-20,,7.232e-16,4.924e-19,1.822e-29,9.015e-18,6.184e-18,6.098e-19,1.037e-19,,,8.587e+0,2.208e-18,8.951e-20,1.960e-16,,3.601e-25,2.874e-19,,,1.789e-14,1.457e-10,2.352e-1,1.098e-28,,3.909e-22,8.115e-18,8.388e-17,6.817e-2,,1.050e-15,7.981e-2,2.420e-5,,,,,6.148e-1,,,5.551e-19,,,,,,,,,,8.822e-5,
649.62,9.498e+0,9.237e-20,2.064e-19,7.751e-40,5.254e-18,,,1.471e-18,2.687e-20,,7.230e-16,4.927e-19,1.822e-29,9.015e-18,6.174e-18,5.458e-19,1.037e-19,,,8.470e+0,2.209e-18,8.113e-20,2.812e-16,,3.602e-25,2.873e-19,,,1.326e-14,1.073e-10,2.326e-1,1.098e-28,,3.911e-22,1.187e-17,8.390e-17,6.191e-2,,7.400e-16,8.823e-2,2.968e-5,,,,,6.456e-1,,,5.547e-19,,,,,,,,,,7.459e-5,
649.65,9.351e+0,9.280e-20,1.285e-19,4.721e-40,5.259e-18,,,1.471e-18,2.692e-20,,7.225e-16,4.930e-19,1.823e-29,9.015e-18,6.158e-18,4.930e-19,1.038e-19,,,8.275e+0,2.209e-18,6.978e-20,4.816e-16,,3.603e-25,2.871e-19,,,8.426e-15,6.757e-11,2.281e-1,1.098e-28,,3.913e-22,2.093e-17,8.393e-17,5.339e-2,,4.366e-16,1.022e-1,4.020e-5,,,,,6.923e-1,,,5.540e-19,,,,,,,,,,5.780e-5,
649.67,9.241e+0,9.308e-20,9.347e-20,3.385e-40,5.262e-18,,,1.471e-18,2.696e-20,,7.222e-16,4.932e-19,1.824e-29,9.015e-18,6.148e-18,4.854e-19,1.038e-19,,,8.132e+0,2.210e-18,6.296e-20,6.877e-16,,3.604e-25,2.870e-19,,,6.215e-15,4.953e-11,2.247e-1,1.098e-28,,3.915e-22,3.048e-17,8.395e-17,4.826e-2,,3.064e-16,1.125e-1,4.909e-5,,,,,7.237e-1,,,5.536e-19,,,,,,,,,,4.865e-5,
649.7,9.063e+0,9.351e-20,5.778e-20,2.048e-40,5.267e-18,,,1.471e-18,2.700e-20,,7.218e-16,4.936e-19,1.825e-29,9.015e-18,6.133e-18,5.157e-19,1.038e-19,,,7.902e+0,2.210e-18,5.378e-20,1.170e-15,,3.605e-25,2.868e-19,,,3.924e-15,3.098e-11,2.192e-1,1.098e-28,,3.917e-22,5.338e-17,8.397e-17,4.134e-2,,1.795e-16,1.294e-1,6.603e-5,,,,,7.709e-1,,,5.530e-19,,,,,,,,,,3.744e-5,
649.72,8.934e+0,9.380e-20,4.184e-20,1.461e-40,5.270e-18,,,1.471e-18,2.704e-20,,7.215e-16,4.938e-19,1.825e-29,9.015e-18,6.123e-18,5.657e-19,1.039e-19,,,7.738e+0,2.211e-18,4.831e-20,1.663e-15,,3.606e-25,2.867e-19,,,2.881e-15,2.261e-11,2.151e-1,1.098e-28,,3.919e-22,7.739e-17,8.399e-17,3.720e-2,,1.254e-16,1.418e-1,8.028e-5,,,,,8.022e-1,,,5.526e-19,,,,,,,,,,3.137e-5,
649.75,8.730e+0,9.422e-20,2.569e-20,8.780e-41,5.275e-18,,,1.471e-18,2.709e-20,,7.211e-16,4.941e-19,1.826e-29,9.014e-18,6.107e-18,6.913e-19,1.039e-19,,,7.479e+0,2.211e-18,4.098e-20,2.810e-15,,3.607e-25,2.866e-19,,,1.807e-15,1.404e-11,2.086e-1,1.098e-28,,3.921e-22,1.346e-16,8.402e-17,3.165e-2,,7.298e-17,1.620e-1,1.072e-4,,,,,8.487e-1,,,5.520e-19,,,,,,,,,,2.398e-5,
649.77,8.587e+0,9.451e-20,1.851e-20,6.237e-41,5.278e-18,,,1.471e-18,2.712e-20,,7.208e-16,4.944e-19,1.827e-29,9.014e-18,6.097e-18,8.144e-19,1.039e-19,,,7.298e+0,2.212e-18,3.665e-20,3.978e-15,,3.608e-25,2.865e-19,,,1.320e-15,1.020e-11,2.040e-1,1.098e-28,,3.923e-22,1.943e-16,8.403e-17,2.835e-2,,5.075e-17,1.767e-1,1.298e-4,,,,,8.792e-1,,,5.515e-19,,,,,,,,,,2.000e-5,
649.79,8.438e+0,9.480e-20,1.332e-20,4.423e-41,5.281e-18,,,1.471e-18,2.715e-20,,7.205e-16,4.946e-19,1.827e-29,9.014e-18,6.087e-18,9.749e-19,1.040e-19,,,7.112e+0,2.212e-18,3.271e-20,5.621e-15,,3.608e-25,2.864e-19,,,9.634e-16,7.396e-12,1.992e-1,1.098e-28,,3.925e-22,2.800e-16,8.405e-17,2.535e-2,,3.523e-17,1.924e-1,1.568e-4,,,,,9.092e-1,,,5.511e-19,,,,,,,,,,1.665e-5,
649.82,8.209e+0,9.522e-20,8.100e-21,2.632e-41,5.286e-18,,,1.471e-18,2.720e-20,,7.201e-16,4.949e-19,1.828e-29,9.014e-18,6.072e-18,1.301e-18,1.040e-19,,,6.825e+0,2.212e-18,2.748e-20,9.408e-15,,3.609e-25,2.862e-19,,,5.984e-16,4.551e-12,1.916e-1,1.098e-28,,3.927e-22,4.825e-16,8.408e-17,2.136e-2,,2.030e-17,2.178e-1,2.075e-4,,,,,9.528e-1,,,5.505e-19,,,,,,,,,,1.260e-5,
649.84,8.051e+0,9.551e-20,5.801e-21,1.858e-41,5.290e-18,,,1.471e-18,2.723e-20,,7.198e-16,4.951e-19,1.829e-29,9.014e-18,6.061e-18,1.589e-18,1.040e-19,,,6.629e+0,2.213e-18,2.442e-20,1.323e-14,,3.610e-25,2.861e-19,,,4.346e-16,3.284e-12,1.864e-1,1.098e-28,,3.929e-22,6.920e-16,8.410e-17,1.901e-2,,1.403e-17,2.360e-1,2.496e-4,,,,,9.808e-1,,,5.501e-19,,,,,,,,,,1.045e-5,
649.87,7.810e+0,9.594e-20,3.503e-21,1.098e-41,5.294e-18,,,1.471e-18,2.728e-20,,7.194e-16,4.955e-19,1.830e-29,9.014e-18,6.046e-18,2.154e-18,1.041e-19,,,6.329e+0,2.213e-18,2.038e-20,2.200e-14,,3.611e-25,2.859e-19,,,2.681e-16,2.007e-12,1.783e-1,1.098e-28,,3.931e-22,1.185e-15,8.412e-17,1.591e-2,,8.029e-18,2.654e-1,3.281e-4,,,,,1.021e+0,,,5.495e-19,,,,,,,,,,7.854e-6,
649.89,7.647e+0,9.622e-20,2.497e-21,7.714e-42,5.298e-18,,,1.471e-18,2.731e-20,,7.191e-16,4.957e-19,1.830e-29,9.013e-18,6.036e-18,2.642e-18,1.041e-19,,,6.127e+0,2.214e-18,1.802e-20,3.081e-14,,3.612e-25,2.858e-19,,,1.938e-16,1.442e-12,1.727e-1,1.098e-28,,3.933e-22,1.692e-15,8.414e-17,1.410e-2,,5.522e-18,2.863e-1,3.929e-4,,,,,1.046e+0,,,5.490e-19,,,,,,,,,,6.479e-6,
649.92,7.400e+0,9.665e-20,1.498e-21,4.528e-42,5.303e-18,,,1.471e-18,2.736e-20,,7.186e-16,4.961e-19,1.831e-29,9.013e-18,6.020e-18,3.587e-18,1.041e-19,,,5.822e+0,2.214e-18,1.494e-20,5.089e-14,,3.613e-25,2.857e-19,,,1.187e-16,8.749e-13,1.643e-1,1.098e-28,,3.935e-22,2.876e-15,8.417e-17,1.172e-2,,3.139e-18,3.197e-1,5.129e-4,,,,,1.082e+0,,,5.484e-19,,,,,,,,,,4.839e-6,
649.94,7.235e+0,9.694e-20,1.063e-21,3.167e-42,5.306e-18,,,1.470e-18,2.739e-20,,7.183e-16,4.963e-19,1.832e-29,9.013e-18,6.010e-18,4.394e-18,1.042e-19,,,5.618e+0,2.215e-18,1.315e-20,7.094e-14,,3.614e-25,2.856e-19,,,8.545e-17,6.257e-13,1.585e-1,1.098e-28,,3.937e-22,4.089e-15,8.419e-17,1.034e-2,,2.149e-18,3.434e-1,6.114e-4,,,,,1.103e+0,,,5.480e-19,,,,,,,,,,3.974e-6,
649.97,6.987e+0,9.736e-20,6.332e-22,1.846e-42,5.311e-18,,,1.470e-18,2.744e-20,,7.179e-16,4.966e-19,1.832e-29,9.013e-18,5.995e-18,5.943e-18,1.042e-19,,,5.314e+0,2.215e-18,1.083e-20,1.164e-13,,3.615e-25,2.854e-19,,,5.199e-17,3.771e-13,1.499e-1,1.098e-28,,3.939e-22,6.906e-15,8.421e-17,8.532e-3,,1.213e-18,3.809e-1,7.929e-4,,,,,1.133e+0,,,5.474e-19,,,,,,,,,,2.947e-6,
649.99,6.822e+0,9.765e-20,4.473e-22,1.285e-42,5.314e-18,,,1.470e-18,2.748e-20,,7.176e-16,4.968e-19,1.833e-29,9.013e-18,5.985e-18,7.256e-18,1.042e-19,,,5.112e+0,2.216e-18,9.492e-21,1.615e-13,,3.616e-25,2.853e-19,,,3.725e-17,2.685e-13,1.441e-1,1.099e-28,,3.941e-22,9.773e-15,8.423e-17,7.492e-3,,8.268e-19,4.072e-1,9.408e-4,,,,,1.151e+0,,,5.470e-19,,,,,,,,,,2.409e-6,
650.02,6.578e+0,9.808e-20,2.646e-22,7.440e-43,5.319e-18,,,1.470e-18,2.752e-20,,7.172e-16,4.972e-19,1.834e-29,9.013e-18,5.969e-18,9.758e-18,1.043e-19,,,4.813e+0,2.216e-18,7.762e-21,2.632e-13,,3.617e-25,2.851e-19,,,2.251e-17,1.607e-13,1.354e-1,1.099e-28,,3.944e-22,1.640e-14,8.426e-17,6.143e-3,,4.636e-19,4.487e-1,1.212e-3,,,,,1.174e+0,,,5.463e-19,,,,,,,,,,1.775e-6,
650.04,6.417e+0,9.836e-20,1.861e-22,5.156e-43,5.322e-18,,,1.470e-18,2.756e-20,,7.169e-16,4.974e-19,1.834e-29,9.012e-18,5.959e-18,1.187e-17,1.043e-19,,,4.616e+0,2.217e-18,6.772e-21,3.636e-13,,3.618e-25,2.850e-19,,,1.605e-17,1.139e-13,1.297e-1,1.099e-28,,3.945e-22,2.310e-14,8.428e-17,5.369e-3,,3.145e-19,4.776e-1,1.432e-3,,,,,1.187e+0,,,5.459e-19,,,,,,,,,,1.444e-6,
650.07,6.178e+0,9.879e-20,1.093e-22,2.965e-43,5.327e-18,,,1.470e-18,2.761e-20,,7.165e-16,4.978e-19,1.835e-29,9.012e-18,5.944e-18,1.586e-17,1.043e-19,,,4.326e+0,2.217e-18,5.500e-21,5.885e-13,,3.619e-25,2.849e-19,,,9.635e-18,6.769e-14,1.212e-1,1.099e-28,,3.948e-22,3.850e-14,8.430e-17,4.372e-3,,3.106e-19,5.226e-1,1.832e-3,,,,,1.202e+0,,,5.453e-19,,,,,,,,,,1.057e-6,
650.09,6.023e+0,9.908e-20,7.652e-23,2.045e-43,5.330e-18,,,1.470e-18,2.764e-20,,7.162e-16,4.980e-19,1.836e-29,9.012e-18,5.934e-18,1.920e-17,1.044e-19,,,4.138e+0,2.217e-18,4.776e-21,8.095e-13,,3.620e-25,2.848e-19,,,6.840e-18,4.775e-14,1.156e-1,1.099e-28,,3.949e-22,5.399e-14,8.432e-17,3.804e-3,,3.081e-19,5.537e-1,2.154e-3,,,,,1.210e+0,,,5.449e-19,,,,,,,,,,8.559e-7,
650.12,5.794e+0,9.950e-20,4.466e-23,1.168e-43,5.335e-18,,,1.470e-18,2.769e-20,,7.158e-16,4.983e-19,1.837e-29,9.012e-18,5.918e-18,2.550e-17,1.044e-19,,,3.861e+0,2.218e-18,3.853e-21,1.301e-12,,3.621e-25,2.846e-19,,,4.077e-18,2.819e-14,1.073e-1,1.099e-28,,3.952e-22,8.938e-14,8.435e-17,3.077e-3,,3.042e-19,6.018e-1,2.737e-3,,,,,1.217e+0,,,5.443e-19,,,,,,,,,,6.219e-7,
650.14,5.644e+0,9.979e-20,3.111e-23,8.019e-44,5.339e-18,,,1.470e-18,2.772e-20,,7.155e-16,4.985e-19,1.837e-29,9.012e-18,5.908e-18,3.074e-17,1.044e-19,,,3.682e+0,2.218e-18,3.331e-21,1.782e-12,,3.621e-25,2.845e-19,,,2.881e-18,1.980e-14,1.020e-1,1.099e-28,,3.953e-22,1.248e-13,8.437e-17,2.665e-3,,3.017e-19,6.348e-1,3.205e-3,,,,,1.220e+0,,,5.438e-19,,,,,,,,,,5.015e-7,
650.16,5.498e+0,1.001e-19,2.164e-23,5.497e-44,5.342e-18,,,1.470e-18,2.775e-20,,7.152e-16,4.988e-19,1.838e-29,9.012e-18,5.898e-18,3.699e-17,1.044e-19,,,3.507e+0,2.219e-18,2.874e-21,2.436e-12,,3.622e-25,2.844e-19,,,2.033e-18,1.387e-14,9.673e-2,1.099e-28,,3.955e-22,1.739e-13,8.438e-17,2.304e-3,,2.991e-19,6.683e-1,3.745e-3,,,,,1.220e+0,,,5.434e-19,,,,,,,,,,4.037e-7,
650.19,5.285e+0,1.005e-19,1.251e-23,3.109e-44,5.347e-18,,,1.470e-18,2.780e-20,,7.147e-16,4.991e-19,1.839e-29,9.012e-18,5.883e-18,4.868e-17,1.045e-19,,,3.254e+0,2.219e-18,2.297e-21,3.880e-12,,3.623e-25,2.842e-19,,,1.200e-18,8.113e-15,8.908e-2,1.099e-28,,3.958e-22,2.853e-13,8.441e-17,1.846e-3,,2.953e-19,7.196e-1,4.714e-3,,,,,1.216e+0,,,5.428e-19,,,,,,,,,,2.905e-7,
650.21,5.147e+0,1.008e-19,8.657e-24,2.121e-44,5.350e-18,,,1.470e-18,2.783e-20,,7.145e-16,4.993e-19,1.839e-29,9.011e-18,5.872e-18,5.833e-17,1.045e-19,,,3.090e+0,2.220e-18,1.973e-21,5.279e-12,,3.624e-25,2.841e-19,,,8.427e-19,5.660e-15,8.416e-2,1.099e-28,,3.959e-22,3.958e-13,8.443e-17,1.589e-3,,2.927e-19,7.542e-1,5.484e-3,,,,,1.211e+0,,,5.424e-19,,,,,,,,,,2.328e-7,
650.24,4.946e+0,1.012e-19,4.969e-24,1.191e-44,5.355e-18,,,1.470e-18,2.788e-20,,7.140e-16,4.997e-19,1.840e-29,9.011e-18,5.857e-18,7.626e-17,1.046e-19,,,2.855e+0,2.220e-18,1.566e-21,8.352e-12,,3.625e-25,2.840e-19,,,4.941e-19,3.287e-15,7.704e-2,1.099e-28,,3.962e-22,6.447e-13,8.446e-17,1.264e-3,,2.889e-19,8.065e-1,6.858e-3,,,,,1.199e+0,,,5.418e-19,,,,,,,,,,1.664e-7,
650.26,4.816e+0,1.015e-19,3.424e-24,8.091e-45,5.358e-18,,,1.470e-18,2.791e-20,,7.137e-16,4.999e-19,1.841e-29,9.011e-18,5.847e-18,9.099e-17,1.046e-19,,,2.704e+0,2.221e-18,1.339e-21,1.131e-11,,3.626e-25,2.839e-19,,,3.454e-19,2.283e-15,7.248e-2,1.099e-28,,3.963e-22,8.906e-13,8.447e-17,1.083e-3,,2.863e-19,8.415e-1,7.942e-3,,,,,1.189e+0,,,5.414e-19,,,,,,,,,,1.327e-7,
650.29,4.628e+0,1.019e-19,1.952e-24,1.088e-44,5.363e-18,,,1.470e-18,2.796e-20,,7.133e-16,5.002e-19,1.842e-29,9.011e-18,5.832e-18,1.182e-16,1.046e-19,,,2.488e+0,2.221e-18,1.055e-21,1.778e-11,,3.627e-25,2.837e-19,,,2.012e-19,1.317e-15,6.594e-2,1.099e-28,,3.966e-22,1.441e-12,8.450e-17,8.559e-4,,2.825e-19,8.938e-1,9.864e-3,,,,,1.170e+0,,,5.407e-19,,,,,,,,,,9.422e-8,
650.31,4.507e+0,1.022e-19,1.339e-24,1.273e-44,5.366e-18,,,1.470e-18,2.800e-20,,7.130e-16,5.005e-19,1.842e-29,9.011e-18,5.821e-18,1.404e-16,1.046e-19,,,2.350e+0,2.221e-18,8.982e-22,2.398e-11,,3.628e-25,2.836e-19,,,1.400e-19,9.103e-16,6.179e-2,1.099e-28,,3.967e-22,1.982e-12,8.452e-17,7.300e-4,,2.799e-19,9.284e-1,1.137e-2,,,,,1.155e+0,,,5.403e-19,,,,,,,,,,7.481e-8,
650.34,4.332e+0,1.026e-19,7.582e-25,1.552e-44,5.371e-18,,,1.470e-18,2.804e-20,,7.126e-16,5.008e-19,1.843e-29,9.011e-18,5.806e-18,1.812e-16,1.047e-19,,,2.153e+0,2.222e-18,7.031e-22,3.743e-11,,3.629e-25,2.835e-19,,,8.097e-20,5.214e-16,5.587e-2,1.099e-28,,3.970e-22,3.185e-12,8.455e-17,5.730e-4,,2.761e-19,9.795e-1,1.403e-2,,,,,1.129e+0,,,5.397e-19,,,,,,,,,,5.275e-8,
650.36,4.220e+0,1.029e-19,5.177e-25,1.737e-44,5.375e-18,,,1.470e-18,2.808e-20,,7.123e-16,5.010e-19,1.844e-29,9.010e-18,5.796e-18,2.143e-16,1.047e-19,,,2.029e+0,2.222e-18,5.958e-22,5.025e-11,,3.630e-25,2.834e-19,,,5.608e-20,3.588e-16,5.214e-2,1.099e-28,,3.972e-22,4.361e-12,8.456e-17,4.864e-4,,2.735e-19,1.013e+0,1.610e-2,,,,,1.109e+0,,,5.393e-19,,,,,,,,,,4.169e-8,
650.39,4.057e+0,1.034e-19,2.911e-25,2.016e-44,5.379e-18,,,1.469e-18,2.813e-20,,7.119e-16,5.014e-19,1.845e-29,9.010e-18,5.780e-18,2.747e-16,1.048e-19,,,1.851e+0,2.223e-18,4.632e-22,7.791e-11,,3.631e-25,2.832e-19,,,3.222e-20,2.041e-16,4.686e-2,1.099e-28,,3.974e-22,6.962e-12,8.459e-17,3.792e-4,,2.697e-19,1.061e+0,1.973e-2,,,,,1.078e+0,,,5.387e-19,,,,,,,,,,2.919e-8,
650.41,3.953e+0,1.036e-19,1.979e-25,2.201e-44,5.383e-18,,,1.469e-18,2.816e-20,,7.116e-16,5.016e-19,1.845e-29,9.010e-18,5.770e-18,3.235e-16,1.048e-19,,,1.739e+0,2.223e-18,3.908e-22,1.041e-10,,3.632e-25,2.831e-19,,,2.222e-20,1.398e-16,4.355e-2,1.099e-28,,3.976e-22,9.488e-12,8.461e-17,3.205e-4,,2.671e-19,1.092e+0,2.254e-2,,,,,1.055e+0,,,5.382e-19,,,,,,,,,,2.297e-8,
650.44,3.803e+0,1.041e-19,1.560e-24,2.480e-44,5.388e-18,,,1.469e-18,2.821e-20,,7.111e-16,5.019e-19,1.846e-29,9.010e-18,5.755e-18,4.121e-16,1.048e-19,,,1.580e+0,2.224e-18,3.017e-22,1.604e-10,,3.633e-25,2.829e-19,,,1.268e-20,7.901e-17,3.889e-2,1.099e-28,,3.978e-22,1.505e-11,8.464e-17,2.481e-4,,2.633e-19,1.137e+0,2.744e-2,,,,,1.019e+0,,,5.376e-19,,,,,,,,,,1.598e-8,
650.46,3.706e+0,1.044e-19,2.469e-24,2.665e-44,5.391e-18,,,1.469e-18,2.824e-20,,7.109e-16,5.022e-19,1.847e-29,9.010e-18,5.745e-18,4.832e-16,1.049e-19,,,1.481e+0,2.224e-18,2.534e-22,2.134e-10,,3.633e-25,2.828e-19,,,8.700e-21,5.388e-17,3.599e-2,1.099e-28,,3.980e-22,2.042e-11,8.465e-17,2.088e-4,,2.608e-19,1.165e+0,3.121e-2,,,,,9.933e-1,,,5.372e-19,,,,,,,,,,1.251e-8,
650.49,3.568e+0,1.048e-19,3.831e-24,2.944e-44,5.396e-18,,,1.469e-18,2.829e-20,,7.104e-16,5.025e-19,1.848e-29,9.010e-18,5.729e-18,6.115e-16,1.049e-19,,,1.340e+0,2.225e-18,1.943e-22,3.265e-10,,3.635e-25,2.827e-19,,,4.930e-21,3.023e-17,3.195e-2,1.099e-28,,3.982e-22,3.216e-11,8.468e-17,1.605e-4,,2.569e-19,1.204e+0,3.773e-2,,,,,9.538e-1,,,5.366e-19,,,,,,,,,,8.643e-9,
650.51,3.479e+0,1.051e-19,4.740e-24,3.130e-44,5.399e-18,,,1.469e-18,2.832e-20,,7.101e-16,5.027e-19,1.848e-29,9.009e-18,5.719e-18,7.139e-16,1.049e-19,,,1.252e+0,2.225e-18,1.624e-22,4.325e-10,,3.635e-25,2.826e-19,,,3.261e-21,2.052e-17,2.944e-2,1.100e-28,,3.984e-22,4.344e-11,8.470e-17,1.344e-4,,2.544e-19,1.229e+0,4.272e-2,,,,,9.267e-1,,,5.362e-19,,,,,,,,,,6.738e-9,
650.53,3.394e+0,1.054e-19,5.648e-24,3.315e-44,5.402e-18,,,1.469e-18,2.835e-20,,7.099e-16,5.030e-19,1.849e-29,9.009e-18,5.709e-18,8.320e-16,1.049e-19,,,1.168e+0,2.226e-18,1.355e-22,5.719e-10,,3.636e-25,2.825e-19,,,2.045e-21,2.054e-17,2.709e-2,1.100e-28,,3.986e-22,5.857e-11,8.472e-17,1.124e-4,,2.518e-19,1.251e+0,4.828e-2,,,,,8.992e-1,,,5.357e-19,,,,,,,,,,5.244e-9,
650.56,3.271e+0,1.058e-19,7.011e-24,3.594e-44,5.407e-18,,,1.469e-18,2.840e-20,,7.094e-16,5.033e-19,1.850e-29,9.009e-18,5.694e-18,1.043e-15,1.050e-19,,,1.051e+0,2.226e-18,1.030e-22,8.667e-10,,3.637e-25,2.823e-19,,,8.504e-22,2.058e-17,2.383e-2,1.100e-28,,3.988e-22,9.140e-11,8.474e-17,8.561e-5,,2.480e-19,1.281e+0,5.782e-2,,,,,8.575e-1,,,5.351e-19,,,,,,,,,,3.588e-9,
650.58,3.193e+0,1.061e-19,7.919e-24,3.779e-44,5.411e-18,,,1.469e-18,2.843e-20,,7.091e-16,5.035e-19,1.850e-29,9.009e-18,5.683e-18,1.211e-15,1.050e-19,,,9.775e-1,2.226e-18,8.552e-23,1.141e-9,,3.638e-25,2.822e-19,,,5.784e-22,2.060e-17,2.184e-2,1.100e-28,,3.990e-22,1.227e-10,8.476e-17,7.124e-5,,2.454e-19,1.298e+0,6.506e-2,,,,,8.296e-1,,,5.347e-19,,,,,,,,,,2.779e-9,
650.61,3.081e+0,1.065e-19,9.281e-24,4.058e-44,5.415e-18,,,1.469e-18,2.848e-20,,7.087e-16,5.039e-19,1.851e-29,9.009e-18,5.668e-18,1.509e-15,1.051e-19,,,8.753e-1,2.227e-18,6.452e-23,1.717e-9,,3.639e-25,2.820e-19,,,5.798e-22,2.063e-17,1.909e-2,1.100e-28,,3.992e-22,1.902e-10,8.479e-17,5.389e-5,,2.416e-19,1.321e+0,7.739e-2,,,,,7.882e-1,,,5.341e-19,,,,,,,,,,1.889e-9,
650.63,3.010e+0,1.068e-19,1.019e-23,4.243e-44,5.419e-18,,,1.469e-18,2.852e-20,,7.084e-16,5.041e-19,1.852e-29,9.009e-18,5.658e-18,1.743e-15,1.051e-19,,,8.120e-1,2.227e-18,5.335e-23,2.251e-9,,3.640e-25,2.819e-19,,,5.807e-22,2.065e-17,1.742e-2,1.100e-28,,3.994e-22,2.541e-10,8.481e-17,4.464e-5,,2.390e-19,1.333e+0,8.669e-2,,,,,7.610e-1,,,5.337e-19,,,,,,,,,,1.456e-9,
650.66,2.909e+0,1.072e-19,1.155e-23,4.522e-44,5.424e-18,,,1.469e-18,2.856e-20,,7.080e-16,5.044e-19,1.853e-29,9.009e-18,5.643e-18,2.158e-15,1.051e-19,,,7.239e-1,2.228e-18,3.998e-23,3.366e-9,,3.641e-25,2.818e-19,,,5.821e-22,2.069e-17,1.513e-2,1.100e-28,,3.996e-22,3.913e-10,8.483e-17,3.354e-5,,2.352e-19,1.346e+0,1.024e-1,,,,,7.212e-1,,,5.330e-19,,,,,,,,,,9.829e-10,
650.68,2.845e+0,1.075e-19,1.246e-23,4.707e-44,5.427e-18,,,1.469e-18,2.860e-20,,7.077e-16,5.046e-19,1.853e-29,9.008e-18,5.632e-18,2.482e-15,1.051e-19,,,6.695e-1,2.228e-18,3.290e-23,4.391e-9,,3.642e-25,2.817e-19,,,5.830e-22,2.071e-17,1.375e-2,1.100e-28,,3.998e-22,5.206e-10,8.485e-17,2.766e-5,,2.326e-19,1.352e+0,1.142e-1,,,,,6.955e-1,,,5.326e-19,,,,,,,,,,7.545e-10,
650.71,2.756e+0,1.079e-19,1.382e-23,4.986e-44,5.432e-18,,,1.469e-18,2.865e-20,,7.073e-16,5.050e-19,1.854e-29,9.008e-18,5.617e-18,3.053e-15,1.052e-19,,,5.941e-1,2.229e-18,2.449e-23,6.522e-9,,3.643e-25,2.815e-19,,,5.844e-22,2.074e-17,1.187e-2,1.100e-28,,4.000e-22,7.961e-10,8.488e-17,2.064e-5,,2.288e-19,1.357e+0,1.340e-1,,,,,6.588e-1,,,5.320e-19,,,,,,,,,,5.058e-10,
650.73,2.700e+0,1.082e-19,1.473e-23,5.171e-44,5.435e-18,,,1.469e-18,2.868e-20,,7.070e-16,5.052e-19,1.855e-29,9.008e-18,5.607e-18,3.497e-15,1.052e-19,,,5.477e-1,2.229e-18,2.007e-23,8.471e-9,,3.644e-25,2.814e-19,,,5.853e-22,2.076e-17,1.074e-2,1.100e-28,,4.002e-22,1.054e-9,8.490e-17,1.695e-5,,2.262e-19,1.357e+0,1.488e-1,,,,,6.357e-1,,,5.316e-19,,,,,,,,,,3.865e-10,
650.76,2.622e+0,1.086e-19,1.609e-23,5.450e-44,5.440e-18,,,1.469e-18,2.873e-20,,7.065e-16,5.056e-19,1.856e-29,9.008e-18,5.592e-18,4.274e-15,1.053e-19,,,4.837e-1,2.230e-18,1.483e-23,1.250e-8,,3.645e-25,2.812e-19,,,5.867e-22,2.080e-17,9.210e-3,1.100e-28,,4.004e-22,1.602e-9,8.492e-17,1.256e-5,,2.224e-19,1.352e+0,1.734e-1,,,,,6.033e-1,,,5.310e-19,,,,,,,,,,2.573e-10,
650.78,2.574e+0,1.089e-19,1.700e-23,5.635e-44,5.443e-18,,,1.469e-18,2.876e-20,,7.063e-16,5.058e-19,1.856e-29,9.008e-18,5.581e-18,4.875e-15,1.053e-19,,,4.445e-1,2.230e-18,1.210e-23,1.616e-8,,3.645e-25,2.811e-19,,,5.876e-22,2.082e-17,8.297e-3,1.100e-28,,4.006e-22,2.112e-9,8.494e-17,1.026e-5,,2.198e-19,1.346e+0,1.917e-1,,,,,5.835e-1,,,5.305e-19,,,,,,,,,,1.957e-10,
650.81,2.509e+0,1.094e-19,1.836e-23,5.914e-44,5.448e-18,,,1.468e-18,2.881e-20,,7.058e-16,5.061e-19,1.857e-29,9.008e-18,5.566e-18,5.919e-15,1.053e-19,,,3.906e-1,2.231e-18,8.882e-24,2.368e-8,,3.647e-25,2.810e-19,,,5.890e-22,2.085e-17,7.071e-3,1.100e-28,,4.009e-22,3.187e-9,8.497e-17,7.556e-6,,2.160e-19,1.333e+0,2.219e-1,,,,,5.566e-1,,,5.299e-19,,,,,,,,,,1.294e-10,
650.83,2.470e+0,1.096e-19,1.927e-23,6.100e-44,5.451e-18,,,1.468e-18,2.884e-20,,7.055e-16,5.063e-19,1.858e-29,9.007e-18,5.556e-18,6.722e-15,1.053e-19,,,3.578e-1,2.231e-18,7.211e-24,3.048e-8,,3.647e-25,2.809e-19,,,5.899e-22,2.087e-17,6.343e-3,1.100e-28,,4.010e-22,4.183e-9,8.499e-17,6.146e-6,,2.134e-19,1.321e+0,2.441e-1,,,,,5.409e-1,,,5.295e-19,,,,,,,,,,9.799e-11,
650.86,2.418e+0,1.101e-19,2.064e-23,6.378e-44,5.456e-18,,,1.468e-18,2.889e-20,,7.051e-16,5.067e-19,1.858e-29,9.007e-18,5.541e-18,8.109e-15,1.054e-19,,,3.128e-1,2.232e-18,5.258e-24,4.437e-8,,3.648e-25,2.807e-19,,,5.913e-22,2.091e-17,5.371e-3,1.100e-28,,4.013e-22,6.271e-9,8.501e-17,4.494e-6,,2.096e-19,1.298e+0,2.808e-1,,,,,5.206e-1,,,5.289e-19,,,,,,,,,,6.435e-11,
650.88,2.388e+0,1.104e-19,2.154e-23,6.564e-44,5.460e-18,,,1.468e-18,2.892e-20,,7.048e-16,5.069e-19,1.859e-29,9.007e-18,5.530e-18,9.170e-15,1.054e-19,,,2.856e-1,2.232e-18,4.250e-24,5.686e-8,,3.649e-25,2.806e-19,,,5.922e-22,2.093e-17,4.797e-3,1.100e-28,,4.014e-22,8.194e-9,8.503e-17,3.639e-6,,2.070e-19,1.281e+0,3.075e-1,,,,,5.096e-1,,,5.285e-19,,,,,,,,,,4.850e-11,
650.9,2.363e+0,1.106e-19,2.245e-23,6.749e-44,5.463e-18,,,1.468e-18,2.896e-20,,7.045e-16,5.071e-19,1.860e-29,9.007e-18,5.520e-18,1.035e-14,1.054e-19,,,2.603e-1,2.232e-18,3.429e-24,7.274e-8,,3.650e-25,2.805e-19,,,5.931e-22,2.095e-17,4.277e-3,1.100e-28,,4.016e-22,1.069e-8,8.505e-17,2.941e-6,,3.032e-19,1.261e+0,3.361e-1,,,,,5.005e-1,,,5.281e-19,,,,,,,,,,3.649e-11,
650.93,2.332e+0,1.111e-19,2.382e-23,7.028e-44,5.468e-18,,,1.468e-18,2.900e-20,,7.041e-16,5.075e-19,1.860e-29,9.007e-18,5.505e-18,1.238e-14,1.055e-19,,,2.259e-1,2.233e-18,2.477e-24,1.049e-7,,3.651e-25,2.803e-19,,,5.945e-22,2.098e-17,3.590e-3,1.100e-28,,4.018e-22,1.587e-8,8.508e-17,2.130e-6,,5.355e-19,1.229e+0,3.829e-1,,,,,4.910e-1,,,5.274e-19,,,,,,,,,,2.374e-11,
650.95,2.317e+0,1.113e-19,2.472e-23,7.213e-44,5.471e-18,,,1.468e-18,2.904e-20,,7.038e-16,5.077e-19,1.861e-29,9.007e-18,5.495e-18,1.391e-14,1.055e-19,,,2.052e-1,2.233e-18,1.990e-24,1.336e-7,,3.652e-25,2.802e-19,,,5.954e-22,2.100e-17,3.187e-3,1.100e-28,,4.020e-22,2.061e-8,8.509e-17,1.714e-6,,7.808e-19,1.204e+0,4.168e-1,,,,,4.874e-1,,,5.270e-19,,,,,,,,,,1.778e-11,
650.98,2.303e+0,1.118e-19,2.609e-23,7.492e-44,5.476e-18,,,1.468e-18,2.909e-20,,7.034e-16,5.080e-19,1.862e-29,9.006e-18,5.479e-18,1.652e-14,1.055e-19,,,1.772e-1,2.234e-18,1.428e-24,1.913e-7,,3.653e-25,2.801e-19,,,5.968e-22,2.104e-17,2.657e-3,1.100e-28,,4.023e-22,3.040e-8,8.512e-17,1.233e-6,,1.370e-18,1.165e+0,4.716e-1,,,,,4.863e-1,,,5.264e-19,,,,,,,,,,1.148e-11,
651,2.299e+0,1.121e-19,2.699e-23,7.677e-44,5.479e-18,,,1.468e-18,2.912e-20,,7.031e-16,5.083e-19,1.863e-29,9.006e-18,5.469e-18,1.849e-14,1.056e-19,,,1.603e-1,2.234e-18,1.143e-24,2.426e-7,,3.654e-25,2.800e-19,,,5.977e-22,2.106e-17,2.349e-3,1.100e-28,,4.024e-22,3.930e-8,8.514e-17,9.875e-7,,1.988e-18,1.137e+0,5.109e-1,,,,,4.885e-1,,,5.260e-19,,,,,,,,,,8.562e-12,
651.03,2.302e+0,1.125e-19,2.836e-23,7.956e-44,5.484e-18,,,1.468e-18,2.917e-20,,7.027e-16,5.086e-19,1.863e-29,9.006e-18,5.454e-18,2.183e-14,1.056e-19,,,1.377e-1,2.235e-18,8.156e-25,3.451e-7,,3.655e-25,2.798e-19,,,5.991e-22,2.109e-17,1.946e-3,1.101e-28,,4.027e-22,5.758e-8,8.517e-17,7.055e-7,,3.465e-18,1.092e+0,5.742e-1,,,,,4.963e-1,,,5.254e-19,,,,,,,,,,5.493e-12,
651.05,2.311e+0,1.128e-19,2.927e-23,8.141e-44,5.487e-18,,,1.468e-18,2.920e-20,,7.024e-16,5.088e-19,1.864e-29,9.006e-18,5.443e-18,2.432e-14,1.056e-19,,,1.241e-1,2.235e-18,6.506e-25,4.356e-7,,3.656e-25,2.797e-19,,,6.000e-22,2.111e-17,1.713e-3,1.101e-28,,4.028e-22,7.411e-8,8.518e-17,5.626e-7,,5.007e-18,1.061e+0,6.193e-1,,,,,5.045e-1,,,5.249e-19,,,,,,,,,,4.077e-12,
651.08,2.333e+0,1.132e-19,3.063e-23,8.420e-44,5.492e-18,,,1.468e-18,2.925e-20,,7.019e-16,5.092e-19,1.865e-29,9.006e-18,5.428e-18,2.853e-14,1.057e-19,,,1.060e-1,2.236e-18,4.632e-25,6.156e-7,,3.657e-25,2.795e-19,,,6.014e-22,2.115e-17,1.410e-3,1.101e-28,,4.031e-22,1.078e-7,8.521e-17,3.993e-7,,8.669e-18,1.013e+0,6.914e-1,,,,,5.215e-1,,,5.243e-19,,,,,,,,,,2.598e-12,
651.1,2.354e+0,1.135e-19,3.154e-23,8.606e-44,5.495e-18,,,1.468e-18,2.928e-20,,7.017e-16,5.094e-19,1.865e-29,9.006e-18,5.418e-18,3.165e-14,1.057e-19,,,9.520e-2,2.236e-18,3.698e-25,7.735e-7,,3.657e-25,2.794e-19,,,6.023e-22,2.117e-17,1.236e-3,1.101e-28,,4.032e-22,1.382e-7,8.523e-17,3.171e-7,,1.247e-17,9.795e-1,7.424e-1,,,,,5.359e-1,,,5.239e-19,,,,,,,,,,1.919e-12,
651.13,2.396e+0,1.139e-19,3.290e-23,8.884e-44,5.500e-18,,,1.468e-18,2.933e-20,,7.012e-16,5.097e-19,1.866e-29,9.006e-18,5.403e-18,3.688e-14,1.057e-19,,,8.081e-2,2.237e-18,2.653e-25,1.086e-6,,3.659e-25,2.793e-19,,,6.037e-22,2.120e-17,1.011e-3,1.101e-28,,4.035e-22,1.998e-7,8.526e-17,2.237e-7,,2.145e-17,9.284e-1,8.232e-1,,,,,5.621e-1,,,5.233e-19,,,,,,,,,,1.215e-12,
651.15,2.430e+0,1.142e-19,3.381e-23,9.070e-44,5.504e-18,,,1.468e-18,2.936e-20,,7.009e-16,5.100e-19,1.867e-29,9.005e-18,5.392e-18,4.075e-14,1.058e-19,,,7.231e-2,2.237e-18,2.143e-25,1.358e-6,,3.659e-25,2.792e-19,,,6.047e-22,2.122e-17,8.822e-4,1.101e-28,,4.037e-22,2.548e-7,8.527e-17,1.771e-7,,3.071e-17,8.938e-1,8.799e-1,,,,,5.827e-1,,,5.229e-19,,,,,,,,,,8.934e-13,
651.18,2.490e+0,1.146e-19,3.517e-23,9.348e-44,5.509e-18,,,1.468e-18,2.941e-20,,7.005e-16,5.103e-19,1.868e-29,9.005e-18,5.377e-18,4.718e-14,1.058e-19,,,6.103e-2,2.237e-18,1.595e-25,1.894e-6,,3.660e-25,2.790e-19,,,6.060e-22,2.126e-17,7.171e-4,1.101e-28,,4.039e-22,3.659e-7,8.530e-17,1.245e-7,,5.247e-17,8.415e-1,9.691e-1,,,,,6.180e-1,,,5.222e-19,,,,,,,,,,5.615e-13,
651.2,2.537e+0,1.149e-19,3.608e-23,9.534e-44,5.512e-18,,,1.468e-18,2.944e-20,,7.002e-16,5.105e-19,1.868e-29,9.005e-18,5.367e-18,5.191e-14,1.058e-19,,,5.439e-2,2.238e-18,1.346e-25,2.359e-6,,3.661e-25,2.789e-19,,,6.070e-22,2.128e-17,6.233e-4,1.101e-28,,4.041e-22,4.646e-7,8.532e-17,9.850e-8,,7.481e-17,8.065e-1,1.031e+0,,,,,6.445e-1,,,5.218e-19,,,,,,,,,,4.111e-13,
651.23,2.617e+0,1.153e-19,3.744e-23,9.812e-44,5.517e-18,,,1.467e-18,2.949e-20,,6.998e-16,5.109e-19,1.869e-29,9.005e-18,5.352e-18,5.972e-14,1.059e-19,,,4.563e-2,2.238e-18,1.113e-25,3.267e-6,,3.662e-25,2.788e-19,,,6.083e-22,2.131e-17,5.037e-4,1.101e-28,,4.043e-22,6.627e-7,8.535e-17,6.964e-8,,1.269e-16,7.542e-1,1.128e+0,,,,,6.885e-1,,,5.212e-19,,,,,,,,,,2.566e-13,
651.25,2.676e+0,1.156e-19,3.835e-23,9.998e-44,5.520e-18,,,1.467e-18,2.952e-20,,6.995e-16,5.111e-19,1.870e-29,9.005e-18,5.341e-18,6.543e-14,1.059e-19,,,4.051e-2,2.239e-18,1.040e-25,4.050e-6,,3.663e-25,2.787e-19,,,6.093e-22,2.133e-17,4.363e-4,1.101e-28,,4.045e-22,8.377e-7,8.536e-17,5.567e-8,,1.802e-16,7.196e-1,1.195e+0,,,,,7.206e-1,,,5.208e-19,,,,,,,,,,1.870e-13,
651.27,2.740e+0,1.159e-19,3.926e-23,1.018e-43,5.523e-18,,,1.467e-18,2.956e-20,,6.992e-16,5.113e-19,1.870e-29,9.005e-18,5.331e-18,7.155e-14,1.059e-19,,,3.590e-2,2.239e-18,1.026e-25,5.012e-6,,3.664e-25,2.785e-19,,,6.102e-22,2.136e-17,3.774e-4,1.101e-28,,4.047e-22,1.057e-6,8.538e-17,4.501e-8,,2.557e-16,6.853e-1,1.264e+0,,,,,7.548e-1,,,5.204e-19,,,,,,,,,,1.361e-13,
651.3,2.844e+0,1.163e-19,4.062e-23,1.046e-43,5.528e-18,,,1.467e-18,2.961e-20,,6.988e-16,5.117e-19,1.871e-29,9.004e-18,5.316e-18,8.158e-14,1.060e-19,,,2.987e-2,2.240e-18,1.114e-25,6.877e-6,,3.665e-25,2.784e-19,,,6.116e-22,2.139e-17,3.031e-4,1.101e-28,,4.049e-22,1.494e-6,8.541e-17,3.401e-8,,4.299e-16,6.348e-1,1.369e+0,,,,,8.098e-1,,,5.197e-19,,,,,,,,,,8.413e-14,
651.32,2.919e+0,1.166e-19,4.153e-23,1.065e-43,5.531e-18,,,1.467e-18,2.964e-20,,6.985e-16,5.119e-19,1.872e-29,9.004e-18,5.306e-18,8.884e-14,1.060e-19,,,2.636e-2,2.240e-18,1.248e-25,8.473e-6,,3.666e-25,2.783e-19,,,6.125e-22,2.141e-17,2.617e-4,1.101e-28,,4.051e-22,1.877e-6,8.543e-17,2.942e-8,,6.065e-16,6.018e-1,1.441e+0,,,,,8.489e-1,,,5.193e-19,,,,,,,,,,6.092e-14,
651.35,3.038e+0,1.171e-19,4.289e-23,1.093e-43,5.536e-18,,,1.467e-18,2.969e-20,,6.981e-16,5.122e-19,1.873e-29,9.004e-18,5.290e-18,1.006e-13,1.060e-19,,,2.179e-2,2.241e-18,1.576e-25,1.155e-5,,3.667e-25,2.781e-19,,,6.139e-22,2.144e-17,2.100e-4,1.101e-28,,4.053e-22,2.634e-6,8.545e-17,2.602e-8,,1.013e-15,5.537e-1,1.552e+0,,,,,9.106e-1,,,5.187e-19,,,,,,,,,,3.741e-14,
651.37,3.121e+0,1.173e-19,4.380e-23,1.111e-43,5.540e-18,,,1.467e-18,2.972e-20,,6.978e-16,5.125e-19,1.873e-29,9.004e-18,5.280e-18,1.091e-13,1.061e-19,,,1.916e-2,2.241e-18,1.893e-25,1.416e-5,,3.668e-25,2.780e-19,,,6.148e-22,2.147e-17,1.815e-4,1.101e-28,,4.055e-22,3.294e-6,8.547e-17,2.591e-8,,1.423e-15,5.226e-1,1.626e+0,,,,,9.536e-1,,,5.183e-19,,,,,,,,,,2.697e-14,
651.4,3.252e+0,1.178e-19,4.516e-23,1.139e-43,5.545e-18,,,1.467e-18,2.977e-20,,6.973e-16,5.128e-19,1.874e-29,9.004e-18,5.265e-18,1.229e-13,1.061e-19,,,1.574e-2,2.242e-18,2.552e-25,1.917e-5,,3.669e-25,2.779e-19,,,6.162e-22,2.150e-17,1.465e-4,1.101e-28,,4.057e-22,4.592e-6,8.550e-17,2.899e-8,,2.360e-15,4.776e-1,1.738e+0,,,,,1.021e+0,,,5.177e-19,,,,,,,,,,1.645e-14,
651.42,3.343e+0,1.181e-19,4.607e-23,1.158e-43,5.548e-18,,,1.467e-18,2.980e-20,,6.970e-16,5.130e-19,1.875e-29,9.004e-18,5.255e-18,1.327e-13,1.061e-19,,,1.378e-2,2.242e-18,3.141e-25,2.341e-5,,3.669e-25,2.778e-19,,,6.171e-22,2.152e-17,1.277e-4,1.101e-28,,4.059e-22,5.718e-6,8.552e-17,3.341e-8,,3.300e-15,4.487e-1,1.813e+0,,,,,1.067e+0,,,5.172e-19,,,,,,,,,,1.180e-14,
651.45,3.482e+0,1.185e-19,4.743e-23,1.185e-43,5.553e-18,,,1.467e-18,2.985e-20,,6.966e-16,5.134e-19,1.876e-29,9.003e-18,5.239e-18,1.484e-13,1.062e-19,,,1.125e-2,2.242e-18,4.312e-25,3.148e-5,,3.671e-25,2.776e-19,,,6.185e-22,2.155e-17,1.052e-4,1.101e-28,,4.061e-22,7.918e-6,8.554e-17,4.430e-8,,5.437e-15,4.072e-1,1.926e+0,,,,,1.138e+0,,,5.166e-19,,,,,,,,,,7.149e-15,
651.47,3.577e+0,1.188e-19,4.834e-23,1.204e-43,5.556e-18,,,1.467e-18,2.988e-20,,6.963e-16,5.136e-19,1.876e-29,9.003e-18,5.229e-18,1.595e-13,1.062e-19,,,9.808e-3,2.243e-18,5.332e-25,3.827e-5,,3.671e-25,2.775e-19,,,6.194e-22,2.158e-17,9.370e-5,1.101e-28,,4.063e-22,9.815e-6,8.556e-17,5.503e-8,,7.569e-15,3.809e-1,2.000e+0,,,,,1.186e+0,,,5.162e-19,,,,,,,,,,5.107e-15,
651.5,3.720e+0,1.192e-19,4.970e-23,1.232e-43,5.561e-18,,,1.467e-18,2.993e-20,,6.959e-16,5.139e-19,1.877e-29,9.003e-18,5.214e-18,1.773e-13,1.062e-19,,,7.958e-3,2.243e-18,7.329e-25,5.111e-5,,3.672e-25,2.773e-19,,,6.208e-22,2.161e-17,8.096e-5,1.101e-28,,4.065e-22,1.350e-5,8.559e-17,7.795e-8,,1.239e-14,3.434e-1,2.110e+0,,,,,1.259e+0,,,5.156e-19,,,,,,,,,,3.072e-15,
651.52,3.816e+0,1.195e-19,5.061e-23,1.250e-43,5.564e-18,,,1.467e-18,2.996e-20,,6.956e-16,5.142e-19,1.878e-29,9.003e-18,5.203e-18,1.898e-13,1.063e-19,,,6.908e-3,2.244e-18,9.050e-25,6.186e-5,,3.673e-25,2.772e-19,,,6.217e-22,2.163e-17,7.523e-5,1.101e-28,,4.067e-22,1.666e-5,8.561e-17,9.909e-8,,1.717e-14,3.197e-1,2.181e+0,,,,,1.308e+0,,,5.152e-19,,,,,,,,,,2.185e-15,
651.55,3.958e+0,1.199e-19,5.197e-23,1.278e-43,5.569e-18,,,1.467e-18,3.001e-20,,6.952e-16,5.145e-19,1.879e-29,9.003e-18,5.188e-18,2.096e-13,1.063e-19,,,5.569e-3,2.244e-18,1.238e-24,8.207e-5,,3.674e-25,2.771e-19,,,6.231e-22,2.166e-17,7.048e-5,1.102e-28,,4.070e-22,2.276e-5,8.563e-17,1.427e-7,,2.792e-14,2.863e-1,2.285e+0,,,,,1.381e+0,,,5.145e-19,,,,,,,,,,1.305e-15,
651.57,4.052e+0,1.202e-19,5.288e-23,1.297e-43,5.572e-18,,,1.467e-18,3.004e-20,,6.949e-16,5.147e-19,1.879e-29,9.003e-18,5.178e-18,2.235e-13,1.063e-19,,,4.813e-3,2.245e-18,1.524e-24,9.887e-5,,3.675e-25,2.770e-19,,,6.240e-22,2.169e-17,6.977e-5,1.102e-28,,4.071e-22,2.796e-5,8.565e-17,1.820e-7,,3.852e-14,2.654e-1,2.352e+0,,,,,1.430e+0,,,5.141e-19,,,,,,,,,,9.240e-16,
651.6,4.189e+0,1.206e-19,5.424e-23,1.325e-43,5.577e-18,,,1.467e-18,3.009e-20,,6.945e-16,5.151e-19,1.880e-29,9.003e-18,5.163e-18,2.452e-13,1.064e-19,,,3.855e-3,2.245e-18,2.073e-24,1.303e-4,,3.676e-25,2.768e-19,,,6.254e-22,2.172e-17,7.230e-5,1.102e-28,,4.074e-22,3.795e-5,8.568e-17,2.620e-7,,6.221e-14,2.360e-1,2.447e+0,,,,,1.501e+0,,,5.135e-19,,,,,,,,,,5.484e-16,
651.62,4.276e+0,1.209e-19,5.515e-23,1.343e-43,5.580e-18,,,1.467e-18,3.013e-20,,6.942e-16,5.153e-19,1.881e-29,9.002e-18,5.152e-18,2.603e-13,1.064e-19,,,3.318e-3,2.246e-18,2.539e-24,1.563e-4,,3.677e-25,2.767e-19,,,6.263e-22,2.174e-17,7.643e-5,1.102e-28,,4.075e-22,4.642e-5,8.570e-17,3.335e-7,,8.545e-14,2.178e-1,2.508e+0,,,,,1.547e+0,,,5.131e-19,,,,,,,,,,3.864e-16,
651.65,4.402e+0,1.213e-19,5.652e-23,1.371e-43,5.585e-18,,,1.467e-18,3.017e-20,,6.937e-16,5.156e-19,1.882e-29,9.002e-18,5.137e-18,2.838e-13,1.064e-19,,,2.640e-3,2.246e-18,3.432e-24,2.046e-4,,3.678e-25,2.765e-19,,,6.277e-22,2.177e-17,8.647e-5,1.102e-28,,4.078e-22,6.257e-5,8.572e-17,4.776e-7,,1.371e-13,1.924e-1,2.592e+0,,,,,1.615e+0,,,5.125e-19,,,,,,,,,,2.277e-16,
651.67,4.481e+0,1.216e-19,5.742e-23,1.390e-43,5.589e-18,,,1.466e-18,3.021e-20,,6.934e-16,5.158e-19,1.882e-29,9.002e-18,5.127e-18,3.000e-13,1.065e-19,,,2.262e-3,2.246e-18,4.186e-24,2.443e-4,,3.679e-25,2.764e-19,,,6.286e-22,2.180e-17,9.591e-5,1.102e-28,,4.079e-22,7.619e-5,8.574e-17,6.056e-7,,1.875e-13,1.767e-1,2.644e+0,,,,,1.658e+0,,,5.120e-19,,,,,,,,,,1.597e-16,
651.69,4.555e+0,1.219e-19,5.833e-23,1.408e-43,5.592e-18,,,1.466e-18,3.024e-20,,6.932e-16,5.161e-19,1.883e-29,9.002e-18,5.117e-18,3.166e-13,1.065e-19,,,1.935e-3,2.247e-18,5.097e-24,2.911e-4,,3.680e-25,2.763e-19,,,6.296e-22,2.182e-17,1.077e-4,1.102e-28,,4.081e-22,9.260e-5,8.576e-17,7.666e-7,,2.559e-13,1.620e-1,2.692e+0,,,,,1.699e+0,,,5.116e-19,,,,,,,,,,1.118e-16,
651.72,4.658e+0,1.223e-19,5.969e-23,1.436e-43,5.597e-18,,,1.466e-18,3.029e-20,,6.927e-16,5.164e-19,1.884e-29,9.002e-18,5.101e-18,3.422e-13,1.065e-19,,,1.526e-3,2.247e-18,6.824e-24,3.775e-4,,3.681e-25,2.762e-19,,,6.309e-22,2.185e-17,1.304e-4,1.102e-28,,4.084e-22,1.237e-4,8.579e-17,1.088e-6,,4.068e-13,1.418e-1,2.756e+0,,,,,1.757e+0,,,5.110e-19,,,,,,,,,,6.529e-17,
651.74,4.719e+0,1.226e-19,6.060e-23,1.455e-43,5.600e-18,,,1.466e-18,3.032e-20,,6.924e-16,5.166e-19,1.884e-29,9.002e-18,5.091e-18,3.596e-13,1.066e-19,,,1.300e-3,2.248e-18,8.272e-24,4.480e-4,,3.681e-25,2.761e-19,,,6.319e-22,2.187e-17,1.493e-4,1.102e-28,,4.085e-22,1.496e-4,8.580e-17,1.372e-6,,5.528e-13,1.294e-1,2.794e+0,,,,,1.793e+0,,,5.106e-19,,,,,,,,,,4.550e-17,
651.77,4.799e+0,1.231e-19,6.197e-23,1.482e-43,5.605e-18,,,1.466e-18,3.037e-20,,6.920e-16,5.170e-19,1.885e-29,9.001e-18,5.076e-18,3.861e-13,1.066e-19,,,1.018e-3,2.248e-18,1.100e-23,5.770e-4,,3.683e-25,2.759e-19,,,6.332e-22,2.191e-17,1.839e-4,1.102e-28,,4.088e-22,1.985e-4,8.583e-17,1.935e-6,,8.729e-13,1.125e-1,2.841e+0,,,,,1.843e+0,,,5.100e-19,,,,,,,,,,2.638e-17,
651.79,4.844e+0,1.233e-19,6.287e-23,1.501e-43,5.608e-18,,,1.466e-18,3.040e-20,,6.917e-16,5.172e-19,1.886e-29,9.001e-18,5.066e-18,4.040e-13,1.066e-19,,,8.634e-4,2.249e-18,1.328e-23,6.816e-4,,3.683e-25,2.758e-19,,,6.342e-22,2.193e-17,2.118e-4,1.102e-28,,4.089e-22,2.391e-4,8.585e-17,2.428e-6,,1.181e-12,1.022e-1,2.867e+0,,,,,1.872e+0,,,5.096e-19,,,,,,,,,,1.830e-17,
651.82,4.898e+0,1.238e-19,6.424e-23,1.529e-43,5.613e-18,,,1.466e-18,3.045e-20,,6.913e-16,5.175e-19,1.887e-29,9.001e-18,5.050e-18,4.311e-13,1.067e-19,,,6.720e-4,2.249e-18,1.754e-23,8.722e-4,,3.684e-25,2.756e-19,,,6.355e-22,2.196e-17,2.621e-4,1.102e-28,,4.092e-22,3.151e-4,8.587e-17,3.401e-6,,1.852e-12,8.823e-2,2.896e+0,,,,,1.911e+0,,,5.089e-19,,,,,,,,,,1.054e-17,
651.84,4.925e+0,1.240e-19,6.515e-23,1.547e-43,5.616e-18,,,1.466e-18,3.048e-20,,6.910e-16,5.178e-19,1.887e-29,9.001e-18,5.040e-18,4.492e-13,1.067e-19,,,5.673e-4,2.250e-18,2.107e-23,1.026e-3,,3.685e-25,2.755e-19,,,6.365e-22,2.198e-17,3.020e-4,1.102e-28,,4.093e-22,3.778e-4,8.589e-17,4.248e-6,,2.495e-12,7.981e-2,2.909e+0,,,,,1.934e+0,,,5.085e-19,,,,,,,,,,7.279e-18,
651.87,4.951e+0,1.245e-19,6.651e-23,1.575e-43,5.621e-18,,,1.466e-18,3.053e-20,,6.906e-16,5.181e-19,1.888e-29,9.001e-18,5.025e-18,4.762e-13,1.067e-19,,,4.386e-4,2.250e-18,2.765e-23,1.304e-3,,3.686e-25,2.754e-19,,,6.379e-22,2.202e-17,3.730e-4,1.102e-28,,4.096e-22,4.945e-4,8.592e-17,5.912e-6,,3.887e-12,6.843e-2,2.919e+0,,,,,1.961e+0,,,5.079e-19,,,,,,,,,,4.163e-18,
651.89,4.958e+0,1.248e-19,6.742e-23,1.594e-43,5.625e-18,,,1.466e-18,3.057e-20,,6.903e-16,5.183e-19,1.889e-29,9.001e-18,5.015e-18,4.941e-13,1.068e-19,,,3.686e-4,2.251e-18,3.307e-23,1.526e-3,,3.687e-25,2.753e-19,,,6.388e-22,2.204e-17,4.288e-4,1.102e-28,,4.098e-22,5.904e-4,8.594e-17,7.352e-6,,5.213e-12,6.162e-2,2.919e+0,,,,,1.975e+0,,,5.075e-19,,,,,,,,,,2.862e-18,
651.92,4.954e+0,1.252e-19,6.878e-23,1.622e-43,5.629e-18,,,1.466e-18,3.061e-20,,6.898e-16,5.187e-19,1.889e-29,9.000e-18,4.999e-18,5.206e-13,1.068e-19,,,2.831e-4,2.251e-18,4.311e-23,1.927e-3,,3.688e-25,2.751e-19,,,6.402e-22,2.207e-17,5.273e-4,1.102e-28,,4.100e-22,7.675e-4,8.596e-17,1.016e-5,,8.068e-12,5.248e-2,2.909e+0,,,,,1.989e+0,,,5.069e-19,,,,,,,,,,1.626e-18,
651.94,4.942e+0,1.255e-19,6.969e-23,1.640e-43,5.633e-18,,,1.466e-18,3.065e-20,,6.896e-16,5.189e-19,1.890e-29,9.000e-18,4.989e-18,5.378e-13,1.068e-19,,,2.369e-4,2.251e-18,5.133e-23,2.245e-3,,3.689e-25,2.750e-19,,,6.411e-22,2.209e-17,6.040e-4,1.102e-28,,4.102e-22,9.122e-4,8.598e-17,1.258e-5,,1.077e-11,4.704e-2,2.896e+0,,,,,1.994e+0,,,5.064e-19,,,,,,,,,,1.113e-18,
651.97,4.907e+0,1.259e-19,7.105e-23,1.668e-43,5.638e-18,,,1.466e-18,3.070e-20,,6.891e-16,5.192e-19,1.891e-29,9.000e-18,4.974e-18,5.630e-13,1.069e-19,,,1.807e-4,2.252e-18,6.647e-23,2.816e-3,,3.690e-25,2.748e-19,,,6.425e-22,2.213e-17,7.385e-4,1.102e-28,,4.104e-22,1.178e-3,8.601e-17,1.728e-5,,1.656e-11,3.979e-2,2.867e+0,,,,,1.996e+0,,,5.058e-19,,,,,,,,,,6.277e-19,
651.99,4.874e+0,1.262e-19,7.196e-23,1.687e-43,5.641e-18,,,1.466e-18,3.073e-20,,6.888e-16,5.195e-19,1.891e-29,9.000e-18,4.963e-18,5.793e-13,1.069e-19,,,1.506e-4,2.252e-18,7.879e-23,3.267e-3,,3.691e-25,2.747e-19,,,6.434e-22,2.215e-17,8.426e-4,1.102e-28,,4.106e-22,1.394e-3,8.603e-17,2.129e-5,,2.201e-11,3.551e-2,2.841e+0,,,,,1.992e+0,,,5.054e-19,,,,,,,,,,4.276e-19,
652.02,4.810e+0,1.266e-19,7.332e-23,1.714e-43,5.646e-18,,,1.466e-18,3.078e-20,,6.884e-16,5.198e-19,1.892e-29,9.000e-18,4.948e-18,6.026e-13,1.069e-19,,,1.141e-4,2.253e-18,1.013e-22,4.069e-3,,3.692e-25,2.746e-19,,,6.448e-22,2.218e-17,1.024e-3,1.102e-28,,4.108e-22,1.788e-3,8.605e-17,2.904e-5,,3.362e-11,2.983e-2,2.794e+0,,,,,1.980e+0,,,5.048e-19,,,,,,,,,,2.396e-19,
652.04,4.758e+0,1.269e-19,7.423e-23,1.733e-43,5.649e-18,,,1.466e-18,3.081e-20,,6.881e-16,5.200e-19,1.893e-29,9.000e-18,4.938e-18,6.173e-13,1.070e-19,,,9.463e-5,2.253e-18,1.196e-22,4.700e-3,,3.693e-25,2.745e-19,,,6.457e-22,2.220e-17,1.163e-3,1.103e-28,,4.110e-22,2.106e-3,8.607e-17,3.564e-5,,4.448e-11,2.650e-2,2.756e+0,,,,,1.967e+0,,,5.044e-19,,,,,,,,,,,
652.06,4.698e+0,1.272e-19,7.514e-23,1.752e-43,5.652e-18,,,1.466e-18,3.084e-20,,6.878e-16,5.203e-19,1.894e-29,9.000e-18,4.928e-18,6.314e-13,1.070e-19,,,7.835e-5,2.254e-18,1.409e-22,5.419e-3,,3.693e-25,2.744e-19,,,6.466e-22,2.223e-17,1.319e-3,1.103e-28,,4.112e-22,2.476e-3,8.609e-17,4.365e-5,,5.875e-11,2.350e-2,2.714e+0,,,,,1.951e+0,,,5.039e-19,,,,,,,,,,,
652.09,4.596e+0,1.276e-19,7.650e-23,1.779e-43,5.657e-18,,,1.465e-18,3.089e-20,,6.874e-16,5.206e-19,1.894e-29,8.999e-18,4.912e-18,6.509e-13,1.070e-19,,,5.882e-5,2.254e-18,1.795e-22,6.687e-3,,3.694e-25,2.742e-19,,,6.480e-22,2.226e-17,1.588e-3,1.103e-28,,4.114e-22,3.147e-3,8.612e-17,5.898e-5,,8.890e-11,1.956e-2,2.644e+0,,,,,1.921e+0,,,5.033e-19,,,,,,,,,,,
652.11,4.520e+0,1.279e-19,7.741e-23,1.798e-43,5.661e-18,,,1.465e-18,3.092e-20,,6.871e-16,5.208e-19,1.895e-29,8.999e-18,4.902e-18,6.629e-13,1.071e-19,,,4.848e-5,2.255e-18,2.105e-22,7.676e-3,,3.695e-25,2.741e-19,,,6.489e-22,2.228e-17,1.794e-3,1.103e-28,,4.116e-22,3.684e-3,8.614e-17,7.192e-5,,1.169e-10,1.727e-2,2.592e+0,,,,,1.897e+0,,,5.029e-19,,,,,,,,,,,
652.14,4.393e+0,1.283e-19,7.877e-23,1.826e-43,5.665e-18,,,1.465e-18,3.097e-20,,6.867e-16,5.212e-19,1.896e-29,8.999e-18,4.887e-18,6.792e-13,1.071e-19,,,3.615e-5,2.255e-18,2.664e-22,9.409e-3,,3.696e-25,2.739e-19,,,6.503e-22,2.231e-17,2.146e-3,1.103e-28,,4.118e-22,4.650e-3,8.616e-17,9.652e-5,,1.757e-10,1.427e-2,2.508e+0,,,,,1.855e+0,,,5.023e-19,,,,,,,,,,,
652.16,4.302e+0,1.286e-19,7.968e-23,1.844e-43,5.669e-18,,,1.465e-18,3.100e-20,,6.864e-16,5.214e-19,1.896e-29,8.999e-18,4.877e-18,6.888e-13,1.071e-19,,,2.967e-5,2.255e-18,3.110e-22,1.075e-2,,3.697e-25,2.738e-19,,,6.512e-22,2.234e-17,2.413e-3,1.103e-28,,4.120e-22,5.419e-3,8.618e-17,1.172e-4,,2.300e-10,1.254e-2,2.447e+0,,,,,1.824e+0,,,5.019e-19,,,,,,,,,,,
652.19,4.157e+0,1.290e-19,8.104e-23,1.872e-43,5.674e-18,,,1.465e-18,3.105e-20,,6.860e-16,5.217e-19,1.897e-29,8.999e-18,4.861e-18,7.012e-13,1.072e-19,,,2.198e-5,2.256e-18,3.909e-22,1.309e-2,,3.698e-25,2.737e-19,,,6.526e-22,2.237e-17,2.868e-3,1.103e-28,,4.122e-22,6.794e-3,8.621e-17,1.562e-4,,3.435e-10,1.030e-2,2.352e+0,,,,,1.772e+0,,,5.012e-19,,,,,,,,,,,
652.21,4.054e+0,1.293e-19,8.195e-23,1.891e-43,5.677e-18,,,1.465e-18,3.109e-20,,6.857e-16,5.220e-19,1.898e-29,8.999e-18,4.851e-18,7.081e-13,1.072e-19,,,1.795e-5,2.256e-18,4.543e-22,1.489e-2,,3.699e-25,2.736e-19,,,6.535e-22,2.239e-17,3.211e-3,1.103e-28,,4.124e-22,7.882e-3,8.622e-17,1.888e-4,,4.477e-10,9.009e-3,2.285e+0,,,,,1.734e+0,,,5.008e-19,,,,,,,,,,,
652.24,3.893e+0,1.298e-19,8.331e-23,1.919e-43,5.682e-18,,,1.465e-18,3.113e-20,,6.852e-16,5.223e-19,1.899e-29,8.998e-18,4.836e-18,7.162e-13,1.072e-19,,,1.321e-5,2.257e-18,5.674e-22,1.801e-2,,3.700e-25,2.734e-19,,,6.549e-22,2.242e-17,3.791e-3,1.103e-28,,4.126e-22,9.817e-3,8.625e-17,2.500e-4,,6.640e-10,7.347e-3,2.181e+0,,,,,1.673e+0,,,5.002e-19,,,,,,,,,,,
652.26,3.782e+0,1.300e-19,8.422e-23,1.937e-43,5.685e-18,,,1.465e-18,3.117e-20,,6.850e-16,5.225e-19,1.899e-29,8.998e-18,4.826e-18,7.202e-13,1.073e-19,,,1.074e-5,2.257e-18,6.564e-22,2.040e-2,,3.701e-25,2.733e-19,,,6.558e-22,2.245e-17,4.226e-3,1.103e-28,,4.128e-22,1.134e-2,8.627e-17,3.008e-4,,8.616e-10,6.398e-3,2.110e+0,,,,,1.630e+0,,,4.998e-19,,,,,,,,,,,
652.29,3.611e+0,1.305e-19,8.558e-23,1.965e-43,5.690e-18,,,1.465e-18,3.122e-20,,6.845e-16,5.229e-19,1.900e-29,8.998e-18,4.810e-18,7.240e-13,1.073e-19,,,7.850e-6,2.258e-18,8.143e-22,2.450e-2,,3.702e-25,2.732e-19,,,6.572e-22,2.248e-17,4.958e-3,1.103e-28,,4.131e-22,1.403e-2,8.630e-17,3.957e-4,,1.269e-9,5.182e-3,2.000e+0,,,,,1.562e+0,,,4.992e-19,,,,,,,,,,,
652.31,3.495e+0,1.308e-19,8.649e-23,1.984e-43,5.693e-18,,,1.465e-18,3.125e-20,,6.842e-16,5.231e-19,1.901e-29,8.998e-18,4.800e-18,7.249e-13,1.073e-19,,,6.355e-6,2.258e-18,9.379e-22,2.762e-2,,3.703e-25,2.731e-19,,,6.581e-22,2.250e-17,5.503e-3,1.103e-28,,4.132e-22,1.613e-2,8.631e-17,4.740e-4,,1.640e-9,4.493e-3,1.926e+0,,,,,1.515e+0,,,4.987e-19,,,,,,,,,,,
652.34,3.319e+0,1.312e-19,8.785e-23,2.011e-43,5.698e-18,,,1.465e-18,3.130e-20,,6.838e-16,5.234e-19,1.902e-29,8.998e-18,4.785e-18,7.240e-13,1.074e-19,,,4.614e-6,2.259e-18,1.156e-21,3.296e-2,,3.704e-25,2.729e-19,,,6.595e-22,2.253e-17,6.415e-3,1.103e-28,,4.135e-22,1.982e-2,8.634e-17,6.193e-4,,2.400e-9,3.615e-3,1.813e+0,,,,,1.442e+0,,,4.981e-19,,,,,,,,,,,
652.36,3.201e+0,1.315e-19,8.876e-23,2.030e-43,5.701e-18,,,1.465e-18,3.133e-20,,6.835e-16,5.237e-19,1.902e-29,8.998e-18,4.775e-18,7.219e-13,1.074e-19,,,3.718e-6,2.259e-18,1.325e-21,3.700e-2,,3.705e-25,2.728e-19,,,6.604e-22,2.256e-17,7.091e-3,1.103e-28,,4.136e-22,2.269e-2,8.636e-17,7.385e-4,,3.087e-9,3.120e-3,1.738e+0,,,,,1.392e+0,,,4.977e-19,,,,,,,,,,,
652.39,3.025e+0,1.319e-19,9.012e-23,2.058e-43,5.706e-18,,,1.465e-18,3.138e-20,,6.831e-16,5.240e-19,1.903e-29,8.997e-18,4.759e-18,7.165e-13,1.074e-19,,,2.681e-6,2.260e-18,1.622e-21,4.385e-2,,3.706e-25,2.726e-19,,,6.618e-22,2.259e-17,8.213e-3,1.103e-28,,4.139e-22,2.769e-2,8.639e-17,9.585e-4,,4.489e-9,2.493e-3,1.626e+0,,,,,1.316e+0,,,4.971e-19,,,,,,,,,,,
652.41,2.909e+0,1.322e-19,9.103e-23,2.076e-43,5.710e-18,,,1.465e-18,3.141e-20,,6.828e-16,5.242e-19,1.904e-29,8.997e-18,4.749e-18,7.114e-13,1.075e-19,,,2.151e-6,2.260e-18,1.851e-21,4.900e-2,,3.706e-25,2.725e-19,,,6.628e-22,2.261e-17,9.039e-3,1.103e-28,,4.140e-22,3.155e-2,8.640e-17,1.138e-3,,5.748e-9,2.142e-3,1.552e+0,,,,,1.265e+0,,,4.967e-19,,,,,,,,,,,
652.43,2.795e+0,1.325e-19,9.194e-23,2.095e-43,5.713e-18,,,1.465e-18,3.144e-20,,6.825e-16,5.244e-19,1.904e-29,8.997e-18,4.739e-18,7.051e-13,1.075e-19,,,1.723e-6,2.260e-18,2.110e-21,5.465e-2,,3.707e-25,2.724e-19,,,6.637e-22,2.263e-17,9.932e-3,1.103e-28,,4.142e-22,3.589e-2,8.642e-17,1.348e-3,,7.348e-9,1.837e-3,1.478e+0,,,,,1.214e+0,,,4.963e-19,,,,,,,,,,,
652.46,2.628e+0,1.329e-19,9.330e-23,2.123e-43,5.718e-18,,,1.465e-18,3.149e-20,,6.821e-16,5.248e-19,1.905e-29,8.997e-18,4.723e-18,6.936e-13,1.075e-19,,,1.230e-6,2.261e-18,2.558e-21,6.417e-2,,3.708e-25,2.723e-19,,,6.651e-22,2.267e-17,1.140e-2,1.103e-28,,4.145e-22,4.340e-2,8.645e-17,1.734e-3,,1.058e-8,1.454e-3,1.369e+0,,,,,1.137e+0,,,4.956e-19,,,,,,,,,,,
652.48,2.520e+0,1.332e-19,9.421e-23,2.141e-43,5.721e-18,,,1.465e-18,3.152e-20,,6.818e-16,5.250e-19,1.906e-29,8.997e-18,4.713e-18,6.846e-13,1.075e-19,,,9.810e-7,2.261e-18,2.902e-21,7.126e-2,,3.709e-25,2.722e-19,,,6.660e-22,2.269e-17,1.248e-2,1.103e-28,,4.146e-22,4.915e-2,8.647e-17,2.045e-3,,1.347e-8,1.241e-3,1.298e+0,,,,,1.086e+0,,,4.952e-19,,,,,,,,,,,
652.51,2.365e+0,1.336e-19,9.557e-23,2.169e-43,5.726e-18,,,1.465e-18,3.157e-20,,6.814e-16,5.253e-19,1.907e-29,8.997e-18,4.698e-18,6.691e-13,1.076e-19,,,6.960e-7,2.262e-18,3.495e-21,8.311e-2,,3.710e-25,2.720e-19,,,6.674e-22,2.272e-17,1.424e-2,1.103e-28,,4.149e-22,5.903e-2,8.649e-17,2.612e-3,,1.927e-8,9.758e-4,1.195e+0,,,,,1.010e+0,,,4.946e-19,,,,,,,,,,,
652.53,2.266e+0,1.339e-19,9.648e-23,2.188e-43,5.729e-18,,,1.464e-18,3.161e-20,,6.811e-16,5.256e-19,1.907e-29,8.997e-18,4.688e-18,6.576e-13,1.076e-19,,,5.524e-7,2.262e-18,3.947e-21,9.187e-2,,3.711e-25,2.719e-19,,,6.683e-22,2.274e-17,1.551e-2,1.103e-28,,4.150e-22,6.656e-2,8.651e-17,3.068e-3,,2.442e-8,8.293e-4,1.128e+0,,,,,9.605e-1,,,4.942e-19,,,,,,,,,,,
652.56,2.127e+0,1.343e-19,9.785e-23,2.216e-43,5.734e-18,,,1.464e-18,3.165e-20,,6.806e-16,5.259e-19,1.908e-29,8.996e-18,4.672e-18,6.387e-13,1.077e-19,,,3.893e-7,2.263e-18,4.722e-21,1.064e-1,,3.712e-25,2.717e-19,,,6.697e-22,2.278e-17,1.760e-2,1.104e-28,,4.153e-22,7.941e-2,8.654e-17,3.892e-3,,3.472e-8,6.476e-4,1.031e+0,,,,,8.876e-1,,,4.936e-19,,,,,,,,,,,
652.58,2.040e+0,1.346e-19,9.875e-23,2.234e-43,5.737e-18,,,1.464e-18,3.169e-20,,6.803e-16,5.261e-19,1.909e-29,8.996e-18,4.662e-18,6.250e-13,1.077e-19,,,3.076e-7,2.263e-18,5.309e-21,1.171e-1,,3.713e-25,2.716e-19,,,6.706e-22,2.280e-17,1.910e-2,1.104e-28,,4.154e-22,8.912e-2,8.656e-17,4.551e-3,,4.379e-8,5.479e-4,9.691e-1,,,,,8.401e-1,,,4.931e-19,,,,,,,,,,,
652.61,1.919e+0,1.350e-19,1.001e-22,2.262e-43,5.742e-18,,,1.464e-18,3.174e-20,,6.799e-16,5.265e-19,1.910e-29,8.996e-18,4.647e-18,6.032e-13,1.077e-19,,,2.153e-7,2.264e-18,6.309e-21,1.348e-1,,3.714e-25,2.715e-19,,,6.720e-22,2.283e-17,2.153e-2,1.104e-28,,4.157e-22,1.056e-1,8.658e-17,5.735e-3,,6.184e-8,4.249e-4,8.799e-1,,,,,7.711e-1,,,4.925e-19,,,,,,,,,,,
652.63,1.846e+0,1.353e-19,1.010e-22,2.281e-43,5.745e-18,,,1.464e-18,3.177e-20,,6.796e-16,5.267e-19,1.910e-29,8.996e-18,4.637e-18,5.878e-13,1.077e-19,,,1.693e-7,2.264e-18,7.061e-21,1.477e-1,,3.715e-25,2.714e-19,,,6.729e-22,2.285e-17,2.327e-2,1.104e-28,,4.159e-22,1.180e-1,8.660e-17,6.676e-3,,7.767e-8,3.579e-4,8.232e-1,,,,,7.266e-1,,,4.921e-19,,,,,,,,,,,
652.66,1.747e+0,1.358e-19,1.024e-22,2.308e-43,5.750e-18,,,1.464e-18,3.182e-20,,6.792e-16,5.270e-19,1.911e-29,8.996e-18,4.621e-18,5.637e-13,1.078e-19,,,1.177e-7,2.265e-18,8.335e-21,1.688e-1,,3.716e-25,2.712e-19,,,6.743e-22,2.289e-17,2.608e-2,1.104e-28,,4.161e-22,1.389e-1,8.663e-17,8.357e-3,,1.090e-7,2.757e-4,7.424e-1,,,,,6.624e-1,,,4.915e-19,,,,,,,,,,,
652.68,1.689e+0,1.360e-19,1.033e-22,2.327e-43,5.754e-18,,,1.464e-18,3.185e-20,,6.789e-16,5.273e-19,1.912e-29,8.996e-18,4.611e-18,5.470e-13,1.078e-19,,,9.217e-8,2.265e-18,9.288e-21,1.841e-1,,3.717e-25,2.711e-19,,,6.752e-22,2.291e-17,2.808e-2,1.104e-28,,4.163e-22,1.545e-1,8.665e-17,9.685e-3,,1.362e-7,2.312e-4,6.914e-1,,,,,6.214e-1,,,4.911e-19,,,,,,,,,,,
652.71,1.615e+0,1.365e-19,1.047e-22,2.355e-43,5.759e-18,,,1.464e-18,3.190e-20,,6.785e-16,5.276e-19,1.913e-29,8.995e-18,4.596e-18,5.212e-13,1.079e-19,,,6.364e-8,2.266e-18,1.089e-20,2.090e-1,,3.718e-25,2.709e-19,,,6.766e-22,2.294e-17,3.128e-2,1.104e-28,,4.165e-22,1.807e-1,8.667e-17,1.204e-2,,1.898e-7,1.769e-4,6.193e-1,,,,,5.627e-1,,,4.904e-19,,,,,,,,,,,
652.73,1.574e+0,1.368e-19,1.056e-22,2.373e-43,5.762e-18,,,1.464e-18,3.193e-20,,6.782e-16,5.278e-19,1.913e-29,8.995e-18,4.586e-18,5.036e-13,1.079e-19,,,4.961e-8,2.266e-18,1.208e-20,2.270e-1,,3.718e-25,2.708e-19,,,6.775e-22,2.296e-17,3.356e-2,1.104e-28,,4.167e-22,2.001e-1,8.669e-17,1.389e-2,,2.363e-7,1.476e-4,5.742e-1,,,,,5.255e-1,,,4.900e-19,,,,,,,,,,,
652.76,1.526e+0,1.372e-19,1.069e-22,2.401e-43,5.767e-18,,,1.464e-18,3.198e-20,,6.778e-16,5.282e-19,1.914e-29,8.995e-18,4.570e-18,4.768e-13,1.079e-19,,,3.402e-8,2.267e-18,1.407e-20,2.560e-1,,3.720e-25,2.707e-19,,,6.789e-22,2.300e-17,3.718e-2,1.104e-28,,4.169e-22,2.324e-1,8.672e-17,1.716e-2,,3.272e-7,1.122e-4,5.109e-1,,,,,4.727e-1,,,4.894e-19,,,,,,,,,,,
652.78,1.503e+0,1.375e-19,1.078e-22,2.420e-43,5.770e-18,,,1.464e-18,3.201e-20,,6.775e-16,5.284e-19,1.915e-29,8.995e-18,4.560e-18,4.587e-13,1.079e-19,,,2.640e-8,2.267e-18,1.554e-20,2.767e-1,,3.720e-25,2.706e-19,,,6.798e-22,2.302e-17,3.973e-2,1.104e-28,,4.171e-22,2.562e-1,8.674e-17,1.971e-2,,4.055e-7,9.324e-5,4.716e-1,,,,,4.394e-1,,,4.890e-19,,,,,,,,,,,
652.8,1.488e+0,1.377e-19,1.087e-22,2.438e-43,5.773e-18,,,1.464e-18,3.204e-20,,6.772e-16,5.286e-19,1.915e-29,8.995e-18,4.550e-18,4.406e-13,1.080e-19,,,2.045e-8,2.267e-18,1.713e-20,2.986e-1,,3.721e-25,2.705e-19,,,6.807e-22,2.304e-17,4.240e-2,1.104e-28,,4.173e-22,2.820e-1,8.675e-17,2.259e-2,,5.017e-7,7.733e-5,4.345e-1,,,,,4.078e-1,,,4.886e-19,,,,,,,,,,,
652.83,1.479e+0,1.382e-19,1.101e-22,2.466e-43,5.778e-18,,,1.464e-18,3.209e-20,,6.767e-16,5.290e-19,1.916e-29,8.995e-18,4.535e-18,4.134e-13,1.080e-19,,,1.389e-8,2.268e-18,1.976e-20,3.336e-1,,3.722e-25,2.703e-19,,,6.821e-22,2.307e-17,4.662e-2,1.104e-28,,4.175e-22,3.244e-1,8.678e-17,2.765e-2,,6.882e-7,5.822e-5,3.829e-1,,,,,3.633e-1,,,4.879e-19,,,,,,,,,,,
652.85,1.482e+0,1.385e-19,1.110e-22,2.485e-43,5.781e-18,,,1.464e-18,3.213e-20,,6.765e-16,5.292e-19,1.917e-29,8.995e-18,4.524e-18,3.954e-13,1.080e-19,,,1.071e-8,2.268e-18,2.169e-20,3.584e-1,,3.723e-25,2.702e-19,,,6.830e-22,2.309e-17,4.958e-2,1.104e-28,,4.177e-22,3.554e-1,8.680e-17,3.155e-2,,8.478e-7,4.807e-5,3.512e-1,,,,,3.357e-1,,,4.875e-19,,,,,,,,,,,
652.88,1.501e+0,1.389e-19,1.124e-22,2.513e-43,5.786e-18,,,1.464e-18,3.217e-20,,6.760e-16,5.295e-19,1.917e-29,8.994e-18,4.509e-18,3.687e-13,1.081e-19,,,7.229e-9,2.269e-18,2.485e-20,3.977e-1,,3.724e-25,2.700e-19,,,6.844e-22,2.313e-17,5.423e-2,1.104e-28,,4.179e-22,4.062e-1,8.683e-17,3.835e-2,,1.155e-6,3.594e-5,3.075e-1,,,,,2.971e-1,,,4.869e-19,,,,,,,,,,,
652.9,1.523e+0,1.392e-19,1.133e-22,2.531e-43,5.790e-18,,,1.464e-18,3.221e-20,,6.757e-16,5.298e-19,1.918e-29,8.994e-18,4.499e-18,3.511e-13,1.081e-19,,,5.549e-9,2.269e-18,2.716e-20,4.253e-1,,3.725e-25,2.699e-19,,,6.853e-22,2.315e-17,5.747e-2,1.104e-28,,4.181e-22,4.430e-1,8.684e-17,4.358e-2,,1.417e-6,2.954e-5,2.808e-1,,,,,2.732e-1,,,4.865e-19,,,,,,,,,,,
652.93,1.571e+0,1.396e-19,1.147e-22,2.559e-43,5.795e-18,,,1.464e-18,3.226e-20,,6.753e-16,5.301e-19,1.919e-29,8.994e-18,4.484e-18,3.253e-13,1.081e-19,,,3.719e-9,2.270e-18,3.091e-20,4.688e-1,,3.726e-25,2.698e-19,,,6.867e-22,2.318e-17,6.254e-2,1.104e-28,,4.183e-22,5.030e-1,8.687e-17,5.261e-2,,1.918e-6,2.194e-5,2.441e-1,,,,,2.402e-1,,,4.859e-19,,,,,,,,,,,
652.95,1.613e+0,1.399e-19,1.156e-22,2.578e-43,5.798e-18,,,1.463e-18,3.229e-20,,6.750e-16,5.303e-19,1.920e-29,8.994e-18,4.473e-18,3.085e-13,1.082e-19,,,2.842e-9,2.270e-18,3.362e-20,4.991e-1,,3.727e-25,2.697e-19,,,6.877e-22,2.320e-17,6.606e-2,1.104e-28,,4.185e-22,5.461e-1,8.689e-17,5.951e-2,,2.342e-6,1.795e-5,2.219e-1,,,,,2.199e-1,,,4.854e-19,,,,,,,,,,,
652.98,1.689e+0,1.403e-19,1.169e-22,2.605e-43,5.803e-18,,,1.463e-18,3.234e-20,,6.746e-16,5.307e-19,1.920e-29,8.994e-18,4.458e-18,2.839e-13,1.082e-19,,,1.892e-9,2.271e-18,3.802e-20,5.465e-1,,3.728e-25,2.695e-19,,,6.890e-22,2.324e-17,7.155e-2,1.104e-28,,4.187e-22,6.158e-1,8.692e-17,7.137e-2,,3.150e-6,1.324e-5,1.917e-1,,,,,1.920e-1,,,4.848e-19,,,,,,,,,,,
653,1.749e+0,1.406e-19,1.178e-22,2.624e-43,5.806e-18,,,1.463e-18,3.237e-20,,6.743e-16,5.309e-19,1.921e-29,8.994e-18,4.448e-18,2.681e-13,1.082e-19,,,1.439e-9,2.271e-18,4.117e-20,5.793e-1,,3.729e-25,2.694e-19,,,6.900e-22,2.326e-17,7.535e-2,1.104e-28,,4.189e-22,6.657e-1,8.693e-17,8.037e-2,,3.830e-6,1.079e-5,1.734e-1,,,,,1.750e-1,,,4.844e-19,,,,,,,,,,,
653.03,1.853e+0,1.410e-19,1.192e-22,2.652e-43,5.811e-18,,,1.463e-18,3.242e-20,,6.739e-16,5.312e-19,1.922e-29,8.993e-18,4.432e-18,2.452e-13,1.083e-19,,,9.514e-10,2.271e-18,4.624e-20,6.300e-1,,3.730e-25,2.692e-19,,,6.913e-22,2.329e-17,8.125e-2,1.104e-28,,4.192e-22,7.457e-1,8.696e-17,9.574e-2,,5.117e-6,7.903e-6,1.488e-1,,,,,1.517e-1,,,4.838e-19,,,,,,,,,,,
653.05,1.932e+0,1.413e-19,1.201e-22,2.670e-43,5.814e-18,,,1.463e-18,3.245e-20,,6.736e-16,5.315e-19,1.922e-29,8.993e-18,4.422e-18,2.306e-13,1.083e-19,,,7.205e-10,2.272e-18,4.985e-20,6.648e-1,,3.730e-25,2.691e-19,,,6.923e-22,2.331e-17,8.531e-2,1.104e-28,,4.193e-22,8.024e-1,8.698e-17,1.073e-1,,6.194e-6,6.409e-6,1.340e-1,,,,,1.377e-1,,,4.834e-19,,,,,,,,,,,
653.08,2.062e+0,1.417e-19,1.215e-22,2.698e-43,5.819e-18,,,1.463e-18,3.250e-20,,6.732e-16,5.318e-19,1.923e-29,8.993e-18,4.407e-18,2.095e-13,1.083e-19,,,4.732e-10,2.272e-18,5.561e-20,7.182e-1,,3.732e-25,2.690e-19,,,6.936e-22,2.335e-17,9.159e-2,1.105e-28,,4.196e-22,8.928e-1,8.701e-17,1.270e-1,,8.223e-6,4.664e-6,1.142e-1,,,,,1.186e-1,,,4.827e-19,,,,,,,,,,,
653.1,2.158e+0,1.420e-19,1.224e-22,2.717e-43,5.822e-18,,,1.463e-18,3.253e-20,,6.729e-16,5.320e-19,1.924e-29,8.993e-18,4.397e-18,1.961e-13,1.084e-19,,,3.567e-10,2.273e-18,5.968e-20,7.544e-1,,3.732e-25,2.689e-19,,,6.946e-22,2.337e-17,9.590e-2,1.105e-28,,4.197e-22,9.565e-1,8.702e-17,1.418e-1,,9.910e-6,3.765e-6,1.024e-1,,,,,1.071e-1,,,4.823e-19,,,,,,,,,,,
653.13,2.314e+0,1.425e-19,1.237e-22,2.745e-43,5.827e-18,,,1.463e-18,3.258e-20,,6.724e-16,5.324e-19,1.925e-29,8.993e-18,4.381e-18,1.771e-13,1.084e-19,,,2.327e-10,2.273e-18,6.614e-20,8.095e-1,,3.733e-25,2.687e-19,,,6.960e-22,2.340e-17,1.026e-1,1.105e-28,,4.200e-22,1.057e+0,8.705e-17,1.666e-1,,1.307e-5,2.721e-6,8.669e-2,,,,,9.167e-2,,,4.817e-19,,,,,,,,,,,
653.15,2.426e+0,1.427e-19,1.246e-22,2.763e-43,5.830e-18,,,1.463e-18,3.261e-20,,6.721e-16,5.326e-19,1.925e-29,8.993e-18,4.371e-18,1.651e-13,1.084e-19,,,1.746e-10,2.274e-18,7.067e-20,8.466e-1,,3.734e-25,2.686e-19,,,6.969e-22,2.342e-17,1.071e-1,1.105e-28,,4.201e-22,1.127e+0,8.707e-17,1.851e-1,,1.568e-5,2.187e-6,7.739e-2,,,,,8.243e-2,,,4.813e-19,,,,,,,,,,,
653.17,2.544e+0,1.430e-19,1.256e-22,2.782e-43,5.834e-18,,,1.463e-18,3.265e-20,,6.719e-16,5.328e-19,1.926e-29,8.992e-18,4.361e-18,1.536e-13,1.085e-19,,,1.308e-10,2.274e-18,7.537e-20,8.838e-1,,3.735e-25,2.685e-19,,,6.978e-22,2.345e-17,1.118e-1,1.105e-28,,4.203e-22,1.200e+0,8.709e-17,2.054e-1,,1.879e-5,1.754e-6,6.897e-2,,,,,7.399e-2,,,4.809e-19,,,,,,,,,,,
653.2,2.732e+0,1.435e-19,1.269e-22,2.810e-43,5.839e-18,,,1.463e-18,3.270e-20,,6.714e-16,5.332e-19,1.927e-29,8.992e-18,4.346e-18,1.375e-13,1.085e-19,,,8.450e-11,2.275e-18,8.274e-20,9.395e-1,,3.736e-25,2.684e-19,,,6.992e-22,2.348e-17,1.189e-1,1.105e-28,,4.206e-22,1.314e+0,8.711e-17,2.391e-1,,2.455e-5,1.256e-6,5.782e-2,,,,,6.271e-2,,,4.802e-19,,,,,,,,,,,
653.22,2.865e+0,1.437e-19,1.278e-22,2.828e-43,5.842e-18,,,1.463e-18,3.273e-20,,6.711e-16,5.334e-19,1.927e-29,8.992e-18,4.335e-18,1.274e-13,1.085e-19,,,6.301e-11,2.275e-18,8.785e-20,9.764e-1,,3.737e-25,2.682e-19,,,7.001e-22,2.350e-17,1.238e-1,1.105e-28,,4.207e-22,1.393e+0,8.713e-17,2.640e-1,,2.928e-5,1.003e-6,5.130e-2,,,,,5.604e-2,,,4.798e-19,,,,,,,,,,,
653.25,3.072e+0,1.442e-19,1.292e-22,2.856e-43,5.847e-18,,,1.463e-18,3.278e-20,,6.707e-16,5.337e-19,1.928e-29,8.992e-18,4.320e-18,1.133e-13,1.086e-19,,,4.044e-11,2.276e-18,9.579e-20,1.031e+0,,3.738e-25,2.681e-19,,,7.015e-22,2.353e-17,1.313e-1,1.105e-28,,4.210e-22,1.515e+0,8.716e-17,3.054e-1,,3.802e-5,7.132e-7,4.272e-2,,,,,4.717e-2,,,4.792e-19,,,,,,,,,,,
653.27,3.217e+0,1.445e-19,1.301e-22,2.875e-43,5.850e-18,,,1.463e-18,3.281e-20,,6.704e-16,5.339e-19,1.929e-29,8.992e-18,4.310e-18,1.045e-13,1.086e-19,,,3.002e-11,2.276e-18,1.013e-19,1.067e+0,,3.739e-25,2.680e-19,,,7.024e-22,2.356e-17,1.364e-1,1.105e-28,,4.211e-22,1.598e+0,8.718e-17,3.357e-1,,4.515e-5,5.670e-7,3.773e-2,,,,,4.197e-2,,,4.788e-19,,,,,,,,,,,
653.3,3.442e+0,1.449e-19,1.315e-22,2.902e-43,5.855e-18,,,1.463e-18,3.286e-20,,6.700e-16,5.343e-19,1.930e-29,8.992e-18,4.295e-18,9.232e-14,1.086e-19,,,1.913e-11,2.276e-18,1.097e-19,1.119e+0,,3.740e-25,2.678e-19,,,7.038e-22,2.359e-17,1.443e-1,1.105e-28,,4.214e-22,1.727e+0,8.720e-17,3.857e-1,,5.825e-5,4.005e-7,3.121e-2,,,,,3.509e-2,,,4.782e-19,,,,,,,,,,,
653.32,3.596e+0,1.452e-19,1.324e-22,2.921e-43,5.858e-18,,,1.463e-18,3.289e-20,,6.697e-16,5.345e-19,1.930e-29,8.992e-18,4.284e-18,8.482e-14,1.087e-19,,,1.414e-11,2.277e-18,1.154e-19,1.153e+0,,3.741e-25,2.677e-19,,,7.047e-22,2.361e-17,1.496e-1,1.105e-28,,4.215e-22,1.814e+0,8.722e-17,4.221e-1,,6.887e-5,3.169e-7,2.744e-2,,,,,3.108e-2,,,4.778e-19,,,,,,,,,,,
653.35,3.835e+0,1.456e-19,1.337e-22,2.949e-43,5.863e-18,,,1.463e-18,3.294e-20,,6.693e-16,5.348e-19,1.931e-29,8.991e-18,4.269e-18,7.445e-14,1.087e-19,,,8.951e-12,2.277e-18,1.242e-19,1.201e+0,,3.742e-25,2.676e-19,,,7.061e-22,2.364e-17,1.577e-1,1.105e-28,,4.218e-22,1.946e+0,8.725e-17,4.817e-1,,8.827e-5,2.223e-7,2.254e-2,,,,,2.581e-2,,,4.771e-19,,,,,,,,,,,
653.37,3.997e+0,1.459e-19,1.346e-22,2.967e-43,5.866e-18,,,1.463e-18,3.297e-20,,6.690e-16,5.351e-19,1.932e-29,8.991e-18,4.259e-18,6.810e-14,1.087e-19,,,6.584e-12,2.278e-18,1.301e-19,1.231e+0,,3.742e-25,2.675e-19,,,7.070e-22,2.367e-17,1.633e-1,1.105e-28,,4.220e-22,2.035e+0,8.727e-17,5.248e-1,,1.039e-4,1.752e-7,1.973e-2,,,,,2.275e-2,,,4.767e-19,,,,,,,,,,,
653.4,4.245e+0,1.463e-19,1.360e-22,2.995e-43,5.871e-18,,,1.462e-18,3.302e-20,,6.685e-16,5.354e-19,1.933e-29,8.991e-18,4.244e-18,5.939e-14,1.088e-19,,,4.140e-12,2.278e-18,1.390e-19,1.274e+0,,3.744e-25,2.673e-19,,,7.084e-22,2.370e-17,1.718e-1,1.105e-28,,4.222e-22,2.169e+0,8.729e-17,5.949e-1,,1.324e-4,1.221e-7,1.610e-2,,,,,1.877e-2,,,4.761e-19,,,,,,,,,,,
653.42,4.413e+0,1.466e-19,1.369e-22,3.014e-43,5.875e-18,,,1.462e-18,3.305e-20,,6.683e-16,5.356e-19,1.933e-29,8.991e-18,4.233e-18,5.409e-14,1.088e-19,,,3.032e-12,2.279e-18,1.450e-19,1.301e+0,,3.744e-25,2.672e-19,,,7.093e-22,2.372e-17,1.775e-1,1.105e-28,,4.224e-22,2.258e+0,8.731e-17,6.453e-1,,1.552e-4,9.572e-8,1.403e-2,,,,,1.647e-2,,,4.757e-19,,,,,,,,,,,
653.45,4.666e+0,1.470e-19,1.383e-22,3.042e-43,5.879e-18,,,1.462e-18,3.310e-20,,6.678e-16,5.360e-19,1.934e-29,8.991e-18,4.218e-18,4.686e-14,1.088e-19,,,1.894e-12,2.279e-18,1.539e-19,1.337e+0,,3.745e-25,2.670e-19,,,7.107e-22,2.375e-17,1.864e-1,1.105e-28,,4.226e-22,2.391e+0,8.734e-17,7.266e-1,,1.963e-4,6.625e-8,1.137e-2,,,,,1.350e-2,,,4.751e-19,,,,,,,,,,,
653.47,4.836e+0,1.473e-19,1.392e-22,3.060e-43,5.883e-18,,,1.462e-18,3.313e-20,,6.675e-16,5.362e-19,1.935e-29,8.991e-18,4.208e-18,4.250e-14,1.089e-19,,,1.380e-12,2.280e-18,1.598e-19,1.359e+0,,3.746e-25,2.669e-19,,,7.116e-22,2.378e-17,1.923e-1,1.105e-28,,4.228e-22,2.478e+0,8.736e-17,7.847e-1,,2.292e-4,5.172e-8,9.864e-3,,,,,1.179e-2,,,4.746e-19,,,,,,,,,,,
653.5,5.091e+0,1.477e-19,1.405e-22,3.088e-43,5.888e-18,,,1.462e-18,3.318e-20,,6.671e-16,5.365e-19,1.936e-29,8.990e-18,4.192e-18,3.659e-14,1.089e-19,,,8.563e-13,2.280e-18,1.685e-19,1.388e+0,,3.747e-25,2.668e-19,,,7.130e-22,2.381e-17,2.015e-1,1.105e-28,,4.230e-22,2.606e+0,8.738e-17,8.776e-1,,2.881e-4,3.556e-8,7.942e-3,,,,,9.600e-3,,,4.740e-19,,,,,,,,,,,
653.52,5.260e+0,1.480e-19,2.054e-22,3.107e-43,5.891e-18,,,1.462e-18,3.322e-20,,6.668e-16,5.368e-19,1.936e-29,8.990e-18,4.182e-18,3.304e-14,1.089e-19,,,6.214e-13,2.281e-18,1.742e-19,1.405e+0,,3.748e-25,2.667e-19,,,7.139e-22,2.383e-17,2.077e-1,1.105e-28,,4.232e-22,2.689e+0,8.740e-17,9.435e-1,,3.349e-4,2.763e-8,6.858e-3,,,,,8.350e-3,,,4.736e-19,,,,,,,,,,,
653.55,5.512e+0,1.485e-19,3.616e-22,3.135e-43,5.896e-18,,,1.462e-18,3.326e-20,,6.664e-16,5.371e-19,1.937e-29,8.990e-18,4.167e-18,2.826e-14,1.090e-19,,,3.829e-13,2.281e-18,1.825e-19,1.425e+0,,3.749e-25,2.665e-19,,,7.153e-22,2.386e-17,2.171e-1,1.105e-28,,4.234e-22,2.809e+0,8.743e-17,1.048e+0,,4.184e-4,1.887e-8,5.484e-3,,,,,6.750e-3,,,4.730e-19,,,,,,,,,,,
653.57,5.677e+0,1.487e-19,5.260e-22,3.153e-43,5.899e-18,,,1.462e-18,3.330e-20,,6.661e-16,5.373e-19,1.938e-29,8.990e-18,4.157e-18,2.541e-14,1.090e-19,,,2.766e-13,2.281e-18,1.878e-19,1.436e+0,,3.750e-25,2.664e-19,,,7.162e-22,2.389e-17,2.235e-1,1.105e-28,,4.236e-22,2.885e+0,8.745e-17,1.122e+0,,4.843e-4,1.460e-8,4.714e-3,,,,,5.845e-3,,,4.726e-19,,,,,,,,,,,
653.59,5.840e+0,1.490e-19,7.639e-22,3.172e-43,5.902e-18,,,1.462e-18,3.333e-20,,6.658e-16,5.376e-19,1.938e-29,8.990e-18,4.146e-18,2.280e-14,1.090e-19,,,1.995e-13,2.282e-18,1.929e-19,1.444e+0,,3.751e-25,2.663e-19,,,7.172e-22,2.391e-17,2.299e-1,1.106e-28,,4.238e-22,2.958e+0,8.746e-17,1.199e+0,,5.596e-4,1.127e-8,4.045e-3,,,,,5.052e-3,,,4.721e-19,,,,,,,,,,,
653.62,6.080e+0,1.495e-19,1.333e-21,3.199e-43,5.907e-18,,,1.462e-18,3.338e-20,,6.654e-16,5.379e-19,1.939e-29,8.990e-18,4.131e-18,1.933e-14,1.091e-19,,,1.217e-13,2.282e-18,2.001e-19,1.452e+0,,3.752e-25,2.661e-19,,,7.185e-22,2.394e-17,2.398e-1,1.106e-28,,4.240e-22,3.061e+0,8.749e-17,1.319e+0,,6.928e-4,7.625e-9,3.205e-3,,,,,4.046e-3,,,4.715e-19,,,,,,,,,,,
653.64,6.235e+0,1.497e-19,1.927e-21,3.218e-43,5.911e-18,,,1.462e-18,3.341e-20,,6.651e-16,5.381e-19,1.940e-29,8.989e-18,4.121e-18,1.727e-14,1.091e-19,,,8.738e-14,2.283e-18,2.046e-19,1.453e+0,,3.753e-25,2.660e-19,,,7.195e-22,2.396e-17,2.464e-1,1.106e-28,,4.242e-22,3.125e+0,8.751e-17,1.403e+0,,7.972e-4,5.862e-9,2.737e-3,,,,,3.481e-3,,,6.901e-19,,,,,,,,,,,
653.67,6.460e+0,1.502e-19,3.339e-21,3.246e-43,5.915e-18,,,1.462e-18,3.346e-20,,6.647e-16,5.385e-19,1.941e-29,8.989e-18,4.106e-18,1.454e-14,1.091e-19,,,5.296e-14,2.283e-18,2.109e-19,1.452e+0,,3.754e-25,2.659e-19,,,7.209e-22,2.400e-17,2.564e-1,1.106e-28,,4.244e-22,3.212e+0,8.754e-17,1.534e+0,,9.808e-4,3.938e-9,2.154e-3,,,,,2.769e-3,,,1.218e-18,,,,,,,,,,,
653.69,6.604e+0,1.504e-19,4.806e-21,3.264e-43,5.919e-18,,,1.462e-18,3.349e-20,,6.644e-16,5.387e-19,1.941e-29,8.989e-18,4.095e-18,1.294e-14,1.092e-19,,,3.785e-14,2.284e-18,2.147e-19,1.447e+0,,3.754e-25,2.658e-19,,,7.218e-22,2.402e-17,2.632e-1,1.106e-28,,4.246e-22,3.264e+0,8.755e-17,1.624e+0,,1.124e-3,3.014e-9,1.832e-3,,,,,2.372e-3,,,1.775e-18,,,,,,,,,,,
653.72,6.811e+0,1.509e-19,8.273e-21,3.292e-43,5.924e-18,,,1.462e-18,3.354e-20,,6.639e-16,5.390e-19,1.942e-29,8.989e-18,4.080e-18,1.083e-14,1.092e-19,,,2.279e-14,2.284e-18,2.198e-19,1.437e+0,,3.756e-25,2.656e-19,,,7.232e-22,2.405e-17,2.734e-1,1.106e-28,,4.248e-22,3.333e+0,8.758e-17,1.764e+0,,1.374e-3,2.011e-9,1.432e-3,,,,,1.874e-3,,,3.112e-18,,,,,,,,,,,
653.74,6.942e+0,1.512e-19,1.186e-20,3.311e-43,5.927e-18,,,1.462e-18,3.357e-20,,6.637e-16,5.393e-19,1.943e-29,8.989e-18,4.070e-18,9.591e-15,1.092e-19,,,1.621e-14,2.285e-18,2.228e-19,1.427e+0,,3.756e-25,2.655e-19,,,7.241e-22,2.407e-17,2.803e-1,1.106e-28,,4.250e-22,3.372e+0,8.760e-17,1.859e+0,,1.568e-3,1.532e-9,1.212e-3,,,,,1.598e-3,,,4.514e-18,,,,,,,,,,,
653.77,7.127e+0,1.516e-19,2.027e-20,3.339e-43,5.932e-18,,,1.462e-18,3.362e-20,,6.632e-16,5.396e-19,1.943e-29,8.989e-18,4.055e-18,7.972e-15,1.093e-19,,,9.694e-15,2.285e-18,2.266e-19,1.407e+0,,3.757e-25,2.653e-19,,,7.255e-22,2.411e-17,2.906e-1,1.106e-28,,4.252e-22,3.420e+0,8.763e-17,2.005e+0,,1.905e-3,1.016e-9,9.408e-4,,,,,1.254e-3,,,7.862e-18,,,,,,,,,,,
653.79,7.242e+0,1.519e-19,2.893e-20,3.357e-43,5.935e-18,,,1.462e-18,3.365e-20,,6.629e-16,5.398e-19,1.944e-29,8.989e-18,4.044e-18,7.032e-15,1.093e-19,,,6.865e-15,2.285e-18,2.286e-19,1.392e+0,,3.758e-25,2.652e-19,,,7.264e-22,2.413e-17,2.975e-1,1.106e-28,,4.254e-22,3.444e+0,8.764e-17,2.104e+0,,2.164e-3,7.702e-10,7.929e-4,,,,,1.065e-3,,,1.136e-17,,,,,,,,,,,
653.82,7.402e+0,1.523e-19,4.914e-20,3.385e-43,5.940e-18,,,1.461e-18,3.370e-20,,6.625e-16,5.402e-19,1.945e-29,8.988e-18,4.029e-18,5.807e-15,1.093e-19,,,4.078e-15,2.286e-18,2.309e-19,1.365e+0,,3.759e-25,2.651e-19,,,7.278e-22,2.416e-17,3.078e-1,1.106e-28,,4.257e-22,3.470e+0,8.767e-17,2.255e+0,,2.613e-3,5.070e-10,6.114e-4,,,,,8.298e-4,,,1.965e-17,,,,,,,,,,,
653.84,7.499e+0,1.526e-19,6.980e-20,3.404e-43,5.943e-18,,,1.461e-18,3.374e-20,,6.622e-16,5.404e-19,1.946e-29,8.988e-18,4.019e-18,5.100e-15,1.094e-19,,,2.875e-15,2.286e-18,2.320e-19,1.345e+0,,3.760e-25,2.650e-19,,,7.287e-22,2.418e-17,3.147e-1,1.106e-28,,4.258e-22,3.479e+0,8.769e-17,2.356e+0,,2.957e-3,3.828e-10,5.129e-4,,,,,7.013e-4,,,2.825e-17,,,,,,,,,,,
653.87,7.631e+0,1.530e-19,1.178e-19,3.432e-43,5.948e-18,,,1.461e-18,3.378e-20,,6.618e-16,5.407e-19,1.946e-29,8.988e-18,4.004e-18,4.184e-15,1.094e-19,,,1.696e-15,2.287e-18,2.327e-19,1.312e+0,,3.761e-25,2.648e-19,,,7.301e-22,2.422e-17,3.249e-1,1.106e-28,,4.261e-22,3.482e+0,8.771e-17,2.507e+0,,3.548e-3,2.503e-10,3.929e-4,,,,,5.430e-4,,,4.856e-17,,,,,,,,,,,
653.89,7.708e+0,1.533e-19,1.666e-19,3.450e-43,5.951e-18,,,1.461e-18,3.382e-20,,6.615e-16,5.410e-19,1.947e-29,8.988e-18,3.993e-18,3.659e-15,1.094e-19,,,1.190e-15,2.287e-18,2.327e-19,1.289e+0,,3.762e-25,2.647e-19,,,7.310e-22,2.424e-17,3.317e-1,1.106e-28,,4.262e-22,3.475e+0,8.773e-17,2.608e+0,,3.999e-3,1.881e-10,3.281e-4,,,,,4.568e-4,,,6.952e-17,,,,,,,,,,,
653.92,7.810e+0,1.537e-19,2.792e-19,3.478e-43,5.956e-18,,,1.461e-18,3.387e-20,,6.611e-16,5.413e-19,1.948e-29,8.988e-18,3.978e-18,2.982e-15,1.095e-19,,,6.973e-16,2.288e-18,2.320e-19,1.251e+0,,3.763e-25,2.645e-19,,,7.324e-22,2.427e-17,3.417e-1,1.106e-28,,4.265e-22,3.455e+0,8.776e-17,2.757e+0,,4.768e-3,1.222e-10,2.496e-4,,,,,3.513e-4,,,1.187e-16,,,,,,,,,,,
653.94,7.867e+0,1.540e-19,3.931e-19,3.496e-43,5.960e-18,,,1.461e-18,3.390e-20,,6.608e-16,5.415e-19,1.948e-29,8.988e-18,3.968e-18,2.597e-15,1.095e-19,,,4.872e-16,2.288e-18,2.309e-19,1.225e+0,,3.764e-25,2.644e-19,,,7.333e-22,2.429e-17,3.482e-1,1.106e-28,,4.266e-22,3.433e+0,8.778e-17,2.855e+0,,5.352e-3,9.142e-11,2.075e-4,,,,,2.942e-4,,,1.692e-16,,,,,,,,,,,
653.96,7.916e+0,1.543e-19,5.526e-19,3.515e-43,5.963e-18,,,1.461e-18,3.393e-20,,6.605e-16,5.417e-19,1.949e-29,8.987e-18,3.958e-18,2.257e-15,1.095e-19,,,3.397e-16,2.289e-18,2.295e-19,1.199e+0,,3.765e-25,2.643e-19,,,7.342e-22,2.432e-17,3.547e-1,1.106e-28,,4.268e-22,3.405e+0,8.780e-17,2.951e+0,,5.996e-3,6.828e-11,1.723e-4,,,,,2.460e-4,,,2.407e-16,,,,,,,,,,,
653.99,7.974e+0,1.547e-19,9.178e-19,3.543e-43,5.968e-18,,,1.461e-18,3.398e-20,,6.601e-16,5.421e-19,1.950e-29,8.987e-18,3.942e-18,1.823e-15,1.096e-19,,,1.972e-16,2.289e-18,2.266e-19,1.158e+0,,3.766e-25,2.642e-19,,,7.356e-22,2.435e-17,3.642e-1,1.106e-28,,4.271e-22,3.353e+0,8.782e-17,3.091e+0,,7.089e-3,4.392e-11,1.298e-4,,,,,1.874e-4,,,4.072e-16,,,,,,,,,,,
654.01,8.001e+0,1.550e-19,1.284e-18,3.561e-43,5.971e-18,,,1.461e-18,3.401e-20,,6.598e-16,5.423e-19,1.951e-29,8.987e-18,3.932e-18,1.577e-15,1.096e-19,,,1.369e-16,2.290e-18,2.241e-19,1.131e+0,,3.766e-25,2.641e-19,,,7.365e-22,2.437e-17,3.703e-1,1.106e-28,,4.272e-22,3.312e+0,8.784e-17,3.180e+0,,7.911e-3,3.266e-11,1.072e-4,,,,,1.560e-4,,,5.768e-16,,,,,,,,,,,
654.04,8.028e+0,1.554e-19,2.119e-18,3.589e-43,5.976e-18,,,1.461e-18,3.406e-20,,6.593e-16,5.427e-19,1.951e-29,8.987e-18,3.917e-18,1.266e-15,1.096e-19,,,7.891e-17,2.290e-18,2.198e-19,1.091e+0,,3.768e-25,2.639e-19,,,7.379e-22,2.440e-17,3.793e-1,1.106e-28,,4.275e-22,3.239e+0,8.787e-17,3.308e+0,,9.297e-3,2.087e-11,8.028e-5,,,,,1.181e-4,,,9.693e-16,,,,,,,,,,,
654.06,8.035e+0,1.557e-19,2.952e-18,3.608e-43,5.979e-18,,,1.461e-18,3.409e-20,,6.590e-16,5.429e-19,1.952e-29,8.987e-18,3.906e-18,1.090e-15,1.097e-19,,,5.453e-17,2.290e-18,2.165e-19,1.065e+0,,3.768e-25,2.638e-19,,,7.388e-22,2.443e-17,3.850e-1,1.106e-28,,4.276e-22,3.184e+0,8.789e-17,3.389e+0,,1.033e-2,1.544e-11,6.603e-5,,,,,9.788e-5,,,1.367e-15,,,,,,,,,,,
654.09,8.030e+0,1.562e-19,4.838e-18,3.636e-43,5.984e-18,,,1.461e-18,3.414e-20,,6.586e-16,5.432e-19,1.953e-29,8.987e-18,3.891e-18,8.692e-16,1.097e-19,,,3.122e-17,2.291e-18,2.109e-19,1.028e+0,,3.769e-25,2.637e-19,,,7.402e-22,2.446e-17,3.933e-1,1.106e-28,,4.279e-22,3.094e+0,8.791e-17,3.502e+0,,1.207e-2,9.801e-12,4.909e-5,,,,,7.365e-5,,,2.282e-15,,,,,,,,,,,
654.11,8.017e+0,1.564e-19,6.710e-18,3.654e-43,5.987e-18,,,1.461e-18,3.417e-20,,6.583e-16,5.434e-19,1.953e-29,8.986e-18,3.881e-18,7.456e-16,1.097e-19,,,2.148e-17,2.291e-18,2.068e-19,1.005e+0,,3.770e-25,2.635e-19,,,7.411e-22,2.448e-17,3.986e-1,1.107e-28,,4.280e-22,3.028e+0,8.793e-17,3.572e+0,,1.336e-2,7.222e-12,4.020e-5,,,,,6.082e-5,,,3.204e-15,,,,,,,,,,,
654.14,7.984e+0,1.569e-19,1.093e-17,3.682e-43,5.992e-18,,,1.461e-18,3.422e-20,,6.579e-16,5.438e-19,1.954e-29,8.986e-18,3.866e-18,5.905e-16,1.098e-19,,,1.221e-17,2.292e-18,2.001e-19,9.735e-1,,3.771e-25,2.634e-19,,,7.425e-22,2.451e-17,4.061e-1,1.107e-28,,4.283e-22,2.922e+0,8.796e-17,3.667e+0,,1.551e-2,4.552e-12,2.968e-5,,,,,4.556e-5,,,5.313e-15,,,,,,,,,,,
654.16,7.953e+0,1.572e-19,1.509e-17,3.701e-43,5.995e-18,,,1.461e-18,3.426e-20,,6.576e-16,5.440e-19,1.955e-29,8.986e-18,3.855e-18,5.043e-16,1.098e-19,,,8.365e-18,2.292e-18,1.953e-19,9.548e-1,,3.772e-25,2.633e-19,,,7.434e-22,2.454e-17,4.109e-1,1.107e-28,,4.285e-22,2.847e+0,8.798e-17,3.723e+0,,1.710e-2,3.339e-12,2.420e-5,,,,,3.754e-5,,,7.427e-15,,,,,,,,,,,
654.19,7.894e+0,1.576e-19,2.440e-17,3.729e-43,6.000e-18,,,1.461e-18,3.430e-20,,6.572e-16,5.444e-19,1.956e-29,8.986e-18,3.840e-18,3.968e-16,1.098e-19,,,4.725e-18,2.293e-18,1.878e-19,9.311e-1,,3.773e-25,2.631e-19,,,7.448e-22,2.457e-17,4.175e-1,1.107e-28,,4.287e-22,2.729e+0,8.800e-17,3.796e+0,,1.973e-2,2.091e-12,1.775e-5,,,,,2.811e-5,,,1.223e-14,,,,,,,,,,,
654.21,7.846e+0,1.579e-19,3.355e-17,3.747e-43,6.004e-18,,,1.461e-18,3.434e-20,,6.569e-16,5.446e-19,1.956e-29,8.986e-18,3.830e-18,3.374e-16,1.099e-19,,,3.221e-18,2.293e-18,1.825e-19,9.186e-1,,3.774e-25,2.630e-19,,,7.458e-22,2.459e-17,4.217e-1,1.107e-28,,4.289e-22,2.648e+0,8.802e-17,3.837e+0,,2.167e-2,1.527e-12,1.440e-5,,,,,2.322e-5,,,1.703e-14,,,,,,,,,,,
654.24,7.765e+0,1.583e-19,5.390e-17,3.775e-43,6.009e-18,,,1.461e-18,3.439e-20,,6.565e-16,5.449e-19,1.957e-29,8.986e-18,3.815e-18,2.637e-16,1.099e-19,,,3.220e-18,2.294e-18,1.742e-19,9.055e-1,,3.775e-25,2.629e-19,,,7.471e-22,2.462e-17,4.274e-1,1.107e-28,,4.291e-22,2.521e+0,8.805e-17,3.886e+0,,2.486e-2,9.493e-13,1.049e-5,,,,,1.757e-5,,,2.786e-14,,,,,,,,,,,
654.26,7.704e+0,1.586e-19,7.377e-17,3.793e-43,6.012e-18,,,1.460e-18,3.442e-20,,6.562e-16,5.451e-19,1.958e-29,8.986e-18,3.804e-18,2.233e-16,1.099e-19,,,3.219e-18,2.294e-18,1.685e-19,9.010e-1,,3.776e-25,2.628e-19,,,7.481e-22,2.465e-17,4.309e-1,1.107e-28,,4.293e-22,2.435e+0,8.806e-17,3.910e+0,,2.719e-2,6.900e-13,8.477e-6,,,,,1.473e-5,,,3.861e-14,,,,,,,,,,,
654.29,7.604e+0,1.590e-19,1.177e-16,3.821e-43,6.017e-18,,,1.460e-18,3.447e-20,,6.557e-16,5.455e-19,1.959e-29,8.985e-18,3.789e-18,1.734e-16,1.100e-19,,,3.217e-18,2.295e-18,1.598e-19,9.013e-1,,3.777e-25,2.626e-19,,,7.494e-22,2.468e-17,4.356e-1,1.107e-28,,4.295e-22,2.303e+0,8.809e-17,3.934e+0,,3.101e-2,4.262e-13,6.134e-6,,,,,1.160e-5,,,6.276e-14,,,,,,,,,,,
654.31,7.533e+0,1.593e-19,1.604e-16,3.840e-43,6.020e-18,,,1.460e-18,3.450e-20,,6.554e-16,5.457e-19,1.959e-29,8.985e-18,3.779e-18,1.461e-16,1.100e-19,,,3.216e-18,2.295e-18,1.539e-19,9.065e-1,,3.778e-25,2.625e-19,,,7.504e-22,2.470e-17,4.384e-1,1.107e-28,,4.297e-22,2.214e+0,8.811e-17,3.941e+0,,3.379e-2,3.084e-13,4.933e-6,,,,,1.015e-5,,,8.658e-14,,,,,,,,,,,
654.33,7.459e+0,1.596e-19,2.183e-16,3.858e-43,6.023e-18,,,1.460e-18,3.453e-20,,6.552e-16,5.459e-19,1.960e-29,8.985e-18,3.769e-18,1.230e-16,1.100e-19,,,3.215e-18,2.295e-18,1.480e-19,9.162e-1,,3.778e-25,2.624e-19,,,7.513e-22,2.472e-17,4.409e-1,1.107e-28,,4.299e-22,2.124e+0,8.813e-17,3.941e+0,,3.675e-2,2.228e-13,3.960e-6,,,,,9.143e-6,,,1.192e-13,,,,,,,,,,,
654.36,7.344e+0,1.600e-19,3.451e-16,3.886e-43,6.028e-18,,,1.460e-18,3.458e-20,,6.547e-16,5.463e-19,1.961e-29,8.985e-18,3.753e-18,9.460e-17,1.101e-19,,,3.213e-18,2.296e-18,1.390e-19,9.397e-1,,3.780e-25,2.622e-19,,,7.527e-22,2.476e-17,4.441e-1,1.107e-28,,4.301e-22,1.991e+0,8.815e-17,3.928e+0,,4.157e-2,1.363e-13,2.839e-6,,,,,8.386e-6,,,1.920e-13,,,,,,,,,,,
654.38,7.265e+0,1.603e-19,4.674e-16,3.905e-43,6.031e-18,,,1.460e-18,3.461e-20,,6.544e-16,5.465e-19,1.961e-29,8.985e-18,3.743e-18,7.925e-17,1.101e-19,,,3.212e-18,2.296e-18,1.331e-19,9.616e-1,,3.780e-25,2.621e-19,,,7.536e-22,2.478e-17,4.460e-1,1.107e-28,,4.303e-22,1.902e+0,8.817e-17,3.910e+0,,4.505e-2,9.801e-14,2.269e-6,,,,,8.354e-6,,,2.633e-13,,,,,,,,,,,
654.41,7.145e+0,1.607e-19,7.342e-16,3.933e-43,6.036e-18,,,1.460e-18,3.466e-20,,6.540e-16,5.468e-19,1.962e-29,8.985e-18,3.728e-18,6.057e-17,1.101e-19,,,3.210e-18,2.297e-18,1.242e-19,1.005e+0,,3.781e-25,2.620e-19,,,7.550e-22,2.481e-17,4.482e-1,1.107e-28,,4.305e-22,1.770e+0,8.820e-17,3.871e+0,,5.066e-2,5.956e-14,1.615e-6,,,,,9.008e-6,,,4.212e-13,,,,,,,,,,,
654.43,7.065e+0,1.610e-19,9.899e-16,3.951e-43,6.040e-18,,,1.460e-18,3.470e-20,,6.537e-16,5.471e-19,1.963e-29,8.984e-18,3.718e-18,5.052e-17,1.101e-19,,,3.209e-18,2.297e-18,1.183e-19,1.041e+0,,3.782e-25,2.619e-19,,,7.559e-22,2.483e-17,4.493e-1,1.107e-28,,4.307e-22,1.683e+0,8.822e-17,3.837e+0,,5.468e-2,4.263e-14,1.285e-6,,,,,9.933e-6,,,5.749e-13,,,,,,,,,,,
654.46,6.947e+0,1.614e-19,1.545e-15,3.979e-43,6.045e-18,,,1.460e-18,3.474e-20,,6.533e-16,5.474e-19,1.964e-29,8.984e-18,3.702e-18,3.836e-17,1.102e-19,,,3.208e-18,2.298e-18,1.097e-19,1.106e+0,,3.783e-25,2.617e-19,,,7.573e-22,2.487e-17,4.504e-1,1.107e-28,,4.309e-22,1.556e+0,8.824e-17,3.773e+0,,6.114e-2,2.573e-14,9.089e-7,,,,,1.214e-5,,,9.138e-13,,,,,,,,,,,
654.48,6.870e+0,2.356e-19,2.074e-15,3.998e-43,6.048e-18,,,1.460e-18,3.478e-20,,6.530e-16,5.476e-19,1.964e-29,8.984e-18,3.692e-18,3.186e-17,1.102e-19,,,3.206e-18,2.298e-18,1.040e-19,1.157e+0,,3.784e-25,2.616e-19,,,7.582e-22,2.489e-17,4.508e-1,1.107e-28,,4.311e-22,1.474e+0,8.826e-17,3.723e+0,,6.574e-2,1.834e-14,7.199e-7,,,,,1.423e-5,,,1.242e-12,,,,,,,,,,,
654.51,6.761e+0,4.142e-19,3.214e-15,4.026e-43,6.053e-18,,,1.460e-18,3.483e-20,,6.526e-16,5.480e-19,1.965e-29,8.984e-18,3.677e-18,2.403e-17,1.103e-19,,,3.205e-18,2.299e-18,9.579e-20,1.247e+0,,3.785e-25,2.614e-19,,,7.596e-22,2.492e-17,4.510e-1,1.107e-28,,4.313e-22,1.353e+0,8.829e-17,3.636e+0,,7.308e-2,1.099e-14,5.057e-7,,,,,1.849e-5,,,1.961e-12,,,,,,,,,,,
654.53,6.692e+0,6.019e-19,4.296e-15,4.044e-43,6.056e-18,,,1.460e-18,3.486e-20,,6.523e-16,5.482e-19,1.966e-29,8.984e-18,3.667e-18,1.987e-17,1.103e-19,,,3.204e-18,2.299e-18,9.046e-20,1.315e+0,,3.786e-25,2.613e-19,,,7.605e-22,2.494e-17,4.507e-1,1.107e-28,,4.315e-22,1.276e+0,8.831e-17,3.572e+0,,7.828e-2,7.799e-15,3.987e-7,,,,,2.221e-5,,,2.653e-12,,,,,,,,,,,
654.56,6.597e+0,1.051e-18,6.615e-15,4.072e-43,6.061e-18,,,1.460e-18,3.491e-20,,6.518e-16,5.485e-19,1.967e-29,8.984e-18,3.651e-18,1.489e-17,1.103e-19,,,3.202e-18,2.300e-18,8.274e-20,1.431e+0,,3.787e-25,2.612e-19,,,7.619e-22,2.498e-17,4.498e-1,1.107e-28,,4.318e-22,1.164e+0,8.833e-17,3.466e+0,,8.653e-2,4.644e-15,2.782e-7,,,,,2.946e-5,,,4.160e-12,,,,,,,,,,,
654.58,6.540e+0,1.521e-18,8.802e-15,4.090e-43,6.064e-18,,,1.460e-18,3.494e-20,,6.516e-16,5.488e-19,1.967e-29,8.983e-18,3.641e-18,1.225e-17,1.103e-19,,,3.201e-18,2.300e-18,7.778e-20,1.518e+0,,3.788e-25,2.611e-19,,,7.628e-22,2.500e-17,4.489e-1,1.107e-28,,4.319e-22,1.092e+0,8.835e-17,3.389e+0,,9.233e-2,3.280e-15,2.184e-7,,,,,3.562e-5,,,5.604e-12,,,,,,,,,,,
654.61,6.466e+0,2.638e-18,1.347e-14,4.118e-43,6.069e-18,,,1.460e-18,3.499e-20,,6.511e-16,5.491e-19,1.968e-29,8.983e-18,3.626e-18,9.122e-18,1.104e-19,,,3.199e-18,2.301e-18,7.067e-20,1.661e+0,,3.789e-25,2.609e-19,,,7.642e-22,2.503e-17,4.471e-1,1.107e-28,,4.322e-22,9.894e-1,8.838e-17,3.267e+0,,1.015e-1,1.940e-15,1.513e-7,,,,,4.739e-5,,,8.731e-12,,,,,,,,,,,
654.63,6.425e+0,3.800e-18,1.784e-14,4.137e-43,6.072e-18,,,1.460e-18,3.502e-20,,6.508e-16,5.493e-19,1.969e-29,8.983e-18,3.615e-18,7.476e-18,1.104e-19,,,3.198e-18,2.301e-18,6.614e-20,1.767e+0,,3.790e-25,2.608e-19,,,7.651e-22,2.505e-17,4.456e-1,1.108e-28,,4.323e-22,9.243e-1,8.840e-17,3.180e+0,,1.079e-1,1.364e-15,1.182e-7,,,,,5.729e-5,,,1.171e-11,,,,,,,,,,,
654.66,6.377e+0,6.548e-18,2.711e-14,4.165e-43,6.077e-18,,,1.460e-18,3.507e-20,,6.504e-16,5.497e-19,1.970e-29,8.983e-18,3.600e-18,5.528e-18,1.105e-19,,,3.197e-18,2.301e-18,5.968e-20,1.939e+0,,3.791e-25,2.606e-19,,,7.665e-22,2.509e-17,4.429e-1,1.108e-28,,4.326e-22,8.319e-1,8.842e-17,3.045e+0,,1.179e-1,8.010e-16,8.140e-8,,,,,7.597e-5,,,1.812e-11,,,,,,,,,,,
654.68,6.354e+0,9.391e-18,3.575e-14,4.183e-43,6.080e-18,,,1.459e-18,3.510e-20,,6.501e-16,5.499e-19,1.970e-29,8.983e-18,3.590e-18,4.511e-18,1.105e-19,,,3.196e-18,2.302e-18,5.561e-20,2.064e+0,,3.791e-25,2.605e-19,,,7.674e-22,2.511e-17,4.408e-1,1.108e-28,,4.327e-22,7.737e-1,8.844e-17,2.951e+0,,1.249e-1,5.606e-16,6.332e-8,,,,,9.154e-5,,,2.420e-11,,,,,,,,,,,
654.7,6.340e+0,1.344e-17,4.706e-14,4.202e-43,6.084e-18,,,1.459e-18,3.513e-20,,6.498e-16,5.501e-19,1.971e-29,8.983e-18,3.580e-18,3.674e-18,1.105e-19,,,3.194e-18,2.302e-18,5.172e-20,2.197e+0,,3.792e-25,2.604e-19,,,7.683e-22,2.513e-17,4.385e-1,1.108e-28,,4.329e-22,7.183e-1,8.846e-17,2.855e+0,,1.320e-1,3.916e-16,4.916e-8,,,,,1.101e-4,,,3.225e-11,,,,,,,,,,,
654.73,6.336e+0,2.295e-17,7.086e-14,4.230e-43,6.089e-18,,,1.459e-18,3.518e-20,,6.494e-16,5.505e-19,1.972e-29,8.983e-18,3.564e-18,2.692e-18,1.105e-19,,,3.193e-18,2.303e-18,4.624e-20,2.410e+0,,3.793e-25,2.603e-19,,,7.697e-22,2.516e-17,4.346e-1,1.108e-28,,4.332e-22,6.404e-1,8.849e-17,2.708e+0,,1.432e-1,2.279e-16,3.352e-8,,,,,1.449e-4,,,4.945e-11,,,,,,,,,,,
654.75,6.345e+0,3.272e-17,9.288e-14,4.248e-43,6.092e-18,,,1.459e-18,3.522e-20,,6.491e-16,5.507e-19,1.972e-29,8.982e-18,3.554e-18,2.183e-18,1.106e-19,,,3.192e-18,2.303e-18,4.281e-20,2.562e+0,,3.794e-25,2.602e-19,,,7.707e-22,2.518e-17,4.317e-1,1.108e-28,,4.333e-22,5.919e-1,8.850e-17,2.608e+0,,1.508e-1,1.585e-16,2.591e-8,,,,,1.736e-4,,,6.562e-11,,,,,,,,,,,
654.78,6.375e+0,5.549e-17,1.389e-13,4.276e-43,6.097e-18,,,1.459e-18,3.526e-20,,6.487e-16,5.510e-19,1.973e-29,8.982e-18,3.539e-18,1.589e-18,1.106e-19,,,3.190e-18,2.304e-18,3.802e-20,2.804e+0,,3.795e-25,2.600e-19,,,7.720e-22,2.522e-17,4.270e-1,1.108e-28,,4.336e-22,5.242e-1,8.853e-17,2.457e+0,,1.626e-1,9.160e-17,1.755e-8,,,,,2.270e-4,,,9.996e-11,,,,,,,,,,,
654.8,6.407e+0,7.874e-17,1.813e-13,4.295e-43,6.100e-18,,,1.459e-18,3.530e-20,,6.484e-16,5.513e-19,1.974e-29,8.982e-18,3.529e-18,1.282e-18,1.106e-19,,,3.189e-18,2.304e-18,3.504e-20,2.974e+0,,3.796e-25,2.599e-19,,,7.730e-22,2.524e-17,4.236e-1,1.108e-28,,4.337e-22,4.824e-1,8.855e-17,2.356e+0,,1.707e-1,6.341e-17,1.351e-8,,,,,2.707e-4,,,1.320e-10,,,,,,,,,,,
654.83,6.473e+0,1.327e-16,2.693e-13,4.323e-43,6.105e-18,,,1.459e-18,3.535e-20,,6.480e-16,5.516e-19,1.974e-29,8.982e-18,3.513e-18,9.273e-19,1.107e-19,,,3.187e-18,2.305e-18,3.091e-20,3.243e+0,,3.797e-25,2.597e-19,,,7.743e-22,2.527e-17,4.182e-1,1.108e-28,,4.340e-22,4.243e-1,8.858e-17,2.205e+0,,1.830e-1,3.640e-17,9.087e-9,,,,,3.516e-4,,,1.998e-10,,,,,,,,,,,
654.85,6.529e+0,1.874e-16,3.499e-13,4.341e-43,6.108e-18,,,1.459e-18,3.538e-20,,6.477e-16,5.518e-19,1.975e-29,8.982e-18,3.503e-18,7.453e-19,1.107e-19,,,3.186e-18,2.305e-18,2.837e-20,3.430e+0,,3.798e-25,2.596e-19,,,7.753e-22,2.529e-17,4.143e-1,1.108e-28,,4.341e-22,3.887e-1,8.859e-17,2.104e+0,,1.914e-1,2.509e-17,6.961e-9,,,,,4.176e-4,,,2.628e-10,,,,,,,,,,,
654.88,6.631e+0,3.137e-16,5.164e-13,4.369e-43,6.113e-18,,,1.459e-18,3.543e-20,,6.472e-16,5.522e-19,1.976e-29,8.982e-18,3.488e-18,5.353e-19,1.107e-19,,,3.185e-18,2.306e-18,2.485e-20,3.722e+0,,3.799e-25,2.595e-19,,,7.766e-22,2.533e-17,4.082e-1,1.108e-28,,4.344e-22,3.396e-1,8.862e-17,1.956e+0,,2.041e-1,1.430e-17,4.651e-9,,,,,5.388e-4,,,3.951e-10,,,,,,,,,,,
654.9,6.710e+0,4.413e-16,6.680e-13,4.388e-43,6.116e-18,,,1.459e-18,3.546e-20,,6.470e-16,5.524e-19,1.977e-29,8.981e-18,3.478e-18,4.284e-19,1.108e-19,,,3.183e-18,2.306e-18,2.271e-20,3.924e+0,,3.800e-25,2.594e-19,,,7.776e-22,2.535e-17,4.039e-1,1.108e-28,,4.346e-22,3.097e-1,8.864e-17,1.859e+0,,2.126e-1,9.814e-18,3.547e-9,,,,,6.372e-4,,,5.173e-10,,,,,,,,,,,
654.93,6.845e+0,7.338e-16,9.794e-13,4.415e-43,6.121e-18,,,1.459e-18,3.551e-20,,6.465e-16,5.527e-19,1.977e-29,8.981e-18,3.462e-18,3.056e-19,1.108e-19,,,3.182e-18,2.306e-18,1.976e-20,4.236e+0,,3.801e-25,2.592e-19,,,7.790e-22,2.538e-17,3.971e-1,1.108e-28,,4.348e-22,2.688e-1,8.867e-17,1.717e+0,,2.254e-1,5.558e-18,2.354e-9,,,,,8.166e-4,,,7.726e-10,,,,,,,,,,,
654.95,6.945e+0,1.028e-15,1.261e-12,4.434e-43,6.125e-18,,,1.459e-18,3.554e-20,,6.462e-16,5.529e-19,1.978e-29,8.981e-18,3.452e-18,2.435e-19,1.108e-19,,,3.181e-18,2.307e-18,1.797e-20,4.450e+0,,3.802e-25,2.591e-19,,,7.799e-22,2.540e-17,3.924e-1,1.108e-28,,4.350e-22,2.441e-1,8.868e-17,1.624e+0,,2.340e-1,3.796e-18,1.787e-9,,,,,9.613e-4,,,1.007e-9,,,,,,,,,,,
654.98,7.110e+0,1.697e-15,1.837e-12,4.462e-43,6.129e-18,,,1.459e-18,3.559e-20,,6.458e-16,5.533e-19,1.979e-29,8.981e-18,3.437e-18,1.726e-19,1.109e-19,,,3.179e-18,2.307e-18,1.554e-20,4.777e+0,,3.803e-25,2.589e-19,,,7.813e-22,2.544e-17,3.851e-1,1.108e-28,,4.352e-22,2.104e-1,8.871e-17,1.490e+0,,2.467e-1,2.135e-18,1.178e-9,,,,,1.224e-3,,,1.494e-9,,,,,,,,,,,
655,7.228e+0,2.367e-15,2.355e-12,4.480e-43,6.133e-18,,,1.459e-18,3.562e-20,,6.455e-16,5.535e-19,1.979e-29,8.981e-18,3.427e-18,1.369e-19,1.109e-19,,,3.178e-18,2.308e-18,1.407e-20,4.998e+0,,3.803e-25,2.588e-19,,,7.822e-22,2.546e-17,3.800e-1,1.108e-28,,4.354e-22,1.902e-1,8.873e-17,1.403e+0,,2.552e-1,2.137e-18,8.906e-10,,,,,1.434e-3,,,1.939e-9,,,,,,,,,,,
655.03,7.417e+0,3.884e-15,3.408e-12,4.508e-43,6.138e-18,,,1.459e-18,3.567e-20,,6.451e-16,5.539e-19,1.980e-29,8.981e-18,3.411e-18,9.637e-20,1.109e-19,,,3.176e-18,2.308e-18,1.208e-20,5.334e+0,,3.805e-25,2.587e-19,,,7.836e-22,2.549e-17,3.721e-1,1.108e-28,,4.356e-22,1.629e-1,8.876e-17,1.278e+0,,2.676e-1,2.139e-18,5.832e-10,,,,,1.814e-3,,,2.858e-9,,,,,,,,,,,
655.05,7.549e+0,5.391e-15,4.350e-12,4.527e-43,6.141e-18,,,1.459e-18,3.570e-20,,6.448e-16,5.541e-19,1.981e-29,8.980e-18,3.401e-18,7.610e-20,1.110e-19,,,3.175e-18,2.309e-18,1.089e-20,5.559e+0,,3.805e-25,2.586e-19,,,7.845e-22,2.551e-17,3.667e-1,1.108e-28,,4.358e-22,1.465e-1,8.877e-17,1.199e+0,,2.757e-1,2.140e-18,4.388e-10,,,,,2.117e-3,,,3.693e-9,,,,,,,,,,,
655.07,7.685e+0,7.470e-15,5.542e-12,4.545e-43,6.144e-18,,,1.459e-18,3.574e-20,,6.445e-16,5.543e-19,1.981e-29,8.980e-18,3.391e-18,5.999e-20,1.110e-19,,,3.174e-18,2.309e-18,9.798e-21,5.785e+0,,3.806e-25,2.585e-19,,,7.854e-22,2.554e-17,3.612e-1,1.108e-28,,4.360e-22,1.316e-1,8.879e-17,1.122e+0,,2.836e-1,2.141e-18,3.295e-10,,,,,2.466e-3,,,4.763e-9,,,,,,,,,,,
655.1,7.896e+0,1.214e-14,7.945e-12,4.573e-43,6.149e-18,,,1.459e-18,3.578e-20,,6.441e-16,5.546e-19,1.982e-29,8.980e-18,3.375e-18,4.184e-20,1.110e-19,,,3.173e-18,2.310e-18,8.335e-21,6.121e+0,,3.807e-25,2.583e-19,,,7.868e-22,2.557e-17,3.528e-1,1.108e-28,,4.362e-22,1.117e-1,8.882e-17,1.012e+0,,2.951e-1,2.143e-18,2.138e-10,,,,,3.089e-3,,,6.954e-9,,,,,,,,,,,
655.12,8.039e+0,1.675e-14,1.008e-11,4.592e-43,6.152e-18,,,1.458e-18,3.582e-20,,6.438e-16,5.549e-19,1.983e-29,8.980e-18,3.365e-18,3.284e-20,1.111e-19,,,3.171e-18,2.310e-18,7.466e-21,6.343e+0,,3.808e-25,2.582e-19,,,7.877e-22,2.559e-17,3.471e-1,1.108e-28,,4.364e-22,9.985e-2,8.884e-17,9.435e-1,,3.025e-1,2.145e-18,1.598e-10,,,,,3.583e-3,,,8.931e-9,,,,,,,,,,,
655.15,8.256e+0,2.706e-14,1.435e-11,4.620e-43,6.157e-18,,,1.458e-18,3.587e-20,,6.434e-16,5.552e-19,1.984e-29,8.980e-18,3.350e-18,2.275e-20,1.111e-19,,,3.170e-18,2.310e-18,6.309e-21,6.670e+0,,3.809e-25,2.581e-19,,,7.891e-22,2.562e-17,3.384e-1,1.109e-28,,4.366e-22,8.414e-2,8.886e-17,8.458e-1,,3.130e-1,2.147e-18,1.030e-10,,,,,4.459e-3,,,1.295e-8,,,,,,,,,,,
655.17,8.400e+0,3.717e-14,1.813e-11,4.638e-43,6.161e-18,,,1.458e-18,3.590e-20,,6.431e-16,5.554e-19,1.984e-29,8.980e-18,3.340e-18,1.778e-20,1.111e-19,,,3.169e-18,2.311e-18,5.626e-21,6.883e+0,,3.810e-25,2.579e-19,,,7.900e-22,2.565e-17,3.325e-1,1.109e-28,,4.368e-22,7.490e-2,8.888e-17,7.847e-1,,3.196e-1,2.148e-18,7.664e-11,,,,,5.148e-3,,,1.656e-8,,,,,,,,,,,
655.2,8.613e+0,5.963e-14,2.564e-11,4.666e-43,6.165e-18,,,1.458e-18,3.595e-20,,6.426e-16,5.558e-19,1.985e-29,8.980e-18,3.324e-18,1.224e-20,1.112e-19,,,3.167e-18,2.311e-18,4.722e-21,7.193e+0,,3.811e-25,2.578e-19,,,7.914e-22,2.568e-17,3.236e-1,1.109e-28,,4.370e-22,6.270e-2,8.891e-17,6.988e-1,,3.289e-1,2.150e-18,4.905e-11,,,,,6.365e-3,,,2.386e-8,,,,,,,,,,,
655.22,8.752e+0,8.155e-14,3.224e-11,4.685e-43,6.169e-18,,,1.458e-18,3.598e-20,,6.423e-16,5.560e-19,1.986e-29,8.979e-18,3.314e-18,9.518e-21,1.112e-19,,,3.166e-18,2.312e-18,4.192e-21,7.392e+0,,3.812e-25,2.577e-19,,,7.923e-22,2.570e-17,3.176e-1,1.109e-28,,4.372e-22,5.556e-2,8.893e-17,6.453e-1,,3.346e-1,2.151e-18,3.634e-11,,,,,7.316e-3,,,3.037e-8,,,,,,,,,,,
655.25,8.953e+0,1.300e-13,4.531e-11,4.712e-43,6.174e-18,,,1.458e-18,3.603e-20,,6.419e-16,5.563e-19,1.987e-29,8.979e-18,3.299e-18,6.508e-21,1.112e-19,,,3.164e-18,2.312e-18,3.495e-21,7.676e+0,,3.813e-25,2.575e-19,,,7.937e-22,2.573e-17,3.087e-1,1.109e-28,,4.374e-22,4.620e-2,8.895e-17,5.708e-1,,3.424e-1,2.153e-18,2.310e-11,,,,,8.986e-3,,,4.348e-8,,,,,,,,,,,
655.27,9.080e+0,1.770e-13,5.673e-11,4.731e-43,6.177e-18,,,1.458e-18,3.606e-20,,6.416e-16,5.566e-19,1.987e-29,8.979e-18,3.289e-18,5.040e-21,1.113e-19,,,3.163e-18,2.313e-18,3.089e-21,7.855e+0,,3.814e-25,2.574e-19,,,7.946e-22,2.576e-17,3.028e-1,1.109e-28,,4.376e-22,4.076e-2,8.897e-17,5.248e-1,,3.471e-1,2.155e-18,1.704e-11,,,,,1.028e-2,,,5.510e-8,,,,,,,,,,,
655.3,9.259e+0,2.802e-13,7.919e-11,4.759e-43,6.182e-18,,,1.458e-18,3.611e-20,,6.412e-16,5.569e-19,1.988e-29,8.979e-18,3.273e-18,3.423e-21,1.113e-19,,,3.162e-18,2.313e-18,2.558e-21,8.105e+0,,3.815e-25,2.573e-19,,,7.960e-22,2.579e-17,2.941e-1,1.109e-28,,4.379e-22,3.366e-2,8.900e-17,4.612e-1,,3.532e-1,2.157e-18,1.076e-11,,,,,1.255e-2,,,7.834e-8,,,,,,,,,,,
655.32,9.369e+0,3.798e-13,9.870e-11,4.777e-43,6.185e-18,,,1.458e-18,3.614e-20,,6.409e-16,5.571e-19,1.989e-29,8.979e-18,3.263e-18,2.639e-21,1.113e-19,,,3.160e-18,2.314e-18,2.251e-21,8.258e+0,,3.815e-25,2.572e-19,,,7.969e-22,2.581e-17,2.883e-1,1.109e-28,,4.380e-22,2.957e-2,8.902e-17,4.221e-1,,3.566e-1,2.158e-18,7.901e-12,,,,,1.429e-2,,,9.884e-8,,,,,,,,,,,
655.35,9.518e+0,5.974e-13,1.369e-10,4.805e-43,6.190e-18,,,1.458e-18,3.619e-20,,6.405e-16,5.575e-19,1.990e-29,8.979e-18,3.248e-18,1.781e-21,1.114e-19,,,3.159e-18,2.314e-18,1.851e-21,8.467e+0,,3.817e-25,2.570e-19,,,7.983e-22,2.584e-17,2.798e-1,1.109e-28,,4.383e-22,2.425e-2,8.904e-17,3.684e-1,,3.608e-1,2.160e-18,4.955e-12,,,,,1.732e-2,,,1.396e-7,,,,,,,,,,,
655.37,9.605e+0,8.062e-13,1.699e-10,4.824e-43,6.193e-18,,,1.458e-18,3.622e-20,,6.402e-16,5.577e-19,1.990e-29,8.978e-18,3.238e-18,1.367e-21,1.114e-19,,,3.158e-18,2.315e-18,1.622e-21,8.591e+0,,3.817e-25,2.569e-19,,,7.992e-22,2.587e-17,2.743e-1,1.109e-28,,4.384e-22,2.121e-2,8.906e-17,3.357e-1,,3.630e-1,2.161e-18,3.622e-12,,,,,1.965e-2,,,1.754e-7,,,,,,,,,,,
655.4,9.716e+0,1.260e-12,2.340e-10,4.852e-43,6.198e-18,,,1.458e-18,3.627e-20,,6.398e-16,5.580e-19,1.991e-29,8.978e-18,3.222e-18,9.159e-22,1.114e-19,,,3.156e-18,2.315e-18,1.325e-21,8.752e+0,,3.818e-25,2.567e-19,,,8.006e-22,2.590e-17,2.664e-1,1.109e-28,,4.387e-22,1.728e-2,8.909e-17,2.911e-1,,3.652e-1,2.164e-18,2.256e-12,,,,,2.365e-2,,,2.461e-7,,,,,,,,,,,
655.42,9.775e+0,1.692e-12,2.891e-10,4.870e-43,6.201e-18,,,1.458e-18,3.630e-20,,6.395e-16,5.583e-19,1.992e-29,8.978e-18,3.212e-18,6.999e-22,1.115e-19,,,3.155e-18,2.315e-18,1.156e-21,8.842e+0,,3.819e-25,2.566e-19,,,8.015e-22,2.592e-17,2.613e-1,1.109e-28,,4.388e-22,1.504e-2,8.911e-17,2.641e-1,,3.660e-1,2.165e-18,1.642e-12,,,,,2.671e-2,,,3.077e-7,,,,,,,,,,,
655.45,9.842e+0,2.627e-12,3.956e-10,4.898e-43,6.206e-18,,,1.458e-18,3.635e-20,,6.390e-16,5.586e-19,1.993e-29,8.978e-18,3.197e-18,4.660e-22,1.115e-19,,,3.153e-18,2.316e-18,9.379e-22,8.951e+0,,3.820e-25,2.565e-19,,,8.029e-22,2.595e-17,2.541e-1,1.109e-28,,4.391e-22,1.218e-2,8.913e-17,2.274e-1,,3.662e-1,2.167e-18,1.016e-12,,,,,3.194e-2,,,4.290e-7,,,,,,,,,,,
655.47,9.871e+0,3.514e-12,4.866e-10,4.917e-43,6.210e-18,,,1.458e-18,3.639e-20,,6.387e-16,5.588e-19,1.993e-29,8.978e-18,3.187e-18,3.545e-22,1.115e-19,,,3.152e-18,2.316e-18,8.143e-22,9.004e+0,,3.821e-25,2.564e-19,,,8.039e-22,2.598e-17,2.495e-1,1.109e-28,,4.393e-22,1.055e-2,8.915e-17,2.054e-1,,3.656e-1,2.168e-18,7.360e-13,,,,,3.591e-2,,,5.341e-7,,,,,,,,,,,
655.49,9.887e+0,4.693e-12,5.975e-10,4.935e-43,6.213e-18,,,1.458e-18,3.642e-20,,6.385e-16,5.591e-19,1.994e-29,8.978e-18,3.176e-18,2.692e-22,1.116e-19,,,3.151e-18,2.317e-18,7.056e-22,9.043e+0,,3.822e-25,2.563e-19,,,8.048e-22,2.600e-17,2.452e-1,1.109e-28,,4.394e-22,9.128e-3,8.917e-17,1.852e-1,,3.644e-1,2.170e-18,5.322e-13,,,,,4.030e-2,,,6.638e-7,,,,,,,,,,,
655.52,9.886e+0,7.217e-12,8.102e-10,4.963e-43,6.218e-18,,,1.458e-18,3.647e-20,,6.380e-16,5.594e-19,1.995e-29,8.977e-18,3.161e-18,1.775e-22,1.116e-19,,,3.150e-18,2.317e-18,5.674e-22,9.072e+0,,3.823e-25,2.561e-19,,,8.062e-22,2.603e-17,2.393e-1,1.109e-28,,4.397e-22,7.320e-3,8.920e-17,1.580e-1,,3.617e-1,2.172e-18,3.262e-13,,,,,4.775e-2,,,9.167e-7,,,,,,,,,,,
655.54,9.869e+0,9.595e-12,9.903e-10,4.982e-43,6.221e-18,,,1.457e-18,3.650e-20,,6.377e-16,5.596e-19,1.995e-29,8.977e-18,3.151e-18,1.342e-22,1.116e-19,,,3.148e-18,2.318e-18,4.895e-22,9.072e+0,,3.824e-25,2.560e-19,,,8.071e-22,2.605e-17,2.357e-1,1.109e-28,,4.398e-22,6.304e-3,8.921e-17,1.418e-1,,3.591e-1,2.173e-18,2.348e-13,,,,,5.335e-2,,,1.134e-6,,,,,,,,,,,
655.57,9.817e+0,1.466e-11,1.334e-9,5.009e-43,6.226e-18,,,1.457e-18,3.655e-20,,6.373e-16,5.600e-19,1.996e-29,8.977e-18,3.135e-18,8.794e-23,1.117e-19,,,3.147e-18,2.318e-18,3.909e-22,9.043e+0,,3.825e-25,2.558e-19,,,8.085e-22,2.609e-17,2.310e-1,1.109e-28,,4.401e-22,5.021e-3,8.924e-17,1.202e-1,,3.544e-1,2.175e-18,1.430e-13,,,,,6.279e-2,,,1.556e-6,,,,,,,,,,,
655.59,9.765e+0,1.940e-11,1.623e-9,5.028e-43,6.229e-18,,,1.457e-18,3.658e-20,,6.370e-16,5.602e-19,1.997e-29,8.977e-18,3.125e-18,6.619e-23,1.117e-19,,,3.146e-18,2.319e-18,3.358e-22,9.005e+0,,3.826e-25,2.557e-19,,,8.094e-22,2.611e-17,2.284e-1,1.109e-28,,4.402e-22,4.305e-3,8.926e-17,1.074e-1,,3.505e-1,2.176e-18,1.025e-13,,,,,6.984e-2,,,1.917e-6,,,,,,,,,,,
655.62,9.663e+0,2.945e-11,2.172e-9,5.056e-43,6.234e-18,,,1.457e-18,3.663e-20,,6.366e-16,5.605e-19,1.998e-29,8.977e-18,3.110e-18,4.308e-23,1.117e-19,,,3.144e-18,2.319e-18,2.664e-22,8.919e+0,,3.827e-25,2.556e-19,,,8.108e-22,2.614e-17,2.251e-1,1.109e-28,,4.405e-22,3.406e-3,8.929e-17,9.041e-2,,3.439e-1,2.178e-18,6.195e-14,,,,,8.166e-2,,,2.613e-6,,,,,,,,,,,
655.64,9.579e+0,3.881e-11,2.632e-9,5.074e-43,6.237e-18,,,1.457e-18,3.666e-20,,6.363e-16,5.608e-19,1.998e-29,8.977e-18,3.100e-18,3.228e-23,1.118e-19,,,3.143e-18,2.320e-18,2.277e-22,8.843e+0,,3.827e-25,2.555e-19,,,8.117e-22,2.616e-17,2.234e-1,1.109e-28,,4.407e-22,2.907e-3,8.930e-17,8.044e-2,,3.389e-1,2.180e-18,4.420e-14,,,,,9.043e-2,,,3.204e-6,,,,,,,,,,,
655.67,9.429e+0,5.851e-11,3.499e-9,5.102e-43,6.242e-18,,,1.457e-18,3.671e-20,,6.359e-16,5.611e-19,1.999e-29,8.977e-18,3.084e-18,2.087e-23,1.118e-19,,,3.141e-18,2.320e-18,1.795e-22,8.702e+0,,3.829e-25,2.553e-19,,,8.131e-22,2.620e-17,2.217e-1,1.110e-28,,4.409e-22,2.284e-3,8.933e-17,6.729e-2,,3.305e-1,2.182e-18,2.655e-14,,,,,1.050e-1,,,4.338e-6,,,,,,,,,,,
655.69,9.314e+0,7.676e-11,4.221e-9,5.121e-43,6.246e-18,,,1.457e-18,3.674e-20,,6.356e-16,5.613e-19,2.000e-29,8.976e-18,3.074e-18,1.557e-23,1.118e-19,,,3.140e-18,2.320e-18,1.528e-22,8.591e+0,,3.829e-25,2.552e-19,,,8.140e-22,2.622e-17,2.211e-1,1.110e-28,,4.411e-22,1.941e-3,8.935e-17,5.962e-2,,3.244e-1,2.183e-18,1.886e-14,,,,,1.158e-1,,,5.297e-6,,,,,,,,,,,
655.72,9.121e+0,1.150e-10,5.574e-9,5.149e-43,6.250e-18,,,1.457e-18,3.679e-20,,6.352e-16,5.617e-19,2.000e-29,8.976e-18,3.059e-18,9.997e-24,1.119e-19,,,3.139e-18,2.321e-18,1.196e-22,8.401e+0,,3.830e-25,2.550e-19,,,8.154e-22,2.625e-17,2.212e-1,1.110e-28,,4.413e-22,1.515e-3,8.938e-17,4.957e-2,,3.145e-1,2.185e-18,1.125e-14,,,,,1.336e-1,,,7.124e-6,,,,,,,,,,,
655.74,8.979e+0,1.502e-10,6.695e-9,5.167e-43,6.254e-18,,,1.457e-18,3.683e-20,,6.349e-16,5.619e-19,2.001e-29,8.976e-18,3.049e-18,7.424e-24,1.119e-19,,,3.137e-18,2.321e-18,1.013e-22,8.258e+0,,3.831e-25,2.549e-19,,,8.163e-22,2.627e-17,2.218e-1,1.110e-28,,4.415e-22,1.282e-3,8.939e-17,4.375e-2,,3.075e-1,2.186e-18,7.954e-15,,,,,1.466e-1,,,8.661e-6,,,,,,,,,,,
655.77,8.749e+0,2.235e-10,8.783e-9,5.195e-43,6.259e-18,,,1.457e-18,3.687e-20,,6.344e-16,5.622e-19,2.002e-29,8.976e-18,3.033e-18,4.736e-24,1.119e-19,,,3.136e-18,2.322e-18,7.879e-23,8.023e+0,,3.832e-25,2.548e-19,,,8.177e-22,2.631e-17,2.238e-1,1.110e-28,,4.417e-22,9.938e-4,8.942e-17,3.617e-2,,2.964e-1,2.188e-18,4.713e-15,,,,,1.681e-1,,,1.157e-5,,,,,,,,,,,
655.79,8.584e+0,2.906e-10,1.050e-8,5.214e-43,6.262e-18,,,1.457e-18,3.691e-20,,6.341e-16,5.624e-19,2.003e-29,8.976e-18,3.023e-18,3.502e-24,1.120e-19,,,3.135e-18,2.322e-18,6.647e-23,7.854e+0,,3.833e-25,2.547e-19,,,8.186e-22,2.633e-17,2.257e-1,1.110e-28,,4.419e-22,8.369e-4,8.944e-17,3.182e-2,,2.886e-1,2.190e-18,3.317e-15,,,,,1.837e-1,,,1.401e-5,,,,,,,,,,,
655.82,8.323e+0,4.296e-10,1.369e-8,5.241e-43,6.267e-18,,,1.457e-18,3.696e-20,,6.337e-16,5.628e-19,2.003e-29,8.976e-18,3.008e-18,2.219e-24,1.120e-19,,,3.133e-18,2.323e-18,5.133e-23,7.581e+0,,3.834e-25,2.545e-19,,,8.200e-22,2.636e-17,2.296e-1,1.110e-28,,4.421e-22,6.446e-4,8.947e-17,2.621e-2,,2.765e-1,2.192e-18,1.952e-15,,,,,2.091e-1,,,1.859e-5,,,,,,,,,,,
655.84,8.141e+0,5.562e-10,1.629e-8,5.260e-43,6.270e-18,,,1.457e-18,3.699e-20,,6.334e-16,5.630e-19,2.004e-29,8.975e-18,2.998e-18,1.633e-24,1.120e-19,,,3.132e-18,2.323e-18,4.311e-23,7.389e+0,,3.835e-25,2.544e-19,,,8.209e-22,2.638e-17,2.330e-1,1.110e-28,,4.423e-22,5.404e-4,8.948e-17,2.301e-2,,2.682e-1,2.193e-18,1.368e-15,,,,,2.275e-1,,,2.240e-5,,,,,,,,,,,
655.86,7.954e+0,7.188e-10,1.936e-8,5.279e-43,6.273e-18,,,1.457e-18,3.702e-20,,6.331e-16,5.632e-19,2.005e-29,8.975e-18,2.987e-18,1.200e-24,1.121e-19,,,3.131e-18,2.324e-18,3.615e-23,7.189e+0,,3.836e-25,2.543e-19,,,8.218e-22,2.640e-17,2.368e-1,1.110e-28,,4.425e-22,4.523e-4,8.950e-17,2.021e-2,,2.598e-1,2.194e-18,9.570e-16,,,,,2.470e-1,,,2.694e-5,,,,,,,,,,,
655.89,7.664e+0,1.053e-9,2.500e-8,5.306e-43,6.278e-18,,,1.457e-18,3.707e-20,,6.327e-16,5.636e-19,2.005e-29,8.975e-18,2.972e-18,7.532e-25,1.121e-19,,,3.129e-18,2.324e-18,2.765e-23,6.878e+0,,3.837e-25,2.541e-19,,,8.232e-22,2.644e-17,2.436e-1,1.110e-28,,4.427e-22,3.451e-4,8.953e-17,1.665e-2,,2.468e-1,2.196e-18,5.579e-16,,,,,2.786e-1,,,3.543e-5,,,,,,,,,,,
655.91,7.467e+0,1.355e-9,2.958e-8,5.325e-43,6.281e-18,,,1.457e-18,3.710e-20,,6.324e-16,5.638e-19,2.006e-29,8.975e-18,2.962e-18,5.510e-25,1.121e-19,,,3.128e-18,2.324e-18,2.308e-23,6.663e+0,,3.838e-25,2.540e-19,,,8.241e-22,2.646e-17,2.488e-1,1.110e-28,,4.429e-22,2.875e-4,8.955e-17,1.466e-2,,2.380e-1,2.198e-18,3.885e-16,,,,,3.013e-1,,,4.243e-5,,,,,,,,,,,
655.94,7.166e+0,1.971e-9,3.795e-8,5.353e-43,6.286e-18,,,1.457e-18,3.715e-20,,6.320e-16,5.641e-19,2.007e-29,8.975e-18,2.947e-18,3.436e-25,1.122e-19,,,3.127e-18,2.325e-18,1.754e-23,6.334e+0,,3.839e-25,2.539e-19,,,8.255e-22,2.649e-17,2.577e-1,1.110e-28,,4.431e-22,2.179e-4,8.957e-17,1.220e-2,,2.248e-1,2.200e-18,2.250e-16,,,,,3.375e-1,,,5.542e-5,,,,,,,,,,,
655.96,6.965e+0,2.525e-9,4.470e-8,5.371e-43,6.290e-18,,,1.457e-18,3.718e-20,,6.317e-16,5.644e-19,2.008e-29,8.975e-18,2.936e-18,2.502e-25,1.122e-19,,,3.125e-18,2.325e-18,1.458e-23,6.110e+0,,3.839e-25,2.538e-19,,,8.264e-22,2.651e-17,2.642e-1,1.110e-28,,4.433e-22,1.807e-4,8.959e-17,1.086e-2,,2.160e-1,2.201e-18,1.560e-16,,,,,3.633e-1,,,6.607e-5,,,,,,,,,,,
655.99,6.662e+0,3.649e-9,5.696e-8,5.399e-43,6.295e-18,,,1.456e-18,3.723e-20,,6.313e-16,5.647e-19,2.008e-29,8.974e-18,2.921e-18,1.550e-25,1.122e-19,,,3.124e-18,2.326e-18,1.100e-23,5.771e+0,,3.841e-25,2.536e-19,,,8.278e-22,2.655e-17,2.751e-1,1.110e-28,,4.435e-22,1.361e-4,8.962e-17,9.268e-3,,2.027e-1,2.203e-18,8.971e-17,,,,,4.044e-1,,,8.574e-5,,,,,,,,,,,
656.01,6.462e+0,4.654e-9,6.681e-8,5.418e-43,6.298e-18,,,1.456e-18,3.726e-20,,6.310e-16,5.649e-19,2.009e-29,8.974e-18,2.911e-18,1.123e-25,1.123e-19,,,3.123e-18,2.326e-18,9.101e-24,5.543e+0,,3.841e-25,2.535e-19,,,8.288e-22,2.657e-17,2.829e-1,1.110e-28,,4.437e-22,1.123e-4,8.964e-17,8.455e-3,,1.939e-1,2.205e-18,6.191e-17,,,,,4.334e-1,,,1.018e-4,,,,,,,,,,,
656.04,6.165e+0,6.682e-9,8.457e-8,5.446e-43,6.303e-18,,,1.456e-18,3.731e-20,,6.305e-16,5.653e-19,2.010e-29,8.974e-18,2.895e-18,6.912e-26,1.123e-19,,,3.121e-18,2.327e-18,6.824e-24,5.201e+0,,3.842e-25,2.534e-19,,,8.301e-22,2.660e-17,2.956e-1,1.110e-28,,4.439e-22,8.402e-5,8.966e-17,7.578e-3,,1.809e-1,2.207e-18,3.537e-17,,,,,4.792e-1,,,1.312e-4,,,,,,,,,,,
656.06,5.970e+0,8.486e-9,9.876e-8,5.464e-43,6.306e-18,,,1.456e-18,3.735e-20,,6.303e-16,5.655e-19,2.010e-29,8.974e-18,2.885e-18,4.989e-26,1.123e-19,,,3.120e-18,2.327e-18,5.620e-24,4.975e+0,,3.843e-25,2.532e-19,,,8.311e-22,2.662e-17,3.047e-1,1.110e-28,,4.441e-22,6.906e-5,8.968e-17,7.208e-3,,1.724e-1,2.208e-18,2.430e-17,,,,,5.112e-1,,,1.550e-4,,,,,,,,,,,
656.09,5.686e+0,1.210e-8,1.242e-7,5.492e-43,6.311e-18,,,1.456e-18,3.739e-20,,6.298e-16,5.658e-19,2.011e-29,8.974e-18,2.870e-18,3.049e-26,1.124e-19,,,3.118e-18,2.328e-18,4.186e-24,4.638e+0,,3.844e-25,2.531e-19,,,8.324e-22,2.666e-17,3.191e-1,1.110e-28,,4.444e-22,5.130e-5,8.971e-17,6.959e-3,,1.599e-1,2.210e-18,1.379e-17,,,,,5.615e-1,,,1.985e-4,,,,,,,,,,,
656.11,5.502e+0,1.530e-8,1.444e-7,5.511e-43,6.314e-18,,,1.456e-18,3.743e-20,,6.295e-16,5.661e-19,2.012e-29,8.974e-18,2.860e-18,2.191e-26,1.124e-19,,,3.117e-18,2.328e-18,3.432e-24,4.417e+0,,3.845e-25,2.530e-19,,,8.334e-22,2.668e-17,3.292e-1,1.110e-28,,4.445e-22,4.198e-5,8.973e-17,6.993e-3,,1.517e-1,2.211e-18,9.430e-18,,,,,5.964e-1,,,2.336e-4,,,,,,,,,,,
656.14,5.235e+0,2.168e-8,1.804e-7,5.538e-43,6.319e-18,,,1.456e-18,3.748e-20,,6.291e-16,5.664e-19,2.013e-29,8.974e-18,2.844e-18,1.330e-26,1.124e-19,,,3.116e-18,2.329e-18,2.539e-24,4.092e+0,,3.846e-25,2.528e-19,,,8.347e-22,2.671e-17,3.451e-1,1.110e-28,,4.448e-22,3.098e-5,8.975e-17,7.342e-3,,1.398e-1,2.213e-18,5.316e-18,,,,,6.507e-1,,,2.971e-4,,,,,,,,,,,
656.16,5.064e+0,2.729e-8,2.088e-7,5.557e-43,6.322e-18,,,1.456e-18,3.751e-20,,6.288e-16,5.666e-19,2.013e-29,8.973e-18,2.834e-18,9.514e-27,1.125e-19,,,3.114e-18,2.329e-18,2.072e-24,3.880e+0,,3.847e-25,2.527e-19,,,8.357e-22,2.673e-17,3.561e-1,1.110e-28,,4.449e-22,2.524e-5,8.977e-17,7.779e-3,,1.321e-1,2.215e-18,5.295e-18,,,,,6.881e-1,,,3.481e-4,,,,,,,,,,,
656.19,4.820e+0,3.841e-8,2.592e-7,5.585e-43,6.327e-18,,,1.456e-18,3.756e-20,,6.284e-16,5.670e-19,2.014e-29,8.973e-18,2.819e-18,5.737e-27,1.125e-19,,,3.113e-18,2.330e-18,1.523e-24,3.571e+0,,3.848e-25,2.526e-19,,,8.371e-22,2.677e-17,3.732e-1,1.111e-28,,4.452e-22,1.850e-5,8.980e-17,8.754e-3,,1.210e-1,2.217e-18,5.264e-18,,,,,7.458e-1,,,4.398e-4,,,,,,,,,,,
656.21,4.666e+0,4.814e-8,2.987e-7,5.603e-43,6.330e-18,,,1.456e-18,3.759e-20,,6.281e-16,5.672e-19,2.015e-29,8.973e-18,2.809e-18,4.085e-27,1.125e-19,,,3.112e-18,2.330e-18,1.237e-24,3.372e+0,,3.849e-25,2.525e-19,,,8.380e-22,2.679e-17,3.850e-1,1.111e-28,,4.453e-22,1.500e-5,8.982e-17,9.632e-3,,1.139e-1,2.218e-18,5.244e-18,,,,,7.851e-1,,,5.129e-4,,,,,,,,,,,
656.23,4.518e+0,6.022e-8,3.436e-7,5.622e-43,6.334e-18,,,1.456e-18,3.762e-20,,6.278e-16,5.674e-19,2.015e-29,8.973e-18,2.798e-18,2.904e-27,1.125e-19,,,3.111e-18,2.330e-18,1.004e-24,3.178e+0,,3.850e-25,2.523e-19,,,8.389e-22,2.681e-17,3.970e-1,1.111e-28,,4.455e-22,1.214e-5,8.983e-17,1.071e-2,,1.070e-1,2.219e-18,5.223e-18,,,,,8.251e-1,,,5.971e-4,,,,,,,,,,,
656.26,4.311e+0,8.398e-8,4.226e-7,5.650e-43,6.339e-18,,,1.456e-18,3.767e-20,,6.274e-16,5.678e-19,2.016e-29,8.973e-18,2.783e-18,1.735e-27,1.126e-19,,,3.109e-18,2.331e-18,7.306e-25,2.899e+0,,3.851e-25,2.522e-19,,,8.403e-22,2.684e-17,4.154e-1,1.111e-28,,4.458e-22,8.818e-6,8.986e-17,1.272e-2,,9.711e-2,2.221e-18,5.193e-18,,,,,8.860e-1,,,7.476e-4,,,,,,,,,,,
656.28,4.181e+0,1.046e-7,4.840e-7,5.668e-43,6.342e-18,,,1.456e-18,3.770e-20,,6.271e-16,5.680e-19,2.017e-29,8.973e-18,2.773e-18,1.228e-27,1.126e-19,,,3.108e-18,2.331e-18,5.899e-25,2.720e+0,,3.851e-25,2.521e-19,,,8.412e-22,2.687e-17,4.279e-1,1.111e-28,,4.459e-22,7.107e-6,8.988e-17,1.435e-2,,9.086e-2,2.223e-18,5.172e-18,,,,,9.270e-1,,,8.665e-4,,,,,,,,,,,
656.31,4.001e+0,1.449e-7,5.914e-7,5.696e-43,6.347e-18,,,1.456e-18,3.775e-20,,6.267e-16,5.683e-19,2.018e-29,8.972e-18,2.758e-18,7.285e-28,1.127e-19,,,3.106e-18,2.332e-18,4.266e-25,2.465e+0,,3.853e-25,2.519e-19,,,8.426e-22,2.690e-17,4.468e-1,1.111e-28,,4.462e-22,5.126e-6,8.990e-17,1.729e-2,,8.197e-2,2.225e-18,5.142e-18,,,,,9.888e-1,,,1.078e-3,,,,,,,,,,,
656.33,3.891e+0,1.797e-7,6.744e-7,5.715e-43,6.350e-18,,,1.456e-18,3.778e-20,,6.264e-16,5.686e-19,2.018e-29,8.972e-18,2.747e-18,5.133e-28,1.127e-19,,,3.105e-18,2.332e-18,3.429e-25,2.304e+0,,3.853e-25,2.518e-19,,,8.435e-22,2.692e-17,4.595e-1,1.111e-28,,4.463e-22,4.113e-6,8.992e-17,1.962e-2,,7.637e-2,2.226e-18,5.121e-18,,,,,1.030e+0,,,1.244e-3,,,,,,,,,,,
656.36,3.738e+0,2.473e-7,8.186e-7,5.743e-43,6.355e-18,,,1.456e-18,3.783e-20,,6.259e-16,5.689e-19,2.019e-29,8.972e-18,2.732e-18,3.025e-28,1.127e-19,,,3.104e-18,2.333e-18,2.463e-25,2.074e+0,,3.854e-25,2.517e-19,,,8.449e-22,2.695e-17,4.786e-1,1.111e-28,,4.466e-22,2.946e-6,8.995e-17,2.374e-2,,6.846e-2,2.228e-18,5.090e-18,,,,,1.091e+0,,,1.536e-3,,,,,,,,,,,
656.38,3.645e+0,3.053e-7,9.295e-7,5.761e-43,6.358e-18,,,1.456e-18,3.787e-20,,6.257e-16,5.691e-19,2.020e-29,8.972e-18,2.722e-18,2.122e-28,1.127e-19,,,3.102e-18,2.333e-18,1.971e-25,1.930e+0,,3.855e-25,2.516e-19,,,8.458e-22,2.698e-17,4.913e-1,1.111e-28,,4.467e-22,2.353e-6,8.997e-17,2.695e-2,,6.352e-2,2.229e-18,5.070e-18,,,,,1.132e+0,,,1.765e-3,,,,,,,,,,,
656.41,3.519e+0,4.174e-7,1.121e-6,5.789e-43,6.363e-18,,,1.455e-18,3.791e-20,,6.252e-16,5.695e-19,2.021e-29,8.972e-18,2.707e-18,1.242e-28,1.128e-19,,,3.101e-18,2.334e-18,1.406e-25,1.727e+0,,3.856e-25,2.514e-19,,,8.472e-22,2.701e-17,5.102e-1,1.111e-28,,4.470e-22,1.675e-6,8.999e-17,3.255e-2,,5.658e-2,2.231e-18,5.039e-18,,,,,1.191e+0,,,2.166e-3,,,,,,,,,,,
656.43,3.444e+0,5.130e-7,1.267e-6,5.808e-43,6.366e-18,,,1.455e-18,3.795e-20,,6.249e-16,5.697e-19,2.021e-29,8.972e-18,2.696e-18,8.655e-29,1.128e-19,,,3.100e-18,2.334e-18,1.120e-25,1.600e+0,,3.857e-25,2.513e-19,,,8.481e-22,2.703e-17,5.227e-1,1.111e-28,,4.472e-22,1.332e-6,9.001e-17,3.687e-2,,5.228e-2,2.233e-18,5.019e-18,,,,,1.230e+0,,,2.478e-3,,,,,,,,,,,
656.46,3.342e+0,6.968e-7,1.518e-6,5.835e-43,6.371e-18,,,1.455e-18,3.800e-20,,6.245e-16,5.700e-19,2.022e-29,8.971e-18,2.681e-18,5.033e-29,1.129e-19,,,3.098e-18,2.335e-18,7.941e-26,1.422e+0,,3.858e-25,2.511e-19,,,8.495e-22,2.706e-17,5.411e-1,1.111e-28,,4.474e-22,9.413e-7,9.004e-17,4.433e-2,,4.627e-2,2.235e-18,4.988e-18,,,,,1.286e+0,,,3.021e-3,,,,,,,,,,,
656.48,3.282e+0,8.527e-7,1.709e-6,5.854e-43,6.375e-18,,,1.455e-18,3.803e-20,,6.242e-16,5.703e-19,2.023e-29,8.971e-18,2.671e-18,3.499e-29,1.129e-19,,,3.097e-18,2.335e-18,6.298e-26,1.312e+0,,3.859e-25,2.510e-19,,,8.504e-22,2.709e-17,5.531e-1,1.111e-28,,4.476e-22,7.452e-7,9.006e-17,5.004e-2,,4.257e-2,2.236e-18,4.968e-18,,,,,1.322e+0,,,3.440e-3,,,,,,,,,,,
656.51,3.203e+0,1.150e-6,2.034e-6,5.882e-43,6.379e-18,,,1.455e-18,3.808e-20,,6.238e-16,5.706e-19,2.024e-29,8.971e-18,2.655e-18,2.022e-29,1.129e-19,,,3.095e-18,2.336e-18,4.434e-26,1.158e+0,,3.860e-25,2.509e-19,,,8.518e-22,2.712e-17,5.707e-1,1.111e-28,,4.478e-22,5.232e-7,9.008e-17,5.984e-2,,3.744e-2,2.238e-18,4.937e-18,,,,,1.373e+0,,,4.166e-3,,,,,,,,,,,
656.53,3.157e+0,1.402e-6,2.279e-6,5.900e-43,6.383e-18,,,1.455e-18,3.811e-20,,6.235e-16,5.708e-19,2.024e-29,8.971e-18,2.645e-18,1.399e-29,1.129e-19,,,3.094e-18,2.336e-18,3.501e-26,1.064e+0,,3.861e-25,2.508e-19,,,8.527e-22,2.714e-17,5.821e-1,1.111e-28,,4.480e-22,4.124e-7,9.010e-17,6.728e-2,,3.430e-2,2.239e-18,4.917e-18,,,,,1.405e+0,,,4.724e-3,,,,,,,,,,,
656.56,3.097e+0,1.879e-6,2.696e-6,5.928e-43,6.388e-18,,,1.455e-18,3.816e-20,,6.231e-16,5.712e-19,2.025e-29,8.971e-18,2.630e-18,7.817e-30,1.130e-19,,,3.093e-18,2.336e-18,2.448e-26,9.334e-1,,3.862e-25,2.506e-19,,,8.541e-22,2.717e-17,5.985e-1,1.111e-28,,4.482e-22,2.876e-7,9.013e-17,7.995e-2,,2.997e-2,2.241e-18,4.886e-18,,,,,1.449e+0,,,5.683e-3,,,,,,,,,,,
656.58,3.062e+0,2.279e-6,3.008e-6,5.947e-43,6.391e-18,,,1.455e-18,3.819e-20,,6.228e-16,5.714e-19,2.026e-29,8.971e-18,2.620e-18,5.388e-30,1.130e-19,,,3.091e-18,2.337e-18,1.925e-26,8.536e-1,,3.863e-25,2.505e-19,,,8.550e-22,2.720e-17,6.089e-1,1.111e-28,,4.484e-22,2.257e-7,9.015e-17,8.952e-2,,2.734e-2,2.243e-18,4.865e-18,,,,,1.477e+0,,,6.415e-3,,,,,,,,,,,
656.6,3.032e+0,2.759e-6,3.351e-6,5.965e-43,6.394e-18,,,1.455e-18,3.822e-20,,6.225e-16,5.716e-19,2.026e-29,8.971e-18,2.610e-18,3.707e-30,1.130e-19,,,3.090e-18,2.337e-18,1.511e-26,7.792e-1,,3.863e-25,2.504e-19,,,8.560e-22,2.722e-17,6.190e-1,1.111e-28,,4.486e-22,1.767e-7,9.017e-17,1.001e-1,,2.489e-2,2.244e-18,4.845e-18,,,,,1.502e+0,,,7.228e-3,,,,,,,,,,,
656.63,2.994e+0,3.664e-6,3.927e-6,5.993e-43,6.399e-18,,,1.455e-18,3.827e-20,,6.221e-16,5.719e-19,2.027e-29,8.970e-18,2.594e-18,2.109e-30,1.131e-19,,,3.089e-18,2.338e-18,1.047e-26,6.775e-1,,3.865e-25,2.502e-19,,,8.573e-22,2.725e-17,6.332e-1,1.111e-28,,4.488e-22,1.221e-7,9.019e-17,1.178e-1,,2.156e-2,2.246e-18,4.814e-18,,,,,1.535e+0,,,8.616e-3,,,,,,,,,,,
656.65,2.973e+0,4.417e-6,4.355e-6,6.012e-43,6.402e-18,,,1.455e-18,3.831e-20,,6.218e-16,5.722e-19,2.028e-29,8.970e-18,2.584e-18,1.444e-30,1.131e-19,,,3.088e-18,2.338e-18,8.183e-27,6.159e-1,,3.865e-25,2.501e-19,,,8.583e-22,2.727e-17,6.421e-1,1.111e-28,,4.490e-22,9.521e-8,9.021e-17,1.311e-1,,1.955e-2,2.248e-18,4.794e-18,,,,,1.554e+0,,,9.665e-3,,,,,,,,,,,
656.68,2.947e+0,5.827e-6,5.071e-6,6.040e-43,6.407e-18,,,1.455e-18,3.835e-20,,6.213e-16,5.725e-19,2.029e-29,8.970e-18,2.569e-18,8.161e-31,1.131e-19,,,3.086e-18,2.339e-18,5.640e-27,5.320e-1,,3.866e-25,2.500e-19,,,8.596e-22,2.731e-17,6.545e-1,1.112e-28,,4.492e-22,6.534e-8,9.024e-17,1.534e-1,,1.682e-2,2.250e-18,4.763e-18,,,,,1.578e+0,,,1.144e-2,,,,,,,,,,,
656.7,2.932e+0,6.994e-6,5.600e-6,6.058e-43,6.411e-18,,,1.455e-18,3.839e-20,,6.210e-16,5.727e-19,2.029e-29,8.970e-18,2.558e-18,5.565e-31,1.132e-19,,,3.085e-18,2.339e-18,4.396e-27,4.815e-1,,3.867e-25,2.499e-19,,,8.606e-22,2.733e-17,6.620e-1,1.112e-28,,4.494e-22,5.072e-8,9.026e-17,1.700e-1,,1.519e-2,2.251e-18,4.743e-18,,,,,1.591e+0,,,1.278e-2,,,,,,,,,,,
656.73,2.916e+0,9.166e-6,6.478e-6,6.086e-43,6.415e-18,,,1.455e-18,3.844e-20,,6.206e-16,5.731e-19,2.030e-29,8.970e-18,2.543e-18,5.592e-31,1.132e-19,,,3.083e-18,2.340e-18,3.024e-27,4.132e-1,,3.868e-25,2.497e-19,,,8.620e-22,2.736e-17,6.723e-1,1.112e-28,,4.496e-22,3.457e-8,9.028e-17,1.976e-1,,1.298e-2,2.253e-18,4.712e-18,,,,,1.605e+0,,,1.504e-2,,,,,,,,,,,
656.75,2.908e+0,1.095e-5,7.123e-6,6.105e-43,6.419e-18,,,1.455e-18,3.847e-20,,6.203e-16,5.733e-19,2.031e-29,8.970e-18,2.533e-18,5.611e-31,1.132e-19,,,3.082e-18,2.340e-18,2.361e-27,3.724e-1,,3.869e-25,2.496e-19,,,8.629e-22,2.738e-17,6.783e-1,1.112e-28,,4.498e-22,2.672e-8,9.030e-17,2.180e-1,,1.167e-2,2.254e-18,4.692e-18,,,,,1.610e+0,,,1.672e-2,,,,,,,,,,,
656.78,2.899e+0,1.426e-5,8.188e-6,6.132e-43,6.424e-18,,,1.455e-18,3.852e-20,,6.199e-16,5.736e-19,2.031e-29,8.969e-18,2.518e-18,5.639e-31,1.133e-19,,,3.081e-18,2.340e-18,1.642e-27,3.175e-1,,3.870e-25,2.494e-19,,,8.643e-22,2.742e-17,6.862e-1,1.112e-28,,4.500e-22,1.809e-8,9.033e-17,2.517e-1,,9.914e-3,2.256e-18,4.661e-18,,,,,1.614e+0,,,1.954e-2,,,,,,,,,,,
656.8,2.895e+0,1.696e-5,8.965e-6,6.151e-43,6.427e-18,,,1.455e-18,3.855e-20,,6.196e-16,5.739e-19,2.032e-29,8.969e-18,2.507e-18,5.657e-31,1.133e-19,,,3.079e-18,2.341e-18,1.305e-27,2.849e-1,,3.871e-25,2.493e-19,,,8.652e-22,2.744e-17,6.906e-1,1.112e-28,,4.502e-22,1.392e-8,9.034e-17,2.764e-1,,8.873e-3,2.258e-18,4.640e-18,,,,,1.612e+0,,,2.163e-2,,,,,,,,,,,
656.83,2.892e+0,2.194e-5,1.024e-5,6.179e-43,6.432e-18,,,1.454e-18,3.860e-20,,6.192e-16,5.742e-19,2.033e-29,8.969e-18,2.492e-18,5.685e-31,1.133e-19,,,3.078e-18,2.341e-18,9.596e-28,2.414e-1,,3.872e-25,2.492e-19,,,8.666e-22,2.747e-17,6.959e-1,1.112e-28,,4.505e-22,9.361e-9,9.037e-17,3.171e-1,,7.488e-3,2.260e-18,4.610e-18,,,,,1.605e+0,,,2.510e-2,,,,,,,,,,,
656.85,2.892e+0,2.599e-5,1.116e-5,6.197e-43,6.435e-18,,,1.454e-18,3.863e-20,,6.189e-16,5.744e-19,2.034e-29,8.969e-18,2.482e-18,5.704e-31,1.134e-19,,,3.077e-18,2.342e-18,8.149e-28,2.156e-1,,3.873e-25,2.491e-19,,,8.675e-22,2.749e-17,6.986e-1,1.112e-28,,4.506e-22,7.170e-9,9.039e-17,3.467e-1,,6.673e-3,2.261e-18,4.589e-18,,,,,1.596e+0,,,2.767e-2,,,,,,,,,,,
656.88,2.894e+0,3.339e-5,1.267e-5,6.225e-43,6.440e-18,,,1.454e-18,3.868e-20,,6.185e-16,5.748e-19,2.034e-29,8.969e-18,2.467e-18,5.732e-31,1.134e-19,,,3.075e-18,2.342e-18,7.033e-28,1.815e-1,,3.874e-25,2.489e-19,,,8.689e-22,2.753e-17,7.012e-1,1.112e-28,,4.509e-22,4.790e-9,9.042e-17,3.951e-1,,5.595e-3,2.263e-18,4.559e-18,,,,,1.578e+0,,,3.190e-2,,,,,,,,,,,
656.9,2.896e+0,3.937e-5,1.375e-5,6.244e-43,6.443e-18,,,1.454e-18,3.871e-20,,6.182e-16,5.750e-19,2.035e-29,8.969e-18,2.456e-18,5.750e-31,1.134e-19,,,3.074e-18,2.343e-18,6.923e-28,1.614e-1,,3.875e-25,2.488e-19,,,8.698e-22,2.755e-17,7.019e-1,1.112e-28,,4.510e-22,3.652e-9,9.043e-17,4.301e-1,,4.964e-3,2.264e-18,4.538e-18,,,,,1.563e+0,,,3.501e-2,,,,,,,,,,,
656.93,2.903e+0,5.025e-5,1.551e-5,6.272e-43,6.448e-18,,,1.454e-18,3.876e-20,,6.177e-16,5.753e-19,2.036e-29,8.968e-18,2.441e-18,5.778e-31,1.135e-19,,,3.072e-18,2.343e-18,7.692e-28,1.350e-1,,3.876e-25,2.486e-19,,,8.712e-22,2.758e-17,7.017e-1,1.112e-28,,4.513e-22,2.424e-9,9.046e-17,4.869e-1,,4.135e-3,2.266e-18,4.507e-18,,,,,1.535e+0,,,4.010e-2,,,,,,,,,,,
656.95,2.909e+0,5.900e-5,1.676e-5,6.290e-43,6.451e-18,,,1.454e-18,3.879e-20,,6.174e-16,5.756e-19,2.036e-29,8.968e-18,2.431e-18,5.797e-31,1.135e-19,,,3.071e-18,2.344e-18,8.876e-28,1.195e-1,,3.877e-25,2.485e-19,,,8.721e-22,2.760e-17,7.006e-1,1.112e-28,,4.514e-22,1.840e-9,9.048e-17,5.277e-1,,3.653e-3,2.268e-18,4.487e-18,,,,,1.514e+0,,,4.381e-2,,,,,,,,,,,
656.97,2.916e+0,6.914e-5,1.809e-5,6.309e-43,6.455e-18,,,1.454e-18,3.883e-20,,6.172e-16,5.758e-19,2.037e-29,8.968e-18,2.421e-18,5.815e-31,1.135e-19,,,3.070e-18,2.344e-18,1.068e-27,1.057e-1,,3.877e-25,2.484e-19,,,8.730e-22,2.763e-17,6.987e-1,1.112e-28,,4.516e-22,1.394e-9,9.050e-17,5.709e-1,,3.222e-3,2.269e-18,4.466e-18,,,,,1.490e+0,,,4.777e-2,,,,,,,,,,,
657,2.929e+0,8.743e-5,2.022e-5,6.337e-43,6.460e-18,,,1.454e-18,3.887e-20,,6.167e-16,5.761e-19,2.038e-29,8.968e-18,2.405e-18,5.843e-31,1.136e-19,,,3.068e-18,2.345e-18,1.481e-27,8.757e-2,,3.878e-25,2.483e-19,,,8.744e-22,2.766e-17,6.944e-1,1.112e-28,,4.519e-22,9.164e-10,9.052e-17,6.403e-1,,2.659e-3,2.271e-18,4.436e-18,,,,,1.449e+0,,,5.422e-2,,,,,,,,,,,
657.02,2.939e+0,1.020e-4,2.173e-5,6.355e-43,6.463e-18,,,1.454e-18,3.891e-20,,6.164e-16,5.764e-19,2.038e-29,8.968e-18,2.395e-18,5.862e-31,1.136e-19,,,3.067e-18,2.345e-18,1.877e-27,7.709e-2,,3.879e-25,2.482e-19,,,8.753e-22,2.768e-17,6.906e-1,1.112e-28,,4.520e-22,6.913e-10,9.054e-17,6.896e-1,,2.335e-3,2.272e-18,4.415e-18,,,,,1.420e+0,,,5.887e-2,,,,,,,,,,,
657.05,2.956e+0,1.282e-4,2.413e-5,6.383e-43,6.468e-18,,,1.454e-18,3.896e-20,,6.160e-16,5.767e-19,2.039e-29,8.968e-18,2.380e-18,5.889e-31,1.136e-19,,,3.066e-18,2.345e-18,2.714e-27,6.346e-2,,3.880e-25,2.480e-19,,,8.767e-22,2.771e-17,6.834e-1,1.112e-28,,4.523e-22,4.514e-10,9.057e-17,7.683e-1,,1.915e-3,2.274e-18,4.385e-18,,,,,1.373e+0,,,6.637e-2,,,,,,,,,,,
657.07,2.970e+0,1.489e-4,2.583e-5,6.402e-43,6.471e-18,,,1.454e-18,3.899e-20,,6.157e-16,5.769e-19,2.040e-29,8.968e-18,2.370e-18,5.908e-31,1.137e-19,,,3.065e-18,2.346e-18,3.482e-27,5.562e-2,,3.881e-25,2.479e-19,,,8.776e-22,2.774e-17,6.777e-1,1.112e-28,,4.524e-22,3.390e-10,9.059e-17,8.239e-1,,1.674e-3,2.276e-18,4.364e-18,,,,,1.339e+0,,,7.174e-2,,,,,,,,,,,
657.1,2.993e+0,1.858e-4,2.850e-5,6.429e-43,6.476e-18,,,1.454e-18,3.904e-20,,6.153e-16,5.773e-19,2.041e-29,8.967e-18,2.354e-18,5.936e-31,1.137e-19,,,3.063e-18,2.346e-18,5.069e-27,4.549e-2,,3.882e-25,2.478e-19,,,8.790e-22,2.777e-17,6.676e-1,1.112e-28,,4.527e-22,2.199e-10,9.061e-17,9.119e-1,,1.364e-3,2.278e-18,4.333e-18,,,,,1.286e+0,,,8.035e-2,,,,,,,,,,,
657.12,3.010e+0,2.149e-4,3.038e-5,6.448e-43,6.479e-18,,,1.454e-18,3.907e-20,,6.150e-16,5.775e-19,2.041e-29,8.967e-18,2.344e-18,5.954e-31,1.137e-19,,,3.062e-18,2.347e-18,6.506e-27,3.969e-2,,3.883e-25,2.476e-19,,,8.799e-22,2.779e-17,6.601e-1,1.112e-28,,4.528e-22,1.644e-10,9.063e-17,9.735e-1,,1.187e-3,2.279e-18,4.313e-18,,,,,1.249e+0,,,8.646e-2,,,,,,,,,,,
657.15,3.039e+0,2.664e-4,3.332e-5,6.476e-43,6.484e-18,,,1.454e-18,3.912e-20,,6.146e-16,5.778e-19,2.042e-29,8.967e-18,2.329e-18,5.982e-31,1.138e-19,,,3.060e-18,2.347e-18,9.440e-27,3.225e-2,,3.884e-25,2.475e-19,,,8.813e-22,2.782e-17,6.473e-1,1.112e-28,,4.531e-22,1.059e-10,9.066e-17,1.070e+0,,9.607e-4,2.281e-18,4.282e-18,,,,,1.191e+0,,,9.620e-2,,,,,,,,,,,
657.17,3.060e+0,3.068e-4,3.536e-5,6.494e-43,6.487e-18,,,1.454e-18,3.915e-20,,6.143e-16,5.781e-19,2.043e-29,8.967e-18,2.318e-18,6.001e-31,1.138e-19,,,3.059e-18,2.348e-18,1.208e-26,2.802e-2,,3.885e-25,2.474e-19,,,8.822e-22,2.785e-17,6.380e-1,1.112e-28,,4.533e-22,7.883e-11,9.068e-17,1.138e+0,,8.325e-4,2.282e-18,4.262e-18,,,,,1.152e+0,,,1.031e-1,,,,,,,,,,,
657.2,3.094e+0,3.778e-4,3.855e-5,6.522e-43,6.492e-18,,,1.454e-18,3.920e-20,,6.138e-16,5.784e-19,2.044e-29,8.967e-18,2.303e-18,6.029e-31,1.138e-19,,,3.058e-18,2.348e-18,1.743e-26,2.262e-2,,3.886e-25,2.472e-19,,,8.836e-22,2.788e-17,6.228e-1,1.113e-28,,4.535e-22,5.045e-11,9.070e-17,1.243e+0,,6.694e-4,2.284e-18,4.231e-18,,,,,1.091e+0,,,1.139e-1,,,,,,,,,,,
657.22,3.119e+0,4.331e-4,4.075e-5,6.541e-43,6.496e-18,,,1.454e-18,3.923e-20,,6.136e-16,5.786e-19,2.044e-29,8.967e-18,2.293e-18,6.047e-31,1.139e-19,,,3.056e-18,2.349e-18,2.220e-26,1.957e-2,,3.887e-25,2.471e-19,,,8.845e-22,2.790e-17,6.118e-1,1.113e-28,,4.537e-22,3.738e-11,9.072e-17,1.315e+0,,5.775e-4,2.286e-18,4.211e-18,,,,,1.051e+0,,,1.215e-1,,,,,,,,,,,
657.25,3.160e+0,5.299e-4,4.415e-5,6.569e-43,6.500e-18,,,1.454e-18,3.928e-20,,6.131e-16,5.790e-19,2.045e-29,8.966e-18,2.278e-18,6.075e-31,1.139e-19,,,3.055e-18,2.349e-18,3.184e-26,1.569e-2,,3.888e-25,2.470e-19,,,8.859e-22,2.793e-17,5.944e-1,1.113e-28,,4.539e-22,2.376e-11,9.075e-17,1.427e+0,,4.613e-4,2.288e-18,4.180e-18,,,,,9.888e-1,,,1.334e-1,,,,,,,,,,,
657.27,3.189e+0,6.048e-4,4.647e-5,6.587e-43,6.504e-18,,,1.453e-18,3.931e-20,,6.128e-16,5.792e-19,2.046e-29,8.966e-18,2.267e-18,6.093e-31,1.139e-19,,,3.054e-18,2.349e-18,4.039e-26,1.352e-2,,3.888e-25,2.469e-19,,,8.869e-22,2.796e-17,5.820e-1,1.113e-28,,4.541e-22,1.753e-11,9.077e-17,1.503e+0,,3.962e-4,2.289e-18,4.160e-18,,,,,9.476e-1,,,1.417e-1,,,,,,,,,,,
657.3,3.235e+0,7.351e-4,5.004e-5,6.615e-43,6.509e-18,,,1.453e-18,3.936e-20,,6.124e-16,5.795e-19,2.047e-29,8.966e-18,2.252e-18,6.121e-31,1.140e-19,,,3.052e-18,2.350e-18,5.753e-26,1.077e-2,,3.890e-25,2.467e-19,,,8.882e-22,2.799e-17,5.626e-1,1.113e-28,,4.543e-22,1.107e-11,9.079e-17,1.620e+0,,3.144e-4,2.291e-18,4.129e-18,,,,,8.861e-1,,,1.545e-1,,,,,,,,,,,
657.32,3.267e+0,8.353e-4,5.247e-5,6.634e-43,6.512e-18,,,1.453e-18,3.939e-20,,6.121e-16,5.798e-19,2.047e-29,8.966e-18,2.242e-18,6.140e-31,1.140e-19,,,3.051e-18,2.350e-18,7.268e-26,9.236e-3,,3.890e-25,2.466e-19,,,8.892e-22,2.801e-17,5.491e-1,1.113e-28,,4.545e-22,8.129e-12,9.081e-17,1.699e+0,,2.689e-4,2.293e-18,4.108e-18,,,,,8.454e-1,,,1.634e-1,,,,,,,,,,,
657.34,3.301e+0,9.476e-4,5.492e-5,6.652e-43,6.515e-18,,,1.453e-18,3.943e-20,,6.118e-16,5.800e-19,2.048e-29,8.966e-18,2.232e-18,6.158e-31,1.140e-19,,,3.050e-18,2.351e-18,9.164e-26,7.906e-3,,3.891e-25,2.465e-19,,,8.901e-22,2.803e-17,5.351e-1,1.113e-28,,4.547e-22,5.959e-12,9.083e-17,1.779e+0,,2.296e-4,2.294e-18,4.088e-18,,,,,8.052e-1,,,1.724e-1,,,,,,,,,,,
657.37,3.353e+0,1.141e-3,5.864e-5,6.680e-43,6.520e-18,,,1.453e-18,3.948e-20,,6.114e-16,5.803e-19,2.049e-29,8.966e-18,2.216e-18,6.186e-31,1.141e-19,,,3.048e-18,2.351e-18,1.293e-25,6.242e-3,,3.892e-25,2.463e-19,,,8.915e-22,2.807e-17,5.135e-1,1.113e-28,,4.549e-22,3.728e-12,9.086e-17,1.900e+0,,1.805e-4,2.296e-18,4.057e-18,,,,,7.459e-1,,,1.863e-1,,,,,,,,,,,
657.39,3.389e+0,1.289e-3,6.114e-5,6.699e-43,6.523e-18,,,1.453e-18,3.951e-20,,6.111e-16,5.805e-19,2.049e-29,8.966e-18,2.206e-18,6.205e-31,1.141e-19,,,3.047e-18,2.352e-18,1.624e-25,5.320e-3,,3.893e-25,2.462e-19,,,8.924e-22,2.809e-17,4.988e-1,1.113e-28,,4.551e-22,2.720e-12,9.087e-17,1.981e+0,,1.534e-4,2.297e-18,4.037e-18,,,,,7.073e-1,,,1.958e-1,,,,,,,,,,,
657.42,3.444e+0,1.542e-3,6.489e-5,6.726e-43,6.528e-18,,,1.453e-18,3.956e-20,,6.107e-16,5.809e-19,2.050e-29,8.965e-18,2.191e-18,6.233e-31,1.141e-19,,,3.045e-18,2.352e-18,2.277e-25,4.173e-3,,3.894e-25,2.461e-19,,,8.938e-22,2.812e-17,4.761e-1,1.113e-28,,4.553e-22,1.690e-12,9.090e-17,2.101e+0,,1.198e-4,2.299e-18,4.006e-18,,,,,6.509e-1,,,2.102e-1,,,,,,,,,,,
657.44,3.481e+0,1.733e-3,6.739e-5,6.745e-43,6.531e-18,,,1.453e-18,3.959e-20,,6.104e-16,5.811e-19,2.051e-29,8.965e-18,2.181e-18,6.251e-31,1.142e-19,,,3.044e-18,2.353e-18,2.846e-25,3.541e-3,,3.895e-25,2.460e-19,,,8.947e-22,2.814e-17,4.608e-1,1.113e-28,,4.555e-22,1.228e-12,9.092e-17,2.181e+0,,1.014e-4,2.301e-18,3.986e-18,,,,,6.145e-1,,,2.199e-1,,,,,,,,,,,
657.47,3.537e+0,2.060e-3,7.111e-5,6.773e-43,6.536e-18,,,1.453e-18,3.964e-20,,6.100e-16,5.815e-19,2.052e-29,8.965e-18,2.165e-18,6.279e-31,1.142e-19,,,3.043e-18,2.353e-18,3.964e-25,2.759e-3,,3.896e-25,2.458e-19,,,8.961e-22,2.818e-17,4.375e-1,1.113e-28,,4.557e-22,7.579e-13,9.095e-17,2.298e+0,,7.867e-5,2.303e-18,3.955e-18,,,,,5.619e-1,,,2.345e-1,,,,,,,,,,,
657.49,3.573e+0,2.306e-3,7.355e-5,6.791e-43,6.540e-18,,,1.453e-18,3.967e-20,,6.097e-16,5.817e-19,2.052e-29,8.965e-18,2.155e-18,6.298e-31,1.142e-19,,,3.042e-18,2.354e-18,4.933e-25,2.331e-3,,3.897e-25,2.457e-19,,,8.970e-22,2.820e-17,4.218e-1,1.113e-28,,4.559e-22,5.482e-13,9.096e-17,2.374e+0,,6.628e-5,2.304e-18,3.935e-18,,,,,5.281e-1,,,2.442e-1,,,,,,,,,,,
657.52,3.627e+0,2.722e-3,7.716e-5,6.819e-43,6.545e-18,,,1.453e-18,3.972e-20,,6.092e-16,5.820e-19,2.053e-29,8.965e-18,2.140e-18,6.325e-31,1.143e-19,,,3.040e-18,2.354e-18,6.826e-25,1.805e-3,,3.898e-25,2.455e-19,,,8.984e-22,2.823e-17,3.983e-1,1.113e-28,,4.561e-22,3.361e-13,9.099e-17,2.486e+0,,5.109e-5,2.306e-18,6.934e-18,,,,,4.797e-1,,,2.587e-1,,,,,,,,,,,
657.54,3.661e+0,3.034e-3,7.951e-5,6.838e-43,6.548e-18,,,1.453e-18,3.975e-20,,6.090e-16,5.822e-19,2.054e-29,8.965e-18,2.130e-18,6.344e-31,1.143e-19,,,3.039e-18,2.354e-18,8.458e-25,1.518e-3,,3.899e-25,2.454e-19,,,8.993e-22,2.825e-17,3.826e-1,1.113e-28,,4.563e-22,2.420e-13,9.101e-17,2.557e+0,,4.285e-5,2.307e-18,1.010e-17,,,,,4.490e-1,,,2.682e-1,,,,,,,,,,,
657.57,3.711e+0,3.558e-3,8.292e-5,6.866e-43,6.553e-18,,,1.453e-18,3.980e-20,,6.085e-16,5.826e-19,2.055e-29,8.964e-18,2.114e-18,6.372e-31,1.143e-19,,,3.037e-18,2.355e-18,1.163e-24,1.167e-3,,3.900e-25,2.453e-19,,,9.007e-22,2.829e-17,3.592e-1,1.113e-28,,4.566e-22,1.474e-13,9.104e-17,2.659e+0,,3.281e-5,2.309e-18,1.768e-17,,,,,4.052e-1,,,2.823e-1,,,,,,,,,,,
657.59,3.741e+0,3.948e-3,8.512e-5,6.884e-43,6.556e-18,,,1.453e-18,3.983e-20,,6.082e-16,5.828e-19,2.055e-29,8.964e-18,2.104e-18,6.390e-31,1.144e-19,,,3.036e-18,2.355e-18,1.434e-24,9.778e-4,,3.900e-25,2.452e-19,,,9.016e-22,2.831e-17,3.438e-1,1.113e-28,,4.567e-22,1.056e-13,9.105e-17,2.723e+0,,2.740e-5,2.311e-18,2.562e-17,,,,,3.777e-1,,,2.914e-1,,,,,,,,,,,
657.62,3.783e+0,4.600e-3,8.827e-5,6.912e-43,6.561e-18,,,1.453e-18,3.988e-20,,6.078e-16,5.831e-19,2.056e-29,8.964e-18,2.089e-18,6.418e-31,1.144e-19,,,3.035e-18,2.356e-18,1.959e-24,7.470e-4,,3.902e-25,2.450e-19,,,9.030e-22,2.834e-17,3.209e-1,1.113e-28,,4.570e-22,6.390e-14,9.108e-17,2.814e+0,,2.084e-5,2.313e-18,4.456e-17,,,,,3.388e-1,,,3.047e-1,,,,,,,,,,,
657.64,3.808e+0,5.082e-3,9.026e-5,6.931e-43,6.564e-18,,,1.453e-18,3.991e-20,,6.075e-16,5.834e-19,2.057e-29,8.964e-18,2.078e-18,6.437e-31,1.144e-19,,,3.033e-18,2.356e-18,2.406e-24,6.229e-4,,3.902e-25,2.449e-19,,,9.039e-22,2.836e-17,3.060e-1,1.113e-28,,4.571e-22,4.560e-14,9.110e-17,2.869e+0,,1.733e-5,2.314e-18,6.432e-17,,,,,3.145e-1,,,3.131e-1,,,,,,,,,,,
657.67,3.841e+0,5.881e-3,9.307e-5,6.958e-43,6.569e-18,,,1.453e-18,3.996e-20,,6.071e-16,5.837e-19,2.057e-29,8.964e-18,2.063e-18,6.465e-31,1.145e-19,,,3.032e-18,2.357e-18,3.264e-24,4.728e-4,,3.903e-25,2.447e-19,,,9.053e-22,2.840e-17,2.840e-1,1.113e-28,,4.574e-22,2.740e-14,9.113e-17,2.945e+0,,1.309e-5,2.316e-18,1.111e-16,,,,,2.804e-1,,,3.252e-1,,,,,,,,,,,
657.69,3.858e+0,6.469e-3,9.482e-5,6.977e-43,6.572e-18,,,1.452e-18,4.000e-20,,6.068e-16,5.839e-19,2.058e-29,8.964e-18,2.053e-18,6.483e-31,1.145e-19,,,3.031e-18,2.357e-18,3.991e-24,3.925e-4,,3.904e-25,2.446e-19,,,9.062e-22,2.842e-17,2.696e-1,1.113e-28,,4.575e-22,1.947e-14,9.114e-17,2.989e+0,,1.084e-5,2.317e-18,1.597e-16,,,,,2.593e-1,,,3.327e-1,,,,,,,,,,,
657.72,3.878e+0,7.437e-3,9.723e-5,7.005e-43,6.577e-18,,,1.452e-18,4.004e-20,,6.064e-16,5.843e-19,2.059e-29,8.963e-18,2.038e-18,6.511e-31,1.145e-19,,,3.029e-18,2.358e-18,5.379e-24,2.960e-4,,3.905e-25,2.445e-19,,,9.076e-22,2.845e-17,2.488e-1,1.114e-28,,4.578e-22,1.162e-14,9.117e-17,3.048e+0,,8.135e-6,2.319e-18,2.742e-16,,,,,2.300e-1,,,3.433e-1,,,,,,,,,,,
657.74,3.886e+0,8.144e-3,9.869e-5,7.023e-43,6.580e-18,,,1.452e-18,4.008e-20,,6.061e-16,5.845e-19,2.060e-29,8.963e-18,2.027e-18,6.530e-31,1.146e-19,,,3.028e-18,2.358e-18,6.548e-24,2.447e-4,,3.906e-25,2.444e-19,,,9.085e-22,2.847e-17,2.353e-1,1.114e-28,,4.580e-22,8.217e-15,9.119e-17,3.081e+0,,6.704e-6,2.321e-18,3.922e-16,,,,,2.121e-1,,,3.497e-1,,,,,,,,,,,
657.76,3.891e+0,8.903e-3,1.000e-4,7.042e-43,6.584e-18,,,1.452e-18,4.011e-20,,6.058e-16,5.847e-19,2.060e-29,8.963e-18,2.017e-18,6.548e-31,1.146e-19,,,3.027e-18,2.358e-18,7.958e-24,2.019e-4,,3.907e-25,2.443e-19,,,9.094e-22,2.849e-17,2.222e-1,1.114e-28,,4.581e-22,5.802e-15,9.121e-17,3.109e+0,,5.515e-6,2.322e-18,5.602e-16,,,,,1.953e-1,,,3.556e-1,,,,,,,,,,,
657.79,3.890e+0,1.014e-2,1.018e-4,7.070e-43,6.589e-18,,,1.452e-18,4.016e-20,,6.054e-16,5.851e-19,2.061e-29,8.963e-18,2.002e-18,6.576e-31,1.146e-19,,,3.025e-18,2.359e-18,1.063e-23,1.508e-4,,3.908e-25,2.441e-19,,,9.108e-22,2.853e-17,2.033e-1,1.114e-28,,4.584e-22,3.430e-15,9.123e-17,3.141e+0,,4.101e-6,2.324e-18,9.529e-16,,,,,1.723e-1,,,3.635e-1,,,,,,,,,,,
657.81,3.884e+0,1.104e-2,1.028e-4,7.088e-43,6.592e-18,,,1.452e-18,4.019e-20,,6.051e-16,5.853e-19,2.062e-29,8.963e-18,1.992e-18,6.595e-31,1.147e-19,,,3.024e-18,2.359e-18,1.286e-23,1.239e-4,,3.909e-25,2.440e-19,,,9.118e-22,2.855e-17,1.912e-1,1.114e-28,,4.585e-22,2.411e-15,9.125e-17,3.155e+0,,3.359e-6,2.325e-18,1.355e-15,,,,,1.584e-1,,,3.680e-1,,,,,,,,,,,
657.84,3.866e+0,1.249e-2,1.040e-4,7.116e-43,6.597e-18,,,1.452e-18,4.024e-20,,6.046e-16,5.856e-19,2.062e-29,8.963e-18,1.976e-18,6.622e-31,1.147e-19,,,3.022e-18,2.360e-18,1.706e-23,9.197e-5,,3.910e-25,2.438e-19,,,9.131e-22,2.858e-17,1.738e-1,1.114e-28,,4.588e-22,1.416e-15,9.128e-17,3.167e+0,,2.481e-6,2.327e-18,2.290e-15,,,,,1.396e-1,,,3.737e-1,,,,,,,,,,,
657.86,3.849e+0,1.353e-2,1.047e-4,7.135e-43,6.600e-18,,,1.452e-18,4.027e-20,,6.043e-16,5.859e-19,2.063e-29,8.963e-18,1.966e-18,6.641e-31,1.147e-19,,,3.021e-18,2.360e-18,2.055e-23,7.522e-5,,3.911e-25,2.437e-19,,,9.141e-22,2.860e-17,1.628e-1,1.114e-28,,4.589e-22,9.907e-16,9.130e-17,3.167e+0,,2.023e-6,2.329e-18,3.242e-15,,,,,1.283e-1,,,3.766e-1,,,,,,,,,,,
657.89,3.814e+0,1.521e-2,1.054e-4,7.163e-43,6.605e-18,,,1.452e-18,4.032e-20,,6.039e-16,5.862e-19,2.064e-29,8.962e-18,1.951e-18,6.669e-31,1.148e-19,,,3.020e-18,2.361e-18,2.708e-23,5.546e-5,,3.912e-25,2.436e-19,,,9.154e-22,2.864e-17,1.472e-1,1.114e-28,,4.592e-22,5.780e-16,9.132e-17,3.159e+0,,1.485e-6,2.331e-18,5.443e-15,,,,,1.133e-1,,,3.799e-1,,,,,,,,,,,
657.91,3.785e+0,1.641e-2,1.057e-4,7.181e-43,6.608e-18,,,1.452e-18,4.035e-20,,6.036e-16,5.864e-19,2.064e-29,8.962e-18,1.941e-18,6.687e-31,1.148e-19,,,3.019e-18,2.361e-18,3.248e-23,4.517e-5,,3.912e-25,2.435e-19,,,9.164e-22,2.866e-17,1.373e-1,1.114e-28,,4.594e-22,4.026e-16,9.134e-17,3.146e+0,,1.205e-6,2.332e-18,7.672e-15,,,,,1.045e-1,,,3.812e-1,,,,,,,,,,,
657.94,3.734e+0,1.833e-2,1.058e-4,7.209e-43,6.613e-18,,,1.452e-18,4.040e-20,,6.032e-16,5.868e-19,2.065e-29,8.962e-18,1.925e-18,6.715e-31,1.148e-19,,,3.017e-18,2.362e-18,4.253e-23,3.309e-5,,3.914e-25,2.433e-19,,,9.177e-22,2.869e-17,1.233e-1,1.114e-28,,4.596e-22,2.333e-16,9.137e-17,3.117e+0,,8.786e-7,2.334e-18,1.280e-14,,,,,9.309e-2,,,3.820e-1,,,,,,,,,,,
657.96,3.694e+0,1.968e-2,1.058e-4,7.228e-43,6.616e-18,,,1.452e-18,4.044e-20,,6.029e-16,5.870e-19,2.066e-29,8.962e-18,1.915e-18,6.734e-31,1.149e-19,,,3.016e-18,2.362e-18,5.079e-23,2.683e-5,,3.914e-25,2.432e-19,,,9.187e-22,2.871e-17,1.145e-1,1.114e-28,,4.598e-22,1.618e-16,9.139e-17,3.091e+0,,7.101e-7,2.336e-18,1.796e-14,,,,,8.656e-2,,,3.817e-1,,,,,,,,,,,
657.99,3.625e+0,2.184e-2,1.054e-4,7.255e-43,6.621e-18,,,1.452e-18,4.048e-20,,6.025e-16,5.873e-19,2.067e-29,8.962e-18,1.900e-18,6.762e-31,1.149e-19,,,3.014e-18,2.363e-18,6.606e-23,1.952e-5,,3.915e-25,2.431e-19,,,9.201e-22,2.875e-17,1.022e-1,1.114e-28,,4.600e-22,9.312e-17,9.141e-17,3.043e+0,,5.142e-7,2.338e-18,2.976e-14,,,,,7.836e-2,,,3.799e-1,,,,,,,,,,,
658.01,3.575e+0,2.335e-2,1.049e-4,7.274e-43,6.625e-18,,,1.452e-18,4.052e-20,,6.022e-16,5.876e-19,2.067e-29,8.962e-18,1.890e-18,6.780e-31,1.149e-19,,,3.013e-18,2.363e-18,7.854e-23,1.576e-5,,3.916e-25,2.429e-19,,,9.210e-22,2.877e-17,9.457e-2,1.114e-28,,4.602e-22,6.429e-17,9.143e-17,3.005e+0,,4.137e-7,2.339e-18,4.159e-14,,,,,7.391e-2,,,3.779e-1,,,,,,,,,,,
658.04,3.492e+0,2.573e-2,1.040e-4,7.302e-43,6.629e-18,,,1.452e-18,4.057e-20,,6.018e-16,5.879e-19,2.068e-29,8.961e-18,1.874e-18,6.808e-31,1.150e-19,,,3.012e-18,2.364e-18,1.015e-22,1.139e-5,,3.917e-25,2.428e-19,,,9.224e-22,2.880e-17,8.388e-2,1.114e-28,,4.604e-22,3.676e-17,9.146e-17,2.940e+0,,2.976e-7,2.341e-18,6.847e-14,,,,,6.872e-2,,,3.737e-1,,,,,,,,,,,
658.06,3.432e+0,2.740e-2,1.032e-4,7.320e-43,6.633e-18,,,1.452e-18,4.060e-20,,6.015e-16,5.881e-19,2.069e-29,8.961e-18,1.864e-18,6.827e-31,1.150e-19,,,3.010e-18,2.364e-18,1.201e-22,9.155e-6,,3.918e-25,2.427e-19,,,9.233e-22,2.882e-17,7.728e-2,1.114e-28,,4.606e-22,2.526e-17,9.148e-17,2.891e+0,,2.384e-7,2.342e-18,9.525e-14,,,,,6.622e-2,,,3.700e-1,,,,,,,,,,,
658.09,3.337e+0,2.999e-2,1.018e-4,7.348e-43,6.638e-18,,,1.452e-18,4.065e-20,,6.010e-16,5.885e-19,2.070e-29,8.961e-18,1.849e-18,6.854e-31,1.150e-19,,,3.009e-18,2.365e-18,1.542e-22,6.575e-6,,3.919e-25,2.425e-19,,,9.247e-22,2.886e-17,6.812e-2,1.114e-28,,4.608e-22,1.435e-17,9.150e-17,2.812e+0,,1.704e-7,2.344e-18,1.558e-13,,,,,6.386e-2,,,3.635e-1,,,,,,,,,,,
658.11,3.270e+0,3.179e-2,1.007e-4,7.367e-43,6.641e-18,,,1.452e-18,4.068e-20,,6.008e-16,5.887e-19,2.070e-29,8.961e-18,1.838e-18,6.873e-31,1.151e-19,,,3.008e-18,2.365e-18,1.817e-22,5.261e-6,,3.920e-25,2.424e-19,,,9.256e-22,2.888e-17,6.250e-2,1.114e-28,,4.610e-22,9.817e-18,9.152e-17,2.754e+0,,1.359e-7,2.346e-18,2.158e-13,,,,,6.320e-2,,,3.584e-1,,,,,,,,,,,
658.13,3.200e+0,3.364e-2,9.946e-5,7.385e-43,6.644e-18,,,1.451e-18,4.071e-20,,6.005e-16,5.889e-19,2.071e-29,8.961e-18,1.828e-18,6.891e-31,1.151e-19,,,3.007e-18,2.365e-18,2.138e-22,4.202e-6,,3.921e-25,2.423e-19,,,9.265e-22,2.890e-17,5.725e-2,1.114e-28,,4.612e-22,6.706e-18,9.154e-17,2.693e+0,,1.082e-7,2.347e-18,2.984e-13,,,,,6.325e-2,,,3.527e-1,,,,,,,,,,,
658.16,3.092e+0,3.649e-2,9.740e-5,7.413e-43,6.649e-18,,,1.451e-18,4.076e-20,,6.000e-16,5.893e-19,2.072e-29,8.961e-18,1.813e-18,6.919e-31,1.151e-19,,,3.005e-18,2.366e-18,2.719e-22,2.990e-6,,3.922e-25,2.422e-19,,,9.279e-22,2.893e-17,5.003e-2,1.114e-28,,4.614e-22,6.694e-18,9.157e-17,2.597e+0,,7.657e-8,2.349e-18,4.835e-13,,,,,6.466e-2,,,3.433e-1,,,,,,,,,,,
658.18,3.018e+0,3.844e-2,9.590e-5,7.432e-43,6.652e-18,,,1.451e-18,4.079e-20,,5.997e-16,5.895e-19,2.072e-29,8.960e-18,1.803e-18,6.938e-31,1.151e-19,,,3.004e-18,2.366e-18,3.185e-22,2.378e-6,,3.923e-25,2.420e-19,,,9.288e-22,2.896e-17,4.565e-2,1.114e-28,,4.616e-22,6.686e-18,9.158e-17,2.531e+0,,6.068e-8,2.350e-18,6.657e-13,,,,,6.649e-2,,,3.364e-1,,,,,,,,,,,
658.21,2.904e+0,4.142e-2,9.345e-5,7.460e-43,6.657e-18,,,1.451e-18,4.084e-20,,5.993e-16,5.898e-19,2.073e-29,8.960e-18,1.787e-18,6.966e-31,1.152e-19,,,3.002e-18,2.367e-18,4.024e-22,1.681e-6,,3.924e-25,2.419e-19,,,9.302e-22,2.899e-17,3.966e-2,1.114e-28,,4.618e-22,6.674e-18,9.161e-17,2.427e+0,,4.267e-8,2.352e-18,1.072e-12,,,,,7.054e-2,,,3.252e-1,,,,,,,,,,,
658.23,2.827e+0,4.344e-2,9.170e-5,7.478e-43,6.661e-18,,,1.451e-18,4.087e-20,,5.990e-16,5.900e-19,2.074e-29,8.960e-18,1.777e-18,6.984e-31,1.152e-19,,,3.001e-18,2.367e-18,4.692e-22,1.331e-6,,3.924e-25,2.418e-19,,,9.311e-22,2.901e-17,3.605e-2,1.115e-28,,4.620e-22,6.667e-18,9.163e-17,2.356e+0,,3.367e-8,2.354e-18,1.469e-12,,,,,7.414e-2,,,3.172e-1,,,,,,,,,,,
658.26,2.712e+0,4.650e-2,8.892e-5,7.506e-43,6.665e-18,,,1.451e-18,4.092e-20,,5.986e-16,5.904e-19,2.075e-29,8.960e-18,1.762e-18,7.012e-31,1.153e-19,,,2.999e-18,2.368e-18,5.890e-22,9.345e-7,,3.926e-25,2.416e-19,,,9.325e-22,2.904e-17,3.116e-2,1.115e-28,,4.622e-22,6.655e-18,9.166e-17,2.248e+0,,2.352e-8,2.356e-18,2.350e-12,,,,,8.086e-2,,,3.047e-1,,,,,,,,,,,
658.28,2.635e+0,4.855e-2,8.698e-5,7.525e-43,6.669e-18,,,1.451e-18,4.096e-20,,5.983e-16,5.906e-19,2.075e-29,8.960e-18,1.752e-18,7.031e-31,1.153e-19,,,2.998e-18,2.368e-18,6.838e-22,7.366e-7,,3.926e-25,2.415e-19,,,9.334e-22,2.907e-17,2.822e-2,1.115e-28,,4.624e-22,6.647e-18,9.167e-17,2.176e+0,,1.848e-8,2.357e-18,3.207e-12,,,,,8.625e-2,,,2.959e-1,,,,,,,,,,,
658.31,2.521e+0,5.163e-2,8.393e-5,7.552e-43,6.674e-18,,,1.451e-18,4.100e-20,,5.979e-16,5.910e-19,2.076e-29,8.960e-18,1.736e-18,7.059e-31,1.153e-19,,,2.997e-18,2.369e-18,8.527e-22,5.138e-7,,3.927e-25,2.414e-19,,,9.348e-22,2.910e-17,2.428e-2,1.115e-28,,4.627e-22,6.636e-18,9.170e-17,2.067e+0,,1.282e-8,2.359e-18,5.096e-12,,,,,9.572e-2,,,2.823e-1,,,,,,,,,,,
658.33,2.446e+0,5.368e-2,8.183e-5,7.571e-43,6.677e-18,,,1.451e-18,4.104e-20,,5.976e-16,5.912e-19,2.077e-29,8.960e-18,1.726e-18,7.077e-31,1.153e-19,,,2.996e-18,2.369e-18,9.857e-22,4.033e-7,,3.928e-25,2.413e-19,,,9.357e-22,2.912e-17,2.194e-2,1.115e-28,,4.628e-22,6.628e-18,9.172e-17,1.995e+0,,1.003e-8,2.360e-18,6.925e-12,,,,,1.030e-1,,,2.730e-1,,,,,,,,,,,
658.36,2.337e+0,5.671e-2,7.858e-5,7.599e-43,6.682e-18,,,1.451e-18,4.109e-20,,5.972e-16,5.915e-19,2.078e-29,8.959e-18,1.711e-18,7.105e-31,1.154e-19,,,2.994e-18,2.370e-18,1.221e-21,2.795e-7,,3.929e-25,2.411e-19,,,9.371e-22,2.915e-17,1.883e-2,1.115e-28,,4.631e-22,6.616e-18,9.174e-17,1.887e+0,,6.913e-9,2.362e-18,1.093e-11,,,,,1.153e-1,,,2.587e-1,,,,,,,,,,,
658.38,2.267e+0,5.869e-2,7.636e-5,7.617e-43,6.685e-18,,,1.451e-18,4.112e-20,,5.969e-16,5.917e-19,2.078e-29,8.959e-18,1.701e-18,7.123e-31,1.154e-19,,,2.993e-18,2.370e-18,1.405e-21,2.184e-7,,3.930e-25,2.410e-19,,,9.380e-22,2.918e-17,1.700e-2,1.115e-28,,4.632e-22,6.608e-18,9.176e-17,1.817e+0,,5.382e-9,2.364e-18,1.479e-11,,,,,1.245e-1,,,2.491e-1,,,,,,,,,,,
658.41,2.165e+0,6.160e-2,7.297e-5,7.645e-43,6.690e-18,,,1.451e-18,4.117e-20,,5.964e-16,5.921e-19,2.079e-29,8.959e-18,1.685e-18,7.151e-31,1.155e-19,,,2.991e-18,2.370e-18,1.729e-21,1.503e-7,,3.931e-25,2.408e-19,,,9.394e-22,2.921e-17,1.459e-2,1.115e-28,,4.635e-22,6.597e-18,9.179e-17,1.715e+0,,3.685e-9,2.366e-18,2.320e-11,,,,,1.397e-1,,,2.345e-1,,,,,,,,,,,
658.43,2.101e+0,6.348e-2,7.068e-5,7.664e-43,6.693e-18,,,1.451e-18,4.120e-20,,5.961e-16,5.923e-19,2.080e-29,8.959e-18,1.675e-18,7.170e-31,1.155e-19,,,2.990e-18,2.371e-18,1.982e-21,1.169e-7,,3.932e-25,2.407e-19,,,9.403e-22,2.923e-17,1.319e-2,1.115e-28,,4.636e-22,6.589e-18,9.181e-17,1.649e+0,,2.857e-9,2.367e-18,3.124e-11,,,,,1.509e-1,,,2.247e-1,,,,,,,,,,,
658.46,2.011e+0,6.618e-2,6.722e-5,7.692e-43,6.698e-18,,,1.451e-18,4.125e-20,,5.957e-16,5.926e-19,2.081e-29,8.959e-18,1.660e-18,7.198e-31,1.155e-19,,,2.989e-18,2.371e-18,2.423e-21,7.997e-8,,3.933e-25,2.406e-19,,,9.417e-22,2.926e-17,1.139e-2,1.115e-28,,4.639e-22,6.577e-18,9.183e-17,1.554e+0,,1.943e-9,2.369e-18,4.868e-11,,,,,1.692e-1,,,2.102e-1,,,,,,,,,,,
658.48,1.955e+0,6.790e-2,6.490e-5,7.710e-43,6.701e-18,,,1.451e-18,4.128e-20,,5.954e-16,5.929e-19,2.081e-29,8.959e-18,1.650e-18,7.216e-31,1.155e-19,,,2.987e-18,2.372e-18,2.764e-21,6.194e-8,,3.934e-25,2.405e-19,,,9.426e-22,2.929e-17,1.036e-2,1.115e-28,,4.641e-22,6.570e-18,9.185e-17,1.493e+0,,1.500e-9,2.371e-18,6.529e-11,,,,,1.825e-1,,,2.006e-1,,,,,,,,,,,
658.5,1.902e+0,6.954e-2,6.258e-5,7.729e-43,6.705e-18,,,1.451e-18,4.131e-20,,5.951e-16,5.931e-19,2.082e-29,8.958e-18,1.639e-18,7.235e-31,1.156e-19,,,2.986e-18,2.372e-18,3.148e-21,4.788e-8,,3.935e-25,2.404e-19,,,9.436e-22,2.931e-17,9.472e-3,1.115e-28,,4.642e-22,6.562e-18,9.187e-17,1.435e+0,,1.155e-9,2.372e-18,8.740e-11,,,,,1.966e-1,,,1.910e-1,,,,,,,,,,,
658.53,1.830e+0,7.183e-2,5.910e-5,7.757e-43,6.710e-18,,,1.451e-18,4.136e-20,,5.947e-16,5.934e-19,2.083e-29,8.958e-18,1.624e-18,7.263e-31,1.156e-19,,,2.985e-18,2.373e-18,3.813e-21,3.244e-8,,3.936e-25,2.402e-19,,,9.450e-22,2.934e-17,8.369e-3,1.115e-28,,4.645e-22,6.550e-18,9.190e-17,1.353e+0,,7.785e-10,2.374e-18,1.349e-10,,,,,2.194e-1,,,1.770e-1,,,,,,,,,,,
658.55,1.787e+0,7.324e-2,5.680e-5,7.775e-43,6.713e-18,,,1.450e-18,4.139e-20,,5.944e-16,5.937e-19,2.083e-29,8.958e-18,1.614e-18,7.281e-31,1.156e-19,,,2.984e-18,2.373e-18,4.323e-21,2.497e-8,,3.936e-25,2.401e-19,,,9.459e-22,2.936e-17,7.779e-3,1.115e-28,,4.646e-22,6.542e-18,9.192e-17,1.302e+0,,5.970e-10,2.375e-18,1.799e-10,,,,,2.356e-1,,,1.679e-1,,,,,,,,,,,
658.58,1.730e+0,7.517e-2,5.339e-5,7.803e-43,6.718e-18,,,1.450e-18,4.144e-20,,5.940e-16,5.940e-19,2.084e-29,8.958e-18,1.598e-18,7.309e-31,1.157e-19,,,2.982e-18,2.374e-18,5.202e-21,1.681e-8,,3.938e-25,2.399e-19,,,9.473e-22,2.940e-17,7.098e-3,1.115e-28,,4.649e-22,6.531e-18,9.194e-17,1.231e+0,,3.996e-10,2.377e-18,2.759e-10,,,,,2.615e-1,,,1.545e-1,,,,,,,,,,,
658.6,1.697e+0,7.631e-2,5.114e-5,7.822e-43,6.721e-18,,,1.450e-18,4.148e-20,,5.937e-16,5.942e-19,2.085e-29,8.958e-18,1.588e-18,7.328e-31,1.157e-19,,,2.981e-18,2.374e-18,5.873e-21,1.288e-8,,3.938e-25,2.398e-19,,,9.482e-22,2.942e-17,6.772e-3,1.115e-28,,4.650e-22,6.523e-18,9.196e-17,1.188e+0,,3.051e-10,2.379e-18,3.661e-10,,,,,2.798e-1,,,1.459e-1,,,,,,,,,,,
658.63,1.656e+0,7.780e-2,4.783e-5,7.849e-43,6.726e-18,,,1.450e-18,4.152e-20,,5.933e-16,5.946e-19,2.086e-29,8.958e-18,1.573e-18,7.355e-31,1.157e-19,,,2.979e-18,2.374e-18,7.021e-21,8.613e-9,,3.939e-25,2.397e-19,,,9.496e-22,2.945e-17,6.466e-3,1.115e-28,,4.653e-22,6.511e-18,9.199e-17,1.129e+0,,2.029e-10,2.381e-18,5.579e-10,,,,,3.088e-1,,,1.334e-1,,,,,,,,,,,
658.65,1.634e+0,7.864e-2,4.566e-5,7.868e-43,6.729e-18,,,1.450e-18,4.156e-20,,5.930e-16,5.948e-19,2.086e-29,8.957e-18,1.563e-18,7.374e-31,1.158e-19,,,2.978e-18,2.375e-18,7.891e-21,6.572e-9,,3.940e-25,2.396e-19,,,9.505e-22,2.947e-17,6.380e-3,1.115e-28,,4.655e-22,6.503e-18,9.201e-17,1.094e+0,,1.542e-10,2.382e-18,7.372e-10,,,,,3.291e-1,,,1.254e-1,,,,,,,,,,,
658.68,1.609e+0,7.966e-2,4.249e-5,7.896e-43,6.734e-18,,,1.450e-18,4.161e-20,,5.925e-16,5.951e-19,2.087e-29,8.957e-18,1.547e-18,7.402e-31,1.158e-19,,,2.976e-18,2.375e-18,9.371e-21,4.365e-9,,3.941e-25,2.394e-19,,,9.519e-22,2.951e-17,6.420e-3,1.115e-28,,4.657e-22,6.492e-18,9.203e-17,1.048e+0,,1.019e-10,2.384e-18,1.116e-9,,,,,3.610e-1,,,1.139e-1,,,,,,,,,,,
658.7,1.597e+0,8.017e-2,4.043e-5,7.914e-43,6.737e-18,,,1.450e-18,4.164e-20,,5.923e-16,5.954e-19,2.088e-29,8.957e-18,1.537e-18,7.420e-31,1.158e-19,,,2.975e-18,2.376e-18,1.049e-20,3.316e-9,,3.942e-25,2.393e-19,,,9.528e-22,2.953e-17,6.558e-3,1.115e-28,,4.659e-22,6.484e-18,9.205e-17,1.021e+0,,7.712e-11,2.385e-18,1.468e-9,,,,,3.831e-1,,,1.066e-1,,,,,,,,,,,
658.73,1.588e+0,8.067e-2,3.743e-5,7.942e-43,6.742e-18,,,1.450e-18,4.169e-20,,5.918e-16,5.957e-19,2.088e-29,8.957e-18,1.522e-18,7.448e-31,1.159e-19,,,2.974e-18,2.376e-18,1.237e-20,2.188e-9,,3.943e-25,2.391e-19,,,9.542e-22,2.956e-17,6.929e-3,1.115e-28,,4.661e-22,6.472e-18,9.208e-17,9.861e-1,,5.063e-11,2.387e-18,2.208e-9,,,,,4.176e-1,,,9.620e-2,,,,,,,,,,,
658.75,1.586e+0,8.084e-2,3.550e-5,7.961e-43,6.746e-18,,,1.450e-18,4.172e-20,,5.915e-16,5.959e-19,2.089e-29,8.957e-18,1.512e-18,7.467e-31,1.159e-19,,,2.973e-18,2.377e-18,1.378e-20,1.655e-9,,3.944e-25,2.390e-19,,,9.551e-22,2.958e-17,7.286e-3,1.116e-28,,4.663e-22,6.465e-18,9.210e-17,9.671e-1,,3.817e-11,2.389e-18,2.892e-9,,,,,4.413e-1,,,8.963e-2,,,,,,,,,,,
658.78,1.591e+0,8.082e-2,3.270e-5,7.989e-43,6.750e-18,,,1.450e-18,4.177e-20,,5.911e-16,5.963e-19,2.090e-29,8.957e-18,1.496e-18,7.495e-31,1.159e-19,,,2.971e-18,2.377e-18,1.616e-20,1.085e-9,,3.945e-25,2.389e-19,,,9.565e-22,2.962e-17,7.987e-3,1.116e-28,,4.665e-22,6.453e-18,9.212e-17,9.444e-1,,2.493e-11,2.391e-18,4.322e-9,,,,,4.779e-1,,,8.035e-2,,,,,,,,,,,
658.8,1.600e+0,8.064e-2,3.090e-5,8.007e-43,6.754e-18,,,1.450e-18,4.180e-20,,5.908e-16,5.965e-19,2.091e-29,8.957e-18,1.486e-18,7.513e-31,1.160e-19,,,2.970e-18,2.378e-18,1.792e-20,8.166e-10,,3.946e-25,2.388e-19,,,9.574e-22,2.964e-17,8.567e-3,1.116e-28,,4.667e-22,6.445e-18,9.214e-17,9.329e-1,,1.875e-11,2.392e-18,5.636e-9,,,,,5.029e-1,,,7.453e-2,,,,,,,,,,,
658.83,1.618e+0,8.011e-2,2.831e-5,8.035e-43,6.759e-18,,,1.450e-18,4.185e-20,,5.904e-16,5.968e-19,2.091e-29,8.956e-18,1.471e-18,7.541e-31,1.160e-19,,,2.968e-18,2.378e-18,2.087e-20,5.317e-10,,3.947e-25,2.386e-19,,,9.588e-22,2.967e-17,9.609e-3,1.116e-28,,4.669e-22,6.433e-18,9.217e-17,9.210e-1,,1.225e-11,2.394e-18,8.367e-9,,,,,5.410e-1,,,6.637e-2,,,,,,,,,,,
658.85,1.635e+0,7.959e-2,2.666e-5,8.054e-43,6.762e-18,,,1.450e-18,4.188e-20,,5.901e-16,5.971e-19,2.092e-29,8.956e-18,1.461e-18,7.560e-31,1.160e-19,,,2.967e-18,2.379e-18,2.304e-20,3.986e-10,,3.948e-25,2.385e-19,,,9.597e-22,2.969e-17,1.042e-2,1.116e-28,,4.671e-22,6.426e-18,9.218e-17,9.164e-1,,9.260e-12,2.395e-18,1.086e-8,,,,,5.668e-1,,,6.129e-2,,,,,,,,,,,
658.87,1.654e+0,7.894e-2,2.508e-5,8.072e-43,6.765e-18,,,1.450e-18,4.191e-20,,5.898e-16,5.973e-19,2.093e-29,8.956e-18,1.450e-18,7.578e-31,1.161e-19,,,2.966e-18,2.379e-18,2.540e-20,2.982e-10,,3.948e-25,2.384e-19,,,9.606e-22,2.972e-17,1.133e-2,1.116e-28,,4.673e-22,6.418e-18,9.220e-17,9.144e-1,,7.055e-12,2.397e-18,1.408e-8,,,,,5.928e-1,,,5.651e-2,,,,,,,,,,,
658.9,1.688e+0,7.773e-2,2.281e-5,8.100e-43,6.770e-18,,,1.450e-18,4.196e-20,,5.894e-16,5.976e-19,2.093e-29,8.956e-18,1.435e-18,7.606e-31,1.161e-19,,,2.964e-18,2.379e-18,2.931e-20,1.924e-10,,3.950e-25,2.382e-19,,,9.620e-22,2.975e-17,1.289e-2,1.116e-28,,4.675e-22,6.406e-18,9.223e-17,9.158e-1,,4.840e-12,2.399e-18,2.071e-8,,,,,6.320e-1,,,4.985e-2,,,,,,,,,,,
658.92,1.714e+0,7.677e-2,2.138e-5,8.119e-43,6.773e-18,,,1.450e-18,4.200e-20,,5.891e-16,5.979e-19,2.094e-29,8.956e-18,1.425e-18,7.625e-31,1.161e-19,,,2.963e-18,2.380e-18,3.217e-20,1.433e-10,,3.950e-25,2.381e-19,,,9.629e-22,2.977e-17,1.406e-2,1.116e-28,,4.677e-22,6.399e-18,9.225e-17,9.194e-1,,3.912e-12,2.400e-18,2.673e-8,,,,,6.581e-1,,,4.576e-2,,,,,,,,,,,
658.95,1.757e+0,7.512e-2,1.934e-5,8.146e-43,6.778e-18,,,1.450e-18,4.204e-20,,5.887e-16,5.982e-19,2.095e-29,8.956e-18,1.410e-18,7.652e-31,1.162e-19,,,2.962e-18,2.380e-18,3.687e-20,9.186e-11,,3.951e-25,2.380e-19,,,9.643e-22,2.980e-17,1.602e-2,1.116e-28,,4.679e-22,6.387e-18,9.227e-17,9.287e-1,,3.148e-12,2.402e-18,3.906e-8,,,,,6.970e-1,,,4.010e-2,,,,,,,,,,,
658.97,1.788e+0,7.389e-2,1.806e-5,8.165e-43,6.781e-18,,,1.450e-18,4.208e-20,,5.884e-16,5.984e-19,2.095e-29,8.955e-18,1.399e-18,7.671e-31,1.162e-19,,,2.961e-18,2.381e-18,4.029e-20,6.813e-11,,3.952e-25,2.379e-19,,,9.652e-22,2.983e-17,1.746e-2,1.116e-28,,4.681e-22,6.379e-18,9.229e-17,9.371e-1,,2.992e-12,2.403e-18,5.019e-8,,,,,7.226e-1,,,3.665e-2,,,,,,,,,,,
659,1.837e+0,7.187e-2,1.625e-5,8.193e-43,6.786e-18,,,1.449e-18,4.213e-20,,5.879e-16,5.988e-19,2.096e-29,8.955e-18,1.384e-18,7.699e-31,1.162e-19,,,2.959e-18,2.381e-18,4.587e-20,4.337e-11,,3.953e-25,2.377e-19,,,9.666e-22,2.986e-17,1.986e-2,1.116e-28,,4.683e-22,6.367e-18,9.232e-17,9.528e-1,,3.248e-12,2.405e-18,7.286e-8,,,,,7.602e-1,,,3.190e-2,,,,,,,,,,,
659.02,1.871e+0,7.042e-2,1.512e-5,8.211e-43,6.790e-18,,,1.449e-18,4.216e-20,,5.877e-16,5.990e-19,2.097e-29,8.955e-18,1.374e-18,7.717e-31,1.163e-19,,,2.958e-18,2.382e-18,4.990e-20,3.203e-11,,3.954e-25,2.376e-19,,,9.676e-22,2.988e-17,2.160e-2,1.116e-28,,4.685e-22,6.360e-18,9.234e-17,9.650e-1,,3.759e-12,2.407e-18,9.321e-8,,,,,7.847e-1,,,2.903e-2,,,,,,,,,,,
659.05,1.923e+0,6.809e-2,1.353e-5,8.239e-43,6.795e-18,,,1.449e-18,4.221e-20,,5.872e-16,5.993e-19,2.098e-29,8.955e-18,1.358e-18,7.745e-31,1.163e-19,,,2.956e-18,2.382e-18,5.645e-20,2.025e-11,,3.955e-25,2.375e-19,,,9.689e-22,2.991e-17,2.446e-2,1.116e-28,,4.687e-22,6.348e-18,9.236e-17,9.855e-1,,5.128e-12,2.409e-18,1.344e-7,,,,,8.201e-1,,,2.510e-2,,,,,,,,,,,
659.07,1.959e+0,6.646e-2,1.254e-5,8.258e-43,6.798e-18,,,1.449e-18,4.224e-20,,5.869e-16,5.995e-19,2.098e-29,8.955e-18,1.348e-18,7.764e-31,1.163e-19,,,2.955e-18,2.383e-18,6.115e-20,1.489e-11,,3.956e-25,2.373e-19,,,9.699e-22,2.994e-17,2.653e-2,1.116e-28,,4.689e-22,6.340e-18,9.238e-17,1.001e+0,,6.542e-12,2.410e-18,1.712e-7,,,,,8.428e-1,,,2.274e-2,,,,,,,,,,,
659.1,2.013e+0,6.391e-2,1.116e-5,8.286e-43,6.803e-18,,,1.449e-18,4.229e-20,,5.865e-16,5.999e-19,2.099e-29,8.955e-18,1.333e-18,7.792e-31,1.164e-19,,,2.953e-18,2.383e-18,6.871e-20,9.354e-12,,3.957e-25,2.372e-19,,,9.712e-22,2.997e-17,2.988e-2,1.116e-28,,4.692e-22,6.329e-18,9.241e-17,1.025e+0,,9.673e-12,2.412e-18,2.453e-7,,,,,8.751e-1,,,1.954e-2,,,,,,,,,,,
659.12,2.049e+0,6.215e-2,1.031e-5,8.304e-43,6.806e-18,,,1.449e-18,4.232e-20,,5.862e-16,6.001e-19,2.100e-29,8.954e-18,1.323e-18,7.810e-31,1.164e-19,,,2.952e-18,2.384e-18,7.410e-20,6.846e-12,,3.958e-25,2.371e-19,,,9.722e-22,2.999e-17,3.229e-2,1.116e-28,,4.693e-22,6.321e-18,9.243e-17,1.041e+0,,1.266e-11,2.414e-18,3.111e-7,,,,,8.954e-1,,,1.762e-2,,,,,,,,,,,
659.15,2.102e+0,5.946e-2,9.121e-6,8.332e-43,6.811e-18,,,1.449e-18,4.237e-20,,5.858e-16,6.005e-19,2.101e-29,8.954e-18,1.307e-18,7.838e-31,1.164e-19,,,2.951e-18,2.384e-18,8.272e-20,4.273e-12,,3.959e-25,2.369e-19,,,9.735e-22,3.002e-17,3.616e-2,1.116e-28,,4.696e-22,6.309e-18,9.245e-17,1.067e+0,,1.902e-11,2.416e-18,4.429e-7,,,,,9.236e-1,,,1.504e-2,,,,,,,,,,,
659.17,2.136e+0,5.764e-2,8.391e-6,8.351e-43,6.814e-18,,,1.449e-18,4.240e-20,,5.855e-16,6.007e-19,2.101e-29,8.954e-18,1.297e-18,7.857e-31,1.165e-19,,,2.950e-18,2.384e-18,8.882e-20,3.113e-12,,3.960e-25,2.368e-19,,,9.745e-22,3.005e-17,3.891e-2,1.116e-28,,4.697e-22,6.301e-18,9.247e-17,1.085e+0,,2.496e-11,2.417e-18,5.592e-7,,,,,9.408e-1,,,1.350e-2,,,,,,,,,,,
659.2,2.185e+0,5.488e-2,7.383e-6,8.379e-43,6.819e-18,,,1.449e-18,4.245e-20,,5.851e-16,6.010e-19,2.102e-29,8.954e-18,1.282e-18,7.884e-31,1.165e-19,,,2.948e-18,2.385e-18,9.849e-20,1.930e-12,,3.961e-25,2.367e-19,,,9.759e-22,3.008e-17,4.330e-2,1.116e-28,,4.700e-22,6.290e-18,9.250e-17,1.112e+0,,3.745e-11,2.419e-18,7.908e-7,,,,,9.641e-1,,,1.144e-2,,,,,,,,,,,
659.22,2.217e+0,5.305e-2,6.767e-6,8.397e-43,6.822e-18,,,1.449e-18,4.248e-20,,5.848e-16,6.012e-19,2.103e-29,8.954e-18,1.272e-18,7.903e-31,1.165e-19,,,2.947e-18,2.385e-18,1.053e-19,1.400e-12,,3.962e-25,2.366e-19,,,9.768e-22,3.010e-17,4.641e-2,1.116e-28,,4.701e-22,6.282e-18,9.252e-17,1.129e+0,,4.902e-11,2.420e-18,9.942e-7,,,,,9.777e-1,,,1.023e-2,,,,,,,,,,,
659.24,2.247e+0,5.122e-2,6.192e-6,8.416e-43,6.826e-18,,,1.449e-18,4.252e-20,,5.845e-16,6.015e-19,2.103e-29,8.954e-18,1.261e-18,7.921e-31,1.166e-19,,,2.946e-18,2.386e-18,1.124e-19,1.014e-12,,3.962e-25,2.364e-19,,,9.777e-22,3.012e-17,4.964e-2,1.116e-28,,4.703e-22,6.274e-18,9.253e-17,1.147e+0,,6.405e-11,2.422e-18,1.248e-6,,,,,9.899e-1,,,9.127e-3,,,,,,,,,,,
659.27,2.289e+0,4.851e-2,5.404e-6,8.443e-43,6.830e-18,,,1.449e-18,4.257e-20,,5.841e-16,6.018e-19,2.104e-29,8.954e-18,1.246e-18,7.949e-31,1.166e-19,,,2.944e-18,2.386e-18,1.235e-19,6.227e-13,,3.963e-25,2.363e-19,,,9.791e-22,3.016e-17,5.475e-2,1.117e-28,,4.706e-22,6.263e-18,9.256e-17,1.173e+0,,9.538e-11,2.424e-18,1.748e-6,,,,,1.005e+0,,,7.667e-3,,,,,,,,,,,
659.29,2.314e+0,4.674e-2,4.926e-6,8.462e-43,6.834e-18,,,1.449e-18,4.260e-20,,5.838e-16,6.020e-19,2.105e-29,8.953e-18,1.236e-18,7.968e-31,1.166e-19,,,2.943e-18,2.387e-18,1.312e-19,4.490e-13,,3.964e-25,2.362e-19,,,9.800e-22,3.018e-17,5.832e-2,1.117e-28,,4.707e-22,6.255e-18,9.258e-17,1.189e+0,,1.241e-10,2.425e-18,2.184e-6,,,,,1.013e+0,,,6.811e-3,,,,,,,,,,,
659.32,2.349e+0,4.416e-2,4.274e-6,8.490e-43,6.839e-18,,,1.449e-18,4.265e-20,,5.833e-16,6.024e-19,2.106e-29,8.953e-18,1.221e-18,7.996e-31,1.167e-19,,,2.941e-18,2.387e-18,1.432e-19,2.739e-13,,3.965e-25,2.360e-19,,,9.814e-22,3.021e-17,6.391e-2,1.117e-28,,4.710e-22,6.243e-18,9.261e-17,1.213e+0,,1.836e-10,2.427e-18,3.041e-6,,,,,1.022e+0,,,5.683e-3,,,,,,,,,,,
659.34,2.369e+0,4.249e-2,3.881e-6,8.508e-43,6.842e-18,,,1.449e-18,4.268e-20,,5.830e-16,6.026e-19,2.106e-29,8.953e-18,1.210e-18,8.014e-31,1.167e-19,,,2.940e-18,2.388e-18,1.515e-19,1.966e-13,,3.966e-25,2.359e-19,,,9.823e-22,3.023e-17,6.778e-2,1.117e-28,,4.711e-22,6.235e-18,9.262e-17,1.228e+0,,2.379e-10,2.428e-18,3.783e-6,,,,,1.025e+0,,,5.026e-3,,,,,,,,,,,
659.37,2.395e+0,4.008e-2,3.347e-6,8.536e-43,6.847e-18,,,1.449e-18,4.273e-20,,5.826e-16,6.029e-19,2.107e-29,8.953e-18,1.195e-18,8.042e-31,1.167e-19,,,2.939e-18,2.388e-18,1.643e-19,1.192e-13,,3.967e-25,2.358e-19,,,9.837e-22,3.027e-17,7.379e-2,1.117e-28,,4.714e-22,6.224e-18,9.265e-17,1.250e+0,,3.498e-10,2.430e-18,5.232e-6,,,,,1.027e+0,,,4.166e-3,,,,,,,,,,,
659.39,2.409e+0,3.855e-2,3.027e-6,8.555e-43,6.850e-18,,,1.449e-18,4.276e-20,,5.823e-16,6.032e-19,2.108e-29,8.953e-18,1.185e-18,8.061e-31,1.168e-19,,,2.938e-18,2.388e-18,1.730e-19,8.516e-14,,3.968e-25,2.357e-19,,,9.846e-22,3.029e-17,7.792e-2,1.117e-28,,4.715e-22,6.216e-18,9.267e-17,1.263e+0,,4.512e-10,2.432e-18,6.481e-6,,,,,1.026e+0,,,3.669e-3,,,,,,,,,,,
659.42,2.426e+0,3.637e-2,2.595e-6,8.583e-43,6.855e-18,,,1.448e-18,4.281e-20,,5.819e-16,6.035e-19,2.109e-29,8.953e-18,1.170e-18,8.088e-31,1.168e-19,,,2.936e-18,2.389e-18,1.864e-19,5.127e-14,,3.969e-25,2.355e-19,,,9.860e-22,3.032e-17,8.427e-2,1.117e-28,,4.718e-22,6.204e-18,9.270e-17,1.281e+0,,6.590e-10,2.434e-18,8.905e-6,,,,,1.022e+0,,,3.021e-3,,,,,,,,,,,
659.44,2.434e+0,3.501e-2,2.338e-6,8.601e-43,6.858e-18,,,1.448e-18,4.284e-20,,5.816e-16,6.037e-19,2.109e-29,8.952e-18,1.159e-18,8.107e-31,1.168e-19,,,2.935e-18,2.389e-18,1.954e-19,3.648e-14,,3.970e-25,2.354e-19,,,9.869e-22,3.034e-17,8.859e-2,1.117e-28,,4.720e-22,6.196e-18,9.271e-17,1.292e+0,,8.465e-10,2.435e-18,1.098e-5,,,,,1.016e+0,,,2.648e-3,,,,,,,,,,,
659.47,2.441e+0,3.309e-2,1.992e-6,8.629e-43,6.863e-18,,,1.448e-18,4.289e-20,,5.812e-16,6.041e-19,2.110e-29,8.952e-18,1.144e-18,8.135e-31,1.169e-19,,,2.933e-18,2.390e-18,2.091e-19,2.182e-14,,3.971e-25,2.352e-19,,,9.883e-22,3.038e-17,9.519e-2,1.117e-28,,4.722e-22,6.185e-18,9.274e-17,1.306e+0,,1.228e-9,2.437e-18,1.499e-5,,,,,1.005e+0,,,2.166e-3,,,,,,,,,,,
659.49,2.443e+0,3.191e-2,1.787e-6,8.648e-43,6.866e-18,,,1.448e-18,4.292e-20,,5.809e-16,6.043e-19,2.111e-29,8.952e-18,1.134e-18,8.153e-31,1.169e-19,,,2.932e-18,2.390e-18,2.183e-19,1.545e-14,,3.972e-25,2.351e-19,,,9.892e-22,3.040e-17,9.963e-2,1.117e-28,,4.724e-22,6.177e-18,9.276e-17,1.314e+0,,1.571e-9,2.438e-18,1.841e-5,,,,,9.953e-1,,,1.891e-3,,,,,,,,,,,
659.52,2.441e+0,3.029e-2,1.514e-6,8.676e-43,6.871e-18,,,1.448e-18,4.297e-20,,5.805e-16,6.046e-19,2.112e-29,8.952e-18,1.118e-18,8.181e-31,1.169e-19,,,2.930e-18,2.391e-18,2.321e-19,9.181e-15,,3.973e-25,2.350e-19,,,9.906e-22,3.043e-17,1.063e-1,1.117e-28,,4.726e-22,6.165e-18,9.279e-17,1.325e+0,,2.264e-9,2.440e-18,2.496e-5,,,,,9.777e-1,,,1.536e-3,,,,,,,,,,,
659.54,2.436e+0,2.930e-2,1.352e-6,8.694e-43,6.875e-18,,,1.448e-18,4.300e-20,,5.802e-16,6.049e-19,2.112e-29,8.952e-18,1.108e-18,8.200e-31,1.170e-19,,,2.929e-18,2.391e-18,2.413e-19,6.474e-15,,3.974e-25,2.349e-19,,,9.915e-22,3.045e-17,1.108e-1,1.117e-28,,4.728e-22,6.158e-18,9.280e-17,1.330e+0,,2.883e-9,2.442e-18,3.051e-5,,,,,9.641e-1,,,1.335e-3,,,,,,,,,,,
659.57,2.424e+0,2.797e-2,1.139e-6,8.722e-43,6.880e-18,,,1.448e-18,4.305e-20,,5.797e-16,6.052e-19,2.113e-29,8.952e-18,1.093e-18,8.228e-31,1.170e-19,,,2.928e-18,2.392e-18,2.548e-19,3.821e-15,,3.975e-25,2.347e-19,,,9.929e-22,3.049e-17,1.175e-1,1.117e-28,,4.730e-22,6.146e-18,9.283e-17,1.336e+0,,4.129e-9,2.444e-18,4.111e-5,,,,,9.408e-1,,,1.078e-3,,,,,,,,,,,
659.59,2.413e+0,2.719e-2,1.013e-6,8.740e-43,6.883e-18,,,1.448e-18,4.309e-20,,5.794e-16,6.054e-19,2.114e-29,8.951e-18,1.083e-18,8.246e-31,1.170e-19,,,2.927e-18,2.392e-18,2.637e-19,2.682e-15,,3.975e-25,2.346e-19,,,9.938e-22,3.051e-17,1.219e-1,1.117e-28,,4.732e-22,6.138e-18,9.285e-17,1.339e+0,,5.234e-9,2.445e-18,5.004e-5,,,,,9.236e-1,,,9.323e-4,,,,,,,,,,,
659.62,2.392e+0,2.615e-2,8.477e-7,8.768e-43,6.888e-18,,,1.448e-18,4.313e-20,,5.790e-16,6.058e-19,2.114e-29,8.951e-18,1.067e-18,8.274e-31,1.171e-19,,,2.925e-18,2.393e-18,2.767e-19,1.573e-15,,3.977e-25,2.344e-19,,,9.952e-22,3.054e-17,1.284e-1,1.117e-28,,4.734e-22,6.126e-18,9.288e-17,1.341e+0,,7.447e-9,2.447e-18,6.697e-5,,,,,8.954e-1,,,7.476e-4,,,,,,,,,,,
659.64,2.375e+0,2.556e-2,7.511e-7,8.787e-43,6.891e-18,,,1.448e-18,4.317e-20,,5.787e-16,6.060e-19,2.115e-29,8.951e-18,1.057e-18,8.293e-31,1.171e-19,,,2.924e-18,2.393e-18,2.851e-19,1.099e-15,,3.977e-25,2.343e-19,,,9.961e-22,3.056e-17,1.327e-1,1.117e-28,,4.736e-22,6.119e-18,9.289e-17,1.341e+0,,9.400e-9,2.448e-18,8.116e-5,,,,,8.751e-1,,,6.439e-4,,,,,,,,,,,
659.66,2.356e+0,2.504e-2,6.644e-7,8.805e-43,6.894e-18,,,1.448e-18,4.320e-20,,5.784e-16,6.062e-19,2.116e-29,8.951e-18,1.047e-18,8.311e-31,1.171e-19,,,2.923e-18,2.393e-18,2.932e-19,7.668e-16,,3.978e-25,2.342e-19,,,9.971e-22,3.058e-17,1.368e-1,1.117e-28,,4.738e-22,6.111e-18,9.291e-17,1.339e+0,,1.184e-8,2.450e-18,9.818e-5,,,,,8.538e-1,,,5.536e-4,,,,,,,,,,,
659.69,2.323e+0,2.440e-2,5.511e-7,8.833e-43,6.899e-18,,,1.448e-18,4.325e-20,,5.780e-16,6.066e-19,2.117e-29,8.951e-18,1.032e-18,8.339e-31,1.172e-19,,,2.921e-18,2.394e-18,3.049e-19,4.454e-16,,3.979e-25,2.341e-19,,,9.984e-22,3.062e-17,1.428e-1,1.117e-28,,4.740e-22,6.099e-18,9.294e-17,1.335e+0,,1.670e-8,2.452e-18,1.302e-4,,,,,8.201e-1,,,4.398e-4,,,,,,,,,,,
659.71,2.299e+0,2.405e-2,4.855e-7,8.852e-43,6.902e-18,,,1.448e-18,4.328e-20,,5.777e-16,6.068e-19,2.117e-29,8.951e-18,1.021e-18,8.358e-31,1.172e-19,,,2.920e-18,2.394e-18,3.122e-19,3.031e-16,,3.980e-25,2.340e-19,,,9.994e-22,3.064e-17,1.466e-1,1.117e-28,,4.742e-22,6.092e-18,9.296e-17,1.331e+0,,2.095e-8,2.453e-18,1.568e-4,,,,,7.967e-1,,,3.765e-4,,,,,,,,,,,
659.74,2.259e+0,2.365e-2,4.002e-7,8.880e-43,6.907e-18,,,1.448e-18,4.333e-20,,5.773e-16,6.071e-19,2.118e-29,8.951e-18,1.006e-18,8.385e-31,1.172e-19,,,2.918e-18,2.395e-18,3.224e-19,1.750e-16,,3.981e-25,2.338e-19,,,1.001e-21,3.067e-17,1.520e-1,1.117e-28,,4.744e-22,6.080e-18,9.298e-17,1.323e+0,,2.934e-8,2.455e-18,2.067e-4,,,,,7.602e-1,,,2.971e-4,,,,,,,,,,,
659.76,2.230e+0,2.346e-2,3.510e-7,8.898e-43,6.911e-18,,,1.448e-18,4.336e-20,,5.770e-16,6.074e-19,2.119e-29,8.950e-18,9.959e-19,8.404e-31,1.173e-19,,,2.917e-18,2.395e-18,3.287e-19,1.211e-16,,3.982e-25,2.337e-19,,,1.002e-21,3.069e-17,1.554e-1,1.117e-28,,4.746e-22,6.072e-18,9.300e-17,1.316e+0,,3.665e-8,2.457e-18,2.478e-4,,,,,7.352e-1,,,2.532e-4,,,,,,,,,,,
659.79,2.184e+0,2.328e-2,2.875e-7,8.926e-43,6.915e-18,,,1.448e-18,4.341e-20,,5.766e-16,6.077e-19,2.119e-29,8.950e-18,9.806e-19,8.432e-31,1.173e-19,,,2.916e-18,2.396e-18,3.373e-19,6.942e-17,,3.983e-25,2.335e-19,,,1.003e-21,3.073e-17,1.601e-1,1.118e-28,,4.748e-22,6.060e-18,9.303e-17,1.303e+0,,5.099e-8,2.459e-18,3.244e-4,,,,,6.969e-1,,,1.985e-4,,,,,,,,,,,
659.81,2.151e+0,2.322e-2,2.512e-7,8.945e-43,6.919e-18,,,1.448e-18,4.344e-20,,5.763e-16,6.079e-19,2.120e-29,8.950e-18,9.704e-19,8.450e-31,1.173e-19,,,2.915e-18,2.396e-18,3.423e-19,4.781e-17,,3.984e-25,2.334e-19,,,1.004e-21,3.075e-17,1.629e-1,1.118e-28,,4.750e-22,6.053e-18,9.305e-17,1.293e+0,,6.342e-8,2.460e-18,3.873e-4,,,,,6.710e-1,,,1.684e-4,,,,,,,,,,,
659.84,2.100e+0,2.322e-2,2.044e-7,8.973e-43,6.924e-18,,,1.447e-18,4.349e-20,,5.758e-16,6.083e-19,2.121e-29,8.950e-18,9.551e-19,8.478e-31,1.174e-19,,,2.913e-18,2.397e-18,3.489e-19,2.723e-17,,3.985e-25,2.333e-19,,,1.005e-21,3.078e-17,1.667e-1,1.118e-28,,4.753e-22,6.041e-18,9.307e-17,1.277e+0,,8.767e-8,2.462e-18,5.037e-4,,,,,6.319e-1,,,1.312e-4,,,,,,,,,,,
659.86,2.064e+0,2.326e-2,1.778e-7,8.991e-43,6.927e-18,,,1.447e-18,4.352e-20,,5.756e-16,6.085e-19,2.121e-29,8.950e-18,9.449e-19,8.497e-31,1.174e-19,,,2.912e-18,2.397e-18,3.526e-19,1.867e-17,,3.985e-25,2.332e-19,,,1.006e-21,3.080e-17,1.689e-1,1.118e-28,,4.754e-22,6.033e-18,9.309e-17,1.265e+0,,1.086e-7,2.463e-18,5.988e-4,,,,,6.058e-1,,,1.108e-4,,,,,,,,,,,
659.89,2.007e+0,2.339e-2,1.438e-7,9.019e-43,6.932e-18,,,1.447e-18,4.357e-20,,5.751e-16,6.088e-19,2.122e-29,8.950e-18,9.295e-19,8.525e-31,1.174e-19,,,2.910e-18,2.398e-18,3.571e-19,1.056e-17,,3.987e-25,2.330e-19,,,1.008e-21,3.084e-17,1.717e-1,1.118e-28,,4.757e-22,6.022e-18,9.312e-17,1.245e+0,,1.491e-7,2.465e-18,7.736e-4,,,,,5.667e-1,,,8.574e-5,,,,,,,,,,,
659.91,1.969e+0,2.352e-2,1.246e-7,9.038e-43,6.935e-18,,,1.447e-18,4.361e-20,,5.748e-16,6.090e-19,2.123e-29,8.949e-18,9.193e-19,8.543e-31,1.175e-19,,,2.909e-18,2.398e-18,3.593e-19,7.211e-18,,3.987e-25,2.329e-19,,,1.009e-21,3.086e-17,1.733e-1,1.118e-28,,4.758e-22,6.014e-18,9.314e-17,1.230e+0,,1.838e-7,2.467e-18,9.157e-4,,,,,5.409e-1,,,7.210e-5,,,,,,,,,,,
659.94,1.909e+0,2.374e-2,1.001e-7,9.065e-43,6.940e-18,,,1.447e-18,4.365e-20,,5.744e-16,6.094e-19,2.124e-29,8.949e-18,9.040e-19,8.571e-31,1.175e-19,,,2.907e-18,2.399e-18,3.614e-19,7.204e-18,,3.988e-25,2.328e-19,,,1.010e-21,3.089e-17,1.750e-1,1.118e-28,,4.761e-22,6.002e-18,9.316e-17,1.206e+0,,2.508e-7,2.469e-18,1.175e-3,,,,,5.027e-1,,,5.542e-5,,,,,,,,,,,
659.96,1.868e+0,2.391e-2,8.634e-8,9.084e-43,6.943e-18,,,1.447e-18,4.369e-20,,5.741e-16,6.096e-19,2.124e-29,8.949e-18,8.938e-19,8.590e-31,1.175e-19,,,2.906e-18,2.399e-18,3.621e-19,7.199e-18,,3.989e-25,2.326e-19,,,1.011e-21,3.091e-17,1.758e-1,1.118e-28,,4.762e-22,5.994e-18,9.318e-17,1.189e+0,,3.078e-7,2.470e-18,1.385e-3,,,,,4.777e-1,,,4.640e-5,,,,,,,,,,,
659.99,1.806e+0,2.419e-2,6.894e-8,9.112e-43,6.948e-18,,,1.447e-18,4.374e-20,,5.737e-16,6.100e-19,2.125e-29,8.949e-18,8.785e-19,8.617e-31,1.176e-19,,,2.905e-18,2.400e-18,3.618e-19,7.192e-18,,3.990e-25,2.325e-19,,,1.012e-21,3.095e-17,1.763e-1,1.118e-28,,4.765e-22,5.983e-18,9.321e-17,1.162e+0,,4.173e-7,2.472e-18,1.766e-3,,,,,4.410e-1,,,3.543e-5,,,,,,,,,,,
660.01,1.764e+0,2.438e-2,5.921e-8,9.130e-43,6.951e-18,,,1.447e-18,4.377e-20,,5.734e-16,6.102e-19,2.126e-29,8.949e-18,8.683e-19,8.636e-31,1.176e-19,,,2.904e-18,2.400e-18,3.609e-19,7.187e-18,,3.991e-25,2.324e-19,,,1.013e-21,3.097e-17,1.763e-1,1.118e-28,,4.767e-22,5.975e-18,9.323e-17,1.144e+0,,5.100e-7,2.473e-18,2.072e-3,,,,,4.172e-1,,,2.953e-5,,,,,,,,,,,
660.03,1.721e+0,2.458e-2,5.076e-8,9.149e-43,6.955e-18,,,1.447e-18,4.380e-20,,5.731e-16,6.104e-19,2.126e-29,8.949e-18,8.581e-19,8.655e-31,1.176e-19,,,2.903e-18,2.400e-18,3.593e-19,7.182e-18,,3.992e-25,2.323e-19,,,1.014e-21,3.099e-17,1.760e-1,1.118e-28,,4.768e-22,5.967e-18,9.324e-17,1.124e+0,,6.222e-7,2.475e-18,2.427e-3,,,,,3.940e-1,,,2.457e-5,,,,,,,,,,,
660.06,1.656e+0,2.487e-2,4.017e-8,9.177e-43,6.960e-18,,,1.447e-18,4.385e-20,,5.727e-16,6.107e-19,2.127e-29,8.948e-18,8.427e-19,8.682e-31,1.177e-19,,,2.901e-18,2.401e-18,3.558e-19,7.175e-18,,3.993e-25,2.321e-19,,,1.016e-21,3.102e-17,1.750e-1,1.118e-28,,4.771e-22,5.956e-18,9.327e-17,1.093e+0,,8.357e-7,2.477e-18,3.067e-3,,,,,3.604e-1,,,1.859e-5,,,,,,,,,,,
660.08,1.613e+0,2.505e-2,3.429e-8,9.195e-43,6.963e-18,,,1.447e-18,4.388e-20,,5.724e-16,6.110e-19,2.128e-29,8.948e-18,8.325e-19,8.701e-31,1.177e-19,,,2.900e-18,2.401e-18,3.526e-19,7.170e-18,,3.994e-25,2.320e-19,,,1.016e-21,3.105e-17,1.739e-1,1.118e-28,,4.772e-22,5.948e-18,9.329e-17,1.072e+0,,1.015e-6,2.478e-18,3.576e-3,,,,,3.389e-1,,,1.540e-5,,,,,,,,,,,
660.11,1.548e+0,2.531e-2,2.696e-8,9.223e-43,6.968e-18,,,1.447e-18,4.393e-20,,5.720e-16,6.113e-19,2.129e-29,8.948e-18,8.172e-19,8.729e-31,1.177e-19,,,2.898e-18,2.402e-18,3.469e-19,7.163e-18,,3.995e-25,2.319e-19,,,1.018e-21,3.108e-17,1.718e-1,1.118e-28,,4.775e-22,5.936e-18,9.332e-17,1.039e+0,,1.355e-6,2.480e-18,4.489e-3,,,,,3.080e-1,,,1.157e-5,,,,,,,,,,,
660.13,1.505e+0,2.546e-2,2.292e-8,9.242e-43,6.971e-18,,,1.447e-18,4.396e-20,,5.717e-16,6.115e-19,2.129e-29,8.948e-18,8.070e-19,8.747e-31,1.178e-19,,,2.897e-18,2.402e-18,3.423e-19,7.158e-18,,3.996e-25,2.317e-19,,,1.019e-21,3.110e-17,1.700e-1,1.118e-28,,4.776e-22,5.928e-18,9.333e-17,1.016e+0,,1.638e-6,2.481e-18,5.212e-3,,,,,2.883e-1,,,9.543e-6,,,,,,,,,,,
660.16,1.441e+0,2.566e-2,1.790e-8,9.270e-43,6.976e-18,,,1.447e-18,4.401e-20,,5.712e-16,6.119e-19,2.130e-29,8.948e-18,7.917e-19,8.775e-31,1.178e-19,,,2.895e-18,2.403e-18,3.345e-19,7.150e-18,,3.997e-25,2.316e-19,,,1.020e-21,3.113e-17,1.667e-1,1.118e-28,,4.779e-22,5.917e-18,9.336e-17,9.814e-1,,2.172e-6,2.483e-18,6.500e-3,,,,,2.603e-1,,,7.124e-6,,,,,,,,,,,
660.18,1.398e+0,2.577e-2,1.515e-8,9.288e-43,6.979e-18,,,1.447e-18,4.404e-20,,5.710e-16,6.121e-19,2.131e-29,8.948e-18,7.815e-19,8.794e-31,1.178e-19,,,2.894e-18,2.403e-18,3.287e-19,7.146e-18,,3.997e-25,2.315e-19,,,1.021e-21,3.116e-17,1.643e-1,1.118e-28,,4.781e-22,5.909e-18,9.338e-17,9.579e-1,,2.615e-6,2.485e-18,7.514e-3,,,,,2.426e-1,,,5.850e-6,,,,,,,,,,,
660.21,1.335e+0,2.589e-2,1.176e-8,9.316e-43,6.984e-18,,,1.447e-18,4.409e-20,,5.705e-16,6.124e-19,2.132e-29,8.947e-18,7.661e-19,8.822e-31,1.179e-19,,,2.893e-18,2.404e-18,3.191e-19,7.138e-18,,3.999e-25,2.313e-19,,,1.022e-21,3.119e-17,1.601e-1,1.118e-28,,4.783e-22,5.897e-18,9.341e-17,9.220e-1,,3.445e-6,2.487e-18,9.309e-3,,,,,2.176e-1,,,4.338e-6,,,,,,,,,,,
660.23,1.294e+0,2.594e-2,9.908e-9,9.335e-43,6.987e-18,,,1.447e-18,4.413e-20,,5.702e-16,6.127e-19,2.132e-29,8.947e-18,7.559e-19,8.840e-31,1.179e-19,,,2.892e-18,2.404e-18,3.122e-19,7.133e-18,,3.999e-25,2.312e-19,,,1.023e-21,3.121e-17,1.571e-1,1.118e-28,,4.785e-22,5.889e-18,9.342e-17,8.979e-1,,4.130e-6,2.488e-18,1.071e-2,,,,,2.019e-1,,,3.546e-6,,,,,,,,,,,
660.26,1.233e+0,2.597e-2,7.640e-9,9.362e-43,6.992e-18,,,1.447e-18,4.418e-20,,5.698e-16,6.130e-19,2.133e-29,8.947e-18,7.406e-19,8.868e-31,1.179e-19,,,2.890e-18,2.404e-18,3.011e-19,7.126e-18,,4.000e-25,2.311e-19,,,1.025e-21,3.124e-17,1.521e-1,1.118e-28,,4.787e-22,5.878e-18,9.345e-17,8.616e-1,,5.404e-6,2.490e-18,1.319e-2,,,,,1.799e-1,,,2.613e-6,,,,,,,,,,,
660.28,1.193e+0,2.595e-2,6.410e-9,9.381e-43,6.996e-18,,,1.446e-18,4.421e-20,,5.695e-16,6.132e-19,2.134e-29,8.947e-18,7.304e-19,8.886e-31,1.180e-19,,,2.889e-18,2.405e-18,2.932e-19,7.121e-18,,4.001e-25,2.310e-19,,,1.026e-21,3.127e-17,1.485e-1,1.118e-28,,4.789e-22,5.870e-18,9.347e-17,8.375e-1,,6.450e-6,2.491e-18,1.511e-2,,,,,1.662e-1,,,2.126e-6,,,,,,,,,,,
660.31,1.136e+0,2.588e-2,4.910e-9,9.409e-43,7.000e-18,,,1.446e-18,4.426e-20,,5.691e-16,6.136e-19,2.135e-29,8.947e-18,7.151e-19,8.914e-31,1.180e-19,,,2.887e-18,2.405e-18,2.809e-19,7.114e-18,,4.002e-25,2.308e-19,,,1.027e-21,3.130e-17,1.429e-1,1.119e-28,,4.791e-22,5.858e-18,9.350e-17,8.015e-1,,8.385e-6,2.493e-18,1.848e-2,,,,,1.471e-1,,,1.556e-6,,,,,,,,,,,
660.33,1.099e+0,2.579e-2,4.102e-9,9.427e-43,7.004e-18,,,1.446e-18,4.429e-20,,5.688e-16,6.138e-19,2.135e-29,8.947e-18,7.049e-19,8.933e-31,1.180e-19,,,2.886e-18,2.406e-18,2.724e-19,7.109e-18,,4.003e-25,2.307e-19,,,1.028e-21,3.132e-17,1.389e-1,1.119e-28,,4.793e-22,5.851e-18,9.351e-17,7.778e-1,,9.966e-6,2.495e-18,2.108e-2,,,,,1.353e-1,,,1.261e-6,,,,,,,,,,,
660.36,1.046e+0,2.561e-2,3.122e-9,9.455e-43,7.009e-18,,,1.446e-18,4.434e-20,,5.684e-16,6.141e-19,2.136e-29,8.947e-18,6.895e-19,8.961e-31,1.181e-19,,,2.884e-18,2.406e-18,2.593e-19,7.102e-18,,4.004e-25,2.305e-19,,,1.029e-21,3.135e-17,1.328e-1,1.119e-28,,4.795e-22,5.839e-18,9.354e-17,7.429e-1,,1.287e-5,2.497e-18,2.561e-2,,,,,1.189e-1,,,9.167e-7,,,,,,,,,,,
660.38,1.012e+0,2.546e-2,2.597e-9,9.474e-43,7.012e-18,,,1.446e-18,4.437e-20,,5.681e-16,6.144e-19,2.137e-29,8.946e-18,6.793e-19,8.979e-31,1.181e-19,,,2.883e-18,2.407e-18,2.504e-19,7.097e-18,,4.005e-25,2.304e-19,,,1.030e-21,3.138e-17,1.285e-1,1.119e-28,,4.797e-22,5.831e-18,9.356e-17,7.201e-1,,1.523e-5,2.498e-18,2.910e-2,,,,,1.089e-1,,,7.395e-7,,,,,,,,,,,
660.4,9.800e-1,2.528e-2,2.156e-9,9.492e-43,7.015e-18,,,1.446e-18,4.440e-20,,5.678e-16,6.146e-19,2.137e-29,8.946e-18,6.691e-19,8.998e-31,1.181e-19,,,2.882e-18,2.407e-18,2.413e-19,7.092e-18,,4.006e-25,2.303e-19,,,1.031e-21,3.140e-17,1.242e-1,1.119e-28,,4.799e-22,5.823e-18,9.358e-17,6.980e-1,,1.799e-5,2.500e-18,3.300e-2,,,,,9.956e-2,,,5.955e-7,,,,,,,,,,,
660.43,9.350e-1,2.497e-2,1.626e-9,9.520e-43,7.020e-18,,,1.446e-18,4.445e-20,,5.674e-16,6.149e-19,2.138e-29,8.946e-18,6.538e-19,9.026e-31,1.182e-19,,,2.881e-18,2.408e-18,2.275e-19,7.085e-18,,4.007e-25,2.302e-19,,,1.033e-21,3.143e-17,1.176e-1,1.119e-28,,4.801e-22,5.812e-18,9.360e-17,6.659e-1,,2.302e-5,2.502e-18,3.972e-2,,,,,8.674e-2,,,4.290e-7,,,,,,,,,,,
660.45,9.072e-1,2.473e-2,1.344e-9,9.539e-43,7.023e-18,,,1.446e-18,4.448e-20,,5.671e-16,6.152e-19,2.139e-29,8.946e-18,6.436e-19,9.044e-31,1.182e-19,,,2.880e-18,2.408e-18,2.183e-19,7.080e-18,,4.008e-25,2.301e-19,,,1.033e-21,3.145e-17,1.132e-1,1.119e-28,,4.803e-22,5.804e-18,9.362e-17,6.455e-1,,2.708e-5,2.503e-18,4.484e-2,,,,,7.894e-2,,,3.439e-7,,,,,,,,,,,
660.48,8.692e-1,2.433e-2,1.007e-9,9.567e-43,7.028e-18,,,1.446e-18,4.453e-20,,5.666e-16,6.155e-19,2.140e-29,8.946e-18,6.283e-19,9.072e-31,1.182e-19,,,2.878e-18,2.409e-18,2.046e-19,7.073e-18,,4.009e-25,2.299e-19,,,1.035e-21,3.149e-17,1.065e-1,1.119e-28,,4.805e-22,5.792e-18,9.365e-17,6.164e-1,,3.443e-5,2.505e-18,5.363e-2,,,,,6.832e-2,,,2.461e-7,,,,,,,,,,,
660.5,8.466e-1,2.404e-2,8.290e-10,9.585e-43,7.031e-18,,,1.446e-18,4.457e-20,,5.664e-16,6.157e-19,2.140e-29,8.946e-18,6.181e-19,9.091e-31,1.182e-19,,,2.877e-18,2.409e-18,1.954e-19,7.068e-18,,4.009e-25,2.298e-19,,,1.036e-21,3.151e-17,1.020e-1,1.119e-28,,4.807e-22,5.785e-18,9.367e-17,5.983e-1,,4.031e-5,2.506e-18,6.029e-2,,,,,6.191e-2,,,1.964e-7,,,,,,,,,,,
660.53,8.170e-1,2.357e-2,6.171e-10,9.613e-43,7.036e-18,,,1.446e-18,4.461e-20,,5.659e-16,6.161e-19,2.141e-29,8.945e-18,6.027e-19,9.118e-31,1.183e-19,,,2.875e-18,2.409e-18,1.819e-19,7.061e-18,,4.011e-25,2.296e-19,,,1.037e-21,3.154e-17,9.541e-2,1.119e-28,,4.809e-22,5.773e-18,9.369e-17,5.731e-1,,5.092e-5,2.508e-18,7.162e-2,,,,,5.322e-2,,,1.396e-7,,,,,,,,,,,
660.55,8.002e-1,2.323e-2,5.057e-10,9.632e-43,7.040e-18,,,1.446e-18,4.465e-20,,5.656e-16,6.163e-19,2.142e-29,8.945e-18,5.925e-19,9.137e-31,1.183e-19,,,2.874e-18,2.410e-18,1.730e-19,7.056e-18,,4.011e-25,2.295e-19,,,1.038e-21,3.156e-17,9.104e-2,1.119e-28,,4.811e-22,5.765e-18,9.371e-17,5.577e-1,,5.937e-5,2.510e-18,8.016e-2,,,,,4.802e-2,,,1.110e-7,,,,,,,,,,,
660.58,7.801e-1,2.270e-2,3.740e-10,9.659e-43,7.045e-18,,,1.446e-18,4.470e-20,,5.652e-16,6.166e-19,2.143e-29,8.945e-18,5.772e-19,9.165e-31,1.184e-19,,,2.872e-18,2.410e-18,1.600e-19,7.049e-18,,4.012e-25,2.294e-19,,,1.039e-21,3.160e-17,8.459e-2,1.119e-28,,4.814e-22,5.753e-18,9.374e-17,5.371e-1,,7.450e-5,2.512e-18,9.461e-2,,,,,4.101e-2,,,7.834e-8,,,,,,,,,,,
660.6,7.701e-1,2.233e-2,3.051e-10,9.678e-43,7.048e-18,,,1.446e-18,4.473e-20,,5.649e-16,6.169e-19,2.143e-29,8.945e-18,5.670e-19,9.183e-31,1.184e-19,,,2.871e-18,2.411e-18,1.515e-19,7.044e-18,,4.013e-25,2.293e-19,,,1.040e-21,3.162e-17,8.039e-2,1.119e-28,,4.815e-22,5.746e-18,9.376e-17,5.250e-1,,8.648e-5,2.513e-18,1.054e-1,,,,,3.683e-2,,,6.198e-8,,,,,,,,,,,
660.63,7.607e-1,2.176e-2,2.242e-10,9.706e-43,7.053e-18,,,1.446e-18,4.478e-20,,5.645e-16,6.172e-19,2.144e-29,8.945e-18,5.517e-19,9.211e-31,1.184e-19,,,2.870e-18,2.411e-18,1.391e-19,7.036e-18,,4.014e-25,2.291e-19,,,1.042e-21,3.165e-17,7.425e-2,1.119e-28,,4.818e-22,5.734e-18,9.378e-17,5.097e-1,,1.078e-4,2.515e-18,1.236e-1,,,,,3.125e-2,,,4.348e-8,,,,,,,,,,,
660.65,7.582e-1,2.137e-2,1.821e-10,9.724e-43,7.056e-18,,,1.446e-18,4.481e-20,,5.642e-16,6.174e-19,2.145e-29,8.945e-18,5.415e-19,9.230e-31,1.184e-19,,,2.869e-18,2.412e-18,1.312e-19,7.032e-18,,4.015e-25,2.290e-19,,,1.043e-21,3.167e-17,7.028e-2,1.119e-28,,4.819e-22,5.726e-18,9.380e-17,5.013e-1,,1.246e-4,2.516e-18,1.372e-1,,,,,2.795e-2,,,3.425e-8,,,,,,,,,,,
660.68,7.606e-1,2.077e-2,1.329e-10,9.752e-43,7.061e-18,,,1.446e-18,4.486e-20,,5.638e-16,6.178e-19,2.145e-29,8.944e-18,5.261e-19,9.258e-31,1.185e-19,,,2.867e-18,2.412e-18,1.197e-19,7.024e-18,,4.016e-25,2.288e-19,,,1.044e-21,3.171e-17,6.455e-2,1.119e-28,,4.822e-22,5.715e-18,9.383e-17,4.918e-1,,1.543e-4,2.518e-18,1.598e-1,,,,,2.356e-2,,,2.386e-8,,,,,,,,,,,
660.7,7.664e-1,2.036e-2,1.075e-10,9.771e-43,7.064e-18,,,1.445e-18,4.489e-20,,5.635e-16,6.180e-19,2.146e-29,8.944e-18,5.159e-19,9.276e-31,1.185e-19,,,2.866e-18,2.413e-18,1.124e-19,7.019e-18,,4.017e-25,2.287e-19,,,1.045e-21,3.173e-17,6.088e-2,1.119e-28,,4.823e-22,5.707e-18,9.385e-17,4.875e-1,,1.776e-4,2.520e-18,1.765e-1,,,,,2.097e-2,,,1.871e-8,,,,,,,,,,,
660.73,7.817e-1,1.975e-2,7.793e-11,9.799e-43,7.069e-18,,,1.445e-18,4.494e-20,,5.630e-16,6.183e-19,2.147e-29,8.944e-18,5.006e-19,9.304e-31,1.186e-19,,,2.864e-18,2.413e-18,1.019e-19,7.012e-18,,4.018e-25,2.286e-19,,,1.046e-21,3.176e-17,5.564e-2,1.119e-28,,4.826e-22,5.695e-18,9.387e-17,4.843e-1,,2.185e-4,2.522e-18,2.043e-1,,,,,1.756e-2,,,1.295e-8,,,,,,,,,,,
660.75,7.965e-1,1.934e-2,6.276e-11,9.817e-43,7.072e-18,,,1.445e-18,4.497e-20,,5.628e-16,6.186e-19,2.147e-29,8.944e-18,4.904e-19,9.323e-31,1.186e-19,,,2.863e-18,2.413e-18,9.520e-20,7.007e-18,,4.019e-25,2.285e-19,,,1.047e-21,3.178e-17,5.232e-2,1.119e-28,,4.828e-22,5.687e-18,9.389e-17,4.843e-1,,2.504e-4,2.523e-18,2.247e-1,,,,,1.557e-2,,,1.011e-8,,,,,,,,,,,
660.77,8.150e-1,1.893e-2,5.045e-11,9.836e-43,7.076e-18,,,1.445e-18,4.500e-20,,5.625e-16,6.188e-19,2.148e-29,8.944e-18,4.802e-19,9.341e-31,1.186e-19,,,2.862e-18,2.414e-18,8.882e-20,7.002e-18,,4.020e-25,2.284e-19,,,1.048e-21,3.181e-17,4.914e-2,1.119e-28,,4.829e-22,5.680e-18,9.391e-17,4.862e-1,,2.864e-4,2.524e-18,2.467e-1,,,,,1.377e-2,,,7.883e-9,,,,,,,,,,,
660.8,8.499e-1,1.832e-2,3.624e-11,9.864e-43,7.080e-18,,,1.445e-18,4.505e-20,,5.620e-16,6.191e-19,2.149e-29,8.944e-18,4.649e-19,9.369e-31,1.186e-19,,,2.860e-18,2.414e-18,7.977e-20,6.995e-18,,4.021e-25,2.282e-19,,,1.050e-21,3.184e-17,4.466e-2,1.120e-28,,4.832e-22,5.668e-18,9.394e-17,4.923e-1,,3.491e-4,2.526e-18,2.829e-1,,,,,1.143e-2,,,5.406e-9,,,,,,,,,,,
660.82,8.781e-1,1.791e-2,2.901e-11,9.882e-43,7.084e-18,,,1.445e-18,4.509e-20,,5.617e-16,6.193e-19,2.150e-29,8.944e-18,4.547e-19,9.388e-31,1.187e-19,,,2.859e-18,2.415e-18,7.410e-20,6.990e-18,,4.021e-25,2.281e-19,,,1.051e-21,3.186e-17,4.187e-2,1.120e-28,,4.833e-22,5.660e-18,9.395e-17,4.986e-1,,3.976e-4,2.528e-18,3.093e-1,,,,,1.007e-2,,,4.195e-9,,,,,,,,,,,
660.85,9.279e-1,1.731e-2,2.070e-11,9.910e-43,7.089e-18,,,1.445e-18,4.513e-20,,5.613e-16,6.197e-19,2.150e-29,8.943e-18,4.393e-19,9.415e-31,1.187e-19,,,2.858e-18,2.415e-18,6.612e-20,6.983e-18,,4.023e-25,2.279e-19,,,1.052e-21,3.189e-17,3.799e-2,1.120e-28,,4.836e-22,5.648e-18,9.398e-17,5.115e-1,,4.816e-4,2.530e-18,3.523e-1,,,,,8.297e-3,,,2.858e-9,,,,,,,,,,,
660.87,9.662e-1,1.692e-2,1.650e-11,9.929e-43,7.092e-18,,,1.445e-18,4.517e-20,,5.610e-16,6.199e-19,2.151e-29,8.943e-18,4.291e-19,9.434e-31,1.187e-19,,,2.857e-18,2.416e-18,6.115e-20,6.978e-18,,4.023e-25,2.278e-19,,,1.053e-21,3.192e-17,3.559e-2,1.120e-28,,4.837e-22,5.641e-18,9.400e-17,5.224e-1,,5.460e-4,2.531e-18,3.835e-1,,,,,7.278e-3,,,2.208e-9,,,,,,,,,,,
660.9,1.031e+0,1.634e-2,1.169e-11,9.956e-43,7.097e-18,,,1.445e-18,4.522e-20,,5.606e-16,6.202e-19,2.152e-29,8.943e-18,4.138e-19,9.462e-31,1.188e-19,,,2.855e-18,2.416e-18,5.420e-20,6.971e-18,,4.024e-25,2.277e-19,,,1.054e-21,3.195e-17,3.231e-2,1.120e-28,,4.840e-22,5.629e-18,9.402e-17,5.420e-1,,6.571e-4,2.533e-18,4.340e-1,,,,,5.959e-3,,,1.494e-9,,,,,,,,,,,
660.92,1.080e+0,1.596e-2,9.278e-12,9.975e-43,7.100e-18,,,1.445e-18,4.525e-20,,5.603e-16,6.205e-19,2.152e-29,8.943e-18,4.036e-19,9.480e-31,1.188e-19,,,2.854e-18,2.417e-18,4.990e-20,6.966e-18,,4.025e-25,2.276e-19,,,1.055e-21,3.197e-17,3.032e-2,1.120e-28,,4.842e-22,5.621e-18,9.404e-17,5.573e-1,,7.418e-4,2.534e-18,4.704e-1,,,,,5.204e-3,,,1.149e-9,,,,,,,,,,,
660.95,1.160e+0,1.540e-2,6.535e-12,1.000e-42,7.105e-18,,,1.445e-18,4.530e-20,,5.599e-16,6.208e-19,2.153e-29,8.943e-18,3.883e-19,9.508e-31,1.188e-19,,,2.852e-18,2.417e-18,4.395e-20,6.959e-18,,4.026e-25,2.274e-19,,,1.057e-21,3.200e-17,2.764e-2,1.120e-28,,4.844e-22,5.610e-18,9.407e-17,5.833e-1,,8.868e-4,2.536e-18,5.289e-1,,,,,4.232e-3,,,7.726e-10,,,,,,,,,,,
660.97,1.219e+0,1.503e-2,5.162e-12,1.002e-42,7.108e-18,,,1.445e-18,4.533e-20,,5.596e-16,6.210e-19,2.154e-29,8.943e-18,3.781e-19,9.527e-31,1.189e-19,,,2.851e-18,2.418e-18,4.029e-20,6.954e-18,,4.027e-25,2.273e-19,,,1.057e-21,3.203e-17,2.606e-2,1.120e-28,,4.846e-22,5.602e-18,9.409e-17,6.027e-1,,9.968e-4,2.538e-18,5.706e-1,,,,,3.680e-3,,,5.916e-10,,,,,,,,,,,
661,1.315e+0,1.449e-2,3.611e-12,1.005e-42,7.113e-18,,,1.445e-18,4.538e-20,,5.592e-16,6.214e-19,2.155e-29,8.942e-18,3.627e-19,9.555e-31,1.189e-19,,,2.849e-18,2.418e-18,3.524e-20,6.947e-18,,4.028e-25,2.272e-19,,,1.059e-21,3.206e-17,2.398e-2,1.120e-28,,4.848e-22,5.590e-18,9.411e-17,6.346e-1,,1.184e-3,2.540e-18,6.374e-1,,,,,2.973e-3,,,3.951e-10,,,,,,,,,,,
661.02,1.383e+0,1.414e-2,2.840e-12,1.007e-42,7.116e-18,,,1.445e-18,4.541e-20,,5.589e-16,6.216e-19,2.155e-29,8.942e-18,3.525e-19,9.573e-31,1.189e-19,,,2.848e-18,2.418e-18,3.217e-20,6.942e-18,,4.029e-25,2.270e-19,,,1.060e-21,3.208e-17,2.279e-2,1.120e-28,,4.850e-22,5.582e-18,9.413e-17,6.577e-1,,1.325e-3,2.541e-18,6.848e-1,,,,,2.574e-3,,,3.012e-10,,,,,,,,,,,
661.05,1.493e+0,1.362e-2,1.974e-12,1.010e-42,7.121e-18,,,1.445e-18,4.546e-20,,5.584e-16,6.219e-19,2.156e-29,8.942e-18,3.372e-19,9.601e-31,1.190e-19,,,2.847e-18,2.419e-18,2.795e-20,6.934e-18,,4.030e-25,2.269e-19,,,1.061e-21,3.211e-17,2.130e-2,1.120e-28,,4.852e-22,5.571e-18,9.416e-17,6.949e-1,,1.563e-3,2.543e-18,7.599e-1,,,,,2.066e-3,,,1.998e-10,,,,,,,,,,,
661.07,1.571e+0,1.328e-2,1.546e-12,1.011e-42,7.125e-18,,,1.445e-18,4.549e-20,,5.581e-16,6.222e-19,2.157e-29,8.942e-18,3.270e-19,9.620e-31,1.190e-19,,,2.846e-18,2.419e-18,2.540e-20,6.930e-18,,4.031e-25,2.268e-19,,,1.062e-21,3.214e-17,2.049e-2,1.120e-28,,4.854e-22,5.563e-18,9.418e-17,7.212e-1,,1.742e-3,2.545e-18,8.128e-1,,,,,1.780e-3,,,1.517e-10,,,,,,,,,,,
661.1,1.695e+0,1.279e-2,1.067e-12,1.014e-42,7.130e-18,,,1.445e-18,4.554e-20,,5.577e-16,6.225e-19,2.158e-29,8.942e-18,3.117e-19,9.647e-31,1.190e-19,,,2.844e-18,2.420e-18,2.193e-20,6.922e-18,,4.032e-25,2.266e-19,,,1.063e-21,3.217e-17,1.957e-2,1.120e-28,,4.856e-22,5.551e-18,9.420e-17,7.626e-1,,2.042e-3,2.547e-18,8.962e-1,,,,,1.420e-3,,,9.996e-11,,,,,,,,,,,
661.12,1.781e+0,1.246e-2,8.319e-13,1.016e-42,7.133e-18,,,1.445e-18,4.557e-20,,5.574e-16,6.227e-19,2.158e-29,8.942e-18,3.015e-19,9.666e-31,1.191e-19,,,2.843e-18,2.420e-18,1.984e-20,6.917e-18,,4.033e-25,2.265e-19,,,1.064e-21,3.219e-17,1.914e-2,1.120e-28,,4.858e-22,5.544e-18,9.422e-17,7.914e-1,,2.265e-3,2.548e-18,9.543e-1,,,,,1.218e-3,,,7.553e-11,,,,,,,,,,,
661.14,1.870e+0,1.214e-2,6.474e-13,1.018e-42,7.136e-18,,,1.444e-18,4.561e-20,,5.571e-16,6.230e-19,2.159e-29,8.942e-18,2.913e-19,9.684e-31,1.191e-19,,,2.842e-18,2.421e-18,1.792e-20,6.913e-18,,4.033e-25,2.264e-19,,,1.065e-21,3.221e-17,1.885e-2,1.120e-28,,4.860e-22,5.536e-18,9.424e-17,8.210e-1,,2.509e-3,2.549e-18,1.014e+0,,,,,1.043e-3,,,5.698e-11,,,,,,,,,,,
661.17,2.009e+0,1.166e-2,4.429e-13,1.021e-42,7.141e-18,,,1.444e-18,4.565e-20,,5.567e-16,6.233e-19,2.160e-29,8.941e-18,2.759e-19,9.712e-31,1.191e-19,,,2.840e-18,2.421e-18,1.533e-20,6.905e-18,,4.035e-25,2.263e-19,,,1.067e-21,3.225e-17,1.869e-2,1.120e-28,,4.862e-22,5.524e-18,9.427e-17,8.666e-1,,2.914e-3,2.551e-18,1.108e+0,,,,,8.244e-4,,,3.720e-11,,,,,,,,,,,
661.19,2.105e+0,1.135e-2,3.431e-13,1.023e-42,7.144e-18,,,1.444e-18,4.569e-20,,5.564e-16,6.235e-19,2.160e-29,8.941e-18,2.657e-19,9.731e-31,1.192e-19,,,2.839e-18,2.422e-18,1.378e-20,6.900e-18,,4.035e-25,2.261e-19,,,1.068e-21,3.227e-17,1.875e-2,1.120e-28,,4.864e-22,5.516e-18,9.429e-17,8.976e-1,,3.213e-3,2.553e-18,1.173e+0,,,,,7.030e-4,,,2.794e-11,,,,,,,,,,,
661.22,2.252e+0,1.089e-2,2.332e-13,1.025e-42,7.149e-18,,,1.444e-18,4.574e-20,,5.560e-16,6.239e-19,2.161e-29,8.941e-18,2.504e-19,9.759e-31,1.192e-19,,,2.837e-18,2.422e-18,1.171e-20,6.893e-18,,4.036e-25,2.260e-19,,,1.069e-21,3.230e-17,1.911e-2,1.120e-28,,4.866e-22,5.505e-18,9.431e-17,9.445e-1,,3.708e-3,2.555e-18,1.273e+0,,,,,5.518e-4,,,1.812e-11,,,,,,,,,,,
661.24,2.352e+0,1.058e-2,1.799e-13,1.027e-42,7.152e-18,,,1.444e-18,4.577e-20,,5.557e-16,6.241e-19,2.162e-29,8.941e-18,2.402e-19,9.777e-31,1.192e-19,,,2.836e-18,2.423e-18,1.049e-20,6.888e-18,,4.037e-25,2.259e-19,,,1.070e-21,3.232e-17,1.952e-2,1.120e-28,,4.868e-22,5.497e-18,9.433e-17,9.760e-1,,4.071e-3,2.556e-18,1.342e+0,,,,,4.685e-4,,,1.355e-11,,,,,,,,,,,
661.27,2.505e+0,1.013e-2,1.214e-13,1.030e-42,7.157e-18,,,1.444e-18,4.582e-20,,5.553e-16,6.244e-19,2.163e-29,8.941e-18,2.249e-19,9.805e-31,1.193e-19,,,2.835e-18,2.423e-18,8.853e-21,6.881e-18,,4.038e-25,2.257e-19,,,1.071e-21,3.236e-17,2.038e-2,1.120e-28,,4.870e-22,5.485e-18,9.436e-17,1.023e+0,,4.667e-3,2.558e-18,1.447e+0,,,,,3.653e-4,,,8.731e-12,,,,,,,,,,,
661.29,2.608e+0,9.832e-3,9.326e-14,1.032e-42,7.161e-18,,,1.444e-18,4.585e-20,,5.550e-16,6.247e-19,2.163e-29,8.941e-18,2.147e-19,9.824e-31,1.193e-19,,,2.834e-18,2.423e-18,7.891e-21,6.876e-18,,4.039e-25,2.256e-19,,,1.072e-21,3.238e-17,2.111e-2,1.120e-28,,4.872e-22,5.478e-18,9.437e-17,1.054e+0,,5.102e-3,2.559e-18,1.518e+0,,,,,3.088e-4,,,6.500e-12,,,,,,,,,,,
661.32,2.763e+0,9.388e-3,6.255e-14,1.035e-42,7.165e-18,,,1.444e-18,4.590e-20,,5.545e-16,6.250e-19,2.164e-29,8.940e-18,1.993e-19,9.852e-31,1.193e-19,,,2.832e-18,2.424e-18,6.618e-21,6.869e-18,,4.040e-25,2.255e-19,,,1.074e-21,3.241e-17,2.244e-2,1.121e-28,,4.874e-22,5.466e-18,9.440e-17,1.099e+0,,5.811e-3,2.561e-18,1.626e+0,,,,,2.392e-4,,,4.160e-12,,,,,,,,,,,
661.34,2.867e+0,9.095e-3,4.782e-14,1.036e-42,7.169e-18,,,1.444e-18,4.593e-20,,5.543e-16,6.252e-19,2.165e-29,8.940e-18,1.891e-19,9.870e-31,1.194e-19,,,2.831e-18,2.424e-18,5.873e-21,6.864e-18,,4.041e-25,2.254e-19,,,1.075e-21,3.243e-17,2.349e-2,1.121e-28,,4.876e-22,5.458e-18,9.442e-17,1.129e+0,,6.324e-3,2.563e-18,1.698e+0,,,,,2.013e-4,,,3.083e-12,,,,,,,,,,,
661.37,3.020e+0,8.659e-3,3.187e-14,1.039e-42,7.174e-18,,,1.444e-18,4.598e-20,,5.538e-16,6.256e-19,2.166e-29,8.940e-18,1.738e-19,9.898e-31,1.194e-19,,,2.829e-18,2.425e-18,4.893e-21,6.857e-18,,4.042e-25,2.252e-19,,,1.076e-21,3.247e-17,2.527e-2,1.121e-28,,4.879e-22,5.446e-18,9.445e-17,1.171e+0,,7.156e-3,2.565e-18,1.808e+0,,,,,1.549e-4,,,1.961e-12,,,,,,,,,,,
661.39,3.121e+0,8.371e-3,2.426e-14,1.041e-42,7.177e-18,,,1.444e-18,4.601e-20,,5.535e-16,6.258e-19,2.166e-29,8.940e-18,1.636e-19,9.916e-31,1.194e-19,,,2.828e-18,2.425e-18,4.323e-21,6.852e-18,,4.043e-25,2.251e-19,,,1.077e-21,3.249e-17,2.661e-2,1.121e-28,,4.880e-22,5.439e-18,9.446e-17,1.198e+0,,7.754e-3,2.566e-18,1.880e+0,,,,,1.298e-4,,,1.447e-12,,,,,,,,,,,
661.42,3.270e+0,7.942e-3,1.606e-14,1.044e-42,7.182e-18,,,1.444e-18,4.606e-20,,5.531e-16,6.261e-19,2.167e-29,8.940e-18,1.483e-19,9.944e-31,1.195e-19,,,2.826e-18,2.426e-18,3.578e-21,6.845e-18,,4.044e-25,2.249e-19,,,1.078e-21,3.252e-17,2.882e-2,1.121e-28,,4.883e-22,5.427e-18,9.449e-17,1.237e+0,,8.718e-3,2.568e-18,1.988e+0,,,,,9.920e-5,,,9.138e-13,,,,,,,,,,,
661.44,3.366e+0,7.660e-3,1.217e-14,1.046e-42,7.185e-18,,,1.444e-18,4.609e-20,,5.528e-16,6.264e-19,2.168e-29,8.940e-18,1.381e-19,9.963e-31,1.195e-19,,,2.825e-18,2.426e-18,3.148e-21,6.840e-18,,4.045e-25,2.248e-19,,,1.079e-21,3.254e-17,3.043e-2,1.121e-28,,4.884e-22,5.419e-18,9.451e-17,1.260e+0,,9.405e-3,2.569e-18,2.058e+0,,,,,8.276e-5,,,6.712e-13,,,,,,,,,,,
661.47,3.506e+0,7.240e-3,8.001e-15,1.049e-42,7.190e-18,,,1.444e-18,4.614e-20,,5.524e-16,6.267e-19,2.169e-29,8.939e-18,1.228e-19,9.991e-31,1.195e-19,,,2.824e-18,2.427e-18,2.588e-21,6.832e-18,,4.046e-25,2.247e-19,,,1.081e-21,3.258e-17,3.303e-2,1.121e-28,,4.887e-22,5.408e-18,9.454e-17,1.293e+0,,1.050e-2,2.571e-18,2.162e+0,,,,,6.285e-5,,,4.212e-13,,,,,,,,,,,
661.49,3.594e+0,6.964e-3,6.037e-15,1.050e-42,7.193e-18,,,1.444e-18,4.618e-20,,5.521e-16,6.269e-19,2.169e-29,8.939e-18,1.125e-19,1.001e-30,1.196e-19,,,2.823e-18,2.427e-18,2.267e-21,6.828e-18,,4.047e-25,2.246e-19,,,1.081e-21,3.260e-17,3.489e-2,1.121e-28,,4.888e-22,5.400e-18,9.455e-17,1.312e+0,,1.128e-2,2.573e-18,2.229e+0,,,,,5.220e-5,,,3.081e-13,,,,,,,,,,,
661.52,3.721e+0,6.556e-3,3.943e-15,1.053e-42,7.198e-18,,,1.444e-18,4.622e-20,,5.517e-16,6.273e-19,2.170e-29,8.939e-18,9.722e-20,1.004e-30,1.196e-19,,,2.821e-18,2.428e-18,1.852e-21,6.820e-18,,4.048e-25,2.244e-19,,,1.083e-21,3.263e-17,3.784e-2,1.121e-28,,4.891e-22,5.388e-18,9.458e-17,1.338e+0,,1.252e-2,2.575e-18,2.326e+0,,,,,3.938e-5,,,1.920e-13,,,,,,,,,,,
661.54,3.800e+0,6.287e-3,2.962e-15,1.055e-42,7.201e-18,,,1.444e-18,4.626e-20,,5.514e-16,6.275e-19,2.171e-29,8.939e-18,8.701e-20,1.006e-30,1.196e-19,,,2.820e-18,2.428e-18,1.615e-21,6.815e-18,,4.048e-25,2.243e-19,,,1.084e-21,3.265e-17,3.991e-2,1.121e-28,,4.893e-22,5.380e-18,9.460e-17,1.352e+0,,1.339e-2,2.576e-18,2.388e+0,,,,,3.256e-5,,,1.398e-13,,,,,,,,,,,
661.56,3.874e+0,6.023e-3,2.221e-15,1.057e-42,7.205e-18,,,1.443e-18,4.629e-20,,5.511e-16,6.277e-19,2.171e-29,8.939e-18,7.680e-20,1.007e-30,1.197e-19,,,2.819e-18,2.428e-18,1.405e-21,6.811e-18,,4.049e-25,2.242e-19,,,1.085e-21,3.267e-17,4.206e-2,1.121e-28,,4.894e-22,5.373e-18,9.462e-17,1.365e+0,,1.429e-2,2.577e-18,2.447e+0,,,,,2.688e-5,,,1.016e-13,,,,,,,,,,,
661.59,3.976e+0,5.633e-3,1.438e-15,1.060e-42,7.210e-18,,,1.443e-18,4.634e-20,,5.507e-16,6.281e-19,2.172e-29,8.939e-18,6.148e-20,1.010e-30,1.197e-19,,,2.817e-18,2.429e-18,1.137e-21,6.803e-18,,4.050e-25,2.240e-19,,,1.086e-21,3.271e-17,4.541e-2,1.121e-28,,4.897e-22,5.361e-18,9.464e-17,1.379e+0,,1.572e-2,2.580e-18,2.530e+0,,,,,2.009e-5,,,6.276e-14,,,,,,,,,,,
661.61,4.037e+0,5.379e-3,1.073e-15,1.062e-42,7.213e-18,,,1.443e-18,4.637e-20,,5.504e-16,6.283e-19,2.173e-29,8.939e-18,5.126e-20,1.012e-30,1.197e-19,,,2.816e-18,2.429e-18,9.857e-22,6.798e-18,,4.051e-25,2.239e-19,,,1.087e-21,3.273e-17,4.773e-2,1.121e-28,,4.898e-22,5.353e-18,9.466e-17,1.386e+0,,1.671e-2,2.581e-18,2.581e+0,,,,,1.651e-5,,,4.542e-14,,,,,,,,,,,
661.64,4.118e+0,5.006e-3,6.900e-16,1.064e-42,7.218e-18,,,1.443e-18,4.642e-20,,5.499e-16,6.286e-19,2.174e-29,8.938e-18,3.595e-20,1.015e-30,1.198e-19,,,2.814e-18,2.430e-18,7.926e-22,6.791e-18,,4.052e-25,2.238e-19,,,1.088e-21,3.276e-17,5.130e-2,1.121e-28,,4.901e-22,5.341e-18,9.469e-17,1.392e+0,,1.825e-2,2.583e-18,2.652e+0,,,,,1.226e-5,,,2.786e-14,,,,,,,,,,,
661.66,4.164e+0,4.764e-3,5.129e-16,1.066e-42,7.221e-18,,,1.443e-18,4.645e-20,,5.497e-16,6.288e-19,2.174e-29,8.938e-18,2.573e-20,1.017e-30,1.198e-19,,,2.813e-18,2.430e-18,6.838e-22,6.786e-18,,4.053e-25,2.237e-19,,,1.089e-21,3.278e-17,5.373e-2,1.121e-28,,4.902e-22,5.334e-18,9.471e-17,1.392e+0,,1.931e-2,2.584e-18,2.694e+0,,,,,1.003e-5,,,2.007e-14,,,,,,,,,,,
661.69,4.221e+0,4.411e-3,3.276e-16,1.069e-42,7.226e-18,,,1.443e-18,4.650e-20,,5.492e-16,6.292e-19,2.175e-29,8.938e-18,1.041e-20,1.019e-30,1.198e-19,,,2.812e-18,2.431e-18,5.463e-22,6.779e-18,,4.054e-25,2.235e-19,,,1.091e-21,3.282e-17,5.744e-2,1.121e-28,,4.905e-22,5.322e-18,9.473e-17,1.389e+0,,2.096e-2,2.586e-18,2.749e+0,,,,,7.400e-6,,,1.223e-14,,,,,,,,,,,
661.71,4.251e+0,4.182e-3,2.424e-16,1.071e-42,7.229e-18,,,1.443e-18,4.653e-20,,5.489e-16,6.294e-19,2.176e-29,8.938e-18,1.516e-20,1.021e-30,1.199e-19,,,2.811e-18,2.431e-18,4.692e-22,6.774e-18,,4.055e-25,2.234e-19,,,1.092e-21,3.284e-17,5.994e-2,1.121e-28,,4.907e-22,5.314e-18,9.475e-17,1.384e+0,,2.209e-2,2.588e-18,2.780e+0,,,,,6.028e-6,,,8.775e-15,,,,,,,,,,,
661.74,4.282e+0,3.852e-3,1.538e-16,1.074e-42,7.234e-18,,,1.443e-18,4.658e-20,,5.485e-16,6.297e-19,2.176e-29,8.938e-18,2.652e-20,1.024e-30,1.199e-19,,,2.809e-18,2.432e-18,3.724e-22,6.767e-18,,4.056e-25,2.232e-19,,,1.093e-21,3.287e-17,6.371e-2,1.121e-28,,4.909e-22,5.303e-18,9.478e-17,1.372e+0,,2.381e-2,2.590e-18,2.819e+0,,,,,4.417e-6,,,5.313e-15,,,,,,,,,,,
661.76,4.295e+0,3.639e-3,1.133e-16,1.075e-42,7.237e-18,,,1.443e-18,4.661e-20,,5.482e-16,6.300e-19,2.177e-29,8.938e-18,3.842e-20,1.026e-30,1.199e-19,,,2.808e-18,2.432e-18,3.185e-22,6.762e-18,,4.057e-25,3.251e-19,,,1.094e-21,3.289e-17,6.622e-2,1.121e-28,,4.911e-22,5.295e-18,9.480e-17,1.361e+0,,2.498e-2,2.591e-18,2.839e+0,,,,,3.583e-6,,,3.794e-15,,,,,,,,,,,
661.79,4.300e+0,3.332e-3,7.142e-17,1.078e-42,7.242e-18,,,1.443e-18,4.666e-20,,5.478e-16,6.303e-19,2.178e-29,8.937e-18,6.680e-20,1.029e-30,1.200e-19,,,2.806e-18,2.433e-18,2.511e-22,6.755e-18,,4.058e-25,5.696e-19,,,1.095e-21,3.293e-17,6.995e-2,1.121e-28,,4.913e-22,5.283e-18,9.482e-17,1.341e+0,,2.676e-2,2.593e-18,2.859e+0,,,,,2.608e-6,,,2.282e-15,,,,,,,,,,,
661.81,4.295e+0,3.137e-3,5.239e-17,1.080e-42,7.246e-18,,,1.443e-18,4.670e-20,,5.475e-16,6.305e-19,2.178e-29,8.937e-18,9.637e-20,1.031e-30,1.200e-19,,,2.805e-18,2.433e-18,2.138e-22,6.750e-18,,4.059e-25,8.260e-19,,,1.096e-21,3.295e-17,7.241e-2,1.121e-28,,4.915e-22,5.275e-18,9.484e-17,1.324e+0,,2.795e-2,2.594e-18,2.867e+0,,,,,2.106e-6,,,1.622e-15,,,,,,,,,,,
661.84,4.273e+0,2.856e-3,3.280e-17,1.083e-42,7.250e-18,,,1.443e-18,4.674e-20,,5.471e-16,6.309e-19,2.179e-29,8.937e-18,1.665e-19,1.033e-30,1.200e-19,,,2.803e-18,2.434e-18,1.674e-22,6.743e-18,,4.060e-25,1.438e-18,,,1.098e-21,3.298e-17,7.602e-2,1.122e-28,,4.917e-22,5.264e-18,9.487e-17,1.296e+0,,2.974e-2,2.596e-18,2.869e+0,,,,,1.523e-6,,,9.693e-16,,,,,,,,,,,
661.86,4.250e+0,2.677e-3,2.395e-17,1.085e-42,7.254e-18,,,1.443e-18,4.678e-20,,5.468e-16,6.311e-19,2.180e-29,8.937e-18,2.391e-19,1.035e-30,1.201e-19,,,2.802e-18,2.434e-18,1.419e-22,6.738e-18,,4.060e-25,2.076e-18,,,1.099e-21,3.300e-17,7.835e-2,1.122e-28,,4.919e-22,5.256e-18,9.489e-17,1.274e+0,,3.093e-2,2.598e-18,2.864e+0,,,,,1.225e-6,,,6.861e-16,,,,,,,,,,,
661.89,4.203e+0,2.423e-3,1.490e-17,1.088e-42,7.259e-18,,,1.443e-18,4.683e-20,,5.463e-16,6.314e-19,2.181e-29,8.937e-18,4.104e-19,1.038e-30,1.201e-19,,,2.801e-18,2.434e-18,1.104e-22,6.730e-18,,4.062e-25,3.590e-18,,,1.100e-21,3.304e-17,8.174e-2,1.122e-28,,4.921e-22,5.244e-18,9.491e-17,1.239e+0,,3.270e-2,2.600e-18,2.847e+0,,,,,8.798e-7,,,4.072e-16,,,,,,,,,,,
661.91,4.163e+0,2.263e-3,1.083e-17,1.089e-42,7.262e-18,,,1.443e-18,4.686e-20,,5.461e-16,6.317e-19,2.181e-29,8.937e-18,5.870e-19,1.040e-30,1.201e-19,,,2.800e-18,2.435e-18,9.321e-23,6.726e-18,,4.062e-25,5.161e-18,,,1.101e-21,3.306e-17,8.389e-2,1.122e-28,,4.923e-22,5.237e-18,9.493e-17,1.213e+0,,3.386e-2,2.601e-18,2.829e+0,,,,,7.042e-7,,,2.869e-16,,,,,,,,,,,
661.93,4.116e+0,2.110e-3,7.862e-18,1.091e-42,7.265e-18,,,1.443e-18,4.689e-20,,5.458e-16,6.319e-19,2.182e-29,8.937e-18,8.381e-19,1.042e-30,1.202e-19,,,2.799e-18,2.435e-18,7.854e-23,6.721e-18,,4.063e-25,7.407e-18,,,1.102e-21,3.308e-17,8.595e-2,1.122e-28,,4.925e-22,5.229e-18,9.495e-17,1.186e+0,,3.500e-2,2.602e-18,2.807e+0,,,,,5.626e-7,,,2.019e-16,,,,,,,,,,,
661.96,4.035e+0,1.894e-3,4.845e-18,1.094e-42,7.270e-18,,,1.443e-18,4.694e-20,,5.453e-16,6.322e-19,2.183e-29,8.936e-18,1.425e-18,1.045e-30,1.202e-19,,,2.797e-18,2.436e-18,6.054e-23,6.713e-18,,4.064e-25,1.269e-17,,,1.103e-21,3.311e-17,8.886e-2,1.122e-28,,4.927e-22,5.217e-18,9.498e-17,1.142e+0,,3.667e-2,2.604e-18,2.765e+0,,,,,4.005e-7,,,1.187e-16,,,,,,,,,,,
661.98,3.974e+0,1.759e-3,3.501e-18,1.096e-42,7.273e-18,,,1.443e-18,4.697e-20,,5.450e-16,6.325e-19,2.183e-29,8.936e-18,2.027e-18,1.046e-30,1.202e-19,,,2.796e-18,2.436e-18,5.079e-23,6.709e-18,,4.065e-25,1.814e-17,,,1.104e-21,3.314e-17,9.065e-2,1.122e-28,,4.929e-22,5.209e-18,9.499e-17,1.112e+0,,3.774e-2,2.606e-18,2.732e+0,,,,,3.186e-7,,,8.313e-17,,,,,,,,,,,
662.01,3.871e+0,1.569e-3,2.143e-18,1.099e-42,7.278e-18,,,1.442e-18,4.702e-20,,5.446e-16,6.328e-19,2.184e-29,8.936e-18,3.424e-18,1.049e-30,1.203e-19,,,2.794e-18,2.437e-18,3.889e-23,6.701e-18,,4.066e-25,3.089e-17,,,1.105e-21,3.317e-17,9.311e-2,1.122e-28,,4.931e-22,5.198e-18,9.502e-17,1.064e+0,,3.927e-2,2.608e-18,2.673e+0,,,,,2.253e-7,,,4.856e-17,,,,,,,,,,,
662.03,3.797e+0,1.451e-3,1.542e-18,1.101e-42,7.281e-18,,,1.442e-18,4.705e-20,,5.443e-16,6.330e-19,2.185e-29,8.936e-18,4.848e-18,1.051e-30,1.203e-19,,,2.793e-18,2.437e-18,3.248e-23,6.697e-18,,4.067e-25,4.395e-17,,,1.106e-21,3.319e-17,9.458e-2,1.122e-28,,4.933e-22,5.190e-18,9.504e-17,1.031e+0,,4.025e-2,2.609e-18,2.629e+0,,,,,1.784e-7,,,3.386e-17,,,,,,,,,,,
662.06,3.676e+0,1.286e-3,9.377e-19,1.103e-42,7.286e-18,,,1.442e-18,4.710e-20,,5.439e-16,6.334e-19,2.186e-29,8.936e-18,8.138e-18,1.054e-30,1.203e-19,,,2.791e-18,2.438e-18,2.471e-23,6.689e-18,,4.068e-25,7.435e-17,,,1.108e-21,3.322e-17,9.651e-2,1.122e-28,,4.935e-22,5.178e-18,9.507e-17,9.802e-1,,4.161e-2,2.611e-18,2.556e+0,,,,,1.254e-7,,,1.965e-17,,,,,,,,,,,
662.08,3.590e+0,1.184e-3,6.716e-19,1.105e-42,7.290e-18,,,1.442e-18,4.713e-20,,5.436e-16,6.336e-19,2.186e-29,8.936e-18,1.147e-17,1.056e-30,1.204e-19,,,2.790e-18,2.438e-18,2.055e-23,6.684e-18,,4.069e-25,1.053e-16,,,1.109e-21,3.325e-17,9.761e-2,1.122e-28,,4.937e-22,5.170e-18,9.508e-17,9.457e-1,,4.245e-2,2.612e-18,2.503e+0,,,,,9.884e-8,,,1.364e-17,,,,,,,,,,,
662.11,3.455e+0,1.043e-3,4.058e-19,1.108e-42,7.295e-18,,,1.442e-18,4.718e-20,,5.432e-16,6.339e-19,2.187e-29,8.935e-18,1.913e-17,1.058e-30,1.204e-19,,,2.789e-18,2.439e-18,1.553e-23,6.677e-18,,4.070e-25,1.771e-16,,,1.110e-21,3.328e-17,9.896e-2,1.122e-28,,4.940e-22,5.159e-18,9.511e-17,8.933e-1,,4.361e-2,2.614e-18,2.418e+0,,,,,6.898e-8,,,7.862e-18,,,,,,,,,,,
662.13,3.360e+0,9.568e-4,2.893e-19,1.110e-42,7.298e-18,,,1.442e-18,4.722e-20,,5.429e-16,6.342e-19,2.188e-29,8.935e-18,2.686e-17,1.060e-30,1.204e-19,,,2.788e-18,2.439e-18,1.286e-23,6.672e-18,,4.071e-25,2.498e-16,,,1.111e-21,3.330e-17,9.965e-2,1.122e-28,,4.941e-22,5.151e-18,9.513e-17,8.581e-1,,4.430e-2,2.616e-18,2.357e+0,,,,,5.416e-8,,,5.434e-18,,,,,,,,,,,
662.16,3.214e+0,8.376e-4,1.736e-19,1.113e-42,7.303e-18,,,1.442e-18,4.726e-20,,5.425e-16,6.345e-19,2.189e-29,8.935e-18,4.451e-17,1.063e-30,1.205e-19,,,2.786e-18,2.439e-18,9.655e-24,6.665e-18,,4.072e-25,4.171e-16,,,1.112e-21,3.333e-17,1.004e-1,1.122e-28,,4.944e-22,5.139e-18,9.516e-17,8.052e-1,,4.521e-2,2.618e-18,2.262e+0,,,,,3.755e-8,,,3.112e-18,,,,,,,,,,,
662.18,3.113e+0,7.649e-4,1.233e-19,1.114e-42,7.306e-18,,,1.442e-18,4.730e-20,,5.422e-16,6.347e-19,2.189e-29,8.935e-18,6.220e-17,1.065e-30,1.205e-19,,,2.785e-18,2.440e-18,7.958e-24,6.660e-18,,4.072e-25,5.859e-16,,,1.113e-21,3.336e-17,1.006e-1,1.122e-28,,4.945e-22,5.132e-18,9.517e-17,7.701e-1,,4.572e-2,2.619e-18,2.196e+0,,,,,2.935e-8,,,2.141e-18,,,,,,,,,,,
662.21,2.959e+0,6.653e-4,7.349e-20,1.117e-42,7.311e-18,,,1.442e-18,4.735e-20,,5.417e-16,6.351e-19,2.190e-29,8.935e-18,1.024e-16,1.068e-30,1.205e-19,,,2.783e-18,2.440e-18,5.936e-24,6.653e-18,,4.074e-25,9.722e-16,,,1.115e-21,3.339e-17,1.007e-1,1.122e-28,,4.948e-22,5.120e-18,9.520e-17,7.180e-1,,4.635e-2,2.621e-18,2.093e+0,,,,,2.021e-8,,,1.218e-18,,,,,,,,,,,
662.23,2.855e+0,6.050e-4,5.194e-20,1.119e-42,7.314e-18,,,1.442e-18,4.738e-20,,5.414e-16,6.353e-19,2.191e-29,8.935e-18,1.425e-16,1.070e-30,1.206e-19,,,2.782e-18,2.441e-18,4.872e-24,6.648e-18,,4.074e-25,1.360e-15,,,1.116e-21,3.341e-17,1.005e-1,1.122e-28,,4.949e-22,5.112e-18,9.522e-17,6.837e-1,,4.668e-2,2.623e-18,2.023e+0,,,,,1.573e-8,,,8.344e-19,,,,,,,,,,,
662.26,2.697e+0,5.229e-4,3.077e-20,1.122e-42,7.319e-18,,,1.442e-18,4.743e-20,,5.410e-16,6.356e-19,2.192e-29,8.934e-18,2.331e-16,1.072e-30,1.206e-19,,,2.780e-18,2.441e-18,3.610e-24,6.641e-18,,4.075e-25,2.241e-15,,,1.117e-21,3.344e-17,9.993e-2,1.122e-28,,4.952e-22,5.101e-18,9.525e-17,6.332e-1,,4.702e-2,2.625e-18,1.916e+0,,,,,1.076e-8,,,,,,,,,,,,,,
662.28,2.591e+0,4.734e-4,2.165e-20,1.124e-42,7.322e-18,,,1.442e-18,4.746e-20,,5.407e-16,6.359e-19,2.192e-29,8.934e-18,3.230e-16,1.074e-30,1.206e-19,,,2.779e-18,2.442e-18,2.949e-24,6.636e-18,,4.076e-25,3.121e-15,,,1.118e-21,3.347e-17,9.932e-2,1.122e-28,,4.954e-22,5.093e-18,9.526e-17,6.003e-1,,4.714e-2,2.626e-18,1.844e+0,,,,,8.338e-9,,,,,,,,,,,,,,
662.3,2.486e+0,4.279e-4,1.521e-20,1.126e-42,7.326e-18,,,1.442e-18,4.749e-20,,5.404e-16,6.361e-19,2.193e-29,8.934e-18,4.467e-16,1.076e-30,1.206e-19,,,2.778e-18,2.442e-18,2.406e-24,6.631e-18,,4.077e-25,4.339e-15,,,1.119e-21,3.349e-17,9.854e-2,1.122e-28,,4.955e-22,5.085e-18,9.528e-17,5.682e-1,,4.718e-2,2.627e-18,1.771e+0,,,,,6.448e-9,,,,,,,,,,,,,,
662.33,2.328e+0,3.665e-4,8.924e-21,1.128e-42,7.330e-18,,,1.442e-18,4.754e-20,,5.400e-16,6.364e-19,2.194e-29,8.934e-18,7.242e-16,1.079e-30,1.207e-19,,,2.777e-18,2.443e-18,1.766e-24,6.624e-18,,4.078e-25,7.088e-15,,,1.120e-21,3.352e-17,9.707e-2,1.122e-28,,4.958e-22,5.073e-18,9.531e-17,5.214e-1,,4.709e-2,2.629e-18,1.662e+0,,,,,4.371e-9,,,,,,,,,,,,,,
662.35,2.224e+0,3.299e-4,6.241e-21,1.130e-42,7.334e-18,,,1.442e-18,4.757e-20,,5.397e-16,6.366e-19,2.194e-29,8.934e-18,9.972e-16,1.081e-30,1.207e-19,,,2.776e-18,2.443e-18,1.434e-24,6.619e-18,,4.079e-25,9.811e-15,,,1.121e-21,3.354e-17,9.589e-2,1.123e-28,,4.959e-22,5.066e-18,9.533e-17,4.913e-1,,4.692e-2,2.631e-18,1.590e+0,,,,,3.366e-9,,,,,,,,,,,,,,
662.38,2.071e+0,2.807e-4,3.638e-21,1.133e-42,7.339e-18,,,1.442e-18,4.762e-20,,5.393e-16,6.370e-19,2.195e-29,8.934e-18,1.606e-15,1.084e-30,1.208e-19,,,2.774e-18,2.443e-18,1.046e-24,6.612e-18,,4.080e-25,1.593e-14,,,1.122e-21,3.358e-17,9.384e-2,1.123e-28,,4.962e-22,5.054e-18,9.535e-17,4.480e-1,,4.653e-2,2.633e-18,1.482e+0,,,,,2.267e-9,,,,,,,,,,,,,,
662.4,1.970e+0,2.516e-4,2.533e-21,1.135e-42,7.342e-18,,,1.442e-18,4.765e-20,,5.390e-16,6.372e-19,2.196e-29,8.934e-18,2.203e-15,1.085e-30,1.208e-19,,,2.773e-18,2.444e-18,8.458e-25,6.607e-18,,4.081e-25,2.195e-14,,,1.123e-21,3.360e-17,9.230e-2,1.123e-28,,4.963e-22,5.046e-18,9.537e-17,4.203e-1,,4.616e-2,2.634e-18,1.411e+0,,,,,1.738e-9,,,,,,,,,,,,,,
662.43,1.823e+0,2.127e-4,1.467e-21,1.138e-42,7.347e-18,,,1.441e-18,4.770e-20,,5.386e-16,6.376e-19,2.197e-29,8.933e-18,3.525e-15,1.088e-30,1.208e-19,,,2.771e-18,2.444e-18,6.128e-25,6.599e-18,,4.082e-25,3.540e-14,,,1.125e-21,3.363e-17,8.974e-2,1.123e-28,,4.966e-22,5.034e-18,9.540e-17,3.807e-1,,4.547e-2,2.636e-18,1.307e+0,,,,,1.163e-9,,,,,,,,,,,,,,
662.45,1.728e+0,1.898e-4,1.017e-21,1.139e-42,7.350e-18,,,1.441e-18,4.774e-20,,5.383e-16,6.378e-19,2.197e-29,8.933e-18,4.812e-15,1.090e-30,1.208e-19,,,2.770e-18,2.445e-18,4.933e-25,6.595e-18,,5.940e-25,4.857e-14,,,1.126e-21,3.365e-17,8.788e-2,1.123e-28,,4.968e-22,5.027e-18,9.542e-17,3.556e-1,,4.492e-2,2.637e-18,1.239e+0,,,,,8.874e-10,,,,,,,,,,,,,,
662.48,1.589e+0,1.594e-4,5.851e-22,1.142e-42,7.355e-18,,,1.441e-18,4.778e-20,,5.379e-16,6.381e-19,2.198e-29,8.933e-18,7.652e-15,1.093e-30,1.209e-19,,,2.768e-18,2.445e-18,3.551e-25,6.587e-18,,1.039e-24,7.783e-14,,,1.127e-21,3.369e-17,8.488e-2,1.123e-28,,4.970e-22,5.015e-18,9.544e-17,3.200e-1,,4.396e-2,2.639e-18,1.140e+0,,,,,5.898e-10,,,,,,,,,,,,,,
662.5,1.500e+0,1.416e-4,4.038e-22,1.144e-42,7.358e-18,,,1.441e-18,4.782e-20,,5.376e-16,6.383e-19,2.199e-29,8.933e-18,1.040e-14,1.095e-30,1.209e-19,,,2.767e-18,2.446e-18,2.846e-25,6.582e-18,,1.506e-24,1.063e-13,,,1.128e-21,3.371e-17,8.276e-2,1.123e-28,,4.972e-22,5.007e-18,9.546e-17,2.976e-1,,4.324e-2,2.641e-18,1.077e+0,,,,,4.482e-10,,,,,,,,,,,,,,
662.53,1.372e+0,1.182e-4,2.308e-22,1.147e-42,7.363e-18,,,1.441e-18,4.787e-20,,5.371e-16,6.387e-19,2.200e-29,8.933e-18,1.643e-14,1.097e-30,1.210e-19,,,2.766e-18,2.446e-18,2.035e-25,6.575e-18,,2.618e-24,1.693e-13,,,1.129e-21,3.374e-17,7.942e-2,1.123e-28,,4.974e-22,4.996e-18,9.549e-17,2.660e-1,,4.204e-2,2.643e-18,9.842e-1,,,,,2.959e-10,,,,,,,,,,,,,,
662.55,1.290e+0,1.046e-4,1.586e-22,1.149e-42,7.366e-18,,,1.441e-18,4.790e-20,,5.368e-16,6.389e-19,2.200e-29,8.933e-18,2.224e-14,1.099e-30,1.210e-19,,,2.765e-18,2.447e-18,1.624e-25,6.570e-18,,3.778e-24,2.303e-13,,,1.130e-21,3.376e-17,7.710e-2,1.123e-28,,4.976e-22,4.988e-18,9.551e-17,2.463e-1,,4.117e-2,2.644e-18,9.250e-1,,,,,2.239e-10,,,,,,,,,,,,,,
662.58,1.172e+0,8.671e-5,9.002e-23,1.152e-42,7.371e-18,,,1.441e-18,4.795e-20,,5.364e-16,6.393e-19,2.201e-29,8.932e-18,3.491e-14,1.102e-30,1.210e-19,,,2.763e-18,2.447e-18,1.154e-25,6.563e-18,,6.526e-24,3.643e-13,,,1.132e-21,3.380e-17,7.350e-2,1.123e-28,,4.978e-22,4.976e-18,9.553e-17,2.188e-1,,3.977e-2,2.646e-18,8.401e-1,,,,,1.469e-10,,,,,,,,,,,,,,
662.6,1.098e+0,7.636e-5,6.158e-23,1.153e-42,7.375e-18,,,1.441e-18,4.798e-20,,5.361e-16,6.395e-19,2.202e-29,8.932e-18,4.706e-14,1.104e-30,1.210e-19,,,2.762e-18,2.448e-18,9.164e-26,6.558e-18,,9.375e-24,4.935e-13,,,1.133e-21,3.382e-17,7.104e-2,1.123e-28,,4.980e-22,4.968e-18,9.555e-17,2.017e-1,,3.877e-2,2.647e-18,7.861e-1,,,,,1.106e-10,,,,,,,,,,,,,,
662.63,9.918e-1,6.291e-5,6.131e-23,1.156e-42,7.380e-18,,,1.441e-18,4.803e-20,,5.357e-16,6.398e-19,2.202e-29,8.932e-18,7.338e-14,1.107e-30,1.211e-19,,,2.760e-18,2.448e-18,6.468e-26,6.551e-18,,1.609e-23,7.756e-13,,,1.134e-21,3.385e-17,6.729e-2,1.123e-28,,4.982e-22,4.957e-18,9.558e-17,1.780e-1,,3.721e-2,2.649e-18,7.093e-1,,,,,7.208e-11,,,,,,,,,,,,,,
662.65,9.251e-1,5.516e-5,6.113e-23,1.158e-42,7.383e-18,,,1.441e-18,4.806e-20,,5.354e-16,6.400e-19,2.203e-29,8.932e-18,9.848e-14,1.109e-30,1.211e-19,,,2.759e-18,2.448e-18,5.116e-26,6.546e-18,,2.302e-23,1.046e-12,,,1.135e-21,3.387e-17,6.475e-2,1.123e-28,,4.984e-22,4.949e-18,9.560e-17,1.634e-1,,3.612e-2,2.651e-18,6.608e-1,,,,,5.405e-11,,,,,,,,,,,,,,
662.67,8.616e-1,4.828e-5,6.095e-23,1.160e-42,7.386e-18,,,1.441e-18,4.809e-20,,5.351e-16,6.403e-19,2.204e-29,8.932e-18,1.319e-13,1.110e-30,1.211e-19,,,2.758e-18,2.449e-18,4.039e-26,6.541e-18,,3.287e-23,1.409e-12,,,1.136e-21,3.390e-17,6.220e-2,1.123e-28,,4.986e-22,4.941e-18,9.561e-17,1.497e-1,,3.500e-2,2.652e-18,6.146e-1,,,,,4.047e-11,,,,,,,,,,,,,,
662.7,7.721e-1,3.941e-5,6.068e-23,1.163e-42,7.391e-18,,,1.441e-18,4.814e-20,,5.347e-16,6.406e-19,2.204e-29,8.932e-18,2.039e-13,1.113e-30,1.212e-19,,,2.756e-18,2.449e-18,2.824e-26,6.534e-18,,5.590e-23,2.194e-12,,,1.137e-21,3.393e-17,5.838e-2,1.123e-28,,4.988e-22,4.930e-18,9.564e-17,1.309e-1,,3.328e-2,2.654e-18,5.495e-1,,,,,2.613e-11,,,,,,,,,,,,,,
662.72,7.162e-1,3.435e-5,6.050e-23,1.165e-42,7.394e-18,,,1.441e-18,4.818e-20,,5.344e-16,6.408e-19,2.205e-29,8.931e-18,2.719e-13,1.115e-30,1.212e-19,,,2.755e-18,2.450e-18,2.220e-26,6.529e-18,,7.948e-23,2.941e-12,,,1.138e-21,3.395e-17,5.584e-2,1.123e-28,,4.990e-22,4.922e-18,9.566e-17,1.194e-1,,3.211e-2,2.655e-18,5.088e-1,,,,,1.947e-11,,,,,,,,,,,,,,
662.75,6.381e-1,2.786e-5,6.023e-23,1.167e-42,7.399e-18,,,1.441e-18,4.822e-20,,5.340e-16,6.412e-19,2.206e-29,8.931e-18,4.176e-13,1.118e-30,1.212e-19,,,2.754e-18,2.450e-18,1.542e-26,6.522e-18,,1.343e-22,4.550e-12,,,1.140e-21,3.398e-17,5.206e-2,1.123e-28,,4.992e-22,4.910e-18,9.569e-17,1.037e-1,,3.034e-2,2.657e-18,4.519e-1,,,,,1.249e-11,,,,,,,,,,,,,,
662.77,5.896e-1,2.417e-5,6.006e-23,1.169e-42,7.402e-18,,,1.441e-18,4.826e-20,,5.337e-16,6.414e-19,2.207e-29,8.931e-18,5.546e-13,1.120e-30,1.213e-19,,,2.753e-18,2.451e-18,1.207e-26,6.517e-18,,1.902e-22,6.074e-12,,,1.140e-21,3.401e-17,4.958e-2,1.123e-28,,4.994e-22,4.902e-18,9.570e-17,9.421e-2,,2.914e-2,2.659e-18,4.167e-1,,,,,9.267e-12,,,,,,,,,,,,,,
662.8,5.223e-1,1.948e-5,5.979e-23,1.172e-42,7.407e-18,,,1.441e-18,4.831e-20,,5.332e-16,6.417e-19,2.207e-29,8.931e-18,8.461e-13,1.122e-30,1.213e-19,,,2.751e-18,2.451e-18,8.330e-27,6.510e-18,,3.193e-22,9.339e-12,,,1.142e-21,3.404e-17,4.593e-2,1.123e-28,,4.996e-22,4.891e-18,9.573e-17,8.130e-2,,2.735e-2,2.661e-18,3.677e-1,,,,,5.905e-12,,,,,,,,,,,,,,
662.82,4.808e-1,1.683e-5,5.961e-23,1.174e-42,7.411e-18,,,1.441e-18,4.834e-20,,5.330e-16,6.420e-19,2.208e-29,8.931e-18,1.119e-12,1.124e-30,1.213e-19,,,2.750e-18,2.452e-18,6.491e-27,6.505e-18,,4.501e-22,1.241e-11,,,1.143e-21,3.406e-17,4.354e-2,1.123e-28,,4.998e-22,4.883e-18,9.575e-17,7.353e-2,,2.616e-2,2.662e-18,3.375e-1,,,,,4.362e-12,,,,,,,,,,,,,,
662.85,4.234e-1,1.347e-5,5.934e-23,1.177e-42,7.415e-18,,,1.440e-18,4.839e-20,,5.325e-16,6.423e-19,2.209e-29,8.931e-18,1.696e-12,1.127e-30,1.214e-19,,,2.748e-18,2.452e-18,4.450e-27,6.497e-18,,7.508e-22,1.896e-11,,,1.144e-21,3.409e-17,4.007e-2,1.123e-28,,5.001e-22,4.871e-18,9.578e-17,6.304e-2,,2.439e-2,2.664e-18,2.959e-1,,,,,2.761e-12,,,,,,,,,,,,,,
662.87,3.883e-1,1.159e-5,5.916e-23,1.178e-42,7.419e-18,,,1.440e-18,4.842e-20,,5.322e-16,6.425e-19,2.209e-29,8.930e-18,2.233e-12,1.129e-30,1.214e-19,,,2.747e-18,2.452e-18,3.452e-27,6.493e-18,,1.054e-21,2.509e-11,,,1.145e-21,3.412e-17,3.783e-2,1.124e-28,,5.002e-22,4.863e-18,9.579e-17,5.677e-2,,2.323e-2,2.666e-18,2.704e-1,,,,,2.031e-12,,,,,,,,,,,,,,
662.9,3.400e-1,9.212e-6,5.889e-23,1.181e-42,7.424e-18,,,1.440e-18,4.847e-20,,5.318e-16,6.429e-19,2.210e-29,8.930e-18,3.363e-12,1.132e-30,1.214e-19,,,2.745e-18,2.453e-18,2.351e-27,6.485e-18,,1.747e-21,3.808e-11,,,1.146e-21,3.415e-17,3.459e-2,1.124e-28,,5.005e-22,4.852e-18,9.582e-17,4.836e-2,,2.152e-2,2.668e-18,2.355e-1,,,,,1.277e-12,,,,,,,,,,,,,,
662.92,3.106e-1,7.890e-6,5.871e-23,1.183e-42,7.427e-18,,,1.440e-18,4.850e-20,,5.315e-16,6.431e-19,2.211e-29,8.930e-18,4.409e-12,1.134e-30,1.215e-19,,,2.744e-18,2.453e-18,1.816e-27,6.480e-18,,2.441e-21,5.018e-11,,,1.147e-21,3.417e-17,3.251e-2,1.124e-28,,5.006e-22,4.844e-18,9.584e-17,4.337e-2,,2.040e-2,2.669e-18,2.143e-1,,,,,9.352e-13,,,,,,,,,,,,,,
662.95,2.704e-1,6.233e-6,5.844e-23,1.186e-42,7.432e-18,,,1.440e-18,4.855e-20,,5.311e-16,6.434e-19,2.212e-29,8.930e-18,6.597e-12,1.136e-30,1.215e-19,,,2.743e-18,2.454e-18,1.229e-27,6.473e-18,,4.020e-21,7.566e-11,,,1.149e-21,3.420e-17,2.953e-2,1.124e-28,,5.009e-22,4.832e-18,9.586e-17,3.672e-2,,1.878e-2,2.671e-18,1.854e-1,,,,,5.842e-13,,,,,,,,,,,,,,
662.97,2.461e-1,5.315e-6,5.826e-23,1.188e-42,7.435e-18,,,1.440e-18,4.858e-20,,5.308e-16,6.437e-19,2.212e-29,8.930e-18,8.612e-12,1.138e-30,1.215e-19,,,2.742e-18,2.454e-18,9.450e-28,6.468e-18,,5.595e-21,9.927e-11,,,1.150e-21,3.423e-17,2.763e-2,1.124e-28,,5.010e-22,4.825e-18,9.588e-17,3.279e-2,,1.773e-2,2.672e-18,1.680e-1,,,,,4.259e-13,,,,,,,,,,,,,,
663,2.131e-1,4.171e-6,5.799e-23,1.191e-42,7.440e-18,,,1.440e-18,4.863e-20,,5.304e-16,6.440e-19,2.213e-29,8.930e-18,1.280e-11,1.141e-30,1.216e-19,,,2.740e-18,2.455e-18,6.352e-28,6.461e-18,,9.154e-21,1.487e-10,,,1.151e-21,3.426e-17,2.493e-2,1.124e-28,,5.013e-22,4.813e-18,9.591e-17,2.760e-2,,1.621e-2,2.674e-18,1.444e-1,,,,,2.643e-13,,,,,,,,,,,,,,
663.02,1.933e-1,3.541e-6,5.781e-23,1.192e-42,7.443e-18,,,1.440e-18,4.866e-20,,5.301e-16,6.442e-19,2.214e-29,8.930e-18,1.664e-11,1.143e-30,1.216e-19,,,2.739e-18,2.455e-18,4.863e-28,6.456e-18,,1.268e-20,1.943e-10,,,1.152e-21,3.428e-17,2.323e-2,1.124e-28,,5.015e-22,4.805e-18,9.593e-17,2.455e-2,,1.523e-2,2.676e-18,1.303e-1,,,,,1.919e-13,,,,,,,,,,,,,,
663.04,1.750e-1,3.001e-6,5.763e-23,1.194e-42,7.447e-18,,,1.440e-18,4.870e-20,,5.298e-16,6.445e-19,2.214e-29,8.929e-18,2.159e-11,1.145e-30,1.216e-19,,,2.738e-18,2.456e-18,3.717e-28,6.451e-18,,1.755e-20,2.534e-10,,,1.153e-21,3.430e-17,2.161e-2,1.124e-28,,5.016e-22,4.797e-18,9.595e-17,2.182e-2,,1.429e-2,2.677e-18,1.173e-1,,,,,1.390e-13,,,,,,,,,,,,,,
663.07,1.504e-1,2.334e-6,5.736e-23,1.197e-42,7.451e-18,,,1.440e-18,4.874e-20,,5.294e-16,6.448e-19,2.215e-29,8.929e-18,3.181e-11,1.148e-30,1.217e-19,,,2.736e-18,2.456e-18,2.475e-28,6.444e-18,,2.845e-20,3.762e-10,,,1.154e-21,3.433e-17,1.932e-2,1.124e-28,,5.019e-22,4.786e-18,9.597e-17,1.823e-2,,1.295e-2,2.679e-18,9.990e-2,,,,,8.549e-14,,,,,,,,,,,,,,
663.09,1.357e-1,1.970e-6,5.718e-23,1.199e-42,7.455e-18,,,1.440e-18,4.878e-20,,5.291e-16,6.450e-19,2.216e-29,8.929e-18,4.110e-11,1.149e-30,1.217e-19,,,2.735e-18,2.457e-18,1.884e-28,6.439e-18,,3.918e-20,4.885e-10,,,1.155e-21,3.436e-17,1.789e-2,1.124e-28,,5.020e-22,4.778e-18,9.599e-17,1.616e-2,,1.210e-2,2.680e-18,8.957e-2,,,,,6.167e-14,,,,,,,,,,,,,,
663.12,1.160e-1,1.522e-6,5.691e-23,1.202e-42,7.460e-18,,,1.440e-18,4.883e-20,,5.286e-16,6.454e-19,2.217e-29,8.929e-18,6.016e-11,1.152e-30,1.217e-19,,,2.733e-18,2.457e-18,1.246e-28,6.432e-18,,6.313e-20,7.206e-10,,,1.157e-21,3.439e-17,1.590e-2,1.124e-28,,5.023e-22,4.766e-18,9.602e-17,1.347e-2,,1.089e-2,2.682e-18,7.579e-2,,,,,3.767e-14,,,,,,,,,,,,,,
663.14,1.044e-1,1.278e-6,5.673e-23,1.204e-42,7.463e-18,,,1.440e-18,4.886e-20,,5.284e-16,6.456e-19,2.217e-29,8.929e-18,7.740e-11,1.154e-30,1.218e-19,,,2.732e-18,2.457e-18,9.442e-29,6.427e-18,,8.657e-20,9.317e-10,,,1.158e-21,3.441e-17,1.466e-2,1.124e-28,,5.024e-22,4.759e-18,9.604e-17,1.193e-2,,1.013e-2,2.684e-18,6.765e-2,,,,,2.706e-14,,,,,,,,,,,,,,
663.17,8.881e-2,9.812e-7,5.646e-23,1.206e-42,7.468e-18,,,1.440e-18,4.891e-20,,5.279e-16,6.459e-19,2.218e-29,8.929e-18,1.126e-10,1.157e-30,1.218e-19,,,2.731e-18,2.458e-18,6.206e-29,6.420e-18,,1.386e-19,1.365e-9,,,1.159e-21,3.444e-17,1.293e-2,1.124e-28,,5.027e-22,4.747e-18,9.606e-17,9.951e-3,,9.057e-3,2.686e-18,5.687e-2,,,,,1.642e-14,,,,,,,,,,,,,,
663.19,7.965e-2,8.207e-7,5.629e-23,1.208e-42,7.471e-18,,,1.440e-18,4.894e-20,,5.276e-16,6.461e-19,2.219e-29,8.928e-18,1.442e-10,1.159e-30,1.218e-19,,,2.730e-18,2.458e-18,4.681e-29,6.415e-18,,1.892e-19,1.758e-9,,,1.160e-21,3.447e-17,1.187e-2,1.124e-28,,5.029e-22,4.739e-18,9.608e-17,8.837e-3,,8.387e-3,2.687e-18,5.055e-2,,,,,1.174e-14,,,,,,,,,,,,,,
663.22,6.751e-2,6.258e-7,5.602e-23,1.211e-42,7.476e-18,,,1.440e-18,4.899e-20,,5.272e-16,6.465e-19,2.220e-29,8.928e-18,2.083e-10,1.161e-30,1.219e-19,,,2.728e-18,2.459e-18,3.057e-29,6.408e-18,,3.010e-19,2.560e-9,,,1.161e-21,3.450e-17,1.041e-2,1.124e-28,,5.031e-22,4.727e-18,9.611e-17,7.438e-3,,7.451e-3,2.689e-18,4.221e-2,,,,,7.077e-15,,,,,,,,,,,,,,
663.24,6.041e-2,5.212e-7,5.584e-23,1.213e-42,7.479e-18,,,1.440e-18,4.902e-20,,5.269e-16,6.467e-19,2.220e-29,8.928e-18,2.657e-10,1.163e-30,1.219e-19,,,2.727e-18,2.459e-18,2.295e-29,6.403e-18,,4.092e-19,3.281e-9,,,1.162e-21,3.452e-17,9.517e-3,1.124e-28,,5.033e-22,4.720e-18,9.613e-17,6.670e-3,,6.870e-3,2.690e-18,3.735e-2,,,,,5.039e-15,,,,,,,,,,,,,,
663.27,5.109e-2,3.948e-7,5.557e-23,1.216e-42,7.484e-18,,,1.440e-18,4.907e-20,,5.265e-16,6.471e-19,2.221e-29,8.928e-18,3.815e-10,1.166e-30,1.219e-19,,,2.725e-18,2.460e-18,1.489e-29,6.395e-18,,6.466e-19,4.747e-9,,,1.164e-21,3.455e-17,8.289e-3,1.124e-28,,5.035e-22,4.708e-18,9.615e-17,5.741e-3,,6.063e-3,2.692e-18,3.099e-2,,,,,3.017e-15,,,,,,,,,,,,,,
663.29,4.567e-2,3.274e-7,5.539e-23,1.217e-42,7.487e-18,,,1.439e-18,4.910e-20,,5.262e-16,6.473e-19,2.222e-29,8.928e-18,4.844e-10,1.168e-30,1.220e-19,,,2.724e-18,2.460e-18,1.113e-29,6.391e-18,,8.754e-19,6.059e-9,,,1.164e-21,3.458e-17,7.544e-3,1.124e-28,,5.037e-22,4.700e-18,9.617e-17,5.258e-3,,5.567e-3,2.694e-18,2.731e-2,,,,,2.139e-15,,,,,,,,,,,,,,
663.32,3.864e-2,2.464e-7,5.512e-23,1.220e-42,7.492e-18,,,1.439e-18,4.915e-20,,5.258e-16,6.476e-19,2.223e-29,8.928e-18,6.910e-10,1.171e-30,1.220e-19,,,2.722e-18,2.461e-18,7.174e-30,6.383e-18,,1.374e-18,8.709e-9,,,1.166e-21,3.461e-17,6.528e-3,1.124e-28,,5.039e-22,4.689e-18,9.620e-17,4.722e-3,,4.881e-3,2.696e-18,2.251e-2,,,,,1.272e-15,,,,,,,,,,,,,,
663.34,3.460e-2,2.034e-7,5.494e-23,1.222e-42,7.496e-18,,,1.439e-18,4.918e-20,,5.255e-16,6.478e-19,2.223e-29,8.927e-18,8.737e-10,1.173e-30,1.220e-19,,,2.721e-18,2.461e-18,5.341e-30,6.378e-18,,1.853e-18,1.107e-8,,,1.167e-21,3.463e-17,5.915e-3,1.124e-28,,5.041e-22,4.681e-18,9.621e-17,4.483e-3,,4.461e-3,2.697e-18,1.974e-2,,,,,8.980e-16,,,,,,,,,,,,,,
663.37,2.943e-2,1.521e-7,5.467e-23,1.225e-42,7.500e-18,,,1.439e-18,4.923e-20,,5.250e-16,6.482e-19,2.224e-29,8.927e-18,1.238e-9,1.175e-30,1.221e-19,,,2.720e-18,2.462e-18,3.419e-30,6.371e-18,,2.890e-18,1.581e-8,,,1.168e-21,3.466e-17,5.085e-3,1.124e-28,,5.043e-22,4.669e-18,9.624e-17,4.294e-3,,3.886e-3,2.699e-18,1.617e-2,,,,,5.307e-16,,,,,,,,,,,,,,
663.39,2.652e-2,1.250e-7,5.449e-23,1.227e-42,7.504e-18,,,1.439e-18,4.926e-20,,5.248e-16,6.484e-19,2.225e-29,8.927e-18,1.559e-9,1.177e-30,1.221e-19,,,2.719e-18,2.462e-18,2.534e-30,6.366e-18,,3.879e-18,2.000e-8,,,1.169e-21,3.469e-17,4.588e-3,1.125e-28,,5.045e-22,4.661e-18,9.626e-17,4.278e-3,,3.537e-3,2.700e-18,1.412e-2,,,,,3.729e-16,,,,,,,,,,,,,,
663.42,2.288e-2,9.284e-8,5.422e-23,1.230e-42,7.509e-18,,,1.439e-18,4.931e-20,,5.243e-16,6.488e-19,2.226e-29,8.927e-18,2.195e-9,1.180e-30,1.221e-19,,,2.717e-18,2.463e-18,1.612e-30,6.359e-18,,6.012e-18,2.838e-8,,,1.170e-21,3.472e-17,3.918e-3,1.125e-28,,5.047e-22,4.650e-18,9.629e-17,4.418e-3,,3.061e-3,2.702e-18,1.149e-2,,,,,2.189e-16,,,,,,,,,,,,,,
663.44,2.090e-2,7.597e-8,5.404e-23,1.231e-42,7.512e-18,,,1.439e-18,4.935e-20,,5.240e-16,6.490e-19,2.226e-29,8.927e-18,2.752e-9,1.182e-30,1.222e-19,,,2.716e-18,2.463e-18,1.189e-30,6.354e-18,,8.034e-18,3.576e-8,,,1.171e-21,3.474e-17,3.520e-3,1.125e-28,,5.049e-22,4.642e-18,9.630e-17,4.621e-3,,2.774e-3,2.704e-18,9.989e-3,,,,,1.532e-16,,,,,,,,,,,,,,
663.46,1.925e-2,6.207e-8,5.386e-23,1.233e-42,7.515e-18,,,1.439e-18,4.938e-20,,5.237e-16,6.492e-19,2.227e-29,8.927e-18,3.444e-9,1.184e-30,1.222e-19,,,2.715e-18,2.463e-18,8.760e-31,6.349e-18,,1.072e-17,4.497e-8,,,1.172e-21,3.476e-17,3.156e-3,1.125e-28,,5.051e-22,4.634e-18,9.632e-17,4.914e-3,,2.509e-3,2.705e-18,8.671e-3,,,,,1.070e-16,,,,,,,,,,,,,,
663.49,1.735e-2,4.568e-8,5.359e-23,1.236e-42,7.520e-18,,,1.439e-18,4.943e-20,,5.233e-16,6.495e-19,2.228e-29,8.927e-18,4.806e-9,1.187e-30,1.222e-19,,,2.713e-18,2.464e-18,5.520e-31,6.342e-18,,1.646e-17,6.324e-8,,,1.174e-21,3.480e-17,2.671e-3,1.125e-28,,5.053e-22,4.623e-18,9.635e-17,5.533e-3,,2.151e-3,2.707e-18,6.990e-3,,,,,6.221e-17,,,,,,,,,,,,,,
663.51,1.643e-2,3.715e-8,5.341e-23,1.238e-42,7.523e-18,,,1.439e-18,4.946e-20,,5.230e-16,6.498e-19,2.228e-29,8.926e-18,5.989e-9,1.188e-30,1.223e-19,,,2.712e-18,2.464e-18,4.048e-31,6.337e-18,,2.187e-17,7.920e-8,,,1.175e-21,3.482e-17,2.385e-3,1.125e-28,,5.055e-22,4.615e-18,9.637e-17,6.071e-3,,1.938e-3,2.709e-18,6.041e-3,,,,,4.326e-17,,,,,,,,,,,,,,
663.54,1.558e-2,2.716e-8,5.314e-23,1.241e-42,7.528e-18,,,1.439e-18,4.951e-20,,5.226e-16,6.501e-19,2.229e-29,8.926e-18,8.303e-9,1.191e-30,1.223e-19,,,2.710e-18,2.465e-18,2.534e-31,6.330e-18,,3.338e-17,1.106e-7,,,1.176e-21,3.485e-17,2.005e-3,1.125e-28,,5.057e-22,4.603e-18,9.639e-17,7.081e-3,,1.651e-3,2.711e-18,4.838e-3,,,,,2.500e-17,,,,,,,,,,,,,,
663.56,1.533e-2,2.200e-8,5.296e-23,1.243e-42,7.531e-18,,,1.439e-18,4.954e-20,,5.223e-16,6.503e-19,2.230e-29,8.926e-18,1.030e-8,1.193e-30,1.223e-19,,,2.709e-18,2.465e-18,1.850e-31,6.325e-18,,4.415e-17,1.380e-7,,,1.177e-21,3.487e-17,1.782e-3,1.125e-28,,5.059e-22,4.595e-18,9.641e-17,7.902e-3,,1.480e-3,2.712e-18,4.163e-3,,,,,1.730e-17,,,,,,,,,,,,,,
663.59,1.543e-2,1.598e-8,5.269e-23,1.245e-42,7.536e-18,,,1.439e-18,4.959e-20,,5.219e-16,6.507e-19,2.230e-29,8.926e-18,1.419e-8,1.196e-30,1.224e-19,,,2.708e-18,2.466e-18,1.151e-31,6.318e-18,,6.694e-17,1.915e-7,,,1.178e-21,3.491e-17,1.489e-3,1.125e-28,,5.062e-22,4.584e-18,9.644e-17,9.378e-3,,1.253e-3,2.714e-18,3.312e-3,,,,,9.932e-18,,,,,,,,,,,,,,
663.61,1.581e-2,1.288e-8,5.252e-23,1.247e-42,7.540e-18,,,1.439e-18,4.962e-20,,5.216e-16,6.509e-19,2.231e-29,8.926e-18,1.753e-8,1.198e-30,1.224e-19,,,2.707e-18,2.466e-18,8.366e-32,6.313e-18,,8.816e-17,2.378e-7,,,1.179e-21,3.493e-17,1.318e-3,1.125e-28,,5.063e-22,4.576e-18,9.646e-17,1.054e-2,,1.119e-3,2.715e-18,2.838e-3,,,,,6.845e-18,,,,,,,,,,,,,,
663.64,1.686e-2,9.297e-9,5.225e-23,1.250e-42,7.545e-18,,,1.439e-18,4.967e-20,,5.212e-16,6.512e-19,2.232e-29,8.926e-18,2.399e-8,1.200e-30,1.224e-19,,,2.705e-18,2.467e-18,5.168e-32,6.306e-18,,1.328e-16,3.279e-7,,,1.181e-21,3.496e-17,1.093e-3,1.125e-28,,5.066e-22,4.564e-18,9.648e-17,1.258e-2,,9.406e-4,2.717e-18,2.243e-3,,,,,3.904e-18,,,,,,,,,,,,,,
663.66,1.787e-2,7.463e-9,5.207e-23,1.252e-42,7.548e-18,,,1.439e-18,4.970e-20,,5.209e-16,6.515e-19,2.233e-29,8.925e-18,2.952e-8,1.202e-30,1.225e-19,,,2.704e-18,2.467e-18,3.741e-32,6.301e-18,,1.742e-16,4.054e-7,,,1.182e-21,3.498e-17,9.634e-4,1.125e-28,,5.067e-22,4.556e-18,9.650e-17,1.416e-2,,8.361e-4,2.719e-18,1.913e-3,,,,,2.679e-18,,,,,,,,,,,,,,
663.69,1.989e-2,5.350e-9,5.180e-23,1.255e-42,7.553e-18,,,1.439e-18,4.975e-20,,5.204e-16,6.518e-19,2.233e-29,8.925e-18,4.014e-8,1.205e-30,1.225e-19,,,2.702e-18,2.468e-18,2.296e-32,6.294e-18,,2.607e-16,5.555e-7,,,1.183e-21,3.502e-17,7.943e-4,1.125e-28,,5.070e-22,4.545e-18,9.653e-17,1.690e-2,,6.986e-4,2.721e-18,1.503e-3,,,,,2.720e-18,,,,,,,,,,,,,,
663.71,2.158e-2,4.276e-9,5.162e-23,1.256e-42,7.556e-18,,,1.439e-18,4.978e-20,,5.201e-16,6.520e-19,2.234e-29,8.925e-18,4.916e-8,1.207e-30,1.225e-19,,,2.701e-18,2.468e-18,1.654e-32,6.289e-18,,3.404e-16,6.838e-7,,,1.184e-21,3.504e-17,6.969e-4,1.125e-28,,5.071e-22,4.537e-18,9.655e-17,1.899e-2,,6.184e-4,2.722e-18,1.276e-3,,,,,2.748e-18,,,,,,,,,,,,,,
663.74,2.466e-2,3.045e-9,5.135e-23,1.259e-42,7.561e-18,,,1.438e-18,4.983e-20,,5.197e-16,6.524e-19,2.235e-29,8.925e-18,6.642e-8,1.210e-30,1.226e-19,,,2.699e-18,2.468e-18,1.009e-32,6.281e-18,,5.062e-16,9.309e-7,,,1.185e-21,3.507e-17,5.708e-4,1.125e-28,,5.074e-22,4.525e-18,9.657e-17,2.258e-2,,5.134e-4,2.724e-18,9.955e-4,,,,,2.789e-18,,,,,,,,,,,,,,
663.76,2.710e-2,2.424e-9,5.117e-23,1.261e-42,7.564e-18,,,1.438e-18,4.987e-20,,5.194e-16,6.526e-19,2.235e-29,8.925e-18,8.100e-8,1.212e-30,1.226e-19,,,2.698e-18,2.469e-18,7.237e-33,6.277e-18,,6.581e-16,1.141e-6,,,1.186e-21,3.509e-17,4.986e-4,1.125e-28,,5.076e-22,4.518e-18,9.659e-17,2.530e-2,,4.525e-4,2.725e-18,8.418e-4,,,,,2.817e-18,,,,,,,,,,,,,,
663.79,3.137e-2,1.715e-9,5.090e-23,1.264e-42,7.569e-18,,,1.438e-18,4.992e-20,,5.190e-16,6.529e-19,2.236e-29,8.925e-18,1.087e-7,1.214e-30,1.226e-19,,,2.697e-18,2.469e-18,4.384e-33,6.269e-18,,9.725e-16,1.543e-6,,,1.188e-21,3.513e-17,4.057e-4,1.125e-28,,5.078e-22,4.506e-18,9.662e-17,2.993e-2,,3.734e-4,2.727e-18,6.525e-4,,,,,2.858e-18,,,,,,,,,,,,,,
663.81,3.465e-2,1.359e-9,5.072e-23,1.266e-42,7.572e-18,,,1.438e-18,4.995e-20,,5.187e-16,6.532e-19,2.237e-29,8.924e-18,1.320e-7,1.216e-30,1.227e-19,,,2.696e-18,2.470e-18,3.131e-33,6.264e-18,,1.259e-15,1.883e-6,,,1.188e-21,3.515e-17,3.528e-4,1.125e-28,,5.080e-22,4.498e-18,9.664e-17,3.342e-2,,3.279e-4,2.729e-18,5.493e-4,,,,,2.886e-18,,,,,,,,,,,,,,
663.83,3.831e-2,1.075e-9,5.054e-23,1.268e-42,7.576e-18,,,1.438e-18,4.998e-20,,5.184e-16,6.534e-19,2.238e-29,8.924e-18,1.601e-7,1.218e-30,1.227e-19,,,2.694e-18,2.470e-18,2.233e-33,6.260e-18,,1.627e-15,2.295e-6,,,1.189e-21,3.517e-17,3.063e-4,1.125e-28,,5.081e-22,4.490e-18,9.665e-17,3.725e-2,,2.875e-4,2.730e-18,4.617e-4,,,,,2.914e-18,,,,,,,,,,,,,,
663.86,4.455e-2,7.539e-10,5.027e-23,1.270e-42,7.580e-18,,,1.438e-18,5.003e-20,,5.180e-16,6.537e-19,2.238e-29,8.924e-18,2.129e-7,1.221e-30,1.227e-19,,,2.693e-18,2.471e-18,1.340e-33,6.252e-18,,2.382e-15,3.076e-6,,,1.191e-21,3.520e-17,2.470e-4,1.125e-28,,5.084e-22,4.479e-18,9.668e-17,4.371e-2,,2.354e-4,2.732e-18,3.546e-4,,,,,2.955e-18,,,,,,,,,,,,,,
663.88,4.924e-2,5.940e-10,5.009e-23,1.272e-42,7.584e-18,,,1.438e-18,5.006e-20,,5.177e-16,6.540e-19,2.239e-29,8.924e-18,2.570e-7,1.223e-30,1.228e-19,,,2.692e-18,2.471e-18,9.513e-34,6.247e-18,,3.066e-15,3.731e-6,,,1.192e-21,3.523e-17,2.135e-4,1.125e-28,,5.085e-22,4.471e-18,9.670e-17,4.852e-2,,2.058e-4,2.733e-18,2.967e-4,,,,,2.983e-18,,,,,,,,,,,,,,
663.91,5.715e-2,4.144e-10,4.982e-23,1.275e-42,7.589e-18,,,1.438e-18,5.011e-20,,5.173e-16,6.543e-19,2.240e-29,8.924e-18,3.398e-7,1.225e-30,1.228e-19,,,2.690e-18,2.472e-18,5.672e-34,6.240e-18,,4.460e-15,4.969e-6,,,1.193e-21,3.526e-17,1.710e-4,1.126e-28,,5.088e-22,4.459e-18,9.673e-17,5.658e-2,,1.680e-4,2.735e-18,2.264e-4,,,,,3.024e-18,,,,,,,,,,,,,,
663.93,6.304e-2,3.256e-10,4.964e-23,1.277e-42,7.592e-18,,,1.438e-18,5.014e-20,,5.170e-16,6.545e-19,2.240e-29,8.924e-18,4.083e-7,1.227e-30,1.228e-19,,,2.689e-18,2.472e-18,4.009e-34,6.235e-18,,5.715e-15,6.002e-6,,,1.194e-21,3.528e-17,1.472e-4,1.126e-28,,5.090e-22,4.452e-18,9.674e-17,6.255e-2,,1.467e-4,2.737e-18,1.886e-4,,,,,3.052e-18,,,,,,,,,,,,,,
663.96,7.286e-2,2.267e-10,4.937e-23,1.280e-42,7.597e-18,,,1.438e-18,5.019e-20,,5.165e-16,6.549e-19,2.241e-29,8.924e-18,5.363e-7,1.230e-30,1.229e-19,,,2.687e-18,2.473e-18,2.375e-34,6.228e-18,,8.261e-15,7.941e-6,,,1.195e-21,3.531e-17,1.171e-4,1.126e-28,,5.092e-22,4.440e-18,9.677e-17,7.247e-2,,1.198e-4,2.739e-18,1.429e-4,,,,,3.093e-18,,,,,,,,,,,,,,
663.98,8.011e-2,1.784e-10,4.919e-23,1.282e-42,7.600e-18,,,1.438e-18,5.022e-20,,5.163e-16,6.551e-19,2.242e-29,8.923e-18,6.418e-7,1.232e-30,1.229e-19,,,2.686e-18,2.473e-18,1.671e-34,6.223e-18,,1.054e-14,9.551e-6,,,1.196e-21,3.534e-17,1.004e-4,1.126e-28,,5.094e-22,4.432e-18,9.679e-17,7.978e-2,,1.049e-4,2.740e-18,1.186e-4,,,,,3.121e-18,,,,,,,,,,,,,,
664.01,9.211e-2,1.255e-10,4.892e-23,1.284e-42,7.605e-18,,,1.438e-18,5.027e-20,,5.158e-16,6.554e-19,2.243e-29,8.923e-18,8.374e-7,1.235e-30,1.229e-19,,,2.685e-18,2.473e-18,9.833e-35,6.216e-18,,1.514e-14,1.256e-5,,,1.198e-21,3.537e-17,7.937e-5,1.126e-28,,5.096e-22,4.420e-18,9.682e-17,9.185e-2,,8.648e-5,2.742e-18,8.929e-5,,,,,3.162e-18,,,,,,,,,,,,,,
664.03,1.009e-1,1.003e-10,4.875e-23,1.286e-42,7.608e-18,,,1.438e-18,5.031e-20,,5.155e-16,6.557e-19,2.243e-29,8.923e-18,9.979e-7,1.237e-30,1.230e-19,,,2.684e-18,2.474e-18,6.889e-35,6.211e-18,,1.923e-14,1.504e-5,,,1.199e-21,3.539e-17,6.771e-5,1.126e-28,,5.098e-22,4.413e-18,9.683e-17,1.007e-1,,7.655e-5,2.743e-18,7.374e-5,,,,,3.190e-18,,,,,,,,,,,,,,
664.06,1.154e-1,7.408e-11,4.848e-23,1.289e-42,7.613e-18,,,1.438e-18,5.035e-20,,5.151e-16,6.560e-19,2.244e-29,8.923e-18,1.294e-6,1.239e-30,1.230e-19,,,2.682e-18,2.474e-18,4.027e-35,6.204e-18,,2.744e-14,1.964e-5,,,1.200e-21,3.542e-17,5.319e-5,1.126e-28,,5.100e-22,4.401e-18,9.686e-17,1.152e-1,,6.477e-5,2.746e-18,5.517e-5,,,,,3.232e-18,,,,,,,,,,,,,,
664.08,1.259e-1,6.279e-11,4.830e-23,1.291e-42,7.616e-18,,,1.438e-18,5.039e-20,,5.148e-16,6.562e-19,2.245e-29,8.923e-18,1.535e-6,1.241e-30,1.230e-19,,,2.681e-18,2.475e-18,2.809e-35,6.199e-18,,3.470e-14,2.342e-5,,,1.201e-21,3.545e-17,4.518e-5,1.126e-28,,5.102e-22,4.393e-18,9.688e-17,1.257e-1,,5.881e-5,2.747e-18,4.537e-5,,,,,3.259e-18,,,,,,,,,,,,,,
664.11,1.430e-1,5.345e-11,4.803e-23,1.294e-42,7.621e-18,,,1.438e-18,5.044e-20,,5.144e-16,6.566e-19,2.246e-29,8.923e-18,1.977e-6,1.244e-30,1.231e-19,,,2.679e-18,2.475e-18,1.631e-35,6.192e-18,,4.920e-14,3.039e-5,,,1.202e-21,3.548e-17,3.526e-5,1.126e-28,,5.104e-22,4.382e-18,9.691e-17,1.429e-1,,5.249e-5,2.749e-18,3.372e-5,,,,,3.301e-18,,,,,,,,,,,,,,
664.13,1.554e-1,5.176e-11,4.785e-23,1.295e-42,7.625e-18,,,1.438e-18,5.047e-20,,5.141e-16,6.568e-19,2.246e-29,8.922e-18,2.336e-6,1.246e-30,1.231e-19,,,2.678e-18,2.476e-18,1.133e-35,6.187e-18,,6.197e-14,3.608e-5,,,1.203e-21,3.550e-17,2.982e-5,1.126e-28,,5.106e-22,4.374e-18,9.692e-17,1.552e-1,,4.993e-5,2.750e-18,2.761e-5,,,,,3.328e-18,,,,,,,,,,,,,,
664.16,1.755e-1,5.578e-11,4.758e-23,1.298e-42,7.630e-18,,,1.437e-18,5.052e-20,,5.137e-16,6.571e-19,2.247e-29,8.922e-18,2.990e-6,1.249e-30,1.231e-19,,,2.676e-18,2.476e-18,6.536e-36,6.179e-18,,8.729e-14,4.652e-5,,,1.205e-21,3.553e-17,2.312e-5,1.126e-28,,5.108e-22,4.362e-18,9.695e-17,1.753e-1,,4.846e-5,2.752e-18,2.039e-5,,,,,3.370e-18,,,,,,,,,,,,,,
664.18,1.899e-1,6.306e-11,4.740e-23,1.300e-42,7.633e-18,,,1.437e-18,5.055e-20,,5.134e-16,6.573e-19,2.248e-29,8.922e-18,3.517e-6,1.251e-30,1.232e-19,,,2.675e-18,2.477e-18,4.519e-36,6.175e-18,,1.095e-13,5.499e-5,,,1.205e-21,3.556e-17,1.947e-5,1.126e-28,,5.110e-22,4.354e-18,9.697e-17,1.897e-1,,4.907e-5,2.754e-18,1.663e-5,,,,,3.398e-18,,,,,,,,,,,,,,
664.2,2.051e-1,7.450e-11,4.722e-23,1.302e-42,7.636e-18,,,1.437e-18,5.058e-20,,5.131e-16,6.576e-19,2.248e-29,8.922e-18,4.130e-6,1.252e-30,1.232e-19,,,2.674e-18,2.477e-18,3.120e-36,6.170e-18,,1.370e-13,6.489e-5,,,1.206e-21,3.558e-17,1.636e-5,1.126e-28,,5.112e-22,4.347e-18,9.699e-17,2.049e-1,,5.096e-5,2.755e-18,1.353e-5,,,,,3.425e-18,,,,,,,,,,,,,,
664.23,2.295e-1,1.010e-10,4.695e-23,1.305e-42,7.641e-18,,,1.437e-18,5.063e-20,,5.127e-16,6.579e-19,2.249e-29,8.922e-18,5.239e-6,1.255e-30,1.232e-19,,,2.673e-18,2.478e-18,1.783e-36,6.162e-18,,1.913e-13,8.291e-5,,,1.208e-21,3.561e-17,1.257e-5,1.126e-28,,5.114e-22,4.335e-18,9.701e-17,2.294e-1,,5.632e-5,2.757e-18,9.913e-6,,,,,3.467e-18,,,,,,,,,,,,,,
664.25,2.469e-1,1.265e-10,4.677e-23,1.307e-42,7.644e-18,,,1.437e-18,5.066e-20,,5.124e-16,6.581e-19,2.250e-29,8.922e-18,6.126e-6,1.257e-30,1.232e-19,,,2.671e-18,2.478e-18,1.225e-36,6.158e-18,,2.384e-13,9.742e-5,,,1.209e-21,3.563e-17,1.052e-5,1.126e-28,,5.116e-22,4.327e-18,9.703e-17,2.467e-1,,6.169e-5,2.758e-18,8.043e-6,,,,,3.494e-18,,,,,,,,,,,,,,
664.28,2.746e-1,1.801e-10,4.650e-23,1.309e-42,7.649e-18,,,1.437e-18,5.071e-20,,5.119e-16,6.585e-19,2.251e-29,8.921e-18,7.721e-6,1.260e-30,1.233e-19,,,2.670e-18,2.478e-18,6.958e-37,6.150e-18,,3.307e-13,1.237e-4,,,1.210e-21,3.567e-17,8.029e-6,1.126e-28,,5.118e-22,4.316e-18,9.706e-17,2.744e-1,,7.274e-5,2.760e-18,5.869e-6,,,,,3.536e-18,,,,,,,,,,,,,,
664.3,2.941e-1,2.291e-10,4.632e-23,1.311e-42,7.652e-18,,,1.437e-18,5.074e-20,,5.117e-16,6.587e-19,2.251e-29,8.921e-18,8.990e-6,1.262e-30,1.233e-19,,,2.669e-18,2.479e-18,6.956e-37,6.145e-18,,4.105e-13,1.447e-4,,,1.211e-21,3.569e-17,6.691e-6,1.126e-28,,5.120e-22,4.308e-18,9.708e-17,2.939e-1,,8.232e-5,2.762e-18,4.756e-6,,,,,3.563e-18,,,,,,,,,,,,,,
664.33,3.250e-1,3.294e-10,4.605e-23,1.314e-42,7.657e-18,,,1.437e-18,5.079e-20,,5.112e-16,6.590e-19,2.252e-29,8.921e-18,1.126e-5,1.264e-30,1.234e-19,,,2.667e-18,2.479e-18,6.953e-37,6.138e-18,,5.657e-13,1.825e-4,,,1.212e-21,3.572e-17,5.073e-6,1.126e-28,,5.122e-22,4.296e-18,9.710e-17,3.247e-1,,1.005e-4,2.764e-18,3.478e-6,,,,,3.605e-18,,,,,,,,,,,,,,
664.35,3.467e-1,4.195e-10,4.587e-23,1.316e-42,7.661e-18,,,1.437e-18,5.083e-20,,5.109e-16,6.593e-19,2.253e-29,8.921e-18,1.305e-5,1.266e-30,1.234e-19,,,2.666e-18,2.480e-18,6.950e-37,6.133e-18,,6.990e-13,2.126e-4,,,1.213e-21,3.574e-17,4.209e-6,1.126e-28,,5.124e-22,4.288e-18,9.712e-17,3.464e-1,,1.155e-4,2.765e-18,2.835e-6,,,,,3.633e-18,,,,,,,,,,,,,,
664.38,3.808e-1,6.020e-10,4.560e-23,1.319e-42,7.665e-18,,,1.437e-18,5.087e-20,,5.105e-16,6.596e-19,2.254e-29,8.921e-18,1.624e-5,1.269e-30,1.234e-19,,,2.664e-18,2.480e-18,6.947e-37,6.126e-18,,9.572e-13,2.664e-4,,,1.215e-21,3.578e-17,3.171e-6,1.126e-28,,5.127e-22,4.277e-18,9.715e-17,3.803e-1,,1.429e-4,2.767e-18,2.116e-6,,,,,3.674e-18,,,,,,,,,,,,,,
664.4,4.044e-1,7.647e-10,4.542e-23,1.320e-42,7.669e-18,,,1.437e-18,5.091e-20,,5.102e-16,6.598e-19,2.254e-29,8.921e-18,1.875e-5,1.271e-30,1.234e-19,,,2.663e-18,2.481e-18,6.944e-37,6.121e-18,,1.178e-12,3.091e-4,,,1.216e-21,3.580e-17,2.619e-6,1.126e-28,,5.128e-22,4.269e-18,9.717e-17,4.039e-1,,1.651e-4,2.768e-18,1.771e-6,,,,,3.702e-18,,,,,,,,,,,,,,
664.43,4.414e-1,1.092e-9,4.515e-23,1.323e-42,7.674e-18,,,1.437e-18,5.096e-20,,5.098e-16,6.602e-19,2.255e-29,8.921e-18,2.318e-5,1.274e-30,1.235e-19,,,2.662e-18,2.481e-18,6.941e-37,6.114e-18,,1.602e-12,3.848e-4,,,1.217e-21,3.583e-17,1.960e-6,1.127e-28,,5.131e-22,4.257e-18,9.719e-17,4.408e-1,,2.050e-4,2.770e-18,1.418e-6,,,,,3.743e-18,,,,,,,,,,,,,,
664.45,4.669e-1,1.381e-9,4.498e-23,1.325e-42,7.677e-18,,,1.437e-18,5.099e-20,,5.095e-16,6.604e-19,2.256e-29,8.920e-18,2.664e-5,1.276e-30,1.235e-19,,,2.661e-18,2.482e-18,6.938e-37,6.109e-18,,1.963e-12,4.444e-4,,,1.218e-21,3.585e-17,1.612e-6,1.127e-28,,5.132e-22,4.249e-18,9.721e-17,4.662e-1,,2.367e-4,2.772e-18,1.278e-6,,,,,3.771e-18,,,,,,,,,,,,,,
664.48,5.064e-1,1.960e-9,4.471e-23,1.328e-42,7.682e-18,,,1.437e-18,5.104e-20,,5.091e-16,6.607e-19,2.257e-29,8.920e-18,3.273e-5,1.278e-30,1.236e-19,,,2.659e-18,2.482e-18,6.935e-37,6.102e-18,,2.654e-12,5.498e-4,,,1.219e-21,3.589e-17,1.199e-6,1.127e-28,,5.135e-22,4.238e-18,9.724e-17,5.055e-1,,2.933e-4,2.774e-18,1.194e-6,,,,,3.812e-18,,,,,,,,,,,,,,
664.5,5.335e-1,2.470e-9,4.453e-23,1.330e-42,7.685e-18,,,1.437e-18,5.107e-20,,5.088e-16,6.610e-19,2.257e-29,8.920e-18,3.746e-5,1.280e-30,1.236e-19,,,2.658e-18,2.482e-18,6.933e-37,6.097e-18,,3.237e-12,6.323e-4,,,1.220e-21,3.591e-17,9.814e-7,1.127e-28,,5.136e-22,4.230e-18,9.726e-17,5.325e-1,,3.379e-4,2.775e-18,1.222e-6,,,,,3.840e-18,,,,,,,,,,,,,,
664.53,5.751e-1,3.483e-9,4.426e-23,1.333e-42,7.690e-18,,,1.437e-18,5.112e-20,,5.083e-16,6.613e-19,2.258e-29,8.920e-18,4.572e-5,1.283e-30,1.236e-19,,,2.656e-18,2.483e-18,6.929e-37,6.090e-18,,4.348e-12,7.772e-4,,,1.222e-21,3.594e-17,7.249e-7,1.127e-28,,5.139e-22,4.218e-18,9.728e-17,5.738e-1,,4.168e-4,2.777e-18,1.394e-6,,,,,3.881e-18,,,,,,,,,,,,,,
664.55,6.034e-1,4.370e-9,4.408e-23,1.334e-42,7.693e-18,,,1.437e-18,5.115e-20,,5.081e-16,6.615e-19,2.259e-29,8.920e-18,5.211e-5,1.285e-30,1.236e-19,,,2.655e-18,2.483e-18,6.927e-37,6.085e-18,,5.281e-12,8.898e-4,,,1.223e-21,3.596e-17,5.910e-7,1.127e-28,,5.141e-22,4.211e-18,9.730e-17,6.019e-1,,4.786e-4,2.778e-18,1.605e-6,,,,,3.909e-18,,,,,,,,,,,,,,
664.57,6.320e-1,5.473e-9,4.390e-23,1.336e-42,7.697e-18,,,1.437e-18,5.118e-20,,5.078e-16,6.618e-19,2.259e-29,8.920e-18,5.929e-5,1.287e-30,1.237e-19,,,2.654e-18,2.484e-18,6.924e-37,6.080e-18,,6.404e-12,1.017e-3,,,1.223e-21,3.598e-17,4.811e-7,1.127e-28,,5.142e-22,4.203e-18,9.732e-17,6.304e-1,,5.487e-4,2.780e-18,1.906e-6,,,,,3.937e-18,,,,,,,,,,,,,,
664.6,6.756e-1,7.648e-9,4.363e-23,1.339e-42,7.701e-18,,,1.436e-18,5.123e-20,,5.073e-16,6.621e-19,2.260e-29,8.919e-18,7.172e-5,1.290e-30,1.237e-19,,,2.652e-18,2.484e-18,6.921e-37,6.073e-18,,8.523e-12,1.239e-3,,,1.225e-21,3.602e-17,3.521e-7,1.127e-28,,5.145e-22,4.191e-18,9.735e-17,6.736e-1,,6.715e-4,2.782e-18,2.562e-6,,,,,3.978e-18,,,,,,,,,,,,,,
664.62,7.049e-1,9.538e-9,4.345e-23,1.341e-42,7.705e-18,,,1.436e-18,5.126e-20,,5.070e-16,6.623e-19,2.261e-29,8.919e-18,8.126e-5,1.291e-30,1.237e-19,,,2.651e-18,2.485e-18,6.918e-37,6.068e-18,,1.029e-11,1.410e-3,,,1.226e-21,3.604e-17,2.853e-7,1.127e-28,,5.146e-22,4.183e-18,9.736e-17,7.026e-1,,7.667e-4,2.783e-18,3.169e-6,,,,,4.006e-18,,,,,,,,,,,,,,
664.65,7.490e-1,1.324e-8,4.318e-23,1.344e-42,7.710e-18,,,1.436e-18,5.131e-20,,5.066e-16,6.627e-19,2.261e-29,8.919e-18,9.768e-5,1.294e-30,1.238e-19,,,2.650e-18,2.485e-18,6.915e-37,6.060e-18,,1.361e-11,1.707e-3,,,1.227e-21,3.607e-17,2.075e-7,1.127e-28,,5.149e-22,4.172e-18,9.739e-17,7.463e-1,,9.326e-4,2.785e-18,4.409e-6,,,,,4.047e-18,,,,,,,,,,,,,,
664.67,7.785e-1,1.644e-8,4.300e-23,1.346e-42,7.713e-18,,,1.436e-18,5.135e-20,,5.063e-16,6.629e-19,2.262e-29,8.919e-18,1.102e-4,1.296e-30,1.238e-19,,,2.648e-18,2.486e-18,6.912e-37,6.056e-18,,1.636e-11,1.934e-3,,,1.228e-21,3.609e-17,1.674e-7,1.127e-28,,5.150e-22,4.164e-18,9.741e-17,7.754e-1,,1.060e-3,2.787e-18,5.516e-6,,,,,4.075e-18,,,,,,,,,,,,,,
664.7,8.226e-1,2.268e-8,4.273e-23,1.348e-42,7.718e-18,,,1.436e-18,5.139e-20,,5.059e-16,6.632e-19,2.263e-29,8.919e-18,1.316e-4,1.299e-30,1.238e-19,,,2.647e-18,2.486e-18,6.909e-37,6.048e-18,,2.149e-11,2.326e-3,,,1.229e-21,3.613e-17,1.209e-7,1.127e-28,,5.153e-22,4.152e-18,9.744e-17,8.188e-1,,1.282e-3,2.789e-18,7.729e-6,,,,,4.116e-18,,,,,,,,,,,,,,
664.72,8.517e-1,2.805e-8,4.255e-23,1.350e-42,7.721e-18,,,1.436e-18,5.143e-20,,5.056e-16,6.635e-19,2.264e-29,8.919e-18,1.478e-4,1.301e-30,1.239e-19,,,2.646e-18,2.487e-18,6.907e-37,6.043e-18,,2.573e-11,2.624e-3,,,1.230e-21,3.615e-17,9.713e-8,1.127e-28,,5.155e-22,4.145e-18,9.745e-17,8.475e-1,,1.452e-3,2.790e-18,9.674e-6,,,,,4.144e-18,,,,,,,,,,,,,,
664.75,8.949e-1,3.844e-8,4.228e-23,1.353e-42,7.726e-18,,,1.436e-18,5.148e-20,,5.052e-16,6.638e-19,2.264e-29,8.918e-18,1.755e-4,1.303e-30,1.239e-19,,,2.644e-18,2.487e-18,6.903e-37,6.036e-18,,3.359e-11,3.135e-3,,,1.232e-21,3.618e-17,6.971e-8,1.127e-28,,5.157e-22,4.133e-18,9.748e-17,8.898e-1,,1.744e-3,2.792e-18,1.352e-5,,,,,4.186e-18,,,,,,,,,,,,,,
664.77,9.233e-1,4.733e-8,4.210e-23,1.355e-42,7.729e-18,,,1.436e-18,5.151e-20,,5.049e-16,6.640e-19,2.265e-29,8.918e-18,1.963e-4,1.305e-30,1.239e-19,,,2.643e-18,2.487e-18,6.901e-37,6.031e-18,,4.003e-11,3.522e-3,,,1.233e-21,3.620e-17,5.575e-8,1.127e-28,,5.159e-22,4.125e-18,9.750e-17,9.176e-1,,1.967e-3,2.793e-18,1.688e-5,,,,,4.213e-18,,,,,,,,,,,,,,
664.8,9.649e-1,6.445e-8,4.183e-23,1.358e-42,7.734e-18,,,1.436e-18,5.156e-20,,5.045e-16,6.644e-19,2.266e-29,8.918e-18,2.315e-4,1.308e-30,1.240e-19,,,2.641e-18,2.488e-18,6.897e-37,6.024e-18,,5.192e-11,4.181e-3,,,1.234e-21,3.624e-17,3.975e-8,1.127e-28,,5.161e-22,4.113e-18,9.753e-17,9.582e-1,,2.348e-3,2.795e-18,2.348e-5,,,,,4.255e-18,,,,,,,,,,,,,,
664.82,9.921e-1,7.902e-8,4.165e-23,1.359e-42,7.737e-18,,,1.436e-18,5.159e-20,,5.042e-16,6.646e-19,2.266e-29,8.918e-18,2.579e-4,1.310e-30,1.240e-19,,,2.640e-18,2.488e-18,6.895e-37,6.019e-18,,6.162e-11,4.678e-3,,,1.235e-21,3.626e-17,3.165e-8,1.127e-28,,5.163e-22,4.106e-18,9.754e-17,9.845e-1,,2.636e-3,2.797e-18,2.920e-5,,,,,4.282e-18,,,,,,,,,,,,,,
664.85,1.032e+0,1.069e-7,4.138e-23,1.362e-42,7.742e-18,,,1.436e-18,5.164e-20,,5.037e-16,6.649e-19,2.267e-29,8.918e-18,3.022e-4,1.313e-30,1.240e-19,,,2.639e-18,2.489e-18,6.891e-37,6.012e-18,,7.941e-11,5.517e-3,,,1.236e-21,3.629e-17,2.242e-8,1.127e-28,,5.165e-22,4.094e-18,9.757e-17,1.023e+0,,3.127e-3,2.799e-18,4.037e-5,,,,,4.324e-18,,,,,,,,,,,,,,
664.87,1.057e+0,1.305e-7,4.121e-23,1.364e-42,7.746e-18,,,1.436e-18,5.167e-20,,5.034e-16,6.652e-19,2.268e-29,8.918e-18,3.352e-4,1.315e-30,1.241e-19,,,2.638e-18,2.489e-18,6.889e-37,6.007e-18,,9.384e-11,6.145e-3,,,1.237e-21,3.631e-17,1.778e-8,1.127e-28,,5.167e-22,4.086e-18,9.759e-17,1.047e+0,,3.497e-3,2.800e-18,4.999e-5,,,,,4.352e-18,,,,,,,,,,,,,,
664.9,1.094e+0,1.754e-7,4.094e-23,1.367e-42,7.750e-18,,,1.436e-18,5.172e-20,,5.030e-16,6.655e-19,2.269e-29,8.918e-18,3.903e-4,1.317e-30,1.241e-19,,,2.636e-18,2.490e-18,6.885e-37,6.000e-18,,1.202e-10,7.201e-3,,,1.239e-21,3.635e-17,1.251e-8,1.127e-28,,5.169e-22,4.075e-18,9.762e-17,1.082e+0,,4.122e-3,2.802e-18,6.867e-5,,,,,4.393e-18,,,,,,,,,,,,,,
664.92,1.118e+0,2.132e-7,4.076e-23,1.369e-42,7.754e-18,,,1.436e-18,5.175e-20,,5.027e-16,6.657e-19,2.269e-29,8.917e-18,4.311e-4,1.319e-30,1.241e-19,,,2.635e-18,2.490e-18,6.883e-37,5.995e-18,,1.414e-10,7.987e-3,,,1.240e-21,3.637e-17,9.876e-9,1.127e-28,,5.171e-22,4.067e-18,9.763e-17,1.105e+0,,4.591e-3,2.803e-18,8.468e-5,,,,,4.421e-18,,,,,,,,,,,,,,
664.94,1.141e+0,2.587e-7,4.058e-23,1.371e-42,7.757e-18,,,1.436e-18,5.178e-20,,5.024e-16,6.659e-19,2.270e-29,8.917e-18,4.754e-4,1.321e-30,1.242e-19,,,2.634e-18,2.491e-18,6.881e-37,5.990e-18,,1.661e-10,8.844e-3,,,1.241e-21,3.639e-17,7.783e-9,1.128e-28,,5.173e-22,4.059e-18,9.765e-17,1.126e+0,,5.104e-3,2.805e-18,1.042e-4,,,,,4.448e-18,,,,,,,,,,,,,,
664.97,1.174e+0,3.447e-7,4.031e-23,1.373e-42,7.762e-18,,,1.436e-18,5.183e-20,,5.020e-16,6.663e-19,2.271e-29,8.917e-18,5.487e-4,1.324e-30,1.242e-19,,,2.632e-18,2.491e-18,6.877e-37,5.983e-18,,2.107e-10,1.027e-2,,,1.242e-21,3.642e-17,5.427e-9,1.128e-28,,5.175e-22,4.047e-18,9.768e-17,1.157e+0,,5.964e-3,2.807e-18,1.419e-4,,,,,4.490e-18,,,,,,,,,,,,,,
664.99,1.194e+0,4.164e-7,4.013e-23,1.375e-42,7.765e-18,,,1.436e-18,5.187e-20,,5.017e-16,6.665e-19,2.271e-29,8.917e-18,6.026e-4,1.326e-30,1.242e-19,,,2.631e-18,2.491e-18,6.875e-37,5.978e-18,,2.464e-10,1.132e-2,,,1.243e-21,3.645e-17,4.258e-9,1.128e-28,,5.177e-22,4.040e-18,9.770e-17,1.176e+0,,6.603e-3,2.808e-18,1.740e-4,,,,,4.517e-18,,,,,,,,,,,,,,
665.02,1.224e+0,5.512e-7,3.986e-23,1.378e-42,7.770e-18,,,1.435e-18,5.192e-20,,5.013e-16,6.668e-19,2.272e-29,8.917e-18,6.912e-4,1.328e-30,1.243e-19,,,2.629e-18,2.492e-18,6.871e-37,5.971e-18,,3.107e-10,1.307e-2,,,1.244e-21,3.648e-17,2.950e-9,1.128e-28,,5.179e-22,4.028e-18,9.772e-17,1.203e+0,,7.667e-3,2.810e-18,2.353e-4,,,,,4.559e-18,,,,,,,,,,,,,,
665.04,1.243e+0,6.631e-7,3.968e-23,1.380e-42,7.773e-18,,,1.435e-18,5.195e-20,,5.010e-16,6.671e-19,2.273e-29,8.917e-18,7.558e-4,1.330e-30,1.243e-19,,,2.628e-18,2.492e-18,6.869e-37,5.966e-18,,3.618e-10,1.434e-2,,,1.245e-21,3.650e-17,2.304e-9,1.128e-28,,5.181e-22,4.020e-18,9.774e-17,1.219e+0,,8.454e-3,2.811e-18,2.872e-4,,,,,6.621e-18,,,,,,,,,,,,,,
665.07,1.270e+0,8.721e-7,3.941e-23,1.383e-42,7.778e-18,,,1.435e-18,5.200e-20,,5.006e-16,6.674e-19,2.274e-29,8.916e-18,8.616e-4,1.333e-30,1.243e-19,,,2.627e-18,2.493e-18,6.865e-37,5.958e-18,,4.532e-10,1.644e-2,,,1.247e-21,3.653e-17,1.586e-9,1.128e-28,,5.183e-22,4.009e-18,9.777e-17,1.243e+0,,9.756e-3,2.813e-18,3.860e-4,,,,,1.155e-17,,,,,,,,,,,,,,
665.09,1.288e+0,1.045e-6,3.923e-23,1.385e-42,7.781e-18,,,1.435e-18,5.203e-20,,5.003e-16,6.676e-19,2.274e-29,8.916e-18,9.382e-4,1.335e-30,1.244e-19,,,2.625e-18,2.493e-18,6.863e-37,5.954e-18,,5.255e-10,1.797e-2,,,1.247e-21,3.656e-17,1.234e-9,1.128e-28,,5.185e-22,4.001e-18,9.779e-17,1.258e+0,,1.071e-2,2.815e-18,4.691e-4,,,,,1.670e-17,,,,,,,,,,,,,,
665.12,1.312e+0,1.365e-6,3.896e-23,1.387e-42,7.786e-18,,,1.435e-18,5.208e-20,,4.999e-16,6.680e-19,2.275e-29,8.916e-18,1.063e-3,1.338e-30,1.244e-19,,,2.624e-18,2.494e-18,6.859e-37,5.946e-18,,6.540e-10,2.048e-2,,,1.249e-21,3.659e-17,8.434e-10,1.128e-28,,5.188e-22,3.989e-18,9.781e-17,1.278e+0,,1.229e-2,2.817e-18,6.264e-4,,,,,2.895e-17,,,,,,,,,,,,,,
665.14,1.328e+0,1.628e-6,3.878e-23,1.389e-42,7.790e-18,,,1.435e-18,5.211e-20,,4.996e-16,6.682e-19,2.276e-29,8.916e-18,1.153e-3,1.340e-30,1.244e-19,,,2.623e-18,2.494e-18,6.857e-37,5.942e-18,,7.551e-10,2.229e-2,,,1.250e-21,3.661e-17,6.531e-10,1.128e-28,,5.189e-22,3.981e-18,9.783e-17,1.291e+0,,1.343e-2,2.818e-18,7.580e-4,,,,,4.169e-17,,,,,,,,,,,,,,
665.17,1.351e+0,2.114e-6,3.851e-23,1.392e-42,7.795e-18,,,1.435e-18,5.216e-20,,4.991e-16,6.685e-19,2.277e-29,8.916e-18,1.298e-3,1.342e-30,1.245e-19,,,2.621e-18,2.495e-18,6.853e-37,5.934e-18,,9.337e-10,2.523e-2,,,1.251e-21,3.664e-17,4.437e-10,1.128e-28,,5.192e-22,3.970e-18,9.786e-17,1.308e+0,,1.531e-2,2.820e-18,1.006e-3,,,,,7.180e-17,,,,,,,,,,,,,,
665.19,1.366e+0,2.510e-6,3.833e-23,1.394e-42,7.798e-18,,,1.435e-18,5.219e-20,,4.988e-16,6.688e-19,2.277e-29,8.916e-18,1.401e-3,1.344e-30,1.245e-19,,,2.620e-18,2.495e-18,6.851e-37,5.929e-18,,1.073e-9,2.734e-2,,,1.252e-21,3.667e-17,3.421e-10,1.128e-28,,5.193e-22,3.962e-18,9.788e-17,1.320e+0,,1.667e-2,2.821e-18,1.212e-3,,,,,1.029e-16,,,,,,,,,,,,,,
665.22,1.388e+0,3.238e-6,3.806e-23,1.397e-42,7.803e-18,,,1.435e-18,5.224e-20,,4.984e-16,6.691e-19,2.278e-29,8.915e-18,1.568e-3,1.347e-30,1.245e-19,,,2.618e-18,2.496e-18,6.848e-37,5.922e-18,,1.319e-9,3.075e-2,,,1.253e-21,3.670e-17,2.309e-10,1.128e-28,,5.196e-22,3.950e-18,9.790e-17,1.336e+0,,1.889e-2,2.823e-18,1.598e-3,,,,,1.762e-16,,,,,,,,,,,,,,
665.24,1.403e+0,3.829e-6,3.788e-23,1.398e-42,7.806e-18,,,1.435e-18,5.227e-20,,4.981e-16,6.693e-19,2.279e-29,8.915e-18,1.687e-3,1.349e-30,1.246e-19,,,2.617e-18,2.496e-18,6.845e-37,5.917e-18,,1.509e-9,3.318e-2,,,1.254e-21,3.672e-17,1.772e-10,1.128e-28,,5.197e-22,3.942e-18,9.792e-17,1.346e+0,,2.049e-2,2.825e-18,1.917e-3,,,,,2.515e-16,,,,,,,,,,,,,,
665.27,1.425e+0,4.907e-6,3.761e-23,1.401e-42,7.811e-18,,,1.435e-18,5.232e-20,,4.977e-16,6.697e-19,2.280e-29,8.915e-18,1.876e-3,1.352e-30,1.246e-19,,,2.616e-18,2.497e-18,6.842e-37,5.910e-18,,1.843e-9,3.708e-2,,,1.256e-21,3.675e-17,1.188e-10,1.128e-28,,5.200e-22,3.931e-18,9.795e-17,1.361e+0,,2.307e-2,2.827e-18,2.511e-3,,,,,4.277e-16,,,,,,,,,,,,,,
665.29,1.440e+0,5.778e-6,3.744e-23,1.403e-42,7.814e-18,,,1.435e-18,5.235e-20,,4.974e-16,6.699e-19,2.280e-29,8.915e-18,2.009e-3,1.354e-30,1.246e-19,,,2.615e-18,2.497e-18,6.839e-37,5.905e-18,,2.100e-9,3.985e-2,,,1.257e-21,3.678e-17,9.082e-11,1.128e-28,,5.202e-22,3.923e-18,9.797e-17,1.370e+0,,2.491e-2,2.828e-18,2.999e-3,,,,,6.080e-16,,,,,,,,,,,,,,
665.32,1.463e+0,7.358e-6,3.717e-23,1.406e-42,7.819e-18,,,1.435e-18,5.240e-20,,4.970e-16,6.702e-19,2.281e-29,8.915e-18,2.221e-3,1.356e-30,1.247e-19,,,2.613e-18,2.498e-18,6.836e-37,5.898e-18,,2.547e-9,4.425e-2,,,1.258e-21,3.681e-17,6.049e-11,1.128e-28,,5.204e-22,3.911e-18,9.799e-17,1.385e+0,,2.788e-2,2.830e-18,3.903e-3,,,,,1.027e-15,,,,,,,,,,,,,,
665.34,1.479e+0,8.626e-6,3.699e-23,1.408e-42,7.822e-18,,,1.435e-18,5.244e-20,,4.967e-16,6.705e-19,2.282e-29,8.915e-18,2.369e-3,1.358e-30,1.247e-19,,,2.612e-18,2.498e-18,6.833e-37,5.893e-18,,2.890e-9,4.735e-2,,,1.259e-21,3.683e-17,4.604e-11,1.128e-28,,5.206e-22,3.904e-18,9.801e-17,1.395e+0,,2.999e-2,2.832e-18,4.643e-3,,,,,1.454e-15,,,,,,,,,,,,,,
665.36,1.496e+0,1.010e-5,3.681e-23,1.410e-42,7.826e-18,,,1.435e-18,5.247e-20,,4.964e-16,6.707e-19,2.282e-29,8.915e-18,2.524e-3,1.360e-30,1.247e-19,,,2.611e-18,2.498e-18,6.831e-37,5.888e-18,,3.275e-9,5.058e-2,,,1.260e-21,3.685e-17,3.497e-11,1.128e-28,,5.207e-22,3.896e-18,9.803e-17,1.405e+0,,3.221e-2,2.833e-18,5.513e-3,,,,,2.055e-15,,,,,,,,,,,,,,
665.39,1.522e+0,1.274e-5,3.654e-23,1.412e-42,7.831e-18,,,1.435e-18,5.252e-20,,4.960e-16,6.710e-19,2.283e-29,8.914e-18,2.766e-3,1.363e-30,1.248e-19,,,2.609e-18,2.499e-18,6.828e-37,5.881e-18,,3.936e-9,5.567e-2,,,1.261e-21,3.689e-17,2.308e-11,1.128e-28,,5.210e-22,3.884e-18,9.805e-17,1.421e+0,,3.574e-2,2.835e-18,7.111e-3,,,,,3.441e-15,,,,,,,,,,,,,,
665.41,1.541e+0,1.485e-5,3.636e-23,1.414e-42,7.834e-18,,,1.435e-18,5.255e-20,,4.957e-16,6.713e-19,2.284e-29,8.914e-18,2.935e-3,1.365e-30,1.248e-19,,,2.608e-18,2.499e-18,6.825e-37,5.876e-18,,4.440e-9,5.922e-2,,,1.262e-21,3.691e-17,1.746e-11,1.128e-28,,5.211e-22,3.876e-18,9.807e-17,1.432e+0,,3.823e-2,2.836e-18,8.408e-3,,,,,4.841e-15,,,,,,,,,,,,,,
665.44,1.571e+0,1.862e-5,3.609e-23,1.417e-42,7.839e-18,,,1.434e-18,5.260e-20,,4.952e-16,6.716e-19,2.285e-29,8.914e-18,3.197e-3,1.367e-30,1.248e-19,,,2.606e-18,2.500e-18,6.822e-37,5.869e-18,,5.302e-9,6.476e-2,,,1.264e-21,3.694e-17,1.145e-11,1.129e-28,,5.214e-22,3.865e-18,9.810e-17,1.450e+0,,4.217e-2,2.838e-18,1.077e-2,,,,,8.055e-15,,,,,,,,,,,,,,
665.46,1.592e+0,2.160e-5,3.591e-23,1.419e-42,7.842e-18,,,1.434e-18,5.263e-20,,4.950e-16,6.718e-19,2.285e-29,8.914e-18,3.379e-3,1.369e-30,1.249e-19,,,2.605e-18,2.500e-18,6.819e-37,5.864e-18,,5.955e-9,6.860e-2,,,1.265e-21,3.696e-17,8.621e-12,1.129e-28,,5.216e-22,3.857e-18,9.812e-17,1.462e+0,,4.492e-2,2.840e-18,1.268e-2,,,,,1.129e-14,,,,,,,,,,,,,,
665.49,1.625e+0,2.691e-5,3.564e-23,1.422e-42,7.847e-18,,,1.434e-18,5.268e-20,,4.945e-16,6.722e-19,2.286e-29,8.914e-18,3.659e-3,1.372e-30,1.249e-19,,,2.604e-18,2.501e-18,6.816e-37,5.857e-18,,7.066e-9,7.456e-2,,,1.266e-21,3.700e-17,5.616e-12,1.129e-28,,5.218e-22,3.845e-18,9.814e-17,1.482e+0,,4.925e-2,2.842e-18,1.615e-2,,,,,1.866e-14,,,,,,,,,,,,,,
665.51,1.650e+0,3.109e-5,3.546e-23,1.424e-42,7.850e-18,,,1.434e-18,5.271e-20,,4.942e-16,6.724e-19,2.287e-29,8.914e-18,3.852e-3,1.374e-30,1.249e-19,,,2.602e-18,2.501e-18,6.813e-37,5.852e-18,,7.902e-9,7.865e-2,,,1.267e-21,3.702e-17,4.211e-12,1.129e-28,,5.220e-22,3.838e-18,9.816e-17,1.496e+0,,5.226e-2,2.843e-18,1.893e-2,,,,,2.603e-14,,,,,,,,,,,,,,
665.54,1.688e+0,3.849e-5,3.519e-23,1.426e-42,7.855e-18,,,1.434e-18,5.276e-20,,4.938e-16,6.727e-19,2.287e-29,8.913e-18,4.148e-3,1.377e-30,1.250e-19,,,2.601e-18,2.502e-18,6.810e-37,5.844e-18,,9.315e-9,8.495e-2,,,1.268e-21,3.705e-17,2.725e-12,1.129e-28,,5.222e-22,3.826e-18,9.819e-17,1.518e+0,,5.696e-2,2.845e-18,2.395e-2,,,,,4.276e-14,,,,,,,,,,,,,,
665.56,1.716e+0,4.427e-5,3.501e-23,1.428e-42,7.858e-18,,,1.434e-18,5.279e-20,,4.935e-16,6.730e-19,2.288e-29,8.913e-18,4.349e-3,1.379e-30,1.250e-19,,,2.600e-18,2.502e-18,6.807e-37,5.840e-18,,1.037e-8,8.923e-2,,,1.269e-21,3.707e-17,2.034e-12,1.129e-28,,5.224e-22,3.818e-18,9.821e-17,1.534e+0,,6.020e-2,2.846e-18,2.796e-2,,,,,5.940e-14,,,,,,,,,,,,,,
665.59,1.759e+0,5.445e-5,3.474e-23,1.431e-42,7.863e-18,,,1.434e-18,5.284e-20,,4.931e-16,6.733e-19,2.289e-29,8.913e-18,4.657e-3,1.381e-30,1.250e-19,,,2.598e-18,2.503e-18,6.804e-37,5.832e-18,,1.215e-8,9.578e-2,,,1.271e-21,3.711e-17,1.308e-12,1.129e-28,,5.226e-22,3.806e-18,9.823e-17,1.559e+0,,6.522e-2,2.848e-18,3.514e-2,,,,,9.695e-14,,,,,,,,,,,,,,
665.61,1.791e+0,6.237e-5,3.456e-23,1.433e-42,7.866e-18,,,1.434e-18,5.287e-20,,4.928e-16,6.735e-19,2.290e-29,8.913e-18,4.864e-3,1.383e-30,1.251e-19,,,2.597e-18,2.503e-18,6.802e-37,5.827e-18,,1.347e-8,1.002e-1,,,1.271e-21,3.713e-17,9.723e-13,1.129e-28,,5.228e-22,3.799e-18,9.825e-17,1.576e+0,,6.866e-2,2.850e-18,4.084e-2,,,,,1.341e-13,,,,,,,,,,,,,,
665.64,1.840e+0,7.622e-5,3.429e-23,1.436e-42,7.871e-18,,,1.434e-18,5.292e-20,,4.924e-16,6.739e-19,2.290e-29,8.913e-18,5.179e-3,1.386e-30,1.251e-19,,,2.595e-18,2.503e-18,6.798e-37,5.820e-18,,1.568e-8,1.069e-1,,,1.273e-21,3.716e-17,6.210e-13,1.129e-28,,5.230e-22,3.787e-18,9.828e-17,1.603e+0,,7.395e-2,2.852e-18,5.101e-2,,,,,2.175e-13,,,,,,,,,,,,,,
665.66,1.875e+0,8.693e-5,3.411e-23,1.437e-42,7.875e-18,,,1.434e-18,5.296e-20,,4.921e-16,6.741e-19,2.291e-29,8.913e-18,5.390e-3,1.388e-30,1.251e-19,,,2.594e-18,2.504e-18,6.796e-37,5.815e-18,,1.731e-8,1.114e-1,,,1.274e-21,3.718e-17,4.596e-13,1.129e-28,,5.232e-22,3.779e-18,9.830e-17,1.622e+0,,7.754e-2,2.853e-18,5.903e-2,,,,,2.996e-13,,,,,,,,,,,,,,
665.69,1.930e+0,1.055e-4,3.384e-23,1.440e-42,7.880e-18,,,1.434e-18,5.300e-20,,4.916e-16,6.744e-19,2.292e-29,8.912e-18,5.707e-3,1.391e-30,1.252e-19,,,2.593e-18,2.504e-18,6.792e-37,5.808e-18,,2.001e-8,1.181e-1,,,1.275e-21,3.722e-17,2.917e-13,1.129e-28,,5.235e-22,3.768e-18,9.832e-17,1.650e+0,,8.303e-2,2.855e-18,7.326e-2,,,,,4.827e-13,,,,,,,,,,,,,,
665.71,1.969e+0,1.199e-4,3.366e-23,1.442e-42,7.883e-18,,,1.434e-18,5.304e-20,,4.914e-16,6.747e-19,2.292e-29,8.912e-18,5.918e-3,1.393e-30,1.252e-19,,,2.592e-18,2.505e-18,6.790e-37,5.803e-18,,2.200e-8,1.225e-1,,,1.276e-21,3.724e-17,2.149e-13,1.129e-28,,5.236e-22,5.467e-18,9.834e-17,1.670e+0,,8.673e-2,2.856e-18,8.441e-2,,,,,6.620e-13,,,,,,,,,,,,,,
665.73,2.010e+0,1.359e-4,3.349e-23,1.444e-42,7.886e-18,,,1.434e-18,5.307e-20,,4.911e-16,6.749e-19,2.293e-29,8.912e-18,6.129e-3,1.394e-30,1.252e-19,,,2.590e-18,2.505e-18,6.787e-37,5.798e-18,,2.414e-8,1.269e-1,,,1.277e-21,3.726e-17,1.581e-13,1.129e-28,,5.238e-22,7.921e-18,9.836e-17,1.689e+0,,9.046e-2,2.858e-18,9.710e-2,,,,,9.064e-13,,,,,,,,,,,,,,
665.76,2.074e+0,1.635e-4,3.322e-23,1.447e-42,7.891e-18,,,1.434e-18,5.312e-20,,4.906e-16,6.752e-19,2.294e-29,8.912e-18,6.441e-3,1.397e-30,1.253e-19,,,2.589e-18,2.506e-18,6.784e-37,5.791e-18,,2.767e-8,1.335e-1,,,1.278e-21,3.729e-17,9.940e-14,1.129e-28,,5.240e-22,1.377e-17,9.839e-17,1.719e+0,,9.607e-2,2.860e-18,1.194e-1,,,,,1.448e-12,,,,,,,,,,,,,,
665.78,2.119e+0,1.846e-4,3.304e-23,1.449e-42,7.894e-18,,,1.434e-18,5.315e-20,,4.904e-16,6.754e-19,2.294e-29,8.912e-18,6.647e-3,1.399e-30,1.253e-19,,,2.588e-18,2.506e-18,6.782e-37,5.786e-18,,3.023e-8,1.377e-1,,,1.279e-21,3.732e-17,7.280e-14,1.129e-28,,5.242e-22,1.986e-17,9.840e-17,1.738e+0,,9.981e-2,2.861e-18,1.368e-1,,,,,1.973e-12,,,,,,,,,,,,,,
665.81,2.190e+0,2.206e-4,3.277e-23,1.451e-42,7.899e-18,,,1.434e-18,5.320e-20,,4.899e-16,6.758e-19,2.295e-29,8.912e-18,6.950e-3,1.402e-30,1.253e-19,,,2.586e-18,2.507e-18,6.778e-37,5.779e-18,,3.442e-8,1.439e-1,,,1.281e-21,3.735e-17,4.548e-14,1.129e-28,,5.244e-22,3.430e-17,9.843e-17,1.767e+0,,1.054e-1,2.863e-18,1.671e-1,,,,,3.131e-12,,,,,,,,,,,,,,
665.83,2.240e+0,2.480e-4,3.259e-23,1.453e-42,7.902e-18,,,1.434e-18,5.323e-20,,4.896e-16,6.760e-19,2.296e-29,8.912e-18,7.148e-3,1.404e-30,1.254e-19,,,2.585e-18,2.507e-18,6.776e-37,5.774e-18,,3.744e-8,1.479e-1,,,1.282e-21,3.737e-17,3.316e-14,1.129e-28,,5.246e-22,4.927e-17,9.845e-17,1.785e+0,,1.091e-1,2.864e-18,1.906e-1,,,,,4.251e-12,,,,,,,,,,,,,,
665.86,2.319e+0,2.946e-4,3.232e-23,1.456e-42,7.907e-18,,,1.434e-18,5.328e-20,,4.892e-16,6.764e-19,2.297e-29,8.911e-18,7.438e-3,1.406e-30,1.254e-19,,,2.583e-18,2.507e-18,6.772e-37,5.767e-18,,4.236e-8,1.537e-1,,,1.283e-21,3.740e-17,2.058e-14,1.129e-28,,5.249e-22,8.455e-17,9.848e-17,1.812e+0,,1.145e-1,2.866e-18,2.314e-1,,,,,6.702e-12,,,,,,,,,,,,,,
665.88,2.374e+0,3.297e-4,3.214e-23,1.458e-42,7.911e-18,,,1.433e-18,5.331e-20,,4.889e-16,6.766e-19,2.297e-29,8.911e-18,7.626e-3,1.408e-30,1.254e-19,,,2.582e-18,2.508e-18,6.770e-37,5.762e-18,,4.589e-8,1.574e-1,,,1.284e-21,3.743e-17,1.494e-14,1.129e-28,,5.250e-22,1.209e-16,9.849e-17,1.828e+0,,1.181e-1,2.868e-18,2.628e-1,,,,,9.060e-12,,,,,,,,,,,,,,
665.91,2.462e+0,3.891e-4,3.187e-23,1.461e-42,7.915e-18,,,1.433e-18,5.336e-20,,4.885e-16,6.769e-19,2.298e-29,8.911e-18,7.899e-3,1.411e-30,1.255e-19,,,2.581e-18,2.508e-18,6.766e-37,5.755e-18,,5.157e-8,1.626e-1,,,1.285e-21,3.746e-17,9.212e-15,1.129e-28,,5.253e-22,2.062e-16,9.852e-17,1.851e+0,,1.233e-1,2.870e-18,3.170e-1,,,,,1.419e-11,,,,,,,,,,,,,,
665.93,2.524e+0,4.336e-4,3.169e-23,1.462e-42,7.919e-18,,,1.433e-18,5.339e-20,,4.882e-16,6.771e-19,2.299e-29,8.911e-18,8.074e-3,1.413e-30,1.255e-19,,,2.579e-18,2.509e-18,6.764e-37,5.750e-18,,5.563e-8,1.658e-1,,,1.286e-21,3.748e-17,6.659e-15,1.129e-28,,5.254e-22,2.937e-16,9.854e-17,1.864e+0,,1.266e-1,2.871e-18,3.584e-1,,,,,1.910e-11,,,,,,,,,,,,,,
665.96,2.622e+0,5.084e-4,3.142e-23,1.465e-42,7.924e-18,,,1.433e-18,5.344e-20,,4.878e-16,6.775e-19,2.300e-29,8.911e-18,8.326e-3,1.416e-30,1.255e-19,,,2.578e-18,2.509e-18,6.760e-37,5.742e-18,,6.212e-8,1.704e-1,,,1.288e-21,3.751e-17,4.079e-15,1.130e-28,,5.257e-22,4.975e-16,9.857e-17,1.882e+0,,1.315e-1,2.873e-18,4.296e-1,,,,,2.974e-11,,,,,,,,,,,,,,
665.98,2.692e+0,5.642e-4,3.124e-23,1.467e-42,7.927e-18,,,1.433e-18,5.348e-20,,4.875e-16,6.777e-19,2.300e-29,8.911e-18,8.487e-3,1.418e-30,1.256e-19,,,2.577e-18,2.510e-18,6.758e-37,5.738e-18,,6.672e-8,1.732e-1,,,1.288e-21,3.754e-17,2.936e-15,1.130e-28,,5.258e-22,7.056e-16,9.858e-17,1.891e+0,,1.345e-1,2.875e-18,4.837e-1,,,,,3.986e-11,,,,,,,,,,,,,,
666.01,2.803e+0,6.573e-4,3.097e-23,1.470e-42,7.932e-18,,,1.433e-18,5.352e-20,,4.870e-16,6.780e-19,2.301e-29,8.910e-18,8.718e-3,1.420e-30,1.256e-19,,,2.575e-18,2.510e-18,6.754e-37,5.730e-18,,7.402e-8,1.769e-1,,,1.290e-21,3.757e-17,1.786e-15,1.130e-28,,5.261e-22,1.188e-15,9.861e-17,1.902e+0,,1.389e-1,2.877e-18,5.760e-1,,,,,6.164e-11,,,,,,,,,,,,,,
666.03,2.883e+0,7.262e-4,3.079e-23,1.472e-42,7.935e-18,,,1.433e-18,5.356e-20,,4.868e-16,6.783e-19,2.302e-29,8.910e-18,8.863e-3,1.422e-30,1.256e-19,,,2.574e-18,2.511e-18,6.752e-37,5.725e-18,,7.916e-8,1.792e-1,,,1.291e-21,3.759e-17,1.280e-15,1.130e-28,,5.263e-22,1.677e-15,9.863e-17,1.907e+0,,1.416e-1,2.878e-18,6.457e-1,,,,,8.227e-11,,,,,,,,,,,,,,
666.06,3.012e+0,8.406e-4,3.052e-23,1.475e-42,7.940e-18,,,1.433e-18,5.361e-20,,4.863e-16,6.786e-19,2.303e-29,8.910e-18,9.070e-3,1.425e-30,1.257e-19,,,2.572e-18,2.511e-18,6.748e-37,5.718e-18,,8.726e-8,1.821e-1,,,1.292e-21,3.762e-17,7.739e-16,1.130e-28,,5.265e-22,2.806e-15,9.866e-17,1.911e+0,,1.454e-1,2.880e-18,7.640e-1,,,,,1.264e-10,,,,,,,,,,,,,,
666.08,3.105e+0,9.248e-4,3.034e-23,1.476e-42,7.943e-18,,,1.433e-18,5.364e-20,,4.860e-16,6.788e-19,2.303e-29,8.910e-18,9.201e-3,1.427e-30,1.257e-19,,,2.571e-18,2.512e-18,6.746e-37,5.713e-18,,9.292e-8,1.838e-1,,,1.293e-21,3.765e-17,5.522e-16,1.130e-28,,5.267e-22,3.945e-15,9.867e-17,1.910e+0,,1.476e-1,2.881e-18,8.528e-1,,,,,1.680e-10,,,,,,,,,,,,,,
666.1,3.203e+0,1.016e-3,3.016e-23,1.478e-42,7.947e-18,,,1.433e-18,5.367e-20,,4.857e-16,6.791e-19,2.304e-29,8.910e-18,9.325e-3,1.429e-30,1.257e-19,,,2.570e-18,2.512e-18,6.744e-37,5.708e-18,,9.878e-8,1.852e-1,,,1.294e-21,3.767e-17,3.932e-16,1.130e-28,,5.268e-22,5.538e-15,9.869e-17,1.907e+0,,1.498e-1,2.883e-18,9.504e-1,,,,,2.229e-10,,,,,,,,,,,,,,
666.13,3.363e+0,1.165e-3,2.989e-23,1.481e-42,7.951e-18,,,1.433e-18,5.372e-20,,4.853e-16,6.794e-19,2.305e-29,8.910e-18,9.501e-3,1.431e-30,1.258e-19,,,2.569e-18,2.512e-18,6.740e-37,5.701e-18,,1.079e-7,1.869e-1,,,1.295e-21,3.770e-17,2.356e-16,1.130e-28,,5.271e-22,9.182e-15,9.872e-17,1.899e+0,,1.526e-1,2.885e-18,1.114e+0,,,,,3.394e-10,,,,,,,,,,,,,,
666.15,3.479e+0,1.274e-3,2.972e-23,1.483e-42,7.955e-18,,,1.433e-18,5.375e-20,,4.850e-16,6.796e-19,2.305e-29,8.910e-18,9.612e-3,1.433e-30,1.258e-19,,,2.567e-18,2.513e-18,6.738e-37,5.696e-18,,1.142e-7,1.877e-1,,,1.296e-21,3.772e-17,1.671e-16,1.130e-28,,5.272e-22,1.283e-14,9.874e-17,1.890e+0,,1.542e-1,2.886e-18,1.236e+0,,,,,4.484e-10,,,,,,,,,,,,,,
666.18,3.669e+0,1.452e-3,2.945e-23,1.486e-42,7.960e-18,,,1.433e-18,5.380e-20,,4.846e-16,6.800e-19,2.306e-29,8.909e-18,9.767e-3,1.436e-30,1.258e-19,,,2.566e-18,2.513e-18,6.734e-37,5.689e-18,,1.240e-7,1.886e-1,,,1.298e-21,3.776e-17,9.942e-17,1.130e-28,,5.275e-22,2.114e-14,9.876e-17,1.872e+0,,1.562e-1,2.888e-18,1.441e+0,,,,,6.786e-10,,,,,,,,,,,,,,
666.2,3.806e+0,1.581e-3,2.927e-23,1.488e-42,7.963e-18,,,1.433e-18,5.383e-20,,4.843e-16,6.802e-19,2.307e-29,8.909e-18,9.865e-3,1.438e-30,1.258e-19,,,2.565e-18,2.514e-18,6.732e-37,5.684e-18,,1.306e-7,1.888e-1,,,1.299e-21,3.778e-17,7.019e-17,1.130e-28,,5.277e-22,2.942e-14,9.878e-17,1.857e+0,,1.573e-1,2.889e-18,1.592e+0,,,,,8.925e-10,,,,,,,,,,,,,,
666.23,4.031e+0,1.791e-3,2.900e-23,1.490e-42,7.968e-18,,,1.433e-18,5.388e-20,,4.839e-16,6.805e-19,2.308e-29,8.909e-18,1.000e-2,1.441e-30,1.259e-19,,,2.563e-18,2.514e-18,6.728e-37,5.677e-18,,1.409e-7,1.888e-1,,,1.300e-21,3.781e-17,4.150e-17,1.130e-28,,5.279e-22,4.816e-14,9.881e-17,1.830e+0,,1.585e-1,2.891e-18,1.842e+0,,,,,1.342e-9,,,,,,,,,,,,,,
666.25,4.195e+0,1.941e-3,2.882e-23,1.492e-42,7.971e-18,,,1.433e-18,5.392e-20,,4.836e-16,6.808e-19,2.308e-29,8.909e-18,1.009e-2,1.443e-30,1.259e-19,,,2.562e-18,2.515e-18,6.726e-37,5.672e-18,,1.479e-7,1.885e-1,,,1.301e-21,3.783e-17,2.917e-17,1.130e-28,,5.281e-22,6.675e-14,9.883e-17,1.809e+0,,1.591e-1,4.193e-18,2.027e+0,,,,,1.758e-9,,,,,,,,,,,,,,
666.28,4.463e+0,2.184e-3,2.855e-23,1.495e-42,7.976e-18,,,1.433e-18,5.396e-20,,4.832e-16,6.811e-19,2.309e-29,8.909e-18,1.022e-2,1.445e-30,1.260e-19,,,2.560e-18,2.515e-18,6.723e-37,5.665e-18,,1.584e-7,1.877e-1,,,1.302e-21,3.787e-17,1.714e-17,1.130e-28,,5.283e-22,1.086e-13,9.885e-17,1.773e+0,,1.594e-1,7.301e-18,2.331e+0,,,,,2.626e-9,,,,,,,,,,,,,,
666.3,4.658e+0,2.358e-3,2.837e-23,1.497e-42,7.979e-18,,,1.432e-18,5.400e-20,,4.829e-16,6.813e-19,2.310e-29,8.909e-18,1.030e-2,1.447e-30,1.260e-19,,,2.559e-18,2.516e-18,6.720e-37,5.660e-18,,1.655e-7,1.869e-1,,,1.303e-21,3.789e-17,1.199e-17,1.130e-28,,5.285e-22,1.498e-13,9.887e-17,1.746e+0,,1.594e-1,1.054e-17,2.554e+0,,,,,3.425e-9,,,,,,,,,,,,,,
666.33,4.977e+0,2.636e-3,2.810e-23,1.500e-42,7.984e-18,,,1.432e-18,5.405e-20,,4.824e-16,6.817e-19,2.311e-29,8.908e-18,1.041e-2,1.450e-30,1.260e-19,,,2.558e-18,2.516e-18,6.717e-37,5.653e-18,,1.762e-7,1.853e-1,,,1.305e-21,3.792e-17,7.000e-18,1.130e-28,,5.287e-22,2.421e-13,9.890e-17,1.701e+0,,1.589e-1,1.824e-17,2.918e+0,,,,,5.085e-9,,,,,,,,,,,,,,
666.35,5.207e+0,2.834e-3,2.792e-23,1.501e-42,7.987e-18,,,1.432e-18,5.408e-20,,4.821e-16,6.819e-19,2.311e-29,8.908e-18,1.049e-2,1.452e-30,1.260e-19,,,2.556e-18,2.516e-18,6.714e-37,5.648e-18,,1.833e-7,1.841e-1,,,1.306e-21,3.794e-17,4.878e-18,1.130e-28,,5.289e-22,3.327e-13,9.892e-17,1.669e+0,,1.583e-1,2.623e-17,3.183e+0,,,,,6.603e-9,,,,,,,,,,,,,,
666.38,5.583e+0,3.147e-3,2.765e-23,1.504e-42,7.992e-18,,,1.432e-18,5.413e-20,,4.817e-16,6.822e-19,2.312e-29,8.908e-18,1.060e-2,1.455e-30,1.261e-19,,,2.555e-18,2.517e-18,6.711e-37,5.640e-18,,1.939e-7,1.819e-1,,,1.307e-21,3.798e-17,2.828e-18,1.130e-28,,5.291e-22,5.342e-13,9.894e-17,1.617e+0,,1.570e-1,4.509e-17,3.614e+0,,,,,9.739e-9,,,,,,,,,,,,,,
666.4,5.855e+0,3.369e-3,2.747e-23,1.506e-42,7.996e-18,,,1.432e-18,5.416e-20,,4.814e-16,6.825e-19,2.313e-29,8.908e-18,1.068e-2,1.457e-30,1.261e-19,,,2.554e-18,2.517e-18,6.708e-37,5.636e-18,,2.009e-7,1.802e-1,,,1.308e-21,3.800e-17,1.962e-18,1.130e-28,,5.293e-22,7.309e-13,9.896e-17,1.580e+0,,1.559e-1,6.456e-17,3.925e+0,,,,,1.259e-8,,,,,,,,,,,,,,
666.43,6.295e+0,3.718e-3,2.720e-23,1.509e-42,8.000e-18,,,1.432e-18,5.421e-20,,4.810e-16,6.828e-19,2.313e-29,8.908e-18,1.079e-2,1.459e-30,1.262e-19,,,2.552e-18,2.518e-18,6.705e-37,5.628e-18,,2.111e-7,1.775e-1,,,1.309e-21,3.803e-17,1.130e-18,1.130e-28,,5.295e-22,1.166e-12,9.899e-17,1.522e+0,,1.538e-1,1.103e-16,4.428e+0,,,,,1.846e-8,,,,,,,,,,,,,,
666.45,6.611e+0,3.962e-3,2.702e-23,1.511e-42,8.004e-18,,,1.432e-18,5.424e-20,,4.807e-16,6.830e-19,2.314e-29,8.908e-18,1.086e-2,1.461e-30,1.262e-19,,,2.551e-18,2.518e-18,6.702e-37,5.623e-18,,2.178e-7,1.755e-1,,,1.310e-21,3.805e-17,7.807e-19,1.130e-28,,5.297e-22,1.589e-12,9.901e-17,1.481e+0,,1.521e-1,1.572e-16,4.788e+0,,,,,2.377e-8,,,,,,,,,,,,,,
666.47,6.947e+0,4.215e-3,2.684e-23,1.513e-42,8.007e-18,,,1.432e-18,5.427e-20,,4.804e-16,6.832e-19,2.315e-29,8.907e-18,1.094e-2,1.463e-30,1.262e-19,,,2.550e-18,2.519e-18,6.700e-37,5.619e-18,,2.242e-7,1.734e-1,,,1.311e-21,3.807e-17,5.384e-19,1.131e-28,,5.299e-22,2.161e-12,9.902e-17,1.439e+0,,1.503e-1,2.238e-16,5.169e+0,,,,,3.055e-8,,,,,,,,,,,,,,
666.5,7.486e+0,4.610e-3,2.657e-23,1.515e-42,8.012e-18,,,1.432e-18,5.432e-20,,4.800e-16,6.836e-19,2.316e-29,8.907e-18,1.105e-2,1.466e-30,1.262e-19,,,2.548e-18,2.519e-18,6.697e-37,5.611e-18,,2.335e-7,1.700e-1,,,1.312e-21,3.811e-17,3.073e-19,1.131e-28,,5.301e-22,3.417e-12,9.905e-17,1.374e+0,,1.471e-1,3.789e-16,5.779e+0,,,,,4.437e-8,,,,,,,,,,,,,,
666.52,7.870e+0,4.883e-3,2.639e-23,1.517e-42,8.015e-18,,,1.432e-18,5.435e-20,,4.797e-16,6.838e-19,2.316e-29,8.907e-18,1.113e-2,1.468e-30,1.263e-19,,,2.547e-18,2.520e-18,6.694e-37,5.606e-18,,2.394e-7,1.677e-1,,,1.313e-21,3.813e-17,2.110e-19,1.131e-28,,5.303e-22,4.628e-12,9.907e-17,1.330e+0,,1.448e-1,5.370e-16,6.212e+0,,,,,5.679e-8,,,,,,,,,,,,,,
666.55,8.484e+0,5.307e-3,2.612e-23,1.520e-42,8.020e-18,,,1.432e-18,5.440e-20,,4.793e-16,6.842e-19,2.317e-29,8.907e-18,1.126e-2,1.470e-30,1.263e-19,,,2.546e-18,2.520e-18,6.691e-37,5.599e-18,,2.478e-7,1.640e-1,,,1.315e-21,3.816e-17,2.113e-19,1.131e-28,,5.305e-22,7.272e-12,9.910e-17,1.262e+0,,1.411e-1,9.033e-16,6.900e+0,,,,,8.196e-8,,,,,,,,,,,,,,
666.57,8.919e+0,5.597e-3,2.595e-23,1.522e-42,8.023e-18,,,1.432e-18,5.444e-20,,4.790e-16,6.844e-19,2.318e-29,8.907e-18,1.134e-2,1.472e-30,1.263e-19,,,2.544e-18,2.521e-18,6.688e-37,5.594e-18,,2.529e-7,1.615e-1,,,1.316e-21,3.818e-17,2.115e-19,1.131e-28,,5.307e-22,9.808e-12,9.911e-17,1.216e+0,,1.384e-1,1.275e-15,7.385e+0,,,,,1.045e-7,,,,,,,,,,,,,,
666.6,9.608e+0,6.043e-3,2.568e-23,1.525e-42,8.028e-18,,,1.432e-18,5.448e-20,,4.785e-16,6.847e-19,2.318e-29,8.907e-18,1.147e-2,1.475e-30,1.264e-19,,,2.543e-18,2.521e-18,6.685e-37,5.587e-18,,2.601e-7,1.576e-1,,,1.317e-21,3.822e-17,2.118e-19,1.131e-28,,5.309e-22,1.531e-11,9.914e-17,1.147e+0,,1.341e-1,2.131e-15,8.151e+0,,,,,1.498e-7,,,,,,,,,,,,,,
666.62,1.009e+1,6.347e-3,2.550e-23,1.527e-42,8.031e-18,,,1.432e-18,5.452e-20,,4.783e-16,6.849e-19,2.319e-29,8.907e-18,1.156e-2,1.477e-30,1.264e-19,,,2.542e-18,2.521e-18,6.682e-37,5.582e-18,,2.643e-7,1.550e-1,,,1.318e-21,3.824e-17,2.120e-19,1.131e-28,,5.311e-22,2.056e-11,9.916e-17,1.101e+0,,1.311e-1,2.994e-15,8.687e+0,,,,,1.901e-7,,,,,,,,,,,,,,
666.65,1.085e+1,6.809e-3,2.523e-23,1.529e-42,8.036e-18,,,1.432e-18,5.457e-20,,4.778e-16,6.853e-19,2.320e-29,8.906e-18,1.169e-2,1.480e-30,1.264e-19,,,2.540e-18,2.522e-18,6.679e-37,5.575e-18,,2.700e-7,1.509e-1,,,1.319e-21,3.827e-17,2.123e-19,1.131e-28,,5.314e-22,3.190e-11,9.919e-17,1.032e+0,,1.264e-1,4.973e-15,9.527e+0,,,,,2.709e-7,,,,,,,,,,,,,,
666.67,1.139e+1,7.120e-3,2.505e-23,1.531e-42,8.040e-18,,,1.432e-18,5.460e-20,,4.775e-16,6.855e-19,2.321e-29,8.906e-18,1.178e-2,1.482e-30,1.265e-19,,,2.539e-18,2.522e-18,6.677e-37,5.570e-18,,2.733e-7,1.482e-1,,,1.320e-21,3.829e-17,2.125e-19,1.131e-28,,5.315e-22,4.265e-11,9.920e-17,9.863e-1,,1.231e-1,6.959e-15,1.011e+1,,,,,3.423e-7,,,,,,,,,,,,,,
666.7,1.222e+1,7.589e-3,2.478e-23,1.534e-42,8.045e-18,,,1.432e-18,5.465e-20,,4.771e-16,6.859e-19,2.321e-29,8.906e-18,1.192e-2,1.484e-30,1.265e-19,,,2.537e-18,2.523e-18,6.673e-37,5.563e-18,,2.774e-7,1.440e-1,,,1.322e-21,3.833e-17,2.128e-19,1.131e-28,,5.318e-22,6.574e-11,9.923e-17,9.186e-1,,1.180e-1,1.148e-14,1.102e+1,,,,,4.846e-7,,,,,,,,,,,,,,
666.72,1.279e+1,7.902e-3,2.460e-23,1.536e-42,8.048e-18,,,1.432e-18,5.468e-20,,4.768e-16,6.861e-19,2.322e-29,8.906e-18,1.202e-2,1.486e-30,1.265e-19,,,2.536e-18,2.523e-18,6.671e-37,5.558e-18,,2.796e-7,1.412e-1,,,1.323e-21,3.835e-17,2.130e-19,1.131e-28,,5.319e-22,8.753e-11,9.925e-17,8.743e-1,,1.146e-1,1.600e-14,1.164e+1,,,,,6.097e-7,,,,,,,,,,,,,,
666.75,1.368e+1,8.369e-3,2.433e-23,1.539e-42,8.053e-18,,,1.431e-18,5.473e-20,,4.764e-16,6.864e-19,2.323e-29,8.906e-18,1.215e-2,1.489e-30,1.266e-19,,,2.535e-18,2.524e-18,6.667e-37,5.551e-18,,2.819e-7,1.370e-1,,,1.324e-21,3.838e-17,2.133e-19,1.131e-28,,5.322e-22,1.341e-10,9.928e-17,8.091e-1,,1.093e-1,2.624e-14,1.260e+1,,,,,8.577e-7,,,,,,,,,,,,,,
666.77,1.428e+1,8.676e-3,2.415e-23,1.540e-42,8.056e-18,,,1.431e-18,5.476e-20,,4.761e-16,6.866e-19,2.323e-29,8.906e-18,1.224e-2,1.491e-30,1.266e-19,,,2.533e-18,2.524e-18,6.665e-37,5.546e-18,,2.829e-7,1.342e-1,,,1.325e-21,3.840e-17,2.134e-19,1.131e-28,,5.323e-22,1.777e-10,9.929e-17,7.668e-1,,1.057e-1,3.641e-14,1.326e+1,,,,,1.075e-6,,,,,,,,,,,,,,
666.8,1.522e+1,9.130e-3,2.388e-23,1.543e-42,8.061e-18,,,1.431e-18,5.481e-20,,4.757e-16,6.870e-19,2.324e-29,8.905e-18,1.238e-2,1.494e-30,1.266e-19,,,2.532e-18,2.525e-18,6.661e-37,5.539e-18,,2.834e-7,1.300e-1,,,1.326e-21,3.844e-17,2.137e-19,1.131e-28,,5.326e-22,2.705e-10,9.932e-17,7.051e-1,,1.003e-1,5.932e-14,1.426e+1,,,,,1.502e-6,,,,,,,,,,,,,,
666.82,1.585e+1,9.425e-3,2.370e-23,1.545e-42,8.064e-18,,,1.431e-18,5.484e-20,,4.754e-16,6.872e-19,2.325e-29,8.905e-18,1.246e-2,1.495e-30,1.267e-19,,,2.531e-18,2.525e-18,6.659e-37,5.534e-18,,2.832e-7,1.271e-1,,,1.327e-21,3.846e-17,2.139e-19,1.131e-28,,5.328e-22,3.571e-10,9.934e-17,6.654e-1,,9.672e-2,8.196e-14,1.494e+1,,,,,1.874e-6,,,,,,,,,,,,,,
666.84,1.649e+1,9.712e-3,2.352e-23,1.547e-42,8.067e-18,,,1.431e-18,5.487e-20,,4.751e-16,6.874e-19,2.325e-29,8.905e-18,1.254e-2,1.497e-30,1.267e-19,,,2.530e-18,2.526e-18,6.656e-37,5.529e-18,,2.825e-7,1.243e-1,,,1.328e-21,3.848e-17,2.141e-19,1.131e-28,,5.329e-22,4.706e-10,9.936e-17,6.269e-1,,9.310e-2,1.130e-13,1.562e+1,,,,,2.334e-6,,,,,,,,,,,,,,
666.87,1.746e+1,1.013e-2,2.325e-23,1.550e-42,8.072e-18,,,1.431e-18,5.492e-20,,4.747e-16,6.878e-19,2.326e-29,8.905e-18,1.266e-2,1.500e-30,1.267e-19,,,2.528e-18,2.526e-18,6.653e-37,5.522e-18,,2.805e-7,1.201e-1,,,1.330e-21,3.851e-17,2.144e-19,1.131e-28,,5.332e-22,7.098e-10,9.938e-17,5.713e-1,,8.770e-2,1.825e-13,1.665e+1,,,,,3.233e-6,,,,,,,,,,,,,,
666.89,1.810e+1,1.039e-2,2.307e-23,1.552e-42,8.076e-18,,,1.431e-18,5.496e-20,,4.744e-16,6.880e-19,2.327e-29,8.905e-18,1.273e-2,1.502e-30,1.268e-19,,,2.527e-18,2.526e-18,6.651e-37,5.517e-18,,2.785e-7,1.173e-1,,,1.330e-21,3.854e-17,2.146e-19,1.131e-28,,5.333e-22,9.315e-10,9.940e-17,5.359e-1,,8.412e-2,2.507e-13,1.734e+1,,,,,4.009e-6,,,,,,,,,,,,,,
666.92,1.907e+1,1.077e-2,2.280e-23,1.554e-42,8.081e-18,,,1.431e-18,5.500e-20,,4.739e-16,6.883e-19,2.328e-29,8.905e-18,1.282e-2,1.505e-30,1.268e-19,,,2.525e-18,2.527e-18,6.647e-37,5.509e-18,,2.748e-7,1.131e-1,,,1.332e-21,3.857e-17,2.149e-19,1.131e-28,,5.336e-22,1.396e-9,9.943e-17,4.853e-1,,7.882e-2,4.023e-13,1.837e+1,,,,,5.519e-6,,,,,,,,,,,,,,
666.94,1.971e+1,1.100e-2,2.262e-23,1.556e-42,8.084e-18,,,1.431e-18,5.504e-20,,4.737e-16,6.886e-19,2.328e-29,8.904e-18,1.287e-2,1.507e-30,1.268e-19,,,2.524e-18,2.527e-18,6.645e-37,5.505e-18,,2.717e-7,1.103e-1,,,1.333e-21,3.859e-17,2.151e-19,1.131e-28,,5.337e-22,1.824e-9,9.945e-17,4.533e-1,,7.534e-2,5.501e-13,1.904e+1,,,,,6.814e-6,,,,,,,,,,,,,,
666.97,2.065e+1,1.133e-2,2.235e-23,1.559e-42,8.089e-18,,,1.431e-18,5.509e-20,,4.732e-16,6.889e-19,2.329e-29,8.904e-18,1.293e-2,1.509e-30,1.269e-19,,,2.523e-18,2.528e-18,6.641e-37,5.497e-18,,2.663e-7,1.061e-1,,,1.334e-21,3.862e-17,2.154e-19,1.131e-28,,5.340e-22,2.716e-9,9.947e-17,4.079e-1,,7.022e-2,8.771e-13,2.004e+1,,,,,9.320e-6,,,,,,,,,,,,,,
666.99,2.127e+1,1.152e-2,2.218e-23,1.561e-42,8.092e-18,,,1.431e-18,5.512e-20,,4.729e-16,6.891e-19,2.330e-29,8.904e-18,1.296e-2,1.511e-30,1.269e-19,,,2.521e-18,2.528e-18,6.639e-37,5.492e-18,,2.622e-7,1.033e-1,,,1.335e-21,3.865e-17,2.156e-19,1.132e-28,,5.342e-22,3.535e-9,9.949e-17,3.794e-1,,6.688e-2,1.194e-12,2.069e+1,,,,,1.146e-5,,,,,,,,,,,,,,
667.02,2.216e+1,1.178e-2,2.191e-23,1.564e-42,8.097e-18,,,1.431e-18,5.517e-20,,4.725e-16,6.895e-19,2.331e-29,8.904e-18,1.298e-2,1.514e-30,1.269e-19,,,2.520e-18,2.529e-18,6.635e-37,5.485e-18,,2.554e-7,9.911e-2,,,1.336e-21,3.868e-17,2.159e-19,1.132e-28,,5.344e-22,5.230e-9,9.952e-17,3.392e-1,,6.200e-2,1.892e-12,2.164e+1,,,,,1.557e-5,,,,,,,,,,,,,,
667.04,2.274e+1,1.194e-2,2.173e-23,1.566e-42,8.100e-18,,,1.431e-18,5.520e-20,,4.722e-16,6.897e-19,2.331e-29,8.904e-18,1.299e-2,1.516e-30,1.270e-19,,,2.519e-18,2.529e-18,6.633e-37,5.480e-18,,2.504e-7,9.634e-2,,,1.337e-21,3.870e-17,2.161e-19,1.132e-28,,5.346e-22,6.776e-9,9.954e-17,3.141e-1,,5.884e-2,2.566e-12,2.224e+1,,,,,1.907e-5,,,,,,,,,,,,,,
667.07,2.356e+1,1.213e-2,2.146e-23,1.568e-42,8.105e-18,,,1.431e-18,5.525e-20,,4.718e-16,6.900e-19,2.332e-29,8.904e-18,1.297e-2,1.519e-30,1.270e-19,,,2.517e-18,2.530e-18,6.629e-37,5.473e-18,,2.423e-7,9.221e-2,,,1.339e-21,3.873e-17,2.164e-19,1.132e-28,,5.348e-22,9.962e-9,9.956e-17,2.790e-1,,5.426e-2,4.039e-12,2.311e+1,,,,,2.574e-5,,,,,,,,,,,,,,
667.09,2.407e+1,1.224e-2,2.128e-23,1.570e-42,8.108e-18,,,1.431e-18,5.528e-20,,4.715e-16,6.903e-19,2.333e-29,8.904e-18,1.294e-2,1.521e-30,1.270e-19,,,2.516e-18,2.530e-18,6.627e-37,5.468e-18,,2.365e-7,8.947e-2,,,1.340e-21,3.876e-17,2.166e-19,1.132e-28,,5.350e-22,1.285e-8,9.958e-17,2.573e-1,,5.131e-2,5.454e-12,2.365e+1,,,,,3.138e-5,,,,,,,,,,,,,,
667.12,2.480e+1,1.236e-2,2.101e-23,1.573e-42,8.113e-18,,,1.431e-18,5.533e-20,,4.711e-16,6.906e-19,2.334e-29,8.903e-18,1.287e-2,1.523e-30,1.271e-19,,,2.514e-18,2.531e-18,6.623e-37,5.461e-18,,2.274e-7,8.537e-2,,,1.341e-21,3.879e-17,2.169e-19,1.132e-28,,5.352e-22,1.878e-8,9.961e-17,2.271e-1,,4.705e-2,8.530e-12,2.441e+1,,,,,4.211e-5,,,,,,,,,,,,,,
667.14,2.524e+1,1.241e-2,2.083e-23,1.575e-42,8.116e-18,,,1.431e-18,5.536e-20,,4.708e-16,6.908e-19,2.334e-29,8.903e-18,1.281e-2,1.525e-30,1.271e-19,,,2.513e-18,2.531e-18,6.621e-37,5.456e-18,,2.210e-7,8.266e-2,,,1.342e-21,3.881e-17,2.171e-19,1.132e-28,,5.354e-22,2.412e-8,9.963e-17,2.085e-1,,4.433e-2,1.147e-11,2.488e+1,,,,,5.111e-5,,,,,,,,,,,,,,
667.17,2.585e+1,1.245e-2,2.056e-23,1.578e-42,8.121e-18,,,1.430e-18,5.541e-20,,4.703e-16,6.912e-19,2.335e-29,8.903e-18,1.269e-2,1.528e-30,1.271e-19,,,2.512e-18,2.532e-18,6.618e-37,5.449e-18,,2.111e-7,7.862e-2,,,1.343e-21,3.884e-17,2.174e-19,1.132e-28,,5.356e-22,3.501e-8,9.965e-17,1.829e-1,,4.044e-2,1.782e-11,2.552e+1,,,,,6.814e-5,,,,,,,,,,,,,,
667.19,2.621e+1,1.245e-2,2.038e-23,1.579e-42,8.125e-18,,,1.430e-18,5.544e-20,,4.701e-16,6.914e-19,2.336e-29,8.903e-18,1.259e-2,1.530e-30,1.272e-19,,,2.510e-18,2.532e-18,6.615e-37,5.444e-18,,2.043e-7,7.594e-2,,,1.344e-21,3.887e-17,2.176e-19,1.132e-28,,5.358e-22,4.479e-8,9.967e-17,1.672e-1,,3.796e-2,2.386e-11,2.590e+1,,,,,8.236e-5,,,,,,,,,,,,,,
667.22,2.667e+1,1.241e-2,2.011e-23,1.582e-42,8.130e-18,,,1.430e-18,5.549e-20,,4.696e-16,6.917e-19,2.337e-29,8.903e-18,1.242e-2,1.533e-30,1.272e-19,,,2.509e-18,2.532e-18,6.612e-37,5.437e-18,,1.939e-7,7.197e-2,,,1.346e-21,3.890e-17,2.179e-19,1.132e-28,,5.361e-22,6.459e-8,9.970e-17,1.457e-1,,3.444e-2,3.685e-11,2.639e+1,,,,,1.091e-4,,,,,,,,,,,,,,
667.24,2.693e+1,1.236e-2,1.993e-23,1.584e-42,8.133e-18,,,1.430e-18,5.552e-20,,4.693e-16,6.920e-19,2.337e-29,8.903e-18,1.228e-2,1.534e-30,1.272e-19,,,2.508e-18,2.533e-18,6.609e-37,5.432e-18,,1.869e-7,6.934e-2,,,1.347e-21,3.892e-17,2.181e-19,1.132e-28,,5.362e-22,8.228e-8,9.972e-17,1.326e-1,,3.221e-2,4.913e-11,2.667e+1,,,,,1.313e-4,,,,,,,,,,,,,,
667.26,2.714e+1,1.228e-2,1.975e-23,1.586e-42,8.136e-18,,,1.430e-18,5.556e-20,,4.690e-16,6.922e-19,2.338e-29,8.902e-18,1.213e-2,1.536e-30,1.273e-19,,,2.507e-18,2.533e-18,6.607e-37,5.427e-18,,1.798e-7,6.675e-2,,,1.348e-21,3.894e-17,2.183e-19,1.132e-28,,5.364e-22,1.046e-7,9.973e-17,1.205e-1,,3.008e-2,6.538e-11,2.690e+1,,,,,1.578e-4,,,,,,,,,,,,,,
667.29,2.739e+1,1.213e-2,1.948e-23,1.589e-42,8.141e-18,,,1.430e-18,5.561e-20,,4.686e-16,6.925e-19,2.339e-29,8.902e-18,1.188e-2,1.539e-30,1.273e-19,,,2.505e-18,2.534e-18,6.603e-37,5.420e-18,,1.691e-7,6.290e-2,,,1.349e-21,3.898e-17,2.186e-19,1.132e-28,,5.366e-22,1.496e-7,9.976e-17,1.041e-1,,2.708e-2,1.001e-10,2.717e+1,,,,,2.071e-4,,,,,,,,,,,,,,
667.31,2.749e+1,1.201e-2,1.930e-23,1.591e-42,8.144e-18,,,1.430e-18,5.564e-20,,4.683e-16,6.928e-19,2.339e-29,8.902e-18,1.170e-2,1.541e-30,1.273e-19,,,2.504e-18,2.534e-18,6.601e-37,5.415e-18,,1.620e-7,6.037e-2,,,1.350e-21,3.900e-17,2.188e-19,1.132e-28,,5.368e-22,1.894e-7,9.978e-17,9.425e-2,,2.520e-2,1.326e-10,2.729e+1,,,,,2.478e-4,,,,,,,,,,,,,,
667.34,2.757e+1,1.178e-2,1.903e-23,1.593e-42,8.149e-18,,,1.430e-18,5.569e-20,,4.679e-16,6.931e-19,2.340e-29,8.902e-18,1.140e-2,1.544e-30,1.274e-19,,,2.502e-18,2.535e-18,6.597e-37,5.407e-18,,1.514e-7,5.665e-2,,,1.351e-21,3.903e-17,2.191e-19,1.132e-28,,5.370e-22,2.690e-7,9.981e-17,8.092e-2,,2.255e-2,2.017e-10,2.738e+1,,,,,3.232e-4,,,,,,,,,,,,,,
667.36,2.756e+1,1.161e-2,1.885e-23,1.595e-42,8.152e-18,,,1.430e-18,5.572e-20,,4.676e-16,6.933e-19,2.341e-29,8.902e-18,1.119e-2,1.546e-30,1.274e-19,,,2.501e-18,2.535e-18,6.595e-37,5.403e-18,,1.444e-7,5.421e-2,,,1.352e-21,3.905e-17,2.193e-19,1.132e-28,,5.372e-22,3.391e-7,9.982e-17,7.295e-2,,2.091e-2,2.661e-10,2.739e+1,,,,,3.850e-4,,,,,,,,,,,,,,
667.39,2.746e+1,1.133e-2,1.858e-23,1.598e-42,8.157e-18,,,1.430e-18,5.577e-20,,4.672e-16,6.937e-19,2.342e-29,8.902e-18,1.085e-2,1.548e-30,1.274e-19,,,2.500e-18,2.536e-18,6.592e-37,5.395e-18,,1.340e-7,5.063e-2,,,1.354e-21,3.909e-17,2.196e-19,1.132e-28,,5.375e-22,4.786e-7,9.985e-17,6.228e-2,,1.861e-2,4.022e-10,2.730e+1,,,,,4.991e-4,,,,,,,,,,,,,,
667.41,2.734e+1,1.111e-2,1.841e-23,1.600e-42,8.161e-18,,,1.430e-18,5.580e-20,,4.669e-16,6.939e-19,2.342e-29,8.901e-18,1.060e-2,1.550e-30,1.275e-19,,,3.620e-18,2.536e-18,6.589e-37,5.390e-18,,1.273e-7,4.830e-2,,,1.354e-21,3.911e-17,2.198e-19,1.132e-28,,5.376e-22,6.008e-7,9.987e-17,5.595e-2,,1.719e-2,5.284e-10,2.719e+1,,,,,5.920e-4,,,,,,,,,,,,,,
667.44,2.707e+1,1.077e-2,1.814e-23,1.603e-42,8.165e-18,,,1.430e-18,5.585e-20,,4.665e-16,6.942e-19,2.343e-29,8.901e-18,1.022e-2,1.553e-30,1.275e-19,,,6.291e-18,2.537e-18,6.586e-37,5.383e-18,,1.174e-7,4.490e-2,,,1.356e-21,3.914e-17,2.201e-19,1.132e-28,,5.379e-22,8.425e-7,9.989e-17,4.752e-2,,1.521e-2,7.934e-10,2.694e+1,,,,,7.624e-4,,,,,,,,,,,,,,
667.46,2.683e+1,1.052e-2,1.796e-23,1.604e-42,8.169e-18,,,1.430e-18,5.588e-20,,4.662e-16,6.944e-19,2.344e-29,8.901e-18,9.956e-3,1.555e-30,1.275e-19,,,9.074e-18,2.537e-18,6.583e-37,5.378e-18,,1.110e-7,4.269e-2,,,1.357e-21,3.916e-17,2.203e-19,1.132e-28,,5.380e-22,1.053e-6,9.991e-17,4.257e-2,,1.399e-2,1.038e-9,2.671e+1,,,,,9.005e-4,,,,,,,,,,,,,,
667.49,2.640e+1,1.013e-2,1.769e-23,1.607e-42,8.174e-18,,,1.430e-18,5.593e-20,,4.657e-16,6.948e-19,2.344e-29,8.901e-18,9.543e-3,1.558e-30,1.276e-19,,,1.567e-17,2.537e-18,6.580e-37,5.371e-18,,1.018e-7,3.948e-2,,,1.358e-21,3.920e-17,2.206e-19,1.132e-28,,5.383e-22,1.468e-6,9.994e-17,3.603e-2,,1.231e-2,1.549e-9,2.629e+1,,,,,1.152e-3,,,,,,,,,,,,,,
667.51,2.606e+1,9.853e-3,1.751e-23,1.609e-42,8.177e-18,,,1.430e-18,5.596e-20,,4.655e-16,6.950e-19,2.345e-29,8.901e-18,9.259e-3,1.560e-30,1.276e-19,,,2.250e-17,2.538e-18,6.577e-37,5.366e-18,,9.582e-8,3.741e-2,,,1.359e-21,3.922e-17,2.208e-19,1.133e-28,,5.384e-22,1.827e-6,9.996e-17,3.222e-2,,1.129e-2,2.018e-9,2.596e+1,,,,,1.355e-3,,,,,,,,,,,,,,
667.54,2.547e+1,9.425e-3,1.724e-23,1.612e-42,8.182e-18,,,1.430e-18,5.601e-20,,4.650e-16,6.954e-19,2.346e-29,8.901e-18,8.824e-3,1.562e-30,1.276e-19,,,3.861e-17,2.538e-18,6.574e-37,5.359e-18,,8.726e-8,3.441e-2,,,1.360e-21,3.925e-17,2.211e-19,1.133e-28,,5.387e-22,2.529e-6,9.998e-17,2.724e-2,,9.875e-3,2.992e-9,2.538e+1,,,,,1.723e-3,,,,,,,,,,,,,,
667.56,2.504e+1,9.130e-3,1.706e-23,1.614e-42,8.185e-18,,,1.430e-18,5.605e-20,,4.647e-16,6.956e-19,2.347e-29,8.901e-18,8.529e-3,1.564e-30,1.277e-19,,,5.522e-17,2.539e-18,6.572e-37,5.354e-18,,8.181e-8,3.249e-2,,,1.361e-21,3.927e-17,2.213e-19,1.133e-28,,5.389e-22,3.135e-6,1.000e-16,2.438e-2,,9.016e-3,3.881e-9,2.495e+1,,,,,2.018e-3,,,,,,,,,,,,,,
667.59,2.432e+1,8.676e-3,1.679e-23,1.617e-42,8.190e-18,,,1.429e-18,5.609e-20,,4.643e-16,6.959e-19,2.347e-29,8.900e-18,8.080e-3,1.567e-30,1.277e-19,,,9.413e-17,2.539e-18,6.568e-37,5.347e-18,,7.402e-8,2.973e-2,,,1.363e-21,3.931e-17,2.216e-19,1.133e-28,,5.391e-22,4.312e-6,1.000e-16,2.070e-2,,7.843e-3,5.717e-9,2.425e+1,,,,,2.549e-3,,,,,,,,,,,,,,
667.61,2.381e+1,8.369e-3,1.661e-23,1.618e-42,8.193e-18,,,1.429e-18,5.613e-20,,4.640e-16,6.961e-19,2.348e-29,8.900e-18,7.779e-3,1.569e-30,1.277e-19,,,1.341e-16,2.540e-18,6.566e-37,5.342e-18,,6.910e-8,2.797e-2,,,1.364e-21,3.933e-17,2.218e-19,1.133e-28,,5.393e-22,5.323e-6,1.000e-16,1.862e-2,,7.133e-3,7.385e-9,2.373e+1,,,,,2.973e-3,,,,,,,,,,,,,,
667.63,2.326e+1,8.058e-3,1.643e-23,1.620e-42,8.197e-18,,,1.429e-18,5.616e-20,,4.637e-16,6.964e-19,2.349e-29,8.900e-18,7.477e-3,1.571e-30,1.278e-19,,,1.906e-16,2.540e-18,6.563e-37,5.337e-18,,6.439e-8,2.627e-2,,,1.365e-21,3.935e-17,2.220e-19,1.133e-28,,5.394e-22,6.558e-6,1.001e-16,1.681e-2,,6.477e-3,9.525e-9,2.319e+1,,,,,3.461e-3,,,,,,,,,,,,,,
667.66,2.240e+1,7.589e-3,1.616e-23,1.623e-42,8.201e-18,,,1.429e-18,5.621e-20,,4.633e-16,6.967e-19,2.349e-29,8.900e-18,7.025e-3,1.573e-30,1.278e-19,,,3.220e-16,2.541e-18,6.560e-37,5.330e-18,,5.774e-8,2.385e-2,,,1.366e-21,3.938e-17,2.223e-19,1.133e-28,,5.397e-22,8.942e-6,1.001e-16,1.457e-2,,5.588e-3,1.391e-8,2.233e+1,,,,,4.333e-3,,,,,,,,,,,,,,
667.68,2.179e+1,7.276e-3,1.598e-23,1.625e-42,8.205e-18,,,1.429e-18,5.624e-20,,4.630e-16,6.969e-19,2.350e-29,8.900e-18,6.725e-3,1.575e-30,1.278e-19,,,4.559e-16,2.541e-18,6.557e-37,5.325e-18,,5.357e-8,2.232e-2,,,1.367e-21,3.941e-17,2.225e-19,1.133e-28,,5.398e-22,1.097e-5,1.001e-16,1.337e-2,,5.055e-3,1.786e-8,2.173e+1,,,,,5.022e-3,,,,,,,,,,,,,,
667.71,2.085e+1,6.809e-3,1.571e-23,1.628e-42,8.210e-18,,,1.429e-18,5.629e-20,,4.626e-16,6.973e-19,2.351e-29,8.900e-18,6.280e-3,1.578e-30,1.279e-19,,,7.655e-16,2.542e-18,6.554e-37,5.318e-18,,4.773e-8,2.014e-2,,,1.368e-21,3.944e-17,2.228e-19,1.133e-28,,5.401e-22,1.486e-5,1.001e-16,1.198e-2,,4.336e-3,2.590e-8,2.079e+1,,,,,6.248e-3,,,,,,,,,,,,,,
667.73,2.020e+1,6.500e-3,1.553e-23,1.630e-42,8.213e-18,,,1.429e-18,5.632e-20,,4.623e-16,6.975e-19,2.351e-29,8.899e-18,5.987e-3,1.580e-30,1.279e-19,,,1.079e-15,2.542e-18,6.551e-37,5.313e-18,,4.410e-8,1.878e-2,,,1.369e-21,3.946e-17,2.230e-19,1.133e-28,,5.403e-22,1.816e-5,1.002e-16,1.129e-2,,3.906e-3,3.312e-8,2.014e+1,,,,,7.212e-3,,,,,,,,,,,,,,
667.76,1.920e+1,6.043e-3,1.526e-23,1.632e-42,8.218e-18,,,1.429e-18,5.637e-20,,4.619e-16,6.978e-19,2.352e-29,8.899e-18,5.557e-3,1.583e-30,1.279e-19,,,1.800e-15,2.542e-18,6.548e-37,5.305e-18,,3.903e-8,1.685e-2,,,1.371e-21,3.949e-17,2.233e-19,1.133e-28,,5.405e-22,2.444e-5,1.002e-16,1.062e-2,,3.331e-3,4.774e-8,1.915e+1,,,,,8.915e-3,,,,,,,,,,,,,,
667.78,1.852e+1,5.745e-3,1.508e-23,1.634e-42,8.221e-18,,,1.429e-18,5.640e-20,,4.616e-16,6.981e-19,2.353e-29,8.899e-18,5.276e-3,1.585e-30,1.280e-19,,,2.527e-15,2.543e-18,6.546e-37,5.301e-18,,3.591e-8,1.564e-2,,,1.371e-21,3.952e-17,2.235e-19,1.133e-28,,5.407e-22,2.973e-5,1.002e-16,1.040e-2,,2.989e-3,6.079e-8,1.847e+1,,,,,1.025e-2,,,,,,,,,,,,,,
667.81,1.750e+1,5.307e-3,1.481e-23,1.637e-42,8.226e-18,,,1.429e-18,5.645e-20,,4.611e-16,6.984e-19,2.354e-29,8.899e-18,4.867e-3,1.587e-30,1.280e-19,,,4.190e-15,2.543e-18,6.542e-37,5.293e-18,,3.158e-8,1.396e-2,,,1.373e-21,3.955e-17,2.238e-19,1.133e-28,,5.409e-22,3.976e-5,1.002e-16,1.039e-2,,2.533e-3,8.707e-8,1.745e+1,,,,,1.258e-2,,,,,,,,,,,,,,
667.83,1.681e+1,5.023e-3,1.464e-23,1.639e-42,8.229e-18,,,1.429e-18,5.648e-20,,4.608e-16,6.986e-19,2.354e-29,8.899e-18,4.602e-3,1.589e-30,1.280e-19,,,5.856e-15,2.544e-18,6.540e-37,5.288e-18,,2.893e-8,1.291e-2,,,1.374e-21,3.957e-17,2.240e-19,1.133e-28,,5.411e-22,4.817e-5,1.002e-16,1.060e-2,,2.264e-3,1.104e-7,1.676e+1,,,,,1.440e-2,,,,,,,,,,,,,,
667.86,1.578e+1,4.610e-3,1.437e-23,1.642e-42,8.234e-18,,,1.429e-18,5.653e-20,,4.604e-16,6.990e-19,2.355e-29,8.899e-18,4.219e-3,1.592e-30,1.281e-19,,,9.647e-15,2.544e-18,6.536e-37,5.281e-18,,2.528e-8,1.144e-2,,,1.375e-21,3.960e-17,2.243e-19,1.133e-28,,5.413e-22,6.401e-5,1.003e-16,1.123e-2,,1.908e-3,1.571e-7,1.573e+1,,,,,1.758e-2,,,,,,,,,,,,,,
667.88,1.510e+1,4.345e-3,1.419e-23,1.643e-42,8.237e-18,,,1.429e-18,5.657e-20,,4.601e-16,6.992e-19,2.356e-29,8.898e-18,3.973e-3,1.594e-30,1.281e-19,,,1.343e-14,2.545e-18,6.534e-37,5.276e-18,,2.305e-8,1.054e-2,,,1.376e-21,3.963e-17,2.245e-19,1.133e-28,,5.415e-22,7.721e-5,1.003e-16,1.186e-2,,1.698e-3,1.983e-7,1.505e+1,,,,,2.003e-2,,,,,,,,,,,,,,
667.91,1.408e+1,3.962e-3,1.392e-23,1.646e-42,8.242e-18,,,1.429e-18,5.661e-20,,4.597e-16,6.995e-19,2.357e-29,8.898e-18,3.619e-3,1.597e-30,1.281e-19,,,2.198e-14,2.545e-18,6.530e-37,5.269e-18,,2.001e-8,9.288e-3,,,1.377e-21,3.966e-17,2.248e-19,1.133e-28,,5.417e-22,1.020e-4,1.003e-16,1.313e-2,,1.422e-3,2.805e-7,1.403e+1,,,,,2.429e-2,,,,,,,,,,,,,,
667.93,1.342e+1,3.718e-3,1.374e-23,1.648e-42,8.246e-18,,,1.429e-18,5.665e-20,,4.594e-16,6.998e-19,2.357e-29,8.898e-18,3.394e-3,1.598e-30,1.282e-19,,,3.046e-14,2.546e-18,6.528e-37,5.264e-18,,1.818e-8,8.520e-3,,,1.378e-21,3.968e-17,2.250e-19,1.133e-28,,5.419e-22,1.225e-4,1.003e-16,1.420e-2,,1.261e-3,3.526e-7,1.336e+1,,,,,2.756e-2,,,,,,,,,,,,,,
667.96,1.244e+1,3.369e-3,1.347e-23,1.651e-42,8.250e-18,,,1.429e-18,5.670e-20,,4.590e-16,7.001e-19,2.358e-29,8.898e-18,3.072e-3,1.601e-30,1.282e-19,,,4.955e-14,2.546e-18,6.524e-37,5.257e-18,,1.568e-8,7.462e-3,,,1.380e-21,3.971e-17,2.253e-19,1.133e-28,,5.422e-22,1.607e-4,1.004e-16,1.615e-2,,1.050e-3,4.954e-7,1.238e+1,,,,,3.320e-2,,,,,,,,,,,,,,
667.98,1.181e+1,3.147e-3,1.329e-23,1.653e-42,8.254e-18,,,1.429e-18,5.673e-20,,4.587e-16,7.003e-19,2.359e-29,8.898e-18,2.869e-3,1.603e-30,1.282e-19,,,6.838e-14,2.546e-18,6.522e-37,5.252e-18,,1.418e-8,6.817e-3,,,1.381e-21,3.974e-17,2.255e-19,1.133e-28,,5.423e-22,1.922e-4,1.004e-16,1.770e-2,,9.274e-4,6.202e-7,1.174e+1,,,,,3.751e-2,,,,,,,,,,,,,,
668,1.119e+1,2.936e-3,1.311e-23,1.655e-42,8.257e-18,,,1.429e-18,5.676e-20,,4.584e-16,7.006e-19,2.359e-29,8.898e-18,2.675e-3,1.605e-30,1.283e-19,,,9.421e-14,2.547e-18,6.520e-37,5.247e-18,,1.280e-8,6.218e-3,,,1.382e-21,3.976e-17,2.257e-19,1.133e-28,,5.425e-22,2.294e-4,1.004e-16,1.946e-2,,8.178e-4,7.750e-7,1.111e+1,,,,,4.231e-2,,,,,,,,,,,,,,
668.03,1.029e+1,2.636e-3,1.284e-23,1.657e-42,8.262e-18,,,1.428e-18,5.681e-20,,4.580e-16,7.009e-19,2.360e-29,8.898e-18,2.400e-3,1.608e-30,1.283e-19,,,1.519e-13,2.547e-18,6.516e-37,5.240e-18,,1.094e-8,5.399e-3,,,1.383e-21,3.979e-17,2.260e-19,1.134e-28,,5.427e-22,2.983e-4,1.004e-16,2.250e-2,,6.754e-4,1.079e-6,1.020e+1,,,,,5.053e-2,,,,,,,,,,,,,,
668.05,9.709e+0,2.448e-3,1.266e-23,1.659e-42,8.265e-18,,,1.428e-18,5.684e-20,,4.577e-16,7.011e-19,2.361e-29,8.897e-18,2.229e-3,1.610e-30,1.283e-19,,,2.084e-13,2.548e-18,6.514e-37,5.235e-18,,9.832e-9,4.903e-3,,,1.384e-21,3.981e-17,2.262e-19,1.134e-28,,5.429e-22,3.547e-4,1.004e-16,2.482e-2,,5.933e-4,1.343e-6,9.617e+0,,,,,5.675e-2,,,,,,,,,,,,,,
668.08,8.879e+0,2.184e-3,1.239e-23,1.662e-42,8.270e-18,,,1.428e-18,5.689e-20,,4.572e-16,7.015e-19,2.362e-29,8.897e-18,1.988e-3,1.612e-30,1.284e-19,,,3.338e-13,2.548e-18,6.510e-37,5.228e-18,,8.351e-9,4.231e-3,,,1.385e-21,3.985e-17,2.265e-19,1.134e-28,,5.431e-22,4.583e-4,1.005e-16,2.877e-2,,4.873e-4,1.858e-6,8.773e+0,,,,,6.733e-2,,,,,,,,,,,,,,
668.1,8.350e+0,2.020e-3,1.221e-23,1.664e-42,8.273e-18,,,1.428e-18,5.692e-20,,4.570e-16,7.017e-19,2.362e-29,8.897e-18,1.838e-3,1.614e-30,1.284e-19,,,4.560e-13,2.549e-18,6.508e-37,5.223e-18,,7.474e-9,3.827e-3,,,1.386e-21,3.987e-17,2.267e-19,1.134e-28,,5.433e-22,5.425e-4,1.005e-16,3.174e-2,,4.267e-4,2.303e-6,8.235e+0,,,,,7.530e-2,,,,,,,,,,,,,,
668.13,7.597e+0,1.791e-3,1.194e-23,1.667e-42,8.278e-18,,,1.428e-18,5.697e-20,,4.565e-16,7.020e-19,2.363e-29,8.897e-18,1.629e-3,1.617e-30,1.284e-19,,,7.258e-13,2.549e-18,6.504e-37,5.216e-18,,6.307e-9,3.281e-3,,,1.388e-21,3.990e-17,2.270e-19,1.134e-28,,5.436e-22,6.965e-4,1.005e-16,3.671e-2,,3.490e-4,3.166e-6,7.464e+0,,,,,8.877e-2,,,,,,,,,,,,,,
668.15,7.122e+0,1.649e-3,1.176e-23,1.669e-42,8.281e-18,,,1.428e-18,5.700e-20,,4.562e-16,7.023e-19,2.364e-29,8.897e-18,1.500e-3,1.619e-30,1.285e-19,,,9.874e-13,2.550e-18,6.502e-37,5.211e-18,,5.620e-9,2.955e-3,,,1.389e-21,3.992e-17,2.272e-19,1.134e-28,,5.437e-22,8.210e-4,1.005e-16,4.041e-2,,3.048e-4,3.907e-6,6.975e+0,,,,,9.885e-2,,,,,,,,,,,,,,
668.18,6.451e+0,1.452e-3,1.149e-23,1.671e-42,8.286e-18,,,1.428e-18,5.705e-20,,4.558e-16,7.026e-19,2.365e-29,8.897e-18,1.321e-3,1.622e-30,1.285e-19,,,1.562e-12,2.550e-18,6.498e-37,5.203e-18,,4.712e-9,2.518e-3,,,1.390e-21,3.996e-17,2.275e-19,1.134e-28,,5.440e-22,1.047e-3,1.006e-16,4.656e-2,,2.487e-4,5.337e-6,6.282e+0,,,,,1.158e-1,,,,,,,,,,,,,,
668.2,6.031e+0,1.331e-3,1.131e-23,1.673e-42,8.290e-18,,,1.428e-18,5.709e-20,,4.555e-16,7.028e-19,2.365e-29,8.896e-18,1.212e-3,1.624e-30,1.285e-19,,,2.115e-12,2.551e-18,6.496e-37,5.199e-18,,4.181e-9,2.259e-3,,,1.391e-21,3.998e-17,2.277e-19,1.134e-28,,5.441e-22,1.229e-3,1.006e-16,5.109e-2,,2.172e-4,6.557e-6,5.846e+0,,,,,1.284e-1,,,,,,,,,,,,,,
668.23,5.445e+0,1.165e-3,1.104e-23,1.676e-42,8.295e-18,,,1.428e-18,5.713e-20,,4.551e-16,7.032e-19,2.366e-29,8.896e-18,1.062e-3,1.626e-30,1.286e-19,,,3.325e-12,2.551e-18,6.492e-37,5.191e-18,,3.483e-9,1.912e-3,,,1.392e-21,4.001e-17,2.280e-19,1.134e-28,,5.444e-22,1.558e-3,1.006e-16,5.856e-2,,1.777e-4,8.901e-6,5.231e+0,,,,,1.494e-1,,,,,,,,,,,,,,
668.25,5.081e+0,1.064e-3,1.087e-23,1.678e-42,8.298e-18,,,1.428e-18,5.717e-20,,4.548e-16,7.034e-19,2.367e-29,8.896e-18,9.703e-4,1.628e-30,1.286e-19,,,4.485e-12,2.551e-18,6.490e-37,5.187e-18,,3.077e-9,1.708e-3,,,1.393e-21,4.003e-17,2.282e-19,1.134e-28,,5.445e-22,1.821e-3,1.006e-16,6.402e-2,,1.559e-4,1.089e-5,4.847e+0,,,,,1.650e-1,,,,,,,,,,,,,,
668.28,4.578e+0,9.248e-4,1.060e-23,1.681e-42,8.303e-18,,,1.428e-18,5.722e-20,,4.544e-16,7.037e-19,2.368e-29,8.896e-18,8.455e-4,1.631e-30,1.286e-19,,,7.003e-12,2.552e-18,6.487e-37,5.179e-18,,2.547e-9,1.437e-3,,,1.395e-21,4.007e-17,2.285e-19,1.134e-28,,5.448e-22,2.294e-3,1.006e-16,7.295e-2,,1.292e-4,1.469e-5,4.309e+0,,,,,1.908e-1,,,,,,,,,,,,,,
668.3,4.270e+0,8.406e-4,1.042e-23,1.682e-42,8.306e-18,,,1.428e-18,5.725e-20,,4.541e-16,7.039e-19,2.368e-29,8.896e-18,7.702e-4,1.633e-30,1.287e-19,,,9.407e-12,2.552e-18,6.484e-37,5.174e-18,,2.240e-9,1.278e-3,,,1.395e-21,4.009e-17,2.287e-19,1.134e-28,,5.450e-22,2.669e-3,1.007e-16,7.943e-2,,1.150e-4,1.789e-5,3.976e+0,,,,,2.098e-1,,,,,,,,,,,,,,
668.33,3.849e+0,7.262e-4,1.015e-23,1.685e-42,8.311e-18,,,1.428e-18,5.730e-20,,4.536e-16,7.043e-19,2.369e-29,8.896e-18,6.682e-4,1.636e-30,1.287e-19,,,1.460e-11,2.553e-18,6.481e-37,5.167e-18,,1.843e-9,1.068e-3,,,1.397e-21,4.012e-17,2.290e-19,1.134e-28,,5.452e-22,3.341e-3,1.007e-16,8.997e-2,,9.846e-5,2.398e-5,3.512e+0,,,,,2.410e-1,,,,,,,,,,,,,,
668.35,3.594e+0,6.573e-4,9.968e-24,1.687e-42,8.314e-18,,,1.428e-18,5.733e-20,,4.534e-16,7.045e-19,2.370e-29,8.895e-18,6.072e-4,1.637e-30,1.287e-19,,,1.952e-11,2.553e-18,6.478e-37,5.162e-18,,1.614e-9,9.460e-4,,,1.398e-21,4.014e-17,2.292e-19,1.134e-28,,5.454e-22,3.871e-3,1.007e-16,9.756e-2,,9.037e-5,2.909e-5,3.226e+0,,,,,2.639e-1,,,,,,,,,,,,,,
668.37,3.359e+0,5.939e-4,9.788e-24,1.689e-42,8.317e-18,,,1.428e-18,5.736e-20,,4.531e-16,7.047e-19,2.370e-29,8.895e-18,5.514e-4,1.639e-30,1.287e-19,,,2.607e-11,2.554e-18,6.476e-37,5.157e-18,,1.411e-9,8.363e-4,,,1.399e-21,4.016e-17,2.294e-19,1.134e-28,,5.455e-22,4.479e-3,1.007e-16,1.056e-1,,8.446e-5,3.523e-5,2.959e+0,,,,,2.884e-1,,,,,,,,,,,,,,
668.4,3.044e+0,5.084e-4,9.519e-24,1.692e-42,8.322e-18,,,1.428e-18,5.741e-20,,4.526e-16,7.051e-19,2.371e-29,8.895e-18,4.769e-4,1.642e-30,1.288e-19,,,4.009e-11,2.554e-18,6.472e-37,5.150e-18,,1.150e-9,6.930e-4,,,1.400e-21,4.020e-17,2.297e-19,1.134e-28,,5.458e-22,5.555e-3,1.008e-16,1.186e-1,,7.953e-5,4.680e-5,2.590e+0,,,,,3.284e-1,,,,,,,,,,,,,,
668.42,2.858e+0,4.574e-4,9.339e-24,1.694e-42,8.326e-18,,,1.428e-18,5.744e-20,,4.524e-16,7.053e-19,2.372e-29,8.895e-18,4.329e-4,1.644e-30,1.288e-19,,,5.331e-11,2.555e-18,6.470e-37,5.145e-18,,1.001e-9,6.100e-4,,,1.401e-21,4.022e-17,2.299e-19,1.134e-28,,5.459e-22,6.399e-3,1.008e-16,1.278e-1,,7.880e-5,5.643e-5,2.365e+0,,,,,3.574e-1,,,,,,,,,,,,,,
668.45,2.614e+0,3.891e-4,9.070e-24,1.696e-42,8.331e-18,,,1.427e-18,5.749e-20,,4.519e-16,7.056e-19,2.373e-29,8.895e-18,3.750e-4,1.647e-30,1.289e-19,,,8.146e-11,2.555e-18,6.467e-37,5.138e-18,,8.108e-10,5.022e-4,,,1.402e-21,4.025e-17,2.302e-19,1.134e-28,,5.462e-22,7.886e-3,1.008e-16,1.426e-1,,8.157e-5,7.448e-5,2.057e+0,,,,,4.044e-1,,,,,,,,,,,,,,
668.47,2.472e+0,3.486e-4,8.890e-24,1.698e-42,8.334e-18,,,1.427e-18,5.752e-20,,4.516e-16,7.059e-19,2.373e-29,8.895e-18,3.413e-4,1.649e-30,1.289e-19,,,1.079e-10,2.555e-18,6.464e-37,5.133e-18,,7.029e-10,4.402e-4,,,1.403e-21,4.027e-17,2.303e-19,1.134e-28,,5.464e-22,9.046e-3,1.008e-16,1.531e-1,,8.607e-5,8.943e-5,1.871e+0,,,,,4.382e-1,,,,,,,,,,,,,,
668.5,2.291e+0,2.946e-4,8.621e-24,1.701e-42,8.339e-18,,,1.427e-18,5.757e-20,,4.512e-16,7.062e-19,2.374e-29,8.895e-18,2.977e-4,1.651e-30,1.289e-19,,,1.638e-10,2.556e-18,6.461e-37,5.126e-18,,5.655e-10,3.601e-4,,,1.405e-21,4.031e-17,2.306e-19,1.134e-28,,5.466e-22,1.108e-2,1.008e-16,1.697e-1,,9.707e-5,1.173e-4,1.617e+0,,,,,4.927e-1,,,,,,,,,,,,,,
668.52,2.190e+0,2.628e-4,8.442e-24,1.703e-42,8.342e-18,,,1.427e-18,5.761e-20,,4.509e-16,7.064e-19,2.375e-29,8.894e-18,2.729e-4,1.653e-30,1.289e-19,,,2.159e-10,2.556e-18,6.458e-37,5.121e-18,,4.881e-10,3.143e-4,,,1.406e-21,4.033e-17,2.308e-19,1.134e-28,,5.468e-22,1.265e-2,1.009e-16,1.814e-1,,1.075e-4,1.402e-4,1.464e+0,,,,,5.316e-1,,,,,,,,,,,,,,
668.55,2.067e+0,2.206e-4,8.172e-24,1.706e-42,8.347e-18,,,1.427e-18,5.766e-20,,4.505e-16,7.068e-19,2.375e-29,8.894e-18,2.417e-4,1.656e-30,1.290e-19,,,3.258e-10,2.557e-18,6.455e-37,5.114e-18,,3.902e-10,2.554e-4,,,1.407e-21,4.036e-17,2.311e-19,1.135e-28,,5.470e-22,1.539e-2,1.009e-16,1.999e-1,,1.282e-4,1.827e-4,1.257e+0,,,,,5.938e-1,,,,,,,,,,,,,,
668.57,2.002e+0,1.960e-4,7.993e-24,1.708e-42,8.350e-18,,,1.427e-18,5.769e-20,,4.502e-16,7.070e-19,2.376e-29,8.894e-18,2.246e-4,1.658e-30,1.290e-19,,,4.277e-10,2.557e-18,6.452e-37,5.109e-18,,3.353e-10,2.220e-4,,,1.408e-21,4.038e-17,2.313e-19,1.135e-28,,5.472e-22,1.751e-2,1.009e-16,2.127e-1,,1.459e-4,2.176e-4,1.133e+0,,,,,6.380e-1,,,,,,,,,,,,,,
668.6,1.930e+0,1.635e-4,7.723e-24,1.710e-42,8.355e-18,,,1.427e-18,5.774e-20,,4.498e-16,7.073e-19,2.377e-29,8.894e-18,2.042e-4,1.661e-30,1.291e-19,,,6.413e-10,2.558e-18,6.449e-37,5.102e-18,,2.663e-10,1.793e-4,,,1.409e-21,4.042e-17,2.316e-19,1.135e-28,,5.474e-22,2.117e-2,1.009e-16,2.328e-1,,1.791e-4,2.817e-4,9.666e-1,,,,,7.082e-1,,,,,,,,,,,,,,
668.62,1.897e+0,1.446e-4,7.544e-24,1.712e-42,8.358e-18,,,1.427e-18,5.777e-20,,4.495e-16,7.076e-19,2.378e-29,8.894e-18,1.939e-4,1.663e-30,1.291e-19,,,8.383e-10,2.558e-18,6.446e-37,5.097e-18,,2.279e-10,1.551e-4,,,1.410e-21,4.044e-17,2.318e-19,1.135e-28,,5.476e-22,2.397e-2,1.010e-16,2.468e-1,,2.062e-4,3.340e-4,8.677e-1,,,,,7.576e-1,,,,,,,,,,,,,,
668.65,1.869e+0,1.199e-4,7.275e-24,1.715e-42,8.363e-18,,,1.427e-18,5.782e-20,,4.490e-16,7.079e-19,2.378e-29,8.894e-18,1.829e-4,1.665e-30,1.291e-19,,,1.249e-9,2.559e-18,6.443e-37,5.089e-18,,1.799e-10,1.245e-4,,,1.412e-21,4.047e-17,2.321e-19,1.135e-28,,5.478e-22,2.880e-2,1.010e-16,2.684e-1,,2.558e-4,4.297e-4,7.355e-1,,,,,8.356e-1,,,,,,,,,,,,,,
668.67,1.864e+0,1.055e-4,7.095e-24,1.717e-42,8.366e-18,,,1.427e-18,5.785e-20,,4.488e-16,7.081e-19,2.379e-29,8.893e-18,1.786e-4,1.667e-30,1.291e-19,,,1.626e-9,2.559e-18,6.441e-37,5.085e-18,,1.533e-10,1.073e-4,,,1.413e-21,4.049e-17,2.323e-19,1.135e-28,,5.480e-22,3.248e-2,1.010e-16,2.832e-1,,2.955e-4,5.072e-4,6.574e-1,,,,,8.901e-1,,,,,,,,,,,,,,
668.7,1.875e+0,8.693e-5,6.826e-24,1.720e-42,8.371e-18,,,1.427e-18,5.790e-20,,4.483e-16,7.085e-19,2.380e-29,8.893e-18,1.762e-4,1.670e-30,1.292e-19,,,2.407e-9,2.560e-18,6.437e-37,5.077e-18,,1.202e-10,8.552e-5,,,1.414e-21,4.053e-17,2.326e-19,1.135e-28,,5.482e-22,3.876e-2,1.010e-16,3.061e-1,,3.670e-4,6.485e-4,5.537e-1,,,,,9.755e-1,,,,,,,,,,,,,,
668.72,1.894e+0,7.622e-5,6.646e-24,2.491e-42,8.375e-18,,,1.427e-18,5.793e-20,,4.480e-16,7.087e-19,2.380e-29,8.893e-18,1.773e-4,1.672e-30,1.292e-19,,,3.120e-9,2.560e-18,6.435e-37,5.072e-18,,1.019e-10,7.338e-5,,,1.415e-21,4.055e-17,2.328e-19,1.135e-28,,5.484e-22,4.353e-2,1.010e-16,3.216e-1,,4.237e-4,7.622e-4,4.928e-1,,,,,1.035e+0,,,,,,,,,,,,,,
668.74,1.921e+0,6.671e-5,6.467e-24,3.603e-42,8.378e-18,,,1.427e-18,5.796e-20,,4.477e-16,7.089e-19,2.381e-29,8.893e-18,1.805e-4,1.674e-30,1.292e-19,,,4.037e-9,2.560e-18,6.432e-37,5.068e-18,,8.634e-11,6.285e-5,,,1.416e-21,4.057e-17,2.330e-19,1.135e-28,,5.486e-22,4.879e-2,1.011e-16,3.374e-1,,4.888e-4,8.945e-4,4.378e-1,,,,,1.096e+0,,,,,,,,,,,,,,
668.77,1.976e+0,5.445e-5,6.198e-24,6.248e-42,8.383e-18,,,1.427e-18,5.801e-20,,4.473e-16,7.093e-19,2.382e-29,8.893e-18,1.891e-4,1.676e-30,1.293e-19,,,5.924e-9,2.561e-18,6.429e-37,5.060e-18,,6.709e-11,4.966e-5,,,1.417e-21,4.060e-17,2.333e-19,1.135e-28,,5.488e-22,5.772e-2,1.011e-16,3.614e-1,,6.041e-4,1.133e-3,3.654e-1,,,,,1.190e+0,,,,,,,,,,,,,,
668.79,2.022e+0,4.746e-5,6.018e-24,8.998e-42,8.386e-18,,,1.427e-18,5.805e-20,,4.470e-16,7.095e-19,2.382e-29,8.893e-18,1.973e-4,1.678e-30,1.293e-19,,,7.633e-9,2.561e-18,6.426e-37,5.055e-18,,5.658e-11,4.235e-5,,,1.418e-21,4.063e-17,2.335e-19,1.135e-28,,5.490e-22,6.443e-2,1.011e-16,3.775e-1,,6.946e-4,1.324e-3,3.233e-1,,,,,1.255e+0,,,,,,,,,,,,,,
668.82,2.102e+0,3.849e-5,5.749e-24,1.550e-41,8.391e-18,,,1.427e-18,5.809e-20,,4.466e-16,7.098e-19,2.383e-29,8.892e-18,2.133e-4,1.681e-30,1.293e-19,,,1.113e-8,2.562e-18,6.423e-37,5.048e-18,,4.368e-11,3.325e-5,,,1.419e-21,4.066e-17,2.338e-19,1.135e-28,,5.492e-22,7.574e-2,1.011e-16,4.017e-1,,8.541e-4,1.667e-3,2.681e-1,,,,,1.354e+0,,,,,,,,,,,,,,
668.84,2.163e+0,3.340e-5,5.569e-24,2.223e-41,8.394e-18,,,1.427e-18,5.813e-20,,4.463e-16,7.101e-19,2.384e-29,8.892e-18,2.265e-4,1.683e-30,1.294e-19,,,1.428e-8,2.562e-18,6.420e-37,5.043e-18,,3.668e-11,2.823e-5,,,1.420e-21,4.068e-17,2.340e-19,1.135e-28,,5.494e-22,8.418e-2,1.012e-16,4.179e-1,,9.783e-4,1.940e-3,2.361e-1,,,,,1.421e+0,,,,,,,,,,,,,,
668.87,2.263e+0,2.691e-5,5.300e-24,3.807e-41,8.399e-18,,,1.427e-18,5.818e-20,,4.459e-16,7.104e-19,2.385e-29,8.892e-18,2.498e-4,1.686e-30,1.294e-19,,,2.069e-8,2.563e-18,6.417e-37,5.036e-18,,2.813e-11,2.202e-5,,,1.422e-21,4.071e-17,2.343e-19,1.135e-28,,5.497e-22,9.832e-2,1.012e-16,4.419e-1,,1.196e-3,2.427e-3,1.946e-1,,,,,1.524e+0,,,,,,,,,,,,,,
668.89,2.335e+0,2.325e-5,5.120e-24,5.436e-41,8.402e-18,,,1.426e-18,5.821e-20,,4.456e-16,7.106e-19,2.385e-29,8.892e-18,2.678e-4,1.688e-30,1.294e-19,,,2.643e-8,2.563e-18,6.415e-37,5.031e-18,,2.352e-11,1.862e-5,,,1.423e-21,4.074e-17,2.345e-19,1.135e-28,,5.498e-22,1.088e-1,1.012e-16,4.577e-1,,1.364e-3,2.812e-3,1.707e-1,,,,,1.593e+0,,,,,,,,,,,,,,
668.92,2.450e+0,1.862e-5,4.851e-24,9.248e-41,8.407e-18,,,1.426e-18,5.826e-20,,4.452e-16,7.110e-19,2.386e-29,8.892e-18,2.985e-4,1.690e-30,1.295e-19,,,3.805e-8,2.564e-18,6.411e-37,5.024e-18,,1.793e-11,1.443e-5,,,1.424e-21,4.077e-17,2.348e-19,1.135e-28,,5.501e-22,1.263e-1,1.012e-16,4.810e-1,,1.657e-3,3.495e-3,1.397e-1,,,,,1.698e+0,,,,,,,,,,,,,,
668.94,2.531e+0,1.602e-5,4.672e-24,1.315e-40,8.411e-18,,,1.426e-18,5.829e-20,,4.449e-16,7.112e-19,2.387e-29,8.892e-18,3.215e-4,1.692e-30,1.295e-19,,,4.840e-8,2.564e-18,6.409e-37,5.019e-18,,1.492e-11,1.215e-5,,,1.425e-21,4.079e-17,2.350e-19,1.135e-28,,5.502e-22,1.392e-1,1.012e-16,4.962e-1,,1.883e-3,4.032e-3,1.220e-1,,,,,1.767e+0,,,,,,,,,,,,,,
668.97,2.656e+0,1.274e-5,4.402e-24,2.223e-40,8.415e-18,,,1.426e-18,5.834e-20,,4.444e-16,7.115e-19,2.388e-29,8.892e-18,3.598e-4,1.695e-30,1.295e-19,,,6.924e-8,2.565e-18,6.405e-37,5.012e-18,,1.130e-11,9.356e-6,,,1.426e-21,4.082e-17,2.353e-19,1.135e-28,,5.505e-22,1.605e-1,1.013e-16,5.182e-1,,2.273e-3,4.980e-3,9.927e-2,,,,,1.871e+0,,,,,,,,,,,,,,
668.99,2.743e+0,1.091e-5,4.223e-24,3.149e-40,8.419e-18,,,1.426e-18,5.837e-20,,4.441e-16,7.118e-19,2.388e-29,8.891e-18,3.878e-4,1.697e-30,1.296e-19,,,8.772e-8,2.565e-18,6.403e-37,5.007e-18,,9.367e-12,7.844e-6,,,1.427e-21,4.085e-17,2.355e-19,1.135e-28,,5.506e-22,1.761e-1,1.013e-16,5.322e-1,,2.571e-3,5.721e-3,8.632e-2,,,,,1.939e+0,,,,,,,,,,,,,,
669.02,2.874e+0,8.626e-6,3.953e-24,5.289e-40,8.424e-18,,,1.426e-18,5.842e-20,,4.437e-16,7.121e-19,2.389e-29,8.891e-18,4.338e-4,1.700e-30,1.296e-19,,,1.247e-7,2.566e-18,6.399e-37,5.000e-18,,7.047e-12,6.001e-6,,,1.429e-21,4.088e-17,2.358e-19,1.135e-28,,5.509e-22,2.018e-1,1.013e-16,5.524e-1,,3.084e-3,7.022e-3,6.977e-2,,,,,2.040e+0,,,,,,,,,,,,,,
669.04,2.963e+0,7.358e-6,3.774e-24,7.458e-40,8.427e-18,,,1.426e-18,5.845e-20,,4.434e-16,7.123e-19,2.390e-29,8.891e-18,4.670e-4,1.701e-30,1.296e-19,,,1.573e-7,2.566e-18,6.397e-37,4.995e-18,,5.817e-12,5.009e-6,,,1.430e-21,4.090e-17,2.360e-19,1.135e-28,,5.511e-22,2.205e-1,1.013e-16,5.650e-1,,3.475e-3,8.032e-3,6.041e-2,,,,,2.105e+0,,,,,,,,,,,,,,
669.07,3.097e+0,5.778e-6,3.505e-24,1.245e-39,8.432e-18,,,1.426e-18,5.850e-20,,4.430e-16,7.127e-19,2.391e-29,8.891e-18,5.207e-4,1.704e-30,1.297e-19,,,2.221e-7,2.567e-18,6.393e-37,4.987e-18,,4.348e-12,3.808e-6,,,1.431e-21,4.093e-17,2.363e-19,1.136e-28,,5.513e-22,2.510e-1,1.014e-16,5.828e-1,,4.141e-3,9.795e-3,4.851e-2,,,,,2.200e+0,,,,,,,,,,,,,,
669.09,3.186e+0,4.907e-6,3.325e-24,1.748e-39,8.435e-18,,,1.426e-18,5.853e-20,,4.427e-16,7.129e-19,2.391e-29,8.891e-18,5.591e-4,1.706e-30,1.297e-19,,,2.791e-7,2.567e-18,6.391e-37,4.983e-18,,3.573e-12,3.165e-6,,,1.432e-21,4.096e-17,2.365e-19,1.136e-28,,5.515e-22,2.731e-1,1.014e-16,5.937e-1,,4.646e-3,1.116e-2,4.183e-2,,,,,2.261e+0,,,,,,,,,,,,,,
669.12,3.319e+0,3.829e-6,3.056e-24,2.900e-39,8.440e-18,,,1.426e-18,5.858e-20,,4.423e-16,7.132e-19,2.392e-29,8.891e-18,6.207e-4,1.709e-30,1.297e-19,,,3.916e-7,2.567e-18,6.387e-37,4.975e-18,,2.654e-12,2.390e-6,,,1.433e-21,4.099e-17,2.368e-19,1.136e-28,,5.517e-22,3.090e-1,1.014e-16,6.087e-1,,5.502e-3,1.352e-2,3.337e-2,,,,,2.348e+0,,,,,,,,,,,,,,
669.14,3.406e+0,3.238e-6,2.876e-24,4.055e-39,8.443e-18,,,1.426e-18,5.861e-20,,4.420e-16,7.134e-19,2.393e-29,8.890e-18,6.642e-4,1.711e-30,1.298e-19,,,4.899e-7,2.568e-18,6.385e-37,4.970e-18,,2.172e-12,1.978e-6,,,1.434e-21,4.101e-17,2.370e-19,1.136e-28,,5.519e-22,3.347e-1,1.014e-16,6.177e-1,,6.146e-3,1.533e-2,2.865e-2,,,,,2.403e+0,,,,,,,,,,,,,,
669.16,3.492e+0,2.734e-6,2.697e-24,5.660e-39,8.447e-18,,,1.426e-18,5.865e-20,,4.417e-16,7.137e-19,2.393e-29,8.890e-18,7.099e-4,1.713e-30,1.298e-19,,,6.117e-7,2.568e-18,6.383e-37,4.966e-18,,1.774e-12,1.634e-6,,,1.435e-21,4.103e-17,2.372e-19,1.136e-28,,5.520e-22,3.620e-1,1.014e-16,6.258e-1,,6.853e-3,1.736e-2,2.455e-2,,,,,2.455e+0,,,,,,,,,,,,,,
669.19,3.618e+0,2.114e-6,2.427e-24,9.306e-39,8.451e-18,,,1.426e-18,5.870e-20,,4.413e-16,7.140e-19,2.394e-29,8.890e-18,7.820e-4,1.715e-30,1.298e-19,,,8.509e-7,2.569e-18,6.379e-37,4.958e-18,,1.306e-12,1.223e-6,,,1.437e-21,4.107e-17,2.375e-19,1.136e-28,,5.523e-22,4.059e-1,1.015e-16,6.364e-1,,8.044e-3,2.085e-2,1.942e-2,,,,,2.527e+0,,,,,,,,,,,,,,
669.21,3.700e+0,1.777e-6,2.248e-24,1.294e-38,8.455e-18,,,1.426e-18,5.873e-20,,4.410e-16,7.142e-19,2.395e-29,8.890e-18,8.325e-4,1.717e-30,1.299e-19,,,1.058e-6,2.569e-18,6.377e-37,4.953e-18,,1.062e-12,1.006e-6,,,1.437e-21,4.109e-17,2.377e-19,1.136e-28,,5.525e-22,4.372e-1,1.015e-16,6.423e-1,,8.932e-3,2.351e-2,1.657e-2,,,,,2.570e+0,,,,,,,,,,,,,,
669.24,3.817e+0,1.365e-6,1.979e-24,2.113e-38,8.460e-18,,,1.426e-18,5.878e-20,,4.405e-16,7.146e-19,2.396e-29,8.890e-18,9.116e-4,1.720e-30,1.299e-19,,,1.462e-6,2.570e-18,6.373e-37,4.946e-18,,7.766e-13,7.484e-7,,,1.439e-21,4.112e-17,2.380e-19,1.136e-28,,5.527e-22,4.870e-1,1.015e-16,6.495e-1,,1.042e-2,2.805e-2,1.302e-2,,,,,2.629e+0,,,,,,,,,,,,,,
669.26,3.893e+0,1.142e-6,1.799e-24,2.925e-38,8.463e-18,,,1.426e-18,5.881e-20,,4.403e-16,7.148e-19,2.396e-29,8.890e-18,9.666e-4,1.722e-30,1.299e-19,,,1.811e-6,2.570e-18,6.371e-37,4.941e-18,,6.290e-13,6.130e-7,,,1.440e-21,4.114e-17,2.382e-19,1.136e-28,,5.529e-22,5.223e-1,1.015e-16,6.531e-1,,1.152e-2,3.149e-2,1.106e-2,,,,,2.662e+0,,,,,,,,,,,,,,
669.29,4.001e+0,8.721e-7,1.530e-24,4.748e-38,8.468e-18,,,1.426e-18,5.886e-20,,4.398e-16,7.151e-19,2.397e-29,8.889e-18,1.052e-3,1.725e-30,1.300e-19,,,2.487e-6,2.571e-18,6.367e-37,4.934e-18,,4.570e-13,4.529e-7,,,1.441e-21,4.118e-17,2.385e-19,1.136e-28,,5.531e-22,5.781e-1,1.016e-16,6.570e-1,,1.335e-2,3.734e-2,8.634e-3,,,,,2.705e+0,,,,,,,,,,,,,,
669.31,4.069e+0,7.268e-7,1.350e-24,6.545e-38,8.471e-18,,,1.425e-18,5.889e-20,,4.395e-16,7.154e-19,2.398e-29,8.889e-18,1.111e-3,1.727e-30,1.300e-19,,,3.066e-6,2.571e-18,6.365e-37,4.929e-18,,3.685e-13,3.694e-7,,,1.442e-21,4.120e-17,2.387e-19,1.136e-28,,5.533e-22,6.173e-1,1.016e-16,6.585e-1,,1.470e-2,4.174e-2,7.304e-3,,,,,2.729e+0,,,,,,,,,,,,,,
669.34,4.166e+0,5.512e-7,1.081e-24,1.056e-37,8.476e-18,,,1.425e-18,5.894e-20,,4.391e-16,7.157e-19,2.399e-29,8.889e-18,1.202e-3,1.729e-30,1.300e-19,,,4.184e-6,2.571e-18,6.362e-37,4.922e-18,,2.660e-13,2.712e-7,,,1.443e-21,4.123e-17,2.390e-19,1.136e-28,,5.535e-22,6.790e-1,1.016e-16,6.592e-1,,1.692e-2,4.918e-2,5.666e-3,,,,,2.755e+0,,,,,,,,,,,,,,
669.36,4.227e+0,4.574e-7,9.015e-25,1.449e-37,8.479e-18,,,1.425e-18,5.897e-20,,4.388e-16,7.159e-19,2.399e-29,8.889e-18,1.263e-3,1.731e-30,1.301e-19,,,5.137e-6,2.572e-18,6.359e-37,4.917e-18,,2.136e-13,2.202e-7,,,1.444e-21,4.125e-17,2.392e-19,1.136e-28,,5.537e-22,7.220e-1,1.016e-16,6.588e-1,,1.855e-2,5.475e-2,4.773e-3,,,,,2.767e+0,,,,,,,,,,,,,,
669.39,4.312e+0,3.447e-7,6.322e-25,2.323e-37,8.484e-18,,,1.425e-18,5.902e-20,,4.384e-16,7.163e-19,2.400e-29,8.889e-18,1.358e-3,1.734e-30,1.301e-19,,,6.966e-6,2.572e-18,6.356e-37,4.910e-18,,1.532e-13,1.607e-7,,,1.446e-21,4.129e-17,2.395e-19,1.136e-28,,5.539e-22,7.890e-1,1.016e-16,6.568e-1,,2.123e-2,6.409e-2,3.678e-3,,,,,2.776e+0,,,,,,,,,,,,,,
669.41,4.364e+0,2.848e-7,4.527e-25,3.175e-37,8.487e-18,,,1.425e-18,5.905e-20,,4.381e-16,7.165e-19,2.401e-29,8.889e-18,1.422e-3,1.736e-30,1.301e-19,,,8.517e-6,2.573e-18,6.353e-37,4.905e-18,,1.225e-13,1.299e-7,,,1.447e-21,4.131e-17,2.397e-19,1.136e-28,,5.541e-22,8.354e-1,1.017e-16,6.547e-1,,2.317e-2,7.104e-2,3.085e-3,,,,,2.776e+0,,,,,,,,,,,,,,
669.44,4.437e+0,2.132e-7,1.834e-25,5.057e-37,8.492e-18,,,1.425e-18,5.910e-20,,4.377e-16,7.168e-19,2.401e-29,8.889e-18,1.519e-3,1.739e-30,1.302e-19,,,1.148e-5,2.573e-18,6.350e-37,4.898e-18,,8.729e-14,9.415e-8,,,1.448e-21,4.134e-17,2.400e-19,1.136e-28,,5.543e-22,9.072e-1,1.017e-16,6.506e-1,,2.635e-2,8.264e-2,2.362e-3,,,,,2.767e+0,,,,,,,,,,,,,,
669.46,4.482e+0,1.754e-7,3.886e-27,6.882e-37,8.496e-18,,,1.425e-18,5.913e-20,,4.374e-16,7.171e-19,2.402e-29,8.888e-18,1.583e-3,1.740e-30,1.302e-19,,,1.397e-5,2.574e-18,6.347e-37,4.893e-18,,6.949e-14,7.580e-8,,,1.449e-21,4.136e-17,2.402e-19,1.136e-28,,5.545e-22,9.564e-1,1.017e-16,6.474e-1,,2.864e-2,9.121e-2,1.973e-3,,,,,2.755e+0,,,,,,,,,,,,,,
669.49,4.544e+0,1.305e-7,6.764e-27,1.089e-36,8.500e-18,,,1.425e-18,5.918e-20,,4.370e-16,7.174e-19,2.403e-29,8.888e-18,1.680e-3,1.743e-30,1.302e-19,,,1.870e-5,2.574e-18,6.344e-37,4.885e-18,,4.920e-14,5.458e-8,,,1.450e-21,4.140e-17,2.405e-19,1.136e-28,,5.548e-22,1.032e+0,1.017e-16,6.421e-1,,3.235e-2,1.054e-1,1.501e-3,,,,,2.729e+0,,,,,,,,,,,,,,
669.51,4.581e+0,1.069e-7,9.767e-27,1.476e-36,8.504e-18,,,1.425e-18,5.922e-20,,4.367e-16,7.176e-19,2.404e-29,8.888e-18,1.744e-3,1.745e-30,1.303e-19,,,2.267e-5,2.575e-18,6.341e-37,4.881e-18,,3.900e-14,4.376e-8,,,1.451e-21,4.142e-17,2.407e-19,1.136e-28,,5.549e-22,1.083e+0,1.018e-16,6.383e-1,,3.502e-2,1.159e-1,1.248e-3,,,,,2.705e+0,,,,,,,,,,,,,,
669.53,4.616e+0,8.743e-8,1.408e-26,1.997e-36,8.507e-18,,,1.425e-18,5.925e-20,,4.364e-16,7.179e-19,2.404e-29,8.888e-18,1.808e-3,1.747e-30,1.303e-19,,,2.744e-5,2.575e-18,6.339e-37,4.876e-18,,3.086e-14,3.502e-8,,,1.452e-21,4.144e-17,2.409e-19,1.136e-28,,5.551e-22,1.135e+0,1.018e-16,6.345e-1,,3.784e-2,1.271e-1,1.036e-3,,,,,2.678e+0,,,,,,,,,,,,,,
669.56,4.663e+0,6.445e-8,2.429e-26,3.134e-36,8.512e-18,,,1.425e-18,5.930e-20,,4.359e-16,7.182e-19,2.405e-29,8.888e-18,1.902e-3,1.750e-30,1.303e-19,,,3.641e-5,2.576e-18,6.336e-37,4.868e-18,,2.166e-14,2.499e-8,,,1.454e-21,4.147e-17,2.412e-19,1.136e-28,,5.553e-22,1.214e+0,1.018e-16,6.291e-1,,4.236e-2,1.456e-1,7.814e-4,,,,,2.629e+0,,,,,,,,,,,,,,
669.58,4.691e+0,5.248e-8,3.486e-26,4.222e-36,8.515e-18,,,1.425e-18,5.933e-20,,4.357e-16,7.184e-19,2.406e-29,8.888e-18,1.963e-3,1.752e-30,1.304e-19,,,4.388e-5,2.576e-18,6.333e-37,4.864e-18,,1.706e-14,1.991e-8,,,1.454e-21,4.150e-17,2.414e-19,1.137e-28,,5.555e-22,1.267e+0,1.018e-16,6.258e-1,,4.558e-2,1.591e-1,6.459e-4,,,,,2.591e+0,,,,,,,,,,,,,,
669.61,4.729e+0,3.844e-8,5.977e-26,6.581e-36,8.520e-18,,,1.425e-18,5.938e-20,,4.352e-16,7.188e-19,2.406e-29,8.887e-18,2.051e-3,1.754e-30,1.304e-19,,,5.786e-5,2.576e-18,6.330e-37,4.856e-18,,1.190e-14,1.412e-8,,,1.456e-21,4.153e-17,2.417e-19,1.137e-28,,5.557e-22,1.346e+0,1.018e-16,6.219e-1,,5.071e-2,1.811e-1,4.839e-4,,,,,2.527e+0,,,,,,,,,,,,,,
669.63,4.753e+0,3.117e-8,8.543e-26,8.829e-36,8.523e-18,,,1.425e-18,5.941e-20,,4.349e-16,7.190e-19,2.407e-29,8.887e-18,2.108e-3,1.756e-30,1.304e-19,,,6.943e-5,2.577e-18,6.327e-37,4.851e-18,,9.332e-15,1.120e-8,,,1.457e-21,4.155e-17,2.419e-19,1.137e-28,,5.559e-22,1.399e+0,1.019e-16,6.201e-1,,5.433e-2,1.970e-1,3.983e-4,,,,,2.480e+0,,,,,,,,,,,,,,
669.66,4.785e+0,2.268e-8,1.455e-25,1.368e-35,8.528e-18,,,1.425e-18,5.946e-20,,4.345e-16,7.193e-19,2.408e-29,8.887e-18,2.189e-3,1.759e-30,1.305e-19,,,9.097e-5,2.577e-18,6.324e-37,4.844e-18,,6.464e-15,7.892e-9,,,1.458e-21,4.158e-17,2.422e-19,1.137e-28,,5.562e-22,1.477e+0,1.019e-16,6.190e-1,,6.006e-2,2.228e-1,2.965e-4,,,,,2.403e+0,,,,,,,,,,,,,,
669.68,4.804e+0,1.831e-8,2.071e-25,1.827e-35,8.532e-18,,,1.425e-18,5.949e-20,,4.342e-16,7.196e-19,2.408e-29,8.887e-18,2.240e-3,1.761e-30,1.305e-19,,,1.087e-4,2.578e-18,6.321e-37,4.839e-18,,5.050e-15,6.235e-9,,,1.459e-21,4.161e-17,2.424e-19,1.137e-28,,5.563e-22,1.528e+0,1.019e-16,6.196e-1,,6.407e-2,2.414e-1,2.430e-4,,,,,2.348e+0,,,,,,,,,,,,,,
669.71,4.832e+0,1.324e-8,3.507e-25,2.813e-35,8.536e-18,,,1.425e-18,5.954e-20,,4.338e-16,7.199e-19,2.409e-29,8.887e-18,2.312e-3,1.764e-30,1.305e-19,,,1.415e-4,2.578e-18,6.318e-37,4.832e-18,,3.475e-15,4.364e-9,,,1.460e-21,4.164e-17,2.427e-19,1.137e-28,,5.566e-22,1.603e+0,1.019e-16,6.229e-1,,7.037e-2,2.713e-1,1.797e-4,,,,,2.261e+0,,,,,,,,,,,,,,
669.73,4.849e+0,1.064e-8,4.970e-25,3.742e-35,8.540e-18,,,1.425e-18,5.957e-20,,4.335e-16,7.201e-19,2.410e-29,8.887e-18,2.356e-3,1.766e-30,1.306e-19,,,1.684e-4,2.579e-18,6.315e-37,4.827e-18,,2.703e-15,3.433e-9,,,1.461e-21,4.166e-17,2.429e-19,1.137e-28,,5.567e-22,1.652e+0,1.020e-16,6.270e-1,,7.476e-2,2.926e-1,1.466e-4,,,,,2.200e+0,,,,,,,,,,,,,,
669.76,4.875e+0,7.648e-9,8.361e-25,5.723e-35,8.545e-18,,,1.424e-18,5.962e-20,,4.331e-16,7.205e-19,2.411e-29,8.886e-18,2.415e-3,1.768e-30,1.306e-19,,,2.179e-4,2.579e-18,6.312e-37,4.820e-18,,1.848e-15,2.387e-9,,,1.463e-21,4.169e-17,2.432e-19,1.137e-28,,5.570e-22,1.722e+0,1.020e-16,6.363e-1,,8.159e-2,3.268e-1,1.078e-4,,,,,2.105e+0,,,,,,,,,,,,,,
669.78,4.891e+0,6.121e-9,1.180e-24,7.581e-35,8.548e-18,,,1.424e-18,5.966e-20,,4.328e-16,7.207e-19,2.411e-29,8.886e-18,2.451e-3,1.770e-30,1.306e-19,,,2.581e-4,2.580e-18,6.310e-37,4.815e-18,,1.431e-15,1.870e-9,,,1.464e-21,4.172e-17,2.434e-19,1.137e-28,,5.571e-22,1.766e+0,1.020e-16,6.450e-1,,8.631e-2,3.510e-1,8.756e-5,,,,,2.040e+0,,,,,,,,,,,,,,
669.81,4.917e+0,4.369e-9,1.972e-24,1.152e-34,8.553e-18,,,1.424e-18,5.970e-20,,4.323e-16,7.210e-19,2.412e-29,8.886e-18,2.497e-3,1.773e-30,1.307e-19,,,3.318e-4,2.580e-18,6.306e-37,4.808e-18,,9.725e-16,1.292e-9,,,1.465e-21,4.175e-17,2.437e-19,1.137e-28,,5.574e-22,1.830e+0,1.020e-16,6.620e-1,,9.360e-2,3.895e-1,6.393e-5,,,,,1.939e+0,,,,,,,,,,,,,,
669.83,4.934e+0,3.482e-9,2.772e-24,1.520e-34,8.556e-18,,,1.424e-18,5.974e-20,,4.321e-16,7.213e-19,2.413e-29,8.886e-18,2.523e-3,1.775e-30,1.307e-19,,,3.915e-4,2.581e-18,6.304e-37,4.803e-18,,7.500e-16,1.008e-9,,,1.466e-21,4.177e-17,2.439e-19,1.137e-28,,5.576e-22,1.869e+0,1.020e-16,6.764e-1,,9.858e-2,4.165e-1,5.172e-5,,,,,1.871e+0,,,,,,,,,,,,,,
669.86,4.962e+0,2.470e-9,4.605e-24,2.296e-34,8.561e-18,,,1.424e-18,5.979e-20,,4.316e-16,7.216e-19,2.414e-29,8.886e-18,2.554e-3,1.778e-30,1.307e-19,,,5.000e-4,2.581e-18,6.300e-37,4.796e-18,,5.062e-16,6.918e-10,,,1.467e-21,4.180e-17,2.442e-19,1.137e-28,,5.578e-22,1.923e+0,1.021e-16,7.028e-1,,1.062e-1,4.592e-1,3.752e-5,,,,,1.767e+0,,,,,,,,,,,,,,
669.88,4.982e+0,1.960e-9,6.445e-24,3.016e-34,8.564e-18,,,1.424e-18,5.982e-20,,4.313e-16,7.218e-19,2.414e-29,8.886e-18,2.570e-3,1.779e-30,1.308e-19,,,5.874e-4,2.581e-18,6.298e-37,4.791e-18,,3.887e-16,5.372e-10,,,1.468e-21,4.183e-17,2.444e-19,1.137e-28,,5.580e-22,1.957e+0,1.021e-16,7.239e-1,,1.114e-1,4.891e-1,3.023e-5,,,,,1.698e+0,,,,,,,,,,,,,,
669.9,5.003e+0,1.553e-9,9.005e-24,3.954e-34,8.567e-18,,,1.424e-18,5.985e-20,,4.311e-16,7.220e-19,2.415e-29,8.886e-18,2.581e-3,1.781e-30,1.308e-19,,,6.889e-4,2.582e-18,6.295e-37,4.786e-18,,2.979e-16,4.165e-10,,,1.469e-21,4.185e-17,2.446e-19,1.137e-28,,5.581e-22,1.987e+0,1.021e-16,7.480e-1,,1.167e-1,5.200e-1,2.431e-5,,,,,1.628e+0,,,,,,,,,,,,,,
669.93,5.037e+0,1.091e-9,1.483e-23,5.920e-34,8.572e-18,,,1.424e-18,5.990e-20,,4.306e-16,7.224e-19,2.416e-29,8.885e-18,2.590e-3,1.784e-30,1.308e-19,,,8.722e-4,2.582e-18,6.292e-37,8.334e-18,,1.993e-16,2.833e-10,,,1.471e-21,4.188e-17,2.449e-19,1.137e-28,,5.584e-22,2.027e+0,1.021e-16,7.902e-1,,1.246e-1,5.682e-1,1.748e-5,,,,,1.524e+0,,,,,,,,,,,,,,
669.95,5.062e+0,8.609e-10,2.063e-23,7.730e-34,8.576e-18,,,1.424e-18,5.993e-20,,4.303e-16,7.226e-19,2.416e-29,8.885e-18,2.591e-3,1.786e-30,1.309e-19,,,1.019e-3,2.583e-18,6.290e-37,1.204e-17,,1.521e-16,2.187e-10,,,1.472e-21,4.190e-17,2.451e-19,1.137e-28,,5.585e-22,2.049e+0,1.021e-16,8.225e-1,,1.299e-1,6.015e-1,1.400e-5,,,,,1.456e+0,,,,,,,,,,,,,,
669.98,5.103e+0,6.012e-10,3.375e-23,1.150e-33,8.581e-18,,,1.424e-18,5.998e-20,,4.299e-16,7.230e-19,2.417e-29,8.885e-18,2.584e-3,1.789e-30,1.309e-19,,,1.281e-3,2.583e-18,6.286e-37,2.083e-17,,1.011e-16,1.478e-10,,,1.473e-21,4.194e-17,2.454e-19,1.137e-28,,5.588e-22,2.077e+0,1.022e-16,8.775e-1,,1.378e-1,6.531e-1,9.997e-6,,,,,1.354e+0,,,,,,,,,,,,,,
670,5.133e+0,4.722e-10,4.676e-23,1.495e-33,8.584e-18,,,1.424e-18,6.001e-20,,4.296e-16,7.232e-19,2.418e-29,8.885e-18,2.574e-3,1.791e-30,1.309e-19,,,1.490e-3,2.584e-18,6.284e-37,2.996e-17,,7.683e-17,1.136e-10,,,1.474e-21,4.196e-17,2.456e-19,1.137e-28,,5.590e-22,2.091e+0,1.022e-16,9.188e-1,,1.431e-1,6.885e-1,7.971e-6,,,,,1.287e+0,,,,,,,,,,,,,,
670.03,5.182e+0,3.276e-10,7.601e-23,2.210e-33,8.589e-18,,,1.424e-18,6.006e-20,,4.292e-16,7.235e-19,2.419e-29,8.885e-18,2.551e-3,1.793e-30,1.310e-19,,,1.863e-3,2.584e-18,6.280e-37,5.153e-17,,5.074e-17,7.632e-11,,,1.475e-21,4.199e-17,2.459e-19,1.137e-28,,5.592e-22,2.106e+0,1.022e-16,9.879e-1,,1.509e-1,7.428e-1,5.658e-6,,,,,1.190e+0,,,,,,,,,,,,,,
670.05,5.217e+0,2.562e-10,1.049e-22,2.862e-33,8.592e-18,,,1.424e-18,6.009e-20,,4.289e-16,7.237e-19,2.419e-29,8.885e-18,2.531e-3,1.795e-30,1.310e-19,,,2.157e-3,2.585e-18,6.278e-37,7.380e-17,,3.839e-17,5.841e-11,,,1.476e-21,4.201e-17,2.461e-19,1.137e-28,,5.594e-22,2.111e+0,1.022e-16,1.039e+0,,1.560e-1,7.797e-1,4.492e-6,,,,,1.127e+0,,,,,,,,,,,,,,
670.08,5.275e+0,1.766e-10,1.694e-22,4.203e-33,8.597e-18,,,1.424e-18,6.014e-20,,4.285e-16,7.241e-19,2.420e-29,8.884e-18,2.493e-3,1.798e-30,1.310e-19,,,2.679e-3,2.585e-18,6.274e-37,1.261e-16,,2.519e-17,3.897e-11,,,1.478e-21,4.205e-17,2.464e-19,1.138e-28,,5.596e-22,2.112e+0,1.023e-16,1.123e+0,,1.634e-1,8.359e-1,3.167e-6,,,,,1.035e+0,,,,,,,,,,,,,,
670.1,5.316e+0,1.375e-10,2.328e-22,5.420e-33,8.600e-18,,,1.424e-18,6.018e-20,,4.282e-16,7.243e-19,2.421e-29,8.884e-18,2.464e-3,1.800e-30,1.311e-19,,,3.090e-3,2.585e-18,6.272e-37,1.799e-16,,1.898e-17,2.970e-11,,,1.478e-21,4.207e-17,2.466e-19,1.138e-28,,5.598e-22,2.109e+0,1.023e-16,1.184e+0,,1.682e-1,8.737e-1,2.504e-6,,,,,9.755e-1,,,,,,,,,,,,,,
670.13,5.382e+0,9.422e-11,3.737e-22,7.910e-33,8.605e-18,,,1.424e-18,6.022e-20,,4.277e-16,7.246e-19,2.422e-29,8.884e-18,2.413e-3,1.803e-30,1.311e-19,,,3.813e-3,2.586e-18,6.268e-37,3.054e-16,,1.237e-17,1.969e-11,,,1.480e-21,4.210e-17,2.469e-19,1.138e-28,,5.600e-22,2.097e+0,1.023e-16,1.283e+0,,1.751e-1,9.307e-1,1.754e-6,,,,,8.901e-1,,,,,,,,,,,,,,
670.15,5.429e+0,7.305e-11,5.112e-22,1.016e-32,8.608e-18,,,1.424e-18,6.026e-20,,4.275e-16,7.249e-19,2.422e-29,8.884e-18,2.375e-3,1.804e-30,1.311e-19,,,4.378e-3,2.586e-18,6.266e-37,4.338e-16,,9.282e-18,1.494e-11,,,1.481e-21,4.212e-17,2.471e-19,1.138e-28,,5.602e-22,2.084e+0,1.023e-16,1.354e+0,,1.795e-1,9.687e-1,1.381e-6,,,,,8.356e-1,,,,,,,,,,,,,,
670.18,5.504e+0,4.972e-11,8.155e-22,1.473e-32,8.613e-18,,,1.423e-18,6.031e-20,,4.270e-16,7.252e-19,2.423e-29,8.884e-18,2.312e-3,1.807e-30,1.312e-19,,,5.370e-3,2.587e-18,6.262e-37,7.320e-16,,6.012e-18,9.842e-12,,,1.482e-21,4.216e-17,2.473e-19,1.138e-28,,5.604e-22,2.059e+0,1.024e-16,1.469e+0,,1.857e-1,1.025e+0,9.614e-7,,,,,7.576e-1,,,,,,,,,,,,,,
670.2,5.557e+0,3.838e-11,1.111e-21,1.883e-32,8.616e-18,,,1.423e-18,6.034e-20,,4.267e-16,7.254e-19,2.424e-29,8.884e-18,2.267e-3,1.809e-30,1.312e-19,,,6.140e-3,2.587e-18,6.260e-37,1.035e-15,,4.491e-18,7.435e-12,,,1.483e-21,4.218e-17,2.475e-19,1.138e-28,,5.606e-22,2.038e+0,1.024e-16,1.550e+0,,1.895e-1,1.063e+0,7.536e-7,,,,,7.082e-1,,,,,,,,,,,,,,
670.23,5.640e+0,2.595e-11,1.761e-21,2.714e-32,8.621e-18,,,1.423e-18,6.039e-20,,4.263e-16,7.258e-19,2.425e-29,8.883e-18,2.196e-3,1.812e-30,1.312e-19,,,7.482e-3,2.588e-18,6.257e-37,1.736e-15,,2.890e-18,4.867e-12,,,1.484e-21,4.221e-17,2.478e-19,1.138e-28,,5.609e-22,2.001e+0,1.024e-16,1.680e+0,,1.948e-1,1.117e+0,5.212e-7,,,,,6.380e-1,,,,,,,,,,,,,,
670.25,5.698e+0,1.995e-11,2.389e-21,3.456e-32,8.625e-18,,,1.423e-18,6.042e-20,,4.260e-16,7.260e-19,2.425e-29,8.883e-18,2.146e-3,1.814e-30,1.313e-19,,,8.518e-3,2.588e-18,6.254e-37,2.445e-15,,2.149e-18,3.661e-12,,,1.485e-21,4.223e-17,2.480e-19,1.138e-28,,5.610e-22,1.972e+0,1.024e-16,1.770e+0,,1.980e-1,1.153e+0,4.068e-7,,,,,5.938e-1,,,,,,,,,,,,,,
670.27,5.758e+0,1.531e-11,3.236e-21,4.392e-32,8.628e-18,,,1.423e-18,6.045e-20,,4.257e-16,7.262e-19,2.426e-29,8.883e-18,2.094e-3,1.816e-30,1.313e-19,,,9.682e-3,2.589e-18,6.252e-37,3.437e-15,,1.596e-18,2.749e-12,,,1.486e-21,4.225e-17,2.482e-19,1.138e-28,,5.612e-22,1.940e+0,1.024e-16,1.865e+0,,2.008e-1,1.188e+0,3.169e-7,,,,,5.518e-1,,,,,,,,,,,,,,
670.3,5.850e+0,1.026e-11,5.084e-21,6.274e-32,8.633e-18,,,1.423e-18,6.050e-20,,4.253e-16,7.266e-19,2.427e-29,8.883e-18,2.014e-3,1.818e-30,1.313e-19,,,1.169e-2,2.589e-18,6.248e-37,5.713e-15,,1.018e-18,1.783e-12,,,1.488e-21,4.229e-17,2.485e-19,1.138e-28,,5.614e-22,1.888e+0,1.025e-16,2.013e+0,,2.046e-1,1.238e+0,2.172e-7,,,,,4.927e-1,,,,,,,,,,,,,,
670.32,5.913e+0,7.840e-12,6.856e-21,7.940e-32,8.636e-18,,,1.423e-18,6.053e-20,,4.250e-16,7.268e-19,2.427e-29,8.883e-18,1.959e-3,1.820e-30,1.313e-19,,,1.324e-2,2.590e-18,6.246e-37,7.999e-15,,7.525e-19,1.333e-12,,,1.489e-21,4.231e-17,2.487e-19,1.138e-28,,5.616e-22,1.850e+0,1.025e-16,2.115e+0,,2.067e-1,1.270e+0,1.685e-7,,,,,4.558e-1,,,,,,,,,,,,,,
670.35,6.009e+0,5.220e-12,1.070e-20,1.127e-31,8.641e-18,,,1.423e-18,6.058e-20,,4.246e-16,7.271e-19,2.428e-29,8.883e-18,1.877e-3,1.823e-30,1.314e-19,,,1.588e-2,2.590e-18,6.242e-37,1.321e-14,,4.768e-19,8.593e-13,,,1.490e-21,4.234e-17,2.490e-19,1.138e-28,,5.618e-22,1.788e+0,1.025e-16,2.274e+0,,2.092e-1,1.316e+0,1.148e-7,,,,,4.044e-1,,,,,,,,,,,,,,
670.37,6.073e+0,3.972e-12,1.438e-20,1.420e-31,8.644e-18,,,1.423e-18,6.061e-20,,4.243e-16,7.274e-19,2.429e-29,8.883e-18,1.821e-3,1.825e-30,1.314e-19,,,1.790e-2,2.590e-18,6.240e-37,1.842e-14,,3.510e-19,6.397e-13,,,1.491e-21,4.236e-17,2.492e-19,1.138e-28,,5.620e-22,1.744e+0,1.025e-16,2.382e+0,,2.105e-1,1.344e+0,8.866e-8,,,,,3.726e-1,,,,,,,,,,,,,,
670.4,6.171e+0,2.627e-12,2.230e-20,2.003e-31,8.649e-18,,,1.423e-18,6.066e-20,,4.239e-16,7.277e-19,2.430e-29,8.882e-18,1.739e-3,1.828e-30,1.315e-19,,,2.135e-2,2.591e-18,6.236e-37,3.023e-14,,2.210e-19,4.096e-13,,,1.492e-21,4.240e-17,2.495e-19,1.138e-28,,5.623e-22,1.675e+0,1.026e-16,2.549e+0,,2.117e-1,1.383e+0,6.000e-8,,,,,3.284e-1,,,,,,,,,,,,,,
670.42,6.236e+0,1.990e-12,2.983e-20,2.514e-31,8.652e-18,,,1.423e-18,6.070e-20,,4.236e-16,7.279e-19,2.430e-29,8.882e-18,1.685e-3,1.830e-30,1.315e-19,,,2.396e-2,2.591e-18,6.234e-37,4.197e-14,,1.620e-19,3.037e-13,,,1.493e-21,4.242e-17,2.497e-19,1.138e-28,,5.624e-22,1.628e+0,1.026e-16,2.663e+0,,2.120e-1,1.407e+0,4.615e-8,,,,,3.013e-1,,,,,,,,,,,,,,
670.45,6.333e+0,1.308e-12,4.598e-20,3.524e-31,8.657e-18,,,1.423e-18,6.074e-20,,4.231e-16,7.283e-19,2.431e-29,8.882e-18,1.605e-3,1.832e-30,1.315e-19,,,2.839e-2,2.592e-18,6.231e-37,6.844e-14,,1.013e-19,1.932e-13,,,1.495e-21,4.245e-17,2.500e-19,1.138e-28,,5.627e-22,1.553e+0,1.026e-16,2.835e+0,,2.119e-1,1.439e+0,3.103e-8,,,,,2.639e-1,,,,,,,,,,,,,,
670.47,6.396e+0,9.869e-13,6.123e-20,4.404e-31,8.661e-18,,,1.423e-18,6.078e-20,,4.228e-16,7.285e-19,2.432e-29,8.882e-18,1.554e-3,1.834e-30,1.315e-19,,,3.173e-2,2.592e-18,6.228e-37,9.463e-14,,7.394e-20,1.426e-13,,,1.496e-21,4.247e-17,2.502e-19,1.138e-28,,5.628e-22,1.503e+0,1.026e-16,2.950e+0,,2.114e-1,1.457e+0,2.376e-8,,,,,2.410e-1,,,,,,,,,,,,,,
670.5,6.488e+0,6.445e-13,9.381e-20,6.134e-31,8.665e-18,,,1.423e-18,6.083e-20,,4.224e-16,7.288e-19,2.432e-29,8.882e-18,1.481e-3,1.837e-30,1.316e-19,,,3.736e-2,2.593e-18,6.225e-37,1.533e-13,,4.595e-20,9.014e-14,,,1.497e-21,4.251e-17,2.505e-19,1.138e-28,,5.631e-22,1.425e+0,1.026e-16,3.124e+0,,2.099e-1,1.481e+0,1.587e-8,,,,,2.098e-1,,,,,,,,,,,,,,
670.52,6.547e+0,4.841e-13,1.244e-19,7.633e-31,8.669e-18,,,1.423e-18,6.086e-20,,4.221e-16,7.291e-19,2.433e-29,8.882e-18,1.434e-3,1.839e-30,1.316e-19,,,4.157e-2,2.593e-18,6.222e-37,2.111e-13,,3.340e-20,6.625e-14,,,1.498e-21,4.253e-17,2.507e-19,1.138e-28,,5.632e-22,1.373e+0,1.027e-16,3.239e+0,,2.085e-1,1.493e+0,1.211e-8,,,,,1.908e-1,,,,,,,,,,,,,,
670.55,6.631e+0,3.141e-13,1.894e-19,1.056e-30,8.674e-18,,,1.423e-18,6.091e-20,,4.217e-16,7.294e-19,2.434e-29,8.881e-18,1.369e-3,1.842e-30,1.317e-19,,,4.864e-2,2.594e-18,6.219e-37,3.400e-13,,2.062e-20,4.161e-14,,,1.499e-21,4.256e-17,2.510e-19,1.138e-28,,5.635e-22,1.293e+0,1.027e-16,3.410e+0,,2.057e-1,1.508e+0,8.035e-9,,,,,1.650e-1,,,,,,,,,,,,,,
670.57,6.684e+0,2.349e-13,2.501e-19,1.309e-30,8.677e-18,,,1.423e-18,6.094e-20,,4.214e-16,7.296e-19,2.434e-29,8.881e-18,1.329e-3,1.843e-30,1.317e-19,,,5.390e-2,2.594e-18,6.216e-37,4.661e-13,,1.492e-20,3.045e-14,,,1.500e-21,4.258e-17,2.512e-19,1.138e-28,,5.637e-22,1.240e+0,1.027e-16,3.522e+0,,2.034e-1,1.514e+0,6.101e-9,,,,,1.494e-1,,,,,,,,,,,,,,
670.6,6.758e+0,1.514e-13,3.783e-19,1.800e-30,8.682e-18,,,1.422e-18,6.099e-20,,4.210e-16,7.300e-19,2.435e-29,8.881e-18,1.275e-3,1.846e-30,1.317e-19,,,6.266e-2,2.595e-18,6.213e-37,7.459e-13,,9.154e-21,1.900e-14,,,1.502e-21,4.262e-17,2.515e-19,1.139e-28,,5.639e-22,1.161e+0,1.027e-16,3.686e+0,,1.994e-1,1.519e+0,4.024e-9,,,,,1.284e-1,,,,,,,,,,,,,,
670.62,6.802e+0,1.128e-13,4.975e-19,2.221e-30,8.685e-18,,,1.422e-18,6.102e-20,,4.207e-16,7.302e-19,2.436e-29,8.881e-18,1.242e-3,1.848e-30,1.317e-19,,,6.914e-2,2.595e-18,6.210e-37,1.018e-12,,6.596e-21,1.385e-14,,,1.502e-21,4.264e-17,2.517e-19,1.139e-28,,5.641e-22,1.109e+0,1.027e-16,3.791e+0,,1.964e-1,1.519e+0,3.042e-9,,,,,1.158e-1,,,,,,,,,,,,,,
670.64,6.842e+0,8.384e-14,6.531e-19,2.737e-30,8.688e-18,,,1.422e-18,6.105e-20,,4.204e-16,7.304e-19,2.437e-29,8.881e-18,1.213e-3,1.850e-30,1.318e-19,,,7.615e-2,2.595e-18,6.208e-37,1.388e-12,,4.744e-21,1.007e-14,,,1.503e-21,4.266e-17,2.519e-19,1.139e-28,,5.642e-22,1.058e+0,1.028e-16,3.894e+0,,1.931e-1,1.516e+0,2.296e-9,,,,,1.042e-1,,,,,,,,,,,,,,
670.67,6.895e+0,5.356e-14,9.792e-19,3.730e-30,8.693e-18,,,1.422e-18,6.110e-20,,4.200e-16,7.308e-19,2.437e-29,8.881e-18,1.177e-3,1.853e-30,1.318e-19,,,8.775e-2,2.596e-18,6.205e-37,2.201e-12,,2.884e-21,6.228e-15,,,1.505e-21,4.269e-17,2.522e-19,1.139e-28,,5.645e-22,9.814e-1,1.028e-16,4.040e+0,,1.876e-1,1.508e+0,1.501e-9,,,,,8.877e-2,,,,,,,,,,,,,,
670.69,6.924e+0,3.965e-14,1.280e-18,4.576e-30,8.697e-18,,,1.422e-18,6.113e-20,,4.197e-16,7.310e-19,2.438e-29,8.881e-18,1.157e-3,1.855e-30,1.318e-19,,,9.625e-2,2.596e-18,6.202e-37,2.988e-12,,2.066e-21,4.511e-15,,,1.506e-21,4.272e-17,2.524e-19,1.139e-28,,5.646e-22,9.317e-1,1.028e-16,4.133e+0,,1.837e-1,1.499e+0,1.128e-9,,,,,7.958e-2,,,,,,,,,,,,,,
670.72,6.958e+0,2.517e-14,1.907e-18,6.198e-30,8.701e-18,,,1.422e-18,6.118e-20,,4.192e-16,7.313e-19,2.439e-29,8.880e-18,1.136e-3,1.857e-30,1.319e-19,,,1.102e-1,2.597e-18,6.199e-37,4.709e-12,,1.248e-21,2.772e-15,,,1.507e-21,4.275e-17,2.527e-19,1.139e-28,,5.649e-22,8.590e-1,1.028e-16,4.262e+0,,1.773e-1,1.481e+0,7.324e-10,,,,,6.733e-2,,,,,,,,,,,,,,
670.74,6.973e+0,1.855e-14,2.483e-18,7.571e-30,8.705e-18,,,1.422e-18,6.122e-20,,4.190e-16,7.315e-19,2.439e-29,8.880e-18,1.126e-3,1.859e-30,1.319e-19,,,1.204e-1,2.597e-18,6.196e-37,6.365e-12,,8.897e-22,1.999e-15,,,1.508e-21,4.277e-17,2.529e-19,1.139e-28,,5.651e-22,8.120e-1,1.029e-16,4.341e+0,,1.729e-1,1.466e+0,5.481e-10,,,,,6.010e-2,,,,,,,,,,,,,,
670.77,6.986e+0,1.170e-14,3.676e-18,1.019e-29,8.710e-18,,,1.422e-18,6.126e-20,,4.185e-16,7.319e-19,2.440e-29,8.880e-18,1.120e-3,1.862e-30,1.319e-19,,,1.370e-1,2.598e-18,6.193e-37,9.969e-12,,5.340e-22,1.220e-15,,,1.509e-21,4.280e-17,2.532e-19,1.139e-28,,5.653e-22,7.440e-1,1.029e-16,4.449e+0,,1.658e-1,1.439e+0,3.536e-10,,,,,5.053e-2,,,,,,,,,,,,,,
670.79,6.987e+0,8.586e-15,4.765e-18,1.239e-29,8.713e-18,,,1.422e-18,6.130e-20,,4.182e-16,7.321e-19,2.441e-29,8.880e-18,1.122e-3,1.864e-30,1.320e-19,,,1.489e-1,2.598e-18,6.190e-37,1.342e-11,,3.792e-22,8.763e-16,,,1.510e-21,4.283e-17,2.534e-19,1.139e-28,,5.655e-22,7.003e-1,1.029e-16,4.513e+0,,1.610e-1,1.418e+0,2.635e-10,,,,,4.491e-2,,,,,,,,,,,,,,
670.82,6.977e+0,5.380e-15,7.010e-18,1.658e-29,8.718e-18,,,1.422e-18,6.135e-20,,4.178e-16,7.325e-19,2.442e-29,8.880e-18,1.132e-3,1.867e-30,1.320e-19,,,1.684e-1,2.599e-18,6.187e-37,2.088e-11,,2.261e-22,5.315e-16,,,1.512e-21,4.286e-17,2.537e-19,1.139e-28,,5.657e-22,6.375e-1,1.029e-16,4.596e+0,,1.534e-1,1.383e+0,1.689e-10,,,,,3.751e-2,,,,,,,,,,,,,,
670.84,6.963e+0,3.932e-15,9.049e-18,2.008e-29,8.721e-18,,,1.422e-18,6.138e-20,,4.175e-16,7.327e-19,2.442e-29,8.880e-18,1.144e-3,1.869e-30,1.320e-19,,,1.824e-1,2.599e-18,6.185e-37,2.799e-11,,1.599e-22,3.800e-16,,,1.513e-21,4.288e-17,2.539e-19,1.139e-28,,5.659e-22,5.975e-1,1.029e-16,4.643e+0,,1.483e-1,1.358e+0,1.253e-10,,,,,3.320e-2,,,,,,,,,,,,,,
670.87,6.929e+0,2.448e-15,1.323e-17,2.668e-29,8.726e-18,,,1.422e-18,6.143e-20,,4.171e-16,7.330e-19,2.443e-29,8.879e-18,1.171e-3,1.871e-30,1.321e-19,,,2.049e-1,2.600e-18,6.181e-37,4.328e-11,,9.471e-23,2.290e-16,,,1.514e-21,4.291e-17,2.542e-19,1.139e-28,,5.661e-22,5.405e-1,1.030e-16,4.699e+0,,1.405e-1,1.316e+0,7.983e-11,,,,,2.756e-2,,,,,,,,,,,,,,
670.89,6.898e+0,1.781e-15,1.701e-17,3.218e-29,8.729e-18,,,1.422e-18,6.146e-20,,4.168e-16,7.332e-19,2.444e-29,8.879e-18,1.194e-3,1.873e-30,1.321e-19,,,2.209e-1,2.600e-18,6.179e-37,5.776e-11,,6.667e-23,1.630e-16,,,1.515e-21,4.294e-17,2.544e-19,1.139e-28,,5.663e-22,5.044e-1,1.030e-16,4.726e+0,,1.352e-1,1.286e+0,5.897e-11,,,,,2.429e-2,,,,,,,,,,,,,,
670.92,6.840e+0,1.102e-15,2.470e-17,4.250e-29,8.734e-18,,,1.422e-18,6.151e-20,,4.164e-16,7.336e-19,2.445e-29,8.879e-18,1.237e-3,1.876e-30,1.321e-19,,,2.466e-1,2.601e-18,6.175e-37,8.878e-11,,3.925e-23,9.763e-17,,,1.516e-21,4.297e-17,2.547e-19,1.139e-28,,5.665e-22,4.534e-1,1.030e-16,4.753e+0,,1.272e-1,1.238e+0,3.732e-11,,,,,2.003e-2,,,,,,,,,,,,,,
670.94,6.793e+0,7.983e-16,3.162e-17,5.105e-29,8.737e-18,,,1.422e-18,6.154e-20,,4.161e-16,7.338e-19,2.445e-29,8.879e-18,1.271e-3,1.878e-30,1.322e-19,,,2.648e-1,2.601e-18,6.173e-37,1.180e-10,,2.751e-23,6.921e-17,,,1.517e-21,4.299e-17,2.549e-19,1.139e-28,,5.667e-22,4.213e-1,1.030e-16,4.761e+0,,1.219e-1,1.205e+0,2.745e-11,,,,,1.758e-2,,,,,,,,,,,,,,
670.97,6.710e+0,4.907e-16,4.565e-17,6.698e-29,8.742e-18,,,1.422e-18,6.159e-20,,4.156e-16,7.341e-19,2.446e-29,8.879e-18,1.330e-3,1.881e-30,1.322e-19,,,2.937e-1,2.601e-18,6.169e-37,1.802e-10,,1.609e-23,4.117e-17,,,1.519e-21,4.302e-17,2.552e-19,1.139e-28,,5.670e-22,3.763e-1,1.031e-16,4.757e+0,,1.140e-1,1.153e+0,1.726e-11,,,,,1.440e-2,,,,,,,,,,,,,,
670.99,6.648e+0,3.539e-16,5.819e-17,8.011e-29,8.746e-18,,,1.422e-18,6.162e-20,,4.154e-16,7.344e-19,2.447e-29,8.879e-18,1.374e-3,1.882e-30,1.322e-19,,,3.141e-1,2.602e-18,6.167e-37,2.385e-10,,1.123e-23,2.906e-17,,,1.520e-21,4.305e-17,2.554e-19,1.139e-28,,5.671e-22,3.482e-1,1.031e-16,4.745e+0,,1.088e-1,1.117e+0,1.264e-11,,,,,1.258e-2,,,,,,,,,,,,,,
671.02,6.542e+0,2.162e-16,8.347e-17,1.045e-28,8.750e-18,,,1.422e-18,6.167e-20,,4.149e-16,7.347e-19,2.448e-29,8.878e-18,1.446e-3,1.885e-30,1.323e-19,,,3.462e-1,2.602e-18,6.163e-37,3.619e-10,,6.526e-24,1.718e-17,,,1.521e-21,4.308e-17,2.557e-19,1.139e-28,,5.674e-22,3.090e-1,1.031e-16,4.712e+0,,1.011e-1,1.063e+0,7.900e-12,,,,,1.025e-2,,,,,,,,,,,,,,
671.04,6.465e+0,1.553e-16,1.059e-16,1.244e-28,8.754e-18,,,1.421e-18,6.170e-20,,4.146e-16,7.349e-19,2.448e-29,8.878e-18,1.499e-3,1.887e-30,1.323e-19,,,3.686e-1,2.603e-18,6.161e-37,4.769e-10,,4.535e-24,1.207e-17,,,1.522e-21,4.310e-17,2.559e-19,1.139e-28,,5.675e-22,2.847e-1,1.031e-16,4.680e+0,,9.608e-2,1.025e+0,5.761e-12,,,,,8.915e-3,,,,,,,,,,,,,,
671.06,6.382e+0,1.113e-16,1.342e-16,1.479e-28,8.757e-18,,,1.421e-18,6.174e-20,,4.144e-16,7.352e-19,2.449e-29,8.878e-18,1.555e-3,1.889e-30,1.323e-19,,,3.918e-1,2.603e-18,6.159e-37,6.274e-10,,3.146e-24,8.471e-18,,,1.523e-21,4.312e-17,2.561e-19,1.139e-28,,5.677e-22,2.619e-1,1.031e-16,4.640e+0,,9.114e-2,9.876e-1,4.194e-12,,,,,7.743e-3,,,,,,,,,,,,,,
671.09,6.247e+0,6.738e-17,1.909e-16,1.912e-28,8.762e-18,,,1.421e-18,6.179e-20,,4.139e-16,7.355e-19,2.450e-29,8.878e-18,1.645e-3,1.892e-30,1.324e-19,,,4.280e-1,2.604e-18,6.155e-37,9.438e-10,,1.812e-24,4.962e-18,,,1.524e-21,4.316e-17,2.564e-19,1.139e-28,,5.679e-22,2.303e-1,1.032e-16,4.566e+0,,8.393e-2,9.307e-1,2.597e-12,,,,,6.248e-3,,,,,,,,,,,,,,
671.11,6.151e+0,4.811e-17,2.409e-16,2.264e-28,8.765e-18,,,1.421e-18,6.182e-20,,4.136e-16,7.357e-19,2.450e-29,8.878e-18,1.708e-3,1.894e-30,1.324e-19,,,4.530e-1,2.604e-18,6.153e-37,1.236e-9,,1.251e-24,3.466e-18,,,1.525e-21,4.318e-17,2.566e-19,1.140e-28,,5.681e-22,2.110e-1,1.032e-16,4.508e+0,,7.928e-2,8.927e-1,1.883e-12,,,,,5.404e-3,,,,,,,,,,,,,,
671.14,5.999e+0,2.893e-17,3.403e-16,2.907e-28,8.770e-18,,,1.421e-18,6.187e-20,,4.132e-16,7.361e-19,2.451e-29,8.878e-18,1.808e-3,1.896e-30,1.324e-19,,,4.917e-1,2.605e-18,6.149e-37,1.848e-9,,7.161e-25,2.017e-18,,,1.526e-21,4.321e-17,2.569e-19,1.140e-28,,5.684e-22,1.844e-1,1.032e-16,4.409e+0,,7.255e-2,8.359e-1,1.158e-12,,,,,4.333e-3,,,,,,,,,,,,,,
671.16,5.893e+0,2.056e-17,4.276e-16,3.427e-28,8.773e-18,,,1.421e-18,6.190e-20,,4.129e-16,7.363e-19,2.452e-29,8.878e-18,1.876e-3,1.898e-30,1.325e-19,,,5.183e-1,2.605e-18,6.147e-37,2.411e-9,,7.160e-25,1.403e-18,,,1.527e-21,4.323e-17,2.571e-19,1.140e-28,,5.685e-22,1.681e-1,1.032e-16,4.334e+0,,6.824e-2,7.984e-1,8.361e-13,,,,,3.731e-3,,,,,,,,,,,,,,
671.19,5.727e+0,1.229e-17,6.004e-16,4.374e-28,8.778e-18,,,1.421e-18,6.195e-20,,4.125e-16,7.366e-19,2.453e-29,8.877e-18,1.983e-3,1.901e-30,1.325e-19,,,5.590e-1,2.606e-18,6.143e-37,3.582e-9,,7.159e-25,8.115e-19,,,1.529e-21,4.327e-17,2.574e-19,1.140e-28,,5.688e-22,1.460e-1,1.033e-16,4.212e+0,,6.204e-2,7.428e-1,5.111e-13,,,,,2.973e-3,,,,,,,,,,,,,,
671.21,5.612e+0,8.697e-18,7.512e-16,5.135e-28,8.782e-18,,,1.421e-18,6.198e-20,,4.122e-16,7.369e-19,2.453e-29,8.877e-18,2.055e-3,1.903e-30,1.325e-19,,,5.867e-1,2.606e-18,6.141e-37,4.653e-9,,7.158e-25,5.621e-19,,,1.530e-21,4.329e-17,2.576e-19,1.140e-28,,5.689e-22,1.326e-1,1.033e-16,4.123e+0,,5.811e-2,7.065e-1,3.673e-13,,,,,2.549e-3,,,,,,,,,,,,,,
671.24,5.434e+0,5.163e-18,1.048e-15,6.512e-28,8.786e-18,,,1.421e-18,6.203e-20,,4.118e-16,7.372e-19,2.454e-29,8.877e-18,2.165e-3,1.906e-30,1.326e-19,,,6.288e-1,2.606e-18,6.137e-37,6.868e-9,,7.157e-25,3.229e-19,,,1.531e-21,4.332e-17,2.579e-19,1.140e-28,,5.692e-22,1.144e-1,1.033e-16,3.981e+0,,5.250e-2,6.531e-1,2.231e-13,,,,,2.018e-3,,,,,,,,,,,,,,
671.26,5.313e+0,3.639e-18,1.306e-15,7.613e-28,8.790e-18,,,1.421e-18,6.206e-20,,4.115e-16,7.374e-19,2.455e-29,8.877e-18,2.239e-3,1.907e-30,1.326e-19,,,6.571e-1,2.607e-18,6.135e-37,8.885e-9,,7.157e-25,2.227e-19,,,1.532e-21,4.334e-17,2.581e-19,1.140e-28,,5.693e-22,1.035e-1,1.033e-16,3.881e+0,,4.896e-2,6.185e-1,1.596e-13,,,,,1.723e-3,,,,,,,,,,,,,,
671.29,5.128e+0,2.146e-18,1.810e-15,9.592e-28,8.795e-18,,,1.421e-18,6.211e-20,,4.110e-16,7.378e-19,2.456e-29,8.877e-18,2.350e-3,1.910e-30,1.326e-19,,,6.998e-1,2.607e-18,6.131e-37,1.303e-8,,7.155e-25,1.271e-19,,,1.533e-21,4.338e-17,2.584e-19,1.140e-28,,5.696e-22,8.869e-2,1.034e-16,3.723e+0,,4.395e-2,5.682e-1,9.634e-14,,,,,1.355e-3,,,,,,,,,,,,,,
671.31,5.003e+0,1.506e-18,2.246e-15,1.117e-27,8.798e-18,,,1.421e-18,6.214e-20,,4.108e-16,7.380e-19,2.456e-29,8.877e-18,2.424e-3,1.912e-30,1.327e-19,,,7.283e-1,2.608e-18,6.129e-37,1.679e-8,,7.155e-25,1.276e-19,,,1.534e-21,4.340e-17,2.586e-19,1.140e-28,,5.698e-22,7.986e-2,1.034e-16,3.614e+0,,4.082e-2,5.358e-1,6.865e-14,,,,,1.152e-3,,,,,,,,,,,,,,
671.34,4.813e+0,8.827e-19,3.094e-15,1.398e-27,8.803e-18,,,1.421e-18,6.219e-20,,4.103e-16,7.383e-19,2.457e-29,8.876e-18,2.532e-3,1.915e-30,1.327e-19,,,7.707e-1,2.608e-18,6.126e-37,2.447e-8,,7.154e-25,1.284e-19,,,1.536e-21,4.343e-17,2.589e-19,1.140e-28,,5.700e-22,6.803e-2,1.034e-16,3.445e+0,,3.641e-2,4.891e-1,4.116e-14,,,,,9.005e-4,,,,,,,,,,,,,,
671.36,4.686e+0,6.168e-19,3.823e-15,1.621e-27,8.806e-18,,,1.421e-18,6.222e-20,,4.100e-16,7.386e-19,2.458e-29,8.876e-18,2.603e-3,1.917e-30,1.327e-19,,,7.986e-1,2.609e-18,6.123e-37,3.139e-8,,7.153e-25,1.289e-19,,,1.537e-21,4.345e-17,2.591e-19,1.140e-28,,5.702e-22,6.100e-2,1.034e-16,3.330e+0,,3.367e-2,4.592e-1,2.921e-14,,,,,7.624e-4,,,,,,,,,,,,,,
671.39,4.496e+0,3.591e-19,5.234e-15,2.017e-27,8.811e-18,,,1.421e-18,6.227e-20,,4.096e-16,7.389e-19,2.458e-29,8.876e-18,2.705e-3,1.920e-30,1.328e-19,,,8.398e-1,2.609e-18,6.120e-37,4.546e-8,,7.152e-25,1.297e-19,,,1.538e-21,4.349e-17,2.594e-19,1.140e-28,,5.704e-22,5.163e-2,1.034e-16,3.155e+0,,2.984e-2,4.165e-1,1.740e-14,,,,,5.920e-4,,,,,,,,,,,,,,
671.41,4.369e+0,2.499e-19,6.439e-15,2.328e-27,8.814e-18,,,1.421e-18,6.231e-20,,4.093e-16,7.391e-19,2.459e-29,8.876e-18,2.771e-3,1.921e-30,1.328e-19,,,8.665e-1,2.610e-18,6.117e-37,5.808e-8,,7.151e-25,1.302e-19,,,1.539e-21,4.351e-17,2.596e-19,1.140e-28,,5.706e-22,4.610e-2,1.035e-16,3.036e+0,,2.747e-2,3.895e-1,1.229e-14,,,,,4.991e-4,,,,,,,,,,,,,,
671.43,4.243e+0,1.736e-19,7.909e-15,2.683e-27,8.817e-18,,,1.421e-18,6.234e-20,,4.090e-16,7.394e-19,2.460e-29,8.876e-18,2.833e-3,1.923e-30,1.328e-19,,,8.926e-1,2.610e-18,6.115e-37,7.406e-8,,7.150e-25,1.307e-19,,,1.540e-21,4.353e-17,2.598e-19,1.140e-28,,5.707e-22,4.109e-2,1.035e-16,2.917e+0,,2.525e-2,3.635e-1,8.669e-15,,,,,4.200e-4,,,,,,,,,,,,,,
671.46,4.056e+0,1.002e-19,1.073e-14,3.309e-27,8.822e-18,,,1.420e-18,6.239e-20,,4.086e-16,7.397e-19,2.461e-29,8.876e-18,2.922e-3,1.926e-30,1.329e-19,,,9.303e-1,2.610e-18,6.111e-37,1.063e-7,,7.149e-25,1.314e-19,,,1.541e-21,4.356e-17,2.601e-19,1.140e-28,,5.710e-22,3.446e-2,1.035e-16,2.739e+0,,2.218e-2,3.268e-1,5.118e-15,,,,,3.232e-4,,,,,,,,,,,,,,
671.48,3.933e+0,6.927e-20,1.313e-14,3.797e-27,8.826e-18,,,1.420e-18,6.242e-20,,4.083e-16,7.399e-19,2.461e-29,8.875e-18,2.977e-3,1.928e-30,1.329e-19,,,9.542e-1,2.611e-18,6.109e-37,1.350e-7,,7.148e-25,1.319e-19,,,1.542e-21,4.358e-17,2.603e-19,1.140e-28,,5.712e-22,3.059e-2,1.035e-16,2.621e+0,,2.030e-2,3.037e-1,3.594e-15,,,,,2.709e-4,,,,,,,,,,,,,,
671.51,3.751e+0,3.971e-20,1.770e-14,4.653e-27,8.831e-18,,,1.420e-18,6.247e-20,,4.079e-16,7.403e-19,2.462e-29,8.875e-18,3.052e-3,1.931e-30,1.329e-19,,,9.882e-1,2.611e-18,6.105e-37,1.926e-7,,7.147e-25,1.327e-19,,,1.543e-21,4.362e-17,2.606e-19,1.140e-28,,5.714e-22,2.550e-2,1.035e-16,2.445e+0,,1.772e-2,2.713e-1,2.108e-15,,,,,2.071e-4,,,,,,,,,,,,,,
671.53,3.631e+0,2.735e-20,2.156e-14,5.317e-27,8.834e-18,,,1.420e-18,6.250e-20,,4.076e-16,7.405e-19,2.463e-29,8.875e-18,3.097e-3,1.933e-30,1.330e-19,,,1.009e+0,2.612e-18,6.103e-37,2.436e-7,,7.147e-25,1.332e-19,,,1.544e-21,4.364e-17,2.608e-19,1.140e-28,,5.716e-22,2.253e-2,1.036e-16,2.329e+0,,1.615e-2,2.511e-1,1.474e-15,,,,,1.728e-4,,,,,,,,,,,,,,
671.56,3.456e+0,2.755e-20,2.888e-14,6.475e-27,8.839e-18,,,1.420e-18,6.255e-20,,4.072e-16,7.408e-19,2.463e-29,8.875e-18,3.157e-3,1.935e-30,1.330e-19,,,1.039e+0,2.612e-18,6.100e-37,3.453e-7,,7.145e-25,1.340e-19,,,1.546e-21,4.367e-17,2.611e-19,1.140e-28,,5.718e-22,1.866e-2,1.036e-16,2.159e+0,,1.401e-2,2.228e-1,8.593e-16,,,,,1.313e-4,,,,,,,,,,,,,,
671.58,3.342e+0,2.769e-20,3.503e-14,7.368e-27,8.842e-18,,,1.420e-18,6.258e-20,,4.069e-16,7.410e-19,2.464e-29,8.875e-18,3.190e-3,1.937e-30,1.330e-19,,,1.056e+0,2.613e-18,6.097e-37,4.349e-7,,7.145e-25,1.345e-19,,,1.547e-21,4.369e-17,2.613e-19,1.140e-28,,5.720e-22,1.642e-2,1.036e-16,2.048e+0,,1.271e-2,2.054e-1,5.983e-16,,,,,1.091e-4,,,,,,,,,,,,,,
671.61,3.176e+0,2.790e-20,4.664e-14,8.915e-27,8.847e-18,,,1.420e-18,6.263e-20,,4.064e-16,7.414e-19,2.465e-29,8.875e-18,3.231e-3,1.940e-30,1.331e-19,,,1.080e+0,2.613e-18,6.094e-37,6.126e-7,,7.144e-25,1.352e-19,,,1.548e-21,4.373e-17,2.616e-19,1.140e-28,,5.722e-22,1.351e-2,1.036e-16,1.886e+0,,1.096e-2,1.811e-1,3.465e-16,,,,,8.238e-5,,,,,,,,,,,,,,
671.63,3.067e+0,2.803e-20,5.632e-14,1.010e-26,8.850e-18,,,1.420e-18,6.266e-20,,4.061e-16,7.416e-19,2.465e-29,8.875e-18,3.252e-3,1.942e-30,1.331e-19,,,1.094e+0,2.614e-18,6.091e-37,7.682e-7,,7.143e-25,1.357e-19,,,1.549e-21,4.375e-17,2.618e-19,1.141e-28,,5.724e-22,1.184e-2,1.037e-16,1.782e+0,,9.901e-3,1.662e-1,2.402e-16,,,,,6.816e-5,,,,,,,,,,,,,,
671.66,2.910e+0,2.824e-20,7.452e-14,1.215e-26,8.855e-18,,,1.420e-18,6.271e-20,,4.057e-16,7.420e-19,2.466e-29,8.874e-18,3.274e-3,1.945e-30,1.331e-19,,,1.112e+0,2.614e-18,6.088e-37,1.075e-6,,7.142e-25,1.365e-19,,,1.550e-21,4.378e-17,2.621e-19,1.141e-28,,5.726e-22,9.682e-3,1.037e-16,1.631e+0,,8.478e-3,1.456e-1,1.382e-16,,,,,5.115e-5,,,,,,,,,,,,,,
671.68,2.808e+0,2.838e-20,8.962e-14,1.371e-26,8.858e-18,,,1.420e-18,6.274e-20,,4.054e-16,7.422e-19,2.467e-29,8.874e-18,3.282e-3,1.946e-30,1.332e-19,,,1.121e+0,2.615e-18,6.085e-37,1.343e-6,,7.141e-25,1.370e-19,,,1.551e-21,4.380e-17,2.623e-19,1.141e-28,,5.728e-22,8.448e-3,1.037e-16,1.534e+0,,7.629e-3,1.331e-1,9.541e-17,,,,,4.215e-5,,,,,,,,,,,,,,
671.71,2.659e+0,2.858e-20,1.178e-13,1.637e-26,8.863e-18,,,1.420e-18,6.279e-20,,4.050e-16,7.425e-19,2.468e-29,8.874e-18,3.283e-3,1.949e-30,1.332e-19,,,1.132e+0,2.615e-18,6.082e-37,1.868e-6,,7.140e-25,1.378e-19,,,1.553e-21,4.384e-17,2.626e-19,1.141e-28,,5.730e-22,6.864e-3,1.037e-16,1.395e+0,,6.491e-3,1.159e-1,2.864e-17,,,,,3.145e-5,,,,,,,,,,,,,,
671.73,2.564e+0,2.872e-20,1.411e-13,1.840e-26,8.866e-18,,,1.420e-18,6.283e-20,,4.047e-16,7.427e-19,2.468e-29,8.874e-18,3.277e-3,1.951e-30,1.332e-19,,,1.137e+0,2.615e-18,6.080e-37,2.323e-6,,7.139e-25,1.383e-19,,,1.554e-21,4.386e-17,2.628e-19,1.141e-28,,5.732e-22,5.963e-3,1.037e-16,1.307e+0,,5.816e-3,1.054e-1,2.863e-17,,,,,2.582e-5,,,,,,,,,,,,,,
671.76,2.425e+0,2.892e-20,1.843e-13,2.184e-26,8.871e-18,,,1.420e-18,6.287e-20,,4.043e-16,7.431e-19,2.469e-29,8.874e-18,3.258e-3,1.954e-30,1.333e-19,,,1.140e+0,2.616e-18,6.076e-37,3.211e-6,,7.138e-25,1.390e-19,,,1.555e-21,4.389e-17,2.631e-19,1.141e-28,,5.735e-22,4.814e-3,1.038e-16,1.181e+0,,4.917e-3,9.121e-2,2.861e-17,,,,,1.917e-5,,,,,,,,,,,,,,
671.78,2.336e+0,2.906e-20,2.198e-13,2.444e-26,8.875e-18,,,1.420e-18,6.291e-20,,4.040e-16,7.433e-19,2.470e-29,8.874e-18,3.238e-3,1.956e-30,1.333e-19,,,1.140e+0,2.616e-18,6.074e-37,3.976e-6,,7.137e-25,1.395e-19,,,1.556e-21,4.391e-17,2.633e-19,1.141e-28,,5.736e-22,4.165e-3,1.038e-16,1.101e+0,,4.387e-3,8.264e-2,2.860e-17,,,,,1.571e-5,,,,,,,,,,,,,,
671.8,2.249e+0,2.920e-20,2.617e-13,2.730e-26,8.878e-18,,,1.420e-18,6.294e-20,,4.037e-16,7.435e-19,2.470e-29,8.873e-18,3.213e-3,1.958e-30,1.333e-19,,,1.138e+0,2.617e-18,6.071e-37,4.915e-6,,7.137e-25,1.400e-19,,,1.557e-21,4.394e-17,2.635e-19,1.141e-28,,5.738e-22,3.597e-3,1.038e-16,1.025e+0,,3.908e-3,7.474e-2,2.859e-17,,,,,1.287e-5,,,,,,,,,,,,,,
671.83,2.124e+0,2.940e-20,3.389e-13,3.213e-26,8.883e-18,,,1.420e-18,6.299e-20,,4.033e-16,7.439e-19,2.471e-29,8.873e-18,3.166e-3,1.960e-30,1.334e-19,,,1.132e+0,2.617e-18,6.068e-37,6.734e-6,,7.135e-25,1.408e-19,,,1.558e-21,4.397e-17,2.638e-19,1.141e-28,,5.740e-22,2.878e-3,1.038e-16,9.184e-1,,3.274e-3,6.409e-2,2.857e-17,,,,,9.561e-6,,,,,,,,,,,,,,
671.85,2.043e+0,2.954e-20,4.018e-13,3.573e-26,8.886e-18,,,1.420e-18,6.302e-20,,4.030e-16,7.441e-19,2.472e-29,8.873e-18,3.129e-3,1.962e-30,1.334e-19,,,1.125e+0,2.618e-18,6.065e-37,8.290e-6,,7.135e-25,1.413e-19,,,1.559e-21,4.399e-17,2.640e-19,1.141e-28,,5.742e-22,2.475e-3,1.039e-16,8.515e-1,,2.904e-3,5.772e-2,2.856e-17,,,,,7.868e-6,,,,,,,,,,,,,,
671.88,1.926e+0,2.975e-20,5.170e-13,4.178e-26,8.891e-18,,,1.420e-18,6.307e-20,,4.026e-16,7.444e-19,2.473e-29,8.873e-18,3.064e-3,1.965e-30,1.334e-19,,,1.112e+0,2.618e-18,6.062e-37,1.129e-5,,7.134e-25,1.421e-19,,,1.561e-21,4.402e-17,2.642e-19,1.141e-28,,5.744e-22,1.968e-3,1.039e-16,7.577e-1,,2.418e-3,4.918e-2,2.855e-17,,,,,5.937e-6,,,,,,,,,,,,,,
671.9,1.851e+0,2.988e-20,6.104e-13,4.628e-26,8.894e-18,,,1.419e-18,6.310e-20,,4.023e-16,7.447e-19,2.473e-29,8.873e-18,3.014e-3,1.967e-30,1.335e-19,,,1.100e+0,2.619e-18,6.059e-37,1.384e-5,,7.133e-25,1.426e-19,,,1.561e-21,4.405e-17,2.644e-19,1.141e-28,,5.746e-22,1.685e-3,1.039e-16,6.995e-1,,2.135e-3,4.411e-2,2.853e-17,,,,,4.982e-6,,,,,,,,,,,,,,
671.93,1.742e+0,3.009e-20,7.805e-13,5.377e-26,8.899e-18,,,1.419e-18,6.315e-20,,4.018e-16,7.450e-19,2.474e-29,8.873e-18,2.933e-3,1.970e-30,1.335e-19,,,1.080e+0,2.619e-18,6.056e-37,1.872e-5,,7.132e-25,1.433e-19,,,1.563e-21,4.408e-17,2.647e-19,1.141e-28,,5.749e-22,1.331e-3,1.039e-16,6.186e-1,,1.766e-3,3.734e-2,2.852e-17,,,,,3.952e-6,,,,,,,,,,,,,,
671.95,1.672e+0,3.023e-20,9.175e-13,5.931e-26,8.902e-18,,,1.419e-18,6.318e-20,,4.015e-16,7.452e-19,2.475e-29,8.872e-18,2.874e-3,1.972e-30,1.335e-19,,,1.065e+0,2.619e-18,6.054e-37,2.285e-5,,7.131e-25,1.438e-19,,,1.564e-21,4.410e-17,2.649e-19,1.141e-28,,5.750e-22,1.135e-3,1.039e-16,5.686e-1,,1.553e-3,3.335e-2,2.851e-17,,,,,3.493e-6,,,,,,,,,,,,,,
671.98,1.571e+0,3.043e-20,1.166e-12,6.848e-26,8.907e-18,,,1.419e-18,6.323e-20,,4.011e-16,7.456e-19,2.476e-29,8.872e-18,2.778e-3,1.974e-30,1.336e-19,,,1.039e+0,2.620e-18,6.050e-37,3.072e-5,,7.130e-25,1.446e-19,,,1.565e-21,4.413e-17,2.652e-19,1.141e-28,,5.753e-22,8.908e-4,1.040e-16,4.996e-1,,1.277e-3,2.805e-2,2.849e-17,,,,,3.096e-6,,,,,,,,,,,,,,
672,1.506e+0,3.057e-20,1.365e-12,7.521e-26,8.911e-18,,,1.419e-18,6.326e-20,,4.008e-16,7.458e-19,2.476e-29,8.872e-18,2.711e-3,1.976e-30,1.336e-19,,,1.019e+0,2.620e-18,6.048e-37,3.734e-5,,7.129e-25,1.451e-19,,,1.566e-21,4.416e-17,2.654e-19,1.141e-28,,5.754e-22,7.564e-4,1.040e-16,4.574e-1,,1.118e-3,2.494e-2,2.848e-17,,,,,3.009e-6,,,,,,,,,,,,,,
672.03,1.413e+0,3.078e-20,1.723e-12,8.629e-26,8.915e-18,,,1.419e-18,6.331e-20,,4.004e-16,7.461e-19,2.477e-29,8.872e-18,2.604e-3,1.979e-30,1.336e-19,,,9.882e-1,2.621e-18,6.044e-37,4.989e-5,,7.128e-25,1.458e-19,,,1.567e-21,4.419e-17,2.657e-19,1.141e-28,,5.757e-22,5.899e-4,1.040e-16,3.993e-1,,9.133e-4,2.085e-2,2.846e-17,,,,,3.131e-6,,,,,,,,,,,,,,
672.05,1.352e+0,3.091e-20,2.009e-12,9.437e-26,8.919e-18,,,1.419e-18,6.335e-20,,4.001e-16,7.464e-19,2.478e-29,8.872e-18,2.530e-3,1.981e-30,1.337e-19,,,9.658e-1,2.621e-18,6.042e-37,6.039e-5,,7.127e-25,1.463e-19,,,1.568e-21,4.421e-17,2.659e-19,1.141e-28,,5.758e-22,4.987e-4,1.040e-16,3.640e-1,,7.963e-4,1.846e-2,2.845e-17,,,,,3.383e-6,,,,,,,,,,,,,,
672.08,1.265e+0,3.112e-20,2.520e-12,1.076e-25,8.924e-18,,,1.419e-18,6.340e-20,,3.997e-16,7.467e-19,2.479e-29,8.872e-18,2.416e-3,1.984e-30,1.337e-19,,,9.303e-1,2.622e-18,6.038e-37,8.017e-5,,7.126e-25,1.471e-19,,,1.570e-21,4.424e-17,2.662e-19,1.141e-28,,5.761e-22,3.865e-4,1.041e-16,3.157e-1,,6.463e-4,1.533e-2,2.844e-17,,,,,4.034e-6,,,,,,,,,,,,,,
672.1,1.209e+0,3.125e-20,2.926e-12,1.172e-25,8.927e-18,,,1.419e-18,6.343e-20,,3.994e-16,7.469e-19,2.479e-29,8.872e-18,2.337e-3,1.985e-30,1.337e-19,,,9.054e-1,2.622e-18,6.036e-37,9.664e-5,,7.126e-25,1.476e-19,,,1.571e-21,4.427e-17,2.664e-19,1.141e-28,,5.763e-22,3.254e-4,1.041e-16,2.866e-1,,5.611e-4,1.352e-2,2.843e-17,,,,,4.671e-6,,,,,,,,,,,,,,
672.13,1.128e+0,3.146e-20,3.647e-12,1.327e-25,8.932e-18,,,1.419e-18,6.348e-20,,3.990e-16,7.473e-19,2.480e-29,8.871e-18,2.217e-3,1.988e-30,1.338e-19,,,8.665e-1,2.623e-18,6.032e-37,1.275e-4,,7.124e-25,1.484e-19,,,1.572e-21,4.430e-17,2.667e-19,1.141e-28,,5.765e-22,2.505e-4,1.041e-16,2.470e-1,,4.525e-4,1.116e-2,2.841e-17,,,,,5.984e-6,,,,,,,,,,,,,,
672.15,1.076e+0,3.160e-20,4.216e-12,1.440e-25,8.935e-18,,,1.419e-18,6.351e-20,,3.987e-16,7.475e-19,2.481e-29,8.871e-18,2.136e-3,1.990e-30,1.338e-19,,,8.398e-1,2.623e-18,6.030e-37,1.530e-4,,7.124e-25,1.489e-19,,,1.573e-21,4.432e-17,2.669e-19,1.142e-28,,5.767e-22,2.100e-4,1.041e-16,2.233e-1,,3.912e-4,9.795e-3,2.840e-17,,,,,7.139e-6,,,,,,,,,,,,,,
672.17,1.025e+0,3.173e-20,4.866e-12,1.559e-25,8.938e-18,,,1.419e-18,6.354e-20,,3.984e-16,7.477e-19,2.481e-29,8.871e-18,2.054e-3,1.992e-30,1.338e-19,,,8.124e-1,2.624e-18,6.028e-37,1.834e-4,,7.123e-25,1.494e-19,,,1.574e-21,4.434e-17,2.671e-19,1.142e-28,,5.768e-22,1.757e-4,1.041e-16,2.015e-1,,3.376e-4,8.585e-3,2.839e-17,,,,,8.562e-6,,,,,,,,,,,,,,
672.2,9.524e-1,3.194e-20,6.013e-12,1.750e-25,8.943e-18,,,1.419e-18,6.359e-20,,3.979e-16,7.481e-19,2.482e-29,8.871e-18,1.931e-3,1.995e-30,1.339e-19,,,7.707e-1,2.624e-18,6.024e-37,2.398e-4,,7.122e-25,1.501e-19,,,1.575e-21,4.438e-17,2.674e-19,1.142e-28,,5.771e-22,1.341e-4,1.042e-16,1.721e-1,,2.699e-4,7.022e-3,2.837e-17,,,,,1.130e-5,,,,,,,,,,,,,,
672.22,9.057e-1,3.208e-20,6.910e-12,1.887e-25,8.947e-18,,,1.419e-18,6.362e-20,,3.977e-16,7.483e-19,2.483e-29,8.871e-18,1.849e-3,1.997e-30,1.339e-19,,,7.425e-1,2.624e-18,6.022e-37,2.861e-4,,7.121e-25,1.506e-19,,,1.576e-21,4.440e-17,2.676e-19,1.142e-28,,5.772e-22,1.118e-4,1.042e-16,1.546e-1,,2.319e-4,6.128e-3,2.836e-17,,,,,1.362e-5,,,,,,,,,,,,,,
672.25,8.385e-1,3.228e-20,8.485e-12,2.105e-25,8.951e-18,,,1.419e-18,6.367e-20,,3.972e-16,7.486e-19,2.484e-29,8.871e-18,1.728e-3,1.999e-30,1.339e-19,,,6.998e-1,2.625e-18,6.018e-37,3.718e-4,,7.120e-25,1.514e-19,,,1.578e-21,4.443e-17,2.679e-19,1.142e-28,,5.775e-22,8.474e-5,1.042e-16,1.313e-1,,1.842e-4,4.980e-3,2.835e-17,,,,,1.800e-5,,,,,,,,,,,,,,
672.27,7.954e-1,3.242e-20,9.709e-12,2.260e-25,8.955e-18,,,1.419e-18,6.370e-20,,3.969e-16,7.489e-19,2.484e-29,8.870e-18,1.647e-3,2.001e-30,1.339e-19,,,6.713e-1,2.625e-18,6.016e-37,4.418e-4,,7.119e-25,1.519e-19,,,1.579e-21,4.445e-17,2.681e-19,1.142e-28,,5.777e-22,7.032e-5,1.042e-16,1.174e-1,,1.576e-4,4.328e-3,2.834e-17,,,,,2.166e-5,,,,,,,,,,,,,,
672.3,7.336e-1,3.263e-20,1.185e-11,2.506e-25,8.960e-18,,,1.419e-18,6.375e-20,,3.965e-16,7.492e-19,2.485e-29,8.870e-18,1.529e-3,2.004e-30,1.340e-19,,,6.288e-1,2.626e-18,6.012e-37,5.704e-4,,7.118e-25,1.527e-19,,,1.580e-21,4.449e-17,2.684e-19,1.142e-28,,5.779e-22,5.298e-5,1.043e-16,9.906e-2,,1.244e-4,3.495e-3,2.832e-17,,,,,2.853e-5,,,,,,,,,,,,,,
672.32,6.942e-1,3.276e-20,1.350e-11,2.679e-25,8.963e-18,,,1.418e-18,6.379e-20,,3.962e-16,7.494e-19,2.486e-29,8.870e-18,1.452e-3,2.006e-30,1.340e-19,,,6.007e-1,2.626e-18,6.010e-37,6.750e-4,,7.117e-25,1.532e-19,,,1.581e-21,4.451e-17,2.686e-19,1.142e-28,,5.781e-22,4.377e-5,1.043e-16,8.824e-2,,1.060e-4,3.024e-3,2.831e-17,,,,,3.422e-5,,,,,,,,,,,,,,
672.35,6.378e-1,3.297e-20,1.637e-11,2.952e-25,8.968e-18,,,1.418e-18,6.383e-20,,3.958e-16,7.498e-19,2.487e-29,8.870e-18,1.339e-3,2.009e-30,1.341e-19,,,5.590e-1,2.627e-18,6.006e-37,8.660e-4,,7.116e-25,1.539e-19,,,1.582e-21,4.454e-17,2.689e-19,1.142e-28,,5.783e-22,3.277e-5,1.043e-16,7.396e-2,,8.310e-5,2.427e-3,2.829e-17,,,,,4.483e-5,,,,,,,,,,,,,,
672.37,6.019e-1,3.311e-20,1.858e-11,3.143e-25,8.971e-18,,,1.418e-18,6.387e-20,,3.955e-16,7.500e-19,2.487e-29,8.870e-18,1.267e-3,2.010e-30,1.341e-19,,,5.317e-1,2.627e-18,6.004e-37,1.020e-3,,7.116e-25,1.544e-19,,,1.583e-21,4.456e-17,2.691e-19,1.142e-28,,5.785e-22,2.696e-5,1.043e-16,6.561e-2,,7.051e-5,2.091e-3,2.828e-17,,,,,5.357e-5,,,,,,,,,,,,,,
672.4,5.506e-1,3.331e-20,2.238e-11,3.441e-25,8.976e-18,,,1.418e-18,6.392e-20,,3.951e-16,7.503e-19,2.488e-29,8.870e-18,1.161e-3,2.013e-30,1.341e-19,,,4.917e-1,2.628e-18,6.000e-37,1.301e-3,,7.114e-25,1.552e-19,,,1.585e-21,4.460e-17,2.694e-19,1.142e-28,,5.787e-22,2.006e-5,1.043e-16,5.464e-2,,5.493e-5,1.667e-3,2.827e-17,,,,,6.976e-5,,,,,,,,,,,,,,
672.42,5.182e-1,3.345e-20,2.529e-11,3.648e-25,8.979e-18,,,1.418e-18,6.395e-20,,3.948e-16,7.505e-19,2.489e-29,8.869e-18,1.093e-3,2.015e-30,1.341e-19,,,4.658e-1,2.628e-18,5.998e-37,1.527e-3,,7.114e-25,1.557e-19,,,1.585e-21,4.462e-17,2.696e-19,1.142e-28,,5.789e-22,1.643e-5,1.044e-16,4.826e-2,,4.641e-5,1.431e-3,2.825e-17,,,,,8.303e-5,,,,,,,,,,,,,,
672.45,4.721e-1,3.365e-20,3.028e-11,3.969e-25,8.984e-18,,,1.418e-18,6.400e-20,,3.943e-16,7.509e-19,2.489e-29,8.869e-18,9.955e-4,2.018e-30,1.342e-19,,,4.280e-1,2.629e-18,5.995e-37,1.934e-3,,7.113e-25,1.565e-19,,,1.587e-21,4.465e-17,2.699e-19,1.142e-28,,5.791e-22,1.214e-5,1.044e-16,3.994e-2,,3.593e-5,1.133e-3,2.824e-17,,,,,1.075e-4,,,,,,,,,,,,,,
672.47,4.431e-1,3.379e-20,3.407e-11,4.190e-25,8.987e-18,,,1.418e-18,6.403e-20,,3.941e-16,7.511e-19,2.490e-29,8.869e-18,9.334e-4,2.020e-30,1.342e-19,,,4.037e-1,2.629e-18,5.992e-37,2.260e-3,,7.112e-25,1.570e-19,,,1.588e-21,4.467e-17,2.701e-19,1.142e-28,,5.793e-22,9.906e-6,1.044e-16,3.513e-2,,3.023e-5,9.683e-4,2.823e-17,,,,,1.273e-4,,,,,,,,,,,,,,
672.5,4.021e-1,3.400e-20,4.054e-11,4.531e-25,8.992e-18,,,1.418e-18,6.408e-20,,3.936e-16,7.515e-19,2.491e-29,8.869e-18,8.447e-4,2.023e-30,1.343e-19,,,3.686e-1,2.630e-18,5.989e-37,2.846e-3,,7.111e-25,1.577e-19,,,1.589e-21,4.471e-17,2.704e-19,1.142e-28,,5.796e-22,7.275e-6,1.044e-16,2.889e-2,,2.325e-5,7.622e-4,2.821e-17,,,,,1.638e-4,,,,,,,,,,,,,,
672.52,3.764e-1,3.413e-20,4.543e-11,4.763e-25,8.996e-18,,,1.418e-18,6.411e-20,,3.933e-16,7.517e-19,2.491e-29,8.869e-18,7.886e-4,2.024e-30,1.343e-19,,,3.462e-1,2.630e-18,5.986e-37,3.311e-3,,7.110e-25,1.582e-19,,,1.590e-21,4.473e-17,2.706e-19,1.142e-28,,5.797e-22,5.910e-6,1.045e-16,2.530e-2,,1.948e-5,6.485e-4,2.820e-17,,,,,1.933e-4,,,,,,,,,,,,,,
672.54,3.521e-1,3.427e-20,5.081e-11,4.999e-25,8.999e-18,,,1.418e-18,6.414e-20,,3.931e-16,7.519e-19,2.492e-29,8.869e-18,7.350e-4,2.026e-30,1.343e-19,,,3.246e-1,2.630e-18,5.984e-37,3.846e-3,,7.109e-25,1.587e-19,,,1.591e-21,4.475e-17,2.708e-19,1.142e-28,,5.799e-22,4.792e-6,1.045e-16,2.212e-2,,1.629e-5,5.507e-4,2.819e-17,,,,,2.277e-4,,,,,,,,,,,,,,
672.57,3.180e-1,3.448e-20,5.993e-11,5.358e-25,9.004e-18,,,1.418e-18,6.419e-20,,3.926e-16,7.522e-19,2.493e-29,8.869e-18,6.593e-4,2.029e-30,1.343e-19,,,2.937e-1,2.631e-18,5.980e-37,4.799e-3,,7.108e-25,1.595e-19,,,1.592e-21,4.478e-17,2.711e-19,1.142e-28,,5.801e-22,3.488e-6,1.045e-16,1.803e-2,,1.242e-5,4.297e-4,2.817e-17,,,,,2.903e-4,,,,,,,,,,,,,,
672.59,2.968e-1,3.461e-20,6.675e-11,5.600e-25,9.007e-18,,,1.418e-18,6.422e-20,,3.923e-16,7.525e-19,2.494e-29,8.868e-18,6.119e-4,2.031e-30,1.344e-19,,,2.742e-1,2.631e-18,5.978e-37,5.551e-3,,7.107e-25,1.600e-19,,,1.593e-21,4.481e-17,2.713e-19,1.142e-28,,5.803e-22,2.816e-6,1.045e-16,1.569e-2,,1.034e-5,3.634e-4,2.816e-17,,,,,3.407e-4,,,,,,,,,,,,,,
672.62,2.675e-1,3.482e-20,7.823e-11,5.965e-25,9.012e-18,,,1.418e-18,6.427e-20,,3.919e-16,7.528e-19,2.494e-29,8.868e-18,5.453e-4,2.034e-30,1.344e-19,,,2.466e-1,2.632e-18,5.975e-37,6.884e-3,,7.106e-25,1.608e-19,,,1.595e-21,4.484e-17,2.716e-19,1.142e-28,,5.805e-22,2.037e-6,1.045e-16,1.271e-2,,7.835e-6,2.817e-4,2.815e-17,,,,,4.316e-4,,,,,,,,,,,,,,
672.64,2.495e-1,3.496e-20,8.677e-11,6.208e-25,9.015e-18,,,1.418e-18,6.431e-20,,3.916e-16,7.530e-19,2.495e-29,8.868e-18,5.040e-4,2.036e-30,1.344e-19,,,2.293e-1,2.632e-18,5.972e-37,7.930e-3,,7.106e-25,1.613e-19,,,1.596e-21,4.486e-17,2.718e-19,1.142e-28,,5.807e-22,1.638e-6,1.046e-16,1.102e-2,,6.497e-6,2.372e-4,2.814e-17,,,,,5.042e-4,,,,,,,,,,,,,,
672.67,2.248e-1,3.516e-20,1.011e-10,6.572e-25,9.020e-18,,,1.418e-18,6.435e-20,,3.912e-16,7.534e-19,2.496e-29,8.868e-18,4.463e-4,2.038e-30,1.345e-19,,,2.049e-1,2.633e-18,5.969e-37,9.772e-3,,7.104e-25,1.620e-19,,,1.597e-21,4.489e-17,2.721e-19,1.143e-28,,5.810e-22,1.177e-6,1.046e-16,8.866e-3,,4.890e-6,1.827e-4,2.812e-17,,,,,6.347e-4,,,,,,,,,,,,,,
672.69,2.098e-1,3.530e-20,1.116e-10,6.813e-25,9.023e-18,,,1.418e-18,6.439e-20,,3.909e-16,7.536e-19,2.496e-29,8.868e-18,4.108e-4,2.040e-30,1.345e-19,,,1.897e-1,2.633e-18,5.966e-37,1.121e-2,,7.104e-25,1.625e-19,,,1.598e-21,4.492e-17,2.723e-19,1.143e-28,,5.811e-22,9.422e-7,1.046e-16,7.654e-3,,4.038e-6,1.532e-4,2.811e-17,,,,,7.385e-4,,,,,,,,,,,,,,
672.72,1.896e-1,3.550e-20,1.292e-10,7.168e-25,9.028e-18,,,1.418e-18,6.444e-20,,3.905e-16,7.539e-19,2.497e-29,8.868e-18,3.615e-4,2.043e-30,1.345e-19,,,1.684e-1,2.634e-18,5.963e-37,1.372e-2,,7.103e-25,1.633e-19,,,1.599e-21,4.495e-17,2.726e-19,1.143e-28,,5.814e-22,6.728e-7,1.046e-16,6.119e-3,,3.020e-6,1.173e-4,2.809e-17,,,,,9.238e-4,,,,,,,,,,,,,,
672.74,1.777e-1,3.564e-20,1.421e-10,7.399e-25,9.032e-18,,,1.418e-18,6.447e-20,,3.902e-16,7.542e-19,2.498e-29,8.867e-18,3.313e-4,2.045e-30,1.346e-19,,,1.552e-1,2.634e-18,5.960e-37,1.568e-2,,7.102e-25,1.638e-19,,,1.600e-21,4.497e-17,2.728e-19,1.143e-28,,5.815e-22,5.363e-7,1.047e-16,5.260e-3,,2.483e-6,9.793e-5,2.808e-17,,,,,1.070e-3,,,,,,,,,,,,,,
672.77,1.619e-1,3.585e-20,1.634e-10,7.738e-25,9.036e-18,,,1.417e-18,6.452e-20,,3.897e-16,7.545e-19,2.499e-29,8.867e-18,2.897e-4,2.048e-30,1.346e-19,,,1.370e-1,2.635e-18,5.957e-37,1.908e-2,,7.101e-25,1.646e-19,,,1.602e-21,4.500e-17,2.731e-19,1.143e-28,,5.818e-22,3.805e-7,1.047e-16,4.179e-3,,1.845e-6,7.448e-5,2.807e-17,,,,,1.330e-3,,,,,,,,,,,,,,
672.79,1.529e-1,3.598e-20,1.789e-10,7.956e-25,9.040e-18,,,1.417e-18,6.455e-20,,3.895e-16,7.547e-19,2.499e-29,8.867e-18,2.643e-4,2.049e-30,1.346e-19,,,1.257e-1,2.635e-18,5.954e-37,2.170e-2,,7.100e-25,1.651e-19,,,1.603e-21,4.503e-17,2.733e-19,1.143e-28,,5.819e-22,3.021e-7,1.047e-16,3.577e-3,,1.511e-6,6.192e-5,2.806e-17,,,,,1.535e-3,,,,,,,,,,,,,,
672.82,1.414e-1,3.619e-20,2.045e-10,8.270e-25,9.045e-18,,,1.417e-18,6.460e-20,,3.890e-16,7.551e-19,2.500e-29,8.867e-18,2.297e-4,2.052e-30,1.347e-19,,,1.102e-1,2.635e-18,5.951e-37,2.624e-2,,7.099e-25,1.658e-19,,,1.604e-21,4.506e-17,2.736e-19,1.143e-28,,5.822e-22,2.130e-7,1.047e-16,2.824e-3,,1.116e-6,4.680e-5,2.804e-17,,,,,1.896e-3,,,,,,,,,,,,,,
672.84,1.353e-1,3.633e-20,2.230e-10,8.469e-25,9.048e-18,,,1.417e-18,6.463e-20,,3.887e-16,7.553e-19,2.501e-29,8.867e-18,2.088e-4,2.054e-30,1.347e-19,,,1.007e-1,2.636e-18,5.949e-37,2.971e-2,,7.098e-25,1.663e-19,,,1.605e-21,4.508e-17,2.738e-19,1.143e-28,,5.824e-22,1.683e-7,1.047e-16,2.407e-3,,9.094e-7,3.874e-5,2.803e-17,,,,,2.178e-3,,,,,,,,,,,,,,
672.87,1.282e-1,3.653e-20,2.533e-10,8.752e-25,9.053e-18,,,1.417e-18,6.468e-20,,3.883e-16,7.556e-19,2.502e-29,8.867e-18,1.803e-4,2.057e-30,1.347e-19,,,8.775e-2,2.636e-18,5.945e-37,3.570e-2,,7.097e-25,1.671e-19,,,1.606e-21,4.511e-17,2.741e-19,1.143e-28,,5.826e-22,1.179e-7,1.048e-16,1.888e-3,,6.672e-7,2.909e-5,2.801e-17,,,,,2.674e-3,,,,,,,,,,,,,,
672.89,1.250e-1,3.667e-20,2.751e-10,8.928e-25,9.056e-18,,,1.417e-18,6.471e-20,,3.880e-16,7.559e-19,2.502e-29,8.866e-18,1.632e-4,2.059e-30,1.348e-19,,,7.987e-2,2.637e-18,5.943e-37,4.027e-2,,7.096e-25,1.676e-19,,,1.607e-21,4.514e-17,2.743e-19,1.143e-28,,5.828e-22,9.280e-8,1.048e-16,1.602e-3,,5.416e-7,2.398e-5,2.800e-17,,,,,3.059e-3,,,,,,,,,,,,,,
672.91,1.229e-1,3.681e-20,2.983e-10,9.094e-25,9.059e-18,,,1.417e-18,6.474e-20,,3.877e-16,7.561e-19,2.503e-29,8.866e-18,1.474e-4,2.061e-30,1.348e-19,,,7.258e-2,2.637e-18,5.940e-37,4.534e-2,,7.096e-25,1.681e-19,,,1.608e-21,4.516e-17,2.745e-19,1.143e-28,,5.829e-22,7.292e-8,1.048e-16,1.358e-3,,4.389e-7,1.974e-5,2.799e-17,,,,,3.494e-3,,,,,,,,,,,,,,
672.94,1.221e-1,3.701e-20,3.358e-10,9.322e-25,9.064e-18,,,1.417e-18,6.479e-20,,3.873e-16,7.564e-19,2.504e-29,8.866e-18,1.263e-4,2.063e-30,1.348e-19,,,6.266e-2,2.638e-18,5.937e-37,5.400e-2,,7.095e-25,1.688e-19,,,1.609e-21,4.519e-17,2.748e-19,1.143e-28,,5.832e-22,5.062e-8,1.048e-16,1.055e-3,,3.192e-7,1.469e-5,2.797e-17,,,,,4.251e-3,,,,,,,,,,,,,,
672.96,1.231e-1,3.715e-20,3.626e-10,9.460e-25,9.067e-18,,,1.417e-18,6.483e-20,,3.870e-16,7.567e-19,2.504e-29,8.866e-18,1.136e-4,2.065e-30,1.349e-19,,,5.670e-2,2.638e-18,5.934e-37,6.055e-2,,7.094e-25,1.694e-19,,,1.610e-21,4.521e-17,2.750e-19,1.143e-28,,5.833e-22,3.961e-8,1.048e-16,8.904e-4,,2.576e-7,1.204e-5,2.796e-17,,,,,4.835e-3,,,,,,,,,,,,,,
672.99,1.269e-1,3.735e-20,4.055e-10,9.645e-25,9.072e-18,,,1.417e-18,6.487e-20,,3.866e-16,7.570e-19,2.505e-29,8.866e-18,9.679e-5,2.068e-30,1.349e-19,,,4.864e-2,2.639e-18,5.931e-37,7.166e-2,,7.093e-25,1.701e-19,,,1.612e-21,4.525e-17,2.753e-19,1.143e-28,,5.836e-22,2.732e-8,1.049e-16,6.878e-4,,1.861e-7,8.901e-6,2.795e-17,,,,,5.846e-3,,,,,,,,,,,,,,
673.01,1.311e-1,3.749e-20,4.361e-10,9.752e-25,9.076e-18,,,1.417e-18,6.491e-20,,3.863e-16,7.572e-19,2.506e-29,8.866e-18,8.681e-5,2.070e-30,1.349e-19,,,4.382e-2,2.639e-18,5.929e-37,8.001e-2,,7.092e-25,1.706e-19,,,1.613e-21,4.527e-17,2.755e-19,1.143e-28,,5.838e-22,2.129e-8,1.049e-16,5.778e-4,,1.495e-7,7.263e-6,2.794e-17,,,,,6.620e-3,,,,,,,,,,,,,,
673.04,1.399e-1,3.770e-20,4.847e-10,9.890e-25,9.081e-18,,,1.417e-18,6.496e-20,,3.859e-16,7.576e-19,2.507e-29,8.865e-18,7.358e-5,2.073e-30,1.350e-19,,,3.736e-2,2.640e-18,5.925e-37,9.410e-2,,7.091e-25,1.714e-19,,,1.614e-21,4.530e-17,2.758e-19,1.143e-28,,5.840e-22,1.459e-8,1.049e-16,4.435e-4,,1.074e-7,5.337e-6,2.792e-17,,,,,7.954e-3,,,,,,,,,,,,,,
673.06,1.476e-1,3.783e-20,5.190e-10,9.967e-25,9.084e-18,,,1.417e-18,6.499e-20,,3.856e-16,7.578e-19,2.507e-29,8.865e-18,6.582e-5,2.075e-30,1.350e-19,,,3.352e-2,2.640e-18,5.923e-37,1.046e-1,,7.090e-25,1.719e-19,,,1.615e-21,4.532e-17,2.760e-19,1.143e-28,,5.842e-22,1.132e-8,1.049e-16,3.710e-4,,8.591e-8,4.337e-6,2.791e-17,,,,,8.971e-3,,,,,,,,,,,,,,
673.09,1.617e-1,3.804e-20,5.734e-10,1.006e-24,9.089e-18,,,1.417e-18,6.504e-20,,3.851e-16,7.581e-19,2.508e-29,8.865e-18,5.562e-5,2.077e-30,1.350e-19,,,2.839e-2,2.640e-18,5.919e-37,1.223e-1,,7.089e-25,1.726e-19,,,1.616e-21,4.536e-17,2.763e-19,1.143e-28,,5.844e-22,7.709e-9,1.050e-16,2.830e-4,,6.128e-8,3.166e-6,2.789e-17,,,,,1.071e-2,,,,,,,,,,,,,,
673.11,1.731e-1,3.818e-20,6.114e-10,1.010e-24,9.092e-18,,,1.417e-18,6.507e-20,,3.848e-16,7.584e-19,2.509e-29,8.865e-18,4.969e-5,2.079e-30,1.351e-19,,,2.536e-2,2.641e-18,5.917e-37,1.354e-1,,7.088e-25,1.731e-19,,,1.617e-21,4.538e-17,2.765e-19,1.143e-28,,5.846e-22,5.954e-9,1.050e-16,2.357e-4,,4.883e-8,2.562e-6,2.788e-17,,,,,1.203e-2,,,,,,,,,,,,,,
673.14,1.931e-1,3.838e-20,6.712e-10,1.015e-24,9.097e-18,,,1.417e-18,6.512e-20,,3.844e-16,7.587e-19,2.510e-29,8.865e-18,4.198e-5,2.082e-30,1.351e-19,,,2.135e-2,2.641e-18,5.913e-37,1.572e-1,,7.087e-25,1.739e-19,,,1.619e-21,4.541e-17,2.768e-19,1.143e-28,,5.848e-22,4.030e-9,1.050e-16,1.786e-4,,3.461e-8,1.858e-6,2.787e-17,,,,,1.427e-2,,,,,,,,,,,,,,
673.16,2.085e-1,3.852e-20,7.128e-10,1.017e-24,9.100e-18,,,1.417e-18,6.515e-20,,3.841e-16,7.589e-19,2.510e-29,8.865e-18,3.757e-5,2.084e-30,1.351e-19,,,1.899e-2,2.642e-18,5.911e-37,1.733e-1,,7.086e-25,1.744e-19,,,1.620e-21,4.543e-17,2.770e-19,1.143e-28,,5.850e-22,3.099e-9,1.050e-16,1.482e-4,,2.746e-8,1.497e-6,2.786e-17,,,,,1.596e-2,,,,,,,,,,,,,,
673.19,2.349e-1,3.872e-20,7.776e-10,1.018e-24,9.105e-18,,,1.416e-18,6.520e-20,,3.837e-16,7.593e-19,2.511e-29,8.865e-18,3.193e-5,2.087e-30,1.352e-19,,,1.588e-2,2.642e-18,5.907e-37,2.000e-1,,7.085e-25,1.752e-19,,,1.621e-21,4.547e-17,2.773e-19,1.144e-28,,5.852e-22,2.084e-9,1.051e-16,1.116e-4,,1.934e-8,1.079e-6,2.784e-17,,,,,1.882e-2,,,,,,,,,,,,,,
673.21,2.548e-1,3.886e-20,8.224e-10,1.017e-24,9.108e-18,,,1.416e-18,6.523e-20,,3.834e-16,7.595e-19,2.512e-29,8.864e-18,2.877e-5,2.088e-30,1.352e-19,,,1.407e-2,2.643e-18,5.905e-37,2.196e-1,,7.085e-25,1.757e-19,,,1.622e-21,4.549e-17,2.775e-19,1.144e-28,,5.854e-22,1.596e-9,1.051e-16,9.216e-5,,1.528e-8,8.659e-7,2.783e-17,,,,,2.095e-2,,,,,,,,,,,,,,
673.24,2.882e-1,3.907e-20,8.917e-10,1.015e-24,9.113e-18,,,1.416e-18,6.528e-20,,3.830e-16,7.598e-19,2.513e-29,8.864e-18,2.486e-5,2.091e-30,1.352e-19,,,1.169e-2,2.643e-18,5.901e-37,2.519e-1,,7.083e-25,1.764e-19,,,1.623e-21,4.552e-17,2.778e-19,1.144e-28,,5.857e-22,1.066e-9,1.051e-16,6.896e-5,,1.069e-8,6.202e-7,2.781e-17,,,,,2.455e-2,,,,,,,,,,,,,,
673.26,3.130e-1,3.920e-20,9.391e-10,1.012e-24,9.116e-18,,,1.416e-18,6.531e-20,,3.827e-16,7.601e-19,2.513e-29,8.864e-18,2.275e-5,2.093e-30,1.353e-19,,,1.032e-2,2.644e-18,5.899e-37,2.754e-1,,7.083e-25,1.769e-19,,,1.624e-21,4.554e-17,2.780e-19,1.144e-28,,5.858e-22,8.133e-10,1.051e-16,5.672e-5,,8.410e-9,4.954e-7,2.780e-17,,,,,2.722e-2,,,,,,,,,,,,,,
673.29,3.541e-1,3.941e-20,1.012e-9,1.007e-24,9.121e-18,,,1.416e-18,6.536e-20,,3.823e-16,7.604e-19,2.514e-29,8.864e-18,2.030e-5,2.096e-30,1.353e-19,,,8.518e-3,2.644e-18,5.895e-37,3.138e-1,,7.082e-25,1.777e-19,,,1.626e-21,4.558e-17,2.783e-19,1.144e-28,,5.861e-22,5.400e-10,1.051e-16,4.217e-5,,5.849e-9,3.526e-7,2.779e-17,,,,,3.169e-2,,,,,,,,,,,,,,
673.31,3.841e-1,3.955e-20,1.062e-9,1.003e-24,9.125e-18,,,1.416e-18,6.540e-20,,3.820e-16,7.606e-19,2.515e-29,8.864e-18,1.911e-5,2.098e-30,1.353e-19,,,7.482e-3,2.645e-18,5.893e-37,3.416e-1,,7.081e-25,1.782e-19,,,1.626e-21,4.560e-17,2.785e-19,1.144e-28,,5.862e-22,4.100e-10,1.052e-16,3.453e-5,,4.581e-9,2.805e-7,2.777e-17,,,,,3.500e-2,,,,,,,,,,,,,,
673.33,4.165e-1,3.968e-20,1.112e-9,9.989e-25,9.128e-18,,,1.416e-18,6.543e-20,,3.817e-16,7.608e-19,2.515e-29,8.864e-18,1.825e-5,2.100e-30,1.354e-19,,,6.561e-3,2.645e-18,5.891e-37,3.713e-1,,7.080e-25,1.787e-19,,,1.627e-21,4.562e-17,2.787e-19,1.144e-28,,5.864e-22,3.109e-10,1.052e-16,2.823e-5,,3.582e-9,2.227e-7,2.776e-17,,,,,3.859e-2,,,,,,,,,,,,,,
673.36,4.693e-1,3.989e-20,1.188e-9,9.922e-25,9.133e-18,,,1.416e-18,6.548e-20,,3.812e-16,7.612e-19,2.516e-29,8.863e-18,1.759e-5,2.102e-30,1.354e-19,,,5.370e-3,2.645e-18,5.887e-37,4.194e-1,,7.079e-25,1.795e-19,,,1.629e-21,4.565e-17,2.790e-19,1.144e-28,,5.866e-22,2.045e-10,1.052e-16,2.080e-5,,2.469e-9,1.571e-7,2.775e-17,,,,,4.453e-2,,,,,,,,,,,,,,
673.38,5.075e-1,4.003e-20,1.239e-9,9.878e-25,9.136e-18,,,1.416e-18,6.551e-20,,3.810e-16,7.614e-19,2.517e-29,8.863e-18,1.754e-5,2.104e-30,1.354e-19,,,4.689e-3,2.646e-18,5.885e-37,4.539e-1,,7.078e-25,1.800e-19,,,1.630e-21,4.567e-17,2.792e-19,1.144e-28,,5.868e-22,1.544e-10,1.052e-16,1.694e-5,,1.922e-9,1.242e-7,2.774e-17,,,,,4.888e-2,,,,,,,,,,,,,,
673.41,5.694e-1,4.023e-20,1.316e-9,9.814e-25,9.141e-18,,,1.416e-18,6.556e-20,,3.805e-16,7.617e-19,2.517e-29,8.863e-18,1.807e-5,2.107e-30,1.355e-19,,,3.813e-3,2.646e-18,5.881e-37,5.095e-1,,7.077e-25,1.807e-19,,,1.631e-21,4.571e-17,2.795e-19,1.144e-28,,5.871e-22,1.009e-10,1.053e-16,1.240e-5,,1.316e-9,8.707e-8,2.772e-17,,,,,5.605e-2,,,,,,,,,,,,,,
673.43,6.137e-1,4.037e-20,1.367e-9,9.775e-25,9.144e-18,,,1.416e-18,6.559e-20,,3.802e-16,7.620e-19,2.518e-29,8.863e-18,1.883e-5,2.109e-30,1.355e-19,,,3.315e-3,2.647e-18,5.879e-37,5.491e-1,,7.076e-25,1.812e-19,,,1.632e-21,4.573e-17,2.797e-19,1.144e-28,,5.872e-22,7.587e-11,1.053e-16,1.005e-5,,1.021e-9,6.855e-8,2.771e-17,,,,,6.128e-2,,,,,,,,,,,,,,
673.46,6.849e-1,4.058e-20,1.444e-9,9.725e-25,9.149e-18,,,1.416e-18,6.564e-20,,3.798e-16,7.623e-19,2.519e-29,8.863e-18,2.059e-5,2.112e-30,1.355e-19,,,2.679e-3,2.647e-18,5.875e-37,6.124e-1,,7.075e-25,1.820e-19,,,1.633e-21,4.576e-17,2.800e-19,1.144e-28,,5.875e-22,4.929e-11,1.053e-16,7.314e-6,,6.945e-10,4.774e-8,2.769e-17,,,,,6.983e-2,,,,,,,,,,,,,,
673.48,7.356e-1,4.071e-20,1.494e-9,9.700e-25,9.152e-18,,,1.416e-18,6.567e-20,,3.795e-16,7.625e-19,2.520e-29,8.863e-18,2.220e-5,2.113e-30,1.356e-19,,,2.320e-3,2.648e-18,5.873e-37,6.573e-1,,7.075e-25,1.825e-19,,,1.634e-21,4.578e-17,2.802e-19,1.144e-28,,5.876e-22,3.689e-11,1.053e-16,5.904e-6,,5.361e-10,3.743e-8,2.768e-17,,,,,7.602e-2,,,,,,,,,,,,,,
673.51,8.164e-1,4.092e-20,1.568e-9,9.677e-25,9.157e-18,,,1.416e-18,6.572e-20,,3.791e-16,7.629e-19,2.520e-29,8.862e-18,2.530e-5,2.116e-30,1.356e-19,,,1.863e-3,2.648e-18,5.870e-37,7.285e-1,,7.074e-25,1.833e-19,,,1.636e-21,4.582e-17,2.805e-19,1.144e-28,,5.879e-22,2.381e-11,1.053e-16,4.268e-6,,3.625e-10,2.590e-8,2.767e-17,,,,,8.607e-2,,,,,,,,,,,,,,
673.53,8.735e-1,4.105e-20,1.617e-9,9.674e-25,9.161e-18,,,1.416e-18,6.575e-20,,3.788e-16,7.631e-19,2.521e-29,8.862e-18,2.786e-5,2.118e-30,1.356e-19,,,1.606e-3,2.649e-18,5.867e-37,7.785e-1,,7.073e-25,1.838e-19,,,1.637e-21,4.584e-17,2.807e-19,1.144e-28,,5.880e-22,1.775e-11,1.054e-16,3.431e-6,,2.787e-10,2.022e-8,2.766e-17,,,,,9.331e-2,,,,,,,,,,,,,,
673.56,9.638e-1,4.126e-20,1.688e-9,9.688e-25,9.166e-18,,,1.416e-18,6.580e-20,,3.784e-16,7.634e-19,2.522e-29,8.862e-18,3.251e-5,2.121e-30,1.357e-19,,,1.281e-3,2.649e-18,5.864e-37,8.575e-1,,7.072e-25,1.845e-19,,,1.638e-21,4.587e-17,2.810e-19,1.144e-28,,5.883e-22,1.138e-11,1.054e-16,2.464e-6,,1.872e-10,1.391e-8,2.764e-17,,,,,1.050e-1,,,,,,,,,,,,,,
673.58,1.027e+0,4.140e-20,1.733e-9,9.713e-25,9.169e-18,,,1.416e-18,6.583e-20,,3.781e-16,7.637e-19,2.522e-29,8.862e-18,3.618e-5,2.123e-30,1.357e-19,,,1.100e-3,2.649e-18,5.861e-37,9.125e-1,,7.071e-25,1.850e-19,,,1.639e-21,4.589e-17,2.811e-19,1.144e-28,,5.885e-22,8.447e-12,1.054e-16,1.972e-6,,1.433e-10,1.081e-8,2.763e-17,,,,,1.133e-1,,,,,,,,,,,,,,
673.61,1.126e+0,4.160e-20,1.800e-9,9.775e-25,9.174e-18,,,1.416e-18,6.588e-20,,3.776e-16,7.640e-19,2.523e-29,8.862e-18,4.265e-5,2.126e-30,1.357e-19,,,8.722e-4,2.650e-18,5.858e-37,9.987e-1,,7.070e-25,1.858e-19,,,1.640e-21,4.593e-17,2.814e-19,1.144e-28,,5.887e-22,5.383e-12,1.054e-16,1.408e-6,,9.567e-11,7.385e-9,2.761e-17,,,,,1.267e-1,,,,,,,,,,,,,,
673.63,1.195e+0,4.174e-20,1.842e-9,9.834e-25,9.177e-18,,,1.415e-18,6.592e-20,,3.774e-16,7.642e-19,2.524e-29,8.862e-18,4.765e-5,2.127e-30,1.358e-19,,,7.456e-4,2.650e-18,5.855e-37,1.058e+0,,7.069e-25,1.863e-19,,,1.641e-21,4.595e-17,2.816e-19,1.144e-28,,5.889e-22,3.978e-12,1.055e-16,1.122e-6,,7.292e-11,5.717e-9,2.760e-17,,,,,1.362e-1,,,,,,,,,,,,,,
673.66,1.303e+0,4.195e-20,1.902e-9,9.951e-25,9.182e-18,,,1.415e-18,6.596e-20,,3.769e-16,7.646e-19,2.525e-29,8.862e-18,5.631e-5,2.130e-30,1.358e-19,,,5.874e-4,2.651e-18,5.852e-37,1.151e+0,,7.068e-25,1.871e-19,,,1.643e-21,4.598e-17,2.819e-19,1.144e-28,,5.891e-22,2.519e-12,1.055e-16,7.958e-7,,4.837e-11,3.881e-9,2.759e-17,,,,,1.514e-1,,,,,,,,,,,,,,
673.68,1.377e+0,4.208e-20,1.940e-9,1.005e-24,9.185e-18,,,1.415e-18,6.600e-20,,3.766e-16,7.648e-19,2.525e-29,8.861e-18,6.291e-5,2.132e-30,1.358e-19,,,5.000e-4,2.651e-18,5.849e-37,1.215e+0,,7.067e-25,1.876e-19,,,1.644e-21,4.600e-17,2.821e-19,1.144e-28,,5.893e-22,1.853e-12,1.055e-16,6.316e-7,,3.671e-11,2.992e-9,2.758e-17,,,,,1.620e-1,,,,,,,,,,,,,,
673.7,1.454e+0,4.222e-20,1.976e-9,1.016e-24,9.188e-18,,,1.415e-18,6.603e-20,,3.764e-16,7.650e-19,2.526e-29,8.861e-18,7.025e-5,2.134e-30,1.359e-19,,,4.249e-4,2.652e-18,5.847e-37,1.280e+0,,7.067e-25,1.881e-19,,,1.644e-21,4.603e-17,2.823e-19,1.145e-28,,5.894e-22,1.362e-12,1.055e-16,5.004e-7,,2.782e-11,2.302e-9,2.756e-17,,,,,1.732e-1,,,,,,,,,,,,,,
673.73,1.571e+0,4.243e-20,2.027e-9,1.036e-24,9.193e-18,,,1.415e-18,6.608e-20,,3.759e-16,7.654e-19,2.527e-29,8.861e-18,8.274e-5,2.137e-30,1.359e-19,,,3.318e-4,2.652e-18,5.844e-37,1.380e+0,,7.065e-25,1.888e-19,,,1.646e-21,4.606e-17,2.826e-19,1.145e-28,,5.897e-22,8.544e-13,1.055e-16,3.517e-7,,1.829e-11,1.549e-9,2.755e-17,,,,,1.907e-1,,,,,,,,,,,,,,
673.75,1.651e+0,4.256e-20,2.058e-9,1.052e-24,9.197e-18,,,1.415e-18,6.611e-20,,3.756e-16,7.656e-19,2.527e-29,8.861e-18,9.215e-5,2.139e-30,1.359e-19,,,2.808e-4,2.653e-18,5.841e-37,1.447e+0,,7.065e-25,1.893e-19,,,1.647e-21,4.608e-17,2.828e-19,1.145e-28,,5.899e-22,6.250e-13,1.056e-16,2.775e-7,,1.380e-11,1.187e-9,2.754e-17,,,,,2.030e-1,,,,,,,,,,,,,,
673.78,1.773e+0,4.277e-20,2.102e-9,1.078e-24,9.201e-18,,,1.415e-18,6.616e-20,,3.752e-16,7.659e-19,2.528e-29,8.861e-18,1.080e-4,2.141e-30,1.360e-19,,,2.179e-4,2.653e-18,5.838e-37,1.551e+0,,7.064e-25,1.901e-19,,,1.648e-21,4.611e-17,2.831e-19,1.145e-28,,5.901e-22,3.897e-13,1.056e-16,1.938e-7,,9.013e-12,7.934e-10,2.752e-17,,,,,2.221e-1,,,,,,,,,,,,,,
673.8,1.856e+0,4.291e-20,2.129e-9,1.097e-24,9.205e-18,,,1.415e-18,6.619e-20,,3.749e-16,7.662e-19,2.529e-29,8.861e-18,1.199e-4,2.143e-30,1.360e-19,,,1.836e-4,2.654e-18,5.835e-37,1.620e+0,,7.063e-25,1.906e-19,,,1.649e-21,4.614e-17,2.833e-19,1.145e-28,,5.903e-22,2.839e-13,1.056e-16,1.522e-7,,6.771e-12,6.054e-10,2.751e-17,,,,,2.354e-1,,,,,,,,,,,,,,
673.83,1.981e+0,4.311e-20,2.165e-9,1.130e-24,9.210e-18,,,1.415e-18,6.624e-20,,3.745e-16,7.665e-19,2.530e-29,8.860e-18,1.398e-4,2.146e-30,1.360e-19,,,1.415e-4,2.654e-18,5.832e-37,1.724e+0,,7.062e-25,1.913e-19,,,1.650e-21,4.617e-17,2.836e-19,1.145e-28,,5.905e-22,1.759e-13,1.056e-16,1.057e-7,,4.395e-12,4.022e-10,2.749e-17,,,,,2.560e-1,,,,,,,,,,,,,,
673.85,2.064e+0,4.325e-20,2.187e-9,1.153e-24,9.213e-18,,,1.415e-18,6.627e-20,,3.742e-16,7.667e-19,2.530e-29,8.860e-18,1.546e-4,2.148e-30,1.361e-19,,,1.187e-4,2.654e-18,5.829e-37,1.794e+0,,7.061e-25,1.919e-19,,,1.651e-21,4.619e-17,2.838e-19,1.145e-28,,5.907e-22,1.276e-13,1.056e-16,8.265e-8,,3.288e-12,3.055e-10,2.748e-17,,,,,2.701e-1,,,,,,,,,,,,,,
673.88,2.190e+0,4.345e-20,2.217e-9,1.190e-24,9.218e-18,,,1.415e-18,6.632e-20,,3.738e-16,7.671e-19,2.531e-29,8.860e-18,1.793e-4,2.151e-30,1.361e-19,,,9.097e-5,2.655e-18,5.826e-37,1.897e+0,,7.060e-25,1.926e-19,,,1.653e-21,4.622e-17,2.841e-19,1.145e-28,,5.909e-22,7.853e-14,1.057e-16,5.700e-8,,2.120e-12,2.017e-10,2.747e-17,,,,,2.919e-1,,,,,,,,,,,,,,
673.9,2.273e+0,4.359e-20,2.235e-9,1.216e-24,9.221e-18,,,1.415e-18,6.635e-20,,3.735e-16,7.673e-19,2.532e-29,8.860e-18,1.974e-4,2.152e-30,1.361e-19,,,7.601e-5,2.655e-18,5.824e-37,1.966e+0,,7.059e-25,1.931e-19,,,1.654e-21,4.625e-17,2.843e-19,1.145e-28,,5.911e-22,5.671e-14,1.057e-16,4.440e-8,,1.579e-12,1.526e-10,2.746e-17,,,,,3.068e-1,,,,,,,,,,,,,,
673.93,2.396e+0,4.380e-20,2.259e-9,1.258e-24,9.226e-18,,,1.415e-18,6.640e-20,,3.730e-16,7.676e-19,2.533e-29,8.860e-18,2.275e-4,2.155e-30,1.362e-19,,,5.786e-5,2.656e-18,5.820e-37,2.066e+0,,7.058e-25,1.939e-19,,,1.655e-21,4.628e-17,2.846e-19,1.145e-28,,5.913e-22,3.469e-14,1.057e-16,3.042e-8,,1.012e-12,1.001e-10,2.744e-17,,,,,3.295e-1,,,,,,,,,,,,,,
673.95,2.477e+0,4.393e-20,2.273e-9,1.287e-24,9.229e-18,,,1.415e-18,6.644e-20,,3.728e-16,7.679e-19,2.533e-29,8.860e-18,2.496e-4,2.157e-30,1.362e-19,,,4.814e-5,2.656e-18,5.818e-37,2.132e+0,,7.057e-25,1.944e-19,,,1.656e-21,4.630e-17,2.848e-19,1.145e-28,,5.915e-22,2.495e-14,1.057e-16,2.360e-8,,7.507e-13,7.538e-11,2.743e-17,,,,,3.448e-1,,,,,,,,,,,,,,
673.98,2.595e+0,4.414e-20,2.293e-9,1.331e-24,9.234e-18,,,1.415e-18,6.648e-20,,3.723e-16,7.682e-19,2.534e-29,8.859e-18,2.858e-4,2.160e-30,1.362e-19,,,3.641e-5,2.657e-18,5.814e-37,2.226e+0,,7.056e-25,1.951e-19,,,1.657e-21,4.633e-17,2.851e-19,1.145e-28,,5.917e-22,1.516e-14,1.058e-16,1.607e-8,,4.781e-13,4.913e-11,2.741e-17,,,,,3.679e-1,,,,,,,,,,,,,,
674,2.671e+0,4.428e-20,2.305e-9,1.362e-24,9.237e-18,,,1.415e-18,6.652e-20,,3.720e-16,7.684e-19,2.535e-29,8.859e-18,3.123e-4,2.162e-30,1.363e-19,,,3.017e-5,2.657e-18,5.812e-37,2.287e+0,,7.055e-25,1.956e-19,,,1.658e-21,4.636e-17,2.853e-19,1.145e-28,,5.919e-22,1.086e-14,1.058e-16,1.241e-8,,3.531e-13,3.685e-11,2.740e-17,,,,,3.834e-1,,,,,,,,,,,,,,
674.03,2.781e+0,4.448e-20,2.323e-9,1.408e-24,9.242e-18,,,1.415e-18,6.657e-20,,3.716e-16,7.688e-19,2.536e-29,8.859e-18,3.554e-4,2.165e-30,1.363e-19,,,2.267e-5,2.658e-18,5.808e-37,2.374e+0,,7.054e-25,1.964e-19,,,1.660e-21,4.639e-17,2.856e-19,1.145e-28,,5.922e-22,6.558e-15,1.058e-16,8.395e-9,,2.234e-13,2.386e-11,2.739e-17,,,,,4.065e-1,,,,,,,,,,,,,,
674.05,2.851e+0,4.462e-20,2.334e-9,1.439e-24,9.246e-18,,,1.414e-18,6.660e-20,,3.713e-16,7.690e-19,2.536e-29,8.859e-18,3.867e-4,2.166e-30,1.363e-19,,,1.870e-5,2.658e-18,5.806e-37,2.428e+0,,7.054e-25,1.969e-19,,,1.661e-21,4.641e-17,2.858e-19,1.145e-28,,5.923e-22,4.676e-15,1.058e-16,6.456e-9,,1.643e-13,1.782e-11,2.738e-17,,,,,4.219e-1,,,,,,,,,,,,,,
674.07,2.918e+0,4.476e-20,2.345e-9,1.470e-24,9.249e-18,,,1.414e-18,6.663e-20,,3.710e-16,7.692e-19,2.537e-29,8.859e-18,4.200e-4,2.168e-30,1.363e-19,,,1.540e-5,2.658e-18,5.803e-37,2.480e+0,,7.053e-25,1.974e-19,,,1.662e-21,4.643e-17,2.860e-19,1.145e-28,,5.925e-22,3.328e-15,1.058e-16,4.956e-9,,1.206e-13,1.329e-11,2.737e-17,,,,,4.370e-1,,,,,,,,,,,,,,
674.1,3.011e+0,4.496e-20,2.362e-9,1.516e-24,9.254e-18,,,1.414e-18,6.668e-20,,3.706e-16,7.696e-19,2.538e-29,8.859e-18,4.739e-4,2.171e-30,1.364e-19,,,1.148e-5,2.659e-18,5.800e-37,2.552e+0,,7.052e-25,1.982e-19,,,1.663e-21,4.647e-17,2.863e-19,1.145e-28,,5.927e-22,1.992e-15,1.059e-16,3.324e-9,,7.564e-14,8.530e-12,2.735e-17,,,,,4.594e-1,,,,,,,,,,,,,,
674.12,3.069e+0,4.510e-20,2.374e-9,1.545e-24,9.257e-18,,,1.414e-18,6.671e-20,,3.703e-16,7.698e-19,2.538e-29,8.859e-18,5.125e-4,2.173e-30,1.364e-19,,,9.411e-6,2.659e-18,5.798e-37,2.595e+0,,7.051e-25,1.987e-19,,,1.664e-21,4.649e-17,2.865e-19,1.145e-28,,5.929e-22,1.412e-15,1.059e-16,2.541e-9,,5.530e-14,6.333e-12,2.734e-17,,,,,4.739e-1,,,,,,,,,,,,,,
674.15,3.148e+0,4.530e-20,2.394e-9,1.589e-24,9.262e-18,,,1.414e-18,6.676e-20,,3.699e-16,7.701e-19,2.539e-29,8.858e-18,5.747e-4,2.176e-30,1.365e-19,,,6.966e-6,2.660e-18,5.794e-37,2.653e+0,,7.050e-25,1.994e-19,,,1.665e-21,4.652e-17,2.868e-19,1.145e-28,,5.931e-22,8.397e-16,1.059e-16,1.693e-9,,3.446e-14,4.039e-12,2.732e-17,,,,,4.950e-1,,,,,,,,,,,,,,
674.17,3.196e+0,4.544e-20,2.408e-9,1.616e-24,9.265e-18,,,1.414e-18,6.679e-20,,3.696e-16,7.703e-19,2.540e-29,8.858e-18,6.190e-4,2.178e-30,1.365e-19,,,5.689e-6,2.660e-18,5.792e-37,2.687e+0,,7.049e-25,1.999e-19,,,1.666e-21,4.654e-17,2.870e-19,1.145e-28,,5.933e-22,5.926e-16,1.059e-16,1.289e-9,,2.508e-14,2.986e-12,2.731e-17,,,,,5.085e-1,,,,,,,,,,,,,,
674.2,3.258e+0,4.565e-20,2.433e-9,1.655e-24,9.270e-18,,,1.414e-18,6.684e-20,,3.692e-16,7.707e-19,2.541e-29,8.858e-18,6.898e-4,2.180e-30,1.365e-19,,,4.184e-6,2.661e-18,5.788e-37,2.729e+0,,7.048e-25,2.007e-19,,,1.668e-21,4.658e-17,2.873e-19,1.146e-28,,5.936e-22,3.502e-16,1.060e-16,8.532e-10,,1.553e-14,1.892e-12,2.730e-17,,,,,5.277e-1,,,,,,,,,,,,,,
674.22,3.293e+0,4.578e-20,2.451e-9,1.679e-24,9.273e-18,,,1.414e-18,6.687e-20,,3.689e-16,7.709e-19,2.541e-29,8.858e-18,7.399e-4,2.182e-30,1.365e-19,,,3.402e-6,2.661e-18,5.786e-37,2.752e+0,,7.047e-25,2.012e-19,,,1.668e-21,4.660e-17,2.875e-19,1.146e-28,,5.937e-22,2.461e-16,1.060e-16,6.467e-10,,1.126e-14,1.393e-12,2.728e-17,,,,,5.399e-1,,,,,,,,,,,,,,
674.25,3.336e+0,4.599e-20,2.481e-9,1.712e-24,9.278e-18,,,1.414e-18,6.692e-20,,3.684e-16,7.712e-19,2.542e-29,8.858e-18,8.194e-4,2.185e-30,1.366e-19,,,2.487e-6,2.662e-18,5.782e-37,2.778e+0,,7.046e-25,2.020e-19,,,1.670e-21,4.663e-17,2.878e-19,1.146e-28,,5.940e-22,1.445e-16,1.060e-16,4.254e-10,,6.925e-15,8.771e-13,2.727e-17,,,,,5.568e-1,,,,,,,,,,,,,,
674.27,3.358e+0,4.613e-20,2.504e-9,1.732e-24,9.282e-18,,,1.414e-18,6.696e-20,,3.681e-16,7.715e-19,2.543e-29,8.858e-18,8.753e-4,2.187e-30,1.366e-19,,,2.014e-6,2.662e-18,5.780e-37,2.790e+0,,7.045e-25,2.025e-19,,,1.671e-21,4.665e-17,2.880e-19,1.146e-28,,5.941e-22,1.011e-16,1.060e-16,3.211e-10,,4.999e-15,6.430e-13,2.726e-17,,,,,5.672e-1,,,,,,,,,,,,,,
674.3,3.381e+0,4.633e-20,2.543e-9,1.757e-24,9.286e-18,,,1.414e-18,6.700e-20,,3.677e-16,7.718e-19,2.544e-29,8.857e-18,9.633e-4,2.190e-30,1.367e-19,,,1.462e-6,2.663e-18,5.776e-37,2.799e+0,,7.044e-25,2.032e-19,,,1.672e-21,4.669e-17,2.883e-19,1.146e-28,,5.944e-22,5.901e-17,1.061e-16,2.099e-10,,3.056e-15,4.023e-13,2.724e-17,,,,,5.813e-1,,,,,,,,,,,,,,
674.32,3.390e+0,4.647e-20,2.571e-9,1.772e-24,9.290e-18,,,1.414e-18,6.704e-20,,3.674e-16,7.720e-19,2.544e-29,8.857e-18,1.025e-3,2.191e-30,1.367e-19,,,1.179e-6,2.663e-18,5.774e-37,2.799e+0,,7.044e-25,2.037e-19,,,1.673e-21,4.671e-17,2.885e-19,1.146e-28,,5.946e-22,4.112e-17,1.061e-16,1.578e-10,,2.196e-15,2.936e-13,2.723e-17,,,,,5.897e-1,,,,,,,,,,,,,,
674.35,3.392e+0,4.667e-20,2.619e-9,1.789e-24,9.295e-18,,,1.414e-18,6.709e-20,,3.670e-16,7.724e-19,2.545e-29,8.857e-18,1.121e-3,2.194e-30,1.367e-19,,,8.509e-7,2.664e-18,5.770e-37,2.790e+0,,7.043e-25,2.045e-19,,,1.674e-21,4.674e-17,2.888e-19,1.146e-28,,5.948e-22,2.384e-17,1.061e-16,1.025e-10,,1.334e-15,1.825e-13,2.721e-17,,,,,6.006e-1,,,,,,,,,,,,,,
674.37,3.386e+0,4.681e-20,2.654e-9,1.797e-24,9.298e-18,,,1.414e-18,6.712e-20,,3.667e-16,7.726e-19,2.546e-29,8.857e-18,1.187e-3,2.196e-30,1.367e-19,,,6.831e-7,2.664e-18,5.768e-37,2.778e+0,,7.042e-25,2.050e-19,,,1.675e-21,4.676e-17,2.890e-19,1.146e-28,,5.950e-22,1.654e-17,1.061e-16,7.669e-11,,9.546e-16,1.327e-13,2.720e-17,,,,,6.067e-1,,,,,,,,,,,,,,
674.4,3.368e+0,4.702e-20,2.711e-9,1.805e-24,9.303e-18,,,1.414e-18,6.717e-20,,3.663e-16,7.729e-19,2.546e-29,8.857e-18,1.290e-3,2.199e-30,1.368e-19,,,4.899e-7,2.665e-18,5.765e-37,2.752e+0,,7.041e-25,2.058e-19,,,1.677e-21,4.680e-17,2.893e-19,1.146e-28,,5.952e-22,9.527e-18,1.061e-16,4.949e-11,,5.761e-16,8.196e-14,2.719e-17,,,,,6.140e-1,,,,,,,,,,,,,,
674.42,3.348e+0,4.715e-20,2.752e-9,1.806e-24,9.306e-18,,,1.414e-18,6.720e-20,,3.660e-16,7.732e-19,2.547e-29,8.857e-18,1.361e-3,2.201e-30,1.368e-19,,,3.916e-7,2.665e-18,5.762e-37,2.729e+0,,7.040e-25,2.063e-19,,,1.678e-21,4.682e-17,2.895e-19,1.146e-28,,5.954e-22,6.582e-18,1.062e-16,3.688e-11,,4.106e-16,5.932e-14,2.718e-17,,,,,6.176e-1,,,,,,,,,,,,,,
674.44,3.323e+0,4.729e-20,2.795e-9,1.805e-24,9.309e-18,,,1.414e-18,6.723e-20,,3.657e-16,7.734e-19,2.548e-29,8.857e-18,1.434e-3,2.203e-30,1.368e-19,,,3.126e-7,2.665e-18,5.760e-37,2.702e+0,,7.039e-25,2.068e-19,,,1.679e-21,4.684e-17,2.897e-19,1.146e-28,,5.955e-22,4.540e-18,1.062e-16,2.744e-11,,2.921e-16,4.286e-14,2.717e-17,,,,,6.202e-1,,,,,,,,,,,,,,
674.47,3.277e+0,4.750e-20,2.865e-9,1.798e-24,9.314e-18,,,1.414e-18,6.728e-20,,3.653e-16,7.737e-19,2.548e-29,8.856e-18,1.545e-3,2.205e-30,1.369e-19,,,2.221e-7,2.666e-18,5.756e-37,2.653e+0,,7.038e-25,2.075e-19,,,1.680e-21,4.687e-17,2.900e-19,1.146e-28,,5.958e-22,4.502e-18,1.062e-16,1.755e-11,,1.747e-16,2.624e-14,2.715e-17,,,,,6.222e-1,,,,,,,,,,,,,,
674.49,3.239e+0,4.763e-20,2.915e-9,1.790e-24,9.317e-18,,,1.413e-18,6.731e-20,,3.650e-16,7.740e-19,2.549e-29,8.856e-18,1.620e-3,2.207e-30,1.369e-19,,,1.765e-7,2.666e-18,5.754e-37,2.615e+0,,7.037e-25,2.080e-19,,,1.681e-21,4.690e-17,2.902e-19,1.146e-28,,5.960e-22,4.476e-18,1.062e-16,1.300e-11,,1.238e-16,1.888e-14,2.714e-17,,,,,6.222e-1,,,,,,,,,,,,,,
674.52,3.174e+0,4.784e-20,2.993e-9,1.773e-24,9.322e-18,,,1.413e-18,6.736e-20,,3.646e-16,7.743e-19,2.550e-29,8.856e-18,1.735e-3,2.210e-30,1.369e-19,,,1.247e-7,2.667e-18,5.750e-37,2.552e+0,,7.036e-25,2.088e-19,,,1.682e-21,4.693e-17,2.905e-19,1.146e-28,,5.962e-22,4.438e-18,1.062e-16,8.265e-12,,7.356e-17,1.148e-14,2.712e-17,,,,,6.202e-1,,,,,,,,,,,,,,
674.54,3.124e+0,4.798e-20,3.047e-9,1.758e-24,9.326e-18,,,1.413e-18,6.740e-20,,3.643e-16,7.745e-19,2.551e-29,8.856e-18,1.812e-3,2.212e-30,1.370e-19,,,9.867e-8,2.667e-18,5.748e-37,2.505e+0,,7.036e-25,2.093e-19,,,1.683e-21,4.695e-17,2.907e-19,1.146e-28,,5.964e-22,4.413e-18,1.063e-16,6.097e-12,,5.189e-17,8.227e-15,2.711e-17,,,,,6.176e-1,,,,,,,,,,,,,,
674.57,3.042e+0,4.818e-20,3.131e-9,1.731e-24,9.331e-18,,,1.413e-18,6.744e-20,,3.638e-16,7.749e-19,2.551e-29,8.856e-18,1.928e-3,2.215e-30,1.370e-19,,,6.924e-8,2.668e-18,5.744e-37,2.428e+0,,7.034e-25,2.101e-19,,,1.685e-21,4.698e-17,2.910e-19,1.146e-28,,5.966e-22,4.375e-18,1.063e-16,3.850e-12,,3.064e-17,4.973e-15,2.710e-17,,,,,6.118e-1,,,,,,,,,,,,,,
674.59,2.983e+0,4.832e-20,3.189e-9,1.710e-24,9.334e-18,,,1.413e-18,6.748e-20,,3.635e-16,7.751e-19,2.552e-29,8.856e-18,2.006e-3,2.216e-30,1.370e-19,,,5.456e-8,2.668e-18,5.742e-37,2.374e+0,,7.034e-25,2.106e-19,,,1.686e-21,4.701e-17,2.912e-19,1.146e-28,,5.968e-22,4.349e-18,1.063e-16,2.828e-12,,2.152e-17,3.548e-15,2.709e-17,,,,,6.067e-1,,,,,,,,,,,,,,
674.62,2.886e+0,4.852e-20,3.277e-9,1.673e-24,9.339e-18,,,1.413e-18,6.753e-20,,3.631e-16,7.754e-19,2.553e-29,8.855e-18,2.121e-3,2.219e-30,1.371e-19,,,3.805e-8,2.669e-18,5.739e-37,2.287e+0,,7.033e-25,2.113e-19,,,1.687e-21,4.704e-17,2.915e-19,1.146e-28,,5.970e-22,4.311e-18,1.063e-16,1.775e-12,,1.263e-17,2.131e-15,2.707e-17,,,,,5.972e-1,,,,,,,,,,,,,,
674.64,2.818e+0,4.866e-20,3.336e-9,1.646e-24,9.342e-18,,,1.413e-18,6.756e-20,,3.628e-16,7.757e-19,2.553e-29,8.855e-18,2.197e-3,2.221e-30,1.371e-19,,,2.985e-8,2.669e-18,5.736e-37,2.226e+0,,7.032e-25,2.118e-19,,,1.688e-21,4.706e-17,2.917e-19,1.146e-28,,5.972e-22,4.286e-18,1.064e-16,1.298e-12,,8.834e-18,1.514e-15,2.706e-17,,,,,5.897e-1,,,,,,,,,,,,,,
674.67,2.711e+0,4.887e-20,3.425e-9,1.601e-24,9.347e-18,,,1.413e-18,6.761e-20,,3.624e-16,7.760e-19,2.554e-29,8.855e-18,2.309e-3,2.224e-30,1.371e-19,,,2.069e-8,2.670e-18,5.733e-37,2.132e+0,,7.031e-25,2.126e-19,,,1.689e-21,4.709e-17,2.920e-19,1.146e-28,,5.974e-22,4.248e-18,1.064e-16,8.095e-13,,5.151e-18,9.033e-16,2.704e-17,,,,,5.768e-1,,,,,,,,,,,,,,
674.69,2.636e+0,4.900e-20,3.484e-9,1.568e-24,9.350e-18,,,1.413e-18,6.764e-20,,3.621e-16,7.762e-19,2.555e-29,8.855e-18,2.382e-3,2.226e-30,1.372e-19,,,1.616e-8,2.670e-18,5.730e-37,2.066e+0,,7.030e-25,2.131e-19,,,1.690e-21,4.712e-17,2.922e-19,1.146e-28,,5.976e-22,4.223e-18,1.064e-16,5.896e-13,,3.587e-18,6.389e-16,2.703e-17,,,,,5.672e-1,,,,,,,,,,,,,,
674.72,2.520e+0,4.921e-20,3.571e-9,1.516e-24,9.355e-18,,,1.413e-18,6.769e-20,,3.617e-16,7.766e-19,2.556e-29,8.855e-18,2.488e-3,2.229e-30,1.372e-19,,,1.113e-8,2.670e-18,5.727e-37,1.966e+0,,7.029e-25,2.138e-19,,,1.692e-21,4.715e-17,2.925e-19,1.147e-28,,5.978e-22,4.185e-18,1.064e-16,3.653e-13,,2.078e-18,3.789e-16,2.702e-17,,,,,5.513e-1,,,,,,,,,,,,,,
674.74,2.440e+0,4.935e-20,3.627e-9,1.479e-24,9.358e-18,,,1.413e-18,6.772e-20,,3.614e-16,7.768e-19,2.556e-29,8.855e-18,2.556e-3,2.230e-30,1.372e-19,,,8.659e-9,2.671e-18,5.724e-37,1.897e+0,,7.028e-25,2.144e-19,,,1.692e-21,4.717e-17,2.927e-19,1.147e-28,,5.980e-22,4.159e-18,1.064e-16,2.649e-13,,1.441e-18,2.668e-16,2.700e-17,,,,,5.399e-1,,,,,,,,,,,,,,
674.77,2.318e+0,4.955e-20,3.708e-9,1.421e-24,9.363e-18,,,1.413e-18,6.777e-20,,3.610e-16,7.771e-19,2.557e-29,8.854e-18,2.653e-3,2.233e-30,1.373e-19,,,5.924e-9,2.671e-18,5.721e-37,1.794e+0,,7.027e-25,2.151e-19,,,1.694e-21,4.720e-17,2.930e-19,1.147e-28,,5.983e-22,4.121e-18,1.065e-16,1.631e-13,,8.297e-19,1.572e-16,2.699e-17,,,,,5.215e-1,,,,,,,,,,,,,,
674.79,2.235e+0,4.969e-20,3.759e-9,1.381e-24,9.366e-18,,,1.413e-18,6.780e-20,,3.607e-16,7.774e-19,2.558e-29,8.854e-18,2.714e-3,2.235e-30,1.373e-19,,,4.589e-9,2.672e-18,5.719e-37,1.724e+0,,7.026e-25,2.156e-19,,,1.695e-21,4.723e-17,2.932e-19,1.147e-28,,5.984e-22,4.096e-18,1.065e-16,1.178e-13,,5.730e-19,1.103e-16,2.698e-17,,,,,5.085e-1,,,,,,,,,,,,,,
674.81,2.152e+0,4.983e-20,3.807e-9,1.339e-24,9.370e-18,,,1.413e-18,6.783e-20,,3.604e-16,7.776e-19,2.558e-29,8.854e-18,2.772e-3,2.237e-30,1.373e-19,,,3.550e-9,2.672e-18,5.716e-37,1.655e+0,,7.026e-25,2.161e-19,,,1.696e-21,4.725e-17,2.934e-19,1.147e-28,,5.986e-22,4.071e-18,1.065e-16,8.491e-14,,5.670e-19,7.721e-17,2.697e-17,,,,,4.950e-1,,,,,,,,,,,,,,
674.84,2.027e+0,5.003e-20,3.874e-9,1.275e-24,9.375e-18,,,1.413e-18,6.788e-20,,3.599e-16,7.779e-19,2.559e-29,8.854e-18,2.852e-3,2.240e-30,1.374e-19,,,2.407e-9,2.673e-18,5.713e-37,1.551e+0,,7.024e-25,2.169e-19,,,1.697e-21,4.728e-17,2.937e-19,1.147e-28,,5.988e-22,4.033e-18,1.065e-16,5.181e-14,,5.581e-19,4.509e-17,2.695e-17,,,,,4.739e-1,,,,,,,,,,,,,,
674.86,1.944e+0,5.017e-20,3.914e-9,1.232e-24,9.378e-18,,,1.413e-18,6.792e-20,,3.597e-16,7.781e-19,2.560e-29,8.854e-18,2.901e-3,2.242e-30,1.374e-19,,,1.854e-9,2.673e-18,5.710e-37,1.482e+0,,7.024e-25,2.174e-19,,,1.698e-21,4.730e-17,2.939e-19,1.147e-28,,5.990e-22,4.007e-18,1.066e-16,3.720e-14,,5.521e-19,3.143e-17,2.694e-17,,,,,4.594e-1,,,,,,,,,,,,,,
674.89,1.820e+0,5.038e-20,3.966e-9,1.166e-24,9.383e-18,,,1.413e-18,6.796e-20,,3.592e-16,7.785e-19,2.561e-29,8.854e-18,2.967e-3,2.244e-30,1.374e-19,,,1.249e-9,2.674e-18,5.707e-37,1.380e+0,,7.023e-25,2.181e-19,,,1.699e-21,4.734e-17,2.942e-19,1.147e-28,,5.992e-22,3.969e-18,1.066e-16,2.255e-14,,5.432e-19,1.824e-17,2.692e-17,,,,,4.370e-1,,,,,,,,,,,,,,
674.91,1.738e+0,5.051e-20,3.996e-9,1.122e-24,9.386e-18,,,1.412e-18,6.800e-20,,3.589e-16,7.787e-19,2.561e-29,8.854e-18,3.005e-3,2.246e-30,1.375e-19,,,9.579e-10,2.674e-18,5.704e-37,1.313e+0,,7.022e-25,2.187e-19,,,1.700e-21,4.736e-17,2.944e-19,1.147e-28,,5.994e-22,3.944e-18,1.066e-16,1.612e-14,,5.373e-19,1.266e-17,2.691e-17,,,,,4.219e-1,,,,,,,,,,,,,,
674.94,1.617e+0,5.072e-20,4.031e-9,1.055e-24,9.391e-18,,,1.412e-18,6.805e-20,,3.585e-16,7.791e-19,2.562e-29,8.853e-18,3.054e-3,2.249e-30,1.375e-19,,,6.413e-10,2.674e-18,5.701e-37,1.215e+0,,7.021e-25,2.194e-19,,,1.702e-21,4.739e-17,2.947e-19,1.147e-28,,5.997e-22,3.906e-18,1.066e-16,9.712e-15,,5.283e-19,7.301e-18,2.690e-17,,,,,3.988e-1,,,,,,,,,,,,,,
674.96,1.538e+0,5.085e-20,4.049e-9,1.011e-24,9.394e-18,,,1.412e-18,6.808e-20,,3.582e-16,7.793e-19,2.563e-29,8.853e-18,3.081e-3,2.251e-30,1.375e-19,,,4.898e-10,2.675e-18,5.698e-37,1.151e+0,,7.020e-25,2.199e-19,,,1.703e-21,4.741e-17,2.949e-19,1.147e-28,,5.998e-22,3.881e-18,1.066e-16,6.913e-15,,5.224e-19,5.047e-18,2.689e-17,,,,,3.834e-1,,,,,,,,,,,,,,
674.99,1.422e+0,5.106e-20,4.065e-9,9.445e-25,9.399e-18,,,1.412e-18,6.813e-20,,3.578e-16,7.796e-19,2.564e-29,8.853e-18,3.111e-3,2.254e-30,1.376e-19,,,3.258e-10,2.675e-18,5.695e-37,1.058e+0,,7.019e-25,2.207e-19,,,1.704e-21,4.745e-17,2.952e-19,1.147e-28,,6.001e-22,3.843e-18,1.067e-16,4.138e-15,,5.135e-19,2.891e-18,2.687e-17,,,,,3.602e-1,,,,,,,,,,,,,,
675.01,1.347e+0,5.120e-20,4.070e-9,9.010e-25,9.402e-18,,,1.412e-18,6.816e-20,,3.575e-16,7.798e-19,2.564e-29,8.853e-18,3.126e-3,2.255e-30,1.376e-19,,,2.478e-10,2.676e-18,5.693e-37,9.987e-1,,7.018e-25,2.212e-19,,,1.705e-21,4.747e-17,2.954e-19,1.147e-28,,6.002e-22,3.817e-18,1.067e-16,2.933e-15,,5.075e-19,2.897e-18,2.686e-17,,,,,3.448e-1,,,,,,,,,,,,,,
675.04,1.238e+0,5.140e-20,4.065e-9,8.368e-25,9.407e-18,,,1.412e-18,6.821e-20,,3.571e-16,7.802e-19,2.565e-29,8.853e-18,3.137e-3,2.258e-30,1.376e-19,,,1.638e-10,2.676e-18,5.689e-37,9.125e-1,,7.017e-25,2.219e-19,,,1.706e-21,4.750e-17,2.957e-19,1.147e-28,,6.005e-22,3.779e-18,1.067e-16,1.745e-15,,4.986e-19,2.905e-18,2.684e-17,,,,,3.219e-1,,,,,,,,,,,,,,
675.06,1.167e+0,5.154e-20,4.055e-9,7.949e-25,9.411e-18,,,1.412e-18,6.824e-20,,3.568e-16,7.804e-19,2.566e-29,8.853e-18,3.138e-3,2.260e-30,1.377e-19,,,1.240e-10,2.677e-18,5.687e-37,8.575e-1,,7.016e-25,2.224e-19,,,1.707e-21,4.752e-17,2.959e-19,1.147e-28,,6.006e-22,3.754e-18,1.067e-16,1.231e-15,,4.926e-19,2.911e-18,2.683e-17,,,,,3.068e-1,,,,,,,,,,,,,,
675.09,1.066e+0,5.175e-20,4.029e-9,7.337e-25,9.416e-18,,,1.412e-18,6.829e-20,,3.563e-16,7.808e-19,2.567e-29,8.852e-18,3.131e-3,2.263e-30,1.377e-19,,,8.146e-11,2.677e-18,5.683e-37,7.785e-1,,7.015e-25,2.232e-19,,,1.709e-21,4.756e-17,2.962e-19,1.147e-28,,6.009e-22,3.716e-18,1.068e-16,7.278e-16,,4.837e-19,2.920e-18,2.682e-17,,,,,2.846e-1,,,,,,,,,,,,,,
675.11,1.002e+0,5.188e-20,4.004e-9,6.940e-25,9.419e-18,,,1.412e-18,6.832e-20,,3.561e-16,7.810e-19,2.567e-29,8.852e-18,3.119e-3,2.265e-30,1.377e-19,,,6.143e-11,2.678e-18,5.681e-37,7.285e-1,,7.015e-25,2.237e-19,,,1.709e-21,4.758e-17,2.964e-19,1.147e-28,,6.011e-22,3.691e-18,1.068e-16,5.115e-16,,4.777e-19,2.925e-18,2.681e-17,,,,,2.701e-1,,,,,,,,,,,,,,
675.14,9.094e-1,5.209e-20,3.956e-9,6.365e-25,9.424e-18,,,1.412e-18,6.837e-20,,3.556e-16,7.813e-19,2.568e-29,8.852e-18,3.092e-3,2.268e-30,1.378e-19,,,4.009e-11,2.678e-18,5.677e-37,6.573e-1,,7.013e-25,2.245e-19,,,1.711e-21,4.761e-17,2.967e-19,1.147e-28,,6.013e-22,3.652e-18,1.068e-16,3.004e-16,,4.688e-19,2.934e-18,2.679e-17,,,,,2.490e-1,,,,,,,,,,,,,,
675.16,8.509e-1,5.223e-20,3.917e-9,5.996e-25,9.427e-18,,,1.412e-18,6.840e-20,,3.553e-16,7.815e-19,2.569e-29,8.852e-18,3.068e-3,2.269e-30,1.378e-19,,,3.010e-11,2.679e-18,5.675e-37,6.124e-1,,7.013e-25,2.250e-19,,,1.712e-21,4.763e-17,2.969e-19,1.147e-28,,6.015e-22,3.627e-18,1.068e-16,2.102e-16,,4.629e-19,2.939e-18,2.678e-17,,,,,2.354e-1,,,,,,,,,,,,,,
675.19,7.677e-1,5.243e-20,3.848e-9,5.465e-25,9.432e-18,,,1.412e-18,6.845e-20,,3.549e-16,7.819e-19,2.570e-29,8.852e-18,3.022e-3,2.272e-30,1.378e-19,,,1.952e-11,2.679e-18,5.671e-37,5.491e-1,,7.012e-25,2.257e-19,,,1.713e-21,4.767e-17,2.972e-19,1.147e-28,,6.017e-22,3.589e-18,1.069e-16,1.227e-16,,4.539e-19,2.948e-18,2.676e-17,,,,,2.156e-1,,,,,,,,,,,,,,
675.21,7.154e-1,5.257e-20,3.796e-9,5.127e-25,9.435e-18,,,1.412e-18,6.848e-20,,3.546e-16,7.821e-19,2.570e-29,8.852e-18,2.986e-3,2.274e-30,1.379e-19,,,1.460e-11,2.679e-18,5.669e-37,5.095e-1,,7.011e-25,2.262e-19,,,1.714e-21,4.769e-17,2.974e-19,1.147e-28,,6.019e-22,3.564e-18,1.069e-16,8.548e-17,,4.480e-19,2.953e-18,2.675e-17,,,,,2.030e-1,,,,,,,,,,,,,,
675.23,6.656e-1,5.271e-20,3.738e-9,4.801e-25,9.438e-18,,,1.412e-18,6.852e-20,,3.543e-16,7.823e-19,2.571e-29,8.852e-18,2.946e-3,2.276e-30,1.379e-19,,,1.090e-11,2.680e-18,5.667e-37,4.719e-1,,7.010e-25,2.267e-19,,,1.715e-21,4.771e-17,2.976e-19,1.147e-28,,6.020e-22,3.538e-18,1.069e-16,5.947e-17,,4.420e-19,2.959e-18,2.674e-17,,,,,1.907e-1,,,,,,,,,,,,,,
675.26,5.954e-1,5.291e-20,3.642e-9,4.337e-25,9.443e-18,,,1.412e-18,6.857e-20,,3.539e-16,7.827e-19,2.572e-29,8.851e-18,2.877e-3,2.279e-30,1.379e-19,,,7.003e-12,2.680e-18,5.663e-37,4.194e-1,,7.009e-25,2.275e-19,,,1.716e-21,4.774e-17,2.979e-19,1.148e-28,,6.023e-22,3.500e-18,1.069e-16,3.439e-17,,4.331e-19,2.967e-18,2.672e-17,,,,,1.732e-1,,,,,,,,,,,,,,
675.28,5.517e-1,5.305e-20,3.572e-9,4.045e-25,9.447e-18,,,1.412e-18,6.860e-20,,3.536e-16,7.829e-19,2.572e-29,8.851e-18,2.826e-3,2.281e-30,1.380e-19,,,5.205e-12,2.681e-18,5.661e-37,3.868e-1,,7.008e-25,2.280e-19,,,1.717e-21,4.776e-17,2.981e-19,1.148e-28,,6.025e-22,3.475e-18,1.069e-16,2.382e-17,,4.271e-19,2.973e-18,2.671e-17,,,,,1.620e-1,,,,,,,,,,,,,,
675.31,4.906e-1,5.325e-20,3.460e-9,3.631e-25,9.451e-18,,,1.412e-18,6.865e-20,,3.532e-16,7.832e-19,2.573e-29,8.851e-18,2.743e-3,2.283e-30,1.380e-19,,,3.325e-12,2.681e-18,5.657e-37,3.416e-1,,7.007e-25,2.288e-19,,,1.719e-21,4.780e-17,2.983e-19,1.148e-28,,6.027e-22,3.437e-18,1.070e-16,1.369e-17,,4.182e-19,2.981e-18,2.670e-17,,,,,1.462e-1,,,,,,,,,,,,,,
675.33,4.527e-1,5.339e-20,3.380e-9,3.372e-25,9.455e-18,,,1.412e-18,6.868e-20,,3.529e-16,7.835e-19,2.574e-29,8.851e-18,2.684e-3,2.285e-30,1.380e-19,,,2.461e-12,2.682e-18,5.655e-37,3.138e-1,,7.006e-25,2.293e-19,,,1.720e-21,4.782e-17,2.985e-19,1.148e-28,,6.029e-22,3.412e-18,1.070e-16,1.361e-17,,4.123e-19,2.987e-18,2.669e-17,,,,,1.362e-1,,,,,,,,,,,,,,
675.36,4.001e-1,5.360e-20,3.254e-9,3.008e-25,9.460e-18,,,1.411e-18,6.873e-20,,3.525e-16,7.838e-19,2.574e-29,8.851e-18,2.589e-3,2.288e-30,1.381e-19,,,1.562e-12,2.682e-18,5.651e-37,2.754e-1,,7.005e-25,2.300e-19,,,1.721e-21,4.785e-17,2.988e-19,1.148e-28,,6.031e-22,3.374e-18,1.070e-16,1.348e-17,,4.033e-19,2.996e-18,2.667e-17,,,,,1.222e-1,,,,,,,,,,,,,,
675.38,3.677e-1,5.373e-20,3.166e-9,2.782e-25,9.463e-18,,,1.411e-18,6.876e-20,,3.522e-16,7.840e-19,2.575e-29,8.851e-18,2.523e-3,2.290e-30,1.381e-19,,,1.151e-12,2.683e-18,5.649e-37,2.519e-1,,7.005e-25,2.305e-19,,,1.722e-21,4.787e-17,2.990e-19,1.148e-28,,6.033e-22,3.348e-18,1.070e-16,1.340e-17,,3.974e-19,3.001e-18,2.666e-17,,,,,1.133e-1,,,,,,,,,,,,,,
675.41,3.230e-1,5.394e-20,3.029e-9,2.466e-25,9.468e-18,,,1.411e-18,6.881e-20,,3.517e-16,7.844e-19,2.576e-29,8.850e-18,2.418e-3,2.293e-30,1.381e-19,,,7.258e-13,2.683e-18,5.645e-37,2.196e-1,,7.003e-25,2.313e-19,,,1.723e-21,4.791e-17,2.993e-19,1.148e-28,,6.035e-22,3.310e-18,1.070e-16,1.327e-17,,3.885e-19,3.010e-18,2.664e-17,,,,,1.010e-1,,,,,,,,,,,,,,
675.43,2.957e-1,5.408e-20,2.936e-9,2.271e-25,9.471e-18,,,1.411e-18,6.884e-20,,3.515e-16,7.846e-19,2.577e-29,8.850e-18,2.346e-3,2.294e-30,1.382e-19,,,5.326e-13,2.684e-18,5.643e-37,2.000e-1,,7.003e-25,2.318e-19,,,1.724e-21,4.793e-17,2.995e-19,1.148e-28,,6.037e-22,3.285e-18,1.071e-16,1.318e-17,,3.825e-19,3.015e-18,2.663e-17,,,,,9.331e-2,,,,,,,,,,,,,,
675.46,2.582e-1,5.428e-20,2.792e-9,2.000e-25,9.476e-18,,,1.411e-18,6.889e-20,,3.510e-16,7.849e-19,2.577e-29,8.850e-18,2.236e-3,2.297e-30,1.382e-19,,,3.338e-13,2.684e-18,5.639e-37,1.733e-1,,7.002e-25,2.326e-19,,,1.726e-21,4.796e-17,2.998e-19,1.148e-28,,6.039e-22,3.247e-18,1.071e-16,1.306e-17,,3.736e-19,3.024e-18,2.662e-17,,,,,8.262e-2,,,,,,,,,,,,,,
675.48,2.354e-1,5.442e-20,2.694e-9,1.834e-25,9.479e-18,,,1.411e-18,6.892e-20,,3.507e-16,7.852e-19,2.578e-29,8.850e-18,2.160e-3,2.299e-30,1.382e-19,,,2.439e-13,2.684e-18,5.637e-37,1.572e-1,,7.001e-25,2.331e-19,,,1.727e-21,4.798e-17,3.000e-19,1.148e-28,,6.041e-22,3.222e-18,1.071e-16,1.297e-17,,3.676e-19,3.029e-18,2.661e-17,,,,,7.602e-2,,,,,,,,,,,,,,
675.51,2.043e-1,5.462e-20,2.546e-9,1.606e-25,9.484e-18,,,1.411e-18,6.897e-20,,3.503e-16,7.855e-19,2.579e-29,8.850e-18,2.046e-3,2.302e-30,1.383e-19,,,1.519e-13,2.685e-18,5.634e-37,1.354e-1,,7.000e-25,2.338e-19,,,1.728e-21,4.802e-17,3.003e-19,1.148e-28,,6.044e-22,3.184e-18,1.071e-16,1.285e-17,,3.587e-19,3.038e-18,2.659e-17,,,,,6.688e-2,,,,,,,,,,,,,,
675.53,1.855e-1,5.476e-20,2.447e-9,1.466e-25,9.487e-18,,,1.411e-18,6.900e-20,,3.500e-16,7.857e-19,2.579e-29,8.850e-18,1.968e-3,2.304e-30,1.383e-19,,,1.105e-13,2.685e-18,5.631e-37,1.223e-1,,6.999e-25,2.343e-19,,,1.729e-21,4.804e-17,3.005e-19,1.148e-28,,6.045e-22,3.158e-18,1.072e-16,1.276e-17,,3.528e-19,3.043e-18,2.658e-17,,,,,6.128e-2,,,,,,,,,,,,,,
675.56,1.601e-1,5.497e-20,2.299e-9,1.275e-25,9.492e-18,,,1.411e-18,6.905e-20,,3.496e-16,7.861e-19,2.580e-29,8.849e-18,1.852e-3,2.306e-30,1.383e-19,,,6.838e-14,2.686e-18,5.628e-37,1.046e-1,,6.998e-25,2.351e-19,,,1.730e-21,4.807e-17,3.008e-19,1.148e-28,,6.048e-22,3.120e-18,1.072e-16,1.263e-17,,3.438e-19,3.052e-18,2.656e-17,,,,,5.358e-2,,,,,,,,,,,,,,
675.58,1.448e-1,5.510e-20,2.200e-9,1.160e-25,9.496e-18,,,1.411e-18,6.909e-20,,3.493e-16,7.863e-19,2.581e-29,8.849e-18,1.775e-3,2.308e-30,1.384e-19,,,4.955e-14,2.686e-18,5.625e-37,9.410e-2,,6.997e-25,2.356e-19,,,1.731e-21,4.809e-17,3.010e-19,1.148e-28,,6.049e-22,3.095e-18,1.072e-16,1.255e-17,,3.379e-19,3.057e-18,2.655e-17,,,,,4.888e-2,,,,,,,,,,,,,,
675.6,1.307e-1,5.524e-20,2.102e-9,1.053e-25,9.499e-18,,,1.411e-18,6.912e-20,,3.490e-16,7.865e-19,2.581e-29,8.849e-18,1.698e-3,2.310e-30,1.384e-19,,,3.584e-14,2.687e-18,5.623e-37,8.449e-2,,6.996e-25,2.361e-19,,,1.732e-21,4.812e-17,3.012e-19,1.148e-28,,6.051e-22,3.070e-18,1.072e-16,1.247e-17,,3.319e-19,3.063e-18,2.654e-17,,,,,4.453e-2,,,,,,,,,,,,,,
675.63,1.118e-1,5.545e-20,1.958e-9,9.078e-26,9.504e-18,,,1.411e-18,6.917e-20,,3.486e-16,7.869e-19,2.582e-29,8.849e-18,1.585e-3,2.313e-30,1.384e-19,,,2.198e-14,2.687e-18,5.619e-37,7.166e-2,,6.995e-25,2.369e-19,,,1.733e-21,4.815e-17,3.015e-19,1.148e-28,,6.053e-22,3.032e-18,1.072e-16,1.234e-17,,3.230e-19,3.072e-18,2.653e-17,,,,,3.859e-2,,,,,,,,,,,,,,
675.65,1.006e-1,5.558e-20,1.863e-9,8.207e-26,9.507e-18,,,1.411e-18,6.920e-20,,3.483e-16,7.871e-19,2.583e-29,8.849e-18,1.510e-3,2.315e-30,1.385e-19,,,1.583e-14,2.688e-18,5.617e-37,6.408e-2,,6.995e-25,2.374e-19,,,1.734e-21,4.817e-17,3.017e-19,1.148e-28,,6.055e-22,3.006e-18,1.073e-16,1.225e-17,,3.170e-19,3.077e-18,2.651e-17,,,,,3.500e-2,,,,,,,,,,,,,,
675.68,8.554e-2,5.579e-20,1.724e-9,7.031e-26,9.512e-18,,,1.411e-18,6.925e-20,,3.479e-16,7.874e-19,2.584e-29,8.849e-18,1.400e-3,2.318e-30,1.385e-19,,,9.647e-15,2.688e-18,5.614e-37,5.400e-2,,6.993e-25,2.381e-19,,,1.736e-21,4.820e-17,3.020e-19,1.148e-28,,6.058e-22,2.968e-18,1.073e-16,1.213e-17,,3.081e-19,3.086e-18,2.650e-17,,,,,3.014e-2,,,,,,,,,,,,,,
675.7,7.664e-2,5.593e-20,1.634e-9,6.330e-26,9.515e-18,,,1.411e-18,6.928e-20,,3.476e-16,7.876e-19,2.584e-29,8.848e-18,1.328e-3,2.319e-30,1.385e-19,,,6.919e-15,2.688e-18,5.611e-37,4.808e-2,,6.993e-25,2.386e-19,,,1.737e-21,4.823e-17,3.022e-19,1.148e-28,,6.059e-22,2.943e-18,1.073e-16,1.204e-17,,3.022e-19,3.091e-18,2.649e-17,,,,,2.722e-2,,,,,,,,,,,,,,
675.73,6.479e-2,5.613e-20,1.503e-9,5.389e-26,9.520e-18,,,1.411e-18,6.933e-20,,3.471e-16,7.880e-19,2.585e-29,8.848e-18,1.224e-3,2.322e-30,1.386e-19,,,4.190e-15,2.689e-18,5.608e-37,4.027e-2,,6.992e-25,2.394e-19,,,1.738e-21,4.826e-17,3.025e-19,1.148e-28,,6.062e-22,2.905e-18,1.073e-16,1.192e-17,,2.932e-19,3.100e-18,2.647e-17,,,,,2.330e-2,,,,,,,,,,,,,,
675.75,5.782e-2,5.627e-20,1.419e-9,4.831e-26,9.523e-18,,,1.411e-18,6.936e-20,,3.468e-16,7.882e-19,2.586e-29,8.848e-18,1.157e-3,2.324e-30,1.386e-19,,,2.992e-15,2.689e-18,5.605e-37,3.570e-2,,6.991e-25,2.399e-19,,,1.739e-21,4.828e-17,3.027e-19,1.149e-28,,6.063e-22,2.879e-18,1.074e-16,1.183e-17,,2.873e-19,3.105e-18,2.646e-17,,,,,2.095e-2,,,,,,,,,,,,,,
675.78,4.859e-2,5.647e-20,1.298e-9,4.087e-26,9.528e-18,,,1.410e-18,6.941e-20,,3.464e-16,7.886e-19,2.587e-29,8.848e-18,1.059e-3,2.327e-30,1.386e-19,,,1.800e-15,2.690e-18,5.602e-37,2.971e-2,,6.990e-25,2.406e-19,,,1.740e-21,4.831e-17,3.030e-19,1.149e-28,,6.066e-22,2.841e-18,1.074e-16,1.170e-17,,2.784e-19,3.114e-18,2.644e-17,,,,,1.782e-2,,,,,,,,,,,,,,
675.8,4.319e-2,5.661e-20,1.220e-9,3.648e-26,9.532e-18,,,1.410e-18,6.944e-20,,3.461e-16,7.888e-19,2.587e-29,8.848e-18,9.970e-4,2.329e-30,1.387e-19,,,1.280e-15,2.690e-18,5.599e-37,2.624e-2,,6.989e-25,2.412e-19,,,1.741e-21,4.834e-17,3.032e-19,1.149e-28,,6.067e-22,2.816e-18,1.074e-16,1.162e-17,,2.724e-19,3.119e-18,2.643e-17,,,,,1.596e-2,,,,,,,,,,,,,,
675.83,3.609e-2,5.682e-20,1.109e-9,3.067e-26,9.536e-18,,,1.410e-18,6.949e-20,,3.457e-16,7.891e-19,2.588e-29,8.848e-18,9.074e-4,2.332e-30,1.387e-19,,,7.655e-16,2.691e-18,5.596e-37,2.170e-2,,6.988e-25,2.419e-19,,,1.743e-21,4.837e-17,3.035e-19,1.149e-28,,6.070e-22,2.778e-18,1.074e-16,1.149e-17,,2.635e-19,3.128e-18,2.642e-17,,,,,1.349e-2,,,,,,,,,,,,,,
675.85,3.195e-2,5.695e-20,1.039e-9,2.727e-26,9.540e-18,,,1.410e-18,6.953e-20,,3.454e-16,7.893e-19,2.589e-29,8.848e-18,8.505e-4,2.333e-30,1.387e-19,,,5.421e-16,2.691e-18,5.593e-37,1.908e-2,,6.987e-25,2.424e-19,,,1.744e-21,4.839e-17,3.037e-19,1.149e-28,,6.072e-22,2.753e-18,1.074e-16,1.141e-17,,2.575e-19,3.134e-18,2.641e-17,,,,,1.203e-2,,,,,,,,,,,,,,
675.88,2.655e-2,5.716e-20,9.399e-10,2.278e-26,9.545e-18,,,1.410e-18,6.957e-20,,3.450e-16,7.897e-19,2.590e-29,8.847e-18,7.693e-4,2.336e-30,1.388e-19,,,3.220e-16,2.692e-18,5.590e-37,1.568e-2,,6.986e-25,2.432e-19,,,1.745e-21,4.842e-17,3.040e-19,1.149e-28,,6.074e-22,2.715e-18,1.075e-16,1.128e-17,,2.486e-19,3.142e-18,2.639e-17,,,,,1.010e-2,,,,,,,,,,,,,,
675.9,2.341e-2,5.730e-20,8.777e-10,2.016e-26,9.548e-18,,,1.410e-18,6.961e-20,,3.447e-16,7.899e-19,2.590e-29,8.847e-18,7.181e-4,2.338e-30,1.388e-19,,,2.271e-16,2.692e-18,5.588e-37,1.372e-2,,6.985e-25,2.437e-19,,,1.746e-21,4.845e-17,3.042e-19,1.149e-28,,6.076e-22,2.689e-18,1.075e-16,1.120e-17,,2.426e-19,3.148e-18,2.638e-17,,,,,8.971e-3,,,,,,,,,,,,,,
675.93,1.934e-2,5.750e-20,7.904e-10,1.674e-26,9.553e-18,,,1.410e-18,6.966e-20,,3.443e-16,7.903e-19,2.591e-29,8.847e-18,6.456e-4,2.341e-30,1.388e-19,,,1.341e-16,2.693e-18,5.584e-37,1.121e-2,,6.984e-25,2.444e-19,,,1.747e-21,4.848e-17,3.045e-19,1.149e-28,,6.078e-22,2.651e-18,1.075e-16,1.107e-17,,2.337e-19,3.156e-18,2.636e-17,,,,,7.485e-3,,,,,,,,,,,,,,
675.95,1.699e-2,5.764e-20,7.363e-10,1.476e-26,9.556e-18,,,1.410e-18,6.969e-20,,3.440e-16,7.905e-19,2.592e-29,8.847e-18,6.001e-4,2.343e-30,1.389e-19,,,9.413e-17,2.693e-18,5.582e-37,9.772e-3,,6.984e-25,2.449e-19,,,1.748e-21,4.850e-17,3.047e-19,1.149e-28,,6.080e-22,2.626e-18,1.075e-16,1.098e-17,,2.278e-19,3.162e-18,2.635e-17,,,,,6.620e-3,,,,,,,,,,,,,,
675.97,1.491e-2,5.778e-20,6.854e-10,1.299e-26,9.559e-18,,,1.410e-18,6.972e-20,,3.437e-16,7.907e-19,2.592e-29,8.847e-18,5.569e-4,2.345e-30,1.389e-19,,,6.599e-17,2.693e-18,5.579e-37,8.505e-3,,6.983e-25,2.454e-19,,,1.749e-21,4.852e-17,3.049e-19,1.149e-28,,6.081e-22,2.601e-18,1.076e-16,1.090e-17,,2.218e-19,3.167e-18,2.634e-17,,,,,5.846e-3,,,,,,,,,,,,,,
676,1.222e-2,5.798e-20,6.153e-10,1.069e-26,9.564e-18,,,1.410e-18,6.977e-20,,3.432e-16,7.910e-19,2.593e-29,8.847e-18,4.964e-4,2.347e-30,1.389e-19,,,3.861e-17,2.694e-18,5.576e-37,6.884e-3,,6.982e-25,2.462e-19,,,1.751e-21,4.856e-17,3.052e-19,1.149e-28,,6.084e-22,2.563e-18,1.076e-16,1.077e-17,,2.129e-19,3.176e-18,2.633e-17,,,,,4.835e-3,,,,,,,,,,,,,,
676.02,1.068e-2,5.812e-20,5.727e-10,9.363e-27,9.567e-18,,,1.410e-18,6.980e-20,,3.430e-16,7.913e-19,2.594e-29,8.846e-18,4.588e-4,2.349e-30,1.390e-19,,,2.695e-17,2.694e-18,5.573e-37,5.967e-3,,6.981e-25,2.467e-19,,,1.751e-21,4.858e-17,3.054e-19,1.149e-28,,6.086e-22,2.537e-18,1.076e-16,1.069e-17,,2.069e-19,3.181e-18,2.632e-17,,,,,4.251e-3,,,,,,,,,,,,,,
676.05,8.700e-3,5.832e-20,5.151e-10,7.657e-27,9.572e-18,,,1.410e-18,6.985e-20,,3.425e-16,7.916e-19,2.595e-29,8.846e-18,4.064e-4,2.352e-30,1.390e-19,,,1.567e-17,2.695e-18,5.570e-37,4.799e-3,,6.980e-25,2.475e-19,,,1.753e-21,4.861e-17,3.057e-19,1.149e-28,,6.088e-22,2.499e-18,1.076e-16,1.056e-17,,1.980e-19,3.190e-18,2.630e-17,,,,,3.494e-3,,,,,,,,,,,,,,
676.07,7.575e-3,5.846e-20,4.808e-10,6.681e-27,9.576e-18,,,1.410e-18,6.988e-20,,3.422e-16,7.918e-19,2.595e-29,8.846e-18,3.740e-4,2.354e-30,1.390e-19,,,1.089e-17,2.695e-18,5.568e-37,4.142e-3,,6.979e-25,2.480e-19,,,1.754e-21,4.863e-17,3.059e-19,1.149e-28,,6.090e-22,2.474e-18,1.076e-16,1.048e-17,,1.921e-19,3.195e-18,2.629e-17,,,,,3.059e-3,,,,,,,,,,,,,,
676.1,6.139e-3,5.867e-20,4.358e-10,5.429e-27,9.581e-18,,,1.410e-18,6.993e-20,,3.418e-16,7.922e-19,2.596e-29,8.846e-18,3.293e-4,4.083e-30,1.391e-19,,,6.291e-18,2.696e-18,5.564e-37,3.311e-3,,6.978e-25,2.487e-19,,,1.755e-21,4.867e-17,3.062e-19,1.149e-28,,6.092e-22,2.436e-18,1.077e-16,1.035e-17,,1.831e-19,3.204e-18,2.627e-17,,,,,2.498e-3,,,,,,,,,,,,,,
676.12,5.326e-3,5.880e-20,4.101e-10,4.718e-27,9.584e-18,,,1.410e-18,6.996e-20,,3.415e-16,7.924e-19,2.597e-29,8.846e-18,3.019e-4,5.883e-30,1.391e-19,,,4.354e-18,2.696e-18,5.562e-37,2.846e-3,,6.977e-25,2.492e-19,,,1.756e-21,4.869e-17,3.064e-19,1.149e-28,,6.094e-22,2.411e-18,1.077e-16,1.027e-17,,1.772e-19,3.210e-18,2.626e-17,,,,,2.178e-3,,,,,,,,,,,,,,
676.15,4.292e-3,5.901e-20,3.782e-10,3.809e-27,9.589e-18,,,1.410e-18,7.001e-20,,3.411e-16,7.927e-19,2.598e-29,8.846e-18,2.641e-4,1.014e-29,1.391e-19,,,2.500e-18,2.697e-18,5.558e-37,2.260e-3,,6.976e-25,2.500e-19,,,1.757e-21,4.872e-17,3.067e-19,1.149e-28,,6.096e-22,2.373e-18,1.077e-16,1.014e-17,,1.682e-19,3.218e-18,2.625e-17,,,,,1.768e-3,,,,,,,,,,,,,,
676.17,3.710e-3,5.915e-20,3.614e-10,3.296e-27,9.592e-18,,,1.410e-18,7.005e-20,,3.408e-16,7.930e-19,2.598e-29,8.845e-18,2.411e-4,1.455e-29,1.392e-19,,,,2.697e-18,5.556e-37,1.934e-3,,6.975e-25,2.505e-19,,,1.758e-21,4.874e-17,3.069e-19,1.149e-28,,6.098e-22,2.347e-18,1.077e-16,1.005e-17,,1.623e-19,3.224e-18,2.623e-17,,,,,1.535e-3,,,,,,,,,,,,,,
676.2,2.974e-3,5.935e-20,3.433e-10,2.645e-27,9.597e-18,,,1.409e-18,7.009e-20,,3.404e-16,7.933e-19,2.599e-29,8.845e-18,2.097e-4,2.493e-29,1.392e-19,,,,2.698e-18,5.552e-37,1.527e-3,,6.974e-25,2.513e-19,,,1.760e-21,4.878e-17,3.072e-19,1.149e-28,,6.100e-22,2.309e-18,1.078e-16,9.927e-18,,1.534e-19,3.232e-18,2.622e-17,,,,,1.238e-3,,,,,,,,,,,,,,
676.22,2.562e-3,5.949e-20,3.361e-10,2.279e-27,9.600e-18,,,1.409e-18,7.013e-20,,3.401e-16,7.935e-19,2.600e-29,8.845e-18,1.906e-4,3.562e-29,1.392e-19,,,,2.698e-18,5.550e-37,1.301e-3,,6.974e-25,2.518e-19,,,1.761e-21,4.880e-17,3.074e-19,1.149e-28,,6.102e-22,2.284e-18,1.078e-16,9.843e-18,,1.474e-19,3.238e-18,2.621e-17,,,,,1.070e-3,,,,,,,,,,,,,,
676.25,2.043e-3,5.970e-20,3.332e-10,1.817e-27,9.605e-18,,,1.409e-18,7.018e-20,,3.397e-16,7.939e-19,2.600e-29,8.845e-18,1.647e-4,6.065e-29,1.393e-19,,,,2.699e-18,5.546e-37,1.020e-3,,6.972e-25,2.525e-19,,,1.762e-21,4.883e-17,3.077e-19,1.149e-28,,6.105e-22,2.246e-18,1.078e-16,9.716e-18,,1.385e-19,3.246e-18,2.619e-17,,,,,8.577e-4,,,,,,,,,,,,,,
676.27,1.754e-3,5.983e-20,3.368e-10,1.559e-27,9.608e-18,,,1.409e-18,7.021e-20,,3.394e-16,7.941e-19,2.601e-29,8.845e-18,1.492e-4,8.631e-29,1.393e-19,,,,2.699e-18,5.544e-37,8.660e-4,,6.972e-25,2.530e-19,,,1.763e-21,4.885e-17,3.079e-19,1.150e-28,,6.106e-22,2.220e-18,1.078e-16,9.631e-18,,1.325e-19,3.252e-18,2.618e-17,,,,,7.385e-4,,,,,,,,,,,,,,
676.3,1.391e-3,6.004e-20,3.513e-10,1.235e-27,9.613e-18,,,1.409e-18,7.026e-20,,3.389e-16,7.944e-19,2.602e-29,8.845e-18,1.281e-4,1.461e-28,1.393e-19,,,,2.700e-18,5.540e-37,6.750e-4,,6.971e-25,2.538e-19,,,1.764e-21,4.889e-17,3.082e-19,1.150e-28,,6.109e-22,2.182e-18,1.078e-16,9.504e-18,,1.236e-19,3.260e-18,2.616e-17,,,,,5.881e-4,,,,,,,,,,,,,,
676.32,1.190e-3,6.018e-20,3.674e-10,1.056e-27,9.616e-18,,,1.409e-18,7.029e-20,,3.386e-16,7.947e-19,2.603e-29,8.845e-18,1.155e-4,2.070e-28,1.394e-19,,,,2.700e-18,5.538e-37,5.704e-4,,6.970e-25,2.543e-19,,,1.765e-21,4.891e-17,3.084e-19,1.150e-28,,6.110e-22,2.157e-18,1.079e-16,9.420e-18,,1.177e-19,3.266e-18,2.615e-17,,,,,5.042e-4,,,,,,,,,,,,,,
676.34,1.017e-3,6.031e-20,3.892e-10,9.005e-28,9.620e-18,,,1.409e-18,7.032e-20,,3.384e-16,7.949e-19,2.603e-29,8.844e-18,1.040e-4,2.928e-28,1.394e-19,,,,2.700e-18,5.536e-37,4.813e-4,,6.969e-25,2.548e-19,,,1.766e-21,4.893e-17,3.086e-19,1.150e-28,,6.112e-22,2.132e-18,1.079e-16,9.335e-18,,1.117e-19,3.272e-18,2.614e-17,,,,,4.316e-4,,,,,,,,,,,,,,
676.37,8.010e-4,6.052e-20,4.334e-10,7.072e-28,9.625e-18,,,1.409e-18,7.037e-20,,3.379e-16,7.952e-19,2.604e-29,8.844e-18,8.857e-5,4.912e-28,1.394e-19,,,,2.701e-18,5.532e-37,3.718e-4,,6.968e-25,2.556e-19,,,1.768e-21,4.896e-17,3.089e-19,1.150e-28,,6.114e-22,2.094e-18,1.079e-16,9.208e-18,,1.028e-19,3.280e-18,2.613e-17,,,,,3.407e-4,,,,,,,,,,,,,,
676.39,6.821e-4,6.065e-20,4.714e-10,6.007e-28,9.628e-18,,,1.409e-18,7.040e-20,,3.376e-16,7.955e-19,2.605e-29,8.844e-18,7.941e-5,6.921e-28,1.394e-19,,,,2.701e-18,5.530e-37,3.123e-4,,6.967e-25,2.561e-19,,,1.769e-21,4.899e-17,3.091e-19,1.150e-28,,6.116e-22,2.068e-18,1.079e-16,9.124e-18,,9.682e-20,3.286e-18,2.612e-17,,,,,2.903e-4,,,,,,,,,,,,,,
676.42,5.347e-4,6.086e-20,5.427e-10,4.688e-28,9.633e-18,,,1.409e-18,7.045e-20,,3.372e-16,7.958e-19,2.605e-29,8.844e-18,6.721e-5,1.154e-27,1.395e-19,,,,2.702e-18,5.526e-37,2.398e-4,,6.966e-25,2.568e-19,,,1.770e-21,4.902e-17,3.094e-19,1.150e-28,,6.119e-22,2.030e-18,1.080e-16,8.997e-18,,8.789e-20,3.294e-18,2.610e-17,,,,,2.277e-4,,,,,,,,,,,,,,
676.44,4.539e-4,6.100e-20,6.007e-10,3.966e-28,9.636e-18,,,1.409e-18,7.048e-20,,3.369e-16,7.960e-19,2.606e-29,8.844e-18,6.001e-5,1.619e-27,1.395e-19,,,,2.702e-18,5.524e-37,2.006e-4,,6.965e-25,2.573e-19,,,1.771e-21,4.904e-17,3.096e-19,1.150e-28,,6.120e-22,2.005e-18,1.080e-16,8.912e-18,,8.194e-20,3.300e-18,2.609e-17,,,,,1.933e-4,,,,,,,,,,,,,,
676.47,3.542e-4,6.120e-20,7.055e-10,3.075e-28,9.641e-18,,,1.409e-18,7.053e-20,,3.365e-16,7.964e-19,2.607e-29,8.844e-18,5.048e-5,2.683e-27,1.396e-19,,,,2.703e-18,5.520e-37,1.530e-4,,6.964e-25,2.581e-19,,,1.772e-21,4.907e-17,3.099e-19,1.150e-28,,6.123e-22,1.967e-18,1.080e-16,8.785e-18,,1.417e-19,3.308e-18,2.607e-17,,,,,1.507e-4,,,,,,,,,,,,,,
676.49,2.997e-4,6.134e-20,7.886e-10,2.591e-28,9.644e-18,,,1.409e-18,7.057e-20,,3.362e-16,7.966e-19,2.608e-29,8.843e-18,4.489e-5,3.749e-27,1.396e-19,,,,2.703e-18,5.518e-37,1.275e-4,,6.964e-25,2.586e-19,,,1.773e-21,4.910e-17,3.101e-19,1.150e-28,,6.124e-22,1.942e-18,1.080e-16,8.701e-18,,2.037e-19,3.314e-18,2.606e-17,,,,,1.273e-4,,,,,,,,,,,,,,
676.52,2.328e-4,6.155e-20,9.356e-10,1.996e-28,9.649e-18,,,1.409e-18,7.061e-20,,3.358e-16,7.969e-19,2.608e-29,8.843e-18,3.753e-5,6.173e-27,1.396e-19,,,,2.704e-18,5.514e-37,9.664e-5,,6.963e-25,2.594e-19,,,1.775e-21,4.913e-17,3.104e-19,1.150e-28,,6.127e-22,1.904e-18,1.080e-16,8.574e-18,,3.502e-19,3.322e-18,2.605e-17,,,,,9.864e-5,,,,,,,,,,,,,,
676.54,1.964e-4,6.168e-20,1.050e-9,1.675e-28,9.652e-18,,,1.409e-18,7.065e-20,,3.355e-16,7.972e-19,2.609e-29,8.843e-18,3.324e-5,8.591e-27,1.396e-19,,,,2.704e-18,5.512e-37,8.017e-5,,6.962e-25,2.599e-19,,,1.775e-21,4.915e-17,3.106e-19,1.150e-28,,6.128e-22,1.878e-18,1.081e-16,8.489e-18,,5.014e-19,3.328e-18,2.603e-17,,,,,8.302e-5,,,,,,,,,,,,,,
676.57,1.519e-4,6.189e-20,1.250e-9,1.282e-28,9.657e-18,,,1.409e-18,7.070e-20,,3.350e-16,7.975e-19,2.610e-29,8.843e-18,2.761e-5,1.406e-26,1.397e-19,,,,2.704e-18,5.509e-37,6.039e-5,,6.961e-25,2.606e-19,,,1.777e-21,4.918e-17,3.109e-19,1.150e-28,,6.131e-22,1.840e-18,1.081e-16,8.362e-18,,8.565e-19,3.336e-18,2.602e-17,,,,,6.390e-5,,,,,,,,,,,,,,
676.59,1.278e-4,6.203e-20,1.404e-9,1.071e-28,9.661e-18,,,1.409e-18,7.073e-20,,3.348e-16,7.977e-19,2.610e-29,8.843e-18,2.436e-5,1.948e-26,1.397e-19,,,,2.705e-18,5.506e-37,4.989e-5,,6.960e-25,2.611e-19,,,1.778e-21,4.921e-17,3.111e-19,1.150e-28,,6.133e-22,1.815e-18,1.081e-16,8.278e-18,,1.221e-18,3.342e-18,2.601e-17,,,,,5.355e-5,,,,,,,,,,,,,,
676.62,9.842e-5,6.223e-20,1.669e-9,8.151e-29,9.666e-18,,,1.409e-18,7.078e-20,,3.343e-16,7.981e-19,2.611e-29,8.843e-18,2.011e-5,3.169e-26,1.398e-19,,,,2.705e-18,5.503e-37,3.734e-5,,6.959e-25,2.619e-19,,,1.779e-21,4.924e-17,3.114e-19,1.150e-28,,6.135e-22,1.777e-18,1.081e-16,8.151e-18,,2.073e-18,3.350e-18,2.599e-17,,,,,4.096e-5,,,,,,,,,,,,,,
676.64,8.258e-5,6.237e-20,1.872e-9,6.780e-29,9.669e-18,,,1.408e-18,7.081e-20,,3.340e-16,7.983e-19,2.612e-29,8.842e-18,1.767e-5,4.373e-26,1.398e-19,,,,2.706e-18,5.500e-37,3.072e-5,,6.958e-25,2.624e-19,,,1.780e-21,4.926e-17,3.116e-19,1.150e-28,,6.137e-22,1.752e-18,1.082e-16,8.066e-18,,2.944e-18,3.356e-18,2.598e-17,,,,,3.418e-5,,,,,,,,,,,,,,
676.67,6.334e-5,6.257e-20,2.220e-9,5.127e-29,9.674e-18,,,1.408e-18,7.086e-20,,3.336e-16,7.986e-19,2.613e-29,8.842e-18,1.450e-5,7.069e-26,1.398e-19,,,,2.706e-18,5.497e-37,2.285e-5,,6.957e-25,2.631e-19,,,1.781e-21,4.929e-17,3.119e-19,1.150e-28,,6.139e-22,1.714e-18,1.082e-16,7.939e-18,,4.967e-18,3.364e-18,2.596e-17,,,,,2.598e-5,,,,,,,,,,,,,,
676.69,5.300e-5,6.271e-20,2.484e-9,4.246e-29,9.677e-18,,,1.408e-18,7.089e-20,,3.333e-16,7.988e-19,2.613e-29,8.842e-18,1.269e-5,9.716e-26,1.398e-19,,,,2.707e-18,5.494e-37,1.872e-5,,6.956e-25,2.637e-19,,,1.782e-21,4.932e-17,3.121e-19,1.150e-28,,6.141e-22,1.688e-18,1.082e-16,7.855e-18,,7.025e-18,3.370e-18,2.595e-17,,,,,2.159e-5,,,,,,,,,,,,,,
676.71,4.431e-5,6.285e-20,2.775e-9,3.511e-29,9.680e-18,,,1.408e-18,7.092e-20,,3.330e-16,7.991e-19,2.614e-29,8.842e-18,1.108e-5,1.333e-25,1.399e-19,,,,2.707e-18,5.492e-37,1.531e-5,,6.955e-25,2.642e-19,,,1.783e-21,4.934e-17,3.123e-19,1.150e-28,,6.142e-22,1.663e-18,1.082e-16,7.770e-18,,9.919e-18,3.376e-18,2.594e-17,,,,,1.792e-5,,,,,,,,,,,,,,
676.74,3.380e-5,6.305e-20,3.270e-9,2.632e-29,9.685e-18,,,1.408e-18,7.097e-20,,3.326e-16,7.994e-19,2.615e-29,8.842e-18,9.015e-6,2.136e-25,1.399e-19,,,,2.708e-18,5.488e-37,1.129e-5,,6.954e-25,2.649e-19,,,1.785e-21,4.937e-17,3.126e-19,1.150e-28,,6.145e-22,1.625e-18,1.082e-16,7.643e-18,,1.659e-17,3.384e-18,2.593e-17,,,,,1.350e-5,,,,,,,,,,,,,,
676.76,2.819e-5,6.319e-20,3.642e-9,2.167e-29,9.688e-18,,,1.408e-18,7.100e-20,,3.323e-16,7.996e-19,2.615e-29,8.842e-18,7.841e-6,2.919e-25,1.399e-19,,,,2.708e-18,5.486e-37,9.192e-6,,6.954e-25,2.654e-19,,,1.786e-21,4.939e-17,3.128e-19,1.150e-28,,6.147e-22,1.599e-18,1.083e-16,7.559e-18,,2.333e-17,3.390e-18,2.592e-17,,,,,1.115e-5,,,,,,,,,,,,,,
676.79,2.143e-5,6.340e-20,4.269e-9,1.614e-29,9.693e-18,,,1.408e-18,7.105e-20,,3.319e-16,8.000e-19,2.616e-29,8.842e-18,6.342e-6,4.649e-25,1.400e-19,,,,2.709e-18,5.483e-37,6.734e-6,,6.953e-25,2.662e-19,,,1.787e-21,4.943e-17,3.131e-19,1.151e-28,,6.149e-22,1.561e-18,1.083e-16,7.432e-18,,3.878e-17,3.398e-18,2.590e-17,,,,,8.348e-6,,,,,,,,,,,,,,
676.81,1.783e-5,6.353e-20,4.738e-9,1.324e-29,9.697e-18,,,1.408e-18,7.109e-20,,3.316e-16,8.002e-19,2.617e-29,8.841e-18,5.494e-6,6.327e-25,1.400e-19,,,,2.709e-18,5.480e-37,5.461e-6,,6.952e-25,2.667e-19,,,1.788e-21,4.945e-17,3.133e-19,1.151e-28,,6.151e-22,1.536e-18,1.083e-16,7.347e-18,,5.430e-17,3.404e-18,2.589e-17,,,,,6.869e-6,,,,,,,,,,,,,,
676.84,1.351e-5,6.374e-20,5.524e-9,9.796e-30,9.701e-18,,,1.408e-18,7.114e-20,,3.312e-16,8.005e-19,2.618e-29,8.841e-18,4.416e-6,1.001e-24,1.400e-19,,,,2.709e-18,5.477e-37,3.976e-6,,6.951e-25,2.674e-19,,,1.789e-21,4.948e-17,3.136e-19,1.151e-28,,6.153e-22,1.498e-18,1.083e-16,7.220e-18,,8.970e-17,3.412e-18,2.587e-17,,,,,5.110e-6,,,,,,,,,,,,,,
676.86,1.121e-5,6.388e-20,6.108e-9,7.998e-30,9.705e-18,,,1.408e-18,7.117e-20,,3.309e-16,8.008e-19,2.618e-29,8.841e-18,3.809e-6,1.357e-24,1.401e-19,,,,2.710e-18,5.474e-37,3.211e-6,,6.950e-25,2.679e-19,,,1.790e-21,4.950e-17,3.138e-19,1.151e-28,,6.155e-22,1.473e-18,1.083e-16,7.135e-18,,1.251e-16,3.418e-18,2.586e-17,,,,,4.186e-6,,,,,,,,,,,,,,
676.89,8.468e-6,6.408e-20,7.081e-9,5.883e-30,9.710e-18,,,1.408e-18,7.122e-20,,3.304e-16,8.011e-19,2.619e-29,8.841e-18,3.043e-6,2.135e-24,1.401e-19,,,,2.710e-18,5.471e-37,2.323e-6,,6.949e-25,2.687e-19,,,1.792e-21,4.954e-17,3.141e-19,1.151e-28,,6.157e-22,1.435e-18,1.084e-16,7.009e-18,,2.054e-16,3.426e-18,2.585e-17,,,,,3.095e-6,,,,,,,,,,,,,,
676.91,7.015e-6,6.422e-20,7.801e-9,4.783e-30,9.713e-18,,,1.408e-18,7.125e-20,,3.302e-16,8.013e-19,2.620e-29,8.841e-18,2.615e-6,2.881e-24,1.401e-19,,,,2.711e-18,5.468e-37,1.868e-6,,6.948e-25,2.692e-19,,,1.792e-21,4.956e-17,3.143e-19,1.151e-28,,6.159e-22,1.409e-18,1.084e-16,6.924e-18,,2.852e-16,3.432e-18,2.584e-17,,,,,2.525e-6,,,,,,,,,,,,,,
676.94,5.283e-6,6.442e-20,8.994e-9,3.496e-30,9.718e-18,,,1.408e-18,7.130e-20,,3.297e-16,8.017e-19,2.621e-29,8.841e-18,2.076e-6,4.504e-24,1.402e-19,,,,2.711e-18,5.465e-37,1.343e-6,,6.947e-25,2.700e-19,,,1.794e-21,4.959e-17,3.146e-19,1.151e-28,,6.161e-22,1.371e-18,1.084e-16,6.797e-18,,4.654e-16,3.440e-18,2.582e-17,,,,,1.855e-6,,,,,,,,,,,,,,
676.96,4.369e-6,6.456e-20,9.871e-9,2.831e-30,9.721e-18,,,1.408e-18,7.133e-20,,3.294e-16,8.019e-19,2.621e-29,8.840e-18,1.777e-6,6.054e-24,1.402e-19,,,,2.712e-18,5.463e-37,1.075e-6,,6.946e-25,2.705e-19,,,1.795e-21,4.961e-17,3.148e-19,1.151e-28,,6.163e-22,1.346e-18,1.084e-16,6.712e-18,,6.437e-16,3.446e-18,2.581e-17,,,,,1.507e-6,,,,,,,,,,,,,,
676.99,3.281e-6,6.477e-20,1.132e-8,2.056e-30,9.726e-18,,,1.408e-18,7.138e-20,,3.290e-16,8.022e-19,2.622e-29,8.840e-18,1.402e-6,9.405e-24,1.402e-19,,,,2.712e-18,5.459e-37,7.682e-7,,6.945e-25,2.712e-19,,,1.796e-21,4.965e-17,3.150e-19,1.151e-28,,6.165e-22,1.308e-18,1.085e-16,6.586e-18,,1.044e-15,3.455e-18,2.579e-17,,,,,1.100e-6,,,,,,,,,,,,,,
677.01,2.710e-6,6.490e-20,1.237e-8,1.658e-30,9.729e-18,,,1.408e-18,7.141e-20,,3.287e-16,8.025e-19,2.623e-29,8.840e-18,1.195e-6,1.259e-23,1.403e-19,,,,2.713e-18,5.457e-37,6.126e-7,,6.944e-25,2.717e-19,,,1.797e-21,4.967e-17,3.152e-19,1.151e-28,,6.167e-22,1.283e-18,1.085e-16,6.501e-18,,1.438e-15,3.460e-18,2.578e-17,,,,,8.899e-7,,,,,,,,,,,,,,
677.04,2.032e-6,6.511e-20,1.411e-8,1.196e-30,9.734e-18,,,1.408e-18,7.146e-20,,3.283e-16,8.028e-19,2.624e-29,8.840e-18,9.370e-7,1.944e-23,1.403e-19,,,,2.713e-18,5.453e-37,4.349e-7,,6.943e-25,2.725e-19,,,1.798e-21,4.970e-17,3.155e-19,1.151e-28,,6.170e-22,1.245e-18,1.085e-16,6.374e-18,,2.317e-15,3.469e-18,2.577e-17,,,,,6.455e-7,,,,,,,,,,,,,,
677.06,1.676e-6,6.525e-20,1.537e-8,9.605e-31,9.737e-18,,,1.407e-18,7.149e-20,,3.280e-16,8.030e-19,2.624e-29,8.840e-18,7.953e-7,2.591e-23,1.403e-19,,,,2.713e-18,5.451e-37,3.453e-7,,6.943e-25,2.730e-19,,,1.799e-21,4.972e-17,3.157e-19,1.151e-28,,6.171e-22,1.219e-18,1.085e-16,6.289e-18,,3.178e-15,3.474e-18,2.575e-17,,,,,5.200e-7,,,,,,,,,,,,,,
677.09,1.256e-6,6.545e-20,1.742e-8,6.888e-31,9.742e-18,,,1.407e-18,7.154e-20,,3.276e-16,8.034e-19,2.625e-29,8.840e-18,6.199e-7,3.976e-23,1.404e-19,,,,2.714e-18,5.447e-37,2.436e-7,,6.941e-25,2.738e-19,,,1.801e-21,4.976e-17,3.160e-19,1.151e-28,,6.174e-22,2.109e-18,1.086e-16,6.163e-18,,5.090e-15,3.483e-18,2.574e-17,,,,,3.748e-7,,,,,,,,,,,,,,
677.11,1.036e-6,6.559e-20,1.890e-8,5.507e-31,9.746e-18,,,1.407e-18,7.157e-20,,3.273e-16,8.036e-19,2.626e-29,8.839e-18,5.240e-7,5.278e-23,1.404e-19,,,,2.714e-18,5.445e-37,1.926e-7,,6.941e-25,2.743e-19,,,1.802e-21,4.978e-17,3.162e-19,1.151e-28,,6.175e-22,3.033e-18,1.086e-16,6.078e-18,,6.954e-15,3.488e-18,2.573e-17,,,,,3.007e-7,,,,,,,,,,,,,,
677.13,8.556e-7,6.573e-20,2.049e-8,4.396e-31,9.749e-18,,,1.407e-18,7.161e-20,,3.270e-16,8.038e-19,2.626e-29,8.839e-18,4.422e-7,6.996e-23,1.404e-19,,,,2.715e-18,5.442e-37,1.521e-7,,6.940e-25,2.748e-19,,,1.803e-21,4.980e-17,3.164e-19,1.151e-28,,6.177e-22,4.354e-18,1.086e-16,5.993e-18,,9.484e-15,3.494e-18,2.572e-17,,,,,2.408e-7,,,,,,,,,,,,,,
677.16,6.432e-7,6.593e-20,2.304e-8,3.125e-31,9.754e-18,,,1.407e-18,7.166e-20,,3.266e-16,8.042e-19,2.627e-29,8.839e-18,3.418e-7,1.064e-22,1.405e-19,,,,2.715e-18,5.439e-37,1.063e-7,,6.939e-25,2.755e-19,,,1.804e-21,4.983e-17,3.167e-19,1.151e-28,,6.179e-22,7.467e-18,1.086e-16,5.866e-18,,1.506e-14,3.502e-18,2.570e-17,,,,,1.721e-7,,,,,,,,,,,,,,
677.18,5.329e-7,6.607e-20,2.488e-8,2.484e-31,9.757e-18,,,1.407e-18,7.169e-20,,3.263e-16,8.044e-19,2.628e-29,8.839e-18,2.872e-7,1.405e-22,1.405e-19,,,,2.716e-18,5.437e-37,8.359e-8,,6.938e-25,2.760e-19,,,1.805e-21,4.985e-17,3.169e-19,1.151e-28,,6.181e-22,1.068e-17,1.086e-16,5.782e-18,,2.045e-14,3.508e-18,2.569e-17,,,,,1.372e-7,,,,,,,,,,,,,,
677.21,4.040e-7,6.627e-20,2.783e-8,1.754e-31,9.762e-18,,,1.407e-18,7.174e-20,,3.258e-16,8.047e-19,2.629e-29,8.839e-18,2.206e-7,2.123e-22,1.405e-19,,,,2.716e-18,5.433e-37,5.808e-8,,6.937e-25,2.768e-19,,,1.806e-21,4.989e-17,3.172e-19,1.151e-28,,6.184e-22,1.820e-17,1.087e-16,5.655e-18,,3.228e-14,3.517e-18,2.567e-17,,,,,9.744e-8,,,,,,,,,,,,,,
677.23,3.375e-7,6.641e-20,2.994e-8,1.389e-31,9.765e-18,,,1.407e-18,7.177e-20,,3.255e-16,8.050e-19,2.629e-29,8.839e-18,1.847e-7,2.791e-22,1.406e-19,,,,2.717e-18,5.431e-37,4.546e-8,,6.936e-25,2.773e-19,,,1.807e-21,4.991e-17,3.174e-19,1.151e-28,,6.185e-22,2.591e-17,1.087e-16,5.570e-18,,4.366e-14,3.522e-18,2.566e-17,,,,,7.739e-8,,,,,,,,,,,,,,
677.26,2.603e-7,6.662e-20,3.331e-8,9.748e-32,9.770e-18,,,1.407e-18,7.182e-20,,3.251e-16,1.394e-18,2.630e-29,8.839e-18,1.410e-7,4.194e-22,1.406e-19,,,,2.717e-18,5.427e-37,3.139e-8,,6.935e-25,2.781e-19,,,1.809e-21,4.994e-17,3.177e-19,1.151e-28,,6.188e-22,4.388e-17,1.087e-16,5.443e-18,,6.847e-14,3.531e-18,2.565e-17,,,,,5.460e-8,,,,,,,,,,,,,,
677.28,2.209e-7,6.675e-20,3.570e-8,7.683e-32,9.773e-18,,,1.407e-18,7.185e-20,,3.248e-16,2.005e-18,2.631e-29,8.838e-18,1.175e-7,5.490e-22,1.406e-19,,,,2.718e-18,5.425e-37,2.447e-8,,6.934e-25,2.786e-19,,,1.810e-21,4.996e-17,3.179e-19,1.151e-28,,6.189e-22,6.223e-17,1.087e-16,5.359e-18,,9.223e-14,3.536e-18,2.564e-17,,,,,4.318e-8,,,,,,,,,,,,,,
677.31,1.757e-7,6.696e-20,3.950e-8,5.359e-32,9.778e-18,,,1.407e-18,7.190e-20,,3.244e-16,3.451e-18,2.631e-29,8.838e-18,8.918e-8,8.197e-22,1.407e-19,,,,2.718e-18,5.421e-37,1.679e-8,,6.933e-25,2.793e-19,,,1.811e-21,5.000e-17,3.182e-19,1.152e-28,,6.192e-22,1.048e-16,1.088e-16,5.232e-18,,1.437e-13,3.545e-18,2.562e-17,,,,,3.027e-8,,,,,,,,,,,,,,
677.33,1.531e-7,6.710e-20,4.219e-8,4.206e-32,9.782e-18,,,1.407e-18,7.193e-20,,3.241e-16,4.945e-18,2.632e-29,8.838e-18,7.404e-8,1.069e-21,1.407e-19,,,,2.718e-18,5.419e-37,1.303e-8,,6.933e-25,2.798e-19,,,1.812e-21,5.002e-17,3.184e-19,1.152e-28,,6.193e-22,1.479e-16,1.088e-16,5.147e-18,,1.928e-13,3.550e-18,2.561e-17,,,,,2.384e-8,,,,,,,,,,,,,,
677.36,1.278e-7,6.730e-20,4.643e-8,2.915e-32,9.786e-18,,,1.407e-18,7.198e-20,,3.237e-16,8.457e-18,2.633e-29,8.838e-18,5.584e-8,1.586e-21,1.407e-19,,,,2.719e-18,5.415e-37,8.885e-9,,6.932e-25,2.806e-19,,,1.813e-21,5.005e-17,3.187e-19,1.152e-28,,6.196e-22,2.475e-16,1.088e-16,5.020e-18,,2.987e-13,3.559e-18,2.559e-17,,,,,1.661e-8,,,,,,,,,,,,,,
677.38,1.155e-7,6.744e-20,4.940e-8,2.279e-32,9.790e-18,,,1.407e-18,7.201e-20,,3.234e-16,1.207e-17,2.634e-29,8.838e-18,4.617e-8,2.059e-21,1.408e-19,,,,2.719e-18,5.413e-37,6.868e-9,,6.931e-25,2.811e-19,,,1.814e-21,5.007e-17,3.189e-19,1.152e-28,,6.198e-22,3.481e-16,1.088e-16,4.936e-18,,3.991e-13,3.564e-18,2.558e-17,,,,,1.303e-8,,,,,,,,,,,,,,
677.41,1.024e-7,6.765e-20,5.408e-8,1.569e-32,9.795e-18,,,1.407e-18,7.206e-20,,3.230e-16,2.051e-17,2.634e-29,8.838e-18,3.460e-8,3.036e-21,1.408e-19,,,,2.720e-18,5.409e-37,4.653e-9,,6.930e-25,2.819e-19,,,1.816e-21,5.011e-17,3.192e-19,1.152e-28,,6.200e-22,5.787e-16,1.088e-16,4.809e-18,,6.143e-13,3.573e-18,2.557e-17,,,,,9.018e-9,,,,,,,,,,,,,,
677.43,9.646e-8,6.778e-20,5.734e-8,1.222e-32,9.798e-18,,,1.407e-18,7.209e-20,,3.227e-16,2.916e-17,2.635e-29,8.837e-18,2.850e-8,3.925e-21,1.408e-19,,,,2.720e-18,5.407e-37,3.582e-9,,6.929e-25,2.824e-19,,,1.816e-21,5.013e-17,3.194e-19,1.152e-28,,6.202e-22,8.106e-16,1.089e-16,4.724e-18,,8.173e-13,3.578e-18,2.556e-17,,,,,7.042e-9,,,,,,,,,,,,,,
677.46,9.093e-8,6.799e-20,6.244e-8,8.361e-33,9.803e-18,,,1.407e-18,7.214e-20,,3.222e-16,4.925e-17,2.636e-29,8.837e-18,2.123e-8,5.753e-21,1.409e-19,,,,2.721e-18,5.404e-37,2.411e-9,,6.928e-25,2.831e-19,,,1.818e-21,5.016e-17,3.197e-19,1.152e-28,,6.204e-22,1.339e-15,1.089e-16,4.597e-18,,1.250e-12,3.587e-18,2.554e-17,,,,,4.845e-9,,,,,,,,,,,,,,
677.48,8.900e-8,6.812e-20,6.597e-8,6.480e-33,9.806e-18,,,1.407e-18,7.218e-20,,3.219e-16,6.971e-17,2.636e-29,8.837e-18,1.741e-8,7.408e-21,1.409e-19,,,,2.721e-18,5.401e-37,1.848e-9,,6.927e-25,2.836e-19,,,1.819e-21,5.018e-17,3.199e-19,1.152e-28,,6.206e-22,1.868e-15,1.089e-16,4.513e-18,,1.657e-12,3.593e-18,2.553e-17,,,,,3.768e-9,,,,,,,,,,,,,,
677.5,8.820e-8,6.826e-20,6.960e-8,5.014e-33,9.809e-18,,,1.406e-18,7.221e-20,,3.217e-16,9.851e-17,2.637e-29,8.837e-18,1.425e-8,9.523e-21,1.409e-19,,,,2.722e-18,5.399e-37,1.414e-9,,6.926e-25,2.841e-19,,,1.820e-21,5.021e-17,3.201e-19,1.152e-28,,6.207e-22,2.602e-15,1.089e-16,4.428e-18,,2.192e-12,3.598e-18,2.552e-17,,,,,2.925e-9,,,,,,,,,,,,,,
677.53,8.870e-8,6.847e-20,7.523e-8,3.401e-33,9.814e-18,,,1.406e-18,7.226e-20,,3.212e-16,1.650e-16,2.638e-29,8.837e-18,1.053e-8,1.384e-20,1.410e-19,,,,2.722e-18,5.395e-37,9.438e-10,,6.925e-25,2.849e-19,,,1.821e-21,5.024e-17,3.204e-19,1.152e-28,,6.210e-22,4.262e-15,1.090e-16,4.301e-18,,3.324e-12,3.607e-18,2.550e-17,,,,,1.995e-9,,,,,,,,,,,,,,
677.55,8.995e-8,6.860e-20,7.910e-8,2.621e-33,9.817e-18,,,1.406e-18,7.229e-20,,3.209e-16,2.322e-16,2.638e-29,8.837e-18,8.585e-9,1.771e-20,1.410e-19,,,,2.722e-18,5.393e-37,7.192e-10,,6.925e-25,2.854e-19,,,1.822e-21,5.026e-17,3.206e-19,1.152e-28,,6.212e-22,5.911e-15,1.090e-16,4.217e-18,,4.379e-12,3.612e-18,2.549e-17,,,,,1.542e-9,,,,,,,,,,,,,,
677.58,9.288e-8,6.881e-20,8.505e-8,1.767e-33,9.822e-18,,,1.406e-18,7.234e-20,,3.205e-16,3.864e-16,2.639e-29,8.836e-18,6.302e-9,2.558e-20,1.410e-19,,,,2.723e-18,5.389e-37,4.769e-10,,6.923e-25,2.862e-19,,,1.823e-21,5.029e-17,3.209e-19,1.152e-28,,6.214e-22,9.624e-15,1.090e-16,4.090e-18,,6.601e-12,3.621e-18,2.547e-17,,,,,1.045e-9,,,,,,,,,,,,,,
677.6,9.540e-8,6.895e-20,8.911e-8,1.356e-33,9.826e-18,,,1.406e-18,7.237e-20,,3.202e-16,5.415e-16,2.640e-29,8.836e-18,5.118e-9,3.261e-20,1.411e-19,,,,2.723e-18,5.387e-37,3.619e-10,,6.923e-25,2.867e-19,,,1.824e-21,5.032e-17,3.211e-19,1.152e-28,,6.216e-22,1.329e-14,1.090e-16,4.005e-18,,8.660e-12,3.626e-18,2.546e-17,,,,,8.044e-10,,,,,,,,,,,,,,
677.63,9.984e-8,6.915e-20,9.531e-8,9.082e-34,9.831e-18,,,1.406e-18,7.242e-20,,3.198e-16,8.957e-16,2.641e-29,8.836e-18,3.734e-9,4.680e-20,1.411e-19,,,,2.724e-18,5.383e-37,2.385e-10,,6.922e-25,2.874e-19,,,1.826e-21,5.035e-17,3.214e-19,1.152e-28,,6.218e-22,2.151e-14,1.090e-16,3.878e-18,,1.297e-11,3.635e-18,2.545e-17,,,,,5.417e-10,,,,,,,,,,,,,,
677.65,1.032e-7,6.929e-20,9.952e-8,6.939e-34,9.834e-18,,,1.406e-18,7.245e-20,,3.195e-16,1.250e-15,2.641e-29,8.836e-18,3.020e-9,5.942e-20,1.411e-19,,,,2.724e-18,5.381e-37,1.802e-10,,6.921e-25,2.879e-19,,,1.827e-21,5.037e-17,3.216e-19,1.152e-28,,6.220e-22,2.958e-14,1.091e-16,3.794e-18,,1.695e-11,3.640e-18,2.544e-17,,,,,4.153e-10,,,,,,,,,,,,,,
677.68,1.085e-7,6.950e-20,1.059e-7,4.619e-34,9.839e-18,,,1.406e-18,7.250e-20,,3.191e-16,2.055e-15,2.642e-29,8.836e-18,2.190e-9,8.475e-20,1.412e-19,,,,2.725e-18,5.378e-37,1.180e-10,,6.920e-25,2.887e-19,,,1.828e-21,5.040e-17,3.219e-19,1.152e-28,,6.222e-22,4.758e-14,1.091e-16,3.667e-18,,2.524e-11,3.649e-18,2.542e-17,,,,,2.779e-10,,,,,,,,,,,,,,
677.7,1.123e-7,6.963e-20,1.102e-7,3.514e-34,9.842e-18,,,1.406e-18,7.253e-20,,3.188e-16,2.857e-15,2.643e-29,8.836e-18,1.764e-9,1.072e-19,1.412e-19,,,,2.725e-18,5.375e-37,8.878e-11,,6.919e-25,2.892e-19,,,1.829e-21,5.043e-17,3.221e-19,1.152e-28,,6.224e-22,6.517e-14,1.091e-16,3.582e-18,,3.284e-11,3.654e-18,2.541e-17,,,,,2.121e-10,,,,,,,,,,,,,,
677.73,1.182e-7,6.984e-20,1.167e-7,2.325e-34,9.847e-18,,,1.406e-18,7.258e-20,,3.183e-16,4.668e-15,2.644e-29,8.836e-18,1.271e-9,1.519e-19,1.412e-19,,,,2.726e-18,5.372e-37,5.776e-11,,6.918e-25,2.899e-19,,,1.830e-21,5.046e-17,3.224e-19,1.152e-28,,6.226e-22,1.042e-13,1.091e-16,3.455e-18,,4.859e-11,3.663e-18,2.539e-17,,,,,1.410e-10,,,,,,,,,,,,,,
677.75,1.222e-7,6.998e-20,1.210e-7,1.761e-34,9.850e-18,,,1.406e-18,7.261e-20,,3.181e-16,6.461e-15,2.644e-29,8.835e-18,1.020e-9,1.913e-19,1.413e-19,,,,2.726e-18,5.369e-37,4.328e-11,,6.917e-25,2.904e-19,,,1.831e-21,5.048e-17,3.226e-19,1.152e-28,,6.228e-22,1.421e-13,1.091e-16,3.371e-18,,6.296e-11,3.669e-18,2.538e-17,,,,,1.072e-10,,,,,,,,,,,,,,
677.78,1.284e-7,7.018e-20,1.275e-7,1.158e-34,9.855e-18,,,1.406e-18,7.266e-20,,3.176e-16,1.049e-14,2.645e-29,8.835e-18,7.307e-10,2.694e-19,1.413e-19,,,,2.727e-18,5.366e-37,2.799e-11,,6.916e-25,2.912e-19,,,1.833e-21,5.051e-17,3.229e-19,1.152e-28,,6.231e-22,2.257e-13,1.092e-16,3.244e-18,,9.258e-11,3.677e-18,2.537e-17,,,,,7.085e-11,,,,,,,,,,,,,,
677.8,1.325e-7,7.032e-20,1.318e-7,8.735e-35,9.858e-18,,,1.406e-18,7.270e-20,,3.173e-16,1.446e-14,2.646e-29,8.835e-18,5.838e-10,3.378e-19,1.413e-19,,,,2.727e-18,5.363e-37,2.088e-11,,6.915e-25,2.917e-19,,,1.834e-21,5.054e-17,3.231e-19,1.152e-28,,6.232e-22,3.066e-13,1.092e-16,3.159e-18,,1.195e-10,3.683e-18,2.536e-17,,,,,5.363e-11,,,,,,,,,,,,,,
677.83,1.388e-7,7.052e-20,1.381e-7,5.706e-35,9.863e-18,,,1.406e-18,7.274e-20,,3.169e-16,2.334e-14,2.647e-29,8.835e-18,4.156e-10,4.730e-19,1.414e-19,,,,2.728e-18,5.360e-37,1.342e-11,,6.914e-25,2.925e-19,,,1.835e-21,5.057e-17,3.234e-19,1.153e-28,,6.235e-22,4.840e-13,1.092e-16,3.032e-18,,1.746e-10,3.691e-18,2.534e-17,,,,,3.521e-11,,,,,,,,,,,,,,
677.85,1.429e-7,7.066e-20,1.423e-7,4.287e-35,9.866e-18,,,1.406e-18,7.278e-20,,3.166e-16,3.205e-14,2.647e-29,8.835e-18,3.307e-10,5.907e-19,1.414e-19,,,,2.728e-18,5.358e-37,9.969e-12,,6.913e-25,2.930e-19,,,1.836e-21,5.059e-17,3.236e-19,1.153e-28,,6.236e-22,6.549e-13,1.092e-16,2.948e-18,,2.244e-10,3.697e-18,2.533e-17,,,,,2.655e-11,,,,,,,,,,,,,,
677.87,1.470e-7,7.080e-20,1.464e-7,3.215e-35,9.870e-18,,,1.406e-18,7.281e-20,,3.163e-16,4.393e-14,2.648e-29,8.835e-18,2.627e-10,7.364e-19,1.414e-19,,,,2.728e-18,5.355e-37,7.395e-12,,6.913e-25,2.935e-19,,,1.837e-21,5.061e-17,3.238e-19,1.153e-28,,6.238e-22,8.846e-13,1.093e-16,2.863e-18,,2.879e-10,3.702e-18,2.532e-17,,,,,1.998e-11,,,,,,,,,,,,,,
677.9,1.530e-7,7.100e-20,1.524e-7,2.082e-35,9.875e-18,,,1.406e-18,7.286e-20,,3.159e-16,7.028e-14,2.649e-29,8.834e-18,1.854e-10,1.022e-18,1.415e-19,,,,2.729e-18,5.352e-37,4.709e-12,,6.912e-25,2.942e-19,,,1.838e-21,5.065e-17,3.241e-19,1.153e-28,,6.240e-22,1.384e-12,1.093e-16,2.736e-18,,4.171e-10,3.711e-18,2.530e-17,,,,,1.300e-11,,,,,,,,,,,,,,
677.92,1.570e-7,7.114e-20,1.563e-7,1.555e-35,9.878e-18,,,1.405e-18,7.289e-20,,3.156e-16,9.594e-14,2.649e-29,8.834e-18,1.467e-10,1.269e-18,1.415e-19,,,,2.729e-18,5.349e-37,3.479e-12,,6.911e-25,2.947e-19,,,1.839e-21,5.067e-17,3.243e-19,1.153e-28,,6.242e-22,1.862e-12,1.093e-16,2.652e-18,,5.330e-10,3.716e-18,2.529e-17,,,,,9.743e-12,,,,,,,,,,,,,,
677.95,1.628e-7,7.135e-20,1.619e-7,1.000e-35,9.883e-18,,,1.405e-18,7.294e-20,,3.152e-16,1.525e-13,2.650e-29,8.834e-18,1.029e-10,1.750e-18,1.415e-19,,,,2.730e-18,5.346e-37,2.201e-12,,6.910e-25,2.955e-19,,,1.840e-21,5.070e-17,3.246e-19,1.153e-28,,6.245e-22,2.897e-12,1.093e-16,4.586e-18,,7.674e-10,3.725e-18,2.528e-17,,,,,6.301e-12,,,,,,,,,,,,,,
677.97,1.665e-7,7.148e-20,1.655e-7,7.441e-36,9.886e-18,,,1.405e-18,7.297e-20,,3.149e-16,2.074e-13,2.651e-29,8.834e-18,8.110e-11,2.164e-18,1.416e-19,,,,2.730e-18,5.343e-37,1.619e-12,,6.909e-25,2.960e-19,,,1.841e-21,5.072e-17,3.248e-19,1.153e-28,,6.246e-22,3.881e-12,1.093e-16,6.594e-18,,9.765e-10,3.731e-18,2.526e-17,,,,,4.702e-12,,,,,,,,,,,,,,
678,1.720e-7,7.169e-20,1.706e-7,4.758e-36,9.891e-18,,,1.405e-18,7.302e-20,,3.145e-16,3.277e-13,2.652e-29,8.834e-18,5.655e-11,2.967e-18,1.416e-19,,,,2.731e-18,5.340e-37,1.018e-12,,6.908e-25,2.968e-19,,,1.843e-21,5.076e-17,3.251e-19,1.153e-28,,6.249e-22,5.999e-12,1.094e-16,1.133e-17,,1.397e-9,3.739e-18,2.525e-17,,,,,3.022e-12,,,,,,,,,,,,,,
678.02,1.756e-7,7.183e-20,1.738e-7,3.524e-36,9.894e-18,,,1.405e-18,7.305e-20,,3.142e-16,4.437e-13,2.652e-29,8.834e-18,4.438e-11,3.654e-18,1.416e-19,,,,2.731e-18,5.337e-37,7.459e-13,,6.907e-25,2.973e-19,,,1.844e-21,5.078e-17,3.253e-19,1.153e-28,,6.250e-22,8.003e-12,1.094e-16,1.623e-17,,1.771e-9,3.745e-18,2.524e-17,,,,,2.246e-12,,,,,,,,,,,,,,
678.05,1.809e-7,7.203e-20,1.783e-7,2.239e-36,9.899e-18,,,1.405e-18,7.310e-20,,3.137e-16,6.968e-13,2.653e-29,8.833e-18,3.076e-11,4.977e-18,1.417e-19,,,,2.732e-18,5.334e-37,4.661e-13,,6.906e-25,2.980e-19,,,1.845e-21,5.081e-17,3.256e-19,1.153e-28,,6.253e-22,1.230e-11,1.094e-16,2.773e-17,,2.519e-9,3.753e-18,2.522e-17,,,,,1.434e-12,,,,,,,,,,,,,,
678.07,1.843e-7,7.217e-20,1.811e-7,1.651e-36,9.902e-18,,,1.405e-18,7.314e-20,,3.135e-16,9.395e-13,2.654e-29,8.833e-18,2.404e-11,6.104e-18,1.417e-19,,,,2.732e-18,5.332e-37,3.400e-13,,6.905e-25,2.985e-19,,,1.846e-21,5.083e-17,3.258e-19,1.153e-28,,6.254e-22,1.634e-11,1.094e-16,3.954e-17,,3.178e-9,3.759e-18,2.521e-17,,,,,1.061e-12,,,,,,,,,,,,,,
678.1,1.895e-7,7.237e-20,1.849e-7,1.042e-36,9.907e-18,,,1.405e-18,7.318e-20,,3.130e-16,1.466e-12,2.655e-29,8.833e-18,1.656e-11,8.264e-18,1.417e-19,,,,2.733e-18,5.328e-37,2.111e-13,,6.904e-25,2.993e-19,,,1.847e-21,5.087e-17,3.261e-19,1.153e-28,,6.257e-22,2.494e-11,1.095e-16,6.714e-17,,4.492e-9,3.767e-18,2.519e-17,,,,,6.735e-13,,,,,,,,,,,,,,
678.12,1.929e-7,7.251e-20,1.872e-7,7.656e-37,9.911e-18,,,1.405e-18,7.322e-20,,3.127e-16,1.969e-12,2.655e-29,8.833e-18,1.289e-11,1.009e-17,1.418e-19,,,,2.733e-18,5.326e-37,1.533e-13,,6.903e-25,2.998e-19,,,1.848e-21,5.089e-17,3.263e-19,1.153e-28,,6.259e-22,3.301e-11,1.095e-16,9.535e-17,,5.646e-9,3.773e-18,2.518e-17,,,,,4.963e-13,,,,,,,,,,,,,,
678.15,1.983e-7,7.272e-20,1.903e-7,4.803e-37,9.916e-18,,,1.405e-18,7.327e-20,,3.123e-16,3.054e-12,2.656e-29,8.833e-18,8.827e-12,1.358e-17,1.418e-19,,,,2.734e-18,5.322e-37,9.463e-14,,6.902e-25,3.006e-19,,,1.850e-21,5.092e-17,3.266e-19,1.153e-28,,6.261e-22,5.008e-11,1.095e-16,1.609e-16,,7.931e-9,3.781e-18,2.517e-17,,,,,3.130e-13,,,,,,,,,,,,,,
678.17,2.021e-7,7.285e-20,1.921e-7,3.513e-37,9.919e-18,,,1.405e-18,7.330e-20,,3.120e-16,4.085e-12,2.657e-29,8.833e-18,6.846e-12,1.652e-17,1.418e-19,,,,2.734e-18,5.320e-37,6.844e-14,,6.902e-25,3.011e-19,,,1.851e-21,5.094e-17,3.268e-19,1.153e-28,,6.263e-22,6.600e-11,1.095e-16,2.276e-16,,9.927e-9,3.787e-18,2.516e-17,,,,,2.297e-13,,,,,,,,,,,,,,
678.2,2.083e-7,7.306e-20,1.943e-7,2.190e-37,9.924e-18,,,1.405e-18,7.335e-20,,3.116e-16,6.297e-12,2.657e-29,8.833e-18,4.665e-12,2.209e-17,1.419e-19,,,,2.734e-18,5.316e-37,4.197e-14,,6.901e-25,3.018e-19,,,1.852e-21,5.098e-17,3.271e-19,1.153e-28,,6.265e-22,9.953e-11,1.096e-16,3.817e-16,,1.386e-8,3.795e-18,2.514e-17,,,,,1.439e-13,,,,,,,,,,,,,,
678.22,2.130e-7,7.320e-20,1.956e-7,1.595e-37,9.927e-18,,,1.405e-18,7.338e-20,,3.113e-16,8.386e-12,2.658e-29,8.832e-18,3.609e-12,2.675e-17,1.419e-19,,,,2.735e-18,5.314e-37,3.023e-14,,6.900e-25,3.023e-19,,,1.853e-21,5.100e-17,3.273e-19,1.153e-28,,6.267e-22,1.306e-10,1.096e-16,5.376e-16,,1.727e-8,3.801e-18,2.513e-17,,,,,1.052e-13,,,,,,,,,,,,,,
678.24,2.182e-7,7.333e-20,1.966e-7,1.159e-37,9.930e-18,,,1.405e-18,7.341e-20,,3.110e-16,1.115e-11,2.659e-29,8.832e-18,2.792e-12,3.235e-17,1.419e-19,,,,2.735e-18,5.312e-37,2.173e-14,,6.899e-25,3.028e-19,,,1.854e-21,5.102e-17,3.275e-19,1.153e-28,,6.268e-22,1.711e-10,1.096e-16,7.561e-16,,2.150e-8,3.807e-18,2.512e-17,,,,,7.672e-14,,,,,,,,,,,,,,
678.27,2.276e-7,7.354e-20,1.976e-7,7.165e-38,9.935e-18,,,1.405e-18,7.346e-20,,3.106e-16,1.704e-11,2.660e-29,8.832e-18,1.904e-12,4.289e-17,1.420e-19,,,,2.736e-18,5.308e-37,1.321e-14,,6.898e-25,3.036e-19,,,1.855e-21,5.105e-17,3.278e-19,1.153e-28,,6.271e-22,2.559e-10,1.096e-16,1.257e-15,,2.975e-8,3.815e-18,2.510e-17,,,,,4.765e-14,,,,,,,,,,,,,,
678.29,2.353e-7,7.368e-20,1.980e-7,5.188e-38,9.938e-18,,,1.405e-18,7.349e-20,,3.103e-16,2.257e-11,2.660e-29,8.832e-18,1.482e-12,5.165e-17,1.420e-19,,,,2.736e-18,5.306e-37,9.459e-15,,6.897e-25,3.041e-19,,,1.856e-21,5.108e-17,3.280e-19,1.153e-28,,6.273e-22,3.339e-10,1.096e-16,1.761e-15,,3.687e-8,3.821e-18,2.509e-17,,,,,3.462e-14,,,,,,,,,,,,,,
678.32,2.495e-7,7.388e-20,1.982e-7,3.186e-38,9.943e-18,,,1.405e-18,7.354e-20,,3.099e-16,3.428e-11,2.661e-29,8.832e-18,1.036e-12,6.805e-17,1.420e-19,,,,2.737e-18,5.302e-37,5.713e-15,,6.896e-25,3.049e-19,,,1.858e-21,5.111e-17,3.283e-19,1.153e-28,,6.275e-22,4.961e-10,1.097e-16,2.909e-15,,5.071e-8,3.829e-18,2.508e-17,,,,,2.137e-14,,,,,,,,,,,,,,
678.34,2.614e-7,7.402e-20,1.981e-7,2.297e-38,9.947e-18,,,1.405e-18,7.357e-20,,3.096e-16,4.520e-11,2.662e-29,8.832e-18,8.350e-13,8.161e-17,1.420e-19,,,,2.737e-18,5.300e-37,4.073e-15,,6.895e-25,3.054e-19,,,1.858e-21,5.113e-17,3.285e-19,1.154e-28,,6.277e-22,6.447e-10,1.097e-16,4.058e-15,,6.259e-8,3.835e-18,2.507e-17,,,,,1.546e-14,,,,,,,,,,,,,,
678.37,2.840e-7,7.422e-20,1.974e-7,1.401e-38,9.951e-18,,,1.404e-18,7.362e-20,,3.091e-16,6.824e-11,2.662e-29,8.831e-18,6.438e-13,1.069e-16,1.421e-19,,,,2.738e-18,5.296e-37,2.445e-15,,6.894e-25,3.061e-19,,,1.860e-21,5.116e-17,3.288e-19,1.154e-28,,6.279e-22,9.520e-10,1.097e-16,6.664e-15,,8.556e-8,3.843e-18,2.505e-17,,,,,9.481e-15,,,,,,,,,,,,,,
678.39,3.032e-7,1.068e-19,1.967e-7,1.006e-38,9.955e-18,,,1.404e-18,7.366e-20,,3.088e-16,8.962e-11,2.663e-29,8.831e-18,5.777e-13,1.276e-16,1.421e-19,,,,2.738e-18,5.294e-37,1.736e-15,,6.894e-25,3.066e-19,,,1.861e-21,5.119e-17,3.290e-19,1.154e-28,,6.281e-22,1.232e-9,1.097e-16,9.257e-15,,1.052e-7,3.849e-18,2.504e-17,,,,,6.830e-15,,,,,,,,,,,,,,
678.42,3.400e-7,1.836e-19,1.952e-7,6.101e-39,9.960e-18,,,1.404e-18,7.370e-20,,3.084e-16,1.345e-10,2.664e-29,8.831e-18,5.601e-13,1.661e-16,1.422e-19,,,,2.738e-18,5.290e-37,1.035e-15,,6.892e-25,3.074e-19,,,1.862e-21,5.122e-17,3.293e-19,1.154e-28,,6.283e-22,1.808e-9,1.098e-16,1.511e-14,,1.429e-7,3.857e-18,2.502e-17,,,,,4.163e-15,,,,,,,,,,,,,,
678.44,3.713e-7,2.630e-19,1.940e-7,4.362e-39,9.963e-18,,,1.404e-18,7.374e-20,,3.081e-16,1.759e-10,2.664e-29,8.831e-18,6.019e-13,1.975e-16,1.422e-19,,,,2.739e-18,5.288e-37,7.320e-16,,6.892e-25,3.079e-19,,,1.863e-21,5.124e-17,3.295e-19,1.154e-28,,6.285e-22,2.330e-9,1.098e-16,2.090e-14,,1.749e-7,3.863e-18,2.501e-17,,,,,2.986e-15,,,,,,,,,,,,,,
678.47,4.315e-7,4.496e-19,1.917e-7,2.628e-39,9.968e-18,,,1.404e-18,7.379e-20,,3.077e-16,2.622e-10,2.665e-29,8.831e-18,7.530e-13,2.555e-16,1.422e-19,,,,2.739e-18,5.284e-37,4.338e-16,,6.891e-25,3.087e-19,,,1.864e-21,5.127e-17,3.298e-19,1.154e-28,,6.287e-22,3.399e-9,1.098e-16,3.391e-14,,2.361e-7,3.871e-18,2.500e-17,,,,,1.808e-15,,,,,,,,,,,,,,
678.49,4.825e-7,6.414e-19,1.900e-7,1.871e-39,9.971e-18,,,1.404e-18,7.382e-20,,3.074e-16,3.416e-10,2.666e-29,8.831e-18,9.235e-13,3.026e-16,1.422e-19,,,,2.740e-18,5.282e-37,3.054e-16,,6.890e-25,3.092e-19,,,1.865e-21,5.130e-17,3.300e-19,1.154e-28,,6.289e-22,4.363e-9,1.098e-16,4.671e-14,,2.878e-7,3.877e-18,2.498e-17,,,,,1.292e-15,,,,,,,,,,,,,,
678.52,5.800e-7,1.090e-18,1.870e-7,1.120e-39,9.976e-18,,,1.404e-18,7.387e-20,,3.070e-16,5.062e-10,2.667e-29,8.830e-18,1.314e-12,3.889e-16,1.423e-19,,,,2.740e-18,5.278e-37,1.799e-16,,6.889e-25,3.099e-19,,,1.867e-21,5.133e-17,3.303e-19,1.154e-28,,6.292e-22,6.324e-9,1.098e-16,7.531e-14,,3.862e-7,3.885e-18,2.497e-17,,,,,7.775e-16,,,,,,,,,,,,,,
678.54,6.624e-7,1.548e-18,1.848e-7,7.942e-40,9.979e-18,,,1.404e-18,7.390e-20,,3.067e-16,6.566e-10,2.667e-29,8.830e-18,1.692e-12,4.588e-16,1.423e-19,,,,2.741e-18,5.276e-37,1.261e-16,,6.888e-25,3.104e-19,,,1.868e-21,5.135e-17,3.305e-19,1.154e-28,,6.293e-22,8.084e-9,1.099e-16,1.033e-13,,4.688e-7,5.592e-18,2.496e-17,,,,,5.531e-16,,,,,,,,,,,,,,
678.57,8.191e-7,2.614e-18,1.813e-7,4.726e-40,9.984e-18,,,1.404e-18,7.395e-20,,3.063e-16,9.670e-10,2.668e-29,8.830e-18,2.499e-12,5.860e-16,1.424e-19,,,,2.741e-18,5.273e-37,7.380e-17,,6.887e-25,3.112e-19,,,1.869e-21,5.138e-17,3.308e-19,1.154e-28,,6.296e-22,1.165e-8,1.099e-16,1.656e-13,,6.252e-7,9.627e-18,2.494e-17,,,,,3.308e-16,,,,,,,,,,,,,,
678.59,9.507e-7,3.698e-18,1.787e-7,3.336e-40,9.987e-18,,,1.404e-18,7.398e-20,,3.060e-16,1.249e-9,2.669e-29,8.830e-18,3.251e-12,6.885e-16,1.424e-19,,,,2.742e-18,5.270e-37,5.153e-17,,6.886e-25,3.117e-19,,,1.870e-21,5.141e-17,3.310e-19,1.154e-28,,6.297e-22,1.482e-8,1.099e-16,2.262e-13,,7.559e-7,1.380e-17,2.493e-17,,,,,2.343e-16,,,,,,,,,,,,,,
678.61,1.109e-6,5.224e-18,1.760e-7,2.351e-40,9.991e-18,,,1.404e-18,7.401e-20,,3.057e-16,1.611e-9,2.669e-29,8.830e-18,4.232e-12,8.075e-16,1.424e-19,,,,2.742e-18,5.268e-37,3.591e-17,,6.885e-25,3.122e-19,,,1.871e-21,5.143e-17,3.312e-19,1.154e-28,,6.299e-22,1.884e-8,1.099e-16,3.086e-13,,9.124e-7,1.975e-17,2.492e-17,,,,,1.657e-16,,,,,,,,,,,,,,
678.64,1.407e-6,8.745e-18,1.717e-7,1.387e-40,9.996e-18,,,1.404e-18,7.406e-20,,3.052e-16,2.353e-9,2.670e-29,8.830e-18,6.280e-12,1.022e-15,1.424e-19,,,,2.743e-18,5.264e-37,2.083e-17,,6.884e-25,3.129e-19,,,1.872e-21,5.146e-17,3.315e-19,1.154e-28,,6.301e-22,2.691e-8,1.099e-16,4.903e-13,,1.206e-6,3.371e-17,2.490e-17,,,,,9.822e-17,,,,,,,,,,,,,,
678.66,1.656e-6,1.230e-17,1.687e-7,9.731e-41,9.999e-18,,,1.404e-18,7.409e-20,,3.050e-16,3.022e-9,2.671e-29,8.830e-18,8.159e-12,1.194e-15,1.425e-19,,,,2.743e-18,5.262e-37,1.446e-17,,6.884e-25,3.135e-19,,,1.873e-21,5.148e-17,3.317e-19,1.154e-28,,6.303e-22,3.406e-8,1.100e-16,6.661e-13,,1.450e-6,4.804e-17,2.489e-17,,,,,6.917e-17,,,,,,,,,,,,,,
678.69,2.122e-6,2.047e-17,1.640e-7,5.703e-41,1.000e-17,,,1.404e-18,7.414e-20,,3.045e-16,4.385e-9,2.672e-29,8.829e-18,1.205e-11,1.503e-15,1.425e-19,,,,2.743e-18,5.258e-37,8.334e-18,,6.882e-25,3.142e-19,,,1.875e-21,5.152e-17,3.320e-19,1.154e-28,,6.306e-22,4.834e-8,1.100e-16,1.052e-12,,1.905e-6,8.149e-17,2.488e-17,,,,,4.074e-17,,,,,,,,,,,,,,
678.71,2.508e-6,2.868e-17,1.608e-7,3.986e-41,1.001e-17,,,1.404e-18,7.418e-20,,3.042e-16,5.609e-9,2.672e-29,8.829e-18,1.560e-11,1.748e-15,1.425e-19,,,,2.744e-18,5.256e-37,5.760e-18,,6.882e-25,3.147e-19,,,1.875e-21,5.154e-17,3.321e-19,1.154e-28,,6.307e-22,6.094e-8,1.100e-16,1.423e-12,,2.280e-6,1.157e-16,2.487e-17,,,,,2.857e-17,,,,,,,,,,,,,,
678.74,3.228e-6,4.741e-17,1.558e-7,2.321e-41,1.001e-17,,,1.404e-18,7.422e-20,,3.038e-16,8.090e-9,2.673e-29,8.829e-18,2.292e-11,2.187e-15,1.426e-19,,,,2.744e-18,5.253e-37,5.806e-18,,6.881e-25,3.155e-19,,,1.877e-21,5.157e-17,3.324e-19,1.154e-28,,6.310e-22,8.597e-8,1.100e-16,2.233e-12,,2.978e-6,1.950e-16,2.485e-17,,,,,1.673e-17,,,,,,,,,,,,,,
678.76,3.821e-6,6.616e-17,1.524e-7,1.615e-41,1.002e-17,,,1.404e-18,7.426e-20,,3.035e-16,1.031e-8,2.674e-29,8.829e-18,2.955e-11,2.533e-15,1.426e-19,,,,2.745e-18,5.250e-37,5.836e-18,,6.880e-25,3.160e-19,,,1.878e-21,5.159e-17,3.326e-19,1.154e-28,,6.311e-22,1.079e-7,1.101e-16,3.008e-12,,3.550e-6,2.756e-16,2.484e-17,,,,,1.168e-17,,,,,,,,,,,,,,
678.79,4.920e-6,1.087e-16,1.473e-7,9.349e-42,1.002e-17,,,1.403e-18,7.431e-20,,3.031e-16,1.477e-8,2.675e-29,8.829e-18,4.314e-11,3.148e-15,1.426e-19,,,,2.745e-18,5.247e-37,5.882e-18,,6.879e-25,3.167e-19,,,1.879e-21,5.163e-17,3.329e-19,1.154e-28,,6.314e-22,1.513e-7,1.101e-16,4.691e-12,,4.607e-6,4.618e-16,2.482e-17,,,,,6.794e-18,,,,,,,,,,,,,,
678.81,5.821e-6,1.511e-16,1.438e-7,6.479e-42,1.002e-17,,,1.403e-18,7.434e-20,,3.028e-16,1.874e-8,2.675e-29,8.829e-18,5.540e-11,3.632e-15,1.427e-19,,,,2.746e-18,5.244e-37,5.912e-18,,6.878e-25,3.172e-19,,,1.880e-21,5.165e-17,3.331e-19,1.154e-28,,6.315e-22,1.891e-7,1.101e-16,6.296e-12,,5.469e-6,6.502e-16,2.481e-17,,,,,4.724e-18,,,,,,,,,,,,,,
678.84,7.482e-6,2.467e-16,1.385e-7,3.726e-42,1.003e-17,,,1.403e-18,7.439e-20,,3.024e-16,2.670e-8,2.676e-29,8.828e-18,8.038e-11,4.487e-15,1.427e-19,,,,2.746e-18,5.241e-37,5.957e-18,,6.877e-25,3.180e-19,,,1.881e-21,5.168e-17,3.334e-19,1.155e-28,,6.318e-22,2.635e-7,1.101e-16,9.758e-12,,7.053e-6,1.083e-15,2.480e-17,,,,,2.731e-18,,,,,,,,,,,,,,
678.86,8.837e-6,3.415e-16,1.350e-7,3.730e-42,1.003e-17,,,1.403e-18,7.442e-20,,3.021e-16,3.373e-8,2.677e-29,8.828e-18,1.028e-10,5.155e-15,1.427e-19,,,,2.747e-18,5.238e-37,5.988e-18,,6.876e-25,3.185e-19,,,1.882e-21,5.170e-17,3.336e-19,1.155e-28,,6.320e-22,3.281e-7,1.101e-16,1.304e-11,,8.340e-6,1.518e-15,2.479e-17,,,,,1.891e-18,,,,,,,,,,,,,,
678.89,1.132e-5,5.543e-16,1.297e-7,3.737e-42,1.004e-17,,,1.403e-18,7.447e-20,,3.017e-16,4.776e-8,2.678e-29,8.828e-18,1.482e-10,6.328e-15,1.428e-19,,,,2.747e-18,5.235e-37,6.033e-18,,6.875e-25,3.193e-19,,,1.884e-21,5.174e-17,3.339e-19,1.155e-28,,6.322e-22,4.544e-7,1.102e-16,2.009e-11,,1.069e-5,2.512e-15,2.477e-17,,,,,1.086e-18,,,,,,,,,,,,,,
678.91,1.334e-5,7.639e-16,1.262e-7,3.742e-42,1.004e-17,,,1.403e-18,7.450e-20,,3.014e-16,6.009e-8,2.678e-29,8.828e-18,1.888e-10,7.240e-15,1.428e-19,,,,2.748e-18,5.232e-37,6.063e-18,,6.874e-25,3.198e-19,,,1.885e-21,5.176e-17,3.341e-19,1.155e-28,,6.324e-22,5.634e-7,1.102e-16,2.674e-11,,1.259e-5,3.508e-15,2.476e-17,,,,,1.089e-18,,,,,,,,,,,,,,
678.94,1.701e-5,1.232e-15,1.210e-7,3.749e-42,1.004e-17,,,1.403e-18,7.455e-20,,3.009e-16,8.455e-8,2.679e-29,8.828e-18,2.706e-10,8.833e-15,1.428e-19,,,,2.748e-18,5.229e-37,6.109e-18,,6.873e-25,3.205e-19,,,1.886e-21,5.179e-17,3.344e-19,1.155e-28,,6.326e-22,7.754e-7,1.102e-16,4.093e-11,,1.603e-5,5.770e-15,2.474e-17,,,,,1.094e-18,,,,,,,,,,,,,,
678.96,1.998e-5,1.692e-15,1.175e-7,3.753e-42,1.005e-17,,,1.403e-18,7.458e-20,,3.006e-16,1.060e-7,2.680e-29,8.828e-18,3.432e-10,1.007e-14,1.429e-19,,,,2.748e-18,5.227e-37,6.139e-18,,6.873e-25,3.210e-19,,,1.887e-21,5.181e-17,3.346e-19,1.155e-28,,6.328e-22,9.574e-7,1.102e-16,5.425e-11,,1.880e-5,8.024e-15,2.473e-17,,,,,1.097e-18,,,,,,,,,,,,,,
678.99,2.537e-5,2.712e-15,1.124e-7,3.760e-42,1.005e-17,,,1.403e-18,7.463e-20,,3.002e-16,1.482e-7,2.681e-29,8.827e-18,4.889e-10,1.220e-14,1.429e-19,,,,2.749e-18,5.223e-37,6.185e-18,,6.871e-25,3.218e-19,,,1.888e-21,5.185e-17,3.349e-19,1.155e-28,,6.330e-22,1.310e-6,1.103e-16,8.254e-11,,2.380e-5,1.312e-14,2.472e-17,,,,,1.102e-18,,,,,,,,,,,,,,
679.01,2.970e-5,3.708e-15,1.091e-7,3.764e-42,1.006e-17,,,1.403e-18,7.466e-20,,2.999e-16,1.849e-7,2.681e-29,8.827e-18,6.176e-10,1.385e-14,1.429e-19,,,,2.749e-18,5.221e-37,6.215e-18,,6.871e-25,3.223e-19,,,1.889e-21,5.187e-17,3.351e-19,1.155e-28,,6.332e-22,1.610e-6,1.103e-16,1.090e-10,,2.780e-5,1.817e-14,2.470e-17,,,,,1.105e-18,,,,,,,,,,,,,,
679.03,3.472e-5,5.060e-15,1.058e-7,3.769e-42,1.006e-17,,,1.403e-18,7.470e-20,,2.996e-16,2.304e-7,2.682e-29,8.827e-18,7.789e-10,1.569e-14,1.430e-19,,,,2.750e-18,5.218e-37,6.245e-18,,6.870e-25,3.228e-19,,,1.890e-21,5.189e-17,3.353e-19,1.155e-28,,6.334e-22,1.977e-6,1.103e-16,1.436e-10,,3.241e-5,2.512e-14,2.469e-17,,,,,1.109e-18,,,,,,,,,,,,,,
679.06,4.378e-5,8.043e-15,1.010e-7,3.776e-42,1.006e-17,,,1.403e-18,7.474e-20,,2.992e-16,3.194e-7,2.683e-29,8.827e-18,1.100e-9,1.886e-14,1.430e-19,,,,2.750e-18,5.215e-37,6.291e-18,,6.869e-25,3.236e-19,,,1.892e-21,5.192e-17,3.356e-19,1.155e-28,,6.336e-22,2.681e-6,1.103e-16,2.166e-10,,4.067e-5,4.071e-14,2.468e-17,,,,,1.113e-18,,,,,,,,,,,,,,
679.08,5.100e-5,1.093e-14,9.787e-8,3.780e-42,1.007e-17,,,1.403e-18,7.478e-20,,2.989e-16,3.963e-7,2.683e-29,8.827e-18,1.381e-9,2.128e-14,1.430e-19,,,,2.751e-18,5.212e-37,6.321e-18,,6.868e-25,3.241e-19,,,1.893e-21,5.194e-17,3.358e-19,1.155e-28,,6.338e-22,3.278e-6,1.103e-16,2.843e-10,,4.723e-5,5.606e-14,2.467e-17,,,,,1.117e-18,,,,,,,,,,,,,,
679.11,6.396e-5,1.727e-14,9.330e-8,3.787e-42,1.007e-17,,,1.403e-18,7.483e-20,,2.985e-16,5.461e-7,2.684e-29,8.827e-18,1.939e-9,2.542e-14,1.431e-19,,,,2.751e-18,5.209e-37,6.367e-18,,6.867e-25,3.248e-19,,,1.894e-21,5.198e-17,3.361e-19,1.155e-28,,6.340e-22,4.417e-6,1.104e-16,4.262e-10,,5.890e-5,9.030e-14,2.465e-17,,,,,1.121e-18,,,,,,,,,,,,,,
679.13,7.426e-5,2.338e-14,9.035e-8,3.792e-42,1.008e-17,,,1.403e-18,7.486e-20,,2.982e-16,6.749e-7,2.685e-29,8.827e-18,2.425e-9,2.856e-14,1.431e-19,,,,2.752e-18,5.207e-37,6.397e-18,,6.866e-25,3.253e-19,,,1.895e-21,5.200e-17,3.363e-19,1.155e-28,,6.342e-22,5.378e-6,1.104e-16,5.571e-10,,6.811e-5,1.238e-13,2.464e-17,,,,,1.125e-18,,,,,,,,,,,,,,
679.16,9.265e-5,3.671e-14,8.606e-8,3.799e-42,1.008e-17,,,1.403e-18,7.491e-20,,2.978e-16,9.242e-7,2.686e-29,8.826e-18,3.382e-9,3.391e-14,1.431e-19,,,,2.752e-18,5.203e-37,6.442e-18,,6.865e-25,3.261e-19,,,1.896e-21,5.203e-17,3.366e-19,1.155e-28,,6.344e-22,7.204e-6,1.104e-16,8.301e-10,,8.443e-5,1.982e-13,2.462e-17,,,,,1.130e-18,,,,,,,,,,,,,,
679.18,1.072e-4,4.948e-14,8.331e-8,3.803e-42,1.008e-17,,,1.403e-18,7.494e-20,,2.975e-16,1.137e-6,2.686e-29,8.826e-18,4.213e-9,3.794e-14,1.432e-19,,,,2.752e-18,5.201e-37,6.473e-18,,6.864e-25,3.266e-19,,,1.897e-21,5.205e-17,3.368e-19,1.155e-28,,6.346e-22,8.735e-6,1.104e-16,1.081e-9,,9.723e-5,2.708e-13,2.461e-17,,,,,1.133e-18,,,,,,,,,,,,,,
679.21,1.330e-4,7.722e-14,7.933e-8,3.810e-42,1.009e-17,,,1.402e-18,7.499e-20,,2.970e-16,1.548e-6,2.687e-29,8.826e-18,5.840e-9,4.477e-14,1.432e-19,,,,2.753e-18,5.197e-37,6.518e-18,,6.863e-25,3.274e-19,,,1.899e-21,5.209e-17,3.371e-19,1.155e-28,,6.348e-22,1.163e-5,1.105e-16,1.600e-9,,1.198e-4,4.308e-13,2.460e-17,,,,,1.138e-18,,,,,,,,,,,,,,
679.23,1.534e-4,1.037e-13,7.678e-8,3.815e-42,1.009e-17,,,1.402e-18,7.502e-20,,2.968e-16,1.897e-6,2.688e-29,8.826e-18,7.245e-9,4.988e-14,1.432e-19,,,,2.753e-18,5.195e-37,6.548e-18,,6.863e-25,3.279e-19,,,1.899e-21,5.211e-17,3.373e-19,1.155e-28,,6.350e-22,1.404e-5,1.105e-16,2.074e-9,,1.374e-4,5.860e-13,2.459e-17,,,,,1.141e-18,,,,,,,,,,,,,,
679.26,1.894e-4,1.608e-13,7.312e-8,3.821e-42,1.010e-17,,,1.402e-18,7.507e-20,,2.963e-16,2.567e-6,2.688e-29,8.826e-18,9.980e-9,5.850e-14,1.433e-19,,,,2.754e-18,5.191e-37,6.594e-18,,6.861e-25,3.286e-19,,,1.901e-21,5.214e-17,3.376e-19,1.155e-28,,6.352e-22,1.858e-5,1.105e-16,3.053e-9,,1.682e-4,9.266e-13,2.457e-17,,,,,1.146e-18,,,,,,,,,,,,,,
679.28,2.176e-4,2.150e-13,7.079e-8,3.826e-42,1.010e-17,,,1.402e-18,7.510e-20,,2.960e-16,3.133e-6,2.689e-29,8.826e-18,1.233e-8,6.492e-14,1.433e-19,,,,2.754e-18,5.189e-37,6.624e-18,,6.861e-25,3.291e-19,,,1.902e-21,5.216e-17,3.378e-19,1.155e-28,,6.354e-22,2.234e-5,1.105e-16,3.942e-9,,1.921e-4,1.255e-12,2.456e-17,,,,,1.149e-18,,,,,,,,,,,,,,
679.31,2.674e-4,3.314e-13,6.745e-8,3.833e-42,1.011e-17,,,1.402e-18,7.515e-20,,2.956e-16,4.212e-6,2.690e-29,8.825e-18,1.688e-8,7.565e-14,1.433e-19,,,,2.755e-18,5.185e-37,6.670e-18,,6.860e-25,3.299e-19,,,1.903e-21,5.220e-17,3.381e-19,1.155e-28,,6.357e-22,2.937e-5,1.105e-16,5.765e-9,,2.337e-4,1.973e-12,2.454e-17,,,,,1.154e-18,,,,,,,,,,,,,,
679.33,3.062e-4,4.412e-13,6.534e-8,3.837e-42,1.011e-17,,,1.402e-18,7.518e-20,,2.953e-16,5.120e-6,2.691e-29,8.825e-18,2.077e-8,8.361e-14,1.434e-19,,,,2.755e-18,5.183e-37,6.700e-18,,6.859e-25,3.304e-19,,,1.904e-21,5.222e-17,3.383e-19,1.155e-28,,6.358e-22,3.518e-5,1.106e-16,7.413e-9,,2.658e-4,2.661e-12,2.453e-17,,,,,1.157e-18,,,,,,,,,,,,,,
679.36,3.744e-4,6.759e-13,6.233e-8,3.844e-42,1.011e-17,,,1.402e-18,7.523e-20,,2.949e-16,6.841e-6,2.691e-29,8.825e-18,2.827e-8,9.684e-14,1.434e-19,,,,2.756e-18,5.179e-37,6.745e-18,,6.858e-25,3.311e-19,,,1.905e-21,5.225e-17,3.386e-19,1.156e-28,,6.361e-22,4.597e-5,1.106e-16,1.078e-8,,3.215e-4,4.157e-12,2.452e-17,,,,,1.162e-18,,,,,,,,,,,,,,
679.38,4.273e-4,8.964e-13,6.043e-8,3.849e-42,1.012e-17,,,1.402e-18,7.527e-20,,2.946e-16,8.282e-6,2.692e-29,8.825e-18,3.464e-8,1.066e-13,1.434e-19,,,,2.756e-18,5.177e-37,6.776e-18,,6.857e-25,3.317e-19,,,1.906e-21,5.227e-17,3.388e-19,1.156e-28,,6.362e-22,5.483e-5,1.106e-16,1.380e-8,,3.641e-4,5.585e-12,2.451e-17,,,,,1.165e-18,,,,,,,,,,,,,,
679.4,4.872e-4,1.187e-12,5.861e-8,3.853e-42,1.012e-17,,,1.402e-18,7.530e-20,,2.943e-16,1.001e-5,2.693e-29,8.825e-18,4.237e-8,1.171e-13,1.435e-19,,,,2.757e-18,5.175e-37,6.806e-18,,6.856e-25,3.322e-19,,,1.907e-21,5.230e-17,3.390e-19,1.156e-28,,6.364e-22,6.529e-5,1.106e-16,1.764e-8,,4.118e-4,7.491e-12,2.449e-17,,,,,1.168e-18,,,,,,,,,,,,,,
679.43,5.916e-4,1.802e-12,5.605e-8,3.860e-42,1.012e-17,,,1.402e-18,7.535e-20,,2.939e-16,1.326e-5,2.693e-29,8.825e-18,5.716e-8,1.345e-13,1.435e-19,,,,2.757e-18,5.171e-37,6.851e-18,,6.855e-25,3.329e-19,,,1.909e-21,5.233e-17,3.393e-19,1.156e-28,,6.366e-22,8.459e-5,1.107e-16,2.543e-8,,4.936e-4,1.160e-11,2.448e-17,,,,,1.173e-18,,,,,,,,,,,,,,
679.45,6.723e-4,2.377e-12,5.444e-8,3.865e-42,1.013e-17,,,1.402e-18,7.538e-20,,2.936e-16,1.596e-5,2.694e-29,8.825e-18,6.964e-8,1.471e-13,1.435e-19,,,,2.757e-18,5.169e-37,6.882e-18,,6.854e-25,3.334e-19,,,1.910e-21,5.235e-17,3.395e-19,1.156e-28,,6.368e-22,1.003e-4,1.107e-16,3.237e-8,,5.559e-4,1.550e-11,2.447e-17,,,,,1.176e-18,,,,,,,,,,,,,,
679.48,8.127e-4,3.587e-12,5.217e-8,3.871e-42,1.013e-17,,,1.402e-18,7.543e-20,,2.932e-16,2.101e-5,2.695e-29,8.824e-18,9.337e-8,1.679e-13,1.436e-19,,,,2.758e-18,5.165e-37,6.927e-18,,6.853e-25,3.342e-19,,,1.911e-21,5.238e-17,3.398e-19,1.156e-28,,6.371e-22,1.291e-4,1.107e-16,4.637e-8,,6.623e-4,2.385e-11,2.445e-17,,,,,1.181e-18,,,,,,,,,,,,,,
679.5,9.208e-4,4.711e-12,5.076e-8,3.876e-42,1.014e-17,,,1.402e-18,7.546e-20,,2.929e-16,2.519e-5,2.695e-29,8.824e-18,1.133e-7,1.830e-13,1.436e-19,,,,2.758e-18,5.163e-37,6.958e-18,,6.853e-25,3.347e-19,,,1.912e-21,5.241e-17,3.400e-19,1.156e-28,,6.372e-22,1.525e-4,1.107e-16,5.879e-8,,7.428e-4,3.173e-11,2.444e-17,,,,,1.184e-18,,,,,,,,,,,,,,
679.53,1.108e-3,7.067e-12,4.877e-8,3.883e-42,1.014e-17,,,1.402e-18,7.551e-20,,2.924e-16,3.296e-5,2.696e-29,8.824e-18,1.510e-7,2.075e-13,1.436e-19,,,,2.759e-18,5.159e-37,7.003e-18,,6.851e-25,3.354e-19,,,1.913e-21,5.244e-17,3.403e-19,1.156e-28,,6.375e-22,1.952e-4,1.107e-16,8.369e-8,,8.796e-4,4.854e-11,2.442e-17,,,,,1.189e-18,,,,,,,,,,,,,,
679.55,1.252e-3,9.242e-12,4.754e-8,3.887e-42,1.014e-17,,,1.402e-18,7.554e-20,,2.922e-16,3.936e-5,2.697e-29,8.824e-18,1.824e-7,2.252e-13,1.437e-19,,,,2.759e-18,5.157e-37,7.033e-18,,6.851e-25,3.360e-19,,,1.914e-21,5.246e-17,3.405e-19,1.156e-28,,6.376e-22,2.296e-4,1.108e-16,1.057e-7,,9.825e-4,6.431e-11,2.441e-17,,,,,1.192e-18,,,,,,,,,,,,,,
679.58,1.500e-3,1.378e-11,4.581e-8,3.894e-42,1.015e-17,,,1.402e-18,7.559e-20,,2.917e-16,5.118e-5,2.698e-29,8.824e-18,2.415e-7,2.538e-13,1.437e-19,,,,2.760e-18,5.153e-37,7.079e-18,,6.850e-25,3.367e-19,,,1.916e-21,5.249e-17,3.408e-19,1.156e-28,,6.379e-22,2.919e-4,1.108e-16,1.495e-7,,1.156e-3,9.777e-11,2.440e-17,,,,,1.197e-18,,,,,,,,,,,,,,
679.6,1.689e-3,1.795e-11,4.474e-8,3.899e-42,1.015e-17,,,1.402e-18,7.562e-20,,2.914e-16,6.086e-5,2.698e-29,8.824e-18,2.907e-7,2.743e-13,1.437e-19,,,,2.760e-18,5.151e-37,7.109e-18,,6.849e-25,3.372e-19,,,1.917e-21,5.252e-17,3.410e-19,1.156e-28,,6.381e-22,3.419e-4,1.108e-16,1.880e-7,,1.286e-3,1.290e-10,2.439e-17,,,,,1.200e-18,,,,,,,,,,,,,,
679.63,2.016e-3,2.660e-11,4.325e-8,3.906e-42,1.016e-17,,,1.402e-18,7.567e-20,,2.910e-16,7.867e-5,2.699e-29,8.823e-18,3.826e-7,3.073e-13,1.438e-19,,,,2.761e-18,5.148e-37,7.155e-18,,6.848e-25,3.380e-19,,,1.918e-21,5.255e-17,3.413e-19,1.156e-28,,6.383e-22,4.321e-4,1.108e-16,2.644e-7,,1.504e-3,1.949e-10,2.437e-17,,,,,1.205e-18,,,,,,,,,,,,,,
679.65,2.264e-3,3.450e-11,4.232e-8,3.910e-42,1.016e-17,,,1.401e-18,7.570e-20,,2.907e-16,9.316e-5,2.700e-29,8.823e-18,4.585e-7,3.308e-13,1.438e-19,,,,2.761e-18,5.145e-37,7.185e-18,,6.847e-25,3.385e-19,,,1.919e-21,5.257e-17,3.415e-19,1.156e-28,,6.385e-22,5.041e-4,1.109e-16,3.312e-7,,1.666e-3,2.562e-10,2.436e-17,,,,,1.208e-18,,,,,,,,,,,,,,
679.68,2.690e-3,5.080e-11,4.103e-8,3.917e-42,1.017e-17,,,1.401e-18,7.575e-20,,2.903e-16,1.197e-4,2.701e-29,8.823e-18,5.997e-7,3.682e-13,1.438e-19,,,,2.762e-18,5.142e-37,7.230e-18,,6.846e-25,3.392e-19,,,1.920e-21,5.260e-17,3.418e-19,1.156e-28,,6.387e-22,6.332e-4,1.109e-16,4.628e-7,,1.936e-3,3.847e-10,2.434e-17,,,,,1.213e-18,,,,,,,,,,,,,,
679.7,3.014e-3,6.563e-11,4.023e-8,3.922e-42,1.017e-17,,,1.401e-18,7.579e-20,,2.900e-16,1.411e-4,2.701e-29,8.823e-18,7.158e-7,3.947e-13,1.439e-19,,,,2.762e-18,5.139e-37,7.261e-18,,6.845e-25,3.397e-19,,,1.921e-21,5.263e-17,3.420e-19,1.156e-28,,6.389e-22,7.356e-4,1.109e-16,5.772e-7,,2.136e-3,5.034e-10,2.433e-17,,,,,1.216e-18,,,,,,,,,,,,,,
679.73,3.568e-3,9.606e-11,3.911e-8,3.928e-42,1.017e-17,,,1.401e-18,7.583e-20,,2.896e-16,1.802e-4,2.702e-29,8.823e-18,9.305e-7,4.367e-13,1.439e-19,,,,2.763e-18,5.136e-37,7.306e-18,,6.844e-25,3.405e-19,,,1.923e-21,5.266e-17,5.905e-19,1.156e-28,,6.391e-22,9.183e-4,1.109e-16,8.017e-7,,2.468e-3,7.514e-10,2.432e-17,,,,,1.221e-18,,,,,,,,,,,,,,
679.75,3.987e-3,1.236e-10,3.842e-8,3.933e-42,1.018e-17,,,1.401e-18,7.587e-20,,2.893e-16,2.117e-4,2.703e-29,8.823e-18,1.106e-6,4.661e-13,1.439e-19,,,,2.763e-18,5.133e-37,7.336e-18,,6.843e-25,3.410e-19,,,1.923e-21,5.268e-17,8.482e-19,1.156e-28,,6.393e-22,1.062e-3,1.109e-16,9.959e-7,,2.711e-3,9.793e-10,2.431e-17,,,,,1.224e-18,,,,,,,,,,,,,,
679.77,4.452e-3,1.587e-10,3.776e-8,3.937e-42,1.018e-17,,,1.401e-18,7.590e-20,,2.890e-16,2.482e-4,2.703e-29,8.822e-18,1.312e-6,4.968e-13,1.440e-19,,,,2.763e-18,5.131e-37,7.367e-18,,6.843e-25,3.415e-19,,,1.924e-21,5.270e-17,1.216e-18,1.156e-28,,6.395e-22,1.227e-3,1.110e-16,1.235e-6,,2.974e-3,1.274e-9,2.429e-17,,,,,1.228e-18,,,,,,,,,,,,,,
679.8,5.242e-3,2.303e-10,3.683e-8,3.944e-42,1.019e-17,,,1.401e-18,7.595e-20,,2.886e-16,3.143e-4,2.704e-29,8.822e-18,1.691e-6,5.449e-13,1.440e-19,,,,2.764e-18,5.127e-37,7.412e-18,,6.842e-25,3.423e-19,,,1.926e-21,5.274e-17,2.082e-18,1.156e-28,,6.397e-22,1.519e-3,1.110e-16,1.701e-6,,3.405e-3,1.886e-9,2.428e-17,,,,,1.232e-18,,,,,,,,,,,,,,
679.82,5.838e-3,2.946e-10,3.625e-8,3.949e-42,1.019e-17,,,1.401e-18,7.598e-20,,2.883e-16,3.671e-4,2.705e-29,8.822e-18,1.999e-6,5.783e-13,1.440e-19,,,,2.764e-18,5.125e-37,7.442e-18,,6.841e-25,3.428e-19,,,1.927e-21,5.276e-17,2.974e-18,1.156e-28,,6.399e-22,1.747e-3,1.110e-16,2.100e-6,,3.720e-3,2.443e-9,2.427e-17,,,,,1.236e-18,,,,,,,,,,,,,,
679.85,6.849e-3,4.249e-10,3.541e-8,3.956e-42,1.019e-17,,,1.401e-18,7.603e-20,,2.878e-16,4.619e-4,2.706e-29,8.822e-18,2.560e-6,6.304e-13,1.441e-19,,,,2.765e-18,5.122e-37,7.488e-18,,6.840e-25,3.435e-19,,,1.928e-21,5.279e-17,5.059e-18,1.156e-28,,6.401e-22,2.149e-3,1.110e-16,2.874e-6,,4.233e-3,3.594e-9,2.425e-17,,,,,1.240e-18,,,,,,,,,,,,,,
679.87,7.610e-3,5.413e-10,3.489e-8,3.960e-42,1.020e-17,,,1.401e-18,7.606e-20,,2.875e-16,5.373e-4,2.706e-29,8.822e-18,3.013e-6,6.664e-13,1.441e-19,,,,2.765e-18,5.119e-37,7.518e-18,,6.839e-25,3.440e-19,,,1.929e-21,5.281e-17,7.196e-18,1.157e-28,,6.403e-22,2.461e-3,1.111e-16,3.535e-6,,4.605e-3,4.638e-9,2.424e-17,,,,,1.244e-18,,,,,,,,,,,,,,
679.9,8.898e-3,7.759e-10,3.412e-8,3.967e-42,1.020e-17,,,1.401e-18,7.611e-20,,2.871e-16,6.720e-4,2.707e-29,8.822e-18,3.836e-6,7.219e-13,1.441e-19,,,,2.766e-18,5.116e-37,7.564e-18,,6.838e-25,3.448e-19,,,1.930e-21,5.285e-17,1.217e-17,1.157e-28,,6.405e-22,3.009e-3,1.111e-16,4.808e-6,,5.209e-3,6.779e-9,2.422e-17,,,,,1.248e-18,,,,,,,,,,,,,,
679.92,9.864e-3,9.844e-10,3.363e-8,3.972e-42,1.020e-17,,,1.401e-18,7.614e-20,,2.868e-16,7.785e-4,2.708e-29,8.822e-18,4.496e-6,7.599e-13,1.442e-19,,,,2.766e-18,5.113e-37,7.594e-18,,6.837e-25,3.453e-19,,,1.931e-21,5.287e-17,1.724e-17,1.157e-28,,6.407e-22,3.433e-3,1.111e-16,5.890e-6,,5.643e-3,8.713e-9,2.421e-17,,,,,1.252e-18,,,,,,,,,,,,,,
679.95,1.149e-2,1.402e-9,3.290e-8,3.978e-42,1.021e-17,,,1.401e-18,7.619e-20,,2.864e-16,9.678e-4,2.709e-29,8.821e-18,5.688e-6,8.181e-13,1.442e-19,,,,2.767e-18,5.110e-37,7.639e-18,,6.836e-25,3.461e-19,,,1.933e-21,5.290e-17,2.897e-17,1.157e-28,,6.409e-22,4.170e-3,1.111e-16,7.962e-6,,6.343e-3,1.266e-8,2.420e-17,,,,,1.256e-18,,,,,,,,,,,,,,
679.97,1.271e-2,1.772e-9,3.243e-8,3.983e-42,1.021e-17,,,1.401e-18,7.622e-20,,2.861e-16,1.117e-3,2.709e-29,8.821e-18,6.640e-6,8.577e-13,1.442e-19,,,,2.767e-18,5.107e-37,7.670e-18,,6.835e-25,3.466e-19,,,1.934e-21,5.292e-17,4.087e-17,1.157e-28,,6.411e-22,4.738e-3,1.111e-16,9.713e-6,,6.844e-3,1.620e-8,2.419e-17,,,,,1.260e-18,,,,,,,,,,,,,,
680,1.477e-2,2.509e-9,3.171e-8,3.990e-42,1.022e-17,,,1.401e-18,7.627e-20,,2.857e-16,1.380e-3,2.710e-29,8.821e-18,8.349e-6,9.177e-13,1.443e-19,,,,2.768e-18,5.104e-37,7.715e-18,,6.834e-25,3.473e-19,,,1.935e-21,5.296e-17,6.827e-17,1.157e-28,,6.413e-22,5.720e-3,1.112e-16,1.305e-5,,7.645e-3,2.339e-8,2.417e-17,,,,,1.264e-18,,,,,,,,,,,,,,
680.02,1.630e-2,3.157e-9,3.124e-8,3.994e-42,1.022e-17,,,1.401e-18,7.631e-20,,2.854e-16,1.586e-3,2.711e-29,8.821e-18,9.706e-6,9.581e-13,1.443e-19,,,,2.768e-18,5.102e-37,7.746e-18,,6.833e-25,3.478e-19,,,1.936e-21,5.298e-17,9.592e-17,1.157e-28,,6.415e-22,6.473e-3,1.112e-16,1.585e-5,,8.215e-3,2.982e-8,2.416e-17,,,,,1.268e-18,,,,,,,,,,,,,,
680.05,1.887e-2,4.442e-9,3.052e-8,4.001e-42,1.023e-17,,,1.401e-18,7.635e-20,,2.850e-16,1.948e-3,2.712e-29,8.821e-18,1.213e-5,1.019e-12,1.443e-19,,,,2.768e-18,5.098e-37,7.791e-18,,6.832e-25,3.486e-19,,,1.937e-21,5.301e-17,1.593e-16,1.157e-28,,6.418e-22,7.767e-3,1.112e-16,2.117e-5,,9.120e-3,4.279e-8,2.414e-17,,,,,1.273e-18,,,,,,,,,,,,,,
680.07,2.078e-2,5.566e-9,3.003e-8,4.006e-42,1.023e-17,,,1.400e-18,7.639e-20,,2.847e-16,2.229e-3,2.712e-29,8.821e-18,1.404e-5,1.059e-12,1.444e-19,,,,2.769e-18,5.096e-37,7.821e-18,,6.832e-25,3.491e-19,,,1.938e-21,5.303e-17,2.228e-16,1.157e-28,,6.419e-22,8.752e-3,1.112e-16,2.561e-5,,9.759e-3,5.432e-8,2.413e-17,,,,,1.276e-18,,,,,,,,,,,,,,
680.1,2.398e-2,7.785e-9,2.929e-8,4.013e-42,1.023e-17,,,1.400e-18,7.644e-20,,2.842e-16,2.722e-3,2.713e-29,8.820e-18,1.744e-5,1.120e-12,1.444e-19,,,,2.769e-18,5.092e-37,7.867e-18,,6.830e-25,3.499e-19,,,1.940e-21,5.307e-17,3.677e-16,1.157e-28,,6.422e-22,1.044e-2,1.113e-16,3.398e-5,,1.077e-2,7.747e-8,2.412e-17,,,,,1.281e-18,,,,,,,,,,,,,,
680.12,2.635e-2,9.716e-9,2.878e-8,4.017e-42,1.024e-17,,,1.400e-18,7.647e-20,,2.839e-16,3.103e-3,2.714e-29,8.820e-18,2.011e-5,1.159e-12,1.444e-19,,,,2.770e-18,5.090e-37,7.897e-18,,6.830e-25,3.504e-19,,,1.941e-21,5.309e-17,5.124e-16,1.157e-28,,6.423e-22,1.171e-2,1.113e-16,4.095e-5,,1.147e-2,9.795e-8,2.411e-17,,,,,1.284e-18,,,,,,,,,,,,,,
680.14,2.893e-2,1.211e-8,2.827e-8,4.022e-42,1.024e-17,,,1.400e-18,7.650e-20,,2.837e-16,3.532e-3,2.714e-29,8.820e-18,2.314e-5,1.198e-12,1.444e-19,,,,2.770e-18,5.087e-37,7.927e-18,,6.829e-25,3.509e-19,,,1.941e-21,5.311e-17,7.129e-16,1.157e-28,,6.425e-22,1.312e-2,1.113e-16,4.927e-5,,1.221e-2,1.236e-7,2.410e-17,,,,,1.287e-18,,,,,,,,,,,,,,
680.17,3.324e-2,1.678e-8,2.747e-8,4.029e-42,1.025e-17,,,1.400e-18,7.655e-20,,2.832e-16,4.276e-3,2.715e-29,8.820e-18,2.850e-5,1.256e-12,1.445e-19,,,,2.771e-18,5.084e-37,7.973e-18,,6.828e-25,3.516e-19,,,1.943e-21,5.314e-17,1.166e-15,1.157e-28,,6.427e-22,1.551e-2,1.113e-16,6.481e-5,,1.335e-2,1.748e-7,2.408e-17,,,,,1.292e-18,,,,,,,,,,,,,,
680.19,3.642e-2,2.083e-8,2.692e-8,4.033e-42,1.025e-17,,,1.400e-18,7.658e-20,,2.829e-16,4.847e-3,2.716e-29,8.820e-18,3.267e-5,1.293e-12,1.445e-19,,,,2.771e-18,5.081e-37,8.003e-18,,6.827e-25,3.521e-19,,,1.944e-21,5.316e-17,1.616e-15,1.157e-28,,6.429e-22,1.731e-2,1.113e-16,7.765e-5,,1.415e-2,2.198e-7,2.407e-17,,,,,1.295e-18,,,,,,,,,,,,,,
680.22,4.170e-2,2.870e-8,2.608e-8,4.040e-42,1.025e-17,,,1.400e-18,7.663e-20,,2.825e-16,5.834e-3,2.717e-29,8.820e-18,3.997e-5,1.346e-12,1.446e-19,,,,2.772e-18,5.078e-37,8.049e-18,,6.826e-25,3.529e-19,,,1.945e-21,5.320e-17,2.628e-15,1.157e-28,,6.432e-22,2.034e-2,1.114e-16,1.015e-4,,1.538e-2,3.088e-7,2.405e-17,,,,,1.300e-18,,,,,,,,,,,,,,
680.24,4.559e-2,3.547e-8,2.550e-8,4.044e-42,1.026e-17,,,1.400e-18,7.666e-20,,2.822e-16,6.588e-3,2.717e-29,8.819e-18,4.564e-5,1.380e-12,1.446e-19,,,,2.772e-18,5.076e-37,8.079e-18,,6.825e-25,3.534e-19,,,1.946e-21,5.322e-17,3.626e-15,1.157e-28,,6.433e-22,2.260e-2,1.114e-16,1.211e-4,,1.623e-2,3.866e-7,2.404e-17,,,,,1.303e-18,,,,,,,,,,,,,,
680.27,5.202e-2,4.858e-8,2.462e-8,4.051e-42,1.026e-17,,,1.400e-18,7.671e-20,,2.818e-16,7.882e-3,2.718e-29,8.819e-18,5.550e-5,1.429e-12,1.446e-19,,,,2.773e-18,5.072e-37,8.124e-18,,6.824e-25,3.542e-19,,,1.947e-21,5.325e-17,5.860e-15,1.157e-28,,6.436e-22,2.639e-2,1.114e-16,1.574e-4,,1.753e-2,5.400e-7,2.403e-17,,,,,1.308e-18,,,,,,,,,,,,,,
680.29,5.675e-2,5.978e-8,2.401e-8,4.056e-42,1.027e-17,,,1.400e-18,7.674e-20,,2.815e-16,8.866e-3,2.719e-29,8.819e-18,6.310e-5,1.459e-12,1.446e-19,,,,2.773e-18,5.070e-37,8.155e-18,,6.823e-25,3.547e-19,,,1.948e-21,5.327e-17,8.053e-15,1.157e-28,,6.437e-22,2.921e-2,1.114e-16,1.871e-4,,1.842e-2,6.733e-7,2.401e-17,,,,,1.311e-18,,,,,,,,,,,,,,
680.32,6.454e-2,8.138e-8,2.308e-8,4.063e-42,1.027e-17,,,1.400e-18,7.679e-20,,2.811e-16,1.055e-2,2.719e-29,8.819e-18,7.627e-5,1.500e-12,1.447e-19,,,,2.773e-18,5.066e-37,8.200e-18,,6.822e-25,3.554e-19,,,1.950e-21,5.331e-17,1.294e-14,1.157e-28,,6.440e-22,3.390e-2,1.115e-16,2.416e-4,,1.978e-2,9.345e-7,2.400e-17,,,,,1.316e-18,,,,,,,,,,,,,,
680.34,7.025e-2,9.974e-8,2.245e-8,4.067e-42,1.027e-17,,,1.400e-18,7.683e-20,,2.808e-16,1.181e-2,2.720e-29,8.819e-18,8.636e-5,1.526e-12,1.447e-19,,,,2.774e-18,5.064e-37,8.230e-18,,6.822e-25,3.559e-19,,,1.951e-21,5.333e-17,1.770e-14,1.157e-28,,6.441e-22,3.736e-2,1.115e-16,2.859e-4,,2.070e-2,1.160e-6,2.399e-17,,,,,1.319e-18,,,,,,,,,,,,,,
680.37,7.962e-2,1.349e-7,2.148e-8,4.074e-42,1.028e-17,,,1.400e-18,7.687e-20,,2.803e-16,1.397e-2,2.721e-29,8.819e-18,1.037e-4,1.560e-12,1.448e-19,,,,2.774e-18,5.060e-37,8.276e-18,,6.821e-25,3.567e-19,,,1.952e-21,5.336e-17,2.826e-14,1.157e-28,,6.444e-22,4.309e-2,1.115e-16,3.669e-4,,2.209e-2,1.601e-6,2.397e-17,,,,,1.324e-18,,,,,,,,,,,,,,
680.39,8.646e-2,1.647e-7,2.083e-8,4.079e-42,1.028e-17,,,1.400e-18,7.691e-20,,2.801e-16,1.559e-2,2.721e-29,8.819e-18,1.170e-4,1.580e-12,1.448e-19,,,,2.775e-18,5.058e-37,8.306e-18,,6.820e-25,3.572e-19,,,1.953e-21,5.338e-17,3.853e-14,1.158e-28,,6.446e-22,4.729e-2,1.115e-16,4.325e-4,,2.302e-2,1.980e-6,2.396e-17,,,,,1.327e-18,,,,,,,,,,,,,,
680.42,9.765e-2,2.215e-7,1.984e-8,4.085e-42,1.029e-17,,,1.400e-18,7.696e-20,,2.796e-16,1.833e-2,2.722e-29,8.818e-18,1.397e-4,1.605e-12,1.448e-19,,,,2.775e-18,5.054e-37,8.352e-18,,6.819e-25,3.579e-19,,,1.954e-21,5.342e-17,6.113e-14,1.158e-28,,6.448e-22,5.421e-2,1.115e-16,5.516e-4,,2.442e-2,2.714e-6,2.394e-17,,,,,1.332e-18,,,,,,,,,,,,,,
680.44,1.058e-1,2.692e-7,1.918e-8,4.090e-42,1.029e-17,,,1.400e-18,7.699e-20,,2.793e-16,2.038e-2,2.723e-29,8.818e-18,1.568e-4,1.619e-12,1.448e-19,,,,2.776e-18,5.052e-37,8.382e-18,,6.818e-25,3.585e-19,,,1.955e-21,5.344e-17,8.298e-14,1.158e-28,,6.450e-22,5.925e-2,1.116e-16,6.475e-4,,2.534e-2,3.343e-6,2.393e-17,,,,,1.335e-18,,,,,,,,,,,,,,
680.47,1.190e-1,3.597e-7,1.818e-8,4.097e-42,1.029e-17,,,1.400e-18,7.704e-20,,2.789e-16,2.382e-2,2.724e-29,8.818e-18,1.861e-4,1.634e-12,1.449e-19,,,,2.776e-18,5.048e-37,8.427e-18,,6.817e-25,3.592e-19,,,1.957e-21,5.347e-17,1.309e-13,1.158e-28,,6.452e-22,6.750e-2,1.116e-16,8.209e-4,,2.671e-2,4.555e-6,2.392e-17,,,,,1.340e-18,,,,,,,,,,,,,,
680.49,1.286e-1,4.355e-7,1.751e-8,4.101e-42,1.030e-17,,,1.400e-18,7.707e-20,,2.786e-16,2.638e-2,2.724e-29,8.818e-18,2.081e-4,1.642e-12,1.449e-19,,,,2.777e-18,5.046e-37,8.458e-18,,6.816e-25,3.597e-19,,,1.958e-21,5.349e-17,1.769e-13,1.158e-28,,6.454e-22,7.348e-2,1.116e-16,9.596e-4,,2.761e-2,5.588e-6,2.391e-17,,,,,1.343e-18,,,,,,,,,,,,,,
680.51,1.389e-1,5.265e-7,1.684e-8,4.106e-42,1.030e-17,,,1.399e-18,7.710e-20,,2.783e-16,2.918e-2,2.725e-29,8.818e-18,2.324e-4,1.646e-12,1.449e-19,,,,2.777e-18,5.044e-37,8.488e-18,,6.815e-25,3.602e-19,,,1.958e-21,5.352e-17,2.388e-13,1.158e-28,,6.455e-22,7.985e-2,1.116e-16,1.120e-3,,2.849e-2,6.843e-6,2.390e-17,,,,,1.346e-18,,,,,,,,,,,,,,
680.54,1.555e-1,6.974e-7,1.585e-8,4.113e-42,1.031e-17,,,1.399e-18,7.715e-20,,2.779e-16,3.384e-2,2.726e-29,8.818e-18,2.734e-4,1.648e-12,1.450e-19,,,,2.777e-18,5.040e-37,8.534e-18,,6.814e-25,3.610e-19,,,1.960e-21,5.355e-17,3.734e-13,1.158e-28,,6.458e-22,9.019e-2,1.117e-16,1.408e-3,,2.976e-2,9.244e-6,2.388e-17,,,,,1.351e-18,,,,,,,,,,,,,,
680.56,1.674e-1,8.396e-7,1.519e-8,4.117e-42,1.031e-17,,,1.399e-18,7.718e-20,,2.776e-16,3.728e-2,2.726e-29,8.817e-18,3.040e-4,1.646e-12,1.450e-19,,,,2.778e-18,5.038e-37,8.564e-18,,6.813e-25,3.615e-19,,,1.961e-21,5.357e-17,5.019e-13,1.158e-28,,6.460e-22,9.761e-2,1.117e-16,1.636e-3,,3.059e-2,1.127e-5,2.387e-17,,,,,1.354e-18,,,,,,,,,,,,,,
680.59,1.867e-1,1.105e-6,1.421e-8,4.124e-42,1.031e-17,,,1.399e-18,7.723e-20,,2.772e-16,4.299e-2,2.727e-29,8.817e-18,3.554e-4,1.638e-12,1.450e-19,,,,2.778e-18,5.034e-37,8.609e-18,,6.812e-25,3.622e-19,,,1.962e-21,5.360e-17,7.800e-13,1.158e-28,,6.462e-22,1.096e-1,1.117e-16,2.043e-3,,3.176e-2,1.514e-5,2.385e-17,,,,,1.359e-18,,,,,,,,,,,,,,
680.61,2.006e-1,1.325e-6,1.357e-8,4.129e-42,1.032e-17,,,1.399e-18,7.727e-20,,2.769e-16,4.719e-2,2.728e-29,8.817e-18,3.936e-4,1.629e-12,1.451e-19,,,,2.779e-18,5.032e-37,8.640e-18,,6.812e-25,3.628e-19,,,1.963e-21,5.363e-17,1.044e-12,1.158e-28,,6.464e-22,1.181e-1,1.117e-16,2.365e-3,,3.251e-2,1.838e-5,2.384e-17,,,,,1.362e-18,,,,,,,,,,,,,,
680.64,2.228e-1,1.734e-6,1.263e-8,4.136e-42,1.032e-17,,,1.399e-18,7.731e-20,,2.765e-16,5.411e-2,2.729e-29,8.817e-18,4.573e-4,1.611e-12,1.451e-19,,,,2.779e-18,5.028e-37,8.685e-18,,6.811e-25,3.635e-19,,,1.964e-21,5.366e-17,1.613e-12,1.158e-28,,6.466e-22,1.317e-1,1.117e-16,2.936e-3,,3.355e-2,2.453e-5,2.383e-17,,,,,1.367e-18,,,,,,,,,,,,,,
680.66,2.387e-1,2.071e-6,1.202e-8,4.140e-42,1.033e-17,,,1.399e-18,7.735e-20,,2.762e-16,5.918e-2,2.729e-29,8.817e-18,5.044e-4,1.596e-12,1.451e-19,,,,2.780e-18,5.026e-37,8.715e-18,,6.810e-25,3.640e-19,,,1.965e-21,5.368e-17,2.150e-12,1.158e-28,,6.468e-22,1.414e-1,1.118e-16,3.385e-3,,3.419e-2,2.968e-5,2.382e-17,,,,,1.371e-18,,,,,,,,,,,,,,
680.69,2.641e-1,2.693e-6,1.112e-8,4.147e-42,1.033e-17,,,1.399e-18,7.740e-20,,2.757e-16,6.750e-2,2.730e-29,8.817e-18,5.824e-4,1.568e-12,1.452e-19,,,,2.780e-18,5.022e-37,8.761e-18,,6.809e-25,3.648e-19,,,1.967e-21,5.371e-17,3.301e-12,1.158e-28,,6.470e-22,1.568e-1,1.118e-16,4.177e-3,,3.507e-2,3.936e-5,2.380e-17,,,,,1.375e-18,,,,,,,,,,,,,,
680.71,2.822e-1,3.202e-6,1.054e-8,4.151e-42,1.033e-17,,,1.399e-18,7.743e-20,,2.755e-16,7.355e-2,2.731e-29,8.816e-18,6.398e-4,1.547e-12,1.452e-19,,,,2.781e-18,5.020e-37,8.791e-18,,6.808e-25,3.653e-19,,,1.968e-21,5.374e-17,4.383e-12,1.158e-28,,6.472e-22,1.676e-1,1.118e-16,4.795e-3,,3.559e-2,4.741e-5,2.379e-17,,,,,1.379e-18,,,,,,,,,,,,,,
680.74,3.111e-1,4.139e-6,9.699e-9,4.158e-42,1.034e-17,,,1.399e-18,7.748e-20,,2.750e-16,8.344e-2,2.732e-29,8.816e-18,7.342e-4,1.511e-12,1.452e-19,,,,2.781e-18,5.017e-37,8.837e-18,,6.807e-25,3.660e-19,,,1.969e-21,5.377e-17,6.687e-12,1.158e-28,,6.474e-22,1.847e-1,1.118e-16,5.880e-3,,3.628e-2,6.250e-5,2.377e-17,,,,,1.383e-18,,,,,,,,,,,,,,
680.76,3.315e-1,4.901e-6,9.157e-9,4.163e-42,1.034e-17,,,1.399e-18,7.751e-20,,2.747e-16,9.060e-2,2.732e-29,8.816e-18,8.032e-4,1.485e-12,1.453e-19,,,,2.782e-18,5.014e-37,8.867e-18,,6.806e-25,3.665e-19,,,1.970e-21,5.379e-17,8.843e-12,1.158e-28,,6.476e-22,1.966e-1,1.119e-16,6.722e-3,,3.668e-2,7.498e-5,2.376e-17,,,,,1.387e-18,,,,,,,,,,,,,,
680.79,3.639e-1,6.296e-6,8.376e-9,4.170e-42,1.035e-17,,,1.399e-18,7.756e-20,,2.743e-16,1.022e-1,2.733e-29,8.816e-18,9.162e-4,1.442e-12,1.453e-19,,,,2.782e-18,5.011e-37,8.912e-18,,6.805e-25,3.673e-19,,,1.971e-21,5.382e-17,1.341e-11,1.158e-28,,6.479e-22,2.153e-1,1.119e-16,8.193e-3,,3.716e-2,9.822e-5,2.375e-17,,,,,1.391e-18,,,,,,,,,,,,,,
680.81,3.867e-1,7.425e-6,7.877e-9,4.174e-42,1.035e-17,,,1.399e-18,7.759e-20,,2.740e-16,1.106e-1,2.734e-29,8.816e-18,9.981e-4,1.411e-12,1.453e-19,,,,2.782e-18,5.008e-37,8.943e-18,,6.804e-25,3.678e-19,,,1.972e-21,5.385e-17,1.766e-11,1.158e-28,,6.480e-22,2.283e-1,1.119e-16,9.328e-3,,3.740e-2,1.174e-4,2.373e-17,,,,,1.395e-18,,,,,,,,,,,,,,
680.84,4.229e-1,9.480e-6,7.162e-9,4.181e-42,1.036e-17,,,1.399e-18,7.764e-20,,2.736e-16,1.242e-1,2.735e-29,8.816e-18,1.132e-3,1.362e-12,1.454e-19,,,,2.783e-18,5.005e-37,8.988e-18,,6.803e-25,3.686e-19,,,1.974e-21,5.388e-17,2.661e-11,1.158e-28,,6.483e-22,2.484e-1,1.119e-16,1.130e-2,,3.766e-2,1.528e-4,2.372e-17,,,,,1.399e-18,,,,,,,,,,,,,,
680.86,4.482e-1,1.113e-5,6.709e-9,4.186e-42,1.036e-17,,,1.399e-18,7.767e-20,,2.733e-16,1.339e-1,2.735e-29,8.816e-18,1.228e-3,1.327e-12,1.454e-19,,,,2.783e-18,5.002e-37,9.018e-18,,6.802e-25,3.691e-19,,,1.975e-21,5.390e-17,3.491e-11,1.158e-28,,6.484e-22,2.623e-1,1.119e-16,1.281e-2,,3.775e-2,1.818e-4,2.371e-17,,,,,1.403e-18,,,,,,,,,,,,,,
680.89,4.881e-1,1.413e-5,6.064e-9,4.192e-42,1.036e-17,,,1.399e-18,7.772e-20,,2.729e-16,1.496e-1,2.736e-29,8.815e-18,1.383e-3,1.273e-12,1.454e-19,,,,2.784e-18,4.999e-37,9.064e-18,,6.801e-25,3.698e-19,,,1.976e-21,5.393e-17,5.229e-11,1.158e-28,,6.487e-22,2.837e-1,1.120e-16,1.542e-2,,3.777e-2,2.353e-4,2.369e-17,,,,,1.407e-18,,,,,,,,,,,,,,
680.91,5.160e-1,1.653e-5,5.658e-9,4.197e-42,1.037e-17,,,1.399e-18,7.775e-20,,2.726e-16,1.608e-1,2.737e-29,8.815e-18,1.495e-3,1.235e-12,1.455e-19,,,,2.784e-18,4.997e-37,9.094e-18,,6.801e-25,3.703e-19,,,1.977e-21,5.396e-17,6.831e-11,1.159e-28,,6.488e-22,2.983e-1,1.120e-16,1.742e-2,,3.771e-2,2.788e-4,2.368e-17,,,,,1.411e-18,,,,,,,,,,,,,,
680.93,5.449e-1,1.930e-5,5.270e-9,4.202e-42,1.037e-17,,,1.398e-18,7.779e-20,,2.723e-16,1.726e-1,2.737e-29,8.815e-18,1.613e-3,1.197e-12,1.455e-19,,,,2.785e-18,4.994e-37,9.124e-18,,6.800e-25,3.708e-19,,,1.978e-21,5.398e-17,8.910e-11,1.159e-28,,6.490e-22,3.132e-1,1.120e-16,1.964e-2,,3.759e-2,3.299e-4,2.367e-17,,,,,1.414e-18,,,,,,,,,,,,,,
680.96,5.902e-1,2.428e-5,4.724e-9,4.208e-42,1.037e-17,,,1.398e-18,7.783e-20,,2.719e-16,1.914e-1,2.738e-29,8.815e-18,1.801e-3,1.139e-12,1.455e-19,,,,2.785e-18,4.991e-37,9.170e-18,,6.799e-25,3.716e-19,,,1.979e-21,5.401e-17,1.323e-10,1.159e-28,,6.493e-22,3.358e-1,1.120e-16,2.344e-2,,3.729e-2,4.232e-4,2.365e-17,,,,,1.419e-18,,,,,,,,,,,,,,
680.98,6.217e-1,2.824e-5,4.383e-9,4.213e-42,1.038e-17,,,1.398e-18,7.787e-20,,2.716e-16,2.048e-1,2.739e-29,8.815e-18,1.936e-3,1.099e-12,1.456e-19,,,,2.786e-18,4.988e-37,9.200e-18,,6.798e-25,3.721e-19,,,1.980e-21,5.403e-17,1.719e-10,1.159e-28,,6.494e-22,3.511e-1,1.120e-16,2.632e-2,,3.701e-2,4.986e-4,2.364e-17,,,,,1.422e-18,,,,,,,,,,,,,,
681.01,6.708e-1,3.530e-5,3.905e-9,4.220e-42,1.038e-17,,,1.398e-18,7.792e-20,,2.711e-16,2.261e-1,2.740e-29,8.815e-18,2.149e-3,1.039e-12,1.456e-19,,,,2.786e-18,4.985e-37,9.246e-18,,6.797e-25,3.729e-19,,,1.982e-21,5.407e-17,2.537e-10,1.159e-28,,6.497e-22,3.742e-1,1.121e-16,3.122e-2,,3.649e-2,6.358e-4,2.363e-17,,,,,1.427e-18,,,,,,,,,,,,,,
681.03,7.048e-1,4.089e-5,3.608e-9,4.224e-42,1.039e-17,,,1.398e-18,7.795e-20,,2.708e-16,2.412e-1,2.740e-29,8.814e-18,2.300e-3,9.986e-13,1.456e-19,,,,2.787e-18,4.982e-37,9.276e-18,,6.796e-25,3.734e-19,,,1.982e-21,5.409e-17,3.281e-10,1.159e-28,,6.498e-22,3.896e-1,1.121e-16,3.491e-2,,3.607e-2,7.461e-4,2.362e-17,,,,,1.430e-18,,,,,,,,,,,,,,
681.06,7.577e-1,5.081e-5,3.195e-9,4.231e-42,1.039e-17,,,1.398e-18,7.800e-20,,2.704e-16,2.650e-1,2.741e-29,8.814e-18,2.538e-3,9.384e-13,1.457e-19,,,,2.787e-18,4.979e-37,9.321e-18,,6.795e-25,3.741e-19,,,1.984e-21,5.412e-17,4.813e-10,1.159e-28,,6.501e-22,4.126e-1,1.121e-16,4.115e-2,,3.534e-2,9.455e-4,2.360e-17,,,,,1.435e-18,,,,,,,,,,,,,,
681.08,7.941e-1,5.861e-5,2.940e-9,4.236e-42,1.039e-17,,,1.398e-18,7.803e-20,,2.701e-16,2.818e-1,2.742e-29,8.814e-18,2.705e-3,8.985e-13,1.457e-19,,,,2.787e-18,4.976e-37,9.352e-18,,6.794e-25,3.746e-19,,,1.985e-21,5.414e-17,6.201e-10,1.159e-28,,6.502e-22,4.278e-1,1.121e-16,4.582e-2,,3.479e-2,1.105e-3,2.359e-17,,,,,1.438e-18,,,,,,,,,,,,,,
681.11,8.506e-1,7.239e-5,2.588e-9,4.243e-42,1.040e-17,,,1.398e-18,7.808e-20,,2.697e-16,3.083e-1,2.743e-29,8.814e-18,2.967e-3,8.392e-13,1.457e-19,,,,2.788e-18,4.973e-37,9.397e-18,,6.793e-25,3.754e-19,,,1.986e-21,5.418e-17,9.041e-10,1.159e-28,,6.505e-22,4.504e-1,1.122e-16,5.369e-2,,3.388e-2,1.392e-3,2.357e-17,,,,,1.443e-18,,,,,,,,,,,,,,
681.13,8.895e-1,8.316e-5,2.372e-9,4.247e-42,1.040e-17,,,1.398e-18,7.811e-20,,2.694e-16,3.268e-1,2.743e-29,8.814e-18,3.149e-3,8.003e-13,1.458e-19,,,,2.788e-18,4.971e-37,9.428e-18,,6.792e-25,3.759e-19,,,1.987e-21,5.420e-17,1.160e-9,1.159e-28,,6.507e-22,4.651e-1,1.122e-16,5.954e-2,,3.321e-2,1.620e-3,2.356e-17,,,,,1.446e-18,,,,,,,,,,,,,,
681.16,9.495e-1,1.021e-4,2.075e-9,4.254e-42,1.041e-17,,,1.398e-18,7.816e-20,,2.690e-16,3.560e-1,2.744e-29,8.814e-18,3.434e-3,7.431e-13,1.458e-19,,,,2.789e-18,4.967e-37,9.473e-18,,6.791e-25,3.767e-19,,,1.988e-21,5.423e-17,1.681e-9,1.159e-28,,6.509e-22,4.865e-1,1.122e-16,6.933e-2,,3.214e-2,2.027e-3,2.355e-17,,,,,1.451e-18,,,,,,,,,,,,,,
681.18,9.907e-1,1.168e-4,1.894e-9,4.258e-42,1.041e-17,,,1.398e-18,7.819e-20,,2.687e-16,3.763e-1,2.745e-29,8.813e-18,3.630e-3,7.058e-13,1.458e-19,,,,2.789e-18,4.965e-37,9.503e-18,,6.791e-25,3.772e-19,,,1.989e-21,5.425e-17,2.148e-9,1.159e-28,,6.511e-22,5.003e-1,1.122e-16,7.658e-2,,3.138e-2,2.350e-3,2.354e-17,,,,,1.454e-18,,,,,,,,,,,,,,
681.21,1.054e+0,1.425e-4,1.647e-9,4.265e-42,1.042e-17,,,1.398e-18,7.824e-20,,2.683e-16,4.081e-1,2.745e-29,8.813e-18,3.934e-3,6.515e-13,1.459e-19,,,,2.790e-18,4.961e-37,9.549e-18,,6.790e-25,3.779e-19,,,1.991e-21,5.429e-17,3.094e-9,1.159e-28,,6.513e-22,5.202e-1,1.123e-16,8.862e-2,,3.018e-2,2.923e-3,2.352e-17,,,,,1.459e-18,,,,,,,,,,,,,,
681.23,1.098e+0,1.623e-4,1.497e-9,4.270e-42,1.042e-17,,,1.398e-18,7.827e-20,,2.680e-16,4.302e-1,2.746e-29,8.813e-18,4.143e-3,6.165e-13,1.459e-19,,,,2.790e-18,4.959e-37,9.579e-18,,6.789e-25,3.784e-19,,,1.992e-21,5.431e-17,3.937e-9,1.159e-28,,6.515e-22,5.328e-1,1.123e-16,9.749e-2,,2.934e-2,3.375e-3,2.351e-17,,,,,1.462e-18,,,,,,,,,,,,,,
681.26,1.164e+0,1.968e-4,1.293e-9,4.277e-42,1.042e-17,,,1.398e-18,7.832e-20,,2.675e-16,4.647e-1,2.747e-29,8.813e-18,4.464e-3,5.657e-13,1.459e-19,,,,2.791e-18,4.955e-37,9.625e-18,,6.788e-25,3.792e-19,,,1.993e-21,5.434e-17,5.635e-9,1.159e-28,,6.517e-22,5.505e-1,1.123e-16,1.121e-1,,2.805e-2,4.172e-3,2.349e-17,,,,,1.467e-18,,,,,,,,,,,,,,
681.28,1.210e+0,2.233e-4,1.171e-9,4.281e-42,1.043e-17,,,1.398e-18,7.835e-20,,2.673e-16,4.886e-1,2.747e-29,8.813e-18,4.682e-3,5.332e-13,1.460e-19,,,,2.791e-18,4.953e-37,9.655e-18,,6.787e-25,3.797e-19,,,1.994e-21,5.436e-17,7.143e-9,1.159e-28,,6.519e-22,5.615e-1,1.123e-16,1.228e-1,,2.716e-2,4.797e-3,2.348e-17,,,,,1.470e-18,,,,,,,,,,,,,,
681.3,1.256e+0,2.530e-4,1.058e-9,4.286e-42,1.043e-17,,,1.398e-18,7.839e-20,,2.670e-16,5.131e-1,2.748e-29,8.813e-18,4.903e-3,5.018e-13,1.460e-19,,,,2.791e-18,4.951e-37,9.685e-18,,6.786e-25,3.802e-19,,,1.995e-21,5.439e-17,9.039e-9,1.159e-28,,6.521e-22,5.718e-1,1.123e-16,1.343e-1,,2.626e-2,5.505e-3,2.347e-17,,,,,1.473e-18,,,,,,,,,,,,,,
681.33,1.327e+0,3.041e-4,9.067e-10,4.293e-42,1.044e-17,,,1.398e-18,7.844e-20,,2.665e-16,5.512e-1,2.749e-29,8.813e-18,5.239e-3,4.569e-13,1.460e-19,,,,2.792e-18,4.947e-37,9.731e-18,,6.785e-25,3.810e-19,,,1.996e-21,5.442e-17,1.283e-8,1.159e-28,,6.523e-22,5.857e-1,1.124e-16,1.532e-1,,2.488e-2,6.749e-3,2.345e-17,,,,,1.478e-18,,,,,,,,,,,,,,
681.35,1.376e+0,3.431e-4,8.162e-10,4.297e-42,1.044e-17,,,1.398e-18,7.847e-20,,2.662e-16,5.774e-1,2.750e-29,8.812e-18,5.465e-3,4.285e-13,1.461e-19,,,,2.792e-18,4.945e-37,9.761e-18,,6.784e-25,3.815e-19,,,1.997e-21,5.444e-17,1.617e-8,1.159e-28,,6.525e-22,5.940e-1,1.124e-16,1.668e-1,,2.395e-2,7.714e-3,2.344e-17,,,,,1.481e-18,,,,,,,,,,,,,,
681.38,1.450e+0,4.098e-4,6.949e-10,4.304e-42,1.044e-17,,,1.397e-18,7.852e-20,,2.658e-16,6.179e-1,2.750e-29,8.812e-18,5.806e-3,3.880e-13,1.461e-19,,,,2.793e-18,4.941e-37,9.806e-18,,6.783e-25,3.822e-19,,,1.999e-21,5.447e-17,2.280e-8,1.159e-28,,6.527e-22,6.047e-1,1.124e-16,1.891e-1,,2.256e-2,9.398e-3,2.343e-17,,,,,1.486e-18,,,,,,,,,,,,,,
681.4,1.500e+0,4.605e-4,6.230e-10,4.309e-42,1.045e-17,,,1.397e-18,7.855e-20,,2.655e-16,6.457e-1,2.751e-29,8.812e-18,6.034e-3,3.626e-13,1.461e-19,,,,2.793e-18,4.939e-37,9.837e-18,,6.783e-25,3.827e-19,,,2.000e-21,5.450e-17,2.862e-8,1.159e-28,,6.529e-22,6.107e-1,1.124e-16,2.051e-1,,2.163e-2,1.070e-2,2.342e-17,,,,,1.489e-18,,,,,,,,,,,,,,
681.43,1.577e+0,5.467e-4,5.271e-10,4.315e-42,1.045e-17,,,1.397e-18,7.860e-20,,2.651e-16,6.884e-1,2.752e-29,8.812e-18,6.374e-3,3.268e-13,1.462e-19,,,,2.794e-18,4.935e-37,9.882e-18,,6.781e-25,3.835e-19,,,2.001e-21,5.453e-17,4.012e-8,1.160e-28,,6.531e-22,6.179e-1,1.125e-16,2.310e-1,,2.024e-2,1.295e-2,2.340e-17,,,,,1.494e-18,,,,,,,,,,,,,,
681.45,1.630e+0,6.118e-4,4.706e-10,4.320e-42,1.045e-17,,,1.397e-18,7.863e-20,,2.648e-16,7.175e-1,2.752e-29,8.812e-18,6.599e-3,3.044e-13,1.462e-19,,,,2.794e-18,4.933e-37,9.912e-18,,6.781e-25,3.840e-19,,,2.002e-21,5.455e-17,5.014e-8,1.160e-28,,6.533e-22,6.215e-1,1.125e-16,2.496e-1,,1.933e-2,1.469e-2,2.339e-17,,,,,1.497e-18,,,,,,,,,,,,,,
681.48,1.710e+0,7.220e-4,3.958e-10,4.327e-42,1.046e-17,,,1.397e-18,7.868e-20,,2.644e-16,7.623e-1,2.753e-29,8.812e-18,6.932e-3,2.732e-13,1.462e-19,,,,2.795e-18,4.929e-37,9.958e-18,,6.780e-25,3.847e-19,,,2.003e-21,5.458e-17,6.986e-8,1.160e-28,,6.535e-22,6.250e-1,1.125e-16,2.793e-1,,1.798e-2,1.767e-2,2.337e-17,,,,,1.502e-18,,,,,,,,,,,,,,
681.5,1.764e+0,8.046e-4,3.519e-10,4.331e-42,1.046e-17,,,1.397e-18,7.871e-20,,2.641e-16,7.927e-1,2.754e-29,8.811e-18,7.151e-3,2.539e-13,1.463e-19,,,,2.795e-18,4.927e-37,9.988e-18,,6.779e-25,3.853e-19,,,2.004e-21,5.461e-17,8.697e-8,1.160e-28,,6.537e-22,6.260e-1,1.125e-16,3.005e-1,,1.709e-2,1.996e-2,2.336e-17,,,,,1.505e-18,,,,,,,,,,,,,,
681.53,1.847e+0,9.436e-4,2.941e-10,4.338e-42,1.047e-17,,,1.397e-18,7.876e-20,,2.637e-16,8.391e-1,2.755e-29,8.811e-18,7.471e-3,2.271e-13,1.463e-19,,,,2.796e-18,4.923e-37,1.003e-17,,6.778e-25,3.860e-19,,,2.006e-21,5.464e-17,1.204e-7,1.160e-28,,6.540e-22,6.256e-1,1.125e-16,3.343e-1,,1.580e-2,2.387e-2,2.335e-17,,,,,1.510e-18,,,,,,,,,,,,,,
681.55,1.903e+0,1.047e-3,2.604e-10,4.343e-42,1.047e-17,,,1.397e-18,7.879e-20,,2.634e-16,8.705e-1,2.755e-29,8.811e-18,7.680e-3,2.107e-13,1.463e-19,,,,2.796e-18,4.921e-37,1.006e-17,,6.777e-25,3.865e-19,,,2.006e-21,5.466e-17,1.493e-7,1.160e-28,,6.541e-22,6.240e-1,1.126e-16,3.582e-1,,1.496e-2,2.684e-2,2.334e-17,,,,,1.514e-18,,,,,,,,,,,,,,
681.58,1.989e+0,1.221e-3,2.163e-10,4.350e-42,1.048e-17,,,1.397e-18,7.884e-20,,2.629e-16,9.182e-1,2.756e-29,8.811e-18,7.982e-3,1.882e-13,1.464e-19,,,,2.797e-18,4.917e-37,1.011e-17,,6.776e-25,3.873e-19,,,2.008e-21,5.469e-17,2.055e-7,1.160e-28,,6.544e-22,6.198e-1,1.126e-16,3.961e-1,,1.375e-2,3.190e-2,2.332e-17,,,,,1.518e-18,,,,,,,,,,,,,,
681.6,2.047e+0,1.349e-3,1.907e-10,4.354e-42,1.048e-17,,,1.397e-18,7.888e-20,,2.626e-16,9.504e-1,2.757e-29,8.811e-18,8.177e-3,1.747e-13,1.464e-19,,,,2.797e-18,4.915e-37,1.014e-17,,6.775e-25,3.878e-19,,,2.009e-21,5.472e-17,2.537e-7,1.160e-28,,6.545e-22,6.158e-1,1.126e-16,4.227e-1,,1.297e-2,3.572e-2,2.331e-17,,,,,1.522e-18,,,,,,,,,,,,,,
681.63,2.135e+0,1.563e-3,1.574e-10,4.361e-42,1.048e-17,,,1.397e-18,7.892e-20,,2.622e-16,9.990e-1,2.758e-29,8.811e-18,8.457e-3,1.563e-13,1.464e-19,,,,2.798e-18,4.912e-37,1.019e-17,,6.774e-25,3.885e-19,,,2.010e-21,5.475e-17,3.471e-7,1.160e-28,,6.548e-22,6.078e-1,1.126e-16,4.644e-1,,1.184e-2,4.221e-2,2.329e-17,,,,,1.526e-18,,,,,,,,,,,,,,
681.65,2.195e+0,1.721e-3,1.383e-10,4.365e-42,1.049e-17,,,1.397e-18,7.896e-20,,2.619e-16,1.032e+0,2.758e-29,8.810e-18,8.635e-3,1.453e-13,1.465e-19,,,,2.798e-18,4.909e-37,1.022e-17,,6.773e-25,3.890e-19,,,2.011e-21,5.477e-17,4.268e-7,1.160e-28,,6.549e-22,6.013e-1,1.126e-16,4.936e-1,,1.112e-2,4.707e-2,2.328e-17,,,,,1.530e-18,,,,,,,,,,,,,,
681.67,2.255e+0,1.891e-3,1.212e-10,4.370e-42,1.049e-17,,,1.397e-18,7.899e-20,,2.616e-16,1.064e+0,2.759e-29,8.810e-18,8.806e-3,1.354e-13,1.465e-19,,,,2.798e-18,4.907e-37,1.025e-17,,6.773e-25,3.895e-19,,,2.012e-21,5.479e-17,5.240e-7,1.160e-28,,6.551e-22,5.940e-1,1.127e-16,5.236e-1,,1.042e-2,5.241e-2,2.327e-17,,,,,1.533e-18,,,,,,,,,,,,,,
681.7,2.347e+0,2.172e-3,9.920e-11,4.377e-42,1.050e-17,,,1.397e-18,7.904e-20,,2.612e-16,1.113e+0,2.760e-29,8.810e-18,9.049e-3,1.224e-13,1.465e-19,,,,2.799e-18,4.903e-37,1.764e-17,,6.771e-25,3.903e-19,,,2.013e-21,5.483e-17,7.107e-7,1.160e-28,,6.554e-22,5.813e-1,1.127e-16,5.705e-1,,9.436e-3,6.139e-2,2.326e-17,,,,,1.538e-18,,,,,,,,,,,,,,
681.72,2.409e+0,2.377e-3,8.661e-11,4.381e-42,1.050e-17,,,1.397e-18,7.907e-20,,2.609e-16,1.146e+0,2.760e-29,8.810e-18,9.201e-3,1.149e-13,1.466e-19,,,,2.799e-18,4.901e-37,2.528e-17,,6.771e-25,3.908e-19,,,2.014e-21,5.485e-17,8.690e-7,1.160e-28,,6.555e-22,5.718e-1,1.127e-16,6.028e-1,,8.812e-3,6.807e-2,2.324e-17,,,,,1.541e-18,,,,,,,,,,,,,,
681.75,2.503e+0,2.713e-3,7.044e-11,4.388e-42,1.050e-17,,,1.397e-18,7.912e-20,,2.605e-16,1.195e+0,2.761e-29,8.810e-18,9.415e-3,1.055e-13,1.466e-19,,,,2.800e-18,4.897e-37,4.325e-17,,6.770e-25,3.916e-19,,,2.016e-21,5.488e-17,1.171e-6,1.160e-28,,6.558e-22,5.561e-1,1.127e-16,6.526e-1,,7.927e-3,7.924e-2,2.323e-17,,,,,1.546e-18,,,,,,,,,,,,,,
681.77,2.565e+0,2.957e-3,6.125e-11,4.393e-42,1.051e-17,,,1.397e-18,7.915e-20,,2.602e-16,1.227e+0,2.762e-29,8.810e-18,9.547e-3,1.003e-13,1.466e-19,,,,2.800e-18,4.895e-37,6.173e-17,,6.769e-25,3.921e-19,,,2.017e-21,5.490e-17,1.426e-6,1.160e-28,,6.559e-22,5.447e-1,1.128e-16,6.867e-1,,7.371e-3,8.751e-2,2.322e-17,,,,,1.549e-18,,,,,,,,,,,,,,
681.8,2.661e+0,3.355e-3,4.951e-11,4.400e-42,1.051e-17,,,1.396e-18,7.920e-20,,2.598e-16,1.274e+0,2.763e-29,8.810e-18,9.732e-3,9.428e-14,1.467e-19,,,,2.801e-18,4.892e-37,1.050e-16,,6.768e-25,3.928e-19,,,2.018e-21,5.494e-17,1.911e-6,1.160e-28,,6.562e-22,5.265e-1,1.128e-16,7.390e-1,,6.590e-3,1.012e-1,2.320e-17,,,,,1.554e-18,,,,,,,,,,,,,,
681.82,2.724e+0,3.642e-3,4.287e-11,4.404e-42,1.052e-17,,,1.396e-18,7.923e-20,,2.595e-16,1.305e+0,2.763e-29,8.809e-18,9.847e-3,9.135e-14,1.467e-19,,,,2.801e-18,4.889e-37,1.492e-16,,6.767e-25,3.933e-19,,,2.019e-21,5.496e-17,2.317e-6,1.160e-28,,6.563e-22,5.137e-1,1.128e-16,7.744e-1,,6.103e-3,1.113e-1,2.319e-17,,,,,1.557e-18,,,,,,,,,,,,,,
681.85,2.820e+0,4.106e-3,3.444e-11,4.411e-42,1.052e-17,,,1.396e-18,7.928e-20,,2.590e-16,1.351e+0,2.764e-29,8.809e-18,1.000e-2,8.859e-14,1.467e-19,,,,2.802e-18,4.886e-37,2.522e-16,,6.766e-25,3.941e-19,,,2.020e-21,5.499e-17,3.085e-6,1.160e-28,,6.566e-22,4.935e-1,1.128e-16,8.282e-1,,5.423e-3,1.280e-1,2.317e-17,,,,,1.562e-18,,,,,,,,,,,,,,
681.87,2.884e+0,4.439e-3,2.970e-11,4.416e-42,1.052e-17,,,1.396e-18,7.931e-20,,2.588e-16,1.380e+0,2.765e-29,8.809e-18,1.010e-2,8.783e-14,1.468e-19,,,,2.802e-18,4.883e-37,3.572e-16,,6.765e-25,3.946e-19,,,2.021e-21,5.501e-17,3.726e-6,1.160e-28,,6.568e-22,4.794e-1,1.128e-16,8.644e-1,,5.001e-3,1.402e-1,2.316e-17,,,,,1.565e-18,,,,,,,,,,,,,,
681.9,2.980e+0,4.974e-3,2.371e-11,4.422e-42,1.053e-17,,,1.396e-18,7.936e-20,,2.583e-16,1.424e+0,2.766e-29,8.809e-18,1.024e-2,8.829e-14,1.468e-19,,,,2.803e-18,4.880e-37,6.000e-16,,6.764e-25,3.954e-19,,,2.023e-21,5.505e-17,4.931e-6,1.160e-28,,6.570e-22,4.577e-1,1.129e-16,9.188e-1,,4.416e-3,1.603e-1,2.315e-17,,,,,1.570e-18,,,,,,,,,,,,,,
681.92,3.044e+0,5.356e-3,2.036e-11,4.427e-42,1.053e-17,,,1.396e-18,7.940e-20,,2.580e-16,1.451e+0,2.766e-29,8.809e-18,1.032e-2,8.967e-14,1.468e-19,,,,2.803e-18,4.877e-37,8.461e-16,,6.763e-25,3.959e-19,,,2.024e-21,5.507e-17,5.932e-6,1.160e-28,,6.572e-22,4.429e-1,1.129e-16,9.549e-1,,4.056e-3,1.748e-1,2.314e-17,,,,,1.573e-18,,,,,,,,,,,,,,
681.95,3.138e+0,5.965e-3,1.615e-11,4.434e-42,1.054e-17,,,1.396e-18,7.944e-20,,2.576e-16,1.491e+0,2.767e-29,8.809e-18,1.044e-2,9.337e-14,1.469e-19,,,,2.803e-18,4.874e-37,1.413e-15,,6.762e-25,3.966e-19,,,2.025e-21,5.510e-17,7.802e-6,1.161e-28,,6.574e-22,4.202e-1,1.129e-16,1.009e+0,,3.560e-3,1.986e-1,2.312e-17,,,,,1.578e-18,,,,,,,,,,,,,,
681.97,3.201e+0,6.395e-3,1.381e-11,4.438e-42,1.054e-17,,,1.396e-18,7.948e-20,,2.573e-16,1.516e+0,2.768e-29,8.808e-18,1.051e-2,9.692e-14,1.469e-19,,,,2.804e-18,4.871e-37,1.984e-15,,6.761e-25,3.971e-19,,,2.026e-21,5.512e-17,9.346e-6,1.161e-28,,6.576e-22,4.050e-1,1.129e-16,1.044e+0,,3.256e-3,2.157e-1,2.311e-17,,,,,1.581e-18,,,,,,,,,,,,,,
682,3.293e+0,7.079e-3,1.089e-11,4.445e-42,1.054e-17,,,1.396e-18,7.953e-20,,2.569e-16,1.551e+0,2.769e-29,8.808e-18,1.062e-2,1.039e-13,1.469e-19,,,,2.804e-18,4.868e-37,3.292e-15,,6.760e-25,3.979e-19,,,2.027e-21,5.516e-17,1.222e-5,1.161e-28,,6.578e-22,3.819e-1,1.130e-16,1.096e+0,,2.840e-3,2.435e-1,2.309e-17,,,,,2.727e-18,,,,,,,,,,,,,,
682.02,3.354e+0,7.559e-3,9.278e-12,4.450e-42,1.055e-17,,,1.396e-18,7.956e-20,,2.566e-16,1.573e+0,2.769e-29,8.808e-18,1.068e-2,1.097e-13,1.470e-19,,,,2.805e-18,4.866e-37,4.605e-15,,6.760e-25,3.984e-19,,,2.028e-21,5.518e-17,1.458e-5,1.161e-28,,6.580e-22,3.665e-1,1.130e-16,1.130e+0,,2.587e-3,2.635e-1,2.308e-17,,,,,3.913e-18,,,,,,,,,,,,,,
682.04,3.414e+0,8.059e-3,7.889e-12,4.454e-42,1.055e-17,,,1.396e-18,7.959e-20,,2.563e-16,1.594e+0,2.770e-29,8.808e-18,1.075e-2,1.164e-13,1.470e-19,,,,2.805e-18,4.863e-37,6.432e-15,,6.759e-25,3.989e-19,,,2.029e-21,5.520e-17,1.736e-5,1.161e-28,,6.582e-22,3.511e-1,1.130e-16,1.163e+0,,2.353e-3,2.846e-1,2.307e-17,,,,,5.607e-18,,,,,,,,,,,,,,
682.07,3.501e+0,8.844e-3,6.167e-12,4.461e-42,1.056e-17,,,1.396e-18,7.964e-20,,2.559e-16,1.622e+0,2.771e-29,8.808e-18,1.085e-2,1.282e-13,1.470e-19,,,,2.806e-18,4.860e-37,1.058e-14,,6.758e-25,3.997e-19,,,2.030e-21,5.523e-17,2.250e-5,1.161e-28,,6.584e-22,3.282e-1,1.130e-16,1.211e+0,,2.034e-3,3.185e-1,2.306e-17,,,,,9.588e-18,,,,,,,,,,,,,,
682.09,3.558e+0,9.390e-3,5.222e-12,4.466e-42,1.056e-17,,,1.396e-18,7.967e-20,,2.556e-16,1.639e+0,2.771e-29,8.808e-18,1.092e-2,1.372e-13,1.470e-19,,,,2.806e-18,4.857e-37,1.472e-14,,6.757e-25,4.002e-19,,,2.031e-21,5.525e-17,2.670e-5,1.161e-28,,6.586e-22,3.132e-1,1.130e-16,1.241e+0,,1.843e-3,3.426e-1,2.305e-17,,,,,1.368e-17,,,,,,,,,,,,,,
682.12,3.640e+0,1.024e-2,4.057e-12,4.472e-42,1.056e-17,,,1.396e-18,7.972e-20,,2.552e-16,1.662e+0,2.772e-29,8.807e-18,1.103e-2,1.527e-13,1.471e-19,,,,2.807e-18,4.854e-37,2.407e-14,,6.756e-25,4.009e-19,,,2.033e-21,5.529e-17,3.439e-5,1.161e-28,,6.588e-22,2.910e-1,1.131e-16,1.284e+0,,1.583e-3,3.811e-1,2.303e-17,,,,,2.326e-17,,,,,,,,,,,,,,
682.14,3.693e+0,1.083e-2,3.421e-12,4.477e-42,1.057e-17,,,1.396e-18,7.975e-20,,2.549e-16,1.675e+0,2.773e-29,8.807e-18,1.110e-2,1.643e-13,1.471e-19,,,,2.807e-18,4.851e-37,3.334e-14,,6.755e-25,4.014e-19,,,2.034e-21,5.531e-17,4.063e-5,1.161e-28,,6.590e-22,2.765e-1,1.131e-16,1.310e+0,,1.428e-3,4.083e-1,2.302e-17,,,,,3.305e-17,,,,,,,,,,,,,,
682.17,3.769e+0,1.174e-2,2.641e-12,4.484e-42,1.057e-17,,,1.396e-18,7.980e-20,,2.544e-16,1.691e+0,2.774e-29,8.807e-18,1.122e-2,1.835e-13,1.472e-19,,,,2.807e-18,4.848e-37,5.420e-14,,6.754e-25,4.022e-19,,,2.035e-21,5.534e-17,5.201e-5,1.161e-28,,6.592e-22,2.553e-1,1.131e-16,1.347e+0,,1.220e-3,4.513e-1,2.300e-17,,,,,5.583e-17,,,,,,,,,,,,,,
682.19,3.817e+0,1.236e-2,2.218e-12,4.488e-42,1.058e-17,,,1.396e-18,7.983e-20,,2.542e-16,1.700e+0,2.774e-29,8.807e-18,1.131e-2,1.977e-13,1.472e-19,,,,2.808e-18,4.846e-37,7.477e-14,,6.753e-25,4.027e-19,,,2.036e-21,5.536e-17,6.120e-5,1.161e-28,,6.594e-22,2.416e-1,1.131e-16,1.369e+0,,1.096e-3,4.815e-1,2.299e-17,,,,,7.903e-17,,,,,,,,,,,,,,
682.22,3.885e+0,1.332e-2,1.702e-12,4.495e-42,1.058e-17,,,1.395e-18,7.988e-20,,2.537e-16,1.709e+0,2.775e-29,8.807e-18,1.145e-2,2.211e-13,1.472e-19,,,,2.808e-18,4.842e-37,1.208e-13,,6.752e-25,4.035e-19,,,2.037e-21,5.540e-17,7.787e-5,1.161e-28,,6.596e-22,2.217e-1,1.132e-16,1.399e+0,,9.298e-4,5.291e-1,2.298e-17,,,,,1.327e-16,,,,,,,,,,,,,,
682.24,3.928e+0,1.397e-2,1.423e-12,4.500e-42,1.058e-17,,,1.395e-18,7.992e-20,,2.534e-16,1.714e+0,2.776e-29,8.807e-18,1.155e-2,2.380e-13,1.472e-19,,,,2.809e-18,4.840e-37,1.660e-13,,6.752e-25,4.040e-19,,,2.038e-21,5.542e-17,9.125e-5,1.161e-28,,6.598e-22,2.090e-1,1.132e-16,1.417e+0,,8.318e-4,5.622e-1,2.296e-17,,,,,1.871e-16,,,,,,,,,,,,,,
682.27,3.987e+0,1.495e-2,1.085e-12,4.507e-42,1.059e-17,,,1.395e-18,7.996e-20,,2.530e-16,1.717e+0,2.776e-29,8.807e-18,1.172e-2,2.656e-13,1.473e-19,,,,2.809e-18,4.836e-37,2.665e-13,,6.750e-25,4.047e-19,,,2.040e-21,5.545e-17,1.154e-4,1.161e-28,,6.600e-22,1.906e-1,1.132e-16,1.439e+0,,7.016e-4,6.139e-1,2.295e-17,,,,,3.122e-16,,,,,,,,,,,,,,
682.29,4.024e+0,1.562e-2,9.040e-13,4.511e-42,1.059e-17,,,1.395e-18,8.000e-20,,2.527e-16,1.717e+0,2.777e-29,8.806e-18,1.184e-2,2.854e-13,1.473e-19,,,,2.810e-18,4.834e-37,3.647e-13,,6.750e-25,4.052e-19,,,2.041e-21,5.547e-17,1.347e-4,1.161e-28,,6.602e-22,1.789e-1,1.132e-16,1.450e+0,,6.250e-4,6.496e-1,2.294e-17,,,,,4.384e-16,,,,,,,,,,,,,,
682.32,4.074e+0,1.662e-2,6.850e-13,4.518e-42,1.060e-17,,,1.395e-18,8.005e-20,,2.523e-16,1.713e+0,2.778e-29,8.806e-18,1.203e-2,3.173e-13,1.474e-19,,,,2.810e-18,4.830e-37,5.821e-13,,6.749e-25,4.060e-19,,,2.042e-21,5.551e-17,1.693e-4,1.161e-28,,6.605e-22,1.622e-1,1.133e-16,1.464e+0,,5.240e-4,7.050e-1,2.292e-17,,,,,7.271e-16,,,,,,,,,,,,,,
682.34,4.104e+0,1.729e-2,5.682e-13,4.523e-42,1.060e-17,,,1.395e-18,8.008e-20,,2.520e-16,1.709e+0,2.778e-29,8.806e-18,1.217e-2,3.400e-13,1.474e-19,,,,2.811e-18,4.828e-37,7.933e-13,,6.748e-25,4.065e-19,,,2.043e-21,5.553e-17,1.967e-4,1.161e-28,,6.606e-22,1.516e-1,1.133e-16,1.470e+0,,4.649e-4,7.430e-1,2.291e-17,,,,,1.017e-15,,,,,,,,,,,,,,
682.37,4.143e+0,1.828e-2,4.279e-13,4.529e-42,1.061e-17,,,1.395e-18,8.013e-20,,2.516e-16,1.699e+0,2.779e-29,8.806e-18,1.240e-2,3.764e-13,1.474e-19,,,,2.811e-18,4.824e-37,1.258e-12,,6.747e-25,4.072e-19,,,2.044e-21,5.556e-17,2.458e-4,1.161e-28,,6.609e-22,1.366e-1,1.133e-16,1.475e+0,,3.873e-4,8.014e-1,2.289e-17,,,,,1.676e-15,,,,,,,,,,,,,,
682.39,4.166e+0,1.894e-2,3.535e-13,4.534e-42,1.061e-17,,,1.395e-18,8.016e-20,,2.513e-16,1.691e+0,2.780e-29,8.806e-18,1.255e-2,4.021e-13,1.474e-19,,,,2.812e-18,4.822e-37,1.708e-12,,6.746e-25,4.077e-19,,,2.045e-21,5.558e-17,2.845e-4,1.161e-28,,6.610e-22,1.272e-1,1.133e-16,1.475e+0,,3.422e-4,8.411e-1,2.288e-17,,,,,2.335e-15,,,,,,,,,,,,,,
682.41,4.186e+0,1.959e-2,2.915e-13,4.539e-42,1.061e-17,,,1.395e-18,8.019e-20,,2.510e-16,1.682e+0,2.781e-29,8.806e-18,1.272e-2,4.289e-13,1.475e-19,,,,2.812e-18,4.820e-37,2.315e-12,,6.745e-25,4.083e-19,,,2.046e-21,5.561e-17,3.288e-4,1.161e-28,,6.612e-22,1.182e-1,1.133e-16,1.472e+0,,3.018e-4,8.814e-1,2.287e-17,,,,,3.246e-15,,,,,,,,,,,,,,
682.44,4.211e+0,2.054e-2,2.177e-13,4.545e-42,1.062e-17,,,1.395e-18,8.024e-20,,2.506e-16,1.665e+0,2.781e-29,8.805e-18,1.298e-2,4.713e-13,1.475e-19,,,,2.812e-18,4.816e-37,3.641e-12,,6.744e-25,4.090e-19,,,2.047e-21,5.564e-17,4.072e-4,1.161e-28,,6.614e-22,1.057e-1,1.134e-16,1.464e+0,,2.493e-4,9.425e-1,2.286e-17,,,,,5.306e-15,,,,,,,,,,,,,,
682.46,4.225e+0,2.115e-2,1.788e-13,4.550e-42,1.062e-17,,,1.395e-18,8.027e-20,,2.503e-16,1.653e+0,2.782e-29,8.805e-18,1.317e-2,5.010e-13,1.475e-19,,,,2.813e-18,4.814e-37,4.914e-12,,6.743e-25,4.095e-19,,,2.048e-21,5.566e-17,4.687e-4,1.162e-28,,6.616e-22,9.784e-2,1.134e-16,1.456e+0,,2.190e-4,9.836e-1,2.285e-17,,,,,7.348e-15,,,,,,,,,,,,,,
682.49,4.239e+0,2.204e-2,1.326e-13,4.557e-42,1.062e-17,,,1.395e-18,8.032e-20,,2.498e-16,1.632e+0,2.783e-29,8.805e-18,1.345e-2,5.476e-13,1.476e-19,,,,2.813e-18,4.810e-37,7.682e-12,,6.742e-25,4.103e-19,,,2.050e-21,5.569e-17,5.770e-4,1.162e-28,,6.619e-22,8.694e-2,1.134e-16,1.439e+0,,1.798e-4,1.045e+0,2.283e-17,,,,,1.194e-14,,,,,,,,,,,,,,
682.51,4.246e+0,2.261e-2,1.085e-13,4.561e-42,1.063e-17,,,1.395e-18,8.035e-20,,2.495e-16,1.618e+0,2.783e-29,8.805e-18,1.365e-2,5.799e-13,1.476e-19,,,,2.814e-18,4.808e-37,1.033e-11,,6.742e-25,4.108e-19,,,2.051e-21,5.572e-17,6.613e-4,1.162e-28,,6.620e-22,8.021e-2,1.134e-16,1.425e+0,,1.573e-4,1.086e+0,2.282e-17,,,,,1.647e-14,,,,,,,,,,,,,,
682.54,4.251e+0,2.342e-2,7.999e-14,4.568e-42,1.063e-17,,,1.395e-18,8.040e-20,,2.491e-16,1.594e+0,2.784e-29,8.805e-18,1.395e-2,6.303e-13,1.476e-19,,,,2.814e-18,4.804e-37,1.604e-11,,6.740e-25,4.115e-19,,,2.052e-21,5.575e-17,8.091e-4,1.162e-28,,6.623e-22,7.089e-2,1.134e-16,1.399e+0,,1.283e-4,1.148e+0,2.280e-17,,,,,2.659e-14,,,,,,,,,,,,,,
682.56,4.251e+0,2.392e-2,6.516e-14,4.573e-42,1.064e-17,,,1.395e-18,8.044e-20,,2.488e-16,1.579e+0,2.785e-29,8.805e-18,1.415e-2,6.650e-13,1.477e-19,,,,2.815e-18,4.802e-37,2.148e-11,,6.740e-25,4.120e-19,,,2.053e-21,5.577e-17,9.237e-4,1.162e-28,,6.624e-22,6.519e-2,1.135e-16,1.380e+0,,1.118e-4,1.188e+0,2.279e-17,,,,,3.653e-14,,,,,,,,,,,,,,
682.59,4.246e+0,2.463e-2,4.775e-14,4.579e-42,1.064e-17,,,1.395e-18,8.048e-20,,2.484e-16,1.554e+0,2.786e-29,8.804e-18,1.445e-2,7.186e-13,1.477e-19,,,,2.815e-18,4.798e-37,3.317e-11,,6.739e-25,4.128e-19,,,2.054e-21,5.580e-17,1.123e-3,1.162e-28,,6.627e-22,5.736e-2,1.135e-16,1.347e+0,,9.062e-5,1.247e+0,2.278e-17,,,,,5.863e-14,,,,,,,,,,,,,,
682.61,4.240e+0,2.505e-2,3.873e-14,4.584e-42,1.064e-17,,,1.395e-18,8.052e-20,,2.481e-16,1.538e+0,2.786e-29,8.804e-18,1.465e-2,7.553e-13,1.477e-19,,,,2.816e-18,4.796e-37,4.422e-11,,6.738e-25,4.133e-19,,,2.055e-21,5.583e-17,1.277e-3,1.162e-28,,6.628e-22,5.260e-2,1.135e-16,1.323e+0,,7.863e-5,1.285e+0,2.277e-17,,,,,8.020e-14,,,,,,,,,,,,,,
682.64,4.228e+0,2.563e-2,2.821e-14,4.591e-42,1.065e-17,,,1.395e-18,8.057e-20,,2.477e-16,1.515e+0,2.787e-29,8.804e-18,1.495e-2,8.115e-13,1.478e-19,,,,2.816e-18,4.792e-37,6.788e-11,,6.737e-25,4.141e-19,,,2.057e-21,5.586e-17,1.543e-3,1.162e-28,,6.631e-22,4.614e-2,1.135e-16,1.284e+0,,6.335e-5,1.341e+0,2.275e-17,,,,,1.279e-13,,,,,,,,,,,,,,
682.66,4.217e+0,2.597e-2,2.279e-14,4.595e-42,1.065e-17,,,1.394e-18,8.060e-20,,2.474e-16,1.499e+0,2.788e-29,8.804e-18,1.514e-2,8.496e-13,1.478e-19,,,,2.816e-18,4.790e-37,9.014e-11,,6.736e-25,4.146e-19,,,2.058e-21,5.588e-17,1.747e-3,1.162e-28,,6.633e-22,4.226e-2,1.136e-16,1.255e+0,,5.474e-5,1.377e+0,2.274e-17,,,,,1.743e-13,,,,,,,,,,,,,,
682.69,4.197e+0,2.641e-2,1.649e-14,4.602e-42,1.066e-17,,,1.394e-18,8.065e-20,,2.470e-16,1.478e+0,2.789e-29,8.804e-18,1.542e-2,9.076e-13,1.478e-19,,,,2.817e-18,4.787e-37,1.375e-10,,6.735e-25,4.153e-19,,,2.059e-21,5.591e-17,2.099e-3,1.162e-28,,6.635e-22,3.704e-2,1.136e-16,1.211e+0,,4.384e-5,1.428e+0,2.272e-17,,,,,2.764e-13,,,,,,,,,,,,,,
682.71,4.182e+0,2.665e-2,1.327e-14,4.607e-42,1.066e-17,,,1.394e-18,8.068e-20,,2.467e-16,1.464e+0,2.789e-29,8.804e-18,1.559e-2,9.465e-13,1.479e-19,,,,2.817e-18,4.784e-37,1.819e-10,,6.734e-25,4.158e-19,,,2.060e-21,5.594e-17,2.367e-3,1.162e-28,,6.637e-22,3.395e-2,1.136e-16,1.179e+0,,3.772e-5,1.460e+0,2.271e-17,,,,,3.751e-13,,,,,,,,,,,,,,
682.74,4.156e+0,2.693e-2,9.544e-15,4.614e-42,1.067e-17,,,1.394e-18,8.073e-20,,2.462e-16,1.447e+0,2.790e-29,8.804e-18,1.584e-2,1.005e-12,1.479e-19,,,,2.818e-18,4.781e-37,2.758e-10,,6.733e-25,4.166e-19,,,2.061e-21,5.597e-17,2.826e-3,1.162e-28,,6.639e-22,2.986e-2,1.136e-16,1.130e+0,,3.002e-5,1.504e+0,2.270e-17,,,,,5.912e-13,,,,,,,,,,,,,,
682.76,4.138e+0,2.706e-2,7.646e-15,4.618e-42,1.067e-17,,,1.394e-18,8.076e-20,,2.459e-16,1.436e+0,2.791e-29,8.803e-18,1.599e-2,1.044e-12,1.479e-19,,,,2.818e-18,4.778e-37,3.632e-10,,6.732e-25,4.171e-19,,,2.062e-21,5.599e-17,3.173e-3,1.162e-28,,6.641e-22,2.749e-2,1.136e-16,1.096e+0,,2.573e-5,1.532e+0,2.268e-17,,,,,7.990e-13,,,,,,,,,,,,,,
682.79,4.108e+0,2.718e-2,5.466e-15,4.625e-42,1.067e-17,,,1.394e-18,8.081e-20,,2.455e-16,1.424e+0,2.792e-29,8.803e-18,1.619e-2,1.103e-12,1.480e-19,,,,2.819e-18,4.775e-37,5.474e-10,,6.731e-25,4.179e-19,,,2.064e-21,5.602e-17,3.765e-3,1.162e-28,,6.643e-22,2.444e-2,1.137e-16,1.044e+0,,2.035e-5,1.569e+0,2.267e-17,,,,,1.252e-12,,,,,,,,,,,,,,
682.81,4.088e+0,2.720e-2,4.361e-15,4.630e-42,1.068e-17,,,1.394e-18,8.084e-20,,2.452e-16,1.418e+0,2.792e-29,8.803e-18,1.630e-2,1.141e-12,1.480e-19,,,,2.819e-18,4.772e-37,7.182e-10,,6.731e-25,4.184e-19,,,2.065e-21,5.605e-17,4.212e-3,1.162e-28,,6.645e-22,2.273e-2,1.137e-16,1.009e+0,,1.737e-5,1.591e+0,2.266e-17,,,,,1.685e-12,,,,,,,,,,,,,,
682.83,4.066e+0,2.718e-2,3.474e-15,4.634e-42,1.068e-17,,,1.394e-18,8.088e-20,,2.449e-16,1.413e+0,2.793e-29,8.803e-18,1.640e-2,1.179e-12,1.480e-19,,,,2.820e-18,4.770e-37,9.406e-10,,6.730e-25,4.189e-19,,,2.065e-21,5.607e-17,4.703e-3,1.162e-28,,6.647e-22,2.127e-2,1.137e-16,9.730e-1,,1.480e-5,1.611e+0,2.265e-17,,,,,2.264e-12,,,,,,,,,,,,,,
682.86,4.033e+0,2.706e-2,2.462e-15,4.641e-42,1.069e-17,,,1.394e-18,8.092e-20,,2.445e-16,1.410e+0,2.794e-29,8.803e-18,1.652e-2,1.235e-12,1.481e-19,,,,2.820e-18,4.766e-37,1.406e-9,,6.729e-25,4.196e-19,,,2.067e-21,5.610e-17,5.532e-3,1.162e-28,,6.649e-22,1.953e-2,1.137e-16,9.188e-1,,1.160e-5,1.636e+0,2.263e-17,,,,,3.516e-12,,,,,,,,,,,,,,
682.88,4.011e+0,2.693e-2,1.953e-15,4.646e-42,1.069e-17,,,1.394e-18,8.096e-20,,2.442e-16,1.411e+0,2.794e-29,8.803e-18,1.657e-2,1.271e-12,1.481e-19,,,,2.821e-18,4.764e-37,1.833e-9,,6.728e-25,4.201e-19,,,2.068e-21,5.612e-17,6.153e-3,1.162e-28,,6.651e-22,1.868e-2,1.138e-16,8.825e-1,,9.845e-6,1.649e+0,2.262e-17,,,,,4.706e-12,,,,,,,,,,,,,,
682.91,3.977e+0,2.665e-2,1.375e-15,4.652e-42,1.069e-17,,,1.394e-18,8.101e-20,,2.438e-16,1.416e+0,2.795e-29,8.802e-18,1.662e-2,1.324e-12,1.481e-19,,,,2.821e-18,4.761e-37,2.723e-9,,6.727e-25,4.209e-19,,,2.069e-21,5.616e-17,7.194e-3,1.162e-28,,6.653e-22,1.784e-2,1.138e-16,8.282e-1,,7.671e-6,1.664e+0,2.260e-17,,,,,7.264e-12,,,,,,,,,,,,,,
682.93,3.955e+0,2.641e-2,1.086e-15,4.657e-42,1.070e-17,,,1.394e-18,8.104e-20,,2.435e-16,1.423e+0,2.796e-29,8.802e-18,1.663e-2,1.357e-12,1.482e-19,,,,2.821e-18,4.758e-37,3.537e-9,,6.726e-25,4.214e-19,,,2.070e-21,5.618e-17,7.968e-3,1.162e-28,,6.655e-22,1.757e-2,1.138e-16,7.923e-1,,6.483e-6,1.671e+0,2.259e-17,,,,,9.683e-12,,,,,,,,,,,,,,
682.96,3.921e+0,2.597e-2,7.605e-16,4.664e-42,1.070e-17,,,1.394e-18,8.109e-20,,2.431e-16,1.437e+0,2.797e-29,8.802e-18,1.660e-2,1.405e-12,1.482e-19,,,,2.822e-18,4.755e-37,5.222e-9,,6.725e-25,4.222e-19,,,2.071e-21,5.621e-17,9.259e-3,1.162e-28,,6.657e-22,1.762e-2,1.138e-16,7.390e-1,,5.020e-6,1.676e+0,2.258e-17,,,,,1.486e-11,,,,,,,,,,,,,,
682.98,3.900e+0,2.563e-2,5.983e-16,4.668e-42,1.070e-17,,,1.394e-18,8.112e-20,,2.428e-16,1.449e+0,2.797e-29,8.802e-18,1.655e-2,1.435e-12,1.482e-19,,,,2.822e-18,4.752e-37,6.756e-9,,6.724e-25,4.227e-19,,,2.072e-21,5.623e-17,1.021e-2,1.163e-28,,6.659e-22,1.795e-2,1.138e-16,7.040e-1,,4.225e-6,1.676e+0,2.257e-17,,,,,1.972e-11,,,,,,,,,,,,,,
683.01,3.868e+0,2.505e-2,4.162e-16,4.675e-42,1.071e-17,,,1.394e-18,8.117e-20,,2.423e-16,1.472e+0,2.798e-29,8.802e-18,1.644e-2,1.477e-12,1.483e-19,,,,2.823e-18,4.749e-37,9.913e-9,,6.723e-25,4.234e-19,,,2.074e-21,5.627e-17,1.180e-2,1.163e-28,,6.661e-22,1.891e-2,1.139e-16,6.526e-1,,3.252e-6,1.671e+0,2.255e-17,,,,,3.008e-11,,,,,,,,,,,,,,
683.03,3.848e+0,2.463e-2,3.261e-16,4.680e-42,1.071e-17,,,1.394e-18,8.120e-20,,2.421e-16,1.490e+0,2.799e-29,8.802e-18,1.634e-2,1.503e-12,1.483e-19,,,,2.823e-18,4.746e-37,1.277e-8,,6.722e-25,4.239e-19,,,2.075e-21,5.629e-17,1.296e-2,1.163e-28,,6.663e-22,1.986e-2,1.139e-16,6.192e-1,,2.725e-6,1.664e+0,2.254e-17,,,,,3.977e-11,,,,,,,,,,,,,,
683.06,3.819e+0,2.392e-2,2.254e-16,4.686e-42,1.072e-17,,,1.394e-18,8.125e-20,,2.416e-16,1.522e+0,2.800e-29,8.801e-18,1.615e-2,1.538e-12,1.483e-19,,,,2.824e-18,4.743e-37,1.863e-8,,6.721e-25,4.247e-19,,,2.076e-21,5.632e-17,1.487e-2,1.163e-28,,6.666e-22,2.180e-2,1.139e-16,5.705e-1,,2.085e-6,1.649e+0,2.252e-17,,,,,6.028e-11,,,,,,,,,,,,,,
683.08,3.800e+0,2.342e-2,1.759e-16,4.691e-42,1.072e-17,,,1.394e-18,8.128e-20,,2.413e-16,1.546e+0,2.800e-29,8.801e-18,1.599e-2,1.559e-12,1.484e-19,,,,2.824e-18,4.741e-37,2.391e-8,,6.721e-25,4.252e-19,,,2.077e-21,5.634e-17,1.627e-2,1.163e-28,,6.667e-22,2.345e-2,1.139e-16,5.390e-1,,1.740e-6,1.636e+0,2.251e-17,,,,,7.938e-11,,,,,,,,,,,,,,
683.11,3.774e+0,2.261e-2,1.208e-16,4.698e-42,1.073e-17,,,1.393e-18,8.133e-20,,2.409e-16,1.587e+0,2.801e-29,8.801e-18,1.572e-2,1.587e-12,1.484e-19,,,,2.825e-18,4.737e-37,3.465e-8,,6.719e-25,4.260e-19,,,2.078e-21,5.638e-17,1.857e-2,1.163e-28,,6.670e-22,2.648e-2,1.140e-16,4.936e-1,,1.323e-6,1.611e+0,2.250e-17,,,,,1.196e-10,,,,,,,,,,,,,,
683.13,3.758e+0,2.204e-2,9.389e-17,4.702e-42,1.073e-17,,,1.393e-18,8.136e-20,,2.406e-16,1.616e+0,2.802e-29,8.801e-18,1.551e-2,1.602e-12,1.484e-19,,,,2.825e-18,4.735e-37,4.429e-8,,6.719e-25,4.265e-19,,,2.079e-21,5.640e-17,2.023e-2,1.163e-28,,6.671e-22,2.890e-2,1.140e-16,4.644e-1,,1.099e-6,1.591e+0,2.248e-17,,,,,1.568e-10,,,,,,,,,,,,,,
683.16,3.735e+0,2.115e-2,6.410e-17,4.709e-42,1.073e-17,,,1.393e-18,8.141e-20,,2.402e-16,1.663e+0,2.802e-29,8.801e-18,1.516e-2,1.621e-12,1.485e-19,,,,2.826e-18,4.731e-37,6.380e-8,,6.718e-25,4.272e-19,,,2.081e-21,5.643e-17,2.294e-2,1.163e-28,,6.674e-22,3.317e-2,1.140e-16,4.227e-1,,8.306e-7,1.557e+0,2.247e-17,,,,,2.349e-10,,,,,,,,,,,,,,
683.18,3.722e+0,2.054e-2,4.960e-17,4.714e-42,1.074e-17,,,1.393e-18,8.144e-20,,2.399e-16,1.697e+0,2.803e-29,8.801e-18,1.491e-2,1.630e-12,1.485e-19,,,,2.826e-18,4.729e-37,8.122e-8,,6.717e-25,4.277e-19,,,2.082e-21,5.645e-17,2.489e-2,1.163e-28,,6.675e-22,3.647e-2,1.140e-16,3.961e-1,,6.876e-7,1.532e+0,2.246e-17,,,,,3.068e-10,,,,,,,,,,,,,,
683.2,3.709e+0,1.991e-2,3.832e-17,4.718e-42,1.074e-17,,,1.393e-18,8.148e-20,,2.396e-16,1.732e+0,2.804e-29,8.801e-18,1.463e-2,1.637e-12,1.485e-19,,,,2.826e-18,4.726e-37,1.032e-7,,6.716e-25,4.282e-19,,,2.083e-21,5.648e-17,2.697e-2,1.163e-28,,6.677e-22,4.017e-2,1.140e-16,3.706e-1,,5.683e-7,1.504e+0,2.245e-17,,,,,4.001e-10,,,,,,,,,,,,,,
683.23,3.691e+0,1.894e-2,2.594e-17,4.725e-42,1.075e-17,,,1.393e-18,8.153e-20,,2.392e-16,1.787e+0,2.804e-29,8.800e-18,1.419e-2,1.643e-12,1.486e-19,,,,2.827e-18,4.723e-37,1.474e-7,,6.715e-25,4.290e-19,,,2.084e-21,5.651e-17,3.032e-2,1.163e-28,,6.680e-22,4.649e-2,1.141e-16,3.343e-1,,4.256e-7,1.460e+0,2.243e-17,,,,,5.940e-10,,,,,,,,,,,,,,
683.25,3.680e+0,1.828e-2,1.996e-17,4.730e-42,1.075e-17,,,1.393e-18,8.156e-20,,2.389e-16,1.825e+0,2.805e-29,8.800e-18,1.388e-2,1.644e-12,1.486e-19,,,,2.827e-18,4.720e-37,1.866e-7,,6.714e-25,4.295e-19,,,2.085e-21,5.653e-17,3.271e-2,1.163e-28,,6.681e-22,5.127e-2,1.141e-16,3.115e-1,,3.503e-7,1.428e+0,2.242e-17,,,,,7.714e-10,,,,,,,,,,,,,,
683.28,3.666e+0,1.729e-2,1.342e-17,4.737e-42,1.075e-17,,,1.393e-18,8.161e-20,,2.385e-16,1.883e+0,2.806e-29,8.800e-18,1.338e-2,1.641e-12,1.486e-19,,,,2.828e-18,4.717e-37,2.650e-7,,6.713e-25,4.302e-19,,,2.086e-21,5.656e-17,3.655e-2,1.163e-28,,6.684e-22,5.935e-2,1.141e-16,2.793e-1,,2.607e-7,1.377e+0,2.240e-17,,,,,1.138e-9,,,,,,,,,,,,,,
683.3,3.657e+0,1.662e-2,1.028e-17,4.741e-42,1.076e-17,,,1.393e-18,8.164e-20,,2.382e-16,1.923e+0,2.807e-29,8.800e-18,1.303e-2,1.636e-12,1.487e-19,,,,2.828e-18,4.715e-37,3.340e-7,,6.712e-25,4.308e-19,,,2.087e-21,5.659e-17,3.928e-2,1.163e-28,,6.685e-22,6.538e-2,1.141e-16,2.592e-1,,2.137e-7,1.341e+0,2.239e-17,,,,,1.473e-9,,,,,,,,,,,,,,
683.33,3.646e+0,1.562e-2,6.876e-18,4.748e-42,1.076e-17,,,1.393e-18,8.169e-20,,2.377e-16,1.982e+0,2.807e-29,8.800e-18,1.249e-2,1.623e-12,1.487e-19,,,,2.829e-18,4.711e-37,4.713e-7,,6.711e-25,4.315e-19,,,2.089e-21,5.662e-17,4.362e-2,1.163e-28,,6.688e-22,7.547e-2,1.142e-16,2.310e-1,,1.581e-7,1.285e+0,2.238e-17,,,,,2.160e-9,,,,,,,,,,,,,,
683.35,3.638e+0,1.495e-2,5.246e-18,4.753e-42,1.077e-17,,,1.393e-18,8.172e-20,,2.375e-16,2.021e+0,2.808e-29,8.800e-18,1.212e-2,1.612e-12,1.487e-19,,,,2.829e-18,4.709e-37,5.918e-7,,6.711e-25,4.320e-19,,,2.089e-21,5.664e-17,4.668e-2,1.163e-28,,6.689e-22,8.294e-2,1.142e-16,2.135e-1,,1.290e-7,1.247e+0,2.237e-17,,,,,2.782e-9,,,,,,,,,,,,,,
683.38,3.629e+0,1.397e-2,3.486e-18,4.759e-42,1.077e-17,,,1.393e-18,8.177e-20,,2.370e-16,2.080e+0,2.809e-29,8.799e-18,1.155e-2,1.591e-12,1.488e-19,,,,2.830e-18,4.705e-37,8.300e-7,,6.709e-25,4.328e-19,,,2.091e-21,5.667e-17,5.152e-2,1.163e-28,,6.692e-22,9.533e-2,1.142e-16,1.891e-1,,9.488e-8,1.188e+0,2.235e-17,,,,,4.056e-9,,,,,,,,,,,,,,
683.4,3.623e+0,1.332e-2,2.648e-18,4.764e-42,1.077e-17,,,1.393e-18,8.180e-20,,2.367e-16,2.117e+0,2.809e-29,8.799e-18,1.116e-2,1.574e-12,1.488e-19,,,,2.830e-18,4.703e-37,1.038e-6,,6.709e-25,4.333e-19,,,2.092e-21,5.670e-17,5.492e-2,1.163e-28,,6.694e-22,1.044e-1,1.142e-16,1.740e-1,,7.712e-8,1.148e+0,2.234e-17,,,,,5.205e-9,,,,,,,,,,,,,,
683.43,3.614e+0,1.236e-2,1.749e-18,4.771e-42,1.078e-17,,,1.393e-18,8.185e-20,,2.363e-16,2.172e+0,2.810e-29,8.799e-18,1.057e-2,1.545e-12,1.488e-19,,,,2.831e-18,4.699e-37,1.447e-6,,6.708e-25,4.340e-19,,,2.093e-21,5.673e-17,6.024e-2,1.163e-28,,6.696e-22,1.194e-1,1.142e-16,1.532e-1,,5.635e-8,1.086e+0,2.232e-17,,,,,7.541e-9,,,,,,,,,,,,,,
683.45,3.608e+0,1.174e-2,1.323e-18,4.775e-42,1.078e-17,,,1.393e-18,8.188e-20,,2.360e-16,2.206e+0,2.811e-29,8.799e-18,1.018e-2,1.523e-12,1.489e-19,,,,2.831e-18,4.697e-37,1.802e-6,,6.707e-25,4.345e-19,,,2.094e-21,5.675e-17,6.395e-2,1.163e-28,,6.698e-22,1.304e-1,1.143e-16,1.404e-1,,4.562e-8,1.045e+0,2.231e-17,,,,,9.637e-9,,,,,,,,,,,,,,
683.48,3.600e+0,1.083e-2,8.684e-19,4.782e-42,1.079e-17,,,1.393e-18,8.193e-20,,2.356e-16,2.255e+0,2.812e-29,8.799e-18,9.583e-3,1.487e-12,1.489e-19,,,,2.832e-18,4.693e-37,2.496e-6,,6.706e-25,4.353e-19,,,2.095e-21,5.678e-17,6.972e-2,1.164e-28,,6.700e-22,1.482e-1,1.143e-16,1.228e-1,,3.313e-8,9.836e-1,2.230e-17,,,,,1.388e-8,,,,,,,,,,,,,,
683.5,3.594e+0,1.024e-2,6.544e-19,4.787e-42,1.079e-17,,,1.393e-18,8.196e-20,,2.353e-16,2.285e+0,2.812e-29,8.799e-18,9.187e-3,1.460e-12,1.489e-19,,,,2.832e-18,4.691e-37,3.096e-6,,6.705e-25,4.358e-19,,,2.096e-21,5.681e-17,7.371e-2,1.164e-28,,6.702e-22,1.612e-1,1.143e-16,1.121e-1,,2.671e-8,9.425e-1,2.229e-17,,,,,1.766e-8,,,,,,,,,,,,,,
683.53,3.585e+0,9.390e-3,4.268e-19,4.793e-42,1.079e-17,,,1.392e-18,8.201e-20,,2.349e-16,2.326e+0,2.813e-29,8.798e-18,8.598e-3,1.418e-12,1.490e-19,,,,2.832e-18,4.687e-37,4.264e-6,,6.704e-25,4.366e-19,,,2.098e-21,5.684e-17,7.987e-2,1.164e-28,,6.704e-22,1.823e-1,1.143e-16,9.749e-2,,1.927e-8,8.814e-1,2.227e-17,,,,,2.528e-8,,,,,,,,,,,,,,
683.55,3.578e+0,8.844e-3,3.203e-19,4.798e-42,1.080e-17,,,1.392e-18,8.205e-20,,2.346e-16,2.350e+0,2.814e-29,8.798e-18,8.210e-3,1.389e-12,1.490e-19,,,,2.833e-18,4.685e-37,5.267e-6,,6.703e-25,4.371e-19,,,2.099e-21,5.686e-17,8.410e-2,1.164e-28,,6.706e-22,1.974e-1,1.144e-16,8.862e-2,,1.548e-8,8.411e-1,2.226e-17,,,,,3.205e-8,,,,,,,,,,,,,,
683.57,3.571e+0,8.316e-3,2.400e-19,4.803e-42,1.080e-17,,,1.392e-18,8.208e-20,,2.343e-16,2.371e+0,2.814e-29,8.798e-18,7.827e-3,1.358e-12,1.490e-19,,,,2.833e-18,4.683e-37,6.495e-6,,6.702e-25,4.376e-19,,,2.100e-21,5.688e-17,8.840e-2,1.164e-28,,6.708e-22,2.135e-1,1.144e-16,8.043e-2,,1.240e-8,8.014e-1,2.225e-17,,,,,4.056e-8,,,,,,,,,,,,,,
683.6,3.559e+0,7.559e-3,1.551e-19,4.809e-42,1.081e-17,,,1.392e-18,8.213e-20,,2.339e-16,2.397e+0,2.815e-29,8.798e-18,7.263e-3,1.310e-12,1.491e-19,,,,2.834e-18,4.679e-37,8.869e-6,,6.701e-25,4.383e-19,,,2.101e-21,5.692e-17,9.497e-2,1.164e-28,,6.710e-22,2.393e-1,1.144e-16,6.933e-2,,8.875e-9,7.430e-1,2.223e-17,,,,,5.756e-8,,,,,,,,,,,,,,
683.62,3.550e+0,7.079e-3,1.158e-19,4.814e-42,1.081e-17,,,1.392e-18,8.216e-20,,2.336e-16,2.411e+0,2.816e-29,8.798e-18,6.896e-3,1.277e-12,1.491e-19,,,,2.834e-18,4.677e-37,1.089e-5,,6.701e-25,4.388e-19,,,2.102e-21,5.694e-17,9.942e-2,1.164e-28,,6.712e-22,2.578e-1,1.144e-16,6.267e-2,,7.085e-9,7.050e-1,2.222e-17,,,,,7.255e-8,,,,,,,,,,,,,,
683.65,3.535e+0,6.395e-3,7.437e-20,4.821e-42,1.081e-17,,,1.392e-18,8.221e-20,,2.331e-16,2.425e+0,2.817e-29,8.798e-18,6.361e-3,1.226e-12,1.491e-19,,,,2.835e-18,4.673e-37,1.478e-5,,6.700e-25,4.396e-19,,,2.103e-21,5.697e-17,1.062e-1,1.164e-28,,6.714e-22,2.873e-1,1.144e-16,5.369e-2,,5.037e-9,6.496e-1,2.220e-17,,,,,1.023e-7,,,,,,,,,,,,,,
683.67,3.524e+0,5.965e-3,5.526e-20,4.825e-42,1.082e-17,,,1.392e-18,8.224e-20,,2.328e-16,2.431e+0,2.817e-29,8.798e-18,6.015e-3,1.192e-12,1.492e-19,,,,2.835e-18,4.671e-37,1.808e-5,,6.699e-25,4.401e-19,,,2.104e-21,5.699e-17,1.107e-1,1.164e-28,,6.716e-22,3.081e-1,1.145e-16,4.833e-2,,4.005e-9,6.139e-1,2.219e-17,,,,,1.285e-7,,,,,,,,,,,,,,
683.7,3.505e+0,5.356e-3,3.529e-20,4.832e-42,1.082e-17,,,1.392e-18,8.229e-20,,2.324e-16,2.432e+0,2.818e-29,8.797e-18,5.514e-3,1.141e-12,1.492e-19,,,,2.836e-18,4.667e-37,2.439e-5,,6.698e-25,4.409e-19,,,2.106e-21,5.703e-17,1.175e-1,1.164e-28,,6.718e-22,3.413e-1,1.145e-16,4.115e-2,,2.830e-9,5.622e-1,2.218e-17,,,,,1.801e-7,,,,,,,,,,,,,,
683.72,3.491e+0,4.974e-3,2.611e-20,4.837e-42,1.083e-17,,,1.392e-18,8.232e-20,,2.321e-16,2.429e+0,2.819e-29,8.797e-18,5.193e-3,1.107e-12,1.492e-19,,,,2.836e-18,4.665e-37,2.972e-5,,6.697e-25,4.414e-19,,,2.107e-21,5.705e-17,1.220e-1,1.164e-28,,6.720e-22,3.646e-1,1.145e-16,3.689e-2,,2.240e-9,5.291e-1,2.217e-17,,,,,2.252e-7,,,,,,,,,,,,,,
683.75,3.469e+0,4.439e-3,1.657e-20,4.844e-42,1.083e-17,,,1.392e-18,8.237e-20,,2.317e-16,2.417e+0,2.820e-29,8.797e-18,4.731e-3,1.056e-12,1.493e-19,,,,2.837e-18,4.661e-37,3.984e-5,,6.696e-25,4.421e-19,,,2.108e-21,5.708e-17,1.287e-1,1.164e-28,,6.722e-22,4.014e-1,1.145e-16,3.122e-2,,1.573e-9,4.815e-1,2.215e-17,,,,,3.138e-7,,,,,,,,,,,,,,
683.77,3.452e+0,4.106e-3,1.221e-20,4.848e-42,1.083e-17,,,1.392e-18,8.240e-20,,2.314e-16,2.404e+0,2.820e-29,8.797e-18,4.438e-3,1.023e-12,1.493e-19,,,,2.837e-18,4.659e-37,4.834e-5,,6.695e-25,6.354e-19,,,2.109e-21,5.710e-17,1.331e-1,1.164e-28,,6.724e-22,4.271e-1,1.146e-16,2.787e-2,,1.241e-9,4.513e-1,2.214e-17,,,,,3.907e-7,,,,,,,,,,,,,,
683.8,3.425e+0,3.642e-3,7.702e-21,4.855e-42,1.084e-17,,,1.392e-18,8.245e-20,,2.310e-16,2.379e+0,2.821e-29,8.797e-18,4.019e-3,9.744e-13,1.493e-19,,,,2.837e-18,4.656e-37,6.442e-5,,6.694e-25,1.424e-18,,,2.110e-21,5.714e-17,1.395e-1,1.164e-28,,6.727e-22,4.674e-1,1.146e-16,2.344e-2,,8.659e-10,4.083e-1,2.212e-17,,,,,5.412e-7,,,,,,,,,,,,,,
683.82,3.406e+0,3.355e-3,5.652e-21,4.860e-42,1.084e-17,,,1.392e-18,8.248e-20,,2.307e-16,2.358e+0,2.822e-29,8.797e-18,3.754e-3,9.433e-13,1.494e-19,,,,2.838e-18,4.653e-37,7.785e-5,,6.693e-25,2.041e-18,,,2.111e-21,5.716e-17,1.437e-1,1.164e-28,,6.728e-22,4.953e-1,1.146e-16,2.084e-2,,6.799e-10,3.811e-1,2.211e-17,,,,,6.711e-7,,,,,,,,,,,,,,
683.85,3.374e+0,2.957e-3,3.543e-21,4.866e-42,1.085e-17,,,1.392e-18,8.253e-20,,2.303e-16,2.319e+0,2.823e-29,8.796e-18,3.379e-3,8.986e-13,1.494e-19,,,,2.838e-18,4.650e-37,1.031e-4,,6.692e-25,3.491e-18,,,2.112e-21,5.719e-17,1.498e-1,1.164e-28,,6.731e-22,5.386e-1,1.146e-16,1.742e-2,,4.716e-10,3.426e-1,2.210e-17,,,,,9.239e-7,,,,,,,,,,,,,,
683.87,3.351e+0,2.713e-3,2.589e-21,4.871e-42,1.085e-17,,,1.392e-18,8.257e-20,,2.300e-16,2.289e+0,2.823e-29,8.796e-18,3.143e-3,8.705e-13,1.494e-19,,,,2.839e-18,4.647e-37,1.241e-4,,6.691e-25,4.982e-18,,,2.113e-21,5.721e-17,1.536e-1,1.164e-28,,6.732e-22,5.684e-1,1.146e-16,1.542e-2,,3.688e-10,3.185e-1,2.209e-17,,,,,1.141e-6,,,,,,,,,,,,,,
683.9,3.315e+0,2.377e-3,1.613e-21,4.878e-42,1.086e-17,,,1.392e-18,8.261e-20,,2.295e-16,2.239e+0,2.824e-29,8.796e-18,2.812e-3,8.311e-13,1.495e-19,,,,2.839e-18,4.644e-37,1.633e-4,,6.690e-25,8.468e-18,,,2.115e-21,5.725e-17,1.591e-1,1.164e-28,,6.735e-22,6.144e-1,1.147e-16,1.281e-2,,2.542e-10,2.846e-1,2.207e-17,,,,,1.561e-6,,,,,,,,,,,,,,
683.92,3.290e+0,2.172e-3,1.174e-21,4.882e-42,1.086e-17,,,1.392e-18,8.265e-20,,2.293e-16,2.202e+0,2.825e-29,8.796e-18,2.605e-3,8.070e-13,1.495e-19,,,,2.840e-18,4.641e-37,1.958e-4,,6.690e-25,1.204e-17,,,2.116e-21,5.727e-17,1.626e-1,1.164e-28,,6.736e-22,6.458e-1,1.147e-16,1.130e-2,,1.980e-10,2.635e-1,2.206e-17,,,,,1.920e-6,,,,,,,,,,,,,,
683.94,3.263e+0,1.981e-3,8.530e-22,4.887e-42,1.086e-17,,,1.392e-18,8.268e-20,,2.290e-16,2.161e+0,2.825e-29,8.796e-18,2.410e-3,7.847e-13,1.495e-19,,,,2.840e-18,4.639e-37,2.343e-4,,6.689e-25,1.708e-17,,,2.117e-21,5.729e-17,1.658e-1,1.164e-28,,6.738e-22,6.776e-1,1.147e-16,9.948e-3,,1.539e-10,2.435e-1,2.205e-17,,,,,2.358e-6,,,,,,,,,,,,,,
683.97,3.221e+0,1.721e-3,5.267e-22,4.894e-42,1.087e-17,,,1.391e-18,8.273e-20,,2.285e-16,2.096e+0,2.826e-29,8.796e-18,2.137e-3,7.549e-13,1.496e-19,,,,2.841e-18,4.636e-37,3.058e-4,,6.688e-25,2.879e-17,,,2.118e-21,5.732e-17,1.703e-1,1.164e-28,,6.741e-22,7.262e-1,1.147e-16,8.193e-3,,1.052e-10,2.157e-1,2.203e-17,,,,,3.200e-6,,,,,,,,,,,,,,
683.99,3.191e+0,1.563e-3,3.812e-22,4.898e-42,1.087e-17,,,1.391e-18,8.276e-20,,2.282e-16,2.050e+0,2.827e-29,8.796e-18,1.969e-3,7.378e-13,1.496e-19,,,,2.841e-18,4.633e-37,3.645e-4,,6.687e-25,4.070e-17,,,2.119e-21,5.734e-17,1.730e-1,1.164e-28,,6.742e-22,7.589e-1,1.147e-16,7.183e-3,,8.145e-11,1.986e-1,2.202e-17,,,,,3.913e-6,,,,,,,,,,,,,,
684.02,3.145e+0,1.349e-3,2.339e-22,4.905e-42,1.087e-17,,,1.391e-18,8.281e-20,,2.278e-16,1.976e+0,2.828e-29,8.795e-18,1.736e-3,7.164e-13,1.496e-19,,,,2.842e-18,4.630e-37,4.729e-4,,6.686e-25,6.818e-17,,,2.120e-21,5.738e-17,1.766e-1,1.165e-28,,6.745e-22,8.083e-1,1.148e-16,5.880e-3,,5.532e-11,1.748e-1,2.201e-17,,,,,5.277e-6,,,,,,,,,,,,,,
684.04,3.113e+0,1.221e-3,1.686e-22,4.910e-42,1.088e-17,,,1.391e-18,8.284e-20,,2.275e-16,1.924e+0,2.828e-29,8.795e-18,1.592e-3,7.051e-13,1.496e-19,,,,2.842e-18,4.627e-37,5.613e-4,,6.685e-25,9.599e-17,,,2.121e-21,5.740e-17,1.787e-1,1.165e-28,,6.746e-22,8.413e-1,1.148e-16,5.134e-3,,4.266e-11,1.603e-1,2.199e-17,,,,,6.428e-6,,,,,,,,,,,,,,
684.07,3.064e+0,1.047e-3,1.028e-22,4.916e-42,1.088e-17,,,1.391e-18,8.289e-20,,2.271e-16,1.844e+0,2.829e-29,8.795e-18,1.395e-3,6.931e-13,1.497e-19,,,,2.842e-18,4.624e-37,7.238e-4,,6.684e-25,1.598e-16,,,2.123e-21,5.743e-17,1.814e-1,1.165e-28,,6.749e-22,8.906e-1,1.148e-16,4.177e-3,,2.879e-11,1.402e-1,2.198e-17,,,,,8.616e-6,,,,,,,,,,,,,,
684.09,3.030e+0,9.436e-4,7.378e-23,4.921e-42,1.089e-17,,,1.391e-18,8.292e-20,,2.268e-16,1.789e+0,2.830e-29,8.795e-18,1.275e-3,6.884e-13,1.497e-19,,,,2.843e-18,4.621e-37,8.557e-4,,6.683e-25,2.241e-16,,,2.124e-21,5.745e-17,1.828e-1,1.165e-28,,6.750e-22,9.232e-1,1.148e-16,3.632e-3,,2.211e-11,1.280e-1,2.197e-17,,,,,1.045e-5,,,,,,,,,,,,,,
684.12,2.977e+0,8.046e-4,4.472e-23,4.928e-42,1.089e-17,,,1.391e-18,8.297e-20,,2.264e-16,1.704e+0,2.830e-29,8.795e-18,1.110e-3,6.867e-13,1.498e-19,,,,2.843e-18,4.618e-37,1.097e-3,,6.682e-25,3.710e-16,,,2.125e-21,5.749e-17,1.845e-1,1.165e-28,,6.753e-22,9.713e-1,1.149e-16,2.936e-3,,1.483e-11,1.113e-1,2.195e-17,,,,,1.392e-5,,,,,,,,,,,,,,
684.14,2.941e+0,7.220e-4,3.196e-23,4.932e-42,1.089e-17,,,1.391e-18,8.301e-20,,2.261e-16,1.646e+0,2.831e-29,8.795e-18,1.010e-3,6.891e-13,1.498e-19,,,,2.844e-18,4.615e-37,1.291e-3,,6.681e-25,5.181e-16,,,2.126e-21,5.751e-17,1.852e-1,1.165e-28,,6.755e-22,1.003e+0,1.149e-16,2.543e-3,,1.134e-11,1.012e-1,2.194e-17,,,,,1.682e-5,,,,,,,,,,,,,,
684.17,2.885e+0,6.118e-4,1.925e-23,4.939e-42,1.090e-17,,,1.391e-18,8.305e-20,,2.257e-16,1.558e+0,2.832e-29,8.794e-18,8.740e-4,6.984e-13,1.498e-19,,,,2.844e-18,4.612e-37,1.645e-3,,6.680e-25,8.524e-16,,,2.127e-21,5.754e-17,1.858e-1,1.165e-28,,6.757e-22,1.049e+0,1.149e-16,2.043e-3,,7.563e-12,8.751e-2,2.192e-17,,,,,2.228e-5,,,,,,,,,,,,,,
684.19,2.847e+0,5.467e-4,1.370e-23,4.944e-42,1.090e-17,,,1.391e-18,8.309e-20,,2.254e-16,1.499e+0,2.833e-29,8.794e-18,7.921e-4,7.084e-13,1.499e-19,,,,2.845e-18,4.610e-37,1.929e-3,,6.680e-25,1.186e-15,,,2.128e-21,5.756e-17,1.859e-1,1.165e-28,,6.759e-22,1.078e+0,1.149e-16,1.763e-3,,5.760e-12,7.924e-2,2.191e-17,,,,,2.681e-5,,,,,,,,,,,,,,
684.22,2.790e+0,4.605e-4,8.204e-24,4.951e-42,1.091e-17,,,1.391e-18,8.314e-20,,2.249e-16,1.411e+0,2.833e-29,8.794e-18,6.813e-4,7.291e-13,1.499e-19,,,,2.845e-18,4.606e-37,2.442e-3,,6.679e-25,1.939e-15,,,2.130e-21,5.760e-17,1.854e-1,1.165e-28,,6.761e-22,1.121e+0,1.150e-16,1.408e-3,,3.816e-12,6.807e-2,2.190e-17,,,,,3.528e-5,,,,,,,,,,,,,,
684.24,2.750e+0,4.098e-4,5.815e-24,4.955e-42,1.091e-17,,,1.391e-18,8.317e-20,,2.246e-16,1.352e+0,2.834e-29,8.794e-18,6.149e-4,7.469e-13,1.499e-19,,,,2.846e-18,4.604e-37,2.852e-3,,6.678e-25,2.686e-15,,,2.130e-21,5.762e-17,1.848e-1,1.165e-28,,6.763e-22,1.147e+0,1.150e-16,1.209e-3,,2.894e-12,6.139e-2,2.189e-17,,,,,4.228e-5,,,,,,,,,,,,,,
684.27,2.691e+0,3.431e-4,3.460e-24,4.962e-42,1.092e-17,,,1.391e-18,8.322e-20,,2.242e-16,1.264e+0,2.835e-29,8.794e-18,5.256e-4,7.795e-13,1.500e-19,,,,2.846e-18,4.600e-37,3.588e-3,,6.677e-25,4.366e-15,,,2.132e-21,5.765e-17,1.834e-1,1.165e-28,,6.765e-22,1.185e+0,1.150e-16,9.596e-4,,1.906e-12,5.241e-2,2.187e-17,,,,,5.531e-5,,,,,,,,,,,,,,
684.29,2.650e+0,3.041e-4,2.442e-24,4.967e-42,1.092e-17,,,1.391e-18,8.325e-20,,2.239e-16,1.206e+0,2.835e-29,8.794e-18,4.724e-4,8.052e-13,1.500e-19,,,,2.846e-18,4.598e-37,4.174e-3,,6.676e-25,6.024e-15,,,2.133e-21,5.767e-17,1.821e-1,1.165e-28,,6.767e-22,1.209e+0,1.150e-16,8.209e-4,,1.440e-12,4.707e-2,2.186e-17,,,,,6.602e-5,,,,,,,,,,,,,,
684.31,2.609e+0,2.691e-4,1.721e-24,4.971e-42,1.092e-17,,,1.391e-18,8.328e-20,,2.236e-16,1.149e+0,2.836e-29,8.793e-18,4.240e-4,8.341e-13,1.500e-19,,,,2.847e-18,4.595e-37,4.847e-3,,6.675e-25,8.298e-15,,,2.134e-21,5.770e-17,1.806e-1,1.165e-28,,6.769e-22,1.231e+0,1.150e-16,7.011e-4,,1.086e-12,4.221e-2,2.185e-17,,,,,7.867e-5,,,,,,,,,,,,,,
684.34,2.547e+0,2.233e-4,1.015e-24,4.978e-42,1.093e-17,,,1.391e-18,8.333e-20,,2.232e-16,1.066e+0,2.837e-29,8.793e-18,3.593e-4,8.833e-13,1.501e-19,,,,2.847e-18,4.592e-37,6.047e-3,,6.674e-25,1.337e-14,,,2.135e-21,5.773e-17,1.779e-1,1.165e-28,,6.771e-22,1.260e+0,1.151e-16,5.516e-4,,7.087e-13,3.572e-2,2.183e-17,,,,,1.020e-4,,,,,,,,,,,,,,
684.36,2.505e+0,1.968e-4,7.124e-25,4.982e-42,1.093e-17,,,1.391e-18,8.336e-20,,2.229e-16,1.011e+0,2.838e-29,8.793e-18,3.211e-4,9.200e-13,1.501e-19,,,,2.848e-18,4.590e-37,6.994e-3,,6.673e-25,1.835e-14,,,2.136e-21,5.775e-17,1.759e-1,1.165e-28,,6.773e-22,1.278e+0,1.151e-16,4.692e-4,,5.323e-13,3.190e-2,2.182e-17,,,,,1.211e-4,,,,,,,,,,,,,,
684.39,2.442e+0,1.623e-4,4.176e-25,4.989e-42,1.094e-17,,,1.390e-18,8.341e-20,,2.225e-16,9.320e-1,2.838e-29,8.793e-18,2.705e-4,9.807e-13,1.501e-19,,,,2.848e-18,4.586e-37,8.673e-3,,6.672e-25,2.940e-14,,,2.137e-21,5.778e-17,1.725e-1,1.165e-28,,6.775e-22,1.301e+0,1.151e-16,3.669e-4,,3.453e-13,2.684e-2,2.181e-17,,,,,1.561e-4,,,,,,,,,,,,,,
684.41,2.399e+0,1.425e-4,2.919e-25,4.994e-42,1.094e-17,,,1.390e-18,8.344e-20,,2.222e-16,8.808e-1,2.839e-29,8.793e-18,2.407e-4,1.025e-12,1.501e-19,,,,2.849e-18,4.584e-37,9.990e-3,,6.671e-25,4.017e-14,,,2.138e-21,5.781e-17,1.701e-1,1.165e-28,,6.777e-22,1.314e+0,1.151e-16,3.108e-4,,2.583e-13,2.387e-2,2.180e-17,,,,,1.845e-4,,,,,,,,,,,,,,
684.44,2.335e+0,1.168e-4,1.700e-25,5.001e-42,1.094e-17,,,1.390e-18,8.349e-20,,2.218e-16,8.068e-1,2.840e-29,8.793e-18,2.015e-4,1.097e-12,1.502e-19,,,,2.849e-18,4.580e-37,1.231e-2,,6.670e-25,6.397e-14,,,2.140e-21,5.784e-17,1.662e-1,1.165e-28,,6.779e-22,1.329e+0,1.152e-16,2.416e-4,,1.665e-13,1.996e-2,2.178e-17,,,,,2.364e-4,,,,,,,,,,,,,,
684.46,2.292e+0,1.021e-4,1.183e-25,5.005e-42,1.095e-17,,,1.390e-18,8.353e-20,,2.215e-16,7.594e-1,2.840e-29,8.793e-18,1.786e-4,1.148e-12,1.502e-19,,,,2.850e-18,4.578e-37,1.413e-2,,6.670e-25,8.706e-14,,,2.141e-21,5.786e-17,1.634e-1,1.165e-28,,6.781e-22,1.337e+0,1.152e-16,2.038e-4,,1.240e-13,1.767e-2,2.177e-17,,,,,2.783e-4,,,,,,,,,,,,,,
684.49,2.227e+0,8.316e-5,6.851e-26,5.012e-42,1.095e-17,,,1.390e-18,8.357e-20,,2.210e-16,6.913e-1,2.841e-29,8.792e-18,1.486e-4,1.229e-12,1.503e-19,,,,2.850e-18,4.574e-37,1.730e-2,,6.669e-25,1.378e-13,,,2.142e-21,5.789e-17,1.591e-1,1.165e-28,,6.783e-22,1.344e+0,1.152e-16,1.574e-4,,7.948e-14,1.469e-2,2.175e-17,,,,,3.545e-4,,,,,,,,,,,,,,
684.51,2.184e+0,7.239e-5,4.749e-26,5.017e-42,1.095e-17,,,1.390e-18,8.361e-20,,2.208e-16,6.480e-1,2.842e-29,8.792e-18,1.312e-4,1.287e-12,1.503e-19,,,,2.851e-18,4.572e-37,1.977e-2,,6.668e-25,1.868e-13,,,2.143e-21,5.792e-17,1.562e-1,1.166e-28,,6.785e-22,1.346e+0,1.152e-16,1.322e-4,,5.895e-14,1.295e-2,2.174e-17,,,,,4.156e-4,,,,,,,,,,,,,,
684.54,2.119e+0,5.861e-5,4.741e-26,5.023e-42,1.096e-17,,,1.390e-18,8.366e-20,,2.203e-16,5.863e-1,2.843e-29,8.792e-18,1.085e-4,1.377e-12,1.503e-19,,,,2.851e-18,4.568e-37,2.407e-2,,6.667e-25,2.939e-13,,,2.144e-21,5.795e-17,1.518e-1,1.166e-28,,6.787e-22,1.345e+0,1.152e-16,1.015e-4,,3.755e-14,1.070e-2,2.173e-17,,,,,5.260e-4,,,,,,,,,,,,,,
684.56,2.076e+0,5.081e-5,4.735e-26,5.028e-42,1.096e-17,,,1.390e-18,8.369e-20,,2.200e-16,5.473e-1,2.843e-29,8.792e-18,9.538e-5,1.440e-12,1.503e-19,,,,2.851e-18,4.566e-37,2.739e-2,,6.666e-25,3.968e-13,,,2.145e-21,5.797e-17,1.489e-1,1.166e-28,,6.789e-22,1.342e+0,1.153e-16,8.495e-5,,2.773e-14,9.398e-3,2.171e-17,,,,,6.143e-4,,,,,,,,,,,,,,
684.59,2.012e+0,4.089e-5,4.727e-26,5.035e-42,1.097e-17,,,1.390e-18,8.374e-20,,2.196e-16,4.922e-1,2.844e-29,8.792e-18,7.838e-5,1.537e-12,1.504e-19,,,,2.852e-18,4.562e-37,3.315e-2,,6.665e-25,6.205e-13,,,2.147e-21,5.800e-17,1.446e-1,1.166e-28,,6.792e-22,1.333e+0,1.153e-16,6.481e-5,,1.755e-14,7.714e-3,2.170e-17,,,,,7.728e-4,,,,,,,,,,,,,,
684.61,1.969e+0,3.530e-5,4.721e-26,5.039e-42,1.097e-17,,,1.390e-18,8.377e-20,,2.193e-16,4.576e-1,2.845e-29,8.792e-18,6.863e-5,1.604e-12,1.504e-19,,,,2.852e-18,4.560e-37,3.757e-2,,6.664e-25,8.343e-13,,,2.148e-21,5.803e-17,1.419e-1,1.166e-28,,6.793e-22,1.324e+0,1.153e-16,5.400e-5,,1.291e-14,6.749e-3,2.169e-17,,,,,8.988e-4,,,,,,,,,,,,,,
684.64,1.906e+0,2.824e-5,4.713e-26,5.046e-42,1.098e-17,,,1.390e-18,8.382e-20,,2.189e-16,4.090e-1,2.846e-29,8.791e-18,5.605e-5,1.706e-12,1.505e-19,,,,2.853e-18,4.556e-37,4.519e-2,,6.663e-25,1.297e-12,,,2.149e-21,5.806e-17,1.379e-1,1.166e-28,,6.796e-22,1.308e+0,1.153e-16,4.095e-5,,8.123e-15,5.505e-3,2.167e-17,,,,,1.124e-3,,,,,,,,,,,,,,
684.66,1.865e+0,2.428e-5,4.707e-26,5.051e-42,1.098e-17,,,1.390e-18,8.385e-20,,2.186e-16,3.787e-1,2.846e-29,8.791e-18,4.888e-5,1.776e-12,1.505e-19,,,,2.853e-18,4.554e-37,5.101e-2,,6.662e-25,1.737e-12,,,2.150e-21,5.808e-17,1.354e-1,1.166e-28,,6.797e-22,1.294e+0,1.154e-16,3.398e-5,,5.951e-15,4.797e-3,2.166e-17,,,,,1.302e-3,,,,,,,,,,,,,,
684.69,1.804e+0,1.930e-5,4.699e-26,5.058e-42,1.098e-17,,,1.390e-18,8.390e-20,,2.182e-16,3.364e-1,2.847e-29,8.791e-18,3.968e-5,1.881e-12,1.505e-19,,,,2.854e-18,4.551e-37,6.098e-2,,6.661e-25,2.684e-12,,,2.151e-21,5.811e-17,1.320e-1,1.166e-28,,6.800e-22,1.269e+0,1.154e-16,2.561e-5,,3.720e-15,3.889e-3,2.164e-17,,,,,1.618e-3,,,,,,,,,,,,,,
684.71,1.765e+0,1.653e-5,4.693e-26,5.062e-42,1.099e-17,,,1.390e-18,8.393e-20,,2.179e-16,3.102e-1,2.848e-29,8.791e-18,3.446e-5,1.952e-12,1.505e-19,,,,2.854e-18,4.548e-37,6.855e-2,,6.660e-25,3.579e-12,,,2.152e-21,5.814e-17,1.300e-1,1.166e-28,,6.801e-22,1.251e+0,1.154e-16,2.117e-5,,2.714e-15,3.375e-3,2.163e-17,,,,,1.866e-3,,,,,,,,,,,,,,
684.73,1.726e+0,1.413e-5,4.687e-26,5.067e-42,1.099e-17,,,1.390e-18,8.396e-20,,2.176e-16,2.856e-1,2.848e-29,8.791e-18,2.988e-5,2.022e-12,1.506e-19,,,,2.855e-18,4.546e-37,7.694e-2,,6.660e-25,4.767e-12,,,2.153e-21,5.816e-17,1.282e-1,1.166e-28,,6.803e-22,1.231e+0,1.154e-16,1.746e-5,,1.977e-15,2.923e-3,2.162e-17,,,,,2.150e-3,,,,,,,,,,,,,,
684.76,1.671e+0,1.113e-5,4.679e-26,5.074e-42,1.100e-17,,,1.390e-18,8.401e-20,,2.172e-16,2.515e-1,2.849e-29,8.791e-18,2.404e-5,2.128e-12,1.506e-19,,,,2.855e-18,4.542e-37,9.120e-2,,6.659e-25,7.303e-12,,,2.154e-21,5.819e-17,1.260e-1,1.166e-28,,6.806e-22,1.197e+0,1.154e-16,1.305e-5,,1.225e-15,2.350e-3,2.161e-17,,,,,2.649e-3,,,,,,,,,,,,,,
684.78,1.635e+0,9.480e-6,4.673e-26,5.078e-42,1.100e-17,,,1.390e-18,8.405e-20,,2.169e-16,2.306e-1,2.850e-29,8.790e-18,2.076e-5,2.197e-12,1.506e-19,,,,2.855e-18,4.540e-37,1.019e-1,,6.658e-25,9.686e-12,,,2.155e-21,5.821e-17,1.248e-1,1.166e-28,,6.807e-22,1.173e+0,1.155e-16,1.072e-5,,8.888e-16,2.027e-3,2.160e-17,,,,,3.039e-3,,,,,,,,,,,,,,
684.81,1.585e+0,7.425e-6,4.665e-26,5.085e-42,1.100e-17,,,1.389e-18,8.409e-20,,2.164e-16,2.018e-1,2.851e-29,8.790e-18,1.661e-5,2.299e-12,1.507e-19,,,,2.856e-18,4.536e-37,1.201e-1,,6.657e-25,1.475e-11,,,2.157e-21,5.825e-17,1.236e-1,1.166e-28,,6.810e-22,1.134e+0,1.155e-16,7.962e-6,,5.474e-16,1.620e-3,2.158e-17,,,,,3.722e-3,,,,,,,,,,,,,,
684.83,1.554e+0,6.296e-6,4.659e-26,5.089e-42,1.101e-17,,,1.389e-18,8.413e-20,,2.162e-16,1.843e-1,2.851e-29,8.790e-18,1.428e-5,2.365e-12,1.507e-19,,,,2.856e-18,4.534e-37,1.337e-1,,6.656e-25,1.949e-11,,,2.158e-21,5.827e-17,1.233e-1,1.166e-28,,6.811e-22,1.107e+0,1.155e-16,6.515e-6,,3.955e-16,1.392e-3,2.157e-17,,,,,4.252e-3,,,,,,,,,,,,,,
684.86,1.510e+0,4.901e-6,4.651e-26,5.096e-42,1.101e-17,,,1.389e-18,8.418e-20,,2.157e-16,1.603e-1,2.852e-29,8.790e-18,1.135e-5,2.461e-12,1.507e-19,,,,2.857e-18,4.531e-37,1.566e-1,,6.655e-25,2.950e-11,,,2.159e-21,5.830e-17,1.233e-1,1.166e-28,,6.814e-22,1.063e+0,1.155e-16,4.808e-6,,2.421e-16,1.105e-3,2.155e-17,,,,,5.176e-3,,,,,,,,,,,,,,
684.88,1.484e+0,4.139e-6,4.645e-26,5.101e-42,1.102e-17,,,1.389e-18,8.421e-20,,2.154e-16,1.458e-1,2.853e-29,8.790e-18,9.722e-6,2.523e-12,1.508e-19,,,,2.857e-18,4.528e-37,1.736e-1,,6.654e-25,3.881e-11,,,2.160e-21,5.832e-17,1.238e-1,1.166e-28,,6.816e-22,1.034e+0,1.155e-16,3.919e-6,,1.742e-16,9.455e-4,2.154e-17,,,,,5.889e-3,,,,,,,,,,,,,,
684.91,1.448e+0,3.202e-6,4.637e-26,5.108e-42,1.102e-17,,,1.389e-18,8.426e-20,,2.150e-16,1.261e-1,2.854e-29,8.790e-18,7.681e-6,2.610e-12,1.508e-19,,,,2.858e-18,4.525e-37,2.020e-1,,6.653e-25,5.839e-11,,,2.161e-21,5.836e-17,1.253e-1,1.166e-28,,6.818e-22,9.871e-1,1.156e-16,2.874e-6,,1.060e-16,7.461e-4,2.153e-17,,,,,7.126e-3,,,,,,,,,,,,,,
684.93,1.428e+0,2.693e-6,4.631e-26,5.112e-42,1.102e-17,,,1.389e-18,8.429e-20,,2.147e-16,1.142e-1,2.854e-29,8.790e-18,6.551e-6,2.665e-12,1.508e-19,,,,2.858e-18,4.522e-37,2.231e-1,,6.652e-25,7.651e-11,,,2.162e-21,5.838e-17,1.268e-1,1.166e-28,,6.820e-22,9.554e-1,1.156e-16,2.333e-6,,7.591e-17,6.358e-4,2.152e-17,,,,,8.075e-3,,,,,,,,,,,,,,
684.96,1.403e+0,2.071e-6,4.623e-26,5.119e-42,1.103e-17,,,1.389e-18,8.434e-20,,2.143e-16,9.812e-2,2.855e-29,8.789e-18,5.144e-6,2.741e-12,1.509e-19,,,,2.859e-18,4.519e-37,2.581e-1,,6.651e-25,1.144e-10,,,2.164e-21,5.841e-17,1.298e-1,1.166e-28,,6.822e-22,9.070e-1,1.156e-16,1.701e-6,,4.590e-17,4.986e-4,2.150e-17,,,,,9.711e-3,,,,,,,,,,,,,,
684.98,1.390e+0,1.734e-6,4.617e-26,5.124e-42,1.103e-17,,,1.389e-18,8.437e-20,,2.140e-16,8.850e-2,2.856e-29,8.789e-18,4.370e-6,2.787e-12,1.509e-19,,,,2.859e-18,4.516e-37,2.838e-1,,6.650e-25,1.493e-10,,,2.165e-21,5.843e-17,1.323e-1,1.166e-28,,6.824e-22,8.742e-1,1.156e-16,1.375e-6,,3.275e-17,4.232e-4,2.149e-17,,,,,1.096e-2,,,,,,,,,,,,,,
685.01,1.377e+0,1.325e-6,4.609e-26,5.130e-42,1.104e-17,,,1.389e-18,8.442e-20,,2.136e-16,7.559e-2,2.857e-29,8.789e-18,3.410e-6,2.850e-12,1.509e-19,,,,2.860e-18,4.513e-37,3.263e-1,,6.649e-25,2.220e-10,,,2.166e-21,5.847e-17,1.368e-1,1.166e-28,,6.826e-22,8.248e-1,1.157e-16,9.959e-7,,1.968e-17,3.299e-4,2.147e-17,,,,,1.310e-2,,,,,,,,,,,,,,
685.03,1.373e+0,1.105e-6,4.603e-26,5.135e-42,1.104e-17,,,1.389e-18,8.445e-20,,2.133e-16,6.790e-2,2.857e-29,8.789e-18,2.885e-6,2.887e-12,1.510e-19,,,,2.860e-18,4.510e-37,3.574e-1,,6.649e-25,2.886e-10,,,2.167e-21,5.849e-17,1.404e-1,1.167e-28,,6.828e-22,7.918e-1,1.157e-16,8.017e-7,,1.398e-17,2.788e-4,2.146e-17,,,,,1.472e-2,,,,,,,,,,,,,,
685.06,1.373e+0,8.396e-7,4.595e-26,5.142e-42,1.104e-17,,,1.389e-18,8.450e-20,,2.128e-16,5.764e-2,2.858e-29,8.789e-18,2.238e-6,2.934e-12,1.510e-19,,,,2.861e-18,4.507e-37,4.084e-1,,6.648e-25,4.264e-10,,,2.168e-21,5.852e-17,1.466e-1,1.167e-28,,6.830e-22,7.425e-1,1.157e-16,5.772e-7,,8.349e-18,2.160e-4,2.145e-17,,,,,1.749e-2,,,,,,,,,,,,,,
685.08,1.378e+0,6.974e-7,4.589e-26,5.146e-42,1.105e-17,,,1.389e-18,8.453e-20,,2.126e-16,5.157e-2,2.859e-29,8.789e-18,1.885e-6,2.960e-12,1.510e-19,,,,2.861e-18,4.505e-37,4.456e-1,,6.647e-25,5.520e-10,,,2.169e-21,5.854e-17,1.512e-1,1.167e-28,,6.832e-22,7.099e-1,1.157e-16,4.628e-7,,5.909e-18,1.818e-4,2.143e-17,,,,,1.958e-2,,,,,,,,,,,,,,
685.1,1.387e+0,5.784e-7,4.584e-26,5.151e-42,1.105e-17,,,1.389e-18,8.457e-20,,2.123e-16,4.606e-2,2.859e-29,8.788e-18,1.585e-6,2.981e-12,1.511e-19,,,,2.861e-18,4.502e-37,4.852e-1,,6.646e-25,7.135e-10,,,2.170e-21,5.857e-17,1.563e-1,1.167e-28,,6.834e-22,6.776e-1,1.157e-16,3.704e-7,,4.174e-18,1.528e-4,2.142e-17,,,,,2.189e-2,,,,,,,,,,,,,,
685.13,1.409e+0,4.355e-7,4.575e-26,5.158e-42,1.106e-17,,,1.389e-18,8.461e-20,,2.118e-16,3.876e-2,2.860e-29,8.788e-18,1.219e-6,3.005e-12,1.511e-19,,,,2.862e-18,4.499e-37,5.498e-1,,6.645e-25,1.045e-9,,,2.172e-21,5.860e-17,1.647e-1,1.167e-28,,6.836e-22,6.300e-1,1.158e-16,2.644e-7,,2.471e-18,1.174e-4,2.141e-17,,,,,2.578e-2,,,,,,,,,,,,,,
685.15,1.429e+0,3.597e-7,4.570e-26,5.162e-42,1.106e-17,,,1.389e-18,8.465e-20,,2.115e-16,3.448e-2,2.861e-29,8.788e-18,1.021e-6,3.014e-12,1.511e-19,,,,2.862e-18,4.496e-37,5.964e-1,,6.644e-25,1.346e-9,,,2.172e-21,5.862e-17,1.709e-1,1.167e-28,,6.838e-22,5.989e-1,1.158e-16,2.108e-7,,1.739e-18,9.822e-5,2.140e-17,,,,,2.870e-2,,,,,,,,,,,,,,
685.18,1.468e+0,2.692e-7,4.561e-26,5.169e-42,1.106e-17,,,1.389e-18,8.470e-20,,2.111e-16,2.884e-2,2.861e-29,8.788e-18,7.805e-7,3.020e-12,1.512e-19,,,,2.863e-18,4.493e-37,6.716e-1,,6.643e-25,1.960e-9,,,2.174e-21,5.865e-17,1.808e-1,1.167e-28,,6.840e-22,5.534e-1,1.158e-16,1.495e-7,,1.023e-18,7.498e-5,2.138e-17,,,,,3.360e-2,,,,,,,,,,,,,,
685.2,1.500e+0,2.215e-7,4.556e-26,5.174e-42,1.107e-17,,,1.389e-18,8.473e-20,,2.108e-16,2.555e-2,2.862e-29,8.788e-18,6.511e-7,3.017e-12,1.512e-19,,,,2.863e-18,4.490e-37,7.255e-1,,6.642e-25,2.513e-9,,,2.175e-21,5.868e-17,1.879e-1,1.167e-28,,6.842e-22,5.239e-1,1.158e-16,1.187e-7,,7.168e-19,6.250e-5,2.137e-17,,,,,3.725e-2,,,,,,,,,,,,,,
685.23,1.557e+0,1.647e-7,4.547e-26,5.181e-42,1.107e-17,,,1.389e-18,8.478e-20,,2.104e-16,2.124e-2,2.863e-29,8.788e-18,4.946e-7,3.004e-12,1.512e-19,,,,2.864e-18,4.487e-37,8.121e-1,,6.641e-25,3.638e-9,,,2.176e-21,5.871e-17,1.993e-1,1.167e-28,,6.844e-22,4.812e-1,1.159e-16,8.369e-8,,4.191e-19,4.741e-5,2.135e-17,,,,,4.335e-2,,,,,,,,,,,,,,
685.25,1.601e+0,1.349e-7,4.542e-26,5.185e-42,1.108e-17,,,1.388e-18,8.481e-20,,2.101e-16,1.874e-2,2.864e-29,8.787e-18,4.109e-7,2.989e-12,1.513e-19,,,,2.864e-18,4.485e-37,8.738e-1,,6.641e-25,4.646e-9,,,2.177e-21,5.873e-17,2.073e-1,1.167e-28,,6.846e-22,4.537e-1,1.159e-16,6.616e-8,,2.925e-19,3.936e-5,2.134e-17,,,,,4.787e-2,,,,,,,,,,,,,,
685.28,1.677e+0,9.974e-8,4.533e-26,5.192e-42,1.108e-17,,,1.388e-18,8.486e-20,,2.097e-16,1.548e-2,2.864e-29,8.787e-18,3.102e-7,2.958e-12,1.513e-19,,,,2.865e-18,4.481e-37,9.721e-1,,6.639e-25,6.684e-9,,,2.178e-21,5.876e-17,2.200e-1,1.167e-28,,6.848e-22,4.142e-1,1.159e-16,4.637e-8,,1.700e-19,2.968e-5,2.133e-17,,,,,5.537e-2,,,,,,,,,,,,,,
685.3,1.734e+0,8.138e-8,4.528e-26,5.196e-42,1.108e-17,,,1.388e-18,8.489e-20,,2.094e-16,1.361e-2,2.865e-29,8.787e-18,2.567e-7,2.932e-12,1.513e-19,,,,2.865e-18,4.479e-37,1.042e+0,,6.639e-25,8.502e-9,,,2.179e-21,5.879e-17,2.288e-1,1.167e-28,,6.850e-22,3.889e-1,1.159e-16,3.651e-8,,1.181e-19,2.453e-5,2.132e-17,,,,,6.088e-2,,,,,,,,,,,,,,
685.33,1.828e+0,5.978e-8,4.519e-26,5.203e-42,1.109e-17,,,1.388e-18,8.494e-20,,2.090e-16,1.117e-2,2.866e-29,8.787e-18,1.926e-7,2.883e-12,1.514e-19,,,,2.866e-18,4.475e-37,1.152e+0,,6.638e-25,1.216e-8,,,2.181e-21,5.882e-17,2.426e-1,1.167e-28,,6.853e-22,3.528e-1,1.160e-16,2.543e-8,,6.821e-20,1.838e-5,2.130e-17,,,,,7.000e-2,,,,,,,,,,,,,,
685.35,1.898e+0,4.858e-8,4.514e-26,5.208e-42,1.109e-17,,,1.388e-18,8.497e-20,,2.087e-16,9.777e-3,2.866e-29,8.787e-18,1.587e-7,2.846e-12,1.514e-19,,,,2.866e-18,4.473e-37,1.229e+0,,6.637e-25,1.540e-8,,,2.182e-21,5.884e-17,2.521e-1,1.167e-28,,6.854e-22,3.300e-1,1.160e-16,1.994e-8,,7.293e-20,1.514e-5,2.129e-17,,,,,7.666e-2,,,,,,,,,,,,,,
685.38,2.011e+0,3.547e-8,4.505e-26,5.215e-42,1.110e-17,,,1.388e-18,8.502e-20,,2.082e-16,7.979e-3,2.867e-29,8.787e-18,1.183e-7,2.782e-12,1.514e-19,,,,2.867e-18,4.469e-37,1.351e+0,,6.636e-25,2.190e-8,,,2.183e-21,5.887e-17,2.667e-1,1.167e-28,,6.857e-22,2.975e-1,1.160e-16,1.380e-8,,8.000e-20,1.127e-5,2.127e-17,,,,,8.759e-2,,,,,,,,,,,,,,
685.4,2.092e+0,2.870e-8,4.500e-26,5.219e-42,1.110e-17,,,1.388e-18,8.505e-20,,2.079e-16,6.954e-3,2.868e-29,8.787e-18,9.711e-8,2.735e-12,1.515e-19,,,,2.867e-18,4.467e-37,1.436e+0,,6.635e-25,2.763e-8,,,2.184e-21,5.890e-17,2.767e-1,1.167e-28,,6.858e-22,2.771e-1,1.160e-16,1.078e-8,,8.472e-20,9.244e-6,2.126e-17,,,,,9.554e-2,,,,,,,,,,,,,,
685.43,2.223e+0,2.083e-8,4.491e-26,5.226e-42,1.111e-17,,,1.388e-18,8.510e-20,,2.075e-16,5.641e-3,2.869e-29,8.786e-18,7.197e-8,2.658e-12,1.515e-19,,,,2.867e-18,4.463e-37,1.569e+0,,6.634e-25,3.904e-8,,,2.185e-21,5.893e-17,2.920e-1,1.167e-28,,6.861e-22,2.484e-1,1.160e-16,7.413e-9,,9.180e-20,6.843e-6,2.125e-17,,,,,1.085e-1,,,,,,,,,,,,,,
685.45,2.316e+0,1.678e-8,4.486e-26,5.231e-42,1.111e-17,,,1.388e-18,8.514e-20,,2.072e-16,4.896e-3,2.869e-29,8.786e-18,5.882e-8,2.602e-12,1.515e-19,,,,2.868e-18,4.461e-37,1.660e+0,,6.633e-25,4.906e-8,,,2.186e-21,5.895e-17,3.024e-1,1.167e-28,,6.862e-22,2.304e-1,1.161e-16,5.765e-9,,9.651e-20,5.588e-6,2.124e-17,,,,,1.179e-1,,,,,,,,,,,,,,
685.47,2.413e+0,1.350e-8,4.480e-26,5.235e-42,1.111e-17,,,1.388e-18,8.517e-20,,2.069e-16,4.243e-3,2.870e-29,8.786e-18,4.799e-8,2.543e-12,1.516e-19,,,,2.868e-18,4.459e-37,1.755e+0,,6.632e-25,6.155e-8,,,2.187e-21,5.897e-17,3.128e-1,1.167e-28,,6.864e-22,2.134e-1,1.161e-16,4.476e-9,,1.012e-19,4.555e-6,2.122e-17,,,,,1.279e-1,,,,,,,,,,,,,,
685.5,2.566e+0,9.716e-9,4.472e-26,5.242e-42,1.112e-17,,,1.388e-18,8.522e-20,,2.065e-16,3.412e-3,2.871e-29,8.786e-18,3.527e-8,2.450e-12,1.516e-19,,,,2.869e-18,4.455e-37,1.901e+0,,6.631e-25,8.624e-8,,,2.189e-21,5.901e-17,3.285e-1,1.167e-28,,6.867e-22,1.896e-1,1.161e-16,3.053e-9,,1.083e-19,3.343e-6,2.121e-17,,,,,1.440e-1,,,,,,,,,,,,,,
685.52,2.673e+0,7.785e-9,4.466e-26,5.247e-42,1.112e-17,,,1.388e-18,8.525e-20,,2.062e-16,2.945e-3,2.871e-29,8.786e-18,2.866e-8,2.385e-12,1.516e-19,,,,2.869e-18,4.453e-37,2.000e+0,,6.631e-25,1.078e-7,,,2.190e-21,5.903e-17,3.391e-1,1.167e-28,,6.868e-22,1.749e-1,1.161e-16,2.361e-9,,1.130e-19,2.714e-6,2.120e-17,,,,,1.555e-1,,,,,,,,,,,,,,
685.55,2.839e+0,5.566e-9,4.458e-26,5.253e-42,1.112e-17,,,1.388e-18,8.530e-20,,2.058e-16,2.353e-3,2.872e-29,8.786e-18,2.093e-8,2.284e-12,1.517e-19,,,,2.870e-18,4.449e-37,2.154e+0,,6.629e-25,1.501e-7,,,2.191e-21,5.906e-17,3.548e-1,1.168e-28,,6.871e-22,1.544e-1,1.161e-16,1.600e-9,,1.201e-19,1.980e-6,2.118e-17,,,,,1.741e-1,,,,,,,,,,,,,,
685.57,2.954e+0,4.442e-9,4.452e-26,5.258e-42,1.113e-17,,,1.388e-18,8.533e-20,,2.055e-16,2.023e-3,2.873e-29,8.785e-18,1.694e-8,2.214e-12,1.517e-19,,,,2.870e-18,4.447e-37,2.257e+0,,6.629e-25,1.868e-7,,,2.192e-21,5.908e-17,3.653e-1,1.168e-28,,6.872e-22,1.418e-1,1.162e-16,1.232e-9,,1.248e-19,1.601e-6,2.117e-17,,,,,1.873e-1,,,,,,,,,,,,,,
685.6,3.131e+0,3.157e-9,4.444e-26,5.265e-42,1.113e-17,,,1.388e-18,8.538e-20,,2.051e-16,1.607e-3,2.874e-29,8.785e-18,1.229e-8,2.107e-12,1.517e-19,,,,2.871e-18,4.443e-37,2.415e+0,,6.628e-25,2.586e-7,,,2.193e-21,5.912e-17,3.807e-1,1.168e-28,,6.875e-22,1.245e-1,1.162e-16,8.301e-10,,1.319e-19,1.160e-6,2.115e-17,,,,,2.083e-1,,,,,,,,,,,,,,
685.62,3.251e+0,2.509e-9,4.438e-26,5.269e-42,1.114e-17,,,1.388e-18,8.541e-20,,2.048e-16,1.375e-3,2.874e-29,8.785e-18,9.907e-9,2.035e-12,1.518e-19,,,,2.871e-18,4.441e-37,2.522e+0,,6.627e-25,3.205e-7,,,2.194e-21,5.914e-17,3.909e-1,1.168e-28,,6.876e-22,1.139e-1,1.162e-16,6.366e-10,,1.366e-19,9.345e-7,2.114e-17,,,,,2.232e-1,,,,,,,,,,,,,,
685.65,3.435e+0,1.772e-9,4.430e-26,5.276e-42,1.114e-17,,,1.388e-18,8.546e-20,,2.044e-16,1.086e-3,2.875e-29,8.785e-18,7.146e-9,1.924e-12,1.518e-19,,,,2.871e-18,4.437e-37,2.682e+0,,6.626e-25,4.410e-7,,,2.196e-21,5.917e-17,4.058e-1,1.168e-28,,6.879e-22,9.936e-2,1.162e-16,4.262e-10,,1.437e-19,6.733e-7,2.113e-17,,,,,2.468e-1,,,,,,,,,,,,,,
685.67,3.559e+0,1.402e-9,4.424e-26,5.281e-42,1.114e-17,,,1.387e-18,8.549e-20,,2.041e-16,9.258e-4,2.876e-29,8.785e-18,5.736e-9,1.851e-12,1.518e-19,,,,2.872e-18,4.435e-37,2.789e+0,,6.625e-25,5.444e-7,,,2.196e-21,5.919e-17,4.155e-1,1.168e-28,,6.881e-22,9.053e-2,1.163e-16,3.255e-10,,1.484e-19,5.400e-7,2.112e-17,,,,,2.633e-1,,,,,,,,,,,,,,
685.7,3.746e+0,9.844e-10,4.416e-26,5.288e-42,1.115e-17,,,1.387e-18,8.554e-20,,2.036e-16,7.264e-4,2.877e-29,8.785e-18,4.112e-9,1.740e-12,1.519e-19,,,,2.872e-18,4.431e-37,2.948e+0,,6.624e-25,7.446e-7,,,2.198e-21,5.923e-17,4.297e-1,1.168e-28,,6.883e-22,7.849e-2,1.163e-16,2.166e-10,,1.555e-19,3.866e-7,2.110e-17,,,,,2.894e-1,,,,,,,,,,,,,,
685.72,3.871e+0,7.759e-10,4.410e-26,5.292e-42,1.115e-17,,,1.387e-18,8.557e-20,,2.033e-16,6.168e-4,2.877e-29,8.784e-18,3.287e-9,1.666e-12,1.519e-19,,,,2.873e-18,4.429e-37,3.052e+0,,6.623e-25,9.156e-7,,,2.199e-21,5.925e-17,4.388e-1,1.168e-28,,6.885e-22,7.122e-2,1.163e-16,1.648e-10,,1.602e-19,3.088e-7,2.109e-17,,,,,3.076e-1,,,,,,,,,,,,,,
685.75,4.057e+0,5.413e-10,4.402e-26,5.299e-42,1.116e-17,,,1.387e-18,8.562e-20,,2.029e-16,4.810e-4,2.878e-29,8.784e-18,2.342e-9,1.557e-12,1.519e-19,,,,2.873e-18,4.426e-37,3.207e+0,,6.622e-25,1.245e-6,,,2.200e-21,5.928e-17,4.519e-1,1.168e-28,,6.887e-22,6.138e-2,1.163e-16,1.090e-10,,1.673e-19,2.198e-7,2.107e-17,,,,,3.360e-1,,,,,,,,,,,,,,
685.77,4.179e+0,4.249e-10,4.396e-26,5.303e-42,1.116e-17,,,1.387e-18,8.566e-20,,2.026e-16,4.067e-4,2.879e-29,8.784e-18,1.865e-9,1.485e-12,1.520e-19,,,,2.874e-18,4.423e-37,3.307e+0,,6.621e-25,1.524e-6,,,2.201e-21,5.930e-17,4.603e-1,1.168e-28,,6.889e-22,5.547e-2,1.163e-16,8.254e-11,,1.720e-19,1.748e-7,2.106e-17,,,,,3.556e-1,,,,,,,,,,,,,,
685.8,4.360e+0,2.946e-10,4.388e-26,5.310e-42,1.117e-17,,,1.387e-18,8.570e-20,,2.022e-16,3.152e-4,2.880e-29,8.784e-18,1.320e-9,1.379e-12,1.520e-19,,,,2.874e-18,4.420e-37,3.454e+0,,6.620e-25,2.060e-6,,,2.202e-21,5.934e-17,4.722e-1,1.168e-28,,6.891e-22,4.750e-2,1.164e-16,5.425e-11,,1.791e-19,1.236e-7,2.105e-17,,,,,3.861e-1,,,,,,,,,,,,,,
685.82,4.477e+0,2.303e-10,4.382e-26,5.315e-42,1.117e-17,,,1.387e-18,8.574e-20,,2.019e-16,2.655e-4,2.880e-29,8.784e-18,1.047e-9,1.310e-12,1.520e-19,,,,2.875e-18,4.417e-37,3.548e+0,,6.619e-25,2.512e-6,,,2.203e-21,5.936e-17,4.798e-1,1.168e-28,,6.893e-22,4.276e-2,1.164e-16,4.093e-11,,1.838e-19,9.795e-8,2.104e-17,,,,,4.070e-1,,,,,,,,,,,,,,
685.84,4.592e+0,1.798e-10,4.376e-26,5.319e-42,1.117e-17,,,1.387e-18,8.577e-20,,2.016e-16,2.232e-4,2.881e-29,8.784e-18,8.287e-10,1.243e-12,1.521e-19,,,,2.875e-18,4.415e-37,3.638e+0,,6.619e-25,3.060e-6,,,2.204e-21,5.938e-17,4.870e-1,1.168e-28,,6.895e-22,3.842e-2,1.164e-16,3.083e-11,,1.885e-19,7.747e-8,2.103e-17,,,,,4.284e-1,,,,,,,,,,,,,,
685.87,4.758e+0,1.236e-10,4.368e-26,5.326e-42,1.118e-17,,,1.387e-18,8.582e-20,,2.012e-16,1.715e-4,2.882e-29,8.783e-18,5.818e-10,1.144e-12,1.521e-19,,,,2.876e-18,4.411e-37,3.767e+0,,6.618e-25,4.100e-6,,,2.206e-21,5.941e-17,4.970e-1,1.168e-28,,6.897e-22,3.262e-2,1.164e-16,2.009e-11,,1.956e-19,5.432e-8,2.101e-17,,,,,4.611e-1,,,,,,,,,,,,,,
685.89,4.863e+0,9.606e-11,4.362e-26,5.331e-42,1.118e-17,,,1.387e-18,8.585e-20,,2.009e-16,1.436e-4,2.882e-29,8.783e-18,4.587e-10,1.081e-12,1.521e-19,,,,2.876e-18,4.409e-37,3.847e+0,,6.617e-25,4.972e-6,,,2.207e-21,5.943e-17,5.033e-1,1.168e-28,,6.899e-22,2.919e-2,1.165e-16,1.507e-11,,2.003e-19,4.279e-8,2.100e-17,,,,,4.834e-1,,,,,,,,,,,,,,
685.92,5.013e+0,6.563e-11,4.354e-26,5.338e-42,1.119e-17,,,1.387e-18,8.590e-20,,2.005e-16,1.097e-4,2.883e-29,8.783e-18,3.200e-10,9.891e-13,1.522e-19,,,,2.876e-18,4.405e-37,3.959e+0,,6.616e-25,6.622e-6,,,2.208e-21,5.947e-17,5.119e-1,1.168e-28,,6.901e-22,2.464e-2,1.165e-16,9.758e-12,,2.074e-19,2.982e-8,2.098e-17,,,,,5.172e-1,,,,,,,,,,,,,,
685.94,5.106e+0,5.080e-11,4.348e-26,5.342e-42,1.119e-17,,,1.387e-18,8.593e-20,,2.002e-16,9.146e-5,2.884e-29,8.783e-18,2.513e-10,9.304e-13,1.522e-19,,,,2.877e-18,4.403e-37,4.027e+0,,6.615e-25,8.000e-6,,,2.209e-21,5.949e-17,5.172e-1,1.168e-28,,6.903e-22,2.196e-2,1.165e-16,7.289e-12,,2.121e-19,2.339e-8,2.097e-17,,,,,5.399e-1,,,,,,,,,,,,,,
685.97,5.236e+0,3.450e-11,4.340e-26,5.349e-42,1.119e-17,,,1.387e-18,8.598e-20,,1.997e-16,6.942e-5,2.885e-29,8.783e-18,1.742e-10,8.463e-13,1.522e-19,,,,2.877e-18,4.400e-37,4.119e+0,,6.614e-25,1.059e-5,,,2.210e-21,5.952e-17,5.244e-1,1.168e-28,,6.905e-22,1.842e-2,1.165e-16,4.691e-12,,2.192e-19,1.620e-8,2.096e-17,,,,,5.742e-1,,,,,,,,,,,,,,
685.99,5.315e+0,2.660e-11,4.334e-26,5.354e-42,1.120e-17,,,1.387e-18,8.601e-20,,1.995e-16,5.765e-5,2.885e-29,8.783e-18,1.362e-10,7.929e-13,1.523e-19,,,,2.878e-18,4.397e-37,4.173e+0,,6.613e-25,1.274e-5,,,2.211e-21,5.954e-17,5.288e-1,1.168e-28,,6.907e-22,1.635e-2,1.165e-16,3.490e-12,,2.239e-19,1.266e-8,2.094e-17,,,,,5.970e-1,,,,,,,,,,,,,,
686.02,5.421e+0,1.795e-11,4.326e-26,5.360e-42,1.120e-17,,,1.387e-18,8.606e-20,,1.990e-16,4.350e-5,2.886e-29,8.783e-18,9.390e-11,7.169e-13,1.523e-19,,,,2.878e-18,4.394e-37,4.242e+0,,6.612e-25,1.677e-5,,,2.213e-21,5.958e-17,5.345e-1,1.168e-28,,6.909e-22,1.363e-2,1.166e-16,2.233e-12,,2.310e-19,8.713e-9,2.093e-17,,,,,6.310e-1,,,,,,,,,,,,,,
686.04,5.484e+0,1.378e-11,4.320e-26,5.365e-42,1.120e-17,,,1.387e-18,8.609e-20,,1.987e-16,3.598e-5,2.887e-29,8.782e-18,7.312e-11,6.689e-13,1.523e-19,,,,2.879e-18,4.391e-37,4.280e+0,,6.611e-25,2.009e-5,,,2.213e-21,5.960e-17,5.380e-1,1.168e-28,,6.911e-22,1.205e-2,1.166e-16,1.654e-12,,2.357e-19,6.779e-9,2.092e-17,,,,,6.534e-1,,,,,,,,,,,,,,
686.07,5.564e+0,9.242e-12,4.312e-26,5.372e-42,1.121e-17,,,1.387e-18,8.614e-20,,1.983e-16,2.698e-5,2.887e-29,8.782e-18,5.009e-11,6.010e-13,1.524e-19,,,,2.879e-18,4.388e-37,4.325e+0,,6.610e-25,2.628e-5,,,2.215e-21,5.963e-17,5.424e-1,1.169e-28,,6.914e-22,9.985e-3,1.166e-16,1.052e-12,,2.428e-19,4.638e-9,2.090e-17,,,,,6.865e-1,,,,,,,,,,,,,,
686.09,5.608e+0,7.067e-12,4.306e-26,5.376e-42,1.121e-17,,,1.387e-18,8.618e-20,,2.841e-16,2.222e-5,2.888e-29,8.782e-18,3.884e-11,5.585e-13,1.524e-19,,,,2.880e-18,4.385e-37,4.346e+0,,6.610e-25,3.137e-5,,,2.216e-21,5.965e-17,5.450e-1,1.169e-28,,6.915e-22,8.791e-3,1.166e-16,7.759e-13,,2.475e-19,3.594e-9,2.089e-17,,,,,7.080e-1,,,,,,,,,,,,,,
686.12,5.659e+0,4.711e-12,4.298e-26,5.383e-42,1.122e-17,,,1.386e-18,8.622e-20,,6.833e-16,1.656e-5,2.889e-29,8.782e-18,2.644e-11,4.988e-13,1.524e-19,,,,2.880e-18,4.382e-37,4.365e+0,,6.608e-25,4.078e-5,,,2.217e-21,5.969e-17,5.483e-1,1.169e-28,,6.918e-22,7.240e-3,1.167e-16,4.903e-13,,2.546e-19,2.443e-9,2.087e-17,,,,,7.392e-1,,,,,,,,,,,,,,
686.14,5.684e+0,3.587e-12,4.292e-26,5.388e-42,1.122e-17,,,1.386e-18,8.626e-20,,9.765e-16,1.358e-5,2.890e-29,8.782e-18,2.042e-11,4.616e-13,1.525e-19,,,,2.880e-18,4.380e-37,4.368e+0,,6.608e-25,4.847e-5,,,2.218e-21,5.971e-17,5.501e-1,1.169e-28,,6.919e-22,6.348e-3,1.167e-16,3.603e-13,,2.593e-19,1.886e-9,2.086e-17,,,,,7.593e-1,,,,,,,,,,,,,,
686.17,5.706e+0,2.377e-12,4.284e-26,5.395e-42,1.123e-17,,,1.386e-18,8.631e-20,,1.663e-15,1.006e-5,2.890e-29,8.782e-18,1.382e-11,4.098e-13,1.525e-19,,,,2.881e-18,4.376e-37,4.360e+0,,6.607e-25,6.264e-5,,,2.219e-21,5.974e-17,5.523e-1,1.169e-28,,6.922e-22,5.196e-3,1.167e-16,2.262e-13,,2.663e-19,1.274e-9,2.085e-17,,,,,7.881e-1,,,,,,,,,,,,,,
686.19,5.710e+0,1.802e-12,4.278e-26,5.399e-42,1.123e-17,,,1.386e-18,8.634e-20,,2.367e-15,8.220e-6,2.891e-29,8.781e-18,1.063e-11,3.777e-13,1.525e-19,,,,2.881e-18,4.374e-37,4.346e+0,,6.606e-25,7.416e-5,,,2.220e-21,5.976e-17,5.535e-1,1.169e-28,,6.923e-22,4.537e-3,1.167e-16,1.656e-13,,2.711e-19,9.793e-10,2.084e-17,,,,,8.062e-1,,,,,,,,,,,,,,
686.21,5.707e+0,1.365e-12,4.273e-26,5.404e-42,1.123e-17,,,1.386e-18,8.637e-20,,3.364e-15,6.704e-6,2.892e-29,8.781e-18,8.162e-12,3.476e-13,1.525e-19,,,,2.882e-18,4.371e-37,4.325e+0,,6.605e-25,8.766e-5,,,2.221e-21,5.979e-17,5.545e-1,1.169e-28,,6.925e-22,3.956e-3,1.167e-16,1.210e-13,,2.758e-19,7.514e-10,2.083e-17,,,,,8.234e-1,,,,,,,,,,,,,,
686.24,5.686e+0,8.964e-13,4.264e-26,5.410e-42,1.124e-17,,,1.386e-18,8.642e-20,,5.682e-15,4.923e-6,2.892e-29,8.781e-18,5.475e-12,3.059e-13,1.526e-19,,,,2.882e-18,4.368e-37,4.280e+0,,6.604e-25,1.123e-4,,,2.223e-21,5.982e-17,5.556e-1,1.169e-28,,6.928e-22,3.210e-3,1.168e-16,7.531e-14,,2.829e-19,5.034e-10,2.081e-17,,,,,8.473e-1,,,,,,,,,,,,,,
686.26,5.663e+0,6.759e-13,4.259e-26,5.415e-42,1.124e-17,,,1.386e-18,8.645e-20,,8.043e-15,3.999e-6,2.893e-29,8.781e-18,4.187e-12,2.804e-13,1.526e-19,,,,2.883e-18,4.365e-37,4.242e+0,,6.603e-25,1.322e-4,,,2.224e-21,5.984e-17,5.561e-1,1.169e-28,,6.929e-22,2.787e-3,1.168e-16,5.480e-14,,2.876e-19,3.847e-10,2.080e-17,,,,,8.619e-1,,,,,,,,,,,,,,
686.29,5.613e+0,4.412e-13,4.250e-26,5.422e-42,1.125e-17,,,1.386e-18,8.650e-20,,1.350e-14,2.919e-6,2.894e-29,8.781e-18,2.792e-12,2.452e-13,1.527e-19,,,,2.883e-18,4.362e-37,4.173e+0,,6.602e-25,1.684e-4,,,2.225e-21,5.987e-17,5.566e-1,1.169e-28,,6.932e-22,2.248e-3,1.168e-16,3.391e-14,,2.946e-19,2.562e-10,2.078e-17,,,,,8.815e-1,,,,,,,,,,,,,,
686.31,5.571e+0,3.314e-13,4.245e-26,5.426e-42,1.125e-17,,,1.386e-18,8.653e-20,,1.904e-14,2.361e-6,2.895e-29,8.781e-18,2.126e-12,2.238e-13,1.527e-19,,,,2.884e-18,4.359e-37,4.119e+0,,6.601e-25,1.975e-4,,,2.226e-21,5.990e-17,5.568e-1,1.169e-28,,6.933e-22,1.944e-3,1.168e-16,2.457e-14,,2.994e-19,1.949e-10,2.077e-17,,,,,8.930e-1,,,,,,,,,,,,,,
686.34,5.494e+0,2.150e-13,4.236e-26,5.433e-42,1.125e-17,,,1.386e-18,8.658e-20,,3.177e-14,1.713e-6,2.895e-29,8.780e-18,1.409e-12,1.946e-13,1.527e-19,,,,2.884e-18,4.356e-37,4.027e+0,,6.600e-25,2.500e-4,,,2.227e-21,5.993e-17,5.569e-1,1.169e-28,,6.936e-22,1.558e-3,1.169e-16,1.511e-14,,3.064e-19,1.290e-10,2.076e-17,,,,,9.078e-1,,,,,,,,,,,,,,
686.36,5.433e+0,1.608e-13,4.231e-26,5.438e-42,1.126e-17,,,1.386e-18,8.662e-20,,4.461e-14,1.380e-6,2.896e-29,8.780e-18,1.069e-12,1.769e-13,1.527e-19,,,,2.885e-18,4.354e-37,3.959e+0,,6.600e-25,2.920e-4,,,2.228e-21,5.995e-17,5.569e-1,1.169e-28,,6.937e-22,1.342e-3,1.169e-16,1.090e-14,,3.112e-19,9.777e-11,2.074e-17,,,,,9.160e-1,,,,,,,,,,,,,,
686.39,5.331e+0,1.037e-13,4.222e-26,5.445e-42,1.126e-17,,,1.386e-18,8.666e-20,,7.400e-14,9.950e-7,2.897e-29,8.780e-18,7.038e-13,1.529e-13,1.528e-19,,,,2.885e-18,4.350e-37,3.847e+0,,6.598e-25,3.674e-4,,,2.230e-21,5.998e-17,5.567e-1,1.169e-28,,6.940e-22,1.069e-3,1.169e-16,6.664e-15,,3.182e-19,6.431e-11,2.073e-17,,,,,9.255e-1,,,,,,,,,,,,,,
686.41,5.255e+0,7.722e-14,4.217e-26,5.449e-42,1.127e-17,,,1.386e-18,8.670e-20,,1.035e-13,7.984e-7,2.897e-29,8.780e-18,5.316e-13,1.384e-13,1.528e-19,,,,2.885e-18,4.348e-37,3.767e+0,,6.598e-25,4.274e-4,,,2.231e-21,6.001e-17,5.566e-1,1.169e-28,,6.942e-22,9.172e-4,1.169e-16,4.789e-15,,3.230e-19,4.854e-11,2.072e-17,,,,,9.300e-1,,,,,,,,,,,,,,
686.44,5.130e+0,4.948e-14,4.208e-26,5.456e-42,1.127e-17,,,1.386e-18,8.675e-20,,1.707e-13,5.721e-7,2.898e-29,8.780e-18,3.480e-13,1.189e-13,1.529e-19,,,,2.886e-18,4.344e-37,3.638e+0,,6.597e-25,5.345e-4,,,2.232e-21,6.004e-17,5.563e-1,1.169e-28,,6.944e-22,7.263e-4,1.169e-16,2.909e-15,,3.300e-19,3.173e-11,2.070e-17,,,,,9.340e-1,,,,,,,,,,,,,,
686.46,5.040e+0,3.671e-14,4.203e-26,5.461e-42,1.127e-17,,,1.386e-18,8.678e-20,,2.377e-13,4.571e-7,2.899e-29,8.780e-18,2.618e-13,1.072e-13,1.529e-19,,,,2.886e-18,4.342e-37,3.548e+0,,6.596e-25,6.193e-4,,,2.233e-21,6.006e-17,5.562e-1,1.169e-28,,6.946e-22,6.204e-4,1.170e-16,2.082e-15,,3.347e-19,2.385e-11,2.069e-17,,,,,9.348e-1,,,,,,,,,,,,,,
686.49,4.896e+0,2.338e-14,4.194e-26,5.467e-42,1.128e-17,,,1.386e-18,8.683e-20,,3.897e-13,3.256e-7,2.900e-29,8.780e-18,1.703e-13,9.148e-14,1.529e-19,,,,2.887e-18,4.338e-37,3.406e+0,,6.595e-25,7.699e-4,,,2.234e-21,6.009e-17,5.559e-1,1.169e-28,,6.948e-22,4.883e-4,1.170e-16,1.257e-15,,3.418e-19,1.550e-11,2.067e-17,,,,,9.330e-1,,,,,,,,,,,,,,
686.51,4.795e+0,1.727e-14,4.189e-26,5.472e-42,1.128e-17,,,1.386e-18,8.686e-20,,5.407e-13,2.591e-7,2.900e-29,8.779e-18,1.276e-13,8.215e-14,1.529e-19,,,,2.887e-18,4.336e-37,3.307e+0,,6.594e-25,8.884e-4,,,2.235e-21,6.012e-17,5.558e-1,1.169e-28,,6.950e-22,4.154e-4,1.170e-16,8.961e-16,,3.465e-19,1.160e-11,2.066e-17,,,,,9.300e-1,,,,,,,,,,,,,,
686.54,4.636e+0,1.093e-14,4.180e-26,5.479e-42,1.129e-17,,,1.385e-18,8.691e-20,,8.810e-13,1.834e-7,2.901e-29,8.779e-18,8.249e-14,6.969e-14,1.530e-19,,,,2.888e-18,4.332e-37,3.156e+0,,6.593e-25,1.098e-3,,,2.237e-21,6.015e-17,5.556e-1,1.169e-28,,6.952e-22,3.250e-4,1.170e-16,5.376e-16,,3.536e-19,7.491e-12,2.065e-17,,,,,9.227e-1,,,,,,,,,,,,,,
686.56,4.525e+0,8.043e-15,4.175e-26,5.483e-42,1.129e-17,,,1.385e-18,8.694e-20,,1.217e-12,1.454e-7,2.902e-29,8.779e-18,6.155e-14,6.233e-14,1.530e-19,,,,2.888e-18,4.330e-37,3.052e+0,,6.592e-25,1.262e-3,,,2.237e-21,6.017e-17,5.555e-1,1.169e-28,,6.954e-22,2.753e-4,1.171e-16,3.817e-16,,3.583e-19,5.585e-12,2.064e-17,,,,,9.160e-1,,,,,,,,,,,,,,
686.59,4.355e+0,5.060e-15,4.166e-26,5.490e-42,1.129e-17,,,1.385e-18,8.699e-20,,1.972e-12,1.023e-7,2.903e-29,8.779e-18,3.955e-14,5.256e-14,1.531e-19,,,,2.889e-18,4.326e-37,2.895e+0,,6.591e-25,1.550e-3,,,2.239e-21,6.020e-17,5.553e-1,1.170e-28,,6.956e-22,2.141e-4,1.171e-16,2.276e-16,,3.654e-19,3.584e-12,2.062e-17,,,,,9.032e-1,,,,,,,,,,,,,,
686.61,4.239e+0,3.708e-15,4.161e-26,5.495e-42,1.130e-17,,,1.385e-18,8.702e-20,,2.714e-12,8.071e-8,2.903e-29,8.779e-18,2.939e-14,4.681e-14,2.197e-19,,,,2.889e-18,4.324e-37,2.789e+0,,6.590e-25,1.774e-3,,,2.240e-21,6.023e-17,5.552e-1,1.170e-28,,6.958e-22,1.806e-4,1.171e-16,1.609e-16,,3.701e-19,2.661e-12,2.061e-17,,,,,8.930e-1,,,,,,,,,,,,,,
686.63,4.121e+0,2.712e-15,4.155e-26,5.499e-42,1.130e-17,,,1.385e-18,8.705e-20,,3.730e-12,6.361e-8,2.904e-29,8.779e-18,2.180e-14,4.163e-14,3.147e-19,,,,2.890e-18,4.322e-37,2.682e+0,,6.590e-25,2.027e-3,,,2.241e-21,6.025e-17,5.550e-1,1.170e-28,,6.960e-22,1.522e-4,1.171e-16,1.136e-16,,3.748e-19,1.973e-12,2.060e-17,,,,,8.815e-1,,,,,,,,,,,,,,
686.66,3.941e+0,1.692e-15,4.147e-26,5.506e-42,1.131e-17,,,1.385e-18,8.710e-20,,5.990e-12,4.436e-8,2.905e-29,8.778e-18,1.389e-14,3.480e-14,5.382e-19,,,,2.890e-18,4.318e-37,2.522e+0,,6.589e-25,2.469e-3,,,2.242e-21,6.028e-17,5.548e-1,1.170e-28,,6.962e-22,1.173e-4,1.171e-16,6.714e-17,,3.819e-19,1.255e-12,2.058e-17,,,,,8.619e-1,,,,,,,,,,,,,,
686.68,3.820e+0,1.232e-15,4.141e-26,5.511e-42,1.131e-17,,,1.385e-18,8.714e-20,,8.199e-12,3.482e-8,2.905e-29,8.778e-18,1.026e-14,3.083e-14,7.680e-19,,,,2.890e-18,4.316e-37,2.415e+0,,6.588e-25,2.810e-3,,,2.243e-21,6.030e-17,5.546e-1,1.170e-28,,6.964e-22,9.841e-5,1.172e-16,4.719e-17,,3.866e-19,9.266e-13,2.057e-17,,,,,8.473e-1,,,,,,,,,,,,,,
686.71,3.638e+0,7.639e-16,4.133e-26,5.517e-42,1.131e-17,,,1.385e-18,8.718e-20,,1.309e-11,2.414e-8,2.906e-29,8.778e-18,6.498e-15,2.561e-14,1.305e-18,,,,2.891e-18,4.312e-37,2.257e+0,,6.587e-25,3.402e-3,,,2.244e-21,6.034e-17,5.542e-1,1.170e-28,,6.966e-22,7.540e-5,1.172e-16,2.773e-17,,3.937e-19,5.860e-13,2.056e-17,,,,,8.234e-1,,,,,,,,,,,,,,
686.73,3.517e+0,5.543e-16,4.127e-26,5.522e-42,1.132e-17,,,1.385e-18,8.722e-20,,1.784e-11,1.887e-8,2.907e-29,8.778e-18,4.781e-15,2.259e-14,1.856e-18,,,,2.891e-18,4.310e-37,2.154e+0,,6.586e-25,3.856e-3,,,2.245e-21,6.036e-17,5.538e-1,1.170e-28,,6.968e-22,6.300e-5,1.172e-16,1.941e-17,,3.984e-19,4.308e-13,2.055e-17,,,,,8.062e-1,,,,,,,,,,,,,,
686.76,3.337e+0,3.415e-16,4.119e-26,5.529e-42,1.132e-17,,,1.385e-18,8.727e-20,,2.832e-11,1.300e-8,2.908e-29,8.778e-18,3.009e-15,1.866e-14,3.135e-18,,,,2.892e-18,4.306e-37,2.000e+0,,6.585e-25,4.641e-3,,,2.247e-21,6.039e-17,5.530e-1,1.170e-28,,6.970e-22,4.797e-5,1.172e-16,1.133e-17,,4.055e-19,2.708e-13,2.053e-17,,,,,7.787e-1,,,,,,,,,,,,,,
686.78,3.218e+0,2.467e-16,4.113e-26,5.533e-42,1.133e-17,,,1.385e-18,8.730e-20,,3.845e-11,1.012e-8,2.908e-29,8.778e-18,2.205e-15,1.639e-14,4.439e-18,,,,2.892e-18,4.304e-37,1.901e+0,,6.584e-25,5.239e-3,,,2.248e-21,6.041e-17,5.524e-1,1.170e-28,,6.972e-22,3.992e-5,1.173e-16,7.902e-18,,4.102e-19,1.982e-13,2.052e-17,,,,,7.593e-1,,,,,,,,,,,,,,
686.81,3.041e+0,1.511e-16,4.105e-26,5.540e-42,1.133e-17,,,1.385e-18,8.735e-20,,6.066e-11,6.928e-9,2.909e-29,8.777e-18,1.379e-15,1.345e-14,7.454e-18,,,,2.893e-18,4.300e-37,1.755e+0,,6.583e-25,6.267e-3,,,2.249e-21,6.045e-17,5.511e-1,1.170e-28,,6.975e-22,3.021e-5,1.173e-16,4.586e-18,,4.173e-19,1.238e-13,2.050e-17,,,,,7.290e-1,,,,,,,,,,,,,,
686.83,2.925e+0,1.087e-16,4.099e-26,5.545e-42,1.133e-17,,,1.385e-18,8.738e-20,,8.203e-11,5.371e-9,2.910e-29,8.777e-18,1.006e-15,1.177e-14,1.051e-17,,,,2.893e-18,4.298e-37,1.660e+0,,6.582e-25,7.047e-3,,,2.250e-21,6.047e-17,5.500e-1,1.170e-28,,6.976e-22,2.504e-5,1.173e-16,3.184e-18,,4.220e-19,9.030e-14,2.049e-17,,,,,7.080e-1,,,,,,,,,,,,,,
686.86,2.756e+0,6.616e-17,4.091e-26,5.552e-42,1.134e-17,,,1.385e-18,8.743e-20,,1.286e-10,3.655e-9,2.911e-29,8.777e-18,6.255e-16,9.604e-15,1.755e-17,,,,2.894e-18,4.295e-37,1.524e+0,,6.581e-25,8.379e-3,,,2.251e-21,6.050e-17,5.479e-1,1.170e-28,,6.979e-22,1.883e-5,1.173e-16,2.962e-18,,4.291e-19,5.606e-14,2.048e-17,,,,,6.755e-1,,,,,,,,,,,,,,
686.88,2.645e+0,4.741e-17,4.085e-26,5.556e-42,1.134e-17,,,1.385e-18,8.746e-20,,1.733e-10,2.822e-9,2.911e-29,8.777e-18,4.546e-16,8.368e-15,2.464e-17,,,,2.894e-18,4.292e-37,1.436e+0,,6.580e-25,9.384e-3,,,2.252e-21,6.052e-17,5.463e-1,1.170e-28,,6.980e-22,1.555e-5,1.173e-16,2.815e-18,,4.338e-19,4.071e-14,2.046e-17,,,,,6.534e-1,,,,,,,,,,,,,,
686.91,2.484e+0,2.868e-17,4.077e-26,5.563e-42,1.135e-17,,,1.385e-18,8.751e-20,,2.701e-10,1.909e-9,2.912e-29,8.777e-18,2.808e-16,6.785e-15,4.089e-17,,,,2.895e-18,4.289e-37,1.310e+0,,6.579e-25,1.109e-2,,,2.254e-21,6.056e-17,5.433e-1,1.170e-28,,6.983e-22,1.162e-5,1.174e-16,2.593e-18,,4.409e-19,2.512e-14,2.045e-17,,,,,6.197e-1,,,,,,,,,,,,,,
686.93,2.380e+0,2.047e-17,4.071e-26,5.568e-42,1.135e-17,,,1.385e-18,8.754e-20,,3.624e-10,1.468e-9,2.913e-29,8.777e-18,2.033e-16,5.888e-15,5.720e-17,,,,2.895e-18,4.286e-37,1.229e+0,,6.579e-25,1.237e-2,,,2.255e-21,6.058e-17,5.410e-1,1.170e-28,,6.984e-22,9.554e-6,1.174e-16,2.445e-18,,4.456e-19,1.817e-14,2.044e-17,,,,,5.970e-1,,,,,,,,,,,,,,
686.96,2.229e+0,1.230e-17,4.063e-26,5.574e-42,1.136e-17,,,1.384e-18,8.759e-20,,5.614e-10,9.867e-10,2.913e-29,8.777e-18,1.248e-16,4.745e-15,9.435e-17,,,,2.896e-18,4.283e-37,1.114e+0,,6.577e-25,1.453e-2,,,2.256e-21,6.061e-17,5.369e-1,1.170e-28,,6.987e-22,7.099e-6,1.174e-16,2.223e-18,,4.527e-19,1.114e-14,2.042e-17,,,,,5.627e-1,,,,,,,,,,,,,,
686.98,2.132e+0,8.745e-18,4.057e-26,5.579e-42,1.136e-17,,,1.384e-18,8.762e-20,,7.503e-10,7.557e-10,2.914e-29,8.776e-18,8.998e-17,4.101e-15,1.315e-16,,,,2.896e-18,4.280e-37,1.042e+0,,6.577e-25,1.614e-2,,,2.257e-21,6.063e-17,5.338e-1,1.170e-28,,6.989e-22,5.812e-6,1.174e-16,2.076e-18,,4.574e-19,8.024e-15,2.041e-17,,,,,5.399e-1,,,,,,,,,,,,,,
687,2.038e+0,6.206e-18,4.051e-26,5.583e-42,1.136e-17,,,1.384e-18,8.766e-20,,1.001e-9,5.777e-10,2.915e-29,8.776e-18,6.476e-17,3.539e-15,1.829e-16,,,,2.896e-18,4.278e-37,9.721e-1,,6.576e-25,1.791e-2,,,2.258e-21,6.066e-17,5.304e-1,1.170e-28,,6.990e-22,4.750e-6,1.175e-16,1.928e-18,,4.621e-19,5.770e-15,2.040e-17,,,,,5.172e-1,,,,,,,,,,,,,,
687.03,1.903e+0,3.698e-18,4.043e-26,5.590e-42,1.137e-17,,,1.384e-18,8.770e-20,,1.538e-9,3.851e-10,2.916e-29,8.776e-18,3.942e-17,2.828e-15,2.991e-16,,,,2.897e-18,4.275e-37,8.738e-1,,6.575e-25,2.086e-2,,,2.259e-21,6.069e-17,5.245e-1,1.170e-28,,6.993e-22,3.500e-6,1.175e-16,1.706e-18,,4.692e-19,3.508e-15,2.038e-17,,,,,4.834e-1,,,,,,,,,,,,,,
687.05,1.816e+0,2.614e-18,4.037e-26,5.595e-42,1.137e-17,,,1.384e-18,8.774e-20,,2.044e-9,2.932e-10,2.916e-29,8.776e-18,2.825e-17,2.430e-15,4.144e-16,,,,2.897e-18,4.272e-37,8.121e-1,,6.574e-25,2.304e-2,,,2.260e-21,6.071e-17,5.202e-1,1.170e-28,,6.994e-22,2.849e-6,1.175e-16,1.558e-18,,4.739e-19,2.512e-15,2.037e-17,,,,,4.611e-1,,,,,,,,,,,,,,
687.08,1.694e+0,1.548e-18,4.029e-26,5.602e-42,1.137e-17,,,1.384e-18,8.779e-20,,3.121e-9,1.942e-10,2.917e-29,8.776e-18,1.709e-17,1.930e-15,6.737e-16,,,,2.898e-18,4.269e-37,7.255e-1,,6.573e-25,2.668e-2,,,2.261e-21,6.074e-17,5.129e-1,1.170e-28,,6.997e-22,2.086e-6,1.175e-16,1.337e-18,,4.810e-19,1.518e-15,2.036e-17,,,,,4.284e-1,,,,,,,,,,,,,,
687.1,1.616e+0,1.090e-18,4.023e-26,5.606e-42,1.138e-17,,,1.384e-18,8.782e-20,,4.131e-9,1.473e-10,2.918e-29,8.776e-18,1.220e-17,1.652e-15,9.296e-16,,,,2.898e-18,4.266e-37,6.716e-1,,6.572e-25,2.936e-2,,,2.262e-21,6.077e-17,5.076e-1,1.171e-28,,6.998e-22,1.691e-6,1.175e-16,1.189e-18,,4.857e-19,1.083e-15,2.035e-17,,,,,4.070e-1,,,,,,,,,,,,,,
687.13,1.505e+0,6.414e-19,4.015e-26,5.613e-42,1.138e-17,,,1.384e-18,8.787e-20,,6.272e-9,9.696e-11,2.918e-29,8.775e-18,7.336e-18,1.304e-15,1.502e-15,,,,2.899e-18,4.263e-37,5.964e-1,,6.571e-25,3.378e-2,,,2.264e-21,6.080e-17,4.990e-1,1.171e-28,,7.001e-22,1.231e-6,1.176e-16,9.671e-19,,4.928e-19,6.502e-16,2.033e-17,,,,,3.758e-1,,,,,,,,,,,,,,
687.15,1.435e+0,4.496e-19,4.009e-26,5.618e-42,1.139e-17,,,1.384e-18,8.790e-20,,8.268e-9,7.323e-11,2.919e-29,8.775e-18,5.215e-18,1.111e-15,2.065e-15,,,,2.899e-18,4.260e-37,5.498e-1,,6.570e-25,3.702e-2,,,2.265e-21,6.082e-17,4.928e-1,1.171e-28,,7.003e-22,9.936e-7,1.176e-16,8.193e-19,,4.975e-19,4.618e-16,2.032e-17,,,,,3.556e-1,,,,,,,,,,,,,,
687.18,1.337e+0,2.630e-19,4.001e-26,5.624e-42,1.139e-17,,,1.384e-18,8.795e-20,,1.248e-8,4.791e-11,2.920e-29,8.775e-18,3.117e-18,8.719e-16,3.317e-15,,,,2.900e-18,4.257e-37,4.852e-1,,6.569e-25,4.235e-2,,,2.266e-21,6.085e-17,4.828e-1,1.171e-28,,7.005e-22,7.187e-7,1.176e-16,5.976e-19,,5.046e-19,2.756e-16,2.030e-17,,,,,3.264e-1,,,,,,,,,,,,,,
687.2,1.275e+0,1.836e-19,3.995e-26,5.629e-42,1.139e-17,,,1.384e-18,8.798e-20,,1.638e-8,3.604e-11,2.921e-29,8.775e-18,2.207e-18,7.402e-16,4.540e-15,,,,2.900e-18,4.254e-37,4.456e-1,,6.569e-25,4.623e-2,,,2.267e-21,6.088e-17,4.757e-1,1.171e-28,,7.007e-22,5.779e-7,1.176e-16,4.497e-19,,5.093e-19,1.950e-16,2.029e-17,,,,,3.076e-1,,,,,,,,,,,,,,
687.23,1.188e+0,1.068e-19,3.987e-26,5.636e-42,1.140e-17,,,1.384e-18,8.803e-20,,2.458e-8,2.344e-11,2.921e-29,8.775e-18,1.310e-18,5.771e-16,7.250e-15,,,,2.901e-18,4.251e-37,3.908e-1,,6.567e-25,5.256e-2,,,2.268e-21,6.091e-17,4.645e-1,1.171e-28,,7.009e-22,4.154e-7,1.177e-16,7.729e-19,,5.164e-19,1.157e-16,2.028e-17,,,,,2.806e-1,,,,,,,,,,,,,,
687.25,1.134e+0,7.422e-20,3.981e-26,5.640e-42,1.140e-17,,,1.384e-18,8.806e-20,,3.214e-8,1.756e-11,2.922e-29,8.775e-18,9.240e-19,4.879e-16,9.885e-15,,,,2.901e-18,4.249e-37,3.574e-1,,6.567e-25,5.714e-2,,,2.269e-21,6.093e-17,4.566e-1,1.171e-28,,7.011e-22,3.327e-7,1.177e-16,1.107e-18,,5.211e-19,8.149e-17,2.027e-17,,,,,2.633e-1,,,,,,,,,,,,,,
687.28,1.059e+0,7.417e-20,3.973e-26,5.647e-42,1.141e-17,,,1.384e-18,8.811e-20,,4.793e-8,1.135e-11,2.923e-29,8.774e-18,5.454e-19,3.782e-16,1.569e-14,,,,2.901e-18,4.245e-37,3.116e-1,,6.566e-25,6.458e-2,,,2.271e-21,6.096e-17,4.442e-1,1.171e-28,,7.013e-22,2.377e-7,1.177e-16,1.891e-18,,5.282e-19,4.804e-17,2.025e-17,,,,,2.388e-1,,,,,,,,,,,,,,
687.3,1.013e+0,7.414e-20,3.967e-26,5.652e-42,1.141e-17,,,1.384e-18,8.814e-20,,6.243e-8,8.465e-12,2.923e-29,8.774e-18,3.830e-19,3.184e-16,2.131e-14,,,,2.902e-18,4.243e-37,2.838e-1,,6.565e-25,6.992e-2,,,2.272e-21,6.098e-17,4.356e-1,1.171e-28,,7.015e-22,1.896e-7,1.177e-16,2.697e-18,,5.329e-19,3.371e-17,2.024e-17,,,,,2.232e-1,,,,,,,,,,,,,,
687.33,9.479e-1,7.409e-20,3.959e-26,5.659e-42,1.142e-17,,,1.384e-18,8.819e-20,,9.253e-8,5.438e-12,2.924e-29,8.774e-18,2.247e-19,2.453e-16,3.362e-14,,,,2.902e-18,4.239e-37,2.459e-1,,6.564e-25,7.854e-2,,,2.273e-21,6.102e-17,4.223e-1,1.171e-28,,7.017e-22,1.346e-7,1.177e-16,4.579e-18,,5.400e-19,1.975e-17,2.022e-17,,,,,2.011e-1,,,,,,,,,,,,,,
687.35,9.083e-1,7.406e-20,3.953e-26,5.663e-42,1.142e-17,,,1.384e-18,8.822e-20,,1.201e-7,4.040e-12,2.925e-29,8.774e-18,1.571e-19,2.057e-16,4.547e-14,,,,2.903e-18,4.237e-37,2.231e-1,,6.563e-25,8.470e-2,,,2.274e-21,6.104e-17,4.132e-1,1.171e-28,,7.019e-22,1.069e-7,1.178e-16,6.505e-18,,5.447e-19,1.380e-17,2.021e-17,,,,,1.873e-1,,,,,,,,,,,,,,
687.37,8.712e-1,7.402e-20,3.948e-26,5.668e-42,1.142e-17,,,1.384e-18,8.826e-20,,1.555e-7,2.997e-12,2.925e-29,8.774e-18,1.097e-19,1.722e-16,6.140e-14,,,,2.903e-18,4.234e-37,2.020e-1,,6.562e-25,9.120e-2,,,2.275e-21,6.106e-17,4.039e-1,1.171e-28,,7.021e-22,8.481e-8,1.178e-16,9.226e-18,,5.494e-19,9.627e-18,2.020e-17,,,,,1.741e-1,,,,,,,,,,,,,,
687.4,8.205e-1,7.397e-20,3.939e-26,5.675e-42,1.143e-17,,,1.383e-18,8.831e-20,,2.286e-7,1.909e-12,2.926e-29,8.774e-18,6.381e-20,1.315e-16,9.606e-14,,,,2.904e-18,4.231e-37,1.736e-1,,6.561e-25,1.016e-1,,,2.276e-21,6.109e-17,3.898e-1,1.171e-28,,7.023e-22,5.971e-8,1.178e-16,1.554e-17,,5.565e-19,5.592e-18,2.018e-17,,,,,1.555e-1,,,,,,,,,,,,,,
687.42,7.897e-1,7.394e-20,3.934e-26,5.679e-42,1.143e-17,,,1.383e-18,8.834e-20,,2.949e-7,1.410e-12,2.927e-29,8.774e-18,4.437e-20,1.097e-16,1.292e-13,,,,2.904e-18,4.228e-37,1.566e-1,,6.560e-25,1.089e-1,,,2.277e-21,6.112e-17,3.802e-1,1.171e-28,,7.025e-22,4.716e-8,1.178e-16,2.195e-17,,5.612e-19,3.885e-18,2.017e-17,,,,,1.440e-1,,,,,,,,,,,,,,
687.45,7.479e-1,7.389e-20,3.925e-26,5.686e-42,1.144e-17,,,1.383e-18,8.839e-20,,4.309e-7,8.925e-13,2.928e-29,8.773e-18,4.432e-20,8.324e-17,2.009e-13,,,,2.905e-18,4.225e-37,1.337e-1,,6.559e-25,1.206e-1,,,2.279e-21,6.115e-17,3.657e-1,1.171e-28,,7.027e-22,3.300e-8,1.179e-16,3.673e-17,,5.683e-19,3.879e-18,2.016e-17,,,,,1.279e-1,,,,,,,,,,,,,,
687.47,7.229e-1,7.385e-20,3.920e-26,5.690e-42,1.144e-17,,,1.383e-18,8.842e-20,,5.537e-7,6.566e-13,2.928e-29,8.773e-18,4.428e-20,6.913e-17,2.691e-13,,,,2.905e-18,4.223e-37,1.201e-1,,6.559e-25,1.288e-1,,,2.279e-21,6.117e-17,3.561e-1,1.171e-28,,7.029e-22,2.596e-8,1.179e-16,5.168e-17,,5.730e-19,3.875e-18,2.015e-17,,,,,1.179e-1,,,,,,,,,,,,,,
687.5,6.893e-1,7.380e-20,3.911e-26,5.697e-42,1.144e-17,,,1.383e-18,8.847e-20,,8.041e-7,4.131e-13,2.929e-29,8.773e-18,4.423e-20,5.215e-17,4.161e-13,,,,2.906e-18,4.219e-37,1.019e-1,,6.558e-25,1.418e-1,,,2.281e-21,6.120e-17,3.416e-1,1.171e-28,,7.031e-22,1.805e-8,1.179e-16,8.599e-17,,5.801e-19,3.869e-18,2.013e-17,,,,,1.040e-1,,,,,,,,,,,,,,
687.52,6.695e-1,7.377e-20,3.906e-26,5.702e-42,1.145e-17,,,1.383e-18,8.850e-20,,1.029e-6,3.027e-13,2.930e-29,8.773e-18,4.419e-20,4.313e-17,5.551e-13,,,,2.906e-18,4.217e-37,9.120e-2,,6.557e-25,1.508e-1,,,2.282e-21,6.123e-17,3.320e-1,1.171e-28,,7.033e-22,1.414e-8,1.179e-16,1.205e-16,,5.848e-19,3.865e-18,2.012e-17,,,,,9.554e-2,,,,,,,,,,,,,,
687.55,6.434e-1,7.372e-20,3.897e-26,5.709e-42,1.145e-17,,,1.383e-18,8.855e-20,,1.486e-6,1.893e-13,2.931e-29,8.773e-18,4.414e-20,3.234e-17,8.530e-13,,,,2.906e-18,4.213e-37,7.694e-2,,6.556e-25,1.650e-1,,,2.283e-21,6.126e-17,3.177e-1,1.171e-28,,7.035e-22,9.775e-9,1.179e-16,1.993e-16,,5.919e-19,3.859e-18,2.010e-17,,,,,8.382e-2,,,,,,,,,,,,,,
687.57,6.283e-1,7.368e-20,3.892e-26,5.713e-42,1.145e-17,,,1.383e-18,8.858e-20,,1.894e-6,1.381e-13,2.931e-29,8.773e-18,4.410e-20,2.664e-17,1.134e-12,,,,2.907e-18,4.211e-37,6.855e-2,,6.555e-25,1.748e-1,,,2.284e-21,6.128e-17,3.083e-1,1.171e-28,,7.037e-22,7.627e-9,1.180e-16,2.782e-16,,5.966e-19,3.855e-18,2.009e-17,,,,,7.666e-2,,,,,,,,,,,,,,
687.6,6.089e-1,7.363e-20,3.883e-26,5.720e-42,1.146e-17,,,1.383e-18,8.863e-20,,2.718e-6,8.586e-14,2.932e-29,8.772e-18,4.405e-20,1.986e-17,1.731e-12,,,,2.907e-18,4.207e-37,5.748e-2,,6.554e-25,1.901e-1,,,2.285e-21,6.131e-17,2.945e-1,1.172e-28,,7.040e-22,5.240e-9,1.180e-16,4.573e-16,,6.036e-19,3.849e-18,2.008e-17,,,,,6.684e-2,,,,,,,,,,,,,,
687.62,5.980e-1,7.360e-20,3.878e-26,5.725e-42,1.146e-17,,,1.383e-18,8.866e-20,,3.451e-6,6.243e-14,2.933e-29,8.772e-18,4.401e-20,1.629e-17,2.292e-12,,,,2.908e-18,4.205e-37,5.101e-2,,6.553e-25,2.006e-1,,,2.286e-21,6.134e-17,2.855e-1,1.172e-28,,7.041e-22,4.071e-9,1.180e-16,6.358e-16,,6.084e-19,3.845e-18,2.007e-17,,,,,6.088e-2,,,,,,,,,,,,,,
687.65,5.845e-1,7.355e-20,3.869e-26,5.731e-42,1.147e-17,,,1.383e-18,8.871e-20,,4.923e-6,3.862e-14,2.934e-29,8.772e-18,4.396e-20,1.207e-17,3.479e-12,,,,2.908e-18,4.201e-37,4.251e-2,,6.552e-25,2.168e-1,,,2.288e-21,6.137e-17,2.724e-1,1.172e-28,,7.044e-22,2.780e-9,1.180e-16,1.039e-15,,6.154e-19,3.839e-18,2.005e-17,,,,,5.277e-2,,,,,,,,,,,,,,
687.67,5.772e-1,7.352e-20,3.864e-26,5.736e-42,1.147e-17,,,1.383e-18,8.875e-20,,6.226e-6,2.802e-14,2.934e-29,8.772e-18,4.392e-20,9.857e-18,4.587e-12,,,,2.909e-18,4.199e-37,3.757e-2,,6.551e-25,2.278e-1,,,2.289e-21,6.139e-17,2.640e-1,1.172e-28,,7.045e-22,2.151e-9,1.181e-16,1.439e-15,,6.202e-19,3.835e-18,2.004e-17,,,,,4.787e-2,,,,,,,,,,,,,,
687.7,5.688e-1,7.347e-20,3.855e-26,5.743e-42,1.148e-17,,,1.383e-18,8.879e-20,,8.828e-6,1.735e-14,2.935e-29,8.772e-18,4.387e-20,7.257e-18,6.922e-12,,,,2.909e-18,4.195e-37,3.112e-2,,6.550e-25,2.447e-1,,,2.290e-21,6.142e-17,2.517e-1,1.172e-28,,7.048e-22,1.460e-9,1.181e-16,2.337e-15,,6.272e-19,3.829e-18,2.002e-17,,,,,4.123e-2,,,,,,,,,,,,,,
687.72,5.647e-1,7.343e-20,3.850e-26,5.747e-42,1.148e-17,,,1.383e-18,8.883e-20,,1.112e-5,1.267e-14,2.936e-29,8.772e-18,4.384e-20,5.905e-18,9.088e-12,,,,2.910e-18,4.193e-37,2.739e-2,,6.549e-25,2.562e-1,,,2.291e-21,6.145e-17,2.438e-1,1.172e-28,,7.049e-22,1.125e-9,1.181e-16,3.223e-15,,6.320e-19,3.825e-18,2.001e-17,,,,,3.725e-2,,,,,,,,,,,,,,
687.74,5.616e-1,7.340e-20,3.844e-26,5.752e-42,1.148e-17,,,1.383e-18,8.886e-20,,1.398e-5,9.336e-15,2.936e-29,8.772e-18,4.380e-20,4.797e-18,1.191e-11,,,,2.910e-18,4.191e-37,2.407e-2,,6.549e-25,2.677e-1,,,2.292e-21,6.147e-17,2.362e-1,1.172e-28,,7.051e-22,8.657e-10,1.181e-16,4.438e-15,,6.367e-19,3.821e-18,2.000e-17,,,,,3.360e-2,,,,,,,,,,,,,,
687.77,5.590e-1,7.335e-20,3.836e-26,5.759e-42,1.149e-17,,,1.383e-18,8.891e-20,,1.966e-5,6.152e-15,2.937e-29,8.771e-18,4.375e-20,3.502e-18,1.783e-11,,,,2.910e-18,4.187e-37,1.977e-2,,6.548e-25,2.852e-1,,,2.293e-21,6.150e-17,2.253e-1,1.172e-28,,7.054e-22,5.825e-10,1.181e-16,7.148e-15,,6.437e-19,3.815e-18,1.999e-17,,,,,2.870e-2,,,,,,,,,,,,,,
687.79,5.584e-1,7.331e-20,3.830e-26,5.763e-42,1.149e-17,,,1.383e-18,8.894e-20,,2.463e-5,4.910e-15,2.938e-29,8.771e-18,4.371e-20,2.833e-18,2.328e-11,,,,2.911e-18,4.185e-37,1.730e-2,,6.547e-25,2.969e-1,,,2.294e-21,6.152e-17,2.184e-1,1.172e-28,,7.055e-22,4.464e-10,1.182e-16,9.803e-15,,6.485e-19,3.811e-18,1.997e-17,,,,,2.578e-2,,,,,,,,,,,,,,
687.82,5.589e-1,7.326e-20,3.822e-26,5.770e-42,1.150e-17,,,1.382e-18,8.899e-20,,3.443e-5,4.029e-15,2.939e-29,8.771e-18,4.366e-20,2.055e-18,3.463e-11,,,,2.911e-18,4.181e-37,1.413e-2,,6.546e-25,3.143e-1,,,2.296e-21,6.156e-17,2.085e-1,1.172e-28,,7.058e-22,2.985e-10,1.182e-16,1.570e-14,,6.555e-19,3.805e-18,1.996e-17,,,,,2.189e-2,,,,,,,,,,,,,,
687.84,5.601e-1,7.323e-20,3.816e-26,5.775e-42,1.150e-17,,,1.382e-18,8.902e-20,,4.295e-5,3.999e-15,2.939e-29,8.771e-18,4.362e-20,1.656e-18,4.504e-11,,,,2.912e-18,4.179e-37,1.231e-2,,6.545e-25,3.259e-1,,,2.296e-21,6.158e-17,2.023e-1,1.172e-28,,7.059e-22,2.278e-10,1.182e-16,2.144e-14,,6.603e-19,3.801e-18,1.995e-17,,,,,1.958e-2,,,,,,,,,,,,,,
687.87,5.630e-1,7.318e-20,3.808e-26,5.782e-42,1.150e-17,,,1.382e-18,8.907e-20,,5.968e-5,4.766e-15,2.940e-29,8.771e-18,4.357e-20,1.194e-18,6.659e-11,,,,2.912e-18,4.175e-37,9.990e-3,,6.544e-25,3.430e-1,,,2.298e-21,6.161e-17,1.935e-1,1.172e-28,,7.062e-22,1.514e-10,1.182e-16,3.413e-14,,6.673e-19,3.795e-18,1.993e-17,,,,,1.652e-2,,,,,,,,,,,,,,
687.89,5.655e-1,7.314e-20,3.802e-26,5.786e-42,1.151e-17,,,1.382e-18,8.910e-20,,7.416e-5,5.883e-15,2.941e-29,8.771e-18,4.353e-20,9.583e-19,8.625e-11,,,,2.913e-18,4.173e-37,8.673e-3,,6.543e-25,3.541e-1,,,2.299e-21,6.163e-17,1.879e-1,1.172e-28,,7.063e-22,1.151e-10,1.183e-16,4.643e-14,,6.720e-19,3.791e-18,1.992e-17,,,,,1.472e-2,,,,,,,,,,,,,,
687.92,5.700e-1,7.309e-20,3.794e-26,5.793e-42,1.151e-17,,,1.382e-18,8.915e-20,,1.024e-4,8.732e-15,2.942e-29,8.770e-18,4.348e-20,6.868e-19,1.268e-10,,,,2.913e-18,4.170e-37,6.994e-3,,6.542e-25,3.705e-1,,,2.300e-21,6.167e-17,1.801e-1,1.172e-28,,7.066e-22,7.603e-11,1.183e-16,7.346e-14,,6.791e-19,3.785e-18,1.990e-17,,,,,1.235e-2,,,,,,,,,,,,,,
687.94,5.733e-1,7.306e-20,3.788e-26,5.797e-42,1.152e-17,,,1.382e-18,8.918e-20,,1.268e-4,1.167e-14,2.942e-29,8.770e-18,4.344e-20,5.489e-19,1.635e-10,,,,2.914e-18,4.167e-37,6.047e-3,,6.541e-25,3.810e-1,,,2.301e-21,6.169e-17,1.752e-1,1.172e-28,,7.068e-22,5.755e-11,1.183e-16,9.954e-14,,6.838e-19,3.781e-18,1.989e-17,,,,,1.096e-2,,,,,,,,,,,,,,
687.97,5.786e-1,7.301e-20,3.780e-26,5.804e-42,1.152e-17,,,1.382e-18,8.923e-20,,1.740e-4,1.835e-14,2.943e-29,8.770e-18,4.339e-20,3.910e-19,2.389e-10,,,,2.914e-18,4.164e-37,4.847e-3,,6.540e-25,3.962e-1,,,2.302e-21,6.172e-17,1.682e-1,1.172e-28,,7.070e-22,3.779e-11,1.183e-16,1.565e-13,,6.909e-19,3.775e-18,1.988e-17,,,,,9.135e-3,,,,,,,,,,,,,,
687.99,5.822e-1,7.298e-20,3.774e-26,5.809e-42,1.152e-17,,,1.382e-18,8.927e-20,,2.145e-4,2.491e-14,2.944e-29,8.770e-18,4.336e-20,3.112e-19,3.070e-10,,,,2.915e-18,4.161e-37,4.174e-3,,6.539e-25,4.058e-1,,,2.303e-21,6.174e-17,1.639e-1,1.172e-28,,7.072e-22,2.849e-11,1.183e-16,2.113e-13,,9.894e-19,3.771e-18,1.987e-17,,,,,8.075e-3,,,,,,,,,,,,,,
688.02,5.875e-1,7.293e-20,3.766e-26,5.816e-42,1.153e-17,,,1.382e-18,8.931e-20,,2.927e-4,3.944e-14,2.944e-29,8.770e-18,4.330e-20,2.204e-19,4.458e-10,,,,2.915e-18,4.158e-37,3.325e-3,,6.538e-25,4.194e-1,,,2.305e-21,6.178e-17,1.578e-1,1.172e-28,,7.074e-22,1.859e-11,1.184e-16,3.303e-13,,1.690e-18,3.765e-18,1.985e-17,,,,,6.690e-3,,,,,,,,,,,,,,
688.04,5.910e-1,7.289e-20,3.760e-26,5.820e-42,1.153e-17,,,1.382e-18,8.935e-20,,3.594e-4,5.355e-14,2.945e-29,8.770e-18,4.327e-20,1.747e-19,5.706e-10,,,,2.915e-18,4.155e-37,2.852e-3,,6.538e-25,4.279e-1,,,2.306e-21,6.180e-17,1.540e-1,1.172e-28,,7.076e-22,1.396e-11,1.184e-16,4.440e-13,,2.411e-18,3.761e-18,1.984e-17,,,,,5.889e-3,,,,,,,,,,,,,,
688.07,5.957e-1,7.284e-20,3.752e-26,5.827e-42,1.154e-17,,,1.382e-18,8.940e-20,,4.876e-4,8.453e-14,2.946e-29,8.769e-18,4.321e-20,1.229e-19,8.237e-10,,,,2.916e-18,4.152e-37,2.258e-3,,6.537e-25,4.396e-1,,,2.307e-21,6.183e-17,1.486e-1,1.172e-28,,7.078e-22,9.053e-12,1.184e-16,6.899e-13,,4.094e-18,3.755e-18,1.982e-17,,,,,4.849e-3,,,,,,,,,,,,,,
688.09,5.986e-1,7.281e-20,3.746e-26,5.832e-42,1.154e-17,,,1.382e-18,8.943e-20,,5.963e-4,1.144e-13,2.947e-29,8.769e-18,4.318e-20,9.704e-20,1.050e-9,,,,2.916e-18,4.149e-37,1.929e-3,,6.536e-25,4.466e-1,,,2.308e-21,6.185e-17,1.452e-1,1.172e-28,,7.080e-22,6.769e-12,1.184e-16,9.237e-13,,5.816e-18,3.751e-18,1.981e-17,,,,,4.252e-3,,,,,,,,,,,,,,
688.11,6.011e-1,7.277e-20,3.740e-26,5.836e-42,1.154e-17,,,1.382e-18,8.946e-20,,7.281e-4,1.546e-13,2.947e-29,8.769e-18,4.314e-20,7.649e-20,1.336e-9,,,,2.917e-18,4.147e-37,1.645e-3,,6.535e-25,4.531e-1,,,2.309e-21,6.188e-17,1.419e-1,1.172e-28,,7.082e-22,5.054e-12,1.184e-16,1.235e-12,,8.248e-18,3.747e-18,1.980e-17,,,,,3.722e-3,,,,,,,,,,,,,,
688.14,6.041e-1,7.272e-20,3.732e-26,5.843e-42,1.155e-17,,,1.382e-18,8.951e-20,,9.794e-4,2.423e-13,2.948e-29,8.769e-18,4.309e-20,5.337e-20,1.913e-9,,,,2.917e-18,4.144e-37,1.291e-3,,6.534e-25,4.615e-1,,,2.310e-21,6.191e-17,1.372e-1,1.173e-28,,7.084e-22,3.250e-12,1.185e-16,1.903e-12,,1.389e-17,3.741e-18,1.979e-17,,,,,3.039e-3,,,,,,,,,,,,,,
688.16,6.055e-1,7.269e-20,3.726e-26,5.848e-42,1.155e-17,,,1.382e-18,8.954e-20,,1.191e-3,3.262e-13,2.949e-29,8.769e-18,4.305e-20,4.189e-20,2.424e-9,,,,2.918e-18,4.141e-37,1.097e-3,,6.533e-25,4.663e-1,,,2.311e-21,6.193e-17,1.343e-1,1.173e-28,,7.086e-22,2.416e-12,1.185e-16,2.533e-12,,1.962e-17,3.737e-18,1.978e-17,,,,,2.649e-3,,,,,,,,,,,,,,
688.19,6.068e-1,7.264e-20,3.718e-26,5.854e-42,1.156e-17,,,1.382e-18,8.959e-20,,1.593e-3,5.083e-13,2.949e-29,8.769e-18,4.300e-20,2.905e-20,3.450e-9,,,,2.918e-18,4.138e-37,8.557e-4,,6.532e-25,4.722e-1,,,2.313e-21,6.196e-17,1.300e-1,1.173e-28,,7.088e-22,1.544e-12,1.185e-16,3.880e-12,,3.285e-17,3.731e-18,1.976e-17,,,,,2.150e-3,,,,,,,,,,,,,,
688.21,6.069e-1,7.261e-20,3.712e-26,5.859e-42,1.156e-17,,,1.382e-18,8.962e-20,,1.929e-3,6.818e-13,2.950e-29,8.769e-18,4.296e-20,2.271e-20,4.355e-9,,,,2.919e-18,4.135e-37,7.238e-4,,6.531e-25,4.752e-1,,,2.314e-21,6.199e-17,1.272e-1,1.173e-28,,7.090e-22,1.143e-12,1.185e-16,5.146e-12,,4.622e-17,3.727e-18,1.975e-17,,,,,1.866e-3,,,,,,,,,,,,,,
688.24,6.061e-1,7.255e-20,3.704e-26,5.866e-42,1.156e-17,,,1.382e-18,8.967e-20,,2.564e-3,1.056e-12,2.951e-29,8.768e-18,4.291e-20,1.565e-20,6.159e-9,,,,2.919e-18,4.132e-37,5.613e-4,,6.530e-25,4.783e-1,,,2.315e-21,6.202e-17,1.232e-1,1.173e-28,,7.092e-22,7.263e-13,1.186e-16,7.835e-12,,7.691e-17,3.721e-18,1.973e-17,,,,,1.505e-3,,,,,,,,,,,,,,
688.26,6.048e-1,7.252e-20,3.698e-26,5.870e-42,1.157e-17,,,1.381e-18,8.970e-20,,3.093e-3,1.412e-12,2.951e-29,8.768e-18,4.287e-20,1.219e-20,7.745e-9,,,,2.919e-18,4.129e-37,4.729e-4,,6.529e-25,4.793e-1,,,2.316e-21,6.204e-17,1.206e-1,1.173e-28,,7.094e-22,5.356e-13,1.186e-16,1.035e-11,,1.078e-16,3.717e-18,1.972e-17,,,,,1.302e-3,,,,,,,,,,,,,,
688.29,6.017e-1,7.247e-20,3.690e-26,5.877e-42,1.157e-17,,,1.381e-18,8.975e-20,,4.087e-3,2.175e-12,2.952e-29,8.768e-18,4.282e-20,8.349e-21,1.089e-8,,,,2.920e-18,4.126e-37,3.645e-4,,6.528e-25,4.795e-1,,,2.317e-21,6.207e-17,1.167e-1,1.173e-28,,7.096e-22,3.382e-13,1.186e-16,1.566e-11,,1.783e-16,3.711e-18,1.971e-17,,,,,1.044e-3,,,,,,,,,,,,,,
688.31,5.990e-1,7.244e-20,3.684e-26,5.882e-42,1.158e-17,,,1.381e-18,8.979e-20,,4.911e-3,2.895e-12,2.953e-29,8.768e-18,4.279e-20,6.475e-21,1.364e-8,,,,2.920e-18,4.123e-37,3.058e-4,,6.528e-25,4.787e-1,,,2.318e-21,6.210e-17,1.141e-1,1.173e-28,,7.098e-22,2.484e-13,1.186e-16,2.060e-11,,2.488e-16,3.707e-18,1.969e-17,,,,,8.988e-4,,,,,,,,,,,,,,
688.34,5.938e-1,7.239e-20,3.676e-26,5.889e-42,1.158e-17,,,1.381e-18,8.983e-20,,6.450e-3,4.435e-12,2.954e-29,8.768e-18,4.273e-20,4.408e-21,1.906e-8,,,,2.921e-18,4.120e-37,2.343e-4,,6.527e-25,4.760e-1,,,2.320e-21,6.213e-17,1.103e-1,1.173e-28,,7.101e-22,1.558e-13,1.187e-16,3.100e-11,,4.091e-16,3.701e-18,1.968e-17,,,,,7.162e-4,,,,,,,,,,,,,,
688.36,5.896e-1,7.235e-20,3.670e-26,5.893e-42,1.158e-17,,,1.381e-18,8.987e-20,,7.720e-3,5.881e-12,2.954e-29,8.768e-18,4.270e-20,3.404e-21,2.377e-8,,,,2.921e-18,4.118e-37,1.958e-4,,6.526e-25,4.733e-1,,,2.320e-21,6.215e-17,1.078e-1,1.173e-28,,7.102e-22,1.140e-13,1.187e-16,4.062e-11,,5.688e-16,3.697e-18,1.967e-17,,,,,6.143e-4,,,,,,,,,,,,,,
688.39,5.825e-1,7.230e-20,3.662e-26,5.900e-42,1.159e-17,,,1.381e-18,8.992e-20,,1.008e-2,8.958e-12,2.955e-29,8.767e-18,4.264e-20,2.304e-21,3.302e-8,,,,2.922e-18,4.114e-37,1.491e-4,,6.525e-25,4.678e-1,,,2.322e-21,6.218e-17,1.040e-1,1.173e-28,,7.105e-22,7.109e-14,1.187e-16,6.074e-11,,9.297e-16,3.691e-18,1.965e-17,,,,,4.865e-4,,,,,,,,,,,,,,
688.41,5.773e-1,7.227e-20,3.656e-26,5.904e-42,1.159e-17,,,1.381e-18,8.995e-20,,1.201e-2,1.184e-11,2.956e-29,8.767e-18,4.261e-20,1.772e-21,4.103e-8,,,,2.922e-18,4.112e-37,1.241e-4,,6.524e-25,4.632e-1,,,2.323e-21,6.221e-17,1.015e-1,1.173e-28,,7.106e-22,5.179e-14,1.187e-16,7.927e-11,,1.287e-15,3.687e-18,1.964e-17,,,,,4.156e-4,,,,,,,,,,,,,,
688.44,5.688e-1,7.222e-20,3.648e-26,5.911e-42,1.160e-17,,,1.381e-18,9.000e-20,,1.559e-2,1.793e-11,2.957e-29,8.767e-18,4.255e-20,1.192e-21,5.665e-8,,,,2.923e-18,4.108e-37,9.392e-5,,6.523e-25,4.551e-1,,,2.324e-21,6.224e-17,9.765e-2,1.173e-28,,7.109e-22,3.210e-14,1.187e-16,1.178e-10,,2.092e-15,3.681e-18,1.962e-17,,,,,3.271e-4,,,,,,,,,,,,,,
688.46,5.628e-1,7.218e-20,3.642e-26,5.916e-42,1.160e-17,,,1.381e-18,9.003e-20,,1.851e-2,2.360e-11,2.957e-29,8.767e-18,4.252e-20,9.130e-22,7.010e-8,,,,2.923e-18,4.106e-37,7.785e-5,,6.522e-25,4.489e-1,,,2.325e-21,6.226e-17,9.509e-2,1.173e-28,,7.110e-22,2.329e-14,1.188e-16,1.532e-10,,2.885e-15,3.677e-18,1.961e-17,,,,,2.783e-4,,,,,,,,,,,,,,
688.48,5.568e-1,7.215e-20,3.637e-26,5.920e-42,1.160e-17,,,1.381e-18,9.006e-20,,2.194e-2,3.101e-11,2.958e-29,8.767e-18,4.248e-20,6.983e-22,8.661e-8,,,,2.924e-18,4.103e-37,6.442e-5,,6.521e-25,4.420e-1,,,2.326e-21,6.228e-17,9.252e-2,1.173e-28,,7.112e-22,1.687e-14,1.188e-16,1.988e-10,,3.972e-15,3.673e-18,1.960e-17,,,,,2.364e-4,,,,,,,,,,,,,,
688.51,5.477e-1,7.210e-20,3.628e-26,5.927e-42,1.161e-17,,,1.381e-18,9.011e-20,,2.824e-2,4.660e-11,2.959e-29,8.767e-18,4.243e-20,4.656e-22,1.186e-7,,,,2.924e-18,4.100e-37,4.834e-5,,6.520e-25,4.306e-1,,,2.327e-21,6.232e-17,8.864e-2,1.173e-28,,7.115e-22,1.037e-14,1.188e-16,2.930e-10,,6.400e-15,3.667e-18,1.959e-17,,,,,1.845e-4,,,,,,,,,,,,,,
688.53,5.419e-1,7.207e-20,3.623e-26,5.932e-42,1.161e-17,,,1.381e-18,9.014e-20,,3.334e-2,6.101e-11,2.959e-29,8.766e-18,4.239e-20,3.547e-22,1.459e-7,,,,2.924e-18,4.098e-37,3.984e-5,,6.520e-25,4.223e-1,,,2.328e-21,6.234e-17,8.604e-2,1.173e-28,,7.116e-22,7.479e-15,1.188e-16,3.787e-10,,8.778e-15,3.663e-18,1.958e-17,,,,,1.561e-4,,,,,,,,,,,,,,
688.56,5.339e-1,7.202e-20,3.614e-26,5.939e-42,1.162e-17,,,1.381e-18,9.019e-20,,4.265e-2,9.115e-11,2.960e-29,8.766e-18,4.234e-20,2.351e-22,1.986e-7,,,,2.925e-18,4.094e-37,2.972e-5,,6.518e-25,4.089e-1,,,2.330e-21,6.237e-17,8.212e-2,1.173e-28,,7.119e-22,4.568e-15,1.189e-16,5.550e-10,,1.406e-14,3.657e-18,1.956e-17,,,,,1.211e-4,,,,,,,,,,,,,,
688.58,5.292e-1,7.198e-20,3.609e-26,5.943e-42,1.162e-17,,,1.381e-18,9.022e-20,,5.016e-2,1.189e-10,2.961e-29,8.766e-18,4.231e-20,1.783e-22,2.434e-7,,,,2.925e-18,4.092e-37,2.439e-5,,6.518e-25,3.994e-1,,,2.331e-21,6.239e-17,7.951e-2,1.173e-28,,7.120e-22,3.282e-15,1.189e-16,7.145e-10,,1.920e-14,3.653e-18,1.955e-17,,,,,1.020e-4,,,,,,,,,,,,,,
688.61,5.239e-1,7.193e-20,3.600e-26,5.950e-42,1.162e-17,,,1.381e-18,9.027e-20,,6.378e-2,1.766e-10,2.962e-29,8.766e-18,4.225e-20,1.175e-22,3.293e-7,,,,2.926e-18,4.088e-37,1.808e-5,,6.517e-25,3.845e-1,,,2.332e-21,6.243e-17,7.559e-2,1.173e-28,,7.123e-22,1.992e-15,1.189e-16,1.041e-9,,3.057e-14,3.647e-18,1.953e-17,,,,,7.867e-5,,,,,,,,,,,,,,
688.63,5.218e-1,7.190e-20,3.595e-26,5.955e-42,1.163e-17,,,1.381e-18,9.031e-20,,7.471e-2,2.295e-10,2.962e-29,8.766e-18,4.222e-20,8.874e-23,4.019e-7,,,,2.926e-18,4.086e-37,1.478e-5,,6.516e-25,3.740e-1,,,2.333e-21,6.245e-17,7.298e-2,1.174e-28,,7.124e-22,1.425e-15,1.189e-16,1.334e-9,,4.160e-14,3.643e-18,1.952e-17,,,,,6.602e-5,,,,,,,,,,,,,,
688.66,5.214e-1,7.185e-20,3.586e-26,5.961e-42,1.163e-17,,,1.381e-18,9.035e-20,,9.443e-2,3.391e-10,2.963e-29,8.766e-18,4.216e-20,5.810e-23,5.405e-7,,,,2.927e-18,4.082e-37,1.089e-5,,6.515e-25,3.579e-1,,,2.334e-21,6.248e-17,6.909e-2,1.174e-28,,7.127e-22,8.601e-16,1.189e-16,1.932e-9,,6.583e-14,3.637e-18,1.951e-17,,,,,5.059e-5,,,,,,,,,,,,,,
688.68,5.235e-1,7.181e-20,3.581e-26,5.966e-42,1.164e-17,,,1.380e-18,9.039e-20,,1.102e-1,4.390e-10,2.964e-29,8.766e-18,4.213e-20,4.372e-23,6.572e-7,,,,2.927e-18,4.080e-37,8.869e-6,,6.514e-25,3.468e-1,,,2.335e-21,6.250e-17,6.653e-2,1.174e-28,,7.129e-22,6.129e-16,1.190e-16,2.468e-9,,8.921e-14,3.633e-18,1.950e-17,,,,,4.228e-5,,,,,,,,,,,,,,
688.71,5.309e-1,7.176e-20,3.572e-26,5.973e-42,1.164e-17,,,1.380e-18,9.044e-20,,1.384e-1,6.448e-10,2.965e-29,8.765e-18,4.207e-20,2.845e-23,8.784e-7,,,,2.928e-18,4.076e-37,6.495e-6,,6.513e-25,3.297e-1,,,2.337e-21,6.254e-17,6.272e-2,1.174e-28,,7.131e-22,3.675e-16,1.190e-16,3.551e-9,,1.403e-13,3.627e-18,1.948e-17,,,,,3.221e-5,,,,,,,,,,,,,,
688.73,5.393e-1,7.173e-20,3.567e-26,5.977e-42,1.164e-17,,,1.380e-18,9.047e-20,,1.608e-1,8.317e-10,2.965e-29,8.765e-18,4.204e-20,2.132e-23,1.064e-6,,,,2.928e-18,4.074e-37,5.267e-6,,6.512e-25,3.182e-1,,,2.338e-21,6.256e-17,6.023e-2,1.174e-28,,7.133e-22,2.608e-16,1.190e-16,4.517e-9,,1.894e-13,3.623e-18,1.947e-17,,,,,2.681e-5,,,,,,,,,,,,,,
688.76,5.583e-1,7.168e-20,3.558e-26,5.984e-42,1.165e-17,,,1.380e-18,9.052e-20,,2.009e-1,1.215e-9,2.966e-29,8.765e-18,4.198e-20,1.379e-23,1.413e-6,,,,2.929e-18,4.070e-37,3.834e-6,,6.511e-25,3.008e-1,,,2.339e-21,6.259e-17,5.656e-2,1.174e-28,,7.135e-22,1.555e-16,1.190e-16,6.462e-9,,2.962e-13,3.617e-18,1.945e-17,,,,,2.030e-5,,,,,,,,,,,,,,
688.78,5.758e-1,7.164e-20,3.553e-26,5.989e-42,1.165e-17,,,1.380e-18,9.055e-20,,2.325e-1,1.561e-9,2.967e-29,8.765e-18,4.195e-20,1.029e-23,1.705e-6,,,,2.929e-18,4.068e-37,3.096e-6,,6.510e-25,2.891e-1,,,2.340e-21,6.261e-17,5.417e-2,1.174e-28,,7.137e-22,1.099e-16,1.190e-16,8.188e-9,,3.982e-13,3.613e-18,1.944e-17,,,,,1.682e-5,,,,,,,,,,,,,,
688.81,6.110e-1,7.159e-20,3.544e-26,5.996e-42,1.166e-17,,,1.380e-18,9.060e-20,,2.886e-1,2.267e-9,2.968e-29,8.765e-18,4.190e-20,6.615e-24,2.251e-6,,,,2.930e-18,4.065e-37,2.240e-6,,6.509e-25,2.717e-1,,,2.341e-21,6.265e-17,5.070e-2,1.174e-28,,7.139e-22,6.509e-17,1.191e-16,1.164e-8,,6.189e-13,3.607e-18,1.943e-17,,,,,1.266e-5,,,,,,,,,,,,,,
688.83,6.413e-1,7.156e-20,3.539e-26,6.000e-42,1.166e-17,,,1.380e-18,9.063e-20,,3.327e-1,2.902e-9,2.968e-29,8.765e-18,4.186e-20,4.917e-24,2.705e-6,,,,2.930e-18,4.062e-37,1.802e-6,,6.508e-25,2.601e-1,,,2.342e-21,6.267e-17,4.846e-2,1.174e-28,,7.141e-22,4.582e-17,1.191e-16,1.469e-8,,8.288e-13,3.603e-18,1.941e-17,,,,,1.045e-5,,,,,,,,,,,,,,
688.86,6.987e-1,7.151e-20,3.530e-26,6.007e-42,1.167e-17,,,1.380e-18,9.068e-20,,4.106e-1,4.191e-9,2.969e-29,8.764e-18,4.181e-20,3.141e-24,3.551e-6,,,,2.931e-18,4.059e-37,1.296e-6,,6.507e-25,2.429e-1,,,2.344e-21,6.270e-17,4.524e-2,1.174e-28,,7.143e-22,2.698e-17,1.191e-16,2.077e-8,,1.281e-12,3.597e-18,1.940e-17,,,,,7.818e-6,,,,,,,,,,,,,,
688.88,7.462e-1,7.148e-20,3.525e-26,6.011e-42,1.167e-17,,,1.380e-18,9.071e-20,,4.715e-1,5.344e-9,2.970e-29,8.764e-18,4.177e-20,2.325e-24,4.249e-6,,,,2.931e-18,4.056e-37,1.038e-6,,6.507e-25,2.316e-1,,,2.344e-21,6.272e-17,4.319e-2,1.174e-28,,7.145e-22,1.891e-17,1.191e-16,2.611e-8,,1.708e-12,3.593e-18,1.939e-17,,,,,6.428e-6,,,,,,,,,,,,,,
688.9,8.022e-1,7.144e-20,3.519e-26,6.016e-42,1.167e-17,,,1.380e-18,9.075e-20,,5.405e-1,6.805e-9,2.970e-29,8.764e-18,4.174e-20,1.719e-24,5.075e-6,,,,2.931e-18,4.054e-37,8.300e-7,,6.506e-25,2.205e-1,,,2.345e-21,6.274e-17,4.123e-2,1.174e-28,,7.147e-22,1.324e-17,1.192e-16,3.276e-8,,2.274e-12,3.589e-18,1.938e-17,,,,,5.277e-6,,,,,,,,,,,,,,
688.93,9.040e-1,7.139e-20,3.511e-26,6.023e-42,1.168e-17,,,1.380e-18,9.079e-20,,6.614e-1,9.750e-9,2.971e-29,8.764e-18,4.168e-20,1.089e-24,6.607e-6,,,,2.932e-18,4.050e-37,5.918e-7,,6.505e-25,2.042e-1,,,2.347e-21,6.278e-17,3.846e-2,1.174e-28,,7.149e-22,7.727e-18,1.192e-16,4.592e-8,,3.485e-12,3.583e-18,1.936e-17,,,,,3.913e-6,,,,,,,,,,,,,,
688.95,9.855e-1,7.136e-20,3.505e-26,6.027e-42,1.168e-17,,,1.380e-18,9.083e-20,,7.552e-1,1.237e-8,2.972e-29,8.764e-18,4.165e-20,8.014e-25,7.861e-6,,,,2.932e-18,4.048e-37,4.713e-7,,6.504e-25,1.936e-1,,,2.348e-21,6.280e-17,3.674e-2,1.174e-28,,7.151e-22,5.386e-18,1.192e-16,5.740e-8,,4.622e-12,3.579e-18,1.935e-17,,,,,3.200e-6,,,,,,,,,,,,,,
688.98,1.131e+0,7.131e-20,3.497e-26,6.034e-42,1.169e-17,,,1.380e-18,9.088e-20,,9.186e-1,1.762e-8,2.973e-29,8.764e-18,4.159e-20,5.045e-25,1.017e-5,,,,2.933e-18,4.044e-37,3.340e-7,,6.503e-25,1.782e-1,,,2.349e-21,6.283e-17,3.436e-2,1.174e-28,,7.153e-22,3.125e-18,1.192e-16,7.997e-8,,7.039e-12,3.573e-18,1.933e-17,,,,,2.358e-6,,,,,,,,,,,,,,
689,1.246e+0,7.127e-20,3.491e-26,6.039e-42,1.169e-17,,,1.380e-18,9.091e-20,,1.045e+0,2.227e-8,2.973e-29,8.763e-18,4.156e-20,3.699e-25,1.206e-5,,,,2.933e-18,4.042e-37,2.650e-7,,6.502e-25,1.683e-1,,,2.350e-21,6.285e-17,3.292e-2,1.174e-28,,7.155e-22,3.119e-18,1.192e-16,9.956e-8,,9.299e-12,3.569e-18,1.932e-17,,,,,1.920e-6,,,,,,,,,,,,,,
689.03,1.448e+0,7.122e-20,3.483e-26,6.046e-42,1.169e-17,,,1.380e-18,9.096e-20,,1.263e+0,3.155e-8,2.974e-29,8.763e-18,4.150e-20,2.314e-25,1.551e-5,,,,2.934e-18,4.039e-37,1.866e-7,,6.501e-25,1.539e-1,,,2.351e-21,6.289e-17,3.100e-2,1.174e-28,,7.157e-22,3.109e-18,1.193e-16,1.379e-7,,1.408e-11,3.563e-18,1.931e-17,,,,,1.407e-6,,,,,,,,,,,,,,
689.05,1.606e+0,7.119e-20,3.477e-26,6.050e-42,1.170e-17,,,1.380e-18,9.099e-20,,1.431e+0,3.972e-8,2.975e-29,8.763e-18,4.147e-20,1.690e-25,1.830e-5,,,,2.934e-18,4.036e-37,1.474e-7,,6.500e-25,1.448e-1,,,2.352e-21,6.291e-17,2.988e-2,1.174e-28,,7.159e-22,3.103e-18,1.193e-16,1.710e-7,,1.852e-11,3.559e-18,1.930e-17,,,,,1.141e-6,,,,,,,,,,,,,,
689.08,1.880e+0,7.114e-20,3.469e-26,6.057e-42,1.170e-17,,,1.380e-18,9.104e-20,,1.720e+0,5.595e-8,2.975e-29,8.763e-18,4.142e-20,1.051e-25,2.340e-5,,,,2.935e-18,4.033e-37,1.032e-7,,6.499e-25,1.317e-1,,,2.354e-21,6.294e-17,2.846e-2,1.174e-28,,7.162e-22,3.093e-18,1.193e-16,2.354e-7,,2.788e-11,3.553e-18,1.928e-17,,,,,8.308e-7,,,,,,,,,,,,,,
689.1,2.091e+0,7.110e-20,3.463e-26,6.062e-42,1.170e-17,,,1.380e-18,9.107e-20,,1.940e+0,7.017e-8,2.976e-29,8.763e-18,4.138e-20,7.641e-26,2.751e-5,,,,2.935e-18,4.030e-37,8.122e-8,,6.499e-25,1.234e-1,,,2.355e-21,6.296e-17,2.770e-2,1.174e-28,,7.163e-22,3.087e-18,1.193e-16,2.907e-7,,3.653e-11,3.549e-18,1.927e-17,,,,,6.711e-7,,,,,,,,,,,,,,
689.13,2.457e+0,7.105e-20,3.455e-26,6.068e-42,1.171e-17,,,1.379e-18,9.112e-20,,2.318e+0,9.829e-8,2.977e-29,8.763e-18,4.133e-20,4.724e-26,3.496e-5,,,,2.935e-18,4.027e-37,5.652e-8,,6.497e-25,1.115e-1,,,2.356e-21,6.300e-17,2.686e-2,1.174e-28,,7.166e-22,3.077e-18,1.194e-16,3.979e-7,,5.465e-11,3.543e-18,1.925e-17,,,,,4.857e-7,,,,,,,,,,,,,,
689.15,2.736e+0,7.102e-20,3.449e-26,6.073e-42,1.171e-17,,,1.379e-18,9.115e-20,,2.605e+0,1.228e-7,2.978e-29,8.763e-18,4.129e-20,3.421e-26,4.094e-5,,,,2.936e-18,4.024e-37,4.429e-8,,6.497e-25,1.040e-1,,,2.357e-21,6.302e-17,2.651e-2,1.175e-28,,7.167e-22,3.071e-18,1.194e-16,4.894e-7,,7.134e-11,3.539e-18,1.924e-17,,,,,3.907e-7,,,,,,,,,,,,,,
689.18,3.214e+0,7.097e-20,3.441e-26,6.080e-42,1.172e-17,,,1.379e-18,9.120e-20,,3.094e+0,1.711e-7,2.978e-29,8.762e-18,4.124e-20,2.102e-26,5.172e-5,,,,2.936e-18,4.021e-37,3.063e-8,,6.496e-25,9.348e-2,,,2.358e-21,6.305e-17,2.630e-2,1.175e-28,,7.170e-22,3.061e-18,1.194e-16,6.658e-7,,1.061e-10,3.533e-18,1.923e-17,,,,,2.810e-7,,,,,,,,,,,,,,
689.2,3.576e+0,7.094e-20,3.435e-26,6.084e-42,1.172e-17,,,1.379e-18,9.123e-20,,3.463e+0,2.129e-7,2.979e-29,8.762e-18,4.120e-20,1.516e-26,6.031e-5,,,,2.937e-18,4.018e-37,2.391e-8,,6.495e-25,8.686e-2,,,2.359e-21,6.307e-17,2.640e-2,1.175e-28,,7.171e-22,3.055e-18,1.194e-16,8.157e-7,,1.379e-10,3.529e-18,1.922e-17,,,,,2.252e-7,,,,,,,,,,,,,,
689.23,4.193e+0,7.089e-20,3.427e-26,6.091e-42,1.173e-17,,,1.379e-18,9.128e-20,,4.088e+0,2.949e-7,2.980e-29,8.762e-18,4.115e-20,9.256e-27,7.574e-5,,,,2.937e-18,4.015e-37,1.643e-8,,6.494e-25,7.758e-2,,,2.361e-21,6.311e-17,2.690e-2,1.175e-28,,7.174e-22,3.046e-18,1.195e-16,1.103e-6,,2.039e-10,3.523e-18,1.920e-17,,,,,1.610e-7,,,,,,,,,,,,,,
689.25,4.657e+0,7.085e-20,3.421e-26,6.096e-42,1.173e-17,,,1.379e-18,9.131e-20,,4.557e+0,3.657e-7,2.980e-29,8.762e-18,4.111e-20,6.648e-27,8.798e-5,,,,2.938e-18,4.013e-37,1.277e-8,,6.493e-25,7.180e-2,,,2.362e-21,6.313e-17,2.750e-2,1.175e-28,,7.176e-22,3.039e-18,1.195e-16,1.346e-6,,2.640e-10,3.519e-18,1.919e-17,,,,,1.285e-7,,,,,,,,,,,,,,
689.27,5.167e+0,7.082e-20,3.415e-26,6.100e-42,1.173e-17,,,1.379e-18,9.135e-20,,5.072e+0,4.529e-7,2.981e-29,8.762e-18,4.108e-20,4.768e-27,1.020e-4,,,,2.938e-18,4.010e-37,9.913e-9,,6.492e-25,6.635e-2,,,2.362e-21,6.315e-17,2.831e-2,1.175e-28,,7.177e-22,3.033e-18,1.195e-16,1.640e-6,,3.413e-10,3.515e-18,1.918e-17,,,,,1.023e-7,,,,,,,,,,,,,,
689.3,6.027e+0,7.077e-20,3.407e-26,6.107e-42,1.174e-17,,,1.379e-18,9.140e-20,,5.938e+0,6.223e-7,2.982e-29,8.762e-18,4.102e-20,2.887e-27,1.270e-4,,,,2.939e-18,4.007e-37,6.756e-9,,6.491e-25,5.876e-2,,,2.364e-21,6.318e-17,2.994e-2,1.175e-28,,7.180e-22,3.023e-18,1.195e-16,2.199e-6,,5.003e-10,3.509e-18,1.916e-17,,,,,7.255e-8,,,,,,,,,,,,,,
689.32,6.668e+0,7.073e-20,3.401e-26,6.112e-42,1.174e-17,,,1.379e-18,9.143e-20,,6.583e+0,7.676e-7,2.982e-29,8.761e-18,4.099e-20,2.062e-27,1.467e-4,,,,2.939e-18,4.004e-37,5.222e-9,,6.490e-25,5.408e-2,,,2.365e-21,6.321e-17,3.133e-2,1.175e-28,,7.181e-22,3.017e-18,1.195e-16,2.669e-6,,6.443e-10,3.505e-18,1.915e-17,,,,,5.756e-8,,,,,,,,,,,,,,
689.35,7.742e+0,7.068e-20,3.393e-26,6.118e-42,1.175e-17,,,1.379e-18,9.148e-20,,7.660e+0,1.049e-6,2.983e-29,8.761e-18,4.093e-20,1.241e-27,1.816e-4,,,,2.940e-18,4.001e-37,3.537e-9,,6.489e-25,4.760e-2,,,2.366e-21,6.324e-17,3.389e-2,1.175e-28,,7.184e-22,3.008e-18,1.196e-16,3.557e-6,,9.387e-10,3.499e-18,1.913e-17,,,,,4.056e-8,,,,,,,,,,,,,,
689.37,8.538e+0,7.065e-20,3.387e-26,6.123e-42,1.175e-17,,,1.379e-18,9.151e-20,,8.458e+0,1.289e-6,2.984e-29,8.761e-18,4.090e-20,8.824e-28,2.090e-4,,,,2.940e-18,3.998e-37,2.723e-9,,6.489e-25,4.363e-2,,,2.367e-21,6.326e-17,3.591e-2,1.175e-28,,7.185e-22,3.001e-18,1.196e-16,4.300e-6,,1.204e-9,3.495e-18,1.912e-17,,,,,3.205e-8,,,,,,,,,,,,,,
689.4,9.862e+0,7.060e-20,3.379e-26,6.130e-42,1.175e-17,,,1.379e-18,9.156e-20,,9.784e+0,1.751e-6,2.985e-29,8.761e-18,4.085e-20,5.278e-28,2.571e-4,,,,2.940e-18,3.995e-37,1.833e-9,,6.487e-25,3.818e-2,,,2.368e-21,6.329e-17,3.948e-2,1.175e-28,,7.188e-22,2.992e-18,1.196e-16,5.697e-6,,1.744e-9,3.489e-18,1.911e-17,,,,,2.244e-8,,,,,,,,,,,,,,
689.42,1.084e+1,7.056e-20,3.373e-26,6.134e-42,1.176e-17,,,1.379e-18,9.159e-20,,1.076e+1,2.144e-6,2.985e-29,8.761e-18,4.081e-20,3.739e-28,2.946e-4,,,,2.941e-18,3.993e-37,1.406e-9,,6.487e-25,3.486e-2,,,2.369e-21,6.332e-17,4.221e-2,1.175e-28,,7.190e-22,2.985e-18,1.196e-16,6.859e-6,,2.228e-9,3.485e-18,1.910e-17,,,,,1.766e-8,,,,,,,,,,,,,,
689.45,1.245e+1,7.051e-20,3.365e-26,6.141e-42,1.176e-17,,,1.379e-18,9.164e-20,,1.237e+1,2.896e-6,2.986e-29,8.761e-18,4.076e-20,2.222e-28,3.603e-4,,,,2.941e-18,3.989e-37,9.406e-10,,6.486e-25,3.031e-2,,,2.371e-21,6.335e-17,4.689e-2,1.175e-28,,7.192e-22,2.976e-18,1.197e-16,9.034e-6,,3.207e-9,3.479e-18,1.908e-17,,,,,1.229e-8,,,,,,,,,,,,,,
689.47,1.363e+1,7.048e-20,3.359e-26,6.146e-42,1.177e-17,,,1.379e-18,9.167e-20,,1.355e+1,3.532e-6,2.987e-29,8.760e-18,4.072e-20,1.568e-28,4.112e-4,,,,2.942e-18,3.987e-37,7.182e-10,,6.485e-25,2.756e-2,,,2.372e-21,6.337e-17,5.040e-2,1.175e-28,,7.194e-22,2.970e-18,1.197e-16,1.083e-5,,4.081e-9,3.475e-18,1.907e-17,,,,,9.637e-9,,,,,,,,,,,,,,
689.5,1.557e+1,7.043e-20,3.351e-26,6.153e-42,1.177e-17,,,1.379e-18,9.172e-20,,1.549e+1,4.744e-6,2.988e-29,8.760e-18,4.067e-20,9.264e-29,4.998e-4,,,,2.942e-18,3.983e-37,4.777e-10,,6.484e-25,2.383e-2,,,2.373e-21,6.340e-17,5.629e-2,1.175e-28,,7.196e-22,2.960e-18,1.197e-16,1.418e-5,,5.841e-9,3.469e-18,1.905e-17,,,,,6.667e-9,,,,,,,,,,,,,,
689.52,1.698e+1,7.040e-20,3.345e-26,6.157e-42,1.177e-17,,,1.379e-18,9.175e-20,,1.690e+1,5.764e-6,2.988e-29,8.760e-18,4.063e-20,6.509e-29,5.682e-4,,,,2.943e-18,3.981e-37,3.632e-10,,6.483e-25,2.158e-2,,,2.374e-21,6.343e-17,6.065e-2,1.175e-28,,7.198e-22,2.954e-18,1.197e-16,1.694e-5,,7.402e-9,3.465e-18,1.904e-17,,,,,5.205e-9,,,,,,,,,,,,,,
689.55,1.929e+1,7.035e-20,3.337e-26,6.164e-42,1.178e-17,,,1.378e-18,9.180e-20,,1.920e+1,7.698e-6,2.989e-29,8.760e-18,4.058e-20,3.822e-29,6.866e-4,,,,2.943e-18,3.977e-37,2.401e-10,,6.482e-25,1.854e-2,,,2.375e-21,6.346e-17,6.785e-2,1.175e-28,,7.200e-22,2.944e-18,1.197e-16,2.205e-5,,1.053e-8,3.459e-18,1.903e-17,,,,,3.579e-9,,,,,,,,,,,,,,
689.57,2.096e+1,7.031e-20,3.331e-26,6.169e-42,1.178e-17,,,1.378e-18,9.183e-20,,2.087e+1,9.318e-6,2.990e-29,8.760e-18,4.054e-20,2.675e-29,7.773e-4,,,,2.944e-18,3.975e-37,1.819e-10,,6.481e-25,1.673e-2,,,2.376e-21,6.348e-17,7.312e-2,1.175e-28,,7.202e-22,2.938e-18,1.198e-16,2.623e-5,,1.329e-8,3.455e-18,1.902e-17,,,,,2.782e-9,,,,,,,,,,,,,,
689.6,2.366e+1,7.026e-20,3.323e-26,6.175e-42,1.179e-17,,,1.378e-18,9.188e-20,,2.357e+1,1.237e-5,2.991e-29,8.760e-18,4.049e-20,1.561e-29,9.336e-4,,,,2.944e-18,3.971e-37,1.195e-10,,6.480e-25,1.429e-2,,,2.378e-21,6.351e-17,8.173e-2,1.175e-28,,7.204e-22,2.928e-18,1.198e-16,3.393e-5,,1.880e-8,3.449e-18,1.900e-17,,,,,1.902e-9,,,,,,,,,,,,,,
689.62,2.561e+1,7.023e-20,3.317e-26,6.180e-42,1.179e-17,,,1.378e-18,9.192e-20,,2.551e+1,1.492e-5,2.991e-29,8.760e-18,4.045e-20,1.088e-29,1.053e-3,,,,2.945e-18,3.969e-37,9.014e-11,,6.479e-25,1.283e-2,,,2.379e-21,6.354e-17,8.796e-2,1.175e-28,,7.206e-22,2.922e-18,1.198e-16,4.021e-5,,2.363e-8,3.445e-18,1.899e-17,,,,,1.473e-9,,,,,,,,,,,,,,
689.64,2.767e+1,7.019e-20,3.312e-26,6.185e-42,1.179e-17,,,1.378e-18,9.195e-20,,2.756e+1,1.797e-5,2.992e-29,8.759e-18,4.042e-20,7.571e-30,1.185e-3,,,,2.945e-18,3.967e-37,6.788e-11,,6.479e-25,1.151e-2,,,2.379e-21,6.356e-17,9.459e-2,1.175e-28,,7.208e-22,2.916e-18,1.198e-16,4.757e-5,,2.967e-8,3.441e-18,1.898e-17,,,,,1.138e-9,,,,,,,,,,,,,,
689.67,3.098e+1,7.014e-20,3.303e-26,6.191e-42,1.180e-17,,,1.378e-18,9.200e-20,,3.087e+1,2.367e-5,2.993e-29,8.759e-18,4.036e-20,7.522e-30,1.412e-3,,,,2.945e-18,3.963e-37,4.422e-11,,6.477e-25,9.749e-3,,,2.381e-21,6.359e-17,1.053e-1,1.176e-28,,7.210e-22,2.906e-18,1.198e-16,6.103e-5,,4.160e-8,3.435e-18,1.896e-17,,,,,7.714e-10,,,,,,,,,,,,,,
689.69,3.335e+1,7.011e-20,3.298e-26,6.196e-42,1.180e-17,,,1.378e-18,9.203e-20,,3.322e+1,2.839e-5,2.993e-29,8.759e-18,4.033e-20,7.490e-30,1.583e-3,,,,2.946e-18,3.961e-37,3.317e-11,,6.477e-25,8.709e-3,,,2.382e-21,6.361e-17,1.129e-1,1.176e-28,,7.212e-22,2.900e-18,1.199e-16,7.191e-5,,5.201e-8,3.431e-18,1.895e-17,,,,,5.940e-10,,,,,,,,,,,,,,
689.72,3.712e+1,7.006e-20,3.289e-26,6.203e-42,1.181e-17,,,1.378e-18,9.208e-20,,3.699e+1,3.719e-5,2.994e-29,8.759e-18,4.028e-20,7.441e-30,1.874e-3,,,,2.946e-18,3.957e-37,2.148e-11,,6.476e-25,7.331e-3,,,2.383e-21,6.365e-17,1.252e-1,1.176e-28,,7.214e-22,2.890e-18,1.199e-16,9.172e-5,,7.250e-8,3.425e-18,1.893e-17,,,,,4.001e-10,,,,,,,,,,,,,,
689.74,3.979e+1,7.003e-20,3.284e-26,6.207e-42,1.181e-17,,,1.378e-18,9.211e-20,,3.965e+1,4.444e-5,2.995e-29,8.759e-18,4.024e-20,7.408e-30,2.093e-3,,,,2.947e-18,3.955e-37,1.604e-11,,6.475e-25,6.523e-3,,,2.384e-21,6.367e-17,1.339e-1,1.176e-28,,7.216e-22,2.884e-18,1.199e-16,1.076e-4,,9.029e-8,3.421e-18,1.892e-17,,,,,3.068e-10,,,,,,,,,,,,,,
689.77,4.403e+1,6.997e-20,3.275e-26,6.214e-42,1.181e-17,,,1.378e-18,9.216e-20,,4.388e+1,5.788e-5,2.996e-29,8.759e-18,4.019e-20,7.360e-30,2.463e-3,,,,2.947e-18,3.951e-37,1.033e-11,,6.474e-25,5.458e-3,,,2.385e-21,6.370e-17,1.477e-1,1.176e-28,,7.218e-22,2.874e-18,1.199e-16,1.365e-4,,1.251e-7,3.415e-18,1.891e-17,,,,,2.054e-10,,,,,,,,,,,,,,
689.79,4.702e+1,6.994e-20,3.270e-26,6.219e-42,1.182e-17,,,1.378e-18,9.219e-20,,4.685e+1,6.889e-5,2.996e-29,8.758e-18,4.015e-20,7.327e-30,2.740e-3,,,,2.948e-18,3.949e-37,7.682e-12,,6.473e-25,4.837e-3,,,2.386e-21,6.372e-17,1.574e-1,1.176e-28,,7.220e-22,2.868e-18,1.200e-16,1.596e-4,,1.552e-7,3.411e-18,1.890e-17,,,,,1.568e-10,,,,,,,,,,,,,,
689.82,5.172e+1,6.989e-20,3.261e-26,6.225e-42,1.182e-17,,,1.378e-18,9.224e-20,,5.154e+1,8.922e-5,2.997e-29,8.758e-18,4.010e-20,7.278e-30,3.206e-3,,,,2.948e-18,3.945e-37,4.914e-12,,6.472e-25,4.023e-3,,,2.388e-21,6.376e-17,1.727e-1,1.176e-28,,7.222e-22,2.859e-18,1.200e-16,2.011e-4,,2.137e-7,3.405e-18,1.888e-17,,,,,1.044e-10,,,,,,,,,,,,,,
689.84,5.500e+1,6.986e-20,3.256e-26,6.230e-42,1.183e-17,,,1.378e-18,9.227e-20,,5.481e+1,1.058e-4,2.998e-29,8.758e-18,4.006e-20,7.246e-30,3.552e-3,,,,2.949e-18,3.943e-37,3.641e-12,,6.471e-25,3.551e-3,,,2.389e-21,6.378e-17,1.834e-1,1.176e-28,,7.224e-22,2.852e-18,1.200e-16,2.342e-4,,2.641e-7,3.401e-18,1.887e-17,,,,,7.938e-11,,,,,,,,,,,,,,
689.87,6.014e+1,6.981e-20,3.247e-26,6.237e-42,1.183e-17,,,1.378e-18,9.232e-20,,5.993e+1,1.362e-4,2.999e-29,8.758e-18,4.001e-20,7.197e-30,4.130e-3,,,,2.949e-18,3.939e-37,2.315e-12,,6.470e-25,2.936e-3,,,2.390e-21,6.381e-17,2.001e-1,1.176e-28,,7.227e-22,2.843e-18,1.200e-16,2.934e-4,,3.615e-7,3.395e-18,1.885e-17,,,,,5.250e-11,,,,,,,,,,,,,,
689.89,6.370e+1,6.977e-20,3.242e-26,6.241e-42,1.183e-17,,,1.378e-18,9.235e-20,,6.348e+1,1.609e-4,2.999e-29,8.758e-18,3.997e-20,7.164e-30,4.557e-3,,,,2.949e-18,3.937e-37,1.708e-12,,6.469e-25,2.581e-3,,,2.391e-21,6.383e-17,2.118e-1,1.176e-28,,7.228e-22,2.836e-18,1.200e-16,3.403e-4,,4.449e-7,3.391e-18,1.884e-17,,,,,3.977e-11,,,,,,,,,,,,,,
689.92,6.924e+1,6.972e-20,3.233e-26,6.248e-42,1.184e-17,,,1.378e-18,9.240e-20,,6.900e+1,2.061e-4,3.000e-29,8.758e-18,3.992e-20,7.115e-30,5.267e-3,,,,2.950e-18,3.934e-37,1.079e-12,,6.468e-25,2.121e-3,,,2.392e-21,6.387e-17,2.298e-1,1.176e-28,,7.231e-22,2.827e-18,1.201e-16,4.238e-4,,6.054e-7,3.385e-18,1.883e-17,,,,,2.614e-11,,,,,,,,,,,,,,
689.94,7.305e+1,6.969e-20,3.228e-26,6.253e-42,1.184e-17,,,1.378e-18,9.244e-20,,7.280e+1,2.425e-4,3.001e-29,8.757e-18,3.988e-20,7.083e-30,5.790e-3,,,,2.950e-18,3.931e-37,7.933e-13,,6.468e-25,1.857e-3,,,2.393e-21,6.389e-17,2.422e-1,1.176e-28,,7.232e-22,2.820e-18,1.201e-16,4.897e-4,,7.420e-7,3.381e-18,1.882e-17,,,,,1.972e-11,,,,,,,,,,,,,,
689.97,7.893e+1,6.964e-20,3.219e-26,6.260e-42,1.185e-17,,,1.377e-18,9.249e-20,,7.866e+1,3.087e-4,3.001e-29,8.757e-18,3.983e-20,7.034e-30,6.651e-3,,,,2.951e-18,3.928e-37,4.983e-13,,6.466e-25,1.517e-3,,,2.395e-21,6.392e-17,2.613e-1,1.176e-28,,7.235e-22,2.811e-18,1.201e-16,6.063e-4,,1.004e-6,3.375e-18,1.880e-17,,,,,1.289e-11,,,,,,,,,,,,,,
689.99,8.294e+1,6.960e-20,3.214e-26,6.264e-42,1.185e-17,,,1.377e-18,9.252e-20,,8.265e+1,3.619e-4,3.002e-29,8.757e-18,3.980e-20,7.001e-30,7.282e-3,,,,2.951e-18,3.925e-37,3.647e-13,,6.466e-25,1.323e-3,,,2.396e-21,6.394e-17,2.744e-1,1.176e-28,,7.236e-22,2.805e-18,1.201e-16,6.977e-4,,1.225e-6,3.371e-18,1.879e-17,,,,,9.683e-12,,,,,,,,,,,,,,
690.01,8.702e+1,6.957e-20,3.208e-26,6.269e-42,1.185e-17,,,1.377e-18,9.255e-20,,8.672e+1,4.236e-4,3.003e-29,8.757e-18,3.976e-20,6.969e-30,7.959e-3,,,,2.952e-18,3.923e-37,2.665e-13,,6.465e-25,1.152e-3,,,2.397e-21,6.397e-17,2.876e-1,1.176e-28,,7.238e-22,2.798e-18,1.202e-16,8.017e-4,,1.494e-6,3.367e-18,1.878e-17,,,,,7.264e-12,,,,,,,,,,,,,,
690.04,9.323e+1,6.952e-20,3.200e-26,6.276e-42,1.186e-17,,,1.377e-18,9.260e-20,,9.291e+1,5.349e-4,3.004e-29,8.757e-18,3.971e-20,6.920e-30,9.067e-3,,,,2.952e-18,3.919e-37,1.660e-13,,6.464e-25,9.336e-4,,,2.398e-21,6.400e-17,3.079e-1,1.176e-28,,7.241e-22,2.789e-18,1.202e-16,9.846e-4,,2.004e-6,3.361e-18,1.876e-17,,,,,4.706e-12,,,,,,,,,,,,,,
690.06,9.742e+1,6.949e-20,3.194e-26,6.280e-42,1.186e-17,,,1.377e-18,9.263e-20,,9.709e+1,6.238e-4,3.004e-29,8.757e-18,3.967e-20,6.887e-30,9.870e-3,,,,2.953e-18,3.917e-37,1.208e-13,,6.463e-25,8.100e-4,,,2.399e-21,6.402e-17,3.215e-1,1.176e-28,,7.242e-22,2.782e-18,1.202e-16,1.127e-3,,2.432e-6,3.357e-18,1.875e-17,,,,,3.516e-12,,,,,,,,,,,,,,
690.09,1.038e+2,6.944e-20,3.186e-26,6.287e-42,1.187e-17,,,1.377e-18,9.268e-20,,1.034e+2,7.832e-4,3.005e-29,8.757e-18,3.962e-20,6.839e-30,1.118e-2,,,,2.953e-18,3.913e-37,7.477e-14,,6.462e-25,6.528e-4,,,2.400e-21,6.405e-17,3.421e-1,1.176e-28,,7.245e-22,2.773e-18,1.202e-16,1.376e-3,,3.243e-6,3.351e-18,1.874e-17,,,,,2.264e-12,,,,,,,,,,,,,,
690.11,1.080e+2,6.940e-20,3.180e-26,6.292e-42,1.187e-17,,,1.377e-18,9.271e-20,,1.076e+2,9.098e-4,3.006e-29,8.756e-18,3.958e-20,6.806e-30,1.212e-2,,,,2.954e-18,3.911e-37,5.420e-14,,6.461e-25,5.645e-4,,,2.401e-21,6.408e-17,3.559e-1,1.176e-28,,7.246e-22,2.767e-18,1.202e-16,1.569e-3,,3.922e-6,3.347e-18,1.872e-17,,,,,1.685e-12,,,,,,,,,,,,,,
690.14,1.143e+2,6.935e-20,3.172e-26,6.298e-42,1.187e-17,,,1.377e-18,9.276e-20,,1.139e+2,1.136e-3,3.006e-29,8.756e-18,3.953e-20,6.757e-30,1.364e-2,,,,2.954e-18,3.908e-37,3.334e-14,,6.460e-25,4.530e-4,,,2.403e-21,6.411e-17,3.765e-1,1.176e-28,,7.249e-22,2.757e-18,1.203e-16,1.904e-3,,5.198e-6,3.341e-18,1.871e-17,,,,,1.078e-12,,,,,,,,,,,,,,
690.16,1.185e+2,6.932e-20,3.166e-26,6.303e-42,1.188e-17,,,1.377e-18,9.279e-20,,1.181e+2,1.314e-3,3.007e-29,8.756e-18,3.949e-20,6.725e-30,1.473e-2,,,,2.954e-18,3.905e-37,2.407e-14,,6.459e-25,3.907e-4,,,2.403e-21,6.413e-17,3.901e-1,1.176e-28,,7.251e-22,2.751e-18,1.203e-16,2.163e-3,,6.261e-6,3.337e-18,1.870e-17,,,,,7.990e-13,,,,,,,,,,,,,,
690.19,1.247e+2,6.927e-20,3.158e-26,6.310e-42,1.188e-17,,,1.377e-18,9.284e-20,,1.243e+2,1.631e-3,3.008e-29,8.756e-18,3.944e-20,6.676e-30,1.648e-2,,,,2.955e-18,3.902e-37,1.472e-14,,6.458e-25,3.128e-4,,,2.405e-21,6.416e-17,4.103e-1,1.177e-28,,7.253e-22,2.741e-18,1.203e-16,2.610e-3,,8.249e-6,3.331e-18,1.868e-17,,,,,5.082e-13,,,,,,,,,,,,,,
690.21,1.288e+2,6.923e-20,3.152e-26,6.314e-42,1.189e-17,,,1.377e-18,9.288e-20,,1.283e+2,1.880e-3,3.008e-29,8.756e-18,3.940e-20,6.643e-30,1.773e-2,,,,2.955e-18,3.899e-37,1.058e-14,,6.458e-25,2.697e-4,,,2.406e-21,6.419e-17,4.235e-1,1.177e-28,,7.255e-22,2.735e-18,1.203e-16,2.953e-3,,9.895e-6,3.327e-18,1.867e-17,,,,,3.751e-13,,,,,,,,,,,,,,
690.24,1.347e+2,6.918e-20,3.144e-26,6.321e-42,1.189e-17,,,1.377e-18,9.292e-20,,1.343e+2,2.320e-3,3.009e-29,8.756e-18,3.935e-20,6.594e-30,1.972e-2,,,,2.956e-18,3.896e-37,6.432e-15,,6.456e-25,2.164e-4,,,2.407e-21,6.422e-17,4.428e-1,1.177e-28,,7.257e-22,2.725e-18,1.204e-16,3.543e-3,,1.296e-5,3.321e-18,1.865e-17,,,,,2.371e-13,,,,,,,,,,,,,,
690.26,1.386e+2,6.915e-20,3.138e-26,6.326e-42,1.189e-17,,,1.377e-18,9.296e-20,,1.381e+2,2.665e-3,3.010e-29,8.755e-18,3.931e-20,6.562e-30,2.113e-2,,,,2.956e-18,3.893e-37,4.605e-15,,6.456e-25,1.874e-4,,,2.408e-21,6.424e-17,4.553e-1,1.177e-28,,7.259e-22,2.719e-18,1.204e-16,3.993e-3,,1.548e-5,3.317e-18,1.864e-17,,,,,1.743e-13,,,,,,,,,,,,,,
690.29,1.441e+2,6.910e-20,3.130e-26,6.333e-42,1.190e-17,,,1.377e-18,9.301e-20,,1.436e+2,3.269e-3,3.011e-29,8.755e-18,3.926e-20,6.513e-30,2.336e-2,,,,2.957e-18,3.890e-37,2.782e-15,,6.455e-25,1.522e-4,,,2.409e-21,6.427e-17,4.733e-1,1.177e-28,,7.261e-22,2.710e-18,1.204e-16,4.764e-3,,2.016e-5,3.311e-18,1.863e-17,,,,,1.095e-13,,,,,,,,,,,,,,
690.31,1.476e+2,6.906e-20,3.124e-26,6.337e-42,1.190e-17,,,1.377e-18,9.304e-20,,1.471e+2,3.740e-3,3.011e-29,8.755e-18,3.923e-20,6.480e-30,2.492e-2,,,,2.957e-18,3.888e-37,1.984e-15,,6.454e-25,1.336e-4,,,2.410e-21,6.430e-17,4.848e-1,1.177e-28,,7.263e-22,2.703e-18,1.204e-16,5.349e-3,,2.399e-5,3.307e-18,1.862e-17,,,,,8.020e-14,,,,,,,,,,,,,,
690.34,1.525e+2,6.901e-20,3.116e-26,6.344e-42,1.191e-17,,,1.377e-18,9.309e-20,,1.520e+2,4.562e-3,3.012e-29,8.755e-18,3.917e-20,6.432e-30,2.739e-2,,,,2.958e-18,3.884e-37,1.191e-15,,6.453e-25,1.121e-4,,,2.412e-21,6.433e-17,5.011e-1,1.177e-28,,7.265e-22,2.694e-18,1.204e-16,6.346e-3,,3.105e-5,3.301e-18,1.860e-17,,,,,5.009e-14,,,,,,,,,,,,,,
690.36,1.556e+2,6.898e-20,3.110e-26,6.348e-42,1.191e-17,,,1.377e-18,9.312e-20,,1.551e+2,5.199e-3,3.013e-29,8.755e-18,3.914e-20,6.399e-30,2.911e-2,,,,2.958e-18,3.882e-37,8.461e-16,,6.452e-25,1.015e-4,,,2.413e-21,6.435e-17,5.113e-1,1.177e-28,,7.267e-22,2.687e-18,1.205e-16,7.099e-3,,3.680e-5,3.297e-18,1.859e-17,,,,,3.653e-14,,,,,,,,,,,,,,
690.38,1.585e+2,6.895e-20,3.104e-26,6.353e-42,1.191e-17,,,1.377e-18,9.315e-20,,1.580e+2,5.915e-3,3.013e-29,8.755e-18,3.910e-20,6.366e-30,3.088e-2,,,,2.958e-18,3.879e-37,6.000e-16,,6.451e-25,9.367e-5,,,2.414e-21,6.437e-17,5.209e-1,1.177e-28,,7.269e-22,2.681e-18,1.205e-16,7.929e-3,,4.355e-5,3.293e-18,1.858e-17,,,,,2.659e-14,,,,,,,,,,,,,,
690.41,1.625e+2,6.890e-20,3.096e-26,6.360e-42,1.192e-17,,,1.376e-18,9.320e-20,,1.619e+2,7.157e-3,3.014e-29,8.754e-18,3.905e-20,6.318e-30,3.365e-2,,,,2.959e-18,3.876e-37,3.572e-16,,6.450e-25,8.665e-5,,,2.415e-21,6.441e-17,5.341e-1,1.177e-28,,7.271e-22,2.671e-18,1.205e-16,9.334e-3,,5.589e-5,3.287e-18,1.856e-17,,,,,1.647e-14,,,,,,,,,,,,,,
690.43,1.649e+2,6.886e-20,3.090e-26,6.364e-42,1.192e-17,,,1.376e-18,9.323e-20,,1.643e+2,8.112e-3,3.015e-29,8.754e-18,3.901e-20,6.285e-30,3.557e-2,,,,2.959e-18,3.873e-37,2.522e-16,,6.449e-25,8.497e-5,,,2.416e-21,6.443e-17,5.420e-1,1.177e-28,,7.273e-22,2.665e-18,1.205e-16,1.039e-2,,6.587e-5,3.283e-18,1.855e-17,,,,,1.194e-14,,,,,,,,,,,,,,
690.46,1.680e+2,6.881e-20,3.082e-26,6.371e-42,1.193e-17,,,1.376e-18,9.328e-20,,1.674e+2,9.759e-3,3.016e-29,8.754e-18,3.896e-20,6.236e-30,3.852e-2,,,,2.960e-18,3.870e-37,1.492e-16,,6.448e-25,8.683e-5,,,2.417e-21,6.446e-17,5.526e-1,1.177e-28,,7.275e-22,2.656e-18,1.206e-16,1.216e-2,,8.404e-5,3.277e-18,1.854e-17,,,,,7.348e-15,,,,,,,,,,,,,,
690.48,1.698e+2,6.878e-20,3.076e-26,6.376e-42,1.193e-17,,,1.376e-18,9.331e-20,,1.691e+2,1.102e-2,3.016e-29,8.754e-18,3.892e-20,6.204e-30,4.055e-2,,,,2.960e-18,3.867e-37,1.050e-16,,6.448e-25,9.100e-5,,,2.418e-21,6.448e-17,5.587e-1,1.177e-28,,7.277e-22,2.649e-18,1.206e-16,1.348e-2,,9.866e-5,3.273e-18,1.853e-17,,,,,5.306e-15,,,,,,,,,,,,,,
690.51,1.719e+2,6.873e-20,3.068e-26,6.383e-42,1.194e-17,,,1.376e-18,9.336e-20,,1.713e+2,1.318e-2,3.017e-29,8.754e-18,3.887e-20,6.155e-30,4.366e-2,,,,2.961e-18,3.864e-37,6.173e-17,,6.447e-25,1.018e-4,,,2.420e-21,6.452e-17,5.665e-1,1.177e-28,,7.279e-22,2.640e-18,1.206e-16,1.570e-2,,1.251e-4,3.266e-18,1.851e-17,,,,,3.246e-15,,,,,,,,,,,,,,
690.53,1.731e+2,6.869e-20,3.062e-26,6.387e-42,1.194e-17,,,1.376e-18,9.340e-20,,1.724e+2,1.482e-2,3.018e-29,8.754e-18,3.883e-20,6.122e-30,4.577e-2,,,,2.961e-18,3.862e-37,4.325e-17,,6.446e-25,1.123e-4,,,2.421e-21,6.454e-17,5.706e-1,1.177e-28,,7.281e-22,2.633e-18,1.206e-16,1.734e-2,,1.463e-4,3.262e-18,1.850e-17,,,,,2.335e-15,,,,,,,,,,,,,,
690.56,1.742e+2,6.864e-20,3.054e-26,6.394e-42,1.194e-17,,,1.376e-18,9.344e-20,,1.736e+2,1.763e-2,3.019e-29,8.754e-18,3.878e-20,6.073e-30,4.899e-2,,,,2.962e-18,3.858e-37,2.528e-17,,6.445e-25,1.334e-4,,,2.422e-21,6.457e-17,5.753e-1,1.177e-28,,7.283e-22,2.624e-18,1.206e-16,2.008e-2,,1.844e-4,3.256e-18,1.848e-17,,,,,1.420e-15,,,,,,,,,,,,,,
690.58,1.747e+2,6.861e-20,3.048e-26,6.399e-42,1.195e-17,,,1.376e-18,9.348e-20,,1.740e+2,1.975e-2,3.019e-29,8.753e-18,3.875e-20,6.041e-30,5.115e-2,,,,2.962e-18,3.856e-37,1.764e-17,,6.444e-25,1.513e-4,,,2.423e-21,6.459e-17,5.773e-1,1.177e-28,,7.285e-22,2.618e-18,1.207e-16,2.211e-2,,2.148e-4,3.252e-18,1.847e-17,,,,,1.017e-15,,,,,,,,,,,,,,
690.61,1.748e+2,6.856e-20,3.040e-26,6.405e-42,1.195e-17,,,1.376e-18,9.353e-20,,1.741e+2,2.335e-2,3.020e-29,8.753e-18,3.869e-20,5.992e-30,5.442e-2,,,,2.963e-18,3.852e-37,1.025e-17,,6.443e-25,1.851e-4,,,2.424e-21,6.463e-17,5.789e-1,1.177e-28,,7.288e-22,2.608e-18,1.207e-16,2.547e-2,,2.691e-4,3.246e-18,1.846e-17,,,,,6.145e-16,,,,,,,,,,,,,,
690.63,1.746e+2,6.852e-20,3.034e-26,6.410e-42,1.195e-17,,,1.376e-18,9.356e-20,,1.739e+2,2.605e-2,3.021e-29,8.753e-18,3.866e-20,5.959e-30,5.660e-2,,,,2.963e-18,3.850e-37,7.119e-18,,6.442e-25,2.127e-4,,,2.425e-21,6.465e-17,5.789e-1,1.177e-28,,7.289e-22,2.602e-18,1.207e-16,2.794e-2,,3.122e-4,3.242e-18,1.844e-17,,,,,4.384e-16,,,,,,,,,,,,,,
690.66,1.737e+2,6.847e-20,3.026e-26,6.417e-42,1.196e-17,,,1.376e-18,9.361e-20,,1.730e+2,3.062e-2,3.022e-29,8.753e-18,3.860e-20,5.911e-30,5.985e-2,,,,2.964e-18,3.846e-37,7.159e-18,,6.441e-25,2.629e-4,,,2.427e-21,6.468e-17,5.774e-1,1.177e-28,,7.292e-22,2.592e-18,1.207e-16,3.203e-2,,3.888e-4,3.236e-18,1.843e-17,,,,,2.633e-16,,,,,,,,,,,,,,
690.68,1.727e+2,6.844e-20,3.020e-26,6.421e-42,1.196e-17,,,1.376e-18,9.364e-20,,1.720e+2,3.404e-2,3.022e-29,8.753e-18,3.857e-20,5.878e-30,6.200e-2,,,,2.964e-18,3.844e-37,7.185e-18,,6.440e-25,3.032e-4,,,2.427e-21,6.470e-17,5.754e-1,1.177e-28,,7.293e-22,2.586e-18,1.208e-16,3.502e-2,,4.492e-4,3.232e-18,1.842e-17,,,,,1.871e-16,,,,,,,,,,,,,,
690.71,1.708e+2,6.839e-20,3.012e-26,6.428e-42,1.197e-17,,,1.376e-18,9.369e-20,,1.701e+2,3.978e-2,3.023e-29,8.753e-18,3.851e-20,5.829e-30,6.517e-2,,,,2.965e-18,3.840e-37,7.225e-18,,6.439e-25,3.755e-4,,,2.429e-21,6.474e-17,5.710e-1,1.178e-28,,7.296e-22,2.576e-18,1.208e-16,3.993e-2,,5.562e-4,3.226e-18,1.840e-17,,,,,1.117e-16,,,,,,,,,,,,,,
690.73,1.692e+2,6.836e-20,3.006e-26,6.433e-42,1.197e-17,,,1.376e-18,9.372e-20,,1.685e+2,4.406e-2,3.024e-29,8.752e-18,3.848e-20,5.797e-30,6.723e-2,,,,2.965e-18,3.838e-37,7.251e-18,,6.438e-25,4.327e-4,,,2.430e-21,6.476e-17,5.671e-1,1.178e-28,,7.297e-22,2.570e-18,1.208e-16,4.352e-2,,6.401e-4,3.222e-18,1.839e-17,,,,,7.903e-17,,,,,,,,,,,,,,
690.76,1.663e+2,6.831e-20,2.998e-26,6.440e-42,1.198e-17,,,1.376e-18,9.377e-20,,1.656e+2,5.119e-2,3.025e-29,8.752e-18,3.842e-20,5.748e-30,7.025e-2,,,,2.965e-18,3.834e-37,7.290e-18,,6.437e-25,5.344e-4,,,2.431e-21,6.479e-17,5.600e-1,1.178e-28,,7.300e-22,2.560e-18,1.208e-16,4.939e-2,,7.878e-4,3.216e-18,1.837e-17,,,,,4.690e-17,,,,,,,,,,,,,,
690.78,1.641e+2,6.827e-20,2.992e-26,6.444e-42,1.198e-17,,,1.376e-18,9.380e-20,,1.634e+2,5.646e-2,3.025e-29,8.752e-18,3.839e-20,5.715e-30,7.219e-2,,,,2.966e-18,3.832e-37,7.317e-18,,6.437e-25,6.143e-4,,,2.432e-21,6.481e-17,5.544e-1,1.178e-28,,7.302e-22,2.554e-18,1.208e-16,5.365e-2,,9.030e-4,3.212e-18,1.836e-17,,,,,3.305e-17,,,,,,,,,,,,,,
690.8,1.617e+2,6.824e-20,2.987e-26,6.449e-42,1.198e-17,,,1.376e-18,9.383e-20,,1.609e+2,6.218e-2,3.026e-29,8.752e-18,3.835e-20,5.683e-30,7.406e-2,,,,2.966e-18,3.830e-37,7.343e-18,,6.436e-25,7.053e-4,,,2.433e-21,6.483e-17,5.483e-1,1.178e-28,,7.303e-22,2.548e-18,1.209e-16,5.821e-2,,1.033e-3,3.208e-18,1.835e-17,,,,,2.326e-17,,,,,,,,,,,,,,
690.83,1.576e+2,6.819e-20,2.978e-26,6.455e-42,1.199e-17,,,1.375e-18,9.388e-20,,1.569e+2,7.166e-2,3.027e-29,8.752e-18,3.830e-20,5.634e-30,7.674e-2,,,,2.967e-18,3.826e-37,7.383e-18,,6.435e-25,8.653e-4,,,2.434e-21,6.487e-17,5.380e-1,1.178e-28,,7.306e-22,2.538e-18,1.209e-16,6.563e-2,,1.261e-3,3.202e-18,1.834e-17,,,,,1.368e-17,,,,,,,,,,,,,,
690.85,1.547e+2,6.815e-20,2.973e-26,6.460e-42,1.199e-17,,,1.375e-18,9.392e-20,,1.539e+2,7.861e-2,3.027e-29,8.752e-18,3.826e-20,5.601e-30,7.841e-2,,,,2.967e-18,3.824e-37,7.409e-18,,6.434e-25,9.898e-4,,,2.435e-21,6.489e-17,5.305e-1,1.178e-28,,7.307e-22,2.532e-18,1.209e-16,7.099e-2,,1.437e-3,3.198e-18,1.833e-17,,,,,9.588e-18,,,,,,,,,,,,,,
690.88,1.499e+2,6.810e-20,2.964e-26,6.467e-42,1.200e-17,,,1.375e-18,9.396e-20,,1.491e+2,9.006e-2,3.028e-29,8.751e-18,3.821e-20,5.552e-30,8.076e-2,,,,2.968e-18,3.820e-37,7.449e-18,,6.433e-25,1.208e-3,,,2.437e-21,6.492e-17,5.186e-1,1.178e-28,,7.310e-22,2.522e-18,1.209e-16,7.968e-2,,1.744e-3,3.192e-18,1.831e-17,,,,,5.607e-18,,,,,,,,,,,,,,
690.9,1.465e+2,6.807e-20,2.959e-26,6.471e-42,1.200e-17,,,1.375e-18,9.400e-20,,1.457e+2,9.842e-2,3.029e-29,8.751e-18,3.818e-20,5.520e-30,8.219e-2,,,,2.968e-18,3.818e-37,7.475e-18,,6.432e-25,1.376e-3,,,2.438e-21,6.494e-17,5.102e-1,1.178e-28,,7.311e-22,2.516e-18,1.210e-16,8.593e-2,,1.980e-3,3.188e-18,1.830e-17,,,,,3.913e-18,,,,,,,,,,,,,,
690.93,1.411e+2,6.802e-20,2.950e-26,6.478e-42,1.200e-17,,,1.375e-18,9.405e-20,,1.403e+2,1.121e-1,3.030e-29,8.751e-18,3.812e-20,5.471e-30,8.414e-2,,,,2.969e-18,3.814e-37,7.514e-18,,6.431e-25,1.669e-3,,,2.439e-21,6.498e-17,4.970e-1,1.178e-28,,7.314e-22,2.507e-18,1.210e-16,9.604e-2,,2.388e-3,3.182e-18,1.828e-17,,,,,2.275e-18,,,,,,,,,,,,,,
690.95,1.374e+2,6.798e-20,2.945e-26,6.483e-42,1.201e-17,,,1.375e-18,9.408e-20,,1.366e+2,1.220e-1,3.030e-29,8.751e-18,3.809e-20,5.438e-30,8.529e-2,,,,2.969e-18,3.812e-37,7.541e-18,,6.430e-25,1.895e-3,,,2.440e-21,6.500e-17,4.880e-1,1.178e-28,,7.316e-22,2.500e-18,1.210e-16,1.033e-1,,2.700e-3,3.178e-18,1.827e-17,,,,,2.273e-18,,,,,,,,,,,,,,
690.98,1.316e+2,6.793e-20,2.936e-26,6.490e-42,1.201e-17,,,1.375e-18,9.413e-20,,1.308e+2,1.382e-1,3.031e-29,8.751e-18,3.803e-20,5.390e-30,8.679e-2,,,,2.970e-18,3.808e-37,7.580e-18,,6.429e-25,2.285e-3,,,2.441e-21,6.503e-17,4.742e-1,1.178e-28,,7.318e-22,2.491e-18,1.210e-16,1.150e-1,,3.236e-3,3.172e-18,1.826e-17,,,,,2.270e-18,,,,,,,,,,,,,,
691,1.276e+2,6.790e-20,2.931e-26,6.494e-42,1.202e-17,,,1.375e-18,9.416e-20,,1.268e+2,1.498e-1,3.032e-29,8.751e-18,3.800e-20,5.357e-30,8.763e-2,,,,2.970e-18,3.806e-37,7.607e-18,,6.428e-25,2.584e-3,,,2.442e-21,6.505e-17,4.650e-1,1.178e-28,,7.320e-22,2.484e-18,1.210e-16,1.233e-1,,3.645e-3,3.168e-18,1.825e-17,,,,,2.269e-18,,,,,,,,,,,,,,
691.03,1.215e+2,6.785e-20,2.922e-26,6.501e-42,1.202e-17,,,1.375e-18,9.421e-20,,1.206e+2,1.687e-1,3.032e-29,8.751e-18,3.794e-20,5.308e-30,8.864e-2,,,,2.970e-18,3.803e-37,7.646e-18,,6.427e-25,3.097e-3,,,2.444e-21,6.509e-17,4.512e-1,1.178e-28,,7.322e-22,2.475e-18,1.211e-16,1.367e-1,,4.344e-3,3.162e-18,1.823e-17,,,,,2.266e-18,,,,,,,,,,,,,,
691.05,1.174e+2,6.782e-20,2.917e-26,6.506e-42,1.202e-17,,,1.375e-18,9.424e-20,,1.165e+2,1.822e-1,3.033e-29,8.750e-18,3.791e-20,5.276e-30,8.914e-2,,,,2.971e-18,3.800e-37,7.672e-18,,6.427e-25,3.488e-3,,,2.445e-21,6.511e-17,4.422e-1,1.178e-28,,7.324e-22,2.469e-18,1.211e-16,1.463e-1,,4.872e-3,3.158e-18,1.822e-17,,,,,2.265e-18,,,,,,,,,,,,,,
691.08,1.111e+2,6.777e-20,2.908e-26,6.512e-42,1.203e-17,,,1.375e-18,9.429e-20,,1.102e+2,2.039e-1,3.034e-29,8.750e-18,3.786e-20,5.227e-30,8.962e-2,,,,2.971e-18,3.797e-37,7.712e-18,,6.425e-25,4.157e-3,,,2.446e-21,6.514e-17,4.290e-1,1.178e-28,,7.326e-22,2.459e-18,1.211e-16,1.616e-1,,5.771e-3,3.152e-18,1.820e-17,,,,,2.262e-18,,,,,,,,,,,,,,
691.1,1.069e+2,6.773e-20,2.903e-26,6.517e-42,1.203e-17,,,1.375e-18,9.432e-20,,1.060e+2,2.194e-1,3.034e-29,8.750e-18,3.782e-20,5.194e-30,8.976e-2,,,,2.972e-18,3.794e-37,7.738e-18,,6.425e-25,4.663e-3,,,2.447e-21,6.516e-17,4.205e-1,1.178e-28,,7.328e-22,2.453e-18,1.211e-16,1.725e-1,,6.448e-3,3.148e-18,1.819e-17,,,,,2.260e-18,,,,,,,,,,,,,,
691.13,1.006e+2,6.768e-20,2.894e-26,6.524e-42,1.204e-17,,,1.375e-18,9.437e-20,,9.965e+1,2.441e-1,3.035e-29,8.750e-18,3.777e-20,5.145e-30,8.971e-2,,,,2.972e-18,3.791e-37,7.778e-18,,6.424e-25,5.523e-3,,,2.448e-21,6.520e-17,4.085e-1,1.178e-28,,7.330e-22,2.443e-18,1.212e-16,1.900e-1,,7.593e-3,3.142e-18,1.818e-17,,,,,2.258e-18,,,,,,,,,,,,,,
691.15,9.642e+1,6.765e-20,2.889e-26,6.528e-42,1.204e-17,,,1.375e-18,9.440e-20,,9.545e+1,2.615e-1,3.036e-29,8.750e-18,3.773e-20,5.113e-30,8.949e-2,,,,2.973e-18,3.788e-37,7.804e-18,,6.423e-25,6.171e-3,,,2.449e-21,6.522e-17,4.010e-1,1.178e-28,,7.332e-22,2.437e-18,1.212e-16,2.024e-1,,8.449e-3,3.138e-18,1.816e-17,,,,,2.256e-18,,,,,,,,,,,,,,
691.17,9.228e+1,6.761e-20,2.883e-26,6.533e-42,1.204e-17,,,1.375e-18,9.444e-20,,9.128e+1,2.799e-1,3.037e-29,8.750e-18,3.770e-20,5.080e-30,8.914e-2,,,,2.973e-18,3.786e-37,7.831e-18,,6.422e-25,6.883e-3,,,2.450e-21,6.524e-17,3.940e-1,1.178e-28,,7.334e-22,2.430e-18,1.212e-16,2.153e-1,,9.388e-3,3.134e-18,1.815e-17,,,,,2.254e-18,,,,,,,,,,,,,,
691.2,8.616e+1,6.756e-20,2.875e-26,6.540e-42,1.205e-17,,,1.375e-18,9.449e-20,,8.512e+1,3.088e-1,3.037e-29,8.749e-18,3.764e-20,5.031e-30,8.834e-2,,,,2.974e-18,3.783e-37,7.870e-18,,6.421e-25,8.085e-3,,,2.451e-21,6.527e-17,3.845e-1,1.178e-28,,7.336e-22,2.421e-18,1.212e-16,2.361e-1,,1.096e-2,3.128e-18,1.814e-17,,,,,2.252e-18,,,,,,,,,,,,,,
691.22,8.215e+1,6.753e-20,2.869e-26,6.544e-42,1.205e-17,,,1.375e-18,9.452e-20,,8.108e+1,3.291e-1,3.038e-29,8.749e-18,3.761e-20,4.999e-30,8.763e-2,,,,2.974e-18,3.780e-37,7.896e-18,,6.420e-25,8.983e-3,,,2.452e-21,6.530e-17,3.790e-1,1.179e-28,,7.338e-22,2.415e-18,1.212e-16,2.507e-1,,1.213e-2,3.124e-18,1.813e-17,,,,,2.250e-18,,,,,,,,,,,,,,
691.25,7.627e+1,6.748e-20,2.861e-26,6.551e-42,1.206e-17,,,1.375e-18,9.457e-20,,7.515e+1,3.611e-1,3.039e-29,8.749e-18,3.755e-20,4.950e-30,8.632e-2,,,,2.974e-18,3.777e-37,7.936e-18,,6.419e-25,1.049e-2,,,2.454e-21,6.533e-17,3.719e-1,1.179e-28,,7.340e-22,2.405e-18,1.213e-16,2.740e-1,,1.408e-2,3.118e-18,1.811e-17,,,,,2.248e-18,,,,,,,,,,,,,,
691.27,7.245e+1,6.745e-20,2.855e-26,6.556e-42,1.206e-17,,,1.374e-18,9.460e-20,,7.130e+1,3.833e-1,3.039e-29,8.749e-18,3.752e-20,4.917e-30,8.529e-2,,,,2.975e-18,3.774e-37,7.962e-18,,6.418e-25,1.161e-2,,,2.455e-21,6.535e-17,3.681e-1,1.179e-28,,7.342e-22,2.399e-18,1.213e-16,2.905e-1,,1.552e-2,3.114e-18,1.810e-17,,,,,2.246e-18,,,,,,,,,,,,,,
691.3,6.691e+1,6.739e-20,2.847e-26,6.562e-42,1.206e-17,,,1.374e-18,9.465e-20,,6.569e+1,4.181e-1,3.040e-29,8.749e-18,3.746e-20,4.869e-30,8.352e-2,,,,2.975e-18,3.771e-37,8.002e-18,,6.417e-25,1.347e-2,,,2.456e-21,6.538e-17,3.637e-1,1.179e-28,,7.344e-22,2.389e-18,1.213e-16,3.167e-1,,1.790e-2,3.108e-18,1.808e-17,,,,,2.244e-18,,,,,,,,,,,,,,
691.32,6.333e+1,6.736e-20,2.841e-26,6.567e-42,1.207e-17,,,1.374e-18,9.468e-20,,6.208e+1,4.421e-1,3.041e-29,8.749e-18,3.743e-20,4.836e-30,8.219e-2,,,,2.976e-18,3.768e-37,8.028e-18,,6.417e-25,1.485e-2,,,2.457e-21,6.541e-17,3.619e-1,1.179e-28,,7.346e-22,2.383e-18,1.213e-16,3.351e-1,,1.966e-2,3.104e-18,1.807e-17,,,,,2.242e-18,,,,,,,,,,,,,,
691.35,5.818e+1,6.731e-20,2.833e-26,6.574e-42,1.207e-17,,,1.374e-18,9.473e-20,,5.685e+1,4.794e-1,3.042e-29,8.748e-18,3.737e-20,4.787e-30,8.000e-2,,,,2.976e-18,3.765e-37,8.068e-18,,6.416e-25,1.713e-2,,,2.458e-21,6.544e-17,3.606e-1,1.179e-28,,7.349e-22,2.373e-18,1.214e-16,3.644e-1,,2.254e-2,3.098e-18,1.806e-17,,,,,2.239e-18,,,,,,,,,,,,,,
691.37,5.488e+1,6.728e-20,2.827e-26,6.578e-42,1.208e-17,,,1.374e-18,9.476e-20,,5.351e+1,5.049e-1,3.042e-29,8.748e-18,3.734e-20,4.755e-30,7.841e-2,,,,2.977e-18,3.762e-37,8.094e-18,,6.415e-25,1.881e-2,,,2.459e-21,6.546e-17,3.609e-1,1.179e-28,,7.350e-22,2.367e-18,1.214e-16,3.850e-1,,2.465e-2,3.094e-18,1.805e-17,,,,,2.238e-18,,,,,,,,,,,,,,
691.4,5.017e+1,6.723e-20,2.819e-26,6.585e-42,1.208e-17,,,1.374e-18,9.481e-20,,4.872e+1,5.443e-1,3.043e-29,8.748e-18,3.729e-20,4.706e-30,7.587e-2,,,,2.977e-18,3.759e-37,8.133e-18,,6.414e-25,2.157e-2,,,2.461e-21,6.549e-17,3.630e-1,1.179e-28,,7.353e-22,2.358e-18,1.214e-16,4.176e-1,,2.810e-2,3.088e-18,1.803e-17,,,,,2.235e-18,,,,,,,,,,,,,,
691.42,4.717e+1,6.719e-20,2.813e-26,6.590e-42,1.208e-17,,,1.374e-18,9.484e-20,,4.567e+1,5.710e-1,3.044e-29,8.748e-18,3.725e-20,4.673e-30,7.406e-2,,,,2.978e-18,3.757e-37,8.160e-18,,6.413e-25,2.358e-2,,,2.462e-21,6.552e-17,3.654e-1,1.179e-28,,7.354e-22,2.351e-18,1.214e-16,4.405e-1,,3.061e-2,3.084e-18,1.802e-17,,,,,2.233e-18,,,,,,,,,,,,,,
691.45,4.292e+1,6.714e-20,2.805e-26,6.597e-42,1.209e-17,,,1.374e-18,9.489e-20,,4.133e+1,6.119e-1,3.045e-29,8.748e-18,3.720e-20,4.624e-30,7.123e-2,,,,2.978e-18,3.753e-37,8.199e-18,,6.412e-25,2.689e-2,,,2.463e-21,6.555e-17,3.709e-1,1.179e-28,,7.357e-22,2.342e-18,1.214e-16,4.768e-1,,3.468e-2,3.078e-18,1.800e-17,,,,,2.231e-18,,,,,,,,,,,,,,
691.47,4.024e+1,6.711e-20,2.799e-26,6.601e-42,1.209e-17,,,1.374e-18,9.492e-20,,3.859e+1,6.395e-1,3.045e-29,8.748e-18,3.716e-20,4.592e-30,6.926e-2,,,,2.979e-18,3.751e-37,8.226e-18,,6.411e-25,2.928e-2,,,2.464e-21,6.557e-17,3.756e-1,1.179e-28,,7.358e-22,2.335e-18,1.215e-16,5.022e-1,,3.762e-2,3.074e-18,1.799e-17,,,,,2.229e-18,,,,,,,,,,,,,,
691.5,3.646e+1,6.706e-20,2.791e-26,6.608e-42,1.210e-17,,,1.374e-18,9.497e-20,,3.471e+1,6.812e-1,3.046e-29,8.748e-18,3.711e-20,4.543e-30,6.621e-2,,,,2.979e-18,3.747e-37,8.265e-18,,6.410e-25,3.318e-2,,,2.465e-21,6.560e-17,3.844e-1,1.179e-28,,7.361e-22,2.326e-18,1.215e-16,5.422e-1,,4.238e-2,3.068e-18,1.798e-17,,,,,2.227e-18,,,,,,,,,,,,,,
691.52,3.410e+1,6.702e-20,2.785e-26,6.613e-42,1.210e-17,,,1.374e-18,9.501e-20,,3.228e+1,7.091e-1,3.047e-29,8.747e-18,3.707e-20,4.510e-30,6.412e-2,,,,2.979e-18,3.745e-37,8.292e-18,,6.409e-25,3.600e-2,,,2.466e-21,6.563e-17,3.914e-1,1.179e-28,,7.363e-22,2.319e-18,1.215e-16,5.702e-1,,4.579e-2,3.064e-18,1.797e-17,,,,,2.225e-18,,,,,,,,,,,,,,
691.54,3.186e+1,6.699e-20,2.779e-26,6.617e-42,1.210e-17,,,1.374e-18,9.504e-20,,2.997e+1,7.370e-1,3.047e-29,8.747e-18,3.704e-20,4.478e-30,6.200e-2,,,,2.980e-18,3.742e-37,8.318e-18,,6.409e-25,3.899e-2,,,2.467e-21,6.565e-17,3.992e-1,1.179e-28,,7.364e-22,2.313e-18,1.215e-16,5.994e-1,,4.940e-2,3.060e-18,1.795e-17,,,,,2.223e-18,,,,,,,,,,,,,,
691.57,2.873e+1,6.694e-20,2.771e-26,6.624e-42,1.211e-17,,,1.374e-18,9.509e-20,,2.674e+1,7.786e-1,3.048e-29,8.747e-18,3.698e-20,4.429e-30,5.877e-2,,,,2.980e-18,3.739e-37,8.357e-18,,6.407e-25,4.381e-2,,,2.468e-21,6.568e-17,4.125e-1,1.179e-28,,7.367e-22,2.304e-18,1.216e-16,6.451e-1,,5.518e-2,3.054e-18,1.794e-17,,,,,2.221e-18,,,,,,,,,,,,,,
691.59,2.680e+1,6.691e-20,2.765e-26,6.628e-42,1.211e-17,,,1.374e-18,9.512e-20,,2.473e+1,8.061e-1,3.049e-29,8.747e-18,3.695e-20,4.396e-30,5.660e-2,,,,2.981e-18,3.737e-37,8.384e-18,,6.407e-25,4.726e-2,,,2.469e-21,6.570e-17,4.223e-1,1.179e-28,,7.368e-22,2.297e-18,1.216e-16,6.770e-1,,5.929e-2,3.050e-18,1.793e-17,,,,,2.219e-18,,,,,,,,,,,,,,
691.62,2.411e+1,6.686e-20,2.757e-26,6.635e-42,1.212e-17,,,1.374e-18,9.517e-20,,2.193e+1,8.466e-1,3.050e-29,8.747e-18,3.689e-20,4.348e-30,5.334e-2,,,,2.981e-18,3.733e-37,8.423e-18,,6.406e-25,5.279e-2,,,2.471e-21,6.574e-17,4.385e-1,1.179e-28,,7.371e-22,2.288e-18,1.216e-16,7.270e-1,,6.584e-2,3.044e-18,1.791e-17,,,,,2.217e-18,,,,,,,,,,,,,,
691.64,2.246e+1,6.682e-20,2.751e-26,6.640e-42,1.212e-17,,,1.374e-18,9.520e-20,,2.020e+1,8.730e-1,3.050e-29,8.747e-18,3.686e-20,4.315e-30,5.116e-2,,,,2.982e-18,3.731e-37,8.450e-18,,6.405e-25,5.672e-2,,,2.472e-21,6.576e-17,4.501e-1,1.179e-28,,7.372e-22,2.281e-18,1.216e-16,7.618e-1,,7.046e-2,3.040e-18,1.790e-17,,,,,2.215e-18,,,,,,,,,,,,,,
691.67,2.019e+1,6.677e-20,2.743e-26,6.647e-42,1.212e-17,,,1.374e-18,9.525e-20,,1.780e+1,9.115e-1,3.051e-29,8.746e-18,3.681e-20,4.266e-30,4.792e-2,,,,2.982e-18,3.727e-37,8.489e-18,,6.404e-25,6.298e-2,,,2.473e-21,6.579e-17,4.689e-1,1.179e-28,,7.375e-22,2.272e-18,1.216e-16,8.161e-1,,7.777e-2,3.034e-18,1.788e-17,,,,,2.213e-18,,,,,,,,,,,,,,
691.69,1.880e+1,6.674e-20,2.737e-26,6.651e-42,1.213e-17,,,1.373e-18,9.528e-20,,1.633e+1,9.362e-1,3.052e-29,8.746e-18,3.677e-20,4.234e-30,4.579e-2,,,,2.983e-18,3.725e-37,8.515e-18,,6.403e-25,6.740e-2,,,2.474e-21,6.581e-17,4.821e-1,1.179e-28,,7.377e-22,2.266e-18,1.217e-16,8.537e-1,,8.289e-2,3.030e-18,1.787e-17,,,,,2.211e-18,,,,,,,,,,,,,,
691.72,1.690e+1,6.669e-20,2.729e-26,6.658e-42,1.213e-17,,,1.373e-18,9.533e-20,,1.431e+1,9.717e-1,3.053e-29,8.746e-18,3.672e-20,4.185e-30,4.263e-2,,,,2.983e-18,3.721e-37,8.555e-18,,6.402e-25,7.439e-2,,,2.475e-21,6.585e-17,5.029e-1,1.179e-28,,7.379e-22,2.256e-18,1.217e-16,9.122e-1,,9.095e-2,3.024e-18,1.786e-17,,,,,2.208e-18,,,,,,,,,,,,,,
691.74,1.576e+1,6.665e-20,2.723e-26,6.663e-42,1.214e-17,,,1.373e-18,9.536e-20,,1.308e+1,9.942e-1,3.053e-29,8.746e-18,3.668e-20,4.152e-30,4.057e-2,,,,2.983e-18,3.719e-37,8.581e-18,,6.401e-25,7.930e-2,,,2.476e-21,6.587e-17,5.173e-1,1.180e-28,,7.381e-22,2.250e-18,1.217e-16,9.526e-1,,9.656e-2,3.020e-18,1.785e-17,,,,,2.207e-18,,,,,,,,,,,,,,
691.77,1.420e+1,6.660e-20,2.715e-26,6.669e-42,1.214e-17,,,1.373e-18,9.541e-20,,1.139e+1,1.026e+0,3.054e-29,8.746e-18,3.663e-20,4.103e-30,3.755e-2,,,,2.984e-18,3.715e-37,8.621e-18,,6.400e-25,8.700e-2,,,2.478e-21,6.590e-17,5.398e-1,1.180e-28,,7.383e-22,2.240e-18,1.217e-16,1.015e+0,,1.053e-1,3.014e-18,1.783e-17,,,,,2.204e-18,,,,,,,,,,,,,,
691.79,1.326e+1,6.657e-20,2.709e-26,6.674e-42,1.214e-17,,,1.373e-18,9.544e-20,,1.037e+1,1.045e+0,3.055e-29,8.746e-18,3.659e-20,4.071e-30,3.560e-2,,,,2.984e-18,3.713e-37,8.647e-18,,6.399e-25,9.237e-2,,,2.479e-21,6.592e-17,5.551e-1,1.180e-28,,7.385e-22,2.234e-18,1.218e-16,1.058e+0,,1.114e-1,3.010e-18,1.782e-17,,,,,2.202e-18,,,,,,,,,,,,,,
691.82,1.200e+1,6.652e-20,2.701e-26,6.681e-42,1.215e-17,,,1.373e-18,9.549e-20,,8.973e+0,1.072e+0,3.056e-29,8.745e-18,3.654e-20,4.022e-30,3.275e-2,,,,2.985e-18,3.709e-37,8.687e-18,,6.398e-25,1.007e-1,,,2.480e-21,6.596e-17,5.786e-1,1.180e-28,,7.387e-22,2.224e-18,1.218e-16,1.124e+0,,1.207e-1,3.004e-18,1.780e-17,,,,,2.200e-18,,,,,,,,,,,,,,
691.84,1.125e+1,6.648e-20,2.695e-26,6.685e-42,1.215e-17,,,1.373e-18,9.553e-20,,8.135e+0,1.088e+0,3.056e-29,8.745e-18,3.650e-20,3.989e-30,3.093e-2,,,,2.985e-18,3.707e-37,8.713e-18,,6.397e-25,1.065e-1,,,2.481e-21,6.598e-17,5.944e-1,1.180e-28,,7.389e-22,2.218e-18,1.218e-16,1.169e+0,,1.272e-1,3.000e-18,1.779e-17,,,,,2.198e-18,,,,,,,,,,,,,,
691.87,1.025e+1,6.643e-20,2.687e-26,6.692e-42,1.216e-17,,,1.373e-18,9.557e-20,,7.000e+0,1.110e+0,3.057e-29,8.745e-18,3.645e-20,3.941e-30,2.830e-2,,,,2.986e-18,3.703e-37,8.753e-18,,6.396e-25,1.155e-1,,,2.482e-21,6.601e-17,6.183e-1,1.180e-28,,7.391e-22,2.209e-18,1.218e-16,1.239e+0,,1.370e-1,2.994e-18,1.778e-17,,,,,2.196e-18,,,,,,,,,,,,,,
691.89,9.655e+0,6.640e-20,2.681e-26,6.697e-42,1.216e-17,,,1.373e-18,9.561e-20,,6.321e+0,1.122e+0,3.058e-29,8.745e-18,3.641e-20,3.908e-30,2.662e-2,,,,2.986e-18,3.701e-37,8.779e-18,,6.396e-25,1.216e-1,,,2.483e-21,6.603e-17,6.342e-1,1.180e-28,,7.393e-22,2.202e-18,1.218e-16,1.286e+0,,1.437e-1,2.990e-18,1.777e-17,,,,,2.194e-18,,,,,,,,,,,,,,
691.91,9.118e+0,6.637e-20,2.676e-26,6.701e-42,1.216e-17,,,1.373e-18,9.564e-20,,5.698e+0,1.133e+0,3.058e-29,8.745e-18,3.638e-20,3.875e-30,2.500e-2,,,,2.987e-18,3.699e-37,8.805e-18,,6.395e-25,1.279e-1,,,2.484e-21,6.606e-17,6.501e-1,1.180e-28,,7.395e-22,2.196e-18,1.219e-16,1.334e+0,,1.506e-1,2.986e-18,1.776e-17,,,,,2.192e-18,,,,,,,,,,,,,,
691.94,8.409e+0,6.632e-20,2.667e-26,6.708e-42,1.217e-17,,,1.373e-18,9.569e-20,,4.862e+0,1.145e+0,3.059e-29,8.745e-18,3.632e-20,3.827e-30,2.270e-2,,,,2.987e-18,3.695e-37,8.845e-18,,6.394e-25,1.375e-1,,,2.486e-21,6.609e-17,6.737e-1,1.180e-28,,7.397e-22,2.186e-18,1.219e-16,1.406e+0,,1.609e-1,2.980e-18,1.774e-17,,,,,2.190e-18,,,,,,,,,,,,,,
691.96,7.995e+0,6.628e-20,2.662e-26,6.713e-42,1.217e-17,,,1.373e-18,9.572e-20,,4.366e+0,1.152e+0,3.060e-29,8.745e-18,3.629e-20,3.794e-30,2.124e-2,,,,2.988e-18,3.693e-37,8.871e-18,,6.393e-25,1.440e-1,,,2.486e-21,6.611e-17,6.891e-1,1.180e-28,,7.399e-22,2.180e-18,1.219e-16,1.455e+0,,1.678e-1,2.976e-18,1.773e-17,,,,,2.188e-18,,,,,,,,,,,,,,
691.99,7.453e+0,6.623e-20,2.653e-26,6.720e-42,1.218e-17,,,1.373e-18,9.577e-20,,3.703e+0,1.158e+0,3.061e-29,8.744e-18,3.624e-20,3.745e-30,1.919e-2,,,,2.988e-18,3.689e-37,8.911e-18,,6.392e-25,1.539e-1,,,2.488e-21,6.614e-17,7.117e-1,1.180e-28,,7.401e-22,2.170e-18,1.219e-16,1.529e+0,,1.783e-1,2.970e-18,1.771e-17,,,,,2.186e-18,,,,,,,,,,,,,,
692.01,7.139e+0,6.620e-20,2.648e-26,6.724e-42,1.218e-17,,,1.373e-18,9.580e-20,,3.312e+0,1.159e+0,3.061e-29,8.744e-18,3.620e-20,3.713e-30,1.790e-2,,,,2.988e-18,3.687e-37,8.937e-18,,6.391e-25,1.605e-1,,,2.489e-21,6.617e-17,7.263e-1,1.180e-28,,7.403e-22,2.164e-18,1.219e-16,1.578e+0,,1.853e-1,2.966e-18,1.770e-17,,,,,2.184e-18,,,,,,,,,,,,,,
692.04,6.732e+0,6.615e-20,2.639e-26,6.731e-42,1.219e-17,,,1.373e-18,9.585e-20,,2.793e+0,1.159e+0,3.062e-29,8.744e-18,3.615e-20,3.664e-30,1.610e-2,,,,2.989e-18,3.683e-37,8.976e-18,,6.390e-25,1.705e-1,,,2.490e-21,6.620e-17,7.474e-1,1.180e-28,,7.405e-22,2.155e-18,1.220e-16,1.652e+0,,1.956e-1,2.960e-18,1.769e-17,,,,,2.181e-18,,,,,,,,,,,,,,
692.06,6.499e+0,6.611e-20,2.634e-26,6.735e-42,1.219e-17,,,1.373e-18,9.588e-20,,2.488e+0,1.156e+0,3.063e-29,8.744e-18,3.611e-20,3.631e-30,1.498e-2,,,,2.989e-18,3.681e-37,9.003e-18,,6.389e-25,1.772e-1,,,2.491e-21,6.622e-17,7.608e-1,1.180e-28,,7.407e-22,2.148e-18,1.220e-16,1.700e+0,,2.025e-1,2.956e-18,1.767e-17,,,,,2.180e-18,,,,,,,,,,,,,,
692.09,6.199e+0,6.606e-20,2.625e-26,6.742e-42,1.219e-17,,,1.373e-18,9.593e-20,,2.085e+0,1.148e+0,3.063e-29,8.744e-18,3.606e-20,3.582e-30,1.342e-2,,,,2.990e-18,3.678e-37,9.042e-18,,6.388e-25,1.871e-1,,,2.492e-21,6.625e-17,7.799e-1,1.180e-28,,7.410e-22,2.139e-18,1.220e-16,1.773e+0,,2.125e-1,2.950e-18,1.766e-17,,,,,2.177e-18,,,,,,,,,,,,,,
692.11,6.028e+0,6.603e-20,2.620e-26,6.747e-42,1.220e-17,,,1.373e-18,9.596e-20,,1.850e+0,1.141e+0,3.064e-29,8.744e-18,3.602e-20,3.550e-30,1.247e-2,,,,2.990e-18,3.675e-37,9.069e-18,,6.387e-25,1.937e-1,,,2.493e-21,6.628e-17,7.919e-1,1.180e-28,,7.411e-22,2.132e-18,1.220e-16,1.820e+0,,2.191e-1,2.946e-18,1.765e-17,,,,,2.176e-18,,,,,,,,,,,,,,
692.14,5.809e+0,6.598e-20,2.611e-26,6.754e-42,1.220e-17,,,1.372e-18,9.601e-20,,1.541e+0,1.127e+0,3.065e-29,8.743e-18,3.597e-20,3.501e-30,1.116e-2,,,,2.991e-18,3.672e-37,9.108e-18,,6.386e-25,2.033e-1,,,2.495e-21,6.631e-17,8.086e-1,1.180e-28,,7.414e-22,2.123e-18,1.221e-16,1.890e+0,,2.286e-1,2.940e-18,1.763e-17,,,,,2.173e-18,,,,,,,,,,,,,,
692.16,5.686e+0,6.594e-20,2.606e-26,6.758e-42,1.220e-17,,,1.372e-18,9.605e-20,,1.362e+0,1.115e+0,3.065e-29,8.743e-18,3.593e-20,3.468e-30,1.037e-2,,,,2.991e-18,3.669e-37,9.135e-18,,6.386e-25,2.095e-1,,,2.496e-21,6.633e-17,8.189e-1,1.180e-28,,7.415e-22,2.117e-18,1.221e-16,1.935e+0,,2.347e-1,2.936e-18,1.762e-17,,,,,2.171e-18,,,,,,,,,,,,,,
692.19,5.528e+0,6.589e-20,2.597e-26,6.765e-42,1.221e-17,,,1.372e-18,9.609e-20,,1.128e+0,1.095e+0,3.066e-29,8.743e-18,3.588e-20,3.420e-30,9.294e-3,,,,2.992e-18,3.666e-37,9.174e-18,,6.385e-25,2.186e-1,,,2.497e-21,6.636e-17,8.329e-1,1.180e-28,,7.418e-22,2.107e-18,1.221e-16,2.001e+0,,2.434e-1,2.930e-18,1.760e-17,,,,,2.169e-18,,,,,,,,,,,,,,
692.21,5.438e+0,6.586e-20,2.592e-26,6.770e-42,1.221e-17,,,1.372e-18,9.613e-20,,9.927e-1,1.079e+0,3.067e-29,8.743e-18,3.584e-20,3.387e-30,8.654e-3,,,,2.992e-18,3.663e-37,9.200e-18,,6.384e-25,2.244e-1,,,2.498e-21,6.639e-17,8.413e-1,1.180e-28,,7.419e-22,2.101e-18,1.221e-16,2.043e+0,,2.489e-1,2.926e-18,1.759e-17,,,,,2.167e-18,,,,,,,,,,,,,,
692.24,5.323e+0,6.581e-20,2.583e-26,6.776e-42,1.222e-17,,,1.372e-18,9.618e-20,,8.172e-1,1.053e+0,3.068e-29,8.743e-18,3.579e-20,3.338e-30,7.808e-3,,,,2.993e-18,3.660e-37,9.240e-18,,6.383e-25,2.328e-1,,,2.499e-21,6.642e-17,8.523e-1,1.181e-28,,7.422e-22,2.091e-18,1.222e-16,2.103e+0,,2.566e-1,2.920e-18,1.758e-17,,,,,2.165e-18,,,,,,,,,,,,,,
692.26,5.257e+0,6.578e-20,2.578e-26,6.781e-42,1.222e-17,,,1.372e-18,9.621e-20,,7.164e-1,1.034e+0,3.068e-29,8.743e-18,3.576e-20,3.306e-30,7.318e-3,,,,2.993e-18,3.657e-37,9.266e-18,,6.382e-25,2.380e-1,,,2.500e-21,6.644e-17,8.586e-1,1.181e-28,,7.424e-22,2.085e-18,1.222e-16,2.142e+0,,2.613e-1,2.916e-18,1.757e-17,,,,,2.163e-18,,,,,,,,,,,,,,
692.28,5.198e+0,6.574e-20,2.572e-26,6.786e-42,1.222e-17,,,1.372e-18,9.624e-20,,6.270e-1,1.014e+0,3.069e-29,8.743e-18,3.572e-20,3.273e-30,6.886e-3,,,,2.993e-18,3.655e-37,9.293e-18,,6.381e-25,2.430e-1,,,2.501e-21,6.646e-17,8.641e-1,1.181e-28,,7.425e-22,2.079e-18,1.222e-16,2.178e+0,,2.658e-1,2.912e-18,1.756e-17,,,,,2.161e-18,,,,,,,,,,,,,,
692.31,5.120e+0,6.569e-20,2.564e-26,6.792e-42,1.223e-17,,,1.372e-18,9.629e-20,,5.118e-1,9.808e-1,3.070e-29,8.742e-18,3.567e-20,3.224e-30,6.346e-3,,,,2.994e-18,3.652e-37,9.332e-18,,6.380e-25,2.500e-1,,,2.503e-21,6.650e-17,8.707e-1,1.181e-28,,7.428e-22,2.069e-18,1.222e-16,2.228e+0,,2.717e-1,2.906e-18,1.754e-17,,,,,2.159e-18,,,,,,,,,,,,,,
692.33,5.073e+0,6.566e-20,2.558e-26,6.797e-42,1.223e-17,,,1.372e-18,9.632e-20,,4.462e-1,9.578e-1,3.070e-29,8.742e-18,3.563e-20,3.192e-30,6.056e-3,,,,2.994e-18,3.649e-37,9.358e-18,,6.379e-25,2.542e-1,,,2.504e-21,6.652e-17,8.741e-1,1.181e-28,,7.429e-22,2.063e-18,1.222e-16,2.259e+0,,2.752e-1,2.902e-18,1.753e-17,,,,,2.157e-18,,,,,,,,,,,,,,
692.36,5.008e+0,6.561e-20,2.550e-26,6.804e-42,1.224e-17,,,1.372e-18,9.637e-20,,3.621e-1,9.214e-1,3.071e-29,8.742e-18,3.558e-20,3.143e-30,5.729e-3,,,,2.995e-18,3.646e-37,9.398e-18,,6.378e-25,2.599e-1,,,2.505e-21,6.655e-17,8.775e-1,1.181e-28,,7.432e-22,2.053e-18,1.223e-16,2.301e+0,,2.797e-1,2.896e-18,1.751e-17,,,,,2.155e-18,,,,,,,,,,,,,,
692.38,4.967e+0,6.557e-20,2.544e-26,6.808e-42,1.224e-17,,,1.372e-18,9.640e-20,,3.144e-1,8.961e-1,3.072e-29,8.742e-18,3.554e-20,3.110e-30,5.581e-3,,,,2.995e-18,3.643e-37,9.424e-18,,6.378e-25,2.632e-1,,,2.506e-21,6.657e-17,8.787e-1,1.181e-28,,7.433e-22,2.047e-18,1.223e-16,2.326e+0,,2.821e-1,2.892e-18,1.750e-17,,,,,2.153e-18,,,,,,,,,,,,,,
692.41,4.907e+0,6.552e-20,2.536e-26,6.815e-42,1.225e-17,,,1.372e-18,9.645e-20,,2.536e-1,8.570e-1,3.073e-29,8.742e-18,3.549e-20,3.061e-30,5.466e-3,,,,2.996e-18,3.640e-37,9.464e-18,,6.376e-25,2.675e-1,,,2.507e-21,6.661e-17,8.790e-1,1.181e-28,,7.436e-22,2.037e-18,1.223e-16,2.359e+0,,2.850e-1,2.886e-18,1.749e-17,,,,,2.150e-18,,,,,,,,,,,,,,
692.43,4.867e+0,6.549e-20,2.530e-26,6.820e-42,1.225e-17,,,1.372e-18,9.649e-20,,2.193e-1,8.302e-1,3.073e-29,8.742e-18,3.545e-20,3.029e-30,5.461e-3,,,,2.996e-18,3.637e-37,9.490e-18,,6.376e-25,2.699e-1,,,2.508e-21,6.663e-17,8.782e-1,1.181e-28,,7.438e-22,2.031e-18,1.223e-16,2.378e+0,,2.864e-1,2.882e-18,1.748e-17,,,,,2.149e-18,,,,,,,,,,,,,,
692.46,4.807e+0,6.544e-20,2.522e-26,6.827e-42,1.225e-17,,,1.372e-18,9.653e-20,,1.758e-1,7.892e-1,3.074e-29,8.741e-18,3.540e-20,2.980e-30,5.562e-3,,,,2.997e-18,3.634e-37,9.530e-18,,6.375e-25,2.726e-1,,,2.510e-21,6.666e-17,8.754e-1,1.181e-28,,7.440e-22,2.021e-18,1.224e-16,2.401e+0,,2.876e-1,2.876e-18,1.746e-17,,,,,2.146e-18,,,,,,,,,,,,,,
692.48,4.766e+0,6.541e-20,2.516e-26,6.831e-42,1.226e-17,,,1.372e-18,9.657e-20,,1.515e-1,7.615e-1,3.075e-29,8.741e-18,3.536e-20,2.947e-30,5.704e-3,,,,2.997e-18,3.632e-37,9.556e-18,,6.374e-25,2.739e-1,,,2.510e-21,6.668e-17,8.725e-1,1.181e-28,,7.442e-22,2.015e-18,1.224e-16,2.413e+0,,2.878e-1,2.872e-18,1.745e-17,,,,,2.145e-18,,,,,,,,,,,,,,
692.51,4.701e+0,6.535e-20,2.508e-26,6.838e-42,1.226e-17,,,1.372e-18,9.662e-20,,1.207e-1,7.197e-1,3.076e-29,8.741e-18,3.531e-20,2.899e-30,6.031e-3,,,,2.998e-18,3.628e-37,9.596e-18,,6.373e-25,2.751e-1,,,2.512e-21,6.672e-17,8.669e-1,1.181e-28,,7.444e-22,2.006e-18,1.224e-16,2.426e+0,,2.873e-1,2.866e-18,1.743e-17,,,,,2.142e-18,,,,,,,,,,,,,,
692.53,4.656e+0,6.532e-20,2.502e-26,6.842e-42,1.227e-17,,,1.372e-18,9.665e-20,,1.036e-1,6.916e-1,3.076e-29,8.741e-18,3.527e-20,2.866e-30,6.328e-3,,,,2.998e-18,3.626e-37,9.622e-18,,6.372e-25,2.753e-1,,,2.513e-21,6.674e-17,8.622e-1,1.181e-28,,7.446e-22,1.999e-18,1.224e-16,2.431e+0,,2.864e-1,2.862e-18,1.742e-17,,,,,2.140e-18,,,,,,,,,,,,,,
692.56,4.585e+0,6.527e-20,2.494e-26,6.849e-42,1.227e-17,,,1.371e-18,9.670e-20,,8.205e-2,6.497e-1,3.077e-29,8.741e-18,3.522e-20,2.817e-30,6.896e-3,,,,2.999e-18,3.622e-37,9.661e-18,,6.371e-25,2.748e-1,,,2.514e-21,6.677e-17,8.539e-1,1.181e-28,,7.448e-22,1.990e-18,1.224e-16,2.433e+0,,2.842e-1,2.856e-18,1.741e-17,,,,,2.138e-18,,,,,,,,,,,,,,
692.58,4.535e+0,6.524e-20,2.488e-26,6.854e-42,1.227e-17,,,1.371e-18,9.673e-20,,7.011e-2,6.220e-1,3.078e-29,8.741e-18,3.519e-20,2.785e-30,7.359e-3,,,,2.999e-18,3.620e-37,9.688e-18,,6.370e-25,2.739e-1,,,2.515e-21,6.679e-17,8.475e-1,1.181e-28,,7.450e-22,1.983e-18,1.225e-16,2.432e+0,,2.821e-1,2.852e-18,1.739e-17,,,,,2.136e-18,,,,,,,,,,,,,,
692.61,4.455e+0,6.519e-20,2.480e-26,6.861e-42,1.228e-17,,,1.371e-18,9.678e-20,,5.522e-2,5.808e-1,3.079e-29,8.740e-18,3.513e-20,2.736e-30,8.187e-3,,,,2.999e-18,3.616e-37,9.727e-18,,6.369e-25,2.718e-1,,,2.516e-21,6.683e-17,8.367e-1,1.181e-28,,7.452e-22,1.974e-18,1.225e-16,2.424e+0,,2.783e-1,2.846e-18,1.738e-17,,,,,2.134e-18,,,,,,,,,,,,,,
692.63,4.400e+0,6.515e-20,2.474e-26,6.865e-42,1.228e-17,,,1.371e-18,9.681e-20,,4.699e-2,5.538e-1,3.079e-29,8.740e-18,3.510e-20,2.703e-30,8.832e-3,,,,3.000e-18,3.614e-37,9.754e-18,,6.368e-25,2.699e-1,,,2.517e-21,6.685e-17,8.288e-1,1.181e-28,,7.454e-22,1.968e-18,1.225e-16,2.416e+0,,2.752e-1,2.842e-18,1.737e-17,,,,,2.132e-18,,,,,,,,,,,,,,
692.66,4.313e+0,6.510e-20,2.465e-26,6.872e-42,1.229e-17,,,1.371e-18,9.686e-20,,3.679e-2,5.141e-1,3.080e-29,8.740e-18,3.504e-20,2.654e-30,9.945e-3,,,,3.000e-18,3.610e-37,9.793e-18,,6.367e-25,2.662e-1,,,2.519e-21,6.688e-17,8.158e-1,1.181e-28,,7.456e-22,1.958e-18,1.225e-16,2.400e+0,,2.698e-1,2.836e-18,1.735e-17,,,,,2.129e-18,,,,,,,,,,,,,,
692.68,4.252e+0,6.507e-20,2.460e-26,6.877e-42,1.229e-17,,,1.371e-18,9.689e-20,,3.118e-2,4.882e-1,3.081e-29,8.740e-18,3.501e-20,2.622e-30,1.079e-2,,,,3.001e-18,3.608e-37,9.819e-18,,6.366e-25,2.632e-1,,,2.520e-21,6.690e-17,8.065e-1,1.181e-28,,7.458e-22,1.952e-18,1.225e-16,2.386e+0,,2.658e-1,2.832e-18,1.734e-17,,,,,2.128e-18,,,,,,,,,,,,,,
692.7,4.189e+0,6.503e-20,2.454e-26,6.881e-42,1.229e-17,,,1.371e-18,9.692e-20,,2.639e-2,4.629e-1,3.081e-29,8.740e-18,3.497e-20,2.589e-30,1.172e-2,,,,3.001e-18,3.606e-37,9.846e-18,,6.366e-25,2.599e-1,,,2.521e-21,6.692e-17,7.968e-1,1.181e-28,,7.460e-22,1.945e-18,1.226e-16,2.370e+0,,2.613e-1,2.828e-18,1.733e-17,,,,,2.126e-18,,,,,,,,,,,,,,
692.73,4.091e+0,6.498e-20,2.446e-26,6.888e-42,1.230e-17,,,1.371e-18,9.697e-20,,2.049e-2,4.262e-1,3.082e-29,8.740e-18,3.492e-20,2.540e-30,1.328e-2,,,,3.002e-18,3.602e-37,9.885e-18,,6.365e-25,2.542e-1,,,2.522e-21,6.696e-17,7.812e-1,1.181e-28,,7.462e-22,1.936e-18,1.226e-16,2.342e+0,,2.541e-1,2.822e-18,1.731e-17,,,,,2.124e-18,,,,,,,,,,,,,,
692.75,4.024e+0,6.495e-20,2.440e-26,6.893e-42,1.230e-17,,,1.371e-18,9.701e-20,,1.727e-2,4.025e-1,3.083e-29,8.740e-18,3.488e-20,2.508e-30,1.444e-2,,,,3.002e-18,3.600e-37,9.912e-18,,6.364e-25,2.500e-1,,,2.523e-21,6.698e-17,7.703e-1,1.181e-28,,7.464e-22,1.929e-18,1.226e-16,2.321e+0,,2.489e-1,2.818e-18,1.730e-17,,,,,2.122e-18,,,,,,,,,,,,,,
692.78,3.921e+0,6.490e-20,2.432e-26,6.899e-42,1.231e-17,,,1.371e-18,9.705e-20,,1.333e-2,3.683e-1,3.084e-29,8.739e-18,3.483e-20,2.459e-30,1.636e-2,,,,3.003e-18,3.596e-37,9.951e-18,,6.363e-25,2.430e-1,,,2.524e-21,6.701e-17,7.533e-1,1.182e-28,,7.466e-22,1.920e-18,1.226e-16,2.286e+0,,2.405e-1,2.812e-18,1.729e-17,,,,,2.119e-18,,,,,,,,,,,,,,
692.8,3.851e+0,6.487e-20,2.426e-26,6.904e-42,1.231e-17,,,1.371e-18,9.709e-20,,1.119e-2,3.465e-1,3.084e-29,8.739e-18,3.479e-20,2.426e-30,1.776e-2,,,,3.003e-18,3.594e-37,9.978e-18,,6.362e-25,2.380e-1,,,2.525e-21,6.703e-17,7.414e-1,1.182e-28,,7.468e-22,1.914e-18,1.227e-16,2.261e+0,,2.347e-1,2.808e-18,1.728e-17,,,,,2.118e-18,,,,,,,,,,,,,,
692.83,3.744e+0,6.481e-20,2.418e-26,6.911e-42,1.231e-17,,,1.371e-18,9.714e-20,,8.583e-3,3.152e-1,3.085e-29,8.739e-18,3.474e-20,2.378e-30,2.007e-2,,,,3.004e-18,3.590e-37,1.002e-17,,6.361e-25,2.301e-1,,,2.527e-21,6.707e-17,7.230e-1,1.182e-28,,7.470e-22,1.904e-18,1.227e-16,2.221e+0,,2.254e-1,2.802e-18,1.726e-17,,,,,2.115e-18,,,,,,,,,,,,,,
692.85,3.671e+0,6.478e-20,2.412e-26,6.915e-42,1.232e-17,,,1.371e-18,9.717e-20,,7.178e-3,2.953e-1,3.086e-29,8.739e-18,3.471e-20,2.345e-30,2.175e-2,,,,3.004e-18,3.588e-37,1.004e-17,,6.360e-25,2.244e-1,,,2.528e-21,6.709e-17,7.104e-1,1.182e-28,,7.472e-22,1.898e-18,1.227e-16,2.193e+0,,2.191e-1,2.798e-18,1.725e-17,,,,,2.114e-18,,,,,,,,,,,,,,
692.88,3.561e+0,6.473e-20,2.404e-26,6.922e-42,1.232e-17,,,1.371e-18,9.722e-20,,5.473e-3,2.670e-1,3.087e-29,8.739e-18,3.465e-20,2.296e-30,2.448e-2,,,,3.004e-18,3.584e-37,1.008e-17,,6.359e-25,2.156e-1,,,2.529e-21,6.712e-17,6.910e-1,1.182e-28,,7.475e-22,1.888e-18,1.227e-16,2.149e+0,,2.092e-1,2.792e-18,1.723e-17,,,,,2.111e-18,,,,,,,,,,,,,,
692.9,3.488e+0,6.470e-20,2.398e-26,6.927e-42,1.233e-17,,,1.371e-18,9.725e-20,,4.558e-3,2.492e-1,3.087e-29,8.739e-18,3.462e-20,2.264e-30,2.645e-2,,,,3.005e-18,3.582e-37,1.011e-17,,6.358e-25,2.095e-1,,,2.530e-21,6.714e-17,6.778e-1,1.182e-28,,7.476e-22,1.882e-18,1.227e-16,2.118e+0,,2.025e-1,2.788e-18,1.722e-17,,,,,2.109e-18,,,,,,,,,,,,,,
692.93,3.378e+0,6.465e-20,2.390e-26,6.934e-42,1.233e-17,,,1.371e-18,9.730e-20,,3.455e-3,2.240e-1,3.088e-29,8.738e-18,3.456e-20,2.215e-30,2.963e-2,,,,3.005e-18,3.578e-37,1.015e-17,,6.357e-25,2.001e-1,,,2.531e-21,6.718e-17,6.575e-1,1.182e-28,,7.479e-22,1.872e-18,1.228e-16,2.071e+0,,1.922e-1,2.782e-18,1.721e-17,,,,,2.107e-18,,,,,,,,,,,,,,
692.95,3.305e+0,6.461e-20,2.384e-26,6.938e-42,1.233e-17,,,1.371e-18,9.733e-20,,2.866e-3,2.082e-1,3.089e-29,8.738e-18,3.453e-20,2.182e-30,3.190e-2,,,,3.006e-18,3.576e-37,1.018e-17,,6.357e-25,1.937e-1,,,2.532e-21,6.720e-17,6.438e-1,1.182e-28,,7.480e-22,1.866e-18,1.228e-16,2.039e+0,,1.853e-1,2.778e-18,1.719e-17,,,,,2.105e-18,,,,,,,,,,,,,,
692.98,3.196e+0,6.456e-20,2.376e-26,6.945e-42,1.234e-17,,,1.371e-18,9.738e-20,,2.159e-3,1.860e-1,3.089e-29,8.738e-18,3.447e-20,2.133e-30,3.555e-2,,,,3.006e-18,3.573e-37,1.021e-17,,6.355e-25,1.838e-1,,,2.533e-21,6.723e-17,6.229e-1,1.182e-28,,7.483e-22,1.857e-18,1.228e-16,1.990e+0,,1.748e-1,2.772e-18,1.718e-17,,,,,2.103e-18,,,,,,,,,,,,,,
693,3.124e+0,6.453e-20,2.370e-26,6.949e-42,1.234e-17,,,1.370e-18,9.741e-20,,1.784e-3,1.722e-1,3.090e-29,8.738e-18,3.444e-20,2.101e-30,3.813e-2,,,,3.007e-18,3.570e-37,1.024e-17,,6.355e-25,1.772e-1,,,2.534e-21,6.725e-17,6.088e-1,1.182e-28,,7.484e-22,1.850e-18,1.228e-16,1.958e+0,,1.678e-1,2.768e-18,1.717e-17,,,,,2.101e-18,,,,,,,,,,,,,,
693.03,3.017e+0,6.448e-20,2.362e-26,6.956e-42,1.235e-17,,,1.370e-18,9.746e-20,,1.336e-3,1.530e-1,3.091e-29,8.738e-18,3.438e-20,2.052e-30,4.225e-2,,,,3.007e-18,3.567e-37,1.028e-17,,6.354e-25,1.672e-1,,,2.536e-21,6.729e-17,5.875e-1,1.182e-28,,7.487e-22,1.841e-18,1.229e-16,1.908e+0,,1.574e-1,2.762e-18,1.715e-17,,,,,2.098e-18,,,,,,,,,,,,,,
693.05,2.947e+0,6.444e-20,2.356e-26,6.961e-42,1.235e-17,,,1.370e-18,9.749e-20,,1.100e-3,1.411e-1,3.091e-29,8.738e-18,3.435e-20,2.019e-30,4.516e-2,,,,3.008e-18,3.564e-37,1.031e-17,,6.353e-25,1.605e-1,,,2.537e-21,6.731e-17,5.732e-1,1.182e-28,,7.489e-22,1.834e-18,1.229e-16,1.876e+0,,1.506e-1,2.758e-18,1.714e-17,,,,,2.097e-18,,,,,,,,,,,,,,
693.07,2.878e+0,6.441e-20,2.351e-26,6.965e-42,1.235e-17,,,1.370e-18,9.753e-20,,9.035e-4,1.299e-1,3.092e-29,8.737e-18,3.431e-20,1.987e-30,4.819e-2,,,,3.008e-18,3.562e-37,1.033e-17,,6.352e-25,1.539e-1,,,2.538e-21,6.733e-17,5.588e-1,1.182e-28,,7.490e-22,1.828e-18,1.229e-16,1.843e+0,,1.437e-1,2.754e-18,1.713e-17,,,,,2.095e-18,,,,,,,,,,,,,,
693.1,2.777e+0,6.436e-20,2.342e-26,6.972e-42,1.236e-17,,,1.370e-18,9.757e-20,,6.710e-4,1.144e-1,3.093e-29,8.737e-18,3.426e-20,1.938e-30,5.296e-2,,,,3.009e-18,3.558e-37,1.037e-17,,6.351e-25,1.440e-1,,,2.539e-21,6.736e-17,5.372e-1,1.182e-28,,7.493e-22,1.819e-18,1.229e-16,1.795e+0,,1.337e-1,2.748e-18,1.711e-17,,,,,2.093e-18,,,,,,,,,,,,,,
693.12,2.712e+0,6.433e-20,2.337e-26,6.977e-42,1.236e-17,,,1.370e-18,9.761e-20,,5.491e-4,1.049e-1,3.094e-29,8.737e-18,3.422e-20,1.905e-30,5.630e-2,,,,3.009e-18,3.556e-37,1.040e-17,,6.350e-25,1.375e-1,,,2.540e-21,6.739e-17,5.227e-1,1.182e-28,,7.494e-22,1.812e-18,1.229e-16,1.763e+0,,1.272e-1,2.744e-18,1.710e-17,,,,,2.091e-18,,,,,,,,,,,,,,
693.15,2.616e+0,6.428e-20,2.328e-26,6.984e-42,1.237e-17,,,1.370e-18,9.766e-20,,4.054e-4,9.187e-2,3.094e-29,8.737e-18,3.417e-20,1.857e-30,6.152e-2,,,,3.009e-18,3.552e-37,1.044e-17,,6.349e-25,1.279e-1,,,2.541e-21,6.742e-17,5.010e-1,1.182e-28,,7.497e-22,1.803e-18,1.230e-16,1.715e+0,,1.176e-1,2.738e-18,1.709e-17,,,,,2.088e-18,,,,,,,,,,,,,,
693.17,2.553e+0,6.424e-20,2.323e-26,6.988e-42,1.237e-17,,,1.370e-18,9.769e-20,,3.304e-4,8.391e-2,3.095e-29,8.737e-18,3.414e-20,1.824e-30,6.514e-2,,,,3.010e-18,3.550e-37,1.046e-17,,6.348e-25,1.216e-1,,,2.542e-21,6.744e-17,4.866e-1,1.182e-28,,7.498e-22,1.796e-18,1.230e-16,1.684e+0,,1.114e-1,2.734e-18,1.708e-17,,,,,2.087e-18,,,,,,,,,,,,,,
693.2,2.463e+0,6.419e-20,2.314e-26,6.995e-42,1.237e-17,,,1.370e-18,9.774e-20,,2.425e-4,7.303e-2,3.096e-29,8.737e-18,3.408e-20,1.775e-30,7.076e-2,,,,3.010e-18,3.547e-37,1.050e-17,,6.347e-25,1.125e-1,,,2.544e-21,6.747e-17,4.651e-1,1.182e-28,,7.501e-22,1.787e-18,1.230e-16,1.639e+0,,1.023e-1,2.728e-18,1.706e-17,,,,,2.084e-18,,,,,,,,,,,,,,
693.22,2.404e+0,6.416e-20,2.309e-26,7.000e-42,1.238e-17,,,1.370e-18,9.777e-20,,1.969e-4,6.644e-2,3.096e-29,8.737e-18,3.405e-20,1.743e-30,7.462e-2,,,,3.011e-18,3.544e-37,1.053e-17,,6.347e-25,1.065e-1,,,2.545e-21,6.750e-17,4.508e-1,1.182e-28,,7.503e-22,1.780e-18,1.230e-16,1.609e+0,,9.656e-2,2.724e-18,1.705e-17,,,,,2.083e-18,,,,,,,,,,,,,,
693.25,2.319e+0,6.411e-20,2.300e-26,7.006e-42,1.238e-17,,,1.370e-18,9.782e-20,,1.436e-4,5.749e-2,3.097e-29,8.736e-18,3.399e-20,1.694e-30,8.058e-2,,,,3.011e-18,3.541e-37,1.057e-17,,6.345e-25,9.790e-2,,,2.546e-21,6.753e-17,4.295e-1,1.182e-28,,7.505e-22,1.771e-18,1.231e-16,1.565e+0,,8.821e-2,2.718e-18,1.703e-17,,,,,2.080e-18,,,,,,,,,,,,,,
693.27,2.264e+0,6.407e-20,2.295e-26,7.011e-42,1.239e-17,,,1.370e-18,9.785e-20,,1.161e-4,5.209e-2,3.098e-29,8.736e-18,3.396e-20,1.661e-30,8.465e-2,,,,3.012e-18,3.538e-37,1.060e-17,,6.345e-25,9.237e-2,,,2.547e-21,6.755e-17,4.154e-1,1.183e-28,,7.507e-22,1.765e-18,1.231e-16,1.536e+0,,8.289e-2,2.714e-18,1.702e-17,,,,,2.078e-18,,,,,,,,,,,,,,
693.3,2.184e+0,6.402e-20,2.286e-26,7.018e-42,1.239e-17,,,1.370e-18,9.790e-20,,8.418e-5,4.480e-2,3.099e-29,8.736e-18,3.390e-20,1.612e-30,9.087e-2,,,,3.012e-18,3.535e-37,1.064e-17,,6.344e-25,8.439e-2,,,2.548e-21,6.758e-17,3.946e-1,1.183e-28,,7.509e-22,1.755e-18,1.231e-16,1.494e+0,,7.528e-2,2.708e-18,1.701e-17,,,,,2.076e-18,,,,,,,,,,,,,,
693.32,2.132e+0,6.399e-20,2.281e-26,7.022e-42,1.239e-17,,,1.370e-18,9.793e-20,,6.780e-5,4.043e-2,3.099e-29,8.736e-18,3.387e-20,1.580e-30,9.508e-2,,,,3.013e-18,3.532e-37,1.066e-17,,6.343e-25,7.930e-2,,,2.549e-21,6.761e-17,3.808e-1,1.183e-28,,7.511e-22,1.749e-18,1.231e-16,1.466e+0,,7.046e-2,2.704e-18,1.700e-17,,,,,2.074e-18,,,,,,,,,,,,,,
693.35,2.058e+0,6.394e-20,2.272e-26,7.029e-42,1.240e-17,,,1.370e-18,9.798e-20,,4.886e-5,3.457e-2,3.100e-29,8.736e-18,3.382e-20,1.531e-30,1.015e-1,,,,3.013e-18,3.529e-37,1.070e-17,,6.342e-25,7.201e-2,,,2.551e-21,6.764e-17,3.605e-1,1.183e-28,,7.513e-22,1.739e-18,1.232e-16,1.426e+0,,6.360e-2,2.698e-18,1.698e-17,,,,,2.072e-18,,,,,,,,,,,,,,
693.37,2.009e+0,6.390e-20,2.267e-26,7.034e-42,1.240e-17,,,1.370e-18,9.801e-20,,3.920e-5,3.108e-2,3.101e-29,8.736e-18,3.378e-20,1.498e-30,1.057e-1,,,,3.013e-18,3.527e-37,1.073e-17,,6.341e-25,6.740e-2,,,2.551e-21,6.766e-17,3.472e-1,1.183e-28,,7.515e-22,1.733e-18,1.232e-16,1.399e+0,,5.929e-2,2.694e-18,1.697e-17,,,,,2.070e-18,,,,,,,,,,,,,,
693.4,1.939e+0,6.385e-20,2.258e-26,7.041e-42,1.241e-17,,,1.370e-18,9.806e-20,,2.808e-5,2.641e-2,3.102e-29,8.735e-18,3.373e-20,1.449e-30,1.122e-1,,,,3.014e-18,3.523e-37,1.077e-17,,6.340e-25,6.084e-2,,,2.553e-21,6.769e-17,3.275e-1,1.183e-28,,7.517e-22,1.723e-18,1.232e-16,1.359e+0,,5.320e-2,2.688e-18,1.695e-17,,,,,2.067e-18,,,,,,,,,,,,,,
693.42,1.894e+0,6.382e-20,2.253e-26,7.045e-42,1.241e-17,,,1.369e-18,9.809e-20,,2.244e-5,2.365e-2,3.102e-29,8.735e-18,3.369e-20,1.417e-30,1.164e-1,,,,3.014e-18,3.521e-37,1.079e-17,,6.339e-25,5.672e-2,,,2.554e-21,6.772e-17,3.147e-1,1.183e-28,,7.519e-22,1.717e-18,1.232e-16,1.333e+0,,4.940e-2,2.684e-18,1.694e-17,,,,,2.066e-18,,,,,,,,,,,,,,
693.44,1.850e+0,6.379e-20,2.247e-26,7.050e-42,1.241e-17,,,1.369e-18,9.813e-20,,1.790e-5,2.114e-2,3.103e-29,8.735e-18,3.365e-20,1.384e-30,1.207e-1,,,,3.015e-18,3.518e-37,1.082e-17,,6.338e-25,5.279e-2,,,2.555e-21,6.774e-17,3.021e-1,1.183e-28,,7.521e-22,1.711e-18,1.232e-16,1.307e+0,,4.579e-2,2.680e-18,1.693e-17,,,,,2.064e-18,,,,,,,,,,,,,,
693.47,1.785e+0,6.374e-20,2.239e-26,7.056e-42,1.242e-17,,,1.369e-18,9.818e-20,,1.272e-5,1.781e-2,3.104e-29,8.735e-18,3.360e-20,1.336e-30,1.269e-1,,,,3.015e-18,3.515e-37,1.086e-17,,6.337e-25,4.726e-2,,,2.556e-21,6.777e-17,2.836e-1,1.183e-28,,7.523e-22,1.701e-18,1.233e-16,1.269e+0,,4.075e-2,2.674e-18,1.691e-17,,,,,2.062e-18,,,,,,,,,,,,,,
693.49,1.743e+0,6.370e-20,2.233e-26,7.061e-42,1.242e-17,,,1.369e-18,9.821e-20,,1.010e-5,1.586e-2,3.104e-29,8.735e-18,3.357e-20,1.303e-30,1.310e-1,,,,3.016e-18,3.512e-37,1.089e-17,,6.337e-25,4.381e-2,,,2.557e-21,6.779e-17,2.715e-1,1.183e-28,,7.525e-22,1.695e-18,1.233e-16,1.243e+0,,3.762e-2,2.670e-18,1.690e-17,,,,,2.060e-18,,,,,,,,,,,,,,
693.52,1.681e+0,6.365e-20,2.225e-26,7.068e-42,1.243e-17,,,1.369e-18,9.826e-20,,7.135e-6,1.329e-2,3.105e-29,8.735e-18,3.351e-20,1.254e-30,1.370e-1,,,,3.016e-18,3.509e-37,1.093e-17,,6.335e-25,3.899e-2,,,2.558e-21,6.783e-17,2.540e-1,1.183e-28,,7.527e-22,1.685e-18,1.233e-16,1.205e+0,,3.328e-2,2.664e-18,1.689e-17,,,,,2.057e-18,,,,,,,,,,,,,,
693.54,1.641e+0,6.362e-20,2.219e-26,7.072e-42,1.243e-17,,,1.369e-18,9.829e-20,,5.646e-6,1.179e-2,3.106e-29,8.734e-18,3.348e-20,1.222e-30,1.409e-1,,,,3.017e-18,3.506e-37,1.095e-17,,6.335e-25,3.600e-2,,,2.559e-21,6.785e-17,2.426e-1,1.183e-28,,7.529e-22,1.679e-18,1.233e-16,1.179e+0,,3.061e-2,2.660e-18,1.688e-17,,,,,2.056e-18,,,,,,,,,,,,,,
693.57,1.582e+0,6.357e-20,2.211e-26,7.079e-42,1.244e-17,,,1.369e-18,9.834e-20,,3.963e-6,9.814e-3,3.107e-29,8.734e-18,3.342e-20,1.173e-30,1.465e-1,,,,3.017e-18,3.503e-37,1.099e-17,,6.334e-25,3.184e-2,,,2.561e-21,6.788e-17,2.261e-1,1.183e-28,,7.531e-22,1.669e-18,1.233e-16,1.141e+0,,2.691e-2,2.654e-18,1.686e-17,,,,,2.053e-18,,,,,,,,,,,,,,
693.59,1.543e+0,6.353e-20,2.205e-26,7.084e-42,1.244e-17,,,1.369e-18,9.837e-20,,3.124e-6,8.669e-3,3.107e-29,8.734e-18,3.339e-20,1.140e-30,1.500e-1,,,,3.018e-18,3.501e-37,1.102e-17,,6.333e-25,2.928e-2,,,2.562e-21,6.790e-17,2.154e-1,1.183e-28,,7.533e-22,1.663e-18,1.234e-16,1.115e+0,,2.465e-2,2.650e-18,1.685e-17,,,,,2.052e-18,,,,,,,,,,,,,,
693.62,1.486e+0,6.348e-20,2.197e-26,7.091e-42,1.244e-17,,,1.369e-18,9.842e-20,,2.180e-6,7.176e-3,3.108e-29,8.734e-18,3.333e-20,1.091e-30,1.550e-1,,,,3.018e-18,3.497e-37,1.106e-17,,6.332e-25,2.575e-2,,,2.563e-21,6.794e-17,2.000e-1,1.183e-28,,7.536e-22,1.654e-18,1.234e-16,1.077e+0,,2.155e-2,2.644e-18,1.683e-17,,,,,2.049e-18,,,,,,,,,,,,,,
693.64,1.449e+0,6.345e-20,2.191e-26,7.095e-42,1.245e-17,,,1.369e-18,9.845e-20,,1.711e-6,6.314e-3,3.109e-29,8.734e-18,3.330e-20,1.059e-30,1.581e-1,,,,3.018e-18,3.495e-37,1.108e-17,,6.331e-25,2.358e-2,,,2.564e-21,6.796e-17,1.901e-1,1.183e-28,,7.537e-22,1.647e-18,1.234e-16,1.051e+0,,1.966e-2,2.640e-18,1.682e-17,,,,,2.047e-18,,,,,,,,,,,,,,
693.67,1.393e+0,6.340e-20,2.183e-26,7.102e-42,1.245e-17,,,1.369e-18,9.850e-20,,1.187e-6,5.195e-3,3.110e-29,8.734e-18,3.325e-20,1.010e-30,1.624e-1,,,,3.019e-18,3.491e-37,1.112e-17,,6.330e-25,2.061e-2,,,2.565e-21,6.799e-17,1.759e-1,1.183e-28,,7.540e-22,1.638e-18,1.234e-16,1.012e+0,,1.708e-2,2.634e-18,1.681e-17,,,,,2.045e-18,,,,,,,,,,,,,,
693.69,1.356e+0,6.336e-20,2.177e-26,7.107e-42,1.245e-17,,,1.369e-18,9.853e-20,,9.281e-7,4.553e-3,3.110e-29,8.734e-18,3.321e-20,9.773e-31,1.650e-1,,,,3.019e-18,3.489e-37,1.115e-17,,6.329e-25,1.881e-2,,,2.566e-21,6.801e-17,1.668e-1,1.183e-28,,7.541e-22,1.631e-18,1.235e-16,9.857e-1,,1.552e-2,2.630e-18,1.680e-17,,,,,2.043e-18,,,,,,,,,,,,,,
693.72,1.302e+0,6.331e-20,2.169e-26,7.113e-42,1.246e-17,,,1.369e-18,9.858e-20,,6.399e-7,3.724e-3,3.111e-29,8.733e-18,3.316e-20,9.285e-31,1.685e-1,,,,3.020e-18,3.485e-37,1.119e-17,,6.328e-25,1.634e-2,,,2.568e-21,6.805e-17,1.538e-1,1.183e-28,,7.544e-22,1.622e-18,1.235e-16,9.463e-1,,1.340e-2,2.624e-18,1.678e-17,,,,,2.041e-18,,,,,,,,,,,,,,
693.74,1.266e+0,6.328e-20,2.163e-26,7.118e-42,1.246e-17,,,1.369e-18,9.862e-20,,4.984e-7,3.250e-3,3.112e-29,8.733e-18,3.312e-20,8.959e-31,1.705e-1,,,,3.020e-18,3.483e-37,1.122e-17,,6.327e-25,1.485e-2,,,2.569e-21,6.807e-17,1.456e-1,1.183e-28,,7.545e-22,1.616e-18,1.235e-16,9.199e-1,,1.213e-2,2.620e-18,1.677e-17,,,,,2.039e-18,,,,,,,,,,,,,,
693.77,1.213e+0,6.323e-20,2.154e-26,7.125e-42,1.247e-17,,,1.369e-18,9.866e-20,,3.415e-7,2.643e-3,3.113e-29,8.733e-18,3.307e-20,8.471e-31,1.731e-1,,,,3.021e-18,3.479e-37,1.126e-17,,6.326e-25,1.282e-2,,,2.570e-21,6.810e-17,1.338e-1,1.183e-28,,7.548e-22,1.606e-18,1.235e-16,8.801e-1,,1.041e-2,2.614e-18,1.675e-17,,,,,2.036e-18,,,,,,,,,,,,,,
693.79,1.178e+0,6.320e-20,2.149e-26,7.129e-42,1.247e-17,,,1.369e-18,9.870e-20,,2.649e-7,2.297e-3,3.113e-29,8.733e-18,3.303e-20,8.145e-31,1.744e-1,,,,3.021e-18,3.477e-37,1.128e-17,,6.326e-25,1.161e-2,,,2.571e-21,6.812e-17,1.264e-1,1.184e-28,,7.550e-22,1.600e-18,1.235e-16,8.535e-1,,9.388e-3,2.610e-18,1.674e-17,,,,,2.035e-18,,,,,,,,,,,,,,
693.81,1.143e+0,6.316e-20,2.143e-26,7.134e-42,1.247e-17,,,1.369e-18,9.873e-20,,2.052e-7,1.994e-3,3.114e-29,8.733e-18,3.300e-20,7.820e-31,1.756e-1,,,,3.022e-18,3.475e-37,1.131e-17,,6.325e-25,1.049e-2,,,2.572e-21,6.815e-17,1.193e-1,1.184e-28,,7.551e-22,1.593e-18,1.236e-16,8.269e-1,,8.449e-3,2.606e-18,1.673e-17,,,,,2.033e-18,,,,,,,,,,,,,,
693.84,1.091e+0,6.311e-20,2.135e-26,7.141e-42,1.248e-17,,,1.369e-18,9.878e-20,,1.394e-7,1.608e-3,3.115e-29,8.733e-18,3.294e-20,7.331e-31,1.767e-1,,,,3.022e-18,3.471e-37,1.135e-17,,6.324e-25,8.983e-3,,,2.573e-21,6.818e-17,1.093e-1,1.184e-28,,7.554e-22,1.584e-18,1.236e-16,7.869e-1,,7.193e-3,2.600e-18,1.672e-17,,,,,2.031e-18,,,,,,,,,,,,,,
693.86,1.056e+0,6.308e-20,2.129e-26,7.145e-42,1.248e-17,,,1.368e-18,9.881e-20,,1.076e-7,1.390e-3,3.115e-29,8.732e-18,3.291e-20,7.006e-31,1.771e-1,,,,3.022e-18,3.469e-37,1.137e-17,,6.323e-25,8.085e-3,,,2.574e-21,6.820e-17,1.031e-1,1.184e-28,,7.555e-22,1.578e-18,1.236e-16,7.603e-1,,6.448e-3,3.709e-18,1.670e-17,,,,,2.029e-18,,,,,,,,,,,,,,
693.89,1.006e+0,6.303e-20,2.121e-26,7.152e-42,1.249e-17,,,1.368e-18,9.886e-20,,7.266e-8,1.114e-3,3.116e-29,8.732e-18,3.285e-20,6.517e-31,1.772e-1,,,,3.023e-18,3.465e-37,1.141e-17,,6.322e-25,6.883e-3,,,2.575e-21,6.823e-17,9.438e-2,1.184e-28,,7.558e-22,1.568e-18,1.236e-16,7.205e-1,,5.457e-3,6.301e-18,1.669e-17,,,,,2.026e-18,,,,,,,,,,,,,,
693.91,9.720e-1,6.299e-20,2.115e-26,7.157e-42,1.249e-17,,,1.368e-18,9.889e-20,,5.583e-8,9.593e-4,3.117e-29,8.732e-18,3.282e-20,6.192e-31,1.770e-1,,,,3.023e-18,3.463e-37,1.144e-17,,6.321e-25,6.171e-3,,,2.576e-21,6.826e-17,8.899e-2,1.184e-28,,7.559e-22,1.562e-18,1.237e-16,6.941e-1,,4.872e-3,8.955e-18,1.668e-17,,,,,2.025e-18,,,,,,,,,,,,,,
693.94,9.224e-1,6.294e-20,2.107e-26,7.163e-42,1.250e-17,,,1.368e-18,9.894e-20,,3.749e-8,7.643e-4,3.117e-29,8.732e-18,3.277e-20,5.703e-31,1.760e-1,,,,3.024e-18,3.459e-37,1.148e-17,,6.320e-25,5.222e-3,,,2.578e-21,6.829e-17,8.153e-2,1.184e-28,,7.562e-22,1.552e-18,1.237e-16,6.548e-1,,4.099e-3,1.513e-17,1.666e-17,,,,,2.022e-18,,,,,,,,,,,,,,
693.96,8.899e-1,6.291e-20,2.101e-26,7.168e-42,1.250e-17,,,1.368e-18,9.897e-20,,2.869e-8,6.555e-4,3.118e-29,8.732e-18,3.273e-20,5.377e-31,1.750e-1,,,,3.024e-18,3.457e-37,1.151e-17,,6.319e-25,4.663e-3,,,2.579e-21,6.831e-17,7.697e-2,1.184e-28,,7.564e-22,1.546e-18,1.237e-16,6.289e-1,,3.645e-3,2.141e-17,1.665e-17,,,,,2.020e-18,,,,,,,,,,,,,,
693.99,8.418e-1,6.286e-20,2.093e-26,7.175e-42,1.250e-17,,,1.368e-18,9.902e-20,,1.915e-8,5.191e-4,3.119e-29,8.732e-18,3.268e-20,4.889e-31,1.731e-1,,,,3.025e-18,3.453e-37,1.155e-17,,6.318e-25,3.922e-3,,,2.580e-21,6.834e-17,7.074e-2,1.184e-28,,7.566e-22,1.536e-18,1.237e-16,5.906e-1,,3.048e-3,3.595e-17,1.663e-17,,,,,2.018e-18,,,,,,,,,,,,,,
694.01,8.104e-1,6.283e-20,2.087e-26,7.179e-42,1.251e-17,,,1.368e-18,9.905e-20,,1.459e-8,4.435e-4,3.120e-29,8.731e-18,3.264e-20,4.563e-31,1.714e-1,,,,3.025e-18,3.451e-37,1.157e-17,,6.317e-25,3.488e-3,,,2.581e-21,6.837e-17,6.699e-2,1.184e-28,,7.568e-22,1.530e-18,1.237e-16,5.654e-1,,2.700e-3,5.069e-17,1.662e-17,,,,,2.016e-18,,,,,,,,,,,,,,
694.04,7.643e-1,6.277e-20,2.079e-26,7.186e-42,1.251e-17,,,1.368e-18,9.910e-20,,9.683e-9,3.491e-4,3.120e-29,8.731e-18,3.259e-20,4.075e-31,1.685e-1,,,,3.026e-18,3.447e-37,1.161e-17,,6.316e-25,2.917e-3,,,2.582e-21,6.840e-17,6.197e-2,1.184e-28,,7.570e-22,1.520e-18,1.238e-16,5.283e-1,,2.244e-3,8.462e-17,1.661e-17,,,,,2.014e-18,,,,,,,,,,,,,,
694.06,7.342e-1,6.274e-20,2.073e-26,7.191e-42,1.252e-17,,,1.368e-18,9.914e-20,,7.351e-9,2.970e-4,3.121e-29,8.731e-18,3.255e-20,3.749e-31,1.662e-1,,,,3.026e-18,3.445e-37,1.164e-17,,6.316e-25,2.584e-3,,,2.583e-21,6.842e-17,5.901e-2,1.184e-28,,7.572e-22,1.514e-18,1.238e-16,5.041e-1,,1.980e-3,1.188e-16,1.660e-17,,,,,2.012e-18,,,,,,,,,,,,,,
694.09,6.902e-1,6.269e-20,2.065e-26,7.198e-42,1.252e-17,,,1.368e-18,9.918e-20,,4.848e-9,2.324e-4,3.122e-29,8.731e-18,3.250e-20,3.261e-31,1.624e-1,,,,3.027e-18,3.442e-37,1.168e-17,,6.314e-25,2.148e-3,,,2.585e-21,6.845e-17,5.515e-2,1.184e-28,,7.574e-22,1.505e-18,1.238e-16,4.686e-1,,1.636e-3,1.972e-16,1.658e-17,,,,,2.010e-18,,,,,,,,,,,,,,
694.11,6.617e-1,6.266e-20,2.059e-26,7.202e-42,1.252e-17,,,1.368e-18,9.922e-20,,3.666e-9,1.970e-4,3.122e-29,8.731e-18,3.246e-20,2.935e-31,1.596e-1,,,,3.027e-18,3.439e-37,1.170e-17,,6.314e-25,1.895e-3,,,2.586e-21,6.848e-17,5.295e-2,1.184e-28,,7.576e-22,1.498e-18,1.238e-16,4.456e-1,,1.437e-3,2.759e-16,1.657e-17,,,,,2.008e-18,,,,,,,,,,,,,,
694.14,6.203e-1,6.261e-20,2.051e-26,7.209e-42,1.253e-17,,,1.368e-18,9.927e-20,,2.403e-9,1.532e-4,3.123e-29,8.731e-18,3.241e-20,2.447e-31,1.550e-1,,,,3.028e-18,3.436e-37,1.174e-17,,6.313e-25,1.566e-3,,,2.587e-21,6.851e-17,5.022e-2,1.184e-28,,7.578e-22,1.489e-18,1.239e-16,4.121e-1,,1.181e-3,4.552e-16,1.655e-17,,,,,2.005e-18,,,,,,,,,,,,,,
694.16,5.935e-1,6.257e-20,2.045e-26,7.214e-42,1.253e-17,,,1.368e-18,9.930e-20,,1.810e-9,1.293e-4,3.124e-29,8.731e-18,3.237e-20,2.121e-31,1.517e-1,,,,3.028e-18,3.433e-37,1.177e-17,,6.312e-25,1.376e-3,,,2.588e-21,6.853e-17,4.877e-2,1.184e-28,,7.580e-22,1.482e-18,1.239e-16,3.905e-1,,1.033e-3,6.343e-16,1.654e-17,,,,,2.004e-18,,,,,,,,,,,,,,
694.18,5.676e-1,6.254e-20,2.040e-26,7.218e-42,1.253e-17,,,1.368e-18,9.933e-20,,1.361e-9,1.090e-4,3.125e-29,8.730e-18,3.234e-20,1.796e-31,1.482e-1,,,,3.028e-18,3.431e-37,1.180e-17,,6.311e-25,1.207e-3,,,2.589e-21,6.855e-17,4.760e-2,1.184e-28,,7.582e-22,1.476e-18,1.239e-16,3.695e-1,,9.030e-4,8.826e-16,1.653e-17,,,,,2.002e-18,,,,,,,,,,,,,,
694.21,5.302e-1,6.249e-20,2.031e-26,7.225e-42,1.254e-17,,,1.368e-18,9.938e-20,,8.847e-10,8.408e-5,3.125e-29,8.730e-18,3.228e-20,1.307e-31,1.428e-1,,,,3.029e-18,3.427e-37,1.183e-17,,6.310e-25,9.890e-4,,,2.590e-21,6.859e-17,4.638e-2,1.184e-28,,7.584e-22,1.467e-18,1.239e-16,3.392e-1,,7.354e-4,1.444e-15,1.652e-17,,,,,2.000e-18,,,,,,,,,,,,,,
694.23,5.062e-1,6.245e-20,2.026e-26,7.229e-42,1.254e-17,,,1.368e-18,9.941e-20,,6.626e-10,7.057e-5,3.126e-29,8.730e-18,3.225e-20,9.816e-32,1.390e-1,,,,3.029e-18,3.425e-37,1.186e-17,,6.309e-25,8.643e-4,,,2.591e-21,6.861e-17,4.591e-2,1.184e-28,,7.586e-22,1.460e-18,1.239e-16,3.198e-1,,6.401e-4,2.001e-15,1.651e-17,,,,,1.998e-18,,,,,,,,,,,,,,
694.26,4.720e-1,6.240e-20,2.017e-26,7.236e-42,1.255e-17,,,1.368e-18,9.946e-20,,4.281e-10,5.411e-5,3.127e-29,8.730e-18,3.220e-20,4.931e-32,1.331e-1,,,,3.030e-18,3.422e-37,1.190e-17,,6.308e-25,7.039e-4,,,2.593e-21,6.864e-17,4.573e-2,1.184e-28,,7.588e-22,1.451e-18,1.240e-16,2.919e-1,,5.182e-4,3.255e-15,1.649e-17,,,,,1.995e-18,,,,,,,,,,,,,,
694.28,4.502e-1,6.237e-20,2.012e-26,7.241e-42,1.255e-17,,,1.367e-18,9.949e-20,,3.194e-10,4.524e-5,3.127e-29,8.730e-18,3.216e-20,1.675e-32,1.290e-1,,,,3.030e-18,3.419e-37,1.193e-17,,6.307e-25,6.127e-4,,,2.593e-21,6.866e-17,4.593e-2,1.184e-28,,7.590e-22,1.444e-18,1.240e-16,2.742e-1,,4.492e-4,4.494e-15,1.648e-17,,,,,1.994e-18,,,,,,,,,,,,,,
694.31,4.193e-1,6.232e-20,2.003e-26,7.248e-42,1.256e-17,,,1.367e-18,9.954e-20,,2.051e-10,3.448e-5,3.128e-29,8.730e-18,3.211e-20,2.854e-32,1.228e-1,,,,3.031e-18,3.416e-37,1.197e-17,,6.306e-25,4.960e-4,,,2.595e-21,6.870e-17,4.673e-2,1.185e-28,,7.592e-22,1.435e-18,1.240e-16,2.489e-1,,3.615e-4,7.267e-15,1.646e-17,,,,,1.991e-18,,,,,,,,,,,,,,
694.33,3.998e-1,6.229e-20,1.998e-26,7.252e-42,1.256e-17,,,1.367e-18,9.957e-20,,1.524e-10,2.871e-5,3.129e-29,8.729e-18,3.207e-20,4.064e-32,1.186e-1,,,,3.031e-18,3.413e-37,1.199e-17,,6.306e-25,4.300e-4,,,2.596e-21,6.872e-17,4.758e-2,1.185e-28,,7.594e-22,1.428e-18,1.240e-16,2.329e-1,,3.122e-4,9.993e-15,1.645e-17,,,,,1.989e-18,,,,,,,,,,,,,,
694.36,3.724e-1,6.223e-20,1.989e-26,7.259e-42,1.256e-17,,,1.367e-18,9.962e-20,,9.731e-11,2.176e-5,3.130e-29,8.729e-18,3.202e-20,6.884e-32,1.122e-1,,,,3.032e-18,3.410e-37,1.203e-17,,6.305e-25,3.461e-4,,,2.597e-21,6.875e-17,4.931e-2,1.185e-28,,7.597e-22,1.419e-18,1.241e-16,2.103e-1,,2.497e-4,1.607e-14,1.644e-17,,,,,1.987e-18,,,,,,,,,,,,,,
694.38,3.552e-1,6.220e-20,1.984e-26,7.264e-42,1.257e-17,,,1.367e-18,9.966e-20,,7.201e-11,1.804e-5,3.130e-29,8.729e-18,3.198e-20,9.764e-32,1.079e-1,,,,3.032e-18,3.407e-37,1.206e-17,,6.304e-25,2.988e-4,,,2.598e-21,6.877e-17,5.076e-2,1.185e-28,,7.598e-22,1.413e-18,1.241e-16,1.960e-1,,2.148e-4,2.200e-14,1.642e-17,,,,,1.985e-18,,,,,,,,,,,,,,
694.41,3.312e-1,6.215e-20,1.975e-26,7.270e-42,1.257e-17,,,1.367e-18,9.970e-20,,4.570e-11,1.359e-5,3.131e-29,8.729e-18,3.193e-20,1.644e-31,1.015e-1,,,,3.033e-18,3.404e-37,1.210e-17,,6.303e-25,2.391e-4,,,2.599e-21,6.881e-17,5.338e-2,1.185e-28,,7.601e-22,1.403e-18,1.241e-16,1.760e-1,,1.708e-4,3.517e-14,1.641e-17,,,,,1.983e-18,,,,,,,,,,,,,,
694.43,3.164e-1,6.212e-20,1.970e-26,7.275e-42,1.258e-17,,,1.367e-18,9.974e-20,,3.368e-11,1.123e-5,3.132e-29,8.729e-18,3.189e-20,2.323e-31,9.720e-2,,,,3.033e-18,3.401e-37,1.212e-17,,6.302e-25,2.056e-4,,,2.600e-21,6.883e-17,5.540e-2,1.185e-28,,7.602e-22,1.397e-18,1.241e-16,1.634e-1,,1.463e-4,4.798e-14,1.640e-17,,,,,1.981e-18,,,,,,,,,,,,,,
694.46,2.958e-1,6.207e-20,1.961e-26,7.282e-42,1.258e-17,,,1.367e-18,9.979e-20,,2.125e-11,8.404e-6,3.133e-29,8.729e-18,3.184e-20,3.888e-31,9.087e-2,,,,3.034e-18,3.398e-37,1.216e-17,,6.301e-25,1.635e-4,,,2.602e-21,6.886e-17,5.883e-2,1.185e-28,,7.605e-22,1.387e-18,1.241e-16,1.458e-1,,1.156e-4,7.623e-14,1.638e-17,,,,,1.979e-18,,,,,,,,,,,,,,
694.48,2.833e-1,6.203e-20,1.956e-26,7.286e-42,1.258e-17,,,1.367e-18,9.982e-20,,1.560e-11,6.915e-6,3.133e-29,8.728e-18,3.180e-20,5.472e-31,8.670e-2,,,,3.034e-18,3.396e-37,1.219e-17,,6.300e-25,1.401e-4,,,2.603e-21,6.888e-17,6.138e-2,1.185e-28,,7.606e-22,1.381e-18,1.242e-16,1.349e-1,,9.866e-5,1.036e-13,1.637e-17,,,,,1.977e-18,,,,,,,,,,,,,,
694.51,2.661e-1,6.198e-20,1.947e-26,7.293e-42,1.259e-17,,,1.367e-18,9.987e-20,,9.783e-12,5.146e-6,3.134e-29,8.728e-18,3.175e-20,9.107e-31,8.057e-2,,,,3.034e-18,3.392e-37,1.223e-17,,6.299e-25,1.107e-4,,,2.604e-21,6.892e-17,6.557e-2,1.185e-28,,7.609e-22,1.371e-18,1.242e-16,1.197e-1,,7.752e-5,1.636e-13,1.635e-17,,,,,1.974e-18,,,,,,,,,,,,,,
694.53,2.557e-1,6.195e-20,1.942e-26,7.298e-42,1.259e-17,,,1.367e-18,9.990e-20,,7.153e-12,4.217e-6,3.135e-29,8.728e-18,3.171e-20,1.276e-30,7.658e-2,,,,3.035e-18,3.390e-37,1.226e-17,,6.298e-25,9.446e-5,,,2.605e-21,6.894e-17,6.860e-2,1.185e-28,,7.611e-22,1.365e-18,1.242e-16,1.103e-1,,6.587e-5,2.215e-13,1.634e-17,,,,,1.973e-18,,,,,,,,,,,,,,
694.56,2.417e-1,6.190e-20,1.933e-26,7.305e-42,1.260e-17,,,1.367e-18,9.995e-20,,4.459e-12,3.120e-6,3.136e-29,8.728e-18,3.166e-20,2.112e-30,7.074e-2,,,,3.035e-18,3.386e-37,1.230e-17,,6.297e-25,7.422e-5,,,2.606e-21,6.897e-17,7.346e-2,1.185e-28,,7.613e-22,1.356e-18,1.242e-16,9.732e-2,,5.145e-5,3.478e-13,1.633e-17,,,,,1.970e-18,,,,,,,,,,,,,,
694.58,2.333e-1,6.186e-20,1.928e-26,7.309e-42,1.260e-17,,,1.367e-18,9.998e-20,,3.247e-12,2.546e-6,3.136e-29,8.728e-18,3.163e-20,2.949e-30,6.697e-2,,,,3.036e-18,3.384e-37,1.232e-17,,6.296e-25,6.307e-5,,,2.607e-21,6.899e-17,7.690e-2,1.185e-28,,7.615e-22,1.349e-18,1.243e-16,8.934e-2,,4.355e-5,4.689e-13,1.632e-17,,,,,1.968e-18,,,,,,,,,,,,,,
694.6,2.258e-1,6.183e-20,1.922e-26,7.314e-42,1.260e-17,,,1.367e-18,1.000e-19,,2.361e-12,2.075e-6,3.137e-29,8.728e-18,3.159e-20,4.110e-30,6.330e-2,,,,3.036e-18,3.381e-37,1.235e-17,,6.296e-25,5.352e-5,,,2.608e-21,6.901e-17,8.049e-2,1.185e-28,,7.616e-22,1.343e-18,1.243e-16,8.189e-2,,3.680e-5,6.313e-13,1.631e-17,,,,,1.967e-18,,,,,,,,,,,,,,
694.63,2.158e-1,6.178e-20,1.914e-26,7.321e-42,1.261e-17,,,1.367e-18,1.001e-19,,1.459e-12,1.522e-6,3.138e-29,8.728e-18,3.154e-20,6.745e-30,5.799e-2,,,,3.037e-18,3.378e-37,1.239e-17,,6.295e-25,4.170e-5,,,2.610e-21,6.905e-17,8.613e-2,1.185e-28,,7.619e-22,1.333e-18,1.243e-16,7.165e-2,,2.850e-5,9.831e-13,1.629e-17,,,,,1.964e-18,,,,,,,,,,,,,,
694.65,2.101e-1,6.175e-20,1.908e-26,7.325e-42,1.261e-17,,,1.367e-18,1.001e-19,,1.057e-12,1.236e-6,3.138e-29,8.727e-18,3.150e-20,9.366e-30,5.459e-2,,,,3.037e-18,3.376e-37,1.241e-17,,6.294e-25,3.524e-5,,,2.611e-21,6.907e-17,9.004e-2,1.185e-28,,7.620e-22,1.327e-18,1.243e-16,6.542e-2,,2.399e-5,1.318e-12,1.628e-17,,,,,1.963e-18,,,,,,,,,,,,,,
694.68,2.028e-1,6.170e-20,1.900e-26,7.332e-42,1.262e-17,,,1.367e-18,1.001e-19,,6.494e-13,9.010e-7,3.139e-29,8.727e-18,3.145e-20,1.528e-29,4.971e-2,,,,3.038e-18,3.372e-37,1.245e-17,,6.293e-25,2.730e-5,,,2.612e-21,6.910e-17,9.610e-2,1.185e-28,,7.623e-22,1.318e-18,1.243e-16,5.690e-2,,1.847e-5,2.041e-12,1.626e-17,,,,,1.960e-18,,,,,,,,,,,,,,
694.7,1.987e-1,6.166e-20,1.894e-26,7.336e-42,1.262e-17,,,1.367e-18,1.002e-19,,4.684e-13,7.285e-7,3.140e-29,8.727e-18,3.141e-20,2.113e-29,4.661e-2,,,,3.038e-18,3.370e-37,1.248e-17,,6.292e-25,2.298e-5,,,2.613e-21,6.912e-17,1.003e-1,1.185e-28,,7.625e-22,1.311e-18,1.244e-16,5.175e-2,,1.548e-5,2.726e-12,1.625e-17,,,,,1.958e-18,,,,,,,,,,,,,,
694.73,1.936e-1,6.161e-20,1.886e-26,7.343e-42,1.262e-17,,,1.366e-18,1.002e-19,,2.861e-13,5.280e-7,3.141e-29,8.727e-18,3.136e-20,3.427e-29,4.220e-2,,,,3.038e-18,3.366e-37,1.252e-17,,6.291e-25,1.769e-5,,,2.614e-21,6.916e-17,1.066e-1,1.185e-28,,7.627e-22,1.302e-18,1.244e-16,4.475e-2,,1.185e-5,4.196e-12,1.624e-17,,,,,1.956e-18,,,,,,,,,,,,,,
694.75,1.909e-1,6.158e-20,1.880e-26,7.348e-42,1.263e-17,,,1.366e-18,1.003e-19,,2.055e-13,4.252e-7,3.141e-29,8.727e-18,3.132e-20,4.722e-29,3.941e-2,,,,3.039e-18,3.364e-37,1.255e-17,,6.290e-25,1.484e-5,,,2.615e-21,6.918e-17,1.109e-1,1.185e-28,,7.629e-22,1.295e-18,1.244e-16,4.054e-2,,9.895e-6,5.583e-12,1.623e-17,,,,,1.954e-18,,,,,,,,,,,,,,
694.78,1.878e-1,6.153e-20,1.872e-26,7.355e-42,1.263e-17,,,1.366e-18,1.003e-19,,1.248e-13,3.063e-7,3.142e-29,8.727e-18,3.127e-20,7.614e-29,3.546e-2,,,,3.039e-18,3.360e-37,1.259e-17,,6.289e-25,1.136e-5,,,2.616e-21,6.921e-17,1.174e-1,1.185e-28,,7.631e-22,1.286e-18,1.244e-16,3.485e-2,,7.528e-6,8.543e-12,1.621e-17,,,,,1.952e-18,,,,,,,,,,,,,,
694.8,1.862e-1,6.149e-20,1.866e-26,7.359e-42,1.264e-17,,,1.366e-18,1.003e-19,,8.928e-14,2.457e-7,3.143e-29,8.726e-18,3.123e-20,1.045e-28,3.299e-2,,,,3.040e-18,3.358e-37,1.261e-17,,6.288e-25,9.488e-6,,,2.617e-21,6.923e-17,1.218e-1,1.185e-28,,7.633e-22,1.279e-18,1.245e-16,3.144e-2,,6.261e-6,1.132e-11,1.620e-17,,,,,1.950e-18,,,,,,,,,,,,,,
694.83,1.847e-1,6.144e-20,1.858e-26,7.366e-42,1.264e-17,,,1.366e-18,1.004e-19,,5.388e-14,1.760e-7,3.144e-29,8.726e-18,3.118e-20,1.675e-28,2.951e-2,,,,3.040e-18,3.354e-37,1.265e-17,,6.287e-25,7.225e-6,,,2.619e-21,6.927e-17,1.283e-1,1.186e-28,,7.635e-22,1.270e-18,1.245e-16,2.687e-2,,4.734e-6,1.722e-11,1.618e-17,,,,,1.948e-18,,,,,,,,,,,,,,
694.85,1.841e-1,6.141e-20,1.852e-26,7.371e-42,1.264e-17,,,1.366e-18,1.004e-19,,3.840e-14,1.406e-7,3.144e-29,8.726e-18,3.115e-20,2.289e-28,2.734e-2,,,,3.041e-18,3.352e-37,1.268e-17,,6.286e-25,6.016e-6,,,2.620e-21,6.929e-17,1.326e-1,1.186e-28,,7.637e-22,1.264e-18,1.245e-16,2.415e-2,,3.922e-6,2.273e-11,1.617e-17,,,,,1.946e-18,,,,,,,,,,,,,,
694.88,1.838e-1,6.136e-20,1.843e-26,7.377e-42,1.265e-17,,,1.366e-18,1.005e-19,,2.304e-14,1.001e-7,3.145e-29,8.726e-18,3.109e-20,3.648e-28,2.431e-2,,,,3.041e-18,3.348e-37,1.272e-17,,6.285e-25,4.563e-6,,,2.621e-21,6.932e-17,1.389e-1,1.186e-28,,7.639e-22,1.254e-18,1.245e-16,2.051e-2,,2.948e-6,3.438e-11,1.616e-17,,,,,1.943e-18,,,,,,,,,,,,,,
694.9,1.839e-1,6.132e-20,1.838e-26,7.382e-42,1.265e-17,,,1.366e-18,1.005e-19,,1.635e-14,7.963e-8,3.146e-29,8.726e-18,3.106e-20,4.967e-28,2.244e-2,,,,3.042e-18,3.346e-37,1.274e-17,,6.285e-25,3.792e-6,,,2.622e-21,6.934e-17,1.431e-1,1.186e-28,,7.641e-22,1.248e-18,1.245e-16,1.837e-2,,2.432e-6,4.520e-11,1.614e-17,,,,,1.942e-18,,,,,,,,,,,,,,
694.93,1.845e-1,6.127e-20,1.829e-26,7.389e-42,1.266e-17,,,1.366e-18,1.006e-19,,9.750e-15,5.635e-8,3.146e-29,8.726e-18,3.100e-20,7.869e-28,1.983e-2,,,,3.042e-18,3.342e-37,1.278e-17,,6.283e-25,2.874e-6,,,2.623e-21,6.938e-17,1.491e-1,1.186e-28,,7.643e-22,1.238e-18,1.246e-16,1.551e-2,,1.817e-6,6.796e-11,1.613e-17,,,,,1.939e-18,,,,,,,,,,,,,,
694.95,1.851e-1,6.124e-20,1.824e-26,7.393e-42,1.266e-17,,,1.366e-18,1.006e-19,,6.894e-15,4.466e-8,3.147e-29,8.725e-18,3.097e-20,1.067e-27,1.823e-2,,,,3.043e-18,3.340e-37,1.281e-17,,6.283e-25,2.393e-6,,,2.624e-21,6.940e-17,1.530e-1,1.186e-28,,7.645e-22,1.232e-18,1.246e-16,1.383e-2,,1.494e-6,8.901e-11,1.612e-17,,,,,1.937e-18,,,,,,,,,,,,,,
694.97,1.858e-1,6.121e-20,1.818e-26,7.398e-42,1.266e-17,,,1.366e-18,1.006e-19,,4.866e-15,3.534e-8,3.148e-29,8.725e-18,3.093e-20,1.445e-27,1.673e-2,,,,3.043e-18,3.338e-37,1.284e-17,,6.282e-25,1.999e-6,,,2.625e-21,6.942e-17,1.567e-1,1.186e-28,,7.647e-22,1.226e-18,1.246e-16,1.231e-2,,1.225e-6,1.164e-10,1.611e-17,,,,,1.936e-18,,,,,,,,,,,,,,
695,1.870e-1,6.116e-20,1.810e-26,7.405e-42,1.267e-17,,,1.366e-18,1.007e-19,,2.877e-15,2.480e-8,3.148e-29,8.725e-18,3.088e-20,2.271e-27,1.467e-2,,,,3.043e-18,3.334e-37,1.288e-17,,6.281e-25,1.542e-6,,,2.627e-21,6.945e-17,1.621e-1,1.186e-28,,7.649e-22,1.216e-18,1.246e-16,1.031e-2,,9.080e-7,1.736e-10,1.609e-17,,,,,1.933e-18,,,,,,,,,,,,,,
695.02,1.879e-1,6.112e-20,1.804e-26,7.409e-42,1.267e-17,,,1.366e-18,1.007e-19,,2.023e-15,1.954e-8,3.149e-29,8.725e-18,3.084e-20,3.063e-27,1.341e-2,,,,3.044e-18,3.332e-37,1.290e-17,,6.280e-25,1.313e-6,,,2.628e-21,6.948e-17,1.654e-1,1.186e-28,,7.651e-22,1.210e-18,1.246e-16,9.143e-3,,7.420e-7,2.261e-10,1.608e-17,,,,,1.932e-18,,,,,,,,,,,,,,
695.05,1.893e-1,6.107e-20,1.796e-26,7.416e-42,1.268e-17,,,1.366e-18,1.007e-19,,1.189e-15,1.363e-8,3.150e-29,8.725e-18,3.079e-20,4.784e-27,1.168e-2,,,,3.044e-18,3.328e-37,1.294e-17,,6.279e-25,1.063e-6,,,2.629e-21,6.951e-17,1.700e-1,1.186e-28,,7.653e-22,1.200e-18,1.247e-16,7.612e-3,,5.465e-7,3.351e-10,1.606e-17,,,,,1.929e-18,,,,,,,,,,,,,,
695.07,1.902e-1,6.104e-20,1.790e-26,7.421e-42,1.268e-17,,,1.366e-18,1.008e-19,,8.326e-16,1.070e-8,3.151e-29,8.725e-18,3.075e-20,6.428e-27,1.064e-2,,,,3.045e-18,3.326e-37,1.297e-17,,6.278e-25,9.518e-7,,,2.630e-21,6.953e-17,1.728e-1,1.186e-28,,7.655e-22,1.194e-18,1.247e-16,6.723e-3,,4.449e-7,4.348e-10,1.605e-17,,,,,1.927e-18,,,,,,,,,,,,,,
695.1,1.914e-1,6.099e-20,1.782e-26,7.428e-42,1.269e-17,,,1.366e-18,1.008e-19,,4.063e-16,7.420e-9,3.151e-29,8.725e-18,3.070e-20,9.982e-27,9.215e-3,,,,3.045e-18,3.322e-37,1.301e-17,,6.277e-25,8.573e-7,,,2.631e-21,6.956e-17,1.766e-1,1.186e-28,,7.657e-22,1.184e-18,1.247e-16,5.564e-3,,3.257e-7,6.407e-10,1.604e-17,,,,,1.925e-18,,,,,,,,,,,,,,
695.12,1.921e-1,6.095e-20,1.776e-26,7.432e-42,1.269e-17,,,1.366e-18,1.009e-19,,2.836e-16,5.802e-9,3.152e-29,8.724e-18,3.066e-20,1.336e-26,8.357e-3,,,,3.046e-18,3.320e-37,1.303e-17,,6.276e-25,8.399e-7,,,2.632e-21,6.959e-17,1.789e-1,1.186e-28,,7.659e-22,1.178e-18,1.247e-16,4.895e-3,,2.641e-7,8.280e-10,1.603e-17,,,,,1.923e-18,,,,,,,,,,,,,,
695.15,1.930e-1,6.090e-20,1.768e-26,7.439e-42,1.269e-17,,,1.365e-18,1.009e-19,,2.834e-16,3.999e-9,3.153e-29,8.724e-18,3.061e-20,2.062e-26,7.196e-3,,,,3.046e-18,3.317e-37,1.307e-17,,6.275e-25,8.817e-7,,,2.634e-21,6.962e-17,1.817e-1,1.186e-28,,7.662e-22,1.168e-18,1.248e-16,4.027e-3,,1.922e-7,1.213e-9,1.601e-17,,,,,1.921e-18,,,,,,,,,,,,,,
695.17,1.933e-1,6.087e-20,1.762e-26,7.443e-42,1.270e-17,,,1.365e-18,1.009e-19,,2.833e-16,3.114e-9,3.153e-29,8.724e-18,3.058e-20,2.749e-26,6.500e-3,,,,3.047e-18,3.314e-37,1.310e-17,,6.275e-25,9.565e-7,,,2.634e-21,6.964e-17,1.833e-1,1.186e-28,,7.663e-22,1.162e-18,1.248e-16,3.529e-3,,1.552e-7,1.562e-9,1.600e-17,,,,,1.919e-18,,,,,,,,,,,,,,
695.2,1.936e-1,6.082e-20,1.754e-26,7.450e-42,1.270e-17,,,1.365e-18,1.010e-19,,2.831e-16,2.133e-9,3.154e-29,8.724e-18,3.052e-20,4.219e-26,5.563e-3,,,,3.047e-18,3.311e-37,1.314e-17,,6.274e-25,1.147e-6,,,2.636e-21,6.967e-17,1.852e-1,1.186e-28,,7.666e-22,1.153e-18,1.248e-16,2.886e-3,,1.123e-7,2.274e-9,1.598e-17,,,,,1.916e-18,,,,,,,,,,,,,,
695.22,1.936e-1,6.078e-20,1.748e-26,7.455e-42,1.270e-17,,,1.365e-18,1.010e-19,,2.830e-16,1.655e-9,3.155e-29,8.724e-18,3.049e-20,5.603e-26,5.005e-3,,,,3.048e-18,3.308e-37,1.317e-17,,6.273e-25,1.333e-6,,,2.637e-21,6.970e-17,1.860e-1,1.186e-28,,7.667e-22,1.146e-18,1.248e-16,2.519e-3,,9.029e-8,2.916e-9,1.597e-17,,,,,1.915e-18,,,,,,,,,,,,,,
695.25,1.931e-1,6.073e-20,1.740e-26,7.462e-42,1.271e-17,,,1.365e-18,1.011e-19,,2.828e-16,1.127e-9,3.156e-29,8.724e-18,3.043e-20,8.548e-26,4.259e-3,,,,3.048e-18,3.305e-37,1.320e-17,,6.272e-25,1.720e-6,,,2.638e-21,6.973e-17,1.868e-1,1.186e-28,,7.670e-22,1.137e-18,1.249e-16,2.048e-3,,6.493e-8,4.222e-9,1.596e-17,,,,,1.912e-18,,,,,,,,,,,,,,
695.27,1.925e-1,6.070e-20,1.734e-26,7.466e-42,1.271e-17,,,1.365e-18,1.011e-19,,2.827e-16,8.706e-10,3.156e-29,8.723e-18,3.040e-20,1.131e-25,3.817e-3,,,,3.048e-18,3.302e-37,1.323e-17,,6.271e-25,2.062e-6,,,2.639e-21,6.975e-17,1.869e-1,1.186e-28,,7.671e-22,1.130e-18,1.249e-16,1.780e-3,,5.201e-8,5.393e-9,1.595e-17,,,,,1.911e-18,,,,,,,,,,,,,,
695.3,1.913e-1,6.065e-20,1.726e-26,7.473e-42,1.272e-17,,,1.365e-18,1.012e-19,,2.825e-16,5.894e-10,3.157e-29,8.723e-18,3.034e-20,1.715e-25,3.228e-3,,,,3.049e-18,3.299e-37,1.327e-17,,6.270e-25,2.734e-6,,,2.640e-21,6.978e-17,1.866e-1,1.186e-28,,7.674e-22,1.121e-18,1.249e-16,1.439e-3,,3.718e-8,7.762e-9,1.593e-17,,,,,1.908e-18,,,,,,,,,,,,,,
695.32,1.901e-1,6.062e-20,1.720e-26,7.478e-42,1.272e-17,,,1.365e-18,1.012e-19,,2.823e-16,4.535e-10,3.158e-29,8.723e-18,3.031e-20,2.259e-25,2.881e-3,,,,3.049e-18,3.296e-37,1.330e-17,,6.269e-25,3.312e-6,,,2.641e-21,6.981e-17,1.860e-1,1.186e-28,,7.676e-22,1.115e-18,1.249e-16,1.246e-3,,2.967e-8,9.876e-9,1.592e-17,,,,,1.906e-18,,,,,,,,,,,,,,
695.34,1.888e-1,6.058e-20,1.715e-26,7.482e-42,1.272e-17,,,1.365e-18,1.012e-19,,2.822e-16,3.484e-10,3.158e-29,8.723e-18,3.027e-20,2.972e-25,2.568e-3,,,,3.050e-18,3.294e-37,1.332e-17,,6.268e-25,4.016e-6,,,2.642e-21,6.983e-17,1.851e-1,1.187e-28,,7.677e-22,1.108e-18,1.249e-16,1.077e-3,,2.363e-8,1.255e-8,1.591e-17,,,,,1.905e-18,,,,,,,,,,,,,,
695.37,1.863e-1,6.053e-20,1.706e-26,7.489e-42,1.273e-17,,,1.365e-18,1.013e-19,,2.820e-16,2.339e-10,3.159e-29,8.723e-18,3.022e-20,4.471e-25,2.154e-3,,,,3.050e-18,3.291e-37,1.336e-17,,6.267e-25,5.363e-6,,,2.644e-21,6.986e-17,1.833e-1,1.187e-28,,7.680e-22,1.099e-18,1.250e-16,8.630e-4,,1.675e-8,1.791e-8,1.589e-17,,,,,1.902e-18,,,,,,,,,,,,,,
695.39,1.843e-1,6.050e-20,1.701e-26,7.494e-42,1.273e-17,,,1.365e-18,1.013e-19,,2.819e-16,1.790e-10,3.160e-29,8.723e-18,3.018e-20,5.859e-25,1.912e-3,,,,3.051e-18,3.288e-37,1.339e-17,,6.267e-25,6.499e-6,,,2.645e-21,6.988e-17,1.817e-1,1.187e-28,,7.681e-22,1.092e-18,1.250e-16,7.431e-4,,1.329e-8,2.266e-8,1.588e-17,,,,,1.901e-18,,,,,,,,,,,,,,
695.42,1.810e-1,6.045e-20,1.692e-26,7.500e-42,1.274e-17,,,1.365e-18,1.013e-19,,2.817e-16,1.194e-10,3.161e-29,8.722e-18,3.013e-20,8.762e-25,1.594e-3,,,,3.051e-18,3.285e-37,1.343e-17,,6.265e-25,8.654e-6,,,2.646e-21,6.992e-17,1.788e-1,1.187e-28,,7.684e-22,1.083e-18,1.250e-16,5.920e-4,,9.367e-9,3.216e-8,1.586e-17,,,,,1.898e-18,,,,,,,,,,,,,,
695.44,1.785e-1,6.041e-20,1.687e-26,7.505e-42,1.274e-17,,,1.365e-18,1.014e-19,,2.815e-16,9.102e-11,3.161e-29,8.722e-18,3.010e-20,1.144e-24,1.409e-3,,,,3.052e-18,3.282e-37,1.345e-17,,6.265e-25,1.046e-5,,,2.647e-21,6.994e-17,1.765e-1,1.187e-28,,7.686e-22,1.077e-18,1.250e-16,5.077e-4,,7.402e-9,4.053e-8,1.585e-17,,,,,1.896e-18,,,,,,,,,,,,,,
695.47,1.743e-1,6.036e-20,1.678e-26,7.512e-42,1.275e-17,,,1.365e-18,1.014e-19,,2.813e-16,6.038e-11,3.162e-29,8.722e-18,3.004e-20,1.700e-24,1.168e-3,,,,3.052e-18,3.279e-37,1.349e-17,,6.264e-25,1.386e-5,,,2.648e-21,6.997e-17,1.727e-1,1.187e-28,,7.688e-22,1.067e-18,1.251e-16,4.021e-4,,5.185e-9,5.718e-8,1.584e-17,,,,,1.894e-18,,,,,,,,,,,,,,
695.49,1.712e-1,6.033e-20,1.673e-26,7.516e-42,1.275e-17,,,1.365e-18,1.015e-19,,2.812e-16,4.583e-11,3.163e-29,8.722e-18,3.001e-20,2.211e-24,1.029e-3,,,,3.052e-18,3.276e-37,1.352e-17,,6.263e-25,1.669e-5,,,2.649e-21,6.999e-17,1.698e-1,1.187e-28,,7.690e-22,1.061e-18,1.251e-16,3.435e-4,,4.081e-9,7.179e-8,1.583e-17,,,,,1.892e-18,,,,,,,,,,,,,,
695.52,1.663e-1,6.028e-20,1.664e-26,7.523e-42,1.275e-17,,,1.365e-18,1.015e-19,,2.810e-16,3.022e-11,3.164e-29,8.722e-18,2.995e-20,3.267e-24,8.474e-4,,,,3.053e-18,3.273e-37,1.356e-17,,6.262e-25,2.200e-5,,,2.651e-21,7.003e-17,1.652e-1,1.187e-28,,7.692e-22,1.051e-18,1.251e-16,2.704e-4,,2.842e-9,1.007e-7,1.581e-17,,,,,1.890e-18,,,,,,,,,,,,,,
695.54,1.628e-1,6.025e-20,1.659e-26,7.528e-42,1.276e-17,,,1.365e-18,1.015e-19,,2.809e-16,2.285e-11,3.164e-29,8.722e-18,2.992e-20,4.231e-24,7.433e-4,,,,3.053e-18,3.271e-37,1.359e-17,,6.261e-25,2.640e-5,,,2.652e-21,7.005e-17,1.618e-1,1.187e-28,,7.694e-22,1.045e-18,1.251e-16,2.301e-4,,2.228e-9,1.259e-7,1.580e-17,,,,,1.888e-18,,,,,,,,,,,,,,
695.57,1.572e-1,6.019e-20,1.650e-26,7.535e-42,1.276e-17,,,1.364e-18,1.016e-19,,2.807e-16,1.497e-11,3.165e-29,8.722e-18,2.986e-20,6.218e-24,6.088e-4,,,,3.054e-18,3.267e-37,1.363e-17,,6.260e-25,3.459e-5,,,2.653e-21,7.008e-17,1.564e-1,1.187e-28,,7.696e-22,1.035e-18,1.251e-16,1.800e-4,,1.542e-9,1.756e-7,1.578e-17,,,,,1.885e-18,,,,,,,,,,,,,,
695.59,1.534e-1,6.016e-20,1.645e-26,7.539e-42,1.277e-17,,,1.364e-18,1.016e-19,,2.806e-16,1.128e-11,3.166e-29,8.721e-18,2.983e-20,8.020e-24,5.319e-4,,,,3.054e-18,3.265e-37,1.365e-17,,6.259e-25,4.135e-5,,,2.654e-21,7.010e-17,1.526e-1,1.187e-28,,7.698e-22,1.029e-18,1.252e-16,1.526e-4,,1.204e-9,2.187e-7,1.577e-17,,,,,1.884e-18,,,,,,,,,,,,,,
695.62,1.473e-1,6.011e-20,1.636e-26,7.546e-42,1.277e-17,,,1.364e-18,1.017e-19,,2.804e-16,7.347e-12,3.167e-29,8.721e-18,2.977e-20,1.172e-23,4.330e-4,,,,3.055e-18,3.261e-37,1.369e-17,,6.258e-25,5.387e-5,,,2.655e-21,7.014e-17,1.467e-1,1.187e-28,,7.700e-22,1.019e-18,1.252e-16,1.187e-4,,8.283e-10,3.031e-7,1.576e-17,,,,,1.881e-18,,,,,,,,,,,,,,
695.64,1.431e-1,6.008e-20,1.631e-26,7.550e-42,1.277e-17,,,1.364e-18,1.017e-19,,2.802e-16,5.511e-12,3.167e-29,8.721e-18,2.974e-20,1.505e-23,3.768e-4,,,,3.055e-18,3.259e-37,1.372e-17,,6.257e-25,6.414e-5,,,2.656e-21,7.016e-17,1.426e-1,1.187e-28,,7.702e-22,1.013e-18,1.252e-16,1.002e-4,,6.443e-10,3.761e-7,1.575e-17,,,,,1.880e-18,,,,,,,,,,,,,,
695.67,1.367e-1,6.003e-20,1.622e-26,7.557e-42,1.278e-17,,,1.364e-18,1.018e-19,,2.800e-16,3.569e-12,3.168e-29,8.721e-18,2.969e-20,2.186e-23,3.049e-4,,,,3.056e-18,3.255e-37,1.376e-17,,6.256e-25,8.307e-5,,,2.658e-21,7.019e-17,1.362e-1,1.187e-28,,7.704e-22,1.004e-18,1.252e-16,7.747e-5,,4.406e-10,5.182e-7,1.573e-17,,,,,1.877e-18,,,,,,,,,,,,,,
695.69,1.323e-1,5.999e-20,1.617e-26,7.562e-42,1.278e-17,,,1.364e-18,1.018e-19,,2.799e-16,2.666e-12,3.169e-29,8.721e-18,2.965e-20,2.798e-23,2.643e-4,,,,3.056e-18,3.253e-37,1.378e-17,,6.255e-25,9.852e-5,,,2.658e-21,7.021e-17,1.318e-1,1.187e-28,,7.706e-22,9.973e-19,1.253e-16,6.513e-5,,3.413e-10,6.405e-7,1.572e-17,,,,,1.875e-18,,,,,,,,,,,,,,
695.71,1.278e-1,5.996e-20,1.611e-26,7.566e-42,1.278e-17,,,1.364e-18,1.018e-19,,2.798e-16,1.989e-12,3.169e-29,8.721e-18,2.961e-20,3.576e-23,2.287e-4,,,,3.057e-18,3.250e-37,1.381e-17,,6.255e-25,1.167e-4,,,2.659e-21,7.023e-17,1.274e-1,1.187e-28,,7.708e-22,9.909e-19,1.253e-16,5.468e-5,,2.640e-10,7.903e-7,1.571e-17,,,,,1.874e-18,,,,,,,,,,,,,,
695.74,1.211e-1,5.991e-20,1.603e-26,7.573e-42,1.279e-17,,,1.364e-18,1.019e-19,,2.796e-16,1.277e-12,3.170e-29,8.720e-18,2.956e-20,5.150e-23,1.836e-4,,,,3.057e-18,3.247e-37,1.385e-17,,6.254e-25,1.499e-4,,,2.661e-21,7.027e-17,1.207e-1,1.187e-28,,7.710e-22,9.814e-19,1.253e-16,4.193e-5,,1.790e-10,1.080e-6,1.569e-17,,,,,1.871e-18,,,,,,,,,,,,,,
695.76,1.166e-1,5.987e-20,1.597e-26,7.578e-42,1.279e-17,,,1.364e-18,1.019e-19,,2.794e-16,9.487e-13,3.171e-29,8.720e-18,2.953e-20,6.556e-23,1.582e-4,,,,3.057e-18,3.245e-37,1.388e-17,,6.253e-25,1.768e-4,,,2.662e-21,7.029e-17,1.162e-1,1.187e-28,,7.712e-22,9.751e-19,1.253e-16,3.505e-5,,1.379e-10,1.328e-6,1.568e-17,,,,,1.870e-18,,,,,,,,,,,,,,
695.79,1.098e-1,5.982e-20,1.589e-26,7.585e-42,1.280e-17,,,1.364e-18,1.019e-19,,2.793e-16,6.057e-13,3.172e-29,8.720e-18,2.947e-20,9.387e-23,1.262e-4,,,,3.058e-18,3.241e-37,1.392e-17,,6.252e-25,2.258e-4,,,2.663e-21,7.032e-17,1.095e-1,1.187e-28,,7.714e-22,9.656e-19,1.253e-16,2.672e-5,,9.297e-11,1.804e-6,1.567e-17,,,,,1.867e-18,,,,,,,,,,,,,,
695.81,1.054e-1,5.979e-20,1.583e-26,7.589e-42,1.280e-17,,,1.364e-18,1.020e-19,,2.791e-16,4.481e-13,3.172e-29,1.244e-17,2.944e-20,1.190e-22,1.084e-4,,,,3.058e-18,3.239e-37,1.394e-17,,6.251e-25,2.652e-4,,,2.664e-21,7.034e-17,1.050e-1,1.187e-28,,7.716e-22,9.592e-19,1.254e-16,2.225e-5,,7.134e-11,2.208e-6,1.565e-17,,,,,1.865e-18,,,,,,,,,,,,,,
695.84,9.872e-2,5.974e-20,1.575e-26,7.596e-42,1.281e-17,,,1.364e-18,1.020e-19,,2.789e-16,2.844e-13,3.173e-29,2.116e-17,2.938e-20,1.694e-22,8.594e-5,,,,3.059e-18,3.235e-37,1.398e-17,,6.250e-25,3.368e-4,,,2.665e-21,7.038e-17,9.827e-2,1.187e-28,,7.718e-22,9.497e-19,1.254e-16,1.686e-5,,4.780e-11,2.983e-6,1.564e-17,,,,,1.863e-18,,,,,,,,,,,,,,
695.86,9.435e-2,5.971e-20,1.569e-26,7.601e-42,1.281e-17,,,1.364e-18,1.021e-19,,2.788e-16,2.096e-13,3.174e-29,3.008e-17,2.935e-20,2.140e-22,7.349e-5,,,,3.059e-18,3.233e-37,1.401e-17,,6.249e-25,3.941e-4,,,2.666e-21,7.040e-17,9.386e-2,1.188e-28,,7.720e-22,9.434e-19,1.254e-16,1.399e-5,,3.653e-11,3.638e-6,1.563e-17,,,,,1.861e-18,,,,,,,,,,,,,,
695.89,8.793e-2,5.965e-20,1.561e-26,7.607e-42,1.281e-17,,,1.364e-18,1.021e-19,,2.786e-16,1.322e-13,3.174e-29,5.083e-17,2.929e-20,3.028e-22,5.793e-5,,,,3.060e-18,3.229e-37,1.405e-17,,6.248e-25,4.975e-4,,,2.668e-21,7.043e-17,8.736e-2,1.188e-28,,7.723e-22,9.339e-19,1.254e-16,1.053e-5,,2.434e-11,4.885e-6,1.561e-17,,,,,1.859e-18,,,,,,,,,,,,,,
695.91,8.375e-2,5.962e-20,1.555e-26,7.612e-42,1.282e-17,,,1.364e-18,1.021e-19,,2.785e-16,9.704e-14,3.175e-29,7.198e-17,2.926e-20,3.809e-22,4.934e-5,,,,3.060e-18,3.227e-37,1.407e-17,,6.247e-25,5.799e-4,,,2.669e-21,7.045e-17,8.311e-2,1.188e-28,,7.724e-22,9.275e-19,1.254e-16,8.704e-6,,1.852e-11,5.934e-6,1.560e-17,,,,,1.857e-18,,,,,,,,,,,,,,
695.94,7.767e-2,5.957e-20,1.547e-26,7.619e-42,1.282e-17,,,1.364e-18,1.022e-19,,2.783e-16,6.085e-14,3.176e-29,1.209e-16,2.921e-20,5.359e-22,3.867e-5,,,,3.061e-18,3.223e-37,1.411e-17,,6.246e-25,7.278e-4,,,2.670e-21,7.049e-17,7.689e-2,1.188e-28,,7.727e-22,9.180e-19,1.255e-16,6.517e-6,,1.227e-11,7.921e-6,1.558e-17,,,,,1.854e-18,,,,,,,,,,,,,,
695.96,7.376e-2,5.954e-20,1.541e-26,7.623e-42,1.283e-17,,,1.364e-18,1.022e-19,,2.781e-16,4.449e-14,3.177e-29,1.706e-16,2.917e-20,6.716e-22,3.280e-5,,,,3.061e-18,3.221e-37,1.414e-17,,6.245e-25,8.451e-4,,,2.671e-21,7.051e-17,7.286e-2,1.188e-28,,7.728e-22,9.117e-19,1.255e-16,5.363e-6,,9.299e-12,9.585e-6,1.557e-17,,,,,1.853e-18,,,,,,,,,,,,,,
695.99,6.811e-2,5.949e-20,1.532e-26,7.630e-42,1.283e-17,,,1.364e-18,1.023e-19,,2.779e-16,2.773e-14,3.177e-29,2.849e-16,2.912e-20,9.393e-22,2.555e-5,,,,3.062e-18,3.217e-37,1.418e-17,,6.244e-25,1.054e-3,,,2.672e-21,7.054e-17,6.701e-2,1.188e-28,,7.731e-22,9.021e-19,1.255e-16,3.991e-6,,6.121e-12,1.272e-5,1.556e-17,,,,,1.850e-18,,,,,,,,,,,,,,
696.01,6.451e-2,5.945e-20,1.527e-26,7.635e-42,1.283e-17,,,1.363e-18,1.023e-19,,2.778e-16,2.019e-14,3.178e-29,4.109e-16,2.908e-20,1.172e-21,2.159e-5,,,,3.062e-18,3.215e-37,1.421e-17,,6.244e-25,1.220e-3,,,2.673e-21,7.056e-17,6.325e-2,1.188e-28,,7.732e-22,8.958e-19,1.255e-16,3.272e-6,,4.622e-12,1.533e-5,1.555e-17,,,,,1.849e-18,,,,,,,,,,,,,,
696.04,5.938e-2,5.940e-20,1.518e-26,7.642e-42,1.284e-17,,,1.363e-18,1.024e-19,,2.776e-16,1.251e-14,3.179e-29,6.828e-16,2.903e-20,1.630e-21,1.672e-5,,,,3.063e-18,3.212e-37,1.425e-17,,6.243e-25,1.513e-3,,,2.675e-21,7.060e-17,5.783e-2,1.188e-28,,7.735e-22,8.863e-19,1.256e-16,2.420e-6,,3.024e-12,2.023e-5,1.553e-17,,,,,1.846e-18,,,,,,,,,,,,,,
696.06,5.615e-2,5.937e-20,1.513e-26,7.646e-42,1.284e-17,,,1.363e-18,1.024e-19,,2.775e-16,9.073e-15,3.179e-29,9.561e-16,2.899e-20,2.027e-21,1.407e-5,,,,3.063e-18,3.209e-37,1.427e-17,,6.242e-25,1.743e-3,,,2.676e-21,7.062e-17,5.437e-2,1.188e-28,,7.737e-22,8.799e-19,1.256e-16,1.976e-6,,2.274e-12,2.428e-5,1.552e-17,,,,,1.844e-18,,,,,,,,,,,,,,
696.08,5.308e-2,5.933e-20,1.507e-26,7.651e-42,1.285e-17,,,1.363e-18,1.024e-19,,2.774e-16,6.570e-15,3.180e-29,1.337e-15,2.896e-20,2.516e-21,1.182e-5,,,,3.063e-18,3.207e-37,1.430e-17,,6.241e-25,2.005e-3,,,2.676e-21,7.064e-17,5.103e-2,1.188e-28,,7.738e-22,8.736e-19,1.256e-16,1.611e-6,,1.708e-12,2.911e-5,1.551e-17,,,,,1.843e-18,,,,,,,,,,,,,,
696.11,4.878e-2,5.928e-20,1.499e-26,7.658e-42,1.285e-17,,,1.363e-18,1.025e-19,,2.772e-16,4.037e-15,3.181e-29,2.203e-15,2.890e-20,3.470e-21,9.081e-6,,,,3.064e-18,3.203e-37,1.434e-17,,6.240e-25,2.466e-3,,,2.678e-21,7.067e-17,4.627e-2,1.188e-28,,7.741e-22,8.641e-19,1.256e-16,1.182e-6,,1.108e-12,3.808e-5,1.549e-17,,,,,1.840e-18,,,,,,,,,,,,,,
696.13,4.614e-2,5.925e-20,1.493e-26,7.662e-42,1.285e-17,,,1.363e-18,1.025e-19,,2.770e-16,2.911e-15,3.181e-29,3.069e-15,2.887e-20,4.291e-21,7.600e-6,,,,3.064e-18,3.201e-37,1.436e-17,,6.239e-25,2.826e-3,,,2.679e-21,7.070e-17,4.326e-2,1.188e-28,,7.742e-22,8.578e-19,1.256e-16,9.594e-7,,8.288e-13,4.547e-5,1.548e-17,,,,,1.838e-18,,,,,,,,,,,,,,
696.16,4.251e-2,5.920e-20,1.485e-26,7.669e-42,1.286e-17,,,1.363e-18,1.026e-19,,2.768e-16,1.778e-15,3.182e-29,5.029e-15,2.881e-20,5.882e-21,5.802e-6,,,,3.065e-18,3.197e-37,1.440e-17,,6.238e-25,3.456e-3,,,2.680e-21,7.073e-17,3.899e-2,1.188e-28,,7.745e-22,8.482e-19,1.257e-16,6.997e-7,,5.345e-13,5.915e-5,1.547e-17,,,,,1.836e-18,,,,,,,,,,,,,,
696.18,4.033e-2,5.917e-20,1.479e-26,7.673e-42,1.286e-17,,,1.363e-18,1.026e-19,,2.767e-16,1.277e-15,3.183e-29,6.976e-15,2.878e-20,7.245e-21,4.837e-6,,,,3.065e-18,3.195e-37,1.443e-17,,6.237e-25,3.945e-3,,,2.681e-21,7.075e-17,3.631e-2,1.188e-28,,7.746e-22,8.419e-19,1.257e-16,5.658e-7,,3.982e-13,7.034e-5,1.545e-17,,,,,1.834e-18,,,,,,,,,,,,,,
696.21,3.743e-2,5.912e-20,1.471e-26,7.680e-42,1.287e-17,,,1.363e-18,1.026e-19,,2.765e-16,7.754e-16,3.184e-29,1.137e-14,2.872e-20,9.875e-21,3.670e-6,,,,3.066e-18,3.191e-37,1.447e-17,,6.236e-25,4.797e-3,,,2.682e-21,7.078e-17,3.253e-2,1.188e-28,,7.749e-22,8.324e-19,1.257e-16,4.102e-7,,2.553e-13,9.097e-5,1.544e-17,,,,,1.832e-18,,,,,,,,,,,,,,
696.23,3.574e-2,5.908e-20,1.465e-26,7.685e-42,1.287e-17,,,1.363e-18,1.027e-19,,2.764e-16,5.548e-16,3.184e-29,1.571e-14,2.869e-20,1.212e-20,3.048e-6,,,,3.066e-18,3.189e-37,1.450e-17,,6.236e-25,5.454e-3,,,2.683e-21,7.081e-17,3.018e-2,1.188e-28,,7.751e-22,8.260e-19,1.257e-16,3.304e-7,,1.894e-13,1.078e-4,1.543e-17,,,,,1.830e-18,,,,,,,,,,,,,,
696.26,3.361e-2,5.903e-20,1.457e-26,7.692e-42,1.287e-17,,,1.363e-18,1.027e-19,,2.762e-16,3.348e-16,3.185e-29,2.544e-14,2.864e-20,1.642e-20,2.299e-6,,,,3.067e-18,3.186e-37,1.454e-17,,6.234e-25,6.592e-3,,,2.685e-21,7.084e-17,2.688e-2,1.188e-28,,7.753e-22,8.165e-19,1.258e-16,2.381e-7,,1.207e-13,1.385e-4,1.541e-17,,,,,1.828e-18,,,,,,,,,,,,,,
696.28,3.247e-2,5.900e-20,1.451e-26,7.696e-42,1.288e-17,,,1.363e-18,1.027e-19,,2.760e-16,2.386e-16,3.186e-29,3.502e-14,2.860e-20,2.006e-20,1.901e-6,,,,3.067e-18,3.183e-37,1.456e-17,,6.234e-25,7.466e-3,,,2.686e-21,7.086e-17,2.483e-2,1.188e-28,,7.755e-22,8.102e-19,1.258e-16,1.910e-7,,8.921e-14,1.635e-4,1.540e-17,,,,,1.826e-18,,,,,,,,,,,,,,
696.31,3.117e-2,5.895e-20,1.443e-26,7.703e-42,1.288e-17,,,1.363e-18,1.028e-19,,2.758e-16,1.431e-16,3.187e-29,5.640e-14,2.855e-20,2.702e-20,1.426e-6,,,,3.068e-18,3.180e-37,1.460e-17,,6.233e-25,8.972e-3,,,2.687e-21,7.089e-17,2.199e-2,1.188e-28,,7.757e-22,8.007e-19,1.258e-16,1.369e-7,,5.651e-14,2.089e-4,1.538e-17,,,,,1.823e-18,,,,,,,,,,,,,,
696.33,3.060e-2,5.891e-20,1.437e-26,7.708e-42,1.289e-17,,,1.363e-18,1.028e-19,,2.757e-16,1.015e-16,3.187e-29,7.733e-14,2.851e-20,3.289e-20,1.174e-6,,,,3.068e-18,3.177e-37,1.463e-17,,6.232e-25,1.012e-2,,,2.688e-21,7.092e-17,2.024e-2,1.188e-28,,7.759e-22,7.943e-19,1.258e-16,1.094e-7,,4.160e-14,2.456e-4,1.537e-17,,,,,1.822e-18,,,,,,,,,,,,,,
696.36,3.022e-2,5.886e-20,1.429e-26,7.714e-42,1.289e-17,,,1.363e-18,1.029e-19,,2.755e-16,6.053e-17,3.188e-29,1.238e-13,2.846e-20,4.405e-20,8.754e-7,,,,3.068e-18,3.174e-37,1.467e-17,,6.231e-25,1.209e-2,,,2.689e-21,7.095e-17,1.781e-2,1.188e-28,,7.761e-22,7.848e-19,1.259e-16,7.788e-8,,2.619e-14,3.120e-4,1.536e-17,,,,,1.819e-18,,,,,,,,,,,,,,
696.38,3.028e-2,5.883e-20,1.423e-26,7.719e-42,1.289e-17,,,1.363e-18,1.029e-19,,2.754e-16,4.279e-17,3.189e-29,1.691e-13,2.842e-20,5.341e-20,7.183e-7,,,,3.069e-18,3.171e-37,1.469e-17,,6.230e-25,1.359e-2,,,2.690e-21,7.097e-17,1.633e-2,1.189e-28,,7.763e-22,7.785e-19,1.259e-16,6.198e-8,,1.920e-14,3.653e-4,1.535e-17,,,,,1.818e-18,,,,,,,,,,,,,,
696.41,3.089e-2,5.878e-20,1.415e-26,7.726e-42,1.290e-17,,,1.363e-18,1.030e-19,,2.752e-16,2.536e-17,3.190e-29,2.692e-13,2.837e-20,7.111e-20,5.322e-7,,,,3.069e-18,3.168e-37,1.473e-17,,6.229e-25,1.614e-2,,,2.692e-21,7.100e-17,1.429e-2,1.189e-28,,7.765e-22,7.690e-19,1.259e-16,4.388e-8,,1.202e-14,4.614e-4,1.533e-17,,,,,1.815e-18,,,,,,,,,,,,,,
696.43,3.165e-2,5.874e-20,1.409e-26,7.730e-42,1.290e-17,,,1.362e-18,1.030e-19,,2.751e-16,1.786e-17,3.190e-29,3.663e-13,2.833e-20,8.588e-20,4.349e-7,,,,3.070e-18,3.166e-37,1.476e-17,,6.228e-25,1.807e-2,,,2.693e-21,7.103e-17,1.304e-2,1.189e-28,,7.767e-22,1.098e-18,1.259e-16,3.478e-8,,8.778e-15,5.381e-4,1.532e-17,,,,,1.813e-18,,,,,,,,,,,,,,
696.46,3.336e-2,5.869e-20,1.401e-26,7.737e-42,1.291e-17,,,1.362e-18,1.030e-19,,2.749e-16,1.052e-17,3.191e-29,5.797e-13,2.828e-20,1.137e-19,3.204e-7,,,,3.070e-18,3.162e-37,1.480e-17,,6.227e-25,2.133e-2,,,2.694e-21,7.106e-17,1.135e-2,1.189e-28,,7.770e-22,1.866e-18,1.259e-16,2.447e-8,,5.462e-15,6.756e-4,1.530e-17,,,,,1.811e-18,,,,,,,,,,,,,,
696.48,3.489e-2,5.866e-20,1.395e-26,7.742e-42,1.291e-17,,,1.362e-18,1.031e-19,,2.747e-16,7.381e-18,3.192e-29,7.857e-13,2.824e-20,1.367e-19,2.608e-7,,,,3.071e-18,3.160e-37,1.482e-17,,6.226e-25,2.379e-2,,,2.695e-21,7.108e-17,1.032e-2,1.189e-28,,7.771e-22,2.653e-18,1.260e-16,1.932e-8,,3.972e-15,7.849e-4,1.529e-17,,,,,1.809e-18,,,,,,,,,,,,,,
696.5,3.677e-2,5.863e-20,1.390e-26,7.746e-42,1.291e-17,,,1.362e-18,1.031e-19,,2.746e-16,5.168e-18,3.192e-29,1.063e-12,2.821e-20,1.643e-19,2.119e-7,,,,3.071e-18,3.157e-37,1.485e-17,,6.226e-25,2.648e-2,,,2.696e-21,7.110e-17,9.372e-3,1.189e-28,,7.773e-22,3.767e-18,1.260e-16,1.523e-8,,2.885e-15,9.103e-4,1.528e-17,,,,,1.807e-18,,,,,,,,,,,,,,
696.53,4.024e-2,5.858e-20,1.381e-26,7.753e-42,1.292e-17,,,1.362e-18,1.032e-19,,2.744e-16,3.020e-18,3.193e-29,1.669e-12,2.816e-20,2.156e-19,1.548e-7,,,,3.072e-18,3.154e-37,1.489e-17,,6.224e-25,3.102e-2,,,2.697e-21,7.114e-17,8.087e-3,1.189e-28,,7.775e-22,6.353e-18,1.260e-16,1.063e-8,,1.780e-15,1.134e-3,1.527e-17,,,,,1.805e-18,,,,,,,,,,,,,,
696.55,4.302e-2,5.854e-20,1.376e-26,7.758e-42,1.292e-17,,,1.362e-18,1.032e-19,,2.743e-16,2.106e-18,3.194e-29,2.250e-12,2.812e-20,2.580e-19,1.253e-7,,,,3.072e-18,3.151e-37,1.492e-17,,6.224e-25,3.440e-2,,,2.698e-21,7.116e-17,7.315e-3,1.189e-28,,7.777e-22,8.983e-18,1.260e-16,8.347e-9,,1.287e-15,1.310e-3,1.526e-17,,,,,1.803e-18,,,,,,,,,,,,,,
696.58,4.795e-2,5.849e-20,1.367e-26,7.765e-42,1.293e-17,,,1.362e-18,1.032e-19,,2.741e-16,2.660e-18,3.195e-29,3.512e-12,2.807e-20,3.367e-19,9.099e-8,,,,3.073e-18,3.148e-37,1.496e-17,,6.223e-25,4.005e-2,,,2.699e-21,7.119e-17,6.277e-3,1.189e-28,,7.779e-22,1.506e-17,1.260e-16,5.790e-9,,7.896e-16,1.621e-3,1.524e-17,,,,,1.801e-18,,,,,,,,,,,,,,
696.6,5.176e-2,5.846e-20,1.362e-26,7.769e-42,1.293e-17,,,1.362e-18,1.033e-19,,2.739e-16,3.030e-18,3.195e-29,4.716e-12,2.803e-20,4.012e-19,7.336e-8,,,,3.073e-18,3.145e-37,1.498e-17,,6.222e-25,4.424e-2,,,2.700e-21,7.121e-17,5.657e-3,1.189e-28,,7.781e-22,2.122e-17,1.261e-16,4.528e-9,,5.688e-16,1.866e-3,1.523e-17,,,,,1.799e-18,,,,,,,,,,,,,,
696.63,5.834e-2,5.841e-20,1.353e-26,7.776e-42,1.294e-17,,,1.362e-18,1.033e-19,,2.737e-16,3.584e-18,3.196e-29,7.317e-12,2.798e-20,5.205e-19,5.295e-8,,,,3.073e-18,3.142e-37,1.502e-17,,6.221e-25,5.121e-2,,,2.702e-21,7.125e-17,4.828e-3,1.189e-28,,7.784e-22,3.536e-17,1.261e-16,3.123e-9,,3.468e-16,2.297e-3,1.521e-17,,,,,1.797e-18,,,,,,,,,,,,,,
696.65,6.332e-2,5.837e-20,1.348e-26,7.780e-42,1.294e-17,,,1.362e-18,1.033e-19,,2.736e-16,3.954e-18,3.197e-29,9.789e-12,2.794e-20,6.180e-19,4.253e-8,,,,3.074e-18,3.140e-37,1.505e-17,,6.220e-25,5.635e-2,,,2.703e-21,7.127e-17,4.337e-3,1.189e-28,,7.785e-22,4.962e-17,1.261e-16,2.432e-9,,2.488e-16,2.632e-3,1.520e-17,,,,,1.795e-18,,,,,,,,,,,,,,
696.68,7.176e-2,5.832e-20,1.339e-26,7.787e-42,1.294e-17,,,1.362e-18,1.034e-19,,2.734e-16,4.508e-18,3.198e-29,1.510e-11,2.789e-20,7.970e-19,3.051e-8,,,,3.074e-18,3.136e-37,1.509e-17,,6.219e-25,6.485e-2,,,2.704e-21,7.130e-17,3.684e-3,1.189e-28,,7.788e-22,8.223e-17,1.261e-16,1.667e-9,,1.508e-16,3.221e-3,1.519e-17,,,,,1.792e-18,,,,,,,,,,,,,,
696.7,7.806e-2,5.829e-20,1.334e-26,7.792e-42,1.295e-17,,,1.362e-18,1.034e-19,,2.733e-16,4.878e-18,3.198e-29,2.012e-11,2.785e-20,9.425e-19,2.441e-8,,,,3.075e-18,3.134e-37,1.511e-17,,6.218e-25,7.108e-2,,,2.705e-21,7.132e-17,3.300e-3,1.189e-28,,7.789e-22,1.149e-16,1.262e-16,1.294e-9,,1.078e-16,3.678e-3,1.517e-17,,,,,1.791e-18,,,,,,,,,,,,,,
696.73,8.859e-2,5.824e-20,1.325e-26,7.799e-42,1.295e-17,,,1.362e-18,1.035e-19,,2.731e-16,5.432e-18,3.199e-29,3.086e-11,2.780e-20,1.208e-18,1.741e-8,,,,3.075e-18,3.130e-37,1.515e-17,,6.217e-25,8.133e-2,,,2.706e-21,7.136e-17,2.793e-3,1.189e-28,,7.792e-22,1.893e-16,1.262e-16,8.814e-10,,6.492e-17,4.474e-3,1.516e-17,,,,,1.788e-18,,,,,,,,,,,,,,
696.75,9.638e-2,5.820e-20,1.320e-26,7.803e-42,1.295e-17,,,1.362e-18,1.035e-19,,2.730e-16,5.802e-18,3.200e-29,4.097e-11,2.776e-20,1.423e-18,1.387e-8,,,,3.076e-18,3.128e-37,1.518e-17,,6.216e-25,8.879e-2,,,2.707e-21,7.138e-17,2.497e-3,1.189e-28,,7.793e-22,2.636e-16,1.262e-16,6.812e-10,,4.622e-17,5.088e-3,1.515e-17,,,,,1.786e-18,,,,,,,,,,,,,,
696.78,1.093e-1,5.815e-20,1.311e-26,7.810e-42,1.296e-17,,,1.362e-18,1.036e-19,,2.728e-16,6.356e-18,3.200e-29,6.247e-11,2.771e-20,1.814e-18,9.833e-9,,,,3.076e-18,3.124e-37,1.522e-17,,6.215e-25,1.010e-1,,,2.709e-21,7.141e-17,2.110e-3,1.189e-28,,7.796e-22,4.318e-16,1.262e-16,4.614e-10,,2.767e-17,6.153e-3,1.513e-17,,,,,1.784e-18,,,,,,,,,,,,,,
696.8,1.187e-1,5.812e-20,1.306e-26,7.815e-42,1.296e-17,,,1.362e-18,1.036e-19,,2.726e-16,6.726e-18,3.201e-29,8.260e-11,2.767e-20,2.129e-18,7.803e-9,,,,3.077e-18,3.122e-37,1.525e-17,,6.215e-25,1.098e-1,,,2.710e-21,7.143e-17,1.887e-3,1.189e-28,,7.798e-22,5.988e-16,1.262e-16,3.551e-10,,1.962e-17,6.970e-3,1.512e-17,,,,,1.782e-18,,,,,,,,,,,,,,
696.83,1.342e-1,5.807e-20,1.297e-26,7.821e-42,1.297e-17,,,1.362e-18,1.036e-19,,2.724e-16,7.280e-18,3.202e-29,1.252e-10,2.762e-20,2.697e-18,5.500e-9,,,,3.077e-18,3.118e-37,1.529e-17,,6.213e-25,1.242e-1,,,2.711e-21,7.147e-17,1.599e-3,1.189e-28,,7.800e-22,9.751e-16,1.263e-16,2.391e-10,,1.168e-17,8.379e-3,1.510e-17,,,,,1.780e-18,,,,,,,,,,,,,,
696.85,1.455e-1,5.804e-20,1.292e-26,7.826e-42,1.297e-17,,,1.362e-18,1.037e-19,,2.723e-16,7.650e-18,3.203e-29,1.649e-10,2.759e-20,3.152e-18,4.347e-9,,,,3.077e-18,3.116e-37,1.531e-17,,6.213e-25,1.346e-1,,,2.712e-21,7.149e-17,1.436e-3,1.189e-28,,7.802e-22,1.347e-15,1.263e-16,1.833e-10,,8.248e-18,9.455e-3,1.509e-17,,,,,1.778e-18,,,,,,,,,,,,,,
696.87,1.575e-1,5.800e-20,1.286e-26,7.831e-42,1.297e-17,,,1.361e-18,1.037e-19,,2.722e-16,8.020e-18,3.203e-29,2.169e-10,2.755e-20,3.679e-18,3.430e-9,,,,3.078e-18,3.114e-37,1.534e-17,,6.212e-25,1.456e-1,,,2.713e-21,7.151e-17,1.293e-3,1.189e-28,,7.803e-22,1.858e-15,1.263e-16,1.403e-10,,5.816e-18,1.065e-2,1.508e-17,,,,,1.776e-18,,,,,,,,,,,,,,
696.9,1.771e-1,5.795e-20,1.278e-26,7.837e-42,1.298e-17,,,1.361e-18,1.038e-19,,2.720e-16,8.574e-18,3.204e-29,3.262e-10,2.750e-20,4.623e-18,2.398e-9,,,,3.078e-18,3.110e-37,1.538e-17,,6.211e-25,1.633e-1,,,2.714e-21,7.154e-17,1.115e-3,1.190e-28,,7.806e-22,3.001e-15,1.263e-16,9.369e-11,,3.433e-18,1.270e-2,1.507e-17,,,,,1.774e-18,,,,,,,,,,,,,,
696.92,1.912e-1,5.792e-20,1.272e-26,7.842e-42,1.298e-17,,,1.361e-18,1.038e-19,,2.719e-16,8.944e-18,3.205e-29,4.274e-10,2.746e-20,5.374e-18,1.885e-9,,,,3.079e-18,3.108e-37,1.540e-17,,6.210e-25,1.759e-1,,,2.715e-21,7.157e-17,1.018e-3,1.190e-28,,7.807e-22,4.123e-15,1.264e-16,7.143e-11,,2.411e-18,1.425e-2,1.506e-17,,,,,1.772e-18,,,,,,,,,,,,,,
696.95,2.139e-1,5.787e-20,1.264e-26,7.849e-42,1.299e-17,,,1.361e-18,1.038e-19,,2.717e-16,9.498e-18,3.205e-29,6.390e-10,2.741e-20,6.714e-18,1.309e-9,,,,3.079e-18,3.104e-37,1.544e-17,,6.209e-25,1.962e-1,,,2.717e-21,7.160e-17,9.031e-4,1.190e-28,,7.810e-22,6.620e-15,1.264e-16,4.741e-11,,1.414e-18,1.689e-2,1.504e-17,,,,,1.770e-18,,,,,,,,,,,,,,
696.97,2.303e-1,5.783e-20,1.258e-26,7.853e-42,1.299e-17,,,1.361e-18,1.039e-19,,2.715e-16,9.868e-18,3.206e-29,8.339e-10,2.737e-20,7.773e-18,1.025e-9,,,,3.080e-18,3.102e-37,1.547e-17,,8.864e-25,2.105e-1,,,2.717e-21,7.162e-17,8.454e-4,1.190e-28,,7.812e-22,9.061e-15,1.264e-16,3.600e-11,,9.894e-19,1.889e-2,1.503e-17,,,,,1.768e-18,,,,,,,,,,,,,,
697,2.564e-1,5.778e-20,1.250e-26,7.860e-42,1.300e-17,,,1.361e-18,1.039e-19,,2.713e-16,1.042e-17,3.207e-29,1.240e-9,2.732e-20,9.655e-18,7.080e-10,,,,3.080e-18,3.098e-37,1.551e-17,,1.508e-24,2.334e-1,,,2.719e-21,7.165e-17,7.853e-4,1.190e-28,,7.814e-22,1.446e-14,1.264e-16,2.375e-11,,5.770e-19,2.225e-2,1.501e-17,,,,,1.766e-18,,,,,,,,,,,,,,
697.02,2.751e-1,5.775e-20,1.244e-26,7.865e-42,1.300e-17,,,1.361e-18,1.039e-19,,2.712e-16,1.079e-17,3.208e-29,1.612e-9,2.728e-20,1.113e-17,5.521e-10,,,,3.081e-18,3.096e-37,1.554e-17,,2.144e-24,2.495e-1,,,2.720e-21,7.168e-17,7.621e-4,1.190e-28,,7.816e-22,1.972e-14,1.264e-16,1.797e-11,,5.757e-19,2.478e-2,1.500e-17,,,,,1.764e-18,,,,,,,,,,,,,,
697.05,3.048e-1,5.770e-20,1.236e-26,7.872e-42,1.300e-17,,,1.361e-18,1.040e-19,,2.710e-16,1.135e-17,3.208e-29,2.382e-9,2.723e-20,1.375e-17,3.790e-10,,,,3.081e-18,3.092e-37,1.558e-17,,3.626e-24,2.750e-1,,,2.721e-21,7.171e-17,7.519e-4,1.190e-28,,7.818e-22,3.130e-14,1.265e-16,1.178e-11,,5.736e-19,2.903e-2,1.499e-17,,,,,1.761e-18,,,,,,,,,,,,,,
697.07,3.258e-1,5.767e-20,1.230e-26,7.876e-42,1.301e-17,,,1.361e-18,1.040e-19,,2.709e-16,1.172e-17,3.209e-29,3.084e-9,2.719e-20,1.579e-17,2.944e-10,,,,3.082e-18,3.090e-37,1.560e-17,,5.136e-24,2.929e-1,,,2.722e-21,7.173e-17,7.611e-4,1.190e-28,,7.820e-22,4.250e-14,1.265e-16,8.878e-12,,5.722e-19,3.219e-2,1.498e-17,,,,,1.760e-18,,,,,,,,,,,,,,
697.1,3.592e-1,5.761e-20,1.221e-26,7.883e-42,1.301e-17,,,1.361e-18,1.041e-19,,2.707e-16,1.227e-17,3.210e-29,4.532e-9,2.714e-20,1.939e-17,2.009e-10,,,,3.082e-18,3.086e-37,1.564e-17,,8.635e-24,3.209e-1,,,2.723e-21,7.176e-17,7.991e-4,1.190e-28,,7.822e-22,6.706e-14,1.265e-16,5.788e-12,,5.701e-19,3.749e-2,1.496e-17,,,,,1.757e-18,,,,,,,,,,,,,,
697.12,3.827e-1,5.758e-20,1.216e-26,7.887e-42,1.302e-17,,,1.361e-18,1.041e-19,,2.705e-16,1.264e-17,3.210e-29,5.847e-9,2.711e-20,2.219e-17,1.554e-10,,,,3.082e-18,3.084e-37,1.567e-17,,1.219e-23,3.404e-1,,,2.724e-21,7.179e-17,8.406e-4,1.190e-28,,7.824e-22,9.071e-14,1.265e-16,4.343e-12,,5.688e-19,4.142e-2,1.495e-17,,,,,1.755e-18,,,,,,,,,,,,,,
697.15,4.197e-1,5.753e-20,1.207e-26,7.894e-42,1.302e-17,,,1.361e-18,1.042e-19,,2.703e-16,1.319e-17,3.211e-29,8.542e-9,2.705e-20,2.708e-17,1.055e-10,,,,3.083e-18,3.081e-37,1.571e-17,,2.037e-23,3.709e-1,,,2.726e-21,7.182e-17,9.282e-4,1.190e-28,,7.826e-22,1.423e-13,1.266e-16,2.815e-12,,5.667e-19,4.796e-2,1.493e-17,,,,,1.753e-18,,,,,,,,,,,,,,
697.17,4.457e-1,5.750e-20,1.202e-26,7.899e-42,1.302e-17,,,1.361e-18,1.042e-19,,2.702e-16,1.356e-17,3.212e-29,1.098e-8,2.702e-20,3.086e-17,8.126e-11,,,,3.083e-18,3.078e-37,1.573e-17,,2.863e-23,3.919e-1,,,2.727e-21,7.184e-17,1.004e-3,1.190e-28,,7.828e-22,1.917e-13,1.266e-16,2.104e-12,,5.653e-19,5.277e-2,1.492e-17,,,,,1.751e-18,,,,,,,,,,,,,,
697.2,4.863e-1,5.745e-20,1.193e-26,7.906e-42,1.303e-17,,,1.361e-18,1.042e-19,,2.700e-16,1.412e-17,3.213e-29,1.595e-8,2.696e-20,3.744e-17,5.480e-11,,,,3.084e-18,3.075e-37,1.577e-17,,4.757e-23,4.244e-1,,,2.728e-21,7.187e-17,1.146e-3,1.190e-28,,7.831e-22,2.990e-13,1.266e-16,1.355e-12,,5.633e-19,6.074e-2,1.491e-17,,,,,1.749e-18,,,,,,,,,,,,,,
697.22,5.146e-1,5.741e-20,1.188e-26,7.910e-42,1.303e-17,,,1.361e-18,1.043e-19,,2.699e-16,1.449e-17,3.213e-29,2.041e-8,2.693e-20,4.251e-17,4.206e-11,,,,3.084e-18,3.072e-37,1.580e-17,,6.661e-23,4.467e-1,,,2.729e-21,7.190e-17,1.260e-3,1.190e-28,,7.832e-22,4.013e-13,1.266e-16,1.009e-12,,5.619e-19,6.658e-2,1.489e-17,,,,,1.747e-18,,,,,,,,,,,,,,
697.24,5.438e-1,5.738e-20,1.182e-26,7.915e-42,1.303e-17,,,1.361e-18,1.043e-19,,2.698e-16,1.486e-17,3.214e-29,2.609e-8,2.689e-20,4.818e-17,3.223e-11,,,,3.085e-18,3.070e-37,1.583e-17,,9.312e-23,4.695e-1,,,2.730e-21,7.192e-17,1.391e-3,1.190e-28,,7.834e-22,5.378e-13,1.266e-16,7.498e-13,,5.605e-19,7.286e-2,1.488e-17,,,,,1.745e-18,,,,,,,,,,,,,,
697.27,5.892e-1,5.733e-20,1.174e-26,7.922e-42,1.304e-17,,,1.361e-18,1.044e-19,,2.696e-16,1.541e-17,3.215e-29,3.759e-8,2.684e-20,5.798e-17,2.155e-11,,,,3.085e-18,3.066e-37,1.587e-17,,1.535e-22,5.044e-1,,,2.731e-21,7.195e-17,1.622e-3,1.190e-28,,7.836e-22,8.319e-13,1.267e-16,4.790e-13,,5.584e-19,8.318e-2,1.487e-17,,,,,1.743e-18,,,,,,,,,,,,,,
697.29,6.205e-1,5.729e-20,1.168e-26,7.926e-42,1.304e-17,,,1.360e-18,1.044e-19,,2.694e-16,1.578e-17,3.215e-29,4.786e-8,2.680e-20,6.547e-17,1.645e-11,,,,3.086e-18,3.064e-37,1.589e-17,,2.137e-22,5.280e-1,,,2.732e-21,7.197e-17,1.800e-3,1.190e-28,,7.838e-22,1.111e-12,1.267e-16,3.546e-13,,5.571e-19,9.067e-2,1.486e-17,,,,,1.741e-18,,,,,,,,,,,,,,
697.32,6.689e-1,5.724e-20,1.160e-26,7.933e-42,1.305e-17,,,1.360e-18,1.044e-19,,2.692e-16,1.634e-17,3.216e-29,6.857e-8,2.675e-20,7.832e-17,1.094e-11,,,,3.086e-18,3.061e-37,1.593e-17,,3.502e-22,5.639e-1,,,2.734e-21,7.201e-17,2.107e-3,1.190e-28,,7.840e-22,1.708e-12,1.267e-16,2.252e-13,,5.550e-19,1.029e-1,1.484e-17,,,,,1.739e-18,,,,,,,,,,,,,,
697.34,7.021e-1,5.721e-20,1.154e-26,7.938e-42,1.305e-17,,,1.360e-18,1.045e-19,,2.691e-16,1.671e-17,3.217e-29,8.697e-8,2.671e-20,8.808e-17,8.314e-12,,,,3.086e-18,3.058e-37,1.596e-17,,4.858e-22,5.881e-1,,,2.735e-21,7.203e-17,2.341e-3,1.190e-28,,7.842e-22,2.271e-12,1.267e-16,1.661e-13,,5.536e-19,1.117e-1,1.483e-17,,,,,1.737e-18,,,,,,,,,,,,,,
697.37,7.532e-1,5.716e-20,1.146e-26,7.944e-42,1.306e-17,,,1.360e-18,1.045e-19,,2.689e-16,1.726e-17,3.218e-29,1.239e-7,2.666e-20,1.048e-16,5.495e-12,,,,3.087e-18,3.055e-37,1.600e-17,,7.914e-22,6.244e-1,,,2.736e-21,7.206e-17,2.740e-3,1.190e-28,,7.845e-22,3.472e-12,1.268e-16,1.048e-13,,5.515e-19,1.261e-1,1.481e-17,,,,,1.734e-18,,,,,,,,,,,,,,
697.39,7.880e-1,5.713e-20,1.140e-26,7.949e-42,1.306e-17,,,1.360e-18,1.046e-19,,2.688e-16,1.763e-17,3.218e-29,1.565e-7,2.662e-20,1.174e-16,4.161e-12,,,,3.087e-18,3.052e-37,1.602e-17,,1.094e-21,6.486e-1,,,2.737e-21,7.208e-17,3.040e-3,1.190e-28,,7.846e-22,4.599e-12,1.268e-16,7.699e-14,,5.502e-19,1.363e-1,1.480e-17,,,,,1.733e-18,,,,,,,,,,,,,,
697.42,8.411e-1,5.707e-20,1.132e-26,7.956e-42,1.306e-17,,,1.360e-18,1.046e-19,,2.686e-16,1.818e-17,3.219e-29,2.217e-7,2.657e-20,1.387e-16,2.733e-12,,,,3.088e-18,3.049e-37,1.606e-17,,1.771e-21,6.847e-1,,,2.738e-21,7.212e-17,3.547e-3,1.191e-28,,7.849e-22,6.990e-12,1.268e-16,4.831e-14,,5.481e-19,1.529e-1,1.479e-17,,,,,1.730e-18,,,,,,,,,,,,,,
697.44,8.771e-1,5.704e-20,1.126e-26,7.960e-42,1.307e-17,,,1.360e-18,1.046e-19,,2.684e-16,1.855e-17,3.220e-29,2.790e-7,2.654e-20,1.548e-16,2.061e-12,,,,3.088e-18,3.046e-37,1.609e-17,,2.438e-21,7.085e-1,,,2.739e-21,7.214e-17,3.925e-3,1.191e-28,,7.850e-22,9.223e-12,1.268e-16,3.534e-14,,5.467e-19,1.647e-1,1.478e-17,,,,,1.729e-18,,,,,,,,,,,,,,
697.47,9.318e-1,5.699e-20,1.118e-26,7.967e-42,1.307e-17,,,1.360e-18,1.047e-19,,2.682e-16,1.911e-17,3.221e-29,3.928e-7,2.648e-20,1.820e-16,1.346e-12,,,,3.089e-18,3.043e-37,1.613e-17,,3.925e-21,7.435e-1,,,2.741e-21,7.217e-17,4.558e-3,1.191e-28,,7.853e-22,1.394e-11,1.268e-16,2.205e-14,,5.446e-19,1.837e-1,1.476e-17,,,,,1.726e-18,,,,,,,,,,,,,,
697.49,9.685e-1,5.696e-20,1.112e-26,7.972e-42,1.308e-17,,,1.360e-18,1.047e-19,,2.681e-16,1.948e-17,3.221e-29,4.926e-7,2.645e-20,2.023e-16,1.011e-12,,,,3.089e-18,3.040e-37,1.616e-17,,5.382e-21,7.664e-1,,,2.741e-21,7.219e-17,5.028e-3,1.191e-28,,7.854e-22,1.832e-11,1.269e-16,1.606e-14,,5.433e-19,1.971e-1,1.475e-17,,,,,1.724e-18,,,,,,,,,,,,,,
697.52,1.024e+0,5.691e-20,1.104e-26,7.979e-42,1.308e-17,,,1.360e-18,1.048e-19,,2.679e-16,2.003e-17,3.222e-29,6.896e-7,2.639e-20,2.364e-16,6.565e-13,,,,3.090e-18,3.037e-37,1.619e-17,,8.616e-21,7.997e-1,,,2.743e-21,7.223e-17,5.809e-3,1.191e-28,,7.857e-22,2.752e-11,1.269e-16,9.961e-15,,5.412e-19,2.185e-1,1.473e-17,,,,,1.722e-18,,,,,,,,,,,,,,
697.54,1.061e+0,5.687e-20,1.098e-26,7.983e-42,1.308e-17,,,1.360e-18,1.048e-19,,2.678e-16,2.040e-17,3.223e-29,8.613e-7,2.636e-20,2.617e-16,4.912e-13,,,,3.090e-18,3.035e-37,1.622e-17,,1.177e-20,8.210e-1,,,2.744e-21,7.225e-17,6.384e-3,1.191e-28,,7.859e-22,3.603e-11,1.269e-16,7.229e-15,,5.398e-19,2.336e-1,1.472e-17,,,,,1.720e-18,,,,,,,,,,,,,,
697.57,1.116e+0,5.682e-20,1.090e-26,7.990e-42,1.309e-17,,,1.360e-18,1.048e-19,,2.676e-16,2.096e-17,3.224e-29,1.199e-6,2.630e-20,3.040e-16,3.170e-13,,,,3.091e-18,3.031e-37,1.626e-17,,1.873e-20,8.517e-1,,,2.745e-21,7.228e-17,7.336e-3,1.191e-28,,7.861e-22,5.381e-11,1.269e-16,4.456e-15,,5.378e-19,2.574e-1,1.471e-17,,,,,1.718e-18,,,,,,,,,,,,,,
697.59,1.153e+0,5.679e-20,1.084e-26,7.994e-42,1.309e-17,,,1.360e-18,1.049e-19,,2.675e-16,2.133e-17,3.224e-29,1.492e-6,2.627e-20,3.353e-16,2.362e-13,,,,3.091e-18,3.029e-37,1.629e-17,,2.548e-20,8.711e-1,,,2.746e-21,7.230e-17,8.033e-3,1.191e-28,,7.863e-22,7.017e-11,1.270e-16,3.221e-15,,5.364e-19,2.740e-1,2.095e-17,,,,,1.716e-18,,,,,,,,,,,,,,
697.61,1.190e+0,5.675e-20,1.079e-26,7.999e-42,1.310e-17,,,1.360e-18,1.049e-19,,2.673e-16,2.169e-17,3.225e-29,1.853e-6,2.623e-20,3.692e-16,1.758e-13,,,,3.091e-18,3.026e-37,1.631e-17,,3.461e-20,8.895e-1,,,2.747e-21,7.232e-17,8.782e-3,1.191e-28,,7.864e-22,9.136e-11,1.270e-16,2.324e-15,,5.350e-19,2.913e-1,2.980e-17,,,,,1.714e-18,,,,,,,,,,,,,,
697.64,1.244e+0,5.670e-20,1.070e-26,8.006e-42,1.310e-17,,,1.360e-18,1.050e-19,,2.671e-16,2.225e-17,3.226e-29,2.559e-6,2.618e-20,4.254e-16,1.125e-13,,,,3.092e-18,3.023e-37,1.635e-17,,5.464e-20,9.152e-1,,,2.748e-21,7.236e-17,1.001e-2,1.191e-28,,7.867e-22,1.353e-10,1.270e-16,1.421e-15,,5.329e-19,3.184e-1,5.040e-17,,,,,1.712e-18,,,,,,,,,,,,,,
697.66,1.279e+0,5.667e-20,1.065e-26,8.010e-42,1.310e-17,,,1.360e-18,1.050e-19,,2.670e-16,2.262e-17,3.226e-29,3.167e-6,2.614e-20,4.666e-16,8.336e-14,,,,3.092e-18,3.020e-37,1.638e-17,,7.393e-20,9.310e-1,,,2.749e-21,7.238e-17,1.090e-2,1.191e-28,,7.868e-22,1.755e-10,1.270e-16,1.021e-15,,5.316e-19,3.372e-1,7.141e-17,,,,,1.710e-18,,,,,,,,,,,,,,
697.69,1.331e+0,5.662e-20,1.056e-26,8.017e-42,1.311e-17,,,1.360e-18,1.050e-19,,2.668e-16,2.317e-17,3.227e-29,4.348e-6,2.609e-20,5.344e-16,5.303e-14,,,,3.093e-18,3.017e-37,1.642e-17,,1.160e-19,9.524e-1,,,2.751e-21,7.241e-17,1.236e-2,1.191e-28,,7.871e-22,2.585e-10,1.270e-16,6.206e-16,,5.295e-19,3.663e-1,1.201e-16,,,,,1.708e-18,,,,,,,,,,,,,,
697.71,1.365e+0,5.659e-20,1.051e-26,8.022e-42,1.311e-17,,,1.360e-18,1.051e-19,,2.667e-16,2.354e-17,3.228e-29,5.360e-6,2.605e-20,5.839e-16,3.914e-14,,,,3.093e-18,3.015e-37,1.644e-17,,1.564e-19,9.650e-1,,,2.752e-21,7.243e-17,1.340e-2,1.191e-28,,7.873e-22,3.340e-10,1.271e-16,4.443e-16,,5.281e-19,3.864e-1,1.695e-16,,,,,1.706e-18,,,,,,,,,,,,,,
697.74,1.414e+0,5.654e-20,1.042e-26,8.029e-42,1.312e-17,,,1.359e-18,1.051e-19,,2.665e-16,2.410e-17,3.229e-29,7.317e-6,2.600e-20,6.648e-16,2.475e-14,,,,3.094e-18,3.011e-37,1.648e-17,,2.440e-19,9.814e-1,,,2.753e-21,7.247e-17,1.510e-2,1.191e-28,,7.875e-22,4.891e-10,1.271e-16,2.684e-16,,5.260e-19,4.174e-1,2.834e-16,,,,,1.703e-18,,,,,,,,,,,,,,
697.76,1.445e+0,5.650e-20,1.037e-26,8.033e-42,1.312e-17,,,1.359e-18,1.052e-19,,2.663e-16,2.447e-17,3.229e-29,8.987e-6,2.597e-20,7.235e-16,1.820e-14,,,,3.094e-18,3.009e-37,1.651e-17,,3.276e-19,9.906e-1,,,2.754e-21,7.249e-17,1.632e-2,1.191e-28,,7.877e-22,6.294e-10,1.271e-16,1.914e-16,,5.247e-19,4.385e-1,3.984e-16,,,,,1.702e-18,,,,,,,,,,,,,,
697.79,1.491e+0,5.645e-20,1.028e-26,8.040e-42,1.312e-17,,,1.359e-18,1.052e-19,,2.662e-16,2.502e-17,3.230e-29,1.220e-5,2.591e-20,8.190e-16,1.144e-14,,,,3.095e-18,3.005e-37,1.655e-17,,5.082e-19,1.002e+0,,,2.755e-21,7.252e-17,1.828e-2,1.191e-28,,7.879e-22,9.162e-10,1.271e-16,1.214e-16,,5.226e-19,4.708e-1,6.622e-16,,,,,1.699e-18,,,,,,,,,,,,,,
697.81,1.520e+0,5.642e-20,1.023e-26,8.045e-42,1.313e-17,,,1.359e-18,1.052e-19,,2.660e-16,2.539e-17,3.231e-29,1.492e-5,2.588e-20,8.878e-16,8.378e-15,,,,3.095e-18,3.003e-37,1.658e-17,,6.796e-19,1.007e+0,,,2.756e-21,7.254e-17,1.968e-2,1.191e-28,,7.881e-22,1.175e-9,1.272e-16,9.082e-17,,5.212e-19,4.928e-1,9.274e-16,,,,,1.698e-18,,,,,,,,,,,,,,
697.84,1.560e+0,5.637e-20,1.014e-26,8.051e-42,1.313e-17,,,1.359e-18,1.053e-19,,2.658e-16,2.595e-17,3.231e-29,2.014e-5,2.582e-20,9.991e-16,5.235e-15,,,,3.096e-18,2.999e-37,1.662e-17,,1.048e-18,1.012e+0,,,2.758e-21,7.258e-17,2.191e-2,1.191e-28,,7.883e-22,1.700e-9,1.272e-16,6.432e-17,,5.191e-19,5.260e-1,1.532e-15,,,,,1.695e-18,,,,,,,,,,,,,,
697.86,1.586e+0,5.633e-20,1.009e-26,8.056e-42,1.314e-17,,,1.359e-18,1.053e-19,,2.657e-16,2.631e-17,3.232e-29,2.455e-5,2.579e-20,1.079e-15,3.819e-15,,,,3.096e-18,2.997e-37,1.664e-17,,1.396e-18,1.014e+0,,,2.759e-21,7.260e-17,2.349e-2,1.191e-28,,7.885e-22,2.171e-9,1.272e-16,5.662e-17,,5.178e-19,5.483e-1,2.138e-15,,,,,1.693e-18,,,,,,,,,,,,,,
697.89,1.621e+0,5.628e-20,1.000e-26,8.063e-42,1.314e-17,,,1.359e-18,1.054e-19,,2.655e-16,2.687e-17,3.233e-29,3.293e-5,2.573e-20,1.207e-15,2.372e-15,,,,3.097e-18,2.993e-37,1.668e-17,,2.141e-18,1.013e+0,,,2.760e-21,7.263e-17,2.601e-2,1.191e-28,,7.887e-22,3.123e-9,1.272e-16,5.782e-17,,5.157e-19,5.819e-1,3.512e-15,,,,,1.691e-18,,,,,,,,,,,,,,
697.91,1.643e+0,5.625e-20,9.945e-27,8.067e-42,1.314e-17,,,1.359e-18,1.054e-19,,2.654e-16,2.724e-17,3.234e-29,3.999e-5,2.570e-20,1.298e-15,1.723e-15,,,,3.097e-18,2.991e-37,1.671e-17,,2.841e-18,1.011e+0,,,2.761e-21,7.265e-17,2.778e-2,1.192e-28,,7.889e-22,3.973e-9,1.272e-16,6.727e-17,,5.143e-19,6.042e-1,4.881e-15,,,,,1.689e-18,,,,,,,,,,,,,,
697.94,1.673e+0,5.620e-20,9.861e-27,8.074e-42,1.315e-17,,,1.359e-18,1.054e-19,,2.652e-16,2.779e-17,3.234e-29,5.335e-5,2.565e-20,1.444e-15,1.064e-15,,,,3.098e-18,2.987e-37,1.675e-17,,4.331e-18,1.005e+0,,,2.762e-21,7.269e-17,3.057e-2,1.192e-28,,7.891e-22,5.682e-9,1.273e-16,9.716e-17,,5.123e-19,6.375e-1,7.972e-15,,,,,1.687e-18,,,,,,,,,,,,,,
697.96,1.690e+0,5.616e-20,9.805e-27,8.079e-42,1.315e-17,,,1.359e-18,1.055e-19,,2.650e-16,2.816e-17,3.235e-29,6.453e-5,2.561e-20,1.547e-15,7.701e-16,,,,3.098e-18,2.985e-37,1.677e-17,,5.725e-18,9.983e-1,,,2.763e-21,7.271e-17,3.252e-2,1.192e-28,,7.893e-22,7.200e-9,1.273e-16,1.309e-16,,5.109e-19,6.593e-1,1.104e-14,,,,,1.685e-18,,,,,,,,,,,,,,
697.98,1.706e+0,5.613e-20,9.749e-27,8.083e-42,1.316e-17,,,1.359e-18,1.055e-19,,2.649e-16,2.853e-17,3.236e-29,7.793e-5,2.557e-20,1.655e-15,5.564e-16,,,,3.098e-18,2.983e-37,1.680e-17,,7.556e-18,9.906e-1,,,2.764e-21,7.273e-17,3.454e-2,1.192e-28,,7.895e-22,9.109e-9,1.273e-16,1.799e-16,,5.095e-19,6.809e-1,1.525e-14,,,,,1.683e-18,,,,,,,,,,,,,,
698.01,1.727e+0,5.608e-20,9.665e-27,8.090e-42,1.316e-17,,,1.359e-18,1.056e-19,,2.647e-16,2.909e-17,3.236e-29,1.031e-4,2.552e-20,1.825e-15,3.407e-16,,,,3.099e-18,2.979e-37,1.684e-17,,1.142e-17,9.763e-1,,,2.765e-21,7.276e-17,3.771e-2,1.192e-28,,7.897e-22,1.292e-8,1.273e-16,2.947e-16,,5.074e-19,7.124e-1,2.471e-14,,,,,1.681e-18,,,,,,,,,,,,,,
698.03,1.738e+0,5.605e-20,9.609e-27,8.095e-42,1.316e-17,,,1.359e-18,1.056e-19,,2.646e-16,2.946e-17,3.237e-29,1.241e-4,2.549e-20,1.945e-15,2.452e-16,,,,3.099e-18,2.977e-37,1.687e-17,,1.502e-17,9.650e-1,,,2.766e-21,7.279e-17,3.989e-2,1.192e-28,,7.899e-22,1.629e-8,1.274e-16,4.096e-16,,5.061e-19,7.329e-1,3.402e-14,,,,,1.679e-18,,,,,,,,,,,,,,
698.06,1.751e+0,5.600e-20,9.525e-27,8.101e-42,1.317e-17,,,1.359e-18,1.056e-19,,2.644e-16,3.001e-17,3.238e-29,1.633e-4,2.543e-20,2.133e-15,1.492e-16,,,,3.100e-18,2.973e-37,1.691e-17,,2.258e-17,9.456e-1,,,2.768e-21,7.282e-17,4.329e-2,1.192e-28,,7.901e-22,2.297e-8,1.274e-16,6.774e-16,,5.040e-19,7.623e-1,5.480e-14,,,,,1.677e-18,,,,,,,,,,,,,,
698.08,1.758e+0,5.596e-20,9.469e-27,8.106e-42,1.317e-17,,,1.359e-18,1.057e-19,,2.643e-16,3.038e-17,4.614e-29,1.957e-4,2.540e-20,2.264e-15,1.070e-16,,,,3.100e-18,2.971e-37,1.693e-17,,2.957e-17,9.311e-1,,,2.769e-21,7.284e-17,4.562e-2,1.192e-28,,7.903e-22,2.883e-8,1.274e-16,9.455e-16,,5.026e-19,7.811e-1,7.515e-14,,,,,1.675e-18,,,,,,,,,,,,,,
698.11,1.764e+0,5.591e-20,9.385e-27,8.113e-42,1.318e-17,,,1.359e-18,1.057e-19,,2.641e-16,3.093e-17,7.826e-29,2.561e-4,2.534e-20,2.468e-15,6.473e-17,,,,3.101e-18,2.967e-37,1.697e-17,,4.419e-17,9.070e-1,,,2.770e-21,7.287e-17,4.922e-2,1.192e-28,,7.905e-22,4.043e-8,1.274e-16,1.555e-15,,5.005e-19,8.077e-1,1.203e-13,,,,,1.672e-18,,,,,,,,,,,,,,
698.13,1.766e+0,5.588e-20,9.329e-27,8.117e-42,1.318e-17,,,1.359e-18,1.058e-19,,2.639e-16,3.130e-17,1.111e-28,3.058e-4,2.531e-20,2.609e-15,4.621e-17,,,,3.101e-18,2.965e-37,1.700e-17,,5.764e-17,8.896e-1,,,2.771e-21,7.290e-17,5.167e-2,1.192e-28,,7.907e-22,5.056e-8,1.274e-16,2.162e-15,,4.992e-19,8.244e-1,1.644e-13,,,,,1.671e-18,,,,,,,,,,,,,,
698.16,1.765e+0,5.583e-20,9.245e-27,8.124e-42,1.319e-17,,,1.358e-18,1.058e-19,,2.637e-16,3.186e-17,1.873e-28,3.978e-4,2.525e-20,2.828e-15,2.780e-17,,,,3.102e-18,2.961e-37,1.704e-17,,8.564e-17,8.616e-1,,,2.772e-21,7.293e-17,5.541e-2,1.192e-28,,7.910e-22,7.048e-8,1.275e-16,3.534e-15,,4.971e-19,8.475e-1,2.617e-13,,,,,1.668e-18,,,,,,,,,,,,,,
698.18,1.762e+0,5.579e-20,9.189e-27,8.129e-42,1.319e-17,,,1.358e-18,1.058e-19,,2.636e-16,3.223e-17,2.649e-28,4.732e-4,2.522e-20,2.978e-15,1.977e-17,,,,3.102e-18,2.959e-37,1.706e-17,,1.113e-16,8.418e-1,,,2.773e-21,7.295e-17,5.794e-2,1.192e-28,,7.911e-22,8.779e-8,1.275e-16,4.895e-15,,4.957e-19,8.616e-1,3.562e-13,,,,,1.667e-18,,,,,,,,,,,,,,
698.21,1.754e+0,5.574e-20,9.105e-27,8.136e-42,1.319e-17,,,1.358e-18,1.059e-19,,2.634e-16,3.278e-17,4.440e-28,6.122e-4,2.517e-20,3.209e-15,1.182e-17,,,,3.103e-18,2.956e-37,1.710e-17,,1.644e-16,8.106e-1,,,2.775e-21,7.298e-17,6.178e-2,1.192e-28,,7.914e-22,1.217e-7,1.275e-16,7.955e-15,,4.937e-19,8.805e-1,5.638e-13,,,,,1.664e-18,,,,,,,,,,,,,,
698.23,1.746e+0,5.571e-20,9.049e-27,8.140e-42,1.320e-17,,,1.358e-18,1.059e-19,,2.633e-16,3.315e-17,6.254e-28,7.254e-4,2.513e-20,3.366e-15,8.371e-18,,,,3.103e-18,2.953e-37,1.713e-17,,2.128e-16,7.890e-1,,,2.776e-21,7.301e-17,6.434e-2,1.192e-28,,7.915e-22,1.510e-7,1.275e-16,1.098e-14,,4.923e-19,8.916e-1,7.642e-13,,,,,1.662e-18,,,,,,,,,,,,,,
698.26,1.730e+0,5.566e-20,8.965e-27,8.147e-42,1.320e-17,,,1.358e-18,1.060e-19,,2.631e-16,3.371e-17,1.042e-27,9.331e-4,2.508e-20,3.606e-15,4.975e-18,,,,3.103e-18,2.950e-37,1.717e-17,,3.125e-16,7.553e-1,,,2.777e-21,7.304e-17,6.820e-2,1.192e-28,,7.918e-22,2.080e-7,1.276e-16,1.774e-14,,4.902e-19,9.059e-1,1.203e-12,,,,,1.660e-18,,,,,,,,,,,,,,
698.28,1.718e+0,5.562e-20,8.909e-27,8.152e-42,1.320e-17,,,1.358e-18,1.060e-19,,2.629e-16,3.408e-17,1.463e-27,1.102e-3,2.504e-20,3.768e-15,3.510e-18,,,,3.104e-18,2.947e-37,1.720e-17,,4.029e-16,7.323e-1,,,2.778e-21,7.306e-17,7.076e-2,1.192e-28,,7.919e-22,2.571e-7,1.276e-16,2.437e-14,,4.888e-19,9.138e-1,1.624e-12,,,,,1.658e-18,,,,,,,,,,,,,,
698.31,1.696e+0,5.557e-20,8.825e-27,8.158e-42,1.321e-17,,,1.358e-18,1.060e-19,,2.627e-16,3.463e-17,2.424e-27,1.409e-3,2.499e-20,4.013e-15,2.074e-18,,,,3.104e-18,2.944e-37,1.724e-17,,5.882e-16,6.970e-1,,,2.779e-21,7.309e-17,7.456e-2,1.192e-28,,7.922e-22,3.522e-7,1.276e-16,3.916e-14,,4.868e-19,9.229e-1,2.541e-12,,,,,1.656e-18,,,,,,,,,,,,,,
698.33,1.679e+0,5.554e-20,8.769e-27,8.163e-42,1.321e-17,,,1.358e-18,1.061e-19,,2.626e-16,3.500e-17,3.387e-27,1.657e-3,2.495e-20,4.176e-15,1.457e-18,,,,3.105e-18,2.941e-37,1.726e-17,,7.555e-16,6.731e-1,,,2.780e-21,7.312e-17,7.705e-2,1.192e-28,,7.924e-22,4.336e-7,1.276e-16,5.361e-14,,4.854e-19,9.273e-1,3.417e-12,,,,,1.654e-18,,,,,,,,,,,,,,
698.36,1.651e+0,5.549e-20,8.685e-27,8.170e-42,1.322e-17,,,1.358e-18,1.061e-19,,2.624e-16,3.555e-17,5.581e-27,2.107e-3,2.490e-20,4.422e-15,8.558e-19,,,,3.105e-18,2.938e-37,1.730e-17,,1.097e-15,6.370e-1,,,2.782e-21,7.315e-17,8.071e-2,1.192e-28,,7.926e-22,5.905e-7,1.276e-16,8.562e-14,,4.833e-19,9.311e-1,5.316e-12,,,,,1.651e-18,,,,,,,,,,,,,,
698.38,1.630e+0,5.546e-20,8.629e-27,8.174e-42,1.322e-17,,,1.358e-18,1.062e-19,,2.623e-16,3.592e-17,7.770e-27,2.469e-3,2.486e-20,4.584e-15,5.990e-19,,,,3.106e-18,2.935e-37,1.733e-17,,1.403e-15,6.128e-1,,,2.783e-21,7.317e-17,8.309e-2,1.192e-28,,7.928e-22,7.241e-7,1.277e-16,1.168e-13,,4.819e-19,9.319e-1,7.122e-12,,,,,1.650e-18,,,,,,,,,,,,,,
698.4,1.608e+0,5.542e-20,8.573e-27,8.179e-42,1.322e-17,,,1.358e-18,1.062e-19,,2.622e-16,3.629e-17,1.080e-26,2.888e-3,2.483e-20,4.745e-15,4.186e-19,,,,3.106e-18,2.933e-37,1.735e-17,,1.792e-15,5.886e-1,,,2.783e-21,7.319e-17,8.540e-2,1.192e-28,,7.929e-22,8.866e-7,1.277e-16,1.590e-13,,4.806e-19,9.311e-1,9.528e-12,,,,,1.648e-18,,,,,,,,,,,,,,
698.43,1.572e+0,5.537e-20,8.488e-27,8.186e-42,1.323e-17,,,1.358e-18,1.062e-19,,2.620e-16,3.685e-17,1.765e-26,3.644e-3,2.477e-20,4.983e-15,4.502e-19,,,,3.107e-18,2.930e-37,1.739e-17,,2.580e-15,5.525e-1,,,2.785e-21,7.323e-17,8.872e-2,1.193e-28,,7.932e-22,1.198e-6,1.277e-16,2.519e-13,,4.785e-19,9.273e-1,1.470e-11,,,,,1.646e-18,,,,,,,,,,,,,,
698.45,1.547e+0,5.534e-20,8.432e-27,8.190e-42,1.323e-17,,,1.358e-18,1.063e-19,,2.618e-16,3.722e-17,2.444e-26,4.246e-3,2.474e-20,5.138e-15,4.713e-19,,,,3.107e-18,2.927e-37,1.742e-17,,3.284e-15,5.286e-1,,,2.786e-21,7.325e-17,9.083e-2,1.193e-28,,7.933e-22,1.461e-6,1.277e-16,3.416e-13,,4.771e-19,9.229e-1,1.959e-11,,,,,1.644e-18,,,,,,,,,,,,,,
698.48,1.506e+0,5.529e-20,8.348e-27,8.197e-42,1.324e-17,,,1.358e-18,1.063e-19,,2.616e-16,3.777e-17,3.971e-26,5.327e-3,2.468e-20,5.364e-15,5.030e-19,,,,3.107e-18,2.924e-37,1.746e-17,,4.700e-15,4.933e-1,,,2.787e-21,7.328e-17,9.382e-2,1.193e-28,,7.936e-22,1.962e-6,1.278e-16,5.381e-13,,4.750e-19,9.138e-1,3.005e-11,,,,,1.641e-18,,,,,,,,,,,,,,
698.5,1.478e+0,5.525e-20,8.292e-27,8.202e-42,1.324e-17,,,1.358e-18,1.064e-19,,2.615e-16,3.814e-17,5.477e-26,6.185e-3,2.465e-20,5.510e-15,5.241e-19,,,,3.108e-18,2.921e-37,1.749e-17,,5.957e-15,4.702e-1,,,2.788e-21,7.330e-17,9.567e-2,1.193e-28,,7.938e-22,2.383e-6,1.278e-16,7.270e-13,,4.737e-19,9.059e-1,3.989e-11,,,,,1.640e-18,,,,,,,,,,,,,,
698.53,1.434e+0,5.520e-20,8.208e-27,8.208e-42,1.325e-17,,,1.358e-18,1.064e-19,,2.613e-16,3.870e-17,8.846e-26,7.716e-3,2.460e-20,5.719e-15,5.557e-19,,,,3.108e-18,2.918e-37,1.753e-17,,8.477e-15,4.362e-1,,,2.789e-21,7.334e-17,9.824e-2,1.193e-28,,7.940e-22,3.182e-6,1.278e-16,1.138e-12,,4.716e-19,8.916e-1,6.083e-11,,,,,1.637e-18,,,,,,,,,,,,,,
698.55,1.403e+0,5.517e-20,8.152e-27,8.213e-42,1.325e-17,,,1.358e-18,1.064e-19,,2.612e-16,3.907e-17,1.215e-25,8.924e-3,2.456e-20,5.851e-15,5.768e-19,,,,3.109e-18,2.915e-37,1.755e-17,,1.070e-14,4.142e-1,,,2.790e-21,7.336e-17,9.979e-2,1.193e-28,,7.942e-22,3.851e-6,1.278e-16,1.532e-12,,4.702e-19,8.805e-1,8.043e-11,,,,,1.636e-18,,,,,,,,,,,,,,
698.58,1.357e+0,5.512e-20,8.068e-27,8.220e-42,1.325e-17,,,1.357e-18,1.065e-19,,2.610e-16,3.962e-17,1.952e-25,1.107e-2,2.451e-20,6.038e-15,6.084e-19,,,,3.109e-18,2.912e-37,1.759e-17,,1.514e-14,3.821e-1,,,2.792e-21,7.339e-17,1.019e-1,1.193e-28,,7.944e-22,5.112e-6,1.278e-16,2.385e-12,,4.682e-19,8.616e-1,1.219e-10,,,,,1.633e-18,,,,,,,,,,,,,,
698.6,1.325e+0,5.509e-20,8.012e-27,8.224e-42,1.326e-17,,,1.357e-18,1.065e-19,,2.608e-16,3.999e-17,2.672e-25,1.276e-2,2.447e-20,6.154e-15,6.295e-19,,,,3.110e-18,2.910e-37,1.762e-17,,1.904e-14,3.614e-1,,,2.793e-21,7.341e-17,1.031e-1,1.193e-28,,7.946e-22,6.162e-6,1.279e-16,3.198e-12,,4.668e-19,8.475e-1,1.606e-10,,,,,1.631e-18,,,,,,,,,,,,,,
698.63,1.276e+0,5.503e-20,7.928e-27,8.231e-42,1.326e-17,,,1.357e-18,1.066e-19,,2.607e-16,4.054e-17,4.266e-25,1.573e-2,2.442e-20,6.314e-15,6.612e-19,,,,3.110e-18,2.906e-37,1.766e-17,,2.679e-14,3.314e-1,,,2.794e-21,7.345e-17,1.046e-1,1.193e-28,,7.948e-22,8.132e-6,1.279e-16,4.949e-12,,4.647e-19,8.244e-1,2.421e-10,,,,,1.629e-18,,,,,,,,,,,,,,
698.65,1.243e+0,5.500e-20,7.872e-27,8.236e-42,1.327e-17,,,1.357e-18,1.066e-19,,2.605e-16,4.091e-17,5.816e-25,1.806e-2,2.438e-20,6.411e-15,6.823e-19,,,,3.111e-18,2.904e-37,1.768e-17,,3.356e-14,3.122e-1,,,2.795e-21,7.347e-17,1.054e-1,1.193e-28,,7.950e-22,9.764e-6,1.279e-16,6.610e-12,,4.633e-19,8.077e-1,3.177e-10,,,,,1.627e-18,,,,,,,,,,,,,,
698.68,1.194e+0,5.495e-20,7.788e-27,8.243e-42,1.327e-17,,,1.357e-18,1.066e-19,,2.603e-16,4.147e-17,9.231e-25,2.215e-2,2.433e-20,6.540e-15,7.139e-19,,,,3.111e-18,2.900e-37,1.772e-17,,4.693e-14,2.847e-1,,,2.796e-21,7.350e-17,1.064e-1,1.193e-28,,7.952e-22,1.281e-5,1.279e-16,1.017e-11,,4.613e-19,7.811e-1,4.760e-10,,,,,1.625e-18,,,,,,,,,,,,,,
698.7,1.162e+0,5.492e-20,7.732e-27,8.247e-42,1.327e-17,,,1.357e-18,1.067e-19,,2.602e-16,4.184e-17,1.254e-24,2.533e-2,2.429e-20,6.615e-15,7.350e-19,,,,3.112e-18,2.898e-37,1.775e-17,,5.856e-14,2.672e-1,,,2.797e-21,7.352e-17,1.068e-1,1.193e-28,,7.954e-22,1.532e-5,1.280e-16,1.353e-11,,4.599e-19,7.623e-1,6.222e-10,,,,,1.623e-18,,,,,,,,,,,,,,
698.73,1.113e+0,5.487e-20,7.648e-27,8.254e-42,1.328e-17,,,1.357e-18,1.067e-19,,2.600e-16,4.239e-17,1.979e-24,3.090e-2,2.424e-20,6.711e-15,7.667e-19,,,,3.112e-18,2.894e-37,1.779e-17,,8.141e-14,2.422e-1,,,2.799e-21,7.356e-17,1.071e-1,1.193e-28,,7.957e-22,1.999e-5,1.280e-16,2.070e-11,,4.578e-19,7.329e-1,9.270e-10,,,,,1.620e-18,,,,,,,,,,,,,,
698.75,1.081e+0,5.483e-20,7.592e-27,8.259e-42,1.328e-17,,,1.357e-18,1.068e-19,,2.599e-16,4.276e-17,2.677e-24,3.520e-2,2.420e-20,6.762e-15,7.878e-19,,,,3.112e-18,2.892e-37,1.781e-17,,1.012e-13,2.264e-1,,,2.800e-21,7.358e-17,1.071e-1,1.193e-28,,7.958e-22,2.381e-5,1.280e-16,2.743e-11,,4.564e-19,7.124e-1,1.207e-9,,,,,1.619e-18,,,,,,,,,,,,,,
698.77,1.050e+0,5.480e-20,7.536e-27,8.263e-42,1.328e-17,,,1.357e-18,1.068e-19,,2.597e-16,4.313e-17,3.616e-24,4.005e-2,2.417e-20,6.804e-15,8.089e-19,,,,3.113e-18,2.889e-37,1.784e-17,,1.256e-13,2.114e-1,,,2.800e-21,7.360e-17,1.069e-1,1.193e-28,,7.960e-22,2.833e-5,1.280e-16,3.629e-11,,4.551e-19,6.915e-1,1.569e-9,,,,,1.617e-18,,,,,,,,,,,,,,
698.8,1.004e+0,5.475e-20,7.452e-27,8.270e-42,1.329e-17,,,1.357e-18,1.068e-19,,2.595e-16,4.369e-17,5.660e-24,4.846e-2,2.411e-20,6.849e-15,8.405e-19,,,,3.113e-18,2.886e-37,1.788e-17,,1.732e-13,1.901e-1,,,2.802e-21,7.363e-17,1.064e-1,1.193e-28,,7.962e-22,3.665e-5,1.280e-16,5.507e-11,,4.530e-19,6.593e-1,2.318e-9,,,,,1.615e-18,,,,,,,,,,,,,,
698.82,9.749e-1,5.471e-20,7.396e-27,8.274e-42,1.329e-17,,,1.357e-18,1.069e-19,,2.594e-16,4.406e-17,7.616e-24,5.492e-2,2.408e-20,6.866e-15,8.616e-19,,,,3.114e-18,2.884e-37,1.791e-17,,2.142e-13,1.767e-1,,,2.803e-21,7.366e-17,1.058e-1,1.193e-28,,7.964e-22,4.343e-5,1.281e-16,7.258e-11,,4.516e-19,6.375e-1,3.002e-9,,,,,1.613e-18,,,,,,,,,,,,,,
698.85,9.330e-1,5.466e-20,7.312e-27,8.281e-42,1.330e-17,,,1.357e-18,1.069e-19,,2.592e-16,4.461e-17,1.185e-23,6.608e-2,2.403e-20,6.873e-15,8.932e-19,,,,3.114e-18,2.880e-37,1.795e-17,,2.936e-13,1.580e-1,,,2.804e-21,7.369e-17,1.046e-1,1.193e-28,,7.966e-22,5.586e-5,1.281e-16,1.095e-10,,4.495e-19,6.042e-1,4.411e-9,,,,,1.610e-18,,,,,,,,,,,,,,
698.87,9.066e-1,5.463e-20,7.256e-27,8.286e-42,1.330e-17,,,1.357e-18,1.070e-19,,2.591e-16,4.498e-17,1.589e-23,7.461e-2,2.399e-20,6.866e-15,9.143e-19,,,,3.115e-18,2.878e-37,1.797e-17,,3.616e-13,1.464e-1,,,2.805e-21,7.371e-17,1.036e-1,1.193e-28,,7.968e-22,6.593e-5,1.281e-16,1.438e-10,,4.482e-19,5.819e-1,5.689e-9,,,,,1.609e-18,,,,,,,,,,,,,,
698.9,8.697e-1,5.458e-20,7.172e-27,8.293e-42,1.331e-17,,,1.357e-18,1.070e-19,,2.589e-16,4.553e-17,2.458e-23,8.927e-2,2.394e-20,6.837e-15,9.460e-19,,,,3.115e-18,2.874e-37,1.801e-17,,4.928e-13,1.301e-1,,,2.806e-21,7.374e-17,1.019e-1,1.193e-28,,7.971e-22,8.431e-5,1.281e-16,2.156e-10,,4.461e-19,5.483e-1,8.310e-9,,,,,1.606e-18,,,,,,,,,,,,,,
698.92,8.471e-1,5.455e-20,7.116e-27,8.297e-42,1.331e-17,,,1.357e-18,1.070e-19,,2.588e-16,4.590e-17,3.282e-23,1.004e-1,2.390e-20,6.806e-15,9.671e-19,,,,3.116e-18,2.872e-37,1.804e-17,,6.046e-13,1.200e-1,,,2.807e-21,7.377e-17,1.005e-1,1.193e-28,,7.972e-22,9.913e-5,1.282e-16,2.820e-10,,4.447e-19,5.260e-1,1.068e-8,,,,,1.604e-18,,,,,,,,,,,,,,
698.95,8.167e-1,5.450e-20,7.032e-27,8.304e-42,1.331e-17,,,1.357e-18,1.071e-19,,2.586e-16,4.646e-17,5.049e-23,1.195e-1,2.385e-20,6.743e-15,9.987e-19,,,,3.116e-18,2.868e-37,1.808e-17,,8.192e-13,1.061e-1,,,2.809e-21,7.380e-17,9.824e-2,1.194e-28,,7.975e-22,1.260e-4,1.282e-16,4.205e-10,,4.427e-19,4.928e-1,1.551e-8,,,,,1.602e-18,,,,,,,,,,,,,,
698.97,7.990e-1,5.446e-20,6.976e-27,8.309e-42,1.332e-17,,,1.357e-18,1.071e-19,,2.584e-16,4.683e-17,6.715e-23,1.339e-1,2.381e-20,6.691e-15,1.020e-18,,,,3.116e-18,2.866e-37,1.810e-17,,1.001e-12,9.750e-2,,,2.810e-21,7.382e-17,9.656e-2,1.194e-28,,7.976e-22,1.476e-4,1.282e-16,5.479e-10,,4.413e-19,4.708e-1,1.985e-8,,,,,1.600e-18,,,,,,,,,,,,,,
699,7.766e-1,5.441e-20,6.891e-27,8.315e-42,1.332e-17,,,1.357e-18,1.072e-19,,2.582e-16,4.738e-17,1.027e-22,1.584e-1,2.376e-20,6.598e-15,1.051e-18,,,,3.117e-18,2.862e-37,1.814e-17,,1.349e-12,8.567e-2,,,2.811e-21,7.385e-17,9.382e-2,1.194e-28,,7.979e-22,1.865e-4,1.282e-16,8.122e-10,,4.392e-19,4.385e-1,2.865e-8,,,,,1.598e-18,,,,,,,,,,,,,,
699.02,7.647e-1,5.438e-20,6.835e-27,8.320e-42,1.333e-17,,,1.356e-18,1.072e-19,,2.581e-16,4.775e-17,1.361e-22,1.769e-1,2.372e-20,6.526e-15,1.073e-18,,,,3.117e-18,2.860e-37,1.817e-17,,1.642e-12,7.844e-2,,,2.812e-21,7.388e-17,9.185e-2,1.194e-28,,7.980e-22,2.176e-4,1.282e-16,1.054e-9,,4.378e-19,4.174e-1,3.653e-8,,,,,1.596e-18,,,,,,,,,,,,,,
699.05,7.520e-1,5.433e-20,6.751e-27,8.327e-42,1.333e-17,,,1.356e-18,1.072e-19,,2.579e-16,4.831e-17,2.069e-22,2.081e-1,2.367e-20,6.407e-15,1.104e-18,,,,3.118e-18,2.856e-37,1.821e-17,,2.199e-12,6.852e-2,,,2.813e-21,7.391e-17,8.872e-2,1.194e-28,,7.983e-22,2.735e-4,1.283e-16,1.554e-9,,4.358e-19,3.864e-1,5.244e-8,,,,,1.594e-18,,,,,,,,,,,,,,
699.07,7.471e-1,5.429e-20,6.695e-27,8.331e-42,1.333e-17,,,1.356e-18,1.073e-19,,2.578e-16,4.868e-17,2.730e-22,2.315e-1,2.363e-20,6.320e-15,1.125e-18,,,,3.118e-18,2.854e-37,1.824e-17,,2.666e-12,6.249e-2,,,2.814e-21,7.393e-17,8.653e-2,1.194e-28,,7.985e-22,3.178e-4,1.283e-16,2.008e-9,,4.344e-19,3.663e-1,6.659e-8,,,,,1.592e-18,,,,,,,,,,,,,,
699.1,7.457e-1,5.424e-20,6.611e-27,8.338e-42,1.334e-17,,,1.356e-18,1.073e-19,,2.576e-16,4.923e-17,4.127e-22,2.708e-1,2.358e-20,6.181e-15,1.157e-18,,,,3.119e-18,2.851e-37,1.828e-17,,3.550e-12,5.428e-2,,,2.816e-21,7.396e-17,8.309e-2,1.194e-28,,7.987e-22,3.970e-4,1.283e-16,2.943e-9,,4.323e-19,3.372e-1,9.503e-8,,,,,1.589e-18,,,,,,,,,,,,,,
699.12,7.490e-1,5.421e-20,6.555e-27,8.343e-42,1.334e-17,,,1.356e-18,1.074e-19,,2.574e-16,4.960e-17,5.426e-22,3.001e-1,2.355e-20,6.082e-15,1.178e-18,,,,3.119e-18,2.848e-37,1.830e-17,,4.288e-12,4.931e-2,,,2.817e-21,7.399e-17,8.071e-2,1.194e-28,,7.989e-22,4.596e-4,1.283e-16,3.790e-9,,4.309e-19,3.184e-1,1.202e-7,,,,,1.588e-18,,,,,,,,,,,,,,
699.14,7.558e-1,5.417e-20,6.499e-27,8.347e-42,1.335e-17,,,1.356e-18,1.074e-19,,2.573e-16,4.997e-17,7.122e-22,3.321e-1,2.351e-20,5.981e-15,1.199e-18,,,,3.120e-18,2.846e-37,1.833e-17,,5.172e-12,4.473e-2,,,2.818e-21,7.401e-17,7.828e-2,1.194e-28,,7.990e-22,5.312e-4,1.283e-16,4.872e-9,,4.296e-19,3.002e-1,1.519e-7,,,,,1.586e-18,,,,,,,,,,,,,,
699.17,7.732e-1,5.412e-20,6.415e-27,1.418e-41,1.335e-17,,,1.356e-18,1.074e-19,,2.571e-16,5.052e-17,1.068e-21,3.854e-1,2.346e-20,5.823e-15,1.231e-18,,,,3.120e-18,2.842e-37,1.837e-17,,6.830e-12,3.854e-2,,,2.819e-21,7.404e-17,7.456e-2,1.194e-28,,7.993e-22,6.581e-4,1.284e-16,7.082e-9,,4.275e-19,2.740e-1,2.150e-7,,,,,1.584e-18,,,,,,,,,,,,,,
699.19,7.899e-1,5.409e-20,6.359e-27,2.016e-41,1.335e-17,,,1.356e-18,1.075e-19,,2.570e-16,5.089e-17,1.396e-21,4.249e-1,2.342e-20,5.717e-15,1.252e-18,,,,3.121e-18,2.840e-37,1.839e-17,,8.205e-12,3.483e-2,,,2.820e-21,7.406e-17,7.203e-2,1.194e-28,,7.994e-22,7.577e-4,1.284e-16,9.070e-9,,4.261e-19,2.574e-1,2.705e-7,,,,,1.582e-18,,,,,,,,,,,,,,
699.22,8.230e-1,5.404e-20,6.275e-27,3.406e-41,1.336e-17,,,1.356e-18,1.075e-19,,2.568e-16,5.145e-17,2.082e-21,4.905e-1,2.337e-20,5.555e-15,1.283e-18,,,,3.121e-18,2.836e-37,1.843e-17,,1.077e-11,2.983e-2,,,2.821e-21,7.410e-17,6.820e-2,1.194e-28,,7.997e-22,9.334e-4,1.284e-16,1.311e-8,,4.240e-19,2.336e-1,3.806e-7,,,,,1.579e-18,,,,,,,,,,,,,,
699.24,8.507e-1,5.401e-20,6.219e-27,4.821e-41,1.336e-17,,,1.356e-18,1.076e-19,,2.567e-16,5.182e-17,2.711e-21,5.387e-1,2.333e-20,5.448e-15,1.305e-18,,,,3.121e-18,2.834e-37,1.846e-17,,1.289e-11,2.685e-2,,,2.822e-21,7.412e-17,6.563e-2,1.194e-28,,7.999e-22,1.070e-3,1.284e-16,1.672e-8,,4.227e-19,2.185e-1,4.771e-7,,,,,1.578e-18,,,,,,,,,,,,,,
699.27,9.014e-1,5.396e-20,6.135e-27,8.098e-41,1.337e-17,,,1.356e-18,1.076e-19,,2.565e-16,5.237e-17,4.018e-21,6.183e-1,2.328e-20,5.290e-15,1.336e-18,,,,3.122e-18,2.830e-37,1.850e-17,,1.683e-11,2.287e-2,,,2.824e-21,7.415e-17,6.178e-2,1.194e-28,,8.001e-22,1.311e-3,1.285e-16,2.402e-8,,4.206e-19,1.971e-1,6.674e-7,,,,,1.575e-18,,,,,,,,,,,,,,
699.29,9.415e-1,5.392e-20,6.079e-27,1.142e-40,1.337e-17,,,1.356e-18,1.076e-19,,2.563e-16,5.274e-17,5.213e-21,6.766e-1,2.324e-20,5.187e-15,1.357e-18,,,,3.122e-18,2.828e-37,1.853e-17,,2.006e-11,2.051e-2,,,2.824e-21,7.417e-17,5.922e-2,1.194e-28,,8.003e-22,1.498e-3,1.285e-16,3.053e-8,,4.192e-19,1.837e-1,8.333e-7,,,,,1.573e-18,,,,,,,,,,,,,,
699.32,1.012e+0,5.387e-20,5.995e-27,1.907e-40,1.337e-17,,,1.356e-18,1.077e-19,,2.561e-16,5.330e-17,7.682e-21,7.723e-1,2.319e-20,5.040e-15,1.389e-18,,,,3.123e-18,2.825e-37,1.857e-17,,2.603e-11,1.736e-2,,,2.826e-21,7.421e-17,5.541e-2,1.194e-28,,8.005e-22,1.823e-3,1.285e-16,4.361e-8,,4.172e-19,1.647e-1,1.159e-6,,,,,1.571e-18,,,,,,,,,,,,,,
699.34,1.065e+0,5.384e-20,5.939e-27,2.679e-40,1.338e-17,,,1.356e-18,1.077e-19,,2.560e-16,5.367e-17,9.929e-21,8.419e-1,2.315e-20,4.946e-15,1.410e-18,,,,3.123e-18,2.822e-37,1.859e-17,,3.091e-11,1.551e-2,,,2.827e-21,7.423e-17,5.291e-2,1.194e-28,,8.007e-22,2.075e-3,1.285e-16,5.520e-8,,4.158e-19,1.529e-1,1.442e-6,,,,,1.569e-18,,,,,,,,,,,,,,
699.37,1.157e+0,5.379e-20,5.855e-27,4.448e-40,1.338e-17,,,1.356e-18,1.078e-19,,2.558e-16,5.422e-17,1.455e-20,9.557e-1,2.310e-20,4.816e-15,1.442e-18,,,,3.124e-18,2.819e-37,1.863e-17,,3.989e-11,1.306e-2,,,2.828e-21,7.426e-17,4.922e-2,1.194e-28,,8.009e-22,2.511e-3,1.286e-16,7.839e-8,,4.137e-19,1.363e-1,1.994e-6,,,,,1.567e-18,,,,,,,,,,,,,,
699.39,1.225e+0,5.375e-20,5.799e-27,6.225e-40,1.339e-17,,,1.356e-18,1.078e-19,,2.557e-16,5.459e-17,1.873e-20,1.038e+0,2.306e-20,4.736e-15,1.463e-18,,,,3.124e-18,2.816e-37,1.866e-17,,4.718e-11,1.162e-2,,,2.829e-21,7.428e-17,4.681e-2,1.194e-28,,8.011e-22,2.847e-3,1.286e-16,9.885e-8,,4.123e-19,1.261e-1,2.470e-6,,,,,1.565e-18,,,,,,,,,,,,,,
699.42,1.340e+0,5.370e-20,5.715e-27,1.028e-39,1.339e-17,,,1.356e-18,1.079e-19,,2.555e-16,5.514e-17,2.727e-20,1.172e+0,2.301e-20,4.629e-15,1.494e-18,,,,3.125e-18,2.813e-37,1.870e-17,,6.051e-11,9.723e-3,,,2.830e-21,7.432e-17,4.329e-2,1.194e-28,,8.013e-22,3.426e-3,1.286e-16,1.396e-7,,4.103e-19,1.117e-1,3.396e-6,,,,,1.563e-18,,,,,,,,,,,,,,
699.44,1.424e+0,5.367e-20,5.659e-27,1.433e-39,1.339e-17,,,1.355e-18,1.079e-19,,2.553e-16,5.551e-17,3.498e-20,1.268e+0,2.298e-20,4.567e-15,1.516e-18,,,,3.125e-18,2.810e-37,1.872e-17,,7.130e-11,8.618e-3,,,2.831e-21,7.434e-17,4.101e-2,1.194e-28,,8.015e-22,3.868e-3,1.286e-16,1.753e-7,,4.089e-19,1.029e-1,4.190e-6,,,,,1.561e-18,,,,,,,,,,,,,,
699.47,1.563e+0,5.362e-20,5.575e-27,2.351e-39,1.340e-17,,,1.355e-18,1.079e-19,,2.551e-16,5.607e-17,5.065e-20,1.423e+0,2.292e-20,4.489e-15,1.547e-18,,,,3.126e-18,2.807e-37,1.876e-17,,9.092e-11,7.172e-3,,,2.833e-21,7.437e-17,3.771e-2,1.195e-28,,8.018e-22,4.628e-3,1.286e-16,2.461e-7,,4.068e-19,9.067e-2,5.728e-6,,,,,1.558e-18,,,,,,,,,,,,,,
699.49,1.665e+0,5.358e-20,5.519e-27,3.265e-39,1.340e-17,,,1.355e-18,1.080e-19,,2.550e-16,5.644e-17,6.470e-20,1.534e+0,2.289e-20,4.448e-15,1.568e-18,,,,3.126e-18,2.805e-37,1.879e-17,,1.067e-10,6.332e-3,,,2.834e-21,7.439e-17,3.558e-2,1.195e-28,,8.019e-22,5.205e-3,1.287e-16,3.079e-7,,4.054e-19,8.318e-2,7.041e-6,,,,,1.557e-18,,,,,,,,,,,,,,
699.51,1.773e+0,5.355e-20,5.463e-27,4.527e-39,1.341e-17,,,1.355e-18,1.080e-19,,2.549e-16,5.681e-17,8.253e-20,1.652e+0,2.285e-20,4.416e-15,1.589e-18,,,,3.126e-18,2.802e-37,1.882e-17,,1.251e-10,5.583e-3,,,2.835e-21,7.441e-17,3.352e-2,1.195e-28,,8.021e-22,5.845e-3,1.287e-16,3.847e-7,,4.041e-19,7.618e-2,8.642e-6,,,,,1.555e-18,,,,,,,,,,,,,,
699.54,1.948e+0,5.350e-20,5.378e-27,7.369e-39,1.341e-17,,,1.355e-18,1.080e-19,,2.547e-16,5.736e-17,1.185e-19,1.840e+0,2.280e-20,4.385e-15,1.621e-18,,,,3.127e-18,2.799e-37,1.886e-17,,1.582e-10,4.608e-3,,,2.836e-21,7.445e-17,3.057e-2,1.195e-28,,8.023e-22,6.936e-3,1.287e-16,5.356e-7,,4.020e-19,6.658e-2,1.172e-5,,,,,1.553e-18,,,,,,,,,,,,,,
699.56,2.074e+0,5.347e-20,5.322e-27,1.018e-38,1.341e-17,,,1.355e-18,1.081e-19,,2.546e-16,5.773e-17,1.506e-19,1.973e+0,2.276e-20,4.377e-15,1.642e-18,,,,3.127e-18,2.796e-37,1.888e-17,,1.846e-10,4.047e-3,,,2.837e-21,7.447e-17,2.869e-2,1.195e-28,,8.025e-22,7.759e-3,1.287e-16,6.665e-7,,4.006e-19,6.074e-2,1.433e-5,,,,,1.551e-18,,,,,,,,,,,,,,
699.59,2.277e+0,5.342e-20,5.238e-27,1.647e-38,1.342e-17,,,1.355e-18,1.081e-19,,2.544e-16,5.829e-17,2.151e-19,2.185e+0,2.271e-20,4.384e-15,1.674e-18,,,,3.128e-18,2.793e-37,1.892e-17,,2.322e-10,3.321e-3,,,2.838e-21,7.450e-17,2.601e-2,1.195e-28,,8.027e-22,9.153e-3,1.288e-16,9.226e-7,,3.985e-19,5.277e-2,1.931e-5,,,,,1.548e-18,,,,,,,,,,,,,,
699.61,2.420e+0,5.338e-20,5.182e-27,2.266e-38,1.342e-17,,,1.355e-18,1.082e-19,,2.542e-16,5.865e-17,2.722e-19,2.335e+0,2.267e-20,4.402e-15,1.695e-18,,,,3.128e-18,2.790e-37,1.895e-17,,2.700e-10,2.906e-3,,,2.839e-21,7.452e-17,2.431e-2,1.195e-28,,8.029e-22,1.020e-2,1.288e-16,1.144e-6,,3.972e-19,4.796e-2,2.352e-5,,,,,1.547e-18,,,,,,,,,,,,,,
699.64,2.650e+0,5.333e-20,5.098e-27,3.647e-38,1.343e-17,,,1.355e-18,1.082e-19,,2.540e-16,9.971e-17,3.865e-19,2.572e+0,2.262e-20,4.448e-15,1.726e-18,,,,3.129e-18,2.787e-37,1.899e-17,,3.375e-10,2.371e-3,,,2.841e-21,7.456e-17,2.191e-2,1.195e-28,,8.032e-22,1.196e-2,1.288e-16,1.574e-6,,3.951e-19,4.142e-2,3.152e-5,,,,,1.544e-18,,,,,,,,,,,,,,
699.66,2.811e+0,5.330e-20,5.042e-27,4.998e-38,1.343e-17,,,1.355e-18,1.082e-19,,2.539e-16,1.418e-16,4.872e-19,2.738e+0,2.258e-20,4.492e-15,1.748e-18,,,,3.129e-18,2.784e-37,1.901e-17,,3.910e-10,2.066e-3,,,2.842e-21,7.458e-17,2.040e-2,1.195e-28,,8.033e-22,1.328e-2,1.288e-16,1.944e-6,,3.937e-19,3.749e-2,3.823e-5,,,,,1.542e-18,,,,,,,,,,,,,,
699.69,3.067e+0,5.325e-20,4.958e-27,7.996e-38,1.344e-17,,,1.355e-18,1.083e-19,,2.537e-16,2.396e-16,6.878e-19,2.999e+0,2.253e-20,4.576e-15,1.779e-18,,,,3.130e-18,2.781e-37,1.905e-17,,4.859e-10,1.676e-3,,,2.843e-21,7.461e-17,1.828e-2,1.195e-28,,8.036e-22,1.548e-2,1.288e-16,2.659e-6,,3.917e-19,3.219e-2,5.094e-5,,,,,1.540e-18,,,,,,,,,,,,,,
699.71,3.246e+0,5.321e-20,4.902e-27,1.092e-37,1.344e-17,,,1.355e-18,1.083e-19,,2.536e-16,3.393e-16,8.637e-19,3.181e+0,2.250e-20,4.645e-15,1.800e-18,,,,3.130e-18,2.779e-37,1.908e-17,,5.607e-10,1.455e-3,,,2.844e-21,7.463e-17,1.695e-2,1.195e-28,,8.037e-22,1.712e-2,1.289e-16,3.271e-6,,3.903e-19,2.903e-2,6.156e-5,,,,,1.538e-18,,,,,,,,,,,,,,
699.74,3.526e+0,5.316e-20,4.818e-27,1.736e-37,1.344e-17,,,1.355e-18,1.084e-19,,2.534e-16,5.701e-16,1.212e-18,3.465e+0,2.244e-20,4.767e-15,1.832e-18,,,,3.131e-18,2.775e-37,1.912e-17,,6.928e-10,1.174e-3,,,2.845e-21,7.467e-17,1.510e-2,1.195e-28,,8.040e-22,1.984e-2,1.289e-16,4.450e-6,,3.882e-19,2.478e-2,8.154e-5,,,,,1.536e-18,,,,,,,,,,,,,,
699.76,3.721e+0,5.313e-20,4.762e-27,2.362e-37,1.345e-17,,,1.355e-18,1.084e-19,,2.532e-16,8.043e-16,1.516e-18,3.661e+0,2.241e-20,4.860e-15,1.853e-18,,,,3.131e-18,2.773e-37,1.915e-17,,7.963e-10,1.015e-3,,,2.846e-21,7.469e-17,1.395e-2,1.195e-28,,8.041e-22,2.185e-2,1.289e-16,5.452e-6,,3.868e-19,2.225e-2,9.816e-5,,,,,1.534e-18,,,,,,,,,,,,,,
699.79,4.024e+0,5.308e-20,4.678e-27,3.735e-37,1.345e-17,,,1.355e-18,1.085e-19,,2.531e-16,1.344e-15,2.116e-18,3.966e+0,2.235e-20,5.016e-15,1.885e-18,,,,3.132e-18,2.769e-37,1.918e-17,,9.782e-10,8.139e-4,,,2.848e-21,7.472e-17,1.235e-2,1.195e-28,,8.044e-22,2.519e-2,1.289e-16,7.374e-6,,3.848e-19,1.889e-2,1.293e-4,,,,,1.532e-18,,,,,,,,,,,,,,
699.81,4.232e+0,5.304e-20,4.622e-27,5.059e-37,1.345e-17,,,1.355e-18,1.085e-19,,2.529e-16,1.888e-15,2.636e-18,4.176e+0,2.232e-20,5.131e-15,1.906e-18,,,,3.132e-18,2.767e-37,1.921e-17,,1.120e-9,7.012e-4,,,2.848e-21,7.474e-17,1.137e-2,1.195e-28,,8.046e-22,2.763e-2,1.289e-16,9.000e-6,,3.834e-19,1.689e-2,1.550e-4,,,,,1.530e-18,,,,,,,,,,,,,,
699.84,4.555e+0,5.299e-20,4.538e-27,7.955e-37,1.346e-17,,,1.355e-18,1.085e-19,,2.527e-16,3.137e-15,3.657e-18,4.498e+0,2.226e-20,5.317e-15,1.937e-18,,,,3.132e-18,2.763e-37,1.925e-17,,1.368e-9,5.590e-4,,,2.850e-21,7.478e-17,1.001e-2,1.195e-28,,8.048e-22,3.166e-2,1.290e-16,1.210e-5,,3.813e-19,1.425e-2,2.030e-4,,,,,1.527e-18,,,,,,,,,,,,,,
699.86,4.776e+0,5.296e-20,4.482e-27,1.074e-36,1.346e-17,,,1.355e-18,1.086e-19,,2.526e-16,4.391e-15,4.540e-18,4.718e+0,2.223e-20,5.449e-15,1.959e-18,,,,3.133e-18,2.761e-37,1.928e-17,,1.560e-9,4.797e-4,,,2.851e-21,7.480e-17,9.174e-3,1.195e-28,,8.050e-22,3.460e-2,1.290e-16,1.471e-5,,3.799e-19,1.270e-2,2.424e-4,,,,,1.526e-18,,,,,,,,,,,,,,
699.88,5.000e+0,5.293e-20,4.426e-27,1.447e-36,1.347e-17,,,1.354e-18,1.086e-19,,2.525e-16,6.137e-15,5.627e-18,4.942e+0,2.219e-20,5.588e-15,1.980e-18,,,,3.133e-18,2.759e-37,1.930e-17,,1.776e-9,4.111e-4,,,2.852e-21,7.482e-17,8.396e-3,1.195e-28,,8.051e-22,3.775e-2,1.290e-16,1.786e-5,,3.786e-19,1.130e-2,2.891e-4,,,,,1.524e-18,,,,,,,,,,,,,,
699.91,5.343e+0,5.288e-20,4.342e-27,2.256e-36,1.347e-17,,,1.354e-18,1.086e-19,,2.523e-16,1.011e-14,7.742e-18,5.282e+0,2.214e-20,5.807e-15,2.011e-18,,,,3.134e-18,2.755e-37,1.934e-17,,2.152e-9,3.251e-4,,,2.853e-21,7.485e-17,7.331e-3,1.195e-28,,8.054e-22,4.290e-2,1.290e-16,2.382e-5,,3.765e-19,9.455e-3,3.755e-4,,,,,1.521e-18,,,,,,,,,,,,,,
699.93,5.575e+0,5.284e-20,4.286e-27,3.028e-36,1.347e-17,,,1.354e-18,1.087e-19,,2.521e-16,1.408e-14,9.558e-18,5.512e+0,2.210e-20,5.958e-15,2.032e-18,,,,3.134e-18,2.753e-37,1.937e-17,,2.440e-9,2.775e-4,,,2.854e-21,7.488e-17,6.683e-3,1.195e-28,,8.055e-22,4.663e-2,1.291e-16,2.880e-5,,3.751e-19,8.379e-3,4.461e-4,,,,,1.520e-18,,,,,,,,,,,,,,
699.96,5.926e+0,5.279e-20,4.202e-27,4.695e-36,1.348e-17,,,1.354e-18,1.087e-19,,2.519e-16,2.306e-14,1.307e-17,5.859e+0,2.205e-20,6.192e-15,2.064e-18,,,,3.135e-18,2.749e-37,1.941e-17,,2.939e-9,2.182e-4,,,2.855e-21,7.491e-17,5.800e-3,1.195e-28,,8.058e-22,5.268e-2,1.291e-16,3.819e-5,,3.730e-19,6.970e-3,5.759e-4,,,,,1.517e-18,,,,,,,,,,,,,,
699.98,6.161e+0,5.276e-20,4.146e-27,6.278e-36,1.348e-17,,,1.354e-18,1.088e-19,,2.518e-16,3.199e-14,1.608e-17,6.092e+0,2.201e-20,6.351e-15,2.085e-18,,,,3.135e-18,2.747e-37,1.943e-17,,3.321e-9,1.855e-4,,,2.856e-21,7.493e-17,5.267e-3,1.196e-28,,8.060e-22,5.703e-2,1.291e-16,4.601e-5,,3.717e-19,6.153e-3,6.816e-4,,,,,1.516e-18,,,,,,,,,,,,,,
700.01,6.514e+0,5.271e-20,4.062e-27,9.678e-36,1.349e-17,,,1.354e-18,1.088e-19,,2.516e-16,5.210e-14,2.187e-17,6.440e+0,2.196e-20,6.592e-15,2.117e-18,,,,3.136e-18,2.743e-37,1.947e-17,,3.976e-9,1.450e-4,,,2.858e-21,7.496e-17,4.545e-3,1.196e-28,,8.062e-22,6.406e-2,1.291e-16,6.065e-5,,3.696e-19,5.088e-3,8.749e-4,,,,,1.513e-18,,,,,,,,,,,,,,
700.03,6.749e+0,5.267e-20,4.006e-27,1.289e-35,1.349e-17,,,1.354e-18,1.088e-19,,2.515e-16,7.198e-14,2.679e-17,6.670e+0,2.193e-20,6.754e-15,2.138e-18,,,,3.136e-18,2.741e-37,1.950e-17,,4.475e-9,1.228e-4,,,2.859e-21,7.499e-17,4.111e-3,1.196e-28,,8.064e-22,6.909e-2,1.291e-16,7.277e-5,,3.682e-19,4.474e-3,1.031e-3,,,,,1.511e-18,,,,,,,,,,,,,,
700.06,7.098e+0,5.262e-20,6.805e-27,1.976e-35,1.350e-17,,,1.354e-18,1.089e-19,,2.513e-16,1.166e-13,3.622e-17,7.012e+0,2.187e-20,6.995e-15,2.169e-18,,,,3.137e-18,2.737e-37,1.954e-17,,5.327e-9,9.548e-5,,,2.860e-21,7.502e-17,3.527e-3,1.196e-28,,8.066e-22,7.715e-2,1.292e-16,9.537e-5,,3.662e-19,3.678e-3,1.316e-3,,,,,1.509e-18,,,,,,,,,,,,,,
700.08,7.327e+0,5.259e-20,9.670e-27,2.621e-35,1.350e-17,,,1.354e-18,1.089e-19,,2.512e-16,1.604e-13,4.421e-17,7.236e+0,2.184e-20,7.154e-15,2.191e-18,,,,3.137e-18,2.735e-37,1.957e-17,,5.972e-9,8.056e-5,,,2.861e-21,7.504e-17,3.178e-3,1.196e-28,,8.068e-22,8.288e-2,1.292e-16,1.140e-4,,3.648e-19,3.221e-3,1.546e-3,,,,,1.507e-18,,,,,,,,,,,,,,
700.11,7.665e+0,5.254e-20,1.633e-26,3.994e-35,1.350e-17,,,1.354e-18,1.090e-19,,2.510e-16,2.583e-13,5.943e-17,7.565e+0,2.178e-20,7.387e-15,2.222e-18,,,,3.137e-18,2.731e-37,1.961e-17,,7.069e-9,6.226e-5,,,2.862e-21,7.507e-17,2.710e-3,1.196e-28,,8.070e-22,9.201e-2,1.292e-16,1.485e-4,,3.627e-19,2.632e-3,1.961e-3,,,,,1.505e-18,,,,,,,,,,,,,,
700.13,7.884e+0,5.251e-20,2.312e-26,5.279e-35,1.351e-17,,,1.354e-18,1.090e-19,,2.508e-16,3.541e-13,7.224e-17,7.778e+0,2.175e-20,7.537e-15,2.243e-18,,,,3.138e-18,2.729e-37,1.963e-17,,7.893e-9,5.233e-5,,,2.863e-21,7.510e-17,2.432e-3,1.196e-28,,8.072e-22,9.846e-2,1.292e-16,1.769e-4,,3.613e-19,2.297e-3,2.294e-3,,,,,1.503e-18,,,,,,,,,,,,,,
700.16,8.203e+0,5.245e-20,3.883e-26,7.999e-35,1.351e-17,,,1.354e-18,1.091e-19,,2.506e-16,5.668e-13,9.655e-17,8.087e+0,2.169e-20,7.754e-15,2.275e-18,,,,3.138e-18,2.725e-37,1.967e-17,,9.288e-9,4.021e-5,,,2.865e-21,7.513e-17,2.062e-3,1.196e-28,,8.074e-22,1.087e-1,1.293e-16,2.291e-4,,3.593e-19,1.866e-3,2.893e-3,,,,,1.501e-18,,,,,,,,,,,,,,
700.18,8.407e+0,5.242e-20,5.475e-26,1.053e-34,1.352e-17,,,1.354e-18,1.091e-19,,2.505e-16,7.740e-13,1.169e-16,8.284e+0,2.166e-20,7.892e-15,2.296e-18,,,,3.139e-18,2.723e-37,1.970e-17,,1.033e-8,3.366e-5,,,2.866e-21,7.515e-17,1.843e-3,1.196e-28,,8.076e-22,1.158e-1,1.293e-16,2.717e-4,,3.579e-19,1.621e-3,3.371e-3,,,,,1.499e-18,,,,,,,,,,,,,,
700.21,8.700e+0,5.237e-20,9.142e-26,1.586e-34,1.352e-17,,,1.354e-18,1.091e-19,,2.503e-16,1.232e-12,1.554e-16,8.565e+0,2.161e-20,8.085e-15,2.328e-18,,,,3.139e-18,2.720e-37,1.974e-17,,1.209e-8,2.572e-5,,,2.867e-21,7.518e-17,1.553e-3,1.196e-28,,8.078e-22,1.271e-1,1.293e-16,3.500e-4,,3.558e-19,1.310e-3,4.228e-3,,,,,1.496e-18,,,,,,,,,,,,,,
700.23,8.884e+0,5.234e-20,1.284e-25,2.080e-34,1.352e-17,,,1.354e-18,1.092e-19,,2.502e-16,1.676e-12,1.874e-16,8.741e+0,2.157e-20,8.205e-15,2.349e-18,,,,3.140e-18,2.717e-37,1.976e-17,,1.339e-8,2.145e-5,,,2.868e-21,7.521e-17,1.383e-3,1.196e-28,,8.080e-22,1.350e-1,1.293e-16,4.135e-4,,3.544e-19,1.134e-3,4.907e-3,,,,,1.495e-18,,,,,,,,,,,,,,
700.26,9.144e+0,5.229e-20,2.132e-25,3.115e-34,1.353e-17,,,1.354e-18,1.092e-19,,2.500e-16,2.652e-12,2.476e-16,8.988e+0,2.152e-20,8.370e-15,2.380e-18,,,,3.140e-18,2.714e-37,1.980e-17,,1.558e-8,1.629e-5,,,2.869e-21,7.524e-17,1.159e-3,1.196e-28,,8.083e-22,1.472e-1,1.294e-16,5.294e-4,,3.524e-19,9.103e-4,6.118e-3,,,,,1.492e-18,,,,,,,,,,,,,,
700.28,9.304e+0,5.225e-20,2.983e-25,4.070e-34,1.353e-17,,,1.354e-18,1.092e-19,,2.498e-16,3.594e-12,2.975e-16,9.139e+0,2.148e-20,8.468e-15,2.402e-18,,,,3.141e-18,2.711e-37,1.983e-17,,1.719e-8,1.354e-5,,,2.870e-21,7.526e-17,1.028e-3,1.196e-28,,8.084e-22,1.557e-1,1.294e-16,6.230e-4,,3.510e-19,7.849e-4,7.074e-3,,,,,1.490e-18,,,,,,,,,,,,,,
700.3,9.454e+0,5.222e-20,4.168e-25,5.309e-34,1.353e-17,,,1.353e-18,1.093e-19,,2.497e-16,4.863e-12,3.569e-16,9.279e+0,2.145e-20,8.557e-15,2.423e-18,,,,3.141e-18,2.709e-37,1.986e-17,,1.895e-8,1.123e-5,,,2.871e-21,7.528e-17,9.105e-4,1.196e-28,,8.086e-22,1.644e-1,1.294e-16,7.321e-4,,3.496e-19,6.756e-4,8.166e-3,,,,,1.489e-18,,,,,,,,,,,,,,
700.33,9.657e+0,5.217e-20,6.863e-25,7.887e-34,1.354e-17,,,1.353e-18,1.093e-19,,2.495e-16,7.632e-12,4.676e-16,9.467e+0,2.139e-20,8.672e-15,2.454e-18,,,,3.141e-18,2.705e-37,1.990e-17,,2.185e-8,8.460e-6,,,2.872e-21,7.532e-17,7.566e-4,1.196e-28,,8.088e-22,1.779e-1,1.294e-16,9.298e-4,,3.475e-19,5.381e-4,1.010e-2,,,,,1.486e-18,,,,,,,,,,,,,,
700.35,9.778e+0,5.213e-20,9.552e-25,1.025e-33,1.354e-17,,,1.353e-18,1.094e-19,,2.494e-16,1.029e-11,5.589e-16,9.577e+0,2.136e-20,8.736e-15,2.475e-18,,,,3.142e-18,2.703e-37,1.992e-17,,2.399e-8,6.991e-6,,,2.873e-21,7.534e-17,6.675e-4,1.196e-28,,8.090e-22,1.872e-1,1.294e-16,1.088e-3,,3.462e-19,4.614e-4,1.161e-2,,,,,1.485e-18,,,,,,,,,,,,,,
700.38,9.934e+0,5.208e-20,1.564e-24,1.514e-33,1.355e-17,,,1.353e-18,1.094e-19,,2.492e-16,1.605e-11,7.280e-16,9.716e+0,2.130e-20,8.812e-15,2.507e-18,,,,3.142e-18,2.700e-37,1.996e-17,,2.751e-8,5.237e-6,,,2.875e-21,7.537e-17,5.514e-4,1.196e-28,,8.092e-22,2.013e-1,1.295e-16,1.374e-3,,3.441e-19,3.653e-4,1.428e-2,,,,,1.482e-18,,,,,,,,,,,,,,
700.4,1.002e+1,5.205e-20,2.168e-24,1.959e-33,1.355e-17,,,1.353e-18,1.094e-19,,2.491e-16,2.155e-11,8.667e-16,9.792e+0,2.127e-20,8.849e-15,2.528e-18,,,,3.143e-18,2.697e-37,1.999e-17,,3.009e-8,4.311e-6,,,2.876e-21,7.539e-17,4.845e-4,1.196e-28,,8.094e-22,2.110e-1,1.295e-16,1.602e-3,,3.427e-19,3.120e-4,1.636e-2,,,,,1.480e-18,,,,,,,,,,,,,,
700.43,1.013e+1,5.200e-20,3.529e-24,2.877e-33,1.356e-17,,,1.353e-18,1.095e-19,,2.489e-16,3.344e-11,1.123e-15,9.880e+0,2.121e-20,8.885e-15,2.560e-18,,,,3.143e-18,2.694e-37,2.003e-17,,3.431e-8,3.210e-6,,,2.877e-21,7.543e-17,3.979e-4,1.196e-28,,8.097e-22,2.256e-1,1.295e-16,2.012e-3,,3.407e-19,2.456e-4,1.999e-2,,,,,1.478e-18,,,,,,,,,,,,,,
700.45,1.018e+1,5.197e-20,4.874e-24,3.709e-33,1.356e-17,,,1.353e-18,1.095e-19,,2.487e-16,4.473e-11,1.331e-15,9.921e+0,2.118e-20,8.895e-15,2.581e-18,,,,3.144e-18,2.691e-37,2.005e-17,,3.737e-8,2.633e-6,,,2.878e-21,7.545e-17,3.483e-4,1.196e-28,,8.098e-22,2.355e-1,1.295e-16,2.336e-3,,3.393e-19,2.089e-4,2.281e-2,,,,,1.476e-18,,,,,,,,,,,,,,
700.48,1.024e+1,5.192e-20,7.888e-24,5.415e-33,1.356e-17,,,1.353e-18,1.096e-19,,2.485e-16,6.899e-11,1.714e-15,9.955e+0,2.112e-20,8.891e-15,2.613e-18,,,,3.144e-18,2.688e-37,2.009e-17,,4.236e-8,1.949e-6,,,2.879e-21,7.548e-17,2.844e-4,1.196e-28,,8.101e-22,2.504e-1,1.296e-16,2.916e-3,,3.372e-19,1.635e-4,2.772e-2,,,,,1.474e-18,,,,,,,,,,,,,,
700.5,1.025e+1,5.188e-20,1.085e-23,6.955e-33,1.357e-17,,,1.353e-18,1.096e-19,,2.484e-16,9.193e-11,2.025e-15,9.959e+0,2.109e-20,8.875e-15,2.634e-18,,,,3.145e-18,2.685e-37,2.012e-17,,4.596e-8,1.592e-6,,,2.880e-21,7.550e-17,2.479e-4,1.197e-28,,8.102e-22,2.603e-1,1.296e-16,3.374e-3,,3.358e-19,1.385e-4,3.151e-2,,,,,1.472e-18,,,,,,,,,,,,,,
700.53,1.025e+1,5.183e-20,1.746e-23,1.010e-32,1.357e-17,,,1.353e-18,1.097e-19,,2.482e-16,1.410e-10,2.592e-15,9.937e+0,2.104e-20,8.834e-15,2.665e-18,,,,3.145e-18,2.682e-37,2.016e-17,,5.180e-8,1.172e-6,,,2.882e-21,7.554e-17,2.012e-4,1.197e-28,,8.105e-22,2.752e-1,1.296e-16,4.186e-3,,3.338e-19,1.078e-4,3.807e-2,,,,,1.469e-18,,,,,,,,,,,,,,
700.55,1.024e+1,5.180e-20,2.393e-23,1.292e-32,1.358e-17,,,1.353e-18,1.097e-19,,2.481e-16,1.871e-10,3.050e-15,9.904e+0,2.100e-20,8.795e-15,2.686e-18,,,,3.146e-18,2.679e-37,2.019e-17,,5.598e-8,9.540e-7,,,2.883e-21,7.556e-17,1.748e-4,1.197e-28,,8.106e-22,2.850e-1,1.296e-16,4.825e-3,,3.324e-19,9.097e-5,4.310e-2,,,,,1.468e-18,,,,,,,,,,,,,,
700.58,1.019e+1,5.175e-20,3.829e-23,1.864e-32,1.358e-17,,,1.353e-18,1.097e-19,,2.479e-16,2.853e-10,3.883e-15,9.828e+0,2.095e-20,8.720e-15,2.718e-18,,,,3.146e-18,2.676e-37,2.023e-17,,6.272e-8,6.983e-7,,,2.884e-21,7.559e-17,1.410e-4,1.197e-28,,8.109e-22,2.995e-1,1.296e-16,5.952e-3,,3.303e-19,7.034e-5,5.178e-2,,,,,1.465e-18,,,,,,,,,,,,,,
700.6,1.013e+1,5.171e-20,5.227e-23,2.376e-32,1.358e-17,,,1.353e-18,1.098e-19,,2.477e-16,3.772e-10,4.551e-15,9.759e+0,2.091e-20,8.660e-15,2.739e-18,,,,3.146e-18,2.674e-37,2.025e-17,,6.753e-8,5.661e-7,,,2.885e-21,7.561e-17,1.220e-4,1.197e-28,,8.111e-22,3.090e-1,1.297e-16,6.833e-3,,3.289e-19,5.915e-5,5.840e-2,,,,,1.464e-18,,,,,,,,,,,,,,
700.63,1.003e+1,5.166e-20,8.314e-23,3.408e-32,1.359e-17,,,1.353e-18,1.098e-19,,2.476e-16,5.718e-10,5.759e-15,9.630e+0,2.086e-20,8.557e-15,2.771e-18,,,,3.147e-18,2.670e-37,2.029e-17,,7.522e-8,4.119e-7,,,2.886e-21,7.565e-17,9.787e-5,1.197e-28,,8.113e-22,3.228e-1,1.297e-16,8.380e-3,,3.269e-19,4.547e-5,6.974e-2,,,,,1.461e-18,,,,,,,,,,,,,,
700.65,9.948e+0,5.163e-20,1.131e-22,4.327e-32,1.359e-17,,,1.353e-18,1.099e-19,,2.474e-16,7.532e-10,6.724e-15,9.528e+0,2.082e-20,8.481e-15,2.792e-18,,,,3.147e-18,2.668e-37,2.032e-17,,8.068e-8,3.326e-7,,,2.887e-21,7.567e-17,8.433e-5,1.197e-28,,8.115e-22,3.317e-1,1.297e-16,9.584e-3,,3.255e-19,3.808e-5,7.835e-2,,,,,1.459e-18,,,,,,,,,,,,,,
700.67,9.852e+0,5.159e-20,1.535e-22,5.486e-32,1.360e-17,,,1.353e-18,1.099e-19,,2.473e-16,9.905e-10,7.840e-15,9.412e+0,2.079e-20,8.401e-15,2.813e-18,,,,3.148e-18,2.665e-37,2.034e-17,,8.639e-8,2.682e-7,,,2.888e-21,7.569e-17,7.255e-5,1.197e-28,,8.116e-22,3.403e-1,1.297e-16,1.094e-2,,3.241e-19,3.185e-5,8.788e-2,,,,,1.458e-18,,,,,,,,,,,,,,
700.7,9.686e+0,5.154e-20,2.422e-22,7.807e-32,1.360e-17,,,1.353e-18,1.099e-19,,2.471e-16,1.489e-9,9.840e-15,9.216e+0,2.073e-20,8.272e-15,2.845e-18,,,,3.148e-18,2.662e-37,2.038e-17,,9.544e-8,1.936e-7,,,2.889e-21,7.572e-17,5.772e-5,1.197e-28,,8.119e-22,3.527e-1,1.297e-16,1.331e-2,,3.221e-19,2.428e-5,1.041e-1,,,,,1.455e-18,,,,,,,,,,,,,,
700.72,9.562e+0,5.151e-20,3.277e-22,9.858e-32,1.360e-17,,,1.353e-18,1.100e-19,,2.470e-16,1.951e-9,1.143e-14,9.070e+0,2.070e-20,8.182e-15,2.866e-18,,,,3.149e-18,2.659e-37,2.041e-17,,1.018e-7,1.555e-7,,,2.890e-21,7.575e-17,4.947e-5,1.197e-28,,8.120e-22,3.605e-1,1.298e-16,1.514e-2,,3.207e-19,2.023e-5,1.163e-1,,,,,1.454e-18,,,,,,,,,,,,,,
700.75,9.359e+0,5.146e-20,5.140e-22,1.395e-31,1.361e-17,,,1.352e-18,1.100e-19,,2.468e-16,2.917e-9,1.426e-14,8.832e+0,2.064e-20,8.044e-15,2.897e-18,,,,3.149e-18,2.656e-37,2.045e-17,,1.118e-7,1.116e-7,,,2.892e-21,7.578e-17,3.913e-5,1.197e-28,,8.123e-22,3.714e-1,1.298e-16,1.831e-2,,3.186e-19,1.533e-5,1.370e-1,,,,,1.451e-18,,,,,,,,,,,,,,
700.77,9.212e+0,5.143e-20,6.926e-22,1.755e-31,1.361e-17,,,1.352e-18,1.100e-19,,2.466e-16,3.806e-9,1.650e-14,8.660e+0,2.061e-20,7.951e-15,2.918e-18,,,,3.150e-18,2.654e-37,2.048e-17,,1.188e-7,8.929e-8,,,2.893e-21,7.580e-17,3.340e-5,1.197e-28,,8.125e-22,3.781e-1,1.298e-16,2.075e-2,,3.172e-19,1.272e-5,1.525e-1,,,,,1.449e-18,,,,,,,,,,,,,,
700.8,8.976e+0,5.138e-20,1.080e-21,2.468e-31,1.362e-17,,,1.352e-18,1.101e-19,,2.464e-16,5.658e-9,2.047e-14,8.386e+0,2.056e-20,7.814e-15,2.950e-18,,,,3.150e-18,2.650e-37,2.052e-17,,1.297e-7,6.372e-8,,,2.894e-21,7.583e-17,2.626e-5,1.197e-28,,8.127e-22,3.872e-1,1.298e-16,2.495e-2,,3.152e-19,9.585e-6,1.785e-1,,,,,1.447e-18,,,,,,,,,,,,,,
700.82,8.811e+0,5.134e-20,1.450e-21,3.093e-31,1.362e-17,,,1.352e-18,1.101e-19,,2.463e-16,7.355e-9,2.358e-14,8.192e+0,2.052e-20,7.725e-15,2.971e-18,,,,3.151e-18,2.648e-37,2.054e-17,,1.373e-7,5.078e-8,,,2.895e-21,7.586e-17,2.233e-5,1.197e-28,,8.129e-22,3.927e-1,1.299e-16,2.816e-2,,3.138e-19,7.921e-6,1.979e-1,,,,,1.445e-18,,,,,,,,,,,,,,
700.85,8.552e+0,5.129e-20,2.248e-21,4.326e-31,1.362e-17,,,1.352e-18,1.102e-19,,2.461e-16,1.087e-8,2.909e-14,7.888e+0,2.047e-20,7.597e-15,3.003e-18,,,,3.151e-18,2.644e-37,2.058e-17,,1.491e-7,3.603e-8,,,2.896e-21,7.589e-17,1.746e-5,1.197e-28,,8.131e-22,3.999e-1,1.299e-16,3.366e-2,,3.117e-19,5.934e-6,2.304e-1,,,,,1.443e-18,,,,,,,,,,,,,,
700.87,8.374e+0,5.126e-20,3.006e-21,5.400e-31,1.363e-17,,,1.352e-18,1.102e-19,,2.460e-16,1.407e-8,3.339e-14,7.678e+0,2.043e-20,7.517e-15,3.024e-18,,,,3.151e-18,2.642e-37,2.061e-17,,1.572e-7,2.860e-8,,,2.897e-21,7.591e-17,1.478e-5,1.197e-28,,8.133e-22,4.039e-1,1.299e-16,3.785e-2,,3.103e-19,4.885e-6,2.545e-1,,,,,1.441e-18,,,,,,,,,,,,,,
700.9,8.100e+0,5.121e-20,4.634e-21,7.508e-31,1.363e-17,,,1.352e-18,1.103e-19,,2.458e-16,2.068e-8,4.095e-14,7.352e+0,2.038e-20,7.408e-15,3.056e-18,,,,3.152e-18,2.638e-37,2.065e-17,,1.697e-7,2.018e-8,,,2.899e-21,7.594e-17,1.149e-5,1.197e-28,,8.135e-22,4.089e-1,1.299e-16,4.498e-2,,3.083e-19,3.638e-6,2.945e-1,,,,,1.438e-18,,,,,,,,,,,,,,
700.92,7.915e+0,5.117e-20,6.173e-21,9.336e-31,1.364e-17,,,1.352e-18,1.103e-19,,2.457e-16,2.668e-8,4.683e-14,7.129e+0,2.034e-20,7.343e-15,3.077e-18,,,,3.152e-18,2.636e-37,2.067e-17,,1.782e-7,1.596e-8,,,2.900e-21,7.597e-17,9.692e-6,1.197e-28,,8.137e-22,4.115e-1,1.299e-16,5.038e-2,,3.069e-19,2.983e-6,3.240e-1,,,,,1.437e-18,,,,,,,,,,,,,,
700.95,7.635e+0,5.112e-20,9.462e-21,1.291e-30,1.364e-17,,,1.352e-18,1.103e-19,,2.455e-16,3.897e-8,5.709e-14,6.789e+0,2.029e-20,7.261e-15,3.108e-18,,,,3.153e-18,2.632e-37,2.071e-17,,1.912e-7,1.119e-8,,,2.901e-21,7.600e-17,7.488e-6,1.197e-28,,8.139e-22,4.141e-1,1.300e-16,5.953e-2,,3.048e-19,2.208e-6,3.728e-1,,,,,1.434e-18,,,,,,,,,,,,,,
700.97,7.448e+0,5.109e-20,1.255e-20,1.599e-30,1.364e-17,,,1.352e-18,1.104e-19,,2.453e-16,5.007e-8,6.503e-14,6.558e+0,2.025e-20,7.217e-15,3.129e-18,,,,3.153e-18,2.630e-37,2.074e-17,,2.000e-7,8.817e-9,,,2.902e-21,7.602e-17,6.293e-6,1.197e-28,,8.141e-22,4.151e-1,1.300e-16,6.641e-2,,3.034e-19,1.804e-6,4.085e-1,,,,,1.433e-18,,,,,,,,,,,,,,
701,7.171e+0,5.104e-20,1.913e-20,2.197e-30,1.365e-17,,,1.352e-18,1.104e-19,,2.451e-16,7.273e-8,7.882e-14,6.210e+0,2.020e-20,7.169e-15,3.161e-18,,,,3.154e-18,2.626e-37,2.078e-17,,2.134e-7,6.148e-9,,,2.903e-21,7.605e-17,4.833e-6,1.198e-28,,8.144e-22,4.153e-1,1.300e-16,7.802e-2,,3.014e-19,1.328e-6,4.673e-1,,,,,1.430e-18,,,,,,,,,,,,,,
701.02,6.989e+0,5.100e-20,2.529e-20,2.711e-30,1.365e-17,,,1.352e-18,1.105e-19,,2.450e-16,9.309e-8,8.943e-14,5.977e+0,2.016e-20,7.150e-15,3.182e-18,,,,3.154e-18,2.624e-37,2.080e-17,,2.224e-7,4.825e-9,,,2.904e-21,7.608e-17,4.045e-6,1.198e-28,,8.145e-22,4.147e-1,1.300e-16,8.670e-2,,3.000e-19,1.080e-6,5.102e-1,,,,,1.428e-18,,,,,,,,,,,,,,
701.04,6.810e+0,5.097e-20,3.337e-20,3.340e-30,1.366e-17,,,1.352e-18,1.105e-19,,2.449e-16,1.190e-7,1.013e-13,5.745e+0,2.013e-20,7.143e-15,3.203e-18,,,,3.155e-18,2.622e-37,2.083e-17,,2.314e-7,3.781e-9,,,2.905e-21,7.610e-17,3.381e-6,1.198e-28,,8.147e-22,4.134e-1,1.301e-16,9.619e-2,,2.986e-19,8.774e-7,5.561e-1,,,,,1.427e-18,,,,,,,,,,,,,,
701.07,6.551e+0,5.092e-20,5.045e-20,4.554e-30,1.366e-17,,,1.352e-18,1.105e-19,,2.447e-16,1.714e-7,1.218e-13,5.397e+0,2.007e-20,7.153e-15,3.235e-18,,,,3.155e-18,2.618e-37,2.087e-17,,2.448e-7,2.615e-9,,,2.907e-21,7.613e-17,2.575e-6,1.198e-28,,8.149e-22,4.103e-1,1.301e-16,1.121e-1,,2.966e-19,6.405e-7,6.309e-1,,,,,1.424e-18,,,,,,,,,,,,,,
701.09,6.384e+0,5.089e-20,6.633e-20,5.589e-30,1.366e-17,,,1.352e-18,1.106e-19,,2.445e-16,2.182e-7,1.375e-13,5.168e+0,2.004e-20,7.174e-15,3.256e-18,,,,3.155e-18,2.616e-37,2.090e-17,,2.537e-7,2.041e-9,,,2.907e-21,7.615e-17,2.144e-6,1.198e-28,,8.151e-22,4.074e-1,1.301e-16,1.239e-1,,2.952e-19,5.182e-7,6.850e-1,,,,,1.423e-18,,,,,,,,,,,,,,
701.12,6.146e+0,5.084e-20,9.969e-20,7.576e-30,1.367e-17,,,1.352e-18,1.106e-19,,2.443e-16,3.126e-7,1.643e-13,4.828e+0,1.999e-20,7.230e-15,3.288e-18,,,,3.156e-18,2.612e-37,2.094e-17,,2.669e-7,1.404e-9,,,2.909e-21,7.619e-17,1.624e-6,1.198e-28,,8.153e-22,4.020e-1,1.301e-16,1.435e-1,,2.931e-19,3.761e-7,7.727e-1,,,,,1.420e-18,,,,,,,,,,,,,,
701.14,5.997e+0,5.080e-20,1.305e-19,9.261e-30,1.367e-17,,,1.352e-18,1.106e-19,,2.442e-16,3.964e-7,1.847e-13,4.606e+0,1.995e-20,7.283e-15,3.309e-18,,,,3.156e-18,2.610e-37,2.096e-17,,2.756e-7,1.091e-9,,,2.910e-21,7.621e-17,1.346e-6,1.198e-28,,8.155e-22,3.976e-1,1.301e-16,1.580e-1,,2.917e-19,3.031e-7,8.357e-1,,,,,1.418e-18,,,,,,,,,,,,,,
701.17,5.788e+0,5.075e-20,1.951e-19,1.248e-29,1.368e-17,,,1.351e-18,1.107e-19,,2.440e-16,5.645e-7,2.195e-13,4.279e+0,1.990e-20,7.387e-15,3.340e-18,,,,3.157e-18,2.606e-37,2.100e-17,,2.882e-7,7.462e-10,,,2.911e-21,7.624e-17,1.014e-6,1.198e-28,,8.158e-22,3.900e-1,1.302e-16,1.820e-1,,2.897e-19,2.187e-7,9.373e-1,,,,,1.416e-18,,,,,,,,,,,,,,
701.19,5.660e+0,5.072e-20,2.545e-19,1.520e-29,1.368e-17,,,1.351e-18,1.107e-19,,2.439e-16,7.132e-7,2.458e-13,4.067e+0,1.986e-20,7.471e-15,3.361e-18,,,,3.157e-18,2.604e-37,2.103e-17,,2.964e-7,5.780e-10,,,2.912e-21,7.626e-17,8.372e-7,1.198e-28,,8.159e-22,3.843e-1,1.302e-16,1.996e-1,,2.883e-19,1.756e-7,1.010e+0,,,,,1.414e-18,,,,,,,,,,,,,,
701.22,5.486e+0,5.067e-20,3.781e-19,2.036e-29,1.369e-17,,,1.351e-18,1.108e-19,,2.437e-16,1.010e-6,2.904e-13,3.757e+0,1.981e-20,7.621e-15,3.393e-18,,,,3.158e-18,2.600e-37,2.107e-17,,3.082e-7,3.929e-10,,,2.913e-21,7.630e-17,6.266e-7,1.198e-28,,8.162e-22,3.748e-1,1.302e-16,2.286e-1,,2.862e-19,1.259e-7,1.126e+0,,,,,1.412e-18,,,,,,,,,,,,,,
701.24,5.383e+0,5.063e-20,4.914e-19,2.470e-29,1.369e-17,,,1.351e-18,1.108e-19,,2.436e-16,1.271e-6,3.240e-13,3.557e+0,1.977e-20,7.737e-15,3.414e-18,,,,3.158e-18,2.598e-37,2.109e-17,,3.157e-7,3.032e-10,,,2.914e-21,7.632e-17,5.155e-7,1.198e-28,,8.163e-22,3.679e-1,1.302e-16,2.497e-1,,2.848e-19,1.007e-7,1.208e+0,,,,,1.410e-18,,,,,,,,,,,,,,
701.27,5.248e+0,5.058e-20,7.258e-19,3.291e-29,1.369e-17,,,1.351e-18,1.109e-19,,2.434e-16,1.789e-6,3.806e-13,3.268e+0,1.972e-20,7.931e-15,3.446e-18,,,,3.159e-18,2.595e-37,2.113e-17,,3.264e-7,2.049e-10,,,2.916e-21,7.635e-17,3.836e-7,1.198e-28,,8.166e-22,3.567e-1,1.303e-16,2.843e-1,,2.828e-19,7.179e-8,1.339e+0,,,,,1.407e-18,,,,,,,,,,,,,,
701.29,5.173e+0,5.055e-20,9.396e-19,3.977e-29,1.370e-17,,,1.351e-18,1.109e-19,,2.432e-16,2.243e-6,4.229e-13,3.083e+0,1.968e-20,8.074e-15,3.467e-18,,,,3.159e-18,2.592e-37,2.116e-17,,3.331e-7,1.575e-10,,,2.917e-21,7.637e-17,3.144e-7,1.198e-28,,8.167e-22,3.487e-1,1.303e-16,3.094e-1,,2.814e-19,5.718e-8,1.432e+0,,,,,1.406e-18,,,,,,,,,,,,,,
701.32,5.080e+0,5.050e-20,1.380e-18,5.267e-29,1.370e-17,,,1.351e-18,1.109e-19,,2.430e-16,3.139e-6,4.939e-13,2.816e+0,1.963e-20,8.307e-15,3.499e-18,,,,3.160e-18,2.589e-37,2.120e-17,,3.423e-7,1.058e-10,,,2.918e-21,7.641e-17,2.325e-7,1.198e-28,,8.170e-22,3.361e-1,1.303e-16,3.502e-1,,2.793e-19,4.053e-8,1.578e+0,,,,,1.403e-18,,,,,,,,,,,,,,
701.34,5.034e+0,5.046e-20,1.780e-18,6.340e-29,1.370e-17,,,1.351e-18,1.110e-19,,2.429e-16,3.920e-6,5.466e-13,2.647e+0,1.959e-20,8.475e-15,3.520e-18,,,,3.160e-18,2.586e-37,2.123e-17,,3.480e-7,8.103e-11,,,2.919e-21,7.643e-17,1.898e-7,1.198e-28,,8.172e-22,3.273e-1,1.303e-16,3.796e-1,,2.779e-19,3.216e-8,1.680e+0,,,,,1.402e-18,,,,,,,,,,,,,,
701.37,4.986e+0,5.041e-20,2.598e-18,8.349e-29,1.371e-17,,,1.351e-18,1.110e-19,,2.427e-16,5.455e-6,6.347e-13,2.404e+0,1.954e-20,8.741e-15,3.551e-18,,,,3.161e-18,2.583e-37,2.127e-17,,3.556e-7,5.413e-11,,,2.920e-21,7.646e-17,1.396e-7,1.198e-28,,8.174e-22,3.137e-1,1.303e-16,4.272e-1,,2.759e-19,2.266e-8,1.841e+0,,,,,1.399e-18,,,,,,,,,,,,,,
701.39,4.969e+0,5.038e-20,3.338e-18,1.001e-28,1.371e-17,,,1.351e-18,1.111e-19,,2.426e-16,6.786e-6,6.998e-13,2.251e+0,1.951e-20,8.927e-15,3.572e-18,,,,3.161e-18,2.580e-37,2.129e-17,,3.600e-7,4.129e-11,,,2.921e-21,7.648e-17,1.135e-7,1.198e-28,,8.176e-22,3.043e-1,1.304e-16,4.612e-1,,2.745e-19,1.791e-8,1.953e+0,,,,,1.397e-18,,,,,,,,,,,,,,
701.41,4.965e+0,5.035e-20,4.281e-18,1.199e-28,1.372e-17,,,1.351e-18,1.111e-19,,2.424e-16,8.428e-6,7.704e-13,2.104e+0,1.947e-20,9.119e-15,3.593e-18,,,,3.161e-18,2.578e-37,2.132e-17,,3.639e-7,3.144e-11,,,2.922e-21,7.650e-17,9.215e-8,1.198e-28,,8.177e-22,2.948e-1,1.304e-16,4.973e-1,,2.731e-19,1.413e-8,2.068e+0,,,,,1.396e-18,,,,,,,,,,,,,,
701.44,4.980e+0,5.030e-20,6.201e-18,1.565e-28,1.372e-17,,,1.351e-18,1.111e-19,,2.422e-16,1.163e-5,8.873e-13,1.897e+0,1.942e-20,9.416e-15,3.625e-18,,,,3.162e-18,2.574e-37,2.136e-17,,3.689e-7,2.084e-11,,,2.924e-21,7.654e-17,6.721e-8,1.198e-28,,8.180e-22,2.802e-1,1.304e-16,5.551e-1,,2.711e-19,9.876e-9,2.248e+0,,,,,1.393e-18,,,,,,,,,,,,,,
701.46,5.004e+0,5.026e-20,7.923e-18,1.867e-28,1.372e-17,,,1.351e-18,1.112e-19,,2.421e-16,1.439e-5,9.730e-13,1.766e+0,1.938e-20,9.618e-15,3.646e-18,,,,3.162e-18,2.572e-37,2.138e-17,,3.714e-7,1.581e-11,,,2.925e-21,7.656e-17,5.435e-8,1.198e-28,,8.181e-22,2.704e-1,1.304e-16,5.961e-1,,2.697e-19,7.762e-9,2.372e+0,,,,,1.391e-18,,,,,,,,,,,,,,
701.49,5.063e+0,5.021e-20,1.141e-17,2.425e-28,1.373e-17,,,1.351e-18,1.112e-19,,2.419e-16,1.975e-5,1.114e-12,1.583e+0,1.933e-20,9.925e-15,3.678e-18,,,,3.163e-18,2.569e-37,2.142e-17,,3.743e-7,1.042e-11,,,2.926e-21,7.659e-17,3.941e-8,1.198e-28,,8.184e-22,2.556e-1,1.305e-16,6.615e-1,,2.676e-19,5.393e-9,2.562e+0,,,,,1.389e-18,,,,,,,,,,,,,,
701.51,5.115e+0,5.018e-20,1.452e-17,2.880e-28,1.373e-17,,,1.351e-18,1.112e-19,,2.418e-16,2.435e-5,1.217e-12,1.469e+0,1.929e-20,1.013e-14,3.699e-18,,,,3.163e-18,2.566e-37,2.145e-17,,3.754e-7,7.871e-12,,,2.927e-21,7.661e-17,3.174e-8,1.198e-28,,8.186e-22,2.457e-1,1.305e-16,7.077e-1,,2.662e-19,4.222e-9,2.693e+0,,,,,1.387e-18,,,,,,,,,,,,,,
701.54,5.213e+0,5.013e-20,2.079e-17,3.719e-28,1.374e-17,,,1.351e-18,1.113e-19,,2.416e-16,3.322e-5,1.385e-12,1.309e+0,1.924e-20,1.044e-14,3.731e-18,,,,3.164e-18,2.563e-37,2.149e-17,,3.761e-7,5.156e-12,,,2.928e-21,7.665e-17,2.288e-8,1.199e-28,,8.188e-22,2.309e-1,1.305e-16,7.808e-1,,2.642e-19,2.916e-9,2.893e+0,,,,,1.385e-18,,,,,,,,,,,,,,
701.56,5.291e+0,5.009e-20,2.636e-17,4.401e-28,1.374e-17,,,1.351e-18,1.113e-19,,2.415e-16,4.079e-5,1.507e-12,1.210e+0,1.920e-20,1.064e-14,3.752e-18,,,,3.164e-18,2.560e-37,2.152e-17,,3.758e-7,3.881e-12,,,2.929e-21,7.667e-17,1.836e-8,1.199e-28,,8.190e-22,2.211e-1,1.305e-16,8.321e-1,,2.628e-19,2.274e-9,3.028e+0,,,,,1.383e-18,,,,,,,,,,,,,,
701.59,5.426e+0,5.004e-20,3.753e-17,5.650e-28,1.375e-17,,,1.350e-18,1.114e-19,,2.413e-16,5.533e-5,1.706e-12,1.072e+0,1.915e-20,1.093e-14,3.783e-18,,,,3.165e-18,2.557e-37,2.156e-17,,3.743e-7,2.528e-12,,,2.931e-21,7.670e-17,1.316e-8,1.199e-28,,8.192e-22,2.066e-1,1.305e-16,9.127e-1,,2.607e-19,1.562e-9,3.234e+0,,,,,1.381e-18,,,,,,,,,,,,,,
701.61,5.526e+0,5.001e-20,4.740e-17,6.660e-28,1.375e-17,,,1.350e-18,1.114e-19,,2.411e-16,6.767e-5,1.849e-12,9.875e-1,1.911e-20,1.112e-14,3.804e-18,,,,3.165e-18,2.554e-37,2.158e-17,,3.725e-7,1.896e-12,,,2.931e-21,7.672e-17,1.051e-8,1.199e-28,,8.194e-22,1.971e-1,1.306e-16,9.689e-1,,2.593e-19,1.213e-9,3.373e+0,,,,,1.379e-18,,,,,,,,,,,,,,
701.64,5.691e+0,4.996e-20,6.709e-17,8.500e-28,1.375e-17,,,1.350e-18,1.115e-19,,2.409e-16,9.127e-5,2.081e-12,8.702e-1,1.906e-20,1.139e-14,3.836e-18,,,,3.166e-18,2.551e-37,2.162e-17,,3.689e-7,1.227e-12,,,2.933e-21,7.676e-17,7.491e-9,1.199e-28,,8.196e-22,1.832e-1,1.306e-16,1.057e+0,,2.573e-19,8.280e-10,3.581e+0,,,,,1.376e-18,,,,,,,,,,,,,,
701.66,5.809e+0,4.993e-20,8.441e-17,9.982e-28,1.376e-17,,,1.350e-18,1.115e-19,,2.408e-16,1.112e-4,2.247e-12,7.983e-1,1.902e-20,1.155e-14,3.857e-18,,,,3.166e-18,2.549e-37,2.165e-17,,3.657e-7,9.168e-13,,,2.934e-21,7.678e-17,5.963e-9,1.199e-28,,8.198e-22,1.741e-1,1.306e-16,1.117e+0,,2.559e-19,6.407e-10,3.720e+0,,,,,1.375e-18,,,,,,,,,,,,,,
701.69,5.999e+0,4.987e-20,1.188e-16,1.267e-27,1.376e-17,,,1.350e-18,1.115e-19,,2.406e-16,1.491e-4,2.514e-12,6.995e-1,1.897e-20,1.179e-14,3.889e-18,,,,3.167e-18,2.545e-37,2.169e-17,,3.600e-7,5.902e-13,,,2.935e-21,7.681e-17,4.223e-9,1.199e-28,,8.200e-22,1.610e-1,1.306e-16,1.211e+0,,2.538e-19,4.348e-10,3.927e+0,,,,,1.372e-18,,,,,,,,,,,,,,
701.71,6.131e+0,4.984e-20,1.489e-16,1.482e-27,1.377e-17,,,1.350e-18,1.116e-19,,2.405e-16,1.810e-4,2.704e-12,6.393e-1,1.894e-20,1.193e-14,3.910e-18,,,,3.167e-18,2.543e-37,2.171e-17,,3.556e-7,4.392e-13,,,2.936e-21,7.683e-17,3.349e-9,1.199e-28,,8.202e-22,1.525e-1,1.307e-16,1.276e+0,,2.524e-19,3.351e-10,4.063e+0,,,,,1.371e-18,,,,,,,,,,,,,,
701.74,6.337e+0,4.979e-20,2.083e-16,1.869e-27,1.377e-17,,,1.350e-18,1.116e-19,,2.403e-16,2.413e-4,3.007e-12,5.570e-1,1.888e-20,1.212e-14,3.942e-18,,,,3.167e-18,2.539e-37,2.175e-17,,3.480e-7,2.811e-13,,,2.937e-21,7.687e-17,2.358e-9,1.199e-28,,8.205e-22,1.403e-1,1.307e-16,1.375e+0,,2.504e-19,2.261e-10,4.264e+0,,,,,1.368e-18,,,,,,,,,,,,,,
701.76,6.478e+0,4.976e-20,2.600e-16,2.178e-27,1.377e-17,,,1.350e-18,1.117e-19,,2.402e-16,2.917e-4,3.222e-12,5.072e-1,1.885e-20,1.223e-14,3.963e-18,,,,3.168e-18,2.537e-37,2.178e-17,,3.423e-7,2.084e-13,,,2.938e-21,7.689e-17,1.863e-9,1.199e-28,,8.206e-22,1.325e-1,1.307e-16,1.443e+0,,2.490e-19,1.736e-10,4.395e+0,,,,,1.366e-18,,,,,,,,,,,,,,
701.78,6.621e+0,4.972e-20,3.242e-16,2.534e-27,1.378e-17,,,1.350e-18,1.117e-19,,2.400e-16,3.521e-4,3.446e-12,4.611e-1,1.881e-20,1.232e-14,3.984e-18,,,,3.168e-18,2.534e-37,2.181e-17,,3.363e-7,1.542e-13,,,2.939e-21,7.691e-17,1.469e-9,1.199e-28,,8.208e-22,1.250e-1,1.307e-16,1.512e+0,,2.476e-19,1.330e-10,4.523e+0,,,,,1.365e-18,,,,,,,,,,,,,,
701.81,6.838e+0,4.967e-20,4.499e-16,3.171e-27,1.378e-17,,,1.350e-18,1.117e-19,,2.398e-16,4.656e-4,3.802e-12,3.986e-1,1.876e-20,1.243e-14,4.015e-18,,,,3.169e-18,2.531e-37,2.185e-17,,3.264e-7,9.791e-14,,,2.941e-21,7.694e-17,1.026e-9,1.199e-28,,8.210e-22,1.143e-1,1.307e-16,1.616e+0,,2.456e-19,8.901e-11,4.708e+0,,,,,1.362e-18,,,,,,,,,,,,,,
701.83,6.983e+0,4.964e-20,5.586e-16,3.676e-27,1.378e-17,,,1.350e-18,1.118e-19,,2.397e-16,5.599e-4,4.052e-12,3.610e-1,1.872e-20,1.249e-14,4.036e-18,,,,3.169e-18,2.528e-37,2.187e-17,,3.194e-7,7.219e-14,,,2.942e-21,7.697e-17,8.058e-10,1.199e-28,,8.212e-22,1.076e-1,1.308e-16,1.687e+0,,2.442e-19,6.796e-11,4.827e+0,,,,,1.360e-18,,,,,,,,,,,,,,
701.86,7.198e+0,4.959e-20,7.708e-16,4.573e-27,1.379e-17,,,1.350e-18,1.118e-19,,2.395e-16,7.362e-4,4.444e-12,3.103e-1,1.867e-20,1.254e-14,4.068e-18,,,,3.170e-18,2.525e-37,2.191e-17,,3.082e-7,4.556e-14,,,2.943e-21,7.700e-17,5.594e-10,1.199e-28,,8.214e-22,9.808e-2,1.308e-16,1.793e+0,,2.421e-19,4.521e-11,4.996e+0,,,,,1.358e-18,,,,,,,,,,,,,,
701.88,7.338e+0,4.955e-20,9.535e-16,5.280e-27,1.379e-17,,,1.350e-18,1.119e-19,,2.394e-16,8.818e-4,4.717e-12,2.800e-1,1.863e-20,1.255e-14,4.089e-18,,,,3.170e-18,3.592e-37,2.194e-17,,3.004e-7,3.346e-14,,,2.944e-21,7.702e-17,4.377e-10,1.199e-28,,8.216e-22,9.217e-2,1.308e-16,1.864e+0,,3.440e-19,3.438e-11,5.101e+0,,,,,1.356e-18,,,,,,,,,,,,,,
701.91,7.543e+0,4.950e-20,1.308e-15,6.531e-27,1.380e-17,,,1.350e-18,1.119e-19,,2.392e-16,1.153e-3,5.144e-12,2.393e-1,1.858e-20,1.253e-14,4.121e-18,,,,3.171e-18,6.079e-37,2.198e-17,,2.882e-7,2.100e-14,,,2.945e-21,7.705e-17,3.021e-10,1.199e-28,,8.219e-22,8.393e-2,1.308e-16,1.970e+0,,5.807e-19,2.274e-11,5.249e+0,,,,,1.354e-18,,,,,,,,,,,,,,
701.93,7.674e+0,4.947e-20,1.612e-15,7.511e-27,1.380e-17,,,1.350e-18,1.119e-19,,2.390e-16,1.375e-3,5.439e-12,2.151e-1,1.854e-20,1.250e-14,4.142e-18,,,,3.171e-18,8.616e-37,2.200e-17,,2.798e-7,1.536e-14,,,2.946e-21,7.708e-17,2.355e-10,1.199e-28,,8.220e-22,7.887e-2,1.309e-16,2.040e+0,,8.219e-19,1.723e-11,5.339e+0,,,,,1.352e-18,,,,,,,,,,,,,,
701.96,7.862e+0,4.942e-20,2.199e-15,9.237e-27,1.381e-17,,,1.350e-18,1.120e-19,,2.388e-16,1.788e-3,5.896e-12,1.828e-1,1.849e-20,1.242e-14,4.174e-18,,,,3.171e-18,1.450e-36,2.204e-17,,2.669e-7,9.586e-15,,,2.948e-21,7.711e-17,1.615e-10,1.199e-28,,8.223e-22,7.191e-2,1.309e-16,2.143e+0,,1.380e-18,1.133e-11,5.462e+0,,,,,1.350e-18,,,,,,,,,,,,,,
701.98,7.979e+0,4.939e-20,2.699e-15,1.058e-26,1.381e-17,,,1.350e-18,1.120e-19,,2.387e-16,2.125e-3,6.211e-12,1.637e-1,1.846e-20,1.234e-14,4.195e-18,,,,3.172e-18,2.047e-36,2.207e-17,,2.582e-7,6.986e-15,,,2.949e-21,7.713e-17,1.254e-10,1.199e-28,,8.224e-22,6.771e-2,1.309e-16,2.211e+0,,1.945e-18,8.557e-12,5.534e+0,,,,,1.348e-18,,,,,,,,,,,,,,
702.01,8.141e+0,4.934e-20,3.660e-15,1.294e-26,1.381e-17,,,1.350e-18,1.121e-19,,2.385e-16,2.746e-3,6.694e-12,1.383e-1,1.840e-20,1.219e-14,4.226e-18,,,,3.172e-18,3.424e-36,2.211e-17,,2.448e-7,4.334e-15,,,2.950e-21,7.716e-17,8.555e-11,1.199e-28,,8.227e-22,6.205e-2,1.309e-16,2.309e+0,,3.246e-18,5.607e-12,5.629e+0,,,,,1.345e-18,,,,,,,,,,,,,,
702.03,8.239e+0,4.930e-20,4.476e-15,1.477e-26,1.382e-17,,,1.349e-18,1.121e-19,,2.384e-16,3.251e-3,7.024e-12,1.234e-1,1.837e-20,1.207e-14,4.247e-18,,,,3.173e-18,4.816e-36,2.214e-17,,2.359e-7,3.146e-15,,,2.951e-21,7.719e-17,6.616e-11,1.200e-28,,8.228e-22,5.872e-2,1.309e-16,2.373e+0,,4.559e-18,4.229e-12,5.681e+0,,,,,1.344e-18,,,,,,,,,,,,,,
702.06,8.371e+0,4.925e-20,6.035e-15,1.795e-26,1.382e-17,,,1.349e-18,1.121e-19,,2.382e-16,4.177e-3,7.527e-12,1.037e-1,1.831e-20,1.186e-14,4.279e-18,,,,3.173e-18,8.011e-36,2.217e-17,,2.224e-7,1.940e-15,,,2.952e-21,7.722e-17,4.486e-11,1.200e-28,,8.231e-22,5.437e-2,1.310e-16,2.464e+0,,7.566e-18,2.779e-12,5.744e+0,,,,,1.341e-18,,,,,,,,,,,,,,
702.08,8.447e+0,4.922e-20,7.352e-15,2.041e-26,1.383e-17,,,1.349e-18,1.122e-19,,2.381e-16,4.927e-3,7.867e-12,9.213e-2,1.828e-20,1.170e-14,4.300e-18,,,,3.174e-18,1.122e-35,2.220e-17,,2.134e-7,1.403e-15,,,2.953e-21,7.724e-17,3.456e-11,1.200e-28,,8.233e-22,5.190e-2,1.310e-16,2.522e+0,,1.059e-17,2.114e-12,5.776e+0,,,,,1.339e-18,,,,,,,,,,,,,,
702.11,8.542e+0,4.917e-20,9.855e-15,2.466e-26,1.383e-17,,,1.349e-18,1.122e-19,,2.379e-16,6.293e-3,8.381e-12,7.697e-2,1.822e-20,1.143e-14,4.332e-18,,,,3.174e-18,1.856e-35,2.224e-17,,2.000e-7,8.603e-16,,,2.954e-21,7.727e-17,2.330e-11,1.200e-28,,8.235e-22,4.886e-2,1.310e-16,2.604e+0,,1.747e-17,1.434e-12,5.806e+0,,,,,1.337e-18,,,,,,,,,,,,,,
702.13,8.593e+0,4.913e-20,1.196e-14,2.793e-26,1.383e-17,,,1.349e-18,1.123e-19,,2.377e-16,7.394e-3,8.726e-12,6.814e-2,1.819e-20,1.123e-14,4.353e-18,,,,3.175e-18,2.591e-35,2.227e-17,,1.912e-7,6.197e-16,,,2.955e-21,7.730e-17,1.787e-11,1.200e-28,,8.237e-22,4.727e-2,1.310e-16,2.655e+0,,2.434e-17,1.141e-12,5.815e+0,,,,,1.335e-18,,,,,,,,,,,,,,
702.16,8.649e+0,4.908e-20,1.594e-14,3.356e-26,1.384e-17,,,1.349e-18,1.123e-19,,2.375e-16,9.390e-3,9.243e-12,5.661e-2,1.813e-20,1.091e-14,4.385e-18,,,,3.175e-18,4.260e-35,2.231e-17,,1.782e-7,3.778e-16,,,2.957e-21,7.733e-17,1.198e-11,1.200e-28,,8.239e-22,4.554e-2,1.311e-16,2.726e+0,,3.994e-17,8.832e-13,5.812e+0,,,,,1.333e-18,,,,,,,,,,,,,,
702.18,8.672e+0,4.905e-20,1.927e-14,3.786e-26,1.384e-17,,,1.349e-18,1.123e-19,,2.374e-16,1.099e-2,9.586e-12,4.993e-2,1.810e-20,1.068e-14,4.406e-18,,,,3.176e-18,5.924e-35,2.233e-17,,1.697e-7,2.711e-16,,,2.958e-21,7.735e-17,9.156e-12,1.200e-28,,8.241e-22,4.483e-2,1.311e-16,2.768e+0,,5.544e-17,8.116e-13,5.798e+0,,,,,1.331e-18,,,,,,,,,,,,,,
702.2,8.684e+0,4.901e-20,2.326e-14,4.264e-26,1.385e-17,,,1.349e-18,1.124e-19,,2.373e-16,1.284e-2,9.926e-12,4.397e-2,1.806e-20,1.044e-14,4.427e-18,,,,3.176e-18,8.224e-35,2.236e-17,,1.613e-7,1.942e-16,,,2.959e-21,7.737e-17,6.987e-12,1.200e-28,,8.242e-22,4.447e-2,1.311e-16,2.807e+0,,7.686e-17,8.131e-13,5.776e+0,,,,,1.329e-18,,,,,,,,,,,,,,
702.23,8.681e+0,4.896e-20,3.075e-14,5.083e-26,1.385e-17,,,1.349e-18,1.124e-19,,2.371e-16,1.618e-2,1.043e-11,3.623e-2,1.801e-20,1.006e-14,4.458e-18,,,,3.176e-18,1.341e-34,2.240e-17,,1.491e-7,1.175e-16,,,2.960e-21,7.741e-17,4.644e-12,1.200e-28,,8.245e-22,4.460e-2,1.311e-16,2.858e+0,,1.251e-16,9.559e-13,5.725e+0,,,,,1.327e-18,,,,,,,,,,,,,,
702.25,8.664e+0,4.893e-20,3.697e-14,5.703e-26,1.385e-17,,,1.349e-18,1.125e-19,,2.369e-16,1.884e-2,1.076e-11,3.179e-2,1.797e-20,9.800e-15,4.479e-18,,,,3.177e-18,1.855e-34,2.242e-17,,1.412e-7,8.383e-17,,,2.961e-21,7.743e-17,3.530e-12,1.200e-28,,8.247e-22,4.515e-2,1.311e-16,2.887e+0,,1.727e-16,1.157e-12,5.681e+0,,,,,1.325e-18,,,,,,,,,,,,,,
702.28,8.618e+0,4.888e-20,4.860e-14,6.758e-26,1.386e-17,,,1.349e-18,1.125e-19,,2.367e-16,2.359e-2,1.124e-11,2.604e-2,1.792e-20,9.390e-15,4.511e-18,,,,3.177e-18,3.009e-34,2.246e-17,,1.297e-7,5.040e-17,,,2.962e-21,7.746e-17,2.333e-12,1.200e-28,,8.249e-22,4.664e-2,1.312e-16,2.923e+0,,2.795e-16,1.663e-12,5.599e+0,,,,,1.323e-18,,,,,,,,,,,,,,
702.3,8.574e+0,4.885e-20,5.821e-14,7.553e-26,1.386e-17,,,1.349e-18,1.125e-19,,2.366e-16,2.736e-2,1.154e-11,2.276e-2,1.789e-20,9.109e-15,4.532e-18,,,,3.178e-18,4.145e-34,2.249e-17,,1.224e-7,3.583e-17,,,2.963e-21,7.748e-17,1.766e-12,1.200e-28,,8.251e-22,4.810e-2,1.312e-16,2.941e+0,,3.845e-16,2.178e-12,5.534e+0,,,,,1.321e-18,,,,,,,,,,,,,,
702.33,8.486e+0,4.880e-20,7.608e-14,8.899e-26,1.387e-17,,,1.349e-18,1.126e-19,,2.364e-16,3.406e-2,1.199e-11,1.854e-2,1.783e-20,8.678e-15,4.564e-18,,,,3.178e-18,6.684e-34,2.253e-17,,1.118e-7,2.142e-17,,,2.965e-21,7.752e-17,1.160e-12,1.200e-28,,8.253e-22,5.100e-2,1.312e-16,2.960e+0,,6.185e-16,3.327e-12,5.423e+0,,,,,1.319e-18,,,,,,,,,,,,,,
702.35,8.415e+0,4.876e-20,9.077e-14,9.908e-26,1.387e-17,,,1.349e-18,1.126e-19,,2.363e-16,3.935e-2,1.227e-11,1.615e-2,1.780e-20,8.386e-15,4.585e-18,,,,3.179e-18,9.173e-34,2.256e-17,,1.051e-7,1.517e-17,,,2.966e-21,7.754e-17,8.750e-13,1.200e-28,,8.255e-22,5.341e-2,1.312e-16,2.967e+0,,8.476e-16,4.437e-12,5.339e+0,,,,,1.317e-18,,,,,,,,,,,,,,
702.38,8.289e+0,4.871e-20,1.180e-13,1.161e-25,1.387e-17,,,1.349e-18,1.127e-19,,2.361e-16,4.872e-2,1.267e-11,1.308e-2,1.774e-20,7.943e-15,4.617e-18,,,,3.179e-18,1.471e-33,2.260e-17,,9.544e-8,9.013e-18,,,2.967e-21,7.757e-17,5.714e-13,1.200e-28,,8.257e-22,5.775e-2,1.313e-16,2.969e+0,,1.356e-15,6.850e-12,5.201e+0,,,,,1.314e-18,,,,,,,,,,,,,,
702.4,8.194e+0,4.868e-20,1.402e-13,1.287e-25,1.388e-17,,,1.349e-18,1.127e-19,,2.360e-16,5.606e-2,1.292e-11,1.134e-2,1.771e-20,7.646e-15,4.638e-18,,,,3.180e-18,2.011e-33,2.262e-17,,8.934e-8,6.358e-18,,,2.968e-21,7.759e-17,4.293e-13,1.200e-28,,8.259e-22,6.115e-2,1.313e-16,2.964e+0,,1.851e-15,9.148e-12,5.101e+0,,,,,1.313e-18,,,,,,,,,,,,,,
702.43,8.034e+0,4.863e-20,1.811e-13,1.499e-25,1.388e-17,,,1.349e-18,1.127e-19,,2.358e-16,6.900e-2,1.326e-11,9.137e-3,1.765e-20,7.201e-15,4.669e-18,,,,3.180e-18,3.205e-33,2.266e-17,,8.068e-8,2.904e-18,,,2.969e-21,7.763e-17,2.787e-13,1.200e-28,,8.261e-22,6.699e-2,1.313e-16,2.949e+0,,2.944e-15,1.409e-11,4.941e+0,,,,,1.310e-18,,,,,,,,,,,,,,
702.45,7.918e+0,4.859e-20,2.145e-13,1.656e-25,1.389e-17,,,1.349e-18,1.128e-19,,2.356e-16,7.910e-2,1.347e-11,7.894e-3,1.762e-20,6.906e-15,4.690e-18,,,,3.180e-18,4.365e-33,2.269e-17,,7.522e-8,2.046e-18,,,2.970e-21,7.765e-17,2.085e-13,1.200e-28,,8.263e-22,7.140e-2,1.313e-16,2.933e+0,,4.003e-15,1.877e-11,4.827e+0,,,,,1.308e-18,,,,,,,,,,,,,,
702.48,7.730e+0,4.854e-20,2.755e-13,1.918e-25,1.389e-17,,,1.348e-18,1.128e-19,,2.354e-16,9.680e-2,1.374e-11,6.322e-3,1.757e-20,6.466e-15,4.722e-18,,,,3.181e-18,6.918e-33,2.273e-17,,6.753e-8,1.206e-18,,,2.972e-21,7.768e-17,1.346e-13,1.200e-28,,8.265e-22,7.880e-2,1.313e-16,2.901e+0,,6.330e-15,2.878e-11,4.648e+0,,,,,1.306e-18,,,,,,,,,,,,,,
702.5,7.597e+0,4.851e-20,3.250e-13,2.110e-25,1.389e-17,,,1.348e-18,1.129e-19,,2.353e-16,1.105e-1,1.390e-11,5.441e-3,1.753e-20,6.177e-15,4.743e-18,,,,3.181e-18,9.386e-33,2.275e-17,,6.272e-8,8.464e-19,,,2.972e-21,7.770e-17,1.003e-13,1.200e-28,,8.267e-22,8.427e-2,1.314e-16,2.874e+0,,8.575e-15,3.820e-11,4.523e+0,,,,,1.304e-18,,,,,,,,,,,,,,
702.53,7.388e+0,4.846e-20,4.150e-13,2.429e-25,1.390e-17,,,1.348e-18,1.129e-19,,2.351e-16,1.345e-1,1.411e-11,4.333e-3,1.748e-20,5.751e-15,4.775e-18,,,,3.182e-18,1.479e-32,2.279e-17,,5.598e-8,4.961e-19,,,2.974e-21,7.774e-17,6.438e-14,1.200e-28,,8.270e-22,9.328e-2,1.314e-16,2.826e+0,,1.348e-14,5.823e-11,4.330e+0,,,,,1.302e-18,,,,,,,,,,,,,,
702.55,7.243e+0,4.842e-20,4.877e-13,2.663e-25,1.390e-17,,,1.348e-18,1.129e-19,,2.350e-16,1.530e-1,1.422e-11,3.715e-3,1.744e-20,5.473e-15,4.796e-18,,,,3.182e-18,1.999e-32,2.282e-17,,5.180e-8,4.967e-19,,,2.975e-21,7.776e-17,4.780e-14,1.201e-28,,8.271e-22,9.983e-2,1.314e-16,2.789e+0,,1.819e-14,7.699e-11,4.198e+0,,,,,1.300e-18,,,,,,,,,,,,,,
702.57,7.095e+0,4.839e-20,5.721e-13,2.915e-25,1.391e-17,,,1.348e-18,1.130e-19,,2.348e-16,1.738e-1,1.431e-11,3.181e-3,1.740e-20,5.201e-15,4.817e-18,,,,3.183e-18,2.698e-32,2.285e-17,,4.785e-8,4.973e-19,,,2.976e-21,7.778e-17,3.543e-14,1.201e-28,,8.273e-22,1.068e-1,1.314e-16,2.748e+0,,2.452e-14,1.016e-10,4.063e+0,,,,,1.298e-18,,,,,,,,,,,,,,
702.6,6.869e+0,4.834e-20,7.249e-13,3.329e-25,1.391e-17,,,1.348e-18,1.130e-19,,2.346e-16,2.097e-1,1.440e-11,2.512e-3,1.735e-20,4.805e-15,4.849e-18,,,,3.183e-18,4.217e-32,2.289e-17,,4.236e-8,4.982e-19,,,2.977e-21,7.781e-17,2.255e-14,1.201e-28,,8.275e-22,1.181e-1,1.315e-16,2.681e+0,,3.823e-14,1.537e-10,3.858e+0,,,,,1.296e-18,,,,,,,,,,,,,,
702.62,6.717e+0,4.831e-20,8.472e-13,3.630e-25,1.391e-17,,,1.348e-18,1.131e-19,,2.345e-16,2.373e-1,1.443e-11,2.143e-3,1.732e-20,4.549e-15,4.870e-18,,,,3.184e-18,5.669e-32,2.291e-17,,3.898e-8,4.988e-19,,,2.978e-21,7.784e-17,1.665e-14,1.201e-28,,8.277e-22,1.262e-1,1.315e-16,2.632e+0,,5.132e-14,2.022e-10,3.720e+0,,,,,1.294e-18,,,,,,,,,,,,,,
702.65,6.489e+0,4.826e-20,1.067e-12,4.121e-25,1.392e-17,,,1.348e-18,1.131e-19,,2.343e-16,2.847e-1,1.444e-11,1.683e-3,1.726e-20,4.180e-15,4.901e-18,,,,3.184e-18,8.810e-32,2.295e-17,,3.431e-8,4.997e-19,,,2.979e-21,7.787e-17,1.053e-14,1.201e-28,,8.280e-22,1.392e-1,1.315e-16,2.552e+0,,7.958e-14,3.040e-10,3.511e+0,,,,,1.292e-18,,,,,,,,,,,,,,
702.67,6.339e+0,4.822e-20,1.243e-12,4.476e-25,1.392e-17,,,1.348e-18,1.131e-19,,2.342e-16,3.209e-1,1.442e-11,1.430e-3,1.723e-20,3.943e-15,4.922e-18,,,,3.185e-18,1.180e-31,2.298e-17,,3.144e-8,5.003e-19,,,2.980e-21,7.789e-17,7.748e-15,1.201e-28,,8.281e-22,1.484e-1,1.315e-16,2.496e+0,,1.064e-13,3.982e-10,3.373e+0,,,,,1.290e-18,,,,,,,,,,,,,,
702.7,6.119e+0,4.817e-20,1.556e-12,5.052e-25,1.393e-17,,,1.348e-18,1.132e-19,,2.340e-16,3.828e-1,1.434e-11,1.116e-3,1.717e-20,3.605e-15,4.954e-18,,,,3.185e-18,1.823e-31,2.302e-17,,2.751e-8,5.012e-19,,,2.982e-21,7.792e-17,4.873e-15,1.201e-28,,8.284e-22,1.630e-1,1.315e-16,2.407e+0,,1.641e-13,5.954e-10,3.165e+0,,,,,1.287e-18,,,,,,,,,,,,,,
702.72,5.977e+0,4.814e-20,1.805e-12,5.467e-25,1.393e-17,,,1.348e-18,1.132e-19,,2.339e-16,4.298e-1,1.426e-11,9.448e-4,1.714e-20,3.390e-15,4.975e-18,,,,3.185e-18,2.432e-31,2.304e-17,,2.512e-8,5.017e-19,,,2.983e-21,7.795e-17,3.570e-15,1.201e-28,,8.285e-22,1.733e-1,1.316e-16,2.344e+0,,2.185e-13,7.770e-10,3.028e+0,,,,,1.286e-18,,,,,,,,,,,,,,
702.75,5.773e+0,4.809e-20,2.248e-12,6.135e-25,1.394e-17,,,1.348e-18,1.133e-19,,2.337e-16,5.097e-1,1.411e-11,7.336e-4,1.708e-20,3.084e-15,5.007e-18,,,,3.186e-18,3.737e-31,2.308e-17,,2.185e-8,5.026e-19,,,2.984e-21,7.798e-17,2.232e-15,1.201e-28,,8.288e-22,1.894e-1,1.316e-16,2.248e+0,,3.350e-13,1.155e-9,2.826e+0,,,,,1.283e-18,,,,,,,,,,,,,,
702.77,5.646e+0,4.805e-20,2.597e-12,6.612e-25,1.394e-17,,,1.348e-18,1.133e-19,,2.335e-16,5.701e-1,1.398e-11,6.185e-4,1.705e-20,2.892e-15,5.028e-18,,,,3.186e-18,4.967e-31,2.311e-17,,1.988e-8,5.032e-19,,,2.985e-21,7.800e-17,1.629e-15,1.201e-28,,8.289e-22,2.007e-1,1.316e-16,2.181e+0,,4.446e-13,1.502e-9,2.693e+0,,,,,1.282e-18,,,,,,,,,,,,,,
702.8,5.469e+0,4.800e-20,3.216e-12,7.377e-25,1.394e-17,,,1.348e-18,1.133e-19,,2.333e-16,6.723e-1,1.374e-11,4.774e-4,1.700e-20,2.621e-15,5.060e-18,,,,3.187e-18,7.587e-31,2.315e-17,,1.719e-8,5.041e-19,,,2.986e-21,7.803e-17,1.013e-15,1.201e-28,,8.292e-22,2.183e-1,1.316e-16,2.080e+0,,6.776e-13,2.219e-9,2.498e+0,,,,,1.279e-18,,,,,,,,,,,,,,
702.82,5.362e+0,4.797e-20,3.702e-12,7.921e-25,1.395e-17,,,1.348e-18,1.134e-19,,2.332e-16,7.490e-1,1.356e-11,4.010e-4,1.696e-20,2.453e-15,5.081e-18,,,,3.187e-18,1.004e-30,2.318e-17,,1.558e-8,5.047e-19,,,2.987e-21,7.806e-17,7.361e-16,1.201e-28,,8.294e-22,2.305e-1,1.317e-16,2.011e+0,,8.957e-13,2.874e-9,2.372e+0,,,,,1.277e-18,,,,,,,,,,,,,,
702.85,5.222e+0,4.792e-20,4.558e-12,8.786e-25,1.395e-17,,,1.348e-18,1.134e-19,,2.330e-16,8.782e-1,1.326e-11,3.078e-4,1.691e-20,2.218e-15,5.112e-18,,,,3.188e-18,1.526e-30,2.322e-17,,1.339e-8,5.056e-19,,,2.989e-21,7.809e-17,4.549e-16,1.201e-28,,8.296e-22,2.494e-1,1.317e-16,1.907e+0,,1.357e-12,4.224e-9,2.187e+0,,,,,1.275e-18,,,,,,,,,,,,,,
702.87,5.143e+0,4.789e-20,5.227e-12,9.397e-25,1.395e-17,,,1.348e-18,1.135e-19,,2.329e-16,9.745e-1,1.304e-11,2.575e-4,1.687e-20,2.074e-15,5.133e-18,,,,3.188e-18,2.012e-30,2.324e-17,,1.209e-8,5.062e-19,,,2.990e-21,7.811e-17,3.294e-16,1.201e-28,,8.298e-22,2.624e-1,1.317e-16,1.837e+0,,1.787e-12,5.449e-9,2.068e+0,,,,,1.273e-18,,,,,,,,,,,,,,
702.9,5.048e+0,4.783e-20,6.399e-12,1.036e-24,1.396e-17,,,1.347e-18,1.135e-19,,2.327e-16,1.136e+0,1.267e-11,1.965e-4,1.682e-20,1.875e-15,5.165e-18,,,,3.189e-18,3.038e-30,2.328e-17,,1.033e-8,5.071e-19,,,2.991e-21,7.814e-17,2.023e-16,1.201e-28,,8.300e-22,2.823e-1,1.317e-16,1.733e+0,,2.693e-12,7.962e-9,1.897e+0,,,,,1.271e-18,,,,,,,,,,,,,,
702.92,5.002e+0,4.780e-20,7.309e-12,1.104e-24,1.396e-17,,,1.347e-18,1.135e-19,,2.326e-16,1.256e+0,1.241e-11,1.638e-4,1.678e-20,1.755e-15,5.186e-18,,,,3.189e-18,3.992e-30,2.331e-17,,9.288e-9,5.077e-19,,,2.992e-21,7.817e-17,1.459e-16,1.201e-28,,8.302e-22,2.959e-1,1.317e-16,1.663e+0,,3.533e-12,1.023e-8,1.787e+0,,,,,1.269e-18,,,,,,,,,,,,,,
702.94,4.971e+0,4.777e-20,8.337e-12,1.175e-24,1.397e-17,,,1.347e-18,1.136e-19,,2.324e-16,1.386e+0,1.213e-11,1.363e-4,1.675e-20,1.645e-15,5.207e-18,,,,3.189e-18,5.236e-30,2.333e-17,,8.337e-9,5.083e-19,,,2.993e-21,7.819e-17,1.051e-16,1.201e-28,,8.303e-22,3.096e-1,1.318e-16,1.595e+0,,4.627e-12,1.313e-8,1.680e+0,,,,,1.267e-18,,,,,,,,,,,,,,
702.97,4.955e+0,4.772e-20,1.013e-11,1.285e-24,1.397e-17,,,1.347e-18,1.136e-19,,2.322e-16,1.603e+0,1.170e-11,1.032e-4,1.669e-20,1.498e-15,5.239e-18,,,,3.190e-18,7.844e-30,2.337e-17,,7.069e-9,5.092e-19,,,2.994e-21,7.822e-17,6.403e-17,1.201e-28,,8.306e-22,3.305e-1,1.318e-16,1.494e+0,,6.916e-12,1.903e-8,1.528e+0,,,,,1.265e-18,,,,,,,,,,,,,,
702.99,4.966e+0,4.768e-20,1.151e-11,1.362e-24,1.397e-17,,,1.347e-18,1.137e-19,,2.321e-16,1.762e+0,1.139e-11,8.552e-5,1.666e-20,1.412e-15,5.260e-18,,,,3.190e-18,1.025e-29,2.340e-17,,6.320e-9,5.098e-19,,,2.995e-21,7.824e-17,4.593e-17,1.201e-28,,8.308e-22,3.446e-1,1.318e-16,1.428e+0,,9.023e-12,2.433e-8,1.432e+0,,,,,1.263e-18,,,,,,,,,,,,,,
703.02,5.018e+0,4.763e-20,1.389e-11,1.481e-24,1.398e-17,,,1.347e-18,1.137e-19,,2.319e-16,2.026e+0,1.092e-11,6.436e-5,1.660e-20,1.302e-15,5.292e-18,,,,3.191e-18,1.527e-29,2.344e-17,,5.327e-9,5.107e-19,,,2.996e-21,7.828e-17,2.782e-17,1.201e-28,,8.310e-22,3.657e-1,1.318e-16,1.331e+0,,1.341e-11,3.505e-8,1.295e+0,,,,,1.261e-18,,,,,,,,,,,,,,
703.04,5.076e+0,4.760e-20,1.573e-11,1.563e-24,1.398e-17,,,1.347e-18,1.137e-19,,2.318e-16,2.219e+0,1.059e-11,5.315e-5,1.657e-20,1.241e-15,5.313e-18,,,,3.191e-18,1.987e-29,2.347e-17,,4.745e-9,5.113e-19,,,2.997e-21,7.830e-17,1.988e-17,1.201e-28,,8.312e-22,3.798e-1,1.318e-16,1.268e+0,,1.743e-11,4.464e-8,1.208e+0,,,,,1.259e-18,,,,,,,,,,,,,,
703.07,5.202e+0,4.755e-20,1.889e-11,1.690e-24,1.399e-17,,,1.347e-18,1.138e-19,,2.316e-16,2.537e+0,1.009e-11,3.977e-5,1.652e-20,1.169e-15,5.344e-18,,,,3.192e-18,2.943e-29,2.351e-17,,3.976e-9,5.122e-19,,,2.999e-21,7.833e-17,1.197e-17,1.202e-28,,8.314e-22,4.008e-1,1.319e-16,1.178e+0,,2.575e-11,6.396e-8,1.086e+0,,,,,1.256e-18,,,,,,,,,,,,,,
703.09,5.313e+0,4.751e-20,2.130e-11,1.777e-24,1.399e-17,,,1.347e-18,1.138e-19,,2.314e-16,2.768e+0,9.756e-12,3.272e-5,1.648e-20,1.134e-15,5.365e-18,,,,3.192e-18,3.817e-29,2.353e-17,,3.528e-9,5.128e-19,,,3.000e-21,7.835e-17,8.519e-18,1.202e-28,,8.316e-22,4.147e-1,1.319e-16,1.120e+0,,3.334e-11,8.113e-8,1.010e+0,,,,,1.255e-18,,,,,,,,,,,,,,
703.12,5.521e+0,4.746e-20,2.544e-11,1.911e-24,1.400e-17,,,1.347e-18,1.139e-19,,2.312e-16,3.145e+0,9.243e-12,2.434e-5,1.643e-20,1.101e-15,5.397e-18,,,,3.193e-18,5.620e-29,2.357e-17,,2.939e-9,5.137e-19,,,3.001e-21,7.839e-17,5.100e-18,1.202e-28,,8.318e-22,4.351e-1,1.319e-16,1.038e+0,,4.899e-11,1.156e-7,9.025e-1,,,,,1.252e-18,,,,,,,,,,,,,,
703.14,5.688e+0,4.743e-20,2.858e-11,2.002e-24,1.400e-17,,,1.347e-18,1.139e-19,,2.311e-16,3.419e+0,8.898e-12,1.995e-5,1.639e-20,1.093e-15,5.418e-18,,,,3.193e-18,7.259e-29,2.360e-17,,2.598e-9,5.143e-19,,,3.002e-21,7.841e-17,3.616e-18,1.202e-28,,8.320e-22,4.484e-1,1.319e-16,9.853e-1,,6.318e-11,1.460e-7,8.357e-1,,,,,1.251e-18,,,,,,,,,,,,,,
703.17,5.985e+0,4.738e-20,3.393e-11,2.140e-24,1.400e-17,,,1.347e-18,1.139e-19,,2.309e-16,3.863e+0,8.381e-12,1.475e-5,1.634e-20,1.102e-15,5.450e-18,,,,3.194e-18,1.063e-28,2.364e-17,,2.152e-9,5.152e-19,,,3.003e-21,7.844e-17,2.152e-18,1.202e-28,,8.322e-22,4.678e-1,1.320e-16,9.114e-1,,9.229e-11,2.069e-7,7.426e-1,,,,,1.248e-18,,,,,,,,,,,,,,
703.19,6.213e+0,4.735e-20,3.798e-11,2.232e-24,1.401e-17,,,1.347e-18,1.140e-19,,2.308e-16,4.182e+0,8.038e-12,1.204e-5,1.630e-20,1.122e-15,5.471e-18,,,,3.194e-18,1.368e-28,2.366e-17,,1.894e-9,5.158e-19,,,3.004e-21,7.846e-17,1.519e-18,1.202e-28,,8.324e-22,4.802e-1,1.320e-16,8.653e-1,,1.186e-10,2.604e-7,6.850e-1,,,,,1.246e-18,,,,,,,,,,,,,,
703.22,6.602e+0,4.729e-20,4.485e-11,2.372e-24,1.401e-17,,,1.347e-18,1.140e-19,,2.306e-16,4.698e+0,7.527e-12,8.857e-6,1.625e-20,1.177e-15,5.503e-18,,,,3.195e-18,1.991e-28,2.370e-17,,1.560e-9,5.167e-19,,,3.006e-21,7.850e-17,8.990e-19,1.202e-28,,8.326e-22,4.981e-1,1.320e-16,8.010e-1,,1.722e-10,3.667e-7,6.051e-1,,,,,1.244e-18,,,,,,,,,,,,,,
703.24,6.894e+0,4.726e-20,5.001e-11,2.466e-24,1.402e-17,,,1.347e-18,1.141e-19,,2.305e-16,5.067e+0,7.190e-12,7.202e-6,1.621e-20,1.229e-15,5.524e-18,,,,3.195e-18,2.552e-28,2.373e-17,,1.368e-9,5.173e-19,,,3.007e-21,7.852e-17,6.323e-19,1.202e-28,,8.328e-22,5.094e-1,1.320e-16,7.615e-1,,2.204e-10,4.598e-7,5.561e-1,,,,,1.242e-18,,,,,,,,,,,,,,
703.27,7.380e+0,4.721e-20,5.873e-11,2.605e-24,1.402e-17,,,1.347e-18,1.141e-19,,2.303e-16,5.659e+0,6.694e-12,5.266e-6,1.616e-20,1.334e-15,5.555e-18,,,,3.196e-18,3.693e-28,2.377e-17,,1.120e-9,5.182e-19,,,3.008e-21,7.855e-17,3.719e-19,1.202e-28,,8.331e-22,5.253e-1,1.321e-16,7.075e-1,,3.183e-10,6.439e-7,4.884e-1,,,,,1.240e-18,,,,,,,,,,,,,,
703.29,7.737e+0,4.718e-20,6.525e-11,2.698e-24,1.402e-17,,,1.347e-18,1.141e-19,,2.301e-16,6.080e+0,6.370e-12,4.266e-6,1.612e-20,1.422e-15,5.576e-18,,,,3.196e-18,4.717e-28,2.379e-17,,9.782e-10,5.188e-19,,,3.009e-21,7.857e-17,2.606e-19,1.202e-28,,8.332e-22,5.351e-1,1.321e-16,6.751e-1,,4.059e-10,8.043e-7,4.470e-1,,,,,1.238e-18,,,,,,,,,,,,,,
703.31,8.121e+0,4.714e-20,7.239e-11,2.789e-24,1.403e-17,,,1.347e-18,1.142e-19,,2.300e-16,6.522e+0,6.053e-12,3.450e-6,1.609e-20,1.525e-15,5.597e-18,,,,3.196e-18,6.014e-28,2.382e-17,,8.531e-10,5.194e-19,,,3.010e-21,7.859e-17,2.620e-19,1.202e-28,,8.334e-22,5.443e-1,1.321e-16,6.456e-1,,5.167e-10,1.003e-6,4.085e-1,,,,,1.236e-18,,,,,,,,,,,,,,
703.34,8.745e+0,4.709e-20,8.435e-11,2.923e-24,1.403e-17,,,1.346e-18,1.142e-19,,2.298e-16,7.226e+0,5.589e-12,2.502e-6,1.603e-20,1.711e-15,5.629e-18,,,,3.197e-18,8.634e-28,2.386e-17,,6.928e-10,5.203e-19,,,3.011e-21,7.863e-17,2.640e-19,1.202e-28,,8.336e-22,5.568e-1,1.321e-16,6.068e-1,,7.402e-10,1.393e-6,3.559e-1,,,,,1.234e-18,,,,,,,,,,,,,,
703.36,9.195e+0,4.706e-20,9.323e-11,3.010e-24,1.403e-17,,,1.346e-18,1.143e-19,,2.297e-16,7.722e+0,5.290e-12,2.016e-6,1.600e-20,1.857e-15,5.650e-18,,,,3.197e-18,1.097e-27,2.389e-17,,6.019e-10,5.209e-19,,,3.012e-21,7.865e-17,2.654e-19,1.202e-28,,8.338e-22,5.642e-1,1.321e-16,5.847e-1,,9.387e-10,1.731e-6,3.240e-1,,,,,1.232e-18,,,,,,,,,,,,,,
703.39,9.917e+0,4.701e-20,1.080e-10,3.136e-24,1.404e-17,,,1.346e-18,1.143e-19,,2.295e-16,8.505e+0,4.857e-12,1.454e-6,1.595e-20,2.112e-15,5.682e-18,,,,3.198e-18,1.565e-27,2.393e-17,,4.859e-10,5.218e-19,,,3.014e-21,7.868e-17,2.674e-19,1.202e-28,,8.340e-22,5.738e-1,1.322e-16,5.571e-1,,1.337e-9,2.391e-6,2.806e-1,,,,,1.230e-18,,,,,,,,,,,,,,
703.41,1.043e+1,4.697e-20,1.190e-10,3.217e-24,1.404e-17,,,1.346e-18,1.143e-19,,2.293e-16,9.054e+0,4.579e-12,1.167e-6,1.591e-20,2.307e-15,5.703e-18,,,,3.198e-18,1.981e-27,2.395e-17,,4.205e-10,5.224e-19,,,3.014e-21,7.870e-17,2.688e-19,1.202e-28,,8.342e-22,5.791e-1,1.322e-16,5.425e-1,,1.689e-9,2.959e-6,2.545e-1,,,,,1.228e-18,,,,,,,,,,,,,,
703.44,1.125e+1,4.692e-20,1.371e-10,3.333e-24,1.405e-17,,,1.346e-18,1.144e-19,,2.291e-16,9.915e+0,4.180e-12,8.366e-7,1.586e-20,2.640e-15,5.735e-18,,,,3.199e-18,2.811e-27,2.399e-17,,3.375e-10,5.233e-19,,,3.016e-21,7.874e-17,2.708e-19,1.202e-28,,8.345e-22,5.856e-1,1.322e-16,5.263e-1,,2.392e-9,4.063e-6,2.191e-1,,,,,1.225e-18,,,,,,,,,,,,,,
703.46,1.182e+1,4.689e-20,1.505e-10,3.406e-24,1.405e-17,,,1.346e-18,1.144e-19,,2.290e-16,1.051e+1,3.926e-12,6.688e-7,1.582e-20,2.890e-15,5.756e-18,,,,3.199e-18,3.544e-27,2.402e-17,,2.910e-10,5.239e-19,,,3.017e-21,7.876e-17,2.722e-19,1.202e-28,,8.346e-22,5.888e-1,1.322e-16,5.192e-1,,3.010e-9,5.010e-6,1.979e-1,,,,,1.224e-18,,,,,,,,,,,,,,
703.49,1.272e+1,4.684e-20,1.725e-10,3.508e-24,1.406e-17,,,1.346e-18,1.145e-19,,2.288e-16,1.145e+1,3.562e-12,4.767e-7,1.577e-20,3.313e-15,5.787e-18,,,,3.200e-18,5.000e-27,2.406e-17,,2.322e-10,5.248e-19,,,3.018e-21,7.879e-17,2.742e-19,1.202e-28,,8.349e-22,5.919e-1,1.323e-16,5.144e-1,,4.238e-9,6.840e-6,1.694e-1,,,,,1.221e-18,,,,,,,,,,,,,,
703.51,1.335e+1,4.681e-20,1.886e-10,3.571e-24,1.406e-17,,,1.346e-18,1.145e-19,,2.287e-16,1.209e+1,3.333e-12,3.797e-7,1.573e-20,3.628e-15,5.808e-18,,,,3.200e-18,6.279e-27,2.408e-17,,1.994e-10,5.254e-19,,,3.019e-21,7.881e-17,2.756e-19,1.202e-28,,8.350e-22,5.929e-1,1.323e-16,5.149e-1,,5.314e-9,8.401e-6,1.525e-1,,,,,1.220e-18,,,,,,,,,,,,,,
703.54,1.433e+1,4.676e-20,2.150e-10,3.657e-24,1.406e-17,,,1.346e-18,1.146e-19,,2.285e-16,1.309e+1,3.007e-12,2.691e-7,1.568e-20,4.153e-15,5.840e-18,,,,3.201e-18,8.809e-27,2.412e-17,,1.582e-10,5.263e-19,,,3.020e-21,7.885e-17,2.776e-19,1.202e-28,,8.353e-22,5.926e-1,1.323e-16,5.214e-1,,7.438e-9,1.140e-5,1.298e-1,,,,,1.217e-18,,,,,,,,,,,,,,
703.56,1.501e+1,4.672e-20,2.342e-10,3.708e-24,1.407e-17,,,1.346e-18,1.146e-19,,2.284e-16,1.377e+1,2.802e-12,2.135e-7,1.564e-20,4.541e-15,5.861e-18,,,,3.201e-18,1.102e-26,2.415e-17,,1.353e-10,5.269e-19,,,3.021e-21,7.887e-17,2.790e-19,1.202e-28,,8.354e-22,5.913e-1,1.323e-16,5.295e-1,,9.290e-9,1.395e-5,1.163e-1,,,,,1.215e-18,,,,,,,,,,,,,,
703.59,1.606e+1,4.667e-20,2.656e-10,3.775e-24,1.407e-17,,,1.346e-18,1.146e-19,,2.282e-16,1.483e+1,2.514e-12,1.504e-7,1.559e-20,5.183e-15,5.893e-18,,,,3.201e-18,1.537e-26,2.419e-17,,1.067e-10,5.278e-19,,,3.023e-21,7.890e-17,2.810e-19,1.203e-28,,8.357e-22,5.877e-1,1.323e-16,5.472e-1,,1.293e-8,1.883e-5,9.843e-2,,,,,1.213e-18,,,,,,,,,,,,,,
703.61,1.678e+1,4.664e-20,2.883e-10,3.813e-24,1.408e-17,,,1.346e-18,1.147e-19,,2.280e-16,1.554e+1,2.333e-12,1.189e-7,1.555e-20,5.652e-15,5.914e-18,,,,3.202e-18,1.915e-26,2.422e-17,,9.092e-11,5.284e-19,,,3.024e-21,7.892e-17,2.824e-19,1.203e-28,,8.359e-22,5.842e-1,1.324e-16,5.626e-1,,1.609e-8,2.295e-5,8.788e-2,,,,,1.211e-18,,,,,,,,,,,,,,
703.64,1.787e+1,4.659e-20,3.253e-10,3.860e-24,1.408e-17,,,1.346e-18,1.147e-19,,2.278e-16,1.663e+1,2.081e-12,8.326e-8,1.550e-20,6.423e-15,5.946e-18,,,,3.202e-18,2.657e-26,2.426e-17,,7.130e-11,5.293e-19,,,3.025e-21,7.896e-17,2.844e-19,1.203e-28,,8.361e-22,5.773e-1,1.324e-16,5.913e-1,,2.226e-8,3.080e-5,7.393e-2,,,,,1.209e-18,,,,,,,,,,,,,,
703.66,1.862e+1,4.655e-20,3.519e-10,3.884e-24,1.408e-17,,,1.346e-18,1.147e-19,,2.277e-16,1.737e+1,1.924e-12,6.555e-8,1.546e-20,6.984e-15,5.967e-18,,,,3.203e-18,3.298e-26,2.428e-17,,6.051e-11,5.299e-19,,,3.026e-21,7.898e-17,2.858e-19,1.203e-28,,8.363e-22,5.716e-1,1.324e-16,6.141e-1,,2.759e-8,3.739e-5,6.576e-2,,,,,1.207e-18,,,,,,,,,,,,,,
703.68,1.937e+1,4.652e-20,3.801e-10,3.902e-24,1.409e-17,,,1.346e-18,1.148e-19,,2.276e-16,1.811e+1,1.777e-12,5.152e-8,1.543e-20,7.583e-15,5.988e-18,,,,3.203e-18,4.087e-26,2.431e-17,,5.128e-11,5.304e-19,,,3.027e-21,7.900e-17,2.871e-19,1.203e-28,,8.364e-22,5.652e-1,1.324e-16,6.396e-1,,3.415e-8,4.534e-5,5.840e-2,,,,,1.205e-18,,,,,,,,,,,,,,
703.71,2.050e+1,4.647e-20,4.257e-10,3.918e-24,1.409e-17,,,1.346e-18,1.148e-19,,2.274e-16,1.922e+1,1.572e-12,3.580e-8,1.538e-20,8.558e-15,6.019e-18,,,,3.204e-18,5.623e-26,2.435e-17,,3.989e-11,5.313e-19,,,3.028e-21,7.903e-17,2.892e-19,1.203e-28,,8.367e-22,5.541e-1,1.324e-16,6.832e-1,,4.687e-8,6.034e-5,4.873e-2,,,,,1.203e-18,,,,,,,,,,,,,,
703.73,2.127e+1,4.643e-20,4.583e-10,3.921e-24,1.410e-17,,,1.346e-18,1.149e-19,,2.272e-16,1.996e+1,1.445e-12,2.803e-8,1.534e-20,9.260e-15,6.040e-18,,,,3.204e-18,6.943e-26,2.437e-17,,3.367e-11,5.319e-19,,,3.029e-21,7.906e-17,2.905e-19,1.203e-28,,8.368e-22,5.458e-1,1.325e-16,7.156e-1,,5.778e-8,7.288e-5,4.310e-2,,,,,1.201e-18,,,,,,,,,,,,,,
703.76,2.240e+1,4.638e-20,5.107e-10,3.914e-24,1.410e-17,,,1.345e-18,1.149e-19,,2.271e-16,2.107e+1,1.271e-12,1.936e-8,1.529e-20,1.039e-14,6.072e-18,,,,3.205e-18,9.498e-26,2.441e-17,,2.603e-11,5.328e-19,,,3.031e-21,7.909e-17,2.926e-19,1.203e-28,,8.371e-22,5.321e-1,1.325e-16,7.693e-1,,7.887e-8,9.645e-5,3.576e-2,,,,,1.199e-18,,,,,,,,,,,,,,
703.78,2.316e+1,4.635e-20,5.480e-10,3.902e-24,1.410e-17,,,1.345e-18,1.149e-19,,2.269e-16,2.180e+1,1.165e-12,1.510e-8,1.525e-20,1.121e-14,6.093e-18,,,,3.205e-18,1.168e-25,2.444e-17,,2.189e-11,5.334e-19,,,3.032e-21,7.911e-17,2.939e-19,1.203e-28,,8.373e-22,5.222e-1,1.325e-16,8.083e-1,,9.686e-8,1.160e-4,3.151e-2,,,,,1.197e-18,,,,,,,,,,,,,,
703.81,2.428e+1,4.630e-20,6.075e-10,3.873e-24,1.411e-17,,,1.345e-18,1.150e-19,,3.842e-16,2.287e+1,1.018e-12,1.037e-8,1.520e-20,1.251e-14,6.125e-18,,,,3.206e-18,1.589e-25,2.448e-17,,1.683e-11,5.343e-19,,,3.033e-21,7.914e-17,2.960e-19,1.203e-28,,8.375e-22,5.064e-1,1.325e-16,8.713e-1,,1.314e-7,1.527e-4,2.599e-2,,,,,1.194e-18,,,,,,,,,,,,,,
703.83,2.501e+1,4.627e-20,6.496e-10,3.846e-24,1.411e-17,,,1.345e-18,1.150e-19,,5.448e-16,2.357e+1,9.293e-13,8.059e-9,1.516e-20,1.344e-14,6.146e-18,,,,3.206e-18,1.947e-25,2.451e-17,,1.410e-11,5.349e-19,,,3.034e-21,7.917e-17,2.973e-19,1.203e-28,,8.377e-22,4.952e-1,1.326e-16,9.164e-1,,1.608e-7,1.830e-4,2.281e-2,,,,,1.193e-18,,,,,,,,,,,,,,
703.86,2.608e+1,4.622e-20,7.167e-10,3.795e-24,1.412e-17,,,1.345e-18,1.151e-19,,1.381e-15,2.460e+1,8.078e-13,5.503e-9,1.511e-20,1.491e-14,6.178e-18,,,,3.206e-18,2.633e-25,2.455e-17,,1.077e-11,5.358e-19,,,3.035e-21,7.920e-17,2.994e-19,1.203e-28,,8.379e-22,4.775e-1,1.326e-16,9.881e-1,,2.170e-7,2.394e-4,1.870e-2,,,,,1.190e-18,,,,,,,,,,,,,,
703.88,2.677e+1,4.618e-20,7.639e-10,3.754e-24,1.412e-17,,,1.345e-18,1.151e-19,,1.954e-15,2.525e+1,7.344e-13,4.259e-9,1.507e-20,1.596e-14,6.199e-18,,,,3.207e-18,3.213e-25,2.457e-17,,8.989e-12,5.364e-19,,,3.036e-21,7.922e-17,3.007e-19,1.203e-28,,8.381e-22,4.653e-1,1.326e-16,1.039e+0,,2.644e-7,2.858e-4,1.636e-2,,,,,1.189e-18,,,,,,,,,,,,,,
703.91,2.778e+1,4.613e-20,8.387e-10,3.683e-24,1.412e-17,,,1.345e-18,1.152e-19,,3.279e-15,2.620e+1,6.347e-13,2.892e-9,1.502e-20,1.761e-14,6.230e-18,,,,3.207e-18,4.321e-25,2.461e-17,,6.830e-12,5.373e-19,,,3.037e-21,7.925e-17,3.028e-19,1.203e-28,,8.383e-22,4.465e-1,1.326e-16,1.118e+0,,3.547e-7,3.718e-4,1.333e-2,,,,,1.186e-18,,,,,,,,,,,,,,
703.93,2.842e+1,4.610e-20,8.911e-10,3.629e-24,1.413e-17,,,1.345e-18,1.152e-19,,4.621e-15,2.680e+1,5.748e-13,2.229e-9,1.498e-20,1.878e-14,6.251e-18,,,,3.208e-18,5.253e-25,2.464e-17,,5.677e-12,5.379e-19,,,3.038e-21,7.928e-17,3.041e-19,1.203e-28,,8.385e-22,4.336e-1,1.326e-16,1.173e+0,,4.306e-7,4.422e-4,1.161e-2,,,,,1.184e-18,,,,,,,,,,,,,,
703.96,2.933e+1,4.605e-20,9.737e-10,3.540e-24,1.413e-17,,,1.345e-18,1.152e-19,,7.708e-15,2.764e+1,4.939e-13,1.505e-9,1.493e-20,2.060e-14,6.283e-18,,,,3.208e-18,7.023e-25,2.468e-17,,4.289e-12,5.388e-19,,,3.040e-21,7.931e-17,3.062e-19,1.203e-28,,8.387e-22,4.140e-1,1.327e-16,1.259e+0,,5.744e-7,5.719e-4,9.412e-3,,,,,1.182e-18,,,,,,,,,,,,,,
703.98,2.990e+1,4.601e-20,1.031e-9,3.475e-24,1.414e-17,,,1.345e-18,1.153e-19,,1.082e-14,2.817e+1,4.455e-13,1.156e-9,1.490e-20,2.188e-14,6.304e-18,,,,3.209e-18,8.507e-25,2.470e-17,,3.551e-12,5.394e-19,,,3.041e-21,7.933e-17,3.075e-19,1.203e-28,,8.389e-22,4.008e-1,1.327e-16,1.318e+0,,6.946e-7,6.776e-4,8.166e-3,,,,,1.180e-18,,,,,,,,,,,,,,
704.01,3.069e+1,4.596e-20,1.122e-9,3.370e-24,1.414e-17,,,1.345e-18,1.153e-19,,1.795e-14,2.889e+1,3.806e-13,7.754e-10,1.484e-20,2.387e-14,6.336e-18,,,,3.209e-18,1.131e-24,2.474e-17,,2.667e-12,5.403e-19,,,3.042e-21,7.936e-17,3.096e-19,1.203e-28,,8.392e-22,3.810e-1,1.327e-16,1.408e+0,,9.212e-7,8.713e-4,6.580e-3,,,,,1.178e-18,,,,,,,,,,,,,,
704.03,3.117e+1,4.593e-20,1.184e-9,3.295e-24,1.414e-17,,,1.345e-18,1.153e-19,,2.511e-14,2.933e+1,3.420e-13,5.932e-10,1.481e-20,2.525e-14,6.357e-18,,,,3.210e-18,1.364e-24,2.477e-17,,2.200e-12,5.409e-19,,,3.043e-21,7.939e-17,3.109e-19,1.203e-28,,8.393e-22,3.678e-1,1.327e-16,1.470e+0,,1.110e-6,1.028e-3,5.687e-3,,,,,1.176e-18,,,,,,,,,,,,,,
704.05,3.162e+1,4.590e-20,1.249e-9,3.217e-24,1.415e-17,,,1.345e-18,1.154e-19,,3.506e-14,2.973e+1,3.068e-13,4.531e-10,1.477e-20,2.667e-14,6.378e-18,,,,3.210e-18,1.644e-24,2.480e-17,,1.812e-12,5.415e-19,,,3.044e-21,7.941e-17,3.123e-19,1.203e-28,,8.395e-22,3.547e-1,1.328e-16,1.533e+0,,1.335e-6,1.212e-3,4.907e-3,,,,,1.174e-18,,,,,,,,,,,,,,
704.08,3.222e+1,4.584e-20,1.350e-9,3.095e-24,1.415e-17,,,1.345e-18,1.154e-19,,5.770e-14,3.026e+1,2.600e-13,3.016e-10,1.472e-20,2.887e-14,6.410e-18,,,,3.210e-18,2.167e-24,2.484e-17,,1.351e-12,5.424e-19,,,3.045e-21,7.944e-17,3.143e-19,1.203e-28,,8.397e-22,3.353e-1,1.328e-16,1.627e+0,,1.756e-6,1.546e-3,3.922e-3,,,,,1.172e-18,,,,,,,,,,,,,,
704.1,3.257e+1,4.581e-20,1.420e-9,3.010e-24,1.416e-17,,,1.345e-18,1.155e-19,,8.027e-14,3.055e+1,2.323e-13,2.295e-10,1.468e-20,3.038e-14,6.431e-18,,,,3.211e-18,2.601e-24,2.486e-17,,1.109e-12,5.430e-19,,,3.046e-21,7.946e-17,3.157e-19,1.204e-28,,8.399e-22,3.227e-1,1.328e-16,1.691e+0,,2.105e-6,1.815e-3,3.371e-3,,,,,1.170e-18,,,,,,,,,,,,,,
704.13,3.302e+1,4.576e-20,1.528e-9,2.878e-24,1.416e-17,,,1.345e-18,1.155e-19,,1.313e-13,3.092e+1,1.957e-13,1.518e-10,1.463e-20,3.269e-14,6.462e-18,,,,3.211e-18,3.410e-24,2.490e-17,,8.234e-13,5.439e-19,,,3.048e-21,7.950e-17,3.177e-19,1.204e-28,,8.401e-22,3.043e-1,1.328e-16,1.786e+0,,2.753e-6,2.301e-3,2.679e-3,,,,,1.168e-18,,,,,,,,,,,,,,
704.15,3.326e+1,4.573e-20,1.602e-9,2.789e-24,1.416e-17,,,1.345e-18,1.155e-19,,1.820e-13,3.111e+1,1.743e-13,1.151e-10,1.459e-20,3.426e-14,6.483e-18,,,,3.212e-18,4.077e-24,2.493e-17,,6.746e-13,5.445e-19,,,3.049e-21,7.952e-17,3.191e-19,1.204e-28,,8.403e-22,2.923e-1,1.328e-16,1.849e+0,,3.286e-6,2.691e-3,2.294e-3,,,,,1.166e-18,,,,,,,,,,,,,,
704.18,3.354e+1,7.747e-20,1.717e-9,2.652e-24,1.417e-17,,,1.344e-18,1.156e-19,,2.961e-13,3.132e+1,1.460e-13,7.572e-11,1.454e-20,3.666e-14,6.515e-18,,,,3.212e-18,5.314e-24,2.497e-17,,5.004e-13,5.454e-19,,,3.050e-21,7.955e-17,3.211e-19,1.204e-28,,8.406e-22,2.752e-1,1.329e-16,1.943e+0,,4.274e-6,3.394e-3,1.812e-3,,,,,1.163e-18,,,,,,,,,,,,,,
704.2,3.367e+1,1.099e-19,1.795e-9,2.559e-24,1.417e-17,,,1.344e-18,1.156e-19,,4.089e-13,3.140e+1,1.294e-13,5.717e-11,1.450e-20,3.827e-14,6.536e-18,,,,3.213e-18,6.329e-24,2.499e-17,,4.107e-13,5.460e-19,,,3.051e-21,7.957e-17,3.225e-19,1.204e-28,,8.407e-22,2.643e-1,1.329e-16,2.005e+0,,5.082e-6,3.953e-3,1.546e-3,,,,,1.162e-18,,,,,,,,,,,,,,
704.23,3.378e+1,1.851e-19,1.916e-9,2.419e-24,1.418e-17,,,1.344e-18,1.157e-19,,6.614e-13,3.143e+1,1.078e-13,3.739e-11,1.445e-20,4.071e-14,6.568e-18,,,,3.213e-18,8.202e-24,2.503e-17,,3.072e-13,5.469e-19,,,3.052e-21,7.961e-17,3.245e-19,1.204e-28,,8.410e-22,2.487e-1,1.329e-16,2.095e+0,,6.572e-6,4.956e-3,1.214e-3,,,,,1.159e-18,,,,,,,,,,,,,,
704.25,3.380e+1,2.616e-19,1.998e-9,2.326e-24,1.418e-17,,,1.344e-18,1.157e-19,,9.098e-13,3.140e+1,9.521e-14,2.812e-11,1.441e-20,4.234e-14,6.589e-18,,,,3.214e-18,9.732e-24,2.506e-17,,2.552e-13,5.475e-19,,,3.053e-21,7.963e-17,3.259e-19,1.204e-28,,8.411e-22,2.390e-1,1.329e-16,2.153e+0,,7.785e-6,5.752e-3,1.031e-3,,,,,1.157e-18,,,,,,,,,,,,,,
704.28,3.374e+1,4.381e-19,2.124e-9,2.186e-24,1.419e-17,,,1.344e-18,1.158e-19,,1.463e-12,3.127e+1,7.882e-14,1.829e-11,1.436e-20,4.478e-14,6.621e-18,,,,3.214e-18,1.254e-23,2.510e-17,,1.975e-13,5.484e-19,,,3.055e-21,7.966e-17,3.279e-19,1.204e-28,,8.414e-22,2.254e-1,1.330e-16,2.238e+0,,1.001e-5,7.170e-3,8.053e-4,,,,,1.155e-18,,,,,,,,,,,,,,
704.3,3.365e+1,6.167e-19,2.209e-9,2.093e-24,1.419e-17,,,1.344e-18,1.158e-19,,2.005e-12,3.113e+1,6.936e-14,1.370e-11,1.433e-20,4.640e-14,6.642e-18,,,,3.215e-18,1.482e-23,2.513e-17,,1.703e-13,5.490e-19,,,3.055e-21,7.968e-17,3.293e-19,1.204e-28,,8.415e-22,2.170e-1,1.330e-16,2.291e+0,,1.181e-5,8.289e-3,6.816e-4,,,,,1.153e-18,,,,,,,,,,,,,,
704.33,3.343e+1,1.027e-18,2.339e-9,1.956e-24,1.419e-17,,,1.344e-18,1.158e-19,,3.207e-12,3.085e+1,5.709e-14,8.857e-12,1.427e-20,4.879e-14,6.673e-18,,,,3.215e-18,1.899e-23,2.516e-17,,1.438e-13,5.499e-19,,,3.057e-21,7.972e-17,3.313e-19,1.204e-28,,8.418e-22,2.055e-1,1.330e-16,2.368e+0,,1.510e-5,1.027e-2,5.291e-4,,,,,1.151e-18,,,,,,,,,,,,,,
704.35,3.324e+1,1.440e-18,2.427e-9,1.866e-24,1.420e-17,,,1.344e-18,1.159e-19,,4.377e-12,3.061e+1,5.004e-14,6.610e-12,1.424e-20,5.036e-14,6.694e-18,,,,3.215e-18,2.236e-23,2.519e-17,,1.347e-13,5.505e-19,,,3.058e-21,7.974e-17,3.327e-19,1.204e-28,,8.420e-22,1.986e-1,1.330e-16,2.415e+0,,1.775e-5,1.183e-2,4.461e-4,,,,,1.149e-18,,,,,,,,,,,,,,
704.38,3.287e+1,2.385e-18,2.561e-9,1.734e-24,1.420e-17,,,1.344e-18,1.159e-19,,6.961e-12,3.018e+1,4.095e-14,4.249e-12,1.418e-20,5.265e-14,6.726e-18,,,,3.216e-18,2.848e-23,2.523e-17,,1.329e-13,5.514e-19,,,3.059e-21,7.977e-17,3.347e-19,1.204e-28,,8.422e-22,1.895e-1,1.331e-16,2.481e+0,,2.256e-5,1.458e-2,3.443e-4,,,,,1.147e-18,,,,,,,,,,,,,,
704.4,3.258e+1,3.332e-18,2.651e-9,1.648e-24,1.420e-17,,,1.344e-18,1.159e-19,,9.466e-12,2.986e+1,3.576e-14,3.158e-12,1.415e-20,5.413e-14,6.747e-18,,,,3.216e-18,3.340e-23,2.526e-17,,1.395e-13,5.520e-19,,,3.060e-21,7.979e-17,3.361e-19,1.204e-28,,8.424e-22,1.842e-1,1.331e-16,2.522e+0,,2.642e-5,1.673e-2,2.891e-4,,,,,1.145e-18,,,,,,,,,,,,,,
704.43,3.208e+1,5.486e-18,2.787e-9,1.522e-24,1.421e-17,,,1.344e-18,1.160e-19,,1.497e-11,2.931e+1,2.909e-14,2.018e-12,1.409e-20,5.626e-14,6.779e-18,,,,3.217e-18,4.230e-23,2.530e-17,,1.618e-13,5.529e-19,,,3.061e-21,7.983e-17,3.381e-19,1.204e-28,,8.426e-22,1.774e-1,1.331e-16,2.576e+0,,3.338e-5,2.049e-2,2.219e-4,,,,,1.142e-18,,,,,,,,,,,,,,
704.45,3.171e+1,7.635e-18,2.878e-9,1.441e-24,1.421e-17,,,1.344e-18,1.160e-19,,2.028e-11,2.891e+1,2.530e-14,1.495e-12,1.406e-20,5.762e-14,6.800e-18,,,,3.217e-18,4.943e-23,2.532e-17,,1.859e-13,5.535e-19,,,3.062e-21,7.985e-17,3.395e-19,1.204e-28,,8.428e-22,1.737e-1,1.331e-16,2.608e+0,,3.894e-5,2.342e-2,1.856e-4,,,,,1.141e-18,,,,,,,,,,,,,,
704.47,3.131e+1,1.061e-17,2.970e-9,1.362e-24,1.422e-17,,,1.344e-18,1.161e-19,,2.743e-11,2.848e+1,2.197e-14,1.105e-12,1.402e-20,5.892e-14,6.821e-18,,,,3.218e-18,5.766e-23,2.535e-17,,2.185e-13,5.541e-19,,,3.063e-21,7.987e-17,3.409e-19,1.204e-28,,8.429e-22,1.707e-1,1.331e-16,2.636e+0,,4.536e-5,2.672e-2,1.550e-4,,,,,1.139e-18,,,,,,,,,,,,,,
704.5,3.067e+1,1.733e-17,3.107e-9,1.248e-24,1.422e-17,,,1.344e-18,1.161e-19,,4.302e-11,2.780e+1,1.773e-14,7.004e-13,1.397e-20,6.076e-14,6.853e-18,,,,3.218e-18,7.244e-23,2.539e-17,,2.862e-13,5.550e-19,,,3.065e-21,7.990e-17,3.429e-19,1.204e-28,,8.432e-22,1.673e-1,1.332e-16,2.671e+0,,5.686e-5,3.248e-2,1.180e-4,,,,,1.137e-18,,,,,,,,,,,,,,
704.52,3.021e+1,2.399e-17,3.199e-9,1.175e-24,1.422e-17,,,1.344e-18,1.161e-19,,5.797e-11,2.732e+1,1.534e-14,5.158e-13,1.393e-20,6.189e-14,6.874e-18,,,,3.219e-18,8.419e-23,2.541e-17,,3.465e-13,5.556e-19,,,3.066e-21,7.992e-17,3.443e-19,1.204e-28,,8.434e-22,1.659e-1,1.332e-16,2.690e+0,,6.598e-5,3.692e-2,9.816e-5,,,,,1.135e-18,,,,,,,,,,,,,,
704.55,2.949e+1,3.896e-17,3.336e-9,1.070e-24,1.423e-17,,,1.344e-18,1.162e-19,,9.042e-11,2.657e+1,1.231e-14,3.250e-13,1.388e-20,6.345e-14,6.905e-18,,,,3.219e-18,1.052e-22,2.545e-17,,4.658e-13,5.565e-19,,,3.067e-21,7.996e-17,3.463e-19,1.204e-28,,8.436e-22,1.650e-1,1.332e-16,2.710e+0,,8.223e-5,4.461e-2,7.428e-5,,,,,1.132e-18,,,,,,,,,,,,,,
704.57,2.899e+1,5.372e-17,3.428e-9,1.004e-24,1.423e-17,,,1.344e-18,1.162e-19,,1.214e-10,2.606e+1,1.061e-14,2.385e-13,1.385e-20,6.438e-14,6.926e-18,,,,3.219e-18,1.217e-22,2.548e-17,,5.689e-13,5.571e-19,,,3.068e-21,7.998e-17,3.477e-19,1.204e-28,,8.438e-22,1.652e-1,1.332e-16,2.718e+0,,9.505e-5,5.051e-2,6.156e-5,,,,,1.131e-18,,,,,,,,,,,,,,
704.6,2.822e+1,8.675e-17,3.563e-9,9.088e-25,1.424e-17,,,1.344e-18,1.163e-19,,1.882e-10,2.527e+1,8.460e-15,1.494e-13,1.379e-20,6.562e-14,6.958e-18,,,,3.220e-18,1.512e-22,2.552e-17,,7.688e-13,5.580e-19,,,3.069e-21,8.001e-17,3.497e-19,1.204e-28,,8.440e-22,1.666e-1,1.332e-16,2.723e+0,,1.178e-4,6.069e-2,4.631e-5,,,,,1.128e-18,,,,,,,,,,,,,,
704.62,2.770e+1,1.192e-16,3.653e-9,8.491e-25,1.424e-17,,,1.343e-18,1.163e-19,,2.517e-10,2.475e+1,7.262e-15,1.092e-13,1.376e-20,6.633e-14,6.979e-18,,,,3.220e-18,1.744e-22,2.555e-17,,9.395e-13,5.586e-19,,,3.070e-21,8.003e-17,3.511e-19,1.205e-28,,8.442e-22,1.683e-1,1.333e-16,2.721e+0,,1.356e-4,6.846e-2,3.823e-5,,,,,1.126e-18,,,,,,,,,,,,,,
704.65,2.692e+1,1.914e-16,3.786e-9,7.646e-25,1.425e-17,,,1.343e-18,1.164e-19,,3.882e-10,2.395e+1,5.759e-15,6.800e-14,1.370e-20,6.722e-14,7.011e-18,,,,3.221e-18,2.154e-22,2.559e-17,,1.267e-12,5.594e-19,,,3.072e-21,8.007e-17,3.531e-19,1.205e-28,,8.444e-22,1.719e-1,1.333e-16,2.710e+0,,1.671e-4,8.178e-2,2.860e-5,,,,,1.124e-18,,,,,,,,,,,,,,
704.67,2.639e+1,2.619e-16,3.874e-9,7.116e-25,1.425e-17,,,1.343e-18,1.164e-19,,5.172e-10,2.343e+1,4.924e-15,4.950e-14,1.367e-20,6.769e-14,7.032e-18,,,,3.221e-18,2.474e-22,2.561e-17,,1.545e-12,5.600e-19,,,3.073e-21,8.009e-17,3.545e-19,1.205e-28,,8.446e-22,1.750e-1,1.333e-16,2.697e+0,,1.917e-4,9.190e-2,2.352e-5,,,,,1.122e-18,,,,,,,,,,,,,,
704.7,2.562e+1,4.181e-16,4.003e-9,6.370e-25,1.425e-17,,,1.343e-18,1.164e-19,,7.929e-10,2.266e+1,3.883e-15,3.065e-14,1.361e-20,6.820e-14,7.064e-18,,,,3.222e-18,3.038e-22,2.565e-17,,2.075e-12,5.609e-19,,,3.074e-21,8.012e-17,3.565e-19,1.205e-28,,8.448e-22,1.805e-1,1.333e-16,2.671e+0,,2.348e-4,1.092e-1,1.749e-5,,,,,1.120e-18,,,,,,,,,,,,,,
704.72,2.511e+1,5.701e-16,4.088e-9,5.906e-25,1.426e-17,,,1.343e-18,1.165e-19,,1.052e-9,2.215e+1,3.307e-15,2.223e-14,1.358e-20,6.841e-14,7.085e-18,,,,3.222e-18,3.476e-22,2.568e-17,,2.521e-12,5.615e-19,,,3.075e-21,8.014e-17,3.579e-19,1.205e-28,,8.450e-22,1.849e-1,1.334e-16,2.648e+0,,2.683e-4,1.222e-1,1.433e-5,,,,,1.118e-18,,,,,,,,,,,,,,
704.75,2.437e+1,9.049e-16,4.212e-9,5.256e-25,1.426e-17,,,1.343e-18,1.165e-19,,1.604e-9,2.142e+1,2.592e-15,1.368e-14,1.352e-20,6.853e-14,7.116e-18,,,,3.223e-18,4.244e-22,2.572e-17,,3.367e-12,5.624e-19,,,3.076e-21,8.018e-17,3.599e-19,1.205e-28,,8.453e-22,1.923e-1,1.334e-16,2.607e+0,,3.268e-4,1.443e-1,1.059e-5,,,,,1.116e-18,,,,,,,,,,,,,,
704.77,2.389e+1,1.229e-15,4.293e-9,4.854e-25,1.427e-17,,,1.343e-18,1.166e-19,,2.121e-9,2.096e+1,2.200e-15,9.884e-15,1.349e-20,6.847e-14,7.137e-18,,,,3.223e-18,4.838e-22,2.574e-17,,4.076e-12,5.630e-19,,,3.077e-21,8.020e-17,3.613e-19,1.205e-28,,8.454e-22,1.977e-1,1.334e-16,2.576e+0,,3.720e-4,1.609e-1,8.642e-6,,,,,1.114e-18,,,,,,,,,,,,,,
704.8,2.321e+1,1.940e-15,4.410e-9,4.296e-25,1.427e-17,,,1.343e-18,1.166e-19,,3.216e-9,2.029e+1,1.714e-15,6.050e-15,1.344e-20,6.820e-14,7.169e-18,,,,3.224e-18,5.873e-22,2.578e-17,,5.414e-12,5.639e-19,,,3.079e-21,8.023e-17,3.633e-19,1.205e-28,,8.457e-22,2.066e-1,1.334e-16,2.521e+0,,4.505e-4,1.889e-1,6.352e-6,,,,,1.111e-18,,,,,,,,,,,,,,
704.82,2.278e+1,2.625e-15,4.486e-9,3.952e-25,1.427e-17,,,1.343e-18,1.166e-19,,4.235e-9,1.988e+1,1.449e-15,4.353e-15,1.340e-20,6.788e-14,7.190e-18,,,,3.224e-18,6.670e-22,2.581e-17,,6.530e-12,5.645e-19,,,3.079e-21,8.025e-17,3.647e-19,1.205e-28,,8.458e-22,2.129e-1,1.334e-16,2.481e+0,,5.109e-4,2.098e-1,5.163e-6,,,,,1.110e-18,,,,,,,,,,,,,,
704.84,2.237e+1,3.546e-15,4.561e-9,3.630e-25,1.428e-17,,,1.343e-18,1.167e-19,,5.570e-9,1.948e+1,1.223e-15,3.127e-15,1.336e-20,6.747e-14,7.211e-18,,,,3.224e-18,7.563e-22,2.584e-17,,7.863e-12,5.651e-19,,,3.080e-21,8.028e-17,3.660e-19,1.205e-28,,8.460e-22,2.196e-1,1.335e-16,2.437e+0,,5.785e-4,2.327e-1,4.190e-6,,,,,1.108e-18,,,,,,,,,,,,,,
704.87,2.181e+1,5.552e-15,4.668e-9,3.186e-25,1.428e-17,,,1.343e-18,1.167e-19,,8.376e-9,1.894e+1,9.451e-16,1.899e-15,1.331e-20,6.665e-14,7.243e-18,,,,3.225e-18,9.107e-22,2.588e-17,,1.036e-11,5.660e-19,,,3.082e-21,8.031e-17,3.681e-19,1.205e-28,,8.462e-22,2.300e-1,1.335e-16,2.367e+0,,6.949e-4,2.711e-1,3.055e-6,,,,,1.106e-18,,,,,,,,,,,,,,
704.89,2.147e+1,7.472e-15,4.736e-9,2.915e-25,1.428e-17,,,1.343e-18,1.167e-19,,1.097e-8,1.862e+1,7.945e-16,1.359e-15,1.328e-20,6.599e-14,7.264e-18,,,,3.225e-18,1.029e-21,2.590e-17,,1.243e-11,5.666e-19,,,3.083e-21,8.033e-17,3.694e-19,1.205e-28,,8.464e-22,2.373e-1,1.335e-16,2.316e+0,,7.838e-4,2.995e-1,2.470e-6,,,,,1.104e-18,,,,,,,,,,,,,,
704.92,2.101e+1,1.163e-14,4.834e-9,2.544e-25,1.429e-17,,,1.343e-18,1.168e-19,,1.641e-8,1.818e+1,6.106e-16,8.200e-16,1.322e-20,6.482e-14,7.296e-18,,,,3.226e-18,1.232e-21,2.594e-17,,1.629e-11,5.675e-19,,,3.084e-21,8.036e-17,3.715e-19,1.205e-28,,8.467e-22,2.485e-1,1.335e-16,2.236e+0,,9.362e-4,3.469e-1,1.790e-6,,,,,1.101e-18,,,,,,,,,,,,,,
704.94,2.075e+1,1.560e-14,4.897e-9,2.319e-25,1.429e-17,,,1.343e-18,1.168e-19,,2.142e-8,1.793e+1,5.113e-16,5.772e-16,1.319e-20,6.393e-14,7.317e-18,,,,3.226e-18,1.386e-21,2.597e-17,,1.946e-11,5.681e-19,,,3.085e-21,8.039e-17,3.728e-19,1.205e-28,,8.468e-22,2.562e-1,1.336e-16,2.180e+0,,1.052e-3,3.818e-1,1.442e-6,,,,,1.100e-18,,,,,,,,,,,,,,
704.97,2.040e+1,2.414e-14,4.985e-9,2.012e-25,1.430e-17,,,1.343e-18,1.169e-19,,3.184e-8,1.760e+1,3.907e-16,3.465e-16,1.313e-20,6.243e-14,7.348e-18,,,,3.227e-18,1.650e-21,2.601e-17,,2.536e-11,5.690e-19,,,3.086e-21,8.042e-17,3.749e-19,1.205e-28,,8.471e-22,2.678e-1,1.336e-16,2.093e+0,,1.249e-3,4.396e-1,1.039e-6,,,,,1.097e-18,,,,,,,,,,,,,,
704.99,2.022e+1,3.225e-14,5.041e-9,1.827e-25,1.430e-17,,,1.343e-18,1.169e-19,,4.140e-8,1.742e+1,3.259e-16,2.461e-16,1.310e-20,6.133e-14,7.369e-18,,,,3.227e-18,1.849e-21,2.603e-17,,3.019e-11,5.696e-19,,,3.087e-21,8.044e-17,3.762e-19,1.205e-28,,8.472e-22,2.755e-1,1.336e-16,2.033e+0,,1.398e-3,4.820e-1,8.333e-7,,,,,1.095e-18,,,,,,,,,,,,,,
705.02,2.000e+1,4.963e-14,5.119e-9,1.576e-25,1.431e-17,,,1.343e-18,1.170e-19,,6.121e-8,1.722e+1,2.476e-16,1.469e-16,1.304e-20,5.955e-14,7.401e-18,,,,3.228e-18,2.188e-21,2.607e-17,,3.910e-11,5.705e-19,,,3.089e-21,8.047e-17,3.783e-19,1.205e-28,,8.475e-22,2.872e-1,1.336e-16,1.940e+0,,1.651e-3,5.517e-1,5.970e-7,,,,,1.093e-18,,,,,,,,,,,,,,
705.04,1.989e+1,6.604e-14,5.167e-9,1.425e-25,1.431e-17,,,1.342e-18,1.170e-19,,7.929e-8,1.711e+1,2.057e-16,1.039e-16,1.301e-20,5.828e-14,7.422e-18,,,,3.228e-18,2.444e-21,2.610e-17,,4.637e-11,5.711e-19,,,3.090e-21,8.050e-17,3.796e-19,1.205e-28,,8.476e-22,2.948e-1,1.336e-16,1.878e+0,,1.841e-3,6.026e-1,4.771e-7,,,,,1.091e-18,,,,,,,,,,,,,,
705.07,1.979e+1,1.011e-13,5.235e-9,1.222e-25,1.431e-17,,,1.342e-18,1.170e-19,,1.165e-7,1.702e+1,1.554e-16,6.164e-17,1.296e-20,5.626e-14,7.454e-18,,,,3.229e-18,2.876e-21,2.614e-17,,5.972e-11,5.720e-19,,,3.091e-21,8.053e-17,3.817e-19,1.205e-28,,8.479e-22,3.061e-1,1.337e-16,1.782e+0,,2.161e-3,6.859e-1,3.398e-7,,,,,1.089e-18,,,,,,,,,,,,,,
705.09,1.977e+1,1.340e-13,5.276e-9,1.101e-25,1.432e-17,,,1.342e-18,1.171e-19,,1.504e-7,1.699e+1,1.286e-16,4.344e-17,1.292e-20,5.485e-14,7.475e-18,,,,3.229e-18,3.199e-21,2.617e-17,,7.055e-11,5.726e-19,,,3.092e-21,8.055e-17,3.830e-19,1.205e-28,,8.481e-22,3.134e-1,1.337e-16,1.718e+0,,2.400e-3,7.463e-1,2.705e-7,,,,,1.087e-18,,,,,,,,,,,,,,
705.12,1.979e+1,2.039e-13,5.333e-9,9.392e-26,1.432e-17,,,1.342e-18,1.171e-19,,2.198e-7,1.700e+1,9.655e-17,2.562e-17,1.287e-20,5.265e-14,7.507e-18,,,,3.230e-18,3.743e-21,2.621e-17,,9.034e-11,5.735e-19,,,3.093e-21,8.058e-17,3.851e-19,1.205e-28,,8.483e-22,3.240e-1,1.337e-16,1.622e+0,,2.802e-3,8.446e-1,1.915e-7,,,,,1.085e-18,,,,,,,,,,,,,,
705.14,1.984e+1,2.692e-13,5.367e-9,8.429e-26,1.433e-17,,,1.342e-18,1.172e-19,,2.826e-7,1.704e+1,7.961e-17,1.798e-17,1.283e-20,5.113e-14,7.528e-18,,,,3.230e-18,4.147e-21,2.623e-17,,1.063e-10,5.741e-19,,,3.094e-21,8.061e-17,3.864e-19,1.206e-28,,8.485e-22,3.307e-1,1.337e-16,1.557e+0,,3.100e-3,9.155e-1,1.519e-7,,,,,1.083e-18,,,,,,,,,,,,,,
705.17,1.998e+1,4.073e-13,5.413e-9,7.146e-26,1.433e-17,,,1.342e-18,1.172e-19,,4.106e-7,1.714e+1,5.943e-17,1.798e-17,1.278e-20,4.879e-14,7.559e-18,,,,3.231e-18,4.824e-21,2.627e-17,,1.354e-10,5.750e-19,,,3.096e-21,8.064e-17,3.885e-19,1.206e-28,,8.487e-22,3.402e-1,1.338e-16,1.462e+0,,3.598e-3,1.030e+0,1.069e-7,,,,,1.080e-18,,,,,,,,,,,,,,
705.19,2.010e+1,5.358e-13,5.440e-9,6.388e-26,1.433e-17,,,1.342e-18,1.172e-19,,5.259e-7,1.724e+1,4.881e-17,1.798e-17,1.274e-20,4.720e-14,7.580e-18,,,,3.231e-18,5.326e-21,2.630e-17,,1.587e-10,5.756e-19,,,3.097e-21,8.066e-17,3.898e-19,1.206e-28,,8.489e-22,3.461e-1,1.338e-16,1.399e+0,,3.966e-3,1.112e+0,8.444e-8,,,,,1.079e-18,,,,,,,,,,,,,,
705.21,2.025e+1,7.037e-13,5.465e-9,5.703e-26,1.434e-17,,,1.342e-18,1.173e-19,,6.724e-7,1.736e+1,4.003e-17,1.798e-17,1.271e-20,4.559e-14,7.602e-18,,,,3.231e-18,5.870e-21,2.632e-17,,1.858e-10,5.762e-19,,,3.097e-21,8.068e-17,3.912e-19,1.206e-28,,8.490e-22,3.516e-1,1.338e-16,1.337e+0,,4.365e-3,1.199e+0,6.659e-8,,,,,1.077e-18,,,,,,,,,,,,,,
705.24,2.053e+1,1.056e-12,5.498e-9,4.796e-26,1.434e-17,,,1.342e-18,1.173e-19,,9.695e-7,1.758e+1,2.964e-17,1.798e-17,1.265e-20,4.316e-14,7.633e-18,,,,3.232e-18,6.774e-21,2.636e-17,,2.347e-10,5.771e-19,,,3.099e-21,8.072e-17,3.932e-19,1.206e-28,,8.493e-22,3.592e-1,1.338e-16,1.246e+0,,5.025e-3,1.338e+0,4.650e-8,,,,,1.074e-18,,,,,,,,,,,,,,
705.26,2.074e+1,1.382e-12,5.517e-9,4.264e-26,1.435e-17,,,1.342e-18,1.173e-19,,1.235e-6,1.774e+1,2.421e-17,1.798e-17,1.262e-20,4.153e-14,7.654e-18,,,,3.232e-18,7.438e-21,2.639e-17,,2.737e-10,5.777e-19,,,3.100e-21,8.074e-17,3.946e-19,1.206e-28,,8.495e-22,3.636e-1,1.338e-16,1.187e+0,,5.509e-3,1.437e+0,3.653e-8,,,,,1.073e-18,,,,,,,,,,,,,,
705.29,2.109e+1,2.063e-12,5.541e-9,3.565e-26,1.435e-17,,,1.342e-18,1.174e-19,,1.770e-6,1.802e+1,1.782e-17,1.798e-17,1.256e-20,3.908e-14,7.686e-18,,,,3.233e-18,8.534e-21,2.643e-17,,3.436e-10,5.786e-19,,,3.101e-21,8.077e-17,3.967e-19,1.206e-28,,8.497e-22,3.694e-1,1.339e-16,1.101e+0,,6.306e-3,1.595e+0,2.536e-8,,,,,1.070e-18,,,,,,,,,,,,,,
705.31,2.135e+1,2.689e-12,5.555e-9,3.158e-26,1.435e-17,,,1.342e-18,1.174e-19,,2.246e-6,1.822e+1,1.450e-17,1.798e-17,1.253e-20,3.746e-14,7.707e-18,,,,3.233e-18,9.334e-21,2.646e-17,,3.992e-10,5.792e-19,,,3.102e-21,8.079e-17,3.980e-19,1.206e-28,,8.499e-22,3.726e-1,1.339e-16,1.045e+0,,6.888e-3,1.707e+0,1.985e-8,,,,,1.069e-18,,,,,,,,,,,,,,
705.34,2.176e+1,3.990e-12,5.574e-9,2.625e-26,1.436e-17,,,1.342e-18,1.175e-19,,3.202e-6,1.853e+1,1.061e-17,1.798e-17,1.247e-20,3.505e-14,7.739e-18,,,,3.234e-18,1.065e-20,2.650e-17,,4.985e-10,5.801e-19,,,3.103e-21,8.083e-17,4.001e-19,1.206e-28,,8.501e-22,3.765e-1,1.339e-16,9.651e-1,,7.839e-3,1.883e+0,1.370e-8,,,,,1.066e-18,,,,,,,,,,,,,,
705.36,2.206e+1,5.181e-12,5.584e-9,2.316e-26,1.436e-17,,,1.342e-18,1.175e-19,,4.048e-6,1.875e+1,8.604e-18,1.798e-17,1.244e-20,3.347e-14,7.760e-18,,,,3.234e-18,1.160e-20,2.652e-17,,5.769e-10,5.807e-19,,,3.104e-21,8.085e-17,4.014e-19,1.206e-28,,8.503e-22,3.784e-1,1.339e-16,9.140e-1,,8.528e-3,2.007e+0,1.068e-8,,,,,1.064e-18,,,,,,,,,,,,,,
705.39,2.251e+1,7.644e-12,5.597e-9,1.914e-26,1.437e-17,,,1.342e-18,1.176e-19,,5.737e-6,1.908e+1,6.261e-18,1.798e-17,1.239e-20,3.114e-14,7.791e-18,,,,3.235e-18,1.316e-20,2.656e-17,,7.161e-10,5.816e-19,,,3.106e-21,8.088e-17,4.035e-19,1.206e-28,,8.505e-22,3.802e-1,1.340e-16,8.408e-1,,9.651e-3,2.202e+0,7.327e-9,,,,,1.062e-18,,,,,,,,,,,,,,
705.41,2.283e+1,9.888e-12,5.605e-9,1.683e-26,1.437e-17,,,1.342e-18,1.176e-19,,7.226e-6,1.931e+1,5.055e-18,1.798e-17,1.235e-20,2.962e-14,7.812e-18,,,,3.235e-18,1.428e-20,2.659e-17,,8.256e-10,5.822e-19,,,3.107e-21,8.090e-17,4.048e-19,1.206e-28,,8.507e-22,3.807e-1,1.340e-16,7.945e-1,,1.046e-2,2.337e+0,5.689e-9,,,,,1.060e-18,,,,,,,,,,,,,,
705.44,2.331e+1,1.451e-11,5.616e-9,1.382e-26,1.437e-17,,,1.342e-18,1.176e-19,,1.018e-5,1.964e+1,3.657e-18,1.798e-17,1.230e-20,2.740e-14,7.844e-18,,,,3.235e-18,1.611e-20,2.663e-17,,1.019e-9,5.831e-19,,,3.108e-21,8.094e-17,4.069e-19,1.206e-28,,8.509e-22,3.803e-1,1.340e-16,7.291e-1,,1.177e-2,2.549e+0,3.881e-9,,,,,1.058e-18,,,,,,,,,,,,,,
705.46,2.364e+1,1.869e-11,5.623e-9,1.210e-26,1.438e-17,,,1.342e-18,1.177e-19,,1.278e-5,1.986e+1,2.941e-18,1.798e-17,1.226e-20,2.596e-14,7.865e-18,,,,3.236e-18,1.742e-20,2.665e-17,,1.170e-9,5.837e-19,,,3.109e-21,8.096e-17,4.082e-19,1.206e-28,,8.511e-22,3.794e-1,1.340e-16,6.881e-1,,1.271e-2,2.696e+0,3.002e-9,,,,,1.056e-18,,,,,,,,,,,,,,
705.49,2.412e+1,2.727e-11,5.633e-9,9.888e-27,1.438e-17,,,1.341e-18,1.177e-19,,1.790e-5,2.018e+1,2.116e-18,1.798e-17,1.221e-20,2.387e-14,7.897e-18,,,,3.236e-18,1.953e-20,2.669e-17,,1.436e-9,5.846e-19,,,3.110e-21,8.099e-17,4.103e-19,1.206e-28,,8.513e-22,3.769e-1,1.340e-16,6.307e-1,,1.421e-2,2.924e+0,2.036e-9,,,,,1.054e-18,,,,,,,,,,,,,,
705.51,2.444e+1,3.501e-11,5.641e-9,8.624e-27,1.439e-17,,,1.341e-18,1.178e-19,,2.237e-5,2.038e+1,1.695e-18,1.798e-17,1.217e-20,2.253e-14,7.918e-18,,,,3.237e-18,2.104e-20,2.672e-17,,1.643e-9,5.852e-19,,,3.111e-21,8.101e-17,4.116e-19,1.206e-28,,8.515e-22,3.746e-1,1.341e-16,5.953e-1,,1.529e-2,3.081e+0,1.569e-9,,,,,1.052e-18,,,,,,,,,,,,,,
705.54,2.492e+1,5.078e-11,5.654e-9,7.005e-27,1.439e-17,,,1.341e-18,1.178e-19,,3.117e-5,2.066e+1,1.212e-18,1.798e-17,1.212e-20,2.060e-14,7.950e-18,,,,3.237e-18,2.345e-20,2.676e-17,,2.005e-9,5.861e-19,,,3.113e-21,8.105e-17,4.137e-19,1.206e-28,,8.518e-22,3.700e-1,1.341e-16,5.463e-1,,1.700e-2,3.322e+0,1.058e-9,,,,,1.049e-18,,,,,,,,,,,,,,
705.56,2.522e+1,6.494e-11,5.663e-9,6.086e-27,1.439e-17,,,1.341e-18,1.178e-19,,3.881e-5,2.083e+1,9.674e-19,1.798e-17,1.208e-20,1.937e-14,7.971e-18,,,,3.238e-18,2.516e-20,2.678e-17,,2.285e-9,5.867e-19,,,3.114e-21,8.107e-17,4.150e-19,1.206e-28,,8.519e-22,3.663e-1,1.341e-16,5.165e-1,,1.822e-2,3.487e+0,8.119e-10,,,,,1.048e-18,,,,,,,,,,,,,,
705.58,2.552e+1,8.293e-11,5.674e-9,5.280e-27,1.440e-17,,,1.341e-18,1.179e-19,,4.825e-5,2.099e+1,7.709e-19,1.798e-17,1.205e-20,1.818e-14,7.992e-18,,,,3.238e-18,2.696e-20,2.681e-17,,2.601e-9,5.873e-19,,,3.115e-21,8.109e-17,4.164e-19,1.206e-28,,8.521e-22,3.621e-1,1.341e-16,4.889e-1,,1.949e-2,3.654e+0,6.222e-10,,,,,1.046e-18,,,,,,,,,,,,,,
705.61,2.594e+1,1.193e-10,5.693e-9,4.253e-27,1.440e-17,,,1.341e-18,1.179e-19,,6.670e-5,2.120e+1,5.468e-19,1.798e-17,1.199e-20,1.649e-14,8.023e-18,,,,3.239e-18,2.982e-20,2.685e-17,,3.148e-9,5.881e-19,,,3.116e-21,8.112e-17,4.184e-19,1.206e-28,,8.523e-22,3.548e-1,1.342e-16,4.518e-1,,2.150e-2,3.908e+0,4.162e-10,,,,,1.043e-18,,,,,,,,,,,,,,
705.63,2.620e+1,1.518e-10,5.707e-9,3.676e-27,1.441e-17,,,1.341e-18,1.179e-19,,8.260e-5,2.132e+1,4.340e-19,1.798e-17,1.196e-20,1.542e-14,8.045e-18,,,,3.239e-18,3.182e-20,2.688e-17,,3.569e-9,5.887e-19,,,3.117e-21,8.115e-17,4.198e-19,1.206e-28,,8.525e-22,3.494e-1,1.342e-16,4.298e-1,,2.291e-2,4.080e+0,3.177e-10,,,,,1.042e-18,,,,,,,,,,,,,,
705.66,2.657e+1,2.172e-10,5.732e-9,2.944e-27,1.441e-17,,,1.341e-18,1.180e-19,,1.135e-4,2.147e+1,3.061e-19,1.798e-17,1.191e-20,1.391e-14,8.076e-18,,,,3.240e-18,3.499e-20,2.692e-17,,4.295e-9,5.896e-19,,,3.118e-21,8.118e-17,4.218e-19,1.207e-28,,8.527e-22,3.404e-1,1.342e-16,4.011e-1,,2.514e-2,4.339e+0,2.112e-10,,,,,1.039e-18,,,,,,,,,,,,,,
705.68,2.680e+1,2.752e-10,5.751e-9,2.534e-27,1.441e-17,,,1.341e-18,1.180e-19,,1.401e-4,2.154e+1,2.420e-19,1.798e-17,1.187e-20,1.296e-14,8.097e-18,,,,3.240e-18,3.720e-20,2.694e-17,,4.851e-9,5.902e-19,,,3.119e-21,8.120e-17,4.232e-19,1.207e-28,,8.529e-22,3.339e-1,1.342e-16,3.846e-1,,2.669e-2,4.512e+0,1.606e-10,,,,,1.038e-18,,,,,,,,,,,,,,
705.71,2.710e+1,3.915e-10,5.783e-9,2.018e-27,1.442e-17,,,1.341e-18,1.181e-19,,1.914e-4,2.161e+1,1.697e-19,1.798e-17,1.182e-20,1.162e-14,8.129e-18,,,,3.240e-18,4.067e-20,2.698e-17,,5.805e-9,5.911e-19,,,3.120e-21,8.123e-17,4.252e-19,1.207e-28,,8.532e-22,3.235e-1,1.342e-16,3.640e-1,,2.911e-2,4.771e+0,1.062e-10,,,,,1.035e-18,,,,,,,,,,,,,,
705.73,2.727e+1,4.943e-10,5.808e-9,1.731e-27,1.442e-17,,,1.341e-18,1.181e-19,,2.353e-4,2.163e+1,1.336e-19,1.798e-17,1.178e-20,1.078e-14,8.150e-18,,,,3.241e-18,4.308e-20,2.701e-17,,6.531e-9,5.917e-19,,,3.121e-21,8.126e-17,4.266e-19,1.207e-28,,8.533e-22,3.161e-1,1.343e-16,3.530e-1,,3.078e-2,4.942e+0,8.043e-11,,,,,1.033e-18,,,,,,,,,,,,,,
705.76,2.750e+1,6.991e-10,5.848e-9,1.370e-27,1.443e-17,,,1.341e-18,1.182e-19,,3.197e-4,2.162e+1,9.315e-20,1.798e-17,1.173e-20,9.609e-15,8.182e-18,,,,3.241e-18,4.682e-20,2.705e-17,,7.770e-9,5.926e-19,,,3.123e-21,8.129e-17,4.286e-19,1.207e-28,,8.536e-22,3.044e-1,1.343e-16,3.403e-1,,3.338e-2,5.196e+0,5.287e-11,,,,,1.031e-18,,,,,,,,,,,,,,
705.78,2.762e+1,8.792e-10,5.877e-9,1.170e-27,1.443e-17,,,1.341e-18,1.182e-19,,3.914e-4,2.159e+1,7.309e-20,1.798e-17,1.169e-20,8.883e-15,8.203e-18,,,,3.242e-18,4.940e-20,2.707e-17,,8.708e-9,5.932e-19,,,3.124e-21,8.131e-17,4.300e-19,1.207e-28,,8.537e-22,2.964e-1,1.343e-16,3.344e-1,,3.517e-2,5.362e+0,3.989e-11,,,,,1.029e-18,,,,,,,,,,,,,,
705.81,2.776e+1,1.237e-9,5.925e-9,9.213e-28,1.444e-17,,,1.341e-18,1.182e-19,,5.289e-4,2.150e+1,5.065e-20,1.798e-17,1.164e-20,7.873e-15,8.234e-18,,,,3.242e-18,5.339e-20,2.711e-17,,1.030e-8,5.941e-19,,,3.125e-21,8.134e-17,4.320e-19,1.207e-28,,8.540e-22,2.838e-1,1.343e-16,3.292e-1,,3.792e-2,5.605e+0,2.606e-11,,,,,1.027e-18,,,,,,,,,,,,,,
705.83,2.783e+1,1.549e-9,5.959e-9,7.839e-28,1.444e-17,,,1.341e-18,1.183e-19,,6.451e-4,2.142e+1,3.959e-20,1.798e-17,1.160e-20,7.250e-15,8.255e-18,,,,3.243e-18,5.612e-20,2.714e-17,,1.150e-8,5.947e-19,,,3.126e-21,8.137e-17,4.334e-19,1.207e-28,,8.541e-22,2.752e-1,1.344e-16,3.282e-1,,3.979e-2,5.762e+0,1.959e-11,,,,,1.025e-18,,,,,,,,,,,,,,
705.86,2.788e+1,2.167e-9,6.013e-9,6.135e-28,1.444e-17,,,1.341e-18,1.183e-19,,8.667e-4,2.125e+1,2.727e-20,1.797e-17,1.155e-20,6.388e-15,8.287e-18,,,,3.243e-18,6.030e-20,2.718e-17,,1.353e-8,5.956e-19,,,3.127e-21,8.140e-17,4.354e-19,1.207e-28,,8.544e-22,2.620e-1,1.344e-16,3.303e-1,,4.266e-2,5.988e+0,1.273e-11,,,,,1.022e-18,,,,,,,,,,,,,,
705.88,2.788e+1,2.704e-9,6.051e-9,5.200e-28,1.445e-17,,,1.341e-18,1.184e-19,,1.053e-3,2.112e+1,2.123e-20,1.797e-17,1.151e-20,5.860e-15,8.308e-18,,,,3.244e-18,6.314e-20,2.721e-17,,1.505e-8,5.962e-19,,,3.128e-21,8.142e-17,4.368e-19,1.207e-28,,8.546e-22,2.531e-1,1.344e-16,3.340e-1,,4.460e-2,6.132e+0,9.528e-12,,,,,1.021e-18,,,,,,,,,,,,,,
705.91,2.784e+1,3.760e-9,6.109e-9,4.047e-28,1.445e-17,,,1.340e-18,1.184e-19,,1.407e-3,2.087e+1,1.455e-20,1.797e-17,1.146e-20,5.134e-15,8.340e-18,,,,3.244e-18,6.745e-20,2.725e-17,,1.760e-8,5.971e-19,,,3.130e-21,8.145e-17,4.388e-19,1.207e-28,,8.548e-22,2.396e-1,1.344e-16,3.429e-1,,4.754e-2,6.337e+0,6.154e-12,,,,,1.018e-18,,,,,,,,,,,,,,
705.93,2.778e+1,4.675e-9,6.150e-9,3.417e-28,1.445e-17,,,1.340e-18,1.184e-19,,1.703e-3,2.069e+1,1.128e-20,1.797e-17,1.142e-20,4.692e-15,8.361e-18,,,,3.244e-18,7.036e-20,2.727e-17,,1.950e-8,5.977e-19,,,3.131e-21,8.148e-17,4.402e-19,1.207e-28,,8.550e-22,2.306e-1,1.344e-16,3.510e-1,,4.951e-2,6.464e+0,4.590e-12,,,,,1.017e-18,,,,,,,,,,,,,,
705.95,2.770e+1,5.804e-9,6.190e-9,2.880e-28,1.446e-17,,,1.340e-18,1.185e-19,,2.058e-3,2.048e+1,8.735e-21,1.797e-17,1.139e-20,4.281e-15,8.382e-18,,,,3.245e-18,7.327e-20,2.730e-17,,2.157e-8,5.983e-19,,,3.132e-21,8.150e-17,4.416e-19,1.207e-28,,8.551e-22,2.216e-1,1.345e-16,3.608e-1,,5.149e-2,6.585e+0,3.417e-12,,,,,1.015e-18,,,,,,,,,,,,,,
705.98,2.753e+1,8.006e-9,6.251e-9,2.223e-28,1.446e-17,,,1.340e-18,1.185e-19,,2.728e-3,2.014e+1,5.935e-21,1.797e-17,1.134e-20,3.720e-15,8.414e-18,,,,3.245e-18,7.766e-20,2.734e-17,,2.502e-8,5.992e-19,,,3.133e-21,8.153e-17,4.436e-19,1.207e-28,,8.554e-22,2.081e-1,1.345e-16,3.785e-1,,5.444e-2,6.750e+0,2.189e-12,,,,,1.012e-18,,,,,,,,,,,,,,
706,2.739e+1,9.902e-9,6.291e-9,1.867e-28,1.447e-17,,,1.340e-18,1.186e-19,,3.285e-3,1.989e+1,4.578e-21,1.797e-17,1.130e-20,3.381e-15,8.435e-18,,,,3.246e-18,8.057e-20,2.736e-17,,2.758e-8,5.998e-19,,,3.134e-21,8.155e-17,4.450e-19,1.207e-28,,8.555e-22,1.991e-1,1.345e-16,3.922e-1,,5.639e-2,6.849e+0,1.624e-12,,,,,1.011e-18,,,,,,,,,,,,,,
706.03,2.714e+1,1.358e-8,6.350e-9,1.433e-28,1.447e-17,,,1.340e-18,1.186e-19,,4.328e-3,1.949e+1,3.092e-21,1.797e-17,1.125e-20,2.921e-15,8.466e-18,,,,3.246e-18,8.489e-20,2.740e-17,,3.181e-8,6.007e-19,,,3.135e-21,8.159e-17,4.470e-19,1.207e-28,,8.558e-22,1.859e-1,1.345e-16,4.156e-1,,5.929e-2,6.980e+0,1.034e-12,,,,,1.008e-18,,,,,,,,,,,,,,
706.05,2.694e+1,1.673e-8,6.388e-9,1.199e-28,1.447e-17,,,1.340e-18,1.186e-19,,5.192e-3,1.921e+1,2.376e-21,1.797e-17,1.121e-20,2.645e-15,8.488e-18,,,,3.247e-18,8.774e-20,2.743e-17,,3.492e-8,6.013e-19,,,3.136e-21,8.161e-17,4.484e-19,1.207e-28,,8.560e-22,1.773e-1,1.345e-16,4.329e-1,,6.118e-2,7.055e+0,7.642e-13,,,,,1.429e-18,,,,,,,,,,,,,,
706.08,2.660e+1,2.282e-8,6.441e-9,9.144e-29,1.448e-17,,,1.340e-18,1.187e-19,,6.802e-3,1.875e+1,1.596e-21,1.797e-17,1.116e-20,2.272e-15,8.519e-18,,,,3.247e-18,9.192e-20,2.747e-17,,4.005e-8,6.022e-19,,,3.138e-21,8.164e-17,4.504e-19,1.207e-28,,8.562e-22,1.646e-1,1.346e-16,4.614e-1,,6.395e-2,7.149e+0,4.840e-13,,,,,2.403e-18,,,,,,,,,,,,,,
706.1,2.635e+1,2.801e-8,6.473e-9,7.620e-29,1.448e-17,,,1.340e-18,1.187e-19,,8.129e-3,1.844e+1,1.221e-21,1.797e-17,1.112e-20,2.049e-15,8.540e-18,,,,3.248e-18,9.464e-20,2.750e-17,,4.380e-8,6.028e-19,,,3.138e-21,8.166e-17,4.518e-19,1.207e-28,,8.564e-22,1.563e-1,1.346e-16,4.820e-1,,6.574e-2,7.199e+0,3.562e-13,,,,,3.392e-18,,,,,,,,,,,,,,
706.13,2.593e+1,3.798e-8,6.516e-9,5.780e-29,1.449e-17,,,1.340e-18,1.188e-19,,1.059e-2,1.794e+1,8.155e-22,1.797e-17,1.107e-20,1.750e-15,8.572e-18,,,,3.248e-18,9.858e-20,2.754e-17,,4.995e-8,6.037e-19,,,3.140e-21,8.170e-17,4.538e-19,1.207e-28,,8.566e-22,1.443e-1,1.346e-16,5.150e-1,,6.832e-2,7.253e+0,2.242e-13,,,,,5.672e-18,,,,,,,,,,,,,,
706.15,2.563e+1,4.644e-8,6.540e-9,4.798e-29,1.449e-17,,,1.340e-18,1.188e-19,,1.261e-2,1.759e+1,6.217e-22,1.797e-17,1.103e-20,1.573e-15,8.593e-18,,,,3.249e-18,1.011e-19,2.756e-17,,5.442e-8,6.043e-19,,,3.141e-21,8.172e-17,4.552e-19,1.207e-28,,8.568e-22,1.365e-1,1.346e-16,5.384e-1,,6.996e-2,7.275e+0,1.644e-13,,,,,7.976e-18,,,,,,,,,,,,,,
706.18,2.514e+1,6.261e-8,6.570e-9,3.618e-29,1.450e-17,,,1.340e-18,1.188e-19,,1.633e-2,1.706e+1,4.127e-22,1.797e-17,1.098e-20,1.335e-15,8.625e-18,,,,3.249e-18,1.047e-19,2.760e-17,,6.170e-8,6.052e-19,,,3.142e-21,8.175e-17,4.572e-19,1.208e-28,,8.570e-22,1.253e-1,1.347e-16,5.753e-1,,7.229e-2,7.288e+0,1.029e-13,,,,,1.326e-17,,,,,,,,,,,,,,
706.2,2.479e+1,7.626e-8,6.584e-9,2.992e-29,1.450e-17,,,1.340e-18,1.189e-19,,1.937e-2,1.670e+1,3.135e-22,1.797e-17,1.094e-20,1.195e-15,8.646e-18,,,,3.249e-18,1.070e-19,2.763e-17,,6.696e-8,6.058e-19,,,3.143e-21,8.177e-17,4.586e-19,1.208e-28,,8.572e-22,1.181e-1,1.347e-16,6.009e-1,,7.375e-2,7.282e+0,7.515e-14,,,,,1.858e-17,,,,,,,,,,,,,,
706.23,2.424e+1,1.022e-7,6.596e-9,2.243e-29,1.450e-17,,,1.340e-18,1.189e-19,,2.494e-2,1.614e+1,2.069e-22,1.797e-17,1.089e-20,1.009e-15,8.677e-18,,,,3.250e-18,1.102e-19,2.767e-17,,7.549e-8,6.067e-19,,,3.144e-21,8.181e-17,4.606e-19,1.208e-28,,8.574e-22,1.077e-1,1.347e-16,6.409e-1,,7.577e-2,7.253e+0,4.677e-14,,,,,3.072e-17,,,,,,,,,,,,,,
706.25,2.386e+1,1.241e-7,6.598e-9,1.848e-29,1.451e-17,,,1.340e-18,1.190e-19,,2.947e-2,1.576e+1,1.565e-22,1.797e-17,1.086e-20,8.996e-16,8.698e-18,,,,3.250e-18,1.121e-19,2.769e-17,,8.162e-8,6.073e-19,,,3.145e-21,8.183e-17,4.620e-19,1.208e-28,,8.576e-22,1.011e-1,1.347e-16,6.683e-1,,7.700e-2,7.220e+0,3.402e-14,,,,,4.287e-17,,,,,,,,,,,,,,
706.28,2.326e+1,1.654e-7,6.590e-9,1.378e-29,1.451e-17,,,1.340e-18,1.190e-19,,3.774e-2,1.519e+1,1.027e-22,1.797e-17,1.080e-20,7.551e-16,8.730e-18,,,,3.251e-18,1.148e-19,2.773e-17,,9.149e-8,6.082e-19,,,3.147e-21,8.186e-17,4.640e-19,1.208e-28,,8.579e-22,9.174e-2,1.348e-16,7.104e-1,,7.865e-2,7.150e+0,2.105e-14,,,,,7.049e-17,,,,,,,,,,,,,,
706.3,2.284e+1,1.999e-7,6.577e-9,1.130e-29,1.452e-17,,,1.340e-18,1.190e-19,,4.442e-2,1.480e+1,7.739e-23,1.797e-17,1.077e-20,6.707e-16,8.751e-18,,,,3.251e-18,1.164e-19,2.776e-17,,9.853e-8,6.088e-19,,,3.148e-21,8.188e-17,4.654e-19,1.208e-28,,8.580e-22,8.581e-2,1.348e-16,7.390e-1,,7.962e-2,7.090e+0,1.525e-14,,,,,9.800e-17,,,,,,,,,,,,,,
706.33,2.220e+1,2.650e-7,6.547e-9,8.378e-30,1.452e-17,,,1.339e-18,1.191e-19,,5.656e-2,1.422e+1,5.049e-23,1.797e-17,1.071e-20,5.597e-16,8.783e-18,,,,3.252e-18,1.185e-19,2.780e-17,,1.098e-7,6.097e-19,,,3.149e-21,8.192e-17,4.674e-19,1.208e-28,,8.583e-22,7.739e-2,1.348e-16,7.825e-1,,8.087e-2,6.980e+0,9.381e-15,,,,,1.602e-16,,,,,,,,,,,,,,
706.35,2.176e+1,3.191e-7,6.518e-9,6.848e-30,1.452e-17,,,1.339e-18,1.191e-19,,6.632e-2,1.383e+1,3.790e-23,1.797e-17,1.068e-20,4.952e-16,8.804e-18,,,,3.252e-18,1.197e-19,2.783e-17,,1.178e-7,6.103e-19,,,3.150e-21,8.194e-17,4.688e-19,1.208e-28,,8.584e-22,7.211e-2,1.348e-16,8.116e-1,,8.155e-2,6.895e+0,6.772e-15,,,,,2.219e-16,,,,,,,,,,,,,,
706.37,2.131e+1,3.837e-7,6.483e-9,5.589e-30,1.453e-17,,,1.339e-18,1.192e-19,,7.765e-2,1.344e+1,2.841e-23,1.797e-17,1.064e-20,4.374e-16,8.825e-18,,,,3.253e-18,1.207e-19,2.785e-17,,1.262e-7,6.109e-19,,,3.151e-21,8.196e-17,4.701e-19,1.208e-28,,8.586e-22,6.708e-2,1.348e-16,8.408e-1,,8.212e-2,6.801e+0,4.881e-15,,,,,3.069e-16,,,,,,,,,,,,,,
706.4,2.062e+1,5.045e-7,6.417e-9,4.109e-30,1.453e-17,,,1.339e-18,1.192e-19,,9.808e-2,1.285e+1,1.838e-23,1.797e-17,1.059e-20,3.621e-16,8.857e-18,,,,3.253e-18,1.219e-19,2.789e-17,,1.395e-7,6.118e-19,,,3.152e-21,8.199e-17,4.722e-19,1.208e-28,,8.588e-22,6.001e-2,1.349e-16,8.843e-1,,8.273e-2,6.642e+0,2.978e-15,,,,,4.977e-16,,,,,,,,,,,,,,
706.42,2.016e+1,6.044e-7,6.365e-9,3.340e-30,1.453e-17,,,1.339e-18,1.192e-19,,1.144e-1,1.247e+1,1.372e-23,1.797e-17,1.055e-20,3.187e-16,8.878e-18,,,,3.254e-18,1.224e-19,2.792e-17,,1.489e-7,6.124e-19,,,3.153e-21,8.201e-17,4.735e-19,1.208e-28,,8.590e-22,5.561e-2,1.349e-16,9.130e-1,,8.299e-2,6.526e+0,2.138e-15,,,,,6.857e-16,,,,,,,,,,,,,,
706.45,1.946e+1,7.902e-7,6.274e-9,2.441e-30,1.454e-17,,,1.339e-18,1.193e-19,,1.437e-1,1.189e+1,8.829e-24,1.797e-17,1.050e-20,2.623e-16,8.909e-18,,,,3.254e-18,1.229e-19,2.796e-17,,1.637e-7,6.133e-19,,,3.155e-21,8.205e-17,4.756e-19,1.208e-28,,8.593e-22,4.947e-2,1.349e-16,9.554e-1,,8.313e-2,6.338e+0,1.297e-15,,,,,1.106e-15,,,,,,,,,,,,,,
706.47,1.899e+1,9.430e-7,6.204e-9,1.977e-30,1.454e-17,,,1.339e-18,1.193e-19,,1.670e-1,1.151e+1,6.567e-24,1.797e-17,1.046e-20,2.299e-16,8.931e-18,,,,3.254e-18,1.230e-19,2.798e-17,,1.740e-7,6.139e-19,,,3.156e-21,8.207e-17,4.769e-19,1.208e-28,,8.594e-22,4.567e-2,1.349e-16,9.830e-1,,8.307e-2,6.203e+0,9.274e-16,,,,,1.518e-15,,,,,,,,,,,,,,
706.5,1.828e+1,1.226e-6,6.088e-9,1.437e-30,1.455e-17,,,1.339e-18,1.194e-19,,2.085e-1,1.094e+1,4.200e-24,1.797e-17,1.041e-20,1.882e-16,8.962e-18,,,,3.255e-18,1.228e-19,2.802e-17,,1.902e-7,6.148e-19,,,3.157e-21,8.210e-17,4.790e-19,1.208e-28,,8.597e-22,4.039e-2,1.350e-16,1.023e+0,,8.273e-2,5.990e+0,5.592e-16,,,,,2.434e-15,,,,,,,,,,,,,,
706.52,1.781e+1,1.457e-6,6.002e-9,1.159e-30,1.455e-17,,,1.339e-18,1.194e-19,,2.414e-1,1.056e+1,3.112e-24,1.797e-17,1.037e-20,1.643e-16,8.983e-18,,,,3.255e-18,1.224e-19,2.805e-17,,2.014e-7,6.154e-19,,,3.158e-21,8.212e-17,4.803e-19,1.208e-28,,8.598e-22,3.714e-2,1.350e-16,1.049e+0,,8.236e-2,5.841e+0,3.984e-16,,,,,3.328e-15,,,,,,,,,,,,,,
706.55,1.712e+1,1.884e-6,5.861e-9,8.374e-31,1.456e-17,,,1.339e-18,1.194e-19,,2.997e-1,1.001e+1,1.979e-24,1.797e-17,1.032e-20,1.337e-16,9.015e-18,,,,3.256e-18,1.215e-19,2.809e-17,,2.189e-7,6.162e-19,,,3.159e-21,8.216e-17,4.824e-19,1.208e-28,,8.601e-22,3.266e-2,1.350e-16,1.086e+0,,8.155e-2,5.607e+0,2.388e-16,,,,,5.306e-15,,,,,,,,,,,,,,
706.57,1.666e+1,2.231e-6,5.760e-9,6.730e-31,1.456e-17,,,1.339e-18,1.195e-19,,3.456e-1,9.651e+0,1.460e-24,1.797e-17,1.029e-20,1.163e-16,9.036e-18,,,,3.256e-18,1.207e-19,2.812e-17,,2.310e-7,6.168e-19,,,3.160e-21,8.218e-17,4.837e-19,1.208e-28,,8.602e-22,2.992e-2,1.350e-16,1.109e+0,,8.087e-2,5.447e+0,1.695e-16,,,,,7.227e-15,,,,,,,,,,,,,,
706.6,1.599e+1,2.867e-6,5.598e-9,4.834e-31,1.456e-17,,,1.339e-18,1.195e-19,,4.267e-1,9.119e+0,9.231e-25,1.797e-17,1.023e-20,9.406e-17,9.068e-18,,,,3.257e-18,1.191e-19,2.815e-17,,2.496e-7,6.177e-19,,,3.162e-21,8.221e-17,4.858e-19,1.208e-28,,8.605e-22,2.616e-2,1.350e-16,1.142e+0,,7.962e-2,5.200e+0,1.010e-16,,,,,1.146e-14,,,,,,,,,,,,,,
706.62,1.556e+1,3.383e-6,5.483e-9,3.870e-31,1.457e-17,,,1.339e-18,1.196e-19,,4.902e-1,8.771e+0,6.787e-25,1.797e-17,1.020e-20,8.151e-17,9.089e-18,,,,3.257e-18,1.178e-19,2.818e-17,,2.623e-7,6.183e-19,,,3.162e-21,8.223e-17,4.871e-19,1.208e-28,,8.607e-22,2.387e-2,1.351e-16,1.162e+0,,7.865e-2,5.032e+0,7.141e-17,,,,,1.555e-14,,,,,,,,,,,,,,
706.65,1.493e+1,4.323e-6,5.302e-9,2.764e-31,1.457e-17,,,1.339e-18,1.196e-19,,6.019e-1,8.261e+0,4.266e-25,1.797e-17,1.014e-20,6.555e-17,9.120e-18,,,,3.258e-18,1.156e-19,2.822e-17,,2.818e-7,6.192e-19,,,3.164e-21,8.227e-17,4.892e-19,1.208e-28,,8.609e-22,2.075e-2,1.351e-16,1.189e+0,,7.700e-2,4.776e+0,4.232e-17,,,,,2.451e-14,,,,,,,,,,,,,,
706.67,1.452e+1,5.082e-6,5.175e-9,2.204e-31,1.458e-17,,,1.339e-18,1.196e-19,,6.888e-1,7.929e+0,3.124e-25,1.796e-17,1.011e-20,5.658e-17,9.142e-18,,,,3.258e-18,1.139e-19,2.825e-17,,2.950e-7,6.198e-19,,,3.165e-21,8.229e-17,4.905e-19,1.209e-28,,8.611e-22,1.886e-2,1.351e-16,1.206e+0,,7.577e-2,4.605e+0,2.980e-17,,,,,3.314e-14,,,,,,,,,,,,,,
706.7,1.395e+1,6.457e-6,4.978e-9,1.565e-31,1.458e-17,,,1.339e-18,1.197e-19,,8.408e-1,7.443e+0,1.952e-25,1.796e-17,1.005e-20,4.525e-17,9.173e-18,,,,3.259e-18,1.112e-19,2.829e-17,,3.151e-7,6.207e-19,,,3.166e-21,8.232e-17,4.926e-19,1.209e-28,,8.613e-22,1.630e-2,1.351e-16,1.227e+0,,7.375e-2,4.347e+0,1.756e-17,,,,,5.194e-14,,,,,,,,,,,,,,
706.72,1.359e+1,7.561e-6,4.843e-9,1.243e-31,1.458e-17,,,1.339e-18,1.197e-19,,9.586e-1,7.128e+0,1.424e-25,1.796e-17,1.002e-20,3.891e-17,9.194e-18,,,,3.259e-18,1.091e-19,2.831e-17,,3.287e-7,6.213e-19,,,3.167e-21,8.234e-17,4.939e-19,1.209e-28,,8.615e-22,1.476e-2,1.352e-16,1.239e+0,,7.229e-2,4.175e+0,1.231e-17,,,,,6.995e-14,,,,,,,,,,,,,,
706.74,1.325e+1,8.840e-6,4.704e-9,9.858e-32,1.459e-17,,,1.339e-18,1.198e-19,,1.091e+0,6.820e+0,1.037e-25,1.796e-17,9.983e-21,3.340e-17,9.215e-18,,,,3.259e-18,1.070e-19,2.834e-17,,3.423e-7,6.219e-19,,,3.168e-21,8.237e-17,4.953e-19,1.209e-28,,8.616e-22,1.335e-2,1.352e-16,1.250e+0,,7.076e-2,4.004e+0,1.231e-17,,,,,9.407e-14,,,,,,,,,,,,,,
706.77,1.279e+1,1.114e-5,4.491e-9,6.943e-32,1.459e-17,,,1.338e-18,1.198e-19,,1.321e+0,6.371e+0,6.428e-26,1.796e-17,9.930e-21,2.650e-17,9.247e-18,,,,3.260e-18,1.035e-19,2.838e-17,,3.627e-7,6.228e-19,,,3.169e-21,8.240e-17,4.973e-19,1.209e-28,,8.619e-22,1.144e-2,1.352e-16,1.262e+0,,6.832e-2,3.751e+0,1.231e-17,,,,,1.463e-13,,,,,,,,,,,,,,
706.79,1.251e+1,1.298e-5,4.347e-9,5.486e-32,1.460e-17,,,1.338e-18,1.198e-19,,1.499e+0,6.082e+0,4.664e-26,1.796e-17,9.894e-21,2.266e-17,9.268e-18,,,,3.260e-18,1.011e-19,2.841e-17,,3.762e-7,6.234e-19,,,3.170e-21,8.242e-17,4.987e-19,1.209e-28,,8.621e-22,1.031e-2,1.352e-16,1.268e+0,,6.661e-2,3.585e+0,1.231e-17,,,,,1.960e-13,,,,,,,,,,,,,,
706.82,1.215e+1,1.627e-5,4.129e-9,3.841e-32,1.460e-17,,,1.338e-18,1.199e-19,,1.805e+0,5.662e+0,2.874e-26,1.796e-17,9.841e-21,1.787e-17,9.300e-18,,,,3.261e-18,9.729e-20,2.844e-17,,3.964e-7,6.243e-19,,,3.172e-21,8.245e-17,5.007e-19,1.209e-28,,8.623e-22,8.786e-3,1.352e-16,1.273e+0,,6.395e-2,3.341e+0,1.231e-17,,,,,3.030e-13,,,,,,,,,,,,,,
706.84,1.196e+1,1.888e-5,3.982e-9,3.023e-32,1.460e-17,,,1.338e-18,1.199e-19,,2.039e+0,5.391e+0,2.077e-26,1.796e-17,9.805e-21,1.522e-17,9.321e-18,,,,3.261e-18,9.464e-20,2.847e-17,,4.096e-7,6.249e-19,,,3.173e-21,8.248e-17,5.021e-19,1.209e-28,,8.625e-22,7.884e-3,1.353e-16,1.274e+0,,6.211e-2,3.182e+0,1.231e-17,,,,,4.044e-13,,,,,,,,,,,,,,
706.87,1.173e+1,2.353e-5,3.761e-9,2.105e-32,1.461e-17,,,1.338e-18,1.200e-19,,2.441e+0,5.000e+0,1.273e-26,1.796e-17,9.752e-21,1.194e-17,9.352e-18,,,,3.262e-18,9.054e-20,2.851e-17,,4.291e-7,6.258e-19,,,3.174e-21,8.251e-17,5.041e-19,1.209e-28,,8.627e-22,6.681e-3,1.353e-16,1.271e+0,,5.929e-2,2.951e+0,1.231e-17,,,,,6.217e-13,,,,,,,,,,,,,,
706.89,1.163e+1,2.720e-5,3.614e-9,1.650e-32,1.461e-17,,,1.338e-18,1.200e-19,,2.747e+0,4.750e+0,9.162e-27,1.796e-17,9.716e-21,1.013e-17,9.374e-18,,,,3.262e-18,8.774e-20,2.854e-17,,4.418e-7,6.264e-19,,,3.175e-21,8.253e-17,5.055e-19,1.209e-28,,8.629e-22,5.972e-3,1.353e-16,1.267e+0,,5.736e-2,2.802e+0,1.231e-17,,,,,8.266e-13,,,,,,,,,,,,,,
706.92,1.156e+1,3.371e-5,3.394e-9,1.142e-32,1.462e-17,,,1.338e-18,1.200e-19,,3.270e+0,4.389e+0,5.581e-27,1.796e-17,9.663e-21,7.898e-18,9.405e-18,,,,3.263e-18,8.346e-20,2.858e-17,,4.602e-7,6.273e-19,,,3.176e-21,8.256e-17,5.075e-19,1.209e-28,,8.631e-22,5.032e-3,1.353e-16,1.258e+0,,5.444e-2,2.587e+0,1.231e-17,,,,,1.264e-12,,,,,,,,,,,,,,
706.94,1.158e+1,3.882e-5,3.250e-9,8.920e-33,1.462e-17,,,1.338e-18,1.201e-19,,3.667e+0,4.158e+0,4.002e-27,1.796e-17,9.627e-21,6.677e-18,9.426e-18,,,,3.263e-18,8.057e-20,2.860e-17,,4.719e-7,6.279e-19,,,3.177e-21,8.259e-17,5.089e-19,1.209e-28,,8.633e-22,4.480e-3,1.353e-16,1.249e+0,,5.247e-2,2.450e+0,1.231e-17,,,,,1.674e-12,,,,,,,,,,,,,,
706.97,1.171e+1,4.784e-5,3.036e-9,6.138e-33,1.462e-17,,,1.338e-18,1.201e-19,,4.340e+0,3.826e+0,2.424e-27,1.796e-17,9.574e-21,5.175e-18,9.458e-18,,,,3.264e-18,7.620e-20,2.864e-17,,4.887e-7,6.288e-19,,,3.179e-21,8.262e-17,5.109e-19,1.209e-28,,8.635e-22,3.753e-3,1.354e-16,1.233e+0,,4.951e-2,2.253e+0,1.231e-17,,,,,2.544e-12,,,,,,,,,,,,,,
706.99,1.186e+1,5.489e-5,2.895e-9,4.775e-33,1.463e-17,,,1.338e-18,1.202e-19,,4.848e+0,3.615e+0,1.731e-27,1.796e-17,9.538e-21,4.358e-18,9.479e-18,,,,3.264e-18,7.327e-20,2.867e-17,,4.993e-7,6.294e-19,,,3.180e-21,8.264e-17,5.123e-19,1.209e-28,,8.637e-22,3.329e-3,1.354e-16,1.220e+0,,4.754e-2,2.129e+0,1.231e-17,,,,,3.357e-12,,,,,,,,,,,,,,
707.02,1.222e+1,6.726e-5,2.690e-9,3.267e-33,1.463e-17,,,1.338e-18,1.202e-19,,5.706e+0,3.313e+0,1.042e-27,1.796e-17,9.485e-21,3.359e-18,9.511e-18,,,,3.265e-18,6.890e-20,2.871e-17,,5.141e-7,6.303e-19,,,3.181e-21,8.267e-17,5.143e-19,1.209e-28,,8.640e-22,2.773e-3,1.354e-16,1.197e+0,,4.460e-2,1.954e+0,1.231e-17,,,,,5.074e-12,,,,,,,,,,,,,,
707.04,1.254e+1,7.688e-5,2.556e-9,2.532e-33,1.464e-17,,,1.338e-18,1.202e-19,,6.349e+0,3.122e+0,7.418e-28,1.796e-17,9.449e-21,2.818e-18,9.532e-18,,,,3.265e-18,6.601e-20,2.873e-17,,5.232e-7,6.309e-19,,,3.182e-21,8.270e-17,5.157e-19,1.209e-28,,8.641e-22,2.450e-3,1.354e-16,1.180e+0,,4.266e-2,1.844e+0,1.231e-17,,,,,6.670e-12,,,,,,,,,,,,,,
707.07,1.316e+1,9.367e-5,2.361e-9,1.722e-33,1.464e-17,,,1.338e-18,1.203e-19,,7.431e+0,2.849e+0,4.440e-28,1.796e-17,9.396e-21,2.159e-18,9.563e-18,,,,3.265e-18,6.171e-20,2.877e-17,,5.357e-7,6.318e-19,,,3.183e-21,8.273e-17,5.177e-19,1.209e-28,,8.644e-22,2.029e-3,1.355e-16,1.151e+0,,3.979e-2,1.691e+0,1.231e-17,,,,,1.002e-11,,,,,,,,,,,,,,
707.09,1.368e+1,1.067e-4,2.235e-9,1.330e-33,1.464e-17,,,1.338e-18,1.203e-19,,8.237e+0,2.677e+0,3.148e-28,1.796e-17,9.360e-21,1.804e-18,9.585e-18,,,,3.266e-18,5.889e-20,2.880e-17,,5.431e-7,6.324e-19,,,3.184e-21,8.275e-17,5.191e-19,1.209e-28,,8.645e-22,1.786e-3,1.355e-16,1.130e+0,,3.792e-2,1.597e+0,1.231e-17,,,,,1.313e-11,,,,,,,,,,,,,,
707.11,1.428e+1,1.213e-4,2.112e-9,1.025e-33,1.465e-17,,,1.338e-18,1.204e-19,,9.116e+0,2.512e+0,2.228e-28,1.796e-17,9.324e-21,1.505e-18,9.606e-18,,,,3.266e-18,5.612e-20,2.883e-17,,5.498e-7,6.330e-19,,,3.185e-21,8.277e-17,5.205e-19,1.209e-28,,8.647e-22,1.570e-3,1.355e-16,1.108e+0,,3.607e-2,1.509e+0,1.230e-17,,,,,1.717e-11,,,,,,,,,,,,,,
707.14,1.536e+1,1.466e-4,1.936e-9,6.915e-34,1.465e-17,,,1.338e-18,1.204e-19,,1.058e+1,2.278e+0,1.323e-28,1.796e-17,9.271e-21,1.144e-18,9.637e-18,,,,3.267e-18,5.205e-20,2.887e-17,,5.584e-7,6.339e-19,,,3.186e-21,8.281e-17,5.225e-19,1.209e-28,,8.649e-22,1.289e-3,1.355e-16,1.072e+0,,3.338e-2,1.389e+0,1.230e-17,,,,,2.560e-11,,,,,,,,,,,,,,
707.16,1.620e+1,1.660e-4,1.823e-9,5.309e-34,1.466e-17,,,1.338e-18,1.204e-19,,1.167e+1,2.132e+0,9.325e-29,1.796e-17,9.235e-21,9.510e-19,9.658e-18,,,,3.267e-18,4.940e-20,2.889e-17,,5.631e-7,6.345e-19,,,3.187e-21,8.283e-17,5.239e-19,1.209e-28,,8.651e-22,1.129e-3,1.355e-16,1.047e+0,,3.164e-2,1.317e+0,1.230e-17,,,,,3.334e-11,,,,,,,,,,,,,,
707.19,1.766e+1,1.996e-4,1.661e-9,3.562e-34,1.466e-17,,,1.337e-18,1.205e-19,,1.347e+1,1.925e+0,5.505e-29,1.796e-17,9.182e-21,7.186e-19,9.690e-18,,,,3.268e-18,4.556e-20,2.893e-17,,5.686e-7,6.354e-19,,,3.189e-21,8.286e-17,5.259e-19,1.210e-28,,8.654e-22,9.219e-4,1.356e-16,1.007e+0,,2.911e-2,1.221e+0,1.230e-17,,,,,4.943e-11,,,,,,,,,,,,,,
707.21,1.877e+1,2.252e-4,1.559e-9,2.724e-34,1.466e-17,,,1.337e-18,1.205e-19,,1.480e+1,1.795e+0,3.866e-29,1.796e-17,9.146e-21,5.950e-19,9.711e-18,,,,3.268e-18,4.308e-20,2.896e-17,,5.712e-7,6.360e-19,,,3.190e-21,8.288e-17,5.273e-19,1.210e-28,,8.655e-22,8.040e-4,1.356e-16,9.798e-1,,2.748e-2,1.166e+0,1.230e-17,,,,,6.415e-11,,,,,,,,,,,,,,
707.24,2.066e+1,2.692e-4,1.412e-9,1.817e-34,1.467e-17,,,1.337e-18,1.206e-19,,1.699e+1,1.613e+0,3.866e-29,1.796e-17,9.093e-21,4.470e-19,9.743e-18,,,,3.269e-18,3.950e-20,2.900e-17,,5.735e-7,6.369e-19,,,3.191e-21,8.292e-17,5.293e-19,1.210e-28,,8.658e-22,6.529e-4,1.356e-16,9.374e-1,,2.514e-2,1.095e+0,1.230e-17,,,,,9.456e-11,,,,,,,,,,,,,,
707.26,2.208e+1,3.026e-4,1.320e-9,1.384e-34,1.467e-17,,,1.337e-18,1.206e-19,,1.859e+1,1.500e+0,3.866e-29,1.796e-17,9.057e-21,3.687e-19,9.764e-18,,,,3.269e-18,3.720e-20,2.902e-17,,5.740e-7,6.375e-19,,,3.192e-21,8.294e-17,5.307e-19,1.210e-28,,8.659e-22,5.672e-4,1.356e-16,9.084e-1,,2.364e-2,1.057e+0,1.230e-17,,,,,1.222e-10,,,,,,,,,,,,,,
707.29,2.445e+1,3.597e-4,1.189e-9,9.179e-35,1.468e-17,,,1.337e-18,1.206e-19,,2.122e+1,1.342e+0,3.866e-29,1.796e-17,9.004e-21,2.754e-19,9.795e-18,,,,3.270e-18,3.391e-20,2.906e-17,,5.730e-7,6.384e-19,,,3.193e-21,8.297e-17,5.327e-19,1.210e-28,,8.662e-22,4.580e-4,1.357e-16,8.642e-1,,2.150e-2,1.012e+0,1.230e-17,,,,,1.792e-10,,,,,,,,,,,,,,
707.31,2.622e+1,4.028e-4,1.107e-9,6.967e-35,1.468e-17,,,1.337e-18,1.207e-19,,2.313e+1,1.243e+0,3.867e-29,1.796e-17,8.968e-21,2.263e-19,9.817e-18,,,,3.270e-18,3.182e-20,2.909e-17,,5.712e-7,6.390e-19,,,3.194e-21,8.299e-17,5.341e-19,1.210e-28,,8.663e-22,3.963e-4,1.357e-16,8.343e-1,,2.015e-2,9.901e-1,1.230e-17,,,,,2.308e-10,,,,,,,,,,,,,,
707.34,2.913e+1,4.761e-4,9.917e-10,4.593e-35,1.469e-17,,,1.337e-18,1.207e-19,,2.625e+1,1.107e+0,3.867e-29,1.796e-17,8.915e-21,1.681e-19,9.848e-18,,,,3.270e-18,2.884e-20,2.913e-17,,5.670e-7,6.399e-19,,,3.196e-21,8.303e-17,5.361e-19,1.210e-28,,8.666e-22,3.182e-4,1.357e-16,7.890e-1,,1.822e-2,9.709e-1,1.230e-17,,,,,3.364e-10,,,,,,,,,,,,,,
707.36,3.127e+1,5.312e-4,9.198e-10,3.473e-35,1.469e-17,,,1.337e-18,1.208e-19,,2.850e+1,1.022e+0,3.867e-29,1.796e-17,8.879e-21,1.376e-19,9.869e-18,,,,3.271e-18,2.696e-20,2.916e-17,,5.631e-7,6.405e-19,,,3.197e-21,8.305e-17,5.375e-19,1.210e-28,,8.668e-22,2.743e-4,1.357e-16,7.588e-1,,1.700e-2,9.668e-1,1.230e-17,,,,,4.316e-10,,,,,,,,,,,,,,
707.39,3.477e+1,6.243e-4,8.192e-10,2.276e-35,1.469e-17,,,1.337e-18,1.208e-19,,3.216e+1,9.053e-1,3.867e-29,1.796e-17,8.826e-21,1.016e-19,9.901e-18,,,,3.271e-18,2.430e-20,2.920e-17,,5.557e-7,6.414e-19,,,3.198e-21,8.308e-17,5.395e-19,1.210e-28,,8.670e-22,2.189e-4,1.358e-16,7.136e-1,,1.529e-2,9.740e-1,1.230e-17,,,,,6.255e-10,,,,,,,,,,,,,,
707.41,3.731e+1,6.940e-4,7.570e-10,1.714e-35,1.470e-17,,,1.337e-18,1.208e-19,,3.479e+1,8.335e-1,3.867e-29,1.796e-17,8.790e-21,8.281e-20,9.922e-18,,,,3.272e-18,2.263e-20,2.922e-17,,5.498e-7,6.420e-19,,,3.199e-21,8.310e-17,5.409e-19,1.210e-28,,8.672e-22,1.880e-4,1.358e-16,6.836e-1,,1.421e-2,9.876e-1,1.230e-17,,,,,7.995e-10,,,,,,,,,,,,,,
707.44,4.145e+1,8.111e-4,6.704e-10,1.117e-35,1.470e-17,,,1.337e-18,1.209e-19,,3.904e+1,7.345e-1,3.867e-29,1.796e-17,8.737e-21,6.079e-20,9.954e-18,,,,3.272e-18,2.027e-20,2.926e-17,,5.395e-7,6.429e-19,,,3.200e-21,8.314e-17,5.429e-19,1.210e-28,,8.674e-22,1.492e-4,1.358e-16,6.392e-1,,1.271e-2,1.022e+0,1.230e-17,,,,,1.152e-9,,,,,,,,,,,,,,
707.46,4.443e+1,8.983e-4,6.170e-10,8.381e-36,1.470e-17,,,1.337e-18,1.209e-19,,4.208e+1,6.739e-1,3.867e-29,1.795e-17,8.701e-21,4.938e-20,9.975e-18,,,,3.273e-18,1.881e-20,2.929e-17,,5.317e-7,6.435e-19,,,3.201e-21,8.316e-17,5.443e-19,1.210e-28,,8.676e-22,1.276e-4,1.358e-16,6.100e-1,,1.177e-2,1.054e+0,1.230e-17,,,,,1.467e-9,,,,,,,,,,,,,,
707.48,4.758e+1,9.934e-4,5.671e-10,6.278e-36,1.471e-17,,,1.337e-18,1.210e-19,,4.528e+1,6.175e-1,3.868e-29,1.795e-17,8.666e-21,4.004e-20,9.996e-18,,,,3.273e-18,1.742e-20,2.931e-17,,5.232e-7,6.441e-19,,,3.202e-21,8.318e-17,5.456e-19,1.210e-28,,8.677e-22,1.090e-4,1.358e-16,5.813e-1,,1.088e-2,1.093e+0,1.230e-17,,,,,1.865e-9,,,,,,,,,,,,,,
707.51,5.265e+1,1.152e-3,4.982e-10,4.058e-36,1.471e-17,,,1.337e-18,1.210e-19,,5.040e+1,5.402e-1,3.868e-29,1.795e-17,8.612e-21,2.916e-20,1.003e-17,,,,3.274e-18,1.548e-20,2.935e-17,,5.093e-7,6.449e-19,,,3.203e-21,8.321e-17,5.477e-19,1.210e-28,,8.680e-22,8.582e-5,1.359e-16,5.392e-1,,9.651e-3,1.166e+0,1.230e-17,,,,,2.666e-9,,,,,,,,,,,,,,
707.53,5.627e+1,1.269e-3,4.561e-10,3.028e-36,1.472e-17,,,1.337e-18,1.210e-19,,5.403e+1,4.933e-1,3.868e-29,1.795e-17,8.577e-21,2.356e-20,1.005e-17,,,,3.274e-18,1.428e-20,2.938e-17,,4.993e-7,6.455e-19,,,3.204e-21,8.324e-17,5.490e-19,1.210e-28,,8.682e-22,7.303e-5,1.359e-16,5.118e-1,,8.891e-3,1.224e+0,1.229e-17,,,,,3.377e-9,,,,,,,,,,,,,,
707.56,6.203e+1,1.464e-3,3.984e-10,1.946e-36,1.472e-17,,,1.337e-18,1.211e-19,,5.980e+1,4.293e-1,3.868e-29,1.795e-17,8.523e-21,1.706e-20,1.008e-17,,,,3.274e-18,1.262e-20,2.942e-17,,4.832e-7,6.464e-19,,,3.206e-21,8.327e-17,5.511e-19,1.210e-28,,8.684e-22,5.715e-5,1.359e-16,4.720e-1,,7.839e-3,1.325e+0,1.229e-17,,,,,4.801e-9,,,,,,,,,,,,,,
707.58,6.611e+1,1.606e-3,3.634e-10,1.447e-36,1.472e-17,,,1.337e-18,1.211e-19,,6.386e+1,3.906e-1,3.868e-29,1.795e-17,8.488e-21,1.373e-20,1.010e-17,,,,3.275e-18,1.160e-20,2.945e-17,,4.719e-7,6.470e-19,,,3.207e-21,8.329e-17,5.524e-19,1.210e-28,,8.686e-22,4.844e-5,1.359e-16,4.463e-1,,7.194e-3,1.403e+0,1.229e-17,,,,,6.058e-9,,,,,,,,,,,,,,
707.61,7.257e+1,1.842e-3,3.156e-10,9.243e-37,1.473e-17,,,1.337e-18,1.212e-19,,7.028e+1,3.381e-1,3.868e-29,1.795e-17,8.434e-21,9.880e-21,1.013e-17,,,,3.275e-18,1.019e-20,2.949e-17,,4.541e-7,6.479e-19,,,3.208e-21,8.332e-17,5.545e-19,1.210e-28,,8.688e-22,3.770e-5,1.360e-16,4.093e-1,,6.306e-3,1.534e+0,1.229e-17,,,,,8.563e-9,,,,,,,,,,,,,,
707.63,7.710e+1,2.015e-3,2.868e-10,6.844e-37,1.473e-17,,,1.336e-18,1.212e-19,,7.477e+1,3.066e-1,3.868e-29,1.795e-17,8.399e-21,7.920e-21,1.015e-17,,,,3.276e-18,9.334e-21,2.951e-17,,4.418e-7,6.485e-19,,,3.209e-21,8.335e-17,5.558e-19,1.210e-28,,8.690e-22,3.183e-5,1.360e-16,3.855e-1,,5.765e-3,1.631e+0,1.229e-17,,,,,1.076e-8,,,,,,,,,,,,,,
707.66,8.423e+1,2.298e-3,2.476e-10,4.348e-37,1.474e-17,,,1.336e-18,1.212e-19,,8.182e+1,2.640e-1,3.869e-29,1.795e-17,8.346e-21,5.669e-21,1.019e-17,,,,3.276e-18,8.155e-21,2.955e-17,,4.227e-7,6.494e-19,,,3.210e-21,8.338e-17,5.579e-19,1.210e-28,,8.692e-22,2.463e-5,1.360e-16,3.515e-1,,5.025e-3,1.792e+0,1.229e-17,,,,,1.513e-8,,,,,,,,,,,,,,
707.68,8.920e+1,2.504e-3,2.241e-10,3.207e-37,1.474e-17,,,1.336e-18,1.213e-19,,8.671e+1,2.385e-1,3.869e-29,1.795e-17,8.310e-21,4.527e-21,1.021e-17,,,,3.277e-18,7.438e-21,2.958e-17,,4.096e-7,6.500e-19,,,3.211e-21,8.340e-17,5.592e-19,1.210e-28,,8.694e-22,2.071e-5,1.360e-16,3.298e-1,,4.576e-3,1.909e+0,1.229e-17,,,,,1.895e-8,,,,,,,,,,,,,,
707.71,9.696e+1,2.840e-3,1.924e-10,2.025e-37,1.475e-17,,,1.336e-18,1.213e-19,,9.435e+1,2.043e-1,3.869e-29,1.795e-17,8.257e-21,3.221e-21,1.024e-17,,,,3.277e-18,6.461e-21,2.962e-17,,3.897e-7,6.509e-19,,,3.213e-21,8.343e-17,5.613e-19,1.211e-28,,8.696e-22,1.593e-5,1.360e-16,2.990e-1,,3.966e-3,2.100e+0,1.229e-17,,,,,2.648e-8,,,,,,,,,,,,,,
707.73,1.023e+2,3.083e-3,1.735e-10,1.488e-37,1.475e-17,,,1.336e-18,1.214e-19,,9.962e+1,1.839e-1,3.869e-29,1.795e-17,8.221e-21,2.562e-21,1.026e-17,,,,3.278e-18,5.870e-21,2.964e-17,,3.762e-7,6.515e-19,,,3.214e-21,8.346e-17,5.626e-19,1.211e-28,,8.698e-22,1.335e-5,1.361e-16,2.795e-1,,3.598e-3,2.237e+0,1.229e-17,,,,,3.303e-8,,,,,,,,,,,,,,
707.76,1.106e+2,3.477e-3,1.481e-10,9.345e-38,1.475e-17,,,1.336e-18,1.214e-19,,1.078e+2,1.566e-1,3.869e-29,1.795e-17,8.168e-21,1.813e-21,1.029e-17,,,,3.278e-18,5.070e-21,2.968e-17,,3.559e-7,6.524e-19,,,3.215e-21,8.349e-17,5.647e-19,1.211e-28,,8.700e-22,1.021e-5,1.361e-16,2.519e-1,,3.100e-3,2.458e+0,1.229e-17,,,,,4.590e-8,,,,,,,,,,,,,,
707.78,1.164e+2,3.761e-3,1.330e-10,6.840e-38,1.476e-17,,,1.336e-18,1.214e-19,,1.134e+2,1.405e-1,3.869e-29,1.795e-17,8.132e-21,1.437e-21,1.031e-17,,,,3.279e-18,4.589e-21,2.971e-17,,3.423e-7,6.530e-19,,,3.216e-21,8.351e-17,5.660e-19,1.211e-28,,8.702e-22,8.523e-6,1.361e-16,2.346e-1,,2.802e-3,2.616e+0,1.229e-17,,,,,5.705e-8,,,,,,,,,,,,,,
707.81,1.251e+2,4.219e-3,1.129e-10,4.270e-38,1.476e-17,,,1.336e-18,1.215e-19,,1.219e+2,1.190e-1,3.870e-29,1.795e-17,8.079e-21,1.010e-21,1.034e-17,,,,3.279e-18,3.941e-21,2.975e-17,,3.219e-7,6.539e-19,,,3.217e-21,8.354e-17,5.681e-19,1.211e-28,,8.705e-22,6.481e-6,1.361e-16,2.102e-1,,2.400e-3,2.866e+0,1.229e-17,,,,,7.882e-8,,,,,,,,,,,,,,
707.83,1.311e+2,4.547e-3,1.010e-10,3.113e-38,1.477e-17,,,1.336e-18,1.215e-19,,1.278e+2,1.064e-1,3.870e-29,1.795e-17,8.043e-21,7.976e-22,1.037e-17,,,,3.279e-18,3.553e-21,2.977e-17,,3.084e-7,6.545e-19,,,3.218e-21,8.357e-17,5.694e-19,1.211e-28,,8.706e-22,5.389e-6,1.361e-16,1.950e-1,,2.161e-3,3.043e+0,1.229e-17,,,,,9.759e-8,,,,,,,,,,,,,,
707.85,1.372e+2,4.894e-3,9.027e-11,2.266e-38,1.477e-17,,,1.336e-18,1.216e-19,,1.337e+2,9.490e-2,3.870e-29,1.795e-17,8.007e-21,6.287e-22,1.039e-17,,,,3.280e-18,3.199e-21,2.980e-17,,2.950e-7,6.551e-19,,,3.219e-21,8.359e-17,5.708e-19,1.211e-28,,8.708e-22,4.474e-6,1.362e-16,1.806e-1,,1.943e-3,3.227e+0,1.229e-17,,,,,1.207e-7,,,,,,,,,,,,,,
707.88,1.464e+2,5.448e-3,7.601e-11,1.404e-38,1.477e-17,,,1.336e-18,1.216e-19,,1.427e+2,7.978e-2,3.870e-29,1.795e-17,7.954e-21,4.386e-22,1.042e-17,,,,3.280e-18,2.725e-21,2.984e-17,,2.752e-7,6.560e-19,,,3.221e-21,8.362e-17,5.728e-19,1.211e-28,,8.710e-22,3.375e-6,1.362e-16,1.606e-1,,1.651e-3,3.517e+0,1.229e-17,,,,,1.654e-7,,,,,,,,,,,,,,
707.9,1.526e+2,5.842e-3,6.765e-11,1.018e-38,1.478e-17,,,1.336e-18,1.216e-19,,1.487e+2,7.093e-2,3.870e-29,1.795e-17,7.918e-21,3.444e-22,1.044e-17,,,,3.281e-18,2.444e-21,2.987e-17,,2.623e-7,6.566e-19,,,3.221e-21,8.364e-17,5.742e-19,1.211e-28,,8.712e-22,2.791e-6,1.362e-16,1.482e-1,,1.478e-3,3.718e+0,1.229e-17,,,,,2.037e-7,,,,,,,,,,,,,,
707.93,1.620e+2,6.469e-3,5.663e-11,6.266e-39,1.478e-17,,,1.336e-18,1.217e-19,,1.578e+2,5.929e-2,3.870e-29,1.795e-17,7.865e-21,2.389e-22,1.047e-17,,,,3.281e-18,2.070e-21,2.991e-17,,2.433e-7,6.575e-19,,,3.223e-21,8.368e-17,5.762e-19,1.211e-28,,8.715e-22,2.093e-6,1.362e-16,1.310e-1,,1.249e-3,4.033e+0,1.228e-17,,,,,2.776e-7,,,,,,,,,,,,,,
707.95,1.683e+2,6.911e-3,5.021e-11,4.527e-39,1.478e-17,,,1.336e-18,1.217e-19,,1.638e+2,5.252e-2,3.870e-29,1.795e-17,1.116e-20,1.869e-22,1.049e-17,,,,3.282e-18,1.849e-21,2.993e-17,,2.310e-7,6.581e-19,,,3.224e-21,8.370e-17,5.776e-19,1.211e-28,,8.716e-22,1.725e-6,1.363e-16,1.204e-1,,1.114e-3,4.250e+0,1.228e-17,,,,,3.406e-7,,,,,,,,,,,,,,
707.98,1.776e+2,7.612e-3,4.179e-11,2.771e-39,1.479e-17,,,1.336e-18,1.218e-19,,1.729e+2,4.366e-2,3.871e-29,1.795e-17,1.883e-20,1.289e-22,1.052e-17,,,,3.282e-18,1.557e-21,2.997e-17,,2.130e-7,6.590e-19,,,3.225e-21,8.373e-17,5.797e-19,1.211e-28,,8.719e-22,1.286e-6,1.363e-16,1.058e-1,,9.362e-4,4.586e+0,1.228e-17,,,,,4.617e-7,,,,,,,,,,,,,,
708,1.838e+2,8.104e-3,3.691e-11,1.994e-39,1.479e-17,,,1.336e-18,1.218e-19,,1.788e+2,3.853e-2,3.871e-29,1.795e-17,2.663e-20,1.004e-22,1.054e-17,,,,3.283e-18,1.386e-21,3.000e-17,,2.014e-7,6.596e-19,,,3.226e-21,8.375e-17,5.810e-19,1.211e-28,,8.720e-22,1.055e-6,1.363e-16,9.687e-2,,8.319e-4,4.816e+0,1.228e-17,,,,,5.643e-7,,,,,,,,,,,,,,
708.03,1.929e+2,8.879e-3,3.055e-11,1.214e-39,1.480e-17,,,1.336e-18,1.219e-19,,1.876e+2,3.185e-2,3.871e-29,1.795e-17,4.466e-20,6.886e-23,1.058e-17,,,,3.283e-18,1.160e-21,3.004e-17,,1.847e-7,6.605e-19,,,3.227e-21,8.379e-17,5.831e-19,1.211e-28,,8.723e-22,7.824e-7,1.363e-16,8.464e-2,,6.949e-4,5.169e+0,1.228e-17,,,,,7.604e-7,,,,,,,,,,,,,,
708.05,1.988e+2,9.419e-3,2.688e-11,8.698e-40,1.480e-17,,,1.335e-18,1.219e-19,,1.933e+2,2.801e-2,3.871e-29,1.795e-17,6.293e-20,5.344e-23,1.060e-17,,,,3.283e-18,1.029e-21,3.006e-17,,1.740e-7,6.611e-19,,,3.228e-21,8.381e-17,5.844e-19,1.211e-28,,8.724e-22,6.396e-7,1.363e-16,7.721e-2,,6.152e-4,5.409e+0,1.228e-17,,,,,9.260e-7,,,,,,,,,,,,,,
708.08,2.075e+2,1.026e-2,2.212e-11,5.263e-40,1.481e-17,,,1.335e-18,1.219e-19,,2.016e+2,2.302e-2,3.871e-29,1.795e-17,1.049e-19,3.644e-23,1.063e-17,,,,3.284e-18,8.563e-22,3.010e-17,,1.587e-7,6.620e-19,,,3.230e-21,8.384e-17,5.865e-19,1.211e-28,,8.727e-22,4.715e-7,1.364e-16,6.707e-2,,5.109e-4,5.774e+0,1.228e-17,,,,,1.241e-6,,,,,,,,,,,,,,
708.1,2.131e+2,1.085e-2,1.938e-11,3.758e-40,1.481e-17,,,1.335e-18,1.220e-19,,2.070e+2,2.017e-2,3.871e-29,1.795e-17,1.473e-19,2.817e-23,1.065e-17,,,,3.284e-18,7.563e-22,3.013e-17,,1.489e-7,6.626e-19,,,3.231e-21,8.386e-17,5.878e-19,1.211e-28,,8.729e-22,3.840e-7,1.364e-16,6.095e-2,,4.505e-4,6.020e+0,1.228e-17,,,,,1.505e-6,,,,,,,,,,,,,,
708.13,2.212e+2,1.176e-2,1.586e-11,2.261e-40,1.481e-17,,,1.335e-18,1.220e-19,,2.147e+2,1.648e-2,3.872e-29,1.795e-17,2.443e-19,1.910e-23,1.068e-17,,,,3.285e-18,6.260e-22,3.017e-17,,1.350e-7,6.635e-19,,,3.232e-21,8.390e-17,5.899e-19,1.211e-28,,8.731e-22,2.814e-7,1.364e-16,5.265e-2,,3.720e-4,6.391e+0,1.228e-17,,,,,2.005e-6,,,,,,,,,,,,,,
708.15,2.263e+2,1.239e-2,1.385e-11,1.608e-40,1.482e-17,,,1.335e-18,1.220e-19,,2.196e+2,1.438e-2,3.872e-29,1.795e-17,3.416e-19,1.471e-23,1.070e-17,,,,3.285e-18,5.508e-22,3.020e-17,,1.262e-7,6.641e-19,,,3.233e-21,8.392e-17,5.912e-19,1.211e-28,,8.733e-22,2.283e-7,1.364e-16,4.766e-2,,3.268e-4,6.638e+0,1.228e-17,,,,,2.424e-6,,,,,,,,,,,,,,
708.18,2.335e+2,1.337e-2,1.126e-11,9.619e-41,1.482e-17,,,1.335e-18,1.221e-19,,2.264e+2,1.169e-2,3.872e-29,1.795e-17,5.632e-19,9.912e-24,1.073e-17,,,,3.286e-18,4.532e-22,3.024e-17,,1.138e-7,6.650e-19,,,3.234e-21,8.395e-17,5.933e-19,1.211e-28,,8.735e-22,1.663e-7,1.365e-16,4.093e-2,,2.683e-4,7.007e+0,1.228e-17,,,,,3.211e-6,,,,,,,,,,,,,,
708.2,2.380e+2,1.403e-2,9.796e-12,6.815e-41,1.483e-17,,,1.335e-18,1.221e-19,,2.307e+2,1.016e-2,3.872e-29,1.795e-17,7.846e-19,7.604e-24,1.076e-17,,,,3.286e-18,3.972e-22,3.026e-17,,1.060e-7,6.656e-19,,,3.235e-21,8.397e-17,5.946e-19,1.211e-28,,8.737e-22,1.344e-7,1.365e-16,3.691e-2,,2.348e-4,7.251e+0,1.228e-17,,,,,3.866e-6,,,,,,,,,,,,,,
708.23,2.442e+2,1.506e-2,7.923e-12,4.053e-41,1.483e-17,,,1.335e-18,1.222e-19,,2.365e+2,8.216e-3,3.872e-29,1.795e-17,1.286e-18,5.096e-24,1.079e-17,,,,3.287e-18,3.250e-22,3.030e-17,,9.496e-8,6.665e-19,,,3.237e-21,8.401e-17,5.967e-19,1.212e-28,,8.739e-22,9.739e-8,1.365e-16,3.152e-2,,1.917e-4,7.611e+0,1.228e-17,,,,,5.092e-6,,,,,,,,,,,,,,
708.25,2.480e+2,1.575e-2,6.865e-12,2.861e-41,1.483e-17,,,1.335e-18,1.222e-19,,2.401e+2,7.116e-3,3.872e-29,1.794e-17,1.785e-18,3.894e-24,1.081e-17,,,,3.287e-18,2.838e-22,3.033e-17,,8.810e-8,6.671e-19,,,3.238e-21,8.403e-17,5.980e-19,1.212e-28,,8.741e-22,7.841e-8,1.365e-16,2.831e-2,,1.671e-4,7.846e+0,1.228e-17,,,,,6.107e-6,,,,,,,,,,,,,,
708.27,2.514e+2,1.646e-2,5.939e-12,2.016e-41,1.484e-17,,,1.335e-18,1.222e-19,,2.433e+2,6.153e-3,3.872e-29,1.794e-17,2.474e-18,2.972e-24,1.083e-17,,,,3.288e-18,2.474e-22,3.035e-17,,8.162e-8,6.677e-19,,,3.239e-21,8.405e-17,5.994e-19,1.212e-28,,8.743e-22,6.303e-8,1.365e-16,2.540e-2,,1.455e-4,8.076e+0,1.228e-17,,,,,7.314e-6,,,,,,,,,,,,,,
708.3,2.560e+2,1.754e-2,4.765e-12,1.189e-41,1.484e-17,,,1.335e-18,1.223e-19,,2.475e+2,4.934e-3,3.873e-29,1.794e-17,4.025e-18,1.975e-24,1.086e-17,,,,3.288e-18,2.008e-22,3.039e-17,,7.256e-8,6.686e-19,,,3.240e-21,8.408e-17,6.014e-19,1.212e-28,,8.745e-22,4.529e-8,1.366e-16,2.151e-2,,1.178e-4,8.410e+0,1.228e-17,,,,,9.558e-6,,,,,,,,,,,,,,
708.32,2.585e+2,1.826e-2,4.107e-12,1.188e-41,1.485e-17,,,1.335e-18,1.223e-19,,2.499e+2,4.251e-3,3.873e-29,1.794e-17,5.556e-18,1.501e-24,1.088e-17,,,,3.288e-18,1.744e-22,3.042e-17,,6.696e-8,6.692e-19,,,3.241e-21,8.410e-17,6.028e-19,1.212e-28,,8.747e-22,3.627e-8,1.366e-16,1.922e-2,,1.021e-4,8.624e+0,1.228e-17,,,,,1.140e-5,,,,,,,,,,,,,,
708.35,2.617e+2,1.936e-2,3.277e-12,1.187e-41,1.485e-17,,,1.335e-18,1.224e-19,,2.527e+2,3.389e-3,3.873e-29,1.794e-17,8.987e-18,9.922e-25,1.091e-17,,,,3.289e-18,1.407e-22,3.046e-17,,5.919e-8,6.701e-19,,,3.242e-21,8.414e-17,6.048e-19,1.212e-28,,8.749e-22,2.591e-8,1.366e-16,1.619e-2,,8.223e-5,8.930e+0,1.227e-17,,,,,1.482e-5,,,,,,,,,,,,,,
708.37,2.634e+2,2.010e-2,2.813e-12,1.187e-41,1.485e-17,,,1.335e-18,1.224e-19,,2.542e+2,2.909e-3,3.873e-29,1.794e-17,1.236e-17,7.514e-25,1.093e-17,,,,3.289e-18,1.217e-22,3.049e-17,,5.442e-8,6.707e-19,,,3.243e-21,8.416e-17,6.062e-19,1.212e-28,,8.751e-22,2.067e-8,1.366e-16,1.441e-2,,7.103e-5,9.122e+0,1.227e-17,,,,,1.761e-5,,,,,,,,,,,,,,
708.4,2.651e+2,2.121e-2,2.232e-12,1.186e-41,1.486e-17,,,1.335e-18,1.225e-19,,2.557e+2,2.306e-3,3.873e-29,1.794e-17,1.988e-17,4.937e-25,1.097e-17,,,,3.290e-18,9.769e-23,3.053e-17,,4.783e-8,6.716e-19,,,3.245e-21,8.419e-17,6.082e-19,1.212e-28,,8.753e-22,1.468e-8,1.367e-16,1.207e-2,,5.686e-5,9.392e+0,1.227e-17,,,,,2.276e-5,,,,,,,,,,,,,,
708.42,2.657e+2,2.194e-2,1.910e-12,1.185e-41,1.486e-17,,,1.335e-18,1.225e-19,,2.562e+2,1.972e-3,3.873e-29,1.794e-17,2.724e-17,3.724e-25,1.099e-17,,,,3.290e-18,8.419e-23,3.055e-17,,4.380e-8,6.722e-19,,,3.245e-21,8.421e-17,6.096e-19,1.212e-28,,8.755e-22,1.167e-8,1.367e-16,1.070e-2,,4.893e-5,9.558e+0,1.227e-17,,,,,2.694e-5,,,,,,,,,,,,,,
708.45,2.660e+2,2.304e-2,1.508e-12,1.184e-41,1.487e-17,,,1.335e-18,1.225e-19,,2.562e+2,1.554e-3,3.873e-29,1.794e-17,4.357e-17,2.433e-25,1.102e-17,,,,3.291e-18,6.716e-23,3.059e-17,,3.828e-8,6.731e-19,,,3.247e-21,8.425e-17,6.116e-19,1.212e-28,,8.757e-22,8.241e-9,1.367e-16,8.909e-3,,3.894e-5,9.784e+0,1.227e-17,,,,,3.462e-5,,,,,,,,,,,,,,
708.47,2.656e+2,2.376e-2,1.286e-12,1.183e-41,1.487e-17,,,1.335e-18,1.226e-19,,2.557e+2,1.324e-3,3.874e-29,1.794e-17,5.947e-17,1.828e-25,1.104e-17,,,,3.291e-18,5.766e-23,3.062e-17,,3.492e-8,6.736e-19,,,3.248e-21,8.427e-17,6.130e-19,1.212e-28,,8.759e-22,6.524e-9,1.367e-16,7.869e-3,,3.338e-5,9.919e+0,1.227e-17,,,,,4.083e-5,,,,,,,,,,,,,,
708.5,2.644e+2,2.484e-2,1.012e-12,1.182e-41,1.487e-17,,,1.334e-18,1.226e-19,,2.542e+2,1.038e-3,3.874e-29,1.794e-17,9.458e-17,1.187e-25,1.107e-17,,,,3.292e-18,4.574e-23,3.066e-17,,3.034e-8,6.745e-19,,,3.249e-21,8.430e-17,6.150e-19,1.212e-28,,8.761e-22,4.581e-9,1.367e-16,6.514e-3,,2.642e-5,1.010e+1,1.227e-17,,,,,5.216e-5,,,,,,,,,,,,,,
708.52,2.630e+2,2.554e-2,8.614e-13,1.182e-41,1.488e-17,,,1.334e-18,1.226e-19,,2.528e+2,8.804e-4,3.874e-29,1.794e-17,1.286e-16,8.887e-26,1.109e-17,,,,3.292e-18,3.911e-23,3.068e-17,,2.758e-8,6.751e-19,,,3.250e-21,8.432e-17,6.164e-19,1.212e-28,,8.763e-22,3.612e-9,1.368e-16,5.732e-3,,2.256e-5,1.020e+1,1.227e-17,,,,,6.130e-5,,,,,,,,,,,,,,
708.55,2.603e+2,2.657e-2,6.768e-13,1.181e-41,1.488e-17,,,1.334e-18,1.227e-19,,2.499e+2,6.862e-4,3.874e-29,1.794e-17,2.034e-16,5.738e-26,1.112e-17,,,,3.293e-18,3.085e-23,3.072e-17,,2.382e-8,6.760e-19,,,3.251e-21,8.436e-17,6.184e-19,1.212e-28,,8.766e-22,2.522e-9,1.368e-16,4.718e-3,,1.775e-5,1.032e+1,1.227e-17,,,,,7.787e-5,,,,,,,,,,,,,,
708.57,2.580e+2,2.724e-2,5.768e-13,1.180e-41,1.489e-17,,,1.334e-18,1.227e-19,,2.476e+2,5.800e-4,3.874e-29,1.794e-17,2.756e-16,4.279e-26,1.115e-17,,,,3.293e-18,2.628e-23,3.075e-17,,2.157e-8,6.766e-19,,,3.252e-21,8.438e-17,6.198e-19,1.212e-28,,8.767e-22,1.981e-9,1.368e-16,4.136e-3,,1.510e-5,1.038e+1,1.227e-17,,,,,9.116e-5,,,,,,,,,,,,,,
708.6,2.539e+2,2.822e-2,4.558e-13,1.179e-41,1.489e-17,,,1.334e-18,1.228e-19,,2.434e+2,4.494e-4,3.874e-29,1.794e-17,4.333e-16,2.747e-26,1.118e-17,,,,3.294e-18,2.061e-23,3.079e-17,,1.853e-8,6.775e-19,,,3.254e-21,8.441e-17,6.218e-19,1.212e-28,,8.770e-22,1.375e-9,1.368e-16,3.385e-3,,1.181e-5,1.045e+1,1.227e-17,,,,,1.151e-4,,,,,,,,,,,,,,
708.62,2.507e+2,2.885e-2,3.917e-13,1.178e-41,1.489e-17,,,1.334e-18,1.228e-19,,2.402e+2,3.785e-4,3.875e-29,1.794e-17,5.848e-16,2.041e-26,1.120e-17,,,,3.294e-18,1.749e-23,3.082e-17,,1.671e-8,6.781e-19,,,3.255e-21,8.443e-17,6.232e-19,1.212e-28,,8.771e-22,1.076e-9,1.369e-16,2.956e-3,,1.001e-5,1.047e+1,1.227e-17,,,,,1.343e-4,,,,,,,,,,,,,,
708.64,2.472e+2,2.946e-2,3.389e-13,1.178e-41,1.490e-17,,,1.334e-18,1.228e-19,,2.367e+2,3.182e-4,3.875e-29,1.794e-17,7.882e-16,1.513e-26,1.122e-17,,,,3.294e-18,1.482e-23,3.084e-17,,1.505e-8,6.787e-19,,,3.256e-21,8.446e-17,6.245e-19,1.212e-28,,8.773e-22,8.408e-10,1.369e-16,2.577e-3,,8.468e-6,1.048e+1,1.227e-17,,,,,1.564e-4,,,,,,,,,,,,,,
708.67,2.413e+2,3.034e-2,2.782e-13,1.177e-41,1.490e-17,,,1.334e-18,1.229e-19,,2.308e+2,2.446e-4,3.875e-29,1.794e-17,1.230e-15,9.638e-27,1.125e-17,,,,3.295e-18,1.153e-23,3.088e-17,,1.282e-8,6.796e-19,,,3.257e-21,8.449e-17,6.266e-19,1.212e-28,,8.775e-22,5.790e-10,1.369e-16,2.092e-3,,6.572e-6,1.046e+1,1.227e-17,,,,,1.959e-4,,,,,,,,,,,,,,
708.69,2.370e+2,3.090e-2,2.487e-13,1.176e-41,1.491e-17,,,1.334e-18,1.229e-19,,2.266e+2,2.049e-4,3.875e-29,1.794e-17,1.651e-15,7.121e-27,1.127e-17,,,,3.295e-18,9.732e-24,3.091e-17,,1.150e-8,6.802e-19,,,3.258e-21,8.451e-17,6.280e-19,1.212e-28,,8.777e-22,4.506e-10,1.369e-16,1.817e-3,,5.539e-6,1.043e+1,1.227e-17,,,,,2.273e-4,,,,,,,,,,,,,,
708.72,2.301e+2,3.169e-2,2.189e-13,1.175e-41,1.491e-17,,,1.334e-18,1.230e-19,,2.197e+2,1.566e-4,3.875e-29,1.794e-17,2.561e-15,4.509e-27,1.130e-17,,,,3.296e-18,7.526e-24,3.095e-17,,9.745e-9,6.811e-19,,,3.259e-21,8.454e-17,6.300e-19,1.212e-28,,8.780e-22,3.085e-10,1.369e-16,1.467e-3,,4.274e-6,1.035e+1,1.227e-17,,,,,2.832e-4,,,,,,,,,,,,,,
708.74,2.252e+2,3.219e-2,2.081e-13,1.174e-41,1.491e-17,,,1.334e-18,1.230e-19,,2.148e+2,1.307e-4,3.875e-29,1.794e-17,3.425e-15,3.318e-27,1.132e-17,,,,3.296e-18,6.329e-24,3.097e-17,,8.708e-9,6.817e-19,,,3.260e-21,8.457e-17,6.314e-19,1.213e-28,,8.781e-22,2.392e-10,1.370e-16,1.269e-3,,3.588e-6,1.028e+1,1.227e-17,,,,,3.273e-4,,,,,,,,,,,,,,
708.77,2.173e+2,3.289e-2,2.049e-13,1.173e-41,1.492e-17,,,1.334e-18,1.231e-19,,2.072e+2,9.930e-5,3.875e-29,1.794e-17,5.284e-15,2.089e-27,1.136e-17,,,,3.297e-18,4.867e-24,3.101e-17,,7.336e-9,6.826e-19,,,3.262e-21,8.460e-17,6.334e-19,1.213e-28,,8.784e-22,1.628e-10,1.370e-16,1.019e-3,,2.753e-6,1.015e+1,1.226e-17,,,,,4.055e-4,,,,,,,,,,,,,,
708.79,2.119e+2,3.332e-2,2.113e-13,1.173e-41,1.492e-17,,,1.334e-18,1.231e-19,,2.018e+2,8.253e-5,3.876e-29,1.794e-17,7.041e-15,1.531e-27,1.138e-17,,,,3.297e-18,4.077e-24,3.104e-17,,6.531e-9,6.832e-19,,,3.263e-21,8.462e-17,6.348e-19,1.213e-28,,8.785e-22,1.258e-10,1.370e-16,8.779e-4,,2.303e-6,1.004e+1,1.226e-17,,,,,4.668e-4,,,,,,,,,,,,,,
708.82,2.034e+2,3.393e-2,2.345e-13,1.172e-41,1.493e-17,,,1.334e-18,1.231e-19,,1.935e+2,6.237e-5,3.876e-29,1.794e-17,1.080e-14,9.585e-28,1.141e-17,,,,3.298e-18,3.117e-24,3.108e-17,,5.470e-9,6.841e-19,,,3.264e-21,8.465e-17,6.368e-19,1.213e-28,,8.788e-22,8.511e-11,1.370e-16,7.005e-4,,1.756e-6,9.853e+0,1.226e-17,,,,,5.750e-4,,,,,,,,,,,,,,
708.84,1.975e+2,3.430e-2,2.597e-13,1.171e-41,1.493e-17,,,1.334e-18,1.232e-19,,1.878e+2,5.164e-5,3.876e-29,1.794e-17,1.434e-14,7.000e-28,1.143e-17,,,,3.298e-18,2.601e-24,3.111e-17,,4.851e-9,6.847e-19,,,3.265e-21,8.468e-17,9.012e-19,1.213e-28,,8.789e-22,6.548e-11,1.371e-16,6.015e-4,,1.463e-6,9.712e+0,1.226e-17,,,,,6.596e-4,,,,,,,,,,,,,,
708.87,1.885e+2,3.480e-2,3.140e-13,1.170e-41,1.494e-17,,,1.334e-18,1.232e-19,,1.790e+2,3.880e-5,3.876e-29,1.794e-17,2.187e-14,4.356e-28,1.146e-17,,,,3.299e-18,1.977e-24,3.114e-17,,4.040e-9,6.856e-19,,,3.266e-21,8.471e-17,1.513e-18,1.213e-28,,8.792e-22,4.406e-11,1.371e-16,4.772e-4,,1.110e-6,9.476e+0,1.226e-17,,,,,8.079e-4,,,,,,,,,,,,,,
708.89,1.824e+2,3.511e-2,3.628e-13,1.170e-41,1.494e-17,,,1.334e-18,1.232e-19,,1.730e+2,3.200e-5,3.876e-29,1.794e-17,2.892e-14,3.169e-28,1.148e-17,,,,3.299e-18,1.644e-24,3.117e-17,,3.569e-9,6.862e-19,,,3.267e-21,8.473e-17,2.133e-18,1.213e-28,,8.794e-22,3.377e-11,1.371e-16,4.082e-4,,9.212e-7,9.304e+0,1.226e-17,,,,,9.231e-4,,,,,,,,,,,,,,
708.92,1.731e+2,3.552e-2,4.581e-13,1.169e-41,1.494e-17,,,1.333e-18,1.233e-19,,1.640e+2,2.391e-5,3.876e-29,1.794e-17,4.386e-14,1.961e-28,1.151e-17,,,,3.299e-18,1.242e-24,3.121e-17,,2.955e-9,6.871e-19,,,3.269e-21,8.476e-17,3.561e-18,1.213e-28,,8.796e-22,2.259e-11,1.371e-16,3.220e-4,,6.946e-7,9.027e+0,1.226e-17,,,,,1.124e-3,,,,,,,,,,,,,,
708.94,1.668e+2,3.576e-2,5.391e-13,1.168e-41,1.495e-17,,,1.333e-18,1.233e-19,,1.580e+2,1.964e-5,3.876e-29,1.794e-17,5.778e-14,1.421e-28,1.154e-17,,,,3.300e-18,1.029e-24,3.124e-17,,2.601e-9,6.877e-19,,,3.269e-21,8.479e-17,5.001e-18,1.213e-28,,8.798e-22,1.725e-11,1.371e-16,2.744e-4,,5.744e-7,8.829e+0,1.226e-17,,,,,1.280e-3,,,,,,,,,,,,,,
708.97,1.574e+2,3.607e-2,6.923e-13,1.167e-41,1.495e-17,,,1.333e-18,1.234e-19,,1.489e+2,1.459e-5,3.877e-29,1.794e-17,8.714e-14,8.742e-29,1.157e-17,,,,3.300e-18,7.731e-25,3.128e-17,,2.141e-9,6.886e-19,,,3.271e-21,8.482e-17,8.302e-18,1.213e-28,,8.800e-22,1.147e-11,1.372e-16,2.152e-4,,4.306e-7,8.517e+0,1.226e-17,,,,,1.550e-3,,,,,,,,,,,,,,
708.99,1.512e+2,3.626e-2,8.194e-13,1.166e-41,1.495e-17,,,1.333e-18,1.234e-19,,1.428e+2,1.194e-5,3.877e-29,1.794e-17,1.144e-13,6.311e-29,1.159e-17,,,,3.301e-18,6.378e-25,3.130e-17,,1.877e-9,6.892e-19,,,3.272e-21,8.484e-17,1.162e-17,1.213e-28,,8.802e-22,8.727e-12,1.372e-16,1.827e-4,,3.547e-7,8.299e+0,1.226e-17,,,,,1.758e-3,,,,,,,,,,,,,,
709.01,1.450e+2,3.641e-2,9.705e-13,1.166e-41,1.496e-17,,,1.333e-18,1.234e-19,,1.368e+2,9.762e-6,3.877e-29,1.794e-17,1.499e-13,4.549e-29,1.161e-17,,,,3.301e-18,5.253e-25,3.133e-17,,1.643e-9,6.898e-19,,,3.273e-21,8.486e-17,1.623e-17,1.213e-28,,8.803e-22,6.627e-12,1.372e-16,1.548e-4,,2.917e-7,8.075e+0,1.226e-17,,,,,1.990e-3,,,,,,,,,,,,,,
709.04,1.357e+2,3.661e-2,1.250e-12,1.165e-41,1.496e-17,,,1.333e-18,1.235e-19,,1.280e+2,7.192e-6,3.877e-29,1.794e-17,2.243e-13,2.776e-29,1.164e-17,,,,3.302e-18,3.916e-25,3.137e-17,,1.342e-9,6.907e-19,,,3.274e-21,8.490e-17,2.673e-17,1.213e-28,,8.806e-22,4.373e-12,1.372e-16,1.205e-4,,2.170e-7,7.727e+0,1.226e-17,,,,,2.391e-3,,,,,,,,,,,,,,
709.06,1.296e+2,3.672e-2,1.479e-12,1.164e-41,1.497e-17,,,1.333e-18,1.235e-19,,1.221e+2,5.856e-6,3.877e-29,1.793e-17,2.929e-13,1.993e-29,1.166e-17,,,,3.302e-18,3.213e-25,3.140e-17,,1.170e-9,6.913e-19,,,3.275e-21,8.492e-17,3.721e-17,1.213e-28,,8.808e-22,3.308e-12,1.373e-16,1.017e-4,,1.777e-7,7.490e+0,1.226e-17,,,,,2.697e-3,,,,,,,,,,,,,,
709.09,1.207e+2,3.684e-2,1.900e-12,1.163e-41,1.497e-17,,,1.333e-18,1.236e-19,,1.135e+2,4.290e-6,3.877e-29,1.793e-17,4.357e-13,1.209e-29,1.169e-17,,,,3.303e-18,2.382e-25,3.143e-17,,9.504e-10,6.922e-19,,,3.276e-21,8.495e-17,6.093e-17,1.213e-28,,8.810e-22,2.170e-12,1.373e-16,7.868e-5,,1.314e-7,7.126e+0,1.226e-17,,,,,3.222e-3,,,,,,,,,,,,,,
709.11,1.149e+2,3.690e-2,2.242e-12,1.162e-41,1.497e-17,,,1.333e-18,1.236e-19,,1.079e+2,3.480e-6,3.878e-29,1.793e-17,5.667e-13,8.649e-30,1.172e-17,,,,3.303e-18,1.947e-25,3.146e-17,,8.256e-10,6.928e-19,,,3.277e-21,8.497e-17,8.450e-17,1.213e-28,,8.812e-22,1.635e-12,1.373e-16,6.617e-5,,1.073e-7,6.881e+0,1.226e-17,,,,,3.621e-3,,,,,,,,,,,,,,
709.14,1.063e+2,3.697e-2,2.867e-12,1.161e-41,1.498e-17,,,1.333e-18,1.237e-19,,9.978e+1,2.534e-6,3.878e-29,1.793e-17,8.384e-13,5.217e-30,1.175e-17,,,,3.304e-18,1.435e-25,3.150e-17,,6.666e-10,6.937e-19,,,3.279e-21,8.501e-17,1.376e-16,1.213e-28,,8.814e-22,1.067e-12,1.373e-16,5.090e-5,,7.887e-8,6.510e+0,1.226e-17,,,,,4.301e-3,,,,,,,,,,,,,,
709.16,1.008e+2,3.699e-2,3.372e-12,1.161e-41,1.498e-17,,,1.333e-18,1.237e-19,,9.450e+1,2.048e-6,3.878e-29,1.793e-17,1.087e-12,3.717e-30,1.177e-17,,,,3.304e-18,1.168e-25,3.153e-17,,5.769e-10,6.943e-19,,,3.280e-21,8.503e-17,1.901e-16,1.213e-28,,8.816e-22,8.008e-13,1.373e-16,4.265e-5,,6.412e-8,6.262e+0,1.226e-17,,,,,4.815e-3,,,,,,,,,,,,,,
709.19,9.280e+1,3.700e-2,4.290e-12,1.160e-41,1.499e-17,,,1.333e-18,1.237e-19,,8.686e+1,1.483e-6,3.878e-29,1.793e-17,1.598e-12,2.229e-30,1.180e-17,,,,3.304e-18,8.559e-26,3.157e-17,,4.631e-10,6.952e-19,,,3.281e-21,8.506e-17,3.078e-16,1.213e-28,,8.818e-22,5.193e-13,1.374e-16,3.261e-5,,4.687e-8,5.890e+0,1.225e-17,,,,,5.687e-3,,,,,,,,,,,,,,
709.21,8.765e+1,3.700e-2,5.029e-12,1.159e-41,1.499e-17,,,1.333e-18,1.238e-19,,8.196e+1,1.194e-6,3.878e-29,1.793e-17,2.063e-12,1.582e-30,1.182e-17,,,,3.305e-18,6.943e-26,3.159e-17,,3.992e-10,6.958e-19,,,3.282e-21,8.508e-17,4.237e-16,1.213e-28,,8.820e-22,3.883e-13,1.374e-16,2.722e-5,,3.796e-8,5.644e+0,1.225e-17,,,,,6.343e-3,,,,,,,,,,,,,,
709.24,8.023e+1,3.698e-2,6.363e-12,1.158e-41,1.500e-17,,,1.333e-18,1.238e-19,,7.491e+1,8.596e-7,3.878e-29,1.793e-17,3.018e-12,9.435e-31,1.185e-17,,,,3.305e-18,5.058e-26,3.163e-17,,3.186e-10,6.967e-19,,,3.283e-21,8.512e-17,6.822e-16,1.213e-28,,8.822e-22,2.504e-13,1.374e-16,2.070e-5,,2.759e-8,5.279e+0,1.225e-17,,,,,7.449e-3,,,,,,,,,,,,,,
709.26,7.549e+1,3.695e-2,7.431e-12,1.157e-41,1.500e-17,,,1.333e-18,1.239e-19,,7.041e+1,6.892e-7,3.878e-29,1.793e-17,3.882e-12,6.671e-31,1.187e-17,,,,3.306e-18,4.087e-26,3.166e-17,,2.737e-10,6.973e-19,,,3.284e-21,8.514e-17,9.355e-16,1.214e-28,,8.824e-22,1.865e-13,1.374e-16,1.721e-5,,2.226e-8,5.040e+0,1.225e-17,,,,,8.276e-3,,,,,,,,,,,,,,
709.29,6.872e+1,3.691e-2,9.353e-12,1.156e-41,1.500e-17,,,1.333e-18,1.239e-19,,6.398e+1,4.934e-7,3.879e-29,1.793e-17,5.646e-12,3.955e-31,1.190e-17,,,,3.306e-18,2.960e-26,3.170e-17,,2.172e-10,6.982e-19,,,3.286e-21,8.517e-17,1.498e-15,1.214e-28,,8.827e-22,1.196e-13,1.375e-16,1.301e-5,,1.609e-8,4.687e+0,1.225e-17,,,,,9.665e-3,,,,,,,,,,,,,,
709.31,6.442e+1,3.688e-2,1.088e-11,1.156e-41,1.501e-17,,,1.333e-18,1.239e-19,,5.991e+1,3.941e-7,3.879e-29,1.793e-17,7.235e-12,2.785e-31,1.193e-17,,,,3.307e-18,2.383e-26,3.172e-17,,1.858e-10,6.988e-19,,,3.286e-21,8.519e-17,2.046e-15,1.214e-28,,8.828e-22,8.874e-14,1.375e-16,1.078e-5,,1.293e-8,4.457e+0,1.225e-17,,,,,1.070e-2,,,,,,,,,,,,,,
709.34,5.831e+1,3.682e-2,1.362e-11,1.155e-41,1.501e-17,,,1.332e-18,1.240e-19,,5.414e+1,2.806e-7,3.879e-29,1.793e-17,1.046e-11,1.642e-31,1.196e-17,,,,3.307e-18,1.716e-26,3.176e-17,,1.466e-10,6.997e-19,,,3.288e-21,8.523e-17,3.258e-15,1.214e-28,,8.831e-22,5.656e-14,1.375e-16,8.101e-6,,9.290e-9,4.121e+0,1.225e-17,,,,,1.242e-2,,,,,,,,,,,,,,
709.36,5.446e+1,3.678e-2,1.579e-11,1.154e-41,1.502e-17,,,1.332e-18,1.240e-19,,5.050e+1,2.232e-7,3.879e-29,1.793e-17,1.336e-11,1.642e-31,1.198e-17,,,,3.308e-18,1.376e-26,3.179e-17,,1.249e-10,7.003e-19,,,3.289e-21,8.525e-17,4.433e-15,1.214e-28,,8.832e-22,4.181e-14,1.375e-16,6.684e-6,,7.438e-9,3.904e+0,1.225e-17,,,,,1.370e-2,,,,,,,,,,,,,,
709.38,5.078e+1,3.675e-2,1.828e-11,1.153e-41,1.502e-17,,,1.332e-18,1.240e-19,,4.704e+1,1.774e-7,3.879e-29,1.793e-17,1.702e-11,1.642e-31,1.200e-17,,,,3.308e-18,1.102e-26,3.182e-17,,1.063e-10,7.009e-19,,,3.290e-21,8.527e-17,6.024e-15,1.214e-28,,8.834e-22,3.086e-14,1.375e-16,5.507e-6,,5.946e-9,3.693e+0,1.225e-17,,,,,1.508e-2,,,,,,,,,,,,,,
709.41,4.561e+1,3.670e-2,2.271e-11,1.152e-41,1.502e-17,,,1.332e-18,1.241e-19,,4.217e+1,1.252e-7,3.879e-29,1.793e-17,2.443e-11,1.642e-31,1.203e-17,,,,3.309e-18,7.872e-27,3.186e-17,,8.323e-11,7.018e-19,,,3.291e-21,8.530e-17,9.516e-15,1.214e-28,,8.836e-22,1.951e-14,1.376e-16,4.106e-6,,4.238e-9,3.388e+0,1.225e-17,,,,,1.737e-2,,,,,,,,,,,,,,
709.43,4.237e+1,3.667e-2,2.619e-11,1.152e-41,1.503e-17,,,1.332e-18,1.241e-19,,3.913e+1,9.912e-8,3.879e-29,1.793e-17,3.102e-11,1.642e-31,1.205e-17,,,,3.309e-18,6.279e-27,3.188e-17,,7.055e-11,7.023e-19,,,3.292e-21,8.533e-17,1.288e-14,1.214e-28,,8.838e-22,1.435e-14,1.376e-16,3.370e-6,,3.375e-9,3.192e+0,1.225e-17,,,,,1.905e-2,,,,,,,,,,,,,,
709.46,3.784e+1,3.665e-2,3.236e-11,1.151e-41,1.503e-17,,,1.332e-18,1.242e-19,,3.487e+1,6.959e-8,3.880e-29,1.793e-17,4.426e-11,1.642e-31,1.208e-17,,,,3.309e-18,4.460e-27,3.192e-17,,5.491e-11,7.032e-19,,,3.293e-21,8.536e-17,2.024e-14,1.214e-28,,8.841e-22,9.019e-15,1.376e-16,2.499e-6,,2.392e-9,2.912e+0,1.225e-17,,,,,2.183e-2,,,,,,,,,,,,,,
709.48,3.503e+1,3.664e-2,3.719e-11,1.150e-41,1.503e-17,,,1.332e-18,1.242e-19,,3.224e+1,5.487e-8,3.880e-29,1.793e-17,5.599e-11,1.642e-31,1.211e-17,,,,3.310e-18,3.544e-27,3.195e-17,,4.637e-11,7.038e-19,,,4.661e-21,8.538e-17,2.729e-14,1.214e-28,,8.842e-22,6.606e-15,1.376e-16,2.043e-6,,1.897e-9,2.733e+0,1.225e-17,,,,,2.385e-2,,,,,,,,,,,,,,
709.51,3.111e+1,3.664e-2,4.569e-11,1.149e-41,1.504e-17,,,1.332e-18,1.243e-19,,2.857e+1,3.830e-8,3.880e-29,1.793e-17,7.943e-11,1.642e-31,1.214e-17,,,,3.310e-18,2.503e-27,3.199e-17,,3.588e-11,7.047e-19,,,7.827e-21,8.541e-17,4.263e-14,1.214e-28,,8.845e-22,4.129e-15,1.377e-16,1.506e-6,,1.337e-9,2.479e+0,1.225e-17,,,,,2.716e-2,,,,,,,,,,,,,,
709.53,2.869e+1,3.665e-2,5.232e-11,1.148e-41,1.504e-17,,,1.332e-18,1.243e-19,,2.631e+1,3.008e-8,3.880e-29,1.793e-17,1.001e-10,1.642e-31,1.216e-17,,,,3.311e-18,1.981e-27,3.201e-17,,3.019e-11,7.053e-19,,,1.104e-20,8.544e-17,5.728e-14,1.214e-28,,8.846e-22,3.012e-15,1.377e-16,1.226e-6,,1.057e-9,2.318e+0,1.225e-17,,,,,2.957e-2,,,,,,,,,,,,,,
709.56,2.534e+1,3.669e-2,6.393e-11,1.147e-41,1.505e-17,,,1.332e-18,1.243e-19,,2.318e+1,2.088e-8,3.880e-29,1.793e-17,1.412e-10,1.642e-31,1.219e-17,,,,3.311e-18,1.391e-27,3.205e-17,,2.322e-11,7.062e-19,,,1.843e-20,8.547e-17,8.896e-14,1.214e-28,,8.849e-22,1.872e-15,1.377e-16,8.989e-7,,7.402e-10,2.090e+0,1.225e-17,,,,,3.349e-2,,,,,,,,,,,,,,
709.58,2.329e+1,3.674e-2,7.294e-11,1.147e-41,1.505e-17,,,1.332e-18,1.244e-19,,2.127e+1,1.634e-8,3.880e-29,1.793e-17,1.773e-10,1.642e-31,1.221e-17,,,,3.312e-18,1.097e-27,3.208e-17,,1.946e-11,7.068e-19,,,2.972e-20,8.549e-17,1.191e-13,1.214e-28,,8.850e-22,1.361e-15,1.377e-16,7.293e-7,,5.827e-10,1.947e+0,1.225e-17,,,,,3.631e-2,,,,,,,,,,,,,,
709.61,2.046e+1,3.683e-2,8.865e-11,1.146e-41,1.506e-17,,,1.332e-18,1.244e-19,,1.863e+1,1.127e-8,3.881e-29,1.793e-17,2.487e-10,1.642e-31,1.224e-17,,,,3.312e-18,7.656e-28,3.212e-17,,1.489e-11,7.077e-19,,,4.944e-20,8.552e-17,1.839e-13,1.214e-28,,8.853e-22,8.407e-16,1.377e-16,5.315e-7,,4.059e-10,1.746e+0,1.224e-17,,,,,4.089e-2,,,,,,,,,,,,,,
709.63,1.873e+1,3.692e-2,1.008e-10,1.145e-41,1.506e-17,,,1.332e-18,1.245e-19,,1.703e+1,8.786e-9,3.881e-29,1.793e-17,3.111e-10,1.642e-31,1.226e-17,,,,3.313e-18,6.014e-28,3.215e-17,,1.243e-11,7.083e-19,,,6.929e-20,8.555e-17,2.453e-13,1.214e-28,,8.855e-22,6.087e-16,1.378e-16,4.296e-7,,3.183e-10,1.620e+0,1.224e-17,,,,,4.418e-2,,,,,,,,,,,,,,
709.66,1.637e+1,3.708e-2,1.218e-10,1.144e-41,1.506e-17,,,1.332e-18,1.245e-19,,1.484e+1,6.028e-9,3.881e-29,1.793e-17,4.340e-10,1.642e-31,1.230e-17,,,,3.313e-18,4.175e-28,3.219e-17,,9.455e-12,7.092e-19,,,1.146e-19,8.558e-17,3.766e-13,1.214e-28,,8.857e-22,3.739e-16,1.378e-16,3.112e-7,,2.204e-10,1.445e+0,1.224e-17,,,,,4.947e-2,,,,,,,,,,,,,,
709.68,1.493e+1,3.721e-2,1.380e-10,1.143e-41,1.507e-17,,,1.332e-18,1.245e-19,,1.351e+1,4.681e-9,3.881e-29,1.793e-17,5.408e-10,1.642e-31,1.232e-17,,,,3.313e-18,3.266e-28,3.221e-17,,7.863e-12,7.098e-19,,,1.642e-19,8.560e-17,5.004e-13,1.214e-28,,8.859e-22,2.697e-16,1.378e-16,2.506e-7,,1.722e-10,1.336e+0,1.224e-17,,,,,5.324e-2,,,,,,,,,,,,,,
709.71,1.298e+1,3.745e-2,1.659e-10,1.142e-41,1.507e-17,,,1.332e-18,1.246e-19,,1.170e+1,3.193e-9,3.881e-29,1.793e-17,7.501e-10,1.643e-31,1.235e-17,,,,3.314e-18,2.254e-28,3.225e-17,,5.947e-12,7.107e-19,,,2.703e-19,8.563e-17,7.642e-13,1.214e-28,,8.861e-22,1.647e-16,1.378e-16,1.805e-7,,1.186e-10,1.184e+0,1.224e-17,,,,,5.928e-2,,,,,,,,,,,,,,
709.73,1.180e+1,3.764e-2,1.872e-10,1.142e-41,1.508e-17,,,1.332e-18,1.246e-19,,1.061e+1,2.470e-9,3.881e-29,1.793e-17,9.312e-10,1.643e-31,1.237e-17,,,,3.314e-18,1.757e-28,3.228e-17,,4.927e-12,7.113e-19,,,3.762e-19,8.566e-17,1.011e-12,1.214e-28,,8.863e-22,1.183e-16,1.379e-16,1.448e-7,,9.229e-11,1.090e+0,1.224e-17,,,,,6.355e-2,,,,,,,,,,,,,,
709.75,1.072e+1,3.786e-2,2.110e-10,1.141e-41,1.508e-17,,,1.332e-18,1.246e-19,,9.612e+0,1.907e-9,3.881e-29,1.793e-17,1.154e-9,1.643e-31,1.239e-17,,,,3.315e-18,1.368e-28,3.230e-17,,4.076e-12,7.119e-19,,,5.227e-19,8.568e-17,1.337e-12,1.214e-28,,8.864e-22,8.490e-17,1.379e-16,1.160e-7,,7.172e-11,1.003e+0,1.224e-17,,,,,6.804e-2,,,,,,,,,,,,,,
709.78,9.255e+0,3.825e-2,2.518e-10,1.140e-41,1.508e-17,,,1.331e-18,1.247e-19,,8.260e+0,1.291e-9,3.882e-29,1.793e-17,1.588e-9,1.643e-31,1.242e-17,,,,3.315e-18,9.363e-29,3.234e-17,,3.058e-12,7.128e-19,,,8.538e-19,8.571e-17,2.025e-12,1.215e-28,,8.867e-22,5.144e-17,1.379e-16,8.287e-8,,4.899e-11,8.817e-1,1.224e-17,,,,,7.515e-2,,,,,,,,,,,,,,
709.8,8.378e+0,3.854e-2,2.828e-10,1.139e-41,1.509e-17,,,1.331e-18,1.247e-19,,7.452e+0,9.930e-10,3.882e-29,1.793e-17,1.962e-9,1.643e-31,1.244e-17,,,,3.316e-18,7.259e-29,3.237e-17,,2.520e-12,7.134e-19,,,1.182e-18,8.573e-17,2.667e-12,1.215e-28,,8.869e-22,3.676e-17,1.379e-16,6.611e-8,,3.792e-11,8.078e-1,1.224e-17,,,,,8.015e-2,,,,,,,,,,,,,,
709.83,7.201e+0,3.906e-2,3.356e-10,1.138e-41,1.509e-17,,,1.331e-18,1.248e-19,,6.368e+0,6.681e-10,3.882e-29,1.793e-17,2.684e-9,1.643e-31,1.247e-17,,,,3.316e-18,4.942e-29,3.241e-17,,1.879e-12,7.143e-19,,,1.920e-18,8.577e-17,4.017e-12,1.215e-28,,8.871e-22,2.214e-17,1.379e-16,4.698e-8,,2.575e-11,7.063e-1,1.224e-17,,,,,8.803e-2,,,,,,,,,,,,,,
709.85,6.501e+0,3.945e-2,3.755e-10,1.138e-41,1.510e-17,,,1.331e-18,1.248e-19,,5.723e+0,5.120e-10,3.882e-29,1.792e-17,3.302e-9,1.643e-31,1.250e-17,,,,3.317e-18,3.817e-29,3.244e-17,,1.543e-12,7.149e-19,,,2.648e-18,8.579e-17,5.270e-12,1.215e-28,,8.873e-22,1.576e-17,1.380e-16,3.734e-8,,1.986e-11,6.445e-1,1.224e-17,,,,,9.353e-2,,,,,,,,,,,,,,
709.88,5.565e+0,4.013e-2,4.433e-10,1.137e-41,1.510e-17,,,1.331e-18,1.249e-19,,4.862e+0,3.425e-10,3.882e-29,1.792e-17,4.493e-9,1.643e-31,1.253e-17,,,,3.317e-18,2.583e-29,3.248e-17,,1.144e-12,7.158e-19,,,4.278e-18,8.582e-17,7.894e-12,1.215e-28,,8.875e-22,9.441e-18,1.380e-16,2.638e-8,,1.341e-11,5.603e-1,1.224e-17,,,,,1.021e-1,,,,,,,,,,,,,,
709.9,5.012e+0,4.064e-2,4.943e-10,1.136e-41,1.510e-17,,,1.331e-18,1.249e-19,,4.354e+0,2.615e-10,3.882e-29,1.792e-17,5.507e-9,1.643e-31,1.255e-17,,,,3.318e-18,1.987e-29,3.250e-17,,9.358e-13,7.164e-19,,,5.879e-18,8.584e-17,1.032e-11,1.215e-28,,8.877e-22,6.695e-18,1.380e-16,2.088e-8,,1.030e-11,5.094e-1,1.224e-17,,,,,1.081e-1,,,,,,,,,,,,,,
709.93,4.277e+0,4.150e-2,5.804e-10,1.135e-41,1.511e-17,,,1.331e-18,1.249e-19,,3.678e+0,1.739e-10,3.883e-29,1.792e-17,7.451e-9,1.643e-31,1.258e-17,,,,3.318e-18,1.337e-29,3.254e-17,,6.901e-13,7.173e-19,,,9.444e-18,8.588e-17,1.537e-11,1.215e-28,,8.879e-22,3.987e-18,1.380e-16,1.467e-8,,6.916e-12,4.404e-1,1.224e-17,,,,,1.174e-1,,,,,,,,,,,,,,
709.95,3.845e+0,4.215e-2,6.449e-10,1.134e-41,1.511e-17,,,1.331e-18,1.250e-19,,3.281e+0,1.323e-10,3.883e-29,1.792e-17,9.097e-9,1.643e-31,1.260e-17,,,,3.318e-18,1.025e-29,3.257e-17,,5.622e-13,7.179e-19,,,1.293e-17,8.590e-17,2.001e-11,1.215e-28,,8.881e-22,2.816e-18,1.381e-16,1.157e-8,,5.292e-12,3.988e-1,1.224e-17,,,,,1.238e-1,,,,,,,,,,,,,,
709.98,3.275e+0,4.325e-2,7.533e-10,1.133e-41,1.512e-17,,,1.331e-18,1.250e-19,,2.756e+0,8.749e-11,3.883e-29,1.792e-17,1.224e-8,1.643e-31,1.263e-17,,,,3.319e-18,6.858e-30,3.261e-17,,4.122e-13,7.188e-19,,,2.066e-17,8.593e-17,2.964e-11,1.215e-28,,8.883e-22,1.667e-18,1.381e-16,8.080e-9,,3.533e-12,3.428e-1,1.224e-17,,,,,1.337e-1,,,,,,,,,,,,,,
710,2.942e+0,4.407e-2,8.340e-10,1.133e-41,1.512e-17,,,1.331e-18,1.251e-19,,2.449e+0,6.628e-11,3.883e-29,1.792e-17,1.489e-8,1.643e-31,1.265e-17,,,,3.319e-18,5.236e-30,3.263e-17,,3.345e-13,7.194e-19,,,2.818e-17,8.595e-17,3.844e-11,1.215e-28,,8.885e-22,1.173e-18,1.381e-16,6.348e-9,,2.693e-12,3.093e-1,1.223e-17,,,,,1.404e-1,,,,,,,,,,,,,,
710.03,2.506e+0,4.545e-2,9.690e-10,1.132e-41,1.512e-17,,,1.331e-18,1.251e-19,,2.045e+0,4.359e-11,3.883e-29,1.792e-17,1.992e-8,1.643e-31,1.269e-17,,,,3.320e-18,3.483e-30,3.267e-17,,2.439e-13,7.203e-19,,,4.476e-17,8.599e-17,5.662e-11,1.215e-28,,8.888e-22,,1.381e-16,4.408e-9,,1.787e-12,2.643e-1,1.223e-17,,,,,1.507e-1,,,,,,,,,,,,,,
710.05,2.252e+0,4.647e-2,1.069e-9,1.131e-41,1.513e-17,,,1.331e-18,1.251e-19,,1.810e+0,3.290e-11,3.883e-29,1.792e-17,2.414e-8,1.643e-31,1.271e-17,,,,3.320e-18,2.649e-30,3.270e-17,,1.971e-13,7.209e-19,,,6.083e-17,8.601e-17,7.316e-11,1.215e-28,,8.889e-22,,1.381e-16,3.450e-9,,1.357e-12,2.376e-1,1.223e-17,,,,,1.577e-1,,,,,,,,,,,,,,
710.08,1.922e+0,4.818e-2,1.236e-9,1.130e-41,1.513e-17,,,1.331e-18,1.252e-19,,1.503e+0,2.151e-11,3.883e-29,1.792e-17,3.211e-8,1.643e-31,1.274e-17,,,,3.321e-18,1.752e-30,3.274e-17,,1.429e-13,7.218e-19,,,9.611e-17,8.604e-17,1.072e-10,1.215e-28,,8.892e-22,,1.382e-16,2.382e-9,,8.957e-13,2.019e-1,1.223e-17,,,,,1.684e-1,,,,,,,,,,,,,,
710.1,1.732e+0,4.944e-2,1.358e-9,1.129e-41,1.514e-17,,,1.331e-18,1.252e-19,,1.326e+0,1.618e-11,3.884e-29,1.792e-17,3.876e-8,1.643e-31,1.276e-17,,,,3.321e-18,1.328e-30,3.276e-17,,1.151e-13,7.224e-19,,,1.301e-16,8.606e-17,1.379e-10,1.215e-28,,8.893e-22,,1.382e-16,1.857e-9,,6.776e-13,1.808e-1,1.223e-17,,,,,1.756e-1,,,,,,,,,,,,,,
710.13,1.485e+0,5.153e-2,1.562e-9,1.128e-41,1.514e-17,,,1.331e-18,1.253e-19,,1.095e+0,1.052e-11,3.884e-29,1.792e-17,5.127e-8,1.643e-31,1.279e-17,,,,3.322e-18,8.731e-31,3.280e-17,,8.294e-14,7.233e-19,,,2.045e-16,8.610e-17,2.009e-10,1.215e-28,,8.896e-22,,1.382e-16,1.275e-9,,4.446e-13,1.527e-1,1.223e-17,,,,,1.864e-1,,,,,,,,,,,,,,
710.15,1.345e+0,5.307e-2,1.711e-9,1.128e-41,1.514e-17,,,1.331e-18,1.253e-19,,9.618e-1,7.891e-12,3.884e-29,1.792e-17,6.167e-8,1.643e-31,1.281e-17,,,,3.322e-18,6.590e-31,3.283e-17,,6.654e-14,7.239e-19,,,2.758e-16,8.612e-17,2.577e-10,1.215e-28,,8.897e-22,,1.382e-16,9.902e-10,,3.350e-13,1.362e-1,1.223e-17,,,,,1.936e-1,,,,,,,,,,,,,,
710.17,1.220e+0,5.473e-2,1.872e-9,1.127e-41,1.515e-17,,,1.331e-18,1.253e-19,,8.437e-1,5.912e-12,3.884e-29,1.792e-17,7.406e-8,1.643e-31,1.283e-17,,,,3.322e-18,4.967e-31,3.286e-17,,5.331e-14,7.245e-19,,,3.716e-16,8.614e-17,3.300e-10,1.215e-28,,8.899e-22,,1.382e-16,7.679e-10,,2.521e-13,1.213e-1,1.223e-17,,,,,2.007e-1,,,,,,,,,,,,,,
710.2,1.062e+0,5.746e-2,2.137e-9,1.126e-41,1.515e-17,,,1.330e-18,1.254e-19,,6.911e-1,3.836e-12,3.884e-29,1.792e-17,9.719e-8,1.644e-31,1.286e-17,,,,3.323e-18,3.240e-31,3.290e-17,,3.811e-14,7.254e-19,,,5.793e-16,8.617e-17,4.768e-10,1.215e-28,,8.902e-22,,1.383e-16,5.229e-10,,1.641e-13,1.017e-1,1.223e-17,,,,,2.114e-1,,,,,,,,,,,,,,
710.22,9.720e-1,5.945e-2,2.330e-9,1.125e-41,1.516e-17,,,1.330e-18,1.254e-19,,6.039e-1,2.881e-12,3.884e-29,1.792e-17,1.163e-7,1.644e-31,1.289e-17,,,,3.323e-18,2.432e-31,3.292e-17,,3.041e-14,7.260e-19,,,7.774e-16,8.619e-17,6.082e-10,1.215e-28,,8.903e-22,,1.383e-16,4.040e-10,,1.230e-13,9.022e-2,1.223e-17,,,,,2.184e-1,,,,,,,,,,,,,,
710.25,8.585e-1,6.271e-2,2.646e-9,1.124e-41,1.516e-17,,,1.330e-18,1.255e-19,,4.919e-1,1.894e-12,3.885e-29,1.792e-17,1.517e-7,1.644e-31,1.292e-17,,,,3.324e-18,1.578e-31,3.296e-17,,2.162e-14,7.269e-19,,,1.205e-15,8.623e-17,8.740e-10,1.215e-28,,8.906e-22,,1.383e-16,2.735e-10,,7.958e-14,7.519e-2,1.223e-17,,,,,2.287e-1,,,,,,,,,,,,,,
710.27,7.951e-1,6.507e-2,2.875e-9,1.124e-41,1.516e-17,,,1.330e-18,1.255e-19,,4.282e-1,1.452e-12,3.885e-29,1.792e-17,1.809e-7,1.644e-31,1.294e-17,,,,3.324e-18,1.180e-31,3.299e-17,,1.719e-14,7.275e-19,,,1.612e-15,8.625e-17,1.111e-9,1.215e-28,,8.907e-22,,1.383e-16,2.105e-10,,5.943e-14,6.646e-2,1.223e-17,,,,,2.353e-1,,,,,,,,,,,,,,
710.3,7.158e-1,6.892e-2,3.248e-9,1.123e-41,1.517e-17,,,1.330e-18,1.255e-19,,3.468e-1,1.019e-12,3.885e-29,1.792e-17,2.347e-7,1.644e-31,1.297e-17,,,,3.325e-18,7.609e-32,3.303e-17,,1.215e-14,7.284e-19,,,2.485e-15,8.628e-17,1.587e-9,1.216e-28,,8.910e-22,,1.384e-16,1.417e-10,,3.823e-14,5.507e-2,1.223e-17,,,,,2.450e-1,,,,,,,,,,,,,,
710.32,6.722e-1,7.169e-2,3.517e-9,1.122e-41,1.517e-17,,,1.330e-18,1.256e-19,,3.008e-1,8.452e-13,3.885e-29,1.792e-17,2.787e-7,1.644e-31,1.299e-17,,,,3.325e-18,5.669e-32,3.305e-17,,9.619e-15,7.290e-19,,,3.310e-15,8.630e-17,2.010e-9,1.216e-28,,8.911e-22,,1.384e-16,1.086e-10,,2.844e-14,4.849e-2,1.223e-17,,,,,2.512e-1,,,,,,,,,,,,,,
710.35,6.184e-1,7.618e-2,3.953e-9,1.121e-41,1.518e-17,,,1.330e-18,1.256e-19,,2.422e-1,7.182e-13,3.885e-29,1.792e-17,3.596e-7,1.644e-31,1.302e-17,,,,3.326e-18,3.635e-32,3.309e-17,,6.760e-15,7.299e-19,,,5.076e-15,8.634e-17,2.855e-9,1.216e-28,,8.914e-22,,1.384e-16,7.272e-11,,1.819e-14,3.995e-2,1.223e-17,,,,,2.601e-1,,,,,,,,,,,,,,
710.37,5.894e-1,7.940e-2,4.266e-9,1.120e-41,1.518e-17,,,1.330e-18,1.257e-19,,2.093e-1,7.092e-13,3.885e-29,1.792e-17,4.253e-7,1.644e-31,1.304e-17,,,,3.326e-18,2.698e-32,3.312e-17,,5.333e-15,7.305e-19,,,6.737e-15,8.636e-17,3.602e-9,1.216e-28,,8.916e-22,,1.384e-16,5.554e-11,,1.348e-14,3.504e-2,1.223e-17,,,,,2.657e-1,,,,,,,,,,,,,,
710.4,5.543e-1,8.458e-2,4.771e-9,1.119e-41,1.519e-17,,,1.330e-18,1.257e-19,,1.676e-1,8.019e-13,3.885e-29,1.792e-17,5.457e-7,1.644e-31,1.308e-17,,,,3.327e-18,1.720e-32,3.316e-17,,3.726e-15,7.313e-19,,,1.027e-14,8.639e-17,5.088e-9,1.216e-28,,8.918e-22,,1.385e-16,3.696e-11,,8.575e-15,2.871e-2,1.223e-17,,,,,2.735e-1,,,,,,,,,,,,,,
710.42,5.358e-1,8.827e-2,5.132e-9,1.119e-41,1.519e-17,,,1.330e-18,1.257e-19,,1.442e-1,9.378e-13,3.886e-29,1.792e-17,6.431e-7,1.644e-31,1.310e-17,,,,3.327e-18,1.271e-32,3.319e-17,,2.928e-15,7.319e-19,,,1.359e-14,8.641e-17,6.394e-9,1.216e-28,,8.920e-22,,1.385e-16,2.812e-11,,6.330e-15,2.509e-2,1.222e-17,,,,,2.783e-1,,,,,,,,,,,,,,
710.45,5.143e-1,9.417e-2,5.710e-9,1.118e-41,1.519e-17,,,1.330e-18,1.258e-19,,1.148e-1,1.272e-12,3.886e-29,1.792e-17,8.205e-7,1.644e-31,1.313e-17,,,,3.328e-18,8.060e-33,3.323e-17,,2.034e-15,7.328e-19,,,2.060e-14,8.645e-17,8.983e-9,1.216e-28,,8.922e-22,,1.385e-16,1.861e-11,,4.003e-15,2.043e-2,1.222e-17,,,,,2.848e-1,,,,,,,,,,,,,,
710.47,5.033e-1,9.836e-2,6.121e-9,1.117e-41,1.520e-17,,,1.330e-18,1.258e-19,,9.845e-2,1.600e-12,3.886e-29,1.792e-17,9.634e-7,1.644e-31,1.315e-17,,,,3.328e-18,5.936e-33,3.325e-17,,1.593e-15,7.334e-19,,,2.714e-14,8.647e-17,1.125e-8,1.216e-28,,8.924e-22,,1.385e-16,1.410e-11,,2.944e-15,1.779e-2,1.222e-17,,,,,2.887e-1,,,,,,,,,,,,,,
710.5,4.912e-1,1.050e-1,6.778e-9,1.116e-41,1.520e-17,,,1.330e-18,1.259e-19,,7.793e-2,2.303e-12,3.886e-29,1.792e-17,1.222e-6,1.644e-31,1.318e-17,,,,3.329e-18,3.741e-33,3.329e-17,,1.100e-15,7.343e-19,,,4.094e-14,8.650e-17,1.571e-8,1.216e-28,,8.926e-22,,1.385e-16,9.278e-12,,1.851e-15,1.441e-2,1.222e-17,,,,,2.939e-1,,,,,,,,,,,,,,
710.52,4.855e-1,1.097e-1,7.242e-9,1.115e-41,1.520e-17,,,1.330e-18,1.259e-19,,6.657e-2,2.953e-12,3.886e-29,1.792e-17,1.429e-6,1.644e-31,1.320e-17,,,,3.329e-18,2.745e-33,3.332e-17,,8.580e-16,7.349e-19,,,5.374e-14,8.652e-17,1.960e-8,1.216e-28,,8.928e-22,,1.386e-16,7.005e-12,,1.356e-15,1.249e-2,1.222e-17,,,,,2.968e-1,,,,,,,,,,,,,,
710.54,4.814e-1,1.146e-1,7.728e-9,1.115e-41,1.521e-17,,,1.330e-18,1.259e-19,,5.677e-2,3.792e-12,3.886e-29,1.792e-17,1.669e-6,1.644e-31,1.322e-17,,,,3.329e-18,2.011e-33,3.334e-17,,6.681e-16,7.355e-19,,,7.043e-14,8.655e-17,2.441e-8,1.216e-28,,8.930e-22,,1.386e-16,5.281e-12,,9.916e-16,1.082e-2,1.222e-17,,,,,2.993e-1,,,,,,,,,,,,,,
710.57,4.777e-1,1.223e-1,8.498e-9,1.114e-41,1.521e-17,,,1.330e-18,1.260e-19,,4.459e-2,5.522e-12,3.886e-29,1.792e-17,2.101e-6,1.644e-31,1.326e-17,,,,3.330e-18,1.257e-33,3.338e-17,,4.578e-16,7.364e-19,,,1.054e-13,8.658e-17,3.383e-8,1.216e-28,,8.932e-22,,1.386e-16,3.446e-12,,6.185e-16,8.692e-3,1.222e-17,,,,,3.022e-1,,,,,,,,,,,,,,
710.59,4.766e-1,1.277e-1,9.039e-9,1.113e-41,1.522e-17,,,1.330e-18,1.260e-19,,3.788e-2,7.088e-12,3.887e-29,1.792e-17,2.445e-6,1.644e-31,1.328e-17,,,,3.330e-18,9.173e-34,3.341e-17,,3.551e-16,7.370e-19,,,1.376e-13,8.660e-17,4.197e-8,1.216e-28,,8.934e-22,,1.386e-16,2.588e-12,,4.507e-16,7.497e-3,1.222e-17,,,,,3.036e-1,,,,,,,,,,,,,,
710.62,4.764e-1,1.361e-1,9.891e-9,1.112e-41,1.522e-17,,,1.330e-18,1.261e-19,,2.958e-2,1.029e-11,3.887e-29,1.792e-17,3.060e-6,1.644e-31,1.331e-17,,,,3.331e-18,5.702e-34,3.345e-17,,2.420e-16,7.379e-19,,,2.049e-13,8.663e-17,5.784e-8,1.216e-28,,8.936e-22,,1.387e-16,1.679e-12,,2.795e-16,5.989e-3,1.222e-17,,,,,3.048e-1,,,,,,,,,,,,,,
710.64,4.771e-1,1.419e-1,1.049e-8,1.111e-41,1.522e-17,,,1.329e-18,1.261e-19,,2.504e-2,1.317e-11,3.887e-29,1.792e-17,3.547e-6,1.644e-31,1.333e-17,,,,3.331e-18,4.145e-34,3.348e-17,,1.870e-16,7.385e-19,,,2.665e-13,8.666e-17,7.150e-8,1.216e-28,,8.938e-22,,1.387e-16,1.256e-12,,2.029e-16,5.147e-3,1.222e-17,,,,,3.050e-1,,,,,,,,,,,,,,
710.67,4.791e-1,1.510e-1,1.142e-8,1.110e-41,1.523e-17,,,1.329e-18,1.261e-19,,1.944e-2,1.901e-11,3.887e-29,1.791e-17,4.413e-6,1.645e-31,1.336e-17,,,,3.332e-18,2.562e-34,3.352e-17,,1.267e-16,7.394e-19,,,3.945e-13,8.669e-17,9.798e-8,1.216e-28,,8.940e-22,,1.387e-16,8.106e-13,,1.251e-16,4.088e-3,1.222e-17,,,,,3.045e-1,,,,,,,,,,,,,,
710.69,4.808e-1,1.573e-1,1.207e-8,1.110e-41,1.523e-17,,,1.329e-18,1.262e-19,,1.639e-2,2.425e-11,3.887e-29,1.791e-17,5.097e-6,1.645e-31,1.338e-17,,,,3.332e-18,1.855e-34,3.354e-17,,9.751e-17,7.400e-19,,,5.114e-13,8.671e-17,1.207e-7,1.216e-28,,8.942e-22,,1.387e-16,6.041e-13,,9.044e-17,3.500e-3,1.222e-17,,,,,3.036e-1,,,,,,,,,,,,,,
710.72,4.838e-1,1.670e-1,1.308e-8,1.109e-41,1.524e-17,,,1.329e-18,1.262e-19,,1.265e-2,3.482e-11,3.887e-29,1.791e-17,6.307e-6,1.645e-31,1.341e-17,,,,3.333e-18,1.140e-34,3.358e-17,,6.567e-17,7.409e-19,,,7.527e-13,8.674e-17,1.644e-7,1.216e-28,,8.944e-22,,1.387e-16,3.875e-13,,5.544e-17,2.764e-3,1.222e-17,,,,,3.013e-1,,,,,,,,,,,,,,
710.74,4.860e-1,1.737e-1,1.378e-8,1.108e-41,1.524e-17,,,1.329e-18,1.263e-19,,1.063e-2,4.424e-11,3.888e-29,1.791e-17,7.256e-6,1.645e-31,1.343e-17,,,,3.333e-18,8.224e-35,3.361e-17,,5.036e-17,7.415e-19,,,9.722e-13,8.677e-17,2.017e-7,1.216e-28,,8.946e-22,,1.388e-16,2.877e-13,,3.994e-17,2.357e-3,1.222e-17,,,,,2.993e-1,,,,,,,,,,,,,,
710.77,4.894e-1,1.839e-1,1.487e-8,1.107e-41,1.525e-17,,,1.329e-18,1.263e-19,,8.160e-3,6.318e-11,3.888e-29,1.791e-17,8.928e-6,1.645e-31,1.347e-17,,,,3.334e-18,5.025e-35,3.365e-17,,3.373e-17,7.424e-19,,,1.423e-12,8.680e-17,2.734e-7,1.216e-28,,8.948e-22,,1.388e-16,1.835e-13,,2.434e-17,1.851e-3,1.222e-17,,,,,2.954e-1,,,,,,,,,,,,,,
710.79,4.916e-1,1.909e-1,1.562e-8,1.106e-41,1.525e-17,,,1.329e-18,1.263e-19,,6.828e-3,7.998e-11,3.888e-29,1.791e-17,1.023e-5,1.645e-31,1.349e-17,,,,3.334e-18,3.611e-35,3.367e-17,,2.577e-17,7.430e-19,,,1.831e-12,8.682e-17,3.341e-7,1.216e-28,,8.950e-22,,1.388e-16,1.357e-13,,1.747e-17,1.572e-3,1.222e-17,,,,,2.923e-1,,,,,,,,,,,,,,
710.82,4.948e-1,2.015e-1,1.677e-8,1.105e-41,1.525e-17,,,1.329e-18,1.264e-19,,5.212e-3,1.136e-10,3.888e-29,1.791e-17,1.252e-5,1.645e-31,1.352e-17,,,,3.334e-18,2.193e-35,3.371e-17,,1.716e-17,7.439e-19,,,2.666e-12,8.685e-17,4.502e-7,1.217e-28,,8.953e-22,,1.388e-16,8.605e-14,,1.059e-17,1.228e-3,1.222e-17,,,,,2.868e-1,,,,,,,,,,,,,,
710.84,4.969e-1,2.087e-1,1.756e-8,1.105e-41,1.526e-17,,,1.329e-18,1.264e-19,,4.345e-3,1.432e-10,3.888e-29,1.791e-17,1.429e-5,1.645e-31,1.354e-17,,,,3.335e-18,1.570e-35,3.374e-17,,1.306e-17,7.445e-19,,,3.418e-12,8.688e-17,5.482e-7,1.217e-28,,8.954e-22,,1.388e-16,6.340e-14,,7.566e-18,1.039e-3,1.221e-17,,,,,2.827e-1,,,,,,,,,,,,,,
710.87,4.997e-1,2.196e-1,1.877e-8,1.104e-41,1.526e-17,,,1.329e-18,1.265e-19,,3.297e-3,2.023e-10,3.888e-29,1.791e-17,1.739e-5,1.645e-31,1.357e-17,,,,3.335e-18,9.484e-36,3.378e-17,,8.644e-18,7.454e-19,,,4.948e-12,8.691e-17,7.345e-7,1.217e-28,,8.957e-22,,1.389e-16,3.997e-14,,4.559e-18,8.067e-4,1.221e-17,,,,,2.759e-1,,,,,,,,,,,,,,
710.89,5.013e-1,2.269e-1,1.960e-8,1.103e-41,1.527e-17,,,1.329e-18,1.265e-19,,2.738e-3,2.541e-10,3.888e-29,1.791e-17,1.978e-5,1.645e-31,1.359e-17,,,,3.336e-18,6.764e-36,3.381e-17,,6.554e-18,7.460e-19,,,6.321e-12,8.693e-17,8.910e-7,1.217e-28,,8.958e-22,,1.389e-16,2.934e-14,,3.246e-18,6.802e-4,1.221e-17,,,,,2.709e-1,,,,,,,,,,,,,,
710.91,5.028e-1,2.343e-1,2.044e-8,1.102e-41,1.527e-17,,,1.329e-18,1.265e-19,,2.271e-3,3.188e-10,3.889e-29,1.791e-17,2.247e-5,1.645e-31,1.361e-17,,,,3.336e-18,4.816e-36,3.383e-17,,4.961e-18,7.466e-19,,,8.063e-12,8.695e-17,1.079e-6,1.217e-28,,8.960e-22,,1.389e-16,2.150e-14,,2.308e-18,5.726e-4,1.221e-17,,,,,2.657e-1,,,,,,,,,,,,,,
710.94,5.046e-1,2.452e-1,2.171e-8,1.101e-41,1.527e-17,,,1.329e-18,1.266e-19,,1.710e-3,4.466e-10,3.889e-29,1.791e-17,2.712e-5,1.645e-31,1.365e-17,,,,3.337e-18,2.886e-36,3.387e-17,,3.258e-18,7.475e-19,,,1.158e-11,8.699e-17,1.435e-6,1.217e-28,,8.962e-22,,1.389e-16,1.345e-14,,1.380e-18,4.410e-4,1.221e-17,,,,,2.572e-1,,,,,,,,,,,,,,
710.96,5.056e-1,2.525e-1,2.257e-8,1.101e-41,1.528e-17,,,1.329e-18,1.266e-19,,1.412e-3,5.581e-10,3.889e-29,1.791e-17,3.069e-5,1.645e-31,1.367e-17,,,,3.337e-18,2.047e-36,3.390e-17,,2.457e-18,7.481e-19,,,1.472e-11,8.701e-17,1.731e-6,1.217e-28,,8.964e-22,,1.390e-16,9.816e-15,,9.771e-19,3.698e-4,1.221e-17,,,,,2.512e-1,,,,,,,,,,,,,,
710.99,5.066e-1,2.634e-1,2.387e-8,1.100e-41,1.528e-17,,,1.329e-18,1.267e-19,,1.057e-3,7.776e-10,3.889e-29,1.791e-17,3.683e-5,1.645e-31,1.370e-17,,,,3.338e-18,1.219e-36,3.394e-17,,1.604e-18,7.490e-19,,,2.103e-11,8.704e-17,2.288e-6,1.217e-28,,8.967e-22,,1.390e-16,6.104e-15,,5.807e-19,2.832e-4,1.221e-17,,,,,2.418e-1,,,,,,,,,,,,,,
711.01,5.070e-1,2.705e-1,2.474e-8,1.099e-41,1.528e-17,,,1.329e-18,1.267e-19,,8.700e-4,9.682e-10,3.889e-29,1.791e-17,4.152e-5,1.645e-31,1.372e-17,,,,3.338e-18,8.616e-37,3.396e-17,,1.205e-18,7.496e-19,,,2.663e-11,8.706e-17,2.751e-6,1.217e-28,,8.968e-22,,1.390e-16,4.439e-15,,4.097e-19,2.366e-4,1.221e-17,,,,,2.353e-1,,,,,,,,,,,,,,
711.04,5.071e-1,2.810e-1,2.606e-8,1.098e-41,1.529e-17,,,1.329e-18,1.267e-19,,6.476e-4,1.341e-9,3.889e-29,1.791e-17,4.956e-5,1.645e-31,1.375e-17,,,,3.338e-18,5.103e-37,3.400e-17,,7.825e-19,7.505e-19,,,3.784e-11,8.710e-17,3.616e-6,1.217e-28,,8.971e-22,,1.390e-16,2.745e-15,,2.421e-19,1.802e-4,1.221e-17,,,,,2.253e-1,,,,,,,,,,,,,,
711.06,5.069e-1,2.878e-1,2.694e-8,1.097e-41,1.529e-17,,,1.328e-18,1.268e-19,,5.309e-4,1.664e-9,3.889e-29,1.791e-17,5.565e-5,1.645e-31,1.377e-17,,,,3.339e-18,3.592e-37,3.403e-17,,5.856e-19,7.511e-19,,,4.773e-11,8.712e-17,4.331e-6,1.217e-28,,8.972e-22,,1.390e-16,1.988e-15,,2.421e-19,1.499e-4,1.221e-17,,,,,2.184e-1,,,,,,,,,,,,,,
711.09,5.061e-1,2.977e-1,2.825e-8,1.096e-41,1.530e-17,,,1.328e-18,1.268e-19,,3.930e-4,2.292e-9,3.890e-29,1.791e-17,6.605e-5,1.645e-31,1.380e-17,,,,3.339e-18,3.622e-37,3.407e-17,,3.780e-19,7.520e-19,,,6.745e-11,8.715e-17,5.661e-6,1.217e-28,,8.975e-22,,1.391e-16,1.222e-15,,2.420e-19,1.135e-4,1.221e-17,,,,,2.078e-1,,,,,,,,,,,,,,
711.11,5.053e-1,3.041e-1,2.911e-8,1.096e-41,1.530e-17,,,1.328e-18,1.269e-19,,3.209e-4,2.832e-9,3.890e-29,1.791e-17,7.389e-5,1.645e-31,1.382e-17,,,,3.340e-18,3.642e-37,3.410e-17,,2.818e-19,7.526e-19,,,8.478e-11,8.717e-17,6.755e-6,1.217e-28,,8.976e-22,,1.391e-16,8.822e-16,,2.419e-19,9.411e-5,1.221e-17,,,,,2.007e-1,,,,,,,,,,,,,,
711.14,5.037e-1,3.133e-1,3.040e-8,1.095e-41,1.531e-17,,,1.328e-18,1.269e-19,,2.362e-4,3.880e-9,3.890e-29,1.791e-17,8.720e-5,1.645e-31,1.386e-17,,,,3.340e-18,3.672e-37,3.413e-17,,1.809e-19,7.535e-19,,,1.191e-10,8.721e-17,8.779e-6,1.217e-28,,8.979e-22,,1.391e-16,5.393e-16,,2.418e-19,7.084e-5,1.221e-17,,,,,1.900e-1,,,,,,,,,,,,,,
711.16,5.023e-1,3.192e-1,3.125e-8,1.094e-41,1.531e-17,,,1.328e-18,1.269e-19,,1.921e-4,4.777e-9,3.890e-29,1.791e-17,9.719e-5,1.646e-31,1.388e-17,,,,3.341e-18,3.692e-37,3.416e-17,,1.343e-19,7.541e-19,,,1.492e-10,8.723e-17,1.044e-5,1.217e-28,,8.981e-22,,1.391e-16,3.877e-16,,2.418e-19,5.851e-5,1.221e-17,,,,,1.828e-1,,,,,,,,,,,,,,
711.19,4.997e-1,3.274e-1,3.250e-8,1.093e-41,1.531e-17,,,1.328e-18,1.270e-19,,1.406e-4,6.507e-9,3.890e-29,1.791e-17,1.140e-4,1.646e-31,1.391e-17,,,,3.341e-18,3.722e-37,3.420e-17,,8.572e-20,7.550e-19,,,2.085e-10,8.726e-17,1.349e-5,1.217e-28,,8.983e-22,,1.392e-16,2.356e-16,,2.417e-19,4.380e-5,1.221e-17,,,,,1.720e-1,,,,,,,,,,,,,,
711.21,4.977e-1,3.326e-1,3.331e-8,1.092e-41,1.532e-17,,,1.328e-18,1.270e-19,,1.140e-4,7.980e-9,3.890e-29,1.791e-17,1.266e-4,1.646e-31,1.393e-17,,,,3.342e-18,3.742e-37,3.423e-17,,6.342e-20,7.556e-19,,,2.602e-10,8.728e-17,1.597e-5,1.217e-28,,8.985e-22,,1.392e-16,1.687e-16,,2.416e-19,3.604e-5,1.221e-17,,,,,1.648e-1,,,,,,,,,,,,,,
711.24,4.943e-1,3.398e-1,3.451e-8,1.091e-41,1.532e-17,,,1.328e-18,1.271e-19,,8.292e-5,1.081e-8,3.891e-29,1.791e-17,1.478e-4,1.646e-31,1.396e-17,,,,3.342e-18,3.772e-37,3.427e-17,,4.024e-20,7.565e-19,,,3.616e-10,8.732e-17,2.053e-5,1.217e-28,,8.987e-22,,1.392e-16,1.020e-16,,2.415e-19,2.682e-5,1.221e-17,,,,,1.542e-1,,,,,,,,,,,,,,
711.26,4.917e-1,3.441e-1,3.528e-8,1.091e-41,1.533e-17,,,1.328e-18,1.271e-19,,6.695e-5,1.321e-8,3.891e-29,1.791e-17,1.635e-4,1.646e-31,1.398e-17,,,,3.343e-18,3.792e-37,3.429e-17,,2.966e-20,7.571e-19,,,4.496e-10,8.734e-17,2.422e-5,1.217e-28,,8.989e-22,,1.392e-16,7.274e-17,,2.415e-19,2.198e-5,1.220e-17,,,,,1.473e-1,,,,,,,,,,,,,,
711.28,4.889e-1,3.482e-1,3.603e-8,1.090e-41,1.533e-17,,,1.328e-18,1.271e-19,,5.397e-5,1.612e-8,3.891e-29,1.791e-17,1.806e-4,1.646e-31,1.400e-17,,,,3.343e-18,3.812e-37,3.432e-17,,2.182e-20,7.577e-19,,,5.581e-10,8.736e-17,2.853e-5,1.217e-28,,8.990e-22,,1.392e-16,5.182e-17,,2.414e-19,1.799e-5,1.220e-17,,,,,1.404e-1,,,,,,,,,,,,,,
711.31,4.842e-1,3.536e-1,3.711e-8,1.089e-41,1.533e-17,,,1.328e-18,1.272e-19,,3.896e-5,2.166e-8,3.891e-29,1.791e-17,2.090e-4,1.646e-31,1.404e-17,,,,3.343e-18,3.842e-37,3.436e-17,,1.374e-20,7.586e-19,,,7.697e-10,8.739e-17,3.638e-5,1.218e-28,,8.993e-22,,1.393e-16,3.106e-17,,2.413e-19,1.328e-5,1.220e-17,,,,,1.303e-1,,,,,,,,,,,,,,
711.33,4.808e-1,3.567e-1,3.780e-8,1.089e-41,1.534e-17,,,1.328e-18,1.272e-19,,3.129e-5,2.633e-8,3.891e-29,1.791e-17,2.300e-4,1.646e-31,1.406e-17,,,,3.344e-18,3.862e-37,3.439e-17,,1.007e-20,7.592e-19,,,9.520e-10,8.742e-17,4.269e-5,1.218e-28,,8.995e-22,,1.393e-16,2.204e-17,,2.413e-19,1.083e-5,1.220e-17,,,,,1.238e-1,,,,,,,,,,,,,,
711.36,4.752e-1,3.606e-1,3.879e-8,1.088e-41,1.534e-17,,,1.328e-18,1.273e-19,,2.246e-5,3.518e-8,3.891e-29,1.791e-17,2.648e-4,1.646e-31,1.409e-17,,,,3.344e-18,3.892e-37,3.442e-17,,6.302e-21,7.600e-19,,,1.306e-9,8.745e-17,5.413e-5,1.218e-28,,8.997e-22,,1.393e-16,1.314e-17,,2.412e-19,7.949e-6,1.220e-17,,,,,1.143e-1,,,,,,,,,,,,,,
711.38,4.712e-1,3.628e-1,3.941e-8,1.087e-41,1.535e-17,,,1.328e-18,1.273e-19,,1.797e-5,4.260e-8,3.891e-29,1.791e-17,2.902e-4,1.646e-31,1.411e-17,,,,3.345e-18,3.912e-37,3.445e-17,,4.602e-21,7.606e-19,,,1.609e-9,8.747e-17,6.329e-5,1.218e-28,,8.999e-22,,1.393e-16,9.286e-18,,2.411e-19,6.457e-6,1.220e-17,,,,,1.081e-1,,,,,,,,,,,,,,
711.41,4.648e-1,3.652e-1,4.028e-8,1.086e-41,1.535e-17,,,1.328e-18,1.273e-19,,1.282e-5,5.661e-8,3.892e-29,1.791e-17,3.322e-4,1.646e-31,1.414e-17,,,,3.345e-18,3.942e-37,3.449e-17,,2.864e-21,7.615e-19,,,2.195e-9,8.750e-17,7.979e-5,1.218e-28,,9.001e-22,,1.394e-16,5.503e-18,,2.411e-19,4.713e-6,1.220e-17,,,,,9.922e-2,,,,,,,,,,,,,,
711.43,4.603e-1,3.663e-1,4.082e-8,1.085e-41,1.535e-17,,,1.328e-18,1.274e-19,,1.022e-5,6.830e-8,3.892e-29,1.791e-17,3.628e-4,1.646e-31,1.416e-17,,,,3.346e-18,3.962e-37,3.452e-17,,2.083e-21,7.621e-19,,,2.695e-9,8.753e-17,9.294e-5,1.218e-28,,9.003e-22,,1.394e-16,3.875e-18,,2.410e-19,3.813e-6,1.220e-17,,,,,9.353e-2,,,,,,,,,,,,,,
711.46,4.530e-1,3.671e-1,4.157e-8,1.084e-41,1.536e-17,,,1.328e-18,1.274e-19,,7.252e-6,9.025e-8,3.892e-29,1.790e-17,4.130e-4,1.646e-31,1.419e-17,,,,3.346e-18,3.992e-37,3.456e-17,,1.289e-21,7.630e-19,,,3.657e-9,8.756e-17,1.165e-4,1.218e-28,,9.005e-22,,1.394e-16,6.192e-18,,2.409e-19,2.767e-6,1.220e-17,,,,,8.535e-2,,,,,,,,,,,,,,
711.48,4.479e-1,3.672e-1,4.202e-8,1.084e-41,1.536e-17,,,1.328e-18,1.275e-19,,5.758e-6,1.085e-7,3.892e-29,1.790e-17,4.493e-4,1.646e-31,1.421e-17,,,,3.347e-18,4.012e-37,3.458e-17,,9.340e-22,7.636e-19,,,4.473e-9,8.758e-17,1.352e-4,1.218e-28,,9.007e-22,,1.394e-16,8.759e-18,,2.409e-19,2.231e-6,1.220e-17,,,,,8.015e-2,,,,,,,,,,,,,,
711.51,4.398e-1,3.664e-1,4.263e-8,1.083e-41,1.537e-17,,,1.327e-18,1.275e-19,,4.063e-6,1.425e-7,3.892e-29,1.790e-17,5.085e-4,1.646e-31,1.425e-17,,,,3.347e-18,4.042e-37,3.462e-17,,5.746e-22,7.645e-19,,,6.036e-9,8.761e-17,1.685e-4,1.218e-28,,9.009e-22,,1.395e-16,1.470e-17,,2.408e-19,1.610e-6,1.220e-17,,,,,7.273e-2,,,,,,,,,,,,,,
711.53,4.342e-1,3.654e-1,4.299e-8,1.082e-41,1.537e-17,,,1.327e-18,1.275e-19,,3.214e-6,1.707e-7,3.892e-29,1.790e-17,5.512e-4,1.646e-31,1.427e-17,,,,3.347e-18,4.062e-37,3.465e-17,,4.148e-22,7.651e-19,,,7.357e-9,8.763e-17,1.949e-4,1.218e-28,,9.011e-22,,1.395e-16,2.072e-17,,2.407e-19,1.292e-6,1.220e-17,,,,,6.804e-2,,,,,,,,,,,,,,
711.56,4.253e-1,3.631e-1,4.345e-8,1.081e-41,1.537e-17,,,1.327e-18,1.276e-19,,2.254e-6,2.230e-7,3.893e-29,1.790e-17,6.203e-4,1.646e-31,1.430e-17,,,,3.348e-18,4.092e-37,3.469e-17,,2.537e-22,7.660e-19,,,9.872e-9,8.767e-17,2.415e-4,1.218e-28,,9.014e-22,,1.395e-16,3.457e-17,,2.406e-19,9.273e-7,1.220e-17,,,,,6.139e-2,,,,,,,,,,,,,,
711.58,4.192e-1,3.610e-1,4.371e-8,1.080e-41,1.538e-17,,,1.327e-18,1.276e-19,,1.777e-6,2.660e-7,3.893e-29,1.790e-17,6.699e-4,1.646e-31,1.432e-17,,,,3.348e-18,4.112e-37,3.471e-17,,1.825e-22,7.666e-19,,,1.199e-8,8.769e-17,2.782e-4,1.218e-28,,9.015e-22,,1.395e-16,4.854e-17,,2.406e-19,7.418e-7,1.220e-17,,,,,5.721e-2,,,,,,,,,,,,,,
711.61,4.096e-1,3.572e-1,4.402e-8,1.079e-41,1.538e-17,,,1.327e-18,1.277e-19,,1.239e-6,3.456e-7,3.893e-29,1.790e-17,7.496e-4,1.646e-31,1.435e-17,,,,3.349e-18,4.142e-37,3.475e-17,,1.110e-22,7.675e-19,,,1.600e-8,8.772e-17,3.429e-4,1.218e-28,,9.018e-22,,1.395e-16,8.053e-17,,2.405e-19,5.292e-7,1.220e-17,,,,,5.133e-2,,,,,,,,,,,,,,
711.63,4.029e-1,3.541e-1,4.417e-8,1.079e-41,1.539e-17,,,1.327e-18,1.277e-19,,9.728e-7,4.107e-7,3.893e-29,1.790e-17,8.064e-4,1.647e-31,1.437e-17,,,,3.349e-18,4.162e-37,3.478e-17,,7.950e-23,7.681e-19,,,1.936e-8,8.774e-17,3.935e-4,1.218e-28,,9.019e-22,,1.396e-16,1.127e-16,,2.404e-19,4.217e-7,1.220e-17,,,,,4.766e-2,,,,,,,,,,,,,,
711.65,3.961e-1,3.507e-1,4.428e-8,1.078e-41,1.539e-17,,,1.327e-18,1.277e-19,,7.625e-7,4.874e-7,3.893e-29,1.790e-17,8.663e-4,1.647e-31,1.439e-17,,,,3.350e-18,4.182e-37,3.481e-17,,5.687e-23,7.687e-19,,,2.339e-8,8.777e-17,4.508e-4,1.218e-28,,9.021e-22,,1.396e-16,1.574e-16,,2.404e-19,3.356e-7,1.220e-17,,,,,4.418e-2,,,,,,,,,,,,,,
711.68,3.856e-1,3.448e-1,4.437e-8,1.077e-41,1.539e-17,,,1.327e-18,1.278e-19,,5.276e-7,6.283e-7,3.893e-29,1.790e-17,9.617e-4,1.647e-31,1.443e-17,,,,3.350e-18,4.212e-37,3.485e-17,,3.431e-23,7.696e-19,,,3.098e-8,8.780e-17,5.513e-4,1.218e-28,,9.023e-22,,1.396e-16,2.591e-16,,2.403e-19,2.375e-7,1.219e-17,,,,,3.932e-2,,,,,,,,,,,,,,
711.7,3.784e-1,3.405e-1,4.438e-8,1.076e-41,1.540e-17,,,1.327e-18,1.278e-19,,4.120e-7,7.428e-7,3.893e-29,1.790e-17,1.029e-3,1.647e-31,1.445e-17,,,,3.351e-18,4.232e-37,3.487e-17,,2.445e-23,7.702e-19,,,3.729e-8,8.782e-17,6.293e-4,1.218e-28,,9.025e-22,,1.396e-16,3.606e-16,,2.402e-19,1.882e-7,1.219e-17,,,,,3.631e-2,,,,,,,,,,,,,,
711.73,3.674e-1,3.333e-1,4.431e-8,1.075e-41,1.540e-17,,,1.327e-18,1.279e-19,,2.835e-7,9.521e-7,3.894e-29,1.790e-17,1.136e-3,1.647e-31,1.448e-17,,,,3.351e-18,4.262e-37,3.491e-17,,1.466e-23,7.711e-19,,,4.911e-8,8.785e-17,7.653e-4,1.218e-28,,9.028e-22,,1.396e-16,5.903e-16,,2.402e-19,1.325e-7,1.219e-17,,,,,3.214e-2,,,,,,,,,,,,,,
711.75,3.598e-1,3.282e-1,4.421e-8,1.075e-41,1.541e-17,,,1.327e-18,1.279e-19,,2.205e-7,1.121e-6,3.894e-29,1.790e-17,1.211e-3,1.647e-31,1.450e-17,,,,3.352e-18,4.282e-37,3.494e-17,,1.041e-23,7.717e-19,,,5.891e-8,8.788e-17,8.703e-4,1.218e-28,,9.029e-22,,1.397e-16,8.184e-16,,2.401e-19,1.046e-7,1.219e-17,,,,,2.957e-2,,,,,,,,,,,,,,
711.78,3.483e-1,3.199e-1,4.398e-8,1.074e-41,1.541e-17,,,1.327e-18,1.279e-19,,1.509e-7,1.429e-6,3.894e-29,1.790e-17,1.330e-3,1.647e-31,1.453e-17,,,,3.352e-18,4.312e-37,3.498e-17,,6.209e-24,7.726e-19,,,7.716e-8,8.791e-17,1.052e-3,1.218e-28,,9.032e-22,,1.397e-16,1.332e-15,,2.400e-19,7.318e-8,1.219e-17,,,,,2.602e-2,,,,,,,,,,,,,,
711.8,3.405e-1,3.140e-1,4.378e-8,1.073e-41,1.541e-17,,,1.327e-18,1.280e-19,,1.169e-7,1.677e-6,3.894e-29,1.790e-17,1.412e-3,1.647e-31,1.455e-17,,,,3.352e-18,4.332e-37,3.500e-17,,4.391e-24,7.732e-19,,,9.221e-8,8.793e-17,1.192e-3,1.218e-28,,9.033e-22,,1.397e-16,1.840e-15,,2.400e-19,5.757e-8,1.219e-17,,,,,2.385e-2,,,,,,,,,,,,,,
711.83,3.286e-1,3.048e-1,4.340e-8,1.072e-41,1.542e-17,,,1.327e-18,1.280e-19,,7.953e-8,2.126e-6,3.894e-29,1.790e-17,1.542e-3,1.647e-31,1.458e-17,,,,3.353e-18,4.362e-37,3.504e-17,,2.604e-24,7.741e-19,,,1.201e-7,8.796e-17,1.433e-3,1.219e-28,,9.036e-22,,1.397e-16,2.980e-15,,2.399e-19,4.005e-8,1.219e-17,,,,,2.087e-2,,,,,,,,,,,,,,
711.85,3.207e-1,2.984e-1,4.310e-8,1.071e-41,1.542e-17,,,1.327e-18,1.281e-19,,6.140e-8,2.485e-6,3.894e-29,1.790e-17,1.631e-3,1.647e-31,1.461e-17,,,,3.353e-18,4.382e-37,3.507e-17,,1.834e-24,7.747e-19,,,1.430e-7,8.799e-17,1.618e-3,1.219e-28,,9.037e-22,,1.398e-16,4.100e-15,,2.398e-19,3.138e-8,1.219e-17,,,,,1.905e-2,,,,,,,,,,,,,,
711.88,3.086e-1,2.883e-1,4.258e-8,1.070e-41,1.543e-17,,,1.327e-18,1.281e-19,,4.153e-8,3.132e-6,3.894e-29,1.790e-17,1.771e-3,1.647e-31,1.464e-17,,,,3.354e-18,4.412e-37,3.511e-17,,1.832e-24,7.756e-19,,,1.853e-7,8.802e-17,1.934e-3,1.219e-28,,9.040e-22,,1.398e-16,6.601e-15,,2.397e-19,2.171e-8,1.219e-17,,,,,1.658e-2,,,,,,,,,,,,,,
711.9,3.005e-1,2.814e-1,4.218e-8,1.070e-41,1.543e-17,,,1.327e-18,1.281e-19,,3.194e-8,3.647e-6,3.895e-29,1.790e-17,1.866e-3,1.647e-31,1.466e-17,,,,3.354e-18,4.432e-37,3.514e-17,,1.830e-24,7.762e-19,,,2.199e-7,8.804e-17,2.175e-3,1.219e-28,,9.042e-22,,1.398e-16,9.050e-15,,2.397e-19,1.695e-8,1.219e-17,,,,,1.508e-2,,,,,,,,,,,,,,
711.93,2.884e-1,2.708e-1,4.152e-8,1.069e-41,1.544e-17,,,1.326e-18,1.282e-19,,2.148e-8,4.571e-6,3.895e-29,1.790e-17,2.014e-3,1.647e-31,1.469e-17,,,,3.355e-18,4.462e-37,3.518e-17,,1.828e-24,7.771e-19,,,2.833e-7,8.807e-17,2.586e-3,1.219e-28,,9.044e-22,,1.398e-16,1.449e-14,,2.396e-19,1.166e-8,1.219e-17,,,,,1.305e-2,,,,,,,,,,,,,,
711.95,2.803e-1,2.635e-1,4.104e-8,1.068e-41,1.544e-17,,,1.326e-18,1.282e-19,,1.646e-8,5.304e-6,3.895e-29,1.790e-17,2.116e-3,1.647e-31,1.471e-17,,,,3.355e-18,4.482e-37,3.520e-17,,1.827e-24,7.777e-19,,,3.349e-7,8.810e-17,2.897e-3,1.219e-28,,9.046e-22,,1.398e-16,1.979e-14,,2.395e-19,9.065e-9,1.219e-17,,,,,1.182e-2,,,,,,,,,,,,,,
711.98,2.683e-1,2.524e-1,4.026e-8,1.067e-41,1.544e-17,,,1.326e-18,1.283e-19,,1.101e-8,6.610e-6,3.895e-29,1.790e-17,2.270e-3,1.647e-31,1.474e-17,,,,3.356e-18,4.512e-37,3.524e-17,,1.824e-24,7.786e-19,,,4.291e-7,8.813e-17,3.425e-3,1.219e-28,,9.048e-22,,1.399e-16,3.151e-14,,2.395e-19,6.199e-9,1.219e-17,,,,,1.017e-2,,,,,,,,,,,,,,
712,2.603e-1,2.449e-1,3.970e-8,1.066e-41,1.545e-17,,,1.326e-18,1.283e-19,,8.400e-9,7.640e-6,3.895e-29,1.790e-17,2.375e-3,1.647e-31,1.476e-17,,,,3.356e-18,4.532e-37,3.527e-17,,1.823e-24,7.792e-19,,,5.054e-7,8.815e-17,3.822e-3,1.219e-28,,9.050e-22,,1.399e-16,4.288e-14,,2.394e-19,4.803e-9,1.219e-17,,,,,9.182e-3,,,,,,,,,,,,,,
712.03,2.485e-1,2.336e-1,3.880e-8,1.065e-41,1.545e-17,,,1.326e-18,1.284e-19,,5.585e-9,9.468e-6,3.895e-29,1.790e-17,2.535e-3,1.647e-31,1.480e-17,,,,3.357e-18,4.562e-37,3.531e-17,,1.821e-24,7.801e-19,,,6.442e-7,8.818e-17,4.493e-3,1.219e-28,,9.052e-22,,1.399e-16,6.788e-14,,2.393e-19,3.266e-9,1.219e-17,,,,,7.853e-3,,,,,,,,,,,,,,
712.05,2.408e-1,2.261e-1,3.817e-8,1.065e-41,1.545e-17,,,1.326e-18,1.284e-19,,4.247e-9,1.090e-5,3.896e-29,1.790e-17,2.642e-3,1.647e-31,1.482e-17,,,,3.357e-18,4.582e-37,3.533e-17,,1.819e-24,7.807e-19,,,7.559e-7,8.821e-17,4.996e-3,1.219e-28,,9.054e-22,,1.399e-16,9.203e-14,,2.393e-19,2.520e-9,1.219e-17,,,,,7.063e-3,,,,,,,,,,,,,,
712.07,2.331e-1,2.185e-1,3.751e-8,1.064e-41,1.546e-17,,,1.326e-18,1.284e-19,,3.224e-9,1.254e-5,3.896e-29,1.790e-17,2.750e-3,1.647e-31,1.484e-17,,,,3.357e-18,4.602e-37,3.536e-17,,1.818e-24,7.813e-19,,,8.857e-7,8.823e-17,5.546e-3,1.219e-28,,9.056e-22,,1.400e-16,1.246e-13,,2.392e-19,1.942e-9,1.218e-17,,,,,6.343e-3,,,,,,,,,,,,,,
712.1,2.219e-1,2.071e-1,3.649e-8,1.063e-41,1.546e-17,,,1.326e-18,1.285e-19,,2.127e-9,1.541e-5,3.896e-29,1.790e-17,2.911e-3,1.647e-31,1.487e-17,,,,3.358e-18,4.632e-37,3.540e-17,,1.815e-24,7.822e-19,,,1.120e-6,8.826e-17,6.469e-3,1.219e-28,,9.058e-22,,1.400e-16,1.957e-13,,2.391e-19,1.310e-9,1.218e-17,,,,,5.382e-3,,,,,,,,,,,,,,
712.12,2.146e-1,1.996e-1,3.578e-8,1.062e-41,1.547e-17,,,1.326e-18,1.285e-19,,1.608e-9,1.766e-5,3.896e-29,1.790e-17,3.019e-3,1.648e-31,1.489e-17,,,,3.358e-18,4.652e-37,3.543e-17,,1.814e-24,7.828e-19,,,1.308e-6,8.828e-17,7.154e-3,1.219e-28,,9.060e-22,,1.400e-16,2.639e-13,,2.391e-19,1.006e-9,1.218e-17,,,,,4.815e-3,,,,,,,,,,,,,,
712.15,2.039e-1,1.884e-1,3.468e-8,1.061e-41,1.547e-17,,,1.326e-18,1.286e-19,,1.055e-9,2.159e-5,3.896e-29,1.790e-17,3.178e-3,1.648e-31,1.492e-17,,,,3.359e-18,4.682e-37,3.547e-17,,1.812e-24,7.837e-19,,,1.645e-6,8.832e-17,8.297e-3,1.219e-28,,9.062e-22,,1.400e-16,4.122e-13,,2.390e-19,6.746e-10,1.218e-17,,,,,4.063e-3,,,,,,,,,,,,,,
712.17,1.971e-1,1.810e-1,3.393e-8,1.061e-41,1.547e-17,,,1.326e-18,1.286e-19,,7.948e-10,2.464e-5,3.896e-29,1.790e-17,3.282e-3,1.648e-31,1.494e-17,,,,3.359e-18,4.702e-37,3.549e-17,,1.810e-24,7.843e-19,,,1.914e-6,8.834e-17,9.142e-3,1.219e-28,,9.064e-22,,1.400e-16,5.539e-13,,2.389e-19,5.159e-10,1.218e-17,,,,,3.621e-3,,,,,,,,,,,,,,
712.2,1.871e-1,1.701e-1,3.277e-8,1.060e-41,1.548e-17,,,1.326e-18,1.286e-19,,5.183e-10,2.995e-5,3.896e-29,1.790e-17,3.436e-3,1.648e-31,1.497e-17,,,,3.360e-18,4.732e-37,3.553e-17,,1.808e-24,7.852e-19,,,2.394e-6,8.837e-17,1.054e-2,1.219e-28,,9.066e-22,,1.401e-16,8.604e-13,,2.388e-19,3.441e-10,1.218e-17,,,,,3.038e-3,,,,,,,,,,,,,,
712.22,1.808e-1,1.629e-1,3.199e-8,1.059e-41,1.548e-17,,,1.326e-18,1.287e-19,,3.891e-10,3.405e-5,3.897e-29,1.790e-17,3.536e-3,1.648e-31,1.500e-17,,,,3.360e-18,4.752e-37,3.556e-17,,1.806e-24,7.858e-19,,,2.775e-6,8.839e-17,1.157e-2,1.219e-28,,9.068e-22,,1.401e-16,1.152e-12,,2.388e-19,2.621e-10,1.218e-17,,,,,2.697e-3,,,,,,,,,,,,,,
712.25,1.717e-1,1.525e-1,3.079e-8,1.058e-41,1.549e-17,,,1.326e-18,1.287e-19,,2.523e-10,4.117e-5,3.897e-29,1.789e-17,3.681e-3,1.648e-31,1.503e-17,,,,3.361e-18,4.782e-37,3.560e-17,,1.804e-24,7.867e-19,,,3.452e-6,8.843e-17,1.327e-2,1.219e-28,,9.070e-22,,1.401e-16,1.779e-12,,2.387e-19,1.738e-10,1.218e-17,,,,,2.250e-3,,,,,,,,,,,,,,
712.27,1.660e-1,1.456e-1,2.999e-8,1.057e-41,1.549e-17,,,1.326e-18,1.287e-19,,1.886e-10,4.663e-5,3.897e-29,1.789e-17,3.773e-3,1.648e-31,1.505e-17,,,,3.361e-18,4.802e-37,3.562e-17,,1.803e-24,7.873e-19,,,3.987e-6,8.845e-17,1.451e-2,1.219e-28,,9.072e-22,,1.401e-16,2.373e-12,,2.386e-19,1.319e-10,1.218e-17,,,,,1.990e-3,,,,,,,,,,,,,,
712.3,1.578e-1,1.357e-1,2.877e-8,1.056e-41,1.550e-17,,,1.326e-18,1.288e-19,,1.216e-10,5.606e-5,3.897e-29,1.789e-17,3.906e-3,1.648e-31,1.508e-17,,,,3.362e-18,4.832e-37,3.566e-17,,1.800e-24,7.881e-19,,,4.934e-6,8.848e-17,1.655e-2,1.219e-28,,9.075e-22,,1.402e-16,3.645e-12,,2.385e-19,8.697e-11,1.218e-17,,,,,1.651e-3,,,,,,,,,,,,,,
712.32,1.527e-1,1.292e-1,2.796e-8,1.056e-41,1.550e-17,,,1.326e-18,1.288e-19,,9.060e-11,6.326e-5,3.897e-29,1.789e-17,3.989e-3,1.648e-31,1.510e-17,,,,3.362e-18,4.852e-37,3.569e-17,,1.799e-24,7.887e-19,,,5.676e-6,8.850e-17,1.803e-2,1.219e-28,,9.076e-22,,1.402e-16,4.843e-12,,2.385e-19,6.576e-11,1.218e-17,,,,,1.455e-3,,,,,,,,,,,,,,
712.35,1.457e-1,1.198e-1,2.674e-8,1.055e-41,1.550e-17,,,1.326e-18,1.289e-19,,5.808e-11,7.562e-5,3.897e-29,1.789e-17,4.106e-3,1.648e-31,1.513e-17,,,,3.363e-18,4.882e-37,3.573e-17,,1.797e-24,7.896e-19,,,6.986e-6,8.854e-17,2.045e-2,1.220e-28,,9.079e-22,,1.402e-16,7.397e-12,,2.384e-19,4.311e-11,1.218e-17,,,,,1.200e-3,,,,,,,,,,,,,,
712.37,1.413e-1,1.138e-1,2.592e-8,1.054e-41,1.551e-17,,,1.325e-18,1.289e-19,,4.310e-11,8.501e-5,3.897e-29,1.789e-17,4.177e-3,1.648e-31,1.515e-17,,,,3.363e-18,4.902e-37,3.575e-17,,1.795e-24,7.902e-19,,,8.009e-6,8.856e-17,2.219e-2,1.220e-28,,9.080e-22,,1.402e-16,9.792e-12,,2.384e-19,3.247e-11,1.218e-17,,,,,1.053e-3,,,,,,,,,,,,,,
712.4,1.353e-1,1.051e-1,2.471e-8,1.053e-41,1.551e-17,,,1.325e-18,1.290e-19,,2.747e-11,1.011e-4,3.898e-29,1.789e-17,4.275e-3,1.648e-31,1.519e-17,,,,3.363e-18,4.932e-37,3.579e-17,,1.793e-24,7.911e-19,,,9.803e-6,8.859e-17,2.503e-2,1.220e-28,,9.083e-22,,1.402e-16,1.487e-11,,2.383e-19,2.116e-11,1.218e-17,,,,,8.637e-4,,,,,,,,,,,,,,
712.42,1.317e-1,9.947e-2,2.391e-8,1.052e-41,1.552e-17,,,1.325e-18,1.290e-19,,2.031e-11,1.132e-4,3.898e-29,1.789e-17,4.334e-3,1.648e-31,1.521e-17,,,,3.364e-18,4.952e-37,3.582e-17,,1.791e-24,7.917e-19,,,1.120e-5,8.861e-17,2.706e-2,1.220e-28,,9.084e-22,,1.403e-16,1.962e-11,,2.382e-19,1.588e-11,1.218e-17,,,,,7.554e-4,,,,,,,,,,,,,,
712.44,1.285e-1,9.407e-2,2.312e-8,1.052e-41,1.552e-17,,,1.325e-18,1.290e-19,,1.499e-11,1.266e-4,3.898e-29,1.789e-17,4.386e-3,1.648e-31,1.523e-17,,,,3.364e-18,4.972e-37,3.585e-17,,1.790e-24,7.923e-19,,,1.277e-5,8.864e-17,2.922e-2,1.220e-28,,9.086e-22,,1.403e-16,2.583e-11,,2.382e-19,1.190e-11,1.218e-17,,,,,6.596e-4,,,,,,,,,,,,,,
712.47,1.242e-1,8.631e-2,2.195e-8,1.051e-41,1.552e-17,,,1.325e-18,1.291e-19,,9.480e-12,1.493e-4,3.898e-29,1.789e-17,4.454e-3,1.648e-31,1.526e-17,,,,3.365e-18,5.002e-37,3.589e-17,,1.788e-24,7.932e-19,,,1.551e-5,8.867e-17,3.268e-2,1.220e-28,,9.089e-22,,1.403e-16,3.893e-11,,2.381e-19,7.693e-12,1.218e-17,,,,,5.366e-4,,,,,,,,,,,,,,
712.49,1.217e-1,8.138e-2,2.118e-8,1.050e-41,1.553e-17,,,1.325e-18,1.291e-19,,6.971e-12,1.663e-4,3.898e-29,1.789e-17,4.491e-3,1.648e-31,1.528e-17,,,,3.365e-18,5.022e-37,3.591e-17,,1.786e-24,7.938e-19,,,1.763e-5,8.869e-17,3.516e-2,1.220e-28,,9.090e-22,,1.403e-16,5.107e-11,,2.380e-19,5.742e-12,1.217e-17,,,,,4.668e-4,,,,,,,,,,,,,,
712.52,1.186e-1,7.434e-2,2.005e-8,1.049e-41,1.553e-17,,,1.325e-18,1.292e-19,,4.383e-12,1.950e-4,3.898e-29,1.789e-17,4.534e-3,1.648e-31,1.531e-17,,,,3.366e-18,5.052e-37,3.595e-17,,1.784e-24,7.947e-19,,,2.130e-5,8.872e-17,3.911e-2,1.220e-28,,9.093e-22,,1.404e-16,7.654e-11,,2.379e-19,3.692e-12,1.217e-17,,,,,3.777e-4,,,,,,,,,,,,,,
712.54,1.169e-1,6.989e-2,1.932e-8,1.048e-41,1.553e-17,,,1.325e-18,1.292e-19,,3.211e-12,2.165e-4,3.899e-29,1.789e-17,4.555e-3,1.648e-31,1.533e-17,,,,3.366e-18,5.072e-37,3.598e-17,,1.783e-24,7.953e-19,,,2.412e-5,8.875e-17,4.191e-2,1.220e-28,,9.094e-22,,1.404e-16,1.000e-10,,2.379e-19,2.745e-12,1.217e-17,,,,,3.273e-4,,,,,,,,,,,,,,
712.57,1.150e-1,6.355e-2,1.824e-8,1.047e-41,1.554e-17,,,1.325e-18,1.292e-19,,2.007e-12,2.525e-4,3.899e-29,1.789e-17,4.573e-3,1.648e-31,1.536e-17,,,,3.367e-18,5.102e-37,3.602e-17,,1.780e-24,7.962e-19,,,2.898e-5,8.878e-17,4.636e-2,1.220e-28,,9.097e-22,,1.404e-16,1.491e-10,,2.378e-19,1.755e-12,1.217e-17,,,,,2.633e-4,,,,,,,,,,,,,,
712.59,1.142e-1,5.956e-2,1.755e-8,1.047e-41,1.554e-17,,,1.325e-18,1.293e-19,,1.465e-12,2.792e-4,3.899e-29,1.789e-17,4.576e-3,1.649e-31,1.539e-17,,,,3.367e-18,5.122e-37,3.604e-17,,1.779e-24,7.968e-19,,,3.269e-5,8.880e-17,4.949e-2,1.220e-28,,9.098e-22,,1.404e-16,1.942e-10,,2.377e-19,1.300e-12,1.217e-17,,,,,2.273e-4,,,,,,,,,,,,,,
712.62,1.135e-1,5.392e-2,1.653e-8,1.046e-41,1.555e-17,,,1.325e-18,1.293e-19,,9.107e-13,3.237e-4,3.899e-29,1.789e-17,4.568e-3,1.649e-31,1.542e-17,,,,3.368e-18,5.152e-37,3.608e-17,,1.777e-24,7.977e-19,,,3.907e-5,8.883e-17,5.444e-2,1.220e-28,,9.101e-22,,1.404e-16,2.877e-10,,2.376e-19,8.261e-13,1.217e-17,,,,,1.818e-4,,,,,,,,,,,,,,
712.64,1.134e-1,5.038e-2,1.588e-8,1.045e-41,1.555e-17,,,1.325e-18,1.293e-19,,6.621e-13,3.566e-4,3.899e-29,1.789e-17,4.555e-3,1.649e-31,1.544e-17,,,,3.368e-18,5.172e-37,3.611e-17,,1.775e-24,7.983e-19,,,4.391e-5,8.886e-17,5.790e-2,1.220e-28,,9.103e-22,,1.405e-16,3.733e-10,,2.376e-19,6.095e-13,1.217e-17,,,,,1.564e-4,,,,,,,,,,,,,,
712.67,1.138e-1,4.540e-2,1.493e-8,1.044e-41,1.556e-17,,,1.325e-18,1.294e-19,,4.092e-13,4.112e-4,3.899e-29,1.789e-17,4.521e-3,1.649e-31,1.547e-17,,,,3.368e-18,5.202e-37,3.615e-17,,1.773e-24,7.992e-19,,,5.219e-5,8.889e-17,6.333e-2,1.220e-28,,9.105e-22,,1.405e-16,5.501e-10,,2.375e-19,3.852e-13,1.217e-17,,,,,1.244e-4,,,,,,,,,,,,,,
712.69,1.145e-1,4.230e-2,1.432e-8,1.043e-41,1.556e-17,,,1.325e-18,1.294e-19,,2.964e-13,4.514e-4,3.899e-29,1.789e-17,4.491e-3,1.649e-31,1.549e-17,,,,3.369e-18,5.222e-37,3.618e-17,,1.771e-24,7.998e-19,,,5.846e-5,8.891e-17,6.710e-2,1.220e-28,,9.107e-22,,1.405e-16,7.111e-10,,2.374e-19,2.832e-13,1.217e-17,,,,,1.066e-4,,,,,,,,,,,,,,
712.72,1.160e-1,3.794e-2,1.345e-8,1.042e-41,1.556e-17,,,1.325e-18,1.295e-19,,1.821e-13,5.175e-4,3.900e-29,1.789e-17,4.433e-3,1.649e-31,1.552e-17,,,,3.369e-18,5.252e-37,3.622e-17,,1.769e-24,8.007e-19,,,6.910e-5,8.894e-17,7.298e-2,1.220e-28,,9.109e-22,,1.405e-16,1.042e-9,,2.374e-19,1.779e-13,1.217e-17,,,,,8.426e-5,,,,,,,,,,,,,,
712.74,1.174e-1,3.524e-2,1.289e-8,1.042e-41,1.557e-17,,,1.325e-18,1.295e-19,,1.314e-13,5.659e-4,3.900e-29,1.789e-17,4.386e-3,1.649e-31,1.554e-17,,,,3.370e-18,5.272e-37,3.624e-17,,1.768e-24,8.013e-19,,,7.711e-5,8.897e-17,7.704e-2,1.220e-28,,9.111e-22,,1.406e-16,1.342e-9,,2.373e-19,1.303e-13,1.217e-17,,,,,7.193e-5,,,,,,,,,,,,,,
712.77,1.199e-1,3.147e-2,1.209e-8,1.041e-41,1.557e-17,,,1.325e-18,1.296e-19,,8.031e-14,6.452e-4,3.900e-29,1.789e-17,4.305e-3,1.649e-31,1.558e-17,,,,3.370e-18,5.302e-37,3.628e-17,,1.765e-24,8.022e-19,,,9.065e-5,8.900e-17,8.332e-2,1.220e-28,,9.113e-22,,1.406e-16,1.956e-9,,2.372e-19,8.142e-14,1.217e-17,,,,,5.656e-5,,,,,,,,,,,,,,
712.79,1.219e-1,2.913e-2,1.158e-8,1.040e-41,1.558e-17,,,1.324e-18,1.296e-19,,5.772e-14,7.029e-4,3.900e-29,1.789e-17,4.244e-3,1.649e-31,1.560e-17,,,,3.371e-18,5.322e-37,3.631e-17,,1.764e-24,8.028e-19,,,1.008e-4,8.902e-17,8.762e-2,1.220e-28,,9.115e-22,,1.406e-16,2.509e-9,,2.372e-19,5.939e-14,1.217e-17,,,,,4.809e-5,,,,,,,,,,,,,,
712.81,1.240e-1,2.694e-2,1.110e-8,1.039e-41,1.558e-17,,,1.324e-18,1.296e-19,,4.142e-14,7.645e-4,3.900e-29,1.789e-17,4.177e-3,1.649e-31,1.562e-17,,,,3.371e-18,5.342e-37,3.633e-17,,1.762e-24,8.034e-19,,,1.119e-4,8.904e-17,9.201e-2,1.220e-28,,9.117e-22,,1.406e-16,3.214e-9,,2.371e-19,4.326e-14,1.217e-17,,,,,4.083e-5,,,,,,,,,,,,,,
712.84,1.277e-1,2.390e-2,1.040e-8,1.038e-41,1.558e-17,,,1.324e-18,1.297e-19,,2.511e-14,8.648e-4,3.900e-29,1.789e-17,4.068e-3,1.649e-31,1.565e-17,,,,3.372e-18,5.372e-37,3.637e-17,,1.760e-24,8.043e-19,,,1.306e-4,8.908e-17,9.873e-2,1.220e-28,,9.119e-22,,1.406e-16,4.647e-9,,2.370e-19,2.681e-14,1.217e-17,,,,,3.186e-5,,,,,,,,,,,,,,
712.86,1.304e-1,2.203e-2,9.961e-9,1.038e-41,1.559e-17,,,1.324e-18,1.297e-19,,1.795e-14,9.371e-4,3.900e-29,1.789e-17,3.989e-3,1.649e-31,1.567e-17,,,,3.372e-18,5.392e-37,3.640e-17,,1.759e-24,8.049e-19,,,1.444e-4,8.910e-17,1.033e-1,1.221e-28,,9.121e-22,,1.407e-16,5.931e-9,,2.370e-19,1.946e-14,1.217e-17,,,,,2.694e-5,,,,,,,,,,,,,,
712.89,1.348e-1,1.946e-2,9.339e-9,1.037e-41,1.559e-17,,,1.324e-18,1.298e-19,,1.082e-14,1.054e-3,3.901e-29,1.789e-17,3.863e-3,1.649e-31,1.570e-17,,,,3.373e-18,5.422e-37,3.644e-17,,1.756e-24,8.058e-19,,,1.676e-4,8.913e-17,1.102e-1,1.221e-28,,9.123e-22,,1.407e-16,8.528e-9,,2.369e-19,1.199e-14,1.217e-17,,,,,2.090e-5,,,,,,,,,,,,,,
712.91,1.378e-1,1.788e-2,8.948e-9,1.036e-41,1.560e-17,,,1.324e-18,1.298e-19,,7.708e-15,1.138e-3,3.901e-29,1.789e-17,3.773e-3,1.649e-31,1.572e-17,,,,3.373e-18,5.442e-37,3.647e-17,,1.755e-24,8.064e-19,,,1.847e-4,8.915e-17,1.149e-1,1.221e-28,,9.125e-22,,1.407e-16,1.084e-8,,2.368e-19,8.668e-15,1.216e-17,,,,,1.761e-5,,,,,,,,,,,,,,
712.94,1.427e-1,1.572e-2,8.395e-9,1.035e-41,1.560e-17,,,1.324e-18,1.298e-19,,4.620e-15,1.273e-3,3.901e-29,1.789e-17,3.633e-3,1.649e-31,1.575e-17,,,,3.373e-18,5.472e-37,3.651e-17,,1.753e-24,8.073e-19,,,2.132e-4,8.919e-17,1.219e-1,1.221e-28,,9.127e-22,,1.407e-16,1.550e-8,,2.367e-19,5.312e-15,1.216e-17,,,,,1.358e-5,,,,,,,,,,,,,,
712.96,1.461e-1,1.440e-2,8.048e-9,1.034e-41,1.560e-17,,,1.324e-18,1.299e-19,,3.278e-15,1.369e-3,3.901e-29,1.789e-17,3.536e-3,1.649e-31,1.578e-17,,,,3.374e-18,5.492e-37,3.653e-17,,1.751e-24,8.079e-19,,,2.341e-4,8.921e-17,1.265e-1,1.221e-28,,9.129e-22,,1.408e-16,1.964e-8,,2.367e-19,3.825e-15,1.216e-17,,,,,1.140e-5,,,,,,,,,,,,,,
712.99,1.513e-1,1.259e-2,7.560e-9,1.033e-41,1.561e-17,,,1.324e-18,1.299e-19,,1.953e-15,1.523e-3,3.901e-29,1.789e-17,3.385e-3,1.649e-31,1.581e-17,,,,3.374e-18,5.522e-37,3.657e-17,,1.749e-24,8.088e-19,,,2.687e-4,8.924e-17,1.335e-1,1.221e-28,,9.131e-22,,1.408e-16,2.793e-8,,2.366e-19,2.331e-15,1.216e-17,,,,,8.746e-6,,,,,,,,,,,,,,
713.01,1.548e-1,1.150e-2,7.256e-9,1.033e-41,1.561e-17,,,1.324e-18,1.299e-19,,1.381e-15,1.632e-3,3.901e-29,1.789e-17,3.282e-3,1.649e-31,1.583e-17,,,,3.375e-18,5.542e-37,3.660e-17,,1.747e-24,8.094e-19,,,2.941e-4,8.926e-17,1.381e-1,1.221e-28,,9.133e-22,,1.408e-16,3.525e-8,,2.365e-19,1.672e-15,1.216e-17,,,,,7.314e-6,,,,,,,,,,,,,,
713.04,1.601e-1,1.001e-2,6.828e-9,1.032e-41,1.562e-17,,,1.324e-18,1.300e-19,,6.587e-16,1.805e-3,3.902e-29,1.788e-17,3.125e-3,1.649e-31,1.586e-17,,,,3.375e-18,5.572e-37,3.664e-17,,1.745e-24,8.103e-19,,,3.357e-4,8.930e-17,1.449e-1,1.221e-28,,9.135e-22,,1.408e-16,4.983e-8,,2.365e-19,1.013e-15,1.216e-17,,,,,5.578e-6,,,,,,,,,,,,,,
713.06,1.637e-1,9.116e-3,6.562e-9,1.031e-41,1.562e-17,,,1.324e-18,1.300e-19,,4.642e-16,1.927e-3,3.902e-29,1.788e-17,3.019e-3,1.649e-31,1.588e-17,,,,3.376e-18,5.592e-37,3.666e-17,,1.744e-24,8.109e-19,,,3.660e-4,8.932e-17,1.493e-1,1.221e-28,,9.137e-22,,1.408e-16,6.266e-8,,2.364e-19,7.238e-16,1.216e-17,,,,,4.647e-6,,,,,,,,,,,,,,
713.09,1.690e-1,7.898e-3,6.189e-9,1.030e-41,1.562e-17,,,1.324e-18,1.301e-19,,2.739e-16,2.119e-3,3.902e-29,1.788e-17,2.858e-3,1.650e-31,1.591e-17,,,,3.376e-18,5.622e-37,3.670e-17,,1.741e-24,8.118e-19,,,4.155e-4,8.935e-17,1.557e-1,1.221e-28,,9.140e-22,,1.409e-16,8.810e-8,,2.363e-19,4.360e-16,1.216e-17,,,,,3.524e-6,,,,,,,,,,,,,,
713.11,1.725e-1,7.167e-3,5.956e-9,1.029e-41,1.563e-17,,,1.324e-18,1.301e-19,,2.740e-16,2.253e-3,3.902e-29,1.788e-17,2.750e-3,1.650e-31,1.593e-17,,,,3.377e-18,5.642e-37,3.673e-17,,1.740e-24,8.124e-19,,,4.514e-4,8.937e-17,1.599e-1,1.221e-28,,9.141e-22,,1.409e-16,1.104e-7,,2.363e-19,3.104e-16,1.216e-17,,,,,2.924e-6,,,,,,,,,,,,,,
713.14,1.776e-1,6.180e-3,5.631e-9,1.028e-41,1.563e-17,,,1.324e-18,1.302e-19,,2.743e-16,2.464e-3,3.902e-29,1.788e-17,2.588e-3,1.650e-31,1.597e-17,,,,3.377e-18,5.672e-37,3.677e-17,,1.738e-24,8.133e-19,,,5.097e-4,8.941e-17,1.658e-1,1.221e-28,,9.144e-22,,1.409e-16,1.543e-7,,2.362e-19,1.859e-16,1.216e-17,,,,,2.205e-6,,,,,,,,,,,,,,
713.16,1.809e-1,5.590e-3,5.429e-9,1.028e-41,1.564e-17,,,1.324e-18,1.302e-19,,2.745e-16,2.611e-3,3.902e-29,1.788e-17,2.481e-3,1.650e-31,1.599e-17,,,,3.377e-18,5.692e-37,3.680e-17,,1.736e-24,8.139e-19,,,5.517e-4,8.943e-17,1.696e-1,1.221e-28,,9.145e-22,,1.409e-16,1.926e-7,,2.361e-19,1.319e-16,1.216e-17,,,,,1.823e-6,,,,,,,,,,,,,,
713.18,1.840e-1,5.050e-3,5.238e-9,1.027e-41,1.564e-17,,,1.324e-18,1.302e-19,,2.746e-16,2.762e-3,3.902e-29,1.788e-17,2.375e-3,1.650e-31,1.601e-17,,,,3.378e-18,5.712e-37,3.682e-17,,1.735e-24,8.145e-19,,,5.962e-4,8.945e-17,1.732e-1,1.221e-28,,9.147e-22,,1.409e-16,2.400e-7,,2.361e-19,9.337e-17,1.216e-17,,,,,1.505e-6,,,,,,,,,,,,,,
713.21,1.885e-1,4.325e-3,4.970e-9,1.026e-41,1.564e-17,,,1.324e-18,1.303e-19,,2.749e-16,2.997e-3,3.903e-29,1.788e-17,2.218e-3,1.650e-31,1.604e-17,,,,3.378e-18,5.742e-37,3.686e-17,,1.732e-24,8.154e-19,,,6.681e-4,8.948e-17,1.783e-1,1.221e-28,,9.150e-22,,1.410e-16,3.329e-7,,2.360e-19,5.548e-17,1.216e-17,,,,,1.126e-6,,,,,,,,,,,,,,
713.23,1.913e-1,3.894e-3,4.803e-9,1.025e-41,1.565e-17,,,1.323e-18,1.303e-19,,2.751e-16,3.159e-3,3.903e-29,1.788e-17,2.116e-3,1.650e-31,1.606e-17,,,,3.379e-18,5.762e-37,3.689e-17,,1.731e-24,8.160e-19,,,7.195e-4,8.950e-17,1.814e-1,1.221e-28,,9.151e-22,,1.410e-16,4.134e-7,,2.359e-19,3.914e-17,1.216e-17,,,,,9.260e-7,,,,,,,,,,,,,,
713.26,1.951e-1,3.319e-3,4.569e-9,1.024e-41,1.565e-17,,,1.323e-18,1.304e-19,,2.753e-16,3.408e-3,3.903e-29,1.788e-17,1.965e-3,1.650e-31,1.609e-17,,,,3.379e-18,5.792e-37,3.693e-17,,1.729e-24,8.168e-19,,,8.019e-4,8.954e-17,1.856e-1,1.221e-28,,9.154e-22,,1.410e-16,5.702e-7,,2.358e-19,3.896e-17,1.216e-17,,,,,6.887e-7,,,,,,,,,,,,,,
713.28,1.974e-1,2.978e-3,4.423e-9,1.024e-41,1.566e-17,,,1.323e-18,1.304e-19,,2.755e-16,3.579e-3,3.903e-29,1.788e-17,1.866e-3,1.650e-31,1.611e-17,,,,3.380e-18,5.812e-37,3.695e-17,,1.727e-24,8.174e-19,,,8.604e-4,8.956e-17,1.882e-1,1.221e-28,,9.155e-22,,1.410e-16,7.053e-7,,2.358e-19,3.885e-17,1.216e-17,,,,,5.643e-7,,,,,,,,,,,,,,
713.31,2.005e-1,2.526e-3,4.217e-9,1.023e-41,1.566e-17,,,1.323e-18,1.304e-19,,2.757e-16,3.840e-3,3.903e-29,1.788e-17,1.724e-3,1.650e-31,1.615e-17,,,,3.380e-18,5.842e-37,3.699e-17,,1.725e-24,8.183e-19,,,9.537e-4,8.959e-17,1.915e-1,1.221e-28,,9.158e-22,,1.411e-16,9.676e-7,,2.357e-19,3.867e-17,1.216e-17,,,,,4.173e-7,,,,,,,,,,,,,,
713.33,2.023e-1,2.260e-3,4.087e-9,1.022e-41,1.566e-17,,,1.323e-18,1.305e-19,,2.759e-16,4.017e-3,3.903e-29,1.788e-17,1.631e-3,1.650e-31,1.617e-17,,,,3.381e-18,5.862e-37,3.702e-17,,1.723e-24,8.189e-19,,,1.020e-3,8.961e-17,1.934e-1,1.221e-28,,9.159e-22,,1.411e-16,1.192e-6,,2.356e-19,3.856e-17,1.215e-17,,,,,3.406e-7,,,,,,,,,,,,,,
713.36,2.045e-1,1.907e-3,3.904e-9,1.021e-41,1.567e-17,,,1.323e-18,1.305e-19,,2.761e-16,4.285e-3,3.904e-29,1.788e-17,1.498e-3,1.650e-31,1.620e-17,,,,3.381e-18,5.892e-37,3.706e-17,,1.721e-24,8.198e-19,,,1.124e-3,8.965e-17,1.957e-1,1.221e-28,,9.162e-22,,1.411e-16,1.627e-6,,2.356e-19,3.838e-17,1.215e-17,,,,,2.505e-7,,,,,,,,,,,,,,
713.38,2.056e-1,1.700e-3,3.788e-9,1.020e-41,1.567e-17,,,1.323e-18,1.306e-19,,2.763e-16,4.466e-3,3.904e-29,1.788e-17,1.412e-3,1.650e-31,1.622e-17,,,,3.382e-18,5.912e-37,3.709e-17,,1.720e-24,8.204e-19,,,1.197e-3,8.967e-17,1.968e-1,1.222e-28,,9.164e-22,,1.411e-16,1.997e-6,,2.355e-19,3.827e-17,1.215e-17,,,,,2.037e-7,,,,,,,,,,,,,,
713.41,2.068e-1,1.428e-3,3.622e-9,1.019e-41,1.568e-17,,,1.323e-18,1.306e-19,,2.766e-16,4.738e-3,3.904e-29,1.788e-17,1.290e-3,1.650e-31,1.625e-17,,,,3.382e-18,5.942e-37,3.712e-17,,1.717e-24,8.213e-19,,,1.313e-3,8.970e-17,1.981e-1,1.222e-28,,9.166e-22,,1.412e-16,2.709e-6,,2.354e-19,3.809e-17,1.215e-17,,,,,1.489e-7,,,,,,,,,,,,,,
713.43,2.073e-1,1.269e-3,3.517e-9,1.019e-41,1.568e-17,,,1.323e-18,1.306e-19,,2.767e-16,4.919e-3,3.904e-29,1.788e-17,1.211e-3,1.650e-31,1.627e-17,,,,3.382e-18,5.962e-37,3.715e-17,,1.716e-24,8.219e-19,,,1.393e-3,8.972e-17,1.985e-1,1.222e-28,,9.168e-22,,1.412e-16,3.314e-6,,2.354e-19,3.798e-17,1.215e-17,,,,,1.207e-7,,,,,,,,,,,,,,
713.46,2.075e-1,1.060e-3,3.366e-9,1.018e-41,1.569e-17,,,1.323e-18,1.307e-19,,2.770e-16,5.189e-3,3.904e-29,1.788e-17,1.100e-3,1.650e-31,1.630e-17,,,,3.383e-18,5.992e-37,3.719e-17,,1.714e-24,8.228e-19,,,1.519e-3,8.976e-17,1.986e-1,1.222e-28,,9.170e-22,,1.412e-16,4.470e-6,,2.353e-19,3.780e-17,1.215e-17,,,,,8.772e-8,,,,,,,,,,,,,,
713.48,2.073e-1,9.388e-4,3.269e-9,1.017e-41,1.569e-17,,,1.323e-18,1.307e-19,,2.772e-16,5.367e-3,3.904e-29,1.788e-17,1.029e-3,1.650e-31,1.632e-17,,,,3.383e-18,6.012e-37,3.722e-17,,1.712e-24,8.234e-19,,,1.607e-3,8.978e-17,1.983e-1,1.222e-28,,9.172e-22,,1.412e-16,5.447e-6,,2.352e-19,3.769e-17,1.215e-17,,,,,7.079e-8,,,,,,,,,,,,,,
713.51,2.064e-1,7.804e-4,3.129e-9,1.016e-41,1.569e-17,,,1.323e-18,1.308e-19,,2.774e-16,5.631e-3,3.904e-29,1.788e-17,9.292e-4,1.650e-31,1.636e-17,,,,3.384e-18,6.042e-37,3.726e-17,,1.710e-24,8.243e-19,,,1.743e-3,8.981e-17,1.973e-1,1.222e-28,,9.174e-22,,1.412e-16,7.307e-6,,2.351e-19,3.751e-17,1.215e-17,,,,,5.118e-8,,,,,,,,,,,,,,
713.53,2.055e-1,6.888e-4,3.038e-9,1.015e-41,1.570e-17,,,1.323e-18,1.308e-19,,2.776e-16,5.802e-3,3.905e-29,1.788e-17,8.663e-4,1.650e-31,1.638e-17,,,,3.384e-18,6.062e-37,3.728e-17,,1.708e-24,8.249e-19,,,1.836e-3,8.983e-17,1.963e-1,1.222e-28,,9.176e-22,,1.413e-16,8.871e-6,,2.351e-19,3.740e-17,1.215e-17,,,,,4.115e-8,,,,,,,,,,,,,,
713.55,2.043e-1,6.072e-4,2.949e-9,1.015e-41,1.570e-17,,,1.323e-18,1.308e-19,,2.778e-16,5.970e-3,3.905e-29,1.788e-17,8.064e-4,1.651e-31,1.640e-17,,,,3.385e-18,6.082e-37,3.731e-17,,1.707e-24,8.255e-19,,,1.932e-3,8.986e-17,1.950e-1,1.222e-28,,9.178e-22,,1.413e-16,1.075e-5,,2.350e-19,3.728e-17,1.215e-17,,,,,3.303e-8,,,,,,,,,,,,,,
713.58,2.020e-1,5.012e-4,2.820e-9,1.014e-41,1.570e-17,,,1.323e-18,1.309e-19,,2.780e-16,6.214e-3,3.905e-29,1.788e-17,7.223e-4,1.651e-31,1.643e-17,,,,3.385e-18,6.112e-37,3.735e-17,,1.705e-24,8.264e-19,,,2.079e-3,8.989e-17,1.924e-1,1.222e-28,,9.180e-22,,1.413e-16,1.431e-5,,2.349e-19,3.711e-17,1.215e-17,,,,,2.369e-8,,,,,,,,,,,,,,
713.6,2.001e-1,4.403e-4,2.735e-9,1.013e-41,1.571e-17,,,1.323e-18,1.309e-19,,2.782e-16,6.369e-3,3.905e-29,1.788e-17,6.699e-4,1.651e-31,1.645e-17,,,,3.386e-18,6.132e-37,3.738e-17,,1.703e-24,8.270e-19,,,2.180e-3,8.991e-17,1.904e-1,1.222e-28,,9.182e-22,,1.413e-16,1.729e-5,,2.349e-19,3.699e-17,1.215e-17,,,,,1.895e-8,,,,,,,,,,,,,,
713.63,1.968e-1,3.616e-4,2.612e-9,1.012e-41,1.571e-17,,,1.323e-18,1.310e-19,,2.784e-16,6.592e-3,3.905e-29,1.788e-17,5.966e-4,1.651e-31,1.648e-17,,,,3.386e-18,6.162e-37,3.741e-17,,1.701e-24,8.279e-19,,,2.333e-3,8.994e-17,1.869e-1,1.222e-28,,9.184e-22,,1.414e-16,2.288e-5,,2.348e-19,3.682e-17,1.215e-17,,,,,1.351e-8,,,,,,,,,,,,,,
713.65,1.943e-1,3.166e-4,2.530e-9,1.012e-41,1.572e-17,,,1.322e-18,1.310e-19,,2.786e-16,6.732e-3,3.905e-29,1.788e-17,5.512e-4,1.651e-31,1.650e-17,,,,3.386e-18,6.182e-37,3.744e-17,,1.699e-24,8.285e-19,,,2.437e-3,8.997e-17,1.843e-1,1.222e-28,,9.186e-22,,1.414e-16,2.753e-5,,2.347e-19,3.670e-17,1.215e-17,,,,,1.076e-8,,,,,,,,,,,,,,
713.68,1.902e-1,2.587e-4,2.411e-9,1.011e-41,1.572e-17,,,1.322e-18,1.310e-19,,2.789e-16,6.928e-3,3.906e-29,1.788e-17,4.882e-4,1.651e-31,1.654e-17,,,,3.387e-18,6.212e-37,3.748e-17,,1.697e-24,8.294e-19,,,2.595e-3,9.000e-17,1.799e-1,1.222e-28,,9.188e-22,,1.414e-16,3.623e-5,,2.346e-19,3.653e-17,1.215e-17,,,,,7.633e-9,,,,,,,,,,,,,,
713.7,1.871e-1,2.257e-4,2.332e-9,1.010e-41,1.572e-17,,,1.322e-18,1.311e-19,,2.790e-16,7.049e-3,3.906e-29,1.788e-17,4.493e-4,1.651e-31,1.656e-17,,,,3.387e-18,6.232e-37,3.751e-17,,1.696e-24,8.300e-19,,,2.700e-3,9.002e-17,1.766e-1,1.222e-28,,9.190e-22,,1.414e-16,4.344e-5,,2.346e-19,3.641e-17,1.215e-17,,,,,6.059e-9,,,,,,,,,,,,,,
713.73,1.822e-1,1.835e-4,2.217e-9,1.009e-41,1.573e-17,,,1.322e-18,1.311e-19,,2.793e-16,7.213e-3,3.906e-29,1.788e-17,3.957e-4,1.651e-31,1.659e-17,,,,3.388e-18,6.262e-37,3.755e-17,,1.693e-24,8.309e-19,,,2.859e-3,9.005e-17,1.714e-1,1.222e-28,,9.192e-22,,1.414e-16,5.685e-5,,2.345e-19,3.624e-17,1.214e-17,,,,,4.272e-9,,,,,,,,,,,,,,
713.75,1.786e-1,1.595e-4,2.140e-9,1.008e-41,1.573e-17,,,1.322e-18,1.312e-19,,2.794e-16,7.311e-3,3.906e-29,1.788e-17,3.628e-4,1.651e-31,1.661e-17,,,,3.388e-18,6.282e-37,3.757e-17,,1.692e-24,8.315e-19,,,2.965e-3,9.008e-17,1.677e-1,1.222e-28,,9.194e-22,,1.415e-16,6.790e-5,,2.345e-19,3.612e-17,1.214e-17,,,,,3.379e-9,,,,,,,,,,,,,,
713.78,1.730e-1,1.290e-4,2.028e-9,1.007e-41,1.574e-17,,,1.322e-18,1.312e-19,,2.797e-16,7.440e-3,3.906e-29,1.788e-17,3.177e-4,1.651e-31,1.664e-17,,,,3.389e-18,6.312e-37,3.761e-17,,1.690e-24,8.324e-19,,,3.122e-3,9.011e-17,1.619e-1,1.222e-28,,9.196e-22,,1.415e-16,8.837e-5,,2.344e-19,3.595e-17,1.214e-17,,,,,2.370e-9,,,,,,,,,,,,,,
713.8,1.691e-1,1.118e-4,1.954e-9,1.007e-41,1.574e-17,,,1.322e-18,1.312e-19,,2.799e-16,7.513e-3,3.906e-29,1.788e-17,2.902e-4,1.651e-31,1.666e-17,,,,3.389e-18,6.332e-37,3.764e-17,,1.688e-24,8.330e-19,,,3.226e-3,9.013e-17,1.578e-1,1.222e-28,,9.198e-22,,1.415e-16,1.051e-4,,2.343e-19,3.583e-17,1.214e-17,,,,,1.868e-9,,,,,,,,,,,,,,
713.83,1.629e-1,8.993e-5,1.845e-9,1.006e-41,1.575e-17,,,1.322e-18,1.313e-19,,2.801e-16,7.602e-3,3.906e-29,1.788e-17,2.527e-4,1.651e-31,1.669e-17,,,,3.390e-18,6.362e-37,3.768e-17,,1.686e-24,8.339e-19,,,3.378e-3,9.016e-17,1.514e-1,1.222e-28,,9.201e-22,,1.415e-16,1.361e-4,,2.342e-19,3.566e-17,1.214e-17,,,,,1.304e-9,,,,,,,,,,,,,,
713.85,1.587e-1,7.766e-5,1.774e-9,1.005e-41,1.575e-17,,,1.322e-18,1.313e-19,,2.803e-16,7.648e-3,3.907e-29,1.787e-17,2.300e-4,1.651e-31,1.671e-17,,,,3.390e-18,6.382e-37,3.770e-17,,1.684e-24,8.345e-19,,,3.478e-3,9.019e-17,1.471e-1,1.222e-28,,9.202e-22,,1.416e-16,1.613e-4,,2.342e-19,3.554e-17,1.214e-17,,,,,1.025e-9,,,,,,,,,,,,,,
713.88,1.521e-1,6.215e-5,1.668e-9,1.004e-41,1.575e-17,,,1.322e-18,1.314e-19,,2.805e-16,7.696e-3,3.907e-29,1.787e-17,1.991e-4,1.651e-31,1.675e-17,,,,3.391e-18,6.412e-37,3.774e-17,,1.682e-24,8.354e-19,,,3.623e-3,9.022e-17,1.403e-1,1.222e-28,,9.205e-22,,1.416e-16,2.076e-4,,2.341e-19,3.537e-17,1.214e-17,,,,,7.144e-10,,,,,,,,,,,,,,
713.9,1.477e-1,5.348e-5,1.600e-9,1.003e-41,1.576e-17,,,1.322e-18,1.314e-19,,2.807e-16,7.713e-3,3.907e-29,1.787e-17,1.806e-4,1.651e-31,1.677e-17,,,,3.391e-18,6.432e-37,3.777e-17,,1.681e-24,8.360e-19,,,3.716e-3,9.024e-17,1.358e-1,1.223e-28,,9.206e-22,,1.416e-16,2.452e-4,,2.340e-19,3.525e-17,1.214e-17,,,,,5.623e-10,,,,,,,,,,,,,,
713.93,1.409e-1,4.258e-5,1.499e-9,1.002e-41,1.576e-17,,,1.322e-18,1.314e-19,,2.810e-16,7.717e-3,3.907e-29,1.787e-17,1.554e-4,1.651e-31,1.680e-17,,,,3.392e-18,6.462e-37,3.781e-17,,1.679e-24,8.369e-19,,,3.850e-3,9.027e-17,1.288e-1,1.223e-28,,9.209e-22,,1.416e-16,3.138e-4,,2.339e-19,3.508e-17,1.214e-17,,,,,3.952e-10,,,,,,,,,,,,,,
713.95,1.364e-1,3.651e-5,1.433e-9,1.002e-41,1.577e-17,,,1.322e-18,1.315e-19,,2.811e-16,7.706e-3,3.907e-29,1.787e-17,1.404e-4,1.651e-31,1.682e-17,,,,3.392e-18,6.482e-37,3.784e-17,,1.677e-24,8.375e-19,,,3.934e-3,9.030e-17,1.242e-1,1.223e-28,,9.210e-22,,1.416e-16,3.693e-4,,2.339e-19,3.496e-17,1.214e-17,,,,,3.153e-10,,,,,,,,,,,,,,
713.97,1.318e-1,3.126e-5,1.368e-9,1.001e-41,1.577e-17,,,1.322e-18,1.315e-19,,2.813e-16,7.683e-3,3.907e-29,1.787e-17,1.266e-4,1.651e-31,1.684e-17,,,,3.392e-18,6.502e-37,3.786e-17,,1.676e-24,8.381e-19,,,4.015e-3,9.032e-17,1.195e-1,1.223e-28,,9.212e-22,,1.417e-16,4.338e-4,,2.338e-19,3.484e-17,1.214e-17,,,,,2.549e-10,,,,,,,,,,,,,,
714,1.250e-1,2.471e-5,1.274e-9,9.999e-42,1.577e-17,,,1.322e-18,1.316e-19,,2.816e-16,7.627e-3,3.907e-29,1.787e-17,1.082e-4,1.651e-31,1.687e-17,,,,3.393e-18,6.532e-37,3.790e-17,,1.673e-24,8.390e-19,,,4.128e-3,9.035e-17,1.125e-1,1.223e-28,,9.215e-22,,1.417e-16,5.509e-4,,2.337e-19,3.467e-17,1.214e-17,,,,,1.937e-10,,,,,,,,,,,,,,
714.02,1.204e-1,2.108e-5,1.213e-9,9.992e-42,1.578e-17,,,1.322e-18,1.316e-19,,2.817e-16,7.575e-3,3.908e-29,1.787e-17,9.719e-5,1.651e-31,1.689e-17,,,,3.393e-18,6.552e-37,3.793e-17,,1.672e-24,8.396e-19,,,4.197e-3,9.037e-17,1.079e-1,1.223e-28,,9.216e-22,,1.417e-16,6.448e-4,,2.337e-19,3.455e-17,1.214e-17,,,,,1.690e-10,,,,,,,,,,,,,,
714.05,1.137e-1,1.657e-5,1.125e-9,9.982e-42,1.578e-17,,,1.322e-18,1.316e-19,,2.820e-16,7.478e-3,3.908e-29,1.787e-17,8.255e-5,1.652e-31,1.693e-17,,,,3.394e-18,6.582e-37,3.797e-17,,1.670e-24,8.405e-19,,,4.291e-3,9.041e-17,1.010e-1,1.223e-28,,9.219e-22,,1.417e-16,8.143e-4,,2.336e-19,3.438e-17,1.214e-17,,,,,1.523e-10,,,,,,,,,,,,,,
714.07,1.093e-1,1.409e-5,1.067e-9,9.976e-42,1.578e-17,,,1.322e-18,1.317e-19,,2.821e-16,7.400e-3,3.908e-29,1.787e-17,7.389e-5,1.652e-31,1.695e-17,,,,3.394e-18,6.602e-37,3.799e-17,,1.668e-24,8.411e-19,,,4.347e-3,1.278e-16,9.647e-2,1.223e-28,,9.220e-22,,1.417e-16,9.496e-4,,2.335e-19,3.426e-17,1.214e-17,,,,,1.538e-10,,,,,,,,,,,,,,
714.1,1.028e-1,1.102e-5,9.846e-10,9.966e-42,1.579e-17,,,1.321e-18,1.317e-19,,2.824e-16,7.264e-3,3.908e-29,1.787e-17,6.241e-5,1.652e-31,1.698e-17,,,,3.395e-18,6.632e-37,3.803e-17,,1.666e-24,8.420e-19,,,4.421e-3,2.141e-16,8.981e-2,1.223e-28,,9.223e-22,,1.418e-16,1.192e-3,,2.335e-19,3.409e-17,1.214e-17,,,,,1.753e-10,,,,,,,,,,,,,,
714.12,9.853e-2,9.336e-6,9.315e-10,9.959e-42,1.579e-17,,,1.321e-18,1.318e-19,,2.826e-16,7.161e-3,3.908e-29,1.787e-17,5.565e-5,1.652e-31,1.700e-17,,,,3.395e-18,6.652e-37,3.806e-17,,1.664e-24,8.426e-19,,,4.463e-3,3.014e-16,8.546e-2,1.223e-28,,9.224e-22,,1.418e-16,1.385e-3,,2.334e-19,3.397e-17,1.214e-17,,,,,2.037e-10,,,,,,,,,,,,,,
714.15,9.240e-2,7.262e-6,8.551e-10,9.949e-42,1.580e-17,,,1.321e-18,1.318e-19,,2.828e-16,6.989e-3,3.908e-29,1.787e-17,4.674e-5,1.652e-31,1.703e-17,,,,3.396e-18,6.682e-37,3.810e-17,,1.662e-24,8.435e-19,,,4.513e-3,5.021e-16,7.911e-2,1.223e-28,,9.227e-22,,1.418e-16,1.730e-3,,2.333e-19,3.380e-17,1.213e-17,,,,,2.716e-10,,,,,,,,,,,,,,
714.17,8.845e-2,6.131e-6,8.063e-10,9.942e-42,1.580e-17,,,1.321e-18,1.318e-19,,2.830e-16,6.865e-3,3.909e-29,1.787e-17,4.152e-5,1.652e-31,1.705e-17,,,,3.396e-18,6.702e-37,3.813e-17,,1.661e-24,8.441e-19,,,4.539e-3,7.044e-16,7.500e-2,1.223e-28,,9.229e-22,,1.418e-16,2.002e-3,,2.333e-19,3.368e-17,1.213e-17,,,,,3.378e-10,,,,,,,,,,,,,,
714.2,8.279e-2,4.743e-6,7.364e-10,9.932e-42,1.581e-17,,,1.321e-18,1.319e-19,,2.832e-16,6.663e-3,3.909e-29,1.787e-17,3.467e-5,1.652e-31,1.708e-17,,,,3.397e-18,6.732e-37,3.817e-17,,1.658e-24,8.450e-19,,,4.566e-3,1.167e-15,6.903e-2,1.223e-28,,9.231e-22,,1.419e-16,2.486e-3,,2.332e-19,3.351e-17,1.213e-17,,,,,4.780e-10,,,,,,,,,,,,,,
714.22,7.920e-2,3.990e-6,6.921e-10,9.926e-42,1.581e-17,,,1.321e-18,1.319e-19,,2.834e-16,6.519e-3,3.909e-29,1.787e-17,3.069e-5,1.652e-31,1.710e-17,,,,3.397e-18,6.752e-37,3.819e-17,,1.657e-24,8.455e-19,,,4.576e-3,1.631e-15,6.520e-2,1.223e-28,,9.233e-22,,1.419e-16,2.867e-3,,2.331e-19,3.339e-17,1.213e-17,,,,,6.066e-10,,,,,,,,,,,,,,
714.25,7.412e-2,3.071e-6,6.289e-10,9.916e-42,1.581e-17,,,1.321e-18,1.320e-19,,2.837e-16,6.292e-3,3.909e-29,1.787e-17,2.548e-5,1.652e-31,1.714e-17,,,,3.398e-18,6.782e-37,3.823e-17,,1.655e-24,8.464e-19,,,4.577e-3,2.688e-15,5.968e-2,1.223e-28,,9.235e-22,,1.419e-16,3.540e-3,,2.330e-19,3.322e-17,1.213e-17,,,,,8.710e-10,,,,,,,,,,,,,,
714.27,7.095e-2,2.574e-6,5.890e-10,9.909e-42,1.582e-17,,,1.321e-18,1.320e-19,,2.838e-16,6.134e-3,3.909e-29,1.787e-17,2.247e-5,1.652e-31,1.716e-17,,,,3.398e-18,6.802e-37,3.826e-17,,1.653e-24,8.470e-19,,,4.570e-3,3.742e-15,5.615e-2,1.223e-28,,9.237e-22,,1.419e-16,4.067e-3,,2.330e-19,3.310e-17,1.213e-17,,,,,1.109e-9,,,,,,,,,,,,,,
714.3,6.656e-2,1.970e-6,5.324e-10,9.899e-42,1.582e-17,,,1.321e-18,1.320e-19,,2.841e-16,5.887e-3,3.909e-29,1.787e-17,1.855e-5,1.652e-31,1.719e-17,,,,3.398e-18,6.832e-37,3.830e-17,,1.651e-24,8.479e-19,,,4.547e-3,6.132e-15,5.111e-2,1.223e-28,,9.239e-22,,1.420e-16,4.995e-3,,2.329e-19,3.293e-17,1.213e-17,,,,,1.593e-9,,,,,,,,,,,,,,
714.32,6.388e-2,1.646e-6,4.969e-10,9.893e-42,1.583e-17,,,1.321e-18,1.321e-19,,2.843e-16,5.717e-3,3.909e-29,1.787e-17,1.630e-5,1.652e-31,1.721e-17,,,,3.399e-18,6.852e-37,3.832e-17,,1.649e-24,8.485e-19,,,4.523e-3,8.507e-15,4.791e-2,1.223e-28,,9.241e-22,,1.420e-16,5.717e-3,,2.328e-19,3.281e-17,1.213e-17,,,,,2.025e-9,,,,,,,,,,,,,,
714.34,6.143e-2,1.373e-6,4.630e-10,9.886e-42,1.583e-17,,,1.321e-18,1.321e-19,,2.844e-16,5.544e-3,3.910e-29,1.787e-17,1.429e-5,1.652e-31,1.723e-17,,,,3.399e-18,6.872e-37,3.835e-17,,1.648e-24,8.491e-19,,,4.493e-3,1.178e-14,4.484e-2,1.223e-28,,9.243e-22,,1.420e-16,6.534e-3,,2.328e-19,3.270e-17,1.213e-17,,,,,2.571e-9,,,,,,,,,,,,,,
714.37,5.818e-2,1.043e-6,4.155e-10,9.876e-42,1.583e-17,,,1.321e-18,1.322e-19,,2.847e-16,5.279e-3,3.910e-29,1.787e-17,1.171e-5,1.652e-31,1.726e-17,,,,3.400e-18,6.902e-37,3.839e-17,,1.646e-24,8.500e-19,,,4.437e-3,1.916e-14,4.049e-2,1.223e-28,,9.245e-22,,1.420e-16,7.960e-3,,2.327e-19,3.252e-17,1.213e-17,,,,,3.669e-9,,,,,,,,,,,,,,
714.39,5.632e-2,8.666e-7,3.858e-10,9.869e-42,1.584e-17,,,1.321e-18,1.322e-19,,2.848e-16,5.099e-3,3.910e-29,1.787e-17,1.023e-5,1.652e-31,1.728e-17,,,,3.400e-18,6.921e-37,3.842e-17,,1.644e-24,8.506e-19,,,4.391e-3,2.644e-14,3.776e-2,1.223e-28,,9.247e-22,,1.420e-16,9.064e-3,,2.326e-19,3.241e-17,1.213e-17,,,,,4.643e-9,,,,,,,,,,,,,,
714.42,5.404e-2,6.548e-7,3.444e-10,9.859e-42,1.584e-17,,,1.321e-18,1.322e-19,,2.851e-16,4.828e-3,3.910e-29,1.787e-17,8.335e-6,1.652e-31,1.732e-17,,,,3.401e-18,6.951e-37,3.846e-17,,1.642e-24,8.515e-19,,,4.312e-3,4.276e-14,3.390e-2,1.224e-28,,9.249e-22,,1.421e-16,1.098e-2,,2.326e-19,3.223e-17,1.213e-17,,,,,6.592e-9,,,,,,,,,,,,,,
714.44,5.286e-2,5.422e-7,3.186e-10,9.853e-42,1.585e-17,,,1.321e-18,1.323e-19,,2.853e-16,4.647e-3,3.910e-29,1.787e-17,7.256e-6,1.652e-31,1.734e-17,,,,3.401e-18,6.971e-37,3.848e-17,,1.640e-24,8.521e-19,,,4.252e-3,5.879e-14,3.150e-2,1.224e-28,,9.251e-22,,1.421e-16,1.246e-2,,2.325e-19,3.211e-17,1.213e-17,,,,,8.312e-9,,,,,,,,,,,,,,
714.47,5.167e-2,4.074e-7,2.829e-10,9.843e-42,1.585e-17,,,1.321e-18,1.323e-19,,2.855e-16,4.375e-3,3.910e-29,1.787e-17,5.877e-6,1.652e-31,1.737e-17,,,,3.402e-18,7.001e-37,3.852e-17,,1.638e-24,8.530e-19,,,4.153e-3,9.453e-14,2.812e-2,1.224e-28,,9.253e-22,,1.421e-16,1.501e-2,,2.324e-19,3.194e-17,1.213e-17,,,,,1.174e-8,,,,,,,,,,,,,,
714.49,5.127e-2,3.362e-7,2.608e-10,9.836e-42,1.585e-17,,,1.321e-18,1.324e-19,,2.857e-16,4.195e-3,3.910e-29,1.787e-17,5.097e-6,1.652e-31,1.739e-17,,,,3.402e-18,7.021e-37,3.855e-17,,1.637e-24,8.536e-19,,,4.080e-3,1.295e-13,2.603e-2,1.224e-28,,9.255e-22,,1.421e-16,1.696e-2,,2.324e-19,3.182e-17,1.213e-17,,,,,1.474e-8,,,,,,,,,,,,,,
714.52,5.133e-2,2.513e-7,2.302e-10,9.826e-42,1.586e-17,,,1.320e-18,1.324e-19,,2.859e-16,3.928e-3,3.911e-29,1.787e-17,4.105e-6,1.653e-31,1.742e-17,,,,3.402e-18,7.051e-37,3.859e-17,,1.634e-24,8.545e-19,,,3.963e-3,2.071e-13,2.311e-2,1.224e-28,,9.257e-22,,1.422e-16,2.032e-2,,2.323e-19,3.165e-17,1.213e-17,,,,,2.070e-8,,,,,,,,,,,,,,
714.54,5.182e-2,2.066e-7,2.115e-10,9.820e-42,1.586e-17,,,1.320e-18,1.324e-19,,2.861e-16,3.752e-3,3.911e-29,1.787e-17,3.547e-6,1.653e-31,1.744e-17,,,,3.403e-18,7.071e-37,3.861e-17,,1.633e-24,8.551e-19,,,3.880e-3,2.826e-13,2.131e-2,1.224e-28,,9.259e-22,,1.422e-16,2.288e-2,,2.322e-19,3.153e-17,1.213e-17,,,,,2.591e-8,,,,,,,,,,,,,,
714.57,5.332e-2,1.536e-7,1.857e-10,9.810e-42,1.587e-17,,,1.320e-18,1.325e-19,,2.864e-16,3.493e-3,3.911e-29,1.787e-17,2.840e-6,1.653e-31,1.747e-17,,,,3.403e-18,7.101e-37,3.865e-17,,1.631e-24,8.560e-19,,,3.748e-3,4.494e-13,1.881e-2,1.224e-28,,9.262e-22,,1.422e-16,2.726e-2,,2.321e-19,3.136e-17,1.212e-17,,,,,3.617e-8,,,,,,,,,,,,,,
714.59,5.484e-2,1.258e-7,1.700e-10,9.803e-42,1.587e-17,,,1.320e-18,1.325e-19,,2.865e-16,3.324e-3,3.911e-29,1.787e-17,2.445e-6,1.653e-31,1.750e-17,,,,3.404e-18,7.121e-37,3.868e-17,,1.629e-24,8.566e-19,,,3.656e-3,6.111e-13,1.728e-2,1.224e-28,,9.263e-22,,1.422e-16,3.058e-2,,2.321e-19,3.124e-17,1.212e-17,,,,,4.511e-8,,,,,,,,,,,,,,
714.62,5.799e-2,9.299e-8,1.484e-10,9.793e-42,1.587e-17,,,1.320e-18,1.326e-19,,2.868e-16,3.078e-3,3.911e-29,1.787e-17,1.947e-6,1.653e-31,1.753e-17,,,,3.404e-18,7.151e-37,3.872e-17,,1.627e-24,8.575e-19,,,3.512e-3,9.664e-13,1.517e-2,1.224e-28,,9.266e-22,,1.422e-16,3.623e-2,,2.320e-19,3.107e-17,1.212e-17,,,,,6.263e-8,,,,,,,,,,,,,,
714.64,6.070e-2,7.589e-8,1.354e-10,9.786e-42,1.588e-17,,,1.320e-18,1.326e-19,,2.870e-16,2.918e-3,3.911e-29,1.786e-17,1.669e-6,1.653e-31,1.755e-17,,,,3.405e-18,7.171e-37,3.874e-17,,1.625e-24,8.581e-19,,,3.413e-3,1.309e-12,1.388e-2,1.224e-28,,9.267e-22,,1.423e-16,4.049e-2,,2.319e-19,3.095e-17,1.212e-17,,,,,7.781e-8,,,,,,,,,,,,,,
714.67,6.577e-2,5.580e-8,1.176e-10,9.776e-42,1.588e-17,,,1.320e-18,1.326e-19,,2.872e-16,2.686e-3,3.912e-29,1.786e-17,1.322e-6,1.653e-31,1.758e-17,,,,3.405e-18,7.201e-37,3.878e-17,,1.623e-24,8.590e-19,,,3.261e-3,2.059e-12,1.212e-2,1.224e-28,,9.270e-22,,1.423e-16,4.770e-2,,2.319e-19,3.078e-17,1.212e-17,,,,,1.074e-7,,,,,,,,,,,,,,
714.69,6.986e-2,4.538e-8,1.068e-10,9.770e-42,1.589e-17,,,1.320e-18,1.327e-19,,2.874e-16,2.537e-3,3.912e-29,1.786e-17,1.129e-6,1.653e-31,1.760e-17,,,,3.406e-18,7.221e-37,3.881e-17,,1.622e-24,8.596e-19,,,3.158e-3,2.779e-12,1.105e-2,1.224e-28,,9.271e-22,,1.423e-16,5.311e-2,,2.318e-19,3.066e-17,1.212e-17,,,,,1.330e-7,,,,,,,,,,,,,,
714.71,7.455e-2,3.684e-8,9.690e-11,9.763e-42,1.589e-17,,,1.320e-18,1.327e-19,,2.875e-16,2.393e-3,3.912e-29,1.786e-17,9.634e-7,1.653e-31,1.762e-17,,,,3.406e-18,7.241e-37,3.884e-17,,1.620e-24,8.602e-19,,,3.053e-3,3.746e-12,1.006e-2,1.224e-28,,9.273e-22,,1.423e-16,5.905e-2,,2.317e-19,3.055e-17,1.212e-17,,,,,1.643e-7,,,,,,,,,,,,,,
714.74,8.282e-2,2.688e-8,8.350e-11,9.753e-42,1.589e-17,,,1.320e-18,1.328e-19,,2.878e-16,2.185e-3,3.912e-29,1.786e-17,7.568e-7,1.653e-31,1.765e-17,,,,3.407e-18,7.271e-37,3.888e-17,,1.618e-24,8.611e-19,,,2.895e-3,5.845e-12,8.711e-3,1.224e-28,,9.276e-22,,1.423e-16,6.902e-2,,2.317e-19,3.037e-17,1.212e-17,,,,,2.252e-7,,,,,,,,,,,,,,
714.76,8.919e-2,2.175e-8,7.547e-11,9.747e-42,1.590e-17,,,1.320e-18,1.328e-19,,2.880e-16,2.053e-3,3.912e-29,1.786e-17,6.431e-7,1.653e-31,1.767e-17,,,,3.407e-18,7.291e-37,3.890e-17,,1.616e-24,8.617e-19,,,2.789e-3,7.849e-12,7.900e-3,1.224e-28,,9.277e-22,,1.424e-16,7.645e-2,,2.316e-19,3.026e-17,1.212e-17,,,,,2.772e-7,,,,,,,,,,,,,,
714.79,1.002e-1,1.578e-8,6.468e-11,9.737e-42,1.590e-17,,,1.320e-18,1.328e-19,,2.882e-16,1.865e-3,3.912e-29,1.786e-17,5.024e-7,1.653e-31,1.771e-17,,,,3.407e-18,7.321e-37,3.894e-17,,1.614e-24,8.626e-19,,,2.630e-3,1.218e-11,6.804e-3,1.224e-28,,9.280e-22,,1.424e-16,8.887e-2,,2.315e-19,3.008e-17,1.212e-17,,,,,3.777e-7,,,,,,,,,,,,,,
714.81,1.085e-1,1.272e-8,5.824e-11,9.730e-42,1.591e-17,,,1.320e-18,1.329e-19,,2.884e-16,1.746e-3,3.912e-29,1.786e-17,4.253e-7,1.653e-31,1.773e-17,,,,3.408e-18,7.341e-37,3.897e-17,,1.613e-24,8.632e-19,,,2.524e-3,1.629e-11,6.147e-3,1.224e-28,,9.281e-22,,1.424e-16,9.807e-2,,2.315e-19,2.997e-17,1.212e-17,,,,,4.634e-7,,,,,,,,,,,,,,
714.84,1.226e-1,9.182e-9,4.964e-11,9.720e-42,1.591e-17,,,1.320e-18,1.329e-19,,2.886e-16,1.577e-3,3.913e-29,1.786e-17,3.304e-7,1.653e-31,1.776e-17,,,,3.408e-18,7.371e-37,3.901e-17,,1.610e-24,8.641e-19,,,2.367e-3,2.514e-11,5.265e-3,1.224e-28,,9.284e-22,,1.424e-16,1.134e-1,,2.314e-19,2.979e-17,1.212e-17,,,,,6.278e-7,,,,,,,,,,,,,,
714.86,1.331e-1,7.374e-9,4.453e-11,9.713e-42,1.591e-17,,,1.320e-18,1.330e-19,,2.888e-16,1.470e-3,3.913e-29,1.786e-17,2.787e-7,1.653e-31,1.778e-17,,,,3.409e-18,7.391e-37,3.903e-17,,1.609e-24,8.647e-19,,,2.264e-3,3.351e-11,4.739e-3,1.224e-28,,9.285e-22,,1.425e-16,1.246e-1,,2.313e-19,2.968e-17,1.212e-17,,,,,7.673e-7,,,,,,,,,,,,,,
714.89,1.507e-1,5.292e-9,3.774e-11,9.703e-42,1.592e-17,,,1.320e-18,1.330e-19,,2.891e-16,1.320e-3,3.913e-29,1.786e-17,2.152e-7,1.653e-31,1.781e-17,,,,3.409e-18,7.421e-37,3.907e-17,,1.607e-24,8.656e-19,,,2.112e-3,5.143e-11,4.035e-3,1.224e-28,,9.288e-22,,1.425e-16,1.433e-1,,2.312e-19,2.950e-17,1.212e-17,,,,,1.034e-6,,,,,,,,,,,,,,
714.91,1.638e-1,4.235e-9,3.373e-11,9.697e-42,1.592e-17,,,1.320e-18,1.330e-19,,2.892e-16,1.227e-3,3.913e-29,1.786e-17,1.809e-7,1.653e-31,1.783e-17,,,,3.410e-18,7.441e-37,3.910e-17,,1.605e-24,8.662e-19,,,2.012e-3,6.830e-11,3.619e-3,1.224e-28,,9.290e-22,,1.425e-16,1.569e-1,,2.312e-19,2.939e-17,1.212e-17,,,,,1.259e-6,,,,,,,,,,,,,,
714.94,1.854e-1,3.023e-9,2.843e-11,9.687e-42,1.593e-17,,,1.319e-18,1.331e-19,,2.895e-16,1.096e-3,3.913e-29,1.786e-17,1.389e-7,1.653e-31,1.786e-17,,,,3.410e-18,7.471e-37,3.914e-17,,1.603e-24,8.671e-19,,,1.867e-3,1.042e-10,3.064e-3,1.225e-28,,9.292e-22,,1.425e-16,1.794e-1,,2.311e-19,2.921e-17,1.212e-17,,,,,1.687e-6,,,,,,,,,,,,,,
714.96,2.012e-1,2.410e-9,2.532e-11,9.680e-42,1.593e-17,,,1.319e-18,1.331e-19,,2.897e-16,1.014e-3,3.913e-29,1.786e-17,1.163e-7,1.653e-31,1.789e-17,,,,3.411e-18,7.491e-37,3.917e-17,,1.601e-24,8.677e-19,,,1.772e-3,1.379e-10,2.738e-3,1.225e-28,,9.294e-22,,1.425e-16,1.957e-1,,2.310e-19,2.910e-17,1.212e-17,,,,,2.046e-6,,,,,,,,,,,,,,
714.99,2.273e-1,1.711e-9,2.122e-11,9.670e-42,1.594e-17,,,1.319e-18,1.332e-19,,2.899e-16,9.004e-4,3.914e-29,1.786e-17,8.881e-8,1.654e-31,1.792e-17,,,,3.411e-18,7.521e-37,3.921e-17,,1.599e-24,8.686e-19,,,1.635e-3,2.093e-10,2.305e-3,1.225e-28,,9.296e-22,,1.426e-16,2.225e-1,,2.309e-19,2.892e-17,1.211e-17,,,,,2.726e-6,,,,,,,,,,,,,,
715.01,2.463e-1,1.359e-9,1.882e-11,9.664e-42,1.594e-17,,,1.319e-18,1.332e-19,,2.901e-16,8.303e-4,3.914e-29,1.786e-17,7.406e-8,1.654e-31,1.794e-17,,,,3.412e-18,7.541e-37,3.923e-17,,1.598e-24,8.692e-19,,,1.547e-3,2.759e-10,2.052e-3,1.225e-28,,9.298e-22,,1.426e-16,2.419e-1,,2.309e-19,2.881e-17,1.211e-17,,,,,3.295e-6,,,,,,,,,,,,,,
715.04,2.773e-1,9.592e-10,1.569e-11,9.654e-42,1.594e-17,,,1.319e-18,1.333e-19,,2.903e-16,7.332e-4,3.914e-29,1.786e-17,5.624e-8,1.654e-31,1.797e-17,,,,3.412e-18,7.571e-37,3.927e-17,,1.595e-24,8.701e-19,,,1.419e-3,4.164e-10,1.718e-3,1.225e-28,,9.300e-22,,1.426e-16,2.734e-1,,2.308e-19,2.863e-17,1.211e-17,,,,,4.366e-6,,,,,,,,,,,,,,
715.06,2.996e-1,7.591e-10,1.386e-11,9.647e-42,1.595e-17,,,1.319e-18,1.333e-19,,2.905e-16,6.735e-4,3.914e-29,1.786e-17,4.673e-8,1.654e-31,1.799e-17,,,,3.412e-18,7.591e-37,3.930e-17,,1.594e-24,8.707e-19,,,1.338e-3,5.468e-10,1.523e-3,1.225e-28,,9.302e-22,,1.426e-16,2.961e-1,,2.307e-19,2.852e-17,1.211e-17,,,,,5.258e-6,,,,,,,,,,,,,,
715.08,3.235e-1,5.998e-10,1.224e-11,9.640e-42,1.595e-17,,,1.319e-18,1.333e-19,,2.907e-16,6.178e-4,3.914e-29,1.786e-17,3.876e-8,1.654e-31,1.801e-17,,,,3.413e-18,7.611e-37,3.932e-17,,1.592e-24,8.713e-19,,,1.259e-3,7.171e-10,1.349e-3,1.225e-28,,9.304e-22,,1.427e-16,3.202e-1,,2.307e-19,2.840e-17,1.211e-17,,,,,6.322e-6,,,,,,,,,,,,,,
715.11,3.620e-1,4.202e-10,1.012e-11,9.630e-42,1.595e-17,,,1.319e-18,1.334e-19,,2.909e-16,5.413e-4,3.914e-29,1.786e-17,2.920e-8,1.654e-31,1.804e-17,,,,3.413e-18,7.641e-37,3.936e-17,,1.590e-24,8.722e-19,,,1.146e-3,1.074e-9,1.120e-3,1.225e-28,,9.306e-22,,1.427e-16,3.592e-1,,2.306e-19,2.823e-17,1.211e-17,,,,,8.311e-6,,,,,,,,,,,,,,
715.13,3.895e-1,3.308e-10,8.897e-12,9.624e-42,1.596e-17,,,1.319e-18,1.334e-19,,2.911e-16,4.946e-4,3.914e-29,1.786e-17,2.414e-8,1.654e-31,1.806e-17,,,,3.414e-18,7.661e-37,3.939e-17,,1.589e-24,8.728e-19,,,1.075e-3,1.403e-9,9.881e-4,1.225e-28,,9.308e-22,,1.427e-16,3.870e-1,,2.305e-19,2.811e-17,1.211e-17,,,,,9.956e-6,,,,,,,,,,,,,,
715.16,4.338e-1,2.304e-10,7.315e-12,9.614e-42,1.596e-17,,,1.319e-18,1.334e-19,,2.913e-16,4.309e-4,3.915e-29,1.786e-17,1.808e-8,1.654e-31,1.810e-17,,,,3.414e-18,7.691e-37,3.943e-17,,1.586e-24,8.737e-19,,,9.737e-4,2.090e-9,8.162e-4,1.225e-28,,9.310e-22,,1.427e-16,4.316e-1,,2.305e-19,2.794e-17,1.211e-17,,,,,1.302e-5,,,,,,,,,,,,,,
715.18,4.653e-1,1.807e-10,6.408e-12,9.607e-42,1.597e-17,,,1.319e-18,1.335e-19,,2.915e-16,3.923e-4,3.915e-29,1.786e-17,1.489e-8,1.654e-31,1.812e-17,,,,3.415e-18,7.711e-37,3.946e-17,,1.585e-24,8.742e-19,,,9.099e-4,2.720e-9,7.173e-4,1.225e-28,,9.312e-22,,1.427e-16,4.633e-1,,2.304e-19,2.782e-17,1.211e-17,,,,,1.554e-5,,,,,,,,,,,,,,
715.21,5.156e-1,1.252e-10,5.239e-12,9.597e-42,1.597e-17,,,1.319e-18,1.335e-19,,2.918e-16,3.399e-4,3.915e-29,1.786e-17,1.109e-8,1.654e-31,1.815e-17,,,,3.415e-18,7.741e-37,3.950e-17,,1.583e-24,8.751e-19,,,8.198e-4,4.028e-9,5.892e-4,1.225e-28,,9.314e-22,,1.428e-16,5.138e-1,,2.303e-19,2.765e-17,1.211e-17,,,,,2.020e-5,,,,,,,,,,,,,,
715.23,5.511e-1,9.785e-11,4.572e-12,9.591e-42,1.597e-17,,,1.319e-18,1.336e-19,,2.919e-16,3.083e-4,3.915e-29,1.786e-17,9.097e-9,1.654e-31,1.817e-17,,,,3.416e-18,7.761e-37,3.952e-17,,1.581e-24,8.757e-19,,,7.635e-4,5.224e-9,5.158e-4,1.225e-28,,9.316e-22,,1.428e-16,5.495e-1,,2.303e-19,2.753e-17,1.211e-17,,,,,2.402e-5,,,,,,,,,,,,,,
715.26,6.074e-1,6.741e-11,3.717e-12,9.581e-42,1.598e-17,,,1.319e-18,1.336e-19,,2.922e-16,2.655e-4,3.915e-29,1.786e-17,6.739e-9,1.654e-31,1.820e-17,,,,3.416e-18,7.791e-37,3.956e-17,,1.579e-24,8.766e-19,,,6.845e-4,7.694e-9,4.213e-4,1.225e-28,,9.318e-22,,1.428e-16,6.060e-1,,2.302e-19,2.735e-17,1.211e-17,,,,,3.105e-5,,,,,,,,,,,,,,
715.28,6.470e-1,5.248e-11,3.232e-12,9.574e-42,1.598e-17,,,1.319e-18,1.336e-19,,2.924e-16,2.399e-4,3.915e-29,1.786e-17,5.507e-9,1.654e-31,1.822e-17,,,,3.416e-18,7.811e-37,3.959e-17,,1.577e-24,8.772e-19,,,6.353e-4,9.942e-9,3.674e-4,1.225e-28,,9.320e-22,,1.428e-16,6.457e-1,,2.301e-19,2.724e-17,1.211e-17,,,,,3.678e-5,,,,,,,,,,,,,,
715.31,7.093e-1,3.596e-11,2.613e-12,9.564e-42,1.599e-17,,,1.319e-18,1.337e-19,,2.926e-16,2.055e-4,3.915e-29,1.786e-17,4.056e-9,1.654e-31,1.825e-17,,,,3.417e-18,7.841e-37,3.963e-17,,1.575e-24,8.781e-19,,,5.669e-4,1.456e-8,2.984e-4,1.225e-28,,9.323e-22,,1.429e-16,7.082e-1,,2.300e-19,2.706e-17,1.211e-17,,,,,4.729e-5,,,,,,,,,,,,,,
715.33,7.527e-1,2.789e-11,2.263e-12,9.557e-42,1.599e-17,,,1.319e-18,1.337e-19,,2.928e-16,1.850e-4,3.916e-29,1.786e-17,3.302e-9,1.654e-31,1.828e-17,,,,3.417e-18,7.861e-37,3.965e-17,,1.574e-24,8.787e-19,,,5.246e-4,1.874e-8,2.593e-4,1.225e-28,,9.324e-22,,1.429e-16,7.517e-1,,2.300e-19,2.695e-17,1.211e-17,,,,,5.582e-5,,,,,,,,,,,,,,
715.36,8.207e-1,1.900e-11,1.819e-12,9.547e-42,1.600e-17,,,1.319e-18,1.338e-19,,2.930e-16,1.576e-4,3.916e-29,1.786e-17,2.419e-9,1.654e-31,1.831e-17,,,,3.418e-18,7.891e-37,3.969e-17,,1.572e-24,8.796e-19,,,4.661e-4,2.730e-8,2.094e-4,1.225e-28,,9.327e-22,,1.429e-16,8.198e-1,,2.299e-19,2.677e-17,1.211e-17,,,,,7.137e-5,,,,,,,,,,,,,,
715.38,8.678e-1,1.469e-11,1.570e-12,9.541e-42,1.600e-17,,,1.318e-18,1.338e-19,,2.932e-16,1.413e-4,3.916e-29,1.786e-17,1.962e-9,1.654e-31,1.833e-17,,,,3.418e-18,7.911e-37,3.972e-17,,1.570e-24,8.802e-19,,,4.303e-4,3.502e-8,1.813e-4,1.225e-28,,9.328e-22,,1.429e-16,8.670e-1,,2.298e-19,2.666e-17,1.211e-17,,,,,8.392e-5,,,,,,,,,,,,,,
715.41,9.410e-1,9.949e-12,1.255e-12,9.531e-42,1.600e-17,,,1.318e-18,1.339e-19,,2.935e-16,1.197e-4,3.916e-29,1.786e-17,1.429e-9,1.654e-31,1.836e-17,,,,3.419e-18,7.941e-37,3.976e-17,,1.568e-24,8.811e-19,,,3.811e-4,5.072e-8,1.456e-4,1.225e-28,,9.331e-22,,1.430e-16,9.403e-1,,2.298e-19,2.648e-17,1.210e-17,,,,,1.067e-4,,,,,,,,,,,,,,
715.43,9.914e-1,7.660e-12,1.079e-12,9.524e-42,1.601e-17,,,1.318e-18,1.339e-19,,2.936e-16,1.070e-4,3.916e-29,1.786e-17,1.154e-9,1.654e-31,1.838e-17,,,,3.419e-18,7.961e-37,3.979e-17,,1.566e-24,8.817e-19,,,3.513e-4,6.481e-8,1.255e-4,1.226e-28,,9.332e-22,,1.430e-16,9.907e-1,,2.297e-19,2.637e-17,1.210e-17,,,,,1.250e-4,,,,,,,,,,,,,,
715.45,1.043e+0,5.889e-12,9.264e-13,9.518e-42,1.601e-17,,,1.318e-18,1.339e-19,,2.938e-16,9.543e-5,3.916e-29,1.785e-17,9.312e-10,1.654e-31,1.840e-17,,,,3.420e-18,7.981e-37,3.981e-17,,1.565e-24,8.823e-19,,,3.237e-4,8.269e-8,1.081e-4,1.226e-28,,9.334e-22,,1.430e-16,1.042e+0,,2.296e-19,2.625e-17,1.210e-17,,,,,1.462e-4,,,,,,,,,,,,,,
715.48,1.122e+0,3.959e-12,7.347e-13,9.508e-42,1.602e-17,,,1.318e-18,1.340e-19,,2.940e-16,8.019e-5,3.917e-29,1.785e-17,6.729e-10,1.655e-31,1.843e-17,,,,3.420e-18,8.011e-37,3.985e-17,,1.563e-24,8.832e-19,,,2.863e-4,1.189e-7,8.613e-5,1.226e-28,,9.337e-22,,1.430e-16,1.121e+0,,2.296e-19,2.608e-17,1.210e-17,,,,,1.845e-4,,,,,,,,,,,,,,
715.5,1.176e+0,3.032e-12,6.284e-13,9.501e-42,1.602e-17,,,1.318e-18,1.340e-19,,2.942e-16,7.128e-5,3.917e-29,1.785e-17,5.408e-10,1.655e-31,1.846e-17,,,,3.421e-18,8.031e-37,3.988e-17,,1.561e-24,8.838e-19,,,2.639e-4,1.511e-7,7.388e-5,1.226e-28,,9.338e-22,,1.430e-16,1.175e+0,,2.295e-19,2.596e-17,1.210e-17,,,,,2.150e-4,,,,,,,,,,,,,,
715.53,1.258e+0,2.027e-12,4.956e-13,9.491e-42,1.602e-17,,,1.318e-18,1.340e-19,,2.945e-16,5.956e-5,3.917e-29,1.785e-17,3.886e-10,1.655e-31,1.849e-17,,,,3.421e-18,8.061e-37,3.992e-17,,1.559e-24,8.847e-19,,,2.341e-4,2.159e-7,5.854e-5,1.226e-28,,9.341e-22,,1.431e-16,1.258e+0,,2.294e-19,2.579e-17,1.210e-17,,,,,2.697e-4,,,,,,,,,,,,,,
715.55,1.314e+0,1.547e-12,4.222e-13,9.484e-42,1.603e-17,,,1.318e-18,1.341e-19,,2.946e-16,5.274e-5,3.917e-29,1.785e-17,3.111e-10,1.655e-31,1.851e-17,,,,3.421e-18,8.081e-37,3.994e-17,,1.557e-24,8.853e-19,,,2.166e-4,2.735e-7,5.003e-5,1.226e-28,,9.342e-22,,1.431e-16,1.313e+0,,2.294e-19,2.567e-17,1.210e-17,,,,,3.132e-4,,,,,,,,,,,,,,
715.58,1.398e+0,1.028e-12,3.311e-13,9.474e-42,1.603e-17,,,1.318e-18,1.341e-19,,2.949e-16,4.382e-5,3.917e-29,1.785e-17,2.223e-10,1.655e-31,1.854e-17,,,,3.422e-18,8.111e-37,3.998e-17,,1.555e-24,8.862e-19,,,1.937e-4,3.887e-7,3.941e-5,1.226e-28,,9.345e-22,,1.431e-16,1.398e+0,,2.293e-19,2.550e-17,1.210e-17,,,,,3.907e-4,,,,,,,,,,,,,,
715.6,1.455e+0,7.818e-13,2.811e-13,9.468e-42,1.603e-17,,,1.318e-18,1.342e-19,,2.951e-16,3.866e-5,3.917e-29,1.785e-17,1.773e-10,1.655e-31,1.856e-17,,,,3.422e-18,8.131e-37,4.001e-17,,1.554e-24,8.868e-19,,,1.806e-4,4.905e-7,3.356e-5,1.226e-28,,9.346e-22,,1.431e-16,1.454e+0,,2.292e-19,2.538e-17,1.210e-17,,,,,4.520e-4,,,,,,,,,,,,,,
715.63,1.539e+0,5.168e-13,2.192e-13,9.458e-42,1.604e-17,,,1.318e-18,1.342e-19,,2.953e-16,3.194e-5,3.917e-29,1.785e-17,1.260e-10,1.655e-31,1.859e-17,,,,3.423e-18,8.161e-37,4.005e-17,,1.551e-24,8.877e-19,,,1.640e-4,6.933e-7,2.629e-5,1.226e-28,,9.349e-22,,1.431e-16,1.538e+0,,2.291e-19,2.521e-17,1.210e-17,,,,,5.608e-4,,,,,,,,,,,,,,
715.65,1.595e+0,3.915e-13,1.854e-13,9.451e-42,1.604e-17,,,1.318e-18,1.342e-19,,2.955e-16,2.807e-5,3.918e-29,1.785e-17,1.001e-10,1.655e-31,1.861e-17,,,,3.423e-18,8.181e-37,4.008e-17,,1.550e-24,8.883e-19,,,1.550e-4,8.716e-7,2.230e-5,1.226e-28,,9.351e-22,,1.432e-16,1.595e+0,,2.291e-19,2.509e-17,1.210e-17,,,,,6.463e-4,,,,,,,,,,,,,,
715.68,1.679e+0,2.573e-13,1.437e-13,9.441e-42,1.605e-17,,,1.318e-18,1.343e-19,,2.957e-16,2.307e-5,3.918e-29,1.785e-17,7.072e-11,1.655e-31,1.864e-17,,,,3.424e-18,8.211e-37,4.011e-17,,1.548e-24,8.892e-19,,,1.445e-4,1.225e-6,1.737e-5,1.226e-28,,9.353e-22,,1.432e-16,1.678e+0,,2.290e-19,2.492e-17,1.210e-17,,,,,7.974e-4,,,,,,,,,,,,,,
715.7,1.734e+0,1.942e-13,1.211e-13,9.435e-42,1.605e-17,,,1.318e-18,1.343e-19,,2.959e-16,2.020e-5,3.918e-29,1.785e-17,5.599e-11,1.655e-31,1.867e-17,,,,3.424e-18,8.231e-37,4.014e-17,,1.546e-24,8.898e-19,,,1.393e-4,1.535e-6,1.468e-5,1.226e-28,,9.355e-22,,1.432e-16,1.733e+0,,2.289e-19,2.480e-17,1.210e-17,,,,,9.156e-4,,,,,,,,,,,,,,
715.73,1.814e+0,1.269e-13,9.338e-14,9.425e-42,1.606e-17,,,1.318e-18,1.344e-19,,2.962e-16,1.650e-5,3.918e-29,1.785e-17,3.933e-11,1.655e-31,1.870e-17,,,,3.425e-18,8.261e-37,4.018e-17,,1.544e-24,8.907e-19,,,1.345e-4,2.145e-6,1.137e-5,1.226e-28,,9.357e-22,,1.432e-16,1.813e+0,,2.289e-19,2.463e-17,1.210e-17,,,,,1.123e-3,,,,,,,,,,,,,,
715.75,1.866e+0,9.544e-14,7.838e-14,9.418e-42,1.606e-17,,,1.318e-18,1.344e-19,,2.963e-16,1.439e-5,3.918e-29,1.785e-17,3.102e-11,1.655e-31,1.872e-17,,,,3.425e-18,8.281e-37,4.021e-17,,1.542e-24,8.913e-19,,,1.331e-4,2.677e-6,9.573e-6,1.226e-28,,9.359e-22,,1.433e-16,1.865e+0,,2.288e-19,2.451e-17,1.210e-17,,,,,1.285e-3,,,,,,,,,,,,,,
715.78,1.942e+0,6.204e-14,6.010e-14,9.408e-42,1.606e-17,,,1.318e-18,1.345e-19,,2.966e-16,1.169e-5,3.918e-29,1.785e-17,2.167e-11,1.655e-31,1.875e-17,,,,3.426e-18,8.311e-37,4.025e-17,,1.540e-24,8.922e-19,,,1.338e-4,3.721e-6,7.374e-6,1.226e-28,,9.361e-22,,1.433e-16,1.941e+0,,2.287e-19,2.434e-17,1.210e-17,,,,,1.568e-3,,,,,,,,,,,,,,
715.8,1.991e+0,4.647e-14,5.025e-14,9.401e-42,1.607e-17,,,1.317e-18,1.345e-19,,2.967e-16,1.016e-5,3.918e-29,1.785e-17,1.702e-11,1.655e-31,1.877e-17,,,,3.426e-18,8.331e-37,4.027e-17,,1.539e-24,8.928e-19,,,1.361e-4,4.627e-6,6.185e-6,1.226e-28,,9.363e-22,,1.433e-16,1.989e+0,,2.287e-19,2.422e-17,1.209e-17,,,,,1.787e-3,,,,,,,,,,,,,,
715.83,2.060e+0,3.004e-14,3.831e-14,9.391e-42,1.607e-17,,,1.317e-18,1.345e-19,,2.970e-16,8.209e-6,3.919e-29,1.785e-17,1.182e-11,1.655e-31,1.880e-17,,,,3.427e-18,8.361e-37,4.031e-17,,1.536e-24,8.937e-19,,,1.425e-4,6.396e-6,4.737e-6,1.226e-28,,9.365e-22,,1.433e-16,2.058e+0,,2.286e-19,2.405e-17,1.209e-17,,,,,2.168e-3,,,,,,,,,,,,,,
715.85,2.104e+0,2.241e-14,3.192e-14,9.385e-42,1.608e-17,,,1.317e-18,1.346e-19,,2.972e-16,7.107e-6,3.919e-29,1.785e-17,9.256e-12,1.655e-31,1.882e-17,,,,3.427e-18,8.381e-37,4.034e-17,,1.535e-24,8.943e-19,,,1.486e-4,7.922e-6,3.958e-6,1.226e-28,,9.367e-22,,1.433e-16,2.101e+0,,2.285e-19,2.393e-17,1.209e-17,,,,,2.462e-3,,,,,,,,,,,,,,
715.87,2.146e+0,1.670e-14,2.655e-14,9.378e-42,1.608e-17,,,1.317e-18,1.346e-19,,2.973e-16,6.144e-6,3.919e-29,1.785e-17,7.235e-12,1.655e-31,1.885e-17,,,,3.427e-18,8.401e-37,4.037e-17,,1.533e-24,8.949e-19,,,1.564e-4,9.799e-6,3.303e-6,1.226e-28,,9.369e-22,,1.434e-16,2.143e+0,,2.285e-19,2.381e-17,1.209e-17,,,,,2.792e-3,,,,,,,,,,,,,,
715.9,2.203e+0,1.071e-14,2.008e-14,9.368e-42,1.608e-17,,,1.317e-18,1.346e-19,,2.976e-16,4.925e-6,3.919e-29,1.785e-17,4.985e-12,1.655e-31,1.888e-17,,,,3.428e-18,8.431e-37,4.040e-17,,1.531e-24,8.958e-19,,,1.711e-4,1.344e-5,2.510e-6,1.226e-28,,9.371e-22,,1.434e-16,2.200e+0,,2.284e-19,2.364e-17,1.209e-17,,,,,3.361e-3,,,,,,,,,,,,,,
715.92,2.238e+0,7.951e-15,1.664e-14,9.362e-42,1.609e-17,,,1.317e-18,1.347e-19,,2.978e-16,4.241e-6,3.919e-29,1.785e-17,3.882e-12,1.655e-31,1.890e-17,,,,3.428e-18,8.451e-37,4.043e-17,,1.530e-24,8.964e-19,,,1.831e-4,1.656e-5,2.086e-6,1.226e-28,,9.373e-22,,1.434e-16,2.234e+0,,2.283e-19,2.352e-17,1.209e-17,,,,,3.796e-3,,,,,,,,,,,,,,
715.95,2.286e+0,5.070e-15,1.252e-14,9.352e-42,1.609e-17,,,1.317e-18,1.347e-19,,2.980e-16,3.380e-6,3.919e-29,1.785e-17,2.660e-12,1.656e-31,1.893e-17,,,,3.429e-18,8.481e-37,4.047e-17,,1.527e-24,8.973e-19,,,2.043e-4,2.259e-5,1.576e-6,1.227e-28,,9.375e-22,,1.434e-16,2.281e+0,,2.282e-19,2.335e-17,1.209e-17,,,,,4.545e-3,,,,,,,,,,,,,,
715.97,2.314e+0,3.750e-15,1.033e-14,9.345e-42,1.610e-17,,,1.317e-18,1.348e-19,,2.982e-16,2.900e-6,3.920e-29,1.785e-17,2.063e-12,1.656e-31,1.895e-17,,,,3.429e-18,8.501e-37,4.050e-17,,1.526e-24,8.979e-19,,,2.208e-4,2.774e-5,1.305e-6,1.227e-28,,9.377e-22,,1.435e-16,2.309e+0,,2.282e-19,2.323e-17,1.209e-17,,,,,5.115e-3,,,,,,,,,,,,,,
716,2.350e+0,2.378e-15,7.730e-15,9.335e-42,1.610e-17,,,1.317e-18,1.348e-19,,2.984e-16,2.299e-6,3.920e-29,1.785e-17,1.406e-12,1.656e-31,1.898e-17,,,,3.430e-18,8.531e-37,4.054e-17,,1.524e-24,8.988e-19,,,2.492e-4,3.763e-5,9.808e-7,1.227e-28,,9.379e-22,,1.435e-16,2.344e+0,,2.281e-19,2.306e-17,1.209e-17,,,,,6.090e-3,,,,,,,,,,,,,,
716.02,2.370e+0,1.752e-15,6.358e-15,9.328e-42,1.610e-17,,,1.317e-18,1.348e-19,,2.986e-16,1.965e-6,3.920e-29,1.785e-17,1.087e-12,1.656e-31,1.900e-17,,,,3.430e-18,8.551e-37,4.056e-17,,1.522e-24,8.994e-19,,,2.707e-4,4.603e-5,8.091e-7,1.227e-28,,9.381e-22,,1.435e-16,2.363e+0,,2.280e-19,2.294e-17,1.209e-17,,,,,6.828e-3,,,,,,,,,,,,,,
716.05,2.394e+0,1.105e-15,4.729e-15,9.318e-42,1.611e-17,,,1.317e-18,1.349e-19,,2.989e-16,1.549e-6,3.920e-29,1.785e-17,7.361e-13,1.656e-31,1.904e-17,,,,3.431e-18,8.581e-37,4.060e-17,,1.520e-24,9.003e-19,,,3.071e-4,6.209e-5,6.046e-7,1.227e-28,,9.383e-22,,1.435e-16,2.386e+0,,2.279e-19,2.277e-17,1.209e-17,,,,,8.084e-3,,,,,,,,,,,,,,
716.07,2.406e+0,8.111e-16,3.875e-15,9.312e-42,1.611e-17,,,1.317e-18,1.349e-19,,2.990e-16,1.319e-6,3.920e-29,1.785e-17,5.667e-13,1.656e-31,1.906e-17,,,,3.431e-18,8.601e-37,4.063e-17,,1.518e-24,9.009e-19,,,3.342e-4,7.567e-5,4.969e-7,1.227e-28,,9.385e-22,,1.435e-16,2.396e+0,,2.279e-19,2.265e-17,1.209e-17,,,,,9.031e-3,,,,,,,,,,,,,,
716.1,2.417e+0,5.086e-16,2.866e-15,9.302e-42,1.612e-17,,,1.317e-18,1.350e-19,,2.993e-16,1.033e-6,3.920e-29,1.785e-17,3.818e-13,1.656e-31,1.909e-17,,,,3.432e-18,8.631e-37,4.067e-17,,1.516e-24,9.018e-19,,,3.794e-4,1.015e-4,3.692e-7,1.227e-28,,9.388e-22,,1.436e-16,2.406e+0,,2.278e-19,2.248e-17,1.209e-17,,,,,1.063e-2,,,,,,,,,,,,,,
716.12,2.420e+0,3.720e-16,2.339e-15,9.295e-42,1.612e-17,,,1.317e-18,1.350e-19,,2.995e-16,8.768e-7,3.920e-29,1.785e-17,2.929e-13,1.656e-31,1.911e-17,,,,3.432e-18,8.651e-37,4.069e-17,,1.515e-24,9.024e-19,,,4.127e-4,1.233e-4,3.023e-7,1.227e-28,,9.389e-22,,1.436e-16,2.408e+0,,2.278e-19,2.236e-17,1.209e-17,,,,,1.183e-2,,,,,,,,,,,,,,
716.15,2.418e+0,2.319e-16,1.720e-15,9.285e-42,1.612e-17,,,1.317e-18,1.351e-19,,2.997e-16,6.833e-7,3.921e-29,1.785e-17,1.962e-13,1.656e-31,1.914e-17,,,,3.432e-18,8.681e-37,4.073e-17,,1.512e-24,9.032e-19,,,4.677e-4,1.644e-4,2.233e-7,1.227e-28,,9.392e-22,,1.436e-16,2.403e+0,,2.277e-19,2.219e-17,1.209e-17,,,,,1.386e-2,,,,,,,,,,,,,,
716.17,2.412e+0,1.688e-16,1.399e-15,9.279e-42,1.613e-17,,,1.317e-18,1.351e-19,,2.999e-16,5.775e-7,3.921e-29,1.785e-17,1.499e-13,1.656e-31,1.916e-17,,,,3.433e-18,8.701e-37,4.076e-17,,1.511e-24,9.038e-19,,,5.079e-4,1.989e-4,1.822e-7,1.227e-28,,9.393e-22,,1.436e-16,2.396e+0,,2.276e-19,2.207e-17,1.209e-17,,,,,1.536e-2,,,,,,,,,,,,,,
716.2,2.398e+0,1.047e-16,1.023e-15,9.269e-42,1.613e-17,,,1.317e-18,1.351e-19,,3.001e-16,4.475e-7,3.921e-29,1.785e-17,9.986e-14,1.656e-31,1.919e-17,,,,3.433e-18,8.731e-37,4.080e-17,,1.509e-24,9.047e-19,,,5.737e-4,2.639e-4,1.338e-7,1.227e-28,,9.396e-22,,1.437e-16,2.379e+0,,2.275e-19,2.190e-17,1.209e-17,,,,,1.789e-2,,,,,,,,,,,,,,
716.22,2.384e+0,7.598e-17,8.290e-16,9.262e-42,1.614e-17,,,1.317e-18,1.352e-19,,3.003e-16,3.768e-7,3.921e-29,1.785e-17,7.602e-14,1.656e-31,1.921e-17,,,,3.434e-18,8.751e-37,4.083e-17,,1.507e-24,9.053e-19,,,6.214e-4,3.181e-4,1.088e-7,1.227e-28,,9.397e-22,,1.437e-16,2.363e+0,,2.275e-19,2.178e-17,1.208e-17,,,,,1.976e-2,,,,,,,,,,,,,,
716.24,2.367e+0,5.507e-17,6.706e-16,9.255e-42,1.614e-17,,,1.316e-18,1.352e-19,,3.005e-16,3.168e-7,3.921e-29,1.784e-17,5.778e-14,1.656e-31,1.924e-17,,,,3.434e-18,8.771e-37,4.085e-17,,1.506e-24,9.059e-19,,,6.724e-4,3.828e-4,8.825e-8,1.227e-28,,9.399e-22,,1.437e-16,2.344e+0,,2.274e-19,2.167e-17,1.208e-17,,,,,2.180e-2,,,,,,,,,,,,,,
716.27,2.335e+0,3.388e-17,4.866e-16,9.245e-42,1.614e-17,,,1.316e-18,1.353e-19,,3.007e-16,2.436e-7,3.921e-29,1.784e-17,3.819e-14,1.656e-31,1.927e-17,,,,3.435e-18,8.801e-37,6.853e-17,,1.503e-24,9.068e-19,,,7.550e-4,5.039e-4,6.432e-8,1.227e-28,,9.402e-22,,1.437e-16,2.309e+0,,2.273e-19,2.149e-17,1.208e-17,,,,,2.518e-2,,,,,,,,,,,,,,
716.29,2.310e+0,2.446e-17,3.922e-16,9.239e-42,1.615e-17,,,1.316e-18,1.353e-19,,3.009e-16,2.040e-7,3.921e-29,1.784e-17,2.892e-14,1.656e-31,1.929e-17,,,,3.435e-18,8.821e-37,9.657e-17,,1.502e-24,9.074e-19,,,8.144e-4,6.042e-4,5.200e-8,1.227e-28,,9.403e-22,,1.437e-16,2.281e+0,,2.273e-19,2.138e-17,1.208e-17,,,,,2.767e-2,,,,,,,,,,,,,,
716.32,2.268e+0,1.497e-17,2.829e-16,9.229e-42,1.615e-17,,,1.316e-18,1.353e-19,,3.011e-16,1.560e-7,3.922e-29,1.784e-17,1.900e-14,1.656e-31,1.932e-17,,,,3.436e-18,8.851e-37,1.611e-16,,1.500e-24,9.083e-19,,,9.101e-4,7.910e-4,3.769e-8,1.227e-28,,9.406e-22,,1.438e-16,2.234e+0,,2.272e-19,2.120e-17,1.208e-17,,,,,3.179e-2,,,,,,,,,,,,,,
716.34,2.236e+0,1.058e-17,2.272e-16,9.222e-42,1.616e-17,,,1.316e-18,1.354e-19,,3.013e-16,1.302e-7,3.922e-29,1.784e-17,1.434e-14,1.656e-31,1.934e-17,,,,3.436e-18,8.871e-37,2.262e-16,,1.498e-24,9.089e-19,,,9.785e-4,9.449e-4,3.035e-8,1.227e-28,,9.407e-22,,1.438e-16,2.200e+0,,2.271e-19,2.109e-17,1.208e-17,,,,,3.481e-2,,,,,,,,,,,,,,
716.37,2.185e+0,6.441e-18,1.630e-16,9.212e-42,1.616e-17,,,1.316e-18,1.354e-19,,3.016e-16,9.896e-8,3.922e-29,1.784e-17,9.368e-15,1.656e-31,1.937e-17,,,,3.437e-18,8.901e-37,3.753e-16,,1.496e-24,9.098e-19,,,1.088e-3,1.230e-3,2.187e-8,1.227e-28,,9.410e-22,,1.438e-16,2.143e+0,,2.270e-19,2.091e-17,1.208e-17,,,,,3.977e-2,,,,,,,,,,,,,,
716.39,2.147e+0,4.617e-18,1.304e-16,9.206e-42,1.616e-17,,,1.316e-18,1.354e-19,,3.017e-16,8.227e-8,3.922e-29,1.784e-17,7.041e-15,1.656e-31,1.939e-17,,,,3.437e-18,8.921e-37,5.249e-16,,1.494e-24,9.104e-19,,,1.166e-3,1.464e-3,1.755e-8,1.227e-28,,9.411e-22,,1.438e-16,2.101e+0,,2.270e-19,2.080e-17,1.208e-17,,,,,4.338e-2,,,,,,,,,,,,,,
716.42,2.088e+0,2.795e-18,9.301e-17,9.196e-42,1.617e-17,,,1.316e-18,1.355e-19,,3.020e-16,6.219e-8,3.922e-29,1.784e-17,4.575e-15,1.656e-31,1.943e-17,,,,3.437e-18,8.951e-37,8.661e-16,,1.492e-24,9.113e-19,,,1.290e-3,1.896e-3,1.258e-8,1.227e-28,,9.414e-22,,1.439e-16,2.035e+0,,2.269e-19,2.062e-17,1.208e-17,,,,,4.929e-2,,,,,,,,,,,,,,
716.44,2.046e+0,1.996e-18,7.412e-17,9.189e-42,1.617e-17,,,1.316e-18,1.355e-19,,3.022e-16,5.151e-8,3.922e-29,1.784e-17,3.425e-15,1.657e-31,1.945e-17,,,,3.438e-18,8.971e-37,1.207e-15,,1.491e-24,9.119e-19,,,1.377e-3,2.248e-3,1.005e-8,1.227e-28,,9.416e-22,,1.439e-16,1.989e+0,,2.268e-19,2.051e-17,1.208e-17,,,,,5.356e-2,,,,,,,,,,,,,,
716.47,1.981e+0,1.201e-18,5.258e-17,9.179e-42,1.618e-17,,,1.316e-18,1.356e-19,,3.024e-16,3.872e-8,3.923e-29,1.784e-17,2.213e-15,1.657e-31,1.948e-17,,,,3.438e-18,9.001e-37,1.981e-15,,1.488e-24,9.128e-19,,,1.515e-3,2.894e-3,7.164e-9,1.228e-28,,9.418e-22,,1.439e-16,1.916e+0,,2.268e-19,2.033e-17,1.208e-17,,,,,6.052e-2,,,,,,,,,,,,,,
716.49,1.936e+0,8.546e-19,4.174e-17,9.172e-42,1.618e-17,,,1.316e-18,1.356e-19,,3.026e-16,3.195e-8,3.923e-29,1.784e-17,1.651e-15,1.657e-31,1.950e-17,,,,3.439e-18,9.021e-37,2.750e-15,,1.487e-24,9.134e-19,,,1.612e-3,3.419e-3,5.705e-9,1.228e-28,,9.420e-22,,1.439e-16,1.865e+0,,2.267e-19,2.022e-17,1.208e-17,,,,,6.553e-2,,,,,,,,,,,,,,
716.52,1.866e+0,5.114e-19,2.944e-17,9.162e-42,1.619e-17,,,1.316e-18,1.357e-19,,3.028e-16,2.388e-8,3.923e-29,1.784e-17,1.061e-15,1.657e-31,1.953e-17,,,,3.439e-18,9.051e-37,4.488e-15,,1.485e-24,9.143e-19,,,1.765e-3,4.377e-3,4.043e-9,1.228e-28,,9.422e-22,,1.439e-16,1.786e+0,,2.266e-19,2.004e-17,1.208e-17,,,,,7.362e-2,,,,,,,,,,,,,,
716.54,1.819e+0,3.625e-19,2.329e-17,9.156e-42,1.619e-17,,,1.316e-18,1.357e-19,,3.030e-16,1.963e-8,3.923e-29,1.784e-17,7.882e-16,1.657e-31,1.955e-17,,,,3.440e-18,9.071e-37,6.209e-15,,1.483e-24,9.149e-19,,,1.872e-3,5.152e-3,3.207e-9,1.228e-28,,9.424e-22,,1.440e-16,1.733e+0,,2.266e-19,1.992e-17,1.208e-17,,,,,7.942e-2,,,,,,,,,,,,,,
716.57,1.748e+0,2.157e-19,1.634e-17,9.146e-42,1.619e-17,,,1.316e-18,1.357e-19,,3.033e-16,1.459e-8,3.923e-29,1.784e-17,5.035e-16,1.657e-31,1.958e-17,,,,3.440e-18,9.101e-37,1.008e-14,,1.481e-24,9.158e-19,,,2.038e-3,6.560e-3,2.260e-9,1.228e-28,,9.426e-22,,1.440e-16,1.650e+0,,2.265e-19,1.975e-17,1.208e-17,,,,,8.873e-2,,,,,,,,,,,,,,
716.59,1.700e+0,1.523e-19,1.287e-17,9.139e-42,1.620e-17,,,1.316e-18,1.358e-19,,3.034e-16,1.195e-8,3.923e-29,1.784e-17,3.728e-16,1.657e-31,1.960e-17,,,,3.441e-18,9.121e-37,1.389e-14,,1.479e-24,9.164e-19,,,2.153e-3,7.692e-3,1.786e-9,1.228e-28,,9.428e-22,,1.440e-16,1.595e+0,,2.264e-19,1.963e-17,1.208e-17,,,,,9.536e-2,,,,,,,,,,,,,,
716.61,1.652e+0,1.074e-19,1.013e-17,9.133e-42,1.620e-17,,,1.316e-18,1.358e-19,,3.036e-16,9.773e-9,3.923e-29,1.784e-17,2.756e-16,1.657e-31,1.963e-17,,,,3.441e-18,9.141e-37,1.912e-14,,1.478e-24,9.170e-19,,,2.272e-3,9.007e-3,1.410e-9,1.228e-28,,9.430e-22,,1.440e-16,1.538e+0,,2.264e-19,1.952e-17,1.208e-17,,,,,1.023e-1,,,,,,,,,,,,,,
716.64,1.581e+0,1.066e-19,7.048e-18,9.123e-42,1.620e-17,,,1.316e-18,1.359e-19,,3.038e-16,7.207e-9,3.924e-29,1.784e-17,1.746e-16,1.657e-31,1.966e-17,,,,3.441e-18,9.171e-37,3.079e-14,,1.476e-24,9.179e-19,,,2.456e-3,1.138e-2,9.855e-10,1.228e-28,,9.432e-22,,1.441e-16,1.454e+0,,2.263e-19,1.934e-17,1.207e-17,,,,,1.135e-1,,,,,,,,,,,,,,
716.66,1.535e+0,1.060e-19,5.524e-18,9.116e-42,1.621e-17,,,1.315e-18,1.359e-19,,3.040e-16,5.872e-9,3.924e-29,1.784e-17,1.286e-16,1.657e-31,1.968e-17,,,,3.442e-18,9.191e-37,4.222e-14,,1.474e-24,9.185e-19,,,2.582e-3,1.327e-2,7.748e-10,1.228e-28,,9.434e-22,,1.441e-16,1.398e+0,,2.262e-19,1.923e-17,1.207e-17,,,,,1.213e-1,,,,,,,,,,,,,,
716.69,1.467e+0,1.052e-19,3.823e-18,9.106e-42,1.621e-17,,,1.315e-18,1.359e-19,,3.043e-16,4.306e-9,3.924e-29,1.784e-17,8.106e-17,1.657e-31,1.971e-17,,,,3.442e-18,9.221e-37,6.761e-14,,1.472e-24,9.194e-19,,,2.776e-3,1.668e-2,5.386e-10,1.228e-28,,9.436e-22,,1.441e-16,1.313e+0,,2.261e-19,1.905e-17,1.207e-17,,,,,1.337e-1,,,,,,,,,,,,,,
716.71,1.423e+0,1.046e-19,2.985e-18,9.099e-42,1.622e-17,,,1.315e-18,1.360e-19,,3.044e-16,3.495e-9,3.924e-29,1.784e-17,5.947e-17,1.657e-31,1.973e-17,,,,3.443e-18,9.241e-37,9.238e-14,,1.470e-24,9.200e-19,,,2.908e-3,1.939e-2,4.219e-10,1.228e-28,,9.438e-22,,1.441e-16,1.258e+0,,2.261e-19,1.894e-17,1.207e-17,,,,,1.424e-1,,,,,,,,,,,,,,
716.74,1.359e+0,1.038e-19,2.054e-18,9.089e-42,1.622e-17,,,1.315e-18,1.360e-19,,3.047e-16,2.548e-9,3.924e-29,1.784e-17,3.727e-17,1.657e-31,1.976e-17,,,,3.443e-18,9.271e-37,1.471e-13,,1.468e-24,9.209e-19,,,3.110e-3,2.422e-2,2.916e-10,1.228e-28,,9.440e-22,,1.441e-16,1.175e+0,,2.260e-19,1.876e-17,1.207e-17,,,,,1.562e-1,,,,,,,,,,,,,,
716.76,1.319e+0,1.032e-19,1.598e-18,9.083e-42,1.622e-17,,,1.315e-18,1.360e-19,,3.049e-16,2.061e-9,3.924e-29,1.784e-17,2.724e-17,1.657e-31,1.978e-17,,,,3.444e-18,9.291e-37,2.003e-13,,1.467e-24,9.215e-19,,,3.247e-3,2.805e-2,2.276e-10,1.228e-28,,9.442e-22,,1.442e-16,1.121e+0,,2.259e-19,1.865e-17,1.207e-17,,,,,1.657e-1,,,,,,,,,,,,,,
716.79,1.261e+0,1.024e-19,1.093e-18,9.073e-42,1.623e-17,,,1.315e-18,1.361e-19,,3.051e-16,1.494e-9,3.925e-29,1.784e-17,1.697e-17,1.657e-31,1.982e-17,,,,3.444e-18,9.321e-37,3.172e-13,,1.465e-24,9.224e-19,,,3.454e-3,3.485e-2,1.564e-10,1.228e-28,,9.444e-22,,1.442e-16,1.042e+0,,2.259e-19,1.847e-17,1.207e-17,,,,,1.807e-1,,,,,,,,,,,,,,
716.81,1.226e+0,1.018e-19,8.475e-19,9.066e-42,1.623e-17,,,1.315e-18,1.361e-19,,3.053e-16,1.204e-9,3.925e-29,1.784e-17,1.236e-17,1.657e-31,1.984e-17,,,,3.445e-18,9.341e-37,4.302e-13,,1.463e-24,9.230e-19,,,3.594e-3,4.021e-2,1.216e-10,1.228e-28,,9.446e-22,,1.442e-16,9.907e-1,,2.258e-19,1.836e-17,1.207e-17,,,,,1.910e-1,,,,,,,,,,,,,,
716.84,1.176e+0,1.010e-19,5.766e-19,9.056e-42,1.624e-17,,,1.315e-18,1.362e-19,,3.055e-16,8.678e-10,3.925e-29,1.784e-17,7.659e-18,1.657e-31,1.987e-17,,,,3.445e-18,9.371e-37,6.777e-13,,1.461e-24,9.239e-19,,,3.803e-3,4.968e-2,8.312e-11,1.228e-28,,9.449e-22,,1.442e-16,9.155e-1,,2.257e-19,1.818e-17,1.207e-17,,,,,2.071e-1,,,,,,,,,,,,,,
716.86,1.146e+0,1.005e-19,4.452e-19,9.050e-42,1.624e-17,,,1.315e-18,1.362e-19,,3.057e-16,6.965e-10,3.925e-29,1.784e-17,5.556e-18,1.657e-31,1.989e-17,,,,3.446e-18,9.391e-37,9.158e-13,,1.459e-24,9.245e-19,,,3.942e-3,5.711e-2,6.437e-11,1.228e-28,,9.450e-22,,1.443e-16,8.670e-1,,2.257e-19,1.807e-17,1.207e-17,,,,,2.182e-1,,,,,,,,,,,,,,
716.89,1.106e+0,9.962e-20,3.012e-19,9.040e-42,1.625e-17,,,1.315e-18,1.363e-19,,3.060e-16,4.994e-10,3.925e-29,1.784e-17,3.423e-18,1.657e-31,1.992e-17,,,,3.446e-18,9.421e-37,1.435e-12,,1.457e-24,9.254e-19,,,4.150e-3,7.018e-2,4.375e-11,1.228e-28,,9.453e-22,,1.443e-16,7.967e-1,,2.256e-19,1.789e-17,1.207e-17,,,,,2.352e-1,,,,,,,,,,,,,,
716.91,1.083e+0,9.906e-20,2.317e-19,9.033e-42,1.625e-17,,,1.315e-18,1.363e-19,,3.061e-16,3.993e-10,3.925e-29,1.784e-17,2.474e-18,1.658e-31,1.994e-17,,,,3.446e-18,9.441e-37,1.931e-12,,1.456e-24,9.260e-19,,,4.287e-3,8.036e-2,3.376e-11,1.228e-28,,9.454e-22,,1.443e-16,7.517e-1,,2.255e-19,1.778e-17,1.207e-17,,,,,2.469e-1,,,,,,,,,,,,,,
716.94,1.054e+0,9.823e-20,1.559e-19,9.023e-42,1.625e-17,,,1.315e-18,1.363e-19,,3.064e-16,2.847e-10,3.925e-29,1.784e-17,1.516e-18,1.658e-31,1.997e-17,,,,3.447e-18,9.471e-37,3.009e-12,,1.453e-24,9.269e-19,,,4.489e-3,9.821e-2,2.282e-11,1.228e-28,,9.457e-22,,1.443e-16,6.869e-1,,2.254e-19,1.760e-17,1.207e-17,,,,,2.647e-1,,,,,,,,,,,,,,
716.96,1.039e+0,9.768e-20,1.195e-19,9.016e-42,1.626e-17,,,1.315e-18,1.364e-19,,3.065e-16,2.267e-10,3.926e-29,1.784e-17,1.091e-18,1.658e-31,2.000e-17,,,,3.447e-18,9.491e-37,4.036e-12,,1.452e-24,9.275e-19,,,4.621e-3,1.120e-1,1.754e-11,1.228e-28,,9.458e-22,,1.443e-16,6.457e-1,,2.254e-19,1.749e-17,1.207e-17,,,,,2.767e-1,,,,,,,,,,,,,,
716.98,1.027e+0,9.712e-20,9.142e-20,9.010e-42,1.626e-17,,,1.315e-18,1.364e-19,,3.067e-16,1.803e-10,3.926e-29,1.784e-17,7.846e-19,1.658e-31,2.002e-17,,,,3.448e-18,9.511e-37,5.406e-12,,1.450e-24,9.281e-19,,,4.750e-3,1.276e-1,1.346e-11,1.229e-28,,9.460e-22,,1.444e-16,6.060e-1,,2.253e-19,1.737e-17,1.207e-17,,,,,2.889e-1,,,,,,,,,,,,,,
717.01,1.017e+0,9.629e-20,6.102e-20,9.000e-42,1.627e-17,,,1.315e-18,1.365e-19,,3.070e-16,1.276e-10,3.926e-29,1.784e-17,4.769e-19,1.658e-31,2.005e-17,,,,3.448e-18,9.541e-37,8.357e-12,,1.448e-24,9.290e-19,,,4.937e-3,1.548e-1,9.026e-12,1.229e-28,,9.463e-22,,1.444e-16,5.495e-1,,2.252e-19,1.720e-17,1.207e-17,,,,,3.074e-1,,,,,,,,,,,,,,
717.03,1.014e+0,9.573e-20,4.652e-20,8.993e-42,1.627e-17,,,1.315e-18,1.365e-19,,3.071e-16,1.011e-10,3.926e-29,1.784e-17,3.416e-19,1.658e-31,2.007e-17,,,,3.449e-18,9.561e-37,1.115e-11,,1.447e-24,9.296e-19,,,5.057e-3,1.757e-1,6.902e-12,1.229e-28,,9.464e-22,,1.444e-16,5.138e-1,,2.252e-19,1.708e-17,1.207e-17,,,,,3.197e-1,,,,,,,,,,,,,,
717.06,1.019e+0,9.490e-20,3.088e-20,8.983e-42,1.627e-17,,,1.315e-18,1.365e-19,,3.074e-16,7.110e-11,3.926e-29,1.783e-17,2.064e-19,1.658e-31,2.010e-17,,,,3.449e-18,9.591e-37,1.714e-11,,1.444e-24,9.305e-19,,,5.229e-3,2.118e-1,4.602e-12,1.229e-28,,9.467e-22,,1.444e-16,4.633e-1,,2.251e-19,1.691e-17,1.206e-17,,,,,3.382e-1,,,,,,,,,,,,,,
717.08,1.027e+0,9.434e-20,2.345e-20,8.976e-42,1.628e-17,,,1.315e-18,1.366e-19,,3.076e-16,5.613e-11,3.926e-29,1.783e-17,1.473e-19,1.658e-31,2.012e-17,,,,3.450e-18,9.611e-37,2.280e-11,,1.443e-24,9.311e-19,,,5.337e-3,2.396e-1,3.506e-12,1.229e-28,,9.468e-22,,1.444e-16,4.316e-1,,2.250e-19,1.679e-17,1.206e-17,,,,,3.505e-1,,,,,,,,,,,,,,
717.11,1.048e+0,9.351e-20,1.548e-20,8.967e-42,1.628e-17,,,1.314e-18,1.366e-19,,3.078e-16,3.926e-11,3.927e-29,1.783e-17,8.853e-20,1.658e-31,2.015e-17,,,,3.450e-18,9.641e-37,3.485e-11,,1.441e-24,9.319e-19,,,5.489e-3,2.873e-1,2.324e-12,1.229e-28,,9.471e-22,,1.445e-16,3.870e-1,,2.250e-19,1.662e-17,1.206e-17,,,,,3.687e-1,,,,,,,,,,,,,,
717.13,1.069e+0,9.295e-20,1.171e-20,8.960e-42,1.628e-17,,,1.314e-18,1.366e-19,,3.080e-16,3.087e-11,3.927e-29,1.783e-17,6.293e-20,1.658e-31,2.017e-17,,,,3.450e-18,9.661e-37,4.617e-11,,1.439e-24,9.325e-19,,,5.583e-3,3.237e-1,1.764e-12,1.229e-28,,9.472e-22,,1.445e-16,3.592e-1,,2.249e-19,1.650e-17,1.206e-17,,,,,3.807e-1,,,,,,,,,,,,,,
717.16,1.110e+0,9.212e-20,7.685e-21,8.950e-42,1.629e-17,,,1.314e-18,1.367e-19,,3.082e-16,2.147e-11,3.927e-29,1.783e-17,3.761e-20,1.658e-31,2.021e-17,,,,3.451e-18,9.691e-37,7.020e-11,,1.437e-24,9.334e-19,,,5.713e-3,3.860e-1,1.163e-12,1.229e-28,,9.475e-22,,1.445e-16,3.202e-1,,2.248e-19,1.633e-17,1.206e-17,,,,,3.983e-1,,,,,,,,,,,,,,
717.18,1.145e+0,9.157e-20,5.793e-21,8.943e-42,1.629e-17,,,1.314e-18,1.367e-19,,3.084e-16,1.682e-11,3.927e-29,1.783e-17,2.663e-20,1.658e-31,2.023e-17,,,,3.451e-18,9.711e-37,9.265e-11,,1.435e-24,9.340e-19,,,5.790e-3,4.332e-1,8.793e-13,1.229e-28,,9.477e-22,,1.445e-16,2.961e-1,,2.248e-19,1.621e-17,1.206e-17,,,,,4.097e-1,,,,,,,,,,,,,,
717.21,1.208e+0,9.073e-20,3.780e-21,8.933e-42,1.630e-17,,,1.314e-18,1.368e-19,,3.087e-16,1.164e-11,3.927e-29,1.783e-17,1.583e-20,1.658e-31,2.026e-17,,,,3.452e-18,9.741e-37,1.401e-10,,1.433e-24,9.349e-19,,,5.893e-3,5.138e-1,5.765e-13,1.229e-28,,9.479e-22,,1.446e-16,2.625e-1,,2.247e-19,1.604e-17,1.206e-17,,,,,4.262e-1,,,,,,,,,,,,,,
717.23,1.259e+0,9.018e-20,2.839e-21,8.927e-42,1.630e-17,,,1.314e-18,1.368e-19,,3.088e-16,9.082e-12,3.927e-29,1.783e-17,1.116e-20,1.658e-31,2.028e-17,,,,3.452e-18,9.761e-37,1.842e-10,,1.432e-24,9.355e-19,,,5.952e-3,5.746e-1,4.342e-13,1.229e-28,,9.481e-22,,1.446e-16,2.419e-1,,2.246e-19,1.592e-17,1.206e-17,,,,,4.368e-1,,,,,,,,,,,,,,
717.26,1.349e+0,8.934e-20,1.842e-21,8.917e-42,1.631e-17,,,1.314e-18,1.369e-19,,3.091e-16,6.246e-12,3.927e-29,1.783e-17,1.134e-20,1.658e-31,2.031e-17,,,,3.453e-18,9.791e-37,2.770e-10,,1.429e-24,9.364e-19,,,6.026e-3,6.777e-1,2.831e-13,1.229e-28,,9.483e-22,,1.446e-16,2.132e-1,,2.245e-19,1.575e-17,1.206e-17,,,,,4.519e-1,,,,,,,,,,,,,,
717.28,1.418e+0,8.879e-20,1.378e-21,8.910e-42,1.631e-17,,,1.314e-18,1.369e-19,,3.092e-16,4.857e-12,3.928e-29,1.783e-17,1.145e-20,1.658e-31,2.033e-17,,,,3.453e-18,9.811e-37,3.630e-10,,1.428e-24,9.370e-19,,,6.066e-3,7.550e-1,2.124e-13,1.229e-28,,9.485e-22,,1.446e-16,1.957e-1,,2.245e-19,1.563e-17,1.206e-17,,,,,4.614e-1,,,,,,,,,,,,,,
717.31,1.538e+0,8.796e-20,8.894e-22,8.900e-42,1.631e-17,,,1.314e-18,1.369e-19,,3.095e-16,3.322e-12,3.928e-29,1.783e-17,1.162e-20,1.658e-31,2.036e-17,,,,3.454e-18,9.841e-37,5.428e-10,,1.426e-24,9.379e-19,,,6.109e-3,8.855e-1,1.377e-13,1.229e-28,,9.487e-22,,1.447e-16,1.716e-1,,2.244e-19,1.546e-17,1.206e-17,,,,,4.747e-1,,,,,,,,,,,,,,
717.33,1.629e+0,8.740e-20,6.629e-22,8.894e-42,1.632e-17,,,1.314e-18,1.370e-19,,3.097e-16,2.573e-12,3.928e-29,1.783e-17,1.173e-20,1.658e-31,2.039e-17,,,,3.454e-18,9.861e-37,7.085e-10,,1.424e-24,9.385e-19,,,6.127e-3,9.830e-1,1.029e-13,1.229e-28,,9.489e-22,,1.447e-16,1.569e-1,,2.243e-19,1.534e-17,1.206e-17,,,,,4.829e-1,,,,,,,,,,,,,,
717.35,1.730e+0,8.685e-20,4.933e-22,8.887e-42,1.632e-17,,,1.314e-18,1.370e-19,,3.098e-16,1.991e-12,3.928e-29,1.783e-17,1.185e-20,1.658e-31,2.041e-17,,,,3.455e-18,9.881e-37,9.235e-10,,1.423e-24,9.391e-19,,,6.137e-3,1.090e+0,7.684e-14,1.229e-28,,9.491e-22,,1.447e-16,1.433e-1,,2.243e-19,1.522e-17,1.206e-17,,,,,4.905e-1,,,,,,,,,,,,,,
717.38,1.900e+0,8.601e-20,3.158e-22,8.877e-42,1.633e-17,,,1.314e-18,1.371e-19,,3.101e-16,1.351e-12,3.928e-29,1.783e-17,1.202e-20,1.658e-31,2.044e-17,,,,3.455e-18,9.911e-37,1.371e-9,,1.420e-24,9.400e-19,,,6.136e-3,1.268e+0,4.942e-14,1.229e-28,,9.493e-22,,1.447e-16,1.246e-1,,2.242e-19,1.505e-17,1.206e-17,,,,,5.007e-1,,,,,,,,,,,,,,
717.4,2.027e+0,8.546e-20,2.342e-22,8.870e-42,1.633e-17,,,1.314e-18,1.371e-19,,3.103e-16,1.041e-12,3.928e-29,1.783e-17,1.213e-20,1.659e-31,2.046e-17,,,,3.455e-18,9.931e-37,1.780e-9,,1.419e-24,9.406e-19,,,6.124e-3,1.400e+0,3.675e-14,1.229e-28,,9.495e-22,,1.447e-16,1.134e-1,,2.241e-19,1.493e-17,1.206e-17,,,,,5.067e-1,,,,,,,,,,,,,,
717.43,2.239e+0,8.462e-20,1.491e-22,8.860e-42,1.633e-17,,,1.314e-18,1.371e-19,,3.105e-16,7.023e-13,3.928e-29,1.783e-17,1.230e-20,1.659e-31,2.049e-17,,,,3.456e-18,9.961e-37,2.627e-9,,1.417e-24,9.415e-19,,,6.091e-3,1.621e+0,2.350e-14,1.229e-28,,9.497e-22,,1.448e-16,9.807e-2,,2.240e-19,1.476e-17,1.206e-17,,,,,5.144e-1,,,,,,,,,,,,,,
717.45,2.397e+0,8.407e-20,1.101e-22,8.854e-42,1.634e-17,,,1.314e-18,1.372e-19,,3.107e-16,5.392e-13,3.929e-29,1.783e-17,1.242e-20,1.659e-31,2.051e-17,,,,3.456e-18,9.981e-37,3.399e-9,,1.415e-24,9.421e-19,,,6.058e-3,1.783e+0,1.741e-14,1.229e-28,,9.499e-22,,1.448e-16,8.887e-2,,2.240e-19,1.464e-17,1.206e-17,,,,,5.186e-1,,,,,,,,,,,,,,
717.48,2.658e+0,8.324e-20,6.970e-23,8.844e-42,1.634e-17,,,1.314e-18,1.372e-19,,3.109e-16,3.618e-13,3.929e-29,1.783e-17,1.259e-20,1.659e-31,2.054e-17,,,,3.457e-18,1.001e-36,4.988e-9,,1.413e-24,9.430e-19,,,5.993e-3,2.052e+0,1.107e-14,1.229e-28,,9.501e-22,,1.448e-16,7.645e-2,,2.239e-19,1.447e-17,1.205e-17,,,,,5.235e-1,,,,,,,,,,,,,,
717.5,2.850e+0,8.268e-20,5.129e-23,8.837e-42,1.635e-17,,,1.314e-18,1.373e-19,,3.111e-16,2.767e-13,3.929e-29,1.783e-17,1.270e-20,1.659e-31,2.056e-17,,,,3.457e-18,1.003e-36,6.430e-9,,1.411e-24,9.436e-19,,,5.940e-3,2.250e+0,8.174e-15,1.230e-28,,9.503e-22,,1.448e-16,6.902e-2,,2.239e-19,1.435e-17,1.205e-17,,,,,5.259e-1,,,,,,,,,,,,,,
717.53,3.167e+0,8.185e-20,3.229e-23,8.827e-42,1.635e-17,,,1.313e-18,1.373e-19,,3.114e-16,1.846e-13,3.929e-29,1.783e-17,1.287e-20,1.659e-31,2.060e-17,,,,3.458e-18,1.006e-36,9.385e-9,,1.409e-24,9.445e-19,,,5.846e-3,2.575e+0,5.169e-15,1.230e-28,,9.505e-22,,1.449e-16,5.905e-2,,2.238e-19,1.418e-17,1.205e-17,,,,,5.279e-1,,,,,,,,,,,,,,
717.55,3.399e+0,8.129e-20,2.367e-23,8.820e-42,1.635e-17,,,1.313e-18,1.373e-19,,3.115e-16,1.407e-13,3.929e-29,1.783e-17,1.299e-20,1.659e-31,2.062e-17,,,,3.458e-18,1.008e-36,1.205e-8,,1.408e-24,9.451e-19,,,5.774e-3,2.812e+0,3.801e-15,1.230e-28,,9.507e-22,,1.449e-16,5.311e-2,,2.237e-19,1.406e-17,1.205e-17,,,,,5.283e-1,,,,,,,,,,,,,,
717.58,3.779e+0,8.046e-20,1.482e-23,8.811e-42,1.636e-17,,,1.313e-18,1.374e-19,,3.118e-16,9.332e-14,3.929e-29,1.783e-17,1.316e-20,1.659e-31,2.065e-17,,,,3.459e-18,1.011e-36,1.750e-8,,1.405e-24,9.460e-19,,,5.653e-3,3.200e+0,2.390e-15,1.230e-28,,9.510e-22,,1.449e-16,4.518e-2,,2.236e-19,1.389e-17,1.205e-17,,,,,5.274e-1,,,,,,,,,,,,,,
717.6,4.054e+0,7.990e-20,1.082e-23,8.804e-42,1.636e-17,,,1.313e-18,1.374e-19,,3.119e-16,7.085e-14,3.930e-29,1.783e-17,1.327e-20,1.659e-31,2.067e-17,,,,3.459e-18,1.013e-36,2.239e-8,,1.404e-24,9.466e-19,,,5.564e-3,3.482e+0,1.751e-15,1.230e-28,,9.511e-22,,1.449e-16,4.049e-2,,2.236e-19,1.377e-17,1.205e-17,,,,,5.259e-1,,,,,,,,,,,,,,
717.63,4.503e+0,7.907e-20,6.735e-24,8.794e-42,1.637e-17,,,1.313e-18,1.375e-19,,3.122e-16,4.674e-14,3.930e-29,1.783e-17,1.344e-20,1.659e-31,2.070e-17,,,,3.460e-18,1.016e-36,3.232e-8,,1.402e-24,9.475e-19,,,5.419e-3,3.942e+0,1.095e-15,1.230e-28,,9.514e-22,,1.449e-16,3.425e-2,,2.235e-19,1.360e-17,1.205e-17,,,,,5.221e-1,,,,,,,,,,,,,,
717.65,4.827e+0,7.851e-20,4.900e-24,8.787e-42,1.637e-17,,,1.313e-18,1.375e-19,,3.124e-16,3.535e-14,3.930e-29,1.783e-17,1.356e-20,1.659e-31,2.072e-17,,,,3.460e-18,1.018e-36,4.121e-8,,1.400e-24,9.481e-19,,,5.315e-3,4.273e+0,7.990e-16,1.230e-28,,9.515e-22,,1.450e-16,3.058e-2,,2.234e-19,1.348e-17,1.205e-17,,,,,5.186e-1,,,,,,,,,,,,,,
717.68,5.352e+0,7.768e-20,3.033e-24,8.777e-42,1.637e-17,,,1.313e-18,1.375e-19,,3.126e-16,2.319e-14,3.930e-29,1.783e-17,1.373e-20,1.659e-31,2.075e-17,,,,3.461e-18,1.021e-36,5.916e-8,,1.398e-24,9.490e-19,,,5.150e-3,4.810e+0,4.968e-16,1.230e-28,,9.518e-22,,1.450e-16,2.572e-2,,2.233e-19,1.331e-17,1.205e-17,,,,,5.120e-1,,,,,,,,,,,,,,
717.7,5.729e+0,7.713e-20,2.198e-24,8.771e-42,1.638e-17,,,1.313e-18,1.376e-19,,3.128e-16,1.747e-14,3.930e-29,1.783e-17,1.384e-20,1.659e-31,2.078e-17,,,,3.461e-18,1.023e-36,7.516e-8,,1.396e-24,9.496e-19,,,5.033e-3,5.195e+0,3.612e-16,1.230e-28,,9.519e-22,,1.450e-16,2.288e-2,,2.233e-19,1.319e-17,1.205e-17,,,,,5.067e-1,,,,,,,,,,,,,,
717.72,6.128e+0,7.657e-20,1.591e-24,8.764e-42,1.638e-17,,,1.313e-18,1.376e-19,,3.130e-16,1.315e-14,3.930e-29,1.783e-17,1.396e-20,1.659e-31,2.080e-17,,,,3.461e-18,1.025e-36,9.533e-8,,1.395e-24,9.502e-19,,,4.913e-3,5.602e+0,2.622e-16,1.230e-28,,9.521e-22,,1.450e-16,2.032e-2,,2.232e-19,1.308e-17,1.205e-17,,,,,5.007e-1,,,,,,,,,,,,,,
717.75,6.769e+0,7.574e-20,9.771e-25,8.754e-42,1.639e-17,,,1.313e-18,1.377e-19,,3.132e-16,8.555e-15,3.930e-29,1.783e-17,1.413e-20,1.659e-31,2.083e-17,,,,3.462e-18,1.028e-36,1.358e-7,,1.393e-24,9.511e-19,,,4.725e-3,6.257e+0,1.618e-16,1.230e-28,,9.524e-22,,1.451e-16,1.696e-2,,2.231e-19,1.290e-17,1.205e-17,,,,,4.905e-1,,,,,,,,,,,,,,
717.77,7.226e+0,7.518e-20,7.046e-25,8.747e-42,1.639e-17,,,1.313e-18,1.377e-19,,3.134e-16,6.413e-15,3.931e-29,1.783e-17,1.424e-20,1.659e-31,2.085e-17,,,,3.462e-18,1.030e-36,1.716e-7,,1.391e-24,9.517e-19,,,4.596e-3,6.723e+0,1.170e-16,1.230e-28,,9.525e-22,,1.451e-16,1.501e-2,,2.231e-19,1.278e-17,1.205e-17,,,,,4.829e-1,,,,,,,,,,,,,,
717.8,7.955e+0,7.435e-20,4.302e-25,8.738e-42,1.639e-17,,,1.313e-18,1.377e-19,,3.136e-16,4.150e-15,3.931e-29,1.783e-17,1.441e-20,1.659e-31,2.088e-17,,,,3.463e-18,1.033e-36,2.431e-7,,1.389e-24,9.526e-19,,,4.397e-3,7.467e+0,7.177e-17,1.230e-28,,9.528e-22,,1.451e-16,1.246e-2,,2.230e-19,1.261e-17,1.205e-17,,,,,4.704e-1,,,,,,,,,,,,,,
717.82,8.471e+0,7.379e-20,3.091e-25,8.731e-42,1.640e-17,,,1.313e-18,1.378e-19,,3.138e-16,3.099e-15,3.931e-29,1.783e-17,1.452e-20,1.659e-31,2.090e-17,,,,3.463e-18,1.035e-36,3.061e-7,,1.387e-24,9.532e-19,,,4.262e-3,7.994e+0,5.171e-17,1.230e-28,,9.529e-22,,1.451e-16,1.098e-2,,2.229e-19,1.249e-17,1.205e-17,,,,,4.614e-1,,,,,,,,,,,,,,
717.85,9.290e+0,7.296e-20,1.876e-25,8.721e-42,1.640e-17,,,1.313e-18,1.378e-19,,3.141e-16,1.994e-15,3.931e-29,1.782e-17,1.470e-20,1.659e-31,2.093e-17,,,,3.464e-18,1.038e-36,4.313e-7,,1.385e-24,9.541e-19,,,4.056e-3,8.830e+0,3.154e-17,1.230e-28,,9.532e-22,,1.451e-16,9.064e-3,,2.229e-19,1.232e-17,1.205e-17,,,,,4.470e-1,,,,,,,,,,,,,,
717.87,9.866e+0,7.240e-20,1.343e-25,8.714e-42,1.641e-17,,,1.313e-18,1.379e-19,,3.142e-16,1.484e-15,3.931e-29,1.782e-17,1.481e-20,1.660e-31,2.095e-17,,,,3.464e-18,1.040e-36,5.411e-7,,1.384e-24,9.547e-19,,,3.918e-3,9.417e+0,2.264e-17,1.230e-28,,9.533e-22,,1.452e-16,7.960e-3,,2.228e-19,1.220e-17,1.204e-17,,,,,4.368e-1,,,,,,,,,,,,,,
717.9,1.078e+1,7.157e-20,8.108e-26,8.704e-42,1.641e-17,,,1.313e-18,1.379e-19,,3.145e-16,9.494e-16,3.931e-29,1.782e-17,1.498e-20,1.660e-31,2.099e-17,,,,3.465e-18,1.043e-36,7.582e-7,,1.381e-24,9.556e-19,,,3.709e-3,1.034e+1,1.373e-17,1.230e-28,,9.536e-22,,1.452e-16,6.534e-3,,2.227e-19,1.203e-17,1.204e-17,,,,,4.208e-1,,,,,,,,,,,,,,
717.92,1.141e+1,7.102e-20,5.781e-26,8.698e-42,1.641e-17,,,1.313e-18,1.379e-19,,3.146e-16,7.037e-16,3.931e-29,1.782e-17,1.509e-20,1.660e-31,2.101e-17,,,,3.465e-18,1.045e-36,9.476e-7,,1.380e-24,9.562e-19,,,3.570e-3,1.099e+1,9.822e-18,1.230e-28,,9.538e-22,,1.452e-16,5.717e-3,,2.227e-19,1.191e-17,1.204e-17,,,,,4.097e-1,,,,,,,,,,,,,,
717.95,1.241e+1,7.018e-20,3.471e-26,8.688e-42,1.642e-17,,,1.312e-18,1.380e-19,,3.149e-16,4.477e-16,3.932e-29,1.782e-17,1.526e-20,1.660e-31,2.104e-17,,,,3.466e-18,1.048e-36,1.321e-6,,1.378e-24,9.571e-19,,,3.363e-3,1.201e+1,5.924e-18,1.230e-28,,9.540e-22,,1.452e-16,4.666e-3,,2.226e-19,1.174e-17,1.204e-17,,,,,3.925e-1,,,,,,,,,,,,,,
717.97,1.310e+1,6.963e-20,2.465e-26,8.681e-42,1.642e-17,,,1.312e-18,1.380e-19,,3.151e-16,3.306e-16,3.932e-29,1.782e-17,1.538e-20,1.660e-31,2.106e-17,,,,3.466e-18,1.050e-36,1.644e-6,,1.376e-24,9.577e-19,,,3.226e-3,1.271e+1,4.221e-18,1.230e-28,,9.542e-22,,1.452e-16,4.067e-3,,2.225e-19,1.162e-17,1.204e-17,,,,,3.807e-1,,,,,,,,,,,,,,
718,1.418e+1,6.879e-20,1.472e-26,8.671e-42,1.643e-17,,,1.312e-18,1.381e-19,,3.153e-16,2.092e-16,3.932e-29,1.782e-17,1.555e-20,1.660e-31,2.109e-17,,,,3.467e-18,1.053e-36,2.279e-6,,1.374e-24,9.586e-19,,,3.022e-3,1.381e+1,2.531e-18,1.230e-28,,9.544e-22,,1.453e-16,3.301e-3,,2.224e-19,1.145e-17,1.204e-17,,,,,3.627e-1,,,,,,,,,,,,,,
718.02,1.492e+1,6.824e-20,1.041e-26,8.664e-42,1.643e-17,,,1.312e-18,1.381e-19,,3.155e-16,1.539e-16,3.932e-29,1.782e-17,1.566e-20,1.660e-31,2.111e-17,,,,3.467e-18,1.055e-36,2.827e-6,,1.372e-24,9.592e-19,,,2.889e-3,1.456e+1,1.797e-18,1.231e-28,,9.546e-22,,1.453e-16,2.867e-3,,2.224e-19,1.133e-17,1.204e-17,,,,,3.505e-1,,,,,,,,,,,,,,
718.05,1.607e+1,6.741e-20,6.182e-27,8.655e-42,1.644e-17,,,1.312e-18,1.381e-19,,3.157e-16,9.682e-17,3.932e-29,1.782e-17,1.583e-20,1.660e-31,2.114e-17,,,,3.467e-18,1.058e-36,3.897e-6,,1.370e-24,9.600e-19,,,2.692e-3,1.573e+1,1.071e-18,1.231e-28,,9.548e-22,,1.453e-16,2.314e-3,,2.223e-19,1.116e-17,1.204e-17,,,,,3.321e-1,,,,,,,,,,,,,,
718.07,1.686e+1,6.685e-20,1.210e-24,8.648e-42,1.644e-17,,,1.312e-18,1.382e-19,,3.159e-16,7.096e-17,3.932e-29,1.782e-17,1.595e-20,1.660e-31,2.117e-17,,,,3.468e-18,1.060e-36,4.817e-6,,1.369e-24,9.606e-19,,,2.565e-3,1.653e+1,7.577e-19,1.231e-28,,9.550e-22,,1.453e-16,2.002e-3,,2.222e-19,1.104e-17,1.204e-17,,,,,3.197e-1,,,,,,,,,,,,,,
718.1,1.807e+1,6.602e-20,3.015e-24,8.638e-42,1.644e-17,,,1.312e-18,1.382e-19,,3.162e-16,4.440e-17,3.933e-29,1.782e-17,1.612e-20,1.660e-31,2.120e-17,,,,3.468e-18,1.063e-36,6.602e-6,,1.366e-24,9.615e-19,,,2.378e-3,1.776e+1,4.493e-19,1.231e-28,,9.552e-22,,1.454e-16,1.607e-3,,2.222e-19,1.087e-17,2.014e-17,,,,,3.012e-1,,,,,,,,,,,,,,
718.12,1.889e+1,6.546e-20,4.218e-24,8.631e-42,1.645e-17,,,1.312e-18,1.383e-19,,3.163e-16,3.241e-17,3.933e-29,1.782e-17,1.623e-20,1.660e-31,2.122e-17,,,,3.469e-18,1.065e-36,8.131e-6,,1.365e-24,9.621e-19,,,2.257e-3,1.860e+1,4.498e-19,1.231e-28,,9.554e-22,,1.454e-16,1.385e-3,,2.221e-19,1.075e-17,2.834e-17,,,,,2.889e-1,,,,,,,,,,,,,,
718.14,1.972e+1,6.491e-20,5.422e-24,8.625e-42,1.645e-17,,,1.312e-18,1.383e-19,,3.165e-16,2.363e-17,3.933e-29,1.782e-17,1.635e-20,1.660e-31,2.124e-17,,,,3.469e-18,1.067e-36,9.999e-6,,1.363e-24,9.627e-19,,,2.139e-3,1.944e+1,4.502e-19,1.231e-28,,9.556e-22,,1.454e-16,1.192e-3,,2.220e-19,1.064e-17,3.981e-17,,,,,2.767e-1,,,,,,,,,,,,,,
718.17,2.099e+1,6.407e-20,7.227e-24,8.615e-42,1.645e-17,,,1.312e-18,1.383e-19,,3.168e-16,1.467e-17,3.933e-29,1.782e-17,1.652e-20,1.660e-31,2.127e-17,,,,3.470e-18,1.070e-36,1.360e-5,,1.361e-24,9.636e-19,,,1.969e-3,2.072e+1,4.509e-19,1.231e-28,,9.558e-22,,1.454e-16,9.496e-4,,2.220e-19,1.046e-17,6.609e-17,,,,,2.587e-1,,,,,,,,,,,,,,
718.19,2.184e+1,6.352e-20,8.431e-24,8.608e-42,1.646e-17,,,1.312e-18,1.384e-19,,3.169e-16,1.065e-17,3.933e-29,1.782e-17,1.663e-20,1.660e-31,2.129e-17,,,,3.470e-18,1.072e-36,1.666e-5,,1.360e-24,9.642e-19,,,1.860e-3,2.159e+1,4.514e-19,1.231e-28,,9.560e-22,,1.454e-16,8.143e-4,,2.219e-19,1.035e-17,9.250e-17,,,,,2.469e-1,,,,,,,,,,,,,,
718.22,2.311e+1,6.268e-20,1.024e-23,8.598e-42,1.646e-17,,,1.312e-18,1.384e-19,,3.172e-16,6.576e-18,3.933e-29,1.782e-17,1.680e-20,1.660e-31,2.132e-17,,,,3.471e-18,1.075e-36,2.254e-5,,1.358e-24,9.651e-19,,,1.703e-3,2.288e+1,4.520e-19,1.231e-28,,9.562e-22,,1.455e-16,6.448e-4,,2.218e-19,1.017e-17,1.527e-16,,,,,2.295e-1,,,,,,,,,,,,,,
718.24,2.397e+1,6.213e-20,1.144e-23,8.591e-42,1.647e-17,,,1.312e-18,1.385e-19,,3.174e-16,4.758e-18,3.933e-29,1.782e-17,1.692e-20,1.660e-31,2.135e-17,,,,3.471e-18,1.077e-36,2.751e-5,,1.356e-24,9.657e-19,,,1.603e-3,2.375e+1,4.525e-19,1.231e-28,,9.564e-22,,1.455e-16,5.509e-4,,2.218e-19,1.006e-17,2.130e-16,,,,,2.182e-1,,,,,,,,,,,,,,
718.27,2.524e+1,6.130e-20,1.324e-23,8.581e-42,1.647e-17,,,1.312e-18,1.385e-19,,3.176e-16,2.921e-18,3.934e-29,1.782e-17,1.709e-20,1.660e-31,2.138e-17,,,,3.471e-18,1.080e-36,3.701e-5,,1.354e-24,9.666e-19,,,1.460e-3,2.503e+1,4.532e-19,1.231e-28,,9.566e-22,,1.455e-16,4.338e-4,,2.217e-19,9.883e-18,3.497e-16,,,,,2.017e-1,,,,,,,,,,,,,,
718.29,2.607e+1,6.074e-20,1.445e-23,8.575e-42,1.647e-17,,,1.312e-18,1.385e-19,,3.178e-16,2.105e-18,3.934e-29,1.782e-17,1.720e-20,1.660e-31,2.140e-17,,,,3.472e-18,1.082e-36,4.501e-5,,1.352e-24,9.672e-19,,,1.370e-3,2.588e+1,4.536e-19,1.231e-28,,9.568e-22,,1.455e-16,3.693e-4,,2.216e-19,9.766e-18,4.859e-16,,,,,1.910e-1,,,,,,,,,,,,,,
718.32,2.731e+1,5.991e-20,1.625e-23,8.565e-42,1.648e-17,,,1.312e-18,1.386e-19,,3.180e-16,1.285e-18,3.934e-29,1.782e-17,1.737e-20,1.660e-31,2.143e-17,,,,3.472e-18,1.085e-36,6.021e-5,,1.350e-24,9.681e-19,,,1.241e-3,2.713e+1,4.543e-19,1.231e-28,,9.570e-22,,1.456e-16,2.892e-4,,2.215e-19,9.592e-18,7.936e-16,,,,,1.756e-1,,,,,,,,,,,,,,
718.34,2.812e+1,5.935e-20,1.746e-23,8.558e-42,1.648e-17,,,1.312e-18,1.386e-19,,3.182e-16,9.229e-19,3.934e-29,1.782e-17,1.749e-20,1.660e-31,2.145e-17,,,,3.473e-18,1.087e-36,7.297e-5,,1.349e-24,9.687e-19,,,1.160e-3,2.795e+1,4.548e-19,1.231e-28,,9.572e-22,,1.456e-16,2.452e-4,,2.215e-19,9.476e-18,1.099e-15,,,,,1.657e-1,,,,,,,,,,,,,,
718.37,2.929e+1,5.852e-20,1.926e-23,8.548e-42,1.649e-17,,,1.312e-18,1.387e-19,,3.184e-16,5.601e-19,3.934e-29,1.782e-17,1.766e-20,1.661e-31,2.148e-17,,,,3.473e-18,1.090e-36,9.707e-5,,1.346e-24,9.696e-19,,,1.046e-3,2.914e+1,4.555e-19,1.231e-28,,9.575e-22,,1.456e-16,1.909e-4,,2.214e-19,9.302e-18,1.784e-15,,,,,1.515e-1,,,,,,,,,,,,,,
718.39,3.005e+1,5.796e-20,2.047e-23,8.542e-42,1.649e-17,,,1.311e-18,1.387e-19,,3.186e-16,4.008e-19,3.934e-29,1.782e-17,1.777e-20,1.661e-31,2.150e-17,,,,3.474e-18,1.092e-36,1.172e-4,,1.345e-24,9.702e-19,,,9.739e-4,2.990e+1,4.559e-19,1.231e-28,,9.576e-22,,1.456e-16,1.613e-4,,2.213e-19,9.186e-18,2.461e-15,,,,,1.424e-1,,,,,,,,,,,,,,
718.42,3.113e+1,5.713e-20,2.227e-23,8.532e-42,1.650e-17,,,1.311e-18,1.387e-19,,3.189e-16,2.419e-19,3.935e-29,1.782e-17,1.794e-20,1.661e-31,2.153e-17,,,,3.474e-18,1.095e-36,1.551e-4,,1.343e-24,9.711e-19,,,8.733e-4,3.100e+1,4.566e-19,1.231e-28,,9.579e-22,,1.457e-16,1.249e-4,,2.213e-19,9.012e-18,3.975e-15,,,,,1.295e-1,,,,,,,,,,,,,,
718.44,3.182e+1,5.658e-20,3.141e-23,8.525e-42,1.650e-17,,,1.311e-18,1.388e-19,,3.190e-16,1.724e-19,3.935e-29,1.782e-17,1.806e-20,1.661e-31,2.156e-17,,,,3.475e-18,1.097e-36,1.865e-4,,1.341e-24,9.717e-19,,,8.106e-4,3.170e+1,4.571e-19,1.231e-28,,9.580e-22,,1.457e-16,1.051e-4,,2.212e-19,8.896e-18,5.463e-15,,,,,1.213e-1,,,,,,,,,,,,,,
718.47,3.279e+1,5.574e-20,5.247e-23,8.515e-42,1.650e-17,,,1.311e-18,1.388e-19,,3.193e-16,1.035e-19,3.935e-29,1.782e-17,1.823e-20,1.661e-31,2.159e-17,,,,3.475e-18,1.100e-36,2.454e-4,,1.339e-24,9.726e-19,,,7.230e-4,3.268e+1,4.578e-19,1.231e-28,,9.583e-22,,1.457e-16,8.097e-5,,2.211e-19,8.722e-18,8.775e-15,,,,,1.097e-1,,,,,,,,,,,,,,
718.49,3.340e+1,5.519e-20,7.373e-23,8.508e-42,1.651e-17,,,1.311e-18,1.389e-19,,3.195e-16,7.347e-20,3.935e-29,1.782e-17,1.834e-20,1.661e-31,2.161e-17,,,,3.476e-18,1.102e-36,2.941e-4,,1.337e-24,9.732e-19,,,6.688e-4,3.329e+1,4.582e-19,1.231e-28,,9.585e-22,,1.457e-16,6.790e-5,,2.211e-19,8.606e-18,1.201e-14,,,,,1.023e-1,,,,,,,,,,,,,,
718.51,3.396e+1,5.463e-20,1.035e-22,8.502e-42,1.651e-17,,,1.311e-18,1.389e-19,,3.196e-16,5.209e-20,3.935e-29,1.782e-17,1.845e-20,1.661e-31,2.163e-17,,,,3.476e-18,1.104e-36,3.520e-4,,1.336e-24,9.738e-19,,,6.177e-4,3.386e+1,4.587e-19,1.231e-28,,9.586e-22,,1.457e-16,5.685e-5,,2.210e-19,8.489e-18,1.643e-14,,,,,9.536e-2,,,,,,,,,,,,,,
718.54,3.473e+1,5.380e-20,1.715e-22,8.492e-42,1.652e-17,,,1.311e-18,1.389e-19,,3.199e-16,3.102e-20,3.935e-29,1.782e-17,1.862e-20,1.661e-31,2.166e-17,,,,3.476e-18,1.107e-36,4.596e-4,,1.334e-24,9.747e-19,,,5.469e-4,3.464e+1,4.594e-19,1.232e-28,,9.589e-22,,1.458e-16,4.344e-5,,2.209e-19,8.315e-18,2.619e-14,,,,,8.554e-2,,,,,,,,,,,,,,
718.56,3.519e+1,5.324e-20,2.398e-22,8.485e-42,1.652e-17,,,1.311e-18,1.390e-19,,3.201e-16,2.191e-20,3.935e-29,1.782e-17,1.874e-20,1.661e-31,2.168e-17,,,,3.477e-18,1.109e-36,5.480e-4,,1.332e-24,9.753e-19,,,5.034e-4,3.511e+1,4.598e-19,1.232e-28,,9.590e-22,,1.458e-16,3.623e-5,,2.209e-19,8.199e-18,3.567e-14,,,,,7.942e-2,,,,,,,,,,,,,,
718.59,3.579e+1,5.241e-20,3.953e-22,8.475e-42,1.652e-17,,,1.311e-18,1.390e-19,,3.203e-16,2.210e-20,3.936e-29,1.782e-17,1.891e-20,1.661e-31,2.171e-17,,,,3.477e-18,1.112e-36,7.116e-4,,1.330e-24,9.762e-19,,,4.434e-4,3.572e+1,4.605e-19,1.232e-28,,9.593e-22,,1.458e-16,2.753e-5,,2.208e-19,8.025e-18,5.655e-14,,,,,7.084e-2,,,,,,,,,,,,,,
718.61,3.613e+1,5.185e-20,5.506e-22,8.469e-42,1.653e-17,,,1.311e-18,1.391e-19,,3.205e-16,2.222e-20,3.936e-29,1.782e-17,1.902e-20,1.661e-31,2.174e-17,,,,3.478e-18,1.114e-36,8.453e-4,,1.328e-24,9.768e-19,,,4.067e-4,3.607e+1,4.610e-19,1.232e-28,,9.594e-22,,1.458e-16,2.288e-5,,2.207e-19,7.909e-18,7.675e-14,,,,,6.553e-2,,,,,,,,,,,,,,
718.64,3.655e+1,5.102e-20,9.027e-22,8.459e-42,1.653e-17,,,1.311e-18,1.391e-19,,3.207e-16,2.241e-20,3.936e-29,1.781e-17,1.919e-20,1.661e-31,2.177e-17,,,,3.478e-18,1.117e-36,1.092e-3,,1.326e-24,9.777e-19,,,3.563e-4,3.649e+1,4.616e-19,1.232e-28,,9.597e-22,,1.459e-16,1.729e-5,,2.206e-19,7.735e-18,1.210e-13,,,,,5.813e-2,,,,,,,,,,,,,,
718.66,3.676e+1,5.047e-20,1.253e-21,8.452e-42,1.653e-17,,,1.311e-18,1.391e-19,,3.209e-16,2.253e-20,3.936e-29,1.781e-17,1.931e-20,1.661e-31,2.179e-17,,,,3.479e-18,1.119e-36,1.292e-3,,1.325e-24,9.783e-19,,,3.257e-4,3.671e+1,4.621e-19,1.232e-28,,9.599e-22,,1.459e-16,1.431e-5,,2.206e-19,7.619e-18,1.636e-13,,,,,5.356e-2,,,,,,,,,,,,,,
718.69,3.698e+1,4.963e-20,2.043e-21,8.442e-42,1.654e-17,,,1.311e-18,1.392e-19,,3.212e-16,2.272e-20,3.936e-29,1.781e-17,1.948e-20,1.661e-31,2.182e-17,,,,3.479e-18,1.122e-36,1.659e-3,,1.322e-24,9.792e-19,,,2.839e-4,3.693e+1,4.628e-19,1.232e-28,,9.601e-22,,1.459e-16,1.075e-5,,2.205e-19,7.445e-18,2.566e-13,,,,,4.725e-2,,,,,,,,,,,,,,
718.71,3.706e+1,4.908e-20,2.825e-21,8.435e-42,1.654e-17,,,1.311e-18,1.392e-19,,3.213e-16,2.284e-20,3.936e-29,1.781e-17,1.959e-20,1.661e-31,2.184e-17,,,,3.480e-18,1.124e-36,1.957e-3,,1.321e-24,9.798e-19,,,2.586e-4,3.701e+1,4.632e-19,1.232e-28,,9.603e-22,,1.459e-16,8.872e-6,,2.204e-19,7.328e-18,3.457e-13,,,,,4.338e-2,,,,,,,,,,,,,,
718.74,3.707e+1,4.824e-20,4.581e-21,8.425e-42,1.655e-17,,,1.311e-18,1.393e-19,,3.216e-16,2.302e-20,3.936e-29,1.781e-17,1.976e-20,1.661e-31,2.187e-17,,,,3.480e-18,1.127e-36,2.499e-3,,1.319e-24,9.807e-19,,,2.242e-4,3.703e+1,4.639e-19,1.232e-28,,9.605e-22,,1.459e-16,6.629e-6,,2.203e-19,7.154e-18,5.391e-13,,,,,3.806e-2,,,,,,,,,,,,,,
718.76,3.702e+1,4.769e-20,6.311e-21,8.419e-42,1.655e-17,,,1.311e-18,1.393e-19,,3.217e-16,2.315e-20,3.937e-29,1.781e-17,1.988e-20,1.661e-31,2.189e-17,,,,3.480e-18,1.129e-36,2.936e-3,,1.317e-24,9.813e-19,,,2.035e-4,3.698e+1,4.644e-19,1.232e-28,,9.607e-22,,1.460e-16,5.449e-6,,2.203e-19,7.038e-18,7.237e-13,,,,,3.481e-2,,,,,,,,,,,,,,
718.79,3.683e+1,4.686e-20,1.018e-20,8.409e-42,1.656e-17,,,1.311e-18,1.393e-19,,3.220e-16,2.333e-20,3.937e-29,1.781e-17,2.005e-20,1.661e-31,2.193e-17,,,,3.481e-18,1.132e-36,3.729e-3,,1.315e-24,9.822e-19,,,1.755e-4,3.679e+1,4.651e-19,1.232e-28,,9.609e-22,,1.460e-16,4.050e-6,,2.202e-19,6.864e-18,1.122e-12,,,,,3.037e-2,,,,,,,,,,,,,,
718.81,3.664e+1,4.630e-20,1.397e-20,8.402e-42,1.656e-17,,,1.310e-18,1.394e-19,,3.222e-16,2.346e-20,3.937e-29,1.781e-17,2.016e-20,1.661e-31,2.195e-17,,,,3.481e-18,1.134e-36,4.365e-3,,1.313e-24,9.828e-19,,,1.587e-4,3.660e+1,4.655e-19,1.232e-28,,9.611e-22,,1.460e-16,3.317e-6,,2.201e-19,6.748e-18,1.501e-12,,,,,2.767e-2,,,,,,,,,,,,,,
718.84,3.625e+1,4.547e-20,2.241e-20,8.392e-42,1.656e-17,,,1.310e-18,1.394e-19,,3.224e-16,2.364e-20,3.937e-29,1.781e-17,2.033e-20,1.662e-31,2.198e-17,,,,3.482e-18,1.137e-36,5.514e-3,,1.311e-24,9.837e-19,,,1.362e-4,3.622e+1,4.662e-19,1.232e-28,,9.613e-22,,1.460e-16,2.453e-6,,2.201e-19,6.574e-18,2.316e-12,,,,,2.401e-2,,,,,,,,,,,,,,
718.86,3.593e+1,4.491e-20,3.065e-20,8.386e-42,1.657e-17,,,1.310e-18,1.395e-19,,3.226e-16,2.377e-20,3.937e-29,1.781e-17,2.045e-20,1.662e-31,2.200e-17,,,,3.482e-18,1.139e-36,6.431e-3,,1.310e-24,9.843e-19,,,1.227e-4,3.590e+1,4.667e-19,1.232e-28,,9.615e-22,,1.460e-16,2.004e-6,,2.200e-19,6.458e-18,3.086e-12,,,,,2.180e-2,,,,,,,,,,,,,,
718.88,3.556e+1,4.436e-20,4.186e-20,8.379e-42,1.657e-17,,,1.310e-18,1.395e-19,,3.228e-16,2.389e-20,3.937e-29,1.781e-17,2.056e-20,1.662e-31,2.202e-17,,,,3.483e-18,1.141e-36,7.489e-3,,1.308e-24,9.849e-19,,,1.105e-4,3.553e+1,4.671e-19,1.232e-28,,9.617e-22,,1.461e-16,1.635e-6,,2.200e-19,6.342e-18,4.106e-12,,,,,1.976e-2,,,,,,,,,,,,,,
718.91,3.491e+1,4.352e-20,6.663e-20,8.369e-42,1.658e-17,,,1.310e-18,1.395e-19,,3.230e-16,2.408e-20,3.938e-29,1.781e-17,2.073e-20,1.662e-31,2.205e-17,,,,3.483e-18,1.144e-36,9.387e-3,,1.306e-24,9.858e-19,,,9.406e-5,3.488e+1,4.678e-19,1.232e-28,,9.619e-22,,1.461e-16,1.204e-6,,2.199e-19,6.168e-18,6.284e-12,,,,,1.701e-2,,,,,,,,,,,,,,
718.93,3.442e+1,4.297e-20,9.071e-20,8.362e-42,1.658e-17,,,1.310e-18,1.396e-19,,3.232e-16,2.420e-20,3.938e-29,1.781e-17,2.085e-20,1.662e-31,2.207e-17,,,,3.484e-18,1.146e-36,1.089e-2,,1.304e-24,9.864e-19,,,8.436e-5,3.440e+1,4.683e-19,1.232e-28,,9.621e-22,,1.461e-16,9.825e-7,,2.198e-19,6.051e-18,8.331e-12,,,,,1.536e-2,,,,,,,,,,,,,,
718.96,3.361e+1,4.213e-20,1.436e-19,8.352e-42,1.658e-17,,,1.310e-18,1.396e-19,,3.234e-16,2.439e-20,3.938e-29,1.781e-17,2.102e-20,1.662e-31,2.210e-17,,,,3.484e-18,1.149e-36,1.358e-2,,1.302e-24,9.873e-19,,,7.146e-5,3.358e+1,4.690e-19,1.232e-28,,9.623e-22,,1.461e-16,7.262e-7,,2.197e-19,5.877e-18,1.268e-11,,,,,1.315e-2,,,,,,,,,,,,,,
718.98,3.302e+1,4.158e-20,1.947e-19,8.346e-42,1.659e-17,,,1.310e-18,1.397e-19,,3.236e-16,2.451e-20,3.938e-29,1.781e-17,2.113e-20,1.662e-31,2.213e-17,,,,3.485e-18,1.151e-36,1.570e-2,,1.301e-24,9.879e-19,,,6.387e-5,3.299e+1,4.694e-19,1.232e-28,,9.625e-22,,1.462e-16,5.963e-7,,2.197e-19,5.761e-18,1.675e-11,,,,,1.183e-2,,,,,,,,,,,,,,
719.01,3.206e+1,4.075e-20,3.065e-19,8.336e-42,1.659e-17,,,1.310e-18,1.397e-19,,3.239e-16,2.470e-20,3.938e-29,1.781e-17,2.130e-20,1.662e-31,2.216e-17,,,,3.485e-18,1.154e-36,1.946e-2,,1.298e-24,9.887e-19,,,5.382e-5,3.203e+1,4.701e-19,1.232e-28,,9.627e-22,,1.462e-16,4.496e-7,,2.196e-19,5.587e-18,2.536e-11,,,,,1.007e-2,,,,,,,,,,,,,,
719.03,3.139e+1,4.019e-20,4.140e-19,8.329e-42,1.660e-17,,,1.310e-18,1.397e-19,,3.240e-16,2.482e-20,3.938e-29,1.781e-17,2.141e-20,1.662e-31,2.218e-17,,,,3.485e-18,1.156e-36,2.241e-2,,1.297e-24,9.893e-19,,,4.793e-5,3.135e+1,4.706e-19,1.232e-28,,9.629e-22,,1.462e-16,3.780e-7,,2.195e-19,5.471e-18,3.338e-11,,,,,9.031e-3,,,,,,,,,,,,,,
719.06,3.031e+1,3.936e-20,6.482e-19,8.319e-42,1.660e-17,,,1.310e-18,1.398e-19,,3.243e-16,2.500e-20,3.938e-29,1.781e-17,2.159e-20,1.662e-31,2.221e-17,,,,3.486e-18,1.159e-36,2.763e-2,,1.295e-24,9.902e-19,,,4.017e-5,3.028e+1,4.712e-19,1.233e-28,,9.631e-22,,1.462e-16,3.023e-7,,2.194e-19,5.297e-18,5.026e-11,,,,,7.645e-3,,,,,,,,,,,,,,
719.08,2.956e+1,3.880e-20,8.725e-19,8.313e-42,1.660e-17,,,1.310e-18,1.398e-19,,3.244e-16,2.513e-20,3.939e-29,1.781e-17,2.170e-20,1.662e-31,2.223e-17,,,,3.486e-18,1.161e-36,3.171e-2,,1.293e-24,9.908e-19,,,3.565e-5,2.952e+1,4.717e-19,1.233e-28,,9.633e-22,,1.462e-16,2.698e-7,,2.194e-19,5.181e-18,6.590e-11,,,,,6.828e-3,,,,,,,,,,,,,,
719.11,2.839e+1,3.797e-20,1.359e-18,8.303e-42,1.661e-17,,,1.310e-18,1.399e-19,,3.247e-16,2.531e-20,3.939e-29,1.781e-17,2.187e-20,1.662e-31,2.226e-17,,,,3.487e-18,1.164e-36,3.888e-2,,1.291e-24,9.917e-19,,,2.973e-5,2.835e+1,4.724e-19,1.233e-28,,9.636e-22,,1.463e-16,2.442e-7,,2.193e-19,5.007e-18,9.867e-11,,,,,5.748e-3,,,,,,,,,,,,,,
719.13,2.759e+1,3.741e-20,1.822e-18,8.296e-42,1.661e-17,,,1.310e-18,1.399e-19,,3.249e-16,2.544e-20,3.939e-29,1.781e-17,2.198e-20,1.662e-31,2.228e-17,,,,3.487e-18,1.166e-36,4.445e-2,,1.289e-24,9.923e-19,,,2.629e-5,2.754e+1,4.728e-19,1.233e-28,,9.637e-22,,1.463e-16,2.414e-7,,2.192e-19,4.890e-18,1.289e-10,,,,,5.115e-3,,,,,,,,,,,,,,
719.16,2.636e+1,3.658e-20,2.821e-18,8.286e-42,1.662e-17,,,1.310e-18,1.399e-19,,3.251e-16,2.562e-20,3.939e-29,1.781e-17,2.216e-20,1.662e-31,2.232e-17,,,,3.488e-18,1.169e-36,5.420e-2,,1.287e-24,9.932e-19,,,2.180e-5,2.630e+1,4.735e-19,1.233e-28,,9.640e-22,,1.463e-16,2.579e-7,,2.192e-19,8.179e-18,1.920e-10,,,,,4.282e-3,,,,,,,,,,,,,,
719.18,2.552e+1,3.602e-20,3.770e-18,8.279e-42,1.662e-17,,,1.310e-18,1.400e-19,,3.253e-16,2.575e-20,3.939e-29,1.781e-17,2.227e-20,1.662e-31,2.234e-17,,,,3.488e-18,1.171e-36,6.175e-2,,1.286e-24,9.938e-19,,,1.921e-5,2.546e+1,4.740e-19,1.233e-28,,9.641e-22,,1.463e-16,2.831e-7,,2.191e-19,1.150e-17,2.499e-10,,,,,3.796e-3,,,,,,,,,,,,,,
719.21,2.425e+1,3.519e-20,5.806e-18,8.269e-42,1.662e-17,,,1.310e-18,1.400e-19,,3.255e-16,2.593e-20,3.939e-29,1.781e-17,2.244e-20,1.662e-31,2.237e-17,,,,3.489e-18,1.174e-36,7.487e-2,,1.283e-24,9.947e-19,,,1.585e-5,2.418e+1,4.747e-19,1.233e-28,,9.644e-22,,1.464e-16,3.443e-7,,2.190e-19,1.913e-17,3.701e-10,,,,,3.160e-3,,,,,,,,,,,,,,
719.23,2.340e+1,3.464e-20,7.729e-18,8.263e-42,1.663e-17,,,1.310e-18,1.401e-19,,3.257e-16,2.606e-20,3.939e-29,1.781e-17,2.255e-20,1.662e-31,2.239e-17,,,,3.489e-18,1.176e-36,8.498e-2,,1.282e-24,9.953e-19,,,1.392e-5,2.331e+1,4.751e-19,1.233e-28,,9.645e-22,,1.464e-16,4.028e-7,,2.190e-19,2.681e-17,4.800e-10,,,,,2.792e-3,,,,,,,,,,,,,,
719.25,2.255e+1,3.408e-20,1.027e-17,8.256e-42,1.663e-17,,,1.309e-18,1.401e-19,,3.259e-16,2.618e-20,3.940e-29,1.781e-17,2.267e-20,1.662e-31,2.241e-17,,,,3.489e-18,1.178e-36,9.632e-2,,1.280e-24,9.959e-19,,,1.221e-5,2.245e+1,4.756e-19,1.233e-28,,9.647e-22,,1.464e-16,4.777e-7,,2.189e-19,3.751e-17,6.216e-10,,,,,2.462e-3,,,,,,,,,,,,,,
719.28,2.127e+1,3.325e-20,1.570e-17,8.246e-42,1.664e-17,,,1.309e-18,1.401e-19,,3.261e-16,2.637e-20,3.940e-29,1.781e-17,2.284e-20,1.662e-31,2.244e-17,,,,3.490e-18,1.181e-36,1.159e-1,,1.278e-24,9.968e-19,,,9.999e-6,2.116e+1,4.763e-19,1.233e-28,,9.650e-22,,1.464e-16,6.267e-7,,2.188e-19,6.191e-17,9.136e-10,,,,,2.034e-3,,,,,,,,,,,,,,
719.3,2.043e+1,3.269e-20,2.080e-17,8.240e-42,1.664e-17,,,1.309e-18,1.402e-19,,3.263e-16,2.649e-20,3.940e-29,1.781e-17,2.295e-20,1.662e-31,2.246e-17,,,,3.490e-18,1.183e-36,1.309e-1,,1.277e-24,9.974e-19,,,8.739e-6,2.030e+1,4.767e-19,1.233e-28,,9.651e-22,,1.464e-16,7.556e-7,,2.188e-19,8.631e-17,1.179e-9,,,,,1.787e-3,,,,,,,,,,,,,,
719.33,1.918e+1,3.186e-20,3.161e-17,8.230e-42,1.664e-17,,,1.309e-18,1.402e-19,,3.266e-16,2.667e-20,3.940e-29,1.781e-17,2.312e-20,1.663e-31,2.249e-17,,,,3.491e-18,1.186e-36,1.566e-1,,1.274e-24,9.983e-19,,,7.123e-6,1.902e+1,4.774e-19,1.233e-28,,9.654e-22,,1.465e-16,1.004e-6,,2.187e-19,1.417e-16,1.723e-9,,,,,1.468e-3,,,,,,,,,,,,,,
719.35,1.836e+1,3.130e-20,4.172e-17,8.223e-42,1.665e-17,,,1.309e-18,1.403e-19,,3.267e-16,2.680e-20,3.940e-29,1.781e-17,2.324e-20,1.663e-31,2.252e-17,,,,3.491e-18,1.188e-36,1.762e-1,,1.273e-24,9.989e-19,,,6.205e-6,1.818e+1,4.779e-19,1.233e-28,,9.655e-22,,1.465e-16,1.215e-6,,2.186e-19,1.968e-16,2.215e-9,,,,,1.285e-3,,,,,,,,,,,,,,
719.38,1.715e+1,3.047e-20,6.306e-17,8.213e-42,1.665e-17,,,1.309e-18,1.403e-19,,3.270e-16,2.698e-20,3.940e-29,1.781e-17,2.341e-20,1.663e-31,2.255e-17,,,,3.492e-18,1.191e-36,2.097e-1,,1.271e-24,9.998e-19,,,5.035e-6,1.694e+1,4.786e-19,1.233e-28,,9.658e-22,,1.465e-16,1.617e-6,,2.185e-19,3.213e-16,3.220e-9,,,,,1.050e-3,,,,,,,,,,,,,,
719.4,1.637e+1,2.992e-20,8.292e-17,8.206e-42,1.666e-17,,,1.309e-18,1.403e-19,,3.271e-16,2.711e-20,3.941e-29,1.781e-17,2.352e-20,1.663e-31,2.257e-17,,,,3.492e-18,1.193e-36,2.351e-1,,1.269e-24,1.000e-18,,,4.375e-6,1.613e+1,4.790e-19,1.233e-28,,9.659e-22,,1.465e-16,1.955e-6,,2.185e-19,4.447e-16,4.124e-9,,,,,9.156e-4,,,,,,,,,,,,,,
719.43,1.523e+1,2.908e-20,1.247e-16,8.196e-42,1.666e-17,,,1.309e-18,1.404e-19,,3.274e-16,2.729e-20,3.941e-29,1.780e-17,2.369e-20,1.663e-31,2.260e-17,,,,3.493e-18,1.196e-36,2.782e-1,,1.267e-24,1.001e-18,,,3.538e-6,1.495e+1,4.797e-19,1.233e-28,,9.662e-22,,1.466e-16,2.593e-6,,2.184e-19,7.220e-16,5.962e-9,,,,,7.438e-4,,,,,,,,,,,,,,
719.45,1.450e+1,4.095e-20,1.633e-16,8.190e-42,1.666e-17,,,1.309e-18,1.404e-19,,3.276e-16,2.742e-20,3.941e-29,1.780e-17,2.381e-20,1.663e-31,2.262e-17,,,,3.493e-18,1.198e-36,3.107e-1,,1.265e-24,1.002e-18,,,3.069e-6,1.418e+1,4.801e-19,1.233e-28,,9.664e-22,,1.466e-16,3.125e-6,,2.183e-19,9.956e-16,7.609e-9,,,,,6.463e-4,,,,,,,,,,,,,,
719.48,1.344e+1,6.823e-20,2.442e-16,8.180e-42,1.667e-17,,,1.309e-18,1.405e-19,,3.278e-16,2.760e-20,3.941e-29,1.780e-17,2.398e-20,1.663e-31,2.265e-17,,,,3.494e-18,1.201e-36,3.658e-1,,1.263e-24,1.003e-18,,,2.479e-6,1.307e+1,4.808e-19,1.233e-28,,9.666e-22,,1.466e-16,4.125e-6,,2.183e-19,1.608e-15,1.094e-8,,,,,5.221e-4,,,,,,,,,,,,,,
719.5,1.276e+1,9.572e-20,3.187e-16,8.173e-42,1.667e-17,,,1.309e-18,1.405e-19,,3.280e-16,2.773e-20,3.941e-29,1.780e-17,2.409e-20,1.663e-31,2.267e-17,,,,3.494e-18,1.203e-36,4.070e-1,,1.262e-24,1.003e-18,,,2.152e-6,1.236e+1,4.813e-19,1.233e-28,,9.668e-22,,1.466e-16,4.955e-6,,2.182e-19,2.209e-15,1.391e-8,,,,,4.520e-4,,,,,,,,,,,,,,
719.53,1.180e+1,1.586e-19,4.739e-16,8.163e-42,1.668e-17,,,1.309e-18,1.406e-19,,3.282e-16,2.791e-20,3.941e-29,1.780e-17,2.426e-20,1.663e-31,2.271e-17,,,,3.495e-18,1.206e-36,4.765e-1,,1.259e-24,1.004e-18,,,1.747e-6,1.132e+1,4.820e-19,1.233e-28,,9.670e-22,,1.466e-16,6.506e-6,,2.181e-19,3.547e-15,1.989e-8,,,,,3.631e-4,,,,,,,,,,,,,,
719.55,1.119e+1,2.217e-19,6.163e-16,8.157e-42,1.668e-17,,,1.309e-18,1.406e-19,,3.284e-16,2.804e-20,3.941e-29,1.780e-17,2.438e-20,1.663e-31,2.273e-17,,,,3.495e-18,1.208e-36,5.283e-1,,1.258e-24,1.005e-18,,,1.525e-6,1.067e+1,4.824e-19,1.233e-28,,9.672e-22,,1.467e-16,7.787e-6,,2.181e-19,4.856e-15,2.520e-8,,,,,3.132e-4,,,,,,,,,,,,,,
719.58,1.034e+1,3.654e-19,9.115e-16,8.147e-42,1.669e-17,,,1.309e-18,1.406e-19,,3.287e-16,2.822e-20,3.942e-29,1.780e-17,2.455e-20,1.663e-31,2.276e-17,,,,3.496e-18,1.211e-36,6.150e-1,,1.256e-24,1.006e-18,,,1.257e-6,9.720e+0,4.831e-19,1.234e-28,,9.674e-22,,1.467e-16,1.017e-5,,2.180e-19,7.755e-15,3.583e-8,,,,,2.502e-4,,,,,,,,,,,,,,
719.6,9.800e+0,5.089e-19,1.181e-15,8.140e-42,1.669e-17,,,1.309e-18,1.407e-19,,3.288e-16,2.835e-20,3.942e-29,1.780e-17,2.466e-20,1.663e-31,2.278e-17,,,,3.496e-18,1.213e-36,6.794e-1,,1.254e-24,1.006e-18,,,1.116e-6,9.120e+0,4.836e-19,1.234e-28,,9.676e-22,,1.467e-16,1.213e-5,,2.179e-19,1.058e-14,4.523e-8,,,,,2.150e-4,,,,,,,,,,,,,,
719.62,9.295e+0,7.077e-19,1.528e-15,8.133e-42,1.669e-17,,,1.309e-18,1.407e-19,,3.290e-16,2.847e-20,3.942e-29,1.780e-17,2.477e-20,1.663e-31,2.280e-17,,,,3.496e-18,1.215e-36,7.494e-1,,1.253e-24,1.007e-18,,,1.002e-6,8.545e+0,4.840e-19,1.234e-28,,9.678e-22,,1.467e-16,1.444e-5,,2.179e-19,1.441e-14,5.701e-8,,,,,1.845e-4,,,,,,,,,,,,,,
719.65,8.594e+0,1.158e-18,2.243e-15,8.123e-42,1.670e-17,,,1.309e-18,1.407e-19,,3.293e-16,2.865e-20,3.942e-29,1.780e-17,2.495e-20,1.663e-31,2.283e-17,,,,3.497e-18,1.218e-36,8.658e-1,,1.251e-24,1.008e-18,,,8.767e-7,7.728e+0,4.847e-19,1.234e-28,,9.680e-22,,1.468e-16,1.872e-5,,2.178e-19,2.283e-14,8.045e-8,,,,,1.462e-4,,,,,,,,,,,,,,
719.67,8.165e+0,1.604e-18,2.891e-15,8.117e-42,1.670e-17,,,1.308e-18,1.408e-19,,3.294e-16,2.878e-20,3.942e-29,1.780e-17,2.506e-20,1.663e-31,2.285e-17,,,,3.497e-18,1.220e-36,9.516e-1,,1.249e-24,1.008e-18,,,8.212e-7,7.213e+0,4.852e-19,1.234e-28,,9.682e-22,,1.468e-16,2.221e-5,,2.177e-19,3.098e-14,1.010e-7,,,,,1.250e-4,,,,,,,,,,,,,,
719.7,7.581e+0,2.609e-18,4.220e-15,8.107e-42,1.670e-17,,,1.308e-18,1.408e-19,,3.297e-16,2.896e-20,3.942e-29,1.780e-17,2.523e-20,1.663e-31,2.289e-17,,,,3.498e-18,1.223e-36,1.093e+0,,1.247e-24,1.009e-18,,,7.777e-7,6.487e+0,4.859e-19,1.234e-28,,9.684e-22,,1.468e-16,2.862e-5,,2.176e-19,4.884e-14,1.418e-7,,,,,9.853e-5,,,,,,,,,,,,,,
719.72,7.230e+0,3.602e-18,5.420e-15,8.100e-42,1.671e-17,,,1.308e-18,1.409e-19,,3.298e-16,2.909e-20,3.942e-29,1.780e-17,2.534e-20,1.663e-31,2.291e-17,,,,3.498e-18,1.225e-36,1.197e+0,,1.245e-24,1.010e-18,,,7.743e-7,6.033e+0,4.863e-19,1.234e-28,,9.686e-22,,1.468e-16,3.384e-5,,2.176e-19,6.603e-14,1.774e-7,,,,,8.392e-5,,,,,,,,,,,,,,
719.75,6.764e+0,5.826e-18,7.868e-15,8.090e-42,1.671e-17,,,1.308e-18,1.409e-19,,3.301e-16,2.927e-20,3.943e-29,1.780e-17,2.551e-20,1.663e-31,2.294e-17,,,,3.499e-18,1.228e-36,1.368e+0,,1.243e-24,1.011e-18,,,8.077e-7,5.396e+0,4.870e-19,1.234e-28,,9.688e-22,,1.468e-16,4.337e-5,,2.175e-19,1.035e-13,2.476e-7,,,,,6.578e-5,,,,,,,,,,,,,,
719.77,6.492e+0,8.015e-18,1.007e-14,8.084e-42,1.672e-17,,,1.308e-18,1.409e-19,,3.303e-16,2.940e-20,3.943e-29,1.780e-17,2.563e-20,1.663e-31,2.296e-17,,,,3.499e-18,1.230e-36,1.493e+0,,1.242e-24,1.011e-18,,,8.564e-7,4.999e+0,4.875e-19,1.234e-28,,9.690e-22,,1.469e-16,5.108e-5,,2.174e-19,1.395e-13,3.087e-7,,,,,5.582e-5,,,,,,,,,,,,,,
719.8,6.143e+0,1.289e-17,1.454e-14,8.074e-42,1.672e-17,,,1.308e-18,1.410e-19,,3.305e-16,2.958e-20,3.943e-29,1.780e-17,2.580e-20,1.664e-31,2.299e-17,,,,3.500e-18,1.233e-36,1.696e+0,,1.239e-24,1.012e-18,,,9.716e-7,4.446e+0,4.881e-19,1.234e-28,,9.692e-22,,1.469e-16,6.512e-5,,2.174e-19,2.174e-13,4.284e-7,,,,,4.351e-5,,,,,,,,,,,,,,
719.82,5.949e+0,1.767e-17,1.854e-14,8.067e-42,1.672e-17,,,1.308e-18,1.410e-19,,3.307e-16,2.971e-20,3.943e-29,1.780e-17,2.591e-20,1.664e-31,2.301e-17,,,,3.500e-18,1.235e-36,1.844e+0,,1.238e-24,1.013e-18,,,1.079e-6,4.105e+0,4.886e-19,1.234e-28,,9.694e-22,,1.469e-16,7.642e-5,,2.173e-19,2.918e-13,5.322e-7,,,,,3.678e-5,,,,,,,,,,,,,,
719.85,5.715e+0,2.828e-17,2.662e-14,8.057e-42,1.673e-17,,,1.308e-18,1.411e-19,,3.309e-16,2.989e-20,3.943e-29,1.780e-17,2.608e-20,1.664e-31,2.304e-17,,,,3.501e-18,1.238e-36,2.084e+0,,1.236e-24,1.014e-18,,,1.291e-6,3.630e+0,4.893e-19,1.234e-28,,9.697e-22,,1.469e-16,9.688e-5,,2.172e-19,4.525e-13,7.346e-7,,,,,2.851e-5,,,,,,,,,,,,,,
719.87,5.596e+0,3.861e-17,3.381e-14,8.050e-42,1.673e-17,,,1.308e-18,1.411e-19,,3.311e-16,3.002e-20,3.943e-29,1.780e-17,2.620e-20,1.664e-31,2.306e-17,,,,3.501e-18,1.240e-36,2.257e+0,,1.234e-24,1.014e-18,,,1.471e-6,3.339e+0,4.897e-19,1.234e-28,,9.698e-22,,1.470e-16,1.133e-4,,2.172e-19,6.051e-13,9.091e-7,,,,,2.402e-5,,,,,,,,,,,,,,
719.9,5.475e+0,6.145e-17,4.828e-14,8.040e-42,1.674e-17,,,1.308e-18,1.412e-19,,3.314e-16,3.020e-20,3.944e-29,1.780e-17,2.637e-20,1.664e-31,2.310e-17,,,,3.501e-18,1.243e-36,2.538e+0,,1.232e-24,1.015e-18,,,1.808e-6,2.937e+0,4.904e-19,1.234e-28,,9.701e-22,,1.470e-16,1.428e-4,,2.171e-19,9.332e-13,1.248e-6,,,,,1.851e-5,,,,,,,,,,,,,,
719.92,5.430e+0,8.360e-17,6.112e-14,8.034e-42,1.674e-17,,,1.308e-18,1.412e-19,,3.315e-16,3.032e-20,3.944e-29,1.780e-17,2.648e-20,1.664e-31,2.312e-17,,,,3.502e-18,1.245e-36,2.738e+0,,1.230e-24,1.016e-18,,,2.083e-6,2.691e+0,4.909e-19,1.234e-28,,9.702e-22,,1.470e-16,1.664e-4,,2.170e-19,1.243e-12,1.539e-6,,,,,1.554e-5,,,,,,,,,,,,,,
719.95,5.416e+0,1.323e-16,8.680e-14,8.024e-42,1.675e-17,,,1.308e-18,1.412e-19,,3.318e-16,3.051e-20,3.944e-29,1.780e-17,2.665e-20,1.664e-31,2.315e-17,,,,3.502e-18,1.248e-36,3.062e+0,,1.228e-24,1.017e-18,,,2.585e-6,2.354e+0,4.916e-19,1.234e-28,,9.705e-22,,1.470e-16,2.086e-4,,2.169e-19,1.907e-12,2.101e-6,,,,,1.191e-5,,,,,,,,,,,,,,
719.97,5.441e+0,1.794e-16,1.095e-13,8.017e-42,1.675e-17,,,1.308e-18,1.413e-19,,3.320e-16,3.063e-20,3.944e-29,1.780e-17,2.677e-20,1.664e-31,2.317e-17,,,,3.503e-18,1.250e-36,3.292e+0,,1.227e-24,1.017e-18,,,2.989e-6,2.149e+0,4.920e-19,1.234e-28,,9.706e-22,,1.470e-16,2.421e-4,,2.169e-19,2.532e-12,2.582e-6,,,,,9.956e-6,,,,,,,,,,,,,,
720,5.530e+0,2.823e-16,1.546e-13,8.007e-42,1.675e-17,,,1.308e-18,1.413e-19,,3.322e-16,3.082e-20,3.944e-29,1.780e-17,2.694e-20,1.664e-31,2.320e-17,,,,3.503e-18,1.253e-36,3.660e+0,,1.224e-24,1.018e-18,,,3.714e-6,1.869e+0,4.927e-19,1.234e-28,,9.709e-22,,1.471e-16,3.019e-4,,2.168e-19,3.862e-12,3.506e-6,,,,,7.590e-6,,,,,,,,,,,,,,
720.02,5.622e+0,3.814e-16,1.943e-13,8.001e-42,1.676e-17,,,1.308e-18,1.413e-19,,3.324e-16,3.094e-20,3.944e-29,1.780e-17,2.705e-20,1.664e-31,2.322e-17,,,,3.504e-18,1.255e-36,3.922e+0,,1.223e-24,1.019e-18,,,4.291e-6,1.700e+0,4.932e-19,1.234e-28,,9.711e-22,,1.471e-16,3.492e-4,,2.167e-19,5.108e-12,4.291e-6,,,,,6.322e-6,,,,,,,,,,,,,,
720.04,5.740e+0,5.143e-16,2.438e-13,7.994e-42,1.676e-17,,,1.308e-18,1.414e-19,,3.325e-16,3.107e-20,3.944e-29,1.780e-17,2.717e-20,1.664e-31,2.324e-17,,,,3.504e-18,1.257e-36,4.195e+0,,1.221e-24,1.020e-18,,,4.954e-6,1.544e+0,4.936e-19,1.234e-28,,9.712e-22,,1.471e-16,4.032e-4,,2.167e-19,6.747e-12,5.244e-6,,,,,5.258e-6,,,,,,,,,,,,,,
720.07,5.963e+0,8.034e-16,3.417e-13,7.984e-42,1.677e-17,,,1.308e-18,1.414e-19,,3.328e-16,3.125e-20,3.945e-29,1.780e-17,2.734e-20,1.664e-31,2.328e-17,,,,3.505e-18,1.260e-36,4.630e+0,,1.219e-24,1.020e-18,,,6.133e-6,1.333e+0,4.943e-19,1.235e-28,,9.715e-22,,1.471e-16,4.989e-4,,2.166e-19,1.021e-11,7.067e-6,,,,,3.977e-6,,,,,,,,,,,,,,
720.09,6.142e+0,1.080e-15,4.272e-13,7.977e-42,1.677e-17,,,1.308e-18,1.415e-19,,3.330e-16,3.138e-20,3.945e-29,1.780e-17,2.745e-20,1.664e-31,2.330e-17,,,,3.505e-18,1.262e-36,4.935e+0,,1.218e-24,1.021e-18,,,7.061e-6,1.206e+0,4.948e-19,1.235e-28,,9.716e-22,,1.472e-16,5.740e-4,,2.165e-19,1.344e-11,8.606e-6,,,,,3.295e-6,,,,,,,,,,,,,,
720.12,6.452e+0,1.677e-15,5.956e-13,7.967e-42,1.677e-17,,,1.307e-18,1.415e-19,,3.332e-16,3.156e-20,3.945e-29,1.780e-17,2.762e-20,1.664e-31,2.333e-17,,,,3.505e-18,1.265e-36,5.417e+0,,1.215e-24,1.022e-18,,,8.703e-6,1.035e+0,4.955e-19,1.235e-28,,9.719e-22,,1.472e-16,7.064e-4,,2.164e-19,2.023e-11,1.153e-5,,,,,2.479e-6,,,,,,,,,,,,,,
720.14,6.687e+0,2.246e-15,7.419e-13,7.961e-42,1.678e-17,,,1.307e-18,1.415e-19,,3.334e-16,3.169e-20,3.945e-29,1.780e-17,2.774e-20,1.664e-31,2.335e-17,,,,3.506e-18,1.267e-36,5.753e+0,,1.214e-24,1.023e-18,,,9.989e-6,9.332e-1,4.959e-19,1.235e-28,,9.720e-22,,1.472e-16,8.097e-4,,2.164e-19,2.653e-11,1.399e-5,,,,,2.046e-6,,,,,,,,,,,,,,
720.17,7.078e+0,3.470e-15,1.029e-12,7.951e-42,1.678e-17,,,1.307e-18,1.416e-19,,3.336e-16,3.187e-20,3.945e-29,1.780e-17,2.791e-20,1.664e-31,2.338e-17,,,,3.506e-18,1.270e-36,6.280e+0,,1.212e-24,1.023e-18,,,1.225e-5,7.966e-1,4.966e-19,1.235e-28,,9.723e-22,,1.472e-16,9.910e-4,,2.163e-19,3.972e-11,1.865e-5,,,,,1.531e-6,,,,,,,,,,,,,,
720.19,7.363e+0,4.628e-15,1.277e-12,7.944e-42,1.678e-17,,,1.307e-18,1.416e-19,,3.338e-16,3.200e-20,3.945e-29,1.780e-17,2.802e-20,1.664e-31,2.340e-17,,,,3.507e-18,1.272e-36,6.646e+0,,1.210e-24,1.024e-18,,,1.401e-5,7.154e-1,4.971e-19,1.235e-28,,9.725e-22,,1.472e-16,1.132e-3,,2.162e-19,5.189e-11,2.255e-5,,,,,1.259e-6,,,,,,,,,,,,,,
720.22,7.825e+0,7.112e-15,1.760e-12,7.934e-42,1.679e-17,,,1.307e-18,1.417e-19,,3.341e-16,3.218e-20,3.946e-29,1.780e-17,2.819e-20,1.664e-31,2.343e-17,,,,3.507e-18,1.275e-36,7.216e+0,,1.208e-24,1.025e-18,,,1.709e-5,6.073e-1,4.977e-19,1.235e-28,,9.727e-22,,1.473e-16,1.378e-3,,2.162e-19,7.727e-11,2.988e-5,,,,,9.364e-7,,,,,,,,,,,,,,
720.24,8.155e+0,9.453e-15,2.177e-12,7.928e-42,1.679e-17,,,1.307e-18,1.417e-19,,3.342e-16,3.230e-20,3.946e-29,1.779e-17,2.831e-20,1.664e-31,2.345e-17,,,,3.508e-18,1.277e-36,7.610e+0,,1.206e-24,1.026e-18,,,1.948e-5,5.435e-1,4.982e-19,1.235e-28,,9.729e-22,,1.473e-16,1.568e-3,,2.161e-19,1.006e-10,3.599e-5,,,,,7.673e-7,,,,,,,,,,,,,,
720.27,8.679e+0,1.445e-14,2.985e-12,7.918e-42,1.680e-17,,,1.307e-18,1.418e-19,,3.345e-16,3.249e-20,3.946e-29,1.779e-17,2.848e-20,1.665e-31,2.349e-17,,,,3.508e-18,1.280e-36,8.218e+0,,1.204e-24,1.026e-18,,,2.363e-5,4.588e-1,4.989e-19,1.235e-28,,9.731e-22,,1.473e-16,1.897e-3,,2.160e-19,1.489e-10,4.745e-5,,,,,5.676e-7,,,,,,,,,,,,,,
720.29,9.046e+0,1.913e-14,3.678e-12,7.911e-42,1.680e-17,,,1.307e-18,1.418e-19,,3.347e-16,3.261e-20,3.946e-29,1.779e-17,2.859e-20,1.665e-31,2.351e-17,,,,3.509e-18,1.282e-36,8.635e+0,,1.203e-24,1.027e-18,,,2.684e-5,4.090e-1,4.993e-19,1.235e-28,,9.733e-22,,1.473e-16,2.151e-3,,2.160e-19,1.932e-10,5.694e-5,,,,,4.634e-7,,,,,,,,,,,,,,
720.32,9.622e+0,2.908e-14,5.017e-12,7.901e-42,1.681e-17,,,1.307e-18,1.418e-19,,3.349e-16,3.280e-20,3.946e-29,1.779e-17,2.876e-20,1.665e-31,2.354e-17,,,,3.509e-18,1.285e-36,9.276e+0,,1.200e-24,1.028e-18,,,3.239e-5,3.433e-1,5.000e-19,1.235e-28,,9.735e-22,,1.474e-16,2.590e-3,,2.159e-19,2.845e-10,7.465e-5,,,,,3.409e-7,,,,,,,,,,,,,,
720.34,1.002e+1,3.837e-14,6.159e-12,7.894e-42,1.681e-17,,,1.307e-18,1.419e-19,,3.351e-16,3.292e-20,3.946e-29,1.779e-17,2.887e-20,1.665e-31,2.356e-17,,,,3.510e-18,1.287e-36,9.712e+0,,1.199e-24,1.029e-18,,,3.665e-5,3.050e-1,5.005e-19,1.235e-28,,9.737e-22,,1.474e-16,2.925e-3,,2.158e-19,3.676e-10,8.925e-5,,,,,2.772e-7,,,,,,,,,,,,,,
720.37,1.064e+1,5.800e-14,8.355e-12,7.884e-42,1.681e-17,,,1.307e-18,1.419e-19,,3.353e-16,3.311e-20,3.946e-29,1.779e-17,2.905e-20,1.665e-31,2.359e-17,,,,3.510e-18,1.290e-36,1.038e+1,,1.197e-24,1.029e-18,,,4.399e-5,2.546e-1,5.012e-19,1.235e-28,,9.739e-22,,1.474e-16,3.502e-3,,2.157e-19,5.385e-10,1.164e-4,,,,,2.028e-7,,,,,,,,,,,,,,
720.39,1.106e+1,7.625e-14,1.022e-11,7.878e-42,1.682e-17,,,1.307e-18,1.419e-19,,3.355e-16,3.323e-20,3.947e-29,1.779e-17,2.916e-20,1.665e-31,2.361e-17,,,,3.510e-18,1.292e-36,1.083e+1,,1.195e-24,1.030e-18,,,4.960e-5,2.253e-1,5.016e-19,1.235e-28,,9.741e-22,,1.474e-16,3.941e-3,,2.157e-19,6.933e-10,1.386e-4,,,,,1.643e-7,,,,,,,,,,,,,,
720.41,1.148e+1,1.001e-13,1.248e-11,7.871e-42,1.682e-17,,,1.307e-18,1.420e-19,,3.357e-16,3.336e-20,3.947e-29,1.779e-17,2.927e-20,1.665e-31,2.363e-17,,,,3.511e-18,1.294e-36,1.128e+1,,1.194e-24,1.031e-18,,,5.583e-5,1.991e-1,5.021e-19,1.235e-28,,9.743e-22,,1.474e-16,4.429e-3,,2.156e-19,8.913e-10,1.649e-4,,,,,1.330e-7,,,,,,,,,,,,,,
720.44,1.213e+1,1.502e-13,1.680e-11,7.861e-42,1.683e-17,,,1.307e-18,1.420e-19,,3.359e-16,3.354e-20,3.947e-29,1.779e-17,2.944e-20,1.665e-31,2.367e-17,,,,3.511e-18,1.297e-36,1.196e+1,,1.191e-24,1.031e-18,,,6.651e-5,1.649e-1,5.028e-19,1.235e-28,,9.745e-22,,1.475e-16,5.262e-3,,2.155e-19,1.296e-9,2.134e-4,,,,,9.652e-8,,,,,,,,,,,,,,
720.46,1.257e+1,1.964e-13,2.045e-11,7.855e-42,1.683e-17,,,1.307e-18,1.421e-19,,3.361e-16,3.367e-20,3.947e-29,1.779e-17,2.956e-20,1.665e-31,2.369e-17,,,,3.512e-18,1.299e-36,1.242e+1,,1.190e-24,1.032e-18,,,7.461e-5,1.452e-1,5.032e-19,1.235e-28,,9.747e-22,,1.475e-16,5.892e-3,,2.155e-19,1.659e-9,2.529e-4,,,,,7.781e-8,,,,,,,,,,,,,,
720.49,1.323e+1,2.930e-13,2.738e-11,7.845e-42,1.683e-17,,,1.307e-18,1.421e-19,,3.363e-16,3.385e-20,3.947e-29,1.779e-17,2.973e-20,1.665e-31,2.372e-17,,,,3.512e-18,1.302e-36,1.310e+1,,1.188e-24,1.033e-18,,,8.839e-5,1.196e-1,5.039e-19,1.235e-28,,9.749e-22,,1.475e-16,6.961e-3,,2.154e-19,2.399e-9,3.254e-4,,,,,5.616e-8,,,,,,,,,,,,,,
720.51,1.367e+1,3.818e-13,3.320e-11,7.838e-42,1.684e-17,,,1.307e-18,1.421e-19,,3.365e-16,3.397e-20,3.947e-29,1.779e-17,2.984e-20,1.665e-31,2.374e-17,,,,3.513e-18,1.304e-36,1.355e+1,,1.186e-24,1.034e-18,,,9.879e-5,1.049e-1,5.044e-19,1.235e-28,,9.751e-22,,1.475e-16,7.766e-3,,2.153e-19,3.062e-9,3.843e-4,,,,,4.511e-8,,,,,,,,,,,,,,
720.54,1.432e+1,5.666e-13,4.421e-11,7.828e-42,1.684e-17,,,1.306e-18,1.422e-19,,3.368e-16,3.416e-20,3.948e-29,1.779e-17,3.001e-20,1.665e-31,2.377e-17,,,,3.513e-18,1.307e-36,1.422e+1,,1.184e-24,1.034e-18,,,1.164e-4,8.595e-2,5.051e-19,1.235e-28,,9.753e-22,,1.476e-16,9.125e-3,,2.153e-19,4.402e-9,4.917e-4,,,,,3.238e-8,,,,,,,,,,,,,,
720.56,1.475e+1,7.357e-13,5.342e-11,7.821e-42,1.685e-17,,,1.306e-18,1.422e-19,,3.369e-16,3.428e-20,3.948e-29,1.779e-17,3.013e-20,1.665e-31,2.379e-17,,,,3.514e-18,1.309e-36,1.466e+1,,1.182e-24,1.035e-18,,,1.296e-4,7.511e-2,5.055e-19,1.235e-28,,9.755e-22,,1.476e-16,1.014e-2,,2.152e-19,5.597e-9,5.786e-4,,,,,2.591e-8,,,,,,,,,,,,,,
720.59,1.538e+1,1.086e-12,7.075e-11,7.811e-42,1.685e-17,,,1.306e-18,1.423e-19,,3.372e-16,3.447e-20,3.948e-29,1.779e-17,3.030e-20,1.665e-31,2.382e-17,,,,3.514e-18,1.312e-36,1.531e+1,,1.180e-24,1.036e-18,,,1.519e-4,6.119e-2,5.062e-19,1.236e-28,,9.758e-22,,1.476e-16,1.185e-2,,2.151e-19,8.004e-9,7.363e-4,,,,,1.849e-8,,,,,,,,,,,,,,
720.61,1.580e+1,1.404e-12,8.517e-11,7.805e-42,1.685e-17,,,1.306e-18,1.423e-19,,3.374e-16,3.459e-20,3.948e-29,1.779e-17,3.041e-20,1.665e-31,2.384e-17,,,,3.515e-18,1.314e-36,1.573e+1,,1.179e-24,1.037e-18,,,1.686e-4,5.328e-2,5.067e-19,1.236e-28,,9.759e-22,,1.476e-16,1.312e-2,,2.151e-19,1.014e-8,8.632e-4,,,,,1.474e-8,,,,,,,,,,,,,,
720.64,1.640e+1,2.061e-12,1.122e-10,7.795e-42,1.686e-17,,,1.306e-18,1.424e-19,,3.376e-16,3.478e-20,3.948e-29,1.779e-17,3.058e-20,1.665e-31,2.388e-17,,,,3.515e-18,1.317e-36,1.634e+1,,1.176e-24,1.037e-18,,,1.965e-4,4.316e-2,5.073e-19,1.236e-28,,9.762e-22,,1.476e-16,1.525e-2,,2.150e-19,1.442e-8,1.093e-3,,,,,1.046e-8,,,,,,,,,,,,,,
720.66,1.678e+1,2.657e-12,1.346e-10,7.788e-42,1.686e-17,,,1.306e-18,1.424e-19,,3.378e-16,3.490e-20,3.948e-29,1.779e-17,3.070e-20,1.665e-31,2.390e-17,,,,3.515e-18,1.319e-36,1.673e+1,,1.175e-24,1.038e-18,,,2.173e-4,3.744e-2,5.078e-19,1.236e-28,,9.763e-22,,1.477e-16,1.683e-2,,2.149e-19,1.820e-8,1.276e-3,,,,,8.311e-9,,,,,,,,,,,,,,
720.69,1.734e+1,3.878e-12,1.763e-10,7.778e-42,1.687e-17,,,1.306e-18,1.424e-19,,3.380e-16,3.509e-20,3.948e-29,1.779e-17,3.087e-20,1.665e-31,2.393e-17,,,,3.516e-18,1.322e-36,1.729e+1,,1.173e-24,1.039e-18,,,2.519e-4,3.017e-2,5.085e-19,1.236e-28,,9.766e-22,,1.477e-16,1.945e-2,,2.148e-19,2.575e-8,1.606e-3,,,,,5.867e-9,,,,,,,,,,,,,,
720.71,1.769e+1,4.981e-12,2.107e-10,7.772e-42,1.687e-17,,,1.306e-18,1.425e-19,,3.382e-16,3.521e-20,3.949e-29,1.779e-17,3.098e-20,1.665e-31,2.395e-17,,,,3.516e-18,1.324e-36,1.764e+1,,1.171e-24,1.040e-18,,,2.775e-4,2.607e-2,5.089e-19,1.236e-28,,9.767e-22,,1.477e-16,2.138e-2,,2.148e-19,3.238e-8,1.869e-3,,,,,4.642e-9,,,,,,,,,,,,,,
720.74,1.818e+1,7.230e-12,2.745e-10,7.762e-42,1.687e-17,,,1.306e-18,1.425e-19,,3.385e-16,3.540e-20,3.949e-29,1.779e-17,3.115e-20,1.665e-31,2.398e-17,,,,3.517e-18,1.327e-36,1.814e+1,,1.169e-24,1.040e-18,,,3.200e-4,2.089e-2,5.096e-19,1.236e-28,,9.770e-22,,1.477e-16,2.458e-2,,2.147e-19,4.555e-8,2.340e-3,,,,,3.259e-9,,,,,,,,,,,,,,
720.76,1.849e+1,9.252e-12,3.269e-10,7.755e-42,1.688e-17,,,1.306e-18,1.426e-19,,3.386e-16,3.552e-20,3.949e-29,1.779e-17,3.127e-20,1.666e-31,2.400e-17,,,,3.517e-18,1.329e-36,1.844e+1,,1.167e-24,1.041e-18,,,3.512e-4,1.799e-2,5.101e-19,1.236e-28,,9.772e-22,,1.478e-16,2.692e-2,,2.146e-19,5.708e-8,2.713e-3,,,,,2.569e-9,,,,,,,,,,,,,,
720.78,1.878e+1,1.182e-11,3.887e-10,7.748e-42,1.688e-17,,,1.306e-18,1.426e-19,,3.388e-16,3.565e-20,3.949e-29,1.779e-17,3.138e-20,1.666e-31,2.402e-17,,,,3.518e-18,1.331e-36,1.873e+1,,1.166e-24,1.042e-18,,,3.850e-4,1.546e-2,5.105e-19,1.236e-28,,9.773e-22,,1.478e-16,2.944e-2,,2.146e-19,7.142e-8,3.141e-3,,,,,2.022e-9,,,,,,,,,,,,,,
720.81,1.917e+1,1.703e-11,5.027e-10,7.738e-42,1.689e-17,,,1.306e-18,1.426e-19,,3.390e-16,3.583e-20,3.949e-29,1.779e-17,3.155e-20,1.666e-31,2.406e-17,,,,3.518e-18,1.334e-36,1.912e+1,,1.164e-24,1.043e-18,,,4.405e-4,1.229e-2,5.112e-19,1.236e-28,,9.776e-22,,1.478e-16,3.358e-2,,2.145e-19,9.970e-8,3.902e-3,,,,,1.409e-9,,,,,,,,,,,,,,
720.83,1.941e+1,2.168e-11,5.956e-10,7.732e-42,1.689e-17,,,1.306e-18,1.427e-19,,3.392e-16,3.595e-20,3.949e-29,1.779e-17,3.166e-20,1.666e-31,2.408e-17,,,,3.519e-18,1.336e-36,1.936e+1,,1.162e-24,1.043e-18,,,4.811e-4,1.053e-2,5.117e-19,1.236e-28,,9.777e-22,,1.478e-16,3.659e-2,,2.144e-19,1.243e-7,4.501e-3,,,,,1.105e-9,,,,,,,,,,,,,,
720.86,1.972e+1,3.106e-11,7.661e-10,7.722e-42,1.689e-17,,,1.306e-18,1.427e-19,,3.395e-16,3.614e-20,3.949e-29,1.779e-17,3.184e-20,1.666e-31,2.411e-17,,,,3.519e-18,1.339e-36,1.967e+1,,1.160e-24,1.044e-18,,,5.476e-4,8.325e-3,5.124e-19,1.236e-28,,9.780e-22,,1.478e-16,4.151e-2,,2.144e-19,1.726e-7,5.561e-3,,,,,7.652e-10,,,,,,,,,,,,,,
720.88,1.990e+1,3.940e-11,9.044e-10,7.715e-42,1.690e-17,,,1.306e-18,1.427e-19,,3.396e-16,3.626e-20,3.950e-29,1.779e-17,3.195e-20,1.666e-31,2.413e-17,,,,3.519e-18,1.341e-36,1.984e+1,,1.158e-24,1.045e-18,,,5.959e-4,7.105e-3,5.128e-19,1.236e-28,,9.781e-22,,1.479e-16,4.507e-2,,2.143e-19,2.143e-7,6.392e-3,,,,,5.979e-10,,,,,,,,,,,,,,
720.91,2.013e+1,5.615e-11,1.157e-9,7.705e-42,1.690e-17,,,1.306e-18,1.428e-19,,3.399e-16,3.645e-20,3.950e-29,1.779e-17,3.212e-20,1.666e-31,2.416e-17,,,,3.520e-18,1.344e-36,2.006e+1,,1.156e-24,1.046e-18,,,6.747e-4,5.586e-3,5.135e-19,1.236e-28,,9.784e-22,,1.479e-16,5.084e-2,,2.142e-19,2.959e-7,7.854e-3,,,,,4.118e-10,,,,,,,,,,,,,,
720.93,2.024e+1,7.096e-11,1.361e-9,7.699e-42,1.691e-17,,,1.306e-18,1.428e-19,,3.401e-16,3.657e-20,3.950e-29,1.779e-17,3.223e-20,1.666e-31,2.418e-17,,,,3.520e-18,1.346e-36,2.017e+1,,1.155e-24,1.046e-18,,,7.315e-4,4.750e-3,5.140e-19,1.236e-28,,9.786e-22,,1.479e-16,5.499e-2,,2.142e-19,3.663e-7,8.993e-3,,,,,3.206e-10,,,,,,,,,,,,,,
720.96,2.038e+1,1.006e-10,1.732e-9,7.689e-42,1.691e-17,,,1.305e-18,1.429e-19,,3.403e-16,3.676e-20,3.950e-29,1.779e-17,3.240e-20,1.666e-31,2.421e-17,,,,3.521e-18,1.349e-36,2.030e+1,,1.152e-24,1.047e-18,,,8.237e-4,3.714e-3,5.147e-19,1.236e-28,,9.788e-22,,1.479e-16,6.170e-2,,2.141e-19,5.030e-7,1.099e-2,,,,,2.196e-10,,,,,,,,,,,,,,
720.98,2.043e+1,1.266e-10,2.030e-9,7.682e-42,1.691e-17,,,1.305e-18,1.429e-19,,3.405e-16,3.688e-20,3.950e-29,1.779e-17,3.252e-20,1.666e-31,2.424e-17,,,,3.521e-18,1.351e-36,2.035e+1,,1.151e-24,1.048e-18,,,8.899e-4,3.146e-3,5.151e-19,1.236e-28,,9.790e-22,,1.480e-16,6.649e-2,,2.140e-19,6.202e-7,1.254e-2,,,,,1.703e-10,,,,,,,,,,,,,,
721.01,2.047e+1,1.785e-10,2.569e-9,7.672e-42,1.692e-17,,,1.305e-18,1.430e-19,,3.407e-16,3.707e-20,3.950e-29,1.779e-17,3.269e-20,1.666e-31,2.427e-17,,,,3.522e-18,1.354e-36,2.038e+1,,1.149e-24,1.049e-18,,,9.966e-4,2.446e-3,5.158e-19,1.236e-28,,9.792e-22,,1.480e-16,7.419e-2,,2.139e-19,8.470e-7,1.524e-2,,,,,1.160e-10,,,,,,,,,,,,,,
721.03,2.047e+1,2.239e-10,3.000e-9,7.665e-42,1.692e-17,,,1.305e-18,1.430e-19,,3.409e-16,3.719e-20,3.951e-29,1.778e-17,3.280e-20,1.666e-31,2.429e-17,,,,3.522e-18,1.356e-36,2.037e+1,,1.147e-24,1.049e-18,,,1.073e-3,2.064e-3,5.163e-19,1.236e-28,,9.794e-22,,1.480e-16,7.967e-2,,2.139e-19,1.041e-6,1.732e-2,,,,,8.964e-11,,,,,,,,,,,,,,
721.06,2.041e+1,3.139e-10,3.777e-9,7.655e-42,1.693e-17,,,1.305e-18,1.430e-19,,3.412e-16,3.738e-20,3.951e-29,1.778e-17,3.297e-20,1.666e-31,2.432e-17,,,,3.523e-18,1.359e-36,2.030e+1,,1.145e-24,1.050e-18,,,1.195e-3,1.596e-3,5.169e-19,1.236e-28,,9.796e-22,,1.480e-16,8.840e-2,,2.138e-19,1.413e-6,2.094e-2,,,,,6.072e-11,,,,,,,,,,,,,,
721.08,2.035e+1,3.924e-10,4.395e-9,7.649e-42,1.693e-17,,,1.305e-18,1.431e-19,,3.413e-16,3.750e-20,3.951e-29,1.778e-17,3.309e-20,1.666e-31,2.434e-17,,,,3.523e-18,1.361e-36,2.023e+1,,1.144e-24,1.051e-18,,,1.282e-3,1.342e-3,5.174e-19,1.236e-28,,9.798e-22,,1.480e-16,9.458e-2,,2.137e-19,1.730e-6,2.371e-2,,,,,4.674e-11,,,,,,,,,,,,,,
721.11,2.021e+1,5.470e-10,5.503e-9,7.639e-42,1.694e-17,,,1.305e-18,1.431e-19,,3.416e-16,3.769e-20,3.951e-29,1.778e-17,3.326e-20,1.666e-31,2.437e-17,,,,3.524e-18,1.364e-36,2.007e+1,,1.141e-24,1.052e-18,,,1.420e-3,1.032e-3,5.181e-19,1.237e-28,,9.800e-22,,1.481e-16,1.044e-1,,2.136e-19,2.337e-6,2.850e-2,,,,,3.149e-11,,,,,,,,,,,,,,
721.13,2.008e+1,6.813e-10,6.382e-9,7.632e-42,1.694e-17,,,1.305e-18,1.432e-19,,3.418e-16,3.781e-20,3.951e-29,1.778e-17,3.337e-20,1.666e-31,2.439e-17,,,,3.524e-18,1.366e-36,1.994e+1,,1.140e-24,1.052e-18,,,1.518e-3,8.647e-4,5.185e-19,1.237e-28,,9.802e-22,,1.481e-16,1.113e-1,,2.136e-19,2.851e-6,3.216e-2,,,,,2.415e-11,,,,,,,,,,,,,,
721.15,1.994e+1,8.474e-10,7.390e-9,7.626e-42,1.694e-17,,,1.305e-18,1.432e-19,,3.419e-16,3.793e-20,3.951e-29,1.778e-17,3.349e-20,1.666e-31,2.441e-17,,,,3.524e-18,1.368e-36,1.978e+1,,1.138e-24,1.053e-18,,,1.620e-3,7.233e-4,5.190e-19,1.237e-28,,9.804e-22,,1.481e-16,1.184e-1,,2.135e-19,3.472e-6,3.624e-2,,,,,1.850e-11,,,,,,,,,,,,,,
721.18,1.968e+1,1.172e-9,9.184e-9,7.616e-42,1.695e-17,,,1.305e-18,1.432e-19,,3.422e-16,3.812e-20,3.951e-29,1.778e-17,3.366e-20,1.666e-31,2.445e-17,,,,3.525e-18,1.371e-36,1.951e+1,,1.136e-24,1.054e-18,,,1.782e-3,5.519e-4,5.197e-19,1.237e-28,,9.806e-22,,1.481e-16,1.297e-1,,2.135e-19,4.654e-6,4.323e-2,,,,,1.236e-11,,,,,,,,,,,,,,
721.2,1.949e+1,1.453e-9,1.060e-8,7.609e-42,1.695e-17,,,1.305e-18,1.433e-19,,3.423e-16,3.824e-20,3.952e-29,1.778e-17,3.377e-20,1.666e-31,2.447e-17,,,,3.525e-18,1.373e-36,1.930e+1,,1.135e-24,1.054e-18,,,1.895e-3,4.600e-4,5.201e-19,1.237e-28,,9.808e-22,,1.481e-16,1.375e-1,,2.134e-19,5.648e-6,4.853e-2,,,,,9.432e-12,,,,,,,,,,,,,,
721.23,1.916e+1,1.999e-9,1.310e-8,7.599e-42,1.695e-17,,,1.305e-18,1.433e-19,,3.426e-16,3.843e-20,3.952e-29,1.778e-17,3.394e-20,1.667e-31,2.450e-17,,,,3.526e-18,1.376e-36,1.895e+1,,1.132e-24,1.055e-18,,,2.072e-3,3.490e-4,5.208e-19,1.237e-28,,9.810e-22,,1.482e-16,1.498e-1,,2.133e-19,7.529e-6,5.757e-2,,,,,6.269e-12,,,,,,,,,,,,,,
721.25,1.892e+1,2.468e-9,1.506e-8,7.592e-42,1.696e-17,,,1.305e-18,1.433e-19,,3.428e-16,3.855e-20,3.952e-29,1.778e-17,3.406e-20,1.667e-31,2.452e-17,,,,3.526e-18,1.378e-36,1.869e+1,,1.131e-24,1.056e-18,,,2.196e-3,2.898e-4,5.213e-19,1.237e-28,,9.812e-22,,1.482e-16,1.582e-1,,2.133e-19,9.103e-6,6.440e-2,,,,,4.766e-12,,,,,,,,,,,,,,
721.28,1.853e+1,3.377e-9,1.852e-8,7.582e-42,1.696e-17,,,1.305e-18,1.434e-19,,3.430e-16,3.874e-20,3.952e-29,1.778e-17,3.423e-20,1.667e-31,2.455e-17,,,,3.527e-18,1.381e-36,1.828e+1,,1.129e-24,1.057e-18,,,2.389e-3,2.187e-4,5.220e-19,1.237e-28,,9.814e-22,,1.482e-16,1.714e-1,,2.132e-19,1.207e-5,7.598e-2,,,,,3.150e-12,,,,,,,,,,,,,,
721.3,1.825e+1,4.154e-9,2.122e-8,7.576e-42,1.697e-17,,,1.305e-18,1.434e-19,,3.432e-16,3.886e-20,3.952e-29,1.778e-17,3.434e-20,1.667e-31,2.457e-17,,,,3.527e-18,1.383e-36,1.798e+1,,1.127e-24,1.057e-18,,,2.523e-3,1.809e-4,5.224e-19,1.237e-28,,9.816e-22,,1.482e-16,1.804e-1,,2.131e-19,1.454e-5,8.468e-2,,,,,2.386e-12,,,,,,,,,,,,,,
721.33,1.781e+1,5.653e-9,2.595e-8,7.566e-42,1.697e-17,,,1.305e-18,1.435e-19,,3.434e-16,3.905e-20,3.952e-29,1.778e-17,3.451e-20,1.667e-31,2.460e-17,,,,3.528e-18,1.386e-36,1.751e+1,,1.125e-24,1.058e-18,,,2.730e-3,1.357e-4,5.231e-19,1.237e-28,,9.818e-22,,1.483e-16,1.943e-1,,2.130e-19,1.917e-5,9.935e-2,,,,,1.568e-12,,,,,,,,,,,,,,
721.35,1.750e+1,6.929e-9,2.962e-8,7.559e-42,1.697e-17,,,1.305e-18,1.435e-19,,3.436e-16,3.917e-20,3.952e-29,1.778e-17,3.463e-20,1.667e-31,2.463e-17,,,,3.528e-18,1.388e-36,1.718e+1,,1.123e-24,1.059e-18,,,2.872e-3,1.119e-4,5.236e-19,1.237e-28,,9.820e-22,,1.483e-16,2.038e-1,,2.130e-19,2.301e-5,1.103e-1,,,,,1.183e-12,,,,,,,,,,,,,,
721.38,1.702e+1,9.378e-9,3.604e-8,7.549e-42,1.698e-17,,,1.305e-18,1.436e-19,,3.439e-16,3.936e-20,3.953e-29,1.778e-17,3.480e-20,1.667e-31,2.466e-17,,,,3.529e-18,1.391e-36,1.667e+1,,1.121e-24,1.060e-18,,,3.091e-3,8.349e-5,5.243e-19,1.237e-28,,9.823e-22,,1.483e-16,2.184e-1,,2.129e-19,3.018e-5,1.287e-1,,,,,7.733e-13,,,,,,,,,,,,,,
721.4,1.668e+1,1.145e-8,4.100e-8,7.543e-42,1.698e-17,,,1.304e-18,1.436e-19,,3.440e-16,3.948e-20,3.953e-29,1.778e-17,3.491e-20,1.667e-31,2.468e-17,,,,3.529e-18,1.393e-36,1.631e+1,,1.120e-24,1.060e-18,,,3.241e-3,6.856e-5,5.247e-19,1.237e-28,,9.824e-22,,1.483e-16,2.282e-1,,2.128e-19,3.609e-5,1.424e-1,,,,,5.813e-13,,,,,,,,,,,,,,
721.43,1.617e+1,1.542e-8,4.962e-8,7.533e-42,1.699e-17,,,1.304e-18,1.436e-19,,3.443e-16,3.967e-20,3.953e-29,1.778e-17,3.508e-20,1.667e-31,2.471e-17,,,,3.530e-18,1.396e-36,1.576e+1,,1.117e-24,1.061e-18,,,3.469e-3,5.088e-5,5.254e-19,1.237e-28,,9.827e-22,,1.484e-16,2.431e-1,,2.127e-19,4.707e-5,1.653e-1,,,,,3.779e-13,,,,,,,,,,,,,,
721.45,1.582e+1,1.876e-8,5.626e-8,7.526e-42,1.699e-17,,,1.304e-18,1.437e-19,,3.445e-16,3.979e-20,3.953e-29,1.778e-17,3.520e-20,1.667e-31,2.473e-17,,,,3.530e-18,1.398e-36,1.538e+1,,1.116e-24,1.062e-18,,,3.624e-3,4.163e-5,5.259e-19,1.237e-28,,9.828e-22,,1.484e-16,2.531e-1,,2.127e-19,5.609e-5,1.822e-1,,,,,2.830e-13,,,,,,,,,,,,,,
721.48,1.529e+1,2.511e-8,6.773e-8,7.516e-42,1.700e-17,,,1.304e-18,1.437e-19,,3.447e-16,3.998e-20,3.953e-29,1.778e-17,3.537e-20,1.667e-31,2.476e-17,,,,3.531e-18,1.401e-36,1.481e+1,,1.114e-24,1.063e-18,,,3.859e-3,3.072e-5,5.265e-19,1.237e-28,,9.831e-22,,1.484e-16,2.682e-1,,2.126e-19,7.275e-5,2.103e-1,,,,,1.829e-13,,,,,,,,,,,,,,
721.5,1.493e+1,3.045e-8,7.652e-8,7.509e-42,1.700e-17,,,1.304e-18,1.438e-19,,3.449e-16,4.010e-20,3.953e-29,1.778e-17,3.548e-20,1.667e-31,2.478e-17,,,,3.531e-18,1.403e-36,1.442e+1,,1.112e-24,1.063e-18,,,4.017e-3,2.504e-5,5.270e-19,1.237e-28,,9.832e-22,,1.484e-16,2.782e-1,,2.125e-19,8.637e-5,2.310e-1,,,,,1.365e-13,,,,,,,,,,,,,,
721.52,1.457e+1,3.686e-8,8.632e-8,7.503e-42,1.700e-17,,,1.304e-18,1.438e-19,,3.450e-16,4.022e-20,3.954e-29,1.778e-17,3.559e-20,1.667e-31,2.480e-17,,,,3.531e-18,1.405e-36,1.402e+1,,1.111e-24,1.064e-18,,,4.175e-3,2.038e-5,5.275e-19,1.237e-28,,9.834e-22,,1.484e-16,2.882e-1,,2.125e-19,1.024e-4,2.533e-1,,,,,1.017e-13,,,,,,,,,,,,,,
721.55,1.403e+1,4.897e-8,1.032e-7,7.493e-42,1.701e-17,,,1.304e-18,1.438e-19,,3.453e-16,4.041e-20,3.954e-29,1.778e-17,3.576e-20,1.667e-31,2.484e-17,,,,3.532e-18,1.408e-36,1.343e+1,,1.108e-24,1.065e-18,,,4.413e-3,1.492e-5,5.281e-19,1.237e-28,,9.837e-22,,1.485e-16,3.030e-1,,2.124e-19,1.318e-4,2.901e-1,,,,,6.523e-14,,,,,,,,,,,,,,
721.57,1.367e+1,5.907e-8,1.160e-7,7.486e-42,1.701e-17,,,1.304e-18,1.439e-19,,3.455e-16,4.053e-20,3.954e-29,1.778e-17,3.588e-20,1.667e-31,2.486e-17,,,,3.532e-18,1.410e-36,1.304e+1,,1.107e-24,1.065e-18,,,4.571e-3,1.210e-5,5.286e-19,1.237e-28,,9.838e-22,,1.485e-16,3.127e-1,,2.123e-19,1.557e-4,3.170e-1,,,,,4.842e-14,,,,,,,,,,,,,,
721.6,1.313e+1,7.804e-8,1.379e-7,7.476e-42,1.702e-17,,,1.304e-18,1.439e-19,,3.457e-16,4.072e-20,3.954e-29,1.778e-17,3.605e-20,1.667e-31,2.489e-17,,,,3.533e-18,1.413e-36,1.244e+1,,1.105e-24,1.066e-18,,,4.805e-3,8.812e-6,5.293e-19,1.237e-28,,9.841e-22,,1.485e-16,3.270e-1,,2.123e-19,1.993e-4,3.610e-1,,,,,3.089e-14,,,,,,,,,,,,,,
721.62,1.278e+1,9.379e-8,1.545e-7,7.470e-42,1.702e-17,,,1.304e-18,1.439e-19,,3.459e-16,4.084e-20,3.954e-29,1.778e-17,3.616e-20,1.667e-31,2.491e-17,,,,3.533e-18,1.415e-36,1.205e+1,,1.103e-24,1.067e-18,,,4.959e-3,7.120e-6,5.297e-19,1.238e-28,,9.842e-22,,1.485e-16,3.362e-1,,2.122e-19,2.345e-4,3.930e-1,,,,,2.285e-14,,,,,,,,,,,,,,
721.65,1.226e+1,1.232e-7,1.828e-7,7.460e-42,1.702e-17,,,1.304e-18,1.440e-19,,3.461e-16,4.103e-20,3.954e-29,1.778e-17,3.633e-20,1.667e-31,2.494e-17,,,,3.534e-18,1.418e-36,1.146e+1,,1.101e-24,1.068e-18,,,5.186e-3,5.156e-6,5.304e-19,1.238e-28,,9.845e-22,,1.486e-16,3.496e-1,,2.121e-19,2.986e-4,4.452e-1,,,,,1.449e-14,,,,,,,,,,,,,,
721.67,1.192e+1,1.476e-7,2.041e-7,7.453e-42,1.703e-17,,,1.304e-18,1.440e-19,,3.463e-16,4.115e-20,3.954e-29,1.778e-17,3.645e-20,1.667e-31,2.496e-17,,,,3.534e-18,1.420e-36,1.107e+1,,1.099e-24,1.068e-18,,,5.334e-3,4.150e-6,5.309e-19,1.238e-28,,9.846e-22,,1.486e-16,3.582e-1,,2.121e-19,3.501e-4,4.829e-1,,,,,1.068e-14,,,,,,,,,,,,,,
721.7,1.141e+1,1.929e-7,2.401e-7,7.443e-42,1.703e-17,,,1.304e-18,1.441e-19,,3.466e-16,4.134e-20,3.955e-29,1.778e-17,3.662e-20,1.667e-31,2.499e-17,,,,3.535e-18,1.423e-36,1.049e+1,,1.097e-24,1.069e-18,,,5.548e-3,2.989e-6,5.316e-19,1.238e-28,,9.849e-22,,1.486e-16,3.704e-1,,2.120e-19,4.433e-4,5.441e-1,,,,,6.750e-15,,,,,,,,,,,,,,
721.72,1.109e+1,2.301e-7,2.672e-7,7.436e-42,1.703e-17,,,1.304e-18,1.441e-19,,3.467e-16,4.146e-20,3.955e-29,1.778e-17,3.673e-20,1.668e-31,2.502e-17,,,,3.535e-18,1.425e-36,1.011e+1,,1.096e-24,1.070e-18,,,5.685e-3,2.397e-6,5.320e-19,1.238e-28,,9.851e-22,,1.486e-16,3.781e-1,,2.119e-19,5.179e-4,5.880e-1,,,,,4.966e-15,,,,,,,,,,,,,,
721.75,1.061e+1,2.991e-7,3.129e-7,7.426e-42,1.704e-17,,,1.304e-18,1.442e-19,,3.470e-16,4.165e-20,3.955e-29,1.778e-17,3.690e-20,1.668e-31,2.505e-17,,,,3.535e-18,1.428e-36,9.558e+0,,1.093e-24,1.071e-18,,,5.882e-3,1.716e-6,5.327e-19,1.238e-28,,9.853e-22,,1.486e-16,3.889e-1,,2.118e-19,6.523e-4,6.588e-1,,,,,3.139e-15,,,,,,,,,,,,,,
721.77,1.030e+1,3.555e-7,3.469e-7,7.420e-42,1.704e-17,,,1.304e-18,1.442e-19,,3.472e-16,4.177e-20,3.955e-29,1.778e-17,3.702e-20,1.668e-31,2.507e-17,,,,3.536e-18,1.430e-36,9.193e+0,,1.092e-24,1.071e-18,,,6.007e-3,1.371e-6,5.332e-19,1.238e-28,,9.855e-22,,1.487e-16,3.955e-1,,2.118e-19,7.592e-4,7.094e-1,,,,,2.322e-15,,,,,,,,,,,,,,
721.8,9.861e+0,4.595e-7,4.041e-7,7.410e-42,1.705e-17,,,1.304e-18,1.442e-19,,3.474e-16,4.196e-20,3.955e-29,1.778e-17,3.719e-20,1.668e-31,2.510e-17,,,,3.536e-18,1.433e-36,8.659e+0,,1.090e-24,1.072e-18,,,6.182e-3,9.768e-7,5.339e-19,1.238e-28,,9.857e-22,,1.487e-16,4.046e-1,,2.117e-19,9.509e-4,7.905e-1,,,,,1.504e-15,,,,,,,,,,,,,,
721.82,9.577e+0,5.443e-7,4.467e-7,7.403e-42,1.705e-17,,,1.304e-18,1.443e-19,,3.476e-16,4.208e-20,3.955e-29,1.778e-17,3.730e-20,1.668e-31,2.512e-17,,,,3.537e-18,1.435e-36,8.311e+0,,1.088e-24,1.073e-18,,,6.291e-3,7.775e-7,5.343e-19,1.238e-28,,9.859e-22,,1.487e-16,4.100e-1,,2.116e-19,1.103e-3,8.480e-1,,,,,1.154e-15,,,,,,,,,,,,,,
721.85,9.168e+0,6.997e-7,5.177e-7,7.393e-42,1.706e-17,,,1.303e-18,1.443e-19,,3.478e-16,4.226e-20,3.956e-29,1.777e-17,3.747e-20,1.668e-31,2.515e-17,,,,3.537e-18,1.438e-36,7.803e+0,,1.086e-24,1.074e-18,,,6.440e-3,5.507e-7,5.350e-19,1.238e-28,,9.861e-22,,1.487e-16,4.170e-1,,2.116e-19,1.374e-3,9.398e-1,,,,,8.403e-16,,,,,,,,,,,,,,
721.87,8.908e+0,8.257e-7,5.703e-7,7.387e-42,1.706e-17,,,1.303e-18,1.444e-19,,3.480e-16,4.239e-20,3.956e-29,1.777e-17,3.759e-20,1.668e-31,2.517e-17,,,,3.538e-18,1.440e-36,7.474e+0,,1.084e-24,1.074e-18,,,6.530e-3,4.367e-7,5.355e-19,1.238e-28,,9.863e-22,,1.487e-16,4.211e-1,,2.115e-19,1.587e-3,1.005e+0,,,,,7.413e-16,,,,,,,,,,,,,,
721.9,8.537e+0,1.056e-6,6.576e-7,7.377e-42,1.706e-17,,,1.303e-18,1.444e-19,,3.483e-16,4.257e-20,3.956e-29,1.777e-17,3.776e-20,1.668e-31,2.521e-17,,,,3.538e-18,1.443e-36,6.995e+0,,1.082e-24,1.075e-18,,,6.650e-3,3.076e-7,5.361e-19,1.238e-28,,9.865e-22,,1.488e-16,4.260e-1,,2.114e-19,1.966e-3,1.107e+0,,,,,7.335e-16,,,,,,,,,,,,,,
721.92,8.302e+0,1.241e-6,7.220e-7,7.370e-42,1.707e-17,,,1.303e-18,1.444e-19,,3.484e-16,4.270e-20,3.956e-29,1.777e-17,3.787e-20,1.668e-31,2.523e-17,,,,3.539e-18,1.445e-36,6.686e+0,,1.081e-24,1.076e-18,,,6.719e-3,2.431e-7,5.366e-19,1.238e-28,,9.867e-22,,1.488e-16,4.285e-1,,2.114e-19,2.264e-3,1.179e+0,,,,,8.211e-16,,,,,,,,,,,,,,
721.94,8.078e+0,1.457e-6,7.916e-7,7.363e-42,1.707e-17,,,1.303e-18,1.445e-19,,3.486e-16,4.282e-20,3.956e-29,1.777e-17,3.799e-20,1.668e-31,2.525e-17,,,,3.539e-18,1.447e-36,6.385e+0,,1.079e-24,1.076e-18,,,6.779e-3,1.918e-7,5.371e-19,1.238e-28,,9.869e-22,,1.488e-16,4.304e-1,,2.113e-19,2.603e-3,1.254e+0,,,,,9.914e-16,,,,,,,,,,,,,,
721.97,7.763e+0,1.849e-6,9.066e-7,7.353e-42,1.708e-17,,,1.303e-18,1.445e-19,,3.488e-16,4.301e-20,3.956e-29,1.777e-17,3.816e-20,1.668e-31,2.528e-17,,,,3.540e-18,1.450e-36,5.949e+0,,1.077e-24,1.077e-18,,,6.852e-3,1.340e-7,5.377e-19,1.238e-28,,9.871e-22,,1.488e-16,4.322e-1,,2.112e-19,3.200e-3,1.371e+0,,,,,1.439e-15,,,,,,,,,,,,,,
721.99,7.565e+0,2.163e-6,9.908e-7,7.347e-42,1.708e-17,,,1.303e-18,1.446e-19,,3.490e-16,4.313e-20,3.956e-29,1.777e-17,3.827e-20,1.668e-31,2.530e-17,,,,3.540e-18,1.452e-36,5.669e+0,,1.075e-24,1.078e-18,,,6.890e-3,1.054e-7,5.382e-19,1.238e-28,,9.873e-22,,1.489e-16,4.325e-1,,2.112e-19,3.665e-3,1.453e+0,,,,,1.907e-15,,,,,,,,,,,,,,
722.02,7.289e+0,2.730e-6,1.129e-6,7.337e-42,1.708e-17,,,1.303e-18,1.446e-19,,3.493e-16,4.332e-20,3.957e-29,1.777e-17,3.844e-20,1.668e-31,2.533e-17,,,,3.540e-18,1.455e-36,5.266e+0,,1.073e-24,1.079e-18,,,6.927e-3,7.322e-8,5.389e-19,1.238e-28,,9.875e-22,,1.489e-16,4.319e-1,,2.111e-19,4.481e-3,1.580e+0,,,,,2.972e-15,,,,,,,,,,,,,,
722.04,7.118e+0,3.182e-6,1.230e-6,7.330e-42,1.709e-17,,,1.303e-18,1.446e-19,,3.494e-16,4.344e-20,3.957e-29,1.777e-17,3.855e-20,1.668e-31,2.535e-17,,,,3.541e-18,1.457e-36,5.007e+0,,1.072e-24,1.079e-18,,,6.941e-3,5.734e-8,5.393e-19,1.238e-28,,9.877e-22,,1.489e-16,4.307e-1,,2.110e-19,5.115e-3,1.668e+0,,,,,4.019e-15,,,,,,,,,,,,,,
722.07,6.881e+0,3.993e-6,1.395e-6,7.320e-42,1.709e-17,,,1.303e-18,1.447e-19,,3.497e-16,4.363e-20,3.957e-29,1.777e-17,3.873e-20,1.668e-31,2.538e-17,,,,3.541e-18,1.460e-36,4.635e+0,,1.069e-24,1.080e-18,,,6.942e-3,3.963e-8,5.400e-19,1.238e-28,,9.879e-22,,1.489e-16,4.277e-1,,2.109e-19,6.219e-3,1.805e+0,,,,,6.336e-15,,,,,,,,,,,,,,
722.09,6.736e+0,4.637e-6,1.514e-6,7.313e-42,1.710e-17,,,1.303e-18,1.447e-19,,3.499e-16,4.375e-20,3.957e-29,1.777e-17,3.884e-20,1.668e-31,2.541e-17,,,,3.542e-18,1.462e-36,4.398e+0,,1.068e-24,1.081e-18,,,6.931e-3,3.093e-8,5.405e-19,1.238e-28,,9.881e-22,,1.489e-16,4.250e-1,,2.109e-19,7.072e-3,1.898e+0,,,,,8.581e-15,,,,,,,,,,,,,,
722.12,6.536e+0,5.788e-6,1.709e-6,7.304e-42,1.710e-17,,,1.303e-18,1.448e-19,,3.501e-16,4.394e-20,3.957e-29,1.777e-17,3.901e-20,1.668e-31,2.544e-17,,,,3.542e-18,1.465e-36,4.059e+0,,1.066e-24,1.082e-18,,,6.896e-3,2.126e-8,5.412e-19,1.238e-28,,9.884e-22,,1.490e-16,4.198e-1,,2.108e-19,8.552e-3,2.042e+0,,,,,1.350e-14,,,,,,,,,,,,,,
722.14,6.415e+0,6.697e-6,1.850e-6,7.297e-42,1.710e-17,,,1.303e-18,1.448e-19,,3.503e-16,4.406e-20,3.957e-29,1.777e-17,3.912e-20,1.668e-31,2.546e-17,,,,3.543e-18,1.467e-36,3.842e+0,,1.064e-24,1.082e-18,,,6.860e-3,1.652e-8,5.416e-19,1.239e-28,,9.885e-22,,1.490e-16,4.156e-1,,2.107e-19,9.689e-3,2.140e+0,,,,,1.824e-14,,,,,,,,,,,,,,
722.17,6.250e+0,8.313e-6,2.078e-6,7.287e-42,1.711e-17,,,1.303e-18,1.448e-19,,3.505e-16,4.424e-20,3.957e-29,1.777e-17,3.930e-20,1.668e-31,2.549e-17,,,,3.543e-18,1.470e-36,3.534e+0,,1.062e-24,1.083e-18,,,6.790e-3,1.129e-8,5.423e-19,1.239e-28,,9.888e-22,,1.490e-16,4.083e-1,,2.107e-19,1.165e-2,2.290e+0,,,,,2.857e-14,,,,,,,,,,,,,,
722.19,6.151e+0,9.584e-6,2.242e-6,7.280e-42,1.711e-17,,,1.303e-18,1.449e-19,,3.507e-16,4.437e-20,3.958e-29,1.777e-17,3.941e-20,1.668e-31,2.551e-17,,,,3.544e-18,1.472e-36,3.338e+0,,1.060e-24,1.084e-18,,,6.732e-3,8.748e-9,5.428e-19,1.239e-28,,9.889e-22,,1.490e-16,4.028e-1,,2.106e-19,1.316e-2,2.391e+0,,,,,3.846e-14,,,,,,,,,,,,,,
722.22,6.019e+0,1.183e-5,2.506e-6,7.270e-42,1.712e-17,,,1.303e-18,1.449e-19,,3.510e-16,4.455e-20,3.958e-29,1.777e-17,3.958e-20,1.669e-31,2.554e-17,,,,3.544e-18,1.475e-36,3.059e+0,,1.058e-24,1.085e-18,,,6.628e-3,5.946e-9,5.435e-19,1.239e-28,,9.892e-22,,1.491e-16,3.937e-1,,2.105e-19,1.574e-2,2.544e+0,,,,,5.991e-14,,,,,,,,,,,,,,
722.24,5.941e+0,1.359e-5,2.695e-6,7.264e-42,1.712e-17,,,1.303e-18,1.450e-19,,3.511e-16,4.468e-20,3.958e-29,1.777e-17,3.969e-20,1.669e-31,2.556e-17,,,,3.544e-18,1.477e-36,2.883e+0,,1.057e-24,1.085e-18,,,6.548e-3,4.588e-9,5.439e-19,1.239e-28,,9.893e-22,,1.491e-16,3.870e-1,,2.105e-19,1.770e-2,2.647e+0,,,,,8.037e-14,,,,,,,,,,,,,,
722.27,5.837e+0,1.669e-5,2.999e-6,7.254e-42,1.712e-17,,,1.302e-18,1.450e-19,,3.514e-16,4.486e-20,3.958e-29,1.777e-17,3.986e-20,1.669e-31,2.560e-17,,,,3.545e-18,1.480e-36,2.633e+0,,1.054e-24,1.086e-18,,,6.413e-3,3.102e-9,5.446e-19,1.239e-28,,9.896e-22,,1.491e-16,3.763e-1,,2.104e-19,2.105e-2,2.801e+0,,,,,1.245e-13,,,,,,,,,,,,,,
722.29,5.777e+0,1.910e-5,3.215e-6,7.247e-42,1.713e-17,,,1.302e-18,1.450e-19,,3.515e-16,4.499e-20,3.958e-29,1.777e-17,3.998e-20,1.669e-31,2.562e-17,,,,3.545e-18,1.482e-36,2.475e+0,,1.053e-24,1.087e-18,,,6.313e-3,2.384e-9,5.450e-19,1.239e-28,,9.898e-22,,1.491e-16,3.687e-1,,2.103e-19,2.359e-2,2.903e+0,,,,,1.664e-13,,,,,,,,,,,,,,
722.31,5.723e+0,2.183e-5,3.443e-6,7.240e-42,1.713e-17,,,1.302e-18,1.451e-19,,3.517e-16,4.511e-20,3.958e-29,1.777e-17,4.009e-20,1.669e-31,2.564e-17,,,,3.546e-18,1.484e-36,2.325e+0,,1.051e-24,1.087e-18,,,6.207e-3,1.830e-9,5.455e-19,1.239e-28,,9.899e-22,,1.491e-16,3.607e-1,,2.103e-19,2.640e-2,3.005e+0,,,,,2.222e-13,,,,,,,,,,,,,,
722.34,5.653e+0,2.659e-5,3.806e-6,7.231e-42,1.714e-17,,,1.302e-18,1.451e-19,,3.520e-16,4.530e-20,3.959e-29,1.777e-17,4.026e-20,1.669e-31,2.567e-17,,,,3.546e-18,1.487e-36,2.113e+0,,1.049e-24,1.088e-18,,,6.034e-3,1.228e-9,5.462e-19,1.239e-28,,9.902e-22,,1.492e-16,3.482e-1,,2.102e-19,3.117e-2,3.155e+0,,,,,3.416e-13,,,,,,,,,,,,,,
722.36,5.614e+0,3.028e-5,4.063e-6,7.224e-42,1.714e-17,,,1.302e-18,1.452e-19,,3.521e-16,4.542e-20,3.959e-29,1.777e-17,4.038e-20,1.669e-31,2.569e-17,,,,3.547e-18,1.489e-36,1.979e+0,,1.048e-24,1.089e-18,,,5.912e-3,9.390e-10,5.466e-19,1.239e-28,,9.903e-22,,1.492e-16,3.396e-1,,2.101e-19,3.475e-2,3.254e+0,,,,,4.543e-13,,,,,,,,,,,,,,
722.39,5.563e+0,3.669e-5,4.471e-6,7.214e-42,1.714e-17,,,1.302e-18,1.452e-19,,3.524e-16,4.561e-20,3.959e-29,1.777e-17,4.055e-20,1.669e-31,2.572e-17,,,,3.547e-18,1.492e-36,1.792e+0,,1.045e-24,1.090e-18,,,5.718e-3,6.263e-10,5.473e-19,1.239e-28,,9.906e-22,,1.492e-16,3.263e-1,,2.100e-19,4.080e-2,3.398e+0,,,,,6.948e-13,,,,,,,,,,,,,,
722.41,5.535e+0,4.163e-5,4.758e-6,7.207e-42,1.715e-17,,,1.302e-18,1.452e-19,,3.526e-16,4.573e-20,3.959e-29,1.777e-17,4.066e-20,1.669e-31,2.574e-17,,,,3.548e-18,1.494e-36,1.675e+0,,1.044e-24,1.090e-18,,,5.582e-3,4.773e-10,5.478e-19,1.239e-28,,9.907e-22,,1.492e-16,3.173e-1,,2.100e-19,4.532e-2,3.491e+0,,,,,9.206e-13,,,,,,,,,,,,,,
722.44,5.499e+0,5.017e-5,5.213e-6,7.197e-42,1.715e-17,,,1.302e-18,1.453e-19,,3.528e-16,4.591e-20,3.959e-29,1.777e-17,4.083e-20,1.669e-31,2.578e-17,,,,3.548e-18,1.497e-36,1.511e+0,,1.042e-24,1.091e-18,,,5.370e-3,3.166e-10,5.485e-19,1.239e-28,,9.910e-22,,1.493e-16,3.035e-1,,2.099e-19,5.292e-2,3.626e+0,,,,,1.400e-12,,,,,,,,,,,,,,
722.46,5.480e+0,5.671e-5,5.531e-6,7.191e-42,1.716e-17,,,1.302e-18,1.453e-19,,3.530e-16,4.604e-20,3.959e-29,1.777e-17,4.095e-20,1.669e-31,2.580e-17,,,,3.549e-18,1.499e-36,1.409e+0,,1.040e-24,1.092e-18,,,5.225e-3,2.403e-10,5.489e-19,1.239e-28,,9.912e-22,,1.493e-16,2.942e-1,,2.098e-19,5.858e-2,3.712e+0,,,,,1.849e-12,,,,,,,,,,,,,,
722.49,5.455e+0,6.797e-5,6.032e-6,7.181e-42,1.716e-17,,,1.302e-18,1.454e-19,,3.532e-16,4.622e-20,3.959e-29,1.777e-17,4.112e-20,1.669e-31,2.583e-17,,,,3.549e-18,1.502e-36,1.267e+0,,1.038e-24,1.093e-18,,,5.001e-3,1.585e-10,5.496e-19,1.239e-28,,9.914e-22,,1.493e-16,2.803e-1,,2.097e-19,6.802e-2,3.835e+0,,,,,2.797e-12,,,,,,,,,,,,,,
722.51,5.441e+0,7.656e-5,6.382e-6,7.174e-42,1.716e-17,,,1.302e-18,1.454e-19,,3.534e-16,4.635e-20,3.960e-29,1.777e-17,4.123e-20,1.669e-31,2.585e-17,,,,3.549e-18,1.504e-36,1.179e+0,,1.037e-24,1.093e-18,,,4.848e-3,1.199e-10,5.501e-19,1.239e-28,,9.916e-22,,1.493e-16,2.711e-1,,2.097e-19,7.501e-2,3.911e+0,,,,,3.679e-12,,,,,,,,,,,,,,
722.54,5.423e+0,9.126e-5,6.929e-6,7.164e-42,1.717e-17,,,1.302e-18,1.454e-19,,3.537e-16,4.653e-20,3.960e-29,1.777e-17,4.140e-20,1.669e-31,2.588e-17,,,,3.550e-18,1.507e-36,1.056e+0,,1.034e-24,1.094e-18,,,4.616e-3,7.866e-11,5.508e-19,1.239e-28,,9.918e-22,,1.494e-16,2.574e-1,,2.096e-19,8.664e-2,4.018e+0,,,,,5.535e-12,,,,,,,,,,,,,,
722.56,5.412e+0,1.024e-4,7.309e-6,7.157e-42,1.717e-17,,,1.302e-18,1.455e-19,,3.538e-16,4.666e-20,3.960e-29,1.777e-17,4.152e-20,1.669e-31,2.590e-17,,,,3.550e-18,1.509e-36,9.809e-1,,1.033e-24,1.095e-18,,,4.460e-3,5.928e-11,5.512e-19,1.239e-28,,9.920e-22,,1.494e-16,2.484e-1,,2.096e-19,9.519e-2,4.083e+0,,,,,7.255e-12,,,,,,,,,,,,,,
722.59,5.397e+0,1.214e-4,7.901e-6,7.148e-42,1.718e-17,,,1.302e-18,1.455e-19,,3.541e-16,4.684e-20,3.960e-29,1.777e-17,4.169e-20,1.669e-31,2.593e-17,,,,3.551e-18,1.512e-36,8.767e-1,,1.031e-24,1.096e-18,,,4.224e-3,3.867e-11,5.519e-19,1.239e-28,,9.922e-22,,1.494e-16,2.352e-1,,2.095e-19,1.093e-1,4.172e+0,,,,,1.086e-11,,,,,,,,,,,,,,
722.61,5.387e+0,1.358e-4,8.310e-6,7.141e-42,1.718e-17,,,1.302e-18,1.456e-19,,3.542e-16,4.697e-20,3.960e-29,1.777e-17,4.180e-20,1.669e-31,2.595e-17,,,,3.551e-18,1.514e-36,8.129e-1,,1.029e-24,1.096e-18,,,4.067e-3,2.903e-11,5.524e-19,1.239e-28,,9.924e-22,,1.494e-16,2.267e-1,,2.094e-19,1.197e-1,4.224e+0,,,,,1.418e-11,,,,,,,,,,,,,,
722.64,5.372e+0,1.601e-4,8.944e-6,7.131e-42,1.719e-17,,,1.302e-18,1.456e-19,,3.545e-16,4.715e-20,3.960e-29,1.776e-17,4.197e-20,1.669e-31,2.599e-17,,,,3.552e-18,1.517e-36,7.255e-1,,1.027e-24,1.097e-18,,,3.832e-3,1.884e-11,5.530e-19,1.239e-28,,9.926e-22,,1.494e-16,2.144e-1,,2.093e-19,1.367e-1,4.292e+0,,,,,2.110e-11,,,,,,,,,,,,,,
722.66,5.361e+0,1.783e-4,9.380e-6,7.124e-42,1.719e-17,,,1.302e-18,1.456e-19,,3.547e-16,4.728e-20,3.960e-29,1.776e-17,4.209e-20,1.669e-31,2.601e-17,,,,3.552e-18,1.519e-36,6.724e-1,,1.025e-24,1.098e-18,,,3.677e-3,1.409e-11,5.535e-19,1.240e-28,,9.928e-22,,1.495e-16,2.066e-1,,2.093e-19,1.492e-1,4.329e+0,,,,,2.746e-11,,,,,,,,,,,,,,
722.68,5.350e+0,1.984e-4,9.826e-6,7.118e-42,1.719e-17,,,1.302e-18,1.457e-19,,3.548e-16,4.740e-20,3.961e-29,1.776e-17,4.220e-20,1.670e-31,2.603e-17,,,,3.553e-18,1.521e-36,6.232e-1,,1.024e-24,1.098e-18,,,3.523e-3,1.052e-11,5.540e-19,1.240e-28,,9.930e-22,,1.495e-16,1.990e-1,,2.092e-19,1.625e-1,4.361e+0,,,,,3.568e-11,,,,,,,,,,,,,,
722.71,5.330e+0,2.321e-4,1.051e-5,7.108e-42,1.720e-17,,,1.301e-18,1.457e-19,,3.551e-16,4.759e-20,3.961e-29,1.776e-17,4.237e-20,1.670e-31,2.606e-17,,,,3.553e-18,1.524e-36,5.568e-1,,1.022e-24,1.099e-18,,,3.295e-3,6.774e-12,5.546e-19,1.240e-28,,9.932e-22,,1.495e-16,1.883e-1,,2.091e-19,1.842e-1,4.397e+0,,,,,5.270e-11,,,,,,,,,,,,,,
722.73,5.315e+0,2.572e-4,1.098e-5,7.101e-42,1.720e-17,,,1.301e-18,1.458e-19,,3.553e-16,4.771e-20,3.961e-29,1.776e-17,4.248e-20,1.670e-31,2.608e-17,,,,3.554e-18,1.526e-36,5.170e-1,,1.020e-24,1.100e-18,,,3.147e-3,5.041e-12,5.551e-19,1.240e-28,,9.934e-22,,1.495e-16,1.816e-1,,2.091e-19,1.999e-1,4.414e+0,,,,,6.822e-11,,,,,,,,,,,,,,
722.76,5.291e+0,2.993e-4,1.170e-5,7.091e-42,1.720e-17,,,1.301e-18,1.458e-19,,3.555e-16,4.789e-20,3.961e-29,1.776e-17,4.265e-20,1.670e-31,2.611e-17,,,,3.554e-18,1.529e-36,4.641e-1,,1.018e-24,1.101e-18,,,2.928e-3,3.227e-12,5.558e-19,1.240e-28,,9.936e-22,,1.495e-16,1.724e-1,,2.090e-19,2.253e-1,4.426e+0,,,,,1.002e-10,,,,,,,,,,,,,,
722.78,5.272e+0,3.306e-4,1.219e-5,7.084e-42,1.721e-17,,,1.301e-18,1.458e-19,,3.557e-16,4.802e-20,3.961e-29,1.776e-17,4.277e-20,1.670e-31,2.613e-17,,,,3.554e-18,1.531e-36,4.330e-1,,1.016e-24,1.101e-18,,,2.786e-3,2.393e-12,5.562e-19,1.240e-28,,9.938e-22,,1.496e-16,1.667e-1,,2.089e-19,2.436e-1,4.426e+0,,,,,1.293e-10,,,,,,,,,,,,,,
722.81,5.241e+0,3.826e-4,1.293e-5,7.075e-42,1.721e-17,,,1.301e-18,1.459e-19,,3.559e-16,4.820e-20,3.961e-29,1.776e-17,4.294e-20,1.670e-31,2.617e-17,,,,3.555e-18,1.534e-36,3.926e-1,,1.014e-24,1.102e-18,,,2.580e-3,1.523e-12,5.569e-19,1.240e-28,,9.940e-22,,1.496e-16,1.591e-1,,2.088e-19,2.732e-1,4.414e+0,,,,,1.889e-10,,,,,,,,,,,,,,
722.83,5.219e+0,4.209e-4,1.343e-5,7.068e-42,1.722e-17,,,1.301e-18,1.459e-19,,3.561e-16,4.833e-20,3.962e-29,1.776e-17,4.305e-20,1.670e-31,2.619e-17,,,,3.555e-18,1.536e-36,3.695e-1,,1.013e-24,1.103e-18,,,2.446e-3,1.125e-12,5.574e-19,1.240e-28,,9.942e-22,,1.496e-16,1.545e-1,,2.088e-19,2.943e-1,4.397e+0,,,,,2.428e-10,,,,,,,,,,,,,,
722.86,5.182e+0,4.845e-4,1.418e-5,7.058e-42,1.722e-17,,,1.301e-18,1.460e-19,,3.564e-16,4.851e-20,3.962e-29,1.776e-17,4.322e-20,1.670e-31,2.622e-17,,,,3.556e-18,1.539e-36,3.408e-1,,1.010e-24,1.104e-18,,,2.253e-3,7.122e-13,5.581e-19,1.240e-28,,9.945e-22,,1.496e-16,1.486e-1,,2.087e-19,3.282e-1,4.361e+0,,,,,3.528e-10,,,,,,,,,,,,,,
722.88,5.155e+0,5.312e-4,1.469e-5,7.051e-42,1.722e-17,,,1.301e-18,1.460e-19,,3.565e-16,4.864e-20,3.962e-29,1.776e-17,4.334e-20,1.670e-31,2.624e-17,,,,3.556e-18,1.541e-36,3.254e-1,,1.009e-24,1.104e-18,,,2.129e-3,5.242e-13,5.585e-19,1.240e-28,,9.946e-22,,1.497e-16,1.453e-1,,2.086e-19,3.523e-1,4.329e+0,,,,,4.518e-10,,,,,,,,,,,,,,
722.91,5.113e+0,6.080e-4,1.546e-5,7.041e-42,1.723e-17,,,1.301e-18,1.460e-19,,3.568e-16,4.882e-20,3.962e-29,1.776e-17,4.351e-20,1.670e-31,2.627e-17,,,,3.557e-18,1.544e-36,3.078e-1,,1.007e-24,1.105e-18,,,1.951e-3,3.300e-13,5.592e-19,1.240e-28,,9.949e-22,,1.497e-16,1.413e-1,,2.086e-19,3.907e-1,4.270e+0,,,,,6.529e-10,,,,,,,,,,,,,,
722.93,5.083e+0,6.641e-4,1.597e-5,7.035e-42,1.723e-17,,,1.301e-18,1.461e-19,,3.569e-16,4.895e-20,3.962e-29,1.776e-17,4.362e-20,1.670e-31,2.629e-17,,,,3.557e-18,1.546e-36,2.998e-1,,1.005e-24,1.106e-18,,,1.837e-3,2.420e-13,5.597e-19,1.240e-28,,9.950e-22,,1.497e-16,1.392e-1,,2.085e-19,4.179e-1,4.224e+0,,,,,8.331e-10,,,,,,,,,,,,,,
722.96,5.037e+0,7.561e-4,1.673e-5,7.025e-42,1.724e-17,,,1.301e-18,1.461e-19,,3.572e-16,4.913e-20,3.962e-29,1.776e-17,4.379e-20,1.670e-31,2.632e-17,,,,3.558e-18,1.549e-36,2.931e-1,,1.003e-24,1.107e-18,,,1.675e-3,1.515e-13,5.604e-19,1.240e-28,,9.953e-22,,1.497e-16,1.371e-1,,2.084e-19,4.609e-1,4.143e+0,,,,,1.198e-9,,,,,,,,,,,,,,
722.98,5.005e+0,8.229e-4,1.723e-5,7.018e-42,1.724e-17,,,1.301e-18,1.462e-19,,3.574e-16,4.926e-20,3.962e-29,1.776e-17,4.391e-20,1.670e-31,2.634e-17,,,,3.558e-18,1.551e-36,2.924e-1,,1.001e-24,1.107e-18,,,1.572e-3,1.107e-13,5.608e-19,1.240e-28,,9.954e-22,,1.497e-16,1.363e-1,,2.084e-19,4.911e-1,4.083e+0,,,,,1.522e-9,,,,,,,,,,,,,,
723.01,4.957e+0,9.317e-4,1.798e-5,7.008e-42,1.725e-17,,,1.301e-18,1.462e-19,,3.576e-16,4.944e-20,3.963e-29,1.776e-17,4.408e-20,1.670e-31,2.638e-17,,,,3.559e-18,1.554e-36,2.967e-1,,9.991e-25,1.108e-18,,,1.426e-3,6.890e-14,5.615e-19,1.240e-28,,9.957e-22,,1.498e-16,1.361e-1,,2.083e-19,5.388e-1,3.983e+0,,,,,2.177e-9,,,,,,,,,,,,,,
723.03,4.925e+0,1.010e-3,1.846e-5,7.001e-42,1.725e-17,,,1.301e-18,1.462e-19,,3.578e-16,4.956e-20,3.963e-29,1.776e-17,4.419e-20,1.670e-31,2.640e-17,,,,3.559e-18,1.556e-36,3.033e-1,,9.976e-25,1.109e-18,,,1.334e-3,5.015e-14,5.620e-19,1.240e-28,,9.959e-22,,1.498e-16,1.366e-1,,2.082e-19,5.720e-1,3.911e+0,,,,,2.757e-9,,,,,,,,,,,,,,
723.05,4.894e+0,1.094e-3,1.895e-5,6.995e-42,1.725e-17,,,1.301e-18,1.463e-19,,3.580e-16,4.969e-20,3.963e-29,1.776e-17,4.431e-20,1.670e-31,2.642e-17,,,,3.559e-18,1.558e-36,3.129e-1,,9.961e-25,1.110e-18,,,1.247e-3,3.644e-14,5.624e-19,1.240e-28,,9.960e-22,,1.498e-16,1.376e-1,,2.082e-19,6.064e-1,3.835e+0,,,,,3.488e-9,,,,,,,,,,,,,,
723.08,4.848e+0,1.229e-3,1.965e-5,6.985e-42,1.726e-17,,,1.301e-18,1.463e-19,,3.582e-16,4.987e-20,3.963e-29,1.776e-17,4.448e-20,1.670e-31,2.645e-17,,,,3.560e-18,1.561e-36,3.332e-1,,9.939e-25,1.110e-18,,,1.123e-3,2.251e-14,5.631e-19,1.240e-28,,9.963e-22,,1.498e-16,1.401e-1,,2.081e-19,6.601e-1,3.712e+0,,,,,4.948e-9,,,,,,,,,,,,,,
723.1,4.819e+0,1.326e-3,2.011e-5,6.978e-42,1.726e-17,,,1.301e-18,1.464e-19,,3.584e-16,5.000e-20,3.963e-29,1.776e-17,4.459e-20,1.670e-31,2.647e-17,,,,3.560e-18,1.563e-36,3.507e-1,,9.924e-25,1.111e-18,,,1.046e-3,1.630e-14,5.636e-19,1.240e-28,,9.964e-22,,1.499e-16,1.423e-1,,2.080e-19,6.973e-1,3.626e+0,,,,,6.236e-9,,,,,,,,,,,,,,
723.13,4.779e+0,1.482e-3,2.077e-5,6.968e-42,1.727e-17,,,1.300e-18,1.464e-19,,3.586e-16,5.018e-20,3.963e-29,1.776e-17,4.476e-20,1.670e-31,2.650e-17,,,,3.561e-18,1.566e-36,3.833e-1,,9.901e-25,1.112e-18,,,9.379e-4,1.001e-14,5.642e-19,1.240e-28,,9.967e-22,,1.499e-16,1.466e-1,,2.079e-19,7.549e-1,3.491e+0,,,,,8.800e-9,,,,,,,,,,,,,,
723.15,4.754e+0,1.593e-3,2.120e-5,6.962e-42,1.727e-17,,,1.300e-18,1.464e-19,,3.588e-16,5.031e-20,3.963e-29,1.776e-17,4.488e-20,1.670e-31,2.652e-17,,,,3.561e-18,1.568e-36,4.093e-1,,9.886e-25,1.113e-18,,,8.709e-4,7.224e-15,5.647e-19,1.240e-28,,9.968e-22,,1.499e-16,1.501e-1,,2.079e-19,7.945e-1,3.398e+0,,,,,1.105e-8,,,,,,,,,,,,,,
723.18,4.723e+0,1.770e-3,2.181e-5,6.952e-42,1.727e-17,,,1.300e-18,1.465e-19,,3.591e-16,5.049e-20,3.964e-29,1.776e-17,4.505e-20,1.671e-31,2.656e-17,,,,3.562e-18,1.571e-36,4.551e-1,,9.864e-25,1.113e-18,,,7.776e-4,4.414e-15,5.654e-19,1.241e-28,,9.971e-22,,1.499e-16,1.561e-1,,2.078e-19,8.555e-1,3.254e+0,,,,,1.551e-8,,,,,,,,,,,,,,
723.2,4.706e+0,1.896e-3,2.219e-5,6.945e-42,1.728e-17,,,1.300e-18,1.465e-19,,3.592e-16,5.062e-20,3.964e-29,1.776e-17,4.516e-20,1.671e-31,2.658e-17,,,,3.562e-18,1.573e-36,4.903e-1,,9.849e-25,1.114e-18,,,7.201e-4,3.172e-15,5.658e-19,1.241e-28,,9.973e-22,,1.499e-16,1.606e-1,,2.077e-19,8.971e-1,3.155e+0,,,,,1.940e-8,,,,,,,,,,,,,,
723.23,4.687e+0,2.096e-3,2.273e-5,6.935e-42,1.728e-17,,,1.300e-18,1.466e-19,,3.595e-16,5.080e-20,3.964e-29,1.776e-17,4.533e-20,1.671e-31,2.661e-17,,,,3.563e-18,1.576e-36,5.506e-1,,9.826e-25,1.115e-18,,,6.405e-4,1.927e-15,5.665e-19,1.241e-28,,9.975e-22,,1.500e-16,1.682e-1,,2.077e-19,9.607e-1,3.005e+0,,,,,2.709e-8,,,,,,,,,,,,,,
723.25,4.679e+0,2.236e-3,2.307e-5,6.928e-42,1.728e-17,,,1.300e-18,1.466e-19,,3.597e-16,5.093e-20,3.964e-29,1.776e-17,4.545e-20,1.671e-31,2.663e-17,,,,3.563e-18,1.578e-36,5.961e-1,,9.811e-25,1.116e-18,,,5.919e-4,1.380e-15,5.670e-19,1.241e-28,,9.977e-22,,1.500e-16,1.738e-1,,2.076e-19,1.004e+0,2.903e+0,,,,,3.377e-8,,,,,,,,,,,,,,
723.28,4.676e+0,2.458e-3,2.353e-5,6.918e-42,1.729e-17,,,1.300e-18,1.466e-19,,3.599e-16,5.111e-20,3.964e-29,1.776e-17,4.562e-20,1.671e-31,2.666e-17,,,,3.564e-18,1.581e-36,6.724e-1,,9.789e-25,1.116e-18,,,5.251e-4,8.338e-16,5.677e-19,1.241e-28,,9.979e-22,,1.500e-16,1.828e-1,,2.075e-19,1.069e+0,2.749e+0,,,,,4.688e-8,,,,,,,,,,,,,,
723.3,4.681e+0,2.614e-3,2.381e-5,6.912e-42,1.729e-17,,,1.300e-18,1.467e-19,,3.601e-16,5.124e-20,3.964e-29,1.776e-17,4.573e-20,1.671e-31,2.668e-17,,,,3.564e-18,1.583e-36,7.291e-1,,9.774e-25,1.117e-18,,,4.845e-4,5.948e-16,5.681e-19,1.241e-28,,9.981e-22,,1.500e-16,1.892e-1,,2.075e-19,1.113e+0,2.647e+0,,,,,5.823e-8,,,,,,,,,,,,,,
723.33,4.697e+0,2.858e-3,2.419e-5,6.902e-42,1.730e-17,,,1.300e-18,1.467e-19,,3.603e-16,5.142e-20,3.965e-29,1.776e-17,4.590e-20,1.671e-31,2.671e-17,,,,3.565e-18,1.586e-36,8.231e-1,,9.752e-25,1.118e-18,,,4.293e-4,3.574e-16,5.688e-19,1.241e-28,,9.983e-22,,1.501e-16,1.993e-1,,2.074e-19,1.179e+0,2.493e+0,,,,,8.040e-8,,,,,,,,,,,,,,
723.35,4.715e+0,3.027e-3,2.441e-5,6.895e-42,1.730e-17,,,1.300e-18,1.468e-19,,3.605e-16,5.154e-20,3.965e-29,1.776e-17,4.601e-20,1.671e-31,2.673e-17,,,,3.565e-18,1.588e-36,8.922e-1,,9.737e-25,1.118e-18,,,3.962e-4,2.540e-16,5.693e-19,1.241e-28,,9.985e-22,,1.501e-16,2.064e-1,,2.073e-19,1.222e+0,2.391e+0,,,,,9.951e-8,,,,,,,,,,,,,,
723.38,4.754e+0,3.292e-3,2.469e-5,6.885e-42,1.731e-17,,,1.300e-18,1.468e-19,,3.607e-16,5.173e-20,3.965e-29,1.776e-17,4.619e-20,1.671e-31,2.677e-17,,,,3.565e-18,1.591e-36,1.006e+0,,9.714e-25,1.119e-18,,,3.516e-4,1.518e-16,5.700e-19,1.241e-28,,9.987e-22,,1.501e-16,2.176e-1,,2.072e-19,1.288e+0,2.240e+0,,,,,1.366e-7,,,,,,,,,,,,,,
723.4,4.788e+0,3.474e-3,2.484e-5,6.879e-42,1.731e-17,,,1.300e-18,1.468e-19,,3.609e-16,5.185e-20,3.965e-29,1.776e-17,4.630e-20,1.671e-31,2.679e-17,,,,3.566e-18,1.593e-36,1.088e+0,,9.699e-25,1.120e-18,,,3.251e-4,1.075e-16,5.704e-19,1.241e-28,,9.989e-22,,1.501e-16,2.252e-1,,2.072e-19,1.331e+0,2.140e+0,,,,,1.685e-7,,,,,,,,,,,,,,
723.42,4.829e+0,3.662e-3,2.497e-5,6.872e-42,1.731e-17,,,1.300e-18,1.469e-19,,3.611e-16,5.198e-20,3.965e-29,1.775e-17,4.641e-20,1.671e-31,2.681e-17,,,,3.566e-18,1.595e-36,1.177e+0,,9.684e-25,1.121e-18,,,3.011e-4,1.075e-16,5.709e-19,1.241e-28,,9.991e-22,,1.501e-16,2.330e-1,,2.071e-19,1.373e+0,2.042e+0,,,,,2.075e-7,,,,,,,,,,,,,,
723.45,4.904e+0,3.951e-3,2.511e-5,6.862e-42,1.732e-17,,,1.300e-18,1.469e-19,,3.613e-16,5.216e-20,3.965e-29,1.775e-17,4.658e-20,1.671e-31,2.684e-17,,,,3.567e-18,1.598e-36,1.321e+0,,9.662e-25,1.121e-18,,,2.697e-4,1.076e-16,5.716e-19,1.241e-28,,9.993e-22,,1.502e-16,2.450e-1,,2.070e-19,1.435e+0,1.898e+0,,,,,2.828e-7,,,,,,,,,,,,,,
723.47,4.962e+0,4.149e-3,2.516e-5,6.855e-42,1.732e-17,,,1.300e-18,1.470e-19,,3.615e-16,5.229e-20,3.965e-29,1.775e-17,4.670e-20,1.671e-31,2.686e-17,,,,3.567e-18,1.600e-36,1.424e+0,,9.647e-25,1.122e-18,,,2.516e-4,1.077e-16,5.720e-19,1.241e-28,,9.995e-22,,1.502e-16,2.530e-1,,2.070e-19,1.476e+0,1.805e+0,,,,,3.470e-7,,,,,,,,,,,,,,
723.5,5.065e+0,4.452e-3,2.519e-5,6.845e-42,1.733e-17,,,1.300e-18,1.470e-19,,3.618e-16,5.247e-20,3.966e-29,1.775e-17,4.687e-20,1.671e-31,2.689e-17,,,,3.568e-18,1.603e-36,1.592e+0,,9.624e-25,1.123e-18,,,2.285e-4,1.078e-16,5.727e-19,1.241e-28,,9.997e-22,,1.502e-16,2.652e-1,,2.069e-19,1.534e+0,1.668e+0,,,,,4.703e-7,,,,,,,,,,,,,,
723.52,5.142e+0,4.658e-3,2.517e-5,6.839e-42,1.733e-17,,,1.300e-18,1.470e-19,,3.619e-16,5.260e-20,3.966e-29,1.775e-17,4.698e-20,1.671e-31,2.691e-17,,,,3.568e-18,1.605e-36,1.712e+0,,9.609e-25,1.124e-18,,,2.157e-4,1.078e-16,5.732e-19,1.241e-28,,9.999e-22,,1.502e-16,2.734e-1,,2.068e-19,1.572e+0,1.580e+0,,,,,5.749e-7,,,,,,,,,,,,,,
723.55,5.274e+0,4.972e-3,2.509e-5,6.829e-42,1.733e-17,,,1.299e-18,1.471e-19,,3.622e-16,5.278e-20,3.966e-29,1.775e-17,4.715e-20,1.671e-31,2.695e-17,,,,3.569e-18,1.608e-36,1.905e+0,,9.587e-25,1.124e-18,,,2.002e-4,1.079e-16,5.738e-19,1.241e-28,,1.000e-21,,1.503e-16,2.855e-1,,2.068e-19,1.625e+0,1.453e+0,,,,,7.750e-7,,,,,,,,,,,,,,
723.57,5.371e+0,5.183e-3,2.500e-5,6.822e-42,1.734e-17,,,1.299e-18,1.471e-19,,3.624e-16,5.291e-20,3.966e-29,1.775e-17,4.727e-20,1.671e-31,2.697e-17,,,,3.569e-18,1.610e-36,2.042e+0,,9.572e-25,1.125e-18,,,1.924e-4,1.079e-16,5.743e-19,1.241e-28,,1.000e-21,,1.503e-16,2.935e-1,,2.067e-19,1.659e+0,1.371e+0,,,,,9.441e-7,,,,,,,,,,,,,,
723.6,5.532e+0,5.502e-3,2.481e-5,6.812e-42,1.734e-17,,,1.299e-18,1.472e-19,,3.626e-16,5.309e-20,3.966e-29,1.775e-17,4.744e-20,1.671e-31,2.700e-17,,,,3.570e-18,1.613e-36,2.262e+0,,9.550e-25,1.126e-18,,,1.841e-4,1.080e-16,5.750e-19,1.241e-28,,1.001e-21,,1.503e-16,3.052e-1,,2.066e-19,1.706e+0,1.254e+0,,,,,1.266e-6,,,,,,,,,,,,,,
723.62,5.650e+0,5.714e-3,2.464e-5,6.806e-42,1.735e-17,,,1.299e-18,1.472e-19,,3.628e-16,5.322e-20,3.966e-29,1.775e-17,4.755e-20,1.671e-31,2.702e-17,,,,3.570e-18,1.615e-36,2.417e+0,,9.535e-25,1.127e-18,,,1.809e-4,1.081e-16,5.754e-19,1.241e-28,,1.001e-21,,1.503e-16,3.128e-1,,2.066e-19,1.735e+0,1.179e+0,,,,,1.536e-6,,,,,,,,,,,,,,
723.65,5.840e+0,6.032e-3,2.434e-5,6.796e-42,1.735e-17,,,1.299e-18,1.473e-19,,3.630e-16,5.340e-20,3.967e-29,1.775e-17,4.772e-20,1.672e-31,2.705e-17,,,,3.570e-18,1.618e-36,2.664e+0,,9.512e-25,1.127e-18,,,1.794e-4,1.081e-16,5.761e-19,1.241e-28,,1.001e-21,,1.503e-16,3.239e-1,,2.065e-19,1.774e+0,1.072e+0,,,,,2.048e-6,,,,,,,,,,,,,,
723.67,5.977e+0,6.243e-3,2.411e-5,6.789e-42,1.735e-17,,,1.299e-18,1.473e-19,,3.632e-16,5.352e-20,3.967e-29,1.775e-17,4.784e-20,1.672e-31,2.707e-17,,,,3.571e-18,1.620e-36,2.838e+0,,9.497e-25,1.128e-18,,,1.806e-4,1.082e-16,5.766e-19,1.241e-28,,1.001e-21,,1.504e-16,3.309e-1,,2.064e-19,1.797e+0,1.005e+0,,,,,2.477e-6,,,,,,,,,,,,,,
723.7,6.197e+0,6.554e-3,2.371e-5,6.779e-42,1.736e-17,,,1.299e-18,1.473e-19,,3.635e-16,5.371e-20,3.967e-29,1.775e-17,4.801e-20,1.672e-31,2.710e-17,,,,3.571e-18,1.623e-36,3.113e+0,,9.475e-25,1.129e-18,,,1.857e-4,1.083e-16,5.773e-19,1.242e-28,,1.001e-21,,1.504e-16,3.409e-1,,2.063e-19,1.828e+0,9.085e-1,,,,,3.285e-6,,,,,,,,,,,,,,
723.72,6.353e+0,6.758e-3,2.341e-5,6.772e-42,1.736e-17,,,1.299e-18,1.474e-19,,3.636e-16,5.383e-20,3.967e-29,1.775e-17,4.812e-20,1.672e-31,2.713e-17,,,,3.572e-18,1.625e-36,3.305e+0,,9.460e-25,1.130e-18,,,1.914e-4,1.083e-16,5.777e-19,1.242e-28,,1.002e-21,,1.504e-16,3.471e-1,,2.063e-19,1.846e+0,8.480e-1,,,,,3.959e-6,,,,,,,,,,,,,,
723.75,6.601e+0,7.057e-3,2.292e-5,6.762e-42,1.737e-17,,,1.299e-18,1.474e-19,,3.639e-16,5.402e-20,3.967e-29,1.775e-17,4.829e-20,1.672e-31,2.716e-17,,,,3.572e-18,1.628e-36,3.608e+0,,9.437e-25,1.130e-18,,,2.031e-4,1.084e-16,5.784e-19,1.242e-28,,1.002e-21,,1.504e-16,3.558e-1,,2.062e-19,1.867e+0,7.627e-1,,,,,5.221e-6,,,,,,,,,,,,,,
723.77,6.775e+0,7.250e-3,2.256e-5,6.756e-42,1.737e-17,,,1.299e-18,1.474e-19,,3.640e-16,5.414e-20,3.967e-29,1.775e-17,4.841e-20,1.672e-31,2.718e-17,,,,3.573e-18,1.630e-36,3.819e+0,,9.422e-25,1.131e-18,,,2.132e-4,1.085e-16,5.789e-19,1.242e-28,,1.002e-21,,1.505e-16,3.611e-1,,2.061e-19,1.878e+0,7.094e-1,,,,,6.269e-6,,,,,,,,,,,,,,
723.8,7.049e+0,7.529e-3,2.199e-5,6.746e-42,1.737e-17,,,1.299e-18,1.475e-19,,3.643e-16,5.433e-20,3.967e-29,1.775e-17,4.858e-20,1.672e-31,2.721e-17,,,,3.573e-18,1.633e-36,4.149e+0,,9.400e-25,1.132e-18,,,2.317e-4,1.085e-16,5.796e-19,1.242e-28,,1.002e-21,,1.505e-16,3.683e-1,,2.060e-19,1.889e+0,6.345e-1,,,,,8.224e-6,,,,,,,,,,,,,,
723.82,7.239e+0,7.707e-3,2.158e-5,6.739e-42,1.738e-17,,,1.299e-18,1.475e-19,,3.645e-16,5.445e-20,3.968e-29,1.775e-17,4.869e-20,1.672e-31,2.723e-17,,,,3.574e-18,1.635e-36,4.377e+0,,9.385e-25,1.133e-18,,,2.464e-4,1.086e-16,5.800e-19,1.242e-28,,1.002e-21,,1.505e-16,3.724e-1,,2.060e-19,1.893e+0,5.880e-1,,,,,9.837e-6,,,,,,,,,,,,,,
723.84,7.436e+0,7.877e-3,2.115e-5,6.733e-42,1.738e-17,,,1.299e-18,1.476e-19,,3.646e-16,5.458e-20,3.968e-29,1.775e-17,4.880e-20,1.672e-31,2.725e-17,,,,3.574e-18,1.637e-36,4.613e+0,,9.370e-25,1.133e-18,,,2.629e-4,1.086e-16,5.805e-19,1.242e-28,,1.003e-21,,1.505e-16,3.761e-1,,2.059e-19,1.895e+0,5.441e-1,,,,,1.175e-5,,,,,,,,,,,,,,
723.87,7.742e+0,8.118e-3,2.048e-5,6.723e-42,1.739e-17,,,1.299e-18,1.476e-19,,3.649e-16,5.476e-20,3.968e-29,1.775e-17,4.898e-20,1.672e-31,2.728e-17,,,,3.574e-18,1.640e-36,4.978e+0,,9.348e-25,1.134e-18,,,2.914e-4,1.087e-16,5.812e-19,1.242e-28,,1.003e-21,,1.505e-16,3.807e-1,,2.058e-19,1.892e+0,4.829e-1,,,,,1.530e-5,,,,,,,,,,,,,,
723.89,7.953e+0,8.268e-3,2.001e-5,6.716e-42,1.739e-17,,,1.299e-18,1.476e-19,,3.651e-16,5.489e-20,3.968e-29,1.775e-17,4.909e-20,1.672e-31,2.730e-17,,,,3.575e-18,1.642e-36,5.229e+0,,9.333e-25,1.135e-18,,,3.130e-4,1.088e-16,5.816e-19,1.242e-28,,1.003e-21,,1.506e-16,3.832e-1,,2.058e-19,1.886e+0,4.452e-1,,,,,1.821e-5,,,,,,,,,,,,,,
723.92,8.278e+0,8.474e-3,1.928e-5,6.706e-42,1.739e-17,,,1.299e-18,1.477e-19,,3.653e-16,5.507e-20,3.968e-29,1.775e-17,4.926e-20,1.672e-31,2.734e-17,,,,3.575e-18,1.645e-36,5.617e+0,,9.310e-25,1.136e-18,,,3.492e-4,1.089e-16,5.823e-19,1.242e-28,,1.003e-21,,1.506e-16,3.858e-1,,2.057e-19,1.873e+0,3.930e-1,,,,,2.357e-5,,,,,,,,,,,,,,
723.94,8.500e+0,8.598e-3,1.878e-5,6.699e-42,1.740e-17,,,1.299e-18,1.477e-19,,3.655e-16,5.519e-20,3.968e-29,1.775e-17,4.937e-20,1.672e-31,2.736e-17,,,,3.576e-18,1.647e-36,5.883e+0,,9.295e-25,1.136e-18,,,3.760e-4,1.089e-16,5.828e-19,1.242e-28,,1.003e-21,,1.506e-16,3.869e-1,,2.057e-19,1.861e+0,3.610e-1,,,,,2.796e-5,,,,,,,,,,,,,,
723.97,8.841e+0,8.765e-3,1.801e-5,6.689e-42,1.740e-17,,,1.299e-18,1.478e-19,,3.657e-16,5.538e-20,3.969e-29,1.775e-17,4.955e-20,1.672e-31,2.739e-17,,,,3.576e-18,1.650e-36,6.290e+0,,9.273e-25,1.137e-18,,,4.204e-4,1.090e-16,5.834e-19,1.242e-28,,1.004e-21,,1.506e-16,3.874e-1,,2.056e-19,1.837e+0,3.170e-1,,,,,3.600e-5,,,,,,,,,,,,,,
723.99,9.073e+0,8.861e-3,1.748e-5,6.683e-42,1.741e-17,,,1.298e-18,1.478e-19,,3.659e-16,5.550e-20,3.969e-29,1.775e-17,4.966e-20,1.672e-31,2.741e-17,,,,3.577e-18,1.652e-36,6.567e+0,,9.258e-25,1.138e-18,,,4.529e-4,1.090e-16,5.839e-19,1.242e-28,,1.004e-21,,1.507e-16,3.871e-1,,2.055e-19,1.819e+0,2.901e-1,,,,,4.254e-5,,,,,,,,,,,,,,
724.02,9.425e+0,8.983e-3,1.668e-5,6.673e-42,1.741e-17,,,1.298e-18,1.479e-19,,3.662e-16,5.569e-20,3.969e-29,1.775e-17,4.983e-20,1.672e-31,2.744e-17,,,,3.577e-18,1.655e-36,6.991e+0,,9.235e-25,1.139e-18,,,5.061e-4,1.091e-16,5.846e-19,1.242e-28,,1.004e-21,,1.507e-16,3.855e-1,,2.054e-19,1.786e+0,2.533e-1,,,,,5.449e-5,,,,,,,,,,,,,,
724.04,9.663e+0,9.049e-3,1.615e-5,6.666e-42,1.741e-17,,,1.298e-18,1.479e-19,,3.663e-16,5.581e-20,3.969e-29,1.775e-17,4.994e-20,1.672e-31,2.746e-17,,,,3.578e-18,1.657e-36,7.278e+0,,9.220e-25,1.139e-18,,,5.447e-4,1.092e-16,5.850e-19,1.242e-28,,1.004e-21,,1.507e-16,3.838e-1,,2.054e-19,1.761e+0,2.310e-1,,,,,6.414e-5,,,,,,,,,,,,,,
724.07,1.002e+1,9.123e-3,1.533e-5,6.656e-42,1.742e-17,,,1.298e-18,1.479e-19,,3.666e-16,5.600e-20,3.969e-29,1.775e-17,5.011e-20,1.672e-31,2.749e-17,,,,3.578e-18,1.660e-36,7.713e+0,,9.198e-25,1.140e-18,,,6.073e-4,1.092e-16,5.857e-19,1.242e-28,,1.004e-21,,1.507e-16,3.802e-1,,2.053e-19,1.720e+0,2.005e-1,,,,,8.171e-5,,,,,,,,,,,,,,
724.09,1.027e+1,9.157e-3,1.479e-5,6.650e-42,1.742e-17,,,1.298e-18,1.480e-19,,3.667e-16,5.612e-20,3.969e-29,1.775e-17,5.023e-20,1.672e-31,2.752e-17,,,,3.579e-18,1.662e-36,8.006e+0,,9.183e-25,1.141e-18,,,6.523e-4,1.093e-16,5.862e-19,1.242e-28,,1.005e-21,,1.507e-16,3.772e-1,,2.052e-19,1.691e+0,1.822e-1,,,,,9.585e-5,,,,,,,,,,,,,,
724.12,1.063e+1,9.182e-3,1.398e-5,6.640e-42,1.743e-17,,,1.298e-18,1.480e-19,,3.670e-16,5.631e-20,3.969e-29,1.775e-17,5.040e-20,1.673e-31,2.755e-17,,,,3.579e-18,1.665e-36,8.448e+0,,9.160e-25,1.142e-18,,,7.248e-4,1.094e-16,5.869e-19,1.242e-28,,1.005e-21,,1.508e-16,3.716e-1,,2.051e-19,1.642e+0,1.573e-1,,,,,1.214e-4,,,,,,,,,,,,,,
724.14,1.087e+1,9.182e-3,1.344e-5,6.633e-42,1.743e-17,,,1.298e-18,1.480e-19,,3.672e-16,5.643e-20,3.970e-29,1.775e-17,5.051e-20,1.673e-31,2.757e-17,,,,3.579e-18,1.667e-36,8.745e+0,,9.146e-25,1.142e-18,,,7.766e-4,1.094e-16,5.873e-19,1.242e-28,,1.005e-21,,1.508e-16,3.673e-1,,2.051e-19,1.608e+0,1.424e-1,,,,,1.419e-4,,,,,,,,,,,,,,
724.17,1.123e+1,9.157e-3,1.264e-5,6.623e-42,1.744e-17,,,1.298e-18,1.481e-19,,3.674e-16,5.662e-20,3.970e-29,1.775e-17,5.068e-20,1.673e-31,2.760e-17,,,,3.580e-18,1.670e-36,9.189e+0,,9.123e-25,1.143e-18,,,8.595e-4,1.095e-16,5.880e-19,1.242e-28,,1.005e-21,,1.508e-16,3.599e-1,,2.050e-19,1.553e+0,1.223e-1,,,,,1.789e-4,,,,,,,,,,,,,,
724.19,1.148e+1,9.123e-3,1.211e-5,6.616e-42,1.744e-17,,,1.298e-18,1.481e-19,,3.676e-16,5.674e-20,3.970e-29,1.775e-17,5.080e-20,1.673e-31,2.762e-17,,,,3.580e-18,1.672e-36,9.485e+0,,9.108e-25,1.144e-18,,,9.184e-4,1.096e-16,5.885e-19,1.242e-28,,1.005e-21,,1.508e-16,3.544e-1,,2.049e-19,1.515e+0,1.103e-1,,,,,2.083e-4,,,,,,,,,,,,,,
724.21,1.171e+1,9.077e-3,1.159e-5,6.610e-42,1.744e-17,,,1.298e-18,1.482e-19,,3.678e-16,5.687e-20,3.970e-29,1.775e-17,5.091e-20,1.673e-31,2.764e-17,,,,3.581e-18,1.674e-36,9.780e+0,,9.093e-25,1.144e-18,,,9.801e-4,1.096e-16,5.889e-19,1.243e-28,,1.006e-21,,1.508e-16,3.485e-1,,2.049e-19,1.476e+0,9.935e-2,,,,,2.422e-4,,,,,,,,,,,,,,
724.24,1.207e+1,8.983e-3,1.083e-5,6.600e-42,1.745e-17,,,1.298e-18,1.482e-19,,3.680e-16,5.705e-20,3.970e-29,1.774e-17,5.108e-20,1.673e-31,2.767e-17,,,,3.581e-18,1.677e-36,1.022e+1,,9.071e-25,1.145e-18,,,1.078e-3,1.097e-16,5.896e-19,1.243e-28,,1.006e-21,,1.509e-16,3.389e-1,,2.048e-19,1.415e+0,8.468e-2,,,,,3.029e-4,,,,,,,,,,,,,,
724.26,1.230e+1,8.905e-3,1.033e-5,6.593e-42,1.745e-17,,,1.298e-18,1.482e-19,,3.682e-16,5.717e-20,3.970e-29,1.774e-17,5.120e-20,1.673e-31,2.769e-17,,,,3.582e-18,1.679e-36,1.051e+1,,9.056e-25,1.146e-18,,,1.147e-3,1.097e-16,5.901e-19,1.243e-28,,1.006e-21,,1.509e-16,3.320e-1,,2.047e-19,1.373e+0,7.598e-2,,,,,3.509e-4,,,,,,,,,,,,,,
724.29,1.264e+1,8.765e-3,9.595e-6,6.583e-42,1.745e-17,,,1.298e-18,1.483e-19,,3.684e-16,5.736e-20,3.970e-29,1.774e-17,5.137e-20,1.673e-31,2.773e-17,,,,3.582e-18,1.682e-36,1.094e+1,,9.033e-25,1.147e-18,,,1.256e-3,1.098e-16,5.908e-19,1.243e-28,,1.006e-21,,1.509e-16,3.211e-1,,2.047e-19,1.309e+0,6.440e-2,,,,,4.365e-4,,,,,,,,,,,,,,
724.31,1.287e+1,8.657e-3,9.121e-6,6.577e-42,1.746e-17,,,1.298e-18,1.483e-19,,3.686e-16,5.748e-20,3.971e-29,1.774e-17,5.148e-20,1.673e-31,2.775e-17,,,,3.583e-18,1.684e-36,1.122e+1,,9.018e-25,1.147e-18,,,1.332e-3,1.099e-16,5.912e-19,1.243e-28,,1.006e-21,,1.509e-16,3.135e-1,,2.046e-19,1.266e+0,5.757e-2,,,,,5.039e-4,,,,,,,,,,,,,,
724.34,1.319e+1,8.474e-3,8.433e-6,6.567e-42,1.746e-17,,,1.298e-18,1.484e-19,,3.689e-16,5.767e-20,3.971e-29,1.774e-17,5.165e-20,1.673e-31,2.778e-17,,,,3.583e-18,1.687e-36,1.163e+1,,8.996e-25,1.148e-18,,,1.451e-3,1.099e-16,5.919e-19,1.243e-28,,1.007e-21,,1.510e-16,3.015e-1,,2.045e-19,1.201e+0,4.853e-2,,,,,6.233e-4,,,,,,,,,,,,,,
724.36,1.340e+1,8.339e-3,7.989e-6,6.560e-42,1.747e-17,,,1.298e-18,1.484e-19,,3.690e-16,5.779e-20,3.971e-29,1.774e-17,5.177e-20,1.673e-31,2.780e-17,,,,3.583e-18,1.689e-36,1.190e+1,,8.981e-25,1.149e-18,,,1.534e-3,1.100e-16,5.924e-19,1.243e-28,,1.007e-21,,1.510e-16,2.933e-1,,2.045e-19,1.157e+0,4.323e-2,,,,,7.170e-4,,,,,,,,,,,,,,
724.39,1.371e+1,8.118e-3,7.348e-6,6.550e-42,1.747e-17,,,1.298e-18,1.485e-19,,3.693e-16,5.798e-20,3.971e-29,1.774e-17,5.194e-20,1.673e-31,2.783e-17,,,,3.584e-18,1.692e-36,1.229e+1,,8.958e-25,1.150e-18,,,1.663e-3,1.101e-16,5.930e-19,1.243e-28,,1.007e-21,,1.510e-16,2.806e-1,,2.044e-19,1.091e+0,3.624e-2,,,,,8.821e-4,,,,,,,,,,,,,,
724.41,1.391e+1,7.960e-3,6.938e-6,6.543e-42,1.747e-17,,,1.297e-18,1.485e-19,,3.694e-16,5.810e-20,3.971e-29,1.774e-17,5.205e-20,1.673e-31,2.785e-17,,,,3.584e-18,1.694e-36,1.255e+1,,8.944e-25,1.150e-18,,,1.752e-3,1.101e-16,5.935e-19,1.243e-28,,1.007e-21,,1.510e-16,2.719e-1,,2.043e-19,1.047e+0,3.216e-2,,,,,1.011e-3,,,,,,,,,,,,,,
724.44,1.419e+1,7.707e-3,6.349e-6,6.533e-42,1.748e-17,,,1.297e-18,1.485e-19,,3.697e-16,5.829e-20,3.971e-29,1.774e-17,5.222e-20,1.673e-31,2.788e-17,,,,3.585e-18,1.697e-36,1.291e+1,,8.921e-25,1.151e-18,,,1.891e-3,1.102e-16,5.942e-19,1.243e-28,,1.007e-21,,1.511e-16,2.587e-1,,2.042e-19,9.821e-1,2.682e-2,,,,,1.237e-3,,,,,,,,,,,,,,
724.46,1.437e+1,7.529e-3,5.975e-6,6.527e-42,1.748e-17,,,1.297e-18,1.486e-19,,3.699e-16,5.841e-20,3.972e-29,1.774e-17,5.234e-20,1.673e-31,2.791e-17,,,,3.585e-18,1.699e-36,1.315e+1,,8.906e-25,1.152e-18,,,1.986e-3,1.103e-16,5.946e-19,1.243e-28,,1.008e-21,,1.511e-16,2.498e-1,,2.042e-19,9.393e-1,2.371e-2,,,,,1.413e-3,,,,,,,,,,,,,,
724.49,1.463e+1,7.250e-3,5.439e-6,6.517e-42,1.749e-17,,,1.297e-18,1.486e-19,,3.701e-16,5.860e-20,3.972e-29,1.774e-17,5.251e-20,1.673e-31,2.794e-17,,,,3.586e-18,1.702e-36,1.348e+1,,8.884e-25,1.153e-18,,,2.132e-3,1.103e-16,5.953e-19,1.243e-28,,1.008e-21,,1.511e-16,2.363e-1,,2.041e-19,8.762e-1,1.966e-2,,,,,1.719e-3,,,,,,,,,,,,,,
724.51,1.479e+1,7.057e-3,5.101e-6,6.510e-42,1.749e-17,,,1.297e-18,1.486e-19,,3.703e-16,5.872e-20,3.972e-29,1.774e-17,5.262e-20,1.673e-31,2.796e-17,,,,3.586e-18,1.704e-36,1.370e+1,,8.869e-25,1.153e-18,,,2.232e-3,1.104e-16,5.958e-19,1.243e-28,,1.008e-21,,1.511e-16,2.274e-1,,2.040e-19,8.350e-1,1.732e-2,,,,,1.956e-3,,,,,,,,,,,,,,
724.54,1.502e+1,6.758e-3,4.620e-6,6.500e-42,1.750e-17,,,1.297e-18,1.487e-19,,3.705e-16,5.891e-20,3.972e-29,1.774e-17,5.279e-20,1.673e-31,2.799e-17,,,,3.587e-18,1.707e-36,1.400e+1,,8.846e-25,1.154e-18,,,2.384e-3,1.105e-16,5.965e-19,1.243e-28,,1.008e-21,,1.511e-16,2.140e-1,,2.040e-19,7.746e-1,1.428e-2,,,,,2.368e-3,,,,,,,,,,,,,,
724.56,1.516e+1,6.554e-3,4.317e-6,6.494e-42,1.750e-17,,,1.297e-18,1.487e-19,,3.707e-16,5.903e-20,3.972e-29,1.774e-17,5.290e-20,1.673e-31,2.801e-17,,,,3.587e-18,1.709e-36,1.419e+1,,8.831e-25,1.155e-18,,,2.487e-3,1.105e-16,5.969e-19,1.243e-28,,1.008e-21,,1.512e-16,2.051e-1,,2.039e-19,7.355e-1,1.254e-2,,,,,2.684e-3,,,,,,,,,,,,,,
724.58,1.529e+1,6.347e-3,4.029e-6,6.487e-42,1.750e-17,,,1.297e-18,1.488e-19,,3.709e-16,5.915e-20,3.972e-29,1.774e-17,5.302e-20,1.673e-31,2.803e-17,,,,3.588e-18,1.711e-36,1.437e+1,,8.816e-25,1.155e-18,,,2.592e-3,1.106e-16,5.974e-19,1.243e-28,,1.009e-21,,1.512e-16,1.963e-1,,2.038e-19,6.973e-1,1.099e-2,,,,,3.039e-3,,,,,,,,,,,,,,
724.61,1.547e+1,6.032e-3,3.622e-6,6.477e-42,1.751e-17,,,1.297e-18,1.488e-19,,3.711e-16,5.934e-20,3.972e-29,1.774e-17,5.319e-20,1.674e-31,2.806e-17,,,,3.588e-18,1.714e-36,1.462e+1,,8.794e-25,1.156e-18,,,2.750e-3,1.107e-16,5.981e-19,1.243e-28,,1.009e-21,,1.512e-16,1.833e-1,,2.038e-19,6.420e-1,8.993e-3,,,,,3.650e-3,,,,,,,,,,,,,,
724.63,1.557e+1,5.821e-3,3.369e-6,6.470e-42,1.751e-17,,,1.297e-18,1.488e-19,,3.713e-16,5.946e-20,3.973e-29,1.774e-17,5.330e-20,1.674e-31,2.809e-17,,,,3.588e-18,1.716e-36,1.477e+1,,8.779e-25,1.157e-18,,,2.856e-3,1.107e-16,5.985e-19,1.243e-28,,1.009e-21,,1.512e-16,1.748e-1,,2.037e-19,6.064e-1,7.854e-3,,,,,4.117e-3,,,,,,,,,,,,,,
724.66,1.572e+1,5.502e-3,3.013e-6,6.460e-42,1.752e-17,,,1.297e-18,1.489e-19,,3.716e-16,5.965e-20,3.973e-29,1.774e-17,5.347e-20,1.674e-31,2.812e-17,,,,3.589e-18,1.719e-36,1.498e+1,,8.756e-25,1.158e-18,,,3.015e-3,1.108e-16,5.992e-19,1.243e-28,,1.009e-21,,1.513e-16,1.624e-1,,2.036e-19,5.552e-1,6.392e-3,,,,,4.919e-3,,,,,,,,,,,,,,
724.68,1.580e+1,5.289e-3,2.792e-6,6.454e-42,1.752e-17,,,1.297e-18,1.489e-19,,3.717e-16,5.977e-20,3.973e-29,1.774e-17,5.359e-20,1.674e-31,2.814e-17,,,,3.589e-18,1.721e-36,1.510e+1,,8.741e-25,1.158e-18,,,3.120e-3,1.108e-16,5.997e-19,1.243e-28,,1.009e-21,,1.513e-16,1.543e-1,,2.036e-19,5.226e-1,5.561e-3,,,,,5.528e-3,,,,,,,,,,,,,,
724.71,1.590e+1,4.972e-3,2.485e-6,6.444e-42,1.752e-17,,,1.297e-18,1.490e-19,,3.720e-16,5.996e-20,3.973e-29,1.774e-17,5.376e-20,1.674e-31,2.817e-17,,,,3.590e-18,1.724e-36,1.527e+1,,8.719e-25,1.159e-18,,,3.277e-3,1.109e-16,6.004e-19,1.244e-28,,1.010e-21,,1.513e-16,1.426e-1,,2.035e-19,4.759e-1,4.501e-3,,,,,6.568e-3,,,,,,,,,,,,,,
724.73,1.596e+1,4.762e-3,2.295e-6,6.437e-42,1.753e-17,,,1.297e-18,1.490e-19,,3.721e-16,6.008e-20,3.973e-29,1.774e-17,5.387e-20,1.674e-31,2.819e-17,,,,3.590e-18,1.726e-36,1.536e+1,,8.704e-25,1.160e-18,,,3.381e-3,1.110e-16,6.008e-19,1.244e-28,,1.010e-21,,1.513e-16,1.350e-1,,2.034e-19,4.463e-1,3.902e-3,,,,,7.355e-3,,,,,,,,,,,,,,
724.76,1.602e+1,4.452e-3,2.031e-6,6.427e-42,1.753e-17,,,1.297e-18,1.491e-19,,3.724e-16,6.027e-20,3.973e-29,1.774e-17,5.404e-20,1.674e-31,2.822e-17,,,,3.591e-18,1.729e-36,1.548e+1,,8.682e-25,1.161e-18,,,3.534e-3,1.110e-16,6.015e-19,1.244e-28,,1.010e-21,,1.513e-16,1.240e-1,,2.033e-19,4.041e-1,3.141e-3,,,,,8.692e-3,,,,,,,,,,,,,,
724.78,1.605e+1,4.249e-3,1.869e-6,6.421e-42,1.753e-17,,,1.297e-18,1.491e-19,,3.726e-16,6.039e-20,3.973e-29,1.774e-17,5.416e-20,1.674e-31,2.824e-17,,,,3.591e-18,1.731e-36,1.554e+1,,8.667e-25,1.161e-18,,,3.633e-3,1.111e-16,6.020e-19,1.244e-28,,1.010e-21,,1.514e-16,1.170e-1,,2.033e-19,3.776e-1,2.713e-3,,,,,9.698e-3,,,,,,,,,,,,,,
724.81,1.607e+1,3.951e-3,1.645e-6,6.411e-42,1.754e-17,,,1.297e-18,1.491e-19,,3.728e-16,6.058e-20,3.974e-29,1.774e-17,5.433e-20,1.674e-31,2.827e-17,,,,3.592e-18,1.734e-36,1.561e+1,,8.644e-25,1.162e-18,,,3.778e-3,1.112e-16,6.026e-19,1.244e-28,,1.011e-21,,1.514e-16,1.069e-1,,2.032e-19,3.401e-1,2.172e-3,,,,,1.140e-2,,,,,,,,,,,,,,
724.83,1.607e+1,3.757e-3,1.509e-6,6.404e-42,1.754e-17,,,1.297e-18,1.492e-19,,3.730e-16,6.070e-20,3.974e-29,1.774e-17,5.444e-20,1.674e-31,2.830e-17,,,,3.592e-18,1.736e-36,1.564e+1,,8.629e-25,1.163e-18,,,3.872e-3,1.112e-16,6.031e-19,1.244e-28,,1.011e-21,,1.514e-16,1.005e-1,,2.031e-19,3.166e-1,1.869e-3,,,,,1.267e-2,,,,,,,,,,,,,,
724.86,1.605e+1,3.474e-3,1.322e-6,6.394e-42,1.755e-17,,,1.296e-18,1.492e-19,,3.732e-16,6.089e-20,3.974e-29,1.774e-17,5.461e-20,1.674e-31,2.833e-17,,,,3.593e-18,1.739e-36,1.565e+1,,8.607e-25,1.164e-18,,,4.006e-3,1.113e-16,6.038e-19,1.244e-28,,1.011e-21,,1.514e-16,9.139e-2,,2.031e-19,2.836e-1,1.488e-3,,,,,1.481e-2,,,,,,,,,,,,,,
724.88,1.602e+1,3.292e-3,1.208e-6,6.387e-42,1.755e-17,,,1.296e-18,1.493e-19,,3.734e-16,6.101e-20,3.974e-29,1.774e-17,5.473e-20,1.674e-31,2.835e-17,,,,3.593e-18,1.741e-36,1.565e+1,,8.592e-25,1.164e-18,,,4.092e-3,1.114e-16,6.042e-19,1.244e-28,,1.011e-21,,1.515e-16,8.563e-2,,2.030e-19,2.631e-1,1.276e-3,,,,,1.641e-2,,,,,,,,,,,,,,
724.91,1.596e+1,3.027e-3,1.052e-6,6.377e-42,1.756e-17,,,1.296e-18,1.493e-19,,3.737e-16,6.120e-20,3.974e-29,1.774e-17,5.490e-20,1.674e-31,2.838e-17,,,,3.594e-18,1.744e-36,1.562e+1,,8.569e-25,1.165e-18,,,4.213e-3,1.114e-16,6.049e-19,1.244e-28,,1.011e-21,,1.515e-16,7.746e-2,,2.029e-19,2.344e-1,1.010e-3,,,,,1.908e-2,,,,,,,,,,,,,,
724.93,1.590e+1,2.858e-3,9.579e-7,6.371e-42,1.756e-17,,,1.296e-18,1.493e-19,,3.738e-16,6.132e-20,3.974e-29,1.774e-17,5.501e-20,1.674e-31,2.840e-17,,,,3.594e-18,1.746e-36,1.558e+1,,8.554e-25,1.166e-18,,,4.288e-3,1.115e-16,6.054e-19,1.244e-28,,1.012e-21,,1.515e-16,7.233e-2,,2.029e-19,2.166e-1,8.632e-4,,,,,2.105e-2,,,,,,,,,,,,,,
724.95,1.583e+1,2.694e-3,8.709e-7,6.364e-42,1.756e-17,,,1.296e-18,1.494e-19,,3.740e-16,6.144e-20,3.975e-29,1.774e-17,5.513e-20,1.674e-31,2.842e-17,,,,3.594e-18,1.748e-36,1.553e+1,,8.539e-25,1.166e-18,,,4.359e-3,1.115e-16,6.058e-19,1.244e-28,,1.012e-21,,1.515e-16,6.746e-2,,2.028e-19,1.999e-1,7.363e-4,,,,,2.320e-2,,,,,,,,,,,,,,
724.98,1.570e+1,2.458e-3,7.531e-7,6.354e-42,1.757e-17,,,1.296e-18,1.494e-19,,3.743e-16,6.163e-20,3.975e-29,1.774e-17,5.530e-20,1.674e-31,2.845e-17,,,,3.595e-18,1.751e-36,1.543e+1,,8.517e-25,1.167e-18,,,4.456e-3,1.116e-16,6.065e-19,1.244e-28,,1.012e-21,,1.515e-16,6.063e-2,,2.027e-19,1.767e-1,5.786e-4,,,,,2.677e-2,,,,,,,,,,,,,,
725,1.560e+1,2.309e-3,6.823e-7,6.348e-42,1.757e-17,,,1.296e-18,1.494e-19,,3.744e-16,6.175e-20,3.975e-29,1.774e-17,5.541e-20,1.674e-31,2.848e-17,,,,3.595e-18,1.753e-36,1.535e+1,,8.502e-25,1.168e-18,,,4.515e-3,1.117e-16,6.070e-19,1.244e-28,,1.012e-21,,1.516e-16,5.638e-2,,2.027e-19,1.625e-1,4.917e-4,,,,,2.940e-2,,,,,,,,,,,,,,
725.03,1.543e+1,2.096e-3,5.868e-7,6.338e-42,1.758e-17,,,1.296e-18,1.495e-19,,3.747e-16,6.194e-20,3.975e-29,1.773e-17,5.558e-20,1.674e-31,2.851e-17,,,,3.596e-18,1.756e-36,1.520e+1,,8.480e-25,1.169e-18,,,4.593e-3,1.117e-16,6.077e-19,1.244e-28,,1.012e-21,,1.516e-16,5.047e-2,,2.026e-19,1.428e-1,3.843e-4,,,,,3.374e-2,,,,,,,,,,,,,,
725.05,1.530e+1,1.961e-3,5.298e-7,6.331e-42,1.758e-17,,,1.296e-18,1.495e-19,,3.748e-16,6.206e-20,3.975e-29,1.773e-17,5.569e-20,1.674e-31,2.853e-17,,,,3.596e-18,1.758e-36,1.508e+1,,8.465e-25,1.169e-18,,,4.638e-3,1.118e-16,6.081e-19,1.244e-28,,1.012e-21,,1.516e-16,4.683e-2,,2.025e-19,1.309e-1,3.254e-4,,,,,3.691e-2,,,,,,,,,,,,,,
725.08,1.509e+1,1.770e-3,4.532e-7,6.321e-42,1.758e-17,,,1.296e-18,1.496e-19,,3.751e-16,6.225e-20,3.975e-29,1.773e-17,5.587e-20,1.675e-31,2.856e-17,,,,3.597e-18,1.761e-36,1.488e+1,,8.442e-25,1.170e-18,,,4.694e-3,1.119e-16,6.088e-19,1.244e-28,,1.013e-21,,1.516e-16,4.181e-2,,2.024e-19,1.144e-1,2.529e-4,,,,,4.213e-2,,,,,,,,,,,,,,
725.1,1.493e+1,1.651e-3,4.077e-7,6.314e-42,1.759e-17,,,1.296e-18,1.496e-19,,3.753e-16,6.237e-20,3.975e-29,1.773e-17,5.598e-20,1.675e-31,2.858e-17,,,,3.597e-18,1.763e-36,1.474e+1,,8.427e-25,1.171e-18,,,4.724e-3,1.119e-16,6.093e-19,1.244e-28,,1.013e-21,,1.516e-16,3.874e-2,,2.024e-19,1.044e-1,2.134e-4,,,,,4.593e-2,,,,,,,,,,,,,,
725.13,1.468e+1,1.482e-3,3.469e-7,6.304e-42,1.759e-17,,,1.296e-18,1.497e-19,,3.755e-16,6.256e-20,3.976e-29,1.773e-17,5.615e-20,1.675e-31,2.861e-17,,,,3.598e-18,1.766e-36,1.449e+1,,8.405e-25,1.172e-18,,,4.758e-3,1.120e-16,6.099e-19,1.244e-28,,1.013e-21,,1.517e-16,3.455e-2,,2.023e-19,9.083e-2,1.649e-4,,,,,5.213e-2,,,,,,,,,,,,,,
725.15,1.449e+1,1.377e-3,3.110e-7,6.298e-42,1.760e-17,,,1.296e-18,1.497e-19,,3.757e-16,6.268e-20,3.976e-29,1.773e-17,5.626e-20,1.675e-31,2.863e-17,,,,3.598e-18,1.768e-36,1.432e+1,,8.390e-25,1.172e-18,,,4.773e-3,1.121e-16,6.104e-19,1.244e-28,,1.013e-21,,1.517e-16,3.202e-2,,2.022e-19,8.260e-2,1.386e-4,,,,,5.663e-2,,,,,,,,,,,,,,
725.18,1.420e+1,1.229e-3,2.632e-7,6.288e-42,1.760e-17,,,1.296e-18,1.497e-19,,3.759e-16,6.287e-20,3.976e-29,1.773e-17,5.644e-20,1.675e-31,2.867e-17,,,,3.599e-18,1.771e-36,1.403e+1,,8.367e-25,1.173e-18,,,4.783e-3,1.121e-16,6.111e-19,1.244e-28,,1.014e-21,,1.517e-16,2.862e-2,,2.021e-19,7.145e-2,1.066e-4,,,,,6.393e-2,,,,,,,,,,,,,,
725.2,1.399e+1,1.138e-3,2.351e-7,6.281e-42,1.760e-17,,,1.296e-18,1.498e-19,,3.761e-16,6.299e-20,3.976e-29,1.773e-17,5.655e-20,1.675e-31,2.869e-17,,,,3.599e-18,1.773e-36,1.383e+1,,8.352e-25,1.174e-18,,,4.782e-3,1.122e-16,6.115e-19,1.244e-28,,1.014e-21,,1.517e-16,2.660e-2,,2.021e-19,6.474e-2,8.925e-5,,,,,6.919e-2,,,,,,,,,,,,,,
725.23,1.366e+1,1.010e-3,1.979e-7,6.271e-42,1.761e-17,,,1.296e-18,1.498e-19,,3.764e-16,6.318e-20,3.976e-29,1.773e-17,5.672e-20,1.675e-31,2.872e-17,,,,3.599e-18,1.776e-36,1.350e+1,,8.330e-25,1.175e-18,,,4.769e-3,1.123e-16,6.122e-19,1.245e-28,,1.014e-21,,1.518e-16,2.394e-2,,2.020e-19,5.569e-2,6.823e-5,,,,,7.769e-2,,,,,,,,,,,,,,
725.25,1.343e+1,9.317e-4,1.761e-7,6.265e-42,1.761e-17,,,1.296e-18,1.499e-19,,3.765e-16,6.330e-20,3.976e-29,1.773e-17,5.683e-20,1.675e-31,2.874e-17,,,,3.600e-18,1.778e-36,1.327e+1,,8.315e-25,1.175e-18,,,4.753e-3,1.123e-16,6.127e-19,1.245e-28,,1.014e-21,,1.518e-16,2.240e-2,,2.019e-19,5.028e-2,5.694e-5,,,,,8.378e-2,,,,,,,,,,,,,,
725.28,1.307e+1,8.229e-4,1.475e-7,6.255e-42,1.762e-17,,,1.295e-18,1.499e-19,,3.768e-16,6.348e-20,3.977e-29,1.773e-17,5.700e-20,1.675e-31,2.877e-17,,,,3.600e-18,1.781e-36,1.291e+1,,8.293e-25,1.176e-18,,,4.717e-3,1.124e-16,6.134e-19,1.245e-28,,1.014e-21,,1.518e-16,2.043e-2,,2.019e-19,4.301e-2,4.329e-5,,,,,9.356e-2,,,,,,,,,,,,,,
725.3,1.282e+1,7.561e-4,1.308e-7,6.248e-42,1.762e-17,,,1.295e-18,1.499e-19,,3.770e-16,6.361e-20,3.977e-29,1.773e-17,5.712e-20,1.675e-31,2.879e-17,,,,3.601e-18,1.783e-36,1.266e+1,,8.278e-25,1.177e-18,,,4.686e-3,1.124e-16,6.138e-19,1.245e-28,,1.015e-21,,1.518e-16,1.935e-2,,2.018e-19,3.869e-2,3.599e-5,,,,,1.005e-1,,,,,,,,,,,,,,
725.32,1.256e+1,6.937e-4,1.158e-7,6.241e-42,1.762e-17,,,1.295e-18,1.500e-19,,3.771e-16,6.373e-20,3.977e-29,1.773e-17,5.723e-20,1.675e-31,2.881e-17,,,,3.601e-18,1.785e-36,1.240e+1,,8.263e-25,1.177e-18,,,4.650e-3,1.125e-16,6.143e-19,1.245e-28,,1.015e-21,,1.518e-16,1.844e-2,,2.018e-19,3.475e-2,2.988e-5,,,,,1.078e-1,,,,,,,,,,,,,,
725.35,1.217e+1,6.080e-4,9.623e-8,6.231e-42,1.763e-17,,,1.295e-18,1.500e-19,,3.774e-16,6.392e-20,3.977e-29,1.773e-17,5.740e-20,1.675e-31,2.884e-17,,,,3.602e-18,1.788e-36,1.199e+1,,8.240e-25,1.178e-18,,,4.584e-3,1.126e-16,6.150e-19,1.245e-28,,1.015e-21,,1.519e-16,1.740e-2,,2.017e-19,2.950e-2,2.255e-5,,,,,1.195e-1,,,,,,,,,,,,,,
725.37,1.189e+1,5.558e-4,8.490e-8,6.225e-42,1.763e-17,,,1.295e-18,1.500e-19,,3.776e-16,6.404e-20,3.977e-29,1.773e-17,5.752e-20,1.675e-31,2.887e-17,,,,3.602e-18,1.790e-36,1.172e+1,,8.225e-25,1.179e-18,,,4.534e-3,1.126e-16,6.154e-19,1.245e-28,,1.015e-21,,1.519e-16,1.693e-2,,2.016e-19,2.640e-2,1.865e-5,,,,,1.278e-1,,,,,,,,,,,,,,
725.4,1.148e+1,4.845e-4,7.017e-8,6.215e-42,1.764e-17,,,1.295e-18,1.501e-19,,3.778e-16,6.423e-20,3.977e-29,1.773e-17,5.769e-20,1.675e-31,2.890e-17,,,,3.603e-18,1.793e-36,1.129e+1,,8.203e-25,1.180e-18,,,4.451e-3,1.127e-16,6.161e-19,1.245e-28,,1.015e-21,,1.519e-16,1.655e-2,,2.015e-19,2.229e-2,1.399e-5,,,,,1.408e-1,,,,,,,,,,,,,,
725.42,1.119e+1,4.413e-4,6.169e-8,6.208e-42,1.764e-17,,,1.295e-18,1.501e-19,,3.780e-16,6.435e-20,3.977e-29,1.773e-17,5.780e-20,1.675e-31,2.892e-17,,,,3.603e-18,1.795e-36,1.100e+1,,8.188e-25,1.180e-18,,,4.389e-3,1.128e-16,6.166e-19,1.245e-28,,1.016e-21,,1.519e-16,1.651e-2,,2.015e-19,1.988e-2,1.153e-5,,,,,1.500e-1,,,,,,,,,,,,,,
725.45,1.076e+1,3.826e-4,5.072e-8,6.198e-42,1.764e-17,,,1.295e-18,1.502e-19,,3.782e-16,6.454e-20,3.978e-29,1.773e-17,5.797e-20,1.675e-31,2.895e-17,,,,3.604e-18,1.798e-36,1.056e+1,,8.165e-25,1.181e-18,,,4.290e-3,1.128e-16,6.173e-19,1.245e-28,,1.016e-21,,1.520e-16,1.678e-2,,2.014e-19,1.669e-2,8.606e-6,,,,,1.645e-1,,,,,,,,,,,,,,
725.47,1.047e+1,3.472e-4,4.443e-8,6.192e-42,1.765e-17,,,1.295e-18,1.502e-19,,3.784e-16,6.466e-20,3.978e-29,1.773e-17,5.809e-20,1.675e-31,2.897e-17,,,,3.604e-18,1.800e-36,1.025e+1,,8.150e-25,1.182e-18,,,4.219e-3,1.129e-16,6.177e-19,1.245e-28,,1.016e-21,,1.520e-16,1.719e-2,,2.013e-19,1.483e-2,7.067e-6,,,,,1.745e-1,,,,,,,,,,,,,,
725.5,1.002e+1,2.993e-4,3.633e-8,6.182e-42,1.765e-17,,,1.295e-18,1.503e-19,,3.786e-16,6.485e-20,3.978e-29,1.773e-17,5.826e-20,1.675e-31,2.900e-17,,,,3.604e-18,1.803e-36,9.799e+0,,8.128e-25,1.183e-18,,,4.106e-3,1.130e-16,6.184e-19,1.245e-28,,1.016e-21,,1.520e-16,1.815e-2,,2.012e-19,1.238e-2,5.244e-6,,,,,1.903e-1,,,,,,,,,,,,,,
725.52,9.728e+0,2.707e-4,3.171e-8,6.175e-42,1.766e-17,,,1.295e-18,1.503e-19,,3.788e-16,6.497e-20,3.978e-29,1.773e-17,5.837e-20,1.675e-31,2.902e-17,,,,3.605e-18,1.805e-36,9.493e+0,,8.113e-25,1.183e-18,,,4.028e-3,1.130e-16,6.189e-19,1.245e-28,,1.016e-21,,1.520e-16,1.903e-2,,2.012e-19,1.096e-2,4.291e-6,,,,,2.012e-1,,,,,,,,,,,,,,
725.55,9.284e+0,2.321e-4,2.578e-8,6.165e-42,1.766e-17,,,1.295e-18,1.503e-19,,3.791e-16,6.516e-20,3.978e-29,1.773e-17,5.854e-20,1.675e-31,2.906e-17,,,,3.605e-18,1.808e-36,9.032e+0,,8.091e-25,1.184e-18,,,3.906e-3,1.131e-16,6.195e-19,1.245e-28,,1.017e-21,,1.521e-16,2.072e-2,,2.011e-19,9.105e-3,3.167e-6,,,,,2.182e-1,,,,,,,,,,,,,,
725.57,8.988e+0,2.091e-4,2.242e-8,6.158e-42,1.766e-17,,,1.295e-18,1.504e-19,,3.792e-16,6.528e-20,3.978e-29,1.773e-17,5.866e-20,1.676e-31,2.908e-17,,,,3.606e-18,1.810e-36,8.724e+0,,8.076e-25,1.185e-18,,,3.822e-3,1.132e-16,6.200e-19,1.245e-28,,1.017e-21,,1.521e-16,2.210e-2,,2.010e-19,8.030e-3,2.582e-6,,,,,2.299e-1,,,,,,,,,,,,,,
725.6,8.546e+0,1.783e-4,1.814e-8,6.148e-42,1.767e-17,,,1.295e-18,1.504e-19,,3.795e-16,6.546e-20,3.978e-29,1.773e-17,5.883e-20,1.676e-31,2.911e-17,,,,3.606e-18,1.813e-36,8.263e+0,,8.053e-25,1.186e-18,,,3.695e-3,1.132e-16,6.207e-19,1.245e-28,,1.017e-21,,1.521e-16,2.458e-2,,2.010e-19,6.633e-3,1.895e-6,,,,,2.480e-1,,,,,,,,,,,,,,
725.62,8.254e+0,1.601e-4,1.572e-8,6.142e-42,1.767e-17,,,1.295e-18,1.505e-19,,3.797e-16,6.559e-20,3.979e-29,1.773e-17,5.894e-20,1.676e-31,2.913e-17,,,,3.607e-18,1.815e-36,7.958e+0,,8.038e-25,1.186e-18,,,3.609e-3,1.133e-16,6.211e-19,1.245e-28,,1.017e-21,,1.521e-16,2.652e-2,,2.009e-19,5.829e-3,1.539e-6,,,,,2.603e-1,,,,,,,,,,,,,,
725.65,7.821e+0,1.358e-4,1.264e-8,6.132e-42,1.768e-17,,,1.295e-18,1.505e-19,,3.799e-16,6.577e-20,3.979e-29,1.773e-17,5.911e-20,1.676e-31,2.916e-17,,,,3.607e-18,1.818e-36,7.504e+0,,8.016e-25,1.187e-18,,,3.479e-3,1.134e-16,6.218e-19,1.245e-28,,1.017e-21,,1.521e-16,2.988e-2,,2.008e-19,4.788e-3,1.123e-6,,,,,2.793e-1,,,,,,,,,,,,,,
725.67,7.537e+0,1.214e-4,1.092e-8,6.125e-42,1.768e-17,,,1.295e-18,1.505e-19,,3.801e-16,6.590e-20,3.979e-29,1.773e-17,5.923e-20,1.676e-31,2.918e-17,,,,3.608e-18,1.820e-36,7.204e+0,,8.001e-25,1.188e-18,,,3.393e-3,1.134e-16,6.223e-19,1.245e-28,,1.018e-21,,1.522e-16,3.243e-2,,2.008e-19,4.192e-3,9.091e-7,,,,,2.921e-1,,,,,,,,,,,,,,
725.7,7.117e+0,1.024e-4,8.734e-9,6.115e-42,1.769e-17,,,1.294e-18,1.506e-19,,3.803e-16,6.608e-20,3.979e-29,1.773e-17,5.940e-20,1.676e-31,2.921e-17,,,,3.608e-18,1.823e-36,6.762e+0,,7.978e-25,1.189e-18,,,3.265e-3,1.135e-16,6.230e-19,1.245e-28,,1.018e-21,,1.522e-16,3.677e-2,,2.007e-19,3.425e-3,6.600e-7,,,,,3.117e-1,,,,,,,,,,,,,,
725.72,6.843e+0,9.126e-5,7.514e-9,6.109e-42,1.769e-17,,,1.294e-18,1.506e-19,,3.805e-16,6.621e-20,3.979e-29,1.773e-17,5.951e-20,1.676e-31,2.923e-17,,,,3.608e-18,1.825e-36,6.472e+0,,7.963e-25,1.189e-18,,,3.181e-3,1.135e-16,6.234e-19,1.245e-28,,1.018e-21,,1.522e-16,4.001e-2,,2.006e-19,2.988e-3,5.322e-7,,,,,3.248e-1,,,,,,,,,,,,,,
725.74,6.574e+0,8.121e-5,6.455e-9,6.102e-42,1.769e-17,,,1.294e-18,1.506e-19,,3.807e-16,6.633e-20,3.979e-29,1.773e-17,5.962e-20,1.676e-31,2.926e-17,,,,3.609e-18,1.827e-36,6.187e+0,,7.948e-25,1.190e-18,,,3.098e-3,1.136e-16,6.239e-19,1.246e-28,,1.018e-21,,1.522e-16,4.355e-2,,2.006e-19,2.603e-3,4.284e-7,,,,,3.380e-1,,,,,,,,,,,,,,
725.77,6.181e+0,6.797e-5,5.125e-9,6.092e-42,1.770e-17,,,1.294e-18,1.507e-19,,3.809e-16,6.652e-20,3.980e-29,1.773e-17,5.979e-20,1.676e-31,2.929e-17,,,,3.609e-18,1.830e-36,5.769e+0,,7.926e-25,1.191e-18,,,2.978e-3,1.137e-16,6.246e-19,1.246e-28,,1.018e-21,,1.522e-16,4.944e-2,,2.005e-19,2.110e-3,3.087e-7,,,,,3.579e-1,,,,,,,,,,,,,,
725.79,5.927e+0,6.026e-5,4.387e-9,6.085e-42,1.770e-17,,,1.294e-18,1.507e-19,,3.811e-16,6.664e-20,3.980e-29,1.773e-17,5.991e-20,1.676e-31,2.931e-17,,,,3.610e-18,1.832e-36,5.497e+0,,7.911e-25,1.191e-18,,,2.901e-3,1.137e-16,6.250e-19,1.246e-28,,1.019e-21,,1.523e-16,5.378e-2,,2.004e-19,1.832e-3,2.476e-7,,,,,3.711e-1,,,,,,,,,,,,,,
725.82,5.557e+0,5.017e-5,3.465e-9,6.075e-42,1.770e-17,,,1.294e-18,1.508e-19,,3.814e-16,6.683e-20,3.980e-29,1.772e-17,6.008e-20,1.676e-31,2.934e-17,,,,3.610e-18,1.835e-36,5.101e+0,,7.888e-25,1.192e-18,,,2.791e-3,1.138e-16,6.257e-19,1.246e-28,,1.019e-21,,1.523e-16,6.094e-2,,2.003e-19,1.477e-3,1.774e-7,,,,,3.908e-1,,,,,,,,,,,,,,
725.84,5.319e+0,4.432e-5,2.955e-9,6.069e-42,1.771e-17,,,1.294e-18,1.508e-19,,3.815e-16,6.695e-20,3.980e-29,1.772e-17,6.019e-20,1.676e-31,2.936e-17,,,,3.611e-18,1.837e-36,4.845e+0,,7.874e-25,1.193e-18,,,2.721e-3,1.139e-16,6.262e-19,1.246e-28,,1.019e-21,,1.523e-16,6.616e-2,,2.003e-19,1.277e-3,1.418e-7,,,,,4.038e-1,,,,,,,,,,,,,,
725.87,4.976e+0,3.669e-5,2.321e-9,6.059e-42,1.771e-17,,,1.294e-18,1.509e-19,,3.818e-16,6.713e-20,3.980e-29,1.772e-17,6.036e-20,1.676e-31,2.939e-17,,,,3.611e-18,1.840e-36,4.475e+0,,7.851e-25,1.194e-18,,,2.623e-3,1.139e-16,6.269e-19,1.246e-28,,1.019e-21,,1.523e-16,7.471e-2,,2.002e-19,1.024e-3,1.010e-7,,,,,4.229e-1,,,,,,,,,,,,,,
725.89,4.756e+0,3.230e-5,1.972e-9,6.052e-42,1.772e-17,,,1.294e-18,1.509e-19,,3.819e-16,6.726e-20,3.980e-29,1.772e-17,6.048e-20,1.676e-31,2.941e-17,,,,3.612e-18,1.842e-36,4.236e+0,,7.836e-25,1.194e-18,,,2.562e-3,1.140e-16,6.273e-19,1.246e-28,,1.019e-21,,1.524e-16,8.091e-2,,2.001e-19,8.825e-4,8.045e-8,,,,,4.353e-1,,,,,,,,,,,,,,
725.92,4.440e+0,2.659e-5,1.541e-9,6.042e-42,1.772e-17,,,1.294e-18,1.509e-19,,3.822e-16,6.744e-20,3.980e-29,1.772e-17,6.065e-20,1.676e-31,2.945e-17,,,,3.612e-18,1.845e-36,3.893e+0,,7.814e-25,1.195e-18,,,2.479e-3,1.141e-16,6.280e-19,1.246e-28,,1.020e-21,,1.524e-16,9.097e-2,,2.001e-19,7.038e-4,5.701e-8,,,,,4.535e-1,,,,,,,,,,,,,,
725.94,4.240e+0,2.332e-5,1.305e-9,6.036e-42,1.772e-17,,,1.294e-18,1.510e-19,,3.824e-16,6.757e-20,3.981e-29,1.772e-17,6.076e-20,1.676e-31,2.947e-17,,,,3.613e-18,1.847e-36,3.673e+0,,7.799e-25,1.196e-18,,,2.428e-3,1.141e-16,6.285e-19,1.246e-28,,1.020e-21,,1.524e-16,9.822e-2,,2.000e-19,6.042e-4,4.523e-8,,,,,4.651e-1,,,,,,,,,,,,,,
725.97,3.953e+0,1.910e-5,1.014e-9,6.026e-42,1.773e-17,,,1.294e-18,1.510e-19,,3.826e-16,6.775e-20,3.981e-29,1.772e-17,6.093e-20,1.676e-31,2.950e-17,,,,3.613e-18,1.850e-36,3.359e+0,,7.776e-25,1.197e-18,,,2.361e-3,1.142e-16,6.291e-19,1.246e-28,,1.020e-21,,1.524e-16,1.099e-1,,1.999e-19,4.793e-4,3.188e-8,,,,,4.818e-1,,,,,,,,,,,,,,
725.99,3.772e+0,1.669e-5,8.551e-10,6.019e-42,1.773e-17,,,1.294e-18,1.511e-19,,3.828e-16,6.788e-20,3.981e-29,1.772e-17,6.105e-20,1.676e-31,2.952e-17,,,,3.613e-18,1.852e-36,3.159e+0,,7.761e-25,1.197e-18,,,2.322e-3,1.142e-16,6.296e-19,1.246e-28,,1.020e-21,,1.524e-16,1.183e-1,,1.999e-19,4.099e-4,2.520e-8,,,,,4.924e-1,,,,,,,,,,,,,,
726.02,3.516e+0,1.359e-5,6.608e-10,6.009e-42,1.774e-17,,,1.294e-18,1.511e-19,,3.830e-16,6.806e-20,3.981e-29,1.772e-17,6.122e-20,1.676e-31,2.955e-17,,,,3.614e-18,1.855e-36,2.874e+0,,7.739e-25,1.198e-18,,,2.272e-3,1.143e-16,6.303e-19,1.246e-28,,1.020e-21,,1.525e-16,1.317e-1,,1.998e-19,3.234e-4,1.766e-8,,,,,5.074e-1,,,,,,,,,,,,,,
726.04,3.354e+0,1.183e-5,5.554e-10,6.002e-42,1.774e-17,,,1.294e-18,1.511e-19,,3.832e-16,6.819e-20,3.981e-29,1.772e-17,6.133e-20,1.677e-31,2.957e-17,,,,3.614e-18,1.857e-36,2.694e+0,,7.724e-25,1.199e-18,,,2.244e-3,1.144e-16,6.307e-19,1.246e-28,,1.021e-21,,1.525e-16,1.413e-1,,1.997e-19,2.756e-4,1.391e-8,,,,,5.167e-1,,,,,,,,,,,,,,
726.07,3.127e+0,9.584e-6,4.269e-10,5.992e-42,1.775e-17,,,1.294e-18,1.512e-19,,3.835e-16,6.837e-20,3.981e-29,1.772e-17,6.150e-20,1.677e-31,2.960e-17,,,,3.615e-18,1.860e-36,2.438e+0,,7.701e-25,1.200e-18,,,2.212e-3,1.145e-16,6.314e-19,1.246e-28,,1.021e-21,,1.525e-16,1.565e-1,,1.996e-19,2.162e-4,9.696e-9,,,,,5.295e-1,,,,,,,,,,,,,,
726.09,2.985e+0,8.313e-6,3.575e-10,5.986e-42,1.775e-17,,,1.294e-18,1.512e-19,,3.836e-16,6.850e-20,3.981e-29,1.772e-17,6.162e-20,1.677e-31,2.963e-17,,,,3.615e-18,1.862e-36,2.278e+0,,7.686e-25,1.200e-18,,,2.197e-3,1.145e-16,6.319e-19,1.246e-28,,1.021e-21,,1.525e-16,1.672e-1,,1.996e-19,1.836e-4,7.609e-9,,,,,5.372e-1,,,,,,,,,,,,,,
726.11,2.850e+0,7.200e-6,2.990e-10,5.979e-42,1.775e-17,,,1.294e-18,1.513e-19,,3.838e-16,6.862e-20,3.982e-29,1.772e-17,6.173e-20,1.677e-31,2.965e-17,,,,3.616e-18,1.864e-36,2.125e+0,,7.671e-25,1.201e-18,,,2.186e-3,1.146e-16,6.323e-19,1.246e-28,,1.021e-21,,1.526e-16,1.785e-1,,1.995e-19,1.557e-4,5.962e-9,,,,,5.443e-1,,,,,,,,,,,,,,
726.14,2.662e+0,5.788e-6,2.280e-10,5.969e-42,1.776e-17,,,1.293e-18,1.513e-19,,3.841e-16,6.881e-20,3.982e-29,1.772e-17,6.190e-20,1.677e-31,2.968e-17,,,,3.616e-18,3.103e-36,1.910e+0,,7.649e-25,1.202e-18,,,2.179e-3,1.146e-16,6.330e-19,1.246e-28,,1.021e-21,,1.526e-16,1.962e-1,,1.994e-19,1.212e-4,4.124e-9,,,,,5.535e-1,,,,,,,,,,,,,,
726.16,2.545e+0,4.995e-6,1.900e-10,5.963e-42,1.776e-17,,,1.293e-18,1.513e-19,,3.842e-16,6.893e-20,3.982e-29,1.772e-17,6.202e-20,1.677e-31,2.970e-17,,,,3.617e-18,4.351e-36,1.775e+0,,7.634e-25,1.203e-18,,,2.180e-3,1.147e-16,6.335e-19,1.246e-28,,1.022e-21,,1.526e-16,2.086e-1,,1.994e-19,1.024e-4,3.220e-9,,,,,5.588e-1,,,,,,,,,,,,,,
726.19,2.383e+0,3.993e-6,1.442e-10,5.953e-42,1.777e-17,,,1.293e-18,1.514e-19,,3.845e-16,6.911e-20,3.982e-29,1.772e-17,6.219e-20,1.677e-31,2.973e-17,,,,3.617e-18,7.206e-36,1.587e+0,,7.612e-25,1.203e-18,,,2.190e-3,1.148e-16,6.342e-19,1.246e-28,,1.022e-21,,1.526e-16,2.282e-1,,1.993e-19,7.928e-5,2.215e-9,,,,,5.652e-1,,,,,,,,,,,,,,
726.21,2.283e+0,3.433e-6,1.197e-10,5.946e-42,1.777e-17,,,1.293e-18,1.514e-19,,3.846e-16,6.924e-20,3.982e-29,1.772e-17,6.230e-20,1.677e-31,2.975e-17,,,,3.618e-18,1.007e-35,1.471e+0,,7.597e-25,1.204e-18,,,2.201e-3,1.148e-16,6.346e-19,1.246e-28,,1.022e-21,,1.526e-16,2.418e-1,,1.992e-19,6.673e-5,1.723e-9,,,,,5.685e-1,,,,,,,,,,,,,,
726.24,2.145e+0,2.730e-6,9.030e-11,5.936e-42,1.777e-17,,,1.293e-18,1.515e-19,,3.849e-16,6.942e-20,3.982e-29,1.772e-17,6.247e-20,1.677e-31,2.978e-17,,,,3.618e-18,1.658e-35,1.308e+0,,7.574e-25,1.205e-18,,,2.227e-3,1.149e-16,6.353e-19,1.246e-28,,1.022e-21,,1.527e-16,2.630e-1,,1.992e-19,5.139e-5,1.179e-9,,,,,5.719e-1,,,,,,,,,,,,,,
726.26,2.061e+0,2.339e-6,7.470e-11,5.929e-42,1.778e-17,,,1.293e-18,1.515e-19,,3.851e-16,6.955e-20,3.983e-29,1.772e-17,6.259e-20,1.677e-31,2.980e-17,,,,3.618e-18,2.309e-35,1.208e+0,,7.559e-25,1.205e-18,,,2.249e-3,1.150e-16,6.358e-19,1.247e-28,,1.022e-21,,1.527e-16,2.777e-1,,1.991e-19,4.310e-5,9.136e-10,,,,,5.732e-1,,,,,,,,,,,,,,
726.29,1.945e+0,1.849e-6,5.605e-11,5.919e-42,1.778e-17,,,1.293e-18,1.515e-19,,3.853e-16,6.973e-20,3.983e-29,1.772e-17,6.276e-20,1.677e-31,2.984e-17,,,,3.619e-18,3.783e-35,1.069e+0,,7.537e-25,1.206e-18,,,2.288e-3,1.150e-16,6.365e-19,1.247e-28,,1.023e-21,,1.527e-16,3.004e-1,,1.990e-19,3.301e-5,6.216e-10,,,,,5.735e-1,,,,,,,,,,,,,,
726.31,1.874e+0,1.578e-6,4.620e-11,5.913e-42,1.778e-17,,,1.293e-18,1.516e-19,,3.855e-16,6.986e-20,3.983e-29,1.772e-17,6.287e-20,1.677e-31,2.986e-17,,,,3.619e-18,5.247e-35,9.831e-1,,7.522e-25,1.207e-18,,,2.319e-3,1.151e-16,6.369e-19,1.247e-28,,1.023e-21,,1.527e-16,3.160e-1,,1.990e-19,2.758e-5,4.800e-10,,,,,5.726e-1,,,,,,,,,,,,,,
726.34,1.778e+0,1.241e-6,3.448e-11,5.903e-42,1.779e-17,,,1.293e-18,1.516e-19,,3.857e-16,7.004e-20,3.983e-29,1.772e-17,6.304e-20,1.677e-31,2.989e-17,,,,3.620e-18,8.551e-35,8.653e-1,,7.499e-25,1.208e-18,,,2.370e-3,1.152e-16,6.376e-19,1.247e-28,,1.023e-21,,1.528e-16,3.400e-1,,1.989e-19,2.101e-5,3.248e-10,,,,,5.698e-1,,,,,,,,,,,,,,
726.36,1.719e+0,1.056e-6,2.832e-11,5.896e-42,1.779e-17,,,1.293e-18,1.517e-19,,3.859e-16,7.017e-20,3.983e-29,1.772e-17,6.315e-20,1.677e-31,2.991e-17,,,,3.620e-18,1.182e-34,7.934e-1,,7.484e-25,1.208e-18,,,2.408e-3,1.152e-16,6.381e-19,1.247e-28,,1.023e-21,,1.528e-16,3.564e-1,,1.988e-19,1.749e-5,2.499e-10,,,,,5.670e-1,,,,,,,,,,,,,,
726.39,1.640e+0,8.257e-7,2.102e-11,5.886e-42,1.780e-17,,,1.293e-18,1.517e-19,,3.862e-16,7.035e-20,3.983e-29,1.772e-17,6.333e-20,1.677e-31,2.994e-17,,,,3.621e-18,1.916e-34,6.946e-1,,7.462e-25,1.209e-18,,,2.468e-3,1.153e-16,6.387e-19,1.247e-28,,1.024e-21,,1.528e-16,3.814e-1,,1.987e-19,1.325e-5,1.682e-10,,,,,5.611e-1,,,,,,,,,,,,,,
726.41,1.592e+0,6.997e-7,1.720e-11,5.880e-42,1.780e-17,,,1.293e-18,1.517e-19,,3.863e-16,7.048e-20,3.983e-29,1.772e-17,6.344e-20,1.677e-31,2.996e-17,,,,3.621e-18,2.639e-34,6.346e-1,,7.447e-25,1.210e-18,,,2.511e-3,1.153e-16,6.392e-19,1.247e-28,,1.024e-21,,1.528e-16,3.983e-1,,1.987e-19,1.099e-5,1.289e-10,,,,,5.563e-1,,,,,,,,,,,,,,
726.44,1.527e+0,5.443e-7,1.270e-11,5.870e-42,1.781e-17,,,1.293e-18,1.518e-19,,3.866e-16,7.066e-20,3.984e-29,1.772e-17,6.361e-20,1.677e-31,2.999e-17,,,,3.622e-18,4.254e-34,5.527e-1,,7.425e-25,1.211e-18,,,2.579e-3,1.154e-16,6.399e-19,1.247e-28,,1.024e-21,,1.529e-16,4.240e-1,,1.986e-19,8.280e-6,8.628e-11,,,,,5.476e-1,,,,,,,,,,,,,,
726.46,1.488e+0,4.595e-7,1.035e-11,5.863e-42,1.781e-17,,,1.293e-18,1.518e-19,,3.868e-16,7.078e-20,3.984e-29,1.772e-17,6.372e-20,1.677e-31,3.002e-17,,,,3.622e-18,5.838e-34,5.032e-1,,7.410e-25,1.211e-18,,,2.626e-3,1.155e-16,6.403e-19,1.247e-28,,1.024e-21,,1.529e-16,4.412e-1,,1.985e-19,6.843e-6,6.590e-11,,,,,5.408e-1,,,,,,,,,,,,,,
726.48,1.452e+0,3.874e-7,8.427e-12,5.856e-42,1.781e-17,,,1.293e-18,1.519e-19,,3.869e-16,7.091e-20,3.984e-29,1.772e-17,6.384e-20,1.677e-31,3.004e-17,,,,3.622e-18,8.001e-34,4.574e-1,,7.395e-25,1.212e-18,,,2.674e-3,1.155e-16,6.408e-19,1.247e-28,,1.024e-21,,1.529e-16,4.585e-1,,1.985e-19,5.648e-6,5.026e-11,,,,,5.334e-1,,,,,,,,,,,,,,
726.51,1.404e+0,2.991e-7,6.173e-12,5.846e-42,1.782e-17,,,1.293e-18,1.519e-19,,3.872e-16,7.109e-20,3.984e-29,1.772e-17,6.401e-20,1.677e-31,3.007e-17,,,,3.623e-18,1.280e-33,3.954e-1,,7.372e-25,1.213e-18,,,2.747e-3,1.156e-16,6.415e-19,1.247e-28,,1.025e-21,,1.529e-16,4.843e-1,,1.984e-19,4.223e-6,3.338e-11,,,,,5.211e-1,,,,,,,,,,,,,,
726.53,1.375e+0,2.512e-7,5.008e-12,5.840e-42,1.782e-17,,,1.293e-18,1.519e-19,,3.873e-16,7.122e-20,3.984e-29,1.772e-17,6.412e-20,1.678e-31,3.009e-17,,,,3.623e-18,1.748e-33,3.582e-1,,7.357e-25,1.214e-18,,,2.796e-3,1.157e-16,6.419e-19,1.247e-28,,1.025e-21,,1.529e-16,5.015e-1,,1.983e-19,3.472e-6,2.536e-11,,,,,5.121e-1,,,,,,,,,,,,,,
726.56,1.335e+0,1.929e-7,3.649e-12,5.830e-42,1.783e-17,,,1.292e-18,1.520e-19,,3.876e-16,7.140e-20,3.984e-29,1.772e-17,6.429e-20,1.678e-31,3.012e-17,,,,3.624e-18,2.782e-33,3.080e-1,,7.335e-25,1.214e-18,,,2.870e-3,1.157e-16,6.426e-19,1.247e-28,,1.025e-21,,1.530e-16,5.268e-1,,1.982e-19,2.582e-6,1.675e-11,,,,,4.976e-1,,,,,,,,,,,,,,
726.58,1.312e+0,1.614e-7,2.949e-12,5.823e-42,1.783e-17,,,1.292e-18,1.520e-19,,3.878e-16,7.153e-20,3.984e-29,1.772e-17,6.441e-20,1.678e-31,3.014e-17,,,,3.624e-18,3.786e-33,2.780e-1,,7.320e-25,1.215e-18,,,2.918e-3,1.158e-16,6.431e-19,1.247e-28,,1.025e-21,,1.530e-16,5.435e-1,,1.982e-19,2.115e-6,1.268e-11,,,,,4.872e-1,,,,,,,,,,,,,,
726.61,1.279e+0,1.232e-7,2.137e-12,5.813e-42,1.783e-17,,,1.292e-18,1.521e-19,,3.880e-16,7.171e-20,3.985e-29,1.772e-17,6.458e-20,1.678e-31,3.017e-17,,,,3.625e-18,5.992e-33,2.378e-1,,7.297e-25,1.216e-18,,,2.990e-3,1.159e-16,6.438e-19,1.247e-28,,1.025e-21,,1.530e-16,5.679e-1,,1.981e-19,1.564e-6,8.331e-12,,,,,4.708e-1,,,,,,,,,,,,,,
726.63,1.260e+0,1.028e-7,1.721e-12,5.807e-42,1.784e-17,,,1.292e-18,1.521e-19,,3.882e-16,7.184e-20,3.985e-29,1.771e-17,6.469e-20,1.678e-31,3.019e-17,,,,3.625e-18,8.125e-33,2.139e-1,,7.282e-25,1.217e-18,,,3.036e-3,1.159e-16,6.442e-19,1.247e-28,,1.026e-21,,1.530e-16,5.838e-1,,1.980e-19,1.277e-6,6.284e-12,,,,,4.593e-1,,,,,,,,,,,,,,
726.66,1.233e+0,7.804e-8,1.240e-12,5.797e-42,1.784e-17,,,1.292e-18,1.521e-19,,3.884e-16,7.202e-20,3.985e-29,1.771e-17,6.486e-20,1.678e-31,3.023e-17,,,,3.626e-18,1.279e-32,1.819e-1,,7.260e-25,1.217e-18,,,3.103e-3,1.160e-16,6.449e-19,1.247e-28,,1.026e-21,,1.530e-16,6.067e-1,,1.980e-19,9.390e-7,4.106e-12,,,,,4.414e-1,,,,,,,,,,,,,,
726.68,1.217e+0,6.484e-8,9.951e-13,5.790e-42,1.785e-17,,,1.292e-18,1.522e-19,,3.886e-16,7.215e-20,3.985e-29,1.771e-17,6.498e-20,1.678e-31,3.025e-17,,,,3.626e-18,1.728e-32,1.630e-1,,7.245e-25,1.218e-18,,,3.146e-3,1.160e-16,6.454e-19,1.247e-28,,1.026e-21,,1.531e-16,6.214e-1,,1.979e-19,7.637e-7,3.086e-12,,,,,4.291e-1,,,,,,,,,,,,,,
726.71,1.194e+0,4.897e-8,7.133e-13,5.780e-42,1.785e-17,,,1.292e-18,1.522e-19,,3.889e-16,7.233e-20,3.985e-29,1.771e-17,6.515e-20,1.678e-31,3.028e-17,,,,3.627e-18,2.706e-32,1.380e-1,,7.223e-25,1.219e-18,,,3.207e-3,1.161e-16,6.461e-19,1.247e-28,,1.026e-21,,1.531e-16,6.423e-1,,1.978e-19,5.586e-7,2.005e-12,,,,,4.102e-1,,,,,,,,,,,,,,
726.73,1.179e+0,4.054e-8,5.702e-13,5.773e-42,1.785e-17,,,1.292e-18,1.523e-19,,3.890e-16,7.246e-20,3.985e-29,1.771e-17,6.526e-20,1.678e-31,3.030e-17,,,,3.627e-18,3.643e-32,1.232e-1,,7.208e-25,1.220e-18,,,3.244e-3,1.162e-16,6.465e-19,1.247e-28,,1.026e-21,,1.531e-16,6.555e-1,,1.978e-19,4.527e-7,1.501e-12,,,,,3.973e-1,,,,,,,,,,,,,,
726.76,1.159e+0,3.045e-8,4.065e-13,5.763e-42,1.786e-17,,,1.292e-18,1.523e-19,,3.893e-16,7.264e-20,3.986e-29,1.771e-17,6.543e-20,1.678e-31,3.033e-17,,,,3.628e-18,5.675e-32,1.037e-1,,7.185e-25,1.220e-18,,,3.297e-3,1.163e-16,6.472e-19,1.247e-28,,1.027e-21,,1.531e-16,6.739e-1,,1.977e-19,3.293e-7,9.700e-13,,,,,3.777e-1,,,,,,,,,,,,,,
726.78,1.145e+0,2.511e-8,3.238e-13,5.757e-42,1.786e-17,,,1.292e-18,1.523e-19,,3.895e-16,7.276e-20,3.986e-29,1.771e-17,6.555e-20,1.678e-31,3.035e-17,,,,3.628e-18,7.612e-32,9.226e-2,,7.170e-25,1.221e-18,,,3.328e-3,1.163e-16,6.477e-19,1.248e-28,,1.027e-21,,1.532e-16,6.852e-1,,1.976e-19,2.659e-7,7.237e-13,,,,,3.645e-1,,,,,,,,,,,,,,
726.81,1.126e+0,1.876e-8,2.296e-13,5.747e-42,1.787e-17,,,1.292e-18,1.524e-19,,3.897e-16,7.295e-20,3.986e-29,1.771e-17,6.572e-20,1.678e-31,3.038e-17,,,,3.629e-18,1.179e-31,7.722e-2,,7.148e-25,1.222e-18,,,3.371e-3,1.164e-16,6.483e-19,1.248e-28,,1.027e-21,,1.532e-16,7.006e-1,,1.975e-19,1.924e-7,4.651e-13,,,,,3.447e-1,,,,,,,,,,,,,,
726.83,1.113e+0,1.542e-8,1.822e-13,5.740e-42,1.787e-17,,,1.292e-18,1.524e-19,,3.899e-16,7.307e-20,3.986e-29,1.771e-17,6.583e-20,1.678e-31,3.041e-17,,,,3.629e-18,1.576e-31,6.847e-2,,7.133e-25,1.223e-18,,,3.396e-3,1.164e-16,6.488e-19,1.248e-28,,1.027e-21,,1.532e-16,7.098e-1,,1.975e-19,1.547e-7,3.457e-13,,,,,3.314e-1,,,,,,,,,,,,,,
726.85,1.100e+0,1.265e-8,1.444e-13,5.733e-42,1.787e-17,,,1.292e-18,1.525e-19,,3.900e-16,7.320e-20,3.986e-29,1.771e-17,6.594e-20,1.678e-31,3.043e-17,,,,3.629e-18,2.104e-31,6.062e-2,,7.118e-25,1.223e-18,,,3.418e-3,1.165e-16,6.493e-19,1.248e-28,,1.027e-21,,1.532e-16,7.181e-1,,1.974e-19,1.243e-7,2.566e-13,,,,,3.182e-1,,,,,,,,,,,,,,
726.88,1.081e+0,9.378e-9,1.016e-13,5.724e-42,1.788e-17,,,1.292e-18,1.525e-19,,3.903e-16,7.338e-20,3.986e-29,1.771e-17,6.612e-20,1.678e-31,3.046e-17,,,,3.630e-18,3.235e-31,5.036e-2,,7.095e-25,1.224e-18,,,3.445e-3,1.166e-16,6.499e-19,1.248e-28,,1.028e-21,,1.532e-16,7.287e-1,,1.973e-19,8.924e-8,1.636e-13,,,,,2.986e-1,,,,,,,,,,,,,,
726.9,1.068e+0,7.667e-9,8.024e-14,5.717e-42,1.788e-17,,,1.292e-18,1.525e-19,,3.905e-16,7.351e-20,3.986e-29,1.771e-17,6.623e-20,1.678e-31,3.048e-17,,,,3.630e-18,4.302e-31,4.442e-2,,7.080e-25,1.225e-18,,,3.460e-3,1.166e-16,6.504e-19,1.248e-28,,1.028e-21,,1.533e-16,7.345e-1,,1.973e-19,7.142e-8,1.210e-13,,,,,2.857e-1,,,,,,,,,,,,,,
726.93,1.048e+0,5.653e-9,5.615e-14,5.707e-42,1.789e-17,,,1.292e-18,1.526e-19,,3.907e-16,7.369e-20,3.987e-29,1.771e-17,6.640e-20,1.678e-31,3.051e-17,,,,3.631e-18,6.579e-31,3.671e-2,,7.058e-25,1.226e-18,,,3.476e-3,1.167e-16,6.511e-19,1.248e-28,,1.028e-21,,1.533e-16,7.413e-1,,1.972e-19,5.100e-8,7.675e-14,,,,,2.666e-1,,,,,,,,,,,,,,
726.95,1.034e+0,4.605e-9,4.418e-14,5.700e-42,1.789e-17,,,1.292e-18,1.526e-19,,3.909e-16,7.382e-20,3.987e-29,1.771e-17,6.651e-20,1.678e-31,3.053e-17,,,,3.631e-18,8.718e-31,3.226e-2,,7.043e-25,1.226e-18,,,3.484e-3,1.168e-16,6.515e-19,1.248e-28,,1.028e-21,,1.533e-16,7.445e-1,,1.971e-19,4.067e-8,5.655e-14,,,,,2.541e-1,,,,,,,,,,,,,,
726.98,1.013e+0,3.377e-9,3.075e-14,5.690e-42,1.789e-17,,,1.292e-18,1.527e-19,,3.911e-16,7.400e-20,3.987e-29,1.771e-17,6.669e-20,1.678e-31,3.056e-17,,,,3.632e-18,1.326e-30,2.652e-2,,7.021e-25,1.227e-18,,,3.489e-3,1.168e-16,6.522e-19,1.248e-28,,1.028e-21,,1.533e-16,7.474e-1,,1.971e-19,2.888e-8,3.567e-14,,,,,2.359e-1,,,,,,,,,,,,,,
727,9.987e-1,2.741e-9,2.410e-14,5.684e-42,1.790e-17,,,1.291e-18,1.527e-19,,3.913e-16,7.413e-20,3.987e-29,1.771e-17,6.680e-20,1.679e-31,3.058e-17,,,,3.632e-18,1.751e-30,2.322e-2,,7.006e-25,1.228e-18,,,3.489e-3,1.169e-16,6.527e-19,1.248e-28,,1.029e-21,,1.534e-16,7.479e-1,,1.970e-19,2.295e-8,2.619e-14,,,,,2.240e-1,,,,,,,,,,,,,,
727.03,9.760e-1,1.999e-9,1.668e-14,5.674e-42,1.790e-17,,,1.291e-18,1.527e-19,,3.916e-16,7.431e-20,3.987e-29,1.771e-17,6.697e-20,1.679e-31,3.062e-17,,,,3.633e-18,2.650e-30,1.898e-2,,6.983e-25,1.229e-18,,,3.483e-3,1.170e-16,6.534e-19,2.075e-28,,1.029e-21,,1.534e-16,7.467e-1,,1.969e-19,1.621e-8,1.643e-14,,,,,2.068e-1,,,,,,,,,,,,,,
727.05,9.603e-1,1.616e-9,1.303e-14,5.667e-42,1.791e-17,,,1.291e-18,1.528e-19,,3.917e-16,7.443e-20,3.987e-29,1.771e-17,6.708e-20,1.679e-31,3.064e-17,,,,3.633e-18,3.486e-30,1.656e-2,,6.968e-25,1.229e-18,,,3.476e-3,1.170e-16,6.538e-19,2.907e-28,,1.029e-21,,1.534e-16,7.445e-1,,1.969e-19,1.283e-8,1.201e-14,,,,,1.957e-1,,,,,,,,,,,,,,
727.08,9.359e-1,1.172e-9,8.971e-15,5.657e-42,1.791e-17,,,1.291e-18,1.528e-19,,3.920e-16,7.462e-20,3.988e-29,1.771e-17,6.725e-20,1.679e-31,3.067e-17,,,,3.634e-18,5.246e-30,1.347e-2,,6.946e-25,1.230e-18,,,3.461e-3,1.171e-16,6.545e-19,4.809e-28,,1.029e-21,,1.534e-16,7.393e-1,,1.968e-19,9.011e-9,7.495e-15,,,,,1.797e-1,,,,,,,,,,,,,,
727.1,9.191e-1,9.445e-10,6.982e-15,5.651e-42,1.791e-17,,,1.291e-18,1.529e-19,,3.922e-16,7.474e-20,3.988e-29,1.771e-17,6.737e-20,1.679e-31,3.069e-17,,,,3.634e-18,6.877e-30,1.171e-2,,6.931e-25,1.231e-18,,,3.448e-3,1.171e-16,6.550e-19,6.714e-28,,1.029e-21,,1.534e-16,7.345e-1,,1.967e-19,7.107e-9,5.463e-15,,,,,1.695e-1,,,,,,,,,,,,,,
727.13,8.930e-1,6.813e-10,4.780e-15,5.641e-42,1.792e-17,,,1.291e-18,1.529e-19,,3.924e-16,7.493e-20,3.988e-29,1.771e-17,6.754e-20,1.679e-31,3.072e-17,,,,3.634e-18,1.030e-29,9.467e-3,,6.908e-25,1.232e-18,,,3.423e-3,1.172e-16,6.557e-19,1.104e-27,,1.030e-21,,1.535e-16,7.254e-1,,1.966e-19,4.965e-9,3.389e-15,,,,,1.547e-1,,,,,,,,,,,,,,
727.15,8.750e-1,5.470e-10,3.707e-15,5.634e-42,1.792e-17,,,1.291e-18,1.529e-19,,3.926e-16,7.505e-20,3.988e-29,1.771e-17,6.765e-20,1.679e-31,3.074e-17,,,,3.635e-18,1.345e-29,8.202e-3,,6.893e-25,1.232e-18,,,3.405e-3,1.173e-16,6.561e-19,1.536e-27,,1.030e-21,,1.535e-16,7.181e-1,,1.966e-19,3.902e-9,2.461e-15,,,,,1.454e-1,,,,,,,,,,,,,,
727.18,8.473e-1,3.924e-10,2.524e-15,5.624e-42,1.793e-17,,,1.291e-18,1.530e-19,,3.928e-16,7.524e-20,3.988e-29,1.771e-17,6.782e-20,1.679e-31,3.077e-17,,,,3.635e-18,2.002e-29,6.596e-3,,6.871e-25,1.233e-18,,,3.373e-3,1.174e-16,6.568e-19,2.514e-27,,1.030e-21,,1.535e-16,7.053e-1,,1.965e-19,2.711e-9,1.518e-15,,,,,1.320e-1,,,,,,,,,,,,,,
727.2,8.283e-1,3.139e-10,1.950e-15,5.617e-42,1.793e-17,,,1.291e-18,1.530e-19,,3.930e-16,7.536e-20,3.988e-29,1.771e-17,6.794e-20,1.679e-31,3.080e-17,,,,3.636e-18,2.606e-29,5.694e-3,,6.856e-25,1.234e-18,,,3.350e-3,1.174e-16,6.573e-19,3.516e-27,,1.030e-21,,1.535e-16,6.957e-1,,1.964e-19,2.122e-9,1.099e-15,,,,,1.236e-1,,,,,,,,,,,,,,
727.22,8.090e-1,2.507e-10,1.505e-15,5.611e-42,1.793e-17,,,1.291e-18,1.531e-19,,3.932e-16,7.549e-20,3.988e-29,1.771e-17,6.805e-20,1.679e-31,3.082e-17,,,,3.636e-18,3.387e-29,4.908e-3,,6.841e-25,1.234e-18,,,3.325e-3,1.175e-16,6.577e-19,4.867e-27,,1.030e-21,,1.536e-16,6.852e-1,,1.964e-19,1.659e-9,7.936e-16,,,,,1.155e-1,,,,,,,,,,,,,,
727.25,7.793e-1,1.785e-10,1.017e-15,5.601e-42,1.794e-17,,,1.291e-18,1.531e-19,,3.934e-16,7.567e-20,3.989e-29,1.771e-17,6.822e-20,1.679e-31,3.085e-17,,,,3.637e-18,5.006e-29,3.917e-3,,6.818e-25,1.235e-18,,,3.285e-3,1.175e-16,6.584e-19,8.033e-27,,1.031e-21,,1.536e-16,6.679e-1,,1.963e-19,1.144e-9,4.859e-16,,,,,1.041e-1,,,,,,,,,,,,,,
727.27,7.591e-1,1.420e-10,7.816e-16,5.594e-42,1.794e-17,,,1.291e-18,1.531e-19,,3.936e-16,7.580e-20,3.989e-29,1.771e-17,6.834e-20,1.679e-31,3.087e-17,,,,3.637e-18,6.482e-29,3.364e-3,,6.804e-25,1.236e-18,,,3.256e-3,1.176e-16,6.589e-19,1.108e-26,,1.031e-21,,1.536e-16,6.555e-1,,1.962e-19,8.913e-10,3.497e-16,,,,,9.699e-2,,,,,,,,,,,,,,
727.3,7.283e-1,1.006e-10,5.253e-16,5.584e-42,1.795e-17,,,1.291e-18,1.532e-19,,3.938e-16,7.598e-20,3.989e-29,1.771e-17,6.851e-20,1.679e-31,3.090e-17,,,,3.638e-18,9.528e-29,2.670e-3,,6.781e-25,1.237e-18,,,3.212e-3,1.177e-16,6.595e-19,1.792e-26,,1.031e-21,,1.536e-16,6.355e-1,,1.962e-19,6.111e-10,2.130e-16,,,,,8.695e-2,,,,,,,,,,,,,,
727.32,7.075e-1,7.974e-11,4.023e-16,5.577e-42,1.795e-17,,,1.291e-18,1.532e-19,,3.940e-16,7.611e-20,3.989e-29,1.771e-17,6.862e-20,1.679e-31,3.092e-17,,,,3.638e-18,1.230e-28,2.285e-3,,6.766e-25,1.237e-18,,,3.181e-3,1.177e-16,6.600e-19,2.463e-26,,1.031e-21,,1.536e-16,6.214e-1,,1.961e-19,4.743e-10,1.527e-16,,,,,8.069e-2,,,,,,,,,,,,,,
727.35,6.761e-1,5.615e-11,2.689e-16,5.568e-42,1.795e-17,,,1.291e-18,1.533e-19,,3.943e-16,7.629e-20,3.989e-29,1.771e-17,6.879e-20,1.679e-31,3.095e-17,,,,3.638e-18,1.798e-28,1.804e-3,,6.744e-25,1.238e-18,,,3.134e-3,1.178e-16,6.607e-19,3.961e-26,,1.031e-21,,1.537e-16,5.992e-1,,1.960e-19,3.235e-10,9.250e-17,,,,,7.194e-2,,,,,,,,,,,,,,
727.37,6.549e-1,4.436e-11,2.052e-16,5.561e-42,1.796e-17,,,1.291e-18,1.533e-19,,3.944e-16,7.641e-20,3.989e-29,1.771e-17,6.891e-20,1.679e-31,3.098e-17,,,,3.639e-18,2.311e-28,1.538e-3,,6.729e-25,1.239e-18,,,3.102e-3,1.178e-16,6.611e-19,5.426e-26,,1.032e-21,,1.537e-16,5.838e-1,,1.960e-19,2.501e-10,6.609e-17,,,,,6.652e-2,,,,,,,,,,,,,,
727.4,6.231e-1,3.106e-11,1.364e-16,5.551e-42,1.796e-17,,,1.291e-18,1.533e-19,,3.947e-16,7.660e-20,3.989e-29,1.771e-17,6.908e-20,1.679e-31,3.101e-17,,,,3.639e-18,3.361e-28,1.208e-3,,6.706e-25,1.240e-18,,,3.053e-3,1.179e-16,6.618e-19,8.678e-26,,1.032e-21,,1.537e-16,5.599e-1,,1.959e-19,1.697e-10,3.981e-17,,,,,5.898e-2,,,,,,,,,,,,,,
727.42,6.019e-1,2.445e-11,1.037e-16,5.544e-42,1.797e-17,,,1.290e-18,1.534e-19,,3.949e-16,7.672e-20,3.990e-29,1.770e-17,6.919e-20,1.679e-31,3.103e-17,,,,3.640e-18,4.306e-28,1.026e-3,,6.691e-25,1.240e-18,,,3.020e-3,1.180e-16,6.623e-19,1.185e-25,,1.032e-21,,1.537e-16,5.435e-1,,1.958e-19,1.307e-10,2.834e-17,,,,,5.434e-2,,,,,,,,,,,,,,
727.45,5.701e-1,1.703e-11,6.860e-17,5.534e-42,1.797e-17,,,1.290e-18,1.534e-19,,3.951e-16,7.691e-20,3.990e-29,1.770e-17,6.936e-20,1.679e-31,3.106e-17,,,,3.640e-18,6.228e-28,8.013e-4,,6.669e-25,1.241e-18,,,2.970e-3,1.181e-16,6.630e-19,1.885e-25,,1.032e-21,,1.538e-16,5.184e-1,,1.957e-19,8.817e-11,1.697e-17,,,,,4.793e-2,,,,,,,,,,,,,,
727.47,5.491e-1,1.336e-11,5.197e-17,5.528e-42,1.797e-17,,,1.290e-18,1.535e-19,,3.953e-16,7.703e-20,3.990e-29,1.770e-17,6.948e-20,1.679e-31,3.108e-17,,,,3.641e-18,7.952e-28,6.782e-4,,6.654e-25,1.242e-18,,,2.936e-3,1.181e-16,6.634e-19,2.564e-25,,1.032e-21,,1.538e-16,5.014e-1,,1.957e-19,6.769e-11,1.204e-17,,,,,4.399e-2,,,,,,,,,,,,,,
727.5,5.177e-1,9.252e-12,3.417e-17,5.518e-42,1.798e-17,,,1.290e-18,1.535e-19,,3.955e-16,7.722e-20,3.990e-29,1.770e-17,6.965e-20,1.680e-31,3.111e-17,,,,3.641e-18,1.144e-27,5.268e-4,,6.631e-25,1.243e-18,,,2.886e-3,1.182e-16,6.641e-19,4.057e-25,,1.033e-21,,1.538e-16,4.757e-1,,1.956e-19,4.541e-11,1.204e-17,,,,,3.859e-2,,,,,,,,,,,,,,
727.52,4.971e-1,7.230e-12,2.580e-17,5.511e-42,1.798e-17,,,1.290e-18,1.535e-19,,3.957e-16,7.734e-20,3.990e-29,1.770e-17,6.976e-20,1.680e-31,3.113e-17,,,,3.642e-18,1.455e-27,4.443e-4,,6.616e-25,1.243e-18,,,2.853e-3,1.182e-16,6.646e-19,5.499e-25,,1.033e-21,,1.538e-16,4.585e-1,,1.955e-19,3.473e-11,1.204e-17,,,,,3.529e-2,,,,,,,,,,,,,,
727.55,4.665e-1,4.981e-12,1.687e-17,5.501e-42,1.799e-17,,,1.290e-18,1.536e-19,,3.960e-16,7.753e-20,3.990e-29,1.770e-17,6.993e-20,1.680e-31,3.117e-17,,,,3.642e-18,2.082e-27,3.432e-4,,6.594e-25,1.244e-18,,,2.803e-3,1.183e-16,6.653e-19,8.654e-25,,1.033e-21,,1.538e-16,4.326e-1,,1.954e-19,2.317e-11,1.205e-17,,,,,3.079e-2,,,,,,,,,,,,,,
727.57,4.465e-1,3.878e-12,1.269e-17,5.494e-42,1.799e-17,,,1.290e-18,1.536e-19,,3.961e-16,7.765e-20,3.991e-29,1.770e-17,7.004e-20,1.680e-31,3.119e-17,,,,3.643e-18,2.639e-27,2.884e-4,,6.579e-25,1.245e-18,,,2.770e-3,1.184e-16,6.657e-19,1.169e-24,,1.033e-21,,1.539e-16,4.154e-1,,1.954e-19,1.766e-11,1.205e-17,,,,,2.806e-2,,,,,,,,,,,,,,
727.6,4.171e-1,2.657e-12,8.254e-18,5.485e-42,1.800e-17,,,1.290e-18,1.537e-19,,3.964e-16,7.784e-20,3.991e-29,1.770e-17,7.022e-20,1.680e-31,3.122e-17,,,,3.643e-18,3.756e-27,2.216e-4,,6.557e-25,1.246e-18,,,2.721e-3,1.184e-16,6.664e-19,1.830e-24,,1.034e-21,,1.539e-16,3.899e-1,,1.953e-19,1.172e-11,1.205e-17,,,,,2.435e-2,,,,,,,,,,,,,,
727.62,3.980e-1,2.061e-12,6.185e-18,5.478e-42,1.800e-17,,,1.290e-18,1.537e-19,,3.965e-16,7.796e-20,3.991e-29,1.770e-17,7.033e-20,1.680e-31,3.124e-17,,,,3.643e-18,4.744e-27,1.855e-4,,6.542e-25,1.246e-18,,,2.688e-3,1.185e-16,6.669e-19,2.463e-24,,1.034e-21,,1.539e-16,3.730e-1,,1.952e-19,8.898e-12,1.205e-17,,,,,2.211e-2,,,,,,,,,,,,,,
727.64,3.792e-1,1.597e-12,4.628e-18,5.471e-42,1.800e-17,,,1.290e-18,1.537e-19,,3.967e-16,7.808e-20,3.991e-29,1.770e-17,7.044e-20,1.680e-31,3.126e-17,,,,3.644e-18,5.983e-27,1.551e-4,,6.527e-25,1.247e-18,,,2.655e-3,1.186e-16,6.673e-19,3.310e-24,,1.034e-21,,1.539e-16,3.564e-1,,1.952e-19,6.747e-12,1.205e-17,,,,,2.004e-2,,,,,,,,,,,,,,
727.67,3.519e-1,1.086e-12,2.988e-18,5.461e-42,1.801e-17,,,1.290e-18,1.538e-19,,3.970e-16,7.827e-20,3.991e-29,1.770e-17,7.061e-20,1.680e-31,3.129e-17,,,,3.644e-18,8.452e-27,1.183e-4,,6.504e-25,1.248e-18,,,2.607e-3,1.186e-16,6.680e-19,5.144e-24,,1.034e-21,,1.540e-16,3.319e-1,,1.951e-19,4.443e-12,1.205e-17,,,,,1.726e-2,,,,,,,,,,,,,,
727.69,3.342e-1,8.378e-13,2.227e-18,5.455e-42,1.801e-17,,,1.290e-18,1.538e-19,,3.971e-16,7.839e-20,3.991e-29,1.770e-17,7.073e-20,1.680e-31,3.131e-17,,,,3.645e-18,1.062e-26,9.852e-5,,6.489e-25,1.248e-18,,,2.575e-3,1.187e-16,6.685e-19,6.889e-24,,1.034e-21,,1.540e-16,3.160e-1,,1.951e-19,3.356e-12,1.206e-17,,,,,1.559e-2,,,,,,,,,,,,,,
727.72,3.086e-1,5.666e-13,1.430e-18,5.445e-42,1.802e-17,,,1.290e-18,1.539e-19,,3.974e-16,7.858e-20,3.991e-29,1.770e-17,7.090e-20,1.680e-31,3.134e-17,,,,3.645e-18,1.492e-26,7.471e-5,,6.467e-25,1.249e-18,,,2.526e-3,1.188e-16,6.691e-19,1.065e-23,,1.034e-21,,1.540e-16,2.927e-1,,1.950e-19,2.198e-12,1.206e-17,,,,,1.335e-2,,,,,,,,,,,,,,
727.74,2.922e-1,4.357e-13,1.062e-18,5.438e-42,1.802e-17,,,1.290e-18,1.539e-19,,3.976e-16,7.870e-20,3.992e-29,1.770e-17,7.101e-20,1.680e-31,3.137e-17,,,,3.646e-18,1.869e-26,6.201e-5,,6.452e-25,1.250e-18,,,2.494e-3,1.188e-16,6.696e-19,1.421e-23,,1.035e-21,,1.540e-16,2.776e-1,,1.949e-19,1.654e-12,1.206e-17,,,,,1.202e-2,,,,,,,,,,,,,,
727.77,2.685e-1,2.930e-13,6.783e-19,5.428e-42,1.802e-17,,,1.290e-18,1.539e-19,,3.978e-16,7.889e-20,3.992e-29,1.770e-17,7.118e-20,1.680e-31,3.140e-17,,,,3.646e-18,2.611e-26,4.677e-5,,6.429e-25,1.251e-18,,,2.445e-3,1.189e-16,6.703e-19,2.185e-23,,1.035e-21,,1.540e-16,2.558e-1,,1.948e-19,1.077e-12,1.206e-17,,,,,1.024e-2,,,,,,,,,,,,,,
727.79,2.534e-1,2.245e-13,5.021e-19,5.421e-42,1.803e-17,,,1.290e-18,1.540e-19,,3.980e-16,7.901e-20,3.992e-29,1.770e-17,7.130e-20,1.680e-31,3.142e-17,,,,3.647e-18,3.258e-26,3.868e-5,,6.414e-25,1.251e-18,,,2.413e-3,1.189e-16,6.707e-19,2.905e-23,,1.035e-21,,1.541e-16,2.417e-1,,1.948e-19,8.081e-13,1.206e-17,,,,,9.183e-3,,,,,,,,,,,,,,
727.82,2.317e-1,1.502e-13,3.188e-19,5.412e-42,1.803e-17,,,1.290e-18,1.540e-19,,3.982e-16,7.920e-20,3.992e-29,1.770e-17,7.147e-20,1.680e-31,3.145e-17,,,,3.647e-18,4.529e-26,2.901e-5,,6.392e-25,1.252e-18,,,2.364e-3,1.190e-16,6.714e-19,4.443e-23,,1.035e-21,,1.541e-16,2.215e-1,,1.947e-19,5.234e-13,1.207e-17,,,,,7.779e-3,,,,,,,,,,,,,,
727.84,2.179e-1,1.146e-13,2.351e-19,5.405e-42,1.803e-17,,,1.290e-18,1.541e-19,,3.984e-16,7.932e-20,3.992e-29,1.770e-17,7.158e-20,1.680e-31,3.147e-17,,,,3.647e-18,5.631e-26,2.390e-5,,6.377e-25,1.253e-18,,,2.331e-3,1.191e-16,6.719e-19,5.887e-23,,1.035e-21,,1.541e-16,2.086e-1,,1.946e-19,3.911e-13,1.207e-17,,,,,6.952e-3,,,,,,,,,,,,,,
727.87,1.982e-1,7.625e-14,1.485e-19,5.395e-42,1.804e-17,,,1.289e-18,1.541e-19,,3.987e-16,7.951e-20,3.992e-29,1.770e-17,7.175e-20,1.680e-31,3.150e-17,,,,3.648e-18,7.785e-26,1.783e-5,,6.355e-25,1.254e-18,,,2.280e-3,1.192e-16,6.726e-19,8.956e-23,,1.036e-21,,1.541e-16,1.901e-1,,1.945e-19,2.519e-13,1.207e-17,,,,,5.857e-3,,,,,,,,,,,,,,
727.89,1.858e-1,5.800e-14,1.091e-19,5.388e-42,1.804e-17,,,1.289e-18,1.541e-19,,3.988e-16,7.963e-20,3.992e-29,1.770e-17,7.187e-20,1.680e-31,3.152e-17,,,,3.648e-18,9.644e-26,1.464e-5,,6.340e-25,1.254e-18,,,2.246e-3,1.192e-16,6.730e-19,1.183e-22,,1.036e-21,,1.542e-16,1.784e-1,,1.945e-19,1.876e-13,1.207e-17,,,,,5.215e-3,,,,,,,,,,,,,,
727.92,1.682e-1,3.837e-14,6.854e-20,5.378e-42,1.805e-17,,,1.289e-18,1.542e-19,,3.991e-16,7.982e-20,3.993e-29,1.770e-17,7.204e-20,1.680e-31,3.156e-17,,,,3.649e-18,1.326e-25,1.086e-5,,6.317e-25,1.255e-18,,,2.194e-3,1.193e-16,6.737e-19,1.789e-22,,1.036e-21,,1.542e-16,1.617e-1,,1.944e-19,1.202e-13,1.207e-17,,,,,4.370e-3,,,,,,,,,,,,,,
727.94,1.572e-1,2.908e-14,5.018e-20,5.372e-42,1.805e-17,,,1.289e-18,1.542e-19,,3.992e-16,7.994e-20,3.993e-29,1.770e-17,7.215e-20,1.680e-31,3.158e-17,,,,3.649e-18,1.637e-25,8.886e-6,,6.302e-25,1.256e-18,,,2.159e-3,1.193e-16,6.742e-19,2.354e-22,,1.036e-21,,1.542e-16,1.511e-1,,1.943e-19,8.915e-14,1.207e-17,,,,,3.877e-3,,,,,,,,,,,,,,
727.97,1.416e-1,1.913e-14,3.135e-20,5.362e-42,1.806e-17,,,1.289e-18,1.543e-19,,3.995e-16,8.013e-20,3.993e-29,1.770e-17,7.232e-20,1.681e-31,3.161e-17,,,,3.650e-18,2.239e-25,6.557e-6,,6.280e-25,1.257e-18,,,2.105e-3,1.194e-16,6.748e-19,3.543e-22,,1.037e-21,,1.542e-16,1.363e-1,,1.943e-19,5.680e-14,1.208e-17,,,,,3.231e-3,,,,,,,,,,,,,,
727.99,1.319e-1,1.445e-14,2.287e-20,5.355e-42,1.806e-17,,,1.289e-18,1.543e-19,,3.997e-16,8.025e-20,3.993e-29,1.770e-17,7.244e-20,1.681e-31,3.163e-17,,,,3.650e-18,2.754e-25,5.345e-6,,6.265e-25,1.257e-18,,,2.069e-3,1.195e-16,6.753e-19,4.646e-22,,1.037e-21,,1.542e-16,1.269e-1,,1.942e-19,4.198e-14,1.208e-17,,,,,2.856e-3,,,,,,,,,,,,,,
728.01,1.226e-1,1.089e-14,1.666e-20,5.348e-42,1.806e-17,,,1.289e-18,1.543e-19,,3.998e-16,8.037e-20,3.993e-29,1.770e-17,7.255e-20,1.681e-31,3.165e-17,,,,3.651e-18,3.382e-25,4.350e-6,,6.250e-25,1.258e-18,,,2.031e-3,1.195e-16,6.758e-19,6.082e-22,,1.037e-21,,1.543e-16,1.181e-1,,1.941e-19,3.098e-14,1.208e-17,,,,,2.521e-3,,,,,,,,,,,,,,
728.04,1.097e-1,7.112e-15,1.033e-20,5.338e-42,1.807e-17,,,1.289e-18,1.544e-19,,4.001e-16,8.056e-20,3.993e-29,1.770e-17,7.272e-20,1.681e-31,3.168e-17,,,,3.651e-18,4.592e-25,3.185e-6,,6.227e-25,1.259e-18,,,1.974e-3,1.196e-16,6.764e-19,9.086e-22,,1.037e-21,,1.543e-16,1.056e-1,,1.941e-19,1.959e-14,1.208e-17,,,,,2.085e-3,,,,,,,,,,,,,,
728.06,1.017e-1,5.343e-15,7.496e-21,5.332e-42,1.807e-17,,,1.289e-18,1.544e-19,,4.003e-16,8.068e-20,3.994e-29,1.770e-17,7.284e-20,1.681e-31,3.170e-17,,,,3.652e-18,5.619e-25,2.583e-6,,6.212e-25,1.259e-18,,,1.936e-3,1.196e-16,6.769e-19,1.185e-21,,1.037e-21,,1.543e-16,9.789e-2,,1.940e-19,1.441e-14,1.208e-17,,,,,1.834e-3,,,,,,,,,,,,,,
728.09,9.050e-2,3.470e-15,4.623e-21,5.322e-42,1.808e-17,,,1.289e-18,1.545e-19,,4.005e-16,8.087e-20,3.994e-29,1.770e-17,7.301e-20,1.681e-31,3.173e-17,,,,3.652e-18,7.587e-25,1.881e-6,,6.190e-25,1.260e-18,,,1.876e-3,1.197e-16,6.776e-19,1.761e-21,,1.038e-21,,1.543e-16,8.711e-2,,1.939e-19,9.059e-15,1.209e-17,,,,,1.509e-3,,,,,,,,,,,,,,
728.11,8.360e-2,2.597e-15,3.343e-21,5.315e-42,1.808e-17,,,1.289e-18,1.545e-19,,4.007e-16,8.099e-20,3.994e-29,1.770e-17,7.312e-20,1.681e-31,3.176e-17,,,,3.652e-18,9.252e-25,1.520e-6,,6.175e-25,1.261e-18,,,1.836e-3,1.198e-16,6.780e-19,2.290e-21,,1.038e-21,,1.544e-16,8.044e-2,,1.939e-19,6.637e-15,1.209e-17,,,,,1.322e-3,,,,,,,,,,,,,,
728.14,7.405e-2,1.677e-15,2.050e-21,5.305e-42,1.808e-17,,,1.289e-18,1.546e-19,,4.009e-16,8.118e-20,3.994e-29,1.770e-17,7.329e-20,1.681e-31,3.179e-17,,,,3.653e-18,1.243e-24,1.101e-6,,6.153e-25,1.262e-18,,,1.774e-3,1.199e-16,6.787e-19,3.385e-21,,1.038e-21,,1.544e-16,7.119e-2,,1.938e-19,4.151e-15,1.209e-17,,,,,1.082e-3,,,,,,,,,,,,,,
728.16,6.818e-2,1.251e-15,1.477e-21,5.299e-42,1.809e-17,,,1.289e-18,1.546e-19,,4.011e-16,8.130e-20,3.994e-29,1.770e-17,7.340e-20,1.681e-31,3.181e-17,,,,3.653e-18,1.510e-24,8.865e-7,,6.138e-25,1.262e-18,,,1.732e-3,1.199e-16,6.792e-19,4.384e-21,,1.038e-21,,1.544e-16,6.551e-2,,1.937e-19,3.030e-15,1.209e-17,,,,,9.445e-4,,,,,,,,,,,,,,
728.19,6.010e-2,8.034e-16,9.009e-22,5.289e-42,1.809e-17,,,1.289e-18,1.546e-19,,4.014e-16,8.149e-20,3.994e-29,1.770e-17,7.358e-20,1.681e-31,3.184e-17,,,,3.654e-18,2.017e-24,6.386e-7,,6.115e-25,1.263e-18,,,1.668e-3,1.200e-16,6.799e-19,6.447e-21,,1.038e-21,,1.544e-16,5.766e-2,,1.936e-19,1.885e-15,1.209e-17,,,,,7.685e-4,,,,,,,,,,,,,,
728.21,5.516e-2,5.970e-16,6.468e-22,5.282e-42,1.810e-17,,,1.289e-18,1.547e-19,,4.015e-16,8.161e-20,3.994e-29,1.769e-17,7.369e-20,1.681e-31,3.186e-17,,,,3.654e-18,2.442e-24,5.123e-7,,6.100e-25,1.264e-18,,,1.625e-3,1.200e-16,6.803e-19,8.321e-21,,1.039e-21,,1.544e-16,5.286e-2,,1.936e-19,1.371e-15,1.209e-17,,,,,6.686e-4,,,,,,,,,,,,,,
728.24,4.838e-2,3.814e-16,3.924e-22,5.272e-42,1.810e-17,,,1.289e-18,1.547e-19,,4.018e-16,8.180e-20,3.995e-29,1.769e-17,7.386e-20,1.681e-31,3.189e-17,,,,3.655e-18,3.245e-24,3.670e-7,,6.078e-25,1.265e-18,,,1.560e-3,1.201e-16,6.810e-19,1.217e-20,,1.039e-21,,1.545e-16,4.628e-2,,1.935e-19,8.480e-16,1.210e-17,,,,,5.411e-4,,,,,,,,,,,,,,
728.26,4.426e-2,2.823e-16,2.807e-22,5.265e-42,1.810e-17,,,1.289e-18,1.547e-19,,4.020e-16,8.192e-20,3.995e-29,1.769e-17,7.397e-20,1.681e-31,3.191e-17,,,,3.655e-18,3.914e-24,2.933e-7,,6.063e-25,1.265e-18,,,1.516e-3,1.202e-16,6.815e-19,1.565e-20,,1.039e-21,,1.545e-16,4.228e-2,,1.934e-19,6.145e-16,1.210e-17,,,,,4.691e-4,,,,,,,,,,,,,,
728.29,3.864e-2,1.794e-16,1.693e-22,5.255e-42,1.811e-17,,,1.288e-18,1.548e-19,,4.022e-16,8.211e-20,3.995e-29,1.769e-17,7.414e-20,1.681e-31,3.195e-17,,,,3.656e-18,5.173e-24,2.090e-7,,6.040e-25,1.266e-18,,,1.449e-3,1.202e-16,6.822e-19,2.277e-20,,1.039e-21,,1.545e-16,3.681e-2,,1.934e-19,3.781e-16,1.210e-17,,,,,3.775e-4,,,,,,,,,,,,,,
728.31,3.523e-2,1.323e-16,1.207e-22,5.249e-42,1.811e-17,,,1.288e-18,1.548e-19,,4.024e-16,8.223e-20,3.995e-29,1.769e-17,7.426e-20,1.681e-31,3.197e-17,,,,3.656e-18,6.218e-24,1.665e-7,,6.025e-25,1.267e-18,,,1.405e-3,1.203e-16,6.826e-19,2.919e-20,,1.039e-21,,1.545e-16,3.350e-2,,1.933e-19,2.730e-16,1.210e-17,,,,,3.261e-4,,,,,,,,,,,,,,
728.34,3.061e-2,8.360e-17,7.241e-23,5.239e-42,1.812e-17,,,1.288e-18,1.549e-19,,4.026e-16,8.242e-20,3.995e-29,1.769e-17,7.443e-20,1.681e-31,3.200e-17,,,,3.657e-18,8.174e-24,1.180e-7,,6.003e-25,1.268e-18,,,1.338e-3,1.204e-16,6.833e-19,4.224e-20,,1.040e-21,,1.546e-16,2.901e-2,,1.932e-19,1.670e-16,1.210e-17,,,,,2.610e-4,,,,,,,,,,,,,,
728.36,2.783e-2,6.145e-17,1.570e-23,5.232e-42,1.812e-17,,,1.288e-18,1.549e-19,,4.028e-16,8.254e-20,3.995e-29,1.769e-17,7.454e-20,1.681e-31,3.202e-17,,,,3.657e-18,9.791e-24,9.360e-8,,5.988e-25,1.268e-18,,,1.293e-3,1.204e-16,6.838e-19,5.395e-20,,1.040e-21,,1.546e-16,2.631e-2,,1.932e-19,1.202e-16,1.211e-17,,,,,2.246e-4,,,,,,,,,,,,,,
728.38,2.527e-2,4.510e-17,1.118e-23,5.226e-42,1.812e-17,,,1.288e-18,1.549e-19,,4.030e-16,8.266e-20,3.995e-29,1.769e-17,7.466e-20,1.681e-31,3.204e-17,,,,3.657e-18,1.171e-23,7.416e-8,,5.973e-25,1.269e-18,,,1.249e-3,1.205e-16,6.842e-19,6.880e-20,,1.040e-21,,1.546e-16,2.383e-2,,1.931e-19,8.631e-17,1.211e-17,,,,,1.930e-4,,,,,,,,,,,,,,
728.41,2.181e-2,2.828e-17,6.698e-24,5.216e-42,1.813e-17,,,1.288e-18,1.550e-19,,4.032e-16,8.285e-20,3.996e-29,1.769e-17,7.483e-20,1.681e-31,3.207e-17,,,,3.658e-18,1.528e-23,5.216e-8,,5.951e-25,1.270e-18,,,1.182e-3,1.206e-16,6.849e-19,9.883e-20,,1.040e-21,,1.546e-16,2.048e-2,,1.930e-19,5.241e-17,1.211e-17,,,,,1.534e-4,,,,,,,,,,,,,,
728.43,1.975e-2,2.068e-17,6.690e-24,5.209e-42,1.813e-17,,,1.288e-18,1.550e-19,,4.034e-16,8.297e-20,3.996e-29,1.769e-17,7.494e-20,1.681e-31,3.209e-17,,,,3.658e-18,1.821e-23,4.117e-8,,5.936e-25,1.270e-18,,,1.138e-3,1.206e-16,6.854e-19,1.256e-19,,1.040e-21,,1.546e-16,1.848e-2,,1.930e-19,3.751e-17,1.211e-17,,,,,1.313e-4,,,,,,,,,,,,,,
728.46,1.697e-2,1.289e-17,6.680e-24,5.199e-42,1.814e-17,,,1.288e-18,1.551e-19,,4.036e-16,8.316e-20,3.996e-29,1.769e-17,7.511e-20,1.682e-31,3.212e-17,,,,3.659e-18,2.363e-23,2.880e-8,,5.913e-25,1.271e-18,,,1.072e-3,1.207e-16,6.860e-19,1.795e-19,,1.041e-21,,1.547e-16,1.580e-2,,1.929e-19,2.265e-17,1.211e-17,,,,,1.038e-4,,,,,,,,,,,,,,
728.48,1.532e-2,9.395e-18,6.673e-24,5.192e-42,1.814e-17,,,1.288e-18,1.551e-19,,4.038e-16,8.328e-20,3.996e-29,1.769e-17,7.523e-20,1.682e-31,3.215e-17,,,,3.659e-18,2.806e-23,2.265e-8,,5.898e-25,1.272e-18,,,1.029e-3,1.207e-16,6.865e-19,2.273e-19,,1.041e-21,,1.547e-16,1.420e-2,,1.928e-19,1.615e-17,1.211e-17,,,,,8.852e-5,,,,,,,,,,,,,,
728.51,1.311e-2,5.826e-18,6.662e-24,5.182e-42,1.814e-17,,,1.288e-18,1.552e-19,,4.041e-16,8.347e-20,3.996e-29,1.769e-17,7.540e-20,1.682e-31,3.218e-17,,,,3.660e-18,3.621e-23,1.576e-8,,5.876e-25,1.273e-18,,,9.658e-4,1.208e-16,6.872e-19,3.230e-19,,1.041e-21,,1.547e-16,1.207e-2,,1.927e-19,9.701e-18,1.212e-17,,,,,6.956e-5,,,,,,,,,,,,,,
728.53,1.180e-2,4.230e-18,6.655e-24,5.176e-42,1.815e-17,,,1.288e-18,1.552e-19,,4.042e-16,8.359e-20,3.996e-29,1.769e-17,7.551e-20,1.682e-31,3.220e-17,,,,3.660e-18,4.285e-23,1.235e-8,,5.861e-25,1.273e-18,,,9.242e-4,1.209e-16,6.876e-19,4.077e-19,,1.041e-21,,1.547e-16,1.082e-2,,1.927e-19,6.893e-18,1.212e-17,,,,,5.913e-5,,,,,,,,,,,,,,
728.56,1.005e-2,2.609e-18,6.644e-24,5.166e-42,1.815e-17,,,1.288e-18,1.552e-19,,4.045e-16,8.378e-20,3.997e-29,1.769e-17,7.568e-20,1.682e-31,3.223e-17,,,,3.661e-18,5.501e-23,8.545e-9,,5.838e-25,1.274e-18,,,8.630e-4,1.210e-16,6.883e-19,5.764e-19,,1.041e-21,,1.548e-16,9.145e-3,,1.926e-19,6.893e-18,1.212e-17,,,,,4.621e-5,,,,,,,,,,,,,,
728.58,9.025e-3,1.887e-18,6.637e-24,5.159e-42,1.816e-17,,,1.288e-18,1.553e-19,,4.047e-16,8.390e-20,3.997e-29,1.769e-17,7.580e-20,1.682e-31,3.225e-17,,,,3.661e-18,6.486e-23,6.673e-9,,5.823e-25,1.275e-18,,,8.232e-4,1.210e-16,6.888e-19,7.248e-19,,1.042e-21,,1.548e-16,8.163e-3,,1.925e-19,6.893e-18,1.212e-17,,,,,3.914e-5,,,,,,,,,,,,,,
728.61,7.660e-3,1.158e-18,6.626e-24,5.149e-42,1.816e-17,,,1.288e-18,1.553e-19,,4.049e-16,8.409e-20,3.997e-29,1.769e-17,7.597e-20,1.682e-31,3.228e-17,,,,3.662e-18,8.282e-23,4.592e-9,,5.801e-25,1.276e-18,,,7.651e-4,1.211e-16,6.895e-19,1.019e-18,,1.042e-21,,1.548e-16,6.865e-3,,1.925e-19,6.893e-18,1.212e-17,,,,,3.043e-5,,,,,,,,,,,,,,
728.63,6.858e-3,8.342e-19,6.619e-24,5.143e-42,1.816e-17,,,1.288e-18,1.553e-19,,4.051e-16,8.421e-20,3.997e-29,1.769e-17,7.608e-20,1.682e-31,3.230e-17,,,,3.662e-18,9.731e-23,3.572e-9,,5.786e-25,1.276e-18,,,7.275e-4,1.211e-16,6.899e-19,1.277e-18,,1.042e-21,,1.548e-16,6.105e-3,,1.924e-19,6.893e-18,1.213e-17,,,,,2.568e-5,,,,,,,,,,,,,,
728.66,5.799e-3,5.089e-19,6.608e-24,5.133e-42,1.817e-17,,,1.288e-18,1.554e-19,,4.053e-16,8.440e-20,3.997e-29,1.769e-17,7.625e-20,1.682e-31,3.234e-17,,,,3.663e-18,1.236e-22,2.445e-9,,5.763e-25,1.277e-18,,,6.729e-4,1.212e-16,6.906e-19,1.787e-18,,1.042e-21,,1.548e-16,5.106e-3,,1.923e-19,6.893e-18,1.213e-17,,,,,1.985e-5,,,,,,,,,,,,,,
728.68,5.179e-3,3.654e-19,6.601e-24,5.126e-42,1.817e-17,,,1.288e-18,1.554e-19,,4.055e-16,8.452e-20,3.997e-29,1.769e-17,7.637e-20,1.682e-31,3.236e-17,,,,3.663e-18,1.447e-22,1.895e-9,,5.749e-25,1.278e-18,,,6.377e-4,1.213e-16,6.911e-19,2.231e-18,,1.042e-21,,1.549e-16,4.525e-3,,1.923e-19,6.893e-18,1.213e-17,,,,,1.669e-5,,,,,,,,,,,,,,
728.71,4.364e-3,2.217e-19,6.590e-24,5.116e-42,1.818e-17,,,1.287e-18,1.555e-19,,4.058e-16,8.470e-20,3.998e-29,1.769e-17,7.654e-20,1.682e-31,3.239e-17,,,,3.663e-18,1.828e-22,1.290e-9,,5.726e-25,1.279e-18,,,5.869e-4,1.213e-16,6.918e-19,3.105e-18,,1.043e-21,,1.549e-16,3.764e-3,,1.922e-19,6.893e-18,1.213e-17,,,,,1.284e-5,,,,,,,,,,,,,,
728.73,3.889e-3,1.586e-19,6.583e-24,5.109e-42,1.818e-17,,,1.287e-18,1.555e-19,,4.059e-16,8.483e-20,3.998e-29,1.769e-17,7.665e-20,1.682e-31,3.241e-17,,,,3.664e-18,2.132e-22,9.964e-10,,5.711e-25,1.279e-18,,,5.544e-4,1.214e-16,6.922e-19,3.863e-18,,1.043e-21,,1.549e-16,3.324e-3,,1.921e-19,6.893e-18,1.213e-17,,,,,1.075e-5,,,,,,,,,,,,,,
728.75,3.462e-3,1.133e-19,6.576e-24,5.103e-42,1.818e-17,,,1.287e-18,1.555e-19,,4.061e-16,8.495e-20,3.998e-29,1.769e-17,7.676e-20,1.682e-31,3.243e-17,,,,3.664e-18,2.483e-22,7.685e-10,,5.696e-25,1.280e-18,,,5.230e-4,1.214e-16,6.927e-19,4.800e-18,,1.043e-21,,1.549e-16,2.930e-3,,1.921e-19,6.893e-18,1.213e-17,,,,,8.996e-6,,,,,,,,,,,,,,
728.78,2.904e-3,6.823e-20,6.565e-24,5.093e-42,1.819e-17,,,1.287e-18,1.556e-19,,4.063e-16,8.514e-20,3.998e-29,1.769e-17,7.693e-20,1.682e-31,3.246e-17,,,,3.665e-18,3.113e-22,5.191e-10,,5.674e-25,1.281e-18,,,4.780e-4,1.215e-16,6.934e-19,6.630e-18,,1.043e-21,,1.550e-16,2.419e-3,,1.920e-19,6.893e-18,1.214e-17,,,,,6.865e-6,,,,,,,,,,,,,,
728.8,2.580e-3,4.856e-20,6.558e-24,5.086e-42,1.819e-17,,,1.287e-18,1.556e-19,,4.065e-16,8.526e-20,3.998e-29,1.769e-17,7.705e-20,1.682e-31,3.248e-17,,,,3.665e-18,3.614e-22,3.989e-10,,5.659e-25,1.281e-18,,,4.495e-4,1.216e-16,6.938e-19,8.209e-18,,1.043e-21,,1.550e-16,2.125e-3,,1.919e-19,6.893e-18,1.214e-17,,,,,5.722e-6,,,,,,,,,,,,,,
728.83,2.158e-3,2.908e-20,6.547e-24,5.076e-42,1.820e-17,,,1.287e-18,1.557e-19,,4.068e-16,8.545e-20,3.998e-29,1.769e-17,7.722e-20,1.682e-31,3.252e-17,,,,3.666e-18,4.506e-22,2.680e-10,,5.636e-25,1.282e-18,,,4.087e-4,1.217e-16,6.945e-19,1.128e-17,,1.044e-21,,1.550e-16,1.745e-3,,1.918e-19,6.893e-18,1.214e-17,,,,,4.343e-6,,,,,,,,,,,,,,
728.85,1.914e-3,2.062e-20,6.540e-24,5.070e-42,1.820e-17,,,1.287e-18,1.557e-19,,4.069e-16,8.557e-20,3.998e-29,1.769e-17,7.733e-20,1.682e-31,3.254e-17,,,,3.666e-18,5.211e-22,2.052e-10,,5.621e-25,1.283e-18,,,3.830e-4,1.217e-16,6.950e-19,1.392e-17,,1.044e-21,,1.550e-16,1.527e-3,,1.918e-19,6.893e-18,1.214e-17,,,,,3.607e-6,,,,,,,,,,,,,,
728.88,1.597e-3,2.065e-20,6.530e-24,5.060e-42,1.820e-17,,,1.287e-18,1.558e-19,,4.072e-16,8.576e-20,3.999e-29,1.769e-17,7.750e-20,1.682e-31,3.257e-17,,,,3.667e-18,6.464e-22,1.371e-10,,5.599e-25,1.284e-18,,,3.465e-4,1.218e-16,6.956e-19,1.902e-17,,1.044e-21,,1.550e-16,1.247e-3,,1.917e-19,6.893e-18,1.214e-17,,,,,2.723e-6,,,,,,,,,,,,,,
728.9,1.414e-3,2.067e-20,6.522e-24,5.053e-42,1.821e-17,,,1.287e-18,1.558e-19,,4.074e-16,8.588e-20,3.999e-29,1.769e-17,7.762e-20,1.682e-31,3.259e-17,,,,3.667e-18,7.449e-22,1.046e-10,,5.584e-25,1.284e-18,,,3.236e-4,1.218e-16,6.961e-19,2.339e-17,,1.044e-21,,1.551e-16,1.088e-3,,1.916e-19,6.893e-18,1.215e-17,,,,,2.253e-6,,,,,,,,,,,,,,
728.93,1.177e-3,2.070e-20,6.512e-24,5.043e-42,1.821e-17,,,1.287e-18,1.558e-19,,4.076e-16,8.607e-20,3.999e-29,1.769e-17,7.779e-20,1.683e-31,3.262e-17,,,,3.668e-18,9.190e-22,6.950e-11,,5.561e-25,1.285e-18,,,2.913e-4,1.219e-16,6.968e-19,3.180e-17,,1.044e-21,,1.551e-16,8.837e-4,,1.915e-19,6.893e-18,1.215e-17,,,,,1.691e-6,,,,,,,,,,,,,,
728.95,1.040e-3,2.072e-20,6.505e-24,5.036e-42,1.822e-17,,,1.287e-18,1.559e-19,,4.078e-16,8.619e-20,3.999e-29,1.769e-17,7.790e-20,1.683e-31,3.264e-17,,,,3.668e-18,1.055e-21,5.283e-11,,5.546e-25,1.286e-18,,,2.711e-4,1.220e-16,6.972e-19,3.896e-17,,1.045e-21,,1.551e-16,7.679e-4,,1.915e-19,6.893e-18,1.215e-17,,,,,1.395e-6,,,,,,,,,,,,,,
728.98,8.642e-4,2.075e-20,6.494e-24,5.026e-42,1.822e-17,,,1.287e-18,1.559e-19,,4.080e-16,8.637e-20,3.999e-29,1.769e-17,7.807e-20,1.683e-31,3.267e-17,,,,3.668e-18,1.295e-21,3.491e-11,,5.524e-25,1.287e-18,,,2.428e-4,1.220e-16,6.979e-19,5.269e-17,,1.045e-21,,1.551e-16,6.204e-4,,1.914e-19,6.893e-18,1.215e-17,,,,,1.041e-6,,,,,,,,,,,,,,
729,7.632e-4,2.077e-20,6.487e-24,5.020e-42,1.822e-17,,,1.287e-18,1.559e-19,,4.082e-16,8.650e-20,3.999e-29,1.769e-17,7.819e-20,1.683e-31,3.269e-17,,,,3.669e-18,1.482e-21,2.644e-11,,5.509e-25,1.287e-18,,,2.252e-4,1.221e-16,6.984e-19,6.433e-17,,1.045e-21,,1.551e-16,5.371e-4,,1.913e-19,6.893e-18,1.215e-17,,,,,8.555e-7,,,,,,,,,,,,,,
729.03,6.328e-4,2.080e-20,6.476e-24,5.010e-42,1.823e-17,,,1.287e-18,1.560e-19,,4.085e-16,8.668e-20,3.999e-29,1.768e-17,7.836e-20,1.683e-31,3.273e-17,,,,3.669e-18,1.808e-21,1.738e-11,,5.487e-25,1.288e-18,,,2.006e-4,1.222e-16,6.991e-19,8.655e-17,,1.045e-21,,1.552e-16,4.316e-4,,1.913e-19,6.893e-18,1.215e-17,,,,,6.353e-7,,,,,,,,,,,,,,
729.05,5.583e-4,2.082e-20,6.469e-24,5.003e-42,1.823e-17,,,1.287e-18,1.560e-19,,4.086e-16,8.681e-20,4.000e-29,1.768e-17,7.847e-20,1.683e-31,3.275e-17,,,,3.670e-18,2.062e-21,1.312e-11,,5.472e-25,1.289e-18,,,1.854e-4,1.222e-16,6.995e-19,1.053e-16,,1.045e-21,,1.552e-16,3.723e-4,,1.912e-19,6.893e-18,1.216e-17,,,,,5.201e-7,,,,,,,,,,,,,,
729.08,4.623e-4,2.085e-20,6.458e-24,4.993e-42,1.824e-17,,,1.287e-18,1.561e-19,,4.089e-16,8.699e-20,4.000e-29,1.768e-17,7.864e-20,1.683e-31,3.278e-17,,,,3.670e-18,2.503e-21,8.574e-12,,5.449e-25,1.290e-18,,,1.643e-4,1.223e-16,7.002e-19,1.409e-16,,1.046e-21,,1.552e-16,2.975e-4,,1.911e-19,6.893e-18,1.216e-17,,,,,3.841e-7,,,,,,,,,,,,,,
729.1,4.075e-4,2.087e-20,6.451e-24,4.987e-42,1.824e-17,,,1.287e-18,1.561e-19,,4.090e-16,8.712e-20,4.000e-29,1.768e-17,7.876e-20,1.683e-31,3.280e-17,,,,3.671e-18,2.843e-21,6.447e-12,,5.434e-25,1.290e-18,,,1.514e-4,1.224e-16,7.007e-19,1.709e-16,,1.046e-21,,1.552e-16,2.558e-4,,1.911e-19,6.893e-18,1.216e-17,,,,,3.133e-7,,,,,,,,,,,,,,
729.12,3.590e-4,2.089e-20,6.444e-24,4.980e-42,1.824e-17,,,1.287e-18,1.561e-19,,4.092e-16,8.724e-20,4.000e-29,1.768e-17,7.887e-20,1.683e-31,3.282e-17,,,,3.671e-18,3.225e-21,4.840e-12,,5.419e-25,1.291e-18,,,1.392e-4,1.224e-16,7.011e-19,2.068e-16,,1.046e-21,,1.553e-16,2.195e-4,,1.910e-19,6.893e-18,1.216e-17,,,,,2.552e-7,,,,,,,,,,,,,,
729.15,2.968e-4,2.092e-20,6.433e-24,4.970e-42,1.825e-17,,,1.286e-18,1.562e-19,,4.095e-16,8.743e-20,4.000e-29,1.768e-17,7.904e-20,1.683e-31,3.285e-17,,,,3.672e-18,3.886e-21,3.140e-12,,5.397e-25,1.292e-18,,,1.225e-4,1.225e-16,7.018e-19,2.748e-16,,1.046e-21,,1.553e-16,1.741e-4,,1.909e-19,6.893e-18,1.216e-17,,,,,1.870e-7,,,,,,,,,,,,,,
729.17,2.614e-4,2.094e-20,6.426e-24,4.963e-42,1.825e-17,,,1.286e-18,1.562e-19,,4.096e-16,8.755e-20,4.000e-29,1.768e-17,7.916e-20,1.683e-31,3.287e-17,,,,3.672e-18,4.392e-21,2.349e-12,,5.382e-25,1.292e-18,,,1.123e-4,1.225e-16,7.023e-19,3.315e-16,,1.046e-21,,1.553e-16,1.489e-4,,1.909e-19,6.893e-18,1.216e-17,,,,,1.518e-7,,,,,,,,,,,,,,
729.2,2.159e-4,2.097e-20,6.415e-24,4.953e-42,1.826e-17,,,1.286e-18,1.563e-19,,4.099e-16,8.774e-20,4.001e-29,1.768e-17,7.933e-20,1.683e-31,3.291e-17,,,,3.673e-18,5.264e-21,1.515e-12,,5.359e-25,1.293e-18,,,9.828e-5,1.226e-16,7.030e-19,4.381e-16,,1.047e-21,,1.553e-16,1.175e-4,,1.908e-19,6.893e-18,1.217e-17,,,,,1.106e-7,,,,,,,,,,,,,,
729.22,1.900e-4,2.099e-20,6.408e-24,4.947e-42,1.826e-17,,,1.286e-18,1.563e-19,,4.101e-16,8.786e-20,4.001e-29,1.768e-17,7.944e-20,1.683e-31,3.293e-17,,,,3.673e-18,5.928e-21,1.130e-12,,5.344e-25,1.294e-18,,,8.977e-5,1.227e-16,7.034e-19,5.267e-16,,1.047e-21,,1.553e-16,1.001e-4,,1.907e-19,6.893e-18,1.217e-17,,,,,8.946e-8,,,,,,,,,,,,,,
729.25,1.568e-4,2.102e-20,6.397e-24,4.937e-42,1.827e-17,,,1.286e-18,1.564e-19,,4.103e-16,8.805e-20,4.001e-29,1.768e-17,7.961e-20,1.683e-31,3.296e-17,,,,3.673e-18,7.067e-21,7.248e-13,,5.322e-25,1.295e-18,,,7.816e-5,1.228e-16,7.041e-19,6.924e-16,,1.047e-21,,1.554e-16,7.853e-5,,1.906e-19,6.893e-18,1.217e-17,,,,,6.486e-8,,,,,,,,,,,,,,
729.27,1.379e-4,2.104e-20,6.390e-24,4.930e-42,1.827e-17,,,1.286e-18,1.564e-19,,4.105e-16,8.817e-20,4.001e-29,1.768e-17,7.973e-20,1.683e-31,3.298e-17,,,,3.674e-18,7.930e-21,5.383e-13,,5.307e-25,1.295e-18,,,7.114e-5,1.228e-16,7.046e-19,8.295e-16,,1.047e-21,,1.554e-16,6.668e-5,,1.906e-19,6.893e-18,1.217e-17,,,,,5.226e-8,,,,,,,,,,,,,,
729.3,1.137e-4,2.107e-20,6.379e-24,4.920e-42,1.827e-17,,,1.286e-18,1.564e-19,,4.107e-16,8.835e-20,4.001e-29,1.768e-17,7.990e-20,1.683e-31,3.301e-17,,,,3.674e-18,9.403e-21,3.435e-13,,5.285e-25,1.296e-18,,,6.162e-5,1.229e-16,7.052e-19,1.085e-15,,1.048e-21,,1.554e-16,5.203e-5,,1.905e-19,6.893e-18,1.217e-17,,,,,3.768e-8,,,,,,,,,,,,,,
729.32,9.994e-5,2.109e-20,6.372e-24,4.914e-42,1.828e-17,,,1.286e-18,1.565e-19,,4.109e-16,8.848e-20,4.001e-29,1.768e-17,8.001e-20,1.683e-31,3.303e-17,,,,3.675e-18,1.051e-20,2.542e-13,,5.270e-25,1.297e-18,,,5.589e-5,1.229e-16,7.057e-19,1.295e-15,,1.048e-21,,1.554e-16,4.402e-5,,1.904e-19,6.893e-18,1.218e-17,,,,,3.025e-8,,,,,,,,,,,,,,
729.35,8.234e-5,2.112e-20,6.361e-24,4.904e-42,1.828e-17,,,1.286e-18,1.565e-19,,4.112e-16,8.866e-20,4.001e-29,1.768e-17,8.018e-20,1.683e-31,3.306e-17,,,,3.675e-18,1.240e-20,1.613e-13,,5.247e-25,1.298e-18,,,4.816e-5,1.230e-16,7.064e-19,1.685e-15,,1.048e-21,,1.555e-16,3.416e-5,,1.904e-19,6.892e-18,1.218e-17,,,,,2.169e-8,,,,,,,,,,,,,,
729.37,7.234e-5,2.114e-20,6.354e-24,4.897e-42,1.828e-17,,,1.286e-18,1.566e-19,,4.113e-16,8.879e-20,4.002e-29,1.768e-17,8.029e-20,1.683e-31,3.308e-17,,,,3.676e-18,1.382e-20,1.190e-13,,5.232e-25,1.298e-18,,,4.353e-5,1.231e-16,7.068e-19,2.004e-15,,1.048e-21,,1.555e-16,2.879e-5,,1.903e-19,6.892e-18,1.218e-17,,,,,1.735e-8,,,,,,,,,,,,,,
729.4,5.954e-5,2.117e-20,6.344e-24,4.887e-42,1.829e-17,,,1.286e-18,1.566e-19,,4.116e-16,8.897e-20,4.002e-29,1.768e-17,8.047e-20,1.684e-31,3.312e-17,,,,3.676e-18,1.621e-20,7.509e-14,,5.210e-25,1.299e-18,,,3.730e-5,1.231e-16,7.075e-19,2.594e-15,,1.048e-21,,1.555e-16,2.222e-5,,1.902e-19,6.892e-18,1.218e-17,,,,,1.238e-8,,,,,,,,,,,,,,
729.42,5.228e-5,2.119e-20,6.336e-24,4.880e-42,1.829e-17,,,1.286e-18,1.566e-19,,4.117e-16,8.910e-20,4.002e-29,1.768e-17,8.058e-20,1.684e-31,3.314e-17,,,,3.677e-18,1.799e-20,5.516e-14,,5.195e-25,1.300e-18,,,3.360e-5,1.232e-16,7.080e-19,3.075e-15,,1.048e-21,,1.555e-16,1.867e-5,,1.902e-19,6.892e-18,1.218e-17,,,,,9.863e-9,,,,,,,,,,,,,,
729.45,4.298e-5,2.122e-20,6.326e-24,4.870e-42,1.830e-17,,,1.286e-18,1.567e-19,,4.120e-16,8.928e-20,4.002e-29,1.768e-17,8.075e-20,1.684e-31,3.317e-17,,,,3.677e-18,2.099e-20,3.463e-14,,5.172e-25,1.301e-18,,,2.865e-5,1.233e-16,7.087e-19,3.959e-15,,1.049e-21,,1.556e-16,1.433e-5,,1.901e-19,6.892e-18,1.219e-17,,,,,6.997e-9,,,,,,,,,,,,,,
729.47,3.771e-5,2.124e-20,6.319e-24,4.864e-42,1.830e-17,,,1.286e-18,1.567e-19,,4.122e-16,8.941e-20,4.002e-29,1.768e-17,8.086e-20,1.684e-31,3.319e-17,,,,3.677e-18,2.322e-20,2.535e-14,,5.157e-25,1.301e-18,,,2.571e-5,1.233e-16,7.091e-19,4.677e-15,,1.049e-21,,1.556e-16,1.199e-5,,1.900e-19,6.892e-18,1.219e-17,,,,,5.556e-9,,,,,,,,,,,,,,
729.5,3.096e-5,2.127e-20,6.308e-24,4.854e-42,1.831e-17,,,1.286e-18,1.568e-19,,4.124e-16,8.959e-20,4.002e-29,1.768e-17,8.103e-20,1.684e-31,3.322e-17,,,,3.678e-18,2.695e-20,1.583e-14,,5.135e-25,1.302e-18,,,2.180e-5,1.234e-16,7.098e-19,5.990e-15,,1.049e-21,,1.556e-16,9.156e-6,,1.899e-19,6.892e-18,1.219e-17,,,,,3.920e-9,,,,,,,,,,,,,,
729.52,2.714e-5,2.129e-20,6.301e-24,4.847e-42,1.831e-17,,,1.286e-18,1.568e-19,,4.126e-16,8.972e-20,4.002e-29,1.768e-17,8.115e-20,1.684e-31,3.324e-17,,,,3.678e-18,2.970e-20,1.154e-14,,5.120e-25,1.303e-18,,,1.950e-5,1.235e-16,7.103e-19,7.052e-15,,1.049e-21,,1.556e-16,7.635e-6,,1.899e-19,6.892e-18,1.219e-17,,,,,3.102e-9,,,,,,,,,,,,,,
729.54,2.378e-5,2.131e-20,6.294e-24,4.841e-42,1.831e-17,,,1.286e-18,1.568e-19,,4.128e-16,8.984e-20,4.003e-29,1.768e-17,8.126e-20,1.684e-31,3.326e-17,,,,3.679e-18,3.270e-20,8.405e-15,,5.105e-25,1.304e-18,,,1.742e-5,1.235e-16,7.107e-19,8.291e-15,,1.049e-21,,1.556e-16,6.357e-6,,1.898e-19,6.892e-18,1.219e-17,,,,,2.450e-9,,,,,,,,,,,,,,
729.57,1.948e-5,2.134e-20,6.283e-24,4.831e-42,1.832e-17,,,1.285e-18,1.569e-19,,4.130e-16,9.002e-20,4.003e-29,1.768e-17,8.143e-20,1.684e-31,3.330e-17,,,,3.679e-18,3.766e-20,5.209e-15,,5.083e-25,1.304e-18,,,1.466e-5,1.236e-16,7.114e-19,1.054e-14,,1.050e-21,,1.557e-16,4.817e-6,,1.897e-19,6.892e-18,1.219e-17,,,,,1.716e-9,,,,,,,,,,,,,,
729.59,1.705e-5,2.136e-20,6.276e-24,4.824e-42,1.832e-17,,,1.285e-18,1.569e-19,,4.132e-16,9.015e-20,4.003e-29,1.768e-17,8.155e-20,1.684e-31,3.332e-17,,,,3.680e-18,4.130e-20,3.779e-15,,5.068e-25,1.305e-18,,,1.305e-5,1.236e-16,7.119e-19,1.235e-14,,1.050e-21,,1.557e-16,3.997e-6,,1.897e-19,6.892e-18,1.220e-17,,,,,1.351e-9,,,,,,,,,,,,,,
729.62,1.394e-5,2.139e-20,6.265e-24,4.814e-42,1.833e-17,,,1.285e-18,1.570e-19,,4.134e-16,9.033e-20,4.003e-29,1.768e-17,8.172e-20,1.684e-31,3.335e-17,,,,3.680e-18,4.732e-20,2.329e-15,,5.045e-25,1.306e-18,,,1.093e-5,1.237e-16,7.126e-19,1.562e-14,,1.050e-21,,1.557e-16,3.012e-6,,1.896e-19,6.892e-18,1.220e-17,,,,,9.406e-10,,,,,,,,,,,,,,
729.64,1.218e-5,2.141e-20,6.258e-24,4.807e-42,1.833e-17,,,1.285e-18,1.570e-19,,4.136e-16,9.046e-20,4.003e-29,1.768e-17,8.183e-20,1.684e-31,3.337e-17,,,,3.681e-18,5.171e-20,1.684e-15,,5.030e-25,1.307e-18,,,9.690e-6,1.238e-16,7.130e-19,1.823e-14,,1.050e-21,,1.557e-16,2.490e-6,,1.895e-19,6.892e-18,1.220e-17,,,,,7.377e-10,,,,,,,,,,,,,,
729.67,9.938e-6,2.144e-20,6.247e-24,4.797e-42,1.833e-17,,,1.285e-18,1.570e-19,,4.139e-16,9.064e-20,4.003e-29,1.768e-17,8.200e-20,1.684e-31,3.340e-17,,,,3.681e-18,5.892e-20,1.032e-15,,5.008e-25,1.307e-18,,,8.072e-6,1.238e-16,7.137e-19,2.294e-14,,1.051e-21,,1.558e-16,1.866e-6,,1.895e-19,6.892e-18,1.220e-17,,,,,5.110e-10,,,,,,,,,,,,,,
729.69,8.671e-6,2.146e-20,6.240e-24,4.791e-42,1.834e-17,,,1.285e-18,1.571e-19,,4.140e-16,9.077e-20,4.004e-29,1.768e-17,8.212e-20,1.684e-31,3.342e-17,,,,3.682e-18,6.416e-20,7.582e-16,,4.993e-25,1.308e-18,,,7.133e-6,1.239e-16,7.142e-19,2.669e-14,,1.051e-21,,1.558e-16,1.537e-6,,1.894e-19,6.892e-18,1.220e-17,,,,,3.993e-10,,,,,,,,,,,,,,
729.72,7.056e-6,2.149e-20,6.229e-24,4.781e-42,1.834e-17,,,1.285e-18,1.571e-19,,4.143e-16,9.095e-20,4.004e-29,1.768e-17,8.229e-20,1.684e-31,3.345e-17,,,,3.682e-18,7.272e-20,4.778e-16,,4.970e-25,1.309e-18,,,5.910e-6,1.240e-16,7.148e-19,3.341e-14,,1.051e-21,,1.558e-16,1.146e-6,,1.893e-19,6.892e-18,1.221e-17,,,,,2.751e-10,,,,,,,,,,,,,,
729.74,6.145e-6,2.151e-20,6.222e-24,4.774e-42,1.835e-17,,,1.285e-18,1.572e-19,,4.144e-16,9.108e-20,4.004e-29,1.768e-17,8.240e-20,1.684e-31,3.347e-17,,,,3.682e-18,7.890e-20,3.597e-16,,4.955e-25,1.310e-18,,,5.205e-6,1.240e-16,7.153e-19,3.873e-14,,1.051e-21,,1.558e-16,9.404e-7,,1.893e-19,6.892e-18,1.221e-17,,,,,2.142e-10,,,,,,,,,,,,,,
729.77,4.987e-6,2.154e-20,6.211e-24,4.764e-42,1.835e-17,,,1.285e-18,1.572e-19,,4.147e-16,9.126e-20,4.004e-29,1.768e-17,8.257e-20,1.684e-31,3.351e-17,,,,3.683e-18,8.895e-20,2.541e-16,,4.933e-25,1.310e-18,,,4.290e-6,1.241e-16,7.160e-19,4.823e-14,,1.051e-21,,1.558e-16,6.973e-7,,1.892e-19,6.892e-18,1.221e-17,,,,,1.468e-10,,,,,,,,,,,,,,
729.79,4.334e-6,2.156e-20,6.204e-24,4.758e-42,1.835e-17,,,1.285e-18,1.572e-19,,4.149e-16,9.139e-20,4.004e-29,1.768e-17,8.269e-20,1.684e-31,3.353e-17,,,,3.683e-18,9.617e-20,2.204e-16,,4.918e-25,1.311e-18,,,3.764e-6,1.242e-16,7.164e-19,5.572e-14,,1.052e-21,,1.559e-16,5.702e-7,,1.891e-19,6.892e-18,1.221e-17,,,,,1.138e-10,,,,,,,,,,,,,,
729.82,3.506e-6,2.159e-20,6.193e-24,4.748e-42,1.836e-17,,,1.285e-18,1.573e-19,,4.151e-16,9.157e-20,4.004e-29,1.767e-17,8.286e-20,1.684e-31,3.356e-17,,,,3.684e-18,1.078e-19,2.154e-16,,4.896e-25,1.312e-18,,,3.086e-6,1.242e-16,7.171e-19,6.902e-14,,1.052e-21,,1.559e-16,4.205e-7,,1.890e-19,6.892e-18,1.221e-17,,,,,7.758e-11,,,,,,,,,,,,,,
729.84,3.041e-6,2.161e-20,6.186e-24,4.741e-42,1.836e-17,,,1.285e-18,1.573e-19,,4.153e-16,9.170e-20,4.004e-29,1.767e-17,8.297e-20,1.684e-31,3.358e-17,,,,3.684e-18,1.162e-19,2.418e-16,,4.881e-25,1.313e-18,,,2.698e-6,1.243e-16,7.176e-19,7.947e-14,,1.052e-21,,1.559e-16,3.426e-7,,1.890e-19,6.892e-18,1.221e-17,,,,,5.997e-11,,,,,,,,,,,,,,
729.87,2.452e-6,2.164e-20,6.175e-24,4.731e-42,1.837e-17,,,1.285e-18,1.574e-19,,4.155e-16,9.188e-20,4.005e-29,1.767e-17,8.314e-20,1.684e-31,3.361e-17,,,,3.685e-18,1.295e-19,3.324e-16,,4.858e-25,1.313e-18,,,2.200e-6,1.244e-16,7.183e-19,9.793e-14,,1.052e-21,,1.559e-16,2.513e-7,,1.889e-19,6.892e-18,1.222e-17,,,,,4.065e-11,,,,,,,,,,,,,,
729.89,2.121e-6,2.166e-20,6.168e-24,4.724e-42,1.837e-17,,,1.285e-18,1.574e-19,,4.157e-16,9.200e-20,4.005e-29,1.767e-17,8.326e-20,1.685e-31,3.363e-17,,,,3.685e-18,1.391e-19,4.100e-16,,4.843e-25,1.314e-18,,,1.917e-6,1.244e-16,7.187e-19,1.124e-13,,1.052e-21,,1.559e-16,2.040e-7,,1.888e-19,6.892e-18,1.222e-17,,,,,3.131e-11,,,,,,,,,,,,,,
729.91,1.834e-6,2.168e-20,6.161e-24,4.718e-42,1.837e-17,,,1.285e-18,1.574e-19,,4.159e-16,9.213e-20,4.005e-29,1.767e-17,8.337e-20,1.685e-31,3.365e-17,,,,3.686e-18,1.491e-19,5.669e-16,,4.828e-25,1.315e-18,,,1.668e-6,1.245e-16,7.192e-19,1.287e-13,,1.053e-21,,1.560e-16,1.654e-7,,1.888e-19,6.892e-18,1.222e-17,,,,,2.408e-11,,,,,,,,,,,,,,
729.94,1.471e-6,2.171e-20,6.150e-24,4.708e-42,1.838e-17,,,1.285e-18,1.575e-19,,4.161e-16,9.231e-20,4.005e-29,1.767e-17,8.354e-20,1.685e-31,3.369e-17,,,,3.686e-18,1.650e-19,9.194e-16,,4.806e-25,1.316e-18,,,1.350e-6,1.246e-16,7.199e-19,1.575e-13,,1.053e-21,,1.560e-16,1.204e-7,,1.887e-19,6.892e-18,1.222e-17,,,,,1.619e-11,,,,,,,,,,,,,,
729.96,1.268e-6,2.173e-20,6.143e-24,4.701e-42,1.838e-17,,,1.285e-18,1.575e-19,,4.163e-16,9.244e-20,4.005e-29,1.767e-17,8.365e-20,1.685e-31,3.371e-17,,,,3.686e-18,1.762e-19,1.267e-15,,4.791e-25,1.316e-18,,,1.171e-6,1.246e-16,7.203e-19,1.798e-13,,1.053e-21,,1.560e-16,9.722e-8,,1.886e-19,6.892e-18,1.222e-17,,,,,1.241e-11,,,,,,,,,,,,,,
729.99,1.013e-6,2.176e-20,6.133e-24,4.691e-42,1.839e-17,,,1.285e-18,1.576e-19,,4.166e-16,9.262e-20,4.005e-29,1.767e-17,8.383e-20,1.685e-31,3.374e-17,,,,3.687e-18,1.940e-19,2.044e-15,,4.768e-25,1.317e-18,,,9.427e-7,1.247e-16,7.210e-19,2.189e-13,,1.053e-21,,1.560e-16,7.038e-8,,1.886e-19,6.892e-18,1.222e-17,,,,,8.302e-12,,,,,,,,,,,,,,
730.01,8.711e-7,2.178e-20,6.125e-24,4.685e-42,1.839e-17,,,1.284e-18,1.576e-19,,4.167e-16,9.275e-20,4.005e-29,1.767e-17,8.394e-20,1.685e-31,3.376e-17,,,,3.687e-18,2.065e-19,2.806e-15,,4.753e-25,1.318e-18,,,8.145e-7,1.247e-16,7.215e-19,2.491e-13,,1.053e-21,,1.561e-16,5.665e-8,,1.885e-19,6.892e-18,1.223e-17,,,,,6.338e-12,,,,,,,,,,,,,,
730.04,6.931e-7,2.181e-20,6.115e-24,4.675e-42,1.839e-17,,,1.284e-18,1.576e-19,,4.170e-16,9.293e-20,4.006e-29,1.767e-17,8.411e-20,1.685e-31,3.379e-17,,,,3.688e-18,2.261e-19,4.503e-15,,4.731e-25,1.318e-18,,,6.523e-7,1.248e-16,7.222e-19,3.015e-13,,1.054e-21,,1.561e-16,4.079e-8,,1.884e-19,6.892e-18,1.223e-17,,,,,4.217e-12,,,,,,,,,,,,,,
730.06,5.943e-7,2.183e-20,6.108e-24,4.668e-42,1.840e-17,,,1.284e-18,1.577e-19,,4.171e-16,9.306e-20,4.006e-29,1.767e-17,8.422e-20,1.685e-31,3.381e-17,,,,3.688e-18,2.398e-19,6.160e-15,,4.716e-25,1.319e-18,,,5.616e-7,1.249e-16,7.226e-19,3.420e-13,,1.054e-21,,1.561e-16,3.271e-8,,1.884e-19,6.892e-18,1.223e-17,,,,,3.208e-12,,,,,,,,,,,,,,
730.09,4.708e-7,2.186e-20,6.097e-24,4.658e-42,1.840e-17,,,1.284e-18,1.577e-19,,4.174e-16,9.324e-20,4.006e-29,1.767e-17,8.439e-20,1.685e-31,3.384e-17,,,,3.689e-18,2.612e-19,9.833e-15,,4.693e-25,1.320e-18,,,4.474e-7,1.249e-16,7.233e-19,4.119e-13,,1.054e-21,,1.561e-16,2.342e-8,,1.883e-19,6.892e-18,1.223e-17,,,,,2.123e-12,,,,,,,,,,,,,,
730.11,4.025e-7,2.188e-20,6.090e-24,4.651e-42,1.841e-17,,,1.284e-18,1.578e-19,,4.176e-16,9.337e-20,4.006e-29,1.767e-17,8.451e-20,1.685e-31,3.387e-17,,,,3.689e-18,2.760e-19,1.341e-14,,4.679e-25,1.321e-18,,,3.838e-7,1.250e-16,7.238e-19,4.655e-13,,1.054e-21,,1.561e-16,1.871e-8,,1.882e-19,6.892e-18,1.223e-17,,,,,1.609e-12,,,,,,,,,,,,,,
730.14,3.175e-7,2.191e-20,6.079e-24,4.641e-42,1.841e-17,,,1.284e-18,1.578e-19,,4.178e-16,9.355e-20,4.006e-29,1.767e-17,8.468e-20,1.685e-31,3.390e-17,,,,3.690e-18,2.990e-19,2.128e-14,,4.656e-25,1.321e-18,,,3.041e-7,1.251e-16,7.244e-19,5.578e-13,,1.054e-21,,1.562e-16,1.333e-8,,1.881e-19,6.892e-18,1.224e-17,,,,,1.059e-12,,,,,,,,,,,,,,
730.16,2.706e-7,2.193e-20,6.072e-24,4.635e-42,1.841e-17,,,1.284e-18,1.578e-19,,4.180e-16,9.367e-20,4.006e-29,1.767e-17,8.479e-20,1.685e-31,3.392e-17,,,,3.690e-18,3.148e-19,2.891e-14,,4.641e-25,1.322e-18,,,2.600e-7,1.251e-16,7.249e-19,6.282e-13,,1.055e-21,,1.562e-16,1.061e-8,,1.881e-19,6.892e-18,1.224e-17,,,,,7.999e-13,,,,,,,,,,,,,,
730.19,2.125e-7,2.196e-20,6.061e-24,4.625e-42,1.842e-17,,,1.284e-18,1.579e-19,,4.182e-16,9.386e-20,4.007e-29,1.767e-17,8.496e-20,1.685e-31,3.395e-17,,,,3.691e-18,3.392e-19,4.566e-14,,4.619e-25,1.323e-18,,,2.049e-7,1.252e-16,7.256e-19,7.488e-13,,1.055e-21,,1.562e-16,7.517e-9,,1.880e-19,6.892e-18,1.224e-17,,,,,5.236e-13,,,,,,,,,,,,,,
730.21,1.805e-7,2.198e-20,6.054e-24,4.618e-42,1.842e-17,,,1.284e-18,1.579e-19,,4.184e-16,9.398e-20,4.007e-29,1.767e-17,8.508e-20,1.685e-31,3.397e-17,,,,3.691e-18,3.559e-19,6.181e-14,,4.604e-25,1.324e-18,,,1.746e-7,1.253e-16,7.260e-19,8.404e-13,,1.055e-21,,1.562e-16,5.963e-9,,1.879e-19,6.892e-18,1.224e-17,,,,,3.940e-13,,,,,,,,,,,,,,
730.24,1.411e-7,2.201e-20,6.043e-24,4.608e-42,1.843e-17,,,1.284e-18,1.580e-19,,4.187e-16,9.417e-20,4.007e-29,1.767e-17,8.525e-20,1.685e-31,3.400e-17,,,,3.692e-18,3.814e-19,9.709e-14,,4.581e-25,1.324e-18,,,1.369e-7,1.253e-16,7.267e-19,9.967e-13,,1.055e-21,,1.563e-16,4.201e-9,,1.878e-19,6.892e-18,1.224e-17,,,,,2.565e-13,,,,,,,,,,,,,,
730.26,1.195e-7,2.203e-20,6.036e-24,4.602e-42,1.843e-17,,,1.284e-18,1.580e-19,,4.188e-16,9.429e-20,4.007e-29,1.767e-17,8.536e-20,1.685e-31,3.402e-17,,,,3.692e-18,3.988e-19,1.310e-13,,4.566e-25,1.325e-18,,,1.162e-7,1.254e-16,7.272e-19,1.115e-12,,1.055e-21,,1.563e-16,3.321e-9,,1.878e-19,6.892e-18,1.224e-17,,,,,1.923e-13,,,,,,,,,,,,,,
730.28,1.011e-7,2.205e-20,6.029e-24,4.595e-42,1.843e-17,,,1.284e-18,1.580e-19,,4.190e-16,9.442e-20,4.007e-29,1.767e-17,8.548e-20,1.685e-31,3.404e-17,,,,3.692e-18,4.163e-19,1.764e-13,,4.551e-25,1.326e-18,,,9.847e-8,1.254e-16,7.276e-19,1.245e-12,,1.056e-21,,1.563e-16,2.621e-9,,1.877e-19,6.892e-18,1.225e-17,,,,,1.440e-13,,,,,,,,,,,,,,
730.31,7.847e-8,2.208e-20,6.018e-24,4.585e-42,1.844e-17,,,1.284e-18,1.581e-19,,4.193e-16,9.460e-20,4.007e-29,1.767e-17,8.565e-20,1.685e-31,3.408e-17,,,,3.693e-18,4.428e-19,2.751e-13,,4.529e-25,1.327e-18,,,7.663e-8,1.255e-16,7.283e-19,1.466e-12,,1.056e-21,,1.563e-16,1.832e-9,,1.876e-19,6.892e-18,1.225e-17,,,,,9.303e-14,,,,,,,,,,,,,,
730.33,6.617e-8,2.210e-20,6.011e-24,4.578e-42,1.844e-17,,,1.284e-18,1.581e-19,,4.194e-16,9.473e-20,4.007e-29,1.767e-17,8.576e-20,1.685e-31,3.410e-17,,,,3.693e-18,4.606e-19,3.692e-13,,4.514e-25,1.327e-18,,,6.472e-8,1.256e-16,7.288e-19,1.632e-12,,1.056e-21,,1.563e-16,1.441e-9,,1.876e-19,6.892e-18,1.225e-17,,,,,6.940e-14,,,,,,,,,,,,,,
730.36,5.111e-8,2.213e-20,6.000e-24,4.568e-42,1.845e-17,,,1.284e-18,1.582e-19,,4.197e-16,9.491e-20,4.008e-29,1.767e-17,8.593e-20,1.686e-31,3.413e-17,,,,3.694e-18,4.873e-19,5.726e-13,,4.491e-25,1.328e-18,,,5.010e-8,1.256e-16,7.295e-19,1.912e-12,,1.056e-21,,1.564e-16,1.002e-9,,1.875e-19,6.892e-18,1.225e-17,,,,,4.460e-14,,,,,,,,,,,,,,
730.38,4.296e-8,2.215e-20,5.993e-24,4.562e-42,1.845e-17,,,1.284e-18,1.582e-19,,4.199e-16,9.504e-20,4.008e-29,1.767e-17,8.605e-20,1.686e-31,3.415e-17,,,,3.694e-18,5.051e-19,7.658e-13,,4.477e-25,1.329e-18,,,4.217e-8,1.257e-16,7.299e-19,2.121e-12,,1.056e-21,,1.564e-16,7.853e-10,,1.874e-19,6.892e-18,1.225e-17,,,,,3.315e-14,,,,,,,,,,,,,,
730.41,3.302e-8,2.218e-20,5.982e-24,4.552e-42,1.845e-17,,,1.284e-18,1.582e-19,,4.201e-16,9.522e-20,4.008e-29,1.767e-17,8.622e-20,1.686e-31,3.418e-17,,,,3.695e-18,5.315e-19,1.181e-12,,4.454e-25,1.330e-18,,,3.247e-8,1.258e-16,7.306e-19,2.471e-12,,1.057e-21,,1.564e-16,5.433e-10,,1.874e-19,6.892e-18,1.226e-17,,,,,2.119e-14,,,,,,,,,,,,,,
730.43,2.766e-8,2.220e-20,5.975e-24,4.545e-42,1.846e-17,,,1.283e-18,1.583e-19,,4.203e-16,9.535e-20,4.008e-29,1.767e-17,8.633e-20,1.686e-31,3.420e-17,,,,3.695e-18,5.489e-19,1.575e-12,,4.439e-25,1.330e-18,,,2.723e-8,1.258e-16,7.311e-19,2.732e-12,,1.057e-21,,1.564e-16,4.243e-10,,1.873e-19,6.892e-18,1.226e-17,,,,,1.569e-14,,,,,,,,,,,,,,
730.46,2.115e-8,2.223e-20,5.964e-24,4.535e-42,1.846e-17,,,1.283e-18,1.583e-19,,4.205e-16,9.553e-20,4.008e-29,1.767e-17,8.650e-20,1.686e-31,3.423e-17,,,,3.696e-18,5.746e-19,2.416e-12,,4.417e-25,1.331e-18,,,2.086e-8,1.259e-16,7.318e-19,3.168e-12,,1.057e-21,,1.565e-16,2.921e-10,,1.872e-19,6.892e-18,1.226e-17,,,,,9.973e-15,,,,,,,,,,,,,,
730.48,1.766e-8,2.225e-20,5.957e-24,4.529e-42,1.847e-17,,,1.283e-18,1.584e-19,,4.207e-16,9.565e-20,4.008e-29,1.767e-17,8.662e-20,1.686e-31,3.426e-17,,,,3.696e-18,5.913e-19,3.209e-12,,4.402e-25,1.332e-18,,,1.743e-8,1.260e-16,7.322e-19,3.490e-12,,1.057e-21,,1.565e-16,2.275e-10,,1.872e-19,6.892e-18,1.226e-17,,,,,7.359e-15,,,,,,,,,,,,,,
730.51,1.344e-8,2.228e-20,5.947e-24,4.519e-42,1.847e-17,,,1.283e-18,1.584e-19,,4.209e-16,9.584e-20,4.009e-29,1.767e-17,8.679e-20,1.686e-31,3.429e-17,,,,3.697e-18,6.156e-19,4.898e-12,,4.379e-25,1.333e-18,,,1.328e-8,1.260e-16,7.329e-19,4.026e-12,,1.057e-21,,1.565e-16,1.561e-10,,1.871e-19,6.892e-18,1.226e-17,,,,,4.652e-15,,,,,,,,,,,,,,
730.53,1.119e-8,2.230e-20,5.939e-24,4.512e-42,1.847e-17,,,1.283e-18,1.584e-19,,4.211e-16,9.596e-20,4.009e-29,1.767e-17,8.690e-20,1.686e-31,3.431e-17,,,,3.697e-18,6.312e-19,6.481e-12,,4.364e-25,1.333e-18,,,1.106e-8,1.261e-16,7.334e-19,4.420e-12,,1.058e-21,,1.565e-16,1.215e-10,,1.870e-19,6.892e-18,1.226e-17,,,,,3.421e-15,,,,,,,,,,,,,,
730.56,8.477e-9,2.233e-20,5.929e-24,4.502e-42,1.848e-17,,,1.283e-18,1.585e-19,,4.214e-16,9.615e-20,4.009e-29,1.767e-17,8.707e-20,1.686e-31,3.434e-17,,,,3.698e-18,6.537e-19,9.840e-12,,4.342e-25,1.334e-18,,,8.379e-9,1.262e-16,7.340e-19,5.072e-12,,1.058e-21,,1.565e-16,8.363e-11,,1.869e-19,6.892e-18,1.227e-17,,,,,2.151e-15,,,,,,,,,,,,,,
730.58,7.036e-9,2.235e-20,5.922e-24,4.495e-42,1.848e-17,,,1.283e-18,1.585e-19,,4.215e-16,9.627e-20,4.009e-29,1.767e-17,8.718e-20,1.686e-31,3.436e-17,,,,3.698e-18,6.679e-19,1.298e-11,,4.327e-25,1.335e-18,,,6.952e-9,1.262e-16,7.345e-19,5.550e-12,,1.058e-21,,1.566e-16,6.556e-11,,1.869e-19,6.892e-18,1.227e-17,,,,,1.576e-15,,,,,,,,,,,,,,
730.61,5.313e-9,2.238e-20,5.911e-24,4.485e-42,1.849e-17,,,1.283e-18,1.586e-19,,4.218e-16,9.646e-20,4.009e-29,1.766e-17,8.736e-20,1.686e-31,3.439e-17,,,,3.698e-18,6.879e-19,1.960e-11,,4.304e-25,1.336e-18,,,5.240e-9,1.263e-16,7.352e-19,6.336e-12,,1.058e-21,,1.566e-16,4.633e-11,,1.868e-19,6.892e-18,1.227e-17,,,,,9.853e-16,,,,,,,,,,,,,,
730.63,4.403e-9,2.240e-20,5.904e-24,4.479e-42,1.849e-17,,,1.283e-18,1.586e-19,,4.220e-16,9.658e-20,4.009e-29,1.766e-17,8.747e-20,1.686e-31,3.441e-17,,,,3.699e-18,7.003e-19,2.575e-11,,4.289e-25,1.336e-18,,,4.333e-9,1.263e-16,7.356e-19,6.910e-12,,1.058e-21,,1.566e-16,3.759e-11,,1.867e-19,6.892e-18,1.227e-17,,,,,7.192e-16,,,,,,,,,,,,,,
730.65,3.650e-9,2.242e-20,5.897e-24,4.472e-42,1.849e-17,,,1.283e-18,1.586e-19,,4.221e-16,9.671e-20,4.009e-29,1.766e-17,8.758e-20,1.686e-31,3.443e-17,,,,3.699e-18,7.119e-19,3.378e-11,,4.274e-25,1.337e-18,,,3.577e-9,1.264e-16,7.361e-19,7.525e-12,,1.059e-21,,1.566e-16,3.144e-11,,1.867e-19,6.892e-18,1.227e-17,,,,,5.242e-16,,,,,,,,,,,,,,
730.68,2.762e-9,2.245e-20,5.886e-24,4.462e-42,1.850e-17,,,1.283e-18,1.587e-19,,4.224e-16,9.689e-20,4.010e-29,1.766e-17,8.775e-20,1.686e-31,3.447e-17,,,,3.700e-18,7.278e-19,5.064e-11,,4.252e-25,1.338e-18,,,2.676e-9,1.265e-16,7.368e-19,8.530e-12,,1.059e-21,,1.567e-16,2.626e-11,,1.866e-19,6.892e-18,1.228e-17,,,,,3.253e-16,,,,,,,,,,,,,,
730.7,2.303e-9,2.247e-20,5.879e-24,4.456e-42,1.850e-17,,,1.283e-18,1.587e-19,,4.226e-16,9.702e-20,4.010e-29,1.766e-17,8.787e-20,1.686e-31,3.449e-17,,,,3.700e-18,7.372e-19,6.621e-11,,4.237e-25,1.338e-18,,,2.202e-9,1.265e-16,7.372e-19,9.257e-12,,1.059e-21,,1.567e-16,2.517e-11,,1.865e-19,6.892e-18,1.228e-17,,,,,2.363e-16,,,,,,,,,,,,,,
730.73,1.775e-9,2.250e-20,5.868e-24,4.446e-42,1.851e-17,,,1.283e-18,1.588e-19,,4.228e-16,9.720e-20,4.010e-29,1.766e-17,8.804e-20,1.686e-31,3.452e-17,,,,3.701e-18,7.496e-19,9.873e-11,,4.215e-25,1.339e-18,,,1.639e-9,1.266e-16,7.379e-19,1.044e-11,,1.059e-21,,1.567e-16,2.694e-11,,1.865e-19,6.892e-18,1.228e-17,,,,,1.458e-16,,,,,,,,,,,,,,
730.75,1.514e-9,2.252e-20,5.861e-24,4.439e-42,1.851e-17,,,1.283e-18,1.588e-19,,4.230e-16,9.732e-20,4.010e-29,1.766e-17,8.815e-20,1.686e-31,3.454e-17,,,,3.701e-18,7.566e-19,1.286e-10,,4.200e-25,1.340e-18,,,1.343e-9,1.267e-16,7.384e-19,1.129e-11,,1.059e-21,,1.567e-16,3.051e-11,,1.864e-19,6.892e-18,1.228e-17,,,,,1.055e-16,,,,,,,,,,,,,,
730.78,1.238e-9,2.255e-20,5.850e-24,4.429e-42,1.852e-17,,,1.283e-18,1.588e-19,,4.232e-16,9.751e-20,4.010e-29,1.766e-17,8.832e-20,1.686e-31,3.457e-17,,,,3.702e-18,7.652e-19,1.908e-10,,4.177e-25,1.341e-18,,,9.944e-10,1.267e-16,7.391e-19,1.267e-11,,1.060e-21,,1.567e-16,4.004e-11,,1.863e-19,6.892e-18,1.228e-17,,,,,6.478e-17,,,,,,,,,,,,,,
730.8,1.123e-9,2.257e-20,5.843e-24,4.422e-42,1.852e-17,,,1.283e-18,1.589e-19,,4.234e-16,9.763e-20,4.010e-29,1.766e-17,8.844e-20,1.686e-31,3.459e-17,,,,3.702e-18,7.696e-19,2.477e-10,,4.162e-25,1.341e-18,,,8.123e-10,1.268e-16,7.395e-19,1.366e-11,,1.060e-21,,1.568e-16,4.981e-11,,1.863e-19,6.892e-18,1.228e-17,,,,,4.670e-17,,,,,,,,,,,,,,
730.83,1.050e-9,2.260e-20,5.832e-24,4.412e-42,1.852e-17,,,1.283e-18,1.589e-19,,4.237e-16,9.782e-20,4.010e-29,1.766e-17,8.861e-20,1.686e-31,3.462e-17,,,,3.702e-18,7.742e-19,3.654e-10,,4.140e-25,2.226e-18,,,5.981e-10,1.269e-16,7.402e-19,1.524e-11,,1.060e-21,,1.568e-16,7.119e-11,,1.862e-19,6.892e-18,1.229e-17,,,,,2.851e-17,,,,,,,,,,,,,,
730.85,1.067e-9,2.262e-20,5.825e-24,4.406e-42,1.853e-17,,,1.283e-18,1.590e-19,,4.238e-16,9.794e-20,4.011e-29,1.766e-17,8.872e-20,1.687e-31,3.465e-17,,,,3.703e-18,7.758e-19,4.726e-10,,4.125e-25,3.114e-18,,,4.868e-10,1.269e-16,7.407e-19,1.638e-11,,1.060e-21,,1.568e-16,9.128e-11,,1.861e-19,6.892e-18,1.229e-17,,,,,2.048e-17,,,,,,,,,,,,,,
730.88,1.202e-9,2.265e-20,5.814e-24,4.396e-42,1.853e-17,,,1.282e-18,1.590e-19,,4.241e-16,9.813e-20,4.011e-29,1.766e-17,8.889e-20,1.687e-31,3.468e-17,,,,3.703e-18,7.763e-19,6.936e-10,,4.102e-25,5.140e-18,,,3.566e-10,1.270e-16,7.413e-19,1.819e-11,,1.061e-21,,1.568e-16,1.334e-10,,1.860e-19,6.892e-18,1.229e-17,,,,,1.244e-17,,,,,,,,,,,,,,
730.9,1.375e-9,2.267e-20,5.807e-24,4.389e-42,1.853e-17,,,1.282e-18,1.590e-19,,4.242e-16,9.825e-20,4.011e-29,1.766e-17,8.901e-20,1.687e-31,3.470e-17,,,,3.704e-18,7.751e-19,8.940e-10,,4.087e-25,7.166e-18,,,2.892e-10,1.271e-16,7.418e-19,1.947e-11,,1.061e-21,,1.569e-16,1.721e-10,,1.860e-19,6.892e-18,1.229e-17,,,,,8.904e-18,,,,,,,,,,,,,,
730.93,1.789e-9,2.270e-20,5.796e-24,4.379e-42,1.854e-17,,,1.282e-18,1.591e-19,,4.245e-16,9.844e-20,4.011e-29,1.766e-17,8.918e-20,1.687e-31,3.473e-17,,,,3.704e-18,7.714e-19,1.305e-9,,4.065e-25,1.177e-17,,,2.107e-10,1.271e-16,7.425e-19,2.152e-11,,1.061e-21,,1.569e-16,2.521e-10,,1.859e-19,6.892e-18,1.229e-17,,,,,5.377e-18,,,,,,,,,,,,,,
730.95,2.194e-9,2.272e-20,5.789e-24,4.373e-42,1.854e-17,,,1.282e-18,1.591e-19,,4.247e-16,9.856e-20,4.011e-29,1.766e-17,8.929e-20,1.687e-31,3.475e-17,,,,3.705e-18,7.675e-19,1.676e-9,,4.050e-25,1.635e-17,,,1.703e-10,1.272e-16,7.429e-19,2.296e-11,,1.061e-21,,1.569e-16,3.250e-10,,1.858e-19,6.892e-18,1.230e-17,,,,,3.835e-18,,,,,,,,,,,,,,
730.98,3.057e-9,2.275e-20,5.778e-24,4.363e-42,1.855e-17,,,1.282e-18,1.592e-19,,4.249e-16,9.875e-20,4.011e-29,1.766e-17,8.946e-20,1.687e-31,3.478e-17,,,,3.705e-18,7.598e-19,2.434e-9,,4.028e-25,2.670e-17,,,1.234e-10,1.273e-16,7.436e-19,2.524e-11,,1.061e-21,,1.569e-16,4.745e-10,,1.858e-19,6.892e-18,1.230e-17,,,,,2.304e-18,,,,,,,,,,,,,,
731,3.851e-9,2.277e-20,5.771e-24,4.356e-42,1.855e-17,,,1.282e-18,1.592e-19,,4.251e-16,9.887e-20,4.012e-29,1.766e-17,8.958e-20,1.687e-31,3.480e-17,,,,3.706e-18,7.532e-19,3.115e-9,,4.013e-25,3.696e-17,,,9.936e-11,1.273e-16,7.441e-19,2.684e-11,,1.062e-21,,1.569e-16,6.097e-10,,1.857e-19,6.892e-18,1.230e-17,,,,,1.637e-18,,,,,,,,,,,,,,
731.02,4.872e-9,2.279e-20,5.764e-24,4.349e-42,1.855e-17,,,1.282e-18,1.592e-19,,4.253e-16,9.900e-20,4.012e-29,1.766e-17,8.969e-20,1.687e-31,3.483e-17,,,,3.706e-18,7.457e-19,3.981e-9,,3.998e-25,5.109e-17,,,7.991e-11,1.274e-16,7.445e-19,2.850e-11,,1.062e-21,,1.570e-16,7.825e-10,,1.856e-19,6.892e-18,1.230e-17,,,,,1.637e-18,,,,,,,,,,,,,,
731.05,6.961e-9,2.282e-20,5.753e-24,4.339e-42,1.856e-17,,,1.282e-18,1.593e-19,,4.255e-16,9.918e-20,4.012e-29,1.766e-17,8.986e-20,1.687e-31,3.486e-17,,,,3.707e-18,7.326e-19,5.738e-9,,3.975e-25,8.282e-17,,,5.747e-11,1.274e-16,7.452e-19,3.111e-11,,1.062e-21,,1.570e-16,1.135e-9,,1.856e-19,6.892e-18,1.230e-17,,,,,1.638e-18,,,,,,,,,,,,,,
731.07,8.838e-9,2.284e-20,5.746e-24,4.333e-42,1.856e-17,,,1.282e-18,1.593e-19,,4.257e-16,9.930e-20,4.012e-29,1.766e-17,8.998e-20,1.687e-31,3.488e-17,,,,3.707e-18,7.227e-19,7.308e-9,,3.960e-25,1.141e-16,,,4.605e-11,1.275e-16,7.457e-19,3.292e-11,,1.062e-21,,1.570e-16,1.451e-9,,1.855e-19,6.892e-18,1.230e-17,,,,,1.638e-18,,,,,,,,,,,,,,
731.1,1.264e-8,2.287e-20,5.736e-24,4.323e-42,1.857e-17,,,1.282e-18,1.594e-19,,4.259e-16,9.949e-20,4.012e-29,1.766e-17,9.015e-20,1.687e-31,3.491e-17,,,,3.707e-18,7.062e-19,1.048e-8,,3.938e-25,1.840e-16,,,3.295e-11,1.276e-16,7.464e-19,3.575e-11,,1.062e-21,,1.570e-16,2.093e-9,,1.854e-19,6.892e-18,1.231e-17,,,,,1.638e-18,,,,,,,,,,,,,,
731.12,1.603e-8,2.289e-20,5.728e-24,4.316e-42,1.857e-17,,,1.282e-18,1.594e-19,,4.261e-16,9.961e-20,4.012e-29,1.766e-17,9.026e-20,1.687e-31,3.493e-17,,,,3.708e-18,6.942e-19,1.329e-8,,3.923e-25,2.526e-16,,,2.631e-11,1.276e-16,7.468e-19,3.771e-11,,1.063e-21,,1.571e-16,2.668e-9,,1.854e-19,6.892e-18,1.231e-17,,,,,1.638e-18,,,,,,,,,,,,,,
731.15,2.284e-8,2.292e-20,5.718e-24,4.306e-42,1.858e-17,,,1.282e-18,1.594e-19,,4.264e-16,9.980e-20,4.012e-29,1.766e-17,9.043e-20,1.687e-31,3.496e-17,,,,3.708e-18,6.747e-19,1.896e-8,,3.900e-25,4.051e-16,,,1.872e-11,1.277e-16,7.475e-19,4.074e-11,,1.063e-21,,1.571e-16,3.828e-9,,1.853e-19,6.892e-18,1.231e-17,,,,,1.639e-18,,,,,,,,,,,,,,
731.17,2.889e-8,2.294e-20,5.711e-24,4.300e-42,1.858e-17,,,1.282e-18,1.595e-19,,4.265e-16,9.992e-20,4.013e-29,1.766e-17,9.054e-20,1.687e-31,3.498e-17,,,,3.709e-18,6.608e-19,2.397e-8,,3.885e-25,5.541e-16,,,1.489e-11,1.278e-16,7.480e-19,4.283e-11,,1.063e-21,,1.571e-16,4.862e-9,,1.852e-19,6.892e-18,1.231e-17,,,,,1.639e-18,,,,,,,,,,,,,,
731.2,4.100e-8,2.297e-20,5.700e-24,4.290e-42,1.858e-17,,,1.282e-18,1.595e-19,,4.268e-16,1.001e-19,4.013e-29,1.766e-17,9.072e-20,1.687e-31,3.501e-17,,,,3.709e-18,6.388e-19,3.400e-8,,3.863e-25,8.841e-16,,,1.054e-11,1.278e-16,7.487e-19,4.604e-11,,1.063e-21,,1.571e-16,6.939e-9,,1.851e-19,6.892e-18,1.231e-17,,,,,1.639e-18,,,,,,,,,,,,,,
731.22,5.168e-8,2.299e-20,5.693e-24,4.283e-42,1.859e-17,,,1.282e-18,1.596e-19,,4.269e-16,1.002e-19,4.013e-29,1.766e-17,9.083e-20,1.687e-31,3.504e-17,,,,3.710e-18,6.235e-19,4.284e-8,,3.848e-25,1.205e-15,,,8.357e-12,1.279e-16,7.491e-19,4.823e-11,,1.063e-21,,1.571e-16,8.781e-9,,1.851e-19,6.892e-18,1.232e-17,,,,,1.640e-18,,,,,,,,,,,,,,
731.25,7.297e-8,2.302e-20,5.682e-24,4.273e-42,1.859e-17,,,1.282e-18,1.596e-19,,4.272e-16,1.004e-19,4.013e-29,1.766e-17,9.100e-20,1.687e-31,3.507e-17,,,,3.710e-18,5.995e-19,6.045e-8,,3.826e-25,1.912e-15,,,5.884e-12,1.280e-16,7.498e-19,5.158e-11,,1.064e-21,,1.572e-16,1.247e-8,,1.850e-19,6.892e-18,1.232e-17,,,,,1.640e-18,,,,,,,,,,,,,,
731.27,9.168e-8,2.304e-20,5.675e-24,4.266e-42,1.860e-17,,,1.282e-18,1.596e-19,,4.274e-16,1.005e-19,4.013e-29,1.766e-17,9.111e-20,1.687e-31,3.509e-17,,,,3.711e-18,5.830e-19,7.590e-8,,3.811e-25,2.598e-15,,,4.648e-12,1.280e-16,7.503e-19,5.386e-11,,1.064e-21,,1.572e-16,1.572e-8,,1.849e-19,6.892e-18,1.232e-17,,,,,1.640e-18,,,,,,,,,,,,,,
731.3,1.288e-7,2.307e-20,5.664e-24,4.256e-42,1.860e-17,,,1.281e-18,1.597e-19,,4.276e-16,1.007e-19,4.013e-29,1.766e-17,9.128e-20,1.687e-31,3.512e-17,,,,3.711e-18,5.576e-19,1.065e-7,,3.788e-25,4.101e-15,,,3.255e-12,1.281e-16,7.509e-19,5.731e-11,,1.064e-21,,1.572e-16,2.220e-8,,1.848e-19,6.892e-18,1.232e-17,,,,,1.641e-18,,,,,,,,,,,,,,
731.32,1.612e-7,2.309e-20,5.657e-24,4.250e-42,1.860e-17,,,1.281e-18,1.597e-19,,4.278e-16,1.009e-19,4.013e-29,1.766e-17,9.140e-20,1.688e-31,3.514e-17,,,,3.711e-18,5.403e-19,1.333e-7,,3.773e-25,5.550e-15,,,2.562e-12,1.281e-16,7.514e-19,5.964e-11,,1.064e-21,,1.572e-16,2.789e-8,,1.848e-19,6.892e-18,1.232e-17,,,,,1.641e-18,,,,,,,,,,,,,,
731.35,2.253e-7,2.312e-20,5.646e-24,4.240e-42,1.861e-17,,,1.281e-18,1.598e-19,,4.280e-16,1.010e-19,4.014e-29,1.766e-17,9.157e-20,1.688e-31,3.517e-17,,,,3.712e-18,5.139e-19,1.860e-7,,3.751e-25,8.715e-15,,,1.785e-12,1.282e-16,7.521e-19,6.314e-11,,1.064e-21,,1.573e-16,3.918e-8,,1.847e-19,6.892e-18,1.232e-17,,,,,1.641e-18,,,,,,,,,,,,,,
731.37,2.811e-7,2.314e-20,5.639e-24,4.233e-42,1.861e-17,,,1.281e-18,1.598e-19,,4.282e-16,1.012e-19,4.014e-29,1.766e-17,9.168e-20,1.688e-31,3.519e-17,,,,3.712e-18,4.962e-19,2.319e-7,,3.736e-25,1.175e-14,,,1.400e-12,1.283e-16,7.525e-19,6.548e-11,,1.065e-21,,1.573e-16,4.906e-8,,1.847e-19,6.891e-18,1.233e-17,,,,,1.641e-18,,,,,,,,,,,,,,
731.4,3.907e-7,2.317e-20,5.628e-24,4.223e-42,1.862e-17,,,1.281e-18,1.599e-19,,7.100e-16,1.013e-19,4.014e-29,1.766e-17,9.185e-20,1.688e-31,3.523e-17,,,,3.713e-18,4.695e-19,3.220e-7,,3.713e-25,1.836e-14,,,9.698e-13,1.284e-16,7.532e-19,6.897e-11,,1.065e-21,,1.573e-16,6.855e-8,,1.846e-19,6.891e-18,1.233e-17,,,,,1.642e-18,,,,,,,,,,,,,,
731.42,4.857e-7,2.319e-20,5.621e-24,4.217e-42,1.862e-17,,,1.281e-18,1.599e-19,,9.929e-16,1.015e-19,4.014e-29,1.765e-17,9.197e-20,1.688e-31,3.525e-17,,,,3.713e-18,4.517e-19,4.001e-7,,3.698e-25,2.467e-14,,,7.580e-13,1.284e-16,7.537e-19,7.128e-11,,1.065e-21,,1.573e-16,8.553e-8,,1.845e-19,6.891e-18,1.233e-17,,,,,1.642e-18,,,,,,,,,,,,,,
731.44,6.030e-7,2.321e-20,5.614e-24,4.210e-42,1.862e-17,,,1.281e-18,1.599e-19,,2.004e-15,1.016e-19,4.014e-29,1.765e-17,9.208e-20,1.688e-31,3.527e-17,,,,3.714e-18,4.339e-19,4.964e-7,,3.683e-25,3.311e-14,,,5.916e-13,1.285e-16,7.541e-19,7.357e-11,,1.065e-21,,1.573e-16,1.066e-7,,1.845e-19,6.891e-18,1.233e-17,,,,,1.642e-18,,,,,,,,,,,,,,
731.47,8.319e-7,2.324e-20,5.603e-24,4.200e-42,1.863e-17,,,1.281e-18,1.600e-19,,3.306e-15,1.018e-19,4.014e-29,1.765e-17,9.225e-20,1.688e-31,3.530e-17,,,,3.714e-18,4.075e-19,6.841e-7,,3.661e-25,5.134e-14,,,4.068e-13,1.285e-16,7.548e-19,7.695e-11,,1.065e-21,,1.574e-16,1.478e-7,,1.844e-19,6.891e-18,1.233e-17,,,,,1.643e-18,,,,,,,,,,,,,,
731.49,1.029e-6,2.326e-20,5.596e-24,4.193e-42,1.863e-17,,,1.281e-18,1.600e-19,,4.607e-15,1.019e-19,4.015e-29,1.765e-17,9.237e-20,1.688e-31,3.532e-17,,,,3.715e-18,3.901e-19,8.456e-7,,3.646e-25,6.865e-14,,,3.164e-13,1.286e-16,7.553e-19,7.915e-11,,1.066e-21,,1.574e-16,1.835e-7,,1.843e-19,6.891e-18,1.233e-17,,,,,1.643e-18,,,,,,,,,,,,,,
731.52,1.412e-6,2.329e-20,5.585e-24,4.183e-42,1.864e-17,,,1.281e-18,1.600e-19,,7.560e-15,1.021e-19,4.015e-29,1.765e-17,9.254e-20,1.688e-31,3.535e-17,,,,3.715e-18,3.644e-19,1.159e-6,,3.624e-25,1.059e-13,,,2.164e-13,1.287e-16,7.560e-19,8.237e-11,,1.066e-21,,1.574e-16,2.531e-7,,1.842e-19,6.891e-18,1.234e-17,,,,,1.643e-18,,,,,,,,,,,,,,
731.54,1.741e-6,2.331e-20,5.578e-24,4.177e-42,1.864e-17,,,1.281e-18,1.601e-19,,1.050e-14,1.022e-19,4.015e-29,1.765e-17,9.265e-20,1.688e-31,3.537e-17,,,,3.716e-18,3.475e-19,1.428e-6,,3.609e-25,1.411e-13,,,1.677e-13,1.287e-16,7.564e-19,8.444e-11,,1.066e-21,,1.574e-16,3.131e-7,,1.842e-19,6.891e-18,1.234e-17,,,,,1.643e-18,,,,,,,,,,,,,,
731.57,2.377e-6,2.334e-20,5.567e-24,4.167e-42,1.864e-17,,,1.281e-18,1.601e-19,,1.714e-14,1.024e-19,4.015e-29,1.765e-17,9.282e-20,1.688e-31,3.541e-17,,,,3.716e-18,3.229e-19,1.947e-6,,3.586e-25,2.164e-13,,,1.141e-13,1.288e-16,7.571e-19,8.743e-11,,1.066e-21,,1.575e-16,4.296e-7,,1.841e-19,6.891e-18,1.234e-17,,,,,1.644e-18,,,,,,,,,,,,,,
731.59,2.920e-6,2.336e-20,5.560e-24,4.160e-42,1.865e-17,,,1.281e-18,1.602e-19,,2.372e-14,1.025e-19,4.015e-29,1.765e-17,9.294e-20,1.688e-31,3.543e-17,,,,3.716e-18,3.069e-19,2.390e-6,,3.571e-25,2.874e-13,,,8.808e-14,1.289e-16,7.576e-19,8.933e-11,,1.066e-21,,1.575e-16,5.296e-7,,1.840e-19,6.891e-18,1.234e-17,,,,,1.644e-18,,,,,,,,,,,,,,
731.62,3.965e-6,2.339e-20,5.550e-24,4.150e-42,1.865e-17,,,1.281e-18,1.602e-19,,3.851e-14,1.027e-19,4.015e-29,1.765e-17,9.311e-20,1.688e-31,3.546e-17,,,,3.717e-18,2.836e-19,3.242e-6,,3.549e-25,4.386e-13,,,5.961e-14,1.289e-16,7.583e-19,9.202e-11,,1.067e-21,,1.575e-16,7.229e-7,,1.839e-19,6.891e-18,1.234e-17,,,,,1.644e-18,,,,,,,,,,,,,,
731.64,4.853e-6,2.341e-20,5.542e-24,4.144e-42,1.866e-17,,,1.281e-18,1.602e-19,,5.310e-14,1.028e-19,4.015e-29,1.765e-17,9.322e-20,1.688e-31,3.548e-17,,,,3.717e-18,2.685e-19,3.965e-6,,3.534e-25,5.803e-13,,,4.586e-14,1.290e-16,7.587e-19,9.370e-11,,1.067e-21,,1.575e-16,8.879e-7,,1.839e-19,6.891e-18,1.235e-17,,,,,1.645e-18,,,,,,,,,,,,,,
731.67,6.555e-6,2.344e-20,5.532e-24,4.134e-42,1.866e-17,,,1.281e-18,1.603e-19,,8.576e-14,1.030e-19,4.016e-29,1.765e-17,9.339e-20,1.688e-31,3.551e-17,,,,3.718e-18,2.468e-19,5.350e-6,,3.511e-25,8.808e-13,,,3.087e-14,1.291e-16,7.594e-19,9.603e-11,,1.067e-21,,1.575e-16,1.206e-6,,1.838e-19,6.891e-18,1.235e-17,,,,,1.645e-18,,,,,,,,,,,,,,
731.69,7.996e-6,2.346e-20,5.525e-24,4.127e-42,1.866e-17,,,1.281e-18,1.603e-19,,1.179e-13,1.031e-19,4.016e-29,1.765e-17,9.351e-20,1.688e-31,3.553e-17,,,,3.718e-18,2.329e-19,6.520e-6,,3.496e-25,1.161e-12,,,2.367e-14,1.291e-16,7.599e-19,9.746e-11,,1.067e-21,,1.576e-16,1.476e-6,,1.837e-19,6.891e-18,1.235e-17,,,,,1.645e-18,,,,,,,,,,,,,,
731.72,1.074e-5,2.349e-20,5.514e-24,4.117e-42,1.867e-17,,,1.281e-18,1.604e-19,,1.893e-13,1.033e-19,4.016e-29,1.765e-17,9.368e-20,1.688e-31,3.556e-17,,,,3.719e-18,2.129e-19,8.750e-6,,3.474e-25,1.754e-12,,,1.584e-14,1.292e-16,7.605e-19,9.938e-11,,1.067e-21,,1.576e-16,1.993e-6,,1.837e-19,6.891e-18,1.235e-17,,,,,1.646e-18,,,,,,,,,,,,,,
731.74,1.306e-5,2.351e-20,5.507e-24,4.110e-42,1.867e-17,,,1.280e-18,1.604e-19,,2.593e-13,1.034e-19,4.016e-29,1.765e-17,9.379e-20,1.688e-31,3.558e-17,,,,3.719e-18,2.002e-19,1.063e-5,,3.459e-25,2.304e-12,,,1.210e-14,1.292e-16,7.610e-19,1.005e-10,,1.068e-21,,1.576e-16,2.430e-6,,1.836e-19,6.891e-18,1.235e-17,,,,,1.646e-18,,,,,,,,,,,,,,
731.77,1.745e-5,2.354e-20,5.496e-24,4.100e-42,1.868e-17,,,1.280e-18,1.605e-19,,4.144e-13,1.036e-19,4.016e-29,1.765e-17,9.396e-20,1.688e-31,3.562e-17,,,,3.720e-18,1.820e-19,1.419e-5,,3.436e-25,3.460e-12,,,8.060e-15,1.293e-16,7.617e-19,1.020e-10,,1.068e-21,,1.576e-16,3.265e-6,,1.835e-19,6.891e-18,1.236e-17,,,,,1.646e-18,,,,,,,,,,,,,,
731.79,2.114e-5,2.356e-20,5.489e-24,4.094e-42,1.868e-17,,,1.280e-18,1.605e-19,,5.654e-13,1.038e-19,4.016e-29,1.765e-17,9.408e-20,1.688e-31,3.564e-17,,,,3.720e-18,1.706e-19,1.717e-5,,3.421e-25,4.530e-12,,,6.135e-15,1.294e-16,7.621e-19,1.028e-10,,1.068e-21,,1.577e-16,3.968e-6,,1.835e-19,6.891e-18,1.236e-17,,,,,1.647e-18,,,,,,,,,,,,,,
731.81,2.556e-5,2.358e-20,5.482e-24,4.087e-42,1.868e-17,,,1.280e-18,1.605e-19,,7.705e-13,1.039e-19,4.016e-29,1.765e-17,9.419e-20,1.689e-31,3.566e-17,,,,3.721e-18,1.596e-19,2.075e-5,,3.407e-25,5.922e-12,,,4.663e-15,1.294e-16,7.626e-19,1.035e-10,,1.068e-21,,1.577e-16,4.816e-6,,1.834e-19,6.891e-18,1.236e-17,,,,,1.647e-18,,,,,,,,,,,,,,
731.84,3.391e-5,2.361e-20,5.471e-24,4.077e-42,1.869e-17,,,1.280e-18,1.606e-19,,1.222e-12,1.041e-19,4.017e-29,1.765e-17,9.436e-20,1.689e-31,3.569e-17,,,,3.721e-18,1.440e-19,2.749e-5,,3.384e-25,8.829e-12,,,3.082e-15,1.295e-16,7.633e-19,1.042e-10,,1.068e-21,,1.577e-16,6.421e-6,,1.833e-19,6.891e-18,1.236e-17,,,,,1.647e-18,,,,,,,,,,,,,,
731.86,4.087e-5,2.363e-20,5.464e-24,4.070e-42,1.869e-17,,,1.280e-18,1.606e-19,,1.660e-12,1.042e-19,4.017e-29,1.765e-17,9.447e-20,1.689e-31,3.571e-17,,,,3.721e-18,1.342e-19,3.310e-5,,3.369e-25,1.150e-11,,,2.334e-15,1.296e-16,7.637e-19,1.046e-10,,1.069e-21,,1.577e-16,7.765e-6,,1.833e-19,6.891e-18,1.236e-17,,,,,1.647e-18,,,,,,,,,,,,,,
731.89,5.393e-5,2.366e-20,5.453e-24,4.061e-42,1.870e-17,,,1.280e-18,1.606e-19,,2.619e-12,1.044e-19,4.017e-29,1.765e-17,9.464e-20,1.689e-31,3.574e-17,,,,3.722e-18,1.205e-19,4.363e-5,,3.347e-25,1.706e-11,,,1.535e-15,1.296e-16,7.644e-19,1.048e-10,,1.069e-21,,1.577e-16,1.030e-5,,1.832e-19,6.891e-18,1.236e-17,,,,,1.648e-18,,,,,,,,,,,,,,
731.91,6.476e-5,2.368e-20,5.446e-24,4.054e-42,1.870e-17,,,1.280e-18,1.607e-19,,3.544e-12,1.045e-19,4.017e-29,1.765e-17,9.476e-20,1.689e-31,3.576e-17,,,,3.722e-18,1.119e-19,5.235e-5,,3.332e-25,2.214e-11,,,1.158e-15,1.297e-16,7.649e-19,1.048e-10,,1.069e-21,,1.578e-16,1.241e-5,,1.831e-19,6.891e-18,1.237e-17,,,,,1.648e-18,,,,,,,,,,,,,,
731.94,8.500e-5,2.371e-20,5.435e-24,4.044e-42,1.870e-17,,,1.280e-18,1.607e-19,,5.563e-12,1.047e-19,4.017e-29,1.765e-17,9.493e-20,1.689e-31,3.580e-17,,,,3.723e-18,9.994e-20,6.863e-5,,3.309e-25,3.266e-11,,,7.573e-16,1.298e-16,7.656e-19,1.045e-10,,1.069e-21,,1.578e-16,1.637e-5,,1.830e-19,6.891e-18,1.237e-17,,,,,1.648e-18,,,,,,,,,,,,,,
731.96,1.017e-4,2.373e-20,5.428e-24,4.037e-42,1.871e-17,,,1.280e-18,1.608e-19,,7.500e-12,1.048e-19,4.017e-29,1.765e-17,9.504e-20,1.689e-31,3.582e-17,,,,3.723e-18,9.250e-20,8.206e-5,,3.294e-25,4.225e-11,,,5.695e-16,1.298e-16,7.660e-19,1.041e-10,,1.069e-21,,1.578e-16,1.966e-5,,1.830e-19,6.891e-18,1.237e-17,,,,,1.649e-18,,,,,,,,,,,,,,
731.99,1.328e-4,2.376e-20,5.417e-24,4.027e-42,1.871e-17,,,1.280e-18,1.608e-19,,1.171e-11,1.050e-19,4.018e-29,1.765e-17,9.521e-20,1.689e-31,3.585e-17,,,,3.724e-18,8.215e-20,1.070e-4,,3.272e-25,6.199e-11,,,3.704e-16,1.299e-16,7.667e-19,1.033e-10,,1.070e-21,,1.578e-16,2.580e-5,,1.829e-19,6.891e-18,1.237e-17,,,,,1.649e-18,,,,,,,,,,,,,,
732.01,1.584e-4,2.378e-20,5.410e-24,4.021e-42,1.872e-17,,,1.280e-18,1.608e-19,,1.574e-11,1.051e-19,4.018e-29,1.765e-17,9.533e-20,1.689e-31,3.587e-17,,,,3.724e-18,7.576e-20,1.275e-4,,3.257e-25,7.990e-11,,,2.775e-16,1.299e-16,7.672e-19,1.026e-10,,1.070e-21,,1.579e-16,3.087e-5,,1.828e-19,6.891e-18,1.237e-17,,,,,1.649e-18,,,,,,,,,,,,,,
732.04,2.057e-4,2.381e-20,5.399e-24,4.011e-42,1.872e-17,,,1.280e-18,1.609e-19,,2.444e-11,1.053e-19,4.018e-29,1.765e-17,9.550e-20,1.689e-31,3.590e-17,,,,3.725e-18,6.692e-20,1.654e-4,,3.234e-25,1.166e-10,,,1.795e-16,1.300e-16,7.679e-19,1.013e-10,,1.070e-21,,1.579e-16,4.029e-5,,1.828e-19,6.891e-18,1.238e-17,,,,,1.650e-18,,,,,,,,,,,,,,
732.06,2.444e-4,2.383e-20,5.392e-24,4.004e-42,1.872e-17,,,1.280e-18,1.609e-19,,3.272e-11,1.054e-19,4.018e-29,1.765e-17,9.561e-20,1.689e-31,3.592e-17,,,,3.725e-18,6.150e-20,1.963e-4,,3.219e-25,1.498e-10,,,1.341e-16,1.301e-16,7.683e-19,1.003e-10,,1.070e-21,,1.579e-16,4.804e-5,,1.827e-19,6.891e-18,1.238e-17,,,,,1.650e-18,,,,,,,,,,,,,,
732.09,3.157e-4,2.386e-20,5.382e-24,3.994e-42,1.873e-17,,,1.280e-18,1.610e-19,,5.056e-11,1.056e-19,4.018e-29,1.765e-17,9.578e-20,1.689e-31,3.595e-17,,,,3.726e-18,5.403e-20,2.533e-4,,3.197e-25,2.175e-10,,,8.626e-17,1.302e-16,7.690e-19,9.846e-11,,1.070e-21,,1.579e-16,6.237e-5,,1.826e-19,6.891e-18,1.238e-17,,,,,1.650e-18,,,,,,,,,,,,,,
732.11,3.738e-4,2.388e-20,5.374e-24,3.988e-42,1.873e-17,,,1.280e-18,1.610e-19,,6.746e-11,1.057e-19,4.018e-29,1.765e-17,9.590e-20,1.689e-31,3.597e-17,,,,3.726e-18,4.947e-20,2.997e-4,,3.182e-25,2.783e-10,,,6.417e-17,1.302e-16,7.695e-19,9.712e-11,,1.071e-21,,1.579e-16,7.410e-5,,1.826e-19,6.891e-18,1.238e-17,,,,,1.650e-18,,,,,,,,,,,,,,
732.14,4.803e-4,2.391e-20,5.364e-24,3.978e-42,1.874e-17,,,1.280e-18,1.611e-19,,1.037e-10,1.059e-19,4.019e-29,1.765e-17,9.607e-20,1.689e-31,3.601e-17,,,,3.727e-18,4.323e-20,3.846e-4,,3.160e-25,4.019e-10,,,4.107e-17,1.303e-16,7.701e-19,9.490e-11,,1.071e-21,,1.580e-16,9.571e-5,,1.825e-19,6.891e-18,1.238e-17,,,,,1.651e-18,,,,,,,,,,,,,,
732.16,5.667e-4,2.393e-20,5.356e-24,3.971e-42,1.874e-17,,,1.279e-18,1.611e-19,,1.378e-10,1.060e-19,4.019e-29,1.765e-17,9.618e-20,1.689e-31,3.603e-17,,,,3.727e-18,3.945e-20,4.534e-4,,3.145e-25,5.126e-10,,,3.045e-17,1.303e-16,7.706e-19,9.330e-11,,1.071e-21,,1.580e-16,1.133e-4,,1.824e-19,6.891e-18,1.238e-17,,,,,1.651e-18,,,,,,,,,,,,,,
732.18,6.676e-4,2.395e-20,5.349e-24,3.964e-42,1.874e-17,,,1.279e-18,1.611e-19,,1.830e-10,1.062e-19,4.019e-29,1.765e-17,9.630e-20,1.689e-31,3.605e-17,,,,3.727e-18,3.594e-20,5.337e-4,,3.130e-25,6.528e-10,,,2.254e-17,1.304e-16,7.711e-19,9.159e-11,,1.071e-21,,1.580e-16,1.339e-4,,1.824e-19,6.891e-18,1.239e-17,,,,,1.651e-18,,,,,,,,,,,,,,
732.21,8.515e-4,2.398e-20,5.339e-24,3.954e-42,1.875e-17,,,1.279e-18,1.612e-19,,2.792e-10,1.064e-19,4.019e-29,1.764e-17,9.647e-20,1.689e-31,3.608e-17,,,,3.728e-18,3.117e-20,6.798e-4,,3.107e-25,9.358e-10,,,1.432e-17,1.305e-16,7.717e-19,8.887e-11,,1.071e-21,,1.580e-16,1.717e-4,,1.823e-19,6.891e-18,1.239e-17,,,,,1.652e-18,,,,,,,,,,,,,,
732.23,9.997e-4,2.400e-20,5.331e-24,3.948e-42,1.875e-17,,,1.279e-18,1.612e-19,,3.694e-10,1.065e-19,4.019e-29,1.764e-17,9.658e-20,1.689e-31,3.610e-17,,,,3.728e-18,2.830e-20,7.975e-4,,3.092e-25,1.188e-9,,,1.056e-17,1.305e-16,7.722e-19,8.695e-11,,1.072e-21,,1.580e-16,2.023e-4,,1.822e-19,6.891e-18,1.239e-17,,,,,1.652e-18,,,,,,,,,,,,,,
732.26,1.268e-3,2.403e-20,5.321e-24,3.938e-42,1.876e-17,,,1.279e-18,1.613e-19,,5.606e-10,1.067e-19,4.019e-29,1.764e-17,9.675e-20,1.689e-31,3.613e-17,,,,3.729e-18,2.441e-20,1.010e-3,,3.070e-25,1.693e-9,,,6.672e-18,1.306e-16,7.729e-19,8.393e-11,,1.072e-21,,1.581e-16,2.579e-4,,1.821e-19,6.891e-18,1.239e-17,,,,,1.652e-18,,,,,,,,,,,,,,
732.28,1.484e-3,2.405e-20,5.314e-24,3.931e-42,1.876e-17,,,1.279e-18,1.613e-19,,7.391e-10,1.068e-19,4.019e-29,1.764e-17,9.687e-20,1.690e-31,3.615e-17,,,,3.729e-18,2.208e-20,1.181e-3,,3.055e-25,2.141e-9,,,4.904e-18,1.307e-16,7.733e-19,8.184e-11,,1.072e-21,,1.581e-16,3.027e-4,,1.821e-19,6.891e-18,1.239e-17,,,,,1.652e-18,,,,,,,,,,,,,,
732.31,1.873e-3,2.408e-20,5.303e-24,3.921e-42,1.877e-17,,,1.279e-18,1.613e-19,,1.116e-9,1.070e-19,4.020e-29,1.764e-17,9.704e-20,1.690e-31,3.619e-17,,,,3.730e-18,1.895e-20,1.489e-3,,3.032e-25,3.037e-9,,,3.082e-18,1.307e-16,7.740e-19,7.860e-11,,1.072e-21,,1.581e-16,3.840e-4,,1.820e-19,6.891e-18,1.240e-17,,,,,1.653e-18,,,,,,,,,,,,,,
732.33,2.183e-3,2.410e-20,5.296e-24,3.914e-42,1.877e-17,,,1.279e-18,1.614e-19,,1.466e-9,1.071e-19,4.020e-29,1.764e-17,9.715e-20,1.690e-31,3.621e-17,,,,3.730e-18,1.708e-20,1.734e-3,,3.017e-25,3.827e-9,,,2.257e-18,1.308e-16,7.745e-19,7.639e-11,,1.072e-21,,1.581e-16,4.491e-4,,1.819e-19,6.891e-18,1.240e-17,,,,,1.653e-18,,,,,,,,,,,,,,
732.36,2.740e-3,2.413e-20,5.285e-24,3.905e-42,1.877e-17,,,1.279e-18,1.614e-19,,2.201e-9,1.073e-19,4.020e-29,1.764e-17,9.732e-20,1.690e-31,3.624e-17,,,,3.731e-18,1.458e-20,2.174e-3,,2.995e-25,5.399e-9,,,1.411e-18,1.309e-16,7.752e-19,7.299e-11,,1.073e-21,,1.582e-16,5.666e-4,,1.819e-19,6.891e-18,1.240e-17,,,,,1.653e-18,,,,,,,,,,,,,,
732.38,3.183e-3,2.415e-20,5.278e-24,3.898e-42,1.878e-17,,,1.279e-18,1.614e-19,,2.881e-9,1.074e-19,4.020e-29,1.764e-17,9.743e-20,1.690e-31,3.626e-17,,,,3.731e-18,1.309e-20,2.523e-3,,2.980e-25,6.780e-9,,,1.029e-18,1.309e-16,7.756e-19,7.069e-11,,1.073e-21,,1.582e-16,6.604e-4,,1.818e-19,6.891e-18,1.240e-17,,,,,1.654e-18,,,,,,,,,,,,,,
732.41,3.975e-3,2.418e-20,5.267e-24,3.888e-42,1.878e-17,,,1.279e-18,1.615e-19,,4.304e-9,1.076e-19,4.020e-29,1.764e-17,9.761e-20,1.690e-31,3.629e-17,,,,3.732e-18,1.111e-20,3.146e-3,,2.958e-25,9.515e-9,,,6.400e-19,1.310e-16,7.763e-19,6.720e-11,,1.073e-21,,1.582e-16,8.288e-4,,1.817e-19,6.891e-18,1.240e-17,,,,,1.654e-18,,,,,,,,,,,,,,
732.43,4.601e-3,2.420e-20,5.260e-24,3.881e-42,1.879e-17,,,1.279e-18,1.615e-19,,5.615e-9,1.077e-19,4.020e-29,1.764e-17,9.772e-20,1.690e-31,3.631e-17,,,,3.732e-18,9.945e-21,3.638e-3,,2.943e-25,1.191e-8,,,4.654e-19,1.310e-16,7.768e-19,6.487e-11,,1.073e-21,,1.582e-16,9.626e-4,,1.817e-19,6.891e-18,1.240e-17,,,,,1.654e-18,,,,,,,,,,,,,,
732.46,5.714e-3,2.423e-20,5.249e-24,3.871e-42,1.879e-17,,,1.279e-18,1.616e-19,,8.344e-9,1.079e-19,4.020e-29,1.764e-17,9.789e-20,1.690e-31,3.634e-17,,,,3.732e-18,8.397e-21,4.513e-3,,2.920e-25,1.662e-8,,,2.878e-19,1.311e-16,7.775e-19,6.135e-11,,1.074e-21,,1.583e-16,1.202e-3,,1.816e-19,6.891e-18,1.241e-17,,,,,1.655e-18,,,,,,,,,,,,,,
732.48,6.591e-3,2.425e-20,5.242e-24,3.865e-42,1.879e-17,,,1.279e-18,1.616e-19,,1.085e-8,1.080e-19,4.021e-29,1.764e-17,9.800e-20,1.690e-31,3.637e-17,,,,3.733e-18,7.487e-21,5.200e-3,,2.905e-25,2.072e-8,,,2.085e-19,1.312e-16,7.779e-19,5.902e-11,,1.074e-21,,1.583e-16,1.391e-3,,1.815e-19,6.891e-18,1.241e-17,,,,,1.655e-18,,,,,,,,,,,,,,
732.51,8.143e-3,2.428e-20,5.231e-24,3.855e-42,1.880e-17,,,1.279e-18,1.617e-19,,1.603e-8,1.082e-19,4.021e-29,1.764e-17,9.818e-20,1.690e-31,3.640e-17,,,,3.733e-18,6.288e-21,6.416e-3,,2.883e-25,2.877e-8,,,1.282e-19,1.313e-16,7.786e-19,5.554e-11,,1.074e-21,,1.583e-16,1.727e-3,,1.814e-19,6.891e-18,1.241e-17,,,,,1.655e-18,,,,,,,,,,,,,,
732.53,9.359e-3,2.430e-20,5.224e-24,3.848e-42,1.880e-17,,,1.279e-18,1.617e-19,,2.077e-8,1.083e-19,4.021e-29,1.764e-17,9.829e-20,1.690e-31,3.642e-17,,,,3.734e-18,5.587e-21,7.368e-3,,2.868e-25,3.575e-8,,,9.258e-20,1.313e-16,7.791e-19,5.324e-11,,1.074e-21,,1.583e-16,1.991e-3,,1.814e-19,6.891e-18,1.241e-17,,,,,1.656e-18,,,,,,,,,,,,,,
732.55,1.074e-2,2.432e-20,5.217e-24,3.841e-42,1.880e-17,,,1.279e-18,1.617e-19,,2.686e-8,1.085e-19,4.021e-29,1.764e-17,9.840e-20,1.690e-31,3.644e-17,,,,3.734e-18,4.957e-21,8.449e-3,,2.853e-25,4.435e-8,,,6.674e-20,1.314e-16,7.795e-19,5.097e-11,,1.074e-21,,1.583e-16,2.293e-3,,1.813e-19,6.891e-18,1.241e-17,,,,,1.656e-18,,,,,,,,,,,,,,
732.58,1.317e-2,2.435e-20,5.206e-24,3.831e-42,1.881e-17,,,1.279e-18,1.618e-19,,3.942e-8,1.086e-19,4.021e-29,1.764e-17,9.857e-20,1.690e-31,3.647e-17,,,,3.735e-18,4.132e-21,1.035e-2,,2.830e-25,6.113e-8,,,4.074e-20,1.314e-16,7.802e-19,4.762e-11,,1.075e-21,,1.584e-16,2.826e-3,,1.812e-19,6.891e-18,1.241e-17,,,,,1.656e-18,,,,,,,,,,,,,,
732.6,1.507e-2,2.437e-20,5.199e-24,3.825e-42,1.881e-17,,,1.278e-18,1.618e-19,,5.081e-8,1.088e-19,4.021e-29,1.764e-17,9.869e-20,1.690e-31,3.649e-17,,,,3.735e-18,3.653e-21,1.182e-2,,2.815e-25,7.557e-8,,,2.693e-20,1.315e-16,7.807e-19,4.544e-11,,1.075e-21,,1.584e-16,3.243e-3,,1.812e-19,6.891e-18,1.242e-17,,,,,1.656e-18,,,,,,,,,,,,,,
732.63,1.838e-2,2.440e-20,5.188e-24,3.815e-42,1.882e-17,,,1.278e-18,1.619e-19,,7.416e-8,1.090e-19,4.022e-29,1.764e-17,9.886e-20,1.690e-31,3.652e-17,,,,3.736e-18,3.029e-21,1.440e-2,,2.793e-25,1.036e-7,,,1.637e-20,1.316e-16,7.813e-19,4.224e-11,,1.075e-21,,1.584e-16,3.975e-3,,1.811e-19,6.891e-18,1.242e-17,,,,,1.657e-18,,,,,,,,,,,,,,
732.65,2.094e-2,2.442e-20,5.181e-24,3.808e-42,1.882e-17,,,1.278e-18,1.619e-19,,9.525e-8,1.091e-19,4.022e-29,1.764e-17,9.897e-20,1.690e-31,3.654e-17,,,,3.736e-18,2.668e-21,1.640e-2,,2.778e-25,1.276e-7,,,1.173e-20,1.316e-16,7.818e-19,4.016e-11,,1.075e-21,,1.584e-16,4.545e-3,,1.810e-19,6.891e-18,1.242e-17,,,,,1.657e-18,,,,,,,,,,,,,,
732.68,2.541e-2,2.445e-20,5.171e-24,3.798e-42,1.883e-17,,,1.278e-18,1.619e-19,,1.383e-7,1.093e-19,4.022e-29,1.764e-17,9.914e-20,1.690e-31,3.658e-17,,,,3.737e-18,2.200e-21,1.987e-2,,2.756e-25,1.741e-7,,,7.093e-21,1.317e-16,7.825e-19,3.714e-11,,1.075e-21,,1.585e-16,5.543e-3,,1.809e-19,6.891e-18,1.242e-17,,,,,1.657e-18,,,,,,,,,,,,,,
732.7,2.886e-2,2.447e-20,5.163e-24,3.792e-42,1.883e-17,,,1.278e-18,1.620e-19,,1.770e-7,1.094e-19,4.022e-29,1.764e-17,9.926e-20,1.690e-31,3.660e-17,,,,3.737e-18,1.931e-21,2.254e-2,,2.741e-25,2.137e-7,,,5.063e-21,1.317e-16,7.829e-19,3.520e-11,,1.076e-21,,1.585e-16,6.315e-3,,1.809e-19,6.891e-18,1.242e-17,,,,,1.658e-18,,,,,,,,,,,,,,
732.73,3.483e-2,2.450e-20,5.153e-24,3.782e-42,1.883e-17,,,1.278e-18,1.620e-19,,2.556e-7,1.096e-19,4.022e-29,1.764e-17,9.943e-20,1.690e-31,3.663e-17,,,,3.737e-18,1.584e-21,2.717e-2,,2.718e-25,2.899e-7,,,3.045e-21,1.318e-16,7.836e-19,3.239e-11,,1.076e-21,,1.585e-16,7.660e-3,,1.808e-19,6.891e-18,1.243e-17,,,,,1.658e-18,,,,,,,,,,,,,,
732.75,3.941e-2,2.452e-20,5.145e-24,3.775e-42,1.884e-17,,,1.278e-18,1.620e-19,,3.261e-7,1.097e-19,4.022e-29,1.764e-17,9.954e-20,1.690e-31,3.665e-17,,,,3.738e-18,1.385e-21,3.072e-2,,2.703e-25,3.546e-7,,,2.166e-21,1.319e-16,7.841e-19,3.058e-11,,1.076e-21,,1.585e-16,8.697e-3,,1.808e-19,6.891e-18,1.243e-17,,,,,1.658e-18,,,,,,,,,,,,,,
732.78,4.732e-2,2.455e-20,5.135e-24,3.765e-42,1.884e-17,,,1.278e-18,1.621e-19,,4.684e-7,1.099e-19,4.022e-29,1.764e-17,9.971e-20,1.691e-31,3.668e-17,,,,3.738e-18,1.130e-21,3.683e-2,,2.681e-25,4.785e-7,,,2.166e-21,1.320e-16,7.848e-19,2.800e-11,,1.076e-21,,1.585e-16,1.049e-2,,1.807e-19,6.891e-18,1.243e-17,,,,,1.659e-18,,,,,,,,,,,,,,
732.8,5.336e-2,2.457e-20,5.128e-24,3.758e-42,1.885e-17,,,1.278e-18,1.621e-19,,5.954e-7,1.100e-19,4.023e-29,1.764e-17,9.983e-20,1.691e-31,3.670e-17,,,,3.739e-18,9.849e-22,4.149e-2,,2.666e-25,5.832e-7,,,2.165e-21,1.320e-16,7.852e-19,2.635e-11,,1.076e-21,,1.586e-16,1.187e-2,,1.806e-19,6.891e-18,1.243e-17,,,,,1.659e-18,,,,,,,,,,,,,,
732.83,6.372e-2,2.460e-20,5.117e-24,3.749e-42,1.885e-17,,,1.278e-18,1.622e-19,,8.509e-7,1.102e-19,4.023e-29,1.764e-17,1.000e-19,1.691e-31,3.673e-17,,,,3.739e-18,7.992e-22,4.947e-2,,2.643e-25,7.828e-7,,,2.165e-21,1.321e-16,7.859e-19,2.400e-11,,1.077e-21,,1.586e-16,1.425e-2,,1.805e-19,6.891e-18,1.243e-17,,,,,1.659e-18,,,,,,,,,,,,,,
732.85,7.160e-2,2.462e-20,5.110e-24,3.742e-42,1.885e-17,,,1.278e-18,1.622e-19,,1.078e-6,1.103e-19,4.023e-29,1.764e-17,1.001e-19,1.691e-31,3.676e-17,,,,3.740e-18,6.940e-22,5.554e-2,,2.628e-25,9.508e-7,,,2.165e-21,1.321e-16,7.864e-19,2.251e-11,,1.077e-21,,1.586e-16,1.606e-2,,1.805e-19,6.891e-18,1.243e-17,,,,,1.659e-18,,,,,,,,,,,,,,
732.88,8.505e-2,2.465e-20,5.099e-24,3.732e-42,1.886e-17,,,1.278e-18,1.623e-19,,1.532e-6,1.105e-19,4.023e-29,1.764e-17,1.003e-19,1.691e-31,3.679e-17,,,,3.740e-18,5.601e-22,6.588e-2,,2.606e-25,1.269e-6,,,2.164e-21,1.322e-16,7.871e-19,2.039e-11,,1.077e-21,,1.586e-16,1.917e-2,,1.804e-19,6.891e-18,1.244e-17,,,,,1.660e-18,,,,,,,,,,,,,,
732.9,9.523e-2,2.467e-20,5.092e-24,3.725e-42,1.886e-17,,,1.278e-18,1.623e-19,,1.933e-6,1.106e-19,4.023e-29,1.764e-17,1.004e-19,1.691e-31,3.681e-17,,,,3.741e-18,4.847e-22,7.369e-2,,2.591e-25,1.536e-6,,,2.164e-21,1.323e-16,7.875e-19,1.906e-11,,1.077e-21,,1.586e-16,2.154e-2,,1.803e-19,6.891e-18,1.244e-17,,,,,1.660e-18,,,,,,,,,,,,,,
732.92,1.065e-1,2.469e-20,5.085e-24,3.719e-42,1.887e-17,,,1.278e-18,1.623e-19,,2.437e-6,1.107e-19,4.023e-29,1.764e-17,1.005e-19,1.691e-31,3.683e-17,,,,3.741e-18,4.188e-22,8.231e-2,,2.576e-25,1.857e-6,,,2.164e-21,1.323e-16,7.880e-19,1.779e-11,,1.077e-21,,1.587e-16,2.416e-2,,1.803e-19,6.891e-18,1.244e-17,,,,,1.660e-18,,,,,,,,,,,,,,
732.95,1.255e-1,2.472e-20,5.074e-24,3.709e-42,1.887e-17,,,1.278e-18,1.624e-19,,3.439e-6,1.109e-19,4.023e-29,1.764e-17,1.007e-19,1.691e-31,3.686e-17,,,,3.741e-18,3.355e-22,9.691e-2,,2.554e-25,2.461e-6,,,2.164e-21,1.324e-16,7.887e-19,1.601e-11,,1.078e-21,,1.587e-16,2.862e-2,,1.802e-19,6.891e-18,1.244e-17,,,,,1.661e-18,,,,,,,,,,,,,,
732.97,1.399e-1,2.474e-20,5.067e-24,3.702e-42,1.887e-17,,,1.278e-18,1.624e-19,,4.318e-6,1.111e-19,4.024e-29,1.764e-17,1.008e-19,1.691e-31,3.688e-17,,,,3.742e-18,2.888e-22,1.079e-1,,2.539e-25,2.964e-6,,,2.163e-21,1.325e-16,7.891e-19,1.489e-11,,1.078e-21,,1.587e-16,3.200e-2,,1.801e-19,6.891e-18,1.244e-17,,,,,1.661e-18,,,,,,,,,,,,,,
733,1.640e-1,2.477e-20,5.056e-24,3.692e-42,1.888e-17,,,1.278e-18,1.625e-19,,6.062e-6,1.112e-19,4.024e-29,1.763e-17,1.010e-19,1.691e-31,3.691e-17,,,,3.742e-18,2.301e-22,1.263e-1,,2.516e-25,3.907e-6,,,2.163e-21,1.325e-16,7.898e-19,1.333e-11,,1.078e-21,,1.587e-16,3.771e-2,,1.800e-19,6.891e-18,1.245e-17,,,,,1.661e-18,,,,,,,,,,,,,,
733.02,1.821e-1,2.479e-20,5.049e-24,3.685e-42,1.888e-17,,,1.277e-18,1.625e-19,,7.586e-6,1.114e-19,4.024e-29,1.763e-17,1.011e-19,1.691e-31,3.693e-17,,,,3.743e-18,1.974e-22,1.401e-1,,2.501e-25,4.689e-6,,,2.163e-21,1.326e-16,7.903e-19,1.236e-11,,1.078e-21,,1.588e-16,4.200e-2,,1.800e-19,6.891e-18,1.245e-17,,,,,1.661e-18,,,,,,,,,,,,,,
733.05,2.125e-1,2.482e-20,5.038e-24,3.675e-42,1.889e-17,,,1.277e-18,1.625e-19,,1.059e-5,1.116e-19,4.024e-29,1.763e-17,1.012e-19,1.691e-31,3.697e-17,,,,3.743e-18,1.565e-22,1.632e-1,,2.479e-25,6.149e-6,,,2.163e-21,1.327e-16,7.909e-19,1.100e-11,,1.078e-21,,1.588e-16,4.924e-2,,1.799e-19,6.891e-18,1.245e-17,,,,,1.662e-18,,,,,,,,,,,,,,
733.07,2.351e-1,2.484e-20,5.031e-24,3.669e-42,1.889e-17,,,1.277e-18,1.626e-19,,1.321e-5,1.117e-19,4.024e-29,1.763e-17,1.014e-19,1.691e-31,3.699e-17,,,,3.744e-18,1.337e-22,1.804e-1,,2.464e-25,7.353e-6,,,2.162e-21,1.327e-16,7.914e-19,1.016e-11,,1.079e-21,,1.588e-16,5.465e-2,,1.798e-19,6.891e-18,1.245e-17,,,,,1.662e-18,,,,,,,,,,,,,,
733.1,2.728e-1,2.487e-20,5.020e-24,3.659e-42,1.889e-17,,,1.277e-18,1.626e-19,,1.835e-5,1.119e-19,4.024e-29,1.763e-17,1.015e-19,1.691e-31,3.702e-17,,,,3.744e-18,1.054e-22,2.090e-1,,2.441e-25,9.591e-6,,,2.162e-21,1.328e-16,7.921e-19,9.003e-12,,1.079e-21,,1.588e-16,6.373e-2,,1.798e-19,6.891e-18,1.245e-17,,,,,1.662e-18,,,,,,,,,,,,,,
733.12,3.007e-1,2.489e-20,5.013e-24,3.652e-42,1.890e-17,,,1.277e-18,1.626e-19,,2.280e-5,1.120e-19,4.025e-29,1.763e-17,1.016e-19,1.691e-31,3.704e-17,,,,3.745e-18,8.979e-23,2.302e-1,,2.426e-25,1.143e-5,,,2.162e-21,1.328e-16,7.925e-19,8.289e-12,,1.079e-21,,1.588e-16,7.048e-2,,1.797e-19,6.891e-18,1.245e-17,,,,,1.663e-18,,,,,,,,,,,,,,
733.15,3.471e-1,2.492e-20,5.002e-24,3.642e-42,1.890e-17,,,1.277e-18,1.627e-19,,3.150e-5,1.122e-19,4.025e-29,1.763e-17,1.018e-19,1.691e-31,3.707e-17,,,,3.745e-18,7.040e-23,2.653e-1,,2.404e-25,1.483e-5,,,2.161e-21,1.329e-16,7.932e-19,7.304e-12,,1.079e-21,,1.589e-16,8.176e-2,,1.796e-19,6.891e-18,1.246e-17,,,,,1.663e-18,,,,,,,,,,,,,,
733.17,3.813e-1,2.494e-20,4.995e-24,3.636e-42,1.891e-17,,,1.277e-18,1.627e-19,,3.901e-5,1.123e-19,4.025e-29,1.763e-17,1.019e-19,1.691e-31,3.709e-17,,,,3.746e-18,5.975e-23,2.912e-1,,2.389e-25,1.761e-5,,,2.161e-21,1.330e-16,7.937e-19,6.702e-12,,1.079e-21,,1.589e-16,9.010e-2,,1.796e-19,6.891e-18,1.246e-17,,,,,1.663e-18,,,,,,,,,,,,,,
733.2,4.379e-1,2.497e-20,4.985e-24,3.626e-42,1.891e-17,,,1.277e-18,1.628e-19,,5.362e-5,1.125e-19,4.025e-29,1.763e-17,1.021e-19,1.691e-31,3.712e-17,,,,3.746e-18,4.659e-23,3.338e-1,,2.366e-25,2.273e-5,,,2.161e-21,1.331e-16,7.944e-19,5.876e-12,,1.080e-21,,1.589e-16,1.040e-1,,1.795e-19,6.891e-18,1.246e-17,,,,,1.664e-18,,,,,,,,,,,,,,
733.22,4.793e-1,2.499e-20,4.977e-24,3.619e-42,1.891e-17,,,1.277e-18,1.628e-19,,6.617e-5,1.126e-19,4.025e-29,1.763e-17,1.022e-19,1.691e-31,3.715e-17,,,,3.746e-18,3.940e-23,3.650e-1,,2.351e-25,2.689e-5,,,2.161e-21,1.331e-16,7.948e-19,5.373e-12,,1.080e-21,,1.589e-16,1.142e-1,,1.794e-19,6.891e-18,1.246e-17,,,,,1.664e-18,,,,,,,,,,,,,,
733.25,5.474e-1,2.502e-20,4.967e-24,3.609e-42,1.892e-17,,,1.277e-18,1.629e-19,,9.046e-5,1.128e-19,4.025e-29,1.763e-17,1.024e-19,1.692e-31,3.718e-17,,,,3.747e-18,3.056e-23,4.163e-1,,2.329e-25,3.452e-5,,,2.160e-21,1.332e-16,7.955e-19,4.686e-12,,1.080e-21,,1.590e-16,1.310e-1,,1.793e-19,6.891e-18,1.246e-17,,,,,1.664e-18,,,,,,,,,,,,,,
733.27,5.971e-1,2.504e-20,4.959e-24,3.602e-42,1.892e-17,,,1.277e-18,1.629e-19,,1.112e-4,1.129e-19,4.025e-29,1.763e-17,1.025e-19,1.692e-31,3.720e-17,,,,3.747e-18,2.575e-23,4.536e-1,,2.314e-25,4.070e-5,,,2.160e-21,1.332e-16,7.960e-19,4.270e-12,,1.080e-21,,1.590e-16,1.434e-1,,1.793e-19,6.891e-18,1.247e-17,,,,,1.665e-18,,,,,,,,,,,,,,
733.29,6.504e-1,2.506e-20,4.952e-24,3.596e-42,1.893e-17,,,1.277e-18,1.629e-19,,1.366e-4,1.130e-19,4.026e-29,1.763e-17,1.026e-19,1.692e-31,3.722e-17,,,,3.748e-18,2.167e-23,4.936e-1,,2.299e-25,4.792e-5,,,2.160e-21,1.333e-16,7.964e-19,3.886e-12,,1.080e-21,,1.590e-16,1.566e-1,,1.792e-19,6.891e-18,1.247e-17,,,,,1.665e-18,,,,,,,,,,,,,,
733.32,7.374e-1,2.509e-20,4.942e-24,3.586e-42,1.893e-17,,,1.277e-18,1.630e-19,,1.854e-4,1.132e-19,4.026e-29,1.763e-17,1.028e-19,1.692e-31,3.725e-17,,,,3.748e-18,1.668e-23,5.587e-1,,2.277e-25,6.107e-5,,,2.159e-21,1.334e-16,7.971e-19,3.365e-12,,1.081e-21,,1.590e-16,1.784e-1,,1.791e-19,6.891e-18,1.247e-17,,,,,1.665e-18,,,,,,,,,,,,,,
733.34,8.003e-1,2.511e-20,4.934e-24,3.579e-42,1.893e-17,,,1.277e-18,1.630e-19,,2.268e-4,1.133e-19,4.026e-29,1.763e-17,1.029e-19,1.692e-31,3.727e-17,,,,3.749e-18,1.399e-23,6.058e-1,,2.262e-25,7.165e-5,,,2.159e-21,1.334e-16,7.976e-19,3.052e-12,,1.081e-21,,1.590e-16,1.943e-1,,1.791e-19,6.891e-18,1.247e-17,,,,,1.665e-18,,,,,,,,,,,,,,
733.37,9.026e-1,2.514e-20,4.924e-24,3.569e-42,1.894e-17,,,1.277e-18,1.631e-19,,3.062e-4,1.135e-19,4.026e-29,1.763e-17,1.031e-19,1.692e-31,3.730e-17,,,,3.749e-18,1.071e-23,6.821e-1,,2.239e-25,9.081e-5,,,2.159e-21,1.335e-16,7.983e-19,2.629e-12,,1.081e-21,,1.591e-16,2.202e-1,,1.790e-19,6.891e-18,1.247e-17,,,,,1.666e-18,,,,,,,,,,,,,,
733.39,9.763e-1,2.516e-20,4.917e-24,3.563e-42,1.894e-17,,,1.277e-18,1.631e-19,,3.734e-4,1.137e-19,4.026e-29,1.763e-17,1.032e-19,1.692e-31,3.732e-17,,,,3.750e-18,8.947e-24,7.369e-1,,2.224e-25,1.062e-4,,,2.159e-21,1.335e-16,7.987e-19,2.376e-12,,1.081e-21,,1.591e-16,2.389e-1,,1.789e-19,6.890e-18,1.247e-17,,,,,1.666e-18,,,,,,,,,,,,,,
733.42,1.095e+0,2.519e-20,4.906e-24,3.553e-42,1.895e-17,,,1.277e-18,1.631e-19,,5.014e-4,1.138e-19,4.026e-29,1.763e-17,1.034e-19,1.692e-31,3.736e-17,,,,3.750e-18,6.814e-24,8.253e-1,,2.202e-25,1.339e-4,,,2.158e-21,1.336e-16,7.994e-19,2.036e-12,,1.081e-21,,1.591e-16,2.692e-1,,1.789e-19,6.890e-18,1.248e-17,,,,,1.666e-18,,,,,,,,,,,,,,
733.44,1.180e+0,2.521e-20,4.899e-24,3.546e-42,1.895e-17,,,1.277e-18,1.632e-19,,6.093e-4,1.140e-19,4.026e-29,1.763e-17,1.035e-19,1.692e-31,3.738e-17,,,,3.750e-18,5.673e-24,8.885e-1,,2.187e-25,1.560e-4,,,2.158e-21,1.337e-16,7.998e-19,1.834e-12,,1.082e-21,,1.591e-16,2.911e-1,,1.788e-19,6.890e-18,1.248e-17,,,,,1.667e-18,,,,,,,,,,,,,,
733.47,1.317e+0,2.524e-20,4.888e-24,3.536e-42,1.895e-17,,,1.276e-18,1.632e-19,,8.139e-4,1.142e-19,4.027e-29,1.763e-17,1.036e-19,1.692e-31,3.741e-17,,,,3.751e-18,4.297e-24,9.899e-1,,2.164e-25,1.956e-4,,,2.158e-21,1.338e-16,8.005e-19,1.563e-12,,1.082e-21,,1.592e-16,3.263e-1,,1.787e-19,6.890e-18,1.248e-17,,,,,1.667e-18,,,,,,,,,,,,,,
733.49,1.415e+0,2.526e-20,4.881e-24,3.529e-42,1.896e-17,,,1.276e-18,1.633e-19,,9.855e-4,1.143e-19,4.027e-29,1.763e-17,1.038e-19,1.692e-31,3.743e-17,,,,3.751e-18,3.564e-24,1.062e+0,,2.149e-25,2.271e-4,,,2.157e-21,1.338e-16,8.010e-19,1.403e-12,,1.082e-21,,1.592e-16,3.516e-1,,1.787e-19,6.890e-18,1.248e-17,,,,,1.667e-18,,,,,,,,,,,,,,
733.52,1.570e+0,2.529e-20,4.870e-24,3.519e-42,1.896e-17,,,1.276e-18,1.633e-19,,1.309e-3,1.145e-19,4.027e-29,1.763e-17,1.039e-19,1.692e-31,3.746e-17,,,,3.752e-18,2.686e-24,1.177e+0,,2.127e-25,2.832e-4,,,2.157e-21,1.339e-16,8.017e-19,1.190e-12,,1.082e-21,,1.592e-16,3.921e-1,,1.786e-19,6.890e-18,1.248e-17,,,,,1.668e-18,,,,,,,,,,,,,,
733.54,1.681e+0,2.531e-20,4.863e-24,3.513e-42,1.897e-17,,,1.276e-18,1.633e-19,,1.580e-3,1.146e-19,4.027e-29,1.763e-17,1.040e-19,1.692e-31,3.748e-17,,,,3.752e-18,2.220e-24,1.258e+0,,2.112e-25,3.277e-4,,,2.157e-21,1.339e-16,8.021e-19,1.064e-12,,1.082e-21,,1.592e-16,4.209e-1,,1.785e-19,6.890e-18,1.249e-17,,,,,1.668e-18,,,,,,,,,,,,,,
733.57,1.856e+0,2.534e-20,4.852e-24,3.503e-42,1.897e-17,,,1.276e-18,1.634e-19,,2.088e-3,1.148e-19,4.027e-29,1.763e-17,1.042e-19,1.692e-31,3.751e-17,,,,3.753e-18,1.663e-24,1.387e+0,,2.090e-25,4.066e-4,,,2.156e-21,1.340e-16,8.028e-19,8.979e-13,,1.083e-21,,1.593e-16,4.669e-1,,1.784e-19,6.890e-18,1.249e-17,,,,,1.668e-18,,,,,,,,,,,,,,
733.59,1.980e+0,2.536e-20,4.845e-24,3.496e-42,1.897e-17,,,1.276e-18,1.634e-19,,2.511e-3,1.149e-19,4.027e-29,1.763e-17,1.043e-19,1.692e-31,3.754e-17,,,,3.753e-18,1.370e-24,1.477e+0,,2.075e-25,4.687e-4,,,2.156e-21,1.341e-16,8.033e-19,8.003e-13,,1.083e-21,,1.593e-16,4.994e-1,,1.784e-19,6.890e-18,1.249e-17,,,,,1.668e-18,,,,,,,,,,,,,,
733.62,2.175e+0,2.539e-20,4.834e-24,3.486e-42,1.898e-17,,,1.276e-18,1.635e-19,,3.302e-3,1.151e-19,4.028e-29,1.763e-17,1.045e-19,1.692e-31,3.757e-17,,,,3.754e-18,1.021e-24,1.620e+0,,2.052e-25,5.785e-4,,,2.156e-21,1.341e-16,8.040e-19,6.717e-13,,1.083e-21,,1.593e-16,5.510e-1,,1.783e-19,6.890e-18,1.249e-17,,,,,1.669e-18,,,,,,,,,,,,,,
733.64,2.311e+0,2.541e-20,4.827e-24,3.480e-42,1.898e-17,,,1.276e-18,1.635e-19,,3.956e-3,1.152e-19,4.028e-29,1.763e-17,1.046e-19,1.692e-31,3.759e-17,,,,3.754e-18,8.380e-25,1.719e+0,,2.037e-25,6.645e-4,,,2.156e-21,1.342e-16,8.044e-19,5.966e-13,,1.083e-21,,1.593e-16,5.873e-1,,1.782e-19,6.890e-18,1.249e-17,,,,,1.669e-18,,,,,,,,,,,,,,
733.67,2.526e+0,2.544e-20,4.816e-24,3.470e-42,1.899e-17,,,1.276e-18,1.635e-19,,5.174e-3,1.154e-19,4.028e-29,1.763e-17,1.048e-19,1.692e-31,3.762e-17,,,,3.755e-18,6.213e-25,1.875e+0,,2.015e-25,8.159e-4,,,2.155e-21,1.343e-16,8.051e-19,4.982e-13,,1.084e-21,,1.593e-16,6.446e-1,,1.782e-19,6.890e-18,1.249e-17,,,,,1.669e-18,,,,,,,,,,,,,,
733.69,2.675e+0,2.546e-20,4.809e-24,3.463e-42,1.899e-17,,,1.276e-18,1.636e-19,,6.177e-3,1.155e-19,4.028e-29,1.763e-17,1.049e-19,1.692e-31,3.764e-17,,,,3.755e-18,5.080e-25,1.984e+0,,2.000e-25,9.339e-4,,,2.155e-21,1.343e-16,8.056e-19,4.410e-13,,1.084e-21,,1.594e-16,6.847e-1,,1.781e-19,6.890e-18,1.250e-17,,,,,1.670e-18,,,,,,,,,,,,,,
733.71,2.830e+0,2.548e-20,4.802e-24,3.456e-42,1.899e-17,,,1.276e-18,1.636e-19,,7.364e-3,1.156e-19,4.028e-29,1.763e-17,1.050e-19,1.692e-31,3.766e-17,,,,3.755e-18,4.148e-25,2.095e+0,,1.985e-25,1.067e-3,,,2.155e-21,1.344e-16,8.060e-19,3.898e-13,,1.084e-21,,1.594e-16,7.262e-1,,1.780e-19,6.890e-18,1.250e-17,,,,,1.670e-18,,,,,,,,,,,,,,
733.74,3.070e+0,2.551e-20,4.791e-24,3.446e-42,1.900e-17,,,1.276e-18,1.637e-19,,9.561e-3,1.158e-19,4.028e-29,1.763e-17,1.052e-19,1.693e-31,3.769e-17,,,,3.756e-18,3.053e-25,2.268e+0,,1.962e-25,1.301e-3,,,2.155e-21,1.345e-16,8.067e-19,3.231e-13,,1.084e-21,,1.594e-16,7.911e-1,,1.780e-19,6.890e-18,1.250e-17,,,,,1.670e-18,,,,,,,,,,,,,,
733.76,3.236e+0,2.553e-20,4.784e-24,3.440e-42,1.900e-17,,,1.276e-18,1.637e-19,,1.136e-2,1.159e-19,4.028e-29,1.763e-17,1.053e-19,1.693e-31,3.772e-17,,,,3.756e-18,2.484e-25,2.387e+0,,1.947e-25,1.482e-3,,,2.154e-21,1.345e-16,8.072e-19,2.846e-13,,1.084e-21,,1.594e-16,8.361e-1,,1.779e-19,6.890e-18,1.250e-17,,,,,1.670e-18,,,,,,,,,,,,,,
733.79,3.494e+0,2.556e-20,4.774e-24,3.430e-42,1.901e-17,,,1.276e-18,1.637e-19,,1.467e-2,1.161e-19,4.029e-29,1.763e-17,1.055e-19,1.693e-31,3.775e-17,,,,3.757e-18,1.818e-25,2.571e+0,,1.925e-25,1.796e-3,,,2.154e-21,1.346e-16,8.078e-19,2.347e-13,,1.085e-21,,1.594e-16,9.060e-1,,1.778e-19,6.890e-18,1.250e-17,,,,,1.671e-18,,,,,,,,,,,,,,
733.81,3.670e+0,2.558e-20,4.766e-24,3.423e-42,1.901e-17,,,1.276e-18,1.638e-19,,1.737e-2,1.163e-19,4.029e-29,1.762e-17,1.056e-19,1.693e-31,3.777e-17,,,,3.757e-18,1.474e-25,2.697e+0,,1.910e-25,2.038e-3,,,2.154e-21,1.346e-16,8.083e-19,2.060e-13,,1.085e-21,,1.595e-16,9.542e-1,,1.778e-19,6.890e-18,1.251e-17,,,,,1.671e-18,,,,,,,,,,,,,,
733.84,3.942e+0,2.561e-20,4.756e-24,3.413e-42,1.902e-17,,,1.276e-18,1.638e-19,,2.231e-2,1.164e-19,4.029e-29,1.762e-17,1.057e-19,1.693e-31,3.780e-17,,,,3.758e-18,1.073e-25,2.889e+0,,1.888e-25,2.458e-3,,,2.153e-21,1.347e-16,8.090e-19,1.690e-13,,1.085e-21,,1.595e-16,1.028e+0,,1.777e-19,6.890e-18,1.251e-17,,,,,1.671e-18,,,,,,,,,,,,,,
733.86,4.128e+0,2.563e-20,4.748e-24,3.407e-42,1.902e-17,,,1.276e-18,1.639e-19,,2.632e-2,1.166e-19,4.029e-29,1.762e-17,1.059e-19,1.693e-31,3.782e-17,,,,3.758e-18,8.666e-26,3.020e+0,,1.873e-25,2.780e-3,,,2.153e-21,1.348e-16,8.094e-19,1.478e-13,,1.085e-21,,1.595e-16,1.079e+0,,1.776e-19,6.890e-18,1.251e-17,,,,,1.672e-18,,,,,,,,,,,,,,
733.89,4.412e+0,2.566e-20,4.738e-24,3.397e-42,1.902e-17,,,1.275e-18,1.639e-19,,3.364e-2,1.168e-19,4.029e-29,1.762e-17,1.060e-19,1.693e-31,3.785e-17,,,,3.759e-18,6.275e-26,3.218e+0,,1.850e-25,3.335e-3,,,2.153e-21,1.349e-16,8.101e-19,1.206e-13,,1.085e-21,,1.595e-16,1.157e+0,,1.775e-19,6.890e-18,1.251e-17,,,,,1.672e-18,,,,,,,,,,,,,,
733.91,4.605e+0,2.568e-20,4.731e-24,3.390e-42,1.903e-17,,,1.275e-18,1.639e-19,,3.955e-2,1.169e-19,4.029e-29,1.762e-17,1.061e-19,1.693e-31,3.787e-17,,,,3.759e-18,5.051e-26,3.352e+0,,1.835e-25,3.758e-3,,,2.153e-21,1.349e-16,8.106e-19,1.052e-13,,1.085e-21,,1.596e-16,1.210e+0,,1.775e-19,6.890e-18,1.251e-17,,,,,1.672e-18,,,,,,,,,,,,,,
733.94,4.898e+0,2.571e-20,4.720e-24,3.380e-42,1.903e-17,,,1.275e-18,1.640e-19,,5.027e-2,1.171e-19,4.030e-29,1.762e-17,1.063e-19,1.693e-31,3.790e-17,,,,3.760e-18,3.638e-26,3.553e+0,,1.813e-25,4.484e-3,,,2.152e-21,1.350e-16,8.113e-19,8.536e-14,,1.086e-21,,1.596e-16,1.290e+0,,1.774e-19,6.890e-18,1.251e-17,,,,,1.673e-18,,,,,,,,,,,,,,
733.96,5.096e+0,2.573e-20,4.713e-24,3.373e-42,1.904e-17,,,1.275e-18,1.640e-19,,5.889e-2,1.172e-19,4.030e-29,1.762e-17,1.064e-19,1.693e-31,3.793e-17,,,,3.760e-18,2.917e-26,3.688e+0,,1.798e-25,5.035e-3,,,2.152e-21,1.350e-16,8.117e-19,7.415e-14,,1.086e-21,,1.596e-16,1.345e+0,,1.773e-19,6.890e-18,1.252e-17,,,,,1.673e-18,,,,,,,,,,,,,,
733.99,5.396e+0,2.576e-20,4.702e-24,3.363e-42,1.904e-17,,,1.275e-18,1.641e-19,,7.447e-2,1.174e-19,4.030e-29,1.762e-17,1.066e-19,1.693e-31,3.796e-17,,,,3.761e-18,2.090e-26,3.889e+0,,1.775e-25,5.975e-3,,,2.152e-21,1.351e-16,8.124e-19,5.988e-14,,1.086e-21,,1.596e-16,1.426e+0,,1.772e-19,6.890e-18,1.252e-17,,,,,1.673e-18,,,,,,,,,,,,,,
734.01,5.598e+0,2.578e-20,4.695e-24,3.357e-42,1.904e-17,,,1.275e-18,1.641e-19,,8.693e-2,1.175e-19,4.030e-29,1.762e-17,1.067e-19,1.693e-31,3.798e-17,,,,3.761e-18,1.670e-26,4.023e+0,,1.760e-25,6.686e-3,,,2.151e-21,1.352e-16,8.129e-19,5.183e-14,,1.086e-21,,1.596e-16,1.481e+0,,1.772e-19,6.890e-18,1.252e-17,,,,,1.674e-18,,,,,,,,,,,,,,
734.04,5.901e+0,2.581e-20,4.684e-24,3.347e-42,1.905e-17,,,1.275e-18,1.641e-19,,1.094e-1,1.177e-19,4.030e-29,1.762e-17,1.069e-19,1.693e-31,3.801e-17,,,,3.762e-18,1.190e-26,4.221e+0,,1.738e-25,7.894e-3,,,2.151e-21,1.352e-16,8.136e-19,4.164e-14,,1.087e-21,,1.597e-16,1.563e+0,,1.771e-19,6.890e-18,1.252e-17,,,,,1.674e-18,,,,,,,,,,,,,,
734.06,6.104e+0,2.583e-20,4.677e-24,3.340e-42,1.905e-17,,,1.275e-18,1.642e-19,,1.272e-1,1.178e-19,4.030e-29,1.762e-17,1.070e-19,1.693e-31,3.803e-17,,,,3.762e-18,9.476e-27,4.351e+0,,1.723e-25,8.802e-3,,,2.151e-21,1.353e-16,8.140e-19,3.592e-14,,1.087e-21,,1.597e-16,1.617e+0,,1.770e-19,6.890e-18,1.252e-17,,,,,1.674e-18,,,,,,,,,,,,,,
734.08,6.306e+0,2.585e-20,4.670e-24,3.334e-42,1.905e-17,,,1.275e-18,1.642e-19,,1.478e-1,1.179e-19,4.030e-29,1.762e-17,1.071e-19,1.693e-31,3.805e-17,,,,3.762e-18,7.535e-27,4.478e+0,,1.708e-25,9.801e-3,,,2.151e-21,1.353e-16,8.145e-19,3.094e-14,,1.087e-21,,1.597e-16,1.670e+0,,1.770e-19,6.890e-18,1.252e-17,,,,,1.674e-18,,,,,,,,,,,,,,
734.11,6.611e+0,2.588e-20,4.659e-24,3.324e-42,1.906e-17,,,1.275e-18,1.643e-19,,1.845e-1,1.181e-19,4.031e-29,1.762e-17,1.073e-19,1.693e-31,3.808e-17,,,,3.763e-18,5.329e-27,4.665e+0,,1.686e-25,1.148e-2,,,2.150e-21,1.354e-16,8.152e-19,2.467e-14,,1.087e-21,,1.597e-16,1.750e+0,,1.769e-19,6.890e-18,1.253e-17,,,,,1.675e-18,,,,,,,,,,,,,,
734.13,6.813e+0,2.590e-20,4.652e-24,3.317e-42,1.906e-17,,,1.275e-18,1.643e-19,,2.136e-1,1.182e-19,4.031e-29,1.762e-17,1.074e-19,1.693e-31,3.811e-17,,,,3.763e-18,4.222e-27,4.786e+0,,1.671e-25,1.274e-2,,,2.150e-21,1.355e-16,8.156e-19,2.118e-14,,1.087e-21,,1.598e-16,1.801e+0,,1.769e-19,6.890e-18,1.253e-17,,,,,1.675e-18,,,,,,,,,,,,,,
734.16,7.117e+0,2.593e-20,4.641e-24,3.307e-42,1.907e-17,,,1.275e-18,1.643e-19,,2.653e-1,1.184e-19,4.031e-29,1.762e-17,1.076e-19,1.693e-31,3.814e-17,,,,3.764e-18,2.970e-27,4.960e+0,,1.648e-25,1.485e-2,,,2.150e-21,1.356e-16,8.163e-19,1.680e-14,,1.088e-21,,1.598e-16,1.876e+0,,1.768e-19,6.890e-18,1.253e-17,,,,,1.675e-18,,,,,,,,,,,,,,
734.18,7.319e+0,2.595e-20,4.634e-24,3.300e-42,1.907e-17,,,1.275e-18,1.644e-19,,3.060e-1,1.185e-19,4.031e-29,1.762e-17,1.077e-19,1.693e-31,3.816e-17,,,,3.764e-18,2.345e-27,5.071e+0,,1.633e-25,1.642e-2,,,2.149e-21,1.356e-16,8.168e-19,1.437e-14,,1.088e-21,,1.598e-16,1.925e+0,,1.767e-19,6.890e-18,1.253e-17,,,,,1.676e-18,,,,,,,,,,,,,,
734.21,7.621e+0,2.598e-20,4.623e-24,3.290e-42,1.908e-17,,,1.275e-18,1.644e-19,,3.781e-1,1.187e-19,4.031e-29,1.762e-17,1.079e-19,1.694e-31,3.819e-17,,,,3.765e-18,1.640e-27,5.230e+0,,1.611e-25,1.904e-2,,,2.149e-21,1.357e-16,8.174e-19,1.134e-14,,1.088e-21,,1.598e-16,1.995e+0,,1.766e-19,6.890e-18,1.253e-17,,,,,1.676e-18,,,,,,,,,,,,,,
734.23,7.824e+0,2.600e-20,4.616e-24,3.284e-42,1.908e-17,,,1.275e-18,1.645e-19,,4.346e-1,1.189e-19,4.031e-29,1.762e-17,1.080e-19,1.694e-31,3.821e-17,,,,3.765e-18,1.290e-27,5.329e+0,,1.596e-25,2.098e-2,,,2.149e-21,1.357e-16,8.179e-19,9.669e-15,,1.088e-21,,1.598e-16,2.039e+0,,1.766e-19,6.890e-18,1.254e-17,,,,,1.676e-18,,,,,,,,,,,,,,
734.26,8.129e+0,2.603e-20,4.605e-24,3.274e-42,1.908e-17,,,1.275e-18,1.645e-19,,5.341e-1,1.190e-19,4.031e-29,1.762e-17,1.081e-19,1.694e-31,3.824e-17,,,,3.766e-18,8.980e-28,5.468e+0,,1.573e-25,2.419e-2,,,2.148e-21,1.358e-16,8.186e-19,7.590e-15,,1.088e-21,,1.599e-16,2.102e+0,,1.765e-19,6.890e-18,1.254e-17,,,,,1.677e-18,,,,,,,,,,,,,,
734.28,8.334e+0,2.605e-20,4.598e-24,3.267e-42,1.909e-17,,,1.275e-18,1.645e-19,,6.118e-1,1.192e-19,4.032e-29,1.762e-17,1.083e-19,1.694e-31,3.826e-17,,,,3.766e-18,7.039e-28,5.554e+0,,1.558e-25,2.656e-2,,,2.148e-21,1.359e-16,8.190e-19,6.447e-15,,1.089e-21,,1.599e-16,2.141e+0,,1.764e-19,6.890e-18,1.254e-17,,,,,1.677e-18,,,,,,,,,,,,,,
734.31,8.646e+0,2.608e-20,4.588e-24,3.257e-42,1.909e-17,,,1.274e-18,1.646e-19,,7.479e-1,1.193e-19,4.032e-29,1.762e-17,1.084e-19,1.694e-31,3.830e-17,,,,3.766e-18,4.872e-28,5.672e+0,,1.536e-25,3.047e-2,,,2.148e-21,1.359e-16,8.197e-19,5.034e-15,,1.089e-21,,1.599e-16,2.195e+0,,1.763e-19,6.890e-18,1.254e-17,,,,,1.677e-18,,,,,,,,,,,,,,
734.33,8.858e+0,2.610e-20,4.580e-24,3.251e-42,1.910e-17,,,1.274e-18,1.646e-19,,8.537e-1,1.195e-19,4.032e-29,1.762e-17,1.085e-19,1.694e-31,3.832e-17,,,,3.767e-18,3.805e-28,5.743e+0,,1.521e-25,3.333e-2,,,2.148e-21,1.360e-16,8.202e-19,4.262e-15,,1.089e-21,,1.599e-16,2.228e+0,,1.763e-19,6.890e-18,1.254e-17,,,,,1.677e-18,,,,,,,,,,,,,,
734.36,9.186e+0,2.613e-20,4.570e-24,3.241e-42,1.910e-17,,,1.274e-18,1.647e-19,,1.038e+0,1.197e-19,4.032e-29,1.762e-17,1.087e-19,1.694e-31,3.835e-17,,,,3.767e-18,2.620e-28,5.837e+0,,1.498e-25,3.804e-2,,,2.147e-21,1.361e-16,8.209e-19,3.310e-15,,1.089e-21,,1.600e-16,2.272e+0,,1.762e-19,6.890e-18,1.255e-17,,,,,1.678e-18,,,,,,,,,,,,,,
734.38,9.412e+0,2.615e-20,4.563e-24,3.234e-42,1.910e-17,,,1.274e-18,1.647e-19,,1.181e+0,1.198e-19,4.032e-29,1.762e-17,1.088e-19,1.694e-31,3.837e-17,,,,3.768e-18,2.039e-28,5.892e+0,,1.484e-25,4.147e-2,,,2.147e-21,1.361e-16,8.213e-19,2.792e-15,,1.089e-21,,1.600e-16,2.298e+0,,1.761e-19,6.890e-18,1.255e-17,,,,,1.678e-18,,,,,,,,,,,,,,
734.41,9.768e+0,2.618e-20,4.552e-24,3.224e-42,1.911e-17,,,1.274e-18,1.647e-19,,1.429e+0,1.200e-19,4.032e-29,1.762e-17,1.090e-19,1.694e-31,3.840e-17,,,,3.768e-18,1.396e-28,5.961e+0,,1.461e-25,4.707e-2,,,2.147e-21,1.362e-16,8.220e-19,2.158e-15,,1.090e-21,,1.600e-16,2.332e+0,,1.761e-19,6.890e-18,1.255e-17,,,,,1.678e-18,,,,,,,,,,,,,,
734.43,1.002e+1,2.620e-20,4.545e-24,3.217e-42,1.911e-17,,,1.274e-18,1.648e-19,,1.619e+0,1.201e-19,4.033e-29,1.762e-17,1.091e-19,1.694e-31,3.842e-17,,,,3.769e-18,1.083e-28,5.999e+0,,1.446e-25,5.113e-2,,,2.147e-21,1.363e-16,8.225e-19,1.814e-15,,1.090e-21,,1.600e-16,2.350e+0,,1.760e-19,6.890e-18,1.255e-17,,,,,1.679e-18,,,,,,,,,,,,,,
734.45,1.028e+1,2.622e-20,4.537e-24,3.211e-42,1.912e-17,,,1.274e-18,1.648e-19,,1.832e+0,1.202e-19,4.033e-29,1.762e-17,1.092e-19,1.694e-31,3.844e-17,,,,3.769e-18,8.383e-29,6.030e+0,,1.431e-25,5.546e-2,,,2.146e-21,1.363e-16,8.229e-19,1.522e-15,,1.090e-21,,1.600e-16,2.365e+0,,1.759e-19,6.890e-18,1.255e-17,,,,,1.679e-18,,,,,,,,,,,,,,
734.48,1.071e+1,2.625e-20,4.527e-24,3.201e-42,1.912e-17,,,1.274e-18,1.649e-19,,2.201e+0,1.204e-19,4.033e-29,1.762e-17,1.094e-19,1.694e-31,3.847e-17,,,,3.770e-18,5.697e-29,6.064e+0,,1.409e-25,6.249e-2,,,2.146e-21,1.364e-16,8.236e-19,1.168e-15,,1.090e-21,,1.601e-16,2.381e+0,,1.759e-19,6.890e-18,1.255e-17,,,,,1.679e-18,,,,,,,,,,,,,,
734.5,1.102e+1,2.627e-20,4.520e-24,3.194e-42,1.912e-17,,,1.274e-18,1.649e-19,,2.482e+0,1.205e-19,4.033e-29,1.762e-17,1.095e-19,1.694e-31,3.850e-17,,,,3.770e-18,4.396e-29,6.079e+0,,1.394e-25,6.754e-2,,,2.146e-21,1.364e-16,8.241e-19,9.767e-16,,1.090e-21,,1.601e-16,2.388e+0,,1.758e-19,6.890e-18,1.256e-17,,,,,1.679e-18,,,,,,,,,,,,,,
734.53,1.152e+1,2.630e-20,4.509e-24,3.184e-42,1.913e-17,,,1.274e-18,1.649e-19,,2.965e+0,1.207e-19,4.033e-29,1.762e-17,1.097e-19,1.694e-31,3.853e-17,,,,3.771e-18,2.972e-29,6.089e+0,,1.371e-25,7.570e-2,,,2.145e-21,1.365e-16,8.248e-19,7.452e-16,,1.091e-21,,1.601e-16,2.392e+0,,1.757e-19,6.890e-18,1.256e-17,,,,,1.680e-18,,,,,,,,,,,,,,
734.55,1.189e+1,2.632e-20,4.502e-24,3.178e-42,1.913e-17,,,1.274e-18,1.650e-19,,3.332e+0,1.208e-19,4.033e-29,1.762e-17,1.098e-19,1.694e-31,3.855e-17,,,,3.771e-18,2.285e-29,6.087e+0,,1.356e-25,8.153e-2,,,2.145e-21,1.366e-16,8.252e-19,6.211e-16,,1.091e-21,,1.601e-16,2.390e+0,,1.757e-19,6.890e-18,1.256e-17,,,,,1.680e-18,,,,,,,,,,,,,,
734.58,1.251e+1,2.635e-20,4.491e-24,3.168e-42,1.914e-17,,,1.274e-18,1.650e-19,,3.959e+0,1.210e-19,4.033e-29,1.762e-17,1.100e-19,1.694e-31,3.858e-17,,,,3.771e-18,1.536e-29,6.074e+0,,1.334e-25,9.090e-2,,,2.145e-21,1.367e-16,8.259e-19,4.714e-16,,1.091e-21,,1.602e-16,2.381e+0,,1.756e-19,6.890e-18,1.256e-17,,,,,1.680e-18,,,,,,,,,,,,,,
734.6,1.296e+1,2.637e-20,4.484e-24,3.161e-42,1.914e-17,,,1.274e-18,1.651e-19,,4.434e+0,1.211e-19,4.034e-29,1.761e-17,1.101e-19,1.694e-31,3.860e-17,,,,3.772e-18,1.177e-29,6.059e+0,,1.319e-25,9.756e-2,,,2.145e-21,1.367e-16,8.264e-19,3.916e-16,,1.091e-21,,1.602e-16,2.371e+0,,1.755e-19,6.890e-18,1.256e-17,,,,,1.681e-18,,,,,,,,,,,,,,
734.63,1.373e+1,2.640e-20,4.473e-24,3.151e-42,1.914e-17,,,1.274e-18,1.651e-19,,5.241e+0,1.213e-19,4.034e-29,1.761e-17,1.102e-19,1.694e-31,3.863e-17,,,,3.772e-18,7.870e-30,6.026e+0,,1.296e-25,1.082e-1,,,2.144e-21,1.368e-16,8.270e-19,2.956e-16,,1.091e-21,,1.602e-16,2.350e+0,,1.754e-19,6.890e-18,1.257e-17,,,,,1.681e-18,,,,,,,,,,,,,,
734.65,1.429e+1,2.642e-20,4.466e-24,3.144e-42,1.915e-17,,,1.274e-18,1.651e-19,,5.849e+0,1.215e-19,4.034e-29,1.761e-17,1.104e-19,1.694e-31,3.865e-17,,,,3.773e-18,6.008e-30,5.998e+0,,1.282e-25,1.157e-1,,,2.144e-21,1.368e-16,8.275e-19,2.447e-16,,1.092e-21,,1.602e-16,2.332e+0,,1.754e-19,6.890e-18,1.257e-17,,,,,1.681e-18,,,,,,,,,,,,,,
734.68,1.525e+1,2.645e-20,4.455e-24,3.134e-42,1.915e-17,,,1.274e-18,1.652e-19,,6.878e+0,1.216e-19,4.034e-29,1.761e-17,1.105e-19,1.694e-31,3.869e-17,,,,3.773e-18,3.996e-30,5.948e+0,,1.259e-25,1.276e-1,,,2.144e-21,1.369e-16,8.282e-19,1.838e-16,,1.092e-21,,1.602e-16,2.298e+0,,1.753e-19,6.890e-18,1.257e-17,,,,,1.682e-18,,,,,,,,,,,,,,
734.7,1.597e+1,2.647e-20,4.448e-24,3.128e-42,1.916e-17,,,1.274e-18,1.652e-19,,7.649e+0,1.218e-19,4.034e-29,1.761e-17,1.106e-19,1.695e-31,3.871e-17,,,,3.774e-18,3.040e-30,5.910e+0,,1.244e-25,1.360e-1,,,2.143e-21,1.370e-16,8.286e-19,1.516e-16,,1.092e-21,,1.603e-16,2.272e+0,,1.752e-19,6.890e-18,1.257e-17,,,,,1.682e-18,,,,,,,,,,,,,,
734.73,1.717e+1,2.650e-20,4.437e-24,3.118e-42,1.916e-17,,,1.274e-18,1.653e-19,,8.946e+0,1.219e-19,4.034e-29,1.761e-17,1.108e-19,1.695e-31,3.874e-17,,,,3.774e-18,2.011e-30,5.846e+0,,1.222e-25,1.492e-1,,,2.143e-21,1.370e-16,8.293e-19,1.132e-16,,1.092e-21,,1.603e-16,2.228e+0,,1.752e-19,6.890e-18,1.257e-17,,,,,1.682e-18,,,,,,,,,,,,,,
734.75,1.807e+1,2.652e-20,4.430e-24,3.111e-42,1.916e-17,,,1.273e-18,1.653e-19,,9.914e+0,1.221e-19,4.034e-29,1.761e-17,1.109e-19,1.695e-31,3.876e-17,,,,3.775e-18,1.524e-30,5.801e+0,,1.207e-25,1.585e-1,,,2.143e-21,1.371e-16,8.298e-19,9.306e-17,,1.092e-21,,1.603e-16,2.195e+0,,1.751e-19,6.890e-18,1.257e-17,,,,,1.683e-18,,,,,,,,,,,,,,
734.78,1.958e+1,2.655e-20,4.419e-24,3.101e-42,1.917e-17,,,1.273e-18,1.653e-19,,1.153e+1,1.223e-19,4.035e-29,1.761e-17,1.111e-19,1.695e-31,3.879e-17,,,,3.775e-18,1.003e-30,5.728e+0,,1.184e-25,1.730e-1,,,2.142e-21,1.372e-16,8.305e-19,6.915e-17,,1.093e-21,,1.603e-16,2.141e+0,,1.750e-19,6.890e-18,1.258e-17,,,,,1.683e-18,,,,,,,,,,,,,,
734.8,2.070e+1,2.657e-20,4.412e-24,3.095e-42,1.917e-17,,,1.273e-18,1.654e-19,,1.274e+1,1.224e-19,4.035e-29,1.761e-17,1.112e-19,1.695e-31,3.881e-17,,,,3.776e-18,7.575e-31,5.678e+0,,1.169e-25,1.830e-1,,,2.142e-21,1.372e-16,8.309e-19,5.663e-17,,1.093e-21,,1.604e-16,2.102e+0,,1.750e-19,6.890e-18,1.258e-17,,,,,1.683e-18,,,,,,,,,,,,,,
734.82,2.193e+1,2.659e-20,4.405e-24,3.088e-42,1.918e-17,,,1.273e-18,1.654e-19,,1.405e+1,1.225e-19,4.035e-29,1.761e-17,1.113e-19,1.695e-31,3.883e-17,,,,3.776e-18,5.712e-31,5.627e+0,,1.154e-25,1.934e-1,,,2.142e-21,1.373e-16,8.314e-19,4.632e-17,,1.093e-21,,1.604e-16,2.061e+0,,1.749e-19,6.890e-18,1.258e-17,,,,,1.683e-18,,,,,,,,,,,,,,
734.85,2.398e+1,2.662e-20,4.394e-24,3.078e-42,1.918e-17,,,1.273e-18,1.655e-19,,1.622e+1,1.227e-19,4.035e-29,1.761e-17,1.115e-19,1.695e-31,3.886e-17,,,,3.776e-18,3.731e-31,5.550e+0,,1.132e-25,2.096e-1,,,2.142e-21,1.374e-16,8.321e-19,3.416e-17,,1.093e-21,,1.604e-16,1.995e+0,,1.748e-19,6.890e-18,1.258e-17,,,,,1.684e-18,,,,,,,,,,,,,,
734.87,2.549e+1,2.664e-20,4.387e-24,3.071e-42,1.918e-17,,,1.273e-18,1.655e-19,,1.783e+1,1.228e-19,4.035e-29,1.761e-17,1.116e-19,1.695e-31,3.889e-17,,,,3.777e-18,2.803e-31,5.498e+0,,1.117e-25,2.207e-1,,,2.141e-21,1.374e-16,8.325e-19,2.784e-17,,1.093e-21,,1.604e-16,1.949e+0,,1.748e-19,6.890e-18,1.258e-17,,,,,1.684e-18,,,,,,,,,,,,,,
734.9,2.802e+1,2.667e-20,4.377e-24,3.061e-42,1.919e-17,,,1.273e-18,1.655e-19,,2.048e+1,1.230e-19,4.035e-29,1.761e-17,1.118e-19,1.695e-31,3.892e-17,,,,3.777e-18,1.821e-31,5.422e+0,,1.094e-25,2.378e-1,,,2.141e-21,1.375e-16,8.332e-19,2.043e-17,,1.094e-21,,1.604e-16,1.876e+0,,1.747e-19,6.890e-18,1.259e-17,,,,,1.684e-18,,,,,,,,,,,,,,
734.92,2.988e+1,2.669e-20,4.369e-24,3.055e-42,1.919e-17,,,1.273e-18,1.656e-19,,2.243e+1,1.231e-19,4.036e-29,1.761e-17,1.119e-19,1.695e-31,3.894e-17,,,,3.778e-18,1.364e-31,5.373e+0,,1.079e-25,2.495e-1,,,2.141e-21,1.375e-16,8.337e-19,1.659e-17,,1.094e-21,,1.605e-16,1.827e+0,,1.746e-19,6.890e-18,1.259e-17,,,,,1.685e-18,,,,,,,,,,,,,,
734.95,3.295e+1,2.672e-20,4.359e-24,3.045e-42,1.920e-17,,,1.273e-18,1.656e-19,,2.563e+1,1.233e-19,4.036e-29,1.761e-17,1.121e-19,1.695e-31,3.897e-17,,,,3.778e-18,8.811e-32,5.304e+0,,1.057e-25,2.674e-1,,,2.140e-21,1.376e-16,8.344e-19,1.211e-17,,1.094e-21,,1.605e-16,1.750e+0,,1.745e-19,6.890e-18,1.259e-17,,,,,1.685e-18,,,,,,,,,,,,,,
734.97,3.520e+1,2.674e-20,4.352e-24,3.038e-42,1.920e-17,,,1.273e-18,1.657e-19,,2.796e+1,1.234e-19,4.036e-29,1.761e-17,1.122e-19,1.695e-31,3.899e-17,,,,3.779e-18,6.573e-32,5.260e+0,,1.042e-25,2.796e-1,,,2.140e-21,1.377e-16,8.348e-19,9.799e-18,,1.094e-21,,1.605e-16,1.697e+0,,1.745e-19,6.890e-18,1.259e-17,,,,,1.685e-18,,,,,,,,,,,,,,
735,3.891e+1,2.677e-20,4.341e-24,3.028e-42,1.920e-17,,,1.273e-18,1.657e-19,,3.179e+1,1.236e-19,4.036e-29,1.761e-17,1.124e-19,1.695e-31,3.902e-17,,,,3.779e-18,4.225e-32,5.200e+0,,1.020e-25,2.982e-1,,,2.140e-21,1.377e-16,8.355e-19,7.114e-18,,1.094e-21,,1.605e-16,1.617e+0,,1.744e-19,6.890e-18,1.259e-17,,,,,1.686e-18,,,,,,,,,,,,,,
735.02,4.160e+1,2.679e-20,4.334e-24,3.022e-42,1.921e-17,,,1.273e-18,1.657e-19,,3.457e+1,1.237e-19,4.036e-29,1.761e-17,1.125e-19,1.695e-31,3.904e-17,,,,3.780e-18,3.141e-32,5.164e+0,,1.005e-25,3.106e-1,,,2.140e-21,1.378e-16,8.360e-19,5.736e-18,,1.095e-21,,1.606e-16,1.563e+0,,1.743e-19,6.890e-18,1.259e-17,,,,,1.686e-18,,,,,,,,,,,,,,
735.05,4.602e+1,2.682e-20,4.323e-24,3.012e-42,1.921e-17,,,1.273e-18,1.658e-19,,3.909e+1,1.239e-19,4.036e-29,1.761e-17,1.126e-19,1.695e-31,3.908e-17,,,,3.780e-18,2.008e-32,5.117e+0,,9.822e-26,3.295e-1,,,2.139e-21,1.379e-16,8.366e-19,4.143e-18,,1.095e-21,,1.606e-16,1.481e+0,,1.743e-19,6.890e-18,1.260e-17,,,,,1.686e-18,,,,,,,,,,,,,,
735.07,4.921e+1,2.684e-20,4.316e-24,3.005e-42,1.922e-17,,,1.273e-18,1.658e-19,,4.236e+1,1.241e-19,4.036e-29,1.761e-17,1.128e-19,1.695e-31,3.910e-17,,,,3.780e-18,1.487e-32,5.091e+0,,9.672e-26,3.421e-1,,,2.139e-21,1.379e-16,8.371e-19,3.329e-18,,1.095e-21,,1.606e-16,1.426e+0,,1.742e-19,6.890e-18,1.260e-17,,,,,1.686e-18,,,,,,,,,,,,,,
735.1,5.441e+1,2.687e-20,4.305e-24,2.995e-42,1.922e-17,,,1.273e-18,1.659e-19,,4.765e+1,1.242e-19,4.037e-29,1.761e-17,1.129e-19,1.695e-31,3.913e-17,,,,3.781e-18,9.455e-33,5.060e+0,,9.448e-26,3.609e-1,,,2.139e-21,1.380e-16,8.378e-19,2.391e-18,,1.095e-21,,1.606e-16,1.345e+0,,1.741e-19,6.890e-18,1.260e-17,,,,,1.687e-18,,,,,,,,,,,,,,
735.12,5.815e+1,2.689e-20,4.298e-24,2.988e-42,1.922e-17,,,1.273e-18,1.659e-19,,5.144e+1,1.244e-19,4.037e-29,1.761e-17,1.130e-19,1.695e-31,3.915e-17,,,,3.781e-18,6.979e-33,5.044e+0,,9.298e-26,3.733e-1,,,2.139e-21,1.381e-16,8.382e-19,1.915e-18,,1.095e-21,,1.606e-16,1.290e+0,,1.741e-19,6.890e-18,1.260e-17,,,,,1.687e-18,,,,,,,,,,,,,,
735.15,6.420e+1,2.692e-20,4.287e-24,2.978e-42,1.923e-17,,,1.273e-18,1.660e-19,,5.756e+1,1.245e-19,4.037e-29,1.761e-17,1.132e-19,1.695e-31,3.918e-17,,,,3.782e-18,4.413e-33,5.031e+0,,9.074e-26,3.918e-1,,,2.138e-21,1.381e-16,8.389e-19,1.368e-18,,1.096e-21,,1.607e-16,1.210e+0,,1.740e-19,6.890e-18,1.260e-17,,,,,1.687e-18,,,,,,,,,,,,,,
735.17,6.853e+1,2.694e-20,4.280e-24,2.972e-42,1.923e-17,,,1.272e-18,1.660e-19,,6.194e+1,1.247e-19,4.037e-29,1.761e-17,1.133e-19,1.696e-31,3.920e-17,,,,3.782e-18,3.246e-33,5.028e+0,,8.924e-26,4.039e-1,,,2.138e-21,1.382e-16,8.394e-19,1.092e-18,,1.096e-21,,1.607e-16,1.157e+0,,1.739e-19,6.890e-18,1.260e-17,,,,,1.688e-18,,,,,,,,,,,,,,
735.19,7.310e+1,2.696e-20,4.273e-24,2.965e-42,1.924e-17,,,1.272e-18,1.660e-19,,6.655e+1,1.248e-19,4.037e-29,1.761e-17,1.134e-19,1.696e-31,3.922e-17,,,,3.783e-18,2.384e-33,5.030e+0,,8.775e-26,4.158e-1,,,2.138e-21,1.382e-16,8.398e-19,8.698e-19,,1.096e-21,,1.607e-16,1.105e+0,,1.739e-19,6.890e-18,1.261e-17,,,,,1.688e-18,,,,,,,,,,,,,,
735.22,8.042e+1,2.699e-20,4.262e-24,2.955e-42,1.924e-17,,,1.272e-18,1.661e-19,,7.392e+1,1.250e-19,4.037e-29,1.761e-17,1.136e-19,1.696e-31,3.926e-17,,,,3.783e-18,1.496e-33,5.043e+0,,8.550e-26,4.331e-1,,,2.137e-21,1.383e-16,8.405e-19,6.169e-19,,1.096e-21,,1.607e-16,1.028e+0,,1.738e-19,6.890e-18,1.261e-17,,,,,1.688e-18,,,,,,,,,,,,,,
735.24,8.562e+1,2.701e-20,4.255e-24,2.949e-42,1.924e-17,,,1.272e-18,1.661e-19,,7.914e+1,1.251e-19,4.037e-29,1.761e-17,1.137e-19,1.696e-31,3.928e-17,,,,3.784e-18,1.095e-33,5.058e+0,,8.400e-26,4.443e-1,,,2.137e-21,1.384e-16,8.410e-19,4.898e-19,,1.096e-21,,1.607e-16,9.787e-1,,1.737e-19,6.890e-18,1.261e-17,,,,,1.688e-18,,,,,,,,,,,,,,
735.27,9.390e+1,2.704e-20,4.244e-24,2.939e-42,1.925e-17,,,1.272e-18,1.661e-19,,8.744e+1,1.253e-19,4.038e-29,1.761e-17,1.139e-19,1.696e-31,3.931e-17,,,,3.784e-18,6.836e-34,5.090e+0,,8.176e-26,4.603e-1,,,2.137e-21,1.385e-16,8.417e-19,3.456e-19,,1.097e-21,,1.608e-16,9.060e-1,,1.736e-19,6.890e-18,1.261e-17,,,,,1.689e-18,,,,,,,,,,,,,,
735.29,9.974e+1,2.706e-20,4.237e-24,2.932e-42,1.925e-17,,,1.272e-18,1.662e-19,,9.329e+1,1.254e-19,4.038e-29,1.761e-17,1.140e-19,1.696e-31,3.933e-17,,,,3.785e-18,4.984e-34,5.117e+0,,8.026e-26,4.705e-1,,,2.137e-21,1.385e-16,8.421e-19,2.734e-19,,1.097e-21,,1.608e-16,8.591e-1,,1.736e-19,6.890e-18,1.261e-17,,,,,1.689e-18,,,,,,,,,,,,,,
735.32,1.090e+2,2.709e-20,4.226e-24,2.922e-42,1.926e-17,,,1.272e-18,1.662e-19,,1.025e+2,1.256e-19,4.038e-29,1.761e-17,1.142e-19,1.696e-31,3.936e-17,,,,3.785e-18,3.095e-34,5.167e+0,,7.802e-26,4.850e-1,,,2.136e-21,1.386e-16,8.428e-19,1.919e-19,,1.097e-21,,1.608e-16,7.911e-1,,1.735e-19,6.890e-18,1.262e-17,,,,,1.689e-18,,,,,,,,,,,,,,
735.34,1.155e+2,2.711e-20,4.219e-24,2.915e-42,1.926e-17,,,1.272e-18,1.663e-19,,1.090e+2,1.257e-19,4.038e-29,1.761e-17,1.143e-19,1.696e-31,3.938e-17,,,,3.785e-18,2.249e-34,5.206e+0,,7.652e-26,4.940e-1,,,2.136e-21,1.386e-16,8.433e-19,1.512e-19,,1.097e-21,,1.608e-16,7.475e-1,,1.734e-19,6.890e-18,1.262e-17,,,,,1.690e-18,,,,,,,,,,,,,,
735.37,1.256e+2,2.714e-20,4.208e-24,2.905e-42,1.927e-17,,,1.272e-18,1.663e-19,,1.192e+2,1.259e-19,4.038e-29,1.761e-17,1.145e-19,1.696e-31,3.941e-17,,,,3.786e-18,1.389e-34,5.272e+0,,7.428e-26,5.064e-1,,,2.136e-21,1.387e-16,8.440e-19,1.056e-19,,1.098e-21,,1.609e-16,6.847e-1,,1.733e-19,6.890e-18,1.262e-17,,,,,1.690e-18,,,,,,,,,,,,,,
735.39,1.327e+2,2.716e-20,4.201e-24,2.899e-42,1.927e-17,,,1.272e-18,1.663e-19,,1.263e+2,1.260e-19,4.038e-29,1.761e-17,1.146e-19,1.696e-31,3.943e-17,,,,3.786e-18,1.006e-34,5.321e+0,,7.278e-26,5.140e-1,,,2.135e-21,1.388e-16,8.444e-19,8.294e-20,,1.098e-21,,1.609e-16,6.447e-1,,1.733e-19,6.890e-18,1.262e-17,,,,,1.690e-18,,,,,,,,,,,,,,
735.42,1.438e+2,2.719e-20,4.191e-24,2.889e-42,1.927e-17,,,1.272e-18,1.664e-19,,1.373e+2,1.262e-19,4.039e-29,1.760e-17,1.147e-19,1.696e-31,3.947e-17,,,,3.787e-18,6.177e-35,5.401e+0,,7.054e-26,5.242e-1,,,2.135e-21,1.388e-16,8.451e-19,5.759e-20,,1.098e-21,,1.609e-16,5.874e-1,,1.732e-19,6.889e-18,1.262e-17,,,,,1.691e-18,,,,,,,,,,,,,,
735.44,1.515e+2,2.721e-20,4.183e-24,2.882e-42,1.928e-17,,,1.272e-18,1.664e-19,,1.450e+2,1.263e-19,4.039e-29,1.760e-17,1.149e-19,1.696e-31,3.949e-17,,,,3.787e-18,4.456e-35,5.459e+0,,6.904e-26,5.302e-1,,,2.135e-21,1.389e-16,8.456e-19,4.508e-20,,1.098e-21,,1.609e-16,5.511e-1,,1.731e-19,6.889e-18,1.262e-17,,,,,1.691e-18,,,,,,,,,,,,,,
735.47,1.634e+2,2.724e-20,4.173e-24,2.872e-42,1.928e-17,,,1.272e-18,1.665e-19,,1.568e+2,1.265e-19,4.039e-29,1.760e-17,1.150e-19,1.696e-31,3.952e-17,,,,3.788e-18,2.723e-35,5.551e+0,,6.679e-26,5.378e-1,,,2.134e-21,1.390e-16,8.462e-19,3.114e-20,,1.098e-21,,1.610e-16,4.994e-1,,1.731e-19,6.889e-18,1.263e-17,,,,,1.691e-18,,,,,,,,,,,,,,
735.49,1.716e+2,2.726e-20,4.166e-24,2.866e-42,1.929e-17,,,1.272e-18,1.665e-19,,1.650e+2,1.266e-19,4.039e-29,1.760e-17,1.151e-19,1.696e-31,3.954e-17,,,,3.788e-18,1.957e-35,5.615e+0,,6.530e-26,5.420e-1,,,2.134e-21,1.390e-16,8.467e-19,2.429e-20,,1.099e-21,,1.610e-16,4.669e-1,,1.730e-19,6.889e-18,1.263e-17,,,,,1.692e-18,,,,,,,,,,,,,,
735.52,1.842e+2,2.729e-20,4.155e-24,2.856e-42,1.929e-17,,,1.272e-18,1.666e-19,,1.776e+2,1.268e-19,4.039e-29,1.760e-17,1.153e-19,1.696e-31,3.957e-17,,,,3.789e-18,1.189e-35,5.715e+0,,6.305e-26,5.469e-1,,,2.134e-21,1.391e-16,8.474e-19,1.669e-20,,1.099e-21,,1.610e-16,4.209e-1,,1.729e-19,6.889e-18,1.263e-17,,,,,1.692e-18,,,,,,,,,,,,,,
735.54,1.929e+2,2.731e-20,4.148e-24,2.849e-42,1.929e-17,,,1.272e-18,1.666e-19,,1.861e+2,1.270e-19,4.039e-29,1.760e-17,1.154e-19,1.696e-31,3.959e-17,,,,3.789e-18,8.519e-36,5.783e+0,,6.156e-26,5.492e-1,,,2.134e-21,1.392e-16,8.478e-19,1.297e-20,,1.099e-21,,1.610e-16,3.921e-1,,1.729e-19,6.889e-18,1.263e-17,,,,,1.692e-18,,,,,,,,,,,,,,
735.57,2.061e+2,2.734e-20,4.137e-24,2.839e-42,1.930e-17,,,1.272e-18,1.666e-19,,1.993e+2,1.271e-19,4.040e-29,1.760e-17,1.156e-19,1.696e-31,3.962e-17,,,,3.790e-18,5.150e-36,5.888e+0,,5.931e-26,5.513e-1,,,2.133e-21,1.392e-16,8.485e-19,8.864e-21,,1.099e-21,,1.610e-16,3.516e-1,,1.728e-19,6.889e-18,1.263e-17,,,,,1.692e-18,,,,,,,,,,,,,,
735.59,2.150e+2,2.736e-20,4.130e-24,2.832e-42,1.930e-17,,,1.272e-18,1.667e-19,,2.082e+2,1.273e-19,4.040e-29,1.760e-17,1.157e-19,1.696e-31,3.965e-17,,,,3.790e-18,3.675e-36,5.958e+0,,5.782e-26,5.517e-1,,,2.133e-21,1.393e-16,8.490e-19,6.865e-21,,1.099e-21,,1.611e-16,3.264e-1,,1.727e-19,6.889e-18,1.264e-17,,,,,1.693e-18,,,,,,,,,,,,,,
735.61,2.240e+2,2.738e-20,4.123e-24,2.826e-42,1.930e-17,,,1.271e-18,1.667e-19,,2.172e+2,1.274e-19,4.040e-29,1.760e-17,1.158e-19,1.696e-31,3.967e-17,,,,3.790e-18,2.619e-36,6.029e+0,,5.632e-26,5.513e-1,,,2.133e-21,1.393e-16,8.494e-19,5.309e-21,,1.099e-21,,1.611e-16,3.026e-1,,1.727e-19,6.889e-18,1.264e-17,,,,,1.693e-18,,,,,,,,,,,,,,
735.64,2.377e+2,2.741e-20,4.112e-24,2.816e-42,1.931e-17,,,1.271e-18,1.667e-19,,2.308e+2,1.276e-19,4.040e-29,1.760e-17,1.160e-19,1.696e-31,3.970e-17,,,,3.791e-18,2.619e-36,6.135e+0,,5.407e-26,5.492e-1,,,2.132e-21,1.394e-16,8.501e-19,3.602e-21,,1.100e-21,,1.611e-16,2.694e-1,,1.726e-19,6.889e-18,1.264e-17,,,,,1.693e-18,,,,,,,,,,,,,,
735.66,2.469e+2,2.743e-20,4.105e-24,2.809e-42,1.931e-17,,,1.271e-18,1.668e-19,,2.399e+2,1.277e-19,4.040e-29,1.760e-17,1.161e-19,1.697e-31,3.972e-17,,,,3.791e-18,2.620e-36,6.204e+0,,5.258e-26,5.469e-1,,,2.132e-21,1.395e-16,8.506e-19,2.776e-21,,1.100e-21,,1.611e-16,2.488e-1,,1.725e-19,6.889e-18,1.264e-17,,,,,1.694e-18,,,,,,,,,,,,,,
735.69,2.606e+2,2.746e-20,4.094e-24,2.799e-42,1.932e-17,,,1.271e-18,1.668e-19,,2.536e+2,1.279e-19,4.040e-29,1.760e-17,1.163e-19,1.697e-31,3.975e-17,,,,3.792e-18,2.620e-36,6.306e+0,,5.033e-26,5.420e-1,,,2.132e-21,1.395e-16,8.513e-19,1.873e-21,,1.100e-21,,1.612e-16,2.204e-1,,1.724e-19,6.889e-18,1.264e-17,,,,,1.694e-18,,,,,,,,,,,,,,
735.71,2.698e+2,2.748e-20,4.087e-24,2.793e-42,1.932e-17,,,1.271e-18,1.669e-19,,2.626e+2,1.280e-19,4.040e-29,1.760e-17,1.164e-19,1.697e-31,3.977e-17,,,,3.792e-18,2.620e-36,6.372e+0,,4.884e-26,5.378e-1,,,2.132e-21,1.396e-16,8.517e-19,1.438e-21,,1.100e-21,,1.612e-16,2.029e-1,,1.724e-19,6.889e-18,1.264e-17,,,,,1.694e-18,,,,,,,,,,,,,,
735.74,2.833e+2,2.751e-20,4.076e-24,2.783e-42,1.933e-17,,,1.271e-18,1.669e-19,,2.762e+2,1.282e-19,4.041e-29,1.760e-17,1.166e-19,1.697e-31,3.980e-17,,,,3.793e-18,2.620e-36,6.467e+0,,4.659e-26,5.302e-1,,,2.131e-21,1.397e-16,8.524e-19,9.653e-22,,1.101e-21,,1.612e-16,1.788e-1,,1.723e-19,6.889e-18,1.265e-17,,,,,1.695e-18,,,,,,,,,,,,,,
735.76,2.923e+2,2.753e-20,4.069e-24,2.776e-42,1.933e-17,,,1.271e-18,1.669e-19,,2.851e+2,1.283e-19,4.041e-29,1.760e-17,1.167e-19,1.697e-31,3.982e-17,,,,3.793e-18,2.620e-36,6.527e+0,,4.510e-26,5.242e-1,,,2.131e-21,1.397e-16,8.529e-19,7.386e-22,,1.101e-21,,1.612e-16,1.640e-1,,1.722e-19,6.889e-18,1.265e-17,,,,,1.695e-18,,,,,,,,,,,,,,
735.79,3.054e+2,2.756e-20,4.058e-24,2.766e-42,1.933e-17,,,1.271e-18,1.670e-19,,2.982e+2,1.285e-19,4.041e-29,1.760e-17,1.169e-19,1.697e-31,3.986e-17,,,,3.794e-18,2.621e-36,6.612e+0,,4.285e-26,5.140e-1,,,2.131e-21,1.398e-16,8.536e-19,4.931e-22,,1.101e-21,,1.612e-16,1.438e-1,,1.722e-19,6.889e-18,1.265e-17,,,,,1.695e-18,,,,,,,,,,,,,,
735.81,3.140e+2,2.758e-20,4.051e-24,2.759e-42,1.934e-17,,,1.271e-18,1.670e-19,,3.067e+2,1.286e-19,4.041e-29,1.760e-17,1.170e-19,1.697e-31,3.988e-17,,,,3.794e-18,2.621e-36,6.665e+0,,4.135e-26,5.064e-1,,,2.131e-21,1.399e-16,8.540e-19,3.760e-22,,1.101e-21,,1.613e-16,1.315e-1,,1.721e-19,6.889e-18,1.265e-17,,,,,1.695e-18,,,,,,,,,,,,,,
735.84,3.265e+2,2.761e-20,4.040e-24,2.749e-42,1.934e-17,,,1.271e-18,1.671e-19,,3.191e+2,1.288e-19,4.041e-29,1.760e-17,1.171e-19,1.697e-31,3.991e-17,,,,3.795e-18,2.621e-36,6.737e+0,,3.911e-26,4.940e-1,,,2.130e-21,1.399e-16,8.547e-19,2.497e-22,,1.101e-21,,1.613e-16,1.148e-1,,1.720e-19,6.889e-18,1.265e-17,,,,,1.696e-18,,,,,,,,,,,,,,
735.86,3.345e+2,2.763e-20,4.033e-24,2.743e-42,1.935e-17,,,1.271e-18,1.671e-19,,3.271e+2,1.289e-19,4.041e-29,1.760e-17,1.173e-19,1.697e-31,3.993e-17,,,,3.795e-18,2.621e-36,6.780e+0,,3.761e-26,4.850e-1,,,2.130e-21,1.400e-16,8.552e-19,1.897e-22,,1.102e-21,,1.613e-16,1.047e-1,,1.720e-19,6.889e-18,1.266e-17,,,,,1.696e-18,,,,,,,,,,,,,,
735.89,3.459e+2,2.766e-20,4.022e-24,2.733e-42,1.935e-17,,,1.271e-18,1.672e-19,,3.385e+2,1.291e-19,4.041e-29,1.760e-17,1.174e-19,1.697e-31,3.996e-17,,,,3.796e-18,2.622e-36,6.837e+0,,3.537e-26,4.705e-1,,,2.130e-21,1.401e-16,8.558e-19,1.253e-22,,1.102e-21,,1.613e-16,9.106e-2,,1.719e-19,6.889e-18,1.266e-17,,,,,1.696e-18,,,,,,,,,,,,,,
735.91,3.532e+2,2.768e-20,4.015e-24,2.726e-42,1.935e-17,,,1.271e-18,1.672e-19,,3.458e+2,1.292e-19,4.042e-29,1.760e-17,1.175e-19,1.697e-31,3.998e-17,,,,3.796e-18,2.622e-36,6.869e+0,,3.387e-26,4.603e-1,,,2.129e-21,1.401e-16,8.563e-19,9.488e-23,,1.102e-21,,1.614e-16,8.287e-2,,1.718e-19,6.889e-18,1.266e-17,,,,,1.697e-18,,,,,,,,,,,,,,
735.94,3.634e+2,2.771e-20,4.005e-24,2.716e-42,1.936e-17,,,1.271e-18,1.672e-19,,3.560e+2,1.294e-19,4.042e-29,1.760e-17,1.177e-19,1.697e-31,4.001e-17,,,,3.796e-18,2.622e-36,6.909e+0,,3.163e-26,4.443e-1,,,2.129e-21,1.402e-16,8.570e-19,6.234e-23,,1.102e-21,,1.614e-16,7.186e-2,,1.717e-19,6.889e-18,1.266e-17,,,,,1.697e-18,,,,,,,,,,,,,,
735.96,3.698e+2,2.773e-20,3.997e-24,2.710e-42,1.936e-17,,,1.271e-18,1.673e-19,,3.623e+2,1.296e-19,4.042e-29,1.760e-17,1.178e-19,1.697e-31,4.004e-17,,,,3.797e-18,2.622e-36,6.930e+0,,3.013e-26,4.331e-1,,,2.129e-21,1.402e-16,8.574e-19,4.703e-23,,1.102e-21,,1.614e-16,6.532e-2,,1.717e-19,6.889e-18,1.266e-17,,,,,1.697e-18,,,,,,,,,,,,,,
735.98,3.757e+2,2.775e-20,3.990e-24,2.703e-42,1.937e-17,,,1.271e-18,1.673e-19,,3.683e+2,1.297e-19,4.042e-29,1.760e-17,1.179e-19,1.697e-31,4.006e-17,,,,3.797e-18,2.622e-36,6.945e+0,,2.863e-26,4.216e-1,,,2.129e-21,1.403e-16,8.579e-19,3.543e-23,,1.103e-21,,1.614e-16,5.937e-2,,1.716e-19,6.889e-18,1.266e-17,,,,,1.697e-18,,,,,,,,,,,,,,
736.01,3.838e+2,2.778e-20,3.980e-24,2.693e-42,1.937e-17,,,1.271e-18,1.673e-19,,3.764e+2,1.299e-19,4.042e-29,1.760e-17,1.181e-19,1.697e-31,4.009e-17,,,,3.798e-18,2.623e-36,6.958e+0,,2.639e-26,4.039e-1,,,2.128e-21,1.404e-16,8.586e-19,2.310e-23,,1.103e-21,,1.614e-16,5.149e-2,,1.715e-19,6.889e-18,1.267e-17,,,,,1.698e-18,,,,,,,,,,,,,,
736.03,3.886e+2,2.780e-20,3.972e-24,2.686e-42,1.937e-17,,,1.270e-18,1.674e-19,,3.812e+2,1.300e-19,4.042e-29,1.760e-17,1.182e-19,1.697e-31,4.011e-17,,,,3.798e-18,2.623e-36,6.960e+0,,3.685e-26,3.918e-1,,,2.128e-21,1.404e-16,8.590e-19,1.734e-23,,1.103e-21,,1.615e-16,4.688e-2,,1.715e-19,6.889e-18,1.267e-17,,,,,1.698e-18,,,,,,,,,,,,,,
736.06,3.949e+2,2.783e-20,3.962e-24,2.676e-42,1.938e-17,,,1.270e-18,1.674e-19,,3.875e+2,1.302e-19,4.043e-29,1.760e-17,1.184e-19,2.805e-31,4.014e-17,,,,3.799e-18,2.623e-36,6.954e+0,,6.065e-26,3.733e-1,,,2.128e-21,1.405e-16,8.597e-19,1.125e-23,,1.103e-21,,1.615e-16,4.087e-2,,1.714e-19,6.889e-18,1.267e-17,,,,,1.698e-18,,,,,,,,,,,,,,
736.08,3.985e+2,2.785e-20,3.955e-24,2.670e-42,1.938e-17,,,1.270e-18,1.675e-19,,3.911e+2,1.303e-19,4.043e-29,1.760e-17,1.185e-19,3.914e-31,4.016e-17,,,,3.799e-18,2.623e-36,6.942e+0,,8.440e-26,3.609e-1,,,2.127e-21,1.406e-16,8.602e-19,8.416e-24,,1.103e-21,,1.615e-16,3.742e-2,,1.713e-19,6.889e-18,1.267e-17,,,,,1.699e-18,,,,,,,,,,,,,,
736.11,4.028e+2,2.788e-20,3.944e-24,2.660e-42,1.939e-17,,,1.270e-18,1.675e-19,,3.955e+2,1.305e-19,4.043e-29,1.760e-17,1.187e-19,6.436e-31,4.019e-17,,,,3.800e-18,2.624e-36,6.915e+0,,1.382e-25,3.421e-1,,,2.127e-21,1.406e-16,8.609e-19,5.430e-24,,1.104e-21,,1.615e-16,3.302e-2,,1.713e-19,6.889e-18,1.267e-17,,,,,1.699e-18,,,,,,,,,,,,,,
736.13,4.051e+2,2.790e-20,3.937e-24,2.653e-42,1.939e-17,,,1.270e-18,1.675e-19,,3.978e+2,1.306e-19,4.043e-29,1.760e-17,1.188e-19,8.949e-31,4.021e-17,,,,3.800e-18,2.624e-36,6.889e+0,,1.916e-25,3.295e-1,,,2.127e-21,1.407e-16,8.613e-19,4.048e-24,,1.104e-21,,1.615e-16,3.058e-2,,1.712e-19,6.889e-18,1.268e-17,,,,,1.699e-18,,,,,,,,,,,,,,
736.16,4.073e+2,2.793e-20,3.926e-24,2.643e-42,1.939e-17,,,1.270e-18,1.676e-19,,4.002e+2,1.308e-19,4.043e-29,1.760e-17,1.190e-19,1.464e-30,4.025e-17,,,,3.801e-18,2.624e-36,6.841e+0,,3.121e-25,3.106e-1,,,2.126e-21,1.408e-16,8.620e-19,2.598e-24,,1.104e-21,,1.616e-16,2.761e-2,,1.711e-19,6.889e-18,1.268e-17,,,,,1.700e-18,,,,,,,,,,,,,,
736.18,4.082e+2,2.795e-20,3.919e-24,2.637e-42,1.940e-17,,,1.270e-18,1.676e-19,,4.010e+2,1.309e-19,4.043e-29,1.760e-17,1.191e-19,2.028e-30,4.027e-17,,,,3.801e-18,2.624e-36,6.802e+0,,4.314e-25,2.982e-1,,,2.126e-21,1.408e-16,8.625e-19,1.929e-24,,1.104e-21,,1.616e-16,2.606e-2,,1.711e-19,6.889e-18,1.268e-17,,,,,1.700e-18,,,,,,,,,,,,,,
736.21,4.083e+2,2.798e-20,3.908e-24,2.627e-42,1.940e-17,,,1.270e-18,1.677e-19,,4.013e+2,1.311e-19,4.043e-29,1.759e-17,1.192e-19,3.300e-30,4.030e-17,,,,3.801e-18,2.625e-36,6.733e+0,,6.989e-25,2.796e-1,,,2.126e-21,1.409e-16,8.631e-19,1.232e-24,,1.104e-21,,1.616e-16,2.437e-2,,1.710e-19,6.889e-18,1.268e-17,,,,,1.700e-18,,,,,,,,,,,,,,
736.23,4.078e+2,2.800e-20,3.901e-24,2.620e-42,1.941e-17,,,1.270e-18,1.677e-19,,4.008e+2,1.312e-19,4.044e-29,1.759e-17,1.194e-19,4.557e-30,4.032e-17,,,,3.802e-18,2.625e-36,6.680e+0,,9.625e-25,2.674e-1,,,2.126e-21,1.410e-16,8.636e-19,9.116e-25,,1.105e-21,,1.616e-16,2.364e-2,,1.709e-19,6.889e-18,1.268e-17,,,,,1.701e-18,,,,,,,,,,,,,,
736.26,4.058e+2,2.803e-20,3.890e-24,2.610e-42,1.941e-17,,,1.270e-18,1.678e-19,,3.989e+2,1.314e-19,4.044e-29,1.759e-17,1.195e-19,7.376e-30,4.035e-17,,,,3.802e-18,2.625e-36,6.591e+0,,1.551e-24,2.495e-1,,,2.125e-21,1.410e-16,8.643e-19,5.789e-25,,1.105e-21,,1.617e-16,2.314e-2,,1.708e-19,6.889e-18,1.268e-17,,,,,1.701e-18,,,,,,,,,,,,,,
736.28,4.038e+2,2.805e-20,3.883e-24,2.603e-42,1.941e-17,,,1.270e-18,1.678e-19,,3.970e+2,1.315e-19,4.044e-29,1.759e-17,1.196e-19,1.015e-29,4.037e-17,,,,3.803e-18,2.625e-36,6.526e+0,,2.129e-24,2.378e-1,,,2.125e-21,1.411e-16,8.647e-19,4.269e-25,,1.105e-21,,1.617e-16,2.319e-2,,1.708e-19,6.889e-18,1.269e-17,,,,,1.701e-18,,,,,,,,,,,,,,
736.31,3.998e+2,2.808e-20,3.872e-24,2.593e-42,1.942e-17,,,1.270e-18,1.678e-19,,3.931e+2,1.317e-19,4.044e-29,1.759e-17,1.198e-19,1.634e-29,4.040e-17,,,,3.803e-18,2.625e-36,6.418e+0,,3.414e-24,2.207e-1,,,2.125e-21,1.412e-16,8.654e-19,2.696e-25,,1.105e-21,,1.617e-16,2.385e-2,,1.707e-19,6.889e-18,1.269e-17,,,,,1.701e-18,,,,,,,,,,,,,,
736.33,3.964e+2,2.810e-20,3.865e-24,2.587e-42,1.942e-17,,,1.270e-18,1.679e-19,,3.898e+2,1.318e-19,4.044e-29,1.759e-17,1.199e-19,2.241e-29,4.043e-17,,,,3.804e-18,2.626e-36,6.340e+0,,4.668e-24,2.096e-1,,,2.124e-21,1.412e-16,8.659e-19,1.982e-25,,1.105e-21,,1.617e-16,2.467e-2,,1.706e-19,6.889e-18,1.269e-17,,,,,1.702e-18,,,,,,,,,,,,,,
736.35,3.925e+2,2.812e-20,3.858e-24,2.580e-42,1.943e-17,,,1.270e-18,1.679e-19,,3.861e+2,1.320e-19,4.044e-29,1.759e-17,1.200e-19,3.069e-29,4.045e-17,,,,3.804e-18,2.626e-36,6.257e+0,,6.375e-24,1.987e-1,,,2.124e-21,1.413e-16,8.663e-19,1.454e-25,,1.106e-21,,1.617e-16,2.581e-2,,1.706e-19,6.889e-18,1.269e-17,,,,,1.702e-18,,,,,,,,,,,,,,
736.38,3.858e+2,2.815e-20,3.847e-24,2.570e-42,1.943e-17,,,1.270e-18,1.680e-19,,3.794e+2,1.322e-19,4.044e-29,1.759e-17,1.202e-19,4.905e-29,4.048e-17,,,,3.805e-18,2.626e-36,6.125e+0,,1.015e-23,1.830e-1,,,2.124e-21,1.413e-16,8.670e-19,9.116e-26,,1.106e-21,,1.618e-16,2.814e-2,,1.705e-19,6.889e-18,1.269e-17,,,,,1.702e-18,,,,,,,,,,,,,,
736.4,3.807e+2,2.817e-20,3.840e-24,2.564e-42,1.943e-17,,,1.270e-18,1.680e-19,,3.744e+2,1.323e-19,4.045e-29,1.759e-17,1.203e-19,6.693e-29,4.050e-17,,,,3.805e-18,2.626e-36,6.032e+0,,1.381e-23,1.730e-1,,,2.124e-21,1.414e-16,8.675e-19,6.666e-26,,1.106e-21,,1.618e-16,3.010e-2,,1.704e-19,6.889e-18,1.270e-17,,,,,1.703e-18,,,,,,,,,,,,,,
736.43,3.722e+2,2.820e-20,3.829e-24,2.554e-42,1.944e-17,,,1.270e-18,1.680e-19,,3.661e+2,1.325e-19,4.045e-29,1.759e-17,1.205e-19,1.064e-28,4.053e-17,,,,3.805e-18,2.626e-36,5.884e+0,,2.187e-23,1.585e-1,,,2.123e-21,1.415e-16,8.682e-19,4.157e-26,,1.106e-21,,1.618e-16,3.372e-2,,1.704e-19,6.889e-18,1.270e-17,,,,,1.703e-18,,,,,,,,,,,,,,
736.45,3.660e+2,2.822e-20,3.822e-24,2.547e-42,1.944e-17,,,1.270e-18,1.681e-19,,3.600e+2,1.326e-19,4.045e-29,1.759e-17,1.206e-19,1.447e-28,4.055e-17,,,,3.806e-18,2.627e-36,5.781e+0,,2.965e-23,1.492e-1,,,2.123e-21,1.415e-16,8.686e-19,3.029e-26,,1.106e-21,,1.618e-16,3.659e-2,,1.703e-19,6.889e-18,1.270e-17,,,,,1.703e-18,,,,,,,,,,,,,,
736.48,3.559e+2,2.825e-20,3.811e-24,2.537e-42,1.945e-17,,,1.269e-18,1.681e-19,,3.501e+2,1.328e-19,4.045e-29,1.759e-17,1.208e-19,2.289e-28,4.058e-17,,,,3.806e-18,2.627e-36,5.619e+0,,4.671e-23,1.360e-1,,,2.123e-21,1.416e-16,8.693e-19,1.879e-26,,1.107e-21,,1.619e-16,4.163e-2,,1.702e-19,6.889e-18,1.270e-17,,,,,1.704e-18,,,,,,,,,,,,,,
736.5,3.488e+2,2.827e-20,3.804e-24,2.530e-42,1.945e-17,,,1.269e-18,1.681e-19,,3.431e+2,1.329e-19,4.045e-29,1.759e-17,1.209e-19,3.102e-28,4.061e-17,,,,3.807e-18,2.627e-36,5.508e+0,,6.313e-23,1.276e-1,,,2.123e-21,1.417e-16,8.698e-19,1.364e-26,,1.107e-21,,1.619e-16,4.552e-2,,1.702e-19,6.889e-18,1.270e-17,,,,,1.704e-18,,,,,,,,,,,,,,
736.53,3.374e+2,2.830e-20,3.794e-24,2.520e-42,1.945e-17,,,1.269e-18,1.682e-19,,3.319e+2,1.331e-19,4.045e-29,1.759e-17,1.211e-19,4.881e-28,4.064e-17,,,,3.807e-18,2.627e-36,5.335e+0,,9.892e-23,1.157e-1,,,2.122e-21,1.417e-16,8.705e-19,8.309e-27,,1.107e-21,,1.619e-16,5.218e-2,,1.701e-19,6.889e-18,1.270e-17,,,,,1.704e-18,,,,,,,,,,,,,,
736.55,3.295e+2,2.832e-20,3.786e-24,2.514e-42,1.946e-17,,,1.269e-18,1.682e-19,,3.241e+2,1.332e-19,4.046e-29,1.759e-17,1.212e-19,6.592e-28,4.066e-17,,,,3.808e-18,2.628e-36,5.216e+0,,1.332e-22,1.082e-1,,,2.122e-21,1.418e-16,8.709e-19,6.013e-27,,1.107e-21,,1.619e-16,5.722e-2,,1.700e-19,6.889e-18,1.271e-17,,,,,1.704e-18,,,,,,,,,,,,,,
736.58,3.171e+2,2.835e-20,3.776e-24,2.504e-42,1.946e-17,,,1.269e-18,1.683e-19,,3.119e+2,1.334e-19,4.046e-29,1.759e-17,1.214e-19,1.032e-27,4.069e-17,,,,3.808e-18,2.628e-36,5.034e+0,,2.076e-22,9.756e-2,,,2.122e-21,1.419e-16,8.716e-19,3.691e-27,,1.107e-21,,1.620e-16,6.575e-2,,1.699e-19,6.889e-18,1.271e-17,,,,,1.705e-18,,,,,,,,,,,,,,
736.6,3.086e+2,2.837e-20,3.769e-24,2.497e-42,1.947e-17,,,1.269e-18,1.683e-19,,3.035e+2,1.335e-19,4.046e-29,1.759e-17,1.215e-19,1.389e-27,4.071e-17,,,,3.809e-18,2.628e-36,4.910e+0,,2.787e-22,9.090e-2,,,2.121e-21,1.419e-16,8.721e-19,2.661e-27,,1.108e-21,,1.620e-16,7.211e-2,,1.699e-19,6.889e-18,1.271e-17,,,,,1.705e-18,,,,,,,,,,,,,,
736.63,2.954e+2,2.840e-20,3.758e-24,2.487e-42,1.947e-17,,,1.269e-18,1.684e-19,,2.905e+2,1.337e-19,4.046e-29,1.759e-17,1.216e-19,2.162e-27,4.074e-17,,,,3.809e-18,2.628e-36,4.721e+0,,4.321e-22,8.153e-2,,,2.121e-21,1.420e-16,8.727e-19,1.625e-27,,1.108e-21,,1.620e-16,8.275e-2,,1.698e-19,6.889e-18,1.271e-17,,,,,1.705e-18,,,,,,,,,,,,,,
736.65,2.865e+2,2.842e-20,3.751e-24,2.481e-42,1.947e-17,,,1.269e-18,1.684e-19,,2.817e+2,1.338e-19,4.046e-29,1.759e-17,1.217e-19,2.899e-27,4.076e-17,,,,3.810e-18,2.628e-36,4.593e+0,,5.779e-22,7.570e-2,,,2.121e-21,1.420e-16,8.732e-19,1.168e-27,,1.108e-21,,1.620e-16,9.063e-2,,1.697e-19,6.889e-18,1.271e-17,,,,,1.706e-18,,,,,,,,,,,,,,
736.68,2.728e+2,2.845e-20,3.740e-24,2.471e-42,1.948e-17,,,1.269e-18,1.684e-19,,2.683e+2,1.340e-19,4.046e-29,1.759e-17,1.219e-19,4.491e-27,4.080e-17,,,,3.810e-18,2.629e-36,4.398e+0,,8.915e-22,6.754e-2,,,2.120e-21,1.421e-16,8.739e-19,7.092e-28,,1.108e-21,,1.620e-16,1.037e-1,,1.696e-19,6.889e-18,1.272e-17,,,,,1.706e-18,,,,,,,,,,,,,,
736.7,2.637e+2,2.847e-20,3.733e-24,2.464e-42,1.948e-17,,,1.269e-18,1.685e-19,,2.592e+2,1.341e-19,4.046e-29,1.759e-17,1.220e-19,6.002e-27,4.082e-17,,,,3.810e-18,2.629e-36,4.268e+0,,1.188e-21,6.249e-2,,,2.120e-21,1.422e-16,8.743e-19,5.077e-28,,1.108e-21,,1.621e-16,1.133e-1,,1.696e-19,6.889e-18,1.272e-17,,,,,1.706e-18,,,,,,,,,,,,,,
736.72,2.544e+2,2.849e-20,3.726e-24,2.457e-42,1.949e-17,,,1.269e-18,1.685e-19,,2.501e+2,1.343e-19,4.047e-29,1.759e-17,1.221e-19,8.010e-27,4.084e-17,,,,3.811e-18,2.629e-36,4.137e+0,,1.581e-21,5.773e-2,,,2.120e-21,1.422e-16,8.748e-19,3.629e-28,,1.109e-21,,1.621e-16,1.237e-1,,1.695e-19,6.889e-18,1.272e-17,,,,,1.706e-18,,,,,,,,,,,,,,
736.75,2.406e+2,2.852e-20,3.715e-24,2.447e-42,1.949e-17,,,1.269e-18,1.686e-19,,2.364e+2,1.344e-19,4.047e-29,1.759e-17,1.223e-19,1.232e-26,4.087e-17,,,,3.811e-18,2.629e-36,3.941e+0,,2.421e-21,5.113e-2,,,2.120e-21,1.423e-16,8.755e-19,2.001e-28,,1.109e-21,,1.621e-16,1.407e-1,,1.694e-19,6.889e-18,1.272e-17,,,,,1.707e-18,,,,,,,,,,,,,,
736.77,2.313e+2,2.854e-20,3.708e-24,2.441e-42,1.949e-17,,,1.269e-18,1.686e-19,,2.273e+2,1.346e-19,4.047e-29,1.759e-17,1.224e-19,1.638e-26,4.089e-17,,,,3.812e-18,2.630e-36,3.810e+0,,3.211e-21,4.707e-2,,,2.119e-21,1.424e-16,8.759e-19,1.426e-28,,1.109e-21,,1.621e-16,1.531e-1,,1.694e-19,6.889e-18,1.272e-17,,,,,1.707e-18,,,,,,,,,,,,,,
736.8,2.176e+2,2.857e-20,3.697e-24,2.431e-42,1.950e-17,,,1.269e-18,1.686e-19,,2.137e+2,1.348e-19,4.047e-29,1.759e-17,1.226e-19,2.506e-26,4.092e-17,,,,3.812e-18,2.630e-36,3.614e+0,,4.892e-21,4.147e-2,,,2.119e-21,1.424e-16,8.766e-19,1.425e-28,,1.109e-21,,1.621e-16,1.733e-1,,1.693e-19,6.889e-18,1.272e-17,,,,,1.707e-18,,,,,,,,,,,,,,
736.82,2.085e+2,2.859e-20,3.690e-24,2.424e-42,1.950e-17,,,1.269e-18,1.687e-19,,2.048e+2,1.349e-19,4.047e-29,1.759e-17,1.227e-19,3.321e-26,4.094e-17,,,,3.813e-18,2.630e-36,3.484e+0,,6.465e-21,3.804e-2,,,2.119e-21,1.425e-16,8.771e-19,1.425e-28,,1.109e-21,,1.622e-16,1.880e-1,,1.692e-19,6.889e-18,1.273e-17,,,,,1.708e-18,,,,,,,,,,,,,,
736.85,1.951e+2,2.862e-20,3.679e-24,2.414e-42,1.951e-17,,,1.269e-18,1.687e-19,,1.916e+2,1.351e-19,4.047e-29,1.759e-17,1.229e-19,5.053e-26,4.097e-17,,,,3.813e-18,2.630e-36,3.292e+0,,9.797e-21,3.333e-2,,,2.118e-21,1.426e-16,8.778e-19,1.424e-28,,1.110e-21,,1.622e-16,2.118e-1,,1.692e-19,6.889e-18,1.273e-17,,,,,1.708e-18,,,,,,,,,,,,,,
736.87,1.863e+2,2.864e-20,3.672e-24,2.407e-42,1.951e-17,,,1.269e-18,1.687e-19,,1.829e+2,1.352e-19,4.047e-29,1.759e-17,1.230e-19,6.673e-26,4.100e-17,,,,3.814e-18,2.630e-36,3.165e+0,,1.290e-20,3.047e-2,,,2.118e-21,1.426e-16,8.782e-19,1.424e-28,,1.110e-21,,1.622e-16,2.289e-1,,1.691e-19,6.889e-18,1.273e-17,,,,,1.708e-18,,,,,,,,,,,,,,
736.9,1.734e+2,2.867e-20,3.661e-24,2.398e-42,1.952e-17,,,1.268e-18,1.688e-19,,1.702e+2,1.354e-19,4.048e-29,1.759e-17,1.232e-19,1.010e-25,4.103e-17,,,,3.814e-18,2.631e-36,2.977e+0,,1.945e-20,2.656e-2,,,2.118e-21,1.427e-16,8.789e-19,1.423e-28,,1.110e-21,,1.622e-16,2.566e-1,,1.690e-19,6.889e-18,1.273e-17,,,,,1.709e-18,,,,,,,,,,,,,,
736.92,1.650e+2,2.869e-20,3.654e-24,2.391e-42,1.952e-17,,,1.268e-18,1.688e-19,,1.619e+2,1.355e-19,4.048e-29,1.759e-17,1.233e-19,1.329e-25,4.105e-17,,,,3.814e-18,2.631e-36,2.854e+0,,2.553e-20,2.419e-2,,,2.118e-21,1.428e-16,8.794e-19,1.423e-28,,1.110e-21,,1.623e-16,2.764e-1,,1.690e-19,6.889e-18,1.273e-17,,,,,1.709e-18,,,,,,,,,,,,,,
736.95,1.528e+2,2.872e-20,3.643e-24,2.381e-42,1.952e-17,,,1.268e-18,1.689e-19,,1.498e+2,1.357e-19,4.048e-29,1.759e-17,1.235e-19,2.002e-25,4.108e-17,,,,3.815e-18,2.631e-36,2.673e+0,,3.828e-20,2.098e-2,,,2.117e-21,1.428e-16,8.801e-19,1.422e-28,,1.111e-21,,1.623e-16,3.082e-1,,1.689e-19,6.889e-18,1.274e-17,,,,,1.709e-18,,,,,,,,,,,,,,
736.97,1.450e+2,2.874e-20,3.636e-24,2.374e-42,1.953e-17,,,1.268e-18,1.689e-19,,1.421e+2,1.358e-19,4.048e-29,1.759e-17,1.236e-19,2.625e-25,4.110e-17,,,,3.815e-18,2.631e-36,2.556e+0,,5.007e-20,1.904e-2,,,2.117e-21,1.429e-16,8.805e-19,1.422e-28,,1.111e-21,,1.623e-16,3.309e-1,,1.688e-19,6.889e-18,1.274e-17,,,,,1.710e-18,,,,,,,,,,,,,,
737,1.336e+2,2.877e-20,3.625e-24,2.364e-42,1.953e-17,,,1.268e-18,1.690e-19,,1.308e+2,1.360e-19,4.048e-29,1.758e-17,1.237e-19,3.933e-25,4.113e-17,,,,3.816e-18,2.632e-36,2.383e+0,,7.469e-20,1.642e-2,,,2.117e-21,1.430e-16,8.812e-19,1.421e-28,,1.111e-21,,1.623e-16,3.670e-1,,1.687e-19,6.889e-18,1.274e-17,,,,,1.710e-18,,,,,,,,,,,,,,
737.02,1.262e+2,2.879e-20,3.618e-24,2.358e-42,1.954e-17,,,1.268e-18,1.690e-19,,1.236e+2,1.361e-19,4.048e-29,1.758e-17,1.239e-19,5.140e-25,4.115e-17,,,,3.816e-18,2.632e-36,2.272e+0,,9.735e-20,1.485e-2,,,2.116e-21,1.430e-16,8.817e-19,1.421e-28,,1.111e-21,,1.623e-16,3.926e-1,,1.687e-19,6.889e-18,1.274e-17,,,,,1.710e-18,,,,,,,,,,,,,,
737.05,1.157e+2,2.882e-20,3.608e-24,2.348e-42,1.954e-17,,,1.268e-18,1.690e-19,,1.132e+2,1.363e-19,4.049e-29,1.758e-17,1.240e-19,7.660e-25,4.119e-17,,,,3.817e-18,2.632e-36,2.109e+0,,1.445e-19,1.274e-2,,,2.116e-21,1.431e-16,8.823e-19,1.420e-28,,1.111e-21,,1.624e-16,4.333e-1,,1.686e-19,6.889e-18,1.274e-17,,,,,1.710e-18,,,,,,,,,,,,,,
737.07,1.090e+2,2.884e-20,3.600e-24,2.341e-42,1.954e-17,,,1.268e-18,1.691e-19,,1.065e+2,1.364e-19,4.049e-29,1.758e-17,1.241e-19,9.976e-25,4.121e-17,,,,3.817e-18,2.632e-36,2.004e+0,,1.876e-19,1.148e-2,,,2.116e-21,1.431e-16,8.828e-19,1.420e-28,,1.112e-21,,1.624e-16,4.618e-1,,1.685e-19,6.889e-18,1.274e-17,,,,,1.711e-18,,,,,,,,,,,,,,
737.09,1.025e+2,2.886e-20,3.593e-24,2.334e-42,1.955e-17,,,1.268e-18,1.691e-19,,1.001e+2,1.365e-19,4.049e-29,1.758e-17,1.243e-19,1.297e-24,4.123e-17,,,,3.818e-18,2.632e-36,1.902e+0,,2.433e-19,1.034e-2,,,2.116e-21,1.432e-16,8.833e-19,1.419e-28,,1.112e-21,,1.624e-16,4.916e-1,,1.685e-19,6.889e-18,1.275e-17,,,,,1.711e-18,,,,,,,,,,,,,,
737.12,9.334e+1,2.889e-20,3.583e-24,2.325e-42,1.955e-17,,,1.268e-18,1.692e-19,,9.104e+1,1.367e-19,4.049e-29,1.758e-17,1.244e-19,1.919e-24,4.126e-17,,,,3.818e-18,2.633e-36,1.755e+0,,3.585e-19,8.802e-3,,,2.115e-21,1.433e-16,8.839e-19,1.419e-28,,1.112e-21,,1.624e-16,5.386e-1,,1.684e-19,6.889e-18,1.275e-17,,,,,1.711e-18,,,,,,,,,,,,,,
737.14,8.753e+1,2.891e-20,3.575e-24,2.318e-42,1.955e-17,,,1.268e-18,1.692e-19,,8.529e+1,1.369e-19,4.049e-29,1.758e-17,1.245e-19,2.488e-24,4.128e-17,,,,3.819e-18,2.633e-36,1.661e+0,,4.633e-19,7.894e-3,,,2.115e-21,1.433e-16,8.844e-19,1.418e-28,,1.112e-21,,1.625e-16,5.713e-1,,1.683e-19,6.889e-18,1.275e-17,,,,,1.712e-18,,,,,,,,,,,,,,
737.17,7.928e+1,2.894e-20,3.565e-24,2.308e-42,1.956e-17,,,1.268e-18,1.692e-19,,7.713e+1,1.370e-19,4.049e-29,1.758e-17,1.247e-19,3.661e-24,4.131e-17,,,,3.819e-18,2.633e-36,1.525e+0,,6.790e-19,6.687e-3,,,2.115e-21,1.434e-16,8.851e-19,1.418e-28,,1.112e-21,,1.625e-16,6.225e-1,,1.683e-19,6.889e-18,1.275e-17,,,,,1.712e-18,,,,,,,,,,,,,,
737.19,7.410e+1,2.896e-20,3.558e-24,2.301e-42,1.956e-17,,,1.268e-18,1.693e-19,,7.200e+1,1.372e-19,4.049e-29,1.758e-17,1.248e-19,4.728e-24,4.133e-17,,,,3.819e-18,2.633e-36,1.439e+0,,8.746e-19,5.976e-3,,,2.115e-21,1.435e-16,8.855e-19,1.417e-28,,1.113e-21,,1.625e-16,6.580e-1,,1.682e-19,6.889e-18,1.275e-17,,,,,1.712e-18,,,,,,,,,,,,,,
737.22,6.680e+1,2.899e-20,3.547e-24,2.291e-42,1.957e-17,,,1.268e-18,1.693e-19,,6.477e+1,1.374e-19,4.050e-29,1.758e-17,1.250e-19,6.921e-24,4.136e-17,,,,3.820e-18,2.634e-36,1.315e+0,,1.275e-18,5.036e-3,,,2.114e-21,1.435e-16,8.862e-19,1.417e-28,,1.113e-21,,1.625e-16,7.133e-1,,1.681e-19,6.889e-18,1.276e-17,,,,,1.713e-18,,,,,,,,,,,,,,
737.24,6.224e+1,2.901e-20,3.540e-24,2.285e-42,1.957e-17,,,1.268e-18,1.693e-19,,6.025e+1,1.375e-19,4.050e-29,1.758e-17,1.251e-19,8.908e-24,4.139e-17,,,,3.820e-18,2.634e-36,1.237e+0,,1.636e-18,4.485e-3,,,2.114e-21,1.436e-16,8.867e-19,1.416e-28,,1.113e-21,,1.625e-16,7.513e-1,,1.681e-19,6.889e-18,1.276e-17,,,,,1.713e-18,,,,,,,,,,,,,,
737.27,5.585e+1,2.904e-20,3.529e-24,2.275e-42,1.958e-17,,,1.268e-18,1.694e-19,,5.391e+1,1.377e-19,4.050e-29,1.758e-17,1.253e-19,1.297e-23,4.142e-17,,,,3.821e-18,2.634e-36,1.125e+0,,2.373e-18,3.759e-3,,,2.114e-21,1.437e-16,8.874e-19,1.416e-28,,1.113e-21,,1.626e-16,8.101e-1,,1.680e-19,6.889e-18,1.276e-17,,,,,1.713e-18,,,,,,,,,,,,,,
737.29,5.188e+1,2.906e-20,3.522e-24,2.268e-42,1.958e-17,,,1.268e-18,1.694e-19,,4.997e+1,1.378e-19,4.050e-29,1.758e-17,1.254e-19,1.664e-23,4.144e-17,,,,3.821e-18,2.634e-36,1.055e+0,,3.036e-18,3.336e-3,,,2.113e-21,1.437e-16,8.878e-19,1.415e-28,,1.113e-21,,1.626e-16,8.504e-1,,1.679e-19,6.889e-18,1.276e-17,,,,,1.713e-18,,,,,,,,,,,,,,
737.32,4.635e+1,2.909e-20,3.511e-24,2.258e-42,1.958e-17,,,1.267e-18,1.695e-19,,4.448e+1,1.380e-19,4.050e-29,1.758e-17,1.256e-19,2.410e-23,4.147e-17,,,,3.822e-18,2.634e-36,9.550e-1,,4.379e-18,2.782e-3,,,2.113e-21,1.438e-16,8.885e-19,1.415e-28,,1.114e-21,,1.626e-16,9.121e-1,,1.678e-19,6.889e-18,1.276e-17,,,,,1.714e-18,,,,,,,,,,,,,,
737.34,4.294e+1,2.911e-20,3.504e-24,2.251e-42,1.959e-17,,,1.267e-18,1.695e-19,,4.109e+1,1.381e-19,4.050e-29,1.758e-17,1.257e-19,3.081e-23,4.149e-17,,,,3.822e-18,2.635e-36,8.923e-1,,5.582e-18,2.461e-3,,,2.113e-21,1.438e-16,8.890e-19,1.414e-28,,1.114e-21,,1.626e-16,9.541e-1,,1.678e-19,6.889e-18,1.276e-17,,,,,1.714e-18,,,,,,,,,,,,,,
737.37,3.821e+1,2.914e-20,3.493e-24,2.242e-42,1.959e-17,,,1.267e-18,1.696e-19,,3.638e+1,1.383e-19,4.051e-29,1.758e-17,1.258e-19,4.440e-23,4.152e-17,,,,3.823e-18,2.635e-36,8.041e-1,,8.011e-18,2.042e-3,,,2.112e-21,1.439e-16,8.897e-19,1.414e-28,,1.114e-21,,1.627e-16,1.018e+0,,1.677e-19,6.889e-18,1.277e-17,,,,,1.714e-18,,,,,,,,,,,,,,
737.39,3.530e+1,2.916e-20,3.486e-24,2.235e-42,1.960e-17,,,1.267e-18,1.696e-19,,3.349e+1,1.384e-19,4.051e-29,1.758e-17,1.260e-19,5.655e-23,4.154e-17,,,,3.823e-18,2.635e-36,7.489e-1,,1.017e-17,1.801e-3,,,2.112e-21,1.440e-16,8.901e-19,1.413e-28,,1.114e-21,,1.627e-16,1.061e+0,,1.676e-19,6.889e-18,1.277e-17,,,,,1.715e-18,,,,,,,,,,,,,,
737.42,3.130e+1,2.919e-20,3.475e-24,2.225e-42,1.960e-17,,,1.267e-18,1.696e-19,,2.950e+1,1.386e-19,4.051e-29,1.758e-17,1.261e-19,8.107e-23,4.158e-17,,,,3.824e-18,2.635e-36,6.715e-1,,1.453e-17,1.488e-3,,,2.112e-21,1.441e-16,8.908e-19,1.412e-28,,1.114e-21,,1.627e-16,1.126e+0,,1.676e-19,6.889e-18,1.277e-17,,,,,1.715e-18,,,,,,,,,,,,,,
737.44,2.885e+1,2.921e-20,3.468e-24,2.218e-42,1.960e-17,,,1.267e-18,1.697e-19,,2.705e+1,1.387e-19,4.051e-29,1.758e-17,1.262e-19,1.029e-22,4.160e-17,,,,3.824e-18,2.636e-36,6.234e-1,,1.839e-17,1.308e-3,,,2.112e-21,1.441e-16,8.913e-19,1.412e-28,,1.115e-21,,1.627e-16,1.170e+0,,1.675e-19,6.888e-18,1.277e-17,,,,,1.715e-18,,,,,,,,,,,,,,
737.47,2.550e+1,2.924e-20,3.457e-24,2.208e-42,1.961e-17,,,1.267e-18,1.697e-19,,2.370e+1,1.389e-19,4.051e-29,1.758e-17,1.264e-19,1.467e-22,4.163e-17,,,,3.825e-18,2.636e-36,5.563e-1,,2.611e-17,1.077e-3,,,2.111e-21,1.442e-16,8.919e-19,1.411e-28,,1.115e-21,,1.628e-16,1.235e+0,,1.674e-19,6.888e-18,1.277e-17,,,,,1.716e-18,,,,,,,,,,,,,,
737.49,2.346e+1,2.926e-20,3.450e-24,2.202e-42,1.961e-17,,,1.267e-18,1.698e-19,,2.167e+1,1.390e-19,4.051e-29,1.758e-17,1.265e-19,1.856e-22,4.165e-17,,,,3.825e-18,2.636e-36,5.147e-1,,3.294e-17,9.452e-4,,,2.111e-21,1.442e-16,8.924e-19,1.411e-28,,1.115e-21,,1.628e-16,1.278e+0,,1.674e-19,6.888e-18,1.278e-17,,,,,1.716e-18,,,,,,,,,,,,,,
737.51,2.157e+1,2.928e-20,3.443e-24,2.195e-42,1.962e-17,,,1.267e-18,1.698e-19,,1.978e+1,1.391e-19,4.051e-29,1.758e-17,1.266e-19,2.344e-22,4.167e-17,,,,3.825e-18,2.636e-36,4.757e-1,,4.149e-17,8.294e-4,,,2.111e-21,1.443e-16,8.929e-19,1.411e-28,,1.115e-21,,1.628e-16,1.321e+0,,1.673e-19,6.888e-18,1.278e-17,,,,,1.716e-18,,,,,,,,,,,,,,
737.54,1.901e+1,2.931e-20,3.432e-24,2.185e-42,1.962e-17,,,1.267e-18,1.698e-19,,1.720e+1,1.393e-19,4.052e-29,1.758e-17,1.268e-19,3.319e-22,4.170e-17,,,,3.826e-18,2.636e-36,4.215e-1,,5.849e-17,6.820e-4,,,2.110e-21,1.444e-16,8.935e-19,1.410e-28,,1.115e-21,,1.628e-16,1.384e+0,,1.672e-19,6.888e-18,1.278e-17,,,,,1.716e-18,,,,,,,,,,,,,,
737.56,1.746e+1,2.933e-20,3.425e-24,2.178e-42,1.962e-17,,,1.267e-18,1.699e-19,,1.564e+1,1.395e-19,4.052e-29,1.758e-17,1.269e-19,4.177e-22,4.172e-17,,,,3.826e-18,2.637e-36,3.882e-1,,7.342e-17,5.993e-4,,,2.110e-21,1.444e-16,8.940e-19,1.410e-28,,1.116e-21,,1.628e-16,1.426e+0,,1.672e-19,6.888e-18,1.278e-17,,,,,1.717e-18,,,,,,,,,,,,,,
737.59,1.536e+1,2.936e-20,3.414e-24,2.168e-42,1.963e-17,,,1.267e-18,1.699e-19,,1.353e+1,1.396e-19,4.052e-29,1.758e-17,1.271e-19,5.883e-22,4.175e-17,,,,3.827e-18,2.637e-36,3.423e-1,,1.030e-16,4.956e-4,,,2.110e-21,1.445e-16,8.947e-19,1.409e-28,,1.116e-21,,1.629e-16,1.487e+0,,1.671e-19,6.888e-18,1.278e-17,,,,,1.717e-18,,,,,,,,,,,,,,
737.61,1.411e+1,2.938e-20,3.407e-24,2.162e-42,1.963e-17,,,1.267e-18,1.700e-19,,1.227e+1,1.398e-19,4.052e-29,1.758e-17,1.272e-19,7.379e-22,4.178e-17,,,,3.827e-18,2.637e-36,3.142e-1,,1.288e-16,4.384e-4,,,2.110e-21,1.446e-16,8.951e-19,1.409e-28,,1.116e-21,,1.629e-16,1.526e+0,,1.670e-19,6.888e-18,1.278e-17,,,,,1.717e-18,,,,,,,,,,,,,,
737.64,1.241e+1,2.941e-20,3.397e-24,2.152e-42,1.964e-17,,,1.267e-18,1.700e-19,,1.056e+1,1.400e-19,4.052e-29,1.758e-17,1.274e-19,1.034e-21,4.181e-17,,,,3.828e-18,2.637e-36,2.757e-1,,1.797e-16,3.686e-4,,,2.109e-21,1.446e-16,8.958e-19,1.408e-28,,1.116e-21,,1.629e-16,1.582e+0,,1.669e-19,6.888e-18,1.279e-17,,,,,1.718e-18,,,,,,,,,,,,,,
737.66,1.140e+1,2.943e-20,3.389e-24,2.145e-42,1.964e-17,,,1.267e-18,1.700e-19,,9.533e+0,1.401e-19,4.052e-29,1.758e-17,1.275e-19,1.292e-21,4.183e-17,,,,3.828e-18,2.638e-36,2.522e-1,,2.240e-16,3.315e-4,,,2.109e-21,1.447e-16,8.963e-19,1.407e-28,,1.116e-21,,1.629e-16,1.618e+0,,1.669e-19,6.888e-18,1.279e-17,,,,,1.718e-18,,,,,,,,,,,,,,
737.69,1.005e+1,2.946e-20,3.379e-24,2.135e-42,1.964e-17,,,1.267e-18,1.701e-19,,8.161e+0,1.403e-19,4.052e-29,1.758e-17,1.277e-19,1.801e-21,4.186e-17,,,,3.829e-18,2.638e-36,2.201e-1,,3.109e-16,2.888e-4,,,2.109e-21,1.448e-16,8.970e-19,1.407e-28,,1.117e-21,,1.629e-16,1.669e+0,,1.668e-19,6.888e-18,1.279e-17,,,,,1.718e-18,,,,,,,,,,,,,,
737.71,9.247e+0,2.948e-20,3.372e-24,2.129e-42,1.965e-17,,,1.267e-18,1.701e-19,,7.345e+0,1.404e-19,4.053e-29,1.758e-17,1.278e-19,2.243e-21,4.188e-17,,,,3.829e-18,2.638e-36,2.007e-1,,3.861e-16,2.682e-4,,,2.108e-21,1.448e-16,8.974e-19,1.406e-28,,1.117e-21,,1.630e-16,1.701e+0,,1.667e-19,6.888e-18,1.279e-17,,,,,1.719e-18,,,,,,,,,,,,,,
737.74,8.175e+0,2.951e-20,3.361e-24,2.119e-42,1.965e-17,,,1.267e-18,1.702e-19,,6.255e+0,1.406e-19,4.053e-29,1.758e-17,1.280e-19,3.110e-21,4.191e-17,,,,3.830e-18,2.638e-36,1.743e-1,,5.332e-16,2.483e-4,,,2.108e-21,1.449e-16,8.981e-19,1.406e-28,,1.117e-21,,1.630e-16,1.746e+0,,1.666e-19,6.888e-18,1.279e-17,,,,,1.719e-18,,,,,,,,,,,,,,
737.76,7.541e+0,2.953e-20,3.354e-24,2.112e-42,1.966e-17,,,1.266e-18,1.702e-19,,5.609e+0,1.407e-19,4.053e-29,1.758e-17,1.281e-19,3.860e-21,4.193e-17,,,,3.830e-18,2.638e-36,1.584e-1,,6.599e-16,2.420e-4,,,2.108e-21,1.449e-16,8.986e-19,1.405e-28,,1.117e-21,,1.630e-16,1.773e+0,,1.666e-19,6.888e-18,1.279e-17,,,,,1.719e-18,,,,,,,,,,,,,,
737.79,6.698e+0,2.956e-20,3.343e-24,2.102e-42,1.966e-17,,,1.266e-18,1.702e-19,,4.751e+0,1.409e-19,4.053e-29,1.757e-17,1.282e-19,5.324e-21,4.197e-17,,,,3.831e-18,2.639e-36,1.369e-1,,9.064e-16,2.431e-4,,,2.108e-21,1.450e-16,8.993e-19,1.405e-28,,1.117e-21,,1.630e-16,1.810e+0,,1.665e-19,6.888e-18,1.280e-17,,,,,1.719e-18,,,,,,,,,,,,,,
737.81,6.202e+0,2.958e-20,3.336e-24,2.095e-42,1.966e-17,,,1.266e-18,1.703e-19,,4.246e+0,1.410e-19,4.053e-29,1.757e-17,1.284e-19,6.585e-21,4.199e-17,,,,3.831e-18,2.639e-36,1.240e-1,,1.118e-15,2.507e-4,,,2.107e-21,1.451e-16,8.997e-19,1.404e-28,,1.118e-21,,1.631e-16,1.831e+0,,1.665e-19,6.888e-18,1.280e-17,,,,,1.720e-18,,,,,,,,,,,,,,
737.84,5.544e+0,2.961e-20,3.325e-24,2.086e-42,1.967e-17,,,1.266e-18,1.703e-19,,3.578e+0,1.412e-19,4.053e-29,1.757e-17,1.285e-19,9.035e-21,4.202e-17,,,,3.831e-18,2.639e-36,1.066e-1,,1.528e-15,2.728e-4,,,2.107e-21,1.452e-16,9.004e-19,1.404e-28,,1.118e-21,,1.631e-16,1.860e+0,,1.664e-19,6.888e-18,1.280e-17,,,,,1.720e-18,,,,,,,,,,,,,,
737.86,5.158e+0,2.963e-20,3.318e-24,2.079e-42,1.967e-17,,,1.266e-18,1.704e-19,,3.186e+0,1.413e-19,4.054e-29,1.757e-17,1.286e-19,1.114e-20,4.204e-17,,,,3.832e-18,2.639e-36,9.618e-2,,1.878e-15,2.952e-4,,,2.107e-21,1.452e-16,9.009e-19,1.403e-28,,1.118e-21,,1.631e-16,1.875e+0,,1.663e-19,6.888e-18,1.280e-17,,,,,1.720e-18,,,,,,,,,,,,,,
737.88,4.809e+0,2.965e-20,3.311e-24,2.072e-42,1.968e-17,,,1.266e-18,1.704e-19,,2.834e+0,1.414e-19,4.054e-29,1.757e-17,1.288e-19,1.371e-20,4.206e-17,,,,3.832e-18,2.640e-36,8.668e-2,,2.305e-15,3.240e-4,,,2.107e-21,1.453e-16,9.013e-19,1.403e-28,,1.118e-21,,1.631e-16,1.889e+0,,1.663e-19,6.888e-18,1.280e-17,,,,,1.721e-18,,,,,,,,,,,,,,
737.91,4.348e+0,2.968e-20,3.300e-24,2.062e-42,1.968e-17,,,1.266e-18,1.704e-19,,2.370e+0,1.416e-19,4.054e-29,1.757e-17,1.289e-19,1.867e-20,4.209e-17,,,,3.833e-18,2.640e-36,7.398e-2,,3.126e-15,3.806e-4,,,2.106e-21,1.453e-16,9.020e-19,1.402e-28,,1.118e-21,,1.631e-16,1.904e+0,,1.662e-19,6.888e-18,1.281e-17,,,,,1.721e-18,,,,,,,,,,,,,,
737.93,4.077e+0,2.970e-20,3.293e-24,2.056e-42,1.968e-17,,,1.266e-18,1.705e-19,,2.100e+0,1.417e-19,4.054e-29,1.757e-17,1.290e-19,2.290e-20,4.211e-17,,,,3.833e-18,2.640e-36,6.645e-2,,3.824e-15,4.282e-4,,,2.106e-21,1.454e-16,9.025e-19,1.402e-28,,1.119e-21,,1.632e-16,1.910e+0,,1.661e-19,6.888e-18,1.281e-17,,,,,1.721e-18,,,,,,,,,,,,,,
737.96,3.720e+0,2.973e-20,3.282e-24,2.046e-42,1.969e-17,,,1.266e-18,1.705e-19,,1.747e+0,1.419e-19,4.054e-29,1.757e-17,1.292e-19,3.103e-20,4.215e-17,,,,3.834e-18,2.640e-36,5.643e-2,,5.160e-15,5.161e-4,,,2.106e-21,1.455e-16,9.031e-19,1.401e-28,,1.119e-21,,1.632e-16,1.915e+0,,1.660e-19,6.888e-18,1.281e-17,,,,,1.722e-18,,,,,,,,,,,,,,
737.98,3.510e+0,2.975e-20,3.275e-24,2.039e-42,1.969e-17,,,1.266e-18,1.706e-19,,1.543e+0,1.421e-19,4.054e-29,1.757e-17,1.293e-19,3.793e-20,4.217e-17,,,,3.834e-18,2.640e-36,5.051e-2,,6.290e-15,5.873e-4,,,2.105e-21,1.455e-16,9.036e-19,1.401e-28,,1.119e-21,,1.632e-16,1.915e+0,,1.660e-19,6.888e-18,1.281e-17,,,,,1.722e-18,,,,,,,,,,,,,,
738.01,3.231e+0,2.978e-20,3.264e-24,2.029e-42,1.970e-17,,,1.266e-18,1.706e-19,,1.277e+0,1.422e-19,4.054e-29,1.757e-17,1.295e-19,5.112e-20,4.220e-17,,,,3.835e-18,2.641e-36,4.266e-2,,8.443e-15,7.157e-4,,,2.105e-21,1.456e-16,9.043e-19,1.400e-28,,1.119e-21,,1.632e-16,1.910e+0,,1.659e-19,6.888e-18,1.281e-17,,,,,1.722e-18,,,,,,,,,,,,,,
738.03,3.066e+0,2.980e-20,3.257e-24,2.022e-42,1.970e-17,,,1.266e-18,1.706e-19,,1.124e+0,1.424e-19,4.055e-29,1.757e-17,1.296e-19,6.227e-20,4.222e-17,,,,3.835e-18,2.641e-36,3.806e-2,,1.026e-14,8.176e-4,,,2.105e-21,1.456e-16,9.047e-19,1.400e-28,,1.119e-21,,1.633e-16,1.904e+0,,1.658e-19,6.888e-18,1.281e-17,,,,,1.722e-18,,,,,,,,,,,,,,
738.06,2.847e+0,2.982e-20,3.246e-24,2.012e-42,1.970e-17,,,1.266e-18,1.707e-19,,9.253e-1,1.425e-19,4.055e-29,1.757e-17,1.298e-19,8.350e-20,4.225e-17,,,,3.835e-18,2.641e-36,3.198e-2,,1.369e-14,9.988e-4,,,2.104e-21,1.457e-16,9.054e-19,1.399e-28,,1.120e-21,,1.633e-16,1.889e+0,,1.657e-19,6.888e-18,1.282e-17,,,,,1.723e-18,,,,,,,,,,,,,,
738.08,2.716e+0,2.984e-20,3.239e-24,2.006e-42,1.971e-17,,,1.266e-18,1.707e-19,,8.113e-1,1.427e-19,4.055e-29,1.757e-17,1.299e-19,1.014e-19,4.227e-17,,,,3.836e-18,2.641e-36,2.843e-2,,1.658e-14,1.141e-3,,,2.104e-21,1.458e-16,9.059e-19,1.399e-28,,1.120e-21,,1.633e-16,1.875e+0,,1.657e-19,6.888e-18,1.282e-17,,,,,1.723e-18,,,,,,,,,,,,,,
738.11,2.540e+0,2.987e-20,3.229e-24,1.996e-42,1.971e-17,,,1.266e-18,1.708e-19,,6.644e-1,1.429e-19,4.055e-29,1.757e-17,1.301e-19,1.352e-19,4.230e-17,,,,3.836e-18,2.642e-36,2.377e-2,,2.202e-14,1.392e-3,,,2.104e-21,1.459e-16,9.066e-19,1.398e-28,,1.120e-21,,1.633e-16,1.851e+0,,1.656e-19,6.888e-18,1.282e-17,,,,,1.723e-18,,,,,,,,,,,,,,
738.13,2.435e+0,2.989e-20,3.221e-24,1.989e-42,1.972e-17,,,1.266e-18,1.708e-19,,5.806e-1,1.430e-19,4.055e-29,1.757e-17,1.302e-19,1.635e-19,4.232e-17,,,,3.837e-18,2.642e-36,2.106e-2,,2.656e-14,1.587e-3,,,2.104e-21,1.459e-16,9.070e-19,1.398e-28,,1.120e-21,,1.633e-16,1.831e+0,,1.655e-19,6.888e-18,1.282e-17,,,,,1.724e-18,,,,,,,,,,,,,,
738.16,2.290e+0,2.992e-20,3.211e-24,1.979e-42,1.972e-17,,,1.266e-18,1.708e-19,,4.730e-1,1.432e-19,4.055e-29,1.757e-17,1.303e-19,2.170e-19,4.236e-17,,,,3.837e-18,2.642e-36,1.751e-2,,3.510e-14,1.929e-3,,,2.103e-21,1.460e-16,9.077e-19,1.397e-28,,1.121e-21,,1.634e-16,1.798e+0,,1.655e-19,6.888e-18,1.282e-17,,,,,1.724e-18,,,,,,,,,,,,,,
738.18,2.202e+0,2.994e-20,3.203e-24,1.973e-42,1.972e-17,,,1.265e-18,1.709e-19,,4.118e-1,1.433e-19,4.055e-29,1.757e-17,1.305e-19,2.616e-19,4.238e-17,,,,3.838e-18,2.642e-36,1.546e-2,,4.219e-14,2.193e-3,,,2.103e-21,1.460e-16,9.082e-19,1.397e-28,,1.121e-21,,1.634e-16,1.773e+0,,1.654e-19,6.888e-18,1.283e-17,,,,,1.724e-18,,,,,,,,,,,,,,
738.21,2.081e+0,2.997e-20,3.193e-24,1.963e-42,1.973e-17,,,1.265e-18,1.709e-19,,3.337e-1,1.435e-19,4.056e-29,1.757e-17,1.306e-19,3.452e-19,4.241e-17,,,,3.838e-18,2.642e-36,1.279e-2,,5.546e-14,2.654e-3,,,2.103e-21,1.461e-16,9.089e-19,1.396e-28,,1.121e-21,,1.634e-16,1.731e+0,,1.653e-19,6.888e-18,1.283e-17,,,,,1.725e-18,,,,,,,,,,,,,,
738.23,2.005e+0,2.999e-20,3.186e-24,1.956e-42,1.973e-17,,,1.265e-18,1.710e-19,,2.896e-1,1.436e-19,4.056e-29,1.757e-17,1.307e-19,4.147e-19,4.243e-17,,,,3.839e-18,2.643e-36,1.125e-2,,6.643e-14,3.009e-3,,,2.102e-21,1.462e-16,9.093e-19,1.396e-28,,1.121e-21,,1.634e-16,1.701e+0,,1.653e-19,6.888e-18,1.283e-17,,,,,1.725e-18,,,,,,,,,,,,,,
738.25,1.933e+0,3.001e-20,3.178e-24,1.949e-42,1.974e-17,,,1.265e-18,1.710e-19,,2.509e-1,1.437e-19,4.056e-29,1.757e-17,1.309e-19,4.975e-19,4.245e-17,,,,3.839e-18,2.643e-36,9.886e-3,,7.946e-14,3.406e-3,,,2.102e-21,1.462e-16,9.098e-19,1.395e-28,,1.121e-21,,1.635e-16,1.669e+0,,1.652e-19,6.888e-18,1.283e-17,,,,,1.725e-18,,,,,,,,,,,,,,
738.28,1.832e+0,3.004e-20,3.168e-24,1.939e-42,1.974e-17,,,1.265e-18,1.710e-19,,2.018e-1,1.439e-19,4.056e-29,1.757e-17,1.310e-19,6.518e-19,4.248e-17,,,,3.840e-18,2.643e-36,8.119e-3,,1.037e-13,4.093e-3,,,2.102e-21,1.463e-16,9.105e-19,1.394e-28,,1.121e-21,,1.635e-16,1.618e+0,,1.651e-19,6.888e-18,1.283e-17,,,,,1.725e-18,,,,,,,,,,,,,,
738.3,1.768e+0,3.006e-20,3.161e-24,1.933e-42,1.974e-17,,,1.265e-18,1.711e-19,,1.743e-1,1.440e-19,4.056e-29,1.757e-17,1.311e-19,7.792e-19,4.250e-17,,,,3.840e-18,2.643e-36,7.108e-3,,1.236e-13,4.619e-3,,,2.102e-21,1.464e-16,9.109e-19,1.394e-28,,1.122e-21,,1.635e-16,1.582e+0,,1.651e-19,6.888e-18,1.283e-17,,,,,1.726e-18,,,,,,,,,,,,,,
738.33,1.676e+0,3.009e-20,3.150e-24,1.923e-42,1.975e-17,,,1.265e-18,1.711e-19,,1.394e-1,1.442e-19,4.056e-29,1.757e-17,1.313e-19,1.016e-18,4.254e-17,,,,3.840e-18,2.644e-36,5.807e-3,,1.605e-13,5.522e-3,,,2.101e-21,1.464e-16,9.116e-19,1.393e-28,,1.122e-21,,1.635e-16,1.526e+0,,1.650e-19,6.888e-18,1.284e-17,,,,,1.726e-18,,,,,,,,,,,,,,
738.35,1.618e+0,3.011e-20,3.143e-24,1.916e-42,1.975e-17,,,1.265e-18,1.712e-19,,1.200e-1,1.443e-19,4.057e-29,1.757e-17,1.314e-19,1.210e-18,4.256e-17,,,,3.841e-18,2.644e-36,5.067e-3,,1.906e-13,6.209e-3,,,2.101e-21,1.465e-16,9.121e-19,1.393e-28,,1.122e-21,,1.635e-16,1.487e+0,,1.649e-19,6.888e-18,1.284e-17,,,,,1.726e-18,,,,,,,,,,,,,,
738.38,1.533e+0,3.014e-20,3.132e-24,1.906e-42,1.976e-17,,,1.265e-18,1.712e-19,,9.549e-2,1.445e-19,4.057e-29,1.757e-17,1.316e-19,1.569e-18,4.259e-17,,,,3.841e-18,2.644e-36,4.118e-3,,2.461e-13,7.385e-3,,,2.101e-21,1.466e-16,9.127e-19,1.392e-28,,1.122e-21,,1.636e-16,1.426e+0,,1.648e-19,6.888e-18,1.284e-17,,,,,1.727e-18,,,,,,,,,,,,,,
738.4,1.478e+0,3.016e-20,3.125e-24,1.900e-42,1.976e-17,,,1.265e-18,1.712e-19,,8.187e-2,1.447e-19,4.057e-29,1.757e-17,1.317e-19,1.862e-18,4.261e-17,,,,3.842e-18,2.644e-36,3.580e-3,,2.914e-13,8.275e-3,,,2.100e-21,1.466e-16,9.132e-19,1.392e-28,,1.122e-21,,1.636e-16,1.384e+0,,1.648e-19,6.888e-18,1.284e-17,,,,,1.727e-18,,,,,,,,,,,,,,
738.43,1.399e+0,3.019e-20,3.114e-24,1.890e-42,1.977e-17,,,1.265e-18,1.713e-19,,6.482e-2,1.448e-19,4.057e-29,1.757e-17,1.319e-19,2.402e-18,4.264e-17,,,,3.842e-18,2.644e-36,2.894e-3,,3.743e-13,9.791e-3,,,2.100e-21,1.467e-16,9.139e-19,1.391e-28,,1.123e-21,,1.636e-16,1.321e+0,,1.647e-19,6.888e-18,1.284e-17,,,,,1.727e-18,,,,,,,,,,,,,,
738.45,1.347e+0,3.021e-20,3.107e-24,1.883e-42,1.977e-17,,,1.265e-18,1.713e-19,,5.538e-2,1.450e-19,4.057e-29,1.757e-17,1.320e-19,2.842e-18,4.266e-17,,,,3.843e-18,2.645e-36,2.508e-3,,4.415e-13,1.093e-2,,,2.100e-21,1.467e-16,9.143e-19,1.391e-28,,1.123e-21,,1.636e-16,1.278e+0,,1.646e-19,6.888e-18,1.285e-17,,,,,1.728e-18,,,,,,,,,,,,,,
738.48,1.272e+0,3.024e-20,3.096e-24,1.873e-42,1.977e-17,,,1.265e-18,1.714e-19,,4.362e-2,1.451e-19,4.057e-29,1.757e-17,1.322e-19,3.647e-18,4.269e-17,,,,3.843e-18,2.645e-36,2.017e-3,,5.642e-13,1.287e-2,,,2.100e-21,1.468e-16,9.150e-19,1.390e-28,,1.123e-21,,1.637e-16,1.213e+0,,1.646e-19,6.888e-18,1.285e-17,,,,,1.728e-18,,,,,,,,,,,,,,
738.5,1.223e+0,3.026e-20,3.089e-24,1.866e-42,1.978e-17,,,1.265e-18,1.714e-19,,3.713e-2,1.453e-19,4.057e-29,1.757e-17,1.323e-19,4.299e-18,4.271e-17,,,,3.844e-18,2.645e-36,1.741e-3,,6.633e-13,1.432e-2,,,2.099e-21,1.469e-16,9.155e-19,1.390e-28,,1.123e-21,,1.637e-16,1.170e+0,,1.645e-19,6.888e-18,1.285e-17,,,,,1.728e-18,,,,,,,,,,,,,,
738.53,1.152e+0,3.029e-20,3.078e-24,1.856e-42,1.978e-17,,,1.265e-18,1.714e-19,,2.909e-2,1.455e-19,4.058e-29,1.757e-17,1.325e-19,5.488e-18,4.275e-17,,,,3.844e-18,2.645e-36,1.393e-3,,8.432e-13,1.677e-2,,,2.099e-21,1.470e-16,9.162e-19,1.389e-28,,1.124e-21,,1.637e-16,1.104e+0,,1.644e-19,6.888e-18,1.285e-17,,,,,1.728e-18,,,,,,,,,,,,,,
738.55,1.105e+0,3.031e-20,3.071e-24,1.850e-42,1.979e-17,,,1.265e-18,1.715e-19,,2.468e-2,1.456e-19,4.058e-29,1.757e-17,1.326e-19,6.446e-18,4.277e-17,,,,3.844e-18,2.646e-36,1.198e-3,,9.878e-13,1.859e-2,,,2.099e-21,1.470e-16,9.166e-19,1.389e-28,,1.124e-21,,1.637e-16,1.061e+0,,1.644e-19,6.888e-18,1.285e-17,,,,,1.729e-18,,,,,,,,,,,,,,
738.58,1.038e+0,3.034e-20,3.060e-24,1.840e-42,1.979e-17,,,1.265e-18,1.715e-19,,1.923e-2,1.458e-19,4.058e-29,1.757e-17,1.327e-19,8.186e-18,4.280e-17,,,,3.845e-18,2.646e-36,9.537e-4,,1.249e-12,2.166e-2,,,2.098e-21,1.471e-16,9.173e-19,1.388e-28,,1.124e-21,,1.637e-16,9.965e-1,,1.643e-19,6.888e-18,1.286e-17,,,,,1.729e-18,,,,,,,,,,,,,,
738.6,9.951e-1,3.036e-20,3.053e-24,1.833e-42,1.979e-17,,,1.265e-18,1.716e-19,,1.626e-2,1.459e-19,4.058e-29,1.756e-17,1.329e-19,9.583e-18,4.282e-17,,,,3.845e-18,2.646e-36,8.176e-4,,1.458e-12,2.393e-2,,,2.098e-21,1.471e-16,9.178e-19,1.388e-28,,1.124e-21,,1.638e-16,9.541e-1,,1.642e-19,6.888e-18,1.286e-17,,,,,1.729e-18,,,,,,,,,,,,,,
738.62,9.529e-1,3.038e-20,3.046e-24,1.827e-42,1.980e-17,,,1.264e-18,1.716e-19,,1.373e-2,1.460e-19,4.058e-29,1.756e-17,1.330e-19,1.120e-17,4.284e-17,,,,3.846e-18,2.646e-36,6.999e-4,,1.700e-12,2.641e-2,,,2.098e-21,1.472e-16,9.182e-19,1.387e-28,,1.124e-21,,1.638e-16,9.121e-1,,1.642e-19,6.888e-18,1.286e-17,,,,,1.730e-18,,,,,,,,,,,,,,
738.65,8.921e-1,3.041e-20,3.035e-24,1.817e-42,1.980e-17,,,1.264e-18,1.716e-19,,1.062e-2,1.462e-19,4.058e-29,1.756e-17,1.331e-19,1.412e-17,4.287e-17,,,,3.846e-18,2.646e-36,5.530e-4,,2.134e-12,3.053e-2,,,2.098e-21,1.473e-16,9.189e-19,1.387e-28,,1.125e-21,,1.638e-16,8.504e-1,,1.641e-19,6.888e-18,1.286e-17,,,,,1.730e-18,,,,,,,,,,,,,,
738.67,8.531e-1,3.043e-20,3.028e-24,1.810e-42,1.980e-17,,,1.264e-18,1.717e-19,,8.933e-3,1.463e-19,4.058e-29,1.756e-17,1.333e-19,1.645e-17,4.289e-17,,,,3.847e-18,2.647e-36,4.717e-4,,2.479e-12,3.358e-2,,,2.097e-21,1.473e-16,9.194e-19,1.386e-28,,1.125e-21,,1.638e-16,8.101e-1,,1.640e-19,6.888e-18,1.286e-17,,,,,1.730e-18,,,,,,,,,,,,,,
738.7,7.972e-1,3.046e-20,3.017e-24,1.800e-42,1.981e-17,,,1.264e-18,1.717e-19,,6.875e-3,1.465e-19,4.059e-29,1.756e-17,1.334e-19,2.063e-17,4.293e-17,,,,3.847e-18,2.647e-36,3.707e-4,,3.096e-12,3.862e-2,,,2.097e-21,1.474e-16,9.201e-19,1.386e-28,,1.125e-21,,1.639e-16,7.513e-1,,1.639e-19,6.888e-18,1.286e-17,,,,,1.731e-18,,,,,,,,,,,,,,
738.72,7.617e-1,3.048e-20,3.010e-24,1.793e-42,1.981e-17,,,1.264e-18,1.718e-19,,5.763e-3,1.466e-19,4.059e-29,1.756e-17,1.335e-19,2.395e-17,4.295e-17,,,,3.848e-18,2.647e-36,3.151e-4,,3.584e-12,4.232e-2,,,2.097e-21,1.474e-16,9.205e-19,1.385e-28,,1.125e-21,,1.639e-16,7.133e-1,,1.639e-19,6.888e-18,1.287e-17,,,,,1.731e-18,,,,,,,,,,,,,,
738.75,7.111e-1,3.051e-20,3.000e-24,1.783e-42,1.982e-17,,,1.264e-18,1.718e-19,,4.411e-3,1.468e-19,4.059e-29,1.756e-17,1.337e-19,2.988e-17,4.298e-17,,,,3.848e-18,2.647e-36,2.464e-4,,4.453e-12,4.842e-2,,,2.096e-21,1.475e-16,9.212e-19,1.385e-28,,1.125e-21,,1.639e-16,6.580e-1,,1.638e-19,6.888e-18,1.287e-17,,,,,1.731e-18,,,,,,,,,,,,,,
738.77,6.793e-1,3.053e-20,2.992e-24,1.777e-42,1.982e-17,,,1.264e-18,1.718e-19,,3.685e-3,1.469e-19,4.059e-29,1.756e-17,1.338e-19,3.456e-17,4.300e-17,,,,3.849e-18,2.647e-36,2.087e-4,,5.137e-12,5.287e-2,,,2.096e-21,1.476e-16,9.217e-19,1.384e-28,,1.126e-21,,1.639e-16,6.225e-1,,1.637e-19,6.888e-18,1.287e-17,,,,,1.731e-18,,,,,,,,,,,,,,
738.8,6.344e-1,3.056e-20,2.982e-24,1.767e-42,1.983e-17,,,1.264e-18,1.719e-19,,2.806e-3,1.471e-19,4.059e-29,1.756e-17,1.340e-19,4.289e-17,4.303e-17,,,,3.849e-18,2.648e-36,1.623e-4,,6.348e-12,6.018e-2,,,2.096e-21,1.477e-16,9.223e-19,1.384e-28,,1.126e-21,,1.639e-16,5.713e-1,,1.637e-19,6.888e-18,1.287e-17,,,,,1.732e-18,,,,,,,,,,,,,,
738.82,6.065e-1,3.058e-20,2.975e-24,1.760e-42,1.983e-17,,,1.264e-18,1.719e-19,,2.336e-3,1.473e-19,4.059e-29,1.756e-17,1.341e-19,4.945e-17,4.305e-17,,,,3.849e-18,2.648e-36,1.370e-4,,7.298e-12,6.549e-2,,,2.096e-21,1.477e-16,9.228e-19,1.383e-28,,1.126e-21,,1.640e-16,5.385e-1,,1.636e-19,6.888e-18,1.287e-17,,,,,1.732e-18,,,,,,,,,,,,,,
738.85,5.676e-1,3.061e-20,2.964e-24,1.750e-42,1.983e-17,,,1.264e-18,1.720e-19,,1.769e-3,1.474e-19,4.060e-29,1.756e-17,1.343e-19,6.104e-17,4.308e-17,,,,3.850e-18,2.648e-36,1.060e-4,,8.972e-12,7.415e-2,,,2.095e-21,1.478e-16,9.235e-19,1.383e-28,,1.126e-21,,1.640e-16,4.916e-1,,1.635e-19,6.888e-18,1.287e-17,,,,,1.732e-18,,,,,,,,,,,,,,
738.87,5.438e-1,3.063e-20,2.957e-24,1.744e-42,1.984e-17,,,1.264e-18,1.720e-19,,1.467e-3,1.476e-19,4.060e-29,1.756e-17,1.344e-19,7.013e-17,4.310e-17,,,,3.850e-18,2.648e-36,8.914e-5,,1.028e-11,8.041e-2,,,2.095e-21,1.478e-16,9.239e-19,1.382e-28,,1.126e-21,,1.640e-16,4.618e-1,,1.635e-19,6.888e-18,1.288e-17,,,,,1.733e-18,,,,,,,,,,,,,,
738.9,5.111e-1,3.066e-20,2.946e-24,1.734e-42,1.984e-17,,,1.264e-18,1.720e-19,,1.106e-3,1.477e-19,4.060e-29,1.756e-17,1.346e-19,8.612e-17,4.314e-17,,,,3.851e-18,2.649e-36,6.859e-5,,1.257e-11,9.056e-2,,,2.095e-21,1.479e-16,9.246e-19,1.382e-28,,1.127e-21,,1.640e-16,4.194e-1,,1.634e-19,6.888e-18,1.288e-17,,,,,1.733e-18,,,,,,,,,,,,,,
738.92,4.914e-1,3.068e-20,2.939e-24,1.727e-42,1.985e-17,,,1.264e-18,1.721e-19,,9.139e-4,1.479e-19,4.060e-29,1.756e-17,1.347e-19,9.859e-17,4.316e-17,,,,3.851e-18,2.649e-36,5.750e-5,,1.435e-11,9.787e-2,,,2.094e-21,1.480e-16,9.251e-19,1.381e-28,,1.127e-21,,1.641e-16,3.926e-1,,1.633e-19,6.888e-18,1.288e-17,,,,,1.733e-18,,,,,,,,,,,,,,
738.95,4.650e-1,3.071e-20,2.928e-24,1.717e-42,1.985e-17,,,1.264e-18,1.721e-19,,6.850e-4,1.481e-19,4.060e-29,1.756e-17,1.348e-19,1.205e-16,4.319e-17,,,,3.852e-18,2.649e-36,4.401e-5,,1.746e-11,1.097e-1,,,2.094e-21,1.480e-16,9.258e-19,1.380e-28,,1.127e-21,,1.641e-16,3.546e-1,,1.632e-19,6.888e-18,1.288e-17,,,,,1.734e-18,,,,,,,,,,,,,,
738.97,4.495e-1,3.073e-20,2.921e-24,1.710e-42,1.985e-17,,,1.264e-18,1.722e-19,,5.642e-4,1.482e-19,4.060e-29,1.756e-17,1.350e-19,1.374e-16,4.321e-17,,,,3.852e-18,2.649e-36,3.676e-5,,1.986e-11,1.181e-1,,,2.094e-21,1.481e-16,9.262e-19,1.380e-28,,1.127e-21,,1.641e-16,3.308e-1,,1.632e-19,6.888e-18,1.288e-17,,,,,1.734e-18,,,,,,,,,,,,,,
738.99,4.356e-1,3.075e-20,2.914e-24,1.704e-42,1.986e-17,,,1.264e-18,1.722e-19,,4.640e-4,1.483e-19,4.060e-29,1.756e-17,1.351e-19,1.565e-16,4.323e-17,,,,3.853e-18,2.649e-36,3.066e-5,,2.257e-11,1.270e-1,,,2.094e-21,1.482e-16,9.267e-19,1.380e-28,,1.127e-21,,1.641e-16,3.081e-1,,1.631e-19,6.888e-18,1.289e-17,,,,,1.734e-18,,,,,,,,,,,,,,
739.02,4.179e-1,3.078e-20,2.903e-24,1.694e-42,1.986e-17,,,1.264e-18,1.722e-19,,3.452e-4,1.485e-19,4.061e-29,1.756e-17,1.352e-19,1.899e-16,4.326e-17,,,,3.853e-18,2.650e-36,2.330e-5,,2.725e-11,1.412e-1,,,2.093e-21,1.482e-16,9.274e-19,1.379e-28,,1.128e-21,,1.641e-16,2.763e-1,,1.630e-19,6.888e-18,1.289e-17,,,,,1.734e-18,,,,,,,,,,,,,,
739.04,4.081e-1,3.080e-20,2.896e-24,1.687e-42,1.987e-17,,,1.263e-18,1.723e-19,,2.830e-4,1.486e-19,4.061e-29,1.756e-17,1.354e-19,2.155e-16,4.328e-17,,,,3.853e-18,2.650e-36,1.936e-5,,3.086e-11,1.513e-1,,,2.093e-21,1.483e-16,9.278e-19,1.379e-28,,1.128e-21,,1.642e-16,2.565e-1,,1.630e-19,6.888e-18,1.289e-17,,,,,1.735e-18,,,,,,,,,,,,,,
739.07,3.964e-1,3.083e-20,2.885e-24,1.677e-42,1.987e-17,,,1.263e-18,1.723e-19,,2.094e-4,1.488e-19,4.061e-29,1.756e-17,1.355e-19,2.600e-16,4.332e-17,,,,3.854e-18,2.650e-36,1.463e-5,,3.707e-11,1.674e-1,,,2.093e-21,1.484e-16,9.285e-19,1.378e-28,,1.128e-21,,1.642e-16,2.288e-1,,1.629e-19,6.888e-18,1.289e-17,,,,,1.735e-18,,,,,,,,,,,,,,
739.09,3.906e-1,3.085e-20,2.878e-24,1.671e-42,1.987e-17,,,1.263e-18,1.724e-19,,1.710e-4,1.489e-19,4.061e-29,1.756e-17,1.356e-19,2.942e-16,4.334e-17,,,,3.854e-18,2.650e-36,1.212e-5,,4.182e-11,1.788e-1,,,2.092e-21,1.484e-16,9.290e-19,1.378e-28,,1.128e-21,,1.642e-16,2.116e-1,,1.628e-19,6.888e-18,1.289e-17,,,,,1.735e-18,,,,,,,,,,,,,,
739.12,3.847e-1,3.088e-20,2.867e-24,1.661e-42,1.988e-17,,,1.263e-18,1.724e-19,,1.259e-4,1.491e-19,4.061e-29,1.756e-17,1.358e-19,3.531e-16,4.337e-17,,,,3.855e-18,2.651e-36,9.113e-6,,4.999e-11,1.968e-1,,,2.092e-21,1.485e-16,9.296e-19,1.377e-28,,1.128e-21,,1.642e-16,1.877e-1,,1.627e-19,6.888e-18,1.289e-17,,,,,1.736e-18,,,,,,,,,,,,,,
739.14,3.826e-1,3.090e-20,2.860e-24,1.654e-42,1.988e-17,,,1.263e-18,1.724e-19,,1.025e-4,1.492e-19,4.061e-29,1.756e-17,1.359e-19,3.980e-16,4.339e-17,,,,3.855e-18,2.651e-36,7.521e-6,,5.620e-11,2.094e-1,,,2.092e-21,1.485e-16,9.301e-19,1.376e-28,,1.129e-21,,1.643e-16,1.730e-1,,1.627e-19,6.888e-18,1.290e-17,,,,,1.736e-18,,,,,,,,,,,,,,
739.17,3.821e-1,3.093e-20,2.849e-24,1.644e-42,1.989e-17,,,1.263e-18,1.725e-19,,7.504e-5,1.494e-19,4.062e-29,1.756e-17,1.361e-19,4.752e-16,4.342e-17,,,,3.856e-18,2.651e-36,5.625e-6,,6.682e-11,2.293e-1,,,2.092e-21,1.486e-16,9.308e-19,1.376e-28,,1.129e-21,,1.643e-16,1.527e-1,,1.626e-19,6.888e-18,1.290e-17,,,,,1.736e-18,,,,,,,,,,,,,,
739.19,3.835e-1,3.095e-20,2.842e-24,1.637e-42,1.989e-17,,,1.263e-18,1.725e-19,,6.086e-5,1.495e-19,4.062e-29,1.756e-17,1.362e-19,5.339e-16,4.344e-17,,,,3.856e-18,2.651e-36,4.626e-6,,7.486e-11,2.432e-1,,,2.091e-21,1.487e-16,9.312e-19,1.375e-28,,1.129e-21,,1.643e-16,1.403e-1,,1.626e-19,6.888e-18,1.290e-17,,,,,1.737e-18,,,,,,,,,,,,,,
739.22,3.881e-1,3.098e-20,2.832e-24,1.627e-42,1.989e-17,,,1.263e-18,1.726e-19,,4.433e-5,1.497e-19,4.062e-29,1.756e-17,1.364e-19,6.341e-16,4.347e-17,,,,3.857e-18,2.652e-36,3.441e-6,,8.854e-11,2.649e-1,,,2.091e-21,1.488e-16,9.319e-19,1.375e-28,,1.129e-21,,1.643e-16,1.232e-1,,1.625e-19,6.888e-18,1.290e-17,,,,,1.737e-18,,,,,,,,,,,,,,
739.24,3.927e-1,3.100e-20,2.824e-24,1.621e-42,1.990e-17,,,1.263e-18,1.726e-19,,3.583e-5,1.498e-19,4.062e-29,1.756e-17,1.365e-19,7.099e-16,4.350e-17,,,,3.857e-18,2.652e-36,2.820e-6,,9.884e-11,2.799e-1,,,2.091e-21,1.488e-16,9.324e-19,1.374e-28,,1.129e-21,,1.643e-16,1.127e-1,,1.624e-19,6.888e-18,1.290e-17,,,,,1.737e-18,,,,,,,,,,,,,,
739.27,4.017e-1,3.103e-20,2.814e-24,1.611e-42,1.990e-17,,,1.263e-18,1.726e-19,,2.596e-5,1.500e-19,4.062e-29,1.756e-17,1.367e-19,8.387e-16,4.353e-17,,,,3.858e-18,2.652e-36,2.087e-6,,1.163e-10,3.032e-1,,,2.090e-21,1.489e-16,9.331e-19,1.374e-28,,1.130e-21,,1.644e-16,9.846e-2,,1.623e-19,6.888e-18,1.291e-17,,,,,1.737e-18,,,,,,,,,,,,,,
739.29,4.092e-1,3.105e-20,2.806e-24,1.604e-42,1.991e-17,,,1.263e-18,1.727e-19,,2.091e-5,1.502e-19,4.062e-29,1.756e-17,1.368e-19,9.357e-16,4.355e-17,,,,3.858e-18,2.652e-36,1.704e-6,,1.294e-10,3.193e-1,,,2.090e-21,1.489e-16,9.335e-19,1.373e-28,,1.130e-21,,1.644e-16,8.980e-2,,1.623e-19,6.888e-18,1.291e-17,,,,,1.738e-18,,,,,,,,,,,,,,
739.32,4.222e-1,3.108e-20,2.796e-24,1.594e-42,1.991e-17,,,1.263e-18,1.727e-19,,1.507e-5,1.503e-19,4.062e-29,1.756e-17,1.370e-19,1.100e-15,4.358e-17,,,,3.859e-18,2.652e-36,1.255e-6,,1.514e-10,3.442e-1,,,2.090e-21,1.490e-16,9.342e-19,1.373e-28,,1.130e-21,,1.644e-16,7.802e-2,,1.622e-19,6.888e-18,1.291e-17,,,,,1.738e-18,,,,,,,,,,,,,,
739.34,4.321e-1,3.110e-20,2.789e-24,1.588e-42,1.991e-17,,,1.263e-18,1.728e-19,,1.209e-5,1.505e-19,4.063e-29,1.756e-17,1.371e-19,1.223e-15,4.360e-17,,,,3.859e-18,2.653e-36,1.021e-6,,1.679e-10,3.612e-1,,,2.090e-21,1.491e-16,9.347e-19,1.372e-28,,1.130e-21,,1.644e-16,7.091e-2,,1.621e-19,6.888e-18,1.291e-17,,,,,1.738e-18,,,,,,,,,,,,,,
739.37,4.485e-1,3.113e-20,2.778e-24,1.578e-42,1.992e-17,,,1.263e-18,1.728e-19,,8.672e-6,1.507e-19,4.063e-29,1.756e-17,1.372e-19,1.430e-15,4.363e-17,,,,3.860e-18,2.653e-36,7.475e-7,,1.955e-10,3.872e-1,,,2.089e-21,1.491e-16,9.354e-19,1.372e-28,,1.130e-21,,1.645e-16,6.128e-2,,1.620e-19,6.888e-18,1.291e-17,,,,,1.739e-18,,,,,,,,,,,,,,
739.39,4.605e-1,3.115e-20,2.771e-24,1.571e-42,1.992e-17,,,1.263e-18,1.728e-19,,6.934e-6,1.508e-19,4.063e-29,1.755e-17,1.374e-19,1.584e-15,4.365e-17,,,,3.860e-18,2.653e-36,6.062e-7,,2.160e-10,4.050e-1,,,2.089e-21,1.492e-16,9.358e-19,1.371e-28,,1.131e-21,,1.645e-16,5.550e-2,,1.620e-19,6.888e-18,1.291e-17,,,,,1.739e-18,,,,,,,,,,,,,,
739.41,4.731e-1,3.117e-20,2.764e-24,1.564e-42,1.993e-17,,,1.263e-18,1.729e-19,,5.538e-6,1.509e-19,4.063e-29,1.755e-17,1.375e-19,1.752e-15,4.367e-17,,,,3.860e-18,2.653e-36,4.909e-7,,2.383e-10,4.229e-1,,,2.089e-21,1.492e-16,9.363e-19,1.371e-28,,1.131e-21,,1.645e-16,5.019e-2,,1.619e-19,6.888e-18,1.292e-17,,,,,1.739e-18,,,,,,,,,,,,,,
739.44,4.931e-1,3.120e-20,2.753e-24,1.554e-42,1.993e-17,,,1.263e-18,1.729e-19,,3.941e-6,1.511e-19,4.063e-29,1.755e-17,1.376e-19,2.034e-15,4.371e-17,,,,3.861e-18,2.653e-36,3.568e-7,,2.754e-10,4.501e-1,,,2.088e-21,1.493e-16,9.370e-19,1.370e-28,,1.131e-21,,1.645e-16,4.306e-2,,1.618e-19,6.888e-18,1.292e-17,,,,,1.740e-18,,,,,,,,,,,,,,
739.46,5.072e-1,3.122e-20,2.746e-24,1.548e-42,1.993e-17,,,1.263e-18,1.730e-19,,3.136e-6,1.512e-19,4.063e-29,1.755e-17,1.378e-19,2.242e-15,4.373e-17,,,,3.861e-18,2.654e-36,2.879e-7,,3.028e-10,4.684e-1,,,2.088e-21,1.494e-16,9.374e-19,1.370e-28,,1.131e-21,,1.645e-16,3.881e-2,,1.618e-19,6.887e-18,1.292e-17,,,,,1.740e-18,,,,,,,,,,,,,,
739.49,5.290e-1,3.125e-20,2.735e-24,1.538e-42,1.994e-17,,,1.262e-18,1.730e-19,,2.220e-6,1.514e-19,4.064e-29,1.755e-17,1.379e-19,2.589e-15,4.376e-17,,,,3.862e-18,2.654e-36,2.081e-7,,3.482e-10,4.959e-1,,,2.088e-21,1.495e-16,9.381e-19,1.369e-28,,1.131e-21,,1.646e-16,3.312e-2,,1.617e-19,6.887e-18,1.292e-17,,,,,1.740e-18,,,,,,,,,,,,,,
739.51,5.440e-1,3.127e-20,2.728e-24,1.531e-42,1.994e-17,,,1.262e-18,1.730e-19,,1.761e-6,1.515e-19,4.064e-29,1.755e-17,1.380e-19,2.845e-15,4.378e-17,,,,3.862e-18,2.654e-36,1.674e-7,,3.815e-10,5.142e-1,,,2.088e-21,1.495e-16,9.386e-19,1.369e-28,,1.132e-21,,1.646e-16,2.974e-2,,1.616e-19,6.887e-18,1.292e-17,,,,,1.740e-18,,,,,,,,,,,,,,
739.54,5.669e-1,3.130e-20,2.717e-24,1.521e-42,1.995e-17,,,1.262e-18,1.731e-19,,1.240e-6,1.517e-19,4.064e-29,1.755e-17,1.382e-19,3.267e-15,4.381e-17,,,,3.863e-18,2.654e-36,1.204e-7,,4.364e-10,5.416e-1,,,2.087e-21,1.496e-16,9.392e-19,1.368e-28,,1.132e-21,,1.646e-16,2.525e-2,,1.616e-19,6.887e-18,1.293e-17,,,,,1.741e-18,,,,,,,,,,,,,,
739.56,5.823e-1,3.132e-20,2.710e-24,1.515e-42,1.995e-17,,,1.262e-18,1.731e-19,,9.798e-7,1.518e-19,4.064e-29,1.755e-17,1.383e-19,3.577e-15,4.383e-17,,,,3.863e-18,2.655e-36,9.645e-8,,4.764e-10,5.597e-1,,,2.087e-21,1.496e-16,9.397e-19,1.368e-28,,1.132e-21,,1.646e-16,2.259e-2,,1.615e-19,6.887e-18,1.293e-17,,,,,1.741e-18,,,,,,,,,,,,,,
739.59,6.055e-1,3.135e-20,2.699e-24,1.505e-42,1.995e-17,,,1.262e-18,1.732e-19,,6.864e-7,1.520e-19,4.064e-29,1.755e-17,1.385e-19,4.087e-15,4.386e-17,,,,3.864e-18,2.655e-36,6.900e-8,,5.421e-10,5.864e-1,,,2.087e-21,1.497e-16,9.404e-19,1.367e-28,,1.132e-21,,1.647e-16,1.908e-2,,1.614e-19,6.887e-18,1.293e-17,,,,,1.741e-18,,,,,,,,,,,,,,
739.61,6.209e-1,3.137e-20,2.692e-24,1.498e-42,1.996e-17,,,1.262e-18,1.732e-19,,5.405e-7,1.521e-19,4.064e-29,1.755e-17,1.386e-19,4.460e-15,4.389e-17,,,,3.864e-18,2.655e-36,5.509e-8,,5.898e-10,6.039e-1,,,2.086e-21,1.498e-16,9.408e-19,1.367e-28,,1.132e-21,,1.647e-16,1.701e-2,,1.614e-19,6.887e-18,1.293e-17,,,,,1.742e-18,,,,,,,,,,,,,,
739.64,6.437e-1,3.140e-20,2.681e-24,1.488e-42,1.996e-17,,,1.262e-18,1.733e-19,,3.766e-7,1.523e-19,4.064e-29,1.755e-17,1.388e-19,5.069e-15,4.392e-17,,,,3.865e-18,2.655e-36,3.920e-8,,6.676e-10,6.294e-1,,,2.086e-21,1.498e-16,9.415e-19,1.366e-28,,1.133e-21,,1.647e-16,1.429e-2,,1.613e-19,6.887e-18,1.293e-17,,,,,1.742e-18,,,,,,,,,,,,,,
739.66,6.586e-1,3.142e-20,2.674e-24,1.481e-42,1.997e-17,,,1.262e-18,1.733e-19,,2.955e-7,1.524e-19,4.065e-29,1.755e-17,1.389e-19,5.511e-15,4.394e-17,,,,3.865e-18,2.655e-36,3.119e-8,,7.238e-10,6.459e-1,,,2.086e-21,1.499e-16,9.420e-19,1.366e-28,,1.133e-21,,1.647e-16,1.270e-2,,1.612e-19,6.887e-18,1.293e-17,,,,,1.742e-18,,,,,,,,,,,,,,
739.69,6.803e-1,3.145e-20,2.663e-24,1.471e-42,1.997e-17,,,1.262e-18,1.733e-19,,2.048e-7,1.526e-19,4.065e-29,1.755e-17,1.391e-19,6.232e-15,4.397e-17,,,,3.865e-18,2.656e-36,2.208e-8,,8.151e-10,6.697e-1,,,2.086e-21,1.500e-16,9.427e-19,1.365e-28,,1.133e-21,,1.647e-16,1.061e-2,,1.611e-19,6.887e-18,1.294e-17,,,,,1.743e-18,,,,,,,,,,,,,,
739.71,6.942e-1,3.147e-20,2.656e-24,1.465e-42,1.997e-17,,,1.262e-18,1.734e-19,,1.602e-7,1.528e-19,4.065e-29,1.755e-17,1.392e-19,6.752e-15,4.399e-17,,,,3.866e-18,2.656e-36,1.750e-8,,8.806e-10,6.848e-1,,,2.085e-21,1.500e-16,9.431e-19,1.365e-28,,1.133e-21,,1.648e-16,9.397e-3,,1.611e-19,6.887e-18,1.294e-17,,,,,1.743e-18,,,,,,,,,,,,,,
739.74,7.141e-1,3.150e-20,2.646e-24,1.455e-42,1.998e-17,,,1.262e-18,1.734e-19,,1.104e-7,1.529e-19,4.065e-29,1.755e-17,1.393e-19,7.595e-15,4.402e-17,,,,3.866e-18,2.656e-36,1.232e-8,,9.864e-10,7.063e-1,,,2.085e-21,1.501e-16,9.438e-19,1.364e-28,,1.134e-21,,1.648e-16,7.810e-3,,1.610e-19,6.887e-18,1.294e-17,,,,,1.743e-18,,,,,,,,,,,,,,
739.76,7.267e-1,3.152e-20,2.638e-24,1.448e-42,1.998e-17,,,1.262e-18,1.734e-19,,8.605e-8,1.531e-19,4.065e-29,1.755e-17,1.395e-19,8.200e-15,4.404e-17,,,,3.867e-18,2.656e-36,9.737e-9,,1.062e-9,7.198e-1,,,2.085e-21,1.502e-16,9.443e-19,1.364e-28,,1.134e-21,,1.648e-16,6.892e-3,,1.609e-19,6.887e-18,1.294e-17,,,,,1.743e-18,,,,,,,,,,,,,,
739.78,7.385e-1,3.154e-20,2.631e-24,1.442e-42,1.999e-17,,,1.262e-18,1.735e-19,,6.695e-8,1.532e-19,4.065e-29,1.755e-17,1.396e-19,8.841e-15,4.406e-17,,,,3.867e-18,2.657e-36,7.682e-9,,1.142e-9,7.324e-1,,,2.084e-21,1.502e-16,9.447e-19,1.363e-28,,1.134e-21,,1.648e-16,6.073e-3,,1.609e-19,6.887e-18,1.294e-17,,,,,1.744e-18,,,,,,,,,,,,,,
739.81,7.549e-1,3.157e-20,2.621e-24,1.432e-42,1.999e-17,,,1.262e-18,1.735e-19,,4.582e-8,1.534e-19,4.065e-29,1.755e-17,1.397e-19,9.872e-15,4.410e-17,,,,3.868e-18,2.657e-36,5.369e-9,,1.270e-9,7.499e-1,,,2.084e-21,1.503e-16,9.454e-19,1.362e-28,,1.134e-21,,1.649e-16,5.011e-3,,1.608e-19,6.887e-18,1.295e-17,,,,,1.744e-18,,,,,,,,,,,,,,
739.83,7.649e-1,3.159e-20,2.613e-24,1.425e-42,1.999e-17,,,1.262e-18,1.736e-19,,3.553e-8,1.535e-19,4.066e-29,1.755e-17,1.399e-19,1.061e-14,4.412e-17,,,,3.868e-18,2.657e-36,4.221e-9,,1.361e-9,7.605e-1,,,2.084e-21,1.503e-16,9.459e-19,1.362e-28,,1.134e-21,,1.649e-16,4.400e-3,,1.607e-19,6.887e-18,1.295e-17,,,,,1.744e-18,,,,,,,,,,,,,,
739.86,7.782e-1,3.162e-20,2.603e-24,1.415e-42,2.000e-17,,,1.262e-18,1.736e-19,,2.419e-8,1.537e-19,4.066e-29,1.755e-17,1.400e-19,1.178e-14,4.415e-17,,,,3.869e-18,2.657e-36,2.935e-9,,1.505e-9,7.745e-1,,,2.084e-21,1.504e-16,9.466e-19,1.361e-28,,1.135e-21,,1.649e-16,3.611e-3,,1.607e-19,6.887e-18,1.295e-17,,,,,1.745e-18,,,,,,,,,,,,,,
739.88,7.859e-1,3.164e-20,2.595e-24,1.408e-42,2.000e-17,,,1.262e-18,1.736e-19,,1.869e-8,1.538e-19,4.066e-29,1.755e-17,1.401e-19,1.262e-14,4.417e-17,,,,3.869e-18,2.657e-36,2.299e-9,,1.607e-9,7.827e-1,,,2.083e-21,1.505e-16,9.470e-19,1.361e-28,,1.135e-21,,1.649e-16,3.160e-3,,1.606e-19,6.887e-18,1.295e-17,,,,,1.745e-18,,,,,,,,,,,,,,
739.91,7.956e-1,3.167e-20,2.585e-24,1.398e-42,2.001e-17,,,1.261e-18,1.737e-19,,1.266e-8,1.540e-19,4.066e-29,1.755e-17,1.403e-19,1.394e-14,4.420e-17,,,,3.869e-18,2.658e-36,1.590e-9,,1.768e-9,7.930e-1,,,2.083e-21,1.506e-16,9.477e-19,1.360e-28,,1.135e-21,,1.649e-16,2.580e-3,,1.605e-19,6.887e-18,1.295e-17,,,,,1.745e-18,,,,,,,,,,,,,,
739.93,8.008e-1,3.169e-20,2.578e-24,1.392e-42,2.001e-17,,,1.261e-18,1.737e-19,,9.744e-9,1.541e-19,4.066e-29,1.755e-17,1.404e-19,1.487e-14,4.422e-17,,,,3.870e-18,2.658e-36,1.242e-9,,1.882e-9,7.986e-1,,,2.083e-21,1.506e-16,9.482e-19,1.360e-28,,1.135e-21,,1.650e-16,2.249e-3,,1.605e-19,6.887e-18,1.295e-17,,,,,1.746e-18,,,,,,,,,,,,,,
739.96,8.067e-1,3.172e-20,2.567e-24,1.382e-42,2.002e-17,,,1.261e-18,1.738e-19,,6.565e-9,1.543e-19,4.066e-29,1.755e-17,1.406e-19,1.635e-14,4.425e-17,,,,3.870e-18,2.658e-36,8.548e-10,,2.060e-9,8.049e-1,,,2.082e-21,1.507e-16,9.488e-19,1.359e-28,,1.135e-21,,1.650e-16,1.827e-3,,1.604e-19,6.887e-18,1.296e-17,,,,,1.746e-18,,,,,,,,,,,,,,
739.98,8.093e-1,3.174e-20,2.560e-24,1.375e-42,2.002e-17,,,1.261e-18,1.738e-19,,5.036e-9,1.544e-19,4.067e-29,1.755e-17,1.407e-19,1.738e-14,4.428e-17,,,,3.871e-18,2.658e-36,6.656e-10,,2.184e-9,8.077e-1,,,2.082e-21,1.507e-16,9.493e-19,1.359e-28,,1.135e-21,,1.650e-16,1.587e-3,,1.603e-19,6.887e-18,1.296e-17,,,,,1.746e-18,,,,,,,,,,,,,,
740.01,8.111e-1,3.177e-20,2.549e-24,1.365e-42,2.002e-17,,,1.261e-18,1.739e-19,,3.375e-9,1.546e-19,4.067e-29,1.755e-17,1.409e-19,1.901e-14,4.431e-17,,,,3.871e-18,2.659e-36,4.567e-10,,2.378e-9,8.098e-1,,,2.082e-21,1.508e-16,9.500e-19,1.358e-28,,1.136e-21,,1.650e-16,1.282e-3,,1.602e-19,6.887e-18,1.296e-17,,,,,1.746e-18,,,,,,,,,,,,,,
740.03,8.109e-1,3.179e-20,2.542e-24,1.359e-42,2.003e-17,,,1.261e-18,1.739e-19,,2.580e-9,1.547e-19,4.067e-29,1.755e-17,1.410e-19,2.014e-14,4.433e-17,,,,3.872e-18,2.659e-36,3.552e-10,,2.513e-9,8.098e-1,,,2.082e-21,1.509e-16,9.504e-19,1.358e-28,,1.136e-21,,1.650e-16,1.110e-3,,1.602e-19,6.887e-18,1.296e-17,,,,,1.747e-18,,,,,,,,,,,,,,
740.06,8.086e-1,3.182e-20,2.531e-24,1.349e-42,2.003e-17,,,1.261e-18,1.739e-19,,1.720e-9,1.549e-19,4.067e-29,1.755e-17,1.412e-19,2.191e-14,4.436e-17,,,,3.872e-18,2.659e-36,2.442e-10,,2.722e-9,8.077e-1,,,2.081e-21,1.509e-16,9.511e-19,1.357e-28,,1.136e-21,,1.651e-16,8.923e-4,,1.601e-19,6.887e-18,1.296e-17,,,,,1.747e-18,,,,,,,,,,,,,,
740.08,8.057e-1,3.184e-20,2.524e-24,1.342e-42,2.004e-17,,,1.261e-18,1.740e-19,,1.310e-9,1.550e-19,4.067e-29,1.755e-17,1.413e-19,2.314e-14,4.438e-17,,,,3.873e-18,2.659e-36,1.911e-10,,2.866e-9,8.049e-1,,,2.081e-21,1.510e-16,9.516e-19,1.357e-28,,1.136e-21,,1.651e-16,7.699e-4,,1.600e-19,6.887e-18,1.297e-17,,,,,1.747e-18,,,,,,,,,,,,,,
740.11,7.992e-1,3.187e-20,2.513e-24,1.332e-42,2.004e-17,,,1.261e-18,1.740e-19,,8.689e-10,1.552e-19,4.067e-29,1.755e-17,1.415e-19,2.504e-14,4.441e-17,,,,3.873e-18,2.660e-36,1.342e-10,,3.089e-9,7.986e-1,,,2.081e-21,1.511e-16,9.523e-19,1.356e-28,,1.137e-21,,1.651e-16,6.154e-4,,1.600e-19,6.887e-18,1.297e-17,,,,,1.748e-18,,,,,,,,,,,,,,
740.13,7.936e-1,3.189e-20,2.506e-24,1.325e-42,2.004e-17,,,1.261e-18,1.740e-19,,6.596e-10,2.164e-19,4.067e-29,1.755e-17,1.416e-19,2.634e-14,4.443e-17,,,,3.874e-18,2.660e-36,1.081e-10,,3.241e-9,7.930e-1,,,2.080e-21,1.511e-16,9.527e-19,1.356e-28,,1.137e-21,,1.651e-16,5.291e-4,,1.599e-19,6.887e-18,1.297e-17,,,,,1.748e-18,,,,,,,,,,,,,,
740.15,7.869e-1,3.191e-20,2.499e-24,1.319e-42,2.005e-17,,,1.261e-18,1.741e-19,,5.000e-10,3.013e-19,4.068e-29,1.755e-17,1.417e-19,2.768e-14,4.446e-17,,,,3.874e-18,2.660e-36,8.938e-11,,3.396e-9,7.864e-1,,,2.080e-21,1.512e-16,9.532e-19,1.355e-28,,1.137e-21,,1.652e-16,4.543e-4,,1.598e-19,6.887e-18,1.297e-17,,,,,1.748e-18,,,,,,,,,,,,,,
740.18,7.749e-1,3.194e-20,2.488e-24,1.309e-42,2.005e-17,,,1.261e-18,1.741e-19,,3.291e-10,4.937e-19,4.068e-29,1.755e-17,1.419e-19,2.973e-14,4.449e-17,,,,3.874e-18,2.660e-36,7.261e-11,,3.633e-9,7.745e-1,,,2.080e-21,1.513e-16,9.539e-19,1.355e-28,,1.137e-21,,1.652e-16,3.605e-4,,1.598e-19,6.887e-18,1.297e-17,,,,,1.749e-18,,,,,,,,,,,,,,
740.2,7.657e-1,3.196e-20,2.481e-24,1.302e-42,2.005e-17,,,1.261e-18,1.742e-19,,2.486e-10,6.850e-19,4.068e-29,1.754e-17,1.420e-19,3.113e-14,4.451e-17,,,,3.875e-18,2.660e-36,6.791e-11,,3.793e-9,7.654e-1,,,2.080e-21,1.513e-16,9.543e-19,1.354e-28,,1.137e-21,,1.652e-16,3.084e-4,,1.597e-19,6.887e-18,1.297e-17,,,,,1.749e-18,,,,,,,,,,,,,,
740.23,7.502e-1,3.199e-20,2.470e-24,1.292e-42,2.006e-17,,,1.261e-18,1.742e-19,,1.628e-10,1.117e-18,4.068e-29,1.754e-17,1.421e-19,3.327e-14,4.454e-17,,,,3.875e-18,2.661e-36,6.980e-11,,4.037e-9,7.499e-1,,,2.079e-21,1.514e-16,9.550e-19,1.354e-28,,1.138e-21,,1.652e-16,2.435e-4,,1.596e-19,6.887e-18,1.298e-17,,,,,1.749e-18,,,,,,,,,,,,,,
740.25,7.387e-1,3.201e-20,2.463e-24,1.286e-42,2.006e-17,,,1.261e-18,1.742e-19,,1.225e-10,1.544e-18,4.068e-29,1.754e-17,1.422e-19,3.472e-14,4.456e-17,,,,3.876e-18,2.661e-36,7.713e-11,,4.200e-9,7.385e-1,,,2.079e-21,1.514e-16,9.555e-19,1.353e-28,,1.138e-21,,1.652e-16,2.076e-4,,1.596e-19,6.887e-18,1.298e-17,,,,,1.749e-18,,,,,,,,,,,,,,
740.28,7.199e-1,3.204e-20,2.452e-24,1.276e-42,2.007e-17,,,1.261e-18,1.743e-19,,7.980e-11,2.504e-18,4.068e-29,1.754e-17,1.424e-19,3.691e-14,4.459e-17,,,,3.876e-18,2.661e-36,9.839e-11,,4.447e-9,7.198e-1,,,2.079e-21,1.515e-16,9.562e-19,1.353e-28,,1.138e-21,,1.653e-16,1.630e-4,,1.595e-19,6.887e-18,1.298e-17,,,,,1.750e-18,,,,,,,,,,,,,,
740.3,7.064e-1,3.206e-20,2.445e-24,1.269e-42,2.007e-17,,,1.261e-18,1.743e-19,,5.986e-11,3.450e-18,4.068e-29,1.754e-17,1.425e-19,3.838e-14,4.461e-17,,,,3.877e-18,2.661e-36,1.207e-10,,4.611e-9,7.063e-1,,,2.078e-21,1.516e-16,9.566e-19,1.352e-28,,1.138e-21,,1.653e-16,1.385e-4,,1.594e-19,6.887e-18,1.298e-17,,,,,1.750e-18,,,,,,,,,,,,,,
740.33,6.849e-1,3.209e-20,2.435e-24,1.259e-42,2.008e-17,,,1.260e-18,1.744e-19,,3.878e-11,5.566e-18,4.069e-29,1.754e-17,1.427e-19,4.058e-14,4.464e-17,,,,3.877e-18,2.661e-36,1.700e-10,,4.856e-9,6.848e-1,,,2.078e-21,1.516e-16,9.573e-19,1.352e-28,,1.138e-21,,1.653e-16,1.082e-4,,1.593e-19,6.887e-18,1.298e-17,,,,,1.750e-18,,,,,,,,,,,,,,
740.35,6.698e-1,3.211e-20,2.427e-24,1.252e-42,2.008e-17,,,1.260e-18,1.744e-19,,2.899e-11,7.643e-18,4.069e-29,1.754e-17,1.428e-19,4.205e-14,4.467e-17,,,,3.878e-18,2.662e-36,2.163e-10,,5.018e-9,6.697e-1,,,2.078e-21,1.517e-16,9.578e-19,1.351e-28,,1.139e-21,,1.653e-16,9.156e-5,,1.593e-19,6.887e-18,1.811e-17,,,,,1.751e-18,,,,,,,,,,,,,,
740.38,6.460e-1,3.214e-20,2.417e-24,1.242e-42,2.008e-17,,,1.260e-18,1.745e-19,,1.868e-11,1.227e-17,4.069e-29,1.754e-17,1.430e-19,4.424e-14,4.470e-17,,,,3.878e-18,2.662e-36,3.133e-10,,5.257e-9,6.459e-1,,,2.078e-21,1.518e-16,9.584e-19,1.351e-28,,1.139e-21,,1.654e-16,7.114e-5,,1.592e-19,6.887e-18,2.976e-17,,,,,1.751e-18,,,,,,,,,,,,,,
740.4,6.295e-1,3.216e-20,2.409e-24,1.236e-42,2.009e-17,,,1.260e-18,1.745e-19,,1.392e-11,1.679e-17,4.069e-29,1.754e-17,1.431e-19,4.568e-14,4.472e-17,,,,3.879e-18,2.662e-36,4.020e-10,,5.413e-9,6.294e-1,,,2.077e-21,1.518e-16,9.589e-19,1.350e-28,,1.139e-21,,1.654e-16,6.002e-5,,1.591e-19,6.887e-18,4.136e-17,,,,,1.751e-18,,,,,,,,,,,,,,
740.43,6.039e-1,3.219e-20,2.399e-24,1.226e-42,2.009e-17,,,1.260e-18,1.745e-19,,8.921e-12,2.680e-17,4.069e-29,1.754e-17,1.433e-19,4.781e-14,4.475e-17,,,,3.879e-18,2.662e-36,5.845e-10,,5.641e-9,6.039e-1,,,2.077e-21,1.519e-16,9.596e-19,1.350e-28,,1.139e-21,,1.654e-16,4.639e-5,,1.590e-19,6.887e-18,6.762e-17,,,,,1.752e-18,,,,,,,,,,,,,,
740.45,5.865e-1,3.221e-20,2.392e-24,1.219e-42,2.010e-17,,,1.260e-18,1.746e-19,,6.621e-12,3.656e-17,4.069e-29,1.754e-17,1.434e-19,4.919e-14,4.477e-17,,,,3.879e-18,2.663e-36,7.498e-10,,5.789e-9,5.864e-1,,,2.077e-21,1.520e-16,9.600e-19,1.349e-28,,1.139e-21,,1.654e-16,3.900e-5,,1.590e-19,6.887e-18,9.367e-17,,,,,1.752e-18,,,,,,,,,,,,,,
740.48,5.597e-1,3.224e-20,2.381e-24,1.209e-42,2.010e-17,,,1.260e-18,1.746e-19,,4.222e-12,5.807e-17,4.070e-29,1.754e-17,1.436e-19,5.121e-14,4.480e-17,,,,3.880e-18,2.663e-36,1.087e-9,,6.001e-9,5.597e-1,,,2.076e-21,1.520e-16,9.607e-19,1.348e-28,,1.140e-21,,1.655e-16,2.998e-5,,1.589e-19,6.887e-18,1.523e-16,,,,,1.752e-18,,,,,,,,,,,,,,
740.5,5.416e-1,3.226e-20,2.374e-24,1.203e-42,2.010e-17,,,1.260e-18,1.746e-19,,3.123e-12,7.892e-17,4.070e-29,1.754e-17,1.437e-19,5.252e-14,4.482e-17,,,,3.880e-18,2.663e-36,1.391e-9,,6.137e-9,5.416e-1,,,2.076e-21,1.521e-16,9.612e-19,1.348e-28,,1.140e-21,,1.655e-16,2.512e-5,,1.588e-19,6.887e-18,2.103e-16,,,,,1.752e-18,,,,,,,,,,,,,,
740.52,5.234e-1,3.228e-20,2.367e-24,1.196e-42,2.011e-17,,,1.260e-18,1.747e-19,,2.306e-12,1.071e-16,4.070e-29,1.754e-17,1.438e-19,5.378e-14,4.485e-17,,,,3.881e-18,2.663e-36,1.778e-9,,6.266e-9,5.234e-1,,,2.076e-21,1.521e-16,9.616e-19,1.348e-28,,1.140e-21,,1.655e-16,2.101e-5,,1.588e-19,6.887e-18,2.899e-16,,,,,1.753e-18,,,,,,,,,,,,,,
740.55,4.959e-1,3.231e-20,2.356e-24,1.186e-42,2.011e-17,,,1.260e-18,1.747e-19,,1.460e-12,1.689e-16,4.070e-29,1.754e-17,1.440e-19,5.558e-14,4.488e-17,,,,3.881e-18,2.663e-36,2.562e-9,,6.449e-9,4.959e-1,,,2.076e-21,1.522e-16,9.623e-19,1.347e-28,,1.140e-21,,1.655e-16,1.603e-5,,1.587e-19,6.887e-18,4.681e-16,,,,,1.753e-18,,,,,,,,,,,,,,
740.57,4.776e-1,3.233e-20,2.349e-24,1.179e-42,2.012e-17,,,1.260e-18,1.748e-19,,1.074e-12,2.285e-16,4.070e-29,1.754e-17,1.441e-19,5.671e-14,4.490e-17,,,,3.882e-18,2.664e-36,3.263e-9,,6.562e-9,4.775e-1,,,2.075e-21,1.523e-16,9.628e-19,1.347e-28,,1.140e-21,,1.655e-16,1.337e-5,,1.586e-19,6.887e-18,6.430e-16,,,,,1.753e-18,,,,,,,,,,,,,,
740.6,4.501e-1,3.236e-20,2.338e-24,1.169e-42,2.012e-17,,,1.260e-18,1.748e-19,,6.766e-13,3.584e-16,4.070e-29,1.754e-17,1.442e-19,5.830e-14,4.493e-17,,,,3.882e-18,2.664e-36,4.677e-9,,6.719e-9,4.501e-1,,,2.075e-21,1.524e-16,9.635e-19,1.346e-28,,1.141e-21,,1.656e-16,1.015e-5,,1.586e-19,6.887e-18,1.033e-15,,,,,1.754e-18,,,,,,,,,,,,,,
740.62,4.319e-1,3.238e-20,2.331e-24,1.163e-42,2.012e-17,,,1.260e-18,1.748e-19,,4.962e-13,4.831e-16,4.070e-29,1.754e-17,1.444e-19,5.929e-14,4.495e-17,,,,3.883e-18,2.664e-36,5.937e-9,,6.813e-9,4.319e-1,,,2.075e-21,1.524e-16,9.639e-19,1.346e-28,,1.141e-21,,1.656e-16,8.430e-6,,1.585e-19,6.887e-18,1.414e-15,,,,,1.754e-18,,,,,,,,,,,,,,
740.65,4.050e-1,3.241e-20,2.320e-24,1.153e-42,2.013e-17,,,1.260e-18,1.749e-19,,3.108e-13,7.540e-16,4.071e-29,1.754e-17,1.445e-19,6.064e-14,4.498e-17,,,,3.883e-18,2.664e-36,8.467e-9,,6.939e-9,4.050e-1,,,2.074e-21,1.525e-16,9.646e-19,1.345e-28,,1.141e-21,,1.656e-16,6.366e-6,,1.584e-19,6.887e-18,2.260e-15,,,,,1.754e-18,,,,,,,,,,,,,,
740.67,3.872e-1,3.243e-20,2.313e-24,1.146e-42,2.013e-17,,,1.260e-18,1.749e-19,,2.271e-13,1.013e-15,4.071e-29,1.754e-17,1.446e-19,6.144e-14,4.500e-17,,,,3.883e-18,2.665e-36,1.071e-8,,7.012e-9,3.872e-1,,,2.074e-21,1.525e-16,9.651e-19,1.344e-28,,1.141e-21,,1.656e-16,5.270e-6,,1.584e-19,6.887e-18,3.083e-15,,,,,1.755e-18,,,,,,,,,,,,,,
740.7,3.612e-1,3.246e-20,2.302e-24,1.136e-42,2.014e-17,,,1.260e-18,1.750e-19,,1.415e-13,1.573e-15,4.071e-29,1.754e-17,1.448e-19,6.251e-14,4.504e-17,,,,3.884e-18,2.665e-36,1.520e-8,,7.104e-9,3.612e-1,,,2.074e-21,1.526e-16,9.658e-19,1.344e-28,,1.141e-21,,1.657e-16,3.958e-6,,1.583e-19,6.887e-18,4.901e-15,,,,,1.755e-18,,,,,,,,,,,,,,
740.72,3.442e-1,3.248e-20,2.295e-24,1.130e-42,2.014e-17,,,1.260e-18,1.750e-19,,1.031e-13,2.105e-15,4.071e-29,1.754e-17,1.449e-19,6.313e-14,4.506e-17,,,,3.884e-18,2.665e-36,1.915e-8,,7.154e-9,3.442e-1,,,2.074e-21,1.527e-16,9.662e-19,1.343e-28,,1.142e-21,,1.657e-16,3.265e-6,,1.582e-19,6.887e-18,6.664e-15,,,,,1.755e-18,,,,,,,,,,,,,,
740.75,3.193e-1,3.251e-20,2.284e-24,1.120e-42,2.014e-17,,,1.260e-18,1.751e-19,,6.388e-14,3.252e-15,4.071e-29,1.754e-17,1.451e-19,6.389e-14,4.509e-17,,,,3.885e-18,2.665e-36,2.704e-8,,7.210e-9,3.193e-1,,,2.073e-21,1.527e-16,9.669e-19,1.343e-28,,1.142e-21,,1.657e-16,2.440e-6,,1.581e-19,6.887e-18,1.054e-14,,,,,1.755e-18,,,,,,,,,,,,,,
740.77,3.032e-1,3.253e-20,2.277e-24,1.113e-42,2.015e-17,,,1.259e-18,1.751e-19,,4.635e-14,4.338e-15,4.071e-29,1.754e-17,1.452e-19,6.429e-14,4.511e-17,,,,3.885e-18,2.665e-36,3.396e-8,,7.235e-9,3.032e-1,,,2.073e-21,1.528e-16,9.674e-19,1.342e-28,,1.142e-21,,1.657e-16,2.006e-6,,1.581e-19,6.887e-18,1.428e-14,,,,,1.756e-18,,,,,,,,,,,,,,
740.8,2.799e-1,3.256e-20,2.266e-24,1.103e-42,2.015e-17,,,1.259e-18,1.751e-19,,2.858e-14,6.667e-15,4.072e-29,1.754e-17,1.454e-19,6.473e-14,4.514e-17,,,,3.886e-18,2.666e-36,4.769e-8,,7.254e-9,2.799e-1,,,2.073e-21,1.529e-16,9.680e-19,1.342e-28,,1.142e-21,,1.657e-16,1.491e-6,,1.580e-19,6.887e-18,2.247e-14,,,,,1.756e-18,,,,,,,,,,,,,,
740.82,2.649e-1,3.258e-20,2.259e-24,1.096e-42,2.016e-17,,,1.259e-18,1.752e-19,,2.067e-14,8.863e-15,4.072e-29,1.754e-17,1.455e-19,6.491e-14,4.516e-17,,,,3.886e-18,2.666e-36,5.970e-8,,7.254e-9,2.649e-1,,,2.072e-21,1.529e-16,9.685e-19,1.341e-28,,1.142e-21,,1.658e-16,1.221e-6,,1.579e-19,6.887e-18,3.034e-14,,,,,1.756e-18,,,,,,,,,,,,,,
740.85,2.432e-1,3.261e-20,2.249e-24,1.086e-42,2.016e-17,,,1.259e-18,1.752e-19,,1.267e-14,1.355e-14,4.072e-29,1.754e-17,1.457e-19,6.501e-14,4.519e-17,,,,3.887e-18,2.666e-36,8.340e-8,,7.235e-9,2.432e-1,,,2.072e-21,1.530e-16,9.692e-19,1.341e-28,,1.143e-21,,1.658e-16,9.029e-7,,1.579e-19,6.887e-18,4.750e-14,,,,,1.757e-18,,,,,,,,,,,,,,
740.87,2.293e-1,3.263e-20,2.241e-24,1.080e-42,2.016e-17,,,1.259e-18,1.753e-19,,9.132e-15,1.795e-14,4.072e-29,1.754e-17,1.458e-19,6.497e-14,4.521e-17,,,,3.887e-18,2.666e-36,1.040e-7,,7.210e-9,2.293e-1,,,2.072e-21,1.531e-16,9.696e-19,1.340e-28,,1.143e-21,,1.658e-16,7.370e-7,,1.578e-19,6.887e-18,6.392e-14,,,,,1.757e-18,,,,,,,,,,,,,,
740.89,2.159e-1,3.265e-20,2.234e-24,1.073e-42,2.017e-17,,,1.259e-18,1.753e-19,,6.571e-15,2.375e-14,4.072e-29,1.754e-17,1.459e-19,6.483e-14,4.524e-17,,,,3.888e-18,2.667e-36,1.296e-7,,7.175e-9,2.159e-1,,,2.072e-21,1.531e-16,9.701e-19,1.340e-28,,1.143e-21,,1.658e-16,6.008e-7,,1.577e-19,6.887e-18,8.590e-14,,,,,1.757e-18,,,,,,,,,,,,,,
740.92,1.968e-1,3.268e-20,2.224e-24,1.063e-42,2.017e-17,,,1.259e-18,1.753e-19,,4.000e-15,3.605e-14,4.072e-29,1.754e-17,1.461e-19,6.446e-14,4.527e-17,,,,3.888e-18,2.667e-36,1.798e-7,,7.104e-9,1.968e-1,,,2.071e-21,1.532e-16,9.708e-19,1.339e-28,,1.143e-21,,1.658e-16,4.409e-7,,1.577e-19,6.887e-18,1.335e-13,,,,,1.758e-18,,,,,,,,,,,,,,
740.94,1.847e-1,3.270e-20,2.216e-24,1.057e-42,2.018e-17,,,1.259e-18,1.754e-19,,2.868e-15,4.753e-14,4.072e-29,1.754e-17,1.462e-19,6.410e-14,4.529e-17,,,,3.888e-18,2.667e-36,2.232e-7,,7.045e-9,1.847e-1,,,2.071e-21,1.532e-16,9.712e-19,1.339e-28,,1.143e-21,,1.659e-16,3.581e-7,,1.576e-19,6.887e-18,1.788e-13,,,,,1.758e-18,,,,,,,,,,,,,,
740.97,1.675e-1,3.273e-20,2.206e-24,1.047e-42,2.018e-17,,,1.259e-18,1.754e-19,,1.432e-15,7.177e-14,4.073e-29,1.754e-17,1.463e-19,6.340e-14,4.532e-17,,,,3.889e-18,2.667e-36,3.079e-7,,6.939e-9,1.674e-1,,,2.071e-21,1.533e-16,9.719e-19,1.338e-28,,1.144e-21,,1.659e-16,2.615e-7,,1.575e-19,6.887e-18,2.764e-13,,,,,1.758e-18,,,,,,,,,,,,,,
740.99,1.566e-1,3.275e-20,2.198e-24,1.040e-42,2.018e-17,,,1.259e-18,1.754e-19,,1.024e-15,9.430e-14,4.073e-29,1.753e-17,1.465e-19,6.283e-14,4.534e-17,,,,3.889e-18,2.667e-36,3.809e-7,,6.857e-9,1.566e-1,,,2.070e-21,1.534e-16,9.724e-19,1.338e-28,,1.144e-21,,1.659e-16,2.116e-7,,1.575e-19,6.887e-18,3.689e-13,,,,,1.758e-18,,,,,,,,,,,,,,
741.02,1.412e-1,3.278e-20,2.188e-24,1.030e-42,2.019e-17,,,1.259e-18,1.755e-19,,6.176e-16,1.417e-13,4.073e-29,1.753e-17,1.466e-19,6.182e-14,4.537e-17,,,,3.890e-18,2.668e-36,5.228e-7,,6.719e-9,1.412e-1,,,2.070e-21,1.534e-16,9.731e-19,1.337e-28,,1.144e-21,,1.659e-16,1.537e-7,,1.574e-19,6.887e-18,5.673e-13,,,,,1.759e-18,,,,,,,,,,,,,,
741.04,1.316e-1,3.280e-20,2.181e-24,1.023e-42,2.019e-17,,,1.259e-18,1.755e-19,,6.178e-16,1.855e-13,4.073e-29,1.753e-17,1.467e-19,6.105e-14,4.539e-17,,,,3.890e-18,2.668e-36,6.446e-7,,6.616e-9,1.316e-1,,,2.070e-21,1.535e-16,9.735e-19,1.337e-28,,1.144e-21,,1.660e-16,1.240e-7,,1.573e-19,6.887e-18,7.546e-13,,,,,1.759e-18,,,,,,,,,,,,,,
741.07,1.181e-1,3.283e-20,2.170e-24,1.013e-42,2.020e-17,,,1.259e-18,1.756e-19,,6.181e-16,2.772e-13,4.073e-29,1.753e-17,1.469e-19,5.976e-14,4.543e-17,,,,3.891e-18,2.668e-36,8.802e-7,,6.449e-9,1.181e-1,,,2.070e-21,1.536e-16,9.742e-19,1.336e-28,,1.144e-21,,1.660e-16,8.957e-8,,1.572e-19,6.887e-18,1.155e-12,,,,,1.759e-18,,,,,,,,,,,,,,
741.09,1.097e-1,3.285e-20,2.163e-24,1.007e-42,2.020e-17,,,1.259e-18,1.756e-19,,6.183e-16,3.617e-13,4.073e-29,1.753e-17,1.470e-19,5.880e-14,4.545e-17,,,,3.891e-18,2.668e-36,1.082e-6,,6.329e-9,1.097e-1,,,2.069e-21,1.536e-16,9.747e-19,1.336e-28,,1.145e-21,,1.660e-16,7.199e-8,,1.572e-19,6.887e-18,1.530e-12,,,,,1.760e-18,,,,,,,,,,,,,,
741.12,9.787e-2,3.288e-20,2.152e-24,9.968e-43,2.020e-17,,,1.259e-18,1.757e-19,,6.186e-16,5.378e-13,4.073e-29,1.753e-17,1.472e-19,5.726e-14,4.548e-17,,,,3.892e-18,2.669e-36,1.469e-6,,6.137e-9,9.787e-2,,,2.069e-21,1.537e-16,9.754e-19,1.335e-28,,1.145e-21,,1.660e-16,5.174e-8,,1.571e-19,6.887e-18,2.329e-12,,,,,1.760e-18,,,,,,,,,,,,,,
741.14,9.057e-2,3.290e-20,2.145e-24,9.901e-43,2.021e-17,,,1.259e-18,1.757e-19,,6.188e-16,6.993e-13,4.074e-29,1.753e-17,1.473e-19,5.615e-14,4.550e-17,,,,3.892e-18,2.669e-36,1.799e-6,,6.001e-9,9.056e-2,,,2.069e-21,1.538e-16,9.758e-19,1.335e-28,,1.145e-21,,1.660e-16,4.144e-8,,1.570e-19,6.887e-18,3.077e-12,,,,,1.760e-18,,,,,,,,,,,,,,
741.17,8.041e-2,3.293e-20,2.134e-24,9.802e-43,2.021e-17,,,1.259e-18,1.757e-19,,6.191e-16,1.034e-12,4.074e-29,1.753e-17,1.475e-19,5.439e-14,4.553e-17,,,,3.893e-18,2.669e-36,2.431e-6,,5.789e-9,8.041e-2,,,2.068e-21,1.538e-16,9.765e-19,1.334e-28,,1.145e-21,,1.661e-16,2.962e-8,,1.570e-19,6.887e-18,4.660e-12,,,,,1.761e-18,,,,,,,,,,,,,,
741.19,7.415e-2,3.295e-20,2.127e-24,9.735e-43,2.022e-17,,,1.259e-18,1.758e-19,,6.192e-16,1.340e-12,4.074e-29,1.753e-17,1.476e-19,5.315e-14,4.555e-17,,,,3.893e-18,2.669e-36,2.966e-6,,5.641e-9,7.415e-2,,,2.068e-21,1.539e-16,9.770e-19,1.334e-28,,1.145e-21,,1.661e-16,2.364e-8,,1.569e-19,6.887e-18,6.134e-12,,,,,1.761e-18,,,,,,,,,,,,,,
741.22,6.549e-2,3.298e-20,2.116e-24,9.636e-43,2.022e-17,,,1.258e-18,1.758e-19,,6.195e-16,1.972e-12,4.074e-29,1.753e-17,1.478e-19,5.121e-14,4.558e-17,,,,3.894e-18,2.669e-36,3.988e-6,,5.413e-9,6.549e-2,,,2.068e-21,1.540e-16,9.776e-19,1.333e-28,,1.146e-21,,1.661e-16,1.681e-8,,1.568e-19,6.887e-18,9.241e-12,,,,,1.761e-18,,,,,,,,,,,,,,
741.24,6.019e-2,3.300e-20,2.109e-24,9.569e-43,2.022e-17,,,1.258e-18,1.759e-19,,6.197e-16,2.547e-12,4.074e-29,1.753e-17,1.479e-19,4.988e-14,4.560e-17,,,,3.894e-18,2.670e-36,4.849e-6,,5.257e-9,6.018e-2,,,2.068e-21,1.540e-16,9.781e-19,1.333e-28,,1.146e-21,,1.661e-16,1.337e-8,,1.568e-19,6.887e-18,1.212e-11,,,,,1.761e-18,,,,,,,,,,,,,,
741.27,5.288e-2,3.303e-20,2.098e-24,9.470e-43,2.023e-17,,,1.258e-18,1.759e-19,,6.200e-16,3.729e-12,4.074e-29,1.753e-17,1.481e-19,4.781e-14,4.564e-17,,,,3.895e-18,2.670e-36,6.486e-6,,5.018e-9,5.287e-2,,,2.067e-21,1.541e-16,9.788e-19,1.332e-28,,1.146e-21,,1.662e-16,9.459e-9,,1.567e-19,6.887e-18,1.817e-11,,,,,1.762e-18,,,,,,,,,,,,,,
741.29,4.843e-2,3.305e-20,2.091e-24,9.403e-43,2.023e-17,,,1.258e-18,1.759e-19,,6.202e-16,4.799e-12,4.075e-29,1.753e-17,1.482e-19,4.640e-14,4.566e-17,,,,3.895e-18,2.670e-36,7.860e-6,,4.856e-9,4.842e-2,,,2.067e-21,1.541e-16,9.792e-19,1.332e-28,,1.146e-21,,1.662e-16,7.496e-9,,1.566e-19,6.887e-18,2.375e-11,,,,,1.762e-18,,,,,,,,,,,,,,
741.31,4.429e-2,3.307e-20,2.084e-24,9.337e-43,2.024e-17,,,1.258e-18,1.760e-19,,6.204e-16,6.168e-12,4.075e-29,1.753e-17,1.483e-19,4.496e-14,4.568e-17,,,,3.895e-18,2.670e-36,9.511e-6,,4.693e-9,4.428e-2,,,2.067e-21,1.542e-16,9.797e-19,1.331e-28,,1.146e-21,,1.662e-16,5.933e-9,,1.566e-19,6.887e-18,3.101e-11,,,,,1.762e-18,,,,,,,,,,,,,,
741.34,3.863e-2,3.310e-20,2.073e-24,9.237e-43,2.024e-17,,,1.258e-18,1.760e-19,,6.206e-16,8.964e-12,4.075e-29,1.753e-17,1.485e-19,4.278e-14,4.571e-17,,,,3.896e-18,2.671e-36,1.263e-5,,4.447e-9,3.862e-2,,,2.066e-21,1.543e-16,9.804e-19,1.330e-28,,1.147e-21,,1.662e-16,4.166e-9,,1.565e-19,6.887e-18,4.614e-11,,,,,1.763e-18,,,,,,,,,,,,,,
741.36,3.521e-2,3.312e-20,2.066e-24,9.171e-43,2.024e-17,,,1.258e-18,1.760e-19,,6.208e-16,1.148e-11,4.075e-29,1.753e-17,1.486e-19,4.132e-14,4.573e-17,,,,3.896e-18,2.671e-36,1.523e-5,,4.282e-9,3.519e-2,,,2.066e-21,1.543e-16,9.808e-19,1.330e-28,,1.147e-21,,1.662e-16,3.285e-9,,1.564e-19,6.887e-18,6.004e-11,,,,,1.763e-18,,,,,,,,,,,,,,
741.39,3.055e-2,3.315e-20,2.055e-24,9.071e-43,2.025e-17,,,1.258e-18,1.761e-19,,6.211e-16,1.660e-11,4.075e-29,1.753e-17,1.487e-19,3.911e-14,4.576e-17,,,,3.897e-18,2.671e-36,2.012e-5,,4.037e-9,3.053e-2,,,2.066e-21,1.544e-16,9.815e-19,1.329e-28,,1.147e-21,,1.663e-16,2.295e-9,,1.563e-19,6.887e-18,8.887e-11,,,,,1.763e-18,,,,,,,,,,,,,,
741.41,2.775e-2,3.317e-20,2.048e-24,9.005e-43,2.025e-17,,,1.258e-18,1.761e-19,,6.213e-16,2.119e-11,4.075e-29,1.753e-17,1.489e-19,3.764e-14,4.578e-17,,,,3.897e-18,2.671e-36,2.418e-5,,3.874e-9,2.773e-2,,,2.066e-21,1.545e-16,9.820e-19,1.329e-28,,1.147e-21,,1.663e-16,1.803e-9,,1.563e-19,6.887e-18,1.152e-10,,,,,1.764e-18,,,,,,,,,,,,,,
741.44,2.396e-2,3.320e-20,2.038e-24,8.905e-43,2.026e-17,,,1.258e-18,1.762e-19,,6.216e-16,3.048e-11,4.075e-29,1.753e-17,1.490e-19,3.545e-14,4.582e-17,,,,3.898e-18,2.671e-36,3.177e-5,,3.633e-9,2.393e-2,,,2.065e-21,1.545e-16,9.827e-19,1.328e-28,,1.148e-21,,1.663e-16,1.253e-9,,1.562e-19,6.887e-18,1.697e-10,,,,,1.764e-18,,,,,,,,,,,,,,
741.46,2.169e-2,3.322e-20,2.030e-24,8.839e-43,2.026e-17,,,1.258e-18,1.762e-19,,6.218e-16,3.877e-11,4.076e-29,1.753e-17,1.491e-19,3.399e-14,4.584e-17,,,,3.898e-18,2.672e-36,3.805e-5,,3.474e-9,2.166e-2,,,2.065e-21,1.546e-16,9.831e-19,1.328e-28,,1.148e-21,,1.663e-16,9.813e-10,,1.561e-19,6.887e-18,2.193e-10,,,,,1.764e-18,,,,,,,,,,,,,,
741.49,1.864e-2,3.325e-20,2.020e-24,8.739e-43,2.027e-17,,,1.258e-18,1.763e-19,,6.220e-16,5.547e-11,4.076e-29,1.753e-17,1.493e-19,3.184e-14,4.587e-17,,,,3.899e-18,2.672e-36,4.975e-5,,3.241e-9,1.859e-2,,,2.065e-21,1.547e-16,9.838e-19,1.327e-28,,1.148e-21,,1.664e-16,6.782e-10,,1.560e-19,6.886e-18,3.212e-10,,,,,1.764e-18,,,,,,,,,,,,,,
741.51,1.683e-2,3.327e-20,2.013e-24,8.673e-43,2.027e-17,,,1.258e-18,1.763e-19,,6.222e-16,7.032e-11,4.076e-29,1.753e-17,1.494e-19,3.043e-14,4.589e-17,,,,3.899e-18,2.672e-36,5.937e-5,,3.089e-9,1.677e-2,,,2.064e-21,1.547e-16,9.843e-19,1.327e-28,,1.148e-21,,1.664e-16,5.293e-10,,1.560e-19,6.886e-18,4.137e-10,,,,,1.765e-18,,,,,,,,,,,,,,
741.54,1.440e-2,3.330e-20,2.002e-24,8.574e-43,2.027e-17,,,1.258e-18,1.763e-19,,6.225e-16,1.001e-10,4.076e-29,1.753e-17,1.496e-19,2.836e-14,4.592e-17,,,,3.899e-18,2.672e-36,7.722e-5,,2.866e-9,1.432e-2,,,2.064e-21,1.548e-16,9.850e-19,1.326e-28,,1.148e-21,,1.664e-16,3.639e-10,,1.559e-19,6.886e-18,6.029e-10,,,,,1.765e-18,,,,,,,,,,,,,,
741.56,1.296e-2,3.332e-20,1.995e-24,8.507e-43,2.028e-17,,,1.258e-18,1.764e-19,,6.227e-16,1.265e-10,4.076e-29,1.753e-17,1.497e-19,2.701e-14,4.594e-17,,,,3.900e-18,2.673e-36,9.184e-5,,2.722e-9,1.287e-2,,,2.064e-21,1.549e-16,9.854e-19,1.326e-28,,1.149e-21,,1.664e-16,2.830e-10,,1.559e-19,6.886e-18,7.737e-10,,,,,1.765e-18,,,,,,,,,,,,,,
741.59,1.105e-2,3.335e-20,1.984e-24,8.408e-43,2.028e-17,,,1.258e-18,1.764e-19,,6.230e-16,1.791e-10,4.076e-29,1.753e-17,1.499e-19,2.504e-14,4.597e-17,,,,3.900e-18,2.673e-36,1.188e-4,,2.513e-9,1.093e-2,,,2.063e-21,1.549e-16,9.861e-19,1.325e-28,,1.149e-21,,1.664e-16,1.935e-10,,1.558e-19,6.886e-18,1.122e-9,,,,,1.766e-18,,,,,,,,,,,,,,
741.61,9.931e-3,3.337e-20,1.977e-24,8.341e-43,2.029e-17,,,1.258e-18,1.765e-19,,6.232e-16,2.255e-10,4.076e-29,1.753e-17,1.500e-19,2.376e-14,4.600e-17,,,,3.901e-18,2.673e-36,1.408e-4,,2.378e-9,9.791e-3,,,2.063e-21,1.550e-16,9.866e-19,1.325e-28,,1.149e-21,,1.665e-16,1.500e-10,,1.557e-19,6.886e-18,1.435e-9,,,,,1.766e-18,,,,,,,,,,,,,,
741.64,8.456e-3,3.340e-20,1.966e-24,8.242e-43,2.029e-17,,,1.257e-18,1.765e-19,,6.234e-16,3.177e-10,4.077e-29,1.753e-17,1.502e-19,2.191e-14,4.603e-17,,,,3.901e-18,2.673e-36,1.813e-4,,2.184e-9,8.275e-3,,,2.063e-21,1.551e-16,9.872e-19,1.324e-28,,1.149e-21,,1.665e-16,1.020e-10,,1.556e-19,6.886e-18,2.070e-9,,,,,1.766e-18,,,,,,,,,,,,,,
741.66,7.598e-3,3.342e-20,1.959e-24,8.175e-43,2.029e-17,,,1.257e-18,1.765e-19,,6.236e-16,3.986e-10,4.077e-29,1.753e-17,1.503e-19,2.073e-14,4.605e-17,,,,3.902e-18,2.673e-36,2.141e-4,,2.060e-9,7.384e-3,,,2.063e-21,1.551e-16,9.877e-19,1.324e-28,,1.149e-21,,1.665e-16,7.879e-11,,1.556e-19,6.886e-18,2.638e-9,,,,,1.767e-18,,,,,,,,,,,,,,
741.68,6.833e-3,3.344e-20,1.952e-24,8.109e-43,2.030e-17,,,1.257e-18,1.766e-19,,6.238e-16,4.993e-10,4.077e-29,1.753e-17,1.504e-19,1.957e-14,4.607e-17,,,,3.902e-18,2.674e-36,2.526e-4,,1.940e-9,6.580e-3,,,2.062e-21,1.552e-16,9.882e-19,1.323e-28,,1.150e-21,,1.665e-16,6.075e-11,,1.555e-19,6.886e-18,3.357e-9,,,,,1.767e-18,,,,,,,,,,,,,,
741.71,5.844e-3,3.347e-20,1.941e-24,8.009e-43,2.030e-17,,,1.257e-18,1.766e-19,,6.241e-16,6.985e-10,4.077e-29,1.753e-17,1.506e-19,1.792e-14,4.610e-17,,,,3.903e-18,2.674e-36,3.228e-4,,1.768e-9,5.521e-3,,,2.062e-21,1.552e-16,9.888e-19,1.323e-28,,1.150e-21,,1.666e-16,4.103e-11,,1.554e-19,6.886e-18,4.807e-9,,,,,1.767e-18,,,,,,,,,,,,,,
741.73,5.282e-3,3.349e-20,1.934e-24,7.943e-43,2.030e-17,,,1.257e-18,1.766e-19,,6.243e-16,8.721e-10,4.077e-29,1.753e-17,1.507e-19,1.687e-14,4.612e-17,,,,3.903e-18,2.674e-36,3.794e-4,,1.660e-9,4.903e-3,,,2.062e-21,1.553e-16,9.893e-19,1.322e-28,,1.150e-21,,1.666e-16,3.153e-11,,1.554e-19,6.886e-18,6.097e-9,,,,,1.767e-18,,,,,,,,,,,,,,
741.76,4.574e-3,3.352e-20,1.923e-24,7.843e-43,2.031e-17,,,1.257e-18,1.767e-19,,6.246e-16,1.214e-9,4.077e-29,1.753e-17,1.508e-19,1.536e-14,4.615e-17,,,,3.904e-18,2.674e-36,4.823e-4,,1.505e-9,4.092e-3,,,2.062e-21,1.554e-16,9.900e-19,1.322e-28,,1.150e-21,,1.666e-16,2.118e-11,,1.553e-19,6.886e-18,8.687e-9,,,,,1.768e-18,,,,,,,,,,,,,,
741.78,4.186e-3,3.354e-20,1.916e-24,7.777e-43,2.031e-17,,,1.257e-18,1.767e-19,,6.247e-16,1.510e-9,4.078e-29,1.753e-17,1.510e-19,1.441e-14,4.617e-17,,,,3.904e-18,2.674e-36,5.650e-4,,1.408e-9,3.621e-3,,,2.061e-21,1.554e-16,9.904e-19,1.321e-28,,1.150e-21,,1.666e-16,1.622e-11,,1.552e-19,6.886e-18,1.098e-8,,,,,1.768e-18,,,,,,,,,,,,,,
741.81,3.721e-3,3.357e-20,1.905e-24,7.677e-43,2.032e-17,,,1.257e-18,1.768e-19,,6.250e-16,2.090e-9,4.078e-29,1.752e-17,1.511e-19,1.306e-14,4.621e-17,,,,3.904e-18,2.675e-36,7.146e-4,,1.270e-9,3.006e-3,,,2.061e-21,1.555e-16,9.911e-19,1.321e-28,,1.151e-21,,1.666e-16,1.084e-11,,1.551e-19,6.886e-18,1.556e-8,,,,,1.768e-18,,,,,,,,,,,,,,
741.83,3.485e-3,3.359e-20,1.898e-24,7.611e-43,2.032e-17,,,1.257e-18,1.768e-19,,6.252e-16,2.592e-9,4.078e-29,1.752e-17,1.512e-19,1.221e-14,4.623e-17,,,,3.905e-18,2.675e-36,8.342e-4,,1.184e-9,2.651e-3,,,2.061e-21,1.556e-16,9.916e-19,1.320e-28,,1.151e-21,,1.667e-16,8.270e-12,,1.551e-19,6.886e-18,1.960e-8,,,,,1.769e-18,,,,,,,,,,,,,,
741.86,3.239e-3,3.362e-20,1.887e-24,7.511e-43,2.033e-17,,,1.257e-18,1.769e-19,,6.255e-16,3.570e-9,4.078e-29,1.752e-17,1.514e-19,1.101e-14,4.626e-17,,,,3.905e-18,2.675e-36,1.050e-3,,1.062e-9,2.190e-3,,,2.060e-21,1.556e-16,9.923e-19,1.320e-28,,1.151e-21,,1.667e-16,5.499e-12,,1.550e-19,6.886e-18,2.764e-8,,,,,1.769e-18,,,,,,,,,,,,,,
741.88,3.145e-3,3.364e-20,1.880e-24,7.445e-43,2.033e-17,,,1.257e-18,1.769e-19,,6.257e-16,4.411e-9,4.078e-29,1.752e-17,1.515e-19,1.025e-14,4.628e-17,,,,3.906e-18,2.675e-36,1.221e-3,,9.868e-10,1.924e-3,,,2.060e-21,1.557e-16,9.927e-19,1.319e-28,,1.151e-21,,1.667e-16,4.182e-12,,1.549e-19,6.886e-18,3.470e-8,,,,,1.769e-18,,,,,,,,,,,,,,
741.91,3.109e-3,3.367e-20,1.869e-24,7.345e-43,2.033e-17,,,1.257e-18,1.769e-19,,6.260e-16,6.044e-9,4.078e-29,1.752e-17,1.517e-19,9.200e-15,4.631e-17,,,,3.906e-18,2.676e-36,1.528e-3,,8.811e-10,1.581e-3,,,2.060e-21,1.558e-16,9.934e-19,1.319e-28,,1.151e-21,,1.667e-16,2.768e-12,,1.549e-19,6.886e-18,4.868e-8,,,,,1.770e-18,,,,,,,,,,,,,,
741.93,3.156e-3,3.369e-20,1.862e-24,7.279e-43,2.034e-17,,,1.257e-18,1.770e-19,,6.261e-16,7.443e-9,4.078e-29,1.752e-17,1.518e-19,8.545e-15,4.633e-17,,,,3.907e-18,2.676e-36,1.772e-3,,8.156e-10,1.384e-3,,,2.060e-21,1.558e-16,9.939e-19,1.318e-28,,1.152e-21,,1.668e-16,2.100e-12,,1.548e-19,6.886e-18,6.090e-8,,,,,1.770e-18,,,,,,,,,,,,,,
741.96,3.338e-3,3.372e-20,1.852e-24,7.179e-43,2.034e-17,,,1.257e-18,1.770e-19,,6.264e-16,1.014e-8,4.079e-29,1.752e-17,1.520e-19,7.631e-15,4.636e-17,,,,3.907e-18,2.676e-36,2.206e-3,,7.246e-10,1.131e-3,,,2.059e-21,1.559e-16,9.945e-19,1.317e-28,,1.152e-21,,1.668e-16,1.387e-12,,1.547e-19,6.886e-18,8.498e-8,,,,,1.770e-18,,,,,,,,,,,,,,
741.98,3.536e-3,3.374e-20,1.844e-24,7.113e-43,2.035e-17,,,1.257e-18,1.771e-19,,6.266e-16,1.245e-8,4.079e-29,1.752e-17,1.521e-19,7.067e-15,4.639e-17,,,,3.908e-18,2.676e-36,2.549e-3,,6.685e-10,9.873e-4,,,2.059e-21,1.559e-16,9.950e-19,1.317e-28,,1.152e-21,,1.668e-16,1.053e-12,,1.547e-19,6.886e-18,1.059e-7,,,,,1.770e-18,,,,,,,,,,,,,,
742.01,3.960e-3,3.377e-20,1.834e-24,7.013e-43,2.035e-17,,,1.257e-18,1.771e-19,,6.269e-16,1.688e-8,4.079e-29,1.752e-17,1.523e-19,6.285e-15,4.642e-17,,,,3.908e-18,2.677e-36,3.157e-3,,5.909e-10,8.027e-4,,,2.059e-21,1.560e-16,9.957e-19,1.316e-28,,1.152e-21,,1.668e-16,7.013e-13,,1.546e-19,6.886e-18,1.471e-7,,,,,1.771e-18,,,,,,,,,,,,,,
742.03,4.334e-3,3.379e-20,1.827e-24,6.947e-43,2.035e-17,,,1.257e-18,1.771e-19,,6.271e-16,2.065e-8,4.079e-29,1.752e-17,1.524e-19,5.806e-15,4.644e-17,,,,3.908e-18,2.677e-36,3.635e-3,,5.433e-10,6.981e-4,,,2.058e-21,1.561e-16,9.961e-19,1.316e-28,,1.152e-21,,1.668e-16,5.399e-13,,1.545e-19,6.886e-18,1.828e-7,,,,,1.771e-18,,,,,,,,,,,,,,
742.05,4.786e-3,3.381e-20,1.819e-24,6.881e-43,2.036e-17,,,1.257e-18,1.772e-19,,6.273e-16,2.522e-8,4.079e-29,1.752e-17,1.525e-19,5.359e-15,4.646e-17,,,,3.909e-18,2.677e-36,4.180e-3,,4.990e-10,6.062e-4,,,2.058e-21,1.561e-16,9.966e-19,1.316e-28,,1.153e-21,,1.669e-16,4.221e-13,,1.545e-19,6.886e-18,2.267e-7,,,,,1.771e-18,,,,,,,,,,,,,,
742.08,5.630e-3,3.384e-20,1.809e-24,6.781e-43,2.036e-17,,,1.256e-18,1.772e-19,,6.276e-16,3.395e-8,4.079e-29,1.752e-17,1.527e-19,4.747e-15,4.649e-17,,,,3.909e-18,2.677e-36,5.140e-3,,4.381e-10,4.893e-4,,,2.058e-21,1.562e-16,9.973e-19,1.315e-28,,1.153e-21,,1.669e-16,3.077e-13,,1.544e-19,6.886e-18,3.125e-7,,,,,1.772e-18,,,,,,,,,,,,,,
742.1,6.314e-3,3.386e-20,1.802e-24,6.715e-43,2.037e-17,,,1.256e-18,1.773e-19,,6.277e-16,4.132e-8,4.079e-29,1.752e-17,1.528e-19,4.376e-15,4.651e-17,,,,3.910e-18,2.677e-36,5.890e-3,,4.012e-10,4.234e-4,,,2.058e-21,1.563e-16,9.977e-19,1.315e-28,,1.153e-21,,1.669e-16,2.644e-13,,1.543e-19,6.886e-18,3.864e-7,,,,,1.772e-18,,,,,,,,,,,,,,
742.13,7.546e-3,3.389e-20,1.791e-24,6.615e-43,2.037e-17,,,1.256e-18,1.773e-19,,6.280e-16,5.534e-8,4.080e-29,1.752e-17,1.530e-19,3.873e-15,4.654e-17,,,,3.910e-18,2.678e-36,7.206e-3,,3.507e-10,3.399e-4,,,2.057e-21,1.563e-16,9.984e-19,1.314e-28,,1.153e-21,,1.669e-16,2.399e-13,,1.542e-19,6.886e-18,5.299e-7,,,,,1.772e-18,,,,,,,,,,,,,,
742.15,8.522e-3,3.391e-20,1.784e-24,6.549e-43,2.037e-17,,,1.256e-18,1.773e-19,,6.282e-16,6.712e-8,4.080e-29,1.752e-17,1.531e-19,3.571e-15,4.656e-17,,,,3.911e-18,2.678e-36,8.228e-3,,3.203e-10,2.931e-4,,,2.057e-21,1.564e-16,9.989e-19,1.314e-28,,1.153e-21,,1.670e-16,2.485e-13,,1.542e-19,6.886e-18,6.529e-7,,,,,1.773e-18,,,,,,,,,,,,,,
742.18,1.025e-2,3.394e-20,1.773e-24,6.449e-43,2.038e-17,,,1.256e-18,1.774e-19,,6.285e-16,8.944e-8,4.080e-29,1.752e-17,1.532e-19,3.168e-15,4.660e-17,,,,3.911e-18,2.678e-36,1.001e-2,,2.790e-10,2.341e-4,,,2.057e-21,1.565e-16,9.996e-19,1.313e-28,,1.154e-21,,1.670e-16,3.005e-13,,1.541e-19,6.886e-18,8.907e-7,,,,,1.773e-18,,,,,,,,,,,,,,
742.2,1.160e-2,3.396e-20,1.766e-24,6.383e-43,2.038e-17,,,1.256e-18,1.774e-19,,6.287e-16,1.081e-7,4.080e-29,1.752e-17,1.534e-19,2.931e-15,4.662e-17,,,,3.912e-18,2.678e-36,1.140e-2,,2.543e-10,2.012e-4,,,2.056e-21,1.565e-16,1.000e-18,1.312e-28,,1.154e-21,,1.670e-16,3.647e-13,,1.540e-19,6.886e-18,1.094e-6,,,,,1.773e-18,,,,,,,,,,,,,,
742.23,1.396e-2,3.399e-20,1.755e-24,6.283e-43,2.039e-17,,,1.256e-18,1.775e-19,,6.290e-16,1.433e-7,4.080e-29,1.752e-17,1.535e-19,2.620e-15,4.665e-17,,,,3.912e-18,2.679e-36,1.380e-2,,2.210e-10,1.598e-4,,,2.056e-21,1.566e-16,1.001e-18,1.312e-28,,1.154e-21,,1.670e-16,5.175e-13,,1.540e-19,6.886e-18,1.484e-6,,,,,1.773e-18,,,,,,,,,,,,,,
742.25,1.579e-2,3.401e-20,1.748e-24,6.217e-43,2.039e-17,,,1.256e-18,1.775e-19,,6.291e-16,1.726e-7,4.080e-29,1.752e-17,1.536e-19,2.443e-15,4.667e-17,,,,3.913e-18,2.679e-36,1.565e-2,,2.013e-10,1.369e-4,,,2.056e-21,1.567e-16,1.001e-18,1.311e-28,,1.154e-21,,1.670e-16,6.680e-13,,1.539e-19,6.886e-18,1.816e-6,,,,,1.774e-18,,,,,,,,,,,,,,
742.28,1.896e-2,3.404e-20,1.737e-24,6.117e-43,2.039e-17,,,1.256e-18,1.775e-19,,6.294e-16,2.276e-7,4.081e-29,1.752e-17,1.538e-19,2.218e-15,4.670e-17,,,,3.913e-18,2.679e-36,1.885e-2,,1.749e-10,1.082e-4,,,2.055e-21,1.567e-16,1.002e-18,1.311e-28,,1.154e-21,,1.671e-16,9.944e-13,,1.538e-19,6.886e-18,2.452e-6,,,,,1.774e-18,,,,,,,,,,,,,,
742.3,2.139e-2,3.406e-20,1.730e-24,6.051e-43,2.040e-17,,,1.256e-18,1.776e-19,,6.296e-16,2.733e-7,4.081e-29,1.752e-17,1.539e-19,2.096e-15,4.672e-17,,,,3.913e-18,2.679e-36,2.130e-2,,1.594e-10,9.232e-5,,,2.055e-21,1.568e-16,1.002e-18,1.310e-28,,1.155e-21,,1.671e-16,1.302e-12,,1.538e-19,6.886e-18,2.991e-6,,,,,1.774e-18,,,,,,,,,,,,,,
742.33,2.560e-2,3.409e-20,1.719e-24,5.951e-43,2.040e-17,,,1.256e-18,1.776e-19,,6.299e-16,3.585e-7,4.081e-29,1.752e-17,1.541e-19,1.954e-15,4.675e-17,,,,3.914e-18,2.679e-36,2.552e-2,,1.391e-10,7.258e-5,,,2.055e-21,1.569e-16,1.003e-18,1.310e-28,,1.155e-21,,1.671e-16,1.955e-12,,1.537e-19,6.886e-18,4.017e-6,,,,,1.775e-18,,,,,,,,,,,,,,
742.35,2.881e-2,3.411e-20,1.712e-24,5.885e-43,2.041e-17,,,1.256e-18,1.777e-19,,6.301e-16,4.288e-7,4.081e-29,1.752e-17,1.542e-19,1.886e-15,4.678e-17,,,,3.914e-18,2.680e-36,2.874e-2,,1.273e-10,6.172e-5,,,2.055e-21,1.569e-16,1.003e-18,1.309e-28,,1.155e-21,,1.671e-16,2.563e-12,,1.536e-19,6.886e-18,4.882e-6,,,,,1.775e-18,,,,,,,,,,,,,,
742.38,3.432e-2,3.414e-20,1.701e-24,5.785e-43,2.041e-17,,,1.256e-18,1.777e-19,,6.304e-16,5.597e-7,4.081e-29,1.752e-17,1.544e-19,1.824e-15,4.681e-17,,,,3.915e-18,2.680e-36,3.426e-2,,1.121e-10,4.827e-5,,,2.054e-21,1.570e-16,1.004e-18,1.309e-28,,1.155e-21,,1.672e-16,3.840e-12,,1.535e-19,6.886e-18,6.524e-6,,,,,1.775e-18,,,,,,,,,,,,,,
742.4,3.851e-2,3.416e-20,1.694e-24,5.719e-43,2.041e-17,,,1.256e-18,1.777e-19,,6.305e-16,6.673e-7,4.081e-29,1.752e-17,1.545e-19,1.810e-15,4.683e-17,,,,3.915e-18,2.680e-36,3.846e-2,,1.035e-10,4.091e-5,,,2.054e-21,1.570e-16,1.005e-18,1.308e-28,,1.155e-21,,1.672e-16,5.022e-12,,1.535e-19,6.886e-18,7.901e-6,,,,,1.776e-18,,,,,,,,,,,,,,
742.42,4.315e-2,3.418e-20,1.687e-24,5.652e-43,2.042e-17,,,1.256e-18,1.778e-19,,6.307e-16,7.944e-7,4.081e-29,1.752e-17,1.546e-19,1.819e-15,4.685e-17,,,,3.916e-18,2.680e-36,4.310e-2,,9.611e-11,3.462e-5,,,2.054e-21,1.571e-16,1.005e-18,1.308e-28,,1.156e-21,,1.672e-16,6.559e-12,,1.534e-19,6.886e-18,9.556e-6,,,,,1.776e-18,,,,,,,,,,,,,,
742.45,5.105e-2,3.421e-20,1.676e-24,5.553e-43,2.042e-17,,,1.256e-18,1.778e-19,,6.310e-16,1.029e-6,4.082e-29,1.752e-17,1.548e-19,1.874e-15,4.688e-17,,,,3.916e-18,2.680e-36,5.101e-2,,8.707e-11,2.688e-5,,,2.054e-21,1.572e-16,1.006e-18,1.307e-28,,1.156e-21,,1.672e-16,9.766e-12,,1.533e-19,6.886e-18,1.268e-5,,,,,1.776e-18,,,,,,,,,,,,,,
742.47,5.701e-2,3.423e-20,1.669e-24,5.487e-43,2.043e-17,,,1.256e-18,1.779e-19,,6.312e-16,1.221e-6,4.082e-29,1.752e-17,1.549e-19,1.940e-15,4.690e-17,,,,3.917e-18,2.681e-36,5.697e-2,,8.235e-11,2.266e-5,,,2.053e-21,1.572e-16,1.006e-18,1.307e-28,,1.156e-21,,1.672e-16,1.271e-11,,1.533e-19,6.886e-18,1.528e-5,,,,,1.776e-18,,,,,,,,,,,,,,
742.5,6.712e-2,3.426e-20,1.658e-24,5.387e-43,2.043e-17,,,1.255e-18,1.779e-19,,6.315e-16,1.574e-6,4.082e-29,1.752e-17,1.551e-19,2.087e-15,4.693e-17,,,,3.917e-18,2.681e-36,6.708e-2,,7.713e-11,1.750e-5,,,2.053e-21,1.573e-16,1.007e-18,1.306e-28,,1.156e-21,,1.673e-16,1.883e-11,,1.532e-19,6.886e-18,2.017e-5,,,,,1.777e-18,,,,,,,,,,,,,,
742.52,7.470e-2,3.428e-20,1.651e-24,5.321e-43,2.043e-17,,,1.255e-18,1.779e-19,,6.317e-16,1.861e-6,4.082e-29,1.752e-17,1.552e-19,2.217e-15,4.695e-17,,,,3.918e-18,2.681e-36,7.466e-2,,7.484e-11,1.471e-5,,,2.053e-21,1.574e-16,1.007e-18,1.306e-28,,1.156e-21,,1.673e-16,2.444e-11,,1.531e-19,6.886e-18,2.422e-5,,,,,1.777e-18,,,,,,,,,,,,,,
742.55,8.749e-2,3.431e-20,1.641e-24,5.221e-43,2.044e-17,,,1.255e-18,1.780e-19,,6.319e-16,2.387e-6,4.082e-29,1.752e-17,1.553e-19,2.464e-15,4.699e-17,,,,3.918e-18,2.681e-36,8.745e-2,,7.313e-11,1.130e-5,,,2.052e-21,1.574e-16,1.008e-18,1.305e-28,,1.157e-21,,1.673e-16,3.602e-11,,1.531e-19,6.886e-18,3.181e-5,,,,,1.777e-18,,,,,,,,,,,,,,
742.57,9.705e-2,3.433e-20,1.633e-24,5.155e-43,2.044e-17,,,1.255e-18,1.780e-19,,6.321e-16,2.813e-6,4.082e-29,1.752e-17,1.555e-19,2.666e-15,4.701e-17,,,,3.918e-18,2.682e-36,9.700e-2,,7.312e-11,9.464e-6,,,2.052e-21,1.575e-16,1.008e-18,1.305e-28,,1.157e-21,,1.673e-16,4.657e-11,,1.530e-19,6.886e-18,3.807e-5,,,,,1.778e-18,,,,,,,,,,,,,,
742.6,1.131e-1,3.436e-20,1.623e-24,5.055e-43,2.045e-17,,,1.255e-18,1.781e-19,,6.324e-16,3.588e-6,4.083e-29,1.751e-17,1.556e-19,3.030e-15,4.704e-17,,,,3.919e-18,2.682e-36,1.130e-1,,7.476e-11,7.233e-6,,,2.052e-21,1.576e-16,1.009e-18,1.304e-28,,1.157e-21,,1.674e-16,6.828e-11,,1.529e-19,6.886e-18,4.973e-5,,,,,1.778e-18,,,,,,,,,,,,,,
742.62,1.250e-1,3.438e-20,1.616e-24,4.989e-43,2.045e-17,,,1.255e-18,1.781e-19,,6.326e-16,4.214e-6,4.083e-29,1.751e-17,1.557e-19,3.316e-15,4.706e-17,,,,3.919e-18,2.682e-36,1.249e-1,,7.695e-11,6.036e-6,,,2.052e-21,1.576e-16,1.010e-18,1.304e-28,,1.157e-21,,1.674e-16,8.798e-11,,1.529e-19,6.886e-18,5.933e-5,,,,,1.778e-18,,,,,,,,,,,,,,
742.65,1.449e-1,3.441e-20,1.605e-24,4.889e-43,2.045e-17,,,1.255e-18,1.781e-19,,6.329e-16,5.348e-6,4.083e-29,1.751e-17,1.559e-19,3.815e-15,4.709e-17,,,,3.920e-18,2.682e-36,1.448e-1,,8.189e-11,4.589e-6,,,2.051e-21,1.577e-16,1.010e-18,1.303e-28,,1.157e-21,,1.674e-16,1.284e-10,,1.528e-19,6.886e-18,7.710e-5,,,,,1.779e-18,,,,,,,,,,,,,,
742.67,1.596e-1,3.443e-20,1.598e-24,4.823e-43,2.046e-17,,,1.255e-18,1.782e-19,,6.331e-16,6.258e-6,4.083e-29,1.751e-17,1.560e-19,4.198e-15,4.711e-17,,,,3.920e-18,2.682e-36,1.595e-1,,8.631e-11,3.816e-6,,,2.051e-21,1.577e-16,1.011e-18,1.303e-28,,1.158e-21,,1.674e-16,1.648e-10,,1.527e-19,6.886e-18,9.165e-5,,,,,1.779e-18,,,,,,,,,,,,,,
742.7,1.841e-1,3.446e-20,1.587e-24,4.723e-43,2.046e-17,,,1.255e-18,1.782e-19,,6.333e-16,7.902e-6,4.083e-29,1.751e-17,1.562e-19,4.856e-15,4.714e-17,,,,3.921e-18,2.683e-36,1.840e-1,,9.465e-11,2.886e-6,,,2.051e-21,1.578e-16,1.011e-18,1.302e-28,,1.158e-21,,1.674e-16,2.392e-10,,1.526e-19,6.886e-18,1.185e-4,,,,,1.779e-18,,,,,,,,,,,,,,
742.72,2.021e-1,3.448e-20,1.580e-24,4.657e-43,2.047e-17,,,1.255e-18,1.783e-19,,6.335e-16,9.215e-6,4.083e-29,1.751e-17,1.563e-19,5.355e-15,4.717e-17,,,,3.921e-18,2.683e-36,2.020e-1,,1.014e-10,2.392e-6,,,2.050e-21,1.579e-16,1.012e-18,1.302e-28,,1.158e-21,,1.675e-16,3.061e-10,,1.526e-19,6.886e-18,1.404e-4,,,,,1.779e-18,,,,,,,,,,,,,,
742.75,2.319e-1,3.451e-20,1.569e-24,4.557e-43,2.047e-17,,,1.255e-18,1.783e-19,,6.338e-16,1.157e-5,4.083e-29,1.751e-17,1.565e-19,6.201e-15,4.720e-17,,,,3.922e-18,2.683e-36,2.317e-1,,1.133e-10,1.800e-6,,,2.050e-21,1.580e-16,1.013e-18,1.301e-28,,1.158e-21,,1.675e-16,4.420e-10,,1.525e-19,6.886e-18,1.805e-4,,,,,1.780e-18,,,,,,,,,,,,,,
742.77,2.537e-1,4.813e-20,1.562e-24,4.491e-43,2.047e-17,,,1.255e-18,1.783e-19,,6.340e-16,1.345e-5,4.084e-29,1.751e-17,1.566e-19,6.836e-15,4.722e-17,,,,3.922e-18,2.683e-36,2.535e-1,,1.226e-10,1.486e-6,,,2.050e-21,1.580e-16,1.013e-18,1.301e-28,,1.158e-21,,1.675e-16,5.636e-10,,1.524e-19,6.886e-18,2.132e-4,,,,,1.780e-18,,,,,,,,,,,,,,
742.79,2.772e-1,6.704e-20,1.555e-24,4.424e-43,2.048e-17,,,1.255e-18,1.784e-19,,6.342e-16,1.561e-5,4.084e-29,1.751e-17,1.567e-19,7.532e-15,4.724e-17,,,,3.922e-18,2.684e-36,2.769e-1,,1.329e-10,1.225e-6,,,2.050e-21,1.581e-16,1.014e-18,1.300e-28,,1.159e-21,,1.675e-16,7.178e-10,,1.524e-19,6.886e-18,2.513e-4,,,,,1.780e-18,,,,,,,,,,,,,,
742.82,3.157e-1,1.099e-19,1.544e-24,4.325e-43,2.048e-17,,,1.255e-18,1.784e-19,,6.345e-16,1.947e-5,4.084e-29,1.751e-17,1.569e-19,8.699e-15,4.727e-17,,,,3.923e-18,2.684e-36,3.154e-1,,1.504e-10,9.152e-7,,,2.049e-21,1.581e-16,1.014e-18,1.300e-28,,1.159e-21,,1.676e-16,1.029e-9,,1.523e-19,6.886e-18,3.209e-4,,,,,1.781e-18,,,,,,,,,,,,,,
742.84,3.438e-1,1.526e-19,1.537e-24,4.258e-43,2.049e-17,,,1.255e-18,1.785e-19,,6.347e-16,2.252e-5,4.084e-29,1.751e-17,1.570e-19,9.565e-15,4.729e-17,,,,3.923e-18,2.684e-36,3.434e-1,,1.636e-10,7.521e-7,,,2.049e-21,1.582e-16,1.015e-18,1.299e-28,,1.159e-21,,1.676e-16,1.306e-9,,1.522e-19,6.886e-18,3.770e-4,,,,,1.781e-18,,,,,,,,,,,,,,
742.87,3.896e-1,2.488e-19,1.526e-24,4.159e-43,2.049e-17,,,1.255e-18,1.785e-19,,6.349e-16,2.794e-5,4.084e-29,1.751e-17,1.572e-19,1.101e-14,4.732e-17,,,,3.924e-18,2.684e-36,3.891e-1,,1.856e-10,5.588e-7,,,2.049e-21,1.583e-16,1.015e-18,1.298e-28,,1.159e-21,,1.676e-16,1.862e-9,,1.521e-19,6.886e-18,4.790e-4,,,,,1.781e-18,,,,,,,,,,,,,,
742.89,4.227e-1,3.442e-19,1.519e-24,4.092e-43,2.049e-17,,,1.255e-18,1.785e-19,,6.351e-16,3.220e-5,4.084e-29,1.751e-17,1.573e-19,1.207e-14,4.735e-17,,,,3.924e-18,2.684e-36,4.221e-1,,2.018e-10,4.576e-7,,,2.048e-21,1.583e-16,1.016e-18,1.298e-28,,1.159e-21,,1.676e-16,2.356e-9,,1.521e-19,6.886e-18,5.608e-4,,,,,1.782e-18,,,,,,,,,,,,,,
742.92,4.766e-1,5.585e-19,1.508e-24,3.993e-43,2.050e-17,,,1.254e-18,1.786e-19,,6.354e-16,3.974e-5,4.085e-29,1.751e-17,1.575e-19,1.383e-14,4.738e-17,,,,3.925e-18,2.685e-36,4.758e-1,,2.288e-10,3.382e-7,,,2.048e-21,1.584e-16,1.016e-18,1.297e-28,,1.160e-21,,1.676e-16,3.342e-9,,1.520e-19,6.886e-18,7.087e-4,,,,,1.782e-18,,,,,,,,,,,,,,
742.94,5.153e-1,7.700e-19,1.501e-24,3.926e-43,2.050e-17,,,1.254e-18,1.786e-19,,6.356e-16,4.565e-5,4.085e-29,1.751e-17,1.576e-19,1.512e-14,4.740e-17,,,,3.925e-18,2.685e-36,5.145e-1,,2.486e-10,2.760e-7,,,2.048e-21,1.585e-16,1.017e-18,1.297e-28,,1.160e-21,,1.677e-16,4.213e-9,,1.520e-19,6.886e-18,8.270e-4,,,,,1.782e-18,,,,,,,,,,,,,,
742.97,5.780e-1,1.243e-18,1.490e-24,3.827e-43,2.051e-17,,,1.254e-18,1.787e-19,,6.359e-16,5.605e-5,4.085e-29,1.751e-17,1.577e-19,1.725e-14,4.743e-17,,,,3.926e-18,2.685e-36,5.769e-1,,2.811e-10,2.029e-7,,,2.047e-21,1.585e-16,1.018e-18,1.296e-28,,1.160e-21,,1.677e-16,5.946e-9,,1.519e-19,6.886e-18,1.040e-3,,,,,1.782e-18,,,,,,,,,,,,,,
742.99,6.229e-1,1.708e-18,1.483e-24,3.760e-43,2.051e-17,,,1.254e-18,1.787e-19,,6.361e-16,6.416e-5,4.085e-29,1.751e-17,1.579e-19,1.880e-14,4.745e-17,,,,3.926e-18,2.685e-36,6.216e-1,,3.047e-10,1.650e-7,,,2.047e-21,1.586e-16,1.018e-18,1.296e-28,,1.160e-21,,1.677e-16,7.470e-9,,1.518e-19,6.886e-18,1.209e-3,,,,,1.783e-18,,,,,,,,,,,,,,
743.02,6.950e-1,2.743e-18,1.472e-24,3.661e-43,2.052e-17,,,1.254e-18,1.787e-19,,6.363e-16,7.837e-5,4.085e-29,1.751e-17,1.580e-19,2.133e-14,4.748e-17,,,,3.927e-18,2.686e-36,6.934e-1,,3.431e-10,1.207e-7,,,2.047e-21,1.587e-16,1.019e-18,1.295e-28,,1.161e-21,,1.677e-16,1.049e-8,,1.517e-19,6.886e-18,1.512e-3,,,,,1.783e-18,,,,,,,,,,,,,,
743.04,7.464e-1,3.756e-18,1.465e-24,3.594e-43,2.052e-17,,,1.254e-18,1.788e-19,,6.365e-16,8.940e-5,4.085e-29,1.751e-17,1.581e-19,2.317e-14,4.750e-17,,,,3.927e-18,2.686e-36,7.446e-1,,3.709e-10,9.779e-8,,,2.047e-21,1.587e-16,1.019e-18,1.295e-28,,1.161e-21,,1.678e-16,1.313e-8,,1.517e-19,6.886e-18,1.753e-3,,,,,1.783e-18,,,,,,,,,,,,,,
743.07,8.287e-1,6.001e-18,1.455e-24,3.495e-43,2.052e-17,,,1.254e-18,1.788e-19,,6.368e-16,1.086e-4,4.085e-29,1.751e-17,1.583e-19,2.617e-14,4.753e-17,,,,3.928e-18,2.686e-36,8.264e-1,,4.159e-10,7.115e-8,,,2.046e-21,1.588e-16,1.020e-18,1.294e-28,,1.161e-21,,1.678e-16,1.834e-8,,1.516e-19,6.886e-18,2.181e-3,,,,,1.784e-18,,,,,,,,,,,,,,
743.09,8.869e-1,8.188e-18,1.447e-24,3.429e-43,2.053e-17,,,1.254e-18,1.789e-19,,6.370e-16,1.235e-4,4.086e-29,1.751e-17,1.584e-19,2.833e-14,4.756e-17,,,,3.928e-18,2.686e-36,8.843e-1,,4.482e-10,5.745e-8,,,2.046e-21,1.588e-16,1.020e-18,1.294e-28,,1.161e-21,,1.678e-16,2.289e-8,,1.515e-19,6.886e-18,2.519e-3,,,,,1.784e-18,,,,,,,,,,,,,,
743.12,9.796e-1,1.302e-17,1.437e-24,3.329e-43,2.053e-17,,,1.254e-18,1.789e-19,,6.373e-16,1.493e-4,4.086e-29,1.751e-17,1.586e-19,3.183e-14,4.759e-17,,,,3.929e-18,2.687e-36,9.763e-1,,5.003e-10,4.158e-8,,,2.046e-21,1.589e-16,1.021e-18,1.293e-28,,1.161e-21,,1.678e-16,3.181e-8,,1.514e-19,6.886e-18,3.118e-3,,,,,1.784e-18,,,,,,,,,,,,,,
743.14,1.045e+0,1.770e-17,1.430e-24,3.263e-43,2.054e-17,,,1.254e-18,1.789e-19,,6.375e-16,1.692e-4,4.086e-29,1.751e-17,1.587e-19,3.434e-14,4.761e-17,,,,3.929e-18,2.687e-36,1.041e+0,,5.374e-10,3.346e-8,,,2.046e-21,1.590e-16,1.022e-18,1.293e-28,,1.162e-21,,1.678e-16,3.955e-8,,1.514e-19,6.886e-18,3.588e-3,,,,,1.785e-18,,,,,,,,,,,,,,
743.17,1.148e+0,2.800e-17,1.419e-24,3.163e-43,2.054e-17,,,1.254e-18,1.790e-19,,6.377e-16,2.035e-4,4.086e-29,1.751e-17,1.589e-19,3.838e-14,4.764e-17,,,,3.929e-18,2.687e-36,1.143e+0,,5.968e-10,2.409e-8,,,2.045e-21,1.591e-16,1.022e-18,1.292e-28,,1.162e-21,,1.679e-16,5.468e-8,,1.513e-19,6.886e-18,4.419e-3,,,,,1.785e-18,,,,,,,,,,,,,,
743.19,1.220e+0,3.794e-17,1.412e-24,3.097e-43,2.054e-17,,,1.254e-18,1.790e-19,,6.379e-16,2.297e-4,4.086e-29,1.751e-17,1.590e-19,4.127e-14,4.766e-17,,,,3.930e-18,2.687e-36,1.215e+0,,6.390e-10,1.932e-8,,,2.045e-21,1.591e-16,1.023e-18,1.292e-28,,1.162e-21,,1.679e-16,6.775e-8,,1.512e-19,6.886e-18,5.068e-3,,,,,1.785e-18,,,,,,,,,,,,,,
743.21,1.296e+0,5.135e-17,1.405e-24,3.030e-43,2.055e-17,,,1.254e-18,1.791e-19,,6.381e-16,2.590e-4,4.086e-29,1.751e-17,1.591e-19,4.431e-14,4.768e-17,,,,3.930e-18,2.687e-36,1.290e+0,,6.832e-10,1.547e-8,,,2.045e-21,1.592e-16,1.023e-18,1.291e-28,,1.162e-21,,1.679e-16,8.383e-8,,1.512e-19,6.886e-18,5.805e-3,,,,,1.785e-18,,,,,,,,,,,,,,
743.24,1.414e+0,8.063e-17,1.394e-24,2.931e-43,2.055e-17,,,1.254e-18,1.791e-19,,6.384e-16,3.092e-4,4.086e-29,1.751e-17,1.593e-19,4.917e-14,4.771e-17,,,,3.931e-18,2.688e-36,1.406e+0,,7.533e-10,1.106e-8,,,2.044e-21,1.592e-16,1.024e-18,1.291e-28,,1.162e-21,,1.679e-16,1.151e-7,,1.511e-19,6.886e-18,7.098e-3,,,,,1.786e-18,,,,,,,,,,,,,,
743.26,1.496e+0,1.087e-16,1.387e-24,2.864e-43,2.055e-17,,,1.254e-18,1.791e-19,,6.386e-16,3.475e-4,4.087e-29,1.751e-17,1.594e-19,5.261e-14,4.774e-17,,,,3.931e-18,2.688e-36,1.487e+0,,8.027e-10,8.823e-9,,,2.044e-21,1.593e-16,1.024e-18,1.290e-28,,1.163e-21,,1.679e-16,1.419e-7,,1.510e-19,6.886e-18,8.102e-3,,,,,1.786e-18,,,,,,,,,,,,,,
743.29,1.623e+0,1.699e-16,1.376e-24,2.765e-43,2.056e-17,,,1.254e-18,1.792e-19,,6.389e-16,4.127e-4,4.087e-29,1.751e-17,1.596e-19,5.809e-14,4.777e-17,,,,3.932e-18,2.688e-36,1.613e+0,,8.807e-10,6.273e-9,,,2.044e-21,1.594e-16,1.025e-18,1.290e-28,,1.163e-21,,1.680e-16,1.938e-7,,1.510e-19,6.886e-18,9.854e-3,,,,,1.786e-18,,,,,,,,,,,,,,
743.31,1.712e+0,2.283e-16,1.369e-24,2.698e-43,2.056e-17,,,1.254e-18,1.792e-19,,6.390e-16,4.622e-4,4.087e-29,1.751e-17,1.597e-19,6.194e-14,4.779e-17,,,,3.932e-18,2.688e-36,1.700e+0,,9.352e-10,4.989e-9,,,2.044e-21,1.594e-16,1.025e-18,1.289e-28,,1.163e-21,,1.680e-16,2.382e-7,,1.509e-19,6.886e-18,1.121e-2,,,,,1.787e-18,,,,,,,,,,,,,,
743.34,1.849e+0,3.549e-16,1.358e-24,2.599e-43,2.057e-17,,,1.254e-18,1.793e-19,,6.393e-16,5.462e-4,4.087e-29,1.751e-17,1.598e-19,6.803e-14,4.782e-17,,,,3.933e-18,2.688e-36,1.835e+0,,1.021e-9,3.528e-9,,,2.043e-21,1.595e-16,1.026e-18,1.289e-28,,1.163e-21,,1.680e-16,3.236e-7,,1.508e-19,6.886e-18,1.356e-2,,,,,1.787e-18,,,,,,,,,,,,,,
743.36,1.943e+0,4.754e-16,1.351e-24,2.532e-43,2.057e-17,,,1.253e-18,1.793e-19,,6.395e-16,6.094e-4,4.087e-29,1.751e-17,1.600e-19,7.229e-14,4.784e-17,,,,3.933e-18,2.689e-36,1.927e+0,,1.080e-9,2.796e-9,,,2.043e-21,1.595e-16,1.027e-18,1.288e-28,,1.163e-21,,1.680e-16,3.963e-7,,1.508e-19,6.886e-18,1.538e-2,,,,,1.787e-18,,,,,,,,,,,,,,
743.39,2.088e+0,7.351e-16,1.340e-24,2.433e-43,2.058e-17,,,1.253e-18,1.793e-19,,6.398e-16,7.165e-4,4.087e-29,1.750e-17,1.601e-19,7.899e-14,4.787e-17,,,,3.934e-18,2.689e-36,2.069e+0,,1.173e-9,1.967e-9,,,2.043e-21,1.596e-16,1.027e-18,1.288e-28,,1.164e-21,,1.681e-16,5.357e-7,,1.507e-19,6.886e-18,1.851e-2,,,,,1.788e-18,,,,,,,,,,,,,,
743.41,2.187e+0,9.812e-16,1.333e-24,2.366e-43,2.058e-17,,,1.253e-18,1.794e-19,,6.400e-16,7.968e-4,4.088e-29,1.750e-17,1.602e-19,8.365e-14,4.789e-17,,,,3.934e-18,2.689e-36,2.165e+0,,1.237e-9,1.553e-9,,,2.042e-21,1.597e-16,1.028e-18,1.287e-28,,1.164e-21,,1.681e-16,6.537e-7,,1.506e-19,6.886e-18,2.091e-2,,,,,1.788e-18,,,,,,,,,,,,,,
743.44,2.339e+0,1.510e-15,1.322e-24,2.267e-43,2.058e-17,,,1.253e-18,1.794e-19,,6.403e-16,9.319e-4,4.088e-29,1.750e-17,1.604e-19,9.093e-14,4.793e-17,,,,3.934e-18,2.689e-36,2.313e+0,,1.336e-9,1.087e-9,,,2.042e-21,1.598e-16,1.028e-18,1.287e-28,,1.164e-21,,1.681e-16,8.791e-7,,1.505e-19,6.886e-18,2.504e-2,,,,,1.788e-18,,,,,,,,,,,,,,
743.46,2.442e+0,2.008e-15,1.315e-24,2.200e-43,2.059e-17,,,1.253e-18,1.795e-19,,6.404e-16,1.033e-3,4.088e-29,1.750e-17,1.605e-19,9.597e-14,4.795e-17,,,,3.935e-18,2.690e-36,2.412e+0,,1.404e-9,8.555e-10,,,2.042e-21,1.598e-16,1.029e-18,1.286e-28,,1.164e-21,,1.681e-16,1.069e-6,,1.505e-19,6.886e-18,2.820e-2,,,,,1.788e-18,,,,,,,,,,,,,,
743.49,2.598e+0,3.074e-15,1.304e-24,2.101e-43,2.059e-17,,,1.253e-18,1.795e-19,,6.407e-16,1.202e-3,4.088e-29,1.750e-17,1.607e-19,1.038e-13,4.798e-17,,,,3.935e-18,2.690e-36,2.563e+0,,1.509e-9,5.956e-10,,,2.041e-21,1.599e-16,1.030e-18,1.285e-28,,1.164e-21,,1.682e-16,1.431e-6,,1.504e-19,6.886e-18,3.359e-2,,,,,1.789e-18,,,,,,,,,,,,,,
743.51,2.703e+0,4.075e-15,1.297e-24,2.034e-43,2.060e-17,,,1.253e-18,1.795e-19,,6.409e-16,1.327e-3,4.088e-29,1.750e-17,1.608e-19,1.092e-13,4.800e-17,,,,3.936e-18,2.690e-36,2.664e+0,,1.581e-9,4.671e-10,,,2.041e-21,1.599e-16,1.030e-18,1.285e-28,,1.165e-21,,1.682e-16,1.734e-6,,1.503e-19,6.885e-18,3.769e-2,,,,,1.789e-18,,,,,,,,,,,,,,
743.54,2.862e+0,6.205e-15,1.286e-24,1.935e-43,2.060e-17,,,1.253e-18,1.796e-19,,6.412e-16,1.536e-3,4.088e-29,1.750e-17,1.610e-19,1.174e-13,4.803e-17,,,,3.936e-18,2.690e-36,2.816e+0,,1.690e-9,3.235e-10,,,2.041e-21,1.600e-16,1.031e-18,1.284e-28,,1.165e-21,,1.682e-16,2.308e-6,,1.503e-19,6.885e-18,4.468e-2,,,,,1.789e-18,,,,,,,,,,,,,,
743.56,2.969e+0,8.198e-15,1.279e-24,1.868e-43,2.060e-17,,,1.253e-18,1.796e-19,,6.414e-16,1.691e-3,4.088e-29,1.750e-17,1.611e-19,1.231e-13,4.805e-17,,,,3.937e-18,2.690e-36,2.917e+0,,1.764e-9,2.528e-10,,,2.041e-21,1.601e-16,1.031e-18,1.284e-28,,1.165e-21,,1.682e-16,2.788e-6,,1.502e-19,6.885e-18,4.995e-2,,,,,1.790e-18,,,,,,,,,,,,,,
743.58,3.075e+0,1.082e-14,1.272e-24,1.802e-43,2.061e-17,,,1.253e-18,1.797e-19,,6.416e-16,1.858e-3,4.089e-29,1.750e-17,1.612e-19,1.288e-13,4.807e-17,,,,3.937e-18,2.691e-36,3.018e+0,,1.839e-9,1.973e-10,,,2.040e-21,1.601e-16,1.032e-18,1.284e-28,,1.165e-21,,1.682e-16,3.363e-6,,1.501e-19,6.885e-18,5.577e-2,,,,,1.790e-18,,,,,,,,,,,,,,
743.61,3.235e+0,1.635e-14,1.261e-24,1.702e-43,2.061e-17,,,1.253e-18,1.797e-19,,6.418e-16,2.135e-3,4.089e-29,1.750e-17,1.614e-19,1.376e-13,4.810e-17,,,,3.938e-18,2.691e-36,3.167e+0,,1.952e-9,1.356e-10,,,2.040e-21,1.602e-16,1.032e-18,1.283e-28,,1.165e-21,,1.683e-16,4.444e-6,,1.501e-19,6.885e-18,6.563e-2,,,,,1.790e-18,,,,,,,,,,,,,,
743.63,3.340e+0,2.150e-14,1.254e-24,1.636e-43,2.062e-17,,,1.253e-18,1.797e-19,,6.420e-16,2.339e-3,4.089e-29,1.750e-17,1.615e-19,1.435e-13,4.813e-17,,,,3.938e-18,2.691e-36,3.265e+0,,2.027e-9,1.055e-10,,,2.040e-21,1.603e-16,1.033e-18,1.283e-28,,1.166e-21,,1.683e-16,5.342e-6,,1.500e-19,6.885e-18,7.303e-2,,,,,1.791e-18,,,,,,,,,,,,,,
743.66,3.496e+0,3.234e-14,1.244e-24,1.536e-43,2.062e-17,,,1.253e-18,1.798e-19,,6.423e-16,2.674e-3,4.089e-29,1.750e-17,1.617e-19,1.525e-13,4.816e-17,,,,3.938e-18,2.691e-36,3.408e+0,,2.140e-9,7.213e-11,,,2.039e-21,1.603e-16,1.033e-18,1.282e-28,,1.166e-21,,1.683e-16,7.023e-6,,1.499e-19,6.885e-18,8.550e-2,,,,,1.791e-18,,,,,,,,,,,,,,
743.68,3.599e+0,4.238e-14,1.236e-24,1.470e-43,2.062e-17,,,1.253e-18,1.798e-19,,6.425e-16,2.919e-3,4.089e-29,1.750e-17,1.618e-19,1.586e-13,4.818e-17,,,,3.939e-18,2.692e-36,3.501e+0,,2.216e-9,5.590e-11,,,2.039e-21,1.604e-16,1.034e-18,1.282e-28,,1.166e-21,,1.683e-16,8.413e-6,,1.499e-19,6.885e-18,9.481e-2,,,,,1.791e-18,,,,,,,,,,,,,,
743.71,3.750e+0,6.342e-14,1.226e-24,1.371e-43,2.063e-17,,,1.253e-18,1.799e-19,,6.428e-16,3.320e-3,4.089e-29,1.750e-17,1.620e-19,1.676e-13,4.821e-17,,,,3.939e-18,2.692e-36,3.636e+0,,2.328e-9,3.803e-11,,,2.039e-21,1.605e-16,1.035e-18,1.281e-28,,1.166e-21,,1.684e-16,1.100e-5,,1.498e-19,6.885e-18,1.104e-1,,,,,1.791e-18,,,,,,,,,,,,,,
743.73,3.848e+0,8.282e-14,1.219e-24,1.304e-43,2.063e-17,,,1.253e-18,1.799e-19,,6.430e-16,3.611e-3,4.089e-29,1.750e-17,1.621e-19,1.737e-13,4.823e-17,,,,3.940e-18,2.692e-36,3.723e+0,,2.401e-9,2.937e-11,,,2.039e-21,1.605e-16,1.035e-18,1.280e-28,,1.166e-21,,1.684e-16,1.314e-5,,1.497e-19,6.885e-18,1.220e-1,,,,,1.792e-18,,,,,,,,,,,,,,
743.76,3.992e+0,1.233e-13,1.208e-24,1.205e-43,2.064e-17,,,1.253e-18,1.800e-19,,6.432e-16,4.086e-3,4.090e-29,1.750e-17,1.622e-19,1.827e-13,4.826e-17,,,,3.940e-18,2.692e-36,3.846e+0,,2.509e-9,1.988e-11,,,2.038e-21,1.606e-16,1.036e-18,1.280e-28,,1.167e-21,,1.684e-16,1.709e-5,,1.496e-19,6.885e-18,1.414e-1,,,,,1.792e-18,,,,,,,,,,,,,,
743.78,4.084e+0,1.605e-13,1.201e-24,1.138e-43,2.064e-17,,,1.252e-18,1.800e-19,,6.434e-16,4.429e-3,4.090e-29,1.750e-17,1.624e-19,1.886e-13,4.828e-17,,,,3.941e-18,2.692e-36,3.924e+0,,2.579e-9,1.530e-11,,,2.038e-21,1.606e-16,1.036e-18,1.279e-28,,1.167e-21,,1.684e-16,2.034e-5,,1.496e-19,6.885e-18,1.557e-1,,,,,1.792e-18,,,,,,,,,,,,,,
743.81,4.218e+0,2.377e-13,1.190e-24,2.391e-43,2.064e-17,,,1.252e-18,1.800e-19,,6.437e-16,4.986e-3,4.090e-29,1.750e-17,1.625e-19,1.974e-13,4.832e-17,,,,3.941e-18,2.693e-36,4.033e+0,,2.682e-9,1.030e-11,,,2.038e-21,1.607e-16,1.037e-18,1.279e-28,,1.167e-21,,1.684e-16,2.633e-5,,1.495e-19,6.885e-18,1.795e-1,,,,,1.793e-18,,,,,,,,,,,,,,
743.83,4.303e+0,3.083e-13,1.183e-24,3.327e-43,2.065e-17,,,1.252e-18,1.801e-19,,6.439e-16,5.387e-3,4.090e-29,1.750e-17,1.626e-19,2.031e-13,4.834e-17,,,,3.942e-18,2.693e-36,4.101e+0,,2.747e-9,7.897e-12,,,2.038e-21,1.608e-16,1.037e-18,1.278e-28,,1.167e-21,,1.685e-16,3.122e-5,,1.494e-19,6.885e-18,1.970e-1,,,,,1.793e-18,,,,,,,,,,,,,,
743.86,4.425e+0,4.542e-13,1.172e-24,5.447e-43,2.065e-17,,,1.252e-18,1.801e-19,,6.442e-16,6.032e-3,4.090e-29,1.750e-17,1.628e-19,2.115e-13,4.837e-17,,,,3.942e-18,2.693e-36,4.193e+0,,2.841e-9,5.289e-12,,,2.037e-21,1.609e-16,1.038e-18,1.278e-28,,1.167e-21,,1.685e-16,4.020e-5,,1.494e-19,6.885e-18,2.259e-1,,,,,1.793e-18,,,,,,,,,,,,,,
743.88,4.502e+0,5.872e-13,1.165e-24,7.554e-43,2.066e-17,,,1.252e-18,1.801e-19,,6.444e-16,6.494e-3,4.090e-29,1.750e-17,1.629e-19,2.169e-13,4.839e-17,,,,3.943e-18,2.693e-36,4.249e+0,,2.901e-9,4.042e-12,,,2.037e-21,1.609e-16,1.038e-18,1.277e-28,,1.168e-21,,1.685e-16,4.750e-5,,1.493e-19,6.885e-18,2.470e-1,,,,,1.794e-18,,,,,,,,,,,,,,
743.91,4.611e+0,8.607e-13,1.154e-24,1.230e-42,2.066e-17,,,1.252e-18,1.802e-19,,6.446e-16,7.235e-3,4.091e-29,1.750e-17,1.631e-19,2.247e-13,4.842e-17,,,,3.943e-18,2.694e-36,4.322e+0,,2.985e-9,2.693e-12,,,2.037e-21,1.610e-16,1.039e-18,1.277e-28,,1.168e-21,,1.685e-16,6.086e-5,,1.492e-19,6.885e-18,2.818e-1,,,,,1.794e-18,,,,,,,,,,,,,,
743.93,4.679e+0,1.109e-12,1.147e-24,1.701e-42,2.066e-17,,,1.252e-18,1.802e-19,,6.448e-16,7.762e-3,4.091e-29,1.750e-17,1.632e-19,2.297e-13,4.844e-17,,,,3.943e-18,2.694e-36,4.364e+0,,3.037e-9,2.050e-12,,,2.036e-21,1.610e-16,1.040e-18,1.276e-28,,1.168e-21,,1.685e-16,7.167e-5,,1.492e-19,6.885e-18,3.072e-1,,,,,1.794e-18,,,,,,,,,,,,,,
743.95,4.743e+0,1.426e-12,1.140e-24,2.347e-42,2.067e-17,,,1.252e-18,1.803e-19,,6.450e-16,8.317e-3,4.091e-29,1.750e-17,1.633e-19,2.345e-13,4.846e-17,,,,3.944e-18,2.694e-36,4.400e+0,,3.085e-9,1.559e-12,,,2.036e-21,1.611e-16,1.040e-18,1.276e-28,,1.168e-21,,1.686e-16,8.429e-5,,1.491e-19,6.885e-18,3.344e-1,,,,,1.794e-18,,,,,,,,,,,,,,
743.98,4.832e+0,2.076e-12,1.129e-24,3.796e-42,2.067e-17,,,1.252e-18,1.803e-19,,6.453e-16,9.199e-3,4.091e-29,1.750e-17,1.635e-19,2.413e-13,4.849e-17,,,,3.944e-18,2.694e-36,4.444e+0,,3.152e-9,1.031e-12,,,2.036e-21,1.612e-16,1.041e-18,1.275e-28,,1.168e-21,,1.686e-16,1.072e-4,,1.490e-19,6.885e-18,3.787e-1,,,,,1.795e-18,,,,,,,,,,,,,,
744,4.886e+0,2.662e-12,1.122e-24,5.221e-42,2.068e-17,,,1.252e-18,1.803e-19,,6.455e-16,9.822e-3,4.091e-29,1.750e-17,1.636e-19,2.456e-13,4.852e-17,,,,3.945e-18,2.694e-36,4.465e+0,,3.191e-9,7.815e-13,,,2.036e-21,1.612e-16,1.041e-18,1.275e-28,,1.169e-21,,1.686e-16,1.257e-4,,1.490e-19,6.885e-18,4.108e-1,,,,,1.795e-18,,,,,,,,,,,,,,
744.03,4.960e+0,3.854e-12,1.111e-24,8.400e-42,2.068e-17,,,1.252e-18,1.804e-19,,6.458e-16,1.081e-2,4.091e-29,1.750e-17,1.638e-19,2.516e-13,4.855e-17,,,,3.945e-18,2.695e-36,4.486e+0,,3.243e-9,5.142e-13,,,2.035e-21,1.613e-16,1.042e-18,1.274e-28,,1.169e-21,,1.686e-16,1.590e-4,,1.489e-19,6.885e-18,4.629e-1,,,,,1.795e-18,,,,,,,,,,,,,,
744.05,5.005e+0,4.924e-12,1.104e-24,1.151e-41,2.068e-17,,,1.252e-18,1.804e-19,,6.460e-16,1.150e-2,4.091e-29,1.750e-17,1.639e-19,2.552e-13,4.857e-17,,,,3.946e-18,2.695e-36,4.493e+0,,3.272e-9,3.883e-13,,,2.035e-21,1.613e-16,1.042e-18,1.274e-28,,1.169e-21,,1.687e-16,1.857e-4,,1.488e-19,6.885e-18,5.003e-1,,,,,1.796e-18,,,,,,,,,,,,,,
744.08,5.064e+0,7.094e-12,1.093e-24,1.843e-41,2.069e-17,,,1.252e-18,1.805e-19,,6.462e-16,1.259e-2,4.092e-29,1.750e-17,1.641e-19,2.602e-13,4.860e-17,,,,3.946e-18,2.695e-36,4.490e+0,,3.308e-9,2.541e-13,,,2.035e-21,1.614e-16,1.043e-18,1.273e-28,,1.169e-21,,1.687e-16,2.338e-4,,1.487e-19,6.885e-18,5.609e-1,,,,,1.796e-18,,,,,,,,,,,,,,
744.1,5.099e+0,9.032e-12,1.086e-24,2.518e-41,2.069e-17,,,1.252e-18,1.805e-19,,6.464e-16,1.335e-2,4.092e-29,1.750e-17,1.642e-19,2.633e-13,4.862e-17,,,,3.947e-18,2.695e-36,4.481e+0,,3.326e-9,1.912e-13,,,2.034e-21,1.615e-16,1.043e-18,1.273e-28,,1.169e-21,,1.687e-16,2.721e-4,,1.487e-19,6.885e-18,6.042e-1,,,,,1.796e-18,,,,,,,,,,,,,,
744.13,5.144e+0,1.295e-11,1.075e-24,4.010e-41,2.070e-17,,,1.252e-18,1.806e-19,,6.467e-16,1.454e-2,4.092e-29,1.750e-17,1.643e-19,2.673e-13,4.865e-17,,,,3.947e-18,2.696e-36,4.455e+0,,3.345e-9,1.245e-13,,,2.034e-21,1.616e-16,1.044e-18,1.272e-28,,1.170e-21,,1.687e-16,3.408e-4,,1.486e-19,6.885e-18,6.738e-1,,,,,1.797e-18,,,,,,,,,,,,,,
744.15,5.170e+0,1.643e-11,1.068e-24,5.459e-41,2.070e-17,,,1.252e-18,1.806e-19,,6.469e-16,1.536e-2,4.092e-29,1.750e-17,1.645e-19,2.697e-13,4.867e-17,,,,3.947e-18,2.696e-36,4.431e+0,,3.352e-9,9.336e-14,,,2.034e-21,1.616e-16,1.045e-18,1.272e-28,,1.170e-21,,1.687e-16,3.954e-4,,1.485e-19,6.885e-18,7.233e-1,,,,,1.797e-18,,,,,,,,,,,,,,
744.18,5.203e+0,2.342e-11,1.058e-24,8.650e-41,2.070e-17,,,1.252e-18,1.806e-19,,6.472e-16,1.664e-2,4.092e-29,1.749e-17,1.646e-19,2.728e-13,4.871e-17,,,,3.948e-18,2.696e-36,4.383e+0,,3.354e-9,6.047e-14,,,2.033e-21,1.617e-16,1.045e-18,1.271e-28,,1.170e-21,,1.688e-16,4.927e-4,,1.484e-19,6.885e-18,8.025e-1,,,,,1.797e-18,,,,,,,,,,,,,,
744.2,5.220e+0,2.962e-11,1.050e-24,1.174e-40,2.071e-17,,,1.252e-18,1.807e-19,,6.474e-16,1.753e-2,4.092e-29,1.749e-17,1.647e-19,2.746e-13,4.873e-17,,,,3.948e-18,2.696e-36,4.344e+0,,3.349e-9,4.518e-14,,,2.033e-21,1.617e-16,1.046e-18,1.271e-28,,1.170e-21,,1.688e-16,5.695e-4,,1.484e-19,6.885e-18,8.586e-1,,,,,1.797e-18,,,,,,,,,,,,,,
744.23,5.242e+0,4.202e-11,1.040e-24,1.850e-40,2.071e-17,,,1.251e-18,1.807e-19,,6.476e-16,1.889e-2,4.093e-29,1.749e-17,1.649e-19,2.769e-13,4.876e-17,,,,3.949e-18,2.696e-36,4.274e+0,,3.334e-9,2.911e-14,,,2.033e-21,1.618e-16,1.046e-18,1.270e-28,,1.171e-21,,1.688e-16,7.060e-4,,1.483e-19,6.885e-18,9.476e-1,,,,,1.798e-18,,,,,,,,,,,,,,
744.25,5.253e+0,5.296e-11,1.033e-24,2.502e-40,2.072e-17,,,1.251e-18,1.807e-19,,6.478e-16,1.983e-2,4.093e-29,1.749e-17,1.650e-19,2.781e-13,4.878e-17,,,,3.949e-18,2.697e-36,4.222e+0,,3.318e-9,2.168e-14,,,2.033e-21,1.619e-16,1.047e-18,1.270e-28,,1.171e-21,,1.688e-16,8.133e-4,,1.482e-19,6.885e-18,1.010e+0,,,,,1.798e-18,,,,,,,,,,,,,,
744.28,5.265e+0,7.474e-11,1.022e-24,3.924e-40,2.072e-17,,,1.251e-18,1.808e-19,,6.481e-16,2.126e-2,4.093e-29,1.749e-17,1.652e-19,2.797e-13,4.881e-17,,,,3.950e-18,2.697e-36,4.133e+0,,3.285e-9,1.389e-14,,,2.032e-21,1.619e-16,1.048e-18,1.269e-28,,1.171e-21,,1.689e-16,1.003e-3,,1.482e-19,6.885e-18,1.109e+0,,,,,1.798e-18,,,,,,,,,,,,,,
744.3,5.270e+0,9.387e-11,1.015e-24,5.287e-40,2.072e-17,,,1.251e-18,1.808e-19,,6.483e-16,2.224e-2,4.093e-29,1.749e-17,1.653e-19,2.806e-13,4.883e-17,,,,3.950e-18,2.697e-36,4.068e+0,,3.258e-9,1.031e-14,,,2.032e-21,1.620e-16,1.048e-18,1.269e-28,,1.171e-21,,1.689e-16,1.152e-3,,1.481e-19,6.885e-18,1.179e+0,,,,,1.799e-18,,,,,,,,,,,,,,
744.32,5.273e+0,1.177e-10,1.008e-24,7.115e-40,2.073e-17,,,1.251e-18,1.809e-19,,6.485e-16,2.322e-2,4.093e-29,1.749e-17,1.654e-19,2.814e-13,4.885e-17,,,,3.951e-18,2.697e-36,3.998e+0,,3.227e-9,7.640e-15,,,2.032e-21,1.621e-16,1.048e-18,1.268e-28,,1.171e-21,,1.689e-16,1.320e-3,,1.481e-19,6.885e-18,1.251e+0,,,,,1.799e-18,,,,,,,,,,,,,,
744.35,5.275e+0,1.650e-10,9.968e-25,1.108e-39,2.073e-17,,,1.251e-18,1.809e-19,,6.488e-16,2.472e-2,4.093e-29,1.749e-17,1.656e-19,2.825e-13,4.889e-17,,,,3.951e-18,2.698e-36,3.886e+0,,3.172e-9,4.861e-15,,,2.031e-21,1.621e-16,1.049e-18,1.267e-28,,1.172e-21,,1.689e-16,1.616e-3,,1.480e-19,6.885e-18,1.363e+0,,,,,1.799e-18,,,,,,,,,,,,,,
744.37,5.275e+0,2.062e-10,9.897e-25,1.486e-39,2.074e-17,,,1.251e-18,1.809e-19,,6.489e-16,2.573e-2,4.093e-29,1.749e-17,1.657e-19,2.832e-13,4.891e-17,,,,3.952e-18,2.698e-36,3.806e+0,,3.130e-9,3.589e-15,,,2.031e-21,1.622e-16,1.050e-18,1.267e-28,,1.172e-21,,1.689e-16,1.847e-3,,1.479e-19,6.885e-18,1.442e+0,,,,,1.800e-18,,,,,,,,,,,,,,
744.4,5.273e+0,2.875e-10,9.789e-25,2.302e-39,2.074e-17,,,1.251e-18,1.810e-19,,6.492e-16,2.725e-2,4.094e-29,1.749e-17,1.659e-19,2.845e-13,4.894e-17,,,,3.952e-18,2.698e-36,3.680e+0,,3.061e-9,2.272e-15,,,2.031e-21,1.623e-16,1.050e-18,1.266e-28,,1.172e-21,,1.690e-16,2.250e-3,,1.478e-19,6.885e-18,1.564e+0,,,,,1.800e-18,,,,,,,,,,,,,,
744.42,5.270e+0,3.581e-10,9.718e-25,3.077e-39,2.074e-17,,,1.251e-18,1.810e-19,,6.494e-16,2.827e-2,4.094e-29,1.749e-17,1.660e-19,2.854e-13,4.896e-17,,,,3.952e-18,2.698e-36,3.592e+0,,3.011e-9,1.672e-15,,,2.031e-21,1.623e-16,1.051e-18,1.266e-28,,1.172e-21,,1.690e-16,2.562e-3,,1.478e-19,6.885e-18,1.648e+0,,,,,1.800e-18,,,,,,,,,,,,,,
744.45,5.265e+0,4.967e-10,9.610e-25,4.742e-39,2.075e-17,,,1.251e-18,1.811e-19,,6.497e-16,2.979e-2,4.094e-29,1.749e-17,1.662e-19,2.873e-13,4.899e-17,,,,3.953e-18,2.698e-36,3.455e+0,,2.930e-9,1.053e-15,,,2.030e-21,1.624e-16,1.051e-18,1.265e-28,,1.172e-21,,1.690e-16,3.104e-3,,1.477e-19,6.885e-18,1.778e+0,,,,,1.800e-18,,,,,,,,,,,,,,
744.47,5.262e+0,6.166e-10,9.539e-25,6.316e-39,2.075e-17,,,1.251e-18,1.811e-19,,6.499e-16,3.079e-2,4.094e-29,1.749e-17,1.663e-19,2.889e-13,4.901e-17,,,,3.953e-18,2.699e-36,3.361e+0,,2.871e-9,7.718e-16,,,2.030e-21,1.624e-16,1.052e-18,1.265e-28,,1.172e-21,,1.690e-16,3.523e-3,,1.476e-19,6.885e-18,1.867e+0,,,,,1.801e-18,,,,,,,,,,,,,,
744.5,5.256e+0,8.508e-10,9.432e-25,9.685e-39,2.076e-17,,,1.251e-18,1.812e-19,,6.502e-16,3.228e-2,4.094e-29,1.749e-17,1.665e-19,2.921e-13,4.904e-17,,,,3.954e-18,2.699e-36,3.216e+0,,2.779e-9,4.834e-16,,,2.030e-21,1.625e-16,1.053e-18,1.264e-28,,1.173e-21,,1.691e-16,4.247e-3,,1.475e-19,6.885e-18,2.004e+0,,,,,1.801e-18,,,,,,,,,,,,,,
744.52,5.252e+0,1.053e-9,9.360e-25,1.286e-38,2.076e-17,,,1.251e-18,1.812e-19,,6.503e-16,3.325e-2,4.094e-29,1.749e-17,1.666e-19,2.949e-13,4.906e-17,,,,3.954e-18,2.699e-36,3.117e+0,,2.715e-9,3.532e-16,,,2.030e-21,1.626e-16,1.053e-18,1.264e-28,,1.173e-21,,1.691e-16,4.803e-3,,1.475e-19,6.885e-18,2.097e+0,,,,,1.801e-18,,,,,,,,,,,,,,
744.55,5.247e+0,1.445e-9,9.253e-25,1.961e-38,2.077e-17,,,1.251e-18,1.812e-19,,6.506e-16,3.468e-2,4.094e-29,1.749e-17,1.667e-19,3.002e-13,4.910e-17,,,,3.955e-18,2.699e-36,2.968e+0,,2.614e-9,2.201e-16,,,2.029e-21,1.627e-16,1.054e-18,1.263e-28,,1.173e-21,,1.691e-16,5.761e-3,,1.474e-19,6.885e-18,2.239e+0,,,,,1.802e-18,,,,,,,,,,,,,,
744.57,5.244e+0,1.782e-9,9.181e-25,2.595e-38,2.077e-17,,,1.251e-18,1.813e-19,,6.508e-16,3.561e-2,4.095e-29,1.749e-17,1.668e-19,3.047e-13,4.912e-17,,,,3.955e-18,2.700e-36,2.867e+0,,2.544e-9,1.603e-16,,,2.029e-21,1.627e-16,1.054e-18,1.263e-28,,1.173e-21,,1.691e-16,6.492e-3,,1.473e-19,6.885e-18,2.335e+0,,,,,1.802e-18,,,,,,,,,,,,,,
744.6,5.241e+0,2.433e-9,9.074e-25,3.938e-38,2.077e-17,,,1.251e-18,1.813e-19,,6.511e-16,3.695e-2,4.095e-29,1.749e-17,1.670e-19,3.131e-13,4.915e-17,,,,3.956e-18,2.700e-36,2.715e+0,,2.437e-9,9.933e-17,,,2.029e-21,1.628e-16,1.055e-18,1.262e-28,,1.174e-21,,1.692e-16,7.747e-3,,1.473e-19,6.885e-18,2.481e+0,,,,,1.802e-18,,,,,,,,,,,,,,
744.62,5.239e+0,2.990e-9,9.002e-25,5.193e-38,2.078e-17,,,1.251e-18,1.813e-19,,6.513e-16,3.781e-2,4.095e-29,1.749e-17,1.671e-19,3.200e-13,4.917e-17,,,,3.956e-18,2.700e-36,2.614e+0,,2.364e-9,7.208e-17,,,2.028e-21,1.628e-16,1.055e-18,1.262e-28,,1.174e-21,,1.692e-16,8.701e-3,,1.472e-19,6.885e-18,2.578e+0,,,,,1.803e-18,,,,,,,,,,,,,,
744.65,5.237e+0,4.062e-9,8.895e-25,7.841e-38,2.078e-17,,,1.250e-18,1.814e-19,,6.516e-16,3.903e-2,4.095e-29,1.749e-17,1.673e-19,3.326e-13,4.920e-17,,,,3.957e-18,2.700e-36,2.463e+0,,2.253e-9,4.444e-17,,,2.028e-21,1.629e-16,1.056e-18,1.261e-28,,1.174e-21,,1.692e-16,1.033e-2,,1.471e-19,6.885e-18,2.725e+0,,,,,1.803e-18,,,,,,,,,,,,,,
744.67,5.236e+0,4.975e-9,8.824e-25,1.030e-37,2.079e-17,,,1.250e-18,1.814e-19,,6.517e-16,3.981e-2,4.095e-29,1.749e-17,1.674e-19,3.428e-13,4.922e-17,,,,3.957e-18,2.700e-36,2.362e+0,,2.178e-9,3.213e-17,,,2.028e-21,1.630e-16,1.056e-18,1.261e-28,,1.174e-21,,1.692e-16,1.156e-2,,1.471e-19,6.885e-18,2.822e+0,,,,,1.803e-18,,,,,,,,,,,,,,
744.69,5.236e+0,6.084e-9,8.752e-25,1.352e-37,2.079e-17,,,1.250e-18,1.815e-19,,6.519e-16,4.054e-2,4.095e-29,1.749e-17,1.675e-19,3.545e-13,4.924e-17,,,,3.957e-18,2.701e-36,2.263e+0,,2.103e-9,2.320e-17,,,2.028e-21,1.630e-16,1.057e-18,1.260e-28,,1.174e-21,,1.692e-16,1.292e-2,,1.470e-19,6.885e-18,2.919e+0,,,,,1.803e-18,,,,,,,,,,,,,,
744.72,5.237e+0,8.207e-9,8.645e-25,2.027e-37,2.079e-17,,,1.250e-18,1.815e-19,,6.522e-16,4.156e-2,4.096e-29,1.749e-17,1.677e-19,3.753e-13,4.928e-17,,,,3.958e-18,2.701e-36,2.117e+0,,1.989e-9,1.420e-17,,,2.027e-21,1.631e-16,1.735e-18,1.260e-28,,1.175e-21,,1.693e-16,1.523e-2,,1.469e-19,6.885e-18,3.063e+0,,,,,1.804e-18,,,,,,,,,,,,,,
744.74,5.238e+0,1.000e-8,8.573e-25,2.650e-37,2.080e-17,,,1.250e-18,1.815e-19,,6.524e-16,4.219e-2,4.096e-29,1.749e-17,1.678e-19,3.917e-13,4.930e-17,,,,3.958e-18,2.701e-36,2.021e+0,,1.914e-9,1.022e-17,,,2.027e-21,1.631e-16,2.411e-18,1.259e-28,,1.175e-21,,1.693e-16,1.696e-2,,1.469e-19,6.885e-18,3.157e+0,,,,,1.804e-18,,,,,,,,,,,,,,
744.77,5.239e+0,1.342e-8,8.466e-25,3.953e-37,2.080e-17,,,1.250e-18,1.816e-19,,6.527e-16,4.305e-2,4.096e-29,1.749e-17,1.680e-19,4.203e-13,4.933e-17,,,,3.959e-18,2.701e-36,1.881e+0,,1.801e-9,6.222e-18,,,2.027e-21,1.632e-16,3.939e-18,1.259e-28,,1.175e-21,,1.693e-16,1.989e-2,,1.468e-19,6.885e-18,3.296e+0,,,,,1.804e-18,,,,,,,,,,,,,,
744.79,5.241e+0,1.631e-8,8.394e-25,5.152e-37,2.080e-17,,,1.250e-18,1.816e-19,,6.529e-16,4.355e-2,4.096e-29,1.749e-17,1.681e-19,4.424e-13,4.935e-17,,,,3.959e-18,2.701e-36,1.789e+0,,1.727e-9,4.462e-18,,,2.026e-21,1.633e-16,5.455e-18,1.258e-28,,1.175e-21,,1.693e-16,2.208e-2,,1.467e-19,6.885e-18,3.386e+0,,,,,1.805e-18,,,,,,,,,,,,,,
744.82,5.242e+0,2.177e-8,8.287e-25,7.646e-37,2.081e-17,,,1.250e-18,1.817e-19,,6.531e-16,4.423e-2,4.096e-29,1.749e-17,1.683e-19,4.807e-13,4.938e-17,,,,3.960e-18,2.702e-36,1.656e+0,,1.617e-9,2.702e-18,,,2.026e-21,1.634e-16,8.866e-18,1.258e-28,,1.175e-21,,1.693e-16,2.576e-2,,1.466e-19,6.885e-18,3.516e+0,,,,,1.805e-18,,,,,,,,,,,,,,
744.84,5.243e+0,2.635e-8,8.216e-25,9.930e-37,2.081e-17,,,1.250e-18,1.817e-19,,6.533e-16,4.461e-2,4.096e-29,1.749e-17,1.684e-19,5.099e-13,4.940e-17,,,,3.960e-18,2.702e-36,1.571e+0,,1.545e-9,,,,2.026e-21,1.634e-16,1.223e-17,1.257e-28,,1.176e-21,,1.694e-16,2.849e-2,,1.466e-19,6.885e-18,3.599e+0,,,,,1.805e-18,,,,,,,,,,,,,,
744.87,5.243e+0,3.501e-8,8.108e-25,1.466e-36,2.082e-17,,,1.250e-18,1.818e-19,,6.536e-16,4.509e-2,4.096e-29,1.749e-17,1.686e-19,5.598e-13,4.943e-17,,,,3.961e-18,2.702e-36,1.446e+0,,1.439e-9,,,,2.025e-21,1.635e-16,1.978e-17,1.257e-28,,1.176e-21,,1.694e-16,3.307e-2,,1.465e-19,6.885e-18,3.718e+0,,,,,1.806e-18,,,,,,,,,,,,,,
744.89,5.242e+0,4.223e-8,8.037e-25,1.898e-36,2.082e-17,,,1.250e-18,1.818e-19,,6.538e-16,4.535e-2,4.097e-29,1.749e-17,1.687e-19,5.975e-13,4.945e-17,,,,3.961e-18,2.702e-36,1.367e+0,,1.370e-9,,,,2.025e-21,1.635e-16,2.721e-17,1.256e-28,,1.176e-21,,1.694e-16,3.646e-2,,1.464e-19,6.885e-18,3.793e+0,,,,,1.806e-18,,,,,,,,,,,,,,
744.92,5.238e+0,5.581e-8,7.929e-25,2.787e-36,2.083e-17,,,1.250e-18,1.818e-19,,6.541e-16,4.564e-2,4.097e-29,1.749e-17,1.688e-19,6.613e-13,4.949e-17,,,,3.962e-18,2.703e-36,1.252e+0,,1.270e-9,,,,2.025e-21,1.636e-16,4.377e-17,1.256e-28,,1.176e-21,,1.694e-16,4.209e-2,,1.464e-19,6.885e-18,3.898e+0,,,,,1.806e-18,,,,,,,,,,,,,,
744.94,5.234e+0,6.710e-8,7.858e-25,3.596e-36,2.083e-17,,,1.250e-18,1.819e-19,,6.543e-16,4.578e-2,4.097e-29,1.749e-17,1.690e-19,7.091e-13,4.951e-17,,,,3.962e-18,2.703e-36,1.179e+0,,1.205e-9,,,,2.025e-21,1.637e-16,6.000e-17,1.255e-28,,1.176e-21,,1.695e-16,4.625e-2,,1.463e-19,6.885e-18,3.963e+0,,,,,1.806e-18,,,,,,,,,,,,,,
744.97,5.226e+0,8.822e-8,7.751e-25,5.254e-36,2.083e-17,,,1.250e-18,1.819e-19,,6.545e-16,4.589e-2,4.097e-29,1.749e-17,1.691e-19,7.893e-13,4.954e-17,,,,3.963e-18,2.703e-36,1.075e+0,,1.111e-9,,,,2.024e-21,1.637e-16,9.603e-17,1.255e-28,,1.177e-21,,1.695e-16,5.312e-2,,1.462e-19,6.885e-18,4.053e+0,,,,,1.807e-18,,,,,,,,,,,,,,
744.99,5.218e+0,1.057e-7,7.679e-25,6.755e-36,2.084e-17,,,1.250e-18,1.820e-19,,6.547e-16,4.592e-2,4.097e-29,1.748e-17,1.692e-19,8.488e-13,4.956e-17,,,,3.963e-18,2.703e-36,1.008e+0,,1.050e-9,,,,2.024e-21,1.638e-16,1.312e-16,1.254e-28,,1.177e-21,,1.695e-16,5.816e-2,,1.462e-19,6.885e-18,4.106e+0,,,,,1.807e-18,,,,,,,,,,,,,,
745.02,5.203e+0,1.383e-7,7.572e-25,9.821e-36,2.084e-17,,,1.250e-18,1.820e-19,,6.550e-16,4.588e-2,4.097e-29,1.748e-17,1.694e-19,9.480e-13,4.959e-17,,,,3.963e-18,2.704e-36,9.143e-1,,9.631e-10,,,,2.024e-21,1.639e-16,2.089e-16,1.253e-28,,1.177e-21,,1.695e-16,6.646e-2,,1.461e-19,6.885e-18,4.177e+0,,,,,1.807e-18,,,,,,,,,,,,,,
745.04,5.190e+0,1.651e-7,7.500e-25,1.258e-35,2.085e-17,,,1.250e-18,1.820e-19,,6.552e-16,4.581e-2,4.097e-29,1.748e-17,1.695e-19,1.021e-12,4.961e-17,,,,3.964e-18,2.704e-36,8.550e-1,,9.075e-10,,,,2.023e-21,1.639e-16,2.844e-16,1.253e-28,,1.177e-21,,1.695e-16,7.252e-2,,1.460e-19,6.885e-18,4.217e+0,,,,,1.808e-18,,,,,,,,,,,,,,
745.07,5.167e+0,2.149e-7,7.393e-25,1.820e-35,2.085e-17,,,1.249e-18,1.821e-19,,6.555e-16,4.566e-2,4.098e-29,1.748e-17,1.697e-19,1.142e-12,4.964e-17,,,,3.964e-18,2.704e-36,7.712e-1,,8.280e-10,,,,2.023e-21,1.640e-16,4.506e-16,1.252e-28,,1.177e-21,,1.696e-16,8.245e-2,,1.459e-19,6.885e-18,4.267e+0,,,,,1.808e-18,,,,,,,,,,,,,,
745.09,5.148e+0,2.557e-7,7.321e-25,2.324e-35,2.085e-17,,,1.249e-18,1.821e-19,,6.557e-16,4.553e-2,4.098e-29,1.748e-17,1.698e-19,1.231e-12,4.967e-17,,,,3.965e-18,2.704e-36,7.187e-1,,7.776e-10,,,,2.023e-21,1.641e-16,6.113e-16,1.252e-28,,1.178e-21,,1.696e-16,8.966e-2,,1.459e-19,6.885e-18,4.294e+0,,,,,1.808e-18,,,,,,,,,,,,,,
745.11,5.126e+0,3.038e-7,7.250e-25,2.963e-35,2.086e-17,,,1.249e-18,1.821e-19,,6.559e-16,4.538e-2,4.098e-29,1.748e-17,1.699e-19,1.326e-12,4.969e-17,,,,3.965e-18,2.704e-36,6.689e-1,,7.292e-10,,,,2.023e-21,1.641e-16,8.282e-16,1.252e-28,,1.178e-21,,1.696e-16,9.736e-2,,1.458e-19,6.885e-18,4.315e+0,,,,,1.809e-18,,,,,,,,,,,,,,
745.14,5.089e+0,3.926e-7,7.143e-25,4.255e-35,2.086e-17,,,1.249e-18,1.822e-19,,6.561e-16,4.515e-2,4.098e-29,1.748e-17,1.701e-19,1.482e-12,4.972e-17,,,,3.966e-18,2.705e-36,5.989e-1,,6.605e-10,,,,2.022e-21,1.642e-16,1.303e-15,1.251e-28,,1.178e-21,,1.696e-16,1.099e-1,,1.457e-19,6.885e-18,4.335e+0,,,,,1.809e-18,,,,,,,,,,,,,,
745.16,5.060e+0,4.650e-7,7.071e-25,5.407e-35,2.087e-17,,,1.249e-18,1.822e-19,,6.563e-16,4.501e-2,4.098e-29,1.748e-17,1.702e-19,1.596e-12,4.974e-17,,,,3.966e-18,2.705e-36,5.555e-1,,6.172e-10,,,,2.022e-21,1.642e-16,1.759e-15,1.251e-28,,1.178e-21,,1.697e-16,1.189e-1,,1.457e-19,6.885e-18,4.341e+0,,,,,1.809e-18,,,,,,,,,,,,,,
745.19,5.012e+0,5.977e-7,6.964e-25,7.726e-35,2.087e-17,,,1.249e-18,1.823e-19,,6.566e-16,4.481e-2,4.098e-29,1.748e-17,1.704e-19,1.780e-12,4.977e-17,,,,3.967e-18,2.705e-36,4.949e-1,,5.562e-10,,,,2.022e-21,1.643e-16,2.753e-15,1.250e-28,,1.178e-21,,1.697e-16,1.335e-1,,1.456e-19,6.885e-18,4.339e+0,,,,,1.809e-18,,,,,,,,,,,,,,
745.21,4.976e+0,7.054e-7,6.892e-25,9.784e-35,2.087e-17,,,1.249e-18,1.823e-19,,6.568e-16,4.471e-2,4.099e-29,1.748e-17,1.705e-19,1.914e-12,4.979e-17,,,,3.967e-18,2.705e-36,4.574e-1,,5.180e-10,,,,2.021e-21,1.644e-16,3.705e-15,1.249e-28,,1.179e-21,,1.697e-16,1.440e-1,,1.455e-19,6.885e-18,4.330e+0,,,,,1.810e-18,,,,,,,,,,,,,,
745.24,4.916e+0,9.022e-7,6.785e-25,1.391e-34,2.088e-17,,,1.249e-18,1.824e-19,,6.571e-16,4.465e-2,4.099e-29,1.748e-17,1.707e-19,2.130e-12,4.982e-17,,,,3.968e-18,2.706e-36,4.053e-1,,4.643e-10,,,,2.021e-21,1.645e-16,5.768e-15,1.249e-28,,1.179e-21,,1.697e-16,1.609e-1,,1.455e-19,6.885e-18,4.305e+0,,,,,1.810e-18,,,,,,,,,,,,,,
745.26,4.872e+0,1.061e-6,6.713e-25,1.755e-34,2.088e-17,,,1.249e-18,1.824e-19,,6.573e-16,4.467e-2,4.099e-29,1.748e-17,1.708e-19,2.285e-12,4.984e-17,,,,3.968e-18,2.706e-36,3.733e-1,,4.309e-10,,,,2.021e-21,1.645e-16,7.736e-15,1.248e-28,,1.179e-21,,1.697e-16,1.729e-1,,1.454e-19,6.885e-18,4.281e+0,,,,,1.810e-18,,,,,,,,,,,,,,
745.29,4.801e+0,1.350e-6,6.606e-25,2.482e-34,2.089e-17,,,1.249e-18,1.824e-19,,6.575e-16,4.485e-2,4.099e-29,1.748e-17,1.709e-19,2.535e-12,4.988e-17,,,,3.968e-18,2.706e-36,3.292e-1,,3.843e-10,,,,2.021e-21,1.646e-16,1.198e-14,1.248e-28,,1.179e-21,,1.698e-16,1.922e-1,,1.453e-19,6.885e-18,4.235e+0,,,,,1.811e-18,,,,,,,,,,,,,,
745.31,4.751e+0,1.583e-6,6.535e-25,3.122e-34,2.089e-17,,,1.249e-18,1.825e-19,,6.577e-16,4.508e-2,4.099e-29,1.748e-17,1.711e-19,2.714e-12,4.990e-17,,,,3.969e-18,2.706e-36,3.021e-1,,3.555e-10,,,,2.020e-21,1.646e-16,1.602e-14,1.247e-28,,1.179e-21,,1.698e-16,2.059e-1,,1.453e-19,6.885e-18,4.197e+0,,,,,1.811e-18,,,,,,,,,,,,,,
745.34,4.669e+0,2.004e-6,6.427e-25,4.393e-34,2.089e-17,,,1.249e-18,1.825e-19,,6.580e-16,4.564e-2,4.099e-29,1.748e-17,1.712e-19,2.999e-12,4.993e-17,,,,3.969e-18,2.706e-36,2.650e-1,,3.154e-10,,,,2.020e-21,1.647e-16,2.469e-14,1.247e-28,,1.180e-21,,1.698e-16,2.276e-1,,1.452e-19,6.885e-18,4.131e+0,,,,,1.811e-18,,,,,,,,,,,,,,
745.36,4.611e+0,2.341e-6,6.356e-25,5.507e-34,2.090e-17,,,1.249e-18,1.826e-19,,6.582e-16,4.619e-2,4.099e-29,1.748e-17,1.713e-19,3.203e-12,4.995e-17,,,,3.970e-18,2.707e-36,2.424e-1,,2.907e-10,,,,2.020e-21,1.648e-16,3.288e-14,1.246e-28,,1.180e-21,,1.698e-16,2.430e-1,,1.451e-19,6.885e-18,4.080e+0,,,,,1.812e-18,,,,,,,,,,,,,,
745.39,4.520e+0,2.949e-6,6.249e-25,7.709e-34,2.090e-17,,,1.249e-18,1.826e-19,,6.585e-16,4.730e-2,4.100e-29,1.748e-17,1.715e-19,3.526e-12,4.998e-17,,,,3.970e-18,2.707e-36,2.115e-1,,2.565e-10,,,,2.019e-21,1.648e-16,5.042e-14,1.246e-28,,1.180e-21,,1.699e-16,2.673e-1,,1.450e-19,6.885e-18,3.994e+0,,,,,1.812e-18,,,,,,,,,,,,,,
745.41,4.457e+0,3.433e-6,6.177e-25,9.630e-34,2.091e-17,,,1.249e-18,1.826e-19,,6.587e-16,4.828e-2,4.100e-29,1.748e-17,1.716e-19,3.755e-12,5.000e-17,,,,3.971e-18,2.707e-36,1.928e-1,,2.356e-10,,,,2.019e-21,1.649e-16,6.693e-14,1.245e-28,,1.180e-21,,1.699e-16,2.843e-1,,1.450e-19,6.885e-18,3.931e+0,,,,,1.812e-18,,,,,,,,,,,,,,
745.44,4.358e+0,4.302e-6,6.070e-25,1.341e-33,2.091e-17,,,1.249e-18,1.827e-19,,6.589e-16,5.015e-2,4.100e-29,1.748e-17,1.718e-19,4.117e-12,5.003e-17,,,,3.971e-18,2.707e-36,1.674e-1,,2.069e-10,,,,2.019e-21,1.650e-16,1.021e-13,1.245e-28,,1.180e-21,,1.699e-16,3.111e-1,,1.449e-19,6.885e-18,3.829e+0,,,,,1.813e-18,,,,,,,,,,,,,,
745.46,4.290e+0,4.991e-6,5.998e-25,1.670e-33,2.091e-17,,,1.249e-18,1.827e-19,,6.591e-16,5.170e-2,4.100e-29,1.748e-17,1.719e-19,4.372e-12,5.006e-17,,,,3.972e-18,2.707e-36,1.520e-1,,1.894e-10,,,,2.019e-21,1.650e-16,1.351e-13,1.244e-28,,1.181e-21,,1.699e-16,3.298e-1,,1.448e-19,6.885e-18,3.756e+0,,,,,1.813e-18,,,,,,,,,,,,,,
745.48,4.220e+0,5.784e-6,5.927e-25,2.076e-33,2.092e-17,,,1.249e-18,1.827e-19,,6.593e-16,5.353e-2,4.100e-29,1.748e-17,1.720e-19,4.637e-12,5.008e-17,,,,3.972e-18,2.708e-36,1.379e-1,,1.731e-10,,,,2.018e-21,1.651e-16,1.785e-13,1.244e-28,,1.181e-21,,1.699e-16,3.492e-1,,1.448e-19,6.885e-18,3.679e+0,,,,,1.813e-18,,,,,,,,,,,,,,
745.51,4.113e+0,7.196e-6,5.819e-25,2.871e-33,2.092e-17,,,1.248e-18,1.828e-19,,6.596e-16,5.685e-2,4.100e-29,1.748e-17,1.722e-19,5.054e-12,5.011e-17,,,,3.972e-18,2.708e-36,1.189e-1,,1.509e-10,,,,2.018e-21,1.652e-16,2.703e-13,1.243e-28,,1.181e-21,,1.700e-16,3.794e-1,,1.447e-19,6.885e-18,3.558e+0,,,,,1.813e-18,,,,,,,,,,,,,,
745.53,4.040e+0,8.310e-6,5.748e-25,3.557e-33,2.093e-17,,,1.248e-18,1.828e-19,,6.598e-16,5.950e-2,4.100e-29,1.748e-17,1.723e-19,5.345e-12,5.013e-17,,,,3.973e-18,2.708e-36,1.074e-1,,1.375e-10,,,,2.018e-21,1.652e-16,3.559e-13,1.243e-28,,1.181e-21,,1.700e-16,4.003e-1,,1.446e-19,6.884e-18,3.473e+0,,,,,1.814e-18,,,,,,,,,,,,,,
745.56,3.930e+0,1.029e-5,5.641e-25,4.893e-33,2.093e-17,,,1.248e-18,1.829e-19,,6.601e-16,6.420e-2,4.101e-29,1.748e-17,1.725e-19,5.801e-12,5.016e-17,,,,3.973e-18,2.708e-36,9.212e-2,,1.192e-10,,,,2.017e-21,1.653e-16,5.364e-13,1.242e-28,,1.181e-21,,1.700e-16,4.326e-1,,1.445e-19,6.884e-18,3.341e+0,,,,,1.814e-18,,,,,,,,,,,,,,
745.58,3.856e+0,1.184e-5,5.569e-25,6.042e-33,2.093e-17,,,1.248e-18,1.829e-19,,6.602e-16,6.787e-2,4.101e-29,1.748e-17,1.726e-19,6.116e-12,5.018e-17,,,,3.974e-18,2.709e-36,8.299e-2,,1.082e-10,,,,2.017e-21,1.653e-16,7.039e-13,1.242e-28,,1.182e-21,,1.700e-16,4.549e-1,,1.445e-19,6.884e-18,3.250e+0,,,,,1.814e-18,,,,,,,,,,,,,,
745.61,3.745e+0,1.458e-5,5.462e-25,8.269e-33,2.094e-17,,,1.248e-18,1.830e-19,,6.605e-16,7.427e-2,4.101e-29,1.748e-17,1.728e-19,6.608e-12,5.021e-17,,,,3.974e-18,2.709e-36,7.078e-2,,9.337e-11,,,,2.017e-21,1.654e-16,1.055e-12,1.241e-28,,1.182e-21,,1.701e-16,4.892e-1,,1.444e-19,6.884e-18,3.110e+0,,,,,1.815e-18,,,,,,,,,,,,,,
745.63,3.671e+0,1.672e-5,5.390e-25,1.018e-32,2.094e-17,,,1.248e-18,1.830e-19,,6.607e-16,7.919e-2,4.101e-29,1.748e-17,1.729e-19,6.947e-12,5.024e-17,,,,3.975e-18,2.709e-36,6.355e-2,,8.447e-11,,,,2.017e-21,1.655e-16,1.380e-12,1.241e-28,,1.182e-21,,1.701e-16,5.126e-1,,1.443e-19,6.884e-18,3.015e+0,,,,,1.815e-18,,,,,,,,,,,,,,
745.66,3.561e+0,2.049e-5,5.283e-25,1.386e-32,2.095e-17,,,1.248e-18,1.830e-19,,6.610e-16,8.766e-2,4.101e-29,1.748e-17,1.731e-19,7.472e-12,5.027e-17,,,,3.975e-18,2.709e-36,5.392e-2,,7.250e-11,,,,2.016e-21,1.655e-16,2.059e-12,1.240e-28,,1.182e-21,,1.701e-16,5.483e-1,,1.443e-19,6.884e-18,2.871e+0,,,,,1.815e-18,,,,,,,,,,,,,,
745.68,3.489e+0,2.342e-5,5.211e-25,1.699e-32,2.095e-17,,,1.248e-18,1.831e-19,,6.612e-16,9.409e-2,4.101e-29,1.748e-17,1.732e-19,7.831e-12,5.029e-17,,,,3.976e-18,2.709e-36,4.824e-2,,6.537e-11,,,,2.016e-21,1.656e-16,2.683e-12,1.240e-28,,1.182e-21,,1.701e-16,5.726e-1,,1.442e-19,6.884e-18,2.774e+0,,,,,1.815e-18,,,,,,,,,,,,,,
745.71,3.382e+0,2.855e-5,5.104e-25,2.302e-32,2.095e-17,,,1.248e-18,1.831e-19,,6.615e-16,1.050e-1,4.102e-29,1.748e-17,1.733e-19,8.385e-12,5.032e-17,,,,3.976e-18,2.710e-36,4.072e-2,,5.581e-11,,,,2.016e-21,1.657e-16,3.982e-12,1.239e-28,,1.183e-21,,1.701e-16,6.094e-1,,1.441e-19,6.884e-18,2.627e+0,,,,,1.816e-18,,,,,,,,,,,,,,
745.73,3.313e+0,3.253e-5,5.033e-25,2.814e-32,2.096e-17,,,1.248e-18,1.832e-19,,6.616e-16,1.133e-1,4.102e-29,1.748e-17,1.735e-19,8.762e-12,5.034e-17,,,,3.977e-18,2.710e-36,3.631e-2,,5.015e-11,,,,2.015e-21,1.657e-16,5.172e-12,1.239e-28,,1.183e-21,,1.702e-16,6.342e-1,,1.441e-19,6.884e-18,2.530e+0,,,,,1.816e-18,,,,,,,,,,,,,,
745.76,3.213e+0,3.945e-5,4.925e-25,3.793e-32,2.096e-17,,,1.248e-18,1.832e-19,,6.619e-16,1.271e-1,4.102e-29,1.748e-17,1.736e-19,9.340e-12,5.037e-17,,,,3.977e-18,2.710e-36,3.049e-2,,4.260e-11,,,,2.015e-21,1.658e-16,7.636e-12,1.238e-28,,1.183e-21,,1.702e-16,6.715e-1,,1.440e-19,6.884e-18,2.384e+0,,,,,1.816e-18,,,,,,,,,,,,,,
745.78,3.148e+0,4.479e-5,4.854e-25,4.620e-32,2.097e-17,,,1.248e-18,1.832e-19,,6.621e-16,1.375e-1,4.102e-29,1.747e-17,1.737e-19,9.731e-12,5.039e-17,,,,3.977e-18,2.710e-36,2.709e-2,,3.814e-11,,,,2.015e-21,1.659e-16,9.884e-12,1.238e-28,,1.183e-21,,1.702e-16,6.964e-1,,1.439e-19,6.884e-18,2.287e+0,,,,,1.817e-18,,,,,,,,,,,,,,
745.81,3.055e+0,5.405e-5,4.746e-25,6.194e-32,2.097e-17,,,1.248e-18,1.833e-19,,6.624e-16,1.548e-1,4.102e-29,1.747e-17,1.739e-19,1.032e-11,5.043e-17,,,,3.978e-18,2.711e-36,2.263e-2,,3.224e-11,,,,2.015e-21,1.659e-16,1.452e-11,1.237e-28,,1.184e-21,,1.702e-16,7.336e-1,,1.438e-19,6.884e-18,2.144e+0,,,,,1.817e-18,,,,,,,,,,,,,,
745.83,2.996e+0,6.116e-5,4.675e-25,7.520e-32,2.097e-17,,,1.248e-18,1.833e-19,,6.626e-16,1.675e-1,4.102e-29,1.747e-17,1.740e-19,1.072e-11,5.045e-17,,,,3.978e-18,2.711e-36,2.004e-2,,2.877e-11,,,,2.014e-21,1.660e-16,1.873e-11,1.237e-28,,1.184e-21,,1.703e-16,7.582e-1,,1.438e-19,6.884e-18,2.050e+0,,,,,1.817e-18,,,,,,,,,,,,,,
745.85,2.939e+0,6.912e-5,4.603e-25,9.116e-32,2.098e-17,,,1.248e-18,1.833e-19,,6.628e-16,1.814e-1,4.102e-29,1.747e-17,1.741e-19,1.113e-11,5.047e-17,,,,3.979e-18,2.711e-36,1.772e-2,,2.564e-11,,,,2.014e-21,1.660e-16,2.413e-11,1.236e-28,,1.184e-21,,1.703e-16,7.825e-1,,1.437e-19,6.884e-18,1.958e+0,,,,,1.818e-18,,,,,,,,,,,,,,
745.88,2.859e+0,8.282e-5,4.496e-25,1.214e-31,2.098e-17,,,1.248e-18,1.834e-19,,6.631e-16,2.043e-1,4.103e-29,1.747e-17,1.743e-19,1.173e-11,5.050e-17,,,,3.979e-18,2.711e-36,1.470e-2,,2.152e-11,,,,2.014e-21,1.661e-16,3.520e-11,1.235e-28,,1.184e-21,,1.703e-16,8.184e-1,,1.436e-19,6.884e-18,1.822e+0,,,,,1.818e-18,,,,,,,,,,,,,,
745.9,2.810e+0,9.327e-5,4.425e-25,1.466e-31,2.099e-17,,,1.248e-18,1.834e-19,,6.632e-16,2.211e-1,4.103e-29,1.747e-17,1.744e-19,1.213e-11,5.052e-17,,,,3.980e-18,2.711e-36,1.295e-2,,1.912e-11,,,,2.013e-21,1.662e-16,4.519e-11,1.235e-28,,1.184e-21,,1.703e-16,8.418e-1,,1.436e-19,6.884e-18,1.734e+0,,,,,1.818e-18,,,,,,,,,,,,,,
745.93,2.741e+0,1.112e-4,4.317e-25,1.942e-31,2.099e-17,,,1.247e-18,1.835e-19,,6.635e-16,2.486e-1,4.103e-29,1.747e-17,1.746e-19,1.274e-11,5.055e-17,,,,3.980e-18,2.712e-36,1.068e-2,,1.597e-11,,,,2.013e-21,1.662e-16,6.557e-11,1.234e-28,,1.185e-21,,1.703e-16,8.759e-1,,1.435e-19,6.884e-18,1.605e+0,,,,,1.818e-18,,,,,,,,,,,,,,
745.95,2.698e+0,1.248e-4,4.246e-25,2.338e-31,2.099e-17,,,1.247e-18,1.835e-19,,6.637e-16,2.687e-1,4.103e-29,1.747e-17,1.747e-19,1.313e-11,5.057e-17,,,,3.981e-18,2.712e-36,9.383e-3,,1.414e-11,,,,2.013e-21,1.663e-16,8.390e-11,1.234e-28,,1.185e-21,,1.704e-16,8.978e-1,,1.434e-19,6.884e-18,1.522e+0,,,,,1.819e-18,,,,,,,,,,,,,,
745.98,2.641e+0,1.480e-4,4.138e-25,3.081e-31,2.100e-17,,,1.247e-18,1.836e-19,,6.640e-16,3.014e-1,4.103e-29,1.747e-17,1.749e-19,1.372e-11,5.060e-17,,,,3.981e-18,2.712e-36,7.701e-3,,1.177e-11,,,,2.013e-21,1.664e-16,1.211e-10,1.233e-28,,1.185e-21,,1.704e-16,9.293e-1,,1.434e-19,6.884e-18,1.402e+0,,,,,1.819e-18,,,,,,,,,,,,,,
746,2.606e+0,1.656e-4,4.067e-25,3.697e-31,2.100e-17,,,1.247e-18,1.836e-19,,6.642e-16,3.250e-1,4.103e-29,1.747e-17,1.750e-19,1.411e-11,5.063e-17,,,,3.982e-18,2.712e-36,6.740e-3,,1.040e-11,,,,2.012e-21,1.664e-16,1.545e-10,1.233e-28,,1.185e-21,,1.704e-16,9.493e-1,,1.433e-19,6.884e-18,1.325e+0,,,,,1.819e-18,,,,,,,,,,,,,,
746.03,2.561e+0,1.955e-4,3.960e-25,4.847e-31,2.101e-17,,,1.247e-18,1.836e-19,,6.645e-16,3.634e-1,4.104e-29,1.747e-17,1.752e-19,1.468e-11,5.066e-17,,,,3.982e-18,2.713e-36,5.503e-3,,8.623e-12,,,,2.012e-21,1.665e-16,2.219e-10,1.232e-28,,1.185e-21,,1.704e-16,9.776e-1,,1.432e-19,6.884e-18,1.214e+0,,,,,1.820e-18,,,,,,,,,,,,,,
746.05,2.535e+0,2.179e-4,3.888e-25,5.797e-31,2.101e-17,,,1.247e-18,1.837e-19,,6.646e-16,3.910e-1,4.104e-29,1.747e-17,1.753e-19,1.505e-11,5.068e-17,,,,3.982e-18,2.713e-36,4.800e-3,,7.608e-12,,,,2.012e-21,1.666e-16,2.820e-10,1.232e-28,,1.186e-21,,1.705e-16,9.952e-1,,1.432e-19,6.884e-18,1.144e+0,,,,,1.820e-18,,,,,,,,,,,,,,
746.08,2.502e+0,2.559e-4,3.781e-25,7.561e-31,2.102e-17,,,1.247e-18,1.837e-19,,6.649e-16,4.355e-1,4.104e-29,1.747e-17,1.754e-19,1.558e-11,5.071e-17,,,,3.983e-18,2.713e-36,3.899e-3,,6.306e-12,,,,2.011e-21,1.666e-16,4.029e-10,1.231e-28,,1.186e-21,,1.705e-16,1.020e+0,,1.431e-19,6.884e-18,1.043e+0,,,,,1.820e-18,,,,,,,,,,,,,,
746.1,2.484e+0,2.844e-4,3.709e-25,9.011e-31,2.102e-17,,,1.247e-18,1.838e-19,,6.651e-16,4.672e-1,4.104e-29,1.747e-17,1.756e-19,1.592e-11,5.073e-17,,,,3.983e-18,2.713e-36,3.389e-3,,5.568e-12,,,,2.011e-21,1.667e-16,5.103e-10,1.231e-28,,1.186e-21,,1.705e-16,1.034e+0,,1.430e-19,6.884e-18,9.787e-1,,,,,1.821e-18,,,,,,,,,,,,,,
746.13,2.463e+0,3.323e-4,3.602e-25,1.169e-30,2.102e-17,,,1.247e-18,1.838e-19,,6.654e-16,5.181e-1,4.104e-29,1.747e-17,1.757e-19,1.641e-11,5.076e-17,,,,3.984e-18,2.714e-36,2.738e-3,,4.632e-12,,,,2.011e-21,1.668e-16,7.256e-10,1.230e-28,,1.186e-21,,1.705e-16,1.054e+0,,1.429e-19,6.884e-18,8.876e-1,,,,,1.821e-18,,,,,,,,,,,,,,
746.15,2.453e+0,3.681e-4,3.530e-25,1.389e-30,2.103e-17,,,1.247e-18,1.838e-19,,6.656e-16,5.543e-1,4.104e-29,1.747e-17,1.758e-19,1.673e-11,5.078e-17,,,,3.984e-18,2.714e-36,2.372e-3,,4.110e-12,,,,2.011e-21,1.668e-16,9.158e-10,1.230e-28,,1.186e-21,,1.705e-16,1.066e+0,,1.429e-19,6.884e-18,8.302e-1,,,,,1.821e-18,,,,,,,,,,,,,,
746.18,2.444e+0,4.279e-4,3.423e-25,1.793e-30,2.103e-17,,,1.247e-18,1.839e-19,,6.659e-16,6.119e-1,4.104e-29,1.747e-17,1.760e-19,1.716e-11,5.082e-17,,,,3.985e-18,2.714e-36,1.907e-3,,3.462e-12,,,,2.010e-21,1.669e-16,1.295e-9,1.229e-28,,1.187e-21,,1.706e-16,1.081e+0,,1.428e-19,6.884e-18,7.491e-1,,,,,1.822e-18,,,,,,,,,,,,,,
746.2,2.442e+0,4.724e-4,3.352e-25,2.122e-30,2.104e-17,,,1.247e-18,1.839e-19,,6.660e-16,6.526e-1,4.105e-29,1.747e-17,1.761e-19,1.744e-11,5.084e-17,,,,3.985e-18,2.714e-36,1.646e-3,,3.111e-12,,,,2.010e-21,1.670e-16,1.630e-9,1.229e-28,,1.187e-21,,1.706e-16,1.089e+0,,1.427e-19,6.884e-18,6.982e-1,,,,,1.822e-18,,,,,,,,,,,,,,
746.22,2.443e+0,5.208e-4,3.280e-25,2.509e-30,2.104e-17,,,1.247e-18,1.840e-19,,6.662e-16,6.952e-1,4.105e-29,1.747e-17,1.762e-19,1.769e-11,5.086e-17,,,,3.986e-18,2.714e-36,1.419e-3,,2.818e-12,,,,2.010e-21,1.670e-16,2.047e-9,1.228e-28,,1.187e-21,,1.706e-16,1.096e+0,,1.427e-19,6.884e-18,6.500e-1,,,,,1.822e-18,,,,,,,,,,,,,,
746.25,2.450e+0,6.013e-4,3.173e-25,3.216e-30,2.104e-17,,,1.247e-18,1.840e-19,,6.665e-16,7.623e-1,4.105e-29,1.747e-17,1.764e-19,1.804e-11,5.089e-17,,,,3.986e-18,2.715e-36,1.132e-3,,2.480e-12,,,,2.009e-21,2.739e-16,2.875e-9,1.228e-28,,1.187e-21,,1.706e-16,1.103e+0,,1.426e-19,6.884e-18,5.822e-1,,,,,1.822e-18,,,,,,,,,,,,,,
746.27,2.457e+0,6.607e-4,3.101e-25,3.788e-30,2.105e-17,,,1.247e-18,1.840e-19,,6.667e-16,8.094e-1,4.105e-29,1.747e-17,1.765e-19,1.825e-11,5.091e-17,,,,3.986e-18,2.715e-36,9.725e-4,,2.316e-12,,,,2.009e-21,3.804e-16,3.600e-9,1.227e-28,,1.187e-21,,1.706e-16,1.106e+0,,1.425e-19,6.884e-18,5.401e-1,,,,,1.823e-18,,,,,,,,,,,,,,
746.3,2.474e+0,7.591e-4,2.994e-25,4.831e-30,2.105e-17,,,1.247e-18,1.841e-19,,6.670e-16,8.833e-1,4.105e-29,1.747e-17,1.767e-19,1.853e-11,5.094e-17,,,,3.987e-18,2.715e-36,7.722e-4,,2.157e-12,,,,2.009e-21,6.208e-16,5.030e-9,1.227e-28,,1.188e-21,,1.707e-16,1.108e+0,,1.425e-19,6.884e-18,4.813e-1,,,,,1.823e-18,,,,,,,,,,,,,,
746.32,2.488e+0,8.314e-4,2.922e-25,5.672e-30,2.105e-17,,,1.247e-18,1.841e-19,,6.672e-16,9.347e-1,4.105e-29,1.747e-17,1.768e-19,1.869e-11,5.096e-17,,,,3.987e-18,2.715e-36,6.610e-4,,2.107e-12,,,,2.009e-21,8.590e-16,6.276e-9,1.226e-28,,1.188e-21,,1.707e-16,1.107e+0,,1.424e-19,6.884e-18,4.449e-1,,,,,1.823e-18,,,,,,,,,,,,,,
746.35,2.514e+0,9.505e-4,2.815e-25,7.196e-30,2.106e-17,,,1.247e-18,1.842e-19,,6.674e-16,1.015e+0,4.106e-29,1.747e-17,1.770e-19,1.889e-11,5.099e-17,,,,3.988e-18,2.715e-36,5.221e-4,,2.111e-12,,,,2.008e-21,1.395e-15,8.724e-9,1.226e-28,,1.188e-21,,1.707e-16,1.103e+0,,1.423e-19,6.884e-18,3.945e-1,,,,,1.824e-18,,,,,,,,,,,,,,
746.37,2.534e+0,1.038e-3,2.744e-25,8.419e-30,2.106e-17,,,1.246e-18,1.842e-19,,6.676e-16,1.071e+0,4.106e-29,1.747e-17,1.771e-19,1.900e-11,5.102e-17,,,,3.988e-18,2.716e-36,4.454e-4,,2.167e-12,,,,2.008e-21,1.924e-15,1.085e-8,1.225e-28,,1.188e-21,,1.707e-16,1.099e+0,,1.423e-19,6.884e-18,3.634e-1,,,,,1.824e-18,,,,,,,,,,,,,,
746.4,2.568e+0,1.181e-3,2.636e-25,1.063e-29,2.107e-17,,,1.246e-18,1.842e-19,,6.679e-16,1.157e+0,4.106e-29,1.747e-17,1.773e-19,1.911e-11,5.105e-17,,,,3.989e-18,2.716e-36,3.500e-4,,2.334e-12,,,,2.008e-21,3.108e-15,1.500e-8,1.225e-28,,1.188e-21,,1.708e-16,1.089e+0,,1.422e-19,6.884e-18,3.205e-1,,,,,1.824e-18,,,,,,,,,,,,,,
746.42,2.593e+0,1.285e-3,2.565e-25,1.239e-29,2.107e-17,,,1.246e-18,1.843e-19,,6.681e-16,1.216e+0,4.106e-29,1.747e-17,1.774e-19,1.916e-11,5.107e-17,,,,3.989e-18,2.716e-36,2.975e-4,,2.501e-12,,,,2.007e-21,4.271e-15,1.859e-8,1.224e-28,,1.189e-21,,1.708e-16,1.081e+0,,1.421e-19,6.884e-18,2.943e-1,,,,,1.824e-18,,,,,,,,,,,,,,
746.45,2.633e+0,1.454e-3,2.458e-25,1.556e-29,2.108e-17,,,1.246e-18,1.843e-19,,6.684e-16,1.307e+0,4.106e-29,1.747e-17,1.776e-19,1.919e-11,5.110e-17,,,,3.990e-18,2.716e-36,2.326e-4,,2.842e-12,,,,2.007e-21,6.865e-15,2.558e-8,1.224e-28,,1.189e-21,,1.708e-16,1.066e+0,,1.420e-19,6.884e-18,2.582e-1,,,,,1.825e-18,,,,,,,,,,,,,,
746.47,2.662e+0,1.577e-3,2.386e-25,1.808e-29,2.108e-17,,,1.246e-18,1.844e-19,,6.686e-16,1.369e+0,4.106e-29,1.747e-17,1.777e-19,1.919e-11,5.112e-17,,,,3.990e-18,2.717e-36,1.971e-4,,3.134e-12,,,,2.007e-21,9.404e-15,3.160e-8,1.223e-28,,1.189e-21,,1.708e-16,1.054e+0,,1.420e-19,6.884e-18,2.363e-1,,,,,1.825e-18,,,,,,,,,,,,,,
746.5,2.707e+0,1.777e-3,2.279e-25,2.260e-29,2.108e-17,,,1.246e-18,1.844e-19,,6.688e-16,1.464e+0,4.106e-29,1.747e-17,1.778e-19,1.913e-11,5.115e-17,,,,3.991e-18,2.717e-36,1.533e-4,,3.679e-12,,,,2.007e-21,1.504e-14,4.326e-8,1.223e-28,,1.189e-21,,1.709e-16,1.034e+0,,1.419e-19,6.884e-18,2.062e-1,,,,,1.825e-18,,,,,,,,,,,,,,
746.52,2.739e+0,1.922e-3,2.207e-25,2.617e-29,2.109e-17,,,1.246e-18,1.844e-19,,6.690e-16,1.529e+0,4.107e-29,1.747e-17,1.780e-19,1.906e-11,5.117e-17,,,,3.991e-18,2.717e-36,1.294e-4,,4.121e-12,,,,2.006e-21,2.053e-14,5.324e-8,1.222e-28,,1.189e-21,,1.709e-16,1.020e+0,,1.418e-19,6.884e-18,1.880e-1,,,,,1.826e-18,,,,,,,,,,,,,,
746.55,2.788e+0,2.155e-3,2.100e-25,3.253e-29,2.109e-17,,,1.246e-18,1.845e-19,,6.693e-16,1.627e+0,4.107e-29,1.747e-17,1.781e-19,1.892e-11,5.121e-17,,,,3.992e-18,2.717e-36,1.001e-4,,4.914e-12,,,,2.006e-21,3.266e-14,7.252e-8,1.221e-28,,1.190e-21,,1.709e-16,9.952e-1,,1.417e-19,6.884e-18,1.633e-1,,,,,1.826e-18,,,,,,,,,,,,,,
746.57,2.821e+0,2.323e-3,2.028e-25,3.754e-29,2.110e-17,,,1.246e-18,1.845e-19,,6.695e-16,1.693e+0,4.107e-29,1.747e-17,1.782e-19,1.880e-11,5.123e-17,,,,3.992e-18,2.717e-36,8.423e-5,,5.540e-12,,,,2.006e-21,4.444e-14,8.896e-8,1.221e-28,,1.190e-21,,1.709e-16,9.776e-1,,1.417e-19,6.884e-18,1.484e-1,,,,,1.826e-18,,,,,,,,,,,,,,
746.59,2.855e+0,2.500e-3,1.957e-25,4.327e-29,2.110e-17,,,1.246e-18,1.846e-19,,6.697e-16,1.759e+0,4.107e-29,1.746e-17,1.784e-19,1.866e-11,5.125e-17,,,,3.992e-18,2.718e-36,7.076e-5,,6.253e-12,,,,2.005e-21,6.038e-14,1.090e-7,1.221e-28,,1.190e-21,,1.709e-16,9.590e-1,,1.416e-19,6.884e-18,1.347e-1,,,,,1.827e-18,,,,,,,,,,,,,,
746.62,2.907e+0,2.785e-3,1.850e-25,5.340e-29,2.110e-17,,,1.246e-18,1.846e-19,,6.700e-16,1.858e+0,4.107e-29,1.746e-17,1.785e-19,1.840e-11,5.128e-17,,,,3.993e-18,2.718e-36,5.436e-5,,7.503e-12,,,,2.005e-21,9.539e-14,1.474e-7,1.220e-28,,1.190e-21,,1.710e-16,9.293e-1,,1.416e-19,6.884e-18,1.161e-1,,,,,1.827e-18,,,,,,,,,,,,,,
746.64,2.941e+0,2.988e-3,1.778e-25,6.134e-29,2.111e-17,,,1.246e-18,1.846e-19,,6.701e-16,1.924e+0,4.107e-29,1.746e-17,1.786e-19,1.821e-11,5.130e-17,,,,3.993e-18,2.718e-36,4.551e-5,,8.471e-12,,,,2.005e-21,1.292e-13,1.799e-7,1.220e-28,,1.190e-21,,1.710e-16,9.085e-1,,1.415e-19,6.884e-18,1.050e-1,,,,,1.827e-18,,,,,,,,,,,,,,
746.67,2.992e+0,3.313e-3,1.671e-25,7.532e-29,2.111e-17,,,1.246e-18,1.847e-19,,6.704e-16,2.023e+0,4.107e-29,1.746e-17,1.788e-19,1.788e-11,5.133e-17,,,,3.994e-18,2.718e-36,3.478e-5,,1.015e-11,,,,2.005e-21,2.030e-13,2.421e-7,1.219e-28,,1.191e-21,,1.710e-16,8.759e-1,,1.414e-19,6.884e-18,9.005e-2,,,,,1.827e-18,,,,,,,,,,,,,,
746.69,3.025e+0,3.544e-3,1.599e-25,8.622e-29,2.112e-17,,,1.246e-18,1.847e-19,,6.706e-16,2.087e+0,4.108e-29,1.746e-17,1.789e-19,1.764e-11,5.135e-17,,,,3.994e-18,2.719e-36,2.902e-5,,1.145e-11,,,,2.004e-21,2.740e-13,2.945e-7,1.219e-28,,1.191e-21,,1.710e-16,8.533e-1,,1.414e-19,6.884e-18,8.115e-2,,,,,1.828e-18,,,,,,,,,,,,,,
746.72,3.074e+0,3.912e-3,1.492e-25,1.053e-28,2.112e-17,,,1.246e-18,1.848e-19,,6.709e-16,2.183e+0,4.108e-29,1.746e-17,1.791e-19,1.724e-11,5.138e-17,,,,3.995e-18,2.719e-36,2.206e-5,,1.368e-11,,,,2.004e-21,4.284e-13,3.942e-7,1.218e-28,,1.191e-21,,1.711e-16,8.184e-1,,1.413e-19,6.884e-18,6.924e-2,,,,,1.828e-18,,,,,,,,,,,,,,
746.74,3.106e+0,4.172e-3,1.420e-25,1.202e-28,2.112e-17,,,1.246e-18,1.848e-19,,6.711e-16,2.245e+0,4.108e-29,1.746e-17,1.792e-19,1.695e-11,5.141e-17,,,,3.995e-18,2.719e-36,1.834e-5,,1.538e-11,,,,2.004e-21,5.762e-13,4.780e-7,1.217e-28,,1.191e-21,,1.711e-16,7.946e-1,,1.412e-19,6.884e-18,6.219e-2,,,,,1.828e-18,,,,,,,,,,,,,,
746.77,3.151e+0,4.584e-3,1.313e-25,1.460e-28,2.113e-17,,,1.246e-18,1.848e-19,,6.714e-16,2.336e+0,4.108e-29,1.746e-17,1.794e-19,1.650e-11,5.144e-17,,,,3.996e-18,2.719e-36,1.387e-5,,1.830e-11,,,,2.003e-21,8.965e-13,6.366e-7,1.217e-28,,1.191e-21,,1.711e-16,7.582e-1,,1.411e-19,6.884e-18,5.279e-2,,,,,1.829e-18,,,,,,,,,,,,,,
746.79,3.180e+0,4.873e-3,1.242e-25,1.660e-28,2.113e-17,,,1.245e-18,1.849e-19,,6.716e-16,2.394e+0,4.108e-29,1.746e-17,1.795e-19,1.617e-11,5.146e-17,,,,3.996e-18,2.719e-36,1.149e-5,,2.052e-11,,,,2.003e-21,1.202e-12,7.693e-7,1.216e-28,,1.192e-21,,1.711e-16,7.336e-1,,1.411e-19,6.884e-18,4.725e-2,,,,,1.829e-18,,,,,,,,,,,,,,
746.82,3.219e+0,5.331e-3,1.134e-25,2.008e-28,2.114e-17,,,1.245e-18,1.849e-19,,6.718e-16,2.478e+0,4.108e-29,1.746e-17,1.797e-19,1.566e-11,5.149e-17,,,,3.997e-18,2.720e-36,8.648e-6,,2.430e-11,,,,2.003e-21,1.860e-12,1.019e-6,1.216e-28,,1.192e-21,,1.711e-16,6.964e-1,,1.410e-19,6.884e-18,3.990e-2,,,,,1.829e-18,,,,,,,,,,,,,,
746.84,3.244e+0,5.651e-3,1.063e-25,2.275e-28,2.114e-17,,,1.245e-18,1.850e-19,,6.720e-16,2.531e+0,4.109e-29,1.746e-17,1.798e-19,1.531e-11,5.151e-17,,,,3.997e-18,2.720e-36,7.141e-6,,2.716e-11,,,,2.003e-21,2.485e-12,1.228e-6,1.215e-28,,1.192e-21,,1.712e-16,6.715e-1,,1.409e-19,6.884e-18,3.559e-2,,,,,1.830e-18,,,,,,,,,,,,,,
746.87,3.277e+0,6.153e-3,9.554e-26,2.736e-28,2.114e-17,,,1.245e-18,1.850e-19,,6.723e-16,2.606e+0,4.109e-29,1.746e-17,1.799e-19,1.476e-11,5.154e-17,,,,3.998e-18,2.720e-36,5.345e-6,,3.201e-11,,,,2.002e-21,3.827e-12,1.618e-6,1.215e-28,,1.192e-21,,1.712e-16,6.342e-1,,1.408e-19,6.884e-18,2.990e-2,,,,,1.830e-18,,,,,,,,,,,,,,
746.89,3.296e+0,6.504e-3,8.839e-26,3.090e-28,2.115e-17,,,1.245e-18,1.850e-19,,6.725e-16,2.653e+0,4.109e-29,1.746e-17,1.801e-19,1.439e-11,5.156e-17,,,,3.998e-18,2.720e-36,4.398e-6,,3.566e-11,,,,2.002e-21,5.095e-12,1.942e-6,1.214e-28,,1.192e-21,,1.712e-16,6.094e-1,,1.408e-19,6.884e-18,2.658e-2,,,,,1.830e-18,,,,,,,,,,,,,,
746.92,3.320e+0,7.052e-3,7.766e-26,3.698e-28,2.115e-17,,,1.245e-18,1.851e-19,,6.728e-16,2.718e+0,4.109e-29,1.746e-17,1.802e-19,1.381e-11,5.160e-17,,,,3.998e-18,2.721e-36,3.275e-6,,4.181e-11,,,,2.002e-21,7.806e-12,2.547e-6,1.214e-28,,1.193e-21,,1.712e-16,5.726e-1,,1.407e-19,6.884e-18,2.222e-2,,,,,1.831e-18,,,,,,,,,,,,,,
746.94,3.333e+0,7.432e-3,7.051e-26,4.162e-28,2.116e-17,,,1.245e-18,1.851e-19,,6.730e-16,2.757e+0,4.109e-29,1.746e-17,1.803e-19,1.341e-11,5.162e-17,,,,3.999e-18,2.721e-36,2.686e-6,,4.642e-11,,,,2.001e-21,1.036e-11,3.047e-6,1.213e-28,,1.193e-21,,1.713e-16,5.483e-1,,1.406e-19,6.884e-18,1.968e-2,,,,,1.831e-18,,,,,,,,,,,,,,
746.97,3.347e+0,8.024e-3,5.978e-26,4.956e-28,2.116e-17,,,1.245e-18,1.852e-19,,6.732e-16,2.810e+0,4.109e-29,1.746e-17,1.805e-19,1.281e-11,5.165e-17,,,,3.999e-18,2.721e-36,1.990e-6,,5.416e-11,,,,2.001e-21,1.579e-11,3.975e-6,1.213e-28,,1.193e-21,,1.713e-16,5.126e-1,,1.406e-19,6.884e-18,1.636e-2,,,,,1.831e-18,,,,,,,,,,,,,,
746.99,3.353e+0,8.433e-3,5.263e-26,5.558e-28,2.116e-17,,,1.245e-18,1.852e-19,,6.734e-16,2.841e+0,4.109e-29,1.746e-17,1.806e-19,1.241e-11,5.167e-17,,,,4.000e-18,2.721e-36,1.626e-6,,5.993e-11,,,,2.001e-21,2.088e-11,4.739e-6,1.212e-28,,1.193e-21,,1.713e-16,4.892e-1,,1.405e-19,6.884e-18,1.444e-2,,,,,1.831e-18,,,,,,,,,,,,,,
747.01,3.356e+0,8.852e-3,4.547e-26,6.225e-28,2.117e-17,,,1.245e-18,1.852e-19,,6.736e-16,2.869e+0,4.110e-29,1.746e-17,1.807e-19,1.201e-11,5.169e-17,,,,4.000e-18,2.721e-36,1.327e-6,,6.622e-11,,,,2.001e-21,2.757e-11,5.642e-6,1.212e-28,,1.193e-21,,1.713e-16,4.662e-1,,1.404e-19,6.884e-18,1.273e-2,,,,,1.832e-18,,,,,,,,,,,,,,
747.04,3.355e+0,9.502e-3,3.474e-26,7.359e-28,2.117e-17,,,1.245e-18,1.853e-19,,6.739e-16,2.903e+0,4.110e-29,1.746e-17,1.809e-19,1.139e-11,5.172e-17,,,,4.001e-18,2.722e-36,9.759e-7,,7.671e-11,,,,2.000e-21,4.174e-11,7.309e-6,1.211e-28,,1.194e-21,,1.713e-16,4.326e-1,,1.404e-19,6.884e-18,1.051e-2,,,,,1.832e-18,,,,,,,,,,,,,,
747.06,3.351e+0,9.948e-3,2.759e-26,8.214e-28,2.118e-17,,,1.245e-18,1.853e-19,,6.741e-16,2.921e+0,4.110e-29,1.746e-17,1.810e-19,1.099e-11,5.174e-17,,,,4.001e-18,2.722e-36,7.937e-7,,8.448e-11,,,,2.000e-21,5.493e-11,8.671e-6,1.211e-28,,1.194e-21,,1.714e-16,4.109e-1,,1.403e-19,6.884e-18,9.235e-3,,,,,1.832e-18,,,,,,,,,,,,,,
747.09,3.338e+0,1.063e-2,4.525e-26,9.661e-28,2.118e-17,,,1.245e-18,1.854e-19,,6.744e-16,2.940e+0,4.110e-29,1.746e-17,1.812e-19,1.038e-11,5.178e-17,,,,4.002e-18,2.722e-36,5.807e-7,,9.737e-11,,,,2.000e-21,8.272e-11,1.118e-5,1.210e-28,,1.194e-21,,1.714e-16,3.794e-1,,1.402e-19,6.884e-18,7.584e-3,,,,,1.833e-18,,,,,,,,,,,,,,
747.11,3.325e+0,1.110e-2,6.283e-26,1.075e-27,2.118e-17,,,1.245e-18,1.854e-19,,6.745e-16,2.948e+0,4.110e-29,1.746e-17,1.813e-19,9.980e-12,5.180e-17,,,,4.002e-18,2.722e-36,4.706e-7,,1.069e-10,,,,1.999e-21,1.085e-10,1.322e-5,1.210e-28,,1.194e-21,,1.714e-16,3.591e-1,,1.402e-19,6.884e-18,6.640e-3,,,,,1.833e-18,,,,,,,,,,,,,,
747.14,3.300e+0,1.182e-2,1.025e-25,1.258e-27,2.119e-17,,,1.245e-18,1.854e-19,,6.748e-16,2.953e+0,4.110e-29,1.746e-17,1.815e-19,9.386e-12,5.183e-17,,,,4.002e-18,2.723e-36,3.425e-7,,1.225e-10,,,,1.999e-21,1.626e-10,1.695e-5,1.209e-28,,1.194e-21,,1.714e-16,3.298e-1,,1.401e-19,6.884e-18,5.425e-3,,,,,1.833e-18,,,,,,,,,,,,,,
747.16,3.279e+0,1.231e-2,1.419e-25,1.394e-27,2.119e-17,,,1.245e-18,1.855e-19,,6.750e-16,2.951e+0,4.110e-29,1.746e-17,1.816e-19,8.995e-12,5.185e-17,,,,4.003e-18,2.723e-36,2.767e-7,,1.340e-10,,,,1.999e-21,2.125e-10,1.997e-5,1.209e-28,,1.195e-21,,1.714e-16,3.111e-1,,1.400e-19,6.884e-18,4.733e-3,,,,,1.833e-18,,,,,,,,,,,,,,
747.19,3.242e+0,1.306e-2,2.304e-25,1.623e-27,2.120e-17,,,1.245e-18,1.855e-19,,6.753e-16,2.940e+0,4.111e-29,1.746e-17,1.818e-19,8.419e-12,5.188e-17,,,,4.003e-18,2.723e-36,2.003e-7,,1.529e-10,,,,1.999e-21,3.168e-10,2.548e-5,1.208e-28,,1.195e-21,,1.715e-16,2.843e-1,,1.399e-19,6.884e-18,3.847e-3,,,,,1.834e-18,,,,,,,,,,,,,,
747.21,3.212e+0,1.357e-2,3.177e-25,1.793e-27,2.120e-17,,,1.245e-18,1.856e-19,,6.755e-16,2.928e+0,4.111e-29,1.746e-17,1.819e-19,8.044e-12,5.190e-17,,,,4.004e-18,2.723e-36,1.612e-7,,1.667e-10,,,,1.998e-21,4.127e-10,2.992e-5,1.208e-28,,1.195e-21,,1.715e-16,2.673e-1,,1.399e-19,6.884e-18,3.345e-3,,,,,1.834e-18,,,,,,,,,,,,,,
747.24,3.163e+0,1.434e-2,5.132e-25,2.077e-27,2.120e-17,,,1.244e-18,1.856e-19,,6.758e-16,2.903e+0,4.111e-29,1.746e-17,1.821e-19,7.494e-12,5.193e-17,,,,4.004e-18,2.723e-36,1.161e-7,,1.892e-10,,,,1.998e-21,6.121e-10,3.798e-5,1.207e-28,,1.195e-21,,1.715e-16,2.430e-1,,1.398e-19,6.884e-18,2.705e-3,,,,,1.834e-18,,,,,,,,,,,,,,
747.26,3.126e+0,1.486e-2,7.053e-25,2.287e-27,2.121e-17,,,1.244e-18,1.856e-19,,6.759e-16,2.881e+0,4.111e-29,1.746e-17,1.822e-19,7.137e-12,5.195e-17,,,,4.005e-18,2.724e-36,9.316e-8,,2.056e-10,,,,1.998e-21,7.948e-10,4.445e-5,1.207e-28,,1.195e-21,,1.715e-16,2.276e-1,,1.397e-19,6.884e-18,2.344e-3,,,,,1.835e-18,,,,,,,,,,,,,,
747.29,3.065e+0,1.564e-2,1.134e-24,2.635e-27,2.121e-17,,,1.244e-18,1.857e-19,,6.762e-16,2.841e+0,4.111e-29,1.746e-17,1.823e-19,6.618e-12,5.199e-17,,,,4.005e-18,2.724e-36,6.676e-8,,2.322e-10,,,,1.997e-21,1.173e-9,5.613e-5,1.206e-28,,1.196e-21,,1.716e-16,2.059e-1,,1.397e-19,6.884e-18,1.886e-3,,,,,1.835e-18,,,,,,,,,,,,,,
747.31,3.020e+0,1.617e-2,1.553e-24,2.892e-27,2.122e-17,,,1.244e-18,1.857e-19,,6.764e-16,2.810e+0,4.111e-29,1.746e-17,1.825e-19,6.283e-12,5.201e-17,,,,4.006e-18,2.724e-36,5.337e-8,,2.514e-10,,,,1.997e-21,1.518e-9,6.547e-5,1.206e-28,,1.196e-21,,1.716e-16,1.922e-1,,1.396e-19,6.884e-18,1.628e-3,,,,,1.835e-18,,,,,,,,,,,,,,
747.34,2.949e+0,1.697e-2,2.483e-24,3.315e-27,2.122e-17,,,1.244e-18,1.858e-19,,6.767e-16,2.757e+0,4.112e-29,1.746e-17,1.826e-19,5.798e-12,5.204e-17,,,,4.006e-18,2.724e-36,3.804e-8,,2.825e-10,,,,1.997e-21,2.228e-9,8.226e-5,1.205e-28,,1.196e-21,,1.716e-16,1.729e-1,,1.395e-19,6.884e-18,1.303e-3,,,,,1.836e-18,,,,,,,,,,,,,,
747.36,2.898e+0,1.750e-2,3.390e-24,3.625e-27,2.122e-17,,,1.244e-18,1.858e-19,,6.769e-16,2.718e+0,4.112e-29,1.746e-17,1.827e-19,5.488e-12,5.206e-17,,,,4.007e-18,2.725e-36,3.031e-8,,3.049e-10,,,,1.997e-21,2.873e-9,9.562e-5,1.205e-28,,1.196e-21,,1.716e-16,1.609e-1,,1.395e-19,6.884e-18,1.121e-3,,,,,1.836e-18,,,,,,,,,,,,,,
747.38,2.844e+0,1.803e-2,4.621e-24,3.959e-27,2.123e-17,,,1.244e-18,1.858e-19,,6.771e-16,2.675e+0,4.112e-29,1.745e-17,1.829e-19,5.187e-12,5.208e-17,,,,4.007e-18,2.725e-36,2.411e-8,,3.286e-10,,,,1.996e-21,3.700e-9,1.110e-4,1.204e-28,,1.196e-21,,1.716e-16,1.495e-1,,1.394e-19,6.884e-18,9.637e-4,,,,,1.836e-18,,,,,,,,,,,,,,
747.41,2.759e+0,1.883e-2,7.337e-24,4.506e-27,2.123e-17,,,1.244e-18,1.859e-19,,6.773e-16,2.606e+0,4.112e-29,1.745e-17,1.830e-19,4.756e-12,5.211e-17,,,,4.007e-18,2.725e-36,1.706e-8,,3.666e-10,,,,1.996e-21,5.394e-9,1.385e-4,1.203e-28,,1.197e-21,,1.717e-16,1.336e-1,,1.393e-19,6.884e-18,7.657e-4,,,,,1.836e-18,,,,,,,,,,,,,,
747.43,2.701e+0,1.936e-2,9.969e-24,4.904e-27,2.124e-17,,,1.244e-18,1.859e-19,,6.775e-16,2.557e+0,4.112e-29,1.745e-17,1.831e-19,4.481e-12,5.213e-17,,,,4.008e-18,2.725e-36,1.353e-8,,3.938e-10,,,,1.996e-21,6.923e-9,1.602e-4,1.203e-28,,1.197e-21,,1.717e-16,1.237e-1,,1.393e-19,6.884e-18,6.558e-4,,,,,1.837e-18,,,,,,,,,,,,,,
747.46,2.609e+0,2.015e-2,1.575e-23,5.554e-27,2.124e-17,,,1.244e-18,1.860e-19,,6.778e-16,2.478e+0,4.112e-29,1.745e-17,1.833e-19,4.088e-12,5.217e-17,,,,4.008e-18,2.725e-36,9.524e-9,,4.372e-10,,,,1.995e-21,1.004e-8,1.988e-4,1.202e-28,,1.197e-21,,1.717e-16,1.099e-1,,1.392e-19,6.884e-18,5.184e-4,,,,,1.837e-18,,,,,,,,,,,,,,
747.48,2.545e+0,2.067e-2,2.132e-23,6.024e-27,2.124e-17,,,1.244e-18,1.860e-19,,6.780e-16,2.422e+0,4.112e-29,1.745e-17,1.834e-19,3.840e-12,5.219e-17,,,,4.009e-18,2.726e-36,7.524e-9,,4.680e-10,,,,1.995e-21,1.284e-8,2.292e-4,1.202e-28,,1.197e-21,,1.717e-16,1.014e-1,,1.391e-19,6.884e-18,4.424e-4,,,,,1.837e-18,,,,,,,,,,,,,,
747.51,2.447e+0,2.145e-2,3.352e-23,6.787e-27,2.125e-17,,,1.244e-18,1.860e-19,,6.783e-16,2.336e+0,4.113e-29,1.745e-17,1.836e-19,3.487e-12,5.222e-17,,,,4.009e-18,2.726e-36,5.270e-9,,5.171e-10,,,,1.995e-21,1.853e-8,2.831e-4,1.201e-28,,1.198e-21,,1.718e-16,8.971e-2,,1.390e-19,6.884e-18,3.479e-4,,,,,1.838e-18,,,,,,,,,,,,,,
747.53,2.381e+0,2.196e-2,4.523e-23,7.337e-27,2.125e-17,,,1.244e-18,1.861e-19,,6.785e-16,2.275e+0,4.113e-29,1.745e-17,1.837e-19,3.265e-12,5.224e-17,,,,4.010e-18,2.726e-36,4.149e-9,,5.517e-10,,,,1.995e-21,2.363e-8,3.253e-4,1.201e-28,,1.198e-21,,1.718e-16,8.251e-2,,1.390e-19,6.884e-18,2.959e-4,,,,,1.838e-18,,,,,,,,,,,,,,
747.56,2.279e+0,2.271e-2,7.073e-23,8.224e-27,2.126e-17,,,1.244e-18,1.861e-19,,6.787e-16,2.183e+0,4.113e-29,1.745e-17,1.839e-19,2.951e-12,5.227e-17,,,,4.010e-18,2.726e-36,2.891e-9,,6.064e-10,,,,1.994e-21,3.392e-8,3.996e-4,1.200e-28,,1.198e-21,,1.718e-16,7.260e-2,,1.389e-19,6.883e-18,2.315e-4,,,,,1.838e-18,,,,,,,,,,,,,,
747.58,2.210e+0,2.321e-2,9.513e-23,8.859e-27,2.126e-17,,,1.244e-18,1.862e-19,,6.789e-16,2.119e+0,4.113e-29,1.745e-17,1.840e-19,2.754e-12,5.229e-17,,,,4.011e-18,2.727e-36,2.269e-9,,6.449e-10,,,,1.994e-21,4.309e-8,4.576e-4,1.200e-28,,1.198e-21,,1.718e-16,6.656e-2,,1.388e-19,6.883e-18,1.962e-4,,,,,1.839e-18,,,,,,,,,,,,,,
747.61,2.105e+0,2.393e-2,1.480e-22,9.880e-27,2.127e-17,,,1.244e-18,1.862e-19,,6.792e-16,2.022e+0,4.113e-29,1.745e-17,1.842e-19,2.477e-12,5.232e-17,,,,4.011e-18,2.727e-36,1.573e-9,,7.054e-10,,,,1.994e-21,6.155e-8,5.593e-4,1.199e-28,,1.198e-21,,1.719e-16,5.828e-2,,1.388e-19,6.883e-18,1.527e-4,,,,,1.839e-18,,,,,,,,,,,,,,
747.63,2.035e+0,2.440e-2,1.984e-22,1.061e-26,2.127e-17,,,1.244e-18,1.862e-19,,6.794e-16,1.957e+0,4.113e-29,1.745e-17,1.843e-19,2.304e-12,5.234e-17,,,,4.011e-18,2.727e-36,1.230e-9,,7.476e-10,,,,1.993e-21,7.794e-8,6.383e-4,1.199e-28,,1.199e-21,,1.719e-16,5.325e-2,,1.387e-19,6.883e-18,1.290e-4,,,,,1.839e-18,,,,,,,,,,,,,,
747.66,1.930e+0,2.509e-2,3.071e-22,1.177e-26,2.127e-17,,,1.243e-18,1.863e-19,,6.797e-16,1.858e+0,4.114e-29,1.745e-17,1.844e-19,2.062e-12,5.238e-17,,,,4.012e-18,2.727e-36,8.479e-10,,8.138e-10,,,,1.993e-21,1.108e-7,7.762e-4,1.198e-28,,1.199e-21,,1.719e-16,4.641e-2,,1.386e-19,6.883e-18,9.988e-5,,,,,1.840e-18,,,,,,,,,,,,,,
747.68,1.860e+0,2.553e-2,4.103e-22,1.259e-26,2.128e-17,,,1.243e-18,1.863e-19,,6.799e-16,1.792e+0,4.114e-29,1.745e-17,1.846e-19,1.912e-12,5.240e-17,,,,4.012e-18,2.727e-36,6.607e-10,,8.598e-10,,,,1.993e-21,1.398e-7,8.828e-4,1.198e-28,,1.199e-21,,1.719e-16,4.229e-2,,1.386e-19,6.883e-18,8.407e-5,,,,,1.840e-18,,,,,,,,,,,,,,
747.71,1.756e+0,2.617e-2,6.319e-22,1.390e-26,2.128e-17,,,1.243e-18,1.864e-19,,6.801e-16,1.692e+0,4.114e-29,1.745e-17,1.847e-19,1.703e-12,5.243e-17,,,,4.013e-18,2.728e-36,4.533e-10,,9.313e-10,,,,1.993e-21,1.976e-7,1.068e-3,1.197e-28,,1.199e-21,,1.719e-16,3.670e-2,,1.385e-19,6.883e-18,6.476e-5,,,,,1.840e-18,,,,,,,,,,,,,,
747.73,1.688e+0,2.659e-2,8.412e-22,1.482e-26,2.129e-17,,,1.243e-18,1.864e-19,,6.803e-16,1.626e+0,4.114e-29,1.745e-17,1.848e-19,1.575e-12,5.245e-17,,,,4.013e-18,2.728e-36,3.520e-10,,9.807e-10,,,,1.992e-21,2.485e-7,1.211e-3,1.197e-28,,1.199e-21,,1.720e-16,3.335e-2,,1.384e-19,6.883e-18,5.433e-5,,,,,1.840e-18,,,,,,,,,,,,,,
747.75,1.620e+0,2.698e-2,1.119e-21,1.578e-26,2.129e-17,,,1.243e-18,1.864e-19,,6.805e-16,1.561e+0,4.114e-29,1.745e-17,1.850e-19,1.453e-12,5.247e-17,,,,4.014e-18,2.728e-36,2.729e-10,,1.031e-9,,,,1.992e-21,3.121e-7,1.370e-3,1.196e-28,,1.200e-21,,1.720e-16,3.028e-2,,1.384e-19,6.883e-18,4.551e-5,,,,,1.841e-18,,,,,,,,,,,,,,
747.78,1.519e+0,2.755e-2,1.710e-21,1.729e-26,2.129e-17,,,1.243e-18,1.865e-19,,6.808e-16,1.464e+0,4.114e-29,1.745e-17,1.851e-19,1.286e-12,5.250e-17,,,,4.014e-18,2.728e-36,1.859e-10,,1.110e-9,,,,1.992e-21,4.382e-7,1.646e-3,1.196e-28,,1.200e-21,,1.720e-16,2.616e-2,,1.383e-19,6.883e-18,3.480e-5,,,,,1.841e-18,,,,,,,,,,,,,,
747.8,1.453e+0,2.791e-2,2.267e-21,1.835e-26,2.130e-17,,,1.243e-18,1.865e-19,,6.810e-16,1.400e+0,4.114e-29,1.745e-17,1.852e-19,1.183e-12,5.252e-17,,,,4.015e-18,2.728e-36,1.437e-10,,1.163e-9,,,,1.991e-21,5.485e-7,1.857e-3,1.195e-28,,1.200e-21,,1.720e-16,2.372e-2,,1.382e-19,6.883e-18,2.906e-5,,,,,1.841e-18,,,,,,,,,,,,,,
747.83,1.357e+0,2.841e-2,3.448e-21,2.001e-26,2.130e-17,,,1.243e-18,1.866e-19,,6.813e-16,1.306e+0,4.115e-29,1.745e-17,1.854e-19,1.042e-12,5.256e-17,,,,4.015e-18,2.729e-36,9.734e-11,,1.246e-9,,,,1.991e-21,7.661e-7,2.219e-3,1.195e-28,,1.200e-21,,1.721e-16,2.047e-2,,1.381e-19,6.883e-18,2.211e-5,,,,,1.842e-18,,,,,,,,,,,,,,
747.85,1.295e+0,2.873e-2,4.554e-21,2.116e-26,2.130e-17,,,1.243e-18,1.866e-19,,6.815e-16,1.245e+0,4.115e-29,1.745e-17,1.855e-19,9.554e-13,5.258e-17,,,,4.016e-18,2.729e-36,7.496e-11,,1.302e-9,,,,1.991e-21,9.557e-7,2.495e-3,1.194e-28,,1.200e-21,,1.721e-16,1.855e-2,,1.381e-19,6.883e-18,1.839e-5,,,,,1.842e-18,,,,,,,,,,,,,,
747.88,1.204e+0,2.917e-2,6.894e-21,2.296e-26,2.131e-17,,,1.243e-18,1.866e-19,,6.817e-16,1.155e+0,4.115e-29,1.745e-17,1.857e-19,8.371e-13,5.261e-17,,,,4.016e-18,2.729e-36,5.053e-11,,1.388e-9,,,,1.991e-21,1.328e-6,2.967e-3,1.194e-28,,1.201e-21,,1.721e-16,1.604e-2,,1.380e-19,6.883e-18,1.392e-5,,,,,1.842e-18,,,,,,,,,,,,,,
747.9,1.145e+0,2.943e-2,9.074e-21,2.420e-26,2.131e-17,,,1.243e-18,1.867e-19,,6.819e-16,1.098e+0,4.115e-29,1.745e-17,1.858e-19,7.652e-13,5.263e-17,,,,4.016e-18,2.729e-36,3.878e-11,,1.446e-9,,,,1.990e-21,1.651e-6,3.324e-3,1.193e-28,,1.201e-21,,1.721e-16,1.458e-2,,1.379e-19,6.883e-18,1.154e-5,,,,,1.842e-18,,,,,,,,,,,,,,
747.93,1.060e+0,2.979e-2,1.367e-20,2.612e-26,2.132e-17,,,1.243e-18,1.867e-19,,6.822e-16,1.014e+0,4.115e-29,1.745e-17,1.860e-19,6.672e-13,5.266e-17,,,,4.017e-18,2.730e-36,2.600e-11,,1.534e-9,,,,1.990e-21,2.283e-6,3.932e-3,1.193e-28,,1.201e-21,,1.721e-16,1.270e-2,,1.378e-19,6.883e-18,8.691e-6,,,,,1.843e-18,,,,,,,,,,,,,,
747.95,1.005e+0,3.001e-2,1.793e-20,2.743e-26,2.132e-17,,,1.243e-18,1.868e-19,,6.824e-16,9.594e-1,4.115e-29,1.745e-17,1.861e-19,6.079e-13,5.268e-17,,,,4.017e-18,2.730e-36,1.989e-11,,1.593e-9,,,,1.990e-21,2.829e-6,4.391e-3,1.192e-28,,1.201e-21,,1.722e-16,1.162e-2,,1.378e-19,6.883e-18,7.181e-6,,,,,1.843e-18,,,,,,,,,,,,,,
747.98,9.272e-1,3.029e-2,2.686e-20,2.945e-26,2.133e-17,,,1.243e-18,1.868e-19,,6.827e-16,8.814e-1,4.115e-29,1.745e-17,1.863e-19,5.274e-13,5.271e-17,,,,4.018e-18,2.730e-36,1.327e-11,,1.683e-9,,,,1.989e-21,3.891e-6,5.168e-3,1.192e-28,,1.201e-21,,1.722e-16,1.028e-2,,1.377e-19,6.883e-18,5.379e-6,,,,,1.843e-18,,,,,,,,,,,,,,
748,8.773e-1,3.044e-2,3.512e-20,3.083e-26,2.133e-17,,,1.243e-18,1.868e-19,,6.829e-16,8.315e-1,4.116e-29,1.745e-17,1.864e-19,4.790e-13,5.273e-17,,,,4.018e-18,2.730e-36,1.011e-11,,1.743e-9,,,,1.989e-21,4.805e-6,5.751e-3,1.191e-28,,1.202e-21,,1.722e-16,9.538e-3,,1.377e-19,6.883e-18,4.429e-6,,,,,1.844e-18,,,,,,,,,,,,,,
748.03,8.060e-1,3.064e-2,5.236e-20,3.294e-26,2.133e-17,,,1.243e-18,1.869e-19,,6.831e-16,7.600e-1,4.116e-29,1.745e-17,1.866e-19,4.135e-13,5.277e-17,,,,4.019e-18,2.731e-36,6.711e-12,,1.833e-9,,,,1.989e-21,6.576e-6,6.734e-3,1.190e-28,,1.202e-21,,1.722e-16,8.658e-3,,1.376e-19,6.883e-18,3.301e-6,,,,,1.844e-18,,,,,,,,,,,,,,
748.05,7.610e-1,3.073e-2,6.821e-20,3.436e-26,2.134e-17,,,1.243e-18,1.869e-19,,6.833e-16,7.145e-1,4.116e-29,1.745e-17,1.867e-19,3.743e-13,5.279e-17,,,,4.019e-18,2.731e-36,5.097e-12,,1.893e-9,,,,1.989e-21,8.092e-6,7.468e-3,1.190e-28,,1.202e-21,,1.722e-16,8.216e-3,,1.375e-19,6.883e-18,2.709e-6,,,,,1.844e-18,,,,,,,,,,,,,,
748.08,6.970e-1,3.083e-2,1.012e-19,3.652e-26,2.134e-17,,,1.242e-18,1.870e-19,,6.836e-16,6.497e-1,4.116e-29,1.745e-17,1.868e-19,3.216e-13,5.282e-17,,,,4.020e-18,2.731e-36,3.365e-12,,1.982e-9,,,,1.988e-21,1.102e-5,8.700e-3,1.189e-28,,1.202e-21,,1.723e-16,7.757e-3,,1.374e-19,6.883e-18,2.008e-6,,,,,1.845e-18,,,,,,,,,,,,,,
748.1,6.569e-1,3.087e-2,1.314e-19,3.797e-26,2.135e-17,,,1.242e-18,1.870e-19,,6.838e-16,6.088e-1,4.116e-29,1.745e-17,1.870e-19,2.901e-13,5.284e-17,,,,4.020e-18,2.731e-36,2.547e-12,,2.041e-9,,,,1.988e-21,1.352e-5,9.616e-3,1.189e-28,,1.202e-21,,1.723e-16,7.584e-3,,1.374e-19,6.883e-18,1.642e-6,,,,,1.845e-18,,,,,,,,,,,,,,
748.12,6.186e-1,3.088e-2,1.704e-19,3.942e-26,2.135e-17,,,1.242e-18,1.870e-19,,6.840e-16,5.696e-1,4.116e-29,1.745e-17,1.871e-19,2.614e-13,5.286e-17,,,,4.021e-18,2.731e-36,1.925e-12,,2.100e-9,,,,1.988e-21,1.655e-5,1.061e-2,1.189e-28,,1.203e-21,,1.723e-16,7.515e-3,,1.373e-19,6.883e-18,1.341e-6,,,,,1.845e-18,,,,,,,,,,,,,,
748.15,5.650e-1,3.084e-2,2.509e-19,4.160e-26,2.135e-17,,,1.242e-18,1.871e-19,,6.843e-16,5.142e-1,4.117e-29,1.745e-17,1.872e-19,2.230e-13,5.289e-17,,,,4.021e-18,2.732e-36,1.262e-12,,2.187e-9,,,,1.987e-21,2.238e-5,1.228e-2,1.188e-28,,1.203e-21,,1.723e-16,7.603e-3,,1.372e-19,6.883e-18,9.872e-7,,,,,1.845e-18,,,,,,,,,,,,,,
748.17,5.316e-1,3.078e-2,3.243e-19,4.304e-26,2.136e-17,,,1.242e-18,1.871e-19,,6.844e-16,4.795e-1,4.117e-29,1.744e-17,1.873e-19,2.003e-13,5.291e-17,,,,4.021e-18,2.732e-36,9.506e-13,,2.244e-9,,,,1.987e-21,2.732e-5,1.351e-2,1.188e-28,,1.203e-21,,1.724e-16,7.789e-3,,1.372e-19,6.883e-18,8.034e-7,,,,,1.846e-18,,,,,,,,,,,,,,
748.2,4.851e-1,3.064e-2,4.752e-19,4.519e-26,2.136e-17,,,1.242e-18,1.872e-19,,6.847e-16,4.307e-1,4.117e-29,1.744e-17,1.875e-19,1.701e-13,5.295e-17,,,,4.022e-18,2.732e-36,6.199e-13,,2.327e-9,,,,1.987e-21,3.675e-5,1.554e-2,1.187e-28,,1.203e-21,,1.724e-16,8.262e-3,,1.371e-19,6.883e-18,5.883e-7,,,,,1.846e-18,,,,,,,,,,,,,,
748.22,4.565e-1,3.052e-2,6.121e-19,4.660e-26,2.137e-17,,,1.242e-18,1.872e-19,,6.849e-16,4.002e-1,4.117e-29,1.744e-17,1.876e-19,1.522e-13,5.297e-17,,,,4.022e-18,2.732e-36,4.653e-13,,2.382e-9,,,,1.987e-21,4.471e-5,1.704e-2,1.187e-28,,1.203e-21,,1.724e-16,8.708e-3,,1.370e-19,6.883e-18,4.771e-7,,,,,1.846e-18,,,,,,,,,,,,,,
748.25,4.170e-1,3.028e-2,8.924e-19,4.867e-26,2.137e-17,,,1.242e-18,1.873e-19,,6.852e-16,3.576e-1,4.117e-29,1.744e-17,1.878e-19,1.286e-13,5.300e-17,,,,4.023e-18,2.733e-36,3.019e-13,,2.462e-9,,,,1.986e-21,5.983e-5,1.951e-2,1.186e-28,,1.204e-21,,1.724e-16,9.583e-3,,1.369e-19,6.883e-18,3.476e-7,,,,,1.847e-18,,,,,,,,,,,,,,
748.27,3.930e-1,3.009e-2,1.145e-18,5.002e-26,2.137e-17,,,1.242e-18,1.873e-19,,6.854e-16,3.312e-1,4.117e-29,1.744e-17,1.879e-19,1.147e-13,5.302e-17,,,,4.023e-18,2.733e-36,2.258e-13,,2.514e-9,,,,1.986e-21,7.254e-5,2.131e-2,1.185e-28,,1.204e-21,,1.724e-16,1.031e-2,,1.369e-19,6.883e-18,2.809e-7,,,,,1.847e-18,,,,,,,,,,,,,,
748.3,3.601e-1,2.975e-2,1.662e-18,5.197e-26,2.138e-17,,,1.242e-18,1.873e-19,,6.857e-16,2.944e-1,4.117e-29,1.744e-17,1.881e-19,9.643e-14,5.305e-17,,,,4.024e-18,2.733e-36,1.457e-13,,2.590e-9,,,,1.986e-21,9.659e-5,2.428e-2,1.185e-28,,1.204e-21,,1.725e-16,1.162e-2,,1.368e-19,6.883e-18,2.036e-7,,,,,1.847e-18,,,,,,,,,,,,,,
748.32,3.404e-1,2.950e-2,2.126e-18,5.323e-26,2.138e-17,,,1.242e-18,1.874e-19,,6.858e-16,2.717e-1,4.118e-29,1.744e-17,1.882e-19,8.574e-14,5.307e-17,,,,4.024e-18,2.733e-36,1.086e-13,,2.639e-9,,,,1.985e-21,1.167e-4,2.643e-2,1.184e-28,,1.204e-21,,1.725e-16,1.265e-2,,1.367e-19,6.883e-18,1.640e-7,,,,,1.848e-18,,,,,,,,,,,,,,
748.35,3.139e-1,2.906e-2,3.068e-18,5.503e-26,2.139e-17,,,1.242e-18,1.874e-19,,6.861e-16,2.403e-1,4.118e-29,1.744e-17,1.884e-19,7.171e-14,5.310e-17,,,,4.025e-18,2.733e-36,6.975e-14,,2.710e-9,,,,1.985e-21,1.546e-4,2.996e-2,1.184e-28,,1.204e-21,,1.725e-16,1.445e-2,,1.367e-19,6.883e-18,1.182e-7,,,,,1.848e-18,,,,,,,,,,,,,,
748.37,2.983e-1,2.874e-2,3.911e-18,5.617e-26,2.139e-17,,,1.242e-18,1.874e-19,,6.863e-16,2.210e-1,4.118e-29,1.744e-17,1.885e-19,6.355e-14,5.313e-17,,,,4.025e-18,2.734e-36,5.182e-14,,2.755e-9,,,,1.985e-21,1.862e-4,3.251e-2,1.183e-28,,1.205e-21,,1.725e-16,1.583e-2,,1.366e-19,6.883e-18,9.491e-8,,,,,1.848e-18,,,,,,,,,,,,,,
748.4,2.778e-1,2.821e-2,5.617e-18,5.778e-26,2.139e-17,,,1.242e-18,1.875e-19,,6.866e-16,1.945e-1,4.118e-29,1.744e-17,1.887e-19,5.289e-14,5.316e-17,,,,4.026e-18,2.734e-36,3.310e-14,,2.822e-9,,,,1.985e-21,2.454e-4,3.665e-2,1.183e-28,,1.205e-21,,1.726e-16,1.818e-2,,1.365e-19,6.883e-18,6.807e-8,,,,,1.849e-18,,,,,,,,,,,,,,
748.42,2.660e-1,2.783e-2,7.137e-18,5.877e-26,2.140e-17,,,1.242e-18,1.875e-19,,6.868e-16,1.783e-1,4.118e-29,1.744e-17,1.888e-19,4.672e-14,5.318e-17,,,,4.026e-18,2.734e-36,2.450e-14,,2.864e-9,,,,1.984e-21,2.945e-4,3.964e-2,1.182e-28,,1.205e-21,,1.726e-16,1.996e-2,,1.365e-19,6.883e-18,5.445e-8,,,,,1.849e-18,,,,,,,,,,,,,,
748.45,2.511e-1,2.722e-2,1.020e-17,6.014e-26,2.140e-17,,,1.242e-18,1.876e-19,,6.871e-16,1.560e-1,4.118e-29,1.744e-17,1.889e-19,3.868e-14,5.321e-17,,,,4.027e-18,2.734e-36,1.557e-14,,2.926e-9,,,,1.984e-21,3.863e-4,4.447e-2,1.182e-28,,1.205e-21,,1.726e-16,2.296e-2,,1.364e-19,6.883e-18,3.886e-8,,,,,1.849e-18,,,,,,,,,,,,,,
748.47,2.429e-1,2.678e-2,1.291e-17,6.097e-26,2.141e-17,,,1.242e-18,1.876e-19,,6.872e-16,1.425e-1,4.118e-29,1.744e-17,1.891e-19,3.405e-14,5.323e-17,,,,4.027e-18,2.735e-36,1.149e-14,,2.965e-9,,,,1.984e-21,4.620e-4,4.793e-2,1.181e-28,,1.205e-21,,1.726e-16,2.519e-2,,1.363e-19,6.883e-18,3.098e-8,,,,,1.849e-18,,,,,,,,,,,,,,
748.49,2.361e-1,2.632e-2,1.633e-17,6.172e-26,2.141e-17,,,1.242e-18,1.876e-19,,6.874e-16,1.300e-1,4.119e-29,1.744e-17,1.892e-19,2.994e-14,5.325e-17,,,,4.027e-18,2.735e-36,8.463e-15,,3.004e-9,,,,1.983e-21,5.518e-4,5.158e-2,1.181e-28,,1.206e-21,,1.726e-16,2.763e-2,,1.896e-19,6.883e-18,2.466e-8,,,,,1.850e-18,,,,,,,,,,,,,,
748.52,2.285e-1,2.560e-2,2.317e-17,6.271e-26,2.141e-17,,,1.241e-18,1.877e-19,,6.877e-16,1.130e-1,4.119e-29,1.744e-17,1.893e-19,2.462e-14,5.328e-17,,,,4.028e-18,2.735e-36,5.339e-15,,3.059e-9,,,,1.983e-21,7.185e-4,5.745e-2,1.180e-28,,1.206e-21,,1.727e-16,3.168e-2,,3.100e-19,6.883e-18,1.747e-8,,,,,1.850e-18,,,,,,,,,,,,,,
748.54,2.250e-1,2.510e-2,2.920e-17,6.327e-26,2.142e-17,,,1.241e-18,1.877e-19,,6.879e-16,1.027e-1,4.119e-29,1.744e-17,1.895e-19,2.157e-14,5.330e-17,,,,4.028e-18,2.735e-36,3.920e-15,,3.095e-9,,,,1.983e-21,8.553e-4,6.163e-2,1.180e-28,,1.206e-21,,1.727e-16,3.468e-2,,4.296e-19,6.883e-18,1.386e-8,,,,,1.850e-18,,,,,,,,,,,,,,
748.57,2.222e-1,2.431e-2,4.121e-17,6.395e-26,2.142e-17,,,1.241e-18,1.878e-19,,6.882e-16,8.883e-2,4.119e-29,1.744e-17,1.896e-19,1.765e-14,5.334e-17,,,,4.029e-18,2.735e-36,2.460e-15,,3.147e-9,,,,1.983e-21,1.108e-3,6.829e-2,1.179e-28,,1.206e-21,,1.727e-16,3.963e-2,,6.990e-19,6.883e-18,9.768e-9,,,,,1.851e-18,,,,,,,,,,,,,,
748.59,2.218e-1,2.377e-2,5.176e-17,6.430e-26,2.143e-17,,,1.241e-18,1.878e-19,,6.884e-16,8.048e-2,4.119e-29,1.744e-17,1.897e-19,1.541e-14,5.336e-17,,,,4.029e-18,2.736e-36,1.800e-15,,3.181e-9,,,,1.982e-21,1.315e-3,7.300e-2,1.179e-28,,1.206e-21,,1.727e-16,4.325e-2,,9.654e-19,6.883e-18,7.723e-9,,,,,1.851e-18,,,,,,,,,,,,,,
748.62,2.236e-1,2.293e-2,7.269e-17,6.466e-26,2.143e-17,,,1.241e-18,1.879e-19,,6.886e-16,6.923e-2,4.119e-29,1.744e-17,1.899e-19,1.255e-14,5.339e-17,,,,4.030e-18,2.736e-36,1.124e-15,,3.230e-9,,,,1.982e-21,1.694e-3,8.048e-2,1.178e-28,,1.207e-21,,1.728e-16,4.922e-2,,1.563e-18,6.883e-18,5.415e-9,,,,,1.851e-18,,,,,,,,,,,,,,
748.64,2.262e-1,2.236e-2,9.100e-17,6.480e-26,2.143e-17,,,1.241e-18,1.879e-19,,6.888e-16,6.251e-2,4.120e-29,1.744e-17,1.900e-19,1.092e-14,5.341e-17,,,,4.030e-18,2.736e-36,8.193e-16,,3.262e-9,,,,1.982e-21,2.003e-3,8.575e-2,1.178e-28,,1.207e-21,,1.728e-16,5.356e-2,,2.151e-18,6.883e-18,4.267e-9,,,,,1.851e-18,,,,,,,,,,,,,,
748.67,2.323e-1,2.148e-2,1.271e-16,6.483e-26,2.144e-17,,,1.241e-18,1.879e-19,,6.891e-16,5.349e-2,4.120e-29,1.744e-17,1.902e-19,8.845e-15,5.344e-17,,,,4.031e-18,2.736e-36,5.089e-16,,3.309e-9,,,,1.981e-21,2.569e-3,9.405e-2,1.177e-28,,1.207e-21,,1.728e-16,6.066e-2,,3.466e-18,6.883e-18,2.976e-9,,,,,1.852e-18,,,,,,,,,,,,,,
748.69,2.377e-1,2.088e-2,1.586e-16,6.474e-26,2.144e-17,,,1.241e-18,1.880e-19,,6.893e-16,4.813e-2,4.120e-29,1.744e-17,1.903e-19,7.672e-15,5.346e-17,,,,4.031e-18,2.736e-36,3.698e-16,,3.341e-9,,,,1.981e-21,3.027e-3,9.986e-2,1.177e-28,,1.207e-21,,1.728e-16,6.581e-2,,4.754e-18,6.883e-18,2.337e-9,,,,,1.852e-18,,,,,,,,,,,,,,
748.72,2.480e-1,1.997e-2,2.205e-16,6.444e-26,2.145e-17,,,1.241e-18,1.880e-19,,6.896e-16,4.098e-2,4.120e-29,1.744e-17,1.905e-19,6.183e-15,5.349e-17,,,,4.032e-18,2.737e-36,2.285e-16,,3.387e-9,,,,1.981e-21,3.863e-3,1.090e-1,1.176e-28,,1.208e-21,,1.728e-16,7.417e-2,,7.620e-18,6.883e-18,1.622e-9,,,,,1.852e-18,,,,,,,,,,,,,,
748.74,2.562e-1,1.936e-2,2.742e-16,6.414e-26,2.145e-17,,,1.241e-18,1.880e-19,,6.898e-16,3.675e-2,4.120e-29,1.744e-17,1.906e-19,5.345e-15,5.352e-17,,,,4.032e-18,2.737e-36,1.655e-16,,3.418e-9,,,,1.981e-21,4.536e-3,1.153e-1,1.176e-28,,1.208e-21,,1.729e-16,8.019e-2,,1.042e-17,6.883e-18,1.269e-9,,,,,1.853e-18,,,,,,,,,,,,,,
748.77,2.705e-1,1.844e-2,3.792e-16,6.352e-26,2.145e-17,,,1.241e-18,1.881e-19,,6.900e-16,3.113e-2,4.120e-29,1.744e-17,1.908e-19,4.286e-15,5.355e-17,,,,4.032e-18,2.737e-36,1.017e-16,,3.464e-9,,,,1.980e-21,5.758e-3,1.252e-1,1.175e-28,,1.208e-21,,1.729e-16,8.994e-2,,1.661e-17,6.883e-18,8.760e-10,,,,,1.853e-18,,,,,,,,,,,,,,
748.79,2.813e-1,1.782e-2,4.699e-16,6.300e-26,2.146e-17,,,1.241e-18,1.881e-19,,6.902e-16,2.782e-2,4.120e-29,1.744e-17,1.909e-19,3.693e-15,5.357e-17,,,,4.033e-18,2.737e-36,7.339e-17,,3.495e-9,,,,1.980e-21,6.739e-3,1.320e-1,1.175e-28,,1.208e-21,,1.729e-16,9.692e-2,,2.264e-17,6.883e-18,6.831e-10,,,,,1.853e-18,,,,,,,,,,,,,,
748.82,2.996e-1,1.689e-2,6.466e-16,6.207e-26,2.146e-17,,,1.241e-18,1.882e-19,,6.905e-16,2.344e-2,4.121e-29,1.744e-17,1.911e-19,2.946e-15,5.360e-17,,,,4.033e-18,2.738e-36,4.488e-17,,3.542e-9,,,,1.980e-21,8.511e-3,1.426e-1,1.174e-28,,1.208e-21,,1.729e-16,1.081e-1,,3.592e-17,6.883e-18,4.692e-10,,,,,1.854e-18,,,,,,,,,,,,,,
748.84,3.131e-1,1.628e-2,7.986e-16,6.135e-26,2.147e-17,,,1.241e-18,1.882e-19,,6.907e-16,2.088e-2,4.121e-29,1.744e-17,1.912e-19,2.530e-15,5.362e-17,,,,4.034e-18,2.738e-36,3.227e-17,,3.574e-9,,,,1.979e-21,9.928e-3,1.499e-1,1.174e-28,,1.208e-21,,1.730e-16,1.162e-1,,4.877e-17,6.883e-18,3.646e-10,,,,,1.854e-18,,,,,,,,,,,,,,
748.86,3.277e-1,1.567e-2,9.850e-16,6.056e-26,2.147e-17,,,1.241e-18,1.882e-19,,6.909e-16,1.857e-2,4.121e-29,1.744e-17,1.913e-19,2.170e-15,5.364e-17,,,,4.034e-18,2.738e-36,2.318e-17,,3.606e-9,,,,1.979e-21,1.156e-2,1.573e-1,1.173e-28,,1.209e-21,,1.730e-16,1.246e-1,,6.615e-17,6.883e-18,2.829e-10,,,,,1.854e-18,,,,,,,,,,,,,,
748.89,3.516e-1,1.476e-2,1.346e-15,5.924e-26,2.147e-17,,,1.241e-18,1.883e-19,,6.912e-16,1.554e-2,4.121e-29,1.744e-17,1.914e-19,1.719e-15,5.367e-17,,,,4.035e-18,2.738e-36,1.407e-17,,3.655e-9,,,,1.979e-21,1.450e-2,1.687e-1,1.172e-28,,1.209e-21,,1.730e-16,1.380e-1,,1.042e-16,6.883e-18,1.929e-10,,,,,1.854e-18,,,,,,,,,,,,,,
748.91,3.688e-1,1.417e-2,1.654e-15,5.828e-26,2.148e-17,,,1.241e-18,1.883e-19,,6.914e-16,1.377e-2,4.121e-29,1.744e-17,1.916e-19,1.469e-15,5.369e-17,,,,4.035e-18,2.738e-36,1.407e-17,,3.688e-9,,,,1.979e-21,1.684e-2,1.765e-1,1.172e-28,,1.209e-21,,1.730e-16,1.475e-1,,1.409e-16,6.883e-18,1.492e-10,,,,,1.855e-18,,,,,,,,,,,,,,
748.94,3.967e-1,1.329e-2,2.249e-15,5.672e-26,2.148e-17,,,1.240e-18,1.884e-19,,6.916e-16,1.146e-2,4.121e-29,1.744e-17,1.917e-19,1.158e-15,5.373e-17,,,,4.036e-18,2.739e-36,1.407e-17,,3.740e-9,,,,1.978e-21,2.100e-2,1.883e-1,1.171e-28,,1.209e-21,,1.730e-16,1.626e-1,,2.208e-16,6.883e-18,1.012e-10,,,,,1.855e-18,,,,,,,,,,,,,,
748.96,4.167e-1,1.271e-2,2.755e-15,5.561e-26,2.149e-17,,,1.240e-18,1.884e-19,,6.918e-16,1.012e-2,4.121e-29,1.744e-17,1.918e-19,9.862e-16,5.375e-17,,,,4.036e-18,2.739e-36,1.407e-17,,3.775e-9,,,,1.978e-21,2.430e-2,1.963e-1,1.171e-28,,1.209e-21,,1.731e-16,1.733e-1,,2.974e-16,6.883e-18,7.801e-11,,,,,1.855e-18,,,,,,,,,,,,,,
748.99,4.489e-1,1.186e-2,3.726e-15,5.384e-26,2.149e-17,,,1.240e-18,1.885e-19,,6.921e-16,8.383e-3,4.122e-29,1.743e-17,1.920e-19,7.734e-16,5.378e-17,,,,4.037e-18,2.739e-36,1.406e-17,,3.829e-9,,,,1.978e-21,3.017e-2,2.084e-1,1.170e-28,,1.210e-21,,1.731e-16,1.900e-1,,4.638e-16,6.883e-18,5.264e-11,,,,,1.856e-18,,,,,,,,,,,,,,
749.01,4.718e-1,1.131e-2,4.549e-15,5.261e-26,2.149e-17,,,1.240e-18,1.885e-19,,6.923e-16,7.380e-3,4.122e-29,1.743e-17,1.921e-19,6.565e-16,5.380e-17,,,,4.037e-18,2.739e-36,1.406e-17,,3.865e-9,,,,1.977e-21,3.478e-2,2.165e-1,1.170e-28,,1.210e-21,,1.731e-16,2.018e-1,,6.227e-16,6.883e-18,4.043e-11,,,,,1.856e-18,,,,,,,,,,,,,,
749.04,5.084e-1,1.051e-2,6.122e-15,5.068e-26,2.150e-17,,,1.240e-18,1.885e-19,,6.926e-16,6.080e-3,4.122e-29,1.743e-17,1.923e-19,5.122e-16,5.383e-17,,,,4.037e-18,2.740e-36,1.406e-17,,3.922e-9,,,,1.977e-21,4.296e-2,2.287e-1,1.169e-28,,1.210e-21,,1.731e-16,2.202e-1,,9.662e-16,6.883e-18,2.715e-11,,,,,1.856e-18,,,,,,,,,,,,,,
749.06,5.344e-1,9.991e-3,7.449e-15,4.935e-26,2.150e-17,,,1.240e-18,1.886e-19,,6.928e-16,5.334e-3,4.122e-29,1.743e-17,1.924e-19,4.334e-16,5.385e-17,,,,4.038e-18,2.740e-36,1.406e-17,,3.961e-9,,,,1.977e-21,4.936e-2,2.368e-1,1.169e-28,,1.210e-21,,1.732e-16,2.329e-1,,1.293e-15,6.883e-18,2.078e-11,,,,,1.857e-18,,,,,,,,,,,,,,
749.09,5.760e-1,9.239e-3,9.973e-15,4.729e-26,2.151e-17,,,1.240e-18,1.886e-19,,6.930e-16,4.372e-3,4.122e-29,1.743e-17,1.926e-19,3.364e-16,5.388e-17,,,,4.038e-18,2.740e-36,1.406e-17,,4.020e-9,,,,1.977e-21,6.066e-2,2.489e-1,1.168e-28,,1.211e-21,,1.732e-16,2.529e-1,,1.996e-15,6.883e-18,1.388e-11,,,,,1.857e-18,,,,,,,,,,,,,,
749.11,6.055e-1,8.755e-3,1.209e-14,4.590e-26,2.151e-17,,,1.240e-18,1.886e-19,,6.932e-16,3.822e-3,4.122e-29,1.743e-17,1.927e-19,2.837e-16,5.391e-17,,,,4.039e-18,2.740e-36,1.406e-17,,4.061e-9,,,,1.976e-21,6.947e-2,2.568e-1,1.168e-28,,1.211e-21,,1.732e-16,2.667e-1,,2.662e-15,6.883e-18,1.059e-11,,,,,1.857e-18,,,,,,,,,,,,,,
749.14,6.526e-1,8.056e-3,1.611e-14,4.376e-26,2.152e-17,,,1.240e-18,1.887e-19,,6.935e-16,3.117e-3,4.123e-29,1.743e-17,1.929e-19,2.191e-16,5.394e-17,,,,4.039e-18,2.741e-36,1.405e-17,,4.123e-9,,,,1.976e-21,8.492e-2,2.685e-1,1.167e-28,,1.211e-21,,1.732e-16,2.880e-1,,4.089e-15,6.883e-18,7.034e-12,,,,,1.858e-18,,,,,,,,,,,,,,
749.16,6.861e-1,7.610e-3,1.947e-14,4.232e-26,2.152e-17,,,1.240e-18,1.887e-19,,6.937e-16,2.715e-3,4.123e-29,1.743e-17,1.930e-19,1.841e-16,5.396e-17,,,,4.040e-18,2.741e-36,1.405e-17,,4.166e-9,,,,1.976e-21,9.693e-2,2.761e-1,1.167e-28,,1.211e-21,,1.732e-16,3.027e-1,,5.434e-15,6.883e-18,5.347e-12,,,,,1.858e-18,,,,,,,,,,,,,,
749.19,7.396e-1,6.969e-3,2.580e-14,4.015e-26,2.152e-17,,,1.240e-18,1.888e-19,,6.940e-16,2.203e-3,4.123e-29,1.743e-17,1.932e-19,1.415e-16,5.399e-17,,,,4.040e-18,2.741e-36,1.405e-17,,4.231e-9,,,,1.975e-21,1.179e-1,2.873e-1,1.166e-28,,1.211e-21,,1.733e-16,3.253e-1,,8.305e-15,6.883e-18,3.535e-12,,,,,1.858e-18,,,,,,,,,,,,,,
749.21,7.777e-1,6.562e-3,3.108e-14,3.869e-26,2.153e-17,,,1.240e-18,1.888e-19,,6.942e-16,1.913e-3,4.123e-29,1.743e-17,1.933e-19,1.185e-16,5.401e-17,,,,4.041e-18,2.741e-36,1.405e-17,,4.276e-9,,,,1.975e-21,1.341e-1,2.944e-1,1.166e-28,,1.212e-21,,1.733e-16,3.407e-1,,1.100e-14,6.883e-18,2.678e-12,,,,,1.858e-18,,,,,,,,,,,,,,
749.24,8.388e-1,5.980e-3,4.098e-14,3.652e-26,2.153e-17,,,1.240e-18,1.889e-19,,6.944e-16,1.544e-3,4.123e-29,1.743e-17,1.934e-19,9.058e-17,5.404e-17,,,,4.041e-18,2.741e-36,1.405e-17,,4.344e-9,,,,1.975e-21,1.623e-1,3.048e-1,1.165e-28,,1.212e-21,,1.733e-16,3.642e-1,,1.673e-14,6.883e-18,1.761e-12,,,,,1.859e-18,,,,,,,,,,,,,,
749.26,8.825e-1,5.613e-3,4.920e-14,3.508e-26,2.154e-17,,,1.240e-18,1.889e-19,,6.946e-16,1.336e-3,4.123e-29,1.743e-17,1.936e-19,7.560e-17,5.406e-17,,,,4.041e-18,2.742e-36,1.405e-17,,4.391e-9,,,,1.975e-21,1.840e-1,3.113e-1,1.165e-28,,1.212e-21,,1.733e-16,3.802e-1,,2.208e-14,6.883e-18,1.329e-12,,,,,1.859e-18,,,,,,,,,,,,,,
749.28,9.286e-1,5.260e-3,5.898e-14,3.365e-26,2.154e-17,,,1.240e-18,1.889e-19,,6.948e-16,1.154e-3,4.123e-29,1.743e-17,1.937e-19,6.302e-17,5.409e-17,,,,4.042e-18,2.742e-36,1.404e-17,,4.438e-9,,,,1.974e-21,2.083e-1,3.176e-1,1.164e-28,,1.212e-21,,1.734e-16,3.963e-1,,2.911e-14,6.883e-18,1.002e-12,,,,,1.859e-18,,,,,,,,,,,,,,
749.31,1.003e+0,4.761e-3,7.722e-14,3.153e-26,2.154e-17,,,1.240e-18,1.890e-19,,6.951e-16,9.250e-4,4.124e-29,1.743e-17,1.938e-19,4.783e-17,5.412e-17,,,,4.042e-18,2.742e-36,1.404e-17,,4.511e-9,,,,1.974e-21,2.503e-1,3.265e-1,1.164e-28,,1.212e-21,,1.734e-16,4.207e-1,,4.396e-14,6.883e-18,6.544e-13,,,,,1.860e-18,,,,,,,,,,,,,,
749.33,1.057e+0,4.448e-3,9.227e-14,3.014e-26,2.155e-17,,,1.240e-18,1.890e-19,,6.953e-16,7.966e-4,4.124e-29,1.743e-17,1.940e-19,3.974e-17,5.414e-17,,,,4.043e-18,2.742e-36,1.404e-17,,4.561e-9,,,,1.974e-21,2.824e-1,3.320e-1,1.163e-28,,1.213e-21,,1.734e-16,4.370e-1,,5.776e-14,6.883e-18,4.916e-13,,,,,1.860e-18,,,,,,,,,,,,,,
749.36,1.143e+0,4.007e-3,1.202e-13,2.810e-26,2.155e-17,,,1.240e-18,1.891e-19,,6.956e-16,6.351e-4,4.124e-29,1.743e-17,1.941e-19,3.001e-17,5.417e-17,,,,4.043e-18,2.742e-36,1.404e-17,,4.637e-9,,,,1.973e-21,3.376e-1,3.395e-1,1.163e-28,,1.213e-21,,1.734e-16,4.615e-1,,8.676e-14,6.883e-18,3.193e-13,,,,,1.860e-18,,,,,,,,,,,,,,
749.38,1.206e+0,3.731e-3,1.431e-13,2.677e-26,2.155e-17,,,1.239e-18,1.891e-19,,6.957e-16,5.451e-4,4.124e-29,1.743e-17,1.942e-19,2.484e-17,5.419e-17,,,,4.044e-18,2.743e-36,1.404e-17,,4.690e-9,,,,1.973e-21,3.796e-1,3.441e-1,1.162e-28,,1.213e-21,,1.734e-16,4.778e-1,,1.136e-13,6.883e-18,2.391e-13,,,,,1.860e-18,,,,,,,,,,,,,,
749.41,1.308e+0,3.344e-3,1.855e-13,2.483e-26,2.156e-17,,,1.239e-18,1.891e-19,,6.960e-16,4.323e-4,4.124e-29,1.743e-17,1.944e-19,1.867e-17,5.422e-17,,,,4.044e-18,2.743e-36,1.403e-17,,4.771e-9,,,,1.973e-21,4.515e-1,3.502e-1,1.162e-28,,1.213e-21,,1.735e-16,5.021e-1,,1.698e-13,6.883e-18,1.545e-13,,,,,1.861e-18,,,,,,,,,,,,,,
749.43,1.381e+0,3.103e-3,2.201e-13,2.357e-26,2.156e-17,,,1.239e-18,1.892e-19,,6.962e-16,3.697e-4,4.124e-29,1.743e-17,1.945e-19,1.540e-17,5.424e-17,,,,4.045e-18,2.743e-36,1.403e-17,,4.827e-9,,,,1.973e-21,5.060e-1,3.537e-1,1.161e-28,,1.213e-21,,1.735e-16,5.181e-1,,2.216e-13,6.883e-18,1.153e-13,,,,,1.861e-18,,,,,,,,,,,,,,
749.46,1.502e+0,2.767e-3,2.838e-13,2.175e-26,2.157e-17,,,1.239e-18,1.892e-19,,6.965e-16,2.917e-4,4.125e-29,1.743e-17,1.947e-19,1.151e-17,5.427e-17,,,,4.045e-18,2.743e-36,1.403e-17,,4.914e-9,,,,1.972e-21,5.988e-1,3.583e-1,1.161e-28,,1.214e-21,,1.735e-16,5.416e-1,,3.296e-13,6.883e-18,7.411e-14,,,,,1.861e-18,,,,,,,,,,,,,,
749.48,1.589e+0,2.560e-3,3.357e-13,2.058e-26,2.157e-17,,,1.239e-18,1.893e-19,,6.967e-16,2.487e-4,4.125e-29,1.743e-17,1.948e-19,9.467e-18,5.430e-17,,,,4.046e-18,2.744e-36,1.403e-17,,4.974e-9,,,,1.972e-21,6.688e-1,3.607e-1,1.160e-28,,1.214e-21,,1.735e-16,5.569e-1,,4.287e-13,6.883e-18,5.511e-14,,,,,1.862e-18,,,,,,,,,,,,,,
749.51,1.733e+0,2.272e-3,4.307e-13,1.890e-26,2.158e-17,,,1.239e-18,1.893e-19,,6.970e-16,1.952e-4,4.125e-29,1.743e-17,1.950e-19,7.041e-18,5.433e-17,,,,4.046e-18,2.744e-36,1.403e-17,,5.068e-9,,,,1.972e-21,7.874e-1,3.636e-1,1.160e-28,,1.214e-21,,1.736e-16,5.792e-1,,6.344e-13,6.883e-18,3.524e-14,,,,,1.862e-18,,,,,,,,,,,,,,
749.53,1.837e+0,2.094e-3,5.077e-13,1.782e-26,2.158e-17,,,1.239e-18,1.893e-19,,6.971e-16,1.658e-4,4.125e-29,1.743e-17,1.951e-19,5.770e-18,5.435e-17,,,,4.046e-18,2.744e-36,1.403e-17,,5.133e-9,,,,1.971e-21,8.764e-1,3.650e-1,1.159e-28,,1.214e-21,,1.736e-16,5.936e-1,,8.223e-13,6.883e-18,2.612e-14,,,,,1.862e-18,,,,,,,,,,,,,,
749.56,2.009e+0,1.849e-3,6.480e-13,1.628e-26,2.158e-17,,,1.239e-18,1.894e-19,,6.974e-16,1.295e-4,4.125e-29,1.743e-17,1.953e-19,4.270e-18,5.438e-17,,,,4.047e-18,2.744e-36,1.402e-17,,5.236e-9,,,,1.971e-21,1.027e+0,3.662e-1,1.158e-28,,1.214e-21,,1.736e-16,6.142e-1,,1.211e-12,6.883e-18,1.662e-14,,,,,1.863e-18,,,,,,,,,,,,,,
749.58,2.134e+0,1.699e-3,7.612e-13,1.530e-26,2.159e-17,,,1.239e-18,1.894e-19,,6.976e-16,1.096e-4,4.125e-29,1.743e-17,1.954e-19,3.487e-18,5.440e-17,,,,4.047e-18,2.744e-36,1.402e-17,,5.308e-9,,,,1.971e-21,1.139e+0,3.665e-1,1.158e-28,,1.215e-21,,1.736e-16,6.273e-1,,1.564e-12,6.882e-18,1.227e-14,,,,,1.863e-18,,,,,,,,,,,,,,
749.61,2.341e+0,1.493e-3,9.668e-13,1.390e-26,2.159e-17,,,1.239e-18,1.895e-19,,6.979e-16,8.517e-5,4.125e-29,1.743e-17,1.955e-19,2.567e-18,5.443e-17,,,,4.048e-18,2.745e-36,1.402e-17,,5.421e-9,,,,1.970e-21,1.327e+0,3.660e-1,1.157e-28,,1.215e-21,,1.736e-16,6.458e-1,,2.291e-12,6.882e-18,7.767e-15,,,,,1.863e-18,,,,,,,,,,,,,,
749.63,2.491e+0,1.367e-3,1.132e-12,1.302e-26,2.160e-17,,,1.239e-18,1.895e-19,,6.981e-16,7.186e-5,4.126e-29,1.743e-17,1.957e-19,2.089e-18,5.445e-17,,,,4.048e-18,2.745e-36,1.402e-17,,5.500e-9,,,,1.970e-21,1.467e+0,3.652e-1,1.157e-28,,1.215e-21,,1.737e-16,6.574e-1,,2.950e-12,6.882e-18,5.716e-15,,,,,1.863e-18,,,,,,,,,,,,,,
749.65,2.654e+0,1.250e-3,1.323e-12,1.217e-26,2.160e-17,,,1.239e-18,1.895e-19,,6.983e-16,6.054e-5,4.126e-29,1.743e-17,1.958e-19,1.698e-18,5.448e-17,,,,4.049e-18,2.745e-36,1.402e-17,,5.583e-9,,,,1.970e-21,1.620e+0,3.640e-1,1.157e-28,,1.215e-21,,1.737e-16,6.682e-1,,3.793e-12,6.882e-18,4.201e-15,,,,,1.864e-18,,,,,,,,,,,,,,
749.68,2.920e+0,1.091e-3,1.669e-12,1.098e-26,2.160e-17,,,1.239e-18,1.896e-19,,6.985e-16,4.670e-5,4.126e-29,1.743e-17,1.959e-19,1.241e-18,5.451e-17,,,,4.049e-18,2.745e-36,1.402e-17,,5.715e-9,,,,1.970e-21,1.875e+0,3.614e-1,1.156e-28,,1.215e-21,,1.737e-16,6.830e-1,,5.517e-12,6.882e-18,2.640e-15,,,,,1.864e-18,,,,,,,,,,,,,,
749.7,3.115e+0,9.942e-4,1.945e-12,1.024e-26,2.161e-17,,,1.239e-18,1.896e-19,,6.987e-16,3.921e-5,4.126e-29,1.743e-17,1.961e-19,1.005e-18,5.453e-17,,,,4.050e-18,2.746e-36,1.401e-17,,5.807e-9,,,,1.969e-21,2.063e+0,3.592e-1,1.156e-28,,1.216e-21,,1.737e-16,6.919e-1,,7.070e-12,6.882e-18,1.933e-15,,,,,1.864e-18,,,,,,,,,,,,,,
749.73,3.435e+0,8.629e-4,2.440e-12,9.190e-27,2.161e-17,,,1.239e-18,1.897e-19,,6.990e-16,3.009e-5,4.126e-29,1.743e-17,1.962e-19,7.312e-19,5.456e-17,,,,4.050e-18,2.746e-36,1.401e-17,,5.954e-9,,,,1.969e-21,2.375e+0,3.553e-1,1.155e-28,,1.216e-21,,1.738e-16,7.036e-1,,1.023e-11,6.882e-18,1.209e-15,,,,,1.865e-18,,,,,,,,,,,,,,
749.75,3.668e+0,7.839e-4,2.833e-12,8.537e-27,2.162e-17,,,1.239e-18,1.897e-19,,6.992e-16,2.518e-5,4.126e-29,1.743e-17,1.963e-19,5.903e-19,5.458e-17,,,,4.050e-18,2.746e-36,1.401e-17,,6.058e-9,,,,1.969e-21,2.605e+0,3.523e-1,1.155e-28,,1.216e-21,,1.738e-16,7.104e-1,,1.307e-11,6.882e-18,8.822e-16,,,,,1.865e-18,,,,,,,,,,,,,,
749.78,4.050e+0,6.770e-4,3.537e-12,7.624e-27,2.162e-17,,,1.239e-18,1.897e-19,,6.995e-16,1.923e-5,4.126e-29,1.742e-17,1.965e-19,4.271e-19,5.461e-17,,,,4.051e-18,2.746e-36,1.401e-17,,6.222e-9,,,,1.968e-21,2.983e+0,3.472e-1,1.154e-28,,1.216e-21,,1.738e-16,7.188e-1,,1.882e-11,6.882e-18,5.487e-16,,,,,1.865e-18,,,,,,,,,,,,,,
749.8,4.328e+0,6.130e-4,4.093e-12,7.058e-27,2.162e-17,,,1.238e-18,1.898e-19,,6.997e-16,1.603e-5,4.127e-29,1.742e-17,1.966e-19,3.436e-19,5.463e-17,,,,4.051e-18,2.746e-36,1.401e-17,,6.338e-9,,,,1.968e-21,3.261e+0,3.435e-1,1.153e-28,,1.216e-21,,1.738e-16,7.232e-1,,2.395e-11,6.882e-18,3.991e-16,,,,,1.866e-18,,,,,,,,,,,,,,
749.83,4.782e+0,5.267e-4,5.084e-12,6.271e-27,2.163e-17,,,1.238e-18,1.898e-19,,7.000e-16,1.218e-5,4.127e-29,1.742e-17,1.968e-19,2.473e-19,5.467e-17,,,,4.052e-18,2.747e-36,1.401e-17,,6.520e-9,,,,1.968e-21,3.716e+0,3.376e-1,1.153e-28,,1.217e-21,,1.738e-16,7.280e-1,,3.431e-11,6.882e-18,2.469e-16,,,,,1.866e-18,,,,,,,,,,,,,,
749.85,5.111e+0,4.753e-4,5.864e-12,5.785e-27,2.163e-17,,,1.238e-18,1.899e-19,,7.001e-16,1.012e-5,4.127e-29,1.742e-17,1.969e-19,1.983e-19,5.469e-17,,,,4.052e-18,2.747e-36,1.400e-17,,6.649e-9,,,,1.968e-21,4.047e+0,3.334e-1,1.152e-28,,1.217e-21,,1.739e-16,7.300e-1,,4.353e-11,6.882e-18,1.790e-16,,,,,1.866e-18,,,,,,,,,,,,,,
749.88,5.647e+0,4.063e-4,7.246e-12,5.114e-27,2.164e-17,,,1.238e-18,1.899e-19,,7.004e-16,7.648e-6,4.127e-29,1.742e-17,1.971e-19,1.420e-19,5.472e-17,,,,4.053e-18,2.747e-36,1.400e-17,,6.851e-9,,,,1.967e-21,4.589e+0,3.269e-1,1.152e-28,,1.217e-21,,1.739e-16,7.311e-1,,6.204e-11,6.882e-18,1.102e-16,,,,,1.867e-18,,,,,,,,,,,,,,
749.9,6.035e+0,3.654e-4,8.330e-12,4.702e-27,2.164e-17,,,1.238e-18,1.899e-19,,7.006e-16,6.334e-6,4.127e-29,1.742e-17,1.972e-19,1.135e-19,5.474e-17,,,,4.053e-18,2.747e-36,1.400e-17,,6.992e-9,,,,1.967e-21,4.982e+0,3.224e-1,1.151e-28,,1.217e-21,,1.739e-16,7.306e-1,,7.845e-11,6.882e-18,7.960e-17,,,,,1.867e-18,,,,,,,,,,,,,,
749.93,6.664e+0,3.108e-4,1.024e-11,4.135e-27,2.164e-17,,,1.238e-18,1.900e-19,,7.009e-16,4.762e-6,4.127e-29,1.742e-17,1.974e-19,8.084e-20,5.477e-17,,,,4.054e-18,2.748e-36,1.400e-17,,7.214e-9,,,,1.967e-21,5.620e+0,3.156e-1,1.151e-28,,1.217e-21,,1.739e-16,7.280e-1,,1.112e-10,6.882e-18,4.874e-17,,,,,1.867e-18,,,,,,,,,,,,,,
749.95,7.116e+0,2.786e-4,1.173e-11,3.789e-27,2.165e-17,,,1.238e-18,1.900e-19,,7.011e-16,3.930e-6,4.128e-29,1.742e-17,1.975e-19,6.438e-20,5.479e-17,,,,4.054e-18,2.748e-36,1.400e-17,,7.369e-9,,,,1.967e-21,6.080e+0,3.111e-1,1.150e-28,,1.218e-21,,1.740e-16,7.250e-1,,1.402e-10,6.882e-18,3.509e-17,,,,,1.867e-18,,,,,,,,,,,,,,
749.98,7.847e+0,2.357e-4,1.435e-11,3.315e-27,2.165e-17,,,1.238e-18,1.901e-19,,7.014e-16,2.940e-6,4.128e-29,1.742e-17,1.977e-19,4.563e-20,5.482e-17,,,,4.055e-18,2.748e-36,1.399e-17,,7.610e-9,,,,1.966e-21,6.824e+0,3.045e-1,1.150e-28,,1.218e-21,,1.740e-16,7.188e-1,,1.978e-10,6.882e-18,2.138e-17,,,,,1.868e-18,,,,,,,,,,,,,,
750,8.371e+0,2.106e-4,1.639e-11,3.027e-27,2.166e-17,,,1.238e-18,1.901e-19,,7.015e-16,2.418e-6,4.128e-29,1.742e-17,1.978e-19,3.622e-20,5.484e-17,,,,4.055e-18,2.748e-36,1.399e-17,,7.777e-9,,,,1.966e-21,7.357e+0,3.001e-1,1.149e-28,,1.218e-21,,1.740e-16,7.134e-1,,2.484e-10,6.882e-18,1.534e-17,,,,,1.868e-18,,,,,,,,,,,,,,
750.02,8.925e+0,1.878e-4,1.869e-11,2.761e-27,2.166e-17,,,1.238e-18,1.901e-19,,7.017e-16,1.986e-6,4.128e-29,1.742e-17,1.979e-19,2.870e-20,5.487e-17,,,,4.055e-18,2.748e-36,1.399e-17,,7.948e-9,,,,1.966e-21,7.922e+0,2.960e-1,1.149e-28,,1.218e-21,,1.740e-16,7.071e-1,,3.116e-10,6.882e-18,,,,,,1.868e-18,,,,,,,,,,,,,,
750.05,9.814e+0,1.578e-4,2.269e-11,2.398e-27,2.166e-17,,,1.238e-18,1.902e-19,,7.020e-16,1.475e-6,4.128e-29,1.742e-17,1.981e-19,2.020e-20,5.490e-17,,,,4.056e-18,2.749e-36,1.399e-17,,8.213e-9,,,,1.965e-21,8.828e+0,2.900e-1,1.148e-28,,1.218e-21,,1.740e-16,6.960e-1,,4.365e-10,6.882e-18,,,,,,1.869e-18,,,,,,,,,,,,,,
750.07,1.045e+1,1.403e-4,2.579e-11,2.180e-27,2.167e-17,,,1.238e-18,1.902e-19,,7.022e-16,1.207e-6,4.128e-29,1.742e-17,1.982e-19,1.595e-20,5.492e-17,,,,4.056e-18,2.749e-36,1.399e-17,,8.394e-9,,,,1.965e-21,9.473e+0,2.864e-1,1.148e-28,,1.219e-21,,1.741e-16,6.875e-1,,5.456e-10,6.882e-18,,,,,,1.869e-18,,,,,,,,,,,,,,
750.1,1.146e+1,1.173e-4,3.116e-11,1.884e-27,2.167e-17,,,1.238e-18,1.903e-19,,7.025e-16,8.920e-7,4.128e-29,1.742e-17,1.983e-19,1.117e-20,5.495e-17,,,,4.057e-18,2.749e-36,1.399e-17,,8.673e-9,,,,1.965e-21,1.050e+1,2.814e-1,1.147e-28,,1.219e-21,,1.741e-16,6.733e-1,,7.606e-10,6.882e-18,,,,,,1.869e-18,,,,,,,,,,,,,,
750.12,1.217e+1,1.039e-4,3.530e-11,1.706e-27,2.168e-17,,,1.238e-18,1.903e-19,,7.027e-16,7.277e-7,4.129e-29,1.742e-17,1.985e-19,8.793e-21,5.497e-17,,,,4.057e-18,2.749e-36,1.398e-17,,8.862e-9,,,,1.965e-21,1.123e+1,2.785e-1,1.147e-28,,1.219e-21,,1.741e-16,6.629e-1,,9.475e-10,6.882e-18,,,,,,1.869e-18,,,,,,,,,,,,,,
750.15,1.331e+1,8.644e-5,4.244e-11,1.467e-27,2.168e-17,,,1.238e-18,1.903e-19,,7.029e-16,5.349e-7,4.129e-29,1.742e-17,1.986e-19,6.125e-21,5.500e-17,,,,4.058e-18,2.750e-36,1.398e-17,,9.150e-9,,,,1.964e-21,1.239e+1,2.749e-1,1.146e-28,,1.219e-21,,1.741e-16,6.458e-1,,1.314e-9,6.882e-18,,,,,,1.870e-18,,,,,,,,,,,,,,
750.17,1.411e+1,7.633e-5,4.790e-11,1.324e-27,2.168e-17,,,1.238e-18,1.904e-19,,7.031e-16,4.349e-7,4.129e-29,1.742e-17,1.987e-19,4.805e-21,5.502e-17,,,,4.058e-18,2.750e-36,1.398e-17,,9.344e-9,,,,1.964e-21,1.321e+1,2.729e-1,1.146e-28,,1.219e-21,,1.742e-16,6.336e-1,,1.632e-9,6.882e-18,,,,,,1.870e-18,,,,,,,,,,,,,,
750.2,1.538e+1,6.316e-5,5.730e-11,1.133e-27,2.169e-17,,,1.238e-18,1.904e-19,,7.034e-16,3.180e-7,6.751e-29,1.742e-17,1.989e-19,3.330e-21,5.506e-17,,,,4.059e-18,2.750e-36,1.398e-17,,9.637e-9,,,,1.964e-21,1.450e+1,2.709e-1,1.145e-28,,1.220e-21,,1.742e-16,6.142e-1,,2.252e-9,6.882e-18,,,,,,1.870e-18,,,,,,,,,,,,,,
750.22,1.627e+1,5.558e-5,6.446e-11,1.019e-27,2.169e-17,,,1.238e-18,1.905e-19,,7.036e-16,2.576e-7,9.354e-29,1.742e-17,1.990e-19,2.603e-21,5.508e-17,,,,4.059e-18,2.750e-36,1.398e-17,,9.833e-9,,,,1.963e-21,1.540e+1,2.702e-1,1.145e-28,,1.220e-21,,1.742e-16,6.006e-1,,2.786e-9,6.882e-18,,,,,,1.871e-18,,,,,,,,,,,,,,
750.25,1.766e+1,4.576e-5,7.671e-11,8.673e-28,2.170e-17,,,1.237e-18,1.905e-19,,7.039e-16,1.874e-7,1.522e-28,1.742e-17,1.992e-19,1.795e-21,5.511e-17,,,,4.060e-18,2.750e-36,1.398e-17,,1.013e-8,,,,1.963e-21,1.681e+1,2.701e-1,1.144e-28,,1.220e-21,,1.742e-16,5.792e-1,,3.825e-9,6.882e-18,,,,,,1.871e-18,,,,,,,,,,,,,,
750.27,1.863e+1,4.013e-5,8.601e-11,7.776e-28,2.170e-17,,,1.237e-18,1.905e-19,,7.041e-16,1.513e-7,2.102e-28,1.742e-17,1.993e-19,1.398e-21,5.513e-17,,,,4.060e-18,2.751e-36,1.397e-17,,1.032e-8,,,,1.963e-21,1.780e+1,2.707e-1,1.144e-28,,1.220e-21,,1.742e-16,5.644e-1,,4.717e-9,6.882e-18,,,,,,1.871e-18,,,,,,,,,,,,,,
750.3,2.015e+1,3.288e-5,1.018e-10,6.584e-28,2.171e-17,,,1.237e-18,1.906e-19,,7.043e-16,1.095e-7,3.402e-28,1.742e-17,1.995e-19,9.592e-22,5.516e-17,,,,4.061e-18,2.751e-36,1.397e-17,,1.060e-8,,,,1.962e-21,1.934e+1,2.728e-1,1.143e-28,,1.221e-21,,1.743e-16,5.416e-1,,6.444e-9,6.882e-18,,,,,,1.872e-18,,,,,,,,,,,,,,
750.32,2.120e+1,2.873e-5,1.138e-10,5.883e-28,2.171e-17,,,1.237e-18,1.906e-19,,7.045e-16,8.814e-8,4.682e-28,1.742e-17,1.996e-19,7.448e-22,5.518e-17,,,,4.061e-18,2.751e-36,1.397e-17,,1.079e-8,,,,1.962e-21,2.040e+1,2.749e-1,1.143e-28,,1.221e-21,,1.743e-16,5.260e-1,,7.921e-9,6.882e-18,,,,,,1.872e-18,,,,,,,,,,,,,,
750.35,2.284e+1,2.342e-5,1.341e-10,4.956e-28,2.171e-17,,,1.237e-18,1.907e-19,,7.048e-16,6.346e-8,7.542e-28,1.742e-17,1.998e-19,5.083e-22,5.521e-17,,,,4.062e-18,2.751e-36,1.397e-17,,1.106e-8,,,,1.962e-21,2.205e+1,2.793e-1,1.142e-28,,1.221e-21,,1.743e-16,5.021e-1,,1.077e-8,6.882e-18,,,,,,1.872e-18,,,,,,,,,,,,,,
750.37,2.396e+1,2.040e-5,1.493e-10,4.413e-28,2.172e-17,,,1.237e-18,1.907e-19,,7.050e-16,5.090e-8,1.034e-27,1.742e-17,1.999e-19,3.933e-22,5.523e-17,,,,4.062e-18,2.752e-36,1.397e-17,,1.124e-8,,,,1.962e-21,2.319e+1,2.830e-1,1.142e-28,,1.221e-21,,1.743e-16,4.860e-1,,1.319e-8,6.882e-18,,,,,,1.872e-18,,,,,,,,,,,,,,
750.39,2.511e+1,1.774e-5,1.660e-10,3.924e-28,2.172e-17,,,1.237e-18,1.907e-19,,7.052e-16,4.076e-8,1.417e-27,1.742e-17,2.000e-19,3.039e-22,5.526e-17,,,,4.062e-18,2.752e-36,1.397e-17,,1.140e-8,,,,1.961e-21,2.435e+1,2.874e-1,1.141e-28,,1.221e-21,,1.743e-16,4.697e-1,,1.613e-8,6.882e-18,,,,,,1.873e-18,,,,,,,,,,,,,,
750.42,2.687e+1,1.436e-5,1.942e-10,3.282e-28,2.172e-17,,,1.237e-18,1.908e-19,,7.055e-16,2.914e-8,2.266e-27,1.742e-17,2.002e-19,2.059e-22,5.529e-17,,,,4.063e-18,2.752e-36,1.396e-17,,1.165e-8,,,,1.961e-21,2.613e+1,2.952e-1,1.140e-28,,1.222e-21,,1.744e-16,4.452e-1,,2.177e-8,6.882e-18,,,,,,1.873e-18,,,,,,,,,,,,,,
750.44,2.808e+1,1.245e-5,2.152e-10,2.908e-28,2.173e-17,,,1.237e-18,1.908e-19,,7.056e-16,2.326e-8,3.094e-27,1.742e-17,2.003e-19,1.586e-22,5.531e-17,,,,4.063e-18,2.752e-36,1.396e-17,,1.180e-8,,,,1.961e-21,2.735e+1,3.012e-1,1.140e-28,,1.222e-21,,1.744e-16,4.288e-1,,2.654e-8,6.882e-18,,,,,,1.873e-18,,,,,,,,,,,,,,
750.47,2.992e+1,1.002e-5,2.505e-10,2.420e-28,2.173e-17,,,1.237e-18,1.909e-19,,7.059e-16,1.654e-8,4.924e-27,1.742e-17,2.004e-19,1.069e-22,5.534e-17,,,,4.064e-18,2.752e-36,1.396e-17,,1.201e-8,,,,1.960e-21,2.920e+1,3.116e-1,1.139e-28,,1.222e-21,,1.744e-16,4.044e-1,,3.564e-8,6.882e-18,,,,,,1.874e-18,,,,,,,,,,,,,,
750.49,3.116e+1,8.656e-6,2.767e-10,2.137e-28,2.174e-17,,,1.237e-18,1.909e-19,,7.061e-16,1.316e-8,6.700e-27,1.742e-17,2.006e-19,8.204e-23,5.536e-17,,,,4.064e-18,2.753e-36,1.396e-17,,1.214e-8,,,,1.960e-21,3.046e+1,3.193e-1,1.139e-28,,1.222e-21,,1.744e-16,3.882e-1,,4.331e-8,6.882e-18,,,,,,1.874e-18,,,,,,,,,,,,,,
750.52,3.305e+1,6.933e-6,3.204e-10,1.769e-28,2.174e-17,,,1.237e-18,1.909e-19,,7.064e-16,9.308e-9,1.061e-26,1.742e-17,2.007e-19,5.502e-23,5.539e-17,,,,4.065e-18,2.753e-36,1.396e-17,,1.231e-8,,,,1.960e-21,3.236e+1,3.320e-1,1.138e-28,,1.222e-21,,1.745e-16,3.642e-1,,5.786e-8,6.882e-18,,,,,,1.874e-18,,,,,,,,,,,,,,
750.54,3.432e+1,5.969e-6,3.527e-10,1.557e-28,2.174e-17,,,1.237e-18,1.910e-19,,7.066e-16,7.378e-9,1.439e-26,1.742e-17,2.008e-19,4.208e-23,5.541e-17,,,,4.065e-18,2.753e-36,1.396e-17,,1.242e-8,,,,1.960e-21,3.363e+1,3.413e-1,1.138e-28,,1.222e-21,,1.745e-16,3.485e-1,,7.007e-8,6.882e-18,,,,,,1.875e-18,,,,,,,,,,,,,,
750.57,3.623e+1,4.757e-6,4.064e-10,1.283e-28,2.175e-17,,,1.237e-18,1.910e-19,,7.069e-16,5.194e-9,2.266e-26,1.741e-17,2.010e-19,2.808e-23,5.545e-17,,,,4.066e-18,2.753e-36,1.395e-17,,1.255e-8,,,,1.959e-21,3.555e+1,3.564e-1,1.137e-28,,1.223e-21,,1.745e-16,3.253e-1,,9.314e-8,6.882e-18,,,,,,1.875e-18,,,,,,,,,,,,,,
750.59,3.750e+1,4.081e-6,4.459e-10,1.125e-28,2.175e-17,,,1.237e-18,1.911e-19,,7.071e-16,4.103e-9,3.063e-26,1.741e-17,2.011e-19,2.140e-23,5.547e-17,,,,4.066e-18,2.754e-36,1.395e-17,,1.263e-8,,,,1.959e-21,3.683e+1,3.672e-1,1.137e-28,,1.223e-21,,1.745e-16,3.102e-1,,1.124e-7,6.882e-18,,,,,,1.875e-18,,,,,,,,,,,,,,
750.62,3.940e+1,3.236e-6,5.111e-10,9.220e-29,2.176e-17,,,1.237e-18,1.911e-19,,7.073e-16,2.873e-9,4.801e-26,1.741e-17,2.013e-19,1.421e-23,5.550e-17,,,,4.066e-18,2.754e-36,1.395e-17,,1.272e-8,,,,1.959e-21,3.873e+1,3.844e-1,1.136e-28,,1.223e-21,,1.746e-16,2.880e-1,,1.487e-7,6.882e-18,,,,,,1.876e-18,,,,,,,,,,,,,,
750.64,4.065e+1,2.767e-6,5.588e-10,8.060e-29,2.176e-17,,,1.237e-18,1.911e-19,,7.075e-16,2.262e-9,6.468e-26,1.741e-17,2.014e-19,1.079e-23,5.552e-17,,,,4.067e-18,2.754e-36,1.395e-17,,1.276e-8,,,,1.959e-21,3.998e+1,3.965e-1,1.136e-28,,1.223e-21,,1.746e-16,2.737e-1,,1.788e-7,6.882e-18,,,,,,1.876e-18,,,,,,,,,,,,,,
750.67,4.250e+1,2.183e-6,6.373e-10,6.571e-29,2.177e-17,,,1.236e-18,1.912e-19,,7.078e-16,1.576e-9,1.009e-25,1.741e-17,2.016e-19,7.127e-24,5.555e-17,,,,4.067e-18,2.754e-36,1.395e-17,,1.280e-8,,,,1.958e-21,4.183e+1,4.156e-1,1.135e-28,,1.224e-21,,1.746e-16,2.529e-1,,2.353e-7,6.882e-18,,,,,,1.876e-18,,,,,,,,,,,,,,
750.69,4.371e+1,1.860e-6,6.945e-10,5.724e-29,2.177e-17,,,1.236e-18,1.912e-19,,7.080e-16,1.236e-9,1.354e-25,1.741e-17,2.017e-19,5.395e-24,5.557e-17,,,,4.068e-18,2.754e-36,1.395e-17,,1.282e-8,,,,1.958e-21,4.304e+1,4.288e-1,1.135e-28,,1.224e-21,,1.746e-16,2.395e-1,,2.821e-7,6.882e-18,,,,,,1.876e-18,,,,,,,,,,,,,,
750.72,4.548e+1,1.460e-6,7.881e-10,4.643e-29,2.177e-17,,,1.236e-18,1.913e-19,,7.083e-16,8.571e-10,2.102e-25,1.741e-17,2.019e-19,3.545e-24,5.560e-17,,,,4.068e-18,2.755e-36,1.394e-17,,1.281e-8,,,,1.958e-21,4.481e+1,4.493e-1,1.134e-28,,1.224e-21,,1.746e-16,2.202e-1,,3.694e-7,6.882e-18,,,,,,1.877e-18,,,,,,,,,,,,,,
750.74,4.662e+1,1.240e-6,8.559e-10,4.031e-29,2.178e-17,,,1.236e-18,1.913e-19,,7.085e-16,6.701e-10,2.812e-25,1.741e-17,2.020e-19,2.674e-24,5.563e-17,,,,4.069e-18,2.755e-36,1.394e-17,,1.279e-8,,,,1.957e-21,4.594e+1,4.633e-1,1.134e-28,,1.224e-21,,1.747e-16,2.078e-1,,4.413e-7,6.882e-18,,,,,,1.877e-18,,,,,,,,,,,,,,
750.76,4.772e+1,1.051e-6,9.283e-10,3.495e-29,2.178e-17,,,1.236e-18,1.913e-19,,7.086e-16,5.232e-10,3.758e-25,1.741e-17,2.021e-19,2.015e-24,5.565e-17,,,,4.069e-18,2.755e-36,1.394e-17,,1.275e-8,,,,1.957e-21,4.705e+1,4.777e-1,1.133e-28,,1.224e-21,,1.747e-16,1.958e-1,,5.266e-7,6.882e-18,,,,,,1.877e-18,,,,,,,,,,,,,,
750.79,4.931e+1,8.192e-7,1.046e-9,2.815e-29,2.179e-17,,,1.236e-18,1.914e-19,,7.089e-16,3.601e-10,5.790e-25,1.741e-17,2.023e-19,1.314e-24,5.568e-17,,,,4.070e-18,2.755e-36,1.394e-17,,1.268e-8,,,,1.957e-21,4.863e+1,4.995e-1,1.133e-28,,1.225e-21,,1.747e-16,1.787e-1,,6.845e-7,6.882e-18,,,,,,1.878e-18,,,,,,,,,,,,,,
750.81,5.031e+1,6.925e-7,1.131e-9,2.432e-29,2.179e-17,,,1.236e-18,1.914e-19,,7.091e-16,2.802e-10,7.711e-25,1.741e-17,2.024e-19,9.868e-25,5.570e-17,,,,4.070e-18,2.755e-36,1.394e-17,,1.261e-8,,,,1.957e-21,4.963e+1,5.143e-1,1.132e-28,,1.225e-21,,1.747e-16,1.679e-1,,8.140e-7,6.882e-18,,,,,,1.878e-18,,,,,,,,,,,,,,
750.84,5.173e+1,5.368e-7,1.267e-9,1.948e-29,2.179e-17,,,1.236e-18,1.915e-19,,7.094e-16,1.918e-10,1.182e-24,1.741e-17,2.026e-19,6.404e-25,5.573e-17,,,,4.071e-18,2.756e-36,1.393e-17,,1.248e-8,,,,1.956e-21,5.104e+1,5.366e-1,1.132e-28,,1.225e-21,,1.748e-16,1.525e-1,,1.053e-6,6.882e-18,,,,,,1.878e-18,,,,,,,,,,,,,,
750.86,5.260e+1,4.522e-7,1.365e-9,1.678e-29,2.180e-17,,,1.236e-18,1.915e-19,,7.096e-16,1.488e-10,1.569e-24,1.741e-17,2.027e-19,4.792e-25,5.575e-17,,,,4.071e-18,2.756e-36,1.393e-17,,1.239e-8,,,,1.956e-21,5.191e+1,5.514e-1,1.131e-28,,1.225e-21,,1.748e-16,1.427e-1,,1.248e-6,6.882e-18,,,,,,1.878e-18,,,,,,,,,,,,,,
750.89,5.381e+1,3.487e-7,1.523e-9,1.337e-29,2.180e-17,,,1.236e-18,1.915e-19,,7.099e-16,1.013e-10,2.394e-24,1.741e-17,2.028e-19,3.094e-25,5.578e-17,,,,4.071e-18,2.756e-36,1.393e-17,,1.222e-8,,,,1.956e-21,5.311e+1,5.735e-1,1.131e-28,,1.225e-21,,1.748e-16,1.289e-1,,1.606e-6,6.882e-18,,,,,,1.879e-18,,,,,,,,,,,,,,
750.91,5.455e+1,2.928e-7,1.635e-9,1.148e-29,2.180e-17,,,1.236e-18,1.916e-19,,7.100e-16,7.831e-11,3.167e-24,1.741e-17,2.030e-19,2.307e-25,5.580e-17,,,,4.072e-18,2.756e-36,1.393e-17,,1.209e-8,,,,1.955e-21,5.384e+1,5.881e-1,1.130e-28,,1.226e-21,,1.748e-16,1.203e-1,,1.897e-6,6.882e-18,,,,,,1.879e-18,,,,,,,,,,,,,,
750.94,5.552e+1,2.246e-7,1.814e-9,9.102e-30,2.181e-17,,,1.236e-18,1.916e-19,,7.103e-16,5.307e-11,4.806e-24,1.741e-17,2.031e-19,1.482e-25,5.584e-17,,,,4.072e-18,2.757e-36,1.393e-17,,1.188e-8,,,,1.955e-21,5.480e+1,6.096e-1,1.130e-28,,1.226e-21,,1.748e-16,1.081e-1,,2.429e-6,6.882e-18,,,,,,1.879e-18,,,,,,,,,,,,,,
750.96,5.609e+1,1.879e-7,1.941e-9,7.785e-30,2.181e-17,,,1.236e-18,1.917e-19,,7.105e-16,4.087e-11,6.337e-24,1.741e-17,2.032e-19,1.101e-25,5.586e-17,,,,4.073e-18,2.757e-36,1.393e-17,,1.173e-8,,,,1.955e-21,5.536e+1,6.236e-1,1.129e-28,,1.226e-21,,1.749e-16,1.005e-1,,2.859e-6,6.882e-18,,,,,,1.880e-18,,,,,,,,,,,,,,
750.99,5.681e+1,1.435e-7,2.143e-9,6.142e-30,2.182e-17,,,1.236e-18,1.917e-19,,7.108e-16,2.755e-11,9.569e-24,1.741e-17,2.034e-19,7.037e-26,5.589e-17,,,,4.073e-18,2.757e-36,1.392e-17,,1.148e-8,,,,1.954e-21,5.607e+1,6.439e-1,1.129e-28,,1.226e-21,,1.749e-16,8.991e-2,,3.643e-6,6.882e-18,,,,,,1.880e-18,,,,,,,,,,,,,,
751.01,5.719e+1,1.196e-7,2.285e-9,5.235e-30,2.182e-17,,,1.236e-18,1.917e-19,,7.110e-16,2.115e-11,1.257e-23,1.741e-17,2.035e-19,5.212e-26,5.591e-17,,,,4.074e-18,2.757e-36,1.392e-17,,1.130e-8,,,,1.954e-21,5.645e+1,6.569e-1,1.128e-28,,1.226e-21,,1.749e-16,8.331e-2,,4.274e-6,6.882e-18,,,,,,1.880e-18,,,,,,,,,,,,,,
751.04,5.764e+1,9.084e-8,2.510e-9,4.109e-30,2.183e-17,,,1.236e-18,1.918e-19,,7.113e-16,1.418e-11,1.889e-23,1.741e-17,2.037e-19,3.314e-26,5.594e-17,,,,4.074e-18,2.758e-36,1.392e-17,,1.103e-8,,,,1.954e-21,5.689e+1,6.754e-1,1.128e-28,,1.227e-21,,1.749e-16,7.412e-2,,5.417e-6,6.882e-18,,,,,,1.881e-18,,,,,,,,,,,,,,
751.06,5.784e+1,7.548e-8,2.668e-9,3.491e-30,2.183e-17,,,1.236e-18,1.918e-19,,7.114e-16,1.085e-11,2.474e-23,1.741e-17,2.038e-19,2.445e-26,5.596e-17,,,,4.075e-18,2.758e-36,1.392e-17,,1.083e-8,,,,1.954e-21,5.708e+1,6.871e-1,1.127e-28,,1.227e-21,,1.749e-16,6.845e-2,,6.334e-6,6.882e-18,,,,,,1.881e-18,,,,,,,,,,,,,,
751.09,5.799e+1,5.703e-8,2.915e-9,2.726e-30,2.183e-17,,,1.236e-18,1.919e-19,,7.117e-16,7.240e-12,3.699e-23,1.741e-17,2.040e-19,1.547e-26,5.599e-17,,,,4.075e-18,2.758e-36,1.392e-17,,1.053e-8,,,,1.953e-21,5.723e+1,7.035e-1,1.126e-28,,1.227e-21,,1.750e-16,6.059e-2,,7.989e-6,6.882e-18,,,,,,1.881e-18,,,,,,,,,,,,,,
751.11,5.799e+1,4.723e-8,3.088e-9,2.308e-30,2.184e-17,,,1.235e-18,1.919e-19,,7.119e-16,5.519e-12,4.829e-23,1.741e-17,2.041e-19,1.137e-26,5.602e-17,,,,4.075e-18,2.758e-36,1.392e-17,,1.032e-8,,,,1.953e-21,5.723e+1,7.136e-1,1.126e-28,,1.227e-21,,1.750e-16,5.576e-2,,9.310e-6,6.882e-18,,,,,,1.881e-18,,,,,,,,,,,,,,
751.14,5.786e+1,3.550e-8,3.358e-9,1.793e-30,2.184e-17,,,1.235e-18,1.920e-19,,7.122e-16,3.664e-12,7.183e-23,1.741e-17,2.043e-19,7.148e-27,5.605e-17,,,,4.076e-18,2.758e-36,1.391e-17,,1.000e-8,,,,1.953e-21,5.708e+1,7.273e-1,1.125e-28,,1.227e-21,,1.750e-16,4.911e-2,,1.168e-5,6.882e-18,,,,,,1.882e-18,,,,,,,,,,,,,,
751.16,5.767e+1,2.930e-8,3.544e-9,1.513e-30,2.185e-17,,,1.235e-18,1.920e-19,,7.124e-16,2.784e-12,9.344e-23,1.741e-17,2.044e-19,5.240e-27,5.607e-17,,,,4.076e-18,2.759e-36,1.391e-17,,9.782e-9,,,,1.952e-21,5.689e+1,7.355e-1,1.125e-28,,1.228e-21,,1.750e-16,4.504e-2,,1.357e-5,6.882e-18,,,,,,1.882e-18,,,,,,,,,,,,,,
751.18,5.740e+1,2.415e-8,3.736e-9,1.275e-30,2.185e-17,,,1.235e-18,1.920e-19,,7.126e-16,2.112e-12,1.214e-22,1.741e-17,2.045e-19,3.836e-27,5.609e-17,,,,4.077e-18,2.759e-36,1.391e-17,,9.559e-9,,,,1.952e-21,5.662e+1,7.428e-1,1.125e-28,,1.228e-21,,1.751e-16,4.126e-2,,1.574e-5,6.882e-18,,,,,,1.882e-18,,,,,,,,,,,,,,
751.21,5.686e+1,1.802e-8,4.034e-9,9.832e-31,2.185e-17,,,1.235e-18,1.921e-19,,7.128e-16,1.392e-12,1.793e-22,1.741e-17,2.047e-19,2.397e-27,5.612e-17,,,,4.077e-18,2.759e-36,1.391e-17,,9.222e-9,,,,1.952e-21,5.607e+1,7.522e-1,1.124e-28,,1.228e-21,,1.751e-16,3.608e-2,,1.961e-5,6.882e-18,,,,,,1.883e-18,,,,,,,,,,,,,,
751.23,5.641e+1,1.480e-8,4.238e-9,8.256e-31,2.186e-17,,,1.235e-18,1.921e-19,,7.130e-16,1.052e-12,2.322e-22,1.741e-17,2.048e-19,1.749e-27,5.614e-17,,,,4.078e-18,2.759e-36,1.391e-17,,8.994e-9,,,,1.952e-21,5.562e+1,7.574e-1,1.124e-28,,1.228e-21,,1.751e-16,3.293e-2,,2.267e-5,6.882e-18,,,,,,1.883e-18,,,,,,,,,,,,,,
751.26,5.560e+1,1.099e-8,4.553e-9,6.336e-31,2.186e-17,,,1.235e-18,1.921e-19,,7.133e-16,6.900e-13,3.412e-22,1.741e-17,2.049e-19,1.087e-27,5.617e-17,,,,4.078e-18,2.760e-36,1.391e-17,,8.652e-9,,,,1.951e-21,5.480e+1,7.635e-1,1.123e-28,,1.228e-21,,1.751e-16,2.865e-2,,2.810e-5,6.882e-18,,,,,,1.883e-18,,,,,,,,,,,,,,
751.28,5.497e+1,8.998e-9,4.767e-9,5.302e-31,2.187e-17,,,1.235e-18,1.922e-19,,7.135e-16,5.199e-13,4.403e-22,1.741e-17,2.051e-19,7.903e-28,5.619e-17,,,,4.079e-18,2.760e-36,1.390e-17,,8.423e-9,,,,1.951e-21,5.418e+1,7.663e-1,1.122e-28,,1.229e-21,,1.751e-16,2.607e-2,,3.237e-5,6.882e-18,,,,,,1.884e-18,,,,,,,,,,,,,,
751.31,5.390e+1,6.647e-9,5.095e-9,4.048e-31,2.187e-17,,,1.235e-18,1.922e-19,,7.138e-16,3.392e-13,6.438e-22,1.741e-17,2.052e-19,4.887e-28,5.623e-17,,,,4.079e-18,2.760e-36,1.390e-17,,8.080e-9,,,,1.951e-21,5.311e+1,7.689e-1,1.122e-28,,1.229e-21,,1.752e-16,2.256e-2,,3.993e-5,6.882e-18,,,,,,1.884e-18,,,,,,,,,,,,,,
751.33,5.312e+1,5.423e-9,5.317e-9,3.376e-31,2.187e-17,,,1.235e-18,1.923e-19,,7.140e-16,2.547e-13,8.280e-22,1.741e-17,2.053e-19,3.541e-28,5.625e-17,,,,4.080e-18,2.760e-36,1.390e-17,,7.853e-9,,,,1.951e-21,5.233e+1,7.693e-1,1.121e-28,,1.229e-21,,1.752e-16,2.046e-2,,4.585e-5,6.882e-18,,,,,,1.884e-18,,,,,,,,,,,,,,
751.36,5.182e+1,3.986e-9,5.653e-9,2.564e-31,2.188e-17,,,1.235e-18,1.923e-19,,7.142e-16,1.653e-13,1.205e-21,1.741e-17,2.055e-19,2.178e-28,5.628e-17,,,,4.080e-18,2.760e-36,1.390e-17,,7.515e-9,,,,1.950e-21,5.104e+1,7.683e-1,1.121e-28,,1.229e-21,,1.752e-16,1.761e-2,,5.626e-5,6.882e-18,,,,,,1.885e-18,,,,,,,,,,,,,,
751.38,5.089e+1,3.240e-9,5.880e-9,2.131e-31,2.188e-17,,,1.235e-18,1.923e-19,,7.144e-16,1.237e-13,1.544e-21,1.740e-17,2.056e-19,1.573e-28,5.630e-17,,,,4.080e-18,2.761e-36,1.390e-17,,7.292e-9,,,,1.950e-21,5.011e+1,7.663e-1,1.120e-28,,1.229e-21,,1.752e-16,1.592e-2,,6.438e-5,6.882e-18,,,,,,1.885e-18,,,,,,,,,,,,,,
751.41,4.941e+1,2.369e-9,6.220e-9,1.611e-31,2.189e-17,,,1.235e-18,1.924e-19,,7.147e-16,7.986e-14,2.235e-21,1.740e-17,2.058e-19,9.628e-29,5.633e-17,,,,4.081e-18,2.761e-36,1.389e-17,,6.962e-9,,,,1.950e-21,4.863e+1,7.617e-1,1.120e-28,,1.230e-21,,1.753e-16,1.364e-2,,7.862e-5,6.882e-18,,,,,,1.885e-18,,,,,,,,,,,,,,
751.43,4.836e+1,1.920e-9,6.447e-9,1.334e-31,2.189e-17,,,1.235e-18,1.924e-19,,7.149e-16,5.956e-14,2.856e-21,1.740e-17,2.059e-19,6.502e-29,5.635e-17,,,,4.081e-18,2.761e-36,1.389e-17,,6.745e-9,,,,1.949e-21,4.759e+1,7.575e-1,1.119e-28,,1.230e-21,,1.753e-16,1.228e-2,,8.966e-5,6.882e-18,,,,,,1.885e-18,,,,,,,,,,,,,,
751.46,4.670e+1,1.396e-9,6.786e-9,1.003e-31,2.189e-17,,,1.235e-18,1.925e-19,,7.152e-16,3.826e-14,4.114e-21,1.740e-17,2.061e-19,3.961e-29,5.638e-17,,,,4.082e-18,2.761e-36,1.389e-17,,6.427e-9,,,,1.949e-21,4.594e+1,7.494e-1,1.119e-28,,1.230e-21,,1.753e-16,1.047e-2,,1.089e-4,6.882e-18,,,,,,1.886e-18,,,,,,,,,,,,,,
751.48,4.556e+1,1.128e-9,7.011e-9,8.281e-32,2.190e-17,,,1.235e-18,1.925e-19,,7.154e-16,2.844e-14,5.238e-21,1.740e-17,2.062e-19,2.841e-29,5.641e-17,,,,4.082e-18,2.762e-36,1.389e-17,,6.219e-9,,,,1.949e-21,4.481e+1,7.430e-1,1.118e-28,,1.230e-21,,1.753e-16,9.394e-3,,1.238e-4,6.882e-18,,,,,,1.886e-18,,,,,,,,,,,,,,
751.51,4.378e+1,8.161e-10,7.342e-9,6.194e-32,2.190e-17,,,1.235e-18,1.926e-19,,7.156e-16,1.817e-14,7.506e-21,1.740e-17,2.064e-19,2.830e-29,5.644e-17,,,,4.083e-18,2.762e-36,1.389e-17,,5.914e-9,,,,1.948e-21,4.304e+1,7.318e-1,1.118e-28,,1.230e-21,,1.754e-16,7.966e-3,,1.497e-4,6.882e-18,,,,,,1.886e-18,,,,,,,,,,,,,,
751.53,4.256e+1,6.567e-10,7.559e-9,5.096e-32,2.191e-17,,,1.234e-18,1.926e-19,,7.158e-16,1.346e-14,9.525e-21,1.740e-17,2.065e-19,2.822e-29,5.646e-17,,,,4.083e-18,2.762e-36,1.389e-17,,5.715e-9,,,,1.948e-21,4.183e+1,7.233e-1,1.117e-28,,1.231e-21,,1.754e-16,7.125e-3,,1.695e-4,6.882e-18,,,,,,1.887e-18,,,,,,,,,,,,,,
751.55,4.132e+1,5.278e-10,7.771e-9,4.186e-32,2.191e-17,,,1.234e-18,1.926e-19,,7.160e-16,9.956e-15,1.207e-20,1.740e-17,2.066e-19,2.814e-29,5.648e-17,,,,4.084e-18,2.762e-36,1.388e-17,,5.521e-9,,,,1.948e-21,4.060e+1,7.141e-1,1.117e-28,,1.231e-21,,1.754e-16,6.364e-3,,1.918e-4,6.882e-18,,,,,,1.887e-18,,,,,,,,,,,,,,
751.58,3.943e+1,3.792e-10,8.081e-9,3.109e-32,2.191e-17,,,1.234e-18,1.927e-19,,7.163e-16,6.317e-15,1.718e-20,1.740e-17,2.068e-19,2.802e-29,5.651e-17,,,,4.084e-18,2.762e-36,1.388e-17,,5.237e-9,,,,1.948e-21,3.873e+1,6.990e-1,1.116e-28,,1.231e-21,,1.754e-16,5.359e-3,,2.302e-4,6.882e-18,,,,,,1.887e-18,,,,,,,,,,,,,,
751.6,3.815e+1,3.037e-10,8.280e-9,2.546e-32,2.192e-17,,,1.234e-18,1.927e-19,,7.165e-16,4.656e-15,2.170e-20,1.740e-17,2.069e-19,2.795e-29,5.653e-17,,,,4.085e-18,2.763e-36,1.388e-17,,5.054e-9,,,,1.947e-21,3.746e+1,6.881e-1,1.116e-28,,1.231e-21,,1.754e-16,4.770e-3,,2.595e-4,6.882e-18,,,,,,1.887e-18,,,,,,,,,,,,,,
751.63,3.622e+1,2.171e-10,8.567e-9,1.881e-32,2.192e-17,,,1.234e-18,1.927e-19,,7.168e-16,2.939e-15,3.072e-20,1.740e-17,2.071e-19,2.783e-29,5.656e-17,,,,4.085e-18,2.763e-36,1.388e-17,,4.786e-9,,,,1.947e-21,3.555e+1,6.707e-1,1.115e-28,,1.231e-21,,1.755e-16,3.996e-3,,3.099e-4,6.881e-18,,,,,,1.888e-18,,,,,,,,,,,,,,
751.65,3.493e+1,1.733e-10,8.748e-9,1.535e-32,2.193e-17,,,1.234e-18,1.928e-19,,7.170e-16,2.159e-15,3.867e-20,1.740e-17,2.072e-19,2.775e-29,5.658e-17,,,,4.085e-18,2.763e-36,1.388e-17,,4.614e-9,,,,1.947e-21,3.427e+1,6.584e-1,1.115e-28,,1.232e-21,,1.755e-16,3.545e-3,,3.483e-4,6.881e-18,,,,,,1.888e-18,,,,,,,,,,,,,,
751.68,3.300e+1,1.233e-10,9.005e-9,1.128e-32,2.193e-17,,,1.234e-18,1.928e-19,,7.172e-16,1.356e-15,5.448e-20,1.740e-17,2.073e-19,2.764e-29,5.662e-17,,,,4.086e-18,2.763e-36,1.388e-17,,4.363e-9,,,,1.946e-21,3.236e+1,6.390e-1,1.114e-28,,1.232e-21,,1.755e-16,2.955e-3,,4.138e-4,6.881e-18,,,,,,1.888e-18,,,,,,,,,,,,,,
751.7,3.172e+1,9.805e-11,9.165e-9,9.175e-33,2.193e-17,,,1.234e-18,1.929e-19,,7.174e-16,9.927e-16,6.835e-20,1.740e-17,2.075e-19,2.756e-29,5.664e-17,,,,4.086e-18,2.763e-36,1.387e-17,,4.201e-9,,,,1.946e-21,3.109e+1,6.256e-1,1.114e-28,,1.232e-21,,1.755e-16,2.612e-3,,4.634e-4,6.881e-18,,,,,,1.889e-18,,,,,,,,,,,,,,
751.73,2.981e+1,6.938e-11,9.386e-9,6.710e-33,2.194e-17,,,1.234e-18,1.929e-19,,7.177e-16,6.202e-16,9.581e-20,1.740e-17,2.076e-19,2.744e-29,5.667e-17,,,,4.087e-18,2.764e-36,1.387e-17,,3.967e-9,,,,1.946e-21,2.920e+1,6.048e-1,1.113e-28,,1.232e-21,,1.756e-16,2.166e-3,,5.478e-4,6.881e-18,,,,,,1.889e-18,,,,,,,,,,,,,,
751.75,2.856e+1,5.500e-11,9.520e-9,5.438e-33,2.194e-17,,,1.234e-18,1.929e-19,,7.179e-16,4.525e-16,1.198e-19,1.740e-17,2.077e-19,2.737e-29,5.669e-17,,,,4.087e-18,2.764e-36,1.387e-17,,3.816e-9,,,,1.946e-21,2.796e+1,5.906e-1,1.113e-28,,1.232e-21,,1.756e-16,1.909e-3,,6.115e-4,6.881e-18,,,,,,1.889e-18,,,,,,,,,,,,,,
751.78,2.670e+1,3.872e-11,9.701e-9,3.957e-33,2.195e-17,,,1.234e-18,1.930e-19,,7.182e-16,2.813e-16,1.671e-19,1.740e-17,2.079e-19,2.725e-29,5.672e-17,,,,4.088e-18,2.764e-36,1.387e-17,,3.598e-9,,,,1.945e-21,2.613e+1,5.689e-1,1.112e-28,,1.233e-21,,1.756e-16,1.575e-3,,7.192e-4,6.881e-18,,,,,,1.890e-18,,,,,,,,,,,,,,
751.8,2.549e+1,3.059e-11,9.806e-9,3.196e-33,2.195e-17,,,1.234e-18,1.930e-19,,7.184e-16,2.045e-16,2.082e-19,1.740e-17,2.080e-19,2.717e-29,5.674e-17,,,,4.088e-18,2.764e-36,1.387e-17,,3.458e-9,,,,1.945e-21,2.494e+1,5.542e-1,1.112e-28,,1.233e-21,,1.756e-16,1.383e-3,,8.000e-4,6.881e-18,,,,,,1.890e-18,,,,,,,,,,,,,,
751.83,2.372e+1,2.142e-11,9.942e-9,2.314e-33,2.196e-17,,,1.234e-18,1.931e-19,,7.186e-16,1.265e-16,2.890e-19,1.740e-17,2.082e-19,2.706e-29,5.677e-17,,,,4.089e-18,2.765e-36,1.387e-17,,3.255e-9,,,,1.945e-21,2.319e+1,5.319e-1,1.111e-28,,1.233e-21,,1.756e-16,1.135e-3,,9.362e-4,6.881e-18,,,,,,1.890e-18,,,,,,,,,,,,,,
751.85,2.257e+1,1.687e-11,1.002e-8,1.862e-33,2.196e-17,,,1.234e-18,1.931e-19,,7.188e-16,9.164e-17,3.589e-19,1.740e-17,2.083e-19,2.698e-29,5.680e-17,,,,4.089e-18,2.765e-36,1.386e-17,,3.125e-9,,,,1.944e-21,2.205e+1,5.170e-1,1.111e-28,,1.233e-21,,1.757e-16,9.933e-4,,1.038e-3,6.881e-18,,,,,,1.890e-18,,,,,,,,,,,,,,
751.88,2.090e+1,1.175e-11,1.010e-8,1.341e-33,2.196e-17,,,1.234e-18,1.932e-19,,7.191e-16,5.638e-17,4.955e-19,1.740e-17,2.085e-19,2.686e-29,5.683e-17,,,,4.090e-18,2.765e-36,1.386e-17,,2.937e-9,,,,1.944e-21,2.040e+1,4.947e-1,1.110e-28,,1.234e-21,,1.757e-16,8.111e-4,,1.209e-3,6.881e-18,,,,,,1.891e-18,,,,,,,,,,,,,,
751.9,1.982e+1,9.222e-12,1.014e-8,1.076e-33,2.197e-17,,,1.234e-18,1.932e-19,,7.193e-16,4.071e-17,6.134e-19,1.740e-17,2.086e-19,2.679e-29,5.685e-17,,,,4.090e-18,2.765e-36,1.386e-17,,2.816e-9,,,,1.944e-21,1.934e+1,4.799e-1,1.110e-28,,1.234e-21,,1.757e-16,7.074e-4,,1.335e-3,6.881e-18,,,,,,1.891e-18,,,,,,,,,,,,,,
751.92,1.877e+1,7.226e-12,1.017e-8,8.618e-34,2.197e-17,,,1.234e-18,1.932e-19,,7.195e-16,2.936e-17,7.583e-19,1.740e-17,2.087e-19,2.671e-29,5.687e-17,,,,4.090e-18,2.765e-36,1.386e-17,,2.699e-9,,,,1.944e-21,1.830e+1,4.652e-1,1.109e-28,,1.234e-21,,1.757e-16,6.162e-4,,1.473e-3,6.881e-18,,,,,,1.891e-18,,,,,,,,,,,,,,
751.95,1.726e+1,4.999e-12,1.019e-8,6.163e-34,2.197e-17,,,1.234e-18,1.933e-19,,7.198e-16,1.793e-17,1.040e-18,1.740e-17,2.089e-19,2.659e-29,5.690e-17,,,,4.091e-18,2.766e-36,1.386e-17,,2.530e-9,,,,1.943e-21,1.681e+1,4.434e-1,1.108e-28,,1.234e-21,,1.757e-16,4.996e-4,,1.704e-3,6.881e-18,,,,,,1.892e-18,,,,,,,,,,,,,,
751.97,1.629e+1,3.904e-12,1.018e-8,4.920e-34,2.198e-17,,,1.233e-18,1.933e-19,,7.199e-16,1.289e-17,1.281e-18,1.740e-17,2.090e-19,2.651e-29,5.692e-17,,,,4.091e-18,2.766e-36,1.386e-17,,2.422e-9,,,,1.943e-21,1.586e+1,4.291e-1,1.108e-28,,1.234e-21,,1.758e-16,4.337e-4,,1.873e-3,6.881e-18,,,,,,1.892e-18,,,,,,,,,,,,,,
752,1.491e+1,2.687e-12,1.014e-8,3.500e-34,2.198e-17,,,1.233e-18,1.933e-19,,7.202e-16,1.282e-17,1.747e-18,1.740e-17,2.092e-19,2.640e-29,5.695e-17,,,,4.092e-18,2.766e-36,1.385e-17,,2.266e-9,,,,1.943e-21,1.450e+1,4.080e-1,1.107e-28,,1.235e-21,,1.758e-16,3.498e-4,,2.155e-3,6.881e-18,,,,,,1.892e-18,,,,,,,,,,,,,,
752.02,1.403e+1,2.091e-12,1.010e-8,2.785e-34,2.199e-17,,,1.233e-18,1.934e-19,,7.204e-16,1.278e-17,2.146e-18,1.740e-17,2.093e-19,2.632e-29,5.698e-17,,,,4.092e-18,2.766e-36,1.385e-17,,2.166e-9,,,,1.943e-21,1.363e+1,3.943e-1,1.107e-28,,1.235e-21,,1.758e-16,3.026e-4,,2.362e-3,6.881e-18,,,,,,1.893e-18,,,,,,,,,,,,,,
752.05,1.277e+1,1.432e-12,1.002e-8,1.971e-34,2.199e-17,,,1.233e-18,1.934e-19,,7.207e-16,1.271e-17,2.912e-18,1.740e-17,2.094e-19,2.620e-29,5.701e-17,,,,4.093e-18,2.767e-36,1.385e-17,,2.022e-9,,,,1.942e-21,1.239e+1,3.742e-1,1.106e-28,,1.235e-21,,1.758e-16,2.429e-4,,2.703e-3,6.881e-18,,,,,,1.893e-18,,,,,,,,,,,,,,
752.07,1.198e+1,1.111e-12,9.942e-9,1.563e-34,2.199e-17,,,1.233e-18,1.935e-19,,7.209e-16,1.267e-17,3.564e-18,1.740e-17,2.096e-19,2.613e-29,5.703e-17,,,,4.093e-18,2.767e-36,1.385e-17,,1.930e-9,,,,1.942e-21,1.161e+1,3.612e-1,1.106e-28,,1.235e-21,,1.759e-16,2.094e-4,,2.953e-3,6.881e-18,,,,,,1.893e-18,,,,,,,,,,,,,,
752.1,1.085e+1,7.567e-13,9.806e-9,1.100e-34,2.200e-17,,,1.233e-18,1.935e-19,,7.212e-16,1.261e-17,4.813e-18,1.740e-17,2.097e-19,2.601e-29,5.706e-17,,,,4.094e-18,2.767e-36,1.385e-17,,1.798e-9,,,,1.942e-21,1.050e+1,3.424e-1,1.105e-28,,1.235e-21,,1.759e-16,1.672e-4,,3.363e-3,6.881e-18,,,,,,1.894e-18,,,,,,,,,,,,,,
752.12,1.014e+1,5.849e-13,9.701e-9,8.696e-35,2.200e-17,,,1.233e-18,1.935e-19,,7.213e-16,1.256e-17,5.871e-18,1.740e-17,2.098e-19,2.593e-29,5.708e-17,,,,4.094e-18,2.767e-36,1.384e-17,,1.713e-9,,,,1.941e-21,9.808e+0,3.302e-1,1.105e-28,,1.236e-21,,1.759e-16,1.437e-4,,3.661e-3,6.881e-18,,,,,,1.894e-18,,,,,,,,,,,,,,
752.15,9.145e+0,3.964e-13,9.520e-9,6.092e-35,2.201e-17,,,1.233e-18,1.936e-19,,7.216e-16,1.250e-17,7.889e-18,1.740e-17,2.100e-19,2.582e-29,5.711e-17,,,,4.095e-18,2.768e-36,1.384e-17,,1.592e-9,,,,1.941e-21,8.828e+0,3.127e-1,1.104e-28,,1.236e-21,,1.759e-16,1.141e-4,,4.147e-3,6.881e-18,,,,,,1.894e-18,,,,,,,,,,,,,,
752.17,8.522e+0,3.054e-13,9.386e-9,4.798e-35,2.201e-17,,,1.233e-18,1.936e-19,,7.218e-16,1.245e-17,9.590e-18,1.739e-17,2.101e-19,2.574e-29,5.713e-17,,,,4.095e-18,2.768e-36,1.384e-17,,1.514e-9,,,,1.941e-21,8.216e+0,3.014e-1,1.104e-28,,1.236e-21,,1.759e-16,9.773e-5,,4.500e-3,6.881e-18,,,,,,1.894e-18,,,,,,,,,,,,,,
752.2,7.648e+0,2.059e-13,9.165e-9,3.344e-35,2.202e-17,,,1.233e-18,1.937e-19,,7.221e-16,1.239e-17,1.282e-17,1.739e-17,2.103e-19,2.562e-29,5.716e-17,,,,4.096e-18,2.768e-36,1.384e-17,,1.403e-9,,,,1.940e-21,7.357e+0,2.853e-1,1.103e-28,,1.236e-21,,1.760e-16,7.725e-5,,5.073e-3,6.881e-18,,,,,,1.895e-18,,,,,,,,,,,,,,
752.22,7.104e+0,1.581e-13,9.005e-9,2.624e-35,2.202e-17,,,1.233e-18,1.937e-19,,7.223e-16,1.234e-17,1.553e-17,1.739e-17,2.104e-19,2.555e-29,5.719e-17,,,,4.096e-18,2.768e-36,1.384e-17,,1.332e-9,,,,1.940e-21,6.824e+0,2.750e-1,1.103e-28,,1.236e-21,,1.760e-16,6.592e-5,,5.485e-3,6.881e-18,,,,,,1.895e-18,,,,,,,,,,,,,,
752.25,6.346e+0,1.061e-13,8.748e-9,1.820e-35,2.202e-17,,,1.233e-18,1.938e-19,,7.226e-16,1.228e-17,2.066e-17,1.739e-17,2.106e-19,2.543e-29,5.722e-17,,,,4.096e-18,2.768e-36,1.384e-17,,1.231e-9,,,,1.940e-21,6.080e+0,2.602e-1,1.102e-28,,1.237e-21,,1.760e-16,5.184e-5,,6.152e-3,6.881e-18,,,,,,1.895e-18,,,,,,,,,,,,,,
752.27,5.877e+0,8.114e-14,8.567e-9,1.423e-35,2.203e-17,,,1.233e-18,1.938e-19,,7.227e-16,1.223e-17,2.495e-17,1.739e-17,2.107e-19,2.535e-29,5.724e-17,,,,4.097e-18,2.769e-36,1.383e-17,,1.167e-9,,,,1.940e-21,5.620e+0,2.509e-1,1.102e-28,,1.237e-21,,1.760e-16,4.409e-5,,6.630e-3,6.881e-18,,,,,,1.896e-18,,,,,,,,,,,,,,
752.29,5.437e+0,6.199e-14,8.377e-9,1.112e-35,2.203e-17,,,1.233e-18,1.938e-19,,7.229e-16,1.219e-17,3.009e-17,1.739e-17,2.108e-19,2.527e-29,5.726e-17,,,,4.097e-18,2.769e-36,1.383e-17,,1.105e-9,,,,1.939e-21,5.188e+0,2.419e-1,1.101e-28,,1.237e-21,,1.761e-16,3.745e-5,,7.136e-3,6.881e-18,,,,,,1.896e-18,,,,,,,,,,,,,,
752.32,4.826e+0,4.129e-14,8.081e-9,7.655e-36,2.204e-17,,,1.233e-18,1.939e-19,,7.232e-16,1.213e-17,3.975e-17,1.739e-17,2.110e-19,2.516e-29,5.729e-17,,,,4.098e-18,2.769e-36,1.383e-17,,1.017e-9,,,,1.939e-21,4.589e+0,2.290e-1,1.101e-28,,1.237e-21,,1.761e-16,2.924e-5,,7.947e-3,6.881e-18,,,,,,1.896e-18,,,,,,,,,,,,,,
752.34,4.451e+0,3.144e-14,7.876e-9,5.959e-36,2.204e-17,,,1.233e-18,1.939e-19,,7.234e-16,1.208e-17,4.777e-17,1.739e-17,2.111e-19,2.508e-29,5.731e-17,,,,4.098e-18,2.769e-36,1.383e-17,,9.617e-10,,,,1.939e-21,4.222e+0,2.209e-1,1.100e-28,,1.237e-21,,1.761e-16,2.475e-5,,8.524e-3,6.881e-18,,,,,,1.896e-18,,,,,,,,,,,,,,
752.37,3.935e+0,2.083e-14,7.559e-9,4.082e-36,2.204e-17,,,1.233e-18,1.940e-19,,7.237e-16,1.202e-17,6.278e-17,1.739e-17,2.113e-19,2.496e-29,5.734e-17,,,,4.099e-18,2.769e-36,1.383e-17,,8.827e-10,,,,1.938e-21,3.716e+0,2.094e-1,1.100e-28,,1.238e-21,,1.761e-16,1.922e-5,,9.446e-3,6.881e-18,,,,,,1.897e-18,,,,,,,,,,,,,,
752.39,3.619e+0,1.581e-14,7.342e-9,3.166e-36,2.205e-17,,,1.232e-18,1.940e-19,,7.239e-16,1.197e-17,7.521e-17,1.739e-17,2.114e-19,2.489e-29,5.737e-17,,,,4.099e-18,2.770e-36,1.383e-17,,8.331e-10,,,,1.938e-21,3.407e+0,2.021e-1,1.099e-28,,1.238e-21,,1.761e-16,1.622e-5,,1.010e-2,6.881e-18,,,,,,1.897e-18,,,,,,,,,,,,,,
752.42,3.186e+0,1.042e-14,7.011e-9,2.158e-36,2.205e-17,,,1.232e-18,1.940e-19,,7.241e-16,1.191e-17,9.834e-17,1.739e-17,2.116e-19,2.477e-29,5.740e-17,,,,4.100e-18,2.770e-36,1.382e-17,,7.629e-10,,,,1.938e-21,2.983e+0,1.917e-1,1.099e-28,,1.238e-21,,1.762e-16,1.253e-5,,1.113e-2,6.881e-18,,,,,,1.897e-18,,,,,,,,,,,,,,
752.44,2.923e+0,7.882e-15,6.786e-9,1.668e-36,2.205e-17,,,1.232e-18,1.941e-19,,7.243e-16,1.186e-17,1.174e-16,1.739e-17,2.117e-19,2.469e-29,5.742e-17,,,,4.100e-18,2.770e-36,1.382e-17,,7.190e-10,,,,1.938e-21,2.726e+0,1.851e-1,1.098e-28,,1.238e-21,,1.762e-16,1.054e-5,,1.186e-2,6.881e-18,,,,,,1.898e-18,,,,,,,,,,,,,,
752.47,2.564e+0,5.170e-15,6.447e-9,1.131e-36,2.206e-17,,,1.232e-18,1.941e-19,,7.246e-16,1.180e-17,1.528e-16,1.739e-17,2.118e-19,2.458e-29,5.745e-17,,,,4.101e-18,2.770e-36,1.382e-17,,6.572e-10,,,,1.937e-21,2.375e+0,1.758e-1,1.098e-28,,1.238e-21,,1.762e-16,8.101e-6,,1.301e-2,6.881e-18,,,,,,1.898e-18,,,,,,,,,,,,,,
752.49,2.347e+0,3.896e-15,6.220e-9,8.715e-37,2.206e-17,,,1.232e-18,1.941e-19,,7.248e-16,1.176e-17,1.818e-16,1.739e-17,2.119e-19,2.450e-29,5.747e-17,,,,4.101e-18,2.771e-36,1.382e-17,,6.188e-10,,,,1.937e-21,2.163e+0,1.699e-1,1.097e-28,,1.239e-21,,1.762e-16,6.788e-6,,1.381e-2,6.881e-18,,,,,,1.898e-18,,,,,,,,,,,,,,
752.52,2.051e+0,2.543e-15,5.880e-9,5.879e-37,2.207e-17,,,1.232e-18,1.942e-19,,7.251e-16,1.169e-17,2.353e-16,1.739e-17,2.121e-19,2.438e-29,5.750e-17,,,,4.101e-18,2.771e-36,1.382e-17,,5.653e-10,,,,1.937e-21,1.875e+0,1.614e-1,1.097e-28,,1.239e-21,,1.763e-16,5.192e-6,,1.508e-2,6.881e-18,,,,,,1.899e-18,,,,,,,,,,,,,,
752.54,1.874e+0,1.910e-15,5.653e-9,4.514e-37,2.207e-17,,,1.232e-18,1.942e-19,,7.253e-16,1.165e-17,2.790e-16,1.739e-17,2.122e-19,2.431e-29,5.752e-17,,,,4.102e-18,2.771e-36,1.382e-17,,5.323e-10,,,,1.936e-21,1.702e+0,1.561e-1,1.096e-28,,1.239e-21,,1.763e-16,4.336e-6,,1.596e-2,6.881e-18,,,,,,1.899e-18,,,,,,,,,,,,,,
752.57,1.633e+0,1.240e-15,5.317e-9,3.029e-37,2.208e-17,,,1.232e-18,1.943e-19,,7.255e-16,1.158e-17,3.594e-16,1.739e-17,2.124e-19,2.419e-29,5.756e-17,,,,4.102e-18,2.771e-36,1.381e-17,,4.868e-10,,,,1.936e-21,1.467e+0,1.485e-1,1.095e-28,,1.239e-21,,1.763e-16,3.300e-6,,1.733e-2,6.881e-18,,,,,,1.899e-18,,,,,,,,,,,,,,
752.59,1.489e+0,9.281e-16,5.095e-9,2.318e-37,2.208e-17,,,1.232e-18,1.943e-19,,7.257e-16,1.154e-17,4.248e-16,1.739e-17,2.125e-19,2.411e-29,5.758e-17,,,,4.103e-18,2.771e-36,1.381e-17,,4.591e-10,,,,1.936e-21,1.327e+0,1.436e-1,1.095e-28,,1.239e-21,,1.763e-16,2.746e-6,,1.827e-2,6.881e-18,,,,,,1.899e-18,,,,,,,,,,,,,,
752.62,1.295e+0,5.995e-16,4.767e-9,1.548e-37,2.208e-17,,,1.232e-18,1.944e-19,,7.260e-16,1.147e-17,5.444e-16,1.739e-17,2.127e-19,2.400e-29,5.761e-17,,,,4.103e-18,2.772e-36,1.381e-17,,4.214e-10,,,,1.936e-21,1.139e+0,1.367e-1,1.094e-28,,1.240e-21,,1.763e-16,2.079e-6,,1.974e-2,6.881e-18,,,,,,1.900e-18,,,,,,,,,,,,,,
752.64,1.180e+0,4.472e-16,4.553e-9,1.180e-37,2.209e-17,,,1.232e-18,1.944e-19,,7.262e-16,1.143e-17,6.412e-16,1.739e-17,2.128e-19,2.392e-29,5.763e-17,,,,4.104e-18,2.772e-36,1.381e-17,,3.988e-10,,,,1.935e-21,1.027e+0,1.323e-1,1.094e-28,,1.240e-21,,1.764e-16,1.725e-6,,2.075e-2,6.881e-18,,,,,,1.900e-18,,,,,,,,,,,,,,
752.66,1.074e+0,3.331e-16,4.342e-9,8.990e-38,2.209e-17,,,1.232e-18,1.944e-19,,7.264e-16,1.139e-17,7.543e-16,1.739e-17,2.129e-19,2.384e-29,5.765e-17,,,,4.104e-18,2.772e-36,1.381e-17,,3.784e-10,,,,1.935e-21,9.242e-1,1.280e-1,1.094e-28,,1.240e-21,,1.764e-16,1.428e-6,,2.179e-2,6.881e-18,,,,,,1.900e-18,,,,,,,,,,,,,,
752.69,9.326e-1,2.136e-16,4.034e-9,5.959e-38,2.210e-17,,,1.232e-18,1.945e-19,,7.267e-16,1.132e-17,9.599e-16,1.739e-17,2.131e-19,2.372e-29,5.768e-17,,,,4.105e-18,2.772e-36,1.380e-17,,3.515e-10,,,,1.935e-21,7.874e-1,1.218e-1,1.093e-28,,1.240e-21,,1.764e-16,1.074e-6,,2.337e-2,6.881e-18,,,,,,1.901e-18,,,,,,,,,,,,,,
752.71,8.487e-1,1.586e-16,3.834e-9,4.523e-38,2.210e-17,,,1.232e-18,1.945e-19,,7.269e-16,1.128e-17,1.125e-15,1.739e-17,2.132e-19,2.365e-29,5.770e-17,,,,4.105e-18,2.773e-36,1.380e-17,,3.362e-10,,,,1.935e-21,7.064e-1,1.178e-1,1.093e-28,,1.240e-21,,1.764e-16,8.864e-7,,2.445e-2,6.881e-18,,,,,,1.901e-18,,,,,,,,,,,,,,
752.74,7.370e-1,1.012e-16,3.544e-9,2.983e-38,2.210e-17,,,1.232e-18,1.946e-19,,7.271e-16,1.121e-17,1.425e-15,1.739e-17,2.134e-19,2.353e-29,5.773e-17,,,,4.105e-18,2.773e-36,1.380e-17,,3.171e-10,,,,1.934e-21,5.988e-1,1.121e-1,1.092e-28,,1.241e-21,,1.765e-16,6.630e-7,,2.610e-2,6.881e-18,,,,,,1.901e-18,,,,,,,,,,,,,,
752.76,6.710e-1,7.487e-17,3.358e-9,2.256e-38,2.211e-17,,,1.232e-18,1.946e-19,,7.273e-16,1.117e-17,1.665e-15,1.739e-17,2.135e-19,2.345e-29,5.776e-17,,,,4.106e-18,2.773e-36,1.380e-17,,3.070e-10,,,,1.934e-21,5.354e-1,1.084e-1,1.092e-28,,1.241e-21,,1.765e-16,5.454e-7,,2.721e-2,6.881e-18,,,,,,1.902e-18,,,,,,,,,,,,,,
752.79,5.835e-1,4.753e-17,3.088e-9,1.481e-38,2.211e-17,,,1.232e-18,1.946e-19,,7.276e-16,1.110e-17,2.098e-15,1.739e-17,2.137e-19,2.334e-29,5.779e-17,,,,4.106e-18,2.773e-36,1.380e-17,,2.959e-10,,,,1.934e-21,4.515e-1,1.030e-1,1.091e-28,,1.241e-21,,1.765e-16,4.059e-7,,2.890e-2,6.881e-18,,,,,,1.902e-18,,,,,,,,,,,,,,
752.81,5.319e-1,3.504e-17,2.915e-9,1.116e-38,2.212e-17,,,1.232e-18,1.947e-19,,7.278e-16,1.106e-17,2.443e-15,1.739e-17,2.138e-19,2.326e-29,5.781e-17,,,,4.107e-18,2.773e-36,1.380e-17,,2.911e-10,,,,1.933e-21,4.023e-1,9.957e-2,1.090e-28,,1.241e-21,,1.765e-16,3.327e-7,,3.003e-2,6.881e-18,,,,,,1.902e-18,,,,,,,,,,,,,,
752.84,4.638e-1,2.213e-17,2.668e-9,7.286e-39,2.212e-17,,,1.231e-18,1.947e-19,,7.281e-16,1.099e-17,3.062e-15,1.739e-17,2.139e-19,2.314e-29,5.784e-17,,,,4.107e-18,2.774e-36,1.379e-17,,2.881e-10,,,,1.933e-21,3.376e-1,9.450e-2,1.090e-28,,1.241e-21,,1.765e-16,2.464e-7,,3.173e-2,6.881e-18,,,,,,1.903e-18,,,,,,,,,,,,,,
752.86,4.239e-1,1.626e-17,2.510e-9,5.474e-39,2.212e-17,,,1.231e-18,1.947e-19,,7.283e-16,1.095e-17,3.554e-15,1.739e-17,2.141e-19,2.307e-29,5.786e-17,,,,4.108e-18,2.774e-36,1.379e-17,,2.889e-10,,,,1.933e-21,2.998e-1,9.122e-2,1.089e-28,,1.242e-21,,1.766e-16,2.013e-7,,3.287e-2,6.881e-18,,,,,,1.903e-18,,,,,,,,,,,,,,
752.89,3.713e-1,1.022e-17,2.285e-9,3.555e-39,2.213e-17,,,1.231e-18,1.948e-19,,7.285e-16,1.088e-17,4.433e-15,1.739e-17,2.142e-19,2.295e-29,5.789e-17,,,,4.108e-18,2.774e-36,1.379e-17,,2.945e-10,,,,1.932e-21,2.503e-1,8.643e-2,1.089e-28,,1.242e-21,,1.766e-16,1.483e-7,,3.455e-2,6.881e-18,,,,,,1.903e-18,,,,,,,,,,,,,,
752.91,3.405e-1,7.483e-18,2.143e-9,2.662e-39,2.213e-17,,,1.231e-18,1.948e-19,,7.287e-16,1.084e-17,5.128e-15,1.739e-17,2.143e-19,2.287e-29,5.791e-17,,,,4.109e-18,2.774e-36,1.379e-17,,3.012e-10,,,,1.932e-21,2.215e-1,8.332e-2,1.088e-28,,1.242e-21,,1.766e-16,1.207e-7,,3.567e-2,6.881e-18,,,,,,1.903e-18,,,,,,,,,,,,,,
752.94,3.001e-1,4.678e-18,1.941e-9,1.720e-39,2.214e-17,,,1.231e-18,1.949e-19,,7.290e-16,1.078e-17,6.364e-15,1.739e-17,2.145e-19,2.276e-29,5.795e-17,,,,4.109e-18,2.775e-36,1.379e-17,,3.160e-10,,,,1.932e-21,1.840e-1,7.877e-2,1.088e-28,,1.242e-21,,1.766e-16,8.849e-8,,3.731e-2,6.881e-18,,,,,,1.904e-18,,,,,,,,,,,,,,
752.96,2.765e-1,3.414e-18,1.814e-9,1.284e-39,2.214e-17,,,1.231e-18,1.949e-19,,7.292e-16,1.073e-17,7.337e-15,1.738e-17,2.146e-19,2.268e-29,5.797e-17,,,,4.110e-18,2.775e-36,1.379e-17,,3.291e-10,,,,1.932e-21,1.623e-1,7.582e-2,1.087e-28,,1.242e-21,,1.767e-16,7.181e-8,,3.838e-2,6.881e-18,,,,,,1.904e-18,,,,,,,,,,,,,,
752.99,2.456e-1,2.123e-18,1.635e-9,8.260e-40,2.214e-17,,,1.231e-18,1.950e-19,,7.295e-16,1.067e-17,9.059e-15,1.738e-17,2.148e-19,2.256e-29,5.800e-17,,,,4.110e-18,2.775e-36,1.378e-17,,3.537e-10,,,,1.931e-21,1.341e-1,7.150e-2,1.087e-28,,1.243e-21,,1.767e-16,5.236e-8,,3.994e-2,6.881e-18,,,,,,1.904e-18,,,,,,,,,,,,,,
753.01,2.275e-1,1.544e-18,1.523e-9,6.148e-40,2.215e-17,,,1.231e-18,1.950e-19,,7.297e-16,1.062e-17,1.041e-14,1.738e-17,2.149e-19,2.248e-29,5.802e-17,,,,4.110e-18,2.775e-36,1.378e-17,,3.736e-10,,,,1.931e-21,1.179e-1,6.870e-2,1.086e-28,,1.243e-21,,1.767e-16,4.234e-8,,4.095e-2,6.881e-18,,,,,,1.905e-18,,,,,,,,,,,,,,
753.04,2.039e-1,9.554e-19,1.365e-9,3.945e-40,2.215e-17,,,1.231e-18,1.950e-19,,7.299e-16,1.056e-17,1.279e-14,1.738e-17,2.151e-19,2.237e-29,5.805e-17,,,,4.111e-18,2.775e-36,1.378e-17,,4.090e-10,,,,1.931e-21,9.693e-2,6.461e-2,1.086e-28,,1.243e-21,,1.767e-16,3.072e-8,,4.241e-2,6.881e-18,,,,,,1.905e-18,,,,,,,,,,,,,,
753.06,1.902e-1,6.925e-19,1.267e-9,2.938e-40,2.216e-17,,,1.231e-18,1.951e-19,,7.301e-16,1.051e-17,1.465e-14,1.738e-17,2.152e-19,2.229e-29,5.807e-17,,,,4.111e-18,2.776e-36,1.378e-17,,4.365e-10,,,,1.930e-21,8.492e-2,6.196e-2,1.085e-28,,1.243e-21,,1.767e-16,2.476e-8,,4.333e-2,6.881e-18,,,,,,1.905e-18,,,,,,,,,,,,,,
753.08,1.779e-1,5.013e-19,1.175e-9,2.193e-40,2.216e-17,,,1.231e-18,1.951e-19,,7.303e-16,1.047e-17,1.675e-14,1.738e-17,2.153e-19,2.221e-29,5.809e-17,,,,4.112e-18,2.776e-36,1.378e-17,,4.671e-10,,,,1.930e-21,7.430e-2,5.937e-2,1.085e-28,,1.243e-21,,1.768e-16,1.993e-8,,4.422e-2,6.881e-18,,,,,,1.905e-18,,,,,,,,,,,,,,
753.11,1.617e-1,3.080e-19,1.046e-9,1.432e-40,2.216e-17,,,1.231e-18,1.952e-19,,7.306e-16,1.041e-17,2.043e-14,1.738e-17,2.155e-19,2.210e-29,5.812e-17,,,,4.112e-18,2.776e-36,1.378e-17,,5.194e-10,,,,1.930e-21,6.066e-2,5.560e-2,1.084e-28,,1.244e-21,,1.768e-16,1.435e-8,,4.546e-2,6.881e-18,,,,,,1.906e-18,,,,,,,,,,,,,,
753.13,1.523e-1,2.222e-19,9.663e-10,1.098e-40,2.217e-17,,,1.231e-18,1.952e-19,,7.308e-16,1.036e-17,2.329e-14,1.738e-17,2.156e-19,2.202e-29,5.815e-17,,,,4.113e-18,2.776e-36,1.377e-17,,5.586e-10,,,,1.930e-21,5.289e-2,5.317e-2,1.084e-28,,1.244e-21,,1.768e-16,1.151e-8,,4.623e-2,6.881e-18,,,,,,1.906e-18,,,,,,,,,,,,,,
753.16,1.399e-1,1.358e-19,8.559e-10,7.806e-41,2.217e-17,,,1.231e-18,1.952e-19,,7.311e-16,1.030e-17,2.827e-14,1.738e-17,2.158e-19,2.190e-29,5.818e-17,,,,4.113e-18,2.777e-36,1.377e-17,,6.243e-10,,,,1.929e-21,4.296e-2,4.965e-2,1.083e-28,,1.244e-21,,1.768e-16,8.251e-9,,4.730e-2,6.881e-18,,,,,,1.906e-18,,,,,,,,,,,,,,
753.18,1.327e-1,9.761e-20,7.881e-10,6.641e-41,2.218e-17,,,1.231e-18,1.953e-19,,7.312e-16,1.025e-17,3.211e-14,1.738e-17,2.159e-19,2.183e-29,5.820e-17,,,,4.114e-18,2.777e-36,1.377e-17,,6.728e-10,,,,1.929e-21,3.733e-2,4.739e-2,1.083e-28,,1.244e-21,,1.769e-16,6.596e-9,,4.794e-2,6.881e-18,,,,,,1.907e-18,,,,,,,,,,,,,,
753.21,1.231e-1,5.935e-20,6.945e-10,6.055e-41,2.218e-17,,,1.231e-18,1.953e-19,,7.315e-16,1.019e-17,3.878e-14,1.738e-17,2.160e-19,2.171e-29,5.823e-17,,,,4.114e-18,2.777e-36,1.377e-17,,7.532e-10,,,,1.929e-21,3.017e-2,4.412e-2,1.082e-28,,1.244e-21,,1.769e-16,4.703e-9,,4.880e-2,6.881e-18,,,,,,1.907e-18,,,,,,,,,,,,,,
753.23,1.175e-1,5.948e-20,6.373e-10,6.385e-41,2.218e-17,,,1.231e-18,1.953e-19,,7.317e-16,1.014e-17,4.391e-14,1.738e-17,2.162e-19,2.163e-29,5.825e-17,,,,4.114e-18,2.777e-36,1.377e-17,,8.120e-10,,,,1.928e-21,2.613e-2,4.204e-2,1.082e-28,,1.245e-21,,1.769e-16,3.747e-9,,4.929e-2,6.881e-18,,,,,,1.907e-18,,,,,,,,,,,,,,
753.26,1.100e-1,5.967e-20,5.588e-10,8.030e-41,2.219e-17,,,1.230e-18,1.954e-19,,7.320e-16,1.008e-17,5.276e-14,1.738e-17,2.163e-19,2.152e-29,5.828e-17,,,,4.115e-18,2.777e-36,1.376e-17,,9.084e-10,,,,1.928e-21,2.100e-2,3.904e-2,1.081e-28,,1.245e-21,,1.769e-16,2.658e-9,,4.992e-2,6.881e-18,,,,,,1.908e-18,,,,,,,,,,,,,,
753.28,1.055e-1,5.980e-20,5.111e-10,1.003e-40,2.219e-17,,,1.230e-18,1.954e-19,,7.322e-16,1.004e-17,5.954e-14,1.738e-17,2.164e-19,2.144e-29,5.830e-17,,,,4.115e-18,2.778e-36,1.376e-17,,9.783e-10,,,,1.928e-21,1.813e-2,3.714e-2,1.081e-28,,1.245e-21,,1.769e-16,2.110e-9,,5.026e-2,6.881e-18,,,,,,1.908e-18,,,,,,,,,,,,,,
753.31,9.957e-2,5.999e-20,4.459e-10,1.483e-40,2.220e-17,,,1.230e-18,1.955e-19,,7.325e-16,9.970e-18,7.119e-14,1.738e-17,2.166e-19,2.132e-29,5.834e-17,,,,4.116e-18,2.778e-36,1.376e-17,,1.092e-9,,,,1.928e-21,1.450e-2,3.443e-2,1.080e-28,,1.245e-21,,1.770e-16,1.489e-9,,5.064e-2,6.881e-18,,,,,,1.908e-18,,,,,,,,,,,,,,
753.33,9.600e-2,6.011e-20,4.064e-10,1.964e-40,2.220e-17,,,1.230e-18,1.955e-19,,7.326e-16,9.926e-18,8.006e-14,1.738e-17,2.167e-19,2.124e-29,5.836e-17,,,,4.116e-18,2.778e-36,1.376e-17,,1.174e-9,,,,1.927e-21,1.247e-2,3.272e-2,1.080e-28,,1.245e-21,,1.770e-16,1.179e-9,,5.081e-2,6.881e-18,,,,,,1.908e-18,,,,,,,,,,,,,,
753.36,9.116e-2,6.031e-20,3.527e-10,3.029e-40,2.221e-17,,,1.230e-18,1.956e-19,,7.329e-16,9.861e-18,9.524e-14,1.738e-17,2.169e-19,2.113e-29,5.839e-17,,,,4.117e-18,2.778e-36,1.376e-17,,1.306e-9,,,,1.927e-21,9.928e-3,3.030e-2,1.079e-28,,1.246e-21,,1.770e-16,8.275e-10,,5.094e-2,6.881e-18,,,,,,1.909e-18,,,,,,,,,,,,,,
753.38,8.823e-2,6.043e-20,3.204e-10,4.058e-40,2.221e-17,,,1.230e-18,1.956e-19,,7.331e-16,9.817e-18,1.067e-13,1.738e-17,2.170e-19,2.105e-29,5.841e-17,,,,4.117e-18,2.779e-36,1.376e-17,,1.400e-9,,,,1.927e-21,8.511e-3,2.878e-2,1.079e-28,,1.246e-21,,1.770e-16,6.526e-10,,5.094e-2,6.881e-18,,,,,,1.909e-18,,,,,,,,,,,,,,
753.41,8.421e-2,6.062e-20,2.767e-10,6.296e-40,2.221e-17,,,1.230e-18,1.956e-19,,7.334e-16,9.752e-18,1.263e-13,1.738e-17,2.172e-19,2.093e-29,5.844e-17,,,,4.118e-18,2.779e-36,1.375e-17,,1.551e-9,,,,1.926e-21,6.739e-3,2.666e-2,1.078e-28,,1.246e-21,,1.771e-16,4.559e-10,,5.081e-2,6.881e-18,,,,,,1.909e-18,,,,,,,,,,,,,,
753.43,8.175e-2,6.075e-20,2.505e-10,8.432e-40,2.222e-17,,,1.230e-18,1.957e-19,,7.336e-16,9.708e-18,1.411e-13,1.738e-17,2.173e-19,2.086e-29,5.846e-17,,,,4.118e-18,2.779e-36,1.375e-17,,1.658e-9,,,,1.926e-21,5.758e-3,2.535e-2,1.078e-28,,1.246e-21,,1.771e-16,3.583e-10,,5.064e-2,6.881e-18,,,,,,1.910e-18,,,,,,,,,,,,,,
753.45,7.944e-2,6.088e-20,2.265e-10,1.128e-39,2.222e-17,,,1.230e-18,1.957e-19,,7.338e-16,9.665e-18,1.575e-13,1.738e-17,2.174e-19,2.078e-29,5.848e-17,,,,4.119e-18,2.779e-36,1.375e-17,,1.771e-9,,,,1.926e-21,4.913e-3,2.412e-2,1.077e-28,,1.246e-21,,1.771e-16,2.812e-10,,5.040e-2,6.881e-18,,,,,,1.910e-18,,,,,,,,,,,,,,
753.48,7.622e-2,6.107e-20,1.942e-10,1.743e-39,2.222e-17,,,1.230e-18,1.958e-19,,7.340e-16,9.599e-18,1.851e-13,1.738e-17,2.176e-19,2.066e-29,5.852e-17,,,,4.119e-18,2.779e-36,1.375e-17,,1.950e-9,,,,1.926e-21,3.863e-3,2.243e-2,1.076e-28,,1.247e-21,,1.771e-16,1.950e-10,,4.992e-2,6.881e-18,,,,,,1.910e-18,,,,,,,,,,,,,,
753.5,7.421e-2,6.119e-20,1.750e-10,2.326e-39,2.223e-17,,,1.230e-18,1.958e-19,,7.342e-16,9.556e-18,2.058e-13,1.738e-17,2.177e-19,2.059e-29,5.854e-17,,,,4.119e-18,2.780e-36,1.375e-17,,2.077e-9,,,,1.925e-21,3.285e-3,2.141e-2,1.076e-28,,1.247e-21,,1.771e-16,1.526e-10,,4.952e-2,6.881e-18,,,,,,1.911e-18,,,,,,,,,,,,,,
753.53,7.140e-2,6.139e-20,1.493e-10,3.576e-39,2.223e-17,,,1.230e-18,1.958e-19,,7.345e-16,9.490e-18,2.406e-13,1.738e-17,2.179e-19,2.047e-29,5.857e-17,,,,4.120e-18,2.780e-36,1.375e-17,,2.276e-9,,,,1.925e-21,2.569e-3,2.003e-2,1.075e-28,,1.247e-21,,1.772e-16,1.053e-10,,4.880e-2,6.881e-18,,,,,,1.911e-18,,,,,,,,,,,,,,
753.55,6.964e-2,6.151e-20,1.341e-10,4.755e-39,2.224e-17,,,1.230e-18,1.959e-19,,7.347e-16,9.447e-18,2.666e-13,1.738e-17,2.180e-19,2.039e-29,5.859e-17,,,,4.120e-18,2.780e-36,1.374e-17,,2.416e-9,,,,1.925e-21,2.177e-3,1.922e-2,1.075e-28,,1.247e-21,,1.772e-16,8.207e-11,,4.824e-2,6.881e-18,,,,,,1.911e-18,,,,,,,,,,,,,,
753.58,6.714e-2,6.170e-20,1.138e-10,7.275e-39,2.224e-17,,,1.230e-18,1.959e-19,,7.350e-16,9.382e-18,3.103e-13,1.738e-17,2.182e-19,2.028e-29,5.862e-17,,,,4.121e-18,2.780e-36,1.374e-17,,2.635e-9,,,,1.924e-21,1.694e-3,1.815e-2,1.074e-28,,1.248e-21,,1.772e-16,5.635e-11,,4.730e-2,6.881e-18,,,,,,1.912e-18,,,,,,,,,,,,,,
753.6,6.558e-2,6.183e-20,1.018e-10,9.643e-39,2.224e-17,,,1.230e-18,1.960e-19,,7.352e-16,9.338e-18,3.427e-13,1.738e-17,2.183e-19,2.020e-29,5.864e-17,,,,4.121e-18,2.781e-36,1.374e-17,,2.787e-9,,,,1.924e-21,1.431e-3,1.754e-2,1.074e-28,,1.248e-21,,1.772e-16,4.378e-11,,4.660e-2,6.881e-18,,,,,,1.912e-18,,,,,,,,,,,,,,
753.63,6.335e-2,6.202e-20,8.601e-11,1.468e-38,2.225e-17,,,1.230e-18,1.960e-19,,7.354e-16,9.273e-18,3.967e-13,1.738e-17,2.184e-19,2.008e-29,5.867e-17,,,,4.122e-18,2.781e-36,1.374e-17,,3.026e-9,,,,1.924e-21,1.108e-3,1.678e-2,1.073e-28,,1.248e-21,,1.773e-16,2.990e-11,,4.546e-2,6.880e-18,,,,,,1.912e-18,,,,,,,,,,,,,,
753.65,6.195e-2,6.215e-20,7.671e-11,1.939e-38,2.225e-17,,,1.230e-18,1.960e-19,,7.356e-16,9.229e-18,4.367e-13,1.738e-17,2.186e-19,2.001e-29,5.869e-17,,,,4.122e-18,2.781e-36,1.374e-17,,3.190e-9,,,,1.924e-21,9.328e-4,1.638e-2,1.073e-28,,1.248e-21,,1.773e-16,2.315e-11,,4.464e-2,6.880e-18,,,,,,1.912e-18,,,,,,,,,,,,,,
753.68,5.997e-2,6.234e-20,6.446e-11,2.938e-38,2.226e-17,,,1.229e-18,1.961e-19,,7.359e-16,9.164e-18,5.030e-13,1.738e-17,2.187e-19,1.989e-29,5.873e-17,,,,4.123e-18,2.781e-36,1.374e-17,,3.446e-9,,,,1.923e-21,7.185e-4,1.593e-2,1.072e-28,,1.248e-21,,1.773e-16,1.573e-11,,4.333e-2,6.880e-18,,,,,,1.913e-18,,,,,,,,,,,,,,
753.7,5.873e-2,6.247e-20,5.730e-11,3.868e-38,2.226e-17,,,1.229e-18,1.961e-19,,7.361e-16,9.120e-18,5.518e-13,1.738e-17,2.188e-19,1.981e-29,5.875e-17,,,,4.123e-18,2.781e-36,1.373e-17,,3.621e-9,,,,1.923e-21,6.028e-4,1.572e-2,1.072e-28,,1.249e-21,,1.773e-16,1.214e-11,,4.241e-2,6.880e-18,,,,,,1.913e-18,,,,,,,,,,,,,,
753.73,5.698e-2,6.266e-20,4.790e-11,5.830e-38,2.227e-17,,,1.229e-18,1.962e-19,,7.364e-16,9.055e-18,6.324e-13,1.738e-17,2.190e-19,1.970e-29,5.878e-17,,,,4.124e-18,2.782e-36,1.373e-17,,3.891e-9,,,,1.923e-21,4.620e-4,1.557e-2,1.071e-28,,1.249e-21,,1.773e-16,8.209e-12,,4.095e-2,6.880e-18,,,,,,1.913e-18,,,,,,,,,,,,,,
753.75,5.589e-2,6.278e-20,4.244e-11,7.651e-38,2.227e-17,,,1.229e-18,1.962e-19,,7.366e-16,9.011e-18,6.915e-13,1.738e-17,2.191e-19,1.962e-29,5.880e-17,,,,4.124e-18,2.782e-36,1.373e-17,,4.076e-9,,,,1.922e-21,3.863e-4,1.556e-2,1.071e-28,,1.249e-21,,1.774e-16,6.313e-12,,3.994e-2,6.880e-18,,,,,,1.914e-18,,,,,,,,,,,,,,
753.78,5.437e-2,6.297e-20,3.530e-11,1.147e-37,2.227e-17,,,1.229e-18,1.962e-19,,7.369e-16,8.946e-18,7.885e-13,1.737e-17,2.193e-19,1.950e-29,5.883e-17,,,,4.125e-18,2.782e-36,1.373e-17,,4.358e-9,,,,1.922e-21,2.945e-4,1.570e-2,1.070e-28,,1.249e-21,,1.774e-16,4.246e-12,,3.838e-2,6.880e-18,,,,,,1.914e-18,,,,,,,,,,,,,,
753.8,5.344e-2,6.310e-20,3.116e-11,1.501e-37,2.228e-17,,,1.229e-18,1.963e-19,,7.370e-16,8.902e-18,8.593e-13,1.737e-17,2.194e-19,1.942e-29,5.885e-17,,,,4.125e-18,2.782e-36,1.373e-17,,4.550e-9,,,,1.922e-21,2.454e-4,1.589e-2,1.070e-28,,1.249e-21,,1.774e-16,3.254e-12,,3.731e-2,6.880e-18,,,,,,1.914e-18,,,,,,,,,,,,,,
753.82,5.257e-2,6.323e-20,2.748e-11,1.960e-37,2.228e-17,,,1.229e-18,1.963e-19,,7.372e-16,8.859e-18,9.351e-13,1.737e-17,2.195e-19,1.935e-29,5.887e-17,,,,4.125e-18,2.782e-36,1.373e-17,,4.743e-9,,,,1.922e-21,2.042e-4,1.615e-2,1.069e-28,,1.250e-21,,1.774e-16,2.491e-12,,3.622e-2,6.880e-18,,,,,,1.914e-18,,,,,,,,,,,,,,
753.85,5.139e-2,6.342e-20,2.269e-11,2.919e-37,2.229e-17,,,1.229e-18,1.964e-19,,7.375e-16,8.793e-18,1.059e-12,1.737e-17,2.197e-19,1.923e-29,5.891e-17,,,,4.126e-18,2.783e-36,1.372e-17,,5.037e-9,,,,1.921e-21,1.546e-4,1.668e-2,1.069e-28,,1.250e-21,,1.775e-16,1.664e-12,,3.455e-2,6.880e-18,,,,,,1.915e-18,,,,,,,,,,,,,,
753.87,5.068e-2,6.355e-20,1.994e-11,3.800e-37,2.229e-17,,,1.229e-18,1.964e-19,,7.377e-16,8.750e-18,1.148e-12,1.737e-17,2.198e-19,1.915e-29,5.893e-17,,,,4.126e-18,2.783e-36,1.372e-17,,5.233e-9,,,,1.921e-21,1.282e-4,1.712e-2,1.068e-28,,1.250e-21,,1.775e-16,1.269e-12,,3.343e-2,6.880e-18,,,,,,1.915e-18,,,,,,,,,,,,,,
753.9,4.975e-2,6.374e-20,1.639e-11,5.631e-37,2.229e-17,,,1.229e-18,1.964e-19,,7.380e-16,8.685e-18,1.294e-12,1.737e-17,2.200e-19,1.904e-29,5.896e-17,,,,4.127e-18,2.783e-36,1.372e-17,,5.529e-9,,,,1.921e-21,9.659e-5,1.792e-2,1.068e-28,,1.250e-21,,1.775e-16,8.432e-13,,3.173e-2,6.880e-18,,,,,,1.915e-18,,,,,,,,,,,,,,
753.92,4.922e-2,6.386e-20,1.435e-11,7.307e-37,2.230e-17,,,1.229e-18,1.965e-19,,7.382e-16,8.641e-18,1.399e-12,1.737e-17,2.201e-19,1.896e-29,5.898e-17,,,,4.127e-18,2.783e-36,1.372e-17,,5.725e-9,,,,1.920e-21,7.983e-5,1.854e-2,1.067e-28,,1.250e-21,,1.775e-16,6.410e-13,,3.060e-2,6.880e-18,,,,,,1.916e-18,,,,,,,,,,,,,,
753.95,4.855e-2,6.405e-20,1.173e-11,1.077e-36,2.230e-17,,,1.229e-18,1.965e-19,,7.384e-16,8.576e-18,1.568e-12,1.737e-17,2.203e-19,1.884e-29,5.901e-17,,,,4.128e-18,2.784e-36,1.372e-17,,6.018e-9,,,,1.920e-21,5.983e-5,1.959e-2,1.067e-28,,2.041e-21,,1.775e-16,4.238e-13,,2.890e-2,6.880e-18,,,,,,1.916e-18,,,,,,,,,,,,,,
753.97,4.820e-2,6.418e-20,1.024e-11,1.393e-36,2.230e-17,,,1.229e-18,1.966e-19,,7.386e-16,8.532e-18,1.689e-12,1.737e-17,2.204e-19,1.877e-29,5.903e-17,,,,4.128e-18,2.784e-36,1.372e-17,,6.211e-9,,,,1.920e-21,4.928e-5,2.038e-2,1.066e-28,,2.824e-21,,1.776e-16,3.210e-13,,2.777e-2,6.880e-18,,,,,,1.916e-18,,,,,,,,,,,,,,
754,4.781e-2,6.437e-20,8.330e-12,2.044e-36,2.231e-17,,,1.229e-18,1.966e-19,,7.389e-16,8.467e-18,1.884e-12,1.737e-17,2.205e-19,1.865e-29,5.906e-17,,,,4.129e-18,2.784e-36,1.371e-17,,6.496e-9,,,,1.920e-21,3.675e-5,2.167e-2,1.066e-28,,4.586e-21,,1.776e-16,2.112e-13,,2.610e-2,6.880e-18,,,,,,1.917e-18,,,,,,,,,,,,,,
754.02,4.764e-2,6.450e-20,7.246e-12,2.634e-36,2.231e-17,,,1.229e-18,1.966e-19,,7.391e-16,8.423e-18,2.023e-12,1.737e-17,2.207e-19,1.857e-29,5.908e-17,,,,4.129e-18,2.784e-36,1.371e-17,,6.682e-9,,,,1.919e-21,3.017e-5,2.261e-2,1.065e-28,,6.325e-21,,1.776e-16,1.594e-13,,2.500e-2,6.880e-18,,,,,,1.917e-18,,,,,,,,,,,,,,
754.05,4.752e-2,6.469e-20,5.864e-12,3.846e-36,2.232e-17,,,1.229e-18,1.967e-19,,7.394e-16,8.358e-18,2.245e-12,1.737e-17,2.208e-19,1.846e-29,5.912e-17,,,,4.130e-18,2.785e-36,1.371e-17,,6.954e-9,,,,1.919e-21,2.238e-5,2.412e-2,1.065e-28,,1.022e-20,,1.776e-16,1.043e-13,,2.337e-2,6.880e-18,,,,,,1.917e-18,,,,,,,,,,,,,,
754.07,4.753e-2,6.482e-20,5.084e-12,4.940e-36,2.232e-17,,,1.229e-18,1.967e-19,,7.396e-16,8.314e-18,2.403e-12,1.737e-17,2.209e-19,1.838e-29,5.914e-17,,,,4.130e-18,2.785e-36,1.371e-17,,7.129e-9,,,,1.919e-21,1.831e-5,2.520e-2,1.064e-28,,1.405e-20,,1.777e-16,7.850e-14,,2.231e-2,6.880e-18,,,,,,1.917e-18,,,,,,,,,,,,,,
754.1,4.768e-2,6.501e-20,4.093e-12,7.175e-36,2.233e-17,,,1.229e-18,1.968e-19,,7.398e-16,8.249e-18,2.653e-12,1.737e-17,2.211e-19,1.826e-29,5.917e-17,,,,4.130e-18,2.785e-36,1.371e-17,,7.381e-9,,,,1.918e-21,1.352e-5,2.692e-2,1.063e-28,,2.259e-20,,1.777e-16,5.111e-14,,2.075e-2,6.880e-18,,,,,,1.918e-18,,,,,,,,,,,,,,
754.12,4.787e-2,6.513e-20,3.537e-12,9.187e-36,2.233e-17,,,1.228e-18,1.968e-19,,7.400e-16,8.205e-18,2.830e-12,1.737e-17,2.212e-19,1.818e-29,5.919e-17,,,,4.131e-18,2.785e-36,1.370e-17,,7.542e-9,,,,1.918e-21,1.102e-5,2.812e-2,1.063e-28,,3.095e-20,,1.777e-16,3.833e-14,,1.974e-2,6.880e-18,,,,,,1.918e-18,,,,,,,,,,,,,,
754.15,4.829e-2,6.532e-20,2.833e-12,1.328e-35,2.233e-17,,,1.228e-18,1.968e-19,,7.403e-16,8.140e-18,3.109e-12,1.737e-17,2.214e-19,1.807e-29,5.922e-17,,,,4.131e-18,2.785e-36,1.370e-17,,7.770e-9,,,,1.918e-21,8.092e-6,3.001e-2,1.062e-28,,4.952e-20,,1.777e-16,2.483e-14,,1.827e-2,6.880e-18,,,,,,1.918e-18,,,,,,,,,,,,,,
754.17,4.865e-2,6.545e-20,2.440e-12,1.694e-35,2.234e-17,,,1.228e-18,1.969e-19,,7.405e-16,8.096e-18,3.305e-12,1.737e-17,2.215e-19,1.799e-29,5.924e-17,,,,4.132e-18,2.786e-36,1.370e-17,,7.912e-9,,,,1.918e-21,6.576e-6,3.131e-2,1.062e-28,,6.762e-20,,1.777e-16,1.856e-14,,1.733e-2,6.880e-18,,,,,,1.919e-18,,,,,,,,,,,,,,
754.19,4.907e-2,6.558e-20,2.098e-12,2.159e-35,2.234e-17,,,1.228e-18,1.969e-19,,7.407e-16,8.053e-18,3.508e-12,1.737e-17,2.216e-19,1.791e-29,5.926e-17,,,,4.132e-18,2.786e-36,1.370e-17,,8.046e-9,,,,1.917e-21,5.336e-6,3.266e-2,1.062e-28,,9.222e-20,,1.778e-16,1.385e-14,,1.641e-2,6.880e-18,,,,,,1.919e-18,,,,,,,,,,,,,,
754.22,4.982e-2,6.577e-20,1.669e-12,3.099e-35,2.235e-17,,,1.228e-18,1.970e-19,,7.410e-16,7.988e-18,3.827e-12,1.737e-17,2.218e-19,1.780e-29,5.930e-17,,,,4.133e-18,2.786e-36,1.370e-17,,8.231e-9,,,,1.917e-21,3.891e-6,3.474e-2,1.061e-28,,1.465e-19,,1.778e-16,8.906e-15,,1.508e-2,6.880e-18,,,,,,1.919e-18,,,,,,,,,,,,,,
754.24,5.039e-2,6.590e-20,1.430e-12,3.936e-35,2.235e-17,,,1.228e-18,1.970e-19,,7.411e-16,7.944e-18,4.049e-12,1.737e-17,2.219e-19,1.772e-29,5.932e-17,,,,4.133e-18,2.786e-36,1.370e-17,,8.342e-9,,,,1.917e-21,3.147e-6,3.616e-2,1.061e-28,,1.992e-19,,1.778e-16,6.625e-15,,1.423e-2,6.880e-18,,,,,,1.920e-18,,,,,,,,,,,,,,
754.27,5.134e-2,6.609e-20,1.132e-12,5.621e-35,2.235e-17,,,1.228e-18,1.970e-19,,7.414e-16,7.879e-18,4.395e-12,1.737e-17,2.221e-19,1.760e-29,5.935e-17,,,,4.134e-18,2.787e-36,1.369e-17,,8.491e-9,,,,1.916e-21,2.283e-6,3.833e-2,1.060e-28,,3.148e-19,,1.778e-16,4.239e-15,,1.301e-2,6.880e-18,,,,,,1.920e-18,,,,,,,,,,,,,,
754.29,5.204e-2,6.621e-20,9.668e-13,7.116e-35,2.236e-17,,,1.228e-18,1.971e-19,,7.416e-16,7.835e-18,4.634e-12,1.737e-17,2.222e-19,1.753e-29,5.937e-17,,,,4.134e-18,2.787e-36,1.369e-17,,8.577e-9,,,,1.916e-21,1.840e-6,3.980e-2,1.060e-28,,4.265e-19,,1.778e-16,3.142e-15,,1.224e-2,6.880e-18,,,,,,1.920e-18,,,,,,,,,,,,,,
754.32,5.316e-2,6.640e-20,7.612e-13,1.011e-34,2.236e-17,,,1.228e-18,1.971e-19,,7.419e-16,7.770e-18,5.005e-12,1.737e-17,2.224e-19,1.741e-29,5.940e-17,,,,4.135e-18,2.787e-36,1.369e-17,,8.685e-9,,,,1.916e-21,1.328e-6,4.203e-2,1.059e-28,,6.709e-19,,1.779e-16,2.000e-15,,1.113e-2,6.880e-18,,,,,,1.921e-18,,,,,,,,,,,,,,
754.34,5.396e-2,6.653e-20,6.480e-13,1.276e-34,2.237e-17,,,1.228e-18,1.972e-19,,7.421e-16,7.726e-18,5.260e-12,1.737e-17,2.225e-19,1.733e-29,5.942e-17,,,,4.135e-18,2.787e-36,1.369e-17,,8.744e-9,,,,1.916e-21,1.067e-6,4.352e-2,1.058e-28,,9.059e-19,,1.779e-16,1.478e-15,,1.043e-2,6.880e-18,,,,,,1.921e-18,,,,,,,,,,,,,,
754.37,5.521e-2,6.672e-20,5.077e-13,1.804e-34,2.237e-17,,,1.228e-18,1.972e-19,,7.424e-16,7.661e-18,5.653e-12,1.737e-17,2.227e-19,1.722e-29,5.945e-17,,,,4.135e-18,2.787e-36,1.369e-17,,8.810e-9,,,,1.915e-21,7.661e-7,4.577e-2,1.058e-28,,1.418e-18,,1.779e-16,9.360e-16,,9.446e-3,6.880e-18,,,,,,1.921e-18,,,,,,,,,,,,,,
754.39,5.608e-2,6.685e-20,4.307e-13,2.268e-34,2.237e-17,,,1.228e-18,1.972e-19,,7.425e-16,7.617e-18,5.921e-12,1.737e-17,2.228e-19,1.714e-29,5.947e-17,,,,4.136e-18,2.788e-36,1.369e-17,,8.840e-9,,,,1.915e-21,6.133e-7,4.725e-2,1.057e-28,,1.908e-18,,1.779e-16,6.891e-16,,8.824e-3,6.880e-18,,,,,,1.921e-18,,,,,,,,,,,,,,
754.42,5.741e-2,6.704e-20,3.357e-13,3.191e-34,2.238e-17,,,1.228e-18,1.973e-19,,7.428e-16,7.552e-18,6.331e-12,1.737e-17,2.229e-19,1.702e-29,5.951e-17,,,,4.136e-18,2.788e-36,1.368e-17,,8.862e-9,,,,1.915e-21,4.382e-7,4.947e-2,1.057e-28,,2.972e-18,,1.780e-16,4.342e-16,,7.947e-3,6.880e-18,,,,,,1.922e-18,,,,,,,,,,,,,,
754.44,5.832e-2,6.717e-20,2.838e-13,3.999e-34,2.238e-17,,,1.228e-18,1.973e-19,,7.430e-16,7.508e-18,6.608e-12,1.737e-17,2.231e-19,1.694e-29,5.953e-17,,,,4.137e-18,2.788e-36,1.368e-17,,8.862e-9,,,,1.914e-21,3.496e-7,5.092e-2,1.056e-28,,3.986e-18,,1.780e-16,3.186e-16,,7.399e-3,6.880e-18,,,,,,1.922e-18,,,,,,,,,,,,,,
754.47,5.968e-2,6.736e-20,2.201e-13,5.598e-34,2.239e-17,,,1.228e-18,1.974e-19,,7.433e-16,7.443e-18,7.030e-12,1.737e-17,2.232e-19,1.683e-29,5.956e-17,,,,4.137e-18,2.788e-36,1.368e-17,,8.840e-9,,,,1.914e-21,2.485e-7,5.305e-2,1.056e-28,,6.176e-18,,1.780e-16,1.998e-16,,6.630e-3,6.880e-18,,,,,,1.922e-18,,,,,,,,,,,,,,
754.49,6.059e-2,6.748e-20,1.855e-13,6.993e-34,2.239e-17,,,1.228e-18,1.974e-19,,7.435e-16,7.399e-18,7.314e-12,1.737e-17,2.233e-19,1.675e-29,5.958e-17,,,,4.138e-18,2.789e-36,1.368e-17,,8.810e-9,,,,1.914e-21,1.976e-7,5.444e-2,1.055e-28,,8.257e-18,,1.780e-16,1.461e-16,,6.152e-3,6.880e-18,,,,,,1.923e-18,,,,,,,,,,,,,,
754.52,6.193e-2,6.768e-20,1.431e-13,9.739e-34,2.239e-17,,,1.228e-18,1.974e-19,,7.438e-16,7.334e-18,7.742e-12,1.737e-17,2.235e-19,1.663e-29,5.961e-17,,,,4.138e-18,2.789e-36,1.368e-17,,8.744e-9,,,,1.914e-21,1.398e-7,5.645e-2,1.055e-28,,1.273e-17,,1.781e-16,9.111e-17,,5.485e-3,6.880e-18,,,,,,1.923e-18,,,,,,,,,,,,,,
754.54,6.281e-2,6.780e-20,1.202e-13,1.213e-33,2.240e-17,,,1.227e-18,1.975e-19,,7.440e-16,7.291e-18,8.028e-12,1.737e-17,2.236e-19,1.656e-29,5.963e-17,,,,4.139e-18,2.789e-36,1.368e-17,,8.685e-9,,,,1.913e-21,1.108e-7,5.774e-2,1.054e-28,,1.696e-17,,1.781e-16,6.640e-17,,5.073e-3,6.880e-18,,,,,,1.923e-18,,,,,,,,,,,,,,
754.56,6.366e-2,6.793e-20,1.008e-13,1.508e-33,2.240e-17,,,1.227e-18,1.975e-19,,7.441e-16,7.247e-18,8.313e-12,1.736e-17,2.237e-19,1.648e-29,5.965e-17,,,,4.139e-18,2.789e-36,1.367e-17,,8.616e-9,,,,1.913e-21,8.766e-8,5.898e-2,1.054e-28,,2.257e-17,,1.781e-16,4.833e-17,,4.685e-3,6.880e-18,,,,,,1.923e-18,,,,,,,,,,,,,,
754.59,6.489e-2,6.812e-20,7.722e-14,2.085e-33,2.241e-17,,,1.227e-18,1.976e-19,,7.444e-16,7.182e-18,8.738e-12,1.736e-17,2.239e-19,1.636e-29,5.969e-17,,,,4.140e-18,2.789e-36,1.367e-17,,8.490e-9,,,,1.913e-21,6.155e-8,6.074e-2,1.053e-28,,3.457e-17,,1.781e-16,2.993e-17,,4.147e-3,6.880e-18,,,,,,1.924e-18,,,,,,,,,,,,,,
754.61,6.566e-2,6.825e-20,6.455e-14,2.584e-33,2.241e-17,,,1.227e-18,1.976e-19,,7.446e-16,7.138e-18,9.018e-12,1.736e-17,2.240e-19,1.629e-29,5.971e-17,,,,4.140e-18,2.790e-36,1.367e-17,,8.394e-9,,,,1.912e-21,4.855e-8,6.184e-2,1.053e-28,,4.584e-17,,1.781e-16,2.171e-17,,3.817e-3,6.880e-18,,,,,,1.924e-18,,,,,,,,,,,,,,
754.64,6.674e-2,6.844e-20,4.920e-14,3.556e-33,2.241e-17,,,1.227e-18,1.976e-19,,7.449e-16,7.073e-18,9.431e-12,1.736e-17,2.242e-19,1.617e-29,5.974e-17,,,,4.140e-18,2.790e-36,1.367e-17,,8.231e-9,,,,1.912e-21,3.392e-8,6.337e-2,1.052e-28,,6.984e-17,,1.782e-16,1.338e-17,,3.363e-3,6.880e-18,,,,,,1.924e-18,,,,,,,,,,,,,,
754.66,6.739e-2,6.856e-20,4.098e-14,4.392e-33,2.242e-17,,,1.227e-18,1.977e-19,,7.451e-16,7.029e-18,9.700e-12,1.736e-17,2.243e-19,1.609e-29,5.976e-17,,,,4.141e-18,2.790e-36,1.367e-17,,8.110e-9,,,,1.912e-21,2.666e-8,6.431e-2,1.052e-28,,9.233e-17,,1.782e-16,9.669e-18,,3.085e-3,6.880e-18,,,,,,1.925e-18,,,,,,,,,,,,,,
754.69,6.828e-2,6.876e-20,3.108e-14,6.014e-33,2.242e-17,,,1.227e-18,1.977e-19,,7.454e-16,6.964e-18,1.009e-11,1.736e-17,2.245e-19,1.598e-29,5.979e-17,,,,4.141e-18,2.790e-36,1.366e-17,,7.912e-9,,,,1.912e-21,1.853e-8,6.558e-2,1.051e-28,,1.400e-16,,1.782e-16,5.927e-18,,2.703e-3,6.880e-18,,,,,,1.925e-18,,,,,,,,,,,,,,
754.71,6.880e-2,6.888e-20,2.580e-14,7.404e-33,2.243e-17,,,1.227e-18,1.978e-19,,7.455e-16,6.920e-18,1.035e-11,1.736e-17,2.246e-19,1.590e-29,5.981e-17,,,,4.142e-18,2.790e-36,1.366e-17,,7.770e-9,,,,1.911e-21,1.452e-8,6.632e-2,1.051e-28,,1.844e-16,,1.782e-16,4.270e-18,,2.471e-3,6.880e-18,,,,,,1.925e-18,,,,,,,,,,,,,,
754.74,6.945e-2,6.907e-20,1.947e-14,1.009e-32,2.243e-17,,,1.227e-18,1.978e-19,,7.458e-16,6.855e-18,1.071e-11,1.736e-17,2.248e-19,1.578e-29,5.984e-17,,,,4.142e-18,2.791e-36,1.366e-17,,7.542e-9,,,,1.911e-21,1.004e-8,6.729e-2,1.050e-28,,2.782e-16,,1.783e-16,2.604e-18,,2.155e-3,6.880e-18,,,,,,1.926e-18,,,,,,,,,,,,,,
754.76,6.980e-2,6.920e-20,1.611e-14,1.238e-32,2.243e-17,,,1.227e-18,1.978e-19,,7.460e-16,6.811e-18,1.095e-11,1.736e-17,2.249e-19,1.570e-29,5.987e-17,,,,4.143e-18,2.791e-36,1.366e-17,,7.381e-9,,,,1.911e-21,7.839e-9,6.784e-2,1.050e-28,,3.653e-16,,1.783e-16,2.601e-18,,1.964e-3,6.880e-18,,,,,,1.926e-18,,,,,,,,,,,,,,
754.79,7.019e-2,6.939e-20,1.209e-14,1.678e-32,2.244e-17,,,1.227e-18,1.979e-19,,7.463e-16,6.746e-18,1.128e-11,1.736e-17,2.250e-19,1.559e-29,5.990e-17,,,,4.143e-18,2.791e-36,1.366e-17,,7.129e-9,,,,1.910e-21,5.394e-9,6.848e-2,1.049e-28,,5.482e-16,,1.783e-16,2.595e-18,,1.704e-3,6.880e-18,,,,,,1.926e-18,,,,,,,,,,,,,,
754.81,7.035e-2,6.952e-20,9.973e-15,2.052e-32,2.244e-17,,,1.227e-18,1.979e-19,,7.465e-16,6.702e-18,1.148e-11,1.736e-17,2.252e-19,1.551e-29,5.992e-17,,,,4.144e-18,2.791e-36,1.366e-17,,6.954e-9,,,,1.910e-21,4.197e-9,6.880e-2,1.049e-28,,7.175e-16,,1.783e-16,2.592e-18,,1.547e-3,6.880e-18,,,,,,1.926e-18,,,,,,,,,,,,,,
754.84,7.045e-2,6.971e-20,7.449e-15,2.768e-32,2.245e-17,,,1.227e-18,1.980e-19,,7.468e-16,6.637e-18,1.177e-11,1.736e-17,2.253e-19,1.539e-29,5.995e-17,,,,4.144e-18,2.792e-36,1.365e-17,,6.682e-9,,,,1.910e-21,2.873e-9,6.911e-2,1.048e-28,,1.072e-15,,1.783e-16,2.586e-18,,1.335e-3,6.880e-18,,,,,,1.927e-18,,,,,,,,,,,,,,
754.86,7.041e-2,6.984e-20,6.122e-15,3.373e-32,2.245e-17,,,1.227e-18,1.980e-19,,7.469e-16,6.594e-18,1.194e-11,1.736e-17,2.254e-19,1.532e-29,5.997e-17,,,,4.144e-18,2.792e-36,1.365e-17,,6.496e-9,,,,1.910e-21,2.228e-9,6.921e-2,1.048e-28,,1.398e-15,,1.784e-16,2.583e-18,,1.209e-3,6.880e-18,,,,,,1.927e-18,,,,,,,,,,,,,,
754.89,7.021e-2,7.003e-20,4.549e-15,4.527e-32,2.246e-17,,,1.227e-18,1.980e-19,,7.472e-16,6.528e-18,1.218e-11,1.736e-17,2.256e-19,1.520e-29,6.000e-17,,,,4.145e-18,2.792e-36,1.365e-17,,6.211e-9,,,,1.909e-21,1.518e-9,6.917e-2,1.047e-28,,2.077e-15,,1.784e-16,2.577e-18,,1.038e-3,6.880e-18,,,,,,1.927e-18,,,,,,,,,,,,,,
754.91,6.997e-2,7.015e-20,3.726e-15,5.500e-32,2.246e-17,,,1.227e-18,1.981e-19,,7.474e-16,6.485e-18,1.232e-11,1.736e-17,2.257e-19,1.512e-29,6.002e-17,,,,4.145e-18,2.792e-36,1.365e-17,,6.018e-9,,,,1.909e-21,1.173e-9,6.903e-2,1.047e-28,,2.701e-15,,1.784e-16,2.574e-18,,9.362e-4,6.880e-18,,,,,,1.928e-18,,,,,,,,,,,,,,
754.94,6.945e-2,7.034e-20,2.755e-15,7.345e-32,2.246e-17,,,1.227e-18,1.981e-19,,7.477e-16,6.419e-18,1.250e-11,1.736e-17,2.259e-19,1.501e-29,6.006e-17,,,,4.146e-18,2.793e-36,1.365e-17,,5.725e-9,,,,1.909e-21,7.948e-10,6.865e-2,1.046e-28,,3.994e-15,,1.784e-16,2.568e-18,,8.000e-4,6.880e-18,,,,,,1.928e-18,,,,,,,,,,,,,,
754.96,6.900e-2,7.047e-20,2.249e-15,8.892e-32,2.247e-17,,,1.227e-18,1.982e-19,,7.479e-16,6.376e-18,1.260e-11,1.736e-17,2.260e-19,1.493e-29,6.008e-17,,,,4.146e-18,2.793e-36,1.365e-17,,5.528e-9,,,,1.908e-21,6.121e-10,6.828e-2,1.045e-28,,5.175e-15,,1.784e-16,2.565e-18,,7.192e-4,6.880e-18,,,,,,1.928e-18,,,,,,,,,,,,,,
754.98,6.847e-2,7.060e-20,1.833e-15,1.075e-31,2.247e-17,,,1.226e-18,1.982e-19,,7.481e-16,6.332e-18,1.269e-11,1.736e-17,2.261e-19,1.485e-29,6.010e-17,,,,4.147e-18,2.793e-36,1.364e-17,,5.331e-9,,,,1.908e-21,4.708e-10,6.782e-2,1.045e-28,,6.696e-15,,1.785e-16,2.561e-18,,6.457e-4,6.880e-18,,,,,,1.929e-18,,,,,,,,,,,,,,
755.01,6.752e-2,7.079e-20,1.346e-15,1.426e-31,2.247e-17,,,1.226e-18,1.982e-19,,7.483e-16,6.267e-18,1.278e-11,1.736e-17,2.263e-19,1.474e-29,6.013e-17,,,,4.147e-18,2.793e-36,1.364e-17,,5.036e-9,,,,1.908e-21,3.168e-10,6.697e-2,1.044e-28,,9.833e-15,,1.785e-16,2.556e-18,,5.478e-4,6.880e-18,,,,,,1.929e-18,,,,,,,,,,,,,,
755.03,6.679e-2,7.092e-20,1.093e-15,1.718e-31,2.248e-17,,,1.226e-18,1.983e-19,,7.485e-16,6.223e-18,1.283e-11,1.736e-17,2.264e-19,1.466e-29,6.015e-17,,,,4.148e-18,2.793e-36,1.364e-17,,4.840e-9,,,,1.908e-21,2.428e-10,6.630e-2,1.044e-28,,1.268e-14,,1.785e-16,2.552e-18,,4.902e-4,6.880e-18,,,,,,1.929e-18,,,,,,,,,,,,,,
755.06,6.556e-2,7.111e-20,7.986e-16,2.267e-31,2.248e-17,,,1.226e-18,1.983e-19,,7.488e-16,6.158e-18,1.286e-11,1.736e-17,2.266e-19,1.454e-29,6.018e-17,,,,4.148e-18,2.794e-36,1.364e-17,,4.549e-9,,,,1.907e-21,1.626e-10,6.514e-2,1.043e-28,,1.853e-14,,1.785e-16,2.547e-18,,4.138e-4,6.880e-18,,,,,,1.930e-18,,,,,,,,,,,,,,
755.08,6.464e-2,7.123e-20,6.466e-16,2.723e-31,2.249e-17,,,1.226e-18,1.984e-19,,7.490e-16,6.114e-18,1.286e-11,1.736e-17,2.267e-19,1.446e-29,6.020e-17,,,,4.149e-18,2.794e-36,1.364e-17,,4.358e-9,,,,1.907e-21,1.242e-10,6.427e-2,1.043e-28,,2.382e-14,,1.786e-16,2.543e-18,,3.690e-4,6.880e-18,,,,,,1.930e-18,,,,,,,,,,,,,,
755.11,6.314e-2,7.142e-20,4.699e-16,3.576e-31,2.249e-17,,,1.226e-18,1.984e-19,,7.493e-16,6.049e-18,1.283e-11,1.736e-17,2.269e-19,1.435e-29,6.023e-17,,,,4.149e-18,2.794e-36,1.364e-17,,4.075e-9,,,,1.907e-21,8.272e-11,6.283e-2,1.042e-28,,3.463e-14,,1.786e-16,2.538e-18,,3.099e-4,6.880e-18,,,,,,1.930e-18,,,,,,,,,,,,,,
755.13,6.206e-2,7.155e-20,3.792e-16,4.280e-31,2.249e-17,,,1.226e-18,1.984e-19,,7.495e-16,6.005e-18,1.278e-11,1.736e-17,2.270e-19,1.427e-29,6.026e-17,,,,4.149e-18,2.794e-36,1.363e-17,,3.890e-9,,,,1.906e-21,6.298e-11,6.179e-2,1.042e-28,,4.437e-14,,1.786e-16,2.534e-18,,2.754e-4,6.880e-18,,,,,,1.930e-18,,,,,,,,,,,,,,
755.16,6.033e-2,7.174e-20,2.742e-16,5.592e-31,2.250e-17,,,1.226e-18,1.985e-19,,7.497e-16,5.940e-18,1.269e-11,1.736e-17,2.272e-19,1.415e-29,6.029e-17,,,,4.150e-18,2.795e-36,1.363e-17,,3.620e-9,,,,1.906e-21,4.174e-11,6.010e-2,1.041e-28,,6.419e-14,,1.786e-16,2.529e-18,,2.302e-4,6.880e-18,,,,,,1.931e-18,,,,,,,,,,,,,,
755.18,5.910e-2,7.187e-20,2.205e-16,6.672e-31,2.250e-17,,,1.226e-18,1.985e-19,,7.499e-16,5.897e-18,1.260e-11,1.736e-17,2.273e-19,1.408e-29,6.031e-17,,,,4.150e-18,2.795e-36,1.363e-17,,3.444e-9,,,,1.906e-21,3.167e-11,5.890e-2,1.041e-28,,8.197e-14,,1.786e-16,2.525e-18,,2.039e-4,6.880e-18,,,,,,1.931e-18,,,,,,,,,,,,,,
755.21,5.717e-2,7.206e-20,1.586e-16,8.673e-31,2.251e-17,,,1.226e-18,1.986e-19,,7.502e-16,5.831e-18,1.244e-11,1.736e-17,2.274e-19,1.396e-29,6.034e-17,,,,4.151e-18,2.795e-36,1.363e-17,,3.189e-9,,,,1.906e-21,2.088e-11,5.700e-2,1.040e-28,,1.180e-13,,1.787e-16,2.520e-18,,1.695e-4,6.880e-18,,,,,,1.931e-18,,,,,,,,,,,,,,
755.23,5.583e-2,7.219e-20,1.271e-16,1.031e-30,2.251e-17,,,1.226e-18,1.986e-19,,7.504e-16,5.788e-18,1.232e-11,1.736e-17,2.276e-19,1.388e-29,6.036e-17,,,,4.151e-18,2.795e-36,1.363e-17,,3.024e-9,,,,1.905e-21,1.579e-11,5.568e-2,1.040e-28,,1.502e-13,,1.787e-16,2.517e-18,,1.497e-4,6.880e-18,,,,,,1.932e-18,,,,,,,,,,,,,,
755.26,5.374e-2,7.238e-20,9.100e-17,1.334e-30,2.252e-17,,,1.226e-18,1.987e-19,,7.507e-16,5.722e-18,1.211e-11,1.736e-17,2.277e-19,1.377e-29,6.039e-17,,,,4.152e-18,2.795e-36,1.362e-17,,2.785e-9,,,,1.905e-21,1.036e-11,5.361e-2,1.039e-28,,2.151e-13,,1.787e-16,2.511e-18,,1.238e-4,6.880e-18,,,,,,1.932e-18,,,,,,,,,,,,,,
755.28,5.230e-2,7.250e-20,7.269e-17,1.581e-30,2.252e-17,,,1.226e-18,1.987e-19,,7.509e-16,5.679e-18,1.194e-11,1.736e-17,2.278e-19,1.369e-29,6.041e-17,,,,4.152e-18,2.796e-36,1.362e-17,,2.632e-9,,,,1.905e-21,7.806e-12,5.219e-2,1.039e-28,,2.728e-13,,1.787e-16,2.508e-18,,1.089e-4,6.880e-18,,,,,,1.932e-18,,,,,,,,,,,,,,
755.31,5.010e-2,7.269e-20,5.176e-17,2.035e-30,2.252e-17,,,1.226e-18,1.987e-19,,7.511e-16,5.613e-18,1.168e-11,1.736e-17,2.280e-19,1.357e-29,6.045e-17,,,,4.153e-18,2.796e-36,1.362e-17,,2.412e-9,,,,1.904e-21,5.095e-12,5.001e-2,1.038e-28,,3.888e-13,,1.788e-16,2.502e-18,,8.966e-5,6.880e-18,,,,,,1.933e-18,,,,,,,,,,,,,,
755.33,4.860e-2,7.282e-20,4.121e-17,2.404e-30,2.253e-17,,,1.226e-18,1.988e-19,,7.513e-16,5.570e-18,1.148e-11,1.736e-17,2.281e-19,1.350e-29,6.047e-17,,,,4.153e-18,2.796e-36,1.362e-17,,2.272e-9,,,,1.904e-21,3.827e-12,4.852e-2,1.038e-28,,4.916e-13,,1.788e-16,2.499e-18,,7.862e-5,6.880e-18,,,,,,1.933e-18,,,,,,,,,,,,,,
755.35,4.708e-2,7.295e-20,3.276e-17,2.835e-30,2.253e-17,,,1.226e-18,1.988e-19,,7.515e-16,5.526e-18,1.128e-11,1.736e-17,2.282e-19,1.342e-29,6.049e-17,,,,4.153e-18,2.796e-36,1.362e-17,,2.137e-9,,,,1.904e-21,2.870e-12,4.701e-2,1.037e-28,,6.207e-13,,1.788e-16,2.495e-18,,6.884e-5,6.880e-18,,,,,,1.933e-18,,,,,,,,,,,,,,
755.38,4.478e-2,7.314e-20,2.317e-17,3.624e-30,2.254e-17,,,1.226e-18,1.988e-19,,7.518e-16,5.461e-18,1.095e-11,1.735e-17,2.284e-19,1.330e-29,6.052e-17,,,,4.154e-18,2.796e-36,1.362e-17,,1.945e-9,,,,1.904e-21,1.860e-12,4.473e-2,1.037e-28,,8.785e-13,,1.788e-16,2.490e-18,,5.626e-5,6.880e-18,,,,,,1.933e-18,,,,,,,,,,,,,,
755.4,4.324e-2,7.327e-20,1.835e-17,4.260e-30,2.254e-17,,,1.225e-18,1.989e-19,,7.520e-16,5.417e-18,1.071e-11,1.735e-17,2.285e-19,1.322e-29,6.054e-17,,,,4.154e-18,2.797e-36,1.361e-17,,1.824e-9,,,,1.903e-21,1.391e-12,4.319e-2,1.036e-28,,1.106e-12,,1.788e-16,2.486e-18,,4.910e-5,6.880e-18,,,,,,1.934e-18,,,,,,,,,,,,,,
755.43,4.092e-2,7.346e-20,1.291e-17,5.418e-30,2.254e-17,,,1.225e-18,1.989e-19,,7.523e-16,5.352e-18,1.035e-11,1.735e-17,2.287e-19,1.311e-29,6.057e-17,,,,4.155e-18,2.797e-36,1.361e-17,,1.651e-9,,,,1.903e-21,8.965e-13,4.088e-2,1.036e-28,,1.557e-12,,1.789e-16,2.481e-18,,3.993e-5,6.880e-18,,,,,,1.934e-18,,,,,,,,,,,,,,
755.45,3.938e-2,7.358e-20,1.020e-17,6.349e-30,2.255e-17,,,1.225e-18,1.990e-19,,7.525e-16,5.308e-18,1.009e-11,1.735e-17,2.288e-19,1.303e-29,6.059e-17,,,,4.155e-18,2.797e-36,1.361e-17,,1.543e-9,,,,1.903e-21,6.679e-13,3.935e-2,1.035e-28,,1.953e-12,,1.789e-16,2.477e-18,,3.473e-5,6.880e-18,,,,,,1.934e-18,,,,,,,,,,,,,,
755.48,3.709e-2,7.377e-20,7.137e-18,8.033e-30,2.255e-17,,,1.225e-18,1.990e-19,,7.527e-16,5.243e-18,9.700e-12,1.735e-17,2.290e-19,1.292e-29,6.062e-17,,,,4.156e-18,2.797e-36,1.361e-17,,1.390e-9,,,,1.902e-21,4.284e-13,3.706e-2,1.035e-28,,2.736e-12,,1.789e-16,2.472e-18,,2.810e-5,6.880e-18,,,,,,1.935e-18,,,,,,,,,,,,,,
755.5,3.557e-2,7.390e-20,5.617e-18,9.382e-30,2.255e-17,,,1.225e-18,1.990e-19,,7.529e-16,5.200e-18,9.431e-12,1.735e-17,2.291e-19,1.284e-29,6.065e-17,,,,4.156e-18,2.798e-36,1.361e-17,,1.294e-9,,,,1.902e-21,3.181e-13,3.555e-2,1.034e-28,,3.421e-12,,1.789e-16,2.468e-18,,2.436e-5,6.880e-18,,,,,,1.935e-18,,,,,,,,,,,,,,
755.53,3.333e-2,7.409e-20,3.911e-18,1.181e-29,2.256e-17,,,1.225e-18,1.991e-19,,7.532e-16,5.134e-18,9.018e-12,1.735e-17,2.293e-19,1.272e-29,6.068e-17,,,,4.157e-18,2.798e-36,1.361e-17,,1.160e-9,,,,1.902e-21,2.030e-13,3.331e-2,1.034e-28,,4.769e-12,,1.790e-16,2.463e-18,,1.961e-5,6.880e-18,,,,,,1.935e-18,,,,,,,,,,,,,,
755.55,3.186e-2,7.422e-20,3.068e-18,1.375e-29,2.256e-17,,,1.225e-18,1.991e-19,,7.534e-16,5.091e-18,8.738e-12,1.735e-17,2.294e-19,1.264e-29,6.070e-17,,,,4.157e-18,2.798e-36,1.360e-17,,1.077e-9,,,,1.902e-21,1.502e-13,3.185e-2,1.033e-28,,5.942e-12,,1.790e-16,2.459e-18,,1.694e-5,6.880e-18,,,,,,1.935e-18,,,,,,,,,,,,,,
755.58,2.971e-2,7.441e-20,2.126e-18,1.723e-29,2.257e-17,,,1.225e-18,1.992e-19,,7.537e-16,5.025e-18,8.313e-12,1.735e-17,2.295e-19,1.253e-29,6.073e-17,,,,4.158e-18,2.798e-36,1.360e-17,,9.603e-10,,,,1.901e-21,9.539e-14,2.969e-2,1.033e-28,,8.244e-12,,1.790e-16,2.454e-18,,1.357e-5,6.880e-18,,,,,,1.936e-18,,,,,,,,,,,,,,
755.6,2.830e-2,7.454e-20,1.662e-18,1.999e-29,2.257e-17,,,1.225e-18,1.992e-19,,7.539e-16,4.982e-18,8.028e-12,1.735e-17,2.297e-19,1.245e-29,6.075e-17,,,,4.158e-18,2.798e-36,1.360e-17,,8.883e-10,,,,1.901e-21,7.035e-14,2.829e-2,1.032e-28,,1.024e-11,,1.790e-16,2.450e-18,,1.168e-5,6.880e-18,,,,,,1.936e-18,,,,,,,,,,,,,,
755.63,2.626e-2,7.473e-20,1.145e-18,2.491e-29,2.258e-17,,,1.225e-18,1.993e-19,,7.541e-16,4.916e-18,7.599e-12,1.735e-17,2.298e-19,1.233e-29,6.078e-17,,,,4.159e-18,2.799e-36,1.360e-17,,7.882e-10,,,,1.901e-21,4.444e-14,2.625e-2,1.031e-28,,1.413e-11,,1.791e-16,2.445e-18,,9.310e-6,6.880e-18,,,,,,1.936e-18,,,,,,,,,,,,,,
755.65,2.493e-2,7.485e-20,8.924e-19,2.881e-29,2.258e-17,,,1.225e-18,1.993e-19,,7.543e-16,4.873e-18,7.314e-12,1.735e-17,2.299e-19,1.226e-29,6.080e-17,,,,4.159e-18,2.799e-36,1.360e-17,,7.267e-10,,,,1.900e-21,3.266e-14,2.493e-2,1.031e-28,,1.749e-11,,1.791e-16,2.441e-18,,7.989e-6,6.880e-18,,,,,,1.937e-18,,,,,,,,,,,,,,
755.68,2.301e-2,7.505e-20,6.121e-19,3.573e-29,2.258e-17,,,1.225e-18,1.993e-19,,7.546e-16,4.808e-18,6.889e-12,1.735e-17,2.301e-19,1.214e-29,6.084e-17,,,,4.160e-18,2.799e-36,1.360e-17,,6.416e-10,,,,1.900e-21,2.053e-14,2.301e-2,1.030e-28,,2.403e-11,,1.791e-16,2.436e-18,,6.334e-6,6.879e-18,,,,,,1.937e-18,,,,,,,,,,,,,,
755.7,2.178e-2,7.517e-20,4.752e-19,4.117e-29,2.259e-17,,,1.225e-18,1.994e-19,,7.548e-16,4.764e-18,6.608e-12,1.735e-17,2.302e-19,1.206e-29,6.086e-17,,,,4.160e-18,2.799e-36,1.359e-17,,5.895e-10,,,,1.900e-21,1.504e-14,2.178e-2,1.030e-28,,2.964e-11,,1.791e-16,2.433e-18,,5.417e-6,6.879e-18,,,,,,1.937e-18,,,,,,,,,,,,,,
755.72,2.059e-2,7.530e-20,3.685e-19,4.739e-29,2.259e-17,,,1.225e-18,1.994e-19,,7.550e-16,4.720e-18,6.331e-12,1.735e-17,2.303e-19,1.199e-29,6.088e-17,,,,4.160e-18,2.800e-36,1.359e-17,,5.409e-10,,,,1.900e-21,1.100e-14,2.058e-2,1.030e-28,,3.652e-11,,1.791e-16,2.429e-18,,4.627e-6,6.879e-18,,,,,,1.938e-18,,,,,,,,,,,,,,
755.75,1.887e-2,7.549e-20,2.509e-19,5.837e-29,2.260e-17,,,1.225e-18,1.994e-19,,7.553e-16,4.655e-18,5.921e-12,1.735e-17,2.305e-19,1.187e-29,6.091e-17,,,,4.161e-18,2.800e-36,1.359e-17,,4.742e-10,,,,1.899e-21,6.865e-15,1.886e-2,1.029e-28,,4.981e-11,,1.792e-16,2.424e-18,,3.643e-6,6.879e-18,,,,,,1.938e-18,,,,,,,,,,,,,,
755.77,1.777e-2,7.562e-20,1.939e-19,6.695e-29,2.260e-17,,,1.225e-18,1.995e-19,,7.554e-16,4.611e-18,5.653e-12,1.735e-17,2.306e-19,1.179e-29,6.093e-17,,,,4.161e-18,2.800e-36,1.359e-17,,4.336e-10,,,,1.899e-21,5.005e-15,1.777e-2,1.029e-28,,6.116e-11,,1.792e-16,2.420e-18,,3.101e-6,6.879e-18,,,,,,1.938e-18,,,,,,,,,,,,,,
755.8,1.621e-2,7.581e-20,1.314e-19,8.205e-29,2.260e-17,,,1.225e-18,1.995e-19,,7.557e-16,4.546e-18,5.260e-12,1.735e-17,2.308e-19,1.168e-29,6.096e-17,,,,4.162e-18,2.800e-36,1.359e-17,,3.783e-10,,,,1.899e-21,3.108e-15,1.621e-2,1.028e-28,,8.301e-11,,1.792e-16,2.415e-18,,2.429e-6,6.879e-18,,,,,,1.939e-18,,,,,,,,,,,,,,
755.82,1.522e-2,7.593e-20,1.012e-19,9.381e-29,2.261e-17,,,1.225e-18,1.996e-19,,7.559e-16,4.503e-18,5.005e-12,1.735e-17,2.309e-19,1.160e-29,6.098e-17,,,,4.162e-18,2.800e-36,1.359e-17,,3.448e-10,,,,1.898e-21,2.258e-15,1.521e-2,1.027e-28,,1.016e-10,,1.792e-16,2.411e-18,,2.061e-6,6.879e-18,,,,,,1.939e-18,,,,,,,,,,,,,,
755.85,1.381e-2,7.613e-20,6.821e-20,1.144e-28,2.261e-17,,,1.224e-18,1.996e-19,,7.562e-16,4.437e-18,4.634e-12,1.735e-17,2.311e-19,1.148e-29,6.101e-17,,,,4.163e-18,2.801e-36,1.358e-17,,2.992e-10,,,,1.898e-21,1.395e-15,1.381e-2,1.027e-28,,1.372e-10,,1.792e-16,2.406e-18,,1.606e-6,6.879e-18,,,,,,1.939e-18,,,,,,,,,,,,,,
755.87,1.292e-2,7.625e-20,5.236e-20,1.303e-28,2.262e-17,,,1.224e-18,1.996e-19,,7.564e-16,4.394e-18,4.395e-12,1.735e-17,2.312e-19,1.140e-29,6.104e-17,,,,4.163e-18,2.801e-36,1.358e-17,,2.718e-10,,,,1.898e-21,1.010e-15,1.292e-2,1.026e-28,,1.673e-10,,1.793e-16,2.402e-18,,1.358e-6,6.879e-18,,,,,,1.939e-18,,,,,,,,,,,,,,
755.9,1.166e-2,7.644e-20,3.512e-20,1.582e-28,2.262e-17,,,1.224e-18,1.997e-19,,7.567e-16,4.328e-18,4.049e-12,1.735e-17,2.314e-19,1.129e-29,6.107e-17,,,,4.164e-18,2.801e-36,1.358e-17,,2.347e-10,,,,1.898e-21,6.208e-16,1.166e-2,1.026e-28,,2.249e-10,,1.793e-16,2.397e-18,,1.053e-6,6.879e-18,,,,,,1.940e-18,,,,,,,,,,,,,,
755.92,1.088e-2,7.657e-20,2.686e-20,1.796e-28,2.262e-17,,,1.224e-18,1.997e-19,,7.568e-16,4.285e-18,3.827e-12,1.735e-17,2.315e-19,1.121e-29,6.109e-17,,,,4.164e-18,2.801e-36,1.358e-17,,2.125e-10,,,,1.897e-21,4.480e-16,1.088e-2,1.025e-28,,2.734e-10,,1.793e-16,2.393e-18,,8.872e-7,6.879e-18,,,,,,1.940e-18,,,,,,,,,,,,,,
755.95,9.770e-3,7.676e-20,1.793e-20,2.168e-28,2.263e-17,,,1.224e-18,1.998e-19,,7.571e-16,4.219e-18,3.508e-12,1.735e-17,2.317e-19,1.109e-29,6.112e-17,,,,4.165e-18,2.802e-36,1.358e-17,,1.826e-10,,,,1.897e-21,2.739e-16,9.769e-3,1.025e-28,,3.655e-10,,1.793e-16,2.388e-18,,6.845e-7,6.879e-18,,,,,,1.940e-18,,,,,,,,,,,,,,
755.97,9.081e-3,7.689e-20,1.367e-20,2.455e-28,2.263e-17,,,1.224e-18,1.998e-19,,7.573e-16,4.176e-18,3.305e-12,1.735e-17,2.318e-19,1.102e-29,6.114e-17,,,,4.165e-18,2.802e-36,1.357e-17,,1.647e-10,,,,1.897e-21,1.970e-16,9.080e-3,1.024e-28,,4.429e-10,,1.794e-16,2.384e-18,,5.749e-7,6.879e-18,,,,,,1.941e-18,,,,,,,,,,,,,,
756,8.116e-3,7.708e-20,9.074e-21,2.949e-28,2.264e-17,,,1.224e-18,1.999e-19,,7.576e-16,4.111e-18,3.014e-12,1.735e-17,2.319e-19,1.090e-29,6.117e-17,,,,4.165e-18,2.802e-36,1.357e-17,,1.408e-10,,,,1.896e-21,1.971e-16,8.115e-3,1.024e-28,,5.893e-10,,1.794e-16,2.379e-18,,4.413e-7,6.879e-18,,,,,,1.941e-18,,,,,,,,,,,,,,
756.02,7.518e-3,7.721e-20,6.894e-21,3.326e-28,2.264e-17,,,1.224e-18,1.999e-19,,7.578e-16,4.067e-18,2.830e-12,1.735e-17,2.320e-19,1.082e-29,6.119e-17,,,,4.166e-18,2.802e-36,1.357e-17,,1.266e-10,,,,1.896e-21,1.971e-16,7.517e-3,1.023e-28,,7.116e-10,,1.794e-16,2.375e-18,,3.694e-7,6.879e-18,,,,,,1.941e-18,,,,,,,,,,,,,,
756.05,6.685e-3,7.740e-20,4.554e-21,3.976e-28,2.264e-17,,,1.224e-18,1.999e-19,,7.581e-16,4.002e-18,2.568e-12,1.735e-17,2.322e-19,1.071e-29,6.123e-17,,,,4.166e-18,2.802e-36,1.357e-17,,1.077e-10,,,,1.896e-21,1.971e-16,6.685e-3,1.023e-28,,9.421e-10,,1.794e-16,2.370e-18,,2.821e-7,6.879e-18,,,,,,1.942e-18,,,,,,,,,,,,,,
756.07,6.172e-3,7.752e-20,3.448e-21,4.471e-28,2.265e-17,,,1.224e-18,2.000e-19,,7.582e-16,3.958e-18,2.403e-12,1.735e-17,2.323e-19,1.063e-29,6.125e-17,,,,4.167e-18,2.803e-36,1.357e-17,,9.653e-11,,,,1.896e-21,1.971e-16,6.172e-3,1.022e-28,,1.134e-9,,1.794e-16,2.366e-18,,2.353e-7,6.879e-18,,,,,,1.942e-18,,,,,,,,,,,,,,
756.09,5.690e-3,7.765e-20,2.608e-21,5.020e-28,2.265e-17,,,1.224e-18,2.000e-19,,7.584e-16,3.914e-18,2.245e-12,1.735e-17,2.324e-19,1.055e-29,6.127e-17,,,,4.167e-18,2.803e-36,1.357e-17,,8.640e-11,,,,1.895e-21,1.972e-16,5.690e-3,1.022e-28,,1.363e-9,,1.795e-16,2.363e-18,,1.960e-7,6.879e-18,,,,,,1.942e-18,,,,,,,,,,,,,,
756.12,5.025e-3,7.784e-20,1.710e-21,5.959e-28,2.266e-17,,,1.224e-18,2.000e-19,,7.587e-16,3.849e-18,2.023e-12,1.735e-17,2.326e-19,1.044e-29,6.130e-17,,,,4.168e-18,2.803e-36,1.356e-17,,7.297e-11,,,,1.895e-21,1.972e-16,5.025e-3,1.021e-28,,1.792e-9,,1.795e-16,2.357e-18,,1.487e-7,6.879e-18,,,,,,1.942e-18,,,,,,,,,,,,,,
756.14,4.617e-3,7.797e-20,1.289e-21,6.669e-28,2.266e-17,,,1.224e-18,2.001e-19,,7.589e-16,3.806e-18,1.884e-12,1.735e-17,2.327e-19,1.036e-29,6.132e-17,,,,4.168e-18,2.803e-36,1.356e-17,,6.509e-11,,,,1.895e-21,1.972e-16,4.617e-3,1.021e-28,,2.147e-9,,1.795e-16,2.354e-18,,1.234e-7,6.879e-18,,,,,,1.943e-18,,,,,,,,,,,,,,
756.17,4.057e-3,7.816e-20,8.412e-22,7.876e-28,2.266e-17,,,1.224e-18,2.001e-19,,7.592e-16,3.740e-18,1.689e-12,1.734e-17,2.329e-19,1.024e-29,6.135e-17,,,,4.169e-18,2.804e-36,1.356e-17,,5.470e-11,,,,1.894e-21,1.972e-16,4.057e-3,1.020e-28,,2.808e-9,,1.795e-16,2.349e-18,,9.314e-8,6.879e-18,,,,,,1.943e-18,,,,,,,,,,,,,,
756.19,3.715e-3,7.829e-20,6.319e-22,8.785e-28,2.267e-17,,,1.224e-18,2.002e-19,,7.594e-16,3.697e-18,1.568e-12,1.734e-17,2.330e-19,1.016e-29,6.137e-17,,,,4.169e-18,2.804e-36,1.356e-17,,4.863e-11,,,,1.894e-21,1.973e-16,3.715e-3,1.020e-28,,3.354e-9,,1.796e-16,2.345e-18,,7.707e-8,6.879e-18,,,,,,1.943e-18,,,,,,,,,,,,,,
756.22,3.248e-3,7.848e-20,4.103e-22,1.032e-27,2.267e-17,,,1.224e-18,2.002e-19,,7.596e-16,3.631e-18,1.399e-12,1.734e-17,2.332e-19,1.005e-29,6.141e-17,,,,4.169e-18,2.804e-36,1.356e-17,,4.066e-11,,,,1.894e-21,1.973e-16,3.248e-3,1.019e-28,,4.365e-9,,1.796e-16,2.340e-18,,5.786e-8,6.879e-18,,,,,,1.944e-18,,,,,,,,,,,,,,
756.24,2.964e-3,7.860e-20,3.071e-22,1.148e-27,2.268e-17,,,1.224e-18,2.002e-19,,7.598e-16,3.588e-18,1.294e-12,1.734e-17,2.333e-19,9.971e-30,6.143e-17,,,,4.170e-18,2.804e-36,1.356e-17,,3.603e-11,,,,1.894e-21,1.973e-16,2.964e-3,1.019e-28,,5.195e-9,,1.796e-16,2.336e-18,,4.772e-8,6.879e-18,,,,,,1.944e-18,,,,,,,,,,,,,,
756.27,2.578e-3,7.879e-20,1.984e-22,1.342e-27,2.268e-17,,,1.223e-18,2.003e-19,,7.601e-16,3.522e-18,1.148e-12,1.734e-17,2.335e-19,9.854e-30,6.146e-17,,,,4.170e-18,2.804e-36,1.355e-17,,2.997e-11,,,,1.893e-21,1.973e-16,2.578e-3,1.018e-28,,6.728e-9,,1.796e-16,2.331e-18,,3.564e-8,6.879e-18,,,,,,1.944e-18,,,,,,,,,,,,,,
756.29,2.345e-3,7.892e-20,1.480e-22,1.487e-27,2.268e-17,,,1.223e-18,2.003e-19,,7.603e-16,3.479e-18,1.059e-12,1.734e-17,2.336e-19,9.777e-30,6.148e-17,,,,4.171e-18,2.805e-36,1.355e-17,,2.647e-11,,,,1.893e-21,1.974e-16,2.345e-3,1.018e-28,,7.981e-9,,1.796e-16,2.327e-18,,2.929e-8,6.879e-18,,,,,,1.944e-18,,,,,,,,,,,,,,
756.32,2.030e-3,7.911e-20,9.513e-23,1.730e-27,2.269e-17,,,1.223e-18,2.004e-19,,7.606e-16,3.414e-18,9.351e-13,1.734e-17,2.338e-19,1.594e-29,6.151e-17,,,,4.171e-18,2.805e-36,1.355e-17,,2.191e-11,,,,1.893e-21,1.974e-16,2.030e-3,1.017e-28,,1.028e-8,,1.797e-16,2.322e-18,,2.177e-8,6.879e-18,,,,,,1.945e-18,,,,,,,,,,,,,,
756.34,1.840e-3,7.924e-20,7.073e-23,1.911e-27,2.269e-17,,,1.223e-18,2.004e-19,,7.608e-16,3.370e-18,8.593e-13,1.734e-17,2.339e-19,2.204e-29,6.153e-17,,,,4.172e-18,2.805e-36,1.355e-17,,1.928e-11,,,,1.892e-21,1.974e-16,1.840e-3,1.017e-28,,1.216e-8,,1.797e-16,2.318e-18,,1.783e-8,6.879e-18,,,,,,1.945e-18,,,,,,,,,,,,,,
756.37,1.585e-3,7.943e-20,4.523e-23,2.212e-27,2.270e-17,,,1.223e-18,2.005e-19,,7.610e-16,3.305e-18,7.550e-13,1.734e-17,2.340e-19,3.576e-29,6.156e-17,,,,4.172e-18,2.805e-36,1.355e-17,,1.588e-11,,,,1.892e-21,1.975e-16,1.585e-3,1.016e-28,,1.559e-8,,1.797e-16,2.313e-18,,1.319e-8,6.879e-18,,,,,,1.945e-18,,,,,,,,,,,,,,
756.39,1.432e-3,7.956e-20,3.352e-23,2.435e-27,2.270e-17,,,1.223e-18,2.005e-19,,7.612e-16,3.261e-18,6.915e-13,1.734e-17,2.342e-19,4.928e-29,6.158e-17,,,,4.173e-18,2.806e-36,1.355e-17,,1.393e-11,,,,1.892e-21,1.975e-16,1.432e-3,1.016e-28,,1.837e-8,,1.797e-16,2.309e-18,,1.077e-8,6.879e-18,,,,,,1.946e-18,,,,,,,,,,,,,,
756.42,1.227e-3,7.975e-20,2.132e-23,2.805e-27,2.271e-17,,,1.223e-18,2.005e-19,,7.615e-16,3.196e-18,6.045e-13,1.734e-17,2.343e-19,7.955e-29,6.162e-17,,,,4.173e-18,2.806e-36,1.354e-17,,1.141e-11,,,,1.891e-21,1.975e-16,1.227e-3,1.015e-28,,2.344e-8,,1.798e-16,2.304e-18,,7.921e-9,6.879e-18,,,,,,1.946e-18,,,,,,,,,,,,,,
756.44,1.105e-3,7.987e-20,1.575e-23,3.077e-27,2.271e-17,,,1.223e-18,2.006e-19,,7.617e-16,3.152e-18,5.518e-13,1.734e-17,2.344e-19,1.093e-28,6.164e-17,,,,4.174e-18,2.806e-36,1.354e-17,,9.977e-12,,,,1.891e-21,1.975e-16,1.105e-3,1.015e-28,,2.753e-8,,1.798e-16,2.300e-18,,6.444e-9,6.879e-18,,,,,,1.946e-18,,,,,,,,,,,,,,
756.46,9.936e-4,8.000e-20,1.161e-23,3.371e-27,2.271e-17,,,1.223e-18,2.006e-19,,7.619e-16,3.109e-18,5.030e-13,1.734e-17,2.346e-19,1.499e-28,6.166e-17,,,,4.174e-18,2.806e-36,1.354e-17,,8.711e-12,,,,1.891e-21,1.975e-16,9.936e-4,1.014e-28,,3.229e-8,,1.798e-16,2.297e-18,,5.236e-9,6.879e-18,,,,,,1.947e-18,,,,,,,,,,,,,,
756.49,8.453e-4,8.019e-20,7.337e-24,3.856e-27,2.272e-17,,,1.223e-18,2.007e-19,,7.622e-16,3.043e-18,4.367e-13,1.734e-17,2.347e-19,2.404e-28,6.169e-17,,,,4.174e-18,2.806e-36,1.354e-17,,7.088e-12,,,,1.891e-21,1.976e-16,8.453e-4,1.013e-28,,4.091e-8,,1.798e-16,2.291e-18,,3.825e-9,6.879e-18,,,,,,1.947e-18,,,,,,,,,,,,,,
756.51,7.577e-4,8.032e-20,5.393e-24,4.210e-27,2.272e-17,,,1.223e-18,2.007e-19,,7.624e-16,3.000e-18,3.967e-13,1.734e-17,2.348e-19,3.287e-28,6.171e-17,,,,4.175e-18,2.807e-36,1.354e-17,,6.167e-12,,,,1.890e-21,1.976e-16,7.576e-4,1.013e-28,,4.783e-8,,1.798e-16,2.288e-18,,3.098e-9,6.879e-18,,,,,,1.947e-18,,,,,,,,,,,,,,
756.54,6.414e-4,8.051e-20,3.390e-24,4.792e-27,2.272e-17,,,1.223e-18,2.007e-19,,7.626e-16,2.934e-18,3.427e-13,1.734e-17,2.350e-19,5.243e-28,6.174e-17,,,,4.175e-18,2.807e-36,1.353e-17,,4.993e-12,,,,1.890e-21,1.976e-16,6.413e-4,1.012e-28,,6.030e-8,,1.799e-16,2.282e-18,,2.252e-9,6.879e-18,,,,,,1.948e-18,,,,,,,,,,,,,,
756.56,5.730e-4,8.064e-20,2.483e-24,5.215e-27,2.273e-17,,,1.223e-18,2.008e-19,,7.628e-16,2.891e-18,3.103e-13,1.734e-17,2.351e-19,7.146e-28,6.176e-17,,,,4.176e-18,2.807e-36,1.353e-17,,4.330e-12,,,,1.890e-21,1.977e-16,5.729e-4,1.012e-28,,7.025e-8,,1.799e-16,2.279e-18,,1.817e-9,6.879e-18,,,,,,1.948e-18,,,,,,,,,,,,,,
756.59,4.826e-4,8.083e-20,1.553e-24,5.906e-27,2.273e-17,,,1.223e-18,2.008e-19,,7.631e-16,2.825e-18,2.666e-13,1.734e-17,2.353e-19,1.134e-27,6.180e-17,,,,4.176e-18,2.807e-36,1.353e-17,,3.487e-12,,,,1.890e-21,1.977e-16,4.825e-4,1.011e-28,,8.813e-8,,1.799e-16,2.273e-18,,1.314e-9,6.879e-18,,,,,,1.948e-18,,,,,,,,,,,,,,
756.61,4.297e-4,8.095e-20,1.134e-24,6.406e-27,2.274e-17,,,1.223e-18,2.008e-19,,7.633e-16,2.782e-18,2.406e-13,1.734e-17,2.354e-19,1.541e-27,6.182e-17,,,,4.177e-18,2.808e-36,1.353e-17,,3.014e-12,,,,1.889e-21,1.977e-16,4.296e-4,1.011e-28,,1.023e-7,,1.799e-16,2.270e-18,,1.057e-9,6.879e-18,,,,,,1.948e-18,,,,,,,,,,,,,,
756.64,3.601e-4,8.114e-20,7.053e-25,7.219e-27,2.274e-17,,,1.223e-18,2.009e-19,,7.636e-16,2.717e-18,2.058e-13,1.734e-17,2.356e-19,2.434e-27,6.185e-17,,,,4.177e-18,2.808e-36,1.353e-17,,2.416e-12,,,,1.889e-21,1.977e-16,3.600e-4,1.010e-28,,1.277e-7,,1.800e-16,2.265e-18,,7.606e-10,6.879e-18,,,,,,1.949e-18,,,,,,,,,,,,,,
756.66,3.196e-4,8.127e-20,5.132e-25,7.804e-27,2.274e-17,,,1.223e-18,2.009e-19,,7.638e-16,2.673e-18,1.851e-13,1.734e-17,2.357e-19,3.295e-27,6.187e-17,,,,4.178e-18,2.808e-36,1.353e-17,,2.081e-12,,,,1.889e-21,1.978e-16,3.194e-4,1.010e-28,,1.479e-7,,1.800e-16,2.261e-18,,6.097e-10,6.879e-18,,,,,,1.949e-18,,,,,,,,,,,,,,
756.69,2.665e-4,8.146e-20,3.177e-25,8.751e-27,2.275e-17,,,1.222e-18,2.010e-19,,7.640e-16,2.608e-18,1.575e-13,1.734e-17,2.359e-19,5.178e-27,6.190e-17,,,,4.178e-18,2.808e-36,1.352e-17,,1.659e-12,,,,1.888e-21,1.978e-16,2.663e-4,1.009e-28,,1.836e-7,,1.800e-16,2.256e-18,,4.365e-10,6.879e-18,,,,,,1.949e-18,,,,,,,,,,,,,,
756.71,2.358e-4,8.159e-20,2.304e-25,9.429e-27,2.275e-17,,,1.222e-18,2.010e-19,,7.642e-16,2.564e-18,1.411e-13,1.734e-17,2.360e-19,6.988e-27,6.192e-17,,,,4.178e-18,2.808e-36,1.352e-17,,1.424e-12,,,,1.888e-21,1.978e-16,2.356e-4,1.009e-28,,2.118e-7,,1.800e-16,2.252e-18,,3.487e-10,6.879e-18,,,,,,1.950e-18,,,,,,,,,,,,,,
756.74,1.957e-4,8.178e-20,1.419e-25,1.052e-26,2.276e-17,,,1.222e-18,2.011e-19,,7.645e-16,2.499e-18,1.195e-13,1.734e-17,2.361e-19,1.093e-26,6.195e-17,,,,4.179e-18,2.809e-36,1.352e-17,,1.130e-12,,,,1.888e-21,1.978e-16,1.954e-4,1.008e-28,,2.618e-7,,1.800e-16,2.247e-18,,2.484e-10,6.879e-18,,,,,,1.950e-18,,,,,,,,,,,,,,
756.76,1.725e-4,8.191e-20,1.025e-25,1.130e-26,2.276e-17,,,1.222e-18,2.011e-19,,7.647e-16,2.455e-18,1.067e-13,1.734e-17,2.363e-19,1.470e-26,6.197e-17,,,,4.179e-18,2.809e-36,1.352e-17,,9.670e-13,,,,1.888e-21,1.979e-16,1.722e-4,1.008e-28,,3.010e-7,,1.801e-16,2.243e-18,,1.978e-10,6.879e-18,,,,,,1.950e-18,,,,,,,,,,,,,,
756.79,1.425e-4,8.210e-20,6.283e-26,1.254e-26,2.277e-17,,,1.222e-18,2.011e-19,,7.650e-16,2.390e-18,8.991e-14,1.734e-17,2.364e-19,2.287e-26,6.201e-17,,,,4.180e-18,2.809e-36,1.352e-17,,7.634e-13,,,,1.887e-21,1.979e-16,1.422e-4,1.007e-28,,3.702e-7,,1.801e-16,2.238e-18,,1.402e-10,6.879e-18,,,,,,1.951e-18,,,,,,,,,,,,,,
756.81,1.253e-4,8.223e-20,4.525e-26,1.342e-26,2.277e-17,,,1.222e-18,2.012e-19,,7.652e-16,2.346e-18,8.006e-14,1.734e-17,2.365e-19,3.067e-26,6.203e-17,,,,4.180e-18,2.809e-36,1.352e-17,,6.510e-13,,,,1.887e-21,1.979e-16,1.249e-4,1.007e-28,,4.242e-7,,1.801e-16,2.234e-18,,1.112e-10,6.879e-18,,,,,,1.951e-18,,,,,,,,,,,,,,
756.84,1.031e-4,8.242e-20,4.523e-26,1.483e-26,2.277e-17,,,1.222e-18,2.012e-19,,7.654e-16,2.281e-18,6.709e-14,1.734e-17,2.367e-19,4.749e-26,6.206e-17,,,,4.181e-18,2.810e-36,1.351e-17,,5.113e-13,,,,1.887e-21,1.980e-16,1.026e-4,1.006e-28,,5.190e-7,,1.801e-16,2.229e-18,,7.845e-11,6.879e-18,,,,,,1.951e-18,,,,,,,,,,,,,,
756.86,9.039e-5,8.254e-20,4.521e-26,1.582e-26,2.278e-17,,,1.222e-18,2.013e-19,,7.656e-16,2.237e-18,5.954e-14,1.734e-17,2.368e-19,6.345e-26,6.208e-17,,,,4.181e-18,2.810e-36,1.351e-17,,4.345e-13,,,,1.886e-21,1.980e-16,8.980e-5,1.006e-28,,5.928e-7,,1.802e-16,2.225e-18,,6.204e-11,6.879e-18,,,,,,1.951e-18,,,,,,,,,,,,,,
756.88,7.919e-5,8.267e-20,4.519e-26,1.685e-26,2.278e-17,,,1.222e-18,2.013e-19,,7.658e-16,2.194e-18,5.276e-14,1.734e-17,2.369e-19,8.467e-26,6.210e-17,,,,4.182e-18,2.810e-36,1.351e-17,,3.688e-13,,,,1.886e-21,1.980e-16,7.852e-5,1.005e-28,,6.761e-7,,1.802e-16,2.222e-18,,4.900e-11,6.879e-18,,,,,,1.952e-18,,,,,,,,,,,,,,
756.91,6.485e-5,8.286e-20,4.517e-26,1.849e-26,2.279e-17,,,1.222e-18,2.013e-19,,7.661e-16,2.128e-18,4.391e-14,1.734e-17,2.371e-19,1.302e-25,6.213e-17,,,,4.182e-18,2.810e-36,1.351e-17,,2.876e-13,,,,1.886e-21,1.980e-16,6.403e-5,1.005e-28,,8.216e-7,,1.802e-16,2.216e-18,,3.431e-11,6.879e-18,,,,,,1.952e-18,,,,,,,,,,,,,,
756.93,5.673e-5,8.299e-20,4.515e-26,1.963e-26,2.279e-17,,,1.222e-18,2.014e-19,,7.663e-16,2.085e-18,3.878e-14,1.734e-17,2.372e-19,1.732e-25,6.215e-17,,,,4.183e-18,2.810e-36,1.351e-17,,2.433e-13,,,,1.886e-21,1.980e-16,5.580e-5,1.004e-28,,9.340e-7,,1.802e-16,2.213e-18,,2.701e-11,6.879e-18,,,,,,1.952e-18,,,,,,,,,,,,,,
756.96,4.640e-5,8.318e-20,4.512e-26,2.143e-26,2.279e-17,,,1.222e-18,2.014e-19,,7.666e-16,2.020e-18,3.211e-14,1.733e-17,2.374e-19,2.650e-25,6.219e-17,,,,4.183e-18,2.811e-36,1.351e-17,,1.888e-13,,,,1.885e-21,1.981e-16,4.527e-5,1.004e-28,,1.129e-6,,1.802e-16,2.207e-18,,1.882e-11,6.879e-18,,,,,,1.953e-18,,,,,,,,,,,,,,
756.98,4.060e-5,8.331e-20,4.510e-26,2.268e-26,2.280e-17,,,1.222e-18,2.014e-19,,7.667e-16,1.976e-18,2.827e-14,1.733e-17,2.375e-19,3.513e-25,6.221e-17,,,,4.183e-18,2.811e-36,1.350e-17,,1.592e-13,,,,1.885e-21,1.981e-16,3.932e-5,1.003e-28,,1.279e-6,,1.803e-16,2.204e-18,,1.476e-11,6.879e-18,,,,,,1.953e-18,,,,,,,,,,,,,,
757.01,3.328e-5,8.350e-20,4.508e-26,2.463e-26,2.280e-17,,,1.222e-18,2.015e-19,,7.670e-16,1.911e-18,2.329e-14,1.733e-17,2.377e-19,5.349e-25,6.224e-17,,,,4.184e-18,2.811e-36,1.350e-17,,1.229e-13,,,,1.885e-21,1.981e-16,3.174e-5,1.003e-28,,1.539e-6,,1.803e-16,2.198e-18,,1.023e-11,6.879e-18,,,,,,1.953e-18,,,,,,,,,,,,,,
757.03,2.922e-5,8.362e-20,4.506e-26,2.598e-26,2.280e-17,,,1.222e-18,2.015e-19,,7.672e-16,1.867e-18,2.043e-14,1.733e-17,2.378e-19,7.067e-25,6.226e-17,,,,4.184e-18,2.811e-36,1.350e-17,,1.033e-13,,,,1.884e-21,1.982e-16,2.748e-5,1.002e-28,,1.738e-6,,1.803e-16,2.195e-18,,8.000e-12,6.879e-18,,,,,,1.953e-18,,,,,,,,,,,,,,
757.06,2.415e-5,8.381e-20,4.503e-26,2.808e-26,2.281e-17,,,1.222e-18,2.016e-19,,7.675e-16,1.802e-18,1.675e-14,1.733e-17,2.380e-19,1.071e-24,6.229e-17,,,,4.185e-18,2.812e-36,1.350e-17,,7.933e-14,,,,1.884e-21,1.982e-16,2.207e-5,1.002e-28,,2.081e-6,,1.803e-16,2.189e-18,,5.517e-12,6.879e-18,,,,,,1.954e-18,,,,,,,,,,,,,,
757.08,2.138e-5,8.394e-20,4.501e-26,2.952e-26,2.281e-17,,,1.222e-18,2.016e-19,,7.677e-16,1.758e-18,1.465e-14,1.733e-17,2.381e-19,1.410e-24,6.231e-17,,,,4.185e-18,2.812e-36,1.350e-17,,6.643e-14,,,,1.884e-21,1.982e-16,1.904e-5,1.001e-28,,2.342e-6,,1.804e-16,2.186e-18,,4.299e-12,6.879e-18,,,,,,1.954e-18,,,,,,,,,,,,,,
757.11,1.801e-5,8.413e-20,4.499e-26,3.175e-26,2.282e-17,,,1.222e-18,2.017e-19,,7.680e-16,1.693e-18,1.194e-14,1.733e-17,2.383e-19,2.126e-24,6.234e-17,,,,4.186e-18,2.812e-36,1.349e-17,,5.078e-14,,,,1.883e-21,1.982e-16,1.522e-5,1.001e-28,,2.790e-6,,1.804e-16,2.181e-18,,2.950e-12,6.879e-18,,,,,,1.954e-18,,,,,,,,,,,,,,
757.13,1.621e-5,8.426e-20,4.497e-26,3.327e-26,2.282e-17,,,1.221e-18,2.017e-19,,7.681e-16,1.649e-18,1.041e-14,1.733e-17,2.384e-19,2.790e-24,6.236e-17,,,,4.186e-18,2.812e-36,1.349e-17,,4.238e-14,,,,1.883e-21,1.983e-16,1.308e-5,1.000e-28,,3.129e-6,,1.804e-16,2.177e-18,,2.291e-12,6.879e-18,,,,,,1.955e-18,,,,,,,,,,,,,,
757.16,1.411e-5,8.445e-20,4.494e-26,3.560e-26,2.283e-17,,,1.221e-18,2.017e-19,,7.684e-16,1.584e-18,8.447e-15,1.733e-17,2.385e-19,4.186e-24,6.240e-17,,,,4.187e-18,2.812e-36,1.349e-17,,3.223e-14,,,,1.883e-21,1.983e-16,1.041e-5,9.995e-29,,3.709e-6,,1.804e-16,2.172e-18,,1.564e-12,6.879e-18,,,,,,1.955e-18,,,,,,,,,,,,,,
757.18,1.306e-5,8.458e-20,4.492e-26,3.718e-26,2.283e-17,,,1.221e-18,2.018e-19,,7.686e-16,1.540e-18,7.337e-15,1.733e-17,2.387e-19,5.476e-24,6.242e-17,,,,4.187e-18,2.813e-36,1.349e-17,,2.681e-14,,,,1.883e-21,1.983e-16,8.916e-6,9.990e-29,,4.147e-6,,1.804e-16,2.168e-18,,1.211e-12,6.879e-18,,,,,,1.955e-18,,,,,,,,,,,,,,
757.21,1.195e-5,8.477e-20,4.490e-26,3.959e-26,2.283e-17,,,1.221e-18,2.018e-19,,7.689e-16,1.475e-18,5.924e-15,1.733e-17,2.388e-19,8.174e-24,6.245e-17,,,,4.188e-18,2.813e-36,1.349e-17,,2.029e-14,,,,1.882e-21,1.983e-16,7.055e-6,9.984e-29,,4.891e-6,,1.805e-16,2.163e-18,,8.223e-13,6.879e-18,,,,,,1.956e-18,,,,,,,,,,,,,,
757.23,1.148e-5,8.489e-20,4.488e-26,4.122e-26,2.284e-17,,,1.221e-18,2.019e-19,,7.691e-16,1.431e-18,5.128e-15,1.733e-17,2.389e-19,1.066e-23,6.247e-17,,,,4.188e-18,2.813e-36,1.349e-17,,1.682e-14,,,,1.882e-21,1.984e-16,6.025e-6,9.980e-29,,5.450e-6,,1.805e-16,2.159e-18,,6.344e-13,6.879e-18,,,,,,1.956e-18,,,,,,,,,,,,,,
757.25,1.120e-5,8.502e-20,4.486e-26,4.286e-26,2.284e-17,,,1.221e-18,2.019e-19,,7.693e-16,1.388e-18,4.433e-15,1.733e-17,2.391e-19,1.388e-23,6.249e-17,,,,4.188e-18,2.813e-36,1.349e-17,,1.392e-14,,,,1.882e-21,1.984e-16,5.139e-6,9.976e-29,,6.065e-6,,1.805e-16,2.155e-18,,4.887e-13,6.879e-18,,,,,,1.956e-18,,,,,,,,,,,,,,
757.28,1.114e-5,8.521e-20,4.483e-26,4.532e-26,2.285e-17,,,1.221e-18,2.019e-19,,7.695e-16,1.323e-18,3.554e-15,1.733e-17,2.392e-19,2.058e-23,6.252e-17,,,,4.189e-18,2.814e-36,1.348e-17,,1.046e-14,,,,1.882e-21,1.984e-16,4.037e-6,9.970e-29,,7.103e-6,,1.805e-16,2.150e-18,,3.296e-13,6.879e-18,,,,,,1.957e-18,,,,,,,,,,,,,,
757.3,1.131e-5,8.534e-20,4.482e-26,4.697e-26,2.285e-17,,,1.221e-18,2.020e-19,,7.697e-16,1.279e-18,3.062e-15,1.733e-17,2.393e-19,2.671e-23,6.254e-17,,,,4.189e-18,2.814e-36,1.348e-17,,8.631e-15,,,,1.881e-21,1.984e-16,3.432e-6,9.965e-29,,7.879e-6,,1.806e-16,2.147e-18,,2.531e-13,6.879e-18,,,,,,1.957e-18,,,,,,,,,,,,,,
757.33,1.186e-5,8.553e-20,4.479e-26,4.943e-26,2.285e-17,,,1.221e-18,2.020e-19,,7.700e-16,1.214e-18,2.443e-15,1.733e-17,2.395e-19,3.940e-23,6.258e-17,,,,4.190e-18,2.814e-36,1.348e-17,,6.453e-15,,,,1.881e-21,1.985e-16,2.683e-6,9.959e-29,,9.181e-6,,1.806e-16,2.141e-18,,1.698e-13,6.879e-18,,,,,,1.957e-18,,,,,,,,,,,,,,
757.35,1.242e-5,8.566e-20,4.477e-26,5.106e-26,2.286e-17,,,1.221e-18,2.020e-19,,7.702e-16,1.170e-18,2.098e-15,1.733e-17,2.396e-19,5.097e-23,6.260e-17,,,,4.190e-18,2.814e-36,1.348e-17,,5.306e-15,,,,1.881e-21,1.985e-16,2.273e-6,9.955e-29,,1.015e-5,,1.806e-16,2.138e-18,,1.299e-13,6.879e-18,,,,,,1.957e-18,,,,,,,,,,,,,,
757.38,1.354e-5,8.585e-20,4.475e-26,5.348e-26,2.286e-17,,,1.221e-18,2.021e-19,,7.705e-16,1.105e-18,1.665e-15,1.733e-17,2.398e-19,7.481e-23,6.263e-17,,,,4.191e-18,2.814e-36,1.348e-17,,3.947e-15,,,,1.880e-21,1.985e-16,1.768e-6,9.949e-29,,1.177e-5,,1.806e-16,2.132e-18,,8.676e-14,6.879e-18,,,,,,1.958e-18,,,,,,,,,,,,,,
757.4,1.446e-5,8.597e-20,4.473e-26,5.507e-26,2.287e-17,,,1.221e-18,2.021e-19,,7.707e-16,1.061e-18,1.425e-15,1.733e-17,2.399e-19,9.646e-23,6.265e-17,,,,4.191e-18,2.815e-36,1.347e-17,,3.235e-15,,,,1.880e-21,1.986e-16,1.493e-6,9.944e-29,,1.297e-5,,1.806e-16,2.129e-18,,6.617e-14,6.879e-18,,,,,,1.958e-18,,,,,,,,,,,,,,
757.43,1.612e-5,8.616e-20,4.470e-26,5.740e-26,2.287e-17,,,1.221e-18,2.022e-19,,7.709e-16,9.958e-19,1.125e-15,1.733e-17,2.401e-19,1.409e-22,6.268e-17,,,,4.192e-18,2.815e-36,1.347e-17,,2.394e-15,,,,1.880e-21,1.986e-16,1.155e-6,9.938e-29,,1.496e-5,,1.807e-16,2.123e-18,,4.396e-14,6.879e-18,,,,,,1.958e-18,,,,,,,,,,,,,,
757.45,1.740e-5,8.629e-20,4.468e-26,5.892e-26,2.287e-17,,,1.221e-18,2.022e-19,,7.711e-16,9.522e-19,9.599e-16,1.733e-17,2.402e-19,1.811e-22,6.270e-17,,,,4.192e-18,2.815e-36,1.347e-17,,1.955e-15,,,,1.880e-21,1.986e-16,9.721e-7,9.934e-29,,1.643e-5,,1.807e-16,2.120e-18,,3.341e-14,6.879e-18,,,,,,1.959e-18,,,,,,,,,,,,,,
757.48,1.961e-5,8.648e-20,4.466e-26,6.112e-26,2.288e-17,,,1.221e-18,2.023e-19,,7.714e-16,8.869e-19,7.543e-16,1.733e-17,2.404e-19,2.631e-22,6.273e-17,,,,4.193e-18,2.815e-36,1.347e-17,,1.440e-15,,,,1.879e-21,1.986e-16,7.485e-7,9.928e-29,,1.886e-5,,1.807e-16,2.114e-18,,2.208e-14,6.879e-18,,,,,,1.959e-18,,,,,,,,,,,,,,
757.5,2.128e-5,8.661e-20,4.464e-26,6.254e-26,2.288e-17,,,1.221e-18,2.023e-19,,7.716e-16,8.433e-19,6.412e-16,1.733e-17,2.405e-19,3.371e-22,6.276e-17,,,,4.193e-18,2.816e-36,1.347e-17,,1.172e-15,,,,1.879e-21,1.987e-16,6.278e-7,9.923e-29,,2.065e-5,,1.807e-16,2.111e-18,,1.673e-14,6.879e-18,,,,,,1.959e-18,,,,,,,,,,,,,,
757.53,2.407e-5,8.680e-20,4.461e-26,6.458e-26,2.289e-17,,,1.221e-18,2.023e-19,,7.719e-16,7.780e-19,5.013e-16,1.733e-17,2.406e-19,4.875e-22,6.279e-17,,,,4.194e-18,2.816e-36,1.347e-17,,8.589e-16,,,,1.879e-21,1.987e-16,4.810e-7,9.917e-29,,2.359e-5,,1.808e-16,2.105e-18,,1.100e-14,6.879e-18,,,,,,1.960e-18,,,,,,,,,,,,,,
757.55,2.613e-5,8.693e-20,4.459e-26,6.587e-26,2.289e-17,,,1.220e-18,2.024e-19,,7.721e-16,7.344e-19,4.248e-16,1.733e-17,2.408e-19,6.223e-22,6.281e-17,,,,4.194e-18,2.816e-36,1.346e-17,,6.968e-16,,,,1.878e-21,1.987e-16,4.020e-7,9.913e-29,,2.573e-5,,1.808e-16,2.102e-18,,8.305e-15,6.879e-18,,,,,,1.960e-18,,,,,,,,,,,,,,
757.58,2.955e-5,8.712e-20,4.457e-26,6.771e-26,2.289e-17,,,1.220e-18,2.024e-19,,7.723e-16,6.691e-19,3.304e-16,1.733e-17,2.409e-19,8.955e-22,6.284e-17,,,,4.195e-18,2.816e-36,1.346e-17,,5.080e-16,,,,1.878e-21,1.987e-16,3.065e-7,9.907e-29,,2.925e-5,,1.808e-16,2.096e-18,,5.434e-15,6.879e-18,,,,,,1.960e-18,,,,,,,,,,,,,,
757.6,3.205e-5,8.724e-20,4.455e-26,6.886e-26,2.290e-17,,,1.220e-18,2.025e-19,,7.725e-16,6.255e-19,2.790e-16,1.733e-17,2.410e-19,1.140e-21,6.286e-17,,,,4.195e-18,2.816e-36,1.346e-17,,4.108e-16,,,,1.878e-21,1.988e-16,2.553e-7,9.903e-29,,3.180e-5,,1.808e-16,2.093e-18,,4.089e-15,6.879e-18,,,,,,1.960e-18,,,,,,,,,,,,,,
757.62,3.474e-5,8.737e-20,4.453e-26,6.995e-26,2.290e-17,,,1.220e-18,2.025e-19,,7.727e-16,5.819e-19,2.353e-16,1.733e-17,2.412e-19,1.448e-21,6.288e-17,,,,4.195e-18,2.817e-36,1.346e-17,,3.317e-16,,,,1.878e-21,1.988e-16,2.124e-7,9.898e-29,,3.453e-5,,1.808e-16,2.089e-18,,3.072e-15,6.879e-18,,,,,,1.961e-18,,,,,,,,,,,,,,
757.65,3.914e-5,8.756e-20,4.450e-26,7.145e-26,2.291e-17,,,1.220e-18,2.025e-19,,7.730e-16,5.166e-19,1.818e-16,1.733e-17,2.413e-19,2.070e-21,6.291e-17,,,,4.196e-18,2.817e-36,1.346e-17,,2.401e-16,,,,1.877e-21,1.988e-16,1.608e-7,9.892e-29,,3.897e-5,,1.809e-16,2.084e-18,,1.996e-15,6.879e-18,,,,,,1.961e-18,,,,,,,,,,,,,,
757.67,4.231e-5,8.769e-20,4.449e-26,7.237e-26,2.291e-17,,,1.220e-18,2.026e-19,,7.732e-16,4.730e-19,1.528e-16,1.733e-17,2.414e-19,2.621e-21,6.293e-17,,,,4.196e-18,2.817e-36,1.346e-17,,1.933e-16,,,,1.877e-21,1.988e-16,1.333e-7,9.888e-29,,4.218e-5,,1.809e-16,2.080e-18,,1.495e-15,6.879e-18,,,,,,1.961e-18,,,,,,,,,,,,,,
757.7,4.747e-5,8.788e-20,4.446e-26,7.361e-26,2.291e-17,,,1.220e-18,2.026e-19,,7.735e-16,4.077e-19,1.174e-16,1.733e-17,2.416e-19,3.728e-21,6.297e-17,,,,4.197e-18,2.817e-36,1.345e-17,,1.392e-16,,,,1.877e-21,1.989e-16,1.004e-7,9.882e-29,,4.737e-5,,1.809e-16,2.075e-18,,9.662e-16,6.878e-18,,,,,,1.962e-18,,,,,,,,,,,,,,
757.72,5.118e-5,8.801e-20,4.444e-26,7.435e-26,2.292e-17,,,1.220e-18,2.027e-19,,7.737e-16,3.641e-19,9.834e-17,1.733e-17,2.417e-19,4.706e-21,6.299e-17,,,,4.197e-18,2.817e-36,1.345e-17,,1.116e-16,,,,1.876e-21,1.989e-16,8.297e-8,9.877e-29,,5.110e-5,,1.809e-16,2.071e-18,,7.212e-16,6.878e-18,,,,,,1.962e-18,,,,,,,,,,,,,,
757.75,5.717e-5,8.820e-20,4.441e-26,7.531e-26,2.292e-17,,,1.220e-18,2.027e-19,,7.739e-16,2.988e-19,7.521e-17,1.732e-17,2.419e-19,6.659e-21,6.302e-17,,,,4.198e-18,2.818e-36,1.345e-17,,8.000e-17,,,,1.876e-21,1.989e-16,6.218e-8,9.871e-29,,5.711e-5,,1.810e-16,2.066e-18,,4.638e-16,6.878e-18,,,,,,1.962e-18,,,,,,,,,,,,,,
757.77,6.145e-5,8.832e-20,4.440e-26,7.586e-26,2.293e-17,,,1.220e-18,2.027e-19,,7.741e-16,2.552e-19,6.278e-17,1.732e-17,2.420e-19,8.379e-21,6.304e-17,,,,4.198e-18,2.818e-36,1.345e-17,,6.396e-17,,,,1.876e-21,1.989e-16,5.121e-8,9.867e-29,,6.140e-5,,1.810e-16,2.063e-18,,3.450e-16,6.878e-18,,,,,,1.962e-18,,,,,,,,,,,,,,
757.8,6.831e-5,8.852e-20,4.437e-26,7.655e-26,2.293e-17,,,1.220e-18,2.028e-19,,7.744e-16,1.899e-19,4.777e-17,1.732e-17,2.422e-19,1.180e-20,6.307e-17,,,,4.199e-18,2.818e-36,1.345e-17,,4.560e-17,,,,1.875e-21,1.990e-16,3.818e-8,9.861e-29,,6.827e-5,,1.810e-16,2.057e-18,,2.208e-16,6.878e-18,,,,,,1.963e-18,,,,,,,,,,,,,,
757.82,7.319e-5,8.864e-20,4.435e-26,7.692e-26,2.293e-17,,,1.220e-18,2.028e-19,,7.746e-16,1.463e-19,3.975e-17,1.732e-17,2.423e-19,1.480e-20,6.309e-17,,,,4.199e-18,2.818e-36,1.345e-17,,3.633e-17,,,,1.875e-21,1.990e-16,3.134e-8,9.857e-29,,7.316e-5,,1.810e-16,2.054e-18,,1.637e-16,6.878e-18,,,,,,1.963e-18,,,,,,,,,,,,,,
757.85,8.097e-5,8.883e-20,4.432e-26,7.734e-26,2.294e-17,,,1.220e-18,2.029e-19,,7.749e-16,8.097e-20,3.009e-17,1.732e-17,2.425e-19,2.073e-20,6.312e-17,,,,4.199e-18,2.819e-36,1.344e-17,,2.578e-17,,,,1.875e-21,1.990e-16,2.325e-8,9.850e-29,,8.094e-5,,1.810e-16,2.048e-18,,1.042e-16,6.878e-18,,,,,,1.963e-18,,,,,,,,,,,,,,
757.87,8.646e-5,8.896e-20,4.431e-26,7.753e-26,2.294e-17,,,1.220e-18,2.029e-19,,7.751e-16,1.120e-19,2.495e-17,1.732e-17,2.426e-19,2.591e-20,6.315e-17,,,,4.200e-18,2.819e-36,1.344e-17,,2.047e-17,,,,1.875e-21,1.991e-16,1.902e-8,9.846e-29,,8.645e-5,,1.811e-16,2.045e-18,,7.699e-17,6.878e-18,,,,,,1.964e-18,,,,,,,,,,,,,,
757.9,9.519e-5,8.915e-20,4.428e-26,7.769e-26,2.295e-17,,,1.220e-18,2.029e-19,,7.753e-16,1.819e-19,1.880e-17,1.732e-17,2.428e-19,3.613e-20,6.318e-17,,,,4.200e-18,2.819e-36,1.344e-17,,1.445e-17,,,,1.874e-21,1.991e-16,1.404e-8,9.840e-29,,9.517e-5,,1.811e-16,2.039e-18,,4.877e-17,6.878e-18,,,,,,1.964e-18,,,,,,,,,,,,,,
757.92,1.013e-4,8.928e-20,4.426e-26,7.773e-26,2.295e-17,,,1.220e-18,2.030e-19,,7.755e-16,2.509e-19,1.553e-17,1.732e-17,2.429e-19,4.501e-20,6.320e-17,,,,4.201e-18,2.819e-36,1.344e-17,,1.143e-17,,,,1.874e-21,1.991e-16,1.145e-8,9.836e-29,,1.013e-4,,1.811e-16,2.036e-18,,3.592e-17,6.878e-18,,,,,,1.964e-18,,,,,,,,,,,,,,
757.95,1.110e-4,8.947e-20,4.424e-26,7.767e-26,2.296e-17,,,1.220e-18,2.030e-19,,7.758e-16,4.055e-19,1.164e-17,1.732e-17,2.430e-19,6.244e-20,6.323e-17,,,,4.201e-18,2.820e-36,1.344e-17,,8.030e-18,,,,1.874e-21,1.991e-16,8.407e-9,9.829e-29,,1.110e-4,,1.811e-16,2.030e-18,,2.264e-17,6.878e-18,,,,,,1.965e-18,,,,,,,,,,,,,,
757.97,1.177e-4,8.960e-20,4.422e-26,7.756e-26,2.296e-17,,,1.220e-18,2.031e-19,,7.760e-16,5.574e-19,9.590e-18,1.732e-17,2.432e-19,7.753e-20,6.325e-17,,,,4.202e-18,2.820e-36,1.343e-17,,6.334e-18,,,,1.874e-21,1.992e-16,6.832e-9,9.825e-29,,1.177e-4,,1.812e-16,2.027e-18,,1.661e-17,6.878e-18,,,,,,1.965e-18,,,,,,,,,,,,,,
757.99,1.247e-4,8.972e-20,4.420e-26,7.741e-26,2.296e-17,,,1.219e-18,2.031e-19,,7.762e-16,7.653e-19,7.889e-18,1.732e-17,2.433e-19,9.616e-20,6.327e-17,,,,4.202e-18,2.820e-36,1.343e-17,,4.989e-18,,,,1.873e-21,1.992e-16,5.545e-9,9.821e-29,,1.247e-4,,1.812e-16,2.023e-18,,1.218e-17,6.878e-18,,,,,,1.965e-18,,,,,,,,,,,,,,
758.02,1.357e-4,8.991e-20,4.417e-26,7.710e-26,2.297e-17,,,1.219e-18,2.031e-19,,7.765e-16,1.228e-18,5.871e-18,1.732e-17,2.434e-19,1.325e-19,6.330e-17,,,,4.203e-18,2.820e-36,1.343e-17,,3.479e-18,,,,1.873e-21,1.992e-16,4.043e-9,9.815e-29,,1.357e-4,,1.812e-16,2.018e-18,,7.620e-18,6.878e-18,,,,,,1.966e-18,,,,,,,,,,,,,,
758.04,1.433e-4,9.004e-20,4.415e-26,7.684e-26,2.297e-17,,,1.219e-18,2.032e-19,,7.766e-16,1.680e-18,4.813e-18,1.732e-17,2.436e-19,1.637e-19,6.332e-17,,,,4.203e-18,2.820e-36,1.343e-17,,2.731e-18,,,,1.873e-21,1.992e-16,3.270e-9,9.810e-29,,1.433e-4,,1.812e-16,2.014e-18,,5.566e-18,6.878e-18,,,,,,1.966e-18,,,,,,,,,,,,,,
758.07,1.551e-4,9.023e-20,4.413e-26,7.641e-26,2.297e-17,,,1.219e-18,2.032e-19,,7.769e-16,2.683e-18,3.564e-18,1.732e-17,2.437e-19,2.245e-19,6.336e-17,,,,4.204e-18,2.821e-36,1.343e-17,,1.895e-18,,,,1.872e-21,1.993e-16,2.373e-9,9.804e-29,,1.551e-4,,1.812e-16,2.009e-18,,3.466e-18,6.878e-18,,,,,,1.966e-18,,,,,,,,,,,,,,
758.09,1.633e-4,9.036e-20,4.411e-26,7.609e-26,2.298e-17,,,1.219e-18,2.033e-19,,7.771e-16,3.660e-18,2.912e-18,1.732e-17,2.438e-19,2.765e-19,6.338e-17,,,,4.204e-18,2.821e-36,1.343e-17,,1.483e-18,,,,1.872e-21,1.993e-16,1.913e-9,9.800e-29,,1.633e-4,,1.813e-16,2.005e-18,,2.523e-18,6.878e-18,,,,,,1.966e-18,,,,,,,,,,,,,,
758.12,1.758e-4,9.055e-20,4.408e-26,7.558e-26,2.298e-17,,,1.219e-18,2.033e-19,,7.774e-16,5.815e-18,2.146e-18,1.732e-17,2.440e-19,3.772e-19,6.341e-17,,,,4.204e-18,2.821e-36,1.342e-17,,1.024e-18,,,,1.872e-21,1.993e-16,1.381e-9,9.794e-29,,1.758e-4,,1.813e-16,2.000e-18,,1.563e-18,6.878e-18,,,,,,1.967e-18,,,,,,,,,,,,,,
758.14,1.845e-4,9.068e-20,4.407e-26,7.523e-26,2.299e-17,,,1.219e-18,2.033e-19,,7.776e-16,7.905e-18,1.747e-18,1.732e-17,2.441e-19,4.632e-19,6.343e-17,,,,4.205e-18,2.821e-36,1.342e-17,,7.982e-19,,,,1.872e-21,1.993e-16,1.110e-9,9.790e-29,,1.845e-4,,1.813e-16,1.996e-18,,1.134e-18,6.878e-18,,,,,,1.967e-18,,,,,,,,,,,,,,
758.17,1.977e-4,9.087e-20,4.404e-26,7.470e-26,2.299e-17,,,1.219e-18,2.034e-19,,7.779e-16,1.250e-17,1.281e-18,1.732e-17,2.443e-19,6.287e-19,6.346e-17,,,,4.205e-18,2.822e-36,1.342e-17,,5.483e-19,,,,1.871e-21,1.994e-16,7.970e-10,9.783e-29,,1.977e-4,,1.813e-16,1.991e-18,,6.990e-19,6.878e-18,,,,,,1.967e-18,,,,,,,,,,,,,,
758.19,2.067e-4,9.099e-20,4.402e-26,7.435e-26,2.299e-17,,,1.219e-18,2.034e-19,,7.780e-16,1.694e-17,1.040e-18,1.732e-17,2.444e-19,7.695e-19,6.348e-17,,,,4.206e-18,2.822e-36,1.342e-17,,4.261e-19,,,,1.871e-21,1.994e-16,6.382e-10,9.779e-29,,2.067e-4,,1.813e-16,1.987e-18,,5.055e-19,6.878e-18,,,,,,1.968e-18,,,,,,,,,,,,,,
758.22,2.204e-4,9.118e-20,4.399e-26,7.386e-26,2.300e-17,,,1.219e-18,2.035e-19,,7.783e-16,2.665e-17,7.583e-19,1.732e-17,2.446e-19,1.039e-18,6.351e-17,,,,4.206e-18,2.822e-36,1.342e-17,,2.912e-19,,,,1.871e-21,1.994e-16,4.561e-10,9.773e-29,,2.204e-4,,1.814e-16,1.982e-18,,3.100e-19,6.878e-18,,,,,,1.968e-18,,,,,,,,,,,,,,
758.24,2.297e-4,9.131e-20,4.398e-26,7.356e-26,2.300e-17,,,1.219e-18,2.035e-19,,7.785e-16,3.599e-17,6.134e-19,1.732e-17,2.447e-19,1.268e-18,6.354e-17,,,,4.207e-18,2.822e-36,1.342e-17,,2.256e-19,,,,1.870e-21,1.994e-16,3.640e-10,9.769e-29,,2.297e-4,,1.814e-16,1.979e-18,,2.234e-19,6.878e-18,,,,,,1.968e-18,,,,,,,,,,,,,,
758.27,2.437e-4,9.150e-20,4.395e-26,7.315e-26,2.301e-17,,,1.219e-18,2.035e-19,,7.788e-16,5.634e-17,4.452e-19,1.732e-17,2.449e-19,1.704e-18,6.357e-17,,,,4.207e-18,2.822e-36,1.341e-17,,1.534e-19,,,,1.870e-21,1.995e-16,2.588e-10,9.762e-29,,2.437e-4,,1.814e-16,1.973e-18,,2.234e-19,6.878e-18,,,,,,1.969e-18,,,,,,,,,,,,,,
758.29,2.531e-4,9.163e-20,4.393e-26,7.293e-26,2.301e-17,,,1.219e-18,2.036e-19,,7.790e-16,7.584e-17,3.589e-19,1.732e-17,2.450e-19,2.072e-18,6.359e-17,,,,4.208e-18,2.823e-36,1.341e-17,,1.184e-19,,,,1.870e-21,1.995e-16,2.059e-10,9.758e-29,,2.531e-4,,1.814e-16,1.970e-18,,2.234e-19,6.878e-18,,,,,,1.969e-18,,,,,,,,,,,,,,
758.32,2.672e-4,9.182e-20,4.390e-26,7.266e-26,2.302e-17,,,1.219e-18,2.036e-19,,7.793e-16,1.182e-16,2.591e-19,1.732e-17,2.451e-19,2.770e-18,6.362e-17,,,,4.208e-18,2.823e-36,1.341e-17,,8.012e-20,,,,1.869e-21,1.995e-16,1.457e-10,9.752e-29,,2.672e-4,,1.815e-16,1.964e-18,,2.234e-19,6.878e-18,,,,,,1.969e-18,,,,,,,,,,,,,,
758.34,2.766e-4,9.195e-20,4.389e-26,7.254e-26,2.302e-17,,,1.219e-18,2.037e-19,,7.794e-16,1.585e-16,2.082e-19,1.732e-17,2.453e-19,3.357e-18,6.364e-17,,,,4.208e-18,2.823e-36,1.341e-17,,6.164e-20,,,,1.869e-21,1.996e-16,1.155e-10,9.748e-29,,2.766e-4,,1.815e-16,1.961e-18,,2.234e-19,6.878e-18,,,,,,1.969e-18,,,,,,,,,,,,,,
758.36,2.860e-4,9.207e-20,4.387e-26,7.246e-26,2.302e-17,,,1.219e-18,2.037e-19,,7.796e-16,2.124e-16,1.671e-19,1.732e-17,2.454e-19,4.063e-18,6.366e-17,,,,4.209e-18,2.823e-36,1.341e-17,,4.736e-20,,,,1.869e-21,1.996e-16,9.141e-11,9.744e-29,,2.860e-4,,1.815e-16,1.957e-18,,2.234e-19,6.878e-18,,,,,,1.970e-18,,,,,,,,,,,,,,
758.39,2.998e-4,9.226e-20,4.384e-26,7.245e-26,2.303e-17,,,1.219e-18,2.037e-19,,7.799e-16,3.286e-16,1.198e-19,1.732e-17,2.455e-19,5.396e-18,6.369e-17,,,,4.209e-18,2.823e-36,1.341e-17,,3.182e-20,,,,1.869e-21,1.996e-16,6.422e-11,9.737e-29,,2.998e-4,,1.815e-16,1.952e-18,,2.234e-19,6.878e-18,,,,,,1.970e-18,,,,,,,,,,,,,,
758.41,3.089e-4,9.239e-20,4.382e-26,7.252e-26,2.303e-17,,,1.218e-18,2.038e-19,,7.801e-16,4.389e-16,9.581e-20,1.732e-17,2.457e-19,6.509e-18,6.372e-17,,,,4.210e-18,2.824e-36,1.340e-17,,2.437e-20,,,,1.868e-21,1.996e-16,5.067e-11,9.733e-29,,3.089e-4,,1.815e-16,1.948e-18,,2.234e-19,6.878e-18,,,,,,1.970e-18,,,,,,,,,,,,,,
758.44,3.223e-4,9.258e-20,4.380e-26,7.273e-26,2.304e-17,,,1.218e-18,2.038e-19,,7.804e-16,6.757e-16,6.835e-20,1.732e-17,2.458e-19,8.602e-18,6.375e-17,,,,4.210e-18,2.824e-36,1.340e-17,,1.629e-20,,,,1.868e-21,1.997e-16,3.542e-11,9.727e-29,,3.223e-4,,1.816e-16,1.943e-18,,2.234e-19,6.878e-18,,,,,,1.971e-18,,,,,,,,,,,,,,
758.46,3.310e-4,9.271e-20,4.378e-26,7.295e-26,2.304e-17,,,1.218e-18,2.039e-19,,7.806e-16,8.995e-16,5.448e-20,1.732e-17,2.459e-19,1.034e-17,6.377e-17,,,,4.211e-18,2.824e-36,1.340e-17,,1.243e-20,,,,1.868e-21,1.997e-16,2.785e-11,9.723e-29,,3.310e-4,,1.816e-16,1.939e-18,,2.234e-19,6.878e-18,,,,,,1.971e-18,,,,,,,,,,,,,,
758.49,3.436e-4,9.290e-20,4.375e-26,7.340e-26,2.304e-17,,,1.218e-18,2.039e-19,,7.809e-16,1.378e-15,3.867e-20,1.732e-17,2.461e-19,1.360e-17,6.380e-17,,,,4.211e-18,2.824e-36,1.340e-17,,8.267e-21,,,,1.867e-21,1.997e-16,1.937e-11,9.716e-29,,3.436e-4,,1.816e-16,1.934e-18,,2.234e-19,6.878e-18,,,,,,1.971e-18,,,,,,,,,,,,,,
758.51,3.517e-4,9.303e-20,4.373e-26,7.378e-26,2.305e-17,,,1.218e-18,2.039e-19,,7.810e-16,1.828e-15,3.072e-20,1.732e-17,2.462e-19,1.630e-17,6.382e-17,,,,4.212e-18,2.825e-36,1.340e-17,,6.288e-21,,,,1.867e-21,1.997e-16,1.518e-11,9.712e-29,,3.517e-4,,1.816e-16,1.930e-18,,2.234e-19,6.878e-18,,,,,,1.971e-18,,,,,,,,,,,,,,
758.54,3.633e-4,9.322e-20,4.371e-26,7.447e-26,2.305e-17,,,1.218e-18,2.040e-19,,7.813e-16,2.787e-15,2.170e-20,1.732e-17,2.464e-19,2.132e-17,6.385e-17,,,,4.212e-18,2.825e-36,1.339e-17,,4.161e-21,,,,1.867e-21,1.998e-16,1.051e-11,9.706e-29,,3.633e-4,,1.817e-16,1.925e-18,,2.234e-19,6.878e-18,,,,,,1.972e-18,,,,,,,,,,,,,,
758.56,3.706e-4,9.334e-20,4.369e-26,7.501e-26,2.305e-17,,,1.218e-18,2.040e-19,,7.815e-16,3.686e-15,1.718e-20,1.731e-17,2.465e-19,2.547e-17,6.387e-17,,,,4.213e-18,2.825e-36,1.339e-17,,3.155e-21,,,,1.867e-21,1.998e-16,8.206e-12,9.702e-29,,3.706e-4,,1.817e-16,1.921e-18,,2.234e-19,6.878e-18,,,,,,1.972e-18,,,,,,,,,,,,,,
758.59,3.809e-4,9.353e-20,4.366e-26,7.594e-26,2.306e-17,,,1.218e-18,2.041e-19,,7.818e-16,5.591e-15,1.207e-20,1.731e-17,2.467e-19,3.316e-17,6.390e-17,,,,4.213e-18,2.825e-36,1.339e-17,,2.077e-21,,,,1.866e-21,1.998e-16,5.651e-12,9.695e-29,,3.809e-4,,1.817e-16,1.916e-18,,2.234e-19,6.878e-18,,,,,,1.972e-18,,,,,,,,,,,,,,
758.61,3.872e-4,9.366e-20,4.365e-26,7.663e-26,2.306e-17,,,1.218e-18,2.041e-19,,7.820e-16,7.370e-15,9.525e-21,1.731e-17,2.468e-19,3.947e-17,6.393e-17,,,,4.213e-18,2.825e-36,1.339e-17,,1.569e-21,,,,1.866e-21,1.998e-16,4.399e-12,9.691e-29,,3.872e-4,,1.817e-16,1.912e-18,,2.234e-19,6.878e-18,,,,,,1.973e-18,,,,,,,,,,,,,,
758.64,3.960e-4,9.385e-20,4.362e-26,7.777e-26,2.307e-17,,,1.218e-18,2.041e-19,,7.823e-16,1.112e-14,6.660e-21,1.731e-17,2.470e-19,5.114e-17,6.396e-17,,,,4.214e-18,2.826e-36,1.339e-17,,1.028e-21,,,,1.866e-21,1.999e-16,3.014e-12,9.685e-29,,3.960e-4,,1.818e-16,1.907e-18,,2.233e-19,6.878e-18,,,,,,1.973e-18,,,,,,,,,,,,,,
758.66,4.013e-4,9.398e-20,4.360e-26,7.860e-26,2.307e-17,,,1.218e-18,2.042e-19,,7.824e-16,1.461e-14,5.238e-21,1.731e-17,2.471e-19,6.068e-17,6.398e-17,,,,4.214e-18,2.826e-36,1.339e-17,,7.741e-22,,,,1.866e-21,1.999e-16,2.338e-12,9.681e-29,,4.013e-4,,1.818e-16,1.903e-18,,2.233e-19,6.878e-18,,,,,,1.973e-18,,,,,,,,,,,,,,
758.69,4.084e-4,9.417e-20,4.357e-26,7.992e-26,2.308e-17,,,1.218e-18,2.042e-19,,7.827e-16,2.195e-14,3.644e-21,1.731e-17,2.473e-19,7.823e-17,6.401e-17,,,,4.215e-18,2.826e-36,1.338e-17,,5.046e-22,,,,1.865e-21,1.999e-16,1.594e-12,9.674e-29,,4.084e-4,,1.818e-16,1.898e-18,,2.233e-19,6.878e-18,,,,,,1.974e-18,,,,,,,,,,,,,,
758.71,4.125e-4,9.430e-20,4.356e-26,8.085e-26,2.308e-17,,,1.218e-18,2.043e-19,,7.829e-16,2.875e-14,2.856e-21,1.731e-17,2.474e-19,9.251e-17,6.403e-17,,,,4.215e-18,2.826e-36,1.338e-17,,3.787e-22,,,,1.865e-21,1.999e-16,1.232e-12,9.670e-29,,4.125e-4,,1.818e-16,1.895e-18,,2.233e-19,6.878e-18,,,,,,1.974e-18,,,,,,,,,,,,,,
758.74,4.176e-4,9.449e-20,4.353e-26,8.232e-26,2.308e-17,,,1.218e-18,2.043e-19,,7.832e-16,4.297e-14,1.977e-21,1.731e-17,2.475e-19,1.187e-16,6.406e-17,,,,4.216e-18,2.827e-36,1.338e-17,,2.456e-22,,,,1.865e-21,2.000e-16,8.359e-13,9.664e-29,,4.176e-4,,1.818e-16,1.889e-18,,2.233e-19,6.878e-18,,,,,,1.974e-18,,,,,,,,,,,,,,
758.76,4.204e-4,9.461e-20,4.351e-26,8.332e-26,2.309e-17,,,1.218e-18,2.043e-19,,7.834e-16,5.608e-14,1.544e-21,1.731e-17,2.477e-19,1.399e-16,6.408e-17,,,,4.216e-18,2.827e-36,1.338e-17,,1.837e-22,,,,1.864e-21,2.000e-16,6.442e-13,9.660e-29,,4.204e-4,,1.819e-16,1.886e-18,,2.233e-19,6.878e-18,,,,,,1.975e-18,,,,,,,,,,,,,,
758.78,4.227e-4,9.474e-20,4.349e-26,8.435e-26,2.309e-17,,,1.218e-18,2.044e-19,,7.836e-16,7.309e-14,1.205e-21,1.731e-17,2.478e-19,1.647e-16,6.411e-17,,,,4.217e-18,2.827e-36,1.338e-17,,1.372e-22,,,,1.864e-21,2.000e-16,4.958e-13,9.656e-29,,4.227e-4,,1.819e-16,1.882e-18,,2.233e-19,6.878e-18,,,,,,1.975e-18,,,,,,,,,,,,,,
758.81,4.250e-4,9.493e-20,4.347e-26,8.592e-26,2.310e-17,,,1.218e-18,2.044e-19,,7.838e-16,1.085e-13,8.282e-22,1.731e-17,2.479e-19,2.098e-16,6.414e-17,,,,4.217e-18,2.827e-36,1.338e-17,,8.835e-23,,,,1.864e-21,2.001e-16,3.339e-13,9.649e-29,,4.250e-4,,1.819e-16,1.877e-18,,2.233e-19,6.878e-18,,,,,,1.975e-18,,,,,,,,,,,,,,
758.83,4.258e-4,9.506e-20,4.345e-26,8.697e-26,2.310e-17,,,1.218e-18,2.045e-19,,7.840e-16,1.410e-13,6.440e-22,1.731e-17,2.481e-19,2.461e-16,6.416e-17,,,,4.217e-18,2.827e-36,1.337e-17,,6.578e-23,,,,1.864e-21,2.001e-16,2.561e-13,9.645e-29,,4.258e-4,,1.819e-16,1.873e-18,,2.233e-19,6.878e-18,,,,,,1.975e-18,,,,,,,,,,,,,,
758.86,4.261e-4,9.525e-20,4.342e-26,8.854e-26,2.310e-17,,,1.217e-18,2.045e-19,,7.843e-16,2.082e-13,4.406e-22,1.731e-17,2.482e-19,3.120e-16,6.419e-17,,,,4.218e-18,2.828e-36,1.337e-17,,4.214e-23,,,,1.863e-21,2.001e-16,1.716e-13,9.639e-29,,4.261e-4,,1.820e-16,1.868e-18,,2.233e-19,6.878e-18,,,,,,1.976e-18,,,,,,,,,,,,,,
758.88,4.255e-4,9.538e-20,4.340e-26,8.957e-26,2.311e-17,,,1.217e-18,2.045e-19,,7.845e-16,2.696e-13,3.416e-22,1.731e-17,2.483e-19,3.648e-16,6.421e-17,,,,4.218e-18,2.828e-36,1.337e-17,,3.127e-23,,,,1.863e-21,2.001e-16,1.312e-13,9.635e-29,,4.255e-4,,1.820e-16,1.864e-18,,2.233e-19,6.878e-18,,,,,,1.976e-18,,,,,,,,,,,,,,
758.91,4.236e-4,9.557e-20,4.338e-26,9.108e-26,2.311e-17,,,1.217e-18,2.046e-19,,7.848e-16,3.963e-13,2.327e-22,1.731e-17,2.485e-19,4.602e-16,6.424e-17,,,,4.219e-18,2.828e-36,1.337e-17,,1.993e-23,,,,1.863e-21,2.002e-16,8.747e-14,9.628e-29,,4.236e-4,,1.820e-16,1.859e-18,,2.233e-19,6.878e-18,,,,,,1.976e-18,,,,,,,,,,,,,,
758.93,4.216e-4,9.569e-20,4.336e-26,9.205e-26,2.312e-17,,,1.217e-18,2.046e-19,,7.850e-16,5.114e-13,1.801e-22,1.731e-17,2.486e-19,5.364e-16,6.426e-17,,,,4.219e-18,2.828e-36,1.337e-17,,1.474e-23,,,,1.862e-21,2.002e-16,6.664e-14,9.624e-29,,4.216e-4,,1.820e-16,1.855e-18,,2.233e-19,6.878e-18,,,,,,1.977e-18,,,,,,,,,,,,,,
758.96,4.176e-4,9.589e-20,4.333e-26,9.342e-26,2.312e-17,,,1.217e-18,2.047e-19,,7.852e-16,7.480e-13,1.226e-22,1.731e-17,2.488e-19,6.733e-16,6.430e-17,,,,4.220e-18,2.829e-36,1.337e-17,,9.350e-24,,,,1.862e-21,2.002e-16,4.421e-14,9.618e-29,,4.176e-4,,1.820e-16,1.850e-18,,2.233e-19,6.878e-18,,,,,,1.977e-18,,,,,,,,,,,,,,
758.98,4.143e-4,9.601e-20,4.331e-26,9.429e-26,2.312e-17,,,1.217e-18,2.047e-19,,7.854e-16,9.623e-13,9.513e-23,1.731e-17,2.489e-19,7.821e-16,6.432e-17,,,,4.220e-18,2.829e-36,1.336e-17,,6.891e-24,,,,1.862e-21,2.002e-16,3.357e-14,9.614e-29,,4.143e-4,,1.821e-16,1.846e-18,,2.233e-19,6.878e-18,,,,,,1.977e-18,,,,,,,,,,,,,,
759.01,4.084e-4,9.620e-20,4.329e-26,9.547e-26,2.313e-17,,,1.217e-18,2.047e-19,,7.857e-16,1.400e-12,6.559e-23,1.731e-17,2.491e-19,9.769e-16,6.435e-17,,,,4.221e-18,2.829e-36,1.336e-17,,4.349e-24,,,,1.861e-21,2.003e-16,2.216e-14,9.608e-29,,4.084e-4,,1.821e-16,1.841e-18,,2.233e-19,6.878e-18,,,,,,1.978e-18,,,,,,,,,,,,,,
759.03,4.038e-4,9.633e-20,4.327e-26,9.619e-26,2.313e-17,,,1.217e-18,2.048e-19,,7.859e-16,1.796e-12,5.185e-23,1.731e-17,2.492e-19,1.131e-15,6.437e-17,,,,4.221e-18,2.829e-36,1.336e-17,,3.194e-24,,,,1.861e-21,2.003e-16,1.677e-14,9.603e-29,,4.038e-4,,1.821e-16,1.837e-18,,2.233e-19,6.878e-18,,,,,,1.978e-18,,,,,,,,,,,,,,
759.06,3.960e-4,9.652e-20,4.324e-26,9.713e-26,2.314e-17,,,1.217e-18,2.048e-19,,7.862e-16,2.601e-12,3.791e-23,1.731e-17,2.494e-19,1.406e-15,6.440e-17,,,,4.222e-18,2.830e-36,1.336e-17,,2.006e-24,,,,1.861e-21,2.003e-16,1.101e-14,9.597e-29,,3.960e-4,,1.821e-16,1.832e-18,,2.233e-19,6.878e-18,,,,,,1.978e-18,,,,,,,,,,,,,,
759.08,3.903e-4,9.665e-20,4.322e-26,9.765e-26,2.314e-17,,,1.217e-18,2.049e-19,,7.864e-16,3.323e-12,3.217e-23,1.731e-17,2.495e-19,1.622e-15,6.442e-17,,,,4.222e-18,2.830e-36,1.336e-17,,1.468e-24,,,,1.861e-21,2.003e-16,8.307e-15,9.593e-29,,3.903e-4,,1.821e-16,1.828e-18,,2.233e-19,6.878e-18,,,,,,1.978e-18,,,,,,,,,,,,,,
759.11,3.809e-4,9.684e-20,4.320e-26,9.829e-26,2.314e-17,,,1.217e-18,2.049e-19,,7.866e-16,4.790e-12,2.800e-23,1.731e-17,2.496e-19,2.006e-15,6.445e-17,,,,4.223e-18,2.830e-36,1.335e-17,,9.174e-25,,,,1.860e-21,2.004e-16,5.428e-15,9.587e-29,,3.809e-4,,1.822e-16,1.823e-18,,2.233e-19,6.878e-18,,,,,,1.979e-18,,,,,,,,,,,,,,
759.13,3.741e-4,9.697e-20,4.318e-26,9.861e-26,2.315e-17,,,1.217e-18,2.049e-19,,7.868e-16,6.101e-12,2.793e-23,1.731e-17,2.498e-19,2.308e-15,6.447e-17,,,,4.223e-18,2.830e-36,1.335e-17,,6.693e-25,,,,1.860e-21,2.004e-16,4.081e-15,9.582e-29,,3.741e-4,,1.822e-16,1.819e-18,,2.233e-19,6.878e-18,,,,,,1.979e-18,,,,,,,,,,,,,,
759.15,3.670e-4,9.709e-20,4.316e-26,9.883e-26,2.315e-17,,,1.217e-18,2.050e-19,,7.870e-16,7.761e-12,3.005e-23,1.731e-17,2.499e-19,2.651e-15,6.450e-17,,,,4.223e-18,2.830e-36,1.335e-17,,4.877e-25,,,,1.860e-21,2.004e-16,3.063e-15,9.578e-29,,3.670e-4,,1.822e-16,1.816e-18,,2.233e-19,6.878e-18,,,,,,1.979e-18,,,,,,,,,,,,,,
759.18,3.556e-4,9.728e-20,4.314e-26,9.898e-26,2.316e-17,,,1.217e-18,2.050e-19,,7.873e-16,1.111e-11,3.782e-23,1.731e-17,2.500e-19,3.256e-15,6.453e-17,,,,4.224e-18,2.831e-36,1.335e-17,,3.025e-25,,,,1.859e-21,2.004e-16,1.988e-15,9.572e-29,,3.556e-4,,1.822e-16,1.811e-18,,2.233e-19,6.878e-18,,,,,,1.980e-18,,,,,,,,,,,,,,
759.2,3.477e-4,9.741e-20,4.312e-26,9.895e-26,2.316e-17,,,1.217e-18,2.051e-19,,7.875e-16,1.408e-11,4.666e-23,1.731e-17,2.502e-19,3.727e-15,6.455e-17,,,,4.224e-18,2.831e-36,1.335e-17,,2.197e-25,,,,1.859e-21,2.005e-16,1.487e-15,9.568e-29,,3.477e-4,,1.823e-16,1.807e-18,,2.233e-19,6.878e-18,,,,,,1.980e-18,,,,,,,,,,,,,,
759.23,3.353e-4,9.760e-20,4.309e-26,9.872e-26,2.316e-17,,,1.217e-18,2.051e-19,,7.878e-16,2.006e-11,6.718e-23,1.731e-17,2.503e-19,4.555e-15,6.458e-17,,,,4.225e-18,2.831e-36,1.335e-17,,1.356e-25,,,,1.859e-21,2.005e-16,9.601e-16,9.562e-29,,3.353e-4,,1.823e-16,1.802e-18,,2.233e-19,6.878e-18,,,,,,1.980e-18,,,,,,,,,,,,,,
759.25,3.267e-4,9.773e-20,4.307e-26,9.843e-26,2.317e-17,,,1.217e-18,2.051e-19,,7.880e-16,2.535e-11,8.723e-23,1.731e-17,2.504e-19,5.198e-15,6.460e-17,,,,4.225e-18,2.831e-36,1.334e-17,,9.814e-26,,,,1.859e-21,2.005e-16,7.160e-16,9.557e-29,,3.267e-4,,1.823e-16,1.798e-18,,2.233e-19,6.878e-18,,,,,,1.980e-18,,,,,,,,,,,,,,
759.28,3.135e-4,9.792e-20,4.305e-26,9.780e-26,2.317e-17,,,1.216e-18,2.052e-19,,7.882e-16,3.592e-11,1.307e-22,1.731e-17,2.506e-19,6.321e-15,6.463e-17,,,,4.226e-18,2.831e-36,1.334e-17,,6.028e-26,,,,1.858e-21,2.006e-16,4.599e-16,9.551e-29,,3.135e-4,,1.823e-16,1.793e-18,,2.233e-19,6.878e-18,,,,,,1.981e-18,,,,,,,,,,,,,,
759.3,3.044e-4,9.805e-20,4.303e-26,9.725e-26,2.318e-17,,,1.216e-18,2.052e-19,,7.884e-16,4.525e-11,1.717e-22,1.731e-17,2.507e-19,7.190e-15,6.465e-17,,,,4.226e-18,2.832e-36,1.334e-17,,4.348e-26,,,,1.858e-21,2.006e-16,3.418e-16,9.547e-29,,3.044e-4,,1.823e-16,1.789e-18,,2.233e-19,6.878e-18,,,,,,1.981e-18,,,,,,,,,,,,,,
759.33,2.907e-4,9.824e-20,4.300e-26,9.623e-26,2.318e-17,,,1.216e-18,2.053e-19,,7.887e-16,6.381e-11,2.591e-22,1.731e-17,2.509e-19,8.700e-15,6.469e-17,,,,4.227e-18,2.832e-36,1.334e-17,,2.657e-26,,,,1.858e-21,2.006e-16,2.185e-16,9.541e-29,,2.907e-4,,1.824e-16,1.784e-18,,2.233e-19,6.878e-18,,,,,,1.981e-18,,,,,,,,,,,,,,
759.35,2.814e-4,9.836e-20,4.298e-26,9.542e-26,2.318e-17,,,1.216e-18,2.053e-19,,7.889e-16,8.011e-11,3.406e-22,1.730e-17,2.510e-19,9.862e-15,6.471e-17,,,,4.227e-18,2.832e-36,1.334e-17,,2.656e-26,,,,1.858e-21,2.006e-16,1.618e-16,9.536e-29,,2.814e-4,,1.824e-16,1.780e-18,,2.233e-19,6.878e-18,,,,,,1.982e-18,,,,,,,,,,,,,,
759.38,2.673e-4,9.855e-20,4.296e-26,9.401e-26,2.319e-17,,,1.216e-18,2.053e-19,,7.892e-16,1.124e-10,5.129e-22,1.730e-17,2.512e-19,1.187e-14,6.474e-17,,,,4.228e-18,2.832e-36,1.334e-17,,2.656e-26,,,,1.857e-21,2.007e-16,1.029e-16,9.530e-29,,2.673e-4,,1.824e-16,1.775e-18,,2.233e-19,6.878e-18,,,,,,1.982e-18,,,,,,,,,,,,,,
759.4,2.579e-4,9.868e-20,4.294e-26,9.295e-26,2.319e-17,,,1.216e-18,2.054e-19,,7.894e-16,1.407e-10,6.728e-22,1.730e-17,2.513e-19,1.342e-14,6.476e-17,,,,4.228e-18,2.833e-36,1.333e-17,,2.656e-26,,,,1.857e-21,2.007e-16,7.596e-17,9.526e-29,,2.579e-4,,1.824e-16,1.771e-18,,2.233e-19,6.878e-18,,,,,,1.982e-18,,,,,,,,,,,,,,
759.43,2.438e-4,9.887e-20,4.291e-26,9.119e-26,2.320e-17,,,1.216e-18,2.054e-19,,7.896e-16,1.964e-10,1.009e-21,1.730e-17,2.515e-19,1.608e-14,6.479e-17,,,,4.229e-18,2.833e-36,1.333e-17,,2.655e-26,,,,1.857e-21,2.007e-16,4.806e-17,9.520e-29,,2.438e-4,,1.825e-16,1.766e-18,,2.232e-19,6.878e-18,,,,,,1.983e-18,,,,,,,,,,,,,,
759.45,2.344e-4,9.900e-20,4.289e-26,8.991e-26,2.320e-17,,,1.216e-18,2.055e-19,,7.898e-16,2.450e-10,1.319e-21,1.730e-17,2.516e-19,1.810e-14,6.481e-17,,,,4.229e-18,2.833e-36,1.333e-17,,2.655e-26,,,,1.856e-21,2.007e-16,3.536e-17,9.515e-29,,2.344e-4,,1.825e-16,1.762e-18,,2.232e-19,6.878e-18,,,,,,1.983e-18,,,,,,,,,,,,,,
759.48,2.205e-4,9.919e-20,4.287e-26,8.783e-26,2.321e-17,,,1.216e-18,2.055e-19,,7.901e-16,3.404e-10,1.969e-21,1.730e-17,2.518e-19,2.158e-14,6.484e-17,,,,4.229e-18,2.833e-36,1.333e-17,,2.654e-26,,,,1.856e-21,2.008e-16,2.226e-17,9.509e-29,,2.205e-4,,1.825e-16,1.757e-18,,2.232e-19,6.878e-18,,,,,,1.983e-18,,,,,,,,,,,,,,
759.5,2.113e-4,9.932e-20,4.285e-26,8.635e-26,2.321e-17,,,1.216e-18,2.055e-19,,7.903e-16,4.232e-10,2.566e-21,1.730e-17,2.519e-19,2.423e-14,6.486e-17,,,,4.230e-18,2.833e-36,1.333e-17,,2.654e-26,,,,1.856e-21,2.008e-16,1.633e-17,9.505e-29,,2.113e-4,,1.825e-16,1.753e-18,,2.232e-19,6.878e-18,,,,,,1.984e-18,,,,,,,,,,,,,,
759.52,2.023e-4,9.944e-20,4.283e-26,8.481e-26,2.321e-17,,,1.216e-18,2.056e-19,,7.905e-16,5.254e-10,3.341e-21,1.730e-17,2.520e-19,2.716e-14,6.489e-17,,,,4.230e-18,2.834e-36,1.333e-17,,2.653e-26,,,,1.856e-21,2.008e-16,1.196e-17,9.501e-29,,2.023e-4,,1.825e-16,1.750e-18,,2.232e-19,6.878e-18,,,,,,1.984e-18,,,,,,,,,,,,,,
759.55,1.890e-4,9.963e-20,4.280e-26,8.237e-26,2.322e-17,,,1.216e-18,2.056e-19,,7.908e-16,7.251e-10,4.952e-21,1.730e-17,2.522e-19,3.215e-14,6.492e-17,,,,4.231e-18,2.834e-36,1.332e-17,,2.653e-26,,,,1.855e-21,2.008e-16,7.473e-18,9.495e-29,,1.890e-4,,1.826e-16,1.744e-18,,2.232e-19,6.878e-18,,,,,,1.984e-18,,,,,,,,,,,,,,
759.57,1.803e-4,9.976e-20,4.279e-26,8.067e-26,2.322e-17,,,1.216e-18,2.057e-19,,7.909e-16,8.973e-10,6.426e-21,1.730e-17,2.523e-19,3.593e-14,6.494e-17,,,,4.231e-18,2.834e-36,1.332e-17,,2.653e-26,,,,1.855e-21,2.009e-16,5.454e-18,9.490e-29,,1.803e-4,,1.826e-16,1.741e-18,,2.232e-19,6.878e-18,,,,,,1.984e-18,,,,,,,,,,,,,,
759.6,1.676e-4,9.995e-20,4.276e-26,7.804e-26,2.322e-17,,,1.216e-18,2.057e-19,,7.912e-16,1.232e-9,9.477e-21,1.730e-17,2.524e-19,4.233e-14,6.497e-17,,,,4.232e-18,2.834e-36,1.332e-17,,2.652e-26,,,,1.855e-21,2.009e-16,3.393e-18,9.484e-29,,1.676e-4,,1.826e-16,1.735e-18,,2.232e-19,6.878e-18,,,,,,1.985e-18,,,,,,,,,,,,,,
759.62,1.594e-4,1.001e-19,4.274e-26,7.624e-26,2.323e-17,,,1.216e-18,2.057e-19,,7.914e-16,1.520e-9,1.226e-20,1.730e-17,2.525e-19,4.713e-14,6.499e-17,,,,4.232e-18,2.835e-36,1.332e-17,,2.652e-26,,,,1.854e-21,2.009e-16,2.468e-18,9.480e-29,,1.594e-4,,1.826e-16,1.732e-18,,2.232e-19,6.878e-18,,,,,,1.985e-18,,,,,,,,,,,,,,
759.65,1.474e-4,1.003e-19,4.272e-26,7.348e-26,2.323e-17,,,1.216e-18,2.058e-19,,7.917e-16,2.076e-9,1.799e-20,1.730e-17,2.527e-19,5.525e-14,6.502e-17,,,,4.233e-18,2.835e-36,1.332e-17,,2.651e-26,,,,1.854e-21,2.009e-16,1.527e-18,9.474e-29,,1.474e-4,,1.827e-16,1.727e-18,,2.232e-19,6.878e-18,,,,,,1.985e-18,,,,,,,,,,,,,,
759.67,1.398e-4,1.004e-19,4.270e-26,7.162e-26,2.324e-17,,,1.216e-18,2.058e-19,,7.919e-16,2.553e-9,2.319e-20,1.730e-17,2.528e-19,6.133e-14,6.504e-17,,,,4.233e-18,2.835e-36,1.332e-17,,2.651e-26,,,,1.854e-21,2.010e-16,1.107e-18,9.469e-29,,1.397e-4,,1.827e-16,1.723e-18,,2.232e-19,6.878e-18,,,,,,1.986e-18,,,,,,,,,,,,,,
759.7,1.287e-4,1.006e-19,4.267e-26,6.880e-26,2.324e-17,,,1.216e-18,2.059e-19,,7.922e-16,3.471e-9,3.387e-20,1.730e-17,2.530e-19,7.154e-14,6.508e-17,,,,4.233e-18,2.835e-36,1.331e-17,,2.650e-26,,,,1.853e-21,2.010e-16,6.817e-19,9.463e-29,,1.287e-4,,1.827e-16,1.718e-18,,2.232e-19,6.878e-18,,,,,,1.986e-18,,,,,,,,,,,,,,
759.72,1.216e-4,1.007e-19,4.265e-26,6.693e-26,2.324e-17,,,1.215e-18,2.059e-19,,7.923e-16,4.253e-9,4.352e-20,1.730e-17,2.531e-19,7.915e-14,6.510e-17,,,,4.234e-18,2.835e-36,1.331e-17,,2.650e-26,,,,1.853e-21,2.010e-16,4.926e-19,9.459e-29,,1.216e-4,,1.827e-16,1.714e-18,,2.232e-19,6.877e-18,,,,,,1.986e-18,,,,,,,,,,,,,,
759.75,1.114e-4,1.009e-19,4.263e-26,6.412e-26,2.325e-17,,,1.215e-18,2.060e-19,,7.926e-16,5.754e-9,6.325e-20,1.730e-17,2.533e-19,9.187e-14,6.513e-17,,,,4.234e-18,2.836e-36,1.331e-17,,2.650e-26,,,,1.853e-21,2.011e-16,3.018e-19,9.453e-29,,1.114e-4,,1.827e-16,1.709e-18,,2.232e-19,6.877e-18,,,,,,1.987e-18,,,,,,,,,,,,,,
759.77,1.049e-4,1.010e-19,4.261e-26,6.228e-26,2.325e-17,,,1.215e-18,2.060e-19,,7.928e-16,7.028e-9,8.101e-20,1.730e-17,2.534e-19,1.013e-13,6.515e-17,,,,4.235e-18,2.836e-36,1.331e-17,,2.649e-26,,,,1.853e-21,2.011e-16,2.173e-19,9.449e-29,,1.049e-4,,1.828e-16,1.705e-18,,2.232e-19,6.877e-18,,,,,,1.987e-18,,,,,,,,,,,,,,
759.8,9.571e-5,1.012e-19,4.258e-26,5.956e-26,2.326e-17,,,1.215e-18,2.060e-19,,7.931e-16,9.462e-9,1.171e-19,1.730e-17,2.536e-19,1.170e-13,6.518e-17,,,,4.235e-18,2.836e-36,1.331e-17,,2.649e-26,,,,1.852e-21,2.011e-16,2.203e-19,9.442e-29,,9.570e-5,,1.828e-16,1.700e-18,,2.232e-19,6.877e-18,,,,,,1.987e-18,,,,,,,,,,,,,,
759.82,8.989e-5,1.013e-19,4.256e-26,5.778e-26,2.326e-17,,,1.215e-18,2.061e-19,,7.933e-16,1.152e-8,1.495e-19,1.730e-17,2.537e-19,1.286e-13,6.520e-17,,,,4.236e-18,2.836e-36,1.330e-17,,2.648e-26,,,,1.852e-21,2.011e-16,2.223e-19,9.438e-29,,8.988e-5,,1.828e-16,1.696e-18,,2.232e-19,6.877e-18,,,,,,1.987e-18,,,,,,,,,,,,,,
759.85,8.163e-5,1.015e-19,4.254e-26,5.521e-26,2.327e-17,,,1.215e-18,2.061e-19,,7.936e-16,1.543e-8,2.152e-19,1.730e-17,2.539e-19,1.478e-13,6.523e-17,,,,4.236e-18,2.837e-36,1.330e-17,,2.648e-26,,,,1.852e-21,2.012e-16,2.254e-19,9.432e-29,,8.162e-5,,1.828e-16,1.691e-18,,2.232e-19,6.877e-18,,,,,,1.988e-18,,,,,,,,,,,,,,
759.87,7.645e-5,1.017e-19,4.252e-26,5.356e-26,2.327e-17,,,1.215e-18,2.061e-19,,7.937e-16,1.872e-8,2.738e-19,1.730e-17,2.540e-19,1.619e-13,6.526e-17,,,,4.237e-18,2.837e-36,1.330e-17,,2.647e-26,,,,1.851e-21,2.012e-16,2.274e-19,9.428e-29,,7.643e-5,,1.829e-16,1.687e-18,,2.232e-19,6.877e-18,,,,,,1.988e-18,,,,,,,,,,,,,,
759.89,7.152e-5,1.018e-19,4.250e-26,5.197e-26,2.327e-17,,,1.215e-18,2.062e-19,,7.939e-16,2.269e-8,3.480e-19,1.730e-17,2.541e-19,1.771e-13,6.528e-17,,,,4.237e-18,2.837e-36,1.330e-17,,2.647e-26,,,,1.851e-21,2.012e-16,2.294e-19,9.423e-29,,7.150e-5,,1.829e-16,1.684e-18,,2.232e-19,6.877e-18,,,,,,1.988e-18,,,,,,,,,,,,,,
759.92,6.459e-5,1.020e-19,4.247e-26,4.971e-26,2.328e-17,,,1.215e-18,2.062e-19,,7.942e-16,3.019e-8,4.973e-19,1.730e-17,2.543e-19,2.021e-13,6.531e-17,,,,4.238e-18,2.837e-36,1.330e-17,,2.647e-26,,,,1.851e-21,2.012e-16,2.324e-19,9.417e-29,,6.456e-5,,1.829e-16,1.678e-18,,2.232e-19,6.877e-18,,,,,,1.989e-18,,,,,,,,,,,,,,
759.94,6.028e-5,1.021e-19,4.246e-26,4.829e-26,2.328e-17,,,1.215e-18,2.063e-19,,7.944e-16,3.646e-8,6.299e-19,1.730e-17,2.544e-19,2.204e-13,6.533e-17,,,,4.238e-18,2.837e-36,1.330e-17,,2.646e-26,,,,1.851e-21,2.013e-16,2.344e-19,9.413e-29,,6.024e-5,,1.829e-16,1.675e-18,,2.232e-19,6.877e-18,,,,,,1.989e-18,,,,,,,,,,,,,,
759.97,5.426e-5,1.023e-19,4.243e-26,4.632e-26,2.329e-17,,,1.215e-18,2.063e-19,,7.947e-16,4.827e-8,8.957e-19,1.730e-17,2.545e-19,2.503e-13,6.536e-17,,,,4.238e-18,2.838e-36,1.329e-17,,2.646e-26,,,,1.850e-21,2.013e-16,2.374e-19,9.407e-29,,5.421e-5,,1.829e-16,1.669e-18,,2.232e-19,6.877e-18,,,,,,1.989e-18,,,,,,,,,,,,,,
759.99,5.054e-5,1.024e-19,4.241e-26,4.512e-26,2.329e-17,,,1.215e-18,2.063e-19,,7.949e-16,5.811e-8,1.131e-18,1.730e-17,2.547e-19,2.720e-13,6.538e-17,,,,4.239e-18,2.838e-36,1.329e-17,,2.645e-26,,,,1.850e-21,2.013e-16,2.394e-19,9.402e-29,,5.048e-5,,1.830e-16,1.666e-18,,2.232e-19,6.877e-18,,,,,,1.989e-18,,,,,,,,,,,,,,
760.02,4.537e-5,1.026e-19,4.238e-26,4.349e-26,2.329e-17,,,1.215e-18,2.064e-19,,7.951e-16,7.656e-8,1.600e-18,1.730e-17,2.548e-19,3.074e-13,6.541e-17,,,,4.239e-18,2.838e-36,1.329e-17,,2.645e-26,,,,1.850e-21,2.013e-16,2.425e-19,9.396e-29,,4.530e-5,,1.830e-16,1.660e-18,,2.232e-19,6.877e-18,,,,,,1.990e-18,,,,,,,,,,,,,,
760.04,4.221e-5,1.027e-19,4.237e-26,4.253e-26,2.330e-17,,,1.215e-18,2.064e-19,,7.953e-16,9.185e-8,2.014e-18,1.730e-17,2.549e-19,3.329e-13,6.543e-17,,,,4.240e-18,2.838e-36,1.329e-17,,2.645e-26,,,,1.850e-21,2.014e-16,2.445e-19,9.392e-29,,4.211e-5,,1.830e-16,1.657e-18,,2.232e-19,6.877e-18,,,,,,1.990e-18,,,,,,,,,,,,,,
760.07,3.785e-5,1.029e-19,4.234e-26,4.129e-26,2.330e-17,,,1.215e-18,2.065e-19,,7.956e-16,1.204e-7,2.835e-18,1.730e-17,2.551e-19,3.744e-13,6.547e-17,,,,4.240e-18,2.839e-36,1.329e-17,,2.644e-26,,,,1.849e-21,2.014e-16,2.475e-19,9.386e-29,,3.773e-5,,1.830e-16,1.651e-18,,2.232e-19,6.877e-18,,,,,,1.990e-18,,,,,,,,,,,,,,
760.09,3.519e-5,1.031e-19,4.232e-26,4.059e-26,2.330e-17,,,1.215e-18,2.065e-19,,7.958e-16,1.440e-7,3.556e-18,1.730e-17,2.552e-19,4.042e-13,6.549e-17,,,,4.241e-18,2.839e-36,1.329e-17,,2.644e-26,,,,1.849e-21,2.014e-16,2.495e-19,9.382e-29,,3.505e-5,,1.831e-16,1.648e-18,,2.232e-19,6.877e-18,,,,,,1.991e-18,,,,,,,,,,,,,,
760.12,3.158e-5,1.033e-19,4.229e-26,3.977e-26,2.331e-17,,,1.215e-18,2.066e-19,,7.961e-16,1.879e-7,4.983e-18,1.730e-17,2.554e-19,4.523e-13,6.552e-17,,,,4.241e-18,2.839e-36,1.328e-17,,2.643e-26,,,,1.849e-21,2.014e-16,2.525e-19,9.375e-29,,3.139e-5,,1.831e-16,1.643e-18,,2.232e-19,6.877e-18,,,,,,1.991e-18,,,,,,,,,,,,,,
760.14,2.940e-5,1.034e-19,4.228e-26,3.937e-26,2.331e-17,,,1.214e-18,2.066e-19,,7.963e-16,2.240e-7,6.230e-18,1.730e-17,2.555e-19,4.867e-13,6.554e-17,,,,4.242e-18,2.839e-36,1.328e-17,,2.643e-26,,,,1.848e-21,2.015e-16,2.545e-19,9.371e-29,,2.917e-5,,1.831e-16,1.639e-18,,2.232e-19,6.877e-18,,,,,,1.991e-18,,,,,,,,,,,,,,
760.17,2.646e-5,1.036e-19,4.225e-26,3.899e-26,2.332e-17,,,1.214e-18,2.066e-19,,7.965e-16,2.907e-7,8.687e-18,1.729e-17,2.557e-19,5.419e-13,6.557e-17,,,,4.242e-18,2.839e-36,1.328e-17,,2.642e-26,,,,1.848e-21,2.015e-16,2.576e-19,9.365e-29,,2.617e-5,,1.831e-16,1.634e-18,,2.232e-19,6.877e-18,,,,,,1.992e-18,,,,,,,,,,,,,,
760.19,2.472e-5,1.037e-19,4.223e-26,3.890e-26,2.332e-17,,,1.214e-18,2.067e-19,,7.967e-16,3.454e-7,1.082e-17,1.729e-17,2.558e-19,5.812e-13,6.559e-17,,,,4.243e-18,2.840e-36,1.328e-17,,2.642e-26,,,,1.848e-21,2.015e-16,2.596e-19,9.361e-29,,2.437e-5,,1.831e-16,1.630e-18,,2.232e-19,6.877e-18,,,,,,1.992e-18,,,,,,,,,,,,,,
760.22,2.240e-5,1.039e-19,4.221e-26,3.899e-26,2.333e-17,,,1.214e-18,2.067e-19,,7.970e-16,4.462e-7,1.502e-17,1.729e-17,2.560e-19,6.439e-13,6.562e-17,,,,4.243e-18,2.840e-36,1.328e-17,,2.641e-26,,,,1.847e-21,2.016e-16,2.626e-19,9.354e-29,,2.196e-5,,1.832e-16,1.625e-18,,2.231e-19,6.877e-18,,,,,,1.992e-18,,,,,,,,,,,,,,
760.24,2.105e-5,1.040e-19,4.219e-26,3.920e-26,2.333e-17,,,1.214e-18,2.067e-19,,7.972e-16,5.284e-7,1.865e-17,1.729e-17,2.561e-19,6.883e-13,6.565e-17,,,,4.243e-18,2.840e-36,1.328e-17,,2.641e-26,,,,1.847e-21,2.016e-16,2.646e-19,9.350e-29,,2.053e-5,,1.832e-16,1.621e-18,,2.231e-19,6.877e-18,,,,,,1.993e-18,,,,,,,,,,,,,,
760.26,1.986e-5,1.041e-19,4.217e-26,3.955e-26,2.333e-17,,,1.214e-18,2.068e-19,,7.974e-16,6.249e-7,2.314e-17,1.729e-17,2.562e-19,7.348e-13,6.567e-17,,,,4.244e-18,2.840e-36,1.327e-17,,2.641e-26,,,,1.847e-21,2.016e-16,2.666e-19,9.346e-29,,1.923e-5,,1.832e-16,1.617e-18,,2.231e-19,6.877e-18,,,,,,1.993e-18,,,,,,,,,,,,,,
760.29,1.833e-5,1.043e-19,4.214e-26,4.031e-26,2.334e-17,,,1.214e-18,2.068e-19,,7.977e-16,8.018e-7,3.188e-17,1.729e-17,2.564e-19,8.085e-13,6.570e-17,,,,4.244e-18,2.841e-36,1.327e-17,,2.640e-26,,,,1.847e-21,2.016e-16,2.696e-19,9.340e-29,,1.753e-5,,1.832e-16,1.612e-18,,2.231e-19,6.877e-18,,,,,,1.993e-18,,,,,,,,,,,,,,
760.31,1.748e-5,1.045e-19,4.212e-26,4.097e-26,2.334e-17,,,1.214e-18,2.069e-19,,7.979e-16,9.451e-7,3.941e-17,1.729e-17,2.565e-19,8.602e-13,6.572e-17,,,,4.245e-18,2.841e-36,1.327e-17,,2.640e-26,,,,1.846e-21,2.017e-16,2.716e-19,9.336e-29,,1.654e-5,,1.833e-16,1.609e-18,,2.231e-19,6.877e-18,,,,,,1.993e-18,,,,,,,,,,,,,,
760.34,1.647e-5,1.047e-19,4.210e-26,4.220e-26,2.335e-17,,,1.214e-18,2.069e-19,,7.981e-16,1.207e-6,5.405e-17,1.729e-17,2.566e-19,9.418e-13,6.575e-17,,,,4.245e-18,2.841e-36,1.327e-17,,2.639e-26,,,,1.846e-21,2.017e-16,2.747e-19,9.329e-29,,1.526e-5,,1.833e-16,1.603e-18,,2.231e-19,6.877e-18,,,,,,1.994e-18,,,,,,,,,,,,,,
760.36,1.596e-5,1.048e-19,4.208e-26,4.317e-26,2.335e-17,,,1.214e-18,2.069e-19,,7.983e-16,1.418e-6,6.660e-17,1.729e-17,2.568e-19,9.988e-13,6.577e-17,,,,4.246e-18,2.841e-36,1.327e-17,,2.639e-26,,,,1.846e-21,2.017e-16,2.767e-19,9.325e-29,,1.454e-5,,1.833e-16,1.600e-18,,2.231e-19,6.877e-18,,,,,,1.994e-18,,,,,,,,,,,,,,
760.39,1.544e-5,1.050e-19,4.205e-26,4.486e-26,2.335e-17,,,1.214e-18,2.070e-19,,7.986e-16,1.801e-6,9.087e-17,1.729e-17,2.569e-19,1.088e-12,6.580e-17,,,,4.246e-18,2.841e-36,1.326e-17,,2.639e-26,,,,1.845e-21,2.017e-16,2.797e-19,9.319e-29,,1.364e-5,,1.833e-16,1.594e-18,,2.231e-19,6.877e-18,,,,,,1.994e-18,,,,,,,,,,,,,,
760.41,1.526e-5,1.051e-19,4.204e-26,4.614e-26,2.336e-17,,,1.214e-18,2.070e-19,,7.988e-16,2.109e-6,1.116e-16,1.729e-17,2.570e-19,1.150e-12,6.582e-17,,,,4.247e-18,2.842e-36,1.326e-17,,2.638e-26,,,,1.845e-21,2.018e-16,2.817e-19,9.315e-29,,1.315e-5,,1.833e-16,1.591e-18,,2.231e-19,6.877e-18,,,,,,1.995e-18,,,,,,,,,,,,,,
760.44,1.523e-5,1.053e-19,4.201e-26,4.827e-26,2.336e-17,,,1.214e-18,2.071e-19,,7.991e-16,2.666e-6,1.515e-16,1.729e-17,2.572e-19,1.247e-12,6.586e-17,,,,4.247e-18,2.842e-36,1.326e-17,,2.638e-26,,,,1.845e-21,2.018e-16,2.847e-19,9.308e-29,,1.256e-5,,1.834e-16,1.585e-18,,2.231e-19,6.877e-18,,,,,,1.995e-18,,,,,,,,,,,,,,
760.46,1.538e-5,1.054e-19,4.199e-26,4.983e-26,2.337e-17,,,1.214e-18,2.071e-19,,7.993e-16,3.112e-6,1.855e-16,1.729e-17,2.573e-19,1.314e-12,6.588e-17,,,,4.247e-18,2.842e-36,1.326e-17,,2.637e-26,,,,1.845e-21,2.018e-16,2.867e-19,9.304e-29,,1.226e-5,,1.834e-16,1.582e-18,,2.231e-19,6.877e-18,,,,,,1.995e-18,,,,,,,,,,,,,,
760.49,1.586e-5,1.056e-19,4.196e-26,5.236e-26,2.337e-17,,,1.214e-18,2.072e-19,,7.995e-16,3.915e-6,2.507e-16,1.729e-17,2.575e-19,1.417e-12,6.591e-17,,,,4.248e-18,2.842e-36,1.326e-17,,2.637e-26,,,,1.844e-21,2.018e-16,2.898e-19,9.298e-29,,1.194e-5,,1.834e-16,1.576e-18,,2.231e-19,6.877e-18,,,,,,1.996e-18,,,,,,,,,,,,,,
760.51,1.636e-5,1.057e-19,4.195e-26,5.418e-26,2.337e-17,,,1.214e-18,2.072e-19,,7.997e-16,4.555e-6,3.059e-16,1.729e-17,2.576e-19,1.488e-12,6.593e-17,,,,4.248e-18,2.843e-36,1.326e-17,,2.636e-26,,,,1.844e-21,2.019e-16,2.918e-19,9.294e-29,,1.181e-5,,1.834e-16,1.573e-18,,2.231e-19,6.877e-18,,,,,,1.996e-18,,,,,,,,,,,,,,
760.54,1.741e-5,1.059e-19,4.192e-26,5.707e-26,2.338e-17,,,1.214e-18,2.072e-19,,8.000e-16,5.703e-6,4.113e-16,1.729e-17,2.578e-19,1.597e-12,6.596e-17,,,,4.249e-18,2.843e-36,1.325e-17,,2.636e-26,,,,1.844e-21,2.019e-16,2.948e-19,9.287e-29,,1.171e-5,,1.835e-16,1.567e-18,,2.231e-19,6.877e-18,,,,,,1.996e-18,,,,,,,,,,,,,,
760.56,1.832e-5,1.061e-19,4.190e-26,5.911e-26,2.338e-17,,,1.214e-18,2.073e-19,,8.002e-16,6.613e-6,5.002e-16,1.729e-17,2.579e-19,1.672e-12,6.598e-17,,,,4.249e-18,2.843e-36,1.325e-17,,2.636e-26,,,,1.843e-21,2.019e-16,2.968e-19,9.283e-29,,1.171e-5,,1.835e-16,1.564e-18,,2.231e-19,6.877e-18,,,,,,1.996e-18,,,,,,,,,,,,,,
760.59,2.003e-5,1.062e-19,4.187e-26,6.232e-26,2.339e-17,,,1.213e-18,2.073e-19,,8.005e-16,8.238e-6,6.692e-16,1.729e-17,2.581e-19,1.785e-12,6.601e-17,,,,4.250e-18,2.843e-36,1.325e-17,,2.635e-26,,,,1.843e-21,2.019e-16,2.998e-19,9.277e-29,,1.179e-5,,1.835e-16,1.559e-18,,2.231e-19,6.877e-18,,,,,,1.997e-18,,,,,,,,,,,,,,
760.61,2.142e-5,1.064e-19,4.186e-26,6.455e-26,2.339e-17,,,1.213e-18,2.073e-19,,8.007e-16,9.522e-6,8.112e-16,1.729e-17,2.582e-19,1.863e-12,6.604e-17,,,,4.250e-18,2.843e-36,1.325e-17,,2.635e-26,,,,1.843e-21,2.020e-16,3.018e-19,9.273e-29,,1.190e-5,,1.835e-16,1.555e-18,,2.231e-19,6.877e-18,,,,,,1.997e-18,,,,,,,,,,,,,,
760.64,2.393e-5,1.066e-19,4.183e-26,6.802e-26,2.339e-17,,,1.213e-18,2.074e-19,,8.009e-16,1.180e-5,1.080e-15,1.729e-17,2.584e-19,1.979e-12,6.607e-17,,,,4.251e-18,2.844e-36,1.325e-17,,2.634e-26,,,,1.843e-21,2.020e-16,3.048e-19,9.266e-29,,1.213e-5,,1.835e-16,1.550e-18,,2.231e-19,6.877e-18,,,,,,1.997e-18,,,,,,,,,,,,,,
760.66,2.592e-5,1.067e-19,4.181e-26,7.039e-26,2.340e-17,,,1.213e-18,2.074e-19,,8.011e-16,1.360e-5,1.305e-15,1.729e-17,2.585e-19,2.058e-12,6.609e-17,,,,4.251e-18,2.844e-36,1.325e-17,,2.634e-26,,,,1.842e-21,2.020e-16,3.069e-19,9.262e-29,,1.232e-5,,1.836e-16,1.546e-18,,2.231e-19,6.877e-18,,,,,,1.998e-18,,,,,,,,,,,,,,
760.68,2.819e-5,1.068e-19,4.179e-26,7.281e-26,2.340e-17,,,1.213e-18,2.075e-19,,8.013e-16,1.565e-5,1.575e-15,1.729e-17,2.586e-19,2.137e-12,6.611e-17,,,,4.252e-18,2.844e-36,1.324e-17,,2.634e-26,,,,1.842e-21,2.020e-16,3.089e-19,9.258e-29,,1.254e-5,,1.836e-16,1.542e-18,,2.231e-19,6.877e-18,,,,,,1.998e-18,,,,,,,,,,,,,,
760.71,3.218e-5,1.070e-19,4.177e-26,7.651e-26,2.341e-17,,,1.213e-18,2.075e-19,,8.016e-16,1.927e-5,2.082e-15,1.729e-17,2.588e-19,2.256e-12,6.614e-17,,,,4.252e-18,2.844e-36,1.324e-17,,2.633e-26,,,,1.842e-21,2.021e-16,3.119e-19,9.252e-29,,1.292e-5,,1.836e-16,1.537e-18,,2.231e-19,6.877e-18,,,,,,1.998e-18,,,,,,,,,,,,,,
760.73,3.529e-5,1.071e-19,4.175e-26,7.901e-26,2.341e-17,,,1.213e-18,2.075e-19,,8.018e-16,2.209e-5,2.504e-15,1.729e-17,2.589e-19,2.334e-12,6.616e-17,,,,4.252e-18,2.844e-36,1.324e-17,,2.633e-26,,,,1.842e-21,2.021e-16,3.139e-19,9.248e-29,,1.319e-5,,1.836e-16,1.533e-18,,2.231e-19,6.877e-18,,,,,,1.998e-18,,,,,,,,,,,,,,
760.76,4.071e-5,1.073e-19,4.172e-26,8.278e-26,2.341e-17,,,1.213e-18,2.076e-19,,8.021e-16,2.707e-5,3.295e-15,1.729e-17,2.590e-19,2.452e-12,6.619e-17,,,,4.253e-18,2.845e-36,1.324e-17,,2.632e-26,,,,1.841e-21,2.021e-16,3.169e-19,9.241e-29,,1.364e-5,,1.837e-16,1.528e-18,,2.231e-19,6.877e-18,,,,,,1.999e-18,,,,,,,,,,,,,,
760.78,4.490e-5,1.074e-19,4.170e-26,8.530e-26,2.342e-17,,,1.213e-18,2.076e-19,,8.022e-16,3.094e-5,3.950e-15,1.729e-17,2.592e-19,2.529e-12,6.621e-17,,,,4.253e-18,2.845e-36,1.324e-17,,2.632e-26,,,,1.841e-21,2.022e-16,3.189e-19,9.237e-29,,1.395e-5,,1.837e-16,1.525e-18,,2.231e-19,6.877e-18,,,,,,1.999e-18,,,,,,,,,,,,,,
760.81,5.217e-5,1.076e-19,4.168e-26,8.906e-26,2.342e-17,,,1.213e-18,2.077e-19,,8.025e-16,3.773e-5,5.171e-15,1.729e-17,2.593e-19,2.643e-12,6.625e-17,,,,4.254e-18,2.845e-36,1.324e-17,,2.631e-26,,,,1.841e-21,2.022e-16,3.219e-19,9.231e-29,,1.444e-5,,1.837e-16,1.519e-18,,2.231e-19,6.877e-18,,,,,,1.999e-18,,,,,,,,,,,,,,
760.83,5.777e-5,1.078e-19,4.166e-26,9.155e-26,2.343e-17,,,1.213e-18,2.077e-19,,8.027e-16,4.299e-5,6.179e-15,1.729e-17,2.594e-19,2.717e-12,6.627e-17,,,,4.254e-18,2.845e-36,1.323e-17,,2.631e-26,,,,1.840e-21,2.022e-16,3.240e-19,9.227e-29,,1.478e-5,,1.837e-16,1.516e-18,,2.231e-19,6.877e-18,,,,,,2.000e-18,,,,,,,,,,,,,,
760.86,6.744e-5,1.080e-19,4.163e-26,9.522e-26,2.343e-17,,,1.213e-18,2.078e-19,,8.030e-16,5.216e-5,8.051e-15,1.729e-17,2.596e-19,2.826e-12,6.630e-17,,,,4.255e-18,2.846e-36,1.323e-17,,2.630e-26,,,,1.840e-21,2.022e-16,3.270e-19,9.220e-29,,1.529e-5,,1.837e-16,1.510e-18,,2.231e-19,6.877e-18,,,,,,2.000e-18,,,,,,,,,,,,,,
760.88,7.486e-5,1.081e-19,4.162e-26,9.762e-26,2.343e-17,,,1.213e-18,2.078e-19,,8.032e-16,5.924e-5,9.588e-15,1.729e-17,2.597e-19,2.895e-12,6.632e-17,,,,4.255e-18,2.846e-36,1.323e-17,,2.630e-26,,,,1.840e-21,2.023e-16,3.290e-19,9.216e-29,,1.563e-5,,1.838e-16,1.507e-18,,2.231e-19,6.877e-18,,,,,,2.000e-18,,,,,,,,,,,,,,
760.91,8.765e-5,1.083e-19,4.159e-26,1.011e-25,2.344e-17,,,1.213e-18,2.078e-19,,8.035e-16,7.152e-5,1.243e-14,1.729e-17,2.599e-19,2.996e-12,6.635e-17,,,,4.256e-18,2.846e-36,1.323e-17,,2.630e-26,,,,1.839e-21,2.023e-16,3.320e-19,9.210e-29,,1.613e-5,,1.838e-16,1.501e-18,,2.231e-19,6.877e-18,,,,,,2.001e-18,,,,,,,,,,,,,,
760.93,9.743e-5,1.084e-19,4.157e-26,1.034e-25,2.344e-17,,,1.213e-18,2.079e-19,,8.036e-16,8.097e-5,1.476e-14,1.729e-17,2.600e-19,3.060e-12,6.637e-17,,,,4.256e-18,2.846e-36,1.323e-17,,2.629e-26,,,,1.839e-21,2.023e-16,3.340e-19,9.206e-29,,1.646e-5,,1.838e-16,1.498e-18,,2.231e-19,6.877e-18,,,,,,2.001e-18,,,,,,,,,,,,,,
760.96,1.142e-4,1.086e-19,4.154e-26,1.066e-25,2.345e-17,,,1.213e-18,2.079e-19,,8.039e-16,9.728e-5,1.904e-14,1.728e-17,2.602e-19,3.151e-12,6.640e-17,,,,4.257e-18,2.847e-36,1.322e-17,,2.629e-26,,,,1.839e-21,2.023e-16,3.370e-19,9.200e-29,,1.695e-5,,1.838e-16,1.492e-18,,2.231e-19,6.877e-18,,,,,,2.001e-18,,,,,,,,,,,,,,
760.98,1.270e-4,1.087e-19,4.153e-26,1.086e-25,2.345e-17,,,1.213e-18,2.080e-19,,8.041e-16,1.098e-4,2.252e-14,1.728e-17,2.603e-19,3.207e-12,6.643e-17,,,,4.257e-18,2.847e-36,1.322e-17,,2.628e-26,,,,1.839e-21,2.024e-16,3.390e-19,9.195e-29,,1.726e-5,,1.839e-16,1.489e-18,,2.231e-19,6.877e-18,,,,,,2.002e-18,,,,,,,,,,,,,,
761.01,1.490e-4,1.089e-19,4.150e-26,1.115e-25,2.346e-17,,,1.212e-18,2.080e-19,,8.044e-16,1.313e-4,2.892e-14,1.728e-17,2.605e-19,3.286e-12,6.646e-17,,,,4.258e-18,2.847e-36,1.322e-17,,2.628e-26,,,,1.838e-21,2.024e-16,3.421e-19,9.189e-29,,1.770e-5,,1.839e-16,1.483e-18,,2.230e-19,6.877e-18,,,,,,2.002e-18,,,,,,,,,,,,,,
761.03,1.656e-4,1.090e-19,4.148e-26,1.133e-25,2.346e-17,,,1.212e-18,2.080e-19,,8.046e-16,1.476e-4,3.410e-14,1.728e-17,2.606e-19,3.334e-12,6.648e-17,,,,4.258e-18,2.847e-36,1.322e-17,,2.628e-26,,,,1.838e-21,2.024e-16,3.441e-19,9.185e-29,,1.798e-5,,1.839e-16,1.480e-18,,2.230e-19,6.877e-18,,,,,,2.002e-18,,,,,,,,,,,,,,
761.05,1.841e-4,1.092e-19,4.146e-26,1.150e-25,2.346e-17,,,1.212e-18,2.081e-19,,8.048e-16,1.658e-4,4.016e-14,1.728e-17,2.607e-19,3.379e-12,6.650e-17,,,,4.258e-18,2.847e-36,1.322e-17,,2.627e-26,,,,1.838e-21,2.024e-16,3.461e-19,9.181e-29,,1.824e-5,,1.839e-16,1.476e-18,,2.230e-19,6.877e-18,,,,,,2.002e-18,,,,,,,,,,,,,,
761.08,2.156e-4,1.094e-19,4.144e-26,1.173e-25,2.347e-17,,,1.212e-18,2.081e-19,,8.050e-16,1.970e-4,5.121e-14,1.728e-17,2.609e-19,3.438e-12,6.653e-17,,,,4.259e-18,2.848e-36,1.322e-17,,2.627e-26,,,,1.837e-21,2.025e-16,3.491e-19,9.174e-29,,1.861e-5,,1.839e-16,1.471e-18,,2.230e-19,6.877e-18,,,,,,2.003e-18,,,,,,,,,,,,,,
761.1,2.394e-4,1.095e-19,4.142e-26,1.186e-25,2.347e-17,,,1.212e-18,2.081e-19,,8.052e-16,2.205e-4,6.011e-14,1.728e-17,2.610e-19,3.472e-12,6.655e-17,,,,4.259e-18,2.848e-36,1.322e-17,,2.626e-26,,,,1.837e-21,2.025e-16,3.511e-19,9.170e-29,,1.882e-5,,1.840e-16,1.467e-18,,2.230e-19,6.877e-18,,,,,,2.003e-18,,,,,,,,,,,,,,
761.13,2.798e-4,1.097e-19,4.139e-26,1.204e-25,2.347e-17,,,1.212e-18,2.082e-19,,8.055e-16,2.607e-4,7.627e-14,1.728e-17,2.611e-19,3.515e-12,6.658e-17,,,,4.260e-18,2.848e-36,1.321e-17,,2.626e-26,,,,1.837e-21,2.025e-16,3.541e-19,9.164e-29,,1.911e-5,,1.840e-16,1.462e-18,,2.230e-19,6.877e-18,,,,,,2.003e-18,,,,,,,,,,,,,,
761.15,3.102e-4,1.098e-19,4.137e-26,1.214e-25,2.348e-17,,,1.212e-18,2.082e-19,,8.057e-16,2.909e-4,8.924e-14,1.728e-17,2.613e-19,3.538e-12,6.661e-17,,,,4.260e-18,2.848e-36,1.321e-17,,2.625e-26,,,,1.837e-21,2.025e-16,3.561e-19,9.160e-29,,1.928e-5,,1.840e-16,1.458e-18,,2.230e-19,6.877e-18,,,,,,2.004e-18,,,,,,,,,,,,,,
761.18,3.617e-4,1.100e-19,4.135e-26,1.227e-25,2.348e-17,,,1.212e-18,2.083e-19,,8.060e-16,3.422e-4,1.127e-13,1.728e-17,2.614e-19,3.565e-12,6.664e-17,,,,4.261e-18,2.849e-36,1.321e-17,,2.625e-26,,,,1.836e-21,2.026e-16,3.592e-19,9.154e-29,,1.949e-5,,1.840e-16,1.453e-18,,2.230e-19,6.877e-18,,,,,,2.004e-18,,,,,,,,,,,,,,
761.2,4.003e-4,1.101e-19,4.133e-26,1.233e-25,2.349e-17,,,1.212e-18,2.083e-19,,8.062e-16,3.807e-4,1.314e-13,1.728e-17,2.615e-19,3.577e-12,6.666e-17,,,,4.261e-18,2.849e-36,1.321e-17,,2.625e-26,,,,1.836e-21,2.026e-16,3.612e-19,9.149e-29,,1.959e-5,,1.841e-16,1.449e-18,,2.230e-19,6.877e-18,,,,,,2.004e-18,,,,,,,,,,,,,,
761.23,4.654e-4,1.103e-19,4.130e-26,1.239e-25,2.349e-17,,,1.212e-18,2.084e-19,,8.064e-16,4.457e-4,1.651e-13,1.728e-17,2.617e-19,3.585e-12,6.669e-17,,,,4.262e-18,2.849e-36,1.321e-17,,2.624e-26,,,,1.836e-21,2.026e-16,3.642e-19,9.143e-29,,1.971e-5,,1.841e-16,1.444e-18,,2.230e-19,6.877e-18,,,,,,2.005e-18,,,,,,,,,,,,,,
761.25,5.140e-4,1.104e-19,4.128e-26,1.242e-25,2.349e-17,,,1.212e-18,2.084e-19,,8.066e-16,4.943e-4,1.919e-13,1.728e-17,2.618e-19,3.585e-12,6.671e-17,,,,4.262e-18,2.849e-36,1.320e-17,,2.624e-26,,,,1.835e-21,2.027e-16,3.662e-19,9.139e-29,,1.976e-5,,1.841e-16,1.441e-18,,2.230e-19,6.877e-18,,,,,,2.005e-18,,,,,,,,,,,,,,
761.28,5.956e-4,1.106e-19,4.126e-26,1.242e-25,2.350e-17,,,1.212e-18,2.084e-19,,8.069e-16,5.759e-4,2.399e-13,1.728e-17,2.620e-19,3.577e-12,6.674e-17,,,,4.263e-18,2.849e-36,1.320e-17,,2.623e-26,,,,1.835e-21,2.027e-16,3.692e-19,9.133e-29,,1.978e-5,,1.841e-16,1.435e-18,,2.230e-19,6.877e-18,,,,,,2.005e-18,,,,,,,,,,,,,,
761.3,6.564e-4,1.527e-19,4.124e-26,1.240e-25,2.350e-17,,,1.212e-18,2.085e-19,,8.071e-16,6.366e-4,2.779e-13,1.728e-17,2.621e-19,3.565e-12,6.676e-17,,,,4.263e-18,2.850e-36,1.320e-17,,2.623e-26,,,,1.835e-21,2.027e-16,3.712e-19,9.128e-29,,1.976e-5,,1.841e-16,1.432e-18,,2.230e-19,6.877e-18,,,,,,2.005e-18,,,,,,,,,,,,,,
761.33,7.579e-4,2.472e-19,4.121e-26,1.235e-25,2.351e-17,,,1.212e-18,2.085e-19,,8.074e-16,7.382e-4,3.458e-13,1.728e-17,2.623e-19,3.538e-12,6.679e-17,,,,4.263e-18,2.850e-36,1.320e-17,,2.622e-26,,,,1.835e-21,2.027e-16,3.743e-19,9.122e-29,,1.969e-5,,1.842e-16,1.426e-18,,2.230e-19,6.877e-18,,,,,,2.006e-18,,,,,,,,,,,,,,
761.35,8.331e-4,3.402e-19,4.119e-26,1.229e-25,2.351e-17,,,1.212e-18,2.086e-19,,8.076e-16,8.134e-4,3.993e-13,1.728e-17,2.624e-19,3.515e-12,6.682e-17,,,,4.264e-18,2.850e-36,1.320e-17,,2.622e-26,,,,1.834e-21,2.028e-16,3.763e-19,9.118e-29,,1.961e-5,,1.842e-16,1.423e-18,,2.230e-19,6.877e-18,,,,,,2.006e-18,,,,,,,,,,,,,,
761.38,9.582e-4,5.478e-19,4.117e-26,1.217e-25,2.352e-17,,,1.212e-18,2.086e-19,,8.078e-16,9.388e-4,4.943e-13,1.728e-17,2.626e-19,3.472e-12,6.685e-17,,,,4.264e-18,2.850e-36,1.320e-17,,2.622e-26,,,,1.834e-21,2.028e-16,3.793e-19,9.112e-29,,1.944e-5,,1.842e-16,1.417e-18,,2.230e-19,6.877e-18,,,,,,2.006e-18,,,,,,,,,,,,,,
761.4,1.051e-3,7.514e-19,4.115e-26,1.208e-25,2.352e-17,,,1.212e-18,2.086e-19,,8.080e-16,1.031e-3,5.690e-13,1.728e-17,2.627e-19,3.438e-12,6.687e-17,,,,4.265e-18,2.850e-36,1.319e-17,,2.621e-26,,,,1.834e-21,2.028e-16,3.813e-19,9.107e-29,,1.930e-5,,1.842e-16,1.414e-18,,2.230e-19,6.877e-18,,,,,,2.007e-18,,,,,,,,,,,,,,
761.42,1.151e-3,1.029e-18,4.113e-26,1.196e-25,2.352e-17,,,1.212e-18,2.087e-19,,8.082e-16,1.131e-3,6.540e-13,1.728e-17,2.628e-19,3.399e-12,6.689e-17,,,,4.265e-18,2.851e-36,1.319e-17,,2.621e-26,,,,1.834e-21,2.028e-16,3.833e-19,9.103e-29,,1.914e-5,,1.842e-16,1.410e-18,,2.230e-19,6.877e-18,,,,,,2.007e-18,,,,,,,,,,,,,,
761.45,1.316e-3,1.646e-18,4.111e-26,1.177e-25,2.353e-17,,,1.211e-18,2.087e-19,,8.085e-16,1.297e-3,8.041e-13,1.728e-17,2.630e-19,3.334e-12,6.692e-17,,,,4.266e-18,2.851e-36,1.319e-17,,2.620e-26,,,,1.833e-21,2.029e-16,3.863e-19,9.097e-29,,1.884e-5,,1.843e-16,1.405e-18,,2.230e-19,6.877e-18,,,,,,2.007e-18,,,,,,,,,,,,,,
761.47,1.437e-3,2.248e-18,4.109e-26,1.162e-25,2.353e-17,,,1.211e-18,2.087e-19,,8.087e-16,1.419e-3,9.213e-13,1.728e-17,2.631e-19,3.286e-12,6.694e-17,,,,4.266e-18,2.851e-36,1.319e-17,,2.620e-26,,,,1.833e-21,2.029e-16,3.883e-19,9.093e-29,,1.862e-5,,1.843e-16,1.942e-18,,2.230e-19,6.877e-18,,,,,,2.007e-18,,,,,,,,,,,,,,
761.5,1.637e-3,3.578e-18,4.106e-26,1.138e-25,2.354e-17,,,1.211e-18,2.088e-19,,8.090e-16,1.619e-3,1.127e-12,1.728e-17,2.633e-19,3.207e-12,6.697e-17,,,,4.267e-18,2.851e-36,1.319e-17,,2.619e-26,,,,1.833e-21,2.029e-16,3.914e-19,9.087e-29,,1.824e-5,,1.843e-16,3.148e-18,,2.230e-19,6.877e-18,,,,,,2.008e-18,,,,,,,,,,,,,,
761.52,1.783e-3,4.870e-18,4.104e-26,1.120e-25,2.354e-17,,,1.211e-18,2.088e-19,,8.092e-16,1.765e-3,1.287e-12,1.728e-17,2.634e-19,3.151e-12,6.700e-17,,,,4.267e-18,2.852e-36,1.319e-17,,2.619e-26,,,,1.832e-21,2.029e-16,3.934e-19,9.082e-29,,1.797e-5,,1.843e-16,4.337e-18,,2.230e-19,6.877e-18,,,,,,2.008e-18,,,,,,,,,,,,,,
761.55,2.022e-3,7.714e-18,4.102e-26,1.091e-25,2.354e-17,,,1.211e-18,2.089e-19,,8.094e-16,2.005e-3,1.567e-12,1.728e-17,2.635e-19,3.060e-12,1.087e-16,,,,4.268e-18,2.852e-36,1.318e-17,,2.619e-26,,,,1.832e-21,2.030e-16,3.964e-19,9.076e-29,,1.752e-5,,1.844e-16,6.996e-18,,2.230e-19,6.877e-18,,,,,,2.008e-18,,,,,,,,,,,,,,
761.57,2.196e-3,1.046e-17,4.100e-26,1.070e-25,2.355e-17,,,1.211e-18,2.089e-19,,8.096e-16,2.179e-3,1.784e-12,1.728e-17,2.637e-19,2.996e-12,1.499e-16,,,,4.268e-18,2.852e-36,1.318e-17,,2.618e-26,,,,1.832e-21,2.030e-16,3.984e-19,9.072e-29,,1.720e-5,,1.844e-16,9.608e-18,,2.230e-19,6.877e-18,,,,,,2.009e-18,,,,,,,,,,,,,,
761.6,2.480e-3,1.649e-17,4.097e-26,1.037e-25,2.355e-17,,,1.211e-18,2.090e-19,,8.099e-16,2.464e-3,2.161e-12,1.728e-17,2.638e-19,2.895e-12,2.420e-16,,,,4.268e-18,2.852e-36,1.318e-17,,2.618e-26,,,,1.831e-21,2.030e-16,4.014e-19,9.066e-29,,1.669e-5,,1.844e-16,1.542e-17,,2.230e-19,6.877e-18,,,,,,2.009e-18,,,,,,,,,,,,,,
761.62,2.686e-3,2.230e-17,4.095e-26,1.014e-25,2.355e-17,,,1.211e-18,2.090e-19,,8.101e-16,2.670e-3,2.452e-12,1.728e-17,2.639e-19,2.826e-12,3.325e-16,,,,4.269e-18,2.852e-36,1.318e-17,,2.617e-26,,,,1.831e-21,2.030e-16,4.034e-19,9.061e-29,,1.633e-5,,1.844e-16,2.111e-17,,2.230e-19,6.877e-18,,,,,,2.009e-18,,,,,,,,,,,,,,
761.65,3.020e-3,3.498e-17,4.093e-26,9.781e-26,2.356e-17,,,1.211e-18,2.090e-19,,8.104e-16,3.005e-3,2.956e-12,1.728e-17,2.641e-19,2.717e-12,5.342e-16,,,,4.269e-18,2.853e-36,1.318e-17,,2.617e-26,,,,1.831e-21,2.031e-16,4.065e-19,9.055e-29,,1.576e-5,,1.845e-16,3.373e-17,,2.230e-19,6.877e-18,,,,,,2.010e-18,,,,,,,,,,,,,,
761.67,3.261e-3,4.715e-17,4.091e-26,9.533e-26,2.356e-17,,,1.211e-18,2.091e-19,,8.106e-16,3.246e-3,3.342e-12,1.728e-17,2.642e-19,2.643e-12,7.317e-16,,,,4.270e-18,2.853e-36,1.318e-17,,2.617e-26,,,,1.831e-21,2.031e-16,4.085e-19,9.051e-29,,1.537e-5,,1.845e-16,4.602e-17,,2.230e-19,6.877e-18,,,,,,2.010e-18,,,,,,,,,,,,,,
761.7,3.652e-3,7.359e-17,4.088e-26,9.149e-26,2.357e-17,,,1.211e-18,2.091e-19,,8.108e-16,3.637e-3,4.010e-12,1.728e-17,2.644e-19,2.529e-12,1.170e-15,,,,4.270e-18,2.853e-36,1.317e-17,,2.616e-26,,,,1.830e-21,2.031e-16,4.115e-19,9.045e-29,,1.477e-5,,1.845e-16,7.315e-17,,2.230e-19,6.877e-18,,,,,,2.010e-18,,,,,,,,,,,,,,
761.72,3.931e-3,9.886e-17,4.086e-26,8.887e-26,2.357e-17,,,1.211e-18,2.092e-19,,8.110e-16,3.917e-3,4.519e-12,1.728e-17,2.645e-19,2.452e-12,1.597e-15,,,,4.271e-18,2.853e-36,1.317e-17,,2.616e-26,,,,1.830e-21,2.032e-16,4.135e-19,9.041e-29,,1.435e-5,,1.845e-16,9.948e-17,,2.230e-19,6.877e-18,,,,,,2.011e-18,,,,,,,,,,,,,,
761.75,4.383e-3,1.535e-16,4.084e-26,8.487e-26,2.358e-17,,,1.211e-18,2.092e-19,,8.113e-16,4.369e-3,5.395e-12,1.727e-17,2.647e-19,2.334e-12,2.542e-15,,,,4.271e-18,2.854e-36,1.317e-17,,2.615e-26,,,,1.830e-21,2.032e-16,4.165e-19,9.034e-29,,1.372e-5,,1.845e-16,1.574e-16,,2.230e-19,6.876e-18,,,,,,2.011e-18,,,,,,,,,,,,,,
761.77,4.705e-3,2.056e-16,4.082e-26,8.217e-26,2.358e-17,,,1.211e-18,2.092e-19,,8.115e-16,4.692e-3,6.061e-12,1.727e-17,2.648e-19,2.256e-12,3.458e-15,,,,4.272e-18,2.854e-36,1.317e-17,,2.615e-26,,,,1.829e-21,2.032e-16,4.185e-19,9.030e-29,,1.329e-5,,1.846e-16,2.133e-16,,2.230e-19,6.876e-18,,,,,,2.011e-18,,,,,,,,,,,,,,
761.79,5.045e-3,2.749e-16,4.080e-26,7.945e-26,2.358e-17,,,1.211e-18,2.093e-19,,8.117e-16,5.032e-3,6.800e-12,1.727e-17,2.649e-19,2.177e-12,4.700e-15,,,,4.272e-18,2.854e-36,1.317e-17,,2.614e-26,,,,1.829e-21,2.032e-16,4.205e-19,9.026e-29,,1.286e-5,,1.846e-16,2.888e-16,,2.230e-19,6.876e-18,,,,,,2.011e-18,,,,,,,,,,,,,,
761.82,5.590e-3,4.241e-16,4.077e-26,7.535e-26,2.359e-17,,,1.211e-18,2.093e-19,,8.120e-16,5.578e-3,8.062e-12,1.727e-17,2.651e-19,2.058e-12,7.427e-15,,,,4.272e-18,2.854e-36,1.316e-17,,2.614e-26,,,,1.829e-21,2.033e-16,4.236e-19,9.020e-29,,1.221e-5,,1.846e-16,4.537e-16,,2.229e-19,6.876e-18,,,,,,2.012e-18,,,,,,,,,,,,,,
761.84,5.977e-3,5.654e-16,4.076e-26,7.261e-26,2.359e-17,,,1.211e-18,2.093e-19,,8.121e-16,5.965e-3,9.016e-12,1.727e-17,2.652e-19,1.979e-12,1.006e-14,,,,4.273e-18,2.854e-36,1.316e-17,,2.614e-26,,,,1.829e-21,2.033e-16,4.256e-19,9.015e-29,,1.178e-5,,1.846e-16,6.122e-16,,2.229e-19,6.876e-18,,,,,,2.012e-18,,,,,,,,,,,,,,
761.87,6.595e-3,8.679e-16,4.073e-26,6.852e-26,2.360e-17,,,1.210e-18,2.094e-19,,8.124e-16,6.583e-3,1.064e-11,1.727e-17,2.654e-19,1.863e-12,1.582e-14,,,,4.273e-18,2.855e-36,1.316e-17,,2.613e-26,,,,1.828e-21,2.033e-16,4.286e-19,9.009e-29,,1.112e-5,,1.847e-16,9.573e-16,,2.229e-19,6.876e-18,,,,,,2.012e-18,,,,,,,,,,,,,,
761.89,7.031e-3,1.153e-15,4.071e-26,6.582e-26,2.360e-17,,,1.210e-18,2.094e-19,,8.126e-16,7.020e-3,1.186e-11,1.727e-17,2.655e-19,1.785e-12,2.136e-14,,,,4.274e-18,2.855e-36,1.316e-17,,2.613e-26,,,,1.828e-21,2.033e-16,4.306e-19,9.005e-29,,1.069e-5,,1.847e-16,1.287e-15,,2.229e-19,6.876e-18,,,,,,2.013e-18,,,,,,,,,,,,,,
761.92,7.725e-3,1.761e-15,4.069e-26,6.181e-26,2.360e-17,,,1.210e-18,2.095e-19,,8.129e-16,7.714e-3,1.392e-11,1.727e-17,2.656e-19,1.672e-12,3.343e-14,,,,4.274e-18,2.855e-36,1.316e-17,,2.612e-26,,,,1.828e-21,2.034e-16,4.336e-19,8.999e-29,,1.005e-5,,1.847e-16,2.003e-15,,2.229e-19,6.876e-18,,,,,,2.013e-18,,,,,,,,,,,,,,
761.94,8.213e-3,2.333e-15,4.067e-26,5.917e-26,2.361e-17,,,1.210e-18,2.095e-19,,8.131e-16,8.203e-3,1.546e-11,1.727e-17,2.658e-19,1.597e-12,4.499e-14,,,,4.275e-18,2.855e-36,1.316e-17,,2.612e-26,,,,1.827e-21,2.034e-16,4.356e-19,8.994e-29,,9.628e-6,,1.847e-16,2.685e-15,,2.229e-19,6.876e-18,,,,,,2.013e-18,,,,,,,,,,,,,,
761.97,8.985e-3,3.546e-15,4.064e-26,5.529e-26,2.361e-17,,,1.210e-18,2.096e-19,,8.134e-16,8.976e-3,1.806e-11,1.727e-17,2.659e-19,1.488e-12,7.006e-14,,,,4.275e-18,2.856e-36,1.315e-17,,2.611e-26,,,,1.827e-21,2.034e-16,4.386e-19,8.988e-29,,9.005e-6,,1.847e-16,4.158e-15,,2.229e-19,6.876e-18,,,,,,2.014e-18,,,,,,,,,,,,,,
761.99,9.527e-3,4.681e-15,4.062e-26,5.276e-26,2.362e-17,,,1.210e-18,2.096e-19,,8.135e-16,9.518e-3,2.000e-11,1.727e-17,2.660e-19,1.417e-12,9.398e-14,,,,4.276e-18,2.856e-36,1.315e-17,,2.611e-26,,,,1.827e-21,2.034e-16,4.407e-19,8.984e-29,,8.598e-6,,1.848e-16,5.556e-15,,2.229e-19,6.876e-18,,,,,,2.014e-18,,,,,,,,,,,,,,
762.02,1.038e-2,7.081e-15,4.060e-26,4.906e-26,2.362e-17,,,1.210e-18,2.096e-19,,8.138e-16,1.037e-2,2.325e-11,1.727e-17,2.662e-19,1.314e-12,1.457e-13,,,,4.276e-18,2.856e-36,1.315e-17,,2.611e-26,,,,1.827e-21,2.035e-16,4.437e-19,8.978e-29,,8.003e-6,,1.848e-16,8.561e-15,,2.229e-19,6.876e-18,,,,,,2.014e-18,,,,,,,,,,,,,,
762.04,1.097e-2,9.316e-15,4.058e-26,4.666e-26,2.362e-17,,,1.210e-18,2.097e-19,,8.140e-16,1.097e-2,2.566e-11,1.727e-17,2.663e-19,1.247e-12,1.947e-13,,,,4.277e-18,2.856e-36,1.315e-17,,2.610e-26,,,,1.826e-21,2.035e-16,4.457e-19,8.974e-29,,7.616e-6,,1.848e-16,1.140e-14,,2.229e-19,6.876e-18,,,,,,2.014e-18,,,,,,,,,,,,,,
762.07,1.191e-2,1.402e-14,4.055e-26,4.317e-26,2.363e-17,,,1.210e-18,2.097e-19,,8.143e-16,1.190e-2,2.969e-11,1.727e-17,2.665e-19,1.150e-12,3.003e-13,,,,4.277e-18,2.857e-36,1.315e-17,,2.610e-26,,,,1.826e-21,2.035e-16,4.487e-19,8.967e-29,,7.053e-6,,1.848e-16,1.748e-14,,2.229e-19,6.876e-18,,,,,,2.015e-18,,,,,,,,,,,,,,
762.09,1.256e-2,1.839e-14,4.053e-26,4.092e-26,2.363e-17,,,1.210e-18,2.098e-19,,8.145e-16,1.255e-2,3.266e-11,1.727e-17,2.666e-19,1.088e-12,4.002e-13,,,,4.277e-18,2.857e-36,1.315e-17,,2.609e-26,,,,1.826e-21,2.035e-16,4.507e-19,8.963e-29,,6.691e-6,,1.848e-16,2.321e-14,,2.229e-19,6.876e-18,,,,,,2.015e-18,,,,,,,,,,,,,,
762.12,1.357e-2,2.755e-14,4.051e-26,3.767e-26,2.364e-17,,,1.210e-18,2.098e-19,,8.148e-16,1.357e-2,3.759e-11,1.727e-17,2.668e-19,9.988e-13,6.142e-13,,,,4.278e-18,2.857e-36,1.314e-17,,2.609e-26,,,,1.825e-21,2.036e-16,4.537e-19,8.957e-29,,6.166e-6,,1.849e-16,3.541e-14,,2.229e-19,6.876e-18,,,,,,2.015e-18,,,,,,,,,,,,,,
762.14,1.427e-2,3.601e-14,4.049e-26,3.559e-26,2.364e-17,,,1.210e-18,2.098e-19,,8.149e-16,1.427e-2,4.122e-11,1.727e-17,2.669e-19,9.418e-13,8.159e-13,,,,4.278e-18,2.857e-36,1.314e-17,,2.608e-26,,,,1.825e-21,2.036e-16,4.557e-19,8.953e-29,,5.829e-6,,1.849e-16,4.686e-14,,2.229e-19,6.876e-18,,,,,,2.016e-18,,,,,,,,,,,,,,
762.16,1.500e-2,4.701e-14,4.047e-26,3.358e-26,2.364e-17,,,1.210e-18,2.099e-19,,8.151e-16,1.499e-2,4.514e-11,1.727e-17,2.670e-19,8.869e-13,1.082e-12,,,,4.279e-18,2.857e-36,1.314e-17,,2.608e-26,,,,1.825e-21,2.036e-16,4.578e-19,8.948e-29,,5.504e-6,,1.849e-16,6.192e-14,,2.229e-19,6.876e-18,,,,,,2.016e-18,,,,,,,,,,,,,,
762.19,1.612e-2,6.995e-14,4.044e-26,3.070e-26,2.365e-17,,,1.210e-18,2.099e-19,,8.154e-16,1.612e-2,5.161e-11,1.727e-17,2.672e-19,8.085e-13,1.650e-12,,,,4.279e-18,2.858e-36,1.314e-17,,2.608e-26,,,,1.825e-21,2.037e-16,4.608e-19,8.942e-29,,5.037e-6,,1.849e-16,9.384e-14,,2.229e-19,6.876e-18,,,,,,2.016e-18,,,,,,,,,,,,,,
762.21,1.690e-2,9.101e-14,4.043e-26,2.888e-26,2.365e-17,,,1.210e-18,2.100e-19,,8.156e-16,1.689e-2,5.633e-11,1.727e-17,2.673e-19,7.588e-13,2.182e-12,,,,4.280e-18,2.858e-36,1.314e-17,,2.607e-26,,,,1.824e-21,2.037e-16,4.628e-19,8.938e-29,,4.740e-6,,1.850e-16,1.236e-13,,2.229e-19,6.876e-18,,,,,,2.016e-18,,,,,,,,,,,,,,
762.24,1.809e-2,1.348e-13,4.040e-26,2.627e-26,2.366e-17,,,1.210e-18,2.100e-19,,8.159e-16,1.809e-2,6.408e-11,1.727e-17,2.675e-19,6.883e-13,3.309e-12,,,,4.280e-18,2.858e-36,1.314e-17,,2.607e-26,,,,1.824e-21,2.037e-16,4.658e-19,8.932e-29,,4.317e-6,,1.850e-16,1.864e-13,,2.229e-19,6.876e-18,,,,,,2.017e-18,,,,,,,,,,,,,,
762.26,1.891e-2,1.748e-13,4.038e-26,2.462e-26,2.366e-17,,,1.210e-18,2.100e-19,,8.161e-16,1.891e-2,6.971e-11,1.727e-17,2.676e-19,6.439e-13,4.361e-12,,,,4.281e-18,2.858e-36,1.313e-17,,2.606e-26,,,,1.824e-21,2.037e-16,4.678e-19,8.928e-29,,4.049e-6,,1.850e-16,2.447e-13,,2.229e-19,6.876e-18,,,,,,2.017e-18,,,,,,,,,,,,,,
762.29,2.018e-2,2.575e-13,4.035e-26,2.229e-26,2.366e-17,,,1.209e-18,2.101e-19,,8.163e-16,2.017e-2,7.891e-11,1.727e-17,2.678e-19,5.812e-13,6.583e-12,,,,4.281e-18,2.858e-36,1.313e-17,,2.606e-26,,,,1.823e-21,2.038e-16,4.708e-19,8.921e-29,,3.669e-6,,1.850e-16,3.673e-13,,2.229e-19,6.876e-18,,,,,,2.017e-18,,,,,,,,,,,,,,
762.31,2.104e-2,3.329e-13,4.034e-26,2.083e-26,2.367e-17,,,1.209e-18,2.101e-19,,8.165e-16,2.104e-2,8.557e-11,1.727e-17,2.679e-19,5.419e-13,8.649e-12,,,,4.282e-18,2.859e-36,1.313e-17,,2.606e-26,,,,1.823e-21,2.038e-16,4.729e-19,8.917e-29,,3.430e-6,,1.850e-16,4.806e-13,,2.229e-19,6.876e-18,,,,,,2.018e-18,,,,,,,,,,,,,,
762.34,2.237e-2,4.881e-13,4.031e-26,1.876e-26,2.367e-17,,,1.209e-18,2.102e-19,,8.168e-16,2.237e-2,9.639e-11,1.727e-17,2.680e-19,4.867e-13,1.299e-11,,,,4.282e-18,2.859e-36,1.313e-17,,2.605e-26,,,,1.823e-21,2.038e-16,4.759e-19,8.911e-29,,3.093e-6,,1.851e-16,7.177e-13,,2.229e-19,6.876e-18,,,,,,2.018e-18,,,,,,,,,,,,,,
762.36,2.327e-2,6.289e-13,4.029e-26,1.747e-26,2.368e-17,,,1.209e-18,2.102e-19,,8.170e-16,2.327e-2,1.042e-10,1.727e-17,2.682e-19,4.523e-13,1.701e-11,,,,4.282e-18,2.859e-36,1.313e-17,,2.605e-26,,,,1.823e-21,2.038e-16,4.779e-19,8.907e-29,,2.882e-6,,1.851e-16,9.362e-13,,2.229e-19,6.876e-18,,,,,,2.018e-18,,,,,,,,,,,,,,
762.39,2.465e-2,9.175e-13,4.026e-26,1.566e-26,2.368e-17,,,1.209e-18,2.102e-19,,8.173e-16,2.465e-2,1.168e-10,1.727e-17,2.683e-19,4.042e-13,2.543e-11,,,,4.283e-18,2.859e-36,1.312e-17,,2.604e-26,,,,1.822e-21,2.039e-16,4.809e-19,8.900e-29,,2.586e-6,,1.851e-16,1.391e-12,,2.229e-19,6.876e-18,,,,,,2.019e-18,,,,,,,,,,,,,,
762.41,2.559e-2,1.178e-12,4.025e-26,1.453e-26,2.368e-17,,,1.209e-18,2.103e-19,,8.175e-16,2.559e-2,1.258e-10,1.727e-17,2.684e-19,3.744e-13,3.319e-11,,,,4.283e-18,2.860e-36,1.312e-17,,2.604e-26,,,,1.822e-21,2.039e-16,4.829e-19,8.896e-29,,2.402e-6,,1.851e-16,1.809e-12,,2.229e-19,6.876e-18,,,,,,2.019e-18,,,,,,,,,,,,,,
762.44,2.701e-2,1.711e-12,4.022e-26,1.296e-26,2.369e-17,,,1.209e-18,2.103e-19,,8.178e-16,2.701e-2,1.403e-10,1.727e-17,2.686e-19,3.329e-13,4.936e-11,,,,4.284e-18,2.860e-36,1.312e-17,,2.603e-26,,,,1.822e-21,2.039e-16,4.859e-19,8.890e-29,,2.144e-6,,1.852e-16,2.675e-12,,2.229e-19,6.876e-18,,,,,,2.019e-18,,,,,,,,,,,,,,
762.46,2.798e-2,2.190e-12,4.020e-26,1.199e-26,2.369e-17,,,1.209e-18,2.104e-19,,8.179e-16,2.798e-2,1.507e-10,1.727e-17,2.687e-19,3.074e-13,6.422e-11,,,,4.284e-18,2.860e-36,1.312e-17,,2.603e-26,,,,1.821e-21,2.039e-16,4.879e-19,8.886e-29,,1.985e-6,,1.852e-16,3.467e-12,,2.229e-19,6.876e-18,,,,,,2.019e-18,,,,,,,,,,,,,,
762.49,2.944e-2,3.165e-12,4.018e-26,1.064e-26,2.370e-17,,,1.209e-18,2.104e-19,,8.182e-16,2.944e-2,1.672e-10,1.727e-17,2.689e-19,2.720e-13,9.506e-11,,,,4.285e-18,2.860e-36,1.312e-17,,2.602e-26,,,,1.821e-21,2.040e-16,4.910e-19,8.879e-29,,1.763e-6,,1.852e-16,5.102e-12,,2.229e-19,6.876e-18,,,,,,2.020e-18,,,,,,,,,,,,,,
762.51,3.042e-2,4.038e-12,4.016e-26,9.812e-27,2.370e-17,,,1.209e-18,2.104e-19,,8.184e-16,3.042e-2,1.790e-10,1.727e-17,2.690e-19,2.503e-13,1.233e-10,,,,4.285e-18,2.860e-36,1.312e-17,,2.602e-26,,,,1.821e-21,2.040e-16,4.930e-19,8.875e-29,,1.627e-6,,1.852e-16,6.590e-12,,2.229e-19,6.876e-18,,,,,,2.020e-18,,,,,,,,,,,,,,
762.54,3.191e-2,5.806e-12,4.013e-26,8.666e-27,2.371e-17,,,1.209e-18,2.105e-19,,8.187e-16,3.191e-2,1.977e-10,1.726e-17,2.692e-19,2.204e-13,1.816e-10,,,,4.286e-18,2.861e-36,1.311e-17,,2.602e-26,,,,1.821e-21,2.040e-16,4.960e-19,8.869e-29,,1.438e-6,,1.853e-16,9.651e-12,,2.229e-19,6.876e-18,,,,,,2.020e-18,,,,,,,,,,,,,,
762.56,3.291e-2,7.384e-12,4.011e-26,7.963e-27,2.371e-17,,,1.209e-18,2.105e-19,,8.189e-16,3.290e-2,2.109e-10,1.726e-17,2.693e-19,2.021e-13,2.347e-10,,,,4.286e-18,2.861e-36,1.311e-17,,2.601e-26,,,,1.820e-21,2.040e-16,4.980e-19,8.865e-29,,1.322e-6,,1.853e-16,1.243e-11,,2.229e-19,6.876e-18,,,,,,2.021e-18,,,,,,,,,,,,,,
762.58,3.391e-2,9.379e-12,4.009e-26,7.309e-27,2.371e-17,,,1.209e-18,2.106e-19,,8.191e-16,3.390e-2,2.247e-10,1.726e-17,2.694e-19,1.851e-13,3.029e-10,,,,4.286e-18,2.861e-36,1.311e-17,,2.601e-26,,,,1.820e-21,2.041e-16,5.000e-19,8.861e-29,,1.215e-6,,1.853e-16,1.598e-11,,2.229e-19,6.876e-18,,,,,,2.021e-18,,,,,,,,,,,,,,
762.61,3.541e-2,1.339e-11,4.007e-26,6.410e-27,2.372e-17,,,1.209e-18,2.106e-19,,8.193e-16,3.541e-2,2.465e-10,1.726e-17,2.696e-19,1.619e-13,4.432e-10,,,,4.287e-18,2.861e-36,1.311e-17,,2.600e-26,,,,1.820e-21,2.041e-16,5.030e-19,8.854e-29,,1.066e-6,,1.853e-16,2.324e-11,,2.228e-19,6.876e-18,,,,,,2.021e-18,,,,,,,,,,,,,,
762.63,3.641e-2,1.696e-11,4.005e-26,5.863e-27,2.372e-17,,,1.209e-18,2.106e-19,,8.195e-16,3.641e-2,2.617e-10,1.726e-17,2.697e-19,1.478e-13,5.702e-10,,,,4.287e-18,2.862e-36,1.311e-17,,2.600e-26,,,,1.819e-21,2.041e-16,5.050e-19,8.850e-29,,9.760e-7,,1.853e-16,2.979e-11,,2.228e-19,6.876e-18,,,,,,2.022e-18,,,,,,,,,,,,,,
762.66,3.791e-2,2.410e-11,4.002e-26,5.117e-27,2.372e-17,,,1.209e-18,2.107e-19,,8.198e-16,3.791e-2,2.857e-10,1.726e-17,2.699e-19,1.286e-13,8.301e-10,,,,4.288e-18,2.862e-36,1.311e-17,,2.600e-26,,,,1.819e-21,2.042e-16,5.081e-19,8.844e-29,,8.526e-7,,1.854e-16,4.311e-11,,2.228e-19,6.876e-18,,,,,,2.022e-18,,,,,,,,,,,,,,
762.68,3.890e-2,3.041e-11,4.001e-26,4.665e-27,2.373e-17,,,1.209e-18,2.107e-19,,8.200e-16,3.890e-2,3.024e-10,1.726e-17,2.700e-19,1.170e-13,1.065e-9,,,,4.288e-18,2.862e-36,1.310e-17,,2.599e-26,,,,1.819e-21,2.042e-16,5.101e-19,8.840e-29,,7.778e-7,,1.854e-16,5.508e-11,,2.228e-19,6.876e-18,,,,,,2.022e-18,,,,,,,,,,,,,,
762.71,4.038e-2,4.300e-11,3.998e-26,4.051e-27,2.373e-17,,,1.209e-18,2.108e-19,,8.203e-16,4.038e-2,3.284e-10,1.726e-17,2.701e-19,1.013e-13,1.542e-9,,,,4.289e-18,2.862e-36,1.310e-17,,2.599e-26,,,,1.819e-21,2.042e-16,5.131e-19,8.833e-29,,6.761e-7,,1.854e-16,7.933e-11,,2.228e-19,6.876e-18,,,,,,2.023e-18,,,,,,,,,,,,,,
762.73,4.136e-2,5.409e-11,3.996e-26,3.681e-27,2.374e-17,,,1.208e-18,2.108e-19,,8.205e-16,4.136e-2,3.465e-10,1.726e-17,2.703e-19,9.187e-14,1.972e-9,,,,4.289e-18,2.862e-36,1.310e-17,,2.598e-26,,,,1.818e-21,2.042e-16,5.151e-19,8.829e-29,,6.148e-7,,1.854e-16,1.010e-10,,2.228e-19,6.876e-18,,,,,,2.023e-18,,,,,,,,,,,,,,
762.76,4.282e-2,7.611e-11,3.993e-26,3.181e-27,2.374e-17,,,1.208e-18,2.108e-19,,8.207e-16,4.282e-2,3.745e-10,1.726e-17,2.704e-19,7.915e-14,2.842e-9,,,,4.290e-18,2.863e-36,1.310e-17,,2.598e-26,,,,1.818e-21,2.043e-16,5.181e-19,8.823e-29,,5.318e-7,,1.855e-16,1.448e-10,,2.228e-19,6.876e-18,,,,,,2.023e-18,,,,,,,,,,,,,,
762.78,4.377e-2,9.542e-11,3.992e-26,2.881e-27,2.374e-17,,,1.208e-18,2.109e-19,,8.209e-16,4.377e-2,3.938e-10,1.726e-17,2.705e-19,7.154e-14,3.622e-9,,,,4.290e-18,2.863e-36,1.310e-17,,2.597e-26,,,,1.818e-21,2.043e-16,5.201e-19,8.819e-29,,4.820e-7,,1.855e-16,1.838e-10,,2.228e-19,6.876e-18,,,,,,2.023e-18,,,,,,,,,,,,,,
762.81,4.518e-2,1.336e-10,3.989e-26,2.477e-27,2.375e-17,,,1.208e-18,2.109e-19,,8.212e-16,4.518e-2,4.235e-10,1.726e-17,2.707e-19,6.133e-14,5.196e-9,,,,4.291e-18,2.863e-36,1.310e-17,,2.597e-26,,,,1.817e-21,2.043e-16,5.232e-19,8.812e-29,,4.148e-7,,1.855e-16,2.621e-10,,2.228e-19,6.876e-18,,,,,,2.024e-18,,,,,,,,,,,,,,
762.83,4.610e-2,1.670e-10,3.987e-26,2.236e-27,2.375e-17,,,1.208e-18,2.110e-19,,8.214e-16,4.610e-2,4.439e-10,1.726e-17,2.708e-19,5.525e-14,6.598e-9,,,,4.291e-18,2.863e-36,1.309e-17,,2.597e-26,,,,1.817e-21,2.043e-16,5.252e-19,8.808e-29,,3.747e-7,,1.855e-16,3.316e-10,,2.228e-19,6.876e-18,,,,,,2.024e-18,,,,,,,,,,,,,,
762.86,4.745e-2,2.327e-10,3.984e-26,1.913e-27,2.376e-17,,,1.208e-18,2.110e-19,,8.217e-16,4.745e-2,4.751e-10,1.726e-17,2.710e-19,4.713e-14,9.420e-9,,,,4.292e-18,2.864e-36,1.309e-17,,2.596e-26,,,,1.817e-21,2.044e-16,5.282e-19,8.802e-29,,3.209e-7,,1.855e-16,4.707e-10,,2.228e-19,6.876e-18,,,,,,2.024e-18,,,,,,,,,,,,,,
762.88,4.833e-2,2.899e-10,3.983e-26,1.722e-27,2.376e-17,,,1.208e-18,2.110e-19,,8.219e-16,4.833e-2,4.963e-10,1.726e-17,2.711e-19,4.233e-14,1.192e-8,,,,4.292e-18,2.864e-36,1.309e-17,,2.596e-26,,,,1.817e-21,2.044e-16,5.302e-19,8.798e-29,,2.890e-7,,1.856e-16,5.935e-10,,2.228e-19,6.876e-18,,,,,,2.025e-18,,,,,,,,,,,,,,
762.91,4.961e-2,4.019e-10,3.980e-26,1.466e-27,2.377e-17,,,1.208e-18,2.111e-19,,8.221e-16,4.961e-2,5.286e-10,1.726e-17,2.713e-19,3.593e-14,1.694e-8,,,,4.293e-18,2.864e-36,1.309e-17,,2.595e-26,,,,1.816e-21,2.044e-16,5.332e-19,8.792e-29,,2.462e-7,,1.856e-16,8.383e-10,,2.228e-19,6.876e-18,,,,,,2.025e-18,,,,,,,,,,,,,,
762.93,5.043e-2,4.990e-10,3.978e-26,1.314e-27,2.377e-17,,,1.208e-18,2.111e-19,,8.223e-16,5.043e-2,5.503e-10,1.726e-17,2.714e-19,3.215e-14,2.138e-8,,,,4.293e-18,2.864e-36,1.309e-17,,2.595e-26,,,,1.816e-21,2.044e-16,5.352e-19,8.787e-29,,2.210e-7,,1.856e-16,1.054e-9,,2.228e-19,6.876e-18,,,,,,2.025e-18,,,,,,,,,,,,,,
762.95,5.124e-2,6.188e-10,3.976e-26,1.177e-27,2.377e-17,,,1.208e-18,2.112e-19,,8.225e-16,5.123e-2,5.723e-10,1.726e-17,2.715e-19,2.874e-14,2.694e-8,,,,4.293e-18,2.864e-36,1.309e-17,,2.595e-26,,,,1.816e-21,2.045e-16,5.372e-19,8.783e-29,,1.980e-7,,1.856e-16,1.322e-9,,2.228e-19,6.876e-18,,,,,,2.025e-18,,,,,,,,,,,,,,
762.98,5.239e-2,8.522e-10,3.974e-26,9.953e-28,2.378e-17,,,1.208e-18,2.112e-19,,8.228e-16,5.239e-2,6.053e-10,1.726e-17,2.717e-19,2.423e-14,3.801e-8,,,,4.294e-18,2.865e-36,1.308e-17,,2.594e-26,,,,1.815e-21,2.045e-16,5.403e-19,8.777e-29,,1.676e-7,,1.856e-16,1.855e-9,,2.228e-19,6.876e-18,,,,,,2.026e-18,,,,,,,,,,,,,,
763,5.312e-2,1.053e-9,3.972e-26,8.885e-28,2.378e-17,,,1.208e-18,2.112e-19,,8.230e-16,5.312e-2,6.274e-10,1.726e-17,2.718e-19,2.158e-14,4.774e-8,,,,4.294e-18,2.865e-36,1.308e-17,,2.594e-26,,,,1.815e-21,2.045e-16,5.423e-19,8.773e-29,,1.497e-7,,1.857e-16,2.321e-9,,2.228e-19,6.876e-18,,,,,,2.026e-18,,,,,,,,,,,,,,
763.03,5.416e-2,1.444e-9,3.969e-26,7.475e-28,2.379e-17,,,1.208e-18,2.113e-19,,8.233e-16,5.416e-2,6.603e-10,1.726e-17,2.720e-19,1.810e-14,6.703e-8,,,,4.295e-18,2.865e-36,1.308e-17,,2.593e-26,,,,1.815e-21,2.046e-16,5.453e-19,8.766e-29,,1.261e-7,,1.857e-16,3.240e-9,,2.228e-19,6.876e-18,,,,,,2.026e-18,,,,,,,,,,,,,,
763.05,5.482e-2,1.778e-9,3.967e-26,6.651e-28,2.379e-17,,,1.208e-18,2.113e-19,,8.234e-16,5.482e-2,6.822e-10,1.726e-17,2.721e-19,1.608e-14,8.392e-8,,,,4.295e-18,2.865e-36,1.308e-17,,2.593e-26,,,,1.815e-21,2.046e-16,5.473e-19,8.762e-29,,1.123e-7,,1.857e-16,4.041e-9,,2.228e-19,6.876e-18,,,,,,2.027e-18,,,,,,,,,,,,,,
763.08,5.573e-2,2.425e-9,3.965e-26,5.568e-28,2.379e-17,,,1.208e-18,2.114e-19,,8.237e-16,5.573e-2,7.145e-10,2.798e-17,2.723e-19,1.342e-14,1.173e-7,,,,4.296e-18,2.866e-36,1.308e-17,,2.592e-26,,,,1.814e-21,2.046e-16,5.503e-19,8.756e-29,,9.407e-8,,1.857e-16,5.614e-9,,2.228e-19,6.876e-18,,,,,,2.027e-18,,,,,,,,,,,,,,
763.1,5.630e-2,2.978e-9,3.963e-26,4.937e-28,2.380e-17,,,1.208e-18,2.114e-19,,8.239e-16,5.630e-2,7.357e-10,3.854e-17,2.724e-19,1.187e-14,1.463e-7,,,,4.296e-18,2.866e-36,1.307e-17,,2.592e-26,,,,1.814e-21,2.046e-16,5.523e-19,8.752e-29,,8.347e-8,,1.858e-16,6.978e-9,,2.228e-19,6.876e-18,,,,,,2.027e-18,,,,,,,,,,,,,,
763.13,5.708e-2,4.042e-9,3.960e-26,4.113e-28,2.380e-17,,,1.208e-18,2.114e-19,,8.242e-16,5.708e-2,7.668e-10,6.218e-17,2.725e-19,9.862e-15,2.035e-7,,,,4.297e-18,2.866e-36,1.307e-17,,2.591e-26,,,,1.814e-21,2.047e-16,5.553e-19,8.746e-29,,6.960e-8,,1.858e-16,9.647e-9,,2.228e-19,6.876e-18,,,,,,2.028e-18,,,,,,,,,,,,,,
763.15,5.755e-2,4.946e-9,3.959e-26,3.635e-28,2.380e-17,,,1.207e-18,2.115e-19,,8.244e-16,5.755e-2,7.869e-10,8.538e-17,2.727e-19,8.700e-15,2.531e-7,,,,4.297e-18,2.866e-36,1.307e-17,,2.591e-26,,,,1.813e-21,2.047e-16,5.574e-19,8.741e-29,,6.156e-8,,1.858e-16,1.195e-8,,2.228e-19,6.876e-18,,,,,,2.028e-18,,,,,,,,,,,,,,
763.18,5.817e-2,6.681e-9,3.956e-26,3.013e-28,2.381e-17,,,1.207e-18,2.115e-19,,8.247e-16,5.817e-2,8.162e-10,1.371e-16,2.728e-19,7.190e-15,3.502e-7,,,,4.298e-18,2.866e-36,1.307e-17,,2.591e-26,,,,1.813e-21,2.047e-16,5.604e-19,8.735e-29,,5.108e-8,,1.858e-16,1.644e-8,,2.228e-19,6.876e-18,,,,,,2.028e-18,,,,,,,,,,,,,,
763.2,5.853e-2,8.150e-9,3.954e-26,2.655e-28,2.381e-17,,,1.207e-18,2.116e-19,,8.249e-16,5.853e-2,8.349e-10,1.876e-16,2.729e-19,6.321e-15,4.341e-7,,,,4.298e-18,2.867e-36,1.307e-17,,2.590e-26,,,,1.813e-21,2.047e-16,5.624e-19,8.731e-29,,4.503e-8,,1.858e-16,2.031e-8,,2.228e-19,6.876e-18,,,,,,2.028e-18,,,,,,,,,,,,,,
763.23,5.899e-2,1.095e-8,3.951e-26,2.189e-28,2.382e-17,,,1.207e-18,2.116e-19,,8.251e-16,5.899e-2,8.617e-10,2.997e-16,2.731e-19,5.198e-15,5.978e-7,,,,4.298e-18,2.867e-36,1.307e-17,,2.590e-26,,,,1.813e-21,2.048e-16,5.654e-19,8.725e-29,,3.718e-8,,1.859e-16,2.780e-8,,2.228e-19,6.876e-18,,,,,,2.029e-18,,,,,,,,,,,,,,
763.25,5.924e-2,1.332e-8,3.950e-26,1.922e-28,2.382e-17,,,1.207e-18,2.116e-19,,8.253e-16,5.924e-2,8.785e-10,4.089e-16,2.732e-19,4.555e-15,7.387e-7,,,,4.299e-18,2.867e-36,1.306e-17,,2.589e-26,,,,1.812e-21,2.048e-16,5.674e-19,8.720e-29,,3.266e-8,,1.859e-16,3.422e-8,,2.228e-19,6.876e-18,,,,,,2.029e-18,,,,,,,,,,,,,,
763.28,5.952e-2,1.781e-8,3.947e-26,1.578e-28,2.383e-17,,,1.207e-18,2.117e-19,,8.256e-16,5.952e-2,9.023e-10,6.501e-16,2.734e-19,3.727e-15,1.012e-6,,,,4.299e-18,2.867e-36,1.306e-17,,2.589e-26,,,,1.812e-21,2.048e-16,5.704e-19,8.714e-29,,2.683e-8,,1.859e-16,4.662e-8,,2.228e-19,6.876e-18,,,,,,2.029e-18,,,,,,,,,,,,,,
763.3,5.964e-2,2.159e-8,3.945e-26,1.381e-28,2.383e-17,,,1.207e-18,2.117e-19,,8.258e-16,5.964e-2,9.169e-10,8.841e-16,2.735e-19,3.256e-15,1.247e-6,,,,4.300e-18,2.868e-36,1.306e-17,,2.589e-26,,,,1.812e-21,2.048e-16,5.724e-19,8.710e-29,,2.350e-8,,1.859e-16,5.720e-8,,2.228e-19,6.876e-18,,,,,,2.030e-18,,,,,,,,,,,,,,
763.32,5.972e-2,2.613e-8,3.943e-26,1.207e-28,2.383e-17,,,1.207e-18,2.118e-19,,8.260e-16,5.972e-2,9.306e-10,1.201e-15,2.736e-19,2.840e-15,1.534e-6,,,,4.300e-18,2.868e-36,1.306e-17,,2.588e-26,,,,1.811e-21,2.049e-16,5.745e-19,8.706e-29,,2.055e-8,,1.860e-16,7.009e-8,,2.228e-19,6.876e-18,,,,,,2.030e-18,,,,,,,,,,,,,,
763.35,5.973e-2,3.471e-8,3.941e-26,9.837e-29,2.384e-17,,,1.207e-18,2.118e-19,,8.263e-16,5.973e-2,9.492e-10,1.896e-15,2.738e-19,2.308e-15,2.087e-6,,,,4.301e-18,2.868e-36,1.306e-17,,2.588e-26,,,,1.811e-21,2.049e-16,5.775e-19,8.699e-29,,1.677e-8,,1.860e-16,9.483e-8,,2.228e-19,6.876e-18,,,,,,2.030e-18,,,,,,,,,,,,,,
763.37,5.968e-2,4.188e-8,3.939e-26,8.569e-29,2.384e-17,,,1.207e-18,2.118e-19,,8.264e-16,5.968e-2,9.602e-10,2.567e-15,2.739e-19,2.006e-15,2.559e-6,,,,4.301e-18,2.868e-36,1.306e-17,,2.587e-26,,,,1.811e-21,2.049e-16,5.795e-19,8.695e-29,,1.462e-8,,1.860e-16,1.158e-7,,2.228e-19,6.876e-18,,,,,,2.031e-18,,,,,,,,,,,,,,
763.4,5.950e-2,5.536e-8,3.936e-26,6.950e-29,2.385e-17,,,1.207e-18,2.119e-19,,8.267e-16,5.949e-2,9.746e-10,4.033e-15,2.741e-19,1.622e-15,3.466e-6,,,,4.302e-18,2.868e-36,1.305e-17,,2.587e-26,,,,1.811e-21,2.049e-16,5.825e-19,8.689e-29,,1.187e-8,,1.860e-16,1.560e-7,,2.227e-19,6.876e-18,,,,,,2.031e-18,,,,,,,,,,,,,,
763.42,5.931e-2,6.657e-8,3.934e-26,6.034e-29,2.385e-17,,,1.207e-18,2.119e-19,,8.269e-16,5.931e-2,9.826e-10,5.442e-15,2.742e-19,1.406e-15,4.236e-6,,,,4.302e-18,2.869e-36,1.305e-17,,2.587e-26,,,,1.810e-21,2.050e-16,5.845e-19,8.685e-29,,1.031e-8,,1.860e-16,1.899e-7,,2.227e-19,6.876e-18,,,,,,2.031e-18,,,,,,,,,,,,,,
763.45,5.893e-2,8.757e-8,3.932e-26,4.870e-29,2.385e-17,,,1.207e-18,2.120e-19,,8.272e-16,5.893e-2,9.924e-10,8.510e-15,2.744e-19,1.131e-15,5.708e-6,,,,4.302e-18,2.869e-36,1.305e-17,,2.586e-26,,,,1.810e-21,2.050e-16,5.875e-19,8.679e-29,,8.329e-9,,1.861e-16,2.544e-7,,2.227e-19,6.876e-18,,,,,,2.032e-18,,,,,,,,,,,,,,
763.47,5.861e-2,1.050e-7,3.930e-26,4.214e-29,2.386e-17,,,1.207e-18,2.120e-19,,8.274e-16,5.861e-2,9.974e-10,1.145e-14,2.745e-19,9.769e-16,6.954e-6,,,,4.303e-18,2.869e-36,1.305e-17,,2.586e-26,,,,1.810e-21,2.050e-16,5.896e-19,8.674e-29,,7.212e-9,,1.861e-16,3.087e-7,,2.227e-19,6.876e-18,,,,,,2.032e-18,,,,,,,,,,,,,,
763.5,5.804e-2,1.374e-7,3.927e-26,3.384e-29,2.386e-17,,,1.207e-18,2.120e-19,,8.277e-16,5.803e-2,1.002e-9,1.781e-14,2.746e-19,7.821e-16,9.326e-6,,,,4.303e-18,2.869e-36,1.305e-17,,2.585e-26,,,,1.809e-21,2.051e-16,5.926e-19,8.668e-29,,5.798e-9,,1.861e-16,4.116e-7,,2.227e-19,6.876e-18,,,,,,2.032e-18,,,,,,,,,,,,,,
763.52,5.759e-2,1.641e-7,3.925e-26,2.919e-29,2.387e-17,,,1.207e-18,2.121e-19,,8.278e-16,5.758e-2,1.004e-9,2.388e-14,2.748e-19,6.733e-16,1.132e-5,,,,4.304e-18,2.870e-36,1.305e-17,,2.585e-26,,,,1.809e-21,2.051e-16,5.946e-19,8.664e-29,,5.004e-9,,1.861e-16,4.978e-7,,2.227e-19,6.876e-18,,,,,,2.032e-18,,,,,,,,,,,,,,
763.55,5.682e-2,2.138e-7,3.923e-26,2.333e-29,2.387e-17,,,1.207e-18,2.121e-19,,8.281e-16,5.680e-2,1.004e-9,3.698e-14,2.749e-19,5.364e-16,1.511e-5,,,,4.304e-18,2.870e-36,1.304e-17,,2.584e-26,,,,1.809e-21,2.051e-16,5.976e-19,8.658e-29,,4.003e-9,,1.862e-16,6.605e-7,,2.227e-19,6.876e-18,,,,,,2.033e-18,,,,,,,,,,,,,,
763.57,5.624e-2,2.546e-7,3.921e-26,2.005e-29,2.387e-17,,,1.207e-18,2.122e-19,,8.283e-16,5.622e-2,1.003e-9,4.942e-14,2.750e-19,4.602e-16,1.829e-5,,,,4.305e-18,2.870e-36,1.304e-17,,2.584e-26,,,,1.809e-21,2.051e-16,5.996e-19,8.653e-29,,3.443e-9,,1.862e-16,7.963e-7,,2.227e-19,6.876e-18,,,,,,2.033e-18,,,,,,,,,,,,,,
763.6,5.529e-2,3.301e-7,3.918e-26,1.594e-29,2.388e-17,,,1.206e-18,2.122e-19,,8.286e-16,5.526e-2,9.978e-10,7.616e-14,2.752e-19,3.648e-16,2.429e-5,,,,4.305e-18,2.870e-36,1.304e-17,,2.583e-26,,,,1.808e-21,2.052e-16,6.026e-19,8.647e-29,,2.741e-9,,1.862e-16,1.051e-6,,2.227e-19,6.876e-18,,,,,,2.033e-18,,,,,,,,,,,,,,
763.62,5.459e-2,3.918e-7,3.916e-26,1.366e-29,2.388e-17,,,1.206e-18,2.122e-19,,8.288e-16,5.456e-2,9.930e-10,1.014e-13,2.753e-19,3.120e-16,2.930e-5,,,,4.306e-18,2.870e-36,1.304e-17,,2.583e-26,,,,1.808e-21,2.052e-16,6.046e-19,8.643e-29,,2.350e-9,,1.862e-16,1.263e-6,,2.227e-19,6.876e-18,,,,,,2.034e-18,,,,,,,,,,,,,,
763.65,5.347e-2,5.054e-7,3.914e-26,1.081e-29,2.389e-17,,,1.206e-18,2.123e-19,,8.291e-16,5.343e-2,9.834e-10,1.556e-13,2.755e-19,2.461e-16,3.873e-5,,,,4.306e-18,2.871e-36,1.304e-17,,2.583e-26,,,,1.808e-21,2.052e-16,6.077e-19,8.637e-29,,1.861e-9,,1.862e-16,1.660e-6,,2.227e-19,6.876e-18,,,,,,2.034e-18,,,,,,,,,,,,,,
763.67,5.267e-2,5.979e-7,3.912e-26,9.232e-30,2.389e-17,,,1.206e-18,2.123e-19,,8.292e-16,5.262e-2,9.754e-10,2.065e-13,2.756e-19,2.098e-16,4.656e-5,,,,4.307e-18,2.871e-36,1.303e-17,,2.582e-26,,,,1.807e-21,2.052e-16,6.097e-19,8.633e-29,,1.590e-9,,1.863e-16,1.988e-6,,2.227e-19,6.876e-18,,,,,,2.034e-18,,,,,,,,,,,,,,
763.69,5.183e-2,7.064e-7,3.910e-26,7.874e-30,2.389e-17,,,1.206e-18,2.124e-19,,8.294e-16,5.177e-2,9.663e-10,2.739e-13,2.757e-19,1.786e-16,5.591e-5,,,,4.307e-18,2.871e-36,1.303e-17,,2.582e-26,,,,1.807e-21,2.053e-16,6.117e-19,8.628e-29,,1.357e-9,,1.863e-16,2.378e-6,,2.227e-19,6.876e-18,,,,,,2.034e-18,,,,,,,,,,,,,,
763.72,5.049e-2,9.051e-7,3.908e-26,6.187e-30,2.390e-17,,,1.206e-18,2.124e-19,,8.297e-16,5.041e-2,9.504e-10,4.172e-13,2.759e-19,1.399e-16,7.339e-5,,,,4.307e-18,2.871e-36,1.303e-17,,2.581e-26,,,,1.807e-21,2.053e-16,6.147e-19,8.622e-29,,1.068e-9,,1.863e-16,3.104e-6,,2.227e-19,6.876e-18,,,,,,2.035e-18,,,,,,,,,,,,,,
763.74,4.956e-2,1.066e-6,3.906e-26,5.259e-30,2.390e-17,,,1.206e-18,2.124e-19,,8.299e-16,4.947e-2,9.384e-10,5.513e-13,2.760e-19,1.187e-16,8.785e-5,,,,4.308e-18,2.871e-36,1.303e-17,,2.581e-26,,,,1.807e-21,2.053e-16,6.167e-19,8.618e-29,,9.082e-10,,1.863e-16,3.701e-6,,2.227e-19,6.876e-18,,,,,,2.035e-18,,,,,,,,,,,,,,
763.77,4.810e-2,1.359e-6,3.903e-26,4.112e-30,2.391e-17,,,1.206e-18,2.125e-19,,8.302e-16,4.798e-2,9.184e-10,8.357e-13,2.762e-19,9.251e-17,1.147e-4,,,,4.308e-18,2.872e-36,1.303e-17,,2.580e-26,,,,1.806e-21,2.053e-16,6.197e-19,8.612e-29,,7.108e-10,,1.864e-16,4.806e-6,,2.227e-19,6.875e-18,,,,,,2.035e-18,,,,,,,,,,,,,,
763.79,4.710e-2,1.595e-6,3.901e-26,3.484e-30,2.391e-17,,,1.206e-18,2.125e-19,,8.304e-16,4.696e-2,9.039e-10,1.101e-12,2.763e-19,7.823e-17,1.369e-4,,,,4.309e-18,2.872e-36,1.303e-17,,2.580e-26,,,,1.806e-21,2.054e-16,6.217e-19,8.607e-29,,6.027e-10,,1.864e-16,5.711e-6,,2.227e-19,6.875e-18,,,,,,2.036e-18,,,,,,,,,,,,,,
763.82,4.555e-2,2.024e-6,3.899e-26,2.711e-30,2.391e-17,,,1.206e-18,2.126e-19,,8.306e-16,4.536e-2,8.803e-10,1.661e-12,2.765e-19,6.068e-17,1.780e-4,,,,4.309e-18,2.872e-36,1.302e-17,,2.580e-26,,,,1.806e-21,2.054e-16,6.248e-19,8.601e-29,,4.693e-10,,1.864e-16,7.381e-6,,2.227e-19,6.875e-18,,,,,,2.036e-18,,,,,,,,,,,,,,
763.84,4.449e-2,2.368e-6,3.897e-26,2.289e-30,2.392e-17,,,1.206e-18,2.126e-19,,8.308e-16,4.427e-2,8.635e-10,2.181e-12,2.766e-19,5.114e-17,2.116e-4,,,,4.310e-18,2.872e-36,1.302e-17,,2.579e-26,,,,1.805e-21,2.054e-16,6.268e-19,8.597e-29,,3.966e-10,,1.864e-16,8.743e-6,,2.227e-19,6.875e-18,,,,,,2.036e-18,,,,,,,,,,,,,,
763.87,4.287e-2,2.990e-6,3.894e-26,1.772e-30,2.392e-17,,,1.206e-18,2.127e-19,,8.311e-16,4.259e-2,8.369e-10,3.273e-12,2.768e-19,3.947e-17,2.737e-4,,,,4.310e-18,2.873e-36,1.302e-17,,2.579e-26,,,,1.805e-21,2.054e-16,6.298e-19,8.591e-29,,3.074e-10,,1.864e-16,1.124e-5,,2.227e-19,6.875e-18,,,,,,2.037e-18,,,,,,,,,,,,,,
763.89,4.179e-2,3.487e-6,3.892e-26,1.492e-30,2.393e-17,,,1.206e-18,2.127e-19,,8.313e-16,4.144e-2,8.183e-10,4.285e-12,2.769e-19,3.316e-17,3.244e-4,,,,4.311e-18,2.873e-36,1.302e-17,,2.578e-26,,,,1.805e-21,2.055e-16,6.318e-19,8.586e-29,,2.589e-10,,1.865e-16,1.327e-5,,2.227e-19,6.875e-18,,,,,,2.037e-18,,,,,,,,,,,,,,
763.92,4.014e-2,4.381e-6,3.890e-26,1.149e-30,2.393e-17,,,1.206e-18,2.127e-19,,8.316e-16,3.970e-2,7.892e-10,6.400e-12,2.770e-19,2.547e-17,4.176e-4,,,,4.311e-18,2.873e-36,1.302e-17,,2.578e-26,,,,1.805e-21,2.055e-16,6.348e-19,8.580e-29,,1.996e-10,,1.865e-16,1.699e-5,,2.227e-19,6.875e-18,,,,,,2.037e-18,,,,,,,,,,,,,,
763.94,3.905e-2,5.092e-6,3.888e-26,9.641e-31,2.393e-17,,,1.206e-18,2.128e-19,,8.318e-16,3.853e-2,7.692e-10,8.350e-12,2.771e-19,2.132e-17,4.934e-4,,,,4.311e-18,2.873e-36,1.302e-17,,2.578e-26,,,,1.804e-21,2.055e-16,6.368e-19,8.576e-29,,1.676e-10,,1.865e-16,1.999e-5,,2.227e-19,6.875e-18,,,,,,2.037e-18,,,,,,,,,,,,,,
763.97,3.741e-2,6.367e-6,3.885e-26,7.390e-31,2.394e-17,,,1.206e-18,2.128e-19,,8.320e-16,3.675e-2,7.382e-10,1.241e-11,2.773e-19,1.630e-17,6.320e-4,,,,4.312e-18,2.874e-36,1.301e-17,,2.577e-26,,,,1.804e-21,2.056e-16,6.399e-19,8.570e-29,,1.286e-10,,1.865e-16,2.546e-5,,2.227e-19,6.875e-18,,,,,,2.038e-18,,,,,,,,,,,,,,
763.99,3.634e-2,7.377e-6,3.883e-26,6.179e-31,2.394e-17,,,1.206e-18,2.128e-19,,8.322e-16,3.556e-2,7.171e-10,1.614e-11,2.774e-19,1.360e-17,7.443e-4,,,,4.312e-18,2.874e-36,1.301e-17,,2.577e-26,,,,1.804e-21,2.056e-16,6.419e-19,8.566e-29,,1.076e-10,,1.866e-16,2.987e-5,,2.227e-19,6.875e-18,,,,,,2.038e-18,,,,,,,,,,,,,,
764.02,3.477e-2,9.178e-6,3.881e-26,4.713e-31,2.395e-17,,,1.205e-18,2.129e-19,,8.325e-16,3.377e-2,6.849e-10,2.388e-11,2.776e-19,1.034e-17,9.487e-4,,,,4.313e-18,2.874e-36,1.301e-17,,2.576e-26,,,,1.803e-21,2.056e-16,6.449e-19,8.559e-29,,8.215e-11,,1.866e-16,3.785e-5,,2.227e-19,6.875e-18,,,,,,2.038e-18,,,,,,,,,,,,,,
764.04,3.375e-2,1.060e-5,3.879e-26,3.928e-31,2.395e-17,,,1.205e-18,2.129e-19,,8.327e-16,3.258e-2,6.632e-10,3.095e-11,2.777e-19,8.602e-18,1.114e-3,,,,4.313e-18,2.874e-36,1.301e-17,,2.576e-26,,,,1.803e-21,2.056e-16,6.469e-19,8.555e-29,,6.851e-11,,1.866e-16,4.426e-5,,2.227e-19,6.875e-18,,,,,,2.039e-18,,,,,,,,,,,,,,
764.06,3.277e-2,1.223e-5,3.877e-26,3.269e-31,2.395e-17,,,1.205e-18,2.130e-19,,8.329e-16,3.140e-2,6.414e-10,4.007e-11,2.778e-19,7.145e-18,1.305e-3,,,,4.314e-18,2.874e-36,1.301e-17,,2.576e-26,,,,1.803e-21,2.056e-16,6.489e-19,8.551e-29,,5.706e-11,,1.866e-16,5.168e-5,,2.227e-19,6.875e-18,,,,,,2.039e-18,,,,,,,,,,,,,,
764.09,3.137e-2,1.511e-5,3.874e-26,2.477e-31,2.396e-17,,,1.205e-18,2.130e-19,,8.332e-16,2.964e-2,6.085e-10,5.887e-11,2.780e-19,5.396e-18,1.653e-3,,,,4.314e-18,2.875e-36,1.301e-17,,2.575e-26,,,,1.803e-21,2.057e-16,6.519e-19,8.545e-29,,4.326e-11,,1.866e-16,6.504e-5,,2.227e-19,6.875e-18,,,,,,2.039e-18,,,,,,,,,,,,,,
764.11,3.050e-2,1.737e-5,3.873e-26,2.055e-31,2.396e-17,,,1.205e-18,2.130e-19,,8.334e-16,2.848e-2,5.866e-10,7.597e-11,2.781e-19,4.467e-18,1.931e-3,,,,4.315e-18,2.875e-36,1.300e-17,,2.575e-26,,,,1.802e-21,2.057e-16,6.539e-19,8.540e-29,,3.592e-11,,1.867e-16,7.570e-5,,2.227e-19,6.875e-18,,,,,,2.040e-18,,,,,,,,,,,,,,
764.14,2.931e-2,2.136e-5,3.870e-26,1.549e-31,2.397e-17,,,1.205e-18,2.131e-19,,8.336e-16,2.676e-2,5.539e-10,1.111e-10,2.783e-19,3.357e-18,2.433e-3,,,,4.315e-18,2.875e-36,1.300e-17,,2.574e-26,,,,1.802e-21,2.057e-16,6.570e-19,8.534e-29,,2.710e-11,,1.867e-16,9.482e-5,,2.227e-19,6.875e-18,,,,,,2.040e-18,,,,,,,,,,,,,,
764.16,2.860e-2,2.447e-5,3.868e-26,1.280e-31,2.397e-17,,,1.205e-18,2.131e-19,,8.338e-16,2.563e-2,5.323e-10,1.429e-10,2.784e-19,2.770e-18,2.833e-3,,,,4.316e-18,2.875e-36,1.300e-17,,2.574e-26,,,,1.802e-21,2.058e-16,6.590e-19,8.530e-29,,2.242e-11,,1.867e-16,1.100e-4,,2.227e-19,6.875e-18,,,,,,2.040e-18,,,,,,,,,,,,,,
764.19,2.769e-2,2.995e-5,3.866e-26,9.603e-32,2.397e-17,,,1.205e-18,2.132e-19,,8.341e-16,2.398e-2,5.003e-10,2.079e-10,2.786e-19,2.072e-18,3.552e-3,,,,4.316e-18,2.876e-36,1.300e-17,,2.573e-26,,,,1.801e-21,2.058e-16,6.620e-19,8.524e-29,,1.683e-11,,1.867e-16,1.371e-4,,2.226e-19,6.875e-18,,,,,,2.041e-18,,,,,,,,,,,,,,
764.21,2.721e-2,3.420e-5,3.864e-26,7.914e-32,2.398e-17,,,1.205e-18,2.132e-19,,8.343e-16,2.290e-2,4.793e-10,2.665e-10,2.787e-19,1.704e-18,4.123e-3,,,,4.316e-18,2.876e-36,1.300e-17,,2.573e-26,,,,1.801e-21,2.058e-16,6.640e-19,8.520e-29,,1.388e-11,,1.868e-16,1.585e-4,,2.226e-19,6.875e-18,,,,,,2.041e-18,,,,,,,,,,,,,,
764.24,2.670e-2,4.165e-5,3.861e-26,5.907e-32,2.398e-17,,,1.205e-18,2.133e-19,,8.346e-16,2.132e-2,4.484e-10,3.859e-10,2.789e-19,1.268e-18,5.145e-3,,,,4.317e-18,2.876e-36,1.299e-17,,2.572e-26,,,,1.801e-21,2.058e-16,6.670e-19,8.513e-29,,1.037e-11,,1.868e-16,1.967e-4,,2.226e-19,6.875e-18,,,,,,2.041e-18,,,,,,,,,,,,,,
764.26,2.653e-2,4.742e-5,3.859e-26,4.852e-32,2.399e-17,,,1.205e-18,2.133e-19,,8.348e-16,2.030e-2,4.283e-10,4.931e-10,2.790e-19,1.039e-18,5.952e-3,,,,4.317e-18,2.876e-36,1.299e-17,,2.572e-26,,,,1.801e-21,2.059e-16,6.690e-19,8.509e-29,,8.524e-12,,1.868e-16,2.267e-4,,2.226e-19,6.875e-18,,,,,,2.041e-18,,,,,,,,,,,,,,
764.29,2.654e-2,5.746e-5,3.857e-26,3.603e-32,2.399e-17,,,1.205e-18,2.133e-19,,8.350e-16,1.881e-2,3.990e-10,7.106e-10,2.791e-19,7.695e-19,7.390e-3,,,,4.318e-18,2.876e-36,1.299e-17,,2.572e-26,,,,1.800e-21,2.059e-16,6.720e-19,8.503e-29,,6.336e-12,,1.868e-16,2.798e-4,,2.226e-19,6.875e-18,,,,,,2.042e-18,,,,,,,,,,,,,,
764.31,2.677e-2,6.520e-5,3.855e-26,2.950e-32,2.399e-17,,,1.205e-18,2.134e-19,,8.352e-16,1.786e-2,3.801e-10,9.051e-10,2.793e-19,6.287e-19,8.523e-3,,,,4.318e-18,2.877e-36,1.299e-17,,2.571e-26,,,,1.800e-21,2.059e-16,6.741e-19,8.499e-29,,5.191e-12,,1.868e-16,3.214e-4,,2.226e-19,6.875e-18,,,,,,2.042e-18,,,,,,,,,,,,,,
764.34,2.748e-2,7.862e-5,3.852e-26,2.180e-32,2.400e-17,,,1.205e-18,2.134e-19,,8.355e-16,1.648e-2,3.527e-10,1.298e-9,2.794e-19,4.632e-19,1.053e-2,,,,4.319e-18,2.877e-36,1.299e-17,,2.571e-26,,,,1.800e-21,2.059e-16,6.771e-19,8.492e-29,,3.840e-12,,1.869e-16,3.948e-4,,2.226e-19,6.875e-18,,,,,,2.042e-18,,,,,,,,,,,,,,
764.36,2.824e-2,8.893e-5,3.850e-26,1.779e-32,2.400e-17,,,1.205e-18,2.134e-19,,8.357e-16,1.559e-2,3.351e-10,1.648e-9,2.795e-19,3.772e-19,1.211e-2,,,,4.319e-18,2.877e-36,1.299e-17,,2.570e-26,,,,1.799e-21,2.060e-16,6.791e-19,8.488e-29,,3.135e-12,,1.869e-16,4.521e-4,,2.226e-19,6.875e-18,,,,,,2.043e-18,,,,,,,,,,,,,,
764.39,2.986e-2,1.067e-4,3.848e-26,1.308e-32,2.401e-17,,,1.205e-18,2.135e-19,,8.360e-16,1.432e-2,3.098e-10,2.351e-9,2.797e-19,2.765e-19,1.488e-2,,,,4.320e-18,2.877e-36,1.298e-17,,2.570e-26,,,,1.799e-21,2.060e-16,6.821e-19,8.482e-29,,2.308e-12,,1.869e-16,5.526e-4,,2.226e-19,6.875e-18,,,,,,2.043e-18,,,,,,,,,,,,,,
764.41,3.131e-2,1.203e-4,3.846e-26,1.064e-32,2.401e-17,,,1.205e-18,2.135e-19,,8.362e-16,1.350e-2,2.937e-10,2.976e-9,2.798e-19,2.245e-19,1.705e-2,,,,4.320e-18,2.877e-36,1.298e-17,,2.570e-26,,,,1.799e-21,2.060e-16,6.841e-19,8.478e-29,,1.878e-12,,1.869e-16,6.307e-4,,2.226e-19,6.875e-18,,,,,,2.043e-18,,,,,,,,,,,,,,
764.43,3.309e-2,1.354e-4,3.844e-26,8.640e-33,2.401e-17,,,1.205e-18,2.136e-19,,8.363e-16,1.272e-2,2.783e-10,3.761e-9,2.799e-19,1.820e-19,1.951e-2,,,,4.320e-18,2.878e-36,1.298e-17,,2.569e-26,,,,1.799e-21,2.060e-16,6.861e-19,8.474e-29,,1.526e-12,,1.869e-16,7.189e-4,,2.226e-19,6.875e-18,,,,,,2.043e-18,,,,,,,,,,,,,,
764.46,3.647e-2,1.614e-4,3.841e-26,6.309e-33,2.402e-17,,,1.204e-18,2.136e-19,,8.366e-16,1.161e-2,2.563e-10,5.330e-9,2.801e-19,1.325e-19,2.383e-2,,,,4.321e-18,2.878e-36,1.298e-17,,2.569e-26,,,,1.798e-21,2.061e-16,6.891e-19,8.467e-29,,1.116e-12,,1.870e-16,8.728e-4,,2.226e-19,6.875e-18,,,,,,2.044e-18,,,,,,,,,,,,,,
764.48,3.925e-2,1.812e-4,3.840e-26,5.108e-33,2.402e-17,,,1.204e-18,2.136e-19,,8.368e-16,1.090e-2,2.425e-10,6.715e-9,2.802e-19,1.070e-19,2.718e-2,,,,4.321e-18,2.878e-36,1.298e-17,,2.568e-26,,,,1.798e-21,2.061e-16,6.912e-19,8.463e-29,,9.039e-13,,1.870e-16,9.916e-4,,2.226e-19,6.875e-18,,,,,,2.044e-18,,,,,,,,,,,,,,
764.51,4.434e-2,2.149e-4,3.837e-26,3.711e-33,2.403e-17,,,1.204e-18,2.137e-19,,8.371e-16,9.897e-3,2.230e-10,9.471e-9,2.804e-19,7.753e-20,3.303e-2,,,,4.322e-18,2.878e-36,1.298e-17,,2.568e-26,,,,1.798e-21,2.061e-16,6.942e-19,8.457e-29,,6.574e-13,,1.870e-16,1.198e-3,,2.226e-19,6.875e-18,,,,,,2.044e-18,,,,,,,,,,,,,,
764.53,4.841e-2,2.403e-4,3.835e-26,2.995e-33,2.403e-17,,,1.204e-18,2.137e-19,,8.373e-16,9.265e-3,2.108e-10,1.189e-8,2.805e-19,6.244e-20,3.755e-2,,,,4.322e-18,2.879e-36,1.297e-17,,2.567e-26,,,,1.797e-21,2.061e-16,6.962e-19,8.453e-29,,5.308e-13,,1.870e-16,1.357e-3,,2.226e-19,6.875e-18,,,,,,2.045e-18,,,,,,,,,,,,,,
764.56,5.569e-2,2.836e-4,3.832e-26,2.165e-33,2.404e-17,,,1.204e-18,2.138e-19,,8.376e-16,8.372e-3,1.939e-10,1.669e-8,2.807e-19,4.501e-20,4.540e-2,,,,4.323e-18,2.879e-36,1.297e-17,,2.567e-26,,,,1.797e-21,2.062e-16,6.992e-19,8.446e-29,,3.842e-13,,1.871e-16,1.631e-3,,2.226e-19,6.875e-18,,,,,,2.045e-18,,,,,,,,,,,,,,
764.58,6.142e-2,3.163e-4,3.831e-26,1.741e-33,2.404e-17,,,1.204e-18,2.138e-19,,8.377e-16,7.813e-3,1.834e-10,2.089e-8,2.808e-19,3.613e-20,5.145e-2,,,,4.323e-18,2.879e-36,1.297e-17,,2.567e-26,,,,1.797e-21,2.062e-16,7.012e-19,8.442e-29,,3.092e-13,,1.871e-16,1.841e-3,,2.226e-19,6.875e-18,,,,,,2.045e-18,,,,,,,,,,,,,,
764.61,7.151e-2,3.714e-4,3.828e-26,1.253e-33,2.404e-17,,,1.204e-18,2.139e-19,,8.380e-16,7.027e-3,1.690e-10,2.918e-8,2.810e-19,2.591e-20,6.191e-2,,,,4.324e-18,2.879e-36,1.297e-17,,2.566e-26,,,,1.797e-21,2.062e-16,7.042e-19,8.436e-29,,2.227e-13,,1.871e-16,2.203e-3,,2.226e-19,6.875e-18,,,,,,2.046e-18,,,,,,,,,,,,,,
764.63,7.936e-2,4.128e-4,3.826e-26,1.004e-33,2.405e-17,,,1.204e-18,2.139e-19,,8.382e-16,6.537e-3,1.603e-10,3.641e-8,2.811e-19,2.073e-20,6.993e-2,,,,4.324e-18,2.879e-36,1.297e-17,,2.566e-26,,,,1.796e-21,2.063e-16,7.063e-19,8.432e-29,,1.786e-13,,1.871e-16,2.478e-3,,2.226e-19,6.875e-18,,,,,,2.046e-18,,,,,,,,,,,,,,
764.66,9.303e-2,4.824e-4,3.823e-26,7.190e-34,2.405e-17,,,1.204e-18,2.139e-19,,8.385e-16,5.851e-3,1.485e-10,5.061e-8,2.812e-19,1.480e-20,8.374e-2,,,,4.325e-18,2.880e-36,1.297e-17,,2.565e-26,,,,1.796e-21,2.063e-16,7.093e-19,8.425e-29,,1.280e-13,,1.872e-16,2.950e-3,,2.226e-19,6.875e-18,,,,,,2.046e-18,,,,,,,,,,,,,,
764.68,1.035e-1,5.344e-4,3.822e-26,5.744e-34,2.405e-17,,,1.204e-18,2.140e-19,,8.387e-16,5.425e-3,1.414e-10,6.293e-8,2.814e-19,1.180e-20,9.428e-2,,,,4.325e-18,2.880e-36,1.296e-17,,2.565e-26,,,,1.796e-21,2.063e-16,7.113e-19,8.421e-29,,1.023e-13,,1.872e-16,3.309e-3,,2.226e-19,6.875e-18,,,,,,2.046e-18,,,,,,,,,,,,,,
764.71,1.217e-1,6.215e-4,3.819e-26,4.092e-34,2.406e-17,,,1.204e-18,2.140e-19,,8.390e-16,4.833e-3,1.320e-10,8.705e-8,2.815e-19,8.379e-21,1.123e-1,,,,4.326e-18,2.880e-36,1.296e-17,,2.564e-26,,,,1.795e-21,2.063e-16,7.143e-19,8.415e-29,,7.297e-14,,1.872e-16,3.920e-3,,2.226e-19,6.875e-18,,,,,,2.047e-18,,,,,,,,,,,,,,
764.73,1.356e-1,6.862e-4,3.817e-26,3.258e-34,2.406e-17,,,1.204e-18,2.140e-19,,8.391e-16,4.467e-3,1.266e-10,1.079e-7,2.816e-19,6.659e-21,1.261e-1,,,,4.326e-18,2.880e-36,1.296e-17,,2.564e-26,,,,1.795e-21,2.064e-16,7.163e-19,8.411e-29,,5.814e-14,,1.872e-16,4.382e-3,,2.226e-19,6.875e-18,,,,,,2.047e-18,,,,,,,,,,,,,,
764.76,1.594e-1,7.942e-4,3.815e-26,2.310e-34,2.407e-17,,,1.204e-18,2.141e-19,,8.394e-16,3.960e-3,1.197e-10,1.485e-7,2.818e-19,4.706e-21,1.495e-1,,,,4.327e-18,2.881e-36,1.296e-17,,2.563e-26,,,,1.795e-21,2.064e-16,7.193e-19,8.404e-29,,4.126e-14,,1.872e-16,5.166e-3,,2.226e-19,6.875e-18,,,,,,2.047e-18,,,,,,,,,,,,,,
764.78,1.775e-1,8.740e-4,3.813e-26,1.833e-34,2.407e-17,,,1.204e-18,2.141e-19,,8.396e-16,3.649e-3,1.158e-10,1.835e-7,2.819e-19,3.728e-21,1.672e-1,,,,4.327e-18,2.881e-36,1.296e-17,,2.563e-26,,,,1.795e-21,2.064e-16,7.213e-19,8.400e-29,,3.277e-14,,1.873e-16,5.755e-3,,2.226e-19,6.875e-18,,,,,,2.048e-18,,,,,,,,,,,,,,
764.81,2.083e-1,1.007e-3,3.810e-26,1.293e-34,2.408e-17,,,1.204e-18,2.142e-19,,8.399e-16,3.219e-3,1.112e-10,2.514e-7,2.821e-19,2.621e-21,1.973e-1,,,,4.327e-18,2.881e-36,1.295e-17,,2.563e-26,,,,1.794e-21,2.064e-16,7.244e-19,8.394e-29,,2.313e-14,,1.873e-16,6.752e-3,,2.226e-19,6.875e-18,,,,,,2.048e-18,,,,,,,,,,,,,,
764.83,2.316e-1,1.104e-3,3.808e-26,1.023e-34,2.408e-17,,,1.204e-18,2.142e-19,,8.401e-16,2.956e-3,1.089e-10,3.096e-7,2.822e-19,2.070e-21,2.200e-1,,,,4.328e-18,2.881e-36,1.295e-17,,2.562e-26,,,,1.794e-21,2.065e-16,7.264e-19,8.390e-29,,1.831e-14,,1.873e-16,7.499e-3,,2.226e-19,6.875e-18,,,,,,2.048e-18,,,,,,,,,,,,,,
764.85,2.572e-1,1.210e-3,3.806e-26,8.081e-35,2.408e-17,,,1.204e-18,2.142e-19,,8.403e-16,2.711e-3,1.072e-10,3.807e-7,2.823e-19,1.632e-21,2.450e-1,,,,4.328e-18,2.881e-36,1.295e-17,,2.562e-26,,,,1.794e-21,2.065e-16,7.284e-19,8.386e-29,,1.448e-14,,1.873e-16,8.317e-3,,2.226e-19,6.875e-18,,,,,,2.049e-18,,,,,,,,,,,,,,
764.88,3.006e-1,1.384e-3,3.804e-26,5.661e-35,2.409e-17,,,1.203e-18,2.143e-19,,8.405e-16,2.376e-3,1.057e-10,5.180e-7,2.825e-19,1.140e-21,2.871e-1,,,,4.329e-18,2.882e-36,1.295e-17,,2.561e-26,,,,1.793e-21,2.065e-16,7.314e-19,8.379e-29,,1.015e-14,,1.874e-16,9.691e-3,,2.226e-19,6.875e-18,,,,,,2.049e-18,,,,,,,,,,,,,,
764.9,3.330e-1,1.511e-3,3.802e-26,4.457e-35,2.409e-17,,,1.203e-18,2.143e-19,,8.407e-16,2.172e-3,1.054e-10,6.350e-7,2.826e-19,8.955e-22,3.186e-1,,,,4.329e-18,2.882e-36,1.295e-17,,2.561e-26,,,,1.793e-21,2.065e-16,7.334e-19,8.375e-29,,7.999e-15,,1.874e-16,1.071e-2,,2.226e-19,6.875e-18,,,,,,2.049e-18,,,,,,,,,,,,,,
764.93,3.877e-1,1.720e-3,3.799e-26,3.107e-35,2.410e-17,,,1.203e-18,2.144e-19,,8.410e-16,1.894e-3,1.060e-10,8.598e-7,2.828e-19,6.223e-22,3.716e-1,,,,4.330e-18,2.882e-36,1.295e-17,,2.561e-26,,,,1.793e-21,2.066e-16,7.364e-19,8.369e-29,,5.581e-15,,1.874e-16,1.242e-2,,2.226e-19,6.875e-18,,,,,,2.050e-18,,,,,,,,,,,,,,
764.95,4.284e-1,1.872e-3,3.798e-26,2.438e-35,2.410e-17,,,1.203e-18,2.144e-19,,8.412e-16,1.726e-3,1.071e-10,1.051e-6,2.829e-19,4.875e-22,4.111e-1,,,,4.330e-18,2.882e-36,1.295e-17,,2.560e-26,,,,1.793e-21,2.066e-16,7.384e-19,8.365e-29,,4.383e-15,,1.874e-16,1.369e-2,,2.226e-19,6.875e-18,,,,,,2.050e-18,,,,,,,,,,,,,,
764.98,4.965e-1,2.120e-3,3.795e-26,1.691e-35,2.410e-17,,,1.203e-18,2.145e-19,,8.415e-16,1.498e-3,1.097e-10,1.416e-6,2.831e-19,3.371e-22,4.771e-1,,,,4.331e-18,2.883e-36,1.294e-17,,2.560e-26,,,,1.792e-21,2.066e-16,7.415e-19,8.358e-29,,3.043e-15,,1.874e-16,1.579e-2,,2.225e-19,6.875e-18,,,,,,2.050e-18,,,,,,,,,,,,,,
765,5.471e-1,2.300e-3,3.793e-26,1.323e-35,2.411e-17,,,1.203e-18,2.145e-19,,8.417e-16,1.361e-3,1.121e-10,1.724e-6,2.832e-19,2.631e-22,5.261e-1,,,,4.331e-18,2.883e-36,1.294e-17,,2.559e-26,,,,1.792e-21,2.066e-16,7.435e-19,8.354e-29,,2.382e-15,,1.875e-16,1.735e-2,,2.225e-19,6.875e-18,,,,,,2.050e-18,,,,,,,,,,,,,,
765.03,6.313e-1,2.593e-3,3.790e-26,9.130e-36,2.411e-17,,,1.203e-18,2.145e-19,,8.419e-16,1.175e-3,1.166e-10,2.312e-6,2.834e-19,1.811e-22,6.076e-1,,,,4.332e-18,2.883e-36,1.294e-17,,2.559e-26,,,,1.792e-21,2.067e-16,7.465e-19,8.348e-29,,1.646e-15,,1.875e-16,1.992e-2,,2.225e-19,6.875e-18,,,,,,2.051e-18,,,,,,,,,,,,,,
765.05,6.935e-1,2.804e-3,3.789e-26,7.119e-36,2.412e-17,,,1.203e-18,2.146e-19,,8.421e-16,1.064e-3,1.202e-10,2.807e-6,2.835e-19,1.409e-22,6.678e-1,,,,4.332e-18,2.883e-36,1.294e-17,,2.559e-26,,,,1.791e-21,2.067e-16,7.485e-19,8.344e-29,,1.284e-15,,1.875e-16,2.181e-2,,2.225e-19,6.875e-18,,,,,,2.051e-18,,,,,,,,,,,,,,
765.08,7.965e-1,3.145e-3,3.786e-26,4.889e-36,2.412e-17,,,1.203e-18,2.146e-19,,8.424e-16,9.144e-4,1.265e-10,3.745e-6,2.836e-19,9.646e-23,7.675e-1,,,,4.332e-18,2.884e-36,1.294e-17,,2.558e-26,,,,1.791e-21,2.067e-16,7.515e-19,8.338e-29,,8.825e-16,,1.875e-16,2.492e-2,,2.225e-19,6.875e-18,,,,,,2.051e-18,,,,,,,,,,,,,,
765.1,8.722e-1,3.390e-3,3.784e-26,3.799e-36,2.412e-17,,,1.203e-18,2.147e-19,,8.426e-16,8.252e-4,1.313e-10,4.532e-6,2.838e-19,7.481e-23,8.408e-1,,,,4.333e-18,2.884e-36,1.293e-17,,2.558e-26,,,,1.791e-21,2.068e-16,7.535e-19,8.333e-29,,6.863e-16,,1.876e-16,2.719e-2,,2.225e-19,6.875e-18,,,,,,2.052e-18,,,,,,,,,,,,,,
765.13,9.971e-1,3.784e-3,3.781e-26,2.596e-36,2.413e-17,,,1.203e-18,2.147e-19,,8.429e-16,7.058e-4,1.393e-10,6.018e-6,2.839e-19,5.097e-23,9.617e-1,,,,4.333e-18,2.884e-36,1.293e-17,,2.557e-26,,,,1.790e-21,2.068e-16,7.566e-19,8.327e-29,,4.694e-16,,1.876e-16,3.092e-2,,2.225e-19,6.875e-18,,,,,,2.052e-18,,,,,,,,,,,,,,
765.15,1.088e+0,4.065e-3,3.780e-26,2.011e-36,2.413e-17,,,1.203e-18,2.147e-19,,8.431e-16,6.348e-4,1.451e-10,7.259e-6,2.840e-19,3.940e-23,1.050e+0,,,,4.334e-18,2.884e-36,1.293e-17,,2.557e-26,,,,1.790e-21,2.068e-16,7.586e-19,8.323e-29,,3.638e-16,,1.876e-16,3.363e-2,,2.225e-19,6.875e-18,,,,,,2.052e-18,,,,,,,,,,,,,,
765.18,1.238e+0,4.515e-3,3.777e-26,1.367e-36,2.414e-17,,,1.203e-18,2.148e-19,,8.433e-16,5.403e-4,1.546e-10,9.593e-6,2.842e-19,2.671e-23,1.195e+0,,,,4.334e-18,2.884e-36,1.293e-17,,2.556e-26,,,,1.790e-21,2.068e-16,7.616e-19,8.317e-29,,2.476e-16,,1.876e-16,3.805e-2,,2.225e-19,6.875e-18,,,,,,2.053e-18,,,,,,,,,,,,,,
765.2,1.347e+0,4.835e-3,3.775e-26,1.056e-36,2.414e-17,,,1.203e-18,2.148e-19,,8.435e-16,4.844e-4,1.614e-10,1.153e-5,2.843e-19,2.058e-23,1.301e+0,,,,4.335e-18,2.885e-36,1.293e-17,,2.556e-26,,,,1.790e-21,2.069e-16,7.636e-19,8.312e-29,,1.913e-16,,1.876e-16,4.125e-2,,2.225e-19,6.875e-18,,,,,,2.053e-18,,,,,,,,,,,,,,
765.22,1.464e+0,5.171e-3,3.773e-26,8.138e-37,2.414e-17,,,1.203e-18,2.148e-19,,8.437e-16,4.338e-4,1.685e-10,1.385e-5,2.844e-19,1.583e-23,1.414e+0,,,,4.335e-18,2.885e-36,1.293e-17,,2.556e-26,,,,1.789e-21,2.069e-16,7.656e-19,8.308e-29,,1.476e-16,,1.877e-16,4.466e-2,,2.225e-19,6.875e-18,,,,,,2.053e-18,,,,,,,,,,,,,,
765.25,1.654e+0,5.704e-3,3.771e-26,5.495e-37,2.415e-17,,,1.203e-18,2.149e-19,,8.440e-16,3.667e-4,1.799e-10,1.818e-5,2.846e-19,1.066e-23,1.598e+0,,,,4.336e-18,2.885e-36,1.292e-17,,2.555e-26,,,,1.789e-21,2.069e-16,7.686e-19,8.302e-29,,9.976e-17,,1.877e-16,5.019e-2,,2.225e-19,6.875e-18,,,,,,2.053e-18,,,,,,,,,,,,,,
765.27,1.792e+0,6.081e-3,3.769e-26,4.223e-37,2.415e-17,,,1.203e-18,2.149e-19,,8.442e-16,3.273e-4,1.879e-10,2.175e-5,2.847e-19,8.174e-24,1.731e+0,,,,4.336e-18,2.885e-36,1.292e-17,,2.555e-26,,,,1.789e-21,2.069e-16,7.706e-19,8.298e-29,,7.671e-17,,1.877e-16,5.417e-2,,2.225e-19,6.875e-18,,,,,,2.054e-18,,,,,,,,,,,,,,
765.3,2.015e+0,6.675e-3,3.766e-26,2.837e-37,2.416e-17,,,1.202e-18,2.150e-19,,8.445e-16,2.753e-4,2.004e-10,2.841e-5,2.849e-19,5.476e-24,1.948e+0,,,,4.336e-18,2.885e-36,1.292e-17,,2.554e-26,,,,1.789e-21,2.070e-16,7.737e-19,8.291e-29,,5.160e-17,,1.877e-16,6.058e-2,,2.225e-19,6.875e-18,,,,,,2.054e-18,,,,,,,,,,,,,,
765.32,2.176e+0,7.093e-3,3.764e-26,2.173e-37,2.416e-17,,,1.202e-18,2.150e-19,,8.447e-16,2.449e-4,2.090e-10,3.389e-5,2.850e-19,4.186e-24,2.103e+0,,,,4.337e-18,2.886e-36,1.292e-17,,2.554e-26,,,,1.788e-21,2.070e-16,7.757e-19,8.287e-29,,3.954e-17,,1.877e-16,6.517e-2,,2.225e-19,6.875e-18,,,,,,2.054e-18,,,,,,,,,,,,,,
765.35,2.435e+0,7.749e-3,3.762e-26,1.453e-37,2.416e-17,,,1.202e-18,2.151e-19,,8.449e-16,2.050e-4,2.225e-10,4.405e-5,2.852e-19,2.790e-24,2.354e+0,,,,4.337e-18,2.886e-36,1.292e-17,,2.553e-26,,,,1.788e-21,2.070e-16,7.787e-19,8.281e-29,,2.647e-17,,1.878e-16,7.252e-2,,2.225e-19,6.875e-18,,,,,,2.055e-18,,,,,,,,,,,,,,
765.37,2.620e+0,8.206e-3,3.760e-26,1.109e-37,2.417e-17,,,1.202e-18,2.151e-19,,8.451e-16,1.818e-4,2.317e-10,5.238e-5,2.853e-19,2.126e-24,2.534e+0,,,,4.338e-18,2.886e-36,1.292e-17,,2.553e-26,,,,1.788e-21,2.070e-16,7.807e-19,8.277e-29,,2.022e-17,,1.878e-16,7.776e-2,,2.225e-19,6.875e-18,,,,,,2.055e-18,,,,,,,,,,,,,,
765.4,2.918e+0,8.921e-3,3.757e-26,7.380e-38,2.417e-17,,,1.202e-18,2.151e-19,,8.454e-16,1.514e-4,2.458e-10,6.776e-5,2.855e-19,1.410e-24,2.823e+0,,,,4.338e-18,2.886e-36,1.291e-17,,2.553e-26,,,,1.787e-21,2.071e-16,7.837e-19,8.271e-29,,1.346e-17,,1.878e-16,8.612e-2,,2.225e-19,6.875e-18,,,,,,2.055e-18,,,,,,,,,,,,,,
765.42,3.131e+0,9.417e-3,3.756e-26,5.615e-38,2.418e-17,,,1.202e-18,2.152e-19,,8.456e-16,1.338e-4,2.554e-10,8.031e-5,2.856e-19,1.071e-24,3.029e+0,,,,4.339e-18,2.887e-36,1.291e-17,,2.552e-26,,,,1.787e-21,2.071e-16,7.857e-19,8.266e-29,,1.025e-17,,1.878e-16,9.203e-2,,2.225e-19,6.875e-18,,,,,,2.055e-18,,,,,,,,,,,,,,
765.45,3.469e+0,1.019e-2,3.753e-26,3.717e-38,2.418e-17,,,1.202e-18,2.152e-19,,8.459e-16,1.109e-4,2.700e-10,1.034e-4,2.857e-19,7.067e-25,3.358e+0,,,,4.339e-18,2.887e-36,1.291e-17,,2.552e-26,,,,1.787e-21,2.071e-16,7.887e-19,8.260e-29,,6.793e-18,,1.879e-16,1.014e-1,,2.225e-19,6.875e-18,,,,,,2.056e-18,,,,,,,,,,,,,,
765.47,3.710e+0,1.072e-2,3.751e-26,2.819e-38,2.418e-17,,,1.202e-18,2.153e-19,,8.461e-16,9.770e-5,2.799e-10,1.221e-4,2.859e-19,5.349e-25,3.591e+0,,,,4.340e-18,2.887e-36,1.291e-17,,2.551e-26,,,,1.787e-21,2.072e-16,7.908e-19,8.256e-29,,5.155e-18,,1.879e-16,1.080e-1,,2.225e-19,6.875e-18,,,,,,2.056e-18,,,,,,,,,,,,,,
765.5,4.091e+0,1.154e-2,3.748e-26,1.857e-38,2.419e-17,,,1.202e-18,2.153e-19,,8.463e-16,8.058e-5,2.947e-10,1.564e-4,2.860e-19,3.513e-25,3.961e+0,,,,4.340e-18,2.887e-36,1.291e-17,,2.551e-26,,,,1.786e-21,2.072e-16,7.938e-19,8.250e-29,,3.399e-18,,1.879e-16,1.185e-1,,2.225e-19,6.875e-18,,,,,,2.056e-18,,,,,,,,,,,,,,
765.52,4.360e+0,1.210e-2,3.747e-26,1.404e-38,2.419e-17,,,1.202e-18,2.153e-19,,8.465e-16,7.076e-5,3.046e-10,1.842e-4,2.861e-19,2.650e-25,4.222e+0,,,,4.341e-18,2.887e-36,1.291e-17,,2.550e-26,,,,1.786e-21,2.072e-16,1.094e-18,8.245e-29,,2.571e-18,,1.879e-16,1.258e-1,,2.225e-19,6.875e-18,,,,,,2.057e-18,,,,,,,,,,,,,,
765.55,4.785e+0,1.297e-2,3.744e-26,9.201e-39,2.420e-17,,,1.202e-18,2.154e-19,,8.468e-16,5.808e-5,3.193e-10,2.348e-4,2.863e-19,1.732e-25,4.635e+0,,,,4.341e-18,2.888e-36,1.290e-17,,2.550e-26,,,,1.786e-21,2.072e-16,1.766e-18,8.239e-29,,1.687e-18,,1.880e-16,1.373e-1,,2.225e-19,6.875e-18,,,,,,2.057e-18,,,,,,,,,,,,,,
765.57,5.083e+0,1.355e-2,3.742e-26,6.932e-39,2.420e-17,,,1.202e-18,2.154e-19,,8.470e-16,5.083e-5,3.291e-10,2.756e-4,2.864e-19,1.302e-25,4.924e+0,,,,4.341e-18,2.888e-36,1.290e-17,,2.550e-26,,,,1.785e-21,2.073e-16,2.427e-18,8.235e-29,,1.272e-18,,1.880e-16,1.453e-1,,2.225e-19,6.875e-18,,,,,,2.057e-18,,,,,,,,,,,,,,
765.59,5.393e+0,1.415e-2,3.740e-26,5.215e-39,2.420e-17,,,1.202e-18,2.154e-19,,8.472e-16,4.443e-5,3.387e-10,3.231e-4,2.865e-19,9.776e-26,5.225e+0,,,,4.342e-18,2.888e-36,1.290e-17,,2.549e-26,,,,1.785e-21,2.073e-16,3.331e-18,8.231e-29,,9.575e-19,,1.880e-16,1.536e-1,,2.225e-19,6.875e-18,,,,,,2.058e-18,,,,,,,,,,,,,,
765.62,5.879e+0,1.505e-2,3.738e-26,3.395e-39,2.421e-17,,,1.202e-18,2.155e-19,,8.475e-16,3.621e-5,3.528e-10,4.091e-4,2.867e-19,6.345e-26,5.697e+0,,,,4.342e-18,2.888e-36,1.290e-17,,2.549e-26,,,,1.785e-21,2.073e-16,5.341e-18,8.225e-29,,6.239e-19,,1.880e-16,1.665e-1,,2.225e-19,6.875e-18,,,,,,2.058e-18,,,,,,,,,,,,,,
765.64,6.216e+0,1.567e-2,3.736e-26,2.546e-39,2.421e-17,,,1.202e-18,2.155e-19,,8.476e-16,3.155e-5,3.620e-10,4.780e-4,2.868e-19,4.749e-26,6.025e+0,,,,4.343e-18,2.889e-36,1.290e-17,,2.548e-26,,,,1.785e-21,2.073e-16,7.305e-18,8.220e-29,,4.682e-19,,1.880e-16,1.754e-1,,2.225e-19,6.875e-18,,,,,,2.058e-18,,,,,,,,,,,,,,
765.67,6.743e+0,1.659e-2,3.733e-26,1.649e-39,2.422e-17,,,1.202e-18,2.156e-19,,8.479e-16,2.559e-5,3.754e-10,6.022e-4,2.870e-19,3.067e-26,6.537e+0,,,,4.343e-18,2.889e-36,1.289e-17,,2.548e-26,,,,1.784e-21,2.074e-16,1.166e-17,8.214e-29,,3.036e-19,,1.881e-16,1.892e-1,,2.225e-19,6.875e-18,,,,,,2.059e-18,,,,,,,,,,,,,,
765.69,7.107e+0,1.720e-2,3.731e-26,1.233e-39,2.422e-17,,,1.202e-18,2.156e-19,,8.481e-16,2.222e-5,3.840e-10,7.014e-4,2.871e-19,2.287e-26,6.891e+0,,,,4.344e-18,2.889e-36,1.289e-17,,2.548e-26,,,,1.784e-21,2.074e-16,1.589e-17,8.210e-29,,2.271e-19,,1.881e-16,1.986e-1,,2.225e-19,6.875e-18,,,,,,2.059e-18,,,,,,,,,,,,,,
765.72,7.672e+0,1.813e-2,3.729e-26,7.945e-40,2.422e-17,,,1.202e-18,2.157e-19,,8.484e-16,1.794e-5,3.963e-10,8.794e-4,2.873e-19,1.470e-26,7.440e+0,,,,4.344e-18,2.889e-36,1.289e-17,,2.547e-26,,,,1.784e-21,2.074e-16,2.524e-17,8.204e-29,,1.465e-19,,1.881e-16,2.132e-1,,2.225e-19,6.875e-18,,,,,,2.059e-18,,,,,,,,,,,,,,
765.74,8.060e+0,1.874e-2,3.727e-26,5.924e-40,2.423e-17,,,1.201e-18,2.157e-19,,8.486e-16,1.553e-5,4.041e-10,1.021e-3,2.874e-19,1.093e-26,7.817e+0,,,,4.345e-18,2.889e-36,1.289e-17,,2.547e-26,,,,1.783e-21,2.074e-16,3.431e-17,8.199e-29,,1.092e-19,,1.881e-16,2.232e-1,,2.225e-19,6.875e-18,,,,,,2.059e-18,,,,,,,,,,,,,,
765.77,8.659e+0,1.965e-2,3.724e-26,3.806e-40,2.423e-17,,,1.201e-18,2.157e-19,,8.489e-16,1.247e-5,4.150e-10,1.274e-3,2.876e-19,6.988e-27,8.399e+0,,,,4.345e-18,2.890e-36,1.289e-17,,2.546e-26,,,,1.783e-21,2.075e-16,5.422e-17,8.193e-29,,7.011e-20,,1.882e-16,2.384e-1,,2.224e-19,6.875e-18,,,,,,2.060e-18,,,,,,,,,,,,,,
765.79,9.067e+0,2.025e-2,3.722e-26,2.832e-40,2.424e-17,,,1.201e-18,2.158e-19,,8.490e-16,1.076e-5,4.218e-10,1.474e-3,2.877e-19,5.178e-27,8.797e+0,,,,4.346e-18,2.890e-36,1.289e-17,,2.546e-26,,,,1.783e-21,2.075e-16,7.345e-17,8.189e-29,,5.209e-20,,1.882e-16,2.487e-1,,2.224e-19,6.874e-18,,,,,,2.060e-18,,,,,,,,,,,,,,
765.82,9.693e+0,2.113e-2,3.720e-26,1.821e-40,2.424e-17,,,1.201e-18,2.158e-19,,8.493e-16,8.599e-6,4.311e-10,1.830e-3,2.879e-19,3.295e-27,9.406e+0,,,,4.346e-18,2.890e-36,1.288e-17,,2.545e-26,,,,1.782e-21,2.075e-16,1.155e-16,8.183e-29,,3.328e-20,,1.882e-16,2.643e-1,,2.224e-19,6.874e-18,,,,,,2.060e-18,,,,,,,,,,,,,,
765.84,1.012e+1,2.170e-2,3.718e-26,1.361e-40,2.424e-17,,,1.201e-18,2.159e-19,,8.495e-16,7.394e-6,4.368e-10,2.111e-3,2.880e-19,2.434e-27,9.819e+0,,,,4.346e-18,2.890e-36,1.288e-17,,2.545e-26,,,,1.782e-21,2.075e-16,1.560e-16,8.178e-29,,2.465e-20,,1.882e-16,2.749e-1,,2.224e-19,6.874e-18,,,,,,2.061e-18,,,,,,,,,,,,,,
765.87,1.076e+1,2.253e-2,3.715e-26,8.932e-41,2.425e-17,,,1.201e-18,2.159e-19,,8.498e-16,5.881e-6,4.443e-10,2.608e-3,2.881e-19,1.541e-27,1.045e+1,,,,4.347e-18,2.891e-36,1.288e-17,,2.544e-26,,,,1.782e-21,2.076e-16,2.442e-16,8.172e-29,,1.567e-20,,1.882e-16,2.908e-1,,2.224e-19,6.874e-18,,,,,,2.061e-18,,,,,,,,,,,,,,
765.89,1.120e+1,2.307e-2,3.713e-26,6.890e-41,2.425e-17,,,1.201e-18,2.159e-19,,8.500e-16,5.040e-6,4.487e-10,2.999e-3,2.883e-19,1.134e-27,1.087e+1,,,,4.347e-18,2.891e-36,1.288e-17,,2.544e-26,,,,1.782e-21,2.076e-16,3.286e-16,8.168e-29,,1.156e-20,,1.883e-16,3.014e-1,,2.224e-19,6.874e-18,,,,,,2.061e-18,,,,,,,,,,,,,,
765.92,1.185e+1,2.383e-2,3.711e-26,4.984e-41,2.426e-17,,,1.201e-18,2.160e-19,,8.503e-16,3.989e-6,4.542e-10,3.687e-3,2.884e-19,7.146e-28,1.151e+1,,,,4.348e-18,2.891e-36,1.288e-17,,2.544e-26,,,,1.781e-21,2.076e-16,5.119e-16,8.162e-29,,7.315e-21,,1.883e-16,3.172e-1,,2.224e-19,6.874e-18,,,,,,2.062e-18,,,,,,,,,,,,,,
765.94,1.229e+1,2.432e-2,3.709e-26,4.320e-41,2.426e-17,,,1.201e-18,2.160e-19,,8.504e-16,3.408e-6,4.572e-10,4.225e-3,2.885e-19,5.243e-28,1.194e+1,,,,4.348e-18,2.891e-36,1.288e-17,,2.543e-26,,,,1.781e-21,2.077e-16,6.868e-16,8.158e-29,,5.381e-21,,1.883e-16,3.277e-1,,2.224e-19,6.874e-18,,,,,,2.062e-18,,,,,,,,,,,,,,
765.96,1.273e+1,2.478e-2,3.707e-26,4.064e-41,2.426e-17,,,1.201e-18,2.160e-19,,8.506e-16,2.907e-6,4.596e-10,4.836e-3,2.887e-19,3.842e-28,1.236e+1,,,,4.349e-18,2.891e-36,1.287e-17,,2.543e-26,,,,1.781e-21,2.077e-16,9.203e-16,8.153e-29,,3.954e-21,,1.883e-16,3.381e-1,,2.224e-19,6.874e-18,,,,,,2.062e-18,,,,,,,,,,,,,,
765.99,1.339e+1,2.543e-2,3.705e-26,4.404e-41,2.427e-17,,,1.201e-18,2.161e-19,,8.509e-16,2.285e-6,4.622e-10,5.906e-3,2.888e-19,2.404e-28,1.300e+1,,,,4.349e-18,2.892e-36,1.287e-17,,2.542e-26,,,,1.781e-21,2.077e-16,1.424e-15,8.147e-29,,2.484e-21,,1.883e-16,3.535e-1,,2.224e-19,6.874e-18,,,,,,2.062e-18,,,,,,,,,,,,,,
766.01,1.382e+1,2.584e-2,3.703e-26,5.141e-41,2.427e-17,,,1.201e-18,2.161e-19,,8.511e-16,1.943e-6,4.631e-10,6.737e-3,2.889e-19,1.755e-28,1.342e+1,,,,4.350e-18,2.892e-36,1.287e-17,,2.542e-26,,,,1.780e-21,2.077e-16,1.902e-15,8.143e-29,,1.819e-21,,1.884e-16,3.635e-1,,2.224e-19,6.874e-18,,,,,,2.063e-18,,,,,,,,,,,,,,
766.04,1.446e+1,2.638e-2,3.700e-26,7.178e-41,2.428e-17,,,1.201e-18,2.162e-19,,8.514e-16,1.520e-6,4.634e-10,8.188e-3,2.891e-19,1.093e-28,1.405e+1,,,,4.350e-18,2.892e-36,1.287e-17,,2.542e-26,,,,1.780e-21,2.078e-16,2.928e-15,8.137e-29,,1.137e-21,,1.884e-16,3.782e-1,,2.224e-19,6.874e-18,,,,,,2.063e-18,,,,,,,,,,,,,,
766.06,1.488e+1,2.671e-2,3.698e-26,9.328e-41,2.428e-17,,,1.201e-18,2.162e-19,,8.516e-16,1.288e-6,4.629e-10,9.311e-3,2.892e-19,7.955e-29,1.446e+1,,,,4.350e-18,2.892e-36,1.287e-17,,2.541e-26,,,,1.780e-21,2.078e-16,3.898e-15,8.132e-29,,8.297e-22,,1.884e-16,3.877e-1,,2.224e-19,6.874e-18,,,,,,2.063e-18,,,,,,,,,,,,,,
766.09,1.549e+1,2.715e-2,3.696e-26,1.422e-40,2.429e-17,,,1.201e-18,2.163e-19,,8.518e-16,1.003e-6,4.610e-10,1.126e-2,2.894e-19,4.928e-29,1.505e+1,,,,4.351e-18,2.893e-36,1.287e-17,,2.541e-26,,,,1.779e-21,2.078e-16,5.973e-15,8.126e-29,,5.161e-22,,1.884e-16,4.014e-1,,2.224e-19,6.874e-18,,,,,,2.064e-18,,,,,,,,,,,,,,
766.11,1.589e+1,2.740e-2,3.694e-26,1.900e-40,2.429e-17,,,1.201e-18,2.163e-19,,8.520e-16,8.471e-7,4.590e-10,1.276e-2,2.895e-19,3.576e-29,1.544e+1,,,,4.351e-18,2.893e-36,1.286e-17,,2.540e-26,,,,1.779e-21,2.078e-16,7.927e-15,8.122e-29,,3.754e-22,,1.885e-16,4.101e-1,,2.224e-19,6.874e-18,,,,,,2.064e-18,,,,,,,,,,,,,,
766.14,1.647e+1,2.771e-2,3.691e-26,2.948e-40,2.429e-17,,,1.201e-18,2.163e-19,,8.523e-16,6.561e-7,4.549e-10,1.536e-2,2.897e-19,2.204e-29,1.600e+1,,,,4.352e-18,2.893e-36,1.286e-17,,2.540e-26,,,,1.779e-21,2.079e-16,1.209e-14,8.116e-29,,2.324e-22,,1.885e-16,4.225e-1,,2.224e-19,6.874e-18,,,,,,2.064e-18,,,,,,,,,,,,,,
766.16,1.684e+1,2.787e-2,3.689e-26,3.955e-40,2.430e-17,,,1.200e-18,2.164e-19,,8.525e-16,5.525e-7,4.515e-10,1.735e-2,2.898e-19,1.594e-29,1.636e+1,,,,4.352e-18,2.893e-36,1.286e-17,,2.539e-26,,,,1.779e-21,2.079e-16,1.599e-14,8.112e-29,,1.685e-22,,1.885e-16,4.303e-1,,2.224e-19,6.874e-18,,,,,,2.064e-18,,,,,,,,,,,,,,
766.19,1.736e+1,2.805e-2,3.687e-26,6.138e-40,2.430e-17,,,1.200e-18,2.164e-19,,8.528e-16,4.258e-7,4.454e-10,2.079e-2,2.900e-19,1.593e-29,1.687e+1,,,,4.353e-18,2.893e-36,1.286e-17,,2.539e-26,,,,1.778e-21,2.079e-16,2.426e-14,8.105e-29,,1.038e-22,,1.885e-16,4.411e-1,,2.224e-19,6.874e-18,,,,,,2.065e-18,,,,,,,,,,,,,,
766.21,1.769e+1,2.812e-2,3.685e-26,8.219e-40,2.430e-17,,,1.200e-18,2.165e-19,,8.530e-16,3.574e-7,4.407e-10,2.341e-2,2.901e-19,1.592e-29,1.719e+1,,,,4.353e-18,2.894e-36,1.286e-17,,2.539e-26,,,,1.778e-21,2.079e-16,3.199e-14,8.101e-29,,7.499e-23,,1.885e-16,4.478e-1,,2.224e-19,6.874e-18,,,,,,2.065e-18,,,,,,,,,,,,,,
766.24,1.816e+1,2.816e-2,3.682e-26,1.271e-39,2.431e-17,,,1.200e-18,2.165e-19,,8.532e-16,2.741e-7,4.327e-10,2.790e-2,2.902e-19,1.592e-29,1.764e+1,,,,4.354e-18,2.894e-36,1.285e-17,,2.538e-26,,,,1.778e-21,2.080e-16,4.832e-14,8.095e-29,,8.672e-23,,1.886e-16,4.568e-1,,2.224e-19,6.874e-18,,,,,,2.065e-18,,,,,,,,,,,,,,
766.26,1.844e+1,2.815e-2,3.680e-26,1.697e-39,2.431e-17,,,1.200e-18,2.165e-19,,8.534e-16,2.293e-7,4.268e-10,3.131e-2,2.904e-19,1.591e-29,1.792e+1,,,,4.354e-18,2.894e-36,1.285e-17,,2.538e-26,,,,1.777e-21,2.080e-16,6.350e-14,8.091e-29,,9.454e-23,,1.886e-16,4.622e-1,,2.224e-19,6.874e-18,,,,,,2.066e-18,,,,,,,,,,,,,,
766.29,1.884e+1,2.805e-2,3.678e-26,2.612e-39,2.432e-17,,,1.200e-18,2.166e-19,,8.537e-16,1.750e-7,4.172e-10,3.714e-2,2.905e-19,1.590e-29,1.830e+1,,,,4.355e-18,2.894e-36,1.285e-17,,2.537e-26,,,,1.777e-21,2.080e-16,9.544e-14,8.084e-29,,1.063e-22,,1.886e-16,4.693e-1,,2.224e-19,6.874e-18,,,,,,2.066e-18,,,,,,,,,,,,,,
766.31,1.907e+1,2.794e-2,3.676e-26,3.477e-39,2.432e-17,,,1.200e-18,2.166e-19,,8.539e-16,1.459e-7,4.103e-10,4.155e-2,2.906e-19,1.590e-29,1.853e+1,,,,4.355e-18,2.895e-36,1.285e-17,,2.537e-26,,,,1.777e-21,2.080e-16,1.250e-13,8.080e-29,,1.141e-22,,1.886e-16,4.733e-1,,2.224e-19,6.874e-18,,,,,,2.066e-18,,,,,,,,,,,,,,
766.33,1.929e+1,2.780e-2,3.674e-26,4.622e-39,2.432e-17,,,1.200e-18,2.167e-19,,8.541e-16,1.215e-7,4.030e-10,4.643e-2,2.908e-19,1.589e-29,1.874e+1,,,,4.355e-18,2.895e-36,1.285e-17,,2.537e-26,,,,1.777e-21,2.081e-16,1.636e-13,8.076e-29,,1.219e-22,,1.887e-16,4.767e-1,,2.224e-19,6.874e-18,,,,,,2.067e-18,,,,,,,,,,,,,,
766.36,1.957e+1,2.752e-2,3.671e-26,7.066e-39,2.433e-17,,,1.200e-18,2.167e-19,,8.544e-16,9.208e-8,3.915e-10,5.470e-2,2.909e-19,1.588e-29,1.900e+1,,,,4.356e-18,2.895e-36,1.285e-17,,2.536e-26,,,,1.776e-21,2.081e-16,2.442e-13,8.070e-29,,1.336e-22,,1.887e-16,4.807e-1,,2.224e-19,6.874e-18,,,,,,2.067e-18,,,,,,,,,,,,,,
766.38,1.972e+1,2.728e-2,3.670e-26,9.363e-39,2.433e-17,,,1.200e-18,2.167e-19,,8.546e-16,7.642e-8,3.835e-10,6.092e-2,2.910e-19,1.587e-29,1.915e+1,,,,4.356e-18,2.895e-36,1.284e-17,,2.536e-26,,,,1.776e-21,2.081e-16,3.185e-13,8.066e-29,,1.415e-22,,1.887e-16,4.825e-1,,2.224e-19,6.874e-18,,,,,,2.067e-18,,,,,,,,,,,,,,
766.41,1.991e+1,2.688e-2,3.667e-26,1.425e-38,2.434e-17,,,1.200e-18,2.168e-19,,8.548e-16,5.764e-8,3.710e-10,7.142e-2,2.912e-19,1.587e-29,1.933e+1,,,,4.357e-18,2.895e-36,1.284e-17,,2.535e-26,,,,1.776e-21,2.082e-16,4.731e-13,8.059e-29,,1.532e-22,,1.887e-16,4.842e-1,,2.224e-19,6.874e-18,,,,,,2.068e-18,,,,,,,,,,,,,,
766.43,2.001e+1,2.657e-2,3.665e-26,1.882e-38,2.434e-17,,,1.200e-18,2.168e-19,,8.550e-16,4.768e-8,3.624e-10,7.928e-2,2.913e-19,1.586e-29,1.942e+1,,,,4.357e-18,2.896e-36,1.284e-17,,2.535e-26,,,,1.775e-21,2.082e-16,6.150e-13,8.055e-29,,1.610e-22,,1.887e-16,4.845e-1,,2.224e-19,6.874e-18,,,,,,2.068e-18,,,,,,,,,,,,,,
766.46,2.011e+1,2.604e-2,3.663e-26,2.849e-38,2.435e-17,,,1.200e-18,2.169e-19,,8.553e-16,3.579e-8,3.493e-10,9.250e-2,2.915e-19,1.585e-29,1.950e+1,,,,4.358e-18,2.896e-36,1.284e-17,,2.534e-26,,,,1.775e-21,2.082e-16,9.093e-13,8.049e-29,,1.728e-22,,1.888e-16,4.838e-1,,2.224e-19,6.874e-18,,,,,,2.068e-18,,,,,,,,,,,,,,
766.48,2.014e+1,2.566e-2,3.661e-26,3.751e-38,2.435e-17,,,1.200e-18,2.169e-19,,8.555e-16,2.951e-8,3.405e-10,1.024e-1,2.916e-19,1.585e-29,1.953e+1,,,,4.358e-18,2.896e-36,1.284e-17,,2.534e-26,,,,1.775e-21,2.082e-16,1.178e-12,8.045e-29,,1.806e-22,,1.888e-16,4.825e-1,,2.224e-19,6.874e-18,,,,,,2.068e-18,,,,,,,,,,,,,,
766.51,2.014e+1,2.503e-2,3.658e-26,5.653e-38,2.435e-17,,,1.200e-18,2.169e-19,,8.558e-16,2.204e-8,3.270e-10,1.188e-1,2.918e-19,1.584e-29,1.952e+1,,,,4.359e-18,2.896e-36,1.284e-17,,2.533e-26,,,,1.774e-21,2.083e-16,1.734e-12,8.038e-29,,1.923e-22,,1.888e-16,4.795e-1,,2.224e-19,6.874e-18,,,,,,2.069e-18,,,,,,,,,,,,,,
766.53,2.011e+1,2.458e-2,3.656e-26,7.419e-38,2.436e-17,,,1.200e-18,2.170e-19,,8.560e-16,1.811e-8,3.181e-10,1.311e-1,2.919e-19,1.583e-29,1.948e+1,,,,4.359e-18,2.897e-36,1.283e-17,,2.533e-26,,,,1.774e-21,2.083e-16,2.239e-12,8.034e-29,,2.001e-22,,1.888e-16,4.767e-1,,2.224e-19,6.874e-18,,,,,,2.069e-18,,,,,,,,,,,,,,
766.56,2.002e+1,2.387e-2,3.654e-26,1.113e-37,2.436e-17,,,1.200e-18,2.170e-19,,8.562e-16,1.346e-8,3.047e-10,1.514e-1,2.921e-19,1.582e-29,1.938e+1,,,,4.360e-18,2.897e-36,1.283e-17,,2.533e-26,,,,1.774e-21,2.083e-16,3.279e-12,8.028e-29,,2.119e-22,,1.889e-16,4.714e-1,,2.223e-19,6.874e-18,,,,,,2.069e-18,,,,,,,,,,,,,,
766.58,1.993e+1,2.336e-2,3.652e-26,1.455e-37,2.437e-17,,,1.200e-18,2.171e-19,,8.564e-16,1.103e-8,2.959e-10,1.665e-1,2.922e-19,1.582e-29,1.928e+1,,,,4.360e-18,2.897e-36,1.283e-17,,2.532e-26,,,,1.774e-21,2.083e-16,4.221e-12,8.024e-29,,2.197e-22,,1.889e-16,4.671e-1,,2.223e-19,6.874e-18,,,,,,2.070e-18,,,,,,,,,,,,,,
766.61,1.975e+1,2.257e-2,3.649e-26,2.172e-37,2.437e-17,,,1.199e-18,2.171e-19,,8.567e-16,8.157e-9,2.829e-10,1.914e-1,2.924e-19,1.581e-29,1.908e+1,,,,4.361e-18,2.897e-36,1.283e-17,,2.532e-26,,,,1.773e-21,2.084e-16,6.151e-12,8.017e-29,,2.314e-22,,1.889e-16,4.596e-1,,2.223e-19,6.874e-18,,,,,,2.070e-18,,,,,,,,,,,,,,
766.63,1.961e+1,2.203e-2,3.647e-26,2.832e-37,2.437e-17,,,1.199e-18,2.171e-19,,8.569e-16,6.661e-9,2.745e-10,2.098e-1,2.925e-19,1.580e-29,1.892e+1,,,,4.361e-18,2.897e-36,1.283e-17,,2.531e-26,,,,1.773e-21,2.084e-16,7.893e-12,8.013e-29,,2.392e-22,,1.889e-16,4.540e-1,,2.223e-19,6.874e-18,,,,,,2.070e-18,,,,,,,,,,,,,,
766.66,1.934e+1,2.119e-2,3.645e-26,4.207e-37,2.438e-17,,,1.199e-18,2.172e-19,,8.572e-16,4.905e-9,2.622e-10,2.400e-1,2.926e-19,1.579e-29,1.864e+1,,,,4.362e-18,2.898e-36,1.283e-17,,2.531e-26,,,,1.773e-21,2.084e-16,1.145e-11,8.007e-29,,2.510e-22,,1.890e-16,4.445e-1,,2.223e-19,6.874e-18,,,,,,2.071e-18,,,,,,,,,,,,,,
766.68,1.914e+1,2.061e-2,3.643e-26,5.467e-37,2.438e-17,,,1.199e-18,2.172e-19,,8.574e-16,3.995e-9,2.544e-10,2.621e-1,2.928e-19,1.579e-29,1.842e+1,,,,4.362e-18,2.898e-36,1.282e-17,,2.531e-26,,,,1.773e-21,2.084e-16,1.464e-11,8.003e-29,,2.588e-22,,1.890e-16,4.376e-1,,2.223e-19,6.874e-18,,,,,,2.071e-18,,,,,,,,,,,,,,
766.71,1.880e+1,1.973e-2,3.640e-26,8.081e-37,2.439e-17,,,1.199e-18,2.173e-19,,8.576e-16,2.931e-9,2.432e-10,2.985e-1,2.929e-19,1.578e-29,1.805e+1,,,,4.362e-18,2.898e-36,1.282e-17,,2.530e-26,,,,1.772e-21,2.085e-16,2.113e-11,7.996e-29,,2.705e-22,,1.890e-16,4.264e-1,,2.223e-19,6.874e-18,,,,,,2.071e-18,,,,,,,,,,,,,,
766.73,1.855e+1,1.913e-2,3.638e-26,1.047e-36,2.439e-17,,,1.199e-18,2.173e-19,,8.578e-16,2.383e-9,2.361e-10,3.250e-1,2.930e-19,1.577e-29,1.778e+1,,,,4.363e-18,2.898e-36,1.282e-17,,2.530e-26,,,,1.772e-21,2.085e-16,2.694e-11,7.992e-29,,2.783e-22,,1.890e-16,4.185e-1,,2.223e-19,6.874e-18,,,,,,2.071e-18,,,,,,,,,,,,,,
766.75,1.828e+1,1.853e-2,3.637e-26,1.355e-36,2.439e-17,,,1.199e-18,2.173e-19,,8.580e-16,1.937e-9,2.294e-10,3.533e-1,2.932e-19,1.577e-29,1.750e+1,,,,4.363e-18,2.898e-36,1.282e-17,,2.529e-26,,,,1.772e-21,2.085e-16,3.431e-11,7.988e-29,,2.862e-22,,1.890e-16,4.101e-1,,2.223e-19,6.874e-18,,,,,,2.072e-18,,,,,,,,,,,,,,
766.78,1.785e+1,1.763e-2,3.634e-26,1.989e-36,2.440e-17,,,1.199e-18,2.174e-19,,8.583e-16,1.421e-9,2.202e-10,3.996e-1,2.933e-19,1.576e-29,1.703e+1,,,,4.364e-18,2.899e-36,1.282e-17,,2.529e-26,,,,1.771e-21,2.085e-16,4.918e-11,7.982e-29,,2.979e-22,,1.891e-16,3.969e-1,,2.223e-19,6.874e-18,,,,,,2.072e-18,,,,,,,,,,,,,,
766.8,1.754e+1,1.703e-2,3.632e-26,2.565e-36,2.440e-17,,,1.199e-18,2.174e-19,,8.585e-16,1.159e-9,2.147e-10,4.331e-1,2.934e-19,1.575e-29,1.670e+1,,,,4.364e-18,2.899e-36,1.282e-17,,2.528e-26,,,,1.771e-21,2.086e-16,6.242e-11,7.978e-29,,3.057e-22,,1.891e-16,3.877e-1,,2.223e-19,6.874e-18,,,,,,2.072e-18,,,,,,,,,,,,,,
766.83,1.706e+1,1.613e-2,3.629e-26,3.748e-36,2.441e-17,,,1.199e-18,2.175e-19,,8.588e-16,8.613e-10,2.072e-10,4.874e-1,2.936e-19,1.574e-29,1.618e+1,,,,4.365e-18,2.899e-36,1.281e-17,,2.528e-26,,,,1.771e-21,2.086e-16,8.905e-11,7.971e-29,,3.174e-22,,1.891e-16,3.734e-1,,2.223e-19,6.874e-18,,,,,,2.073e-18,,,,,,,,,,,,,,
766.85,1.672e+1,1.554e-2,3.628e-26,4.818e-36,2.441e-17,,,1.199e-18,2.175e-19,,8.589e-16,7.136e-10,2.029e-10,5.265e-1,2.937e-19,1.574e-29,1.582e+1,,,,4.365e-18,2.899e-36,1.281e-17,,2.528e-26,,,,1.771e-21,2.086e-16,1.127e-10,7.967e-29,,3.253e-22,,1.891e-16,3.635e-1,,2.223e-19,6.874e-18,,,,,,2.073e-18,,,,,,,,,,,,,,
766.88,1.620e+1,1.466e-2,3.625e-26,7.005e-36,2.441e-17,,,1.199e-18,2.175e-19,,8.592e-16,5.525e-10,1.974e-10,5.897e-1,2.939e-19,1.573e-29,1.525e+1,,,,4.366e-18,2.900e-36,1.281e-17,,2.527e-26,,,,1.770e-21,2.087e-16,1.599e-10,7.961e-29,,3.370e-22,,1.891e-16,3.484e-1,,2.223e-19,6.874e-18,,,,,,2.073e-18,,,,,,,,,,,,,,
766.9,1.584e+1,1.408e-2,3.623e-26,8.976e-36,2.442e-17,,,1.199e-18,2.176e-19,,8.594e-16,4.784e-10,1.945e-10,6.350e-1,2.940e-19,1.572e-29,1.486e+1,,,,4.366e-18,2.900e-36,1.281e-17,,2.527e-26,,,,1.770e-21,2.087e-16,2.017e-10,7.957e-29,,3.448e-22,,1.892e-16,3.381e-1,,2.223e-19,6.874e-18,,,,,,2.073e-18,,,,,,,,,,,,,,
766.93,1.530e+1,1.323e-2,3.620e-26,1.299e-35,2.442e-17,,,1.199e-18,2.176e-19,,8.597e-16,4.091e-10,1.912e-10,7.078e-1,2.942e-19,1.572e-29,1.425e+1,,,,4.366e-18,2.900e-36,1.281e-17,,2.526e-26,,,,1.770e-21,2.087e-16,2.850e-10,7.950e-29,,3.566e-22,,1.892e-16,3.225e-1,,2.223e-19,6.874e-18,,,,,,2.074e-18,,,,,,,,,,,,,,
766.95,1.493e+1,1.268e-2,3.619e-26,1.659e-35,2.443e-17,,,1.199e-18,2.177e-19,,8.599e-16,3.876e-10,1.899e-10,7.596e-1,2.943e-19,1.571e-29,1.384e+1,,,,4.367e-18,2.900e-36,1.280e-17,,2.526e-26,,,,1.769e-21,2.087e-16,3.582e-10,7.946e-29,,3.644e-22,,1.892e-16,3.120e-1,,2.223e-19,6.874e-18,,,,,,2.074e-18,,,,,,,,,,,,,,
766.98,1.436e+1,1.189e-2,3.616e-26,2.389e-35,2.443e-17,,,1.199e-18,2.177e-19,,8.602e-16,3.893e-10,1.891e-10,8.425e-1,2.945e-19,1.570e-29,1.321e+1,,,,4.367e-18,2.901e-36,1.280e-17,,2.525e-26,,,,1.769e-21,2.088e-16,5.037e-10,7.940e-29,,3.761e-22,,1.892e-16,2.961e-1,,2.223e-19,6.874e-18,,,,,,2.074e-18,,,,,,,,,,,,,,
767,1.399e+1,1.137e-2,3.614e-26,3.042e-35,2.443e-17,,,1.199e-18,2.177e-19,,8.603e-16,4.130e-10,1.894e-10,9.013e-1,2.946e-19,1.569e-29,1.279e+1,,,,4.368e-18,2.901e-36,1.280e-17,,2.525e-26,,,,1.769e-21,2.088e-16,6.311e-10,7.936e-29,,3.839e-22,,1.893e-16,2.855e-1,,2.223e-19,6.874e-18,,,,,,2.075e-18,,,,,,,,,,,,,,
767.03,1.343e+1,1.063e-2,3.612e-26,4.359e-35,2.444e-17,,,1.198e-18,2.178e-19,,8.606e-16,4.840e-10,1.911e-10,9.949e-1,2.947e-19,1.569e-29,1.215e+1,,,,4.368e-18,2.901e-36,1.280e-17,,2.525e-26,,,,1.768e-21,2.088e-16,8.831e-10,7.930e-29,,3.957e-22,,1.893e-16,2.696e-1,,2.223e-19,6.874e-18,,,,,,2.075e-18,,,,,,,,,,,,,,
767.05,1.305e+1,1.016e-2,3.610e-26,5.532e-35,2.444e-17,,,1.198e-18,2.178e-19,,8.608e-16,5.576e-10,1.932e-10,1.061e+0,2.949e-19,1.568e-29,1.172e+1,,,,4.369e-18,2.901e-36,1.280e-17,,2.524e-26,,,,1.768e-21,2.088e-16,1.103e-9,7.925e-29,,4.035e-22,,1.893e-16,2.591e-1,,2.223e-19,6.874e-18,,,,,,2.075e-18,,,,,,,,,,,,,,
767.08,1.250e+1,9.481e-3,3.607e-26,7.891e-35,2.445e-17,,,1.198e-18,2.179e-19,,8.611e-16,7.142e-10,1.976e-10,1.165e+0,2.950e-19,1.567e-29,1.108e+1,,,,4.369e-18,2.901e-36,1.280e-17,,2.524e-26,,,,1.768e-21,2.089e-16,1.536e-9,7.919e-29,,4.152e-22,,1.893e-16,2.435e-1,,2.223e-19,6.874e-18,,,,,,2.076e-18,,,,,,,,,,,,,,
767.1,1.214e+1,9.055e-3,3.605e-26,9.982e-35,2.445e-17,,,1.198e-18,2.179e-19,,8.613e-16,8.550e-10,2.015e-10,1.239e+0,2.951e-19,1.567e-29,1.066e+1,,,,4.370e-18,2.902e-36,1.279e-17,,2.523e-26,,,,1.768e-21,2.089e-16,1.912e-9,7.915e-29,,4.230e-22,,1.893e-16,2.333e-1,,2.223e-19,6.874e-18,,,,,,2.076e-18,,,,,,,,,,,,,,
767.12,1.178e+1,8.648e-3,3.603e-26,1.261e-34,2.445e-17,,,1.198e-18,2.179e-19,,8.615e-16,1.031e-9,2.062e-10,1.315e+0,2.953e-19,1.566e-29,1.024e+1,,,,4.370e-18,2.902e-36,1.279e-17,,2.523e-26,,,,1.767e-21,2.089e-16,2.378e-9,7.911e-29,,4.309e-22,,1.894e-16,2.232e-1,,2.223e-19,6.874e-18,,,,,,2.076e-18,,,,,,,,,,,,,,
767.15,1.126e+1,8.077e-3,3.601e-26,1.786e-34,2.446e-17,,,1.198e-18,2.180e-19,,8.618e-16,1.375e-9,2.145e-10,1.434e+0,2.954e-19,1.565e-29,9.611e+0,,,,4.371e-18,2.902e-36,1.279e-17,,2.522e-26,,,,1.767e-21,2.089e-16,3.288e-9,7.904e-29,,4.426e-22,,1.894e-16,2.083e-1,,2.223e-19,6.874e-18,,,,,,2.077e-18,,,,,,,,,,,,,,
767.17,1.093e+1,7.723e-3,3.599e-26,2.250e-34,2.446e-17,,,1.198e-18,2.180e-19,,8.619e-16,1.671e-9,2.211e-10,1.518e+0,2.955e-19,1.565e-29,9.201e+0,,,,4.371e-18,2.902e-36,1.279e-17,,2.522e-26,,,,1.767e-21,2.090e-16,4.076e-9,7.900e-29,,4.504e-22,,1.894e-16,1.986e-1,,2.223e-19,6.874e-18,,,,,,2.077e-18,,,,,,,,,,,,,,
767.2,1.044e+1,7.232e-3,3.596e-26,3.172e-34,2.447e-17,,,1.198e-18,2.181e-19,,8.622e-16,2.240e-9,2.323e-10,1.648e+0,2.957e-19,1.564e-29,8.597e+0,,,,4.371e-18,2.903e-36,1.279e-17,,2.522e-26,,,,1.766e-21,2.090e-16,5.610e-9,7.894e-29,,4.621e-22,,1.894e-16,1.845e-1,,2.223e-19,6.874e-18,,,,,,2.077e-18,,,,,,,,,,,,,,
767.22,1.012e+1,6.933e-3,3.595e-26,3.981e-34,2.447e-17,,,1.198e-18,2.181e-19,,8.624e-16,2.722e-9,2.407e-10,1.738e+0,2.958e-19,1.563e-29,8.203e+0,,,,4.372e-18,2.903e-36,1.279e-17,,2.521e-26,,,,1.766e-21,2.090e-16,6.930e-9,7.890e-29,,4.700e-22,,1.895e-16,1.754e-1,,2.223e-19,6.874e-18,,,,,,2.077e-18,,,,,,,,,,,,,,
767.25,9.674e+0,6.526e-3,3.592e-26,5.586e-34,2.447e-17,,,1.198e-18,2.181e-19,,8.627e-16,3.643e-9,2.548e-10,1.877e+0,2.960e-19,1.562e-29,7.628e+0,,,,4.372e-18,2.903e-36,1.278e-17,,2.521e-26,,,,1.766e-21,2.090e-16,9.493e-9,7.883e-29,,4.817e-22,,1.895e-16,1.621e-1,,2.223e-19,6.874e-18,,,,,,2.078e-18,,,,,,,,,,,,,,
767.27,9.388e+0,6.282e-3,3.590e-26,6.989e-34,2.448e-17,,,1.198e-18,2.182e-19,,8.629e-16,4.420e-9,2.650e-10,1.973e+0,2.961e-19,1.562e-29,7.255e+0,,,,4.373e-18,2.903e-36,1.278e-17,,2.520e-26,,,,1.766e-21,2.091e-16,1.169e-8,7.879e-29,,4.895e-22,,1.895e-16,1.536e-1,,2.223e-19,6.874e-18,,,,,,2.078e-18,,,,,,,,,,,,,,
767.3,8.982e+0,5.960e-3,3.587e-26,9.758e-34,2.448e-17,,,1.198e-18,2.182e-19,,8.632e-16,5.894e-9,2.818e-10,2.122e+0,2.963e-19,1.561e-29,6.713e+0,,,,4.373e-18,2.903e-36,1.278e-17,,2.520e-26,,,,1.765e-21,2.091e-16,1.594e-8,7.873e-29,,5.012e-22,,1.895e-16,1.413e-1,,2.223e-19,6.874e-18,,,,,,2.078e-18,,,,,,,,,,,,,,
767.32,8.726e+0,5.774e-3,3.586e-26,1.217e-33,2.449e-17,,,1.198e-18,2.183e-19,,8.633e-16,7.131e-9,2.939e-10,2.223e+0,2.964e-19,1.560e-29,6.364e+0,,,,4.374e-18,2.904e-36,1.278e-17,,2.520e-26,,,,1.765e-21,2.091e-16,1.956e-8,7.869e-29,,5.091e-22,,1.895e-16,1.334e-1,,2.223e-19,6.874e-18,,,,,,2.079e-18,,,,,,,,,,,,,,
767.35,8.366e+0,5.537e-3,3.583e-26,1.691e-33,2.449e-17,,,1.198e-18,2.183e-19,,8.636e-16,9.467e-9,3.133e-10,2.379e+0,2.966e-19,1.559e-29,5.860e+0,,,,4.374e-18,2.904e-36,1.278e-17,,2.519e-26,,,,1.765e-21,2.092e-16,2.654e-8,7.863e-29,,5.208e-22,,1.896e-16,1.221e-1,,2.222e-19,6.874e-18,,,,,,2.079e-18,,,,,,,,,,,,,,
767.37,8.142e+0,5.408e-3,3.581e-26,2.102e-33,2.449e-17,,,1.198e-18,2.183e-19,,8.638e-16,1.142e-8,3.271e-10,2.484e+0,2.967e-19,1.559e-29,5.537e+0,,,,4.375e-18,2.904e-36,1.278e-17,,2.519e-26,,,,1.765e-21,2.092e-16,3.247e-8,7.858e-29,,5.286e-22,,1.896e-16,1.149e-1,,2.222e-19,6.874e-18,,,,,,2.079e-18,,,,,,,,,,,,,,
767.4,7.829e+0,5.256e-3,3.578e-26,2.907e-33,2.450e-17,,,1.198e-18,2.184e-19,,8.641e-16,1.509e-8,3.490e-10,2.645e+0,2.969e-19,1.558e-29,5.073e+0,,,,4.375e-18,2.904e-36,1.277e-17,,2.518e-26,,,,1.764e-21,2.092e-16,4.383e-8,7.852e-29,,5.404e-22,,1.896e-16,1.047e-1,,2.222e-19,6.874e-18,,,,,,2.080e-18,,,,,,,,,,,,,,
767.42,7.636e+0,5.182e-3,3.577e-26,3.603e-33,2.450e-17,,,1.198e-18,2.184e-19,,8.643e-16,1.815e-8,3.643e-10,2.754e+0,2.970e-19,1.557e-29,4.779e+0,,,,4.375e-18,2.904e-36,1.277e-17,,2.518e-26,,,,1.764e-21,2.092e-16,5.346e-8,7.848e-29,,5.482e-22,,1.896e-16,9.822e-2,,2.222e-19,6.874e-18,,,,,,2.080e-18,,,,,,,,,,,,,,
767.45,7.370e+0,5.113e-3,3.574e-26,4.958e-33,2.451e-17,,,1.197e-18,2.185e-19,,8.646e-16,2.387e-8,3.883e-10,2.918e+0,2.971e-19,1.556e-29,4.357e+0,,,,4.376e-18,2.905e-36,1.277e-17,,2.517e-26,,,,1.764e-21,2.093e-16,7.182e-8,7.842e-29,,5.599e-22,,1.897e-16,8.904e-2,,2.222e-19,6.874e-18,,,,,,2.080e-18,,,,,,,,,,,,,,
767.47,7.207e+0,5.094e-3,3.572e-26,6.124e-33,2.451e-17,,,1.197e-18,2.185e-19,,8.647e-16,2.861e-8,4.050e-10,3.028e+0,2.973e-19,1.556e-29,4.091e+0,,,,4.376e-18,2.905e-36,1.277e-17,,2.517e-26,,,,1.763e-21,2.093e-16,8.731e-8,7.837e-29,,5.677e-22,,1.897e-16,8.326e-2,,2.222e-19,6.874e-18,,,,,,2.080e-18,,,,,,,,,,,,,,
767.49,7.056e+0,5.096e-3,3.570e-26,7.554e-33,2.451e-17,,,1.197e-18,2.185e-19,,8.649e-16,3.425e-8,4.222e-10,3.138e+0,2.974e-19,1.555e-29,3.835e+0,,,,4.377e-18,2.905e-36,1.277e-17,,2.517e-26,,,,1.763e-21,2.093e-16,1.060e-7,7.833e-29,,5.756e-22,,1.897e-16,7.776e-2,,2.222e-19,6.874e-18,,,,,,2.081e-18,,,,,,,,,,,,,,
767.52,6.851e+0,5.138e-3,3.568e-26,1.033e-32,2.452e-17,,,1.197e-18,2.186e-19,,8.652e-16,4.475e-8,4.488e-10,3.302e+0,2.975e-19,1.554e-29,3.474e+0,,,,4.377e-18,2.905e-36,1.276e-17,,2.516e-26,,,,1.763e-21,2.093e-16,1.415e-7,7.827e-29,,5.873e-22,,1.897e-16,7.001e-2,,2.222e-19,6.874e-18,,,,,,2.081e-18,,,,,,,,,,,,,,
767.54,6.728e+0,5.192e-3,3.566e-26,1.270e-32,2.452e-17,,,1.197e-18,2.186e-19,,8.654e-16,5.340e-8,4.670e-10,3.411e+0,2.976e-19,1.554e-29,3.247e+0,,,,4.378e-18,2.906e-36,1.276e-17,,2.516e-26,,,,1.763e-21,2.094e-16,1.712e-7,7.823e-29,,5.951e-22,,1.897e-16,6.517e-2,,2.222e-19,6.874e-18,,,,,,2.081e-18,,,,,,,,,,,,,,
767.57,6.562e+0,5.310e-3,3.563e-26,1.727e-32,2.453e-17,,,1.197e-18,2.187e-19,,8.657e-16,6.945e-8,4.950e-10,3.573e+0,2.978e-19,1.553e-29,2.926e+0,,,,4.378e-18,2.906e-36,1.276e-17,,2.515e-26,,,,1.762e-21,2.094e-16,2.273e-7,7.817e-29,,6.068e-22,,1.898e-16,5.838e-2,,2.222e-19,6.874e-18,,,,,,2.082e-18,,,,,,,,,,,,,,
767.59,6.464e+0,5.412e-3,3.561e-26,2.117e-32,2.453e-17,,,1.197e-18,2.187e-19,,8.659e-16,8.262e-8,5.139e-10,3.678e+0,2.979e-19,1.552e-29,2.726e+0,,,,4.379e-18,2.906e-36,1.276e-17,,2.515e-26,,,,1.762e-21,2.094e-16,2.742e-7,7.812e-29,,6.147e-22,,1.898e-16,5.417e-2,,2.222e-19,6.874e-18,,,,,,2.082e-18,,,,,,,,,,,,,,
767.62,6.333e+0,5.600e-3,3.559e-26,2.866e-32,2.454e-17,,,1.197e-18,2.187e-19,,8.661e-16,1.069e-7,5.428e-10,3.834e+0,2.981e-19,1.551e-29,2.445e+0,,,,4.379e-18,2.906e-36,1.276e-17,,2.514e-26,,,,1.762e-21,2.094e-16,3.625e-7,7.806e-29,,6.264e-22,,1.898e-16,4.829e-2,,2.222e-19,6.874e-18,,,,,,2.082e-18,,,,,,,,,,,,,,
767.64,6.256e+0,5.748e-3,3.557e-26,3.501e-32,2.454e-17,,,1.197e-18,2.188e-19,,8.663e-16,1.268e-7,5.622e-10,3.934e+0,2.982e-19,1.551e-29,2.271e+0,,,,4.380e-18,2.906e-36,1.276e-17,,2.514e-26,,,,1.761e-21,2.095e-16,4.358e-7,7.802e-29,,6.342e-22,,1.898e-16,4.466e-2,,2.222e-19,6.874e-18,,,,,,2.082e-18,,,,,,,,,,,,,,
767.67,6.154e+0,6.001e-3,3.554e-26,4.717e-32,2.454e-17,,,1.197e-18,2.188e-19,,8.666e-16,1.634e-7,5.914e-10,4.081e+0,2.984e-19,1.550e-29,2.028e+0,,,,4.380e-18,2.907e-36,1.275e-17,,2.514e-26,,,,1.761e-21,2.095e-16,5.732e-7,7.796e-29,,6.459e-22,,1.899e-16,3.963e-2,,2.222e-19,6.874e-18,,,,,,2.083e-18,,,,,,,,,,,,,,
767.69,6.094e+0,6.190e-3,3.553e-26,5.745e-32,2.455e-17,,,1.197e-18,2.189e-19,,8.668e-16,1.931e-7,6.109e-10,4.174e+0,2.985e-19,1.549e-29,1.877e+0,,,,4.380e-18,2.907e-36,1.275e-17,,2.513e-26,,,,1.761e-21,2.095e-16,6.870e-7,7.791e-29,,6.538e-22,,1.899e-16,3.653e-2,,2.222e-19,6.874e-18,,,,,,2.083e-18,,,,,,,,,,,,,,
767.72,6.015e+0,6.503e-3,3.550e-26,7.702e-32,2.455e-17,,,1.197e-18,2.189e-19,,8.671e-16,2.476e-7,6.400e-10,4.308e+0,2.987e-19,1.549e-29,1.668e+0,,,,4.381e-18,2.907e-36,1.275e-17,,2.513e-26,,,,1.760e-21,2.095e-16,8.993e-7,7.785e-29,,6.655e-22,,1.899e-16,3.225e-2,,2.222e-19,6.874e-18,,,,,,2.083e-18,,,,,,,,,,,,,,
767.74,5.969e+0,6.729e-3,3.548e-26,9.350e-32,2.455e-17,,,1.197e-18,2.189e-19,,8.673e-16,2.918e-7,6.592e-10,4.393e+0,2.988e-19,1.548e-29,1.540e+0,,,,4.381e-18,2.907e-36,1.275e-17,,2.512e-26,,,,1.760e-21,2.096e-16,1.074e-6,7.781e-29,,6.733e-22,,1.899e-16,2.963e-2,,2.222e-19,6.874e-18,,,,,,2.084e-18,,,,,,,,,,,,,,
767.77,5.908e+0,7.093e-3,3.545e-26,1.248e-31,2.456e-17,,,1.197e-18,2.190e-19,,8.675e-16,3.724e-7,6.876e-10,4.512e+0,2.990e-19,1.547e-29,1.363e+0,,,,4.382e-18,2.908e-36,1.275e-17,,2.512e-26,,,,1.760e-21,2.096e-16,1.400e-6,7.775e-29,,6.851e-22,,1.899e-16,2.603e-2,,2.222e-19,6.874e-18,,,,,,2.084e-18,,,,,,,,,,,,,,
767.79,5.871e+0,7.352e-3,3.544e-26,1.510e-31,2.456e-17,,,1.197e-18,2.190e-19,,8.677e-16,4.375e-7,7.061e-10,4.586e+0,2.991e-19,1.547e-29,1.254e+0,,,,4.382e-18,2.908e-36,1.275e-17,,2.511e-26,,,,1.760e-21,2.096e-16,1.667e-6,7.770e-29,,6.929e-22,,1.900e-16,2.384e-2,,2.222e-19,6.874e-18,,,,,,2.084e-18,,,,,,,,,,,,,,
767.82,5.822e+0,7.760e-3,3.541e-26,2.004e-31,2.457e-17,,,1.197e-18,2.191e-19,,8.680e-16,5.557e-7,7.331e-10,4.687e+0,2.992e-19,1.546e-29,1.106e+0,,,,4.383e-18,2.908e-36,1.274e-17,,2.511e-26,,,,1.759e-21,2.097e-16,2.160e-6,7.764e-29,,7.046e-22,,1.900e-16,2.085e-2,,2.222e-19,6.873e-18,,,,,,2.085e-18,,,,,,,,,,,,,,
767.84,5.791e+0,8.046e-3,3.539e-26,2.418e-31,2.457e-17,,,1.197e-18,2.191e-19,,8.682e-16,6.507e-7,7.506e-10,4.749e+0,2.994e-19,1.545e-29,1.015e+0,,,,4.383e-18,2.908e-36,1.274e-17,,2.511e-26,,,,1.759e-21,2.097e-16,2.564e-6,7.760e-29,,7.124e-22,,1.900e-16,1.903e-2,,2.222e-19,6.873e-18,,,,,,2.085e-18,,,,,,,,,,,,,,
767.86,5.762e+0,8.340e-3,3.537e-26,2.912e-31,2.457e-17,,,1.197e-18,2.191e-19,,8.684e-16,7.610e-7,7.675e-10,4.804e+0,2.995e-19,1.544e-29,9.316e-1,,,,4.384e-18,2.908e-36,1.274e-17,,2.510e-26,,,,1.759e-21,2.097e-16,3.040e-6,7.756e-29,,7.202e-22,,1.900e-16,1.735e-2,,2.222e-19,6.873e-18,,,,,,2.085e-18,,,,,,,,,,,,,,
767.89,5.719e+0,8.796e-3,3.535e-26,3.841e-31,2.458e-17,,,1.196e-18,2.192e-19,,8.687e-16,9.603e-7,7.918e-10,4.877e+0,2.996e-19,1.544e-29,8.177e-1,,,,4.384e-18,2.909e-36,1.274e-17,,2.510e-26,,,,1.758e-21,2.097e-16,3.915e-6,7.750e-29,,7.320e-22,,1.901e-16,1.506e-2,,2.222e-19,6.873e-18,,,,,,2.086e-18,,,,,,,,,,,,,,
767.91,5.691e+0,9.109e-3,3.533e-26,4.612e-31,2.458e-17,,,1.196e-18,2.192e-19,,8.689e-16,1.120e-6,8.071e-10,4.919e+0,2.998e-19,1.543e-29,7.492e-1,,,,4.385e-18,2.909e-36,1.274e-17,,2.509e-26,,,,1.758e-21,2.098e-16,4.626e-6,7.745e-29,,7.398e-22,,1.901e-16,1.369e-2,,2.222e-19,6.873e-18,,,,,,2.086e-18,,,,,,,,,,,,,,
767.94,5.647e+0,9.588e-3,3.530e-26,6.053e-31,2.459e-17,,,1.196e-18,2.193e-19,,8.691e-16,1.406e-6,8.287e-10,4.969e+0,2.999e-19,1.542e-29,6.568e-1,,,,4.385e-18,2.909e-36,1.274e-17,,2.509e-26,,,,1.758e-21,2.098e-16,5.927e-6,7.739e-29,,7.515e-22,,1.901e-16,1.183e-2,,2.222e-19,6.873e-18,,,,,,2.086e-18,,,,,,,,,,,,,,
767.96,5.617e+0,9.912e-3,3.528e-26,7.244e-31,2.459e-17,,,1.196e-18,2.193e-19,,8.693e-16,1.634e-6,8.421e-10,4.995e+0,3.000e-19,1.542e-29,6.016e-1,,,,4.385e-18,2.909e-36,1.273e-17,,2.509e-26,,,,1.758e-21,2.098e-16,6.981e-6,7.735e-29,,7.594e-22,,1.901e-16,1.071e-2,,2.222e-19,6.873e-18,,,,,,2.086e-18,,,,,,,,,,,,,,
767.99,5.569e+0,1.040e-2,3.526e-26,9.462e-31,2.460e-17,,,1.196e-18,2.193e-19,,8.696e-16,2.043e-6,8.605e-10,5.022e+0,3.002e-19,1.541e-29,5.280e-1,,,,4.386e-18,2.910e-36,1.273e-17,,2.508e-26,,,,1.757e-21,2.098e-16,8.903e-6,7.729e-29,,7.711e-22,,1.901e-16,9.212e-3,,2.222e-19,6.873e-18,,,,,,2.087e-18,,,,,,,,,,,,,,
768.01,5.535e+0,1.073e-2,3.524e-26,1.129e-30,2.460e-17,,,1.196e-18,2.194e-19,,8.698e-16,2.367e-6,8.716e-10,5.032e+0,3.003e-19,1.540e-29,4.846e-1,,,,4.386e-18,2.910e-36,1.273e-17,,2.508e-26,,,,1.757e-21,2.099e-16,1.045e-5,7.724e-29,,7.789e-22,,1.902e-16,8.317e-3,,2.222e-19,6.873e-18,,,,,,2.087e-18,,,,,,,,,,,,,,
768.04,5.480e+0,1.123e-2,3.521e-26,1.467e-30,2.460e-17,,,1.196e-18,2.194e-19,,8.701e-16,2.946e-6,8.864e-10,5.034e+0,3.005e-19,1.539e-29,4.274e-1,,,,4.387e-18,2.910e-36,1.273e-17,,2.507e-26,,,,1.757e-21,2.099e-16,1.327e-5,7.718e-29,,7.906e-22,,1.902e-16,7.117e-3,,2.222e-19,6.873e-18,,,,,,2.087e-18,,,,,,,,,,,,,,
768.06,5.440e+0,1.155e-2,3.519e-26,1.745e-30,2.461e-17,,,1.196e-18,2.195e-19,,8.703e-16,3.403e-6,8.950e-10,5.028e+0,3.006e-19,1.539e-29,3.942e-1,,,,4.387e-18,2.910e-36,1.273e-17,,2.507e-26,,,,1.756e-21,2.099e-16,1.552e-5,7.714e-29,,7.985e-22,,1.902e-16,6.404e-3,,2.222e-19,6.873e-18,,,,,,2.088e-18,,,,,,,,,,,,,,
768.09,5.375e+0,1.204e-2,3.517e-26,2.257e-30,2.461e-17,,,1.196e-18,2.195e-19,,8.705e-16,4.214e-6,9.059e-10,5.006e+0,3.008e-19,1.538e-29,3.515e-1,,,,4.388e-18,2.911e-36,1.272e-17,,2.506e-26,,,,1.756e-21,2.099e-16,1.961e-5,7.708e-29,,8.102e-22,,1.902e-16,5.453e-3,,2.222e-19,6.873e-18,,,,,,2.088e-18,,,,,,,,,,,,,,
768.11,5.328e+0,1.235e-2,3.515e-26,2.676e-30,2.462e-17,,,1.196e-18,2.195e-19,,8.707e-16,4.852e-6,9.117e-10,4.983e+0,3.009e-19,1.537e-29,3.274e-1,,,,4.388e-18,2.911e-36,1.272e-17,,2.506e-26,,,,1.756e-21,2.100e-16,2.287e-5,7.704e-29,,8.180e-22,,1.903e-16,4.891e-3,,2.222e-19,6.873e-18,,,,,,2.088e-18,,,,,,,,,,,,,,
768.14,5.252e+0,1.282e-2,3.512e-26,3.445e-30,2.462e-17,,,1.196e-18,2.196e-19,,8.710e-16,5.982e-6,9.183e-10,4.937e+0,3.011e-19,1.536e-29,2.976e-1,,,,4.389e-18,2.911e-36,1.272e-17,,2.505e-26,,,,1.756e-21,2.100e-16,2.875e-5,7.697e-29,,8.297e-22,,1.903e-16,4.145e-3,,2.221e-19,6.873e-18,,,,,,2.089e-18,,,,,,,,,,,,,,
768.16,5.197e+0,1.312e-2,3.510e-26,4.070e-30,2.462e-17,,,1.196e-18,2.196e-19,,8.712e-16,6.866e-6,9.212e-10,4.899e+0,3.012e-19,1.536e-29,2.816e-1,,,,4.389e-18,2.911e-36,1.272e-17,,2.505e-26,,,,1.755e-21,2.100e-16,3.343e-5,7.693e-29,,8.376e-22,,1.903e-16,3.706e-3,,2.221e-19,6.873e-18,,,,,,2.089e-18,,,,,,,,,,,,,,
768.19,5.110e+0,1.355e-2,3.508e-26,5.215e-30,2.463e-17,,,1.196e-18,2.197e-19,,8.715e-16,8.425e-6,9.234e-10,4.830e+0,3.014e-19,1.535e-29,2.633e-1,,,,4.390e-18,2.911e-36,1.272e-17,,2.505e-26,,,,1.755e-21,2.100e-16,4.181e-5,7.687e-29,,8.493e-22,,1.903e-16,3.125e-3,,2.221e-19,6.873e-18,,,,,,2.089e-18,,,,,,,,,,,,,,
768.21,5.049e+0,1.382e-2,3.506e-26,6.141e-30,2.463e-17,,,1.196e-18,2.197e-19,,8.717e-16,9.642e-6,9.234e-10,4.777e+0,3.015e-19,1.534e-29,2.547e-1,,,,4.390e-18,2.912e-36,1.272e-17,,2.504e-26,,,,1.755e-21,2.101e-16,4.846e-5,7.683e-29,,8.571e-22,,1.903e-16,2.785e-3,,2.221e-19,6.873e-18,,,,,,2.089e-18,,,,,,,,,,,,,,
768.23,4.984e+0,1.409e-2,3.504e-26,7.224e-30,2.463e-17,,,1.196e-18,2.197e-19,,8.718e-16,1.102e-5,9.222e-10,4.719e+0,3.016e-19,1.534e-29,2.489e-1,,,,4.390e-18,2.912e-36,1.272e-17,,2.504e-26,,,,1.755e-21,2.101e-16,5.609e-5,7.678e-29,,8.649e-22,,1.904e-16,2.478e-3,,2.221e-19,6.873e-18,,,,,,2.090e-18,,,,,,,,,,,,,,
768.26,4.883e+0,1.446e-2,3.502e-26,9.193e-30,2.464e-17,,,1.196e-18,2.198e-19,,8.721e-16,1.343e-5,9.181e-10,4.621e+0,3.017e-19,1.533e-29,2.453e-1,,,,4.391e-18,2.912e-36,1.271e-17,,2.503e-26,,,,1.754e-21,2.101e-16,6.969e-5,7.672e-29,,8.767e-22,,1.904e-16,2.075e-3,,2.221e-19,6.873e-18,,,,,,2.090e-18,,,,,,,,,,,,,,
768.28,4.813e+0,1.469e-2,3.500e-26,1.078e-29,2.464e-17,,,1.196e-18,2.198e-19,,8.723e-16,1.531e-5,9.139e-10,4.550e+0,3.019e-19,1.532e-29,2.463e-1,,,,4.391e-18,2.912e-36,1.271e-17,,2.503e-26,,,,1.754e-21,2.101e-16,8.040e-5,7.668e-29,,1.206e-21,,1.904e-16,1.841e-3,,2.221e-19,6.873e-18,,,,,,2.090e-18,,,,,,,,,,,,,,
768.31,4.703e+0,1.501e-2,3.497e-26,1.365e-29,2.465e-17,,,1.195e-18,2.199e-19,,8.726e-16,1.858e-5,9.055e-10,4.434e+0,3.020e-19,1.531e-29,2.527e-1,,,,4.392e-18,2.912e-36,1.271e-17,,2.503e-26,,,,1.754e-21,2.102e-16,9.941e-5,7.662e-29,,1.943e-21,,1.904e-16,1.534e-3,,2.221e-19,6.873e-18,,,,,,2.091e-18,,,,,,,,,,,,,,
768.33,4.628e+0,1.520e-2,3.495e-26,1.595e-29,2.465e-17,,,1.195e-18,2.199e-19,,8.728e-16,2.110e-5,8.985e-10,4.351e+0,3.021e-19,1.531e-29,2.604e-1,,,,4.392e-18,2.913e-36,1.271e-17,,2.502e-26,,,,1.753e-21,2.102e-16,1.143e-4,7.658e-29,,2.665e-21,,1.905e-16,1.357e-3,,2.221e-19,6.873e-18,,,,,,2.091e-18,,,,,,,,,,,,,,
768.36,4.513e+0,1.546e-2,3.493e-26,2.010e-29,2.466e-17,,,1.195e-18,2.200e-19,,8.731e-16,2.549e-5,8.859e-10,4.220e+0,3.023e-19,1.530e-29,2.768e-1,,,,4.393e-18,2.913e-36,1.271e-17,,2.502e-26,,,,1.753e-21,2.102e-16,1.407e-4,7.651e-29,,4.272e-21,,1.905e-16,1.125e-3,,2.221e-19,6.873e-18,,,,,,2.091e-18,,,,,,,,,,,,,,
768.38,4.436e+0,1.561e-2,3.491e-26,2.342e-29,2.466e-17,,,1.195e-18,2.200e-19,,8.732e-16,2.886e-5,8.761e-10,4.128e+0,3.024e-19,1.529e-29,2.911e-1,,,,4.393e-18,2.913e-36,1.270e-17,,2.501e-26,,,,1.753e-21,2.103e-16,1.613e-4,7.647e-29,,5.841e-21,,1.905e-16,9.916e-4,,2.221e-19,6.873e-18,,,,,,2.091e-18,,,,,,,,,,,,,,
768.41,4.318e+0,1.579e-2,3.488e-26,2.937e-29,2.466e-17,,,1.195e-18,2.200e-19,,8.735e-16,3.470e-5,8.597e-10,3.984e+0,3.026e-19,1.529e-29,3.177e-1,,,,4.394e-18,2.913e-36,1.270e-17,,2.501e-26,,,,1.752e-21,2.103e-16,1.975e-4,7.641e-29,,9.317e-21,,1.905e-16,8.184e-4,,2.221e-19,6.873e-18,,,,,,2.092e-18,,,,,,,,,,,,,,
768.43,4.240e+0,1.589e-2,3.486e-26,3.411e-29,2.467e-17,,,1.195e-18,2.201e-19,,8.737e-16,3.918e-5,8.475e-10,3.884e+0,3.027e-19,1.528e-29,3.390e-1,,,,4.394e-18,2.914e-36,1.270e-17,,2.500e-26,,,,1.752e-21,2.103e-16,2.257e-4,7.637e-29,,1.270e-20,,1.905e-16,7.189e-4,,2.221e-19,6.873e-18,,,,,,2.092e-18,,,,,,,,,,,,,,
768.46,4.124e+0,1.601e-2,3.484e-26,4.257e-29,2.467e-17,,,1.195e-18,2.201e-19,,8.740e-16,4.689e-5,8.275e-10,3.731e+0,3.029e-19,1.527e-29,3.764e-1,,,,4.395e-18,2.914e-36,1.270e-17,,2.500e-26,,,,1.752e-21,2.103e-16,2.750e-4,7.630e-29,,2.016e-20,,1.906e-16,5.905e-4,,2.221e-19,6.873e-18,,,,,,2.092e-18,,,,,,,,,,,,,,
768.48,4.048e+0,1.606e-2,3.482e-26,4.928e-29,2.468e-17,,,1.195e-18,2.201e-19,,8.742e-16,5.278e-5,8.132e-10,3.626e+0,3.030e-19,1.526e-29,4.052e-1,,,,4.395e-18,2.914e-36,1.270e-17,,2.500e-26,,,,1.752e-21,2.104e-16,3.132e-4,7.626e-29,,2.739e-20,,1.906e-16,5.170e-4,,2.221e-19,6.873e-18,,,,,,2.093e-18,,,,,,,,,,,,,,
768.51,3.936e+0,1.610e-2,3.479e-26,6.121e-29,2.468e-17,,,1.195e-18,2.202e-19,,8.745e-16,6.288e-5,7.902e-10,3.465e+0,3.032e-19,1.526e-29,4.542e-1,,,,4.396e-18,2.914e-36,1.270e-17,,2.499e-26,,,,1.751e-21,2.104e-16,3.798e-4,7.620e-29,,4.327e-20,,1.906e-16,4.225e-4,,2.221e-19,6.873e-18,,,,,,2.093e-18,,,,,,,,,,,,,,
768.53,3.865e+0,1.610e-2,3.477e-26,7.062e-29,2.468e-17,,,1.195e-18,2.202e-19,,8.746e-16,7.056e-5,7.739e-10,3.357e+0,3.033e-19,1.525e-29,4.910e-1,,,,4.396e-18,2.914e-36,1.269e-17,,2.499e-26,,,,1.751e-21,2.104e-16,4.313e-4,7.616e-29,,5.861e-20,,1.906e-16,3.688e-4,,2.221e-19,6.873e-18,,,,,,2.093e-18,,,,,,,,,,,,,,
768.56,3.762e+0,1.606e-2,3.475e-26,8.730e-29,2.469e-17,,,1.195e-18,2.203e-19,,8.749e-16,8.368e-5,7.484e-10,3.193e+0,3.035e-19,1.524e-29,5.526e-1,,,,4.396e-18,2.915e-36,1.269e-17,,2.498e-26,,,,1.751e-21,2.104e-16,5.205e-4,7.609e-29,,9.215e-20,,1.907e-16,2.999e-4,,2.221e-19,6.873e-18,,,,,,2.094e-18,,,,,,,,,,,,,,
768.58,3.698e+0,1.600e-2,3.473e-26,1.004e-28,2.469e-17,,,1.195e-18,2.203e-19,,8.751e-16,9.362e-5,7.307e-10,3.083e+0,3.036e-19,1.524e-29,5.982e-1,,,,4.397e-18,2.915e-36,1.269e-17,,2.498e-26,,,,1.750e-21,2.105e-16,5.890e-4,7.605e-29,,1.244e-19,,1.907e-16,2.609e-4,,2.221e-19,6.873e-18,,,,,,2.094e-18,,,,,,,,,,,,,,
768.61,3.609e+0,1.589e-2,3.470e-26,1.235e-28,2.470e-17,,,1.195e-18,2.204e-19,,8.754e-16,1.105e-4,7.031e-10,2.918e+0,3.037e-19,1.523e-29,6.737e-1,,,,4.397e-18,2.915e-36,1.269e-17,,2.497e-26,,,,1.750e-21,2.105e-16,7.074e-4,7.599e-29,,1.947e-19,,1.907e-16,2.112e-4,,2.221e-19,6.873e-18,,,,,,2.094e-18,,,,,,,,,,,,,,
768.63,3.554e+0,1.578e-2,3.468e-26,1.416e-28,2.470e-17,,,1.195e-18,2.204e-19,,8.756e-16,1.233e-4,6.842e-10,2.808e+0,3.039e-19,1.522e-29,7.289e-1,,,,4.398e-18,2.915e-36,1.269e-17,,2.497e-26,,,,1.750e-21,2.105e-16,7.981e-4,7.595e-29,,2.619e-19,,1.907e-16,1.831e-4,,2.221e-19,6.873e-18,,,,,,2.095e-18,,,,,,,,,,,,,,
768.65,3.505e+0,1.566e-2,3.467e-26,1.621e-28,2.470e-17,,,1.195e-18,2.204e-19,,8.758e-16,1.373e-4,6.650e-10,2.700e+0,3.040e-19,1.522e-29,7.883e-1,,,,4.398e-18,2.916e-36,1.269e-17,,2.497e-26,,,,1.750e-21,2.105e-16,8.991e-4,7.591e-29,,3.520e-19,,1.907e-16,1.585e-4,,2.221e-19,6.873e-18,,,,,,2.095e-18,,,,,,,,,,,,,,
768.68,3.440e+0,1.544e-2,3.464e-26,1.981e-28,2.471e-17,,,1.195e-18,2.205e-19,,8.760e-16,1.611e-4,6.356e-10,2.538e+0,3.041e-19,1.521e-29,8.852e-1,,,,4.399e-18,2.916e-36,1.268e-17,,2.496e-26,,,,1.749e-21,2.106e-16,1.073e-3,7.584e-29,,5.472e-19,,1.908e-16,1.274e-4,,2.221e-19,6.873e-18,,,,,,2.095e-18,,,,,,,,,,,,,,
768.7,3.404e+0,1.527e-2,3.462e-26,2.260e-28,2.471e-17,,,1.195e-18,2.205e-19,,8.762e-16,1.789e-4,6.157e-10,2.431e+0,3.043e-19,1.520e-29,9.555e-1,,,,4.399e-18,2.916e-36,1.268e-17,,2.496e-26,,,,1.749e-21,2.106e-16,1.205e-3,7.580e-29,,7.330e-19,,1.908e-16,1.100e-4,,2.221e-19,6.873e-18,,,,,,2.095e-18,,,,,,,,,,,,,,
768.73,3.361e+0,1.499e-2,3.460e-26,2.749e-28,2.472e-17,,,1.195e-18,2.206e-19,,8.765e-16,2.090e-4,5.856e-10,2.275e+0,3.044e-19,1.519e-29,1.069e+0,,,,4.400e-18,2.916e-36,1.268e-17,,2.495e-26,,,,1.749e-21,2.106e-16,1.430e-3,7.574e-29,,1.134e-18,,1.908e-16,8.800e-5,,2.221e-19,6.873e-18,,,,,,2.096e-18,,,,,,,,,,,,,,
768.75,3.340e+0,1.477e-2,3.458e-26,3.126e-28,2.472e-17,,,1.194e-18,2.206e-19,,8.767e-16,2.314e-4,5.655e-10,2.172e+0,3.045e-19,1.519e-29,1.151e+0,,,,4.400e-18,2.916e-36,1.268e-17,,2.495e-26,,,,1.748e-21,2.106e-16,1.601e-3,7.570e-29,,1.514e-18,,1.908e-16,7.570e-5,,2.221e-19,6.873e-18,,,,,,2.096e-18,,,,,,,,,,,,,,
768.78,3.323e+0,1.443e-2,3.455e-26,3.784e-28,2.472e-17,,,1.194e-18,2.206e-19,,8.770e-16,2.690e-4,5.353e-10,2.022e+0,3.047e-19,1.518e-29,1.284e+0,,,,4.401e-18,2.917e-36,1.268e-17,,2.494e-26,,,,1.748e-21,2.107e-16,1.891e-3,7.563e-29,,2.331e-18,,1.909e-16,6.026e-5,,2.221e-19,6.873e-18,,,,,,2.096e-18,,,,,,,,,,,,,,
768.8,3.320e+0,1.417e-2,3.453e-26,4.290e-28,2.473e-17,,,1.194e-18,2.207e-19,,8.772e-16,2.970e-4,5.152e-10,1.925e+0,3.048e-19,1.517e-29,1.378e+0,,,,4.401e-18,2.917e-36,1.268e-17,,2.494e-26,,,,1.748e-21,2.107e-16,2.110e-3,7.559e-29,,3.103e-18,,1.909e-16,5.168e-5,,2.221e-19,6.873e-18,,,,,,2.097e-18,,,,,,,,,,,,,,
768.83,3.330e+0,1.377e-2,3.451e-26,5.167e-28,2.473e-17,,,1.194e-18,2.207e-19,,8.774e-16,3.438e-4,4.853e-10,1.784e+0,3.050e-19,1.516e-29,1.530e+0,,,,4.401e-18,2.917e-36,1.267e-17,,2.494e-26,,,,1.748e-21,2.107e-16,2.481e-3,7.553e-29,,4.754e-18,,1.909e-16,4.094e-5,,2.221e-19,6.873e-18,,,,,,2.097e-18,,,,,,,,,,,,,,
768.85,3.346e+0,1.349e-2,3.449e-26,5.839e-28,2.474e-17,,,1.194e-18,2.207e-19,,8.776e-16,3.785e-4,4.655e-10,1.692e+0,3.051e-19,1.516e-29,1.638e+0,,,,4.402e-18,2.917e-36,1.267e-17,,2.493e-26,,,,1.747e-21,2.108e-16,2.759e-3,7.549e-29,,6.308e-18,,1.909e-16,3.499e-5,,2.221e-19,6.873e-18,,,,,,2.097e-18,,,,,,,,,,,,,,
768.88,3.386e+0,1.305e-2,3.446e-26,6.999e-28,2.474e-17,,,1.194e-18,2.208e-19,,8.779e-16,4.361e-4,4.364e-10,1.560e+0,3.053e-19,1.515e-29,1.809e+0,,,,4.402e-18,2.918e-36,1.267e-17,,2.493e-26,,,,1.747e-21,2.108e-16,3.229e-3,7.542e-29,,9.617e-18,,1.909e-16,2.758e-5,,2.221e-19,6.873e-18,,,,,,2.098e-18,,,,,,,,,,,,,,
768.9,3.423e+0,1.274e-2,3.444e-26,7.884e-28,2.474e-17,,,1.194e-18,2.208e-19,,8.781e-16,4.786e-4,4.173e-10,1.476e+0,3.054e-19,1.514e-29,1.931e+0,,,,4.403e-18,2.918e-36,1.267e-17,,2.492e-26,,,,1.747e-21,2.108e-16,3.579e-3,7.538e-29,,1.272e-17,,1.910e-16,2.350e-5,,2.221e-19,6.873e-18,,,,,,2.098e-18,,,,,,,,,,,,,,
768.93,3.495e+0,1.226e-2,3.442e-26,9.405e-28,2.475e-17,,,1.194e-18,2.209e-19,,8.784e-16,5.491e-4,3.893e-10,1.354e+0,3.056e-19,1.513e-29,2.124e+0,,,,4.403e-18,2.918e-36,1.267e-17,,2.492e-26,,,,1.746e-21,2.108e-16,4.168e-3,7.532e-29,,1.930e-17,,1.910e-16,1.843e-5,,2.220e-19,6.873e-18,,,,,,2.098e-18,,,,,,,,,,,,,,
768.95,3.553e+0,1.193e-2,3.440e-26,1.056e-27,2.475e-17,,,1.194e-18,2.209e-19,,8.786e-16,6.009e-4,3.710e-10,1.276e+0,3.057e-19,1.513e-29,2.259e+0,,,,4.404e-18,2.918e-36,1.266e-17,,2.492e-26,,,,1.746e-21,2.109e-16,4.606e-3,7.528e-29,,2.545e-17,,1.910e-16,1.565e-5,,2.220e-19,6.873e-18,,,,,,2.098e-18,,,,,,,,,,,,,,
768.98,3.656e+0,1.142e-2,3.437e-26,1.254e-27,2.476e-17,,,1.194e-18,2.210e-19,,8.788e-16,6.863e-4,3.444e-10,1.165e+0,3.058e-19,1.512e-29,2.473e+0,,,,4.404e-18,2.918e-36,1.266e-17,,2.491e-26,,,,1.746e-21,2.109e-16,5.338e-3,7.522e-29,,3.843e-17,,1.910e-16,1.222e-5,,2.220e-19,6.873e-18,,,,,,2.099e-18,,,,,,,,,,,,,,
769,3.735e+0,1.108e-2,3.435e-26,1.403e-27,2.476e-17,,,1.194e-18,2.210e-19,,8.790e-16,7.488e-4,3.272e-10,1.095e+0,3.060e-19,1.511e-29,2.622e+0,,,,4.405e-18,2.919e-36,1.266e-17,,2.491e-26,,,,1.746e-21,2.109e-16,5.879e-3,7.517e-29,,5.051e-17,,1.911e-16,1.034e-5,,2.220e-19,6.873e-18,,,,,,2.099e-18,,,,,,,,,,,,,,
769.02,3.823e+0,1.074e-2,3.434e-26,1.569e-27,2.476e-17,,,1.194e-18,2.210e-19,,8.792e-16,8.161e-4,3.105e-10,1.027e+0,3.061e-19,1.511e-29,2.777e+0,,,,4.405e-18,2.919e-36,1.266e-17,,2.490e-26,,,,1.745e-21,2.109e-16,6.468e-3,7.513e-29,,6.629e-17,,1.911e-16,8.743e-6,,2.220e-19,6.873e-18,,,,,,2.099e-18,,,,,,,,,,,,,,
769.05,3.970e+0,1.021e-2,3.431e-26,1.849e-27,2.477e-17,,,1.194e-18,2.211e-19,,8.795e-16,9.264e-4,2.863e-10,9.318e-1,3.062e-19,1.510e-29,3.020e+0,,,,4.405e-18,2.919e-36,1.266e-17,,2.490e-26,,,,1.745e-21,2.110e-16,7.445e-3,7.507e-29,,9.944e-17,,1.911e-16,6.778e-6,,2.220e-19,6.873e-18,,,,,,2.100e-18,,,,,,,,,,,,,,
769.07,4.078e+0,9.860e-3,3.429e-26,2.061e-27,2.477e-17,,,1.194e-18,2.211e-19,,8.797e-16,1.007e-3,2.707e-10,8.716e-1,3.064e-19,1.509e-29,3.188e+0,,,,4.406e-18,2.919e-36,1.266e-17,,2.489e-26,,,,1.745e-21,2.110e-16,8.163e-3,7.503e-29,,1.301e-16,,1.911e-16,5.711e-6,,2.220e-19,6.873e-18,,,,,,2.100e-18,,,,,,,,,,,,,,
769.1,4.256e+0,9.334e-3,3.426e-26,2.418e-27,2.478e-17,,,1.194e-18,2.212e-19,,8.800e-16,1.138e-3,2.484e-10,7.865e-1,3.065e-19,1.508e-29,3.449e+0,,,,4.406e-18,2.920e-36,1.265e-17,,2.489e-26,,,,1.744e-21,2.110e-16,9.351e-3,7.496e-29,,1.942e-16,,1.911e-16,4.406e-6,,2.220e-19,6.873e-18,,,,,,2.100e-18,,,,,,,,,,,,,,
769.12,4.384e+0,8.984e-3,3.425e-26,2.686e-27,2.478e-17,,,1.194e-18,2.212e-19,,8.802e-16,1.233e-3,2.342e-10,7.333e-1,3.066e-19,1.508e-29,3.630e+0,,,,4.407e-18,2.920e-36,1.265e-17,,2.489e-26,,,,1.744e-21,2.110e-16,1.022e-2,7.492e-29,,2.533e-16,,1.912e-16,3.701e-6,,2.220e-19,6.873e-18,,,,,,2.100e-18,,,,,,,,,,,,,,
769.15,4.589e+0,8.462e-3,3.422e-26,3.136e-27,2.479e-17,,,1.194e-18,2.212e-19,,8.804e-16,1.387e-3,2.138e-10,6.586e-1,3.068e-19,1.507e-29,3.909e+0,,,,4.407e-18,2.920e-36,1.265e-17,,2.488e-26,,,,1.744e-21,2.111e-16,1.165e-2,7.486e-29,,3.763e-16,,1.912e-16,2.841e-6,,2.220e-19,6.873e-18,,,,,,2.101e-18,,,,,,,,,,,,,,
769.17,4.734e+0,8.119e-3,3.420e-26,3.472e-27,2.479e-17,,,1.193e-18,2.213e-19,,8.806e-16,1.499e-3,2.009e-10,6.120e-1,3.069e-19,1.506e-29,4.100e+0,,,,4.408e-18,2.920e-36,1.265e-17,,2.488e-26,,,,1.744e-21,2.111e-16,1.269e-2,7.482e-29,,4.892e-16,,1.912e-16,2.378e-6,,2.220e-19,6.873e-18,,,,,,2.101e-18,,,,,,,,,,,,,,
769.2,4.965e+0,7.611e-3,3.417e-26,4.035e-27,2.479e-17,,,1.193e-18,2.213e-19,,8.809e-16,1.680e-3,1.826e-10,5.470e-1,3.071e-19,1.506e-29,4.394e+0,,,,4.408e-18,2.920e-36,1.265e-17,,2.487e-26,,,,1.743e-21,2.111e-16,1.440e-2,7.475e-29,,7.234e-16,,1.912e-16,1.817e-6,,2.220e-19,6.873e-18,,,,,,2.101e-18,,,,,,,,,,,,,,
769.22,5.125e+0,7.278e-3,3.416e-26,4.453e-27,2.480e-17,,,1.193e-18,2.213e-19,,8.811e-16,1.810e-3,1.710e-10,5.067e-1,3.072e-19,1.505e-29,4.594e+0,,,,4.409e-18,2.921e-36,1.265e-17,,2.487e-26,,,,1.743e-21,2.111e-16,1.564e-2,7.471e-29,,9.374e-16,,1.912e-16,1.516e-6,,2.220e-19,6.873e-18,,,,,,2.102e-18,,,,,,,,,,,,,,
769.25,5.377e+0,6.790e-3,3.413e-26,5.149e-27,2.480e-17,,,1.193e-18,2.214e-19,,8.814e-16,2.019e-3,1.546e-10,4.506e-1,3.074e-19,1.504e-29,4.899e+0,,,,4.409e-18,2.921e-36,1.264e-17,,2.486e-26,,,,1.743e-21,2.112e-16,1.766e-2,7.465e-29,,1.379e-15,,1.913e-16,1.153e-6,,2.220e-19,6.873e-18,,,,,,2.102e-18,,,,,,,,,,,,,,
769.27,5.550e+0,6.472e-3,3.411e-26,5.664e-27,2.480e-17,,,1.193e-18,2.214e-19,,8.816e-16,2.169e-3,1.444e-10,4.161e-1,3.075e-19,1.504e-29,5.106e+0,,,,4.410e-18,2.921e-36,1.264e-17,,2.486e-26,,,,1.742e-21,2.112e-16,1.911e-2,7.461e-29,,1.782e-15,,1.913e-16,9.587e-7,,2.220e-19,6.873e-18,,,,,,2.102e-18,,,,,,,,,,,,,,
769.3,5.817e+0,6.008e-3,3.409e-26,6.519e-27,2.481e-17,,,1.193e-18,2.215e-19,,8.818e-16,2.410e-3,1.299e-10,3.683e-1,3.077e-19,1.503e-29,5.419e+0,,,,4.410e-18,2.921e-36,1.264e-17,,2.486e-26,,,,1.742e-21,2.112e-16,2.147e-2,7.455e-29,,2.609e-15,,1.913e-16,7.254e-7,,2.220e-19,6.873e-18,,,,,,2.103e-18,,,,,,,,,,,,,,
769.32,6.000e+0,5.708e-3,3.407e-26,7.148e-27,2.481e-17,,,1.193e-18,2.215e-19,,8.820e-16,2.582e-3,1.209e-10,3.389e-1,3.078e-19,1.502e-29,5.630e+0,,,,4.410e-18,2.922e-36,1.264e-17,,2.485e-26,,,,1.742e-21,2.113e-16,2.317e-2,7.450e-29,,3.360e-15,,1.913e-16,6.013e-7,,2.220e-19,6.873e-18,,,,,,2.103e-18,,,,,,,,,,,,,,
769.35,6.279e+0,5.274e-3,3.404e-26,8.187e-27,2.482e-17,,,1.193e-18,2.216e-19,,8.823e-16,2.856e-3,1.083e-10,2.985e-1,3.080e-19,1.501e-29,5.946e+0,,,,4.411e-18,2.922e-36,1.264e-17,,2.485e-26,,,,1.742e-21,2.113e-16,2.591e-2,7.444e-29,,4.897e-15,,1.914e-16,4.527e-7,,2.220e-19,6.873e-18,,,,,,2.103e-18,,,,,,,,,,,,,,
769.37,6.467e+0,4.995e-3,3.402e-26,8.948e-27,2.482e-17,,,1.193e-18,2.216e-19,,8.825e-16,3.051e-3,1.004e-10,2.738e-1,3.081e-19,1.501e-29,6.157e+0,,,,4.411e-18,2.922e-36,1.264e-17,,2.484e-26,,,,1.741e-21,2.113e-16,2.786e-2,7.440e-29,,6.285e-15,,1.914e-16,3.741e-7,,2.220e-19,6.873e-18,,,,,,2.104e-18,,,,,,,,,,,,,,
769.39,6.656e+0,4.724e-3,3.400e-26,9.768e-27,2.482e-17,,,1.193e-18,2.216e-19,,8.827e-16,3.256e-3,9.301e-11,2.509e-1,3.082e-19,1.500e-29,6.367e+0,,,,4.412e-18,2.922e-36,1.263e-17,,2.484e-26,,,,1.741e-21,2.113e-16,2.993e-2,7.436e-29,,8.056e-15,,1.914e-16,3.087e-7,,2.220e-19,6.873e-18,,,,,,2.104e-18,,,,,,,,,,,,,,
769.42,6.940e+0,4.335e-3,3.398e-26,1.111e-26,2.483e-17,,,1.193e-18,2.217e-19,,8.830e-16,3.581e-3,8.273e-11,2.195e-1,3.084e-19,1.499e-29,6.680e+0,,,,4.412e-18,2.922e-36,1.263e-17,,2.483e-26,,,,1.741e-21,2.114e-16,3.324e-2,7.429e-29,,1.166e-14,,1.914e-16,2.308e-7,,2.220e-19,6.873e-18,,,,,,2.104e-18,,,,,,,,,,,,,,
769.44,7.130e+0,4.086e-3,3.396e-26,1.209e-26,2.483e-17,,,1.193e-18,2.217e-19,,8.831e-16,3.811e-3,7.639e-11,2.004e-1,3.085e-19,1.499e-29,6.886e+0,,,,4.413e-18,2.923e-36,1.263e-17,,2.483e-26,,,,1.740e-21,2.114e-16,3.559e-2,7.425e-29,,1.490e-14,,1.914e-16,1.899e-7,,2.220e-19,6.873e-18,,,,,,2.104e-18,,,,,,,,,,,,,,
769.47,7.410e+0,3.732e-3,3.393e-26,1.369e-26,2.484e-17,,,1.193e-18,2.218e-19,,8.834e-16,4.174e-3,6.761e-11,1.745e-1,3.086e-19,1.498e-29,7.189e+0,,,,4.413e-18,2.923e-36,1.263e-17,,2.483e-26,,,,1.740e-21,2.114e-16,3.934e-2,7.419e-29,,2.147e-14,,1.915e-16,1.413e-7,,2.220e-19,6.873e-18,,,,,,2.105e-18,,,,,,,,,,,,,,
769.49,7.595e+0,3.507e-3,3.392e-26,1.485e-26,2.484e-17,,,1.193e-18,2.218e-19,,8.836e-16,4.430e-3,6.223e-11,1.588e-1,3.088e-19,1.497e-29,7.386e+0,,,,4.414e-18,2.923e-36,1.263e-17,,2.482e-26,,,,1.740e-21,2.114e-16,4.198e-2,7.415e-29,,2.734e-14,,1.915e-16,1.158e-7,,2.220e-19,6.873e-18,,,,,,2.105e-18,,,,,,,,,,,,,,
769.52,7.866e+0,3.187e-3,3.389e-26,1.673e-26,2.485e-17,,,1.193e-18,2.218e-19,,8.839e-16,4.833e-3,5.481e-11,1.376e-1,3.089e-19,1.496e-29,7.674e+0,,,,4.414e-18,2.923e-36,1.262e-17,,2.482e-26,,,,1.740e-21,2.115e-16,4.618e-2,7.409e-29,,3.921e-14,,1.915e-16,8.577e-8,,2.220e-19,6.873e-18,,,,,,2.105e-18,,,,,,,,,,,,,,
769.54,8.042e+0,2.985e-3,3.387e-26,1.808e-26,2.485e-17,,,1.193e-18,2.219e-19,,8.841e-16,5.114e-3,5.028e-11,1.248e-1,3.090e-19,1.496e-29,7.860e+0,,,,4.414e-18,2.924e-36,1.262e-17,,2.481e-26,,,,1.739e-21,2.115e-16,4.912e-2,7.404e-29,,4.978e-14,,1.915e-16,7.009e-8,,2.220e-19,6.873e-18,,,,,,2.106e-18,,,,,,,,,,,,,,
769.57,8.296e+0,2.699e-3,3.384e-26,2.028e-26,2.485e-17,,,1.193e-18,2.219e-19,,8.844e-16,5.557e-3,4.407e-11,1.076e-1,3.092e-19,1.495e-29,8.127e+0,,,,4.415e-18,2.924e-36,1.262e-17,,2.481e-26,,,,1.739e-21,2.115e-16,5.377e-2,7.398e-29,,7.104e-14,,1.916e-16,5.165e-8,,2.220e-19,6.873e-18,,,,,,2.106e-18,,,,,,,,,,,,,,
769.59,8.459e+0,2.520e-3,3.383e-26,2.185e-26,2.486e-17,,,1.193e-18,2.220e-19,,8.845e-16,5.865e-3,4.030e-11,9.732e-2,3.093e-19,1.494e-29,8.296e+0,,,,4.415e-18,2.924e-36,1.262e-17,,2.481e-26,,,,1.739e-21,2.115e-16,5.702e-2,7.394e-29,,8.990e-14,,1.916e-16,4.207e-8,,2.220e-19,6.873e-18,,,,,,2.106e-18,,,,,,,,,,,,,,
769.62,8.691e+0,2.268e-3,3.380e-26,2.438e-26,2.486e-17,,,1.192e-18,2.220e-19,,8.848e-16,6.346e-3,3.516e-11,8.349e-2,3.095e-19,1.493e-29,8.537e+0,,,,4.416e-18,2.924e-36,1.262e-17,,2.480e-26,,,,1.738e-21,2.116e-16,6.211e-2,7.388e-29,,1.277e-13,,1.916e-16,3.085e-8,,2.220e-19,6.873e-18,,,,,,2.107e-18,,,,,,,,,,,,,,
769.64,8.836e+0,2.111e-3,3.378e-26,2.619e-26,2.487e-17,,,1.192e-18,2.220e-19,,8.850e-16,6.680e-3,3.204e-11,7.526e-2,3.096e-19,1.493e-29,8.687e+0,,,,4.416e-18,2.924e-36,1.262e-17,,2.480e-26,,,,1.738e-21,2.116e-16,6.565e-2,7.383e-29,,1.611e-13,,1.916e-16,2.504e-8,,2.220e-19,6.873e-18,,,,,,2.107e-18,,,,,,,,,,,,,,
769.67,9.040e+0,1.890e-3,3.375e-26,2.908e-26,2.487e-17,,,1.192e-18,2.221e-19,,8.853e-16,7.200e-3,2.781e-11,6.426e-2,3.098e-19,1.492e-29,8.895e+0,,,,4.417e-18,2.925e-36,1.261e-17,,2.479e-26,,,,1.738e-21,2.116e-16,7.117e-2,7.377e-29,,2.276e-13,,1.917e-16,1.828e-8,,2.220e-19,6.873e-18,,,,,,2.107e-18,,,,,,,,,,,,,,
769.69,9.165e+0,1.753e-3,3.374e-26,3.114e-26,2.487e-17,,,1.192e-18,2.221e-19,,8.855e-16,7.559e-3,2.527e-11,5.773e-2,3.099e-19,1.491e-29,9.022e+0,,,,4.417e-18,2.925e-36,1.261e-17,,2.479e-26,,,,1.738e-21,2.116e-16,7.498e-2,7.373e-29,,2.862e-13,,1.917e-16,1.479e-8,,2.220e-19,6.873e-18,,,,,,2.107e-18,,,,,,,,,,,,,,
769.72,9.334e+0,1.563e-3,3.371e-26,3.441e-26,2.488e-17,,,1.192e-18,2.222e-19,,8.858e-16,8.115e-3,2.183e-11,4.905e-2,3.101e-19,1.490e-29,9.194e+0,,,,4.418e-18,2.925e-36,1.261e-17,,2.478e-26,,,,1.737e-21,2.117e-16,8.089e-2,7.367e-29,,4.026e-13,,1.917e-16,1.074e-8,,2.219e-19,6.873e-18,,,,,,2.108e-18,,,,,,,,,,,,,,
769.74,9.435e+0,1.445e-3,3.369e-26,3.672e-26,2.488e-17,,,1.192e-18,2.222e-19,,8.859e-16,8.497e-3,1.977e-11,4.393e-2,3.102e-19,1.490e-29,9.296e+0,,,,4.418e-18,2.925e-36,1.261e-17,,2.478e-26,,,,1.737e-21,2.117e-16,8.495e-2,7.362e-29,,5.047e-13,,1.917e-16,8.663e-9,,2.219e-19,6.873e-18,,,,,,2.108e-18,,,,,,,,,,,,,,
769.76,9.525e+0,1.334e-3,3.367e-26,3.914e-26,2.488e-17,,,1.192e-18,2.222e-19,,8.861e-16,8.888e-3,1.788e-11,3.929e-2,3.103e-19,1.489e-29,9.386e+0,,,,4.419e-18,2.925e-36,1.261e-17,,2.478e-26,,,,1.737e-21,2.117e-16,8.910e-2,7.358e-29,,6.317e-13,,1.917e-16,6.978e-9,,2.219e-19,6.873e-18,,,,,,2.108e-18,,,,,,,,,,,,,,
769.79,9.640e+0,1.181e-3,3.365e-26,4.297e-26,2.489e-17,,,1.192e-18,2.223e-19,,8.864e-16,9.489e-3,1.534e-11,3.316e-2,3.105e-19,1.488e-29,9.501e+0,,,,4.419e-18,2.926e-36,1.261e-17,,2.477e-26,,,,1.736e-21,2.118e-16,9.548e-2,7.352e-29,,8.827e-13,,1.918e-16,5.033e-9,,2.219e-19,6.873e-18,,,,,,2.109e-18,,,,,,,,,,,,,,
769.81,9.703e+0,1.087e-3,3.363e-26,4.565e-26,2.489e-17,,,1.192e-18,2.223e-19,,8.866e-16,9.900e-3,1.383e-11,2.956e-2,3.106e-19,1.488e-29,9.562e+0,,,,4.419e-18,2.926e-36,1.260e-17,,2.477e-26,,,,1.736e-21,2.118e-16,9.982e-2,7.348e-29,,1.101e-12,,1.918e-16,4.041e-9,,2.219e-19,6.873e-18,,,,,,2.109e-18,,,,,,,,,,,,,,
769.84,9.775e+0,9.576e-4,3.360e-26,4.987e-26,2.490e-17,,,1.192e-18,2.224e-19,,8.869e-16,1.053e-2,1.181e-11,2.482e-2,3.107e-19,1.487e-29,9.632e+0,,,,4.420e-18,2.926e-36,1.260e-17,,2.476e-26,,,,1.736e-21,2.118e-16,1.065e-1,7.342e-29,,1.532e-12,,1.918e-16,2.900e-9,,2.219e-19,6.872e-18,,,,,,2.109e-18,,,,,,,,,,,,,,
769.86,9.808e+0,8.785e-4,3.358e-26,5.281e-26,2.490e-17,,,1.192e-18,2.224e-19,,8.871e-16,1.096e-2,1.061e-11,2.206e-2,3.109e-19,1.486e-29,9.663e+0,,,,4.420e-18,2.926e-36,1.260e-17,,2.476e-26,,,,1.736e-21,2.118e-16,1.109e-1,7.337e-29,,1.905e-12,,1.918e-16,2.321e-9,,2.219e-19,6.872e-18,,,,,,2.109e-18,,,,,,,,,,,,,,
769.89,9.835e+0,7.702e-4,3.356e-26,5.741e-26,2.491e-17,,,1.192e-18,2.224e-19,,8.873e-16,1.161e-2,9.014e-12,1.844e-2,3.110e-19,1.486e-29,9.686e+0,,,,4.421e-18,2.927e-36,1.260e-17,,2.475e-26,,,,1.735e-21,2.119e-16,1.177e-1,7.331e-29,,2.636e-12,,1.919e-16,1.658e-9,,2.219e-19,6.872e-18,,,,,,2.110e-18,,,,,,,,,,,,,,
769.91,9.838e+0,7.043e-4,3.354e-26,6.060e-26,2.491e-17,,,1.192e-18,2.225e-19,,8.875e-16,1.205e-2,8.073e-12,1.633e-2,3.111e-19,1.485e-29,9.686e+0,,,,4.421e-18,2.927e-36,1.260e-17,,2.475e-26,,,,1.735e-21,2.119e-16,1.223e-1,7.327e-29,,3.269e-12,,1.919e-16,1.322e-9,,2.219e-19,6.872e-18,,,,,,2.110e-18,,,,,,,,,,,,,,
769.94,9.819e+0,6.144e-4,3.351e-26,6.557e-26,2.491e-17,,,1.192e-18,2.225e-19,,8.878e-16,1.272e-2,6.827e-12,1.358e-2,3.113e-19,1.484e-29,9.663e+0,,,,4.422e-18,2.927e-36,1.260e-17,,2.475e-26,,,,1.735e-21,2.119e-16,1.292e-1,7.321e-29,,4.502e-12,,1.919e-16,9.399e-10,,2.219e-19,6.872e-18,,,,,,2.110e-18,,,,,,,,,,,,,,
769.96,9.791e+0,5.601e-4,3.350e-26,6.899e-26,2.492e-17,,,1.192e-18,2.226e-19,,8.880e-16,1.317e-2,6.094e-12,1.199e-2,3.114e-19,1.483e-29,9.632e+0,,,,4.422e-18,2.927e-36,1.259e-17,,2.474e-26,,,,1.734e-21,2.119e-16,1.337e-1,7.316e-29,,5.564e-12,,1.919e-16,7.474e-10,,2.219e-19,6.872e-18,,,,,,2.111e-18,,,,,,,,,,,,,,
769.99,9.727e+0,4.862e-4,3.347e-26,7.428e-26,2.492e-17,,,1.192e-18,2.226e-19,,8.883e-16,1.385e-2,5.128e-12,9.923e-3,3.116e-19,1.483e-29,9.562e+0,,,,4.423e-18,2.928e-36,1.259e-17,,2.474e-26,,,,1.734e-21,2.120e-16,1.406e-1,7.310e-29,,7.626e-12,,1.919e-16,5.286e-10,,2.219e-19,6.872e-18,,,,,,2.111e-18,,,,,,,,,,,,,,
770.01,9.669e+0,4.418e-4,3.345e-26,7.790e-26,2.493e-17,,,1.192e-18,2.226e-19,,8.885e-16,1.430e-2,4.563e-12,8.733e-3,3.117e-19,1.482e-29,9.501e+0,,,,4.423e-18,2.928e-36,1.259e-17,,2.473e-26,,,,1.734e-21,2.120e-16,1.451e-1,7.306e-29,,9.395e-12,,1.920e-16,4.189e-10,,2.219e-19,6.872e-18,,,,,,2.111e-18,,,,,,,,,,,,,,
770.04,9.561e+0,3.817e-4,3.342e-26,8.348e-26,2.493e-17,,,1.191e-18,2.227e-19,,8.887e-16,1.498e-2,3.821e-12,7.192e-3,3.119e-19,1.481e-29,9.386e+0,,,,4.424e-18,2.928e-36,1.259e-17,,2.473e-26,,,,1.734e-21,2.120e-16,1.517e-1,7.300e-29,,1.282e-11,,1.920e-16,2.949e-10,,2.219e-19,6.872e-18,,,,,,2.112e-18,,,,,,,,,,,,,,
770.06,9.474e+0,3.457e-4,3.341e-26,8.727e-26,2.493e-17,,,1.191e-18,2.227e-19,,8.889e-16,1.543e-2,3.389e-12,6.309e-3,3.120e-19,1.481e-29,9.296e+0,,,,4.424e-18,2.928e-36,1.259e-17,,2.472e-26,,,,1.733e-21,2.120e-16,1.561e-1,7.296e-29,,1.574e-11,,1.920e-16,2.329e-10,,2.219e-19,6.872e-18,,,,,,2.112e-18,,,,,,,,,,,,,,
770.09,9.324e+0,2.972e-4,3.338e-26,9.306e-26,2.494e-17,,,1.191e-18,2.228e-19,,8.892e-16,1.611e-2,2.824e-12,5.171e-3,3.122e-19,1.480e-29,9.140e+0,,,,4.425e-18,2.928e-36,1.258e-17,,2.472e-26,,,,1.733e-21,2.121e-16,1.625e-1,7.289e-29,,2.136e-11,,1.920e-16,1.631e-10,,2.219e-19,6.872e-18,,,,,,2.112e-18,,,,,,,,,,,,,,
770.11,9.210e+0,2.683e-4,3.336e-26,9.698e-26,2.494e-17,,,1.191e-18,2.228e-19,,8.894e-16,1.655e-2,2.497e-12,4.521e-3,3.123e-19,1.479e-29,9.022e+0,,,,4.425e-18,2.929e-36,1.258e-17,,2.472e-26,,,,1.733e-21,2.121e-16,1.666e-1,7.285e-29,,2.615e-11,,1.920e-16,1.285e-10,,2.219e-19,6.872e-18,,,,,,2.113e-18,,,,,,,,,,,,,,
770.13,9.087e+0,2.419e-4,3.334e-26,1.009e-25,2.495e-17,,,1.191e-18,2.228e-19,,8.896e-16,1.700e-2,2.205e-12,3.948e-3,3.124e-19,1.479e-29,8.895e+0,,,,4.425e-18,2.929e-36,1.258e-17,,2.471e-26,,,,1.732e-21,2.121e-16,1.706e-1,7.281e-29,,3.197e-11,,1.921e-16,1.010e-10,,2.219e-19,6.872e-18,,,,,,2.113e-18,,,,,,,,,,,,,,
770.16,8.884e+0,2.065e-4,3.332e-26,1.069e-25,2.495e-17,,,1.191e-18,2.229e-19,,8.899e-16,1.765e-2,1.825e-12,3.214e-3,3.126e-19,1.478e-29,8.687e+0,,,,4.426e-18,2.929e-36,1.258e-17,,2.471e-26,,,,1.732e-21,2.121e-16,1.764e-1,7.275e-29,,4.311e-11,,1.921e-16,7.027e-11,,2.219e-19,6.872e-18,,,,,,2.113e-18,,,,,,,,,,,,,,
770.18,8.738e+0,1.856e-4,3.330e-26,1.109e-25,2.495e-17,,,1.191e-18,2.229e-19,,8.901e-16,1.808e-2,1.606e-12,2.797e-3,3.127e-19,1.477e-29,8.537e+0,,,,4.426e-18,2.929e-36,1.258e-17,,2.470e-26,,,,1.732e-21,2.122e-16,1.801e-1,7.270e-29,,5.254e-11,,1.921e-16,5.508e-11,,2.219e-19,6.872e-18,,,,,,2.113e-18,,,,,,,,,,,,,,
770.21,8.503e+0,1.577e-4,3.327e-26,1.169e-25,2.496e-17,,,1.191e-18,2.230e-19,,8.903e-16,1.870e-2,1.323e-12,2.266e-3,3.129e-19,1.476e-29,8.296e+0,,,,4.427e-18,2.930e-36,1.258e-17,,2.470e-26,,,,1.732e-21,2.122e-16,1.853e-1,7.264e-29,,7.051e-11,,1.921e-16,3.812e-11,,2.219e-19,6.872e-18,,,,,,2.114e-18,,,,,,,,,,,,,,
770.23,8.336e+0,1.413e-4,3.325e-26,1.209e-25,2.496e-17,,,1.191e-18,2.230e-19,,8.905e-16,1.911e-2,1.160e-12,1.966e-3,3.130e-19,1.476e-29,8.127e+0,,,,4.427e-18,2.930e-36,1.257e-17,,2.470e-26,,,,1.731e-21,2.122e-16,1.886e-1,7.260e-29,,8.565e-11,,1.922e-16,2.979e-11,,2.219e-19,6.872e-18,,,,,,2.114e-18,,,,,,,,,,,,,,
770.26,8.074e+0,1.195e-4,3.323e-26,1.268e-25,2.497e-17,,,1.191e-18,2.230e-19,,8.908e-16,1.970e-2,9.511e-13,1.585e-3,3.131e-19,1.475e-29,7.860e+0,,,,4.428e-18,2.930e-36,1.257e-17,,2.469e-26,,,,1.731e-21,2.123e-16,1.931e-1,7.254e-29,,1.144e-10,,1.922e-16,2.052e-11,,2.219e-19,6.872e-18,,,,,,2.114e-18,,,,,,,,,,,,,,
770.28,7.892e+0,1.067e-4,3.321e-26,1.307e-25,2.497e-17,,,1.191e-18,2.231e-19,,8.910e-16,2.008e-2,8.317e-13,1.370e-3,3.133e-19,1.474e-29,7.674e+0,,,,4.428e-18,2.930e-36,1.257e-17,,2.469e-26,,,,1.731e-21,2.123e-16,1.958e-1,7.249e-29,,1.385e-10,,1.922e-16,1.598e-11,,2.219e-19,6.872e-18,,,,,,2.115e-18,,,,,,,,,,,,,,
770.31,7.608e+0,8.977e-5,3.318e-26,1.364e-25,2.497e-17,,,1.191e-18,2.231e-19,,8.913e-16,2.063e-2,6.784e-13,1.099e-3,3.134e-19,1.473e-29,7.386e+0,,,,4.429e-18,2.930e-36,1.257e-17,,2.468e-26,,,,1.730e-21,2.123e-16,1.996e-1,7.243e-29,,1.841e-10,,1.922e-16,1.095e-11,,2.219e-19,6.872e-18,,,,,,2.115e-18,,,,,,,,,,,,,,
770.33,7.413e+0,7.989e-5,3.316e-26,1.402e-25,2.498e-17,,,1.191e-18,2.232e-19,,8.915e-16,2.098e-2,5.913e-13,9.477e-4,3.135e-19,1.473e-29,7.189e+0,,,,4.429e-18,2.931e-36,1.257e-17,,2.468e-26,,,,1.730e-21,2.123e-16,2.018e-1,7.239e-29,,2.222e-10,,1.922e-16,8.502e-12,,2.219e-19,6.872e-18,,,,,,2.115e-18,,,,,,,,,,,,,,
770.36,7.113e+0,6.691e-5,3.314e-26,1.456e-25,2.498e-17,,,1.191e-18,2.232e-19,,8.917e-16,2.147e-2,4.799e-13,7.566e-4,3.137e-19,1.472e-29,6.886e+0,,,,4.430e-18,2.931e-36,1.257e-17,,2.467e-26,,,,1.730e-21,2.124e-16,2.046e-1,7.233e-29,,2.939e-10,,1.923e-16,5.799e-12,,2.219e-19,6.872e-18,,,,,,2.116e-18,,,,,,,,,,,,,,
770.38,6.909e+0,5.935e-5,3.312e-26,1.491e-25,2.499e-17,,,1.191e-18,2.232e-19,,8.919e-16,2.178e-2,4.170e-13,6.500e-4,3.138e-19,1.471e-29,6.680e+0,,,,4.430e-18,2.931e-36,1.256e-17,,2.467e-26,,,,1.730e-21,2.124e-16,2.062e-1,7.229e-29,,3.537e-10,,1.923e-16,4.487e-12,,2.219e-19,6.872e-18,,,,,,2.116e-18,,,,,,,,,,,,,,
770.41,6.598e+0,4.947e-5,3.309e-26,1.542e-25,2.499e-17,,,1.191e-18,2.233e-19,,8.922e-16,2.222e-2,3.368e-13,5.164e-4,3.140e-19,1.470e-29,6.367e+0,,,,4.430e-18,2.931e-36,1.256e-17,,2.466e-26,,,,1.729e-21,2.124e-16,2.081e-1,7.222e-29,,4.656e-10,,1.923e-16,3.046e-12,,2.219e-19,6.872e-18,,,,,,2.116e-18,,,,,,,,,,,,,,
770.43,6.389e+0,4.374e-5,3.307e-26,1.574e-25,2.499e-17,,,1.191e-18,2.233e-19,,8.924e-16,2.249e-2,2.917e-13,4.423e-4,3.141e-19,1.470e-29,6.157e+0,,,,4.431e-18,2.931e-36,1.256e-17,,2.466e-26,,,,1.729e-21,2.124e-16,2.091e-1,7.218e-29,,5.584e-10,,1.923e-16,2.349e-12,,2.219e-19,6.872e-18,,,,,,2.116e-18,,,,,,,,,,,,,,
770.46,6.074e+0,3.628e-5,3.305e-26,1.620e-25,2.500e-17,,,1.191e-18,2.234e-19,,8.927e-16,2.286e-2,2.345e-13,3.496e-4,3.143e-19,1.469e-29,5.841e+0,,,,4.431e-18,2.932e-36,1.256e-17,,2.466e-26,,,,1.729e-21,2.125e-16,2.100e-1,7.212e-29,,7.316e-10,,1.924e-16,1.587e-12,,2.219e-19,6.872e-18,,,,,,2.117e-18,,,,,,,,,,,,,,
770.48,5.863e+0,3.197e-5,3.303e-26,1.648e-25,2.500e-17,,,1.190e-18,2.234e-19,,8.929e-16,2.308e-2,2.024e-13,2.985e-4,3.144e-19,1.468e-29,5.630e+0,,,,4.432e-18,2.932e-36,1.256e-17,,2.465e-26,,,,1.728e-21,2.125e-16,2.102e-1,7.208e-29,,8.746e-10,,1.924e-16,1.220e-12,,2.219e-19,6.872e-18,,,,,,2.117e-18,,,,,,,,,,,,,,
770.51,5.548e+0,2.639e-5,3.300e-26,1.687e-25,2.501e-17,,,1.190e-18,2.234e-19,,8.931e-16,2.338e-2,1.619e-13,2.348e-4,3.146e-19,1.467e-29,5.314e+0,,,,4.432e-18,2.932e-36,1.256e-17,,2.465e-26,,,,1.728e-21,2.125e-16,2.101e-1,7.201e-29,,1.140e-9,,1.924e-16,8.199e-13,,2.218e-19,6.872e-18,,,,,,2.117e-18,,,,,,,,,,,,,,
770.53,5.340e+0,2.318e-5,3.299e-26,1.711e-25,2.501e-17,,,1.190e-18,2.235e-19,,8.933e-16,2.355e-2,1.393e-13,1.998e-4,3.147e-19,1.467e-29,5.106e+0,,,,4.433e-18,2.932e-36,1.255e-17,,2.464e-26,,,,1.728e-21,2.125e-16,2.097e-1,7.197e-29,,1.359e-9,,1.924e-16,6.281e-13,,2.218e-19,6.872e-18,,,,,,2.118e-18,,,,,,,,,,,,,,
770.55,5.132e+0,2.034e-5,3.297e-26,1.734e-25,2.501e-17,,,1.190e-18,2.235e-19,,8.935e-16,2.370e-2,1.197e-13,1.698e-4,3.148e-19,1.466e-29,4.899e+0,,,,4.433e-18,2.933e-36,1.255e-17,,2.464e-26,,,,1.728e-21,2.126e-16,2.091e-1,7.193e-29,,1.617e-9,,1.924e-16,4.806e-13,,2.218e-19,6.872e-18,,,,,,2.118e-18,,,,,,,,,,,,,,
770.58,4.825e+0,1.667e-5,3.294e-26,1.763e-25,2.502e-17,,,1.190e-18,2.236e-19,,8.938e-16,2.389e-2,9.509e-14,1.327e-4,3.150e-19,1.465e-29,4.594e+0,,,,4.434e-18,2.933e-36,1.255e-17,,2.464e-26,,,,1.727e-21,2.126e-16,2.075e-1,7.187e-29,,2.095e-9,,1.925e-16,3.209e-13,,2.218e-19,6.872e-18,,,,,,2.118e-18,,,,,,,,,,,,,,
770.6,4.624e+0,1.458e-5,3.292e-26,1.780e-25,2.502e-17,,,1.190e-18,2.236e-19,,8.940e-16,2.399e-2,8.144e-14,1.124e-4,3.151e-19,1.465e-29,4.394e+0,,,,4.434e-18,2.933e-36,1.255e-17,,2.463e-26,,,,1.727e-21,2.126e-16,2.062e-1,7.183e-29,,2.485e-9,,1.925e-16,2.447e-13,,2.218e-19,6.872e-18,,,,,,2.118e-18,,,,,,,,,,,,,,
770.63,4.328e+0,1.190e-5,3.290e-26,1.802e-25,2.503e-17,,,1.190e-18,2.236e-19,,8.943e-16,2.409e-2,6.439e-14,8.739e-5,3.152e-19,1.464e-29,4.100e+0,,,,4.435e-18,2.933e-36,1.255e-17,,2.463e-26,,,,1.727e-21,2.127e-16,2.037e-1,7.176e-29,,3.203e-9,,1.925e-16,1.626e-13,,2.218e-19,6.872e-18,,,,,,2.119e-18,,,,,,,,,,,,,,
770.65,4.135e+0,1.037e-5,3.288e-26,1.814e-25,2.503e-17,,,1.190e-18,2.237e-19,,8.944e-16,2.413e-2,5.497e-14,7.379e-5,3.154e-19,1.463e-29,3.909e+0,,,,4.435e-18,2.933e-36,1.255e-17,,2.462e-26,,,,1.726e-21,2.127e-16,2.018e-1,7.172e-29,,3.788e-9,,1.925e-16,1.236e-13,,2.218e-19,6.872e-18,,,,,,2.119e-18,,,,,,,,,,,,,,
770.68,3.852e+0,8.418e-6,3.285e-26,1.827e-25,2.504e-17,,,1.190e-18,2.237e-19,,8.947e-16,2.415e-2,4.325e-14,5.710e-5,3.155e-19,1.463e-29,3.630e+0,,,,4.435e-18,2.934e-36,1.254e-17,,2.462e-26,,,,1.726e-21,2.127e-16,1.984e-1,7.166e-29,,4.859e-9,,1.926e-16,8.172e-14,,2.218e-19,6.872e-18,,,,,,2.119e-18,,,,,,,,,,,,,,
770.7,3.669e+0,7.314e-6,3.283e-26,1.833e-25,2.504e-17,,,1.190e-18,2.238e-19,,8.949e-16,2.414e-2,3.681e-14,4.806e-5,3.156e-19,1.462e-29,3.449e+0,,,,4.436e-18,2.934e-36,1.254e-17,,2.462e-26,,,,1.726e-21,2.127e-16,1.958e-1,7.162e-29,,5.727e-9,,1.926e-16,6.192e-14,,2.218e-19,6.872e-18,,,,,,2.120e-18,,,,,,,,,,,,,,
770.73,3.403e+0,5.910e-6,3.281e-26,1.837e-25,2.504e-17,,,1.190e-18,2.238e-19,,8.952e-16,2.407e-2,2.882e-14,3.702e-5,3.158e-19,1.461e-29,3.187e+0,,,,4.436e-18,2.934e-36,1.254e-17,,2.461e-26,,,,1.726e-21,2.128e-16,1.916e-1,7.155e-29,,7.312e-9,,1.926e-16,4.074e-14,,2.218e-19,6.872e-18,,,,,,2.120e-18,,,,,,,,,,,,,,
770.75,3.232e+0,5.118e-6,3.279e-26,1.837e-25,2.505e-17,,,1.190e-18,2.238e-19,,8.954e-16,2.400e-2,2.444e-14,3.106e-5,3.159e-19,1.461e-29,3.019e+0,,,,4.437e-18,2.934e-36,1.254e-17,,2.461e-26,,,,1.725e-21,2.128e-16,1.886e-1,7.151e-29,,8.591e-9,,1.926e-16,3.077e-14,,2.218e-19,6.872e-18,,,,,,2.120e-18,,,,,,,,,,,,,,
770.78,2.984e+0,4.115e-6,3.276e-26,1.833e-25,2.505e-17,,,1.190e-18,2.239e-19,,8.957e-16,2.385e-2,1.905e-14,2.382e-5,3.161e-19,1.460e-29,2.777e+0,,,,4.437e-18,2.935e-36,1.254e-17,,2.460e-26,,,,1.725e-21,2.128e-16,1.836e-1,7.145e-29,,1.092e-8,,1.926e-16,2.015e-14,,2.218e-19,6.872e-18,,,,,,2.121e-18,,,,,,,,,,,,,,
770.8,2.826e+0,3.552e-6,3.274e-26,1.827e-25,2.505e-17,,,1.190e-18,2.239e-19,,8.958e-16,2.373e-2,1.610e-14,1.993e-5,3.162e-19,1.459e-29,2.622e+0,,,,4.438e-18,2.935e-36,1.253e-17,,2.460e-26,,,,1.725e-21,2.128e-16,1.801e-1,7.141e-29,,1.279e-8,,1.927e-16,1.517e-14,,2.218e-19,6.872e-18,,,,,,2.121e-18,,,,,,,,,,,,,,
770.83,2.597e+0,2.842e-6,3.272e-26,1.814e-25,2.506e-17,,,1.190e-18,2.240e-19,,8.961e-16,2.349e-2,1.249e-14,1.522e-5,3.164e-19,1.458e-29,2.399e+0,,,,4.438e-18,2.935e-36,1.253e-17,,2.459e-26,,,,1.724e-21,2.129e-16,1.745e-1,7.134e-29,,1.617e-8,,1.927e-16,9.881e-15,,2.218e-19,6.872e-18,,,,,,2.121e-18,,,,,,,,,,,,,,
770.85,2.452e+0,2.446e-6,3.270e-26,1.802e-25,2.506e-17,,,1.190e-18,2.240e-19,,8.963e-16,2.331e-2,1.052e-14,1.271e-5,3.165e-19,1.458e-29,2.258e+0,,,,4.439e-18,2.935e-36,1.253e-17,,2.459e-26,,,,1.724e-21,2.129e-16,1.706e-1,7.130e-29,,1.887e-8,,1.927e-16,7.414e-15,,2.218e-19,6.872e-18,,,,,,2.122e-18,,,,,,,,,,,,,,
770.88,2.244e+0,1.947e-6,3.267e-26,1.780e-25,2.507e-17,,,1.190e-18,2.240e-19,,8.966e-16,2.300e-2,8.121e-15,9.687e-6,3.167e-19,1.457e-29,2.057e+0,,,,4.439e-18,2.936e-36,1.253e-17,,2.458e-26,,,,1.724e-21,2.129e-16,1.646e-1,7.124e-29,,2.375e-8,,1.927e-16,4.807e-15,,2.218e-19,6.872e-18,,,,,,2.122e-18,,,,,,,,,,,,,,
770.9,2.113e+0,1.670e-6,3.265e-26,1.763e-25,2.507e-17,,,1.189e-18,2.241e-19,,8.968e-16,2.277e-2,6.821e-15,8.085e-6,3.168e-19,1.456e-29,1.929e+0,,,,4.439e-18,2.936e-36,1.253e-17,,2.458e-26,,,,1.724e-21,2.129e-16,1.604e-1,7.120e-29,,2.764e-8,,1.928e-16,3.595e-15,,2.218e-19,6.872e-18,,,,,,2.122e-18,,,,,,,,,,,,,,
770.92,1.986e+0,1.431e-6,3.264e-26,1.744e-25,2.507e-17,,,1.189e-18,2.241e-19,,8.970e-16,2.252e-2,5.722e-15,6.756e-6,3.169e-19,1.456e-29,1.808e+0,,,,4.440e-18,2.936e-36,1.253e-17,,2.458e-26,,,,1.723e-21,2.130e-16,1.561e-1,7.116e-29,,3.213e-8,,1.928e-16,2.685e-15,,2.218e-19,6.872e-18,,,,,,2.122e-18,,,,,,,,,,,,,,
770.95,1.807e+0,1.131e-6,3.261e-26,1.711e-25,2.508e-17,,,1.189e-18,2.242e-19,,8.972e-16,2.211e-2,4.386e-15,5.182e-6,3.171e-19,1.455e-29,1.635e+0,,,,4.440e-18,2.936e-36,1.252e-17,,2.457e-26,,,,1.723e-21,2.130e-16,1.495e-1,7.109e-29,,4.016e-8,,1.928e-16,1.729e-15,,2.218e-19,6.872e-18,,,,,,2.123e-18,,,,,,,,,,,,,,
770.97,1.694e+0,9.660e-7,3.259e-26,1.687e-25,2.508e-17,,,1.189e-18,2.242e-19,,8.974e-16,2.182e-2,3.667e-15,4.367e-6,3.172e-19,1.454e-29,1.527e+0,,,,4.441e-18,2.936e-36,1.252e-17,,2.457e-26,,,,1.723e-21,2.130e-16,1.451e-1,7.105e-29,,4.653e-8,,1.928e-16,1.287e-15,,2.218e-19,6.872e-18,,,,,,2.123e-18,,,,,,,,,,,,,,
771,1.534e+0,7.602e-7,3.257e-26,1.648e-25,2.509e-17,,,1.189e-18,2.242e-19,,8.977e-16,2.134e-2,2.797e-15,3.428e-6,3.174e-19,1.453e-29,1.375e+0,,,,4.441e-18,2.937e-36,1.252e-17,,2.456e-26,,,,1.722e-21,2.130e-16,1.383e-1,7.099e-29,,5.788e-8,,1.928e-16,8.250e-16,,2.218e-19,6.872e-18,,,,,,2.123e-18,,,,,,,,,,,,,,
771.02,1.435e+0,6.470e-7,3.255e-26,1.620e-25,2.509e-17,,,1.189e-18,2.243e-19,,8.979e-16,2.100e-2,2.331e-15,2.963e-6,3.175e-19,1.453e-29,1.280e+0,,,,4.442e-18,2.937e-36,1.252e-17,,2.456e-26,,,,1.722e-21,2.131e-16,1.337e-1,7.095e-29,,6.684e-8,,1.929e-16,6.122e-16,,2.218e-19,6.872e-18,,,,,,2.124e-18,,,,,,,,,,,,,,
771.05,1.294e+0,5.067e-7,3.252e-26,1.574e-25,2.510e-17,,,1.189e-18,2.243e-19,,8.982e-16,2.047e-2,1.769e-15,2.468e-6,3.176e-19,1.452e-29,1.147e+0,,,,4.442e-18,2.937e-36,1.252e-17,,2.455e-26,,,,1.722e-21,2.131e-16,1.269e-1,7.088e-29,,8.275e-8,,1.929e-16,3.904e-16,,2.218e-19,6.872e-18,,,,,,2.124e-18,,,,,,,,,,,,,,
771.07,1.206e+0,4.298e-7,3.250e-26,1.542e-25,2.510e-17,,,1.189e-18,2.244e-19,,8.984e-16,2.010e-2,1.470e-15,2.257e-6,3.178e-19,1.451e-29,1.064e+0,,,,4.443e-18,2.937e-36,1.252e-17,,2.455e-26,,,,1.722e-21,2.131e-16,1.223e-1,7.084e-29,,9.526e-8,,1.929e-16,2.888e-16,,2.218e-19,6.872e-18,,,,,,2.124e-18,,,,,,,,,,,,,,
771.1,1.084e+0,3.350e-7,3.248e-26,1.491e-25,2.510e-17,,,1.189e-18,2.244e-19,,8.987e-16,1.951e-2,1.110e-15,2.103e-6,3.179e-19,1.450e-29,9.486e-1,,,,4.443e-18,2.938e-36,1.251e-17,,2.455e-26,,,,1.721e-21,2.132e-16,1.155e-1,7.078e-29,,1.174e-7,,1.929e-16,1.833e-16,,2.218e-19,6.872e-18,,,,,,2.125e-18,,,,,,,,,,,,,,
771.12,1.007e+0,2.833e-7,3.246e-26,1.456e-25,2.511e-17,,,1.189e-18,2.244e-19,,8.988e-16,1.911e-2,9.195e-16,2.103e-6,3.180e-19,1.450e-29,8.773e-1,,,,4.444e-18,2.938e-36,1.251e-17,,2.454e-26,,,,1.721e-21,2.132e-16,1.109e-1,7.074e-29,,1.347e-7,,1.930e-16,1.351e-16,,2.218e-19,6.872e-18,,,,,,2.125e-18,,,,,,,,,,,,,,
771.15,9.012e-1,2.197e-7,3.243e-26,1.402e-25,2.511e-17,,,1.189e-18,2.245e-19,,8.991e-16,1.849e-2,6.912e-16,2.258e-6,3.182e-19,1.449e-29,7.784e-1,,,,4.444e-18,2.938e-36,1.251e-17,,2.454e-26,,,,1.721e-21,2.132e-16,1.042e-1,7.067e-29,,1.652e-7,,1.930e-16,8.532e-17,,2.218e-19,6.872e-18,,,,,,2.125e-18,,,,,,,,,,,,,,
771.17,8.355e-1,1.852e-7,3.241e-26,1.364e-25,2.512e-17,,,1.189e-18,2.245e-19,,8.993e-16,1.806e-2,5.705e-16,2.471e-6,3.183e-19,1.448e-29,7.176e-1,,,,4.444e-18,2.938e-36,1.251e-17,,2.453e-26,,,,1.720e-21,2.132e-16,9.982e-2,7.063e-29,,1.889e-7,,1.930e-16,6.270e-17,,2.218e-19,6.872e-18,,,,,,2.125e-18,,,,,,,,,,,,,,
771.2,7.444e-1,1.429e-7,3.239e-26,1.307e-25,2.512e-17,,,1.189e-18,2.246e-19,,8.996e-16,1.740e-2,4.267e-16,2.971e-6,3.185e-19,1.447e-29,6.337e-1,,,,4.445e-18,2.938e-36,1.251e-17,,2.453e-26,,,,1.720e-21,2.133e-16,9.334e-2,7.057e-29,,2.305e-7,,1.930e-16,3.940e-17,,2.218e-19,6.872e-18,,,,,,2.126e-18,,,,,,,,,,,,,,
771.22,6.884e-1,1.201e-7,3.237e-26,1.268e-25,2.512e-17,,,1.189e-18,2.246e-19,,8.998e-16,1.696e-2,3.511e-16,3.442e-6,3.186e-19,1.447e-29,5.823e-1,,,,4.445e-18,2.939e-36,1.251e-17,,2.453e-26,,,,1.720e-21,2.133e-16,8.910e-2,7.053e-29,,2.629e-7,,1.930e-16,2.886e-17,,2.218e-19,6.872e-18,,,,,,2.126e-18,,,,,,,,,,,,,,
771.25,6.109e-1,9.223e-8,3.234e-26,1.209e-25,2.513e-17,,,1.189e-18,2.247e-19,,9.001e-16,1.628e-2,2.614e-16,4.394e-6,3.188e-19,1.446e-29,5.117e-1,,,,4.446e-18,2.939e-36,1.250e-17,,2.452e-26,,,,1.720e-21,2.133e-16,8.291e-2,7.047e-29,,3.193e-7,,1.931e-16,1.805e-17,,2.218e-19,6.872e-18,,,,,,2.126e-18,,,,,,,,,,,,,,
771.27,5.634e-1,7.723e-8,3.232e-26,1.169e-25,2.513e-17,,,1.189e-18,2.247e-19,,9.002e-16,1.583e-2,2.143e-16,5.224e-6,3.189e-19,1.445e-29,4.687e-1,,,,4.446e-18,2.939e-36,1.250e-17,,2.452e-26,,,,1.719e-21,2.133e-16,7.890e-2,7.042e-29,,3.628e-7,,1.931e-16,1.318e-17,,2.218e-19,6.872e-18,,,,,,2.127e-18,,,,,,,,,,,,,,
771.29,5.191e-1,6.459e-8,3.231e-26,1.129e-25,2.513e-17,,,1.189e-18,2.247e-19,,9.004e-16,1.537e-2,1.755e-16,6.241e-6,3.190e-19,1.445e-29,4.288e-1,,,,4.447e-18,2.939e-36,1.250e-17,,2.451e-26,,,,1.719e-21,2.134e-16,7.498e-2,7.038e-29,,4.118e-7,,1.931e-16,9.608e-18,,2.217e-19,6.872e-18,,,,,,2.127e-18,,,,,,,,,,,,,,
771.32,4.582e-1,4.927e-8,3.228e-26,1.069e-25,2.514e-17,,,1.189e-18,2.248e-19,,9.007e-16,1.467e-2,1.298e-16,8.190e-6,3.192e-19,1.444e-29,3.742e-1,,,,4.447e-18,2.939e-36,1.250e-17,,2.451e-26,,,,1.719e-21,2.134e-16,6.930e-2,7.032e-29,,4.969e-7,,1.931e-16,5.967e-18,,2.217e-19,6.872e-18,,,,,,2.127e-18,,,,,,,,,,,,,,
771.34,4.211e-1,4.107e-8,3.226e-26,1.029e-25,2.514e-17,,,1.188e-18,2.248e-19,,9.009e-16,1.421e-2,1.059e-16,9.832e-6,3.193e-19,1.443e-29,3.412e-1,,,,4.448e-18,2.940e-36,1.250e-17,,2.451e-26,,,,1.718e-21,2.134e-16,6.565e-2,7.028e-29,,5.622e-7,,1.932e-16,4.337e-18,,2.217e-19,6.872e-18,,,,,,2.127e-18,,,,,,,,,,,,,,
771.37,3.703e-1,3.118e-8,3.223e-26,9.698e-26,2.515e-17,,,1.188e-18,2.248e-19,,9.012e-16,1.351e-2,7.795e-17,1.294e-5,3.195e-19,1.443e-29,2.964e-1,,,,4.448e-18,2.940e-36,1.249e-17,,2.450e-26,,,,1.718e-21,2.134e-16,6.038e-2,7.021e-29,,6.749e-7,,1.932e-16,2.680e-18,,2.217e-19,6.872e-18,,,,,,2.128e-18,,,,,,,,,,,,,,
771.39,3.395e-1,2.591e-8,3.222e-26,9.306e-26,2.515e-17,,,1.188e-18,2.249e-19,,9.014e-16,1.305e-2,6.343e-17,1.553e-5,3.196e-19,1.442e-29,2.694e-1,,,,4.449e-18,2.940e-36,1.249e-17,,2.450e-26,,,,1.718e-21,2.135e-16,5.702e-2,7.017e-29,,7.612e-7,,1.932e-16,1.942e-18,,2.217e-19,6.872e-18,,,,,,2.128e-18,,,,,,,,,,,,,,
771.42,2.974e-1,1.958e-8,3.219e-26,8.727e-26,2.516e-17,,,1.188e-18,2.249e-19,,9.016e-16,1.237e-2,4.645e-17,2.040e-5,3.197e-19,1.441e-29,2.329e-1,,,,4.449e-18,2.940e-36,1.249e-17,,2.449e-26,,,,1.718e-21,2.135e-16,5.219e-2,7.011e-29,,9.096e-7,,1.932e-16,1.941e-18,,2.217e-19,6.872e-18,,,,,,2.128e-18,,,,,,,,,,,,,,
771.44,2.720e-1,1.621e-8,3.217e-26,8.348e-26,2.516e-17,,,1.188e-18,2.250e-19,,9.018e-16,1.191e-2,3.767e-17,2.444e-5,3.199e-19,1.440e-29,2.110e-1,,,,4.449e-18,2.941e-36,1.249e-17,,2.449e-26,,,,1.717e-21,2.135e-16,4.912e-2,7.007e-29,,1.023e-6,,1.932e-16,1.940e-18,,2.217e-19,6.872e-18,,,,,,2.129e-18,,,,,,,,,,,,,,
771.47,2.375e-1,1.219e-8,3.214e-26,7.790e-26,2.516e-17,,,1.188e-18,2.250e-19,,9.021e-16,1.124e-2,2.745e-17,3.198e-5,3.200e-19,1.440e-29,1.815e-1,,,,4.450e-18,2.941e-36,1.249e-17,,2.448e-26,,,,1.717e-21,2.135e-16,4.475e-2,7.001e-29,,1.216e-6,,1.933e-16,1.939e-18,,2.217e-19,6.872e-18,,,,,,2.129e-18,,,,,,,,,,,,,,
771.49,2.167e-1,1.006e-8,3.213e-26,7.428e-26,2.517e-17,,,1.188e-18,2.250e-19,,9.023e-16,1.080e-2,2.219e-17,3.820e-5,3.201e-19,1.439e-29,1.639e-1,,,,4.450e-18,2.941e-36,1.249e-17,,2.448e-26,,,,1.717e-21,2.136e-16,4.198e-2,6.996e-29,,1.363e-6,,1.933e-16,1.939e-18,,2.217e-19,6.872e-18,,,,,,2.129e-18,,,,,,,,,,,,,,
771.52,1.886e-1,7.529e-9,3.210e-26,6.899e-26,2.517e-17,,,1.188e-18,2.251e-19,,9.026e-16,1.015e-2,1.609e-17,4.976e-5,3.203e-19,1.438e-29,1.403e-1,,,,4.451e-18,2.941e-36,1.248e-17,,2.447e-26,,,,1.716e-21,2.136e-16,3.806e-2,6.990e-29,,1.613e-6,,1.933e-16,1.938e-18,,2.217e-19,6.872e-18,,,,,,2.130e-18,,,,,,,,,,,,,,
771.54,1.717e-1,6.196e-9,3.208e-26,6.557e-26,2.518e-17,,,1.188e-18,2.251e-19,,9.028e-16,9.726e-3,1.297e-17,5.927e-5,3.204e-19,1.438e-29,1.263e-1,,,,4.451e-18,2.941e-36,1.248e-17,,2.447e-26,,,,1.716e-21,2.136e-16,3.559e-2,6.986e-29,,1.801e-6,,1.933e-16,1.937e-18,,2.217e-19,6.872e-18,,,,,,2.130e-18,,,,,,,,,,,,,,
771.57,1.489e-1,4.613e-9,3.206e-26,6.060e-26,2.518e-17,,,1.188e-18,2.252e-19,,9.030e-16,9.104e-3,9.357e-18,7.685e-5,3.206e-19,1.437e-29,1.076e-1,,,,4.452e-18,2.942e-36,1.248e-17,,2.447e-26,,,,1.716e-21,2.137e-16,3.211e-2,6.980e-29,,2.122e-6,,1.934e-16,1.936e-18,,2.217e-19,6.872e-18,,,,,,2.130e-18,,,,,,,,,,,,,,
771.59,1.353e-1,3.784e-9,3.204e-26,5.741e-26,2.518e-17,,,1.188e-18,2.252e-19,,9.032e-16,8.699e-3,7.515e-18,9.124e-5,3.207e-19,1.436e-29,9.653e-2,,,,4.452e-18,2.942e-36,1.248e-17,,2.446e-26,,,,1.716e-21,2.137e-16,2.993e-2,6.975e-29,,2.363e-6,,1.934e-16,1.936e-18,,2.217e-19,6.872e-18,,,,,,2.131e-18,,,,,,,,,,,,,,
771.62,1.169e-1,2.804e-9,3.201e-26,5.281e-26,2.519e-17,,,1.188e-18,2.253e-19,,9.035e-16,8.109e-3,5.397e-18,1.178e-4,3.209e-19,1.435e-29,8.184e-2,,,,4.453e-18,2.942e-36,1.248e-17,,2.446e-26,,,,1.715e-21,2.137e-16,2.687e-2,6.969e-29,,2.769e-6,,1.934e-16,1.935e-18,,2.217e-19,6.872e-18,,,,,,2.131e-18,,,,,,,,,,,,,,
771.64,1.060e-1,2.292e-9,3.199e-26,4.987e-26,2.519e-17,,,1.188e-18,2.253e-19,,9.037e-16,7.727e-3,4.321e-18,1.394e-4,3.210e-19,1.435e-29,7.319e-2,,,,4.453e-18,2.942e-36,1.248e-17,,2.445e-26,,,,1.715e-21,2.137e-16,2.497e-2,6.965e-29,,3.074e-6,,1.934e-16,1.934e-18,,2.217e-19,6.872e-18,,,,,,2.131e-18,,,,,,,,,,,,,,
771.66,9.607e-2,1.871e-9,3.197e-26,4.703e-26,2.520e-17,,,1.188e-18,2.253e-19,,9.039e-16,7.356e-3,3.455e-18,1.647e-4,3.211e-19,1.434e-29,6.538e-2,,,,4.453e-18,2.943e-36,1.247e-17,,2.445e-26,,,,1.715e-21,2.137e-16,2.317e-2,6.961e-29,,3.407e-6,,1.934e-16,1.934e-18,,2.217e-19,6.872e-18,,,,,,2.131e-18,,,,,,,,,,,,,,
771.69,8.275e-2,1.377e-9,3.195e-26,4.297e-26,2.520e-17,,,1.188e-18,2.254e-19,,9.042e-16,6.817e-3,2.464e-18,2.112e-4,3.213e-19,1.433e-29,5.505e-2,,,,4.454e-18,2.943e-36,1.247e-17,,2.445e-26,,,,1.714e-21,2.138e-16,2.066e-2,6.954e-29,,3.967e-6,,1.935e-16,1.933e-18,,2.217e-19,6.872e-18,,,,,,2.132e-18,,,,,,,,,,,,,,
771.71,7.485e-2,1.121e-9,3.193e-26,4.039e-26,2.520e-17,,,1.188e-18,2.254e-19,,9.043e-16,6.471e-3,1.964e-18,2.488e-4,3.214e-19,1.433e-29,4.901e-2,,,,4.454e-18,2.943e-36,1.247e-17,,2.444e-26,,,,1.714e-21,2.138e-16,1.911e-2,6.950e-29,,4.383e-6,,1.935e-16,1.932e-18,,2.217e-19,6.872e-18,,,,,,2.132e-18,,,,,,,,,,,,,,
771.74,6.433e-2,8.210e-10,3.190e-26,3.672e-26,2.521e-17,,,1.188e-18,2.254e-19,,9.046e-16,5.971e-3,1.394e-18,3.174e-4,3.216e-19,1.432e-29,4.108e-2,,,,4.455e-18,2.943e-36,1.247e-17,,2.444e-26,,,,1.714e-21,2.138e-16,1.696e-2,6.944e-29,,5.079e-6,,1.935e-16,1.931e-18,,2.217e-19,6.872e-18,,,,,,2.132e-18,,,,,,,,,,,,,,
771.76,5.812e-2,6.660e-10,3.189e-26,3.441e-26,2.521e-17,,,1.187e-18,2.255e-19,,9.048e-16,5.652e-3,1.107e-18,3.728e-4,3.217e-19,1.431e-29,3.645e-2,,,,4.455e-18,2.943e-36,1.247e-17,,2.443e-26,,,,1.714e-21,2.139e-16,1.564e-2,6.940e-29,,5.594e-6,,1.935e-16,1.931e-18,,2.217e-19,6.872e-18,,,,,,2.133e-18,,,,,,,,,,,,,,
771.79,4.989e-2,4.854e-10,3.186e-26,3.114e-26,2.522e-17,,,1.187e-18,2.255e-19,,9.051e-16,5.194e-3,7.822e-19,4.734e-4,3.219e-19,1.430e-29,3.040e-2,,,,4.456e-18,2.944e-36,1.247e-17,,2.443e-26,,,,1.713e-21,2.139e-16,1.381e-2,6.934e-29,,6.451e-6,,1.936e-16,1.930e-18,,2.217e-19,6.872e-18,,,,,,2.133e-18,,,,,,,,,,,,,,
771.81,4.505e-2,3.925e-10,3.184e-26,2.908e-26,2.522e-17,,,1.187e-18,2.256e-19,,9.053e-16,4.903e-3,6.193e-19,5.542e-4,3.220e-19,1.430e-29,2.689e-2,,,,4.456e-18,2.944e-36,1.246e-17,,2.442e-26,,,,1.713e-21,2.139e-16,1.269e-2,6.929e-29,,7.083e-6,,1.936e-16,1.929e-18,,2.217e-19,6.872e-18,,,,,,2.133e-18,,,,,,,,,,,,,,
771.84,3.867e-2,2.847e-10,3.181e-26,2.619e-26,2.522e-17,,,1.187e-18,2.256e-19,,9.056e-16,4.486e-3,4.353e-19,7.004e-4,3.221e-19,1.429e-29,2.232e-2,,,,4.457e-18,2.944e-36,1.246e-17,,2.442e-26,,,,1.713e-21,2.139e-16,1.116e-2,6.923e-29,,8.129e-6,,1.936e-16,1.928e-18,,2.217e-19,6.872e-18,,,,,,2.134e-18,,,,,,,,,,,,,,
771.86,3.495e-2,2.294e-10,3.180e-26,2.438e-26,2.523e-17,,,1.187e-18,2.256e-19,,9.058e-16,4.222e-3,3.436e-19,8.174e-4,3.222e-19,1.428e-29,1.968e-2,,,,4.457e-18,2.944e-36,1.246e-17,,2.442e-26,,,,1.712e-21,2.140e-16,1.022e-2,6.919e-29,,8.897e-6,,1.936e-16,1.928e-18,,2.217e-19,6.871e-18,,,,,,2.134e-18,,,,,,,,,,,,,,
771.89,3.008e-2,1.656e-10,3.177e-26,2.185e-26,2.523e-17,,,1.187e-18,2.257e-19,,9.060e-16,3.847e-3,2.404e-19,1.028e-3,3.224e-19,1.427e-29,1.625e-2,,,,4.458e-18,2.945e-36,1.246e-17,,2.441e-26,,,,1.712e-21,2.140e-16,8.940e-3,6.913e-29,,1.016e-5,,1.936e-16,1.927e-18,,2.217e-19,6.871e-18,,,,,,2.134e-18,,,,,,,,,,,,,,
771.91,2.727e-2,1.330e-10,3.175e-26,2.028e-26,2.524e-17,,,1.187e-18,2.257e-19,,9.062e-16,3.611e-3,1.891e-19,1.196e-3,3.225e-19,1.427e-29,1.429e-2,,,,4.458e-18,2.945e-36,1.246e-17,,2.441e-26,,,,1.712e-21,2.140e-16,8.163e-3,6.908e-29,,1.109e-5,,1.937e-16,1.926e-18,,2.217e-19,6.871e-18,,,,,,2.134e-18,,,,,,,,,,,,,,
771.94,2.363e-2,9.557e-11,3.172e-26,1.808e-26,2.524e-17,,,1.187e-18,2.258e-19,,9.065e-16,3.275e-3,1.316e-19,1.497e-3,3.227e-19,1.426e-29,1.174e-2,,,,4.459e-18,2.945e-36,1.246e-17,,2.440e-26,,,,1.712e-21,2.140e-16,7.106e-3,6.902e-29,,1.260e-5,,1.937e-16,1.925e-18,,2.217e-19,6.871e-18,,,,,,2.135e-18,,,,,,,,,,,,,,
771.96,2.157e-2,7.653e-11,3.171e-26,1.673e-26,2.524e-17,,,1.187e-18,2.258e-19,,9.067e-16,3.065e-3,1.032e-19,1.736e-3,3.228e-19,1.425e-29,1.029e-2,,,,4.459e-18,2.945e-36,1.245e-17,,2.440e-26,,,,1.711e-21,2.141e-16,6.468e-3,6.898e-29,,1.370e-5,,1.937e-16,1.925e-18,,2.217e-19,6.871e-18,,,,,,2.135e-18,,,,,,,,,,,,,,
771.99,1.896e-2,5.471e-11,3.168e-26,1.485e-26,2.525e-17,,,1.187e-18,2.259e-19,,9.070e-16,2.768e-3,7.150e-20,2.162e-3,3.230e-19,1.424e-29,8.415e-3,,,,4.460e-18,2.945e-36,1.245e-17,,2.439e-26,,,,1.711e-21,2.141e-16,5.603e-3,6.892e-29,,1.550e-5,,1.937e-16,1.924e-18,,2.217e-19,6.871e-18,,,,,,2.135e-18,,,,,,,,,,,,,,
772.01,1.753e-2,4.366e-11,3.166e-26,1.369e-26,2.525e-17,,,1.187e-18,2.259e-19,,9.072e-16,2.583e-3,5.589e-20,2.499e-3,3.231e-19,1.424e-29,7.348e-3,,,,4.460e-18,2.946e-36,1.245e-17,,2.439e-26,,,,1.711e-21,2.141e-16,5.083e-3,6.888e-29,,1.680e-5,,1.938e-16,1.923e-18,,2.217e-19,6.871e-18,,,,,,2.136e-18,,,,,,,,,,,,,,
772.03,1.632e-2,3.481e-11,3.164e-26,1.261e-26,2.526e-17,,,1.187e-18,2.259e-19,,9.073e-16,2.407e-3,4.363e-20,2.885e-3,3.232e-19,1.423e-29,6.408e-3,,,,4.460e-18,2.946e-36,1.245e-17,,2.439e-26,,,,1.710e-21,2.141e-16,4.606e-3,6.883e-29,,1.819e-5,,1.938e-16,1.923e-18,,2.217e-19,6.871e-18,,,,,,2.136e-18,,,,,,,,,,,,,,
772.06,1.492e-2,2.471e-11,3.162e-26,1.111e-26,2.526e-17,,,1.187e-18,2.260e-19,,9.076e-16,2.161e-3,3.002e-20,3.570e-3,3.234e-19,1.422e-29,5.207e-3,,,,4.461e-18,2.946e-36,1.245e-17,,2.438e-26,,,,1.710e-21,2.142e-16,3.963e-3,6.877e-29,,2.044e-5,,1.938e-16,1.922e-18,,2.217e-19,6.871e-18,,,,,,2.136e-18,,,,,,,,,,,,,,
772.08,1.424e-2,1.964e-11,3.160e-26,1.020e-26,2.526e-17,,,1.187e-18,2.260e-19,,9.078e-16,2.008e-3,2.336e-20,4.108e-3,3.235e-19,1.422e-29,4.526e-3,,,,4.461e-18,2.946e-36,1.245e-17,,2.438e-26,,,,1.710e-21,2.142e-16,3.579e-3,6.873e-29,,2.206e-5,,1.938e-16,1.921e-18,,2.216e-19,6.871e-18,,,,,,2.136e-18,,,,,,,,,,,,,,
772.11,1.360e-2,1.387e-11,3.157e-26,8.948e-27,2.527e-17,,,1.187e-18,2.260e-19,,9.081e-16,1.795e-3,1.599e-20,5.059e-3,3.237e-19,1.421e-29,3.660e-3,,,,4.462e-18,2.947e-36,1.244e-17,,2.437e-26,,,,1.710e-21,2.142e-16,3.065e-3,6.867e-29,,2.467e-5,,1.938e-16,1.920e-18,,2.216e-19,6.871e-18,,,,,,2.137e-18,,,,,,,,,,,,,,
772.13,1.342e-2,1.099e-11,3.155e-26,8.187e-27,2.527e-17,,,1.187e-18,2.261e-19,,9.083e-16,1.663e-3,1.240e-20,5.803e-3,3.238e-19,1.420e-29,3.171e-3,,,,4.462e-18,2.947e-36,1.244e-17,,2.437e-26,,,,1.709e-21,2.142e-16,2.759e-3,6.862e-29,,2.653e-5,,1.939e-16,1.920e-18,,2.216e-19,6.871e-18,,,,,,2.137e-18,,,,,,,,,,,,,,
772.16,1.352e-2,7.725e-12,3.153e-26,7.148e-27,2.528e-17,,,1.187e-18,2.261e-19,,9.086e-16,1.479e-3,8.451e-21,7.112e-3,3.240e-19,1.420e-29,2.552e-3,,,,4.463e-18,2.947e-36,1.244e-17,,2.436e-26,,,,1.709e-21,2.143e-16,2.351e-3,6.856e-29,,2.953e-5,,1.939e-16,1.919e-18,,2.216e-19,6.871e-18,,,,,,2.137e-18,,,,,,,,,,,,,,
772.18,1.384e-2,6.099e-12,3.151e-26,6.519e-27,2.528e-17,,,1.187e-18,2.262e-19,,9.087e-16,1.366e-3,6.534e-21,8.132e-3,3.241e-19,1.419e-29,2.204e-3,,,,4.463e-18,2.947e-36,1.244e-17,,2.436e-26,,,,1.709e-21,2.143e-16,2.110e-3,6.852e-29,,3.166e-5,,1.939e-16,1.918e-18,,2.216e-19,6.871e-18,,,,,,2.138e-18,,,,,,,,,,,,,,
772.21,1.472e-2,4.267e-12,3.148e-26,5.664e-27,2.529e-17,,,1.186e-18,2.262e-19,,9.090e-16,1.210e-3,4.430e-21,9.919e-3,3.242e-19,1.418e-29,1.765e-3,,,,4.464e-18,2.947e-36,1.244e-17,,2.436e-26,,,,1.708e-21,2.143e-16,1.789e-3,6.846e-29,,3.507e-5,,1.939e-16,1.917e-18,,2.216e-19,6.871e-18,,,,,,2.138e-18,,,,,,,,,,,,,,
772.23,1.558e-2,3.358e-12,3.147e-26,5.149e-27,2.529e-17,,,1.186e-18,2.262e-19,,9.092e-16,1.115e-3,3.414e-21,1.131e-2,3.244e-19,1.418e-29,1.519e-3,,,,4.464e-18,2.948e-36,1.243e-17,,2.435e-26,,,,1.708e-21,2.144e-16,1.601e-3,6.841e-29,,3.748e-5,,1.940e-16,1.917e-18,,2.216e-19,6.871e-18,,,,,,2.138e-18,,,,,,,,,,,,,,
772.26,1.731e-2,2.338e-12,3.144e-26,4.453e-27,2.529e-17,,,1.186e-18,2.263e-19,,9.095e-16,9.829e-4,2.304e-21,1.372e-2,3.245e-19,1.417e-29,1.211e-3,,,,4.465e-18,2.948e-36,1.243e-17,,2.435e-26,,,,1.708e-21,2.144e-16,1.351e-3,6.835e-29,,4.132e-5,,1.940e-16,1.916e-18,,2.216e-19,6.871e-18,,,,,,2.139e-18,,,,,,,,,,,,,,
772.28,1.878e-2,1.834e-12,3.142e-26,4.035e-27,2.530e-17,,,1.186e-18,2.263e-19,,9.097e-16,9.025e-4,1.769e-21,1.559e-2,3.246e-19,1.416e-29,1.039e-3,,,,4.465e-18,2.948e-36,1.243e-17,,2.434e-26,,,,1.708e-21,2.144e-16,1.205e-3,6.831e-29,,4.402e-5,,1.940e-16,1.915e-18,,2.216e-19,6.871e-18,,,,,,2.139e-18,,,,,,,,,,,,,,
772.31,2.151e-2,1.271e-12,3.139e-26,3.472e-27,2.530e-17,,,1.186e-18,2.264e-19,,9.100e-16,7.923e-4,1.188e-21,1.884e-2,3.248e-19,1.415e-29,8.239e-4,,,,4.465e-18,2.948e-36,1.243e-17,,2.434e-26,,,,1.707e-21,2.144e-16,1.012e-3,6.825e-29,,4.829e-5,,1.940e-16,1.914e-18,,2.216e-19,6.871e-18,,,,,,2.139e-18,,,,,,,,,,,,,,
772.33,2.371e-2,9.935e-13,3.138e-26,3.136e-27,2.530e-17,,,1.186e-18,2.264e-19,,9.101e-16,7.252e-4,9.096e-22,2.133e-2,3.249e-19,1.415e-29,7.048e-4,,,,4.466e-18,2.949e-36,1.243e-17,,2.434e-26,,,,1.707e-21,2.145e-16,8.991e-4,6.821e-29,,5.129e-5,,1.940e-16,1.914e-18,,2.216e-19,6.871e-18,,,,,,2.140e-18,,,,,,,,,,,,,,
772.36,2.765e-2,6.851e-13,3.135e-26,2.686e-27,2.531e-17,,,1.186e-18,2.265e-19,,9.104e-16,6.338e-4,6.078e-22,2.565e-2,3.251e-19,1.414e-29,5.562e-4,,,,4.466e-18,2.949e-36,1.243e-17,,2.433e-26,,,,1.707e-21,2.145e-16,7.515e-4,6.814e-29,,5.600e-5,,1.941e-16,1.913e-18,,2.216e-19,6.871e-18,,,,,,2.140e-18,,,,,,,,,,,,,,
772.38,3.073e-2,5.339e-13,3.133e-26,2.418e-27,2.531e-17,,,1.186e-18,2.265e-19,,9.106e-16,5.784e-4,4.638e-22,2.896e-2,3.252e-19,1.413e-29,4.742e-4,,,,4.467e-18,2.949e-36,1.242e-17,,2.433e-26,,,,1.706e-21,2.145e-16,6.658e-4,6.810e-29,,5.928e-5,,1.941e-16,1.912e-18,,2.216e-19,6.871e-18,,,,,,2.140e-18,,,,,,,,,,,,,,
772.41,3.614e-2,3.664e-13,3.130e-26,2.061e-27,2.532e-17,,,1.186e-18,2.265e-19,,9.109e-16,5.031e-4,3.085e-22,3.465e-2,3.254e-19,1.412e-29,3.725e-4,,,,4.467e-18,2.949e-36,1.242e-17,,2.432e-26,,,,1.706e-21,2.145e-16,5.538e-4,6.804e-29,,6.441e-5,,1.941e-16,1.911e-18,,2.216e-19,6.871e-18,,,,,,2.141e-18,,,,,,,,,,,,,,
772.43,4.032e-2,2.846e-13,3.129e-26,1.849e-27,2.532e-17,,,1.186e-18,2.266e-19,,9.111e-16,4.578e-4,2.346e-22,3.899e-2,3.255e-19,1.412e-29,3.166e-4,,,,4.468e-18,2.949e-36,1.242e-17,,2.432e-26,,,,1.706e-21,2.146e-16,4.890e-4,6.800e-29,,6.797e-5,,1.941e-16,1.911e-18,,2.216e-19,6.871e-18,,,,,,2.141e-18,,,,,,,,,,,,,,
772.45,4.501e-2,2.208e-13,3.127e-26,1.658e-27,2.532e-17,,,1.186e-18,2.266e-19,,9.113e-16,4.160e-4,1.782e-22,4.382e-2,3.256e-19,1.411e-29,2.687e-4,,,,4.468e-18,2.950e-36,1.242e-17,,2.431e-26,,,,1.706e-21,2.146e-16,4.313e-4,6.795e-29,,7.163e-5,,1.941e-16,1.910e-18,,2.216e-19,6.871e-18,,,,,,2.141e-18,,,,,,,,,,,,,,
772.48,5.309e-2,1.505e-13,3.124e-26,1.403e-27,2.533e-17,,,1.186e-18,2.267e-19,,9.115e-16,3.596e-4,1.177e-22,5.209e-2,3.258e-19,1.410e-29,2.096e-4,,,,4.469e-18,2.950e-36,1.242e-17,,2.431e-26,,,,1.705e-21,2.146e-16,3.563e-4,6.789e-29,,7.731e-5,,1.942e-16,1.909e-18,,2.216e-19,6.871e-18,,,,,,2.141e-18,,,,,,,,,,,,,,
772.5,5.925e-2,1.163e-13,3.122e-26,1.254e-27,2.533e-17,,,1.186e-18,2.267e-19,,9.117e-16,3.258e-4,8.914e-23,5.836e-2,3.259e-19,1.410e-29,1.773e-4,,,,4.469e-18,2.950e-36,1.242e-17,,2.431e-26,,,,1.705e-21,2.146e-16,3.132e-4,6.785e-29,,8.121e-5,,1.942e-16,1.909e-18,,2.216e-19,6.871e-18,,,,,,2.142e-18,,,,,,,,,,,,,,
772.53,6.979e-2,7.892e-14,3.120e-26,1.056e-27,2.534e-17,,,1.186e-18,2.267e-19,,9.120e-16,2.803e-4,5.859e-23,6.903e-2,3.261e-19,1.409e-29,1.377e-4,,,,4.469e-18,2.950e-36,1.241e-17,,2.430e-26,,,,1.705e-21,2.147e-16,2.575e-4,6.779e-29,,8.723e-5,,1.942e-16,1.908e-18,,2.216e-19,6.871e-18,,,,,,2.142e-18,,,,,,,,,,,,,,
772.55,7.778e-2,6.083e-14,3.118e-26,9.405e-28,2.534e-17,,,1.186e-18,2.268e-19,,9.122e-16,2.531e-4,4.422e-23,7.709e-2,3.262e-19,1.408e-29,1.161e-4,,,,4.470e-18,2.951e-36,1.241e-17,,2.430e-26,,,,1.704e-21,2.147e-16,2.257e-4,6.775e-29,,9.134e-5,,1.942e-16,1.907e-18,,2.216e-19,6.871e-18,,,,,,2.142e-18,,,,,,,,,,,,,,
772.58,9.134e-2,4.106e-14,3.115e-26,7.884e-28,2.535e-17,,,1.186e-18,2.268e-19,,9.125e-16,2.168e-4,2.893e-23,9.076e-2,3.263e-19,1.407e-29,8.969e-5,,,,4.470e-18,2.951e-36,1.241e-17,,2.429e-26,,,,1.704e-21,2.147e-16,1.846e-4,6.768e-29,,9.764e-5,,1.943e-16,1.906e-18,,2.216e-19,6.871e-18,,,,,,2.143e-18,,,,,,,,,,,,,,
772.6,1.016e-1,3.154e-14,3.113e-26,6.999e-28,2.535e-17,,,1.186e-18,2.268e-19,,9.127e-16,1.952e-4,2.176e-23,1.010e-1,3.265e-19,1.407e-29,7.540e-5,,,,4.471e-18,2.951e-36,1.241e-17,,2.429e-26,,,,1.704e-21,2.147e-16,1.613e-4,6.764e-29,,1.019e-4,,1.943e-16,1.906e-18,,2.216e-19,6.871e-18,,,,,,2.143e-18,,,,,,,,,,,,,,
772.63,1.188e-1,2.119e-14,3.111e-26,5.839e-28,2.535e-17,,,1.185e-18,2.269e-19,,9.129e-16,1.664e-4,1.416e-23,1.184e-1,3.266e-19,1.406e-29,5.797e-5,,,,4.471e-18,2.951e-36,1.241e-17,,2.428e-26,,,,1.704e-21,2.148e-16,1.313e-4,6.758e-29,,1.084e-4,,1.943e-16,1.905e-18,,2.216e-19,6.871e-18,,,,,,2.143e-18,,,,,,,,,,,,,,
772.65,1.318e-1,1.622e-14,3.109e-26,5.167e-28,2.536e-17,,,1.185e-18,2.269e-19,,9.131e-16,1.494e-4,1.062e-23,1.313e-1,3.267e-19,1.405e-29,4.857e-5,,,,4.472e-18,2.951e-36,1.241e-17,,2.428e-26,,,,1.703e-21,2.148e-16,1.143e-4,6.754e-29,,1.128e-4,,1.943e-16,1.904e-18,,2.216e-19,6.871e-18,,,,,,2.143e-18,,,,,,,,,,,,,,
772.68,1.535e-1,1.085e-14,3.106e-26,4.290e-28,2.536e-17,,,1.185e-18,2.270e-19,,9.134e-16,1.267e-4,6.880e-24,1.532e-1,3.269e-19,1.404e-29,3.716e-5,,,,4.472e-18,2.952e-36,1.240e-17,,2.428e-26,,,,1.703e-21,2.148e-16,9.265e-5,6.747e-29,,1.194e-4,,1.944e-16,1.903e-18,,2.216e-19,6.871e-18,,,,,,2.144e-18,,,,,,,,,,,,,,
772.7,1.698e-1,8.278e-15,3.104e-26,3.784e-28,2.537e-17,,,1.185e-18,2.270e-19,,9.136e-16,1.134e-4,5.143e-24,1.694e-1,3.270e-19,1.404e-29,3.104e-5,,,,4.473e-18,2.952e-36,1.240e-17,,2.427e-26,,,,1.703e-21,2.149e-16,8.040e-5,6.743e-29,,1.239e-4,,1.944e-16,1.903e-18,,2.216e-19,6.871e-18,,,,,,2.144e-18,,,,,,,,,,,,,,
772.73,1.969e-1,5.507e-15,3.102e-26,3.126e-28,2.537e-17,,,1.185e-18,2.271e-19,,9.139e-16,9.578e-5,3.315e-24,1.966e-1,3.272e-19,1.403e-29,2.363e-5,,,,4.473e-18,2.952e-36,1.240e-17,,2.427e-26,,,,1.702e-21,2.149e-16,6.484e-5,6.737e-29,,1.305e-4,,1.944e-16,1.902e-18,,2.216e-19,6.871e-18,,,,,,2.144e-18,,,,,,,,,,,,,,
772.75,2.171e-1,4.190e-15,3.100e-26,2.749e-28,2.537e-17,,,1.185e-18,2.271e-19,,9.141e-16,8.544e-5,2.470e-24,2.168e-1,3.273e-19,1.402e-29,1.968e-5,,,,4.474e-18,2.952e-36,1.240e-17,,2.426e-26,,,,1.702e-21,2.149e-16,5.609e-5,6.733e-29,,1.350e-4,,1.944e-16,1.901e-18,,2.216e-19,6.871e-18,,,,,,2.145e-18,,,,,,,,,,,,,,
772.78,2.506e-1,2.774e-15,3.097e-26,2.260e-28,2.538e-17,,,1.185e-18,2.271e-19,,9.143e-16,7.182e-5,1.584e-24,2.504e-1,3.275e-19,1.402e-29,1.491e-5,,,,4.474e-18,2.953e-36,1.240e-17,,2.426e-26,,,,1.702e-21,2.149e-16,4.502e-5,6.726e-29,,1.415e-4,,1.944e-16,1.900e-18,,2.216e-19,6.871e-18,,,,,,2.145e-18,,,,,,,,,,,,,,
772.8,2.754e-1,2.103e-15,3.096e-26,1.981e-28,2.538e-17,,,1.185e-18,2.272e-19,,9.145e-16,6.387e-5,1.177e-24,2.752e-1,3.276e-19,1.401e-29,1.237e-5,,,,4.474e-18,2.953e-36,1.239e-17,,2.425e-26,,,,1.702e-21,2.150e-16,3.882e-5,6.722e-29,,1.458e-4,,1.945e-16,1.900e-18,,2.216e-19,6.871e-18,,,,,,2.145e-18,,,,,,,,,,,,,,
772.82,3.023e-1,1.593e-15,3.094e-26,1.733e-28,2.538e-17,,,1.185e-18,2.272e-19,,9.147e-16,5.673e-5,8.726e-25,3.020e-1,3.277e-19,1.400e-29,1.025e-5,,,,4.475e-18,2.953e-36,1.239e-17,,2.425e-26,,,,1.701e-21,2.150e-16,3.343e-5,6.718e-29,,1.501e-4,,1.945e-16,1.899e-18,,2.216e-19,6.871e-18,,,,,,2.145e-18,,,,,,,,,,,,,,
772.85,3.467e-1,1.048e-15,3.091e-26,1.416e-28,2.539e-17,,,1.185e-18,2.273e-19,,9.150e-16,4.738e-5,5.560e-25,3.465e-1,3.279e-19,1.400e-29,7.717e-6,,,,4.475e-18,2.953e-36,1.239e-17,,2.425e-26,,,,1.701e-21,2.150e-16,2.665e-5,6.712e-29,,1.564e-4,,1.945e-16,1.898e-18,,2.216e-19,6.871e-18,,,,,,2.146e-18,,,,,,,,,,,,,,
772.87,3.794e-1,7.908e-16,3.089e-26,1.235e-28,2.539e-17,,,1.185e-18,2.273e-19,,9.152e-16,4.195e-5,4.110e-25,3.791e-1,3.280e-19,1.399e-29,6.375e-6,,,,4.476e-18,2.953e-36,1.239e-17,,2.424e-26,,,,1.701e-21,2.150e-16,2.287e-5,6.708e-29,,1.604e-4,,1.945e-16,1.898e-18,,2.215e-19,6.871e-18,,,,,,2.146e-18,,,,,,,,,,,,,,
772.9,4.331e-1,5.174e-16,3.087e-26,1.004e-28,2.540e-17,,,1.185e-18,2.273e-19,,9.155e-16,3.487e-5,2.606e-25,4.329e-1,3.282e-19,1.398e-29,4.775e-6,,,,4.476e-18,2.954e-36,1.239e-17,,2.424e-26,,,,1.700e-21,2.151e-16,1.814e-5,6.701e-29,,1.663e-4,,1.946e-16,1.897e-18,,2.215e-19,6.871e-18,,,,,,2.146e-18,,,,,,,,,,,,,,
772.92,4.724e-1,3.894e-16,3.085e-26,8.730e-29,2.540e-17,,,1.185e-18,2.274e-19,,9.157e-16,3.078e-5,1.920e-25,4.721e-1,3.283e-19,1.397e-29,3.932e-6,,,,4.477e-18,2.954e-36,1.239e-17,,2.423e-26,,,,1.700e-21,2.151e-16,1.552e-5,6.697e-29,,1.700e-4,,1.946e-16,1.896e-18,,2.215e-19,6.871e-18,,,,,,2.147e-18,,,,,,,,,,,,,,
772.95,5.367e-1,2.535e-16,3.082e-26,7.062e-29,2.541e-17,,,1.185e-18,2.274e-19,,9.159e-16,2.547e-5,1.212e-25,5.365e-1,3.285e-19,1.397e-29,2.931e-6,,,,4.477e-18,2.954e-36,1.238e-17,,2.423e-26,,,,1.700e-21,2.151e-16,1.226e-5,6.691e-29,,1.754e-4,,1.946e-16,1.895e-18,,2.215e-19,6.871e-18,,,,,,2.147e-18,,,,,,,,,,,,,,
772.97,5.835e-1,1.902e-16,3.080e-26,6.121e-29,2.541e-17,,,1.185e-18,2.274e-19,,9.161e-16,2.241e-5,8.900e-26,5.833e-1,3.286e-19,1.396e-29,2.406e-6,,,,4.478e-18,2.954e-36,1.238e-17,,2.423e-26,,,,1.700e-21,2.151e-16,1.045e-5,6.687e-29,,1.788e-4,,1.946e-16,1.895e-18,,2.215e-19,6.871e-18,,,,,,2.147e-18,,,,,,,,,,,,,,
773,6.598e-1,1.232e-16,3.078e-26,4.928e-29,2.541e-17,,,1.185e-18,2.275e-19,,9.164e-16,1.845e-5,5.588e-26,6.596e-1,3.287e-19,1.395e-29,1.784e-6,,,,4.478e-18,2.955e-36,1.238e-17,,2.422e-26,,,,1.699e-21,2.152e-16,8.213e-6,6.680e-29,,1.836e-4,,1.946e-16,1.894e-18,,2.215e-19,6.871e-18,,,,,,2.148e-18,,,,,,,,,,,,,,
773.02,7.151e-1,9.213e-17,3.076e-26,4.257e-29,2.542e-17,,,1.185e-18,2.275e-19,,9.166e-16,1.618e-5,4.091e-26,7.149e-1,3.289e-19,1.395e-29,1.460e-6,,,,4.478e-18,2.955e-36,1.238e-17,,2.422e-26,,,,1.699e-21,2.152e-16,6.981e-6,6.676e-29,,1.866e-4,,1.947e-16,1.893e-18,,2.215e-19,6.871e-18,,,,,,2.148e-18,,,,,,,,,,,,,,
773.05,8.048e-1,5.941e-17,3.073e-26,3.411e-29,2.542e-17,,,1.184e-18,2.276e-19,,9.169e-16,1.326e-5,2.556e-26,8.046e-1,3.290e-19,1.394e-29,1.078e-6,,,,4.479e-18,2.955e-36,1.238e-17,,2.421e-26,,,,1.699e-21,2.152e-16,5.459e-6,6.670e-29,,1.907e-4,,1.947e-16,1.892e-18,,2.215e-19,6.871e-18,,,,,,2.148e-18,,,,,,,,,,,,,,
773.07,8.694e-1,4.427e-17,3.071e-26,2.937e-29,2.543e-17,,,1.184e-18,2.276e-19,,9.171e-16,1.160e-5,1.866e-26,8.692e-1,3.291e-19,1.393e-29,8.788e-7,,,,4.479e-18,2.955e-36,1.238e-17,,2.421e-26,,,,1.698e-21,2.153e-16,4.626e-6,6.666e-29,,1.931e-4,,1.947e-16,1.892e-18,,2.215e-19,6.871e-18,,,,,,2.149e-18,,,,,,,,,,,,,,
773.1,9.738e-1,2.841e-17,3.069e-26,2.342e-29,2.543e-17,,,1.184e-18,2.277e-19,,9.173e-16,9.460e-6,1.160e-26,9.736e-1,3.293e-19,1.392e-29,6.456e-7,,,,4.480e-18,2.955e-36,1.237e-17,,2.420e-26,,,,1.698e-21,2.153e-16,3.599e-6,6.659e-29,,1.964e-4,,1.947e-16,1.891e-18,,2.215e-19,6.871e-18,,,,,,2.149e-18,,,,,,,,,,,,,,
773.12,1.049e+0,2.110e-17,3.067e-26,2.010e-29,2.543e-17,,,1.184e-18,2.277e-19,,9.175e-16,8.246e-6,8.438e-27,1.048e+0,3.294e-19,1.392e-29,5.248e-7,,,,4.480e-18,2.956e-36,1.237e-17,,2.420e-26,,,,1.698e-21,2.153e-16,3.040e-6,6.655e-29,,1.983e-4,,1.947e-16,1.890e-18,,2.215e-19,6.871e-18,,,,,,2.149e-18,,,,,,,,,,,,,,
773.15,1.169e+0,1.348e-17,3.064e-26,1.595e-29,2.544e-17,,,1.184e-18,2.277e-19,,9.178e-16,6.695e-6,5.222e-27,1.169e+0,3.296e-19,1.391e-29,3.837e-7,,,,4.481e-18,2.956e-36,1.237e-17,,2.419e-26,,,,1.697e-21,2.153e-16,2.354e-6,6.649e-29,,2.007e-4,,1.948e-16,1.889e-18,,2.215e-19,6.871e-18,,,,,,2.150e-18,,,,,,,,,,,,,,
773.17,1.255e+0,9.979e-18,3.062e-26,1.365e-29,2.544e-17,,,1.184e-18,2.278e-19,,9.180e-16,5.817e-6,3.786e-27,1.254e+0,3.297e-19,1.390e-29,3.109e-7,,,,4.481e-18,2.956e-36,1.237e-17,,2.419e-26,,,,1.697e-21,2.154e-16,1.982e-6,6.645e-29,,2.020e-4,,1.948e-16,1.889e-18,,2.215e-19,6.871e-18,,,,,,2.150e-18,,,,,,,,,,,,,,
773.19,1.345e+0,7.379e-18,3.061e-26,1.166e-29,2.545e-17,,,1.184e-18,2.278e-19,,9.182e-16,5.048e-6,3.829e-27,1.345e+0,3.298e-19,1.390e-29,2.516e-7,,,,4.482e-18,2.956e-36,1.237e-17,,2.419e-26,,,,1.697e-21,2.154e-16,1.667e-6,6.641e-29,,2.030e-4,,1.948e-16,1.888e-18,,2.215e-19,6.871e-18,,,,,,2.150e-18,,,,,,,,,,,,,,
773.22,1.489e+0,4.680e-18,3.058e-26,9.193e-30,2.545e-17,,,1.184e-18,2.279e-19,,9.185e-16,4.071e-6,3.895e-27,1.489e+0,3.300e-19,1.389e-29,1.827e-7,,,,4.482e-18,2.957e-36,1.237e-17,,2.418e-26,,,,1.697e-21,2.154e-16,1.282e-6,6.634e-29,,2.041e-4,,1.948e-16,1.887e-18,,2.215e-19,6.871e-18,,,,,,2.150e-18,,,,,,,,,,,,,,
773.24,1.592e+0,3.450e-18,3.056e-26,7.830e-30,2.545e-17,,,1.184e-18,2.279e-19,,9.186e-16,3.522e-6,3.938e-27,1.591e+0,3.301e-19,1.388e-29,1.473e-7,,,,4.483e-18,2.957e-36,1.236e-17,,2.418e-26,,,,1.696e-21,2.154e-16,1.074e-6,6.630e-29,,2.045e-4,,1.949e-16,1.887e-18,,2.215e-19,6.871e-18,,,,,,2.151e-18,,,,,,,,,,,,,,
773.27,1.754e+0,2.178e-18,3.054e-26,6.141e-30,2.546e-17,,,1.184e-18,2.279e-19,,9.189e-16,2.827e-6,4.003e-27,1.754e+0,3.303e-19,1.387e-29,1.065e-7,,,,4.483e-18,2.957e-36,1.236e-17,,2.417e-26,,,,1.696e-21,2.155e-16,8.224e-7,6.624e-29,,2.046e-4,,1.949e-16,1.886e-18,,2.215e-19,6.871e-18,,,,,,2.151e-18,,,,,,,,,,,,,,
773.29,1.868e+0,1.600e-18,3.052e-26,5.215e-30,2.546e-17,,,1.184e-18,2.280e-19,,9.191e-16,2.438e-6,4.047e-27,1.868e+0,3.304e-19,1.387e-29,8.561e-8,,,,4.483e-18,2.957e-36,1.236e-17,,2.417e-26,,,,1.696e-21,2.155e-16,6.870e-7,6.620e-29,,2.043e-4,,1.949e-16,1.885e-18,,2.215e-19,6.871e-18,,,,,,2.151e-18,,,,,,,,,,,,,,
773.32,2.049e+0,1.005e-18,3.049e-26,4.070e-30,2.547e-17,,,1.184e-18,2.280e-19,,9.194e-16,1.947e-6,4.112e-27,2.049e+0,3.306e-19,1.386e-29,6.156e-8,,,,4.484e-18,2.957e-36,1.236e-17,,2.417e-26,,,,1.695e-21,2.155e-16,5.234e-7,6.613e-29,,2.034e-4,,1.949e-16,1.884e-18,,2.215e-19,6.871e-18,,,,,,2.152e-18,,,,,,,,,,,,,,
773.34,2.176e+0,7.359e-19,3.047e-26,3.445e-30,2.547e-17,,,1.184e-18,2.280e-19,,9.196e-16,1.674e-6,4.156e-27,2.176e+0,3.307e-19,1.385e-29,4.934e-8,,,,4.484e-18,2.958e-36,1.236e-17,,2.416e-26,,,,1.695e-21,2.155e-16,4.358e-7,6.609e-29,,2.025e-4,,1.949e-16,1.884e-18,,2.215e-19,6.871e-18,,,,,,2.152e-18,,,,,,,,,,,,,,
773.37,2.375e+0,4.600e-19,3.045e-26,2.676e-30,2.547e-17,,,1.184e-18,2.281e-19,,9.199e-16,1.331e-6,4.221e-27,2.375e+0,3.308e-19,1.384e-29,3.531e-8,,,,4.485e-18,2.958e-36,1.235e-17,,2.416e-26,,,,1.695e-21,2.156e-16,3.304e-7,6.603e-29,,2.007e-4,,1.950e-16,1.883e-18,,2.215e-19,6.871e-18,,,,,,2.152e-18,,,,,,,,,,,,,,
773.39,2.514e+0,3.358e-19,3.043e-26,2.257e-30,2.548e-17,,,1.184e-18,2.281e-19,,9.200e-16,1.140e-6,4.264e-27,2.514e+0,3.310e-19,1.384e-29,2.821e-8,,,,4.485e-18,2.958e-36,1.235e-17,,2.415e-26,,,,1.695e-21,2.156e-16,2.742e-7,6.599e-29,,1.991e-4,,1.950e-16,1.882e-18,,2.215e-19,6.871e-18,,,,,,2.152e-18,,,,,,,,,,,,,,
773.42,2.731e+0,2.089e-19,3.040e-26,1.745e-30,2.548e-17,,,1.184e-18,2.282e-19,,9.203e-16,9.024e-7,4.330e-27,2.731e+0,3.311e-19,1.383e-29,2.009e-8,,,,4.486e-18,2.958e-36,1.235e-17,,2.415e-26,,,,1.694e-21,2.156e-16,2.069e-7,6.593e-29,,1.964e-4,,1.950e-16,1.881e-18,,2.215e-19,6.871e-18,,,,,,2.153e-18,,,,,,,,,,,,,,
773.44,2.881e+0,1.520e-19,3.038e-26,1.467e-30,2.549e-17,,,1.184e-18,2.282e-19,,9.205e-16,7.708e-7,4.373e-27,2.881e+0,3.312e-19,1.382e-29,1.600e-8,,,,4.486e-18,2.958e-36,1.235e-17,,2.414e-26,,,,1.694e-21,2.156e-16,1.712e-7,6.588e-29,,1.943e-4,,1.950e-16,1.881e-18,,2.215e-19,6.871e-18,,,,,,2.153e-18,,,,,,,,,,,,,,
773.47,3.115e+0,9.409e-20,3.036e-26,1.129e-30,2.549e-17,,,1.184e-18,2.283e-19,,9.208e-16,6.070e-7,4.438e-27,3.115e+0,3.314e-19,1.381e-29,1.134e-8,,,,4.487e-18,2.959e-36,1.235e-17,,2.414e-26,,,,1.694e-21,2.157e-16,1.285e-7,6.582e-29,,1.907e-4,,1.951e-16,1.880e-18,,2.215e-19,6.871e-18,,,,,,2.153e-18,,,,,,,,,,,,,,
773.49,3.276e+0,6.823e-20,3.034e-26,9.462e-31,2.549e-17,,,1.183e-18,2.283e-19,,9.210e-16,5.168e-7,4.482e-27,3.276e+0,3.315e-19,1.381e-29,8.999e-9,,,,4.487e-18,2.959e-36,1.235e-17,,2.414e-26,,,,1.694e-21,2.157e-16,1.060e-7,6.578e-29,,1.880e-4,,1.951e-16,1.879e-18,,2.215e-19,6.871e-18,,,,,,2.154e-18,,,,,,,,,,,,,,
773.52,3.525e+0,6.803e-20,3.031e-26,7.244e-31,2.550e-17,,,1.183e-18,2.283e-19,,9.213e-16,4.051e-7,4.547e-27,3.525e+0,3.317e-19,1.380e-29,6.347e-9,,,,4.488e-18,2.959e-36,1.234e-17,,2.413e-26,,,,1.693e-21,2.157e-16,7.920e-8,6.572e-29,,1.836e-4,,1.951e-16,1.878e-18,,2.215e-19,6.871e-18,,,,,,2.154e-18,,,,,,,,,,,,,,
773.54,3.695e+0,6.789e-20,3.029e-26,6.053e-31,2.550e-17,,,1.183e-18,2.284e-19,,9.214e-16,3.438e-7,4.591e-27,3.695e+0,3.318e-19,1.379e-29,5.022e-9,,,,4.488e-18,2.959e-36,1.234e-17,,2.413e-26,,,,1.693e-21,2.158e-16,6.511e-8,6.567e-29,,1.805e-4,,1.951e-16,1.878e-18,,2.215e-19,6.871e-18,,,,,,2.154e-18,,,,,,,,,,,,,,
773.56,3.869e+0,6.775e-20,3.028e-26,5.051e-31,2.551e-17,,,1.183e-18,2.284e-19,,9.216e-16,2.914e-7,4.634e-27,3.869e+0,3.319e-19,1.379e-29,3.968e-9,,,,4.488e-18,2.960e-36,1.234e-17,,2.412e-26,,,,1.693e-21,2.158e-16,5.346e-8,6.563e-29,,1.772e-4,,1.951e-16,1.877e-18,,2.215e-19,6.871e-18,,,,,,2.154e-18,,,,,,,,,,,,,,
773.59,4.135e+0,6.754e-20,3.025e-26,3.841e-31,2.551e-17,,,1.183e-18,2.285e-19,,9.219e-16,2.269e-7,4.699e-27,4.135e+0,3.321e-19,1.378e-29,2.780e-9,,,,4.489e-18,2.960e-36,1.234e-17,,2.412e-26,,,,1.692e-21,2.158e-16,3.967e-8,6.557e-29,,1.719e-4,,1.952e-16,1.876e-18,,2.215e-19,6.871e-18,,,,,,2.155e-18,,,,,,,,,,,,,,
773.61,4.316e+0,6.741e-20,3.023e-26,3.195e-31,2.551e-17,,,1.183e-18,2.285e-19,,9.221e-16,1.917e-7,4.743e-27,4.316e+0,3.322e-19,1.377e-29,2.189e-9,,,,4.489e-18,2.960e-36,1.234e-17,,2.412e-26,,,,1.692e-21,2.158e-16,3.247e-8,6.553e-29,,1.682e-4,,1.952e-16,1.876e-18,,2.215e-19,6.871e-18,,,,,,2.155e-18,,,,,,,,,,,,,,
773.64,4.591e+0,6.720e-20,3.020e-26,2.418e-31,2.552e-17,,,1.183e-18,2.285e-19,,9.224e-16,1.486e-7,4.808e-27,4.591e+0,3.324e-19,1.377e-29,1.526e-9,,,,4.490e-18,2.960e-36,1.234e-17,,2.411e-26,,,,1.692e-21,2.159e-16,2.398e-8,6.546e-29,,1.624e-4,,1.952e-16,1.875e-18,,2.215e-19,6.871e-18,,,,,,2.155e-18,,,,,,,,,,,,,,
773.66,4.776e+0,6.706e-20,3.019e-26,2.004e-31,2.552e-17,,,1.183e-18,2.286e-19,,9.226e-16,1.251e-7,4.852e-27,4.776e+0,3.325e-19,1.376e-29,1.198e-9,,,,4.490e-18,2.960e-36,1.233e-17,,2.411e-26,,,,1.692e-21,2.159e-16,1.956e-8,6.542e-29,,1.584e-4,,1.952e-16,1.874e-18,,2.214e-19,6.871e-18,,,,,,2.156e-18,,,,,,,,,,,,,,
773.69,5.056e+0,6.685e-20,3.016e-26,1.510e-31,2.553e-17,,,1.183e-18,2.286e-19,,9.228e-16,9.649e-8,4.917e-27,5.056e+0,3.327e-19,1.375e-29,8.314e-10,,,,4.491e-18,2.961e-36,1.233e-17,,2.410e-26,,,,1.691e-21,2.159e-16,1.438e-8,6.536e-29,,1.522e-4,,1.953e-16,1.873e-18,,2.214e-19,6.871e-18,,,,,,2.156e-18,,,,,,,,,,,,,,
773.71,5.243e+0,6.672e-20,3.014e-26,1.248e-31,2.553e-17,,,1.183e-18,2.287e-19,,9.230e-16,8.102e-8,4.960e-27,5.243e+0,3.328e-19,1.375e-29,6.505e-10,,,,4.491e-18,2.961e-36,1.233e-17,,2.410e-26,,,,1.691e-21,2.159e-16,1.169e-8,6.532e-29,,1.480e-4,,1.953e-16,1.873e-18,,2.214e-19,6.871e-18,,,,,,2.156e-18,,,,,,,,,,,,,,
773.74,5.524e+0,6.651e-20,3.011e-26,9.350e-32,2.554e-17,,,1.183e-18,2.287e-19,,9.233e-16,6.218e-8,5.026e-27,5.524e+0,3.330e-19,1.374e-29,4.492e-10,,,,4.492e-18,2.961e-36,1.233e-17,,2.409e-26,,,,1.691e-21,2.160e-16,8.551e-9,6.526e-29,,1.416e-4,,1.953e-16,1.872e-18,,2.214e-19,6.871e-18,,,,,,2.157e-18,,,,,,,,,,,,,,
773.76,5.710e+0,6.637e-20,3.010e-26,7.702e-32,2.554e-17,,,1.183e-18,2.287e-19,,9.235e-16,5.204e-8,5.069e-27,5.710e+0,3.331e-19,1.373e-29,3.504e-10,,,,4.492e-18,2.961e-36,1.233e-17,,2.409e-26,,,,1.690e-21,2.160e-16,6.930e-9,6.521e-29,,1.372e-4,,1.953e-16,1.871e-18,,2.214e-19,6.871e-18,,,,,,2.157e-18,,,,,,,,,,,,,,
773.79,5.988e+0,6.616e-20,3.007e-26,5.745e-32,2.554e-17,,,1.183e-18,2.288e-19,,9.238e-16,3.975e-8,5.134e-27,5.987e+0,3.332e-19,1.372e-29,2.408e-10,,,,4.493e-18,2.962e-36,1.233e-17,,2.408e-26,,,,1.690e-21,2.160e-16,5.045e-9,6.515e-29,,1.306e-4,,1.954e-16,1.870e-18,,2.214e-19,6.871e-18,,,,,,2.157e-18,,,,,,,,,,,,,,
773.81,6.170e+0,6.603e-20,3.005e-26,4.717e-32,2.555e-17,,,1.183e-18,2.288e-19,,9.240e-16,3.316e-8,5.178e-27,6.170e+0,3.334e-19,1.372e-29,1.872e-10,,,,4.493e-18,2.962e-36,1.232e-17,,2.408e-26,,,,1.690e-21,2.160e-16,4.076e-9,6.511e-29,,1.262e-4,,1.954e-16,1.870e-18,,2.214e-19,6.871e-18,,,,,,2.158e-18,,,,,,,,,,,,,,
773.84,6.438e+0,6.582e-20,3.003e-26,3.501e-32,2.555e-17,,,1.183e-18,2.289e-19,,9.242e-16,2.521e-8,5.243e-27,6.438e+0,3.335e-19,1.371e-29,1.280e-10,,,,4.494e-18,2.962e-36,1.232e-17,,2.408e-26,,,,1.689e-21,2.161e-16,2.952e-9,6.505e-29,,1.195e-4,,1.954e-16,1.869e-18,,2.214e-19,6.871e-18,,,,,,2.158e-18,,,,,,,,,,,,,,
773.86,6.613e+0,6.568e-20,3.001e-26,2.866e-32,2.555e-17,,,1.183e-18,2.289e-19,,9.244e-16,2.096e-8,5.287e-27,6.613e+0,3.336e-19,1.370e-29,9.919e-11,,,,4.494e-18,2.962e-36,1.232e-17,,2.407e-26,,,,1.689e-21,2.161e-16,2.378e-9,6.500e-29,,1.151e-4,,1.954e-16,1.868e-18,,2.214e-19,6.871e-18,,,,,,2.158e-18,,,,,,,,,,,,,,
773.89,6.868e+0,6.547e-20,2.998e-26,2.117e-32,2.556e-17,,,1.183e-18,2.289e-19,,9.247e-16,1.586e-8,5.352e-27,6.868e+0,3.338e-19,1.369e-29,6.751e-11,,,,4.494e-18,2.963e-36,1.232e-17,,2.407e-26,,,,1.689e-21,2.161e-16,1.714e-9,6.494e-29,,1.086e-4,,1.954e-16,1.867e-18,,2.214e-19,6.870e-18,,,,,,2.159e-18,,,,,,,,,,,,,,
773.91,7.032e+0,6.534e-20,2.996e-26,1.727e-32,2.556e-17,,,1.182e-18,2.290e-19,,9.249e-16,1.315e-8,5.396e-27,7.032e+0,3.339e-19,1.369e-29,5.214e-11,,,,4.495e-18,2.963e-36,1.232e-17,,2.406e-26,,,,1.689e-21,2.161e-16,1.376e-9,6.490e-29,,1.042e-4,,1.955e-16,1.867e-18,,2.214e-19,6.870e-18,,,,,,2.159e-18,,,,,,,,,,,,,,
773.93,7.191e+0,6.520e-20,2.994e-26,1.407e-32,2.557e-17,,,1.182e-18,2.290e-19,,9.251e-16,1.088e-8,5.439e-27,7.191e+0,3.340e-19,1.368e-29,4.023e-11,,,,4.495e-18,2.963e-36,1.232e-17,,2.406e-26,,,,1.688e-21,2.162e-16,1.103e-9,6.486e-29,,9.993e-5,,1.955e-16,1.866e-18,,2.214e-19,6.870e-18,,,,,,2.159e-18,,,,,,,,,,,,,,
773.96,7.418e+0,6.499e-20,2.992e-26,1.033e-32,2.557e-17,,,1.182e-18,2.291e-19,,9.254e-16,8.178e-9,5.504e-27,7.418e+0,3.342e-19,1.367e-29,2.719e-11,,,,4.496e-18,2.963e-36,1.231e-17,,2.406e-26,,,,1.688e-21,2.162e-16,7.898e-10,6.480e-29,,9.361e-5,,1.955e-16,1.865e-18,,2.214e-19,6.870e-18,,,,,,2.159e-18,,,,,,,,,,,,,,
773.98,7.562e+0,6.485e-20,2.990e-26,8.387e-33,2.557e-17,,,1.182e-18,2.291e-19,,9.256e-16,6.749e-9,5.548e-27,7.562e+0,3.343e-19,1.367e-29,2.091e-11,,,,4.496e-18,2.963e-36,1.231e-17,,2.405e-26,,,,1.688e-21,2.162e-16,6.311e-10,6.475e-29,,8.949e-5,,1.955e-16,1.864e-18,,2.214e-19,6.870e-18,,,,,,2.160e-18,,,,,,,,,,,,,,
774.01,7.763e+0,6.465e-20,2.987e-26,6.124e-33,2.558e-17,,,1.182e-18,2.291e-19,,9.258e-16,5.047e-9,5.613e-27,7.763e+0,3.345e-19,1.366e-29,1.407e-11,,,,4.497e-18,2.964e-36,1.231e-17,,2.405e-26,,,,1.687e-21,2.163e-16,4.498e-10,6.469e-29,,8.345e-5,,1.955e-16,1.864e-18,,2.214e-19,6.870e-18,,,,,,2.160e-18,,,,,,,,,,,,,,
774.03,7.888e+0,6.451e-20,2.986e-26,4.958e-33,2.558e-17,,,1.182e-18,2.292e-19,,9.260e-16,4.152e-9,5.657e-27,7.888e+0,3.346e-19,1.365e-29,1.078e-11,,,,4.497e-18,2.964e-36,1.231e-17,,2.404e-26,,,,1.687e-21,2.163e-16,3.582e-10,6.465e-29,,7.953e-5,,1.956e-16,1.863e-18,,2.214e-19,6.870e-18,,,,,,2.160e-18,,,,,,,,,,,,,,
774.06,8.060e+0,6.430e-20,2.983e-26,3.603e-33,2.559e-17,,,1.182e-18,2.292e-19,,9.263e-16,3.090e-9,5.722e-27,8.060e+0,3.348e-19,1.364e-29,7.217e-12,,,,4.498e-18,2.964e-36,1.231e-17,,2.404e-26,,,,1.687e-21,2.163e-16,2.541e-10,6.459e-29,,7.383e-5,,1.956e-16,1.862e-18,,2.214e-19,6.870e-18,,,,,,2.161e-18,,,,,,,,,,,,,,
774.08,8.164e+0,6.416e-20,2.981e-26,2.907e-33,2.559e-17,,,1.182e-18,2.293e-19,,9.265e-16,2.534e-9,5.765e-27,8.163e+0,3.349e-19,1.364e-29,5.514e-12,,,,4.498e-18,2.964e-36,1.230e-17,,2.403e-26,,,,1.687e-21,2.163e-16,2.017e-10,6.454e-29,,7.015e-5,,1.956e-16,1.862e-18,,2.214e-19,6.870e-18,,,,,,2.161e-18,,,,,,,,,,,,,,
774.11,8.301e+0,6.396e-20,2.978e-26,2.102e-33,2.560e-17,,,1.182e-18,2.293e-19,,9.268e-16,1.877e-9,5.831e-27,8.301e+0,3.351e-19,1.363e-29,3.674e-12,,,,4.499e-18,2.965e-36,1.230e-17,,2.403e-26,,,,1.686e-21,2.164e-16,1.424e-10,6.448e-29,,6.484e-5,,1.956e-16,1.861e-18,,2.214e-19,6.870e-18,,,,,,2.161e-18,,,,,,,,,,,,,,
774.13,8.381e+0,6.382e-20,2.977e-26,1.691e-33,2.560e-17,,,1.182e-18,2.293e-19,,9.270e-16,1.534e-9,5.874e-27,8.381e+0,3.352e-19,1.362e-29,2.798e-12,,,,4.499e-18,2.965e-36,1.230e-17,,2.403e-26,,,,1.686e-21,2.164e-16,1.127e-10,6.444e-29,,6.144e-5,,1.957e-16,1.860e-18,,2.214e-19,6.870e-18,,,,,,2.161e-18,,,,,,,,,,,,,,
774.16,8.482e+0,6.361e-20,2.974e-26,1.217e-33,2.560e-17,,,1.182e-18,2.294e-19,,9.272e-16,1.131e-9,5.939e-27,8.482e+0,3.353e-19,1.361e-29,1.855e-12,,,,4.499e-18,2.965e-36,1.230e-17,,2.402e-26,,,,1.686e-21,2.164e-16,7.913e-11,6.438e-29,,5.656e-5,,1.957e-16,1.859e-18,,2.214e-19,6.870e-18,,,,,,2.162e-18,,,,,,,,,,,,,,
774.18,8.536e+0,6.347e-20,2.972e-26,9.758e-34,2.561e-17,,,1.182e-18,2.294e-19,,9.274e-16,9.213e-10,5.983e-27,8.536e+0,3.355e-19,1.361e-29,1.408e-12,,,,4.500e-18,2.965e-36,1.230e-17,,2.402e-26,,,,1.686e-21,2.164e-16,6.242e-11,6.433e-29,,5.346e-5,,1.957e-16,1.859e-18,,2.214e-19,6.870e-18,,,,,,2.162e-18,,,,,,,,,,,,,,
774.21,8.598e+0,6.327e-20,2.969e-26,6.989e-34,2.561e-17,,,1.182e-18,2.295e-19,,9.277e-16,6.759e-10,6.048e-27,8.598e+0,3.356e-19,1.360e-29,9.290e-13,,,,4.500e-18,2.965e-36,1.230e-17,,2.401e-26,,,,1.685e-21,2.165e-16,4.363e-11,6.427e-29,,4.902e-5,,1.957e-16,1.858e-18,,2.214e-19,6.870e-18,,,,,,2.162e-18,,,,,,,,,,,,,,
774.23,8.625e+0,6.313e-20,2.968e-26,5.586e-34,2.562e-17,,,1.182e-18,2.295e-19,,9.279e-16,5.489e-10,6.092e-27,8.625e+0,3.357e-19,1.359e-29,7.029e-13,,,,4.501e-18,2.966e-36,1.229e-17,,2.401e-26,,,,1.685e-21,2.165e-16,3.431e-11,6.423e-29,,4.622e-5,,1.957e-16,1.857e-18,,2.214e-19,6.870e-18,,,,,,2.163e-18,,,,,,,,,,,,,,
774.26,8.646e+0,6.292e-20,2.965e-26,3.981e-34,2.562e-17,,,1.182e-18,2.295e-19,,9.282e-16,4.008e-10,6.157e-27,8.646e+0,3.359e-19,1.359e-29,4.615e-13,,,,4.501e-18,2.966e-36,1.229e-17,,2.400e-26,,,,1.685e-21,2.165e-16,2.386e-11,6.417e-29,,4.225e-5,,1.958e-16,1.856e-18,,2.214e-19,6.870e-18,,,,,,2.163e-18,,,,,,,,,,,,,,
774.28,8.646e+0,6.279e-20,2.963e-26,3.172e-34,2.562e-17,,,1.182e-18,2.296e-19,,9.284e-16,3.244e-10,6.200e-27,8.646e+0,3.360e-19,1.358e-29,3.481e-13,,,,4.502e-18,2.966e-36,1.229e-17,,2.400e-26,,,,1.684e-21,2.165e-16,1.870e-11,6.413e-29,,3.976e-5,,1.958e-16,1.856e-18,,2.214e-19,6.870e-18,,,,,,2.163e-18,,,,,,,,,,,,,,
774.31,8.625e+0,6.258e-20,2.961e-26,2.250e-34,2.563e-17,,,1.182e-18,2.296e-19,,9.286e-16,2.357e-10,6.266e-27,8.625e+0,3.362e-19,1.357e-29,2.275e-13,,,,4.502e-18,2.966e-36,1.229e-17,,2.400e-26,,,,1.684e-21,2.166e-16,1.295e-11,6.406e-29,,3.626e-5,,1.958e-16,1.855e-18,,2.214e-19,6.870e-18,,,,,,2.164e-18,,,,,,,,,,,,,,
774.33,8.598e+0,6.244e-20,2.959e-26,1.786e-34,2.563e-17,,,1.182e-18,2.297e-19,,9.288e-16,1.902e-10,6.309e-27,8.598e+0,3.363e-19,1.357e-29,1.710e-13,,,,4.503e-18,2.966e-36,1.229e-17,,2.399e-26,,,,1.684e-21,2.166e-16,1.012e-11,6.402e-29,,3.407e-5,,1.958e-16,1.854e-18,,2.214e-19,6.870e-18,,,,,,2.164e-18,,,,,,,,,,,,,,
774.35,8.560e+0,6.230e-20,2.957e-26,1.417e-34,2.563e-17,,,1.181e-18,2.297e-19,,9.290e-16,1.533e-10,6.353e-27,8.560e+0,3.364e-19,1.356e-29,1.284e-13,,,,4.503e-18,2.967e-36,1.229e-17,,2.399e-26,,,,1.684e-21,2.166e-16,7.893e-12,6.398e-29,,3.201e-5,,1.959e-16,1.853e-18,,2.214e-19,6.870e-18,,,,,,2.164e-18,,,,,,,,,,,,,,
774.38,8.482e+0,6.210e-20,2.954e-26,9.982e-35,2.564e-17,,,1.181e-18,2.297e-19,,9.293e-16,1.107e-10,6.418e-27,8.482e+0,3.366e-19,1.355e-29,8.333e-14,,,,4.504e-18,2.967e-36,1.228e-17,,2.398e-26,,,,1.683e-21,2.166e-16,5.427e-12,6.392e-29,,2.914e-5,,1.959e-16,1.853e-18,,2.214e-19,6.870e-18,,,,,,2.164e-18,,,,,,,,,,,,,,
774.4,8.417e+0,6.196e-20,2.952e-26,7.891e-35,2.564e-17,,,1.181e-18,2.298e-19,,9.295e-16,8.889e-11,6.461e-27,8.417e+0,3.367e-19,1.354e-29,6.236e-14,,,,4.504e-18,2.967e-36,1.228e-17,,2.398e-26,,,,1.683e-21,2.167e-16,4.221e-12,6.387e-29,,2.738e-5,,1.959e-16,1.852e-18,,2.214e-19,6.870e-18,,,,,,2.165e-18,,,,,,,,,,,,,,
774.43,8.301e+0,6.175e-20,2.950e-26,5.532e-35,2.565e-17,,,1.181e-18,2.298e-19,,9.298e-16,6.385e-11,6.527e-27,8.301e+0,3.369e-19,1.354e-29,4.028e-14,,,,4.504e-18,2.967e-36,1.228e-17,,2.397e-26,,,,1.683e-21,2.167e-16,2.888e-12,6.381e-29,,2.494e-5,,1.959e-16,1.851e-18,,2.214e-19,6.870e-18,,,,,,2.165e-18,,,,,,,,,,,,,,
774.45,8.212e+0,6.161e-20,2.948e-26,4.359e-35,2.565e-17,,,1.181e-18,2.299e-19,,9.299e-16,5.113e-11,6.570e-27,8.212e+0,3.370e-19,1.353e-29,3.005e-14,,,,4.505e-18,2.968e-36,1.228e-17,,2.397e-26,,,,1.682e-21,2.167e-16,2.239e-12,6.377e-29,,2.346e-5,,1.959e-16,1.850e-18,,2.213e-19,6.870e-18,,,,,,2.165e-18,,,,,,,,,,,,,,
774.48,8.060e+0,6.141e-20,2.945e-26,3.042e-35,2.566e-17,,,1.181e-18,2.299e-19,,9.302e-16,3.655e-11,6.635e-27,8.060e+0,3.372e-19,1.352e-29,1.931e-14,,,,4.505e-18,2.968e-36,1.228e-17,,2.397e-26,,,,1.682e-21,2.168e-16,1.525e-12,6.371e-29,,2.144e-5,,1.960e-16,1.850e-18,,2.213e-19,6.870e-18,,,,,,2.166e-18,,,,,,,,,,,,,,
774.5,7.948e+0,6.127e-20,2.944e-26,2.389e-35,2.566e-17,,,1.181e-18,2.299e-19,,9.304e-16,2.917e-11,6.679e-27,7.948e+0,3.373e-19,1.352e-29,1.436e-14,,,,4.506e-18,2.968e-36,1.228e-17,,2.396e-26,,,,1.682e-21,2.168e-16,1.178e-12,6.367e-29,,2.022e-5,,1.960e-16,1.849e-18,,2.213e-19,6.870e-18,,,,,,2.166e-18,,,,,,,,,,,,,,
774.53,7.763e+0,6.106e-20,2.941e-26,1.659e-35,2.566e-17,,,1.181e-18,2.300e-19,,9.307e-16,2.075e-11,6.744e-27,7.763e+0,3.375e-19,1.351e-29,9.186e-15,,,,4.506e-18,2.968e-36,1.227e-17,,2.396e-26,,,,1.681e-21,2.168e-16,7.984e-13,6.360e-29,,1.859e-5,,1.960e-16,1.848e-18,,2.213e-19,6.870e-18,,,,,,2.166e-18,,,,,,,,,,,,,,
774.55,7.631e+0,6.092e-20,2.939e-26,1.299e-35,2.567e-17,,,1.181e-18,2.300e-19,,9.309e-16,1.651e-11,6.788e-27,7.631e+0,3.376e-19,1.350e-29,6.809e-15,,,,4.507e-18,2.968e-36,1.227e-17,,2.395e-26,,,,1.681e-21,2.168e-16,6.150e-13,6.356e-29,,1.763e-5,,1.960e-16,1.847e-18,,2.213e-19,6.870e-18,,,,,,2.167e-18,,,,,,,,,,,,,,
774.58,7.418e+0,6.072e-20,2.936e-26,8.976e-36,2.567e-17,,,1.181e-18,2.301e-19,,9.312e-16,1.169e-11,6.853e-27,7.418e+0,3.377e-19,1.349e-29,4.334e-15,,,,4.507e-18,2.969e-36,1.227e-17,,2.395e-26,,,,1.681e-21,2.169e-16,4.148e-13,6.350e-29,,1.636e-5,,1.961e-16,1.847e-18,,2.213e-19,6.870e-18,,,,,,2.167e-18,,,,,,,,,,,,,,
774.6,7.268e+0,6.058e-20,2.935e-26,7.005e-36,2.568e-17,,,1.181e-18,2.301e-19,,9.313e-16,9.271e-12,6.897e-27,7.268e+0,3.379e-19,1.349e-29,3.202e-15,,,,4.508e-18,2.969e-36,1.227e-17,,2.395e-26,,,,1.681e-21,2.169e-16,3.185e-13,6.346e-29,,1.563e-5,,1.961e-16,1.846e-18,,2.213e-19,6.870e-18,,,,,,2.167e-18,,,,,,,,,,,,,,
774.63,7.032e+0,6.037e-20,2.932e-26,4.818e-36,2.568e-17,,,1.181e-18,2.301e-19,,9.316e-16,6.532e-12,6.962e-27,7.032e+0,3.380e-19,1.348e-29,2.029e-15,,,,4.508e-18,2.969e-36,1.227e-17,,2.394e-26,,,,1.680e-21,2.169e-16,2.137e-13,6.339e-29,,1.470e-5,,1.961e-16,1.845e-18,,2.213e-19,6.870e-18,,,,,,2.167e-18,,,,,,,,,,,,,,
774.65,6.868e+0,6.023e-20,2.930e-26,3.748e-36,2.568e-17,,,1.181e-18,2.302e-19,,9.318e-16,5.164e-12,7.005e-27,6.868e+0,3.381e-19,1.347e-29,1.494e-15,,,,4.508e-18,2.969e-36,1.226e-17,,2.394e-26,,,,1.680e-21,2.169e-16,1.636e-13,6.335e-29,,1.419e-5,,1.961e-16,1.845e-18,,2.213e-19,6.870e-18,,,,,,2.168e-18,,,,,,,,,,,,,,
774.68,6.613e+0,6.003e-20,2.927e-26,2.565e-36,2.569e-17,,,1.181e-18,2.302e-19,,9.321e-16,3.621e-12,7.071e-27,6.613e+0,3.383e-19,1.346e-29,9.418e-16,,,,4.509e-18,2.970e-36,1.226e-17,,2.393e-26,,,,1.680e-21,2.170e-16,1.093e-13,6.329e-29,,1.357e-5,,1.961e-16,1.844e-18,,2.213e-19,6.870e-18,,,,,,2.168e-18,,,,,,,,,,,,,,
774.7,6.438e+0,5.989e-20,2.926e-26,1.989e-36,2.569e-17,,,1.181e-18,2.303e-19,,9.323e-16,2.853e-12,7.114e-27,6.438e+0,3.384e-19,1.346e-29,6.913e-16,,,,4.509e-18,2.970e-36,1.226e-17,,2.393e-26,,,,1.679e-21,2.170e-16,8.335e-14,6.325e-29,,1.325e-5,,1.962e-16,1.843e-18,,2.213e-19,6.870e-18,,,,,,2.168e-18,,,,,,,,,,,,,,
774.72,6.260e+0,5.975e-20,2.924e-26,1.540e-36,2.570e-17,,,1.181e-18,2.303e-19,,9.325e-16,2.245e-12,7.158e-27,6.260e+0,3.385e-19,1.345e-29,5.068e-16,,,,4.510e-18,2.970e-36,1.226e-17,,2.392e-26,,,,1.679e-21,2.170e-16,6.350e-14,6.321e-29,,1.301e-5,,1.962e-16,1.842e-18,,2.213e-19,6.870e-18,,,,,,2.169e-18,,,,,,,,,,,,,,
774.75,5.987e+0,5.954e-20,2.921e-26,1.047e-36,2.570e-17,,,1.181e-18,2.303e-19,,9.327e-16,1.564e-12,7.223e-27,5.987e+0,3.387e-19,1.344e-29,3.174e-16,,,,4.510e-18,2.970e-36,1.226e-17,,2.392e-26,,,,1.679e-21,2.170e-16,4.213e-14,6.314e-29,,1.278e-5,,1.962e-16,1.842e-18,,2.213e-19,6.870e-18,,,,,,2.169e-18,,,,,,,,,,,,,,
774.77,5.803e+0,5.941e-20,2.919e-26,8.081e-37,2.570e-17,,,1.180e-18,2.304e-19,,9.329e-16,1.227e-12,7.266e-27,5.803e+0,3.388e-19,1.344e-29,2.319e-16,,,,4.511e-18,2.970e-36,1.226e-17,,2.392e-26,,,,1.679e-21,2.171e-16,3.199e-14,6.310e-29,,1.271e-5,,1.962e-16,1.841e-18,,2.213e-19,6.870e-18,,,,,,2.169e-18,,,,,,,,,,,,,,
774.8,5.524e+0,5.920e-20,2.917e-26,5.467e-37,2.571e-17,,,1.180e-18,2.304e-19,,9.332e-16,8.504e-13,7.332e-27,5.524e+0,3.390e-19,1.343e-29,1.445e-16,,,,4.511e-18,2.971e-36,1.225e-17,,2.391e-26,,,,1.678e-21,2.171e-16,2.112e-14,6.304e-29,,1.272e-5,,1.963e-16,1.840e-18,,2.213e-19,6.870e-18,,,,,,2.170e-18,,,,,,,,,,,,,,
774.82,5.337e+0,5.906e-20,2.915e-26,4.207e-37,2.571e-17,,,1.180e-18,2.305e-19,,9.334e-16,6.649e-13,7.375e-27,5.337e+0,3.391e-19,1.342e-29,1.053e-16,,,,4.512e-18,2.971e-36,1.225e-17,,2.391e-26,,,,1.678e-21,2.171e-16,1.599e-14,6.300e-29,,1.281e-5,,1.963e-16,1.839e-18,,2.213e-19,6.870e-18,,,,,,2.170e-18,,,,,,,,,,,,,,
774.85,5.056e+0,5.885e-20,2.912e-26,2.832e-37,2.572e-17,,,1.180e-18,2.305e-19,,9.337e-16,4.587e-13,7.440e-27,5.056e+0,3.393e-19,1.341e-29,6.528e-17,,,,4.512e-18,2.971e-36,1.225e-17,,2.390e-26,,,,1.678e-21,2.171e-16,1.051e-14,6.293e-29,,1.305e-5,,1.963e-16,1.839e-18,,2.213e-19,6.870e-18,,,,,,2.170e-18,,,,,,,,,,,,,,
774.87,4.869e+0,5.872e-20,2.910e-26,2.173e-37,2.572e-17,,,1.180e-18,2.305e-19,,9.339e-16,3.575e-13,7.484e-27,4.869e+0,3.394e-19,1.341e-29,4.739e-17,,,,4.513e-18,2.971e-36,1.225e-17,,2.390e-26,,,,1.678e-21,2.172e-16,7.927e-15,6.289e-29,,1.328e-5,,1.963e-16,1.838e-18,,2.213e-19,6.870e-18,,,,,,2.170e-18,,,,,,,,,,,,,,
774.9,4.591e+0,5.851e-20,2.908e-26,1.456e-37,2.572e-17,,,1.180e-18,2.306e-19,,9.341e-16,2.454e-13,7.549e-27,4.591e+0,3.396e-19,1.340e-29,4.736e-17,,,,4.513e-18,2.972e-36,1.225e-17,,2.389e-26,,,,1.677e-21,2.172e-16,5.183e-15,6.283e-29,,1.371e-5,,1.963e-16,1.837e-18,,2.213e-19,6.870e-18,,,,,,2.171e-18,,,,,,,,,,,,,,
774.92,4.407e+0,5.837e-20,2.906e-26,1.113e-37,2.573e-17,,,1.180e-18,2.306e-19,,9.343e-16,1.907e-13,7.593e-27,4.407e+0,3.397e-19,1.339e-29,4.734e-17,,,,4.513e-18,2.972e-36,1.225e-17,,2.389e-26,,,,1.677e-21,2.172e-16,3.898e-15,6.279e-29,,1.406e-5,,1.964e-16,1.836e-18,,2.213e-19,6.870e-18,,,,,,2.171e-18,,,,,,,,,,,,,,
774.95,4.135e+0,5.817e-20,2.903e-26,7.433e-38,2.573e-17,,,1.180e-18,2.307e-19,,9.346e-16,1.303e-13,7.658e-27,4.135e+0,3.398e-19,1.338e-29,4.731e-17,,,,4.514e-18,2.972e-36,1.224e-17,,2.389e-26,,,,1.677e-21,2.173e-16,2.537e-15,6.272e-29,,1.468e-5,,1.964e-16,1.836e-18,,2.213e-19,6.870e-18,,,,,,2.171e-18,,,,,,,,,,,,,,
774.97,3.957e+0,5.803e-20,2.901e-26,5.672e-38,2.574e-17,,,1.180e-18,2.307e-19,,9.348e-16,1.009e-13,7.701e-27,3.957e+0,3.400e-19,1.338e-29,4.729e-17,,,,4.514e-18,2.972e-36,1.224e-17,,2.388e-26,,,,1.676e-21,2.173e-16,1.902e-15,6.268e-29,,1.514e-5,,1.964e-16,1.835e-18,,2.213e-19,6.870e-18,,,,,,2.172e-18,,,,,,,,,,,,,,
775,3.695e+0,5.782e-20,2.899e-26,3.780e-38,2.574e-17,,,1.180e-18,2.307e-19,,9.351e-16,6.860e-14,7.767e-27,3.695e+0,3.401e-19,1.337e-29,4.726e-17,,,,4.515e-18,2.972e-36,1.224e-17,,2.388e-26,,,,1.676e-21,2.173e-16,1.231e-15,6.262e-29,,1.591e-5,,1.964e-16,1.834e-18,,2.213e-19,6.870e-18,,,,,,2.172e-18,,,,,,,,,,,,,,
775.02,3.525e+0,5.768e-20,2.897e-26,2.888e-38,2.574e-17,,,1.180e-18,2.308e-19,,9.353e-16,5.295e-14,7.810e-27,3.525e+0,3.402e-19,1.336e-29,4.723e-17,,,,4.515e-18,2.973e-36,1.224e-17,,2.387e-26,,,,1.676e-21,2.173e-16,9.203e-16,6.258e-29,,1.646e-5,,1.965e-16,1.833e-18,,2.213e-19,6.870e-18,,,,,,2.172e-18,,,,,,,,,,,,,,
775.05,3.276e+0,5.748e-20,2.894e-26,1.941e-38,2.575e-17,,,1.180e-18,2.308e-19,,9.356e-16,3.583e-14,7.875e-27,3.276e+0,3.404e-19,1.336e-29,4.720e-17,,,,4.516e-18,2.973e-36,1.224e-17,,2.387e-26,,,,1.675e-21,2.174e-16,5.931e-16,6.251e-29,,1.736e-5,,1.965e-16,1.833e-18,,2.213e-19,6.870e-18,,,,,,2.173e-18,,,,,,,,,,,,,,
775.07,3.115e+0,5.734e-20,2.893e-26,1.504e-38,2.575e-17,,,1.180e-18,2.309e-19,,9.357e-16,2.757e-14,7.919e-27,3.115e+0,3.405e-19,1.335e-29,4.718e-17,,,,4.516e-18,2.973e-36,1.224e-17,,2.386e-26,,,,1.675e-21,2.174e-16,4.418e-16,6.247e-29,,1.799e-5,,1.965e-16,1.832e-18,,2.213e-19,6.870e-18,,,,,,2.173e-18,,,,,,,,,,,,,,
775.09,2.958e+0,5.720e-20,2.891e-26,1.183e-38,2.576e-17,,,1.180e-18,2.309e-19,,9.359e-16,2.119e-14,7.962e-27,2.958e+0,3.406e-19,1.334e-29,4.716e-17,,,,4.517e-18,2.973e-36,1.223e-17,,2.386e-26,,,,1.675e-21,2.174e-16,3.286e-16,6.243e-29,,1.865e-5,,1.965e-16,1.831e-18,,2.213e-19,6.870e-18,,,,,,2.173e-18,,,,,,,,,,,,,,
775.12,2.731e+0,5.699e-20,2.888e-26,8.676e-39,2.576e-17,,,1.180e-18,2.309e-19,,9.362e-16,1.424e-14,8.028e-27,2.731e+0,3.408e-19,1.334e-29,4.713e-17,,,,4.517e-18,2.974e-36,1.223e-17,,2.386e-26,,,,1.675e-21,2.174e-16,2.104e-16,6.237e-29,,1.969e-5,,1.965e-16,1.830e-18,,2.213e-19,6.870e-18,,,,,,2.173e-18,,,,,,,,,,,,,,
775.14,2.585e+0,5.685e-20,2.886e-26,7.459e-39,2.576e-17,,,1.180e-18,2.310e-19,,9.364e-16,1.091e-14,8.071e-27,2.585e+0,3.409e-19,1.333e-29,4.711e-17,,,,4.517e-18,2.974e-36,1.223e-17,,2.385e-26,,,,1.674e-21,2.175e-16,1.560e-16,6.233e-29,,2.041e-5,,1.966e-16,1.830e-18,,2.213e-19,6.870e-18,,,,,,2.174e-18,,,,,,,,,,,,,,
775.17,2.375e+0,5.665e-20,2.884e-26,6.723e-39,2.577e-17,,,1.180e-18,2.310e-19,,9.367e-16,7.296e-15,8.136e-27,2.375e+0,3.411e-19,1.332e-29,4.708e-17,,,,4.518e-18,2.974e-36,1.223e-17,,2.385e-26,,,,1.674e-21,2.175e-16,9.937e-17,6.226e-29,,2.152e-5,,1.966e-16,1.829e-18,,2.213e-19,6.870e-18,,,,,,2.174e-18,,,,,,,,,,,,,,
775.19,2.241e+0,5.651e-20,2.882e-26,6.899e-39,2.577e-17,,,1.180e-18,2.311e-19,,9.369e-16,5.571e-15,8.180e-27,2.241e+0,3.412e-19,1.332e-29,4.706e-17,,,,4.518e-18,2.974e-36,1.223e-17,,2.384e-26,,,,1.674e-21,2.175e-16,7.345e-17,6.222e-29,,2.227e-5,,1.966e-16,1.828e-18,,2.213e-19,6.870e-18,,,,,,2.174e-18,,,,,,,,,,,,,,
775.22,2.049e+0,5.630e-20,2.879e-26,8.190e-39,2.578e-17,,,1.179e-18,2.311e-19,,9.371e-16,3.708e-15,8.245e-27,2.049e+0,3.414e-19,1.331e-29,4.702e-17,,,,4.519e-18,2.974e-36,1.223e-17,,2.384e-26,,,,1.673e-21,2.175e-16,4.656e-17,6.216e-29,,2.343e-5,,1.966e-16,1.828e-18,,2.213e-19,6.870e-18,,,,,,2.175e-18,,,,,,,,,,,,,,
775.24,1.927e+0,5.617e-20,2.877e-26,9.819e-39,2.578e-17,,,1.179e-18,2.311e-19,,9.373e-16,2.823e-15,8.289e-27,1.927e+0,3.415e-19,1.330e-29,4.700e-17,,,,4.519e-18,2.975e-36,1.222e-17,,2.384e-26,,,,1.673e-21,2.176e-16,3.431e-17,6.212e-29,,2.421e-5,,1.967e-16,1.827e-18,,2.212e-19,6.870e-18,,,,,,2.175e-18,,,,,,,,,,,,,,
775.27,1.754e+0,5.596e-20,2.875e-26,1.371e-38,2.579e-17,,,1.179e-18,2.312e-19,,9.376e-16,1.870e-15,8.354e-27,1.754e+0,3.417e-19,1.329e-29,4.697e-17,,,,4.520e-18,2.975e-36,1.222e-17,,2.383e-26,,,,1.673e-21,2.176e-16,2.164e-17,6.205e-29,,2.539e-5,,1.967e-16,1.826e-18,,2.212e-19,6.870e-18,,,,,,2.175e-18,,,,,,,,,,,,,,
775.29,1.644e+0,5.582e-20,2.873e-26,1.752e-38,2.579e-17,,,1.179e-18,2.312e-19,,9.378e-16,1.419e-15,8.397e-27,1.644e+0,3.418e-19,1.329e-29,4.695e-17,,,,4.520e-18,2.975e-36,1.222e-17,,2.383e-26,,,,1.673e-21,2.176e-16,1.589e-17,6.201e-29,,2.618e-5,,1.967e-16,1.825e-18,,2.212e-19,6.870e-18,,,,,,2.176e-18,,,,,,,,,,,,,,
775.32,1.489e+0,5.561e-20,2.870e-26,2.576e-38,2.579e-17,,,1.179e-18,2.313e-19,,9.381e-16,9.352e-16,8.463e-27,1.489e+0,3.420e-19,1.328e-29,4.692e-17,,,,4.521e-18,2.975e-36,1.222e-17,,2.382e-26,,,,1.672e-21,2.176e-16,9.979e-18,6.195e-29,,2.736e-5,,1.967e-16,1.825e-18,,2.212e-19,6.870e-18,,,,,,2.176e-18,,,,,,,,,,,,,,
775.34,1.392e+0,5.548e-20,2.868e-26,3.349e-38,2.580e-17,,,1.179e-18,2.313e-19,,9.383e-16,7.072e-16,8.506e-27,1.392e+0,3.421e-19,1.327e-29,4.690e-17,,,,4.521e-18,2.976e-36,1.222e-17,,2.382e-26,,,,1.672e-21,2.177e-16,7.305e-18,6.191e-29,,2.813e-5,,1.967e-16,1.824e-18,,2.212e-19,6.870e-18,,,,,,2.176e-18,,,,,,,,,,,,,,
775.37,1.255e+0,5.527e-20,2.866e-26,4.975e-38,2.580e-17,,,1.179e-18,2.313e-19,,9.385e-16,4.640e-16,8.571e-27,1.254e+0,3.422e-19,1.326e-29,4.687e-17,,,,4.522e-18,2.976e-36,1.221e-17,,2.381e-26,,,,1.672e-21,2.177e-16,4.564e-18,6.185e-29,,2.928e-5,,1.968e-16,1.823e-18,,2.212e-19,6.870e-18,,,,,,2.176e-18,,,,,,,,,,,,,,
775.39,1.169e+0,5.513e-20,2.864e-26,6.478e-38,2.580e-17,,,1.179e-18,2.314e-19,,9.387e-16,3.498e-16,8.615e-27,1.169e+0,3.423e-19,1.326e-29,4.684e-17,,,,4.522e-18,2.976e-36,1.221e-17,,2.381e-26,,,,1.671e-21,2.177e-16,3.331e-18,6.180e-29,,3.003e-5,,1.968e-16,1.822e-18,,2.212e-19,6.870e-18,,,,,,2.177e-18,,,,,,,,,,,,,,
775.42,1.048e+0,5.492e-20,2.861e-26,9.614e-38,2.581e-17,,,1.179e-18,2.314e-19,,9.390e-16,2.284e-16,8.680e-27,1.048e+0,3.425e-19,1.325e-29,4.681e-17,,,,4.523e-18,2.976e-36,1.221e-17,,2.380e-26,,,,1.671e-21,2.178e-16,2.071e-18,6.174e-29,,3.112e-5,,1.968e-16,1.822e-18,,2.212e-19,6.870e-18,,,,,,2.177e-18,,,,,,,,,,,,,,
775.44,9.736e-1,5.479e-20,2.859e-26,1.250e-37,2.581e-17,,,1.179e-18,2.315e-19,,9.392e-16,1.716e-16,8.724e-27,9.736e-1,3.426e-19,1.324e-29,4.679e-17,,,,4.523e-18,2.976e-36,1.221e-17,,2.380e-26,,,,1.671e-21,2.178e-16,1.506e-18,6.170e-29,,3.182e-5,,1.968e-16,1.821e-18,,2.212e-19,6.870e-18,,,,,,2.177e-18,,,,,,,,,,,,,,
775.46,9.030e-1,5.465e-20,2.858e-26,1.622e-37,2.582e-17,,,1.179e-18,2.315e-19,,9.394e-16,1.288e-16,8.767e-27,9.029e-1,3.427e-19,1.324e-29,4.677e-17,,,,4.523e-18,2.977e-36,1.221e-17,,2.380e-26,,,,1.671e-21,2.178e-16,1.094e-18,6.166e-29,,3.250e-5,,1.968e-16,1.820e-18,,2.212e-19,6.870e-18,,,,,,2.178e-18,,,,,,,,,,,,,,
775.49,8.046e-1,5.444e-20,2.855e-26,2.394e-37,2.582e-17,,,1.179e-18,2.315e-19,,9.397e-16,8.351e-17,8.833e-27,8.046e-1,3.429e-19,1.323e-29,4.674e-17,,,,4.524e-18,2.977e-36,1.221e-17,,2.379e-26,,,,1.670e-21,2.178e-16,6.758e-19,6.159e-29,,3.347e-5,,1.969e-16,1.819e-18,,2.212e-19,6.870e-18,,,,,,2.178e-18,,,,,,,,,,,,,,
775.51,7.439e-1,5.430e-20,2.853e-26,3.099e-37,2.582e-17,,,1.179e-18,2.316e-19,,9.398e-16,6.247e-17,8.876e-27,7.438e-1,3.430e-19,1.322e-29,4.672e-17,,,,4.524e-18,2.977e-36,1.220e-17,,2.379e-26,,,,1.670e-21,2.179e-16,6.767e-19,6.155e-29,,3.408e-5,,1.969e-16,1.819e-18,,2.212e-19,6.870e-18,,,,,,2.178e-18,,,,,,,,,,,,,,
775.54,6.597e-1,5.410e-20,2.851e-26,4.554e-37,2.583e-17,,,1.179e-18,2.316e-19,,9.401e-16,4.032e-17,8.941e-27,6.596e-1,3.432e-19,1.321e-29,4.669e-17,,,,4.525e-18,2.977e-36,1.220e-17,,2.378e-26,,,,1.670e-21,2.179e-16,6.782e-19,6.149e-29,,3.494e-5,,1.969e-16,1.818e-18,,2.212e-19,6.870e-18,,,,,,2.179e-18,,,,,,,,,,,,,,
775.56,6.079e-1,5.396e-20,2.849e-26,5.876e-37,2.583e-17,,,1.179e-18,2.317e-19,,9.403e-16,3.006e-17,8.985e-27,6.079e-1,3.433e-19,1.321e-29,4.667e-17,,,,4.525e-18,2.978e-36,1.220e-17,,2.378e-26,,,,1.670e-21,2.179e-16,6.791e-19,6.145e-29,,3.547e-5,,1.969e-16,1.817e-18,,2.212e-19,6.870e-18,,,,,,2.179e-18,,,,,,,,,,,,,,
775.59,5.365e-1,5.375e-20,2.846e-26,8.592e-37,2.584e-17,,,1.179e-18,2.317e-19,,9.406e-16,1.929e-17,9.050e-27,5.365e-1,3.435e-19,1.320e-29,4.663e-17,,,,4.526e-18,2.978e-36,1.220e-17,,2.378e-26,,,,1.669e-21,2.179e-16,6.806e-19,6.138e-29,,3.620e-5,,1.970e-16,1.816e-18,,2.212e-19,6.870e-18,,,,,,2.179e-18,,,,,,,,,,,,,,
775.61,4.929e-1,5.361e-20,2.844e-26,1.105e-36,2.584e-17,,,1.179e-18,2.317e-19,,9.408e-16,1.433e-17,9.094e-27,4.928e-1,3.436e-19,1.319e-29,4.661e-17,,,,4.526e-18,2.978e-36,1.220e-17,,2.377e-26,,,,1.669e-21,2.180e-16,6.816e-19,6.134e-29,,3.663e-5,,1.970e-16,1.816e-18,,2.212e-19,6.870e-18,,,,,,2.179e-18,,,,,,,,,,,,,,
775.64,4.329e-1,5.341e-20,2.842e-26,1.609e-36,2.585e-17,,,1.178e-18,2.318e-19,,9.411e-16,9.163e-18,9.159e-27,4.329e-1,3.438e-19,1.318e-29,4.658e-17,,,,4.527e-18,2.978e-36,1.220e-17,,2.377e-26,,,,1.669e-21,2.180e-16,6.830e-19,6.128e-29,,3.721e-5,,1.970e-16,1.815e-18,,2.212e-19,6.870e-18,,,,,,2.180e-18,,,,,,,,,,,,,,
775.66,3.964e-1,5.327e-20,2.840e-26,2.063e-36,2.585e-17,,,1.178e-18,2.318e-19,,9.412e-16,6.789e-18,9.202e-27,3.964e-1,3.439e-19,1.318e-29,4.656e-17,,,,4.527e-18,2.978e-36,1.219e-17,,2.376e-26,,,,1.668e-21,2.180e-16,6.840e-19,6.124e-29,,3.753e-5,,1.970e-16,1.814e-18,,2.212e-19,6.870e-18,,,,,,2.180e-18,,,,,,,,,,,,,,
775.69,3.465e-1,5.306e-20,2.837e-26,2.988e-36,2.585e-17,,,1.178e-18,2.319e-19,,9.415e-16,4.319e-18,9.268e-27,3.465e-1,3.441e-19,1.317e-29,4.653e-17,,,,4.528e-18,2.979e-36,1.219e-17,,2.376e-26,,,,1.668e-21,2.180e-16,6.854e-19,6.118e-29,,3.794e-5,,1.971e-16,1.813e-18,,2.212e-19,6.870e-18,,,,,,2.180e-18,,,,,,,,,,,,,,
775.71,3.163e-1,5.292e-20,2.835e-26,3.820e-36,2.586e-17,,,1.178e-18,2.319e-19,,9.417e-16,3.189e-18,9.311e-27,3.163e-1,3.442e-19,1.316e-29,4.651e-17,,,,4.528e-18,2.979e-36,1.219e-17,,2.375e-26,,,,1.668e-21,2.181e-16,6.864e-19,6.113e-29,,3.816e-5,,1.971e-16,1.813e-18,,2.212e-19,6.870e-18,,,,,,2.181e-18,,,,,,,,,,,,,,
775.74,2.752e-1,5.272e-20,2.833e-26,5.507e-36,2.586e-17,,,1.178e-18,2.320e-19,,9.420e-16,2.019e-18,9.376e-27,2.752e-1,3.443e-19,1.316e-29,4.648e-17,,,,4.529e-18,2.979e-36,1.219e-17,,2.375e-26,,,,1.667e-21,2.181e-16,6.878e-19,6.107e-29,,3.839e-5,,1.971e-16,1.812e-18,,2.212e-19,6.870e-18,,,,,,2.181e-18,,,,,,,,,,,,,,
775.76,2.504e-1,5.258e-20,2.831e-26,7.018e-36,2.587e-17,,,1.178e-18,2.320e-19,,9.422e-16,1.486e-18,9.420e-27,2.504e-1,3.445e-19,1.315e-29,4.645e-17,,,,4.529e-18,2.979e-36,1.219e-17,,2.375e-26,,,,1.667e-21,2.181e-16,6.888e-19,6.103e-29,,3.849e-5,,1.971e-16,1.811e-18,,2.212e-19,6.870e-18,,,,,,2.181e-18,,,,,,,,,,,,,,
775.79,2.168e-1,5.237e-20,2.828e-26,1.007e-35,2.587e-17,,,1.178e-18,2.320e-19,,9.425e-16,9.364e-19,9.485e-27,2.168e-1,3.446e-19,1.314e-29,4.642e-17,,,,4.529e-18,2.980e-36,1.219e-17,,2.374e-26,,,,1.667e-21,2.181e-16,6.903e-19,6.097e-29,,3.854e-5,,1.971e-16,1.811e-18,,2.212e-19,6.870e-18,,,,,,2.182e-18,,,,,,,,,,,,,,
775.81,1.966e-1,5.223e-20,2.826e-26,1.279e-35,2.587e-17,,,1.178e-18,2.321e-19,,9.427e-16,6.871e-19,9.529e-27,1.966e-1,3.447e-19,1.314e-29,4.640e-17,,,,4.530e-18,2.980e-36,1.218e-17,,2.374e-26,,,,1.667e-21,2.182e-16,6.912e-19,6.092e-29,,3.852e-5,,1.972e-16,1.810e-18,,2.212e-19,6.870e-18,,,,,,2.182e-18,,,,,,,,,,,,,,
775.83,1.781e-1,5.210e-20,2.825e-26,1.623e-35,2.588e-17,,,1.178e-18,2.321e-19,,9.428e-16,5.035e-19,9.572e-27,1.781e-1,3.449e-19,1.313e-29,4.638e-17,,,,4.530e-18,2.980e-36,1.218e-17,,2.373e-26,,,,1.666e-21,2.182e-16,6.922e-19,6.088e-29,,3.844e-5,,1.972e-16,1.809e-18,,2.212e-19,6.870e-18,,,,,,2.182e-18,,,,,,,,,,,,,,
775.86,1.532e-1,5.189e-20,2.822e-26,2.314e-35,2.588e-17,,,1.178e-18,2.321e-19,,9.431e-16,3.151e-19,9.637e-27,1.532e-1,3.450e-19,1.312e-29,4.635e-17,,,,4.531e-18,2.980e-36,1.218e-17,,2.373e-26,,,,1.666e-21,2.182e-16,6.936e-19,6.082e-29,,3.824e-5,,1.972e-16,1.808e-18,,2.212e-19,6.870e-18,,,,,,2.182e-18,,,,,,,,,,,,,,
775.88,1.383e-1,5.175e-20,2.820e-26,2.926e-35,2.588e-17,,,1.178e-18,2.322e-19,,9.433e-16,2.301e-19,9.681e-27,1.383e-1,3.451e-19,1.311e-29,4.633e-17,,,,4.531e-18,2.980e-36,1.218e-17,,2.373e-26,,,,1.666e-21,2.182e-16,6.946e-19,6.078e-29,,3.805e-5,,1.972e-16,1.808e-18,,2.212e-19,6.870e-18,,,,,,2.183e-18,,,,,,,,,,,,,,
775.91,1.184e-1,5.155e-20,2.817e-26,4.151e-35,2.589e-17,,,1.178e-18,2.322e-19,,9.436e-16,1.433e-19,9.746e-27,1.184e-1,3.453e-19,1.311e-29,4.630e-17,,,,4.532e-18,2.981e-36,1.218e-17,,2.372e-26,,,,1.665e-21,2.183e-16,6.960e-19,6.072e-29,,3.767e-5,,1.973e-16,1.807e-18,,2.212e-19,6.869e-18,,,,,,2.183e-18,,,,,,,,,,,,,,
775.93,1.066e-1,5.141e-20,2.816e-26,5.233e-35,2.589e-17,,,1.178e-18,2.323e-19,,9.438e-16,1.044e-19,9.790e-27,1.065e-1,3.454e-19,1.310e-29,4.628e-17,,,,4.532e-18,2.981e-36,1.218e-17,,2.372e-26,,,,1.665e-21,2.183e-16,6.970e-19,6.067e-29,,3.736e-5,,1.973e-16,1.806e-18,,2.212e-19,6.869e-18,,,,,,2.183e-18,,,,,,,,,,,,,,
775.96,9.079e-2,5.120e-20,2.813e-26,7.390e-35,2.590e-17,,,1.178e-18,2.323e-19,,9.441e-16,6.468e-20,9.855e-27,9.076e-2,3.456e-19,1.309e-29,4.624e-17,,,,4.533e-18,2.981e-36,1.217e-17,,2.371e-26,,,,1.665e-21,2.183e-16,6.985e-19,6.061e-29,,3.681e-5,,1.973e-16,1.805e-18,,2.212e-19,6.869e-18,,,,,,2.184e-18,,,,,,,,,,,,,,
775.98,8.146e-2,5.106e-20,2.811e-26,9.288e-35,2.590e-17,,,1.178e-18,2.323e-19,,9.442e-16,4.694e-20,9.898e-27,8.143e-2,3.457e-19,1.309e-29,4.622e-17,,,,4.533e-18,2.981e-36,1.217e-17,,2.371e-26,,,,1.665e-21,2.184e-16,6.994e-19,6.057e-29,,3.639e-5,,1.973e-16,1.805e-18,,2.212e-19,6.869e-18,,,,,,2.184e-18,,,,,,,,,,,,,,
776.01,6.907e-2,5.086e-20,2.808e-26,1.305e-34,2.591e-17,,,1.178e-18,2.324e-19,,9.445e-16,4.692e-20,9.964e-27,6.903e-2,3.459e-19,1.308e-29,4.619e-17,,,,4.533e-18,2.982e-36,1.217e-17,,2.370e-26,,,,1.664e-21,2.184e-16,7.009e-19,6.051e-29,,3.568e-5,,1.973e-16,1.804e-18,,2.212e-19,6.869e-18,,,,,,2.184e-18,,,,,,,,,,,,,,
776.03,6.177e-2,5.072e-20,2.807e-26,1.635e-34,2.591e-17,,,1.178e-18,2.324e-19,,9.447e-16,4.691e-20,1.001e-26,6.174e-2,3.460e-19,1.307e-29,4.617e-17,,,,4.534e-18,2.982e-36,1.217e-17,,2.370e-26,,,,1.664e-21,2.184e-16,7.018e-19,6.046e-29,,3.517e-5,,1.974e-16,1.803e-18,,2.211e-19,6.869e-18,,,,,,2.185e-18,,,,,,,,,,,,,,
776.06,5.212e-2,5.051e-20,2.804e-26,2.288e-34,2.591e-17,,,1.177e-18,2.325e-19,,9.450e-16,4.689e-20,1.007e-26,5.209e-2,3.462e-19,1.306e-29,4.614e-17,,,,4.534e-18,2.982e-36,1.217e-17,,2.369e-26,,,,1.664e-21,2.184e-16,7.033e-19,6.040e-29,,3.432e-5,,1.974e-16,1.802e-18,,2.211e-19,6.869e-18,,,,,,2.185e-18,,,,,,,,,,,,,,
776.08,4.647e-2,5.037e-20,2.802e-26,2.857e-34,2.592e-17,,,1.177e-18,2.325e-19,,9.452e-16,4.687e-20,1.012e-26,4.644e-2,3.463e-19,1.306e-29,4.612e-17,,,,4.535e-18,2.982e-36,1.216e-17,,2.369e-26,,,,1.663e-21,2.185e-16,7.043e-19,6.036e-29,,3.371e-5,,1.974e-16,1.802e-18,,2.211e-19,6.869e-18,,,,,,2.185e-18,,,,,,,,,,,,,,
776.11,3.903e-2,5.017e-20,2.800e-26,3.978e-34,2.592e-17,,,1.177e-18,2.326e-19,,9.455e-16,4.685e-20,1.018e-26,3.899e-2,3.464e-19,1.305e-29,4.609e-17,,,,4.535e-18,2.982e-36,1.216e-17,,2.369e-26,,,,1.663e-21,2.185e-16,7.057e-19,6.030e-29,,3.275e-5,,1.974e-16,1.801e-18,,2.211e-19,6.869e-18,,,,,,2.185e-18,,,,,,,,,,,,,,
776.13,3.468e-2,5.003e-20,2.798e-26,4.952e-34,2.593e-17,,,1.177e-18,2.326e-19,,9.456e-16,4.684e-20,1.022e-26,3.465e-2,3.466e-19,1.304e-29,4.607e-17,,,,4.536e-18,2.983e-36,1.216e-17,,2.368e-26,,,,1.663e-21,2.185e-16,7.067e-19,6.025e-29,,3.207e-5,,1.975e-16,1.800e-18,,2.211e-19,6.869e-18,,,,,,2.186e-18,,,,,,,,,,,,,,
776.16,2.899e-2,4.982e-20,2.795e-26,6.862e-34,2.593e-17,,,1.177e-18,2.326e-19,,9.459e-16,4.682e-20,1.029e-26,2.896e-2,3.467e-19,1.303e-29,4.603e-17,,,,4.536e-18,2.983e-36,1.216e-17,,2.368e-26,,,,1.663e-21,2.185e-16,7.081e-19,6.019e-29,,3.100e-5,,1.975e-16,1.799e-18,,2.211e-19,6.869e-18,,,,,,2.186e-18,,,,,,,,,,,,,,
776.18,2.568e-2,4.968e-20,2.793e-26,8.516e-34,2.593e-17,,,1.177e-18,2.327e-19,,9.461e-16,4.680e-20,1.033e-26,2.565e-2,3.468e-19,1.303e-29,4.601e-17,,,,4.537e-18,2.983e-36,1.216e-17,,2.367e-26,,,,1.662e-21,2.186e-16,7.091e-19,6.015e-29,,3.026e-5,,1.975e-16,1.799e-18,,2.211e-19,6.869e-18,,,,,,2.186e-18,,,,,,,,,,,,,,
776.21,2.136e-2,4.948e-20,2.791e-26,1.175e-33,2.594e-17,,,1.177e-18,2.327e-19,,9.464e-16,4.678e-20,1.040e-26,2.133e-2,3.470e-19,1.302e-29,4.598e-17,,,,4.537e-18,2.983e-36,1.216e-17,,2.367e-26,,,,1.662e-21,2.186e-16,7.105e-19,6.009e-29,,2.911e-5,,1.975e-16,1.798e-18,,2.211e-19,6.869e-18,,,,,,2.187e-18,,,,,,,,,,,,,,
776.23,1.887e-2,4.934e-20,2.789e-26,1.453e-33,2.594e-17,,,1.177e-18,2.327e-19,,9.466e-16,4.677e-20,1.044e-26,1.884e-2,3.471e-19,1.301e-29,4.596e-17,,,,4.538e-18,2.984e-36,1.215e-17,,2.367e-26,,,,1.662e-21,2.186e-16,7.115e-19,6.005e-29,,2.833e-5,,1.975e-16,1.797e-18,,2.211e-19,6.869e-18,,,,,,2.187e-18,,,,,,,,,,,,,,
776.25,1.664e-2,4.920e-20,2.787e-26,1.795e-33,2.595e-17,,,1.177e-18,2.328e-19,,9.468e-16,4.675e-20,1.049e-26,1.661e-2,3.472e-19,1.301e-29,4.594e-17,,,,4.538e-18,2.984e-36,1.215e-17,,2.366e-26,,,,1.662e-21,2.186e-16,7.125e-19,6.000e-29,,2.753e-5,,1.976e-16,1.797e-18,,2.211e-19,6.869e-18,,,,,,2.187e-18,,,,,,,,,,,,,,
776.28,1.375e-2,4.899e-20,2.784e-26,2.460e-33,2.595e-17,,,1.177e-18,2.328e-19,,9.470e-16,4.673e-20,1.055e-26,1.372e-2,3.474e-19,1.300e-29,4.591e-17,,,,4.538e-18,2.984e-36,1.215e-17,,2.366e-26,,,,1.661e-21,2.187e-16,7.139e-19,5.994e-29,,2.631e-5,,1.976e-16,1.796e-18,,2.211e-19,6.869e-18,,,,,,2.188e-18,,,,,,,,,,,,,,
776.3,1.209e-2,4.886e-20,2.783e-26,3.030e-33,2.595e-17,,,1.177e-18,2.329e-19,,9.472e-16,4.672e-20,1.059e-26,1.206e-2,3.475e-19,1.299e-29,4.589e-17,,,,4.539e-18,2.984e-36,1.215e-17,,2.365e-26,,,,1.661e-21,2.187e-16,7.149e-19,5.990e-29,,2.549e-5,,1.976e-16,1.795e-18,,2.211e-19,6.869e-18,,,,,,2.188e-18,,,,,,,,,,,,,,
776.33,9.943e-3,4.865e-20,2.780e-26,4.131e-33,2.596e-17,,,1.177e-18,2.329e-19,,9.475e-16,4.670e-20,1.066e-26,9.919e-3,3.477e-19,1.298e-29,4.585e-17,,,,4.539e-18,2.984e-36,1.215e-17,,2.365e-26,,,,1.661e-21,2.187e-16,7.163e-19,5.984e-29,,2.424e-5,,1.976e-16,1.794e-18,,2.211e-19,6.869e-18,,,,,,2.188e-18,,,,,,,,,,,,,,
776.35,8.715e-3,4.851e-20,2.778e-26,5.072e-33,2.596e-17,,,1.177e-18,2.329e-19,,9.477e-16,4.668e-20,1.070e-26,8.691e-3,3.478e-19,1.298e-29,4.583e-17,,,,4.540e-18,2.985e-36,1.215e-17,,2.364e-26,,,,1.660e-21,2.187e-16,7.173e-19,5.979e-29,,2.341e-5,,1.976e-16,1.794e-18,,2.211e-19,6.869e-18,,,,,,2.188e-18,,,,,,,,,,,,,,
776.38,7.134e-3,4.830e-20,2.775e-26,6.885e-33,2.597e-17,,,1.177e-18,2.330e-19,,9.480e-16,4.666e-20,1.077e-26,7.112e-3,3.480e-19,1.297e-29,4.580e-17,,,,4.540e-18,2.985e-36,1.214e-17,,2.364e-26,,,,1.660e-21,2.188e-16,7.187e-19,5.973e-29,,2.216e-5,,1.977e-16,1.793e-18,,2.211e-19,6.869e-18,,,,,,2.189e-18,,,,,,,,,,,,,,
776.4,6.233e-3,4.817e-20,2.774e-26,8.426e-33,2.597e-17,,,1.177e-18,2.330e-19,,9.482e-16,4.665e-20,1.081e-26,6.212e-3,3.481e-19,1.296e-29,4.578e-17,,,,4.541e-18,2.985e-36,1.214e-17,,2.364e-26,,,,1.660e-21,2.188e-16,7.197e-19,5.969e-29,,2.133e-5,,1.977e-16,1.792e-18,,2.211e-19,6.869e-18,,,,,,2.189e-18,,,,,,,,,,,,,,
776.43,5.079e-3,4.796e-20,2.771e-26,1.138e-32,2.597e-17,,,1.177e-18,2.331e-19,,9.484e-16,4.663e-20,1.088e-26,5.059e-3,3.483e-19,1.295e-29,4.575e-17,,,,4.541e-18,2.985e-36,1.214e-17,,2.363e-26,,,,1.659e-21,2.188e-16,7.212e-19,5.963e-29,,2.010e-5,,1.977e-16,1.791e-18,,2.211e-19,6.869e-18,,,,,,2.189e-18,,,,,,,,,,,,,,
776.45,4.424e-3,4.782e-20,2.769e-26,1.389e-32,2.598e-17,,,1.177e-18,2.331e-19,,9.486e-16,4.661e-20,1.092e-26,4.405e-3,3.484e-19,1.295e-29,4.573e-17,,,,4.542e-18,2.986e-36,1.214e-17,,2.363e-26,,,,1.659e-21,2.189e-16,7.221e-19,5.959e-29,,1.928e-5,,1.977e-16,1.791e-18,,2.211e-19,6.869e-18,,,,,,2.190e-18,,,,,,,,,,,,,,
776.48,3.588e-3,4.761e-20,2.766e-26,1.867e-32,2.598e-17,,,1.177e-18,2.332e-19,,9.489e-16,4.659e-20,1.099e-26,3.570e-3,3.486e-19,1.294e-29,4.570e-17,,,,4.542e-18,2.986e-36,1.214e-17,,2.362e-26,,,,1.659e-21,2.189e-16,7.236e-19,5.952e-29,,1.808e-5,,1.978e-16,1.790e-18,,2.211e-19,6.869e-18,,,,,,2.190e-18,,,,,,,,,,,,,,
776.5,3.116e-3,4.748e-20,2.765e-26,2.271e-32,2.599e-17,,,1.176e-18,2.332e-19,,9.491e-16,4.658e-20,1.103e-26,3.098e-3,3.487e-19,1.293e-29,4.568e-17,,,,4.543e-18,2.986e-36,1.214e-17,,2.362e-26,,,,1.659e-21,2.189e-16,7.245e-19,5.948e-29,,1.730e-5,,1.978e-16,1.789e-18,,2.211e-19,6.869e-18,,,,,,2.190e-18,,,,,,,,,,,,,,
776.53,2.515e-3,4.727e-20,2.762e-26,3.039e-32,2.599e-17,,,1.176e-18,2.332e-19,,9.494e-16,4.656e-20,1.109e-26,2.499e-3,3.488e-19,1.293e-29,4.564e-17,,,,4.543e-18,2.986e-36,1.213e-17,,2.361e-26,,,,1.658e-21,2.189e-16,7.260e-19,5.942e-29,,1.614e-5,,1.978e-16,1.788e-18,,2.211e-19,6.869e-18,,,,,,2.191e-18,,,,,,,,,,,,,,
776.55,2.178e-3,4.713e-20,2.760e-26,3.685e-32,2.599e-17,,,1.176e-18,2.333e-19,,9.496e-16,4.654e-20,1.114e-26,2.162e-3,3.490e-19,1.292e-29,4.562e-17,,,,4.543e-18,2.986e-36,1.213e-17,,2.361e-26,,,,1.658e-21,2.190e-16,7.270e-19,5.938e-29,,1.539e-5,,1.978e-16,1.788e-18,,2.211e-19,6.869e-18,,,,,,2.191e-18,,,,,,,,,,,,,,
776.58,1.750e-3,4.693e-20,2.758e-26,4.907e-32,2.600e-17,,,1.176e-18,2.333e-19,,9.498e-16,4.652e-20,1.120e-26,1.736e-3,3.491e-19,1.291e-29,4.559e-17,,,,4.544e-18,2.987e-36,1.213e-17,,2.361e-26,,,,1.658e-21,2.190e-16,7.284e-19,5.931e-29,,1.429e-5,,1.979e-16,1.787e-18,,2.211e-19,6.869e-18,,,,,,2.191e-18,,,,,,,,,,,,,,
776.6,1.510e-3,4.679e-20,2.756e-26,5.931e-32,2.600e-17,,,1.176e-18,2.333e-19,,9.500e-16,4.651e-20,1.125e-26,1.497e-3,3.492e-19,1.291e-29,4.557e-17,,,,4.544e-18,2.987e-36,1.213e-17,,2.360e-26,,,,1.657e-21,2.190e-16,7.294e-19,5.927e-29,,1.358e-5,,1.979e-16,1.786e-18,,2.211e-19,6.869e-18,,,,,,2.191e-18,,,,,,,,,,,,,,
776.62,1.302e-3,4.665e-20,2.754e-26,7.159e-32,2.601e-17,,,1.176e-18,2.334e-19,,9.502e-16,4.650e-20,1.129e-26,1.289e-3,3.494e-19,1.290e-29,4.555e-17,,,,4.545e-18,2.987e-36,1.213e-17,,2.360e-26,,,,1.657e-21,2.190e-16,7.303e-19,5.923e-29,,1.289e-5,,1.979e-16,1.786e-18,,2.211e-19,6.869e-18,,,,,,2.192e-18,,,,,,,,,,,,,,
776.65,1.040e-3,4.644e-20,2.751e-26,9.473e-32,2.601e-17,,,1.176e-18,2.334e-19,,9.505e-16,4.647e-20,1.136e-26,1.028e-3,3.495e-19,1.289e-29,4.552e-17,,,,4.545e-18,2.987e-36,1.212e-17,,2.359e-26,,,,1.657e-21,2.191e-16,7.318e-19,5.917e-29,,1.190e-5,,1.979e-16,1.785e-18,,2.211e-19,6.869e-18,,,,,,2.192e-18,,,,,,,,,,,,,,
776.67,8.938e-4,4.630e-20,2.749e-26,1.140e-31,2.601e-17,,,1.176e-18,2.335e-19,,9.507e-16,4.646e-20,1.140e-26,8.826e-4,3.496e-19,1.289e-29,4.550e-17,,,,4.546e-18,2.987e-36,1.212e-17,,2.359e-26,,,,1.657e-21,2.191e-16,7.328e-19,5.913e-29,,1.126e-5,,1.979e-16,1.784e-18,,2.211e-19,6.869e-18,,,,,,2.192e-18,,,,,,,,,,,,,,
776.7,7.107e-4,4.610e-20,2.747e-26,1.501e-31,2.602e-17,,,1.176e-18,2.335e-19,,9.510e-16,4.644e-20,1.146e-26,7.004e-4,3.498e-19,1.288e-29,4.546e-17,,,,4.546e-18,2.988e-36,1.212e-17,,2.358e-26,,,,1.656e-21,2.191e-16,7.342e-19,5.906e-29,,1.033e-5,,1.980e-16,1.783e-18,,2.211e-19,6.869e-18,,,,,,2.193e-18,,,,,,,,,,,,,,
776.72,6.091e-4,4.596e-20,2.745e-26,1.800e-31,2.602e-17,,,1.176e-18,2.335e-19,,9.512e-16,4.643e-20,1.151e-26,5.994e-4,3.499e-19,1.287e-29,4.544e-17,,,,4.547e-18,2.988e-36,1.212e-17,,2.358e-26,,,,1.656e-21,2.191e-16,7.352e-19,5.902e-29,,9.748e-6,,1.980e-16,1.783e-18,,2.211e-19,6.869e-18,,,,,,2.193e-18,,,,,,,,,,,,,,
776.75,4.823e-4,4.575e-20,2.742e-26,2.360e-31,2.603e-17,,,1.176e-18,2.336e-19,,9.514e-16,4.640e-20,1.157e-26,4.734e-4,3.501e-19,1.286e-29,4.541e-17,,,,4.547e-18,2.988e-36,1.212e-17,,2.358e-26,,,,1.656e-21,2.192e-16,7.366e-19,5.896e-29,,8.908e-6,,1.980e-16,1.782e-18,,2.211e-19,6.869e-18,,,,,,2.193e-18,,,,,,,,,,,,,,
776.77,4.122e-4,4.562e-20,2.741e-26,2.822e-31,2.603e-17,,,1.176e-18,2.336e-19,,9.516e-16,4.639e-20,1.162e-26,4.038e-4,3.502e-19,1.286e-29,4.539e-17,,,,4.547e-18,2.988e-36,1.212e-17,,2.357e-26,,,,1.655e-21,2.192e-16,7.376e-19,5.892e-29,,8.375e-6,,1.980e-16,1.781e-18,,2.211e-19,6.869e-18,,,,,,2.194e-18,,,,,,,,,,,,,,
776.8,3.251e-4,4.541e-20,2.738e-26,3.681e-31,2.604e-17,,,1.176e-18,2.337e-19,,9.519e-16,4.637e-20,1.168e-26,3.174e-4,3.504e-19,1.285e-29,4.536e-17,,,,4.548e-18,2.989e-36,1.211e-17,,2.357e-26,,,,1.655e-21,2.192e-16,7.390e-19,5.885e-29,,7.617e-6,,1.981e-16,1.780e-18,,2.211e-19,6.869e-18,,,,,,2.194e-18,,,,,,,,,,,,,,
776.82,2.771e-4,4.527e-20,2.736e-26,4.388e-31,2.604e-17,,,1.176e-18,2.337e-19,,9.521e-16,4.636e-20,1.173e-26,2.699e-4,3.505e-19,1.284e-29,4.534e-17,,,,4.548e-18,2.989e-36,1.211e-17,,2.356e-26,,,,1.655e-21,2.192e-16,7.400e-19,5.881e-29,,7.139e-6,,1.981e-16,1.780e-18,,2.210e-19,6.869e-18,,,,,,2.194e-18,,,,,,,,,,,,,,
776.85,2.176e-4,4.506e-20,2.733e-26,5.697e-31,2.604e-17,,,1.176e-18,2.338e-19,,9.524e-16,4.633e-20,1.179e-26,2.112e-4,3.507e-19,1.283e-29,4.531e-17,,,,4.549e-18,2.989e-36,1.211e-17,,2.356e-26,,,,1.655e-21,2.193e-16,7.414e-19,5.875e-29,,6.462e-6,,1.981e-16,1.779e-18,,2.210e-19,6.869e-18,,,,,,2.194e-18,,,,,,,,,,,,,,
776.87,1.850e-4,4.493e-20,2.732e-26,6.769e-31,2.605e-17,,,1.176e-18,2.338e-19,,9.526e-16,4.632e-20,1.183e-26,1.790e-4,3.508e-19,1.283e-29,4.529e-17,,,,4.549e-18,2.989e-36,1.211e-17,,2.356e-26,,,,1.654e-21,2.193e-16,7.424e-19,5.871e-29,,6.037e-6,,1.981e-16,1.778e-18,,2.210e-19,6.869e-18,,,,,,2.195e-18,,,,,,,,,,,,,,
776.9,1.448e-4,4.472e-20,2.729e-26,8.747e-31,2.605e-17,,,1.176e-18,2.338e-19,,9.528e-16,4.630e-20,1.190e-26,1.394e-4,3.509e-19,1.282e-29,4.525e-17,,,,4.550e-18,2.990e-36,1.211e-17,,2.355e-26,,,,1.654e-21,2.193e-16,7.439e-19,5.864e-29,,5.438e-6,,1.981e-16,1.777e-18,,2.210e-19,6.869e-18,,,,,,2.195e-18,,,,,,,,,,,,,,
776.92,1.228e-4,4.458e-20,2.727e-26,1.036e-30,2.605e-17,,,1.175e-18,2.339e-19,,9.530e-16,4.629e-20,1.194e-26,1.177e-4,3.511e-19,1.281e-29,4.523e-17,,,,4.550e-18,2.990e-36,1.211e-17,,2.355e-26,,,,1.654e-21,2.194e-16,7.448e-19,5.860e-29,,5.065e-6,,1.982e-16,1.777e-18,,2.210e-19,6.869e-18,,,,,,2.195e-18,,,,,,,,,,,,,,
776.95,9.577e-5,4.437e-20,2.724e-26,1.333e-30,2.606e-17,,,1.175e-18,2.339e-19,,9.533e-16,4.626e-20,1.201e-26,9.123e-5,3.512e-19,1.280e-29,4.520e-17,,,,4.551e-18,2.990e-36,1.210e-17,,2.354e-26,,,,1.653e-21,2.194e-16,7.463e-19,5.854e-29,,4.541e-6,,1.982e-16,1.776e-18,,2.210e-19,6.869e-18,,,,,,2.196e-18,,,,,,,,,,,,,,
776.97,8.106e-5,4.424e-20,2.723e-26,1.574e-30,2.606e-17,,,1.175e-18,2.340e-19,,9.535e-16,4.625e-20,1.205e-26,7.684e-5,3.513e-19,1.280e-29,4.518e-17,,,,4.551e-18,2.990e-36,1.210e-17,,2.354e-26,,,,1.653e-21,2.194e-16,7.472e-19,5.850e-29,,4.215e-6,,1.982e-16,1.775e-18,,2.210e-19,6.869e-18,,,,,,2.196e-18,,,,,,,,,,,,,,
776.99,6.855e-5,4.410e-20,2.721e-26,1.856e-30,2.607e-17,,,1.175e-18,2.340e-19,,9.537e-16,4.624e-20,1.210e-26,6.464e-5,3.515e-19,1.279e-29,4.516e-17,,,,4.552e-18,2.990e-36,1.210e-17,,2.354e-26,,,,1.653e-21,2.194e-16,7.482e-19,5.846e-29,,3.908e-6,,1.982e-16,1.775e-18,,2.210e-19,6.869e-18,,,,,,2.196e-18,,,,,,,,,,,,,,
777.02,5.323e-5,4.389e-20,2.718e-26,2.371e-30,2.607e-17,,,1.175e-18,2.340e-19,,9.540e-16,4.622e-20,1.216e-26,4.975e-5,3.516e-19,1.278e-29,4.513e-17,,,,4.552e-18,2.991e-36,1.210e-17,,2.353e-26,,,,1.653e-21,2.195e-16,7.497e-19,5.839e-29,,3.481e-6,,1.982e-16,1.774e-18,,2.210e-19,6.869e-18,,,,,,2.197e-18,,,,,,,,,,,,,,
777.04,4.493e-5,4.375e-20,2.716e-26,2.787e-30,2.607e-17,,,1.175e-18,2.341e-19,,9.541e-16,4.620e-20,1.220e-26,4.171e-5,3.517e-19,1.278e-29,4.511e-17,,,,4.552e-18,2.991e-36,1.210e-17,,2.353e-26,,,,1.652e-21,2.195e-16,7.506e-19,5.835e-29,,3.217e-6,,1.983e-16,1.773e-18,,2.210e-19,6.869e-18,,,,,,2.197e-18,,,,,,,,,,,,,,
777.07,3.480e-5,4.355e-20,2.714e-26,3.544e-30,2.608e-17,,,1.175e-18,2.341e-19,,9.544e-16,4.618e-20,1.227e-26,3.195e-5,3.519e-19,1.277e-29,4.507e-17,,,,4.553e-18,2.991e-36,1.210e-17,,2.352e-26,,,,1.652e-21,2.195e-16,7.521e-19,5.829e-29,,2.851e-6,,1.983e-16,1.772e-18,,2.210e-19,6.869e-18,,,,,,2.197e-18,,,,,,,,,,,,,,
777.09,2.933e-5,4.341e-20,2.712e-26,4.154e-30,2.608e-17,,,1.175e-18,2.341e-19,,9.546e-16,4.617e-20,1.231e-26,2.671e-5,3.520e-19,1.276e-29,4.505e-17,,,,4.553e-18,2.991e-36,1.209e-17,,2.352e-26,,,,1.652e-21,2.195e-16,7.530e-19,5.825e-29,,2.627e-6,,1.983e-16,1.772e-18,,2.210e-19,6.869e-18,,,,,,2.197e-18,,,,,,,,,,,,,,
777.12,2.268e-5,4.320e-20,2.709e-26,5.257e-30,2.609e-17,,,1.175e-18,2.342e-19,,9.549e-16,4.615e-20,1.238e-26,2.036e-5,3.522e-19,1.275e-29,4.502e-17,,,,4.554e-18,2.992e-36,1.209e-17,,2.351e-26,,,,1.651e-21,2.196e-16,7.545e-19,5.818e-29,,2.317e-6,,1.983e-16,1.771e-18,,2.210e-19,6.869e-18,,,,,,2.198e-18,,,,,,,,,,,,,,
777.14,1.909e-5,4.306e-20,2.707e-26,6.142e-30,2.609e-17,,,1.175e-18,2.342e-19,,9.551e-16,4.613e-20,1.242e-26,1.696e-5,3.523e-19,1.275e-29,4.500e-17,,,,4.554e-18,2.992e-36,1.209e-17,,2.351e-26,,,,1.651e-21,2.196e-16,7.554e-19,5.814e-29,,2.128e-6,,1.984e-16,1.770e-18,,2.210e-19,6.869e-18,,,,,,2.198e-18,,,,,,,,,,,,,,
777.17,1.474e-5,4.286e-20,2.705e-26,7.736e-30,2.610e-17,,,1.175e-18,2.343e-19,,9.554e-16,4.611e-20,1.249e-26,1.287e-5,3.525e-19,1.274e-29,4.497e-17,,,,4.555e-18,2.992e-36,1.209e-17,,2.350e-26,,,,1.651e-21,2.196e-16,7.569e-19,5.808e-29,,1.868e-6,,1.984e-16,1.769e-18,,2.210e-19,6.869e-18,,,,,,2.198e-18,,,,,,,,,,,,,,
777.19,1.240e-5,4.272e-20,2.703e-26,9.009e-30,2.610e-17,,,1.175e-18,2.343e-19,,9.555e-16,4.610e-20,1.253e-26,1.069e-5,3.526e-19,1.273e-29,4.495e-17,,,,4.555e-18,2.992e-36,1.209e-17,,2.350e-26,,,,1.651e-21,2.196e-16,7.579e-19,5.804e-29,,1.710e-6,,1.984e-16,1.769e-18,,2.210e-19,6.869e-18,,,,,,2.199e-18,,,,,,,,,,,,,,
777.22,9.564e-6,4.251e-20,2.700e-26,1.130e-29,2.610e-17,,,1.175e-18,2.344e-19,,9.558e-16,4.608e-20,1.260e-26,8.070e-6,3.528e-19,1.273e-29,4.492e-17,,,,4.556e-18,2.992e-36,1.208e-17,,2.350e-26,,,,1.650e-21,2.197e-16,7.593e-19,5.797e-29,,1.494e-6,,1.984e-16,1.768e-18,,2.210e-19,6.869e-18,,,,,,2.199e-18,,,,,,,,,,,,,,
777.24,8.044e-6,4.237e-20,2.698e-26,1.311e-29,2.611e-17,,,1.175e-18,2.344e-19,,9.560e-16,4.606e-20,1.264e-26,6.681e-6,3.529e-19,1.272e-29,4.490e-17,,,,4.556e-18,2.993e-36,1.208e-17,,2.349e-26,,,,1.650e-21,2.197e-16,7.603e-19,5.793e-29,,1.364e-6,,1.984e-16,1.767e-18,,2.210e-19,6.869e-18,,,,,,2.199e-18,,,,,,,,,,,,,,
777.27,6.206e-6,4.217e-20,2.696e-26,1.636e-29,2.611e-17,,,1.175e-18,2.344e-19,,9.563e-16,4.604e-20,1.270e-26,5.020e-6,3.531e-19,1.271e-29,4.486e-17,,,,4.557e-18,2.993e-36,1.208e-17,,2.349e-26,,,,1.650e-21,2.197e-16,7.617e-19,5.787e-29,,1.186e-6,,1.985e-16,1.766e-18,,2.210e-19,6.869e-18,,,,,,2.200e-18,,,,,,,,,,,,,,
777.29,5.222e-6,4.203e-20,2.694e-26,1.894e-29,2.612e-17,,,1.175e-18,2.345e-19,,9.565e-16,4.603e-20,1.275e-26,4.143e-6,3.532e-19,1.271e-29,4.484e-17,,,,4.557e-18,2.993e-36,1.208e-17,,2.348e-26,,,,1.649e-21,2.197e-16,7.627e-19,5.783e-29,,1.079e-6,,1.985e-16,1.766e-18,,2.210e-19,6.869e-18,,,,,,2.200e-18,,,,,,,,,,,,,,
777.32,4.032e-6,4.182e-20,2.691e-26,2.352e-29,2.612e-17,,,1.175e-18,2.345e-19,,9.568e-16,4.601e-20,1.281e-26,3.098e-6,3.533e-19,1.270e-29,4.481e-17,,,,4.558e-18,2.993e-36,1.208e-17,,2.348e-26,,,,1.649e-21,2.198e-16,7.641e-19,5.777e-29,,9.336e-7,,1.985e-16,1.765e-18,,2.210e-19,6.869e-18,,,,,,2.200e-18,,,,,,,,,,,,,,
777.34,3.395e-6,4.168e-20,2.690e-26,2.713e-29,2.612e-17,,,1.175e-18,2.346e-19,,9.569e-16,4.599e-20,1.286e-26,2.549e-6,3.535e-19,1.269e-29,4.479e-17,,,,4.558e-18,2.993e-36,1.208e-17,,2.347e-26,,,,1.649e-21,2.198e-16,7.651e-19,5.772e-29,,8.466e-7,,1.985e-16,1.764e-18,,2.210e-19,6.869e-18,,,,,,2.200e-18,,,,,,,,,,,,,,
777.36,2.860e-6,4.155e-20,2.688e-26,3.126e-29,2.613e-17,,,1.174e-18,2.346e-19,,9.571e-16,4.598e-20,1.290e-26,2.094e-6,3.536e-19,1.268e-29,4.477e-17,,,,4.558e-18,2.994e-36,1.207e-17,,2.347e-26,,,,1.649e-21,2.198e-16,7.661e-19,5.768e-29,,7.666e-7,,1.986e-16,1.764e-18,,2.210e-19,6.869e-18,,,,,,2.201e-18,,,,,,,,,,,,,,
777.39,2.215e-6,4.134e-20,2.685e-26,3.857e-29,2.613e-17,,,1.174e-18,2.346e-19,,9.574e-16,4.596e-20,1.297e-26,1.555e-6,3.537e-19,1.268e-29,4.474e-17,,,,4.559e-18,2.994e-36,1.207e-17,,2.347e-26,,,,1.648e-21,2.199e-16,7.675e-19,5.762e-29,,6.591e-7,,1.986e-16,1.763e-18,,2.210e-19,6.869e-18,,,,,,2.201e-18,,,,,,,,,,,,,,
777.41,1.869e-6,4.120e-20,2.683e-26,4.430e-29,2.613e-17,,,1.174e-18,2.347e-19,,9.576e-16,4.594e-20,1.301e-26,1.274e-6,3.539e-19,1.267e-29,4.472e-17,,,,4.559e-18,2.994e-36,1.207e-17,,2.346e-26,,,,1.648e-21,2.199e-16,7.685e-19,5.758e-29,,5.950e-7,,1.986e-16,1.762e-18,,2.210e-19,6.869e-18,,,,,,2.201e-18,,,,,,,,,,,,,,
777.44,1.451e-6,4.100e-20,2.681e-26,5.440e-29,2.614e-17,,,1.174e-18,2.347e-19,,9.579e-16,4.592e-20,1.307e-26,9.417e-7,3.540e-19,1.266e-29,4.469e-17,,,,4.560e-18,2.994e-36,1.207e-17,,2.346e-26,,,,1.648e-21,2.199e-16,7.699e-19,5.751e-29,,5.091e-7,,1.986e-16,1.761e-18,,2.210e-19,6.869e-18,,,,,,2.202e-18,,,,,,,,,,,,,,
777.46,1.227e-6,4.086e-20,2.679e-26,6.228e-29,2.614e-17,,,1.174e-18,2.347e-19,,9.581e-16,4.591e-20,1.312e-26,7.688e-7,3.541e-19,1.266e-29,4.466e-17,,,,4.560e-18,2.995e-36,1.207e-17,,2.345e-26,,,,1.647e-21,2.199e-16,7.709e-19,5.747e-29,,4.581e-7,,1.986e-16,1.761e-18,,2.210e-19,6.869e-18,,,,,,2.202e-18,,,,,,,,,,,,,,
777.49,9.558e-7,4.065e-20,2.676e-26,7.612e-29,2.615e-17,,,1.174e-18,2.348e-19,,9.583e-16,4.589e-20,1.318e-26,5.657e-7,3.543e-19,1.265e-29,4.463e-17,,,,4.561e-18,2.995e-36,1.207e-17,,2.345e-26,,,,1.647e-21,2.200e-16,7.723e-19,5.741e-29,,3.901e-7,,1.987e-16,1.760e-18,,2.210e-19,6.869e-18,,,,,,2.202e-18,,,,,,,,,,,,,,
777.51,8.102e-7,4.051e-20,2.674e-26,8.687e-29,2.615e-17,,,1.174e-18,2.348e-19,,9.585e-16,4.587e-20,1.323e-26,4.603e-7,3.544e-19,1.264e-29,4.461e-17,,,,4.561e-18,2.995e-36,1.206e-17,,2.345e-26,,,,1.647e-21,2.200e-16,7.733e-19,5.737e-29,,3.499e-7,,1.987e-16,1.759e-18,,2.210e-19,6.869e-18,,,,,,2.203e-18,,,,,,,,,,,,,,
777.54,6.336e-7,4.031e-20,2.672e-26,1.057e-28,2.616e-17,,,1.174e-18,2.349e-19,,9.588e-16,4.585e-20,1.329e-26,3.371e-7,3.546e-19,1.263e-29,4.458e-17,,,,4.562e-18,2.995e-36,1.206e-17,,2.344e-26,,,,1.647e-21,2.200e-16,7.748e-19,5.730e-29,,2.966e-7,,1.987e-16,1.758e-18,,2.210e-19,6.869e-18,,,,,,2.203e-18,,,,,,,,,,,,,,
777.56,5.386e-7,4.017e-20,2.670e-26,1.202e-28,2.616e-17,,,1.174e-18,2.349e-19,,9.590e-16,4.584e-20,1.334e-26,2.734e-7,3.547e-19,1.263e-29,4.456e-17,,,,4.562e-18,2.995e-36,1.206e-17,,2.344e-26,,,,1.646e-21,2.200e-16,7.757e-19,5.726e-29,,2.652e-7,,1.987e-16,1.758e-18,,2.210e-19,6.869e-18,,,,,,2.203e-18,,,,,,,,,,,,,,
777.59,4.229e-7,3.996e-20,2.667e-26,1.456e-28,2.616e-17,,,1.174e-18,2.350e-19,,9.593e-16,4.582e-20,1.340e-26,1.992e-7,3.549e-19,1.262e-29,4.453e-17,,,,4.563e-18,2.996e-36,1.206e-17,,2.343e-26,,,,1.646e-21,2.201e-16,7.772e-19,5.720e-29,,2.237e-7,,1.988e-16,1.757e-18,,2.210e-19,6.869e-18,,,,,,2.203e-18,,,,,,,,,,,,,,
777.61,3.605e-7,3.982e-20,2.665e-26,1.651e-28,2.617e-17,,,1.174e-18,2.350e-19,,9.595e-16,4.580e-20,1.344e-26,1.611e-7,3.550e-19,1.261e-29,4.451e-17,,,,4.563e-18,2.996e-36,1.206e-17,,2.343e-26,,,,1.646e-21,2.201e-16,7.781e-19,5.716e-29,,1.994e-7,,1.988e-16,1.756e-18,,2.209e-19,6.869e-18,,,,,,2.204e-18,,,,,,,,,,,,,,
777.64,2.842e-7,3.962e-20,2.663e-26,1.989e-28,2.617e-17,,,1.174e-18,2.350e-19,,9.597e-16,4.578e-20,1.351e-26,1.168e-7,3.552e-19,1.260e-29,4.447e-17,,,,4.563e-18,2.996e-36,1.206e-17,,2.342e-26,,,,1.645e-21,2.201e-16,7.796e-19,5.710e-29,,1.674e-7,,1.988e-16,1.755e-18,,2.209e-19,6.869e-18,,,,,,2.204e-18,,,,,,,,,,,,,,
777.66,2.429e-7,3.948e-20,2.661e-26,2.249e-28,2.618e-17,,,1.174e-18,2.351e-19,,9.599e-16,4.577e-20,1.355e-26,9.417e-8,3.553e-19,1.260e-29,4.445e-17,,,,4.564e-18,2.996e-36,1.205e-17,,2.342e-26,,,,1.645e-21,2.201e-16,7.806e-19,5.705e-29,,1.487e-7,,1.988e-16,1.755e-18,,2.209e-19,6.869e-18,,,,,,2.204e-18,,,,,,,,,,,,,,
777.69,1.922e-7,3.927e-20,2.658e-26,2.698e-28,2.618e-17,,,1.174e-18,2.351e-19,,9.602e-16,4.575e-20,1.362e-26,6.798e-8,3.554e-19,1.259e-29,4.442e-17,,,,4.564e-18,2.997e-36,1.205e-17,,2.341e-26,,,,1.645e-21,2.202e-16,7.820e-19,5.699e-29,,1.242e-7,,1.989e-16,1.754e-18,,2.209e-19,6.869e-18,,,,,,2.205e-18,,,,,,,,,,,,,,
777.71,1.646e-7,3.913e-20,2.656e-26,3.040e-28,2.618e-17,,,1.174e-18,2.352e-19,,9.604e-16,4.573e-20,1.366e-26,5.461e-8,3.556e-19,1.258e-29,4.440e-17,,,,4.565e-18,2.997e-36,1.205e-17,,2.341e-26,,,,1.645e-21,2.202e-16,7.830e-19,5.695e-29,,1.100e-7,,1.989e-16,1.753e-18,,2.209e-19,6.869e-18,,,,,,2.205e-18,,,,,,,,,,,,,,
777.73,1.411e-7,3.900e-20,2.655e-26,3.422e-28,2.619e-17,,,1.174e-18,2.352e-19,,9.606e-16,4.572e-20,1.371e-26,4.382e-8,3.557e-19,1.258e-29,4.438e-17,,,,4.565e-18,2.997e-36,1.205e-17,,2.341e-26,,,,1.644e-21,2.202e-16,7.839e-19,5.691e-29,,9.733e-8,,1.989e-16,1.753e-18,,2.209e-19,6.869e-18,,,,,,2.205e-18,,,,,,,,,,,,,,
777.76,1.122e-7,3.879e-20,2.652e-26,4.078e-28,2.619e-17,,,1.174e-18,2.352e-19,,9.609e-16,4.570e-20,1.377e-26,3.142e-8,3.558e-19,1.257e-29,4.435e-17,,,,4.566e-18,2.997e-36,1.205e-17,,2.340e-26,,,,1.644e-21,2.202e-16,7.854e-19,5.684e-29,,8.077e-8,,1.989e-16,1.752e-18,,2.209e-19,6.869e-18,,,,,,2.206e-18,,,,,,,,,,,,,,
777.78,9.635e-8,3.865e-20,2.650e-26,4.575e-28,2.620e-17,,,1.173e-18,2.353e-19,,9.611e-16,4.568e-20,1.381e-26,2.513e-8,3.560e-19,1.256e-29,4.433e-17,,,,4.566e-18,2.997e-36,1.205e-17,,2.340e-26,,,,1.644e-21,2.203e-16,7.864e-19,5.680e-29,,7.122e-8,,1.989e-16,1.751e-18,,2.209e-19,6.869e-18,,,,,,2.206e-18,,,,,,,,,,,,,,
777.81,7.676e-8,3.844e-20,2.648e-26,5.426e-28,2.620e-17,,,1.173e-18,2.353e-19,,9.613e-16,4.566e-20,1.388e-26,1.793e-8,3.561e-19,1.255e-29,4.430e-17,,,,4.567e-18,2.998e-36,1.204e-17,,2.339e-26,,,,1.643e-21,2.203e-16,7.878e-19,5.674e-29,,5.883e-8,,1.990e-16,1.750e-18,,2.209e-19,6.869e-18,,,,,,2.206e-18,,,,,,,,,,,,,,
777.83,6.600e-8,3.831e-20,2.646e-26,6.069e-28,2.620e-17,,,1.173e-18,2.354e-19,,9.615e-16,4.565e-20,1.392e-26,1.430e-8,3.562e-19,1.255e-29,4.427e-17,,,,4.567e-18,2.998e-36,1.204e-17,,2.339e-26,,,,1.643e-21,2.203e-16,7.888e-19,5.670e-29,,5.170e-8,,1.990e-16,1.750e-18,,2.209e-19,6.869e-18,,,,,,2.206e-18,,,,,,,,,,,,,,
777.86,5.266e-8,3.810e-20,2.643e-26,7.163e-28,2.621e-17,,,1.173e-18,2.354e-19,,9.618e-16,4.563e-20,1.399e-26,1.015e-8,3.564e-19,1.254e-29,4.424e-17,,,,4.568e-18,2.998e-36,1.204e-17,,2.339e-26,,,,1.643e-21,2.204e-16,7.902e-19,5.664e-29,,4.250e-8,,1.990e-16,1.749e-18,,2.209e-19,6.869e-18,,,,,,2.207e-18,,,,,,,,,,,,,,
777.88,4.531e-8,3.796e-20,2.641e-26,7.987e-28,2.621e-17,,,1.173e-18,2.354e-19,,9.620e-16,4.561e-20,1.403e-26,8.070e-9,3.565e-19,1.253e-29,4.422e-17,,,,4.568e-18,2.998e-36,1.204e-17,,2.338e-26,,,,1.643e-21,2.204e-16,7.912e-19,5.659e-29,,3.724e-8,,1.990e-16,1.748e-18,,2.209e-19,6.869e-18,,,,,,2.207e-18,,,,,,,,,,,,,,
777.91,3.617e-8,3.775e-20,2.639e-26,9.382e-28,2.622e-17,,,1.173e-18,2.355e-19,,9.623e-16,4.559e-20,1.410e-26,5.704e-9,3.567e-19,1.252e-29,4.419e-17,,,,4.568e-18,2.999e-36,1.204e-17,,2.338e-26,,,,1.642e-21,2.204e-16,7.926e-19,5.653e-29,,3.047e-8,,1.990e-16,1.747e-18,,2.209e-19,6.869e-18,,,,,,2.207e-18,,,,,,,,,,,,,,
777.93,3.113e-8,3.762e-20,2.637e-26,1.043e-27,2.622e-17,,,1.173e-18,2.355e-19,,9.625e-16,4.558e-20,1.414e-26,4.518e-9,3.568e-19,1.252e-29,4.417e-17,,,,4.569e-18,2.999e-36,1.203e-17,,2.337e-26,,,,1.642e-21,2.204e-16,7.936e-19,5.649e-29,,2.661e-8,,1.991e-16,1.747e-18,,2.209e-19,6.869e-18,,,,,,2.208e-18,,,,,,,,,,,,,,
777.96,2.484e-8,3.741e-20,2.634e-26,1.219e-27,2.622e-17,,,1.173e-18,2.356e-19,,9.627e-16,4.556e-20,1.421e-26,3.178e-9,3.570e-19,1.251e-29,4.414e-17,,,,4.569e-18,2.999e-36,1.203e-17,,2.337e-26,,,,1.642e-21,2.205e-16,7.950e-19,5.643e-29,,2.167e-8,,1.991e-16,1.746e-18,,2.209e-19,6.868e-18,,,,,,2.208e-18,,,,,,,,,,,,,,
777.98,2.137e-8,3.727e-20,2.632e-26,1.351e-27,2.623e-17,,,1.173e-18,2.356e-19,,9.629e-16,4.555e-20,1.425e-26,2.510e-9,3.571e-19,1.250e-29,4.412e-17,,,,4.570e-18,2.999e-36,1.203e-17,,2.337e-26,,,,1.641e-21,2.205e-16,7.960e-19,5.638e-29,,1.886e-8,,1.991e-16,1.745e-18,,2.209e-19,6.868e-18,,,,,,2.208e-18,,,,,,,,,,,,,,
778.01,1.704e-8,3.706e-20,2.630e-26,1.572e-27,2.623e-17,,,1.173e-18,2.356e-19,,9.632e-16,4.552e-20,1.431e-26,1.757e-9,3.573e-19,1.250e-29,4.408e-17,,,,4.570e-18,2.999e-36,1.203e-17,,2.336e-26,,,,1.641e-21,2.205e-16,7.975e-19,5.632e-29,,1.529e-8,,1.991e-16,1.744e-18,,2.209e-19,6.868e-18,,,,,,2.209e-18,,,,,,,,,,,,,,
778.03,1.465e-8,3.693e-20,2.628e-26,1.736e-27,2.624e-17,,,1.173e-18,2.357e-19,,9.634e-16,4.551e-20,1.436e-26,1.383e-9,3.574e-19,1.249e-29,4.406e-17,,,,4.571e-18,4.110e-36,1.203e-17,,2.336e-26,,,,1.641e-21,2.205e-16,7.984e-19,5.628e-29,,1.327e-8,,1.992e-16,1.744e-18,,2.209e-19,6.868e-18,,,,,,2.209e-18,,,,,,,,,,,,,,
778.06,1.166e-8,3.672e-20,2.625e-26,2.011e-27,2.624e-17,,,1.173e-18,2.357e-19,,9.637e-16,4.549e-20,1.442e-26,9.636e-10,3.576e-19,1.248e-29,4.403e-17,,,,4.571e-18,6.579e-36,1.203e-17,,2.335e-26,,,,1.641e-21,2.206e-16,7.999e-19,5.622e-29,,1.070e-8,,1.992e-16,1.743e-18,,2.209e-19,6.868e-18,,,,,,2.209e-18,,,,,,,,,,,,,,
778.08,1.001e-8,3.658e-20,2.623e-26,2.214e-27,2.624e-17,,,1.173e-18,2.358e-19,,9.639e-16,4.548e-20,1.447e-26,7.561e-10,3.577e-19,1.248e-29,4.401e-17,,,,4.572e-18,8.987e-36,1.202e-17,,2.335e-26,,,,1.640e-21,2.206e-16,8.008e-19,5.617e-29,,9.255e-9,,1.992e-16,1.742e-18,,2.209e-19,6.868e-18,,,,,,2.209e-18,,,,,,,,,,,,,,
778.1,8.589e-9,3.644e-20,2.622e-26,2.435e-27,2.625e-17,,,1.173e-18,2.358e-19,,9.640e-16,4.546e-20,1.451e-26,5.925e-10,3.578e-19,1.247e-29,4.399e-17,,,,4.572e-18,1.226e-35,1.202e-17,,2.334e-26,,,,1.640e-21,2.206e-16,8.018e-19,5.613e-29,,7.996e-9,,1.992e-16,1.742e-18,,2.209e-19,6.868e-18,,,,,,2.210e-18,,,,,,,,,,,,,,
778.13,6.816e-9,3.624e-20,2.619e-26,2.802e-27,2.625e-17,,,1.173e-18,2.358e-19,,9.643e-16,4.544e-20,1.458e-26,4.101e-10,3.580e-19,1.246e-29,4.396e-17,,,,4.572e-18,1.950e-35,1.202e-17,,2.334e-26,,,,1.640e-21,2.206e-16,8.033e-19,5.607e-29,,6.406e-9,,1.992e-16,1.741e-18,,2.209e-19,6.868e-18,,,,,,2.210e-18,,,,,,,,,,,,,,
778.15,5.838e-9,3.610e-20,2.617e-26,3.072e-27,2.626e-17,,,1.173e-18,2.359e-19,,9.645e-16,4.543e-20,1.462e-26,3.203e-10,3.581e-19,1.246e-29,4.394e-17,,,,4.573e-18,2.652e-35,1.202e-17,,2.334e-26,,,,1.639e-21,2.207e-16,8.042e-19,5.603e-29,,5.517e-9,,1.993e-16,1.740e-18,,2.209e-19,6.868e-18,,,,,,2.210e-18,,,,,,,,,,,,,,
778.18,4.620e-9,3.589e-20,2.614e-26,3.517e-27,2.626e-17,,,1.173e-18,2.359e-19,,9.648e-16,4.541e-20,1.468e-26,2.206e-10,3.582e-19,1.245e-29,4.391e-17,,,,4.573e-18,4.197e-35,1.202e-17,,2.333e-26,,,,1.639e-21,2.207e-16,8.057e-19,5.597e-29,,4.399e-9,,1.993e-16,1.739e-18,,2.209e-19,6.868e-18,,,,,,2.211e-18,,,,,,,,,,,,,,
778.2,3.949e-9,3.575e-20,2.613e-26,3.844e-27,2.626e-17,,,1.173e-18,2.360e-19,,9.650e-16,4.539e-20,1.473e-26,1.718e-10,3.584e-19,1.244e-29,4.388e-17,,,,4.574e-18,5.690e-35,1.202e-17,,2.333e-26,,,,1.639e-21,2.207e-16,8.066e-19,5.592e-29,,3.777e-9,,1.993e-16,1.739e-18,,2.209e-19,6.868e-18,,,,,,2.211e-18,,,,,,,,,,,,,,
778.23,3.115e-9,3.555e-20,2.610e-26,4.381e-27,2.627e-17,,,1.172e-18,2.360e-19,,9.653e-16,4.537e-20,1.479e-26,1.178e-10,3.585e-19,1.243e-29,4.385e-17,,,,4.574e-18,8.964e-35,1.201e-17,,2.332e-26,,,,1.639e-21,2.208e-16,8.081e-19,5.586e-29,,2.997e-9,,1.993e-16,1.738e-18,,2.209e-19,6.868e-18,,,,,,2.211e-18,,,,,,,,,,,,,,
778.25,2.656e-9,3.541e-20,2.608e-26,4.772e-27,2.627e-17,,,1.172e-18,2.360e-19,,9.654e-16,4.536e-20,1.484e-26,9.140e-11,3.586e-19,1.243e-29,4.383e-17,,,,4.575e-18,1.212e-34,1.201e-17,,2.332e-26,,,,1.638e-21,2.208e-16,8.090e-19,5.582e-29,,2.565e-9,,1.994e-16,1.737e-18,,2.209e-19,6.868e-18,,,,,,2.212e-18,,,,,,,,,,,,,,
778.28,2.088e-9,3.520e-20,2.605e-26,5.413e-27,2.628e-17,,,1.172e-18,2.361e-19,,9.657e-16,4.534e-20,1.490e-26,6.236e-11,3.588e-19,1.242e-29,4.380e-17,,,,4.575e-18,1.900e-34,1.201e-17,,2.331e-26,,,,1.638e-21,2.208e-16,8.105e-19,5.576e-29,,2.026e-9,,1.994e-16,1.736e-18,,2.209e-19,6.868e-18,,,,,,2.212e-18,,,,,,,,,,,,,,
778.3,1.776e-9,3.507e-20,2.604e-26,5.879e-27,2.628e-17,,,1.172e-18,2.361e-19,,9.659e-16,4.532e-20,1.495e-26,4.825e-11,3.589e-19,1.241e-29,4.378e-17,,,,4.576e-18,2.560e-34,1.201e-17,,2.331e-26,,,,1.638e-21,2.208e-16,8.115e-19,5.571e-29,,1.728e-9,,1.994e-16,1.736e-18,,2.209e-19,6.868e-18,,,,,,2.212e-18,,,,,,,,,,,,,,
778.33,1.391e-9,3.486e-20,2.601e-26,6.637e-27,2.629e-17,,,1.172e-18,2.362e-19,,9.662e-16,4.530e-20,1.501e-26,3.276e-11,3.591e-19,1.240e-29,4.375e-17,,,,4.576e-18,3.994e-34,1.201e-17,,2.330e-26,,,,1.637e-21,2.209e-16,8.129e-19,5.565e-29,,1.358e-9,,1.994e-16,1.735e-18,,2.209e-19,6.868e-18,,,,,,2.212e-18,,,,,,,,,,,,,,
778.35,1.180e-9,3.472e-20,2.599e-26,7.185e-27,2.629e-17,,,1.172e-18,2.362e-19,,9.664e-16,4.529e-20,1.505e-26,2.526e-11,3.592e-19,1.240e-29,4.373e-17,,,,4.577e-18,5.366e-34,1.201e-17,,2.330e-26,,,,1.637e-21,2.209e-16,8.139e-19,5.561e-29,,1.155e-9,,1.994e-16,1.734e-18,,2.209e-19,6.868e-18,,,,,,2.213e-18,,,,,,,,,,,,,,
778.38,9.206e-10,3.451e-20,2.597e-26,8.074e-27,2.629e-17,,,1.172e-18,2.362e-19,,9.667e-16,4.527e-20,1.512e-26,1.707e-11,3.594e-19,1.239e-29,4.369e-17,,,,4.577e-18,8.334e-34,1.200e-17,,2.330e-26,,,,1.637e-21,2.209e-16,8.153e-19,5.555e-29,,9.035e-10,,1.995e-16,1.733e-18,,2.209e-19,6.868e-18,,,,,,2.213e-18,,,,,,,,,,,,,,
778.4,7.790e-10,3.438e-20,2.595e-26,8.713e-27,2.630e-17,,,1.172e-18,2.363e-19,,9.668e-16,4.525e-20,1.516e-26,1.312e-11,3.595e-19,1.238e-29,4.367e-17,,,,4.577e-18,1.116e-33,1.200e-17,,2.329e-26,,,,1.637e-21,2.209e-16,8.163e-19,5.551e-29,,7.659e-10,,1.995e-16,1.733e-18,,2.208e-19,6.868e-18,,,,,,2.213e-18,,,,,,,,,,,,,,
778.43,6.051e-10,3.417e-20,2.592e-26,9.744e-27,2.630e-17,,,1.172e-18,2.363e-19,,9.671e-16,4.523e-20,1.523e-26,8.825e-12,3.597e-19,1.237e-29,4.364e-17,,,,4.578e-18,1.725e-33,1.200e-17,,2.329e-26,,,,1.636e-21,2.210e-16,8.177e-19,5.544e-29,,5.963e-10,,1.995e-16,1.732e-18,,2.208e-19,6.868e-18,,,,,,2.214e-18,,,,,,,,,,,,,,
778.45,5.106e-10,3.403e-20,2.590e-26,1.048e-26,2.630e-17,,,1.172e-18,2.364e-19,,9.673e-16,4.522e-20,1.527e-26,6.763e-12,3.598e-19,1.237e-29,4.362e-17,,,,4.578e-18,2.303e-33,1.200e-17,,2.328e-26,,,,1.636e-21,2.210e-16,8.187e-19,5.540e-29,,5.038e-10,,1.995e-16,1.731e-18,,2.208e-19,6.868e-18,,,,,,2.214e-18,,,,,,,,,,,,,,
778.48,3.949e-10,3.382e-20,2.588e-26,1.167e-26,2.631e-17,,,1.172e-18,2.364e-19,,1.553e-15,4.520e-20,1.534e-26,4.526e-12,3.599e-19,1.236e-29,4.359e-17,,,,4.579e-18,3.544e-33,1.200e-17,,2.328e-26,,,,1.636e-21,2.210e-16,8.202e-19,5.534e-29,,3.904e-10,,1.996e-16,1.730e-18,,2.208e-19,6.868e-18,,,,,,2.214e-18,,,,,,,,,,,,,,
778.5,3.323e-10,3.369e-20,2.586e-26,1.251e-26,2.631e-17,,,1.172e-18,2.364e-19,,2.126e-15,4.518e-20,1.538e-26,3.458e-12,3.601e-19,1.235e-29,4.357e-17,,,,4.579e-18,4.716e-33,1.200e-17,,2.328e-26,,,,1.635e-21,2.210e-16,8.211e-19,5.530e-29,,3.288e-10,,1.996e-16,1.730e-18,,2.208e-19,6.868e-18,,,,,,2.215e-18,,,,,,,,,,,,,,
778.52,2.793e-10,3.355e-20,2.584e-26,1.340e-26,2.632e-17,,,1.172e-18,2.365e-19,,2.907e-15,4.517e-20,1.542e-26,2.638e-12,3.602e-19,1.235e-29,4.355e-17,,,,4.580e-18,6.269e-33,1.199e-17,,2.327e-26,,,,1.635e-21,2.211e-16,8.221e-19,5.525e-29,,2.766e-10,,1.996e-16,1.729e-18,,2.208e-19,6.868e-18,,,,,,2.215e-18,,,,,,,,,,,,,,
778.55,2.147e-10,3.334e-20,2.581e-26,1.482e-26,2.632e-17,,,1.172e-18,2.365e-19,,6.546e-15,4.515e-20,1.549e-26,1.754e-12,3.603e-19,1.234e-29,4.352e-17,,,,4.580e-18,9.583e-33,1.199e-17,,2.327e-26,,,,1.635e-21,2.211e-16,8.235e-19,5.519e-29,,2.129e-10,,1.996e-16,1.728e-18,,2.208e-19,6.868e-18,,,,,,2.215e-18,,,,,,,,,,,,,,
778.57,1.799e-10,3.320e-20,2.580e-26,1.582e-26,2.632e-17,,,1.172e-18,2.366e-19,,8.935e-15,4.513e-20,1.553e-26,1.334e-12,3.605e-19,1.233e-29,4.349e-17,,,,4.581e-18,1.270e-32,1.199e-17,,2.326e-26,,,,1.635e-21,2.211e-16,8.245e-19,5.515e-29,,1.785e-10,,1.996e-16,1.728e-18,,2.208e-19,6.868e-18,,,,,,2.215e-18,,,,,,,,,,,,,,
778.6,1.377e-10,3.300e-20,2.577e-26,1.741e-26,2.633e-17,,,1.172e-18,2.366e-19,,1.422e-14,4.511e-20,1.560e-26,8.824e-13,3.606e-19,1.232e-29,4.346e-17,,,,4.581e-18,1.932e-32,1.199e-17,,2.326e-26,,,,1.634e-21,2.211e-16,8.260e-19,5.509e-29,,1.368e-10,,1.997e-16,1.727e-18,,2.208e-19,6.868e-18,,,,,,2.216e-18,,,,,,,,,,,,,,
778.62,1.150e-10,3.286e-20,2.575e-26,1.853e-26,2.633e-17,,,1.172e-18,2.366e-19,,1.935e-14,4.510e-20,1.564e-26,6.689e-13,3.607e-19,1.232e-29,4.344e-17,,,,4.581e-18,2.552e-32,1.199e-17,,2.326e-26,,,,1.634e-21,2.212e-16,8.269e-19,5.505e-29,,1.143e-10,,1.997e-16,1.726e-18,,2.208e-19,6.868e-18,,,,,,2.216e-18,,,,,,,,,,,,,,
778.65,8.763e-11,3.265e-20,2.572e-26,2.030e-26,2.634e-17,,,1.171e-18,2.367e-19,,3.064e-14,4.508e-20,1.571e-26,4.404e-13,3.609e-19,1.231e-29,4.341e-17,,,,4.582e-18,3.865e-32,1.198e-17,,2.325e-26,,,,1.634e-21,2.212e-16,8.284e-19,5.498e-29,,8.716e-11,,1.997e-16,1.725e-18,,2.208e-19,6.868e-18,,,,,,2.216e-18,,,,,,,,,,,,,,
778.67,7.300e-11,3.251e-20,2.571e-26,2.154e-26,2.634e-17,,,1.171e-18,2.367e-19,,4.156e-14,4.506e-20,1.575e-26,3.328e-13,3.610e-19,1.230e-29,4.339e-17,,,,4.582e-18,5.089e-32,1.198e-17,,2.325e-26,,,,1.633e-21,2.212e-16,8.293e-19,5.494e-29,,7.262e-11,,1.997e-16,1.725e-18,,2.208e-19,6.868e-18,,,,,,2.217e-18,,,,,,,,,,,,,,
778.7,5.539e-11,3.231e-20,2.568e-26,2.348e-26,2.635e-17,,,1.171e-18,2.368e-19,,6.552e-14,4.504e-20,1.582e-26,2.181e-13,3.612e-19,1.230e-29,4.336e-17,,,,4.583e-18,7.671e-32,1.198e-17,,2.324e-26,,,,1.633e-21,2.213e-16,8.308e-19,5.488e-29,,5.510e-11,,1.998e-16,1.724e-18,,2.208e-19,6.868e-18,,,,,,2.217e-18,,,,,,,,,,,,,,
778.72,4.602e-11,3.217e-20,2.566e-26,2.484e-26,2.635e-17,,,1.171e-18,2.368e-19,,8.860e-14,4.503e-20,1.586e-26,1.643e-13,3.613e-19,1.229e-29,4.334e-17,,,,4.583e-18,1.007e-31,1.198e-17,,2.324e-26,,,,1.633e-21,2.213e-16,8.317e-19,5.484e-29,,4.577e-11,,1.998e-16,1.723e-18,,2.208e-19,6.868e-18,,,,,,2.217e-18,,,,,,,,,,,,,,
778.75,3.481e-11,3.196e-20,2.563e-26,2.695e-26,2.635e-17,,,1.171e-18,2.368e-19,,1.390e-13,4.501e-20,1.592e-26,1.071e-13,3.615e-19,1.228e-29,4.331e-17,,,,4.584e-18,1.511e-31,1.198e-17,,2.323e-26,,,,1.633e-21,2.213e-16,8.332e-19,5.477e-29,,3.456e-11,,1.998e-16,1.722e-18,,2.208e-19,6.868e-18,,,,,,2.218e-18,,,,,,,,,,,,,,
778.77,2.888e-11,3.182e-20,2.562e-26,2.841e-26,2.636e-17,,,1.171e-18,2.369e-19,,1.874e-13,4.499e-20,1.597e-26,8.045e-14,3.616e-19,1.228e-29,4.328e-17,,,,4.584e-18,1.977e-31,1.198e-17,,2.323e-26,,,,1.632e-21,2.213e-16,8.342e-19,5.473e-29,,2.862e-11,,1.998e-16,1.722e-18,,2.208e-19,6.868e-18,,,,,,2.218e-18,,,,,,,,,,,,,,
778.8,2.185e-11,3.162e-20,2.559e-26,3.069e-26,2.636e-17,,,1.171e-18,2.369e-19,,2.927e-13,4.497e-20,1.603e-26,5.222e-14,3.618e-19,1.227e-29,4.325e-17,,,,4.585e-18,2.952e-31,1.197e-17,,2.322e-26,,,,1.632e-21,2.214e-16,8.356e-19,5.467e-29,,2.151e-11,,1.998e-16,1.721e-18,,2.208e-19,6.868e-18,,,,,,2.218e-18,,,,,,,,,,,,,,
778.82,1.818e-11,3.148e-20,2.557e-26,3.225e-26,2.637e-17,,,1.171e-18,2.370e-19,,3.934e-13,4.496e-20,1.608e-26,3.908e-14,3.619e-19,1.226e-29,4.323e-17,,,,4.585e-18,3.851e-31,1.197e-17,,2.322e-26,,,,1.632e-21,2.214e-16,8.366e-19,5.463e-29,,1.775e-11,,1.999e-16,1.720e-18,,2.208e-19,6.868e-18,,,,,,2.218e-18,,,,,,,,,,,,,,
778.85,1.391e-11,3.127e-20,2.555e-26,3.467e-26,2.637e-17,,,1.171e-18,2.370e-19,,6.116e-13,4.494e-20,1.614e-26,2.525e-14,3.621e-19,1.225e-29,4.320e-17,,,,4.586e-18,5.724e-31,1.197e-17,,2.322e-26,,,,1.631e-21,2.214e-16,8.380e-19,5.456e-29,,1.328e-11,,1.999e-16,1.719e-18,,2.208e-19,6.868e-18,,,,,,2.219e-18,,,,,,,,,,,,,,
778.87,1.176e-11,3.113e-20,2.553e-26,3.632e-26,2.637e-17,,,1.171e-18,2.370e-19,,8.194e-13,4.492e-20,1.619e-26,1.884e-14,3.622e-19,1.225e-29,4.318e-17,,,,4.586e-18,7.444e-31,1.197e-17,,2.321e-26,,,,1.631e-21,2.214e-16,8.390e-19,5.452e-29,,1.092e-11,,1.999e-16,1.719e-18,,2.208e-19,6.868e-18,,,,,,2.219e-18,,,,,,,,,,,,,,
778.89,1.009e-11,3.100e-20,2.551e-26,3.800e-26,2.638e-17,,,1.171e-18,2.371e-19,,1.096e-12,4.491e-20,1.623e-26,1.403e-14,3.623e-19,1.224e-29,4.316e-17,,,,4.586e-18,9.668e-31,1.197e-17,,2.321e-26,,,,1.631e-21,2.215e-16,8.400e-19,5.448e-29,,8.975e-12,,1.999e-16,1.718e-18,,2.208e-19,6.868e-18,,,,,,2.219e-18,,,,,,,,,,,,,,
778.92,8.371e-12,3.079e-20,2.548e-26,4.058e-26,2.638e-17,,,1.171e-18,2.371e-19,,1.693e-12,4.489e-20,1.629e-26,9.005e-15,3.625e-19,1.223e-29,4.313e-17,,,,4.587e-18,1.428e-30,1.197e-17,,2.320e-26,,,,1.631e-21,2.215e-16,8.414e-19,5.442e-29,,6.669e-12,,2.000e-16,1.717e-18,,2.208e-19,6.868e-18,,,,,,2.220e-18,,,,,,,,,,,,,,
778.94,7.728e-12,3.065e-20,2.546e-26,4.233e-26,2.638e-17,,,1.171e-18,2.372e-19,,2.259e-12,4.487e-20,1.634e-26,6.689e-15,3.626e-19,1.223e-29,4.310e-17,,,,4.587e-18,1.848e-30,1.196e-17,,2.320e-26,,,,1.630e-21,2.215e-16,8.424e-19,5.438e-29,,5.462e-12,,2.000e-16,1.717e-18,,2.208e-19,6.868e-18,,,,,,2.220e-18,,,,,,,,,,,,,,
778.97,7.516e-12,3.045e-20,2.544e-26,4.499e-26,2.639e-17,,,1.171e-18,2.372e-19,,3.473e-12,4.485e-20,1.640e-26,4.271e-15,3.627e-19,1.222e-29,4.307e-17,,,,4.588e-18,2.717e-30,1.196e-17,,2.320e-26,,,,1.630e-21,2.215e-16,8.438e-19,5.431e-29,,4.039e-12,,2.000e-16,1.716e-18,,2.208e-19,6.868e-18,,,,,,2.220e-18,,,,,,,,,,,,,,
778.99,7.919e-12,3.031e-20,2.542e-26,4.678e-26,2.639e-17,,,1.171e-18,2.372e-19,,4.618e-12,4.484e-20,1.645e-26,3.162e-15,3.628e-19,1.221e-29,4.305e-17,,,,4.588e-18,3.507e-30,1.196e-17,,2.319e-26,,,,1.630e-21,2.216e-16,8.448e-19,5.427e-29,,3.298e-12,,2.000e-16,1.715e-18,,2.208e-19,6.868e-18,,,,,,2.221e-18,,,,,,,,,,,,,,
779.02,9.495e-12,3.010e-20,2.539e-26,4.948e-26,2.640e-17,,,1.171e-18,2.373e-19,,7.066e-12,4.482e-20,1.651e-26,2.010e-15,3.630e-19,1.220e-29,4.302e-17,,,,4.589e-18,5.130e-30,1.196e-17,,2.319e-26,,,,1.629e-21,2.216e-16,8.462e-19,5.421e-29,,2.427e-12,,2.000e-16,1.714e-18,,2.208e-19,6.868e-18,,,,,,2.221e-18,,,,,,,,,,,,,,
779.04,1.135e-11,2.996e-20,2.538e-26,5.129e-26,2.640e-17,,,1.171e-18,2.373e-19,,9.368e-12,4.480e-20,1.655e-26,1.483e-15,3.631e-19,1.220e-29,4.300e-17,,,,4.589e-18,6.600e-30,1.196e-17,,2.318e-26,,,,1.629e-21,2.216e-16,8.472e-19,5.417e-29,,1.975e-12,,2.001e-16,1.714e-18,,2.208e-19,6.868e-18,,,,,,2.221e-18,,,,,,,,,,,,,,
779.07,1.572e-11,2.976e-20,2.535e-26,5.400e-26,2.641e-17,,,1.171e-18,2.374e-19,,1.427e-11,4.478e-20,1.662e-26,9.382e-16,3.633e-19,1.219e-29,4.297e-17,,,,4.590e-18,9.611e-30,1.196e-17,,2.318e-26,,,,1.629e-21,2.216e-16,8.486e-19,5.410e-29,,1.447e-12,,2.001e-16,1.713e-18,,2.208e-19,6.868e-18,,,,,,2.221e-18,,,,,,,,,,,,,,
779.09,2.003e-11,2.962e-20,2.533e-26,5.579e-26,2.641e-17,,,1.170e-18,2.374e-19,,1.886e-11,4.477e-20,1.666e-26,6.902e-16,3.634e-19,1.218e-29,4.295e-17,,,,4.590e-18,1.233e-29,1.195e-17,,2.317e-26,,,,1.629e-21,2.217e-16,8.496e-19,5.406e-29,,1.174e-12,,2.001e-16,1.712e-18,,2.208e-19,6.868e-18,,,,,,2.222e-18,,,,,,,,,,,,,,
779.12,2.944e-11,2.941e-20,2.530e-26,5.846e-26,2.641e-17,,,1.170e-18,2.374e-19,,2.859e-11,4.475e-20,1.673e-26,4.345e-16,3.636e-19,1.217e-29,4.292e-17,,,,4.591e-18,1.787e-29,1.195e-17,,2.317e-26,,,,1.628e-21,2.217e-16,8.511e-19,5.400e-29,,8.557e-13,,2.001e-16,1.711e-18,,2.208e-19,6.868e-18,,,,,,2.222e-18,,,,,,,,,,,,,,
779.14,3.836e-11,2.927e-20,2.529e-26,6.022e-26,2.642e-17,,,1.170e-18,2.375e-19,,3.766e-11,4.473e-20,1.677e-26,3.186e-16,3.637e-19,1.217e-29,4.289e-17,,,,4.591e-18,2.285e-29,1.195e-17,,2.317e-26,,,,1.628e-21,2.217e-16,8.520e-19,5.396e-29,,6.920e-13,,2.002e-16,1.711e-18,,2.208e-19,6.868e-18,,,,,,2.222e-18,,,,,,,,,,,,,,
779.17,5.733e-11,2.907e-20,2.526e-26,6.280e-26,2.642e-17,,,1.170e-18,2.375e-19,,5.683e-11,4.471e-20,1.684e-26,1.996e-16,3.639e-19,1.216e-29,4.286e-17,,,,4.592e-18,3.296e-29,1.195e-17,,2.316e-26,,,,1.628e-21,2.218e-16,8.535e-19,5.389e-29,,5.021e-13,,2.002e-16,1.710e-18,,2.208e-19,6.868e-18,,,,,,2.223e-18,,,,,,,,,,,,,,
779.19,7.505e-11,2.893e-20,2.524e-26,6.449e-26,2.643e-17,,,1.170e-18,2.376e-19,,7.465e-11,4.470e-20,1.688e-26,1.459e-16,3.640e-19,1.215e-29,4.284e-17,,,,4.592e-18,4.201e-29,1.195e-17,,2.316e-26,,,,1.627e-21,2.218e-16,8.544e-19,5.385e-29,,4.047e-13,,2.002e-16,1.709e-18,,2.207e-19,6.868e-18,,,,,,2.223e-18,,,,,,,,,,,,,,
779.22,1.124e-10,2.872e-20,2.521e-26,6.694e-26,2.643e-17,,,1.170e-18,2.376e-19,,1.121e-10,4.468e-20,1.695e-26,9.098e-17,3.642e-19,1.214e-29,4.281e-17,,,,4.593e-18,6.032e-29,1.194e-17,,2.315e-26,,,,1.627e-21,2.218e-16,8.559e-19,5.379e-29,,2.922e-13,,2.002e-16,1.708e-18,,2.207e-19,6.868e-18,,,,,,2.223e-18,,,,,,,,,,,,,,
779.24,1.470e-10,2.858e-20,2.520e-26,6.851e-26,2.643e-17,,,1.170e-18,2.376e-19,,1.468e-10,4.466e-20,1.699e-26,6.629e-17,3.643e-19,1.214e-29,4.279e-17,,,,4.593e-18,7.664e-29,1.194e-17,,2.315e-26,,,,1.627e-21,2.218e-16,8.569e-19,5.375e-29,,2.348e-13,,2.002e-16,1.708e-18,,2.207e-19,6.868e-18,,,,,,2.224e-18,,,,,,,,,,,,,,
779.26,1.922e-10,2.845e-20,2.518e-26,7.004e-26,2.644e-17,,,1.170e-18,2.377e-19,,1.920e-10,4.465e-20,1.703e-26,4.824e-17,3.644e-19,1.213e-29,4.277e-17,,,,4.593e-18,9.727e-29,1.194e-17,,2.315e-26,,,,1.627e-21,2.218e-16,8.578e-19,5.371e-29,,1.885e-13,,2.003e-16,1.707e-18,,2.207e-19,6.868e-18,,,,,,2.224e-18,,,,,,,,,,,,,,
779.29,2.866e-10,2.824e-20,2.515e-26,7.222e-26,2.644e-17,,,1.170e-18,2.377e-19,,2.865e-10,4.463e-20,1.710e-26,2.988e-17,3.646e-19,1.212e-29,4.274e-17,,,,4.594e-18,1.388e-28,1.194e-17,,2.314e-26,,,,1.626e-21,2.219e-16,8.593e-19,5.364e-29,,1.352e-13,,2.003e-16,1.706e-18,,2.207e-19,6.868e-18,,,,,,2.224e-18,,,,,,,,,,,,,,
779.31,3.736e-10,2.810e-20,2.513e-26,7.360e-26,2.645e-17,,,1.170e-18,2.378e-19,,3.735e-10,4.462e-20,1.714e-26,2.986e-17,3.647e-19,1.212e-29,4.272e-17,,,,4.594e-18,1.755e-28,1.194e-17,,2.314e-26,,,,1.626e-21,2.219e-16,8.602e-19,5.360e-29,,1.082e-13,,2.003e-16,1.705e-18,,2.207e-19,6.868e-18,,,,,,2.224e-18,,,,,,,,,,,,,,
779.34,5.548e-10,2.789e-20,2.511e-26,7.554e-26,2.645e-17,,,1.170e-18,2.378e-19,,5.547e-10,4.459e-20,1.721e-26,2.983e-17,3.648e-19,1.211e-29,4.268e-17,,,,4.595e-18,2.492e-28,1.194e-17,,2.313e-26,,,,1.626e-21,2.219e-16,8.617e-19,5.354e-29,,7.720e-14,,2.003e-16,1.705e-18,,2.207e-19,6.868e-18,,,,,,2.225e-18,,,,,,,,,,,,,,
779.36,7.210e-10,2.776e-20,2.509e-26,7.673e-26,2.645e-17,,,1.170e-18,2.378e-19,,7.209e-10,4.458e-20,1.725e-26,2.981e-17,3.650e-19,1.210e-29,4.266e-17,,,,4.595e-18,3.144e-28,1.193e-17,,2.313e-26,,,,1.625e-21,2.220e-16,8.627e-19,5.350e-29,,6.157e-14,,2.004e-16,1.704e-18,,2.207e-19,6.868e-18,,,,,,2.225e-18,,,,,,,,,,,,,,
779.39,1.066e-9,2.755e-20,2.506e-26,7.838e-26,2.646e-17,,,1.170e-18,2.379e-19,,1.066e-9,4.456e-20,1.732e-26,2.978e-17,3.651e-19,1.210e-29,4.263e-17,,,,4.596e-18,4.442e-28,1.193e-17,,2.312e-26,,,,1.625e-21,2.220e-16,8.641e-19,5.343e-29,,4.374e-14,,2.004e-16,1.703e-18,,2.207e-19,6.868e-18,,,,,,2.225e-18,,,,,,,,,,,,,,
779.41,1.381e-9,2.741e-20,2.504e-26,7.937e-26,2.646e-17,,,1.170e-18,2.379e-19,,1.381e-9,4.455e-20,1.736e-26,2.976e-17,3.652e-19,1.209e-29,4.261e-17,,,,4.596e-18,5.585e-28,1.193e-17,,2.312e-26,,,,1.625e-21,2.220e-16,8.651e-19,5.339e-29,,3.477e-14,,2.004e-16,1.703e-18,,2.207e-19,6.868e-18,,,,,,2.226e-18,,,,,,,,,,,,,,
779.44,2.032e-9,2.720e-20,2.502e-26,8.070e-26,2.647e-17,,,1.170e-18,2.380e-19,,2.032e-9,4.452e-20,1.743e-26,2.973e-17,3.654e-19,1.208e-29,4.258e-17,,,,4.597e-18,7.856e-28,1.193e-17,,2.311e-26,,,,1.625e-21,2.220e-16,8.665e-19,5.333e-29,,2.459e-14,,2.004e-16,1.702e-18,,2.207e-19,6.868e-18,,,,,,2.226e-18,,,,,,,,,,,,,,
779.46,2.624e-9,2.707e-20,2.500e-26,8.146e-26,2.647e-17,,,1.170e-18,2.380e-19,,2.624e-9,4.451e-20,1.747e-26,2.971e-17,3.655e-19,1.207e-29,4.256e-17,,,,4.597e-18,9.847e-28,1.193e-17,,2.311e-26,,,,1.624e-21,2.221e-16,8.675e-19,5.329e-29,,1.948e-14,,2.004e-16,1.701e-18,,2.207e-19,6.868e-18,,,,,,2.226e-18,,,,,,,,,,,,,,
779.49,3.844e-9,2.686e-20,2.497e-26,8.243e-26,2.647e-17,,,1.170e-18,2.380e-19,,3.844e-9,4.449e-20,1.753e-26,2.968e-17,3.657e-19,1.207e-29,4.253e-17,,,,4.597e-18,1.379e-27,1.193e-17,,2.311e-26,,,,1.624e-21,2.221e-16,8.689e-19,5.322e-29,,1.371e-14,,2.005e-16,1.700e-18,,2.207e-19,6.868e-18,,,,,,2.227e-18,,,,,,,,,,,,,,
779.51,4.949e-9,2.672e-20,2.495e-26,8.295e-26,2.648e-17,,,1.169e-18,2.381e-19,,4.949e-9,4.448e-20,1.758e-26,2.966e-17,3.658e-19,1.206e-29,4.250e-17,,,,4.598e-18,1.722e-27,1.192e-17,,2.310e-26,,,,1.624e-21,2.221e-16,8.699e-19,5.318e-29,,1.083e-14,,2.005e-16,1.700e-18,,2.207e-19,6.868e-18,,,,,,2.227e-18,,,,,,,,,,,,,,
779.54,7.215e-9,2.651e-20,2.493e-26,8.354e-26,2.648e-17,,,1.169e-18,2.381e-19,,7.215e-9,4.445e-20,1.764e-26,2.963e-17,3.660e-19,1.205e-29,4.247e-17,,,,4.598e-18,2.400e-27,1.192e-17,,2.310e-26,,,,1.623e-21,2.221e-16,8.713e-19,5.312e-29,,7.585e-15,,2.005e-16,1.699e-18,,2.207e-19,6.868e-18,,,,,,2.227e-18,,,,,,,,,,,,,,
779.56,9.262e-9,2.638e-20,2.491e-26,8.380e-26,2.649e-17,,,1.169e-18,2.382e-19,,9.262e-9,4.444e-20,1.769e-26,2.961e-17,3.661e-19,1.205e-29,4.245e-17,,,,4.599e-18,2.990e-27,1.192e-17,,2.309e-26,,,,1.623e-21,2.222e-16,8.723e-19,5.308e-29,,5.972e-15,,2.005e-16,1.698e-18,,2.207e-19,6.868e-18,,,,,,2.227e-18,,,,,,,,,,,,,,
779.59,1.344e-8,2.617e-20,2.488e-26,8.400e-26,2.649e-17,,,1.169e-18,2.382e-19,,1.344e-8,4.442e-20,1.775e-26,2.958e-17,3.663e-19,1.204e-29,4.242e-17,,,,4.599e-18,4.146e-27,1.192e-17,,2.309e-26,,,,1.623e-21,2.222e-16,8.738e-19,5.302e-29,,4.163e-15,,2.006e-16,1.697e-18,,2.207e-19,6.868e-18,,,,,,2.228e-18,,,,,,,,,,,,,,
779.61,1.720e-8,2.603e-20,2.487e-26,8.400e-26,2.649e-17,,,1.169e-18,2.382e-19,,1.720e-8,4.441e-20,1.779e-26,2.956e-17,3.664e-19,1.203e-29,4.240e-17,,,,4.600e-18,5.149e-27,1.192e-17,,2.309e-26,,,,1.623e-21,2.222e-16,8.747e-19,5.297e-29,,3.267e-15,,2.006e-16,1.697e-18,,2.207e-19,6.868e-18,,,,,,2.228e-18,,,,,,,,,,,,,,
779.63,2.198e-8,2.589e-20,2.485e-26,8.390e-26,2.650e-17,,,1.169e-18,2.383e-19,,2.198e-8,4.439e-20,1.784e-26,2.954e-17,3.665e-19,1.203e-29,4.238e-17,,,,4.600e-18,6.385e-27,1.192e-17,,2.308e-26,,,,1.622e-21,2.222e-16,8.757e-19,5.293e-29,,2.561e-15,,2.006e-16,1.696e-18,,2.207e-19,6.868e-18,,,,,,2.228e-18,,,,,,,,,,,,,,
779.66,3.169e-8,2.569e-20,2.482e-26,8.354e-26,2.650e-17,,,1.169e-18,2.383e-19,,3.169e-8,4.437e-20,1.790e-26,2.951e-17,3.667e-19,1.202e-29,4.235e-17,,,,4.601e-18,8.798e-27,1.191e-17,,2.308e-26,,,,1.622e-21,2.223e-16,8.771e-19,5.287e-29,,1.773e-15,,2.006e-16,1.695e-18,,2.207e-19,6.868e-18,,,,,,2.229e-18,,,,,,,,,,,,,,
779.68,4.038e-8,2.555e-20,2.480e-26,8.317e-26,2.651e-17,,,1.169e-18,2.384e-19,,4.038e-8,4.436e-20,1.795e-26,2.949e-17,3.668e-19,1.201e-29,4.233e-17,,,,4.601e-18,1.088e-26,1.191e-17,,2.307e-26,,,,1.622e-21,2.223e-16,8.781e-19,5.283e-29,,1.386e-15,,2.006e-16,1.694e-18,,2.207e-19,6.868e-18,,,,,,2.229e-18,,,,,,,,,,,,,,
779.71,5.794e-8,2.534e-20,2.478e-26,8.243e-26,2.651e-17,,,1.169e-18,2.384e-19,,5.794e-8,4.434e-20,1.801e-26,2.946e-17,3.669e-19,1.200e-29,4.229e-17,,,,4.602e-18,1.492e-26,1.191e-17,,2.307e-26,,,,1.621e-21,2.223e-16,8.796e-19,5.276e-29,,9.550e-16,,2.007e-16,1.694e-18,,2.207e-19,6.868e-18,,,,,,2.229e-18,,,,,,,,,,,,,,
779.73,7.360e-8,2.520e-20,2.476e-26,8.181e-26,2.651e-17,,,1.169e-18,2.384e-19,,7.360e-8,4.432e-20,1.806e-26,2.944e-17,3.671e-19,1.200e-29,4.227e-17,,,,4.602e-18,1.839e-26,1.191e-17,,2.306e-26,,,,1.621e-21,2.223e-16,8.805e-19,5.272e-29,,7.439e-16,,2.007e-16,1.693e-18,,2.207e-19,6.868e-18,,,,,,2.230e-18,,,,,,,,,,,,,,
779.76,1.051e-7,4.048e-20,2.473e-26,8.070e-26,2.652e-17,,,1.169e-18,2.385e-19,,1.051e-7,4.430e-20,1.812e-26,2.941e-17,3.672e-19,1.199e-29,4.224e-17,,,,4.602e-18,2.510e-26,1.191e-17,,2.306e-26,,,,1.621e-21,2.224e-16,8.820e-19,5.266e-29,,5.102e-16,,2.007e-16,1.692e-18,,2.207e-19,6.868e-18,,,,,,2.230e-18,,,,,,,,,,,,,,
779.78,1.331e-7,5.543e-20,2.471e-26,7.984e-26,2.652e-17,,,1.169e-18,2.385e-19,,1.331e-7,4.429e-20,1.816e-26,2.939e-17,3.673e-19,1.198e-29,4.222e-17,,,,4.603e-18,3.084e-26,1.191e-17,,2.306e-26,,,,1.621e-21,2.224e-16,8.829e-19,5.262e-29,,3.961e-16,,2.007e-16,1.691e-18,,2.207e-19,6.868e-18,,,,,,2.230e-18,,,,,,,,,,,,,,
779.81,1.892e-7,8.861e-20,2.469e-26,7.838e-26,2.653e-17,,,1.169e-18,2.386e-19,,1.892e-7,4.427e-20,1.823e-26,2.936e-17,3.675e-19,1.197e-29,4.219e-17,,,,4.603e-18,4.189e-26,1.190e-17,,2.305e-26,,,,1.620e-21,2.224e-16,8.844e-19,5.256e-29,,2.704e-16,,2.008e-16,1.691e-18,,2.207e-19,6.868e-18,,,,,,2.230e-18,,,,,,,,,,,,,,
779.83,2.389e-7,1.210e-19,2.467e-26,7.730e-26,2.653e-17,,,1.169e-18,2.386e-19,,2.389e-7,4.425e-20,1.827e-26,2.935e-17,5.032e-19,1.197e-29,4.217e-17,,,,4.604e-18,5.131e-26,1.190e-17,,2.305e-26,,,,1.620e-21,2.225e-16,8.853e-19,5.251e-29,,2.093e-16,,2.008e-16,1.690e-18,,2.207e-19,6.868e-18,,,,,,2.231e-18,,,,,,,,,,,,,,
779.86,3.380e-7,1.925e-19,2.464e-26,7.554e-26,2.654e-17,,,1.169e-18,2.387e-19,,3.380e-7,4.423e-20,1.834e-26,2.932e-17,8.044e-19,1.196e-29,4.214e-17,,,,4.604e-18,6.939e-26,1.190e-17,,2.304e-26,,,,1.620e-21,2.225e-16,8.868e-19,5.245e-29,,1.422e-16,,2.008e-16,1.689e-18,,2.207e-19,6.868e-18,,,,,,2.231e-18,,,,,,,,,,,,,,
779.88,4.254e-7,2.619e-19,2.462e-26,7.426e-26,2.654e-17,,,1.169e-18,2.387e-19,,4.254e-7,4.422e-20,1.838e-26,2.930e-17,1.506e-18,1.195e-29,4.211e-17,,,,4.605e-18,8.473e-26,1.190e-17,,2.304e-26,,,,1.619e-21,2.225e-16,8.878e-19,5.241e-29,,1.097e-16,,2.008e-16,1.688e-18,,2.207e-19,6.868e-18,,,,,,2.231e-18,,,,,,,,,,,,,,
779.91,5.991e-7,4.148e-19,2.460e-26,7.222e-26,2.654e-17,,,1.169e-18,2.387e-19,,5.991e-7,4.420e-20,1.845e-26,2.927e-17,2.402e-18,1.194e-29,4.208e-17,,,,4.605e-18,1.140e-25,1.190e-17,,2.303e-26,,,,1.619e-21,2.225e-16,8.892e-19,5.235e-29,,7.416e-17,,2.008e-16,1.688e-18,,2.207e-19,6.868e-18,,,,,,2.232e-18,,,,,,,,,,,,,,
779.93,7.516e-7,5.627e-19,2.458e-26,7.078e-26,2.655e-17,,,1.169e-18,2.388e-19,,7.516e-7,4.418e-20,1.849e-26,2.925e-17,3.274e-18,1.194e-29,4.206e-17,,,,4.606e-18,1.388e-25,1.189e-17,,2.303e-26,,,,1.619e-21,2.226e-16,8.902e-19,5.230e-29,,5.703e-17,,2.009e-16,1.687e-18,,2.207e-19,6.868e-18,,,,,,2.232e-18,,,,,,,,,,,,,,
779.96,1.054e-6,8.870e-19,2.455e-26,6.851e-26,2.655e-17,,,1.168e-18,2.388e-19,,1.054e-6,4.416e-20,1.856e-26,2.922e-17,5.196e-18,1.193e-29,4.203e-17,,,,4.606e-18,1.860e-25,1.189e-17,,2.303e-26,,,,1.618e-21,2.226e-16,8.916e-19,5.224e-29,,3.838e-17,,2.009e-16,1.686e-18,,2.207e-19,6.867e-18,,,,,,2.232e-18,,,,,,,,,,,,,,
779.98,1.318e-6,1.200e-18,2.453e-26,6.694e-26,2.655e-17,,,1.168e-18,2.388e-19,,1.318e-6,4.415e-20,1.860e-26,2.920e-17,7.059e-18,1.192e-29,4.201e-17,,,,4.607e-18,2.257e-25,1.189e-17,,2.302e-26,,,,1.618e-21,2.226e-16,8.926e-19,5.220e-29,,2.942e-17,,2.009e-16,1.686e-18,,2.206e-19,6.867e-18,,,,,,2.233e-18,,,,,,,,,,,,,,
780,1.646e-6,1.620e-18,2.452e-26,6.531e-26,2.656e-17,,,1.168e-18,2.389e-19,,1.646e-6,4.413e-20,1.864e-26,2.918e-17,9.579e-18,1.192e-29,4.199e-17,,,,4.607e-18,2.735e-25,1.189e-17,,2.302e-26,,,,1.618e-21,2.226e-16,8.936e-19,5.216e-29,,2.253e-17,,2.009e-16,1.685e-18,,2.206e-19,6.867e-18,,,,,,2.233e-18,,,,,,,,,,,,,,
780.03,2.293e-6,2.538e-18,2.449e-26,6.280e-26,2.656e-17,,,1.168e-18,2.389e-19,,2.293e-6,4.411e-20,1.871e-26,2.915e-17,1.511e-17,1.191e-29,4.196e-17,,,,4.607e-18,3.640e-25,1.189e-17,,2.301e-26,,,,1.618e-21,2.227e-16,8.950e-19,5.209e-29,,1.506e-17,,2.010e-16,1.684e-18,,2.206e-19,6.867e-18,,,,,,2.233e-18,,,,,,,,,,,,,,
780.05,2.855e-6,3.417e-18,2.447e-26,6.109e-26,2.657e-17,,,1.168e-18,2.390e-19,,2.855e-6,4.410e-20,1.875e-26,2.913e-17,2.043e-17,1.190e-29,4.194e-17,,,,4.608e-18,4.397e-25,1.189e-17,,2.301e-26,,,,1.617e-21,2.227e-16,8.960e-19,5.205e-29,,1.149e-17,,2.010e-16,1.683e-18,,2.206e-19,9.413e-18,,,,,,2.233e-18,,,,,,,,,,,,,,
780.08,3.958e-6,5.327e-18,2.445e-26,5.846e-26,2.657e-17,,,1.168e-18,2.390e-19,,3.958e-6,4.408e-20,1.882e-26,2.910e-17,3.207e-17,1.189e-29,4.190e-17,,,,4.608e-18,5.825e-25,1.188e-17,,2.300e-26,,,,1.617e-21,2.227e-16,8.974e-19,5.199e-29,,7.645e-18,,2.010e-16,1.683e-18,,2.206e-19,1.507e-17,,,,,,2.234e-18,,,,,,,,,,,,,,
780.1,4.914e-6,7.150e-18,2.443e-26,5.669e-26,2.657e-17,,,1.168e-18,2.390e-19,,4.914e-6,4.406e-20,1.886e-26,2.908e-17,4.325e-17,1.189e-29,4.188e-17,,,,4.609e-18,7.016e-25,1.188e-17,,2.300e-26,,,,1.617e-21,2.227e-16,8.984e-19,5.195e-29,,5.817e-18,,2.010e-16,1.682e-18,,2.206e-19,2.059e-17,,,,,,2.234e-18,,,,,,,,,,,,,,
780.13,6.780e-6,1.109e-17,2.440e-26,5.400e-26,2.658e-17,,,1.168e-18,2.391e-19,,6.780e-6,4.404e-20,1.893e-26,2.905e-17,6.758e-17,1.188e-29,4.185e-17,,,,4.609e-18,9.251e-25,1.188e-17,,2.300e-26,,,,1.617e-21,2.228e-16,8.998e-19,5.189e-29,,3.851e-18,,2.010e-16,1.681e-18,,2.206e-19,3.282e-17,,,,,,2.234e-18,,,,,,,,,,,,,,
780.15,8.391e-6,1.485e-17,2.438e-26,5.219e-26,2.658e-17,,,1.168e-18,2.391e-19,,8.391e-6,4.403e-20,1.897e-26,2.903e-17,9.086e-17,1.187e-29,4.183e-17,,,,4.610e-18,1.111e-24,1.188e-17,,2.299e-26,,,,1.616e-21,2.228e-16,9.008e-19,5.184e-29,,2.921e-18,,2.011e-16,1.680e-18,,2.206e-19,4.470e-17,,,,,,2.235e-18,,,,,,,,,,,,,,
780.18,1.153e-5,2.293e-17,2.436e-26,4.948e-26,2.659e-17,,,1.168e-18,2.392e-19,,1.153e-5,4.401e-20,1.903e-26,2.900e-17,1.413e-16,1.187e-29,4.180e-17,,,,4.610e-18,1.458e-24,1.188e-17,,2.299e-26,,,,1.616e-21,2.228e-16,9.023e-19,5.178e-29,,1.924e-18,,2.011e-16,1.680e-18,,2.206e-19,7.090e-17,,,,,,2.235e-18,,,,,,,,,,,,,,
780.2,1.422e-5,3.062e-17,2.434e-26,4.768e-26,2.659e-17,,,1.168e-18,2.392e-19,,1.422e-5,4.399e-20,1.908e-26,2.898e-17,1.894e-16,1.186e-29,4.178e-17,,,,4.611e-18,1.745e-24,1.188e-17,,2.298e-26,,,,1.616e-21,2.228e-16,9.032e-19,5.174e-29,,1.455e-18,,2.011e-16,1.679e-18,,2.206e-19,9.629e-17,,,,,,2.235e-18,,,,,,,,,,,,,,
780.23,1.944e-5,4.708e-17,2.431e-26,4.499e-26,2.660e-17,,,1.168e-18,2.393e-19,,1.944e-5,4.397e-20,1.914e-26,2.895e-17,2.932e-16,1.185e-29,4.175e-17,,,,4.611e-18,2.279e-24,1.187e-17,,2.298e-26,,,,1.615e-21,2.229e-16,9.047e-19,5.168e-29,,9.540e-19,,2.011e-16,1.678e-18,,2.206e-19,1.520e-16,,,,,,2.236e-18,,,,,,,,,,,,,,
780.25,2.391e-5,6.261e-17,2.429e-26,4.321e-26,2.660e-17,,,1.168e-18,2.393e-19,,2.391e-5,4.396e-20,1.919e-26,2.893e-17,3.917e-16,1.185e-29,4.172e-17,,,,4.611e-18,2.719e-24,1.187e-17,,2.298e-26,,,,1.615e-21,2.229e-16,9.056e-19,5.163e-29,,7.190e-19,,2.011e-16,1.677e-18,,2.206e-19,2.058e-16,,,,,,2.236e-18,,,,,,,,,,,,,,
780.28,3.253e-5,9.581e-17,2.427e-26,4.058e-26,2.660e-17,,,1.168e-18,2.393e-19,,3.253e-5,4.394e-20,1.925e-26,2.890e-17,6.035e-16,1.184e-29,4.169e-17,,,,4.612e-18,3.535e-24,1.187e-17,,2.297e-26,,,,1.615e-21,2.229e-16,9.071e-19,5.157e-29,,4.692e-19,,2.012e-16,1.677e-18,,2.206e-19,3.234e-16,,,,,,2.236e-18,,,,,,,,,,,,,,
780.3,3.989e-5,1.270e-16,2.425e-26,3.886e-26,2.661e-17,,,1.168e-18,2.394e-19,,3.989e-5,4.392e-20,1.930e-26,2.888e-17,8.039e-16,1.183e-29,4.167e-17,,,,4.612e-18,4.205e-24,1.187e-17,,2.297e-26,,,,1.615e-21,2.230e-16,9.080e-19,5.153e-29,,3.525e-19,,2.012e-16,1.676e-18,,2.206e-19,4.364e-16,,,,,,2.236e-18,,,,,,,,,,,,,,
780.33,5.403e-5,1.935e-16,2.422e-26,3.632e-26,2.661e-17,,,1.168e-18,2.394e-19,,5.403e-5,4.390e-20,1.936e-26,2.885e-17,1.233e-15,1.182e-29,4.164e-17,,,,4.613e-18,5.442e-24,1.187e-17,,2.296e-26,,,,1.614e-21,2.230e-16,9.095e-19,5.147e-29,,2.290e-19,,2.012e-16,1.675e-18,,2.206e-19,6.827e-16,,,,,,2.237e-18,,,,,,,,,,,,,,
780.35,6.604e-5,2.557e-16,2.420e-26,3.467e-26,2.662e-17,,,1.168e-18,2.394e-19,,6.604e-5,4.389e-20,1.940e-26,2.883e-17,1.637e-15,1.182e-29,4.162e-17,,,,4.613e-18,6.452e-24,1.187e-17,,2.296e-26,,,,1.614e-21,2.230e-16,9.105e-19,5.143e-29,,1.715e-19,,2.012e-16,1.674e-18,,2.206e-19,9.185e-16,,,,,,2.237e-18,,,,,,,,,,,,,,
780.38,8.904e-5,3.876e-16,2.418e-26,3.225e-26,2.662e-17,,,1.167e-18,2.395e-19,,8.904e-5,4.387e-20,1.947e-26,2.880e-17,2.499e-15,1.181e-29,4.159e-17,,,,4.614e-18,8.311e-24,1.186e-17,,2.295e-26,,,,1.614e-21,2.230e-16,9.119e-19,5.136e-29,,1.108e-19,,2.013e-16,1.674e-18,,2.206e-19,1.430e-15,,,,,,2.237e-18,,,,,,,,,,,,,,
780.4,1.085e-4,5.108e-16,2.416e-26,3.069e-26,2.662e-17,,,1.167e-18,2.395e-19,,1.085e-4,4.385e-20,1.951e-26,2.878e-17,3.309e-15,1.180e-29,4.157e-17,,,,4.614e-18,9.823e-24,1.186e-17,,2.295e-26,,,,1.613e-21,2.231e-16,9.129e-19,5.132e-29,,8.274e-20,,2.013e-16,1.673e-18,,2.206e-19,1.918e-15,,,,,,2.238e-18,,,,,,,,,,,,,,
780.42,1.320e-4,6.722e-16,2.414e-26,2.916e-26,2.663e-17,,,1.167e-18,2.396e-19,,1.320e-4,4.384e-20,1.956e-26,2.876e-17,4.375e-15,1.180e-29,4.155e-17,,,,4.615e-18,1.160e-23,1.186e-17,,2.295e-26,,,,1.613e-21,2.231e-16,9.138e-19,5.128e-29,,6.168e-20,,2.013e-16,1.672e-18,,2.206e-19,2.569e-15,,,,,,2.238e-18,,,,,,,,,,,,,,
780.45,1.769e-4,1.012e-15,2.411e-26,2.695e-26,2.663e-17,,,1.167e-18,2.396e-19,,1.769e-4,4.382e-20,1.962e-26,2.873e-17,6.635e-15,1.179e-29,4.151e-17,,,,4.615e-18,1.484e-23,1.186e-17,,2.294e-26,,,,1.613e-21,2.231e-16,9.153e-19,5.122e-29,,3.961e-20,,2.013e-16,1.671e-18,,2.206e-19,3.974e-15,,,,,,2.238e-18,,,,,,,,,,,,,,
780.47,2.146e-4,1.328e-15,2.410e-26,2.553e-26,2.663e-17,,,1.167e-18,2.396e-19,,2.146e-4,4.380e-20,1.967e-26,2.871e-17,8.746e-15,1.178e-29,4.149e-17,,,,4.616e-18,1.746e-23,1.186e-17,,2.294e-26,,,,1.613e-21,2.231e-16,9.163e-19,5.117e-29,,2.944e-20,,2.013e-16,1.671e-18,,2.206e-19,5.307e-15,,,,,,2.239e-18,,,,,,,,,,,,,,
780.5,2.861e-4,1.991e-15,2.407e-26,2.348e-26,2.664e-17,,,1.167e-18,2.397e-19,,2.861e-4,4.378e-20,1.973e-26,2.868e-17,1.320e-14,1.177e-29,4.146e-17,,,,4.616e-18,2.225e-23,1.185e-17,,2.293e-26,,,,1.612e-21,2.232e-16,9.177e-19,5.111e-29,,1.881e-20,,2.014e-16,1.670e-18,,2.206e-19,8.170e-15,,,,,,2.239e-18,,,,,,,,,,,,,,
780.52,3.460e-4,2.604e-15,2.405e-26,2.218e-26,2.664e-17,,,1.167e-18,2.397e-19,,3.460e-4,4.377e-20,1.977e-26,2.866e-17,1.735e-14,1.177e-29,4.144e-17,,,,4.616e-18,2.610e-23,1.185e-17,,2.293e-26,,,,1.612e-21,2.232e-16,9.187e-19,5.107e-29,,1.394e-20,,2.014e-16,1.669e-18,,2.206e-19,1.088e-14,,,,,,2.239e-18,,,,,,,,,,,,,,
780.55,4.591e-4,3.886e-15,2.402e-26,2.030e-26,2.665e-17,,,1.167e-18,2.398e-19,,4.591e-4,4.375e-20,1.984e-26,2.863e-17,2.607e-14,1.176e-29,4.141e-17,,,,4.617e-18,3.309e-23,1.185e-17,,2.292e-26,,,,1.612e-21,2.232e-16,9.201e-19,5.101e-29,,8.864e-21,,2.014e-16,1.669e-18,,2.206e-19,1.667e-14,,,,,,2.239e-18,,,,,,,,,,,,,,
780.57,5.536e-4,5.066e-15,2.401e-26,1.911e-26,2.665e-17,,,1.167e-18,2.398e-19,,5.536e-4,4.373e-20,1.988e-26,2.861e-17,3.416e-14,1.175e-29,4.139e-17,,,,4.617e-18,3.870e-23,1.185e-17,,2.292e-26,,,,1.611e-21,2.232e-16,9.211e-19,5.097e-29,,6.545e-21,,2.014e-16,1.668e-18,,2.206e-19,2.212e-14,,,,,,2.240e-18,,,,,,,,,,,,,,
780.6,7.312e-4,7.525e-15,2.398e-26,1.741e-26,2.666e-17,,,1.167e-18,2.399e-19,,7.312e-4,4.371e-20,1.995e-26,2.859e-17,5.109e-14,1.174e-29,4.136e-17,,,,4.618e-18,4.883e-23,1.185e-17,,2.292e-26,,,,1.611e-21,2.233e-16,9.225e-19,5.090e-29,,4.143e-21,,2.015e-16,1.667e-18,,2.206e-19,3.374e-14,,,,,,2.240e-18,,,,,,,,,,,,,,
780.62,8.789e-4,9.781e-15,2.396e-26,1.634e-26,2.666e-17,,,1.167e-18,2.399e-19,,8.789e-4,4.370e-20,1.999e-26,2.857e-17,6.672e-14,1.174e-29,4.134e-17,,,,4.618e-18,5.693e-23,1.185e-17,,2.291e-26,,,,1.611e-21,2.233e-16,9.235e-19,5.086e-29,,3.050e-21,,2.015e-16,1.666e-18,,2.206e-19,4.464e-14,,,,,,2.240e-18,,,,,,,,,,,,,,
780.65,1.156e-3,1.446e-14,2.394e-26,1.482e-26,2.666e-17,,,1.167e-18,2.399e-19,,1.156e-3,4.368e-20,2.006e-26,2.854e-17,9.934e-14,1.173e-29,4.130e-17,,,,4.619e-18,7.150e-23,1.184e-17,,2.291e-26,,,,1.610e-21,2.233e-16,9.249e-19,5.080e-29,,1.922e-21,,2.015e-16,1.666e-18,,2.206e-19,6.778e-14,,,,,,2.241e-18,,,,,,,,,,,,,,
780.67,1.385e-3,1.874e-14,2.392e-26,1.386e-26,2.667e-17,,,1.167e-18,2.400e-19,,1.385e-3,4.366e-20,2.010e-26,2.852e-17,1.293e-13,1.172e-29,4.128e-17,,,,4.619e-18,8.310e-23,1.184e-17,,2.290e-26,,,,1.610e-21,2.234e-16,9.259e-19,5.076e-29,,1.410e-21,,2.015e-16,1.665e-18,,2.206e-19,8.939e-14,,,,,,2.241e-18,,,,,,,,,,,,,,
780.7,1.812e-3,2.757e-14,2.389e-26,1.251e-26,2.667e-17,,,1.167e-18,2.400e-19,,1.812e-3,4.364e-20,2.017e-26,2.849e-17,1.917e-13,1.171e-29,4.125e-17,,,,4.620e-18,1.039e-22,1.184e-17,,2.290e-26,,,,1.610e-21,2.234e-16,9.274e-19,5.069e-29,,8.841e-22,,2.016e-16,1.664e-18,,2.206e-19,1.351e-13,,,,,,2.241e-18,,,,,,,,,,,,,,
780.72,2.165e-3,3.561e-14,2.387e-26,1.167e-26,2.668e-17,,,1.167e-18,2.400e-19,,2.165e-3,4.363e-20,2.021e-26,2.847e-17,2.488e-13,1.171e-29,4.123e-17,,,,4.620e-18,1.204e-22,1.184e-17,,2.289e-26,,,,1.610e-21,2.234e-16,9.283e-19,5.065e-29,,6.466e-22,,2.016e-16,1.663e-18,,2.206e-19,1.776e-13,,,,,,2.242e-18,,,,,,,,,,,,,,
780.75,2.820e-3,5.216e-14,2.385e-26,1.048e-26,2.668e-17,,,1.167e-18,2.401e-19,,2.820e-3,4.361e-20,2.027e-26,2.844e-17,3.670e-13,1.170e-29,4.120e-17,,,,4.621e-18,1.498e-22,1.184e-17,,2.289e-26,,,,1.609e-21,2.234e-16,9.298e-19,5.059e-29,,4.035e-22,,2.016e-16,1.663e-18,,2.206e-19,2.672e-13,,,,,,2.242e-18,,,,,,,,,,,,,,
780.77,3.358e-3,6.717e-14,2.383e-26,9.744e-27,2.668e-17,,,1.167e-18,2.401e-19,,3.358e-3,4.359e-20,2.032e-26,2.842e-17,4.748e-13,1.169e-29,4.118e-17,,,,4.621e-18,1.730e-22,1.184e-17,,2.289e-26,,,,1.609e-21,2.235e-16,9.307e-19,5.055e-29,,2.942e-22,,2.016e-16,1.662e-18,,2.205e-19,3.502e-13,,,,,,2.242e-18,,,,,,,,,,,,,,
780.79,3.994e-3,8.639e-14,2.381e-26,9.047e-27,2.669e-17,,,1.167e-18,2.402e-19,,3.994e-3,4.358e-20,2.036e-26,2.840e-17,6.136e-13,1.169e-29,4.116e-17,,,,4.621e-18,1.995e-22,1.183e-17,,2.288e-26,,,,1.609e-21,2.235e-16,9.317e-19,5.050e-29,,2.142e-22,,2.016e-16,1.661e-18,,2.205e-19,4.585e-13,,,,,,2.242e-18,,,,,,,,,,,,,,
780.82,5.168e-3,1.257e-13,2.378e-26,8.074e-27,2.669e-17,,,1.166e-18,2.402e-19,,5.168e-3,4.356e-20,2.043e-26,2.837e-17,8.993e-13,1.168e-29,4.112e-17,,,,4.622e-18,2.467e-22,1.183e-17,,2.288e-26,,,,1.609e-21,2.235e-16,9.332e-19,5.044e-29,,,,2.017e-16,1.660e-18,,2.205e-19,6.852e-13,,,,,,2.243e-18,,,,,,,,,,,,,,
780.84,6.128e-3,1.612e-13,2.377e-26,7.472e-27,2.670e-17,,,1.166e-18,2.402e-19,,6.128e-3,4.355e-20,2.047e-26,2.835e-17,1.159e-12,1.167e-29,4.110e-17,,,,4.622e-18,2.837e-22,1.183e-17,,2.287e-26,,,,1.608e-21,2.235e-16,9.341e-19,5.040e-29,,,,2.017e-16,1.660e-18,,2.205e-19,8.942e-13,,,,,,2.243e-18,,,,,,,,,,,,,,
780.87,7.894e-3,2.335e-13,2.374e-26,6.637e-27,2.670e-17,,,1.166e-18,2.403e-19,,7.894e-3,4.352e-20,2.054e-26,2.832e-17,1.690e-12,1.167e-29,4.107e-17,,,,4.623e-18,3.490e-22,1.183e-17,,2.287e-26,,,,1.608e-21,2.236e-16,9.356e-19,5.034e-29,,,,2.017e-16,1.659e-18,,2.205e-19,1.330e-12,,,,,,2.243e-18,,,,,,,,,,,,,,
780.89,9.331e-3,2.984e-13,2.372e-26,6.123e-27,2.670e-17,,,1.166e-18,2.403e-19,,9.331e-3,4.351e-20,2.058e-26,2.830e-17,2.171e-12,1.166e-29,4.105e-17,,,,4.623e-18,4.001e-22,1.183e-17,,2.287e-26,,,,1.608e-21,2.236e-16,9.365e-19,5.030e-29,,,,2.017e-16,1.658e-18,,2.205e-19,1.731e-12,,,,,,2.244e-18,,,,,,,,,,,,,,
780.92,1.196e-2,4.302e-13,2.369e-26,5.413e-27,2.671e-17,,,1.166e-18,2.404e-19,,1.196e-2,4.349e-20,2.064e-26,2.827e-17,3.152e-12,1.165e-29,4.102e-17,,,,4.624e-18,4.900e-22,1.183e-17,,2.286e-26,,,,1.607e-21,2.236e-16,9.380e-19,5.023e-29,,,,2.018e-16,1.657e-18,,2.205e-19,2.562e-12,,,,,,2.244e-18,,,,,,,,,,,,,,
780.94,1.410e-2,5.482e-13,2.368e-26,4.979e-27,2.671e-17,,,1.166e-18,2.404e-19,,1.410e-2,4.348e-20,2.069e-26,2.825e-17,4.036e-12,1.164e-29,4.100e-17,,,,4.624e-18,5.600e-22,1.182e-17,,2.286e-26,,,,1.607e-21,2.236e-16,9.390e-19,5.019e-29,,,,2.018e-16,1.657e-18,,2.205e-19,3.323e-12,,,,,,2.244e-18,,,,,,,,,,,,,,
780.97,1.799e-2,7.866e-13,2.365e-26,4.381e-27,2.672e-17,,,1.166e-18,2.405e-19,,1.799e-2,4.346e-20,2.075e-26,2.822e-17,5.834e-12,1.164e-29,4.097e-17,,,,4.625e-18,6.825e-22,1.182e-17,,2.285e-26,,,,1.607e-21,2.237e-16,9.404e-19,5.013e-29,,,,2.018e-16,1.656e-18,,2.205e-19,4.897e-12,,,,,,2.245e-18,,,,,,,,,,,,,,
780.99,2.113e-2,9.992e-13,2.363e-26,4.016e-27,2.672e-17,,,1.166e-18,2.405e-19,,2.113e-2,4.344e-20,2.080e-26,2.820e-17,7.446e-12,1.163e-29,4.095e-17,,,,4.625e-18,7.776e-22,1.182e-17,,2.285e-26,,,,1.607e-21,2.237e-16,9.414e-19,5.009e-29,,,,2.018e-16,1.655e-18,,2.205e-19,6.332e-12,,,,,,2.245e-18,,,,,,,,,,,,,,
781.02,2.685e-2,1.427e-12,2.360e-26,3.517e-27,2.672e-17,,,1.166e-18,2.405e-19,,2.685e-2,4.342e-20,2.086e-26,2.817e-17,1.071e-11,1.162e-29,4.091e-17,,,,4.626e-18,9.434e-22,1.182e-17,,2.284e-26,,,,1.606e-21,2.237e-16,9.428e-19,5.002e-29,,,,2.018e-16,1.654e-18,,2.205e-19,9.288e-12,,,,,,2.245e-18,,,,,,,,,,,,,,
781.04,3.144e-2,1.807e-12,2.359e-26,3.214e-27,2.673e-17,,,1.166e-18,2.406e-19,,3.144e-2,4.341e-20,2.091e-26,2.815e-17,1.363e-11,1.162e-29,4.089e-17,,,,4.626e-18,1.071e-21,1.182e-17,,2.284e-26,,,,1.606e-21,2.237e-16,9.438e-19,4.998e-29,,,,2.019e-16,1.654e-18,,2.205e-19,1.197e-11,,,,,,2.245e-18,,,,,,,,,,,,,,
781.07,3.975e-2,2.570e-12,2.356e-26,2.802e-27,2.673e-17,,,1.166e-18,2.406e-19,,3.975e-2,4.339e-20,2.097e-26,2.812e-17,1.952e-11,1.161e-29,4.086e-17,,,,4.627e-18,1.294e-21,1.181e-17,,2.283e-26,,,,1.606e-21,2.238e-16,9.452e-19,4.992e-29,,,,2.019e-16,1.653e-18,,2.205e-19,1.748e-11,,,,,,2.246e-18,,,,,,,,,,,,,,
781.09,4.641e-2,3.244e-12,2.354e-26,2.553e-27,2.674e-17,,,1.166e-18,2.407e-19,,4.641e-2,4.337e-20,2.101e-26,2.810e-17,2.476e-11,1.160e-29,4.084e-17,,,,4.627e-18,1.465e-21,1.181e-17,,2.283e-26,,,,1.605e-21,2.238e-16,9.462e-19,4.988e-29,,,,2.019e-16,1.652e-18,,2.205e-19,2.246e-11,,,,,,2.246e-18,,,,,,,,,,,,,,
781.12,5.841e-2,4.591e-12,2.352e-26,2.214e-27,2.674e-17,,,1.166e-18,2.407e-19,,5.841e-2,4.335e-20,2.108e-26,2.807e-17,3.530e-11,1.159e-29,4.081e-17,,,,4.627e-18,1.761e-21,1.181e-17,,2.283e-26,,,,1.605e-21,2.238e-16,9.476e-19,4.981e-29,,,,2.019e-16,1.652e-18,,2.205e-19,3.264e-11,,,,,,2.246e-18,,,,,,,,,,,,,,
781.14,6.798e-2,5.778e-12,2.350e-26,2.011e-27,2.674e-17,,,1.166e-18,2.407e-19,,6.798e-2,4.334e-20,2.112e-26,2.805e-17,4.464e-11,1.159e-29,4.079e-17,,,,4.628e-18,1.987e-21,1.181e-17,,2.282e-26,,,,1.605e-21,2.239e-16,9.486e-19,4.977e-29,,,,2.019e-16,1.651e-18,,2.205e-19,4.182e-11,,,,,,2.247e-18,,,,,,,,,,,,,,
781.16,7.902e-2,7.262e-12,2.348e-26,1.824e-27,2.675e-17,,,1.166e-18,2.408e-19,,7.902e-2,4.332e-20,2.117e-26,2.803e-17,5.639e-11,1.158e-29,4.077e-17,,,,4.628e-18,2.240e-21,1.181e-17,,2.282e-26,,,,1.605e-21,2.239e-16,9.496e-19,4.973e-29,,,,2.020e-16,1.650e-18,,2.205e-19,5.350e-11,,,,,,2.247e-18,,,,,,,,,,,,,,
781.19,9.880e-2,1.021e-11,2.345e-26,1.572e-27,2.675e-17,,,1.166e-18,2.408e-19,,9.880e-2,4.330e-20,2.123e-26,2.800e-17,7.986e-11,1.157e-29,4.073e-17,,,,4.629e-18,2.675e-21,1.181e-17,,2.281e-26,,,,1.604e-21,2.239e-16,9.510e-19,4.967e-29,,,,2.020e-16,1.649e-18,,2.205e-19,7.724e-11,,,,,,2.247e-18,,,,,,,,,,,,,,
781.21,1.145e-1,1.279e-11,2.343e-26,1.421e-27,2.676e-17,,,1.166e-18,2.408e-19,,1.145e-1,4.329e-20,2.128e-26,2.798e-17,1.006e-10,1.157e-29,4.071e-17,,,,4.629e-18,3.006e-21,1.181e-17,,2.281e-26,,,,1.604e-21,2.239e-16,9.520e-19,4.963e-29,,,,2.020e-16,1.649e-18,,2.205e-19,9.852e-11,,,,,,2.248e-18,,,,,,,,,,,,,,
781.24,1.425e-1,1.791e-11,2.341e-26,1.219e-27,2.676e-17,,,1.165e-18,2.409e-19,,1.425e-1,4.327e-20,2.134e-26,2.795e-17,1.418e-10,1.156e-29,4.068e-17,,,,4.630e-18,3.572e-21,1.180e-17,,2.281e-26,,,,1.604e-21,2.240e-16,9.534e-19,4.956e-29,,,,2.020e-16,1.648e-18,,2.205e-19,1.416e-10,,,,,,2.248e-18,,,,,,,,,,,,,,
781.26,1.646e-1,2.237e-11,2.339e-26,1.099e-27,2.676e-17,,,1.165e-18,2.409e-19,,1.646e-1,4.325e-20,2.138e-26,2.793e-17,1.779e-10,1.155e-29,4.066e-17,,,,4.630e-18,4.002e-21,1.180e-17,,2.280e-26,,,,1.603e-21,2.240e-16,9.544e-19,4.952e-29,,,,2.021e-16,1.647e-18,,2.205e-19,1.800e-10,,,,,,2.248e-18,,,,,,,,,,,,,,
781.29,2.039e-1,3.116e-11,2.336e-26,9.382e-28,2.677e-17,,,1.165e-18,2.410e-19,,2.039e-1,4.323e-20,2.145e-26,2.790e-17,2.497e-10,1.154e-29,4.063e-17,,,,4.631e-18,4.734e-21,1.180e-17,,2.280e-26,,,,1.603e-21,2.240e-16,9.559e-19,4.946e-29,,,,2.021e-16,1.646e-18,,2.205e-19,2.575e-10,,,,,,2.248e-18,,,,,,,,,,,,,,
781.31,2.348e-1,3.880e-11,2.335e-26,8.430e-28,2.677e-17,,,1.165e-18,2.410e-19,,2.348e-1,4.322e-20,2.149e-26,2.788e-17,3.125e-10,1.154e-29,4.061e-17,,,,4.631e-18,5.287e-21,1.180e-17,,2.279e-26,,,,1.603e-21,2.240e-16,9.568e-19,4.942e-29,,,,2.021e-16,1.646e-18,,2.205e-19,3.264e-10,,,,,,2.249e-18,,,,,,,,,,,,,,
781.34,2.895e-1,5.380e-11,2.332e-26,7.163e-28,2.678e-17,,,1.165e-18,2.411e-19,,2.895e-1,4.320e-20,2.156e-26,2.785e-17,4.364e-10,1.153e-29,4.058e-17,,,,4.632e-18,6.225e-21,1.180e-17,,2.279e-26,,,,1.602e-21,2.241e-16,9.583e-19,4.935e-29,,,,2.021e-16,1.645e-18,,2.205e-19,4.648e-10,,,,,,2.249e-18,,,,,,,,,,,,,,
781.36,3.324e-1,6.679e-11,2.330e-26,6.416e-28,2.678e-17,,,1.165e-18,2.411e-19,,3.324e-1,4.318e-20,2.160e-26,2.783e-17,5.445e-10,1.152e-29,4.056e-17,,,,4.632e-18,6.930e-21,1.179e-17,,2.278e-26,,,,1.602e-21,2.241e-16,9.592e-19,4.931e-29,,,,2.021e-16,1.644e-18,,2.205e-19,5.873e-10,,,,,,2.249e-18,,,,,,,,,,,,,,
781.39,4.080e-1,9.218e-11,2.327e-26,5.426e-28,2.679e-17,,,1.165e-18,2.411e-19,,4.080e-1,4.316e-20,2.167e-26,2.781e-17,7.570e-10,1.151e-29,4.052e-17,,,,4.632e-18,8.122e-21,1.179e-17,,2.278e-26,,,,1.602e-21,2.241e-16,9.607e-19,4.925e-29,,,,2.022e-16,1.643e-18,,2.205e-19,8.323e-10,,,,,,2.250e-18,,,,,,,,,,,,,,
781.41,4.669e-1,1.141e-10,2.326e-26,4.844e-28,2.679e-17,,,1.165e-18,2.412e-19,,4.669e-1,4.315e-20,2.171e-26,2.779e-17,9.415e-10,1.151e-29,4.050e-17,,,,4.633e-18,9.014e-21,1.179e-17,,2.278e-26,,,,1.602e-21,2.241e-16,9.616e-19,4.921e-29,,,,2.022e-16,1.643e-18,,2.205e-19,1.048e-9,,,,,,2.250e-18,,,,,,,,,,,,,,
781.44,5.704e-1,1.567e-10,2.323e-26,4.078e-28,2.679e-17,,,1.165e-18,2.412e-19,,5.704e-1,4.313e-20,2.178e-26,2.776e-17,1.303e-9,1.150e-29,4.047e-17,,,,4.633e-18,1.051e-20,1.179e-17,,2.277e-26,,,,1.601e-21,2.242e-16,9.631e-19,4.914e-29,,,,2.022e-16,1.642e-18,,2.205e-19,1.479e-9,,,,,,2.250e-18,,,,,,,,,,,,,,
781.46,6.508e-1,1.934e-10,2.321e-26,3.629e-28,2.680e-17,,,1.165e-18,2.413e-19,,6.508e-1,4.311e-20,2.182e-26,2.774e-17,1.615e-9,1.149e-29,4.045e-17,,,,4.634e-18,1.163e-20,1.179e-17,,2.277e-26,,,,1.601e-21,2.242e-16,9.641e-19,4.910e-29,,,,2.022e-16,1.641e-18,,2.205e-19,1.857e-9,,,,,,2.251e-18,,,,,,,,,,,,,,
781.49,7.914e-1,2.644e-10,2.318e-26,3.040e-28,2.680e-17,,,1.165e-18,2.413e-19,,7.914e-1,4.309e-20,2.188e-26,2.771e-17,2.225e-9,1.148e-29,4.042e-17,,,,4.634e-18,1.351e-20,1.179e-17,,2.276e-26,,,,1.601e-21,2.242e-16,9.655e-19,4.904e-29,,,,2.023e-16,1.640e-18,,2.205e-19,2.608e-9,,,,,,2.251e-18,,,,,,,,,,,,,,
781.51,9.001e-1,3.252e-10,2.317e-26,2.698e-28,2.680e-17,,,1.165e-18,2.413e-19,,9.001e-1,4.308e-20,2.193e-26,2.769e-17,2.750e-9,1.148e-29,4.040e-17,,,,4.635e-18,1.490e-20,1.178e-17,,2.276e-26,,,,1.601e-21,2.242e-16,9.665e-19,4.900e-29,,,,2.023e-16,1.640e-18,,2.205e-19,3.265e-9,,,,,,2.251e-18,,,,,,,,,,,,,,
781.53,1.023e+0,3.996e-10,2.315e-26,2.391e-28,2.681e-17,,,1.165e-18,2.414e-19,,1.023e+0,4.306e-20,2.197e-26,2.767e-17,3.395e-9,1.147e-29,4.038e-17,,,,4.635e-18,1.641e-20,1.178e-17,,2.276e-26,,,,1.600e-21,2.243e-16,9.674e-19,4.896e-29,,,,2.023e-16,1.639e-18,,2.205e-19,4.082e-9,,,,,,2.251e-18,,,,,,,,,,,,,,
781.56,1.235e+0,5.428e-10,2.312e-26,1.989e-28,2.681e-17,,,1.165e-18,2.414e-19,,1.235e+0,4.304e-20,2.204e-26,2.764e-17,4.647e-9,1.146e-29,4.034e-17,,,,4.636e-18,1.893e-20,1.178e-17,,2.275e-26,,,,1.600e-21,2.243e-16,9.689e-19,4.889e-29,,,,2.023e-16,1.638e-18,,2.204e-19,5.694e-9,,,,,,2.252e-18,,,,,,,,,,,,,,
781.58,1.399e+0,6.648e-10,2.310e-26,1.757e-28,2.682e-17,,,1.165e-18,2.414e-19,,1.399e+0,4.303e-20,2.208e-26,2.762e-17,5.719e-9,1.146e-29,4.032e-17,,,,4.636e-18,2.079e-20,1.178e-17,,2.275e-26,,,,1.600e-21,2.243e-16,9.699e-19,4.885e-29,,,,2.023e-16,1.638e-18,,2.204e-19,7.098e-9,,,,,,2.252e-18,,,,,,,,,,,,,,
781.61,1.682e+0,8.990e-10,2.308e-26,1.456e-28,2.682e-17,,,1.165e-18,2.415e-19,,1.682e+0,4.301e-20,2.215e-26,2.759e-17,7.790e-9,1.145e-29,4.029e-17,,,,4.636e-18,2.386e-20,1.178e-17,,2.274e-26,,,,1.599e-21,2.244e-16,9.713e-19,4.879e-29,,,,2.024e-16,1.637e-18,,2.204e-19,9.855e-9,,,,,,2.252e-18,,,,,,,,,,,,,,
781.63,1.899e+0,1.098e-9,2.306e-26,1.282e-28,2.682e-17,,,1.165e-18,2.415e-19,,1.899e+0,4.299e-20,2.219e-26,2.757e-17,9.558e-9,1.144e-29,4.027e-17,,,,4.637e-18,2.612e-20,1.178e-17,,2.274e-26,,,,1.599e-21,2.244e-16,9.723e-19,4.875e-29,,,,2.024e-16,1.636e-18,,2.204e-19,1.225e-8,,,,,,2.253e-18,,,,,,,,,,,,,,
781.66,2.273e+0,1.477e-9,2.303e-26,1.057e-28,2.683e-17,,,1.164e-18,2.416e-19,,2.273e+0,4.297e-20,2.225e-26,2.754e-17,1.296e-8,1.144e-29,4.024e-17,,,,4.637e-18,2.985e-20,1.177e-17,,2.273e-26,,,,1.599e-21,2.244e-16,9.737e-19,4.868e-29,,,,2.024e-16,1.635e-18,,2.204e-19,1.692e-8,,,,,,2.253e-18,,,,,,,,,,,,,,
781.68,2.559e+0,1.798e-9,2.301e-26,9.277e-29,2.683e-17,,,1.164e-18,2.416e-19,,2.559e+0,4.296e-20,2.230e-26,2.752e-17,1.585e-8,1.143e-29,4.022e-17,,,,4.638e-18,3.258e-20,1.177e-17,,2.273e-26,,,,1.599e-21,2.244e-16,9.747e-19,4.864e-29,,,,2.024e-16,1.635e-18,,2.204e-19,2.096e-8,,,,,,2.253e-18,,,,,,,,,,,,,,
781.71,3.048e+0,2.409e-9,2.299e-26,7.612e-29,2.684e-17,,,1.164e-18,2.417e-19,,3.048e+0,4.294e-20,2.236e-26,2.749e-17,2.140e-8,1.142e-29,4.019e-17,,,,4.638e-18,3.705e-20,1.177e-17,,2.272e-26,,,,1.598e-21,2.245e-16,9.761e-19,4.858e-29,,,,2.025e-16,1.634e-18,,2.204e-19,2.884e-8,,,,,,2.254e-18,,,,,,,,,,,,,,
781.73,3.420e+0,2.923e-9,2.297e-26,6.661e-29,2.684e-17,,,1.164e-18,2.417e-19,,3.420e+0,4.292e-20,2.241e-26,2.747e-17,2.609e-8,1.142e-29,4.017e-17,,,,4.639e-18,4.031e-20,1.177e-17,,2.272e-26,,,,1.598e-21,2.245e-16,9.771e-19,4.854e-29,,,,2.025e-16,1.633e-18,,2.204e-19,3.561e-8,,,,,,2.254e-18,,,,,,,,,,,,,,
781.76,4.055e+0,3.898e-9,2.294e-26,5.440e-29,2.685e-17,,,1.164e-18,2.417e-19,,4.055e+0,4.290e-20,2.247e-26,2.744e-17,3.505e-8,1.141e-29,4.013e-17,,,,4.639e-18,4.564e-20,1.177e-17,,2.272e-26,,,,1.598e-21,2.245e-16,9.786e-19,4.848e-29,,,,2.025e-16,1.632e-18,,2.204e-19,4.876e-8,,,,,,2.254e-18,,,,,,,,,,,,,,
781.78,4.536e+0,4.716e-9,2.292e-26,4.745e-29,2.685e-17,,,1.164e-18,2.418e-19,,4.536e+0,4.289e-20,2.252e-26,2.742e-17,4.261e-8,1.140e-29,4.011e-17,,,,4.640e-18,4.950e-20,1.177e-17,,2.271e-26,,,,1.597e-21,2.245e-16,9.795e-19,4.843e-29,,,,2.025e-16,1.632e-18,,2.204e-19,6.003e-8,,,,,,2.254e-18,,,,,,,,,,,,,,
781.81,5.354e+0,6.260e-9,2.290e-26,3.857e-29,2.685e-17,,,1.164e-18,2.418e-19,,5.354e+0,4.287e-20,2.258e-26,2.739e-17,5.698e-8,1.139e-29,4.008e-17,,,,4.640e-18,5.577e-20,1.176e-17,,2.271e-26,,,,1.597e-21,2.246e-16,9.810e-19,4.837e-29,,,,2.025e-16,1.631e-18,,2.204e-19,8.182e-8,,,,,,2.255e-18,,,,,,,,,,,,,,
781.83,5.970e+0,7.549e-9,2.288e-26,3.354e-29,2.686e-17,,,1.164e-18,2.419e-19,,5.970e+0,4.285e-20,2.262e-26,2.737e-17,6.905e-8,1.139e-29,4.006e-17,,,,4.641e-18,6.030e-20,1.176e-17,,2.270e-26,,,,1.597e-21,2.246e-16,9.819e-19,4.833e-29,,,,2.026e-16,1.630e-18,,2.204e-19,1.004e-7,,,,,,2.255e-18,,,,,,,,,,,,,,
781.86,7.014e+0,9.975e-9,2.285e-26,2.713e-29,2.686e-17,,,1.164e-18,2.419e-19,,7.014e+0,4.283e-20,2.269e-26,2.734e-17,9.191e-8,1.138e-29,4.003e-17,,,,4.641e-18,6.763e-20,1.176e-17,,2.270e-26,,,,1.596e-21,2.246e-16,9.834e-19,4.827e-29,,,,2.026e-16,1.629e-18,,2.204e-19,1.362e-7,,,,,,2.255e-18,,,,,,,,,,,,,,
781.88,7.797e+0,1.199e-8,2.284e-26,2.352e-29,2.687e-17,,,1.164e-18,2.419e-19,,7.797e+0,4.282e-20,2.273e-26,2.732e-17,1.110e-7,1.137e-29,4.001e-17,,,,4.641e-18,7.290e-20,1.176e-17,,2.270e-26,,,,1.596e-21,2.246e-16,9.843e-19,4.822e-29,,,,2.026e-16,1.629e-18,,2.204e-19,1.667e-7,,,,,,2.256e-18,,,,,,,,,,,,,,
781.9,8.657e+0,1.440e-8,2.282e-26,2.036e-29,2.687e-17,,,1.164e-18,2.420e-19,,8.657e+0,4.280e-20,2.278e-26,2.730e-17,1.340e-7,1.137e-29,3.999e-17,,,,4.642e-18,7.847e-20,1.176e-17,,2.269e-26,,,,1.596e-21,2.247e-16,9.853e-19,4.818e-29,,,,2.026e-16,1.628e-18,,2.204e-19,2.036e-7,,,,,,2.256e-18,,,,,,,,,,,,,,
781.93,1.010e+1,1.890e-8,2.279e-26,1.636e-29,2.687e-17,,,1.164e-18,2.420e-19,,1.010e+1,4.278e-20,2.284e-26,2.727e-17,1.772e-7,1.136e-29,3.996e-17,,,,4.642e-18,8.744e-20,1.175e-17,,2.269e-26,,,,1.596e-21,2.247e-16,9.868e-19,4.812e-29,,,,2.027e-16,1.627e-18,,2.204e-19,2.745e-7,,,,,,2.256e-18,,,,,,,,,,,,,,
781.95,1.118e+1,2.263e-8,2.277e-26,1.412e-29,2.688e-17,,,1.164e-18,2.420e-19,,1.118e+1,4.277e-20,2.289e-26,2.725e-17,2.131e-7,1.135e-29,3.993e-17,,,,4.643e-18,9.384e-20,1.175e-17,,2.268e-26,,,,1.595e-21,2.247e-16,9.877e-19,4.808e-29,,,,2.027e-16,1.627e-18,,2.204e-19,3.343e-7,,,,,,2.257e-18,,,,,,,,,,,,,,
781.98,1.299e+1,2.957e-8,2.275e-26,1.130e-29,2.688e-17,,,1.164e-18,2.421e-19,,1.299e+1,4.275e-20,2.295e-26,2.722e-17,2.806e-7,1.134e-29,3.990e-17,,,,4.643e-18,1.041e-19,1.175e-17,,2.268e-26,,,,1.595e-21,2.247e-16,9.892e-19,4.801e-29,,,,2.027e-16,1.626e-18,,2.204e-19,4.485e-7,,,,,,2.257e-18,,,,,,,,,,,,,,
782,1.434e+1,3.529e-8,2.273e-26,9.718e-30,2.688e-17,,,1.164e-18,2.421e-19,,1.434e+1,4.274e-20,2.299e-26,2.720e-17,3.365e-7,1.134e-29,3.988e-17,,,,4.644e-18,1.114e-19,1.175e-17,,2.267e-26,,,,1.595e-21,2.248e-16,9.901e-19,4.797e-29,,,,2.027e-16,1.625e-18,,2.204e-19,5.447e-7,,,,,,2.257e-18,,,,,,,,,,,,,,
782.03,1.658e+1,4.590e-8,2.270e-26,7.736e-30,2.689e-17,,,1.164e-18,2.422e-19,,1.658e+1,4.271e-20,2.306e-26,2.717e-17,4.409e-7,1.133e-29,3.985e-17,,,,4.644e-18,1.229e-19,1.175e-17,,2.267e-26,,,,1.594e-21,2.248e-16,9.916e-19,4.791e-29,,,,2.027e-16,1.624e-18,,2.204e-19,7.272e-7,,,,,,2.257e-18,,,,,,,,,,,,,,
782.05,1.824e+1,5.461e-8,2.268e-26,6.635e-30,2.689e-17,,,1.164e-18,2.422e-19,,1.824e+1,4.270e-20,2.310e-26,2.715e-17,5.271e-7,1.132e-29,3.983e-17,,,,4.645e-18,1.311e-19,1.175e-17,,2.267e-26,,,,1.594e-21,2.248e-16,9.926e-19,4.787e-29,,,,2.028e-16,1.624e-18,,2.204e-19,8.804e-7,,,,,,2.258e-18,,,,,,,,,,,,,,
782.08,2.099e+1,7.070e-8,2.266e-26,5.257e-30,2.690e-17,,,1.164e-18,2.423e-19,,2.099e+1,4.268e-20,2.317e-26,2.712e-17,6.874e-7,1.131e-29,3.980e-17,,,,4.645e-18,1.441e-19,1.174e-17,,2.266e-26,,,,1.594e-21,2.249e-16,9.940e-19,4.781e-29,,,,2.028e-16,1.623e-18,,2.204e-19,1.170e-6,,,,,,2.258e-18,,,,,,,,,,,,,,
782.1,2.302e+1,8.385e-8,2.264e-26,4.494e-30,2.690e-17,,,1.163e-18,2.423e-19,,2.302e+1,4.267e-20,2.321e-26,2.710e-17,8.193e-7,1.131e-29,3.978e-17,,,,4.646e-18,1.532e-19,1.174e-17,,2.266e-26,,,,1.594e-21,2.249e-16,9.950e-19,4.776e-29,,,,2.028e-16,1.622e-18,,2.204e-19,1.412e-6,,,,,,2.258e-18,,,,,,,,,,,,,,
782.13,2.637e+1,1.081e-7,2.261e-26,3.544e-30,2.691e-17,,,1.163e-18,2.423e-19,,2.637e+1,4.264e-20,2.328e-26,2.707e-17,1.064e-6,1.130e-29,3.974e-17,,,,4.646e-18,1.676e-19,1.174e-17,,2.265e-26,,,,1.593e-21,2.249e-16,9.964e-19,4.770e-29,,,,2.028e-16,1.621e-18,,2.204e-19,1.868e-6,,,,,,2.259e-18,,,,,,,,,,,,,,
782.15,2.883e+1,1.278e-7,2.259e-26,3.021e-30,2.691e-17,,,1.163e-18,2.424e-19,,2.883e+1,4.263e-20,2.332e-26,2.705e-17,1.264e-6,1.129e-29,3.972e-17,,,,4.646e-18,1.776e-19,1.174e-17,,2.265e-26,,,,1.593e-21,2.249e-16,9.974e-19,4.766e-29,,,,2.029e-16,1.621e-18,,2.204e-19,2.248e-6,,,,,,2.259e-18,,,,,,,,,,,,,,
782.18,3.287e+1,1.639e-7,2.257e-26,2.371e-30,2.691e-17,,,1.163e-18,2.424e-19,,3.287e+1,4.261e-20,2.339e-26,2.703e-17,1.633e-6,1.128e-29,3.969e-17,,,,4.647e-18,1.934e-19,1.174e-17,,2.264e-26,,,,1.593e-21,2.250e-16,9.988e-19,4.760e-29,,,,2.029e-16,1.620e-18,,2.204e-19,2.959e-6,,,,,,2.259e-18,,,,,,,,,,,,,,
782.2,3.582e+1,1.932e-7,2.255e-26,2.014e-30,2.692e-17,,,1.163e-18,2.425e-19,,3.582e+1,4.260e-20,2.343e-26,2.701e-17,1.934e-6,1.128e-29,3.967e-17,,,,4.647e-18,2.044e-19,1.174e-17,,2.264e-26,,,,1.593e-21,2.250e-16,9.998e-19,4.755e-29,,,,2.029e-16,1.619e-18,,2.204e-19,3.550e-6,,,,,,2.260e-18,,,,,,,,,,,,,,
782.23,4.066e+1,2.467e-7,2.252e-26,1.574e-30,2.692e-17,,,1.163e-18,2.425e-19,,4.066e+1,4.257e-20,2.349e-26,2.698e-17,2.488e-6,1.127e-29,3.964e-17,,,,4.648e-18,2.215e-19,1.173e-17,,2.264e-26,,,,1.592e-21,2.250e-16,1.001e-18,4.749e-29,,,,2.029e-16,1.618e-18,,2.204e-19,4.652e-6,,,,,,2.260e-18,,,,,,,,,,,,,,
782.25,4.418e+1,2.900e-7,2.250e-26,1.333e-30,2.693e-17,,,1.163e-18,2.425e-19,,4.418e+1,4.256e-20,2.354e-26,2.696e-17,2.938e-6,1.126e-29,3.962e-17,,,,4.648e-18,2.333e-19,1.173e-17,,2.263e-26,,,,1.592e-21,2.250e-16,1.002e-18,4.745e-29,,,,2.029e-16,1.618e-18,,2.204e-19,5.563e-6,,,,,,2.260e-18,,,,,,,,,,,,,,
782.28,4.991e+1,3.686e-7,2.248e-26,1.036e-30,2.693e-17,,,1.163e-18,2.426e-19,,4.991e+1,4.254e-20,2.360e-26,2.693e-17,3.761e-6,1.126e-29,3.959e-17,,,,4.649e-18,2.517e-19,1.173e-17,,2.263e-26,,,,1.592e-21,2.251e-16,1.004e-18,4.739e-29,,,,2.030e-16,1.617e-18,,2.204e-19,7.256e-6,,,,,,2.261e-18,,,,,,,,,,,,,,
782.3,5.406e+1,4.318e-7,2.246e-26,8.747e-31,2.693e-17,,,1.163e-18,2.426e-19,,5.406e+1,4.253e-20,2.365e-26,2.691e-17,4.428e-6,1.125e-29,3.957e-17,,,,4.649e-18,2.644e-19,1.173e-17,,2.262e-26,,,,1.591e-21,2.251e-16,1.005e-18,4.735e-29,,,,2.030e-16,1.616e-18,,2.204e-19,8.650e-6,,,,,,2.261e-18,,,,,,,,,,,,,,
782.32,5.848e+1,5.053e-7,2.244e-26,7.375e-31,2.694e-17,,,1.163e-18,2.427e-19,,5.848e+1,4.251e-20,2.369e-26,2.689e-17,5.206e-6,1.124e-29,3.954e-17,,,,4.650e-18,2.773e-19,1.173e-17,,2.262e-26,,,,1.591e-21,2.251e-16,1.006e-18,4.730e-29,,,,2.030e-16,1.616e-18,,2.204e-19,1.030e-5,,,,,,2.261e-18,,,,,,,,,,,,,,
782.35,6.564e+1,6.382e-7,2.242e-26,5.697e-31,2.694e-17,,,1.163e-18,2.427e-19,,6.564e+1,4.249e-20,2.376e-26,2.686e-17,6.622e-6,1.124e-29,3.951e-17,,,,4.650e-18,2.973e-19,1.173e-17,,2.261e-26,,,,1.591e-21,2.251e-16,1.007e-18,4.724e-29,,,,2.030e-16,1.615e-18,,2.203e-19,1.335e-5,,,,,,2.261e-18,,,,,,,,,,,,,,
782.37,7.078e+1,7.445e-7,2.240e-26,4.788e-31,2.695e-17,,,1.163e-18,2.427e-19,,7.078e+1,4.248e-20,2.380e-26,2.684e-17,7.762e-6,1.123e-29,3.949e-17,,,,4.650e-18,3.109e-19,1.172e-17,,2.261e-26,,,,1.591e-21,2.252e-16,1.008e-18,4.720e-29,,,,2.031e-16,1.614e-18,,2.203e-19,1.584e-5,,,,,,2.262e-18,,,,,,,,,,,,,,
782.4,7.908e+1,9.360e-7,2.237e-26,3.681e-31,2.695e-17,,,1.163e-18,2.428e-19,,7.908e+1,4.246e-20,2.386e-26,2.681e-17,9.828e-6,1.122e-29,3.946e-17,,,,4.651e-18,3.318e-19,1.172e-17,,2.261e-26,,,,1.590e-21,2.252e-16,1.009e-18,4.714e-29,,,,2.031e-16,1.613e-18,,2.203e-19,2.043e-5,,,,,,2.262e-18,,,,,,,,,,,,,,
782.42,8.502e+1,1.089e-6,2.235e-26,3.084e-31,2.695e-17,,,1.163e-18,2.428e-19,,8.502e+1,4.244e-20,2.391e-26,2.679e-17,1.148e-5,1.121e-29,3.944e-17,,,,4.651e-18,3.459e-19,1.172e-17,,2.260e-26,,,,1.590e-21,2.252e-16,1.010e-18,4.709e-29,,,,2.031e-16,1.613e-18,,2.203e-19,2.418e-5,,,,,,2.262e-18,,,,,,,,,,,,,,
782.45,9.455e+1,1.362e-6,2.233e-26,2.360e-31,2.696e-17,,,1.163e-18,2.429e-19,,9.455e+1,4.242e-20,2.397e-26,2.676e-17,1.447e-5,1.121e-29,3.941e-17,,,,4.652e-18,3.675e-19,1.172e-17,,2.260e-26,,,,1.590e-21,2.252e-16,1.012e-18,4.703e-29,,,,2.031e-16,1.612e-18,,2.203e-19,3.104e-5,,,,,,2.263e-18,,,,,,,,,,,,,,
782.47,1.013e+2,1.579e-6,2.231e-26,1.971e-31,2.696e-17,,,1.163e-18,2.429e-19,,1.013e+2,4.241e-20,2.402e-26,2.674e-17,1.686e-5,1.120e-29,3.939e-17,,,,4.652e-18,3.821e-19,1.172e-17,,2.259e-26,,,,1.589e-21,2.253e-16,1.013e-18,4.699e-29,,,,2.031e-16,1.611e-18,,2.203e-19,3.661e-5,,,,,,2.263e-18,,,,,,,,,,,,,,
782.5,1.122e+2,1.968e-6,2.228e-26,1.501e-31,2.697e-17,,,1.163e-18,2.429e-19,,1.122e+2,4.239e-20,2.408e-26,2.671e-17,2.115e-5,1.119e-29,3.935e-17,,,,4.653e-18,4.041e-19,1.171e-17,,2.259e-26,,,,1.589e-21,2.253e-16,1.014e-18,4.693e-29,,,,2.032e-16,1.610e-18,,2.203e-19,4.679e-5,,,,,,2.263e-18,,,,,,,,,,,,,,
782.52,1.198e+2,2.274e-6,2.226e-26,1.250e-31,2.697e-17,,,1.162e-18,2.430e-19,,1.198e+2,4.237e-20,2.413e-26,2.669e-17,2.456e-5,1.119e-29,3.933e-17,,,,4.653e-18,4.188e-19,1.171e-17,,2.259e-26,,,,1.589e-21,2.253e-16,1.015e-18,4.689e-29,,,,2.032e-16,1.610e-18,,2.203e-19,5.502e-5,,,,,,2.263e-18,,,,,,,,,,,,,,
782.55,1.320e+2,2.820e-6,2.224e-26,9.473e-32,2.697e-17,,,1.162e-18,2.430e-19,,1.320e+2,4.235e-20,2.419e-26,2.666e-17,3.067e-5,1.118e-29,3.930e-17,,,,4.654e-18,4.410e-19,1.171e-17,,2.258e-26,,,,1.588e-21,2.254e-16,1.017e-18,4.682e-29,,,,2.032e-16,1.609e-18,,2.203e-19,7.000e-5,,,,,,2.264e-18,,,,,,,,,,,,,,
782.57,1.406e+2,3.250e-6,2.222e-26,7.862e-32,2.698e-17,,,1.162e-18,2.431e-19,,1.406e+2,4.234e-20,2.423e-26,2.664e-17,3.551e-5,1.117e-29,3.928e-17,,,,4.654e-18,4.557e-19,1.171e-17,,2.258e-26,,,,1.588e-21,2.254e-16,1.018e-18,4.678e-29,,,,2.032e-16,1.608e-18,,2.203e-19,8.205e-5,,,,,,2.264e-18,,,,,,,,,,,,,,
782.6,1.542e+2,4.012e-6,2.219e-26,5.931e-32,2.698e-17,,,1.162e-18,2.431e-19,,1.542e+2,4.232e-20,2.430e-26,2.661e-17,4.413e-5,1.116e-29,3.925e-17,,,,4.655e-18,4.778e-19,1.171e-17,,2.257e-26,,,,1.588e-21,2.254e-16,1.019e-18,4.672e-29,,,,2.033e-16,1.607e-18,,2.203e-19,1.039e-4,,,,,,2.264e-18,,,,,,,,,,,,,,
782.62,1.637e+2,4.609e-6,2.217e-26,4.907e-32,2.699e-17,,,1.162e-18,3.329e-19,,1.637e+2,4.230e-20,2.434e-26,2.659e-17,5.094e-5,1.116e-29,3.923e-17,,,,4.655e-18,4.923e-19,1.171e-17,,2.257e-26,,,,1.588e-21,2.254e-16,1.020e-18,4.668e-29,,,,2.033e-16,1.607e-18,,2.203e-19,1.214e-4,,,,,,2.265e-18,,,,,,,,,,,,,,
782.65,1.787e+2,5.664e-6,2.215e-26,3.685e-32,2.699e-17,,,1.162e-18,5.324e-19,,1.787e+2,4.228e-20,2.441e-26,2.656e-17,6.302e-5,1.115e-29,3.920e-17,,,,4.656e-18,5.139e-19,1.170e-17,,2.256e-26,,,,1.587e-21,2.255e-16,1.022e-18,4.661e-29,,,,2.033e-16,1.606e-18,,2.203e-19,1.530e-4,,,,,,2.265e-18,,,,,,,,,,,,,,
782.67,1.892e+2,6.487e-6,2.213e-26,3.039e-32,2.699e-17,,,1.162e-18,7.269e-19,,1.892e+2,4.227e-20,2.445e-26,2.654e-17,7.251e-5,1.114e-29,3.918e-17,,,,4.656e-18,5.281e-19,1.170e-17,,2.256e-26,,,,1.587e-21,2.255e-16,1.022e-18,4.657e-29,,,,2.033e-16,1.605e-18,,2.203e-19,1.782e-4,,,,,,2.265e-18,,,,,,,,,,,,,,
782.69,2.000e+2,7.422e-6,2.211e-26,2.503e-32,2.700e-17,,,1.162e-18,9.912e-19,,2.000e+2,4.225e-20,2.449e-26,2.652e-17,8.334e-5,1.114e-29,3.915e-17,,,,4.656e-18,5.420e-19,1.170e-17,,2.256e-26,,,,1.587e-21,2.255e-16,1.023e-18,4.653e-29,,,,2.033e-16,1.605e-18,,2.203e-19,2.074e-4,,,,,,2.266e-18,,,,,,,,,,,,,,
782.72,2.169e+2,9.062e-6,2.208e-26,1.867e-32,2.700e-17,,,1.162e-18,1.575e-18,,2.169e+2,4.223e-20,2.456e-26,2.649e-17,1.024e-4,1.113e-29,3.912e-17,,,,4.657e-18,5.625e-19,1.170e-17,,2.255e-26,,,,1.586e-21,2.255e-16,1.025e-18,4.647e-29,,,,2.034e-16,1.604e-18,,2.203e-19,2.597e-4,,,,,,2.266e-18,,,,,,,,,,,,,,
782.74,2.286e+2,1.034e-5,2.207e-26,1.533e-32,2.701e-17,,,1.162e-18,2.141e-18,,2.286e+2,4.222e-20,2.460e-26,2.647e-17,1.174e-4,1.112e-29,3.910e-17,,,,4.657e-18,5.758e-19,1.170e-17,,2.255e-26,,,,1.586e-21,2.256e-16,1.026e-18,4.642e-29,,,,2.034e-16,1.603e-18,,2.203e-19,3.012e-4,,,,,,2.266e-18,,,,,,,,,,,,,,
782.77,2.468e+2,1.256e-5,2.204e-26,1.138e-32,2.701e-17,,,1.162e-18,3.385e-18,,2.468e+2,4.220e-20,2.467e-26,2.644e-17,1.436e-4,1.111e-29,3.907e-17,,,,4.658e-18,5.950e-19,1.170e-17,,2.254e-26,,,,1.586e-21,2.256e-16,1.027e-18,4.636e-29,,,,2.034e-16,1.602e-18,,2.203e-19,3.754e-4,,,,,,2.266e-18,,,,,,,,,,,,,,
782.79,2.593e+2,1.428e-5,2.202e-26,9.318e-33,2.701e-17,,,1.162e-18,4.588e-18,,2.593e+2,4.218e-20,2.471e-26,2.642e-17,1.640e-4,1.111e-29,3.905e-17,,,,4.658e-18,6.074e-19,1.169e-17,,2.254e-26,,,,1.586e-21,2.256e-16,1.028e-18,4.632e-29,,,,2.034e-16,1.602e-18,,2.203e-19,4.341e-4,,,,,,2.267e-18,,,,,,,,,,,,,,
782.82,2.786e+2,1.728e-5,2.199e-26,6.885e-33,2.702e-17,,,1.162e-18,7.222e-18,,2.786e+2,4.216e-20,2.478e-26,2.639e-17,1.997e-4,1.110e-29,3.902e-17,,,,4.659e-18,6.253e-19,1.169e-17,,2.253e-26,,,,1.585e-21,2.256e-16,1.030e-18,4.626e-29,,,,2.035e-16,1.601e-18,,2.203e-19,5.385e-4,,,,,,2.267e-18,,,,,,,,,,,,,,
782.84,2.918e+2,1.959e-5,2.198e-26,5.618e-33,2.702e-17,,,1.162e-18,9.757e-18,,2.918e+2,4.215e-20,2.482e-26,2.637e-17,2.274e-4,1.109e-29,3.900e-17,,,,4.659e-18,6.367e-19,1.169e-17,,2.253e-26,,,,1.585e-21,2.257e-16,1.031e-18,4.622e-29,,,,2.035e-16,1.600e-18,,2.203e-19,6.207e-4,,,,,,2.267e-18,,,,,,,,,,,,,,
782.87,3.121e+2,2.360e-5,2.195e-26,4.131e-33,2.703e-17,,,1.162e-18,1.529e-17,,3.121e+2,4.213e-20,2.489e-26,2.634e-17,2.757e-4,1.108e-29,3.896e-17,,,,4.660e-18,6.529e-19,1.169e-17,,2.253e-26,,,,1.585e-21,2.257e-16,1.032e-18,4.615e-29,,,,2.035e-16,1.599e-18,,2.203e-19,7.665e-4,,,,,,2.268e-18,,,,,,,,,,,,,,
782.89,3.259e+2,2.668e-5,2.193e-26,3.361e-33,2.703e-17,,,1.162e-18,2.059e-17,,3.259e+2,4.211e-20,2.493e-26,2.632e-17,3.129e-4,1.108e-29,3.894e-17,,,,4.660e-18,6.631e-19,1.169e-17,,2.252e-26,,,,1.585e-21,2.257e-16,1.033e-18,4.611e-29,,,,2.035e-16,1.599e-18,,2.203e-19,8.808e-4,,,,,,2.268e-18,,,,,,,,,,,,,,
782.92,3.469e+2,3.198e-5,2.191e-26,2.460e-33,2.704e-17,,,1.162e-18,3.211e-17,,3.469e+2,4.209e-20,2.500e-26,2.629e-17,3.776e-4,1.107e-29,3.891e-17,,,,4.661e-18,6.775e-19,1.169e-17,,2.252e-26,,,,1.584e-21,2.257e-16,1.035e-18,4.605e-29,,,,2.035e-16,1.598e-18,,2.203e-19,1.082e-3,,,,,,2.268e-18,,,,,,,,,,,,,,
782.94,3.611e+2,3.604e-5,2.189e-26,1.995e-33,2.704e-17,,,1.162e-18,4.312e-17,,3.611e+2,4.208e-20,2.504e-26,2.628e-17,4.273e-4,1.106e-29,3.889e-17,,,,4.661e-18,6.864e-19,1.168e-17,,2.251e-26,,,,1.584e-21,2.258e-16,1.036e-18,4.601e-29,,,,2.036e-16,1.597e-18,,2.203e-19,1.240e-3,,,,,,2.269e-18,,,,,,,,,,,,,,
782.97,3.826e+2,4.302e-5,2.186e-26,1.453e-33,2.704e-17,,,1.161e-18,6.694e-17,,3.826e+2,4.206e-20,2.510e-26,2.625e-17,5.132e-4,1.105e-29,3.886e-17,,,,4.662e-18,6.989e-19,1.168e-17,,2.251e-26,,,,1.584e-21,2.258e-16,1.037e-18,4.594e-29,,,,2.036e-16,1.596e-18,,2.203e-19,1.517e-3,,,,,,2.269e-18,,,,,,,,,,,,,,
782.99,3.970e+2,4.834e-5,2.184e-26,1.175e-33,2.705e-17,,,1.161e-18,8.961e-17,,3.970e+2,4.204e-20,2.515e-26,2.623e-17,5.789e-4,1.105e-29,3.884e-17,,,,4.662e-18,7.065e-19,1.168e-17,,2.250e-26,,,,1.583e-21,2.258e-16,1.038e-18,4.590e-29,,,,2.036e-16,1.596e-18,,2.203e-19,1.733e-3,,,,,,2.269e-18,,,,,,,,,,,,,,
783.02,4.187e+2,5.744e-5,2.182e-26,8.516e-34,2.705e-17,,,1.161e-18,1.385e-16,,4.187e+2,4.202e-20,2.521e-26,2.620e-17,6.921e-4,1.104e-29,3.881e-17,,,,4.662e-18,7.170e-19,1.168e-17,,2.250e-26,,,,1.583e-21,2.259e-16,1.039e-18,4.584e-29,,,,2.036e-16,1.595e-18,,2.203e-19,2.110e-3,,,,,,2.270e-18,,,,,,,,,,,,,,
783.04,4.332e+2,6.434e-5,2.180e-26,6.862e-34,2.705e-17,,,1.161e-18,1.848e-16,,4.332e+2,4.201e-20,2.526e-26,2.618e-17,7.784e-4,1.103e-29,3.879e-17,,,,4.663e-18,7.233e-19,1.168e-17,,2.250e-26,,,,1.583e-21,2.259e-16,1.040e-18,4.580e-29,,,,2.037e-16,1.594e-18,,2.203e-19,2.402e-3,,,,,,2.270e-18,,,,,,,,,,,,,,
783.06,4.476e+2,7.199e-5,2.178e-26,5.523e-34,2.706e-17,,,1.161e-18,2.463e-16,,4.476e+2,4.199e-20,2.530e-26,2.616e-17,8.743e-4,1.103e-29,3.876e-17,,,,4.663e-18,7.292e-19,1.168e-17,,2.249e-26,,,,1.583e-21,2.259e-16,1.041e-18,4.576e-29,,,,2.037e-16,1.594e-18,,2.203e-19,2.731e-3,,,,,,2.270e-18,,,,,,,,,,,,,,
783.09,4.690e+2,8.500e-5,2.175e-26,3.978e-34,2.706e-17,,,1.161e-18,3.781e-16,,4.690e+2,4.197e-20,4.054e-26,2.613e-17,1.039e-3,1.102e-29,3.873e-17,,,,4.664e-18,7.369e-19,1.167e-17,,2.249e-26,,,,1.582e-21,2.259e-16,1.043e-18,4.569e-29,,,,2.037e-16,1.593e-18,,2.203e-19,3.304e-3,,,,,,2.270e-18,,,,,,,,,,,,,,
783.11,4.830e+2,9.482e-5,2.174e-26,3.191e-34,2.707e-17,,,1.161e-18,5.025e-16,,4.830e+2,4.196e-20,5.544e-26,2.611e-17,1.163e-3,1.101e-29,3.871e-17,,,,4.664e-18,7.415e-19,1.167e-17,,2.248e-26,,,,1.582e-21,2.260e-16,1.044e-18,4.565e-29,,,,2.787e-16,1.592e-18,,2.203e-19,3.745e-3,,,,,,2.271e-18,,,,,,,,,,,,,,
783.14,5.038e+2,1.115e-4,2.171e-26,2.288e-34,2.707e-17,,,1.161e-18,7.678e-16,,5.038e+2,4.194e-20,9.175e-26,2.608e-17,1.375e-3,1.101e-29,3.868e-17,,,,4.665e-18,7.475e-19,1.167e-17,,2.248e-26,,,,1.582e-21,2.260e-16,1.045e-18,4.559e-29,,,,4.450e-16,1.591e-18,,2.202e-19,4.510e-3,,,,,,2.271e-18,,,,,,,,,,,,,,
783.16,5.173e+2,1.240e-4,2.169e-26,1.830e-34,2.707e-17,,,1.161e-18,1.017e-15,,5.173e+2,4.192e-20,1.251e-25,2.606e-17,1.535e-3,1.100e-29,3.866e-17,,,,4.665e-18,7.509e-19,1.167e-17,,2.248e-26,,,,1.581e-21,2.260e-16,1.046e-18,4.555e-29,,,,6.069e-16,1.591e-18,,2.202e-19,5.096e-3,,,,,,2.271e-18,,,,,,,,,,,,,,
783.19,5.370e+2,1.451e-4,2.166e-26,1.305e-34,2.708e-17,,,1.161e-18,1.547e-15,,5.370e+2,4.190e-20,1.987e-25,2.603e-17,1.806e-3,1.099e-29,3.863e-17,,,,4.666e-18,7.552e-19,1.167e-17,,2.247e-26,,,,1.581e-21,2.260e-16,1.048e-18,4.548e-29,,,,9.646e-16,1.590e-18,,2.202e-19,6.108e-3,,,,,,2.272e-18,,,,,,,,,,,,,,
783.21,5.497e+2,1.609e-4,2.165e-26,1.041e-34,2.708e-17,,,1.161e-18,2.043e-15,,5.497e+2,4.189e-20,2.700e-25,2.601e-17,2.010e-3,1.099e-29,3.861e-17,,,,4.666e-18,7.576e-19,1.166e-17,,2.247e-26,,,,1.581e-21,2.261e-16,1.049e-18,4.544e-29,,,,1.312e-15,1.589e-18,,2.202e-19,6.881e-3,,,,,,2.272e-18,,,,,,,,,,,,,,
783.24,5.680e+2,1.875e-4,2.162e-26,7.390e-35,2.709e-17,,,1.161e-18,3.094e-15,,5.680e+2,4.187e-20,4.268e-25,2.598e-17,2.355e-3,1.098e-29,3.858e-17,,,,4.666e-18,7.606e-19,1.166e-17,,2.246e-26,,,,1.580e-21,2.261e-16,1.050e-18,4.538e-29,,,,2.075e-15,1.588e-18,,2.202e-19,8.208e-3,,,,,,2.272e-18,,,,,,,,,,,,,,
783.26,5.797e+2,2.073e-4,2.160e-26,5.873e-35,2.709e-17,,,1.161e-18,4.073e-15,,5.796e+2,4.185e-20,5.783e-25,2.596e-17,2.613e-3,1.097e-29,3.855e-17,,,,4.667e-18,7.621e-19,1.166e-17,,2.246e-26,,,,1.580e-21,2.261e-16,1.051e-18,4.534e-29,,,,2.813e-15,1.588e-18,,2.202e-19,9.219e-3,,,,,,2.272e-18,,,,,,,,,,,,,,
783.29,5.962e+2,2.404e-4,2.157e-26,4.151e-35,2.710e-17,,,1.161e-18,6.139e-15,,5.962e+2,4.183e-20,9.101e-25,2.593e-17,3.046e-3,1.096e-29,3.852e-17,,,,4.667e-18,7.639e-19,1.166e-17,,2.245e-26,,,,1.580e-21,2.261e-16,1.052e-18,4.527e-29,,,,4.429e-15,1.587e-18,,2.202e-19,1.095e-2,,,,,,2.273e-18,,,,,,,,,,,,,,
783.31,6.065e+2,2.650e-4,2.156e-26,3.289e-35,2.710e-17,,,1.161e-18,8.057e-15,,6.065e+2,4.182e-20,1.229e-24,2.591e-17,3.370e-3,1.096e-29,3.850e-17,,,,4.668e-18,7.648e-19,1.166e-17,,2.245e-26,,,,1.580e-21,2.262e-16,1.053e-18,4.523e-29,,,,5.985e-15,1.586e-18,,2.202e-19,1.226e-2,,,,,,2.273e-18,,,,,,,,,,,,,,
783.34,6.209e+2,3.061e-4,2.153e-26,2.314e-35,2.710e-17,,,1.161e-18,1.209e-14,,6.209e+2,4.180e-20,1.926e-24,2.588e-17,3.911e-3,1.095e-29,3.847e-17,,,,4.668e-18,7.658e-19,1.166e-17,,2.244e-26,,,,1.579e-21,2.262e-16,1.055e-18,4.517e-29,,,,9.381e-15,1.585e-18,,2.202e-19,1.448e-2,,,,,,2.273e-18,,,,,,,,,,,,,,
783.36,6.297e+2,3.365e-4,2.151e-26,1.827e-35,2.711e-17,,,1.161e-18,1.581e-14,,6.297e+2,4.178e-20,2.593e-24,2.586e-17,4.312e-3,1.094e-29,3.845e-17,,,,4.669e-18,7.663e-19,1.165e-17,,2.244e-26,,,,1.579e-21,2.262e-16,1.056e-18,4.513e-29,,,,1.264e-14,1.585e-18,,2.202e-19,1.617e-2,,,,,,2.274e-18,,,,,,,,,,,,,,
783.39,6.417e+2,3.869e-4,2.149e-26,1.279e-35,2.711e-17,,,1.160e-18,2.361e-14,,6.416e+2,4.176e-20,4.043e-24,2.583e-17,4.982e-3,1.093e-29,3.842e-17,,,,4.669e-18,7.667e-19,1.165e-17,,2.244e-26,,,,1.579e-21,2.262e-16,1.057e-18,4.506e-29,,,,1.972e-14,1.584e-18,,2.202e-19,1.902e-2,,,,,,2.274e-18,,,,,,,,,,,,,,
783.41,6.487e+2,4.240e-4,2.147e-26,1.007e-35,2.712e-17,,,1.160e-18,3.080e-14,,6.487e+2,4.175e-20,5.428e-24,2.581e-17,5.476e-3,1.093e-29,3.840e-17,,,,4.670e-18,7.670e-19,1.165e-17,,2.243e-26,,,,1.578e-21,2.263e-16,1.058e-18,4.502e-29,,,,2.649e-14,1.583e-18,,2.202e-19,2.116e-2,,,,,,2.274e-18,,,,,,,,,,,,,,
783.43,6.551e+2,4.641e-4,2.145e-26,7.918e-36,2.712e-17,,,1.160e-18,4.013e-14,,6.551e+2,4.174e-20,7.278e-24,2.579e-17,6.012e-3,1.092e-29,3.837e-17,,,,4.670e-18,7.671e-19,1.165e-17,,2.243e-26,,,,1.578e-21,2.263e-16,1.059e-18,4.498e-29,,,,3.553e-14,1.583e-18,,2.202e-19,2.352e-2,,,,,,2.275e-18,,,,,,,,,,,,,,
783.46,6.632e+2,5.304e-4,2.142e-26,5.507e-36,2.712e-17,,,1.160e-18,5.954e-14,,6.632e+2,4.171e-20,1.127e-23,2.576e-17,6.901e-3,1.091e-29,3.834e-17,,,,4.671e-18,7.674e-19,1.165e-17,,2.242e-26,,,,1.578e-21,2.263e-16,1.061e-18,4.492e-29,,,,5.507e-14,1.582e-18,,2.202e-19,2.748e-2,,,,,,2.275e-18,,,,,,,,,,,,,,
783.48,6.676e+2,5.789e-4,2.140e-26,4.317e-36,2.713e-17,,,1.160e-18,7.733e-14,,6.676e+2,4.170e-20,1.507e-23,2.574e-17,7.553e-3,1.091e-29,3.832e-17,,,,4.671e-18,7.676e-19,1.165e-17,,2.242e-26,,,,1.578e-21,2.263e-16,1.062e-18,4.488e-29,,,,7.365e-14,1.581e-18,,2.202e-19,3.045e-2,,,,,,2.275e-18,,,,,,,,,,,,,,
783.51,6.727e+2,6.588e-4,2.138e-26,2.988e-36,2.713e-17,,,1.160e-18,1.142e-13,,6.727e+2,4.168e-20,2.324e-23,2.571e-17,8.630e-3,1.090e-29,3.829e-17,,,,4.671e-18,7.681e-19,1.164e-17,,2.242e-26,,,,1.577e-21,2.264e-16,1.063e-18,4.481e-29,,,,1.136e-13,1.580e-18,,2.202e-19,3.542e-2,,,,,,2.275e-18,,,,,,,,,,,,,,
783.53,6.751e+2,7.170e-4,2.136e-26,2.335e-36,2.713e-17,,,1.160e-18,1.479e-13,,6.751e+2,4.167e-20,3.097e-23,2.569e-17,9.416e-3,1.089e-29,3.827e-17,,,,4.672e-18,7.685e-19,1.164e-17,,2.241e-26,,,,1.577e-21,2.264e-16,1.064e-18,4.477e-29,,,,1.515e-13,1.580e-18,,2.202e-19,3.912e-2,,,,,,2.276e-18,,,,,,,,,,,,,,
783.56,6.772e+2,8.123e-4,2.133e-26,1.609e-36,2.714e-17,,,1.160e-18,2.174e-13,,6.771e+2,4.164e-20,4.753e-23,2.566e-17,1.071e-2,1.088e-29,3.824e-17,,,,4.672e-18,7.694e-19,1.164e-17,,2.241e-26,,,,1.577e-21,2.264e-16,1.065e-18,4.471e-29,,,,2.327e-13,1.579e-18,,2.202e-19,4.530e-2,,,,,,2.276e-18,,,,,,,,,,,,,,
783.58,6.775e+2,8.815e-4,2.132e-26,1.253e-36,2.714e-17,,,1.160e-18,2.806e-13,,6.774e+2,4.163e-20,6.315e-23,2.564e-17,1.165e-2,1.088e-29,3.822e-17,,,,4.673e-18,7.701e-19,1.164e-17,,2.240e-26,,,,1.577e-21,2.265e-16,1.066e-18,4.467e-29,,,,3.093e-13,1.578e-18,,2.202e-19,4.987e-2,,,,,,2.276e-18,,,,,,,,,,,,,,
783.61,6.763e+2,9.944e-4,2.129e-26,8.592e-37,2.715e-17,,,1.160e-18,4.105e-13,,6.763e+2,4.161e-20,9.648e-23,2.561e-17,1.319e-2,1.087e-29,3.819e-17,,,,4.673e-18,7.716e-19,1.164e-17,,2.240e-26,,,,1.576e-21,2.265e-16,1.068e-18,4.460e-29,,,,4.729e-13,1.577e-18,,2.202e-19,5.748e-2,,,,,,2.277e-18,,,,,,,,,,,,,,
783.63,6.745e+2,1.076e-3,2.127e-26,6.671e-37,2.715e-17,,,1.160e-18,5.283e-13,,6.745e+2,4.160e-20,1.278e-22,2.559e-17,1.430e-2,1.086e-29,3.816e-17,,,,4.674e-18,7.727e-19,1.164e-17,,2.239e-26,,,,1.576e-21,2.265e-16,1.069e-18,4.456e-29,,,,6.266e-13,1.577e-18,,2.202e-19,6.309e-2,,,,,,2.277e-18,,,,,,,,,,,,,,
783.66,6.703e+2,1.209e-3,2.124e-26,4.553e-37,2.716e-17,,,1.160e-18,7.694e-13,,6.702e+2,4.157e-20,1.943e-22,2.556e-17,1.611e-2,1.085e-29,3.813e-17,,,,4.674e-18,7.749e-19,1.163e-17,,2.239e-26,,,,1.576e-21,2.265e-16,1.070e-18,4.450e-29,,,,9.535e-13,1.576e-18,,2.202e-19,7.238e-2,,,,,,2.277e-18,,,,,,,,,,,,,,
783.68,6.665e+2,1.304e-3,2.123e-26,3.524e-37,2.716e-17,,,1.160e-18,9.870e-13,,6.664e+2,4.156e-20,2.566e-22,2.554e-17,1.742e-2,1.085e-29,3.811e-17,,,,4.675e-18,7.766e-19,1.163e-17,,2.239e-26,,,,1.575e-21,2.266e-16,1.071e-18,4.446e-29,,,,1.259e-12,1.575e-18,,2.202e-19,7.919e-2,,,,,,2.278e-18,,,,,,,,,,,,,,
783.71,6.592e+2,1.459e-3,2.120e-26,2.394e-37,2.716e-17,,,1.160e-18,1.431e-12,,6.591e+2,4.154e-20,3.884e-22,2.551e-17,1.953e-2,1.084e-29,3.808e-17,,,,4.675e-18,7.794e-19,1.163e-17,,2.238e-26,,,,1.575e-21,2.266e-16,1.073e-18,4.440e-29,,,,1.908e-12,1.574e-18,,2.202e-19,9.043e-2,,,,,,2.278e-18,,,,,,,,,,,,,,
783.73,6.534e+2,1.570e-3,2.118e-26,1.847e-37,2.717e-17,,,1.160e-18,1.830e-12,,6.533e+2,4.153e-20,5.113e-22,2.550e-17,2.105e-2,1.083e-29,3.806e-17,,,,4.675e-18,7.816e-19,1.163e-17,,2.238e-26,,,,1.575e-21,2.266e-16,1.074e-18,4.435e-29,,,,2.512e-12,1.574e-18,,2.202e-19,9.864e-2,,,,,,2.278e-18,,,,,,,,,,,,,,
783.76,6.433e+2,1.749e-3,2.115e-26,1.249e-37,2.717e-17,,,1.160e-18,2.641e-12,,6.432e+2,4.150e-20,7.703e-22,2.547e-17,2.350e-2,1.083e-29,3.803e-17,,,,4.676e-18,7.851e-19,1.163e-17,,2.237e-26,,,,1.574e-21,2.266e-16,1.075e-18,4.429e-29,,,,3.788e-12,1.573e-18,,2.202e-19,1.121e-1,,,,,,2.279e-18,,,,,,,,,,,,,,
783.78,6.357e+2,1.876e-3,2.114e-26,9.606e-38,2.718e-17,,,1.160e-18,3.367e-12,,6.355e+2,4.149e-20,1.011e-21,2.545e-17,2.525e-2,1.082e-29,3.801e-17,,,,4.676e-18,7.876e-19,1.162e-17,,2.237e-26,,,,1.574e-21,2.267e-16,1.076e-18,4.425e-29,,,,4.973e-12,1.572e-18,,2.202e-19,1.219e-1,,,,,,2.279e-18,,,,,,,,,,,,,,
783.8,6.273e+2,2.011e-3,2.112e-26,7.379e-38,2.718e-17,,,1.160e-18,4.287e-12,,6.272e+2,4.148e-20,1.325e-21,2.543e-17,2.710e-2,1.081e-29,3.799e-17,,,,4.677e-18,7.903e-19,1.162e-17,,2.237e-26,,,,1.574e-21,2.267e-16,1.077e-18,4.421e-29,,,,6.521e-12,1.572e-18,,2.202e-19,1.324e-1,,,,,,2.279e-18,,,,,,,,,,,,,,
783.83,6.136e+2,2.227e-3,2.109e-26,4.956e-38,2.718e-17,,,1.159e-18,6.147e-12,,6.134e+2,4.146e-20,1.984e-21,2.540e-17,3.006e-2,1.081e-29,3.795e-17,,,,4.677e-18,7.946e-19,1.162e-17,,2.236e-26,,,,1.574e-21,2.267e-16,1.079e-18,4.414e-29,,,,9.769e-12,1.571e-18,,2.202e-19,1.495e-1,,,,,,2.279e-18,,,,,,,,,,,,,,
783.85,6.037e+2,2.380e-3,2.107e-26,3.795e-38,2.719e-17,,,1.159e-18,7.803e-12,,6.035e+2,4.144e-20,2.592e-21,2.538e-17,3.216e-2,1.080e-29,3.793e-17,,,,4.678e-18,7.975e-19,1.162e-17,,2.236e-26,,,,1.573e-21,2.267e-16,1.079e-18,4.410e-29,,,,1.277e-11,1.570e-18,,2.202e-19,1.619e-1,,,,,,2.280e-18,,,,,,,,,,,,,,
783.88,5.878e+2,2.625e-3,2.105e-26,2.537e-38,2.719e-17,,,1.159e-18,1.114e-11,,5.876e+2,4.142e-20,3.862e-21,2.535e-17,3.550e-2,1.079e-29,3.790e-17,,,,4.678e-18,8.021e-19,1.162e-17,,2.235e-26,,,,1.573e-21,2.268e-16,1.081e-18,4.404e-29,,,,1.904e-11,1.569e-18,,2.202e-19,1.819e-1,,,,,,2.280e-18,,,,,,,,,,,,,,
783.9,5.765e+2,2.798e-3,2.103e-26,1.937e-38,2.720e-17,,,1.159e-18,1.409e-11,,5.763e+2,4.141e-20,5.031e-21,2.533e-17,3.786e-2,1.078e-29,3.788e-17,,,,4.679e-18,8.051e-19,1.162e-17,,2.235e-26,,,,1.573e-21,2.268e-16,1.082e-18,4.400e-29,,,,2.481e-11,1.569e-18,,2.202e-19,1.964e-1,,,,,,2.280e-18,,,,,,,,,,,,,,
783.93,5.587e+2,3.073e-3,2.100e-26,1.288e-38,2.720e-17,,,1.159e-18,2.002e-11,,5.584e+2,4.139e-20,7.463e-21,2.530e-17,4.161e-2,1.078e-29,3.785e-17,,,,4.679e-18,8.096e-19,1.161e-17,,2.234e-26,,,,1.572e-21,2.268e-16,1.083e-18,4.393e-29,,,,3.683e-11,1.568e-18,,2.201e-19,2.197e-1,,,,,,2.281e-18,,,,,,,,,,,,,,
783.95,5.463e+2,3.267e-3,2.098e-26,9.804e-39,2.720e-17,,,1.159e-18,2.526e-11,,5.460e+2,4.137e-20,9.691e-21,2.528e-17,4.424e-2,1.077e-29,3.783e-17,,,,4.680e-18,8.125e-19,1.161e-17,,2.234e-26,,,,1.572e-21,2.268e-16,1.084e-18,4.389e-29,,,,4.785e-11,1.567e-18,,2.201e-19,2.364e-1,,,,,,2.281e-18,,,,,,,,,,,,,,
783.98,5.270e+2,3.574e-3,2.096e-26,6.493e-39,2.721e-17,,,1.159e-18,3.572e-11,,5.267e+2,4.135e-20,1.431e-20,2.525e-17,4.839e-2,1.076e-29,3.780e-17,,,,4.680e-18,8.167e-19,1.161e-17,,2.233e-26,,,,1.572e-21,2.269e-16,1.086e-18,4.383e-29,,,,7.070e-11,1.566e-18,,2.201e-19,2.632e-1,,,,,,2.281e-18,,,,,,,,,,,,,,
784,5.137e+2,3.789e-3,2.094e-26,4.925e-39,2.721e-17,,,1.159e-18,4.492e-11,,5.133e+2,4.134e-20,1.853e-20,2.523e-17,5.129e-2,1.076e-29,3.777e-17,,,,4.680e-18,8.193e-19,1.161e-17,,2.233e-26,,,,1.572e-21,2.269e-16,1.087e-18,4.379e-29,,,,9.157e-11,1.566e-18,,2.201e-19,2.823e-1,,,,,,2.281e-18,,,,,,,,,,,,,,
784.03,4.932e+2,4.128e-3,2.091e-26,3.246e-39,2.722e-17,,,1.159e-18,6.323e-11,,4.929e+2,4.132e-20,2.723e-20,2.520e-17,5.585e-2,1.075e-29,3.774e-17,,,,4.681e-18,8.228e-19,1.161e-17,,2.233e-26,,,,1.571e-21,2.269e-16,1.088e-18,4.373e-29,,,,1.347e-10,1.565e-18,,2.201e-19,3.129e-1,,,,,,2.282e-18,,,,,,,,,,,,,,
784.05,4.793e+2,4.365e-3,2.089e-26,2.455e-39,2.722e-17,,,1.159e-18,7.928e-11,,4.789e+2,4.130e-20,3.514e-20,2.518e-17,5.901e-2,1.074e-29,3.772e-17,,,,4.681e-18,8.248e-19,1.161e-17,,2.232e-26,,,,1.571e-21,2.270e-16,1.089e-18,4.368e-29,,,,1.739e-10,1.564e-18,,2.201e-19,3.346e-1,,,,,,2.282e-18,,,,,,,,,,,,,,
784.08,4.581e+2,4.737e-3,2.087e-26,1.610e-39,2.722e-17,,,1.159e-18,1.111e-10,,4.577e+2,4.128e-20,5.141e-20,2.515e-17,6.395e-2,1.073e-29,3.769e-17,,,,4.682e-18,8.273e-19,1.160e-17,,2.232e-26,,,,1.571e-21,2.270e-16,1.091e-18,4.362e-29,,,,2.545e-10,1.563e-18,,2.201e-19,3.691e-1,,,,,,2.282e-18,,,,,,,,,,,,,,
784.1,4.438e+2,4.996e-3,2.085e-26,1.214e-39,2.723e-17,,,1.159e-18,1.388e-10,,4.433e+2,4.127e-20,6.614e-20,2.513e-17,6.737e-2,1.073e-29,3.767e-17,,,,4.682e-18,8.285e-19,1.160e-17,,2.231e-26,,,,1.570e-21,2.270e-16,1.092e-18,4.358e-29,,,,3.276e-10,1.563e-18,,2.201e-19,3.935e-1,,,,,,2.283e-18,,,,,,,,,,,,,,
784.13,4.222e+2,5.401e-3,2.082e-26,7.924e-40,2.723e-17,,,1.159e-18,1.936e-10,,4.217e+2,4.125e-20,9.632e-20,2.510e-17,7.268e-2,1.072e-29,3.764e-17,,,,4.683e-18,8.296e-19,1.160e-17,,2.231e-26,,,,1.570e-21,2.270e-16,1.093e-18,4.352e-29,,,,4.774e-10,1.562e-18,,2.201e-19,4.321e-1,,,,,,2.283e-18,,,,,,,,,,,,,,
784.15,4.078e+2,5.682e-3,2.081e-26,5.955e-40,2.724e-17,,,1.159e-18,2.413e-10,,4.072e+2,4.123e-20,1.235e-19,2.508e-17,7.633e-2,1.071e-29,3.762e-17,,,,4.683e-18,8.297e-19,1.160e-17,,2.231e-26,,,,1.570e-21,2.271e-16,1.094e-18,4.347e-29,,,,6.126e-10,1.561e-18,,2.201e-19,4.592e-1,,,,,,2.283e-18,,,,,,,,,,,,,,
784.18,3.861e+2,6.119e-3,2.078e-26,3.869e-40,2.724e-17,,,1.159e-18,3.349e-10,,3.855e+2,4.121e-20,1.791e-19,2.505e-17,8.196e-2,1.070e-29,3.758e-17,,,,4.684e-18,8.291e-19,1.160e-17,,2.230e-26,,,,1.570e-21,2.271e-16,1.095e-18,4.341e-29,,,,8.885e-10,1.560e-18,,2.201e-19,5.019e-1,,,,,,2.284e-18,,,,,,,,,,,,,,
784.2,3.718e+2,6.420e-3,2.076e-26,2.898e-40,2.724e-17,,,1.159e-18,4.161e-10,,3.712e+2,4.120e-20,2.290e-19,2.503e-17,8.581e-2,1.070e-29,3.756e-17,,,,4.684e-18,8.280e-19,1.160e-17,,2.230e-26,,,,1.569e-21,2.271e-16,1.096e-18,4.337e-29,,,,1.137e-9,1.560e-18,,2.201e-19,5.317e-1,,,,,,2.284e-18,,,,,,,,,,,,,,
784.22,3.575e+2,6.730e-3,2.074e-26,2.168e-40,2.725e-17,,,1.159e-18,5.163e-10,,3.569e+2,4.118e-20,2.925e-19,2.501e-17,8.973e-2,1.069e-29,3.754e-17,,,,4.684e-18,8.264e-19,1.159e-17,,2.229e-26,,,,1.569e-21,2.271e-16,1.097e-18,4.333e-29,,,,1.452e-9,1.559e-18,,2.201e-19,5.626e-1,,,,,,2.284e-18,,,,,,,,,,,,,,
784.25,3.364e+2,7.211e-3,2.072e-26,1.400e-40,2.725e-17,,,1.158e-18,7.120e-10,,3.357e+2,4.116e-20,4.212e-19,2.498e-17,9.572e-2,1.068e-29,3.751e-17,,,,4.685e-18,8.229e-19,1.159e-17,,2.229e-26,,,,1.569e-21,2.272e-16,1.099e-18,4.327e-29,,,,2.093e-9,1.558e-18,,2.201e-19,6.109e-1,,,,,,2.284e-18,,,,,,,,,,,,,,
784.27,3.225e+2,7.540e-3,2.070e-26,1.044e-40,2.726e-17,,,1.158e-18,8.808e-10,,3.218e+2,4.115e-20,5.363e-19,2.496e-17,9.979e-2,1.068e-29,3.749e-17,,,,4.685e-18,8.199e-19,1.159e-17,,2.229e-26,,,,1.569e-21,2.272e-16,1.100e-18,4.322e-29,,,,2.666e-9,1.558e-18,,2.201e-19,6.444e-1,,,,,,2.285e-18,,,,,,,,,,,,,,
784.3,3.021e+2,8.049e-3,2.067e-26,6.707e-41,2.726e-17,,,1.158e-18,1.209e-9,,3.013e+2,4.113e-20,7.689e-19,2.493e-17,1.060e-1,1.067e-29,3.746e-17,,,,4.686e-18,8.141e-19,1.159e-17,,2.228e-26,,,,1.568e-21,2.272e-16,1.101e-18,4.316e-29,,,,3.824e-9,1.557e-18,,2.201e-19,6.965e-1,,,,,,2.285e-18,,,,,,,,,,,,,,
784.32,2.887e+2,8.397e-3,2.065e-26,4.986e-41,2.726e-17,,,1.158e-18,1.491e-9,,2.879e+2,4.111e-20,9.760e-19,2.491e-17,1.101e-1,1.066e-29,3.744e-17,,,,4.686e-18,8.094e-19,1.159e-17,,2.228e-26,,,,1.568e-21,2.272e-16,1.102e-18,4.312e-29,,,,4.857e-9,1.556e-18,,2.201e-19,7.324e-1,,,,,,2.285e-18,,,,,,,,,,,,,,
784.35,2.692e+2,8.932e-3,2.063e-26,3.189e-41,2.727e-17,,,1.158e-18,2.037e-9,,2.683e+2,4.109e-20,1.393e-18,2.488e-17,1.164e-1,1.065e-29,3.741e-17,,,,4.687e-18,8.012e-19,1.158e-17,,2.227e-26,,,,1.568e-21,2.273e-16,1.104e-18,4.306e-29,,,,6.934e-9,1.555e-18,,2.201e-19,7.880e-1,,,,,,2.286e-18,,,,,,,,,,,,,,
784.37,2.565e+2,9.297e-3,2.061e-26,2.363e-41,2.727e-17,,,1.158e-18,2.505e-9,,2.556e+2,4.108e-20,1.762e-18,2.486e-17,1.206e-1,1.065e-29,3.738e-17,,,,4.687e-18,7.949e-19,1.158e-17,,2.227e-26,,,,1.567e-21,2.273e-16,1.105e-18,4.301e-29,,,,8.779e-9,1.555e-18,,2.201e-19,8.260e-1,,,,,,2.286e-18,,,,,,,,,,,,,,
784.4,2.381e+2,9.855e-3,2.058e-26,1.504e-41,2.728e-17,,,1.158e-18,3.407e-9,,2.371e+2,4.106e-20,2.503e-18,2.483e-17,1.269e-1,1.064e-29,3.735e-17,,,,4.688e-18,7.842e-19,1.158e-17,,2.226e-26,,,,1.567e-21,2.273e-16,1.106e-18,4.295e-29,,,,1.248e-8,1.554e-18,,2.201e-19,8.845e-1,,,,,,2.286e-18,,,,,,,,,,,,,,
784.42,2.262e+2,1.023e-2,2.056e-26,1.111e-41,2.728e-17,,,1.158e-18,4.176e-9,,2.251e+2,4.104e-20,3.158e-18,2.481e-17,1.310e-1,1.063e-29,3.733e-17,,,,4.688e-18,7.762e-19,1.158e-17,,2.226e-26,,,,1.567e-21,2.273e-16,1.107e-18,4.291e-29,,,,1.575e-8,1.553e-18,,2.201e-19,9.244e-1,,,,,,2.287e-18,,,,,,,,,,,,,,
784.45,2.090e+2,1.081e-2,2.054e-26,7.038e-42,2.729e-17,,,1.158e-18,5.653e-9,,2.079e+2,4.102e-20,4.465e-18,2.478e-17,1.372e-1,1.062e-29,3.730e-17,,,,4.689e-18,7.630e-19,1.158e-17,,2.225e-26,,,,1.566e-21,2.274e-16,1.108e-18,4.285e-29,,,,2.228e-8,1.552e-18,,2.201e-19,9.853e-1,,,,,,2.287e-18,,,,,,,,,,,,,,
784.47,1.980e+2,1.121e-2,2.052e-26,5.183e-42,2.729e-17,,,1.158e-18,6.907e-9,,1.968e+2,4.101e-20,5.615e-18,2.476e-17,1.413e-1,1.062e-29,3.728e-17,,,,4.689e-18,7.534e-19,1.158e-17,,2.225e-26,,,,1.566e-21,2.274e-16,1.109e-18,4.281e-29,,,,2.803e-8,1.552e-18,,2.201e-19,1.026e+0,,,,,,2.287e-18,,,,,,,,,,,,,,
784.5,1.821e+2,1.180e-2,2.049e-26,3.268e-42,2.729e-17,,,1.158e-18,9.308e-9,,1.808e+2,4.099e-20,7.902e-18,2.474e-17,1.473e-1,1.061e-29,3.725e-17,,,,4.690e-18,7.379e-19,1.157e-17,,2.225e-26,,,,1.566e-21,2.274e-16,1.111e-18,4.274e-29,,,,3.947e-8,1.551e-18,,2.201e-19,1.089e+0,,,,,,2.288e-18,,,,,,,,,,,,,,
784.52,1.720e+2,1.220e-2,2.047e-26,2.399e-42,2.730e-17,,,1.158e-18,1.134e-8,,1.707e+2,4.097e-20,9.908e-18,2.472e-17,1.512e-1,1.060e-29,3.723e-17,,,,4.690e-18,7.267e-19,1.157e-17,,2.224e-26,,,,1.566e-21,2.275e-16,1.112e-18,4.270e-29,,,,4.951e-8,1.550e-18,,2.201e-19,1.131e+0,,,,,,2.288e-18,,,,,,,,,,,,,,
784.55,1.575e+2,1.281e-2,2.045e-26,1.505e-42,2.730e-17,,,1.158e-18,1.521e-8,,1.561e+2,4.095e-20,1.388e-17,2.469e-17,1.569e-1,1.060e-29,3.720e-17,,,,4.691e-18,7.089e-19,1.157e-17,,2.224e-26,,,,1.565e-21,2.275e-16,1.113e-18,4.264e-29,,,,6.939e-8,1.549e-18,,2.201e-19,1.194e+0,,,,,,2.288e-18,,,,,,,,,,,,,,
784.57,1.483e+2,1.322e-2,2.043e-26,1.102e-42,2.730e-17,,,1.158e-18,1.847e-8,,1.469e+2,4.094e-20,1.735e-17,2.467e-17,1.606e-1,1.059e-29,3.717e-17,,,,4.691e-18,6.964e-19,1.157e-17,,2.223e-26,,,,1.565e-21,2.275e-16,1.114e-18,4.260e-29,,,,8.677e-8,1.549e-18,,2.201e-19,1.237e+0,,,,,,2.288e-18,,,,,,,,,,,,,,
784.59,1.395e+2,1.364e-2,2.041e-26,8.052e-43,2.731e-17,,,1.158e-18,2.240e-8,,1.380e+2,4.092e-20,2.166e-17,2.465e-17,1.641e-1,1.058e-29,3.715e-17,,,,4.691e-18,6.834e-19,1.157e-17,,2.223e-26,,,,1.565e-21,2.275e-16,1.115e-18,4.255e-29,,,,1.084e-7,1.548e-18,,2.201e-19,1.279e+0,,,,,,2.289e-18,,,,,,,,,,,,,,
784.62,1.270e+2,1.426e-2,2.039e-26,5.020e-43,2.731e-17,,,1.158e-18,2.985e-8,,1.254e+2,4.090e-20,3.015e-17,2.462e-17,1.692e-1,1.058e-29,3.712e-17,,,,4.692e-18,6.629e-19,1.157e-17,,2.222e-26,,,,1.564e-21,2.276e-16,1.117e-18,4.249e-29,,,,1.509e-7,1.547e-18,,2.201e-19,1.342e+0,,,,,,2.289e-18,,,,,,,,,,,,,,
784.64,1.191e+2,1.468e-2,2.037e-26,3.657e-43,2.732e-17,,,1.158e-18,3.610e-8,,1.175e+2,4.089e-20,3.752e-17,2.460e-17,1.724e-1,1.057e-29,3.710e-17,,,,4.692e-18,6.487e-19,1.156e-17,,2.222e-26,,,,1.564e-21,2.276e-16,1.118e-18,4.245e-29,,,,1.879e-7,1.546e-18,,2.201e-19,1.383e+0,,,,,,2.289e-18,,,,,,,,,,,,,,
784.67,1.079e+2,1.531e-2,2.034e-26,3.650e-43,2.732e-17,,,1.157e-18,4.788e-8,,1.063e+2,4.087e-20,5.198e-17,2.457e-17,1.769e-1,1.056e-29,3.707e-17,,,,4.693e-18,6.266e-19,1.156e-17,,2.222e-26,,,,1.564e-21,2.276e-16,1.119e-18,4.239e-29,,,,2.605e-7,1.546e-18,,2.201e-19,1.444e+0,,,,,,2.290e-18,,,,,,,,,,,,,,
784.69,1.010e+2,1.573e-2,2.032e-26,3.645e-43,2.732e-17,,,1.157e-18,5.772e-8,,9.927e+1,4.085e-20,6.450e-17,2.455e-17,1.797e-1,1.056e-29,3.705e-17,,,,4.693e-18,6.115e-19,1.156e-17,,2.221e-26,,,,1.564e-21,2.276e-16,1.120e-18,4.234e-29,,,,3.234e-7,1.545e-18,,2.201e-19,1.484e+0,,,,,,2.290e-18,,,,,,,,,,,,,,
784.72,9.113e+1,1.637e-2,2.030e-26,3.638e-43,2.733e-17,,,1.157e-18,7.621e-8,,8.939e+1,4.083e-20,8.894e-17,2.452e-17,1.835e-1,1.055e-29,3.702e-17,,,,4.694e-18,5.882e-19,1.156e-17,,2.221e-26,,,,1.563e-21,2.277e-16,1.121e-18,4.228e-29,,,,4.462e-7,1.544e-18,,2.200e-19,1.543e+0,,,,,,2.290e-18,,,,,,,,,,,,,,
784.74,8.500e+1,1.679e-2,2.028e-26,3.633e-43,2.733e-17,,,1.157e-18,9.158e-8,,8.322e+1,4.082e-20,1.100e-16,2.450e-17,1.858e-1,1.054e-29,3.699e-17,,,,4.694e-18,5.723e-19,1.156e-17,,2.220e-26,,,,1.563e-21,2.277e-16,1.122e-18,4.224e-29,,,,5.521e-7,1.544e-18,,2.200e-19,1.580e+0,,,,,,2.290e-18,,,,,,,,,,,,,,
784.77,7.642e+1,1.743e-2,2.025e-26,3.625e-43,2.734e-17,,,1.157e-18,1.204e-7,,7.458e+1,4.080e-20,1.510e-16,2.447e-17,1.889e-1,1.053e-29,3.696e-17,,,,4.695e-18,5.482e-19,1.156e-17,,2.220e-26,,,,1.563e-21,2.277e-16,1.124e-18,4.218e-29,,,,7.583e-7,1.543e-18,,2.200e-19,1.635e+0,,,,,,2.291e-18,,,,,,,,,,,,,,
784.79,7.110e+1,1.786e-2,2.023e-26,3.620e-43,2.734e-17,,,1.157e-18,1.442e-7,,6.922e+1,4.078e-20,1.862e-16,2.445e-17,1.907e-1,1.053e-29,3.694e-17,,,,4.695e-18,5.318e-19,1.155e-17,,2.220e-26,,,,1.562e-21,2.277e-16,1.125e-18,4.214e-29,,,,9.355e-7,1.542e-18,,2.200e-19,1.670e+0,,,,,,2.291e-18,,,,,,,,,,,,,,
784.82,6.368e+1,1.850e-2,2.021e-26,3.613e-43,2.735e-17,,,1.157e-18,1.887e-7,,6.175e+1,4.076e-20,2.544e-16,2.442e-17,1.930e-1,1.052e-29,3.691e-17,,,,4.696e-18,5.071e-19,1.155e-17,,2.219e-26,,,,1.562e-21,2.278e-16,1.126e-18,4.207e-29,,,,1.279e-6,1.541e-18,,2.200e-19,1.720e+0,,,,,,2.291e-18,,,,,,,,,,,,,,
784.84,5.909e+1,1.892e-2,2.019e-26,3.608e-43,2.735e-17,,,1.157e-18,2.253e-7,,5.713e+1,4.075e-20,3.128e-16,2.440e-17,1.943e-1,1.051e-29,3.689e-17,,,,4.696e-18,4.906e-19,1.155e-17,,2.219e-26,,,,1.562e-21,2.278e-16,1.127e-18,4.203e-29,,,,1.573e-6,1.541e-18,,2.200e-19,1.751e+0,,,,,,2.292e-18,,,,,,,,,,,,,,
784.87,5.274e+1,1.956e-2,2.016e-26,3.601e-43,2.735e-17,,,1.157e-18,2.934e-7,,5.073e+1,4.073e-20,4.254e-16,2.437e-17,1.957e-1,1.050e-29,3.686e-17,,,,4.696e-18,4.658e-19,1.155e-17,,2.218e-26,,,,1.562e-21,2.278e-16,1.129e-18,4.197e-29,,,,2.141e-6,1.540e-18,,2.200e-19,1.795e+0,,,,,,2.292e-18,,,,,,,,,,,,,,
784.89,4.883e+1,1.999e-2,2.014e-26,3.596e-43,2.736e-17,,,1.157e-18,3.494e-7,,4.679e+1,4.071e-20,5.214e-16,2.435e-17,1.963e-1,1.050e-29,3.684e-17,,,,4.697e-18,4.492e-19,1.155e-17,,2.218e-26,,,,1.561e-21,2.278e-16,1.130e-18,4.193e-29,,,,2.625e-6,1.539e-18,,2.200e-19,1.821e+0,,,,,,2.292e-18,,,,,,,,,,,,,,
784.92,4.343e+1,2.062e-2,2.012e-26,3.588e-43,2.736e-17,,,1.157e-18,4.528e-7,,4.135e+1,4.069e-20,7.059e-16,2.432e-17,1.969e-1,1.049e-29,3.681e-17,,,,4.697e-18,4.246e-19,1.154e-17,,2.217e-26,,,,1.561e-21,2.279e-16,1.131e-18,4.186e-29,,,,3.555e-6,1.538e-18,,2.200e-19,1.858e+0,,,,,,2.293e-18,,,,,,,,,,,,,,
784.94,4.012e+1,2.105e-2,2.010e-26,3.583e-43,2.737e-17,,,1.157e-18,5.375e-7,,3.802e+1,4.068e-20,8.625e-16,2.430e-17,1.969e-1,1.048e-29,3.678e-17,,,,4.698e-18,4.083e-19,1.154e-17,,2.217e-26,,,,1.561e-21,2.279e-16,1.132e-18,4.182e-29,,,,4.345e-6,1.538e-18,,2.200e-19,1.880e+0,,,,,,2.293e-18,,,,,,,,,,,,,,
784.96,3.704e+1,2.147e-2,2.008e-26,3.578e-43,2.737e-17,,,1.157e-18,6.372e-7,,3.492e+1,4.067e-20,1.053e-15,2.428e-17,1.967e-1,1.048e-29,3.676e-17,,,,4.698e-18,3.922e-19,1.154e-17,,2.217e-26,,,,1.561e-21,2.279e-16,1.133e-18,4.178e-29,,,,5.305e-6,1.537e-18,,2.200e-19,1.900e+0,,,,,,2.293e-18,,,,,,,,,,,,,,
784.99,3.280e+1,2.211e-2,2.005e-26,3.571e-43,2.737e-17,,,1.157e-18,8.206e-7,,3.066e+1,4.065e-20,1.416e-15,2.425e-17,1.960e-1,1.047e-29,3.673e-17,,,,4.699e-18,3.683e-19,1.154e-17,,2.216e-26,,,,1.560e-21,2.280e-16,1.135e-18,4.172e-29,,,,7.140e-6,1.536e-18,,2.200e-19,1.926e+0,,,,,,2.293e-18,,,,,,,,,,,,,,
785.01,3.023e+1,2.254e-2,2.004e-26,3.566e-43,2.738e-17,,,1.157e-18,9.699e-7,,2.807e+1,4.063e-20,1.722e-15,2.423e-17,1.952e-1,1.046e-29,3.671e-17,,,,4.699e-18,3.527e-19,1.154e-17,,2.216e-26,,,,1.560e-21,2.280e-16,1.135e-18,4.168e-29,,,,8.690e-6,1.535e-18,,2.200e-19,1.940e+0,,,,,,2.294e-18,,,,,,,,,,,,,,
785.04,2.671e+1,2.318e-2,2.001e-26,3.559e-43,2.738e-17,,,1.157e-18,1.243e-6,,2.453e+1,4.061e-20,2.306e-15,2.420e-17,1.935e-1,1.045e-29,3.668e-17,,,,4.700e-18,3.297e-19,1.154e-17,,2.215e-26,,,,1.560e-21,2.280e-16,1.137e-18,4.161e-29,,,,1.164e-5,1.535e-18,,2.200e-19,1.958e+0,,,,,,2.294e-18,,,,,,,,,,,,,,
785.06,2.457e+1,2.360e-2,1.999e-26,3.554e-43,2.738e-17,,,1.157e-18,1.465e-6,,2.239e+1,4.060e-20,2.797e-15,2.418e-17,1.921e-1,1.045e-29,3.666e-17,,,,4.700e-18,3.148e-19,1.154e-17,,2.215e-26,,,,1.559e-21,2.280e-16,1.138e-18,4.157e-29,,,,1.412e-5,1.534e-18,,2.200e-19,1.966e+0,,,,,,2.294e-18,,,,,,,,,,,,,,
785.09,2.167e+1,2.425e-2,1.996e-26,3.546e-43,2.739e-17,,,1.157e-18,1.869e-6,,1.948e+1,4.058e-20,3.727e-15,2.415e-17,1.896e-1,1.044e-29,3.663e-17,,,,4.700e-18,2.930e-19,1.153e-17,,2.214e-26,,,,1.559e-21,2.281e-16,1.139e-18,4.151e-29,,,,1.883e-5,1.533e-18,,2.200e-19,1.975e+0,,,,,,2.295e-18,,,,,,,,,,,,,,
785.11,1.991e+1,2.467e-2,1.995e-26,3.541e-43,2.739e-17,,,1.156e-18,2.196e-6,,1.772e+1,4.056e-20,4.507e-15,2.413e-17,1.877e-1,1.043e-29,3.661e-17,,,,4.701e-18,2.788e-19,1.153e-17,,2.214e-26,,,,1.559e-21,2.281e-16,1.140e-18,4.147e-29,,,,2.278e-5,1.532e-18,,2.200e-19,1.977e+0,,,,,,2.295e-18,,,,,,,,,,,,,,
785.14,1.753e+1,2.532e-2,1.992e-26,3.534e-43,2.740e-17,,,1.156e-18,2.789e-6,,1.535e+1,4.054e-20,5.978e-15,2.410e-17,1.844e-1,1.042e-29,3.657e-17,,,,4.701e-18,2.583e-19,1.153e-17,,2.214e-26,,,,1.558e-21,2.281e-16,1.142e-18,4.140e-29,,,,3.024e-5,1.532e-18,,2.200e-19,1.976e+0,,,,,,2.295e-18,,,,,,,,,,,,,,
785.16,1.610e+1,2.575e-2,1.990e-26,3.529e-43,2.740e-17,,,1.156e-18,3.265e-6,,1.392e+1,4.053e-20,7.207e-15,2.408e-17,1.820e-1,1.042e-29,3.655e-17,,,,4.702e-18,2.451e-19,1.153e-17,,2.213e-26,,,,1.558e-21,2.281e-16,1.143e-18,4.136e-29,,,,3.646e-5,1.531e-18,,2.200e-19,1.972e+0,,,,,,2.296e-18,,,,,,,,,,,,,,
785.19,1.416e+1,2.639e-2,1.988e-26,3.522e-43,2.741e-17,,,1.156e-18,4.128e-6,,1.200e+1,4.051e-20,9.516e-15,2.405e-17,1.779e-1,1.041e-29,3.652e-17,,,,4.702e-18,2.260e-19,1.153e-17,,2.213e-26,,,,1.558e-21,2.282e-16,1.144e-18,4.130e-29,,,,4.817e-5,1.530e-18,,2.200e-19,1.962e+0,,,,,,2.296e-18,,,,,,,,,,,,,,
785.21,1.300e+1,2.683e-2,1.986e-26,3.517e-43,2.741e-17,,,1.156e-18,4.819e-6,,1.085e+1,4.049e-20,1.144e-14,2.403e-17,1.750e-1,1.040e-29,3.650e-17,,,,4.703e-18,2.138e-19,1.152e-17,,2.212e-26,,,,1.558e-21,2.282e-16,1.145e-18,4.126e-29,,,,5.791e-5,1.529e-18,,2.200e-19,1.953e+0,,,,,,2.296e-18,,,,,,,,,,,,,,
785.24,1.144e+1,2.748e-2,1.983e-26,3.509e-43,2.741e-17,,,1.156e-18,6.064e-6,,9.306e+0,4.047e-20,1.503e-14,2.400e-17,1.704e-1,1.040e-29,3.647e-17,,,,4.703e-18,1.963e-19,1.152e-17,,2.212e-26,,,,1.557e-21,2.282e-16,1.147e-18,4.119e-29,,,,7.616e-5,1.529e-18,,2.200e-19,1.934e+0,,,,,,2.297e-18,,,,,,,,,,,,,,
785.26,1.050e+1,2.791e-2,1.981e-26,3.504e-43,2.742e-17,,,1.156e-18,7.058e-6,,8.389e+0,4.046e-20,1.801e-14,2.398e-17,1.671e-1,1.039e-29,3.645e-17,,,,4.704e-18,1.851e-19,1.152e-17,,2.212e-26,,,,1.557e-21,2.282e-16,1.148e-18,4.115e-29,,,,9.128e-5,1.528e-18,,2.200e-19,1.918e+0,,,,,,2.297e-18,,,,,,,,,,,,,,
785.29,9.244e+0,2.856e-2,1.979e-26,3.497e-43,2.742e-17,,,1.156e-18,8.841e-6,,7.163e+0,4.044e-20,2.356e-14,2.396e-17,1.619e-1,1.038e-29,3.642e-17,,,,4.704e-18,1.691e-19,1.152e-17,,2.211e-26,,,,1.557e-21,2.283e-16,1.149e-18,4.109e-29,,,,1.195e-4,1.527e-18,,2.200e-19,1.891e+0,,,,,,2.297e-18,,,,,,,,,,,,,,
785.31,8.494e+0,2.900e-2,1.977e-26,3.492e-43,2.743e-17,,,1.156e-18,1.026e-5,,6.437e+0,4.042e-20,2.814e-14,2.394e-17,1.583e-1,1.038e-29,3.639e-17,,,,4.705e-18,1.590e-19,1.152e-17,,2.211e-26,,,,1.556e-21,2.283e-16,1.150e-18,4.105e-29,,,,1.428e-4,1.527e-18,,2.200e-19,1.870e+0,,,,,,2.297e-18,,,,,,,,,,,,,,
785.33,7.808e+0,2.943e-2,1.975e-26,3.487e-43,2.743e-17,,,1.156e-18,1.189e-5,,5.777e+0,4.041e-20,3.356e-14,2.392e-17,1.545e-1,1.037e-29,3.637e-17,,,,4.705e-18,1.493e-19,1.152e-17,,2.210e-26,,,,1.556e-21,2.283e-16,1.151e-18,4.101e-29,,,,1.704e-4,1.526e-18,,2.200e-19,1.846e+0,,,,,,2.298e-18,,,,,,,,,,,,,,
785.36,6.888e+0,3.009e-2,1.972e-26,3.480e-43,2.743e-17,,,1.156e-18,1.479e-5,,4.901e+0,4.039e-20,4.363e-14,2.389e-17,1.488e-1,1.036e-29,3.634e-17,,,,4.705e-18,1.355e-19,1.151e-17,,2.210e-26,,,,1.556e-21,2.283e-16,1.152e-18,4.094e-29,,,,2.216e-4,1.525e-18,,2.200e-19,1.808e+0,,,,,,2.298e-18,,,,,,,,,,,,,,
785.38,6.341e+0,3.052e-2,1.971e-26,3.475e-43,2.744e-17,,,1.156e-18,1.709e-5,,4.385e+0,4.037e-20,5.188e-14,2.387e-17,1.448e-1,1.035e-29,3.632e-17,,,,4.706e-18,1.269e-19,1.151e-17,,2.209e-26,,,,1.556e-21,2.284e-16,1.153e-18,4.090e-29,,,,2.636e-4,1.524e-18,,2.200e-19,1.780e+0,,,,,,2.298e-18,,,,,,,,,,,,,,
785.41,5.609e+0,3.117e-2,1.968e-26,3.467e-43,2.744e-17,,,1.156e-18,2.117e-5,,3.703e+0,4.035e-20,6.713e-14,2.384e-17,1.388e-1,1.035e-29,3.629e-17,,,,4.706e-18,1.146e-19,1.151e-17,,2.209e-26,,,,1.555e-21,2.284e-16,1.155e-18,4.084e-29,,,,3.413e-4,1.524e-18,,2.200e-19,1.735e+0,,,,,,2.299e-18,,,,,,,,,,,,,,
785.43,5.173e+0,3.160e-2,1.966e-26,3.462e-43,2.745e-17,,,1.156e-18,2.438e-5,,3.303e+0,4.034e-20,7.959e-14,2.382e-17,1.347e-1,1.034e-29,3.627e-17,,,,4.707e-18,1.070e-19,1.151e-17,,2.209e-26,,,,1.555e-21,2.284e-16,1.156e-18,4.080e-29,,,,4.047e-4,1.523e-18,,2.200e-19,1.703e+0,,,,,,2.299e-18,,,,,,,,,,,,,,
785.46,4.590e+0,3.223e-2,1.963e-26,3.455e-43,2.745e-17,,,1.156e-18,3.006e-5,,2.776e+0,4.032e-20,1.025e-13,2.379e-17,1.284e-1,1.033e-29,3.624e-17,,,,4.707e-18,9.623e-20,1.151e-17,,2.208e-26,,,,1.555e-21,2.285e-16,1.157e-18,4.073e-29,,,,5.215e-4,1.522e-18,,2.200e-19,1.653e+0,,,,,,2.299e-18,,,,,,,,,,,,,,
785.48,4.243e+0,3.265e-2,1.962e-26,3.450e-43,2.745e-17,,,1.156e-18,3.451e-5,,2.468e+0,4.030e-20,1.212e-13,2.377e-17,1.242e-1,1.033e-29,3.622e-17,,,,4.708e-18,8.952e-20,1.151e-17,,2.208e-26,,,,1.554e-21,2.285e-16,1.158e-18,4.069e-29,,,,6.167e-4,1.521e-18,,2.200e-19,1.617e+0,,,,,,2.299e-18,,,,,,,,,,,,,,
785.51,3.779e+0,3.327e-2,1.959e-26,3.443e-43,2.746e-17,,,1.156e-18,4.236e-5,,2.065e+0,4.028e-20,1.553e-13,2.374e-17,1.180e-1,1.032e-29,3.618e-17,,,,4.708e-18,8.015e-20,1.150e-17,,2.207e-26,,,,1.554e-21,2.285e-16,1.160e-18,4.063e-29,,,,7.910e-4,1.521e-18,,2.199e-19,1.562e+0,,,,,,2.300e-18,,,,,,,,,,,,,,
785.53,3.502e+0,3.368e-2,1.957e-26,3.438e-43,2.746e-17,,,1.155e-18,4.848e-5,,1.831e+0,4.027e-20,1.830e-13,2.372e-17,1.138e-1,1.031e-29,3.616e-17,,,,4.709e-18,7.433e-20,1.150e-17,,2.207e-26,,,,1.554e-21,2.285e-16,1.161e-18,4.059e-29,,,,9.323e-4,1.520e-18,,2.199e-19,1.523e+0,,,,,,2.300e-18,,,,,,,,,,,,,,
785.56,3.132e+0,3.427e-2,1.954e-26,3.430e-43,2.747e-17,,,1.155e-18,5.923e-5,,1.524e+0,4.025e-20,2.335e-13,2.369e-17,1.075e-1,1.030e-29,3.613e-17,,,,4.709e-18,6.624e-20,1.150e-17,,2.206e-26,,,,1.554e-21,2.286e-16,1.162e-18,4.052e-29,,,,1.190e-3,1.519e-18,,2.199e-19,1.464e+0,,,,,,2.300e-18,,,,,,,,,,,,,,
785.58,2.910e+0,3.466e-2,1.953e-26,3.425e-43,2.747e-17,,,1.155e-18,6.759e-5,,1.347e+0,4.023e-20,2.743e-13,2.367e-17,1.034e-1,1.030e-29,3.611e-17,,,,4.710e-18,6.124e-20,1.150e-17,,2.206e-26,,,,1.553e-21,2.286e-16,1.163e-18,4.048e-29,,,,1.399e-3,1.518e-18,,2.199e-19,1.424e+0,,,,,,2.301e-18,,,,,,,,,,,,,,
785.61,2.613e+0,3.522e-2,1.950e-26,3.418e-43,2.747e-17,,,1.155e-18,8.219e-5,,1.116e+0,4.021e-20,3.485e-13,2.364e-17,9.722e-2,1.029e-29,3.608e-17,,,,4.710e-18,5.432e-20,1.150e-17,,2.205e-26,,,,1.553e-21,2.286e-16,1.164e-18,4.042e-29,,,,1.778e-3,1.518e-18,,2.199e-19,1.362e+0,,,,,,2.301e-18,,,,,,,,,,,,,,
785.63,2.435e+0,3.557e-2,1.948e-26,3.413e-43,2.748e-17,,,1.155e-18,9.349e-5,,9.836e-1,4.020e-20,4.081e-13,2.362e-17,9.319e-2,1.028e-29,3.606e-17,,,,4.710e-18,5.007e-20,1.150e-17,,2.205e-26,,,,1.553e-21,2.286e-16,1.165e-18,4.038e-29,,,,2.083e-3,1.517e-18,,2.199e-19,1.321e+0,,,,,,2.301e-18,,,,,,,,,,,,,,
785.66,2.195e+0,3.609e-2,1.946e-26,3.406e-43,2.748e-17,,,1.155e-18,1.132e-4,,8.114e-1,4.018e-20,5.160e-13,2.359e-17,8.725e-2,1.027e-29,3.603e-17,,,,4.711e-18,4.420e-20,1.149e-17,,2.205e-26,,,,1.552e-21,2.287e-16,1.167e-18,4.032e-29,,,,2.635e-3,1.516e-18,,2.199e-19,1.258e+0,,,,,,2.302e-18,,,,,,,,,,,,,,
785.68,2.051e+0,3.641e-2,1.944e-26,3.401e-43,2.749e-17,,,1.155e-18,1.283e-4,,7.127e-1,4.016e-20,6.024e-13,2.357e-17,8.337e-2,1.027e-29,3.600e-17,,,,4.711e-18,4.062e-20,1.149e-17,,2.204e-26,,,,1.552e-21,2.287e-16,1.168e-18,4.027e-29,,,,3.077e-3,1.515e-18,,2.199e-19,1.215e+0,,,,,,2.302e-18,,,,,,,,,,,,,,
785.7,1.918e+0,3.672e-2,1.942e-26,3.396e-43,2.749e-17,,,1.155e-18,1.454e-4,,6.251e-1,4.015e-20,7.024e-13,2.355e-17,7.957e-2,1.026e-29,3.598e-17,,,,4.712e-18,3.727e-20,1.149e-17,,2.204e-26,,,,1.552e-21,2.287e-16,1.169e-18,4.023e-29,,,,3.589e-3,1.515e-18,,2.199e-19,1.173e+0,,,,,,2.302e-18,,,,,,,,,,,,,,
785.73,1.738e+0,3.715e-2,1.939e-26,3.388e-43,2.749e-17,,,1.155e-18,1.748e-4,,5.124e-1,4.013e-20,8.824e-13,2.352e-17,7.402e-2,1.025e-29,3.595e-17,,,,4.712e-18,3.269e-20,1.149e-17,,2.203e-26,,,,1.552e-21,2.287e-16,1.170e-18,4.017e-29,,,,4.511e-3,1.514e-18,,2.199e-19,1.110e+0,,,,,,2.302e-18,,,,,,,,,,,,,,
785.75,1.629e+0,3.741e-2,1.937e-26,3.383e-43,2.750e-17,,,1.155e-18,1.974e-4,,4.480e-1,4.011e-20,1.026e-12,2.350e-17,7.042e-2,1.025e-29,3.593e-17,,,,4.713e-18,2.991e-20,1.149e-17,,2.203e-26,,,,1.551e-21,2.288e-16,1.171e-18,4.013e-29,,,,5.246e-3,1.513e-18,,2.199e-19,1.068e+0,,,,,,2.303e-18,,,,,,,,,,,,,,
785.78,1.481e+0,3.777e-2,1.935e-26,3.376e-43,2.750e-17,,,1.155e-18,2.363e-4,,3.655e-1,4.009e-20,1.283e-12,2.347e-17,6.521e-2,1.024e-29,3.590e-17,,,,4.713e-18,2.611e-20,1.148e-17,,2.203e-26,,,,1.551e-21,2.288e-16,1.173e-18,4.006e-29,,,,6.563e-3,1.512e-18,,2.199e-19,1.006e+0,,,,,,2.303e-18,,,,,,,,,,,,,,
785.8,1.391e+0,3.798e-2,1.933e-26,3.371e-43,2.751e-17,,,1.155e-18,2.660e-4,,3.186e-1,4.008e-20,1.486e-12,2.345e-17,6.185e-2,1.023e-29,3.588e-17,,,,4.714e-18,2.382e-20,1.148e-17,,2.202e-26,,,,1.551e-21,2.288e-16,1.174e-18,4.002e-29,,,,7.608e-3,1.512e-18,,2.199e-19,9.648e-1,,,,,,2.303e-18,,,,,,,,,,,,,,
785.83,1.268e+0,3.824e-2,1.930e-26,3.364e-43,2.751e-17,,,1.155e-18,3.170e-4,,2.587e-1,4.006e-20,1.850e-12,2.342e-17,5.700e-2,1.022e-29,3.585e-17,,,,4.714e-18,2.070e-20,1.148e-17,,2.202e-26,,,,1.550e-21,2.289e-16,1.175e-18,3.996e-29,,,,9.475e-3,1.511e-18,,2.199e-19,9.044e-1,,,,,,2.304e-18,,,,,,,,,,,,,,
785.85,1.193e+0,3.839e-2,1.929e-26,3.359e-43,2.751e-17,,,1.155e-18,3.557e-4,,2.248e-1,4.004e-20,2.137e-12,2.340e-17,5.390e-2,1.022e-29,3.583e-17,,,,4.714e-18,1.882e-20,1.148e-17,,2.201e-26,,,,1.550e-21,2.289e-16,1.176e-18,3.992e-29,,,,1.095e-2,1.510e-18,,2.199e-19,8.649e-1,,,,,,2.304e-18,,,,,,,,,,,,,,
785.88,1.091e+0,3.856e-2,1.926e-26,3.351e-43,2.752e-17,,,1.155e-18,4.219e-4,,1.817e-1,4.002e-20,2.648e-12,2.337e-17,4.945e-2,1.021e-29,3.579e-17,,,,4.715e-18,1.628e-20,1.148e-17,,2.201e-26,,,,1.550e-21,2.289e-16,1.178e-18,3.985e-29,,,,1.357e-2,1.510e-18,,2.199e-19,8.069e-1,,,,,,2.304e-18,,,,,,,,,,,,,,
785.9,1.028e+0,3.864e-2,1.924e-26,3.346e-43,2.752e-17,,,1.155e-18,4.720e-4,,1.574e-1,4.001e-20,3.050e-12,2.335e-17,4.661e-2,1.020e-29,3.577e-17,,,,4.715e-18,1.475e-20,1.148e-17,,2.201e-26,,,,1.550e-21,2.289e-16,1.178e-18,3.981e-29,,,,1.564e-2,1.509e-18,,2.199e-19,7.693e-1,,,,,,2.305e-18,,,,,,,,,,,,,,
785.93,9.422e-1,3.871e-2,1.921e-26,3.339e-43,2.753e-17,,,1.155e-18,5.572e-4,,1.267e-1,3.999e-20,3.761e-12,2.332e-17,4.256e-2,1.019e-29,3.574e-17,,,,4.716e-18,1.270e-20,1.147e-17,,2.200e-26,,,,1.549e-21,2.290e-16,1.180e-18,3.975e-29,,,,1.930e-2,1.508e-18,,2.199e-19,7.144e-1,,,,,,2.305e-18,,,,,,,,,,,,,,
785.95,8.898e-1,3.871e-2,1.920e-26,3.334e-43,2.753e-17,,,1.155e-18,6.215e-4,,1.094e-1,3.997e-20,4.319e-12,2.330e-17,4.000e-2,1.019e-29,3.572e-17,,,,4.716e-18,1.148e-20,1.147e-17,,2.200e-26,,,,1.549e-21,2.290e-16,1.181e-18,3.971e-29,,,,2.216e-2,1.507e-18,,2.199e-19,6.789e-1,,,,,,2.305e-18,,,,,,,,,,,,,,
785.98,8.181e-1,3.866e-2,1.917e-26,3.327e-43,2.754e-17,,,1.154e-18,7.303e-4,,8.760e-2,3.995e-20,5.302e-12,2.327e-17,3.636e-2,1.018e-29,3.569e-17,,,,4.717e-18,9.834e-21,1.147e-17,,2.199e-26,,,,1.549e-21,2.290e-16,1.182e-18,3.965e-29,,,,2.722e-2,1.507e-18,,2.199e-19,6.276e-1,,,,,,2.306e-18,,,,,,,,,,,,,,
786,7.746e-1,3.859e-2,1.915e-26,3.322e-43,2.754e-17,,,1.154e-18,8.121e-4,,7.542e-2,3.994e-20,6.069e-12,2.325e-17,3.406e-2,1.017e-29,3.567e-17,,,,4.717e-18,8.858e-21,1.147e-17,,2.199e-26,,,,1.548e-21,2.290e-16,1.183e-18,3.960e-29,,,,3.117e-2,1.506e-18,,2.199e-19,5.946e-1,,,,,,2.306e-18,,,,,,,,,,,,,,
786.03,7.154e-1,3.841e-2,1.912e-26,3.314e-43,2.754e-17,,,1.154e-18,9.499e-4,,6.011e-2,3.992e-20,7.416e-12,2.322e-17,3.082e-2,1.017e-29,3.564e-17,,,,4.718e-18,7.555e-21,1.147e-17,,2.198e-26,,,,1.548e-21,2.291e-16,1.185e-18,3.954e-29,,,,3.811e-2,1.505e-18,,2.199e-19,5.470e-1,,,,,,2.306e-18,,,,,,,,,,,,,,
786.05,6.799e-1,3.826e-2,1.911e-26,3.309e-43,2.755e-17,,,1.154e-18,1.053e-3,,5.160e-2,3.990e-20,8.463e-12,2.320e-17,2.878e-2,1.016e-29,3.561e-17,,,,4.718e-18,6.784e-21,1.147e-17,,2.198e-26,,,,1.548e-21,2.291e-16,1.186e-18,3.950e-29,,,,4.350e-2,1.504e-18,,2.199e-19,5.167e-1,,,,,,2.306e-18,,,,,,,,,,,,,,
786.08,6.321e-1,3.796e-2,1.908e-26,3.302e-43,2.755e-17,,,1.154e-18,1.226e-3,,4.093e-2,3.988e-20,1.029e-11,2.318e-17,2.592e-2,1.015e-29,3.558e-17,,,,4.719e-18,5.760e-21,1.146e-17,,2.197e-26,,,,1.548e-21,2.291e-16,1.187e-18,3.944e-29,,,,5.294e-2,1.504e-18,,2.199e-19,4.732e-1,,,,,,2.307e-18,,,,,,,,,,,,,,
786.1,6.040e-1,3.772e-2,1.906e-26,3.297e-43,2.755e-17,,,1.154e-18,1.355e-3,,3.503e-2,3.987e-20,1.171e-11,2.316e-17,2.413e-2,1.015e-29,3.556e-17,,,,4.719e-18,5.156e-21,1.146e-17,,2.197e-26,,,,1.547e-21,2.291e-16,1.188e-18,3.939e-29,,,,6.025e-2,1.503e-18,,2.199e-19,4.455e-1,,,,,,2.307e-18,,,,,,,,,,,,,,
786.12,5.788e-1,3.745e-2,1.904e-26,3.292e-43,2.756e-17,,,1.154e-18,1.495e-3,,2.993e-2,3.986e-20,1.331e-11,2.314e-17,2.244e-2,1.014e-29,3.554e-17,,,,4.719e-18,4.610e-21,1.146e-17,,2.197e-26,,,,1.547e-21,2.292e-16,1.189e-18,3.935e-29,,,,6.848e-2,1.502e-18,,2.199e-19,4.190e-1,,,,,,2.307e-18,,,,,,,,,,,,,,
786.15,5.464e-1,3.698e-2,1.902e-26,3.285e-43,2.756e-17,,,1.154e-18,1.730e-3,,2.359e-2,3.983e-20,1.608e-11,2.311e-17,2.008e-2,1.013e-29,3.551e-17,,,,4.720e-18,3.888e-21,1.146e-17,,2.196e-26,,,,1.547e-21,2.292e-16,1.191e-18,3.929e-29,,,,8.280e-2,1.501e-18,,2.199e-19,3.812e-1,,,,,,2.308e-18,,,,,,,,,,,,,,
786.17,5.284e-1,3.663e-2,1.900e-26,3.280e-43,2.757e-17,,,1.154e-18,1.903e-3,,2.010e-2,3.982e-20,1.822e-11,2.309e-17,1.862e-2,1.013e-29,3.549e-17,,,,4.720e-18,3.465e-21,1.146e-17,,2.196e-26,,,,1.546e-21,2.292e-16,1.192e-18,3.925e-29,,,,9.383e-2,1.501e-18,,2.199e-19,3.574e-1,,,,,,2.308e-18,,,,,,,,,,,,,,
786.2,5.071e-1,3.603e-2,1.897e-26,3.272e-43,2.757e-17,,,1.154e-18,2.191e-3,,1.577e-2,3.980e-20,2.191e-11,2.306e-17,1.658e-2,1.012e-29,3.546e-17,,,,4.721e-18,2.909e-21,1.146e-17,,2.195e-26,,,,1.546e-21,2.292e-16,1.193e-18,3.919e-29,,,,1.129e-1,1.500e-18,,2.199e-19,3.236e-1,,,,,,2.308e-18,,,,,,,,,,,,,,
786.22,4.967e-1,3.560e-2,1.895e-26,3.267e-43,2.757e-17,,,1.154e-18,2.404e-3,,1.339e-2,3.979e-20,2.475e-11,2.304e-17,1.532e-2,1.011e-29,3.544e-17,,,,4.721e-18,2.585e-21,1.145e-17,,2.195e-26,,,,1.546e-21,2.293e-16,1.194e-18,3.914e-29,,,,1.276e-1,1.499e-18,,2.199e-19,3.025e-1,,,,,,2.308e-18,,,,,,,,,,,,,,
786.25,4.871e-1,3.490e-2,1.893e-26,3.260e-43,2.758e-17,,,1.154e-18,2.755e-3,,1.046e-2,3.976e-20,2.963e-11,2.301e-17,1.358e-2,1.010e-29,3.540e-17,,,,4.722e-18,2.160e-21,1.145e-17,,2.195e-26,,,,1.546e-21,2.293e-16,1.195e-18,3.908e-29,,,,1.528e-1,1.498e-18,,3.513e-19,2.726e-1,,,,,,2.309e-18,,,,,,,,,,,,,,
786.27,4.849e-1,3.439e-2,1.891e-26,3.255e-43,2.758e-17,,,1.154e-18,3.013e-3,,8.855e-3,3.975e-20,3.336e-11,2.299e-17,1.251e-2,1.010e-29,3.538e-17,,,,4.722e-18,1.913e-21,1.145e-17,,2.194e-26,,,,1.545e-21,2.293e-16,1.196e-18,3.904e-29,,,,1.721e-1,1.498e-18,,4.795e-19,2.540e-1,,,,,,2.309e-18,,,,,,,,,,,,,,
786.3,4.880e-1,3.358e-2,1.888e-26,3.248e-43,2.759e-17,,,1.154e-18,3.437e-3,,6.882e-3,3.973e-20,3.976e-11,2.296e-17,1.104e-2,1.009e-29,3.535e-17,,,,4.723e-18,1.591e-21,1.145e-17,,2.194e-26,,,,1.545e-21,2.294e-16,1.198e-18,3.898e-29,,,,2.052e-1,1.497e-18,,7.627e-19,2.279e-1,,,,,,2.309e-18,,,,,,,,,,,,,,
786.32,4.948e-1,3.300e-2,1.886e-26,3.243e-43,2.759e-17,,,1.154e-18,3.747e-3,,5.809e-3,3.972e-20,4.462e-11,2.294e-17,1.014e-2,1.008e-29,3.533e-17,,,,4.723e-18,1.405e-21,1.145e-17,,2.193e-26,,,,1.545e-21,2.294e-16,1.199e-18,3.893e-29,,,,2.304e-1,1.496e-18,,1.038e-18,2.117e-1,,,,,,2.310e-18,,,,,,,,,,,,,,
786.35,5.123e-1,3.210e-2,1.884e-26,3.235e-43,2.760e-17,,,1.154e-18,4.255e-3,,4.494e-3,3.969e-20,5.294e-11,2.291e-17,8.909e-3,1.007e-29,3.530e-17,,,,4.724e-18,1.163e-21,1.144e-17,,2.193e-26,,,,1.544e-21,2.294e-16,1.200e-18,3.887e-29,,,,2.735e-1,1.495e-18,,1.643e-18,1.890e-1,,,,,,2.310e-18,,,,,,,,,,,,,,
786.37,5.292e-1,3.147e-2,1.882e-26,3.230e-43,2.760e-17,,,1.154e-18,4.625e-3,,3.782e-3,3.968e-20,5.924e-11,2.289e-17,8.158e-3,1.007e-29,3.528e-17,,,,4.724e-18,1.024e-21,1.144e-17,,2.192e-26,,,,1.544e-21,2.294e-16,1.201e-18,3.883e-29,,,,3.061e-1,1.495e-18,,2.229e-18,1.750e-1,,,,,,2.310e-18,,,,,,,,,,,,,,
786.4,5.630e-1,3.048e-2,1.879e-26,3.223e-43,2.760e-17,,,1.153e-18,5.228e-3,,2.912e-3,3.966e-20,6.995e-11,2.286e-17,7.132e-3,1.006e-29,3.525e-17,,,,4.725e-18,8.438e-22,1.144e-17,,2.192e-26,,,,1.544e-21,2.295e-16,1.203e-18,3.877e-29,,,,3.616e-1,1.494e-18,,3.513e-18,1.556e-1,,,,,,2.311e-18,,,,,,,,,,,,,,
786.42,5.916e-1,2.980e-2,1.878e-26,3.218e-43,2.761e-17,,,1.153e-18,5.664e-3,,2.443e-3,3.965e-20,7.803e-11,2.284e-17,6.510e-3,1.005e-29,3.523e-17,,,,4.725e-18,7.405e-22,1.144e-17,,2.192e-26,,,,1.544e-21,2.295e-16,1.204e-18,3.872e-29,,,,4.035e-1,1.493e-18,,4.751e-18,1.436e-1,,,,,,2.311e-18,,,,,,,,,,,,,,
786.45,6.443e-1,2.875e-2,1.875e-26,3.211e-43,2.761e-17,,,1.153e-18,6.373e-3,,1.872e-3,3.962e-20,9.172e-11,2.281e-17,5.665e-3,1.004e-29,3.519e-17,,,,4.726e-18,6.074e-22,1.144e-17,,2.191e-26,,,,1.543e-21,2.295e-16,1.205e-18,3.866e-29,,,,4.746e-1,1.493e-18,,7.453e-18,1.271e-1,,,,,,2.311e-18,,,,,,,,,,,,,,
786.47,6.865e-1,2.803e-2,1.873e-26,3.206e-43,2.762e-17,,,1.153e-18,6.884e-3,,1.566e-3,3.961e-20,1.020e-10,2.279e-17,5.156e-3,1.004e-29,3.517e-17,,,,4.726e-18,5.314e-22,1.144e-17,,2.191e-26,,,,1.543e-21,2.295e-16,1.206e-18,3.862e-29,,,,5.279e-1,1.492e-18,,1.005e-17,1.169e-1,,,,,,2.311e-18,,,,,,,,,,,,,,
786.49,7.347e-1,2.729e-2,1.871e-26,3.201e-43,2.762e-17,,,1.153e-18,7.426e-3,,1.308e-3,3.960e-20,1.133e-10,2.277e-17,4.686e-3,1.003e-29,3.515e-17,,,,4.726e-18,4.643e-22,1.143e-17,,2.190e-26,,,,1.543e-21,2.296e-16,1.207e-18,3.858e-29,,,,5.865e-1,1.491e-18,,1.353e-17,1.075e-1,,,,,,2.312e-18,,,,,,,,,,,,,,
786.52,8.193e-1,2.618e-2,1.869e-26,3.193e-43,2.762e-17,,,1.153e-18,8.301e-3,,9.958e-4,3.958e-20,1.323e-10,2.274e-17,4.052e-3,1.002e-29,3.512e-17,,,,4.727e-18,3.783e-22,1.143e-17,,2.190e-26,,,,1.542e-21,2.296e-16,1.208e-18,3.852e-29,,,,6.853e-1,1.490e-18,,2.109e-17,9.446e-2,,,,,,2.312e-18,,,,,,,,,,,,,,
786.54,8.845e-1,2.542e-2,1.867e-26,3.188e-43,2.763e-17,,,1.153e-18,8.928e-3,,8.291e-4,3.956e-20,1.465e-10,2.272e-17,3.671e-3,1.002e-29,3.510e-17,,,,4.727e-18,3.296e-22,1.143e-17,,2.190e-26,,,,1.542e-21,2.296e-16,1.209e-18,3.847e-29,,,,7.591e-1,1.490e-18,,2.832e-17,8.654e-2,,,,,,2.312e-18,,,,,,,,,,,,,,
786.57,9.966e-1,2.428e-2,1.864e-26,3.181e-43,2.763e-17,,,1.153e-18,9.935e-3,,6.284e-4,3.954e-20,1.703e-10,2.269e-17,3.159e-3,1.001e-29,3.507e-17,,,,4.728e-18,2.674e-22,1.143e-17,,2.189e-26,,,,1.542e-21,2.296e-16,1.211e-18,3.841e-29,,,,8.829e-1,1.489e-18,,4.394e-17,7.572e-2,,,,,,2.313e-18,,,,,,,,,,,,,,
786.59,1.082e+0,2.351e-2,1.862e-26,3.176e-43,2.763e-17,,,1.153e-18,1.065e-2,,5.216e-4,3.953e-20,1.880e-10,2.267e-17,2.854e-3,1.000e-29,3.505e-17,,,,4.728e-18,2.322e-22,1.143e-17,,2.189e-26,,,,1.542e-21,2.297e-16,1.212e-18,3.837e-29,,,,9.749e-1,1.488e-18,,5.881e-17,6.916e-2,,,,,,2.313e-18,,,,,,,,,,,,,,
786.62,1.226e+0,2.235e-2,1.860e-26,3.169e-43,2.764e-17,,,1.153e-18,1.180e-2,,3.935e-4,3.951e-20,2.176e-10,2.264e-17,2.445e-3,9.994e-30,3.501e-17,,,,4.729e-18,1.875e-22,1.143e-17,,2.188e-26,,,,1.541e-21,2.297e-16,1.213e-18,3.831e-29,,,,1.129e+0,1.487e-18,,9.084e-17,6.023e-2,,,,,,2.313e-18,,,,,,,,,,,,,,
786.64,1.334e+0,2.158e-2,1.858e-26,3.164e-43,2.764e-17,,,1.153e-18,1.261e-2,,3.256e-4,3.949e-20,2.394e-10,2.262e-17,2.202e-3,9.989e-30,3.499e-17,,,,4.729e-18,1.624e-22,1.142e-17,,2.188e-26,,,,1.541e-21,2.297e-16,1.214e-18,3.826e-29,,,,1.242e+0,1.487e-18,,1.212e-16,5.484e-2,,,,,,2.314e-18,,,,,,,,,,,,,,
786.67,1.516e+0,2.044e-2,1.855e-26,3.156e-43,2.765e-17,,,1.153e-18,1.390e-2,,2.445e-4,3.947e-20,2.758e-10,2.259e-17,1.877e-3,9.980e-30,3.496e-17,,,,4.730e-18,1.306e-22,1.142e-17,,2.187e-26,,,,1.541e-21,2.297e-16,1.216e-18,3.820e-29,,,,1.432e+0,1.486e-18,,1.864e-16,4.754e-2,,,,,,2.314e-18,,,,,,,,,,,,,,
786.69,1.651e+0,1.968e-2,1.853e-26,3.151e-43,2.765e-17,,,1.153e-18,1.481e-2,,2.017e-4,3.946e-20,3.026e-10,2.257e-17,1.685e-3,9.974e-30,3.494e-17,,,,4.730e-18,1.129e-22,1.142e-17,,2.187e-26,,,,1.540e-21,2.298e-16,1.217e-18,3.816e-29,,,,1.571e+0,1.485e-18,,2.479e-16,4.315e-2,,,,,,2.314e-18,,,,,,,,,,,,,,
786.72,1.876e+0,1.855e-2,1.851e-26,3.144e-43,2.766e-17,,,1.153e-18,1.626e-2,,1.508e-4,3.944e-20,3.469e-10,2.254e-17,1.430e-3,9.965e-30,3.491e-17,,,,4.730e-18,9.050e-23,1.142e-17,,2.186e-26,,,,1.540e-21,2.298e-16,1.218e-18,3.810e-29,,,,1.802e+0,1.484e-18,,3.794e-16,3.723e-2,,,,,,2.315e-18,,,,,,,,,,,,,,
786.74,2.042e+0,1.780e-2,1.849e-26,3.139e-43,2.766e-17,,,1.153e-18,1.727e-2,,1.240e-4,3.942e-20,3.795e-10,3.079e-17,1.280e-3,9.960e-30,3.489e-17,,,,4.731e-18,7.806e-23,1.142e-17,,2.186e-26,,,,1.540e-21,2.298e-16,1.219e-18,3.806e-29,,,,1.972e+0,1.484e-18,,5.032e-16,3.369e-2,,,,,,2.315e-18,,,,,,,,,,,,,,
786.77,2.317e+0,1.671e-2,1.846e-26,3.132e-43,2.766e-17,,,1.153e-18,1.887e-2,,9.224e-5,3.940e-20,4.331e-10,4.904e-17,1.081e-3,9.951e-30,3.486e-17,,,,4.731e-18,6.252e-23,1.142e-17,,2.186e-26,,,,1.540e-21,2.299e-16,1.220e-18,3.799e-29,,,,2.251e+0,1.483e-18,,7.667e-16,2.893e-2,,,,,,2.315e-18,,,,,,,,,,,,,,
786.79,2.519e+0,1.599e-2,1.844e-26,3.127e-43,2.767e-17,,,1.153e-18,1.998e-2,,7.561e-5,3.939e-20,4.722e-10,6.678e-17,9.649e-4,9.945e-30,3.484e-17,,,,4.732e-18,5.394e-23,1.141e-17,,2.185e-26,,,,1.539e-21,2.299e-16,1.221e-18,3.795e-29,,,,2.456e+0,1.482e-18,,1.014e-15,2.610e-2,,,,,,2.315e-18,,,,,,,,,,,,,,
786.82,2.851e+0,1.494e-2,1.842e-26,3.119e-43,2.767e-17,,,1.152e-18,2.172e-2,,5.599e-5,3.937e-20,5.364e-10,1.059e-16,8.114e-4,9.936e-30,3.480e-17,,,,4.732e-18,4.335e-23,1.141e-17,,2.185e-26,,,,1.539e-21,2.299e-16,1.223e-18,3.789e-29,,,,2.791e+0,1.481e-18,,1.537e-15,2.231e-2,,,,,,2.316e-18,,,,,,,,,,,,,,
786.84,3.093e+0,1.426e-2,1.840e-26,3.114e-43,2.768e-17,,,1.152e-18,2.293e-2,,4.576e-5,3.935e-20,5.831e-10,1.437e-16,7.217e-4,9.931e-30,3.478e-17,,,,4.733e-18,3.758e-23,1.141e-17,,2.184e-26,,,,1.539e-21,2.299e-16,1.224e-18,3.785e-29,,,,3.034e+0,1.481e-18,,2.026e-15,2.006e-2,,,,,,2.316e-18,,,,,,,,,,,,,,
786.86,3.352e+0,1.359e-2,1.838e-26,3.109e-43,2.768e-17,,,1.152e-18,2.418e-2,,3.735e-5,3.934e-20,6.331e-10,1.949e-16,6.412e-4,9.925e-30,3.476e-17,,,,4.733e-18,3.272e-23,1.141e-17,,2.184e-26,,,,1.538e-21,2.299e-16,1.225e-18,3.780e-29,,,,3.296e+0,1.480e-18,,2.667e-15,1.802e-2,,,,,,2.316e-18,,,,,,,,,,,,,,
786.89,3.776e+0,1.262e-2,1.836e-26,3.102e-43,2.768e-17,,,1.152e-18,2.613e-2,,2.748e-5,3.932e-20,7.146e-10,3.070e-16,5.357e-4,9.916e-30,3.473e-17,,,,4.734e-18,2.690e-23,1.141e-17,,2.184e-26,,,,1.538e-21,2.300e-16,1.226e-18,3.774e-29,,,,3.721e+0,1.479e-18,,4.019e-15,1.530e-2,,,,,,2.317e-18,,,,,,,,,,,,,,
786.91,4.083e+0,1.200e-2,1.834e-26,3.097e-43,2.769e-17,,,1.152e-18,2.746e-2,,2.236e-5,3.930e-20,7.734e-10,4.150e-16,4.744e-4,9.910e-30,3.471e-17,,,,4.734e-18,2.389e-23,1.141e-17,,2.183e-26,,,,1.538e-21,2.300e-16,1.227e-18,3.770e-29,,,,4.029e+0,1.479e-18,,5.275e-15,1.370e-2,,,,,,2.317e-18,,,,,,,,,,,,,,
786.94,4.581e+0,1.109e-2,1.831e-26,3.090e-43,2.769e-17,,,1.152e-18,2.953e-2,,1.637e-5,3.928e-20,8.689e-10,6.508e-16,3.945e-4,9.901e-30,3.468e-17,,,,4.735e-18,2.051e-23,1.140e-17,,2.183e-26,,,,1.538e-21,2.300e-16,1.229e-18,3.764e-29,,,,4.528e+0,1.478e-18,,7.913e-15,1.158e-2,,,,,,2.317e-18,,,,,,,,,,,,,,
786.96,4.940e+0,1.051e-2,1.829e-26,3.085e-43,2.770e-17,,,1.152e-18,3.095e-2,,1.328e-5,3.927e-20,9.376e-10,8.771e-16,3.483e-4,9.896e-30,3.466e-17,,,,4.735e-18,1.895e-23,1.140e-17,,2.182e-26,,,,1.537e-21,2.301e-16,1.230e-18,5.146e-29,,,,4.888e+0,1.477e-18,,1.035e-14,1.034e-2,,,,,,2.317e-18,,,,,,,,,,,,,,
786.99,5.520e+0,9.667e-3,1.827e-26,3.077e-43,2.770e-17,,,1.152e-18,3.313e-2,,9.682e-6,3.925e-20,1.049e-9,1.369e-15,2.883e-4,9.887e-30,3.462e-17,,,,4.735e-18,1.757e-23,1.140e-17,,2.182e-26,,,,1.537e-21,2.301e-16,1.231e-18,1.210e-28,,,,5.468e+0,1.476e-18,,1.546e-14,8.700e-3,,,,,,2.318e-18,,,,,,,,,,,,,,
787.01,5.936e+0,9.132e-3,1.825e-26,3.072e-43,2.770e-17,,,1.152e-18,3.461e-2,,7.829e-6,3.923e-20,1.128e-9,1.839e-15,2.538e-4,9.881e-30,3.460e-17,,,,4.736e-18,1.726e-23,1.140e-17,,2.181e-26,,,,1.537e-21,2.301e-16,1.232e-18,1.896e-28,,,,5.884e+0,1.476e-18,,2.017e-14,7.742e-3,,,,,,2.318e-18,,,,,,,,,,,,,,
787.04,6.605e+0,8.365e-3,1.822e-26,3.065e-43,2.771e-17,,,1.152e-18,3.687e-2,,5.680e-6,3.921e-20,1.256e-9,2.858e-15,2.091e-4,9.872e-30,3.457e-17,,,,4.736e-18,1.770e-23,1.140e-17,,2.181e-26,,,,1.536e-21,2.301e-16,1.234e-18,3.190e-28,,,,6.553e+0,1.475e-18,,2.998e-14,6.484e-3,,,,,,2.318e-18,,,,,,,,,,,,,,
787.06,7.081e+0,7.878e-3,1.820e-26,3.060e-43,2.771e-17,,,1.152e-18,3.841e-2,,4.579e-6,3.920e-20,1.347e-9,3.828e-15,1.835e-4,9.867e-30,3.455e-17,,,,4.737e-18,1.861e-23,1.139e-17,,2.181e-26,,,,1.536e-21,2.302e-16,1.234e-18,4.456e-28,,,,7.029e+0,1.474e-18,,3.898e-14,5.752e-3,,,,,,2.319e-18,,,,,,,,,,,,,,
787.09,7.845e+0,7.184e-3,1.818e-26,3.053e-43,2.772e-17,,,1.152e-18,4.073e-2,,3.307e-6,3.918e-20,1.492e-9,5.921e-15,1.505e-4,9.858e-30,3.452e-17,,,,4.737e-18,2.096e-23,1.139e-17,,2.180e-26,,,,1.536e-21,2.302e-16,1.236e-18,7.058e-28,,,,7.792e+0,1.473e-18,,5.768e-14,4.795e-3,,,,,,2.319e-18,,,,,,,,,,,,,,
787.11,8.386e+0,6.746e-3,1.816e-26,3.048e-43,2.772e-17,,,1.152e-18,4.229e-2,,2.657e-6,3.916e-20,1.595e-9,7.907e-15,1.316e-4,9.852e-30,3.450e-17,,,,4.738e-18,2.324e-23,1.139e-17,,2.180e-26,,,,1.536e-21,2.302e-16,1.237e-18,9.576e-28,,,,8.333e+0,1.473e-18,,7.478e-14,4.240e-3,,,,,,2.319e-18,,,,,,,,,,,,,,
787.14,9.249e+0,6.123e-3,1.813e-26,3.040e-43,2.772e-17,,,1.152e-18,4.465e-2,,1.910e-6,3.914e-20,1.760e-9,1.217e-14,1.074e-4,9.843e-30,3.447e-17,,,,4.738e-18,2.787e-23,1.139e-17,,2.179e-26,,,,1.535e-21,2.302e-16,1.238e-18,1.510e-27,,,,9.194e+0,1.472e-18,,1.101e-13,3.518e-3,,,,,,2.320e-18,,,,,,,,,,,,,,
787.16,9.858e+0,5.732e-3,1.811e-26,3.035e-43,2.773e-17,,,1.152e-18,4.622e-2,,1.530e-6,3.913e-20,1.875e-9,1.621e-14,9.370e-5,9.838e-30,3.445e-17,,,,4.739e-18,3.187e-23,1.139e-17,,2.179e-26,,,,1.535e-21,2.303e-16,1.239e-18,2.042e-27,,,,9.802e+0,1.471e-18,,1.423e-13,3.102e-3,,,,,,2.320e-18,,,,,,,,,,,,,,
787.19,1.082e+1,5.180e-3,1.809e-26,3.028e-43,2.773e-17,,,1.152e-18,4.856e-2,,1.095e-6,3.911e-20,2.059e-9,2.484e-14,7.613e-5,9.829e-30,3.441e-17,,,,4.739e-18,3.947e-23,1.139e-17,,2.178e-26,,,,1.535e-21,2.303e-16,1.241e-18,3.205e-27,,,,1.077e+1,1.470e-18,,2.087e-13,2.562e-3,,,,,,2.320e-18,,,,,,,,,,,,,,
787.21,1.150e+1,4.834e-3,1.807e-26,3.023e-43,2.774e-17,,,1.152e-18,5.012e-2,,8.745e-7,3.909e-20,2.188e-9,3.297e-14,6.619e-5,9.823e-30,3.439e-17,,,,4.739e-18,4.576e-23,1.138e-17,,2.178e-26,,,,1.534e-21,2.303e-16,1.242e-18,4.322e-27,,,,1.144e+1,1.470e-18,,2.689e-13,2.251e-3,,,,,,2.320e-18,,,,,,,,,,,,,,
787.23,1.221e+1,4.506e-3,1.805e-26,3.018e-43,2.774e-17,,,1.152e-18,5.166e-2,,6.975e-7,3.908e-20,2.322e-9,4.371e-14,5.748e-5,9.817e-30,3.437e-17,,,,4.740e-18,5.320e-23,1.138e-17,,2.178e-26,,,,1.534e-21,2.303e-16,1.243e-18,5.821e-27,,,,1.215e+1,1.469e-18,,3.461e-13,1.976e-3,,,,,,2.321e-18,,,,,,,,,,,,,,
787.26,1.331e+1,4.045e-3,1.802e-26,3.011e-43,2.774e-17,,,1.151e-18,5.393e-2,,4.958e-7,3.906e-20,2.533e-9,6.656e-14,4.640e-5,9.809e-30,3.434e-17,,,,4.740e-18,6.688e-23,1.138e-17,,2.177e-26,,,,1.534e-21,2.304e-16,1.244e-18,9.078e-27,,,,1.326e+1,1.468e-18,,5.042e-13,1.621e-3,,,,,,2.321e-18,,,,,,,,,,,,,,
787.28,1.409e+1,3.759e-3,1.801e-26,3.006e-43,2.775e-17,,,1.151e-18,5.542e-2,,3.943e-7,3.904e-20,2.680e-9,8.797e-14,4.016e-5,9.803e-30,3.432e-17,,,,4.741e-18,7.796e-23,1.138e-17,,2.177e-26,,,,1.534e-21,2.304e-16,1.245e-18,1.219e-26,,,,1.403e+1,1.468e-18,,6.469e-13,1.419e-3,,,,,,2.321e-18,,,,,,,,,,,,,,
787.31,1.530e+1,3.360e-3,1.798e-26,2.998e-43,2.775e-17,,,1.151e-18,5.759e-2,,2.789e-7,3.902e-20,2.909e-9,1.333e-13,3.227e-5,9.794e-30,3.429e-17,,,,4.741e-18,9.810e-23,1.138e-17,,2.176e-26,,,,1.533e-21,2.304e-16,1.247e-18,1.892e-26,,,,1.524e+1,1.467e-18,,9.380e-13,1.159e-3,,,,,,2.322e-18,,,,,,,,,,,,,,
787.33,1.614e+1,3.113e-3,1.796e-26,2.993e-43,2.776e-17,,,1.151e-18,5.900e-2,,2.211e-7,3.901e-20,3.069e-9,1.757e-13,2.785e-5,9.788e-30,3.427e-17,,,,4.742e-18,1.143e-22,1.138e-17,,2.176e-26,,,,1.533e-21,2.304e-16,1.248e-18,2.533e-26,,,,1.608e+1,1.466e-18,,1.200e-12,1.011e-3,,,,,,2.322e-18,,,,,,,,,,,,,,
787.36,1.745e+1,2.769e-3,1.793e-26,2.986e-43,2.776e-17,,,1.151e-18,6.103e-2,,1.557e-7,3.899e-20,3.317e-9,2.651e-13,2.228e-5,9.779e-30,3.423e-17,,,,4.742e-18,1.435e-22,1.137e-17,,2.175e-26,,,,1.533e-21,2.305e-16,1.249e-18,3.914e-26,,,,1.738e+1,1.465e-18,,1.732e-12,8.218e-4,,,,,,2.322e-18,,,,,,,,,,,,,,
787.38,1.835e+1,2.557e-3,1.792e-26,2.981e-43,2.776e-17,,,1.151e-18,6.233e-2,,1.231e-7,3.897e-20,3.488e-9,3.483e-13,1.916e-5,9.774e-30,3.421e-17,,,,4.743e-18,1.668e-22,1.137e-17,,2.175e-26,,,,1.532e-21,2.305e-16,1.250e-18,5.224e-26,,,,1.828e+1,1.465e-18,,2.209e-12,7.146e-4,,,,,,2.323e-18,,,,,,,,,,,,,,
787.41,1.974e+1,2.265e-3,1.789e-26,2.974e-43,2.777e-17,,,1.151e-18,6.419e-2,,8.626e-8,3.895e-20,3.752e-9,5.231e-13,1.526e-5,9.765e-30,3.418e-17,,,,4.743e-18,2.088e-22,1.137e-17,,2.175e-26,,,,1.532e-21,2.305e-16,1.251e-18,8.036e-26,,,,1.967e+1,1.464e-18,,3.174e-12,5.782e-4,,,,,,2.323e-18,,,,,,,,,,,,,,
787.43,2.070e+1,2.085e-3,1.787e-26,2.969e-43,2.777e-17,,,1.151e-18,6.535e-2,,6.796e-8,3.894e-20,3.933e-9,6.851e-13,1.309e-5,9.759e-30,3.416e-17,,,,4.744e-18,2.421e-22,1.137e-17,,2.174e-26,,,,1.532e-21,2.306e-16,1.252e-18,1.069e-25,,,,2.063e+1,1.463e-18,,4.035e-12,5.013e-4,,,,,,2.323e-18,,,,,,,,,,,,,,
787.46,2.217e+1,1.838e-3,1.785e-26,2.961e-43,2.778e-17,,,1.151e-18,6.699e-2,,4.742e-8,3.892e-20,4.212e-9,1.024e-12,1.037e-5,9.750e-30,3.413e-17,,,,4.744e-18,3.017e-22,1.137e-17,,2.174e-26,,,,1.532e-21,2.306e-16,1.254e-18,1.637e-25,,,,2.210e+1,1.462e-18,,5.771e-12,4.037e-4,,,,,,2.324e-18,,,,,,,,,,,,,,
787.48,2.317e+1,1.687e-3,1.783e-26,2.956e-43,2.778e-17,,,1.151e-18,6.800e-2,,3.724e-8,3.890e-20,4.402e-9,1.337e-12,8.866e-6,9.745e-30,3.411e-17,,,,4.744e-18,3.488e-22,1.137e-17,,2.173e-26,,,,1.531e-21,2.306e-16,1.255e-18,2.172e-25,,,,2.310e+1,1.462e-18,,7.315e-12,3.489e-4,,,,,,2.324e-18,,,,,,,,,,,,,,
787.51,2.470e+1,1.481e-3,1.780e-26,2.949e-43,2.779e-17,,,1.151e-18,6.939e-2,,2.586e-8,3.888e-20,4.692e-9,1.990e-12,6.993e-6,9.736e-30,3.408e-17,,,,4.745e-18,4.327e-22,1.136e-17,,2.173e-26,,,,1.531e-21,2.306e-16,1.256e-18,3.311e-25,,,,2.463e+1,1.461e-18,,1.041e-11,2.797e-4,,,,,,2.324e-18,,,,,,,,,,,,,,
787.53,2.574e+1,1.355e-3,1.778e-26,2.944e-43,2.779e-17,,,1.151e-18,7.023e-2,,2.025e-8,3.887e-20,4.889e-9,2.591e-12,5.961e-6,9.730e-30,3.406e-17,,,,4.745e-18,4.988e-22,1.136e-17,,2.173e-26,,,,1.531e-21,2.307e-16,1.257e-18,4.379e-25,,,,2.567e+1,1.460e-18,,1.316e-11,2.410e-4,,,,,,2.324e-18,,,,,,,,,,,,,,
787.56,2.732e+1,1.183e-3,1.776e-26,2.937e-43,2.779e-17,,,1.151e-18,7.134e-2,,1.400e-8,3.885e-20,5.187e-9,3.838e-12,4.680e-6,9.721e-30,3.402e-17,,,,4.746e-18,6.161e-22,1.136e-17,,2.172e-26,,,,1.530e-21,2.307e-16,1.259e-18,6.644e-25,,,,2.725e+1,1.459e-18,,1.865e-11,1.923e-4,,,,,,2.325e-18,,,,,,,,,,,,,,
787.58,2.838e+1,1.080e-3,1.774e-26,2.932e-43,2.780e-17,,,1.151e-18,7.198e-2,,1.092e-8,3.883e-20,5.387e-9,4.981e-12,3.977e-6,9.716e-30,3.400e-17,,,,4.746e-18,7.081e-22,1.136e-17,,2.172e-26,,,,1.530e-21,2.307e-16,1.260e-18,8.760e-25,,,,2.831e+1,1.459e-18,,2.349e-11,1.652e-4,,,,,,2.325e-18,,,,,,,,,,,,,,
787.6,2.945e+1,9.837e-4,1.772e-26,2.927e-43,2.780e-17,,,1.151e-18,7.255e-2,,8.516e-9,3.882e-20,5.589e-9,6.456e-12,3.375e-6,9.710e-30,3.398e-17,,,,4.747e-18,8.128e-22,1.136e-17,,2.171e-26,,,,1.530e-21,2.307e-16,1.261e-18,1.154e-24,,,,2.937e+1,1.458e-18,,2.956e-11,1.417e-4,,,,,,2.325e-18,,,,,,,,,,,,,,
787.63,3.105e+1,8.537e-4,1.769e-26,2.919e-43,2.780e-17,,,1.151e-18,7.324e-2,,5.848e-9,3.880e-20,5.892e-9,9.504e-12,2.633e-6,9.701e-30,3.395e-17,,,,4.747e-18,9.974e-22,1.135e-17,,2.171e-26,,,,1.530e-21,2.308e-16,1.262e-18,1.739e-24,,,,3.098e+1,1.457e-18,,4.163e-11,1.123e-4,,,,,,2.326e-18,,,,,,,,,,,,,,
787.65,3.212e+1,7.755e-4,1.768e-26,2.914e-43,2.781e-17,,,1.151e-18,7.359e-2,,4.545e-9,3.879e-20,6.093e-9,1.228e-11,2.227e-6,9.695e-30,3.393e-17,,,,4.748e-18,1.141e-21,1.135e-17,,2.170e-26,,,,1.529e-21,2.308e-16,1.263e-18,2.284e-24,,,,3.204e+1,1.457e-18,,5.222e-11,9.606e-5,,,,,,2.326e-18,,,,,,,,,,,,,,
787.68,3.371e+1,6.698e-4,1.765e-26,2.907e-43,2.781e-17,,,1.150e-18,7.397e-2,,3.107e-9,3.876e-20,6.394e-9,1.799e-11,1.730e-6,9.687e-30,3.390e-17,,,,4.748e-18,1.394e-21,1.135e-17,,2.170e-26,,,,1.529e-21,2.308e-16,1.264e-18,3.427e-24,,,,3.364e+1,1.456e-18,,7.319e-11,7.580e-5,,,,,,2.326e-18,,,,,,,,,,,,,,
787.7,3.476e+1,6.066e-4,1.763e-26,2.902e-43,2.782e-17,,,1.150e-18,7.411e-2,,2.407e-9,3.875e-20,6.592e-9,2.318e-11,1.459e-6,9.681e-30,3.388e-17,,,,4.749e-18,1.591e-21,1.135e-17,,2.170e-26,,,,1.529e-21,2.308e-16,1.265e-18,4.486e-24,,,,3.469e+1,1.455e-18,,9.153e-11,6.462e-5,,,,,,2.326e-18,,,,,,,,,,,,,,
787.73,3.632e+1,5.215e-4,1.760e-26,2.895e-43,2.782e-17,,,1.150e-18,7.417e-2,,1.637e-9,3.873e-20,6.886e-9,3.381e-11,1.127e-6,9.672e-30,3.384e-17,,,,4.749e-18,1.934e-21,1.135e-17,,2.169e-26,,,,1.528e-21,2.309e-16,1.267e-18,6.702e-24,,,,3.624e+1,1.454e-18,,1.277e-10,5.075e-5,,,,,,2.327e-18,,,,,,,,,,,,,,
787.75,3.734e+1,4.708e-4,1.759e-26,2.890e-43,2.782e-17,,,1.150e-18,7.410e-2,,1.265e-9,3.872e-20,7.078e-9,4.342e-11,9.481e-7,9.666e-30,3.382e-17,,,,4.749e-18,2.200e-21,1.135e-17,,2.169e-26,,,,1.528e-21,2.309e-16,1.268e-18,8.746e-24,,,,3.726e+1,1.454e-18,,1.592e-10,4.313e-5,,,,,,2.327e-18,,,,,,,,,,,,,,
787.78,3.883e+1,4.030e-4,1.756e-26,2.882e-43,2.783e-17,,,1.150e-18,7.384e-2,,8.564e-10,3.869e-20,7.359e-9,6.306e-11,7.294e-7,9.657e-30,3.379e-17,,,,4.750e-18,2.663e-21,1.134e-17,,2.168e-26,,,,1.528e-21,2.309e-16,1.269e-18,1.301e-23,,,,3.875e+1,1.453e-18,,2.212e-10,3.372e-5,,,,,,2.327e-18,,,,,,,,,,,,,,
787.8,3.979e+1,3.627e-4,1.754e-26,2.877e-43,2.783e-17,,,1.150e-18,7.357e-2,,6.594e-10,3.868e-20,7.541e-9,8.073e-11,6.114e-7,9.652e-30,3.377e-17,,,,4.750e-18,3.020e-21,1.134e-17,,2.168e-26,,,,1.528e-21,2.309e-16,1.270e-18,1.692e-23,,,,3.972e+1,1.452e-18,,2.749e-10,2.857e-5,,,,,,2.328e-18,,,,,,,,,,,,,,
787.83,4.119e+1,3.089e-4,1.751e-26,2.870e-43,2.784e-17,,,1.150e-18,7.302e-2,,4.445e-10,3.866e-20,7.804e-9,1.167e-10,4.683e-7,9.643e-30,3.374e-17,,,,4.751e-18,3.638e-21,1.134e-17,,2.167e-26,,,,1.527e-21,2.310e-16,1.272e-18,2.505e-23,,,,4.112e+1,1.451e-18,,3.801e-10,2.223e-5,,,,,,2.328e-18,,,,,,,,,,,,,,
787.85,4.209e+1,2.772e-4,1.750e-26,2.865e-43,2.784e-17,,,1.150e-18,7.256e-2,,3.412e-10,3.865e-20,7.972e-9,1.490e-10,3.914e-7,9.637e-30,3.372e-17,,,,4.751e-18,4.113e-21,1.134e-17,,2.167e-26,,,,1.527e-21,2.310e-16,1.273e-18,3.249e-23,,,,4.202e+1,1.451e-18,,4.710e-10,1.878e-5,,,,,,2.328e-18,,,,,,,,,,,,,,
787.88,4.337e+1,2.351e-4,1.747e-26,2.858e-43,2.785e-17,,,1.150e-18,7.174e-2,,2.289e-10,3.862e-20,8.212e-9,2.143e-10,2.984e-7,9.628e-30,3.369e-17,,,,4.752e-18,4.932e-21,1.134e-17,,2.167e-26,,,,1.527e-21,2.310e-16,1.274e-18,4.789e-23,,,,4.330e+1,1.450e-18,,6.482e-10,1.454e-5,,,,,,2.329e-18,,,,,,,,,,,,,,
787.9,4.418e+1,2.102e-4,1.745e-26,2.853e-43,2.785e-17,,,1.150e-18,7.111e-2,,1.751e-10,3.861e-20,8.364e-9,2.727e-10,2.487e-7,9.623e-30,3.367e-17,,,,4.752e-18,5.558e-21,1.134e-17,,2.166e-26,,,,1.526e-21,2.311e-16,1.275e-18,6.192e-23,,,,4.410e+1,1.449e-18,,8.007e-10,1.224e-5,,,,,,2.329e-18,,,,,,,,,,,,,,
787.93,4.531e+1,1.775e-4,1.743e-26,2.845e-43,2.785e-17,,,1.150e-18,7.005e-2,,1.170e-10,3.859e-20,8.576e-9,3.906e-10,1.889e-7,9.614e-30,3.363e-17,,,,4.753e-18,6.635e-21,1.133e-17,,2.166e-26,,,,1.526e-21,2.311e-16,1.277e-18,9.084e-23,,,,4.524e+1,1.448e-18,,1.097e-9,9.439e-6,,,,,,2.329e-18,,,,,,,,,,,,,,
787.95,4.601e+1,1.582e-4,1.741e-26,2.840e-43,2.786e-17,,,1.150e-18,6.927e-2,,8.921e-11,3.858e-20,8.708e-9,4.956e-10,1.571e-7,9.608e-30,3.361e-17,,,,4.753e-18,7.455e-21,1.133e-17,,2.165e-26,,,,1.526e-21,2.311e-16,1.277e-18,1.171e-22,,,,4.594e+1,1.448e-18,,1.351e-9,7.924e-6,,,,,,2.329e-18,,,,,,,,,,,,,,
787.98,4.697e+1,1.329e-4,1.738e-26,2.833e-43,2.786e-17,,,1.150e-18,6.801e-2,,5.930e-11,3.856e-20,8.888e-9,7.065e-10,1.189e-7,9.599e-30,3.358e-17,,,,4.754e-18,8.859e-21,1.133e-17,,2.165e-26,,,,1.525e-21,2.311e-16,1.279e-18,1.710e-22,,,,4.691e+1,1.447e-18,,1.842e-9,6.080e-6,,,,,,2.330e-18,,,,,,,,,,,,,,
788,4.755e+1,1.182e-4,1.736e-26,2.828e-43,2.787e-17,,,1.150e-18,6.711e-2,,4.509e-11,3.854e-20,8.996e-9,8.936e-10,9.878e-8,9.594e-30,3.356e-17,,,,4.754e-18,9.923e-21,1.133e-17,,2.164e-26,,,,1.525e-21,2.312e-16,1.280e-18,2.198e-22,,,,4.749e+1,1.446e-18,,2.262e-9,5.088e-6,,,,,,2.330e-18,,,,,,,,,,,,,,
788.02,4.808e+1,1.049e-4,1.734e-26,2.823e-43,2.787e-17,,,1.150e-18,6.618e-2,,3.425e-11,3.853e-20,9.095e-9,1.129e-9,8.204e-8,9.588e-30,3.354e-17,,,,4.754e-18,1.110e-20,1.133e-17,,2.164e-26,,,,1.525e-21,2.312e-16,1.281e-18,2.822e-22,,,,4.802e+1,1.446e-18,,2.774e-9,4.252e-6,,,,,,2.330e-18,,,,,,,,,,,,,,
788.05,4.877e+1,8.758e-5,1.732e-26,2.816e-43,2.787e-17,,,1.150e-18,6.472e-2,,2.262e-11,3.851e-20,9.223e-9,1.599e-9,6.221e-8,9.579e-30,3.351e-17,,,,4.755e-18,1.311e-20,1.133e-17,,2.164e-26,,,,1.525e-21,2.312e-16,1.282e-18,4.094e-22,,,,4.871e+1,1.445e-18,,3.759e-9,3.242e-6,,,,,,2.331e-18,,,,,,,,,,,,,,
788.07,4.916e+1,7.752e-5,1.730e-26,2.811e-43,2.788e-17,,,1.150e-18,6.372e-2,,1.712e-11,3.849e-20,9.296e-9,2.014e-9,5.186e-8,9.573e-30,3.349e-17,,,,4.755e-18,1.462e-20,1.132e-17,,2.163e-26,,,,1.524e-21,2.312e-16,1.283e-18,5.240e-22,,,,4.910e+1,1.444e-18,,4.596e-9,2.701e-6,,,,,,2.331e-18,,,,,,,,,,,,,,
788.1,4.964e+1,6.441e-5,1.727e-26,2.803e-43,2.788e-17,,,1.150e-18,6.219e-2,,1.126e-11,3.847e-20,9.383e-9,2.840e-9,3.977e-8,9.564e-30,3.346e-17,,,,4.756e-18,1.718e-20,1.132e-17,,2.163e-26,,,,1.524e-21,2.313e-16,1.285e-18,7.569e-22,,,,4.958e+1,1.443e-18,,6.199e-9,2.049e-6,,,,,,2.331e-18,,,,,,,,,,,,,,
788.12,4.988e+1,5.683e-5,1.726e-26,2.798e-43,2.788e-17,,,1.149e-18,6.115e-2,,8.496e-12,3.846e-20,9.428e-9,3.566e-9,3.360e-8,9.559e-30,3.343e-17,,,,4.756e-18,1.910e-20,1.132e-17,,2.162e-26,,,,1.524e-21,2.313e-16,1.286e-18,9.657e-22,,,,4.982e+1,1.443e-18,,7.556e-9,1.702e-6,,,,,,2.332e-18,,,,,,,,,,,,,,
788.15,5.014e+1,4.700e-5,1.723e-26,2.791e-43,2.789e-17,,,1.149e-18,5.960e-2,,5.558e-12,3.844e-20,9.473e-9,5.006e-9,2.664e-8,9.550e-30,3.340e-17,,,,4.757e-18,2.235e-20,1.132e-17,,2.162e-26,,,,1.524e-21,2.313e-16,1.287e-18,1.389e-21,,,,5.008e+1,1.442e-18,,1.015e-8,1.286e-6,,,,,,2.332e-18,,,,,,,,,,,,,,
788.17,5.023e+1,4.135e-5,1.721e-26,2.786e-43,2.789e-17,,,1.149e-18,5.857e-2,,4.182e-12,3.842e-20,9.489e-9,6.266e-9,2.328e-8,9.544e-30,3.338e-17,,,,4.757e-18,2.477e-20,1.132e-17,,2.162e-26,,,,1.523e-21,2.313e-16,1.288e-18,1.766e-21,,,,5.017e+1,1.441e-18,,1.233e-8,1.065e-6,,,,,,2.332e-18,,,,,,,,,,,,,,
788.2,5.025e+1,3.403e-5,1.718e-26,2.779e-43,2.790e-17,,,1.149e-18,5.706e-2,,2.723e-12,3.840e-20,9.491e-9,8.755e-9,1.985e-8,9.535e-30,3.335e-17,,,,4.758e-18,2.885e-20,1.131e-17,,2.161e-26,,,,1.523e-21,2.314e-16,1.290e-18,2.528e-21,,,,5.019e+1,1.440e-18,,1.648e-8,8.003e-7,,,,,,2.333e-18,,,,,,,,,,,,,,
788.22,5.019e+1,2.985e-5,1.717e-26,2.774e-43,2.790e-17,,,1.149e-18,5.608e-2,,2.043e-12,3.839e-20,9.478e-9,1.093e-8,1.849e-8,9.530e-30,3.333e-17,,,,4.758e-18,3.188e-20,1.131e-17,,2.161e-26,,,,1.523e-21,2.314e-16,1.291e-18,3.206e-21,,,,5.013e+1,1.440e-18,,1.996e-8,6.606e-7,,,,,,2.333e-18,,,,,,,,,,,,,,
788.25,4.998e+1,2.445e-5,1.714e-26,2.766e-43,2.791e-17,,,1.149e-18,5.468e-2,,1.324e-12,3.837e-20,9.436e-9,1.520e-8,1.772e-8,9.521e-30,3.330e-17,,,,4.759e-18,3.695e-20,1.131e-17,,2.160e-26,,,,1.522e-21,2.314e-16,1.292e-18,4.568e-21,,,,4.992e+1,1.439e-18,,2.656e-8,4.943e-7,,,,,,2.333e-18,,,,,,,,,,,,,,
788.27,4.976e+1,2.138e-5,1.712e-26,2.761e-43,2.791e-17,,,1.149e-18,5.379e-2,,9.902e-13,3.835e-20,9.394e-9,1.891e-8,1.799e-8,9.515e-30,3.328e-17,,,,4.759e-18,4.071e-20,1.131e-17,,2.160e-26,,,,1.522e-21,2.315e-16,1.293e-18,5.776e-21,,,,4.971e+1,1.438e-18,,3.207e-8,4.068e-7,,,,,,2.333e-18,,,,,,,,,,,,,,
788.3,4.933e+1,1.744e-5,1.709e-26,2.754e-43,2.791e-17,,,1.149e-18,5.254e-2,,6.388e-13,3.833e-20,9.310e-9,2.618e-8,1.955e-8,9.506e-30,3.324e-17,,,,4.760e-18,4.697e-20,1.131e-17,,2.159e-26,,,,1.522e-21,2.315e-16,1.294e-18,8.192e-21,,,,4.927e+1,1.437e-18,,4.247e-8,3.030e-7,,,,,,2.334e-18,,,,,,,,,,,,,,
788.32,4.896e+1,1.520e-5,1.708e-26,2.749e-43,2.792e-17,,,1.149e-18,5.178e-2,,4.762e-13,3.832e-20,9.240e-9,3.247e-8,2.139e-8,9.501e-30,3.322e-17,,,,4.760e-18,5.159e-20,1.131e-17,,2.159e-26,,,,1.522e-21,2.315e-16,1.295e-18,1.033e-20,,,,4.891e+1,1.437e-18,,5.114e-8,2.485e-7,,,,,,2.334e-18,,,,,,,,,,,,,,
788.35,4.831e+1,1.234e-5,1.705e-26,2.742e-43,2.792e-17,,,1.149e-18,5.076e-2,,3.058e-13,3.830e-20,9.115e-9,4.475e-8,2.542e-8,9.492e-30,3.319e-17,,,,4.760e-18,5.925e-20,1.130e-17,,2.158e-26,,,,1.521e-21,2.315e-16,1.297e-18,1.458e-20,,,,4.826e+1,1.436e-18,,6.742e-8,1.843e-7,,,,,,2.334e-18,,,,,,,,,,,,,,
788.37,4.781e+1,1.072e-5,1.703e-26,2.737e-43,2.793e-17,,,1.149e-18,5.016e-2,,2.273e-13,3.828e-20,9.019e-9,5.534e-8,2.904e-8,9.486e-30,3.317e-17,,,,4.761e-18,6.488e-20,1.130e-17,,2.158e-26,,,,1.521e-21,2.316e-16,1.298e-18,1.832e-20,,,,4.776e+1,1.435e-18,,8.093e-8,1.507e-7,,,,,,2.335e-18,,,,,,,,,,,,,,
788.39,4.725e+1,9.301e-6,1.701e-26,2.732e-43,2.793e-17,,,1.149e-18,4.964e-2,,1.687e-13,3.827e-20,8.913e-9,6.835e-8,3.351e-8,9.480e-30,3.315e-17,,,,4.761e-18,7.096e-20,1.130e-17,,2.158e-26,,,,1.521e-21,2.316e-16,1.299e-18,2.300e-20,,,,4.720e+1,1.435e-18,,9.703e-8,1.231e-7,,,,,,2.335e-18,,,,,,,,,,,,,,
788.42,4.632e+1,7.502e-6,1.699e-26,2.724e-43,2.793e-17,,,1.149e-18,4.901e-2,,1.076e-13,3.825e-20,8.737e-9,9.360e-8,4.203e-8,9.472e-30,3.312e-17,,,,4.762e-18,8.097e-20,1.130e-17,,2.157e-26,,,,1.520e-21,2.316e-16,1.300e-18,3.226e-20,,,,4.627e+1,1.434e-18,,1.271e-7,9.065e-8,,,,,,2.335e-18,,,,,,,,,,,,,,
788.44,4.564e+1,6.490e-6,1.697e-26,2.720e-43,2.794e-17,,,1.149e-18,4.871e-2,,7.964e-14,3.823e-20,8.608e-9,1.152e-7,4.912e-8,9.466e-30,3.310e-17,,,,4.762e-18,8.829e-20,1.130e-17,,2.157e-26,,,,1.520e-21,2.316e-16,1.301e-18,4.037e-20,,,,4.560e+1,1.433e-18,,1.519e-7,7.382e-8,,,,,,2.335e-18,,,,,,,,,,,,,,
788.47,4.454e+1,5.210e-6,1.694e-26,2.712e-43,2.794e-17,,,1.149e-18,4.842e-2,,5.057e-14,3.821e-20,8.399e-9,1.571e-7,6.228e-8,9.457e-30,3.307e-17,,,,4.763e-18,1.003e-19,1.130e-17,,2.156e-26,,,,1.520e-21,2.317e-16,1.303e-18,5.638e-20,,,,4.449e+1,1.432e-18,,1.981e-7,5.411e-8,,,,,,2.336e-18,,,,,,,,,,,,,,
788.49,4.375e+1,4.493e-6,1.692e-26,2.707e-43,2.795e-17,,,1.149e-18,4.836e-2,,3.730e-14,3.820e-20,8.250e-9,1.929e-7,7.304e-8,9.451e-30,3.304e-17,,,,4.763e-18,1.090e-19,1.129e-17,,2.156e-26,,,,1.520e-21,2.317e-16,1.304e-18,7.033e-20,,,,4.371e+1,1.432e-18,,2.360e-7,4.393e-8,,,,,,2.336e-18,,,,,,,,,,,,,,
788.52,4.250e+1,3.590e-6,1.690e-26,2.700e-43,2.795e-17,,,1.149e-18,4.845e-2,,2.358e-14,3.818e-20,8.013e-9,2.617e-7,9.276e-8,9.442e-30,3.301e-17,,,,4.764e-18,1.232e-19,1.129e-17,,2.156e-26,,,,1.519e-21,2.317e-16,1.305e-18,9.778e-20,,,,4.245e+1,1.431e-18,,3.063e-7,3.205e-8,,,,,,2.336e-18,,,,,,,,,,,,,,
788.54,4.162e+1,3.087e-6,1.688e-26,2.695e-43,2.795e-17,,,1.149e-18,4.865e-2,,1.734e-14,3.816e-20,7.847e-9,3.203e-7,1.087e-7,9.437e-30,3.299e-17,,,,4.764e-18,1.336e-19,1.129e-17,,2.155e-26,,,,1.519e-21,2.317e-16,1.306e-18,1.216e-19,,,,4.157e+1,1.430e-18,,3.639e-7,2.594e-8,,,,,,2.337e-18,,,,,,,,,,,,,,
788.57,4.024e+1,2.455e-6,1.685e-26,2.687e-43,2.796e-17,,,1.148e-18,4.916e-2,,1.091e-14,3.814e-20,7.587e-9,4.326e-7,1.378e-7,9.428e-30,3.296e-17,,,,4.765e-18,1.503e-19,1.129e-17,,2.155e-26,,,,1.519e-21,2.318e-16,1.307e-18,1.683e-19,,,,4.019e+1,1.429e-18,,4.702e-7,1.884e-8,,,,,,2.337e-18,,,,,,,,,,,,,,
788.59,3.929e+1,2.104e-6,1.684e-26,2.683e-43,2.796e-17,,,1.148e-18,4.965e-2,,7.996e-15,3.813e-20,7.408e-9,5.278e-7,1.611e-7,9.422e-30,3.294e-17,,,,4.765e-18,1.624e-19,1.129e-17,,2.154e-26,,,,1.518e-21,2.318e-16,1.308e-18,2.087e-19,,,,3.924e+1,1.429e-18,,5.569e-7,1.520e-8,,,,,,2.337e-18,,,,,,,,,,,,,,
788.62,3.781e+1,1.666e-6,1.681e-26,2.675e-43,2.797e-17,,,1.148e-18,5.059e-2,,4.182e-15,3.811e-20,7.131e-9,7.097e-7,2.034e-7,9.413e-30,3.291e-17,,,,4.765e-18,1.819e-19,1.129e-17,,2.154e-26,,,,1.518e-21,2.318e-16,1.310e-18,2.875e-19,,,,3.776e+1,1.428e-18,,7.161e-7,1.099e-8,,,,,,2.338e-18,,,,,,,,,,,,,,
788.64,3.681e+1,1.424e-6,1.679e-26,2.670e-43,2.797e-17,,,1.148e-18,5.137e-2,,3.059e-15,3.809e-20,6.942e-9,8.632e-7,2.373e-7,9.408e-30,3.289e-17,,,,4.766e-18,1.959e-19,1.128e-17,,2.153e-26,,,,1.518e-21,2.318e-16,1.311e-18,3.554e-19,,,,3.675e+1,1.427e-18,,8.456e-7,8.836e-9,,,,,,2.338e-18,,,,,,,,,,,,,,
788.67,3.526e+1,1.122e-6,1.676e-26,2.663e-43,2.797e-17,,,1.148e-18,5.276e-2,,1.909e-15,3.807e-20,6.652e-9,1.155e-6,2.984e-7,9.399e-30,3.285e-17,,,,4.766e-18,2.185e-19,1.128e-17,,2.153e-26,,,,1.517e-21,2.319e-16,1.312e-18,4.873e-19,,,,3.521e+1,1.426e-18,,1.083e-6,6.358e-9,,,,,,2.338e-18,,,,,,,,,,,,,,
788.69,3.422e+1,9.556e-7,1.675e-26,2.658e-43,2.798e-17,,,1.148e-18,5.384e-2,,1.909e-15,3.806e-20,6.457e-9,1.401e-6,3.470e-7,9.393e-30,3.283e-17,,,,4.767e-18,2.346e-19,1.128e-17,,2.153e-26,,,,1.517e-21,2.319e-16,1.313e-18,6.006e-19,,,,3.416e+1,1.426e-18,,1.274e-6,5.098e-9,,,,,,2.338e-18,,,,,,,,,,,,,,
788.72,3.263e+1,7.496e-7,1.672e-26,2.650e-43,2.798e-17,,,1.148e-18,5.568e-2,,1.910e-15,3.804e-20,6.161e-9,1.867e-6,4.344e-7,9.384e-30,3.280e-17,,,,4.767e-18,2.605e-19,1.128e-17,,2.152e-26,,,,1.517e-21,2.319e-16,1.315e-18,8.199e-19,,,,3.258e+1,1.425e-18,,1.624e-6,3.651e-9,,,,,,2.339e-18,,,,,,,,,,,,,,
788.74,3.157e+1,6.365e-7,1.670e-26,2.645e-43,2.799e-17,,,1.148e-18,5.706e-2,,1.910e-15,3.802e-20,5.963e-9,2.257e-6,5.037e-7,9.379e-30,3.278e-17,,,,4.768e-18,2.788e-19,1.128e-17,,2.152e-26,,,,1.517e-21,2.320e-16,1.316e-18,1.007e-18,,,,3.151e+1,1.424e-18,,1.906e-6,2.918e-9,,,,,,2.339e-18,,,,,,,,,,,,,,
788.76,3.050e+1,5.399e-7,1.668e-26,2.641e-43,2.799e-17,,,1.148e-18,5.855e-2,,1.911e-15,3.801e-20,5.765e-9,2.725e-6,5.834e-7,9.373e-30,3.276e-17,,,,4.768e-18,2.981e-19,1.128e-17,,2.151e-26,,,,1.516e-21,2.320e-16,1.317e-18,1.236e-18,,,,3.044e+1,1.424e-18,,2.234e-6,2.329e-9,,,,,,2.339e-18,,,,,,,,,,,,,,
788.79,2.890e+1,4.207e-7,1.666e-26,2.633e-43,2.799e-17,,,1.148e-18,6.101e-2,,1.911e-15,3.799e-20,5.468e-9,3.608e-6,7.256e-7,9.364e-30,3.273e-17,,,,4.769e-18,3.288e-19,1.127e-17,,2.151e-26,,,,1.516e-21,2.320e-16,1.318e-18,1.677e-18,,,,2.884e+1,1.423e-18,,2.828e-6,1.658e-9,,,,,,2.340e-18,,,,,,,,,,,,,,
788.81,2.784e+1,3.557e-7,1.664e-26,2.628e-43,2.800e-17,,,1.148e-18,6.278e-2,,1.912e-15,3.797e-20,5.272e-9,4.343e-6,8.379e-7,9.358e-30,3.271e-17,,,,4.769e-18,3.504e-19,1.127e-17,,2.151e-26,,,,1.516e-21,2.320e-16,1.319e-18,2.052e-18,,,,2.778e+1,1.422e-18,,3.305e-6,1.319e-9,,,,,,2.340e-18,,,,,,,,,,,,,,
788.84,2.626e+1,2.759e-7,1.661e-26,2.621e-43,2.800e-17,,,1.148e-18,6.565e-2,,1.912e-15,3.795e-20,4.982e-9,5.723e-6,1.037e-6,9.349e-30,3.268e-17,,,,4.769e-18,3.847e-19,1.127e-17,,2.150e-26,,,,1.516e-21,2.321e-16,1.320e-18,2.770e-18,,,,2.619e+1,1.421e-18,,4.166e-6,9.343e-10,,,,,,2.340e-18,,,,,,,,,,,,,,
788.86,2.522e+1,2.326e-7,1.659e-26,2.616e-43,2.801e-17,,,1.148e-18,6.768e-2,,1.913e-15,3.794e-20,4.791e-9,6.869e-6,1.194e-6,9.344e-30,3.265e-17,,,,4.770e-18,4.088e-19,1.127e-17,,2.150e-26,,,,1.515e-21,2.321e-16,1.321e-18,3.379e-18,,,,2.515e+1,1.421e-18,,4.853e-6,7.412e-10,,,,,,2.341e-18,,,,,,,,,,,,,,
788.89,2.368e+1,1.796e-7,1.657e-26,2.608e-43,2.801e-17,,,1.148e-18,7.091e-2,,1.913e-15,3.792e-20,4.510e-9,9.010e-6,1.472e-6,9.335e-30,3.262e-17,,,,4.770e-18,4.467e-19,1.127e-17,,2.149e-26,,,,1.515e-21,2.321e-16,1.323e-18,4.542e-18,,,,2.361e+1,1.420e-18,,6.088e-6,5.225e-10,,,,,,2.341e-18,,,,,,,,,,,,,,
788.91,2.267e+1,1.509e-7,1.655e-26,2.604e-43,2.801e-17,,,1.148e-18,7.318e-2,,1.914e-15,3.790e-20,4.327e-9,1.078e-5,1.689e-6,9.329e-30,3.260e-17,,,,4.771e-18,4.732e-19,1.127e-17,,2.149e-26,,,,1.515e-21,2.321e-16,1.324e-18,5.523e-18,,,,2.260e+1,1.419e-18,,7.072e-6,4.132e-10,,,,,,2.341e-18,,,,,,,,,,,,,,
788.94,2.119e+1,1.160e-7,1.652e-26,2.596e-43,2.802e-17,,,1.148e-18,7.674e-2,,1.914e-15,3.788e-20,4.059e-9,1.408e-5,2.072e-6,9.320e-30,3.257e-17,,,,4.771e-18,5.148e-19,1.126e-17,,2.148e-26,,,,1.514e-21,2.322e-16,1.325e-18,7.390e-18,,,,2.112e+1,1.418e-18,,8.831e-6,2.900e-10,,,,,,2.342e-18,,,,,,,,,,,,,,
788.96,2.023e+1,9.715e-8,1.650e-26,2.591e-43,2.802e-17,,,1.148e-18,7.920e-2,,1.915e-15,3.787e-20,3.887e-9,1.679e-5,2.371e-6,9.315e-30,3.255e-17,,,,4.772e-18,5.437e-19,1.126e-17,,2.148e-26,,,,1.514e-21,2.322e-16,1.326e-18,8.959e-18,,,,2.015e+1,1.418e-18,,1.023e-5,2.286e-10,,,,,,2.342e-18,,,,,,,,,,,,,,
788.99,1.882e+1,7.431e-8,1.648e-26,2.584e-43,2.803e-17,,,1.147e-18,8.302e-2,,1.915e-15,3.785e-20,3.636e-9,2.183e-5,2.895e-6,9.306e-30,3.252e-17,,,,4.772e-18,5.887e-19,1.126e-17,,2.147e-26,,,,1.514e-21,2.322e-16,1.328e-18,1.193e-17,,,,1.874e+1,1.417e-18,,1.271e-5,1.597e-10,,,,,,2.342e-18,,,,,,,,,,,,,,
789.01,1.791e+1,6.206e-8,1.646e-26,2.579e-43,2.803e-17,,,1.147e-18,8.564e-2,,1.916e-15,3.784e-20,3.476e-9,2.596e-5,3.303e-6,9.300e-30,3.250e-17,,,,4.773e-18,6.198e-19,1.126e-17,,2.147e-26,,,,1.514e-21,2.322e-16,1.329e-18,1.442e-17,,,,1.783e+1,1.416e-18,,1.468e-5,1.255e-10,,,,,,2.342e-18,,,,,,,,,,,,,,
789.04,1.659e+1,4.725e-8,1.643e-26,2.571e-43,2.804e-17,,,1.147e-18,8.965e-2,,1.916e-15,3.781e-20,3.246e-9,3.359e-5,4.014e-6,9.291e-30,3.246e-17,,,,4.773e-18,6.681e-19,1.126e-17,,2.147e-26,,,,1.513e-21,2.323e-16,1.330e-18,1.912e-17,,,,1.650e+1,1.415e-18,,1.816e-5,8.725e-11,,,,,,2.343e-18,,,,,,,,,,,,,,
789.06,1.575e+1,3.934e-8,1.641e-26,2.567e-43,2.804e-17,,,1.147e-18,9.237e-2,,1.917e-15,3.780e-20,3.099e-9,3.982e-5,4.565e-6,9.286e-30,3.244e-17,,,,4.774e-18,7.012e-19,1.125e-17,,2.146e-26,,,,1.513e-21,2.323e-16,1.331e-18,2.304e-17,,,,1.565e+1,1.415e-18,,2.090e-5,6.836e-11,,,,,,2.343e-18,,,,,,,,,,,,,,
789.09,1.452e+1,2.982e-8,1.639e-26,2.559e-43,2.804e-17,,,1.147e-18,9.651e-2,,1.917e-15,3.778e-20,2.891e-9,5.129e-5,5.524e-6,9.277e-30,3.241e-17,,,,4.774e-18,7.524e-19,1.125e-17,,2.146e-26,,,,1.513e-21,2.323e-16,1.333e-18,3.041e-17,,,,1.442e+1,1.414e-18,,2.574e-5,4.731e-11,,,,,,2.343e-18,,,,,,,,,,,,,,
789.11,1.374e+1,2.475e-8,1.637e-26,2.554e-43,2.805e-17,,,1.147e-18,9.928e-2,,1.918e-15,3.777e-20,2.760e-9,6.062e-5,6.263e-6,9.271e-30,3.239e-17,,,,4.774e-18,7.873e-19,1.125e-17,,2.145e-26,,,,1.512e-21,2.323e-16,1.333e-18,3.654e-17,,,,1.364e+1,1.413e-18,,2.954e-5,3.695e-11,,,,,,2.344e-18,,,,,,,,,,,,,,
789.13,1.298e+1,2.051e-8,1.635e-26,2.549e-43,2.805e-17,,,1.147e-18,1.021e-1,,1.918e-15,3.775e-20,2.635e-9,7.156e-5,7.092e-6,9.265e-30,3.237e-17,,,,4.775e-18,8.228e-19,1.125e-17,,2.145e-26,,,,1.512e-21,2.324e-16,1.334e-18,4.384e-17,,,,1.288e+1,1.413e-18,,3.385e-5,2.883e-11,,,,,,2.344e-18,,,,,,,,,,,,,,
789.16,1.190e+1,1.545e-8,1.633e-26,2.542e-43,2.805e-17,,,1.147e-18,1.062e-1,,1.919e-15,3.773e-20,2.461e-9,9.158e-5,8.527e-6,9.257e-30,3.234e-17,,,,4.775e-18,8.772e-19,1.125e-17,,2.145e-26,,,,1.512e-21,2.324e-16,1.336e-18,5.749e-17,,,,1.179e+1,1.412e-18,,4.143e-5,1.982e-11,,,,,,2.344e-18,,,,,,,,,,,,,,
789.18,1.121e+1,1.276e-8,1.631e-26,2.537e-43,2.806e-17,,,1.147e-18,1.090e-1,,1.919e-15,3.772e-20,2.352e-9,1.078e-4,9.626e-6,9.251e-30,3.232e-17,,,,4.776e-18,9.140e-19,1.125e-17,,2.144e-26,,,,1.512e-21,2.324e-16,1.337e-18,6.878e-17,,,,1.110e+1,1.411e-18,,4.733e-5,1.541e-11,,,,,,2.344e-18,,,,,,,,,,,,,,
789.21,1.023e+1,9.566e-9,1.628e-26,2.529e-43,2.806e-17,,,1.147e-18,1.130e-1,,1.920e-15,3.770e-20,2.203e-9,1.373e-4,1.152e-5,9.242e-30,3.229e-17,,,,4.776e-18,9.698e-19,1.124e-17,,2.144e-26,,,,1.511e-21,2.325e-16,1.338e-18,8.979e-17,,,,1.012e+1,1.410e-18,,5.767e-5,1.055e-11,,,,,,2.345e-18,,,,,,,,,,,,,,
789.23,9.611e+0,7.881e-9,1.626e-26,2.525e-43,2.807e-17,,,1.147e-18,1.157e-1,,1.920e-15,3.768e-20,2.112e-9,1.611e-4,1.297e-5,9.236e-30,3.226e-17,,,,4.777e-18,1.007e-18,1.124e-17,,2.143e-26,,,,1.511e-21,2.325e-16,1.339e-18,1.071e-16,,,,9.495e+0,1.410e-18,,6.568e-5,8.177e-12,,,,,,2.345e-18,,,,,,,,,,,,,,
789.26,8.733e+0,5.879e-9,1.624e-26,2.517e-43,2.807e-17,,,1.147e-18,1.196e-1,,1.921e-15,3.766e-20,1.988e-9,2.043e-4,1.545e-5,9.227e-30,3.223e-17,,,,4.777e-18,1.064e-18,1.124e-17,,2.143e-26,,,,1.511e-21,2.325e-16,1.341e-18,1.392e-16,,,,8.613e+0,1.409e-18,,7.965e-5,5.570e-12,,,,,,2.345e-18,,,,,,,,,,,,,,
789.28,8.181e+0,4.829e-9,1.622e-26,2.512e-43,2.807e-17,,,1.147e-18,1.221e-1,,1.921e-15,3.765e-20,1.914e-9,2.390e-4,1.733e-5,9.222e-30,3.221e-17,,,,4.778e-18,1.102e-18,1.124e-17,,2.142e-26,,,,1.510e-21,2.325e-16,1.342e-18,1.655e-16,,,,8.059e+0,1.408e-18,,9.045e-5,4.305e-12,,,,,,2.346e-18,,,,,,,,,,,,,,
789.31,7.403e+0,3.585e-9,1.619e-26,2.505e-43,2.808e-17,,,1.147e-18,1.257e-1,,1.922e-15,3.763e-20,1.816e-9,3.017e-4,2.055e-5,9.213e-30,3.218e-17,,,,4.778e-18,1.159e-18,1.124e-17,,2.142e-26,,,,1.510e-21,2.326e-16,1.343e-18,2.140e-16,,,,7.277e+0,1.407e-18,,1.092e-4,2.918e-12,,,,,,2.346e-18,,,,,,,,,,,,,,
789.33,6.916e+0,2.936e-9,1.617e-26,2.500e-43,2.808e-17,,,1.147e-18,1.280e-1,,1.922e-15,3.761e-20,1.760e-9,3.518e-4,2.299e-5,9.207e-30,3.216e-17,,,,4.778e-18,1.196e-18,1.124e-17,,2.142e-26,,,,1.510e-21,2.326e-16,1.344e-18,2.537e-16,,,,6.788e+0,1.407e-18,,1.236e-4,2.249e-12,,,,,,2.346e-18,,,,,,,,,,,,,,
789.36,6.233e+0,2.170e-9,1.615e-26,2.492e-43,2.809e-17,,,1.147e-18,1.312e-1,,1.923e-15,3.759e-20,1.687e-9,4.421e-4,2.714e-5,9.198e-30,3.213e-17,,,,4.779e-18,1.252e-18,1.123e-17,,2.141e-26,,,,1.509e-21,2.326e-16,1.346e-18,3.267e-16,,,,6.101e+0,1.406e-18,,1.485e-4,1.517e-12,,,,,,2.347e-18,,,,,,,,,,,,,,
789.38,5.807e+0,1.771e-9,1.613e-26,2.488e-43,2.809e-17,,,1.147e-18,1.333e-1,,1.923e-15,3.758e-20,1.648e-9,5.140e-4,3.026e-5,9.193e-30,3.211e-17,,,,4.779e-18,1.288e-18,1.123e-17,,2.141e-26,,,,1.509e-21,2.326e-16,1.347e-18,3.861e-16,,,,5.673e+0,1.405e-18,,1.676e-4,1.166e-12,,,,,,2.347e-18,,,,,,,,,,,,,,
789.41,5.213e+0,1.303e-9,1.610e-26,2.480e-43,2.810e-17,,,1.146e-18,1.361e-1,,1.924e-15,3.756e-20,1.601e-9,6.429e-4,3.556e-5,9.184e-30,3.208e-17,,,,4.780e-18,1.342e-18,1.123e-17,,2.140e-26,,,,1.509e-21,2.327e-16,1.348e-18,4.950e-16,,,,5.076e+0,1.404e-18,,2.005e-4,7.829e-13,,,,,,2.347e-18,,,,,,,,,,,,,,
789.43,4.844e+0,1.060e-9,1.608e-26,2.475e-43,2.810e-17,,,1.146e-18,1.378e-1,,1.924e-15,3.754e-20,1.578e-9,7.452e-4,3.953e-5,9.178e-30,3.205e-17,,,,4.780e-18,1.377e-18,1.123e-17,,2.140e-26,,,,1.509e-21,2.327e-16,1.349e-18,5.832e-16,,,,4.705e+0,1.404e-18,,2.256e-4,5.995e-13,,,,,,2.347e-18,,,,,,,,,,,,,,
789.46,4.332e+0,7.763e-10,1.606e-26,2.468e-43,2.810e-17,,,1.146e-18,1.401e-1,,1.925e-15,3.752e-20,1.555e-9,9.279e-4,4.624e-5,9.169e-30,3.202e-17,,,,4.781e-18,1.428e-18,1.123e-17,,2.139e-26,,,,1.508e-21,2.327e-16,1.350e-18,7.442e-16,,,,4.190e+0,1.403e-18,,2.687e-4,4.008e-13,,,,,,2.348e-18,,,,,,,,,,,,,,
789.48,4.016e+0,6.297e-10,1.604e-26,2.463e-43,2.811e-17,,,1.146e-18,1.415e-1,,1.925e-15,3.751e-20,1.548e-9,1.072e-3,5.125e-5,9.164e-30,3.200e-17,,,,4.781e-18,1.461e-18,1.123e-17,,2.139e-26,,,,1.508e-21,2.327e-16,1.351e-18,8.742e-16,,,,3.873e+0,1.402e-18,,3.014e-4,3.059e-13,,,,,,2.348e-18,,,,,,,,,,,,,,
789.5,3.719e+0,5.102e-10,1.602e-26,2.458e-43,2.811e-17,,,1.146e-18,1.427e-1,,1.926e-15,3.749e-20,1.548e-9,1.238e-3,5.674e-5,9.158e-30,3.198e-17,,,,4.782e-18,1.493e-18,1.122e-17,,2.139e-26,,,,1.508e-21,2.328e-16,1.352e-18,1.026e-15,,,,3.575e+0,1.402e-18,,3.376e-4,2.333e-13,,,,,,2.348e-18,,,,,,,,,,,,,,
789.53,3.309e+0,3.712e-10,1.599e-26,2.451e-43,2.812e-17,,,1.146e-18,1.442e-1,,1.926e-15,3.747e-20,1.558e-9,1.531e-3,6.594e-5,9.149e-30,3.195e-17,,,,4.782e-18,1.538e-18,1.122e-17,,2.138e-26,,,,1.508e-21,2.328e-16,1.354e-18,1.300e-15,,,,3.163e+0,1.401e-18,,3.995e-4,1.549e-13,,,,,,2.349e-18,,,,,,,,,,,,,,
789.55,3.058e+0,2.998e-10,1.598e-26,2.446e-43,2.812e-17,,,1.146e-18,1.450e-1,,1.927e-15,3.746e-20,1.572e-9,1.762e-3,7.278e-5,9.143e-30,3.193e-17,,,,4.783e-18,1.567e-18,1.122e-17,,2.138e-26,,,,1.507e-21,2.328e-16,1.355e-18,1.521e-15,,,,2.910e+0,1.400e-18,,4.462e-4,1.178e-13,,,,,,2.349e-18,,,,,,,,,,,,,,
789.58,2.712e+0,2.171e-10,1.595e-26,2.438e-43,2.812e-17,,,1.146e-18,1.459e-1,,1.927e-15,3.744e-20,1.604e-9,2.170e-3,8.419e-5,9.134e-30,3.190e-17,,,,4.783e-18,1.607e-18,1.122e-17,,2.137e-26,,,,1.507e-21,2.328e-16,1.356e-18,1.920e-15,,,,2.563e+0,1.399e-18,,5.255e-4,7.785e-14,,,,,,2.349e-18,,,,,,,,,,,,,,
789.6,2.501e+0,1.748e-10,1.593e-26,2.433e-43,2.813e-17,,,1.146e-18,1.463e-1,,1.928e-15,3.742e-20,1.632e-9,2.489e-3,9.264e-5,9.129e-30,3.188e-17,,,,4.783e-18,1.632e-18,1.122e-17,,2.137e-26,,,,1.507e-21,2.329e-16,1.357e-18,2.239e-15,,,,2.352e+0,1.399e-18,,5.851e-4,5.899e-14,,,,,,2.350e-18,,,,,,,,,,,,,,
789.63,2.212e+0,1.260e-10,1.590e-26,2.426e-43,2.813e-17,,,1.146e-18,1.465e-1,,1.928e-15,3.740e-20,1.685e-9,3.051e-3,1.067e-4,9.120e-30,3.184e-17,,,,4.784e-18,1.666e-18,1.121e-17,,2.136e-26,,,,1.506e-21,2.329e-16,1.359e-18,2.813e-15,,,,2.062e+0,1.398e-18,,6.859e-4,3.882e-14,,,,,,2.350e-18,,,,,,,,,,,,,,
789.65,2.036e+0,1.011e-10,1.589e-26,2.421e-43,2.813e-17,,,1.146e-18,1.464e-1,,1.929e-15,3.739e-20,1.726e-9,3.489e-3,1.170e-4,9.114e-30,3.182e-17,,,,4.784e-18,1.686e-18,1.121e-17,,2.136e-26,,,,1.506e-21,2.329e-16,1.360e-18,3.270e-15,,,,1.885e+0,1.397e-18,,7.615e-4,2.932e-14,,,,,,2.350e-18,,,,,,,,,,,,,,
789.68,1.797e+0,7.256e-11,1.586e-26,2.414e-43,2.814e-17,,,1.146e-18,1.460e-1,,1.929e-15,3.737e-20,1.797e-9,4.258e-3,1.341e-4,9.105e-30,3.179e-17,,,,4.785e-18,1.714e-18,1.121e-17,,2.136e-26,,,,1.506e-21,2.330e-16,1.361e-18,4.090e-15,,,,1.645e+0,1.396e-18,,8.886e-4,1.921e-14,,,,,,2.351e-18,,,,,,,,,,,,,,
789.7,1.652e+0,5.807e-11,1.584e-26,2.409e-43,2.814e-17,,,1.146e-18,1.455e-1,,1.930e-15,3.735e-20,1.851e-9,4.855e-3,1.467e-4,9.100e-30,3.177e-17,,,,4.785e-18,1.730e-18,1.121e-17,,2.135e-26,,,,1.506e-21,2.330e-16,1.362e-18,4.740e-15,,,,1.500e+0,1.396e-18,,9.835e-4,1.446e-14,,,,,,2.351e-18,,,,,,,,,,,,,,
789.73,1.455e+0,4.147e-11,1.582e-26,2.401e-43,2.815e-17,,,1.146e-18,1.444e-1,,1.930e-15,3.733e-20,1.939e-9,5.897e-3,1.674e-4,9.091e-30,3.174e-17,,,,4.786e-18,1.750e-18,1.121e-17,,2.135e-26,,,,1.505e-21,2.330e-16,1.363e-18,5.902e-15,,,,1.303e+0,1.395e-18,,1.142e-3,9.428e-15,,,,,,2.351e-18,,,,,,,,,,,,,,
789.75,1.336e+0,3.308e-11,1.580e-26,2.396e-43,2.815e-17,,,1.146e-18,1.435e-1,,1.931e-15,3.732e-20,2.003e-9,6.703e-3,1.825e-4,9.085e-30,3.172e-17,,,,4.786e-18,1.760e-18,1.121e-17,,2.134e-26,,,,1.505e-21,2.330e-16,1.364e-18,6.820e-15,,,,1.184e+0,1.394e-18,,1.261e-3,7.078e-15,,,,,,2.351e-18,,,,,,,,,,,,,,
789.78,1.176e+0,2.351e-11,1.577e-26,2.389e-43,2.816e-17,,,1.146e-18,1.418e-1,,1.931e-15,3.730e-20,2.106e-9,8.106e-3,2.073e-4,9.076e-30,3.169e-17,,,,4.787e-18,1.772e-18,1.120e-17,,2.134e-26,,,,1.505e-21,2.331e-16,1.366e-18,8.452e-15,,,,1.024e+0,1.393e-18,,1.458e-3,4.593e-15,,,,,,2.352e-18,,,,,,,,,,,,,,
789.8,1.079e+0,1.870e-11,1.575e-26,2.384e-43,2.816e-17,,,1.146e-18,1.404e-1,,1.932e-15,3.728e-20,2.179e-9,9.186e-3,2.253e-4,9.071e-30,3.166e-17,,,,4.787e-18,1.778e-18,1.120e-17,,2.134e-26,,,,1.504e-21,2.331e-16,1.367e-18,9.738e-15,,,,9.279e-1,1.393e-18,,1.603e-3,3.437e-15,,,,,,2.352e-18,,,,,,,,,,,,,,
789.83,9.498e-1,1.323e-11,1.573e-26,2.376e-43,2.816e-17,,,1.146e-18,1.381e-1,,1.932e-15,3.726e-20,2.294e-9,1.106e-2,2.547e-4,9.062e-30,3.163e-17,,,,4.788e-18,1.782e-18,1.120e-17,,2.133e-26,,,,1.504e-21,2.331e-16,1.368e-18,1.201e-14,,,,7.985e-1,1.392e-18,,1.846e-3,2.220e-15,,,,,,2.352e-18,,,,,,,,,,,,,,
789.85,8.726e-1,1.049e-11,1.571e-26,2.372e-43,2.817e-17,,,1.145e-18,1.364e-1,,1.933e-15,3.725e-20,2.375e-9,1.249e-2,2.760e-4,9.056e-30,3.161e-17,,,,4.788e-18,1.782e-18,1.120e-17,,2.133e-26,,,,1.504e-21,2.331e-16,1.369e-18,1.380e-14,,,,7.214e-1,1.391e-18,,2.024e-3,1.656e-15,,,,,,2.353e-18,,,,,,,,,,,,,,
789.88,7.691e-1,7.388e-12,1.568e-26,2.364e-43,2.817e-17,,,1.145e-18,1.335e-1,,1.933e-15,3.723e-20,2.501e-9,1.497e-2,3.107e-4,9.047e-30,3.158e-17,,,,4.789e-18,1.778e-18,1.120e-17,,2.132e-26,,,,1.503e-21,2.332e-16,1.371e-18,1.695e-14,,,,6.180e-1,1.390e-18,,2.319e-3,1.065e-15,,,,,,2.353e-18,,,,,,,,,,,,,,
789.9,7.077e-1,5.839e-12,1.566e-26,2.359e-43,2.818e-17,,,1.145e-18,1.315e-1,,1.934e-15,3.721e-20,2.588e-9,1.686e-2,3.356e-4,9.042e-30,3.156e-17,,,,4.789e-18,1.772e-18,1.120e-17,,2.132e-26,,,,1.503e-21,2.332e-16,1.372e-18,1.940e-14,,,,5.565e-1,1.390e-18,,2.535e-3,7.920e-16,,,,,,2.353e-18,,,,,,,,,,,,,,
789.92,6.520e-1,4.609e-12,1.565e-26,2.354e-43,2.818e-17,,,1.145e-18,1.293e-1,,1.934e-15,3.720e-20,2.677e-9,1.896e-2,3.621e-4,9.036e-30,3.154e-17,,,,4.789e-18,1.765e-18,1.119e-17,,2.131e-26,,,,1.503e-21,2.332e-16,1.373e-18,2.219e-14,,,,5.006e-1,1.389e-18,,2.768e-3,5.883e-16,,,,,,2.353e-18,,,,,,,,,,,,,,
789.95,5.780e-1,3.225e-12,1.562e-26,2.347e-43,2.818e-17,,,1.145e-18,1.258e-1,,1.935e-15,3.718e-20,2.813e-9,2.258e-2,4.050e-4,9.027e-30,3.151e-17,,,,4.790e-18,1.750e-18,1.119e-17,,2.131e-26,,,,1.503e-21,2.332e-16,1.374e-18,2.708e-14,,,,4.261e-1,1.388e-18,,3.152e-3,3.758e-16,,,,,,2.354e-18,,,,,,,,,,,,,,
789.97,5.345e-1,2.538e-12,1.560e-26,2.342e-43,2.819e-17,,,1.145e-18,1.233e-1,,1.935e-15,3.716e-20,2.905e-9,2.532e-2,4.356e-4,9.021e-30,3.149e-17,,,,4.790e-18,1.737e-18,1.119e-17,,2.131e-26,,,,1.502e-21,2.333e-16,1.375e-18,3.088e-14,,,,3.821e-1,1.388e-18,,3.431e-3,2.782e-16,,,,,,2.354e-18,,,,,,,,,,,,,,
790,4.775e-1,1.767e-12,1.557e-26,2.335e-43,2.819e-17,,,1.145e-18,1.194e-1,,1.936e-15,3.714e-20,3.045e-9,3.001e-2,4.849e-4,9.012e-30,3.145e-17,,,,4.791e-18,1.714e-18,1.119e-17,,2.130e-26,,,,1.502e-21,2.333e-16,1.376e-18,3.751e-14,,,,3.237e-1,1.387e-18,,3.888e-3,1.769e-16,,,,,,2.354e-18,,,,,,,,,,,,,,
790.02,4.443e-1,1.387e-12,1.556e-26,2.330e-43,2.820e-17,,,1.145e-18,1.167e-1,,1.936e-15,3.713e-20,3.139e-9,3.355e-2,5.200e-4,9.007e-30,3.143e-17,,,,4.791e-18,1.696e-18,1.119e-17,,2.130e-26,,,,1.502e-21,2.333e-16,1.377e-18,4.264e-14,,,,2.894e-1,1.386e-18,,4.220e-3,1.306e-16,,,,,,2.355e-18,,,,,,,,,,,,,,
790.05,4.014e-1,9.612e-13,1.553e-26,2.322e-43,2.820e-17,,,1.145e-18,1.125e-1,,1.937e-15,3.711e-20,3.280e-9,3.958e-2,5.762e-4,8.998e-30,3.140e-17,,,,4.792e-18,1.666e-18,1.119e-17,,2.129e-26,,,,1.501e-21,2.333e-16,1.379e-18,5.156e-14,,,,2.440e-1,1.385e-18,,4.760e-3,8.264e-17,,,,,,2.355e-18,,,,,,,,,,,,,,
790.07,3.769e-1,7.518e-13,1.551e-26,2.317e-43,2.820e-17,,,1.145e-18,1.096e-1,,1.937e-15,3.709e-20,3.374e-9,4.412e-2,6.161e-4,8.992e-30,3.138e-17,,,,4.792e-18,1.643e-18,1.118e-17,,2.129e-26,,,,1.501e-21,2.334e-16,1.380e-18,5.843e-14,,,,2.175e-1,1.385e-18,,5.151e-3,6.082e-17,,,,,,2.355e-18,,,,,,,,,,,,,,
790.1,3.460e-1,5.187e-13,1.548e-26,2.310e-43,2.821e-17,,,1.145e-18,1.051e-1,,1.938e-15,3.707e-20,3.513e-9,5.181e-2,6.795e-4,8.983e-30,3.135e-17,,,,4.793e-18,1.607e-18,1.118e-17,,2.128e-26,,,,1.501e-21,2.334e-16,1.381e-18,7.034e-14,,,,1.826e-1,1.384e-18,,5.784e-3,3.831e-17,,,,,,2.356e-18,,,,,,,,,,,,,,
790.12,3.289e-1,4.044e-13,1.547e-26,2.305e-43,2.821e-17,,,1.145e-18,1.021e-1,,1.938e-15,3.706e-20,3.604e-9,5.758e-2,7.243e-4,8.978e-30,3.133e-17,,,,4.793e-18,1.580e-18,1.118e-17,,2.128e-26,,,,1.501e-21,2.334e-16,1.382e-18,7.947e-14,,,,1.622e-1,1.383e-18,,6.239e-3,2.810e-17,,,,,,2.356e-18,,,,,,,,,,,,,,
790.15,3.081e-1,2.778e-13,1.544e-26,2.298e-43,2.822e-17,,,1.145e-18,9.755e-2,,1.939e-15,3.704e-20,3.738e-9,6.730e-2,7.952e-4,8.969e-30,3.130e-17,,,,4.794e-18,1.538e-18,1.118e-17,,2.128e-26,,,,1.500e-21,2.335e-16,1.384e-18,9.523e-14,,,,1.355e-1,1.382e-18,,6.974e-3,1.762e-17,,,,,,2.356e-18,,,,,,,,,,,,,,
790.17,2.974e-1,2.159e-13,1.542e-26,2.293e-43,2.822e-17,,,1.145e-18,9.446e-2,,1.939e-15,3.702e-20,3.824e-9,7.457e-2,8.451e-4,8.963e-30,3.127e-17,,,,4.794e-18,1.508e-18,1.118e-17,,2.127e-26,,,,1.500e-21,2.335e-16,1.385e-18,1.073e-13,,,,1.200e-1,1.382e-18,,7.500e-3,1.289e-17,,,,,,2.356e-18,,,,,,,,,,,,,,
790.2,2.857e-1,1.476e-13,1.540e-26,2.285e-43,2.822e-17,,,1.145e-18,8.981e-2,,1.940e-15,3.700e-20,3.950e-9,8.676e-2,9.236e-4,8.954e-30,3.124e-17,,,,4.794e-18,1.461e-18,1.117e-17,,2.127e-26,,,,1.500e-21,2.335e-16,1.386e-18,1.280e-13,,,,9.983e-2,1.381e-18,,8.345e-3,8.041e-18,,,,,,2.357e-18,,,,,,,,,,,,,,
790.22,2.806e-1,1.144e-13,1.538e-26,2.280e-43,2.823e-17,,,1.145e-18,8.670e-2,,1.940e-15,3.699e-20,4.031e-9,9.584e-2,9.784e-4,8.949e-30,3.122e-17,,,,4.795e-18,1.428e-18,1.117e-17,,2.126e-26,,,,1.500e-21,2.335e-16,1.387e-18,1.437e-13,,,,8.816e-2,1.380e-18,,8.947e-3,,,,,,,2.357e-18,,,,,,,,,,,,,,
790.25,2.770e-1,7.783e-14,1.535e-26,2.273e-43,2.823e-17,,,1.145e-18,8.205e-2,,1.941e-15,3.697e-20,4.146e-9,1.110e-1,1.064e-3,8.940e-30,3.119e-17,,,,4.795e-18,1.377e-18,1.117e-17,,2.126e-26,,,,1.499e-21,2.336e-16,1.389e-18,1.706e-13,,,,7.298e-2,1.379e-18,,9.909e-3,,,,,,,2.357e-18,,,,,,,,,,,,,,
790.27,2.772e-1,6.012e-14,1.533e-26,2.268e-43,2.824e-17,,,1.144e-18,7.897e-2,,1.941e-15,3.695e-20,4.218e-9,1.222e-1,1.124e-3,8.934e-30,3.117e-17,,,,4.796e-18,1.342e-18,1.117e-17,,2.125e-26,,,,1.499e-21,2.336e-16,1.390e-18,1.910e-13,,,,6.425e-2,1.379e-18,,1.059e-2,,,,,,,2.358e-18,,,,,,,,,,,,,,
790.29,2.793e-1,4.638e-14,1.531e-26,2.263e-43,2.824e-17,,,1.144e-18,7.591e-2,,1.942e-15,3.694e-20,4.287e-9,1.344e-1,1.186e-3,8.928e-30,3.115e-17,,,,4.796e-18,1.307e-18,1.117e-17,,2.125e-26,,,,1.499e-21,2.336e-16,1.390e-18,2.136e-13,,,,5.649e-2,1.378e-18,,1.131e-2,,,,,,,2.358e-18,,,,,,,,,,,,,,
790.32,2.863e-1,3.136e-14,1.529e-26,2.256e-43,2.824e-17,,,1.144e-18,7.138e-2,,1.942e-15,3.692e-20,4.382e-9,1.547e-1,1.282e-3,8.920e-30,3.112e-17,,,,4.797e-18,1.252e-18,1.117e-17,,2.125e-26,,,,1.498e-21,2.336e-16,1.392e-18,2.520e-13,,,,4.646e-2,1.377e-18,,1.244e-2,,,,,,,2.358e-18,,,,,,,,,,,,,,
790.34,2.934e-1,2.412e-14,1.527e-26,2.251e-43,2.825e-17,,,1.144e-18,6.840e-2,,1.943e-15,3.691e-20,4.440e-9,1.697e-1,1.348e-3,8.914e-30,3.110e-17,,,,4.797e-18,1.215e-18,1.116e-17,,2.124e-26,,,,1.498e-21,2.337e-16,1.393e-18,2.810e-13,,,,4.072e-2,1.376e-18,,1.324e-2,,,,,,,2.359e-18,,,,,,,,,,,,,,
790.37,3.077e-1,1.623e-14,1.524e-26,2.243e-43,2.825e-17,,,1.144e-18,6.403e-2,,1.943e-15,3.688e-20,4.519e-9,1.944e-1,1.451e-3,8.905e-30,3.106e-17,,,,4.798e-18,1.159e-18,1.116e-17,,2.124e-26,,,,1.498e-21,2.337e-16,1.394e-18,3.300e-13,,,,3.334e-2,1.376e-18,,1.451e-2,,,,,,,2.359e-18,,,,,,,,,,,,,,
790.39,3.197e-1,1.244e-14,1.523e-26,2.238e-43,2.826e-17,,,1.144e-18,6.117e-2,,1.944e-15,3.687e-20,4.566e-9,2.125e-1,1.521e-3,8.899e-30,3.104e-17,,,,4.798e-18,1.121e-18,1.116e-17,,2.123e-26,,,,1.498e-21,2.337e-16,1.395e-18,3.668e-13,,,,2.914e-2,1.375e-18,,1.539e-2,,,,,,,2.359e-18,,,,,,,,,,,,,,
790.42,3.415e-1,8.335e-15,1.520e-26,2.231e-43,2.826e-17,,,1.144e-18,5.699e-2,,1.944e-15,3.685e-20,4.626e-9,2.423e-1,1.629e-3,8.890e-30,3.101e-17,,,,4.799e-18,1.064e-18,1.116e-17,,2.123e-26,,,,1.497e-21,2.337e-16,1.397e-18,4.288e-13,,,,2.374e-2,1.374e-18,,1.679e-2,,,,,,,2.360e-18,,,,,,,,,,,,,,
790.44,3.585e-1,6.371e-15,1.518e-26,2.226e-43,2.826e-17,,,1.144e-18,5.428e-2,,1.945e-15,3.684e-20,4.659e-9,2.641e-1,1.703e-3,8.885e-30,3.099e-17,,,,4.799e-18,1.026e-18,1.116e-17,,2.123e-26,,,,1.497e-21,2.338e-16,1.398e-18,4.752e-13,,,,2.068e-2,1.373e-18,,1.776e-2,,,,,,,2.360e-18,,,,,,,,,,,,,,
790.47,3.880e-1,4.248e-15,1.515e-26,2.219e-43,2.827e-17,,,1.144e-18,5.034e-2,,1.945e-15,3.681e-20,4.699e-9,2.998e-1,1.816e-3,8.876e-30,3.096e-17,,,,4.799e-18,9.698e-19,1.116e-17,,2.122e-26,,,,1.497e-21,2.338e-16,1.399e-18,5.531e-13,,,,1.678e-2,1.373e-18,,1.927e-2,,,,,,,2.360e-18,,,,,,,,,,,,,,
790.49,4.103e-1,3.237e-15,1.514e-26,2.214e-43,2.827e-17,,,1.144e-18,4.780e-2,,1.946e-15,3.680e-20,4.719e-9,3.257e-1,1.892e-3,8.870e-30,3.094e-17,,,,4.800e-18,9.325e-19,1.115e-17,,2.122e-26,,,,1.496e-21,2.338e-16,1.400e-18,6.110e-13,,,,1.457e-2,1.372e-18,,2.033e-2,,,,,,,2.360e-18,,,,,,,,,,,,,,
790.52,4.480e-1,2.148e-15,1.511e-26,2.206e-43,2.828e-17,,,1.144e-18,4.413e-2,,1.946e-15,3.678e-20,4.738e-9,3.681e-1,2.008e-3,8.861e-30,3.091e-17,,,,4.800e-18,8.772e-19,1.115e-17,,2.121e-26,,,,1.496e-21,2.338e-16,1.402e-18,7.079e-13,,,,1.177e-2,1.371e-18,,2.196e-2,,,,,,,2.361e-18,,,,,,,,,,,,,,
790.54,4.759e-1,1.632e-15,1.509e-26,2.201e-43,2.828e-17,,,1.144e-18,4.178e-2,,1.947e-15,3.677e-20,4.744e-9,3.987e-1,2.086e-3,8.856e-30,3.088e-17,,,,4.801e-18,8.408e-19,1.115e-17,,2.121e-26,,,,1.496e-21,2.339e-16,1.403e-18,7.796e-13,,,,1.019e-2,1.370e-18,,2.309e-2,,,,,,,2.361e-18,,,,,,,,,,,,,,
790.57,5.221e-1,1.078e-15,1.506e-26,2.194e-43,2.829e-17,,,1.144e-18,3.839e-2,,1.947e-15,3.674e-20,4.741e-9,4.485e-1,2.204e-3,8.847e-30,3.085e-17,,,,4.801e-18,7.873e-19,1.115e-17,,2.120e-26,,,,1.495e-21,2.339e-16,1.404e-18,8.991e-13,,,,8.188e-3,1.370e-18,,2.484e-2,,,,,,,2.361e-18,,,,,,,,,,,,,,
790.59,5.560e-1,8.162e-16,1.505e-26,2.189e-43,2.829e-17,,,1.144e-18,3.623e-2,,1.948e-15,3.673e-20,4.733e-9,4.844e-1,2.282e-3,8.841e-30,3.083e-17,,,,4.802e-18,7.524e-19,1.115e-17,,2.120e-26,,,,1.495e-21,2.339e-16,1.405e-18,9.873e-13,,,,7.067e-3,1.369e-18,,2.603e-2,,,,,,,2.362e-18,,,,,,,,,,,,,,
790.62,6.114e-1,5.367e-16,1.502e-26,2.182e-43,2.829e-17,,,1.144e-18,3.314e-2,,1.948e-15,3.671e-20,4.709e-9,5.424e-1,2.400e-3,8.832e-30,3.080e-17,,,,4.802e-18,7.012e-19,1.115e-17,,2.119e-26,,,,1.495e-21,2.340e-16,1.406e-18,1.133e-12,,,,5.654e-3,1.368e-18,,2.787e-2,,,,,,,2.362e-18,,,,,,,,,,,,,,
790.64,6.516e-1,4.052e-16,1.500e-26,2.177e-43,2.830e-17,,,1.144e-18,3.118e-2,,1.949e-15,3.670e-20,4.686e-9,5.839e-1,2.478e-3,8.827e-30,3.078e-17,,,,4.803e-18,6.681e-19,1.114e-17,,2.119e-26,,,,1.495e-21,2.340e-16,1.407e-18,1.241e-12,,,,4.865e-3,1.368e-18,,2.913e-2,,,,,,,2.362e-18,,,,,,,,,,,,,,
790.66,6.944e-1,3.055e-16,1.498e-26,2.172e-43,2.830e-17,,,1.144e-18,2.930e-2,,1.949e-15,3.668e-20,4.657e-9,6.280e-1,2.556e-3,8.821e-30,3.076e-17,,,,4.803e-18,6.357e-19,1.114e-17,,2.119e-26,,,,1.494e-21,2.340e-16,1.408e-18,1.357e-12,,,,4.181e-3,1.367e-18,,3.040e-2,,,,,,,2.362e-18,,,,,,,,,,,,,,
790.69,7.636e-1,1.996e-16,1.496e-26,2.164e-43,2.830e-17,,,1.144e-18,2.663e-2,,1.950e-15,3.666e-20,4.604e-9,6.987e-1,2.671e-3,8.812e-30,3.073e-17,,,,4.803e-18,5.887e-19,1.114e-17,,2.118e-26,,,,1.494e-21,2.340e-16,1.410e-18,1.548e-12,,,,3.324e-3,1.366e-18,,3.234e-2,,,,,,,2.363e-18,,,,,,,,,,,,,,
790.71,8.132e-1,1.500e-16,1.494e-26,2.159e-43,2.831e-17,,,1.143e-18,2.495e-2,,1.950e-15,3.665e-20,4.562e-9,7.490e-1,2.746e-3,8.806e-30,3.071e-17,,,,4.804e-18,5.585e-19,1.114e-17,,2.118e-26,,,,1.494e-21,2.341e-16,1.411e-18,1.687e-12,,,,2.848e-3,1.365e-18,,3.365e-2,,,,,,,2.363e-18,,,,,,,,,,,,,,
790.74,8.929e-1,9.754e-17,1.491e-26,2.152e-43,2.831e-17,,,1.143e-18,2.257e-2,,1.951e-15,3.663e-20,4.489e-9,8.296e-1,2.856e-3,8.797e-30,3.067e-17,,,,4.804e-18,5.148e-19,1.114e-17,,2.117e-26,,,,1.493e-21,2.341e-16,1.412e-18,1.916e-12,,,,2.253e-3,1.365e-18,,3.563e-2,,,,,,,2.363e-18,,,,,,,,,,,,,,
790.76,9.496e-1,7.309e-17,1.489e-26,2.147e-43,2.832e-17,,,1.143e-18,2.108e-2,,1.951e-15,3.661e-20,4.435e-9,8.867e-1,2.928e-3,8.792e-30,3.065e-17,,,,4.805e-18,4.869e-19,1.114e-17,,2.117e-26,,,,1.493e-21,2.341e-16,1.413e-18,2.082e-12,,,,1.924e-3,1.364e-18,,3.696e-2,,,,,,,2.364e-18,,,,,,,,,,,,,,
790.79,1.040e+0,4.730e-17,1.487e-26,2.140e-43,2.832e-17,,,1.143e-18,1.898e-2,,1.952e-15,3.659e-20,4.344e-9,9.776e-1,3.031e-3,8.783e-30,3.062e-17,,,,4.805e-18,4.467e-19,1.113e-17,,2.117e-26,,,,1.493e-21,2.341e-16,1.415e-18,2.353e-12,,,,1.516e-3,1.363e-18,,3.896e-2,,,,,,,2.364e-18,,,,,,,,,,,,,,
790.81,1.104e+0,3.534e-17,1.485e-26,2.135e-43,2.832e-17,,,1.143e-18,1.767e-2,,1.952e-15,3.658e-20,4.279e-9,1.042e+0,3.097e-3,8.777e-30,3.060e-17,,,,4.806e-18,4.212e-19,1.113e-17,,2.116e-26,,,,1.493e-21,2.342e-16,1.416e-18,2.550e-12,,,,1.291e-3,1.362e-18,,4.029e-2,,,,,,,2.364e-18,,,,,,,,,,,,,,
790.84,1.206e+0,2.277e-17,1.482e-26,2.127e-43,2.833e-17,,,1.143e-18,1.584e-2,,1.953e-15,3.656e-20,4.172e-9,1.143e+0,3.192e-3,8.768e-30,3.057e-17,,,,4.806e-18,3.847e-19,1.113e-17,,2.116e-26,,,,1.492e-21,2.342e-16,1.417e-18,2.869e-12,,,,1.012e-3,1.362e-18,,4.228e-2,,,,,,,2.365e-18,,,,,,,,,,,,,,
790.86,1.277e+0,1.695e-17,1.481e-26,2.122e-43,2.833e-17,,,1.143e-18,1.470e-2,,1.953e-15,3.654e-20,4.097e-9,1.215e+0,3.252e-3,8.763e-30,3.055e-17,,,,4.807e-18,3.616e-19,1.113e-17,,2.115e-26,,,,1.492e-21,2.342e-16,1.418e-18,3.099e-12,,,,8.589e-4,1.361e-18,,4.359e-2,,,,,,,2.365e-18,,,,,,,,,,,,,,
790.89,1.390e+0,1.087e-17,1.478e-26,2.115e-43,2.834e-17,,,1.143e-18,1.312e-2,,1.954e-15,3.652e-20,3.977e-9,1.327e+0,3.336e-3,8.754e-30,3.052e-17,,,,4.807e-18,3.288e-19,1.113e-17,,2.115e-26,,,,1.492e-21,2.342e-16,1.419e-18,3.472e-12,,,,6.702e-4,1.360e-18,,4.553e-2,,,,,,,2.365e-18,,,,,,,,,,,,,,
790.91,1.468e+0,8.071e-18,1.476e-26,2.110e-43,2.834e-17,,,1.143e-18,1.214e-2,,1.954e-15,3.651e-20,3.893e-9,1.405e+0,3.389e-3,8.748e-30,3.049e-17,,,,4.808e-18,3.081e-19,1.112e-17,,2.114e-26,,,,1.492e-21,2.343e-16,1.420e-18,3.739e-12,,,,5.672e-4,1.359e-18,,4.680e-2,,,,,,,2.365e-18,,,,,,,,,,,,,,
790.94,1.592e+0,5.151e-18,1.473e-26,2.103e-43,2.835e-17,,,1.143e-18,1.078e-2,,1.955e-15,3.649e-20,3.761e-9,1.528e+0,3.461e-3,8.739e-30,3.046e-17,,,,4.808e-18,2.788e-19,1.112e-17,,2.114e-26,,,,1.491e-21,2.343e-16,1.422e-18,4.169e-12,,,,4.406e-4,1.359e-18,,4.866e-2,,,,,,,2.366e-18,,,,,,,,,,,,,,
790.96,1.678e+0,3.813e-18,1.472e-26,2.098e-43,2.835e-17,,,1.143e-18,9.949e-3,,1.955e-15,3.647e-20,3.671e-9,1.614e+0,3.504e-3,8.734e-30,3.044e-17,,,,4.808e-18,2.605e-19,1.112e-17,,2.114e-26,,,,1.491e-21,2.343e-16,1.423e-18,4.476e-12,,,,3.717e-4,1.358e-18,,4.986e-2,,,,,,,2.366e-18,,,,,,,,,,,,,,
790.99,1.812e+0,2.422e-18,1.469e-26,2.090e-43,2.835e-17,,,1.143e-18,8.796e-3,,1.956e-15,3.645e-20,3.531e-9,1.747e+0,3.562e-3,8.725e-30,3.041e-17,,,,4.809e-18,2.346e-19,1.112e-17,,2.113e-26,,,,1.491e-21,2.343e-16,1.424e-18,4.968e-12,,,,2.874e-4,1.357e-18,,5.160e-2,,,,,,,2.366e-18,,,,,,,,,,,,,,
791.01,1.904e+0,1.787e-18,1.467e-26,2.085e-43,2.836e-17,,,1.143e-18,8.090e-3,,1.956e-15,3.644e-20,3.436e-9,1.840e+0,3.596e-3,8.719e-30,3.039e-17,,,,4.809e-18,2.185e-19,1.112e-17,,2.113e-26,,,,1.490e-21,2.344e-16,1.425e-18,5.318e-12,,,,2.417e-4,1.356e-18,,5.272e-2,,,,,,,2.367e-18,,,,,,,,,,,,,,
791.03,1.999e+0,1.317e-18,1.465e-26,2.080e-43,2.836e-17,,,1.143e-18,7.431e-3,,1.957e-15,3.642e-20,3.339e-9,1.934e+0,3.625e-3,8.713e-30,3.037e-17,,,,4.810e-18,2.033e-19,1.112e-17,,2.112e-26,,,,1.490e-21,2.344e-16,1.426e-18,5.686e-12,,,,2.031e-4,1.356e-18,,5.379e-2,,,,,,,2.367e-18,,,,,,,,,,,,,,
791.06,2.147e+0,8.313e-19,1.463e-26,2.073e-43,2.837e-17,,,1.143e-18,6.528e-3,,1.957e-15,3.640e-20,3.191e-9,2.081e+0,3.662e-3,8.705e-30,3.034e-17,,,,4.810e-18,1.819e-19,1.111e-17,,2.112e-26,,,,1.490e-21,2.344e-16,1.428e-18,6.271e-12,,,,1.560e-4,1.355e-18,,5.532e-2,,,,,,,2.367e-18,,,,,,,,,,,,,,
791.08,2.248e+0,6.107e-19,1.461e-26,2.068e-43,2.837e-17,,,1.143e-18,5.978e-3,,1.958e-15,3.639e-20,3.092e-9,2.182e+0,3.681e-3,8.699e-30,3.032e-17,,,,4.811e-18,1.687e-19,1.111e-17,,2.112e-26,,,,1.490e-21,2.344e-16,1.429e-18,6.684e-12,,,,1.306e-4,1.354e-18,,5.627e-2,,,,,,,2.368e-18,,,,,,,,,,,,,,
791.11,2.403e+0,3.837e-19,1.458e-26,2.061e-43,2.837e-17,,,1.143e-18,5.227e-3,,1.958e-15,3.637e-20,2.942e-9,2.337e+0,3.701e-3,8.690e-30,3.028e-17,,,,4.811e-18,1.503e-19,1.111e-17,,2.111e-26,,,,1.489e-21,2.345e-16,1.430e-18,7.338e-12,,,,9.988e-5,1.353e-18,,5.760e-2,,,,,,,2.368e-18,,,,,,,,,,,,,,
791.13,2.509e+0,2.810e-19,1.456e-26,2.056e-43,2.838e-17,,,1.142e-18,4.773e-3,,1.959e-15,3.635e-20,2.842e-9,2.442e+0,3.708e-3,8.684e-30,3.026e-17,,,,4.812e-18,1.390e-19,1.111e-17,,2.111e-26,,,,1.489e-21,2.345e-16,1.431e-18,7.798e-12,,,,8.339e-5,1.353e-18,,5.842e-2,,,,,,,2.368e-18,,,,,,,,,,,,,,
791.16,2.671e+0,1.757e-19,1.454e-26,2.048e-43,2.838e-17,,,1.142e-18,4.154e-3,,1.959e-15,3.633e-20,2.692e-9,2.604e+0,3.712e-3,8.675e-30,3.023e-17,,,,4.812e-18,1.232e-19,1.111e-17,,2.110e-26,,,,1.489e-21,2.345e-16,1.432e-18,8.522e-12,,,,6.347e-5,1.352e-18,,5.953e-2,,,,,,,2.369e-18,,,,,,,,,,,,,,
791.18,2.781e+0,1.752e-19,1.452e-26,2.043e-43,2.838e-17,,,1.142e-18,3.781e-3,,1.960e-15,3.632e-20,2.592e-9,2.713e+0,3.708e-3,8.670e-30,3.021e-17,,,,4.813e-18,1.136e-19,1.111e-17,,2.110e-26,,,,1.488e-21,2.346e-16,1.433e-18,9.029e-12,,,,5.283e-5,1.351e-18,,6.018e-2,,,,,,,2.369e-18,,,,,,,,,,,,,,
791.21,2.948e+0,1.745e-19,1.449e-26,2.036e-43,2.839e-17,,,1.142e-18,3.276e-3,,1.960e-15,3.630e-20,2.445e-9,2.880e+0,3.694e-3,8.661e-30,3.018e-17,,,,4.813e-18,1.003e-19,1.110e-17,,2.109e-26,,,,1.488e-21,2.346e-16,1.435e-18,9.823e-12,,,,4.002e-5,1.351e-18,,6.105e-2,,,,,,,2.369e-18,,,,,,,,,,,,,,
791.23,3.061e+0,1.740e-19,1.447e-26,2.031e-43,2.839e-17,,,1.142e-18,2.972e-3,,1.961e-15,3.628e-20,2.348e-9,2.993e+0,3.679e-3,8.655e-30,3.016e-17,,,,4.813e-18,9.215e-20,1.110e-17,,2.109e-26,,,,1.488e-21,2.346e-16,1.436e-18,1.037e-11,,,,3.321e-5,1.350e-18,,6.153e-2,,,,,,,2.369e-18,,,,,,,,,,,,,,
791.26,3.231e+0,1.733e-19,1.445e-26,2.024e-43,2.840e-17,,,1.142e-18,2.563e-3,,1.961e-15,3.626e-20,2.204e-9,3.162e+0,3.649e-3,8.646e-30,3.013e-17,,,,4.814e-18,8.097e-20,1.110e-17,,2.108e-26,,,,1.487e-21,2.346e-16,1.437e-18,1.124e-11,,,,2.504e-5,1.349e-18,,6.213e-2,,,,,,,2.370e-18,,,,,,,,,,,,,,
791.28,3.344e+0,1.728e-19,1.443e-26,2.019e-43,2.840e-17,,,1.142e-18,2.319e-3,,1.962e-15,3.625e-20,2.110e-9,3.276e+0,3.623e-3,8.641e-30,3.011e-17,,,,4.814e-18,7.417e-20,1.110e-17,,2.108e-26,,,,1.487e-21,2.347e-16,1.438e-18,1.183e-11,,,,2.072e-5,1.348e-18,,6.243e-2,,,,,,,2.370e-18,,,,,,,,,,,,,,
791.31,3.515e+0,1.721e-19,1.440e-26,2.011e-43,2.841e-17,,,1.142e-18,1.991e-3,,1.962e-15,3.623e-20,1.972e-9,3.447e+0,3.576e-3,8.632e-30,3.007e-17,,,,4.815e-18,6.488e-20,1.110e-17,,2.108e-26,,,,1.487e-21,2.347e-16,1.440e-18,1.276e-11,,,,1.555e-5,1.348e-18,,6.275e-2,,,,,,,2.370e-18,,,,,,,,,,,,,,
791.33,3.629e+0,1.716e-19,1.438e-26,2.006e-43,2.841e-17,,,1.142e-18,1.795e-3,,1.963e-15,3.621e-20,1.883e-9,3.560e+0,3.540e-3,8.626e-30,3.005e-17,,,,4.815e-18,5.925e-20,1.110e-17,,2.107e-26,,,,1.487e-21,2.347e-16,1.441e-18,1.339e-11,,,,1.282e-5,1.347e-18,,6.286e-2,,,,,,,2.371e-18,,,,,,,,,,,,,,
791.36,3.797e+0,1.708e-19,1.436e-26,1.999e-43,2.841e-17,,,1.142e-18,1.534e-3,,1.963e-15,3.619e-20,1.753e-9,3.730e+0,3.479e-3,8.617e-30,3.002e-17,,,,4.816e-18,5.159e-20,1.109e-17,,2.107e-26,,,,1.486e-21,2.347e-16,1.442e-18,1.437e-11,,,,9.582e-6,1.346e-18,,6.289e-2,,,,,,,2.371e-18,,,,,,,,,,,,,,
791.38,3.909e+0,1.704e-19,1.434e-26,1.994e-43,2.842e-17,,,1.142e-18,1.379e-3,,1.964e-15,3.618e-20,1.668e-9,3.841e+0,3.433e-3,8.612e-30,3.000e-17,,,,4.816e-18,4.697e-20,1.109e-17,,2.106e-26,,,,1.486e-21,2.348e-16,1.443e-18,1.504e-11,,,,7.878e-6,1.345e-18,,6.281e-2,,,,,,,2.371e-18,,,,,,,,,,,,,,
791.4,4.019e+0,1.699e-19,1.432e-26,1.989e-43,2.842e-17,,,1.142e-18,1.239e-3,,1.964e-15,3.616e-20,1.586e-9,3.952e+0,3.384e-3,8.606e-30,2.998e-17,,,,4.817e-18,4.271e-20,1.109e-17,,2.106e-26,,,,1.486e-21,2.348e-16,1.444e-18,1.572e-11,,,,6.469e-6,1.345e-18,,6.266e-2,,,,,,,2.371e-18,,,,,,,,,,,,,,
791.43,4.181e+0,1.691e-19,1.430e-26,1.982e-43,2.843e-17,,,1.142e-18,1.052e-3,,1.965e-15,3.614e-20,1.468e-9,4.115e+0,3.304e-3,8.597e-30,2.995e-17,,,,4.817e-18,3.695e-20,1.109e-17,,2.106e-26,,,,1.485e-21,2.348e-16,1.446e-18,1.677e-11,,,,4.802e-6,1.344e-18,,6.229e-2,,,,,,,2.372e-18,,,,,,,,,,,,,,
791.45,4.287e+0,1.686e-19,1.428e-26,1.977e-43,2.843e-17,,,1.142e-18,9.415e-4,,1.965e-15,3.613e-20,1.391e-9,4.221e+0,3.247e-3,8.591e-30,2.993e-17,,,,4.817e-18,3.350e-20,1.109e-17,,2.105e-26,,,,1.485e-21,2.348e-16,1.446e-18,1.747e-11,,,,3.931e-6,1.343e-18,,6.195e-2,,,,,,,2.372e-18,,,,,,,,,,,,,,
791.48,4.442e+0,1.679e-19,1.425e-26,1.969e-43,2.843e-17,,,1.142e-18,7.957e-4,,1.966e-15,3.611e-20,1.282e-9,4.376e+0,3.156e-3,8.582e-30,2.989e-17,,,,4.818e-18,2.885e-20,1.108e-17,,2.105e-26,,,,1.485e-21,2.349e-16,1.448e-18,1.855e-11,,,,2.905e-6,1.342e-18,,6.130e-2,,,,,,,2.372e-18,,,,,,,,,,,,,,
791.5,4.542e+0,1.674e-19,1.423e-26,1.964e-43,2.844e-17,,,1.142e-18,7.101e-4,,1.966e-15,3.609e-20,1.212e-9,4.477e+0,3.092e-3,8.577e-30,2.987e-17,,,,4.818e-18,2.607e-20,1.108e-17,,2.104e-26,,,,1.485e-21,2.349e-16,1.449e-18,1.927e-11,,,,2.371e-6,1.342e-18,,6.078e-2,,,,,,,2.373e-18,,,,,,,,,,,,,,
791.53,4.686e+0,1.667e-19,1.421e-26,1.957e-43,2.844e-17,,,1.142e-18,5.974e-4,,1.967e-15,3.607e-20,1.113e-9,4.623e+0,2.991e-3,8.568e-30,2.984e-17,,,,4.819e-18,2.235e-20,1.108e-17,,2.104e-26,,,,1.484e-21,2.349e-16,1.450e-18,2.036e-11,,,,1.744e-6,1.341e-18,,5.986e-2,,,,,,,2.373e-18,,,,,,,,,,,,,,
791.55,4.779e+0,1.662e-19,1.419e-26,1.952e-43,2.845e-17,,,1.142e-18,5.316e-4,,1.967e-15,3.606e-20,1.049e-9,4.716e+0,2.921e-3,8.562e-30,2.982e-17,,,,4.819e-18,2.013e-20,1.108e-17,,2.104e-26,,,,1.484e-21,2.349e-16,1.451e-18,2.109e-11,,,,1.419e-6,1.340e-18,,5.917e-2,,,,,,,2.373e-18,,,,,,,,,,,,,,
791.58,4.911e+0,1.655e-19,1.416e-26,1.945e-43,2.845e-17,,,1.141e-18,4.451e-4,,1.968e-15,3.604e-20,9.593e-10,4.850e+0,2.813e-3,8.553e-30,2.979e-17,,,,4.820e-18,1.718e-20,1.108e-17,,2.103e-26,,,,1.484e-21,2.350e-16,1.453e-18,2.219e-11,,,,1.039e-6,1.339e-18,,5.802e-2,,,,,,,2.374e-18,,,,,,,,,,,,,,
791.6,4.995e+0,1.650e-19,1.414e-26,1.940e-43,2.845e-17,,,1.141e-18,3.948e-4,,1.968e-15,3.602e-20,9.025e-10,4.935e+0,2.739e-3,8.548e-30,2.977e-17,,,,4.820e-18,1.543e-20,1.108e-17,,2.103e-26,,,,1.483e-21,2.350e-16,1.454e-18,2.292e-11,,,,8.424e-7,1.339e-18,,5.717e-2,,,,,,,2.374e-18,,,,,,,,,,,,,,
791.63,5.113e+0,1.643e-19,1.412e-26,1.932e-43,2.846e-17,,,1.141e-18,3.291e-4,,1.969e-15,3.600e-20,8.221e-10,5.055e+0,2.626e-3,8.539e-30,2.974e-17,,,,4.821e-18,1.311e-20,1.107e-17,,2.102e-26,,,,1.483e-21,2.350e-16,1.455e-18,2.400e-11,,,,6.139e-7,1.338e-18,,5.580e-2,,,,,,,2.374e-18,,,,,,,,,,,,,,
791.65,5.187e+0,1.638e-19,1.410e-26,1.927e-43,2.846e-17,,,1.141e-18,2.911e-4,,1.969e-15,3.599e-20,7.716e-10,5.130e+0,2.549e-3,8.533e-30,2.972e-17,,,,4.821e-18,1.174e-20,1.107e-17,,2.102e-26,,,,1.483e-21,2.351e-16,1.456e-18,2.471e-11,,,,4.964e-7,1.337e-18,,5.482e-2,,,,,,,2.374e-18,,,,,,,,,,,,,,
791.68,5.291e+0,1.630e-19,1.407e-26,1.920e-43,2.847e-17,,,1.141e-18,2.415e-4,,1.970e-15,3.597e-20,7.004e-10,5.235e+0,2.433e-3,8.524e-30,2.968e-17,,,,4.822e-18,9.923e-21,1.107e-17,,2.101e-26,,,,1.483e-21,2.351e-16,1.458e-18,2.575e-11,,,,3.601e-7,1.336e-18,,5.326e-2,,,,,,,2.375e-18,,,,,,,,,,,,,,
791.7,5.354e+0,1.625e-19,1.405e-26,1.915e-43,2.847e-17,,,1.141e-18,2.129e-4,,1.970e-15,3.595e-20,6.560e-10,5.299e+0,2.354e-3,8.519e-30,2.966e-17,,,,4.822e-18,8.859e-21,1.107e-17,,2.101e-26,,,,1.482e-21,2.351e-16,1.459e-18,2.643e-11,,,,2.903e-7,1.336e-18,,5.217e-2,,,,,,,2.375e-18,,,,,,,,,,,,,,
791.73,5.441e+0,1.618e-19,1.403e-26,1.908e-43,2.847e-17,,,1.141e-18,1.758e-4,,1.971e-15,3.593e-20,5.937e-10,5.388e+0,2.236e-3,8.510e-30,2.963e-17,,,,4.823e-18,7.455e-21,1.107e-17,,2.100e-26,,,,1.482e-21,2.351e-16,1.460e-18,2.743e-11,,,,2.096e-7,1.335e-18,,5.045e-2,,,,,,,2.375e-18,,,,,,,,,,,,,,
791.75,5.494e+0,1.613e-19,1.401e-26,1.903e-43,2.848e-17,,,1.141e-18,1.546e-4,,1.971e-15,3.592e-20,5.549e-10,5.442e+0,2.157e-3,8.504e-30,2.961e-17,,,,4.823e-18,6.635e-21,1.107e-17,,2.100e-26,,,,1.482e-21,2.352e-16,1.461e-18,2.807e-11,,,,1.684e-7,1.334e-18,,4.926e-2,,,,,,,2.376e-18,,,,,,,,,,,,,,
791.78,5.564e+0,1.606e-19,1.398e-26,1.895e-43,2.848e-17,,,1.141e-18,1.271e-4,,1.972e-15,3.590e-20,5.009e-10,5.514e+0,2.040e-3,8.495e-30,2.958e-17,,,,4.824e-18,5.558e-21,1.106e-17,,2.100e-26,,,,1.481e-21,2.352e-16,1.462e-18,2.899e-11,,,,1.211e-7,1.334e-18,,4.742e-2,,,,,,,2.376e-18,,,,,,,,,,,,,,
791.8,5.605e+0,1.601e-19,1.396e-26,1.890e-43,2.849e-17,,,1.141e-18,1.113e-4,,1.972e-15,3.588e-20,4.674e-10,5.557e+0,1.962e-3,8.490e-30,2.956e-17,,,,4.824e-18,4.932e-21,1.106e-17,,2.099e-26,,,,1.481e-21,2.352e-16,1.463e-18,2.958e-11,,,,9.699e-8,1.333e-18,,4.617e-2,,,,,,,2.376e-18,,,,,,,,,,,,,,
791.82,5.642e+0,1.596e-19,1.395e-26,1.885e-43,2.849e-17,,,1.141e-18,9.744e-5,,1.973e-15,3.587e-20,4.359e-10,5.596e+0,1.885e-3,8.484e-30,2.954e-17,,,,4.824e-18,4.371e-21,1.106e-17,,2.099e-26,,,,1.481e-21,2.352e-16,1.464e-18,3.014e-11,,,,7.761e-8,1.332e-18,,4.489e-2,,,,,,,2.377e-18,,,,,,,,,,,,,,
791.85,5.690e+0,1.589e-19,1.392e-26,1.878e-43,2.849e-17,,,1.141e-18,7.959e-5,,1.973e-15,3.585e-20,3.923e-10,5.645e+0,1.771e-3,8.475e-30,2.950e-17,,,,4.825e-18,3.638e-21,1.106e-17,,2.098e-26,,,,1.481e-21,2.353e-16,1.466e-18,3.094e-11,,,,5.542e-8,1.331e-18,,4.294e-2,,,,,,,2.377e-18,,,,,,,,,,,,,,
791.87,5.717e+0,1.584e-19,1.390e-26,1.873e-43,2.850e-17,,,1.141e-18,6.944e-5,,1.974e-15,3.584e-20,3.654e-10,5.673e+0,1.696e-3,8.469e-30,2.948e-17,,,,4.825e-18,3.214e-21,1.106e-17,,2.098e-26,,,,1.480e-21,2.353e-16,1.467e-18,3.143e-11,,,,4.421e-8,1.331e-18,,4.162e-2,,,,,,,2.377e-18,,,,,,,,,,,,,,
791.9,5.749e+0,1.577e-19,1.387e-26,1.866e-43,2.850e-17,,,1.141e-18,5.646e-5,,1.974e-15,3.581e-20,3.284e-10,5.708e+0,1.586e-3,8.460e-30,2.945e-17,,,,4.826e-18,2.663e-21,1.106e-17,,2.097e-26,,,,1.480e-21,2.353e-16,1.468e-18,3.211e-11,,,,3.142e-8,1.330e-18,,3.963e-2,,,,,,,2.378e-18,,,,,,,,,,,,,,
791.92,5.766e+0,1.572e-19,1.386e-26,1.861e-43,2.851e-17,,,1.141e-18,4.911e-5,,1.975e-15,3.580e-20,3.057e-10,5.727e+0,1.515e-3,8.455e-30,2.943e-17,,,,4.826e-18,2.345e-21,1.105e-17,,2.097e-26,,,,1.480e-21,2.353e-16,1.469e-18,3.252e-11,,,,2.499e-8,1.329e-18,,3.829e-2,,,,,,,2.378e-18,,,,,,,,,,,,,,
791.95,5.786e+0,1.564e-19,1.383e-26,1.853e-43,2.851e-17,,,1.141e-18,3.975e-5,,1.975e-15,3.578e-20,2.744e-10,5.748e+0,1.410e-3,8.446e-30,2.940e-17,,,,4.827e-18,1.934e-21,1.105e-17,,2.097e-26,,,,1.479e-21,2.354e-16,1.471e-18,3.308e-11,,,,1.768e-8,1.328e-18,,3.630e-2,,,,,,,2.378e-18,,,,,,,,,,,,,,
791.97,5.794e+0,1.559e-19,1.381e-26,1.848e-43,2.851e-17,,,1.141e-18,3.447e-5,,1.976e-15,3.577e-20,2.554e-10,5.758e+0,1.342e-3,8.440e-30,2.938e-17,,,,4.827e-18,1.698e-21,1.105e-17,,2.096e-26,,,,1.479e-21,2.354e-16,1.472e-18,3.340e-11,,,,1.402e-8,1.328e-18,,3.497e-2,,,,,,,2.378e-18,,,,,,,,,,,,,,
792,5.802e+0,1.552e-19,1.379e-26,1.841e-43,2.852e-17,,,1.140e-18,2.777e-5,,1.977e-15,3.575e-20,2.293e-10,5.768e+0,1.244e-3,8.431e-30,2.935e-17,,,,4.828e-18,1.394e-21,1.105e-17,,2.096e-26,,,,1.479e-21,2.354e-16,1.473e-18,3.382e-11,,,,9.873e-9,1.327e-18,,3.299e-2,,,,,,,2.379e-18,,,,,,,,,,,,,,
792.02,5.804e+0,1.547e-19,1.377e-26,1.836e-43,2.852e-17,,,1.140e-18,2.401e-5,,1.977e-15,3.573e-20,2.135e-10,5.771e+0,1.180e-3,8.426e-30,2.933e-17,,,,4.828e-18,1.221e-21,1.105e-17,,2.095e-26,,,,1.479e-21,2.354e-16,1.474e-18,3.404e-11,,,,7.803e-9,1.326e-18,,3.169e-2,,,,,,,2.379e-18,,,,,,,,,,,,,,
792.05,5.803e+0,1.540e-19,1.374e-26,1.829e-43,2.853e-17,,,1.140e-18,1.925e-5,,1.978e-15,3.571e-20,1.918e-10,5.772e+0,1.089e-3,8.417e-30,2.929e-17,,,,4.829e-18,9.974e-22,1.104e-17,,2.095e-26,,,,1.478e-21,2.355e-16,1.475e-18,3.431e-11,,,,5.470e-9,1.325e-18,,2.976e-2,,,,,,,2.379e-18,,,,,,,,,,,,,,
792.07,5.800e+0,1.535e-19,1.372e-26,1.824e-43,2.853e-17,,,1.140e-18,1.659e-5,,1.978e-15,3.570e-20,1.787e-10,5.770e+0,1.030e-3,8.411e-30,2.927e-17,,,,4.829e-18,8.704e-22,1.104e-17,,2.095e-26,,,,1.478e-21,2.355e-16,1.476e-18,3.444e-11,,,,4.310e-9,1.325e-18,,2.850e-2,,,,,,,2.380e-18,,,,,,,,,,,,,,
792.1,5.793e+0,1.528e-19,1.370e-26,1.816e-43,2.854e-17,,,1.140e-18,1.324e-5,,1.979e-15,3.568e-20,1.608e-10,5.765e+0,9.459e-4,8.402e-30,2.924e-17,,,,4.829e-18,7.080e-22,1.104e-17,,2.094e-26,,,,1.478e-21,2.355e-16,1.478e-18,3.455e-11,,,,3.008e-9,1.324e-18,,2.664e-2,,,,,,,2.380e-18,,,,,,,,,,,,,,
792.12,5.787e+0,1.523e-19,1.368e-26,1.811e-43,2.854e-17,,,1.140e-18,1.138e-5,,1.979e-15,3.566e-20,1.501e-10,5.761e+0,8.923e-4,8.397e-30,2.922e-17,,,,4.830e-18,6.160e-22,1.104e-17,,2.094e-26,,,,1.477e-21,2.356e-16,1.479e-18,3.457e-11,,,,2.363e-9,1.323e-18,,2.543e-2,,,,,,,2.380e-18,,,,,,,,,,,,,,
792.15,5.777e+0,1.516e-19,1.365e-26,1.804e-43,2.854e-17,,,1.140e-18,9.042e-6,,1.980e-15,3.564e-20,1.354e-10,5.753e+0,8.155e-4,8.388e-30,2.919e-17,,,,4.830e-18,4.988e-22,1.104e-17,,2.093e-26,,,,1.477e-21,2.356e-16,1.480e-18,3.452e-11,,,,1.641e-9,1.322e-18,,2.367e-2,,,,,,,2.381e-18,,,,,,,,,,,,,,
792.17,5.771e+0,1.511e-19,1.363e-26,1.799e-43,2.855e-17,,,1.140e-18,7.745e-6,,1.980e-15,3.563e-20,1.266e-10,5.748e+0,7.669e-4,8.382e-30,2.917e-17,,,,4.831e-18,4.326e-22,1.104e-17,,2.093e-26,,,,1.477e-21,2.356e-16,1.481e-18,3.444e-11,,,,1.285e-9,1.322e-18,,2.252e-2,,,,,,,2.381e-18,,,,,,,,,,,,,,
792.19,5.765e+0,1.506e-19,1.362e-26,1.794e-43,2.855e-17,,,1.140e-18,6.626e-6,,1.980e-15,3.561e-20,1.184e-10,5.743e+0,7.203e-4,8.376e-30,2.915e-17,,,,4.831e-18,3.748e-22,1.104e-17,,2.093e-26,,,,1.477e-21,2.356e-16,1.482e-18,3.432e-11,,,,1.005e-9,1.321e-18,,2.141e-2,,,,,,,2.381e-18,,,,,,,,,,,,,,
792.22,5.757e+0,1.498e-19,1.359e-26,1.787e-43,2.855e-17,,,1.140e-18,5.232e-6,,1.981e-15,3.559e-20,1.074e-10,5.736e+0,6.541e-4,8.367e-30,2.911e-17,,,,4.832e-18,3.015e-22,1.103e-17,,2.092e-26,,,,1.476e-21,2.357e-16,1.484e-18,3.405e-11,,,,6.937e-10,1.320e-18,,1.980e-2,,,,,,,2.381e-18,,,,,,,,,,,,,,
792.24,5.753e+0,1.494e-19,1.357e-26,1.782e-43,2.856e-17,,,1.140e-18,4.462e-6,,1.981e-15,3.558e-20,1.008e-10,5.733e+0,6.125e-4,8.362e-30,2.909e-17,,,,4.832e-18,2.604e-22,1.103e-17,,2.092e-26,,,,1.476e-21,2.357e-16,1.485e-18,3.383e-11,,,,5.409e-10,1.320e-18,,1.876e-2,,,,,,,2.382e-18,,,,,,,,,,,,,,
792.27,5.749e+0,1.486e-19,1.354e-26,1.774e-43,2.856e-17,,,1.140e-18,3.507e-6,,1.982e-15,3.556e-20,9.176e-11,5.732e+0,5.537e-4,8.353e-30,2.906e-17,,,,4.833e-18,2.085e-22,1.103e-17,,2.091e-26,,,,1.476e-21,2.357e-16,1.486e-18,3.341e-11,,,,3.715e-10,1.319e-18,,1.727e-2,,,,,,,2.382e-18,,,,,,,,,,,,,,
792.29,5.750e+0,1.481e-19,1.353e-26,1.769e-43,2.857e-17,,,1.140e-18,2.982e-6,,1.982e-15,3.554e-20,8.633e-11,5.733e+0,5.169e-4,8.347e-30,2.904e-17,,,,4.833e-18,1.795e-22,1.103e-17,,2.091e-26,,,,1.475e-21,2.357e-16,1.487e-18,3.309e-11,,,,2.888e-10,1.318e-18,,1.631e-2,,,,,,,2.382e-18,,,,,,,,,,,,,,
792.32,5.754e+0,1.474e-19,1.350e-26,1.762e-43,2.857e-17,,,1.140e-18,2.332e-6,,1.983e-15,3.552e-20,7.897e-11,5.739e+0,4.651e-4,8.338e-30,2.901e-17,,,,4.833e-18,1.431e-22,1.103e-17,,2.090e-26,,,,1.475e-21,2.358e-16,1.489e-18,3.254e-11,,,,1.975e-10,1.317e-18,,1.495e-2,,,,,,,2.383e-18,,,,,,,,,,,,,,
792.34,5.761e+0,1.469e-19,1.348e-26,1.757e-43,2.857e-17,,,1.140e-18,1.977e-6,,1.983e-15,3.551e-20,7.453e-11,5.746e+0,4.329e-4,8.333e-30,2.899e-17,,,,4.834e-18,1.228e-22,1.102e-17,,2.090e-26,,,,1.475e-21,2.358e-16,1.489e-18,3.213e-11,,,,1.530e-10,1.317e-18,,1.408e-2,,,,,,,2.383e-18,,,,,,,,,,,,,,
792.37,5.776e+0,1.462e-19,1.345e-26,1.750e-43,2.858e-17,,,1.140e-18,1.540e-6,,1.984e-15,3.549e-20,6.849e-11,5.763e+0,3.877e-4,8.324e-30,2.896e-17,,,,4.834e-18,9.747e-23,1.102e-17,,2.089e-26,,,,1.475e-21,2.358e-16,1.491e-18,3.145e-11,,,,1.042e-10,1.316e-18,,1.284e-2,,,,,,,2.383e-18,,,,,,,,,,,,,,
792.39,5.790e+0,1.457e-19,1.344e-26,1.745e-43,2.858e-17,,,1.140e-18,1.301e-6,,1.984e-15,3.547e-20,6.484e-11,5.777e+0,3.597e-4,8.318e-30,2.894e-17,,,,4.835e-18,8.341e-23,1.102e-17,,2.089e-26,,,,1.474e-21,2.358e-16,1.492e-18,3.096e-11,,,,8.047e-11,1.315e-18,,1.206e-2,,,,,,,2.383e-18,,,,,,,,,,,,,,
792.42,5.817e+0,1.450e-19,1.341e-26,1.737e-43,2.859e-17,,,1.139e-18,1.008e-6,,1.985e-15,3.545e-20,5.984e-11,5.806e+0,3.208e-4,8.309e-30,2.890e-17,,,,4.835e-18,6.588e-23,1.102e-17,,2.089e-26,,,,1.474e-21,2.359e-16,1.493e-18,3.017e-11,,,,5.452e-11,1.314e-18,,1.095e-2,,,,,,,2.384e-18,,,,,,,,,,,,,,
792.44,5.840e+0,1.445e-19,1.339e-26,1.732e-43,2.859e-17,,,1.139e-18,8.496e-7,,1.985e-15,3.544e-20,5.681e-11,5.830e+0,2.967e-4,8.304e-30,2.888e-17,,,,4.836e-18,5.621e-23,1.102e-17,,2.088e-26,,,,1.474e-21,2.359e-16,1.494e-18,2.961e-11,,,,4.199e-11,1.314e-18,,1.025e-2,,,,,,,2.384e-18,,,,,,,,,,,,,,
792.47,5.882e+0,1.437e-19,1.337e-26,1.725e-43,2.860e-17,,,1.139e-18,6.555e-7,,1.986e-15,3.542e-20,5.264e-11,5.872e+0,2.633e-4,8.295e-30,2.885e-17,,,,4.836e-18,4.419e-23,1.102e-17,,2.088e-26,,,,1.473e-21,2.359e-16,1.496e-18,2.872e-11,,,,2.831e-11,1.313e-18,,9.259e-3,,,,,,,2.384e-18,,,,,,,,,,,,,,
792.49,5.915e+0,1.432e-19,1.335e-26,1.720e-43,2.860e-17,,,1.139e-18,5.506e-7,,1.986e-15,3.540e-20,5.009e-11,5.906e+0,2.428e-4,8.289e-30,2.883e-17,,,,4.837e-18,3.758e-23,1.101e-17,,2.087e-26,,,,1.473e-21,2.359e-16,1.497e-18,2.810e-11,,,,2.174e-11,1.312e-18,,8.642e-3,,,,,,,2.385e-18,,,,,,,,,,,,,,
792.52,5.971e+0,1.425e-19,1.332e-26,1.713e-43,2.860e-17,,,1.139e-18,4.229e-7,,1.987e-15,3.538e-20,4.657e-11,5.963e+0,2.146e-4,8.280e-30,2.880e-17,,,,4.837e-18,2.941e-23,1.101e-17,,2.087e-26,,,,1.473e-21,2.360e-16,1.498e-18,2.713e-11,,,,1.459e-11,1.311e-18,,7.774e-3,,,,,,,2.385e-18,,,,,,,,,,,,,,
792.54,6.014e+0,1.420e-19,1.330e-26,1.708e-43,2.861e-17,,,1.139e-18,3.541e-7,,1.988e-15,3.537e-20,4.440e-11,6.006e+0,1.973e-4,8.275e-30,2.878e-17,,,,4.838e-18,2.494e-23,1.101e-17,,2.087e-26,,,,1.473e-21,2.360e-16,1.499e-18,2.646e-11,,,,1.117e-11,1.311e-18,,7.233e-3,,,,,,,2.385e-18,,,,,,,,,,,,,,
792.56,6.060e+0,1.415e-19,1.328e-26,1.703e-43,2.861e-17,,,1.139e-18,2.961e-7,,1.988e-15,3.535e-20,4.236e-11,6.054e+0,1.811e-4,8.269e-30,2.876e-17,,,,4.838e-18,2.112e-23,1.101e-17,,2.086e-26,,,,1.472e-21,2.360e-16,1.500e-18,2.578e-11,,,,8.540e-12,1.310e-18,,6.722e-3,,,,,,,2.386e-18,,,,,,,,,,,,,,
792.59,6.138e+0,1.408e-19,1.326e-26,1.695e-43,2.862e-17,,,1.139e-18,2.260e-7,,1.989e-15,3.533e-20,3.951e-11,6.132e+0,1.590e-4,8.260e-30,2.873e-17,,,,4.838e-18,1.642e-23,1.101e-17,,2.086e-26,,,,1.472e-21,2.361e-16,1.502e-18,2.474e-11,,,,5.696e-12,1.309e-18,,6.008e-3,,,,,,,2.386e-18,,,,,,,,,,,,,,
792.61,6.195e+0,1.403e-19,1.324e-26,1.690e-43,2.862e-17,,,1.139e-18,1.884e-7,,1.989e-15,3.532e-20,3.774e-11,6.189e+0,1.456e-4,8.254e-30,2.870e-17,,,,4.839e-18,1.386e-23,1.101e-17,,2.085e-26,,,,1.472e-21,2.361e-16,1.503e-18,2.403e-11,,,,4.341e-12,1.309e-18,,5.566e-3,,,,,,,2.386e-18,,,,,,,,,,,,,,
792.64,6.286e+0,1.396e-19,1.321e-26,1.683e-43,2.862e-17,,,1.139e-18,1.431e-7,,1.990e-15,3.530e-20,3.525e-11,6.281e+0,1.272e-4,8.245e-30,2.867e-17,,,,4.839e-18,1.073e-23,1.100e-17,,2.085e-26,,,,1.471e-21,2.361e-16,1.504e-18,2.295e-11,,,,2.882e-12,1.308e-18,,4.952e-3,,,,,,,2.387e-18,,,,,,,,,,,,,,
792.66,6.352e+0,1.391e-19,1.320e-26,1.678e-43,2.863e-17,,,1.139e-18,1.190e-7,,1.990e-15,3.528e-20,3.368e-11,6.347e+0,1.161e-4,8.240e-30,2.865e-17,,,,4.840e-18,9.032e-24,1.100e-17,,2.084e-26,,,,1.471e-21,2.361e-16,1.505e-18,2.222e-11,,,,2.190e-12,1.307e-18,,4.574e-3,,,,,,,2.387e-18,,,,,,,,,,,,,,
792.69,6.457e+0,1.384e-19,1.317e-26,1.671e-43,2.863e-17,,,1.139e-18,8.994e-8,,1.991e-15,3.526e-20,3.147e-11,6.453e+0,1.010e-4,8.231e-30,2.862e-17,,,,4.840e-18,6.959e-24,1.100e-17,,2.084e-26,,,,1.471e-21,2.362e-16,1.506e-18,2.113e-11,,,,1.447e-12,1.306e-18,,4.051e-3,,,,,,,2.387e-18,,,,,,,,,,,,,,
792.71,6.531e+0,1.379e-19,1.315e-26,1.666e-43,2.863e-17,,,1.139e-18,7.453e-8,,1.991e-15,3.525e-20,3.007e-11,6.527e+0,9.187e-5,8.225e-30,2.860e-17,,,,4.841e-18,5.839e-24,1.100e-17,,2.084e-26,,,,1.471e-21,2.362e-16,1.507e-18,2.040e-11,,,,1.096e-12,1.306e-18,,3.731e-3,,,,,,,2.387e-18,,,,,,,,,,,,,,
792.74,6.647e+0,1.371e-19,1.312e-26,1.658e-43,2.864e-17,,,1.139e-18,5.609e-8,,1.992e-15,3.523e-20,2.809e-11,6.643e+0,7.955e-5,8.216e-30,2.857e-17,,,,4.841e-18,4.478e-24,1.100e-17,,2.083e-26,,,,1.470e-21,2.362e-16,1.509e-18,1.930e-11,,,,7.209e-13,1.305e-18,,3.289e-3,,,,,,,2.388e-18,,,,,,,,,,,,,,
792.76,6.727e+0,1.367e-19,1.311e-26,1.653e-43,2.864e-17,,,1.139e-18,4.634e-8,,1.992e-15,3.521e-20,2.683e-11,6.724e+0,7.215e-5,8.211e-30,2.855e-17,,,,4.842e-18,3.746e-24,1.100e-17,,2.083e-26,,,,1.470e-21,2.362e-16,1.510e-18,1.858e-11,,,,5.444e-13,1.304e-18,,3.019e-3,,,,,,,2.388e-18,,,,,,,,,,,,,,
792.79,6.852e+0,1.359e-19,1.308e-26,1.646e-43,2.865e-17,,,1.139e-18,3.472e-8,,1.993e-15,3.519e-20,2.503e-11,6.850e+0,6.219e-5,8.202e-30,2.851e-17,,,,4.842e-18,2.860e-24,1.099e-17,,2.082e-26,,,,1.470e-21,2.363e-16,1.511e-18,1.751e-11,,,,3.564e-13,1.303e-18,,2.650e-3,,,,,,,2.388e-18,,,,,,,,,,,,,,
792.81,6.938e+0,1.354e-19,1.306e-26,1.641e-43,2.865e-17,,,1.139e-18,2.859e-8,,1.993e-15,3.518e-20,2.388e-11,6.936e+0,5.624e-5,8.196e-30,2.849e-17,,,,4.842e-18,2.385e-24,1.099e-17,,2.082e-26,,,,1.469e-21,2.363e-16,1.512e-18,1.680e-11,,,,2.683e-13,1.303e-18,,2.425e-3,,,,,,,2.389e-18,,,,,,,,,,,,,,
792.84,7.069e+0,1.347e-19,1.303e-26,1.634e-43,2.866e-17,,,1.139e-18,2.132e-8,,1.994e-15,3.516e-20,2.224e-11,7.067e+0,4.825e-5,8.187e-30,2.846e-17,,,,4.843e-18,1.812e-24,1.099e-17,,2.081e-26,,,,1.469e-21,2.363e-16,1.514e-18,1.575e-11,,,,1.749e-13,1.302e-18,,2.118e-3,,,,,,,2.389e-18,,,,,,,,,,,,,,
792.86,7.158e+0,1.342e-19,1.302e-26,1.629e-43,2.866e-17,,,1.138e-18,1.751e-8,,1.994e-15,3.514e-20,2.120e-11,7.156e+0,4.350e-5,8.182e-30,2.844e-17,,,,4.843e-18,1.507e-24,1.099e-17,,2.081e-26,,,,1.469e-21,2.363e-16,1.515e-18,1.507e-11,,,,1.312e-13,1.301e-18,,1.933e-3,,,,,,,2.389e-18,,,,,,,,,,,,,,
792.89,7.293e+0,1.335e-19,1.299e-26,1.621e-43,2.866e-17,,,1.138e-18,1.300e-8,,1.995e-15,3.512e-20,1.970e-11,7.292e+0,3.715e-5,8.173e-30,2.841e-17,,,,4.844e-18,1.140e-24,1.099e-17,,2.080e-26,,,,1.469e-21,2.364e-16,1.516e-18,1.407e-11,,,,8.514e-14,1.300e-18,,1.681e-3,,,,,,,2.390e-18,,,,,,,,,,,,,,
792.91,7.384e+0,1.330e-19,1.297e-26,1.616e-43,2.867e-17,,,1.138e-18,1.064e-8,,1.995e-15,3.511e-20,1.874e-11,7.382e+0,3.339e-5,8.167e-30,2.839e-17,,,,4.844e-18,9.448e-25,1.098e-17,,2.080e-26,,,,1.468e-21,2.364e-16,1.517e-18,1.342e-11,,,,6.370e-14,1.300e-18,,1.529e-3,,,,,,,2.390e-18,,,,,,,,,,,,,,
792.93,7.474e+0,1.325e-19,1.295e-26,1.611e-43,2.867e-17,,,1.138e-18,8.697e-9,,1.995e-15,3.510e-20,1.781e-11,7.473e+0,2.997e-5,8.161e-30,2.837e-17,,,,4.845e-18,7.822e-25,1.098e-17,,2.080e-26,,,,1.468e-21,2.364e-16,1.518e-18,1.278e-11,,,,4.760e-14,1.299e-18,,1.389e-3,,,,,,,2.390e-18,,,,,,,,,,,,,,
792.96,7.610e+0,1.318e-19,1.293e-26,1.604e-43,2.868e-17,,,1.138e-18,6.414e-9,,1.996e-15,3.507e-20,1.649e-11,7.609e+0,2.544e-5,8.153e-30,2.834e-17,,,,4.845e-18,5.878e-25,1.098e-17,,2.079e-26,,,,1.468e-21,2.364e-16,1.519e-18,1.186e-11,,,,3.068e-14,1.298e-18,,1.200e-3,,,,,,,2.390e-18,,,,,,,,,,,,,,
792.98,7.699e+0,1.313e-19,1.291e-26,1.599e-43,2.868e-17,,,1.138e-18,5.228e-9,,1.996e-15,3.506e-20,1.564e-11,7.698e+0,2.276e-5,8.147e-30,2.831e-17,,,,4.846e-18,4.852e-25,1.098e-17,,2.079e-26,,,,1.467e-21,2.365e-16,1.520e-18,1.126e-11,,,,2.286e-14,1.768e-18,,1.087e-3,,,,,,,2.391e-18,,,,,,,,,,,,,,
793.01,7.832e+0,1.306e-19,1.288e-26,1.592e-43,2.868e-17,,,1.138e-18,3.838e-9,,1.997e-15,3.504e-20,1.443e-11,7.831e+0,1.923e-5,8.138e-30,2.828e-17,,,,4.846e-18,3.629e-25,1.098e-17,,2.078e-26,,,,1.467e-21,2.365e-16,1.522e-18,1.040e-11,,,,1.466e-14,2.803e-18,,9.350e-4,,,,,,,2.391e-18,,,,,,,,,,,,,,
793.03,7.919e+0,1.301e-19,1.286e-26,1.587e-43,2.869e-17,,,1.138e-18,3.119e-9,,1.997e-15,3.503e-20,1.366e-11,7.918e+0,1.716e-5,8.132e-30,2.826e-17,,,,4.847e-18,2.986e-25,1.098e-17,,2.078e-26,,,,1.467e-21,2.365e-16,1.523e-18,9.848e-12,,,,1.089e-14,3.805e-18,,8.443e-4,,,,,,,2.391e-18,,,,,,,,,,,,,,
793.06,8.047e+0,1.293e-19,1.284e-26,1.579e-43,2.869e-17,,,1.138e-18,2.279e-9,,1.998e-15,3.500e-20,1.256e-11,8.046e+0,1.443e-5,8.123e-30,2.823e-17,,,,4.847e-18,2.224e-25,1.097e-17,,2.078e-26,,,,1.467e-21,2.366e-16,1.524e-18,9.053e-12,,,,6.955e-15,6.006e-18,,7.228e-4,,,,,,,2.392e-18,,,,,,,,,,,,,,
793.08,8.130e+0,1.288e-19,1.282e-26,1.574e-43,2.870e-17,,,1.138e-18,1.846e-9,,1.998e-15,3.499e-20,1.186e-11,8.130e+0,1.283e-5,8.118e-30,2.821e-17,,,,4.847e-18,1.824e-25,1.097e-17,,2.077e-26,,,,1.466e-21,2.366e-16,1.525e-18,8.546e-12,,,,5.149e-15,8.129e-18,,6.507e-4,,,,,,,2.392e-18,,,,,,,,,,,,,,
793.11,8.252e+0,1.281e-19,1.279e-26,1.567e-43,2.870e-17,,,1.138e-18,1.343e-9,,1.999e-15,3.497e-20,1.086e-11,8.251e+0,1.074e-5,8.109e-30,2.818e-17,,,,4.848e-18,1.352e-25,1.097e-17,,2.077e-26,,,,1.466e-21,2.366e-16,1.527e-18,7.820e-12,,,,3.273e-15,1.277e-17,,5.546e-4,,,,,,,2.392e-18,,,,,,,,,,,,,,
793.13,8.330e+0,1.276e-19,1.278e-26,1.562e-43,2.870e-17,,,1.138e-18,1.085e-9,,2.000e-15,3.496e-20,1.023e-11,8.330e+0,9.524e-6,8.103e-30,2.816e-17,,,,4.848e-18,1.106e-25,1.097e-17,,2.076e-26,,,,1.466e-21,2.366e-16,1.528e-18,7.360e-12,,,,2.416e-15,1.723e-17,,4.977e-4,,,,,,,2.392e-18,,,,,,,,,,,,,,
793.16,8.444e+0,1.269e-19,1.275e-26,1.555e-43,2.871e-17,,,1.138e-18,7.853e-10,,2.000e-15,3.493e-20,9.336e-12,8.444e+0,7.935e-6,8.094e-30,2.812e-17,,,,4.849e-18,8.159e-26,1.097e-17,,2.076e-26,,,,1.465e-21,2.367e-16,1.529e-18,6.704e-12,,,,1.529e-15,2.696e-17,,4.222e-4,,,,,,,2.393e-18,,,,,,,,,,,,,,
793.18,8.517e+0,1.264e-19,1.273e-26,1.550e-43,2.871e-17,,,1.138e-18,6.323e-10,,2.001e-15,3.492e-20,8.770e-12,8.517e+0,7.015e-6,8.089e-30,2.810e-17,,,,4.849e-18,6.652e-26,1.097e-17,,2.076e-26,,,,1.465e-21,2.367e-16,1.530e-18,6.290e-12,,,,1.125e-15,3.627e-17,,3.778e-4,,,,,,,2.393e-18,,,,,,,,,,,,,,
793.21,8.623e+0,1.257e-19,1.270e-26,1.542e-43,2.872e-17,,,1.138e-18,4.557e-10,,2.001e-15,3.490e-20,7.969e-12,8.622e+0,5.818e-6,8.080e-30,2.807e-17,,,,4.850e-18,4.885e-26,1.096e-17,,2.075e-26,,,,1.465e-21,2.367e-16,1.531e-18,5.704e-12,,,,7.085e-16,5.647e-17,,3.190e-4,,,,,,,2.393e-18,,,,,,,,,,,,,,
793.23,8.690e+0,1.252e-19,1.269e-26,1.537e-43,2.872e-17,,,1.138e-18,3.658e-10,,2.002e-15,3.489e-20,7.466e-12,8.690e+0,5.128e-6,8.074e-30,2.805e-17,,,,4.850e-18,3.971e-26,1.096e-17,,2.075e-26,,,,1.465e-21,2.367e-16,1.532e-18,5.336e-12,,,,5.198e-16,7.575e-17,,2.846e-4,,,,,,,2.394e-18,,,,,,,,,,,,,,
793.26,8.787e+0,1.244e-19,1.266e-26,1.530e-43,2.872e-17,,,1.138e-18,2.624e-10,,2.002e-15,3.486e-20,6.756e-12,8.787e+0,4.233e-6,8.065e-30,2.802e-17,,,,4.851e-18,2.903e-26,1.096e-17,,2.074e-26,,,,1.464e-21,2.368e-16,1.534e-18,4.816e-12,,,,3.258e-16,1.174e-16,,2.392e-4,,,,,,,2.394e-18,,,,,,,,,,,,,,
793.28,8.849e+0,1.240e-19,1.264e-26,1.525e-43,2.873e-17,,,1.137e-18,2.100e-10,,2.003e-15,3.485e-20,6.312e-12,8.849e+0,3.720e-6,8.060e-30,2.800e-17,,,,4.851e-18,2.352e-26,1.096e-17,,2.074e-26,,,,1.464e-21,2.368e-16,1.535e-18,4.492e-12,,,,2.383e-16,1.570e-16,,2.127e-4,,,,,,,2.394e-18,,,,,,,,,,,,,,
793.3,8.909e+0,1.235e-19,1.262e-26,1.520e-43,2.873e-17,,,1.137e-18,1.678e-10,,2.003e-15,3.484e-20,5.890e-12,8.909e+0,3.265e-6,8.054e-30,2.798e-17,,,,4.852e-18,1.904e-26,1.096e-17,,2.073e-26,,,,1.464e-21,2.368e-16,1.536e-18,4.184e-12,,,,,2.098e-16,,1.890e-4,,,,,,,2.395e-18,,,,,,,,,,,,,,
793.33,8.996e+0,1.227e-19,1.260e-26,1.513e-43,2.874e-17,,,1.137e-18,1.196e-10,,2.004e-15,3.482e-20,5.298e-12,8.996e+0,2.678e-6,8.045e-30,2.795e-17,,,,4.852e-18,1.383e-26,1.096e-17,,2.073e-26,,,,1.463e-21,2.368e-16,1.537e-18,3.753e-12,,,,,3.231e-16,,1.578e-4,,,,,,,2.395e-18,,,,,,,,,,,,,,
793.35,9.051e+0,1.222e-19,1.258e-26,1.508e-43,2.874e-17,,,1.137e-18,9.532e-11,,2.004e-15,3.480e-20,4.930e-12,9.051e+0,2.343e-6,8.039e-30,2.792e-17,,,,4.852e-18,1.116e-26,1.095e-17,,2.073e-26,,,,1.463e-21,2.369e-16,1.538e-18,3.485e-12,,,,,4.303e-16,,1.398e-4,,,,,,,2.395e-18,,,,,,,,,,,,,,
793.38,9.131e+0,1.215e-19,1.255e-26,1.500e-43,2.874e-17,,,1.137e-18,6.764e-11,,2.005e-15,3.478e-20,4.415e-12,9.131e+0,1.913e-6,8.030e-30,2.789e-17,,,,4.853e-18,8.067e-27,1.095e-17,,2.072e-26,,,,1.463e-21,2.369e-16,1.540e-18,3.111e-12,,,,,6.599e-16,,1.162e-4,,,,,,,2.396e-18,,,,,,,,,,,,,,
793.4,9.183e+0,1.210e-19,1.253e-26,1.495e-43,2.875e-17,,,1.137e-18,5.373e-11,,2.005e-15,3.477e-20,4.097e-12,9.183e+0,1.669e-6,8.025e-30,2.787e-17,,,,4.853e-18,6.489e-27,1.095e-17,,2.072e-26,,,,1.463e-21,2.369e-16,1.541e-18,2.881e-12,,,,,8.762e-16,,1.026e-4,,,,,,,2.396e-18,,,,,,,,,,,,,,
793.43,9.259e+0,1.203e-19,1.251e-26,1.488e-43,2.875e-17,,,1.137e-18,3.795e-11,,2.006e-15,3.475e-20,3.653e-12,9.259e+0,1.356e-6,8.016e-30,2.784e-17,,,,4.854e-18,4.670e-27,1.095e-17,,2.071e-26,,,,1.462e-21,2.370e-16,1.542e-18,2.560e-12,,,,,1.337e-15,,8.489e-5,,,,,,,2.396e-18,,,,,,,,,,,,,,
793.45,9.308e+0,1.198e-19,1.249e-26,1.483e-43,2.876e-17,,,1.137e-18,3.005e-11,,2.006e-15,3.473e-20,3.379e-12,9.308e+0,1.180e-6,8.010e-30,2.782e-17,,,,4.854e-18,3.745e-27,1.095e-17,,2.071e-26,,,,1.462e-21,2.370e-16,1.543e-18,2.363e-12,,,,,1.771e-15,,7.472e-5,,,,,,,2.396e-18,,,,,,,,,,,,,,
793.48,9.381e+0,1.191e-19,1.246e-26,1.476e-43,2.876e-17,,,1.137e-18,2.113e-11,,2.007e-15,3.471e-20,3.000e-12,9.381e+0,9.543e-7,8.001e-30,2.779e-17,,,,4.855e-18,2.683e-27,1.094e-17,,2.070e-26,,,,1.462e-21,2.370e-16,1.545e-18,2.091e-12,,,,,2.691e-15,,6.155e-5,,,,,,,2.397e-18,,,,,,,,,,,,,,
793.5,9.430e+0,1.186e-19,1.244e-26,1.471e-43,2.876e-17,,,1.137e-18,1.668e-11,,2.007e-15,3.470e-20,2.767e-12,9.429e+0,8.274e-7,7.996e-30,2.777e-17,,,,4.855e-18,2.145e-27,1.094e-17,,2.070e-26,,,,1.461e-21,2.370e-16,1.545e-18,1.924e-12,,,,,3.551e-15,,5.401e-5,,,,,,,2.397e-18,,,,,,,,,,,,,,
793.53,9.502e+0,1.179e-19,1.242e-26,1.463e-43,2.877e-17,,,1.137e-18,1.167e-11,,2.008e-15,3.468e-20,2.445e-12,9.502e+0,6.663e-7,7.987e-30,2.773e-17,,,,4.856e-18,1.530e-27,1.094e-17,,2.070e-26,,,,1.461e-21,2.371e-16,1.547e-18,1.695e-12,,,,,5.372e-15,,4.429e-5,,,,,,,2.397e-18,,,,,,,,,,,,,,
793.55,9.550e+0,1.174e-19,1.240e-26,1.458e-43,2.877e-17,,,1.137e-18,9.188e-12,,2.008e-15,3.466e-20,2.249e-12,9.550e+0,5.759e-7,7.981e-30,2.771e-17,,,,4.856e-18,1.219e-27,1.094e-17,,2.069e-26,,,,1.461e-21,2.371e-16,1.548e-18,1.555e-12,,,,,7.069e-15,,3.874e-5,,,,,,,2.398e-18,,,,,,,,,,,,,,
793.58,9.623e+0,1.166e-19,1.237e-26,1.451e-43,2.878e-17,,,1.137e-18,6.401e-12,,2.009e-15,3.464e-20,1.979e-12,9.623e+0,4.617e-7,7.972e-30,2.768e-17,,,,4.857e-18,8.654e-28,1.094e-17,,2.069e-26,,,,1.461e-21,2.371e-16,1.549e-18,1.363e-12,,,,,1.065e-14,,3.163e-5,,,,,,,2.398e-18,,,,,,,,,,,,,,
793.6,9.672e+0,1.161e-19,1.235e-26,1.446e-43,2.878e-17,,,1.137e-18,5.022e-12,,2.009e-15,3.463e-20,1.814e-12,9.672e+0,3.978e-7,7.967e-30,2.766e-17,,,,4.857e-18,6.876e-28,1.094e-17,,2.068e-26,,,,1.460e-21,2.371e-16,1.550e-18,1.247e-12,,,,,1.397e-14,,2.758e-5,,,,,,,2.398e-18,,,,,,,,,,,,,,
793.63,9.747e+0,1.154e-19,1.233e-26,1.439e-43,2.879e-17,,,1.137e-18,3.483e-12,,2.010e-15,3.461e-20,1.589e-12,9.747e+0,3.175e-7,7.958e-30,2.763e-17,,,,4.858e-18,4.859e-28,1.093e-17,,2.068e-26,,,,1.460e-21,2.372e-16,1.552e-18,1.088e-12,,,,,2.094e-14,,2.241e-5,,,,,,,2.399e-18,,,,,,,,,,,,,,
793.65,9.799e+0,1.149e-19,1.231e-26,1.434e-43,2.879e-17,,,1.137e-18,2.724e-12,,2.010e-15,3.459e-20,1.452e-12,9.799e+0,2.727e-7,7.952e-30,2.761e-17,,,,4.858e-18,3.849e-28,1.093e-17,,2.067e-26,,,,1.460e-21,2.372e-16,1.553e-18,9.922e-13,,,,,2.739e-14,,1.948e-5,,,,,,,2.399e-18,,,,,,,,,,,,,,
793.67,9.851e+0,1.144e-19,1.229e-26,1.429e-43,2.879e-17,,,1.137e-18,2.128e-12,,2.011e-15,3.458e-20,1.326e-12,9.851e+0,2.340e-7,7.946e-30,2.759e-17,,,,4.858e-18,3.045e-28,1.093e-17,,2.067e-26,,,,1.459e-21,2.372e-16,1.554e-18,9.037e-13,,,,,3.578e-14,,1.692e-5,,,,,,,2.399e-18,,,,,,,,,,,,,,
793.7,9.931e+0,1.137e-19,1.227e-26,1.421e-43,2.880e-17,,,1.137e-18,1.466e-12,,2.011e-15,3.456e-20,1.154e-12,9.931e+0,1.855e-7,7.938e-30,2.756e-17,,,,4.859e-18,2.138e-28,1.093e-17,,2.067e-26,,,,1.459e-21,2.372e-16,1.555e-18,7.837e-13,,,,,5.331e-14,,1.366e-5,,,,,,,2.399e-18,,,,,,,,,,,,,,
793.72,9.986e+0,1.132e-19,1.225e-26,1.416e-43,2.880e-17,,,1.136e-18,1.142e-12,,2.012e-15,3.454e-20,1.050e-12,9.986e+0,1.587e-7,7.932e-30,2.753e-17,,,,4.859e-18,1.686e-28,1.093e-17,,2.066e-26,,,,1.459e-21,2.373e-16,1.556e-18,7.116e-13,,,,,6.944e-14,,1.183e-5,,,,,,,2.400e-18,,,,,,,,,,,,,,
793.75,1.007e+1,1.125e-19,1.222e-26,1.409e-43,2.880e-17,,,1.136e-18,7.833e-13,,2.012e-15,3.452e-20,9.101e-13,1.007e+1,1.253e-7,7.923e-30,2.750e-17,,,,4.860e-18,1.178e-28,1.093e-17,,2.066e-26,,,,1.459e-21,2.373e-16,1.558e-18,6.143e-13,,,,,1.030e-13,,9.505e-6,,,,,,,2.400e-18,,,,,,,,,,,,,,
793.77,1.013e+1,1.120e-19,1.220e-26,1.404e-43,2.881e-17,,,1.136e-18,6.082e-13,,2.013e-15,3.451e-20,8.259e-13,1.013e+1,1.068e-7,7.917e-30,2.748e-17,,,,4.860e-18,9.265e-29,1.092e-17,,2.065e-26,,,,1.458e-21,2.373e-16,1.559e-18,5.561e-13,,,,,1.337e-13,,8.203e-6,,,,,,,2.400e-18,,,,,,,,,,,,,,
793.8,1.022e+1,1.113e-19,1.218e-26,1.397e-43,2.881e-17,,,1.136e-18,4.152e-13,,2.013e-15,3.449e-20,7.123e-13,1.022e+1,8.393e-8,7.908e-30,2.745e-17,,,,4.861e-18,6.446e-29,1.092e-17,,2.065e-26,,,,1.458e-21,2.373e-16,1.560e-18,4.779e-13,,,,,1.975e-13,,6.563e-6,,,,,,,2.401e-18,,,,,,,,,,,,,,
793.82,1.028e+1,1.108e-19,1.216e-26,1.392e-43,2.882e-17,,,1.136e-18,3.214e-13,,2.014e-15,3.447e-20,6.445e-13,1.028e+1,7.136e-8,7.903e-30,2.743e-17,,,,4.861e-18,5.053e-29,1.092e-17,,2.065e-26,,,,1.458e-21,2.374e-16,1.561e-18,4.313e-13,,,,,2.556e-13,,5.647e-6,,,,,,,2.401e-18,,,,,,,,,,,,,,
793.85,1.037e+1,1.100e-19,1.213e-26,1.384e-43,2.882e-17,,,1.136e-18,2.184e-13,,2.014e-15,3.445e-20,5.533e-13,1.037e+1,5.581e-8,7.894e-30,2.740e-17,,,,4.862e-18,3.499e-29,1.092e-17,,2.064e-26,,,,1.457e-21,2.374e-16,1.562e-18,3.690e-13,,,,,3.758e-13,,4.497e-6,,,,,,,2.401e-18,,,,,,,,,,,,,,
793.87,1.043e+1,1.095e-19,1.211e-26,1.379e-43,2.882e-17,,,1.136e-18,1.686e-13,,2.015e-15,3.444e-20,4.991e-13,1.043e+1,4.730e-8,7.888e-30,2.738e-17,,,,4.862e-18,2.734e-29,1.092e-17,,2.064e-26,,,,1.457e-21,2.374e-16,1.563e-18,3.320e-13,,,,,4.850e-13,,3.858e-6,,,,,,,2.401e-18,,,,,,,,,,,,,,
793.9,1.052e+1,1.088e-19,1.209e-26,1.372e-43,2.883e-17,,,1.136e-18,1.140e-13,,2.015e-15,3.442e-20,4.266e-13,1.052e+1,3.682e-8,7.879e-30,2.735e-17,,,,4.863e-18,1.885e-29,1.092e-17,,2.063e-26,,,,1.457e-21,2.375e-16,1.565e-18,2.827e-13,,,,,7.097e-13,,3.058e-6,,,,,,,2.402e-18,,,,,,,,,,,,,,
793.92,1.058e+1,1.083e-19,1.207e-26,1.367e-43,2.883e-17,,,1.136e-18,8.773e-14,,2.016e-15,3.440e-20,3.836e-13,1.058e+1,3.112e-8,7.874e-30,2.732e-17,,,,4.863e-18,1.468e-29,1.091e-17,,2.063e-26,,,,1.457e-21,2.375e-16,1.566e-18,2.536e-13,,,,,9.134e-13,,2.615e-6,,,,,,,2.402e-18,,,,,,,,,,,,,,
793.95,1.067e+1,1.076e-19,1.204e-26,1.360e-43,2.884e-17,,,1.136e-18,5.907e-14,,2.016e-15,3.438e-20,3.264e-13,1.067e+1,2.411e-8,7.865e-30,2.729e-17,,,,4.863e-18,1.007e-29,1.091e-17,,2.062e-26,,,,1.456e-21,2.375e-16,1.567e-18,2.150e-13,,,,,1.330e-12,,2.064e-6,,,,,,,2.402e-18,,,,,,,,,,,,,,
793.97,1.073e+1,1.071e-19,1.202e-26,1.355e-43,2.884e-17,,,1.136e-18,4.531e-14,,2.017e-15,3.437e-20,2.926e-13,1.073e+1,2.031e-8,7.859e-30,2.727e-17,,,,4.864e-18,7.825e-30,1.091e-17,,2.062e-26,,,,1.456e-21,2.375e-16,1.568e-18,1.923e-13,,,,,1.707e-12,,1.759e-6,,,,,,,2.403e-18,,,,,,,,,,,,,,
794,1.081e+1,1.064e-19,1.200e-26,1.347e-43,2.885e-17,,,1.136e-18,3.037e-14,,2.017e-15,3.435e-20,2.478e-13,1.081e+1,1.567e-8,7.850e-30,2.724e-17,,,,4.864e-18,5.344e-30,1.091e-17,,2.061e-26,,,,1.456e-21,2.376e-16,1.570e-18,1.623e-13,,,,,2.475e-12,,1.382e-6,,,,,,,2.403e-18,,,,,,,,,,,,,,
794.02,1.087e+1,1.059e-19,1.198e-26,1.342e-43,2.885e-17,,,1.136e-18,2.322e-14,,2.018e-15,3.433e-20,2.215e-13,1.087e+1,1.316e-8,7.845e-30,2.722e-17,,,,4.865e-18,4.138e-30,1.091e-17,,2.061e-26,,,,1.455e-21,2.376e-16,1.571e-18,1.447e-13,,,,,3.167e-12,,1.175e-6,,,,,,,2.403e-18,,,,,,,,,,,,,,
794.05,1.094e+1,1.052e-19,1.195e-26,1.335e-43,2.885e-17,,,1.136e-18,1.549e-14,,2.018e-15,3.431e-20,1.867e-13,1.094e+1,1.011e-8,7.836e-30,2.719e-17,,,,4.865e-18,2.813e-30,1.090e-17,,2.061e-26,,,,1.455e-21,2.376e-16,1.572e-18,1.215e-13,,,,,4.571e-12,,9.184e-7,,,,,,,2.404e-18,,,,,,,,,,,,,,
794.07,1.099e+1,1.047e-19,1.193e-26,1.330e-43,2.886e-17,,,1.136e-18,1.181e-14,,2.019e-15,3.430e-20,1.664e-13,1.099e+1,8.461e-9,7.830e-30,2.717e-17,,,,4.866e-18,2.172e-30,1.090e-17,,2.060e-26,,,,1.455e-21,2.376e-16,1.573e-18,1.080e-13,,,,,5.830e-12,,7.783e-7,,,,,,,2.404e-18,,,,,,,,,,,,,,
794.09,1.104e+1,1.042e-19,1.192e-26,1.325e-43,2.886e-17,,,1.136e-18,8.993e-15,,2.019e-15,3.428e-20,1.481e-13,1.104e+1,7.076e-9,7.824e-30,2.714e-17,,,,4.866e-18,1.675e-30,1.090e-17,,2.060e-26,,,,1.455e-21,2.377e-16,1.574e-18,9.591e-14,,,,,7.427e-12,,6.587e-7,,,,,,,2.404e-18,,,,,,,,,,,,,,
794.12,1.109e+1,1.034e-19,1.189e-26,1.318e-43,2.887e-17,,,1.136e-18,5.961e-15,,2.020e-15,3.426e-20,1.241e-13,1.109e+1,5.398e-9,7.815e-30,2.711e-17,,,,4.867e-18,1.131e-30,1.090e-17,,2.059e-26,,,,1.454e-21,2.377e-16,1.575e-18,8.006e-14,,,,,1.065e-11,,5.118e-7,,,,,,,2.405e-18,,,,,,,,,,,,,,
794.14,1.113e+1,1.030e-19,1.187e-26,1.313e-43,2.887e-17,,,1.135e-18,4.525e-15,,2.020e-15,3.425e-20,1.101e-13,1.113e+1,4.501e-9,7.810e-30,2.709e-17,,,,4.867e-18,8.695e-31,1.090e-17,,2.059e-26,,,,1.454e-21,2.377e-16,1.576e-18,7.086e-14,,,,,1.353e-11,,4.318e-7,,,,,,,2.405e-18,,,,,,,,,,,,,,
794.17,1.117e+1,1.022e-19,1.184e-26,1.305e-43,2.887e-17,,,1.135e-18,2.986e-15,,2.021e-15,3.423e-20,9.179e-14,1.117e+1,3.418e-9,7.801e-30,2.706e-17,,,,4.868e-18,5.846e-31,1.090e-17,,2.059e-26,,,,1.454e-21,2.377e-16,1.578e-18,5.888e-14,,,,,1.932e-11,,3.339e-7,,,,,,,2.405e-18,,,,,,,,,,,,,,
794.19,1.119e+1,1.017e-19,1.183e-26,1.300e-43,2.888e-17,,,1.135e-18,2.259e-15,,2.021e-15,3.421e-20,8.120e-14,1.119e+1,2.841e-9,7.795e-30,2.704e-17,,,,4.868e-18,4.480e-31,1.089e-17,,2.058e-26,,,,1.453e-21,2.378e-16,1.579e-18,5.196e-14,,,,,2.447e-11,,2.809e-7,,,,,,,2.405e-18,,,,,,,,,,,,,,
794.22,1.121e+1,1.010e-19,1.180e-26,1.293e-43,2.888e-17,,,1.135e-18,1.484e-15,,2.022e-15,3.419e-20,6.740e-14,1.121e+1,2.148e-9,7.786e-30,2.701e-17,,,,4.868e-18,2.998e-31,1.089e-17,,2.058e-26,,,,1.453e-21,2.378e-16,1.580e-18,4.298e-14,,,,,3.479e-11,,2.163e-7,,,,,,,2.406e-18,,,,,,,,,,,,,,
794.24,1.121e+1,1.005e-19,1.178e-26,1.288e-43,2.888e-17,,,1.135e-18,1.120e-15,,2.022e-15,3.418e-20,5.944e-14,1.121e+1,1.780e-9,7.781e-30,2.699e-17,,,,4.869e-18,2.291e-31,1.089e-17,,2.057e-26,,,,1.453e-21,2.378e-16,1.581e-18,3.781e-14,,,,,4.391e-11,,1.814e-7,,,,,,,2.406e-18,,,,,,,,,,,,,,
794.27,1.120e+1,9.978e-20,1.176e-26,1.281e-43,2.889e-17,,,1.135e-18,7.319e-16,,2.023e-15,3.416e-20,4.912e-14,1.120e+1,1.339e-9,7.772e-30,2.696e-17,,,,4.869e-18,1.526e-31,1.089e-17,,2.057e-26,,,,1.453e-21,2.378e-16,1.583e-18,3.113e-14,,,,,6.215e-11,,1.390e-7,,,,,,,2.406e-18,,,,,,,,,,,,,,
794.29,1.119e+1,9.929e-20,1.174e-26,1.276e-43,2.889e-17,,,1.135e-18,5.505e-16,,2.023e-15,3.414e-20,4.318e-14,1.119e+1,1.106e-9,7.766e-30,2.693e-17,,,,4.870e-18,1.162e-31,1.089e-17,,2.056e-26,,,,1.452e-21,2.379e-16,1.584e-18,2.731e-14,,,,,7.823e-11,,1.162e-7,,,,,,,2.407e-18,,,,,,,,,,,,,,
794.32,1.115e+1,9.856e-20,1.171e-26,1.268e-43,2.890e-17,,,1.135e-18,3.583e-16,,2.024e-15,3.412e-20,3.552e-14,1.115e+1,8.288e-10,7.757e-30,2.690e-17,,,,4.870e-18,7.708e-32,1.089e-17,,2.056e-26,,,,1.452e-21,2.379e-16,1.585e-18,2.238e-14,,,,,1.102e-10,,8.863e-8,,,,,,,2.407e-18,,,,,,,,,,,,,,
794.34,1.112e+1,9.807e-20,1.169e-26,1.263e-43,2.890e-17,,,1.135e-18,2.686e-16,,2.024e-15,3.411e-20,3.113e-14,1.112e+1,6.826e-10,7.752e-30,2.688e-17,,,,4.871e-18,5.853e-32,1.088e-17,,2.056e-26,,,,1.452e-21,2.379e-16,1.586e-18,1.957e-14,,,,,1.383e-10,,7.388e-8,,,,,,,2.407e-18,,,,,,,,,,,,,,
794.37,1.105e+1,9.734e-20,1.167e-26,1.256e-43,2.891e-17,,,1.135e-18,1.740e-16,,2.025e-15,3.409e-20,2.549e-14,1.105e+1,5.090e-10,7.743e-30,2.685e-17,,,,4.871e-18,3.863e-32,1.088e-17,,2.055e-26,,,,1.451e-21,2.380e-16,1.587e-18,1.597e-14,,,,,1.940e-10,,5.609e-8,,,,,,,2.408e-18,,,,,,,,,,,,,,
794.39,1.100e+1,9.685e-20,1.165e-26,1.251e-43,2.891e-17,,,1.135e-18,1.301e-16,,2.025e-15,3.407e-20,2.228e-14,1.100e+1,4.179e-10,7.737e-30,2.683e-17,,,,4.872e-18,2.925e-32,1.088e-17,,2.055e-26,,,,1.451e-21,2.380e-16,1.588e-18,1.392e-14,,,,,2.427e-10,,4.661e-8,,,,,,,2.408e-18,,,,,,,,,,,,,,
794.42,1.090e+1,9.611e-20,1.162e-26,1.244e-43,2.891e-17,,,1.135e-18,8.388e-17,,2.026e-15,3.405e-20,1.816e-14,1.090e+1,3.102e-10,7.728e-30,2.680e-17,,,,4.872e-18,1.922e-32,1.088e-17,,2.054e-26,,,,1.451e-21,2.380e-16,1.590e-18,1.131e-14,,,,,3.389e-10,,3.523e-8,,,,,,,2.408e-18,,,,,,,,,,,,,,
794.44,1.082e+1,9.563e-20,1.160e-26,1.239e-43,2.892e-17,,,1.135e-18,6.251e-17,,2.026e-15,3.404e-20,1.582e-14,1.082e+1,2.539e-10,7.723e-30,2.678e-17,,,,4.872e-18,1.450e-32,1.088e-17,,2.054e-26,,,,1.451e-21,2.380e-16,1.591e-18,9.829e-15,,,,,4.227e-10,,2.919e-8,,,,,,,2.408e-18,,,,,,,,,,,,,,
794.46,1.074e+1,9.514e-20,1.159e-26,1.234e-43,2.892e-17,,,1.135e-18,4.653e-17,,2.027e-15,3.403e-20,1.377e-14,1.074e+1,2.076e-10,7.717e-30,2.676e-17,,,,4.873e-18,1.093e-32,1.088e-17,,2.054e-26,,,,1.450e-21,2.380e-16,1.592e-18,8.533e-15,,,,,5.266e-10,,2.415e-8,,,,,,,2.409e-18,,,,,,,,,,,,,,
794.49,1.059e+1,9.440e-20,1.156e-26,1.226e-43,2.893e-17,,,1.135e-18,2.981e-17,,2.027e-15,3.400e-20,1.115e-14,1.059e+1,1.531e-10,7.708e-30,2.672e-17,,,,4.873e-18,7.139e-33,1.087e-17,,2.053e-26,,,,1.450e-21,2.381e-16,1.593e-18,6.886e-15,,,,,7.307e-10,,1.814e-8,,,,,,,2.409e-18,,,,,,,,,,,,,,
794.51,1.049e+1,9.392e-20,1.154e-26,1.222e-43,2.893e-17,,,1.135e-18,2.212e-17,,2.028e-15,3.399e-20,9.671e-15,1.049e+1,1.248e-10,7.702e-30,2.670e-17,,,,4.874e-18,5.366e-33,1.087e-17,,2.053e-26,,,,1.450e-21,2.381e-16,1.594e-18,5.960e-15,,,,,9.076e-10,,1.496e-8,,,,,,,2.409e-18,,,,,,,,,,,,,,
794.54,1.031e+1,9.318e-20,1.151e-26,1.214e-43,2.893e-17,,,1.135e-18,1.411e-17,,2.028e-15,3.397e-20,7.796e-15,1.031e+1,9.162e-11,7.693e-30,2.667e-17,,,,4.874e-18,3.490e-33,1.087e-17,,2.052e-26,,,,1.449e-21,2.381e-16,1.596e-18,4.788e-15,,,,,1.254e-9,,1.119e-8,,,,,,,2.410e-18,,,,,,,,,,,,,,
794.56,1.018e+1,9.269e-20,1.150e-26,1.209e-43,2.894e-17,,,1.135e-18,1.044e-17,,2.029e-15,3.396e-20,6.743e-15,1.018e+1,7.444e-11,7.688e-30,2.665e-17,,,,4.875e-18,2.618e-33,1.087e-17,,2.052e-26,,,,1.449e-21,2.382e-16,1.597e-18,4.132e-15,,,,,1.552e-9,,9.199e-9,,,,,,,2.410e-18,,,,,,,,,,,,,,
794.59,9.970e+0,9.196e-20,1.147e-26,1.202e-43,2.894e-17,,,1.134e-18,6.625e-18,,2.029e-15,3.393e-20,5.411e-15,9.970e+0,5.440e-11,7.679e-30,2.662e-17,,,,4.875e-18,1.700e-33,1.087e-17,,2.051e-26,,,,1.449e-21,2.382e-16,1.598e-18,3.304e-15,,,,,2.135e-9,,6.845e-9,,,,,,,2.410e-18,,,,,,,,,,,,,,
794.61,9.820e+0,9.147e-20,1.145e-26,1.197e-43,2.895e-17,,,1.134e-18,4.886e-18,,2.030e-15,3.392e-20,4.666e-15,9.820e+0,4.407e-11,7.673e-30,2.660e-17,,,,4.876e-18,1.277e-33,1.087e-17,,2.051e-26,,,,1.449e-21,2.382e-16,1.599e-18,2.842e-15,,,,,2.636e-9,,5.613e-9,,,,,,,2.410e-18,,,,,,,,,,,,,,
794.64,9.582e+0,9.074e-20,1.142e-26,1.189e-43,2.895e-17,,,1.134e-18,3.087e-18,,2.030e-15,3.390e-20,3.727e-15,9.582e+0,3.206e-11,7.664e-30,2.657e-17,,,,4.876e-18,8.358e-34,1.086e-17,,2.050e-26,,,,1.448e-21,2.382e-16,1.601e-18,2.263e-15,,,,,3.608e-9,,4.157e-9,,,,,,,2.411e-18,,,,,,,,,,,,,,
794.66,9.415e+0,9.025e-20,1.141e-26,1.184e-43,2.895e-17,,,1.134e-18,2.270e-18,,2.031e-15,3.389e-20,3.204e-15,9.415e+0,2.589e-11,7.659e-30,2.654e-17,,,,4.877e-18,6.361e-34,1.086e-17,,2.050e-26,,,,1.448e-21,2.383e-16,1.602e-18,1.941e-15,,,,,4.441e-9,,3.398e-9,,,,,,,2.411e-18,,,,,,,,,,,,,,
794.69,9.150e+0,8.952e-20,1.138e-26,1.177e-43,2.896e-17,,,1.134e-18,1.428e-18,,2.031e-15,3.386e-20,2.548e-15,9.150e+0,1.875e-11,7.650e-30,2.651e-17,,,,4.877e-18,4.354e-34,1.086e-17,,2.050e-26,,,,1.448e-21,2.383e-16,1.603e-18,1.538e-15,,,,,6.052e-9,,2.506e-9,,,,,,,2.411e-18,,,,,,,,,,,,,,
794.71,8.967e+0,8.903e-20,1.136e-26,1.172e-43,2.896e-17,,,1.134e-18,1.047e-18,,2.032e-15,3.385e-20,2.183e-15,8.967e+0,1.510e-11,7.644e-30,2.649e-17,,,,4.877e-18,3.509e-34,1.086e-17,,2.049e-26,,,,1.447e-21,2.383e-16,1.604e-18,1.315e-15,,,,,7.428e-9,,2.042e-9,,,,,,,2.412e-18,,,,,,,,,,,,,,
794.74,8.680e+0,8.830e-20,1.134e-26,1.165e-43,2.897e-17,,,1.134e-18,6.187e-19,,2.032e-15,3.383e-20,1.728e-15,8.680e+0,1.088e-11,7.635e-30,2.646e-17,,,,4.878e-18,2.793e-34,1.086e-17,,2.049e-26,,,,1.447e-21,2.383e-16,1.605e-18,1.037e-15,,,,,1.008e-8,,1.499e-9,,,,,,,2.412e-18,,,,,,,,,,,,,,
794.76,8.483e+0,8.781e-20,1.132e-26,1.160e-43,2.897e-17,,,1.134e-18,6.182e-19,,2.033e-15,3.382e-20,1.477e-15,8.483e+0,8.734e-12,7.630e-30,2.644e-17,,,,4.878e-18,2.620e-34,1.085e-17,,2.048e-26,,,,1.447e-21,2.384e-16,1.606e-18,8.844e-16,,,,,1.233e-8,,1.218e-9,,,,,,,2.412e-18,,,,,,,,,,,,,,
794.79,8.179e+0,8.708e-20,1.129e-26,1.152e-43,2.897e-17,,,1.134e-18,6.174e-19,,2.033e-15,3.379e-20,1.163e-15,8.179e+0,6.267e-12,7.621e-30,2.641e-17,,,,4.879e-18,2.765e-34,1.085e-17,,2.048e-26,,,,1.447e-21,2.384e-16,1.608e-18,6.945e-16,,,,,1.665e-8,,8.896e-10,,,,,,,2.413e-18,,,,,,,,,,,,,,
794.81,7.971e+0,8.659e-20,1.127e-26,1.147e-43,2.898e-17,,,1.134e-18,6.169e-19,,2.034e-15,3.378e-20,9.910e-16,7.971e+0,5.015e-12,7.615e-30,2.639e-17,,,,4.879e-18,3.134e-34,1.085e-17,,2.048e-26,,,,1.446e-21,2.384e-16,1.609e-18,5.903e-16,,,,,2.031e-8,,7.205e-10,,,,,,,2.413e-18,,,,,,,,,,,,,,
794.83,7.760e+0,8.610e-20,1.125e-26,1.143e-43,2.898e-17,,,1.134e-18,6.163e-19,,2.034e-15,3.377e-20,8.431e-16,7.760e+0,4.008e-12,7.609e-30,2.637e-17,,,,4.880e-18,3.745e-34,1.085e-17,,2.047e-26,,,,1.446e-21,2.384e-16,1.610e-18,5.011e-16,,,,,2.475e-8,,5.829e-10,,,,,,,2.413e-18,,,,,,,,,,,,,,
794.86,7.438e+0,8.537e-20,1.123e-26,1.135e-43,2.899e-17,,,1.134e-18,6.155e-19,,2.035e-15,3.375e-20,6.601e-16,7.438e+0,2.858e-12,7.600e-30,2.633e-17,,,,4.880e-18,5.206e-34,1.085e-17,,2.047e-26,,,,1.446e-21,2.385e-16,1.611e-18,3.910e-16,,,,,3.322e-8,,4.231e-10,,,,,,,2.414e-18,,,,,,,,,,,,,,
794.88,7.220e+0,8.488e-20,1.121e-26,1.130e-43,2.899e-17,,,1.134e-18,6.150e-19,,2.035e-15,3.373e-20,5.599e-16,7.220e+0,2.277e-12,7.595e-30,2.631e-17,,,,4.881e-18,6.639e-34,1.085e-17,,2.046e-26,,,,1.445e-21,2.385e-16,1.612e-18,3.309e-16,,,,,4.035e-8,,3.413e-10,,,,,,,2.414e-18,,,,,,,,,,,,,,
794.91,6.892e+0,8.415e-20,1.118e-26,1.123e-43,2.899e-17,,,1.134e-18,6.142e-19,,2.036e-15,3.371e-20,4.363e-16,6.892e+0,1.616e-12,7.586e-30,2.628e-17,,,,4.881e-18,9.717e-34,1.084e-17,,2.046e-26,,,,1.445e-21,2.385e-16,1.614e-18,2.570e-16,,,,,5.391e-8,,2.466e-10,,,,,,,2.414e-18,,,,,,,,,,,,,,
794.93,6.671e+0,8.366e-20,1.117e-26,1.118e-43,2.900e-17,,,1.134e-18,6.137e-19,,2.036e-15,3.370e-20,3.690e-16,6.671e+0,1.284e-12,7.580e-30,2.626e-17,,,,4.881e-18,1.259e-33,1.084e-17,,2.045e-26,,,,1.445e-21,2.385e-16,1.615e-18,2.169e-16,,,,,6.530e-8,,1.983e-10,,,,,,,2.414e-18,,,,,,,,,,,,,,
794.96,6.340e+0,8.293e-20,1.114e-26,1.110e-43,2.900e-17,,,1.134e-18,6.129e-19,,2.037e-15,3.368e-20,2.862e-16,6.340e+0,9.069e-13,7.571e-30,2.623e-17,,,,4.882e-18,1.855e-33,1.084e-17,,2.045e-26,,,,1.445e-21,2.386e-16,1.616e-18,1.677e-16,,,,,8.684e-8,,1.426e-10,,,,,,,2.415e-18,,,,,,,,,,,,,,
794.98,6.120e+0,8.244e-20,1.112e-26,1.106e-43,2.901e-17,,,1.134e-18,6.124e-19,,2.037e-15,3.366e-20,2.413e-16,6.120e+0,7.182e-13,7.566e-30,2.621e-17,,,,4.882e-18,2.412e-33,1.084e-17,,2.045e-26,,,,1.444e-21,2.386e-16,1.617e-18,1.410e-16,,,,,1.049e-7,,1.143e-10,,,,,,,2.415e-18,,,,,,,,,,,,,,
795.01,5.791e+0,8.170e-20,1.109e-26,1.098e-43,2.901e-17,,,1.133e-18,6.116e-19,,2.038e-15,3.364e-20,1.864e-16,5.791e+0,5.050e-13,7.557e-30,2.618e-17,,,,4.883e-18,3.566e-33,1.084e-17,,2.044e-26,,,,1.444e-21,2.386e-16,1.618e-18,1.086e-16,,,,,1.388e-7,,8.186e-11,,,,,,,2.415e-18,,,,,,,,,,,,,,
795.03,5.573e+0,8.122e-20,1.108e-26,1.093e-43,2.901e-17,,,1.133e-18,6.111e-19,,2.038e-15,3.363e-20,1.566e-16,5.573e+0,3.988e-13,7.551e-30,2.615e-17,,,,4.883e-18,4.622e-33,1.084e-17,,2.044e-26,,,,1.444e-21,2.387e-16,1.619e-18,9.105e-17,,,,,1.672e-7,,6.542e-11,,,,,,,2.416e-18,,,,,,,,,,,,,,
795.06,5.251e+0,8.048e-20,1.105e-26,1.086e-43,2.902e-17,,,1.133e-18,6.103e-19,,2.039e-15,3.361e-20,1.204e-16,5.251e+0,2.791e-13,7.542e-30,2.612e-17,,,,4.884e-18,6.803e-33,1.083e-17,,2.043e-26,,,,1.443e-21,2.387e-16,1.621e-18,6.976e-17,,,,,2.203e-7,,4.663e-11,,,,,,,2.416e-18,,,,,,,,,,,,,,
795.08,5.039e+0,8.000e-20,1.103e-26,1.081e-43,2.902e-17,,,1.133e-18,6.098e-19,,2.039e-15,3.359e-20,1.009e-16,5.039e+0,2.197e-13,7.537e-30,2.610e-17,,,,4.884e-18,8.791e-33,1.083e-17,,2.043e-26,,,,1.443e-21,2.387e-16,1.622e-18,5.833e-17,,,,,2.645e-7,,3.715e-11,,,,,,,2.416e-18,,,,,,,,,,,,,,
795.11,4.727e+0,7.926e-20,1.100e-26,1.073e-43,2.903e-17,,,1.133e-18,6.090e-19,,2.040e-15,3.357e-20,7.720e-17,4.727e+0,1.531e-13,7.528e-30,2.607e-17,,,,4.885e-18,1.288e-32,1.083e-17,,2.042e-26,,,,1.443e-21,2.387e-16,1.623e-18,4.449e-17,,,,,3.470e-7,,2.636e-11,,,,,,,2.417e-18,,,,,,,,,,,,,,
795.13,4.523e+0,7.877e-20,1.099e-26,1.068e-43,2.903e-17,,,1.133e-18,6.084e-19,,2.040e-15,3.356e-20,6.449e-17,4.523e+0,1.201e-13,7.522e-30,2.605e-17,,,,4.885e-18,1.660e-32,1.083e-17,,2.042e-26,,,,1.443e-21,2.388e-16,1.624e-18,3.708e-17,,,,,4.153e-7,,2.094e-11,,,,,,,2.417e-18,,,,,,,,,,,,,,
795.16,4.223e+0,7.804e-20,1.096e-26,1.061e-43,2.904e-17,,,1.133e-18,6.077e-19,,2.041e-15,3.354e-20,4.912e-17,4.223e+0,8.333e-14,7.513e-30,2.602e-17,,,,4.886e-18,2.421e-32,1.083e-17,,2.042e-26,,,,1.442e-21,2.388e-16,1.626e-18,2.816e-17,,,,,5.424e-7,,1.479e-11,,,,,,,2.417e-18,,,,,,,,,,,,,,
795.18,4.029e+0,7.755e-20,1.094e-26,1.056e-43,2.904e-17,,,1.133e-18,6.071e-19,,2.041e-15,3.352e-20,4.091e-17,4.029e+0,6.519e-14,7.508e-30,2.600e-17,,,,4.886e-18,3.110e-32,1.083e-17,,2.041e-26,,,,1.442e-21,2.388e-16,1.627e-18,2.340e-17,,,,,6.472e-7,,1.171e-11,,,,,,,2.417e-18,,,,,,,,,,,,,,
795.2,3.839e+0,7.706e-20,1.092e-26,1.051e-43,2.904e-17,,,1.133e-18,6.066e-19,,2.042e-15,3.351e-20,3.403e-17,3.839e+0,5.094e-14,7.502e-30,2.598e-17,,,,4.886e-18,3.989e-32,1.082e-17,,2.041e-26,,,,1.442e-21,2.388e-16,1.628e-18,1.942e-17,,,,,7.713e-7,,9.260e-12,,,,,,,2.418e-18,,,,,,,,,,,,,,
795.23,3.563e+0,7.633e-20,1.090e-26,1.044e-43,2.905e-17,,,1.133e-18,6.058e-19,,2.042e-15,3.349e-20,2.576e-17,3.563e+0,3.510e-14,7.493e-30,2.594e-17,,,,4.887e-18,5.783e-32,1.082e-17,,2.040e-26,,,,1.441e-21,2.389e-16,1.629e-18,1.465e-17,,,,,1.001e-6,,6.498e-12,,,,,,,2.418e-18,,,,,,,,,,,,,,
795.25,3.385e+0,7.584e-20,1.088e-26,1.039e-43,2.905e-17,,,1.133e-18,6.053e-19,,2.043e-15,3.347e-20,2.136e-17,3.385e+0,2.735e-14,7.487e-30,2.592e-17,,,,4.887e-18,7.397e-32,1.082e-17,,2.040e-26,,,,1.441e-21,2.389e-16,1.630e-18,1.212e-17,,,,,1.189e-6,,5.123e-12,,,,,,,2.418e-18,,,,,,,,,,,,,,
795.28,3.128e+0,7.511e-20,1.085e-26,1.031e-43,2.905e-17,,,1.133e-18,6.045e-19,,2.043e-15,3.345e-20,1.609e-17,3.128e+0,1.876e-14,7.478e-30,2.589e-17,,,,4.888e-18,1.068e-31,1.082e-17,,2.039e-26,,,,1.441e-21,2.389e-16,1.631e-18,9.106e-18,,,,,1.537e-6,,3.579e-12,,,,,,,2.419e-18,,,,,,,,,,,,,,
795.3,2.963e+0,7.462e-20,1.083e-26,1.027e-43,2.906e-17,,,1.133e-18,6.040e-19,,2.044e-15,3.344e-20,1.330e-17,2.963e+0,1.457e-14,7.473e-30,2.587e-17,,,,4.888e-18,1.361e-31,1.082e-17,,2.039e-26,,,,1.441e-21,2.389e-16,1.632e-18,7.513e-18,,,,,1.821e-6,,2.813e-12,,,,,,,2.419e-18,,,,,,,,,,,,,,
795.33,2.725e+0,7.389e-20,1.081e-26,1.019e-43,2.906e-17,,,1.133e-18,6.032e-19,,2.044e-15,3.342e-20,9.977e-18,2.725e+0,9.949e-15,7.464e-30,2.584e-17,,,,4.889e-18,1.956e-31,1.081e-17,,2.039e-26,,,,1.440e-21,2.390e-16,1.634e-18,5.617e-18,,,,,2.342e-6,,1.956e-12,,,,,,,2.419e-18,,,,,,,,,,,,,,
795.35,2.574e+0,7.340e-20,1.079e-26,1.014e-43,2.907e-17,,,1.133e-18,6.027e-19,,2.045e-15,3.340e-20,8.224e-18,2.574e+0,7.703e-15,7.458e-30,2.582e-17,,,,4.889e-18,2.487e-31,1.081e-17,,2.038e-26,,,,1.440e-21,2.390e-16,1.635e-18,4.620e-18,,,,,2.766e-6,,1.533e-12,,,,,,,2.419e-18,,,,,,,,,,,,,,
795.38,2.357e+0,7.267e-20,1.076e-26,1.007e-43,2.907e-17,,,1.133e-18,6.019e-19,,2.045e-15,3.338e-20,6.140e-18,2.357e+0,5.236e-15,7.449e-30,2.579e-17,,,,4.890e-18,3.557e-31,1.081e-17,,2.038e-26,,,,1.440e-21,2.390e-16,1.636e-18,3.438e-18,,,,,3.542e-6,,1.061e-12,,,,,,,2.420e-18,,,,,,,,,,,,,,
795.4,2.219e+0,7.218e-20,1.075e-26,1.002e-43,2.907e-17,,,1.133e-18,6.013e-19,,2.046e-15,3.337e-20,5.045e-18,2.219e+0,4.042e-15,7.444e-30,2.576e-17,,,,4.890e-18,4.509e-31,1.081e-17,,2.037e-26,,,,1.439e-21,2.390e-16,1.637e-18,2.819e-18,,,,,4.171e-6,,8.290e-13,,,,,,,2.420e-18,,,,,,,,,,,,,,
795.43,2.023e+0,7.145e-20,1.072e-26,9.945e-44,2.908e-17,,,1.132e-18,6.006e-19,,2.046e-15,3.335e-20,3.749e-18,2.023e+0,2.735e-15,7.435e-30,2.573e-17,,,,4.891e-18,6.420e-31,1.081e-17,,2.037e-26,,,,1.439e-21,2.391e-16,1.639e-18,2.089e-18,,,,,5.317e-6,,5.712e-13,,,,,,,2.420e-18,,,,,,,,,,,,,,
795.45,1.899e+0,7.096e-20,1.070e-26,9.895e-44,2.908e-17,,,1.132e-18,6.000e-19,,2.047e-15,3.333e-20,3.071e-18,1.899e+0,2.105e-15,7.429e-30,2.571e-17,,,,4.891e-18,8.114e-31,1.081e-17,,2.037e-26,,,,1.439e-21,2.391e-16,1.640e-18,1.707e-18,,,,,6.241e-6,,4.449e-13,,,,,,,2.421e-18,,,,,,,,,,,,,,
795.48,1.723e+0,7.023e-20,1.067e-26,9.821e-44,2.909e-17,,,1.132e-18,5.992e-19,,2.047e-15,3.331e-20,2.272e-18,1.723e+0,1.417e-15,7.420e-30,2.568e-17,,,,4.892e-18,1.150e-30,1.080e-17,,2.036e-26,,,,1.439e-21,2.391e-16,1.641e-18,1.259e-18,,,,,7.921e-6,,3.051e-13,,,,,,,2.421e-18,,,,,,,,,,,,,,
795.5,1.613e+0,6.974e-20,1.066e-26,9.772e-44,2.909e-17,,,1.132e-18,5.987e-19,,2.048e-15,3.330e-20,1.856e-18,1.613e+0,1.087e-15,7.415e-30,2.566e-17,,,,4.892e-18,1.449e-30,1.080e-17,,2.036e-26,,,,1.438e-21,2.392e-16,1.642e-18,1.026e-18,,,,,9.271e-6,,2.369e-13,,,,,,,2.421e-18,,,,,,,,,,,,,,
795.53,1.457e+0,6.900e-20,1.063e-26,9.698e-44,2.910e-17,,,1.132e-18,5.979e-19,,2.048e-15,3.328e-20,1.367e-18,1.457e+0,7.291e-16,7.406e-30,2.563e-17,,,,4.893e-18,2.045e-30,1.080e-17,,2.035e-26,,,,1.438e-21,2.392e-16,1.644e-18,7.535e-19,,,,,1.171e-5,,1.618e-13,,,,,,,2.422e-18,,,,,,,,,,,,,,
795.55,1.360e+0,6.852e-20,1.061e-26,9.648e-44,2.910e-17,,,1.132e-18,5.974e-19,,2.049e-15,3.326e-20,1.113e-18,1.360e+0,5.577e-16,7.400e-30,2.561e-17,,,,4.893e-18,2.569e-30,1.080e-17,,2.035e-26,,,,1.438e-21,2.392e-16,1.644e-18,6.122e-19,,,,,1.367e-5,,1.252e-13,,,,,,,2.422e-18,,,,,,,,,,,,,,
795.57,1.267e+0,6.803e-20,1.059e-26,9.599e-44,2.910e-17,,,1.132e-18,5.969e-19,,2.049e-15,3.325e-20,9.049e-19,1.267e+0,4.260e-16,7.394e-30,2.559e-17,,,,4.893e-18,3.224e-30,1.080e-17,,2.034e-26,,,,1.437e-21,2.392e-16,1.645e-18,4.969e-19,,,,,1.593e-5,,9.683e-14,,,,,,,2.422e-18,,,,,,,,,,,,,,
795.6,1.138e+0,6.730e-20,1.057e-26,9.525e-44,2.911e-17,,,1.132e-18,5.961e-19,,2.050e-15,3.323e-20,6.621e-19,1.138e+0,2.838e-16,7.385e-30,2.555e-17,,,,4.894e-18,4.521e-30,1.080e-17,,2.034e-26,,,,1.437e-21,2.393e-16,1.647e-18,3.625e-19,,,,,2.000e-5,,6.568e-14,,,,,,,2.423e-18,,,,,,,,,,,,,,
795.62,1.057e+0,6.681e-20,1.055e-26,9.476e-44,2.911e-17,,,1.132e-18,5.956e-19,,2.050e-15,3.321e-20,5.368e-19,1.057e+0,2.161e-16,7.380e-30,2.553e-17,,,,4.894e-18,5.656e-30,1.079e-17,,2.034e-26,,,,1.437e-21,2.393e-16,1.648e-18,2.933e-19,,,,,2.324e-5,,5.063e-14,,,,,,,2.423e-18,,,,,,,,,,,,,,
795.65,9.446e-1,6.607e-20,1.052e-26,9.402e-44,2.912e-17,,,1.132e-18,5.948e-19,,2.051e-15,3.319e-20,3.910e-19,9.446e-1,1.433e-16,7.371e-30,2.550e-17,,,,4.895e-18,7.896e-30,1.079e-17,,2.033e-26,,,,1.437e-21,2.393e-16,1.649e-18,2.130e-19,,,,,2.904e-5,,3.419e-14,,,,,,,2.423e-18,,,,,,,,,,,,,,
795.67,8.751e-1,6.559e-20,1.050e-26,9.352e-44,2.912e-17,,,1.132e-18,5.942e-19,,2.051e-15,3.318e-20,3.160e-19,8.751e-1,1.088e-16,7.365e-30,2.548e-17,,,,4.895e-18,9.848e-30,1.079e-17,,2.033e-26,,,,1.436e-21,2.393e-16,1.650e-18,1.718e-19,,,,,3.365e-5,,2.627e-14,,,,,,,2.423e-18,,,,,,,,,,,,,,
795.7,7.785e-1,6.485e-20,1.048e-26,9.278e-44,2.912e-17,,,1.132e-18,5.935e-19,,2.052e-15,3.316e-20,2.291e-19,7.785e-1,7.183e-17,7.356e-30,2.545e-17,,,,4.896e-18,1.369e-29,1.079e-17,,2.032e-26,,,,1.436e-21,2.394e-16,1.652e-18,1.242e-19,,,,,4.187e-5,,1.766e-14,,,,,,,2.424e-18,,,,,,,,,,,,,,
795.72,7.191e-1,6.436e-20,1.046e-26,9.229e-44,2.913e-17,,,1.132e-18,5.929e-19,,2.052e-15,3.314e-20,1.847e-19,7.190e-1,5.437e-17,7.351e-30,2.543e-17,,,,4.896e-18,1.702e-29,1.079e-17,,2.032e-26,,,,1.436e-21,2.394e-16,1.653e-18,9.987e-20,,,,,4.836e-5,,1.353e-14,,,,,,,2.424e-18,,,,,,,,,,,,,,
795.75,6.368e-1,6.363e-20,1.043e-26,9.155e-44,2.913e-17,,,1.132e-18,5.921e-19,,2.053e-15,3.312e-20,1.333e-19,6.368e-1,3.573e-17,7.342e-30,2.540e-17,,,,4.897e-18,2.355e-29,1.079e-17,,2.031e-26,,,,1.435e-21,2.394e-16,1.654e-18,7.187e-20,,,,,5.990e-5,,9.053e-15,,,,,,,2.424e-18,,,,,,,,,,,,,,
795.77,5.864e-1,6.314e-20,1.041e-26,9.105e-44,2.913e-17,,,1.132e-18,5.916e-19,,2.053e-15,3.311e-20,1.071e-19,5.863e-1,2.696e-17,7.336e-30,2.538e-17,,,,4.897e-18,2.920e-29,1.078e-17,,2.031e-26,,,,1.435e-21,2.394e-16,1.655e-18,5.762e-20,,,,,6.898e-5,,6.915e-15,,,,,,,2.425e-18,,,,,,,,,,,,,,
795.8,5.170e-1,6.241e-20,1.039e-26,9.031e-44,2.914e-17,,,1.132e-18,5.908e-19,,2.054e-15,3.309e-20,7.692e-20,5.169e-1,1.763e-17,7.327e-30,2.534e-17,,,,4.897e-18,4.021e-29,1.078e-17,,2.031e-26,,,,1.435e-21,2.395e-16,1.657e-18,4.128e-20,,,,,8.505e-5,,4.605e-15,,,,,,,2.425e-18,,,,,,,,,,,,,,
795.82,4.746e-1,6.192e-20,1.037e-26,8.982e-44,2.914e-17,,,1.132e-18,5.903e-19,,2.054e-15,3.307e-20,6.161e-20,4.745e-1,1.327e-17,7.322e-30,2.532e-17,,,,4.898e-18,4.971e-29,1.078e-17,,2.030e-26,,,,1.435e-21,2.395e-16,1.658e-18,3.299e-20,,,,,9.765e-5,,3.507e-15,,,,,,,2.425e-18,,,,,,,,,,,,,,
795.85,4.166e-1,6.119e-20,1.034e-26,8.908e-44,2.915e-17,,,1.132e-18,5.895e-19,,2.055e-15,3.305e-20,4.406e-20,4.165e-1,8.638e-18,7.313e-30,2.529e-17,,,,4.898e-18,6.816e-29,1.078e-17,,2.030e-26,,,,1.434e-21,2.395e-16,1.659e-18,2.353e-20,,,,,1.199e-4,,2.325e-15,,,,,,,2.426e-18,,,,,,,,,,,,,,
795.87,3.813e-1,6.070e-20,1.032e-26,8.859e-44,2.915e-17,,,1.131e-18,5.890e-19,,2.055e-15,3.304e-20,3.518e-20,3.812e-1,6.479e-18,7.307e-30,2.527e-17,,,,4.899e-18,8.400e-29,1.078e-17,,2.029e-26,,,,1.434e-21,2.396e-16,1.660e-18,1.875e-20,,,,,1.372e-4,,1.765e-15,,,,,,,2.426e-18,,,,,,,,,,,,,,
795.9,3.332e-1,5.997e-20,1.030e-26,8.785e-44,2.916e-17,,,1.131e-18,5.882e-19,,2.056e-15,3.302e-20,2.505e-20,3.330e-1,4.199e-18,7.298e-30,2.524e-17,,,,4.899e-18,1.147e-28,1.077e-17,,2.029e-26,,,,1.434e-21,2.396e-16,1.661e-18,1.331e-20,,,,,1.677e-4,,1.165e-15,,,,,,,2.426e-18,,,,,,,,,,,,,,
795.92,3.041e-1,5.948e-20,1.028e-26,8.735e-44,2.916e-17,,,1.131e-18,5.877e-19,,2.056e-15,3.301e-20,1.994e-20,3.039e-1,3.140e-18,7.293e-30,2.522e-17,,,,4.900e-18,1.409e-28,1.077e-17,,2.028e-26,,,,1.433e-21,2.396e-16,1.662e-18,1.057e-20,,,,,1.913e-4,,8.816e-16,,,,,,,2.426e-18,,,,,,,,,,,,,,
795.95,2.645e-1,5.875e-20,1.025e-26,8.661e-44,2.916e-17,,,1.131e-18,5.869e-19,,2.057e-15,3.298e-20,1.413e-20,2.643e-1,2.025e-18,7.284e-30,2.519e-17,,,,4.900e-18,1.915e-28,1.077e-17,,2.028e-26,,,,1.433e-21,2.396e-16,1.664e-18,7.472e-21,,,,,2.328e-4,,5.792e-16,,,,,,,2.427e-18,,,,,,,,,,,,,,
795.97,2.407e-1,5.826e-20,1.024e-26,8.612e-44,2.917e-17,,,1.131e-18,5.864e-19,,2.057e-15,3.297e-20,1.122e-20,2.404e-1,1.510e-18,7.278e-30,2.516e-17,,,,4.901e-18,2.346e-28,1.077e-17,,2.028e-26,,,,1.433e-21,2.397e-16,1.665e-18,5.919e-21,,,,,2.649e-4,,4.370e-16,,,,,,,2.427e-18,,,,,,,,,,,,,,
795.99,2.187e-1,5.777e-20,1.022e-26,8.563e-44,2.917e-17,,,1.131e-18,5.858e-19,,2.058e-15,3.296e-20,8.890e-21,2.184e-1,1.124e-18,7.272e-30,2.514e-17,,,,4.901e-18,2.870e-28,1.077e-17,,2.027e-26,,,,1.433e-21,2.397e-16,1.666e-18,4.683e-21,,,,,3.010e-4,,3.293e-16,,,,,,,2.427e-18,,,,,,,,,,,,,,
796.02,1.891e-1,5.704e-20,1.019e-26,8.489e-44,2.918e-17,,,1.131e-18,5.850e-19,,2.058e-15,3.294e-20,6.260e-21,1.888e-1,7.206e-19,7.263e-30,2.511e-17,,,,4.902e-18,3.876e-28,1.077e-17,,2.027e-26,,,,1.432e-21,2.397e-16,1.667e-18,3.288e-21,,,,,3.639e-4,,2.150e-16,,,,,,,2.428e-18,,,,,,,,,,,,,,
796.04,1.714e-1,5.655e-20,1.017e-26,8.439e-44,2.918e-17,,,1.131e-18,5.845e-19,,2.059e-15,3.292e-20,4.947e-21,1.710e-1,5.349e-19,7.258e-30,2.509e-17,,,,4.902e-18,4.728e-28,1.077e-17,,2.026e-26,,,,1.432e-21,2.397e-16,1.668e-18,2.594e-21,,,,,4.123e-4,,1.615e-16,,,,,,,2.428e-18,,,,,,,,,,,,,,
796.07,1.476e-1,5.582e-20,1.015e-26,8.365e-44,2.918e-17,,,1.131e-18,5.837e-19,,2.059e-15,3.290e-20,3.468e-21,1.471e-1,3.413e-19,7.249e-30,2.506e-17,,,,4.902e-18,6.357e-28,1.076e-17,,2.026e-26,,,,1.432e-21,2.398e-16,1.670e-18,1.814e-21,,,,,4.961e-4,,1.049e-16,,,,,,,2.428e-18,,,,,,,,,,,,,,
796.09,1.334e-1,5.533e-20,1.013e-26,8.316e-44,2.919e-17,,,1.131e-18,5.832e-19,,2.060e-15,3.289e-20,2.732e-21,1.329e-1,2.526e-19,7.243e-30,2.504e-17,,,,4.903e-18,7.732e-28,1.076e-17,,2.026e-26,,,,1.431e-21,2.398e-16,1.671e-18,1.427e-21,,,,,5.605e-4,,7.861e-17,,,,,,,2.428e-18,,,,,,,,,,,,,,
796.12,1.144e-1,5.460e-20,1.010e-26,8.242e-44,2.919e-17,,,1.131e-18,5.824e-19,,2.060e-15,3.287e-20,1.906e-21,1.138e-1,1.604e-19,7.234e-30,2.501e-17,,,,4.903e-18,1.035e-27,1.076e-17,,2.025e-26,,,,1.431e-21,2.398e-16,1.672e-18,9.937e-22,,,,,6.714e-4,,5.084e-17,,,,,,,2.429e-18,,,,,,,,,,,,,,
796.14,1.032e-1,5.411e-20,1.008e-26,8.192e-44,2.920e-17,,,1.131e-18,5.819e-19,,2.061e-15,3.285e-20,1.497e-21,1.024e-1,1.184e-19,7.229e-30,2.499e-17,,,,4.904e-18,1.255e-27,1.076e-17,,2.025e-26,,,,1.431e-21,2.398e-16,1.673e-18,7.802e-22,,,,,7.562e-4,,3.797e-17,,,,,,,2.429e-18,,,,,,,,,,,,,,
796.17,8.824e-2,5.337e-20,1.006e-26,8.118e-44,2.920e-17,,,1.131e-18,5.811e-19,,2.061e-15,3.283e-20,1.040e-21,8.733e-2,7.483e-20,7.220e-30,2.495e-17,,,,4.904e-18,1.672e-27,1.076e-17,,2.024e-26,,,,1.430e-21,2.399e-16,1.674e-18,5.425e-22,,,,,9.019e-4,,2.444e-17,,,,,,,2.429e-18,,,,,,,,,,,,,,
796.19,7.941e-2,5.289e-20,1.004e-26,8.069e-44,2.920e-17,,,1.131e-18,5.806e-19,,2.062e-15,3.282e-20,8.143e-22,7.840e-2,5.504e-20,7.214e-30,2.493e-17,,,,4.905e-18,2.021e-27,1.075e-17,,2.024e-26,,,,1.430e-21,2.399e-16,1.675e-18,4.261e-22,,,,,1.013e-3,,1.820e-17,,,,,,,2.430e-18,,,,,,,,,,,,,,
796.22,6.773e-2,5.215e-20,1.001e-26,7.995e-44,2.921e-17,,,1.131e-18,5.798e-19,,2.062e-15,3.280e-20,5.630e-22,6.653e-2,3.464e-20,7.205e-30,2.490e-17,,,,4.905e-18,2.681e-27,1.075e-17,,2.023e-26,,,,1.430e-21,2.399e-16,1.677e-18,2.978e-22,,,,,1.202e-3,,1.166e-17,,,,,,,2.430e-18,,,,,,,,,,,,,,
796.24,6.089e-2,5.166e-20,9.994e-27,7.946e-44,2.921e-17,,,1.131e-18,5.793e-19,,2.063e-15,3.278e-20,4.396e-22,5.954e-2,2.540e-20,7.200e-30,2.488e-17,,,,4.906e-18,3.232e-27,1.075e-17,,2.023e-26,,,,1.430e-21,2.399e-16,1.678e-18,2.360e-22,,,,,1.346e-3,,8.656e-18,,,,,,,2.430e-18,,,,,,,,,,,,,,
796.27,5.189e-2,5.093e-20,9.967e-27,7.872e-44,2.922e-17,,,1.131e-18,5.785e-19,,2.063e-15,3.276e-20,3.025e-22,5.030e-2,1.591e-20,7.191e-30,2.485e-17,,,,4.906e-18,4.268e-27,1.075e-17,,2.022e-26,,,,1.429e-21,2.400e-16,1.679e-18,1.695e-22,,,,,1.591e-3,,5.522e-18,,,,,,,2.431e-18,,,,,,,,,,,,,,
796.29,4.666e-2,5.044e-20,9.949e-27,7.822e-44,2.922e-17,,,1.130e-18,5.779e-19,,2.064e-15,3.275e-20,2.355e-22,4.488e-2,1.585e-20,7.185e-30,2.483e-17,,,,4.907e-18,5.129e-27,1.075e-17,,2.022e-26,,,,1.429e-21,2.400e-16,1.680e-18,1.390e-22,,,,,1.776e-3,,4.086e-18,,,,,,,2.431e-18,,,,,,,,,,,,,,
796.32,3.983e-2,4.971e-20,9.922e-27,7.748e-44,2.922e-17,,,1.130e-18,5.772e-19,,2.064e-15,3.273e-20,1.613e-22,3.774e-2,1.576e-20,7.176e-30,2.480e-17,,,,4.907e-18,6.742e-27,1.075e-17,,2.022e-26,,,,1.429e-21,2.400e-16,1.682e-18,1.091e-22,,,,,2.089e-3,,2.595e-18,,,,,,,2.431e-18,,,,,,,,,,,,,,
796.34,3.590e-2,6.764e-20,9.904e-27,7.699e-44,2.923e-17,,,1.130e-18,5.766e-19,,2.065e-15,3.271e-20,1.252e-22,3.357e-2,1.570e-20,7.171e-30,2.477e-17,,,,4.907e-18,8.078e-27,1.074e-17,,2.021e-26,,,,1.429e-21,2.401e-16,1.683e-18,9.803e-23,,,,,2.325e-3,,1.914e-18,,,,,,,2.432e-18,,,,,,,,,,,,,,
796.36,3.241e-2,9.191e-20,9.887e-27,7.649e-44,2.923e-17,,,1.130e-18,5.761e-19,,2.065e-15,3.270e-20,9.701e-23,2.983e-2,1.564e-20,7.165e-30,2.475e-17,,,,4.908e-18,9.668e-27,1.074e-17,,2.021e-26,,,,1.428e-21,2.401e-16,1.684e-18,9.310e-23,,,,,2.584e-3,,1.410e-18,,,,,,,2.432e-18,,,,,,,,,,,,,,
796.39,2.795e-2,1.453e-19,9.860e-27,7.575e-44,2.924e-17,,,1.130e-18,5.753e-19,,2.066e-15,3.268e-20,6.603e-23,2.493e-2,1.555e-20,7.156e-30,2.472e-17,,,,4.908e-18,1.263e-26,1.074e-17,,2.020e-26,,,,1.428e-21,2.401e-16,1.685e-18,9.656e-23,,,,,3.022e-3,,8.898e-19,,,,,,,2.432e-18,,,,,,,,,,,,,,
796.41,2.543e-2,1.968e-19,9.842e-27,7.526e-44,2.924e-17,,,1.130e-18,5.748e-19,,2.066e-15,3.266e-20,5.102e-23,2.208e-2,1.549e-20,7.150e-30,2.470e-17,,,,4.909e-18,1.507e-26,1.074e-17,,2.020e-26,,,,1.428e-21,2.401e-16,1.686e-18,1.062e-22,,,,,3.348e-3,,6.536e-19,,,,,,,2.432e-18,,,,,,,,,,,,,,
796.44,2.226e-2,3.098e-19,9.815e-27,7.452e-44,2.924e-17,,,1.130e-18,5.740e-19,,2.067e-15,3.264e-20,3.457e-23,1.837e-2,1.540e-20,7.141e-30,2.467e-17,,,,4.909e-18,1.960e-26,1.074e-17,,2.020e-26,,,,1.427e-21,2.402e-16,1.687e-18,1.328e-22,,,,,3.897e-3,,4.105e-19,,,,,,,2.433e-18,,,,,,,,,,,,,,
796.46,2.053e-2,4.184e-19,9.797e-27,7.403e-44,2.925e-17,,,1.130e-18,5.735e-19,,2.067e-15,3.263e-20,2.663e-23,1.622e-2,1.534e-20,7.136e-30,2.465e-17,,,,4.910e-18,2.331e-26,1.074e-17,,2.019e-26,,,,1.427e-21,2.402e-16,1.688e-18,1.599e-22,,,,,4.306e-3,,3.006e-19,,,,,,,2.433e-18,,,,,,,,,,,,,,
796.49,1.842e-2,6.555e-19,9.770e-27,7.329e-44,2.925e-17,,,1.130e-18,5.727e-19,,2.068e-15,3.261e-20,1.796e-23,1.343e-2,1.525e-20,7.127e-30,2.462e-17,,,,4.910e-18,3.018e-26,1.073e-17,,2.019e-26,,,,1.427e-21,2.402e-16,1.690e-18,2.183e-22,,,,,4.989e-3,,,,,,,,,2.433e-18,,,,,,,,,,,,,,
796.51,1.732e-2,8.829e-19,9.752e-27,7.279e-44,2.926e-17,,,1.130e-18,5.722e-19,,2.068e-15,3.259e-20,1.380e-23,1.182e-2,1.519e-20,7.121e-30,2.460e-17,,,,4.911e-18,3.580e-26,1.073e-17,,2.018e-26,,,,1.427e-21,2.402e-16,1.691e-18,2.719e-22,,,,,5.496e-3,,,,,,,,,2.434e-18,,,,,,,,,,,,,,
796.54,1.609e-2,1.377e-18,9.726e-27,7.205e-44,2.926e-17,,,1.130e-18,5.714e-19,,2.069e-15,3.257e-20,9.263e-24,9.747e-3,1.510e-20,7.112e-30,2.456e-17,,,,4.911e-18,4.614e-26,1.073e-17,,2.018e-26,,,,1.426e-21,2.403e-16,1.692e-18,3.815e-22,,,,,6.340e-3,,,,,,,,,2.434e-18,,,,,,,,,,,,,,
796.56,1.552e-2,1.849e-18,9.708e-27,7.156e-44,2.926e-17,,,1.130e-18,5.708e-19,,2.069e-15,3.256e-20,7.092e-24,8.556e-3,1.504e-20,7.107e-30,2.454e-17,,,,4.911e-18,5.456e-26,1.073e-17,,2.017e-26,,,,1.426e-21,2.403e-16,1.693e-18,4.795e-22,,,,,6.962e-3,,,,,,,,,2.434e-18,,,,,,,,,,,,,,
796.59,1.502e-2,2.871e-18,9.681e-27,7.082e-44,2.927e-17,,,1.130e-18,5.701e-19,,2.070e-15,3.254e-20,4.740e-24,7.020e-3,1.495e-20,7.098e-30,2.451e-17,,,,4.912e-18,7.000e-26,1.073e-17,,2.017e-26,,,,1.426e-21,2.403e-16,1.695e-18,6.763e-22,,,,,7.995e-3,,,,,,,,,2.435e-18,,,,,,,,,,,,,,
796.61,1.490e-2,3.844e-18,9.663e-27,7.032e-44,2.927e-17,,,1.130e-18,5.695e-19,,2.070e-15,3.252e-20,3.618e-24,6.144e-3,1.489e-20,7.092e-30,2.449e-17,,,,4.912e-18,8.253e-26,1.073e-17,,2.017e-26,,,,1.425e-21,2.403e-16,1.696e-18,8.503e-22,,,,,8.754e-3,,,,,,,,,2.435e-18,,,,,,,,,,,,,,
796.64,1.503e-2,5.942e-18,9.636e-27,6.958e-44,2.928e-17,,,1.130e-18,5.687e-19,,2.071e-15,3.250e-20,2.407e-24,5.018e-3,1.480e-20,7.083e-30,2.446e-17,,,,4.913e-18,1.054e-25,1.072e-17,,2.016e-26,,,,1.425e-21,2.404e-16,1.697e-18,1.197e-21,,,,,1.001e-2,,,,,,,,,2.435e-18,,,,,,,,,,,,,,
796.66,1.530e-2,7.932e-18,9.618e-27,6.909e-44,2.928e-17,,,1.130e-18,5.682e-19,,2.071e-15,3.249e-20,1.832e-24,4.378e-3,1.474e-20,7.078e-30,2.444e-17,,,,4.913e-18,1.239e-25,1.072e-17,,2.016e-26,,,,1.425e-21,2.404e-16,1.698e-18,1.502e-21,,,,,1.092e-2,,,,,,,,,2.435e-18,,,,,,,,,,,,,,
796.69,1.599e-2,1.221e-17,9.591e-27,6.835e-44,2.929e-17,,,1.130e-18,5.674e-19,,2.072e-15,3.247e-20,1.213e-24,3.560e-3,1.464e-20,7.069e-30,2.441e-17,,,,4.914e-18,1.576e-25,1.072e-17,,2.015e-26,,,,1.424e-21,2.404e-16,1.700e-18,2.108e-21,,,,,1.243e-2,,,,,,,,,2.436e-18,,,,,,,,,,,,,,
796.71,1.663e-2,1.625e-17,9.574e-27,6.786e-44,2.929e-17,,,1.130e-18,5.669e-19,,2.072e-15,3.245e-20,9.204e-25,3.097e-3,1.458e-20,7.063e-30,2.438e-17,,,,4.914e-18,1.847e-25,1.072e-17,,2.015e-26,,,,1.424e-21,2.404e-16,1.700e-18,2.638e-21,,,,,1.353e-2,,,,,,,,,2.436e-18,,,,,,,,,,,,,,
796.73,1.740e-2,2.160e-17,9.556e-27,6.736e-44,2.929e-17,,,1.129e-18,5.664e-19,,2.073e-15,3.244e-20,6.974e-25,2.690e-3,1.452e-20,7.057e-30,2.436e-17,,,,4.915e-18,2.162e-25,1.072e-17,,2.015e-26,,,,1.424e-21,2.405e-16,1.701e-18,3.298e-21,,,,,1.471e-2,,,,,,,,,2.436e-18,,,,,,,,,,,,,,
796.76,1.881e-2,3.302e-17,9.529e-27,6.662e-44,2.930e-17,,,1.129e-18,5.656e-19,,2.073e-15,3.242e-20,4.590e-25,2.174e-3,1.443e-20,7.048e-30,2.433e-17,,,,4.915e-18,2.731e-25,1.071e-17,,2.014e-26,,,,1.424e-21,2.405e-16,1.703e-18,4.599e-21,,,,,1.663e-2,,,,,,,,,2.437e-18,,,,,,,,,,,,,,
796.78,1.991e-2,4.377e-17,9.511e-27,6.613e-44,2.930e-17,,,1.129e-18,5.651e-19,,2.074e-15,3.240e-20,3.467e-25,1.883e-3,1.437e-20,7.043e-30,2.431e-17,,,,4.916e-18,3.188e-25,1.071e-17,,2.014e-26,,,,1.423e-21,2.405e-16,1.704e-18,5.733e-21,,,,,1.803e-2,,,,,,,,,2.437e-18,,,,,,,,,,,,,,
796.81,2.181e-2,6.664e-17,9.484e-27,6.539e-44,2.930e-17,,,1.129e-18,5.643e-19,,2.074e-15,3.238e-20,2.271e-25,1.514e-3,1.428e-20,7.034e-30,2.428e-17,,,,4.916e-18,4.010e-25,1.071e-17,,2.013e-26,,,,1.423e-21,2.406e-16,1.705e-18,7.960e-21,,,,,2.030e-2,,,,,,,,,2.437e-18,,,,,,,,,,,,,,
796.83,2.324e-2,8.806e-17,9.466e-27,6.490e-44,2.931e-17,,,1.129e-18,5.637e-19,,2.075e-15,3.237e-20,1.711e-25,1.308e-3,1.422e-20,7.028e-30,2.426e-17,,,,4.916e-18,4.666e-25,1.071e-17,,2.013e-26,,,,1.423e-21,2.406e-16,1.706e-18,9.893e-21,,,,,2.193e-2,,,,,,,,,2.437e-18,,,,,,,,,,,,,,
796.86,2.563e-2,1.335e-16,9.439e-27,6.415e-44,2.931e-17,,,1.129e-18,5.630e-19,,2.075e-15,3.235e-20,1.115e-25,1.047e-3,1.413e-20,7.019e-30,2.423e-17,,,,4.917e-18,5.843e-25,1.071e-17,,2.012e-26,,,,1.422e-21,2.406e-16,1.708e-18,1.368e-20,,,,,2.458e-2,,,,,,,,,2.438e-18,,,,,,,,,,,,,,
796.88,2.738e-2,1.758e-16,9.422e-27,6.366e-44,2.932e-17,,,1.129e-18,5.624e-19,,2.076e-15,3.233e-20,8.375e-26,9.013e-4,1.407e-20,7.014e-30,2.421e-17,,,,4.917e-18,6.778e-25,1.071e-17,,2.012e-26,,,,1.422e-21,2.406e-16,1.709e-18,1.695e-20,,,,,2.648e-2,,,,,,,,,2.438e-18,,,,,,,,,,,,,,
796.91,3.026e-2,2.653e-16,9.395e-27,6.292e-44,2.932e-17,,,1.129e-18,5.616e-19,,2.076e-15,3.231e-20,5.436e-26,7.184e-4,1.398e-20,7.005e-30,2.417e-17,,,,4.918e-18,8.450e-25,1.070e-17,,2.011e-26,,,,1.422e-21,2.407e-16,1.710e-18,2.332e-20,,,,,2.954e-2,,,,,,,,,2.438e-18,,,,,,,,,,,,,,
796.93,3.235e-2,3.486e-16,9.377e-27,8.572e-44,2.932e-17,,,1.129e-18,5.611e-19,,2.077e-15,3.230e-20,4.069e-26,6.166e-4,1.392e-20,6.999e-30,2.415e-17,,,,4.918e-18,9.774e-25,1.070e-17,,2.011e-26,,,,1.422e-21,2.407e-16,1.711e-18,2.882e-20,,,,,3.173e-2,,,,,,,,,2.439e-18,,,,,,,,,,,,,,
796.96,3.573e-2,5.236e-16,9.350e-27,1.360e-43,2.933e-17,,,1.129e-18,5.603e-19,,2.077e-15,3.228e-20,2.629e-26,4.892e-4,1.383e-20,6.990e-30,2.412e-17,,,,4.919e-18,1.213e-24,1.070e-17,,2.011e-26,,,,1.421e-21,2.407e-16,1.713e-18,3.948e-20,,,,,3.524e-2,,,,,,,,,2.439e-18,,,,,,,,,,,,,,
796.98,3.816e-2,6.858e-16,9.332e-27,1.847e-43,2.933e-17,,,1.129e-18,5.598e-19,,2.078e-15,3.226e-20,1.962e-26,4.186e-4,1.377e-20,6.985e-30,2.410e-17,,,,4.919e-18,1.399e-24,1.070e-17,,2.010e-26,,,,1.421e-21,2.407e-16,1.714e-18,4.864e-20,,,,,3.774e-2,,,,,,,,,2.439e-18,,,,,,,,,,,,,,
797.01,4.206e-2,1.026e-15,9.305e-27,2.918e-43,2.934e-17,,,1.129e-18,5.590e-19,,2.078e-15,3.224e-20,1.262e-26,3.306e-4,1.368e-20,6.976e-30,2.407e-17,,,,4.920e-18,1.728e-24,1.070e-17,,2.010e-26,,,,1.421e-21,2.408e-16,1.715e-18,6.635e-20,,,,,4.173e-2,,,,,,,,,2.440e-18,,,,,,,,,,,,,,
797.03,4.483e-2,1.339e-15,9.287e-27,3.952e-43,2.934e-17,,,1.129e-18,5.585e-19,,2.079e-15,3.223e-20,9.391e-27,2.821e-4,1.362e-20,6.970e-30,2.405e-17,,,,4.920e-18,1.987e-24,1.070e-17,,2.009e-26,,,,1.421e-21,2.408e-16,1.716e-18,8.149e-20,,,,,4.455e-2,,,,,,,,,2.440e-18,,,,,,,,,,,,,,
797.06,4.926e-2,1.994e-15,9.261e-27,6.214e-43,2.935e-17,,,1.129e-18,5.577e-19,,2.080e-15,3.221e-20,6.013e-27,2.218e-4,1.353e-20,6.961e-30,2.402e-17,,,,4.921e-18,2.444e-24,1.069e-17,,2.009e-26,,,,1.420e-21,2.408e-16,1.717e-18,1.107e-19,,,,,4.904e-2,,,,,,,,,2.440e-18,,,,,,,,,,,,,,
797.08,5.239e-2,2.596e-15,9.243e-27,8.391e-43,2.935e-17,,,1.129e-18,5.572e-19,,2.080e-15,3.219e-20,4.460e-27,1.886e-4,1.347e-20,6.956e-30,2.400e-17,,,,4.921e-18,2.802e-24,1.069e-17,,2.009e-26,,,,1.420e-21,2.408e-16,1.718e-18,1.355e-19,,,,,5.220e-2,,,,,,,,,2.441e-18,,,,,,,,,,,,,,
797.1,5.566e-2,3.376e-15,9.225e-27,1.132e-42,2.935e-17,,,1.129e-18,5.566e-19,,2.080e-15,3.218e-20,3.304e-27,1.602e-4,1.341e-20,6.950e-30,2.397e-17,,,,4.921e-18,3.208e-24,1.069e-17,,2.008e-26,,,,1.420e-21,2.409e-16,1.719e-18,1.658e-19,,,,,5.550e-2,,,,,,,,,2.441e-18,,,,,,,,,,,,,,
797.13,6.083e-2,4.994e-15,9.198e-27,1.768e-42,2.936e-17,,,1.129e-18,5.559e-19,,2.081e-15,3.216e-20,2.102e-27,1.252e-4,1.332e-20,6.941e-30,2.394e-17,,,,4.922e-18,3.921e-24,1.069e-17,,2.008e-26,,,,1.419e-21,2.409e-16,1.721e-18,2.238e-19,,,,,6.070e-2,,,,,,,,,2.441e-18,,,,,,,,,,,,,,
797.15,6.445e-2,6.475e-15,9.180e-27,2.378e-42,2.936e-17,,,1.128e-18,5.553e-19,,2.081e-15,3.215e-20,1.552e-27,1.060e-4,1.326e-20,6.935e-30,2.392e-17,,,,4.922e-18,4.475e-24,1.069e-17,,2.007e-26,,,,1.419e-21,2.409e-16,1.722e-18,2.729e-19,,,,,6.434e-2,,,,,,,,,2.441e-18,,,,,,,,,,,,,,
797.18,7.014e-2,9.538e-15,9.153e-27,3.700e-42,2.937e-17,,,1.128e-18,5.545e-19,,2.082e-15,3.212e-20,9.831e-28,8.245e-5,1.317e-20,6.926e-30,2.389e-17,,,,4.923e-18,5.446e-24,1.069e-17,,2.007e-26,,,,1.419e-21,2.409e-16,1.723e-18,3.667e-19,,,,,7.006e-2,,,,,,,,,2.442e-18,,,,,,,,,,,,,,
797.2,7.411e-2,1.233e-14,9.135e-27,4.960e-42,2.937e-17,,,1.128e-18,5.540e-19,,2.082e-15,3.211e-20,7.239e-28,6.962e-5,1.310e-20,6.921e-30,2.387e-17,,,,4.923e-18,6.198e-24,1.068e-17,,2.006e-26,,,,1.419e-21,2.410e-16,1.724e-18,4.460e-19,,,,,7.404e-2,,,,,,,,,2.442e-18,,,,,,,,,,,,,,
797.23,8.031e-2,1.808e-14,9.109e-27,7.682e-42,2.937e-17,,,1.128e-18,5.532e-19,,2.083e-15,3.209e-20,4.564e-28,5.389e-5,1.301e-20,6.912e-30,2.384e-17,,,,4.924e-18,7.508e-24,1.068e-17,,2.006e-26,,,,1.418e-21,2.410e-16,1.726e-18,5.967e-19,,,,,8.026e-2,,,,,,,,,2.442e-18,,,,,,,,,,,,,,
797.25,8.461e-2,2.330e-14,9.091e-27,1.027e-41,2.938e-17,,,1.128e-18,5.527e-19,,2.083e-15,3.208e-20,3.350e-28,4.537e-5,1.295e-20,6.906e-30,2.382e-17,,,,4.924e-18,8.519e-24,1.068e-17,,2.006e-26,,,,1.418e-21,2.410e-16,1.727e-18,7.234e-19,,,,,8.456e-2,,,,,,,,,2.443e-18,,,,,,,,,,,,,,
797.28,9.129e-2,3.402e-14,9.064e-27,1.583e-41,2.938e-17,,,1.128e-18,5.519e-19,,2.084e-15,3.205e-20,2.102e-28,3.496e-5,1.286e-20,6.897e-30,2.378e-17,,,,4.925e-18,1.027e-23,1.068e-17,,2.005e-26,,,,1.418e-21,2.411e-16,1.728e-18,9.636e-19,,,,,9.125e-2,,,,,,,,,2.443e-18,,,,,,,,,,,,,,
797.3,9.589e-2,4.371e-14,9.046e-27,2.110e-41,2.938e-17,,,1.128e-18,5.514e-19,,2.084e-15,3.204e-20,2.102e-28,2.934e-5,1.280e-20,6.892e-30,2.376e-17,,,,4.925e-18,1.162e-23,1.068e-17,,2.005e-26,,,,1.417e-21,2.411e-16,1.729e-18,1.165e-18,,,,,9.586e-2,,,,,,,,,2.443e-18,,,,,,,,,,,,,,
797.33,1.030e-1,6.353e-14,9.019e-27,3.239e-41,2.939e-17,,,1.128e-18,5.506e-19,,2.085e-15,3.202e-20,2.102e-28,2.251e-5,1.271e-20,6.883e-30,2.373e-17,,,,4.926e-18,1.395e-23,1.067e-17,,2.004e-26,,,,1.417e-21,2.411e-16,1.730e-18,1.545e-18,,,,,1.030e-1,,,,,,,,,2.444e-18,,,,,,,,,,,,,,
797.35,1.079e-1,8.139e-14,9.001e-27,4.304e-41,2.939e-17,,,1.128e-18,5.501e-19,,2.085e-15,3.201e-20,2.101e-28,1.884e-5,1.265e-20,6.877e-30,2.371e-17,,,,4.926e-18,1.574e-23,1.067e-17,,2.004e-26,,,,1.417e-21,2.411e-16,1.731e-18,1.862e-18,,,,,1.079e-1,,,,,,,,,2.444e-18,,,,,,,,,,,,,,
797.38,1.154e-1,1.178e-13,8.974e-27,6.578e-41,2.940e-17,,,1.128e-18,5.493e-19,,2.086e-15,3.198e-20,2.101e-28,1.438e-5,1.256e-20,6.868e-30,2.368e-17,,,,4.927e-18,1.881e-23,1.067e-17,,2.003e-26,,,,1.416e-21,2.412e-16,1.733e-18,2.458e-18,,,,,1.153e-1,,,,,,,,,2.444e-18,,,,,,,,,,,,,,
797.4,1.204e-1,1.504e-13,8.957e-27,8.715e-41,2.940e-17,,,1.128e-18,5.488e-19,,2.086e-15,3.197e-20,2.101e-28,1.200e-5,1.250e-20,6.863e-30,2.366e-17,,,,4.927e-18,2.115e-23,1.067e-17,,2.003e-26,,,,1.416e-21,2.412e-16,1.734e-18,2.955e-18,,,,,1.204e-1,,,,,,,,,2.444e-18,,,,,,,,,,,,,,
797.43,1.282e-1,2.167e-13,8.930e-27,1.326e-40,2.941e-17,,,1.128e-18,5.480e-19,,2.087e-15,3.195e-20,2.100e-28,9.122e-6,1.241e-20,6.854e-30,2.363e-17,,,,4.927e-18,2.517e-23,1.067e-17,,2.003e-26,,,,1.416e-21,2.412e-16,1.735e-18,3.884e-18,,,,,1.282e-1,,,,,,,,,2.445e-18,,,,,,,,,,,,,,
797.45,1.335e-1,2.759e-13,8.912e-27,1.751e-40,2.941e-17,,,1.128e-18,5.474e-19,,2.087e-15,3.194e-20,2.100e-28,7.587e-6,1.235e-20,6.848e-30,2.361e-17,,,,4.928e-18,2.821e-23,1.067e-17,,2.002e-26,,,,1.416e-21,2.412e-16,1.736e-18,4.654e-18,,,,,1.335e-1,,,,,,,,,2.445e-18,,,,,,,,,,,,,,
797.47,1.388e-1,3.510e-13,8.894e-27,2.311e-40,2.941e-17,,,1.128e-18,5.469e-19,,2.088e-15,3.192e-20,2.100e-28,6.302e-6,1.229e-20,6.842e-30,2.358e-17,,,,4.928e-18,3.159e-23,1.066e-17,,2.002e-26,,,,1.415e-21,2.413e-16,1.737e-18,5.570e-18,,,,,1.388e-1,,,,,,,,,2.445e-18,,,,,,,,,,,,,,
797.5,1.468e-1,5.024e-13,8.867e-27,3.494e-40,2.942e-17,,,1.128e-18,5.461e-19,,2.088e-15,3.190e-20,2.100e-28,4.760e-6,1.220e-20,6.833e-30,2.355e-17,,,,4.929e-18,3.736e-23,1.066e-17,,2.001e-26,,,,1.415e-21,2.413e-16,1.739e-18,7.278e-18,,,,,1.468e-1,,,,,,,,,2.446e-18,,,,,,,,,,,,,,
797.52,1.522e-1,6.372e-13,8.849e-27,4.596e-40,2.942e-17,,,1.128e-18,5.456e-19,,2.089e-15,3.189e-20,2.099e-28,3.942e-6,1.214e-20,6.828e-30,2.353e-17,,,,4.929e-18,4.171e-23,1.066e-17,,2.001e-26,,,,1.415e-21,2.413e-16,1.740e-18,8.685e-18,,,,,1.522e-1,,,,,,,,,2.446e-18,,,,,,,,,,,,,,
797.55,1.603e-1,9.081e-13,8.822e-27,6.918e-40,2.943e-17,,,1.128e-18,5.448e-19,,2.089e-15,3.187e-20,2.099e-28,2.964e-6,1.205e-20,6.819e-30,2.350e-17,,,,4.930e-18,4.909e-23,1.066e-17,,2.000e-26,,,,1.414e-21,2.413e-16,1.741e-18,1.130e-17,,,,,1.603e-1,,,,,,,,,2.446e-18,,,,,,,,,,,,,,
797.57,1.657e-1,1.148e-12,8.804e-27,9.073e-40,2.943e-17,,,1.128e-18,5.443e-19,,2.090e-15,3.185e-20,2.099e-28,2.448e-6,1.199e-20,6.813e-30,2.348e-17,,,,4.930e-18,5.465e-23,1.066e-17,,2.000e-26,,,,1.414e-21,2.414e-16,1.742e-18,1.344e-17,,,,,1.657e-1,,,,,,,,,2.446e-18,,,,,,,,,,,,,,
797.6,1.737e-1,1.629e-12,8.778e-27,1.360e-39,2.943e-17,,,1.127e-18,5.435e-19,,2.091e-15,3.183e-20,2.098e-28,1.832e-6,1.190e-20,6.804e-30,2.345e-17,,,,4.931e-18,6.403e-23,1.066e-17,,2.000e-26,,,,1.414e-21,2.414e-16,1.743e-18,1.741e-17,,,,,1.737e-1,,,,,,,,,2.447e-18,,,,,,,,,,,,,,
797.62,1.790e-1,2.054e-12,8.760e-27,1.778e-39,2.944e-17,,,1.127e-18,5.430e-19,,2.091e-15,3.182e-20,2.098e-28,1.508e-6,1.184e-20,6.799e-30,2.343e-17,,,,4.931e-18,7.106e-23,1.065e-17,,1.999e-26,,,,1.414e-21,2.414e-16,1.744e-18,2.066e-17,,,,,1.790e-1,,,,,,,,,2.447e-18,,,,,,,,,,,,,,
797.65,1.869e-1,2.901e-12,8.733e-27,2.652e-39,2.944e-17,,,1.127e-18,5.422e-19,,2.092e-15,3.180e-20,2.098e-28,1.124e-6,1.175e-20,6.790e-30,2.339e-17,,,,4.932e-18,8.290e-23,1.065e-17,,1.999e-26,,,,1.413e-21,2.414e-16,1.746e-18,2.664e-17,,,,,1.869e-1,,,,,,,,,2.447e-18,,,,,,,,,,,,,,
797.67,1.920e-1,3.646e-12,8.715e-27,3.458e-39,2.945e-17,,,1.127e-18,5.417e-19,,2.092e-15,3.178e-20,2.097e-28,9.222e-7,1.169e-20,6.784e-30,2.337e-17,,,,4.932e-18,9.173e-23,1.065e-17,,1.998e-26,,,,1.413e-21,2.415e-16,1.747e-18,3.151e-17,,,,,1.920e-1,,,,,,,,,2.448e-18,,,,,,,,,,,,,,
797.7,1.995e-1,5.127e-12,8.688e-27,5.136e-39,2.945e-17,,,1.127e-18,5.409e-19,,2.093e-15,3.176e-20,2.097e-28,6.841e-7,1.159e-20,6.775e-30,2.334e-17,,,,4.932e-18,1.065e-22,1.065e-17,,1.998e-26,,,,1.413e-21,2.415e-16,1.748e-18,4.045e-17,,,,,1.995e-1,,,,,,,,,2.448e-18,,,,,,,,,,,,,,
797.72,2.043e-1,6.426e-12,8.670e-27,6.676e-39,2.945e-17,,,1.127e-18,5.403e-19,,2.093e-15,3.175e-20,2.097e-28,5.597e-7,1.153e-20,6.770e-30,2.332e-17,,,,4.933e-18,1.175e-22,1.065e-17,,1.998e-26,,,,1.413e-21,2.415e-16,1.749e-18,4.772e-17,,,,,2.043e-1,,,,,,,,,2.448e-18,,,,,,,,,,,,,,
797.75,2.113e-1,8.995e-12,8.644e-27,9.871e-39,2.946e-17,,,1.127e-18,5.396e-19,,2.094e-15,3.173e-20,2.096e-28,4.133e-7,1.144e-20,6.761e-30,2.329e-17,,,,4.933e-18,1.359e-22,1.065e-17,,1.997e-26,,,,1.412e-21,2.416e-16,1.751e-18,6.099e-17,,,,,2.113e-1,,,,,,,,,2.449e-18,,,,,,,,,,,,,,
797.77,2.158e-1,1.124e-11,8.626e-27,1.279e-38,2.946e-17,,,1.127e-18,5.390e-19,,2.094e-15,3.171e-20,2.096e-28,3.371e-7,1.138e-20,6.755e-30,2.327e-17,,,,4.934e-18,1.494e-22,1.064e-17,,1.997e-26,,,,1.412e-21,2.416e-16,1.752e-18,7.174e-17,,,,,2.158e-1,,,,,,,,,2.449e-18,,,,,,,,,,,,,,
797.8,2.222e-1,1.566e-11,8.599e-27,1.883e-38,2.947e-17,,,1.127e-18,5.382e-19,,2.095e-15,3.169e-20,2.096e-28,2.478e-7,1.129e-20,6.746e-30,2.324e-17,,,,4.934e-18,1.720e-22,1.064e-17,,1.996e-26,,,,1.412e-21,2.416e-16,1.753e-18,9.130e-17,,,,,2.222e-1,,,,,,,,,2.449e-18,,,,,,,,,,,,,,
797.82,2.263e-1,1.951e-11,8.581e-27,2.433e-38,2.947e-17,,,1.127e-18,5.377e-19,,2.095e-15,3.168e-20,2.096e-28,2.015e-7,1.123e-20,6.741e-30,2.322e-17,,,,4.935e-18,1.886e-22,1.064e-17,,1.996e-26,,,,1.411e-21,2.416e-16,1.754e-18,1.071e-16,,,,,2.263e-1,,,,,,,,,2.450e-18,,,,,,,,,,,,,,
797.85,2.320e-1,2.707e-11,8.554e-27,3.566e-38,2.947e-17,,,1.127e-18,5.369e-19,,2.096e-15,3.166e-20,2.095e-28,1.474e-7,1.114e-20,6.732e-30,2.318e-17,,,,4.935e-18,2.161e-22,1.064e-17,,1.995e-26,,,,1.411e-21,2.417e-16,1.756e-18,1.357e-16,,,,,2.320e-1,,,,,,,,,2.450e-18,,,,,,,,,,,,,,
797.87,2.355e-1,3.363e-11,8.536e-27,4.594e-38,2.948e-17,,,1.127e-18,5.364e-19,,2.096e-15,3.164e-20,2.095e-28,1.195e-7,1.108e-20,6.726e-30,2.316e-17,,,,4.936e-18,2.362e-22,1.064e-17,,1.995e-26,,,,1.411e-21,2.417e-16,1.757e-18,1.586e-16,,,,,2.355e-1,,,,,,,,,2.450e-18,,,,,,,,,,,,,,
797.89,2.387e-1,4.172e-11,8.518e-27,5.912e-38,2.948e-17,,,1.127e-18,5.359e-19,,2.096e-15,3.163e-20,2.095e-28,9.680e-8,1.102e-20,6.720e-30,2.314e-17,,,,4.936e-18,2.580e-22,1.064e-17,,1.995e-26,,,,1.411e-21,2.417e-16,1.757e-18,1.853e-16,,,,,2.387e-1,,,,,,,,,2.450e-18,,,,,,,,,,,,,,
797.92,2.432e-1,5.752e-11,8.491e-27,8.610e-38,2.949e-17,,,1.127e-18,5.351e-19,,2.097e-15,3.161e-20,2.094e-28,7.038e-8,1.093e-20,6.711e-30,2.311e-17,,,,4.936e-18,2.937e-22,1.063e-17,,1.994e-26,,,,1.410e-21,2.417e-16,1.759e-18,2.334e-16,,,,,2.432e-1,,,,,,,,,2.451e-18,,,,,,,,,,,,,,
797.94,2.458e-1,7.115e-11,8.474e-27,1.105e-37,2.949e-17,,,1.127e-18,5.346e-19,,2.097e-15,3.159e-20,2.094e-28,5.682e-8,1.087e-20,6.706e-30,2.309e-17,,,,4.937e-18,3.198e-22,1.063e-17,,1.994e-26,,,,1.410e-21,2.418e-16,1.760e-18,2.718e-16,,,,,2.458e-1,,,,,,,,,2.451e-18,,,,,,,,,,,,,,
797.97,2.493e-1,9.767e-11,8.447e-27,1.602e-37,2.949e-17,,,1.127e-18,5.338e-19,,2.098e-15,3.157e-20,2.094e-28,4.113e-8,1.078e-20,6.697e-30,2.306e-17,,,,4.937e-18,3.625e-22,1.063e-17,,1.993e-26,,,,1.410e-21,2.418e-16,1.761e-18,3.409e-16,,,,,2.493e-1,,,,,,,,,2.451e-18,,,,,,,,,,,,,,
797.99,2.513e-1,1.205e-10,8.429e-27,2.049e-37,2.950e-17,,,1.127e-18,5.332e-19,,2.098e-15,3.156e-20,2.093e-28,3.310e-8,1.072e-20,6.691e-30,2.304e-17,,,,4.938e-18,3.935e-22,1.063e-17,,1.993e-26,,,,1.409e-21,2.418e-16,1.762e-18,3.958e-16,,,,,2.513e-1,,,,,,,,,2.452e-18,,,,,,,,,,,,,,
798.02,2.536e-1,1.646e-10,8.402e-27,2.957e-37,2.950e-17,,,1.126e-18,5.325e-19,,2.099e-15,3.154e-20,2.093e-28,2.385e-8,1.063e-20,6.682e-30,2.300e-17,,,,4.938e-18,4.440e-22,1.063e-17,,1.992e-26,,,,1.409e-21,2.418e-16,1.764e-18,4.942e-16,,,,,2.536e-1,,,,,,,,,2.452e-18,,,,,,,,,,,,,,
798.04,2.549e-1,2.024e-10,8.384e-27,3.771e-37,2.951e-17,,,1.126e-18,5.319e-19,,2.099e-15,3.152e-20,2.093e-28,1.914e-8,1.057e-20,6.677e-30,2.298e-17,,,,4.939e-18,4.805e-22,1.062e-17,,1.992e-26,,,,1.409e-21,2.419e-16,1.765e-18,5.723e-16,,,,,2.549e-1,,,,,,,,,2.452e-18,,,,,,,,,,,,,,
798.07,2.561e-1,2.753e-10,8.357e-27,5.420e-37,2.951e-17,,,1.126e-18,5.311e-19,,2.100e-15,3.150e-20,2.092e-28,1.373e-8,1.048e-20,6.668e-30,2.295e-17,,,,4.939e-18,5.398e-22,1.062e-17,,1.992e-26,,,,1.408e-21,2.419e-16,1.766e-18,7.115e-16,,,,,2.561e-1,,,,,,,,,2.453e-18,,,,,,,,,,,,,,
798.09,2.566e-1,3.376e-10,8.339e-27,6.891e-37,2.951e-17,,,1.126e-18,5.306e-19,,2.100e-15,3.149e-20,2.092e-28,1.098e-8,1.042e-20,6.662e-30,2.293e-17,,,,4.940e-18,5.824e-22,1.062e-17,,1.991e-26,,,,1.408e-21,2.419e-16,1.767e-18,8.215e-16,,,,,2.566e-1,,,,,,,,,2.453e-18,,,,,,,,,,,,,,
798.12,2.567e-1,4.572e-10,8.313e-27,9.859e-37,2.952e-17,,,1.126e-18,5.298e-19,,2.101e-15,3.147e-20,2.092e-28,7.840e-9,1.033e-20,6.653e-30,2.290e-17,,,,4.940e-18,6.513e-22,1.062e-17,,1.991e-26,,,,1.408e-21,2.419e-16,1.769e-18,1.017e-15,,,,,2.567e-1,,,,,,,,,2.453e-18,,,,,,,,,,,,,,
798.14,2.564e-1,5.588e-10,8.295e-27,1.250e-36,2.952e-17,,,1.126e-18,5.293e-19,,2.101e-15,3.145e-20,2.092e-28,6.254e-9,1.027e-20,6.648e-30,2.288e-17,,,,4.941e-18,7.007e-22,1.062e-17,,1.990e-26,,,,1.408e-21,2.420e-16,1.770e-18,1.171e-15,,,,,2.564e-1,,,,,,,,,2.453e-18,,,,,,,,,,,,,,
798.17,2.554e-1,7.535e-10,8.268e-27,1.780e-36,2.953e-17,,,1.126e-18,5.285e-19,,2.102e-15,3.143e-20,2.091e-28,4.445e-9,1.018e-20,6.639e-30,2.285e-17,,,,4.941e-18,7.801e-22,1.062e-17,,1.990e-26,,,,1.407e-21,2.420e-16,1.771e-18,1.443e-15,,,,,2.554e-1,,,,,,,,,2.454e-18,,,,,,,,,,,,,,
798.19,2.543e-1,9.183e-10,8.250e-27,2.250e-36,2.953e-17,,,1.126e-18,5.280e-19,,2.103e-15,3.142e-20,2.091e-28,3.534e-9,1.011e-20,6.633e-30,2.283e-17,,,,4.941e-18,8.367e-22,1.061e-17,,1.989e-26,,,,1.407e-21,2.420e-16,1.772e-18,1.657e-15,,,,,2.543e-1,,,,,,,,,2.454e-18,,,,,,,,,,,,,,
798.22,2.521e-1,1.233e-9,8.223e-27,3.191e-36,2.954e-17,,,1.126e-18,5.272e-19,,2.103e-15,3.140e-20,2.091e-28,2.500e-9,1.002e-20,6.624e-30,2.279e-17,,,,4.942e-18,9.273e-22,1.061e-17,,1.989e-26,,,,1.407e-21,2.421e-16,1.773e-18,2.033e-15,,,,,2.521e-1,,,,,,,,,2.454e-18,,,,,,,,,,,,,,
798.24,2.503e-1,1.498e-9,8.205e-27,4.021e-36,2.954e-17,,,1.126e-18,5.267e-19,,2.104e-15,3.138e-20,2.090e-28,1.982e-9,9.964e-21,6.618e-30,2.277e-17,,,,4.942e-18,9.916e-22,1.061e-17,,1.989e-26,,,,1.406e-21,2.421e-16,1.774e-18,2.328e-15,,,,,2.503e-1,,,,,,,,,2.455e-18,,,,,,,,,,,,,,
798.26,2.482e-1,1.818e-9,8.187e-27,5.062e-36,2.954e-17,,,1.126e-18,5.261e-19,,2.104e-15,3.137e-20,2.090e-28,1.570e-9,9.904e-21,6.613e-30,2.275e-17,,,,4.943e-18,1.059e-21,1.061e-17,,1.988e-26,,,,1.406e-21,2.421e-16,1.775e-18,2.662e-15,,,,,2.482e-1,,,,,,,,,2.455e-18,,,,,,,,,,,,,,
798.29,2.446e-1,2.425e-9,8.161e-27,7.133e-36,2.955e-17,,,1.126e-18,5.254e-19,,2.105e-15,3.135e-20,2.090e-28,1.104e-9,9.813e-21,6.604e-30,2.272e-17,,,,4.943e-18,1.167e-21,1.061e-17,,1.988e-26,,,,1.406e-21,2.421e-16,1.777e-18,3.247e-15,,,,,2.446e-1,,,,,,,,,2.455e-18,,,,,,,,,,,,,,
798.31,2.418e-1,2.934e-9,8.143e-27,8.952e-36,2.955e-17,,,1.126e-18,5.248e-19,,2.105e-15,3.133e-20,2.089e-28,8.711e-10,9.753e-21,6.598e-30,2.270e-17,,,,4.944e-18,1.242e-21,1.061e-17,,1.987e-26,,,,1.406e-21,2.422e-16,1.778e-18,3.702e-15,,,,,2.418e-1,,,,,,,,,2.455e-18,,,,,,,,,,,,,,
798.34,2.371e-1,3.896e-9,8.116e-27,1.256e-35,2.955e-17,,,1.126e-18,5.240e-19,,2.106e-15,3.131e-20,2.089e-28,6.096e-10,9.662e-21,6.589e-30,2.267e-17,,,,4.944e-18,1.362e-21,1.060e-17,,1.987e-26,,,,1.405e-21,2.422e-16,1.779e-18,4.498e-15,,,,,2.371e-1,,,,,,,,,2.456e-18,,,,,,,,,,,,,,
798.36,2.337e-1,4.701e-9,8.098e-27,1.571e-35,2.956e-17,,,1.126e-18,5.235e-19,,2.106e-15,3.130e-20,2.089e-28,4.798e-10,9.602e-21,6.584e-30,2.265e-17,,,,4.945e-18,1.446e-21,1.060e-17,,1.987e-26,,,,1.405e-21,2.422e-16,1.780e-18,5.114e-15,,,,,2.337e-1,,,,,,,,,2.456e-18,,,,,,,,,,,,,,
798.39,2.282e-1,6.215e-9,8.071e-27,2.195e-35,2.956e-17,,,1.126e-18,5.227e-19,,2.107e-15,3.128e-20,2.088e-28,3.343e-10,9.511e-21,6.575e-30,2.262e-17,,,,4.945e-18,1.578e-21,1.060e-17,,1.986e-26,,,,1.405e-21,2.422e-16,1.782e-18,6.186e-15,,,,,2.282e-1,,,,,,,,,2.456e-18,,,,,,,,,,,,,,
798.41,2.243e-1,7.476e-9,8.053e-27,2.738e-35,2.957e-17,,,1.126e-18,5.222e-19,,2.107e-15,3.126e-20,2.088e-28,2.623e-10,9.451e-21,6.569e-30,2.259e-17,,,,4.945e-18,1.671e-21,1.060e-17,,1.986e-26,,,,1.405e-21,2.423e-16,1.783e-18,7.013e-15,,,,,2.243e-1,,,,,,,,,2.457e-18,,,,,,,,,,,,,,
798.44,2.180e-1,9.840e-9,8.026e-27,3.807e-35,2.957e-17,,,1.126e-18,5.214e-19,,2.108e-15,3.124e-20,2.088e-28,1.819e-10,9.360e-21,6.560e-30,2.256e-17,,,,4.946e-18,1.816e-21,1.060e-17,,1.985e-26,,,,1.404e-21,2.423e-16,1.784e-18,8.448e-15,,,,,2.180e-1,,,,,,,,,2.457e-18,,,,,,,,,,,,,,
798.46,2.136e-1,1.180e-8,8.009e-27,4.735e-35,2.957e-17,,,1.125e-18,5.209e-19,,2.108e-15,3.123e-20,2.088e-28,1.423e-10,9.300e-21,6.555e-30,2.254e-17,,,,4.946e-18,1.916e-21,1.060e-17,,1.985e-26,,,,1.404e-21,2.423e-16,1.785e-18,9.551e-15,,,,,2.136e-1,,,,,,,,,2.457e-18,,,,,,,,,,,,,,
798.49,2.067e-1,1.546e-8,7.982e-27,6.555e-35,2.958e-17,,,1.125e-18,5.201e-19,,2.109e-15,3.121e-20,2.087e-28,9.823e-11,9.209e-21,6.546e-30,2.251e-17,,,,4.947e-18,2.073e-21,1.059e-17,,1.984e-26,,,,1.404e-21,2.423e-16,1.786e-18,1.146e-14,,,,,2.067e-1,,,,,,,,,2.458e-18,,,,,,,,,,,,,,
798.51,2.019e-1,1.849e-8,7.964e-27,8.129e-35,2.958e-17,,,1.125e-18,5.196e-19,,2.109e-15,3.119e-20,2.087e-28,7.661e-11,9.149e-21,6.540e-30,2.249e-17,,,,4.947e-18,2.181e-21,1.059e-17,,1.984e-26,,,,1.403e-21,2.424e-16,1.787e-18,1.292e-14,,,,,2.019e-1,,,,,,,,,2.458e-18,,,,,,,,,,,,,,
798.54,1.945e-1,2.412e-8,7.937e-27,1.120e-34,2.959e-17,,,1.125e-18,5.188e-19,,2.110e-15,3.117e-20,2.087e-28,5.265e-11,9.058e-21,6.531e-30,2.246e-17,,,,4.948e-18,2.349e-21,1.059e-17,,1.983e-26,,,,1.403e-21,2.424e-16,1.789e-18,1.543e-14,,,,,1.945e-1,,,,,,,,,2.458e-18,,,,,,,,,,,,,,
798.56,1.894e-1,2.876e-8,7.919e-27,1.385e-34,2.959e-17,,,1.125e-18,5.183e-19,,2.110e-15,3.116e-20,2.086e-28,4.093e-11,8.998e-21,6.526e-30,2.244e-17,,,,4.948e-18,2.464e-21,1.059e-17,,1.983e-26,,,,1.403e-21,2.424e-16,1.790e-18,1.735e-14,,,,,1.894e-1,,,,,,,,,2.459e-18,,,,,,,,,,,,,,
798.59,1.817e-1,3.735e-8,7.892e-27,1.900e-34,2.960e-17,,,1.125e-18,5.175e-19,,2.111e-15,3.114e-20,2.086e-28,2.800e-11,8.907e-21,6.517e-30,2.240e-17,,,,4.949e-18,2.642e-21,1.059e-17,,1.983e-26,,,,1.402e-21,2.424e-16,1.791e-18,2.063e-14,,,,,1.817e-1,,,,,,,,,2.459e-18,,,,,,,,,,,,,,
798.61,1.764e-1,4.440e-8,7.874e-27,2.343e-34,2.960e-17,,,1.125e-18,5.169e-19,,2.111e-15,3.112e-20,2.086e-28,2.171e-11,8.847e-21,6.511e-30,2.238e-17,,,,4.949e-18,2.763e-21,1.058e-17,,1.982e-26,,,,1.402e-21,2.425e-16,1.792e-18,2.313e-14,,,,,1.764e-1,,,,,,,,,2.459e-18,,,,,,,,,,,,,,
798.63,1.711e-1,5.271e-8,7.857e-27,2.885e-34,2.960e-17,,,1.125e-18,5.164e-19,,2.111e-15,3.111e-20,2.086e-28,1.681e-11,8.786e-21,6.505e-30,2.236e-17,,,,4.950e-18,2.886e-21,1.058e-17,,1.982e-26,,,,1.402e-21,2.425e-16,1.793e-18,2.590e-14,,,,,1.711e-1,,,,,,,,,2.459e-18,,,,,,,,,,,,,,
798.66,1.630e-1,6.803e-8,7.830e-27,3.933e-34,2.961e-17,,,1.125e-18,5.156e-19,,2.112e-15,3.109e-20,2.085e-28,1.142e-11,8.696e-21,6.496e-30,2.233e-17,,,,4.950e-18,3.075e-21,1.058e-17,,1.981e-26,,,,1.402e-21,2.425e-16,1.795e-18,3.063e-14,,,,,1.630e-1,,,,,,,,,2.460e-18,,,,,,,,,,,,,,
798.68,1.576e-1,8.053e-8,7.812e-27,4.829e-34,2.961e-17,,,1.125e-18,5.151e-19,,2.112e-15,3.108e-20,2.085e-28,8.819e-12,8.635e-21,6.491e-30,2.231e-17,,,,4.950e-18,3.203e-21,1.058e-17,,1.981e-26,,,,1.401e-21,2.425e-16,1.796e-18,3.421e-14,,,,,1.576e-1,,,,,,,,,2.460e-18,,,,,,,,,,,,,,
798.71,1.495e-1,1.035e-7,7.785e-27,6.554e-34,2.962e-17,,,1.125e-18,5.143e-19,,2.113e-15,3.105e-20,2.085e-28,5.968e-12,8.545e-21,6.482e-30,2.228e-17,,,,4.951e-18,3.397e-21,1.058e-17,,1.981e-26,,,,1.401e-21,2.426e-16,1.797e-18,4.029e-14,,,,,1.495e-1,,,,,,,,,2.460e-18,,,,,,,,,,,,,,
798.73,1.442e-1,1.221e-7,7.767e-27,8.023e-34,2.962e-17,,,1.125e-18,5.138e-19,,2.114e-15,3.104e-20,2.084e-28,4.593e-12,8.484e-21,6.476e-30,2.226e-17,,,,4.951e-18,3.527e-21,1.058e-17,,1.980e-26,,,,1.401e-21,2.426e-16,1.798e-18,4.487e-14,,,,,1.442e-1,,,,,,,,,2.461e-18,,,,,,,,,,,,,,
798.76,1.361e-1,1.562e-7,7.740e-27,1.084e-33,2.962e-17,,,1.125e-18,5.130e-19,,2.114e-15,3.102e-20,2.084e-28,3.094e-12,8.394e-21,6.467e-30,2.223e-17,,,,4.952e-18,3.724e-21,1.057e-17,,1.980e-26,,,,1.400e-21,2.426e-16,1.799e-18,5.262e-14,,,,,1.361e-1,,,,,,,,,2.461e-18,,,,,,,,,,,,,,
798.78,1.308e-1,1.838e-7,7.722e-27,1.323e-33,2.963e-17,,,1.125e-18,5.125e-19,,2.115e-15,3.101e-20,2.084e-28,2.374e-12,8.333e-21,6.462e-30,2.220e-17,,,,4.952e-18,3.856e-21,1.057e-17,,1.979e-26,,,,1.400e-21,2.427e-16,1.800e-18,5.844e-14,,,,,1.308e-1,,,,,,,,,2.461e-18,,,,,,,,,,,,,,
798.81,1.230e-1,2.341e-7,7.696e-27,1.780e-33,2.963e-17,,,1.125e-18,5.117e-19,,2.115e-15,3.098e-20,2.083e-28,1.592e-12,8.243e-21,6.453e-30,2.217e-17,,,,4.953e-18,4.053e-21,1.057e-17,,1.979e-26,,,,1.400e-21,2.427e-16,1.802e-18,6.826e-14,,,,,1.230e-1,,,,,,,,,2.462e-18,,,,,,,,,,,,,,
798.83,1.179e-1,2.747e-7,7.678e-27,2.166e-33,2.963e-17,,,1.125e-18,5.112e-19,,2.116e-15,3.097e-20,2.083e-28,1.217e-12,8.182e-21,6.447e-30,2.215e-17,,,,4.953e-18,4.184e-21,1.057e-17,,1.979e-26,,,,1.400e-21,2.427e-16,1.803e-18,7.561e-14,,,,,1.179e-1,,,,,,,,,2.462e-18,,,,,,,,,,,,,,
798.86,1.103e-1,3.483e-7,7.651e-27,2.900e-33,2.964e-17,,,1.125e-18,5.104e-19,,2.116e-15,3.095e-20,2.083e-28,8.126e-13,8.092e-21,6.438e-30,2.212e-17,,,,4.954e-18,4.378e-21,1.057e-17,,1.978e-26,,,,1.399e-21,2.427e-16,1.804e-18,8.795e-14,,,,,1.103e-1,,,,,,,,,2.462e-18,,,,,,,,,,,,,,
798.88,1.054e-1,4.074e-7,7.633e-27,3.519e-33,2.964e-17,,,1.124e-18,5.098e-19,,2.117e-15,3.094e-20,2.082e-28,6.197e-13,8.031e-21,6.433e-30,2.210e-17,,,,4.954e-18,4.506e-21,1.057e-17,,1.978e-26,,,,1.399e-21,2.428e-16,1.805e-18,9.715e-14,,,,,1.054e-1,,,,,,,,,2.462e-18,,,,,,,,,,,,,,
798.91,9.821e-2,5.143e-7,7.606e-27,4.692e-33,2.965e-17,,,1.124e-18,5.091e-19,,2.117e-15,3.092e-20,2.082e-28,4.118e-13,7.941e-21,6.424e-30,2.207e-17,,,,4.955e-18,4.693e-21,1.056e-17,,1.977e-26,,,,1.399e-21,2.428e-16,1.807e-18,1.126e-13,,,,,9.821e-2,,,,,,,,,2.463e-18,,,,,,,,,,,,,,
798.93,9.354e-2,5.998e-7,7.588e-27,5.675e-33,2.965e-17,,,1.124e-18,5.085e-19,,2.118e-15,3.090e-20,2.082e-28,3.131e-13,7.880e-21,6.418e-30,2.205e-17,,,,4.955e-18,4.816e-21,1.056e-17,,1.977e-26,,,,1.398e-21,2.428e-16,1.808e-18,1.240e-13,,,,,9.354e-2,,,,,,,,,2.463e-18,,,,,,,,,,,,,,
798.96,8.676e-2,7.538e-7,7.561e-27,7.533e-33,2.966e-17,,,1.124e-18,5.077e-19,,2.118e-15,3.088e-20,2.081e-28,2.071e-13,7.790e-21,6.409e-30,2.201e-17,,,,4.956e-18,4.994e-21,1.056e-17,,1.976e-26,,,,1.398e-21,2.428e-16,1.809e-18,1.431e-13,,,,,8.676e-2,,,,,,,,,2.463e-18,,,,,,,,,,,,,,
798.98,8.240e-2,8.765e-7,7.544e-27,9.085e-33,2.966e-17,,,1.124e-18,5.072e-19,,2.119e-15,3.087e-20,2.081e-28,1.570e-13,7.729e-21,6.404e-30,2.199e-17,,,,4.956e-18,5.109e-21,1.056e-17,,1.976e-26,,,,1.398e-21,2.429e-16,1.810e-18,1.572e-13,,,,,8.240e-2,,,,,,,,,2.464e-18,,,,,,,,,,,,,,
799,7.815e-2,1.018e-6,7.526e-27,1.094e-32,2.966e-17,,,1.124e-18,5.067e-19,,2.119e-15,3.085e-20,2.081e-28,1.188e-13,7.669e-21,6.398e-30,2.197e-17,,,,4.956e-18,5.221e-21,1.056e-17,,1.976e-26,,,,1.398e-21,2.429e-16,1.811e-18,1.725e-13,,,,,7.815e-2,,,,,,,,,2.464e-18,,,,,,,,,,,,,,
799.03,7.204e-2,1.271e-6,7.499e-27,1.444e-32,2.967e-17,,,1.124e-18,5.059e-19,,2.120e-15,3.083e-20,2.081e-28,7.811e-14,7.578e-21,6.389e-30,2.194e-17,,,,4.957e-18,5.380e-21,1.056e-17,,1.975e-26,,,,1.397e-21,2.429e-16,1.813e-18,1.979e-13,,,,,7.203e-2,,,,,,,,,2.464e-18,,,,,,,,,,,,,,
799.05,6.812e-2,1.472e-6,7.481e-27,1.734e-32,2.967e-17,,,1.124e-18,5.054e-19,,2.120e-15,3.082e-20,2.080e-28,5.896e-14,7.518e-21,6.383e-30,2.192e-17,,,,4.957e-18,5.481e-21,1.055e-17,,1.975e-26,,,,1.397e-21,2.429e-16,1.813e-18,2.166e-13,,,,,6.812e-2,,,,,,,,,2.464e-18,,,,,,,,,,,,,,
799.08,6.251e-2,1.831e-6,7.454e-27,2.277e-32,2.968e-17,,,1.124e-18,5.046e-19,,2.121e-15,3.080e-20,2.080e-28,3.857e-14,7.427e-21,6.374e-30,2.189e-17,,,,4.958e-18,5.623e-21,1.055e-17,,1.974e-26,,,,1.397e-21,2.430e-16,1.815e-18,2.476e-13,,,,,6.250e-2,,,,,,,,,2.465e-18,,,,,,,,,,,,,,
799.1,5.893e-2,2.114e-6,7.436e-27,2.726e-32,2.968e-17,,,1.124e-18,5.041e-19,,2.121e-15,3.078e-20,2.080e-28,2.903e-14,7.367e-21,6.369e-30,2.187e-17,,,,4.958e-18,5.711e-21,1.055e-17,,1.974e-26,,,,1.397e-21,2.430e-16,1.816e-18,2.703e-13,,,,,5.893e-2,,,,,,,,,2.465e-18,,,,,,,,,,,,,,
799.13,5.383e-2,2.616e-6,7.409e-27,3.564e-32,2.968e-17,,,1.124e-18,5.033e-19,,2.122e-15,3.076e-20,2.079e-28,1.891e-14,7.276e-21,6.360e-30,2.184e-17,,,,4.959e-18,5.833e-21,1.055e-17,,1.973e-26,,,,1.396e-21,2.430e-16,1.817e-18,3.077e-13,,,,,5.383e-2,,,,,,,,,2.465e-18,,,,,,,,,,,,,,
799.15,5.060e-2,3.012e-6,7.392e-27,4.255e-32,2.969e-17,,,1.124e-18,5.027e-19,,2.122e-15,3.075e-20,2.079e-28,1.418e-14,7.216e-21,6.354e-30,2.181e-17,,,,4.959e-18,5.907e-21,1.055e-17,,1.973e-26,,,,1.396e-21,2.430e-16,1.818e-18,3.350e-13,,,,,5.060e-2,,,,,,,,,2.466e-18,,,,,,,,,,,,,,
799.18,4.602e-2,3.712e-6,7.365e-27,5.539e-32,2.969e-17,,,1.124e-18,5.020e-19,,2.123e-15,3.073e-20,2.079e-28,9.196e-15,7.125e-21,6.345e-30,2.178e-17,,,,4.960e-18,6.006e-21,1.054e-17,,1.972e-26,,,,1.396e-21,2.431e-16,1.820e-18,3.799e-13,,,,,4.601e-2,,,,,,,,,2.466e-18,,,,,,,,,,,,,,
799.2,4.313e-2,4.261e-6,7.347e-27,6.593e-32,2.970e-17,,,1.124e-18,5.014e-19,,2.123e-15,3.071e-20,2.078e-28,6.878e-15,7.065e-21,6.340e-30,2.176e-17,,,,4.960e-18,6.064e-21,1.054e-17,,1.972e-26,,,,1.395e-21,2.431e-16,1.821e-18,4.125e-13,,,,,4.312e-2,,,,,,,,,2.466e-18,,,,,,,,,,,,,,
799.23,3.904e-2,5.228e-6,7.320e-27,8.543e-32,2.970e-17,,,1.124e-18,5.006e-19,,2.124e-15,3.069e-20,2.078e-28,4.439e-15,6.974e-21,6.331e-30,2.173e-17,,,,4.961e-18,6.137e-21,1.054e-17,,1.972e-26,,,,1.395e-21,2.431e-16,1.822e-18,4.660e-13,,,,,3.904e-2,,,,,,,,,2.467e-18,,,,,,,,,,,,,,
799.25,3.648e-2,5.983e-6,7.302e-27,1.014e-31,2.970e-17,,,1.124e-18,5.001e-19,,2.124e-15,3.068e-20,2.078e-28,3.310e-15,1.947e-20,6.325e-30,2.171e-17,,,,4.961e-18,6.178e-21,1.054e-17,,1.971e-26,,,,1.395e-21,2.432e-16,1.823e-18,5.047e-13,,,,,3.647e-2,,,,,,,,,2.467e-18,,,,,,,,,,,,,,
799.28,3.288e-2,7.308e-6,7.275e-27,1.308e-31,2.971e-17,,,1.124e-18,4.993e-19,,2.125e-15,3.066e-20,2.077e-28,2.127e-15,3.084e-20,6.316e-30,2.168e-17,,,,4.961e-18,6.225e-21,1.054e-17,,1.971e-26,,,,1.394e-21,2.432e-16,1.825e-18,5.679e-13,,,,,3.287e-2,,,,,,,,,2.467e-18,,,,,,,,,,,,,,
799.3,3.063e-2,8.339e-6,7.257e-27,1.548e-31,2.971e-17,,,1.124e-18,4.988e-19,,2.125e-15,3.064e-20,2.077e-28,1.581e-15,4.184e-20,6.311e-30,2.166e-17,,,,4.962e-18,6.248e-21,1.054e-17,,1.970e-26,,,,1.394e-21,2.432e-16,1.826e-18,6.136e-13,,,,,3.062e-2,,,,,,,,,2.468e-18,,,,,,,,,,,,,,
799.33,2.748e-2,1.014e-5,7.231e-27,1.988e-31,2.972e-17,,,1.123e-18,4.980e-19,,2.126e-15,3.062e-20,2.077e-28,1.011e-15,6.598e-20,6.302e-30,2.162e-17,,,,4.962e-18,6.267e-21,1.053e-17,,1.970e-26,,,,1.394e-21,2.432e-16,1.827e-18,6.878e-13,,,,,2.747e-2,,,,,,,,,2.468e-18,,,,,,,,,,,,,,
799.35,2.553e-2,1.154e-5,7.213e-27,2.345e-31,2.972e-17,,,1.123e-18,4.975e-19,,2.126e-15,3.061e-20,2.077e-28,7.496e-16,8.925e-20,6.296e-30,2.160e-17,,,,4.963e-18,6.271e-21,1.053e-17,,1.970e-26,,,,1.394e-21,2.433e-16,1.828e-18,7.412e-13,,,,,2.551e-2,,,,,,,,,2.468e-18,,,,,,,,,,,,,,
799.37,2.368e-2,1.311e-5,7.195e-27,2.763e-31,2.972e-17,,,1.123e-18,4.970e-19,,2.127e-15,3.059e-20,2.076e-28,5.549e-16,1.206e-19,6.290e-30,2.158e-17,,,,4.963e-18,6.267e-21,1.053e-17,,1.969e-26,,,,1.393e-21,2.433e-16,1.829e-18,7.980e-13,,,,,2.367e-2,,,,,,,,,2.468e-18,,,,,,,,,,,,,,
799.4,2.112e-2,1.585e-5,7.168e-27,3.527e-31,2.973e-17,,,1.123e-18,4.962e-19,,2.127e-15,3.057e-20,2.076e-28,3.526e-16,1.890e-19,6.281e-30,2.155e-17,,,,4.964e-18,6.248e-21,1.053e-17,,1.969e-26,,,,1.393e-21,2.433e-16,1.830e-18,8.898e-13,,,,,2.110e-2,,,,,,,,,2.469e-18,,,,,,,,,,,,,,
799.42,1.953e-2,1.795e-5,7.150e-27,4.143e-31,2.973e-17,,,1.123e-18,4.956e-19,,2.128e-15,3.056e-20,2.076e-28,2.603e-16,2.546e-19,6.276e-30,2.153e-17,,,,4.964e-18,6.225e-21,1.053e-17,,1.968e-26,,,,1.393e-21,2.433e-16,1.831e-18,9.556e-13,,,,,1.952e-2,,,,,,,,,2.469e-18,,,,,,,,,,,,,,
799.45,1.734e-2,2.160e-5,7.123e-27,5.265e-31,2.974e-17,,,1.123e-18,4.949e-19,,2.128e-15,3.054e-20,2.075e-28,1.647e-16,3.972e-19,6.267e-30,2.150e-17,,,,4.965e-18,6.178e-21,1.053e-17,,1.968e-26,,,,1.392e-21,2.434e-16,1.833e-18,1.062e-12,,,,,1.732e-2,,,,,,,,,2.469e-18,,,,,,,,,,,,,,
799.47,1.600e-2,2.441e-5,7.105e-27,6.167e-31,2.974e-17,,,1.123e-18,4.943e-19,,2.129e-15,3.052e-20,2.075e-28,1.212e-16,5.334e-19,6.261e-30,2.148e-17,,,,4.965e-18,6.137e-21,1.052e-17,,1.968e-26,,,,1.392e-21,2.434e-16,1.834e-18,1.137e-12,,,,,1.597e-2,,,,,,,,,2.470e-18,,,,,,,,,,,,,,
799.5,1.414e-2,2.924e-5,7.079e-27,7.801e-31,2.974e-17,,,1.123e-18,4.935e-19,,2.129e-15,3.050e-20,2.075e-28,7.630e-17,8.286e-19,6.252e-30,2.145e-17,,,,4.966e-18,6.064e-21,1.052e-17,,1.967e-26,,,,1.392e-21,2.434e-16,1.835e-18,1.259e-12,,,,,1.411e-2,,,,,,,,,2.470e-18,,,,,,,,,,,,,,
799.52,1.300e-2,3.293e-5,7.061e-27,9.110e-31,2.975e-17,,,1.123e-18,4.930e-19,,2.130e-15,3.049e-20,2.074e-28,5.597e-17,1.110e-18,6.247e-30,2.142e-17,,,,4.966e-18,6.006e-21,1.052e-17,,1.967e-26,,,,1.392e-21,2.434e-16,1.836e-18,1.345e-12,,,,,1.297e-2,,,,,,,,,2.470e-18,,,,,,,,,,,,,,
799.55,1.145e-2,3.928e-5,7.034e-27,1.147e-30,2.975e-17,,,1.123e-18,4.922e-19,,2.130e-15,3.047e-20,2.074e-28,3.509e-17,1.716e-18,6.238e-30,2.139e-17,,,,4.966e-18,5.907e-21,1.052e-17,,1.966e-26,,,,1.391e-21,2.435e-16,1.838e-18,1.484e-12,,,,,1.141e-2,,,,,,,,,2.471e-18,,,,,,,,,,,,,,
799.57,1.050e-2,4.412e-5,7.016e-27,1.336e-30,2.976e-17,,,1.123e-18,4.917e-19,,2.131e-15,3.045e-20,2.074e-28,3.510e-17,2.291e-18,6.232e-30,2.137e-17,,,,4.967e-18,5.833e-21,1.052e-17,,1.966e-26,,,,1.391e-21,2.435e-16,1.839e-18,1.582e-12,,,,,1.046e-2,,,,,,,,,2.471e-18,,,,,,,,,,,,,,
799.6,9.208e-3,5.239e-5,6.989e-27,1.675e-30,2.976e-17,,,1.123e-18,4.909e-19,,2.131e-15,3.043e-20,2.073e-28,3.512e-17,3.527e-18,6.223e-30,2.134e-17,,,,4.967e-18,5.711e-21,1.052e-17,,1.965e-26,,,,1.391e-21,2.435e-16,1.840e-18,1.738e-12,,,,,9.156e-3,,,,,,,,,2.471e-18,,,,,,,,,,,,,,
799.62,8.426e-3,5.866e-5,6.971e-27,1.945e-30,2.976e-17,,,1.123e-18,4.904e-19,,2.132e-15,3.042e-20,2.073e-28,3.513e-17,4.696e-18,6.218e-30,2.132e-17,,,,4.968e-18,5.623e-21,1.051e-17,,1.965e-26,,,,1.390e-21,2.435e-16,1.841e-18,1.849e-12,,,,,8.367e-3,,,,,,,,,2.471e-18,,,,,,,,,,,,,,
799.65,7.362e-3,6.936e-5,6.944e-27,2.427e-30,2.977e-17,,,1.123e-18,4.896e-19,,2.132e-15,3.040e-20,2.073e-28,3.515e-17,7.197e-18,6.209e-30,2.129e-17,,,,4.968e-18,5.481e-21,1.051e-17,,1.964e-26,,,,1.390e-21,2.436e-16,1.842e-18,2.025e-12,,,,,7.293e-3,,,,,,,,,2.472e-18,,,,,,,,,,,,,,
799.67,6.722e-3,7.744e-5,6.927e-27,2.809e-30,2.977e-17,,,1.123e-18,4.891e-19,,2.133e-15,3.038e-20,2.073e-28,3.516e-17,9.553e-18,6.203e-30,2.127e-17,,,,4.969e-18,5.380e-21,1.051e-17,,1.964e-26,,,,1.390e-21,2.436e-16,1.843e-18,2.149e-12,,,,,6.645e-3,,,,,,,,,2.472e-18,,,,,,,,,,,,,,
799.7,5.857e-3,9.116e-5,6.900e-27,3.491e-30,2.978e-17,,,1.123e-18,4.883e-19,,2.133e-15,3.036e-20,2.072e-28,3.518e-17,1.458e-17,6.194e-30,2.124e-17,,,,4.969e-18,5.221e-21,1.051e-17,,1.964e-26,,,,1.390e-21,2.436e-16,1.845e-18,2.345e-12,,,,,5.766e-3,,,,,,,,,2.472e-18,,,,,,,,,,,,,,
799.72,5.339e-3,1.015e-4,6.882e-27,4.029e-30,2.978e-17,,,1.123e-18,4.878e-19,,2.134e-15,3.035e-20,2.072e-28,3.519e-17,1.929e-17,6.189e-30,2.121e-17,,,,4.970e-18,5.109e-21,1.051e-17,,1.963e-26,,,,1.389e-21,2.437e-16,1.846e-18,2.483e-12,,,,,5.237e-3,,,,,,,,,2.473e-18,,,,,,,,,,,,,,
799.75,4.643e-3,1.189e-4,6.855e-27,4.984e-30,2.979e-17,,,1.122e-18,4.870e-19,,2.134e-15,3.033e-20,2.072e-28,3.521e-17,2.931e-17,6.180e-30,2.118e-17,,,,4.970e-18,4.936e-21,1.051e-17,,1.963e-26,,,,1.389e-21,2.437e-16,1.847e-18,2.700e-12,,,,,4.524e-3,,,,,,,,,2.473e-18,,,,,,,,,,,,,,
799.77,4.229e-3,1.320e-4,6.837e-27,5.735e-30,2.979e-17,,,1.122e-18,4.864e-19,,2.135e-15,3.031e-20,2.071e-28,3.522e-17,3.868e-17,6.174e-30,2.116e-17,,,,4.971e-18,4.816e-21,1.050e-17,,1.962e-26,,,,1.389e-21,2.437e-16,1.848e-18,2.853e-12,,,,,4.097e-3,,,,,,,,,2.473e-18,,,,,,,,,,,,,,
799.79,3.853e-3,1.464e-4,6.819e-27,6.591e-30,2.979e-17,,,1.122e-18,4.859e-19,,2.135e-15,3.030e-20,2.071e-28,3.523e-17,5.098e-17,6.168e-30,2.114e-17,,,,4.971e-18,4.693e-21,1.050e-17,,1.962e-26,,,,1.389e-21,2.437e-16,1.849e-18,3.011e-12,,,,,3.706e-3,,,,,,,,,2.473e-18,,,,,,,,,,,,,,
799.82,3.352e-3,1.705e-4,6.792e-27,8.103e-30,2.980e-17,,,1.122e-18,4.851e-19,,2.136e-15,3.028e-20,2.071e-28,3.525e-17,7.696e-17,6.159e-30,2.111e-17,,,,4.971e-18,4.506e-21,1.050e-17,,1.962e-26,,,,1.388e-21,2.438e-16,1.851e-18,3.259e-12,,,,,3.181e-3,,,,,,,,,2.474e-18,,,,,,,,,,,,,,
799.84,3.058e-3,1.885e-4,6.774e-27,9.285e-30,2.980e-17,,,1.122e-18,4.846e-19,,2.136e-15,3.026e-20,2.070e-28,3.526e-17,1.011e-16,6.154e-30,2.109e-17,,,,4.972e-18,4.378e-21,1.050e-17,,1.961e-26,,,,1.388e-21,2.438e-16,1.852e-18,3.433e-12,,,,,2.869e-3,,,,,,,,,2.474e-18,,,,,,,,,,,,,,
799.87,2.670e-3,2.186e-4,6.748e-27,1.136e-29,2.980e-17,,,1.122e-18,4.838e-19,,2.137e-15,3.024e-20,2.070e-28,3.528e-17,1.520e-16,6.145e-30,2.106e-17,,,,4.972e-18,4.184e-21,1.050e-17,,1.961e-26,,,,1.388e-21,2.438e-16,1.853e-18,3.704e-12,,,,,2.452e-3,,,,,,,,,2.474e-18,,,,,,,,,,,,,,
799.89,2.445e-3,2.410e-4,6.730e-27,1.298e-29,2.981e-17,,,1.122e-18,4.833e-19,,2.137e-15,3.023e-20,2.070e-28,3.529e-17,1.992e-16,6.139e-30,2.103e-17,,,,4.973e-18,4.053e-21,1.050e-17,,1.960e-26,,,,1.387e-21,2.438e-16,1.854e-18,3.893e-12,,,,,2.204e-3,,,,,,,,,2.475e-18,,,,,,,,,,,,,,
799.92,2.154e-3,2.783e-4,6.703e-27,1.582e-29,2.981e-17,,,1.122e-18,4.825e-19,,2.138e-15,3.021e-20,2.069e-28,3.531e-17,2.981e-16,6.130e-30,2.100e-17,,,,4.973e-18,3.856e-21,1.049e-17,,1.960e-26,,,,1.387e-21,2.439e-16,1.856e-18,4.187e-12,,,,,1.875e-3,,,,,,,,,2.475e-18,,,,,,,,,,,,,,
799.94,1.987e-3,3.059e-4,6.685e-27,1.802e-29,2.982e-17,,,1.122e-18,4.820e-19,,2.138e-15,3.020e-20,2.069e-28,3.532e-17,3.894e-16,6.125e-30,2.098e-17,,,,4.974e-18,3.724e-21,1.049e-17,,1.959e-26,,,,1.387e-21,2.439e-16,1.856e-18,4.392e-12,,,,,1.681e-3,,,,,,,,,2.475e-18,,,,,,,,,,,,,,
799.97,1.775e-3,3.517e-4,6.658e-27,2.186e-29,2.982e-17,,,1.122e-18,4.812e-19,,2.139e-15,3.017e-20,2.069e-28,3.534e-17,5.801e-16,6.116e-30,2.095e-17,,,,4.974e-18,3.527e-21,1.049e-17,,1.959e-26,,,,1.386e-21,2.439e-16,1.858e-18,4.709e-12,,,,,1.424e-3,,,,,,,,,2.476e-18,,,,,,,,,,,,,,
799.99,1.658e-3,3.855e-4,6.640e-27,2.482e-29,2.982e-17,,,1.122e-18,4.807e-19,,2.139e-15,3.016e-20,2.069e-28,3.535e-17,7.556e-16,6.110e-30,2.093e-17,,,,4.975e-18,3.397e-21,1.049e-17,,1.959e-26,,,,1.386e-21,2.439e-16,1.859e-18,4.929e-12,,,,,1.272e-3,,,,,,,,,2.476e-18,,,,,,,,,,,,,,
800.02,1.514e-3,4.413e-4,6.614e-27,2.998e-29,2.983e-17,,,1.122e-18,4.799e-19,,2.140e-15,3.014e-20,2.068e-28,3.537e-17,1.121e-15,6.101e-30,2.090e-17,,,,4.975e-18,3.203e-21,1.049e-17,,1.958e-26,,,,1.386e-21,2.440e-16,1.860e-18,5.269e-12,,,,,1.073e-3,,,,,,,,,2.476e-18,,,,,,,,,,,,,,
800.04,1.438e-3,4.823e-4,6.596e-27,3.394e-29,2.983e-17,,,1.122e-18,4.793e-19,,2.140e-15,3.013e-20,2.068e-28,3.538e-17,1.456e-15,6.096e-30,2.088e-17,,,,4.975e-18,3.075e-21,1.048e-17,,1.958e-26,,,,1.386e-21,2.440e-16,1.861e-18,5.504e-12,,,,,9.558e-4,,,,,,,,,2.477e-18,,,,,,,,,,,,,,
800.07,1.352e-3,5.497e-4,6.569e-27,4.081e-29,2.984e-17,,,1.122e-18,4.786e-19,,2.141e-15,3.010e-20,2.068e-28,3.540e-17,2.149e-15,6.087e-30,2.085e-17,,,,4.976e-18,2.886e-21,1.048e-17,,1.957e-26,,,,1.385e-21,2.440e-16,1.863e-18,5.867e-12,,,,,8.022e-4,,,,,,,,,2.477e-18,,,,,,,,,,,,,,
800.09,1.312e-3,5.990e-4,6.551e-27,4.607e-29,2.984e-17,,,1.122e-18,4.780e-19,,2.141e-15,3.009e-20,2.067e-28,3.541e-17,2.783e-15,6.081e-30,2.082e-17,,,,4.976e-18,2.763e-21,1.048e-17,,1.957e-26,,,,1.385e-21,2.440e-16,1.864e-18,6.116e-12,,,,,7.127e-4,,,,,,,,,2.477e-18,,,,,,,,,,,,,,
800.12,1.275e-3,6.799e-4,6.524e-27,5.514e-29,2.985e-17,,,1.122e-18,4.772e-19,,2.142e-15,3.007e-20,2.067e-28,3.543e-17,4.091e-15,6.072e-30,2.079e-17,,,,4.977e-18,2.582e-21,1.048e-17,,1.956e-26,,,,1.385e-21,2.441e-16,1.865e-18,6.501e-12,,,,,5.954e-4,,,,,,,,,2.477e-18,,,,,,,,,,,,,,
800.14,1.266e-3,7.388e-4,6.506e-27,6.207e-29,2.985e-17,,,1.122e-18,4.767e-19,,2.142e-15,3.006e-20,2.067e-28,3.544e-17,5.282e-15,6.066e-30,2.077e-17,,,,4.977e-18,2.464e-21,1.048e-17,,1.956e-26,,,,1.384e-21,2.441e-16,1.866e-18,6.765e-12,,,,,5.274e-4,,,,,,,,,2.478e-18,,,,,,,,,,,,,,
800.16,1.268e-3,8.019e-4,6.488e-27,6.978e-29,2.985e-17,,,1.122e-18,4.762e-19,,2.143e-15,3.004e-20,2.067e-28,3.546e-17,6.811e-15,6.061e-30,2.075e-17,,,,4.978e-18,2.349e-21,1.048e-17,,1.956e-26,,,,1.384e-21,2.441e-16,1.867e-18,7.034e-12,,,,,4.666e-4,,,,,,,,,2.478e-18,,,,,,,,,,,,,,
800.19,1.292e-3,9.047e-4,6.461e-27,8.301e-29,2.986e-17,,,1.121e-18,4.754e-19,,2.143e-15,3.002e-20,2.066e-28,3.547e-17,9.952e-15,6.052e-30,2.072e-17,,,,4.978e-18,2.181e-21,1.047e-17,,1.955e-26,,,,1.384e-21,2.442e-16,1.869e-18,7.447e-12,,,,,3.874e-4,,,,,,,,,2.478e-18,,,,,,,,,,,,,,
800.21,1.321e-3,9.791e-4,6.444e-27,9.304e-29,2.986e-17,,,1.121e-18,4.749e-19,,2.144e-15,3.001e-20,2.066e-28,3.549e-17,1.279e-14,6.046e-30,2.070e-17,,,,4.979e-18,2.073e-21,1.047e-17,,1.955e-26,,,,1.384e-21,2.442e-16,1.870e-18,7.729e-12,,,,,3.417e-4,,,,,,,,,2.479e-18,,,,,,,,,,,,,,
800.24,1.382e-3,1.100e-3,6.417e-27,1.102e-28,2.987e-17,,,1.121e-18,4.741e-19,,2.144e-15,2.999e-20,2.066e-28,3.550e-17,1.861e-14,6.037e-30,2.067e-17,,,,4.979e-18,1.916e-21,1.047e-17,,1.954e-26,,,,1.383e-21,2.442e-16,1.871e-18,8.162e-12,,,,,2.824e-4,,,,,,,,,2.479e-18,,,,,,,,,,,,,,
800.26,1.435e-3,1.187e-3,6.399e-27,1.231e-28,2.987e-17,,,1.121e-18,4.736e-19,,2.145e-15,2.997e-20,2.065e-28,3.552e-17,2.386e-14,6.032e-30,2.065e-17,,,,4.980e-18,1.816e-21,1.047e-17,,1.954e-26,,,,1.383e-21,2.442e-16,1.872e-18,8.456e-12,,,,,2.483e-4,,,,,,,,,2.479e-18,,,,,,,,,,,,,,
800.29,1.532e-3,1.328e-3,6.372e-27,1.452e-28,2.987e-17,,,1.121e-18,4.728e-19,,2.145e-15,2.995e-20,2.065e-28,3.553e-17,3.455e-14,6.023e-30,2.061e-17,,,,4.980e-18,1.671e-21,1.047e-17,,1.953e-26,,,,1.383e-21,2.443e-16,1.873e-18,8.906e-12,,,,,2.043e-4,,,,,,,,,2.480e-18,,,,,,,,,,,,,,
800.31,1.608e-3,1.429e-3,6.354e-27,1.618e-28,2.988e-17,,,1.121e-18,4.722e-19,,2.146e-15,2.994e-20,2.065e-28,3.555e-17,4.416e-14,6.017e-30,2.059e-17,,,,4.980e-18,1.578e-21,1.047e-17,,1.953e-26,,,,1.382e-21,2.443e-16,1.874e-18,9.211e-12,,,,,1.791e-4,,,,,,,,,2.480e-18,,,,,,,,,,,,,,
800.34,1.739e-3,1.592e-3,6.327e-27,1.898e-28,2.988e-17,,,1.121e-18,4.715e-19,,2.146e-15,2.992e-20,2.064e-28,3.556e-17,6.367e-14,6.008e-30,2.056e-17,,,,4.981e-18,1.446e-21,1.046e-17,,1.953e-26,,,,1.382e-21,2.443e-16,1.876e-18,9.676e-12,,,,,1.467e-4,,,,,,,,,2.480e-18,,,,,,,,,,,,,,
800.36,1.837e-3,1.709e-3,6.309e-27,2.109e-28,2.988e-17,,,1.121e-18,4.709e-19,,2.147e-15,2.990e-20,2.064e-28,3.558e-17,8.113e-14,6.003e-30,2.054e-17,,,,4.981e-18,1.362e-21,1.046e-17,,1.952e-26,,,,1.382e-21,2.443e-16,1.877e-18,9.991e-12,,,,,1.283e-4,,,,,,,,,2.480e-18,,,,,,,,,,,,,,
800.39,2.000e-3,1.896e-3,6.283e-27,2.464e-28,2.989e-17,,,1.121e-18,4.701e-19,,2.147e-15,2.988e-20,2.064e-28,3.560e-17,1.165e-13,5.994e-30,2.051e-17,,,,4.982e-18,1.242e-21,1.046e-17,,1.952e-26,,,,1.382e-21,2.444e-16,1.878e-18,1.047e-11,,,,,1.046e-4,,,,,,,,,2.481e-18,,,,,,,,,,,,,,
800.41,2.120e-3,2.029e-3,6.265e-27,2.730e-28,2.989e-17,,,1.121e-18,4.696e-19,,2.148e-15,2.987e-20,2.063e-28,3.561e-17,1.480e-13,5.988e-30,2.049e-17,,,,4.982e-18,1.167e-21,1.046e-17,,1.951e-26,,,,1.381e-21,2.444e-16,1.879e-18,1.079e-11,,,,,9.114e-5,,,,,,,,,2.481e-18,,,,,,,,,,,,,,
800.44,2.315e-3,2.241e-3,6.238e-27,3.175e-28,2.990e-17,,,1.121e-18,4.688e-19,,2.148e-15,2.985e-20,2.063e-28,3.563e-17,2.114e-13,5.979e-30,2.046e-17,,,,4.983e-18,1.059e-21,1.046e-17,,1.951e-26,,,,1.381e-21,2.444e-16,1.881e-18,1.128e-11,,,,,7.399e-5,,,,,,,,,2.481e-18,,,,,,,,,,,,,,
800.46,2.456e-3,2.392e-3,6.220e-27,3.507e-28,2.990e-17,,,1.121e-18,4.683e-19,,2.149e-15,2.983e-20,2.063e-28,3.564e-17,2.679e-13,5.974e-30,2.043e-17,,,,4.983e-18,9.916e-22,1.046e-17,,1.951e-26,,,,1.381e-21,2.444e-16,1.882e-18,1.162e-11,,,,,6.429e-5,,,,,,,,,2.482e-18,,,,,,,,,,,,,,
800.49,2.683e-3,2.631e-3,6.193e-27,4.061e-28,2.991e-17,,,1.121e-18,4.675e-19,,2.149e-15,2.981e-20,2.062e-28,3.566e-17,3.811e-13,5.965e-30,2.040e-17,,,,4.984e-18,8.963e-22,1.045e-17,,1.950e-26,,,,1.380e-21,2.445e-16,1.883e-18,1.211e-11,,,,,5.195e-5,,,,,,,,,2.482e-18,,,,,,,,,,,,,,
800.51,2.846e-3,2.801e-3,6.175e-27,4.472e-28,2.991e-17,,,1.121e-18,4.670e-19,,2.150e-15,2.980e-20,2.062e-28,3.567e-17,4.814e-13,5.959e-30,2.038e-17,,,,4.984e-18,8.367e-22,1.045e-17,,1.950e-26,,,,1.380e-21,2.445e-16,1.884e-18,1.245e-11,,,,,4.500e-5,,,,,,,,,2.482e-18,,,,,,,,,,,,,,
800.53,3.016e-3,2.977e-3,6.157e-27,4.918e-28,2.991e-17,,,1.121e-18,4.665e-19,,2.150e-15,2.978e-20,2.062e-28,3.568e-17,6.073e-13,5.953e-30,2.036e-17,,,,4.984e-18,7.801e-22,1.045e-17,,1.949e-26,,,,1.380e-21,2.445e-16,1.885e-18,1.279e-11,,,,,3.894e-5,,,,,,,,,2.482e-18,,,,,,,,,,,,,,
800.56,3.288e-3,3.257e-3,6.131e-27,5.660e-28,2.992e-17,,,1.121e-18,4.657e-19,,2.151e-15,2.976e-20,2.062e-28,3.570e-17,8.587e-13,5.944e-30,2.033e-17,,,,4.985e-18,7.007e-22,1.045e-17,,1.949e-26,,,,1.380e-21,2.445e-16,1.886e-18,1.330e-11,,,,,3.127e-5,,,,,,,,,2.483e-18,,,,,,,,,,,,,,
800.58,3.480e-3,3.453e-3,6.113e-27,6.207e-28,2.992e-17,,,1.121e-18,4.651e-19,,2.151e-15,2.975e-20,2.061e-28,3.571e-17,1.080e-12,5.939e-30,2.031e-17,,,,4.985e-18,6.513e-22,1.045e-17,,1.948e-26,,,,1.379e-21,2.446e-16,1.887e-18,1.364e-11,,,,,2.697e-5,,,,,,,,,2.483e-18,,,,,,,,,,,,,,
800.61,3.783e-3,3.762e-3,6.086e-27,7.111e-28,2.993e-17,,,1.120e-18,4.644e-19,,2.152e-15,2.973e-20,2.061e-28,3.573e-17,1.520e-12,5.930e-30,2.028e-17,,,,4.986e-18,5.824e-22,1.044e-17,,1.948e-26,,,,1.379e-21,2.446e-16,1.889e-18,1.415e-11,,,,,2.156e-5,,,,,,,,,2.483e-18,,,,,,,,,,,,,,
800.63,3.996e-3,3.977e-3,6.068e-27,7.774e-28,2.993e-17,,,1.120e-18,4.638e-19,,2.152e-15,2.971e-20,2.061e-28,3.574e-17,1.907e-12,5.924e-30,2.026e-17,,,,4.986e-18,5.398e-22,1.044e-17,,1.948e-26,,,,1.379e-21,2.446e-16,1.890e-18,1.449e-11,,,,,1.854e-5,,,,,,,,,2.484e-18,,,,,,,,,,,,,,
800.66,4.330e-3,4.315e-3,6.041e-27,8.868e-28,2.993e-17,,,1.120e-18,4.630e-19,,2.153e-15,2.969e-20,2.060e-28,3.576e-17,2.672e-12,5.915e-30,2.022e-17,,,,4.987e-18,4.805e-22,1.044e-17,,1.947e-26,,,,1.378e-21,2.447e-16,1.891e-18,1.500e-11,,,,,1.476e-5,,,,,,,,,2.484e-18,,,,,,,,,,,,,,
800.68,4.563e-3,4.551e-3,6.023e-27,9.666e-28,2.994e-17,,,1.120e-18,4.625e-19,,2.153e-15,2.968e-20,2.060e-28,3.577e-17,3.342e-12,5.910e-30,2.020e-17,,,,4.987e-18,4.440e-22,1.044e-17,,1.947e-26,,,,1.378e-21,2.447e-16,1.892e-18,1.534e-11,,,,,1.265e-5,,,,,,,,,2.484e-18,,,,,,,,,,,,,,
800.71,4.928e-3,4.918e-3,5.996e-27,1.098e-27,2.994e-17,,,1.120e-18,4.617e-19,,2.154e-15,2.966e-20,2.060e-28,3.579e-17,4.662e-12,5.901e-30,2.017e-17,,,,4.988e-18,3.935e-22,1.044e-17,,1.946e-26,,,,1.378e-21,2.447e-16,1.894e-18,1.584e-11,,,,,1.003e-5,,,,,,,,,2.485e-18,,,,,,,,,,,,,,
800.73,5.180e-3,5.172e-3,5.979e-27,1.193e-27,2.995e-17,,,1.120e-18,4.612e-19,,2.154e-15,2.964e-20,2.059e-28,3.580e-17,5.813e-12,5.895e-30,2.015e-17,,,,4.988e-18,3.625e-22,1.044e-17,,1.946e-26,,,,1.378e-21,2.447e-16,1.895e-18,1.618e-11,,,,,8.571e-6,,,,,,,,,2.485e-18,,,,,,,,,,,,,,
800.76,5.574e-3,5.567e-3,5.952e-27,1.349e-27,2.995e-17,,,1.120e-18,4.604e-19,,2.155e-15,2.962e-20,2.059e-28,3.582e-17,8.074e-12,5.886e-30,2.012e-17,,,,4.989e-18,3.198e-22,1.043e-17,,1.945e-26,,,,1.377e-21,2.448e-16,1.896e-18,1.668e-11,,,,,6.760e-6,,,,,,,,,2.485e-18,,,,,,,,,,,,,,
800.78,5.845e-3,5.839e-3,5.934e-27,1.461e-27,2.995e-17,,,1.120e-18,4.599e-19,,2.155e-15,2.961e-20,2.059e-28,3.583e-17,1.004e-11,5.881e-30,2.010e-17,,,,4.989e-18,2.937e-22,1.043e-17,,1.945e-26,,,,1.377e-21,2.448e-16,1.897e-18,1.701e-11,,,,,5.761e-6,,,,,,,,,2.486e-18,,,,,,,,,,,,,,
800.81,6.265e-3,6.261e-3,5.907e-27,1.645e-27,2.996e-17,,,1.120e-18,4.591e-19,,2.156e-15,2.959e-20,2.058e-28,3.585e-17,1.388e-11,5.872e-30,2.007e-17,,,,4.990e-18,2.580e-22,1.043e-17,,1.945e-26,,,,1.377e-21,2.448e-16,1.898e-18,1.750e-11,,,,,4.523e-6,,,,,,,,,2.486e-18,,,,,,,,,,,,,,
800.83,6.554e-3,6.550e-3,5.889e-27,1.777e-27,2.996e-17,,,1.120e-18,4.586e-19,,2.156e-15,2.957e-20,2.058e-28,3.586e-17,1.720e-11,5.866e-30,2.004e-17,,,,4.990e-18,2.362e-22,1.043e-17,,1.944e-26,,,,1.376e-21,2.448e-16,1.899e-18,1.782e-11,,,,,3.844e-6,,,,,,,,,2.486e-18,,,,,,,,,,,,,,
800.86,6.998e-3,6.995e-3,5.862e-27,1.991e-27,2.997e-17,,,1.120e-18,4.578e-19,,2.157e-15,2.955e-20,2.058e-28,3.588e-17,2.369e-11,5.857e-30,2.001e-17,,,,4.991e-18,2.066e-22,1.043e-17,,1.944e-26,,,,1.376e-21,2.449e-16,1.901e-18,1.829e-11,,,,,3.004e-6,,,,,,,,,2.486e-18,,,,,,,,,,,,,,
800.88,7.301e-3,7.299e-3,5.844e-27,2.144e-27,2.997e-17,,,1.120e-18,4.573e-19,,2.157e-15,2.954e-20,2.058e-28,3.589e-17,2.927e-11,5.851e-30,1.999e-17,,,,4.991e-18,1.886e-22,1.043e-17,,1.943e-26,,,,1.376e-21,2.449e-16,1.902e-18,1.860e-11,,,,,2.545e-6,,,,,,,,,2.487e-18,,,,,,,,,,,,,,
800.9,7.610e-3,7.608e-3,5.827e-27,2.307e-27,2.997e-17,,,1.120e-18,4.567e-19,,2.158e-15,2.952e-20,2.057e-28,3.590e-17,3.613e-11,5.846e-30,1.997e-17,,,,4.991e-18,1.720e-22,1.042e-17,,1.943e-26,,,,1.376e-21,2.449e-16,1.903e-18,1.890e-11,,,,,2.154e-6,,,,,,,,,2.487e-18,,,,,,,,,,,,,,
800.93,8.083e-3,8.082e-3,5.800e-27,2.569e-27,2.998e-17,,,1.120e-18,4.559e-19,,2.158e-15,2.950e-20,2.057e-28,3.592e-17,4.944e-11,5.837e-30,1.994e-17,,,,4.992e-18,1.494e-22,1.042e-17,,1.942e-26,,,,1.375e-21,2.449e-16,1.904e-18,1.935e-11,,,,,1.673e-6,,,,,,,,,2.487e-18,,,,,,,,,,,,,,
800.95,8.404e-3,8.403e-3,5.782e-27,2.756e-27,2.998e-17,,,1.120e-18,4.554e-19,,2.159e-15,2.949e-20,2.057e-28,3.593e-17,6.084e-11,5.831e-30,1.992e-17,,,,4.992e-18,1.359e-22,1.042e-17,,1.942e-26,,,,1.375e-21,2.450e-16,1.905e-18,1.964e-11,,,,,1.412e-6,,,,,,,,,2.488e-18,,,,,,,,,,,,,,
800.98,8.893e-3,8.892e-3,5.755e-27,3.055e-27,2.999e-17,,,1.120e-18,4.546e-19,,2.159e-15,2.947e-20,2.056e-28,3.595e-17,8.288e-11,5.822e-30,1.989e-17,,,,4.993e-18,1.175e-22,1.042e-17,,1.942e-26,,,,1.375e-21,2.450e-16,1.907e-18,2.006e-11,,,,,1.091e-6,,,,,,,,,2.488e-18,,,,,,,,,,,,,,
801,9.223e-3,9.222e-3,5.737e-27,3.267e-27,2.999e-17,,,1.120e-18,4.541e-19,,2.160e-15,2.945e-20,2.056e-28,3.596e-17,1.017e-10,5.817e-30,1.987e-17,,,,4.993e-18,1.065e-22,1.042e-17,,1.941e-26,,,,1.374e-21,2.450e-16,1.908e-18,2.033e-11,,,,,9.180e-7,,,,,,,,,2.488e-18,,,,,,,,,,,,,,
801.03,9.722e-3,9.722e-3,5.710e-27,3.605e-27,2.999e-17,,,1.119e-18,4.533e-19,,2.160e-15,2.943e-20,2.056e-28,3.598e-17,1.379e-10,5.808e-30,1.983e-17,,,,4.994e-18,9.173e-23,1.042e-17,,1.941e-26,,,,1.374e-21,2.450e-16,1.909e-18,2.072e-11,,,,,7.066e-7,,,,,,,,,2.489e-18,,,,,,,,,,,,,,
801.05,1.006e-2,1.006e-2,5.692e-27,3.845e-27,3.000e-17,,,1.119e-18,4.528e-19,,2.161e-15,2.942e-20,2.055e-28,3.599e-17,1.687e-10,5.802e-30,1.981e-17,,,,4.994e-18,8.290e-23,1.041e-17,,1.940e-26,,,,1.374e-21,2.451e-16,1.910e-18,2.097e-11,,,,,5.926e-7,,,,,,,,,2.489e-18,,,,,,,,,,,,,,
801.08,1.056e-2,1.056e-2,5.666e-27,4.224e-27,3.000e-17,,,1.119e-18,4.520e-19,,2.161e-15,2.940e-20,2.055e-28,3.601e-17,2.278e-10,5.793e-30,1.978e-17,,,,4.995e-18,7.106e-23,1.041e-17,,1.940e-26,,,,1.374e-21,2.451e-16,1.912e-18,2.133e-11,,,,,4.541e-7,,,,,,,,,2.489e-18,,,,,,,,,,,,,,
801.1,1.090e-2,1.090e-2,5.648e-27,4.491e-27,3.001e-17,,,1.119e-18,4.515e-19,,2.162e-15,2.938e-20,2.055e-28,3.602e-17,2.779e-10,5.788e-30,1.976e-17,,,,4.995e-18,6.403e-23,1.041e-17,,1.940e-26,,,,1.373e-21,2.451e-16,1.912e-18,2.156e-11,,,,,3.797e-7,,,,,,,,,2.489e-18,,,,,,,,,,,,,,
801.13,1.141e-2,1.141e-2,5.621e-27,4.912e-27,3.001e-17,,,1.119e-18,4.507e-19,,2.162e-15,2.936e-20,2.054e-28,3.604e-17,3.736e-10,5.779e-30,1.973e-17,,,,4.996e-18,5.465e-23,1.041e-17,,1.939e-26,,,,1.373e-21,2.452e-16,1.914e-18,2.187e-11,,,,,2.896e-7,,,,,,,,,2.490e-18,,,,,,,,,,,,,,
801.15,1.174e-2,1.174e-2,5.603e-27,5.207e-27,3.001e-17,,,1.119e-18,4.502e-19,,2.163e-15,2.935e-20,2.054e-28,3.605e-17,4.543e-10,5.773e-30,1.971e-17,,,,4.996e-18,4.909e-23,1.041e-17,,1.939e-26,,,,1.373e-21,2.452e-16,1.915e-18,2.207e-11,,,,,2.415e-7,,,,,,,,,2.490e-18,,,,,,,,,,,,,,
801.18,1.224e-2,1.224e-2,5.576e-27,5.670e-27,3.002e-17,,,1.119e-18,4.494e-19,,2.163e-15,2.933e-20,2.054e-28,3.607e-17,6.080e-10,5.764e-30,1.968e-17,,,,4.996e-18,4.171e-23,1.040e-17,,1.938e-26,,,,1.372e-21,2.452e-16,1.916e-18,2.235e-11,,,,,1.834e-7,,,,,,,,,2.490e-18,,,,,,,,,,,,,,
801.2,1.257e-2,1.257e-2,5.558e-27,5.992e-27,3.002e-17,,,1.119e-18,4.488e-19,,2.164e-15,2.931e-20,2.054e-28,3.608e-17,7.373e-10,5.759e-30,1.965e-17,,,,4.997e-18,3.736e-23,1.040e-17,,1.938e-26,,,,1.372e-21,2.452e-16,1.917e-18,2.251e-11,,,,,1.524e-7,,,,,,,,,2.491e-18,,,,,,,,,,,,,,
801.23,1.306e-2,1.306e-2,5.531e-27,6.496e-27,3.003e-17,,,1.119e-18,4.481e-19,,2.164e-15,2.929e-20,2.053e-28,3.610e-17,9.823e-10,5.750e-30,1.962e-17,,,,4.997e-18,3.159e-23,1.040e-17,,1.937e-26,,,,1.372e-21,2.453e-16,1.919e-18,2.274e-11,,,,,1.153e-7,,,,,,,,,2.491e-18,,,,,,,,,,,,,,
801.25,1.338e-2,1.338e-2,5.514e-27,6.845e-27,3.003e-17,,,1.119e-18,4.475e-19,,2.165e-15,2.928e-20,2.053e-28,3.611e-17,1.188e-9,5.744e-30,1.960e-17,,,,4.998e-18,2.821e-23,1.040e-17,,1.937e-26,,,,1.372e-21,2.453e-16,1.920e-18,2.288e-11,,,,,9.558e-8,,,,,,,,,2.491e-18,,,,,,,,,,,,,,
801.27,1.370e-2,1.370e-2,5.496e-27,7.204e-27,3.003e-17,,,1.119e-18,4.470e-19,,2.165e-15,2.927e-20,2.053e-28,3.613e-17,1.434e-9,5.738e-30,1.958e-17,,,,4.998e-18,2.517e-23,1.040e-17,,1.937e-26,,,,1.371e-21,2.453e-16,1.921e-18,2.300e-11,,,,,7.916e-8,,,,,,,,,2.491e-18,,,,,,,,,,,,,,
801.3,1.416e-2,1.416e-2,5.469e-27,7.761e-27,3.004e-17,,,1.119e-18,4.462e-19,,2.166e-15,2.924e-20,2.052e-28,3.614e-17,1.899e-9,5.729e-30,1.955e-17,,,,4.999e-18,2.115e-23,1.040e-17,,1.936e-26,,,,1.371e-21,2.453e-16,1.922e-18,2.315e-11,,,,,5.957e-8,,,,,,,,,2.492e-18,,,,,,,,,,,,,,
801.32,1.446e-2,1.446e-2,5.451e-27,8.144e-27,3.004e-17,,,1.119e-18,4.457e-19,,2.166e-15,2.923e-20,2.052e-28,3.616e-17,2.287e-9,5.724e-30,1.953e-17,,,,4.999e-18,1.881e-23,1.039e-17,,1.936e-26,,,,1.371e-21,2.454e-16,1.923e-18,2.323e-11,,,,,4.926e-8,,,,,,,,,2.492e-18,,,,,,,,,,,,,,
801.35,1.490e-2,1.490e-2,5.424e-27,8.735e-27,3.005e-17,,,1.119e-18,4.449e-19,,2.167e-15,2.921e-20,2.052e-28,3.617e-17,3.014e-9,5.715e-30,1.950e-17,,,,5.000e-18,1.574e-23,1.039e-17,,1.935e-26,,,,1.370e-21,2.454e-16,1.925e-18,2.333e-11,,,,,3.703e-8,,,,,,,,,2.492e-18,,,,,,,,,,,,,,
801.37,1.518e-2,1.518e-2,5.406e-27,9.138e-27,3.005e-17,,,1.119e-18,4.444e-19,,2.167e-15,2.920e-20,2.051e-28,3.619e-17,3.619e-9,5.709e-30,1.948e-17,,,,5.000e-18,1.395e-23,1.039e-17,,1.935e-26,,,,1.370e-21,2.454e-16,1.926e-18,2.338e-11,,,,,3.063e-8,,,,,,,,,2.493e-18,,,,,,,,,,,,,,
801.4,1.559e-2,1.559e-2,5.379e-27,9.758e-27,3.005e-17,,,1.119e-18,4.436e-19,,2.168e-15,2.917e-20,2.051e-28,3.620e-17,4.750e-9,5.700e-30,1.944e-17,,,,5.000e-18,1.162e-23,1.039e-17,,1.934e-26,,,,1.370e-21,2.454e-16,1.927e-18,2.341e-11,,,,,2.314e-8,,,,,,,,,2.493e-18,,,,,,,,,,,,,,
801.42,1.584e-2,1.584e-2,5.362e-27,1.018e-26,3.006e-17,,,1.119e-18,4.431e-19,,2.168e-15,2.916e-20,2.051e-28,3.622e-17,5.685e-9,5.695e-30,1.942e-17,,,,5.001e-18,1.027e-23,1.039e-17,,1.934e-26,,,,1.370e-21,2.455e-16,1.928e-18,2.342e-11,,,,,1.928e-8,,,,,,,,,2.493e-18,,,,,,,,,,,,,,
801.45,1.621e-2,1.621e-2,5.335e-27,1.082e-26,3.006e-17,,,1.119e-18,4.423e-19,,2.169e-15,2.914e-20,2.050e-28,3.623e-17,7.428e-9,5.686e-30,1.939e-17,,,,5.001e-18,8.519e-24,1.039e-17,,1.934e-26,,,,1.369e-21,2.455e-16,1.929e-18,2.339e-11,,,,,1.486e-8,,,,,,,,,2.494e-18,,,,,,,,,,,,,,
801.47,1.644e-2,1.644e-2,5.317e-27,1.125e-26,3.007e-17,,,1.118e-18,4.417e-19,,2.169e-15,2.913e-20,2.050e-28,3.625e-17,8.865e-9,5.680e-30,1.937e-17,,,,5.002e-18,7.508e-24,1.038e-17,,1.933e-26,,,,1.369e-21,2.455e-16,1.930e-18,2.335e-11,,,,,1.267e-8,,,,,,,,,2.494e-18,,,,,,,,,,,,,,
801.5,1.677e-2,1.677e-2,5.290e-27,1.191e-26,3.007e-17,,,1.118e-18,4.410e-19,,2.170e-15,2.910e-20,2.050e-28,3.626e-17,1.153e-8,5.671e-30,1.934e-17,,,,5.002e-18,6.198e-24,1.038e-17,,1.933e-26,,,,1.369e-21,2.456e-16,1.932e-18,2.326e-11,,,,,1.033e-8,,,,,,,,,2.494e-18,,,,,,,,,,,,,,
801.52,1.697e-2,1.697e-2,5.272e-27,1.235e-26,3.007e-17,,,1.118e-18,4.404e-19,,2.170e-15,2.909e-20,2.050e-28,3.628e-17,1.372e-8,5.666e-30,1.932e-17,,,,5.003e-18,5.446e-24,1.038e-17,,1.932e-26,,,,1.368e-21,2.456e-16,1.933e-18,2.318e-11,,,,,9.318e-9,,,,,,,,,2.495e-18,,,,,,,,,,,,,,
801.55,1.724e-2,1.724e-2,5.245e-27,1.301e-26,3.008e-17,,,1.118e-18,4.396e-19,,2.171e-15,2.907e-20,2.049e-28,3.629e-17,1.777e-8,5.657e-30,1.929e-17,,,,5.003e-18,4.476e-24,1.038e-17,,1.932e-26,,,,1.368e-21,2.456e-16,1.934e-18,2.303e-11,,,,,8.519e-9,,,,,,,,,2.495e-18,,,,,,,,,,,,,,
801.57,1.741e-2,1.741e-2,5.227e-27,1.345e-26,3.008e-17,,,1.118e-18,4.391e-19,,2.171e-15,2.906e-20,2.049e-28,3.631e-17,2.108e-8,5.651e-30,1.927e-17,,,,5.004e-18,3.921e-24,1.038e-17,,1.931e-26,,,,1.368e-21,2.456e-16,1.935e-18,2.291e-11,,,,,8.443e-9,,,,,,,,,2.495e-18,,,,,,,,,,,,,,
801.6,1.764e-2,1.764e-2,5.201e-27,1.411e-26,3.009e-17,,,1.118e-18,4.383e-19,,2.172e-15,2.903e-20,2.049e-28,3.632e-17,2.718e-8,5.642e-30,1.923e-17,,,,5.004e-18,3.208e-24,1.038e-17,,1.931e-26,,,,1.368e-21,2.457e-16,1.937e-18,2.269e-11,,,,,9.008e-9,,,,,,,,,2.495e-18,,,,,,,,,,,,,,
801.62,1.777e-2,1.777e-2,5.183e-27,1.454e-26,3.009e-17,,,1.118e-18,4.378e-19,,2.172e-15,2.902e-20,2.048e-28,3.634e-17,3.216e-8,5.636e-30,1.921e-17,,,,5.005e-18,2.802e-24,1.037e-17,,1.931e-26,,,,1.367e-21,2.457e-16,1.938e-18,2.252e-11,,,,,9.862e-9,,,,,,,,,2.496e-18,,,,,,,,,,,,,,
801.65,1.795e-2,1.795e-2,5.156e-27,1.519e-26,3.010e-17,,,1.118e-18,4.370e-19,,2.173e-15,2.900e-20,2.048e-28,3.635e-17,4.128e-8,5.628e-30,1.918e-17,,,,5.005e-18,2.283e-24,1.037e-17,,1.930e-26,,,,1.367e-21,2.457e-16,1.939e-18,2.224e-11,,,,,1.194e-8,,,,,,,,,2.496e-18,,,,,,,,,,,,,,
801.67,1.804e-2,1.804e-2,5.138e-27,1.561e-26,3.010e-17,,,1.118e-18,4.365e-19,,2.173e-15,2.899e-20,2.048e-28,3.637e-17,4.868e-8,5.622e-30,1.916e-17,,,,5.005e-18,1.988e-24,1.037e-17,,1.930e-26,,,,1.367e-21,2.457e-16,1.940e-18,2.204e-11,,,,,1.394e-8,,,,,,,,,2.496e-18,,,,,,,,,,,,,,
801.69,1.812e-2,1.812e-2,5.120e-27,1.602e-26,3.010e-17,,,1.118e-18,4.360e-19,,2.174e-15,2.897e-20,2.048e-28,3.638e-17,5.735e-8,5.616e-30,1.914e-17,,,,5.006e-18,1.729e-24,1.037e-17,,1.929e-26,,,,1.366e-21,2.458e-16,1.941e-18,2.181e-11,,,,,1.651e-8,,,,,,,,,2.497e-18,,,,,,,,,,,,,,
801.72,1.822e-2,1.822e-2,5.093e-27,1.662e-26,3.011e-17,,,1.118e-18,4.352e-19,,2.174e-15,2.895e-20,2.047e-28,3.640e-17,7.316e-8,5.607e-30,1.911e-17,,,,5.006e-18,1.400e-24,1.037e-17,,1.929e-26,,,,1.366e-21,2.458e-16,1.942e-18,2.145e-11,,,,,2.167e-8,,,,,,,,,2.497e-18,,,,,,,,,,,,,,
801.74,1.826e-2,1.826e-2,5.075e-27,1.701e-26,3.011e-17,,,1.118e-18,4.346e-19,,2.175e-15,2.894e-20,2.047e-28,3.641e-17,8.593e-8,5.602e-30,1.909e-17,,,,5.007e-18,1.215e-24,1.037e-17,,1.929e-26,,,,1.366e-21,2.458e-16,1.943e-18,2.119e-11,,,,,2.616e-8,,,,,,,,,2.497e-18,,,,,,,,,,,,,,
801.77,1.830e-2,1.830e-2,5.049e-27,1.758e-26,3.012e-17,,,1.118e-18,4.339e-19,,2.175e-15,2.892e-20,2.047e-28,3.643e-17,1.091e-7,5.593e-30,1.905e-17,,,,5.007e-18,9.797e-25,1.036e-17,,1.928e-26,,,,1.366e-21,2.458e-16,1.945e-18,2.077e-11,,,,,3.488e-8,,,,,,,,,2.498e-18,,,,,,,,,,,,,,
801.79,1.830e-2,1.830e-2,5.031e-27,1.794e-26,3.012e-17,,,1.118e-18,4.333e-19,,2.176e-15,2.890e-20,2.046e-28,3.644e-17,1.278e-7,5.587e-30,1.903e-17,,,,5.008e-18,8.479e-25,1.036e-17,,1.928e-26,,,,1.365e-21,2.459e-16,1.946e-18,2.048e-11,,,,,4.234e-8,,,,,,,,,2.498e-18,,,,,,,,,,,,,,
801.82,1.828e-2,1.828e-2,5.004e-27,1.845e-26,3.012e-17,,,1.118e-18,4.325e-19,,2.176e-15,2.888e-20,2.046e-28,3.646e-17,1.616e-7,5.578e-30,1.900e-17,,,,5.008e-18,6.817e-25,1.036e-17,,1.927e-26,,,,1.365e-21,2.459e-16,1.947e-18,2.001e-11,,,,,5.664e-8,,,,,,,,,2.498e-18,,,,,,,,,,,,,,
801.84,1.824e-2,1.824e-2,4.986e-27,1.877e-26,3.013e-17,,,1.118e-18,4.320e-19,,2.177e-15,2.887e-20,2.046e-28,3.647e-17,1.887e-7,5.573e-30,1.898e-17,,,,5.009e-18,5.890e-25,1.036e-17,,1.927e-26,,,,1.365e-21,2.459e-16,1.948e-18,1.968e-11,,,,,6.875e-8,,,,,,,,,2.498e-18,,,,,,,,,,,,,,
801.87,1.816e-2,1.816e-2,4.959e-27,1.922e-26,3.013e-17,,,1.118e-18,4.312e-19,,2.177e-15,2.885e-20,2.045e-28,3.649e-17,2.375e-7,5.564e-30,1.895e-17,,,,5.009e-18,4.728e-25,1.036e-17,,1.926e-26,,,,1.364e-21,2.459e-16,1.950e-18,1.917e-11,,,,,9.182e-8,,,,,,,,,2.499e-18,,,,,,,,,,,,,,
801.89,1.809e-2,1.809e-2,4.941e-27,1.949e-26,3.013e-17,,,1.117e-18,4.307e-19,,2.178e-15,2.883e-20,2.045e-28,3.650e-17,2.765e-7,5.558e-30,1.893e-17,,,,5.010e-18,4.085e-25,1.035e-17,,1.926e-26,,,,1.364e-21,2.460e-16,1.951e-18,1.881e-11,,,,,1.112e-7,,,,,,,,,2.499e-18,,,,,,,,,,,,,,
801.92,1.795e-2,1.795e-2,4.914e-27,1.987e-26,3.014e-17,,,1.117e-18,4.299e-19,,2.178e-15,2.881e-20,2.045e-28,3.652e-17,3.466e-7,5.549e-30,1.890e-17,,,,5.010e-18,3.288e-25,1.035e-17,,1.925e-26,,,,1.364e-21,2.460e-16,1.952e-18,1.826e-11,,,,,1.480e-7,,,,,,,,,2.499e-18,,,,,,,,,,,,,,
801.94,1.784e-2,1.784e-2,4.897e-27,2.010e-26,3.014e-17,,,1.117e-18,4.294e-19,,2.179e-15,2.880e-20,2.044e-28,3.653e-17,4.023e-7,5.544e-30,1.888e-17,,,,5.010e-18,2.853e-25,1.035e-17,,1.925e-26,,,,1.364e-21,2.460e-16,1.953e-18,1.788e-11,,,,,1.789e-7,,,,,,,,,2.500e-18,,,,,,,,,,,,,,
801.97,1.765e-2,1.765e-2,4.870e-27,2.039e-26,3.015e-17,,,1.117e-18,4.286e-19,,2.179e-15,2.878e-20,2.044e-28,3.655e-17,5.020e-7,5.535e-30,1.884e-17,,,,5.011e-18,2.322e-25,1.035e-17,,1.925e-26,,,,1.363e-21,2.461e-16,1.955e-18,1.730e-11,,,,,2.371e-7,,,,,,,,,2.500e-18,,,,,,,,,,,,,,
801.99,1.751e-2,1.751e-2,4.852e-27,2.057e-26,3.015e-17,,,1.117e-18,4.281e-19,,2.180e-15,2.876e-20,2.044e-28,3.656e-17,5.809e-7,5.529e-30,1.882e-17,,,,5.011e-18,2.040e-25,1.035e-17,,1.924e-26,,,,1.363e-21,2.461e-16,1.955e-18,1.690e-11,,,,,2.857e-7,,,,,,,,,2.500e-18,,,,,,,,,,,,,,
802.02,1.726e-2,1.726e-2,4.825e-27,2.078e-26,3.016e-17,,,1.117e-18,4.273e-19,,2.180e-15,2.874e-20,2.043e-28,3.658e-17,7.217e-7,5.520e-30,1.879e-17,,,,5.012e-18,1.709e-25,1.035e-17,,1.924e-26,,,,1.363e-21,2.461e-16,1.957e-18,1.629e-11,,,,,3.771e-7,,,,,,,,,2.501e-18,,,,,,,,,,,,,,
802.04,1.708e-2,1.708e-2,4.807e-27,2.089e-26,3.016e-17,,,1.117e-18,4.268e-19,,2.181e-15,2.873e-20,2.043e-28,3.659e-17,8.327e-7,5.514e-30,1.877e-17,,,,5.012e-18,1.544e-25,1.034e-17,,1.923e-26,,,,1.362e-21,2.461e-16,1.958e-18,1.588e-11,,,,,4.530e-7,,,,,,,,,2.501e-18,,,,,,,,,,,,,,
802.06,1.689e-2,1.689e-2,4.789e-27,2.098e-26,3.016e-17,,,1.117e-18,4.262e-19,,2.181e-15,2.871e-20,2.043e-28,3.660e-17,9.597e-7,5.509e-30,1.875e-17,,,,5.013e-18,1.420e-25,1.034e-17,,1.923e-26,,,,1.362e-21,2.461e-16,1.959e-18,1.546e-11,,,,,5.437e-7,,,,,,,,,2.501e-18,,,,,,,,,,,,,,
802.09,1.658e-2,1.658e-2,4.762e-27,2.106e-26,3.017e-17,,,1.117e-18,4.254e-19,,2.182e-15,2.869e-20,2.043e-28,3.662e-17,1.185e-6,5.500e-30,1.872e-17,,,,5.013e-18,1.304e-25,1.034e-17,,1.923e-26,,,,1.362e-21,2.462e-16,1.960e-18,1.483e-11,,,,,7.131e-7,,,,,,,,,2.501e-18,,,,,,,,,,,,,,
802.11,1.636e-2,1.636e-2,4.745e-27,2.109e-26,3.017e-17,,,1.117e-18,4.249e-19,,2.182e-15,2.868e-20,2.042e-28,3.663e-17,1.362e-6,5.494e-30,1.870e-17,,,,5.014e-18,1.273e-25,1.034e-17,,1.922e-26,,,,1.362e-21,2.462e-16,1.961e-18,1.441e-11,,,,,8.533e-7,,,,,,,,,2.502e-18,,,,,,,,,,,,,,
802.14,1.601e-2,1.601e-2,4.718e-27,2.108e-26,3.018e-17,,,1.117e-18,4.241e-19,,2.183e-15,2.866e-20,2.042e-28,3.665e-17,1.673e-6,5.485e-30,1.866e-17,,,,5.014e-18,1.292e-25,1.034e-17,,1.922e-26,,,,1.361e-21,2.462e-16,1.963e-18,1.377e-11,,,,,1.114e-6,,,,,,,,,2.502e-18,,,,,,,,,,,,,,
802.16,1.576e-2,1.576e-2,4.700e-27,2.104e-26,3.018e-17,,,1.117e-18,4.236e-19,,2.183e-15,2.864e-20,2.042e-28,3.666e-17,1.917e-6,5.480e-30,1.864e-17,,,,5.014e-18,1.351e-25,1.034e-17,,1.921e-26,,,,1.361e-21,2.463e-16,1.964e-18,1.335e-11,,,,,1.329e-6,,,,,,,,,2.502e-18,,,,,,,,,,,,,,
802.19,1.538e-2,1.537e-2,4.673e-27,2.094e-26,3.018e-17,,,1.117e-18,4.228e-19,,2.184e-15,2.862e-20,2.041e-28,3.668e-17,2.346e-6,5.471e-30,1.861e-17,,,,5.015e-18,1.512e-25,1.033e-17,,1.921e-26,,,,1.361e-21,2.463e-16,1.965e-18,1.271e-11,,,,,1.728e-6,,,,,,,,,2.503e-18,,,,,,,,,,,,,,
802.21,1.510e-2,1.510e-2,4.655e-27,2.084e-26,3.019e-17,,,1.117e-18,4.223e-19,,2.184e-15,2.861e-20,2.041e-28,3.669e-17,2.680e-6,5.465e-30,1.859e-17,,,,5.015e-18,1.673e-25,1.033e-17,,1.920e-26,,,,1.360e-21,2.463e-16,1.966e-18,1.229e-11,,,,,2.056e-6,,,,,,,,,2.503e-18,,,,,,,,,,,,,,
802.24,1.468e-2,1.468e-2,4.628e-27,2.064e-26,3.019e-17,,,1.117e-18,4.215e-19,,2.185e-15,2.859e-20,2.041e-28,3.671e-17,3.265e-6,5.456e-30,1.856e-17,,,,5.016e-18,2.005e-25,1.033e-17,,1.920e-26,,,,1.360e-21,2.463e-16,1.968e-18,1.166e-11,,,,,2.661e-6,,,,,,,,,2.503e-18,,,,,,,,,,,,,,
802.26,1.440e-2,1.439e-2,4.610e-27,2.048e-26,3.020e-17,,,1.117e-18,4.210e-19,,2.185e-15,2.857e-20,2.040e-28,3.672e-17,3.719e-6,5.451e-30,1.854e-17,,,,5.016e-18,2.295e-25,1.033e-17,,1.920e-26,,,,1.360e-21,2.464e-16,1.969e-18,1.124e-11,,,,,3.156e-6,,,,,,,,,2.504e-18,,,,,,,,,,,,,,
802.29,1.395e-2,1.394e-2,4.584e-27,2.020e-26,3.020e-17,,,1.117e-18,4.202e-19,,2.186e-15,2.855e-20,2.040e-28,3.674e-17,4.510e-6,5.442e-30,1.851e-17,,,,5.017e-18,2.852e-25,1.033e-17,,1.919e-26,,,,1.360e-21,2.464e-16,1.970e-18,1.063e-11,,,,,4.067e-6,,,,,,,,,2.504e-18,,,,,,,,,,,,,,
802.31,1.364e-2,1.363e-2,4.566e-27,1.999e-26,3.020e-17,,,1.117e-18,4.197e-19,,2.186e-15,2.854e-20,2.040e-28,3.675e-17,5.122e-6,5.436e-30,1.849e-17,,,,5.017e-18,3.316e-25,1.033e-17,,1.919e-26,,,,1.359e-21,2.464e-16,1.971e-18,1.022e-11,,,,,4.809e-6,,,,,,,,,2.504e-18,,,,,,,,,,,,,,
802.34,1.318e-2,1.316e-2,4.539e-27,1.962e-26,3.021e-17,,,1.116e-18,4.189e-19,,2.187e-15,2.852e-20,2.039e-28,3.677e-17,6.185e-6,5.427e-30,1.845e-17,,,,5.018e-18,4.182e-25,1.032e-17,,1.918e-26,,,,1.359e-21,2.464e-16,1.972e-18,9.628e-12,,,,,6.171e-6,,,,,,,,,2.504e-18,,,,,,,,,,,,,,
802.36,1.286e-2,1.285e-2,4.521e-27,1.936e-26,3.021e-17,,,1.116e-18,4.183e-19,,2.187e-15,2.850e-20,2.039e-28,3.678e-17,7.003e-6,5.422e-30,1.843e-17,,,,5.018e-18,4.892e-25,1.032e-17,,1.918e-26,,,,1.359e-21,2.465e-16,1.973e-18,9.238e-12,,,,,7.275e-6,,,,,,,,,2.505e-18,,,,,,,,,,,,,,
802.39,1.238e-2,1.236e-2,4.494e-27,1.892e-26,3.022e-17,,,1.116e-18,4.176e-19,,2.188e-15,2.848e-20,2.039e-28,3.680e-17,8.419e-6,5.413e-30,1.840e-17,,,,5.019e-18,6.196e-25,1.032e-17,,1.917e-26,,,,1.358e-21,2.465e-16,1.975e-18,8.666e-12,,,,,9.293e-6,,,,,,,,,2.505e-18,,,,,,,,,,,,,,
802.41,1.206e-2,1.204e-2,4.476e-27,1.861e-26,3.022e-17,,,1.116e-18,4.170e-19,,2.188e-15,2.847e-20,2.039e-28,3.681e-17,9.504e-6,5.407e-30,1.838e-17,,,,5.019e-18,7.254e-25,1.032e-17,,1.917e-26,,,,1.358e-21,2.465e-16,1.976e-18,8.294e-12,,,,,1.092e-5,,,,,,,,,2.505e-18,,,,,,,,,,,,,,
802.43,1.173e-2,1.171e-2,4.458e-27,1.828e-26,3.022e-17,,,1.116e-18,4.165e-19,,2.189e-15,2.845e-20,2.038e-28,3.682e-17,1.072e-5,5.401e-30,1.836e-17,,,,5.019e-18,8.490e-25,1.032e-17,,1.917e-26,,,,1.358e-21,2.465e-16,1.977e-18,7.929e-12,,,,,1.283e-5,,,,,,,,,2.506e-18,,,,,,,,,,,,,,
802.46,1.124e-2,1.121e-2,7.054e-27,1.776e-26,3.023e-17,,,1.116e-18,4.157e-19,,2.189e-15,2.843e-20,2.038e-28,3.684e-17,1.280e-5,5.392e-30,1.833e-17,,,,5.020e-18,1.074e-24,1.031e-17,,1.916e-26,,,,1.358e-21,2.466e-16,1.978e-18,7.398e-12,,,,,1.628e-5,,,,,,,,,2.506e-18,,,,,,,,,,,,,,
802.48,1.091e-2,1.088e-2,9.564e-27,1.739e-26,3.023e-17,,,1.116e-18,4.152e-19,,2.190e-15,2.842e-20,2.038e-28,3.685e-17,1.439e-5,5.387e-30,1.831e-17,,,,5.020e-18,1.254e-24,1.031e-17,,1.916e-26,,,,1.357e-21,2.466e-16,1.979e-18,7.055e-12,,,,,1.906e-5,,,,,,,,,2.506e-18,,,,,,,,,,,,,,
802.51,1.042e-2,1.038e-2,1.506e-26,1.682e-26,3.024e-17,,,1.116e-18,4.144e-19,,2.190e-15,2.840e-20,2.037e-28,3.687e-17,1.712e-5,5.378e-30,1.827e-17,,,,5.021e-18,1.581e-24,1.031e-17,,1.915e-26,,,,1.357e-21,2.466e-16,1.981e-18,6.557e-12,,,,,2.409e-5,,,,,,,,,2.507e-18,,,,,,,,,,,,,,
802.53,1.010e-2,1.005e-2,2.037e-26,1.643e-26,3.024e-17,,,1.116e-18,4.139e-19,,2.191e-15,2.838e-20,2.037e-28,3.688e-17,1.919e-5,5.372e-30,1.825e-17,,,,5.021e-18,1.843e-24,1.031e-17,,1.915e-26,,,,1.357e-21,2.466e-16,1.982e-18,6.236e-12,,,,,2.812e-5,,,,,,,,,2.507e-18,,,,,,,,,,,,,,
802.56,9.618e-3,9.560e-3,3.194e-26,1.581e-26,3.024e-17,,,1.116e-18,4.131e-19,,2.191e-15,2.836e-20,2.037e-28,3.690e-17,2.273e-5,5.363e-30,1.822e-17,,,,5.022e-18,2.314e-24,1.031e-17,,1.914e-26,,,,1.356e-21,2.467e-16,1.983e-18,5.773e-12,,,,,3.538e-5,,,,,,,,,2.507e-18,,,,,,,,,,,,,,
802.58,9.300e-3,9.234e-3,4.305e-26,1.540e-26,3.025e-17,,,1.116e-18,4.126e-19,,2.192e-15,2.835e-20,2.036e-28,3.691e-17,2.540e-5,5.358e-30,1.820e-17,,,,5.022e-18,2.689e-24,1.031e-17,,1.914e-26,,,,1.356e-21,2.467e-16,1.984e-18,5.476e-12,,,,,4.118e-5,,,,,,,,,2.507e-18,,,,,,,,,,,,,,
802.61,8.831e-3,8.749e-3,6.722e-26,1.476e-26,3.025e-17,,,1.116e-18,4.118e-19,,2.192e-15,2.833e-20,2.036e-28,3.693e-17,2.995e-5,5.349e-30,1.817e-17,,,,5.023e-18,3.362e-24,1.030e-17,,1.914e-26,,,,1.356e-21,2.467e-16,1.985e-18,5.050e-12,,,,,5.158e-5,,,,,,,,,2.508e-18,,,,,,,,,,,,,,
802.63,8.523e-3,8.430e-3,9.034e-26,1.433e-26,3.026e-17,,,1.116e-18,4.112e-19,,2.193e-15,2.831e-20,2.036e-28,3.694e-17,3.337e-5,5.343e-30,1.815e-17,,,,5.023e-18,3.897e-24,1.030e-17,,1.913e-26,,,,1.356e-21,2.468e-16,1.986e-18,4.778e-12,,,,,5.985e-5,,,,,,,,,2.508e-18,,,,,,,,,,,,,,
802.66,8.073e-3,7.959e-3,1.404e-25,1.367e-26,3.026e-17,,,1.116e-18,4.105e-19,,2.194e-15,2.829e-20,2.035e-28,3.696e-17,3.917e-5,5.334e-30,1.812e-17,,,,5.024e-18,4.851e-24,1.030e-17,,1.913e-26,,,,1.355e-21,2.468e-16,1.988e-18,4.388e-12,,,,,7.465e-5,,,,,,,,,2.508e-18,,,,,,,,,,,,,,
802.68,7.780e-3,7.650e-3,1.882e-25,1.323e-26,3.026e-17,,,1.116e-18,4.099e-19,,2.194e-15,2.828e-20,2.035e-28,3.697e-17,4.352e-5,5.329e-30,1.810e-17,,,,5.024e-18,5.605e-24,1.030e-17,,1.912e-26,,,,1.355e-21,2.468e-16,1.989e-18,4.140e-12,,,,,8.636e-5,,,,,,,,,2.509e-18,,,,,,,,,,,,,,
802.71,7.354e-3,7.196e-3,2.913e-25,1.257e-26,3.027e-17,,,1.116e-18,4.091e-19,,2.195e-15,2.826e-20,2.035e-28,3.699e-17,5.085e-5,5.320e-30,1.806e-17,,,,5.025e-18,6.948e-24,1.030e-17,,1.912e-26,,,,1.355e-21,2.468e-16,1.990e-18,3.787e-12,,,,,1.072e-4,,,,,,,,,2.509e-18,,,,,,,,,,,,,,
802.73,7.079e-3,6.899e-3,3.892e-25,1.213e-26,3.027e-17,,,1.116e-18,4.086e-19,,2.195e-15,2.824e-20,2.035e-28,3.701e-17,5.633e-5,5.314e-30,1.804e-17,,,,5.025e-18,8.005e-24,1.030e-17,,1.912e-26,,,,1.354e-21,2.469e-16,1.991e-18,3.564e-12,,,,,1.237e-4,,,,,,,,,2.509e-18,,,,,,,,,,,,,,
802.76,6.684e-3,6.465e-3,5.997e-25,1.147e-26,3.028e-17,,,1.115e-18,4.078e-19,,2.196e-15,2.822e-20,2.034e-28,3.702e-17,6.553e-5,5.305e-30,1.801e-17,,,,5.026e-18,9.878e-24,1.029e-17,,1.911e-26,,,,1.354e-21,2.469e-16,1.993e-18,3.247e-12,,,,,1.529e-4,,,,,,,,,2.510e-18,,,,,,,,,,,,,,
802.78,6.432e-3,6.184e-3,7.989e-25,1.104e-26,3.028e-17,,,1.115e-18,4.073e-19,,2.196e-15,2.821e-20,2.034e-28,3.704e-17,7.238e-5,5.299e-30,1.799e-17,,,,5.026e-18,1.135e-23,1.029e-17,,1.911e-26,,,,1.354e-21,2.469e-16,1.994e-18,3.047e-12,,,,,1.759e-4,,,,,,,,,2.510e-18,,,,,,,,,,,,,,
802.8,6.190e-3,5.908e-3,1.063e-24,1.060e-26,3.028e-17,,,1.115e-18,4.068e-19,,2.196e-15,2.820e-20,2.034e-28,3.705e-17,7.985e-5,5.294e-30,1.797e-17,,,,5.026e-18,1.302e-23,1.029e-17,,1.910e-26,,,,1.354e-21,2.469e-16,1.995e-18,2.856e-12,,,,,2.020e-4,,,,,,,,,2.510e-18,,,,,,,,,,,,,,
802.83,5.848e-3,5.507e-3,1.628e-24,9.967e-27,3.029e-17,,,1.115e-18,4.060e-19,,2.197e-15,2.817e-20,2.033e-28,3.707e-17,9.232e-5,5.285e-30,1.794e-17,,,,5.027e-18,1.597e-23,1.029e-17,,1.910e-26,,,,1.353e-21,2.470e-16,1.996e-18,2.588e-12,,,,,2.482e-4,,,,,,,,,2.510e-18,,,,,,,,,,,,,,
802.85,5.635e-3,5.249e-3,2.160e-24,9.550e-27,3.029e-17,,,1.115e-18,4.055e-19,,2.197e-15,2.816e-20,2.033e-28,3.708e-17,1.016e-4,5.279e-30,1.792e-17,,,,5.027e-18,1.827e-23,1.029e-17,,1.909e-26,,,,1.353e-21,2.470e-16,1.997e-18,2.419e-12,,,,,2.843e-4,,,,,,,,,2.511e-18,,,,,,,,,,,,,,
802.88,5.339e-3,4.874e-3,3.293e-24,8.936e-27,3.030e-17,,,1.115e-18,4.047e-19,,2.198e-15,2.814e-20,2.033e-28,3.710e-17,1.169e-4,5.270e-30,1.789e-17,,,,5.028e-18,2.230e-23,1.029e-17,,1.909e-26,,,,1.353e-21,2.470e-16,1.998e-18,2.182e-12,,,,,3.477e-4,,,,,,,,,2.511e-18,,,,,,,,,,,,,,
802.9,5.159e-3,4.633e-3,4.356e-24,8.536e-27,3.030e-17,,,1.115e-18,4.041e-19,,2.198e-15,2.813e-20,2.032e-28,3.711e-17,1.282e-4,5.265e-30,1.786e-17,,,,5.028e-18,2.544e-23,1.028e-17,,1.909e-26,,,,1.352e-21,2.470e-16,1.999e-18,2.035e-12,,,,,3.971e-4,,,,,,,,,2.511e-18,,,,,,,,,,,,,,
802.93,4.916e-3,4.286e-3,6.613e-24,7.951e-27,3.030e-17,,,1.115e-18,4.034e-19,,2.199e-15,2.811e-20,2.032e-28,3.713e-17,1.469e-4,5.256e-30,1.783e-17,,,,5.029e-18,3.093e-23,1.028e-17,,1.908e-26,,,,1.352e-21,2.471e-16,2.001e-18,1.828e-12,,,,,4.836e-4,,,,,,,,,2.512e-18,,,,,,,,,,,,,,
802.95,4.775e-3,4.064e-3,8.722e-24,7.573e-27,3.031e-17,,,1.115e-18,4.028e-19,,2.199e-15,2.809e-20,2.032e-28,3.714e-17,1.606e-4,5.250e-30,1.781e-17,,,,5.029e-18,3.517e-23,1.028e-17,,1.908e-26,,,,1.352e-21,2.471e-16,2.002e-18,1.700e-12,,,,,5.506e-4,,,,,,,,,2.512e-18,,,,,,,,,,,,,,
802.98,4.595e-3,3.744e-3,1.318e-23,7.023e-27,3.031e-17,,,1.115e-18,4.020e-19,,2.200e-15,2.807e-20,2.032e-28,3.716e-17,1.833e-4,5.241e-30,1.778e-17,,,,5.030e-18,4.257e-23,1.028e-17,,1.907e-26,,,,1.352e-21,2.471e-16,2.003e-18,1.521e-12,,,,,6.675e-4,,,,,,,,,2.512e-18,,,,,,,,,,,,,,
803,4.498e-3,3.541e-3,1.734e-23,6.669e-27,3.032e-17,,,1.115e-18,4.015e-19,,2.200e-15,2.806e-20,2.031e-28,3.717e-17,1.998e-4,5.236e-30,1.776e-17,,,,5.030e-18,4.827e-23,1.028e-17,,1.907e-26,,,,1.351e-21,2.471e-16,2.004e-18,1.410e-12,,,,,7.579e-4,,,,,,,,,2.513e-18,,,,,,,,,,,,,,
803.03,4.391e-3,3.250e-3,2.609e-23,6.157e-27,3.032e-17,,,1.115e-18,4.007e-19,,2.201e-15,2.804e-20,2.031e-28,3.719e-17,2.269e-4,5.227e-30,1.773e-17,,,,5.030e-18,5.816e-23,1.028e-17,,1.906e-26,,,,1.351e-21,2.472e-16,2.006e-18,1.257e-12,,,,,9.147e-4,,,,,,,,,2.513e-18,,,,,,,,,,,,,,
803.05,4.347e-3,3.065e-3,3.421e-23,5.829e-27,3.032e-17,,,1.115e-18,4.002e-19,,2.201e-15,2.802e-20,2.031e-28,3.720e-17,2.467e-4,5.221e-30,1.771e-17,,,,5.031e-18,6.575e-23,1.027e-17,,1.906e-26,,,,1.351e-21,2.472e-16,2.007e-18,1.162e-12,,,,,1.035e-3,,,,,,,,,2.513e-18,,,,,,,,,,,,,,
803.08,4.325e-3,2.802e-3,5.125e-23,5.358e-27,3.033e-17,,,1.115e-18,3.994e-19,,2.202e-15,2.800e-20,2.030e-28,3.722e-17,2.790e-4,5.212e-30,1.767e-17,,,,5.031e-18,7.887e-23,1.027e-17,,1.906e-26,,,,1.350e-21,2.472e-16,2.008e-18,1.031e-12,,,,,1.244e-3,,,,,,,,,2.513e-18,,,,,,,,,,,,,,
803.1,4.342e-3,2.636e-3,6.700e-23,5.058e-27,3.033e-17,,,1.115e-18,3.989e-19,,2.202e-15,2.799e-20,2.030e-28,3.723e-17,3.024e-4,5.207e-30,1.765e-17,,,,5.032e-18,8.891e-23,1.027e-17,,1.905e-26,,,,1.350e-21,2.473e-16,2.009e-18,9.507e-13,,,,,1.404e-3,,,,,,,,,2.514e-18,,,,,,,,,,,,,,
803.13,4.420e-3,2.400e-3,9.994e-23,4.628e-27,3.034e-17,,,1.115e-18,3.981e-19,,2.203e-15,2.797e-20,2.030e-28,3.725e-17,3.404e-4,5.198e-30,1.762e-17,,,,5.032e-18,1.062e-22,1.027e-17,,1.905e-26,,,,1.350e-21,2.473e-16,2.011e-18,8.401e-13,,,,,1.680e-3,,,,,,,,,2.514e-18,,,,,,,,,,,,,,
803.15,4.509e-3,2.251e-3,1.303e-22,4.356e-27,3.034e-17,,,1.115e-18,3.976e-19,,2.203e-15,2.795e-20,2.029e-28,3.726e-17,3.678e-4,5.192e-30,1.760e-17,,,,5.033e-18,1.193e-22,1.027e-17,,1.904e-26,,,,1.350e-21,2.473e-16,2.011e-18,7.725e-13,,,,,1.890e-3,,,,,,,,,2.514e-18,,,,,,,,,,,,,,
803.17,4.632e-3,2.110e-3,1.696e-22,4.095e-27,3.034e-17,,,1.115e-18,3.970e-19,,2.204e-15,2.794e-20,2.029e-28,3.727e-17,3.970e-4,5.186e-30,1.758e-17,,,,5.033e-18,1.340e-22,1.027e-17,,1.904e-26,,,,1.349e-21,2.473e-16,2.012e-18,7.095e-13,,,,,2.125e-3,,,,,,,,,2.515e-18,,,,,,,,,,,,,,
803.2,4.881e-3,1.910e-3,2.515e-22,3.724e-27,3.035e-17,,,1.114e-18,3.963e-19,,2.204e-15,2.792e-20,2.029e-28,3.729e-17,4.442e-4,5.177e-30,1.755e-17,,,,5.034e-18,1.590e-22,1.026e-17,,1.903e-26,,,,1.349e-21,2.474e-16,2.014e-18,6.233e-13,,,,,2.526e-3,,,,,,,,,2.515e-18,,,,,,,,,,,,,,
803.22,5.094e-3,1.785e-3,3.265e-22,3.490e-27,3.035e-17,,,1.114e-18,3.957e-19,,2.205e-15,2.790e-20,2.029e-28,3.730e-17,4.780e-4,5.172e-30,1.753e-17,,,,5.034e-18,1.780e-22,1.026e-17,,1.903e-26,,,,1.349e-21,2.474e-16,2.015e-18,5.709e-13,,,,,2.831e-3,,,,,,,,,2.515e-18,,,,,,,,,,,,,,
803.25,5.494e-3,1.610e-3,4.818e-22,3.160e-27,3.036e-17,,,1.114e-18,3.949e-19,,2.206e-15,2.788e-20,2.028e-28,3.732e-17,5.325e-4,5.163e-30,1.750e-17,,,,5.035e-18,2.103e-22,1.026e-17,,1.903e-26,,,,1.348e-21,2.474e-16,2.016e-18,4.994e-13,,,,,3.351e-3,,,,,,,,,2.516e-18,,,,,,,,,,,,,,
803.27,5.816e-3,1.501e-3,6.237e-22,2.952e-27,3.036e-17,,,1.114e-18,3.944e-19,,2.206e-15,2.787e-20,2.028e-28,3.733e-17,5.713e-4,5.157e-30,1.747e-17,,,,5.035e-18,2.347e-22,1.026e-17,,1.902e-26,,,,1.348e-21,2.474e-16,2.017e-18,4.561e-13,,,,,3.744e-3,,,,,,,,,2.516e-18,,,,,,,,,,,,,,
803.3,6.394e-3,1.348e-3,9.165e-22,2.661e-27,3.037e-17,,,1.114e-18,3.936e-19,,2.207e-15,2.785e-20,2.028e-28,3.735e-17,6.336e-4,5.148e-30,1.744e-17,,,,5.035e-18,2.761e-22,1.026e-17,,1.902e-26,,,,1.348e-21,2.475e-16,2.019e-18,3.973e-13,,,,,4.413e-3,,,,,,,,,2.516e-18,,,,,,,,,,,,,,
803.32,6.847e-3,1.253e-3,1.183e-21,2.479e-27,3.037e-17,,,1.114e-18,3.931e-19,,2.207e-15,2.783e-20,2.027e-28,3.736e-17,6.778e-4,5.143e-30,1.742e-17,,,,5.036e-18,3.073e-22,1.025e-17,,1.901e-26,,,,1.348e-21,2.475e-16,2.020e-18,3.618e-13,,,,,4.916e-3,,,,,,,,,2.516e-18,,,,,,,,,,,,,,
803.35,7.637e-3,1.121e-3,1.731e-21,2.225e-27,3.037e-17,,,1.114e-18,3.923e-19,,2.208e-15,2.781e-20,2.027e-28,3.738e-17,7.484e-4,5.134e-30,1.739e-17,,,,5.036e-18,3.599e-22,1.025e-17,,1.901e-26,,,,1.347e-21,2.475e-16,2.021e-18,3.139e-13,,,,,5.768e-3,,,,,,,,,2.517e-18,,,,,,,,,,,,,,
803.37,8.245e-3,1.040e-3,2.227e-21,2.066e-27,3.038e-17,,,1.114e-18,3.918e-19,,2.208e-15,2.780e-20,2.027e-28,3.739e-17,7.983e-4,5.128e-30,1.737e-17,,,,5.037e-18,3.993e-22,1.025e-17,,1.901e-26,,,,1.347e-21,2.475e-16,2.022e-18,2.850e-13,,,,,6.407e-3,,,,,,,,,2.517e-18,,,,,,,,,,,,,,
803.4,9.288e-3,9.267e-4,3.244e-21,1.846e-27,3.038e-17,,,1.114e-18,3.910e-19,,2.209e-15,2.778e-20,2.026e-28,3.741e-17,8.775e-4,5.119e-30,1.734e-17,,,,5.037e-18,4.656e-22,1.025e-17,,1.900e-26,,,,1.347e-21,2.476e-16,2.024e-18,2.462e-13,,,,,7.484e-3,,,,,,,,,2.517e-18,,,,,,,,,,,,,,
803.42,1.008e-2,8.573e-4,4.162e-21,1.710e-27,3.038e-17,,,1.114e-18,3.905e-19,,2.209e-15,2.776e-20,2.026e-28,3.742e-17,9.332e-4,5.114e-30,1.732e-17,,,,5.038e-18,5.150e-22,1.025e-17,,1.900e-26,,,,1.346e-21,2.476e-16,2.025e-18,2.230e-13,,,,,8.288e-3,,,,,,,,,2.518e-18,,,,,,,,,,,,,,
803.45,1.142e-2,7.615e-4,6.036e-21,1.520e-27,3.039e-17,,,1.114e-18,3.897e-19,,2.210e-15,2.774e-20,2.026e-28,3.744e-17,1.021e-3,5.105e-30,1.728e-17,,,,5.038e-18,5.979e-22,1.025e-17,,1.899e-26,,,,1.346e-21,2.476e-16,2.026e-18,1.917e-13,,,,,9.638e-3,,,,,,,,,2.518e-18,,,,,,,,,,,,,,
803.47,1.243e-2,7.030e-4,7.722e-21,1.404e-27,3.039e-17,,,1.114e-18,3.892e-19,,2.210e-15,2.773e-20,2.025e-28,3.745e-17,1.083e-3,5.099e-30,1.726e-17,,,,5.039e-18,6.594e-22,1.024e-17,,1.899e-26,,,,1.346e-21,2.477e-16,2.027e-18,1.732e-13,,,,,1.064e-2,,,,,,,,,2.518e-18,,,,,,,,,,,,,,
803.5,1.412e-2,6.226e-4,1.115e-20,1.243e-27,3.040e-17,,,1.114e-18,3.884e-19,,2.211e-15,2.771e-20,2.025e-28,3.747e-17,1.180e-3,5.090e-30,1.723e-17,,,,5.039e-18,7.621e-22,1.024e-17,,1.898e-26,,,,1.345e-21,2.477e-16,2.028e-18,1.483e-13,,,,,1.232e-2,,,,,,,,,2.519e-18,,,,,,,,,,,,,,
803.52,1.539e-2,5.738e-4,1.422e-20,1.144e-27,3.040e-17,,,1.114e-18,3.878e-19,,2.211e-15,2.769e-20,2.025e-28,3.748e-17,1.247e-3,5.084e-30,1.721e-17,,,,5.039e-18,8.381e-22,1.024e-17,,1.898e-26,,,,1.345e-21,2.477e-16,2.029e-18,1.335e-13,,,,,1.357e-2,,,,,,,,,2.519e-18,,,,,,,,,,,,,,
803.55,1.750e-2,5.072e-4,2.044e-20,1.009e-27,3.041e-17,,,1.114e-18,3.871e-19,,2.212e-15,2.767e-20,2.024e-28,3.750e-17,1.353e-3,5.076e-30,1.718e-17,,,,5.040e-18,9.643e-22,1.024e-17,,1.897e-26,,,,1.345e-21,2.477e-16,2.031e-18,1.139e-13,,,,,1.564e-2,,,,,,,,,2.519e-18,,,,,,,,,,,,,,
803.57,1.906e-2,4.670e-4,2.600e-20,9.260e-28,3.041e-17,,,1.114e-18,3.865e-19,,2.212e-15,2.766e-20,2.024e-28,3.751e-17,1.426e-3,5.070e-30,1.716e-17,,,,5.040e-18,1.057e-21,1.024e-17,,1.897e-26,,,,1.345e-21,2.478e-16,2.032e-18,1.022e-13,,,,,1.717e-2,,,,,,,,,2.519e-18,,,,,,,,,,,,,,
803.59,2.075e-2,4.300e-4,3.303e-20,8.490e-28,3.041e-17,,,1.114e-18,3.860e-19,,2.212e-15,2.764e-20,2.024e-28,3.752e-17,1.502e-3,5.064e-30,1.714e-17,,,,5.041e-18,1.158e-21,1.024e-17,,1.897e-26,,,,1.344e-21,2.478e-16,2.033e-18,9.169e-14,,,,,1.882e-2,,,,,,,,,2.520e-18,,,,,,,,,,,,,,
803.62,2.356e-2,3.801e-4,4.719e-20,7.436e-28,3.042e-17,,,1.113e-18,3.852e-19,,2.213e-15,2.762e-20,2.024e-28,3.754e-17,1.619e-3,5.055e-30,1.711e-17,,,,5.041e-18,1.324e-21,1.023e-17,,1.896e-26,,,,1.344e-21,2.478e-16,2.034e-18,7.771e-14,,,,,2.156e-2,,,,,,,,,2.520e-18,,,,,,,,,,,,,,
803.64,2.562e-2,3.504e-4,5.977e-20,6.798e-28,3.042e-17,,,1.113e-18,3.847e-19,,2.213e-15,2.761e-20,2.023e-28,3.755e-17,1.699e-3,5.050e-30,1.708e-17,,,,5.042e-18,1.446e-21,1.023e-17,,1.896e-26,,,,1.344e-21,2.478e-16,2.035e-18,6.950e-14,,,,,2.357e-2,,,,,,,,,2.520e-18,,,,,,,,,,,,,,
803.67,2.902e-2,3.108e-4,8.502e-20,5.928e-28,3.043e-17,,,1.113e-18,3.839e-19,,2.214e-15,2.759e-20,2.023e-28,3.757e-17,1.824e-3,5.041e-30,1.705e-17,,,,5.042e-18,1.646e-21,1.023e-17,,1.895e-26,,,,1.344e-21,2.479e-16,2.037e-18,5.865e-14,,,,,2.688e-2,,,,,,,,,2.521e-18,,,,,,,,,,,,,,
803.69,3.150e-2,2.877e-4,1.074e-19,5.403e-28,3.043e-17,,,1.113e-18,3.834e-19,,2.214e-15,2.757e-20,2.023e-28,3.758e-17,1.909e-3,5.035e-30,1.703e-17,,,,5.043e-18,1.792e-21,1.023e-17,,1.895e-26,,,,1.343e-21,2.479e-16,2.038e-18,5.231e-14,,,,,2.930e-2,,,,,,,,,2.521e-18,,,,,,,,,,,,,,
803.72,3.557e-2,2.574e-4,1.521e-19,4.690e-28,3.043e-17,,,1.113e-18,3.826e-19,,2.215e-15,2.755e-20,2.022e-28,3.760e-17,2.039e-3,5.026e-30,1.700e-17,,,,5.043e-18,2.031e-21,1.023e-17,,1.895e-26,,,,1.343e-21,2.479e-16,2.039e-18,4.395e-14,,,,,3.327e-2,,,,,,,,,2.521e-18,,,,,,,,,,,,,,
803.74,3.853e-2,2.401e-4,1.915e-19,4.262e-28,3.044e-17,,,1.113e-18,3.821e-19,,2.215e-15,2.754e-20,2.022e-28,3.761e-17,2.128e-3,5.021e-30,1.698e-17,,,,5.044e-18,2.205e-21,1.023e-17,,1.894e-26,,,,1.343e-21,2.479e-16,2.040e-18,3.908e-14,,,,,3.616e-2,,,,,,,,,2.522e-18,,,,,,,,,,,,,,
803.77,4.336e-2,2.183e-4,2.700e-19,3.684e-28,3.044e-17,,,1.113e-18,3.813e-19,,2.216e-15,2.752e-20,2.022e-28,3.763e-17,2.264e-3,5.012e-30,1.695e-17,,,,5.044e-18,2.488e-21,1.022e-17,,1.894e-26,,,,1.342e-21,2.480e-16,2.041e-18,3.270e-14,,,,,4.088e-2,,,,,,,,,2.522e-18,,,,,,,,,,,,,,
803.79,4.685e-2,2.063e-4,3.390e-19,3.338e-28,3.045e-17,,,1.113e-18,3.807e-19,,2.217e-15,2.750e-20,2.021e-28,3.764e-17,2.355e-3,5.006e-30,1.693e-17,,,,5.044e-18,2.693e-21,1.022e-17,,1.893e-26,,,,1.342e-21,2.480e-16,2.042e-18,2.899e-14,,,,,4.429e-2,,,,,,,,,2.522e-18,,,,,,,,,,,,,,
803.82,5.254e-2,1.923e-4,4.758e-19,2.872e-28,3.045e-17,,,1.113e-18,3.800e-19,,2.217e-15,2.748e-20,2.021e-28,3.766e-17,2.494e-3,4.997e-30,1.689e-17,,,,5.045e-18,3.025e-21,1.022e-17,,1.893e-26,,,,1.342e-21,2.480e-16,2.044e-18,2.415e-14,,,,,4.985e-2,,,,,,,,,2.522e-18,,,,,,,,,,,,,,
803.84,5.663e-2,1.854e-4,5.957e-19,2.594e-28,3.045e-17,,,1.113e-18,3.794e-19,,2.218e-15,2.747e-20,2.021e-28,3.767e-17,2.588e-3,4.992e-30,1.687e-17,,,,5.045e-18,3.265e-21,1.022e-17,,1.892e-26,,,,1.342e-21,2.480e-16,2.045e-18,2.135e-14,,,,,5.386e-2,,,,,,,,,2.523e-18,,,,,,,,,,,,,,
803.87,6.325e-2,1.788e-4,8.325e-19,2.222e-28,3.046e-17,,,1.113e-18,3.786e-19,,2.218e-15,2.745e-20,2.020e-28,3.769e-17,2.728e-3,4.983e-30,1.684e-17,,,,5.046e-18,3.652e-21,1.022e-17,,1.892e-26,,,,1.341e-21,2.481e-16,2.046e-18,1.771e-14,,,,,6.035e-2,,,,,,,,,2.523e-18,,,,,,,,,,,,,,
803.89,6.800e-2,1.769e-4,1.039e-18,2.001e-28,3.046e-17,,,1.113e-18,3.781e-19,,2.219e-15,2.743e-20,2.020e-28,3.770e-17,2.822e-3,4.977e-30,1.682e-17,,,,5.046e-18,3.929e-21,1.021e-17,,1.892e-26,,,,1.341e-21,2.481e-16,2.047e-18,1.561e-14,,,,,6.500e-2,,,,,,,,,2.523e-18,,,,,,,,,,,,,,
803.92,7.565e-2,1.776e-4,1.446e-18,1.707e-28,3.047e-17,,,1.113e-18,3.773e-19,,2.219e-15,2.741e-20,2.020e-28,3.772e-17,2.962e-3,4.968e-30,1.679e-17,,,,5.047e-18,4.375e-21,1.021e-17,,1.891e-26,,,,1.341e-21,2.481e-16,2.049e-18,1.289e-14,,,,,7.251e-2,,,,,,,,,2.524e-18,,,,,,,,,,,,,,
803.94,8.112e-2,1.806e-4,1.799e-18,1.533e-28,3.047e-17,,,1.113e-18,3.768e-19,,2.220e-15,2.740e-20,2.020e-28,3.773e-17,3.055e-3,4.962e-30,1.677e-17,,,,5.047e-18,4.694e-21,1.021e-17,,1.891e-26,,,,1.340e-21,2.482e-16,2.050e-18,1.133e-14,,,,,7.788e-2,,,,,,,,,2.524e-18,,,,,,,,,,,,,,
803.96,8.688e-2,1.856e-4,2.237e-18,1.375e-28,3.047e-17,,,1.113e-18,3.763e-19,,2.220e-15,2.739e-20,2.019e-28,3.775e-17,3.147e-3,4.957e-30,1.675e-17,,,,5.048e-18,5.029e-21,1.021e-17,,1.890e-26,,,,1.340e-21,2.482e-16,2.051e-18,9.951e-15,,,,,8.355e-2,,,,,,,,,2.524e-18,,,,,,,,,,,,,,
803.99,9.611e-2,1.971e-4,3.093e-18,1.165e-28,3.048e-17,,,1.113e-18,3.755e-19,,2.221e-15,2.736e-20,2.019e-28,3.776e-17,3.283e-3,4.948e-30,1.672e-17,,,,5.048e-18,5.566e-21,1.021e-17,,1.890e-26,,,,1.340e-21,2.482e-16,2.052e-18,8.169e-15,,,,,9.263e-2,,,,,,,,,2.525e-18,,,,,,,,,,,,,,
804.01,1.027e-1,2.075e-4,3.834e-18,1.042e-28,3.048e-17,,,1.113e-18,3.750e-19,,2.221e-15,2.735e-20,2.019e-28,3.778e-17,3.372e-3,4.942e-30,1.669e-17,,,,5.048e-18,5.946e-21,1.021e-17,,1.890e-26,,,,1.340e-21,2.482e-16,2.053e-18,7.151e-15,,,,,9.907e-2,,,,,,,,,2.525e-18,,,,,,,,,,,,,,
804.04,1.131e-1,2.273e-4,5.279e-18,8.790e-29,3.049e-17,,,1.112e-18,3.742e-19,,2.222e-15,2.733e-20,2.018e-28,3.779e-17,3.502e-3,4.933e-30,1.666e-17,,,,5.049e-18,6.551e-21,1.020e-17,,1.889e-26,,,,1.339e-21,2.483e-16,2.054e-18,5.844e-15,,,,,1.094e-1,,,,,,,,,2.525e-18,,,,,,,,,,,,,,
804.06,1.204e-1,2.435e-4,6.524e-18,7.836e-29,3.049e-17,,,1.112e-18,3.736e-19,,2.222e-15,2.732e-20,2.018e-28,3.781e-17,3.586e-3,4.928e-30,1.664e-17,,,,5.049e-18,6.978e-21,1.020e-17,,1.889e-26,,,,1.339e-21,2.483e-16,2.055e-18,5.102e-15,,,,,1.166e-1,,,,,,,,,2.525e-18,,,,,,,,,,,,,,
804.09,1.321e-1,2.726e-4,8.943e-18,6.582e-29,3.049e-17,,,1.112e-18,3.729e-19,,2.223e-15,2.729e-20,2.018e-28,3.782e-17,3.708e-3,4.919e-30,1.661e-17,,,,5.050e-18,7.655e-21,1.020e-17,,1.888e-26,,,,1.339e-21,2.483e-16,2.057e-18,4.151e-15,,,,,1.281e-1,,,,,,,,,2.526e-18,,,,,,,,,,,,,,
804.11,1.403e-1,2.954e-4,1.102e-17,5.851e-29,3.050e-17,,,1.112e-18,3.723e-19,,2.223e-15,2.728e-20,2.017e-28,3.784e-17,3.786e-3,4.913e-30,1.659e-17,,,,5.050e-18,8.130e-21,1.020e-17,,1.888e-26,,,,1.338e-21,2.483e-16,2.058e-18,3.613e-15,,,,,1.363e-1,,,,,,,,,2.526e-18,,,,,,,,,,,,,,
804.14,1.533e-1,3.351e-4,1.504e-17,4.893e-29,3.050e-17,,,1.112e-18,3.715e-19,,2.224e-15,2.726e-20,2.017e-28,3.785e-17,3.897e-3,4.904e-30,1.656e-17,,,,5.051e-18,8.879e-21,1.020e-17,,1.887e-26,,,,1.338e-21,2.484e-16,2.059e-18,2.927e-15,,,,,1.491e-1,,,,,,,,,2.526e-18,,,,,,,,,,,,,,
804.16,1.624e-1,3.654e-4,1.848e-17,4.337e-29,3.051e-17,,,1.112e-18,3.710e-19,,2.224e-15,2.725e-20,2.017e-28,3.787e-17,3.967e-3,4.899e-30,1.654e-17,,,,5.051e-18,9.402e-21,1.020e-17,,1.887e-26,,,,1.338e-21,2.484e-16,2.060e-18,2.540e-15,,,,,1.580e-1,,,,,,,,,2.527e-18,,,,,,,,,,,,,,
804.19,1.766e-1,4.173e-4,2.511e-17,3.610e-29,3.051e-17,,,1.112e-18,3.702e-19,,2.225e-15,2.722e-20,2.016e-28,3.788e-17,4.066e-3,4.890e-30,1.651e-17,,,,5.052e-18,1.022e-20,1.019e-17,,1.886e-26,,,,1.337e-21,2.484e-16,2.062e-18,2.049e-15,,,,,1.721e-1,,,,,,,,,2.527e-18,,,,,,,,,,,,,,
804.21,1.865e-1,4.564e-4,3.075e-17,3.190e-29,3.051e-17,,,1.112e-18,3.697e-19,,2.225e-15,2.721e-20,2.016e-28,3.790e-17,4.127e-3,4.884e-30,1.648e-17,,,,5.052e-18,1.079e-20,1.019e-17,,1.886e-26,,,,1.337e-21,2.484e-16,2.063e-18,1.773e-15,,,,,1.820e-1,,,,,,,,,2.527e-18,,,,,,,,,,,,,,
804.24,2.020e-1,5.223e-4,4.161e-17,2.644e-29,3.052e-17,,,1.112e-18,3.689e-19,,2.226e-15,2.719e-20,2.016e-28,3.791e-17,4.210e-3,4.875e-30,1.645e-17,,,,5.053e-18,1.168e-20,1.019e-17,,1.886e-26,,,,1.337e-21,2.485e-16,2.064e-18,1.424e-15,,,,,1.973e-1,,,,,,,,,2.528e-18,,,,,,,,,,,,,,
804.26,2.128e-1,5.715e-4,5.082e-17,2.330e-29,3.052e-17,,,1.112e-18,3.684e-19,,2.226e-15,2.718e-20,2.016e-28,3.793e-17,4.261e-3,4.869e-30,1.643e-17,,,,5.053e-18,1.230e-20,1.019e-17,,1.885e-26,,,,1.337e-21,2.485e-16,2.065e-18,1.229e-15,,,,,2.079e-1,,,,,,,,,2.528e-18,,,,,,,,,,,,,,
804.29,2.295e-1,6.538e-4,6.845e-17,1.922e-29,3.053e-17,,,1.112e-18,3.676e-19,,2.227e-15,2.715e-20,2.015e-28,3.794e-17,4.328e-3,4.861e-30,1.640e-17,,,,5.054e-18,1.325e-20,1.019e-17,,1.885e-26,,,,1.336e-21,2.485e-16,2.067e-18,9.826e-16,,,,,2.245e-1,,,,,,,,,2.528e-18,,,,,,,,,,,,,,
804.31,2.410e-1,7.148e-4,8.336e-17,1.688e-29,3.053e-17,,,1.112e-18,3.671e-19,,2.227e-15,2.714e-20,2.015e-28,3.796e-17,4.367e-3,4.855e-30,1.638e-17,,,,5.054e-18,1.391e-20,1.019e-17,,1.884e-26,,,,1.336e-21,2.485e-16,2.068e-18,8.453e-16,,,,,2.359e-1,,,,,,,,,2.528e-18,,,,,,,,,,,,,,
804.33,2.528e-1,7.809e-4,1.014e-16,1.481e-29,3.053e-17,,,1.112e-18,3.665e-19,,2.227e-15,2.713e-20,2.015e-28,3.797e-17,4.401e-3,4.849e-30,1.636e-17,,,,5.054e-18,1.458e-20,1.018e-17,,1.884e-26,,,,1.336e-21,2.486e-16,2.068e-18,7.263e-16,,,,,2.476e-1,,,,,,,,,2.529e-18,,,,,,,,,,,,,,
804.36,2.710e-1,8.905e-4,1.357e-16,1.215e-29,3.054e-17,,,1.112e-18,3.658e-19,,2.228e-15,2.711e-20,2.014e-28,3.799e-17,4.443e-3,4.840e-30,1.633e-17,,,,5.055e-18,1.562e-20,1.018e-17,,1.884e-26,,,,1.336e-21,2.486e-16,2.070e-18,5.772e-16,,,,,2.657e-1,,,,,,,,,2.529e-18,,,,,,,,,,,,,,
804.38,2.834e-1,9.709e-4,1.646e-16,1.063e-29,3.054e-17,,,1.112e-18,3.652e-19,,2.229e-15,2.709e-20,2.014e-28,3.800e-17,4.465e-3,4.835e-30,1.630e-17,,,,5.055e-18,1.633e-20,1.018e-17,,1.883e-26,,,,1.335e-21,2.486e-16,2.071e-18,4.945e-16,,,,,2.780e-1,,,,,,,,,2.529e-18,,,,,,,,,,,,,,
804.41,3.026e-1,1.103e-3,2.194e-16,8.675e-30,3.055e-17,,,1.112e-18,3.644e-19,,2.229e-15,2.707e-20,2.014e-28,3.802e-17,4.487e-3,4.826e-30,1.627e-17,,,,5.056e-18,1.741e-20,1.018e-17,,1.883e-26,,,,1.335e-21,2.487e-16,2.072e-18,3.913e-16,,,,,2.970e-1,,,,,,,,,2.530e-18,,,,,,,,,,,,,,
804.43,3.156e-1,1.200e-3,2.653e-16,7.566e-30,3.055e-17,,,1.112e-18,3.639e-19,,2.230e-15,2.706e-20,2.014e-28,3.803e-17,4.496e-3,4.820e-30,1.625e-17,,,,5.056e-18,1.814e-20,1.018e-17,,1.882e-26,,,,1.335e-21,2.487e-16,2.073e-18,3.343e-16,,,,,3.099e-1,,,,,,,,,2.530e-18,,,,,,,,,,,,,,
804.46,3.354e-1,1.359e-3,3.520e-16,6.149e-30,3.055e-17,,,1.112e-18,3.631e-19,,2.230e-15,2.704e-20,2.013e-28,3.805e-17,4.498e-3,4.811e-30,1.622e-17,,,,5.057e-18,1.926e-20,1.017e-17,,1.882e-26,,,,1.334e-21,2.487e-16,2.075e-18,2.634e-16,,,,,3.295e-1,,,,,,,,,2.530e-18,,,,,,,,,,,,,,
804.48,3.488e-1,1.474e-3,4.245e-16,5.347e-30,3.056e-17,,,1.111e-18,3.626e-19,,2.231e-15,2.702e-20,2.013e-28,3.806e-17,4.494e-3,4.806e-30,1.620e-17,,,,5.057e-18,2.001e-20,1.017e-17,,1.881e-26,,,,1.334e-21,2.487e-16,2.076e-18,2.243e-16,,,,,3.428e-1,,,,,,,,,2.531e-18,,,,,,,,,,,,,,
804.51,3.691e-1,1.663e-3,5.607e-16,4.326e-30,3.056e-17,,,1.111e-18,3.618e-19,,2.231e-15,2.700e-20,2.013e-28,3.808e-17,4.476e-3,4.797e-30,1.617e-17,,,,5.058e-18,2.115e-20,1.017e-17,,1.881e-26,,,,1.334e-21,2.488e-16,2.077e-18,1.759e-16,,,,,3.630e-1,,,,,,,,,2.531e-18,,,,,,,,,,,,,,
804.53,3.827e-1,1.799e-3,6.741e-16,3.751e-30,3.057e-17,,,1.111e-18,3.613e-19,,2.232e-15,2.699e-20,2.012e-28,3.809e-17,4.458e-3,4.791e-30,1.615e-17,,,,5.058e-18,2.191e-20,1.017e-17,,1.881e-26,,,,1.334e-21,2.488e-16,2.078e-18,1.494e-16,,,,,3.765e-1,,,,,,,,,2.531e-18,,,,,,,,,,,,,,
804.56,4.033e-1,2.020e-3,8.867e-16,3.021e-30,3.057e-17,,,1.111e-18,3.605e-19,,2.232e-15,2.697e-20,2.012e-28,3.811e-17,4.422e-3,4.782e-30,1.612e-17,,,,5.059e-18,2.306e-20,1.017e-17,,1.880e-26,,,,1.333e-21,2.488e-16,2.080e-18,1.167e-16,,,,,3.968e-1,,,,,,,,,2.531e-18,,,,,,,,,,,,,,
804.58,4.170e-1,2.179e-3,1.063e-15,2.612e-30,3.057e-17,,,1.111e-18,3.600e-19,,2.233e-15,2.695e-20,2.012e-28,3.812e-17,4.391e-3,4.777e-30,1.609e-17,,,,5.059e-18,2.382e-20,1.017e-17,,1.880e-26,,,,1.333e-21,2.488e-16,2.081e-18,9.880e-17,,,,,4.104e-1,,,,,,,,,2.532e-18,,,,,,,,,,,,,,
804.61,4.375e-1,2.436e-3,1.392e-15,2.094e-30,3.058e-17,,,1.111e-18,3.592e-19,,2.233e-15,2.693e-20,2.011e-28,3.814e-17,4.335e-3,4.768e-30,1.606e-17,,,,5.060e-18,2.495e-20,1.016e-17,,1.879e-26,,,,1.333e-21,2.489e-16,2.082e-18,7.682e-17,,,,,4.307e-1,,,,,,,,,2.532e-18,,,,,,,,,,,,,,
804.63,4.510e-1,2.621e-3,1.663e-15,1.805e-30,3.058e-17,,,1.111e-18,3.587e-19,,2.234e-15,2.692e-20,2.011e-28,3.815e-17,4.293e-3,4.762e-30,1.604e-17,,,,5.060e-18,2.570e-20,1.016e-17,,1.879e-26,,,,1.332e-21,2.489e-16,2.083e-18,6.486e-17,,,,,4.441e-1,,,,,,,,,2.532e-18,,,,,,,,,,,,,,
804.66,4.712e-1,2.917e-3,2.169e-15,1.441e-30,3.059e-17,,,1.111e-18,3.579e-19,,2.234e-15,2.690e-20,2.011e-28,3.817e-17,4.220e-3,4.753e-30,1.601e-17,,,,5.060e-18,2.680e-20,1.016e-17,,1.878e-26,,,,1.332e-21,2.489e-16,2.084e-18,5.020e-17,,,,,4.640e-1,,,,,,,,,2.533e-18,,,,,,,,,,,,,,
804.68,4.844e-1,3.129e-3,2.584e-15,1.238e-30,3.059e-17,,,1.111e-18,3.573e-19,,2.235e-15,2.688e-20,2.010e-28,3.818e-17,4.166e-3,4.747e-30,1.599e-17,,,,5.061e-18,2.752e-20,1.016e-17,,1.878e-26,,,,1.332e-21,2.489e-16,2.085e-18,4.226e-17,,,,,4.771e-1,,,,,,,,,2.533e-18,,,,,,,,,,,,,,
804.7,4.974e-1,3.352e-3,3.076e-15,1.063e-30,3.059e-17,,,1.111e-18,3.568e-19,,2.235e-15,2.687e-20,2.010e-28,3.819e-17,4.107e-3,4.742e-30,1.597e-17,,,,5.061e-18,2.823e-20,1.016e-17,,1.878e-26,,,,1.332e-21,2.490e-16,2.086e-18,3.553e-17,,,,,4.899e-1,,,,,,,,,2.533e-18,,,,,,,,,,,,,,
804.73,5.164e-1,3.709e-3,3.986e-15,8.431e-31,3.060e-17,,,1.111e-18,3.560e-19,,2.236e-15,2.685e-20,2.010e-28,3.821e-17,4.013e-3,4.733e-30,1.594e-17,,,,5.062e-18,2.926e-20,1.016e-17,,1.877e-26,,,,1.331e-21,2.490e-16,2.088e-18,2.734e-17,,,,,5.087e-1,,,,,,,,,2.534e-18,,,,,,,,,,,,,,
804.75,5.288e-1,3.962e-3,4.731e-15,7.215e-31,3.060e-17,,,1.111e-18,3.555e-19,,2.236e-15,2.683e-20,2.010e-28,3.822e-17,3.945e-3,4.727e-30,1.592e-17,,,,5.062e-18,2.993e-20,1.015e-17,,1.877e-26,,,,1.331e-21,2.490e-16,2.089e-18,2.292e-17,,,,,5.209e-1,,,,,,,,,2.534e-18,,,,,,,,,,,,,,
804.78,5.466e-1,4.364e-3,6.103e-15,5.699e-31,3.061e-17,,,1.111e-18,3.547e-19,,2.237e-15,2.681e-20,2.009e-28,3.824e-17,3.837e-3,4.718e-30,1.588e-17,,,,5.063e-18,3.088e-20,1.015e-17,,1.876e-26,,,,1.331e-21,2.490e-16,2.090e-18,1.755e-17,,,,,5.384e-1,,,,,,,,,2.534e-18,,,,,,,,,,,,,,
804.8,5.581e-1,4.648e-3,7.222e-15,4.862e-31,3.061e-17,,,1.111e-18,3.542e-19,,2.237e-15,2.680e-20,2.009e-28,3.825e-17,3.761e-3,4.713e-30,1.586e-17,,,,5.063e-18,3.149e-20,1.015e-17,,1.876e-26,,,,1.330e-21,2.491e-16,2.091e-18,1.467e-17,,,,,5.497e-1,,,,,,,,,2.534e-18,,,,,,,,,,,,,,
804.83,5.745e-1,5.098e-3,9.275e-15,3.823e-31,3.062e-17,,,1.111e-18,3.534e-19,,2.238e-15,2.678e-20,2.009e-28,3.827e-17,3.642e-3,4.704e-30,1.583e-17,,,,5.064e-18,3.235e-20,1.015e-17,,1.875e-26,,,,1.330e-21,2.491e-16,2.093e-18,1.119e-17,,,,,5.657e-1,,,,,,,,,2.535e-18,,,,,,,,,,,,,,
804.85,5.848e-1,5.414e-3,1.094e-14,3.252e-31,3.062e-17,,,1.111e-18,3.529e-19,,2.238e-15,2.676e-20,2.008e-28,3.828e-17,3.559e-3,4.698e-30,1.581e-17,,,,5.064e-18,3.289e-20,1.015e-17,,1.875e-26,,,,1.330e-21,2.491e-16,2.094e-18,9.325e-18,,,,,5.758e-1,,,,,,,,,2.535e-18,,,,,,,,,,,,,,
804.88,5.994e-1,5.911e-3,1.399e-14,2.546e-31,3.062e-17,,,1.111e-18,3.521e-19,,2.239e-15,2.674e-20,2.008e-28,3.830e-17,3.431e-3,4.689e-30,1.578e-17,,,,5.064e-18,3.364e-20,1.015e-17,,1.875e-26,,,,1.329e-21,2.492e-16,2.095e-18,7.080e-18,,,,,5.900e-1,,,,,,,,,2.535e-18,,,,,,,,,,,,,,
804.9,6.084e-1,6.259e-3,1.646e-14,2.159e-31,3.063e-17,,,1.110e-18,3.516e-19,,2.239e-15,2.673e-20,2.008e-28,3.831e-17,3.343e-3,4.684e-30,1.576e-17,,,,5.065e-18,3.410e-20,1.014e-17,,1.874e-26,,,,1.329e-21,2.492e-16,2.096e-18,5.883e-18,,,,,5.988e-1,,,,,,,,,2.536e-18,,,,,,,,,,,,,,
804.93,6.209e-1,6.804e-3,2.096e-14,1.683e-31,3.063e-17,,,1.110e-18,3.508e-19,,2.240e-15,2.671e-20,2.007e-28,3.833e-17,3.209e-3,4.675e-30,1.573e-17,,,,5.065e-18,3.473e-20,1.014e-17,,1.874e-26,,,,1.329e-21,2.492e-16,2.097e-18,4.447e-18,,,,,6.108e-1,,,,,,,,,2.536e-18,,,,,,,,,,,,,,
804.95,6.284e-1,7.183e-3,2.459e-14,1.423e-31,3.063e-17,,,1.110e-18,3.502e-19,,2.240e-15,2.669e-20,2.007e-28,3.834e-17,3.118e-3,4.669e-30,1.570e-17,,,,5.066e-18,3.510e-20,1.014e-17,,1.873e-26,,,,1.329e-21,2.492e-16,2.098e-18,3.684e-18,,,,,6.181e-1,,,,,,,,,2.536e-18,,,,,,,,,,,,,,
804.98,6.385e-1,7.774e-3,3.116e-14,1.104e-31,3.064e-17,,,1.110e-18,3.495e-19,,2.241e-15,2.667e-20,2.007e-28,3.836e-17,2.979e-3,4.660e-30,1.567e-17,,,,5.066e-18,3.558e-20,1.014e-17,,1.873e-26,,,,1.328e-21,2.493e-16,2.100e-18,2.773e-18,,,,,6.277e-1,,,,,,,,,2.537e-18,,,,,,,,,,,,,,
805,6.444e-1,8.183e-3,3.645e-14,9.308e-32,3.064e-17,,,1.110e-18,3.489e-19,,2.241e-15,2.666e-20,2.006e-28,3.837e-17,2.886e-3,4.655e-30,1.565e-17,,,,5.067e-18,3.586e-20,1.014e-17,,1.873e-26,,,,1.328e-21,2.493e-16,2.101e-18,2.290e-18,,,,,6.333e-1,,,,,,,,,2.537e-18,,,,,,,,,,,,,,
805.03,6.519e-1,8.817e-3,4.600e-14,7.190e-32,3.065e-17,,,1.110e-18,3.481e-19,,2.242e-15,2.664e-20,2.006e-28,3.839e-17,2.745e-3,4.646e-30,1.562e-17,,,,5.067e-18,3.619e-20,1.013e-17,,1.872e-26,,,,1.328e-21,2.493e-16,2.102e-18,1.716e-18,,,,,6.404e-1,,,,,,,,,2.537e-18,,,,,,,,,,,,,,
805.05,6.561e-1,9.254e-3,5.364e-14,6.044e-32,3.065e-17,,,1.110e-18,3.476e-19,,2.242e-15,2.662e-20,2.006e-28,3.840e-17,2.651e-3,4.640e-30,1.560e-17,,,,5.068e-18,3.636e-20,1.013e-17,,1.872e-26,,,,1.328e-21,2.493e-16,2.103e-18,1.413e-18,,,,,6.442e-1,,,,,,,,,2.537e-18,,,,,,,,,,,,,,
805.07,6.595e-1,9.700e-3,6.247e-14,5.074e-32,3.065e-17,,,1.110e-18,3.471e-19,,2.243e-15,2.661e-20,2.006e-28,3.841e-17,2.558e-3,4.634e-30,1.558e-17,,,,5.068e-18,3.649e-20,1.013e-17,,1.871e-26,,,,1.327e-21,2.494e-16,2.104e-18,1.163e-18,,,,,6.472e-1,,,,,,,,,2.538e-18,,,,,,,,,,,,,,
805.1,6.632e-1,1.039e-2,7.835e-14,3.895e-32,3.066e-17,,,1.110e-18,3.463e-19,,2.243e-15,2.659e-20,2.005e-28,3.843e-17,2.418e-3,4.625e-30,1.555e-17,,,,5.069e-18,3.660e-20,1.013e-17,,1.871e-26,,,,1.327e-21,2.494e-16,2.106e-18,8.658e-19,,,,,6.504e-1,,,,,,,,,2.538e-18,,,,,,,,,,,,,,
805.12,6.647e-1,1.086e-2,9.100e-14,3.261e-32,3.066e-17,,,1.110e-18,3.458e-19,,2.244e-15,2.657e-20,2.005e-28,3.845e-17,2.326e-3,4.620e-30,1.553e-17,,,,5.069e-18,3.663e-20,1.013e-17,,1.871e-26,,,,1.327e-21,2.494e-16,2.107e-18,7.102e-19,,,,,6.515e-1,,,,,,,,,2.538e-18,,,,,,,,,,,,,,
805.15,6.656e-1,1.158e-2,1.136e-13,2.492e-32,3.067e-17,,,1.110e-18,3.450e-19,,2.244e-15,2.655e-20,2.005e-28,3.846e-17,2.189e-3,4.611e-30,1.549e-17,,,,5.069e-18,3.658e-20,1.013e-17,,1.870e-26,,,,1.326e-21,2.494e-16,2.108e-18,5.265e-19,,,,,6.518e-1,,,,,,,,,2.539e-18,,,,,,,,,,,,,,
805.17,6.652e-1,1.206e-2,1.316e-13,2.080e-32,3.067e-17,,,1.110e-18,3.445e-19,,2.245e-15,2.654e-20,2.004e-28,3.848e-17,2.099e-3,4.605e-30,1.547e-17,,,,5.070e-18,3.649e-20,1.012e-17,,1.870e-26,,,,1.326e-21,2.495e-16,2.109e-18,4.306e-19,,,,,6.510e-1,,,,,,,,,2.539e-18,,,,,,,,,,,,,,
805.2,6.632e-1,1.280e-2,1.636e-13,1.582e-32,3.068e-17,,,1.110e-18,3.437e-19,,2.245e-15,2.652e-20,2.004e-28,3.849e-17,1.967e-3,4.596e-30,1.544e-17,,,,5.070e-18,3.628e-20,1.012e-17,,1.869e-26,,,,1.326e-21,2.495e-16,2.110e-18,3.178e-19,,,,,6.485e-1,,,,,,,,,2.539e-18,,,,,,,,,,,,,,
805.22,6.610e-1,1.330e-2,1.889e-13,1.317e-32,3.068e-17,,,1.110e-18,3.431e-19,,2.246e-15,2.650e-20,2.004e-28,3.851e-17,1.881e-3,4.591e-30,1.542e-17,,,,5.071e-18,3.609e-20,1.012e-17,,1.869e-26,,,,1.326e-21,2.495e-16,2.111e-18,2.591e-19,,,,,6.458e-1,,,,,,,,,2.540e-18,,,,,,,,,,,,,,
805.25,6.562e-1,1.406e-2,2.338e-13,9.972e-33,3.068e-17,,,1.110e-18,3.424e-19,,2.246e-15,2.648e-20,2.003e-28,3.852e-17,1.755e-3,4.582e-30,1.539e-17,,,,5.071e-18,3.572e-20,1.012e-17,,1.868e-26,,,,1.325e-21,2.495e-16,2.113e-18,1.904e-19,,,,,6.404e-1,,,,,,,,,2.540e-18,,,,,,,,,,,,,,
805.27,6.521e-1,1.457e-2,2.691e-13,8.274e-33,3.069e-17,,,1.110e-18,3.418e-19,,2.247e-15,2.647e-20,2.003e-28,3.854e-17,1.673e-3,4.576e-30,1.537e-17,,,,5.072e-18,3.543e-20,1.012e-17,,1.868e-26,,,,1.325e-21,2.496e-16,2.114e-18,1.548e-19,,,,,6.359e-1,,,,,,,,,2.540e-18,,,,,,,,,,,,,,
805.3,6.446e-1,1.532e-2,3.316e-13,6.239e-33,3.069e-17,,,1.110e-18,3.410e-19,,2.247e-15,2.645e-20,2.003e-28,3.855e-17,1.554e-3,4.567e-30,1.534e-17,,,,5.072e-18,3.492e-20,1.012e-17,,1.867e-26,,,,1.325e-21,2.496e-16,2.115e-18,1.132e-19,,,,,6.277e-1,,,,,,,,,2.540e-18,,,,,,,,,,,,,,
805.32,6.388e-1,1.583e-2,3.807e-13,5.161e-33,3.070e-17,,,1.110e-18,3.405e-19,,2.248e-15,2.643e-20,2.002e-28,3.857e-17,1.477e-3,4.562e-30,1.531e-17,,,,5.073e-18,3.453e-20,1.011e-17,,1.867e-26,,,,1.324e-21,2.496e-16,2.116e-18,9.179e-20,,,,,6.215e-1,,,,,,,,,2.541e-18,,,,,,,,,,,,,,
805.35,6.288e-1,1.658e-2,4.670e-13,3.874e-33,3.070e-17,,,1.109e-18,3.397e-19,,2.248e-15,2.641e-20,2.002e-28,3.858e-17,1.366e-3,4.553e-30,1.528e-17,,,,5.073e-18,3.388e-20,1.011e-17,,1.867e-26,,,,1.324e-21,2.497e-16,2.118e-18,6.685e-20,,,,,6.108e-1,,,,,,,,,2.541e-18,,,,,,,,,,,,,,
805.37,6.213e-1,1.708e-2,5.345e-13,3.195e-33,3.070e-17,,,1.109e-18,3.392e-19,,2.249e-15,2.640e-20,2.002e-28,3.860e-17,1.294e-3,4.547e-30,1.526e-17,,,,5.074e-18,3.340e-20,1.011e-17,,1.866e-26,,,,1.324e-21,2.497e-16,2.119e-18,5.403e-20,,,,,6.030e-1,,,,,,,,,2.541e-18,,,,,,,,,,,,,,
805.4,6.090e-1,1.781e-2,6.529e-13,2.388e-33,3.071e-17,,,1.109e-18,3.384e-19,,2.249e-15,2.638e-20,2.001e-28,3.861e-17,1.192e-3,4.538e-30,1.523e-17,,,,5.074e-18,3.262e-20,1.011e-17,,1.866e-26,,,,1.323e-21,2.497e-16,2.120e-18,3.917e-20,,,,,5.900e-1,,,,,,,,,2.542e-18,,,,,,,,,,,,,,
805.42,6.001e-1,1.829e-2,7.450e-13,1.964e-33,3.071e-17,,,1.109e-18,3.379e-19,,2.250e-15,2.636e-20,2.001e-28,3.863e-17,1.126e-3,4.532e-30,1.521e-17,,,,5.074e-18,3.207e-20,1.011e-17,,1.865e-26,,,,1.323e-21,2.497e-16,2.121e-18,3.157e-20,,,,,5.807e-1,,,,,,,,,2.542e-18,,,,,,,,,,,,,,
805.45,5.857e-1,1.899e-2,9.061e-13,1.461e-33,3.072e-17,,,1.109e-18,3.371e-19,,2.250e-15,2.634e-20,2.001e-28,3.864e-17,1.032e-3,4.524e-30,1.518e-17,,,,5.075e-18,3.119e-20,1.011e-17,,1.865e-26,,,,1.323e-21,2.498e-16,2.123e-18,2.279e-20,,,,,5.657e-1,,,,,,,,,2.542e-18,,,,,,,,,,,,,,
805.47,5.756e-1,1.944e-2,1.031e-12,1.198e-33,3.072e-17,,,1.109e-18,3.366e-19,,2.251e-15,2.633e-20,2.001e-28,3.866e-17,9.723e-4,4.518e-30,1.516e-17,,,,5.075e-18,3.057e-20,1.010e-17,,1.864e-26,,,,1.323e-21,2.498e-16,2.124e-18,1.831e-20,,,,,5.551e-1,,,,,,,,,2.543e-18,,,,,,,,,,,,,,
805.49,5.649e-1,1.988e-2,1.172e-12,9.808e-34,3.072e-17,,,1.109e-18,3.360e-19,,2.251e-15,2.632e-20,2.000e-28,3.867e-17,9.149e-4,4.512e-30,1.514e-17,,,,5.076e-18,2.993e-20,1.010e-17,,1.864e-26,,,,1.322e-21,2.498e-16,2.124e-18,1.469e-20,,,,,5.441e-1,,,,,,,,,2.543e-18,,,,,,,,,,,,,,
805.52,5.482e-1,2.051e-2,1.416e-12,7.252e-34,3.073e-17,,,1.109e-18,3.353e-19,,2.252e-15,2.629e-20,2.000e-28,3.869e-17,8.334e-4,4.503e-30,1.510e-17,,,,5.076e-18,2.892e-20,1.010e-17,,1.864e-26,,,,1.322e-21,2.498e-16,2.126e-18,1.054e-20,,,,,5.268e-1,,,,,,,,,2.543e-18,,,,,,,,,,,,,,
805.54,5.365e-1,2.092e-2,1.605e-12,5.921e-34,3.073e-17,,,1.109e-18,3.347e-19,,2.252e-15,2.628e-20,2.000e-28,3.870e-17,7.819e-4,4.498e-30,1.508e-17,,,,5.077e-18,2.823e-20,1.010e-17,,1.863e-26,,,,1.322e-21,2.499e-16,2.127e-18,8.435e-21,,,,,5.148e-1,,,,,,,,,2.543e-18,,,,,,,,,,,,,,
805.57,5.185e-1,2.149e-2,1.931e-12,4.359e-34,3.074e-17,,,1.109e-18,3.339e-19,,2.253e-15,2.626e-20,1.999e-28,3.872e-17,7.091e-4,4.489e-30,1.505e-17,,,,5.077e-18,2.717e-20,1.010e-17,,1.863e-26,,,,1.321e-21,2.499e-16,2.128e-18,6.024e-21,,,,,4.963e-1,,,,,,,,,2.544e-18,,,,,,,,,,,,,,
805.59,5.060e-1,2.185e-2,2.182e-12,3.548e-34,3.074e-17,,,1.109e-18,3.334e-19,,2.253e-15,2.625e-20,1.999e-28,3.873e-17,6.633e-4,4.483e-30,1.503e-17,,,,5.078e-18,2.644e-20,1.010e-17,,1.862e-26,,,,1.321e-21,2.499e-16,2.129e-18,4.806e-21,,,,,4.835e-1,,,,,,,,,2.544e-18,,,,,,,,,,,,,,
805.62,4.870e-1,2.234e-2,2.614e-12,2.600e-34,3.074e-17,,,1.109e-18,3.326e-19,,2.254e-15,2.622e-20,1.999e-28,3.875e-17,5.988e-4,4.474e-30,1.500e-17,,,,5.078e-18,2.533e-20,1.009e-17,,1.862e-26,,,,1.321e-21,2.499e-16,2.131e-18,3.417e-21,,,,,4.640e-1,,,,,,,,,2.544e-18,,,,,,,,,,,,,,
805.64,4.740e-1,2.265e-2,2.944e-12,2.110e-34,3.075e-17,,,1.109e-18,3.321e-19,,2.254e-15,2.621e-20,1.998e-28,3.876e-17,5.586e-4,4.469e-30,1.498e-17,,,,5.078e-18,2.458e-20,1.009e-17,,1.862e-26,,,,1.321e-21,2.500e-16,2.132e-18,2.718e-21,,,,,4.508e-1,,,,,,,,,2.545e-18,,,,,,,,,,,,,,
805.67,4.543e-1,2.306e-2,3.512e-12,1.540e-34,3.075e-17,,,1.109e-18,3.313e-19,,2.255e-15,2.619e-20,1.998e-28,3.878e-17,5.020e-4,4.460e-30,1.495e-17,,,,5.079e-18,2.344e-20,1.009e-17,,1.861e-26,,,,1.320e-21,2.500e-16,2.133e-18,1.924e-21,,,,,4.307e-1,,,,,,,,,2.545e-18,,,,,,,,,,,,,,
805.69,4.410e-1,2.331e-2,3.945e-12,1.246e-34,3.076e-17,,,1.109e-18,3.308e-19,,2.255e-15,2.618e-20,1.998e-28,3.879e-17,4.669e-4,4.454e-30,1.492e-17,,,,5.079e-18,2.268e-20,1.009e-17,,1.861e-26,,,,1.320e-21,2.500e-16,2.134e-18,1.526e-21,,,,,4.172e-1,,,,,,,,,2.545e-18,,,,,,,,,,,,,,
805.72,4.209e-1,2.363e-2,4.685e-12,9.049e-35,3.076e-17,,,1.109e-18,3.300e-19,,2.256e-15,2.615e-20,1.997e-28,3.881e-17,4.178e-4,4.445e-30,1.489e-17,,,,5.080e-18,2.153e-20,1.009e-17,,1.860e-26,,,,1.320e-21,2.500e-16,2.136e-18,1.075e-21,,,,,3.969e-1,,,,,,,,,2.546e-18,,,,,,,,,,,,,,
805.74,4.075e-1,2.381e-2,5.247e-12,7.300e-35,3.076e-17,,,1.109e-18,3.295e-19,,2.256e-15,2.614e-20,1.997e-28,3.882e-17,3.874e-4,4.440e-30,1.487e-17,,,,5.080e-18,2.077e-20,1.009e-17,,1.860e-26,,,,1.320e-21,2.501e-16,2.137e-18,8.504e-22,,,,,3.833e-1,,,,,,,,,2.546e-18,,,,,,,,,,,,,,
805.77,3.874e-1,2.403e-2,6.204e-12,5.279e-35,3.077e-17,,,1.108e-18,3.287e-19,,2.257e-15,2.612e-20,1.997e-28,3.884e-17,3.451e-4,4.431e-30,1.484e-17,,,,5.081e-18,1.964e-20,1.008e-17,,1.859e-26,,,,1.319e-21,2.501e-16,2.138e-18,5.966e-22,,,,,3.630e-1,,,,,,,,,2.546e-18,,,,,,,,,,,,,,
805.79,3.740e-1,2.415e-2,6.927e-12,4.246e-35,3.077e-17,,,1.108e-18,3.282e-19,,2.257e-15,2.611e-20,1.997e-28,3.885e-17,3.191e-4,4.425e-30,1.482e-17,,,,5.081e-18,1.889e-20,1.008e-17,,1.859e-26,,,,1.319e-21,2.501e-16,2.139e-18,4.704e-22,,,,,3.495e-1,,,,,,,,,2.546e-18,,,,,,,,,,,,,,
805.82,3.541e-1,2.426e-2,8.155e-12,3.057e-35,3.078e-17,,,1.108e-18,3.274e-19,,2.258e-15,2.608e-20,1.996e-28,3.887e-17,2.830e-4,4.416e-30,1.479e-17,,,,5.082e-18,1.777e-20,1.008e-17,,1.858e-26,,,,1.319e-21,2.502e-16,2.140e-18,3.286e-22,,,,,3.296e-1,,,,,,,,,2.547e-18,,,,,,,,,,,,,,
805.84,3.410e-1,2.431e-2,9.079e-12,2.452e-35,3.078e-17,,,1.108e-18,3.268e-19,,2.258e-15,2.607e-20,1.996e-28,3.888e-17,2.609e-4,4.410e-30,1.477e-17,,,,5.082e-18,1.704e-20,1.008e-17,,1.858e-26,,,,1.318e-21,2.502e-16,2.141e-18,2.583e-22,,,,,3.164e-1,,,,,,,,,2.547e-18,,,,,,,,,,,,,,
805.86,3.280e-1,2.432e-2,1.010e-11,1.964e-35,3.078e-17,,,1.108e-18,3.263e-19,,2.259e-15,2.606e-20,1.996e-28,3.889e-17,2.402e-4,4.405e-30,1.475e-17,,,,5.083e-18,1.633e-20,1.008e-17,,1.858e-26,,,,1.318e-21,2.502e-16,2.142e-18,2.028e-22,,,,,3.034e-1,,,,,,,,,2.547e-18,,,,,,,,,,,,,,
805.89,3.088e-1,2.429e-2,1.181e-11,1.405e-35,3.079e-17,,,1.108e-18,3.255e-19,,2.259e-15,2.604e-20,1.995e-28,3.891e-17,2.117e-4,4.396e-30,1.471e-17,,,,5.083e-18,1.527e-20,1.007e-17,,1.857e-26,,,,1.318e-21,2.502e-16,2.144e-18,1.408e-22,,,,,2.843e-1,,,,,,,,,2.548e-18,,,,,,,,,,,,,,
805.91,2.963e-1,2.423e-2,1.310e-11,1.122e-35,3.079e-17,,,1.108e-18,3.250e-19,,2.260e-15,2.602e-20,1.995e-28,3.892e-17,1.943e-4,4.390e-30,1.469e-17,,,,5.083e-18,1.458e-20,1.007e-17,,1.857e-26,,,,1.318e-21,2.503e-16,2.145e-18,1.102e-22,,,,,2.719e-1,,,,,,,,,2.548e-18,,,,,,,,,,,,,,
805.94,2.779e-1,2.409e-2,1.526e-11,7.992e-36,3.080e-17,,,1.108e-18,3.242e-19,,2.260e-15,2.600e-20,1.995e-28,3.894e-17,1.705e-4,4.381e-30,1.466e-17,,,,5.084e-18,1.358e-20,1.007e-17,,1.856e-26,,,,1.317e-21,2.503e-16,2.146e-18,7.616e-23,,,,,2.536e-1,,,,,,,,,2.548e-18,,,,,,,,,,,,,,
805.96,2.659e-1,2.397e-2,1.687e-11,6.364e-36,3.080e-17,,,1.108e-18,3.237e-19,,2.261e-15,2.599e-20,1.995e-28,3.895e-17,1.561e-4,4.376e-30,1.464e-17,,,,5.084e-18,1.293e-20,1.007e-17,,1.856e-26,,,,1.317e-21,2.503e-16,2.147e-18,5.944e-23,,,,,2.418e-1,,,,,,,,,2.549e-18,,,,,,,,,,,,,,
805.99,2.485e-1,2.373e-2,1.956e-11,4.512e-36,3.080e-17,,,1.108e-18,3.229e-19,,2.261e-15,2.597e-20,1.994e-28,3.897e-17,1.364e-4,4.367e-30,1.461e-17,,,,5.085e-18,1.199e-20,1.007e-17,,1.856e-26,,,,1.317e-21,2.503e-16,2.149e-18,4.090e-23,,,,,2.246e-1,,,,,,,,,2.549e-18,,,,,,,,,,,,,,
806.01,2.372e-1,2.353e-2,2.156e-11,3.583e-36,3.081e-17,,,1.108e-18,3.224e-19,,2.262e-15,2.595e-20,1.994e-28,3.898e-17,1.244e-4,4.361e-30,1.459e-17,,,,5.085e-18,1.138e-20,1.007e-17,,1.855e-26,,,,1.316e-21,2.504e-16,2.150e-18,3.183e-23,,,,,2.135e-1,,,,,,,,,2.549e-18,,,,,,,,,,,,,,
806.04,2.208e-1,2.319e-2,2.490e-11,2.529e-36,3.081e-17,,,1.108e-18,3.216e-19,,2.262e-15,2.593e-20,1.994e-28,3.900e-17,1.082e-4,4.352e-30,1.456e-17,,,,5.086e-18,1.050e-20,1.006e-17,,1.855e-26,,,,1.316e-21,2.504e-16,2.151e-18,2.180e-23,,,,,1.975e-1,,,,,,,,,2.549e-18,,,,,,,,,,,,,,
806.06,2.102e-1,2.293e-2,2.736e-11,2.002e-36,3.082e-17,,,1.108e-18,3.211e-19,,2.263e-15,2.592e-20,1.993e-28,3.901e-17,9.849e-5,4.347e-30,1.454e-17,,,,5.086e-18,9.944e-21,1.006e-17,,1.854e-26,,,,1.316e-21,2.504e-16,2.152e-18,1.691e-23,,,,,1.872e-1,,,,,,,,,2.550e-18,,,,,,,,,,,,,,
806.09,1.950e-1,2.250e-2,3.146e-11,1.407e-36,3.082e-17,,,1.108e-18,3.203e-19,,2.263e-15,2.590e-20,1.993e-28,3.903e-17,8.529e-5,4.338e-30,1.450e-17,,,,5.087e-18,9.138e-21,1.006e-17,,1.854e-26,,,,1.315e-21,2.504e-16,2.153e-18,1.153e-23,,,,,1.724e-1,,,,,,,,,2.550e-18,,,,,,,,,,,,,,
806.11,1.852e-1,2.219e-2,3.447e-11,1.110e-36,3.082e-17,,,1.108e-18,3.197e-19,,2.264e-15,2.588e-20,1.993e-28,3.904e-17,7.737e-5,4.332e-30,1.448e-17,,,,5.087e-18,8.624e-21,1.006e-17,,1.854e-26,,,,1.315e-21,2.505e-16,2.154e-18,8.923e-24,,,,,1.629e-1,,,,,,,,,2.550e-18,,,,,,,,,,,,,,
806.14,1.711e-1,2.167e-2,3.946e-11,7.768e-37,3.083e-17,,,1.108e-18,3.190e-19,,2.264e-15,2.586e-20,1.992e-28,3.906e-17,6.670e-5,4.323e-30,1.445e-17,,,,5.088e-18,7.890e-21,1.006e-17,,1.853e-26,,,,1.315e-21,2.505e-16,2.156e-18,6.058e-24,,,,,1.494e-1,,,,,,,,,2.551e-18,,,,,,,,,,,,,,
806.16,1.622e-1,2.131e-2,4.311e-11,6.112e-37,3.083e-17,,,1.108e-18,3.184e-19,,2.265e-15,2.585e-20,1.992e-28,3.907e-17,6.033e-5,4.317e-30,1.443e-17,,,,5.088e-18,7.425e-21,1.006e-17,,1.853e-26,,,,1.315e-21,2.505e-16,2.157e-18,4.672e-24,,,,,1.408e-1,,,,,,,,,2.551e-18,,,,,,,,,,,,,,
806.19,1.494e-1,2.072e-2,4.913e-11,4.257e-37,3.084e-17,,,1.107e-18,3.176e-19,,2.265e-15,2.583e-20,1.992e-28,3.909e-17,5.178e-5,4.309e-30,1.440e-17,,,,5.089e-18,6.763e-21,1.005e-17,,1.852e-26,,,,1.314e-21,2.505e-16,2.158e-18,3.158e-24,,,,,1.286e-1,,,,,,,,,2.551e-18,,,,,,,,,,,,,,
806.21,1.413e-1,2.031e-2,5.352e-11,3.340e-37,3.084e-17,,,1.107e-18,3.171e-19,,2.266e-15,2.581e-20,1.991e-28,3.910e-17,4.670e-5,4.303e-30,1.438e-17,,,,5.089e-18,6.345e-21,1.005e-17,,1.852e-26,,,,1.314e-21,2.506e-16,2.159e-18,2.429e-24,,,,,1.209e-1,,,,,,,,,2.552e-18,,,,,,,,,,,,,,
806.23,1.335e-1,1.989e-2,5.823e-11,2.617e-37,3.084e-17,,,1.107e-18,3.166e-19,,2.266e-15,2.580e-20,1.991e-28,3.911e-17,4.207e-5,4.297e-30,1.436e-17,,,,5.089e-18,5.946e-21,1.005e-17,,1.851e-26,,,,1.314e-21,2.506e-16,2.160e-18,1.865e-24,,,,,1.136e-1,,,,,,,,,2.552e-18,,,,,,,,,,,,,,
806.26,1.224e-1,1.923e-2,6.595e-11,1.812e-37,3.085e-17,,,1.107e-18,3.158e-19,,2.267e-15,2.578e-20,1.991e-28,3.913e-17,3.588e-5,4.288e-30,1.432e-17,,,,5.090e-18,5.382e-21,1.005e-17,,1.851e-26,,,,1.313e-21,2.506e-16,2.162e-18,1.253e-24,,,,,1.032e-1,,,,,,,,,2.552e-18,,,,,,,,,,,,,,
806.28,1.155e-1,1.877e-2,7.156e-11,1.415e-37,3.085e-17,,,1.107e-18,3.153e-19,,2.267e-15,2.576e-20,1.991e-28,3.914e-17,3.223e-5,4.283e-30,1.430e-17,,,,5.090e-18,5.029e-21,1.005e-17,,1.851e-26,,,,1.313e-21,2.506e-16,2.163e-18,9.596e-25,,,,,9.667e-2,,,,,,,,,2.552e-18,,,,,,,,,,,,,,
806.31,1.056e-1,1.807e-2,8.069e-11,9.754e-38,3.086e-17,,,1.107e-18,3.145e-19,,2.268e-15,2.574e-20,1.990e-28,3.916e-17,2.737e-5,4.274e-30,1.427e-17,,,,5.091e-18,4.532e-21,1.005e-17,,1.850e-26,,,,1.313e-21,2.507e-16,2.164e-18,6.417e-25,,,,,8.754e-2,,,,,,,,,2.553e-18,,,,,,,,,,,,,,
806.33,9.947e-2,1.758e-2,8.728e-11,7.598e-38,3.086e-17,,,1.107e-18,3.140e-19,,2.268e-15,2.573e-20,1.990e-28,3.917e-17,2.451e-5,4.268e-30,1.425e-17,,,,5.091e-18,4.222e-21,1.004e-17,,1.850e-26,,,,1.313e-21,2.507e-16,2.165e-18,4.899e-25,,,,,8.186e-2,,,,,,,,,2.553e-18,,,,,,,,,,,,,,
806.36,9.082e-2,1.685e-2,9.799e-11,5.212e-38,3.087e-17,,,1.107e-18,3.132e-19,,2.269e-15,2.571e-20,1.990e-28,3.919e-17,2.072e-5,4.259e-30,1.422e-17,,,,5.092e-18,3.788e-21,1.004e-17,,1.849e-26,,,,1.312e-21,2.507e-16,2.167e-18,3.262e-25,,,,,7.395e-2,,,,,,,,,2.553e-18,,,,,,,,,,,,,,
806.38,8.543e-2,1.636e-2,1.057e-10,4.048e-38,3.087e-17,,,1.107e-18,3.126e-19,,2.269e-15,2.569e-20,1.989e-28,3.920e-17,1.850e-5,4.254e-30,1.420e-17,,,,5.092e-18,3.519e-21,1.004e-17,,1.849e-26,,,,1.312e-21,2.508e-16,2.167e-18,2.483e-25,,,,,6.906e-2,,,,,,,,,2.554e-18,,,,,,,,,,,,,,
806.41,7.791e-2,1.561e-2,1.181e-10,2.765e-38,3.087e-17,,,1.107e-18,3.119e-19,,2.270e-15,2.567e-20,1.989e-28,3.922e-17,1.557e-5,4.245e-30,1.417e-17,,,,5.093e-18,3.143e-21,1.004e-17,,1.848e-26,,,,1.312e-21,2.508e-16,2.169e-18,1.646e-25,,,,,6.229e-2,,,,,,,,,2.554e-18,,,,,,,,,,,,,,
806.43,7.327e-2,1.510e-2,1.270e-10,2.141e-38,3.088e-17,,,1.107e-18,3.113e-19,,2.270e-15,2.566e-20,1.989e-28,3.923e-17,1.386e-5,4.239e-30,1.415e-17,,,,5.093e-18,2.911e-21,1.004e-17,,1.848e-26,,,,1.312e-21,2.508e-16,2.170e-18,1.249e-25,,,,,5.815e-2,,,,,,,,,2.554e-18,,,,,,,,,,,,,,
806.46,6.684e-2,1.435e-2,1.414e-10,1.456e-38,3.088e-17,,,1.107e-18,3.105e-19,,2.271e-15,2.564e-20,1.988e-28,3.925e-17,1.162e-5,4.230e-30,1.411e-17,,,,5.094e-18,2.589e-21,1.003e-17,,1.847e-26,,,,1.311e-21,2.508e-16,2.171e-18,8.243e-26,,,,,5.248e-2,,,,,,,,,2.555e-18,,,,,,,,,,,,,,
806.48,6.291e-2,1.385e-2,1.516e-10,1.124e-38,3.088e-17,,,1.107e-18,3.100e-19,,2.271e-15,2.562e-20,1.988e-28,3.926e-17,1.031e-5,4.225e-30,1.409e-17,,,,5.094e-18,2.391e-21,1.003e-17,,1.847e-26,,,,1.311e-21,2.509e-16,2.172e-18,6.238e-26,,,,,4.905e-2,,,,,,,,,2.555e-18,,,,,,,,,,,,,,
806.51,5.752e-2,1.310e-2,1.680e-10,7.608e-39,3.089e-17,,,1.107e-18,3.092e-19,,2.272e-15,2.560e-20,1.988e-28,3.928e-17,8.602e-6,4.216e-30,1.406e-17,,,,5.094e-18,2.117e-21,1.003e-17,,1.847e-26,,,,1.311e-21,2.509e-16,2.174e-18,4.098e-26,,,,,4.440e-2,,,,,,,,,2.555e-18,,,,,,,,,,,,,,
806.53,5.426e-2,1.261e-2,1.796e-10,5.856e-39,3.089e-17,,,1.107e-18,3.087e-19,,2.272e-15,2.559e-20,1.987e-28,3.929e-17,7.612e-6,4.210e-30,1.404e-17,,,,5.095e-18,1.949e-21,1.003e-17,,1.846e-26,,,,1.310e-21,2.509e-16,2.175e-18,3.092e-26,,,,,4.164e-2,,,,,,,,,2.555e-18,,,,,,,,,,,,,,
806.56,4.986e-2,1.188e-2,1.981e-10,3.946e-39,3.090e-17,,,1.107e-18,3.079e-19,,2.273e-15,2.557e-20,1.987e-28,3.931e-17,6.323e-6,4.201e-30,1.401e-17,,,,5.095e-18,1.718e-21,1.003e-17,,1.846e-26,,,,1.310e-21,2.509e-16,2.176e-18,2.022e-26,,,,,3.797e-2,,,,,,,,,2.556e-18,,,,,,,,,,,,,,
806.58,4.725e-2,1.141e-2,2.112e-10,3.029e-39,3.090e-17,,,1.107e-18,3.074e-19,,2.273e-15,2.555e-20,1.987e-28,3.932e-17,5.579e-6,4.195e-30,1.399e-17,,,,5.096e-18,1.577e-21,1.003e-17,,1.845e-26,,,,1.310e-21,2.510e-16,2.177e-18,1.521e-26,,,,,3.583e-2,,,,,,,,,2.556e-18,,,,,,,,,,,,,,
806.6,4.489e-2,1.094e-2,2.248e-10,2.322e-39,3.090e-17,,,1.107e-18,3.069e-19,,2.274e-15,2.554e-20,1.987e-28,3.934e-17,4.917e-6,4.190e-30,1.397e-17,,,,5.096e-18,1.446e-21,1.002e-17,,1.845e-26,,,,1.310e-21,2.510e-16,2.178e-18,1.143e-26,,,,,3.394e-2,,,,,,,,,2.556e-18,,,,,,,,,,,,,,
806.63,4.182e-2,1.025e-2,2.465e-10,1.555e-39,3.091e-17,,,1.106e-18,3.061e-19,,2.274e-15,2.552e-20,1.986e-28,3.935e-17,4.059e-6,4.181e-30,1.393e-17,,,,5.097e-18,1.267e-21,1.002e-17,,1.845e-26,,,,1.309e-21,2.510e-16,2.180e-18,7.429e-27,,,,,3.156e-2,,,,,,,,,2.557e-18,,,,,,,,,,,,,,
806.65,4.008e-2,9.806e-3,2.617e-10,1.188e-39,3.091e-17,,,1.106e-18,3.055e-19,,2.275e-15,2.550e-20,1.986e-28,3.937e-17,3.566e-6,4.175e-30,1.391e-17,,,,5.097e-18,1.158e-21,1.002e-17,,1.844e-26,,,,1.309e-21,2.510e-16,2.181e-18,5.566e-27,,,,,3.027e-2,,,,,,,,,2.557e-18,,,,,,,,,,,,,,
806.68,3.792e-2,9.157e-3,2.856e-10,7.923e-40,3.092e-17,,,1.106e-18,3.048e-19,,2.275e-15,2.548e-20,1.986e-28,3.938e-17,2.931e-6,4.166e-30,1.388e-17,,,,5.098e-18,1.010e-21,1.002e-17,,1.844e-26,,,,1.309e-21,2.511e-16,2.182e-18,3.580e-27,,,,,2.876e-2,,,,,,,,,2.557e-18,,,,,,,,,,,,,,
806.7,3.679e-2,8.739e-3,3.023e-10,6.038e-40,3.092e-17,,,1.106e-18,3.042e-19,,2.276e-15,2.547e-20,1.985e-28,3.940e-17,2.568e-6,4.161e-30,1.386e-17,,,,5.098e-18,9.205e-22,1.002e-17,,1.843e-26,,,,1.308e-21,2.511e-16,2.183e-18,2.674e-27,,,,,2.805e-2,,,,,,,,,2.558e-18,,,,,,,,,,,,,,
806.73,3.555e-2,8.134e-3,3.285e-10,4.008e-40,3.093e-17,,,1.106e-18,3.034e-19,,2.276e-15,4.024e-20,1.985e-28,3.942e-17,2.101e-6,4.152e-30,1.383e-17,,,,5.099e-18,7.993e-22,1.002e-17,,1.843e-26,,,,1.308e-21,2.511e-16,2.184e-18,1.723e-27,,,,,2.741e-2,,,,,,,,,2.558e-18,,,,,,,,,,,,,,
806.75,3.502e-2,7.747e-3,3.468e-10,3.045e-40,3.093e-17,,,1.106e-18,3.029e-19,,2.277e-15,5.451e-20,1.985e-28,3.943e-17,1.835e-6,4.146e-30,1.381e-17,,,,5.099e-18,7.264e-22,1.001e-17,,1.843e-26,,,,1.308e-21,2.511e-16,2.185e-18,1.283e-27,,,,,2.727e-2,,,,,,,,,2.558e-18,,,,,,,,,,,,,,
806.78,3.470e-2,7.191e-3,3.752e-10,2.012e-40,3.093e-17,,,1.106e-18,3.021e-19,,2.277e-15,8.576e-20,1.984e-28,3.945e-17,1.495e-6,4.137e-30,1.378e-17,,,,5.099e-18,6.280e-22,1.001e-17,,1.842e-26,,,,1.307e-21,2.512e-16,2.187e-18,8.231e-28,,,,,2.751e-2,,,,,,,,,2.558e-18,,,,,,,,,,,,,,
806.8,3.479e-2,6.838e-3,3.948e-10,1.524e-40,3.094e-17,,,1.106e-18,3.016e-19,,2.278e-15,1.158e-19,1.984e-28,3.946e-17,1.302e-6,4.132e-30,1.376e-17,,,,5.100e-18,5.690e-22,1.001e-17,,1.842e-26,,,,1.307e-21,2.512e-16,2.188e-18,6.113e-28,,,,,2.795e-2,,,,,,,,,2.559e-18,,,,,,,,,,,,,,
806.83,3.541e-2,6.334e-3,4.253e-10,1.003e-40,3.094e-17,,,1.106e-18,3.008e-19,,2.278e-15,1.814e-19,1.984e-28,3.948e-17,1.056e-6,4.123e-30,1.372e-17,,,,5.100e-18,4.897e-22,1.001e-17,,1.841e-26,,,,1.307e-21,2.512e-16,2.189e-18,3.903e-28,,,,,2.908e-2,,,,,,,,,2.559e-18,,,,,,,,,,,,,,
806.85,3.615e-2,6.017e-3,4.462e-10,7.573e-41,3.095e-17,,,1.106e-18,3.003e-19,,2.279e-15,2.443e-19,1.983e-28,3.949e-17,9.168e-7,4.117e-30,1.370e-17,,,,5.101e-18,4.425e-22,1.001e-17,,1.841e-26,,,,1.307e-21,2.513e-16,2.190e-18,2.890e-28,,,,,3.014e-2,,,,,,,,,2.559e-18,,,,,,,,,,,,,,
806.88,3.777e-2,5.568e-3,4.786e-10,4.960e-41,3.095e-17,,,1.106e-18,2.995e-19,,2.279e-15,3.810e-19,1.983e-28,3.951e-17,7.402e-7,4.108e-30,1.367e-17,,,,5.101e-18,3.791e-22,1.001e-17,,1.840e-26,,,,1.306e-21,2.513e-16,2.192e-18,1.837e-28,,,,,3.220e-2,,,,,,,,,2.560e-18,,,,,,,,,,,,,,
806.9,3.919e-2,5.287e-3,5.007e-10,3.735e-41,3.095e-17,,,1.106e-18,2.990e-19,,2.280e-15,5.117e-19,1.983e-28,3.952e-17,6.409e-7,4.102e-30,1.365e-17,,,,5.102e-18,3.415e-22,1.000e-17,,1.840e-26,,,,1.306e-21,2.513e-16,2.193e-18,1.356e-28,,,,,3.390e-2,,,,,,,,,2.560e-18,,,,,,,,,,,,,,
806.93,4.186e-2,4.894e-3,5.346e-10,2.435e-41,3.096e-17,,,1.106e-18,2.982e-19,,2.280e-15,7.945e-19,1.982e-28,3.954e-17,5.152e-7,4.094e-30,1.362e-17,,,,5.102e-18,2.913e-22,1.000e-17,,1.839e-26,,,,1.306e-21,2.513e-16,2.194e-18,8.583e-29,,,,,3.696e-2,,,,,,,,,2.560e-18,,,,,,,,,,,,,,
806.95,4.401e-2,4.651e-3,5.576e-10,1.828e-41,3.096e-17,,,1.106e-18,2.977e-19,,2.281e-15,1.064e-18,1.982e-28,3.955e-17,4.447e-7,4.088e-30,1.360e-17,,,,5.103e-18,2.617e-22,1.000e-17,,1.839e-26,,,,1.305e-21,2.514e-16,2.195e-18,6.317e-29,,,,,3.936e-2,,,,,,,,,2.561e-18,,,,,,,,,,,,,,
806.97,4.647e-2,4.422e-3,5.810e-10,1.371e-41,3.097e-17,,,1.106e-18,2.971e-19,,2.281e-15,1.423e-18,1.982e-28,3.956e-17,3.834e-7,4.082e-30,1.358e-17,,,,5.103e-18,2.347e-22,9.999e-18,,1.839e-26,,,,1.305e-21,2.514e-16,2.196e-18,4.644e-29,,,,,4.204e-2,,,,,,,,,2.561e-18,,,,,,,,,,,,,,
807,5.076e-2,4.107e-3,6.166e-10,8.883e-42,3.097e-17,,,1.106e-18,2.963e-19,,2.282e-15,2.196e-18,1.982e-28,3.958e-17,3.063e-7,4.073e-30,1.354e-17,,,,5.103e-18,1.990e-22,9.997e-18,,1.838e-26,,,,1.305e-21,2.514e-16,2.197e-18,4.705e-29,,,,,4.665e-2,,,,,,,,,2.561e-18,,,,,,,,,,,,,,
807.02,5.404e-2,3.916e-3,6.405e-10,6.642e-42,3.097e-17,,,1.106e-18,2.958e-19,,2.282e-15,2.928e-18,1.981e-28,3.959e-17,2.633e-7,4.068e-30,1.352e-17,,,,5.104e-18,1.780e-22,9.995e-18,,1.838e-26,,,,1.305e-21,2.514e-16,2.198e-18,4.745e-29,,,,,5.012e-2,,,,,,,,,2.561e-18,,,,,,,,,,,,,,
807.05,5.961e-2,3.656e-3,6.767e-10,4.284e-42,3.098e-17,,,1.105e-18,2.950e-19,,2.283e-15,4.499e-18,1.981e-28,3.961e-17,2.094e-7,4.059e-30,1.349e-17,,,,5.104e-18,1.502e-22,9.993e-18,,1.837e-26,,,,1.304e-21,2.515e-16,2.200e-18,4.806e-29,,,,,5.596e-2,,,,,,,,,2.562e-18,,,,,,,,,,,,,,
807.07,6.379e-2,3.501e-3,7.010e-10,3.194e-42,3.098e-17,,,1.105e-18,2.945e-19,,2.283e-15,5.983e-18,1.981e-28,3.962e-17,1.795e-7,4.053e-30,1.347e-17,,,,5.105e-18,1.340e-22,9.992e-18,,1.837e-26,,,,1.304e-21,2.515e-16,2.201e-18,4.846e-29,,,,,6.029e-2,,,,,,,,,2.562e-18,,,,,,,,,,,,,,
807.1,7.078e-2,3.295e-3,7.373e-10,2.051e-42,3.099e-17,,,1.105e-18,2.937e-19,,2.284e-15,9.153e-18,1.980e-28,3.964e-17,1.421e-7,4.044e-30,1.344e-17,,,,5.105e-18,1.126e-22,9.990e-18,,1.837e-26,,,,1.304e-21,2.515e-16,2.202e-18,4.907e-29,,,,,6.748e-2,,,,,,,,,2.562e-18,,,,,,,,,,,,,,
807.12,7.593e-2,3.175e-3,7.615e-10,1.524e-42,3.099e-17,,,1.105e-18,2.932e-19,,2.284e-15,1.214e-17,1.980e-28,3.965e-17,1.215e-7,4.039e-30,1.342e-17,,,,5.106e-18,1.001e-22,9.988e-18,,1.836e-26,,,,1.304e-21,2.515e-16,2.203e-18,4.947e-29,,,,,7.276e-2,,,,,,,,,2.563e-18,,,,,,,,,,,,,,
807.15,8.446e-2,3.020e-3,7.975e-10,9.746e-43,3.099e-17,,,1.105e-18,2.924e-19,,2.285e-15,1.849e-17,1.980e-28,3.967e-17,9.575e-8,4.030e-30,1.339e-17,,,,5.106e-18,8.377e-23,9.986e-18,,1.836e-26,,,,1.303e-21,2.516e-16,2.205e-18,5.008e-29,,,,,8.144e-2,,,,,,,,,2.563e-18,,,,,,,,,,,,,,
807.17,9.069e-2,2.934e-3,8.212e-10,7.222e-43,3.100e-17,,,1.105e-18,2.919e-19,,2.285e-15,2.444e-17,1.979e-28,3.968e-17,8.159e-8,4.024e-30,1.337e-17,,,,5.107e-18,7.427e-23,9.985e-18,,1.835e-26,,,,1.303e-21,2.516e-16,2.206e-18,5.049e-29,,,,,8.776e-2,,,,,,,,,2.563e-18,,,,,,,,,,,,,,
807.2,1.009e-1,2.829e-3,8.563e-10,4.597e-43,3.100e-17,,,1.105e-18,2.911e-19,,2.286e-15,3.707e-17,1.979e-28,3.970e-17,6.403e-8,4.015e-30,1.333e-17,,,,5.107e-18,6.186e-23,9.983e-18,,1.835e-26,,,,1.303e-21,2.516e-16,2.207e-18,5.109e-29,,,,,9.807e-2,,,,,,,,,2.564e-18,,,,,,,,,,,,,,
807.22,1.083e-1,2.775e-3,8.792e-10,3.396e-43,3.101e-17,,,1.105e-18,2.906e-19,,2.286e-15,4.886e-17,1.979e-28,3.971e-17,5.440e-8,4.010e-30,1.331e-17,,,,5.108e-18,5.469e-23,9.981e-18,,1.834e-26,,,,1.302e-21,2.516e-16,2.208e-18,5.150e-29,,,,,1.055e-1,,,,,,,,,2.564e-18,,,,,,,,,,,,,,
807.25,1.203e-1,2.717e-3,9.127e-10,2.152e-43,3.101e-17,,,1.105e-18,2.898e-19,,2.287e-15,7.378e-17,1.978e-28,3.973e-17,4.250e-8,4.001e-30,1.328e-17,,,,5.108e-18,4.536e-23,9.979e-18,,1.834e-26,,,,1.302e-21,2.517e-16,2.209e-18,5.211e-29,,,,,1.176e-1,,,,,,,,,2.564e-18,,,,,,,,,,,,,,
807.27,1.290e-1,2.694e-3,9.343e-10,1.585e-43,3.101e-17,,,1.105e-18,2.892e-19,,2.287e-15,9.697e-17,1.978e-28,3.974e-17,3.600e-8,3.995e-30,1.326e-17,,,,5.108e-18,3.998e-23,9.978e-18,,1.834e-26,,,,1.302e-21,2.517e-16,2.210e-18,5.251e-29,,,,,1.263e-1,,,,,,,,,2.564e-18,,,,,,,,,,,,,,
807.3,1.430e-1,2.681e-3,9.657e-10,1.000e-43,3.102e-17,,,1.105e-18,2.885e-19,,2.288e-15,1.458e-16,1.978e-28,3.976e-17,2.801e-8,3.986e-30,1.323e-17,,,,5.109e-18,3.302e-23,9.976e-18,,1.833e-26,,,,1.301e-21,2.517e-16,2.212e-18,5.312e-29,,,,,1.403e-1,,,,,,,,,2.565e-18,,,,,,,,,,,,,,
807.32,1.530e-1,2.686e-3,9.857e-10,1.026e-43,3.102e-17,,,1.105e-18,2.879e-19,,2.288e-15,1.911e-16,1.978e-28,3.977e-17,2.365e-8,3.980e-30,1.321e-17,,,,5.109e-18,2.903e-23,9.974e-18,,1.833e-26,,,,1.301e-21,2.518e-16,2.213e-18,5.352e-29,,,,,1.503e-1,,,,,,,,,2.565e-18,,,,,,,,,,,,,,
807.35,1.691e-1,2.714e-3,1.014e-9,1.065e-43,3.103e-17,,,1.105e-18,2.871e-19,,2.289e-15,2.860e-16,1.977e-28,3.979e-17,1.832e-8,3.972e-30,1.318e-17,,,,5.110e-18,2.388e-23,9.972e-18,,1.832e-26,,,,1.301e-21,2.518e-16,2.214e-18,5.413e-29,,,,,1.664e-1,,,,,,,,,2.565e-18,,,,,,,,,,,,,,
807.37,1.806e-1,2.746e-3,1.032e-9,1.090e-43,3.103e-17,,,1.105e-18,2.866e-19,,2.289e-15,3.738e-16,1.977e-28,3.980e-17,1.543e-8,3.966e-30,1.315e-17,,,,5.110e-18,2.094e-23,9.971e-18,,1.832e-26,,,,1.301e-21,2.518e-16,2.215e-18,5.454e-29,,,,,1.778e-1,,,,,,,,,2.566e-18,,,,,,,,,,,,,,
807.39,1.926e-1,2.788e-3,1.049e-9,1.116e-43,3.103e-17,,,1.105e-18,2.861e-19,,2.290e-15,4.878e-16,1.977e-28,3.981e-17,1.297e-8,3.960e-30,1.313e-17,,,,5.111e-18,1.835e-23,9.969e-18,,1.832e-26,,,,1.300e-21,2.518e-16,2.216e-18,5.494e-29,,,,,1.898e-1,,,,,,,,,2.566e-18,,,,,,,,,,,,,,
807.42,2.118e-1,2.869e-3,1.073e-9,1.155e-43,3.104e-17,,,1.105e-18,2.853e-19,,2.290e-15,7.259e-16,1.976e-28,3.983e-17,9.985e-9,3.951e-30,1.310e-17,,,,5.111e-18,1.503e-23,9.967e-18,,1.831e-26,,,,1.300e-21,2.519e-16,2.218e-18,5.555e-29,,,,,2.090e-1,,,,,,,,,2.566e-18,,,,,,,,,,,,,,
807.44,2.254e-1,2.935e-3,1.088e-9,1.181e-43,3.104e-17,,,1.105e-18,2.848e-19,,2.291e-15,9.447e-16,1.976e-28,3.984e-17,8.374e-9,3.946e-30,1.308e-17,,,,5.112e-18,1.315e-23,9.966e-18,,1.831e-26,,,,1.300e-21,2.519e-16,2.219e-18,5.595e-29,,,,,2.225e-1,,,,,,,,,2.567e-18,,,,,,,,,,,,,,
807.47,2.469e-1,3.051e-3,1.108e-9,1.219e-43,3.105e-17,,,1.105e-18,2.840e-19,,2.291e-15,1.399e-15,1.976e-28,3.986e-17,6.416e-9,3.937e-30,1.305e-17,,,,5.112e-18,1.075e-23,9.964e-18,,1.830e-26,,,,1.299e-21,2.519e-16,2.220e-18,5.656e-29,,,,,2.439e-1,,,,,,,,,2.567e-18,,,,,,,,,,,,,,
807.49,2.621e-1,3.138e-3,1.119e-9,1.245e-43,3.105e-17,,,1.104e-18,2.835e-19,,2.292e-15,1.816e-15,1.976e-28,3.987e-17,5.365e-9,3.931e-30,1.303e-17,,,,5.113e-18,9.406e-24,9.962e-18,,1.830e-26,,,,1.299e-21,2.519e-16,2.221e-18,5.696e-29,,,,,2.589e-1,,,,,,,,,2.567e-18,,,,,,,,,,,,,,
807.52,2.859e-1,3.284e-3,1.135e-9,1.284e-43,3.105e-17,,,1.104e-18,2.827e-19,,2.292e-15,2.679e-15,1.975e-28,3.989e-17,4.092e-9,3.922e-30,1.300e-17,,,,5.113e-18,7.707e-24,9.960e-18,,1.829e-26,,,,1.299e-21,2.520e-16,2.223e-18,5.757e-29,,,,,2.826e-1,,,,,,,,,2.567e-18,,,,,,,,,,,,,,
807.54,3.026e-1,3.391e-3,1.143e-9,1.309e-43,3.106e-17,,,1.104e-18,2.821e-19,,2.293e-15,3.466e-15,1.975e-28,3.990e-17,3.412e-9,3.917e-30,1.298e-17,,,,5.113e-18,6.763e-24,9.959e-18,,1.829e-26,,,,1.299e-21,2.520e-16,2.223e-18,5.798e-29,,,,,2.992e-1,,,,,,,,,2.568e-18,,,,,,,,,,,,,,
807.57,3.288e-1,3.564e-3,1.154e-9,1.348e-43,3.106e-17,,,1.104e-18,2.814e-19,,2.293e-15,5.090e-15,1.975e-28,3.992e-17,2.591e-9,3.908e-30,1.294e-17,,,,5.114e-18,5.590e-24,9.957e-18,,1.828e-26,,,,1.298e-21,2.520e-16,2.225e-18,5.858e-29,,,,,3.253e-1,,,,,,,,,2.568e-18,,,,,,,,,,,,,,
807.59,3.471e-1,3.688e-3,1.159e-9,1.374e-43,3.107e-17,,,1.104e-18,2.808e-19,,2.294e-15,6.567e-15,1.974e-28,3.993e-17,2.154e-9,3.902e-30,1.292e-17,,,,5.114e-18,4.951e-24,9.955e-18,,1.828e-26,,,,1.298e-21,2.520e-16,2.226e-18,5.899e-29,,,,,3.434e-1,,,,,,,,,2.568e-18,,,,,,,,,,,,,,
807.62,3.756e-1,3.884e-3,1.165e-9,1.413e-43,3.107e-17,,,1.104e-18,2.800e-19,,2.294e-15,9.602e-15,1.974e-28,3.995e-17,1.628e-9,3.893e-30,1.289e-17,,,,5.115e-18,4.181e-24,9.953e-18,,1.828e-26,,,,1.298e-21,2.521e-16,2.227e-18,5.960e-29,,,,,3.717e-1,,,,,,,,,2.569e-18,,,,,,,,,,,,,,
807.64,3.953e-1,4.022e-3,1.167e-9,1.438e-43,3.107e-17,,,1.104e-18,2.795e-19,,2.295e-15,1.235e-14,1.974e-28,3.996e-17,1.350e-9,3.887e-30,1.287e-17,,,,5.115e-18,3.779e-24,9.952e-18,,1.827e-26,,,,1.297e-21,2.521e-16,2.228e-18,6.000e-29,,,,,3.913e-1,,,,,,,,,2.569e-18,,,,,,,,,,,,,,
807.67,4.259e-1,4.238e-3,1.168e-9,1.477e-43,3.108e-17,,,1.104e-18,2.787e-19,,2.295e-15,1.798e-14,1.973e-28,3.998e-17,1.016e-9,3.879e-30,1.284e-17,,,,5.116e-18,3.328e-24,9.950e-18,,1.827e-26,,,,1.297e-21,2.521e-16,2.230e-18,6.061e-29,,,,,4.217e-1,,,,,,,,,2.569e-18,,,,,,,,,,,,,,
807.69,4.470e-1,4.387e-3,1.166e-9,1.503e-43,3.108e-17,,,1.104e-18,2.782e-19,,2.296e-15,2.307e-14,1.973e-28,3.999e-17,8.395e-10,3.873e-30,1.282e-17,,,,5.116e-18,3.119e-24,9.948e-18,,1.826e-26,,,,1.297e-21,2.521e-16,2.231e-18,6.101e-29,,,,,4.426e-1,,,,,,,,,2.570e-18,,,,,,,,,,,,,,
807.72,4.796e-1,4.618e-3,1.162e-9,1.541e-43,3.109e-17,,,1.104e-18,2.774e-19,,2.296e-15,3.344e-14,1.973e-28,4.001e-17,6.291e-10,3.864e-30,1.279e-17,,,,5.117e-18,2.935e-24,9.946e-18,,1.826e-26,,,,1.297e-21,2.522e-16,2.232e-18,6.162e-29,,,,,4.750e-1,,,,,,,,,2.570e-18,,,,,,,,,,,,,,
807.74,5.019e-1,4.776e-3,1.157e-9,1.567e-43,3.109e-17,,,1.104e-18,2.769e-19,,2.297e-15,4.277e-14,1.972e-28,4.002e-17,5.183e-10,3.858e-30,1.277e-17,,,,5.117e-18,2.895e-24,9.945e-18,,1.826e-26,,,,1.296e-21,2.522e-16,2.233e-18,6.202e-29,,,,,4.972e-1,,,,,,,,,2.570e-18,,,,,,,,,,,,,,
807.76,5.247e-1,4.936e-3,1.151e-9,1.593e-43,3.109e-17,,,1.104e-18,2.764e-19,,2.297e-15,5.463e-14,1.972e-28,4.004e-17,4.265e-10,3.853e-30,1.274e-17,,,,5.117e-18,2.920e-24,9.943e-18,,1.825e-26,,,,1.296e-21,2.522e-16,2.234e-18,6.243e-29,,,,,5.198e-1,,,,,,,,,2.570e-18,,,,,,,,,,,,,,
807.79,5.596e-1,5.180e-3,1.139e-9,1.632e-43,3.110e-17,,,1.104e-18,2.756e-19,,2.298e-15,7.871e-14,1.972e-28,4.005e-17,3.177e-10,3.844e-30,1.271e-17,,,,5.118e-18,3.081e-24,9.941e-18,,1.825e-26,,,,1.296e-21,2.523e-16,2.236e-18,6.304e-29,,,,,5.544e-1,,,,,,,,,2.571e-18,,,,,,,,,,,,,,
807.81,5.833e-1,5.345e-3,1.130e-9,1.657e-43,3.110e-17,,,1.104e-18,2.750e-19,,2.298e-15,1.003e-13,1.972e-28,4.007e-17,2.606e-10,3.838e-30,1.269e-17,,,,5.118e-18,3.272e-24,9.940e-18,,1.824e-26,,,,1.296e-21,2.523e-16,2.237e-18,6.344e-29,,,,,5.780e-1,,,,,,,,,2.571e-18,,,,,,,,,,,,,,
807.84,6.195e-1,5.593e-3,1.114e-9,1.696e-43,3.111e-17,,,1.104e-18,2.743e-19,,2.299e-15,1.438e-13,1.971e-28,4.008e-17,1.933e-10,3.829e-30,1.266e-17,,,,5.119e-18,3.694e-24,9.938e-18,,1.824e-26,,,,1.295e-21,2.523e-16,2.238e-18,6.405e-29,,,,,6.139e-1,,,,,,,,,2.571e-18,,,,,,,,,,,,,,
807.86,6.439e-1,5.759e-3,1.101e-9,1.722e-43,3.111e-17,,,1.104e-18,2.737e-19,,2.299e-15,1.827e-13,1.971e-28,4.010e-17,1.581e-10,3.824e-30,1.264e-17,,,,5.119e-18,4.073e-24,9.936e-18,,1.823e-26,,,,1.295e-21,2.523e-16,2.239e-18,6.445e-29,,,,,6.381e-1,,,,,,,,,2.572e-18,,,,,,,,,,,,,,
807.89,6.808e-1,6.006e-3,1.081e-9,1.761e-43,3.112e-17,,,1.104e-18,2.729e-19,,2.300e-15,2.609e-13,1.971e-28,4.011e-17,1.167e-10,3.815e-30,1.261e-17,,,,5.120e-18,4.801e-24,9.934e-18,,1.823e-26,,,,1.295e-21,2.524e-16,2.240e-18,6.506e-29,,,,,6.748e-1,,,,,,,,,2.572e-18,,,,,,,,,,,,,,
807.91,7.056e-1,6.169e-3,1.066e-9,1.786e-43,3.112e-17,,,1.104e-18,2.724e-19,,2.300e-15,3.304e-13,1.970e-28,4.013e-17,9.520e-11,3.809e-30,1.259e-17,,,,5.120e-18,5.405e-24,9.933e-18,,1.823e-26,,,,1.294e-21,2.524e-16,2.241e-18,6.547e-29,,,,,6.994e-1,,,,,,,,,2.572e-18,,,,,,,,,,,,,,
807.94,7.429e-1,6.410e-3,1.041e-9,1.825e-43,3.112e-17,,,1.103e-18,2.716e-19,,2.301e-15,4.699e-13,1.970e-28,4.014e-17,6.997e-11,3.800e-30,1.255e-17,,,,5.121e-18,6.515e-24,9.931e-18,,1.822e-26,,,,1.294e-21,2.524e-16,2.243e-18,6.607e-29,,,,,7.365e-1,,,,,,,,,2.573e-18,,,,,,,,,,,,,,
807.96,7.678e-1,6.568e-3,1.023e-9,1.851e-43,3.113e-17,,,1.103e-18,2.711e-19,,2.301e-15,5.933e-13,1.970e-28,4.016e-17,5.690e-11,3.795e-30,1.253e-17,,,,5.121e-18,7.407e-24,9.929e-18,,1.822e-26,,,,1.294e-21,2.524e-16,2.244e-18,6.648e-29,,,,,7.612e-1,,,,,,,,,2.573e-18,,,,,,,,,,,,,,
807.99,8.049e-1,6.798e-3,9.954e-10,1.889e-43,3.113e-17,,,1.103e-18,2.703e-19,,2.302e-15,8.401e-13,1.969e-28,4.017e-17,4.163e-11,3.786e-30,1.250e-17,,,,5.122e-18,9.011e-24,9.927e-18,,1.821e-26,,,,1.293e-21,2.525e-16,2.245e-18,6.708e-29,,,,,7.981e-1,,,,,,,,,2.573e-18,,,,,,,,,,,,,,
808.01,8.294e-1,6.947e-3,9.758e-10,1.915e-43,3.113e-17,,,1.103e-18,2.698e-19,,2.302e-15,1.058e-12,1.969e-28,4.019e-17,3.376e-11,3.780e-30,1.248e-17,,,,5.122e-18,1.028e-23,9.926e-18,,1.821e-26,,,,1.293e-21,2.525e-16,2.246e-18,6.749e-29,,,,,8.225e-1,,,,,,,,,2.573e-18,,,,,,,,,,,,,,
808.04,8.658e-1,7.161e-3,9.450e-10,1.954e-43,3.114e-17,,,1.103e-18,2.690e-19,,2.303e-15,1.491e-12,1.969e-28,4.020e-17,2.459e-11,3.771e-30,1.245e-17,,,,5.123e-18,1.253e-23,9.924e-18,,1.820e-26,,,,1.293e-21,2.525e-16,2.248e-18,6.810e-29,,,,,8.586e-1,,,,,,,,,2.574e-18,,,,,,,,,,,,,,
808.06,8.896e-1,7.298e-3,9.236e-10,1.980e-43,3.114e-17,,,1.103e-18,2.685e-19,,2.303e-15,1.872e-12,1.968e-28,4.022e-17,1.988e-11,3.765e-30,1.243e-17,,,,5.123e-18,1.430e-23,9.922e-18,,1.820e-26,,,,1.293e-21,2.525e-16,2.249e-18,6.850e-29,,,,,8.823e-1,,,,,,,,,2.574e-18,,,,,,,,,,,,,,
808.09,9.246e-1,7.492e-3,8.905e-10,2.018e-43,3.115e-17,,,1.103e-18,2.677e-19,,2.304e-15,2.628e-12,1.968e-28,4.023e-17,1.442e-11,3.757e-30,1.240e-17,,,,5.124e-18,1.741e-23,9.920e-18,,1.820e-26,,,,1.292e-21,2.526e-16,2.250e-18,6.911e-29,,,,,9.171e-1,,,,,,,,,2.574e-18,,,,,,,,,,,,,,
808.11,9.474e-1,7.613e-3,8.678e-10,2.044e-43,3.115e-17,,,1.103e-18,2.672e-19,,2.304e-15,3.289e-12,1.968e-28,4.025e-17,1.162e-11,3.751e-30,1.238e-17,,,,5.124e-18,1.984e-23,9.919e-18,,1.819e-26,,,,1.292e-21,2.526e-16,2.251e-18,6.951e-29,,,,,9.397e-1,,,,,,,,,2.575e-18,,,,,,,,,,,,,,
808.13,9.695e-1,7.728e-3,8.447e-10,2.070e-43,3.115e-17,,,1.103e-18,2.666e-19,,2.305e-15,4.113e-12,1.968e-28,4.026e-17,9.357e-12,3.745e-30,1.235e-17,,,,5.124e-18,2.259e-23,9.917e-18,,1.819e-26,,,,1.292e-21,2.526e-16,2.252e-18,6.992e-29,,,,,9.618e-1,,,,,,,,,2.575e-18,,,,,,,,,,,,,,
808.16,1.002e+0,7.887e-3,8.094e-10,2.109e-43,3.116e-17,,,1.103e-18,2.658e-19,,2.305e-15,5.737e-12,1.967e-28,4.028e-17,6.744e-12,3.736e-30,1.232e-17,,,,5.125e-18,2.738e-23,9.915e-18,,1.818e-26,,,,1.291e-21,2.526e-16,2.253e-18,7.053e-29,,,,,9.937e-1,,,,,,,,,2.575e-18,,,,,,,,,,,,,,
808.18,1.022e+0,7.983e-3,7.856e-10,2.134e-43,3.116e-17,,,1.103e-18,2.653e-19,,2.306e-15,7.153e-12,1.967e-28,4.029e-17,5.413e-12,3.731e-30,1.230e-17,,,,5.125e-18,3.110e-23,9.914e-18,,1.818e-26,,,,1.291e-21,2.527e-16,2.254e-18,7.093e-29,,,,,1.014e+0,,,,,,,,,2.576e-18,,,,,,,,,,,,,,
808.21,1.051e+0,8.112e-3,7.494e-10,2.173e-43,3.117e-17,,,1.103e-18,2.645e-19,,2.306e-15,9.936e-12,1.967e-28,4.031e-17,3.885e-12,3.722e-30,1.227e-17,,,,5.126e-18,3.756e-23,9.912e-18,,1.817e-26,,,,1.291e-21,2.527e-16,2.256e-18,7.154e-29,,,,,1.043e+0,,,,,,,,,2.576e-18,,,,,,,,,,,,,,
808.23,1.070e+0,8.187e-3,7.252e-10,2.199e-43,3.117e-17,,,1.103e-18,2.640e-19,,2.307e-15,1.235e-11,1.966e-28,4.032e-17,3.109e-12,3.716e-30,1.225e-17,,,,5.126e-18,4.254e-23,9.910e-18,,1.817e-26,,,,1.291e-21,2.527e-16,2.257e-18,7.194e-29,,,,,1.062e+0,,,,,,,,,2.576e-18,,,,,,,,,,,,,,
808.26,1.096e+0,8.284e-3,6.888e-10,2.238e-43,3.118e-17,,,1.103e-18,2.632e-19,,2.307e-15,1.708e-11,1.966e-28,4.034e-17,2.221e-12,3.707e-30,1.222e-17,,,,5.127e-18,5.116e-23,9.908e-18,,1.817e-26,,,,1.290e-21,2.528e-16,2.258e-18,7.255e-29,,,,,1.088e+0,,,,,,,,,2.576e-18,,,,,,,,,,,,,,
808.28,1.112e+0,8.337e-3,6.646e-10,2.263e-43,3.118e-17,,,1.103e-18,2.627e-19,,2.308e-15,2.117e-11,1.966e-28,4.035e-17,1.772e-12,3.702e-30,1.220e-17,,,,5.127e-18,5.778e-23,9.907e-18,,1.816e-26,,,,1.290e-21,2.528e-16,2.259e-18,7.295e-29,,,,,1.104e+0,,,,,,,,,2.577e-18,,,,,,,,,,,,,,
808.31,1.134e+0,8.398e-3,6.285e-10,2.302e-43,3.118e-17,,,1.103e-18,2.619e-19,,2.309e-15,2.915e-11,1.965e-28,4.037e-17,1.261e-12,3.693e-30,1.216e-17,,,,5.128e-18,6.921e-23,9.905e-18,,1.816e-26,,,,1.290e-21,2.528e-16,2.261e-18,7.356e-29,,,,,1.126e+0,,,,,,,,,2.577e-18,,,,,,,,,,,,,,
808.33,1.147e+0,8.427e-3,6.047e-10,2.328e-43,3.119e-17,,,1.103e-18,2.614e-19,,2.309e-15,3.603e-11,1.965e-28,4.038e-17,1.003e-12,3.687e-30,1.214e-17,,,,5.128e-18,7.794e-23,9.903e-18,,1.815e-26,,,,1.289e-21,2.528e-16,2.262e-18,7.397e-29,,,,,1.139e+0,,,,,,,,,2.577e-18,,,,,,,,,,,,,,
808.36,1.165e+0,8.453e-3,5.693e-10,2.366e-43,3.119e-17,,,1.102e-18,2.606e-19,,2.310e-15,4.940e-11,1.965e-28,4.040e-17,7.102e-13,3.678e-30,1.211e-17,,,,5.129e-18,9.294e-23,9.901e-18,,1.815e-26,,,,1.289e-21,2.529e-16,2.263e-18,7.457e-29,,,,,1.157e+0,,,,,,,,,2.578e-18,,,,,,,,,,,,,,
808.38,1.175e+0,8.457e-3,5.461e-10,2.392e-43,3.120e-17,,,1.102e-18,2.601e-19,,2.310e-15,6.088e-11,1.964e-28,4.041e-17,5.634e-13,3.673e-30,1.209e-17,,,,5.129e-18,1.044e-22,9.900e-18,,1.815e-26,,,,1.289e-21,2.529e-16,2.264e-18,7.498e-29,,,,,1.167e+0,,,,,,,,,2.578e-18,,,,,,,,,,,,,,
808.41,1.188e+0,8.446e-3,5.119e-10,2.431e-43,3.120e-17,,,1.102e-18,2.593e-19,,2.311e-15,8.310e-11,1.964e-28,4.043e-17,3.972e-13,3.664e-30,1.206e-17,,,,5.129e-18,1.239e-22,9.898e-18,,1.814e-26,,,,1.289e-21,2.529e-16,2.265e-18,7.559e-29,,,,,1.180e+0,,,,,,,,,2.578e-18,,,,,,,,,,,,,,
808.43,1.195e+0,8.426e-3,4.896e-10,2.457e-43,3.120e-17,,,1.102e-18,2.587e-19,,2.311e-15,1.021e-10,1.964e-28,4.044e-17,3.141e-13,3.658e-30,1.204e-17,,,,5.130e-18,1.387e-22,9.896e-18,,1.814e-26,,,,1.288e-21,2.529e-16,2.266e-18,7.599e-29,,,,,1.187e+0,,,,,,,,,2.579e-18,,,,,,,,,,,,,,
808.46,1.203e+0,8.377e-3,4.569e-10,2.495e-43,3.121e-17,,,1.102e-18,2.580e-19,,2.312e-15,1.388e-10,1.963e-28,4.046e-17,2.205e-13,3.649e-30,1.201e-17,,,,5.130e-18,1.640e-22,9.894e-18,,1.813e-26,,,,1.288e-21,2.530e-16,2.268e-18,7.660e-29,,,,,1.195e+0,,,,,,,,,2.579e-18,,,,,,,,,,,,,,
808.48,1.207e+0,8.333e-3,4.357e-10,2.521e-43,3.121e-17,,,1.102e-18,2.574e-19,,2.312e-15,1.700e-10,1.963e-28,4.047e-17,1.739e-13,3.643e-30,1.199e-17,,,,5.131e-18,1.831e-22,9.893e-18,,1.813e-26,,,,1.288e-21,2.530e-16,2.269e-18,7.700e-29,,,,,1.199e+0,,,,,,,,,2.579e-18,,,,,,,,,,,,,,
808.5,1.209e+0,8.280e-3,4.150e-10,2.547e-43,3.122e-17,,,1.102e-18,2.569e-19,,2.312e-15,2.081e-10,1.963e-28,4.048e-17,1.370e-13,3.638e-30,1.196e-17,,,,5.131e-18,2.042e-22,9.891e-18,,1.812e-26,,,,1.288e-21,2.530e-16,2.270e-18,7.741e-29,,,,,1.201e+0,,,,,,,,,2.579e-18,,,,,,,,,,,,,,
808.53,1.210e+0,8.182e-3,3.849e-10,2.586e-43,3.122e-17,,,1.102e-18,2.561e-19,,2.313e-15,2.811e-10,1.963e-28,4.050e-17,9.553e-14,3.629e-30,1.193e-17,,,,5.132e-18,2.399e-22,9.889e-18,,1.812e-26,,,,1.287e-21,2.530e-16,2.271e-18,7.801e-29,,,,,1.202e+0,,,,,,,,,2.580e-18,,,,,,,,,,,,,,
808.55,1.209e+0,8.105e-3,3.656e-10,2.611e-43,3.122e-17,,,1.102e-18,2.556e-19,,2.313e-15,3.430e-10,1.962e-28,4.051e-17,7.502e-14,3.623e-30,1.191e-17,,,,5.132e-18,2.667e-22,9.888e-18,,1.812e-26,,,,1.287e-21,2.531e-16,2.272e-18,7.842e-29,,,,,1.201e+0,,,,,,,,,2.580e-18,,,,,,,,,,,,,,
808.58,1.205e+0,7.975e-3,3.376e-10,2.650e-43,3.123e-17,,,1.102e-18,2.548e-19,,2.314e-15,4.614e-10,1.962e-28,4.053e-17,5.210e-14,3.614e-30,1.188e-17,,,,5.133e-18,3.120e-22,9.886e-18,,1.811e-26,,,,1.287e-21,2.531e-16,2.274e-18,7.903e-29,,,,,1.197e+0,,,,,,,,,2.580e-18,,,,,,,,,,,,,,
808.6,1.200e+0,7.877e-3,3.197e-10,2.676e-43,3.123e-17,,,1.102e-18,2.543e-19,,2.314e-15,5.613e-10,1.962e-28,4.054e-17,4.080e-14,3.609e-30,1.186e-17,,,,5.133e-18,3.459e-22,9.884e-18,,1.811e-26,,,,1.286e-21,2.531e-16,2.275e-18,7.943e-29,,,,,1.192e+0,,,,,,,,,2.581e-18,,,,,,,,,,,,,,
808.63,1.191e+0,7.716e-3,2.939e-10,2.714e-43,3.124e-17,,,1.102e-18,2.535e-19,,2.315e-15,7.517e-10,1.961e-28,4.056e-17,2.820e-14,3.600e-30,1.183e-17,,,,5.133e-18,4.029e-22,9.882e-18,,1.810e-26,,,,1.286e-21,2.531e-16,2.276e-18,8.004e-29,,,,,1.183e+0,,,,,,,,,2.581e-18,,,,,,,,,,,,,,
808.65,1.183e+0,7.600e-3,2.775e-10,2.740e-43,3.124e-17,,,1.102e-18,2.530e-19,,2.315e-15,9.120e-10,1.961e-28,4.057e-17,2.202e-14,3.594e-30,1.181e-17,,,,5.134e-18,4.454e-22,9.881e-18,,1.810e-26,,,,1.286e-21,2.532e-16,2.277e-18,8.044e-29,,,,,1.175e+0,,,,,,,,,2.581e-18,,,,,,,,,,,,,,
808.68,1.168e+0,7.412e-3,2.540e-10,2.779e-43,3.124e-17,,,1.102e-18,2.522e-19,,2.316e-15,1.216e-9,1.961e-28,4.059e-17,1.516e-14,3.585e-30,1.177e-17,,,,5.134e-18,5.165e-22,9.879e-18,,1.809e-26,,,,1.285e-21,2.532e-16,2.279e-18,8.105e-29,,,,,1.161e+0,,,,,,,,,2.582e-18,,,,,,,,,,,,,,
808.7,1.157e+0,7.278e-3,2.391e-10,2.805e-43,3.125e-17,,,1.102e-18,2.516e-19,,2.316e-15,1.471e-9,1.960e-28,4.060e-17,1.180e-14,3.580e-30,1.175e-17,,,,5.135e-18,5.693e-22,9.877e-18,,1.809e-26,,,,1.285e-21,2.532e-16,2.280e-18,8.146e-29,,,,,1.150e+0,,,,,,,,,2.582e-18,,,,,,,,,,,,,,
808.73,1.138e+0,7.067e-3,2.179e-10,2.843e-43,3.125e-17,,,1.102e-18,2.509e-19,,2.317e-15,1.953e-9,1.960e-28,4.062e-17,8.084e-15,3.571e-30,1.172e-17,,,,5.135e-18,6.573e-22,9.875e-18,,1.809e-26,,,,1.285e-21,2.533e-16,2.281e-18,8.206e-29,,,,,1.131e+0,,,,,,,,,2.582e-18,,,,,,,,,,,,,,
808.75,1.124e+0,6.920e-3,2.045e-10,2.869e-43,3.126e-17,,,1.102e-18,2.503e-19,,2.317e-15,2.355e-9,1.960e-28,4.063e-17,6.274e-15,3.565e-30,1.170e-17,,,,5.136e-18,7.224e-22,9.874e-18,,1.808e-26,,,,1.285e-21,2.533e-16,2.282e-18,8.247e-29,,,,,1.117e+0,,,,,,,,,2.582e-18,,,,,,,,,,,,,,
808.78,1.101e+0,6.690e-3,1.856e-10,2.908e-43,3.126e-17,,,1.101e-18,2.495e-19,,2.318e-15,3.113e-9,1.959e-28,4.065e-17,4.281e-15,3.556e-30,1.167e-17,,,,5.136e-18,8.304e-22,9.872e-18,,1.808e-26,,,,1.284e-21,2.533e-16,2.283e-18,8.307e-29,,,,,1.094e+0,,,,,,,,,2.583e-18,,,,,,,,,,,,,,
808.8,1.084e+0,6.531e-3,1.737e-10,2.934e-43,3.126e-17,,,1.101e-18,2.490e-19,,2.318e-15,3.744e-9,1.959e-28,4.066e-17,3.312e-15,3.550e-30,1.165e-17,,,,5.137e-18,9.100e-22,9.870e-18,,1.807e-26,,,,1.284e-21,2.533e-16,2.284e-18,8.348e-29,,,,,1.078e+0,,,,,,,,,2.583e-18,,,,,,,,,,,,,,
808.83,1.057e+0,6.286e-3,1.569e-10,2.972e-43,3.127e-17,,,1.101e-18,2.482e-19,,2.319e-15,4.927e-9,1.959e-28,4.068e-17,2.250e-15,3.542e-30,1.162e-17,,,,5.137e-18,1.042e-21,9.868e-18,,1.807e-26,,,,1.284e-21,2.534e-16,2.286e-18,8.409e-29,,,,,1.051e+0,,,,,,,,,2.583e-18,,,,,,,,,,,,,,
808.85,1.038e+0,6.119e-3,1.464e-10,2.998e-43,3.127e-17,,,1.101e-18,2.477e-19,,2.319e-15,5.909e-9,1.959e-28,4.069e-17,1.736e-15,3.536e-30,1.160e-17,,,,5.138e-18,1.138e-21,9.867e-18,,1.806e-26,,,,1.283e-21,2.534e-16,2.287e-18,8.449e-29,,,,,1.032e+0,,,,,,,,,2.584e-18,,,,,,,,,,,,,,
808.87,1.018e+0,5.950e-3,1.365e-10,3.024e-43,3.128e-17,,,1.101e-18,2.472e-19,,2.320e-15,7.078e-9,1.958e-28,4.070e-17,1.338e-15,3.530e-30,1.157e-17,,,,5.138e-18,1.242e-21,9.866e-18,,1.806e-26,,,,1.283e-21,2.534e-16,2.288e-18,8.490e-29,,,,,1.012e+0,,,,,,,,,2.584e-18,,,,,,,,,,,,,,
808.9,9.870e-1,5.692e-3,1.225e-10,3.062e-43,3.128e-17,,,1.101e-18,2.464e-19,,2.321e-15,9.258e-9,1.958e-28,4.072e-17,9.029e-16,3.521e-30,1.154e-17,,,,5.138e-18,1.413e-21,9.863e-18,,1.806e-26,,,,1.283e-21,2.534e-16,2.289e-18,8.550e-29,,,,,9.813e-1,,,,,,,,,2.584e-18,,,,,,,,,,,,,,
808.92,9.653e-1,5.518e-3,1.139e-10,3.088e-43,3.128e-17,,,1.101e-18,2.459e-19,,2.321e-15,1.106e-8,1.958e-28,4.073e-17,6.938e-16,3.516e-30,1.152e-17,,,,5.139e-18,1.537e-21,9.862e-18,,1.805e-26,,,,1.283e-21,2.535e-16,2.290e-18,8.591e-29,,,,,9.598e-1,,,,,,,,,2.585e-18,,,,,,,,,,,,,,
808.95,9.316e-1,5.255e-3,1.018e-10,3.127e-43,3.129e-17,,,1.101e-18,2.451e-19,,2.322e-15,1.440e-8,1.957e-28,4.075e-17,4.662e-16,3.507e-30,1.149e-17,,,,5.139e-18,1.741e-21,9.860e-18,,1.805e-26,,,,1.282e-21,2.535e-16,2.292e-18,8.652e-29,,,,,9.264e-1,,,,,,,,,2.585e-18,,,,,,,,,,,,,,
808.97,9.086e-1,5.080e-3,9.431e-11,3.153e-43,3.129e-17,,,1.101e-18,2.445e-19,,2.322e-15,1.715e-8,1.957e-28,4.076e-17,3.572e-16,3.501e-30,1.147e-17,,,,5.140e-18,1.889e-21,9.859e-18,,1.804e-26,,,,1.282e-21,2.535e-16,2.293e-18,8.692e-29,,,,,9.035e-1,,,,,,,,,2.585e-18,,,,,,,,,,,,,,
809,8.731e-1,4.817e-3,8.393e-11,3.191e-43,3.130e-17,,,1.101e-18,2.438e-19,,2.323e-15,2.224e-8,1.957e-28,4.078e-17,2.390e-16,3.492e-30,1.144e-17,,,,5.140e-18,2.130e-21,9.856e-18,,1.804e-26,,,,1.282e-21,2.535e-16,2.294e-18,8.753e-29,,,,,8.683e-1,,,,,,,,,2.585e-18,,,,,,,,,,,,,,
809.02,8.490e-1,4.642e-3,7.754e-11,3.217e-43,3.130e-17,,,1.101e-18,2.432e-19,,2.323e-15,2.640e-8,1.957e-28,4.079e-17,1.825e-16,3.487e-30,1.142e-17,,,,5.141e-18,2.305e-21,9.855e-18,,1.804e-26,,,,1.281e-21,2.536e-16,2.295e-18,8.793e-29,,,,,8.444e-1,,,,,,,,,2.586e-18,,,,,,,,,,,,,,
809.05,8.124e-1,4.383e-3,6.871e-11,3.256e-43,3.130e-17,,,1.101e-18,2.424e-19,,2.324e-15,3.409e-8,1.956e-28,4.081e-17,1.216e-16,3.478e-30,1.139e-17,,,,5.141e-18,2.588e-21,9.853e-18,,1.803e-26,,,,1.281e-21,2.536e-16,2.296e-18,8.854e-29,,,,,8.080e-1,,,,,,,,,2.586e-18,,,,,,,,,,,,,,
809.07,7.878e-1,4.212e-3,6.329e-11,3.282e-43,3.131e-17,,,1.101e-18,2.419e-19,,2.324e-15,4.036e-8,1.956e-28,4.083e-17,9.260e-17,3.472e-30,1.136e-17,,,,5.142e-18,2.791e-21,9.852e-18,,1.803e-26,,,,1.281e-21,2.536e-16,2.297e-18,8.894e-29,,,,,7.836e-1,,,,,,,,,2.586e-18,,,,,,,,,,,,,,
809.1,7.505e-1,3.959e-3,5.584e-11,3.320e-43,3.131e-17,,,1.101e-18,2.411e-19,,2.325e-15,5.188e-8,1.956e-28,4.084e-17,6.140e-17,3.463e-30,1.133e-17,,,,5.142e-18,3.120e-21,9.849e-18,,1.802e-26,,,,1.281e-21,2.537e-16,2.299e-18,8.955e-29,,,,,7.466e-1,,,,,,,,,2.587e-18,,,,,,,,,,,,,,
809.12,7.257e-1,3.793e-3,5.128e-11,3.346e-43,3.132e-17,,,1.101e-18,2.406e-19,,2.325e-15,6.125e-8,1.955e-28,4.086e-17,4.663e-17,3.458e-30,1.131e-17,,,,5.142e-18,3.356e-21,9.848e-18,,1.802e-26,,,,1.280e-21,2.537e-16,2.300e-18,8.996e-29,,,,,7.219e-1,,,,,,,,,2.587e-18,,,,,,,,,,,,,,
809.15,6.884e-1,3.550e-3,4.504e-11,3.385e-43,3.132e-17,,,1.101e-18,2.398e-19,,2.326e-15,7.840e-8,1.955e-28,4.087e-17,3.078e-17,3.449e-30,1.128e-17,,,,5.143e-18,3.736e-21,9.846e-18,,1.801e-26,,,,1.280e-21,2.537e-16,2.301e-18,9.056e-29,,,,,6.849e-1,,,,,,,,,2.587e-18,,,,,,,,,,,,,,
809.17,6.637e-1,3.392e-3,4.125e-11,3.411e-43,3.132e-17,,,1.101e-18,2.393e-19,,2.326e-15,9.228e-8,1.955e-28,4.089e-17,2.331e-17,3.443e-30,1.126e-17,,,,5.143e-18,4.006e-21,9.844e-18,,1.801e-26,,,,1.280e-21,2.537e-16,2.302e-18,9.097e-29,,,,,6.603e-1,,,,,,,,,2.588e-18,,,,,,,,,,,,,,
809.2,6.269e-1,3.160e-3,3.607e-11,3.449e-43,3.133e-17,,,1.101e-18,2.385e-19,,2.327e-15,1.176e-7,1.954e-28,4.090e-17,1.532e-17,3.434e-30,1.123e-17,,,,5.144e-18,4.439e-21,9.842e-18,,1.800e-26,,,,1.279e-21,2.538e-16,2.304e-18,9.158e-29,,,,,6.238e-1,,,,,,,,,2.588e-18,,,,,,,,,,,,,,
809.22,6.027e-1,3.010e-3,3.294e-11,3.475e-43,3.133e-17,,,1.100e-18,2.380e-19,,2.327e-15,1.380e-7,1.954e-28,4.092e-17,1.156e-17,3.428e-30,1.121e-17,,,,5.144e-18,4.747e-21,9.841e-18,,1.800e-26,,,,1.279e-21,2.538e-16,2.305e-18,9.198e-29,,,,,5.997e-1,,,,,,,,,2.588e-18,,,,,,,,,,,,,,
809.24,5.787e-1,2.864e-3,3.004e-11,3.501e-43,3.134e-17,,,1.100e-18,2.374e-19,,2.327e-15,1.618e-7,1.954e-28,4.093e-17,8.718e-18,3.423e-30,1.119e-17,,,,5.145e-18,5.070e-21,9.840e-18,,1.800e-26,,,,1.279e-21,2.538e-16,2.306e-18,9.239e-29,,,,,5.758e-1,,,,,,,,,2.588e-18,,,,,,,,,,,,,,
809.27,5.434e-1,2.652e-3,2.611e-11,3.539e-43,3.134e-17,,,1.100e-18,2.367e-19,,2.328e-15,2.049e-7,1.953e-28,4.095e-17,5.695e-18,3.414e-30,1.115e-17,,,,5.145e-18,5.584e-21,9.837e-18,,1.799e-26,,,,1.279e-21,2.538e-16,2.307e-18,9.299e-29,,,,,5.407e-1,,,,,,,,,2.589e-18,,,,,,,,,,,,,,
809.29,5.202e-1,2.516e-3,2.374e-11,3.565e-43,3.134e-17,,,1.100e-18,2.361e-19,,2.328e-15,2.396e-7,1.953e-28,4.096e-17,4.281e-18,3.408e-30,1.113e-17,,,,5.146e-18,5.947e-21,9.836e-18,,1.799e-26,,,,1.278e-21,2.539e-16,2.308e-18,9.340e-29,,,,,5.177e-1,,,,,,,,,2.589e-18,,,,,,,,,,,,,,
809.32,4.864e-1,2.320e-3,2.054e-11,3.604e-43,3.135e-17,,,1.100e-18,2.353e-19,,2.329e-15,3.021e-7,1.953e-28,4.098e-17,2.784e-18,3.399e-30,1.110e-17,,,,5.146e-18,6.522e-21,9.834e-18,,1.798e-26,,,,1.278e-21,2.539e-16,2.309e-18,9.400e-29,,,,,4.840e-1,,,,,,,,,2.589e-18,,,,,,,,,,,,,,
809.34,4.643e-1,2.194e-3,1.862e-11,3.630e-43,3.135e-17,,,1.100e-18,2.348e-19,,2.329e-15,3.521e-7,1.953e-28,4.099e-17,2.087e-18,3.394e-30,1.108e-17,,,,5.147e-18,6.925e-21,9.833e-18,,1.798e-26,,,,1.278e-21,2.539e-16,2.310e-18,9.441e-29,,,,,4.621e-1,,,,,,,,,2.590e-18,,,,,,,,,,,,,,
809.37,4.322e-1,2.014e-3,1.604e-11,3.668e-43,3.136e-17,,,1.100e-18,2.340e-19,,2.330e-15,4.422e-7,1.952e-28,4.101e-17,1.351e-18,3.385e-30,1.105e-17,,,,5.147e-18,7.561e-21,9.830e-18,,1.798e-26,,,,1.277e-21,2.539e-16,2.312e-18,9.502e-29,,,,,4.302e-1,,,,,,,,,2.590e-18,,,,,,,,,,,,,,
809.39,4.115e-1,1.900e-3,1.450e-11,3.694e-43,3.136e-17,,,1.100e-18,2.335e-19,,2.330e-15,5.139e-7,1.952e-28,4.102e-17,1.010e-18,3.379e-30,1.103e-17,,,,5.147e-18,8.006e-21,9.829e-18,,1.797e-26,,,,1.277e-21,2.540e-16,2.313e-18,9.542e-29,,,,,4.096e-1,,,,,,,,,2.590e-18,,,,,,,,,,,,,,
809.42,3.814e-1,1.736e-3,1.244e-11,3.733e-43,3.137e-17,,,1.100e-18,2.327e-19,,2.331e-15,6.424e-7,1.952e-28,4.104e-17,6.508e-19,3.370e-30,1.100e-17,,,,5.148e-18,8.703e-21,9.827e-18,,1.797e-26,,,,1.277e-21,2.540e-16,2.314e-18,9.603e-29,,,,,3.797e-1,,,,,,,,,2.591e-18,,,,,,,,,,,,,,
809.44,3.620e-1,1.633e-3,1.121e-11,3.759e-43,3.137e-17,,,1.100e-18,2.322e-19,,2.332e-15,7.445e-7,1.951e-28,4.105e-17,4.849e-19,3.365e-30,1.097e-17,,,,5.148e-18,9.188e-21,9.826e-18,,1.796e-26,,,,1.277e-21,2.540e-16,2.315e-18,9.643e-29,,,,,3.604e-1,,,,,,,,,2.591e-18,,,,,,,,,,,,,,
809.47,3.341e-1,1.486e-3,9.575e-12,3.797e-43,3.137e-17,,,1.100e-18,2.314e-19,,2.332e-15,9.267e-7,1.951e-28,4.107e-17,3.112e-19,3.356e-30,1.094e-17,,,,5.149e-18,9.945e-21,9.823e-18,,1.796e-26,,,,1.276e-21,2.540e-16,2.317e-18,9.704e-29,,,,,3.326e-1,,,,,,,,,2.591e-18,,,,,,,,,,,,,,
809.49,3.163e-1,1.393e-3,8.606e-12,3.823e-43,3.138e-17,,,1.100e-18,2.309e-19,,2.333e-15,1.071e-6,1.951e-28,4.108e-17,2.312e-19,3.350e-30,1.092e-17,,,,5.149e-18,1.047e-20,9.822e-18,,1.795e-26,,,,1.276e-21,2.541e-16,2.318e-18,9.745e-29,,,,,3.149e-1,,,,,,,,,2.591e-18,,,,,,,,,,,,,,
809.52,2.906e-1,1.262e-3,7.317e-12,3.862e-43,3.138e-17,,,1.100e-18,2.301e-19,,2.333e-15,1.327e-6,1.950e-28,4.110e-17,1.477e-19,3.341e-30,1.089e-17,,,,5.150e-18,1.128e-20,9.820e-18,,1.795e-26,,,,1.276e-21,2.541e-16,2.319e-18,9.805e-29,,,,,2.893e-1,,,,,,,,,2.592e-18,,,,,,,,,,,,,,
809.54,2.743e-1,1.180e-3,6.557e-12,3.887e-43,3.138e-17,,,1.100e-18,2.296e-19,,2.334e-15,1.529e-6,1.950e-28,4.111e-17,1.094e-19,3.335e-30,1.087e-17,,,,5.150e-18,1.184e-20,9.819e-18,,1.795e-26,,,,1.275e-21,2.541e-16,2.320e-18,9.846e-29,,,,,2.731e-1,,,,,,,,,2.592e-18,,,,,,,,,,,,,,
809.57,2.510e-1,1.064e-3,5.550e-12,3.926e-43,3.139e-17,,,1.100e-18,2.288e-19,,2.334e-15,1.886e-6,1.950e-28,4.113e-17,6.959e-20,3.327e-30,1.084e-17,,,,5.151e-18,1.271e-20,9.816e-18,,1.794e-26,,,,1.275e-21,2.542e-16,2.322e-18,9.906e-29,,,,,2.499e-1,,,,,,,,,2.592e-18,,,,,,,,,,,,,,
809.59,2.362e-1,9.918e-4,4.959e-12,3.952e-43,3.139e-17,,,1.100e-18,2.282e-19,,2.335e-15,2.167e-6,1.949e-28,4.114e-17,5.140e-20,3.321e-30,1.082e-17,,,,5.151e-18,1.330e-20,9.815e-18,,1.794e-26,,,,1.275e-21,2.542e-16,2.322e-18,9.947e-29,,,,,2.352e-1,,,,,,,,,2.593e-18,,,,,,,,,,,,,,
809.62,2.152e-1,8.907e-4,4.179e-12,3.991e-43,3.140e-17,,,1.100e-18,2.275e-19,,2.335e-15,2.663e-6,1.949e-28,4.116e-17,3.255e-20,3.312e-30,1.078e-17,,,,5.152e-18,1.421e-20,9.813e-18,,1.793e-26,,,,1.275e-21,2.542e-16,2.324e-18,1.001e-28,,,,,2.143e-1,,,,,,,,,2.593e-18,,,,,,,,,,,,,,
809.64,2.019e-1,8.278e-4,3.723e-12,4.016e-43,3.140e-17,,,1.099e-18,2.269e-19,,2.336e-15,3.050e-6,1.949e-28,4.117e-17,2.397e-20,3.306e-30,1.076e-17,,,,5.152e-18,1.482e-20,9.812e-18,,1.793e-26,,,,1.274e-21,2.542e-16,2.325e-18,1.005e-28,,,,,2.011e-1,,,,,,,,,2.593e-18,,,,,,,,,,,,,,
809.66,1.893e-1,7.685e-4,3.313e-12,4.042e-43,3.140e-17,,,1.099e-18,2.264e-19,,2.336e-15,3.489e-6,1.949e-28,4.118e-17,1.165e-20,3.301e-30,1.074e-17,,,,5.152e-18,1.545e-20,9.810e-18,,1.793e-26,,,,1.274e-21,2.542e-16,2.326e-18,1.009e-28,,,,,1.885e-1,,,,,,,,,2.594e-18,,,,,,,,,,,,,,
809.69,1.714e-1,6.859e-4,2.775e-12,4.081e-43,3.141e-17,,,1.099e-18,2.256e-19,,2.337e-15,4.261e-6,1.948e-28,4.120e-17,1.165e-20,3.292e-30,1.071e-17,,,,5.153e-18,1.641e-20,9.808e-18,,1.792e-26,,,,1.274e-21,2.543e-16,2.327e-18,1.015e-28,,,,,1.707e-1,,,,,,,,,2.594e-18,,,,,,,,,,,,,,
809.71,1.602e-1,6.349e-4,2.462e-12,4.107e-43,3.141e-17,,,1.099e-18,2.251e-19,,2.337e-15,4.861e-6,1.948e-28,4.121e-17,1.165e-20,3.286e-30,1.069e-17,,,,5.153e-18,1.705e-20,9.807e-18,,1.792e-26,,,,1.273e-21,2.543e-16,2.328e-18,1.019e-28,,,,,1.595e-1,,,,,,,,,2.594e-18,,,,,,,,,,,,,,
809.74,1.444e-1,5.641e-4,2.053e-12,4.145e-43,3.142e-17,,,1.099e-18,2.243e-19,,2.338e-15,5.910e-6,1.948e-28,4.123e-17,1.166e-20,3.277e-30,1.066e-17,,,,5.154e-18,1.803e-20,9.805e-18,,1.791e-26,,,,1.273e-21,2.543e-16,2.330e-18,1.025e-28,,,,,1.439e-1,,,,,,,,,2.594e-18,,,,,,,,,,,,,,
809.76,1.346e-1,5.207e-4,1.816e-12,4.171e-43,3.142e-17,,,1.099e-18,2.238e-19,,2.338e-15,6.722e-6,1.947e-28,4.124e-17,1.166e-20,3.272e-30,1.064e-17,,,,5.154e-18,1.868e-20,9.803e-18,,1.791e-26,,,,1.273e-21,2.544e-16,2.331e-18,1.029e-28,,,,,1.341e-1,,,,,,,,,2.595e-18,,,,,,,,,,,,,,
809.79,1.209e-1,4.606e-4,1.508e-12,4.210e-43,3.143e-17,,,1.099e-18,2.230e-19,,2.339e-15,8.138e-6,1.947e-28,4.126e-17,1.166e-20,3.263e-30,1.061e-17,,,,5.155e-18,1.967e-20,9.801e-18,,1.790e-26,,,,1.273e-21,2.544e-16,2.332e-18,1.035e-28,,,,,1.204e-1,,,,,,,,,2.595e-18,,,,,,,,,,,,,,
809.81,1.123e-1,4.239e-4,1.330e-12,4.235e-43,3.143e-17,,,1.099e-18,2.225e-19,,2.339e-15,9.230e-6,1.947e-28,4.127e-17,1.167e-20,3.257e-30,1.058e-17,,,,5.155e-18,2.033e-20,9.800e-18,,1.790e-26,,,,1.272e-21,2.544e-16,2.333e-18,1.039e-28,,,,,1.119e-1,,,,,,,,,2.595e-18,,,,,,,,,,,,,,
809.84,1.004e-1,3.734e-4,1.099e-12,4.274e-43,3.143e-17,,,1.099e-18,2.217e-19,,2.340e-15,1.112e-5,1.946e-28,4.129e-17,1.167e-20,3.248e-30,1.055e-17,,,,5.156e-18,2.131e-20,9.798e-18,,1.789e-26,,,,1.272e-21,2.544e-16,2.335e-18,1.045e-28,,,,,1.000e-1,,,,,,,,,2.596e-18,,,,,,,,,,,,,,
809.86,9.303e-2,3.426e-4,9.667e-13,4.300e-43,3.144e-17,,,1.099e-18,2.211e-19,,2.340e-15,1.258e-5,1.946e-28,4.130e-17,1.167e-20,3.243e-30,1.053e-17,,,,5.156e-18,2.195e-20,9.796e-18,,1.789e-26,,,,1.272e-21,2.545e-16,2.336e-18,1.049e-28,,,,,9.268e-2,,,,,,,,,2.596e-18,,,,,,,,,,,,,,
809.89,8.281e-2,3.004e-4,7.955e-13,4.339e-43,3.144e-17,,,1.099e-18,2.204e-19,,2.341e-15,1.510e-5,1.946e-28,4.132e-17,1.167e-20,3.234e-30,1.050e-17,,,,5.157e-18,2.291e-20,9.794e-18,,1.789e-26,,,,1.271e-21,2.545e-16,2.337e-18,1.055e-28,,,,,8.249e-2,,,,,,,,,2.596e-18,,,,,,,,,,,,,,
809.91,7.652e-2,2.748e-4,6.976e-13,4.364e-43,3.145e-17,,,1.099e-18,2.198e-19,,2.341e-15,1.702e-5,1.945e-28,4.133e-17,1.168e-20,3.228e-30,1.048e-17,,,,5.157e-18,2.354e-20,9.793e-18,,1.788e-26,,,,1.271e-21,2.545e-16,2.338e-18,1.059e-28,,,,,7.623e-2,,,,,,,,,2.597e-18,,,,,,,,,,,,,,
809.94,6.782e-2,2.400e-4,5.715e-13,4.403e-43,3.145e-17,,,1.099e-18,2.190e-19,,2.342e-15,2.034e-5,1.945e-28,4.135e-17,1.168e-20,3.219e-30,1.045e-17,,,,5.158e-18,2.447e-20,9.791e-18,,1.788e-26,,,,1.271e-21,2.545e-16,2.339e-18,1.066e-28,,,,,6.756e-2,,,,,,,,,2.597e-18,,,,,,,,,,,,,,
809.96,6.249e-2,2.189e-4,4.997e-13,4.429e-43,3.145e-17,,,1.099e-18,2.185e-19,,2.342e-15,2.287e-5,1.945e-28,4.136e-17,1.168e-20,3.213e-30,1.043e-17,,,,5.158e-18,2.507e-20,9.789e-18,,1.787e-26,,,,1.271e-21,2.546e-16,2.340e-18,1.070e-28,,,,,6.224e-2,,,,,,,,,2.597e-18,,,,,,,,,,,,,,
809.99,5.515e-2,1.903e-4,4.076e-13,4.467e-43,3.146e-17,,,1.099e-18,2.177e-19,,2.343e-15,2.721e-5,1.944e-28,4.138e-17,1.169e-20,3.205e-30,1.039e-17,,,,5.158e-18,2.594e-20,9.787e-18,,1.787e-26,,,,1.270e-21,2.546e-16,2.342e-18,1.076e-28,,,,,5.493e-2,,,,,,,,,2.598e-18,,,,,,,,,,,,,,
810.01,5.067e-2,1.731e-4,3.554e-13,4.493e-43,3.146e-17,,,1.099e-18,2.172e-19,,2.343e-15,3.051e-5,1.944e-28,4.139e-17,1.169e-20,3.199e-30,1.037e-17,,,,5.159e-18,2.650e-20,9.786e-18,,1.787e-26,,,,1.270e-21,2.546e-16,2.343e-18,1.080e-28,,,,,5.046e-2,,,,,,,,,2.598e-18,,,,,,,,,,,,,,
810.03,4.650e-2,1.572e-4,3.094e-13,4.519e-43,3.147e-17,,,1.099e-18,2.167e-19,,2.344e-15,3.416e-5,1.944e-28,4.140e-17,1.169e-20,3.193e-30,1.035e-17,,,,5.159e-18,2.704e-20,9.784e-18,,1.786e-26,,,,1.270e-21,2.546e-16,2.344e-18,1.084e-28,,,,,4.631e-2,,,,,,,,,2.598e-18,,,,,,,,,,,,,,
810.06,4.080e-2,1.358e-4,2.509e-13,4.558e-43,3.147e-17,,,1.099e-18,2.159e-19,,2.344e-15,4.039e-5,1.944e-28,4.142e-17,1.169e-20,3.184e-30,1.032e-17,,,,5.160e-18,2.782e-20,9.782e-18,,1.786e-26,,,,1.269e-21,2.547e-16,2.345e-18,1.090e-28,,,,,4.062e-2,,,,,,,,,2.598e-18,,,,,,,,,,,,,,
810.08,3.734e-2,1.230e-4,2.178e-13,4.583e-43,3.147e-17,,,1.098e-18,2.154e-19,,2.345e-15,4.510e-5,1.943e-28,4.143e-17,1.169e-20,3.179e-30,1.030e-17,,,,5.160e-18,2.831e-20,9.781e-18,,1.785e-26,,,,1.269e-21,2.547e-16,2.346e-18,1.094e-28,,,,,3.717e-2,,,,,,,,,2.599e-18,,,,,,,,,,,,,,
810.11,3.262e-2,1.058e-4,1.758e-13,4.622e-43,3.148e-17,,,1.098e-18,2.146e-19,,2.345e-15,5.310e-5,1.943e-28,4.145e-17,1.170e-20,3.170e-30,1.027e-17,,,,5.161e-18,2.901e-20,9.779e-18,,1.785e-26,,,,1.269e-21,2.547e-16,2.348e-18,1.100e-28,,,,,3.246e-2,,,,,,,,,2.599e-18,,,,,,,,,,,,,,
810.13,2.977e-2,9.558e-5,1.522e-13,4.648e-43,3.148e-17,,,1.098e-18,2.140e-19,,2.346e-15,5.911e-5,1.943e-28,4.146e-17,1.170e-20,3.164e-30,1.025e-17,,,,5.161e-18,2.944e-20,9.777e-18,,1.784e-26,,,,1.269e-21,2.547e-16,2.349e-18,1.104e-28,,,,,2.962e-2,,,,,,,,,2.599e-18,,,,,,,,,,,,,,
810.16,2.591e-2,8.186e-5,1.223e-13,4.687e-43,3.149e-17,,,1.098e-18,2.133e-19,,2.346e-15,6.929e-5,1.942e-28,4.148e-17,1.170e-20,3.155e-30,1.022e-17,,,,5.162e-18,3.004e-20,9.775e-18,,1.784e-26,,,,1.268e-21,2.548e-16,2.350e-18,1.110e-28,,,,,2.576e-2,,,,,,,,,2.600e-18,,,,,,,,,,,,,,
810.18,2.358e-2,7.371e-5,1.056e-13,4.712e-43,3.149e-17,,,1.098e-18,2.127e-19,,2.347e-15,7.692e-5,1.942e-28,4.149e-17,1.171e-20,3.150e-30,1.019e-17,,,,5.162e-18,3.040e-20,9.774e-18,,1.784e-26,,,,1.268e-21,2.548e-16,2.351e-18,1.114e-28,,,,,2.343e-2,,,,,,,,,2.600e-18,,,,,,,,,,,,,,
810.21,2.044e-2,6.285e-5,8.445e-14,4.751e-43,3.149e-17,,,1.098e-18,2.119e-19,,2.347e-15,8.977e-5,1.942e-28,4.151e-17,1.171e-20,3.141e-30,1.016e-17,,,,5.163e-18,3.089e-20,9.772e-18,,1.783e-26,,,,1.268e-21,2.548e-16,2.352e-18,1.120e-28,,,,,2.029e-2,,,,,,,,,2.600e-18,,,,,,,,,,,,,,
810.23,1.856e-2,5.643e-5,7.268e-14,4.777e-43,3.150e-17,,,1.098e-18,2.114e-19,,2.348e-15,9.937e-5,1.941e-28,4.152e-17,1.171e-20,3.135e-30,1.014e-17,,,,5.163e-18,3.118e-20,9.770e-18,,1.783e-26,,,,1.267e-21,2.549e-16,2.353e-18,1.124e-28,,,,,1.841e-2,,,,,,,,,2.600e-18,,,,,,,,,,,,,,
810.26,1.603e-2,4.791e-5,5.790e-14,4.816e-43,3.150e-17,,,1.098e-18,2.106e-19,,2.348e-15,1.155e-4,1.941e-28,4.154e-17,1.171e-20,3.126e-30,1.011e-17,,,,5.163e-18,3.156e-20,9.768e-18,,1.782e-26,,,,1.267e-21,2.549e-16,2.355e-18,1.130e-28,,,,,1.587e-2,,,,,,,,,2.601e-18,,,,,,,,,,,,,,
810.28,1.452e-2,4.289e-5,4.968e-14,4.841e-43,3.151e-17,,,1.098e-18,2.101e-19,,2.349e-15,1.274e-4,1.941e-28,4.155e-17,1.172e-20,3.120e-30,1.009e-17,,,,5.164e-18,3.177e-20,9.767e-18,,1.782e-26,,,,1.267e-21,2.549e-16,2.356e-18,1.134e-28,,,,,1.435e-2,,,,,,,,,2.601e-18,,,,,,,,,,,,,,
810.31,1.251e-2,3.625e-5,3.940e-14,4.880e-43,3.151e-17,,,1.098e-18,2.093e-19,,2.349e-15,1.474e-4,1.941e-28,4.157e-17,1.172e-20,3.112e-30,1.006e-17,,,,5.164e-18,3.204e-20,9.765e-18,,1.781e-26,,,,1.267e-21,2.549e-16,2.357e-18,1.140e-28,,,,,1.232e-2,,,,,,,,,2.601e-18,,,,,,,,,,,,,,
810.33,1.131e-2,3.236e-5,3.371e-14,4.906e-43,3.151e-17,,,1.098e-18,2.088e-19,,2.350e-15,1.623e-4,1.940e-28,4.158e-17,1.172e-20,3.106e-30,1.004e-17,,,,5.165e-18,3.217e-20,9.763e-18,,1.781e-26,,,,1.266e-21,2.550e-16,2.358e-18,1.144e-28,,,,,1.111e-2,,,,,,,,,2.602e-18,,,,,,,,,,,,,,
810.36,9.714e-3,2.723e-5,2.662e-14,4.944e-43,3.152e-17,,,1.098e-18,2.080e-19,,2.350e-15,1.869e-4,1.940e-28,4.160e-17,1.173e-20,3.097e-30,1.001e-17,,,,5.165e-18,3.231e-20,9.761e-18,,1.781e-26,,,,1.266e-21,2.550e-16,2.360e-18,1.151e-28,,,,,9.500e-3,,,,,,,,,2.602e-18,,,,,,,,,,,,,,
810.38,8.773e-3,2.423e-5,2.271e-14,4.970e-43,3.152e-17,,,1.098e-18,2.075e-19,,2.351e-15,2.051e-4,1.940e-28,4.161e-17,1.173e-20,3.091e-30,9.984e-18,,,,5.166e-18,3.237e-20,9.760e-18,,1.780e-26,,,,1.266e-21,2.550e-16,2.361e-18,1.155e-28,,,,,8.544e-3,,,,,,,,,2.602e-18,,,,,,,,,,,,,,
810.4,7.922e-3,2.154e-5,1.936e-14,4.996e-43,3.153e-17,,,1.098e-18,2.069e-19,,2.351e-15,2.248e-4,1.939e-28,4.163e-17,1.173e-20,3.086e-30,9.963e-18,,,,5.166e-18,3.240e-20,9.758e-18,,1.780e-26,,,,1.265e-21,2.550e-16,2.362e-18,1.159e-28,,,,,7.675e-3,,,,,,,,,2.603e-18,,,,,,,,,,,,,,
810.43,6.796e-3,1.802e-5,1.520e-14,5.035e-43,3.153e-17,,,1.098e-18,2.062e-19,,2.352e-15,2.574e-4,1.939e-28,4.164e-17,1.173e-20,3.077e-30,9.931e-18,,,,5.167e-18,3.238e-20,9.756e-18,,1.779e-26,,,,1.265e-21,2.551e-16,2.363e-18,1.165e-28,,,,,6.521e-3,,,,,,,,,2.603e-18,,,,,,,,,,,,,,
810.45,6.138e-3,1.597e-5,1.292e-14,5.060e-43,3.153e-17,,,1.098e-18,2.056e-19,,2.352e-15,2.813e-4,1.939e-28,4.166e-17,1.174e-20,3.071e-30,9.910e-18,,,,5.167e-18,3.233e-20,9.755e-18,,1.779e-26,,,,1.265e-21,2.551e-16,2.364e-18,1.169e-28,,,,,5.841e-3,,,,,,,,,2.603e-18,,,,,,,,,,,,,,
810.48,5.275e-3,1.330e-5,1.010e-14,5.099e-43,3.154e-17,,,1.098e-18,2.048e-19,,2.353e-15,3.206e-4,1.938e-28,4.167e-17,1.174e-20,3.062e-30,9.879e-18,,,,5.167e-18,3.220e-20,9.753e-18,,1.778e-26,,,,1.265e-21,2.551e-16,2.365e-18,1.175e-28,,,,,4.941e-3,,,,,,,,,2.603e-18,,,,,,,,,,,,,,
810.5,4.775e-3,1.175e-5,8.567e-15,5.125e-43,3.154e-17,,,1.097e-18,2.043e-19,,2.353e-15,3.494e-4,1.938e-28,4.169e-17,1.174e-20,3.057e-30,9.858e-18,,,,5.168e-18,3.208e-20,9.751e-18,,1.778e-26,,,,1.264e-21,2.551e-16,2.366e-18,1.179e-28,,,,,4.413e-3,,,,,,,,,2.604e-18,,,,,,,,,,,,,,
810.53,4.124e-3,9.744e-6,6.682e-15,5.164e-43,3.155e-17,,,1.097e-18,2.035e-19,,2.354e-15,3.966e-4,1.938e-28,4.170e-17,1.174e-20,3.048e-30,9.826e-18,,,,5.168e-18,3.186e-20,9.749e-18,,1.778e-26,,,,1.264e-21,2.552e-16,2.368e-18,1.185e-28,,,,,3.717e-3,,,,,,,,,2.604e-18,,,,,,,,,,,,,,
810.55,3.750e-3,8.586e-6,5.659e-15,5.189e-43,3.155e-17,,,1.097e-18,2.030e-19,,2.354e-15,4.309e-4,1.938e-28,4.172e-17,1.175e-20,3.042e-30,9.805e-18,,,,5.169e-18,3.168e-20,9.748e-18,,1.777e-26,,,,1.264e-21,2.552e-16,2.369e-18,1.189e-28,,,,,3.311e-3,,,,,,,,,2.604e-18,,,,,,,,,,,,,,
810.58,3.271e-3,7.087e-6,4.413e-15,5.228e-43,3.155e-17,,,1.097e-18,2.022e-19,,2.355e-15,4.870e-4,1.937e-28,4.173e-17,1.175e-20,3.033e-30,9.773e-18,,,,5.169e-18,3.137e-20,9.746e-18,,1.777e-26,,,,1.263e-21,2.552e-16,2.370e-18,1.195e-28,,,,,2.777e-3,,,,,,,,,2.605e-18,,,,,,,,,,,,,,
810.6,3.000e-3,6.227e-6,3.743e-15,5.254e-43,3.156e-17,,,1.097e-18,2.017e-19,,2.355e-15,5.276e-4,1.937e-28,4.175e-17,1.175e-20,3.028e-30,9.752e-18,,,,5.170e-18,3.113e-20,9.744e-18,,1.776e-26,,,,1.263e-21,2.552e-16,2.371e-18,1.199e-28,,,,,2.466e-3,,,,,,,,,2.605e-18,,,,,,,,,,,,,,
810.63,2.658e-3,5.117e-6,2.935e-15,5.292e-43,3.156e-17,,,1.097e-18,2.009e-19,,2.356e-15,5.936e-4,1.937e-28,4.176e-17,1.176e-20,3.019e-30,9.721e-18,,,,5.170e-18,3.075e-20,9.742e-18,,1.776e-26,,,,1.263e-21,2.553e-16,2.373e-18,1.205e-28,,,,,2.059e-3,,,,,,,,,2.605e-18,,,,,,,,,,,,,,
810.65,2.469e-3,4.483e-6,2.508e-15,5.318e-43,3.157e-17,,,1.097e-18,2.004e-19,,2.356e-15,6.412e-4,1.936e-28,4.178e-17,1.176e-20,3.013e-30,9.700e-18,,,,5.171e-18,3.048e-20,9.741e-18,,1.776e-26,,,,1.263e-21,2.553e-16,2.374e-18,1.209e-28,,,,,1.823e-3,,,,,,,,,2.606e-18,,,,,,,,,,,,,,
810.68,2.238e-3,3.668e-6,2.006e-15,5.357e-43,3.157e-17,,,1.097e-18,1.996e-19,,2.357e-15,7.184e-4,1.936e-28,4.180e-17,1.176e-20,3.004e-30,9.668e-18,,,,5.171e-18,3.004e-20,9.739e-18,,1.775e-26,,,,1.262e-21,2.553e-16,2.375e-18,1.215e-28,,,,,1.516e-3,,,,,,,,,2.606e-18,,,,,,,,,,,,,,
810.7,2.115e-3,3.204e-6,1.750e-15,5.383e-43,3.157e-17,,,1.097e-18,1.991e-19,,2.357e-15,7.738e-4,1.936e-28,4.181e-17,1.176e-20,2.998e-30,9.647e-18,,,,5.172e-18,2.973e-20,9.737e-18,,1.775e-26,,,,1.262e-21,2.554e-16,2.376e-18,1.219e-28,,,,,1.339e-3,,,,,,,,,2.606e-18,,,,,,,,,,,,,,
810.73,1.974e-3,2.610e-6,1.468e-15,5.421e-43,3.158e-17,,,1.097e-18,1.983e-19,,2.358e-15,8.631e-4,1.935e-28,4.183e-17,1.177e-20,2.990e-30,9.615e-18,,,,5.172e-18,2.926e-20,9.735e-18,,1.774e-26,,,,1.262e-21,2.554e-16,2.378e-18,1.225e-28,,,,,1.108e-3,,,,,,,,,2.607e-18,,,,,,,,,,,,,,
810.75,1.905e-3,2.273e-6,1.341e-15,5.447e-43,3.158e-17,,,1.097e-18,1.977e-19,,2.358e-15,9.269e-4,1.935e-28,4.184e-17,1.177e-20,2.984e-30,9.594e-18,,,,5.172e-18,2.893e-20,9.734e-18,,1.774e-26,,,,1.261e-21,2.554e-16,2.378e-18,1.229e-28,,,,,9.756e-4,,,,,,,,,2.607e-18,,,,,,,,,,,,,,
810.77,1.854e-3,1.977e-6,1.257e-15,5.473e-43,3.159e-17,,,1.097e-18,1.972e-19,,2.359e-15,9.944e-4,1.935e-28,4.185e-17,1.177e-20,2.978e-30,9.573e-18,,,,5.173e-18,2.860e-20,9.732e-18,,1.773e-26,,,,1.261e-21,2.554e-16,2.379e-18,1.234e-28,,,,,8.579e-4,,,,,,,,,2.607e-18,,,,,,,,,,,,,,
810.8,1.810e-3,1.601e-6,1.209e-15,5.512e-43,3.159e-17,,,1.097e-18,1.964e-19,,2.359e-15,1.102e-3,1.934e-28,4.187e-17,1.177e-20,2.969e-30,9.542e-18,,,,5.173e-18,2.810e-20,9.730e-18,,1.773e-26,,,,1.261e-21,2.555e-16,2.381e-18,1.240e-28,,,,,7.060e-4,,,,,,,,,2.607e-18,,,,,,,,,,,,,,
810.82,1.800e-3,1.389e-6,1.228e-15,5.537e-43,3.159e-17,,,1.097e-18,1.959e-19,,2.360e-15,1.179e-3,1.934e-28,4.188e-17,1.178e-20,2.964e-30,9.521e-18,,,,5.174e-18,2.777e-20,9.729e-18,,1.773e-26,,,,1.261e-21,2.555e-16,2.382e-18,1.244e-28,,,,,6.190e-4,,,,,,,,,2.608e-18,,,,,,,,,,,,,,
810.85,1.810e-3,1.119e-6,1.334e-15,5.576e-43,3.160e-17,,,1.097e-18,1.951e-19,,2.360e-15,1.302e-3,1.934e-28,4.190e-17,1.178e-20,2.955e-30,9.489e-18,,,,5.174e-18,2.728e-20,9.727e-18,,1.772e-26,,,,1.260e-21,2.555e-16,2.383e-18,1.250e-28,,,,,5.072e-4,,,,,,,,,2.608e-18,,,,,,,,,,,,,,
810.87,1.833e-3,9.681e-7,1.460e-15,5.602e-43,3.160e-17,,,1.097e-18,1.946e-19,,2.361e-15,1.388e-3,1.934e-28,4.191e-17,1.178e-20,2.949e-30,9.468e-18,,,,5.175e-18,2.696e-20,9.725e-18,,1.772e-26,,,,1.260e-21,2.555e-16,2.384e-18,1.254e-28,,,,,4.435e-4,,,,,,,,,2.608e-18,,,,,,,,,,,,,,
810.9,1.888e-3,7.769e-7,1.742e-15,5.640e-43,3.161e-17,,,1.097e-18,1.938e-19,,2.361e-15,1.526e-3,1.933e-28,4.193e-17,1.179e-20,2.940e-30,9.436e-18,,,,5.175e-18,2.649e-20,9.723e-18,,1.771e-26,,,,1.260e-21,2.556e-16,2.386e-18,1.260e-28,,,,,3.618e-4,,,,,,,,,2.609e-18,,,,,,,,,,,,,,
810.92,1.939e-3,6.699e-7,1.999e-15,5.666e-43,3.161e-17,,,1.097e-18,1.933e-19,,2.362e-15,1.623e-3,1.933e-28,4.194e-17,1.179e-20,2.935e-30,9.415e-18,,,,5.176e-18,2.619e-20,9.722e-18,,1.771e-26,,,,1.259e-21,2.556e-16,2.387e-18,1.264e-28,,,,,3.154e-4,,,,,,,,,2.609e-18,,,,,,,,,,,,,,
810.95,2.032e-3,5.353e-7,2.509e-15,5.705e-43,3.162e-17,,,1.096e-18,1.925e-19,,2.362e-15,1.775e-3,1.933e-28,4.196e-17,1.179e-20,2.926e-30,9.384e-18,,,,5.176e-18,2.575e-20,9.720e-18,,1.770e-26,,,,1.259e-21,2.556e-16,2.388e-18,1.270e-28,,,,,2.562e-4,,,,,,,,,2.609e-18,,,,,,,,,,,,,,
810.97,2.106e-3,4.602e-7,2.945e-15,5.731e-43,3.162e-17,,,1.096e-18,1.920e-19,,2.363e-15,1.883e-3,1.932e-28,4.197e-17,1.179e-20,2.920e-30,9.363e-18,,,,5.177e-18,2.548e-20,9.718e-18,,1.770e-26,,,,1.259e-21,2.556e-16,2.389e-18,1.274e-28,,,,,2.227e-4,,,,,,,,,2.609e-18,,,,,,,,,,,,,,
811,2.232e-3,3.661e-7,3.775e-15,5.769e-43,3.162e-17,,,1.096e-18,1.912e-19,,2.363e-15,2.051e-3,1.932e-28,4.199e-17,1.180e-20,2.911e-30,9.331e-18,,,,5.177e-18,2.510e-20,9.716e-18,,1.770e-26,,,,1.259e-21,2.557e-16,2.391e-18,1.280e-28,,,,,1.801e-4,,,,,,,,,2.610e-18,,,,,,,,,,,,,,
811.02,2.325e-3,3.139e-7,4.468e-15,5.795e-43,3.163e-17,,,1.096e-18,1.906e-19,,2.364e-15,2.169e-3,1.932e-28,4.200e-17,1.180e-20,2.906e-30,9.310e-18,,,,5.177e-18,2.487e-20,9.715e-18,,1.769e-26,,,,1.258e-21,2.557e-16,2.392e-18,1.284e-28,,,,,1.561e-4,,,,,,,,,2.610e-18,,,,,,,,,,,,,,
811.05,2.479e-3,2.486e-7,5.763e-15,5.834e-43,3.163e-17,,,1.096e-18,1.899e-19,,2.364e-15,2.353e-3,1.931e-28,4.202e-17,1.180e-20,2.897e-30,9.278e-18,,,,5.178e-18,2.455e-20,9.713e-18,,1.769e-26,,,,1.258e-21,2.557e-16,2.393e-18,1.290e-28,,,,,1.257e-4,,,,,,,,,2.610e-18,,,,,,,,,,,,,,
811.07,2.589e-3,2.125e-7,6.833e-15,5.860e-43,3.163e-17,,,1.096e-18,1.893e-19,,2.365e-15,2.480e-3,1.931e-28,4.203e-17,1.180e-20,2.891e-30,9.257e-18,,,,5.178e-18,2.436e-20,9.711e-18,,1.768e-26,,,,1.258e-21,2.558e-16,2.394e-18,1.294e-28,,,,,1.087e-4,,,,,,,,,2.611e-18,,,,,,,,,,,,,,
811.1,2.766e-3,1.676e-7,8.815e-15,5.898e-43,3.164e-17,,,1.096e-18,1.885e-19,,2.365e-15,2.679e-3,1.931e-28,4.205e-17,1.181e-20,2.882e-30,9.226e-18,,,,5.179e-18,2.411e-20,9.709e-18,,1.768e-26,,,,1.257e-21,2.558e-16,2.395e-18,1.300e-28,,,,,8.714e-5,,,,,,,,,2.611e-18,,,,,,,,,,,,,,
811.12,2.891e-3,1.428e-7,1.044e-14,5.924e-43,3.164e-17,,,1.096e-18,1.880e-19,,2.366e-15,2.816e-3,1.930e-28,4.206e-17,1.181e-20,2.876e-30,9.205e-18,,,,5.179e-18,2.397e-20,9.708e-18,,1.767e-26,,,,1.257e-21,2.558e-16,2.396e-18,1.304e-28,,,,,7.510e-5,,,,,,,,,2.611e-18,,,,,,,,,,,,,,
811.14,3.021e-3,1.216e-7,1.235e-14,5.950e-43,3.165e-17,,,1.096e-18,1.875e-19,,2.366e-15,2.957e-3,1.930e-28,4.207e-17,1.181e-20,2.871e-30,9.183e-18,,,,5.180e-18,2.385e-20,9.706e-18,,1.767e-26,,,,1.257e-21,2.558e-16,2.397e-18,1.308e-28,,,,,6.465e-5,,,,,,,,,2.611e-18,,,,,,,,,,,,,,
811.17,3.226e-3,9.528e-8,1.587e-14,5.988e-43,3.165e-17,,,1.096e-18,1.867e-19,,2.367e-15,3.174e-3,1.930e-28,4.209e-17,1.181e-20,2.862e-30,9.152e-18,,,,5.180e-18,2.370e-20,9.704e-18,,1.767e-26,,,,1.257e-21,2.559e-16,2.399e-18,1.314e-28,,,,,5.152e-5,,,,,,,,,2.612e-18,,,,,,,,,,,,,,
811.19,3.367e-3,8.087e-8,1.874e-14,6.014e-43,3.165e-17,,,1.096e-18,1.862e-19,,2.367e-15,3.323e-3,1.930e-28,4.210e-17,1.182e-20,2.856e-30,9.131e-18,,,,5.181e-18,2.363e-20,9.703e-18,,1.766e-26,,,,1.256e-21,2.559e-16,2.400e-18,1.319e-28,,,,,4.422e-5,,,,,,,,,2.612e-18,,,,,,,,,,,,,,
811.22,3.587e-3,6.310e-8,2.399e-14,6.053e-43,3.166e-17,,,1.096e-18,1.854e-19,,2.368e-15,3.552e-3,1.929e-28,4.212e-17,1.182e-20,2.847e-30,9.099e-18,,,,5.181e-18,2.356e-20,9.701e-18,,1.766e-26,,,,1.256e-21,2.559e-16,2.401e-18,1.325e-28,,,,,3.509e-5,,,,,,,,,2.612e-18,,,,,,,,,,,,,,
811.24,3.738e-3,5.341e-8,2.824e-14,6.079e-43,3.166e-17,,,1.096e-18,1.849e-19,,2.368e-15,3.707e-3,1.929e-28,4.213e-17,1.182e-20,2.842e-30,9.078e-18,,,,5.181e-18,2.354e-20,9.699e-18,,1.765e-26,,,,1.256e-21,2.559e-16,2.402e-18,1.329e-28,,,,,3.003e-5,,,,,,,,,2.613e-18,,,,,,,,,,,,,,
811.27,3.969e-3,4.149e-8,3.600e-14,6.117e-43,3.167e-17,,,1.096e-18,1.841e-19,,2.369e-15,3.946e-3,1.929e-28,4.215e-17,1.183e-20,2.833e-30,9.046e-18,,,,5.182e-18,2.354e-20,9.697e-18,,1.765e-26,,,,1.255e-21,2.560e-16,2.404e-18,1.335e-28,,,,,2.373e-5,,,,,,,,,2.613e-18,,,,,,,,,,,,,,
811.29,4.127e-3,3.501e-8,4.227e-14,6.143e-43,3.167e-17,,,1.096e-18,1.835e-19,,2.369e-15,4.107e-3,1.928e-28,4.216e-17,1.183e-20,2.827e-30,9.025e-18,,,,5.182e-18,2.357e-20,9.696e-18,,1.765e-26,,,,1.255e-21,2.560e-16,2.405e-18,1.339e-28,,,,,2.025e-5,,,,,,,,,2.613e-18,,,,,,,,,,,,,,
811.32,4.367e-3,2.708e-8,5.366e-14,6.182e-43,3.168e-17,,,1.096e-18,1.828e-19,,2.370e-15,4.351e-3,1.928e-28,4.218e-17,1.183e-20,2.818e-30,8.994e-18,,,,5.183e-18,2.364e-20,9.694e-18,,1.764e-26,,,,1.255e-21,2.560e-16,2.406e-18,1.345e-28,,,,,1.593e-5,,,,,,,,,2.614e-18,,,,,,,,,,,,,,
811.34,4.530e-3,2.278e-8,6.282e-14,6.208e-43,3.168e-17,,,1.096e-18,1.822e-19,,2.370e-15,4.516e-3,1.928e-28,4.219e-17,1.183e-20,2.813e-30,8.973e-18,,,,5.183e-18,2.370e-20,9.692e-18,,1.764e-26,,,,1.255e-21,2.560e-16,2.407e-18,1.349e-28,,,,,1.356e-5,,,,,,,,,2.614e-18,,,,,,,,,,,,,,
811.37,4.775e-3,1.755e-8,7.939e-14,6.246e-43,3.168e-17,,,1.095e-18,1.814e-19,,2.371e-15,4.764e-3,1.927e-28,4.221e-17,1.184e-20,2.804e-30,8.941e-18,,,,5.184e-18,2.383e-20,9.690e-18,,1.763e-26,,,,1.254e-21,2.561e-16,2.408e-18,1.355e-28,,,,,1.062e-5,,,,,,,,,2.614e-18,,,,,,,,,,,,,,
811.39,4.939e-3,1.472e-8,9.268e-14,6.272e-43,3.169e-17,,,1.095e-18,1.809e-19,,2.371e-15,4.930e-3,1.927e-28,4.222e-17,1.184e-20,2.798e-30,8.920e-18,,,,5.184e-18,2.393e-20,9.689e-18,,1.763e-26,,,,1.254e-21,2.561e-16,2.409e-18,1.359e-28,,,,,9.011e-6,,,,,,,,,2.615e-18,,,,,,,,,,,,,,
811.42,5.186e-3,1.129e-8,1.166e-13,6.311e-43,3.169e-17,,,1.095e-18,1.801e-19,,2.372e-15,5.179e-3,1.927e-28,4.224e-17,1.184e-20,2.789e-30,8.888e-18,,,,5.185e-18,2.410e-20,9.687e-18,,1.762e-26,,,,1.254e-21,2.561e-16,2.411e-18,1.365e-28,,,,,7.027e-6,,,,,,,,,2.615e-18,,,,,,,,,,,,,,
811.44,5.350e-3,9.440e-9,1.358e-13,6.337e-43,3.170e-17,,,1.095e-18,1.796e-19,,2.372e-15,5.344e-3,1.926e-28,4.225e-17,1.184e-20,2.783e-30,8.867e-18,,,,5.185e-18,2.423e-20,9.685e-18,,1.762e-26,,,,1.253e-21,2.561e-16,2.412e-18,1.369e-28,,,,,5.946e-6,,,,,,,,,2.615e-18,,,,,,,,,,,,,,
811.47,5.593e-3,7.206e-9,1.701e-13,6.375e-43,3.170e-17,,,1.095e-18,1.788e-19,,2.373e-15,5.589e-3,1.926e-28,4.227e-17,1.185e-20,2.775e-30,8.836e-18,,,,5.186e-18,2.443e-20,9.683e-18,,1.761e-26,,,,1.253e-21,2.562e-16,2.413e-18,1.375e-28,,,,,4.617e-6,,,,,,,,,2.616e-18,,,,,,,,,,,,,,
811.49,5.754e-3,6.010e-9,1.974e-13,6.401e-43,3.170e-17,,,1.095e-18,1.783e-19,,2.373e-15,5.750e-3,1.926e-28,4.228e-17,1.185e-20,2.769e-30,8.815e-18,,,,5.186e-18,2.457e-20,9.682e-18,,1.761e-26,,,,1.253e-21,2.562e-16,2.414e-18,1.379e-28,,,,,3.895e-6,,,,,,,,,2.616e-18,,,,,,,,,,,,,,
811.52,5.991e-3,4.567e-9,2.463e-13,6.440e-43,3.171e-17,,,1.095e-18,1.775e-19,,2.374e-15,5.988e-3,1.925e-28,4.230e-17,1.185e-20,2.760e-30,8.783e-18,,,,5.187e-18,2.479e-20,9.680e-18,,1.761e-26,,,,1.252e-21,2.562e-16,2.416e-18,1.385e-28,,,,,3.012e-6,,,,,,,,,2.616e-18,,,,,,,,,,,,,,
811.54,6.145e-3,3.798e-9,2.851e-13,6.465e-43,3.171e-17,,,1.095e-18,1.770e-19,,2.374e-15,6.142e-3,1.925e-28,4.231e-17,1.186e-20,2.754e-30,8.762e-18,,,,5.187e-18,2.494e-20,9.678e-18,,1.760e-26,,,,1.252e-21,2.563e-16,2.417e-18,1.389e-28,,,,,2.533e-6,,,,,,,,,2.616e-18,,,,,,,,,,,,,,
811.56,6.296e-3,3.155e-9,3.295e-13,6.491e-43,3.172e-17,,,1.095e-18,1.764e-19,,2.375e-15,6.294e-3,1.925e-28,4.233e-17,1.186e-20,2.749e-30,8.741e-18,,,,5.187e-18,2.509e-20,9.677e-18,,1.760e-26,,,,1.252e-21,2.563e-16,2.418e-18,1.393e-28,,,,,2.129e-6,,,,,,,,,2.617e-18,,,,,,,,,,,,,,
811.59,6.516e-3,2.383e-9,4.087e-13,6.530e-43,3.172e-17,,,1.095e-18,1.757e-19,,2.375e-15,6.514e-3,1.925e-28,4.234e-17,1.186e-20,2.740e-30,8.709e-18,,,,5.188e-18,2.531e-20,9.675e-18,,1.759e-26,,,,1.252e-21,2.563e-16,2.419e-18,1.400e-28,,,,,1.636e-6,,,,,,,,,2.617e-18,,,,,,,,,,,,,,
811.61,6.657e-3,1.973e-9,4.710e-13,6.556e-43,3.172e-17,,,1.095e-18,1.751e-19,,2.376e-15,6.656e-3,1.924e-28,4.236e-17,1.186e-20,2.734e-30,8.688e-18,,,,5.188e-18,2.545e-20,9.673e-18,,1.759e-26,,,,1.251e-21,2.563e-16,2.420e-18,1.404e-28,,,,,1.370e-6,,,,,,,,,2.617e-18,,,,,,,,,,,,,,
811.64,6.860e-3,1.484e-9,5.816e-13,6.594e-43,3.173e-17,,,1.095e-18,1.743e-19,,2.376e-15,6.858e-3,1.924e-28,4.237e-17,1.187e-20,2.725e-30,8.657e-18,,,,5.189e-18,2.565e-20,9.671e-18,,1.759e-26,,,,1.251e-21,2.564e-16,2.421e-18,1.410e-28,,,,,1.049e-6,,,,,,,,,2.618e-18,,,,,,,,,,,,,,
811.66,6.988e-3,1.226e-9,6.684e-13,6.620e-43,3.173e-17,,,1.095e-18,1.738e-19,,2.377e-15,6.987e-3,1.924e-28,4.239e-17,1.187e-20,2.720e-30,8.636e-18,,,,5.189e-18,2.578e-20,9.670e-18,,1.758e-26,,,,1.251e-21,2.564e-16,2.422e-18,1.414e-28,,,,,8.760e-7,,,,,,,,,2.618e-18,,,,,,,,,,,,,,
811.69,7.169e-3,9.176e-10,8.218e-13,6.659e-43,3.174e-17,,,1.095e-18,1.730e-19,,2.377e-15,7.169e-3,1.923e-28,4.240e-17,1.187e-20,2.711e-30,8.604e-18,,,,5.190e-18,2.594e-20,9.668e-18,,1.758e-26,,,,1.251e-21,2.564e-16,2.424e-18,1.420e-28,,,,,6.674e-7,,,,,,,,,2.618e-18,,,,,,,,,,,,,,
811.71,7.283e-3,7.555e-10,9.417e-13,6.685e-43,3.174e-17,,,1.095e-18,1.725e-19,,2.378e-15,7.282e-3,1.923e-28,4.242e-17,1.187e-20,2.705e-30,8.583e-18,,,,5.190e-18,2.604e-20,9.666e-18,,1.757e-26,,,,1.250e-21,2.564e-16,2.425e-18,1.424e-28,,,,,5.559e-7,,,,,,,,,2.618e-18,,,,,,,,,,,,,,
811.74,7.439e-3,5.632e-10,1.153e-12,6.723e-43,3.174e-17,,,1.095e-18,1.717e-19,,2.378e-15,7.439e-3,1.923e-28,4.243e-17,1.188e-20,2.696e-30,8.551e-18,,,,5.191e-18,2.616e-20,9.664e-18,,1.757e-26,,,,1.250e-21,2.565e-16,2.426e-18,1.430e-28,,,,,4.217e-7,,,,,,,,,2.619e-18,,,,,,,,,,,,,,
811.76,7.535e-3,4.623e-10,1.317e-12,6.749e-43,3.175e-17,,,1.095e-18,1.712e-19,,2.379e-15,7.535e-3,1.922e-28,4.245e-17,1.188e-20,2.691e-30,8.530e-18,,,,5.191e-18,2.622e-20,9.663e-18,,1.756e-26,,,,1.250e-21,2.565e-16,2.427e-18,1.434e-28,,,,,3.503e-7,,,,,,,,,2.619e-18,,,,,,,,,,,,,,
811.79,7.664e-3,3.431e-10,1.605e-12,6.788e-43,3.175e-17,,,1.094e-18,1.704e-19,,2.379e-15,7.663e-3,1.922e-28,4.246e-17,1.188e-20,2.682e-30,8.499e-18,,,,5.192e-18,2.627e-20,9.661e-18,,1.756e-26,,,,1.249e-21,2.565e-16,2.429e-18,1.440e-28,,,,,2.646e-7,,,,,,,,,2.619e-18,,,,,,,,,,,,,,
811.81,7.740e-3,2.809e-10,1.829e-12,6.813e-43,3.176e-17,,,1.094e-18,1.699e-19,,2.380e-15,7.739e-3,1.922e-28,4.248e-17,1.189e-20,2.676e-30,8.478e-18,,,,5.192e-18,2.629e-20,9.659e-18,,1.756e-26,,,,1.249e-21,2.565e-16,2.430e-18,1.444e-28,,,,,2.191e-7,,,,,,,,,2.620e-18,,,,,,,,,,,,,,
811.84,7.838e-3,2.076e-10,2.220e-12,6.852e-43,3.176e-17,,,1.094e-18,1.691e-19,,2.380e-15,7.838e-3,1.922e-28,4.249e-17,1.189e-20,2.667e-30,8.446e-18,,,,5.193e-18,2.628e-20,9.657e-18,,1.755e-26,,,,1.249e-21,2.566e-16,2.431e-18,1.450e-28,,,,,1.648e-7,,,,,,,,,2.620e-18,,,,,,,,,,,,,,
811.86,7.893e-3,1.694e-10,2.522e-12,6.878e-43,3.176e-17,,,1.094e-18,1.686e-19,,2.381e-15,7.893e-3,1.921e-28,4.251e-17,1.189e-20,2.661e-30,8.425e-18,,,,5.193e-18,2.624e-20,9.656e-18,,1.755e-26,,,,1.249e-21,2.566e-16,2.432e-18,1.454e-28,,,,,1.361e-7,,,,,,,,,2.620e-18,,,,,,,,,,,,,,
811.89,7.958e-3,1.246e-10,3.047e-12,6.917e-43,3.177e-17,,,1.094e-18,1.678e-19,,2.381e-15,7.958e-3,1.921e-28,4.252e-17,1.189e-20,2.653e-30,8.393e-18,,,,5.193e-18,2.615e-20,9.654e-18,,1.754e-26,,,,1.248e-21,2.566e-16,2.434e-18,1.460e-28,,,,,1.019e-7,,,,,,,,,2.621e-18,,,,,,,,,,,,,,
811.91,7.991e-3,1.014e-10,3.452e-12,6.942e-43,3.177e-17,,,1.094e-18,1.672e-19,,2.382e-15,7.990e-3,1.921e-28,4.254e-17,1.190e-20,2.647e-30,8.372e-18,,,,5.194e-18,2.606e-20,9.652e-18,,1.754e-26,,,,1.248e-21,2.566e-16,2.435e-18,1.464e-28,,,,,8.389e-8,,,,,,,,,2.621e-18,,,,,,,,,,,,,,
811.93,8.014e-3,8.243e-11,3.906e-12,6.968e-43,3.178e-17,,,1.094e-18,1.667e-19,,2.382e-15,8.014e-3,1.920e-28,4.255e-17,1.190e-20,2.641e-30,8.351e-18,,,,5.194e-18,2.596e-20,9.651e-18,,1.754e-26,,,,1.248e-21,2.567e-16,2.435e-18,1.468e-28,,,,,6.899e-8,,,,,,,,,2.621e-18,,,,,,,,,,,,,,
811.96,8.031e-3,6.027e-11,4.691e-12,7.007e-43,3.178e-17,,,1.094e-18,1.659e-19,,2.383e-15,8.031e-3,1.920e-28,4.257e-17,1.190e-20,2.632e-30,8.320e-18,,,,5.195e-18,2.575e-20,9.649e-18,,1.753e-26,,,,1.247e-21,2.567e-16,2.437e-18,1.474e-28,,,,,5.135e-8,,,,,,,,,2.621e-18,,,,,,,,,,,,,,
811.98,8.031e-3,4.885e-11,5.293e-12,7.033e-43,3.178e-17,,,1.094e-18,1.654e-19,,2.383e-15,8.031e-3,1.920e-28,4.258e-17,1.190e-20,2.627e-30,8.299e-18,,,,5.195e-18,2.558e-20,9.647e-18,,1.753e-26,,,,1.247e-21,2.567e-16,2.438e-18,1.478e-28,,,,,4.211e-8,,,,,,,,,2.622e-18,,,,,,,,,,,,,,
812.01,8.014e-3,3.556e-11,6.329e-12,7.071e-43,3.179e-17,,,1.094e-18,1.646e-19,,2.384e-15,8.014e-3,1.919e-28,4.260e-17,1.191e-20,2.618e-30,8.267e-18,,,,5.196e-18,2.529e-20,9.645e-18,,1.752e-26,,,,1.247e-21,2.568e-16,2.439e-18,1.485e-28,,,,,3.120e-8,,,,,,,,,2.622e-18,,,,,,,,,,,,,,
812.03,7.991e-3,2.873e-11,7.120e-12,7.097e-43,3.179e-17,,,1.094e-18,1.641e-19,,2.384e-15,7.990e-3,1.919e-28,4.261e-17,1.191e-20,2.612e-30,8.246e-18,,,,5.196e-18,2.507e-20,9.644e-18,,1.752e-26,,,,1.247e-21,2.568e-16,2.440e-18,1.489e-28,,,,,2.551e-8,,,,,,,,,2.622e-18,,,,,,,,,,,,,,
812.06,7.939e-3,2.083e-11,8.478e-12,7.136e-43,3.180e-17,,,1.094e-18,1.633e-19,,2.385e-15,7.938e-3,1.919e-28,4.263e-17,1.191e-20,2.603e-30,8.214e-18,,,,5.197e-18,2.470e-20,9.642e-18,,1.751e-26,,,,1.246e-21,2.568e-16,2.442e-18,1.495e-28,,,,,1.883e-8,,,,,,,,,2.623e-18,,,,,,,,,,,,,,
812.08,7.893e-3,1.678e-11,9.510e-12,7.161e-43,3.180e-17,,,1.094e-18,1.628e-19,,2.385e-15,7.893e-3,1.919e-28,4.264e-17,1.191e-20,2.598e-30,8.193e-18,,,,5.197e-18,2.442e-20,9.640e-18,,1.751e-26,,,,1.246e-21,2.568e-16,2.443e-18,1.499e-28,,,,,1.535e-8,,,,,,,,,2.623e-18,,,,,,,,,,,,,,
812.11,7.807e-3,1.211e-11,1.127e-11,7.200e-43,3.180e-17,,,1.094e-18,1.620e-19,,2.386e-15,7.807e-3,1.918e-28,4.266e-17,1.192e-20,2.589e-30,8.162e-18,,,,5.197e-18,2.397e-20,9.638e-18,,1.750e-26,,,,1.246e-21,2.569e-16,2.444e-18,1.505e-28,,,,,1.128e-8,,,,,,,,,2.623e-18,,,,,,,,,,,,,,
812.13,7.739e-3,9.728e-12,1.261e-11,7.226e-43,3.181e-17,,,1.094e-18,1.615e-19,,2.386e-15,7.739e-3,1.918e-28,4.267e-17,1.192e-20,2.583e-30,8.141e-18,,,,5.198e-18,2.364e-20,9.637e-18,,1.750e-26,,,,1.245e-21,2.569e-16,2.445e-18,1.509e-28,,,,,9.167e-9,,,,,,,,,2.624e-18,,,,,,,,,,,,,,
812.16,7.622e-3,6.989e-12,1.488e-11,7.265e-43,3.181e-17,,,1.094e-18,1.607e-19,,2.387e-15,7.622e-3,1.918e-28,4.269e-17,1.192e-20,2.574e-30,8.109e-18,,,,5.198e-18,2.311e-20,9.635e-18,,1.750e-26,,,,1.245e-21,2.569e-16,2.447e-18,1.515e-28,,,,,6.705e-9,,,,,,,,,2.624e-18,,,,,,,,,,,,,,
812.18,7.535e-3,5.598e-12,1.660e-11,7.290e-43,3.182e-17,,,1.094e-18,1.601e-19,,2.387e-15,7.535e-3,1.917e-28,4.270e-17,1.193e-20,2.568e-30,8.088e-18,,,,5.199e-18,2.274e-20,9.633e-18,,1.749e-26,,,,1.245e-21,2.569e-16,2.448e-18,1.519e-28,,,,,5.435e-9,,,,,,,,,2.624e-18,,,,,,,,,,,,,,
812.21,7.388e-3,4.004e-12,1.951e-11,7.329e-43,3.182e-17,,,1.094e-18,1.594e-19,,2.388e-15,7.388e-3,1.917e-28,4.272e-17,1.193e-20,2.560e-30,8.056e-18,,,,5.199e-18,2.215e-20,9.631e-18,,1.749e-26,,,,1.244e-21,2.570e-16,2.449e-18,1.525e-28,,,,,3.958e-9,,,,,,,,,2.625e-18,,,,,,,,,,,,,,
812.23,7.282e-3,3.198e-12,2.170e-11,7.355e-43,3.182e-17,,,1.093e-18,1.588e-19,,2.388e-15,7.282e-3,1.917e-28,4.273e-17,1.193e-20,2.554e-30,8.035e-18,,,,5.200e-18,2.174e-20,9.630e-18,,1.748e-26,,,,1.244e-21,2.570e-16,2.450e-18,1.529e-28,,,,,3.200e-9,,,,,,,,,2.625e-18,,,,,,,,,,,,,,
812.26,7.110e-3,2.278e-12,2.539e-11,7.393e-43,3.183e-17,,,1.093e-18,1.580e-19,,2.389e-15,7.110e-3,1.916e-28,4.275e-17,1.193e-20,2.545e-30,8.004e-18,,,,5.200e-18,2.110e-20,9.628e-18,,1.748e-26,,,,1.244e-21,2.570e-16,2.451e-18,1.535e-28,,,,,2.320e-9,,,,,,,,,2.625e-18,,,,,,,,,,,,,,
812.28,6.987e-3,1.814e-12,2.816e-11,7.419e-43,3.183e-17,,,1.093e-18,1.575e-19,,2.389e-15,6.987e-3,1.916e-28,4.276e-17,1.194e-20,2.539e-30,7.982e-18,,,,5.201e-18,2.065e-20,9.626e-18,,1.748e-26,,,,1.244e-21,2.570e-16,2.452e-18,1.539e-28,,,,,1.870e-9,,,,,,,,,2.625e-18,,,,,,,,,,,,,,
812.3,6.858e-3,1.443e-12,3.118e-11,7.445e-43,3.184e-17,,,1.093e-18,1.570e-19,,2.390e-15,6.858e-3,1.916e-28,4.277e-17,1.194e-20,2.534e-30,7.961e-18,,,,5.201e-18,2.020e-20,9.625e-18,,1.747e-26,,,,1.243e-21,2.571e-16,2.453e-18,1.543e-28,,,,,1.505e-9,,,,,,,,,2.626e-18,,,,,,,,,,,,,,
812.33,6.656e-3,1.021e-12,3.627e-11,7.484e-43,3.184e-17,,,1.093e-18,1.562e-19,,2.390e-15,6.656e-3,1.915e-28,4.279e-17,1.194e-20,2.525e-30,7.930e-18,,,,5.202e-18,1.950e-20,9.623e-18,,1.747e-26,,,,1.243e-21,2.571e-16,2.455e-18,1.549e-28,,,,,1.085e-9,,,,,,,,,2.626e-18,,,,,,,,,,,,,,
812.35,6.514e-3,8.098e-13,4.006e-11,7.509e-43,3.184e-17,,,1.093e-18,1.557e-19,,2.391e-15,6.514e-3,1.915e-28,4.280e-17,1.194e-20,2.519e-30,7.909e-18,,,,5.202e-18,1.902e-20,9.622e-18,,1.746e-26,,,,1.243e-21,2.571e-16,2.456e-18,1.553e-28,,,,,8.708e-10,,,,,,,,,2.626e-18,,,,,,,,,,,,,,
812.38,6.294e-3,5.707e-13,4.639e-11,7.548e-43,3.185e-17,,,1.093e-18,1.549e-19,,2.391e-15,6.294e-3,1.915e-28,4.282e-17,1.195e-20,2.510e-30,7.877e-18,,,,5.202e-18,1.830e-20,9.619e-18,,1.746e-26,,,,1.243e-21,2.571e-16,2.457e-18,1.559e-28,,,,,6.249e-10,,,,,,,,,2.627e-18,,,,,,,,,,,,,,
812.4,6.142e-3,4.513e-13,5.109e-11,7.574e-43,3.185e-17,,,1.093e-18,1.544e-19,,2.392e-15,6.142e-3,1.915e-28,4.283e-17,1.195e-20,2.505e-30,7.856e-18,,,,5.203e-18,1.781e-20,9.618e-18,,1.746e-26,,,,1.242e-21,2.572e-16,2.458e-18,1.563e-28,,,,,5.001e-10,,,,,,,,,2.627e-18,,,,,,,,,,,,,,
812.43,5.909e-3,3.166e-13,5.891e-11,7.613e-43,3.186e-17,,,1.093e-18,1.536e-19,,2.392e-15,5.909e-3,1.914e-28,4.285e-17,1.195e-20,2.496e-30,7.824e-18,,,,5.203e-18,1.708e-20,9.616e-18,,1.745e-26,,,,1.242e-21,2.572e-16,2.460e-18,1.570e-28,,,,,3.573e-10,,,,,,,,,2.627e-18,,,,,,,,,,,,,,
812.45,5.750e-3,2.496e-13,6.469e-11,7.638e-43,3.186e-17,,,1.093e-18,1.530e-19,,2.393e-15,5.750e-3,1.914e-28,4.286e-17,1.196e-20,2.490e-30,7.803e-18,,,,5.204e-18,1.659e-20,9.615e-18,,1.745e-26,,,,1.242e-21,2.572e-16,2.461e-18,1.574e-28,,,,,2.852e-10,,,,,,,,,2.627e-18,,,,,,,,,,,,,,
812.48,5.508e-3,1.744e-13,7.427e-11,7.677e-43,3.187e-17,,,1.093e-18,1.523e-19,,2.393e-15,5.508e-3,1.914e-28,4.288e-17,1.196e-20,2.481e-30,7.772e-18,,,,5.204e-18,1.586e-20,9.612e-18,,1.744e-26,,,,1.241e-21,2.573e-16,2.462e-18,1.580e-28,,,,,2.029e-10,,,,,,,,,2.628e-18,,,,,,,,,,,,,,
812.5,5.344e-3,1.371e-13,8.131e-11,7.703e-43,3.187e-17,,,1.093e-18,1.517e-19,,2.394e-15,5.344e-3,1.913e-28,4.289e-17,1.196e-20,2.476e-30,7.751e-18,,,,5.205e-18,1.537e-20,9.611e-18,,1.744e-26,,,,1.241e-21,2.573e-16,2.463e-18,1.584e-28,,,,,1.614e-10,,,,,,,,,2.628e-18,,,,,,,,,,,,,,
812.53,5.096e-3,9.534e-14,9.295e-11,7.742e-43,3.187e-17,,,1.093e-18,1.509e-19,,2.394e-15,5.096e-3,1.913e-28,4.291e-17,1.196e-20,2.467e-30,7.719e-18,,,,5.205e-18,1.465e-20,9.609e-18,,1.743e-26,,,,1.241e-21,2.573e-16,2.464e-18,1.590e-28,,,,,1.143e-10,,,,,,,,,2.628e-18,,,,,,,,,,,,,,
812.55,4.930e-3,7.473e-14,1.015e-10,7.767e-43,3.188e-17,,,1.093e-18,1.504e-19,,2.395e-15,4.930e-3,1.913e-28,4.292e-17,1.197e-20,2.461e-30,7.698e-18,,,,5.206e-18,1.418e-20,9.607e-18,,1.743e-26,,,,1.241e-21,2.573e-16,2.465e-18,1.594e-28,,,,,9.073e-11,,,,,,,,,2.629e-18,,,,,,,,,,,,,,
812.58,4.682e-3,5.175e-14,1.155e-10,7.806e-43,3.188e-17,,,1.093e-18,1.496e-19,,2.395e-15,4.682e-3,1.912e-28,4.294e-17,1.197e-20,2.452e-30,7.666e-18,,,,5.206e-18,1.349e-20,9.605e-18,,1.742e-26,,,,1.240e-21,2.574e-16,2.467e-18,1.600e-28,,,,,6.399e-11,,,,,,,,,2.629e-18,,,,,,,,,,,,,,
812.6,4.516e-3,4.044e-14,1.257e-10,7.832e-43,3.188e-17,,,1.093e-18,1.491e-19,,2.396e-15,4.516e-3,1.912e-28,4.295e-17,1.197e-20,2.446e-30,7.645e-18,,,,5.206e-18,1.305e-20,9.604e-18,,1.742e-26,,,,1.240e-21,2.574e-16,2.468e-18,1.604e-28,,,,,5.062e-11,,,,,,,,,2.629e-18,,,,,,,,,,,,,,
812.63,4.270e-3,2.788e-14,1.425e-10,7.870e-43,3.189e-17,,,1.093e-18,1.483e-19,,2.396e-15,4.270e-3,1.912e-28,4.297e-17,1.198e-20,2.438e-30,7.614e-18,,,,5.207e-18,1.239e-20,9.602e-18,,1.742e-26,,,,1.240e-21,2.574e-16,2.469e-18,1.610e-28,,,,,3.555e-11,,,,,,,,,2.630e-18,,,,,,,,,,,,,,
812.65,4.107e-3,2.173e-14,1.547e-10,7.896e-43,3.189e-17,,,1.092e-18,1.478e-19,,2.397e-15,4.107e-3,1.911e-28,4.298e-17,1.198e-20,2.432e-30,7.593e-18,,,,5.207e-18,1.197e-20,9.600e-18,,1.741e-26,,,,1.239e-21,2.574e-16,2.470e-18,1.614e-28,,,,,2.804e-11,,,,,,,,,2.630e-18,,,,,,,,,,,,,,
812.67,3.946e-3,1.691e-14,1.677e-10,7.922e-43,3.190e-17,,,1.092e-18,1.473e-19,,2.397e-15,3.946e-3,1.911e-28,4.299e-17,1.198e-20,2.426e-30,7.572e-18,,,,5.208e-18,1.157e-20,9.599e-18,,1.741e-26,,,,1.239e-21,2.575e-16,2.471e-18,1.618e-28,,,,,2.209e-11,,,,,,,,,2.630e-18,,,,,,,,,,,,,,
812.7,3.707e-3,1.159e-14,1.889e-10,7.961e-43,3.190e-17,,,1.092e-18,1.465e-19,,2.398e-15,3.707e-3,1.911e-28,4.301e-17,1.198e-20,2.417e-30,7.540e-18,,,,5.208e-18,1.099e-20,9.597e-18,,1.740e-26,,,,1.239e-21,2.575e-16,2.473e-18,1.624e-28,,,,,1.542e-11,,,,,,,,,2.630e-18,,,,,,,,,,,,,,
812.72,3.552e-3,8.993e-15,2.042e-10,7.986e-43,3.190e-17,,,1.092e-18,1.459e-19,,2.398e-15,3.552e-3,1.911e-28,4.302e-17,1.199e-20,2.412e-30,7.519e-18,,,,5.209e-18,1.062e-20,9.596e-18,,1.740e-26,,,,1.239e-21,2.575e-16,2.474e-18,1.628e-28,,,,,1.211e-11,,,,,,,,,2.631e-18,,,,,,,,,,,,,,
812.75,3.323e-3,6.135e-15,2.290e-10,8.025e-43,3.191e-17,,,1.092e-18,1.452e-19,,2.399e-15,3.323e-3,1.910e-28,4.304e-17,1.199e-20,2.403e-30,7.487e-18,,,,5.209e-18,1.010e-20,9.593e-18,,1.739e-26,,,,1.238e-21,2.575e-16,2.475e-18,1.634e-28,,,,,8.418e-12,,,,,,,,,2.631e-18,,,,,,,,,,,,,,
812.77,3.174e-3,4.747e-15,2.469e-10,8.051e-43,3.191e-17,,,1.092e-18,1.446e-19,,2.399e-15,3.174e-3,1.910e-28,4.305e-17,1.199e-20,2.397e-30,7.466e-18,,,,5.210e-18,9.773e-21,9.592e-18,,1.739e-26,,,,1.238e-21,2.576e-16,2.476e-18,1.638e-28,,,,,6.595e-12,,,,,,,,,2.631e-18,,,,,,,,,,,,,,
812.8,2.957e-3,3.224e-15,2.757e-10,8.090e-43,3.192e-17,,,1.092e-18,1.438e-19,,2.400e-15,2.957e-3,1.910e-28,4.307e-17,1.199e-20,2.388e-30,7.435e-18,,,,5.210e-18,9.319e-21,9.590e-18,,1.739e-26,,,,1.238e-21,2.576e-16,2.477e-18,1.644e-28,,,,,4.563e-12,,,,,,,,,2.632e-18,,,,,,,,,,,,,,
812.82,2.816e-3,2.488e-15,2.963e-10,8.115e-43,3.192e-17,,,1.092e-18,1.433e-19,,2.400e-15,2.816e-3,1.909e-28,4.308e-17,1.200e-20,2.383e-30,7.414e-18,,,,5.211e-18,9.041e-21,9.589e-18,,1.738e-26,,,,1.237e-21,2.576e-16,2.478e-18,1.648e-28,,,,,3.564e-12,,,,,,,,,2.632e-18,,,,,,,,,,,,,,
812.85,2.612e-3,1.682e-15,3.295e-10,8.154e-43,3.193e-17,,,1.092e-18,1.425e-19,,2.401e-15,2.612e-3,1.909e-28,4.310e-17,1.200e-20,2.374e-30,7.382e-18,,,,5.211e-18,8.661e-21,9.586e-18,,1.738e-26,,,,1.237e-21,2.576e-16,2.480e-18,1.655e-28,,,,,2.455e-12,,,,,,,,,2.632e-18,,,,,,,,,,,,,,
812.87,2.480e-3,1.294e-15,3.532e-10,8.180e-43,3.193e-17,,,1.092e-18,1.420e-19,,2.401e-15,2.480e-3,1.909e-28,4.311e-17,1.200e-20,2.368e-30,7.361e-18,,,,5.211e-18,8.433e-21,9.585e-18,,1.737e-26,,,,1.237e-21,2.577e-16,2.481e-18,1.659e-28,,,,,1.912e-12,,,,,,,,,2.633e-18,,,,,,,,,,,,,,
812.9,2.290e-3,8.712e-16,3.910e-10,8.218e-43,3.193e-17,,,1.092e-18,1.412e-19,,2.402e-15,2.290e-3,1.908e-28,4.313e-17,1.201e-20,2.359e-30,7.329e-18,,,,5.212e-18,8.130e-21,9.583e-18,,1.737e-26,,,,1.236e-21,2.577e-16,2.482e-18,1.665e-28,,,,,1.312e-12,,,,,,,,,2.633e-18,,,,,,,,,,,,,,
812.92,2.169e-3,6.683e-16,4.178e-10,8.244e-43,3.194e-17,,,1.092e-18,1.407e-19,,2.402e-15,2.169e-3,1.908e-28,4.314e-17,1.201e-20,2.353e-30,7.308e-18,,,,5.212e-18,7.954e-21,9.582e-18,,1.737e-26,,,,1.236e-21,2.577e-16,2.483e-18,1.669e-28,,,,,1.019e-12,,,,,,,,,2.633e-18,,,,,,,,,,,,,,
812.95,1.994e-3,4.479e-16,4.606e-10,8.283e-43,3.194e-17,,,1.092e-18,1.399e-19,,2.403e-15,1.994e-3,1.908e-28,4.316e-17,1.201e-20,2.345e-30,7.277e-18,,,,5.213e-18,7.731e-21,9.579e-18,,1.736e-26,,,,1.236e-21,2.578e-16,2.485e-18,1.675e-28,,,,,6.956e-13,,,,,,,,,2.634e-18,,,,,,,,,,,,,,
812.97,1.883e-3,3.426e-16,4.908e-10,8.309e-43,3.195e-17,,,1.092e-18,1.394e-19,,2.403e-15,1.883e-3,1.907e-28,4.317e-17,1.201e-20,2.339e-30,7.256e-18,,,,5.213e-18,7.610e-21,9.578e-18,,1.736e-26,,,,1.236e-21,2.578e-16,2.486e-18,1.679e-28,,,,,5.386e-13,,,,,,,,,2.634e-18,,,,,,,,,,,,,,
813,1.723e-3,2.286e-16,5.387e-10,8.347e-43,3.195e-17,,,1.092e-18,1.386e-19,,2.404e-15,1.723e-3,1.907e-28,4.319e-17,1.202e-20,2.330e-30,7.224e-18,,,,5.214e-18,7.468e-21,9.576e-18,,1.735e-26,,,,1.235e-21,2.578e-16,2.487e-18,1.685e-28,,,,,3.662e-13,,,,,,,,,2.634e-18,,,,,,,,,,,,,,
813.02,1.623e-3,1.743e-16,5.723e-10,8.373e-43,3.195e-17,,,1.092e-18,1.381e-19,,2.404e-15,1.623e-3,1.907e-28,4.321e-17,1.202e-20,2.324e-30,7.203e-18,,,,5.214e-18,7.400e-21,9.575e-18,,1.735e-26,,,,1.235e-21,2.578e-16,2.488e-18,1.689e-28,,,,,2.828e-13,,,,,,,,,2.634e-18,,,,,,,,,,,,,,
813.04,1.526e-3,1.328e-16,6.074e-10,8.399e-43,3.196e-17,,,1.092e-18,1.375e-19,,2.405e-15,1.526e-3,1.907e-28,4.322e-17,1.202e-20,2.319e-30,7.182e-18,,,,5.215e-18,7.354e-21,9.573e-18,,1.735e-26,,,,1.235e-21,2.578e-16,2.489e-18,1.693e-28,,,,,2.181e-13,,,,,,,,,2.635e-18,,,,,,,,,,,,,,
813.07,1.388e-3,8.808e-17,6.626e-10,8.438e-43,5.022e-17,,,1.092e-18,1.367e-19,,2.405e-15,1.388e-3,1.906e-28,4.324e-17,1.202e-20,2.310e-30,7.150e-18,,,,5.215e-18,7.326e-21,9.571e-18,,1.734e-26,,,,1.235e-21,2.579e-16,2.491e-18,1.699e-28,,,,,1.474e-13,,,,,,,,,2.635e-18,,,,,,,,,,,,,,
813.09,1.302e-3,6.689e-17,7.012e-10,8.463e-43,6.779e-17,,,1.091e-18,1.362e-19,,2.406e-15,1.302e-3,1.906e-28,4.325e-17,1.203e-20,2.304e-30,7.129e-18,,,,5.216e-18,7.333e-21,9.570e-18,,1.734e-26,,,,1.234e-21,2.579e-16,2.491e-18,1.703e-28,,,,,1.133e-13,,,,,,,,,2.635e-18,,,,,,,,,,,,,,
813.12,1.179e-3,4.417e-17,7.616e-10,8.502e-43,1.061e-16,,,1.091e-18,1.354e-19,,2.406e-15,1.179e-3,1.906e-28,4.327e-17,1.203e-20,2.295e-30,7.098e-18,,,,5.216e-18,7.383e-21,9.568e-18,,1.733e-26,,,,1.234e-21,2.579e-16,2.493e-18,1.709e-28,,,,,7.626e-14,,,,,,,,,2.636e-18,,,,,,,,,,,,,,
813.14,1.102e-3,3.345e-17,8.037e-10,8.528e-43,1.428e-16,,,1.091e-18,1.349e-19,,2.407e-15,1.102e-3,1.905e-28,4.328e-17,1.203e-20,2.290e-30,7.077e-18,,,,5.216e-18,7.442e-21,9.566e-18,,1.733e-26,,,,1.234e-21,2.580e-16,2.494e-18,1.713e-28,,,,,5.847e-14,,,,,,,,,2.636e-18,,,,,,,,,,,,,,
813.17,9.944e-4,2.199e-17,8.692e-10,8.566e-43,2.225e-16,,,1.091e-18,1.341e-19,,2.407e-15,9.944e-4,1.905e-28,4.330e-17,1.203e-20,2.281e-30,7.045e-18,,,,5.217e-18,7.568e-21,9.564e-18,,1.732e-26,,,,1.233e-21,2.580e-16,2.495e-18,1.719e-28,,,,,3.917e-14,,,,,,,,,2.636e-18,,,,,,,,,,,,,,
813.19,9.269e-4,1.660e-17,9.145e-10,8.592e-43,2.986e-16,,,1.091e-18,1.336e-19,,2.408e-15,9.269e-4,1.905e-28,4.331e-17,1.204e-20,2.275e-30,7.024e-18,,,,5.217e-18,7.676e-21,9.563e-18,,1.732e-26,,,,1.233e-21,2.580e-16,2.496e-18,1.723e-28,,,,,2.995e-14,,,,,,,,,2.636e-18,,,,,,,,,,,,,,
813.22,8.325e-4,1.087e-17,9.848e-10,8.631e-43,4.632e-16,,,1.091e-18,1.328e-19,,2.408e-15,8.325e-4,1.904e-28,4.333e-17,1.204e-20,2.266e-30,6.992e-18,,,,5.218e-18,7.872e-21,9.561e-18,,1.731e-26,,,,1.233e-21,2.580e-16,2.498e-18,1.729e-28,,,,,1.998e-14,,,,,,,,,2.637e-18,,,,,,,,,,,,,,
813.24,7.738e-4,8.182e-18,1.033e-9,8.657e-43,6.199e-16,,,1.091e-18,1.323e-19,,2.409e-15,7.738e-4,1.904e-28,4.334e-17,1.204e-20,2.261e-30,6.971e-18,,,,5.218e-18,8.026e-21,9.559e-18,,1.731e-26,,,,1.233e-21,2.581e-16,2.499e-18,1.733e-28,,,,,1.523e-14,,,,,,,,,2.637e-18,,,,,,,,,,,,,,
813.27,6.919e-4,5.332e-18,1.108e-9,8.695e-43,9.577e-16,,,1.091e-18,1.315e-19,,2.409e-15,6.919e-4,1.904e-28,4.336e-17,1.205e-20,2.252e-30,6.940e-18,,,,5.219e-18,8.288e-21,9.557e-18,,1.731e-26,,,,1.232e-21,2.581e-16,2.500e-18,1.740e-28,,,,,1.011e-14,,,,,,,,,2.637e-18,,,,,,,,,,,,,,
813.29,6.412e-4,4.002e-18,1.159e-9,8.721e-43,1.278e-15,,,1.091e-18,1.310e-19,,2.410e-15,6.412e-4,1.904e-28,4.337e-17,1.205e-20,2.246e-30,6.918e-18,,,,5.219e-18,8.483e-21,9.556e-18,,1.730e-26,,,,1.232e-21,2.581e-16,2.501e-18,1.744e-28,,,,,7.687e-15,,,,,,,,,2.638e-18,,,,,,,,,,,,,,
813.32,5.709e-4,2.597e-18,1.237e-9,8.760e-43,1.966e-15,,,1.091e-18,1.302e-19,,2.410e-15,5.709e-4,1.903e-28,4.339e-17,1.205e-20,2.237e-30,6.887e-18,,,,5.220e-18,8.804e-21,9.554e-18,,1.730e-26,,,,1.232e-21,2.581e-16,2.503e-18,1.750e-28,,,,,5.083e-15,,,,,,,,,2.638e-18,,,,,,,,,,,,,,
813.34,5.276e-4,1.944e-18,1.290e-9,8.786e-43,2.616e-15,,,1.091e-18,1.296e-19,,2.411e-15,5.276e-4,1.903e-28,4.340e-17,1.205e-20,2.231e-30,6.866e-18,,,,5.220e-18,9.036e-21,9.552e-18,,1.729e-26,,,,1.231e-21,2.582e-16,2.504e-18,1.754e-28,,,,,3.853e-15,,,,,,,,,2.638e-18,,,,,,,,,,,,,,
813.37,4.676e-4,1.256e-18,1.371e-9,8.824e-43,4.007e-15,,,1.091e-18,1.289e-19,,2.412e-15,4.676e-4,1.903e-28,4.342e-17,1.206e-20,2.223e-30,6.834e-18,,,,5.221e-18,9.408e-21,9.550e-18,,1.729e-26,,,,1.231e-21,2.582e-16,2.505e-18,1.760e-28,,,,,2.536e-15,,,,,,,,,2.639e-18,,,,,,,,,,,,,,
813.39,4.309e-4,9.370e-19,1.426e-9,8.850e-43,5.316e-15,,,1.091e-18,1.283e-19,,2.412e-15,4.309e-4,1.902e-28,4.343e-17,1.206e-20,2.217e-30,6.813e-18,,,,5.221e-18,9.671e-21,9.549e-18,,1.729e-26,,,,1.231e-21,2.582e-16,2.506e-18,1.764e-28,,,,,1.917e-15,,,,,,,,,2.639e-18,,,,,,,,,,,,,,
813.42,3.803e-4,6.027e-19,1.510e-9,8.889e-43,8.108e-15,,,1.091e-18,1.275e-19,,2.413e-15,3.803e-4,1.902e-28,4.345e-17,1.206e-20,2.208e-30,6.782e-18,,,,5.222e-18,1.009e-20,9.546e-18,,1.728e-26,,,,1.230e-21,2.583e-16,2.507e-18,1.770e-28,,,,,1.256e-15,,,,,,,,,2.639e-18,,,,,,,,,,,,,,
813.44,3.494e-4,4.484e-19,1.566e-9,8.914e-43,1.073e-14,,,1.091e-18,1.270e-19,,2.413e-15,3.494e-4,1.902e-28,4.346e-17,1.206e-20,2.202e-30,6.760e-18,,,,5.222e-18,1.037e-20,9.545e-18,,1.728e-26,,,,1.230e-21,2.583e-16,2.508e-18,1.774e-28,,,,,9.468e-16,,,,,,,,,2.639e-18,,,,,,,,,,,,,,
813.46,3.206e-4,3.332e-19,1.622e-9,8.940e-43,1.418e-14,,,1.091e-18,1.265e-19,,2.413e-15,3.206e-4,1.901e-28,4.347e-17,1.207e-20,2.197e-30,6.739e-18,,,,5.222e-18,1.067e-20,9.544e-18,,1.727e-26,,,,1.230e-21,2.583e-16,2.509e-18,1.778e-28,,,,,7.126e-16,,,,,,,,,2.640e-18,,,,,,,,,,,,,,
813.49,2.813e-4,2.130e-19,1.706e-9,8.979e-43,2.149e-14,,,1.091e-18,1.257e-19,,2.414e-15,2.813e-4,1.901e-28,4.349e-17,1.207e-20,2.188e-30,6.708e-18,,,,5.223e-18,1.113e-20,9.542e-18,,1.727e-26,,,,1.230e-21,2.583e-16,2.511e-18,1.784e-28,,,,,4.643e-16,,,,,,,,,2.640e-18,,,,,,,,,,,,,,
813.51,2.574e-4,1.579e-19,1.762e-9,9.005e-43,2.832e-14,,,1.090e-18,1.252e-19,,2.414e-15,2.574e-4,1.901e-28,4.350e-17,1.207e-20,2.182e-30,6.687e-18,,,,5.223e-18,1.144e-20,9.540e-18,,1.726e-26,,,,1.229e-21,2.584e-16,2.512e-18,1.788e-28,,,,,3.484e-16,,,,,,,,,2.640e-18,,,,,,,,,,,,,,
813.54,2.248e-4,1.005e-19,1.846e-9,9.043e-43,4.275e-14,,,1.090e-18,1.244e-19,,2.415e-15,2.248e-4,1.900e-28,4.352e-17,1.208e-20,2.173e-30,6.655e-18,,,,5.224e-18,1.192e-20,9.538e-18,,1.726e-26,,,,1.229e-21,2.584e-16,2.513e-18,1.794e-28,,,,,2.260e-16,,,,,,,,,2.641e-18,,,,,,,,,,,,,,
813.56,2.051e-4,7.423e-20,1.901e-9,9.069e-43,5.617e-14,,,1.090e-18,1.239e-19,,2.415e-15,2.051e-4,1.900e-28,4.353e-17,1.208e-20,2.168e-30,6.634e-18,,,,5.224e-18,1.224e-20,9.537e-18,,1.726e-26,,,,1.229e-21,2.584e-16,2.514e-18,1.798e-28,,,,,1.691e-16,,,,,,,,,2.641e-18,,,,,,,,,,,,,,
813.59,1.784e-4,4.704e-20,1.982e-9,9.108e-43,8.443e-14,,,1.090e-18,1.231e-19,,2.416e-15,1.784e-4,1.900e-28,4.355e-17,1.208e-20,2.159e-30,6.602e-18,,,,5.225e-18,1.273e-20,9.535e-18,,1.725e-26,,,,1.228e-21,2.584e-16,2.516e-18,1.804e-28,,,,,1.092e-16,,,,,,,,,2.641e-18,,,,,,,,,,,,,,
813.61,1.623e-4,3.465e-20,2.036e-9,9.134e-43,1.106e-13,,,1.090e-18,1.225e-19,,2.416e-15,1.623e-4,1.900e-28,4.356e-17,1.208e-20,2.153e-30,6.581e-18,,,,5.225e-18,1.305e-20,9.533e-18,,1.725e-26,,,,1.228e-21,2.585e-16,2.517e-18,1.808e-28,,,,,8.149e-17,,,,,,,,,2.642e-18,,,,,,,,,,,,,,
813.64,1.405e-4,4.007e-20,2.114e-9,9.172e-43,1.656e-13,,,1.090e-18,1.218e-19,,2.417e-15,1.405e-4,1.899e-28,4.358e-17,1.209e-20,2.144e-30,6.550e-18,,,,5.226e-18,1.353e-20,9.531e-18,,1.724e-26,,,,1.228e-21,2.585e-16,2.518e-18,1.814e-28,,,,,5.240e-17,,,,,,,,,2.642e-18,,,,,,,,,,,,,,
813.66,1.274e-4,4.368e-20,2.164e-9,9.198e-43,2.163e-13,,,1.090e-18,1.212e-19,,2.417e-15,1.274e-4,1.899e-28,4.359e-17,1.209e-20,2.139e-30,6.529e-18,,,,5.226e-18,1.385e-20,9.530e-18,,1.724e-26,,,,1.228e-21,2.585e-16,2.519e-18,1.818e-28,,,,,3.899e-17,,,,,,,,,2.642e-18,,,,,,,,,,,,,,
813.69,1.099e-4,4.910e-20,2.238e-9,9.237e-43,3.224e-13,,,1.090e-18,1.204e-19,,2.418e-15,1.099e-4,1.899e-28,4.361e-17,1.209e-20,2.130e-30,6.497e-18,,,,5.227e-18,1.432e-20,9.528e-18,,1.723e-26,,,,1.227e-21,2.585e-16,2.520e-18,1.825e-28,,,,,2.496e-17,,,,,,,,,2.643e-18,,,,,,,,,,,,,,
813.71,9.937e-5,5.272e-20,2.285e-9,9.263e-43,4.200e-13,,,1.090e-18,1.199e-19,,2.418e-15,9.937e-5,1.898e-28,4.362e-17,1.209e-20,2.124e-30,6.476e-18,,,,5.227e-18,1.462e-20,9.526e-18,,1.723e-26,,,,1.227e-21,2.586e-16,2.521e-18,1.829e-28,,,,,1.682e-17,,,,,,,,,2.643e-18,,,,,,,,,,,,,,
813.74,8.529e-5,5.814e-20,2.352e-9,9.301e-43,6.232e-13,,,1.090e-18,1.191e-19,,2.419e-15,8.529e-5,1.898e-28,4.364e-17,1.210e-20,2.115e-30,6.444e-18,,,,5.227e-18,1.507e-20,9.524e-18,,1.722e-26,,,,1.227e-21,2.586e-16,2.523e-18,1.835e-28,,,,,1.074e-17,,,,,,,,,2.643e-18,,,,,,,,,,,,,,
813.76,7.692e-5,6.175e-20,2.394e-9,9.327e-43,8.096e-13,,,1.090e-18,1.186e-19,,2.419e-15,7.692e-5,1.898e-28,4.365e-17,1.210e-20,2.109e-30,6.423e-18,,,,5.228e-18,1.535e-20,9.523e-18,,1.722e-26,,,,1.227e-21,2.586e-16,2.524e-18,1.839e-28,,,,,7.948e-18,,,,,,,,,2.643e-18,,,,,,,,,,,,,,
813.79,6.574e-5,6.717e-20,2.454e-9,9.366e-43,1.196e-12,,,1.090e-18,1.178e-19,,2.420e-15,6.574e-5,1.897e-28,4.367e-17,1.210e-20,5.351e-30,6.392e-18,,,,5.228e-18,1.576e-20,9.521e-18,,1.722e-26,,,,1.226e-21,2.586e-16,2.525e-18,1.845e-28,,,,,5.051e-18,,,,,,,,,2.644e-18,,,,,,,,,,,,,,
813.81,5.912e-5,7.078e-20,2.491e-9,9.391e-43,1.550e-12,,,1.090e-18,1.173e-19,,2.420e-15,5.911e-5,1.897e-28,4.368e-17,1.211e-20,7.385e-30,6.371e-18,,,,5.229e-18,1.602e-20,9.519e-18,,1.721e-26,,,,1.226e-21,2.587e-16,2.526e-18,1.849e-28,,,,,3.728e-18,,,,,,,,,2.644e-18,,,,,,,,,,,,,,
813.83,5.310e-5,7.440e-20,2.526e-9,9.417e-43,2.005e-12,,,1.090e-18,1.168e-19,,2.421e-15,5.310e-5,1.897e-28,4.369e-17,1.211e-20,9.963e-30,6.350e-18,,,,5.229e-18,1.627e-20,9.518e-18,,1.721e-26,,,,1.226e-21,2.587e-16,2.527e-18,1.853e-28,,,,,2.748e-18,,,,,,,,,2.644e-18,,,,,,,,,,,,,,
813.86,4.510e-5,7.982e-20,2.574e-9,9.456e-43,2.945e-12,,,1.090e-18,1.160e-19,,2.421e-15,4.510e-5,1.896e-28,4.371e-17,1.211e-20,1.827e-29,6.318e-18,,,,5.230e-18,1.661e-20,9.516e-18,,1.720e-26,,,,1.225e-21,2.587e-16,2.529e-18,1.859e-28,,,,,2.684e-18,,,,,,,,,2.645e-18,,,,,,,,,,,,,,
813.88,4.039e-5,8.343e-20,2.602e-9,9.482e-43,3.799e-12,,,1.090e-18,1.154e-19,,2.422e-15,4.039e-5,1.896e-28,4.372e-17,1.211e-20,2.459e-29,6.297e-18,,,,5.230e-18,1.682e-20,9.514e-18,,1.720e-26,,,,1.225e-21,2.587e-16,2.530e-18,1.863e-28,,,,,2.640e-18,,,,,,,,,2.645e-18,,,,,,,,,,,,,,
813.91,3.416e-5,8.885e-20,2.639e-9,9.520e-43,5.556e-12,,,1.090e-18,1.147e-19,,2.422e-15,3.416e-5,1.896e-28,4.374e-17,1.212e-20,3.834e-29,6.265e-18,,,,5.231e-18,1.711e-20,9.512e-18,,1.720e-26,,,,1.225e-21,2.588e-16,2.531e-18,1.869e-28,,,,,2.576e-18,,,,,,,,,2.645e-18,,,,,,,,,,,,,,
813.93,3.051e-5,9.246e-20,2.661e-9,9.546e-43,7.148e-12,,,1.090e-18,1.141e-19,,2.423e-15,3.051e-5,1.896e-28,4.375e-17,1.212e-20,5.163e-29,6.244e-18,,,,5.231e-18,1.728e-20,9.511e-18,,1.719e-26,,,,1.225e-21,2.588e-16,2.532e-18,1.873e-28,,,,,2.533e-18,,,,,,,,,2.645e-18,,,,,,,,,,,,,,
813.96,2.569e-5,9.788e-20,2.688e-9,9.585e-43,1.041e-11,,,1.089e-18,1.133e-19,,2.424e-15,2.569e-5,1.895e-28,4.377e-17,1.212e-20,8.015e-29,6.213e-18,,,,5.232e-18,1.750e-20,9.509e-18,,1.719e-26,,,,1.224e-21,2.588e-16,2.534e-18,1.879e-28,,,,,2.468e-18,,,,,,,,,2.646e-18,,,,,,,,,,,,,,
813.98,2.287e-5,1.015e-19,2.702e-9,9.611e-43,1.335e-11,,,1.089e-18,1.128e-19,,2.424e-15,2.287e-5,1.895e-28,4.378e-17,1.212e-20,1.073e-28,6.192e-18,,,,5.232e-18,1.762e-20,9.507e-18,,1.718e-26,,,,1.224e-21,2.589e-16,2.534e-18,1.883e-28,,,,,2.425e-18,,,,,,,,,2.646e-18,,,,,,,,,,,,,,
814.01,1.918e-5,1.069e-19,2.717e-9,9.649e-43,1.936e-11,,,1.089e-18,1.120e-19,,2.425e-15,1.918e-5,1.895e-28,4.380e-17,1.213e-20,1.658e-28,6.160e-18,,,,5.232e-18,1.778e-20,9.505e-18,,1.718e-26,,,,1.224e-21,2.589e-16,2.536e-18,1.889e-28,,,,,2.360e-18,,,,,,,,,2.646e-18,,,,,,,,,,,,,,
814.03,1.703e-5,1.105e-19,2.723e-9,9.675e-43,2.477e-11,,,1.089e-18,1.115e-19,,2.425e-15,1.702e-5,1.894e-28,4.381e-17,1.213e-20,2.214e-28,6.139e-18,,,,5.233e-18,1.785e-20,9.504e-18,,1.718e-26,,,,1.223e-21,2.589e-16,2.537e-18,1.893e-28,,,,,2.317e-18,,,,,,,,,2.647e-18,,,,,,,,,,,,,,
814.06,1.421e-5,1.159e-19,2.727e-9,9.714e-43,3.576e-11,,,1.089e-18,1.107e-19,,2.426e-15,1.421e-5,1.894e-28,4.383e-17,1.213e-20,3.408e-28,6.107e-18,,,,5.233e-18,1.793e-20,9.502e-18,,1.717e-26,,,,1.223e-21,2.589e-16,2.538e-18,1.899e-28,,,,,2.252e-18,,,,,,,,,2.647e-18,,,,,,,,,,,,,,
814.08,1.258e-5,1.196e-19,2.725e-9,9.739e-43,4.561e-11,,,1.089e-18,1.102e-19,,2.426e-15,1.258e-5,1.894e-28,4.384e-17,1.213e-20,4.536e-28,6.086e-18,,,,5.234e-18,1.796e-20,9.500e-18,,1.717e-26,,,,1.223e-21,2.590e-16,2.539e-18,1.904e-28,,,,,2.209e-18,,,,,,,,,2.647e-18,,,,,,,,,,,,,,
814.11,1.046e-5,1.250e-19,2.717e-9,9.778e-43,6.556e-11,,,1.089e-18,1.094e-19,,2.427e-15,1.046e-5,1.893e-28,4.386e-17,1.214e-20,6.952e-28,6.055e-18,,,,5.234e-18,1.796e-20,9.498e-18,,1.716e-26,,,,1.222e-21,2.590e-16,2.541e-18,1.910e-28,,,,,2.144e-18,,,,,,,,,2.648e-18,,,,,,,,,,,,,,
814.13,9.233e-6,1.286e-19,2.707e-9,9.804e-43,8.339e-11,,,1.089e-18,1.089e-19,,2.427e-15,9.230e-6,1.893e-28,4.387e-17,1.214e-20,9.228e-28,6.034e-18,,,,5.235e-18,1.794e-20,9.497e-18,,1.716e-26,,,,1.222e-21,2.590e-16,2.542e-18,1.914e-28,,,,,2.101e-18,,,,,,,,,2.648e-18,,,,,,,,,,,,,,
814.16,7.641e-6,1.340e-19,2.688e-9,9.843e-43,1.194e-10,,,1.089e-18,1.081e-19,,2.428e-15,7.638e-6,1.893e-28,4.389e-17,1.214e-20,1.408e-27,6.002e-18,,,,5.235e-18,1.787e-20,9.495e-18,,1.715e-26,,,,1.222e-21,2.590e-16,2.543e-18,1.920e-28,,,,,2.036e-18,,,,,,,,,2.648e-18,,,,,,,,,,,,,,
814.18,6.725e-6,1.376e-19,2.671e-9,9.868e-43,1.514e-10,,,1.089e-18,1.076e-19,,2.428e-15,6.722e-6,1.892e-28,4.390e-17,1.215e-20,1.864e-27,5.981e-18,,,,5.236e-18,1.779e-20,9.493e-18,,1.715e-26,,,,1.222e-21,2.591e-16,2.544e-18,1.924e-28,,,,,1.993e-18,,,,,,,,,2.648e-18,,,,,,,,,,,,,,
814.2,5.913e-6,1.412e-19,2.651e-9,9.894e-43,1.918e-10,,,1.089e-18,1.070e-19,,2.428e-15,5.910e-6,1.892e-28,4.392e-17,1.215e-20,2.465e-27,5.960e-18,,,,5.236e-18,1.770e-20,9.492e-18,,1.715e-26,,,,1.221e-21,2.591e-16,2.545e-18,1.928e-28,,,,,1.950e-18,,,,,,,,,2.649e-18,,,,,,,,,,,,,,
814.23,4.864e-6,1.467e-19,2.615e-9,9.933e-43,2.729e-10,,,1.089e-18,1.062e-19,,2.429e-15,4.861e-6,1.892e-28,4.393e-17,1.215e-20,3.739e-27,5.928e-18,,,,5.236e-18,1.752e-20,9.490e-18,,1.714e-26,,,,1.221e-21,2.591e-16,2.547e-18,1.934e-28,,,,,1.885e-18,,,,,,,,,2.649e-18,,,,,,,,,,,,,,
814.25,4.264e-6,1.503e-19,2.588e-9,9.959e-43,3.447e-10,,,1.089e-18,1.057e-19,,2.429e-15,4.261e-6,1.892e-28,4.395e-17,1.215e-20,4.929e-27,5.907e-18,,,,5.237e-18,1.738e-20,9.488e-18,,1.714e-26,,,,1.221e-21,2.591e-16,2.548e-18,1.938e-28,,,,,1.842e-18,,,,,,,,,2.649e-18,,,,,,,,,,,,,,
814.28,3.492e-6,1.557e-19,2.543e-9,9.997e-43,4.884e-10,,,1.089e-18,1.049e-19,,2.430e-15,3.489e-6,1.891e-28,4.396e-17,1.216e-20,7.446e-27,5.876e-18,,,,5.237e-18,1.713e-20,9.486e-18,,1.713e-26,,,,1.220e-21,2.592e-16,2.549e-18,1.944e-28,,,,,1.777e-18,,,,,,,,,2.650e-18,,,,,,,,,,,,,,
814.3,3.053e-6,1.593e-19,2.509e-9,1.002e-42,6.152e-10,,,1.089e-18,1.044e-19,,2.430e-15,3.050e-6,1.891e-28,4.398e-17,1.216e-20,9.790e-27,5.854e-18,,,,5.238e-18,1.694e-20,9.485e-18,,1.713e-26,,,,1.220e-21,2.592e-16,2.550e-18,1.948e-28,,,,,1.734e-18,,,,,,,,,2.650e-18,,,,,,,,,,,,,,
814.33,2.490e-6,1.647e-19,2.454e-9,1.006e-42,8.678e-10,,,1.089e-18,1.036e-19,,2.431e-15,2.487e-6,1.891e-28,4.399e-17,1.216e-20,1.473e-26,5.823e-18,,,,5.238e-18,1.663e-20,9.483e-18,,1.712e-26,,,,1.220e-21,2.592e-16,2.551e-18,1.954e-28,,,,,1.669e-18,,,,,,,,,2.650e-18,,,,,,,,,,,,,,
814.35,2.171e-6,1.683e-19,2.415e-9,1.009e-42,1.090e-9,,,1.089e-18,1.031e-19,,2.431e-15,2.167e-6,1.890e-28,4.401e-17,1.216e-20,1.930e-26,5.802e-18,,,,5.239e-18,1.640e-20,9.481e-18,,1.712e-26,,,,1.220e-21,2.592e-16,2.552e-18,1.958e-28,,,,,1.626e-18,,,,,,,,,2.651e-18,,,,,,,,,,,,,,
814.38,1.763e-6,1.738e-19,2.352e-9,1.013e-42,1.531e-9,,,1.088e-18,1.023e-19,,2.432e-15,1.759e-6,1.890e-28,4.402e-17,1.217e-20,2.891e-26,5.770e-18,,,,5.239e-18,1.603e-20,9.479e-18,,1.712e-26,,,,1.219e-21,2.593e-16,2.554e-18,1.964e-28,,,,,1.561e-18,,,,,,,,,2.651e-18,,,,,,,,,,,,,,
814.4,1.533e-6,1.774e-19,2.308e-9,1.015e-42,1.918e-9,,,1.088e-18,1.018e-19,,2.432e-15,1.529e-6,1.890e-28,4.404e-17,1.217e-20,3.780e-26,5.749e-18,,,,5.240e-18,1.576e-20,9.478e-18,,1.711e-26,,,,1.219e-21,2.593e-16,2.555e-18,1.968e-28,,,,,1.518e-18,,,,,,,,,2.651e-18,,,,,,,,,,,,,,
814.43,1.241e-6,1.828e-19,2.238e-9,1.019e-42,2.682e-9,,,1.088e-18,1.010e-19,,2.433e-15,1.236e-6,1.889e-28,4.405e-17,1.217e-20,5.637e-26,5.718e-18,,,,5.240e-18,1.534e-20,9.476e-18,,1.711e-26,,,,1.219e-21,2.593e-16,2.556e-18,1.974e-28,,,,,1.453e-18,,,,,,,,,2.652e-18,,,,,,,,,,,,,,
814.45,1.076e-6,1.864e-19,2.189e-9,1.022e-42,3.350e-9,,,1.088e-18,1.005e-19,,2.433e-15,1.071e-6,1.889e-28,4.407e-17,1.218e-20,7.348e-26,5.696e-18,,,,5.241e-18,1.504e-20,9.474e-18,,1.710e-26,,,,1.219e-21,2.594e-16,2.557e-18,1.978e-28,,,,,1.410e-18,,,,,,,,,2.652e-18,,,,,,,,,,,,,,
814.48,8.685e-7,1.918e-19,2.114e-9,1.026e-42,4.665e-9,,,1.088e-18,9.967e-20,,2.434e-15,8.617e-7,1.889e-28,4.408e-17,1.218e-20,1.091e-25,5.665e-18,,,,5.241e-18,1.457e-20,9.472e-18,,1.710e-26,,,,1.218e-21,2.594e-16,2.559e-18,1.984e-28,,,,,1.345e-18,,,,,,,,,2.652e-18,,,,,,,,,,,,,,
814.5,7.523e-7,1.954e-19,2.062e-9,1.028e-42,5.809e-9,,,1.088e-18,9.914e-20,,2.435e-15,7.445e-7,1.888e-28,4.410e-17,1.218e-20,1.419e-25,5.644e-18,,,,5.241e-18,1.425e-20,9.471e-18,,1.709e-26,,,,1.218e-21,2.594e-16,2.560e-18,1.989e-28,,,,,1.302e-18,,,,,,,,,2.652e-18,,,,,,,,,,,,,,
814.53,6.066e-7,2.009e-19,1.982e-9,1.032e-42,8.056e-9,,,1.088e-18,9.835e-20,,2.435e-15,5.965e-7,1.888e-28,4.411e-17,1.218e-20,2.098e-25,5.612e-18,,,,5.242e-18,1.374e-20,9.469e-18,,1.709e-26,,,,1.218e-21,2.594e-16,2.561e-18,1.995e-28,,,,,1.237e-18,,,,,,,,,2.653e-18,,,,,,,,,,,,,,
814.55,5.258e-7,2.045e-19,1.928e-9,1.035e-42,1.000e-8,,,1.088e-18,9.783e-20,,2.436e-15,5.139e-7,1.888e-28,4.413e-17,1.219e-20,2.719e-25,5.591e-18,,,,5.242e-18,1.340e-20,9.467e-18,,1.709e-26,,,,1.217e-21,2.595e-16,2.562e-18,1.999e-28,,,,,1.194e-18,,,,,,,,,2.653e-18,,,,,,,,,,,,,,
814.57,4.564e-7,2.081e-19,1.873e-9,1.037e-42,1.241e-8,,,1.088e-18,9.730e-20,,2.436e-15,4.422e-7,1.888e-28,4.414e-17,1.219e-20,3.520e-25,5.570e-18,,,,5.243e-18,1.305e-20,9.466e-18,,1.708e-26,,,,1.217e-21,2.595e-16,2.563e-18,2.003e-28,,,,,1.151e-18,,,,,,,,,2.653e-18,,,,,,,,,,,,,,
814.6,3.710e-7,2.135e-19,1.790e-9,1.041e-42,1.710e-8,,,1.088e-18,9.651e-20,,2.437e-15,3.521e-7,1.887e-28,4.416e-17,1.219e-20,5.175e-25,5.538e-18,,,,5.243e-18,1.251e-20,9.464e-18,,1.708e-26,,,,1.217e-21,2.595e-16,2.564e-18,2.009e-28,,,,,1.086e-18,,,,,,,,,2.654e-18,,,,,,,,,,,,,,
814.62,3.250e-7,2.171e-19,1.734e-9,1.044e-42,2.115e-8,,,1.088e-18,9.599e-20,,2.437e-15,3.021e-7,1.887e-28,4.417e-17,1.219e-20,6.681e-25,5.517e-18,,,,5.244e-18,1.215e-20,9.462e-18,,1.707e-26,,,,1.217e-21,2.595e-16,2.565e-18,2.013e-28,,,,,1.043e-18,,,,,,,,,2.654e-18,,,,,,,,,,,,,,
814.65,2.703e-7,2.225e-19,1.650e-9,1.047e-42,2.903e-8,,,1.088e-18,9.520e-20,,2.438e-15,2.396e-7,1.887e-28,4.419e-17,1.220e-20,9.779e-25,5.486e-18,,,,5.244e-18,1.160e-20,9.460e-18,,1.707e-26,,,,1.216e-21,2.596e-16,2.567e-18,2.019e-28,,,,,9.781e-19,,,,,,,,,2.654e-18,,,,,,,,,,,,,,
814.67,2.424e-7,2.262e-19,1.594e-9,1.050e-42,3.581e-8,,,1.088e-18,9.467e-20,,2.438e-15,2.049e-7,1.886e-28,4.420e-17,1.220e-20,1.259e-24,5.465e-18,,,,5.245e-18,1.123e-20,9.459e-18,,1.707e-26,,,,1.216e-21,2.596e-16,2.568e-18,2.023e-28,,,,,9.349e-19,,,,,,,,,2.654e-18,,,,,,,,,,,,,,
814.7,2.123e-7,2.316e-19,1.510e-9,1.054e-42,4.894e-8,,,1.088e-18,9.388e-20,,2.439e-15,1.618e-7,1.886e-28,4.422e-17,1.220e-20,1.835e-24,5.433e-18,,,,5.245e-18,1.067e-20,9.457e-18,,1.706e-26,,,,1.216e-21,2.596e-16,2.569e-18,2.029e-28,,,,,8.702e-19,,,,,,,,,2.655e-18,,,,,,,,,,,,,,
814.72,1.997e-7,2.352e-19,1.454e-9,1.056e-42,6.018e-8,,,1.088e-18,9.336e-20,,2.439e-15,1.380e-7,1.886e-28,4.423e-17,1.221e-20,2.356e-24,5.412e-18,,,,5.245e-18,1.030e-20,9.455e-18,,1.706e-26,,,,1.215e-21,2.596e-16,2.570e-18,2.033e-28,,,,,8.270e-19,,,,,,,,,2.655e-18,,,,,,,,,,,,,,
814.75,1.918e-7,2.406e-19,1.371e-9,1.060e-42,8.190e-8,,,1.088e-18,9.257e-20,,2.440e-15,1.085e-7,1.885e-28,4.425e-17,1.221e-20,3.419e-24,5.380e-18,,,,5.246e-18,9.753e-21,9.453e-18,,1.705e-26,,,,1.215e-21,2.597e-16,2.572e-18,2.039e-28,,,,,7.622e-19,,,,,,,,,2.655e-18,,,,,,,,,,,,,,
814.77,1.940e-7,2.442e-19,1.317e-9,1.063e-42,1.004e-7,,,1.088e-18,9.204e-20,,2.440e-15,9.228e-8,1.885e-28,4.426e-17,1.221e-20,4.377e-24,5.359e-18,,,,5.246e-18,9.388e-21,9.452e-18,,1.705e-26,,,,1.215e-21,2.597e-16,2.573e-18,2.043e-28,,,,,7.191e-19,,,,,,,,,2.656e-18,,,,,,,,,,,,,,
814.8,2.095e-7,2.496e-19,1.237e-9,1.067e-42,1.361e-7,,,1.087e-18,9.125e-20,,2.441e-15,7.223e-8,1.885e-28,4.428e-17,1.221e-20,6.325e-24,5.328e-18,,,,5.247e-18,8.848e-21,9.450e-18,,1.704e-26,,,,1.907e-21,2.597e-16,2.574e-18,2.049e-28,,,,,6.543e-19,,,,,,,,,2.656e-18,,,,,,,,,,,,,,
814.82,2.288e-7,2.533e-19,1.185e-9,1.069e-42,1.664e-7,,,1.087e-18,9.073e-20,,2.441e-15,6.125e-8,1.885e-28,4.429e-17,1.222e-20,8.074e-24,5.307e-18,,,,5.247e-18,8.492e-21,9.448e-18,,1.704e-26,,,,2.572e-21,2.597e-16,2.575e-18,2.053e-28,,,,,6.111e-19,,,,,,,,,2.656e-18,,,,,,,,,,,,,,
814.85,2.733e-7,2.587e-19,1.108e-9,1.073e-42,2.245e-7,,,1.087e-18,8.994e-20,,2.442e-15,4.773e-8,1.884e-28,4.431e-17,1.222e-20,1.162e-23,5.275e-18,,,,5.248e-18,7.969e-21,9.446e-18,,1.703e-26,,,,4.021e-21,2.598e-16,2.576e-18,2.059e-28,,,,,5.463e-19,,,,,,,,,2.657e-18,,,,,,,,,,,,,,
814.87,3.151e-7,2.623e-19,1.058e-9,1.076e-42,2.737e-7,,,1.087e-18,8.941e-20,,2.442e-15,4.036e-8,1.884e-28,4.432e-17,1.222e-20,1.479e-23,5.254e-18,,,,5.248e-18,7.627e-21,9.445e-18,,1.703e-26,,,,5.408e-21,2.598e-16,2.577e-18,2.063e-28,,,,,5.032e-19,,,,,,,,,2.657e-18,,,,,,,,,,,,,,
814.9,4.000e-7,2.677e-19,9.848e-10,1.080e-42,3.677e-7,,,1.087e-18,8.862e-20,,2.443e-15,3.132e-8,1.884e-28,4.434e-17,1.223e-20,2.119e-23,5.222e-18,,,,8.238e-18,7.126e-21,9.443e-18,,1.703e-26,,,,8.418e-21,2.598e-16,2.579e-18,2.069e-28,,,,,4.384e-19,,,,,,,,,2.657e-18,,,,,,,,,,,,,,
814.92,4.744e-7,2.713e-19,9.376e-10,1.082e-42,4.471e-7,,,1.087e-18,8.810e-20,,2.443e-15,2.640e-8,1.883e-28,4.435e-17,1.223e-20,2.690e-23,5.201e-18,,,,1.111e-17,6.800e-21,9.441e-18,,1.702e-26,,,,1.129e-20,2.599e-16,2.580e-18,2.074e-28,,,,,3.952e-19,,,,,,,,,2.657e-18,,,,,,,,,,,,,,
814.94,5.661e-7,2.749e-19,8.917e-10,1.085e-42,5.429e-7,,,1.087e-18,8.757e-20,,2.443e-15,2.224e-8,1.883e-28,4.436e-17,1.223e-20,3.410e-23,5.180e-18,,,,1.497e-17,6.482e-21,9.440e-18,,1.702e-26,,,,1.513e-20,2.599e-16,2.581e-18,2.078e-28,,,,,3.520e-19,,,,,,,,,2.658e-18,,,,,,,,,,,,,,
814.97,7.430e-7,2.804e-19,8.252e-10,1.089e-42,7.250e-7,,,1.087e-18,8.678e-20,,2.444e-15,1.715e-8,1.883e-28,4.438e-17,1.223e-20,4.858e-23,5.149e-18,,,,2.336e-17,6.019e-21,9.438e-18,,1.701e-26,,,,2.340e-20,2.599e-16,2.582e-18,2.084e-28,,,,,2.873e-19,,,,,,,,,2.658e-18,,,,,,,,,,,,,,
814.99,8.931e-7,2.840e-19,7.825e-10,1.091e-42,8.780e-7,,,1.087e-18,8.626e-20,,2.444e-15,1.440e-8,1.882e-28,4.439e-17,1.224e-20,6.142e-23,5.128e-18,,,,3.138e-17,5.721e-21,9.436e-18,,1.701e-26,,,,3.126e-20,2.599e-16,2.583e-18,2.088e-28,,,,,2.441e-19,,,,,,,,,2.658e-18,,,,,,,,,,,,,,
815.02,1.179e-6,2.894e-19,7.210e-10,1.095e-42,1.167e-6,,,1.087e-18,8.547e-20,,2.445e-15,1.106e-8,1.882e-28,4.441e-17,1.224e-20,8.711e-23,5.096e-18,,,,4.875e-17,5.290e-21,9.434e-18,,1.701e-26,,,,4.816e-20,2.600e-16,2.585e-18,2.094e-28,,,,,1.793e-19,,,,,,,,,2.659e-18,,,,,,,,,,,,,,
815.04,1.420e-6,2.930e-19,6.817e-10,1.098e-42,1.410e-6,,,1.087e-18,8.494e-20,,2.445e-15,9.258e-9,1.882e-28,4.442e-17,1.224e-20,1.098e-22,5.075e-18,,,,6.530e-17,5.013e-21,9.433e-18,,1.700e-26,,,,6.416e-20,2.600e-16,2.586e-18,2.098e-28,,,,,2.424e-19,,,,,,,,,2.659e-18,,,,,,,,,,,,,,
815.07,1.874e-6,2.984e-19,6.254e-10,1.102e-42,1.866e-6,,,1.087e-18,8.415e-20,,2.446e-15,7.078e-9,1.881e-28,4.444e-17,1.224e-20,1.551e-22,5.043e-18,,,,1.010e-16,4.616e-21,9.431e-18,,1.700e-26,,,,9.843e-20,2.600e-16,2.587e-18,2.104e-28,,,,,3.801e-19,,,,,,,,,2.659e-18,,,,,,,,,,,,,,
815.09,2.254e-6,3.020e-19,5.897e-10,1.104e-42,2.247e-6,,,1.087e-18,8.363e-20,,2.447e-15,5.909e-9,1.881e-28,4.445e-17,1.225e-20,1.950e-22,5.022e-18,,,,1.350e-16,4.362e-21,9.429e-18,,1.699e-26,,,,1.307e-19,2.600e-16,2.588e-18,2.108e-28,,,,,5.123e-19,,,,,,,,,2.660e-18,,,,,,,,,,,,,,
815.12,2.968e-6,3.075e-19,5.387e-10,1.108e-42,2.963e-6,,,1.087e-18,8.284e-20,,2.447e-15,4.498e-9,1.881e-28,4.447e-17,1.225e-20,2.742e-22,4.991e-18,,,,2.079e-16,3.998e-21,9.427e-18,,1.699e-26,,,,1.997e-19,2.601e-16,2.590e-18,2.114e-28,,,,,7.999e-19,,,,,,,,,2.660e-18,,,,,,,,,,,,,,
815.14,3.561e-6,3.111e-19,5.064e-10,1.111e-42,3.557e-6,,,1.087e-18,8.231e-20,,2.448e-15,3.744e-9,1.881e-28,4.448e-17,1.225e-20,3.438e-22,4.970e-18,,,,2.769e-16,3.767e-21,9.426e-18,,1.698e-26,,,,2.645e-19,2.601e-16,2.590e-18,2.118e-28,,,,,1.075e-18,,,,,,,,,2.660e-18,,,,,,,,,,,,,,
815.17,4.673e-6,3.165e-19,4.606e-10,1.114e-42,4.669e-6,,,1.087e-18,8.153e-20,,2.448e-15,2.838e-9,1.880e-28,4.450e-17,1.225e-20,4.814e-22,4.938e-18,,,,4.248e-16,3.438e-21,9.424e-18,,1.698e-26,,,,4.023e-19,2.601e-16,2.592e-18,2.124e-28,,,,,1.671e-18,,,,,,,,,2.661e-18,,,,,,,,,,,,,,
815.19,5.593e-6,3.201e-19,4.317e-10,1.117e-42,5.590e-6,,,1.087e-18,8.100e-20,,2.449e-15,2.355e-9,1.880e-28,4.451e-17,1.226e-20,6.018e-22,4.917e-18,,,,5.642e-16,3.231e-21,9.422e-18,,1.698e-26,,,,5.314e-19,2.601e-16,2.593e-18,2.128e-28,,,,,2.240e-18,,,,,,,,,2.661e-18,,,,,,,,,,,,,,
815.22,7.309e-6,3.255e-19,3.910e-10,1.121e-42,7.307e-6,,,1.087e-18,8.021e-20,,2.449e-15,1.777e-9,1.880e-28,4.453e-17,1.226e-20,8.392e-22,4.885e-18,,,,8.617e-16,2.936e-21,9.420e-18,,1.697e-26,,,,8.049e-19,2.602e-16,2.594e-18,2.134e-28,,,,,3.468e-18,,,,,,,,,2.661e-18,,,,,,,,,,,,,,
815.24,8.724e-6,3.291e-19,3.654e-10,1.123e-42,8.722e-6,,,1.086e-18,7.968e-20,,2.450e-15,1.471e-9,1.879e-28,4.454e-17,1.226e-20,1.046e-21,4.864e-18,,,,1.141e-15,2.750e-21,9.419e-18,,1.697e-26,,,,1.060e-18,2.602e-16,2.595e-18,2.138e-28,,,,,4.634e-18,,,,,,,,,2.661e-18,,,,,,,,,,,,,,
815.27,1.135e-5,3.346e-19,3.295e-10,1.127e-42,1.135e-5,,,1.086e-18,7.890e-20,,2.450e-15,1.105e-9,1.879e-28,4.456e-17,1.227e-20,1.452e-21,4.833e-18,,,,1.736e-15,2.489e-21,9.417e-18,,1.696e-26,,,,1.599e-18,2.602e-16,2.597e-18,2.144e-28,,,,,7.144e-18,,,,,,,,,2.662e-18,,,,,,,,,,,,,,
815.29,1.351e-5,3.382e-19,3.071e-10,1.130e-42,1.351e-5,,,1.086e-18,7.837e-20,,2.451e-15,9.120e-10,1.879e-28,4.457e-17,1.227e-20,1.805e-21,4.812e-18,,,,2.292e-15,2.325e-21,9.415e-18,,1.696e-26,,,,2.099e-18,2.602e-16,2.598e-18,2.148e-28,,,,,9.520e-18,,,,,,,,,2.662e-18,,,,,,,,,,,,,,
815.32,1.751e-5,3.436e-19,2.757e-10,1.134e-42,1.751e-5,,,1.086e-18,7.758e-20,,2.451e-15,6.822e-10,1.878e-28,4.459e-17,1.227e-20,2.496e-21,4.780e-18,,,,3.472e-15,2.094e-21,9.413e-18,,1.695e-26,,,,3.153e-18,2.603e-16,2.599e-18,2.154e-28,,,,,1.461e-17,,,,,,,,,2.662e-18,,,,,,,,,,,,,,
815.34,2.079e-5,3.472e-19,2.562e-10,1.136e-42,2.079e-5,,,1.086e-18,7.706e-20,,2.452e-15,5.613e-10,1.878e-28,4.460e-17,1.227e-20,3.094e-21,4.759e-18,,,,4.572e-15,1.951e-21,9.412e-18,,1.695e-26,,,,4.129e-18,2.603e-16,2.600e-18,2.159e-28,,,,,1.942e-17,,,,,,,,,2.663e-18,,,,,,,,,,,,,,
815.36,2.465e-5,3.508e-19,2.378e-10,1.139e-42,2.464e-5,,,1.086e-18,7.653e-20,,2.452e-15,4.614e-10,1.878e-28,4.461e-17,1.228e-20,3.830e-21,4.738e-18,,,,6.014e-15,1.815e-21,9.410e-18,,1.695e-26,,,,5.400e-18,2.603e-16,2.601e-18,2.163e-28,,,,,2.577e-17,,,,,,,,,2.663e-18,,,,,,,,,,,,,,
815.39,3.175e-5,3.562e-19,2.122e-10,1.143e-42,3.175e-5,,,1.086e-18,7.574e-20,,2.453e-15,3.430e-10,1.877e-28,4.463e-17,1.228e-20,5.264e-21,4.706e-18,,,,9.053e-15,1.625e-21,9.408e-18,,1.694e-26,,,,8.061e-18,2.604e-16,2.603e-18,2.169e-28,,,,,3.933e-17,,,,,,,,,2.663e-18,,,,,,,,,,,,,,
815.41,3.753e-5,3.598e-19,1.964e-10,1.145e-42,3.753e-5,,,1.086e-18,7.521e-20,,2.453e-15,2.811e-10,1.877e-28,4.465e-17,1.228e-20,6.499e-21,4.685e-18,,,,1.188e-14,1.508e-21,9.407e-18,,1.694e-26,,,,1.051e-17,2.604e-16,2.604e-18,2.173e-28,,,,,5.205e-17,,,,,,,,,2.663e-18,,,,,,,,,,,,,,
815.44,4.814e-5,3.653e-19,1.745e-10,1.149e-42,4.814e-5,,,1.086e-18,7.443e-20,,2.454e-15,2.081e-10,1.877e-28,4.466e-17,1.228e-20,8.894e-21,4.654e-18,,,,1.780e-14,1.344e-21,9.405e-18,,1.693e-26,,,,1.563e-17,2.604e-16,2.605e-18,2.179e-28,,,,,7.908e-17,,,,,,,,,2.664e-18,,,,,,,,,,,,,,
815.46,5.675e-5,3.689e-19,1.611e-10,1.152e-42,5.675e-5,,,1.086e-18,7.390e-20,,2.454e-15,1.700e-10,1.877e-28,4.468e-17,1.229e-20,1.095e-20,4.632e-18,,,,2.328e-14,1.244e-21,9.403e-18,,1.693e-26,,,,2.033e-17,2.604e-16,2.606e-18,2.183e-28,,,,,1.044e-16,,,,,,,,,2.664e-18,,,,,,,,,,,,,,
815.49,7.249e-5,3.743e-19,1.425e-10,1.156e-42,7.249e-5,,,1.086e-18,7.311e-20,,2.455e-15,1.253e-10,1.876e-28,4.469e-17,1.229e-20,1.492e-20,4.601e-18,,,,3.475e-14,1.104e-21,9.401e-18,,1.692e-26,,,,3.009e-17,2.605e-16,2.607e-18,2.189e-28,,,,,1.579e-16,,,,,,,,,2.664e-18,,,,,,,,,,,,,,
815.51,8.521e-5,3.779e-19,1.311e-10,1.158e-42,8.521e-5,,,1.086e-18,7.259e-20,,2.455e-15,1.021e-10,1.876e-28,4.471e-17,1.229e-20,1.832e-20,4.580e-18,,,,4.533e-14,1.018e-21,9.400e-18,,1.692e-26,,,,3.902e-17,2.605e-16,2.608e-18,2.193e-28,,,,,2.078e-16,,,,,,,,,2.665e-18,,,,,,,,,,,,,,
815.54,1.084e-4,3.833e-19,1.155e-10,1.162e-42,1.084e-4,,,1.086e-18,7.180e-20,,2.456e-15,7.494e-11,1.876e-28,4.472e-17,1.230e-20,2.486e-20,4.548e-18,,,,6.737e-14,9.001e-22,9.398e-18,,1.692e-26,,,,5.751e-17,2.605e-16,2.610e-18,2.199e-28,,,,,3.130e-16,,,,,,,,,2.665e-18,,,,,,,,,,,,,,
815.56,1.270e-4,3.869e-19,1.060e-10,1.165e-42,1.270e-4,,,1.086e-18,7.127e-20,,2.456e-15,6.088e-11,1.875e-28,4.474e-17,1.230e-20,3.043e-20,4.527e-18,,,,8.761e-14,8.278e-22,9.396e-18,,1.691e-26,,,,7.437e-17,2.605e-16,2.611e-18,2.203e-28,,,,,4.108e-16,,,,,,,,,2.665e-18,,,,,,,,,,,,,,
815.59,1.608e-4,3.924e-19,9.295e-11,1.169e-42,1.608e-4,,,1.086e-18,7.048e-20,,2.457e-15,4.448e-11,1.875e-28,4.475e-17,1.230e-20,4.112e-20,4.496e-18,,,,1.297e-13,7.286e-22,9.394e-18,,1.691e-26,,,,1.091e-16,2.606e-16,2.612e-18,2.209e-28,,,,,6.162e-16,,,,,,,,,2.666e-18,,,,,,,,,,,,,,
815.61,1.880e-4,3.960e-19,8.505e-11,1.171e-42,1.880e-4,,,1.086e-18,6.996e-20,,2.457e-15,3.603e-11,1.875e-28,4.477e-17,1.230e-20,5.018e-20,4.474e-18,,,,1.682e-13,6.681e-22,9.393e-18,,1.690e-26,,,,1.407e-16,2.606e-16,2.613e-18,2.213e-28,,,,,8.063e-16,,,,,,,,,2.666e-18,,,,,,,,,,,,,,
815.64,2.370e-4,4.014e-19,7.427e-11,1.175e-42,2.370e-4,,,1.086e-18,6.917e-20,,2.458e-15,2.621e-11,1.874e-28,4.478e-17,1.231e-20,6.753e-20,4.443e-18,,,,2.478e-13,5.855e-22,9.391e-18,,1.690e-26,,,,2.057e-16,2.606e-16,2.615e-18,2.219e-28,,,,,1.204e-15,,,,,,,,,2.666e-18,,,,,,,,,,,,,,
815.66,2.763e-4,4.050e-19,6.775e-11,1.178e-42,2.763e-4,,,1.085e-18,6.864e-20,,2.458e-15,2.117e-11,1.874e-28,4.480e-17,1.231e-20,8.219e-20,4.422e-18,,,,3.204e-13,5.354e-22,9.389e-18,,1.690e-26,,,,2.645e-16,2.606e-16,2.616e-18,2.223e-28,,,,,1.572e-15,,,,,,,,,2.666e-18,,,,,,,,,,,,,,
815.69,3.468e-4,4.104e-19,5.891e-11,1.181e-42,3.468e-4,,,1.085e-18,6.785e-20,,2.459e-15,1.534e-11,1.874e-28,4.481e-17,1.231e-20,1.101e-19,4.390e-18,,,,4.702e-13,4.671e-22,9.387e-18,,1.689e-26,,,,3.848e-16,2.607e-16,2.617e-18,2.229e-28,,,,,2.337e-15,,,,,,,,,2.667e-18,,,,,,,,,,,,,,
815.71,4.031e-4,4.140e-19,5.359e-11,1.184e-42,4.031e-4,,,1.085e-18,6.733e-20,,2.459e-15,1.235e-11,1.873e-28,4.483e-17,1.231e-20,1.337e-19,4.369e-18,,,,6.063e-13,4.259e-22,9.386e-18,,1.689e-26,,,,4.934e-16,2.607e-16,2.618e-18,2.233e-28,,,,,3.041e-15,,,,,,,,,2.667e-18,,,,,,,,,,,,,,
815.73,4.679e-4,4.177e-19,4.869e-11,1.187e-42,4.679e-4,,,1.085e-18,6.680e-20,,2.460e-15,9.936e-12,1.873e-28,4.484e-17,1.232e-20,1.620e-19,4.348e-18,,,,7.809e-13,3.879e-22,9.385e-18,,1.688e-26,,,,6.320e-16,2.607e-16,2.619e-18,2.237e-28,,,,,3.953e-15,,,,,,,,,2.667e-18,,,,,,,,,,,,,,
815.76,5.839e-4,4.231e-19,4.208e-11,1.190e-42,5.839e-4,,,1.085e-18,6.601e-20,,2.460e-15,7.153e-12,1.873e-28,4.486e-17,1.232e-20,2.158e-19,4.316e-18,,,,1.139e-12,3.364e-22,9.382e-18,,1.688e-26,,,,9.141e-16,2.607e-16,2.620e-18,2.244e-28,,,,,5.844e-15,,,,,,,,,2.668e-18,,,,,,,,,,,,,,
815.78,6.759e-4,4.267e-19,3.812e-11,1.193e-42,6.759e-4,,,1.085e-18,6.549e-20,,2.461e-15,5.737e-12,1.873e-28,4.487e-17,1.232e-20,2.609e-19,4.295e-18,,,,1.463e-12,3.055e-22,9.381e-18,,1.687e-26,,,,1.167e-15,2.608e-16,2.621e-18,2.248e-28,,,,,7.573e-15,,,,,,,,,2.668e-18,,,,,,,,,,,,,,
815.81,8.399e-4,4.321e-19,3.281e-11,1.197e-42,8.399e-4,,,1.085e-18,6.470e-20,,2.461e-15,4.113e-12,1.872e-28,4.489e-17,1.233e-20,3.460e-19,4.264e-18,,,,2.125e-12,2.638e-22,9.379e-18,,1.687e-26,,,,1.681e-15,2.608e-16,2.623e-18,2.254e-28,,,,,1.115e-14,,,,,,,,,2.668e-18,,,,,,,,,,,,,,
815.83,9.694e-4,4.357e-19,2.964e-11,1.200e-42,9.694e-4,,,1.085e-18,6.417e-20,,2.462e-15,3.289e-12,1.872e-28,4.490e-17,1.233e-20,4.171e-19,4.243e-18,,,,2.721e-12,2.388e-22,9.378e-18,,1.687e-26,,,,2.141e-15,2.608e-16,2.624e-18,2.258e-28,,,,,1.441e-14,,,,,,,,,2.669e-18,,,,,,,,,,,,,,
815.86,1.200e-3,4.411e-19,2.539e-11,1.203e-42,1.200e-3,,,1.085e-18,6.338e-20,,2.462e-15,2.347e-12,1.872e-28,4.492e-17,1.233e-20,5.509e-19,4.211e-18,,,,3.936e-12,2.053e-22,9.375e-18,,1.686e-26,,,,3.071e-15,2.609e-16,2.625e-18,2.264e-28,,,,,2.112e-14,,,,,,,,,2.669e-18,,,,,,,,,,,,,,
815.88,1.381e-3,4.448e-19,2.287e-11,1.206e-42,1.381e-3,,,1.085e-18,6.286e-20,,2.463e-15,1.872e-12,1.871e-28,4.493e-17,1.233e-20,6.621e-19,4.190e-18,,,,5.027e-12,1.854e-22,9.374e-18,,1.686e-26,,,,3.899e-15,2.609e-16,2.626e-18,2.268e-28,,,,,2.722e-14,,,,,,,,,2.669e-18,,,,,,,,,,,,,,
815.91,1.701e-3,4.502e-19,1.951e-11,1.210e-42,1.701e-3,,,1.085e-18,6.207e-20,,2.463e-15,1.330e-12,1.871e-28,4.495e-17,1.234e-20,8.708e-19,4.158e-18,,,,7.239e-12,1.587e-22,9.372e-18,,1.685e-26,,,,5.568e-15,2.609e-16,2.628e-18,2.274e-28,,,,,3.973e-14,,,,,,,,,2.670e-18,,,,,,,,,,,,,,
815.93,1.952e-3,4.538e-19,1.752e-11,1.212e-42,1.952e-3,,,1.085e-18,6.154e-20,,2.464e-15,1.058e-12,1.871e-28,4.496e-17,1.234e-20,1.044e-18,4.137e-18,,,,9.218e-12,1.429e-22,9.370e-18,,1.685e-26,,,,7.051e-15,2.609e-16,2.629e-18,2.278e-28,,,,,5.105e-14,,,,,,,,,2.670e-18,,,,,,,,,,,,,,
815.96,2.395e-3,4.592e-19,1.488e-11,1.216e-42,2.395e-3,,,1.085e-18,6.075e-20,,2.464e-15,7.483e-13,1.870e-28,4.498e-17,1.234e-20,1.367e-18,4.106e-18,,,,1.322e-11,1.218e-22,9.368e-18,,1.684e-26,,,,1.003e-14,2.610e-16,2.630e-18,2.284e-28,,,,,7.420e-14,,,,,,,,,2.670e-18,,,,,,,,,,,,,,
815.98,2.740e-3,4.628e-19,1.333e-11,1.219e-42,2.740e-3,,,1.085e-18,6.023e-20,,2.465e-15,5.933e-13,1.870e-28,4.499e-17,1.234e-20,1.634e-18,4.085e-18,,,,1.679e-11,1.093e-22,9.367e-18,,1.684e-26,,,,1.266e-14,2.610e-16,2.631e-18,2.288e-28,,,,,9.507e-14,,,,,,,,,2.670e-18,,,,,,,,,,,,,,
816.01,3.348e-3,4.682e-19,1.127e-11,1.223e-42,3.348e-3,,,1.085e-18,5.944e-20,,2.465e-15,4.179e-13,1.870e-28,4.501e-17,1.235e-20,2.130e-18,4.053e-18,,,,2.397e-11,9.278e-23,9.365e-18,,1.684e-26,,,,1.792e-14,2.610e-16,2.633e-18,2.294e-28,,,,,1.376e-13,,,,,,,,,2.671e-18,,,,,,,,,,,,,,
816.03,3.820e-3,4.719e-19,1.007e-11,1.225e-42,3.820e-3,,,1.463e-18,5.891e-20,,2.466e-15,3.304e-13,1.869e-28,4.502e-17,1.235e-20,2.539e-18,4.032e-18,,,,3.035e-11,8.305e-23,9.363e-18,,1.683e-26,,,,2.257e-14,2.610e-16,2.633e-18,2.298e-28,,,,,1.758e-13,,,,,,,,,2.671e-18,,,,,,,,,,,,,,
816.06,4.646e-3,4.773e-19,8.478e-12,1.229e-42,4.646e-3,,,2.288e-18,5.812e-20,,2.466e-15,2.317e-13,1.869e-28,4.504e-17,1.235e-20,3.296e-18,4.000e-18,,,,4.315e-11,7.017e-23,9.361e-18,,1.683e-26,,,,3.182e-14,2.611e-16,2.635e-18,2.304e-28,,,,,2.533e-13,,,,,,,,,2.671e-18,,,,,,,,,,,,,,
816.08,5.287e-3,4.809e-19,7.549e-12,1.232e-42,5.287e-3,,,3.079e-18,5.760e-20,,2.467e-15,1.827e-13,1.869e-28,4.505e-17,1.235e-20,3.918e-18,3.979e-18,,,,5.448e-11,6.263e-23,9.360e-18,,1.682e-26,,,,3.995e-14,2.611e-16,2.636e-18,2.308e-28,,,,,3.228e-13,,,,,,,,,2.672e-18,,,,,,,,,,,,,,
816.1,6.008e-3,4.845e-19,6.714e-12,1.234e-42,6.008e-3,,,4.137e-18,7.784e-20,,2.467e-15,1.438e-13,1.869e-28,4.506e-17,1.236e-20,4.651e-18,3.958e-18,,,,6.871e-11,5.584e-23,9.359e-18,,1.682e-26,,,,5.010e-14,2.611e-16,2.637e-18,2.312e-28,,,,,4.108e-13,,,,,,,,,2.672e-18,,,,,,,,,,,,,,
816.13,7.265e-3,4.899e-19,5.619e-12,1.238e-42,7.265e-3,,,6.431e-18,1.220e-19,,2.468e-15,1.003e-13,1.868e-28,4.508e-17,1.236e-20,6.003e-18,3.927e-18,,,,9.711e-11,4.690e-23,9.356e-18,,1.681e-26,,,,7.021e-14,2.611e-16,2.638e-18,2.318e-28,,,,,5.884e-13,,,,,,,,,2.672e-18,,,,,,,,,,,,,,
816.15,8.233e-3,4.935e-19,4.984e-12,1.241e-42,8.233e-3,,,8.618e-18,1.644e-19,,2.468e-15,7.871e-14,1.868e-28,4.509e-17,1.236e-20,7.106e-18,3.906e-18,,,,1.221e-10,4.169e-23,9.355e-18,,1.681e-26,,,,8.780e-14,2.612e-16,2.639e-18,2.322e-28,,,,,7.467e-13,,,,,,,,,2.672e-18,,,,,,,,,,,,,,
816.18,9.912e-3,4.990e-19,4.153e-12,1.245e-42,9.912e-3,,,1.334e-17,2.566e-19,,2.469e-15,5.463e-14,1.868e-28,4.511e-17,1.237e-20,9.133e-18,3.874e-18,,,,1.719e-10,3.486e-23,9.353e-18,,1.681e-26,,,,1.225e-13,2.612e-16,2.641e-18,2.329e-28,,,,,1.065e-12,,,,,,,,,2.673e-18,,,,,,,,,,,,,,
816.2,1.120e-2,5.026e-19,3.673e-12,1.247e-42,1.120e-2,,,1.782e-17,3.449e-19,,2.469e-15,4.277e-14,1.867e-28,4.512e-17,1.237e-20,1.078e-17,3.853e-18,,,,2.155e-10,3.090e-23,9.352e-18,,1.680e-26,,,,1.528e-13,2.612e-16,2.642e-18,2.333e-28,,,,,1.348e-12,,,,,,,,,2.673e-18,,,,,,,,,,,,,,
816.23,1.343e-2,5.080e-19,3.047e-12,1.251e-42,1.343e-2,,,2.747e-17,5.360e-19,,2.470e-15,2.955e-14,1.867e-28,4.514e-17,1.237e-20,1.380e-17,3.821e-18,,,,3.020e-10,2.574e-23,9.349e-18,,1.680e-26,,,,2.123e-13,2.612e-16,2.643e-18,2.339e-28,,,,,1.914e-12,,,,,,,,,2.673e-18,,,,,,,,,,,,,,
816.25,1.513e-2,5.116e-19,2.687e-12,1.254e-42,1.513e-2,,,3.660e-17,7.182e-19,,2.470e-15,2.307e-14,1.867e-28,4.515e-17,1.237e-20,1.624e-17,3.800e-18,,,,3.777e-10,2.275e-23,9.348e-18,,1.679e-26,,,,2.640e-13,2.613e-16,2.644e-18,2.343e-28,,,,,2.416e-12,,,,,,,,,2.674e-18,,,,,,,,,,,,,,
816.28,1.806e-2,5.170e-19,2.220e-12,1.258e-42,1.806e-2,,,5.618e-17,1.112e-18,,2.471e-15,1.587e-14,1.866e-28,4.517e-17,1.238e-20,2.070e-17,3.769e-18,,,,5.270e-10,1.886e-23,9.346e-18,,1.679e-26,,,,3.653e-13,2.613e-16,2.646e-18,2.349e-28,,,,,3.417e-12,,,,,,,,,2.674e-18,,,,,,,,,,,,,,
816.3,2.029e-2,5.206e-19,1.952e-12,1.260e-42,2.029e-2,,,7.464e-17,1.485e-18,,2.471e-15,1.235e-14,1.866e-28,4.518e-17,1.238e-20,2.429e-17,3.748e-18,,,,6.571e-10,1.663e-23,9.345e-18,,1.679e-26,,,,4.529e-13,2.613e-16,2.647e-18,2.353e-28,,,,,4.299e-12,,,,,,,,,2.674e-18,,,,,,,,,,,,,,
816.33,2.412e-2,5.261e-19,1.605e-12,1.264e-42,2.412e-2,,,1.141e-16,2.289e-18,,2.472e-15,8.463e-15,1.866e-28,4.520e-17,1.238e-20,3.083e-17,3.716e-18,,,,9.130e-10,1.374e-23,9.342e-18,,1.678e-26,,,,6.240e-13,2.614e-16,2.648e-18,2.359e-28,,,,,6.054e-12,,,,,,,,,2.675e-18,,,,,,,,,,,,,,
816.35,2.702e-2,5.297e-19,1.407e-12,1.267e-42,2.702e-2,,,1.511e-16,3.050e-18,,2.472e-15,6.567e-15,1.866e-28,4.521e-17,1.238e-20,3.608e-17,3.695e-18,,,,1.135e-9,1.208e-23,9.341e-18,,1.678e-26,,,,7.715e-13,2.614e-16,2.649e-18,2.363e-28,,,,,7.596e-12,,,,,,,,,2.675e-18,,,,,,,,,,,,,,
816.38,3.198e-2,5.351e-19,1.153e-12,1.270e-42,3.198e-2,,,2.300e-16,4.680e-18,,2.473e-15,4.479e-15,1.865e-28,4.523e-17,1.239e-20,4.559e-17,3.663e-18,,,,1.571e-9,9.940e-24,9.339e-18,,1.677e-26,,,,1.058e-12,2.614e-16,2.650e-18,2.369e-28,,,,,1.065e-11,,,,,,,,,2.675e-18,,,,,,,,,,,,,,
816.4,3.573e-2,5.387e-19,1.008e-12,1.273e-42,3.573e-2,,,3.038e-16,6.218e-18,,2.473e-15,3.466e-15,1.865e-28,4.524e-17,1.239e-20,5.321e-17,3.642e-18,,,,1.947e-9,8.721e-24,9.338e-18,,1.677e-26,,,,1.305e-12,2.614e-16,2.651e-18,2.373e-28,,,,,1.333e-11,,,,,,,,,2.675e-18,,,,,,,,,,,,,,
816.43,4.211e-2,5.441e-19,8.218e-13,1.277e-42,4.211e-2,,,4.604e-16,9.501e-18,,2.474e-15,2.354e-15,1.865e-28,4.526e-17,1.239e-20,6.695e-17,3.611e-18,,,,2.683e-9,7.158e-24,9.335e-18,,1.676e-26,,,,1.782e-12,2.615e-16,2.653e-18,2.379e-28,,,,,1.861e-11,,,,,,,,,2.676e-18,,,,,,,,,,,,,,
816.45,4.691e-2,5.477e-19,7.163e-13,1.279e-42,4.691e-2,,,6.065e-16,1.259e-17,,2.474e-15,1.816e-15,1.864e-28,4.527e-17,1.240e-20,7.792e-17,3.590e-18,,,,3.317e-9,6.272e-24,9.334e-18,,1.676e-26,,,,2.191e-12,2.615e-16,2.654e-18,2.383e-28,,,,,2.321e-11,,,,,,,,,2.676e-18,,,,,,,,,,,,,,
816.47,5.220e-2,5.514e-19,6.236e-13,1.282e-42,5.220e-2,,,7.981e-16,1.666e-17,,2.475e-15,1.399e-15,1.864e-28,4.528e-17,1.240e-20,9.058e-17,3.568e-18,,,,4.096e-9,5.495e-24,9.333e-18,,1.676e-26,,,,2.691e-12,2.615e-16,2.655e-18,2.387e-28,,,,,2.893e-11,,,,,,,,,2.676e-18,,,,,,,,,,,,,,
816.5,6.115e-2,5.568e-19,5.055e-13,1.286e-42,6.115e-2,,,1.202e-15,2.530e-17,,2.475e-15,9.447e-16,1.864e-28,4.530e-17,1.240e-20,1.133e-16,3.537e-18,,,,5.609e-9,4.509e-24,9.331e-18,,1.675e-26,,,,3.654e-12,2.615e-16,2.656e-18,2.393e-28,,,,,4.015e-11,,,,,,,,,2.677e-18,,,,,,,,,,,,,,
816.52,6.785e-2,5.604e-19,4.388e-13,1.288e-42,6.785e-2,,,1.578e-15,3.339e-17,,2.476e-15,7.259e-16,1.863e-28,4.531e-17,1.240e-20,1.313e-16,3.516e-18,,,,6.907e-9,3.957e-24,9.329e-18,,1.675e-26,,,,4.474e-12,2.616e-16,2.657e-18,2.397e-28,,,,,4.989e-11,,,,,,,,,2.677e-18,,,,,,,,,,,,,,
816.55,7.914e-2,5.658e-19,3.541e-13,1.292e-42,7.914e-2,,,2.366e-15,5.050e-17,,2.476e-15,4.878e-16,1.863e-28,4.533e-17,1.241e-20,1.636e-16,3.484e-18,,,,9.418e-9,3.265e-24,9.327e-18,,1.674e-26,,,,6.049e-12,2.616e-16,2.659e-18,2.403e-28,,,,,6.896e-11,,,,,,,,,2.677e-18,,,,,,,,,,,,,,
816.57,8.757e-2,5.694e-19,3.065e-13,1.295e-42,8.757e-2,,,3.096e-15,6.645e-17,,2.477e-15,3.738e-16,1.863e-28,4.534e-17,1.241e-20,1.891e-16,3.463e-18,,,,1.156e-8,2.884e-24,9.326e-18,,1.674e-26,,,,7.386e-12,2.616e-16,2.660e-18,2.408e-28,,,,,8.544e-11,,,,,,,,,2.678e-18,,,,,,,,,,,,,,
816.6,1.017e-1,5.748e-19,2.463e-13,1.299e-42,1.017e-1,,,4.624e-15,1.001e-16,,2.477e-15,2.501e-16,1.862e-28,4.536e-17,1.241e-20,2.345e-16,3.432e-18,,,,1.570e-8,2.417e-24,9.324e-18,,1.673e-26,,,,9.945e-12,2.616e-16,2.661e-18,2.414e-28,,,,,1.176e-10,,,,,,,,,2.678e-18,,,,,,,,,,,,,,
816.62,1.122e-1,5.785e-19,2.126e-13,1.301e-42,1.122e-1,,,6.033e-15,1.313e-16,,2.478e-15,1.911e-16,1.862e-28,4.537e-17,1.241e-20,2.703e-16,3.410e-18,,,,1.923e-8,2.169e-24,9.322e-18,,1.673e-26,,,,1.211e-11,2.617e-16,2.662e-18,2.418e-28,,,,,1.453e-10,,,,,,,,,2.678e-18,,,,,,,,,,,,,,
816.65,1.298e-1,5.839e-19,1.701e-13,1.305e-42,1.298e-1,,,8.972e-15,1.969e-16,,2.478e-15,1.273e-16,1.862e-28,4.539e-17,1.242e-20,3.338e-16,3.379e-18,,,,2.599e-8,1.880e-24,9.320e-18,,1.673e-26,,,,1.623e-11,2.617e-16,2.663e-18,2.424e-28,,,,,1.991e-10,,,,,,,,,2.679e-18,,,,,,,,,,,,,,
816.67,1.428e-1,5.875e-19,1.464e-13,1.308e-42,1.428e-1,,,1.167e-14,2.577e-16,,2.479e-15,9.697e-17,1.862e-28,4.540e-17,1.242e-20,3.837e-16,3.358e-18,,,,3.174e-8,1.739e-24,9.319e-18,,1.672e-26,,,,1.971e-11,2.617e-16,2.664e-18,2.428e-28,,,,,2.453e-10,,,,,,,,,2.679e-18,,,,,,,,,,,,,,
816.7,1.644e-1,5.929e-19,1.166e-13,1.312e-42,1.644e-1,,,1.729e-14,3.848e-16,,2.479e-15,6.433e-17,1.861e-28,4.542e-17,1.242e-20,4.718e-16,3.326e-18,,,,4.272e-8,1.599e-24,9.317e-18,,1.672e-26,,,,2.631e-11,2.618e-16,2.666e-18,2.434e-28,,,,,3.347e-10,,,,,,,,,2.679e-18,,,,,,,,,,,,,,
816.72,1.804e-1,5.965e-19,1.001e-13,1.314e-42,1.804e-1,,,2.243e-14,5.021e-16,,2.480e-15,4.886e-17,1.861e-28,4.543e-17,1.243e-20,5.408e-16,3.305e-18,,,,5.202e-8,1.551e-24,9.315e-18,,1.671e-26,,,,3.185e-11,2.618e-16,2.667e-18,2.438e-28,,,,,4.112e-10,,,,,,,,,2.679e-18,,,,,,,,,,,,,,
816.75,2.068e-1,6.019e-19,7.939e-14,1.318e-42,2.068e-1,,,3.307e-14,7.466e-16,,2.480e-15,3.227e-17,1.861e-28,4.545e-17,1.243e-20,6.621e-16,3.274e-18,,,,6.973e-8,1.546e-24,9.313e-18,,1.671e-26,,,,4.233e-11,4.108e-16,2.668e-18,2.444e-28,,,,,5.587e-10,,,,,,,,,2.680e-18,,,,,,,,,,,,,,
816.77,2.263e-1,6.056e-19,6.793e-14,1.321e-42,2.263e-1,,,4.279e-14,9.713e-16,,2.481e-15,2.444e-17,1.860e-28,4.546e-17,1.243e-20,7.568e-16,3.252e-18,,,,8.465e-8,1.587e-24,9.312e-18,,1.670e-26,,,,5.110e-11,5.539e-16,2.669e-18,2.448e-28,,,,,6.845e-10,,,,,,,,,2.680e-18,,,,,,,,,,,,,,
816.8,2.584e-1,6.110e-19,5.365e-14,1.325e-42,2.584e-1,,,6.282e-14,1.438e-15,,2.481e-15,1.607e-17,1.860e-28,4.548e-17,1.243e-20,9.227e-16,3.221e-18,,,,1.130e-7,1.718e-24,9.309e-18,,1.670e-26,,,,6.764e-11,8.654e-16,2.671e-18,2.454e-28,,,,,9.261e-10,,,,,,,,,2.680e-18,,,,,,,,,,,,,,
816.82,2.818e-1,6.146e-19,4.578e-14,1.327e-42,2.818e-1,,,8.104e-14,1.866e-15,,2.482e-15,1.214e-17,1.860e-28,4.549e-17,1.244e-20,1.052e-15,3.200e-18,,,,1.368e-7,1.855e-24,9.308e-18,,1.670e-26,,,,8.142e-11,1.164e-15,2.672e-18,2.458e-28,,,,,1.131e-9,,,,,,,,,2.681e-18,,,,,,,,,,,,,,
816.84,3.071e-1,6.182e-19,3.901e-14,1.330e-42,3.071e-1,,,1.044e-13,2.418e-15,,2.482e-15,9.153e-18,1.859e-28,4.551e-17,1.244e-20,1.197e-15,3.179e-18,,,,1.654e-7,2.034e-24,9.307e-18,,1.669e-26,,,,9.790e-11,1.563e-15,2.673e-18,2.462e-28,,,,,1.380e-9,,,,,,,,,2.681e-18,,,,,,,,,,,,,,
816.87,3.486e-1,6.236e-19,3.062e-14,1.334e-42,3.486e-1,,,1.524e-13,3.559e-15,,2.483e-15,5.983e-18,1.859e-28,4.552e-17,1.244e-20,1.451e-15,3.147e-18,,,,2.195e-7,2.391e-24,9.305e-18,,1.669e-26,,,,1.288e-10,2.428e-15,2.674e-18,2.468e-28,,,,,1.856e-9,,,,,,,,,2.681e-18,,,,,,,,,,,,,,
816.89,3.787e-1,6.272e-19,2.602e-14,1.336e-42,3.787e-1,,,1.959e-13,4.599e-15,,2.483e-15,4.499e-18,1.859e-28,4.554e-17,1.244e-20,1.647e-15,3.126e-18,,,,2.646e-7,2.694e-24,9.303e-18,,1.668e-26,,,,1.544e-10,3.251e-15,2.675e-18,2.472e-28,,,,,2.259e-9,,,,,,,,,2.681e-18,,,,,,,,,,,,,,
816.92,4.280e-1,6.327e-19,2.034e-14,1.340e-42,4.280e-1,,,2.847e-13,6.740e-15,,2.484e-15,2.928e-18,1.858e-28,4.555e-17,1.245e-20,1.988e-15,3.094e-18,,,,3.496e-7,3.260e-24,9.301e-18,,1.668e-26,,,,2.023e-10,5.029e-15,2.676e-18,2.478e-28,,,,,3.025e-9,,,,,,,,,2.682e-18,,,,,,,,,,,,,,
816.94,4.638e-1,6.363e-19,1.723e-14,1.343e-42,4.638e-1,,,3.647e-13,8.685e-15,,2.484e-15,2.196e-18,1.858e-28,4.557e-17,1.245e-20,2.250e-15,3.073e-18,,,,4.204e-7,3.723e-24,9.300e-18,,1.668e-26,,,,2.419e-10,6.716e-15,2.677e-18,2.482e-28,,,,,3.670e-9,,,,,,,,,2.682e-18,,,,,,,,,,,,,,
816.97,5.220e-1,6.417e-19,1.341e-14,1.346e-42,5.220e-1,,,5.279e-13,1.268e-14,,2.485e-15,1.423e-18,1.858e-28,4.559e-17,1.245e-20,2.704e-15,3.042e-18,,,,5.531e-7,4.565e-24,9.298e-18,,1.667e-26,,,,3.156e-10,1.034e-14,2.679e-18,2.488e-28,,,,,4.894e-9,,,,,,,,,2.682e-18,,,,,,,,,,,,,,
816.99,5.639e-1,6.453e-19,1.133e-14,1.349e-42,5.639e-1,,,6.744e-13,1.629e-14,,2.485e-15,1.064e-18,1.858e-28,4.560e-17,1.246e-20,3.053e-15,3.021e-18,,,,6.631e-7,5.241e-24,9.296e-18,,1.667e-26,,,,3.762e-10,1.377e-14,2.680e-18,2.493e-28,,,,,5.921e-9,,,,,,,,,2.683e-18,,,,,,,,,,,,,,
817.02,6.320e-1,6.507e-19,8.781e-15,1.353e-42,6.320e-1,,,9.719e-13,2.367e-14,,2.486e-15,6.863e-19,1.857e-28,4.562e-17,1.246e-20,3.653e-15,2.989e-18,,,,8.686e-7,6.455e-24,9.294e-18,,1.666e-26,,,,4.887e-10,2.112e-14,2.681e-18,2.499e-28,,,,,7.862e-9,,,,,,,,,2.683e-18,,,,,,,,,,,,,,
817.04,6.809e-1,6.543e-19,7.397e-15,1.355e-42,6.809e-1,,,1.238e-12,3.032e-14,,2.486e-15,5.117e-19,1.857e-28,4.563e-17,1.246e-20,4.112e-15,2.968e-18,,,,1.038e-6,7.417e-24,9.293e-18,,1.666e-26,,,,5.809e-10,2.805e-14,2.682e-18,2.503e-28,,,,,9.484e-9,,,,,,,,,2.683e-18,,,,,,,,,,,,,,
817.07,7.599e-1,6.598e-19,5.707e-15,1.359e-42,7.599e-1,,,1.777e-12,4.388e-14,,2.487e-15,3.287e-19,1.857e-28,4.565e-17,1.246e-20,4.900e-15,2.936e-18,,,,1.355e-6,9.133e-24,9.291e-18,,1.665e-26,,,,7.514e-10,4.284e-14,2.684e-18,2.509e-28,,,,,1.254e-8,,,,,,,,,2.684e-18,,,,,,,,,,,,,,
817.09,8.164e-1,6.634e-19,4.794e-15,1.362e-42,8.164e-1,,,2.257e-12,5.606e-14,,2.487e-15,2.443e-19,1.856e-28,4.566e-17,1.247e-20,5.500e-15,2.915e-18,,,,1.615e-6,1.048e-23,9.289e-18,,1.665e-26,,,,8.907e-10,5.673e-14,2.685e-18,2.513e-28,,,,,1.509e-8,,,,,,,,,2.684e-18,,,,,,,,,,,,,,
817.12,9.073e-1,6.688e-19,3.683e-15,1.366e-42,9.073e-1,,,3.226e-12,8.079e-14,,2.488e-15,1.563e-19,1.856e-28,4.568e-17,1.247e-20,6.526e-15,2.884e-18,,,,2.097e-6,1.288e-23,9.287e-18,,1.664e-26,,,,1.147e-9,8.626e-14,2.686e-18,2.519e-28,,,,,1.986e-8,,,,,,,,,2.684e-18,,,,,,,,,,,,,,
817.14,9.720e-1,6.724e-19,3.085e-15,1.368e-42,9.720e-1,,,4.086e-12,1.029e-13,,2.488e-15,1.158e-19,1.856e-28,4.569e-17,1.247e-20,7.304e-15,2.863e-18,,,,2.493e-6,1.475e-23,9.286e-18,,1.664e-26,,,,1.356e-9,1.139e-13,2.687e-18,2.523e-28,,,,,2.382e-8,,,,,,,,,2.684e-18,,,,,,,,,,,,,,
817.17,1.076e+0,6.778e-19,2.359e-15,1.372e-42,1.076e+0,,,5.814e-12,1.477e-13,,2.489e-15,7.376e-20,1.855e-28,4.571e-17,1.247e-20,8.630e-15,2.831e-18,,,,3.225e-6,1.806e-23,9.284e-18,,1.664e-26,,,,1.739e-9,1.725e-13,2.689e-18,2.529e-28,,,,,3.123e-8,,,,,,,,,2.685e-18,,,,,,,,,,,,,,
817.19,1.149e+0,6.814e-19,1.971e-15,1.375e-42,1.149e+0,,,7.345e-12,1.876e-13,,2.489e-15,5.451e-20,1.855e-28,4.572e-17,1.248e-20,9.632e-15,2.810e-18,,,,3.823e-6,2.064e-23,9.282e-18,,1.663e-26,,,,2.050e-9,2.271e-13,2.689e-18,2.533e-28,,,,,3.736e-8,,,,,,,,,2.685e-18,,,,,,,,,,,,,,
817.22,1.267e+0,6.869e-19,1.501e-15,1.379e-42,1.267e+0,,,1.041e-11,2.680e-13,,2.490e-15,6.293e-20,1.855e-28,4.574e-17,1.248e-20,1.133e-14,2.778e-18,,,,4.923e-6,2.517e-23,9.280e-18,,1.663e-26,,,,2.617e-9,3.424e-13,2.691e-18,2.539e-28,,,,,4.877e-8,,,,,,,,,2.685e-18,,,,,,,,,,,,,,
817.24,1.349e+0,6.905e-19,1.250e-15,1.381e-42,1.349e+0,,,1.311e-11,3.396e-13,,2.490e-15,6.854e-20,1.854e-28,4.575e-17,1.248e-20,1.261e-14,2.757e-18,,,,5.819e-6,2.869e-23,9.279e-18,,1.662e-26,,,,3.076e-9,4.496e-13,2.692e-18,2.543e-28,,,,,5.817e-8,,,,,,,,,2.686e-18,,,,,,,,,,,,,,
817.26,1.436e+0,6.941e-19,1.040e-15,1.384e-42,1.436e+0,,,1.649e-11,4.296e-13,,2.491e-15,7.415e-20,1.854e-28,4.576e-17,1.248e-20,1.402e-14,2.736e-18,,,,6.870e-6,3.266e-23,9.277e-18,,1.662e-26,,,,3.612e-9,5.897e-13,2.693e-18,2.547e-28,,,,,6.930e-8,,,,,,,,,2.686e-18,,,,,,,,,,,,,,
817.29,1.573e+0,6.995e-19,7.869e-16,1.388e-42,1.573e+0,,,2.323e-11,6.102e-13,,2.491e-15,8.257e-20,1.854e-28,4.578e-17,1.249e-20,1.640e-14,2.705e-18,,,,8.795e-6,3.960e-23,9.275e-18,,1.662e-26,,,,4.585e-9,8.838e-13,2.694e-18,2.553e-28,,,,,8.992e-8,,,,,,,,,2.686e-18,,,,,,,,,,,,,,
817.31,1.670e+0,7.031e-19,6.526e-16,1.390e-42,1.670e+0,,,2.914e-11,7.699e-13,,2.492e-15,8.818e-20,1.854e-28,4.579e-17,1.249e-20,1.818e-14,2.684e-18,,,,1.035e-5,4.496e-23,9.274e-18,,1.661e-26,,,,5.367e-9,1.156e-12,2.695e-18,2.557e-28,,,,,1.068e-7,,,,,,,,,2.687e-18,,,,,,,,,,,,,,
817.34,1.822e+0,7.085e-19,4.919e-16,1.394e-42,1.822e+0,,,4.087e-11,1.089e-12,,2.492e-15,9.660e-20,1.853e-28,4.581e-17,1.249e-20,2.117e-14,2.652e-18,,,,1.320e-5,5.428e-23,9.272e-18,,1.661e-26,,,,6.784e-9,1.725e-12,2.697e-18,2.563e-28,,,,,1.380e-7,,,,,,,,,2.687e-18,,,,,,,,,,,,,,
817.36,1.929e+0,7.121e-19,4.068e-16,1.397e-42,1.929e+0,,,5.114e-11,1.370e-12,,2.493e-15,1.022e-19,1.853e-28,4.582e-17,1.250e-20,2.340e-14,2.631e-18,,,,1.549e-5,6.145e-23,9.270e-18,,1.660e-26,,,,7.919e-9,2.250e-12,2.698e-18,2.567e-28,,,,,1.635e-7,,,,,,,,,2.687e-18,,,,,,,,,,,,,,
817.39,2.096e+0,7.176e-19,3.053e-16,1.401e-42,2.096e+0,,,7.141e-11,1.929e-12,,2.493e-15,1.106e-19,1.853e-28,4.584e-17,1.250e-20,2.713e-14,2.599e-18,,,,1.967e-5,7.387e-23,9.268e-18,,1.660e-26,,,,9.967e-9,3.344e-12,2.699e-18,2.573e-28,,,,,2.104e-7,,,,,,,,,2.688e-18,,,,,,,,,,,,,,
817.41,2.212e+0,7.212e-19,2.517e-16,1.403e-42,2.212e+0,,,8.909e-11,2.421e-12,,2.494e-15,1.162e-19,1.852e-28,4.585e-17,1.250e-20,2.991e-14,2.578e-18,,,,2.302e-5,8.340e-23,9.267e-18,,1.659e-26,,,,1.160e-8,4.348e-12,2.700e-18,2.578e-28,,,,,2.485e-7,,,,,,,,,2.688e-18,,,,,,,,,,,,,,
817.44,2.394e+0,7.266e-19,1.881e-16,1.407e-42,2.394e+0,,,1.239e-10,3.394e-12,,2.494e-15,1.247e-19,1.852e-28,4.587e-17,1.250e-20,3.454e-14,2.547e-18,,,,2.910e-5,9.983e-23,9.265e-18,,1.659e-26,,,,1.454e-8,6.434e-12,2.702e-18,2.584e-28,,,,,3.184e-7,,,,,,,,,2.688e-18,,,,,,,,,,,,,,
817.46,2.521e+0,7.302e-19,1.547e-16,1.410e-42,2.520e+0,,,1.541e-10,4.247e-12,,2.495e-15,1.303e-19,1.852e-28,4.588e-17,1.251e-20,3.796e-14,2.526e-18,,,,3.397e-5,1.124e-22,9.263e-18,,1.659e-26,,,,1.688e-8,8.344e-12,2.703e-18,2.588e-28,,,,,3.750e-7,,,,,,,,,2.688e-18,,,,,,,,,,,,,,
817.49,2.717e+0,7.356e-19,1.151e-16,1.413e-42,2.717e+0,,,2.134e-10,5.930e-12,,2.495e-15,1.387e-19,1.851e-28,4.590e-17,1.251e-20,4.365e-14,2.494e-18,,,,4.275e-5,1.340e-22,9.261e-18,,1.658e-26,,,,2.106e-8,1.230e-11,2.704e-18,2.594e-28,,,,,4.784e-7,,,,,,,,,2.689e-18,,,,,,,,,,,,,,
817.51,2.853e+0,7.392e-19,9.434e-17,1.416e-42,2.853e+0,,,2.647e-10,7.397e-12,,2.496e-15,1.443e-19,1.851e-28,4.591e-17,1.251e-20,4.784e-14,2.473e-18,,,,4.976e-5,1.504e-22,9.260e-18,,1.658e-26,,,,2.437e-8,1.590e-11,2.705e-18,2.598e-28,,,,,5.619e-7,,,,,,,,,2.689e-18,,,,,,,,,,,,,,
817.54,3.063e+0,7.447e-19,6.989e-17,1.420e-42,3.063e+0,,,3.650e-10,1.029e-11,,2.496e-15,1.527e-19,1.851e-28,4.593e-17,1.252e-20,5.478e-14,2.441e-18,,,,6.235e-5,1.785e-22,9.258e-18,,1.657e-26,,,,3.029e-8,2.333e-11,2.706e-18,2.604e-28,,,,,7.137e-7,,,,,,,,,2.689e-18,,,,,,,,,,,,,,
817.56,3.207e+0,7.483e-19,5.713e-17,1.423e-42,3.207e+0,,,4.515e-10,1.280e-11,,2.497e-15,1.583e-19,1.850e-28,4.594e-17,1.252e-20,5.987e-14,2.420e-18,,,,7.237e-5,1.998e-22,9.256e-18,,1.657e-26,,,,3.496e-8,3.008e-11,2.707e-18,2.608e-28,,,,,8.360e-7,,,,,,,,,2.690e-18,,,,,,,,,,,,,,
817.59,3.430e+0,7.537e-19,4.214e-17,1.426e-42,3.430e+0,,,6.198e-10,1.771e-11,,2.497e-15,1.668e-19,1.850e-28,4.596e-17,1.252e-20,6.826e-14,2.389e-18,,,,9.031e-5,2.361e-22,9.254e-18,,1.656e-26,,,,4.325e-8,4.395e-11,2.709e-18,2.614e-28,,,,,1.057e-6,,,,,,,,,2.690e-18,,,,,,,,,,,,,,
817.61,3.582e+0,7.573e-19,3.435e-17,1.429e-42,3.582e+0,,,7.646e-10,2.197e-11,,2.498e-15,1.724e-19,1.850e-28,4.597e-17,1.252e-20,7.439e-14,2.368e-18,,,,1.045e-4,2.636e-22,9.253e-18,,1.656e-26,,,,4.977e-8,5.652e-11,3.654e-18,2.618e-28,,,,,1.235e-6,,,,,,,,,2.690e-18,,,,,,,,,,,,,,
817.63,3.738e+0,7.609e-19,2.797e-17,1.432e-42,3.738e+0,,,9.420e-10,2.723e-11,,2.498e-15,1.780e-19,1.850e-28,4.598e-17,1.253e-20,8.098e-14,2.346e-18,,,,1.208e-4,2.939e-22,9.251e-18,,1.656e-26,,,,5.722e-8,7.259e-11,4.925e-18,2.622e-28,,,,,1.441e-6,,,,,,,,,2.690e-18,,,,,,,,,,,,,,
817.66,3.976e+0,7.663e-19,2.050e-17,1.435e-42,3.976e+0,,,1.286e-9,3.747e-11,,2.499e-15,1.864e-19,1.849e-28,4.600e-17,1.253e-20,9.178e-14,2.315e-18,,,,1.499e-4,3.452e-22,9.249e-18,,1.655e-26,,,,7.037e-8,1.054e-10,7.688e-18,2.628e-28,,,,,1.811e-6,,,,,,,,,2.691e-18,,,,,,,,,,,,,,
817.68,4.138e+0,7.700e-19,1.665e-17,1.438e-42,4.138e+0,,,1.580e-9,4.630e-11,,2.499e-15,1.920e-19,1.849e-28,4.601e-17,1.253e-20,9.963e-14,2.294e-18,,,,1.728e-4,3.838e-22,9.248e-18,,1.655e-26,,,,8.067e-8,1.350e-10,1.033e-17,2.632e-28,,,,,2.107e-6,,,,,,,,,2.691e-18,,,,,,,,,,,,,,
817.71,4.385e+0,7.754e-19,1.215e-17,1.442e-42,4.385e+0,,,2.146e-9,6.345e-11,,2.500e-15,2.004e-19,1.849e-28,4.603e-17,1.253e-20,1.124e-13,2.262e-18,,,,2.134e-4,4.490e-22,9.246e-18,,1.654e-26,,,,9.879e-8,1.953e-10,1.606e-17,2.638e-28,,,,,2.638e-6,,,,,,,,,2.691e-18,,,,,,,,,,,,,,
817.73,4.552e+0,7.790e-19,9.837e-18,1.444e-42,4.552e+0,,,2.630e-9,7.818e-11,,2.500e-15,2.060e-19,1.848e-28,4.604e-17,1.254e-20,1.217e-13,2.241e-18,,,,2.453e-4,4.977e-22,9.244e-18,,1.654e-26,,,,1.129e-7,2.494e-10,2.152e-17,2.642e-28,,,,,3.060e-6,,,,,,,,,2.692e-18,,,,,,,,,,,,,,
817.76,4.806e+0,7.844e-19,7.149e-18,1.448e-42,4.806e+0,,,3.558e-9,1.067e-10,,2.501e-15,2.145e-19,1.848e-28,4.606e-17,1.254e-20,1.368e-13,2.210e-18,,,,3.017e-4,5.797e-22,9.242e-18,,1.653e-26,,,,1.377e-7,3.592e-10,3.331e-17,2.648e-28,,,,,3.815e-6,,,,,,,,,2.692e-18,,,,,,,,,,,,,,
817.78,4.978e+0,7.880e-19,5.771e-18,1.451e-42,4.977e+0,,,4.347e-9,1.311e-10,,2.501e-15,2.201e-19,1.848e-28,4.607e-17,1.254e-20,1.476e-13,2.188e-18,,,,3.458e-4,6.409e-22,9.241e-18,,1.653e-26,,,,1.570e-7,4.574e-10,4.451e-17,2.652e-28,,,,,4.412e-6,,,,,,,,,2.692e-18,,,,,,,,,,,,,,
817.81,5.237e+0,7.934e-19,4.176e-18,1.455e-42,5.237e+0,,,5.858e-9,1.781e-10,,2.502e-15,2.285e-19,1.847e-28,4.609e-17,1.255e-20,1.652e-13,2.157e-18,,,,4.235e-4,7.433e-22,9.239e-18,,1.653e-26,,,,1.906e-7,6.559e-10,6.860e-17,2.658e-28,,,,,5.477e-6,,,,,,,,,2.693e-18,,,,,,,,,,,,,,
817.83,5.411e+0,7.971e-19,3.361e-18,1.457e-42,5.410e+0,,,7.136e-9,2.182e-10,,2.502e-15,2.341e-19,1.847e-28,4.610e-17,1.255e-20,1.778e-13,2.136e-18,,,,4.841e-4,8.193e-22,9.237e-18,,1.652e-26,,,,2.166e-7,8.330e-10,9.140e-17,2.663e-28,,,,,6.317e-6,,,,,,,,,2.693e-18,,,,,,,,,,,,,,
817.86,5.673e+0,8.025e-19,2.422e-18,1.461e-42,5.673e+0,,,9.574e-9,2.952e-10,,2.503e-15,2.425e-19,1.847e-28,4.612e-17,1.255e-20,1.982e-13,2.104e-18,,,,5.903e-4,9.462e-22,9.235e-18,,1.652e-26,,,,2.619e-7,1.189e-9,1.403e-16,2.669e-28,,,,,7.808e-6,,,,,,,,,2.693e-18,,,,,,,,,,,,,,
817.88,5.848e+0,8.061e-19,1.944e-18,1.464e-42,5.848e+0,,,1.163e-8,3.607e-10,,2.503e-15,2.481e-19,1.847e-28,4.613e-17,1.255e-20,2.127e-13,2.083e-18,,,,6.727e-4,1.040e-21,9.234e-18,,1.651e-26,,,,2.968e-7,1.506e-9,1.864e-16,2.673e-28,,,,,8.980e-6,,,,,,,,,2.693e-18,,,,,,,,,,,,,,
817.91,6.111e+0,8.115e-19,1.394e-18,1.468e-42,6.110e+0,,,1.554e-8,4.859e-10,,2.504e-15,2.565e-19,1.846e-28,4.615e-17,1.256e-20,2.360e-13,2.051e-18,,,,8.168e-4,1.196e-21,9.232e-18,,1.651e-26,,,,3.574e-7,2.142e-9,2.849e-16,2.679e-28,,,,,1.105e-5,,,,,,,,,2.694e-18,,,,,,,,,,,,,,
817.93,6.286e+0,8.151e-19,1.116e-18,1.470e-42,6.285e+0,,,1.882e-8,5.919e-10,,2.504e-15,2.622e-19,1.846e-28,4.616e-17,1.256e-20,2.526e-13,2.030e-18,,,,9.284e-4,1.311e-21,9.230e-18,,1.651e-26,,,,4.039e-7,2.704e-9,3.775e-16,2.683e-28,,,,,1.268e-5,,,,,,,,,2.694e-18,,,,,,,,,,,,,,
817.96,6.548e+0,8.205e-19,7.970e-19,1.474e-42,6.547e+0,,,2.504e-8,7.941e-10,,2.505e-15,2.706e-19,1.846e-28,4.618e-17,1.256e-20,2.790e-13,1.999e-18,,,,1.122e-3,1.501e-21,9.228e-18,,1.650e-26,,,,4.841e-7,3.829e-9,5.744e-16,2.689e-28,,,,,1.553e-5,,,,,,,,,2.694e-18,,,,,,,,,,,,,,
817.98,6.722e+0,8.242e-19,6.359e-19,1.477e-42,6.720e+0,,,3.025e-8,9.646e-10,,2.505e-15,2.762e-19,1.845e-28,4.619e-17,1.256e-20,2.978e-13,1.978e-18,,,,1.272e-3,1.640e-21,9.227e-18,,1.650e-26,,,,5.456e-7,4.822e-9,7.589e-16,2.693e-28,,,,,1.777e-5,,,,,,,,,2.695e-18,,,,,,,,,,,,,,
818,6.894e+0,8.278e-19,5.069e-19,1.479e-42,6.893e+0,,,3.649e-8,1.170e-9,,2.506e-15,2.818e-19,1.845e-28,4.621e-17,1.257e-20,3.175e-13,1.957e-18,,,,1.440e-3,1.791e-21,9.225e-18,,1.649e-26,,,,6.141e-7,6.064e-9,1.002e-15,2.697e-28,,,,,2.029e-5,,,,,,,,,2.695e-18,,,,,,,,,,,,,,
818.03,7.152e+0,8.332e-19,3.599e-19,1.483e-42,7.150e+0,,,4.826e-8,1.561e-9,,2.506e-15,2.902e-19,1.845e-28,4.622e-17,1.257e-20,3.487e-13,1.925e-18,,,,1.731e-3,2.038e-21,9.223e-18,,1.649e-26,,,,7.318e-7,8.536e-9,1.515e-15,2.703e-28,,,,,2.472e-5,,,,,,,,,2.695e-18,,,,,,,,,,,,,,
818.05,7.321e+0,8.368e-19,2.860e-19,1.486e-42,7.319e+0,,,5.806e-8,1.889e-9,,2.507e-15,2.958e-19,1.844e-28,4.624e-17,1.257e-20,3.707e-13,1.904e-18,,,,1.953e-3,2.219e-21,9.222e-18,,1.648e-26,,,,8.214e-7,1.071e-8,1.994e-15,2.707e-28,,,,,2.816e-5,,,,,,,,,2.696e-18,,,,,,,,,,,,,,
818.08,7.573e+0,8.422e-19,2.022e-19,1.490e-42,7.571e+0,,,7.646e-8,2.508e-9,,2.507e-15,3.042e-19,1.844e-28,4.625e-17,1.257e-20,4.054e-13,1.872e-18,,,,2.338e-3,2.515e-21,9.220e-18,,1.648e-26,,,,9.747e-7,1.500e-8,3.004e-15,2.713e-28,,,,,3.416e-5,,,,,,,,,2.696e-18,,,,,,,,,,,,,,
818.1,7.739e+0,8.458e-19,1.602e-19,1.492e-42,7.737e+0,,,9.172e-8,3.026e-9,,2.508e-15,3.099e-19,1.844e-28,4.627e-17,1.258e-20,4.297e-13,1.851e-18,,,,2.631e-3,2.730e-21,9.218e-18,,1.648e-26,,,,1.091e-6,1.876e-8,3.942e-15,2.717e-28,,,,,3.880e-5,,,,,,,,,2.696e-18,,,,,,,,,,,,,,
818.13,7.985e+0,8.513e-19,1.128e-19,1.496e-42,7.982e+0,,,1.203e-7,4.001e-9,,2.508e-15,3.183e-19,1.843e-28,4.628e-17,1.258e-20,4.680e-13,1.820e-18,,,,3.136e-3,3.081e-21,9.216e-18,,1.647e-26,,,,1.289e-6,2.619e-8,5.913e-15,2.723e-28,,,,,4.687e-5,,,,,,,,,2.697e-18,,,,,,,,,,,,,,
818.15,8.147e+0,8.549e-19,8.910e-20,1.499e-42,8.144e+0,,,1.439e-7,4.814e-9,,2.509e-15,3.239e-19,1.843e-28,4.630e-17,1.258e-20,4.947e-13,1.799e-18,,,,3.519e-3,3.335e-21,9.215e-18,,1.647e-26,,,,1.439e-6,3.266e-8,7.738e-15,2.727e-28,,,,,5.308e-5,,,,,,,,,2.697e-18,,,,,,,,,,,,,,
818.18,8.387e+0,8.603e-19,6.244e-20,1.502e-42,8.382e+0,,,1.879e-7,6.339e-9,,2.509e-15,3.323e-19,1.843e-28,4.631e-17,1.259e-20,5.364e-13,1.767e-18,,,,4.176e-3,3.747e-21,9.213e-18,,1.646e-26,,,,1.692e-6,4.539e-8,1.156e-14,2.733e-28,,,,,6.385e-5,,,,,,,,,2.697e-18,,,,,,,,,,,,,,
818.2,8.544e+0,8.639e-19,4.919e-20,1.505e-42,8.539e+0,,,2.241e-7,7.604e-9,,2.510e-15,3.379e-19,1.843e-28,4.633e-17,1.259e-20,5.654e-13,1.746e-18,,,,4.674e-3,4.044e-21,9.211e-18,,1.646e-26,,,,1.884e-6,5.644e-8,1.508e-14,2.737e-28,,,,,7.211e-5,,,,,,,,,2.697e-18,,,,,,,,,,,,,,
818.23,8.777e+0,8.693e-19,3.433e-20,1.509e-42,8.771e+0,,,2.914e-7,9.970e-9,,2.510e-15,3.463e-19,1.842e-28,4.634e-17,1.259e-20,6.105e-13,1.714e-18,,,,5.522e-3,4.525e-21,9.209e-18,,1.645e-26,,,,2.207e-6,7.810e-8,2.243e-14,2.743e-28,,,,,8.636e-5,,,,,,,,,2.698e-18,,,,,,,,,,,,,,
818.25,8.929e+0,8.729e-19,2.697e-20,1.511e-42,8.923e+0,,,3.466e-7,1.193e-8,,2.511e-15,3.519e-19,1.842e-28,4.636e-17,1.259e-20,6.417e-13,1.693e-18,,,,6.163e-3,4.870e-21,9.208e-18,,1.645e-26,,,,2.449e-6,9.685e-8,2.919e-14,3.700e-28,,,,,9.725e-5,,,,,,,,,2.698e-18,,,,,,,,,,,,,,
818.28,9.156e+0,8.784e-19,1.874e-20,1.515e-42,9.148e+0,,,4.487e-7,1.557e-8,,2.511e-15,3.604e-19,1.842e-28,4.637e-17,1.260e-20,6.900e-13,1.662e-18,,,,7.250e-3,5.426e-21,9.206e-18,,1.645e-26,,,,2.856e-6,1.335e-7,4.324e-14,5.783e-28,,,,,1.160e-4,,,,,,,,,2.698e-18,,,,,,,,,,,,,,
818.3,9.304e+0,8.820e-19,1.468e-20,1.518e-42,9.296e+0,,,5.322e-7,1.857e-8,,2.512e-15,3.660e-19,1.841e-28,4.639e-17,1.260e-20,7.232e-13,1.641e-18,,,,8.068e-3,5.823e-21,9.204e-18,,1.644e-26,,,,3.161e-6,1.650e-7,5.610e-14,7.777e-28,,,,,1.302e-4,,,,,,,,,2.699e-18,,,,,,,,,,,,,,
818.33,9.525e+0,8.874e-19,1.015e-20,1.522e-42,9.515e+0,,,6.861e-7,2.415e-8,,2.512e-15,3.744e-19,1.841e-28,4.640e-17,1.260e-20,7.743e-13,1.609e-18,,,,9.452e-3,6.460e-21,9.202e-18,,1.644e-26,,,,3.672e-6,2.264e-7,8.274e-14,1.210e-27,,,,,1.547e-4,,,,,,,,,2.699e-18,,,,,,,,,,,,,,
818.35,9.670e+0,8.910e-19,7.930e-21,1.524e-42,9.660e+0,,,8.115e-7,2.872e-8,,2.513e-15,3.800e-19,1.841e-28,4.642e-17,1.260e-20,8.092e-13,1.588e-18,,,,1.049e-2,6.914e-21,9.201e-18,,1.643e-26,,,,4.051e-6,2.792e-7,1.071e-13,1.797e-27,,,,,1.732e-4,,,,,,,,,2.699e-18,,,,,,,,,,,,,,
818.37,9.815e+0,8.946e-19,6.187e-21,1.527e-42,9.803e+0,,,9.588e-7,3.413e-8,,2.513e-15,3.856e-19,1.840e-28,4.643e-17,1.261e-20,8.448e-13,1.567e-18,,,,1.163e-2,7.390e-21,9.199e-18,,1.643e-26,,,,4.465e-6,3.439e-7,1.384e-13,2.409e-27,,,,,1.937e-4,,,,,,,,,2.699e-18,,,,,,,,,,,,,,
818.4,1.003e+1,9.000e-19,4.254e-21,1.531e-42,1.002e+1,,,1.229e-6,4.410e-8,,2.514e-15,3.940e-19,1.840e-28,4.645e-17,1.261e-20,8.991e-13,1.535e-18,,,,1.354e-2,8.150e-21,9.197e-18,,1.642e-26,,,,5.156e-6,4.690e-7,2.029e-13,3.732e-27,,,,,2.287e-4,,,,,,,,,2.700e-18,,,,,,,,,,,,,,
818.42,1.017e+1,9.036e-19,3.309e-21,1.533e-42,1.016e+1,,,1.448e-6,5.225e-8,,2.514e-15,3.997e-19,1.840e-28,4.646e-17,1.261e-20,9.360e-13,1.514e-18,,,,1.496e-2,8.686e-21,9.196e-18,,1.642e-26,,,,5.666e-6,5.761e-7,2.614e-13,4.988e-27,,,,,2.550e-4,,,,,,,,,2.700e-18,,,,,,,,,,,,,,
818.45,1.038e+1,9.091e-19,2.266e-21,1.537e-42,1.037e+1,,,1.847e-6,6.724e-8,,2.515e-15,4.081e-19,1.839e-28,4.648e-17,1.262e-20,9.920e-13,1.483e-18,,,,1.735e-2,9.538e-21,9.194e-18,,1.642e-26,,,,6.515e-6,7.824e-7,3.817e-13,7.694e-27,,,,,2.998e-4,,,,,,,,,2.700e-18,,,,,,,,,,,,,,
818.47,1.053e+1,9.127e-19,1.757e-21,1.540e-42,1.051e+1,,,2.170e-6,7.944e-8,,2.515e-15,4.137e-19,1.839e-28,4.649e-17,1.262e-20,1.030e-12,1.462e-18,,,,1.912e-2,1.014e-20,9.192e-18,,1.641e-26,,,,7.140e-6,9.582e-7,4.905e-13,1.026e-26,,,,,3.334e-4,,,,,,,,,2.701e-18,,,,,,,,,,,,,,
818.5,1.074e+1,9.181e-19,1.198e-21,1.544e-42,1.071e+1,,,2.757e-6,1.018e-7,,2.516e-15,4.221e-19,1.839e-28,4.651e-17,1.262e-20,1.087e-12,1.430e-18,,,,2.208e-2,1.108e-20,9.190e-18,,1.641e-26,,,,8.174e-6,1.296e-6,7.131e-13,1.575e-26,,,,,3.902e-4,,,,,,,,,2.701e-18,,,,,,,,,,,,,,
818.52,1.088e+1,9.217e-19,9.265e-22,1.546e-42,1.085e+1,,,3.230e-6,1.199e-7,,2.516e-15,4.277e-19,1.839e-28,4.652e-17,1.262e-20,1.125e-12,1.409e-18,,,,2.427e-2,1.175e-20,9.189e-18,,1.640e-26,,,,8.932e-6,1.583e-6,9.139e-13,2.094e-26,,,,,4.328e-4,,,,,,,,,2.701e-18,,,,,,,,,,,,,,
818.55,1.109e+1,9.271e-19,6.289e-22,1.550e-42,1.106e+1,,,4.086e-6,1.530e-7,,2.517e-15,4.361e-19,1.838e-28,4.654e-17,1.263e-20,1.182e-12,1.377e-18,,,,2.790e-2,1.279e-20,9.187e-18,,1.640e-26,,,,1.018e-5,2.131e-6,1.323e-12,3.202e-26,,,,,5.043e-4,,,,,,,,,2.702e-18,,,,,,,,,,,,,,
818.57,1.123e+1,9.307e-19,4.850e-22,1.553e-42,1.120e+1,,,4.773e-6,1.798e-7,,2.517e-15,4.417e-19,1.838e-28,4.655e-17,1.263e-20,1.220e-12,1.356e-18,,,,3.057e-2,1.352e-20,9.185e-18,,1.640e-26,,,,1.110e-5,2.595e-6,1.691e-12,4.245e-26,,,,,5.577e-4,,,,,,,,,2.702e-18,,,,,,,,,,,,,,
818.6,1.145e+1,9.362e-19,3.278e-22,1.557e-42,1.141e+1,,,6.014e-6,2.284e-7,,2.518e-15,4.502e-19,1.838e-28,4.657e-17,1.263e-20,1.277e-12,1.325e-18,,,,3.500e-2,1.465e-20,9.183e-18,,1.639e-26,,,,1.259e-5,3.481e-6,2.437e-12,6.464e-26,,,,,6.472e-4,,,,,,,,,2.702e-18,,,,,,,,,,,,,,
818.62,1.159e+1,9.398e-19,2.520e-22,1.559e-42,1.155e+1,,,7.005e-6,2.675e-7,,2.518e-15,4.558e-19,1.837e-28,4.658e-17,1.263e-20,1.314e-12,1.304e-18,,,,3.825e-2,1.544e-20,9.182e-18,,1.639e-26,,,,1.369e-5,4.227e-6,3.105e-12,8.545e-26,,,,,7.137e-4,,,,,,,,,2.702e-18,,,,,,,,,,,,,,
818.65,1.181e+1,9.452e-19,1.696e-22,1.563e-42,1.177e+1,,,8.788e-6,3.385e-7,,2.519e-15,4.642e-19,1.837e-28,4.660e-17,1.264e-20,1.369e-12,1.272e-18,,,,4.360e-2,1.667e-20,9.180e-18,,1.638e-26,,,,1.547e-5,5.644e-6,4.458e-12,1.296e-25,,,,,8.247e-4,,,,,,,,,2.703e-18,,,,,,,,,,,,,,
818.67,1.196e+1,9.488e-19,1.300e-22,1.566e-42,1.191e+1,,,1.021e-5,3.954e-7,,2.519e-15,4.698e-19,1.837e-28,4.661e-17,1.264e-20,1.405e-12,1.251e-18,,,,4.751e-2,1.752e-20,9.178e-18,,1.638e-26,,,,1.676e-5,6.834e-6,5.664e-12,1.708e-25,,,,,9.068e-4,,,,,,,,,2.703e-18,,,,,,,,,,,,,,
818.7,1.218e+1,9.542e-19,8.712e-23,1.569e-42,1.213e+1,,,1.275e-5,4.981e-7,,2.520e-15,4.782e-19,1.836e-28,4.663e-17,1.264e-20,1.458e-12,1.219e-18,,,,5.393e-2,1.883e-20,9.176e-18,,1.637e-26,,,,1.886e-5,9.087e-6,8.096e-12,2.579e-25,,,,,1.043e-3,,,,,,,,,2.703e-18,,,,,,,,,,,,,,
818.72,1.233e+1,9.578e-19,6.661e-23,1.572e-42,1.227e+1,,,1.477e-5,5.802e-7,,2.520e-15,4.838e-19,1.836e-28,4.664e-17,1.265e-20,1.492e-12,1.198e-18,,,,5.859e-2,1.973e-20,9.175e-18,,1.637e-26,,,,2.038e-5,1.097e-5,1.026e-11,3.390e-25,,,,,1.144e-3,,,,,,,,,2.704e-18,,,,,,,,,,,,,,
818.74,1.248e+1,9.615e-19,5.087e-23,1.575e-42,1.242e+1,,,1.709e-5,6.750e-7,,2.521e-15,4.894e-19,1.836e-28,4.665e-17,1.265e-20,1.526e-12,1.177e-18,,,,6.360e-2,2.065e-20,9.173e-18,,1.637e-26,,,,2.199e-5,1.323e-5,1.298e-11,4.452e-25,,,,,1.253e-3,,,,,,,,,2.704e-18,,,,,,,,,,,,,,
818.77,1.271e+1,9.669e-19,3.387e-23,1.578e-42,1.264e+1,,,2.122e-5,8.453e-7,,2.521e-15,4.979e-19,1.835e-28,4.667e-17,1.265e-20,1.574e-12,1.146e-18,,,,7.176e-2,2.206e-20,9.171e-18,,1.636e-26,,,,2.461e-5,1.749e-5,1.845e-11,6.683e-25,,,,,1.433e-3,,,,,,,,,2.704e-18,,,,,,,,,,,,,,
818.79,1.287e+1,9.705e-19,2.579e-23,1.581e-42,1.279e+1,,,2.448e-5,9.807e-7,,2.522e-15,5.035e-19,1.835e-28,4.668e-17,1.265e-20,1.604e-12,1.124e-18,,,,7.766e-2,2.303e-20,9.170e-18,,1.636e-26,,,,2.648e-5,2.104e-5,2.328e-11,8.750e-25,,,,,1.565e-3,,,,,,,,,2.705e-18,,,,,,,,,,,,,,
818.82,1.310e+1,9.759e-19,1.710e-23,1.585e-42,1.301e+1,,,3.026e-5,1.223e-6,,2.522e-15,5.119e-19,1.835e-28,4.670e-17,1.266e-20,1.648e-12,1.093e-18,,,,8.725e-2,2.450e-20,9.168e-18,,1.635e-26,,,,2.950e-5,2.769e-5,3.294e-11,1.308e-24,,,,,1.783e-3,,,,,,,,,2.705e-18,,,,,,,,,,,,,,
818.84,1.326e+1,9.795e-19,1.298e-23,1.588e-42,1.316e+1,,,3.482e-5,1.415e-6,,2.523e-15,5.175e-19,1.835e-28,4.671e-17,1.266e-20,1.675e-12,1.072e-18,,,,9.416e-2,2.550e-20,9.166e-18,,1.635e-26,,,,3.165e-5,3.321e-5,4.146e-11,1.708e-24,,,,,1.941e-3,,,,,,,,,2.705e-18,,,,,,,,,,,,,,
818.87,1.349e+1,9.849e-19,8.572e-24,1.591e-42,1.339e+1,,,4.287e-5,1.757e-6,,2.523e-15,5.259e-19,1.834e-28,4.673e-17,1.266e-20,1.713e-12,1.040e-18,,,,1.053e-1,2.701e-20,9.164e-18,,1.634e-26,,,,3.511e-5,4.353e-5,5.842e-11,2.542e-24,,,,,2.201e-3,,,,,,,,,2.706e-18,,,,,,,,,,,,,,
818.89,1.365e+1,9.886e-19,6.490e-24,1.594e-42,1.353e+1,,,4.917e-5,2.027e-6,,2.524e-15,5.315e-19,1.834e-28,4.674e-17,1.266e-20,1.736e-12,1.019e-18,,,,1.134e-1,2.803e-20,9.163e-18,,1.634e-26,,,,3.757e-5,5.205e-5,7.331e-11,3.310e-24,,,,,2.391e-3,,,,,,,,,2.706e-18,,,,,,,,,,,,,,
818.92,1.389e+1,9.940e-19,4.266e-24,1.598e-42,1.376e+1,,,6.029e-5,2.506e-6,,2.524e-15,5.399e-19,1.834e-28,4.676e-17,1.267e-20,1.768e-12,9.875e-19,,,,1.263e-1,2.957e-20,9.161e-18,,1.634e-26,,,,4.150e-5,6.793e-5,1.029e-10,4.907e-24,,,,,2.700e-3,,,,,,,,,2.706e-18,,,,,,,,,,,,,,
818.94,1.404e+1,9.976e-19,3.220e-24,1.600e-42,1.390e+1,,,6.896e-5,2.882e-6,,2.525e-15,5.456e-19,1.833e-28,4.677e-17,1.267e-20,1.787e-12,9.664e-19,,,,1.355e-1,3.060e-20,9.159e-18,,1.633e-26,,,,4.428e-5,8.101e-5,1.287e-10,6.371e-24,,,,,2.923e-3,,,,,,,,,2.706e-18,,,,,,,,,,,,,,
818.97,1.427e+1,1.003e-18,2.108e-24,1.604e-42,1.412e+1,,,8.419e-5,3.549e-6,,2.525e-15,5.540e-19,1.833e-28,4.679e-17,1.267e-20,1.812e-12,9.348e-19,,,,1.503e-1,3.215e-20,9.157e-18,,1.633e-26,,,,4.870e-5,1.053e-4,1.798e-10,9.405e-24,,,,,3.287e-3,,,,,,,,,2.707e-18,,,,,,,,,,,,,,
818.99,1.443e+1,1.007e-18,1.587e-24,1.607e-42,1.426e+1,,,9.603e-5,4.071e-6,,2.526e-15,5.596e-19,1.833e-28,4.680e-17,1.268e-20,1.827e-12,9.138e-19,,,,1.608e-1,3.317e-20,9.156e-18,,1.632e-26,,,,5.182e-5,1.252e-4,2.244e-10,1.218e-23,,,,,3.549e-3,,,,,,,,,2.707e-18,,,,,,,,,,,,,,
819.02,1.465e+1,1.012e-18,1.034e-24,1.611e-42,1.447e+1,,,1.167e-4,4.990e-6,,2.527e-15,5.680e-19,1.832e-28,4.682e-17,1.268e-20,1.845e-12,8.822e-19,,,,1.776e-1,3.470e-20,9.154e-18,,1.632e-26,,,,5.675e-5,1.620e-4,3.122e-10,1.790e-23,,,,,3.974e-3,,,,,,,,,2.707e-18,,,,,,,,,,,,,,
819.04,1.480e+1,1.016e-18,7.760e-25,1.613e-42,1.461e+1,,,1.328e-4,5.708e-6,,2.527e-15,5.736e-19,1.832e-28,4.683e-17,1.268e-20,1.854e-12,8.611e-19,,,,1.895e-1,3.570e-20,9.152e-18,,1.631e-26,,,,6.020e-5,1.921e-4,3.884e-10,2.311e-23,,,,,4.279e-3,,,,,,,,,2.708e-18,,,,,,,,,,,,,,
819.07,1.501e+1,1.021e-18,5.035e-25,1.617e-42,1.480e+1,,,1.607e-4,6.968e-6,,2.528e-15,5.820e-19,1.832e-28,4.685e-17,1.268e-20,1.864e-12,8.295e-19,,,,2.084e-1,3.719e-20,9.150e-18,,1.631e-26,,,,6.565e-5,2.475e-4,5.381e-10,3.383e-23,,,,,4.770e-3,,,,,,,,,2.708e-18,,,,,,,,,,,,,,
819.09,1.515e+1,1.025e-18,3.768e-25,1.620e-42,1.492e+1,,,1.823e-4,7.948e-6,,2.528e-15,5.877e-19,1.831e-28,4.686e-17,1.269e-20,1.868e-12,8.084e-19,,,,2.218e-1,3.816e-20,9.149e-18,,1.631e-26,,,,6.945e-5,2.927e-4,6.677e-10,4.355e-23,,,,,5.121e-3,,,,,,,,,2.708e-18,,,,,,,,,,,,,,
819.12,1.535e+1,1.030e-18,2.434e-25,1.624e-42,1.510e+1,,,2.197e-4,9.662e-6,,2.529e-15,5.961e-19,1.831e-28,4.688e-17,1.269e-20,1.871e-12,7.768e-19,,,,2.429e-1,3.957e-20,9.147e-18,,1.630e-26,,,,7.542e-5,3.755e-4,9.210e-10,6.348e-23,,,,,5.685e-3,,,,,,,,,2.709e-18,,,,,,,,,,,,,,
819.14,1.548e+1,1.034e-18,1.817e-25,1.626e-42,1.521e+1,,,2.485e-4,1.099e-5,,2.529e-15,6.017e-19,1.831e-28,4.689e-17,1.269e-20,1.870e-12,7.557e-19,,,,2.577e-1,4.049e-20,9.145e-18,,1.630e-26,,,,7.956e-5,4.428e-4,1.140e-9,8.150e-23,,,,,6.087e-3,,,,,,,,,2.709e-18,,,,,,,,,,,,,,
819.16,1.559e+1,1.037e-18,1.354e-25,1.629e-42,1.531e+1,,,2.807e-4,1.248e-5,,2.529e-15,6.073e-19,1.831e-28,4.690e-17,1.269e-20,1.866e-12,7.347e-19,,,,2.731e-1,4.139e-20,9.144e-18,,1.629e-26,,,,8.383e-5,5.215e-4,1.409e-9,1.045e-22,,,,,6.509e-3,,,,,,,,,2.709e-18,,,,,,,,,,,,,,
819.19,1.576e+1,1.043e-18,8.695e-26,1.633e-42,1.546e+1,,,3.363e-4,1.509e-5,,2.530e-15,6.157e-19,1.830e-28,4.692e-17,1.270e-20,1.858e-12,7.031e-19,,,,2.973e-1,4.267e-20,9.142e-18,,1.629e-26,,,,9.049e-5,6.652e-4,1.931e-9,1.514e-22,,,,,7.183e-3,,,,,,,,,2.709e-18,,,,,,,,,,,,,,
819.21,1.586e+1,1.046e-18,6.462e-26,1.635e-42,1.554e+1,,,3.789e-4,1.709e-5,,2.530e-15,6.213e-19,1.830e-28,4.693e-17,1.270e-20,1.849e-12,6.820e-19,,,,3.141e-1,4.349e-20,9.141e-18,,1.629e-26,,,,9.508e-5,7.812e-4,2.381e-9,1.937e-22,,,,,7.659e-3,,,,,,,,,2.710e-18,,,,,,,,,,,,,,
819.24,1.600e+1,1.052e-18,4.132e-26,1.639e-42,1.565e+1,,,4.520e-4,2.056e-5,,2.531e-15,6.297e-19,1.830e-28,4.695e-17,1.270e-20,1.833e-12,6.504e-19,,,,3.405e-1,4.466e-20,9.138e-18,,1.628e-26,,,,1.022e-4,9.922e-4,3.250e-9,2.795e-22,,,,,8.416e-3,,,,,,,,,2.710e-18,,,,,,,,,,,,,,
819.26,1.608e+1,1.055e-18,3.062e-26,1.642e-42,1.571e+1,,,5.078e-4,2.323e-5,,2.531e-15,6.354e-19,1.829e-28,4.696e-17,1.270e-20,1.819e-12,6.293e-19,,,,3.588e-1,4.539e-20,9.137e-18,,1.628e-26,,,,1.071e-4,1.162e-3,3.995e-9,3.564e-22,,,,,8.949e-3,,,,,,,,,2.710e-18,,,,,,,,,,,,,,
819.29,1.619e+1,1.061e-18,1.949e-26,1.646e-42,1.579e+1,,,6.033e-4,2.783e-5,,2.532e-15,6.438e-19,1.829e-28,4.698e-17,1.271e-20,1.796e-12,5.977e-19,,,,3.872e-1,4.642e-20,9.135e-18,,1.627e-26,,,,1.146e-4,1.470e-3,5.432e-9,5.121e-22,,,,,9.792e-3,,,,,,,,,2.711e-18,,,,,,,,,,,,,,
819.31,1.625e+1,1.064e-18,1.440e-26,1.648e-42,1.583e+1,,,6.757e-4,3.135e-5,,2.532e-15,6.494e-19,1.829e-28,4.699e-17,1.271e-20,1.777e-12,5.767e-19,,,,4.069e-1,4.705e-20,9.133e-18,,1.627e-26,,,,1.197e-4,1.716e-3,6.657e-9,6.512e-22,,,,,1.038e-2,,,,,,,,,2.711e-18,,,,,,,,,,,,,,
819.34,1.631e+1,1.070e-18,1.438e-26,1.652e-42,1.586e+1,,,7.994e-4,3.740e-5,,2.533e-15,6.578e-19,1.828e-28,4.701e-17,1.271e-20,1.747e-12,5.450e-19,,,,4.373e-1,4.792e-20,9.131e-18,,1.626e-26,,,,1.276e-4,2.161e-3,9.012e-9,9.318e-22,,,,,1.131e-2,,,,,,,,,2.711e-18,,,,,,,,,,,,,,
819.36,1.634e+1,1.073e-18,1.436e-26,1.655e-42,1.587e+1,,,8.929e-4,4.201e-5,,2.533e-15,6.634e-19,1.828e-28,4.703e-17,1.272e-20,1.724e-12,5.240e-19,,,,4.582e-1,4.844e-20,9.130e-18,,1.626e-26,,,,1.329e-4,2.517e-3,1.101e-8,1.182e-21,,,,,1.196e-2,,,,,,,,,2.711e-18,,,,,,,,,,,,,,
819.39,1.637e+1,1.079e-18,1.434e-26,1.658e-42,1.586e+1,,,1.052e-3,4.991e-5,,2.534e-15,6.718e-19,1.828e-28,4.704e-17,1.272e-20,1.687e-12,4.924e-19,,,,4.903e-1,4.914e-20,9.128e-18,,1.625e-26,,,,1.410e-4,3.156e-3,1.485e-8,1.684e-21,,,,,1.297e-2,,,,,,,,,2.712e-18,,,,,,,,,,,,,,
819.41,1.637e+1,1.083e-18,1.432e-26,1.661e-42,1.584e+1,,,1.171e-3,5.590e-5,,2.534e-15,6.774e-19,1.828e-28,4.706e-17,1.272e-20,1.661e-12,4.713e-19,,,,5.123e-1,4.955e-20,9.126e-18,,1.625e-26,,,,1.465e-4,3.665e-3,1.810e-8,2.129e-21,,,,,1.368e-2,,,,,,,,,2.712e-18,,,,,,,,,,,,,,
819.44,1.635e+1,1.088e-18,1.429e-26,1.665e-42,1.578e+1,,,1.374e-3,6.613e-5,,2.535e-15,6.859e-19,1.827e-28,4.707e-17,1.272e-20,1.618e-12,4.397e-19,,,,5.459e-1,5.007e-20,9.124e-18,,1.625e-26,,,,1.548e-4,4.576e-3,2.429e-8,3.021e-21,,,,,1.478e-2,,,,,,,,,2.712e-18,,,,,,,,,,,,,,
819.46,1.632e+1,1.092e-18,1.428e-26,1.667e-42,1.573e+1,,,1.526e-3,7.386e-5,,2.535e-15,6.915e-19,1.827e-28,4.709e-17,1.273e-20,1.588e-12,4.186e-19,,,,5.687e-1,5.035e-20,9.123e-18,,1.624e-26,,,,1.604e-4,5.299e-3,2.952e-8,3.810e-21,,,,,1.553e-2,,,,,,,,,2.713e-18,,,,,,,,,,,,,,
819.49,1.626e+1,1.097e-18,1.425e-26,1.671e-42,1.563e+1,,,1.782e-3,8.700e-5,,2.536e-15,6.999e-19,1.827e-28,4.710e-17,1.273e-20,1.541e-12,3.870e-19,,,,6.035e-1,5.069e-20,9.121e-18,,1.624e-26,,,,1.687e-4,6.589e-3,3.946e-8,5.383e-21,,,,,1.671e-2,,,,,,,,,2.713e-18,,,,,,,,,,,,,,
819.51,1.620e+1,1.101e-18,1.423e-26,1.674e-42,1.554e+1,,,1.974e-3,9.690e-5,,2.536e-15,7.055e-19,1.826e-28,4.712e-17,1.273e-20,1.509e-12,3.660e-19,,,,6.269e-1,5.085e-20,9.119e-18,,1.623e-26,,,,1.743e-4,7.608e-3,4.782e-8,6.769e-21,,,,,1.752e-2,,,,,,,,,2.713e-18,,,,,,,,,,,,,,
819.53,1.612e+1,1.104e-18,1.422e-26,1.676e-42,1.544e+1,,,2.184e-3,1.078e-4,,2.537e-15,7.111e-19,1.826e-28,4.713e-17,1.273e-20,1.475e-12,3.449e-19,,,,6.505e-1,5.097e-20,9.118e-18,,1.623e-26,,,,1.798e-4,8.774e-3,5.788e-8,8.502e-21,,,,,1.834e-2,,,,,,,,,2.714e-18,,,,,,,,,,,,,,
819.56,1.599e+1,1.110e-18,1.419e-26,1.680e-42,1.527e+1,,,2.535e-3,1.262e-4,,2.538e-15,7.195e-19,1.826e-28,4.715e-17,1.274e-20,1.423e-12,3.133e-19,,,,6.861e-1,5.105e-20,9.116e-18,,1.623e-26,,,,1.880e-4,1.085e-2,7.692e-8,1.194e-20,,,,,1.961e-2,,,,,,,,,2.714e-18,,,,,,,,,,,,,,
819.58,1.588e+1,1.113e-18,1.417e-26,1.683e-42,1.514e+1,,,2.797e-3,1.400e-4,,2.538e-15,7.251e-19,1.825e-28,4.716e-17,1.274e-20,1.387e-12,2.922e-19,,,,7.100e-1,5.106e-20,9.115e-18,,1.622e-26,,,,1.935e-4,1.247e-2,9.284e-8,1.496e-20,,,,,2.048e-2,,,,,,,,,2.714e-18,,,,,,,,,,,,,,
819.61,1.570e+1,1.119e-18,1.415e-26,1.687e-42,1.492e+1,,,3.233e-3,1.633e-4,,2.539e-15,7.336e-19,1.825e-28,4.718e-17,1.274e-20,1.333e-12,2.606e-19,,,,7.457e-1,5.098e-20,9.112e-18,,1.622e-26,,,,2.015e-4,1.535e-2,1.229e-7,2.092e-20,,,,,2.180e-2,,,,,,,,,2.715e-18,,,,,,,,,,,,,,
819.63,1.557e+1,1.122e-18,1.413e-26,1.689e-42,1.475e+1,,,3.556e-3,1.806e-4,,2.539e-15,7.392e-19,1.825e-28,4.719e-17,1.275e-20,1.296e-12,2.395e-19,,,,7.694e-1,5.088e-20,9.111e-18,,1.621e-26,,,,2.067e-4,1.761e-2,1.479e-7,2.613e-20,,,,,2.270e-2,,,,,,,,,2.715e-18,,,,,,,,,,,,,,
819.66,1.534e+1,1.128e-18,1.411e-26,1.693e-42,1.449e+1,,,4.094e-3,2.097e-4,,2.540e-15,7.476e-19,1.824e-28,4.721e-17,1.275e-20,1.239e-12,2.079e-19,,,,8.046e-1,5.066e-20,9.109e-18,,1.621e-26,,,,2.143e-4,2.158e-2,1.948e-7,3.640e-20,,,,,2.407e-2,,,,,,,,,2.715e-18,,,,,,,,,,,,,,
819.68,1.518e+1,1.131e-18,1.409e-26,1.696e-42,1.429e+1,,,4.491e-3,2.313e-4,,2.540e-15,7.532e-19,1.824e-28,4.722e-17,1.275e-20,1.202e-12,1.869e-19,,,,8.278e-1,5.047e-20,9.108e-18,,1.621e-26,,,,2.193e-4,2.468e-2,2.338e-7,4.534e-20,,,,,2.499e-2,,,,,,,,,2.715e-18,,,,,,,,,,,,,,
819.71,1.491e+1,1.137e-18,1.406e-26,1.700e-42,1.398e+1,,,5.148e-3,2.674e-4,,2.541e-15,7.616e-19,1.824e-28,4.724e-17,1.275e-20,1.145e-12,2.928e-19,,,,8.620e-1,5.013e-20,9.105e-18,,1.620e-26,,,,2.264e-4,3.011e-2,3.068e-7,6.289e-20,,,,,2.638e-2,,,,,,,,,2.716e-18,,,,,,,,,,,,,,
819.73,1.472e+1,1.140e-18,1.405e-26,1.702e-42,1.376e+1,,,5.630e-3,2.941e-4,,2.541e-15,7.672e-19,1.824e-28,4.725e-17,1.276e-20,1.107e-12,3.944e-19,,,,8.844e-1,4.988e-20,9.104e-18,,1.620e-26,,,,2.310e-4,3.434e-2,3.672e-7,7.811e-20,,,,,2.731e-2,,,,,,,,,2.716e-18,,,,,,,,,,,,,,
819.76,1.441e+1,1.146e-18,1.402e-26,1.706e-42,1.342e+1,,,6.427e-3,3.386e-4,,2.542e-15,7.757e-19,1.823e-28,4.727e-17,1.276e-20,1.050e-12,6.153e-19,,,,9.170e-1,4.946e-20,9.102e-18,,1.619e-26,,,,2.375e-4,4.173e-2,4.798e-7,1.079e-19,,,,,2.870e-2,,,,,,,,,2.716e-18,,,,,,,,,,,,,,
819.78,1.419e+1,1.149e-18,1.400e-26,1.709e-42,1.317e+1,,,7.010e-3,3.714e-4,,2.542e-15,7.813e-19,1.823e-28,4.728e-17,1.276e-20,1.013e-12,8.265e-19,,,,9.381e-1,4.916e-20,9.101e-18,,1.619e-26,,,,2.415e-4,4.745e-2,5.726e-7,1.336e-19,,,,,2.963e-2,,,,,,,,,2.717e-18,,,,,,,,,,,,,,
819.81,1.385e+1,1.155e-18,1.398e-26,1.713e-42,1.279e+1,,,7.967e-3,4.257e-4,,2.543e-15,7.897e-19,1.823e-28,4.730e-17,1.277e-20,9.568e-13,1.284e-18,,,,9.686e-1,4.871e-20,9.098e-18,,1.618e-26,,,,2.473e-4,5.742e-2,7.450e-7,1.838e-19,,,,,3.102e-2,,,,,,,,,2.717e-18,,,,,,,,,,,,,,
819.83,1.362e+1,1.158e-18,1.396e-26,1.715e-42,1.252e+1,,,8.665e-3,4.656e-4,,2.543e-15,7.953e-19,1.822e-28,4.731e-17,1.277e-20,9.201e-13,1.852e-18,,,,9.881e-1,4.840e-20,9.097e-18,,1.618e-26,,,,2.508e-4,6.511e-2,8.866e-7,2.270e-19,,,,,3.193e-2,,,,,,,,,2.717e-18,,,,,,,,,,,,,,
819.86,1.325e+1,1.164e-18,1.394e-26,1.719e-42,1.211e+1,,,9.807e-3,5.314e-4,,2.544e-15,8.037e-19,1.822e-28,4.733e-17,1.277e-20,8.660e-13,2.867e-18,,,,1.016e+0,4.796e-20,9.095e-18,,1.617e-26,,,,2.557e-4,7.845e-2,1.149e-6,3.109e-19,,,,,3.328e-2,,,,,,,,,2.718e-18,,,,,,,,,,,,,,
819.88,1.300e+1,1.167e-18,1.392e-26,1.722e-42,1.183e+1,,,1.064e-2,5.796e-4,,2.544e-15,8.093e-19,1.822e-28,4.734e-17,1.277e-20,8.306e-13,3.832e-18,,,,1.033e+0,4.768e-20,9.094e-18,,1.617e-26,,,,2.586e-4,8.871e-2,1.363e-6,3.830e-19,,,,,3.416e-2,,,,,,,,,2.718e-18,,,,,,,,,,,,,,
819.9,1.274e+1,1.171e-18,1.390e-26,1.724e-42,1.154e+1,,,1.152e-2,6.314e-4,,2.544e-15,8.149e-19,1.821e-28,4.735e-17,1.278e-20,7.958e-13,5.116e-18,,,,1.050e+0,4.743e-20,9.092e-18,,1.617e-26,,,,2.613e-4,1.002e-1,1.616e-6,4.711e-19,,,,,3.502e-2,,,,,,,,,2.718e-18,,,,,,,,,,,,,,
819.93,1.234e+1,1.176e-18,1.388e-26,1.728e-42,1.110e+1,,,1.296e-2,7.164e-4,,2.545e-15,8.234e-19,1.821e-28,4.737e-17,1.278e-20,7.448e-13,7.876e-18,,,,1.073e+0,4.710e-20,9.090e-18,,1.616e-26,,,,2.648e-4,1.200e-1,2.081e-6,6.415e-19,,,,,3.629e-2,,,,,,,,,2.718e-18,,,,,,,,,,,,,,
819.95,1.208e+1,1.180e-18,1.386e-26,1.731e-42,1.080e+1,,,1.400e-2,7.783e-4,,2.545e-15,8.290e-19,1.821e-28,4.738e-17,1.278e-20,7.118e-13,1.048e-17,,,,1.087e+0,4.694e-20,9.089e-18,,1.616e-26,,,,2.668e-4,1.352e-1,2.460e-6,7.870e-19,,,,,3.710e-2,,,,,,,,,2.719e-18,,,,,,,,,,,,,,
819.98,1.167e+1,1.185e-18,1.384e-26,1.734e-42,1.035e+1,,,1.568e-2,8.793e-4,,2.546e-15,8.374e-19,1.820e-28,4.740e-17,1.278e-20,6.638e-13,1.607e-17,,,,1.106e+0,4.678e-20,9.087e-18,,1.615e-26,,,,2.692e-4,1.612e-1,3.154e-6,1.067e-18,,,,,3.827e-2,,,,,,,,,2.719e-18,,,,,,,,,,,,,,
820,1.140e+1,1.189e-18,1.382e-26,1.737e-42,1.004e+1,,,1.689e-2,9.525e-4,,2.546e-15,8.430e-19,1.820e-28,4.741e-17,1.279e-20,6.328e-13,2.134e-17,,,,1.118e+0,4.675e-20,9.085e-18,,1.615e-26,,,,2.704e-4,1.810e-1,3.718e-6,1.306e-18,,,,,3.902e-2,,,,,,,,,2.719e-18,,,,,,,,,,,,,,
820.03,1.099e+1,1.195e-18,1.379e-26,1.741e-42,9.582e+0,,,1.885e-2,1.072e-3,,2.547e-15,8.514e-19,1.820e-28,4.743e-17,1.279e-20,5.879e-13,3.257e-17,,,,1.133e+0,4.683e-20,9.083e-18,,1.614e-26,,,,2.717e-4,2.150e-1,4.748e-6,1.763e-18,,,,,4.008e-2,,,,,,,,,2.720e-18,,,,,,,,,,,,,,
820.05,1.072e+1,1.198e-18,1.378e-26,1.743e-42,9.273e+0,,,2.024e-2,1.157e-3,,2.547e-15,8.570e-19,1.820e-28,4.744e-17,1.279e-20,5.592e-13,4.312e-17,,,,1.141e+0,4.699e-20,9.082e-18,,1.614e-26,,,,2.722e-4,2.408e-1,5.580e-6,2.151e-18,,,,,4.075e-2,,,,,,,,,2.720e-18,,,,,,,,,,,,,,
820.08,1.031e+1,1.204e-18,1.375e-26,1.747e-42,8.812e+0,,,2.249e-2,1.297e-3,,2.548e-15,8.654e-19,1.819e-28,4.746e-17,1.279e-20,5.178e-13,6.554e-17,,,,1.151e+0,4.739e-20,9.080e-18,,1.614e-26,,,,2.723e-4,2.848e-1,7.096e-6,2.892e-18,,,,,4.168e-2,,,,,,,,,2.720e-18,,,,,,,,,,,,,,
820.1,1.005e+1,1.207e-18,1.373e-26,1.750e-42,8.505e+0,,,2.408e-2,1.397e-3,,2.548e-15,8.711e-19,1.819e-28,4.747e-17,1.280e-20,4.914e-13,8.653e-17,,,,1.157e+0,4.780e-20,9.078e-18,,1.613e-26,,,,2.720e-4,3.180e-1,8.317e-6,3.518e-18,,,,,4.225e-2,,,,,,,,,2.720e-18,,,,,,,,,,,,,,
820.13,9.656e+0,1.213e-18,1.371e-26,1.754e-42,8.048e+0,,,2.664e-2,1.558e-3,,2.549e-15,8.795e-19,1.819e-28,4.749e-17,1.280e-20,4.536e-13,1.310e-16,,,,1.162e+0,4.862e-20,9.076e-18,,1.613e-26,,,,2.710e-4,3.745e-1,1.053e-5,4.710e-18,,,,,4.303e-2,,,,,,,,,2.721e-18,,,,,,,,,,,,,,
820.15,9.402e+0,1.216e-18,1.369e-26,1.756e-42,7.747e+0,,,2.845e-2,1.673e-3,,2.550e-15,8.851e-19,1.818e-28,4.750e-17,1.280e-20,4.297e-13,1.724e-16,,,,1.164e+0,4.933e-20,9.075e-18,,1.612e-26,,,,2.700e-4,4.170e-1,1.231e-5,5.714e-18,,,,,4.350e-2,,,,,,,,,2.721e-18,,,,,,,,,,,,,,
820.18,9.032e+0,1.222e-18,1.367e-26,1.760e-42,7.301e+0,,,3.133e-2,1.859e-3,,2.550e-15,8.935e-19,1.818e-28,4.752e-17,1.281e-20,3.956e-13,2.599e-16,,,,1.164e+0,5.066e-20,9.072e-18,,1.612e-26,,,,2.679e-4,4.890e-1,1.552e-5,7.619e-18,,,,,4.412e-2,,,,,,,,,2.721e-18,,,,,,,,,,,,,,
820.2,8.794e+0,1.225e-18,1.365e-26,1.763e-42,7.008e+0,,,3.337e-2,1.991e-3,,2.551e-15,8.991e-19,1.818e-28,4.753e-17,1.281e-20,3.740e-13,3.412e-16,,,,1.163e+0,5.174e-20,9.071e-18,,1.612e-26,,,,2.661e-4,5.430e-1,1.809e-5,9.217e-18,,,,,4.447e-2,,,,,,,,,2.722e-18,,,,,,,,,,,,,,
820.23,8.454e+0,1.231e-18,1.362e-26,1.767e-42,6.577e+0,,,3.660e-2,2.202e-3,,2.551e-15,9.075e-19,1.817e-28,4.755e-17,1.281e-20,3.436e-13,5.122e-16,,,,1.159e+0,5.368e-20,9.069e-18,,1.611e-26,,,,2.629e-4,6.341e-1,2.271e-5,1.224e-17,,,,,4.491e-2,,,,,,,,,2.722e-18,,,,,,,,,,,,,,
820.25,8.239e+0,1.234e-18,1.361e-26,1.769e-42,6.296e+0,,,3.886e-2,2.352e-3,,2.552e-15,9.131e-19,1.817e-28,4.756e-17,1.281e-20,3.244e-13,6.705e-16,,,,1.154e+0,5.520e-20,9.068e-18,,1.611e-26,,,,2.604e-4,7.021e-1,2.639e-5,1.476e-17,,,,,4.514e-2,,,,,,,,,2.722e-18,,,,,,,,,,,,,,
820.27,8.034e+0,1.238e-18,1.359e-26,1.772e-42,6.020e+0,,,4.122e-2,2.509e-3,,2.552e-15,9.188e-19,1.817e-28,4.757e-17,1.282e-20,3.063e-13,8.769e-16,,,,1.148e+0,5.691e-20,9.066e-18,,1.610e-26,,,,2.576e-4,7.765e-1,3.063e-5,1.779e-17,,,,,4.532e-2,,,,,,,,,2.723e-18,,,,,,,,,,,,,,
820.3,7.748e+0,1.243e-18,1.356e-26,1.776e-42,5.617e+0,,,4.494e-2,2.758e-3,,2.553e-15,9.272e-19,1.816e-28,4.759e-17,1.282e-20,2.807e-13,1.308e-15,,,,1.137e+0,5.987e-20,9.064e-18,,1.610e-26,,,,2.530e-4,9.013e-1,3.823e-5,2.348e-17,,,,,4.549e-2,,,,,,,,,2.723e-18,,,,,,,,,,,,,,
820.32,7.574e+0,1.247e-18,1.355e-26,1.778e-42,5.355e+0,,,4.754e-2,2.934e-3,,2.553e-15,9.328e-19,1.816e-28,4.760e-17,1.282e-20,2.648e-13,1.706e-15,,,,1.128e+0,6.212e-20,9.063e-18,,1.610e-26,,,,2.497e-4,9.941e-1,4.426e-5,2.822e-17,,,,,4.555e-2,,,,,,,,,2.723e-18,,,,,,,,,,,,,,
820.35,7.338e+0,1.252e-18,1.352e-26,1.782e-42,4.976e+0,,,5.161e-2,3.212e-3,,2.554e-15,9.412e-19,1.816e-28,4.762e-17,1.282e-20,2.426e-13,2.536e-15,,,,1.112e+0,6.592e-20,9.061e-18,,1.609e-26,,,,2.442e-4,1.149e+0,5.501e-5,3.709e-17,,,,,4.553e-2,,,,,,,,,2.724e-18,,,,,,,,,,,,,,
820.37,7.199e+0,1.256e-18,1.350e-26,1.785e-42,4.731e+0,,,5.443e-2,3.407e-3,,2.554e-15,9.468e-19,1.816e-28,4.763e-17,1.283e-20,2.289e-13,3.297e-15,,,,1.100e+0,6.877e-20,9.059e-18,,1.609e-26,,,,2.403e-4,1.264e+0,6.349e-5,4.444e-17,,,,,4.545e-2,,,,,,,,,2.724e-18,,,,,,,,,,,,,,
820.4,7.020e+0,1.261e-18,1.348e-26,1.789e-42,4.378e+0,,,5.884e-2,3.715e-3,,2.555e-15,9.552e-19,1.815e-28,4.765e-17,1.283e-20,2.098e-13,4.879e-15,,,,1.080e+0,7.353e-20,9.057e-18,,1.608e-26,,,,2.341e-4,1.454e+0,7.858e-5,5.817e-17,,,,,4.524e-2,,,,,,,,,2.724e-18,,,,,,,,,,,,,,
820.42,6.922e+0,1.265e-18,1.346e-26,1.791e-42,4.151e+0,,,6.189e-2,3.929e-3,,2.555e-15,9.608e-19,1.815e-28,4.766e-17,1.283e-20,1.980e-13,6.327e-15,,,,1.066e+0,7.704e-20,9.056e-18,,1.608e-26,,,,2.298e-4,1.595e+0,9.045e-5,6.951e-17,,,,,4.503e-2,,,,,,,,,2.724e-18,,,,,,,,,,,,,,
820.45,6.810e+0,1.270e-18,1.344e-26,1.795e-42,3.824e+0,,,6.661e-2,4.265e-3,,2.556e-15,9.693e-19,1.815e-28,4.768e-17,1.284e-20,1.818e-13,9.324e-15,,,,1.042e+0,8.285e-20,9.054e-18,,1.607e-26,,,,2.229e-4,1.828e+0,1.115e-4,9.060e-17,,,,,4.463e-2,,,,,,,,,2.725e-18,,,,,,,,,,,,,,
820.47,6.758e+0,1.274e-18,1.342e-26,1.798e-42,3.616e+0,,,6.986e-2,4.499e-3,,2.556e-15,9.749e-19,1.814e-28,4.769e-17,1.284e-20,1.719e-13,1.206e-14,,,,1.025e+0,8.709e-20,9.052e-18,,1.607e-26,,,,2.182e-4,1.999e+0,1.279e-4,1.080e-16,,,,,4.430e-2,,,,,,,,,2.725e-18,,,,,,,,,,,,,,
820.5,6.720e+0,1.279e-18,1.339e-26,1.801e-42,3.317e+0,,,7.488e-2,4.863e-3,,2.557e-15,9.833e-19,1.814e-28,4.771e-17,1.284e-20,1.583e-13,1.769e-14,,,,9.976e-1,9.403e-20,9.050e-18,,1.606e-26,,,,2.109e-4,2.281e+0,1.570e-4,1.401e-16,,,,,4.372e-2,,,,,,,,,2.725e-18,,,,,,,,,,,,,,
820.52,6.721e+0,1.283e-18,1.338e-26,1.804e-42,3.128e+0,,,7.831e-2,5.115e-3,,2.557e-15,9.889e-19,1.814e-28,4.772e-17,1.284e-20,1.501e-13,2.282e-14,,,,9.785e-1,9.906e-20,9.049e-18,,1.606e-26,,,,2.059e-4,2.488e+0,1.797e-4,1.665e-16,,,,,4.327e-2,,,,,,,,,2.726e-18,,,,,,,,,,,,,,
820.55,6.765e+0,1.288e-18,1.335e-26,1.808e-42,2.857e+0,,,8.358e-2,5.505e-3,,2.558e-15,9.973e-19,1.813e-28,4.774e-17,1.285e-20,1.388e-13,3.334e-14,,,,9.485e-1,1.072e-19,9.047e-18,,1.606e-26,,,,1.982e-4,2.827e+0,2.196e-4,2.152e-16,,,,,4.252e-2,,,,,,,,,2.726e-18,,,,,,,,,,,,,,
820.57,6.823e+0,1.292e-18,1.333e-26,1.811e-42,2.686e+0,,,8.716e-2,5.774e-3,,2.558e-15,1.003e-18,1.813e-28,4.775e-17,1.285e-20,1.321e-13,4.287e-14,,,,9.277e-1,1.131e-19,9.045e-18,,1.605e-26,,,,1.930e-4,3.074e+0,2.506e-4,2.550e-16,,,,,4.197e-2,,,,,,,,,2.726e-18,,,,,,,,,,,,,,
820.6,6.958e+0,1.297e-18,1.331e-26,1.814e-42,2.444e+0,,,9.263e-2,6.188e-3,,2.559e-15,1.011e-18,1.813e-28,4.777e-17,1.285e-20,1.229e-13,6.239e-14,,,,8.954e-1,1.225e-19,9.043e-18,,1.605e-26,,,,1.852e-4,3.478e+0,3.049e-4,3.282e-16,,,,,4.107e-2,,,,,,,,,2.727e-18,,,,,,,,,,,,,,
820.62,7.080e+0,1.301e-18,1.329e-26,1.817e-42,2.291e+0,,,9.632e-2,6.472e-3,,2.559e-15,1.017e-18,1.813e-28,4.778e-17,1.285e-20,1.174e-13,8.000e-14,,,,8.733e-1,1.292e-19,9.042e-18,,1.604e-26,,,,1.799e-4,3.771e+0,3.471e-4,3.879e-16,,,,,4.042e-2,,,,,,,,,2.727e-18,,,,,,,,,,,,,,
820.64,7.228e+0,1.305e-18,1.327e-26,1.820e-42,2.146e+0,,,1.001e-1,6.761e-3,,2.559e-15,1.023e-18,1.812e-28,4.780e-17,1.286e-20,1.124e-13,1.025e-13,,,,8.507e-1,1.363e-19,9.040e-18,,1.604e-26,,,,1.746e-4,4.085e+0,3.945e-4,4.578e-16,,,,,3.974e-2,,,,,,,,,2.727e-18,,,,,,,,,,,,,,
820.67,7.503e+0,1.310e-18,1.325e-26,1.823e-42,1.940e+0,,,1.057e-1,7.203e-3,,2.560e-15,1.031e-18,1.812e-28,4.781e-17,1.286e-20,1.057e-13,1.482e-13,,,,8.162e-1,1.476e-19,9.038e-18,,1.604e-26,,,,1.667e-4,4.595e+0,4.772e-4,5.858e-16,,,,,3.865e-2,,,,,,,,,2.727e-18,,,,,,,,,,,,,,
820.69,7.723e+0,1.314e-18,1.323e-26,1.826e-42,1.812e+0,,,1.095e-1,7.503e-3,,2.561e-15,1.037e-18,1.812e-28,4.783e-17,1.286e-20,1.018e-13,1.894e-13,,,,7.929e-1,1.556e-19,9.037e-18,,1.603e-26,,,,1.615e-4,4.962e+0,5.410e-4,6.895e-16,,,,,3.789e-2,,,,,,,,,2.728e-18,,,,,,,,,,,,,,
820.72,8.108e+0,1.319e-18,1.321e-26,1.830e-42,1.632e+0,,,1.152e-1,7.961e-3,,2.561e-15,1.045e-18,1.811e-28,4.784e-17,1.287e-20,9.654e-14,2.728e-13,,,,7.575e-1,1.682e-19,9.035e-18,,1.603e-26,,,,1.538e-4,5.558e+0,6.516e-4,8.785e-16,,,,,3.670e-2,,,,,,,,,2.728e-18,,,,,,,,,,,,,,
820.74,8.403e+0,1.323e-18,1.319e-26,1.832e-42,1.519e+0,,,1.189e-1,8.269e-3,,2.562e-15,1.051e-18,1.811e-28,4.786e-17,1.287e-20,9.347e-14,3.475e-13,,,,7.338e-1,1.771e-19,9.033e-18,,1.602e-26,,,,1.487e-4,5.986e+0,7.366e-4,1.031e-15,,,,,3.587e-2,,,,,,,,,2.728e-18,,,,,,,,,,,,,,
820.77,8.906e+0,1.328e-18,1.316e-26,1.836e-42,1.362e+0,,,1.246e-1,8.735e-3,,2.562e-15,1.059e-18,1.811e-28,4.787e-17,1.287e-20,8.944e-14,4.985e-13,,,,6.981e-1,1.911e-19,9.031e-18,,1.602e-26,,,,1.412e-4,6.676e+0,8.835e-4,1.308e-15,,,,,3.459e-2,,,,,,,,,2.729e-18,,,,,,,,,,,,,,
820.79,9.282e+0,1.332e-18,1.315e-26,1.839e-42,1.265e+0,,,1.283e-1,9.048e-3,,2.563e-15,1.065e-18,1.810e-28,4.789e-17,1.287e-20,8.711e-14,6.332e-13,,,,6.742e-1,2.009e-19,9.030e-18,,1.601e-26,,,,1.363e-4,7.170e+0,9.959e-4,1.531e-15,,,,,3.372e-2,,,,,,,,,2.729e-18,,,,,,,,,,,,,,
820.82,9.908e+0,1.337e-18,1.312e-26,1.843e-42,1.130e+0,,,1.338e-1,9.518e-3,,2.563e-15,1.073e-18,1.810e-28,4.790e-17,1.288e-20,8.407e-14,9.045e-13,,,,6.387e-1,2.161e-19,9.028e-18,,1.601e-26,,,,1.292e-4,7.963e+0,1.189e-3,1.935e-15,,,,,3.238e-2,,,,,,,,,2.729e-18,,,,,,,,,,,,,,
820.84,1.037e+1,1.341e-18,1.310e-26,1.845e-42,1.046e+0,,,1.375e-1,9.831e-3,,2.564e-15,1.079e-18,1.810e-28,4.792e-17,1.288e-20,8.232e-14,1.146e-12,,,,6.152e-1,2.267e-19,9.026e-18,,1.601e-26,,,,1.246e-4,8.528e+0,1.337e-3,2.258e-15,,,,,3.147e-2,,,,,,,,,2.729e-18,,,,,,,,,,,,,,
820.87,1.113e+1,1.346e-18,1.308e-26,1.849e-42,9.298e-1,,,1.428e-1,1.030e-2,,2.564e-15,1.087e-18,1.809e-28,4.793e-17,1.288e-20,8.007e-14,1.630e-12,,,,5.802e-1,2.432e-19,9.024e-18,,1.600e-26,,,,1.180e-4,9.430e+0,1.590e-3,2.842e-15,,,,,3.010e-2,,,,,,,,,2.730e-18,,,,,,,,,,,,,,
820.89,1.167e+1,1.350e-18,1.306e-26,1.852e-42,8.585e-1,,,1.462e-1,1.061e-2,,2.565e-15,1.093e-18,1.809e-28,4.795e-17,1.288e-20,7.878e-14,2.059e-12,,,,5.573e-1,2.546e-19,9.023e-18,,1.600e-26,,,,1.137e-4,1.007e+1,1.782e-3,3.308e-15,,,,,2.917e-2,,,,,,,,,2.730e-18,,,,,,,,,,,,,,
820.92,1.257e+1,1.355e-18,1.304e-26,1.856e-42,7.600e-1,,,1.512e-1,1.106e-2,,2.565e-15,1.101e-18,1.809e-28,4.797e-17,1.289e-20,7.713e-14,2.917e-12,,,,5.234e-1,2.722e-19,9.021e-18,,1.599e-26,,,,1.077e-4,1.109e+1,2.110e-3,4.144e-15,,,,,2.777e-2,,,,,,,,,2.730e-18,,,,,,,,,,,,,,
820.94,1.320e+1,1.359e-18,1.302e-26,1.858e-42,6.997e-1,,,1.544e-1,1.136e-2,,2.566e-15,1.107e-18,1.809e-28,4.798e-17,1.289e-20,7.619e-14,3.674e-12,,,,5.013e-1,2.843e-19,9.019e-18,,1.599e-26,,,,1.039e-4,1.181e+1,2.359e-3,4.810e-15,,,,,2.684e-2,,,,,,,,,2.731e-18,,,,,,,,,,,,,,
820.97,1.423e+1,1.364e-18,1.299e-26,1.862e-42,6.168e-1,,,1.590e-1,1.180e-2,,2.566e-15,1.115e-18,1.808e-28,4.800e-17,1.289e-20,7.498e-14,5.183e-12,,,,4.688e-1,3.029e-19,9.017e-18,,1.598e-26,,,,9.843e-5,1.295e+1,2.782e-3,6.002e-15,,,,,2.545e-2,,,,,,,,,2.731e-18,,,,,,,,,,,,,,
820.99,1.497e+1,1.368e-18,1.298e-26,1.865e-42,5.663e-1,,,1.619e-1,1.209e-2,,2.567e-15,1.121e-18,1.808e-28,4.801e-17,1.290e-20,7.429e-14,6.510e-12,,,,4.477e-1,3.155e-19,9.016e-18,,1.598e-26,,,,9.504e-5,1.375e+1,3.100e-3,6.947e-15,,,,,2.453e-2,,,,,,,,,2.731e-18,,,,,,,,,,,,,,
821.02,1.613e+1,1.373e-18,1.295e-26,1.869e-42,4.971e-1,,,1.660e-1,1.250e-2,,2.567e-15,1.129e-18,1.808e-28,4.803e-17,1.290e-20,7.338e-14,9.145e-12,,,,4.169e-1,3.348e-19,9.014e-18,,1.598e-26,,,,9.031e-5,1.501e+1,3.640e-3,8.632e-15,,,,,2.315e-2,,,,,,,,,2.732e-18,,,,,,,,,,,,,,
821.04,1.696e+1,1.377e-18,1.294e-26,1.871e-42,4.550e-1,,,1.686e-1,1.277e-2,,2.568e-15,1.135e-18,1.807e-28,4.804e-17,1.290e-20,7.285e-14,1.146e-11,,,,3.970e-1,3.479e-19,9.012e-18,,1.597e-26,,,,8.740e-5,1.590e+1,4.046e-3,9.962e-15,,,,,2.225e-2,,,,,,,,,2.732e-18,,,,,,,,,,,,,,
821.06,1.782e+1,1.381e-18,1.292e-26,1.874e-42,4.161e-1,,,1.710e-1,1.302e-2,,2.568e-15,1.140e-18,1.807e-28,4.805e-17,1.290e-20,7.235e-14,1.433e-11,,,,3.776e-1,3.611e-19,9.011e-18,,1.597e-26,,,,8.469e-5,1.681e+1,4.492e-3,1.149e-14,,,,,2.136e-2,,,,,,,,,2.732e-18,,,,,,,,,,,,,,
821.09,1.917e+1,1.386e-18,1.289e-26,1.878e-42,3.631e-1,,,1.743e-1,1.339e-2,,2.569e-15,1.149e-18,1.807e-28,4.807e-17,1.291e-20,7.167e-14,2.002e-11,,,,3.496e-1,3.812e-19,9.009e-18,,1.596e-26,,,,8.100e-5,1.825e+1,5.243e-3,1.419e-14,,,,,2.004e-2,,,,,,,,,2.733e-18,,,,,,,,,,,,,,
821.11,2.012e+1,1.390e-18,1.288e-26,1.880e-42,3.310e-1,,,1.763e-1,1.362e-2,,2.569e-15,1.154e-18,1.806e-28,4.808e-17,1.291e-20,7.124e-14,2.498e-11,,,,3.316e-1,3.946e-19,9.007e-18,,1.596e-26,,,,7.880e-5,1.925e+1,5.805e-3,1.631e-14,,,,,1.918e-2,,,,,,,,,2.733e-18,,,,,,,,,,,,,,
821.14,2.161e+1,1.395e-18,1.285e-26,1.884e-42,2.876e-1,,,1.789e-1,1.395e-2,,2.570e-15,1.163e-18,1.806e-28,4.810e-17,1.291e-20,7.061e-14,3.474e-11,,,,3.056e-1,4.148e-19,9.005e-18,,1.595e-26,,,,7.590e-5,2.080e+1,6.747e-3,2.006e-14,,,,,1.793e-2,,,,,,,,,2.733e-18,,,,,,,,,,,,,,
821.16,2.265e+1,1.399e-18,1.283e-26,1.887e-42,2.615e-1,,,1.805e-1,1.415e-2,,2.570e-15,1.168e-18,1.806e-28,4.811e-17,1.291e-20,7.018e-14,4.322e-11,,,,2.890e-1,4.283e-19,9.004e-18,,1.595e-26,,,,7.422e-5,2.188e+1,7.448e-3,2.300e-14,,,,,1.711e-2,,,,,,,,,2.733e-18,,,,,,,,,,,,,,
821.19,2.426e+1,1.404e-18,1.281e-26,1.890e-42,2.262e-1,,,1.824e-1,1.442e-2,,2.571e-15,1.177e-18,1.805e-28,4.813e-17,1.292e-20,6.952e-14,5.986e-11,,,,2.653e-1,4.484e-19,9.002e-18,,1.595e-26,,,,7.211e-5,2.354e+1,8.620e-3,2.818e-14,,,,,1.592e-2,,,,,,,,,2.734e-18,,,,,,,,,,,,,,
821.21,2.537e+1,1.408e-18,1.279e-26,1.893e-42,2.051e-1,,,1.834e-1,1.459e-2,,2.571e-15,1.183e-18,1.805e-28,4.814e-17,1.292e-20,6.906e-14,7.427e-11,,,,2.502e-1,4.617e-19,9.000e-18,,1.594e-26,,,,7.096e-5,2.469e+1,9.490e-3,3.221e-14,,,,,1.515e-2,,,,,,,,,2.734e-18,,,,,,,,,,,,,,
821.24,2.709e+1,1.413e-18,1.277e-26,1.897e-42,1.767e-1,,,1.846e-1,1.481e-2,,2.572e-15,1.191e-18,1.805e-28,4.816e-17,1.292e-20,6.832e-14,1.024e-10,,,,2.287e-1,4.814e-19,8.998e-18,,1.594e-26,,,,6.963e-5,2.646e+1,1.094e-2,3.929e-14,,,,,1.404e-2,,,,,,,,,2.734e-18,,,,,,,,,,,,,,
821.26,2.827e+1,1.417e-18,1.275e-26,1.899e-42,1.597e-1,,,1.851e-1,1.494e-2,,2.572e-15,1.197e-18,1.805e-28,4.817e-17,1.292e-20,6.779e-14,1.267e-10,,,,2.150e-1,4.943e-19,8.997e-18,,1.593e-26,,,,6.901e-5,2.767e+1,1.201e-2,4.480e-14,,,,,1.332e-2,,,,,,,,,2.735e-18,,,,,,,,,,,,,,
821.29,3.009e+1,1.422e-18,1.272e-26,1.903e-42,1.370e-1,,,1.855e-1,1.511e-2,,2.573e-15,1.205e-18,1.804e-28,4.819e-17,1.293e-20,6.693e-14,1.741e-10,,,,1.957e-1,5.132e-19,8.995e-18,,1.593e-26,,,,6.847e-5,2.953e+1,1.378e-2,5.441e-14,,,,,1.229e-2,,,,,,,,,2.735e-18,,,,,,,,,,,,,,
821.31,3.133e+1,1.426e-18,1.271e-26,1.906e-42,1.235e-1,,,1.855e-1,1.520e-2,,2.573e-15,1.211e-18,1.804e-28,4.820e-17,1.293e-20,6.631e-14,2.148e-10,,,,1.835e-1,5.255e-19,8.993e-18,,1.593e-26,,,,6.836e-5,3.079e+1,1.508e-2,6.186e-14,,,,,1.163e-2,,,,,,,,,2.735e-18,,,,,,,,,,,,,,
821.34,3.322e+1,1.431e-18,1.268e-26,1.910e-42,1.055e-1,,,1.851e-1,1.531e-2,,2.574e-15,1.219e-18,1.804e-28,4.822e-17,1.293e-20,6.530e-14,2.937e-10,,,,1.663e-1,5.433e-19,8.991e-18,,1.592e-26,,,,6.859e-5,3.272e+1,1.724e-2,7.483e-14,,,,,1.069e-2,,,,,,,,,2.736e-18,,,,,,,,,,,,,,
821.36,3.450e+1,1.435e-18,1.266e-26,1.912e-42,9.484e-2,,,1.846e-1,1.536e-2,,2.574e-15,1.225e-18,1.803e-28,4.823e-17,1.294e-20,6.458e-14,3.614e-10,,,,1.555e-1,5.548e-19,8.990e-18,,1.592e-26,,,,6.898e-5,3.402e+1,1.881e-2,8.483e-14,,,,,1.008e-2,,,,,,,,,2.736e-18,,,,,,,,,,,,,,
821.39,3.645e+1,1.440e-18,1.264e-26,1.916e-42,8.066e-2,,,1.834e-1,1.540e-2,,2.575e-15,1.233e-18,1.803e-28,4.825e-17,1.294e-20,6.341e-14,4.922e-10,,,,1.403e-1,5.712e-19,8.988e-18,,1.591e-26,,,,6.995e-5,3.600e+1,2.141e-2,1.022e-13,,,,,9.224e-3,,,,,,,,,2.736e-18,,,,,,,,,,,,,,
821.41,3.776e+1,1.444e-18,1.262e-26,1.919e-42,7.230e-2,,,1.824e-1,1.541e-2,,2.575e-15,1.239e-18,1.803e-28,4.826e-17,1.294e-20,6.257e-14,6.039e-10,,,,1.308e-1,5.816e-19,8.986e-18,,1.591e-26,,,,7.083e-5,3.733e+1,2.330e-2,1.155e-13,,,,,8.680e-3,,,,,,,,,2.736e-18,,,,,,,,,,,,,,
821.43,3.908e+1,1.447e-18,1.260e-26,1.921e-42,6.474e-2,,,1.812e-1,1.540e-2,,2.576e-15,1.244e-18,1.802e-28,4.827e-17,1.294e-20,6.169e-14,7.402e-10,,,,1.218e-1,5.915e-19,8.985e-18,,1.590e-26,,,,7.190e-5,3.866e+1,2.533e-2,1.305e-13,,,,,8.158e-3,,,,,,,,,2.737e-18,,,,,,,,,,,,,,
821.46,4.106e+1,1.453e-18,1.258e-26,1.925e-42,5.473e-2,,,1.789e-1,1.536e-2,,2.576e-15,1.253e-18,1.802e-28,4.829e-17,1.295e-20,6.030e-14,1.002e-9,,,,1.093e-1,6.055e-19,8.983e-18,,1.590e-26,,,,7.385e-5,4.067e+1,2.866e-2,1.562e-13,,,,,7.418e-3,,,,,,,,,2.737e-18,,,,,,,,,,,,,,
821.48,4.238e+1,1.456e-18,1.256e-26,1.928e-42,4.886e-2,,,1.772e-1,1.531e-2,,2.577e-15,1.258e-18,1.802e-28,4.830e-17,1.295e-20,5.931e-14,1.225e-9,,,,1.015e-1,6.141e-19,8.981e-18,,1.590e-26,,,,7.537e-5,4.200e+1,3.107e-2,1.759e-13,,,,,6.953e-3,,,,,,,,,2.737e-18,,,,,,,,,,,,,,
821.51,4.435e+1,1.462e-18,1.254e-26,1.932e-42,4.113e-2,,,1.743e-1,1.521e-2,,2.577e-15,1.267e-18,1.801e-28,4.832e-17,1.295e-20,5.776e-14,1.652e-9,,,,9.065e-2,6.259e-19,8.979e-18,,1.589e-26,,,,7.798e-5,4.399e+1,3.500e-2,2.098e-13,,,,,6.295e-3,,,,,,,,,2.738e-18,,,,,,,,,,,,,,
821.53,4.566e+1,1.466e-18,1.252e-26,1.934e-42,3.662e-2,,,1.721e-1,1.513e-2,,2.578e-15,1.272e-18,1.801e-28,4.833e-17,1.295e-20,5.667e-14,2.013e-9,,,,8.395e-2,6.330e-19,8.978e-18,,1.589e-26,,,,7.993e-5,4.530e+1,3.784e-2,2.356e-13,,,,,5.883e-3,,,,,,,,,2.738e-18,,,,,,,,,,,,,,
821.56,4.759e+1,1.471e-18,1.249e-26,1.938e-42,3.070e-2,,,1.686e-1,1.497e-2,,2.578e-15,1.281e-18,1.801e-28,4.835e-17,1.296e-20,5.498e-14,2.703e-9,,,,7.466e-2,6.425e-19,8.976e-18,,1.588e-26,,,,8.315e-5,4.725e+1,4.244e-2,2.798e-13,,,,,5.304e-3,,,,,,,,,2.738e-18,,,,,,,,,,,,,,
821.58,4.885e+1,1.475e-18,1.248e-26,1.941e-42,2.725e-2,,,1.660e-1,1.485e-2,,2.579e-15,1.286e-18,1.801e-28,4.836e-17,1.296e-20,5.381e-14,3.285e-9,,,,6.895e-2,6.479e-19,8.974e-18,,1.588e-26,,,,8.550e-5,4.852e+1,4.575e-2,3.133e-13,,,,,4.943e-3,,,,,,,,,2.738e-18,,,,,,,,,,,,,,
821.61,5.071e+1,1.480e-18,1.245e-26,1.945e-42,2.274e-2,,,1.619e-1,1.465e-2,,2.579e-15,1.295e-18,1.800e-28,4.838e-17,1.296e-20,5.200e-14,4.392e-9,,,,6.105e-2,6.548e-19,8.972e-18,,1.587e-26,,,,8.931e-5,5.039e+1,5.110e-2,3.705e-13,,,,,4.438e-3,,,,,,,,,2.739e-18,,,,,,,,,,,,,,
821.63,5.191e+1,1.484e-18,1.243e-26,1.947e-42,2.013e-2,,,1.590e-1,1.450e-2,,2.580e-15,1.300e-18,1.800e-28,4.839e-17,1.297e-20,5.076e-14,5.323e-9,,,,5.622e-2,6.585e-19,8.971e-18,,1.587e-26,,,,9.202e-5,5.160e+1,5.494e-2,4.137e-13,,,,,4.124e-3,,,,,,,,,2.739e-18,,,,,,,,,,,,,,
821.66,5.366e+1,1.489e-18,1.241e-26,1.951e-42,1.673e-2,,,1.544e-1,1.425e-2,,2.580e-15,1.309e-18,1.800e-28,4.841e-17,1.297e-20,4.886e-14,7.088e-9,,,,4.957e-2,6.627e-19,8.969e-18,,1.587e-26,,,,9.636e-5,5.337e+1,6.110e-2,4.872e-13,,,,,3.686e-3,,,,,,,,,2.739e-18,,,,,,,,,,,,,,
821.68,5.479e+1,1.493e-18,1.239e-26,1.954e-42,1.477e-2,,,1.512e-1,1.407e-2,,2.581e-15,1.314e-18,1.799e-28,4.842e-17,1.297e-20,4.757e-14,8.567e-9,,,,4.552e-2,6.646e-19,8.967e-18,,1.586e-26,,,,9.942e-5,5.449e+1,6.550e-2,5.426e-13,,,,,3.416e-3,,,,,,,,,2.740e-18,,,,,,,,,,,,,,
821.71,5.640e+1,1.498e-18,1.237e-26,1.957e-42,1.222e-2,,,1.462e-1,1.379e-2,,2.581e-15,1.323e-18,1.799e-28,4.844e-17,1.297e-20,4.561e-14,1.136e-8,,,,3.997e-2,6.660e-19,8.965e-18,,1.586e-26,,,,1.042e-4,5.612e+1,7.254e-2,6.363e-13,,,,,3.041e-3,,,,,,,,,2.740e-18,,,,,,,,,,,,,,
821.73,5.743e+1,1.502e-18,1.235e-26,1.960e-42,1.076e-2,,,1.428e-1,1.359e-2,,2.582e-15,1.328e-18,1.799e-28,4.845e-17,1.298e-20,4.428e-14,1.369e-8,,,,3.659e-2,6.660e-19,8.964e-18,,1.585e-26,,,,1.076e-4,5.714e+1,7.754e-2,7.066e-13,,,,,2.810e-3,,,,,,,,,2.740e-18,,,,,,,,,,,,,,
821.76,5.887e+1,1.507e-18,1.232e-26,1.964e-42,8.865e-3,,,1.375e-1,1.328e-2,,2.582e-15,1.337e-18,1.798e-28,4.847e-17,1.298e-20,4.228e-14,1.808e-8,,,,3.199e-2,6.646e-19,8.962e-18,,1.585e-26,,,,1.129e-4,5.859e+1,8.552e-2,8.251e-13,,,,,2.490e-3,,,,,,,,,2.741e-18,,,,,,,,,,,,,,
821.78,5.977e+1,1.511e-18,1.231e-26,1.966e-42,7.780e-3,,,1.338e-1,1.306e-2,,2.583e-15,1.342e-18,1.798e-28,4.848e-17,1.298e-20,4.093e-14,2.173e-8,,,,2.921e-2,6.627e-19,8.960e-18,,1.584e-26,,,,1.166e-4,5.949e+1,9.116e-2,9.137e-13,,,,,2.294e-3,,,,,,,,,2.741e-18,,,,,,,,,,,,,,
821.8,6.062e+1,1.514e-18,1.229e-26,1.969e-42,6.821e-3,,,1.302e-1,1.285e-2,,2.583e-15,1.348e-18,1.798e-28,4.850e-17,1.298e-20,3.959e-14,2.609e-8,,,,2.664e-2,6.601e-19,8.959e-18,,1.584e-26,,,,1.203e-4,6.034e+1,9.706e-2,1.011e-12,,,,,2.112e-3,,,,,,,,,2.741e-18,,,,,,,,,,,,,,
821.83,6.178e+1,1.520e-18,1.226e-26,1.973e-42,5.587e-3,,,1.246e-1,1.252e-2,,2.584e-15,1.356e-18,1.797e-28,4.851e-17,1.299e-20,3.758e-14,3.424e-8,,,,2.315e-2,6.548e-19,8.957e-18,,1.584e-26,,,,1.261e-4,6.151e+1,1.064e-1,1.173e-12,,,,,1.860e-3,,,,,,,,,2.742e-18,,,,,,,,,,,,,,
821.85,6.248e+1,1.523e-18,1.225e-26,1.975e-42,4.884e-3,,,1.208e-1,1.229e-2,,2.584e-15,1.362e-18,1.797e-28,4.853e-17,1.299e-20,3.625e-14,4.100e-8,,,,2.106e-2,6.503e-19,8.955e-18,,1.583e-26,,,,1.302e-4,6.221e+1,1.130e-1,1.294e-12,,,,,1.707e-3,,,,,,,,,2.742e-18,,,,,,,,,,,,,,
821.88,6.341e+1,1.529e-18,1.222e-26,1.979e-42,3.984e-3,,,1.152e-1,1.196e-2,,2.585e-15,1.371e-18,1.797e-28,4.854e-17,1.299e-20,3.426e-14,5.360e-8,,,,1.822e-2,6.423e-19,8.953e-18,,1.583e-26,,,,1.363e-4,6.314e+1,1.233e-1,1.496e-12,,,,,1.498e-3,,,,,,,,,2.742e-18,,,,,,,,,,,,,,
821.9,6.395e+1,1.532e-18,1.221e-26,1.982e-42,3.473e-3,,,1.114e-1,1.174e-2,,2.585e-15,1.376e-18,1.797e-28,4.856e-17,1.300e-20,3.295e-14,6.399e-8,,,,1.653e-2,6.362e-19,8.952e-18,,1.582e-26,,,,1.406e-4,6.368e+1,1.306e-1,1.646e-12,,,,,1.371e-3,,,,,,,,,2.742e-18,,,,,,,,,,,,,,
821.93,6.463e+1,1.538e-18,1.218e-26,1.986e-42,2.820e-3,,,1.057e-1,1.142e-2,,2.586e-15,1.385e-18,1.796e-28,4.857e-17,1.300e-20,3.102e-14,8.330e-8,,,,1.425e-2,6.257e-19,8.950e-18,,1.582e-26,,,,1.471e-4,6.436e+1,1.419e-1,1.895e-12,,,,,1.197e-3,,,,,,,,,2.743e-18,,,,,,,,,,,,,,
821.95,6.500e+1,1.541e-18,1.216e-26,1.988e-42,2.451e-3,,,1.019e-1,1.121e-2,,2.586e-15,1.390e-18,1.796e-28,4.859e-17,1.300e-20,2.975e-14,9.917e-8,,,,1.288e-2,6.180e-19,8.948e-18,,1.582e-26,,,,1.515e-4,6.472e+1,1.498e-1,2.079e-12,,,,,1.093e-3,,,,,,,,,2.743e-18,,,,,,,,,,,,,,
821.98,6.542e+1,1.547e-18,1.214e-26,1.992e-42,1.982e-3,,,9.632e-2,1.091e-2,,2.587e-15,1.399e-18,1.796e-28,4.860e-17,1.300e-20,2.789e-14,1.286e-7,,,,1.106e-2,6.052e-19,8.946e-18,,1.581e-26,,,,1.583e-4,6.513e+1,1.622e-1,2.383e-12,,,,,9.505e-4,,,,,,,,,2.743e-18,,,,,,,,,,,,,,
822,6.561e+1,1.550e-18,1.212e-26,1.995e-42,1.718e-3,,,9.263e-2,1.071e-2,,2.587e-15,1.404e-18,1.795e-28,4.862e-17,1.301e-20,2.667e-14,1.526e-7,,,,9.976e-3,5.960e-19,8.945e-18,,1.581e-26,,,,1.629e-4,6.532e+1,1.708e-1,2.607e-12,,,,,8.649e-4,,,,,,,,,2.744e-18,,,,,,,,,,,,,,
822.03,6.575e+1,1.556e-18,1.209e-26,1.999e-42,1.384e-3,,,8.716e-2,1.044e-2,,2.588e-15,1.413e-18,1.795e-28,4.863e-17,1.301e-20,2.490e-14,1.970e-7,,,,8.531e-3,5.813e-19,8.943e-18,,1.580e-26,,,,1.699e-4,6.546e+1,1.841e-1,2.976e-12,,,,,7.492e-4,,,,,,,,,2.744e-18,,,,,,,,,,,,,,
822.05,6.575e+1,1.559e-18,1.208e-26,2.001e-42,1.196e-3,,,8.358e-2,1.027e-2,,2.588e-15,1.418e-18,1.795e-28,4.865e-17,1.301e-20,2.375e-14,2.333e-7,,,,7.676e-3,5.708e-19,8.941e-18,,1.580e-26,,,,1.747e-4,6.546e+1,1.932e-1,3.246e-12,,,,,6.797e-4,,,,,,,,,2.744e-18,,,,,,,,,,,,,,
822.08,6.562e+1,1.565e-18,1.205e-26,2.005e-42,9.588e-4,,,7.831e-2,1.004e-2,,2.589e-15,1.427e-18,1.794e-28,4.866e-17,1.301e-20,2.207e-14,2.999e-7,,,,6.541e-3,5.543e-19,8.939e-18,,1.579e-26,,,,1.820e-4,6.532e+1,2.074e-1,3.691e-12,,,,,5.863e-4,,,,,,,,,2.745e-18,,,,,,,,,,,,,,
822.1,6.544e+1,1.568e-18,1.204e-26,2.008e-42,8.263e-4,,,7.488e-2,9.902e-3,,2.589e-15,1.432e-18,1.794e-28,4.868e-17,1.302e-20,2.099e-14,3.541e-7,,,,5.874e-3,5.428e-19,8.938e-18,,1.579e-26,,,,1.869e-4,6.513e+1,2.171e-1,4.015e-12,,,,,5.304e-4,,,,,,,,,2.745e-18,,,,,,,,,,,,,,
822.13,6.504e+1,1.574e-18,1.201e-26,2.012e-42,6.597e-4,,,6.986e-2,9.721e-3,,2.590e-15,1.441e-18,1.794e-28,4.869e-17,1.302e-20,1.943e-14,4.533e-7,,,,4.992e-3,5.249e-19,8.936e-18,,1.578e-26,,,,1.944e-4,6.472e+1,2.320e-1,4.545e-12,,,,,4.555e-4,,,,,,,,,2.745e-18,,,,,,,,,,,,,,
822.15,6.468e+1,1.578e-18,1.199e-26,2.014e-42,5.669e-4,,,6.661e-2,9.620e-3,,2.590e-15,1.446e-18,1.794e-28,4.871e-17,1.302e-20,1.843e-14,5.337e-7,,,,4.477e-3,5.126e-19,8.934e-18,,1.578e-26,,,,1.994e-4,6.436e+1,2.422e-1,4.930e-12,,,,,4.110e-4,,,,,,,,,2.745e-18,,,,,,,,,,,,,,
822.17,6.425e+1,1.581e-18,1.198e-26,2.017e-42,4.866e-4,,,6.344e-2,9.535e-3,,2.591e-15,1.452e-18,1.793e-28,4.872e-17,1.302e-20,1.745e-14,6.277e-7,,,,4.014e-3,5.000e-19,8.933e-18,,1.578e-26,,,,2.045e-4,6.392e+1,2.526e-1,5.342e-12,,,,,3.704e-4,,,,,,,,,2.746e-18,,,,,,,,,,,,,,
822.2,6.348e+1,1.587e-18,1.195e-26,2.021e-42,3.862e-4,,,5.884e-2,9.440e-3,,2.591e-15,1.460e-18,1.793e-28,4.874e-17,1.303e-20,1.606e-14,7.989e-7,,,,3.408e-3,4.806e-19,8.931e-18,,1.577e-26,,,,2.122e-4,6.314e+1,2.683e-1,6.013e-12,,,,,3.162e-4,,,,,,,,,2.746e-18,,,,,,,,,,,,,,
822.22,6.288e+1,1.590e-18,1.193e-26,2.023e-42,3.306e-4,,,5.588e-2,9.400e-3,,2.592e-15,1.466e-18,1.793e-28,4.875e-17,1.303e-20,1.517e-14,9.369e-7,,,,3.058e-3,4.674e-19,8.929e-18,,1.577e-26,,,,2.174e-4,6.253e+1,2.790e-1,6.497e-12,,,,,2.841e-4,,,,,,,,,2.746e-18,,,,,,,,,,,,,,
822.25,6.186e+1,1.596e-18,1.191e-26,2.027e-42,2.612e-4,,,5.161e-2,9.376e-3,,2.592e-15,1.474e-18,1.792e-28,4.877e-17,1.303e-20,1.390e-14,1.187e-6,,,,2.605e-3,4.474e-19,8.927e-18,,1.576e-26,,,,2.252e-4,6.151e+1,2.952e-1,7.282e-12,,,,,2.415e-4,,,,,,,,,2.747e-18,,,,,,,,,,,,,,
822.27,6.111e+1,1.599e-18,1.189e-26,2.030e-42,2.230e-4,,,4.887e-2,9.385e-3,,2.593e-15,1.480e-18,1.792e-28,4.878e-17,1.304e-20,1.309e-14,1.389e-6,,,,2.347e-3,4.339e-19,8.926e-18,,1.576e-26,,,,2.305e-4,6.074e+1,3.061e-1,7.846e-12,,,,,2.164e-4,,,,,,,,,2.747e-18,,,,,,,,,,,,,,
822.3,5.987e+1,1.605e-18,1.187e-26,2.033e-42,1.754e-4,,,4.494e-2,9.438e-3,,2.593e-15,1.488e-18,1.792e-28,4.880e-17,1.304e-20,1.194e-14,1.753e-6,,,,2.018e-3,4.136e-19,8.924e-18,,1.576e-26,,,,2.385e-4,5.949e+1,3.224e-1,8.757e-12,,,,,1.832e-4,,,,,,,,,2.747e-18,,,,,,,,,,,,,,
822.32,5.898e+1,1.608e-18,1.185e-26,2.036e-42,1.493e-4,,,4.244e-2,9.500e-3,,2.594e-15,1.494e-18,1.791e-28,4.881e-17,1.304e-20,1.122e-14,2.044e-6,,,,1.835e-3,4.000e-19,8.922e-18,,1.575e-26,,,,2.438e-4,5.859e+1,3.334e-1,9.410e-12,,,,,1.637e-4,,,,,,,,,2.747e-18,,,,,,,,,,,,,,
822.35,5.754e+1,1.614e-18,1.182e-26,2.040e-42,1.170e-4,,,3.886e-2,9.635e-3,,2.594e-15,1.502e-18,1.791e-28,4.883e-17,1.304e-20,1.019e-14,2.569e-6,,,,1.610e-3,3.796e-19,8.920e-18,,1.575e-26,,,,2.518e-4,5.714e+1,3.497e-1,1.046e-11,,,,,1.380e-4,,,,,,,,,2.748e-18,,,,,,,,,,,,,,
822.37,5.652e+1,1.617e-18,1.181e-26,2.043e-42,9.929e-5,,,3.660e-2,9.753e-3,,2.595e-15,1.508e-18,1.791e-28,4.884e-17,1.305e-20,9.545e-15,2.988e-6,,,,1.491e-3,3.661e-19,8.919e-18,,1.574e-26,,,,2.572e-4,5.612e+1,3.606e-1,1.121e-11,,,,,1.229e-4,,,,,,,,,2.748e-18,,,,,,,,,,,,,,
822.4,5.492e+1,1.623e-18,1.178e-26,2.046e-42,7.746e-5,,,3.337e-2,9.972e-3,,2.595e-15,1.516e-18,1.790e-28,4.886e-17,1.305e-20,8.634e-15,3.740e-6,,,,1.355e-3,3.460e-19,8.917e-18,,1.574e-26,,,,2.653e-4,5.449e+1,3.766e-1,1.240e-11,,,,,1.032e-4,,,,,,,,,2.748e-18,,,,,,,,,,,,,,
822.42,5.380e+1,1.626e-18,1.176e-26,2.049e-42,6.555e-5,,,3.133e-2,1.015e-2,,2.596e-15,1.522e-18,1.790e-28,4.887e-17,1.305e-20,8.065e-15,4.338e-6,,,,1.291e-3,3.327e-19,8.915e-18,,1.573e-26,,,,2.707e-4,5.337e+1,3.872e-1,1.325e-11,,,,,9.166e-5,,,,,,,,,2.749e-18,,,,,,,,,,,,,,
822.45,5.205e+1,1.632e-18,1.174e-26,2.053e-42,5.092e-5,,,2.845e-2,1.045e-2,,2.596e-15,1.530e-18,1.790e-28,4.889e-17,1.306e-20,7.264e-15,5.407e-6,,,,1.234e-3,3.131e-19,8.913e-18,,1.573e-26,,,,2.788e-4,5.160e+1,4.028e-1,1.461e-11,,,,,7.660e-5,,,,,,,,,2.749e-18,,,,,,,,,,,,,,
822.47,5.084e+1,1.635e-18,1.172e-26,2.055e-42,4.297e-5,,,2.664e-2,1.069e-2,,2.597e-15,1.536e-18,1.790e-28,4.890e-17,1.306e-20,6.765e-15,6.254e-6,,,,1.221e-3,3.002e-19,8.912e-18,,1.573e-26,,,,2.841e-4,5.039e+1,4.129e-1,1.557e-11,,,,,6.786e-5,,,,,,,,,2.749e-18,,,,,,,,,,,,,,
822.5,4.899e+1,1.641e-18,1.170e-26,2.059e-42,3.324e-5,,,2.408e-2,1.108e-2,,2.597e-15,1.544e-18,1.789e-28,4.892e-17,1.306e-20,6.068e-15,7.762e-6,,,,1.241e-3,2.813e-19,8.910e-18,,1.572e-26,,,,2.921e-4,4.852e+1,4.277e-1,1.708e-11,,,,,5.647e-5,,,,,,,,,2.750e-18,,,,,,,,,,,,,,
822.52,4.772e+1,1.644e-18,1.168e-26,2.062e-42,2.797e-5,,,2.249e-2,1.137e-2,,2.598e-15,1.550e-18,1.789e-28,4.893e-17,1.306e-20,5.636e-15,8.952e-6,,,,1.280e-3,2.690e-19,8.908e-18,,1.572e-26,,,,2.975e-4,4.725e+1,4.372e-1,1.815e-11,,,,,4.989e-5,,,,,,,,,2.750e-18,,,,,,,,,,,,,,
822.54,4.644e+1,1.648e-18,1.166e-26,2.064e-42,2.351e-5,,,2.097e-2,1.168e-2,,2.598e-15,1.556e-18,1.789e-28,4.894e-17,1.307e-20,5.228e-15,1.031e-5,,,,1.340e-3,2.569e-19,8.907e-18,,1.571e-26,,,,3.027e-4,4.596e+1,4.465e-1,1.927e-11,,,,,4.402e-5,,,,,,,,,2.750e-18,,,,,,,,,,,,,,
822.57,4.448e+1,1.653e-18,1.164e-26,2.068e-42,1.808e-5,,,1.885e-2,1.219e-2,,2.599e-15,1.564e-18,1.788e-28,4.896e-17,1.307e-20,4.661e-15,1.273e-5,,,,1.471e-3,2.393e-19,8.905e-18,,1.571e-26,,,,3.105e-4,4.399e+1,4.597e-1,2.102e-11,,,,,3.641e-5,,,,,,,,,2.751e-18,,,,,,,,,,,,,,
822.59,4.316e+1,1.657e-18,1.162e-26,2.071e-42,1.515e-5,,,1.753e-2,1.256e-2,,2.599e-15,1.570e-18,1.788e-28,4.897e-17,1.307e-20,4.312e-15,1.462e-5,,,,1.588e-3,2.280e-19,8.904e-18,,1.571e-26,,,,3.157e-4,4.266e+1,4.681e-1,2.225e-11,,,,,3.204e-5,,,,,,,,,2.751e-18,,,,,,,,,,,,,,
822.62,4.118e+1,1.662e-18,1.159e-26,2.075e-42,1.160e-5,,,1.568e-2,1.314e-2,,2.600e-15,1.578e-18,1.788e-28,4.899e-17,1.307e-20,3.828e-15,1.797e-5,,,,1.812e-3,2.114e-19,8.901e-18,,1.570e-26,,,,3.233e-4,4.067e+1,4.799e-1,2.418e-11,,,,,2.639e-5,,,,,,,,,2.751e-18,,,,,,,,,,,,,,
822.64,3.985e+1,1.666e-18,1.158e-26,2.077e-42,9.693e-6,,,1.455e-2,1.356e-2,,2.600e-15,1.584e-18,1.787e-28,4.900e-17,1.308e-20,3.531e-15,2.059e-5,,,,1.996e-3,2.008e-19,8.900e-18,,1.570e-26,,,,3.282e-4,3.933e+1,4.873e-1,2.552e-11,,,,,2.315e-5,,,,,,,,,2.751e-18,,,,,,,,,,,,,,
822.67,3.786e+1,1.671e-18,1.155e-26,2.081e-42,7.390e-6,,,1.296e-2,1.422e-2,,2.601e-15,1.592e-18,1.787e-28,4.902e-17,1.308e-20,3.122e-15,2.519e-5,,,,2.329e-3,1.855e-19,8.898e-18,,1.569e-26,,,,3.355e-4,3.733e+1,4.975e-1,2.762e-11,,,,,1.899e-5,,,,,,,,,2.752e-18,,,,,,,,,,,,,,
822.69,3.653e+1,1.675e-18,1.153e-26,2.084e-42,6.158e-6,,,1.199e-2,1.468e-2,,2.601e-15,1.598e-18,1.787e-28,4.903e-17,1.308e-20,2.871e-15,2.878e-5,,,,2.593e-3,1.757e-19,8.896e-18,,1.569e-26,,,,3.402e-4,3.600e+1,5.038e-1,2.907e-11,,,,,1.662e-5,,,,,,,,,2.752e-18,,,,,,,,,,,,,,
822.72,3.456e+1,1.681e-18,1.151e-26,2.088e-42,4.675e-6,,,1.064e-2,1.540e-2,,2.602e-15,1.606e-18,1.786e-28,4.905e-17,1.309e-20,2.528e-15,3.508e-5,,,,3.060e-3,1.616e-19,8.894e-18,,1.568e-26,,,,3.471e-4,3.402e+1,5.122e-1,3.132e-11,,,,,1.357e-5,,,,,,,,,2.752e-18,,,,,,,,,,,,,,
822.74,3.327e+1,1.684e-18,1.149e-26,2.090e-42,3.885e-6,,,9.807e-3,1.590e-2,,2.602e-15,1.612e-18,1.786e-28,4.906e-17,1.309e-20,2.319e-15,3.996e-5,,,,3.424e-3,1.526e-19,8.893e-18,,1.568e-26,,,,3.515e-4,3.272e+1,5.171e-1,3.288e-11,,,,,1.184e-5,,,,,,,,,2.753e-18,,,,,,,,,,,,,,
822.77,3.135e+1,1.690e-18,1.147e-26,2.094e-42,2.936e-6,,,8.665e-3,1.667e-2,,2.603e-15,1.620e-18,1.786e-28,4.908e-17,1.309e-20,2.032e-15,4.850e-5,,,,4.058e-3,1.397e-19,8.891e-18,,1.567e-26,,,,3.578e-4,3.079e+1,5.235e-1,3.528e-11,,,,,9.627e-6,,,,,,,,,2.753e-18,,,,,,,,,,,,,,
822.79,3.009e+1,1.693e-18,1.145e-26,2.097e-42,2.433e-6,,,7.967e-3,1.720e-2,,2.603e-15,1.626e-18,1.786e-28,4.909e-17,1.309e-20,1.859e-15,5.510e-5,,,,4.547e-3,1.316e-19,8.889e-18,,1.567e-26,,,,3.619e-4,2.953e+1,5.271e-1,3.693e-11,,,,,8.375e-6,,,,,,,,,2.753e-18,,,,,,,,,,,,,,
822.82,2.823e+1,1.699e-18,1.142e-26,2.101e-42,1.831e-6,,,7.010e-3,1.801e-2,,2.604e-15,1.634e-18,1.785e-28,4.911e-17,1.310e-20,1.623e-15,6.659e-5,,,,5.391e-3,1.200e-19,8.887e-18,,1.567e-26,,,,3.676e-4,2.767e+1,5.313e-1,3.946e-11,,,,,6.781e-6,,,,,,,,,2.754e-18,,,,,,,,,,,,,,
822.84,2.703e+1,1.702e-18,1.141e-26,2.103e-42,1.513e-6,,,6.427e-3,1.856e-2,,2.604e-15,1.640e-18,1.785e-28,4.912e-17,1.310e-20,1.480e-15,7.545e-5,,,,6.036e-3,1.127e-19,8.886e-18,,1.566e-26,,,,3.712e-4,2.646e+1,5.334e-1,4.119e-11,,,,,5.883e-6,,,,,,,,,2.754e-18,,,,,,,,,,,,,,
822.87,2.526e+1,1.708e-18,1.138e-26,2.107e-42,1.134e-6,,,5.630e-3,1.940e-2,,2.605e-15,1.648e-18,1.785e-28,4.914e-17,1.310e-20,1.286e-15,9.080e-5,,,,7.143e-3,1.023e-19,8.884e-18,,1.566e-26,,,,3.761e-4,2.469e+1,5.355e-1,4.383e-11,,,,,4.743e-6,,,,,,,,,2.754e-18,,,,,,,,,,,,,,
822.89,2.411e+1,1.711e-18,1.136e-26,2.110e-42,9.343e-7,,,5.148e-3,1.996e-2,,2.605e-15,1.654e-18,1.784e-28,4.915e-17,1.310e-20,1.170e-15,1.026e-4,,,,7.984e-3,9.581e-20,8.882e-18,,1.565e-26,,,,3.792e-4,2.354e+1,5.361e-1,4.562e-11,,,,,4.103e-6,,,,,,,,,2.754e-18,,,,,,,,,,,,,,
822.92,2.245e+1,1.717e-18,1.134e-26,2.113e-42,6.972e-7,,,4.491e-3,2.081e-2,,2.606e-15,1.662e-18,1.784e-28,4.917e-17,1.311e-20,1.013e-15,1.230e-4,,,,9.420e-3,8.663e-20,8.880e-18,,1.565e-26,,,,3.833e-4,2.188e+1,5.358e-1,4.834e-11,,,,,3.294e-6,,,,,,,,,2.755e-18,,,,,,,,,,,,,,
822.94,2.137e+1,1.720e-18,1.132e-26,2.116e-42,5.728e-7,,,4.094e-3,2.138e-2,,2.606e-15,1.668e-18,1.784e-28,4.918e-17,1.311e-20,9.187e-16,1.385e-4,,,,1.051e-2,8.089e-20,8.879e-18,,1.565e-26,,,,3.858e-4,2.080e+1,5.349e-1,5.018e-11,,,,,2.841e-6,,,,,,,,,2.755e-18,,,,,,,,,,,,,,
822.96,2.033e+1,1.724e-18,1.131e-26,2.119e-42,4.701e-7,,,3.728e-3,2.194e-2,,2.607e-15,1.674e-18,1.783e-28,4.919e-17,1.311e-20,8.324e-16,1.559e-4,,,,1.171e-2,7.545e-20,8.878e-18,,1.564e-26,,,,3.880e-4,1.976e+1,5.334e-1,5.202e-11,,,,,2.448e-6,,,,,,,,,2.755e-18,,,,,,,,,,,,,,
822.99,1.882e+1,1.729e-18,1.128e-26,2.122e-42,3.487e-7,,,3.233e-3,2.278e-2,,2.607e-15,1.682e-18,1.783e-28,4.921e-17,1.312e-20,7.165e-16,1.858e-4,,,,1.374e-2,6.782e-20,8.875e-18,,1.564e-26,,,,3.907e-4,1.825e+1,5.300e-1,5.481e-11,,,,,1.954e-6,,,,,,,,,2.756e-18,,,,,,,,,,,,,,
823.01,1.785e+1,1.733e-18,1.126e-26,2.125e-42,2.853e-7,,,2.936e-3,2.333e-2,,2.608e-15,1.688e-18,1.783e-28,4.922e-17,1.312e-20,6.476e-16,2.085e-4,,,,1.527e-2,6.308e-20,8.874e-18,,1.563e-26,,,,3.923e-4,1.728e+1,5.271e-1,5.667e-11,,,,,1.679e-6,,,,,,,,,2.756e-18,,,,,,,,,,,,,,
823.04,1.646e+1,1.738e-18,1.124e-26,2.129e-42,2.108e-7,,,2.535e-3,2.414e-2,,2.608e-15,1.696e-18,1.782e-28,4.924e-17,1.312e-20,5.554e-16,2.474e-4,,,,1.785e-2,5.646e-20,8.872e-18,,1.563e-26,,,,3.940e-4,1.590e+1,5.215e-1,5.945e-11,,,,,1.334e-6,,,,,,,,,2.756e-18,,,,,,,,,,,,,,
823.06,1.558e+1,1.742e-18,1.122e-26,2.131e-42,1.720e-7,,,2.296e-3,2.467e-2,,2.609e-15,1.702e-18,1.782e-28,4.925e-17,1.312e-20,5.008e-16,2.769e-4,,,,1.979e-2,5.236e-20,8.871e-18,,1.562e-26,,,,3.947e-4,1.501e+1,5.171e-1,6.129e-11,,,,,1.143e-6,,,,,,,,,2.756e-18,,,,,,,,,,,,,,
823.09,1.431e+1,1.747e-18,1.120e-26,2.135e-42,1.265e-7,,,1.974e-3,2.544e-2,,2.609e-15,1.710e-18,1.782e-28,4.927e-17,1.313e-20,4.282e-16,3.272e-4,,,,2.304e-2,4.667e-20,8.868e-18,,1.562e-26,,,,3.953e-4,1.375e+1,5.095e-1,6.403e-11,,,,,9.043e-7,,,,,,,,,2.757e-18,,,,,,,,,,,,,,
823.11,1.351e+1,1.751e-18,1.118e-26,2.138e-42,1.029e-7,,,1.782e-3,2.593e-2,,2.610e-15,1.716e-18,1.782e-28,4.928e-17,1.313e-20,3.854e-16,3.652e-4,,,,2.547e-2,4.317e-20,8.867e-18,,1.562e-26,,,,3.953e-4,1.295e+1,5.038e-1,6.584e-11,,,,,7.725e-7,,,,,,,,,2.757e-18,,,,,,,,,,,,,,
823.14,1.236e+1,1.756e-18,1.115e-26,2.142e-42,7.537e-8,,,1.526e-3,2.663e-2,,2.610e-15,1.724e-18,1.781e-28,4.930e-17,1.313e-20,3.289e-16,4.297e-4,,,,2.954e-2,3.832e-20,8.865e-18,,1.561e-26,,,,3.947e-4,1.181e+1,4.942e-1,6.850e-11,,,,,6.087e-7,,,,,,,,,2.757e-18,,,,,,,,,,,,,,
823.16,1.164e+1,1.760e-18,1.114e-26,2.144e-42,6.115e-8,,,1.374e-3,2.708e-2,,2.611e-15,1.730e-18,1.781e-28,4.931e-17,1.313e-20,2.959e-16,4.783e-4,,,,3.256e-2,3.534e-20,8.864e-18,,1.561e-26,,,,3.939e-4,1.109e+1,4.873e-1,7.023e-11,,,,,5.185e-7,,,,,,,,,2.758e-18,,,,,,,,,,,,,,
823.19,1.061e+1,1.765e-18,1.111e-26,2.148e-42,4.459e-8,,,1.171e-3,2.771e-2,,2.611e-15,1.738e-18,1.781e-28,4.933e-17,1.314e-20,2.526e-16,5.604e-4,,,,3.760e-2,3.124e-20,8.861e-18,,1.560e-26,,,,3.920e-4,1.007e+1,4.761e-1,7.276e-11,,,,,4.068e-7,,,,,,,,,2.758e-18,,,,,,,,,,,,,,
823.21,9.970e+0,1.769e-18,1.109e-26,2.151e-42,3.607e-8,,,1.052e-3,2.810e-2,,2.612e-15,1.744e-18,1.780e-28,4.934e-17,1.314e-20,2.276e-16,6.220e-4,,,,4.133e-2,2.874e-20,8.860e-18,,1.560e-26,,,,3.904e-4,9.430e+0,4.681e-1,7.439e-11,,,,,3.456e-7,,,,,,,,,2.758e-18,,,,,,,,,,,,,,
823.24,9.061e+0,1.774e-18,1.107e-26,2.155e-42,2.619e-8,,,8.929e-4,2.864e-2,,2.612e-15,1.752e-18,1.780e-28,4.936e-17,1.314e-20,1.953e-16,7.259e-4,,,,4.753e-2,2.530e-20,8.858e-18,,1.559e-26,,,,3.873e-4,8.528e+0,4.554e-1,7.675e-11,,,,,2.700e-7,,,,,,,,,2.759e-18,,,,,,,,,,,,,,
823.26,8.492e+0,1.778e-18,1.105e-26,2.157e-42,2.113e-8,,,7.994e-4,2.897e-2,,2.613e-15,1.758e-18,1.780e-28,4.937e-17,1.314e-20,1.770e-16,8.034e-4,,,,5.210e-2,2.321e-20,8.857e-18,,1.559e-26,,,,3.848e-4,7.963e+0,4.465e-1,7.826e-11,,,,,2.287e-7,,,,,,,,,2.759e-18,,,,,,,,,,,,,,
823.29,7.694e+0,1.783e-18,1.103e-26,2.161e-42,1.528e-8,,,6.757e-4,2.941e-2,,2.613e-15,1.766e-18,1.779e-28,4.939e-17,1.315e-20,1.539e-16,9.336e-4,,,,5.967e-2,2.036e-20,8.854e-18,,1.559e-26,,,,3.805e-4,7.170e+0,4.325e-1,8.040e-11,,,,,1.779e-7,,,,,,,,,2.759e-18,,,,,,,,,,,,,,
823.31,7.196e+0,1.787e-18,1.101e-26,2.164e-42,1.229e-8,,,6.033e-4,2.966e-2,,2.614e-15,1.772e-18,1.779e-28,4.941e-17,1.315e-20,1.413e-16,1.031e-3,,,,6.522e-2,1.863e-20,8.853e-18,,1.558e-26,,,,3.772e-4,6.676e+0,4.228e-1,8.175e-11,,,,,1.503e-7,,,,,,,,,2.759e-18,,,,,,,,,,,,,,
823.33,6.726e+0,1.791e-18,1.099e-26,2.166e-42,9.875e-9,,,5.380e-4,2.989e-2,,2.614e-15,1.777e-18,1.779e-28,4.942e-17,1.315e-20,1.308e-16,1.136e-3,,,,7.121e-2,1.704e-20,8.852e-18,,1.558e-26,,,,3.736e-4,6.210e+0,4.129e-1,8.302e-11,,,,,1.268e-7,,,,,,,,,2.760e-18,,,,,,,,,,,,,,
823.36,6.069e+0,1.796e-18,1.097e-26,2.170e-42,7.098e-9,,,4.520e-4,3.017e-2,,2.615e-15,1.786e-18,1.778e-28,4.944e-17,1.316e-20,1.188e-16,1.313e-3,,,,8.108e-2,1.487e-20,8.850e-18,,1.557e-26,,,,3.677e-4,5.558e+0,3.976e-1,8.480e-11,,,,,9.802e-8,,,,,,,,,2.760e-18,,,,,,,,,,,,,,
823.38,5.663e+0,1.800e-18,1.095e-26,2.173e-42,5.687e-9,,,4.020e-4,3.031e-2,,2.615e-15,1.791e-18,1.778e-28,4.945e-17,1.316e-20,1.133e-16,1.443e-3,,,,8.828e-2,1.357e-20,8.848e-18,,1.557e-26,,,,3.633e-4,5.155e+0,3.872e-1,8.589e-11,,,,,8.246e-8,,,,,,,,,2.760e-18,,,,,,,,,,,,,,
823.41,5.099e+0,1.805e-18,1.092e-26,2.177e-42,4.070e-9,,,3.363e-4,3.047e-2,,2.616e-15,1.800e-18,1.778e-28,4.947e-17,1.316e-20,1.087e-16,1.661e-3,,,,1.001e-1,1.181e-20,8.846e-18,,1.556e-26,,,,3.563e-4,4.595e+0,3.713e-1,8.736e-11,,,,,6.350e-8,,,,,,,,,2.761e-18,,,,,,,,,,,,,,
823.43,4.752e+0,1.809e-18,1.091e-26,2.179e-42,3.251e-9,,,2.982e-4,3.053e-2,,2.616e-15,1.805e-18,1.778e-28,4.948e-17,1.316e-20,1.081e-16,1.821e-3,,,,1.087e-1,1.075e-20,8.845e-18,,1.556e-26,,,,3.512e-4,4.249e+0,3.606e-1,8.823e-11,,,,,5.327e-8,,,,,,,,,2.761e-18,,,,,,,,,,,,,,
823.46,4.272e+0,1.814e-18,1.088e-26,2.183e-42,2.317e-9,,,2.485e-4,3.057e-2,,2.617e-15,1.814e-18,1.777e-28,4.950e-17,1.317e-20,1.111e-16,2.086e-3,,,,1.227e-1,9.336e-21,8.843e-18,,1.556e-26,,,,3.431e-4,3.771e+0,3.443e-1,8.937e-11,,,,,4.084e-8,,,,,,,,,2.761e-18,,,,,,,,,,,,,,
823.48,3.978e+0,1.818e-18,1.086e-26,2.186e-42,1.846e-9,,,2.197e-4,3.054e-2,,2.617e-15,1.819e-18,1.777e-28,4.951e-17,1.317e-20,1.159e-16,2.281e-3,,,,1.328e-1,8.494e-21,8.841e-18,,1.555e-26,,,,3.375e-4,3.478e+0,3.334e-1,9.001e-11,,,,,3.416e-8,,,,,,,,,2.762e-18,,,,,,,,,,,,,,
823.51,3.574e+0,1.823e-18,1.084e-26,2.189e-42,1.310e-9,,,1.823e-4,3.045e-2,,2.618e-15,1.828e-18,1.777e-28,4.953e-17,1.317e-20,1.275e-16,2.602e-3,,,,1.493e-1,7.370e-21,8.839e-18,,1.555e-26,,,,3.285e-4,3.074e+0,3.170e-1,9.079e-11,,,,,2.608e-8,,,,,,,,,2.762e-18,,,,,,,,,,,,,,
823.53,3.328e+0,1.827e-18,1.082e-26,2.192e-42,1.040e-9,,,1.607e-4,3.034e-2,,2.618e-15,1.834e-18,1.776e-28,4.954e-17,1.317e-20,1.386e-16,2.838e-3,,,,1.613e-1,6.706e-21,8.838e-18,,1.554e-26,,,,3.223e-4,2.827e+0,3.061e-1,9.119e-11,,,,,2.176e-8,,,,,,,,,2.762e-18,,,,,,,,,,,,,,
823.56,2.992e+0,1.832e-18,1.080e-26,2.196e-42,7.351e-10,,,1.328e-4,3.012e-2,,2.619e-15,1.842e-18,1.776e-28,4.956e-17,1.318e-20,1.607e-16,3.224e-3,,,,1.805e-1,5.825e-21,8.835e-18,,1.554e-26,,,,3.126e-4,2.488e+0,2.898e-1,9.159e-11,,,,,1.654e-8,,,,,,,,,2.763e-18,,,,,,,,,,,,,,
823.58,2.788e+0,1.836e-18,1.078e-26,2.198e-42,5.823e-10,,,1.167e-4,2.993e-2,,2.619e-15,1.848e-18,1.776e-28,4.957e-17,1.318e-20,1.796e-16,3.506e-3,,,,1.944e-1,5.310e-21,8.834e-18,,1.554e-26,,,,3.059e-4,2.281e+0,2.790e-1,9.174e-11,,,,,1.376e-8,,,,,,,,,2.763e-18,,,,,,,,,,,,,,
823.61,2.513e+0,1.841e-18,1.075e-26,2.202e-42,4.097e-10,,,9.603e-5,2.959e-2,,2.620e-15,1.856e-18,1.775e-28,4.959e-17,1.318e-20,2.152e-16,3.967e-3,,,,2.167e-1,4.633e-21,8.832e-18,,1.553e-26,,,,2.955e-4,1.999e+0,2.631e-1,9.176e-11,,,,,1.041e-8,,,,,,,,,2.763e-18,,,,,,,,,,,,,,
823.63,2.347e+0,1.845e-18,1.074e-26,2.205e-42,3.236e-10,,,8.419e-5,2.932e-2,,2.620e-15,1.862e-18,1.775e-28,4.960e-17,1.319e-20,2.444e-16,4.302e-3,,,,2.327e-1,4.240e-21,8.831e-18,,1.553e-26,,,,2.884e-4,1.828e+0,2.526e-1,9.165e-11,,,,,8.636e-9,,,,,,,,,2.763e-18,,,,,,,,,,,,,,
823.66,2.124e+0,1.850e-18,1.071e-26,2.209e-42,2.267e-10,,,6.896e-5,2.886e-2,,2.621e-15,1.870e-18,1.775e-28,4.962e-17,1.319e-20,2.978e-16,4.847e-3,,,,2.584e-1,3.733e-21,8.828e-18,,1.552e-26,,,,2.776e-4,1.595e+0,2.371e-1,9.129e-11,,,,,6.510e-9,,,,,,,,,2.764e-18,,,,,,,,,,,,,,
823.68,1.992e+0,1.854e-18,1.069e-26,2.211e-42,1.785e-10,,,6.029e-5,2.852e-2,,2.621e-15,1.876e-18,1.775e-28,4.963e-17,1.319e-20,3.408e-16,5.241e-3,,,,2.766e-1,3.443e-21,8.827e-18,,1.552e-26,,,,2.703e-4,1.454e+0,2.270e-1,9.093e-11,,,,,5.384e-9,,,,,,,,,2.764e-18,,,,,,,,,,,,,,
823.7,1.872e+0,1.858e-18,1.068e-26,2.214e-42,1.405e-10,,,5.264e-5,2.815e-2,,2.622e-15,1.881e-18,1.774e-28,4.964e-17,1.319e-20,3.906e-16,5.661e-3,,,,2.959e-1,3.190e-21,8.826e-18,,1.551e-26,,,,2.629e-4,1.325e+0,2.171e-1,9.047e-11,,,,,4.448e-9,,,,,,,,,2.764e-18,,,,,,,,,,,,,,
823.73,1.712e+0,1.863e-18,1.065e-26,2.218e-42,9.782e-11,,,4.287e-5,2.755e-2,,2.622e-15,1.890e-18,1.774e-28,4.966e-17,1.320e-20,4.799e-16,6.342e-3,,,,3.266e-1,2.872e-21,8.824e-18,,1.551e-26,,,,2.517e-4,1.149e+0,2.026e-1,8.959e-11,,,,,3.332e-9,,,,,,,,,2.765e-18,,,,,,,,,,,,,,
823.75,1.619e+0,1.867e-18,1.063e-26,2.220e-42,7.674e-11,,,3.733e-5,2.712e-2,,2.623e-15,1.895e-18,1.774e-28,4.967e-17,1.320e-20,5.506e-16,6.832e-3,,,,3.483e-1,2.699e-21,8.822e-18,,1.551e-26,,,,2.441e-4,1.044e+0,1.932e-1,8.888e-11,,,,,2.745e-9,,,,,,,,,2.765e-18,,,,,,,,,,,,,,
823.78,1.498e+0,1.872e-18,1.061e-26,2.224e-42,5.321e-11,,,3.026e-5,2.643e-2,,2.623e-15,1.904e-18,1.773e-28,4.969e-17,1.320e-20,6.767e-16,7.621e-3,,,,3.828e-1,2.490e-21,8.820e-18,,1.550e-26,,,,2.328e-4,9.013e-1,1.796e-1,8.765e-11,,,,,2.048e-9,,,,,,,,,2.765e-18,,,,,,,,,,,,,,
823.8,1.429e+0,1.876e-18,1.059e-26,2.227e-42,4.162e-11,,,2.628e-5,2.594e-2,,2.624e-15,1.909e-18,1.773e-28,4.970e-17,1.320e-20,7.759e-16,8.187e-3,,,,4.072e-1,2.384e-21,8.819e-18,,1.550e-26,,,,2.252e-4,8.163e-1,1.708e-1,8.672e-11,,,,,1.682e-9,,,,,,,,,2.765e-18,,,,,,,,,,,,,,
823.83,1.340e+0,1.881e-18,1.057e-26,2.231e-42,2.874e-11,,,2.122e-5,2.517e-2,,2.624e-15,1.918e-18,1.773e-28,4.972e-17,1.321e-20,9.515e-16,9.095e-3,,,,4.457e-1,2.267e-21,8.817e-18,,1.549e-26,,,,2.139e-4,7.021e-1,1.580e-1,8.516e-11,,,,,1.250e-9,,,,,,,,,2.766e-18,,,,,,,,,,,,,,
823.85,1.291e+0,1.885e-18,1.055e-26,2.233e-42,2.242e-11,,,1.837e-5,2.464e-2,,2.625e-15,1.923e-18,1.772e-28,4.973e-17,1.321e-20,1.089e-15,9.743e-3,,,,4.727e-1,2.217e-21,8.815e-18,,1.549e-26,,,,2.064e-4,6.341e-1,1.498e-1,8.402e-11,,,,,1.024e-9,,,,,,,,,2.766e-18,,,,,,,,,,,,,,
823.88,1.231e+0,1.890e-18,1.052e-26,2.237e-42,1.541e-11,,,1.477e-5,2.381e-2,,2.625e-15,1.932e-18,1.772e-28,4.975e-17,1.321e-20,1.332e-15,1.078e-2,,,,5.153e-1,2.180e-21,8.813e-18,,1.548e-26,,,,1.953e-4,5.430e-1,1.381e-1,8.217e-11,,,,,7.573e-10,,,,,,,,,2.766e-18,,,,,,,,,,,,,,
823.9,1.200e+0,1.894e-18,1.051e-26,2.240e-42,1.199e-11,,,1.275e-5,2.324e-2,,2.626e-15,1.937e-18,1.772e-28,4.976e-17,1.322e-20,1.521e-15,1.151e-2,,,,5.450e-1,2.178e-21,8.812e-18,,1.548e-26,,,,1.880e-4,4.890e-1,1.306e-1,8.084e-11,,,,,6.185e-10,,,,,,,,,2.767e-18,,,,,,,,,,,,,,
823.93,1.164e+0,1.899e-18,1.048e-26,2.244e-42,8.206e-12,,,1.021e-5,2.236e-2,,2.626e-15,1.946e-18,1.771e-28,4.978e-17,1.322e-20,1.853e-15,1.269e-2,,,,5.916e-1,2.209e-21,8.810e-18,,1.548e-26,,,,1.771e-4,4.170e-1,1.198e-1,7.873e-11,,,,,4.556e-10,,,,,,,,,2.767e-18,,,,,,,,,,,,,,
823.95,1.147e+0,1.903e-18,1.046e-26,2.246e-42,6.364e-12,,,8.788e-6,2.176e-2,,2.627e-15,1.951e-18,1.771e-28,4.979e-17,1.322e-20,2.110e-15,1.351e-2,,,,6.240e-1,2.251e-21,8.808e-18,,1.547e-26,,,,1.700e-4,3.745e-1,1.130e-1,7.724e-11,,,,,3.710e-10,,,,,,,,,2.767e-18,,,,,,,,,,,,,,
823.98,1.132e+0,1.908e-18,1.044e-26,2.250e-42,4.338e-12,,,7.005e-6,2.085e-2,,2.627e-15,1.960e-18,1.771e-28,4.981e-17,1.322e-20,2.561e-15,1.483e-2,,,,6.746e-1,2.343e-21,8.806e-18,,1.547e-26,,,,1.595e-4,3.180e-1,1.032e-1,7.491e-11,,,,,2.721e-10,,,,,,,,,2.768e-18,,,,,,,,,,,,,,
824,1.128e+0,1.912e-18,1.042e-26,2.253e-42,3.355e-12,,,6.014e-6,2.023e-2,,2.628e-15,1.965e-18,1.771e-28,4.982e-17,1.323e-20,2.909e-15,1.575e-2,,,,7.096e-1,2.422e-21,8.805e-18,,1.546e-26,,,,1.527e-4,2.848e-1,9.706e-2,7.329e-11,,,,,2.210e-10,,,,,,,,,2.768e-18,,,,,,,,,,,,,,
824.03,1.130e+0,1.917e-18,1.040e-26,2.256e-42,2.277e-12,,,4.773e-6,1.931e-2,,2.628e-15,1.974e-18,1.770e-28,4.984e-17,1.323e-20,3.516e-15,1.721e-2,,,,7.639e-1,2.569e-21,8.803e-18,,1.546e-26,,,,1.428e-4,2.408e-1,8.830e-2,7.078e-11,,,,,1.614e-10,,,,,,,,,2.768e-18,,,,,,,,,,,,,,
824.05,1.136e+0,1.921e-18,1.038e-26,2.259e-42,1.756e-12,,,4.086e-6,1.868e-2,,2.629e-15,1.979e-18,1.770e-28,4.985e-17,1.323e-20,3.984e-15,1.823e-2,,,,8.012e-1,2.684e-21,8.801e-18,,1.545e-26,,,,1.363e-4,2.150e-1,8.280e-2,6.906e-11,,,,,1.307e-10,,,,,,,,,2.768e-18,,,,,,,,,,,,,,
824.07,1.146e+0,1.924e-18,1.036e-26,2.262e-42,1.353e-12,,,3.494e-6,1.806e-2,,2.629e-15,1.985e-18,1.770e-28,4.986e-17,1.323e-20,4.509e-15,1.929e-2,,,,8.395e-1,2.812e-21,8.800e-18,,1.545e-26,,,,1.300e-4,1.918e-1,7.754e-2,6.731e-11,,,,,1.057e-10,,,,,,,,,2.769e-18,,,,,,,,,,,,,,
824.1,1.168e+0,1.930e-18,1.034e-26,2.266e-42,9.127e-13,,,2.757e-6,1.713e-2,,2.630e-15,1.993e-18,1.769e-28,4.988e-17,1.324e-20,5.419e-15,2.096e-2,,,,8.985e-1,3.028e-21,8.798e-18,,1.545e-26,,,,1.208e-4,1.612e-1,7.013e-2,6.462e-11,,,,,7.677e-11,,,,,,,,,2.769e-18,,,,,,,,,,,,,,
824.12,1.186e+0,1.933e-18,1.032e-26,2.268e-42,7.011e-13,,,2.351e-6,1.651e-2,,2.630e-15,1.999e-18,1.769e-28,4.989e-17,1.324e-20,6.116e-15,2.212e-2,,,,9.389e-1,3.188e-21,8.796e-18,,1.544e-26,,,,1.149e-4,1.434e-1,6.550e-2,6.281e-11,,,,,6.192e-11,,,,,,,,,2.769e-18,,,,,,,,,,,,,,
824.15,1.219e+0,1.939e-18,1.030e-26,2.272e-42,4.710e-13,,,1.847e-6,1.560e-2,,2.631e-15,2.007e-18,1.769e-28,4.991e-17,1.324e-20,7.319e-15,2.393e-2,,,,1.001e+0,3.451e-21,8.794e-18,,1.544e-26,,,,1.063e-4,1.200e-1,5.899e-2,6.005e-11,,,,,4.476e-11,,,,,,,,,2.770e-18,,,,,,,,,,,,,,
824.17,1.244e+0,1.942e-18,1.028e-26,2.275e-42,3.608e-13,,,1.570e-6,1.499e-2,,2.631e-15,2.013e-18,1.768e-28,4.992e-17,1.324e-20,8.239e-15,2.518e-2,,,,1.043e+0,3.641e-21,8.793e-18,,1.543e-26,,,,1.009e-4,1.064e-1,5.494e-2,5.820e-11,,,,,3.600e-11,,,,,,,,,2.770e-18,,,,,,,,,,,,,,
824.2,1.286e+0,1.948e-18,1.025e-26,2.278e-42,2.413e-13,,,1.229e-6,1.410e-2,,2.632e-15,2.022e-18,1.768e-28,4.994e-17,1.325e-20,9.818e-15,2.712e-2,,,,1.107e+0,3.947e-21,8.791e-18,,1.543e-26,,,,9.299e-5,8.871e-2,4.927e-2,5.542e-11,,,,,2.592e-11,,,,,,,,,2.770e-18,,,,,,,,,,,,,,
824.22,1.316e+0,1.952e-18,1.024e-26,2.281e-42,1.843e-13,,,1.042e-6,1.352e-2,,2.632e-15,2.027e-18,1.768e-28,4.995e-17,1.325e-20,1.102e-14,2.847e-2,,,,1.150e+0,4.166e-21,8.789e-18,,1.543e-26,,,,8.796e-5,7.845e-2,4.575e-2,5.356e-11,,,,,2.079e-11,,,,,,,,,2.771e-18,,,,,,,,,,,,,,
824.25,1.365e+0,1.957e-18,1.021e-26,2.285e-42,1.228e-13,,,8.115e-7,1.266e-2,,2.633e-15,2.036e-18,1.767e-28,4.997e-17,1.325e-20,1.308e-14,3.054e-2,,,,1.216e+0,4.515e-21,8.787e-18,,1.542e-26,,,,8.076e-5,6.511e-2,4.086e-2,5.078e-11,,,,,1.490e-11,,,,,,,,,2.771e-18,,,,,,,,,,,,,,
824.27,1.399e+0,1.961e-18,1.019e-26,2.287e-42,9.351e-14,,,6.861e-7,1.210e-2,,2.633e-15,2.041e-18,1.767e-28,4.998e-17,1.326e-20,1.464e-14,3.196e-2,,,,1.260e+0,4.761e-21,8.786e-18,,1.542e-26,,,,7.618e-5,5.742e-2,3.784e-2,4.894e-11,,,,,1.192e-11,,,,,,,,,2.771e-18,,,,,,,,,,,,,,
824.3,1.453e+0,1.966e-18,1.017e-26,2.291e-42,6.202e-14,,,5.322e-7,1.128e-2,,2.634e-15,2.050e-18,1.767e-28,5.000e-17,1.326e-20,1.731e-14,3.415e-2,,,,1.326e+0,5.150e-21,8.784e-18,,1.541e-26,,,,6.966e-5,4.745e-2,3.365e-2,4.621e-11,,,,,8.504e-12,,,,,,,,,2.772e-18,,,,,,,,,,,,,,
824.32,1.490e+0,1.970e-18,1.015e-26,2.294e-42,4.710e-14,,,4.487e-7,1.076e-2,,2.634e-15,2.055e-18,1.767e-28,5.001e-17,1.326e-20,1.932e-14,3.564e-2,,,,1.371e+0,5.422e-21,8.782e-18,,1.541e-26,,,,6.553e-5,4.173e-2,3.107e-2,4.442e-11,,,,,6.782e-12,,,,,,,,,2.772e-18,,,,,,,,,,,,,,
824.35,1.547e+0,1.975e-18,1.013e-26,2.298e-42,3.110e-14,,,3.466e-7,9.988e-3,,2.635e-15,2.064e-18,1.766e-28,5.003e-17,1.326e-20,2.274e-14,3.791e-2,,,,1.437e+0,5.849e-21,8.780e-18,,1.540e-26,,,,5.967e-5,3.434e-2,2.751e-2,4.176e-11,,,,,4.820e-12,,,,,,,,,2.772e-18,,,,,,,,,,,,,,
824.37,1.586e+0,1.979e-18,1.011e-26,2.300e-42,2.355e-14,,,2.914e-7,9.493e-3,,2.635e-15,2.069e-18,1.766e-28,5.004e-17,1.327e-20,2.532e-14,3.946e-2,,,,1.481e+0,6.145e-21,8.779e-18,,1.540e-26,,,,5.598e-5,3.011e-2,2.533e-2,4.003e-11,,,,,3.833e-12,,,,,,,,,2.772e-18,,,,,,,,,,,,,,
824.4,1.644e+0,1.984e-18,1.008e-26,2.304e-42,1.549e-14,,,2.241e-7,8.779e-3,,2.636e-15,2.078e-18,1.766e-28,5.006e-17,1.327e-20,2.968e-14,4.181e-2,,,,1.546e+0,6.606e-21,8.777e-18,,1.539e-26,,,,5.077e-5,2.468e-2,2.234e-2,3.748e-11,,,,,2.712e-12,,,,,,,,,2.773e-18,,,,,,,,,,,,,,
824.42,1.683e+0,1.988e-18,1.007e-26,2.307e-42,1.170e-14,,,1.879e-7,8.320e-3,,2.636e-15,2.083e-18,1.765e-28,5.007e-17,1.327e-20,3.295e-14,4.339e-2,,,,1.589e+0,6.925e-21,8.775e-18,,1.539e-26,,,,4.750e-5,2.158e-2,2.051e-2,3.582e-11,,,,,2.151e-12,,,,,,,,,2.773e-18,,,,,,,,,,,,,,
824.44,1.722e+0,1.991e-18,1.005e-26,2.309e-42,8.822e-15,,,1.573e-7,7.877e-3,,2.637e-15,2.089e-18,1.765e-28,5.009e-17,1.327e-20,3.655e-14,4.499e-2,,,,1.632e+0,7.251e-21,8.774e-18,,1.539e-26,,,,4.439e-5,1.885e-2,1.881e-2,3.420e-11,,,,,1.704e-12,,,,,,,,,2.773e-18,,,,,,,,,,,,,,
824.47,1.781e+0,1.997e-18,1.002e-26,2.313e-42,5.767e-15,,,1.203e-7,7.241e-3,,2.637e-15,2.097e-18,1.765e-28,5.010e-17,1.328e-20,4.259e-14,4.739e-2,,,,1.694e+0,7.755e-21,8.772e-18,,1.538e-26,,,,4.002e-5,1.535e-2,1.649e-2,3.184e-11,,,,,1.198e-12,,,,,,,,,2.774e-18,,,,,,,,,,,,,,
824.49,1.819e+0,2.000e-18,1.001e-26,2.316e-42,4.337e-15,,,1.004e-7,6.836e-3,,2.638e-15,2.103e-18,1.764e-28,5.012e-17,1.328e-20,4.711e-14,4.899e-2,,,,1.734e+0,8.099e-21,8.770e-18,,1.538e-26,,,,3.730e-5,1.337e-2,1.508e-2,3.031e-11,,,,,9.465e-13,,,,,,,,,2.774e-18,,,,,,,,,,,,,,
824.52,1.875e+0,2.006e-18,9.981e-27,2.320e-42,2.823e-15,,,7.646e-8,6.257e-3,,2.638e-15,2.111e-18,1.764e-28,5.013e-17,1.328e-20,5.468e-14,5.139e-2,,,,1.793e+0,8.628e-21,8.768e-18,,1.537e-26,,,,3.349e-5,1.085e-2,1.316e-2,2.810e-11,,,,,6.630e-13,,,,,,,,,2.774e-18,,,,,,,,,,,,,,
824.54,1.911e+0,2.009e-18,9.964e-27,2.322e-42,2.117e-15,,,6.366e-8,5.891e-3,,2.639e-15,2.117e-18,1.764e-28,5.015e-17,1.329e-20,6.031e-14,5.299e-2,,,,1.831e+0,8.987e-21,8.767e-18,,1.537e-26,,,,3.113e-5,9.419e-3,1.201e-2,2.667e-11,,,,,5.221e-13,,,,,,,,,2.774e-18,,,,,,,,,,,,,,
824.57,1.964e+0,2.015e-18,9.939e-27,2.326e-42,1.372e-15,,,4.826e-8,5.369e-3,,2.639e-15,2.125e-18,1.763e-28,5.016e-17,1.329e-20,6.972e-14,5.535e-2,,,,1.886e+0,9.535e-21,8.765e-18,,1.537e-26,,,,2.783e-5,7.608e-3,1.043e-2,2.462e-11,,,,,3.642e-13,,,,,,,,,2.775e-18,,,,,,,,,,,,,,
824.59,1.998e+0,2.018e-18,9.922e-27,2.329e-42,1.026e-15,,,4.007e-8,5.041e-3,,2.640e-15,2.131e-18,1.763e-28,5.018e-17,1.329e-20,7.669e-14,5.691e-2,,,,1.920e+0,9.905e-21,8.763e-18,,1.536e-26,,,,2.580e-5,6.589e-3,9.490e-3,2.331e-11,,,,,2.860e-13,,,,,,,,,2.775e-18,,,,,,,,,,,,,,
824.62,2.047e+0,2.024e-18,9.896e-27,2.333e-42,6.623e-16,,,3.025e-8,4.575e-3,,2.641e-15,2.139e-18,1.763e-28,5.019e-17,1.329e-20,8.829e-14,5.921e-2,,,,1.969e+0,1.047e-20,8.761e-18,,1.536e-26,,,,2.297e-5,5.299e-3,8.213e-3,2.143e-11,,,,,1.986e-13,,,,,,,,,2.775e-18,,,,,,,,,,,,,,
824.64,2.077e+0,2.027e-18,9.879e-27,2.335e-42,4.939e-16,,,2.504e-8,4.283e-3,,2.641e-15,2.145e-18,1.763e-28,5.021e-17,1.330e-20,9.685e-14,6.070e-2,,,,2.000e+0,1.084e-20,8.760e-18,,1.535e-26,,,,2.123e-5,4.576e-3,7.448e-3,2.023e-11,,,,,1.555e-13,,,,,,,,,2.776e-18,,,,,,,,,,,,,,
824.67,2.120e+0,2.033e-18,9.854e-27,2.339e-42,3.174e-16,,,1.882e-8,3.871e-3,,2.642e-15,2.153e-18,1.762e-28,5.022e-17,1.330e-20,1.110e-13,6.289e-2,,,,2.043e+0,1.141e-20,8.758e-18,,1.535e-26,,,,1.883e-5,3.665e-3,6.419e-3,1.852e-11,,,,,1.076e-13,,,,,,,,,2.776e-18,,,,,,,,,,,,,,
824.69,2.146e+0,2.036e-18,9.837e-27,2.342e-42,2.360e-16,,,1.554e-8,3.613e-3,,2.642e-15,2.159e-18,1.762e-28,5.024e-17,1.330e-20,1.215e-13,6.430e-2,,,,2.069e+0,1.178e-20,8.756e-18,,1.534e-26,,,,1.736e-5,3.156e-3,5.805e-3,1.744e-11,,,,,8.400e-14,,,,,,,,,2.776e-18,,,,,,,,,,,,,,
824.72,2.182e+0,2.042e-18,9.811e-27,2.345e-42,1.510e-16,,,1.163e-8,3.252e-3,,2.643e-15,2.167e-18,1.762e-28,5.025e-17,1.331e-20,1.387e-13,6.635e-2,,,,2.105e+0,1.235e-20,8.754e-18,,1.534e-26,,,,1.533e-5,2.517e-3,4.981e-3,1.590e-11,,,,,5.784e-14,,,,,,,,,2.777e-18,,,,,,,,,,,,,,
824.74,2.203e+0,2.045e-18,9.794e-27,2.348e-42,1.120e-16,,,9.574e-9,3.027e-3,,2.643e-15,2.173e-18,1.761e-28,5.027e-17,1.331e-20,1.514e-13,6.765e-2,,,,2.126e+0,1.272e-20,8.753e-18,,1.534e-26,,,,1.409e-5,2.161e-3,4.492e-3,1.493e-11,,,,,4.504e-14,,,,,,,,,2.777e-18,,,,,,,,,,,,,,
824.77,2.232e+0,2.051e-18,9.769e-27,2.352e-42,7.133e-17,,,7.136e-9,2.713e-3,,2.644e-15,2.181e-18,1.761e-28,5.028e-17,1.331e-20,1.721e-13,6.951e-2,,,,2.154e+0,1.327e-20,8.751e-18,,1.533e-26,,,,1.239e-5,1.716e-3,3.838e-3,1.355e-11,,,,,3.088e-14,,,,,,,,,2.777e-18,,,,,,,,,,,,,,
824.79,2.248e+0,2.054e-18,9.752e-27,2.354e-42,,,,5.858e-9,2.518e-3,,2.644e-15,2.187e-18,1.761e-28,5.030e-17,1.331e-20,1.873e-13,7.068e-2,,,,2.170e+0,1.364e-20,8.749e-18,,1.533e-26,,,,1.136e-5,1.470e-3,3.452e-3,1.269e-11,,,,,2.398e-14,,,,,,,,,2.777e-18,,,,,,,,,,,,,,
824.81,2.262e+0,2.058e-18,9.735e-27,2.357e-42,,,,4.803e-9,2.335e-3,,2.644e-15,2.193e-18,1.760e-28,5.031e-17,1.332e-20,2.036e-13,7.178e-2,,,,2.184e+0,1.399e-20,8.748e-18,,1.532e-26,,,,1.040e-5,1.257e-3,3.100e-3,1.187e-11,,,,,1.860e-14,,,,,,,,,2.778e-18,,,,,,,,,,,,,,
824.84,2.279e+0,2.064e-18,9.709e-27,2.361e-42,,,,3.558e-9,2.080e-3,,2.645e-15,2.201e-18,1.760e-28,5.033e-17,1.332e-20,2.302e-13,7.333e-2,,,,2.200e+0,1.452e-20,8.746e-18,,1.532e-26,,,,9.092e-6,9.922e-4,2.634e-3,1.071e-11,,,,,1.268e-14,,,,,,,,,2.778e-18,,,,,,,,,,,,,,
824.86,2.288e+0,2.067e-18,9.693e-27,2.363e-42,,,,2.910e-9,1.923e-3,,2.645e-15,2.207e-18,1.760e-28,5.034e-17,1.332e-20,2.496e-13,7.427e-2,,,,2.208e+0,1.485e-20,8.744e-18,,1.532e-26,,,,8.302e-6,8.463e-4,2.359e-3,9.988e-12,,,,,9.803e-15,,,,,,,,,2.778e-18,,,,,,,,,,,,,,
824.89,2.296e+0,2.073e-18,9.667e-27,2.367e-42,,,,2.146e-9,1.706e-3,,2.646e-15,2.215e-18,1.759e-28,5.036e-17,1.332e-20,2.811e-13,7.556e-2,,,,2.216e+0,1.534e-20,8.742e-18,,1.531e-26,,,,7.229e-6,6.652e-4,1.995e-3,8.977e-12,,,,,6.653e-15,,,,,,,,,2.779e-18,,,,,,,,,,,,,,
824.91,2.299e+0,2.076e-18,9.650e-27,2.370e-42,,,,1.750e-9,1.573e-3,,2.646e-15,2.221e-18,1.759e-28,5.037e-17,1.333e-20,3.039e-13,7.632e-2,,,,2.218e+0,1.566e-20,8.741e-18,,1.531e-26,,,,6.582e-6,5.657e-4,1.782e-3,8.349e-12,,,,,5.131e-15,,,,,,,,,2.779e-18,,,,,,,,,,,,,,
824.94,2.298e+0,2.082e-18,9.625e-27,2.374e-42,,,,1.286e-9,1.390e-3,,2.647e-15,2.229e-18,1.759e-28,5.039e-17,1.333e-20,3.409e-13,7.732e-2,,,,2.217e+0,1.610e-20,8.739e-18,,1.530e-26,,,,5.707e-6,4.428e-4,1.501e-3,7.473e-12,,,,,3.468e-15,,,,,,,,,2.779e-18,,,,,,,,,,,,,,
824.96,2.295e+0,2.085e-18,9.608e-27,2.376e-42,,,,1.045e-9,1.278e-3,,2.647e-15,2.235e-18,1.759e-28,5.040e-17,1.333e-20,3.675e-13,7.788e-2,,,,2.214e+0,1.639e-20,8.737e-18,,1.530e-26,,,,5.182e-6,3.755e-4,1.337e-3,6.930e-12,,,,,2.667e-15,,,,,,,,,2.780e-18,,,,,,,,,,,,,,
824.99,2.285e+0,2.091e-18,9.582e-27,2.380e-42,,,,7.646e-10,1.124e-3,,2.648e-15,2.243e-18,1.758e-28,5.042e-17,1.333e-20,4.106e-13,7.857e-2,,,,2.204e+0,1.679e-20,8.735e-18,,1.529e-26,,,,4.475e-6,2.927e-4,1.121e-3,6.177e-12,,,,,1.794e-15,,,,,,,,,2.780e-18,,,,,,,,,,,,,,
825.01,2.276e+0,2.094e-18,9.565e-27,2.383e-42,,,,6.198e-10,1.030e-3,,2.648e-15,2.249e-18,1.758e-28,5.043e-17,1.334e-20,4.416e-13,7.892e-2,,,,2.195e+0,1.703e-20,8.734e-18,,1.529e-26,,,,4.052e-6,2.475e-4,9.959e-4,5.713e-12,,,,,1.376e-15,,,,,,,,,2.780e-18,,,,,,,,,,,,,,
825.04,2.258e+0,2.100e-18,9.540e-27,2.387e-42,,,,4.515e-10,9.025e-4,,2.649e-15,2.257e-18,1.758e-28,5.045e-17,1.334e-20,4.914e-13,7.929e-2,,,,2.177e+0,1.737e-20,8.732e-18,,1.528e-26,,,,3.484e-6,1.921e-4,8.317e-4,5.071e-12,,,,,9.220e-16,,,,,,,,,2.781e-18,,,,,,,,,,,,,,
825.06,2.243e+0,2.103e-18,9.523e-27,2.389e-42,,,,3.650e-10,8.250e-4,,2.649e-15,2.263e-18,1.757e-28,5.046e-17,1.334e-20,5.270e-13,7.943e-2,,,,2.162e+0,1.758e-20,8.730e-18,,1.528e-26,,,,3.146e-6,1.620e-4,7.366e-4,4.677e-12,,,,,7.050e-16,,,,,,,,,2.781e-18,,,,,,,,,,,,,,
825.09,2.216e+0,2.109e-18,9.497e-27,2.393e-42,,,,2.647e-10,7.196e-4,,2.650e-15,2.271e-18,1.757e-28,5.048e-17,1.335e-20,5.842e-13,7.947e-2,,,,2.136e+0,1.786e-20,8.728e-18,,1.528e-26,,,,2.694e-6,1.252e-4,6.126e-4,4.134e-12,,,,,4.704e-16,,,,,,,,,2.781e-18,,,,,,,,,,,,,,
825.11,2.196e+0,2.112e-18,9.480e-27,2.396e-42,,,,2.134e-10,6.560e-4,,2.650e-15,2.277e-18,1.757e-28,5.049e-17,1.335e-20,6.249e-13,7.939e-2,,,,2.115e+0,1.802e-20,8.727e-18,,1.527e-26,,,,2.426e-6,1.053e-4,5.410e-4,3.802e-12,,,,,3.586e-16,,,,,,,,,2.781e-18,,,,,,,,,,,,,,
825.14,2.162e+0,2.118e-18,9.455e-27,2.400e-42,,,,1.541e-10,5.698e-4,,2.651e-15,2.285e-18,1.756e-28,5.051e-17,1.335e-20,6.899e-13,7.910e-2,,,,2.082e+0,1.822e-20,8.725e-18,,1.527e-26,,,,2.069e-6,8.101e-5,4.480e-4,3.346e-12,,,,,2.383e-16,,,,,,,,,2.782e-18,,,,,,,,,,,,,,
825.16,2.137e+0,2.121e-18,9.438e-27,2.402e-42,,,,1.239e-10,5.180e-4,,2.651e-15,2.291e-18,1.756e-28,5.052e-17,1.335e-20,7.361e-13,7.880e-2,,,,2.057e+0,1.834e-20,8.723e-18,,1.526e-26,,,,1.858e-6,6.793e-5,3.946e-4,3.069e-12,,,,,1.812e-16,,,,,,,,,2.782e-18,,,,,,,,,,,,,,
825.19,2.095e+0,2.127e-18,9.412e-27,2.406e-42,,,,8.909e-11,4.480e-4,,2.652e-15,2.299e-18,1.756e-28,5.054e-17,1.336e-20,8.095e-13,7.819e-2,,,,2.016e+0,1.847e-20,8.721e-18,,1.526e-26,,,,1.577e-6,5.205e-5,3.254e-4,2.690e-12,,,,,1.198e-16,,,,,,,,,2.782e-18,,,,,,,,,,,,,,
825.21,2.065e+0,2.130e-18,9.395e-27,2.409e-42,,,,7.141e-11,4.061e-4,,2.653e-15,2.305e-18,1.756e-28,5.055e-17,1.336e-20,8.613e-13,7.768e-2,,,,1.987e+0,1.853e-20,8.720e-18,,1.526e-26,,,,1.413e-6,4.353e-5,2.857e-4,2.460e-12,,,,,9.086e-17,,,,,,,,,2.783e-18,,,,,,,,,,,,,,
825.23,2.034e+0,2.134e-18,9.378e-27,2.411e-42,,,,5.717e-11,3.677e-4,,2.653e-15,2.311e-18,1.755e-28,5.056e-17,1.336e-20,9.156e-13,7.709e-2,,,,1.956e+0,1.857e-20,8.718e-18,,1.525e-26,,,,1.264e-6,3.635e-5,2.507e-4,2.248e-12,,,,,6.881e-17,,,,,,,,,2.783e-18,,,,,,,,,,,,,,
825.26,1.984e+0,2.139e-18,9.353e-27,2.415e-42,,,,4.087e-11,3.162e-4,,2.654e-15,2.319e-18,1.755e-28,5.058e-17,1.336e-20,1.001e-12,7.605e-2,,,,1.907e+0,1.859e-20,8.716e-18,,1.525e-26,,,,1.067e-6,2.769e-5,2.055e-4,1.959e-12,,,,,4.525e-17,,,,,,,,,2.783e-18,,,,,,,,,,,,,,
825.28,1.948e+0,2.143e-18,9.336e-27,2.418e-42,,,,3.263e-11,2.855e-4,,2.654e-15,2.325e-18,1.755e-28,5.059e-17,1.337e-20,1.062e-12,7.526e-2,,,,1.873e+0,1.858e-20,8.715e-18,,1.524e-26,,,,9.515e-7,2.306e-5,1.798e-4,1.785e-12,,,,,3.417e-17,,,,,,,,,2.783e-18,,,,,,,,,,,,,,
825.31,1.893e+0,2.148e-18,9.311e-27,2.421e-42,,,,2.323e-11,2.444e-4,,2.655e-15,2.333e-18,1.754e-28,5.061e-17,1.337e-20,1.157e-12,7.393e-2,,,,1.819e+0,1.853e-20,8.713e-18,,1.524e-26,,,,7.999e-7,1.749e-5,1.468e-4,1.549e-12,,,,,2.237e-17,,,,,,,,,2.784e-18,,,,,,,,,,,,,,
825.33,1.855e+0,2.152e-18,9.294e-27,2.424e-42,,,,1.849e-11,2.201e-4,,2.655e-15,2.339e-18,1.754e-28,5.062e-17,1.337e-20,1.223e-12,7.296e-2,,,,1.782e+0,1.847e-20,8.711e-18,,1.523e-26,,,,7.115e-7,1.453e-5,1.280e-4,1.407e-12,,,,,1.685e-17,,,,,,,,,2.784e-18,,,,,,,,,,,,,,
825.36,1.796e+0,2.157e-18,9.268e-27,2.428e-42,,,,1.311e-11,1.876e-4,,2.656e-15,2.347e-18,1.754e-28,5.064e-17,1.338e-20,1.328e-12,7.138e-2,,,,1.724e+0,1.834e-20,8.709e-18,,1.523e-26,,,,5.957e-7,1.097e-5,1.041e-4,1.216e-12,,,,,1.098e-17,,,,,,,,,2.784e-18,,,,,,,,,,,,,,
825.38,1.755e+0,2.161e-18,9.251e-27,2.431e-42,,,,1.041e-11,1.684e-4,,2.656e-15,2.353e-18,1.753e-28,5.065e-17,1.338e-20,1.400e-12,7.025e-2,,,,1.684e+0,1.822e-20,8.708e-18,,1.523e-26,,,,5.284e-7,9.087e-6,9.063e-5,1.101e-12,,,,,8.248e-18,,,,,,,,,2.785e-18,,,,,,,,,,,,,,
825.41,1.692e+0,2.166e-18,9.226e-27,2.434e-42,,,,7.345e-12,1.430e-4,,2.657e-15,2.361e-18,1.753e-28,5.067e-17,1.338e-20,1.514e-12,6.845e-2,,,,1.624e+0,1.802e-20,8.706e-18,,1.522e-26,,,,4.405e-7,6.834e-6,7.345e-5,9.479e-13,,,,,5.355e-18,,,,,,,,,2.785e-18,,,,,,,,,,,,,,
825.43,1.650e+0,2.170e-18,9.209e-27,2.437e-42,,,,5.814e-12,1.280e-4,,2.657e-15,2.367e-18,1.753e-28,5.068e-17,1.338e-20,1.593e-12,6.717e-2,,,,1.583e+0,1.786e-20,8.704e-18,,1.522e-26,,,,3.897e-7,5.644e-6,6.378e-5,8.564e-13,,,,,4.009e-18,,,,,,,,,2.785e-18,,,,,,,,,,,,,,
825.46,1.585e+0,2.176e-18,9.183e-27,2.441e-42,,,,4.086e-12,1.082e-4,,2.658e-15,2.375e-18,1.752e-28,5.070e-17,1.339e-20,1.716e-12,6.518e-2,,,,1.520e+0,1.758e-20,8.702e-18,,1.521e-26,,,,3.235e-7,4.227e-6,5.155e-5,7.339e-13,,,,,2.592e-18,,,,,,,,,2.786e-18,,,,,,,,,,,,,,
825.48,1.542e+0,2.179e-18,9.166e-27,2.443e-42,,,,3.226e-12,9.662e-5,,2.658e-15,2.381e-18,1.752e-28,5.071e-17,1.339e-20,1.801e-12,6.379e-2,,,,1.478e+0,1.737e-20,8.701e-18,,1.521e-26,,,,2.854e-7,3.481e-6,4.471e-5,6.612e-13,,,,,1.935e-18,,,,,,,,,2.786e-18,,,,,,,,,,,,,,
825.51,1.476e+0,2.185e-18,9.141e-27,2.447e-42,,,,2.257e-12,8.134e-5,,2.659e-15,2.389e-18,1.752e-28,5.073e-17,1.339e-20,1.933e-12,6.164e-2,,,,1.414e+0,1.703e-20,8.699e-18,,1.520e-26,,,,2.359e-7,2.595e-6,3.612e-5,5.642e-13,,,,,1.246e-18,,,,,,,,,2.786e-18,,,,,,,,,,,,,,
825.53,1.432e+0,2.188e-18,9.124e-27,2.450e-42,,,,1.777e-12,7.241e-5,,2.659e-15,2.395e-18,1.752e-28,5.074e-17,1.339e-20,2.023e-12,6.016e-2,,,,1.371e+0,1.679e-20,8.697e-18,,1.520e-26,,,,2.075e-7,2.131e-6,3.135e-5,5.069e-13,,,,,9.274e-19,,,,,,,,,2.786e-18,,,,,,,,,,,,,,
825.56,1.366e+0,2.194e-18,9.098e-27,2.454e-42,,,,1.238e-12,6.070e-5,,2.660e-15,2.403e-18,1.751e-28,5.076e-17,1.340e-20,2.163e-12,5.789e-2,,,,1.308e+0,1.639e-20,8.695e-18,,1.520e-26,,,,1.709e-7,1.583e-6,2.542e-5,4.308e-13,,,,,5.945e-19,,,,,,,,,2.787e-18,,,,,,,,,,,,,,
825.58,1.322e+0,2.197e-18,9.081e-27,2.456e-42,,,,9.719e-13,5.388e-5,,2.660e-15,2.409e-18,1.751e-28,5.077e-17,1.340e-20,2.259e-12,5.634e-2,,,,1.265e+0,1.610e-20,8.694e-18,,1.519e-26,,,,1.499e-7,1.296e-6,2.217e-5,3.860e-13,,,,,4.413e-19,,,,,,,,,2.787e-18,,,,,,,,,,,,,,
825.6,1.278e+0,2.201e-18,9.064e-27,2.459e-42,,,,7.620e-13,4.778e-5,,2.660e-15,2.414e-18,1.751e-28,5.078e-17,1.340e-20,2.357e-12,5.478e-2,,,,1.223e+0,1.581e-20,8.692e-18,,1.519e-26,,,,1.313e-7,1.060e-6,1.942e-5,3.454e-13,,,,,3.272e-19,,,,,,,,,2.787e-18,,,,,,,,,,,,,,
825.63,1.212e+0,2.206e-18,9.039e-27,2.463e-42,,,,5.279e-13,3.982e-5,,2.661e-15,2.423e-18,1.750e-28,5.080e-17,1.341e-20,2.507e-12,5.241e-2,,,,1.160e+0,1.534e-20,8.690e-18,,1.518e-26,,,,1.075e-7,7.824e-7,1.611e-5,2.918e-13,,,,,3.508e-19,,,,,,,,,2.788e-18,,,,,,,,,,,,,,
825.65,1.169e+0,2.210e-18,9.022e-27,2.465e-42,,,,4.127e-13,3.521e-5,,2.661e-15,2.428e-18,1.750e-28,5.081e-17,1.341e-20,2.609e-12,5.081e-2,,,,1.118e+0,1.502e-20,8.689e-18,,1.518e-26,,,,9.392e-8,6.381e-7,1.439e-5,2.605e-13,,,,,3.664e-19,,,,,,,,,2.788e-18,,,,,,,,,,,,,,
825.68,1.106e+0,2.215e-18,8.996e-27,2.469e-42,,,,2.847e-13,2.921e-5,,2.662e-15,2.437e-18,1.750e-28,5.083e-17,1.341e-20,2.765e-12,4.841e-2,,,,1.057e+0,1.451e-20,8.687e-18,,1.517e-26,,,,7.655e-8,4.690e-7,1.244e-5,2.191e-13,,,,,3.900e-19,,,,,,,,,2.788e-18,,,,,,,,,,,,,,
825.7,1.064e+0,2.219e-18,8.979e-27,2.472e-42,,,,2.219e-13,2.576e-5,,2.662e-15,2.442e-18,1.749e-28,5.085e-17,1.341e-20,2.871e-12,4.681e-2,,,,1.017e+0,1.417e-20,8.685e-18,,1.517e-26,,,,6.670e-8,3.815e-7,1.153e-5,1.950e-13,,,,,4.056e-19,,,,,,,,,2.789e-18,,,,,,,,,,,,,,
825.73,1.002e+0,2.224e-18,8.954e-27,2.476e-42,,,,1.524e-13,2.128e-5,,2.663e-15,2.451e-18,1.749e-28,5.086e-17,1.342e-20,3.032e-12,4.441e-2,,,,9.579e-1,1.364e-20,8.683e-18,,1.517e-26,,,,5.414e-8,2.792e-7,1.070e-5,1.634e-13,,,,,4.292e-19,,,,,,,,,2.789e-18,,,,,,,,,,,,,,
825.75,9.621e-1,2.228e-18,8.937e-27,2.478e-42,,,,1.185e-13,1.872e-5,,2.664e-15,2.456e-18,1.749e-28,5.088e-17,1.342e-20,3.140e-12,4.282e-2,,,,9.193e-1,1.327e-20,8.682e-18,,1.516e-26,,,,4.704e-8,2.264e-7,1.050e-5,1.450e-13,,,,,4.448e-19,,,,,,,,,2.789e-18,,,,,,,,,,,,,,
825.78,9.033e-1,2.233e-18,8.912e-27,2.482e-42,,,,8.104e-14,1.540e-5,,2.664e-15,2.465e-18,1.748e-28,5.089e-17,1.342e-20,3.305e-12,4.046e-2,,,,8.628e-1,1.272e-20,8.680e-18,,1.516e-26,,,,3.802e-8,1.650e-7,1.071e-5,1.210e-13,,,,,4.683e-19,,,,,,,,,2.790e-18,,,,,,,,,,,,,,
825.8,8.650e-1,2.237e-18,8.895e-27,2.485e-42,,,,6.282e-14,1.350e-5,,2.665e-15,2.470e-18,1.748e-28,5.091e-17,1.342e-20,3.415e-12,3.890e-2,,,,8.261e-1,1.235e-20,8.678e-18,,1.515e-26,,,,3.295e-8,1.335e-7,1.120e-5,1.071e-13,,,,,4.840e-19,,,,,,,,,2.790e-18,,,,,,,,,,,,,,
825.83,8.093e-1,2.242e-18,8.869e-27,2.489e-42,,,,4.279e-14,1.106e-5,,2.665e-15,2.479e-18,1.748e-28,5.092e-17,1.343e-20,3.581e-12,3.660e-2,,,,7.727e-1,1.178e-20,8.676e-18,,1.515e-26,,,,2.652e-8,9.685e-8,1.250e-5,8.897e-14,,,,,5.075e-19,,,,,,,,,2.790e-18,,,,,,,,,,,,,,
825.85,7.732e-1,2.246e-18,8.852e-27,2.491e-42,,,,3.307e-14,9.672e-6,,2.666e-15,2.485e-18,1.748e-28,5.094e-17,1.343e-20,3.692e-12,3.510e-2,,,,7.381e-1,1.140e-20,8.675e-18,,1.515e-26,,,,2.291e-8,7.810e-8,1.377e-5,7.852e-14,,,,,5.232e-19,,,,,,,,,2.790e-18,,,,,,,,,,,,,,
825.88,7.209e-1,2.251e-18,8.827e-27,2.495e-42,,,,2.243e-14,7.891e-6,,2.666e-15,2.493e-18,1.747e-28,5.095e-17,1.343e-20,3.859e-12,3.289e-2,,,,6.880e-1,1.084e-20,8.673e-18,,1.514e-26,,,,1.837e-8,5.644e-8,1.635e-5,6.496e-14,,,,,5.467e-19,,,,,,,,,2.791e-18,,,,,,,,,,,,,,
825.9,6.872e-1,2.255e-18,8.810e-27,2.498e-42,,,,1.729e-14,6.880e-6,,2.667e-15,2.499e-18,1.747e-28,5.097e-17,1.344e-20,3.970e-12,3.145e-2,,,,6.557e-1,1.046e-20,8.671e-18,,1.514e-26,,,,1.582e-8,4.539e-8,1.859e-5,5.718e-14,,,,,5.624e-19,,,,,,,,,2.791e-18,,,,,,,,,,,,,,
825.93,6.385e-1,2.260e-18,8.784e-27,2.501e-42,,,,1.167e-14,5.589e-6,,2.667e-15,2.507e-18,1.747e-28,5.098e-17,1.344e-20,4.135e-12,2.935e-2,,,,6.091e-1,9.899e-21,8.669e-18,,1.513e-26,,,,1.263e-8,3.266e-8,2.283e-5,4.711e-14,,,,,5.859e-19,,,,,,,,,2.791e-18,,,,,,,,,,,,,,
825.95,6.072e-1,2.264e-18,8.767e-27,2.504e-42,,,,8.972e-15,4.859e-6,,2.668e-15,2.513e-18,1.746e-28,5.100e-17,1.344e-20,4.244e-12,2.799e-2,,,,5.792e-1,9.528e-21,8.668e-18,,1.513e-26,,,,1.085e-8,2.619e-8,2.635e-5,4.134e-14,,,,,6.016e-19,,,,,,,,,2.792e-18,,,,,,,,,,,,,,
825.97,5.770e-1,2.268e-18,8.750e-27,2.507e-42,,,,6.888e-15,4.220e-6,,2.668e-15,2.518e-18,1.746e-28,5.101e-17,1.344e-20,4.352e-12,2.666e-2,,,,5.503e-1,9.161e-21,8.667e-18,,1.513e-26,,,,9.315e-9,2.098e-8,3.050e-5,3.625e-14,,,,,6.173e-19,,,,,,,,,2.792e-18,,,,,,,,,,,,,,
826,5.335e-1,2.273e-18,8.725e-27,2.510e-42,,,,4.624e-15,3.408e-6,,2.669e-15,2.527e-18,1.746e-28,5.103e-17,1.345e-20,4.512e-12,2.473e-2,,,,5.088e-1,8.618e-21,8.664e-18,,1.512e-26,,,,7.392e-9,1.500e-8,3.812e-5,2.969e-14,,,,,6.408e-19,,,,,,,,,2.792e-18,,,,,,,,,,,,,,
826.02,5.058e-1,2.277e-18,8.708e-27,2.513e-42,,,,3.540e-15,2.951e-6,,2.669e-15,2.532e-18,1.745e-28,5.104e-17,1.345e-20,4.617e-12,2.349e-2,,,,4.823e-1,8.262e-21,8.663e-18,,1.512e-26,,,,6.326e-9,1.198e-8,4.428e-5,2.596e-14,,,,,6.565e-19,,,,,,,,,2.792e-18,,,,,,,,,,,,,,
826.05,4.662e-1,2.282e-18,8.682e-27,2.517e-42,,,,2.366e-15,2.373e-6,,2.670e-15,2.541e-18,1.745e-28,5.106e-17,1.345e-20,4.771e-12,2.171e-2,,,,4.444e-1,7.740e-21,8.661e-18,,1.511e-26,,,,4.999e-9,8.536e-9,5.545e-5,2.117e-14,,,,,6.800e-19,,,,,,,,,2.793e-18,,,,,,,,,,,,,,
826.07,4.410e-1,2.286e-18,8.665e-27,2.519e-42,,,,1.806e-15,2.050e-6,,2.670e-15,2.546e-18,1.745e-28,5.107e-17,1.345e-20,4.872e-12,2.056e-2,,,,4.204e-1,7.400e-21,8.659e-18,,1.511e-26,,,,4.267e-9,6.798e-9,6.442e-5,1.846e-14,,,,,6.957e-19,,,,,,,,,2.793e-18,,,,,,,,,,,,,,
826.1,4.050e-1,2.291e-18,8.640e-27,2.523e-42,,,,1.202e-15,1.641e-6,,2.671e-15,2.555e-18,1.744e-28,5.109e-17,1.346e-20,5.019e-12,1.892e-2,,,,3.860e-1,6.903e-21,8.657e-18,,1.510e-26,,,,3.357e-9,4.822e-9,8.057e-5,1.499e-14,,,,,7.192e-19,,,,,,,,,2.793e-18,,,,,,,,,,,,,,
826.12,3.823e-1,2.295e-18,8.623e-27,2.526e-42,,,,9.152e-16,1.413e-6,,2.671e-15,2.560e-18,1.744e-28,5.110e-17,1.346e-20,5.114e-12,1.787e-2,,,,3.643e-1,6.581e-21,8.656e-18,,1.510e-26,,,,2.858e-9,3.829e-9,9.345e-5,1.303e-14,,,,,7.349e-19,,,,,,,,,2.794e-18,,,,,,,,,,,,,,
826.15,3.500e-1,2.300e-18,8.597e-27,2.530e-42,,,,6.065e-16,1.127e-6,,2.672e-15,2.569e-18,1.744e-28,5.112e-17,1.346e-20,5.252e-12,1.638e-2,,,,3.335e-1,6.113e-21,8.654e-18,,1.509e-26,,,,2.239e-9,2.704e-9,1.165e-4,1.054e-14,,,,,7.584e-19,,,,,,,,,2.794e-18,,,,,,,,,,,,,,
826.17,3.296e-1,2.304e-18,8.580e-27,2.532e-42,,,,4.604e-16,9.677e-7,,2.672e-15,2.574e-18,1.744e-28,5.113e-17,1.346e-20,5.340e-12,1.543e-2,,,,3.141e-1,5.812e-21,8.652e-18,,1.509e-26,,,,1.900e-9,2.142e-9,1.349e-4,9.141e-15,,,,,7.741e-19,,,,,,,,,2.794e-18,,,,,,,,,,,,,,
826.2,3.008e-1,2.309e-18,8.555e-27,2.536e-42,,,,3.038e-16,7.684e-7,,2.673e-15,2.583e-18,1.743e-28,5.115e-17,1.347e-20,5.468e-12,1.408e-2,,,,2.866e-1,5.376e-21,8.650e-18,,1.509e-26,,,,1.483e-9,1.506e-9,1.676e-4,7.363e-15,,,,,7.976e-19,,,,,,,,,2.795e-18,,,,,,,,,,,,,,
826.22,2.827e-1,2.313e-18,8.538e-27,2.539e-42,,,,2.300e-16,6.580e-7,,2.673e-15,2.588e-18,1.743e-28,5.116e-17,1.347e-20,5.548e-12,1.323e-2,,,,2.693e-1,5.097e-21,8.649e-18,,1.508e-26,,,,1.255e-9,1.189e-9,1.935e-4,6.366e-15,,,,,8.133e-19,,,,,,,,,2.795e-18,,,,,,,,,,,,,,
826.25,2.572e-1,2.318e-18,8.513e-27,2.543e-42,,,,1.511e-16,5.202e-7,,2.674e-15,2.597e-18,1.743e-28,5.118e-17,1.347e-20,5.664e-12,1.202e-2,,,,2.449e-1,4.695e-21,8.647e-18,,1.508e-26,,,,9.753e-10,8.330e-10,2.395e-4,5.107e-15,,,,,1.270e-18,,,,,,,,,2.795e-18,,,,,,,,,,,,,,
826.27,2.412e-1,2.322e-18,8.496e-27,2.545e-42,,,,1.141e-16,4.442e-7,,2.674e-15,2.602e-18,1.742e-28,5.119e-17,1.348e-20,5.736e-12,1.126e-2,,,,2.296e-1,4.438e-21,8.645e-18,,1.507e-26,,,,8.231e-10,6.559e-10,2.757e-4,4.402e-15,,,,,1.708e-18,,,,,,,,,2.795e-18,,,,,,,,,,,,,,
826.3,2.187e-1,2.327e-18,8.470e-27,2.549e-42,,,,7.464e-17,3.498e-7,,2.675e-15,2.611e-18,1.742e-28,5.121e-17,1.348e-20,5.838e-12,1.019e-2,,,,2.082e-1,4.071e-21,8.643e-18,,1.507e-26,,,,6.369e-10,4.574e-10,3.398e-4,3.517e-15,,,,,2.657e-18,,,,,,,,,2.796e-18,,,,,,,,,,,,,,
826.32,2.047e-1,2.331e-18,8.453e-27,2.552e-42,,,,5.618e-17,2.978e-7,,2.675e-15,2.616e-18,1.742e-28,5.122e-17,1.348e-20,5.901e-12,9.520e-3,,,,1.948e-1,3.838e-21,8.642e-18,,1.506e-26,,,,5.361e-10,3.592e-10,3.901e-4,3.023e-15,,,,,3.562e-18,,,,,,,,,2.796e-18,,,,,,,,,,,,,,
826.34,1.914e-1,2.335e-18,8.436e-27,2.554e-42,,,,4.223e-17,2.533e-7,,2.676e-15,2.622e-18,1.741e-28,5.123e-17,1.348e-20,5.961e-12,8.884e-3,,,,1.821e-1,3.614e-21,8.641e-18,,1.506e-26,,,,4.507e-10,2.817e-10,4.474e-4,2.596e-15,,,,,4.771e-18,,,,,,,,,2.796e-18,,,,,,,,,,,,,,
826.37,1.729e-1,2.340e-18,8.411e-27,2.558e-42,,,,2.747e-17,1.982e-7,,2.676e-15,2.630e-18,1.741e-28,5.125e-17,1.349e-20,6.042e-12,7.993e-3,,,,1.643e-1,3.295e-21,8.638e-18,,1.506e-26,,,,3.467e-10,1.953e-10,5.484e-4,2.062e-15,,,,,7.379e-18,,,,,,,,,2.797e-18,,,,,,,,,,,,,,
826.39,1.614e-1,2.344e-18,8.394e-27,2.561e-42,,,,2.059e-17,1.681e-7,,2.677e-15,2.636e-18,1.741e-28,5.126e-17,1.349e-20,6.091e-12,7.439e-3,,,,1.533e-1,3.094e-21,8.637e-18,,1.505e-26,,,,2.907e-10,1.527e-10,6.271e-4,1.766e-15,,,,,9.855e-18,,,,,,,,,2.797e-18,,,,,,,,,,,,,,
826.42,1.453e-1,2.349e-18,8.368e-27,2.565e-42,,,,1.334e-17,1.310e-7,,2.677e-15,2.644e-18,1.740e-28,5.128e-17,1.349e-20,6.158e-12,6.665e-3,,,,1.379e-1,2.810e-21,8.635e-18,,1.505e-26,,,,2.226e-10,1.054e-10,7.654e-4,1.396e-15,,,,,1.518e-17,,,,,,,,,2.797e-18,,,,,,,,,,,,,,
826.44,1.354e-1,2.353e-18,8.351e-27,2.567e-42,,,,9.971e-18,1.108e-7,,2.678e-15,2.650e-18,1.740e-28,5.129e-17,1.349e-20,6.196e-12,6.186e-3,,,,1.284e-1,2.631e-21,8.634e-18,,1.504e-26,,,,1.861e-10,8.223e-11,8.729e-4,1.193e-15,,,,,2.022e-17,,,,,,,,,2.798e-18,,,,,,,,,,,,,,
826.47,1.217e-1,2.358e-18,8.326e-27,2.571e-42,,,,6.431e-18,8.601e-8,,2.678e-15,2.658e-18,1.740e-28,5.131e-17,1.350e-20,6.246e-12,5.520e-3,,,,1.151e-1,2.379e-21,8.631e-18,,1.504e-26,,,,1.420e-10,5.652e-11,1.061e-3,9.392e-16,,,,,3.101e-17,,,,,,,,,2.798e-18,,,,,,,,,,,,,,
826.49,1.133e-1,2.362e-18,8.309e-27,2.574e-42,,,,4.794e-18,7.253e-8,,2.679e-15,2.664e-18,1.740e-28,5.132e-17,1.350e-20,6.274e-12,5.109e-3,,,,1.069e-1,2.221e-21,8.630e-18,,1.504e-26,,,,1.184e-10,4.395e-11,1.207e-3,7.998e-16,,,,,4.118e-17,,,,,,,,,2.798e-18,,,,,,,,,,,,,,
826.52,1.016e-1,2.367e-18,8.283e-27,2.577e-42,,,,3.079e-18,5.606e-8,,2.679e-15,2.673e-18,1.739e-28,5.134e-17,1.350e-20,6.307e-12,4.540e-3,,,,9.559e-2,2.000e-21,8.628e-18,,1.503e-26,,,,8.992e-11,3.008e-11,1.460e-3,6.273e-16,,,,,6.291e-17,,,,,,,,,2.799e-18,,,,,,,,,,,,,,
826.54,9.446e-2,2.371e-18,8.266e-27,2.580e-42,,,,2.288e-18,4.714e-8,,2.680e-15,2.678e-18,1.739e-28,5.135e-17,1.351e-20,6.324e-12,4.190e-3,,,,8.861e-2,1.862e-21,8.627e-18,,1.503e-26,,,,7.476e-11,2.333e-11,1.656e-3,5.327e-16,,,,,8.332e-17,,,,,,,,,2.799e-18,,,,,,,,,,,,,,
826.57,8.466e-2,2.376e-18,8.241e-27,2.584e-42,,,,1.463e-18,3.628e-8,,2.680e-15,2.687e-18,1.739e-28,5.137e-17,1.351e-20,6.341e-12,3.708e-3,,,,7.896e-2,1.670e-21,8.624e-18,,1.502e-26,,,,5.655e-11,1.590e-11,1.996e-3,4.160e-16,,,,,1.267e-16,,,,,,,,,2.799e-18,,,,,,,,,,,,,,
826.59,7.871e-2,2.380e-18,8.224e-27,2.586e-42,,,,1.085e-18,3.042e-8,,2.681e-15,2.692e-18,1.738e-28,5.138e-17,1.351e-20,6.347e-12,3.413e-3,,,,7.304e-2,1.551e-21,8.623e-18,,1.502e-26,,,,4.688e-11,1.230e-11,2.258e-3,3.523e-16,,,,,1.674e-16,,,,,,,,,2.799e-18,,,,,,,,,,,,,,
826.62,7.059e-2,2.385e-18,8.199e-27,2.590e-42,,,,1.091e-18,2.331e-8,,2.681e-15,2.701e-18,1.738e-28,5.140e-17,1.351e-20,6.347e-12,3.007e-3,,,,6.487e-2,1.384e-21,8.621e-18,,1.501e-26,,,,3.531e-11,8.344e-12,2.710e-3,2.740e-16,,,,,2.536e-16,,,,,,,,,2.800e-18,,,,,,,,,,,,,,
826.64,6.570e-2,2.389e-18,8.182e-27,2.593e-42,,,,1.095e-18,1.949e-8,,2.682e-15,2.706e-18,1.738e-28,5.141e-17,1.352e-20,6.341e-12,2.761e-3,,,,5.988e-2,1.282e-21,8.620e-18,,1.501e-26,,,,2.919e-11,6.434e-12,3.057e-3,2.314e-16,,,,,3.341e-16,,,,,,,,,2.800e-18,,,,,,,,,,,,,,
826.67,5.909e-2,2.394e-18,8.156e-27,2.597e-42,,,,1.101e-18,1.488e-8,,2.682e-15,2.715e-18,1.737e-28,5.143e-17,1.352e-20,6.325e-12,2.423e-3,,,,5.302e-2,1.140e-21,8.617e-18,,1.500e-26,,,,2.190e-11,4.348e-12,3.654e-3,1.792e-16,,,,,5.040e-16,,,,,,,,,2.800e-18,,,,,,,,,,,,,,
826.69,5.516e-2,2.398e-18,8.139e-27,2.599e-42,,,,1.105e-18,1.240e-8,,2.683e-15,2.720e-18,1.737e-28,5.144e-17,1.352e-20,6.308e-12,2.218e-3,,,,4.883e-2,1.052e-21,8.616e-18,,1.500e-26,,,,1.805e-11,3.344e-12,4.109e-3,1.509e-16,,,,,6.620e-16,,,,,,,,,2.801e-18,,,,,,,,,,,,,,
826.71,5.158e-2,2.401e-18,8.122e-27,2.602e-42,,,,1.109e-18,1.033e-8,,2.683e-15,2.726e-18,1.737e-28,5.145e-17,1.352e-20,6.287e-12,2.028e-3,,,,4.494e-2,9.706e-22,8.615e-18,,1.500e-26,,,,1.487e-11,2.568e-12,4.617e-3,1.270e-16,,,,,8.686e-16,,,,,,,,,2.801e-18,,,,,,,,,,,,,,
826.74,4.687e-2,2.407e-18,8.097e-27,2.606e-42,,,,1.115e-18,7.837e-9,,2.684e-15,2.734e-18,1.737e-28,5.147e-17,1.353e-20,6.249e-12,1.769e-3,,,,3.961e-2,8.579e-22,8.613e-18,,1.499e-26,,,,1.109e-11,1.725e-12,5.486e-3,9.775e-17,,,,,1.303e-15,,,,,,,,,2.801e-18,,,,,,,,,,,,,,
826.76,4.414e-2,2.410e-18,8.080e-27,2.608e-42,,,,1.119e-18,6.510e-9,,2.684e-15,2.740e-18,1.736e-28,5.148e-17,1.353e-20,6.217e-12,1.613e-3,,,,3.638e-2,7.890e-22,8.611e-18,,1.499e-26,,,,9.104e-12,1.321e-12,6.146e-3,8.200e-17,,,,,1.705e-15,,,,,,,,,2.801e-18,,,,,,,,,,,,,,
826.79,4.064e-2,2.416e-18,8.054e-27,2.612e-42,,,,1.125e-18,4.917e-9,,2.685e-15,2.748e-18,1.736e-28,5.150e-17,1.353e-20,6.163e-12,1.402e-3,,,,3.196e-2,6.944e-22,8.609e-18,,1.498e-26,,,,6.761e-12,8.838e-13,7.273e-3,6.287e-17,,,,,2.546e-15,,,,,,,,,2.802e-18,,,,,,,,,,,,,,
826.81,3.869e-2,2.419e-18,8.037e-27,2.615e-42,,,,1.129e-18,4.073e-9,,2.685e-15,2.754e-18,1.736e-28,5.151e-17,1.354e-20,6.122e-12,1.275e-3,,,,2.929e-2,6.369e-22,8.608e-18,,1.498e-26,,,,5.536e-12,6.750e-13,8.125e-3,5.259e-17,,,,,3.322e-15,,,,,,,,,2.802e-18,,,,,,,,,,,,,,
826.84,3.633e-2,2.425e-18,8.012e-27,2.619e-42,,,,1.135e-18,3.063e-9,,2.686e-15,2.762e-18,1.735e-28,5.153e-17,1.354e-20,6.053e-12,1.103e-3,,,,2.565e-2,5.582e-22,8.606e-18,,1.498e-26,,,,4.094e-12,4.496e-13,9.575e-3,4.016e-17,,,,,4.942e-15,,,,,,,,,2.802e-18,,,,,,,,,,,,,,
826.86,3.512e-2,2.428e-18,7.995e-27,2.621e-42,,,,1.139e-18,2.530e-9,,2.686e-15,2.768e-18,1.735e-28,5.154e-17,1.354e-20,6.002e-12,1.000e-3,,,,2.345e-2,5.105e-22,8.604e-18,,1.497e-26,,,,3.343e-12,3.424e-13,1.067e-2,3.350e-17,,,,,6.431e-15,,,,,,,,,2.803e-18,,,,,,,,,,,,,,
826.89,3.385e-2,2.434e-18,7.969e-27,2.625e-42,,,,1.145e-18,1.895e-9,,2.687e-15,2.776e-18,1.735e-28,5.156e-17,1.354e-20,5.919e-12,8.618e-4,,,,2.047e-2,4.455e-22,8.602e-18,,1.497e-26,,,,2.462e-12,2.271e-13,1.252e-2,2.547e-17,,,,,9.526e-15,,,,,,,,,2.803e-18,,,,,,,,,,,,,,
826.91,3.337e-2,2.437e-18,7.952e-27,2.628e-42,,,,1.150e-18,1.561e-9,,2.687e-15,2.782e-18,1.734e-28,5.157e-17,1.355e-20,5.859e-12,7.793e-4,,,,1.868e-2,4.063e-22,8.601e-18,,1.496e-26,,,,2.005e-12,1.725e-13,1.391e-2,2.119e-17,,,,,1.236e-14,,,,,,,,,2.803e-18,,,,,,,,,,,,,,
826.94,3.317e-2,2.443e-18,7.927e-27,2.632e-42,,,,1.156e-18,1.164e-9,,2.688e-15,2.790e-18,1.734e-28,5.159e-17,1.355e-20,5.763e-12,6.687e-4,,,,1.625e-2,3.531e-22,8.598e-18,,1.496e-26,,,,1.470e-12,1.139e-13,1.625e-2,1.604e-17,,,,,1.824e-14,,,,,,,,,2.804e-18,,,,,,,,,,,,,,
826.96,3.341e-2,2.447e-18,7.910e-27,2.634e-42,,,,1.160e-18,9.559e-10,,2.688e-15,2.796e-18,1.734e-28,5.160e-17,1.355e-20,5.695e-12,6.031e-4,,,,1.480e-2,3.212e-22,8.597e-18,,1.496e-26,,,,1.194e-12,8.626e-14,1.801e-2,1.331e-17,,,,,2.360e-14,,,,,,,,,2.804e-18,,,,,,,,,,,,,,
826.99,3.430e-2,2.452e-18,7.884e-27,2.638e-42,,,,1.166e-18,7.100e-10,,2.689e-15,2.804e-18,1.733e-28,5.162e-17,1.355e-20,5.587e-12,5.154e-4,,,,1.283e-2,2.779e-22,8.595e-18,,1.495e-26,,,,8.716e-13,5.673e-14,2.096e-2,1.003e-17,,,,,3.467e-14,,,,,,,,,2.804e-18,,,,,,,,,,,,,,
827.01,3.527e-2,2.456e-18,7.867e-27,2.641e-42,,,,1.170e-18,5.814e-10,,2.689e-15,2.810e-18,1.733e-28,5.163e-17,1.356e-20,5.512e-12,4.635e-4,,,,1.166e-2,2.521e-22,8.594e-18,,1.495e-26,,,,7.058e-13,4.284e-14,2.315e-2,8.301e-18,,,,,4.474e-14,,,,,,,,,2.804e-18,,,,,,,,,,,,,,
827.04,3.730e-2,2.461e-18,7.842e-27,2.644e-42,,,,1.176e-18,4.300e-10,,2.690e-15,2.818e-18,1.733e-28,5.165e-17,1.356e-20,5.393e-12,3.944e-4,,,,1.007e-2,2.172e-22,8.591e-18,,1.494e-26,,,,5.132e-13,2.805e-14,2.683e-2,6.232e-18,,,,,6.545e-14,,,,,,,,,2.805e-18,,,,,,,,,,,,,,
827.06,3.905e-2,2.465e-18,7.825e-27,2.647e-42,,,,1.180e-18,3.511e-10,,2.690e-15,2.824e-18,1.733e-28,5.166e-17,1.356e-20,5.311e-12,3.537e-4,,,,9.131e-3,1.964e-22,8.590e-18,,1.494e-26,,,,4.144e-13,2.112e-14,2.956e-2,5.141e-18,,,,,8.424e-14,,,,,,,,,2.805e-18,,,,,,,,,,,,,,
827.09,4.228e-2,2.470e-18,7.800e-27,2.651e-42,,,,1.186e-18,2.586e-10,,2.691e-15,2.832e-18,1.732e-28,5.168e-17,1.357e-20,5.183e-12,2.998e-4,,,,7.865e-3,1.686e-22,8.588e-18,,1.493e-26,,,,3.001e-13,1.377e-14,3.412e-2,3.844e-18,,,,,1.227e-13,,,,,,,,,2.805e-18,,,,,,,,,,,,,,
827.11,4.487e-2,2.474e-18,7.783e-27,2.654e-42,,,,1.190e-18,2.106e-10,,2.691e-15,2.838e-18,1.732e-28,5.169e-17,1.357e-20,5.095e-12,2.681e-4,,,,7.113e-3,1.520e-22,8.587e-18,,1.493e-26,,,,2.416e-13,1.034e-14,3.748e-2,3.162e-18,,,,,1.575e-13,,,,,,,,,2.806e-18,,,,,,,,,,,,,,
827.13,4.780e-2,2.477e-18,7.766e-27,2.656e-42,,,,1.194e-18,1.713e-10,,2.692e-15,2.844e-18,1.732e-28,5.171e-17,1.357e-20,5.005e-12,2.395e-4,,,,6.426e-3,1.369e-22,8.585e-18,,1.493e-26,,,,1.944e-13,7.758e-15,4.114e-2,2.599e-18,,,,,2.019e-13,,,,,,,,,2.806e-18,,,,,,,,,,,,,,
827.16,5.291e-2,2.483e-18,7.740e-27,2.660e-42,,,,1.200e-18,1.254e-10,,2.692e-15,2.852e-18,1.731e-28,5.172e-17,1.357e-20,4.866e-12,2.018e-4,,,,5.509e-3,1.168e-22,8.583e-18,,1.492e-26,,,,1.399e-13,5.029e-15,4.720e-2,1.932e-18,,,,,2.925e-13,,,,,,,,,2.806e-18,,,,,,,,,,,,,,
827.18,5.680e-2,2.486e-18,7.723e-27,2.663e-42,,,,1.204e-18,1.017e-10,,2.693e-15,2.858e-18,1.731e-28,5.174e-17,1.358e-20,4.771e-12,1.798e-4,,,,4.966e-3,1.049e-22,8.582e-18,,1.492e-26,,,,1.122e-13,3.761e-15,5.166e-2,1.583e-18,,,,,3.739e-13,,,,,,,,,2.807e-18,,,,,,,,,,,,,,
827.21,6.341e-2,2.492e-18,7.698e-27,2.666e-42,,,,1.210e-18,7.415e-11,,2.693e-15,2.866e-18,1.731e-28,5.175e-17,1.358e-20,4.626e-12,1.509e-4,,,,4.243e-3,8.916e-23,8.580e-18,,1.491e-26,,,,8.044e-14,2.428e-15,5.902e-2,1.172e-18,,,,,5.394e-13,,,,,,,,,2.807e-18,,,,,,,,,,,,,,
827.23,6.836e-2,2.495e-18,7.681e-27,2.669e-42,,,,1.214e-18,5.997e-11,,2.694e-15,2.872e-18,1.730e-28,5.177e-17,1.358e-20,4.527e-12,1.340e-4,,,,3.816e-3,7.986e-23,8.578e-18,,1.491e-26,,,,6.434e-14,1.811e-15,6.441e-2,9.574e-19,,,,,6.876e-13,,,,,,,,,2.807e-18,,,,,,,,,,,,,,
827.26,7.665e-2,2.501e-18,7.655e-27,2.673e-42,,,,1.220e-18,4.354e-11,,2.694e-15,2.880e-18,1.730e-28,5.179e-17,1.358e-20,4.377e-12,1.120e-4,,,,3.249e-3,6.756e-23,8.576e-18,,1.490e-26,,,,4.593e-14,1.164e-15,7.329e-2,7.057e-19,,,,,9.878e-13,,,,,,,,,2.808e-18,,,,,,,,,,,,,,
827.28,8.278e-2,2.504e-18,7.638e-27,2.675e-42,,,,1.224e-18,3.511e-11,,2.695e-15,2.886e-18,1.730e-28,5.180e-17,1.359e-20,4.276e-12,9.923e-5,,,,2.916e-3,6.035e-23,8.575e-18,,1.490e-26,,,,3.663e-14,8.654e-16,7.976e-2,5.751e-19,,,,,1.256e-12,,,,,,,,,2.808e-18,,,,,,,,,,,,,,
827.31,9.293e-2,2.510e-18,7.613e-27,2.679e-42,,,,1.231e-18,2.538e-11,,2.695e-15,2.894e-18,1.729e-28,5.182e-17,1.359e-20,4.122e-12,8.258e-5,,,,2.474e-3,5.084e-23,8.573e-18,,1.489e-26,,,,2.604e-14,5.539e-16,9.038e-2,4.221e-19,,,,,1.797e-12,,,,,,,,,2.808e-18,,,,,,,,,,,,,,
827.33,1.004e-1,2.513e-18,7.596e-27,2.682e-42,,,,1.235e-18,2.041e-11,,2.696e-15,2.900e-18,1.729e-28,5.183e-17,1.359e-20,4.019e-12,7.296e-5,,,,2.215e-3,4.528e-23,8.571e-18,,1.489e-26,,,,2.071e-14,4.108e-16,9.809e-2,3.430e-19,,,,,2.278e-12,,,,,,,,,2.808e-18,,,,,,,,,,,,,,
827.36,1.126e-1,2.519e-18,7.570e-27,2.686e-42,,,,1.241e-18,1.469e-11,,2.696e-15,2.908e-18,1.729e-28,5.185e-17,1.360e-20,3.864e-12,6.047e-5,,,,1.872e-3,3.799e-23,8.569e-18,,1.489e-26,,,,1.466e-14,4.105e-16,1.107e-1,2.507e-19,,,,,3.245e-12,,,,,,,,,2.809e-18,,,,,,,,,,,,,,
827.38,1.215e-1,2.522e-18,7.553e-27,2.688e-42,,,,1.245e-18,1.179e-11,,2.697e-15,2.914e-18,1.729e-28,5.186e-17,1.360e-20,3.760e-12,5.327e-5,,,,1.672e-3,3.374e-23,8.568e-18,,1.488e-26,,,,1.163e-14,4.104e-16,1.198e-1,2.032e-19,,,,,4.103e-12,,,,,,,,,2.809e-18,,,,,,,,,,,,,,
827.41,1.360e-1,2.528e-18,7.528e-27,2.692e-42,,,,1.251e-18,8.447e-12,,2.697e-15,2.922e-18,1.728e-28,5.188e-17,1.360e-20,3.604e-12,4.397e-5,,,,1.409e-3,2.818e-23,8.566e-18,,1.488e-26,,,,8.195e-15,4.101e-16,1.346e-1,1.479e-19,,,,,5.821e-12,,,,,,,,,2.809e-18,,,,,,,,,,,,,,
827.43,1.466e-1,2.531e-18,7.511e-27,2.695e-42,,,,1.255e-18,6.756e-12,,2.698e-15,2.928e-18,1.728e-28,5.189e-17,1.360e-20,3.500e-12,3.863e-5,,,,1.255e-3,2.496e-23,8.564e-18,,1.487e-26,,,,6.482e-15,4.100e-16,1.453e-1,1.195e-19,,,,,7.340e-12,,,,,,,,,2.810e-18,,,,,,,,,,,,,,
827.46,1.636e-1,2.537e-18,7.485e-27,2.699e-42,,,,1.261e-18,4.822e-12,,2.698e-15,2.936e-18,1.728e-28,5.191e-17,1.361e-20,3.344e-12,3.175e-5,,,,1.054e-3,2.077e-23,8.562e-18,,1.487e-26,,,,4.550e-15,4.098e-16,1.625e-1,8.663e-20,,,,,1.037e-11,,,,,,,,,2.810e-18,,,,,,,,,,,,,,
827.48,1.759e-1,2.540e-18,7.468e-27,2.701e-42,,,,1.265e-18,3.845e-12,,2.699e-15,2.942e-18,1.727e-28,5.192e-17,1.361e-20,3.241e-12,2.782e-5,,,,9.364e-4,1.834e-23,8.561e-18,,1.487e-26,,,,3.588e-15,4.096e-16,1.749e-1,6.980e-20,,,,,1.304e-11,,,,,,,,,2.810e-18,,,,,,,,,,,,,,
827.5,1.889e-1,2.544e-18,7.451e-27,2.704e-42,,,,1.269e-18,3.063e-12,,2.699e-15,2.947e-18,1.727e-28,5.193e-17,1.361e-20,3.139e-12,2.435e-5,,,,8.314e-4,1.618e-23,8.559e-18,,1.486e-26,,,,2.827e-15,4.094e-16,1.881e-1,5.619e-20,,,,,1.638e-11,,,,,,,,,2.810e-18,,,,,,,,,,,,,,
827.53,2.099e-1,2.550e-18,7.426e-27,2.708e-42,,,,1.275e-18,2.173e-12,,2.700e-15,2.956e-18,1.727e-28,5.195e-17,1.361e-20,2.987e-12,1.990e-5,,,,6.944e-4,1.338e-23,8.557e-18,,1.486e-26,,,,1.973e-15,4.092e-16,2.092e-1,4.049e-20,,,,,2.301e-11,,,,,,,,,2.811e-18,,,,,,,,,,,,,,
827.55,2.249e-1,2.553e-18,7.409e-27,2.710e-42,,,,1.279e-18,1.726e-12,,2.700e-15,2.962e-18,1.726e-28,5.196e-17,1.362e-20,2.886e-12,1.736e-5,,,,6.151e-4,1.177e-23,8.556e-18,,1.485e-26,,,,1.550e-15,4.091e-16,2.243e-1,3.250e-20,,,,,2.881e-11,,,,,,,,,2.811e-18,,,,,,,,,,,,,,
827.58,2.490e-1,2.559e-18,7.384e-27,2.714e-42,,,,1.285e-18,1.220e-12,,2.701e-15,2.970e-18,1.726e-28,5.198e-17,1.362e-20,2.738e-12,1.413e-5,,,,5.118e-4,9.695e-24,8.554e-18,,1.485e-26,,,,1.077e-15,4.088e-16,2.485e-1,2.332e-20,,,,,4.031e-11,,,,,,,,,2.811e-18,,,,,,,,,,,,,,
827.6,2.661e-1,2.562e-18,7.367e-27,2.717e-42,,,,1.289e-18,9.662e-13,,2.701e-15,2.976e-18,1.726e-28,5.199e-17,1.362e-20,2.640e-12,1.230e-5,,,,4.522e-4,8.505e-24,8.552e-18,,1.485e-26,,,,8.436e-16,4.087e-16,2.657e-1,1.867e-20,,,,,5.035e-11,,,,,,,,,2.812e-18,,,,,,,,,,,,,,
827.63,2.934e-1,2.568e-18,7.341e-27,2.721e-42,,,,1.295e-18,6.798e-13,,2.702e-15,2.984e-18,1.725e-28,5.201e-17,1.363e-20,2.496e-12,9.966e-6,,,,3.749e-4,6.974e-24,8.550e-18,,1.484e-26,,,,5.837e-16,4.084e-16,2.931e-1,1.334e-20,,,,,7.014e-11,,,,,,,,,2.812e-18,,,,,,,,,,,,,,
827.65,3.128e-1,2.571e-18,7.324e-27,2.723e-42,,,,1.299e-18,5.370e-13,,2.702e-15,2.990e-18,1.725e-28,5.202e-17,1.363e-20,2.402e-12,8.651e-6,,,,3.305e-4,6.102e-24,8.549e-18,,1.484e-26,,,,4.560e-16,4.083e-16,3.124e-1,1.065e-20,,,,,8.737e-11,,,,,,,,,2.812e-18,,,,,,,,,,,,,,
827.68,3.435e-1,2.577e-18,7.299e-27,2.727e-42,,,,1.306e-18,3.762e-13,,2.703e-15,2.998e-18,1.725e-28,5.204e-17,1.363e-20,2.264e-12,6.981e-6,,,,2.729e-4,4.982e-24,8.547e-18,,1.483e-26,,,,3.142e-16,4.081e-16,3.432e-1,7.577e-21,,,,,1.212e-10,,,,,,,,,2.813e-18,,,,,,,,,,,,,,
827.7,3.652e-1,2.580e-18,7.282e-27,2.730e-42,,,,1.310e-18,2.963e-13,,2.703e-15,3.004e-18,1.725e-28,5.205e-17,1.363e-20,2.174e-12,6.043e-6,,,,2.400e-4,4.347e-24,8.545e-18,,1.483e-26,,,,2.448e-16,4.079e-16,3.649e-1,6.031e-21,,,,,1.506e-10,,,,,,,,,2.813e-18,,,,,,,,,,,,,,
827.73,3.994e-1,2.586e-18,7.256e-27,2.733e-42,,,,1.316e-18,2.067e-13,,2.704e-15,3.012e-18,1.724e-28,5.207e-17,1.364e-20,2.042e-12,4.856e-6,,,,1.975e-4,3.534e-24,8.543e-18,,1.482e-26,,,,1.680e-16,4.077e-16,3.992e-1,4.274e-21,,,,,2.080e-10,,,,,,,,,2.813e-18,,,,,,,,,,,,,,
827.75,4.234e-1,2.589e-18,7.239e-27,2.736e-42,,,,1.320e-18,1.624e-13,,2.704e-15,3.018e-18,1.724e-28,5.208e-17,1.364e-20,1.956e-12,4.192e-6,,,,1.732e-4,3.075e-24,8.542e-18,,1.482e-26,,,,1.305e-16,4.075e-16,4.233e-1,3.393e-21,,,,,2.577e-10,,,,,,,,,2.813e-18,,,,,,,,,,,,,,
827.78,4.612e-1,2.595e-18,7.214e-27,2.740e-42,,,,1.326e-18,1.128e-13,,2.705e-15,3.026e-18,1.724e-28,5.210e-17,1.364e-20,1.831e-12,3.355e-6,,,,1.420e-4,2.490e-24,8.540e-18,,1.481e-26,,,,8.915e-17,4.073e-16,4.611e-1,2.394e-21,,,,,3.545e-10,,,,,,,,,2.814e-18,,,,,,,,,,,,,,
827.8,4.876e-1,2.598e-18,7.197e-27,2.742e-42,,,,1.330e-18,8.833e-14,,2.705e-15,3.032e-18,1.723e-28,5.211e-17,1.364e-20,1.751e-12,2.888e-6,,,,1.242e-4,2.160e-24,8.538e-18,,1.481e-26,,,,6.906e-17,4.071e-16,4.875e-1,1.895e-21,,,,,4.379e-10,,,,,,,,,2.814e-18,,,,,,,,,,,,,,
827.83,5.290e-1,2.604e-18,7.171e-27,2.746e-42,,,,1.336e-18,6.110e-14,,2.706e-15,3.040e-18,1.723e-28,5.213e-17,1.365e-20,1.633e-12,2.302e-6,,,,1.014e-4,1.741e-24,8.536e-18,,1.481e-26,,,,4.699e-17,4.069e-16,5.289e-1,1.332e-21,,,,,6.000e-10,,,,,,,,,2.814e-18,,,,,,,,,,,,,,
827.85,5.577e-1,2.607e-18,7.154e-27,2.749e-42,,,,1.340e-18,4.772e-14,,2.706e-15,3.046e-18,1.723e-28,5.214e-17,1.365e-20,1.558e-12,1.976e-6,,,,8.848e-5,1.506e-24,8.535e-18,,1.480e-26,,,,3.630e-17,4.067e-16,5.576e-1,1.052e-21,,,,,7.392e-10,,,,,,,,,2.815e-18,,,,,,,,,,,,,,
827.87,5.874e-1,2.611e-18,7.137e-27,2.751e-42,,,,1.344e-18,3.723e-14,,2.707e-15,3.051e-18,1.722e-28,5.215e-17,1.365e-20,1.484e-12,1.694e-6,,,,7.712e-5,1.302e-24,8.533e-18,,1.480e-26,,,,2.801e-17,4.066e-16,5.873e-1,8.295e-22,,,,,9.096e-10,,,,,,,,,2.815e-18,,,,,,,,,,,,,,
827.9,6.335e-1,2.616e-18,7.112e-27,2.755e-42,,,,1.350e-18,2.560e-14,,2.707e-15,3.060e-18,1.722e-28,5.217e-17,1.366e-20,1.378e-12,1.342e-6,,,,6.264e-5,1.043e-24,8.531e-18,,1.479e-26,,,,1.894e-17,4.064e-16,6.334e-1,5.802e-22,,,,,1.239e-9,,,,,,,,,2.815e-18,,,,,,,,,,,,,,
827.92,6.653e-1,2.620e-18,7.095e-27,2.758e-42,,,,1.354e-18,1.992e-14,,2.708e-15,3.065e-18,1.722e-28,5.218e-17,1.366e-20,1.310e-12,1.148e-6,,,,5.446e-5,8.991e-25,8.530e-18,,1.479e-26,,,,1.458e-17,4.062e-16,6.652e-1,4.568e-22,,,,,1.521e-9,,,,,,,,,2.816e-18,,,,,,,,,,,,,,
827.95,7.145e-1,2.625e-18,7.070e-27,4.297e-42,,,,1.360e-18,1.364e-14,,2.708e-15,3.074e-18,1.721e-28,5.220e-17,1.366e-20,1.212e-12,9.057e-7,,,,4.406e-5,7.177e-25,8.528e-18,,1.479e-26,,,,9.818e-18,4.060e-16,7.145e-1,3.190e-22,,,,,2.063e-9,,,,,,,,,2.816e-18,,,,,,,,,,,,,,
827.97,7.483e-1,2.629e-18,7.053e-27,5.767e-42,,,,1.364e-18,1.058e-14,,2.709e-15,3.079e-18,1.721e-28,5.221e-17,1.366e-20,1.150e-12,7.723e-7,,,,3.821e-5,6.167e-25,8.526e-18,,1.478e-26,,,,7.534e-18,4.058e-16,7.483e-1,2.513e-22,,,,,2.524e-9,,,,,,,,,2.816e-18,,,,,,,,,,,,,,
828,8.004e-1,2.634e-18,7.027e-27,8.947e-42,,,,1.370e-18,7.214e-15,,2.709e-15,3.088e-18,1.721e-28,5.223e-17,1.367e-20,1.060e-12,6.069e-7,,,,3.079e-5,4.901e-25,8.524e-18,,1.478e-26,,,,5.053e-18,4.056e-16,8.003e-1,1.764e-22,,,,,3.410e-9,,,,,,,,,2.817e-18,,,,,,,,,,,,,,
828.02,8.359e-1,2.638e-18,7.010e-27,1.198e-41,,,,1.374e-18,5.580e-15,,2.710e-15,3.093e-18,1.721e-28,5.224e-17,1.367e-20,1.003e-12,5.161e-7,,,,2.663e-5,4.200e-25,8.523e-18,,1.477e-26,,,,3.866e-18,4.054e-16,8.359e-1,1.401e-22,,,,,4.162e-9,,,,,,,,,2.817e-18,,,,,,,,,,,,,,
828.05,8.903e-1,2.643e-18,6.985e-27,1.850e-41,,,,1.381e-18,3.789e-15,,2.710e-15,3.102e-18,1.720e-28,5.226e-17,1.367e-20,9.214e-13,4.039e-7,,,,2.138e-5,3.324e-25,8.521e-18,,1.477e-26,,,,2.582e-18,4.052e-16,8.903e-1,1.009e-22,,,,,5.599e-9,,,,,,,,,2.817e-18,,,,,,,,,,,,,,
828.07,9.273e-1,2.647e-18,6.968e-27,2.470e-41,,,,1.385e-18,2.923e-15,,2.711e-15,3.107e-18,1.720e-28,5.227e-17,1.367e-20,8.697e-13,3.425e-7,,,,1.844e-5,2.840e-25,8.519e-18,,1.476e-26,,,,1.970e-18,4.050e-16,9.273e-1,8.273e-23,,,,,6.814e-9,,,,,,,,,2.817e-18,,,,,,,,,,,,,,
828.1,9.835e-1,2.652e-18,6.942e-27,3.800e-41,,,,1.391e-18,1.976e-15,,2.711e-15,3.116e-18,1.720e-28,5.229e-17,1.368e-20,7.960e-13,2.669e-7,,,,1.475e-5,2.239e-25,8.517e-18,,1.476e-26,,,,1.310e-18,4.048e-16,9.835e-1,6.466e-23,,,,,9.130e-9,,,,,,,,,2.818e-18,,,,,,,,,,,,,,
828.12,1.021e+0,2.656e-18,6.925e-27,5.058e-41,,,,1.395e-18,1.520e-15,,2.712e-15,3.121e-18,1.719e-28,5.230e-17,1.368e-20,7.496e-13,2.257e-7,,,,1.269e-5,1.907e-25,8.516e-18,,1.476e-26,,,,9.971e-19,4.047e-16,1.021e+0,5.770e-23,,,,,1.108e-8,,,,,,,,,2.818e-18,,,,,,,,,,,,,,
828.15,1.079e+0,4.141e-18,6.900e-27,7.752e-41,,,,1.401e-18,1.023e-15,,2.712e-15,3.130e-18,1.719e-28,5.232e-17,1.368e-20,6.836e-13,1.752e-7,,,,1.011e-5,1.497e-25,8.514e-18,,1.475e-26,,,,6.604e-19,4.044e-16,1.079e+0,5.378e-23,,,,,1.478e-8,,,,,,,,,2.818e-18,,,,,,,,,,,,,,
828.17,1.117e+0,5.559e-18,6.883e-27,1.029e-40,,,,1.405e-18,7.850e-16,,2.713e-15,3.135e-18,1.719e-28,5.233e-17,1.368e-20,6.421e-13,1.477e-7,,,,8.672e-6,1.272e-25,8.512e-18,,1.475e-26,,,,5.011e-19,4.043e-16,1.117e+0,5.522e-23,,,,,1.789e-8,,,,,,,,,2.819e-18,,,,,,,,,,,,,,
828.2,1.175e+0,8.631e-18,6.857e-27,1.570e-40,,,,1.411e-18,5.262e-16,,2.713e-15,3.144e-18,1.718e-28,5.235e-17,1.369e-20,5.835e-13,1.142e-7,,,,6.880e-6,9.941e-26,8.510e-18,,1.474e-26,,,,3.305e-19,4.040e-16,1.175e+0,6.356e-23,,,,,2.377e-8,,,,,,,,,2.819e-18,,,,,,,,,,,,,,
828.22,1.214e+0,1.156e-17,6.840e-27,2.079e-40,,,,1.415e-18,4.025e-16,,2.714e-15,3.150e-18,1.718e-28,5.236e-17,1.369e-20,5.467e-13,9.601e-8,,,,5.888e-6,8.423e-26,8.509e-18,,1.474e-26,,,,2.500e-19,4.039e-16,1.214e+0,7.362e-23,,,,,2.869e-8,,,,,,,,,2.819e-18,,,,,,,,,,,,,,
828.24,1.252e+0,1.546e-17,6.823e-27,2.749e-40,,,,1.419e-18,3.075e-16,,2.714e-15,3.155e-18,1.718e-28,5.238e-17,1.369e-20,5.117e-13,8.066e-8,,,,5.033e-6,7.129e-26,8.507e-18,,1.474e-26,,,,1.890e-19,4.037e-16,1.252e+0,8.782e-23,,,,,3.459e-8,,,,,,,,,2.819e-18,,,,,,,,,,,,,,
828.27,1.310e+0,2.386e-17,6.798e-27,4.171e-40,,,,1.425e-18,2.050e-16,,2.715e-15,3.164e-18,1.718e-28,5.239e-17,1.370e-20,4.626e-13,6.197e-8,,,,3.971e-6,5.539e-26,8.505e-18,,1.473e-26,,,,1.239e-19,4.035e-16,1.310e+0,1.185e-22,,,,,4.570e-8,,,,,,,,,2.820e-18,,,,,,,,,,,,,,
828.29,1.347e+0,3.182e-17,6.781e-27,5.499e-40,,,,1.429e-18,1.562e-16,,2.715e-15,3.169e-18,1.717e-28,5.241e-17,1.370e-20,4.319e-13,5.192e-8,,,,3.386e-6,4.675e-26,8.504e-18,,1.473e-26,,,,9.337e-20,4.033e-16,1.347e+0,1.467e-22,,,,,5.495e-8,,,,,,,,,2.820e-18,,,,,,,,,,,,,,
828.32,1.403e+0,4.891e-17,6.755e-27,8.310e-40,,,,1.435e-18,1.036e-16,,2.716e-15,3.178e-18,1.717e-28,5.242e-17,1.370e-20,3.890e-13,3.972e-8,,,,2.660e-6,3.617e-26,8.502e-18,,1.472e-26,,,,6.096e-20,4.031e-16,1.403e+0,2.043e-22,,,,,7.228e-8,,,,,,,,,2.820e-18,,,,,,,,,,,,,,
828.34,1.440e+0,6.506e-17,6.738e-27,1.093e-39,,,,1.439e-18,7.873e-17,,2.716e-15,3.183e-18,1.717e-28,5.244e-17,1.370e-20,3.623e-13,3.319e-8,,,,2.262e-6,3.044e-26,8.500e-18,,1.472e-26,,,,4.581e-20,4.030e-16,1.440e+0,2.556e-22,,,,,8.667e-8,,,,,,,,,2.821e-18,,,,,,,,,,,,,,
828.37,1.493e+0,9.960e-17,6.713e-27,1.644e-39,,,,1.445e-18,5.203e-17,,2.717e-15,3.192e-18,1.716e-28,5.245e-17,1.371e-20,3.250e-13,2.529e-8,,,,1.770e-6,2.345e-26,8.498e-18,,1.471e-26,,,,2.978e-20,4.027e-16,1.493e+0,3.583e-22,,,,,1.135e-7,,,,,,,,,2.821e-18,,,,,,,,,,,,,,
828.39,1.527e+0,1.321e-16,6.696e-27,2.156e-39,,,,1.449e-18,3.941e-17,,2.717e-15,3.197e-18,1.716e-28,5.247e-17,1.371e-20,3.020e-13,2.107e-8,,,,1.501e-6,1.968e-26,8.497e-18,,1.471e-26,,,,2.232e-20,4.026e-16,1.527e+0,4.489e-22,,,,,1.358e-7,,,,,,,,,2.821e-18,,,,,,,,,,,,,,
828.42,1.577e+0,2.014e-16,6.671e-27,3.232e-39,,,,1.455e-18,2.594e-17,,2.718e-15,3.206e-18,1.716e-28,5.248e-17,1.371e-20,2.699e-13,1.599e-8,,,,1.170e-6,1.510e-26,8.495e-18,,1.470e-26,,,,1.409e-20,4.023e-16,1.577e+0,6.287e-22,,,,,1.771e-7,,,,,,,,,2.822e-18,,,,,,,,,,,,,,
828.44,1.609e+0,2.664e-16,6.654e-27,4.226e-39,,,,1.460e-18,1.959e-17,,2.718e-15,3.211e-18,1.715e-28,5.250e-17,1.371e-20,2.501e-13,1.328e-8,,,,9.896e-7,1.264e-26,8.493e-18,,1.470e-26,,,,1.053e-20,4.022e-16,1.609e+0,7.863e-22,,,,,2.112e-7,,,,,,,,,2.822e-18,,,,,,,,,,,,,,
828.47,1.655e+0,4.045e-16,6.628e-27,6.308e-39,,,,1.466e-18,1.284e-17,,2.719e-15,3.220e-18,1.715e-28,5.251e-17,1.372e-20,2.227e-13,1.004e-8,,,,7.682e-7,9.653e-27,8.491e-18,,1.470e-26,,,,6.792e-21,4.020e-16,1.655e+0,1.098e-21,,,,,2.744e-7,,,,,,,,,2.822e-18,,,,,,,,,,,,,,
828.49,1.684e+0,5.336e-16,6.611e-27,8.227e-39,,,,1.470e-18,9.672e-18,,2.719e-15,3.225e-18,1.715e-28,5.253e-17,1.372e-20,2.058e-13,8.315e-9,,,,6.480e-7,8.056e-27,8.490e-18,,1.975e-26,,,,5.063e-21,4.018e-16,1.684e+0,1.370e-21,,,,,3.263e-7,,,,,,,,,2.822e-18,,,,,,,,,,,,,,
828.52,1.724e+0,8.068e-16,6.586e-27,1.223e-38,,,,1.476e-18,6.311e-18,,2.720e-15,3.234e-18,1.714e-28,5.254e-17,1.372e-20,1.826e-13,6.257e-9,,,,5.009e-7,6.129e-27,8.488e-18,,3.070e-26,,,,3.251e-21,4.016e-16,1.724e+0,1.905e-21,,,,,4.222e-7,,,,,,,,,2.823e-18,,,,,,,,,,,,,,
828.54,1.749e+0,1.061e-15,6.569e-27,1.590e-38,,,,1.480e-18,4.741e-18,,2.720e-15,3.239e-18,1.714e-28,5.256e-17,1.373e-20,1.683e-13,5.169e-9,,,,4.214e-7,5.100e-27,8.486e-18,,4.114e-26,,,,2.417e-21,4.014e-16,1.749e+0,2.370e-21,,,,,5.006e-7,,,,,,,,,2.823e-18,,,,,,,,,,,,,,
828.57,1.784e+0,1.598e-15,6.543e-27,2.354e-38,,,,1.486e-18,3.080e-18,,2.721e-15,3.248e-18,1.714e-28,5.257e-17,1.373e-20,1.487e-13,3.874e-9,,,,3.244e-7,3.864e-27,8.484e-18,,6.369e-26,,,,1.218e-21,4.012e-16,1.784e+0,3.283e-21,,,,,6.450e-7,,,,,,,,,2.823e-18,,,,,,,,,,,,,,
828.59,1.805e+0,2.097e-15,6.526e-27,3.053e-38,,,,1.490e-18,2.307e-18,,2.721e-15,3.253e-18,1.714e-28,5.259e-17,1.373e-20,1.367e-13,3.192e-9,,,,2.722e-7,3.206e-27,8.483e-18,,8.511e-26,,,,9.037e-22,4.010e-16,1.805e+0,4.074e-21,,,,,7.628e-7,,,,,,,,,2.824e-18,,,,,,,,,,,,,,
828.61,1.824e+0,2.748e-15,6.509e-27,3.955e-38,,,,1.494e-18,1.727e-18,,2.722e-15,3.259e-18,1.713e-28,5.260e-17,1.373e-20,1.256e-13,2.627e-9,,,,2.281e-7,2.658e-27,8.481e-18,,1.136e-25,,,,6.697e-22,4.009e-16,1.824e+0,5.050e-21,,,,,9.010e-7,,,,,,,,,2.824e-18,,,,,,,,,,,,,,
828.64,1.850e+0,4.114e-15,6.484e-27,5.821e-38,,,,1.500e-18,1.115e-18,,2.722e-15,3.267e-18,1.713e-28,5.262e-17,1.374e-20,1.104e-13,1.957e-9,,,,1.746e-7,2.002e-27,8.479e-18,,1.749e-25,,,,6.827e-22,4.006e-16,1.850e+0,6.954e-21,,,,,1.154e-6,,,,,,,,,2.824e-18,,,,,,,,,,,,,,
828.66,1.864e+0,5.376e-15,6.467e-27,7.521e-38,,,,1.504e-18,8.321e-19,,2.723e-15,3.273e-18,1.713e-28,5.263e-17,1.374e-20,1.011e-13,1.606e-9,,,,1.459e-7,1.654e-27,8.478e-18,,2.328e-25,,,,6.914e-22,4.005e-16,1.864e+0,8.596e-21,,,,,1.360e-6,,,,,,,,,2.825e-18,,,,,,,,,,,,,,
828.69,1.882e+0,8.015e-15,6.441e-27,1.102e-37,,,,1.510e-18,5.351e-19,,2.723e-15,3.281e-18,1.712e-28,5.265e-17,1.374e-20,8.853e-14,1.192e-9,,,,1.113e-7,1.241e-27,8.476e-18,,3.569e-25,,,,7.044e-22,4.003e-16,1.882e+0,1.179e-20,,,,,1.734e-6,,,,,,,,,2.825e-18,,,,,,,,,,,,,,
828.71,1.892e+0,1.045e-14,6.424e-27,1.420e-37,,,,1.514e-18,3.982e-19,,2.724e-15,3.287e-18,1.712e-28,5.266e-17,1.374e-20,8.091e-14,9.753e-10,,,,9.273e-8,1.023e-27,8.474e-18,,4.738e-25,,,,7.131e-22,4.001e-16,1.892e+0,1.453e-20,,,,,2.037e-6,,,,,,,,,2.825e-18,,,,,,,,,,,,,,
828.74,1.902e+0,1.551e-14,6.399e-27,2.073e-37,,,,1.520e-18,2.550e-19,,2.724e-15,3.295e-18,1.712e-28,5.268e-17,1.375e-20,7.054e-14,7.206e-10,,,,7.041e-8,7.638e-28,8.472e-18,,7.232e-25,,,,7.262e-22,3.999e-16,1.902e+0,1.985e-20,,,,,2.589e-6,,,,,,,,,2.826e-18,,,,,,,,,,,,,,
828.76,1.906e+0,2.016e-14,6.382e-27,2.663e-37,,,,1.524e-18,1.892e-19,,2.725e-15,3.301e-18,1.711e-28,5.269e-17,1.375e-20,6.430e-14,5.881e-10,,,,5.852e-8,6.278e-28,8.471e-18,,9.575e-25,,,,7.349e-22,3.997e-16,1.906e+0,2.440e-20,,,,,3.032e-6,,,,,,,,,2.826e-18,,,,,,,,,,,,,,
828.79,1.909e+0,2.981e-14,6.356e-27,3.871e-37,,,,1.530e-18,1.891e-19,,2.725e-15,3.309e-18,1.711e-28,5.271e-17,1.375e-20,5.584e-14,4.328e-10,,,,4.425e-8,4.669e-28,8.469e-18,,1.456e-24,,,,7.479e-22,3.995e-16,1.909e+0,3.319e-20,,,,,3.837e-6,,,,,,,,,2.826e-18,,,,,,,,,,,,,,
828.81,1.907e+0,3.863e-14,6.339e-27,4.960e-37,,,,1.535e-18,1.890e-19,,2.726e-15,3.315e-18,1.711e-28,5.272e-17,1.376e-20,5.077e-14,3.522e-10,,,,3.668e-8,3.827e-28,8.467e-18,,1.922e-24,,,,7.566e-22,3.993e-16,1.907e+0,4.069e-20,,,,,4.482e-6,,,,,,,,,2.826e-18,,,,,,,,,,,,,,
828.84,1.902e+0,5.689e-14,6.314e-27,7.180e-37,,,,1.541e-18,1.888e-19,,2.726e-15,3.323e-18,1.710e-28,5.274e-17,1.376e-20,4.392e-14,2.581e-10,,,,2.762e-8,2.834e-28,8.465e-18,,2.910e-24,,,,7.696e-22,3.991e-16,1.902e+0,5.512e-20,,,,,5.647e-6,,,,,,,,,2.827e-18,,,,,,,,,,,,,,
828.86,1.896e+0,7.353e-14,6.297e-27,9.175e-37,,,,1.545e-18,1.887e-19,,2.727e-15,3.329e-18,1.710e-28,5.275e-17,1.376e-20,3.982e-14,2.095e-10,,,,2.283e-8,2.316e-28,8.464e-18,,3.831e-24,,,,7.783e-22,3.989e-16,1.896e+0,6.739e-20,,,,,6.579e-6,,,,,,,,,2.827e-18,,,,,,,,,,,,,,
828.89,1.882e+0,1.078e-13,6.272e-27,1.323e-36,,,,1.551e-18,1.886e-19,,2.727e-15,3.338e-18,1.710e-28,5.277e-17,1.376e-20,3.431e-14,1.528e-10,,,,1.712e-8,1.708e-28,8.462e-18,,5.777e-24,,,,7.914e-22,3.987e-16,1.882e+0,9.091e-20,,,,,8.255e-6,,,,,,,,,2.827e-18,,,,,,,,,,,,,,
828.91,1.871e+0,1.390e-13,6.255e-27,1.686e-36,,,,1.555e-18,1.885e-19,,2.728e-15,3.343e-18,1.710e-28,5.278e-17,1.377e-20,3.103e-14,1.237e-10,,,,1.412e-8,1.392e-28,8.460e-18,,7.585e-24,,,,8.001e-22,3.986e-16,1.871e+0,1.108e-19,,,,,9.590e-6,,,,,,,,,2.828e-18,,,,,,,,,,,,,,
828.94,1.850e+0,2.030e-13,6.229e-27,2.420e-36,,,,1.561e-18,1.884e-19,,2.728e-15,3.352e-18,1.709e-28,5.280e-17,1.377e-20,2.663e-14,8.990e-11,,,,1.054e-8,1.022e-28,8.458e-18,,1.139e-23,,,,8.131e-22,3.983e-16,1.850e+0,1.489e-19,,,,,1.198e-5,,,,,,,,,2.828e-18,,,,,,,,,,,,,,
828.96,1.833e+0,2.609e-13,6.212e-27,3.075e-36,,,,1.565e-18,1.883e-19,,2.729e-15,3.357e-18,1.709e-28,5.281e-17,1.377e-20,2.402e-14,7.256e-11,,,,8.666e-9,8.309e-29,8.457e-18,,1.491e-23,,,,8.218e-22,3.982e-16,1.833e+0,1.810e-19,,,,,1.388e-5,,,,,,,,,2.828e-18,,,,,,,,,,,,,,
828.99,1.805e+0,3.795e-13,6.187e-27,4.396e-36,,,,1.571e-18,1.881e-19,,2.729e-15,3.366e-18,1.709e-28,5.283e-17,1.377e-20,2.053e-14,5.251e-11,,,,6.446e-9,6.075e-29,8.455e-18,,2.230e-23,,,,8.348e-22,3.979e-16,1.805e+0,2.422e-19,,,,,1.728e-5,,,,,,,,,2.829e-18,,,,,,,,,,,,,,
829.01,1.784e+0,4.865e-13,6.170e-27,5.572e-36,,,,1.575e-18,1.881e-19,,2.730e-15,3.371e-18,1.708e-28,5.284e-17,1.378e-20,1.847e-14,4.226e-11,,,,5.284e-9,4.924e-29,8.453e-18,,2.912e-23,,,,8.435e-22,3.978e-16,1.784e+0,2.936e-19,,,,,1.996e-5,,,,,,,,,2.829e-18,,,,,,,,,,,,,,
829.03,1.761e+0,6.230e-13,6.153e-27,7.054e-36,,,,1.579e-18,1.880e-19,,2.730e-15,3.377e-18,1.708e-28,5.285e-17,1.378e-20,1.660e-14,3.398e-11,,,,4.327e-9,3.987e-29,8.452e-18,,3.799e-23,,,,8.522e-22,3.976e-16,1.761e+0,3.556e-19,,,,,2.304e-5,,,,,,,,,2.829e-18,,,,,,,,,,,,,,
829.06,1.724e+0,9.009e-13,6.127e-27,1.003e-35,,,,1.585e-18,1.878e-19,,2.731e-15,3.385e-18,1.708e-28,5.287e-17,1.378e-20,1.411e-14,2.444e-11,,,,3.200e-9,2.898e-29,8.450e-18,,5.648e-23,,,,8.653e-22,3.974e-16,1.724e+0,4.730e-19,,,,,2.850e-5,,,,,,,,,2.829e-18,,,,,,,,,,,,,,
829.08,1.698e+0,1.150e-12,6.110e-27,1.266e-35,,,,1.589e-18,1.877e-19,,2.731e-15,3.391e-18,1.707e-28,5.288e-17,1.378e-20,1.265e-14,1.960e-11,,,,2.613e-9,2.340e-29,8.448e-18,,7.347e-23,,,,8.740e-22,3.972e-16,1.698e+0,5.713e-19,,,,,3.280e-5,,,,,,,,,2.830e-18,,,,,,,,,,,,,,
829.11,1.655e+0,1.657e-12,6.085e-27,1.792e-35,,,,1.595e-18,1.876e-19,,2.732e-15,3.399e-18,1.707e-28,5.290e-17,1.379e-20,1.071e-14,1.404e-11,,,,1.924e-9,1.694e-29,8.446e-18,,1.088e-22,,,,8.870e-22,3.970e-16,1.655e+0,7.568e-19,,,,,4.041e-5,,,,,,,,,2.830e-18,,,,,,,,,,,,,,
829.13,1.625e+0,2.110e-12,6.068e-27,2.256e-35,,,,1.599e-18,1.875e-19,,2.732e-15,3.405e-18,1.707e-28,5.291e-17,1.379e-20,9.571e-15,1.123e-11,,,,1.567e-9,1.363e-29,8.445e-18,,1.411e-22,,,,8.957e-22,3.969e-16,1.625e+0,9.116e-19,,,,,4.638e-5,,,,,,,,,2.830e-18,,,,,,,,,,,,,,
829.16,1.577e+0,3.026e-12,6.042e-27,3.180e-35,,,,1.605e-18,1.874e-19,,2.733e-15,3.413e-18,1.706e-28,5.293e-17,1.379e-20,8.072e-15,8.010e-12,,,,1.149e-9,9.827e-30,8.443e-18,,2.081e-22,,,,9.087e-22,3.966e-16,1.577e+0,1.202e-18,,,,,5.691e-5,,,,,,,,,2.831e-18,,,,,,,,,,,,,,
829.18,1.544e+0,3.843e-12,6.025e-27,3.993e-35,,,,1.609e-18,1.873e-19,,2.733e-15,3.419e-18,1.706e-28,5.294e-17,1.380e-20,7.195e-15,6.386e-12,,,,9.332e-10,7.889e-30,8.441e-18,,2.692e-22,,,,9.174e-22,3.965e-16,1.544e+0,1.444e-18,,,,,6.513e-5,,,,,,,,,2.831e-18,,,,,,,,,,,,,,
829.21,1.493e+0,5.488e-12,6.000e-27,5.605e-35,,,,1.616e-18,1.871e-19,,2.734e-15,3.427e-18,1.706e-28,5.296e-17,1.380e-20,6.044e-15,4.537e-12,,,,6.816e-10,5.663e-30,8.439e-18,,3.953e-22,,,,9.305e-22,3.962e-16,1.493e+0,1.897e-18,,,,,7.959e-5,,,,,,,,,2.831e-18,,,,,,,,,,,,,,
829.23,1.458e+0,6.951e-12,5.983e-27,7.018e-35,,,,1.620e-18,1.871e-19,,2.734e-15,3.433e-18,1.706e-28,5.297e-17,1.380e-20,5.373e-15,3.608e-12,,,,5.520e-10,4.533e-30,8.438e-18,,5.100e-22,,,,9.391e-22,3.961e-16,1.458e+0,2.273e-18,,,,,9.084e-5,,,,,,,,,2.831e-18,,,,,,,,,,,,,,
829.26,1.403e+0,9.886e-12,5.957e-27,9.813e-35,,,,1.626e-18,1.869e-19,,2.735e-15,3.441e-18,1.705e-28,5.299e-17,1.380e-20,4.496e-15,2.553e-12,,,,4.014e-10,3.240e-30,8.436e-18,,7.459e-22,,,,9.522e-22,3.959e-16,1.403e+0,2.974e-18,,,,,1.105e-4,,,,,,,,,2.832e-18,,,,,,,,,,,,,,
829.28,1.366e+0,1.249e-11,5.941e-27,1.225e-34,,,,1.630e-18,1.868e-19,,2.735e-15,3.447e-18,1.705e-28,5.300e-17,1.381e-20,3.986e-15,2.024e-12,,,,3.242e-10,2.587e-30,8.434e-18,,9.597e-22,,,,9.609e-22,3.957e-16,1.366e+0,3.552e-18,,,,,1.258e-4,,,,,,,,,2.832e-18,,,,,,,,,,,,,,
829.31,1.310e+0,1.769e-11,5.915e-27,1.706e-34,,,,1.636e-18,1.867e-19,,2.736e-15,3.455e-18,1.705e-28,5.302e-17,1.381e-20,3.322e-15,1.426e-12,,,,2.348e-10,1.841e-30,8.432e-18,,1.398e-21,,,,9.739e-22,3.955e-16,1.310e+0,4.628e-18,,,,,1.525e-4,,,,,,,,,2.832e-18,,,,,,,,,,,,,,
829.33,1.272e+0,2.228e-11,5.898e-27,2.124e-34,,,,1.640e-18,1.866e-19,,2.736e-15,3.461e-18,1.704e-28,5.303e-17,1.381e-20,2.937e-15,1.128e-12,,,,1.891e-10,1.466e-30,8.431e-18,,1.793e-21,,,,9.826e-22,3.953e-16,1.272e+0,5.513e-18,,,,,1.730e-4,,,,,,,,,2.833e-18,,,,,,,,,,,,,,
829.36,1.214e+0,3.143e-11,5.873e-27,2.946e-34,,,,1.646e-18,1.865e-19,,2.737e-15,3.469e-18,1.704e-28,5.305e-17,1.382e-20,2.438e-15,7.911e-13,,,,1.364e-10,1.039e-30,8.429e-18,,2.601e-21,,,,9.956e-22,3.951e-16,1.214e+0,7.153e-18,,,,,2.088e-4,,,,,,,,,2.833e-18,,,,,,,,,,,,,,
829.38,1.176e+0,3.947e-11,5.856e-27,3.658e-34,,,,1.650e-18,1.864e-19,,2.737e-15,3.475e-18,1.704e-28,5.306e-17,1.382e-20,2.150e-15,6.238e-13,,,,1.095e-10,8.247e-31,8.427e-18,,3.328e-21,,,,1.004e-21,3.949e-16,1.176e+0,8.497e-18,,,,,2.364e-4,,,,,,,,,2.833e-18,,,,,,,,,,,,,,
829.4,1.137e+0,4.953e-11,5.839e-27,4.537e-34,,,,1.654e-18,1.863e-19,,2.738e-15,3.481e-18,1.703e-28,5.307e-17,1.382e-20,1.894e-15,4.913e-13,,,,8.787e-11,6.539e-31,8.426e-18,,4.254e-21,,,,1.013e-21,3.948e-16,1.137e+0,1.008e-17,,,,,2.673e-4,,,,,,,,,2.834e-18,,,,,,,,,,,,,,
829.43,1.079e+0,6.946e-11,5.813e-27,6.255e-34,,,,1.660e-18,1.861e-19,,2.738e-15,3.489e-18,1.703e-28,5.309e-17,1.382e-20,1.563e-15,3.427e-13,,,,6.300e-11,4.608e-31,8.424e-18,,6.134e-21,,,,1.026e-21,3.945e-16,1.079e+0,1.301e-17,,,,,3.207e-4,,,,,,,,,2.834e-18,,,,,,,,,,,,,,
829.45,1.041e+0,8.691e-11,5.796e-27,7.737e-34,,,,1.664e-18,1.860e-19,,2.739e-15,3.495e-18,1.703e-28,5.310e-17,1.383e-20,1.373e-15,2.692e-13,,,,5.040e-11,3.643e-31,8.422e-18,,7.819e-21,,,,1.035e-21,3.944e-16,1.041e+0,1.539e-17,,,,,3.616e-4,,,,,,,,,2.834e-18,,,,,,,,,,,,,,
829.48,9.841e-1,1.214e-10,5.771e-27,1.062e-33,,,,1.670e-18,1.859e-19,,2.739e-15,3.503e-18,1.703e-28,5.312e-17,1.383e-20,1.129e-15,1.870e-13,,,,3.599e-11,2.556e-31,8.420e-18,,1.123e-20,,,,1.048e-21,3.942e-16,9.837e-1,1.977e-17,,,,,4.320e-4,,,,,,,,,2.835e-18,,,,,,,,,,,,,,
829.5,9.466e-1,1.515e-10,5.754e-27,1.310e-33,,,,1.674e-18,1.858e-19,,2.740e-15,3.509e-18,1.702e-28,5.313e-17,1.383e-20,9.891e-16,1.465e-13,,,,2.871e-11,2.016e-31,8.419e-18,,1.427e-20,,,,1.056e-21,3.940e-16,9.461e-1,2.334e-17,,,,,4.858e-4,,,,,,,,,2.835e-18,,,,,,,,,,,,,,
829.53,8.911e-1,2.107e-10,5.728e-27,1.792e-33,,,,1.680e-18,1.857e-19,,2.740e-15,3.517e-18,1.702e-28,5.315e-17,1.383e-20,8.097e-16,1.013e-13,,,,2.041e-11,1.408e-31,8.417e-18,,2.041e-20,,,,1.070e-21,3.938e-16,8.906e-1,2.985e-17,,,,,5.780e-4,,,,,,,,,2.835e-18,,,,,,,,,,,,,,
829.55,8.548e-1,2.622e-10,5.711e-27,2.204e-33,,,,1.684e-18,1.856e-19,,2.741e-15,3.523e-18,1.702e-28,5.316e-17,1.384e-20,7.076e-16,7.914e-14,,,,1.624e-11,1.107e-31,8.415e-18,,2.588e-20,,,,1.078e-21,3.936e-16,8.542e-1,3.513e-17,,,,,6.482e-4,,,,,,,,,2.835e-18,,,,,,,,,,,,,,
829.58,8.015e-1,3.632e-10,5.686e-27,3.001e-33,,,,1.691e-18,1.854e-19,,2.741e-15,3.531e-18,1.701e-28,5.318e-17,1.384e-20,5.769e-16,5.452e-14,,,,1.150e-11,7.704e-32,8.413e-18,,3.685e-20,,,,1.091e-21,3.934e-16,8.007e-1,4.476e-17,,,,,7.680e-4,,,,,,,,,2.836e-18,,,,,,,,,,,,,,
829.6,7.667e-1,4.507e-10,5.669e-27,3.682e-33,,,,1.695e-18,1.854e-19,,2.742e-15,3.537e-18,1.701e-28,5.319e-17,1.384e-20,5.028e-16,4.246e-14,,,,9.123e-12,6.041e-32,8.412e-18,,4.659e-20,,,,1.100e-21,3.932e-16,7.658e-1,5.254e-17,,,,,8.588e-4,,,,,,,,,2.836e-18,,,,,,,,,,,,,,
829.63,7.159e-1,6.217e-10,5.643e-27,4.993e-33,,,,1.701e-18,1.852e-19,,2.742e-15,3.545e-18,1.701e-28,5.321e-17,1.385e-20,4.083e-16,2.913e-14,,,,6.433e-12,4.185e-32,8.410e-18,,6.608e-20,,,,1.113e-21,3.930e-16,7.149e-1,6.666e-17,,,,,1.013e-3,,,,,,,,,2.836e-18,,,,,,,,,,,,,,
829.65,6.831e-1,7.694e-10,5.626e-27,6.108e-33,,,,1.705e-18,1.851e-19,,2.743e-15,3.551e-18,1.700e-28,5.323e-17,1.385e-20,3.549e-16,2.263e-14,,,,5.089e-12,3.272e-32,8.408e-18,,8.331e-20,,,,1.122e-21,3.928e-16,6.819e-1,7.802e-17,,,,,1.130e-3,,,,,,,,,2.837e-18,,,,,,,,,,,,,,
829.68,6.353e-1,1.057e-9,5.601e-27,8.249e-33,,,,1.711e-18,1.850e-19,,2.744e-15,3.559e-18,1.700e-28,5.324e-17,1.385e-20,2.870e-16,1.546e-14,,,,3.573e-12,2.258e-32,8.406e-18,,1.177e-19,,,,1.135e-21,3.926e-16,6.340e-1,9.858e-17,,,,,1.328e-3,,,,,,,,,2.837e-18,,,,,,,,,,,,,,
829.7,6.046e-1,1.305e-9,5.584e-27,1.006e-32,,,,1.715e-18,1.849e-19,,2.744e-15,3.565e-18,1.700e-28,5.326e-17,1.385e-20,2.488e-16,1.197e-14,,,,2.819e-12,1.760e-32,8.405e-18,,1.480e-19,,,,1.143e-21,3.925e-16,6.031e-1,1.151e-16,,,,,1.477e-3,,,,,,,,,2.837e-18,,,,,,,,,,,,,,
829.73,5.601e-1,1.785e-9,5.559e-27,1.353e-32,,,,1.721e-18,1.848e-19,,2.745e-15,3.573e-18,1.699e-28,5.327e-17,1.386e-20,2.004e-16,8.145e-15,,,,1.971e-12,1.209e-32,8.403e-18,,2.081e-19,,,,1.156e-21,3.922e-16,5.584e-1,1.448e-16,,,,,1.728e-3,,,,,,,,,2.838e-18,,,,,,,,,,,,,,
829.75,5.317e-1,2.197e-9,5.542e-27,1.647e-32,,,,1.725e-18,1.847e-19,,2.745e-15,3.579e-18,1.699e-28,5.329e-17,1.386e-20,1.732e-16,6.292e-15,,,,1.551e-12,9.403e-33,8.401e-18,,2.610e-19,,,,1.165e-21,3.921e-16,5.297e-1,1.685e-16,,,,,1.917e-3,,,,,,,,,2.838e-18,,,,,,,,,,,,,,
829.77,5.041e-1,2.701e-9,5.525e-27,2.001e-32,,,,1.729e-18,1.846e-19,,2.745e-15,3.584e-18,1.699e-28,5.330e-17,1.386e-20,1.496e-16,4.855e-15,,,,1.219e-12,7.302e-33,8.400e-18,,3.268e-19,,,,1.174e-21,3.919e-16,5.020e-1,1.959e-16,,,,,2.123e-3,,,,,,,,,2.838e-18,,,,,,,,,,,,,,
829.8,4.647e-1,3.674e-9,5.499e-27,2.676e-32,,,,1.735e-18,1.844e-19,,2.746e-15,3.593e-18,1.699e-28,5.332e-17,1.386e-20,1.198e-16,3.283e-15,,,,8.471e-13,4.987e-33,8.398e-18,,4.571e-19,,,,1.187e-21,3.917e-16,4.622e-1,2.451e-16,,,,,2.471e-3,,,,,,,,,2.838e-18,,,,,,,,,,,,,,
829.82,4.396e-1,4.504e-9,5.482e-27,3.244e-32,,,,1.739e-18,1.844e-19,,2.746e-15,3.598e-18,1.698e-28,5.333e-17,1.387e-20,1.032e-16,2.526e-15,,,,6.638e-13,3.862e-33,8.397e-18,,5.709e-19,,,,1.196e-21,3.915e-16,4.368e-1,2.842e-16,,,,,2.729e-3,,,,,,,,,2.839e-18,,,,,,,,,,,,,,
829.85,4.038e-1,6.101e-9,5.457e-27,4.319e-32,,,,1.745e-18,1.842e-19,,2.747e-15,3.607e-18,1.698e-28,5.335e-17,1.387e-20,8.229e-17,1.701e-15,,,,4.595e-13,2.627e-33,8.394e-18,,7.952e-19,,,,1.209e-21,3.913e-16,4.006e-1,3.541e-16,,,,,3.163e-3,,,,,,,,,2.839e-18,,,,,,,,,,,,,,
829.87,3.811e-1,7.460e-9,5.440e-27,5.221e-32,,,,1.749e-18,1.841e-19,,2.747e-15,3.613e-18,1.698e-28,5.336e-17,1.387e-20,7.068e-17,1.306e-15,,,,3.591e-13,2.029e-33,8.393e-18,,9.904e-19,,,,1.217e-21,3.911e-16,3.777e-1,4.094e-16,,,,,3.484e-3,,,,,,,,,2.839e-18,,,,,,,,,,,,,,
829.9,3.490e-1,1.006e-8,5.414e-27,6.923e-32,,,,1.755e-18,1.840e-19,,2.748e-15,3.621e-18,1.697e-28,5.338e-17,1.388e-20,5.615e-17,8.756e-16,,,,2.475e-13,1.374e-33,8.391e-18,,1.374e-18,,,,1.230e-21,3.909e-16,3.450e-1,5.080e-16,,,,,4.020e-3,,,,,,,,,2.840e-18,,,,,,,,,,,,,,
829.92,3.288e-1,1.227e-8,5.397e-27,8.345e-32,,,,1.759e-18,1.839e-19,,2.748e-15,3.627e-18,1.697e-28,5.339e-17,1.388e-20,4.809e-17,6.700e-16,,,,1.929e-13,1.058e-33,8.390e-18,,1.707e-18,,,,1.239e-21,3.908e-16,3.244e-1,5.857e-16,,,,,4.417e-3,,,,,,,,,2.840e-18,,,,,,,,,,,,,,
829.95,3.004e-1,1.649e-8,5.372e-27,1.102e-31,,,,1.765e-18,1.838e-19,,2.749e-15,3.635e-18,1.697e-28,5.341e-17,1.388e-20,3.805e-17,4.475e-16,,,,1.324e-13,7.136e-34,8.387e-18,,2.357e-18,,,,1.252e-21,3.905e-16,2.953e-1,7.237e-16,,,,,5.075e-3,,,,,,,,,2.840e-18,,,,,,,,,,,,,,
829.97,2.826e-1,2.005e-8,5.355e-27,1.325e-31,,,,1.770e-18,1.837e-19,,2.749e-15,3.641e-18,1.696e-28,5.342e-17,1.388e-20,3.250e-17,3.415e-16,,,,1.029e-13,5.480e-34,8.386e-18,,2.920e-18,,,,1.261e-21,3.904e-16,2.770e-1,8.322e-16,,,,,5.560e-3,,,,,,,,,2.840e-18,,,,,,,,,,,,,,
830,2.577e-1,2.682e-8,5.329e-27,1.742e-31,,,,1.776e-18,1.835e-19,,2.750e-15,3.649e-18,1.696e-28,5.344e-17,1.389e-20,2.561e-17,2.271e-16,,,,7.034e-14,3.680e-34,8.384e-18,,4.017e-18,,,,1.274e-21,3.901e-16,2.513e-1,1.024e-15,,,,,6.363e-3,,,,,,,,,2.841e-18,,,,,,,,,,,,,,
830.02,2.422e-1,3.252e-8,5.312e-27,2.089e-31,,,,1.780e-18,1.834e-19,,2.750e-15,3.655e-18,1.696e-28,5.345e-17,1.389e-20,2.182e-17,1.728e-16,,,,5.451e-14,2.818e-34,8.383e-18,,4.963e-18,,,,1.283e-21,3.900e-16,2.352e-1,1.174e-15,,,,,6.952e-3,,,,,,,,,2.841e-18,,,,,,,,,,,,,,
830.05,2.206e-1,4.334e-8,5.287e-27,2.735e-31,,,,1.786e-18,1.833e-19,,2.751e-15,3.663e-18,1.695e-28,5.347e-17,1.389e-20,1.712e-17,1.145e-16,,,,3.710e-14,1.885e-34,8.380e-18,,6.799e-18,,,,1.296e-21,3.897e-16,2.127e-1,1.439e-15,,,,,7.923e-3,,,,,,,,,2.841e-18,,,,,,,,,,,,,,
830.07,2.074e-1,5.240e-8,5.270e-27,3.270e-31,,,,1.790e-18,1.832e-19,,2.751e-15,4.917e-18,1.695e-28,5.348e-17,1.389e-20,1.454e-17,8.685e-17,,,,2.867e-14,1.439e-34,8.379e-18,,8.376e-18,,,,1.304e-21,3.896e-16,1.987e-1,1.646e-15,,,,,8.632e-3,,,,,,,,,2.842e-18,,,,,,,,,,,,,,
830.1,1.891e-1,6.954e-8,5.244e-27,4.265e-31,,,,1.796e-18,1.831e-19,,2.752e-15,7.630e-18,1.695e-28,5.350e-17,1.390e-20,1.137e-17,5.729e-17,,,,1.944e-14,9.584e-35,8.377e-18,,1.143e-17,,,,1.317e-21,3.894e-16,1.793e-1,2.008e-15,,,,,9.796e-3,,,,,,,,,2.842e-18,,,,,,,,,,,,,,
830.12,1.779e-1,8.386e-8,5.227e-27,5.085e-31,,,,1.800e-18,1.830e-19,,2.752e-15,1.021e-17,1.695e-28,5.351e-17,1.390e-20,9.630e-18,4.335e-17,,,,1.498e-14,7.298e-35,8.376e-18,,1.404e-17,,,,1.326e-21,3.892e-16,1.672e-1,2.290e-15,,,,,1.064e-2,,,,,,,,,2.842e-18,,,,,,,,,,,,,,
830.14,1.675e-1,1.010e-7,5.210e-27,6.056e-31,,,,1.804e-18,1.829e-19,,2.753e-15,1.366e-17,1.694e-28,5.352e-17,1.390e-20,8.151e-18,3.276e-17,,,,1.153e-14,5.551e-35,8.374e-18,,1.723e-17,,,,1.335e-21,3.891e-16,1.559e-1,2.609e-15,,,,,1.155e-2,,,,,,,,,2.843e-18,,,,,,,,,,,,,,
830.17,1.534e-1,1.333e-7,5.185e-27,7.853e-31,,,,1.810e-18,1.828e-19,,2.753e-15,2.107e-17,1.694e-28,5.354e-17,1.390e-20,6.333e-18,2.148e-17,,,,7.769e-15,3.675e-35,8.372e-18,,2.337e-17,,,,1.348e-21,3.888e-16,1.403e-1,3.165e-15,,,,,1.303e-2,,,,,,,,,2.843e-18,,,,,,,,,,,,,,
830.19,1.449e-1,1.601e-7,5.168e-27,9.326e-31,,,,1.814e-18,1.827e-19,,2.754e-15,2.810e-17,1.694e-28,5.355e-17,1.391e-20,5.346e-18,1.619e-17,,,,5.963e-15,2.788e-35,8.371e-18,,2.860e-17,,,,1.356e-21,3.887e-16,1.308e-1,3.596e-15,,,,,1.411e-2,,,,,,,,,2.843e-18,,,,,,,,,,,,,,
830.22,1.335e-1,2.104e-7,5.143e-27,1.204e-30,,,,1.820e-18,1.825e-19,,2.754e-15,4.318e-17,1.693e-28,5.357e-17,1.391e-20,4.137e-18,1.057e-17,,,,4.001e-15,1.838e-35,8.369e-18,,3.864e-17,,,,1.369e-21,3.884e-16,1.177e-1,4.345e-15,,,,,1.585e-2,,,,,,,,,2.844e-18,,,,,,,,,,,,,,
830.24,1.268e-1,2.520e-7,5.126e-27,1.426e-30,,,,1.824e-18,1.824e-19,,2.755e-15,5.743e-17,1.693e-28,5.358e-17,1.391e-20,3.482e-18,7.948e-18,,,,3.057e-15,1.390e-35,8.367e-18,,4.716e-17,,,,1.378e-21,3.883e-16,1.097e-1,4.922e-15,,,,,1.711e-2,,,,,,,,,2.844e-18,,,,,,,,,,,,,,
830.27,1.180e-1,3.297e-7,5.100e-27,1.835e-30,,,,1.830e-18,1.823e-19,,2.756e-15,8.789e-17,1.693e-28,5.360e-17,1.392e-20,2.684e-18,5.168e-18,,,,2.043e-15,9.125e-36,8.365e-18,,6.345e-17,,,,1.391e-21,3.880e-16,9.883e-2,5.923e-15,,,,,1.915e-2,,,,,,,,,2.844e-18,,,,,,,,,,,,,,
830.29,1.129e-1,3.939e-7,5.083e-27,2.167e-30,,,,1.834e-18,1.822e-19,,2.756e-15,1.166e-16,1.692e-28,5.361e-17,1.392e-20,2.253e-18,3.874e-18,,,,1.559e-15,6.883e-36,8.364e-18,,7.722e-17,,,,1.400e-21,3.879e-16,9.228e-2,6.692e-15,,,,,2.061e-2,,,,,,,,,2.844e-18,,,,,,,,,,,,,,
830.32,1.064e-1,5.133e-7,5.058e-27,2.776e-30,,,,1.840e-18,1.821e-19,,2.757e-15,1.776e-16,1.692e-28,5.363e-17,1.392e-20,1.729e-18,2.509e-18,,,,1.038e-15,4.499e-36,8.361e-18,,1.035e-16,,,,1.413e-21,3.877e-16,8.343e-2,8.019e-15,,,,,2.297e-2,,,,,,,,,2.845e-18,,,,,,,,,,,,,,
830.34,1.028e-1,6.116e-7,5.041e-27,3.269e-30,,,,1.845e-18,1.820e-19,,2.757e-15,2.349e-16,1.692e-28,5.364e-17,1.392e-20,1.448e-18,1.875e-18,,,,7.899e-16,3.384e-36,8.360e-18,,1.256e-16,,,,1.422e-21,3.875e-16,7.815e-2,9.034e-15,,,,,2.465e-2,,,,,,,,,2.845e-18,,,,,,,,,,,,,,
830.37,9.846e-2,7.937e-7,5.015e-27,4.170e-30,,,,1.851e-18,1.818e-19,,2.758e-15,3.566e-16,1.691e-28,5.366e-17,1.393e-20,1.107e-18,1.048e-18,,,,5.235e-16,2.203e-36,8.358e-18,,1.676e-16,,,,1.435e-21,3.873e-16,7.110e-2,1.078e-14,,,,,2.736e-2,,,,,,,,,2.845e-18,,,,,,,,,,,,,,
830.39,9.624e-2,9.429e-7,4.998e-27,4.898e-30,,,,1.855e-18,1.817e-19,,2.758e-15,4.703e-16,1.691e-28,5.367e-17,1.393e-20,9.238e-19,7.823e-19,,,,3.974e-16,1.652e-36,8.357e-18,,2.028e-16,,,,1.443e-21,3.871e-16,6.696e-2,1.211e-14,,,,,2.928e-2,,,,,,,,,2.846e-18,,,,,,,,,,,,,,
830.42,9.387e-2,1.219e-6,4.973e-27,6.222e-30,,,,1.861e-18,1.816e-19,,2.759e-15,7.110e-16,1.691e-28,5.369e-17,1.393e-20,7.033e-19,5.032e-19,,,,2.622e-16,1.071e-36,8.354e-18,,2.695e-16,,,,1.456e-21,3.869e-16,6.151e-2,1.440e-14,,,,,3.236e-2,,,,,,,,,2.846e-18,,,,,,,,,,,,,,
830.44,9.290e-2,1.444e-6,4.956e-27,7.288e-30,,,,1.865e-18,1.815e-19,,2.759e-15,9.351e-16,1.691e-28,5.370e-17,1.393e-20,5.856e-19,3.744e-19,,,,1.985e-16,8.010e-37,8.353e-18,,3.254e-16,,,,1.465e-21,3.867e-16,5.836e-2,1.613e-14,,,,,3.455e-2,,,,,,,,,2.846e-18,,,,,,,,,,,,,,
830.47,9.233e-2,1.858e-6,4.930e-27,9.220e-30,,,,1.871e-18,1.814e-19,,2.760e-15,1.408e-15,1.690e-28,5.372e-17,1.394e-20,4.440e-19,2.398e-19,,,,1.304e-16,5.171e-37,8.351e-18,,4.306e-16,,,,1.478e-21,3.865e-16,5.431e-2,1.909e-14,,,,,3.802e-2,,,,,,,,,2.847e-18,,,,,,,,,,,,,,
830.49,9.251e-2,2.196e-6,4.913e-27,1.077e-29,,,,1.875e-18,1.813e-19,,2.760e-15,1.847e-15,1.690e-28,5.373e-17,1.394e-20,3.687e-19,1.780e-19,,,,9.845e-17,3.856e-37,8.350e-18,,5.183e-16,,,,1.487e-21,3.863e-16,5.204e-2,2.133e-14,,,,,4.047e-2,,,,,,,,,2.847e-18,,,,,,,,,,,,,,
830.51,9.312e-2,2.592e-6,4.896e-27,1.257e-29,,,,1.879e-18,1.812e-19,,2.760e-15,2.420e-15,1.690e-28,5.374e-17,1.394e-20,3.058e-19,1.782e-19,,,,7.423e-17,2.873e-37,8.348e-18,,6.232e-16,,,,1.495e-21,3.862e-16,5.008e-2,2.381e-14,,,,,4.304e-2,,,,,,,,,2.847e-18,,,,,,,,,,,,,,
830.54,9.481e-2,3.316e-6,4.871e-27,1.581e-29,,,,1.885e-18,1.811e-19,,2.761e-15,3.624e-15,1.689e-28,5.376e-17,1.395e-20,2.306e-19,1.785e-19,,,,4.849e-17,1.844e-37,8.346e-18,,8.200e-16,,,,1.509e-21,3.860e-16,4.771e-2,2.801e-14,,,,,4.709e-2,,,,,,,,,2.847e-18,,,,,,,,,,,,,,
830.56,9.642e-2,3.904e-6,4.854e-27,1.839e-29,,,,1.889e-18,1.810e-19,,2.761e-15,4.735e-15,1.689e-28,5.377e-17,1.395e-20,1.908e-19,1.787e-19,,,,3.646e-17,1.370e-37,8.345e-18,,9.833e-16,,,,1.517e-21,3.858e-16,4.648e-2,3.118e-14,,,,,4.994e-2,,,,,,,,,2.848e-18,,,,,,,,,,,,,,
830.59,9.955e-2,4.975e-6,4.828e-27,2.304e-29,,,,1.895e-18,1.808e-19,,2.762e-15,7.059e-15,1.689e-28,5.379e-17,1.395e-20,1.434e-19,1.790e-19,,,,2.372e-17,8.752e-38,8.343e-18,,1.288e-15,,,,1.530e-21,3.856e-16,4.513e-2,3.654e-14,,,,,5.441e-2,,,,,,,,,2.848e-18,,,,,,,,,,,,,,
830.61,1.021e-1,5.839e-6,4.812e-27,2.674e-29,,,,1.899e-18,1.807e-19,,2.762e-15,9.198e-15,1.688e-28,5.380e-17,1.395e-20,1.184e-19,1.792e-19,,,,1.778e-17,8.743e-38,8.341e-18,,1.541e-15,,,,1.539e-21,3.854e-16,4.453e-2,4.056e-14,,,,,5.754e-2,,,,,,,,,2.848e-18,,,,,,,,,,,,,,
830.64,1.065e-1,7.411e-6,4.786e-27,3.335e-29,,,,1.905e-18,1.806e-19,,2.763e-15,1.366e-14,1.688e-28,5.382e-17,1.396e-20,8.873e-20,1.795e-19,,,,1.152e-17,8.730e-38,8.339e-18,,2.011e-15,,,,1.552e-21,3.852e-16,4.406e-2,4.733e-14,,,,,6.244e-2,,,,,,,,,2.849e-18,,,,,,,,,,,,,,
830.66,1.099e-1,8.675e-6,4.769e-27,3.860e-29,,,,1.909e-18,1.805e-19,,2.763e-15,1.775e-14,1.688e-28,5.383e-17,1.396e-20,7.318e-20,1.797e-19,,,,8.612e-18,8.722e-38,8.338e-18,,2.398e-15,,,,1.561e-21,3.850e-16,4.401e-2,5.239e-14,,,,,6.585e-2,,,,,,,,,2.849e-18,,,,,,,,,,,,,,
830.69,1.155e-1,1.096e-5,4.744e-27,4.795e-29,,,,1.915e-18,1.804e-19,,2.764e-15,2.624e-14,1.687e-28,5.385e-17,1.396e-20,5.484e-20,1.800e-19,,,,5.556e-18,8.709e-38,8.336e-18,,3.116e-15,,,,1.574e-21,3.848e-16,4.430e-2,6.089e-14,,,,,7.116e-2,,,,,,,,,2.849e-18,,,,,,,,,,,,,,
830.71,1.196e-1,1.280e-5,4.727e-27,5.534e-29,,,,1.919e-18,1.803e-19,,2.764e-15,3.400e-14,1.687e-28,5.386e-17,1.396e-20,4.530e-20,1.802e-19,,,,4.142e-18,8.700e-38,8.334e-18,,3.706e-15,,,,1.582e-21,3.847e-16,4.472e-2,6.721e-14,,,,,7.483e-2,,,,,,,,,2.849e-18,,,,,,,,,,,,,,
830.74,1.262e-1,1.611e-5,4.701e-27,6.846e-29,,,,1.926e-18,1.801e-19,,2.765e-15,5.007e-14,1.687e-28,5.388e-17,1.397e-20,3.416e-20,1.805e-19,,,,2.661e-18,8.687e-38,8.332e-18,,4.796e-15,,,,1.595e-21,3.844e-16,4.566e-2,7.779e-14,,,,,8.054e-2,,,,,,,,,2.850e-18,,,,,,,,,,,,,,
830.76,1.310e-1,1.875e-5,4.684e-27,7.879e-29,,,,1.930e-18,1.801e-19,,2.765e-15,6.471e-14,1.687e-28,5.389e-17,1.397e-20,2.845e-20,1.807e-19,,,,1.978e-18,8.678e-38,8.331e-18,,5.688e-15,,,,1.604e-21,3.843e-16,4.649e-2,8.563e-14,,,,,8.446e-2,,,,,,,,,2.850e-18,,,,,,,,,,,,,,
830.79,1.385e-1,2.351e-5,4.659e-27,9.708e-29,,,,1.936e-18,1.799e-19,,2.766e-15,9.489e-14,1.686e-28,5.391e-17,1.397e-20,2.193e-20,1.810e-19,,,,1.265e-18,8.665e-38,8.329e-18,,7.332e-15,,,,1.617e-21,3.840e-16,4.800e-2,9.870e-14,,,,,9.052e-2,,,,,,,,,2.850e-18,,,,,,,,,,,,,,
830.81,1.439e-1,2.729e-5,4.642e-27,1.114e-28,,,,1.940e-18,1.798e-19,,2.767e-15,1.223e-13,1.686e-28,5.392e-17,1.398e-20,1.870e-20,1.812e-19,,,,2.420e-18,8.657e-38,8.327e-18,,8.672e-15,,,,1.626e-21,3.839e-16,4.917e-2,1.084e-13,,,,,9.467e-2,,,,,,,,,2.851e-18,,,,,,,,,,,,,,
830.84,1.522e-1,3.407e-5,4.616e-27,1.367e-28,,,,1.946e-18,1.797e-19,,2.767e-15,1.786e-13,1.686e-28,5.394e-17,1.398e-20,1.521e-20,1.815e-19,,,,4.151e-18,8.644e-38,8.325e-18,,1.113e-14,,,,1.639e-21,3.836e-16,5.116e-2,1.244e-13,,,,,1.010e-1,,,,,,,,,2.851e-18,,,,,,,,,,,,,,
830.86,1.581e-1,3.944e-5,4.599e-27,1.565e-28,,,,1.950e-18,1.796e-19,,2.768e-15,2.296e-13,1.685e-28,5.395e-17,1.398e-20,1.366e-20,1.817e-19,,,,5.305e-18,8.635e-38,8.324e-18,,1.313e-14,,,,1.648e-21,3.835e-16,5.263e-2,1.362e-13,,,,,1.054e-1,,,,,,,,,2.851e-18,,,,,,,,,,,,,,
830.89,1.671e-1,4.903e-5,4.574e-27,1.912e-28,,,,1.956e-18,1.795e-19,,2.768e-15,3.339e-13,1.685e-28,5.397e-17,1.398e-20,1.231e-20,1.820e-19,,,,7.037e-18,8.622e-38,8.322e-18,,1.678e-14,,,,1.661e-21,3.833e-16,5.503e-2,1.556e-13,,,,,1.120e-1,,,,,,,,,2.852e-18,,,,,,,,,,,,,,
830.91,1.733e-1,5.661e-5,4.557e-27,2.183e-28,,,,1.960e-18,1.794e-19,,2.769e-15,4.281e-13,1.685e-28,5.398e-17,1.399e-20,1.201e-20,1.822e-19,,,,8.191e-18,8.614e-38,8.320e-18,,1.974e-14,,,,1.669e-21,3.831e-16,5.675e-2,1.699e-13,,,,,1.165e-1,,,,,,,,,2.852e-18,,,,,,,,,,,,,,
830.93,1.796e-1,6.529e-5,4.540e-27,2.489e-28,,,,1.964e-18,1.793e-19,,2.769e-15,5.481e-13,1.685e-28,5.400e-17,1.399e-20,1.215e-20,1.824e-19,,,,9.345e-18,8.605e-38,8.319e-18,,2.319e-14,,,,1.678e-21,3.830e-16,5.855e-2,1.853e-13,,,,,1.210e-1,,,,,,,,,2.852e-18,,,,,,,,,,,,,,
830.96,1.894e-1,8.070e-5,4.514e-27,3.023e-28,,,,1.970e-18,1.791e-19,,2.770e-15,7.926e-13,1.684e-28,5.401e-17,1.399e-20,1.318e-20,1.827e-19,,,,1.108e-17,8.592e-38,8.317e-18,,2.948e-14,,,,1.691e-21,3.827e-16,6.140e-2,2.106e-13,,,,,1.279e-1,,,,,,,,,2.853e-18,,,,,,,,,,,,,,
830.98,1.960e-1,9.282e-5,4.497e-27,3.438e-28,,,,1.974e-18,1.790e-19,,2.770e-15,1.012e-12,1.684e-28,5.403e-17,1.399e-20,1.443e-20,1.829e-19,,,,1.223e-17,8.583e-38,8.315e-18,,3.454e-14,,,,1.700e-21,3.826e-16,6.339e-2,2.290e-13,,,,,1.325e-1,,,,,,,,,2.853e-18,,,,,,,,,,,,,,
831.01,2.061e-1,1.142e-4,4.472e-27,4.160e-28,,,,1.980e-18,1.789e-19,,2.771e-15,1.458e-12,1.684e-28,5.404e-17,1.400e-20,1.721e-20,1.832e-19,,,,1.396e-17,8.570e-38,8.313e-18,,4.372e-14,,,,1.713e-21,3.823e-16,6.649e-2,2.592e-13,,,,,1.394e-1,,,,,,,,,2.853e-18,,,,,,,,,,,,,,
831.03,2.128e-1,1.310e-4,4.455e-27,4.717e-28,,,,1.984e-18,1.788e-19,,2.771e-15,1.856e-12,1.683e-28,5.406e-17,1.400e-20,1.974e-20,1.834e-19,,,,1.512e-17,8.562e-38,1.117e-17,,5.109e-14,,,,1.721e-21,3.822e-16,6.864e-2,2.811e-13,,,,,1.441e-1,,,,,,,,,2.853e-18,,,,,,,,,,,,,,
831.06,2.231e-1,1.606e-4,4.430e-27,5.683e-28,,,,1.990e-18,1.787e-19,,2.772e-15,2.662e-12,1.683e-28,5.407e-17,1.400e-20,2.468e-20,1.837e-19,,,,1.685e-17,8.549e-38,1.736e-17,,6.439e-14,,,,1.735e-21,3.819e-16,7.194e-2,3.168e-13,,,,,1.510e-1,,,,,,,,,2.854e-18,,,,,,,,,,,,,,
831.08,2.299e-1,1.837e-4,4.413e-27,6.427e-28,,,,1.994e-18,1.786e-19,,2.772e-15,3.381e-12,1.683e-28,5.409e-17,1.400e-20,2.887e-20,1.839e-19,,,,1.800e-17,8.540e-38,2.326e-17,,7.504e-14,,,,1.743e-21,3.818e-16,7.419e-2,3.427e-13,,,,,1.556e-1,,,,,,,,,2.854e-18,,,,,,,,,,,,,,
831.11,2.402e-1,2.243e-4,4.387e-27,7.712e-28,,,,2.001e-18,1.784e-19,,2.773e-15,4.830e-12,1.682e-28,5.410e-17,1.401e-20,3.676e-20,1.842e-19,,,,1.973e-17,8.527e-38,3.600e-17,,9.420e-14,,,,1.756e-21,3.816e-16,7.765e-2,3.846e-13,,,,,1.624e-1,,,,,,,,,2.854e-18,,,,,,,,,,,,,,
831.13,2.471e-1,2.558e-4,4.370e-27,8.697e-28,,,,2.005e-18,1.784e-19,,2.773e-15,6.117e-12,1.682e-28,5.412e-17,1.401e-20,4.328e-20,1.844e-19,,,,2.089e-17,8.518e-38,4.810e-17,,1.095e-13,,,,1.765e-21,3.814e-16,7.998e-2,4.149e-13,,,,,1.668e-1,,,,,,,,,2.855e-18,,,,,,,,,,,,,,
831.16,2.572e-1,3.110e-4,4.345e-27,1.039e-27,,,,2.011e-18,1.782e-19,,2.774e-15,8.701e-12,1.682e-28,5.413e-17,1.401e-20,5.538e-20,1.847e-19,,,,2.262e-17,8.505e-38,7.414e-17,,1.368e-13,,,,1.778e-21,3.812e-16,8.353e-2,4.637e-13,,,,,1.734e-1,,,,,,,,,2.855e-18,,,,,,,,,,,,,,
831.18,2.639e-1,3.538e-4,4.328e-27,1.169e-27,,,,2.015e-18,1.781e-19,,2.774e-15,1.099e-11,1.681e-28,5.415e-17,1.402e-20,6.527e-20,1.849e-19,,,,2.377e-17,8.497e-38,9.880e-17,,1.586e-13,,,,1.787e-21,3.810e-16,8.592e-2,4.988e-13,,,,,1.777e-1,,,,,,,,,2.855e-18,,,,,,,,,,,,,,
831.21,2.738e-1,4.284e-4,4.302e-27,1.391e-27,,,,2.021e-18,1.780e-19,,2.775e-15,1.557e-11,1.681e-28,5.417e-17,1.402e-20,8.345e-20,1.852e-19,,,,2.550e-17,8.484e-38,1.517e-16,,1.974e-13,,,,1.800e-21,3.808e-16,8.953e-2,5.553e-13,,,,,1.839e-1,,,,,,,,,2.856e-18,,,,,,,,,,,,,,
831.23,2.803e-1,4.860e-4,4.285e-27,1.560e-27,,,,2.025e-18,1.779e-19,,2.775e-15,1.961e-11,1.681e-28,5.418e-17,1.402e-20,9.822e-20,1.854e-19,,,,2.666e-17,8.475e-38,2.016e-16,,2.282e-13,,,,1.808e-21,3.806e-16,9.195e-2,5.956e-13,,,,,1.879e-1,,,,,,,,,2.856e-18,,,,,,,,,,,,,,
831.26,2.898e-1,5.860e-4,4.260e-27,1.849e-27,,,,2.031e-18,1.778e-19,,2.776e-15,2.767e-11,1.680e-28,5.420e-17,1.402e-20,1.252e-19,1.857e-19,,,,2.839e-17,8.462e-38,3.082e-16,,2.829e-13,,,,1.821e-21,3.804e-16,9.557e-2,6.603e-13,,,,,1.937e-1,,,,,,,,,2.856e-18,,,,,,,,,,,,,,
831.28,2.960e-1,6.629e-4,4.243e-27,2.068e-27,,,,2.035e-18,1.777e-19,,2.776e-15,3.476e-11,1.680e-28,5.421e-17,1.403e-20,1.471e-19,1.859e-19,,,,2.954e-17,8.454e-38,4.084e-16,,3.261e-13,,,,1.830e-21,3.802e-16,9.799e-2,7.063e-13,,,,,1.973e-1,,,,,,,,,2.856e-18,,,,,,,,,,,,,,
831.3,3.020e-1,7.491e-4,4.226e-27,2.311e-27,,,,2.039e-18,1.776e-19,,2.776e-15,4.361e-11,1.680e-28,5.422e-17,1.403e-20,1.726e-19,1.861e-19,,,,3.070e-17,8.445e-38,5.407e-16,,3.754e-13,,,,1.839e-21,3.801e-16,1.004e-1,7.546e-13,,,,,2.009e-1,,,,,,,,,2.857e-18,,,,,,,,,,,,,,
831.33,3.107e-1,8.980e-4,4.200e-27,2.723e-27,,,,2.045e-18,1.774e-19,,2.777e-15,6.118e-11,1.680e-28,5.424e-17,1.403e-20,2.189e-19,1.864e-19,,,,3.243e-17,8.432e-38,8.218e-16,,4.628e-13,,,,1.852e-21,3.799e-16,1.040e-1,8.317e-13,,,,,2.058e-1,,,,,,,,,2.857e-18,,,,,,,,,,,,,,
831.35,3.163e-1,1.012e-3,4.183e-27,3.034e-27,,,,2.049e-18,1.774e-19,,2.777e-15,7.656e-11,1.679e-28,5.425e-17,1.403e-20,2.561e-19,1.866e-19,,,,3.358e-17,8.423e-38,1.085e-15,,5.313e-13,,,,1.861e-21,3.797e-16,1.064e-1,8.863e-13,,,,,2.089e-1,,,,,,,,,2.857e-18,,,,,,,,,,,,,,
831.38,3.243e-1,1.208e-3,4.158e-27,3.561e-27,,,,2.055e-18,1.772e-19,,2.778e-15,1.069e-10,1.679e-28,5.427e-17,1.404e-20,3.235e-19,1.869e-19,,,,3.532e-17,8.410e-38,1.643e-15,,6.523e-13,,,,1.874e-21,3.795e-16,1.099e-1,9.728e-13,,,,,2.132e-1,,,,,,,,,2.858e-18,,,,,,,,,,,,,,
831.4,3.294e-1,1.358e-3,4.141e-27,3.957e-27,,,,2.059e-18,1.771e-19,,2.779e-15,1.335e-10,1.679e-28,5.428e-17,1.404e-20,3.776e-19,1.871e-19,,,,3.647e-17,8.402e-38,2.163e-15,,7.468e-13,,,,1.882e-21,3.793e-16,1.122e-1,1.034e-12,,,,,2.158e-1,,,,,,,,,2.858e-18,,,,,,,,,,,,,,
831.43,3.366e-1,1.614e-3,4.115e-27,4.625e-27,,,,2.065e-18,1.770e-19,,2.779e-15,1.857e-10,1.678e-28,5.430e-17,1.404e-20,4.750e-19,1.874e-19,,,,3.820e-17,8.389e-38,3.261e-15,,9.131e-13,,,,1.895e-21,3.791e-16,1.157e-1,1.130e-12,,,,,2.194e-1,,,,,,,,,2.858e-18,,,,,,,,,,,,,,
831.45,3.412e-1,1.809e-3,4.098e-27,5.125e-27,,,,2.069e-18,1.769e-19,,2.780e-15,2.311e-10,1.678e-28,5.431e-17,1.405e-20,5.529e-19,1.876e-19,,,,3.936e-17,8.380e-38,4.281e-15,,1.043e-12,,,,1.904e-21,3.789e-16,1.179e-1,1.197e-12,,,,,2.214e-1,,,,,,,,,2.858e-18,,,,,,,,,,,,,,
831.48,3.475e-1,2.142e-3,4.073e-27,5.965e-27,,,,2.076e-18,1.768e-19,,2.780e-15,3.202e-10,1.678e-28,5.433e-17,1.405e-20,6.928e-19,1.879e-19,,,,4.109e-17,8.367e-38,6.428e-15,,1.269e-12,,,,1.917e-21,3.787e-16,1.212e-1,1.303e-12,,,,,2.241e-1,,,,,,,,,2.859e-18,,,,,,,,,,,,,,
831.5,3.514e-1,2.394e-3,4.056e-27,6.592e-27,,,,2.080e-18,1.767e-19,,2.781e-15,3.974e-10,1.677e-28,5.434e-17,1.405e-20,8.041e-19,1.881e-19,,,,4.224e-17,8.358e-38,8.418e-15,,1.445e-12,,,,1.926e-21,3.785e-16,1.234e-1,1.377e-12,,,,,2.256e-1,,,,,,,,,2.859e-18,,,,,,,,,,,,,,
831.53,3.568e-1,2.823e-3,4.031e-27,7.642e-27,,,,2.086e-18,1.765e-19,,2.781e-15,5.484e-10,1.677e-28,5.436e-17,1.405e-20,1.003e-18,1.884e-19,,,,4.397e-17,8.345e-38,1.259e-14,,1.753e-12,,,,1.939e-21,3.783e-16,1.266e-1,1.493e-12,,,,,2.274e-1,,,,,,,,,2.859e-18,,,,,,,,,,,,,,
831.55,3.601e-1,3.147e-3,4.014e-27,8.421e-27,,,,2.090e-18,1.764e-19,,2.782e-15,6.788e-10,1.677e-28,5.437e-17,1.406e-20,1.161e-18,1.886e-19,,,,4.513e-17,8.337e-38,1.644e-14,,1.990e-12,,,,1.947e-21,3.782e-16,1.287e-1,1.574e-12,,,,,2.283e-1,,,,,,,,,2.860e-18,,,,,,,,,,,,,,
831.58,3.646e-1,3.695e-3,3.988e-27,9.723e-27,,,,2.096e-18,1.763e-19,,2.782e-15,9.328e-10,1.676e-28,5.439e-17,1.406e-20,1.443e-18,1.889e-19,,,,4.686e-17,8.324e-38,2.448e-14,,2.403e-12,,,,1.961e-21,3.779e-16,1.318e-1,1.699e-12,,,,,2.291e-1,,,,,,,,,2.860e-18,,,,,,,,,,,,,,
831.6,3.673e-1,4.107e-3,3.971e-27,1.069e-26,,,,2.100e-18,1.762e-19,,2.783e-15,1.151e-9,1.676e-28,5.440e-17,1.406e-20,1.666e-18,1.891e-19,,,,4.801e-17,8.315e-38,3.188e-14,,2.721e-12,,,,1.969e-21,3.778e-16,1.338e-1,1.785e-12,,,,,2.294e-1,,,,,,,,,2.860e-18,,,,,,,,,,,,,,
831.63,3.708e-1,4.803e-3,3.946e-27,1.229e-26,,,,2.106e-18,1.761e-19,,2.783e-15,1.576e-9,1.676e-28,5.442e-17,1.407e-20,2.062e-18,1.894e-19,,,,4.974e-17,8.302e-38,4.728e-14,,3.273e-12,,,,1.982e-21,3.775e-16,1.367e-1,1.920e-12,,,,,2.293e-1,,,,,,,,,2.861e-18,,,,,,,,,,,,,,
831.65,3.728e-1,5.324e-3,3.929e-27,1.347e-26,,,,2.110e-18,1.760e-19,,2.784e-15,1.940e-9,1.676e-28,5.443e-17,1.407e-20,2.373e-18,1.896e-19,,,,5.090e-17,8.294e-38,6.141e-14,,3.696e-12,,,,1.991e-21,3.774e-16,1.386e-1,2.012e-12,,,,,2.289e-1,,,,,,,,,2.861e-18,,,,,,,,,,,,,,
831.67,3.746e-1,5.895e-3,3.912e-27,1.474e-26,,,,2.114e-18,1.759e-19,,2.784e-15,2.385e-9,1.675e-28,5.444e-17,1.407e-20,2.729e-18,1.898e-19,,,,5.205e-17,8.285e-38,7.966e-14,,4.169e-12,,,,2.000e-21,3.772e-16,1.405e-1,2.106e-12,,,,,2.283e-1,,,,,,,,,2.861e-18,,,,,,,,,,,,,,
831.7,3.769e-1,6.854e-3,3.886e-27,1.686e-26,,,,2.120e-18,1.757e-19,,2.785e-15,3.246e-9,1.675e-28,5.446e-17,1.407e-20,3.358e-18,1.901e-19,,,,5.378e-17,8.272e-38,1.175e-13,,4.985e-12,,,,2.013e-21,3.770e-16,1.432e-1,2.251e-12,,,,,2.269e-1,,,,,,,,,2.862e-18,,,,,,,,,,,,,,
831.72,3.781e-1,7.569e-3,3.869e-27,1.840e-26,,,,2.124e-18,1.757e-19,,2.785e-15,3.981e-9,1.675e-28,5.447e-17,1.408e-20,3.851e-18,1.903e-19,,,,5.494e-17,8.263e-38,1.520e-13,,5.608e-12,,,,2.021e-21,3.768e-16,1.449e-1,2.350e-12,,,,,2.256e-1,,,,,,,,,2.862e-18,,,,,,,,,,,,,,
831.75,3.795e-1,8.764e-3,3.844e-27,2.095e-26,,,,2.130e-18,1.755e-19,,2.786e-15,5.395e-9,1.674e-28,5.449e-17,1.408e-20,4.719e-18,1.906e-19,,,,5.667e-17,8.250e-38,2.232e-13,,6.677e-12,,,,2.034e-21,3.766e-16,1.475e-1,2.502e-12,,,,,2.233e-1,,,,,,,,,2.862e-18,,,,,,,,,,,,,,
831.77,3.802e-1,9.651e-3,3.827e-27,2.282e-26,,,,2.134e-18,1.754e-19,,2.786e-15,6.597e-9,1.674e-28,5.450e-17,1.408e-20,5.396e-18,1.908e-19,,,,5.782e-17,8.242e-38,2.880e-13,,7.491e-12,,,,2.043e-21,3.765e-16,1.492e-1,2.605e-12,,,,,2.214e-1,,,,,,,,,2.862e-18,,,,,,,,,,,,,,
831.8,3.810e-1,1.113e-2,3.801e-27,2.587e-26,,,,2.140e-18,1.753e-19,,2.787e-15,8.904e-9,1.674e-28,5.452e-17,1.408e-20,6.586e-18,1.911e-19,,,,5.955e-17,8.229e-38,4.212e-13,,8.883e-12,,,,2.056e-21,3.762e-16,1.516e-1,2.762e-12,,,,,2.182e-1,,,,,,,,,2.863e-18,,,,,,,,,,,,,,
831.82,3.812e-1,1.222e-2,3.784e-27,2.810e-26,,,,2.144e-18,1.752e-19,,2.787e-15,1.086e-8,1.673e-28,5.453e-17,1.409e-20,7.510e-18,1.913e-19,,,,6.071e-17,8.220e-38,5.420e-13,,9.939e-12,,,,2.065e-21,3.761e-16,1.531e-1,2.867e-12,,,,,2.158e-1,,,,,,,,,2.863e-18,,,,,,,,,,,,,,
831.85,3.813e-1,1.403e-2,3.759e-27,3.173e-26,,,,2.150e-18,1.751e-19,,2.788e-15,1.460e-8,1.673e-28,5.455e-17,1.409e-20,9.128e-18,1.916e-19,,,,6.244e-17,8.207e-38,7.895e-13,,1.174e-11,,,,2.078e-21,3.758e-16,1.554e-1,3.027e-12,,,,,2.119e-1,,,,,,,,,2.863e-18,,,,,,,,,,,,,,
831.87,3.812e-1,1.537e-2,3.742e-27,3.436e-26,,,,2.155e-18,1.750e-19,,2.788e-15,1.775e-8,1.673e-28,5.456e-17,1.409e-20,1.038e-17,1.918e-19,,,,6.359e-17,8.198e-38,1.013e-12,,1.310e-11,,,,2.087e-21,3.757e-16,1.569e-1,3.134e-12,,,,,2.089e-1,,,,,,,,,2.864e-18,,,,,,,,,,,,,,
831.9,3.809e-1,1.758e-2,3.716e-27,3.865e-26,,,,2.161e-18,1.748e-19,,2.789e-15,2.376e-8,1.672e-28,5.458e-17,1.410e-20,1.256e-17,1.921e-19,,,,6.533e-17,8.185e-38,1.470e-12,,1.540e-11,,,,2.100e-21,3.755e-16,1.590e-1,3.295e-12,,,,,2.042e-1,,,,,,,,,2.864e-18,,,,,,,,,,,,,,
831.92,3.805e-1,1.920e-2,3.699e-27,4.175e-26,,,,2.165e-18,1.747e-19,,2.789e-15,2.883e-8,1.672e-28,5.459e-17,1.410e-20,1.425e-17,1.923e-19,,,,6.648e-17,8.177e-38,1.881e-12,,1.714e-11,,,,2.108e-21,3.753e-16,1.604e-1,3.402e-12,,,,,2.009e-1,,,,,,,,,2.864e-18,,,,,,,,,,,,,,
831.95,3.798e-1,2.186e-2,3.674e-27,4.677e-26,,,,2.171e-18,1.746e-19,,2.790e-15,3.843e-8,1.672e-28,5.461e-17,1.410e-20,1.718e-17,1.926e-19,,,,6.821e-17,8.164e-38,2.717e-12,,2.007e-11,,,,2.121e-21,3.751e-16,1.625e-1,3.562e-12,,,,,1.955e-1,,,,,,,,,2.865e-18,,,,,,,,,,,,,,
831.97,3.794e-1,2.381e-2,3.657e-27,5.037e-26,,,,2.175e-18,1.745e-19,,2.790e-15,4.649e-8,1.672e-28,5.462e-17,1.410e-20,1.943e-17,1.928e-19,,,,6.937e-17,8.155e-38,3.468e-12,,2.227e-11,,,,2.130e-21,3.749e-16,1.638e-1,3.668e-12,,,,,1.918e-1,,,,,,,,,2.865e-18,,,,,,,,,,,,,,
832,3.786e-1,2.701e-2,3.632e-27,5.620e-26,,,,2.181e-18,1.744e-19,,2.791e-15,6.172e-8,1.671e-28,5.464e-17,1.411e-20,2.332e-17,1.931e-19,,,,7.110e-17,8.142e-38,4.989e-12,,2.598e-11,,,,2.143e-21,3.747e-16,1.657e-1,3.825e-12,,,,,1.859e-1,,,,,,,,,2.865e-18,,,,,,,,,,,,,,
832.02,3.781e-1,2.933e-2,3.615e-27,6.038e-26,,,,2.185e-18,1.743e-19,,2.791e-15,7.446e-8,1.671e-28,5.465e-17,1.411e-20,2.631e-17,1.933e-19,,,,7.225e-17,8.134e-38,6.350e-12,,2.874e-11,,,,2.152e-21,3.745e-16,1.669e-1,3.927e-12,,,,,1.818e-1,,,,,,,,,2.865e-18,,,,,,,,,,,,,,
832.04,3.776e-1,3.182e-2,3.598e-27,6.479e-26,,,,2.189e-18,1.742e-19,,2.792e-15,8.972e-8,1.671e-28,5.467e-17,1.411e-20,2.964e-17,1.935e-19,,,,7.341e-17,8.125e-38,8.073e-12,,3.177e-11,,,,2.160e-21,3.744e-16,1.681e-1,4.028e-12,,,,,1.777e-1,,,,,,,,,2.866e-18,,,,,,,,,,,,,,
832.07,3.770e-1,3.589e-2,3.572e-27,7.188e-26,,,,2.195e-18,1.741e-19,,2.792e-15,1.184e-7,1.670e-28,5.468e-17,1.411e-20,3.538e-17,1.938e-19,,,,7.514e-17,8.112e-38,1.155e-11,,3.684e-11,,,,2.173e-21,3.741e-16,1.699e-1,4.176e-12,,,,,1.712e-1,,,,,,,,,2.866e-18,,,,,,,,,,,,,,
832.09,3.766e-1,3.883e-2,3.555e-27,7.693e-26,,,,2.199e-18,1.740e-19,,2.793e-15,1.423e-7,1.670e-28,5.470e-17,1.412e-20,3.975e-17,1.940e-19,,,,7.629e-17,8.103e-38,1.464e-11,,4.061e-11,,,,2.182e-21,3.740e-16,1.710e-1,4.272e-12,,,,,1.668e-1,,,,,,,,,2.866e-18,,,,,,,,,,,,,,
832.12,3.763e-1,4.361e-2,3.530e-27,8.500e-26,,,,2.205e-18,1.738e-19,,2.793e-15,1.871e-7,1.670e-28,5.471e-17,1.412e-20,4.725e-17,1.943e-19,,,,7.802e-17,8.090e-38,2.086e-11,,4.690e-11,,,,2.195e-21,3.738e-16,1.726e-1,4.410e-12,,,,,1.601e-1,,,,,,,,,2.867e-18,,,,,,,,,,,,,,
832.14,3.763e-1,4.705e-2,3.513e-27,9.073e-26,,,,2.209e-18,1.737e-19,,2.794e-15,2.243e-7,1.669e-28,5.473e-17,1.412e-20,5.294e-17,1.945e-19,,,,7.918e-17,8.082e-38,2.638e-11,,5.156e-11,,,,2.204e-21,3.736e-16,1.737e-1,4.499e-12,,,,,1.556e-1,,,,,,,,,2.867e-18,,,,,,,,,,,,,,
832.17,3.765e-1,5.262e-2,3.487e-27,9.986e-26,,,,2.215e-18,1.736e-19,,2.794e-15,2.936e-7,1.669e-28,5.474e-17,1.412e-20,6.267e-17,1.948e-19,,,,8.091e-17,8.069e-38,3.743e-11,,5.930e-11,,,,2.217e-21,3.734e-16,1.752e-1,4.625e-12,,,,,1.487e-1,,,,,,,,,2.867e-18,,,,,,,,,,,,,,
832.19,3.769e-1,5.662e-2,3.470e-27,1.063e-25,,,,2.219e-18,1.735e-19,,2.795e-15,3.510e-7,1.669e-28,5.476e-17,1.413e-20,7.003e-17,1.950e-19,,,,8.206e-17,8.060e-38,4.719e-11,,6.501e-11,,,,2.226e-21,3.732e-16,1.762e-1,4.705e-12,,,,,1.441e-1,,,,,,,,,2.867e-18,,,,,,,,,,,,,,
832.22,3.779e-1,6.307e-2,3.445e-27,1.165e-25,,,,2.225e-18,1.734e-19,,2.795e-15,4.576e-7,1.668e-28,5.477e-17,1.413e-20,8.255e-17,1.953e-19,,,,8.379e-17,8.047e-38,6.669e-11,,7.447e-11,,,,2.239e-21,3.730e-16,1.777e-1,4.817e-12,,,,,1.371e-1,,,,,,,,,2.868e-18,,,,,,,,,,,,,,
832.24,3.788e-1,6.767e-2,3.428e-27,1.237e-25,,,,2.230e-18,1.733e-19,,2.796e-15,5.455e-7,1.668e-28,5.479e-17,1.413e-20,9.199e-17,1.955e-19,,,,8.495e-17,8.038e-38,8.386e-11,,8.141e-11,,,,2.247e-21,3.728e-16,1.786e-1,4.887e-12,,,,,1.325e-1,,,,,,,,,2.868e-18,,,,,,,,,,,,,,
832.27,3.806e-1,7.506e-2,3.402e-27,1.351e-25,,,,2.236e-18,1.731e-19,,2.796e-15,7.084e-7,1.668e-28,5.480e-17,1.414e-20,1.080e-16,1.958e-19,,,,8.668e-17,8.025e-38,1.180e-10,,9.286e-11,,,,2.260e-21,3.726e-16,1.799e-1,4.983e-12,,,,,1.256e-1,,,,,,,,,2.868e-18,,,,,,,,,,,,,,
832.29,3.822e-1,8.033e-2,3.385e-27,1.430e-25,,,,2.240e-18,1.730e-19,,2.797e-15,8.421e-7,1.668e-28,5.482e-17,1.414e-20,1.200e-16,1.960e-19,,,,8.783e-17,8.017e-38,1.480e-10,,1.012e-10,,,,2.269e-21,3.724e-16,1.808e-1,5.041e-12,,,,,1.210e-1,,,,,,,,,2.869e-18,,,,,,,,,,,,,,
832.32,3.850e-1,8.873e-2,3.360e-27,1.556e-25,,,,2.246e-18,1.729e-19,,2.797e-15,1.089e-6,1.667e-28,5.483e-17,1.414e-20,1.403e-16,1.963e-19,,,,8.956e-17,8.004e-38,2.074e-10,,1.150e-10,,,,2.282e-21,3.722e-16,1.820e-1,5.119e-12,,,,,1.142e-1,,,,,,,,,2.869e-18,,,,,,,,,,,,,,
832.34,3.873e-1,9.469e-2,3.343e-27,1.643e-25,,,,2.250e-18,1.728e-19,,2.798e-15,1.291e-6,1.667e-28,5.485e-17,1.414e-20,1.555e-16,1.965e-19,,,,9.072e-17,7.995e-38,2.594e-10,,1.250e-10,,,,2.291e-21,3.721e-16,1.828e-1,5.164e-12,,,,,1.098e-1,,,,,,,,,2.869e-18,,,,,,,,,,,,,,
832.37,3.914e-1,1.042e-1,3.317e-27,1.780e-25,,,,2.256e-18,1.727e-19,,2.798e-15,1.663e-6,1.667e-28,5.486e-17,1.415e-20,1.811e-16,1.968e-19,,,,9.245e-17,7.982e-38,3.621e-10,,1.415e-10,,,,2.304e-21,3.718e-16,1.840e-1,5.223e-12,,,,,1.032e-1,,,,,,,,,2.870e-18,,,,,,,,,,,,,,
832.39,3.945e-1,1.109e-1,3.301e-27,1.875e-25,,,,2.260e-18,1.726e-19,,2.799e-15,1.966e-6,1.666e-28,5.488e-17,1.415e-20,2.001e-16,1.970e-19,,,,9.360e-17,7.974e-38,4.516e-10,,1.534e-10,,,,2.313e-21,3.717e-16,1.847e-1,5.254e-12,,,,,9.890e-2,,,,,,,,,2.870e-18,,,,,,,,,,,,,,
832.41,3.979e-1,1.178e-1,3.284e-27,1.973e-25,,,,2.264e-18,1.725e-19,,2.799e-15,2.322e-6,1.666e-28,5.489e-17,1.415e-20,2.210e-16,1.972e-19,,,,9.476e-17,7.965e-38,5.627e-10,,1.661e-10,,,,2.321e-21,3.715e-16,1.854e-1,5.281e-12,,,,,9.467e-2,,,,,,,,,2.870e-18,,,,,,,,,,,,,,
832.44,4.038e-1,1.289e-1,3.258e-27,2.126e-25,,,,2.270e-18,1.724e-19,,2.800e-15,2.974e-6,1.666e-28,5.491e-17,1.415e-20,2.558e-16,1.975e-19,,,,9.649e-17,7.952e-38,7.808e-10,,1.869e-10,,,,2.334e-21,3.713e-16,1.864e-1,5.309e-12,,,,,8.848e-2,,,,,,,,,2.871e-18,,,,,,,,,,,,,,
832.46,4.082e-1,1.366e-1,3.241e-27,2.231e-25,,,,2.274e-18,1.723e-19,,2.800e-15,3.502e-6,1.666e-28,5.492e-17,1.416e-20,2.816e-16,1.977e-19,,,,9.764e-17,7.943e-38,9.702e-10,,2.018e-10,,,,2.343e-21,3.711e-16,1.871e-1,5.321e-12,,,,,8.446e-2,,,,,,,,,2.871e-18,,,,,,,,,,,,,,
832.49,4.154e-1,1.488e-1,3.216e-27,2.395e-25,,,,2.280e-18,1.721e-19,,2.801e-15,4.467e-6,1.665e-28,5.494e-17,1.416e-20,3.247e-16,1.980e-19,,,,9.938e-17,7.930e-38,1.341e-9,,2.261e-10,,,,2.356e-21,3.709e-16,1.880e-1,5.327e-12,,,,,7.861e-2,,,,,,,,,2.871e-18,,,,,,,,,,,,,,
832.51,4.207e-1,1.574e-1,3.199e-27,2.507e-25,,,,2.284e-18,1.720e-19,,2.801e-15,5.246e-6,1.665e-28,5.495e-17,1.416e-20,3.565e-16,1.982e-19,,,,1.005e-16,7.922e-38,1.661e-9,,2.435e-10,,,,2.365e-21,3.707e-16,1.886e-1,5.324e-12,,,,,7.483e-2,,,,,,,,,2.871e-18,,,,,,,,,,,,,,
832.54,4.294e-1,1.707e-1,3.173e-27,2.681e-25,,,,2.290e-18,1.719e-19,,2.802e-15,6.664e-6,1.665e-28,5.497e-17,1.417e-20,4.093e-16,1.985e-19,,,,1.023e-16,7.909e-38,2.287e-9,,2.716e-10,,,,2.378e-21,3.705e-16,1.894e-1,5.309e-12,,,,,6.936e-2,,,,,,,,,2.872e-18,,,,,,,,,,,,,,
832.56,4.357e-1,1.800e-1,3.156e-27,2.799e-25,,,,2.294e-18,1.718e-19,,2.802e-15,7.806e-6,1.664e-28,5.498e-17,1.417e-20,4.481e-16,1.987e-19,,,,1.034e-16,7.900e-38,2.826e-9,,2.918e-10,,,,2.386e-21,3.704e-16,1.899e-1,5.291e-12,,,,,6.585e-2,,,,,,,,,2.872e-18,,,,,,,,,,,,,,
832.59,4.458e-1,1.944e-1,3.131e-27,2.982e-25,,,,2.300e-18,1.717e-19,,2.803e-15,9.876e-6,1.664e-28,5.500e-17,1.417e-20,5.124e-16,1.990e-19,,,,1.051e-16,7.887e-38,3.874e-9,,3.242e-10,,,,2.399e-21,3.701e-16,1.906e-1,5.254e-12,,,,,6.078e-2,,,,,,,,,2.872e-18,,,,,,,,,,,,,,
832.61,4.530e-1,2.044e-1,3.114e-27,3.106e-25,,,,2.304e-18,1.716e-19,,2.803e-15,1.154e-5,1.664e-28,5.501e-17,1.417e-20,5.595e-16,1.992e-19,,,,1.063e-16,7.878e-38,4.774e-9,,3.473e-10,,,,2.408e-21,3.700e-16,1.910e-1,5.223e-12,,,,,5.754e-2,,,,,,,,,2.873e-18,,,,,,,,,,,,,,
832.64,4.645e-1,2.199e-1,3.088e-27,3.296e-25,,,,2.311e-18,1.714e-19,,2.804e-15,1.454e-5,1.663e-28,5.503e-17,1.418e-20,6.371e-16,1.995e-19,,,,1.080e-16,7.865e-38,6.517e-9,,3.842e-10,,,,2.421e-21,3.697e-16,1.917e-1,5.164e-12,,,,,5.289e-2,,,,,,,,,2.873e-18,,,,,,,,,,,,,,
832.66,4.726e-1,2.306e-1,3.071e-27,3.425e-25,,,,2.315e-18,1.714e-19,,2.804e-15,1.693e-5,1.663e-28,5.504e-17,1.418e-20,6.938e-16,1.997e-19,,,,1.092e-16,7.857e-38,8.010e-9,,4.104e-10,,,,2.430e-21,3.696e-16,1.921e-1,5.119e-12,,,,,4.994e-2,,,,,,,,,2.873e-18,,,,,,,,,,,,,,
832.69,4.854e-1,2.470e-1,3.046e-27,3.621e-25,,,,2.321e-18,1.712e-19,,2.805e-15,2.125e-5,1.663e-28,5.506e-17,1.418e-20,7.868e-16,2.000e-19,,,,1.109e-16,7.844e-38,1.089e-8,,4.522e-10,,,,2.443e-21,3.694e-16,1.926e-1,5.041e-12,,,,,4.571e-2,,,,,,,,,2.874e-18,,,,,,,,,,,,,,
832.71,4.943e-1,2.583e-1,3.029e-27,3.753e-25,,,,2.325e-18,1.711e-19,,2.805e-15,2.469e-5,1.662e-28,5.507e-17,1.418e-20,8.544e-16,2.002e-19,,,,1.121e-16,7.835e-38,1.335e-8,,4.818e-10,,,,2.452e-21,3.692e-16,1.929e-1,4.983e-12,,,,,4.304e-2,,,,,,,,,2.874e-18,,,,,,,,,,,,,,
832.74,5.083e-1,2.756e-1,3.003e-27,3.954e-25,,,,2.331e-18,1.710e-19,,2.806e-15,3.085e-5,1.662e-28,5.509e-17,1.419e-20,9.650e-16,2.005e-19,,,,1.138e-16,7.822e-38,1.807e-8,,5.286e-10,,,,2.465e-21,3.690e-16,1.934e-1,4.887e-12,,,,,3.923e-2,,,,,,,,,2.874e-18,,,,,,,,,,,,,,
832.76,5.179e-1,2.874e-1,2.986e-27,4.088e-25,,,,2.335e-18,1.709e-19,,2.806e-15,3.575e-5,1.662e-28,5.510e-17,1.419e-20,1.045e-15,2.007e-19,,,,1.150e-16,7.814e-38,2.209e-8,,5.616e-10,,,,2.473e-21,3.688e-16,1.937e-1,4.817e-12,,,,,3.683e-2,,,,,,,,,2.874e-18,,,,,,,,,,,,,,
832.79,5.329e-1,3.054e-1,2.961e-27,4.291e-25,,,,2.341e-18,1.708e-19,,2.807e-15,4.449e-5,1.661e-28,5.512e-17,1.419e-20,1.175e-15,2.010e-19,,,,1.167e-16,7.801e-38,2.979e-8,,6.137e-10,,,,2.486e-21,3.686e-16,1.941e-1,4.705e-12,,,,,3.344e-2,,,,,,,,,2.875e-18,,,,,,,,,,,,,,
832.81,5.432e-1,3.175e-1,2.944e-27,4.427e-25,,,,2.345e-18,1.707e-19,,2.807e-15,5.141e-5,1.661e-28,5.513e-17,1.420e-20,1.269e-15,2.012e-19,,,,1.178e-16,7.792e-38,3.631e-8,,6.502e-10,,,,2.495e-21,3.684e-16,1.943e-1,4.625e-12,,,,,3.131e-2,,,,,,,,,2.875e-18,,,,,,,,,,,,,,
832.83,5.537e-1,3.298e-1,2.927e-27,4.563e-25,,,,2.349e-18,1.706e-19,,2.808e-15,5.934e-5,1.661e-28,5.514e-17,1.420e-20,1.369e-15,2.014e-19,,,,1.190e-16,7.783e-38,4.421e-8,,6.882e-10,,,,2.504e-21,3.683e-16,1.945e-1,4.542e-12,,,,,2.928e-2,,,,,,,,,2.875e-18,,,,,,,,,,,,,,
832.86,5.698e-1,3.485e-1,2.902e-27,4.766e-25,,,,2.355e-18,1.704e-19,,2.808e-15,7.344e-5,1.661e-28,5.516e-17,1.420e-20,1.531e-15,2.017e-19,,,,1.207e-16,7.770e-38,5.928e-8,,7.477e-10,,,,2.517e-21,3.680e-16,1.948e-1,4.410e-12,,,,,2.643e-2,,,,,,,,,2.876e-18,,,,,,,,,,,,,,
832.88,5.807e-1,3.610e-1,2.885e-27,4.900e-25,,,,2.359e-18,1.703e-19,,2.809e-15,8.454e-5,1.660e-28,5.517e-17,1.420e-20,1.648e-15,2.019e-19,,,,1.219e-16,7.762e-38,7.198e-8,,7.891e-10,,,,2.526e-21,3.679e-16,1.950e-1,4.319e-12,,,,,2.465e-2,,,,,,,,,2.876e-18,,,,,,,,,,,,,,
832.91,5.973e-1,3.798e-1,2.859e-27,5.101e-25,,,,2.365e-18,1.702e-19,,2.809e-15,1.042e-4,1.660e-28,5.519e-17,1.421e-20,1.835e-15,2.022e-19,,,,1.236e-16,7.749e-38,9.611e-8,,8.538e-10,,,,2.539e-21,3.677e-16,1.952e-1,4.176e-12,,,,,2.216e-2,,,,,,,,,2.876e-18,,,,,,,,,,,,,,
832.93,6.084e-1,3.923e-1,2.842e-27,5.234e-25,,,,2.369e-18,1.701e-19,,2.810e-15,1.196e-4,1.660e-28,5.520e-17,1.421e-20,1.969e-15,2.024e-19,,,,1.248e-16,7.740e-38,1.164e-7,,8.986e-10,,,,2.547e-21,3.675e-16,1.953e-1,4.078e-12,,,,,2.061e-2,,,,,,,,,2.876e-18,,,,,,,,,,,,,,
832.96,6.252e-1,4.111e-1,2.817e-27,5.430e-25,,,,2.375e-18,1.700e-19,,2.810e-15,1.469e-4,1.659e-28,5.522e-17,1.421e-20,2.183e-15,2.027e-19,,,,1.265e-16,7.727e-38,1.548e-7,,9.683e-10,,,,2.560e-21,3.673e-16,1.955e-1,3.927e-12,,,,,1.845e-2,,,,,,,,,2.877e-18,,,,,,,,,,,,,,
832.98,6.364e-1,4.235e-1,2.800e-27,5.558e-25,,,,2.379e-18,1.699e-19,,2.811e-15,1.681e-4,1.659e-28,5.523e-17,1.421e-20,2.336e-15,2.029e-19,,,,1.277e-16,7.718e-38,1.869e-7,,1.016e-9,,,,2.569e-21,3.671e-16,1.956e-1,3.825e-12,,,,,1.711e-2,,,,,,,,,2.877e-18,,,,,,,,,,,,,,
833.01,6.531e-1,4.419e-1,2.774e-27,5.748e-25,,,,2.386e-18,1.698e-19,,2.811e-15,2.056e-4,1.659e-28,5.525e-17,1.422e-20,2.580e-15,2.032e-19,,,,1.294e-16,7.705e-38,2.475e-7,,1.091e-9,,,,2.582e-21,3.669e-16,1.957e-1,3.668e-12,,,,,1.525e-2,,,,,,,,,2.877e-18,,,,,,,,,,,,,,
833.03,6.641e-1,4.540e-1,2.757e-27,5.872e-25,,,,2.390e-18,1.697e-19,,2.812e-15,2.347e-4,1.658e-28,5.526e-17,1.422e-20,2.753e-15,2.034e-19,,,,1.305e-16,7.697e-38,2.981e-7,,1.142e-9,,,,2.591e-21,3.667e-16,1.958e-1,3.562e-12,,,,,1.411e-2,,,,,,,,,2.878e-18,,,,,,,,,,,,,,
833.06,6.804e-1,4.717e-1,2.732e-27,6.053e-25,,,,2.396e-18,1.695e-19,,2.812e-15,2.858e-4,1.658e-28,5.528e-17,1.422e-20,3.028e-15,2.037e-19,,,,1.323e-16,7.684e-38,3.932e-7,,1.220e-9,,,,2.604e-21,3.665e-16,1.958e-1,3.402e-12,,,,,1.252e-2,,,,,,,,,2.878e-18,,,,,,,,,,,,,,
833.08,6.910e-1,4.833e-1,2.715e-27,6.171e-25,,,,2.400e-18,1.694e-19,,2.813e-15,3.254e-4,1.658e-28,5.529e-17,1.422e-20,3.222e-15,2.039e-19,,,,1.334e-16,7.675e-38,4.723e-7,,1.274e-9,,,,2.612e-21,3.663e-16,1.958e-1,3.295e-12,,,,,1.155e-2,,,,,,,,,2.878e-18,,,,,,,,,,,,,,
833.11,7.066e-1,5.002e-1,2.689e-27,6.342e-25,,,,2.406e-18,1.693e-19,,2.813e-15,3.947e-4,1.657e-28,5.531e-17,1.423e-20,3.530e-15,2.042e-19,,,,1.352e-16,7.662e-38,6.204e-7,,1.355e-9,,,,2.626e-21,3.661e-16,1.958e-1,3.134e-12,,,,,1.021e-2,,,,,,,,,2.879e-18,,,,,,,,,,,,,,
833.13,7.166e-1,5.110e-1,2.672e-27,6.452e-25,,,,2.410e-18,1.692e-19,,2.814e-15,4.482e-4,1.657e-28,5.532e-17,1.423e-20,3.745e-15,2.044e-19,,,,1.363e-16,7.654e-38,7.431e-7,,1.411e-9,,,,2.634e-21,3.660e-16,1.958e-1,3.027e-12,,,,,9.394e-3,,,,,,,,,2.879e-18,,,,,,,,,,,,,,
833.16,7.312e-1,5.267e-1,2.647e-27,6.611e-25,,,,2.416e-18,1.691e-19,,2.814e-15,5.414e-4,1.657e-28,5.534e-17,1.423e-20,4.086e-15,2.047e-19,,,,1.380e-16,7.641e-38,9.721e-7,,1.496e-9,,,,2.647e-21,3.657e-16,1.957e-1,2.867e-12,,,,,8.271e-3,,,,,,,,,2.879e-18,,,,,,,,,,,,,,
833.18,7.404e-1,5.366e-1,2.630e-27,6.713e-25,,,,2.420e-18,1.690e-19,,2.815e-15,6.132e-4,1.657e-28,5.535e-17,1.424e-20,4.324e-15,2.049e-19,,,,1.392e-16,7.632e-38,1.161e-6,,1.553e-9,,,,2.656e-21,3.656e-16,1.956e-1,2.762e-12,,,,,7.587e-3,,,,,,,,,2.880e-18,,,,,,,,,,,,,,
833.2,7.493e-1,5.462e-1,2.613e-27,6.812e-25,,,,2.424e-18,1.689e-19,,2.815e-15,6.937e-4,1.656e-28,5.536e-17,1.424e-20,4.571e-15,2.051e-19,,,,1.404e-16,7.623e-38,1.386e-6,,1.610e-9,,,,2.665e-21,3.654e-16,1.955e-1,2.657e-12,,,,,6.952e-3,,,,,,,,,2.880e-18,,,,,,,,,,,,,,
833.23,7.618e-1,5.596e-1,2.587e-27,6.953e-25,,,,2.430e-18,1.687e-19,,2.816e-15,8.332e-4,1.656e-28,5.538e-17,1.424e-20,4.958e-15,2.054e-19,,,,1.421e-16,7.610e-38,1.802e-6,,1.697e-9,,,,2.678e-21,3.652e-16,1.953e-1,2.502e-12,,,,,6.085e-3,,,,,,,,,2.880e-18,,,,,,,,,,,,,,
833.25,7.696e-1,5.680e-1,2.570e-27,7.042e-25,,,,2.434e-18,1.687e-19,,2.816e-15,9.401e-4,1.656e-28,5.539e-17,1.424e-20,5.226e-15,2.056e-19,,,,1.432e-16,7.602e-38,2.144e-6,,1.755e-9,,,,2.686e-21,3.650e-16,1.951e-1,2.401e-12,,,,,5.560e-3,,,,,,,,,2.880e-18,,,,,,,,,,,,,,
833.28,7.804e-1,5.796e-1,2.545e-27,7.169e-25,,,,2.440e-18,1.685e-19,,2.817e-15,1.125e-3,1.655e-28,5.541e-17,1.425e-20,5.645e-15,2.059e-19,,,,1.450e-16,7.589e-38,2.778e-6,,1.841e-9,,,,2.699e-21,3.648e-16,1.948e-1,2.252e-12,,,,,4.847e-3,,,,,,,,,2.881e-18,,,,,,,,,,,,,,
833.3,7.869e-1,5.867e-1,2.528e-27,7.249e-25,,,,2.444e-18,1.684e-19,,2.817e-15,1.265e-3,1.655e-28,5.542e-17,1.425e-20,5.935e-15,2.061e-19,,,,1.461e-16,7.580e-38,3.296e-6,,1.899e-9,,,,2.708e-21,3.646e-16,1.945e-1,2.155e-12,,,,,4.417e-3,,,,,,,,,2.881e-18,,,,,,,,,,,,,,
833.33,7.956e-1,5.962e-1,2.503e-27,7.361e-25,,,,2.450e-18,1.683e-19,,2.818e-15,1.508e-3,1.655e-28,5.544e-17,1.425e-20,6.384e-15,2.064e-19,,,,1.479e-16,7.567e-38,4.253e-6,,1.985e-9,,,,2.721e-21,3.644e-16,1.941e-1,2.013e-12,,,,,3.834e-3,,,,,,,,,2.881e-18,,,,,,,,,,,,,,
833.35,8.007e-1,6.018e-1,2.486e-27,7.431e-25,,,,2.454e-18,1.682e-19,,2.818e-15,1.692e-3,1.654e-28,5.545e-17,1.425e-20,6.693e-15,2.066e-19,,,,1.490e-16,7.558e-38,5.033e-6,,2.041e-9,,,,2.730e-21,3.643e-16,1.937e-1,1.920e-12,,,,,3.484e-3,,,,,,,,,2.882e-18,,,,,,,,,,,,,,
833.38,8.073e-1,6.091e-1,2.460e-27,7.528e-25,,,,2.460e-18,1.681e-19,,2.819e-15,2.008e-3,1.654e-28,5.547e-17,1.426e-20,7.171e-15,2.069e-19,,,,1.507e-16,7.545e-38,6.466e-6,,2.125e-9,,,,2.743e-21,3.640e-16,1.931e-1,1.786e-12,,,,,3.012e-3,,,,,,,,,2.882e-18,,,,,,,,,,,,,,
833.4,8.108e-1,6.131e-1,2.443e-27,7.588e-25,,,,2.465e-18,1.680e-19,,2.819e-15,2.247e-3,1.654e-28,5.548e-17,1.426e-20,7.497e-15,2.071e-19,,,,1.519e-16,7.537e-38,7.632e-6,,2.179e-9,,,,2.752e-21,3.639e-16,1.927e-1,1.700e-12,,,,,2.729e-3,,,,,,,,,2.882e-18,,,,,,,,,,,,,,
833.43,8.149e-1,6.180e-1,2.418e-27,7.670e-25,,,,2.471e-18,1.678e-19,,2.820e-15,2.656e-3,1.653e-28,5.550e-17,1.426e-20,7.999e-15,2.074e-19,,,,1.536e-16,7.524e-38,9.765e-6,,2.259e-9,,,,2.765e-21,3.636e-16,1.919e-1,1.575e-12,,,,,2.350e-3,,,,,,,,,2.883e-18,,,,,,,,,,,,,,
833.45,8.168e-1,6.203e-1,2.401e-27,7.720e-25,,,,2.475e-18,1.677e-19,,2.820e-15,2.965e-3,1.653e-28,5.551e-17,1.427e-20,8.340e-15,2.076e-19,,,,1.548e-16,7.515e-38,1.149e-5,,2.310e-9,,,,2.773e-21,3.635e-16,1.914e-1,1.495e-12,,,,,2.123e-3,,,,,,,,,2.883e-18,,,,,,,,,,,,,,
833.48,8.184e-1,6.227e-1,2.375e-27,7.788e-25,,,,2.481e-18,1.676e-19,,2.821e-15,3.490e-3,1.653e-28,5.553e-17,1.427e-20,8.861e-15,2.079e-19,,,,1.565e-16,7.502e-38,1.465e-5,,2.385e-9,,,,2.786e-21,3.633e-16,1.904e-1,1.379e-12,,,,,1.820e-3,,,,,,,,,2.883e-18,,,,,,,,,,,,,,
833.5,8.186e-1,6.233e-1,2.358e-27,7.828e-25,,,,2.485e-18,1.675e-19,,2.821e-15,3.885e-3,1.653e-28,5.554e-17,1.427e-20,9.214e-15,2.081e-19,,,,1.577e-16,7.494e-38,1.719e-5,,2.433e-9,,,,2.795e-21,3.631e-16,1.898e-1,1.306e-12,,,,,1.641e-3,,,,,,,,,2.883e-18,,,,,,,,,,,,,,
833.53,8.177e-1,6.231e-1,2.333e-27,7.881e-25,,,,2.491e-18,1.674e-19,,2.822e-15,4.555e-3,1.652e-28,5.556e-17,1.427e-20,9.749e-15,2.084e-19,,,,1.594e-16,7.481e-38,2.182e-5,,2.501e-9,,,,2.808e-21,3.629e-16,1.886e-1,1.200e-12,,,,,1.401e-3,,,,,,,,,2.884e-18,,,,,,,,,,,,,,
833.55,8.162e-1,6.221e-1,2.316e-27,7.912e-25,,,,2.495e-18,1.673e-19,,2.822e-15,5.058e-3,1.652e-28,5.557e-17,1.428e-20,1.011e-14,2.086e-19,,,,1.606e-16,7.472e-38,2.554e-5,,2.544e-9,,,,2.817e-21,3.627e-16,1.878e-1,1.133e-12,,,,,1.259e-3,,,,,,,,,2.884e-18,,,,,,,,,,,,,,
833.57,8.140e-1,6.203e-1,2.299e-27,7.940e-25,,,,2.499e-18,1.672e-19,,2.823e-15,5.610e-3,1.652e-28,5.559e-17,1.428e-20,1.047e-14,2.088e-19,,,,1.617e-16,7.463e-38,2.986e-5,,2.585e-9,,,,2.825e-21,3.626e-16,1.869e-1,1.069e-12,,,,,1.130e-3,,,,,,,,,2.884e-18,,,,,,,,,,,,,,
833.6,8.094e-1,6.165e-1,2.273e-27,7.974e-25,,,,2.505e-18,1.671e-19,,2.823e-15,6.540e-3,1.651e-28,5.561e-17,1.428e-20,1.102e-14,2.091e-19,,,,1.634e-16,7.450e-38,3.768e-5,,2.642e-9,,,,2.838e-21,3.623e-16,1.854e-1,9.771e-13,,,,,9.593e-4,,,,,,,,,2.885e-18,,,,,,,,,,,,,,
833.62,8.056e-1,6.131e-1,2.256e-27,7.993e-25,,,,2.509e-18,1.670e-19,,2.824e-15,7.235e-3,1.651e-28,5.562e-17,1.428e-20,1.138e-14,2.093e-19,,,,1.646e-16,7.442e-38,4.394e-5,,2.677e-9,,,,2.847e-21,3.622e-16,1.843e-1,9.194e-13,,,,,8.588e-4,,,,,,,,,2.885e-18,,,,,,,,,,,,,,
833.65,7.986e-1,6.068e-1,2.231e-27,8.016e-25,,,,2.515e-18,1.668e-19,,2.824e-15,8.402e-3,1.651e-28,5.564e-17,1.429e-20,1.192e-14,2.096e-19,,,,1.663e-16,7.429e-38,5.522e-5,,2.725e-9,,,,2.860e-21,3.619e-16,1.826e-1,8.377e-13,,,,,7.260e-4,,,,,,,,,2.885e-18,,,,,,,,,,,,,,
833.67,7.931e-1,6.018e-1,2.214e-27,8.027e-25,,,,2.519e-18,1.667e-19,,2.825e-15,9.270e-3,1.650e-28,5.565e-17,1.429e-20,1.228e-14,2.098e-19,,,,1.675e-16,7.420e-38,6.421e-5,,2.754e-9,,,,2.869e-21,3.618e-16,1.813e-1,7.864e-13,,,,,6.482e-4,,,,,,,,,2.885e-18,,,,,,,,,,,,,,
833.7,7.838e-1,5.932e-1,2.188e-27,8.037e-25,,,,2.525e-18,1.666e-19,,2.825e-15,1.072e-2,1.650e-28,5.567e-17,1.429e-20,1.281e-14,2.101e-19,,,,1.692e-16,7.407e-38,8.037e-5,,2.791e-9,,,,2.882e-21,3.616e-16,1.793e-1,7.143e-13,,,,,5.456e-4,,,,,,,,,2.886e-18,,,,,,,,,,,,,,
833.72,7.769e-1,5.867e-1,2.172e-27,8.041e-25,,,,2.529e-18,1.665e-19,,2.826e-15,1.180e-2,1.650e-28,5.568e-17,1.430e-20,1.316e-14,2.103e-19,,,,1.704e-16,7.398e-38,9.320e-5,,2.813e-9,,,,2.891e-21,3.614e-16,1.779e-1,6.693e-13,,,,,4.858e-4,,,,,,,,,2.886e-18,,,,,,,,,,,,,,
833.75,7.656e-1,5.759e-1,2.146e-27,8.041e-25,,,,2.535e-18,1.664e-19,,2.826e-15,1.359e-2,1.649e-28,5.570e-17,1.430e-20,1.368e-14,2.106e-19,,,,1.721e-16,7.385e-38,1.162e-4,,2.840e-9,,,,2.904e-21,3.612e-16,1.756e-1,6.065e-13,,,,,4.072e-4,,,,,,,,,2.886e-18,,,,,,,,,,,,,,
833.77,7.574e-1,5.680e-1,2.129e-27,8.038e-25,,,,2.540e-18,1.663e-19,,2.827e-15,1.492e-2,1.649e-28,5.571e-17,1.430e-20,1.401e-14,2.108e-19,,,,1.732e-16,7.377e-38,1.344e-4,,2.854e-9,,,,2.912e-21,3.610e-16,1.739e-1,5.675e-13,,,,,3.616e-4,,,,,,,,,2.887e-18,,,,,,,,,,,,,,
833.8,7.442e-1,5.553e-1,2.104e-27,8.028e-25,,,,2.546e-18,1.661e-19,,2.827e-15,1.712e-2,1.649e-28,5.573e-17,1.430e-20,1.450e-14,2.111e-19,,,,1.750e-16,7.364e-38,1.668e-4,,2.869e-9,,,,2.925e-21,3.608e-16,1.713e-1,5.134e-13,,,,,3.019e-4,,,,,,,,,2.887e-18,,,,,,,,,,,,,,
833.82,7.349e-1,5.462e-1,2.087e-27,8.019e-25,,,,2.550e-18,1.660e-19,,2.828e-15,1.874e-2,1.649e-28,5.574e-17,1.431e-20,1.482e-14,2.113e-19,,,,1.761e-16,7.355e-38,1.924e-4,,2.875e-9,,,,2.934e-21,3.606e-16,1.695e-1,4.802e-13,,,,,2.673e-4,,,,,,,,,2.887e-18,,,,,,,,,,,,,,
833.85,7.202e-1,5.317e-1,2.061e-27,8.000e-25,,,,2.556e-18,1.659e-19,,2.828e-15,2.142e-2,1.648e-28,5.576e-17,1.431e-20,1.527e-14,2.116e-19,,,,1.779e-16,7.342e-38,2.378e-4,,2.879e-9,,,,2.947e-21,3.604e-16,1.666e-1,4.344e-13,,,,,2.222e-4,,,,,,,,,2.888e-18,,,,,,,,,,,,,,
833.87,7.100e-1,5.215e-1,2.044e-27,7.985e-25,,,,2.560e-18,1.658e-19,,2.829e-15,2.338e-2,1.648e-28,5.577e-17,1.431e-20,1.556e-14,2.118e-19,,,,1.790e-16,7.334e-38,2.735e-4,,2.877e-9,,,,2.956e-21,3.602e-16,1.646e-1,4.065e-13,,,,,1.962e-4,,,,,,,,,2.888e-18,,,,,,,,,,,,,,
833.9,6.942e-1,5.056e-1,2.019e-27,7.959e-25,,,,2.566e-18,1.657e-19,,2.829e-15,2.662e-2,1.648e-28,5.579e-17,1.432e-20,1.597e-14,2.121e-19,,,,1.808e-16,7.321e-38,3.368e-4,,2.869e-9,,,,2.969e-21,3.600e-16,1.615e-1,3.685e-13,,,,,1.624e-4,,,,,,,,,2.888e-18,,,,,,,,,,,,,,
833.92,6.834e-1,4.946e-1,2.002e-27,7.938e-25,,,,2.570e-18,1.656e-19,,2.830e-15,2.899e-2,1.647e-28,5.580e-17,1.432e-20,1.622e-14,2.123e-19,,,,1.819e-16,7.312e-38,3.863e-4,,2.860e-9,,,,2.978e-21,3.599e-16,1.593e-1,3.457e-13,,,,,1.430e-4,,,,,,,,,2.889e-18,,,,,,,,,,,,,,
833.94,6.724e-1,4.833e-1,1.985e-27,7.916e-25,,,,2.574e-18,1.655e-19,,2.830e-15,3.153e-2,1.647e-28,5.581e-17,1.432e-20,1.647e-14,2.125e-19,,,,1.831e-16,7.303e-38,4.427e-4,,2.847e-9,,,,2.986e-21,3.597e-16,1.570e-1,3.248e-13,,,,,1.258e-4,,,,,,,,,2.889e-18,,,,,,,,,,,,,,
833.97,6.557e-1,4.659e-1,1.959e-27,7.878e-25,,,,2.580e-18,1.654e-19,,2.831e-15,3.570e-2,1.647e-28,5.583e-17,1.432e-20,1.680e-14,2.128e-19,,,,1.848e-16,7.290e-38,5.419e-4,,2.823e-9,,,,2.999e-21,3.595e-16,1.535e-1,2.971e-13,,,,,1.036e-4,,,,,,,,,2.889e-18,,,,,,,,,,,,,,
833.99,6.444e-1,4.540e-1,1.942e-27,7.851e-25,,,,2.584e-18,1.653e-19,,2.831e-15,3.873e-2,1.647e-28,5.584e-17,1.432e-20,1.701e-14,2.130e-19,,,,1.859e-16,7.282e-38,6.192e-4,,2.802e-9,,,,3.008e-21,3.593e-16,1.510e-1,2.809e-13,,,,,9.084e-5,,,,,,,,,2.889e-18,,,,,,,,,,,,,,
834.02,6.275e-1,4.358e-1,1.917e-27,7.806e-25,,,,2.590e-18,1.651e-19,,2.832e-15,4.369e-2,1.646e-28,5.586e-17,1.433e-20,1.728e-14,2.133e-19,,,,1.877e-16,7.269e-38,7.549e-4,,2.767e-9,,,,3.021e-21,3.591e-16,1.472e-1,2.599e-13,,,,,7.446e-5,,,,,,,,,2.890e-18,,,,,,,,,,,,,,
834.04,6.163e-1,4.235e-1,1.900e-27,7.774e-25,,,,2.594e-18,1.650e-19,,2.832e-15,4.727e-2,1.646e-28,5.587e-17,1.433e-20,1.744e-14,2.135e-19,,,,1.888e-16,7.260e-38,8.603e-4,,2.740e-9,,,,3.030e-21,3.589e-16,1.447e-1,2.482e-13,,,,,6.513e-5,,,,,,,,,2.890e-18,,,,,,,,,,,,,,
834.07,5.997e-1,4.048e-1,1.874e-27,7.722e-25,,,,2.600e-18,1.649e-19,,2.833e-15,5.311e-2,1.646e-28,5.589e-17,1.433e-20,1.765e-14,2.138e-19,,,,1.906e-16,7.247e-38,1.044e-3,,2.694e-9,,,,3.043e-21,3.587e-16,1.407e-1,2.338e-13,,,,,5.317e-5,,,,,,,,,2.890e-18,,,,,,,,,,,,,,
834.09,5.888e-1,3.923e-1,1.857e-27,7.686e-25,,,,2.604e-18,1.648e-19,,2.833e-15,5.733e-2,1.645e-28,5.590e-17,1.434e-20,1.777e-14,2.140e-19,,,,1.917e-16,7.238e-38,1.187e-3,,2.660e-9,,,,3.051e-21,3.585e-16,1.379e-1,2.263e-13,,,,,4.638e-5,,,,,,,,,2.891e-18,,,,,,,,,,,,,,
834.12,5.729e-1,3.735e-1,1.832e-27,7.627e-25,,,,2.610e-18,1.647e-19,,2.834e-15,6.416e-2,1.645e-28,5.592e-17,1.434e-20,1.791e-14,2.143e-19,,,,1.934e-16,7.225e-38,1.435e-3,,2.604e-9,,,,3.064e-21,3.583e-16,1.337e-1,2.183e-13,,,,,3.771e-5,,,,,,,,,2.891e-18,,,,,,,,,,,,,,
834.14,5.626e-1,3.610e-1,1.815e-27,7.586e-25,,,,2.614e-18,1.646e-19,,2.834e-15,6.908e-2,1.645e-28,5.593e-17,1.434e-20,1.798e-14,2.145e-19,,,,1.946e-16,7.217e-38,1.627e-3,,2.565e-9,,,,3.073e-21,3.582e-16,1.309e-1,2.150e-13,,,,,3.280e-5,,,,,,,,,2.891e-18,,,,,,,,,,,,,,
834.17,5.478e-1,3.422e-1,1.790e-27,7.521e-25,,,,2.621e-18,1.644e-19,,2.835e-15,7.701e-2,1.644e-28,5.595e-17,1.434e-20,1.805e-14,2.148e-19,,,,1.963e-16,7.204e-38,1.959e-3,,2.501e-9,,,,3.086e-21,3.579e-16,1.266e-1,2.132e-13,,,,,2.656e-5,,,,,,,,,2.892e-18,,,,,,,,,,,,,,
834.19,5.384e-1,3.298e-1,1.773e-27,7.475e-25,,,,2.625e-18,1.644e-19,,2.835e-15,8.270e-2,1.644e-28,5.596e-17,1.435e-20,1.807e-14,2.150e-19,,,,1.975e-16,7.195e-38,2.214e-3,,2.456e-9,,,,3.095e-21,3.578e-16,1.236e-1,2.141e-13,,,,,2.304e-5,,,,,,,,,2.892e-18,,,,,,,,,,,,,,
834.22,5.252e-1,3.114e-1,1.747e-27,7.403e-25,,,,2.631e-18,1.642e-19,,2.836e-15,9.185e-2,1.644e-28,5.598e-17,1.435e-20,1.806e-14,2.153e-19,,,,1.992e-16,7.182e-38,2.656e-3,,2.385e-9,,,,3.108e-21,3.575e-16,1.192e-1,2.186e-13,,,,,1.857e-5,,,,,,,,,2.892e-18,,,,,,,,,,,,,,
834.24,5.169e-1,2.993e-1,1.730e-27,7.352e-25,,,,2.635e-18,1.641e-19,,2.836e-15,9.838e-2,1.643e-28,5.599e-17,1.435e-20,1.803e-14,2.155e-19,,,,2.004e-16,7.174e-38,2.993e-3,,2.335e-9,,,,3.117e-21,3.574e-16,1.162e-1,2.237e-13,,,,,1.607e-5,,,,,,,,,2.892e-18,,,,,,,,,,,,,,
834.27,5.056e-1,2.815e-1,1.705e-27,7.273e-25,,,,2.641e-18,1.640e-19,,2.837e-15,1.089e-1,1.643e-28,5.601e-17,1.436e-20,1.795e-14,2.158e-19,,,,2.021e-16,7.161e-38,3.575e-3,,2.259e-9,,,,3.130e-21,3.571e-16,1.117e-1,2.346e-13,,,,,1.290e-5,,,,,,,,,2.893e-18,,,,,,,,,,,,,,
834.29,4.988e-1,2.698e-1,1.688e-27,7.218e-25,,,,2.645e-18,1.639e-19,,2.837e-15,1.163e-1,1.643e-28,5.602e-17,1.436e-20,1.787e-14,2.160e-19,,,,2.033e-16,7.152e-38,4.019e-3,,2.206e-9,,,,3.138e-21,3.570e-16,1.086e-1,2.441e-13,,,,,1.113e-5,,,,,,,,,2.893e-18,,,,,,,,,,,,,,
834.31,4.926e-1,2.583e-1,1.671e-27,7.161e-25,,,,2.649e-18,1.638e-19,,2.838e-15,1.241e-1,1.643e-28,5.603e-17,1.436e-20,1.777e-14,2.162e-19,,,,2.044e-16,7.143e-38,4.513e-3,,2.152e-9,,,,3.147e-21,3.568e-16,1.056e-1,2.554e-13,,,,,9.590e-6,,,,,,,,,2.893e-18,,,,,,,,,,,,,,
834.34,4.845e-1,2.415e-1,1.645e-27,7.072e-25,,,,2.655e-18,1.637e-19,,2.838e-15,1.366e-1,1.642e-28,5.605e-17,1.436e-20,1.759e-14,2.165e-19,,,,2.061e-16,7.130e-38,5.359e-3,,2.069e-9,,,,3.160e-21,3.566e-16,1.010e-1,2.759e-13,,,,,7.656e-6,,,,,,,,,2.894e-18,,,,,,,,,,,,,,
834.36,4.800e-1,2.306e-1,1.628e-27,7.010e-25,,,,2.659e-18,1.636e-19,,2.839e-15,1.454e-1,1.642e-28,5.606e-17,1.437e-20,1.744e-14,2.167e-19,,,,2.073e-16,7.122e-38,6.002e-3,,2.013e-9,,,,3.169e-21,3.565e-16,9.801e-2,2.919e-13,,,,,6.579e-6,,,,,,,,,2.894e-18,,,,,,,,,,,,,,
834.39,4.747e-1,2.147e-1,1.603e-27,6.913e-25,,,,2.665e-18,1.634e-19,,2.839e-15,1.595e-1,1.642e-28,5.608e-17,1.437e-20,1.719e-14,2.170e-19,,,,2.090e-16,7.109e-38,7.098e-3,,1.928e-9,,,,3.182e-21,3.562e-16,9.348e-2,3.197e-13,,,,,5.230e-6,,,,,,,,,2.894e-18,,,,,,,,,,,,,,
834.41,4.722e-1,2.044e-1,1.586e-27,6.846e-25,,,,2.669e-18,1.633e-19,,2.840e-15,1.694e-1,1.641e-28,5.609e-17,1.437e-20,1.701e-14,2.172e-19,,,,2.102e-16,7.100e-38,7.927e-3,,1.870e-9,,,,3.191e-21,3.561e-16,9.047e-2,3.408e-13,,,,,4.482e-6,,,,,,,,,2.894e-18,,,,,,,,,,,,,,
834.44,4.699e-1,1.895e-1,1.560e-27,6.742e-25,,,,2.675e-18,1.632e-19,,2.840e-15,1.850e-1,1.641e-28,5.611e-17,1.437e-20,1.669e-14,2.175e-19,,,,2.119e-16,7.087e-38,9.337e-3,,1.784e-9,,,,3.204e-21,3.558e-16,8.600e-2,3.765e-13,,,,,3.548e-6,,,,,,,,,2.895e-18,,,,,,,,,,,,,,
834.46,4.694e-1,1.800e-1,1.543e-27,6.670e-25,,,,2.679e-18,1.631e-19,,2.841e-15,1.960e-1,1.641e-28,5.612e-17,1.438e-20,1.647e-14,2.177e-19,,,,2.131e-16,7.078e-38,1.040e-2,,1.726e-9,,,,3.212e-21,3.557e-16,8.305e-2,4.030e-13,,,,,3.032e-6,,,,,,,,,2.895e-18,,,,,,,,,,,,,,
834.49,4.704e-1,1.662e-1,1.518e-27,6.559e-25,,,,2.685e-18,1.630e-19,,2.841e-15,2.133e-1,1.640e-28,5.614e-17,1.438e-20,1.610e-14,2.180e-19,,,,2.148e-16,7.065e-38,1.220e-2,,1.639e-9,,,,3.225e-21,3.554e-16,7.868e-2,4.471e-13,,,,,2.391e-6,,,,,,,,,2.895e-18,,,,,,,,,,,,,,
834.51,4.722e-1,1.574e-1,1.501e-27,6.482e-25,,,,2.689e-18,1.629e-19,,2.842e-15,2.254e-1,1.640e-28,5.615e-17,1.438e-20,1.583e-14,2.182e-19,,,,2.160e-16,7.057e-38,1.355e-2,,1.581e-9,,,,3.234e-21,3.553e-16,7.581e-2,4.796e-13,,,,,2.037e-6,,,,,,,,,2.896e-18,,,,,,,,,,,,,,
834.54,4.766e-1,1.447e-1,1.475e-27,6.363e-25,,,,2.696e-18,1.628e-19,,2.842e-15,2.445e-1,1.640e-28,5.617e-17,1.439e-20,1.541e-14,2.185e-19,,,,2.177e-16,7.044e-38,1.583e-2,,1.496e-9,,,,3.247e-21,3.551e-16,7.158e-2,5.329e-13,,,,,1.600e-6,,,,,,,,,2.896e-18,,,,,,,,,,,,,,
834.56,4.807e-1,1.366e-1,1.458e-27,6.282e-25,,,,2.700e-18,1.627e-19,,2.843e-15,2.577e-1,1.639e-28,5.618e-17,1.439e-20,1.512e-14,2.187e-19,,,,2.188e-16,7.035e-38,1.753e-2,,1.439e-9,,,,3.256e-21,3.549e-16,6.881e-2,5.718e-13,,,,,1.360e-6,,,,,,,,,2.896e-18,,,,,,,,,,,,,,
834.59,4.887e-1,1.251e-1,1.433e-27,6.156e-25,,,,2.706e-18,1.625e-19,,2.843e-15,2.785e-1,1.639e-28,5.620e-17,1.439e-20,1.466e-14,2.190e-19,,,,2.206e-16,7.022e-38,2.040e-2,,1.355e-9,,,,3.269e-21,3.547e-16,6.474e-2,6.351e-13,,,,,1.063e-6,,,,,,,,,2.897e-18,,,,,,,,,,,,,,
834.61,4.953e-1,1.178e-1,1.416e-27,6.069e-25,,,,2.710e-18,1.624e-19,,2.844e-15,2.929e-1,1.639e-28,5.621e-17,1.439e-20,1.434e-14,2.192e-19,,,,2.217e-16,7.014e-38,2.253e-2,,1.301e-9,,,,3.277e-21,3.545e-16,6.209e-2,6.808e-13,,,,,9.010e-7,,,,,,,,,2.897e-18,,,,,,,,,,,,,,
834.64,5.071e-1,1.075e-1,1.391e-27,5.936e-25,,,,2.716e-18,1.623e-19,,2.844e-15,3.153e-1,1.638e-28,5.623e-17,1.440e-20,1.385e-14,2.195e-19,,,,2.235e-16,7.001e-38,2.611e-2,,1.220e-9,,,,3.290e-21,3.543e-16,5.821e-2,7.549e-13,,,,,7.015e-7,,,,,,,,,2.897e-18,,,,,,,,,,,,,,
834.66,5.162e-1,1.009e-1,1.374e-27,5.846e-25,,,,2.720e-18,1.622e-19,,2.845e-15,3.308e-1,1.638e-28,5.624e-17,1.440e-20,1.351e-14,2.197e-19,,,,2.246e-16,6.992e-38,2.876e-2,,1.168e-9,,,,3.299e-21,3.541e-16,5.570e-2,8.080e-13,,,,,5.929e-7,,,,,,,,,2.898e-18,,,,,,,,,,,,,,
834.69,5.317e-1,9.168e-2,1.348e-27,5.706e-25,,,,2.726e-18,1.621e-19,,2.845e-15,3.548e-1,1.638e-28,5.626e-17,1.440e-20,1.299e-14,2.200e-19,,,,2.263e-16,6.979e-38,3.319e-2,,1.091e-9,,,,3.312e-21,3.539e-16,5.203e-2,8.935e-13,,,,,4.598e-7,,,,,,,,,2.898e-18,,,,,,,,,,,,,,
834.71,5.434e-1,8.586e-2,1.331e-27,5.612e-25,,,,2.730e-18,1.620e-19,,2.846e-15,3.714e-1,1.638e-28,5.627e-17,1.440e-20,1.264e-14,2.202e-19,,,,2.275e-16,6.970e-38,3.646e-2,,1.041e-9,,,,3.321e-21,3.537e-16,4.966e-2,9.546e-13,,,,,3.875e-7,,,,,,,,,2.898e-18,,,,,,,,,,,,,,
834.73,5.561e-1,8.033e-2,1.314e-27,5.515e-25,,,,2.734e-18,1.619e-19,,2.846e-15,3.884e-1,1.637e-28,5.629e-17,1.441e-20,1.228e-14,2.204e-19,,,,2.287e-16,6.962e-38,4.001e-2,,9.922e-10,,,,3.330e-21,3.536e-16,4.736e-2,1.019e-12,,,,,3.263e-7,,,,,,,,,2.898e-18,,,,,,,,,,,,,,
834.76,5.770e-1,7.254e-2,1.289e-27,5.368e-25,,,,2.740e-18,1.617e-19,,2.847e-15,4.145e-1,1.637e-28,5.630e-17,1.441e-20,1.174e-14,2.207e-19,,,,2.304e-16,6.949e-38,4.591e-2,,9.216e-10,,,,3.343e-21,3.534e-16,4.402e-2,1.122e-12,,,,,2.515e-7,,,,,,,,,2.899e-18,,,,,,,,,,,,,,
834.78,5.923e-1,6.767e-2,1.272e-27,5.268e-25,,,,2.744e-18,1.617e-19,,2.847e-15,4.325e-1,1.637e-28,5.632e-17,1.441e-20,1.138e-14,2.209e-19,,,,2.315e-16,6.940e-38,5.024e-2,,8.761e-10,,,,3.351e-21,3.532e-16,4.187e-2,1.194e-12,,,,,2.112e-7,,,,,,,,,2.899e-18,,,,,,,,,,,,,,
834.81,6.171e-1,6.086e-2,1.246e-27,5.116e-25,,,,2.750e-18,1.615e-19,,2.848e-15,4.600e-1,1.636e-28,5.633e-17,1.442e-20,1.083e-14,2.212e-19,,,,2.333e-16,6.927e-38,5.741e-2,,8.103e-10,,,,3.364e-21,3.530e-16,3.878e-2,1.310e-12,,,,,1.621e-7,,,,,,,,,2.899e-18,,,,,,,,,,,,,,
834.83,6.349e-1,5.662e-2,1.229e-27,5.013e-25,,,,2.754e-18,1.614e-19,,2.848e-15,4.788e-1,1.636e-28,5.635e-17,1.442e-20,1.047e-14,2.214e-19,,,,2.344e-16,6.918e-38,6.266e-2,,7.682e-10,,,,3.373e-21,3.528e-16,3.680e-2,1.391e-12,,,,,1.358e-7,,,,,,,,,2.900e-18,,,,,,,,,,,,,,
834.86,6.635e-1,5.071e-2,1.204e-27,4.858e-25,,,,2.760e-18,1.613e-19,,2.849e-15,5.076e-1,1.636e-28,5.636e-17,1.442e-20,9.929e-15,2.217e-19,,,,2.362e-16,6.905e-38,7.130e-2,,7.076e-10,,,,3.386e-21,3.526e-16,3.395e-2,1.520e-12,,,,,1.038e-7,,,,,,,,,2.900e-18,,,,,,,,,,,,,,
834.88,6.839e-1,4.705e-2,1.187e-27,4.753e-25,,,,2.764e-18,1.612e-19,,2.849e-15,5.271e-1,1.635e-28,5.638e-17,1.442e-20,9.570e-15,2.219e-19,,,,2.373e-16,6.897e-38,7.761e-2,,6.690e-10,,,,3.395e-21,3.524e-16,3.214e-2,1.611e-12,,,,,8.667e-8,,,,,,,,,2.900e-18,,,,,,,,,,,,,,
834.91,7.163e-1,4.196e-2,1.161e-27,4.594e-25,,,,2.771e-18,1.611e-19,,2.850e-15,5.568e-1,1.635e-28,5.639e-17,1.443e-20,9.037e-15,2.222e-19,,,,2.390e-16,6.884e-38,8.796e-2,,6.137e-10,,,,3.408e-21,3.522e-16,2.954e-2,1.753e-12,,,,,6.599e-8,,,,,,,,,2.901e-18,,,,,,,,,,,,,,
834.93,7.391e-1,3.883e-2,1.144e-27,4.487e-25,,,,2.775e-18,1.610e-19,,2.850e-15,5.769e-1,1.635e-28,5.641e-17,1.443e-20,8.686e-15,2.224e-19,,,,2.402e-16,6.875e-38,9.548e-2,,5.786e-10,,,,3.417e-21,3.521e-16,2.789e-2,1.853e-12,,,,,5.495e-8,,,,,,,,,2.901e-18,,,,,,,,,,,,,,
834.96,7.752e-1,3.449e-2,1.119e-27,4.326e-25,,,,2.781e-18,1.608e-19,,2.851e-15,6.074e-1,1.634e-28,5.642e-17,1.443e-20,8.169e-15,2.227e-19,,,,2.419e-16,6.862e-38,1.078e-1,,5.286e-10,,,,3.430e-21,3.518e-16,2.554e-2,2.008e-12,,,,,4.166e-8,,,,,,,,,2.901e-18,,,,,,,,,,,,,,
834.98,8.005e-1,3.182e-2,1.102e-27,4.218e-25,,,,2.785e-18,1.607e-19,,2.851e-15,6.280e-1,1.634e-28,5.644e-17,1.443e-20,7.830e-15,2.229e-19,,,,2.431e-16,6.854e-38,1.167e-1,,4.970e-10,,,,3.438e-21,3.517e-16,2.405e-2,2.116e-12,,,,,3.459e-8,,,,,,,,,2.901e-18,,,,,,,,,,,,,,
835.01,8.402e-1,2.815e-2,1.076e-27,4.057e-25,,,,2.791e-18,1.606e-19,,2.852e-15,6.590e-1,1.634e-28,5.645e-17,1.444e-20,7.333e-15,2.232e-19,,,,2.448e-16,6.841e-38,1.311e-1,,4.522e-10,,,,3.451e-21,3.514e-16,2.194e-2,2.285e-12,,,,,2.612e-8,,,,,,,,,2.902e-18,,,,,,,,,,,,,,
835.03,8.678e-1,2.590e-2,1.059e-27,3.949e-25,,,,2.795e-18,1.605e-19,,2.852e-15,6.797e-1,1.634e-28,5.647e-17,1.444e-20,7.010e-15,2.234e-19,,,,2.460e-16,6.832e-38,1.416e-1,,4.240e-10,,,,3.460e-21,3.513e-16,2.062e-2,2.402e-12,,,,,2.163e-8,,,,,,,,,2.902e-18,,,,,,,,,,,,,,
835.06,9.110e-1,2.282e-2,1.034e-27,3.787e-25,,,,2.801e-18,1.604e-19,,2.853e-15,7.109e-1,1.633e-28,5.648e-17,1.444e-20,6.538e-15,2.237e-19,,,,2.477e-16,6.819e-38,1.585e-1,,3.842e-10,,,,3.473e-21,3.510e-16,1.874e-2,2.583e-12,,,,,1.627e-8,,,,,,,,,2.902e-18,,,,,,,,,,,,,,
835.08,9.409e-1,2.094e-2,1.017e-27,3.680e-25,,,,2.805e-18,1.603e-19,,2.853e-15,7.318e-1,1.633e-28,5.650e-17,1.444e-20,6.233e-15,2.239e-19,,,,2.489e-16,6.810e-38,1.706e-1,,3.593e-10,,,,3.482e-21,3.509e-16,1.756e-2,2.707e-12,,,,,1.343e-8,,,,,,,,,2.903e-18,,,,,,,,,,,,,,
835.1,9.717e-1,1.920e-2,1.000e-27,3.573e-25,,,,2.809e-18,1.602e-19,,2.854e-15,7.525e-1,1.633e-28,5.651e-17,1.445e-20,5.935e-15,2.241e-19,,,,2.500e-16,6.802e-38,1.835e-1,,3.356e-10,,,,3.490e-21,3.507e-16,1.643e-2,2.834e-12,,,,,1.108e-8,,,,,,,,,2.903e-18,,,,,,,,,,,,,,
835.13,1.019e+0,1.681e-2,9.746e-28,3.413e-25,,,,2.815e-18,1.601e-19,,2.854e-15,7.835e-1,1.632e-28,5.653e-17,1.445e-20,5.504e-15,2.244e-19,,,,2.517e-16,6.789e-38,2.043e-1,,3.023e-10,,,,3.503e-21,3.505e-16,1.486e-2,3.030e-12,,,,,8.284e-9,,,,,,,,,2.903e-18,,,,,,,,,,,,,,
835.15,1.052e+0,1.537e-2,9.576e-28,3.308e-25,,,,2.819e-18,1.600e-19,,2.855e-15,8.040e-1,1.632e-28,5.654e-17,1.445e-20,5.226e-15,2.246e-19,,,,2.529e-16,6.780e-38,2.191e-1,,2.816e-10,,,,3.512e-21,3.504e-16,1.387e-2,3.164e-12,,,,,6.814e-9,,,,,,,,,2.903e-18,,,,,,,,,,,,,,
835.18,1.103e+0,1.341e-2,9.322e-28,3.151e-25,,,,2.825e-18,1.598e-19,,2.855e-15,8.345e-1,1.632e-28,5.656e-17,1.446e-20,4.827e-15,2.249e-19,,,,2.546e-16,6.767e-38,2.429e-1,,2.526e-10,,,,3.525e-21,3.501e-16,1.249e-2,3.369e-12,,,,,5.073e-9,,,,,,,,,2.904e-18,,,,,,,,,,,,,,
835.2,1.138e+0,1.222e-2,9.152e-28,3.048e-25,,,,2.829e-18,1.597e-19,,2.856e-15,8.546e-1,1.631e-28,5.657e-17,1.446e-20,4.571e-15,2.251e-19,,,,2.558e-16,6.758e-38,2.598e-1,,2.347e-10,,,,3.534e-21,3.500e-16,1.163e-2,3.509e-12,,,,,4.162e-9,,,,,,,,,2.904e-18,,,,,,,,,,,,,,
835.23,1.192e+0,1.062e-2,8.897e-28,2.895e-25,,,,2.835e-18,1.596e-19,,2.856e-15,8.841e-1,1.631e-28,5.659e-17,1.446e-20,4.204e-15,2.254e-19,,,,2.575e-16,6.745e-38,2.869e-1,,2.097e-10,,,,3.547e-21,3.497e-16,1.043e-2,3.721e-12,,,,,3.086e-9,,,,,,,,,2.904e-18,,,,,,,,,,,,,,
835.25,1.229e+0,9.651e-3,8.727e-28,2.795e-25,,,,2.839e-18,1.595e-19,,2.857e-15,9.035e-1,1.631e-28,5.660e-17,1.446e-20,3.970e-15,2.256e-19,,,,2.587e-16,6.737e-38,3.060e-1,,1.942e-10,,,,3.556e-21,3.496e-16,9.689e-3,3.864e-12,,,,,2.524e-9,,,,,,,,,2.905e-18,,,,,,,,,,,,,,
835.28,1.285e+0,8.348e-3,8.473e-28,2.647e-25,,,,2.845e-18,1.594e-19,,2.857e-15,9.319e-1,1.630e-28,5.662e-17,1.447e-20,3.636e-15,2.259e-19,,,,2.604e-16,6.724e-38,3.365e-1,,1.728e-10,,,,3.569e-21,3.493e-16,8.657e-3,4.081e-12,,,,,1.864e-9,,,,,,,,,2.905e-18,,,,,,,,,,,,,,
835.3,1.324e+0,7.569e-3,8.303e-28,2.550e-25,,,,2.850e-18,1.593e-19,,2.858e-15,9.504e-1,1.630e-28,5.663e-17,1.447e-20,3.425e-15,2.261e-19,,,,2.615e-16,6.715e-38,3.580e-1,,1.596e-10,,,,3.577e-21,3.492e-16,8.020e-3,4.226e-12,,,,,1.521e-9,,,,,,,,,2.905e-18,,,,,,,,,,,,,,
835.33,1.383e+0,6.520e-3,8.048e-28,2.407e-25,,,,2.856e-18,1.591e-19,,2.859e-15,9.772e-1,1.630e-28,5.665e-17,1.447e-20,3.124e-15,2.264e-19,,,,2.633e-16,6.702e-38,3.920e-1,,1.415e-10,,,,3.590e-21,3.490e-16,7.137e-3,4.445e-12,,,,,1.118e-9,,,,,,,,,2.906e-18,,,,,,,,,,,,,,
835.35,1.423e+0,5.895e-3,7.879e-28,2.314e-25,,,,2.860e-18,1.590e-19,,2.859e-15,9.946e-1,1.630e-28,5.666e-17,1.447e-20,2.934e-15,2.266e-19,,,,2.644e-16,6.694e-38,4.159e-1,,1.303e-10,,,,3.599e-21,3.488e-16,6.594e-3,4.591e-12,,,,,9.096e-10,,,,,,,,,2.906e-18,,,,,,,,,,,,,,
835.38,1.484e+0,5.058e-3,7.624e-28,2.178e-25,,,,2.866e-18,1.589e-19,,2.860e-15,1.020e+0,1.629e-28,5.668e-17,1.448e-20,2.665e-15,2.269e-19,,,,2.662e-16,6.681e-38,4.536e-1,,1.150e-10,,,,3.612e-21,3.486e-16,5.845e-3,4.809e-12,,,,,6.661e-10,,,,,,,,,2.906e-18,,,,,,,,,,,,,,
835.4,1.526e+0,4.560e-3,7.454e-28,2.090e-25,,,,2.870e-18,1.588e-19,,2.860e-15,1.036e+0,1.629e-28,5.669e-17,1.448e-20,2.497e-15,2.271e-19,,,,2.673e-16,6.672e-38,4.800e-1,,1.057e-10,,,,3.621e-21,3.484e-16,5.387e-3,4.954e-12,,,,,5.404e-10,,,,,,,,,2.907e-18,,,,,,,,,,,,,,
835.43,1.589e+0,3.896e-3,7.199e-28,1.961e-25,,,,2.876e-18,1.587e-19,,2.861e-15,1.059e+0,1.629e-28,5.671e-17,1.448e-20,2.259e-15,2.274e-19,,,,2.690e-16,6.659e-38,5.214e-1,,9.286e-11,,,,3.634e-21,3.482e-16,4.756e-3,5.168e-12,,,,,3.941e-10,,,,,,,,,2.907e-18,,,,,,,,,,,,,,
835.45,1.631e+0,3.503e-3,7.030e-28,1.877e-25,,,,2.880e-18,1.586e-19,,2.861e-15,1.073e+0,1.628e-28,5.672e-17,1.449e-20,2.110e-15,2.276e-19,,,,2.702e-16,6.650e-38,5.502e-1,,8.508e-11,,,,3.643e-21,3.480e-16,4.372e-3,5.308e-12,,,,,3.188e-10,,,,,,,,,2.907e-18,,,,,,,,,,,,,,
835.47,1.674e+0,3.147e-3,6.860e-28,1.795e-25,,,,2.884e-18,1.585e-19,,2.861e-15,1.087e+0,1.628e-28,5.673e-17,1.449e-20,1.969e-15,2.278e-19,,,,2.714e-16,6.642e-38,5.800e-1,,7.787e-11,,,,3.651e-21,3.479e-16,4.014e-3,5.446e-12,,,,,2.577e-10,,,,,,,,,2.907e-18,,,,,,,,,,,,,,
835.5,1.739e+0,2.673e-3,6.605e-28,1.677e-25,,,,2.890e-18,1.584e-19,,2.862e-15,1.107e+0,1.628e-28,5.675e-17,1.449e-20,1.771e-15,2.281e-19,,,,2.731e-16,6.629e-38,6.265e-1,,6.804e-11,,,,3.664e-21,3.476e-16,3.524e-3,5.649e-12,,,,,1.868e-10,,,,,,,,,2.908e-18,,,,,,,,,,,,,,
835.52,1.783e+0,2.394e-3,6.435e-28,1.600e-25,,,,2.894e-18,1.583e-19,,2.862e-15,1.119e+0,1.628e-28,5.676e-17,1.449e-20,1.648e-15,2.283e-19,,,,2.742e-16,6.620e-38,6.586e-1,,6.210e-11,,,,3.673e-21,3.475e-16,3.227e-3,5.781e-12,,,,,1.506e-10,,,,,,,,,2.908e-18,,,,,,,,,,,,,,
835.55,1.849e+0,2.025e-3,6.181e-28,1.489e-25,,,,2.900e-18,1.581e-19,,2.863e-15,1.136e+0,1.627e-28,5.678e-17,1.450e-20,1.476e-15,2.286e-19,,,,2.760e-16,6.607e-38,7.086e-1,,5.404e-11,,,,3.686e-21,3.473e-16,2.822e-3,5.971e-12,,,,,1.087e-10,,,,,,,,,2.908e-18,,,,,,,,,,,,,,
835.57,1.893e+0,1.809e-3,6.011e-28,1.418e-25,,,,2.904e-18,1.580e-19,,2.863e-15,1.146e+0,1.627e-28,5.679e-17,1.450e-20,1.369e-15,2.288e-19,,,,2.771e-16,6.598e-38,7.429e-1,,4.918e-11,,,,3.695e-21,3.471e-16,2.578e-3,6.093e-12,,,,,8.737e-11,,,,,,,,,2.909e-18,,,,,,,,,,,,,,
835.6,1.960e+0,1.524e-3,5.756e-28,1.316e-25,,,,2.910e-18,1.579e-19,,2.864e-15,1.160e+0,1.627e-28,5.681e-17,1.450e-20,1.222e-15,2.291e-19,,,,2.789e-16,6.585e-38,7.960e-1,,4.262e-11,,,,3.708e-21,3.469e-16,2.245e-3,6.268e-12,,,,,6.282e-11,,,,,,,,,2.909e-18,,,,,,,,,,,,,,
835.62,2.004e+0,1.358e-3,5.587e-28,1.250e-25,,,,2.914e-18,1.578e-19,,2.864e-15,1.168e+0,1.626e-28,5.682e-17,1.450e-20,1.131e-15,2.293e-19,,,,2.800e-16,6.577e-38,8.324e-1,,3.869e-11,,,,3.716e-21,3.467e-16,2.045e-3,6.379e-12,,,,,5.035e-11,,,,,,,,,2.909e-18,,,,,,,,,,,,,,
835.65,2.070e+0,1.139e-3,5.332e-28,1.156e-25,,,,2.920e-18,1.577e-19,,2.865e-15,1.179e+0,1.626e-28,5.684e-17,1.451e-20,1.004e-15,2.296e-19,,,,2.817e-16,6.564e-38,8.884e-1,,3.339e-11,,,,3.729e-21,3.465e-16,1.774e-3,6.536e-12,,,,,3.605e-11,,,,,,,,,2.910e-18,,,,,,,,,,,,,,
835.67,2.114e+0,1.012e-3,5.162e-28,1.096e-25,,,,2.925e-18,1.576e-19,,2.865e-15,1.185e+0,1.626e-28,5.685e-17,1.451e-20,9.269e-16,2.298e-19,,,,2.829e-16,6.555e-38,9.266e-1,,3.022e-11,,,,3.738e-21,3.463e-16,1.612e-3,6.633e-12,,,,,2.881e-11,,,,,,,,,2.910e-18,,,,,,,,,,,,,,
835.7,2.180e+0,8.456e-4,4.907e-28,1.009e-25,,,,2.931e-18,1.574e-19,,2.866e-15,1.193e+0,1.625e-28,5.687e-17,1.451e-20,8.200e-16,2.301e-19,,,,2.846e-16,6.542e-38,9.850e-1,,2.598e-11,,,,3.751e-21,3.461e-16,1.393e-3,6.768e-12,,,,,2.055e-11,,,,,,,,,2.910e-18,,,,,,,,,,,,,,
835.72,2.223e+0,7.491e-4,4.738e-28,9.546e-26,,,,2.935e-18,1.574e-19,,2.866e-15,1.197e+0,1.625e-28,5.688e-17,1.452e-20,7.547e-16,2.303e-19,,,,2.858e-16,6.534e-38,1.025e+0,,2.345e-11,,,,3.760e-21,3.459e-16,1.262e-3,6.850e-12,,,,,1.638e-11,,,,,,,,,2.910e-18,,,,,,,,,,,,,,
835.75,2.288e+0,6.233e-4,4.483e-28,8.764e-26,,,,2.941e-18,1.572e-19,,2.867e-15,1.201e+0,1.625e-28,5.690e-17,1.452e-20,6.650e-16,2.306e-19,,,,2.875e-16,6.521e-38,1.085e+0,,2.007e-11,,,,3.773e-21,3.457e-16,1.086e-3,6.960e-12,,,,,1.163e-11,,,,,,,,,2.911e-18,,,,,,,,,,,,,,
835.77,2.330e+0,5.507e-4,4.313e-28,8.269e-26,,,,2.945e-18,1.571e-19,,2.867e-15,1.203e+0,1.624e-28,5.691e-17,1.452e-20,6.103e-16,2.308e-19,,,,2.887e-16,6.512e-38,1.126e+0,,1.807e-11,,,,3.782e-21,3.456e-16,9.811e-4,7.026e-12,,,,,9.244e-12,,,,,,,,,2.911e-18,,,,,,,,,,,,,,
835.8,2.393e+0,4.563e-4,4.059e-28,7.565e-26,,,,2.951e-18,1.570e-19,,2.868e-15,1.204e+0,1.624e-28,5.693e-17,1.452e-20,5.355e-16,2.311e-19,,,,2.904e-16,6.499e-38,1.187e+0,,1.540e-11,,,,3.795e-21,3.453e-16,8.410e-4,7.110e-12,,,,,6.537e-12,,,,,,,,,2.911e-18,,,,,,,,,,,,,,
835.82,2.434e+0,4.020e-4,3.889e-28,7.120e-26,,,,2.955e-18,1.569e-19,,2.868e-15,1.204e+0,1.624e-28,5.694e-17,1.453e-20,4.902e-16,2.313e-19,,,,2.916e-16,6.490e-38,1.229e+0,,1.383e-11,,,,3.803e-21,3.452e-16,7.578e-4,7.157e-12,,,,,5.182e-12,,,,,,,,,2.912e-18,,,,,,,,,,,,,,
835.84,2.474e+0,3.538e-4,3.719e-28,6.696e-26,,,,2.959e-18,1.568e-19,,2.869e-15,1.203e+0,1.624e-28,5.695e-17,1.453e-20,4.481e-16,2.315e-19,,,,2.927e-16,6.482e-38,1.270e+0,,1.240e-11,,,,3.812e-21,3.450e-16,6.821e-4,7.196e-12,,,,,4.103e-12,,,,,,,,,2.912e-18,,,,,,,,,,,,,,
835.87,2.533e+0,2.915e-4,3.464e-28,6.095e-26,,,,2.965e-18,1.567e-19,,2.869e-15,1.200e+0,1.623e-28,5.697e-17,1.453e-20,3.910e-16,2.318e-19,,,,2.944e-16,6.469e-38,1.332e+0,,1.051e-11,,,,3.825e-21,3.448e-16,5.814e-4,7.240e-12,,,,,2.885e-12,,,,,,,,,2.912e-18,,,,,,,,,,,,,,
835.89,2.571e+0,2.558e-4,3.295e-28,5.718e-26,,,,2.969e-18,1.566e-19,,2.870e-15,1.196e+0,1.623e-28,5.698e-17,1.453e-20,3.565e-16,2.320e-19,,,,2.956e-16,6.460e-38,1.374e+0,,9.398e-12,,,,3.834e-21,3.446e-16,5.219e-4,7.260e-12,,,,,2.278e-12,,,,,,,,,2.912e-18,,,,,,,,,,,,,,
835.92,2.626e+0,2.099e-4,1.156e-27,5.186e-26,,,,2.975e-18,1.564e-19,,2.871e-15,1.190e+0,1.623e-28,5.700e-17,1.454e-20,3.097e-16,2.323e-19,,,,2.973e-16,6.447e-38,1.436e+0,,7.932e-12,,,,3.847e-21,3.444e-16,4.431e-4,7.275e-12,,,,,1.595e-12,,,,,,,,,2.913e-18,,,,,,,,,,,,,,
835.94,2.662e+0,1.837e-4,1.548e-27,4.853e-26,,,,2.979e-18,1.563e-19,,2.871e-15,1.184e+0,1.622e-28,5.702e-17,1.454e-20,2.816e-16,2.325e-19,,,,2.985e-16,6.438e-38,1.477e+0,,7.074e-12,,,,3.856e-21,3.442e-16,3.967e-4,7.275e-12,,,,,1.256e-12,,,,,,,,,2.913e-18,,,,,,,,,,,,,,
835.97,2.713e+0,1.501e-4,2.395e-27,4.385e-26,,,,2.985e-18,1.562e-19,,2.872e-15,1.175e+0,1.622e-28,5.703e-17,1.454e-20,2.437e-16,2.328e-19,,,,3.002e-16,6.425e-38,1.538e+0,,5.946e-12,,,,3.869e-21,3.440e-16,3.354e-4,7.260e-12,,,,,8.757e-13,,,,,,,,,2.913e-18,,,,,,,,,,,,,,
835.99,2.746e+0,1.310e-4,3.199e-27,4.094e-26,,,,2.989e-18,1.561e-19,,2.872e-15,1.167e+0,1.622e-28,5.705e-17,1.454e-20,2.210e-16,2.330e-19,,,,3.014e-16,6.417e-38,1.578e+0,,5.288e-12,,,,3.877e-21,3.439e-16,2.994e-4,7.240e-12,,,,,6.876e-13,,,,,,,,,2.914e-18,,,,,,,,,,,,,,
836.02,2.792e+0,1.066e-4,5.505e-27,3.686e-26,,,,2.995e-18,1.560e-19,,2.873e-15,1.154e+0,1.621e-28,5.706e-17,1.455e-20,1.904e-16,2.333e-19,,,,3.031e-16,6.404e-38,1.637e+0,,4.427e-12,,,,3.890e-21,3.436e-16,2.521e-4,7.196e-12,,,,,4.775e-13,,,,,,,,,2.914e-18,,,,,,,,,,,,,,
836.04,2.821e+0,9.282e-5,7.337e-27,3.432e-26,,,,2.999e-18,1.559e-19,,2.873e-15,1.145e+0,1.621e-28,5.708e-17,1.455e-20,1.722e-16,2.335e-19,,,,3.043e-16,6.395e-38,1.676e+0,,3.927e-12,,,,3.899e-21,3.435e-16,2.245e-4,7.157e-12,,,,,3.739e-13,,,,,,,,,2.914e-18,,,,,,,,,,,,,,
836.07,2.863e+0,7.522e-5,1.127e-26,3.078e-26,,,,3.006e-18,1.558e-19,,2.874e-15,1.129e+0,1.621e-28,5.709e-17,1.455e-20,1.477e-16,2.338e-19,,,,3.060e-16,6.382e-38,1.733e+0,,3.274e-12,,,,3.912e-21,3.432e-16,1.883e-4,7.083e-12,,,,,2.586e-13,,,,,,,,,2.915e-18,,,,,,,,,,,,,,
836.09,2.888e+0,6.529e-5,1.498e-26,2.859e-26,,,,3.010e-18,1.557e-19,,2.874e-15,1.118e+0,1.620e-28,5.711e-17,1.456e-20,1.332e-16,2.340e-19,,,,3.071e-16,6.374e-38,1.770e+0,,2.896e-12,,,,3.921e-21,3.431e-16,1.672e-4,7.026e-12,,,,,2.019e-13,,,,,,,,,2.915e-18,,,,,,,,,,,,,,
836.12,2.924e+0,5.269e-5,2.291e-26,2.555e-26,,,,3.016e-18,1.555e-19,,2.875e-15,1.100e+0,1.620e-28,5.712e-17,1.456e-20,1.139e-16,2.343e-19,,,,3.089e-16,6.361e-38,1.824e+0,,2.405e-12,,,,3.934e-21,3.429e-16,1.396e-4,6.925e-12,,,,,1.391e-13,,,,,,,,,2.915e-18,,,,,,,,,,,,,,
836.14,2.946e+0,4.561e-5,3.037e-26,2.367e-26,,,,3.020e-18,1.554e-19,,2.875e-15,1.087e+0,1.620e-28,5.714e-17,1.456e-20,1.024e-16,2.345e-19,,,,3.100e-16,6.352e-38,1.858e+0,,2.122e-12,,,,3.942e-21,3.427e-16,1.237e-4,6.850e-12,,,,,1.083e-13,,,,,,,,,2.916e-18,,,,,,,,,,,,,,
836.17,2.976e+0,3.666e-5,4.627e-26,2.107e-26,,,,3.026e-18,1.553e-19,,2.876e-15,1.067e+0,1.619e-28,5.715e-17,1.456e-20,8.716e-17,2.348e-19,,,,3.118e-16,6.339e-38,1.909e+0,,1.755e-12,,,,3.955e-21,3.425e-16,1.029e-4,6.724e-12,,,,,7.426e-14,,,,,,,,,2.916e-18,,,,,,,,,,,,,,
836.19,2.993e+0,3.165e-5,6.118e-26,1.948e-26,,,,3.030e-18,1.552e-19,,2.876e-15,1.052e+0,1.619e-28,5.717e-17,1.457e-20,7.817e-17,2.350e-19,,,,3.129e-16,6.330e-38,1.941e+0,,1.545e-12,,,,3.964e-21,3.423e-16,9.086e-5,6.633e-12,,,,,5.767e-14,,,,,,,,,2.916e-18,,,,,,,,,,,,,,
836.21,3.010e+0,2.729e-5,8.080e-26,1.798e-26,,,,3.034e-18,1.551e-19,,2.876e-15,1.037e+0,1.619e-28,5.718e-17,1.457e-20,7.003e-17,2.352e-19,,,,3.141e-16,6.322e-38,1.972e+0,,1.359e-12,,,,3.973e-21,3.422e-16,8.016e-5,6.536e-12,,,,,4.474e-14,,,,,,,,,2.916e-18,,,,,,,,,,,,,,
836.24,3.031e+0,2.181e-5,1.224e-25,1.592e-26,,,,3.040e-18,1.550e-19,,2.877e-15,1.014e+0,1.619e-28,5.720e-17,1.457e-20,5.926e-17,2.355e-19,,,,3.158e-16,6.309e-38,2.017e+0,,1.119e-12,,,,3.986e-21,3.419e-16,6.630e-5,6.379e-12,,,,,3.050e-14,,,,,,,,,2.917e-18,,,,,,,,,,,,,,
836.26,3.043e+0,1.875e-5,1.612e-25,1.466e-26,,,,3.044e-18,1.549e-19,,2.877e-15,9.974e-1,1.618e-28,5.721e-17,1.457e-20,5.294e-17,2.357e-19,,,,3.170e-16,6.300e-38,2.046e+0,,9.818e-13,,,,3.995e-21,3.418e-16,5.833e-5,6.268e-12,,,,,2.360e-14,,,,,,,,,2.917e-18,,,,,,,,,,,,,,
836.29,3.059e+0,1.492e-5,2.432e-25,1.293e-26,,,,3.050e-18,1.547e-19,,2.878e-15,9.721e-1,1.618e-28,5.723e-17,1.458e-20,4.461e-17,2.360e-19,,,,3.187e-16,6.287e-38,2.086e+0,,8.065e-13,,,,4.008e-21,3.415e-16,4.805e-5,6.093e-12,,,,,1.602e-14,,,,,,,,,2.917e-18,,,,,,,,,,,,,,
836.31,3.067e+0,1.280e-5,3.195e-25,1.188e-26,,,,3.054e-18,1.547e-19,,2.878e-15,9.547e-1,1.618e-28,5.724e-17,1.458e-20,3.975e-17,2.362e-19,,,,3.198e-16,6.278e-38,2.112e+0,,7.072e-13,,,,4.016e-21,3.414e-16,4.216e-5,5.971e-12,,,,,1.236e-14,,,,,,,,,2.918e-18,,,,,,,,,,,,,,
836.34,3.077e+0,1.014e-5,4.801e-25,1.044e-26,,,,3.060e-18,1.545e-19,,2.879e-15,9.279e-1,1.617e-28,5.726e-17,1.458e-20,3.336e-17,2.365e-19,,,,3.216e-16,6.265e-38,2.149e+0,,5.809e-13,,,,4.029e-21,3.412e-16,3.459e-5,5.781e-12,,,,,8.359e-15,,,,,,,,,2.918e-18,,,,,,,,,,,,,,
836.36,3.082e+0,8.675e-6,6.289e-25,9.564e-27,,,,3.064e-18,1.544e-19,,2.879e-15,9.096e-1,1.617e-28,5.727e-17,1.459e-20,2.964e-17,2.367e-19,,,,3.227e-16,6.257e-38,2.172e+0,,5.099e-13,,,,4.038e-21,3.410e-16,3.027e-5,5.649e-12,,,,,6.431e-15,,,,,,,,,2.918e-18,,,,,,,,,,,,,,
836.39,3.086e+0,6.847e-6,9.412e-25,8.371e-27,,,,3.070e-18,1.543e-19,,2.880e-15,8.816e-1,1.617e-28,5.729e-17,1.459e-20,2.477e-17,2.370e-19,,,,3.245e-16,6.244e-38,2.205e+0,,4.205e-13,,,,4.051e-21,3.408e-16,2.473e-5,5.446e-12,,,,,4.331e-15,,,,,,,,,2.919e-18,,,,,,,,,,,,,,
836.41,3.088e+0,5.839e-6,1.230e-24,7.649e-27,,,,3.074e-18,1.542e-19,,2.880e-15,8.626e-1,1.616e-28,5.730e-17,1.459e-20,2.195e-17,2.372e-19,,,,3.256e-16,6.235e-38,2.225e+0,,3.710e-13,,,,4.060e-21,3.406e-16,2.158e-5,5.308e-12,,,,,3.322e-15,,,,,,,,,2.919e-18,,,,,,,,,,,,,,
836.44,3.089e+0,4.590e-6,1.833e-24,6.669e-27,,,,3.081e-18,1.541e-19,,2.881e-15,8.336e-1,1.616e-28,5.732e-17,1.459e-20,1.827e-17,2.375e-19,,,,3.273e-16,6.222e-38,2.255e+0,,3.098e-13,,,,4.073e-21,3.404e-16,1.756e-5,5.097e-12,,,,,2.228e-15,,,,,,,,,2.919e-18,,,,,,,,,,,,,,
836.46,3.088e+0,3.904e-6,2.388e-24,6.078e-27,,,,3.085e-18,1.540e-19,,2.882e-15,8.141e-1,1.616e-28,5.733e-17,1.460e-20,1.614e-17,2.377e-19,,,,3.285e-16,6.214e-38,2.273e+0,,2.768e-13,,,,4.082e-21,3.402e-16,1.528e-5,4.954e-12,,,,,1.705e-15,,,,,,,,,2.919e-18,,,,,,,,,,,,,,
836.49,3.085e+0,3.056e-6,3.546e-24,5.279e-27,,,,3.091e-18,1.538e-19,,2.882e-15,7.845e-1,1.615e-28,5.735e-17,1.460e-20,1.338e-17,2.380e-19,,,,3.302e-16,6.201e-38,2.300e+0,,2.376e-13,,,,4.095e-21,3.400e-16,1.238e-5,4.737e-12,,,,,1.138e-15,,,,,,,,,2.920e-18,,,,,,,,,,,,,,
836.51,3.082e+0,2.592e-6,4.608e-24,4.799e-27,,,,3.095e-18,1.537e-19,,2.883e-15,7.647e-1,1.615e-28,5.736e-17,1.460e-20,1.179e-17,2.382e-19,,,,3.314e-16,6.192e-38,2.317e+0,,2.177e-13,,,,4.103e-21,3.398e-16,1.075e-5,4.591e-12,,,,,8.686e-16,,,,,,,,,2.920e-18,,,,,,,,,,,,,,
836.54,3.077e+0,2.020e-6,6.812e-24,4.151e-27,,,,3.101e-18,1.536e-19,,2.883e-15,7.347e-1,1.615e-28,5.738e-17,1.461e-20,9.736e-18,2.385e-19,,,,3.331e-16,6.179e-38,2.342e+0,,1.964e-13,,,,4.116e-21,3.396e-16,8.673e-6,4.372e-12,,,,,5.777e-16,,,,,,,,,2.920e-18,,,,,,,,,,,,,,
836.56,3.073e+0,1.709e-6,8.829e-24,3.764e-27,,,,3.105e-18,1.535e-19,,2.884e-15,7.147e-1,1.615e-28,5.739e-17,1.461e-20,8.556e-18,2.387e-19,,,,3.343e-16,6.170e-38,2.358e+0,,1.875e-13,,,,4.125e-21,3.395e-16,7.507e-6,4.226e-12,,,,,4.395e-16,,,,,,,,,2.921e-18,,,,,,,,,,,,,,
836.59,3.067e+0,1.327e-6,1.300e-23,3.243e-27,,,,3.111e-18,1.534e-19,,2.884e-15,6.847e-1,1.614e-28,5.741e-17,1.461e-20,7.034e-18,2.390e-19,,,,3.360e-16,6.157e-38,2.382e+0,,1.819e-13,,,,4.138e-21,3.392e-16,6.033e-6,4.008e-12,,,,,2.911e-16,,,,,,,,,2.921e-18,,,,,,,,,,,,,,
836.61,3.063e+0,1.119e-6,1.680e-23,2.932e-27,,,,3.115e-18,1.533e-19,,2.885e-15,6.647e-1,1.614e-28,5.742e-17,1.461e-20,6.164e-18,2.392e-19,,,,3.371e-16,6.149e-38,2.398e+0,,1.832e-13,,,,4.147e-21,3.391e-16,5.208e-6,3.864e-12,,,,,2.209e-16,,,,,,,,,2.921e-18,,,,,,,,,,,,,,
836.63,3.059e+0,9.429e-7,2.170e-23,2.649e-27,,,,3.119e-18,1.532e-19,,2.885e-15,6.448e-1,1.614e-28,5.743e-17,1.462e-20,5.396e-18,2.394e-19,,,,3.383e-16,6.140e-38,2.414e+0,,1.885e-13,,,,4.155e-21,3.389e-16,4.491e-6,3.721e-12,,,,,1.674e-16,,,,,,,,,2.921e-18,,,,,,,,,,,,,,
836.66,3.054e+0,7.278e-7,3.177e-23,2.270e-27,,,,3.125e-18,1.531e-19,,2.886e-15,6.152e-1,1.613e-28,5.745e-17,1.462e-20,4.411e-18,2.397e-19,,,,3.400e-16,6.127e-38,2.438e+0,,2.044e-13,,,,4.168e-21,3.387e-16,3.589e-6,3.508e-12,,,,,1.102e-16,,,,,,,,,2.922e-18,,,,,,,,,,,,,,
836.68,3.051e+0,6.116e-7,4.091e-23,2.045e-27,,,,3.129e-18,1.530e-19,,2.886e-15,5.956e-1,1.613e-28,5.746e-17,1.462e-20,3.851e-18,2.399e-19,,,,3.412e-16,6.118e-38,2.455e+0,,2.205e-13,,,,4.177e-21,3.385e-16,3.086e-6,3.369e-12,,,,,8.332e-17,,,,,,,,,2.922e-18,,,,,,,,,,,,,,
836.71,3.048e+0,4.701e-7,5.966e-23,1.745e-27,,,,3.135e-18,1.528e-19,,2.887e-15,5.665e-1,1.613e-28,5.748e-17,1.462e-20,3.135e-18,2.402e-19,,,,3.429e-16,6.105e-38,2.482e+0,,2.536e-13,,,,4.190e-21,3.383e-16,2.456e-6,3.164e-12,,,,,5.464e-17,,,,,,,,,2.922e-18,,,,,,,,,,,,,,
836.73,3.048e+0,3.939e-7,7.662e-23,1.568e-27,,,,3.139e-18,1.527e-19,,2.887e-15,5.473e-1,1.612e-28,5.749e-17,1.463e-20,2.729e-18,2.404e-19,,,,3.441e-16,6.097e-38,2.501e+0,,2.823e-13,,,,4.199e-21,3.381e-16,2.106e-6,3.030e-12,,,,,4.118e-17,,,,,,,,,2.923e-18,,,,,,,,,,,,,,
836.76,3.050e+0,3.015e-7,1.113e-22,1.333e-27,,,,3.145e-18,1.526e-19,,2.888e-15,5.189e-1,1.612e-28,5.751e-17,1.463e-20,2.212e-18,2.407e-19,,,,3.458e-16,6.084e-38,2.531e+0,,3.365e-13,,,,4.212e-21,3.379e-16,1.669e-6,2.834e-12,,,,,2.689e-17,,,,,,,,,2.923e-18,,,,,,,,,,,,,,
836.78,3.053e+0,2.520e-7,1.425e-22,1.195e-27,,,,3.149e-18,1.525e-19,,2.888e-15,5.003e-1,1.612e-28,5.752e-17,1.463e-20,1.921e-18,2.409e-19,,,,3.470e-16,6.075e-38,2.552e+0,,3.809e-13,,,,4.221e-21,3.378e-16,1.427e-6,2.706e-12,,,,,2.022e-17,,,,,,,,,2.923e-18,,,,,,,,,,,,,,
836.81,3.060e+0,1.921e-7,2.062e-22,1.011e-27,,,,3.155e-18,1.524e-19,,2.889e-15,4.729e-1,1.611e-28,5.754e-17,1.464e-20,1.551e-18,2.412e-19,,,,3.487e-16,6.062e-38,2.587e+0,,4.620e-13,,,,4.234e-21,3.375e-16,1.127e-6,2.521e-12,,,,,1.315e-17,,,,,,,,,2.924e-18,,,,,,,,,,,,,,
836.83,3.067e+0,1.601e-7,2.634e-22,9.039e-28,,,,3.160e-18,1.523e-19,,2.889e-15,4.550e-1,1.611e-28,5.755e-17,1.464e-20,1.343e-18,2.414e-19,,,,3.498e-16,6.054e-38,2.612e+0,,5.270e-13,,,,4.242e-21,3.374e-16,9.609e-7,2.401e-12,,,,,9.855e-18,,,,,,,,,2.924e-18,,,,,,,,,,,,,,
836.86,3.082e+0,1.215e-7,3.794e-22,7.623e-28,,,,3.166e-18,1.521e-19,,2.890e-15,4.287e-1,1.611e-28,5.757e-17,1.464e-20,1.080e-18,2.417e-19,,,,3.516e-16,6.041e-38,2.653e+0,,6.435e-13,,,,4.255e-21,3.371e-16,7.553e-7,2.227e-12,,,,,6.382e-18,,,,,,,,,2.924e-18,,,,,,,,,,,,,,
836.88,3.095e+0,1.010e-7,4.834e-22,6.795e-28,,,,3.170e-18,1.520e-19,,2.890e-15,4.116e-1,1.611e-28,5.758e-17,1.464e-20,9.322e-19,2.419e-19,,,,3.527e-16,6.032e-38,2.683e+0,,7.357e-13,,,,4.264e-21,3.370e-16,6.425e-7,2.115e-12,,,,,4.771e-18,,,,,,,,,2.925e-18,,,,,,,,,,,,,,
836.91,3.118e+0,7.637e-8,6.936e-22,5.707e-28,,,,3.176e-18,1.519e-19,,2.891e-15,3.866e-1,1.610e-28,5.760e-17,1.465e-20,7.464e-19,2.422e-19,,,,3.545e-16,6.019e-38,2.732e+0,,8.994e-13,,,,4.277e-21,3.368e-16,5.029e-7,1.954e-12,,,,,3.077e-18,,,,,,,,,2.925e-18,,,,,,,,,,,,,,
836.93,3.137e+0,6.330e-8,8.812e-22,5.073e-28,,,,3.180e-18,1.518e-19,,2.891e-15,3.704e-1,1.610e-28,5.761e-17,1.465e-20,6.428e-19,2.424e-19,,,,3.556e-16,6.010e-38,2.767e+0,,1.028e-12,,,,4.286e-21,3.366e-16,4.266e-7,1.851e-12,,,,,2.294e-18,,,,,,,,,2.925e-18,,,,,,,,,,,,,,
836.96,3.171e+0,4.766e-8,1.259e-21,4.244e-28,,,,3.186e-18,1.517e-19,,2.892e-15,3.467e-1,1.610e-28,5.763e-17,1.465e-20,5.125e-19,2.427e-19,,,,3.573e-16,5.997e-38,2.824e+0,,1.255e-12,,,,4.299e-21,3.364e-16,3.326e-7,1.703e-12,,,,,1.473e-18,,,,,,,,,2.925e-18,,,,,,,,,,,,,,
836.98,3.197e+0,3.939e-8,1.596e-21,3.763e-28,,,,3.190e-18,1.516e-19,,2.892e-15,3.315e-1,1.609e-28,5.764e-17,1.465e-20,4.401e-19,2.429e-19,,,,3.585e-16,5.989e-38,2.865e+0,,1.432e-12,,,,4.308e-21,3.362e-16,2.813e-7,1.609e-12,,,,,1.472e-18,,,,,,,,,2.926e-18,,,,,,,,,,,,,,
837,3.226e+0,3.252e-8,2.020e-21,3.333e-28,,,,3.194e-18,1.515e-19,,2.893e-15,3.166e-1,1.609e-28,5.765e-17,1.466e-20,3.776e-19,2.431e-19,,,,3.597e-16,5.980e-38,2.909e+0,,1.633e-12,,,,4.316e-21,3.361e-16,2.377e-7,1.518e-12,,,,,1.472e-18,,,,,,,,,2.926e-18,,,,,,,,,,,,,,
837.03,3.275e+0,2.435e-8,2.870e-21,2.772e-28,,,,3.200e-18,1.514e-19,,2.893e-15,2.950e-1,1.609e-28,5.767e-17,1.466e-20,2.993e-19,2.434e-19,,,,3.614e-16,5.967e-38,2.980e+0,,1.984e-12,,,,4.329e-21,3.358e-16,1.843e-7,1.389e-12,,,,,1.470e-18,,,,,,,,,2.926e-18,,,,,,,,,,,,,,
837.05,3.312e+0,2.005e-8,3.623e-21,2.448e-28,,,,3.204e-18,1.513e-19,,2.894e-15,2.812e-1,1.609e-28,5.768e-17,1.466e-20,2.561e-19,2.436e-19,,,,3.625e-16,5.958e-38,3.031e+0,,2.257e-12,,,,4.338e-21,3.357e-16,1.553e-7,1.307e-12,,,,,1.469e-18,,,,,,,,,2.927e-18,,,,,,,,,,,,,,
837.08,3.373e+0,1.494e-8,5.128e-21,2.028e-28,,,,3.210e-18,1.511e-19,,2.894e-15,2.612e-1,1.608e-28,5.770e-17,1.466e-20,2.022e-19,2.439e-19,,,,3.643e-16,5.945e-38,3.112e+0,,2.734e-12,,,,4.351e-21,3.354e-16,1.199e-7,1.190e-12,,,,,1.468e-18,,,,,,,,,2.927e-18,,,,,,,,,,,,,,
837.1,3.418e+0,1.227e-8,6.455e-21,1.787e-28,,,,3.214e-18,1.510e-19,,2.895e-15,2.483e-1,1.608e-28,5.771e-17,1.467e-20,1.725e-19,2.441e-19,,,,3.654e-16,5.937e-38,3.170e+0,,3.102e-12,,,,4.360e-21,3.353e-16,1.007e-7,1.117e-12,,,,,1.467e-18,,,,,,,,,2.927e-18,,,,,,,,,,,,,,
837.13,3.492e+0,9.110e-9,9.099e-21,1.474e-28,,,,3.220e-18,1.509e-19,,2.895e-15,2.299e-1,1.608e-28,5.773e-17,1.467e-20,1.356e-19,2.444e-19,,,,3.672e-16,5.924e-38,3.262e+0,,3.742e-12,,,,4.373e-21,3.351e-16,7.744e-8,1.014e-12,,,,,1.466e-18,,,,,,,,,2.928e-18,,,,,,,,,,,,,,
837.15,3.545e+0,7.460e-9,1.142e-20,1.295e-28,,,,3.224e-18,1.508e-19,,2.896e-15,2.181e-1,1.607e-28,5.774e-17,1.467e-20,1.154e-19,2.446e-19,,,,3.683e-16,5.915e-38,3.327e+0,,4.235e-12,,,,4.381e-21,3.349e-16,6.490e-8,9.486e-13,,,,,1.465e-18,,,,,,,,,2.928e-18,,,,,,,,,,,,,,
837.18,3.632e+0,5.516e-9,1.604e-20,1.064e-28,,,,3.230e-18,1.507e-19,,2.896e-15,2.012e-1,1.607e-28,5.776e-17,1.468e-20,9.035e-20,2.449e-19,,,,3.700e-16,5.902e-38,3.430e+0,,5.088e-12,,,,4.394e-21,3.347e-16,4.969e-8,8.571e-13,,,,,1.464e-18,,,,,,,,,2.928e-18,,,,,,,,,,,,,,
837.2,3.693e+0,4.504e-9,2.008e-20,9.326e-29,,,,3.235e-18,1.506e-19,,2.897e-15,1.905e-1,1.607e-28,5.777e-17,1.468e-20,7.665e-20,2.451e-19,,,,3.712e-16,5.894e-38,3.503e+0,,5.743e-12,,,,4.403e-21,3.345e-16,4.153e-8,8.000e-13,,,,,1.463e-18,,,,,,,,,2.928e-18,,,,,,,,,,,,,,
837.23,3.791e+0,3.316e-9,2.808e-20,7.632e-29,,,,3.241e-18,1.504e-19,,2.897e-15,1.751e-1,1.606e-28,5.779e-17,1.468e-20,5.978e-20,2.454e-19,,,,3.729e-16,5.881e-38,3.616e+0,,6.872e-12,,,,4.416e-21,3.343e-16,3.166e-8,7.199e-13,,,,,1.462e-18,,,,,,,,,2.929e-18,,,,,,,,,,,,,,
837.25,3.861e+0,2.701e-9,3.507e-20,6.669e-29,,,,3.245e-18,1.504e-19,,2.898e-15,1.654e-1,1.606e-28,5.780e-17,1.468e-20,5.058e-20,2.456e-19,,,,3.741e-16,5.872e-38,3.695e+0,,7.736e-12,,,,4.425e-21,3.341e-16,2.639e-8,6.700e-13,,,,,1.461e-18,,,,,,,,,2.929e-18,,,,,,,,,,,,,,
837.28,3.971e+0,1.980e-9,4.884e-20,5.436e-29,,,,3.251e-18,1.502e-19,,2.898e-15,1.515e-1,1.606e-28,5.782e-17,1.469e-20,3.928e-20,2.459e-19,,,,3.758e-16,5.859e-38,3.819e+0,,9.220e-12,,,,4.438e-21,3.339e-16,2.004e-8,6.005e-13,,,,,1.460e-18,,,,,,,,,2.929e-18,,,,,,,,,,,,,,
837.3,4.047e+0,1.608e-9,6.082e-20,4.737e-29,,,,3.255e-18,1.501e-19,,2.899e-15,1.428e-1,1.605e-28,5.783e-17,1.469e-20,3.314e-20,2.461e-19,,,,3.770e-16,5.850e-38,3.904e+0,,1.035e-11,,,,4.447e-21,3.337e-16,1.666e-8,5.574e-13,,,,,1.459e-18,,,,,,,,,2.930e-18,,,,,,,,,,,,,,
837.33,4.167e+0,1.174e-9,8.437e-20,3.846e-29,,,,3.261e-18,1.500e-19,,2.899e-15,1.304e-1,1.605e-28,5.785e-17,1.469e-20,2.564e-20,2.464e-19,,,,3.787e-16,5.837e-38,4.037e+0,,1.229e-11,,,,4.460e-21,3.335e-16,1.260e-8,4.974e-13,,,,,1.457e-18,,,,,,,,,2.930e-18,,,,,,,,,,,,,,
837.35,4.250e+0,9.511e-10,1.048e-19,3.342e-29,,,,3.265e-18,1.499e-19,,2.900e-15,1.226e-1,1.605e-28,5.786e-17,1.469e-20,2.157e-20,2.466e-19,,,,3.799e-16,5.829e-38,4.128e+0,,1.375e-11,,,,4.468e-21,3.334e-16,1.044e-8,4.605e-13,,,,,1.457e-18,,,,,,,,,2.930e-18,,,,,,,,,,,,,,
837.37,4.336e+0,7.694e-10,1.300e-19,2.901e-29,,,,3.269e-18,1.498e-19,,2.900e-15,1.151e-1,1.605e-28,5.788e-17,1.470e-20,1.813e-20,2.468e-19,,,,3.810e-16,5.820e-38,4.221e+0,,1.538e-11,,,,4.477e-21,3.332e-16,8.645e-9,4.258e-13,,,,,1.456e-18,,,,,,,,,2.930e-18,,,,,,,,,,,,,,
837.4,4.468e+0,5.587e-10,1.793e-19,2.342e-29,,,,3.275e-18,1.497e-19,,2.901e-15,1.046e-1,1.604e-28,5.789e-17,1.470e-20,1.394e-20,2.471e-19,,,,3.827e-16,5.807e-38,4.363e+0,,1.816e-11,,,,4.490e-21,3.330e-16,6.500e-9,3.778e-13,,,,,1.455e-18,,,,,,,,,2.931e-18,,,,,,,,,,,,,,
837.42,4.558e+0,4.507e-10,2.219e-19,2.028e-29,,,,3.279e-18,1.496e-19,,2.901e-15,9.798e-2,1.604e-28,5.791e-17,1.470e-20,1.169e-20,2.473e-19,,,,3.839e-16,5.798e-38,4.460e+0,,2.025e-11,,,,4.499e-21,3.328e-16,5.367e-9,3.484e-13,,,,,1.454e-18,,,,,,,,,2.931e-18,,,,,,,,,,,,,,
837.45,4.697e+0,3.259e-10,3.048e-19,1.630e-29,,,,3.285e-18,1.494e-19,,2.902e-15,8.870e-2,1.604e-28,5.792e-17,1.471e-20,8.950e-21,2.476e-19,,,,3.856e-16,5.785e-38,4.608e+0,,2.380e-11,,,,4.512e-21,3.326e-16,4.019e-9,3.079e-13,,,,,1.452e-18,,,,,,,,,2.931e-18,,,,,,,,,,,,,,
837.47,4.791e+0,2.622e-10,3.761e-19,1.407e-29,,,,3.289e-18,1.493e-19,,2.902e-15,8.291e-2,1.603e-28,5.794e-17,1.471e-20,7.481e-21,2.478e-19,,,,3.868e-16,5.777e-38,4.708e+0,,2.648e-11,,,,4.520e-21,3.324e-16,3.309e-9,2.832e-13,,,,,1.452e-18,,,,,,,,,2.932e-18,,,,,,,,,,,,,,
837.5,4.933e+0,1.888e-10,5.146e-19,1.127e-29,,,,3.295e-18,1.492e-19,,2.903e-15,7.479e-2,1.603e-28,5.795e-17,1.471e-20,5.706e-21,2.481e-19,,,,3.885e-16,5.764e-38,4.858e+0,,3.100e-11,,,,4.534e-21,3.322e-16,2.468e-9,2.492e-13,,,,,1.450e-18,,,,,,,,,2.932e-18,,,,,,,,,,,,,,
837.52,5.029e+0,1.515e-10,6.334e-19,9.702e-30,,,,3.299e-18,1.491e-19,,2.903e-15,6.974e-2,1.603e-28,5.797e-17,1.471e-20,4.757e-21,2.483e-19,,,,3.897e-16,5.755e-38,4.959e+0,,3.438e-11,,,,4.542e-21,3.320e-16,2.027e-9,2.286e-13,,,,,1.449e-18,,,,,,,,,2.932e-18,,,,,,,,,,,,,,
837.55,5.174e+0,1.086e-10,8.630e-19,7.736e-30,,,,3.305e-18,1.490e-19,,2.904e-15,6.269e-2,1.602e-28,5.799e-17,1.472e-20,3.613e-21,2.486e-19,,,,3.914e-16,5.742e-38,5.111e+0,,4.009e-11,,,,4.555e-21,3.318e-16,1.505e-9,2.003e-13,,,,,1.448e-18,,,,,,,,,2.933e-18,,,,,,,,,,,,,,
837.57,5.270e+0,8.691e-11,1.059e-18,6.643e-30,,,,3.309e-18,1.489e-19,,2.904e-15,5.831e-2,1.602e-28,5.800e-17,1.472e-20,3.003e-21,2.488e-19,,,,3.926e-16,5.734e-38,5.212e+0,,4.435e-11,,,,4.564e-21,3.317e-16,1.232e-9,1.832e-13,,,,,1.447e-18,,,,,,,,,2.933e-18,,,,,,,,,,,,,,
837.6,5.414e+0,6.207e-11,1.438e-18,5.275e-30,,,,3.316e-18,1.488e-19,,2.905e-15,5.222e-2,1.602e-28,5.802e-17,1.472e-20,2.272e-21,2.491e-19,,,,3.943e-16,5.721e-38,5.361e+0,,5.150e-11,,,,4.577e-21,3.314e-16,9.115e-10,1.600e-13,,,,,1.446e-18,,,,,,,,,2.933e-18,,,,,,,,,,,,,,
837.62,5.509e+0,4.953e-11,1.760e-18,4.518e-30,,,,3.320e-18,1.487e-19,,2.905e-15,4.846e-2,1.601e-28,5.803e-17,1.472e-20,1.883e-21,2.493e-19,,,,3.954e-16,5.712e-38,5.460e+0,,5.682e-11,,,,4.586e-21,3.313e-16,7.444e-10,1.459e-13,,,,,1.445e-18,,,,,,,,,2.934e-18,,,,,,,,,,,,,,
837.65,5.649e+0,3.522e-11,2.379e-18,3.573e-30,,,,3.326e-18,1.485e-19,,2.906e-15,4.324e-2,1.601e-28,5.805e-17,1.473e-20,1.419e-21,2.496e-19,,,,3.972e-16,5.699e-38,5.606e+0,,6.571e-11,,,,4.599e-21,3.310e-16,5.483e-10,1.268e-13,,,,,1.444e-18,,,,,,,,,2.934e-18,,,,,,,,,,,,,,
837.67,5.741e+0,2.803e-11,2.904e-18,3.052e-30,,,,3.330e-18,1.484e-19,,2.906e-15,4.003e-2,1.601e-28,5.806e-17,1.473e-20,1.173e-21,2.498e-19,,,,3.983e-16,5.690e-38,5.701e+0,,7.230e-11,,,,4.607e-21,3.309e-16,4.466e-10,1.154e-13,,,,,1.443e-18,,,,,,,,,2.934e-18,,,,,,,,,,,,,,
837.7,5.875e+0,1.985e-11,3.909e-18,2.404e-30,,,,3.336e-18,1.483e-19,,2.907e-15,3.559e-2,1.600e-28,5.808e-17,1.473e-20,8.800e-22,2.501e-19,,,,4.001e-16,5.677e-38,5.839e+0,,8.328e-11,,,,4.620e-21,3.307e-16,3.276e-10,9.988e-14,,,,,1.442e-18,,,,,,,,,2.934e-18,,,,,,,,,,,,,,
837.72,5.961e+0,1.575e-11,4.760e-18,2.047e-30,,,,3.340e-18,1.482e-19,,2.907e-15,3.286e-2,1.600e-28,5.809e-17,1.474e-20,7.256e-22,2.503e-19,,,,4.012e-16,5.669e-38,5.929e+0,,9.138e-11,,,,4.629e-21,3.305e-16,2.661e-10,9.061e-14,,,,,1.441e-18,,,,,,,,,2.935e-18,,,,,,,,,,,,,,
837.74,6.046e+0,1.249e-11,5.789e-18,1.742e-30,,,,3.344e-18,1.481e-19,,2.908e-15,3.032e-2,1.600e-28,5.810e-17,1.474e-20,5.976e-22,2.505e-19,,,,4.024e-16,5.660e-38,6.015e+0,,1.002e-10,,,,4.638e-21,3.303e-16,2.159e-10,8.211e-14,,,,,1.440e-18,,,,,,,,,2.935e-18,,,,,,,,,,,,,,
837.77,6.167e+0,8.793e-12,7.750e-18,1.364e-30,,,,3.350e-18,1.480e-19,,2.908e-15,2.681e-2,1.600e-28,5.812e-17,1.474e-20,4.457e-22,2.508e-19,,,,4.041e-16,5.647e-38,6.140e+0,,1.147e-10,,,,4.651e-21,3.301e-16,1.574e-10,7.068e-14,,,,,1.439e-18,,,,,,,,,2.935e-18,,,,,,,,,,,,,,
837.79,6.243e+0,6.951e-12,9.400e-18,1.157e-30,,,,3.354e-18,1.479e-19,,2.909e-15,2.467e-2,1.599e-28,5.813e-17,1.474e-20,3.661e-22,2.510e-19,,,,4.053e-16,5.638e-38,6.218e+0,,1.254e-10,,,,4.660e-21,3.300e-16,1.274e-10,6.387e-14,,,,,1.438e-18,,,,,,,,,2.936e-18,,,,,,,,,,,,,,
837.82,6.351e+0,4.875e-12,1.253e-17,9.027e-31,,,,3.360e-18,1.477e-19,,2.909e-15,2.174e-2,1.599e-28,5.815e-17,1.475e-20,2.719e-22,2.513e-19,,,,4.070e-16,5.625e-38,6.330e+0,,1.430e-10,,,,4.673e-21,3.297e-16,9.251e-11,5.475e-14,,,,,1.437e-18,,,,,,,,,2.936e-18,,,,,,,,,,,,,,
837.84,6.419e+0,3.843e-12,1.516e-17,7.638e-31,,,,3.364e-18,1.477e-19,,2.910e-15,1.996e-2,1.599e-28,5.816e-17,1.475e-20,2.227e-22,2.515e-19,,,,4.081e-16,5.617e-38,6.399e+0,,1.559e-10,,,,4.681e-21,3.296e-16,7.464e-11,4.934e-14,,,,,1.436e-18,,,,,,,,,2.936e-18,,,,,,,,,,,,,,
837.87,6.512e+0,2.684e-12,2.013e-17,5.933e-31,,,,3.370e-18,1.475e-19,,2.910e-15,1.752e-2,1.598e-28,5.818e-17,1.475e-20,1.648e-22,2.518e-19,,,,4.099e-16,5.604e-38,6.495e+0,,1.771e-10,,,,4.694e-21,3.293e-16,5.399e-11,4.213e-14,,,,,1.434e-18,,,,,,,,,2.937e-18,,,,,,,,,,,,,,
837.89,6.569e+0,2.110e-12,2.429e-17,5.006e-31,,,,3.374e-18,1.474e-19,,2.911e-15,1.604e-2,1.598e-28,5.819e-17,1.475e-20,1.346e-22,2.520e-19,,,,4.110e-16,5.595e-38,6.553e+0,,1.926e-10,,,,4.703e-21,3.292e-16,4.344e-11,3.786e-14,,,,,1.434e-18,,,,,,,,,2.937e-18,,,,,,,,,,,,,,
837.92,6.645e+0,1.467e-12,3.212e-17,3.873e-31,,,,3.380e-18,1.473e-19,,2.911e-15,1.403e-2,1.598e-28,5.821e-17,1.476e-20,9.916e-23,2.523e-19,,,,4.128e-16,5.582e-38,6.631e+0,,2.179e-10,,,,4.716e-21,3.290e-16,3.129e-11,3.219e-14,,,,,1.432e-18,,,,,,,,,2.937e-18,,,,,,,,,,,,,,
837.94,6.689e+0,1.150e-12,3.865e-17,3.259e-31,,,,3.384e-18,1.472e-19,,2.912e-15,1.281e-2,1.597e-28,5.822e-17,1.476e-20,8.077e-23,2.525e-19,,,,4.139e-16,5.574e-38,6.677e+0,,2.363e-10,,,,4.725e-21,3.288e-16,2.511e-11,2.885e-14,,,,,1.431e-18,,,,,,,,,2.937e-18,,,,,,,,,,,,,,
837.97,6.746e+0,7.969e-13,5.091e-17,2.511e-31,,,,3.391e-18,1.471e-19,,2.912e-15,1.116e-2,1.597e-28,5.824e-17,1.476e-20,5.926e-23,2.528e-19,,,,4.156e-16,5.561e-38,6.735e+0,,2.662e-10,,,,4.738e-21,3.286e-16,1.801e-11,2.443e-14,,,,,1.430e-18,,,,,,,,,2.938e-18,,,,,,,,,,,,,,
837.99,6.778e+0,6.230e-13,6.109e-17,2.107e-31,,,,3.395e-18,1.470e-19,,2.913e-15,1.017e-2,1.597e-28,5.825e-17,1.476e-20,4.814e-23,2.530e-19,,,,4.168e-16,5.552e-38,6.768e+0,,2.879e-10,,,,4.746e-21,3.284e-16,1.442e-11,2.184e-14,,,,,1.429e-18,,,,,,,,,2.938e-18,,,,,,,,,,,,,,
838.02,6.814e+0,4.298e-13,8.014e-17,1.617e-31,,,,3.401e-18,1.468e-19,,2.913e-15,8.827e-3,1.596e-28,5.827e-17,1.477e-20,3.518e-23,2.533e-19,,,,4.185e-16,5.539e-38,6.805e+0,,3.231e-10,,,,4.760e-21,3.282e-16,1.030e-11,1.842e-14,,,,,1.428e-18,,,,,,,,,2.938e-18,,,,,,,,,,,,,,
838.04,6.831e+0,3.351e-13,9.591e-17,1.353e-31,,,,3.405e-18,1.467e-19,,2.914e-15,8.021e-3,1.596e-28,5.828e-17,1.477e-20,2.850e-23,2.535e-19,,,,4.197e-16,5.530e-38,6.823e+0,,3.484e-10,,,,4.768e-21,3.280e-16,8.219e-12,1.642e-14,,,,,1.427e-18,,,,,,,,,2.939e-18,,,,,,,,,,,,,,
838.07,6.846e+0,2.302e-13,1.253e-16,1.034e-31,,,,3.411e-18,1.466e-19,,2.914e-15,6.935e-3,1.596e-28,5.830e-17,1.477e-20,2.074e-23,2.538e-19,,,,4.214e-16,5.517e-38,6.839e+0,,3.894e-10,,,,4.781e-21,3.278e-16,5.847e-12,1.379e-14,,,,,1.426e-18,,,,,,,,,2.939e-18,,,,,,,,,,,,,,
838.09,6.849e+0,1.790e-13,1.496e-16,8.631e-32,,,,3.415e-18,1.465e-19,,2.915e-15,6.286e-3,1.596e-28,5.831e-17,1.478e-20,1.675e-23,2.540e-19,,,,4.226e-16,5.509e-38,6.842e+0,,4.188e-10,,,,4.790e-21,3.276e-16,4.654e-12,1.226e-14,,,,,1.425e-18,,,,,,,,,2.939e-18,,,,,,,,,,,,,,
838.11,6.845e+0,1.390e-13,1.783e-16,7.196e-32,,,,3.419e-18,1.464e-19,,2.915e-15,5.692e-3,1.595e-28,5.832e-17,1.478e-20,1.352e-23,2.542e-19,,,,4.237e-16,5.500e-38,6.839e+0,,4.500e-10,,,,4.799e-21,3.275e-16,3.700e-12,1.088e-14,,,,,1.424e-18,,,,,,,,,2.939e-18,,,,,,,,,,,,,,
838.14,6.828e+0,9.494e-14,2.317e-16,5.467e-32,,,,3.425e-18,1.463e-19,,2.916e-15,4.895e-3,1.595e-28,5.834e-17,1.478e-20,9.781e-24,2.545e-19,,,,4.254e-16,5.487e-38,6.823e+0,,5.000e-10,,,,4.812e-21,3.273e-16,2.617e-12,9.089e-15,,,,,1.423e-18,,,,,,,,,2.940e-18,,,,,,,,,,,,,,
838.16,6.809e+0,7.353e-14,2.755e-16,4.546e-32,,,,3.429e-18,1.462e-19,,2.916e-15,4.421e-3,1.595e-28,5.835e-17,1.478e-20,7.872e-24,2.547e-19,,,,4.266e-16,5.478e-38,6.805e+0,,5.358e-10,,,,4.820e-21,3.271e-16,2.075e-12,8.049e-15,,,,,1.422e-18,,,,,,,,,2.940e-18,,,,,,,,,,,,,,
838.19,6.770e+0,5.002e-14,3.565e-16,3.439e-32,,,,3.435e-18,1.461e-19,,2.917e-15,3.788e-3,1.594e-28,5.837e-17,1.479e-20,5.671e-24,2.550e-19,,,,4.283e-16,5.465e-38,6.766e+0,,5.930e-10,,,,4.833e-21,3.269e-16,1.462e-12,6.694e-15,,,,,1.421e-18,,,,,,,,,2.940e-18,,,,,,,,,,,,,,
838.21,6.736e+0,3.863e-14,4.228e-16,2.852e-32,,,,3.439e-18,1.460e-19,,2.917e-15,3.412e-3,1.594e-28,5.838e-17,1.479e-20,4.552e-24,2.552e-19,,,,4.295e-16,5.457e-38,6.733e+0,,6.337e-10,,,,4.842e-21,3.267e-16,1.156e-12,5.912e-15,,,,,1.420e-18,,,,,,,,,2.941e-18,,,,,,,,,,,,,,
838.24,6.674e+0,2.617e-14,5.448e-16,2.149e-32,,,,3.445e-18,1.458e-19,,2.918e-15,2.912e-3,1.594e-28,5.840e-17,1.479e-20,3.266e-24,2.555e-19,,,,4.312e-16,5.444e-38,6.671e+0,,6.985e-10,,,,4.855e-21,3.265e-16,8.107e-13,4.897e-15,,,,,1.419e-18,,,,,,,,,2.941e-18,,,,,,,,,,,,,,
838.26,6.626e+0,2.016e-14,6.444e-16,1.777e-32,,,,3.449e-18,1.457e-19,,2.918e-15,2.616e-3,1.593e-28,5.841e-17,1.479e-20,2.614e-24,2.557e-19,,,,4.324e-16,5.435e-38,6.623e+0,,7.444e-10,,,,4.864e-21,3.263e-16,6.392e-13,4.313e-15,,,,,1.418e-18,,,,,,,,,2.941e-18,,,,,,,,,,,,,,
838.29,6.543e+0,1.360e-14,8.271e-16,1.334e-32,,,,3.455e-18,1.456e-19,,2.919e-15,2.224e-3,1.593e-28,5.843e-17,1.480e-20,1.868e-24,2.560e-19,,,,4.341e-16,5.422e-38,6.540e+0,,8.173e-10,,,,4.877e-21,3.261e-16,4.466e-13,3.558e-15,,,,,1.417e-18,,,,,,,,,2.942e-18,,,,,,,,,,,,,,
838.31,6.480e+0,1.045e-14,9.756e-16,1.100e-32,,,,3.459e-18,1.455e-19,,2.919e-15,1.993e-3,1.593e-28,5.844e-17,1.480e-20,1.491e-24,2.562e-19,,,,4.353e-16,5.414e-38,6.478e+0,,8.686e-10,,,,4.886e-21,3.259e-16,3.512e-13,3.126e-15,,,,,1.416e-18,,,,,,,,,2.942e-18,,,,,,,,,,,,,,
838.34,6.376e+0,7.018e-15,1.247e-15,8.220e-33,,,,3.466e-18,1.454e-19,,2.920e-15,1.688e-3,1.593e-28,5.846e-17,1.480e-20,1.061e-24,2.565e-19,,,,4.370e-16,5.401e-38,6.375e+0,,9.498e-10,,,,4.899e-21,3.257e-16,2.443e-13,2.569e-15,,,,,1.414e-18,,,,,,,,,2.942e-18,,,,,,,,,,,,,,
838.36,6.301e+0,5.376e-15,1.467e-15,6.760e-33,,,,3.470e-18,1.453e-19,,2.920e-15,1.509e-3,1.592e-28,5.847e-17,1.481e-20,8.446e-25,2.567e-19,,,,4.381e-16,5.392e-38,6.299e+0,,1.007e-9,,,,4.907e-21,3.256e-16,1.916e-13,2.251e-15,,,,,1.414e-18,,,,,,,,,2.943e-18,,,,,,,,,,,,,,
838.39,6.178e+0,3.597e-15,1.868e-15,5.031e-33,,,,3.476e-18,1.451e-19,,2.921e-15,1.273e-3,1.592e-28,5.849e-17,1.481e-20,5.986e-25,2.570e-19,,,,4.399e-16,5.379e-38,6.177e+0,,1.096e-9,,,,4.920e-21,3.253e-16,1.328e-13,1.844e-15,,,,,1.412e-18,,,,,,,,,2.943e-18,,,,,,,,,,,,,,
838.41,6.090e+0,2.748e-15,2.192e-15,4.127e-33,,,,3.480e-18,1.450e-19,,2.921e-15,1.135e-3,1.592e-28,5.850e-17,1.481e-20,4.752e-25,2.572e-19,,,,4.410e-16,5.370e-38,6.089e+0,,1.159e-9,,,,4.929e-21,3.252e-16,1.038e-13,1.612e-15,,,,,1.411e-18,,,,,,,,,2.943e-18,,,,,,,,,,,,,,
838.44,5.950e+0,1.831e-15,2.779e-15,3.059e-33,,,,3.486e-18,1.449e-19,,2.922e-15,9.535e-4,1.591e-28,5.852e-17,1.481e-20,3.354e-25,2.575e-19,,,,4.428e-16,5.357e-38,5.949e+0,,1.257e-9,,,,4.942e-21,3.249e-16,7.164e-14,1.317e-15,,,,,1.410e-18,,,,,,,,,2.943e-18,,,,,,,,,,,,,,
838.46,5.852e+0,1.395e-15,3.252e-15,2.502e-33,,,,3.490e-18,1.448e-19,,2.922e-15,8.479e-4,1.591e-28,5.853e-17,1.482e-20,2.655e-25,2.577e-19,,,,4.439e-16,5.349e-38,5.851e+0,,1.325e-9,,,,4.951e-21,3.248e-16,5.587e-14,1.150e-15,,,,,1.409e-18,,,,,,,,,2.944e-18,,,,,,,,,,,,,,
838.48,5.750e+0,1.061e-15,3.800e-15,2.044e-33,,,,3.494e-18,1.447e-19,,2.923e-15,7.532e-4,1.591e-28,5.855e-17,1.482e-20,2.100e-25,2.579e-19,,,,4.451e-16,5.340e-38,5.749e+0,,1.396e-9,,,,4.959e-21,3.246e-16,4.352e-14,1.004e-15,,,,,1.408e-18,,,,,,,,,2.944e-18,,,,,,,,,,,,,,
838.51,5.590e+0,7.031e-16,4.792e-15,1.506e-33,,,,3.500e-18,1.446e-19,,2.923e-15,6.294e-4,1.590e-28,5.856e-17,1.482e-20,1.474e-25,2.582e-19,,,,4.468e-16,5.327e-38,5.589e+0,,1.505e-9,,,,4.972e-21,3.244e-16,2.986e-14,8.186e-16,,,,,1.407e-18,,,,,,,,,2.944e-18,,,,,,,,,,,,,,
838.53,5.479e+0,5.336e-16,5.586e-15,1.227e-33,,,,3.504e-18,1.445e-19,,2.924e-15,5.577e-4,1.590e-28,5.858e-17,1.482e-20,1.162e-25,2.584e-19,,,,4.480e-16,5.318e-38,5.479e+0,,1.581e-9,,,,4.981e-21,3.242e-16,2.319e-14,7.152e-16,,,,,1.406e-18,,,,,,,,,2.945e-18,,,,,,,,,,,,,,
838.56,5.308e+0,3.520e-16,7.016e-15,9.009e-34,,,,3.510e-18,1.444e-19,,2.924e-15,4.642e-4,1.590e-28,5.859e-17,1.483e-20,8.130e-26,2.587e-19,,,,4.497e-16,5.305e-38,5.307e+0,,1.699e-9,,,,4.994e-21,3.240e-16,1.585e-14,5.857e-16,,,,,1.405e-18,,,,,,,,,2.945e-18,,,,,,,,,,,,,,
838.58,5.190e+0,2.664e-16,8.156e-15,7.320e-34,,,,3.514e-18,1.443e-19,,2.925e-15,4.102e-4,1.590e-28,5.861e-17,1.483e-20,6.399e-26,2.589e-19,,,,4.508e-16,5.297e-38,5.189e+0,,1.779e-9,,,,5.003e-21,3.239e-16,1.228e-14,5.142e-16,,,,,1.404e-18,,,,,,,,,2.945e-18,,,,,,,,,,,,,,
838.61,5.009e+0,1.750e-16,1.020e-14,5.351e-34,,,,3.520e-18,1.441e-19,,2.925e-15,3.401e-4,1.589e-28,5.862e-17,1.483e-20,4.466e-26,2.592e-19,,,,4.526e-16,5.284e-38,5.009e+0,,1.904e-9,,,,5.016e-21,3.236e-16,8.355e-15,4.262e-16,,,,,1.403e-18,,,,,,,,,2.946e-18,,,,,,,,,,,,,,
838.63,4.886e+0,1.321e-16,1.183e-14,4.336e-34,,,,3.524e-18,1.440e-19,,2.926e-15,2.997e-4,1.589e-28,5.864e-17,1.484e-20,3.514e-26,2.594e-19,,,,4.537e-16,5.275e-38,4.886e+0,,1.989e-9,,,,5.025e-21,3.235e-16,6.455e-15,3.790e-16,,,,,1.402e-18,,,,,,,,,2.946e-18,,,,,,,,,,,,,,
838.66,4.699e+0,8.644e-17,1.474e-14,3.156e-34,,,,3.530e-18,1.439e-19,,2.926e-15,2.475e-4,1.589e-28,5.865e-17,1.484e-20,2.459e-26,2.597e-19,,,,4.555e-16,5.262e-38,4.699e+0,,2.119e-9,,,,5.038e-21,3.232e-16,4.374e-15,3.229e-16,,,,,1.401e-18,,,,,,,,,2.946e-18,,,,,,,,,,,,,,
838.68,4.572e+0,6.506e-17,1.704e-14,2.551e-34,,,,3.534e-18,1.438e-19,,2.927e-15,2.176e-4,1.588e-28,5.867e-17,1.484e-20,1.946e-26,2.599e-19,,,,4.566e-16,5.254e-38,4.572e+0,,2.208e-9,,,,5.046e-21,3.231e-16,3.370e-15,2.946e-16,,,,,1.400e-18,,,,,,,,,2.946e-18,,,,,,,,,,,,,,
838.71,4.381e+0,4.239e-17,2.114e-14,1.849e-34,,,,3.540e-18,1.437e-19,,2.927e-15,1.790e-4,1.588e-28,5.868e-17,1.484e-20,1.389e-26,2.602e-19,,,,4.583e-16,5.241e-38,4.381e+0,,2.344e-9,,,,5.059e-21,3.228e-16,2.274e-15,2.641e-16,,,,,1.399e-18,,,,,,,,,2.947e-18,,,,,,,,,,,,,,
838.73,4.253e+0,3.182e-17,2.438e-14,1.490e-34,,,,3.545e-18,1.436e-19,,2.928e-15,1.569e-4,1.588e-28,5.870e-17,1.485e-20,1.128e-26,2.604e-19,,,,4.595e-16,5.232e-38,4.253e+0,,2.435e-9,,,,5.068e-21,3.227e-16,1.747e-15,2.514e-16,,,,,1.398e-18,,,,,,,,,2.947e-18,,,,,,,,,,,,,,
838.76,4.060e+0,2.065e-17,3.013e-14,1.076e-34,,,,3.551e-18,1.434e-19,,2.928e-15,1.286e-4,1.587e-28,5.871e-17,1.485e-20,8.639e-27,2.607e-19,,,,4.612e-16,5.219e-38,4.060e+0,,2.575e-9,,,,5.081e-21,3.225e-16,1.174e-15,2.432e-16,,,,,1.397e-18,,,,,,,,,2.947e-18,,,,,,,,,,,,,,
838.78,3.931e+0,1.546e-17,3.465e-14,8.648e-35,,,,3.555e-18,1.434e-19,,2.929e-15,1.124e-4,1.587e-28,5.873e-17,1.485e-20,7.580e-27,2.609e-19,,,,4.624e-16,5.210e-38,3.931e+0,,2.669e-9,,,,5.090e-21,3.223e-16,8.998e-16,2.447e-16,,,,,1.396e-18,,,,,,,,,2.948e-18,,,,,,,,,,,,,,
838.81,3.739e+0,9.988e-18,4.264e-14,6.218e-35,,,,3.561e-18,1.432e-19,,2.929e-15,9.174e-5,1.587e-28,5.874e-17,1.486e-20,6.891e-27,2.612e-19,,,,4.641e-16,5.197e-38,3.739e+0,,2.810e-9,,,,5.103e-21,3.221e-16,6.023e-16,2.577e-16,,,,,1.394e-18,,,,,,,,,2.948e-18,,,,,,,,,,,,,,
838.83,3.612e+0,7.456e-18,4.891e-14,4.984e-35,,,,3.565e-18,1.431e-19,,2.930e-15,8.001e-5,1.586e-28,5.876e-17,1.486e-20,6.995e-27,2.614e-19,,,,4.653e-16,5.189e-38,3.612e+0,,2.905e-9,,,,5.112e-21,3.219e-16,4.602e-16,2.736e-16,,,,,1.394e-18,,,,,,,,,2.948e-18,,,,,,,,,,,,,,
838.86,3.423e+0,4.799e-18,5.996e-14,3.569e-35,,,,3.571e-18,1.430e-19,,2.930e-15,6.503e-5,1.586e-28,5.877e-17,1.486e-20,8.020e-27,2.617e-19,,,,4.670e-16,5.176e-38,3.423e+0,,3.047e-9,,,,5.125e-21,3.217e-16,3.068e-16,3.093e-16,,,,,1.392e-18,,,,,,,,,2.949e-18,,,,,,,,,,,,,,
838.88,3.298e+0,3.572e-18,6.859e-14,2.852e-35,,,,3.575e-18,1.429e-19,,2.931e-15,5.656e-5,1.586e-28,5.879e-17,1.486e-20,9.347e-27,2.619e-19,,,,4.682e-16,5.167e-38,3.298e+0,,3.141e-9,,,,5.133e-21,3.215e-16,2.338e-16,3.416e-16,,,,,1.391e-18,,,,,,,,,2.949e-18,,,,,,,,,,,,,,
838.9,3.175e+0,3.570e-18,7.837e-14,2.277e-35,,,,3.579e-18,1.428e-19,,2.931e-15,4.915e-5,1.586e-28,5.880e-17,1.487e-20,1.128e-26,2.621e-19,,,,4.693e-16,5.158e-38,3.175e+0,,3.235e-9,,,,5.142e-21,3.214e-16,1.779e-16,3.814e-16,,,,,1.391e-18,,,,,,,,,2.949e-18,,,,,,,,,,,,,,
838.93,2.994e+0,3.568e-18,9.553e-14,1.621e-35,,,,3.585e-18,1.427e-19,,2.932e-15,3.973e-5,1.585e-28,5.882e-17,1.487e-20,1.560e-26,2.624e-19,,,,4.710e-16,5.145e-38,2.993e+0,,3.375e-9,,,,5.155e-21,3.212e-16,1.179e-16,4.567e-16,,,,,1.389e-18,,,,,,,,,2.949e-18,,,,,,,,,,,,,,
838.95,2.875e+0,3.566e-18,1.089e-13,1.291e-35,,,,3.589e-18,1.426e-19,,2.932e-15,3.443e-5,1.585e-28,5.883e-17,1.487e-20,1.968e-26,2.626e-19,,,,4.722e-16,5.137e-38,2.875e+0,,3.466e-9,,,,5.164e-21,3.210e-16,8.952e-17,5.186e-16,,,,,1.388e-18,,,,,,,,,2.950e-18,,,,,,,,,,,,,,
838.98,2.700e+0,3.564e-18,1.322e-13,9.154e-36,,,,3.595e-18,1.424e-19,,2.933e-15,2.772e-5,1.585e-28,5.885e-17,1.487e-20,2.824e-26,2.629e-19,,,,4.739e-16,5.124e-38,2.700e+0,,3.602e-9,,,,5.177e-21,3.208e-16,5.908e-17,6.319e-16,,,,,1.387e-18,,,,,,,,,2.950e-18,,,,,,,,,,,,,,
839,2.587e+0,3.562e-18,1.502e-13,7.269e-36,,,,3.599e-18,1.423e-19,,2.933e-15,2.395e-5,1.584e-28,5.886e-17,1.488e-20,3.606e-26,2.631e-19,,,,4.751e-16,5.115e-38,2.587e+0,,3.691e-9,,,,5.185e-21,3.206e-16,4.472e-17,7.228e-16,,,,,1.386e-18,,,,,,,,,2.950e-18,,,,,,,,,,,,,,
839.03,2.421e+0,3.560e-18,1.816e-13,5.133e-36,,,,3.605e-18,1.422e-19,,2.934e-15,1.921e-5,1.584e-28,5.888e-17,1.488e-20,5.215e-26,2.634e-19,,,,4.768e-16,5.102e-38,2.421e+0,,3.820e-9,,,,5.198e-21,3.204e-16,2.940e-17,8.865e-16,,,,,1.385e-18,,,,,,,,,2.951e-18,,,,,,,,,,,,,,
839.05,2.314e+0,3.558e-18,2.059e-13,4.064e-36,,,,3.609e-18,1.421e-19,,2.934e-15,1.656e-5,1.584e-28,5.889e-17,1.488e-20,6.671e-26,2.636e-19,,,,4.780e-16,5.094e-38,2.314e+0,,3.904e-9,,,,5.207e-21,3.202e-16,2.219e-17,1.016e-15,,,,,1.384e-18,,,,,,,,,2.951e-18,,,,,,,,,,,,,,
839.08,2.158e+0,3.556e-18,2.479e-13,2.858e-36,,,,3.615e-18,1.420e-19,,2.935e-15,1.322e-5,1.583e-28,5.891e-17,1.488e-20,9.642e-26,2.639e-19,,,,4.797e-16,5.081e-38,2.158e+0,,4.026e-9,,,,5.220e-21,3.200e-16,1.453e-17,1.248e-15,,,,,1.383e-18,,,,,,,,,2.951e-18,,,,,,,,,,,,,,
839.1,2.058e+0,3.554e-18,2.803e-13,2.257e-36,,,,3.620e-18,1.419e-19,,2.935e-15,1.137e-5,1.583e-28,5.892e-17,1.489e-20,1.231e-25,2.641e-19,,,,4.809e-16,5.072e-38,2.058e+0,,4.104e-9,,,,5.229e-21,3.198e-16,1.094e-17,1.430e-15,,,,,1.382e-18,,,,,,,,,2.952e-18,,,,,,,,,,,,,,
839.13,1.913e+0,3.552e-18,3.362e-13,1.581e-36,,,,3.626e-18,1.418e-19,,2.936e-15,9.043e-6,1.583e-28,5.894e-17,1.489e-20,1.774e-25,2.644e-19,,,,4.826e-16,5.059e-38,1.913e+0,,4.216e-9,,,,5.242e-21,3.196e-16,7.130e-18,1.752e-15,,,,,1.381e-18,,,,,,,,,2.952e-18,,,,,,,,,,,,,,
839.15,1.820e+0,3.550e-18,3.790e-13,1.245e-36,,,,3.630e-18,1.417e-19,,2.936e-15,7.753e-6,1.582e-28,5.895e-17,1.489e-20,2.261e-25,2.646e-19,,,,4.837e-16,5.050e-38,1.820e+0,,4.287e-9,,,,5.251e-21,3.195e-16,5.353e-18,2.005e-15,,,,,1.380e-18,,,,,,,,,2.952e-18,,,,,,,,,,,,,,
839.18,1.686e+0,3.548e-18,4.528e-13,8.683e-37,,,,3.636e-18,1.415e-19,,2.937e-15,6.143e-6,1.582e-28,5.897e-17,1.490e-20,3.246e-25,2.649e-19,,,,4.855e-16,5.037e-38,1.686e+0,,4.388e-9,,,,5.264e-21,3.192e-16,3.475e-18,2.450e-15,,,,,1.379e-18,,,,,,,,,2.952e-18,,,,,,,,,,,,,,
839.2,1.601e+0,3.546e-18,5.091e-13,6.819e-37,,,,3.640e-18,1.414e-19,,2.937e-15,5.252e-6,1.582e-28,5.898e-17,1.490e-20,4.125e-25,2.651e-19,,,,4.866e-16,5.029e-38,1.601e+0,,4.451e-9,,,,5.272e-21,3.191e-16,2.602e-18,2.797e-15,,,,,1.378e-18,,,,,,,,,2.953e-18,,,,,,,,,,,,,,
839.23,1.479e+0,3.544e-18,6.058e-13,4.737e-37,,,,3.646e-18,1.413e-19,,2.938e-15,4.145e-6,1.581e-28,5.900e-17,1.490e-20,5.898e-25,2.654e-19,,,,4.884e-16,5.016e-38,1.479e+0,,4.539e-9,,,,5.285e-21,3.188e-16,1.682e-18,3.405e-15,,,,,1.377e-18,,,,,,,,,2.953e-18,,,,,,,,,,,,,,
839.25,1.401e+0,3.542e-18,6.793e-13,3.710e-37,,,,3.650e-18,1.412e-19,,2.938e-15,3.535e-6,1.581e-28,5.901e-17,1.490e-20,7.475e-25,2.656e-19,,,,4.895e-16,5.007e-38,1.401e+0,,4.593e-9,,,,5.294e-21,3.187e-16,1.256e-18,3.878e-15,,,,,1.376e-18,,,,,,,,,2.953e-18,,,,,,,,,,,,,,
839.27,1.327e+0,3.541e-18,7.609e-13,2.903e-37,,,,3.654e-18,1.411e-19,,2.939e-15,3.011e-6,1.581e-28,5.902e-17,1.491e-20,9.465e-25,2.658e-19,,,,4.907e-16,4.998e-38,1.327e+0,,4.643e-9,,,,5.303e-21,3.185e-16,9.368e-19,4.411e-15,,,,,1.375e-18,,,,,,,,,2.954e-18,,,,,,,,,,,,,,
839.3,1.222e+0,3.538e-18,9.002e-13,2.005e-37,,,,3.660e-18,1.410e-19,,2.939e-15,2.363e-6,1.581e-28,5.904e-17,1.491e-20,1.346e-24,2.661e-19,,,,4.924e-16,4.985e-38,1.222e+0,,4.711e-9,,,,5.316e-21,3.183e-16,6.022e-19,5.342e-15,,,,,1.374e-18,,,,,,,,,2.954e-18,,,,,,,,,,,,,,
839.32,1.156e+0,3.537e-18,1.006e-12,1.564e-37,,,,3.664e-18,1.409e-19,,2.940e-15,2.007e-6,1.580e-28,5.905e-17,1.491e-20,1.699e-24,2.663e-19,,,,4.935e-16,4.977e-38,1.156e+0,,4.752e-9,,,,5.325e-21,3.181e-16,6.301e-19,6.061e-15,,,,,1.373e-18,,,,,,,,,2.954e-18,,,,,,,,,,,,,,
839.35,1.062e+0,3.534e-18,1.185e-12,1.076e-37,,,,3.670e-18,1.407e-19,,2.940e-15,1.569e-6,1.580e-28,5.907e-17,1.491e-20,2.407e-24,2.666e-19,,,,4.953e-16,4.964e-38,1.062e+0,,4.805e-9,,,,5.338e-21,3.179e-16,6.719e-19,7.311e-15,,,,,1.371e-18,,,,,,,,,2.955e-18,,,,,,,,,,,,,,
839.37,1.004e+0,3.533e-18,1.320e-12,8.370e-38,,,,3.674e-18,1.407e-19,,2.941e-15,1.329e-6,1.580e-28,5.908e-17,1.492e-20,3.031e-24,2.668e-19,,,,4.964e-16,4.955e-38,1.004e+0,,4.835e-9,,,,5.346e-21,3.178e-16,6.997e-19,8.274e-15,,,,,1.371e-18,,,,,,,,,2.955e-18,,,,,,,,,,,,,,
839.4,9.223e-1,3.530e-18,1.550e-12,5.733e-38,,,,3.680e-18,1.405e-19,,2.941e-15,1.035e-6,1.579e-28,5.910e-17,1.492e-20,4.275e-24,2.671e-19,,,,4.982e-16,4.942e-38,9.223e-1,,4.873e-9,,,,5.359e-21,3.175e-16,7.415e-19,9.940e-15,,,,,1.369e-18,,,,,,,,,2.955e-18,,,,,,,,,,,,,,
839.42,8.718e-1,3.529e-18,1.722e-12,4.448e-38,,,,3.684e-18,1.404e-19,,2.942e-15,8.744e-7,1.579e-28,5.911e-17,1.492e-20,5.369e-24,2.673e-19,,,,4.993e-16,4.934e-38,8.718e-1,,4.892e-9,,,,7.170e-21,3.174e-16,7.694e-19,1.122e-14,,,,,1.368e-18,,,,,,,,,2.955e-18,,,,,,,,,,,,,,
839.45,8.017e-1,3.526e-18,2.013e-12,3.034e-38,,,,3.690e-18,1.403e-19,,2.942e-15,6.779e-7,1.579e-28,5.913e-17,1.493e-20,7.542e-24,2.676e-19,,,,5.011e-16,4.921e-38,8.017e-1,,4.914e-9,,,,1.107e-20,3.171e-16,8.112e-19,1.342e-14,,,,,1.367e-18,,,,,,,,,2.956e-18,,,,,,,,,,,,,,
839.47,7.587e-1,3.525e-18,2.230e-12,2.348e-38,,,,3.694e-18,1.402e-19,,2.943e-15,5.713e-7,1.578e-28,5.914e-17,1.493e-20,9.447e-24,2.678e-19,,,,5.022e-16,4.912e-38,7.587e-1,,4.924e-9,,,,1.477e-20,3.170e-16,8.390e-19,1.511e-14,,,,,1.366e-18,,,,,,,,,2.956e-18,,,,,,,,,,,,,,
839.5,6.998e-1,3.522e-18,2.596e-12,1.595e-38,,,,3.701e-18,1.401e-19,,2.943e-15,4.411e-7,1.578e-28,5.916e-17,1.493e-20,1.322e-23,2.681e-19,,,,5.039e-16,4.899e-38,6.998e-1,,4.930e-9,,,,2.272e-20,3.167e-16,8.808e-19,1.800e-14,,,,,1.365e-18,,,,,,,,,2.956e-18,,,,,,,,,,,,,,
839.52,6.642e-1,3.521e-18,2.870e-12,1.231e-38,,,,3.705e-18,1.400e-19,,2.944e-15,3.708e-7,1.578e-28,5.917e-17,1.493e-20,1.651e-23,2.683e-19,,,,5.051e-16,4.890e-38,6.642e-1,,4.929e-9,,,,3.024e-20,3.166e-16,9.087e-19,2.021e-14,,,,,1.364e-18,,,,,,,,,2.957e-18,,,,,,,,,,,,,,
839.55,6.162e-1,3.518e-18,3.327e-12,8.327e-39,,,,3.711e-18,1.398e-19,,2.944e-15,2.851e-7,1.577e-28,5.919e-17,1.494e-20,2.301e-23,2.686e-19,,,,5.068e-16,4.877e-38,6.162e-1,,4.921e-9,,,,4.632e-20,3.164e-16,9.505e-19,2.399e-14,,,,,1.363e-18,,,,,,,,,2.957e-18,,,,,,,,,,,,,,
839.57,5.877e-1,3.517e-18,3.667e-12,6.408e-39,,,,3.715e-18,1.397e-19,,2.945e-15,2.390e-7,1.577e-28,5.920e-17,1.494e-20,2.867e-23,2.688e-19,,,,5.080e-16,4.869e-38,5.877e-1,,4.910e-9,,,,6.148e-20,3.162e-16,9.783e-19,2.685e-14,,,,,1.362e-18,,,,,,,,,2.957e-18,,,,,,,,,,,,,,
839.6,5.502e-1,3.514e-18,4.235e-12,4.318e-39,,,,3.721e-18,1.396e-19,,2.945e-15,1.831e-7,1.577e-28,5.922e-17,1.494e-20,3.979e-23,2.691e-19,,,,5.097e-16,4.856e-38,5.502e-1,,4.888e-9,,,,9.380e-20,3.160e-16,1.020e-18,3.175e-14,,,,,1.361e-18,,,,,,,,,2.958e-18,,,,,,,,,,,,,,
839.62,5.286e-1,3.513e-18,4.656e-12,3.314e-39,,,,3.725e-18,1.395e-19,,2.946e-15,1.530e-7,1.577e-28,5.923e-17,1.494e-20,4.944e-23,2.693e-19,,,,5.109e-16,4.847e-38,5.286e-1,,4.869e-9,,,,1.242e-19,3.158e-16,1.048e-18,3.544e-14,,,,,1.360e-18,,,,,,,,,2.958e-18,,,,,,,,,,,,,,
839.64,5.097e-1,3.511e-18,5.112e-12,2.540e-39,,,,3.729e-18,1.394e-19,,2.946e-15,1.278e-7,1.576e-28,5.924e-17,1.495e-20,6.136e-23,2.695e-19,,,,5.120e-16,4.838e-38,5.097e-1,,4.846e-9,,,,1.642e-19,3.157e-16,1.076e-18,3.953e-14,,,,,1.359e-18,,,,,,,,,2.958e-18,,,,,,,,,,,,,,
839.67,4.864e-1,3.508e-18,5.871e-12,1.702e-39,,,,3.735e-18,1.393e-19,,2.947e-15,9.733e-8,1.576e-28,5.926e-17,1.495e-20,8.468e-23,2.698e-19,,,,5.137e-16,4.825e-38,4.864e-1,,4.806e-9,,,,2.491e-19,3.154e-16,1.118e-18,4.646e-14,,,,,1.358e-18,,,,,,,,,2.958e-18,,,,,,,,,,,,,,
839.69,4.742e-1,3.507e-18,6.429e-12,1.301e-39,,,,3.739e-18,1.392e-19,,2.947e-15,8.106e-8,1.576e-28,5.927e-17,1.495e-20,1.048e-22,2.700e-19,,,,5.149e-16,4.817e-38,4.742e-1,,4.776e-9,,,,3.284e-19,3.153e-16,1.146e-18,5.168e-14,,,,,1.357e-18,,,,,,,,,2.959e-18,,,,,,,,,,,,,,
839.72,4.606e-1,3.504e-18,7.353e-12,8.681e-40,,,,3.745e-18,1.391e-19,,2.948e-15,6.149e-8,1.575e-28,5.929e-17,1.496e-20,1.441e-22,2.703e-19,,,,5.166e-16,4.804e-38,4.606e-1,,4.725e-9,,,,4.963e-19,3.150e-16,1.187e-18,6.050e-14,,,,,1.356e-18,,,,,,,,,2.959e-18,,,,,,,,,,,,,,
839.74,4.548e-1,3.503e-18,8.031e-12,6.619e-40,,,,3.749e-18,1.390e-19,,2.948e-15,5.107e-8,1.575e-28,5.930e-17,1.496e-20,1.779e-22,2.705e-19,,,,5.178e-16,4.795e-38,4.548e-1,,4.688e-9,,,,6.527e-19,3.149e-16,1.215e-18,6.711e-14,,,,,1.355e-18,,,,,,,,,2.959e-18,,,,,,,,,,,,,,
839.77,4.508e-1,3.500e-18,9.149e-12,4.397e-40,,,,3.755e-18,1.388e-19,,2.949e-15,3.858e-8,1.575e-28,5.932e-17,1.496e-20,2.435e-22,2.708e-19,,,,5.195e-16,4.782e-38,4.508e-1,,4.628e-9,,,,9.823e-19,3.147e-16,1.257e-18,7.824e-14,,,,,1.354e-18,,,,,,,,,2.960e-18,,,,,,,,,,,,,,
839.79,4.513e-1,3.499e-18,9.965e-12,3.344e-40,,,,3.759e-18,1.387e-19,,2.949e-15,3.196e-8,1.575e-28,5.933e-17,1.496e-20,2.998e-22,2.710e-19,,,,5.207e-16,4.774e-38,4.513e-1,,4.585e-9,,,,1.288e-18,3.145e-16,1.285e-18,8.656e-14,,,,,1.353e-18,,,,,,,,,2.960e-18,,,,,,,,,,,,,,
839.82,4.568e-1,3.496e-18,1.131e-11,2.212e-40,,,,3.765e-18,1.386e-19,,2.950e-15,2.404e-8,1.574e-28,5.935e-17,1.497e-20,4.088e-22,2.713e-19,,,,5.224e-16,4.761e-38,4.568e-1,,4.518e-9,,,,1.931e-18,3.143e-16,1.327e-18,1.005e-13,,,,,1.351e-18,,,,,,,,,2.960e-18,,,,,,,,,,,,,,
839.84,4.635e-1,3.495e-18,1.228e-11,1.678e-40,,,,3.769e-18,1.385e-19,,2.950e-15,1.986e-8,1.574e-28,5.936e-17,1.497e-20,5.020e-22,2.715e-19,,,,5.236e-16,4.752e-38,4.635e-1,,4.470e-9,,,,2.526e-18,3.141e-16,1.354e-18,1.109e-13,,,,,1.351e-18,,,,,,,,,2.961e-18,,,,,,,,,,,,,,
839.87,4.782e-1,3.492e-18,1.388e-11,1.105e-40,,,,3.776e-18,1.384e-19,,2.951e-15,1.488e-8,1.574e-28,5.938e-17,1.497e-20,6.817e-22,2.718e-19,,,,5.253e-16,4.739e-38,4.782e-1,,4.397e-9,,,,3.772e-18,3.139e-16,1.396e-18,1.283e-13,,,,,1.349e-18,,,,,,,,,2.961e-18,,,,,,,,,,,,,,
839.89,4.911e-1,3.491e-18,1.504e-11,8.359e-41,,,,3.780e-18,1.383e-19,,2.951e-15,1.226e-8,1.573e-28,5.939e-17,1.497e-20,8.348e-22,2.720e-19,,,,5.264e-16,4.730e-38,4.911e-1,,4.346e-9,,,,4.921e-18,3.137e-16,1.424e-18,1.411e-13,,,,,1.348e-18,,,,,,,,,2.961e-18,,,,,,,,,,,,,,
839.92,5.151e-1,3.488e-18,1.692e-11,5.486e-41,,,,3.786e-18,1.381e-19,,2.952e-15,9.152e-9,1.573e-28,5.941e-17,1.498e-20,1.129e-21,2.723e-19,,,,5.282e-16,4.717e-38,5.151e-1,,4.268e-9,,,,7.317e-18,3.135e-16,1.466e-18,1.626e-13,,,,,1.347e-18,,,,,,,,,2.961e-18,,,,,,,,,,,,,,
839.94,5.341e-1,3.487e-18,1.828e-11,4.137e-41,,,,3.790e-18,1.380e-19,,2.952e-15,7.520e-9,1.573e-28,5.943e-17,1.498e-20,1.379e-21,2.725e-19,,,,5.293e-16,4.709e-38,5.341e-1,,4.215e-9,,,,9.520e-18,3.133e-16,1.494e-18,1.784e-13,,,,,1.346e-18,,,,,,,,,2.962e-18,,,,,,,,,,,,,,
839.97,5.672e-1,3.484e-18,2.050e-11,2.704e-41,,,,3.796e-18,1.379e-19,,2.953e-15,5.589e-9,1.572e-28,5.944e-17,1.498e-20,1.858e-21,2.728e-19,,,,5.311e-16,4.696e-38,5.672e-1,,4.134e-9,,,,1.410e-17,3.131e-16,1.536e-18,2.046e-13,,,,,1.345e-18,,,,,,,,,2.962e-18,,,,,,,,,,,,,,
839.99,5.924e-1,3.483e-18,2.209e-11,2.033e-41,,,,3.800e-18,1.378e-19,,2.953e-15,4.580e-9,1.572e-28,5.946e-17,1.498e-20,2.263e-21,2.730e-19,,,,5.322e-16,4.687e-38,5.924e-1,,4.079e-9,,,,1.830e-17,3.130e-16,1.563e-18,2.240e-13,,,,,1.344e-18,,,,,,,,,2.962e-18,,,,,,,,,,,,,,
840.01,6.200e-1,3.481e-18,2.378e-11,1.528e-41,,,,3.804e-18,1.377e-19,,2.954e-15,3.749e-9,1.572e-28,5.947e-17,1.499e-20,2.753e-21,2.732e-19,,,,5.334e-16,4.678e-38,6.200e-1,,4.024e-9,,,,2.372e-17,3.128e-16,1.591e-18,2.448e-13,,,,,1.343e-18,,,,,,,,,2.963e-18,,,,,,,,,,,,,,
840.04,6.660e-1,3.479e-18,2.650e-11,9.926e-42,,,,3.810e-18,1.376e-19,,2.954e-15,2.771e-9,1.571e-28,5.949e-17,1.499e-20,3.688e-21,2.735e-19,,,,5.351e-16,4.665e-38,6.660e-1,,3.942e-9,,,,3.493e-17,3.126e-16,1.633e-18,2.793e-13,,,,,1.342e-18,,,,,,,,,2.963e-18,,,,,,,,,,,,,,
840.06,6.997e-1,3.477e-18,2.845e-11,7.436e-42,,,,3.814e-18,1.375e-19,,2.955e-15,2.262e-9,1.571e-28,5.950e-17,1.499e-20,4.475e-21,2.737e-19,,,,5.363e-16,4.657e-38,6.997e-1,,3.886e-9,,,,4.515e-17,3.124e-16,1.661e-18,3.045e-13,,,,,1.341e-18,,,,,,,,,2.963e-18,,,,,,,,,,,,,,
840.09,7.549e-1,3.475e-18,3.158e-11,4.812e-42,,,,3.820e-18,1.374e-19,,2.955e-15,1.665e-9,1.571e-28,5.952e-17,1.500e-20,5.971e-21,2.740e-19,,,,5.380e-16,4.644e-38,7.549e-1,,3.804e-9,,,,6.623e-17,3.122e-16,1.703e-18,3.459e-13,,,,,1.340e-18,,,,,,,,,2.964e-18,,,,,,,,,,,,,,
840.11,7.948e-1,3.473e-18,3.381e-11,3.595e-42,,,,3.824e-18,1.373e-19,,2.956e-15,1.355e-9,1.571e-28,5.953e-17,1.500e-20,7.226e-21,2.742e-19,,,,5.391e-16,4.635e-38,7.948e-1,,3.749e-9,,,,8.539e-17,3.120e-16,1.731e-18,3.761e-13,,,,,1.339e-18,,,,,,,,,2.964e-18,,,,,,,,,,,,,,
840.14,8.591e-1,3.471e-18,3.739e-11,2.317e-42,,,,3.830e-18,1.371e-19,,2.956e-15,9.935e-10,1.570e-28,5.955e-17,1.500e-20,9.601e-21,2.745e-19,,,,5.409e-16,4.622e-38,8.591e-1,,3.667e-9,,,,1.248e-16,3.118e-16,1.772e-18,4.256e-13,,,,,1.338e-18,,,,,,,,,2.964e-18,,,,,,,,,,,,,,
840.16,9.050e-1,3.469e-18,3.992e-11,1.726e-42,,,,3.834e-18,1.370e-19,,2.957e-15,8.066e-10,1.570e-28,5.956e-17,1.500e-20,1.159e-20,2.747e-19,,,,5.420e-16,4.614e-38,9.050e-1,,3.613e-9,,,,1.604e-16,3.116e-16,1.800e-18,4.615e-13,,,,,1.337e-18,,,,,,,,,2.964e-18,,,,,,,,,,,,,,
840.19,9.783e-1,3.467e-18,4.396e-11,1.108e-42,,,,3.840e-18,1.369e-19,,2.957e-15,5.889e-10,1.570e-28,5.958e-17,1.501e-20,1.534e-20,2.750e-19,,,,5.438e-16,4.601e-38,9.783e-1,,3.533e-9,,,,2.334e-16,3.114e-16,1.842e-18,5.201e-13,,,,,1.336e-18,,,,,,,,,2.965e-18,,,,,,,,,,,,,,
840.21,1.030e+0,3.465e-18,4.682e-11,1.107e-42,,,,3.844e-18,1.368e-19,,2.958e-15,4.769e-10,1.569e-28,5.959e-17,1.501e-20,1.846e-20,2.752e-19,,,,5.449e-16,4.592e-38,1.030e+0,,3.481e-9,,,,2.993e-16,3.113e-16,1.870e-18,5.625e-13,,,,,1.335e-18,,,,,,,,,2.965e-18,,,,,,,,,,,,,,
840.24,1.112e+0,3.463e-18,5.135e-11,1.105e-42,,,,3.850e-18,1.367e-19,,2.958e-15,3.467e-10,1.569e-28,5.961e-17,1.501e-20,2.433e-20,2.755e-19,,,,5.466e-16,4.579e-38,1.112e+0,,3.403e-9,,,,4.338e-16,3.110e-16,1.912e-18,6.313e-13,,,,,1.334e-18,,,,,,,,,2.965e-18,,,,,,,,,,,,,,
840.26,1.170e+0,3.461e-18,5.454e-11,1.104e-42,,,,3.855e-18,1.366e-19,,2.959e-15,2.800e-10,1.569e-28,5.962e-17,1.501e-20,2.921e-20,2.757e-19,,,,5.478e-16,4.570e-38,1.170e+0,,3.352e-9,,,,5.548e-16,3.109e-16,1.940e-18,6.809e-13,,,,,1.333e-18,,,,,,,,,2.966e-18,,,,,,,,,,,,,,
840.29,1.261e+0,3.459e-18,5.958e-11,1.102e-42,,,,3.861e-18,1.364e-19,,2.959e-15,2.028e-10,1.568e-28,5.964e-17,1.502e-20,3.835e-20,2.760e-19,,,,5.495e-16,4.557e-38,1.261e+0,,3.276e-9,,,,8.009e-16,3.106e-16,1.981e-18,7.611e-13,,,,,1.331e-18,,,,,,,,,2.966e-18,,,,,,,,,,,,,,
840.31,1.324e+0,3.457e-18,6.311e-11,1.101e-42,,,,3.865e-18,1.364e-19,,2.960e-15,1.633e-10,1.568e-28,5.965e-17,1.502e-20,4.592e-20,2.762e-19,,,,5.507e-16,4.549e-38,1.324e+0,,3.226e-9,,,,1.022e-15,3.105e-16,2.009e-18,8.187e-13,,,,,1.331e-18,,,,,,,,,2.966e-18,,,,,,,,,,,,,,
840.34,1.423e+0,3.455e-18,6.866e-11,1.100e-42,,,,3.871e-18,1.362e-19,,2.960e-15,1.178e-10,1.568e-28,5.967e-17,1.502e-20,6.004e-20,2.765e-19,,,,5.524e-16,4.536e-38,1.423e+0,,3.153e-9,,,,1.469e-15,3.103e-16,2.051e-18,9.114e-13,,,,,1.329e-18,,,,,,,,,2.967e-18,,,,,,,,,,,,,,
840.36,1.491e+0,3.453e-18,7.253e-11,1.099e-42,,,,3.875e-18,1.361e-19,,2.961e-15,9.458e-11,1.567e-28,5.968e-17,1.503e-20,7.169e-20,2.767e-19,,,,5.536e-16,4.527e-38,1.491e+0,,3.105e-9,,,,1.868e-15,3.101e-16,2.079e-18,9.777e-13,,,,,1.328e-18,,,,,,,,,2.967e-18,,,,,,,,,,,,,,
840.38,1.561e+0,3.451e-18,7.654e-11,1.097e-42,,,,3.879e-18,1.360e-19,,2.961e-15,7.588e-11,1.567e-28,5.969e-17,1.503e-20,8.551e-20,2.769e-19,,,,5.547e-16,4.518e-38,1.561e+0,,3.057e-9,,,,2.374e-15,3.099e-16,2.107e-18,1.048e-12,,,,,1.328e-18,,,,,,,,,2.967e-18,,,,,,,,,,,,,,
840.41,1.670e+0,3.449e-18,8.280e-11,1.096e-42,,,,3.885e-18,1.359e-19,,2.962e-15,5.441e-11,1.567e-28,5.971e-17,1.503e-20,1.112e-19,2.772e-19,,,,5.565e-16,4.505e-38,1.670e+0,,2.987e-9,,,,3.394e-15,3.097e-16,2.149e-18,1.160e-12,,,,,1.326e-18,,,,,,,,,2.967e-18,,,,,,,,,,,,,,
840.43,1.745e+0,3.447e-18,8.715e-11,1.095e-42,,,,3.889e-18,1.358e-19,,2.962e-15,4.354e-11,1.567e-28,5.972e-17,1.503e-20,1.323e-19,2.774e-19,,,,5.576e-16,4.497e-38,1.745e+0,,2.941e-9,,,,4.301e-15,3.096e-16,2.176e-18,1.240e-12,,,,,1.325e-18,,,,,,,,,2.968e-18,,,,,,,,,,,,,,
840.46,1.861e+0,3.445e-18,9.390e-11,1.093e-42,,,,3.895e-18,1.357e-19,,2.963e-15,3.109e-11,1.566e-28,5.974e-17,1.504e-20,1.713e-19,2.777e-19,,,,5.593e-16,4.484e-38,1.861e+0,,2.872e-9,,,,6.124e-15,3.093e-16,2.218e-18,1.367e-12,,,,,1.324e-18,,,,,,,,,2.968e-18,,,,,,,,,,,,,,
840.48,1.940e+0,3.443e-18,9.856e-11,1.092e-42,,,,3.899e-18,1.356e-19,,2.963e-15,2.481e-11,1.566e-28,5.975e-17,1.504e-20,2.032e-19,2.779e-19,,,,5.605e-16,4.475e-38,1.940e+0,,2.827e-9,,,,7.741e-15,3.092e-16,2.246e-18,1.457e-12,,,,,1.323e-18,,,,,,,,,2.968e-18,,,,,,,,,,,,,,
840.51,2.061e+0,3.441e-18,1.058e-10,1.090e-42,,,,3.905e-18,1.354e-19,,2.964e-15,1.765e-11,1.566e-28,5.977e-17,1.504e-20,2.620e-19,2.782e-19,,,,5.622e-16,4.462e-38,2.061e+0,,2.760e-9,,,,1.098e-14,3.089e-16,2.288e-18,1.599e-12,,,,,1.322e-18,,,,,,,,,2.969e-18,,,,,,,,,,,,,,
840.53,2.143e+0,3.439e-18,1.107e-10,1.089e-42,,,,3.909e-18,1.353e-19,,2.964e-15,1.404e-11,1.565e-28,5.978e-17,1.504e-20,3.100e-19,2.784e-19,,,,5.634e-16,4.454e-38,2.143e+0,,2.715e-9,,,,1.384e-14,3.088e-16,2.316e-18,1.700e-12,,,,,1.321e-18,,,,,,,,,2.969e-18,,,,,,,,,,,,,,
840.56,2.268e+0,3.437e-18,1.183e-10,1.087e-42,,,,3.915e-18,1.352e-19,,2.965e-15,9.947e-12,1.565e-28,5.980e-17,1.505e-20,3.983e-19,2.787e-19,,,,5.651e-16,4.441e-38,2.268e+0,,2.649e-9,,,,1.955e-14,3.086e-16,2.358e-18,1.859e-12,,,,,1.320e-18,,,,,,,,,2.969e-18,,,,,,,,,,,,,,
840.58,2.353e+0,3.435e-18,1.236e-10,1.086e-42,,,,3.919e-18,1.351e-19,,2.965e-15,7.894e-12,1.565e-28,5.981e-17,1.505e-20,4.700e-19,2.789e-19,,,,5.663e-16,4.432e-38,2.353e+0,,2.605e-9,,,,2.457e-14,3.084e-16,2.385e-18,1.971e-12,,,,,1.319e-18,,,,,,,,,2.970e-18,,,,,,,,,,,,,,
840.61,2.481e+0,3.433e-18,1.315e-10,1.085e-42,,,,3.925e-18,1.350e-19,,2.966e-15,5.569e-12,1.564e-28,5.983e-17,1.505e-20,6.012e-19,2.792e-19,,,,5.680e-16,4.419e-38,2.481e+0,,2.540e-9,,,,3.457e-14,3.082e-16,2.427e-18,2.147e-12,,,,,1.318e-18,,,,,,,,,2.970e-18,,,,,,,,,,,,,,
840.63,2.567e+0,3.431e-18,1.369e-10,1.084e-42,,,,3.930e-18,1.349e-19,,2.966e-15,4.408e-12,1.564e-28,5.984e-17,1.506e-20,7.076e-19,2.794e-19,,,,5.692e-16,4.410e-38,2.567e+0,,2.496e-9,,,,4.334e-14,3.080e-16,2.455e-18,2.270e-12,,,,,1.317e-18,,,,,,,,,2.970e-18,,,,,,,,,,,,,,
840.66,2.697e+0,3.429e-18,1.452e-10,1.082e-42,,,,3.936e-18,1.348e-19,,2.967e-15,3.097e-12,1.564e-28,5.986e-17,1.506e-20,9.016e-19,2.797e-19,,,,5.709e-16,4.397e-38,2.697e+0,,2.431e-9,,,,6.073e-14,3.078e-16,2.497e-18,2.462e-12,,,,,1.316e-18,,,,,,,,,2.970e-18,,,,,,,,,,,,,,
840.68,2.784e+0,3.427e-18,1.508e-10,1.081e-42,,,,3.940e-18,1.347e-19,,2.967e-15,2.444e-12,1.563e-28,5.987e-17,1.506e-20,1.058e-18,2.799e-19,,,,5.720e-16,4.389e-38,2.784e+0,,2.387e-9,,,,7.594e-14,3.076e-16,2.525e-18,2.596e-12,,,,,1.315e-18,,,,,,,,,2.971e-18,,,,,,,,,,,,,,
840.71,2.913e+0,3.425e-18,1.592e-10,1.079e-42,,,,3.946e-18,1.345e-19,,2.968e-15,1.710e-12,1.563e-28,5.989e-17,1.506e-20,1.343e-18,2.802e-19,,,,5.738e-16,4.376e-38,2.913e+0,,2.322e-9,,,,1.060e-13,3.074e-16,2.566e-18,2.805e-12,,,,,1.313e-18,,,,,,,,,2.971e-18,,,,,,,,,,,,,,
840.73,3.000e+0,3.423e-18,1.649e-10,1.078e-42,,,,3.950e-18,1.344e-19,,2.968e-15,1.346e-12,1.563e-28,5.990e-17,1.507e-20,1.572e-18,2.804e-19,,,,5.749e-16,4.367e-38,3.000e+0,,2.278e-9,,,,1.322e-13,3.072e-16,2.594e-18,2.949e-12,,,,,1.313e-18,,,,,,,,,2.971e-18,,,,,,,,,,,,,,
840.76,3.128e+0,3.421e-18,1.734e-10,1.076e-42,,,,3.956e-18,1.343e-19,,2.969e-15,9.383e-13,1.562e-28,5.992e-17,1.507e-20,1.987e-18,2.807e-19,,,,5.767e-16,4.354e-38,3.128e+0,,2.212e-9,,,,1.837e-13,3.070e-16,2.636e-18,3.174e-12,,,,,1.311e-18,,,,,,,,,2.972e-18,,,,,,,,,,,,,,
840.78,3.213e+0,3.419e-18,1.791e-10,1.075e-42,,,,3.960e-18,1.342e-19,,2.969e-15,7.365e-13,1.562e-28,5.993e-17,1.507e-20,2.320e-18,2.809e-19,,,,5.778e-16,4.345e-38,3.213e+0,,2.168e-9,,,,2.285e-13,3.069e-16,2.664e-18,3.328e-12,,,,,1.311e-18,,,,,,,,,2.972e-18,,,,,,,,,,,,,,
840.8,3.297e+0,3.418e-18,1.848e-10,1.074e-42,,,,3.964e-18,1.341e-19,,2.970e-15,5.775e-13,1.562e-28,5.994e-17,1.507e-20,2.705e-18,2.811e-19,,,,5.790e-16,4.337e-38,3.297e+0,,2.124e-9,,,,2.839e-13,3.067e-16,2.692e-18,3.486e-12,,,,,1.310e-18,,,,,,,,,2.972e-18,,,,,,,,,,,,,,
840.83,3.420e+0,3.415e-18,1.933e-10,1.073e-42,,,,3.970e-18,1.340e-19,,2.970e-15,4.002e-13,1.562e-28,5.996e-17,1.508e-20,3.400e-18,2.814e-19,,,,5.807e-16,4.324e-38,3.420e+0,,2.057e-9,,,,3.924e-13,3.065e-16,2.734e-18,3.730e-12,,,,,1.308e-18,,,,,,,,,2.973e-18,,,,,,,,,,,,,,
840.85,3.501e+0,3.414e-18,1.989e-10,1.071e-42,,,,3.974e-18,1.339e-19,,2.971e-15,3.129e-13,1.561e-28,5.997e-17,1.508e-20,3.954e-18,2.816e-19,,,,5.818e-16,4.315e-38,3.501e+0,,2.012e-9,,,,4.862e-13,3.063e-16,2.762e-18,3.897e-12,,,,,1.308e-18,,,,,,,,,2.973e-18,,,,,,,,,,,,,,
840.88,3.620e+0,3.411e-18,2.072e-10,1.070e-42,,,,3.980e-18,1.337e-19,,2.971e-15,2.160e-13,1.561e-28,5.999e-17,1.508e-20,4.950e-18,2.819e-19,,,,5.836e-16,4.302e-38,3.620e+0,,1.945e-9,,,,6.693e-13,3.061e-16,2.803e-18,4.153e-12,,,,,1.306e-18,,,,,,,,,2.973e-18,,,,,,,,,,,,,,
840.9,3.697e+0,3.410e-18,2.126e-10,1.069e-42,,,,3.984e-18,1.337e-19,,2.972e-15,1.684e-13,1.561e-28,6.000e-17,1.509e-20,5.741e-18,2.821e-19,,,,5.847e-16,4.294e-38,3.697e+0,,1.900e-9,,,,8.271e-13,3.059e-16,2.831e-18,4.327e-12,,,,,1.305e-18,,,,,,,,,2.973e-18,,,,,,,,,,,,,,
840.93,3.809e+0,3.407e-18,2.206e-10,1.067e-42,,,,3.990e-18,1.335e-19,,2.972e-15,1.158e-13,1.560e-28,6.002e-17,1.509e-20,7.158e-18,2.824e-19,,,,5.865e-16,4.281e-38,3.809e+0,,1.832e-9,,,,1.134e-12,3.057e-16,2.873e-18,4.593e-12,,,,,1.304e-18,,,,,,,,,2.974e-18,,,,,,,,,,,,,,
840.95,3.881e+0,3.406e-18,2.257e-10,1.066e-42,,,,3.994e-18,1.334e-19,,2.973e-15,9.003e-14,1.560e-28,6.003e-17,1.509e-20,8.281e-18,2.826e-19,,,,5.876e-16,4.272e-38,3.881e+0,,1.787e-9,,,,1.398e-12,3.055e-16,2.901e-18,4.772e-12,,,,,1.303e-18,,,,,,,,,2.974e-18,,,,,,,,,,,,,,
840.98,3.986e+0,3.403e-18,2.332e-10,1.064e-42,,,,4.000e-18,1.333e-19,,2.974e-15,6.163e-14,1.560e-28,6.005e-17,1.509e-20,1.028e-17,2.829e-19,,,,5.894e-16,4.259e-38,3.986e+0,,1.719e-9,,,,1.909e-12,3.053e-16,2.943e-18,5.045e-12,,,,,1.302e-18,,,,,,,,,2.974e-18,,,,,,,,,,,,,,
841,4.053e+0,3.402e-18,2.381e-10,1.063e-42,,,,4.004e-18,1.332e-19,,2.974e-15,4.780e-14,1.559e-28,6.006e-17,1.510e-20,1.186e-17,2.831e-19,,,,5.905e-16,4.250e-38,4.053e+0,,1.673e-9,,,,2.346e-12,3.052e-16,2.970e-18,5.228e-12,,,,,1.301e-18,,,,,,,,,2.975e-18,,,,,,,,,,,,,,
841.03,4.149e+0,3.399e-18,2.450e-10,1.061e-42,,,,4.011e-18,1.331e-19,,2.975e-15,3.258e-14,1.559e-28,6.008e-17,1.510e-20,1.467e-17,2.834e-19,,,,5.922e-16,4.237e-38,4.149e+0,,1.605e-9,,,,3.191e-12,3.049e-16,3.012e-18,5.504e-12,,,,,1.300e-18,,,,,,,,,2.975e-18,,,,,,,,,,,,,,
841.05,4.210e+0,3.398e-18,2.494e-10,1.060e-42,,,,4.015e-18,1.330e-19,,2.975e-15,2.520e-14,1.559e-28,6.009e-17,1.510e-20,1.688e-17,2.836e-19,,,,5.934e-16,4.229e-38,4.210e+0,,1.560e-9,,,,3.912e-12,3.048e-16,3.040e-18,5.688e-12,,,,,1.299e-18,,,,,,,,,2.975e-18,,,,,,,,,,,,,,
841.08,4.297e+0,3.395e-18,2.557e-10,1.059e-42,,,,4.021e-18,1.328e-19,,2.976e-15,1.711e-14,1.558e-28,6.011e-17,1.510e-20,2.079e-17,2.839e-19,,,,5.951e-16,4.216e-38,4.297e+0,,1.492e-9,,,,5.299e-12,3.045e-16,3.082e-18,5.964e-12,,,,,1.298e-18,,,,,,,,,2.976e-18,,,,,,,,,,,,,,
841.1,4.351e+0,3.393e-18,2.596e-10,1.058e-42,,,,4.025e-18,1.327e-19,,2.976e-15,1.320e-14,1.558e-28,6.012e-17,1.511e-20,2.386e-17,2.841e-19,,,,5.963e-16,4.207e-38,4.351e+0,,1.447e-9,,,,6.479e-12,3.044e-16,3.110e-18,6.147e-12,,,,,1.297e-18,,,,,,,,,2.976e-18,,,,,,,,,,,,,,
841.13,4.429e+0,3.391e-18,2.650e-10,1.056e-42,,,,4.031e-18,1.326e-19,,2.977e-15,8.925e-15,1.558e-28,6.014e-17,1.511e-20,2.927e-17,2.844e-19,,,,5.980e-16,4.194e-38,4.429e+0,,1.380e-9,,,,8.741e-12,3.042e-16,3.152e-18,6.419e-12,,,,,1.296e-18,,,,,,,,,2.976e-18,,,,,,,,,,,,,,
841.15,4.477e+0,3.389e-18,2.683e-10,1.055e-42,,,,4.035e-18,1.325e-19,,2.977e-15,6.866e-15,1.558e-28,6.015e-17,1.511e-20,3.350e-17,2.846e-19,,,,5.992e-16,4.185e-38,4.477e+0,,1.336e-9,,,,1.066e-11,3.040e-16,3.179e-18,6.599e-12,,,,,1.295e-18,,,,,,,,,2.976e-18,,,,,,,,,,,,,,
841.17,4.523e+0,3.388e-18,2.714e-10,1.054e-42,,,,4.039e-18,1.324e-19,,2.977e-15,5.276e-15,1.557e-28,6.017e-17,1.511e-20,3.830e-17,2.848e-19,,,,6.003e-16,4.177e-38,4.523e+0,,1.292e-9,,,,1.298e-11,3.038e-16,3.207e-18,6.776e-12,,,,,1.294e-18,,,,,,,,,2.977e-18,,,,,,,,,,,,,,
841.2,4.587e+0,3.385e-18,2.755e-10,1.052e-42,,,,4.045e-18,1.323e-19,,2.978e-15,3.547e-15,1.557e-28,6.018e-17,1.512e-20,4.672e-17,2.851e-19,,,,6.020e-16,4.164e-38,4.587e+0,,1.226e-9,,,,1.742e-11,3.036e-16,3.249e-18,7.036e-12,,,,,1.293e-18,,,,,,,,,2.977e-18,,,,,,,,,,,,,,
841.22,4.627e+0,3.384e-18,2.779e-10,1.051e-42,,,,4.049e-18,1.322e-19,,2.978e-15,2.719e-15,1.557e-28,6.020e-17,1.512e-20,5.327e-17,2.853e-19,,,,6.032e-16,4.155e-38,4.627e+0,,1.183e-9,,,,2.116e-11,3.035e-16,3.277e-18,7.205e-12,,,,,1.292e-18,,,,,,,,,2.977e-18,,,,,,,,,,,,,,
841.25,4.683e+0,3.381e-18,2.810e-10,1.049e-42,,,,4.055e-18,1.321e-19,,2.979e-15,1.820e-15,1.556e-28,6.021e-17,1.512e-20,6.472e-17,2.856e-19,,,,6.049e-16,4.142e-38,4.683e+0,,1.120e-9,,,,2.827e-11,3.032e-16,3.319e-18,7.451e-12,,,,,1.290e-18,,,,,,,,,2.978e-18,,,,,,,,,,,,,,
841.27,4.718e+0,3.380e-18,2.827e-10,1.048e-42,,,,4.059e-18,1.320e-19,,2.979e-15,1.391e-15,1.556e-28,6.023e-17,1.513e-20,7.359e-17,2.858e-19,,,,6.061e-16,4.134e-38,4.718e+0,,1.078e-9,,,,3.426e-11,3.031e-16,3.347e-18,7.610e-12,,,,,1.290e-18,,,,,,,,,2.978e-18,,,,,,,,,,,,,,
841.3,4.766e+0,3.377e-18,2.846e-10,1.047e-42,,,,4.065e-18,1.318e-19,,2.980e-15,9.276e-16,1.556e-28,6.024e-17,1.513e-20,8.905e-17,2.861e-19,,,,6.078e-16,4.121e-38,4.766e+0,,1.017e-9,,,,4.559e-11,3.028e-16,3.388e-18,7.838e-12,,,,,1.288e-18,,,,,,,,,2.978e-18,,,,,,,,,,,,,,
841.32,4.796e+0,3.376e-18,2.856e-10,1.045e-42,,,,4.069e-18,1.317e-19,,2.980e-15,7.068e-16,1.556e-28,6.026e-17,1.513e-20,1.010e-16,2.863e-19,,,,6.090e-16,4.112e-38,4.796e+0,,9.766e-10,,,,5.509e-11,3.027e-16,3.416e-18,7.984e-12,,,,,1.288e-18,,,,,,,,,2.979e-18,,,,,,,,,,,,,,
841.35,4.838e+0,3.373e-18,2.864e-10,1.044e-42,,,,4.075e-18,1.316e-19,,2.981e-15,4.674e-16,1.555e-28,6.027e-17,1.513e-20,1.217e-16,2.866e-19,,,,6.107e-16,4.099e-38,4.838e+0,,9.178e-10,,,,7.302e-11,3.025e-16,3.458e-18,8.190e-12,,,,,1.286e-18,,,,,,,,,2.979e-18,,,,,,,,,,,,,,
841.37,4.865e+0,3.372e-18,2.866e-10,1.043e-42,,,,4.079e-18,1.315e-19,,2.981e-15,3.553e-16,1.555e-28,6.029e-17,1.514e-20,1.377e-16,2.868e-19,,,,6.119e-16,4.090e-38,4.865e+0,,8.795e-10,,,,8.799e-11,3.023e-16,3.486e-18,8.319e-12,,,,,1.285e-18,,,,,,,,,2.979e-18,,,,,,,,,,,,,,
841.4,4.903e+0,3.369e-18,2.863e-10,1.041e-42,,,,4.086e-18,1.314e-19,,2.982e-15,2.350e-16,1.555e-28,6.030e-17,1.514e-20,1.652e-16,2.871e-19,,,,6.136e-16,4.077e-38,4.903e+0,,8.235e-10,,,,1.162e-10,3.021e-16,3.528e-18,8.500e-12,,,,,1.284e-18,,,,,,,,,2.979e-18,,,,,,,,,,,,,,
841.42,4.927e+0,3.368e-18,2.857e-10,1.040e-42,,,,4.090e-18,1.313e-19,,2.982e-15,1.782e-16,1.554e-28,6.032e-17,1.514e-20,1.864e-16,2.873e-19,,,,6.147e-16,4.069e-38,4.927e+0,,7.873e-10,,,,1.396e-10,3.019e-16,4.718e-18,8.611e-12,,,,,1.283e-18,,,,,,,,,2.980e-18,,,,,,,,,,,,,,
841.45,4.963e+0,3.365e-18,2.843e-10,1.038e-42,,,,4.096e-18,1.311e-19,,2.983e-15,1.174e-16,1.554e-28,6.033e-17,1.515e-20,2.228e-16,2.876e-19,,,,6.165e-16,4.056e-38,4.963e+0,,7.345e-10,,,,1.836e-10,3.017e-16,7.283e-18,8.762e-12,,,,,1.282e-18,,,,,,,,,2.980e-18,,,,,,,,,,,,,,
841.47,4.987e+0,3.364e-18,2.829e-10,1.037e-42,,,,4.100e-18,1.310e-19,,2.983e-15,8.874e-17,1.554e-28,6.035e-17,1.515e-20,2.507e-16,2.878e-19,,,,6.176e-16,4.047e-38,4.987e+0,,7.004e-10,,,,2.200e-10,3.015e-16,9.714e-18,8.853e-12,,,,,1.281e-18,,,,,,,,,2.980e-18,,,,,,,,,,,,,,
841.5,5.024e+0,3.361e-18,2.804e-10,1.035e-42,,,,4.106e-18,1.309e-19,,2.984e-15,5.822e-17,1.553e-28,6.037e-17,1.515e-20,2.985e-16,2.881e-19,,,,6.194e-16,4.034e-38,5.024e+0,,6.511e-10,,,,2.882e-10,3.013e-16,1.493e-17,8.972e-12,,,,,1.280e-18,,,,,,,,,2.981e-18,,,,,,,,,,,,,,
841.52,5.049e+0,3.360e-18,2.783e-10,1.034e-42,,,,4.110e-18,1.308e-19,,2.985e-15,4.390e-17,1.553e-28,6.038e-17,1.515e-20,3.349e-16,2.883e-19,,,,6.205e-16,4.025e-38,5.049e+0,,6.193e-10,,,,3.445e-10,3.011e-16,1.987e-17,9.040e-12,,,,,1.279e-18,,,,,,,,,2.981e-18,,,,,,,,,,,,,,
841.54,5.075e+0,3.358e-18,2.760e-10,1.033e-42,,,,4.114e-18,1.307e-19,,2.985e-15,3.306e-17,1.553e-28,6.039e-17,1.516e-20,3.753e-16,2.885e-19,,,,6.217e-16,4.017e-38,5.075e+0,,5.885e-10,,,,4.114e-10,3.010e-16,2.640e-17,9.099e-12,,,,,1.278e-18,,,,,,,,,2.981e-18,,,,,,,,,,,,,,
841.57,5.117e+0,3.356e-18,2.719e-10,1.032e-42,,,,4.120e-18,1.306e-19,,2.986e-15,2.157e-17,1.552e-28,6.041e-17,1.516e-20,4.443e-16,2.888e-19,,,,6.234e-16,4.004e-38,5.117e+0,,5.442e-10,,,,5.357e-10,3.008e-16,4.037e-17,9.169e-12,,,,,1.277e-18,,,,,,,,,2.982e-18,,,,,,,,,,,,,,
841.59,5.147e+0,3.354e-18,2.689e-10,1.030e-42,,,,4.124e-18,1.305e-19,,2.986e-15,1.620e-17,1.552e-28,6.042e-17,1.516e-20,4.966e-16,2.890e-19,,,,6.246e-16,3.995e-38,5.147e+0,,5.158e-10,,,,6.380e-10,3.006e-16,5.350e-17,9.204e-12,,,,,1.276e-18,,,,,,,,,2.982e-18,,,,,,,,,,,,,,
841.62,5.196e+0,3.352e-18,2.639e-10,1.029e-42,,,,4.130e-18,1.304e-19,,2.987e-15,1.052e-17,1.552e-28,6.044e-17,1.516e-20,5.857e-16,2.893e-19,,,,6.263e-16,3.982e-38,5.196e+0,,4.751e-10,,,,8.276e-10,3.004e-16,8.146e-17,9.237e-12,,,,,1.275e-18,,,,,,,,,2.982e-18,,,,,,,,,,,,,,
841.64,5.232e+0,3.350e-18,2.603e-10,1.028e-42,,,,4.134e-18,1.303e-19,,2.987e-15,7.882e-18,1.552e-28,6.045e-17,1.517e-20,6.528e-16,2.895e-19,,,,6.274e-16,3.974e-38,5.232e+0,,4.492e-10,,,,9.830e-10,3.002e-16,1.077e-16,9.247e-12,,,,,1.274e-18,,,,,,,,,2.982e-18,,,,,,,,,,,,,,
841.67,5.292e+0,3.348e-18,2.545e-10,1.026e-42,,,,4.140e-18,1.301e-19,,2.988e-15,5.100e-18,1.551e-28,6.047e-17,1.517e-20,7.668e-16,2.898e-19,,,,6.292e-16,3.961e-38,5.292e+0,,4.122e-10,,,,1.270e-9,3.000e-16,1.633e-16,9.243e-12,,,,,1.273e-18,,,,,,,,,2.983e-18,,,,,,,,,,,,,,
841.69,5.335e+0,3.346e-18,2.503e-10,1.025e-42,,,,4.144e-18,1.300e-19,,2.988e-15,3.810e-18,1.551e-28,6.048e-17,1.517e-20,8.524e-16,2.900e-19,,,,6.303e-16,3.952e-38,5.335e+0,,3.887e-10,,,,1.504e-9,2.998e-16,2.153e-16,9.228e-12,,,,,1.272e-18,,,,,,,,,2.983e-18,,,,,,,,,,,,,,
841.72,5.408e+0,3.344e-18,2.437e-10,1.023e-42,,,,4.150e-18,1.299e-19,,2.989e-15,2.455e-18,1.551e-28,6.050e-17,1.518e-20,9.972e-16,2.903e-19,,,,6.321e-16,3.939e-38,5.408e+0,,3.552e-10,,,,1.935e-9,2.996e-16,3.252e-16,9.187e-12,,,,,1.270e-18,,,,,,,,,2.983e-18,,,,,,,,,,,,,,
841.74,5.462e+0,3.342e-18,2.391e-10,1.022e-42,,,,4.154e-18,1.298e-19,,2.989e-15,2.493e-18,1.550e-28,6.051e-17,1.518e-20,1.106e-15,2.905e-19,,,,6.332e-16,3.930e-38,5.462e+0,,3.341e-10,,,,2.287e-9,2.994e-16,4.276e-16,9.148e-12,,,,,1.270e-18,,,,,,,,,2.984e-18,,,,,,,,,,,,,,
841.77,5.551e+0,3.340e-18,2.319e-10,1.021e-42,,,,4.161e-18,1.297e-19,,2.990e-15,2.552e-18,1.550e-28,6.053e-17,1.518e-20,1.288e-15,2.908e-19,,,,6.349e-16,3.917e-38,5.551e+0,,3.042e-10,,,,2.930e-9,2.992e-16,6.434e-16,9.070e-12,,,,,1.268e-18,,,,,,,,,2.984e-18,,,,,,,,,,,,,,
841.79,5.616e+0,3.338e-18,2.269e-10,1.019e-42,,,,4.165e-18,1.296e-19,,2.990e-15,2.591e-18,1.550e-28,6.054e-17,1.518e-20,1.424e-15,2.910e-19,,,,6.361e-16,3.909e-38,5.616e+0,,2.854e-10,,,,3.453e-9,2.991e-16,8.436e-16,9.007e-12,,,,,1.267e-18,,,,,,,,,2.984e-18,,,,,,,,,,,,,,
841.82,5.725e+0,3.336e-18,2.191e-10,1.018e-42,,,,4.171e-18,1.294e-19,,2.991e-15,2.649e-18,1.549e-28,6.056e-17,1.519e-20,1.653e-15,2.913e-19,,,,6.378e-16,3.896e-38,5.725e+0,,2.588e-10,,,,4.407e-9,2.988e-16,1.264e-15,8.894e-12,,,,,1.266e-18,,,,,,,,,2.985e-18,,,,,,,,,,,,,,
841.84,5.804e+0,3.334e-18,2.139e-10,1.017e-42,,,,4.175e-18,1.294e-19,,2.991e-15,2.688e-18,1.549e-28,6.057e-17,1.519e-20,1.823e-15,2.915e-19,,,,6.390e-16,3.887e-38,5.804e+0,,2.421e-10,,,,5.178e-9,2.987e-16,1.653e-15,8.808e-12,,,,,1.265e-18,,,,,,,,,2.985e-18,,,,,,,,,,,,,,
841.87,5.934e+0,3.332e-18,2.058e-10,1.015e-42,,,,4.181e-18,1.292e-19,,2.992e-15,2.746e-18,1.549e-28,6.059e-17,1.519e-20,2.106e-15,2.918e-19,,,,6.407e-16,3.874e-38,5.934e+0,,2.187e-10,,,,6.583e-9,2.984e-16,2.468e-15,8.663e-12,,,,,1.264e-18,,,,,,,,,2.985e-18,,,,,,,,,,,,,,
841.89,6.029e+0,3.330e-18,2.003e-10,1.014e-42,,,,4.185e-18,1.291e-19,,2.992e-15,2.785e-18,1.548e-28,6.060e-17,1.519e-20,2.317e-15,2.920e-19,,,,6.419e-16,3.865e-38,6.029e+0,,2.041e-10,,,,7.715e-9,2.983e-16,3.219e-15,8.556e-12,,,,,1.263e-18,,,,,,,,,2.985e-18,,,,,,,,,,,,,,
841.91,6.130e+0,3.328e-18,1.947e-10,1.013e-42,,,,4.189e-18,1.290e-19,,2.992e-15,2.824e-18,1.548e-28,6.061e-17,1.520e-20,2.545e-15,2.922e-19,,,,6.430e-16,3.857e-38,6.130e+0,,1.903e-10,,,,9.032e-9,2.981e-16,4.194e-15,8.442e-12,,,,,1.262e-18,,,,,,,,,2.986e-18,,,,,,,,,,,,,,
841.94,6.295e+0,3.326e-18,1.863e-10,1.011e-42,,,,4.195e-18,1.289e-19,,2.993e-15,2.883e-18,1.548e-28,6.063e-17,1.520e-20,2.925e-15,2.925e-19,,,,6.448e-16,3.844e-38,6.295e+0,,1.709e-10,,,,1.142e-8,2.979e-16,6.225e-15,8.256e-12,,,,,1.261e-18,,,,,,,,,2.986e-18,,,,,,,,,,,,,,
841.96,6.413e+0,3.324e-18,1.807e-10,1.010e-42,,,,4.199e-18,1.288e-19,,2.993e-15,2.921e-18,1.548e-28,6.064e-17,1.520e-20,3.205e-15,2.927e-19,,,,6.459e-16,3.835e-38,6.413e+0,,1.589e-10,,,,1.333e-8,2.977e-16,8.088e-15,8.123e-12,,,,,1.260e-18,,,,,,,,,2.986e-18,,,,,,,,,,,,,,
841.99,6.605e+0,3.322e-18,1.722e-10,1.008e-42,,,,4.205e-18,1.287e-19,,2.994e-15,2.980e-18,1.547e-28,6.066e-17,1.520e-20,3.668e-15,2.930e-19,,,,6.476e-16,3.822e-38,6.605e+0,,1.422e-10,,,,1.678e-8,2.975e-16,1.196e-14,7.912e-12,,,,,1.259e-18,,,,,,,,,2.987e-18,,,,,,,,,,,,,,
842.01,6.743e+0,3.320e-18,1.666e-10,1.007e-42,,,,4.209e-18,1.286e-19,,2.994e-15,3.019e-18,1.547e-28,6.067e-17,1.521e-20,4.009e-15,2.932e-19,,,,6.488e-16,3.814e-38,6.743e+0,,1.318e-10,,,,1.954e-8,2.974e-16,1.550e-14,7.764e-12,,,,,1.258e-18,,,,,,,,,2.987e-18,,,,,,,,,,,,,,
842.04,6.964e+0,3.318e-18,1.581e-10,1.006e-42,,,,4.215e-18,1.284e-19,,2.995e-15,3.077e-18,1.547e-28,6.069e-17,1.521e-20,4.570e-15,2.935e-19,,,,6.505e-16,3.801e-38,6.964e+0,,1.175e-10,,,,2.451e-8,2.971e-16,2.282e-14,7.531e-12,,,,,1.257e-18,,,,,,,,,2.987e-18,,,,,,,,,,,,,,
842.06,7.121e+0,3.316e-18,1.526e-10,1.004e-42,,,,4.219e-18,1.283e-19,,2.995e-15,3.116e-18,1.546e-28,6.070e-17,1.521e-20,4.980e-15,2.937e-19,,,,6.517e-16,3.792e-38,7.121e+0,,1.086e-10,,,,2.846e-8,2.970e-16,2.949e-14,7.370e-12,,,,,1.256e-18,,,,,,,,,2.988e-18,,,,,,,,,,,,,,
842.09,7.373e+0,3.314e-18,1.443e-10,1.003e-42,,,,4.225e-18,1.282e-19,,2.996e-15,3.174e-18,1.546e-28,6.072e-17,1.522e-20,5.655e-15,2.940e-19,,,,6.534e-16,3.779e-38,7.373e+0,,9.642e-11,,,,3.555e-8,2.967e-16,4.325e-14,7.121e-12,,,,,1.255e-18,,,,,,,,,2.988e-18,,,,,,,,,,,,,,
842.11,7.551e+0,3.312e-18,1.389e-10,1.002e-42,,,,4.229e-18,1.281e-19,,2.997e-15,3.213e-18,1.546e-28,6.073e-17,1.522e-20,6.146e-15,2.942e-19,,,,6.546e-16,3.770e-38,7.551e+0,,8.893e-11,,,,4.117e-8,2.966e-16,5.575e-14,6.950e-12,,,,,1.254e-18,,,,,,,,,2.988e-18,,,,,,,,,,,,,,
842.14,7.834e+0,3.310e-18,1.309e-10,1.000e-42,,,,4.235e-18,1.280e-19,,2.997e-15,3.272e-18,1.545e-28,6.075e-17,1.522e-20,6.950e-15,2.945e-19,,,,6.563e-16,3.757e-38,7.834e+0,,7.862e-11,,,,5.121e-8,2.964e-16,8.144e-14,6.688e-12,,,,,1.253e-18,,,,,,,,,2.988e-18,,,,,,,,,,,,,,
842.16,8.033e+0,3.308e-18,1.256e-10,9.989e-43,,,,4.240e-18,1.279e-19,,2.998e-15,3.311e-18,1.545e-28,6.076e-17,1.522e-20,7.534e-15,2.947e-19,,,,6.575e-16,3.749e-38,8.033e+0,,7.231e-11,,,,5.916e-8,2.962e-16,1.047e-13,6.509e-12,,,,,1.252e-18,,,,,,,,,2.989e-18,,,,,,,,,,,,,,
842.19,8.348e+0,3.306e-18,1.180e-10,9.972e-43,,,,4.246e-18,1.278e-19,,2.998e-15,3.369e-18,1.545e-28,6.078e-17,1.523e-20,8.485e-15,2.950e-19,,,,6.592e-16,3.736e-38,8.348e+0,,6.367e-11,,,,7.329e-8,2.960e-16,1.523e-13,6.238e-12,,,,,1.250e-18,,,,,,,,,2.989e-18,,,,,,,,,,,,,,
842.21,8.569e+0,3.304e-18,1.130e-10,9.961e-43,,,,4.250e-18,1.277e-19,,2.999e-15,3.408e-18,1.544e-28,6.079e-17,1.523e-20,9.173e-15,2.952e-19,,,,6.603e-16,3.727e-38,8.569e+0,,5.841e-11,,,,8.443e-8,2.958e-16,1.953e-13,6.056e-12,,,,,1.250e-18,,,,,,,,,2.989e-18,,,,,,,,,,,,,,
842.24,8.917e+0,3.302e-18,1.057e-10,9.945e-43,,,,4.256e-18,1.275e-19,,2.999e-15,3.466e-18,1.544e-28,6.081e-17,1.523e-20,1.029e-14,2.955e-19,,,,6.621e-16,3.714e-38,8.917e+0,,5.122e-11,,,,1.042e-7,2.956e-16,2.830e-13,5.780e-12,,,,,1.248e-18,,,,,,,,,2.990e-18,,,,,,,,,,,,,,
842.26,9.159e+0,3.300e-18,1.010e-10,9.934e-43,,,,4.260e-18,1.274e-19,,3.000e-15,3.505e-18,1.544e-28,6.082e-17,1.523e-20,1.109e-14,2.957e-19,,,,6.632e-16,3.705e-38,9.159e+0,,4.686e-11,,,,1.197e-7,2.954e-16,3.619e-13,5.596e-12,,,,,1.247e-18,,,,,,,,,2.990e-18,,,,,,,,,,,,,,
842.28,9.411e+0,3.299e-18,9.641e-11,9.923e-43,,,,4.264e-18,1.273e-19,,3.000e-15,3.544e-18,1.544e-28,6.084e-17,1.524e-20,1.195e-14,2.959e-19,,,,6.644e-16,3.697e-38,9.411e+0,,4.283e-11,,,,1.374e-7,2.953e-16,4.624e-13,5.412e-12,,,,,1.247e-18,,,,,,,,,2.990e-18,,,,,,,,,,,,,,
842.31,9.804e+0,3.296e-18,8.978e-11,9.906e-43,,,,4.270e-18,1.272e-19,,3.001e-15,3.602e-18,1.543e-28,6.085e-17,1.524e-20,1.333e-14,2.962e-19,,,,6.661e-16,3.684e-38,9.804e+0,,3.735e-11,,,,1.686e-7,2.950e-16,6.662e-13,5.136e-12,,,,,1.245e-18,,,,,,,,,2.991e-18,,,,,,,,,,,,,,
842.33,1.008e+1,3.295e-18,8.553e-11,9.895e-43,,,,4.274e-18,1.271e-19,,3.001e-15,3.641e-18,1.543e-28,6.087e-17,1.524e-20,1.432e-14,2.964e-19,,,,6.673e-16,3.675e-38,1.008e+1,,3.404e-11,,,,1.930e-7,2.949e-16,8.488e-13,4.953e-12,,,,,1.244e-18,,,,,,,,,2.991e-18,,,,,,,,,,,,,,
842.36,1.050e+1,3.292e-18,7.940e-11,9.878e-43,,,,4.280e-18,1.270e-19,,3.002e-15,3.700e-18,1.543e-28,6.088e-17,1.525e-20,1.590e-14,2.967e-19,,,,6.690e-16,3.662e-38,1.050e+1,,2.956e-11,,,,2.358e-7,2.947e-16,1.218e-12,4.682e-12,,,,,1.243e-18,,,,,,,,,2.991e-18,,,,,,,,,,,,,,
842.38,1.080e+1,3.291e-18,7.549e-11,9.867e-43,,,,4.284e-18,1.269e-19,,3.002e-15,3.738e-18,1.542e-28,6.090e-17,1.525e-20,1.704e-14,2.969e-19,,,,6.701e-16,3.654e-38,1.080e+1,,2.687e-11,,,,2.692e-7,2.945e-16,1.548e-12,4.504e-12,,,,,1.242e-18,,,,,,,,,2.991e-18,,,,,,,,,,,,,,
842.41,1.125e+1,3.288e-18,6.989e-11,9.851e-43,,,,4.290e-18,1.267e-19,,3.003e-15,3.797e-18,1.542e-28,6.091e-17,1.525e-20,1.885e-14,2.972e-19,,,,6.719e-16,3.641e-38,1.125e+1,,2.324e-11,,,,3.277e-7,2.943e-16,2.213e-12,4.240e-12,,,,,1.241e-18,,,,,,,,,2.992e-18,,,,,,,,,,,,,,
842.43,1.157e+1,3.287e-18,6.633e-11,9.840e-43,,,,4.294e-18,1.267e-19,,3.003e-15,3.836e-18,1.542e-28,6.093e-17,1.525e-20,2.014e-14,2.974e-19,,,,6.730e-16,3.632e-38,1.157e+1,,2.107e-11,,,,3.731e-7,2.941e-16,2.804e-12,4.067e-12,,,,,1.240e-18,,,,,,,,,2.992e-18,,,,,,,,,,,,,,
842.46,1.205e+1,3.284e-18,6.126e-11,9.823e-43,,,,4.300e-18,1.265e-19,,3.004e-15,3.894e-18,1.541e-28,6.094e-17,1.526e-20,2.219e-14,2.977e-19,,,,6.748e-16,3.619e-38,1.205e+1,,1.815e-11,,,,4.523e-7,2.939e-16,3.992e-12,3.813e-12,,,,,1.239e-18,,,,,,,,,2.992e-18,,,,,,,,,,,,,,
842.48,1.238e+1,3.283e-18,5.806e-11,9.812e-43,,,,4.304e-18,1.264e-19,,3.004e-15,3.933e-18,1.541e-28,6.096e-17,1.526e-20,2.365e-14,2.979e-19,,,,6.759e-16,3.610e-38,1.238e+1,,1.641e-11,,,,5.136e-7,2.937e-16,5.046e-12,3.648e-12,,,,,1.238e-18,,,,,,,,,2.993e-18,,,,,,,,,,,,,,
842.51,1.290e+1,3.280e-18,5.351e-11,9.795e-43,,,,4.310e-18,1.263e-19,,3.005e-15,3.991e-18,1.541e-28,6.097e-17,1.526e-20,2.596e-14,2.982e-19,,,,6.777e-16,3.597e-38,1.290e+1,,1.408e-11,,,,6.202e-7,2.935e-16,7.155e-12,3.407e-12,,,,,1.237e-18,,,,,,,,,2.993e-18,,,,,,,,,,,,,,
842.53,1.325e+1,3.278e-18,5.066e-11,9.784e-43,,,,4.315e-18,1.262e-19,,3.005e-15,4.030e-18,1.540e-28,6.099e-17,1.526e-20,2.758e-14,2.984e-19,,,,6.788e-16,3.589e-38,1.325e+1,,1.270e-11,,,,7.023e-7,2.933e-16,9.019e-12,3.250e-12,,,,,1.236e-18,,,,,,,,,2.993e-18,,,,,,,,,,,,,,
842.56,1.379e+1,3.276e-18,4.662e-11,9.768e-43,,,,4.321e-18,1.261e-19,,3.006e-15,4.089e-18,1.540e-28,6.100e-17,1.527e-20,3.015e-14,2.987e-19,,,,6.805e-16,3.576e-38,1.379e+1,,1.085e-11,,,,8.446e-7,2.931e-16,1.274e-11,3.023e-12,,,,,1.235e-18,,,,,,,,,2.994e-18,,,,,,,,,,,,,,
842.58,1.415e+1,3.274e-18,4.410e-11,9.757e-43,,,,4.325e-18,1.260e-19,,3.006e-15,4.128e-18,1.540e-28,6.102e-17,1.527e-20,3.195e-14,2.989e-19,,,,6.817e-16,3.567e-38,1.415e+1,,9.758e-12,,,,9.539e-7,2.930e-16,1.601e-11,2.877e-12,,,,,1.234e-18,,,,,,,,,2.994e-18,,,,,,,,,,,,,,
842.61,1.471e+1,3.272e-18,4.056e-11,9.740e-43,,,,4.331e-18,1.258e-19,,3.007e-15,4.186e-18,1.539e-28,6.103e-17,1.527e-20,3.479e-14,2.992e-19,,,,6.834e-16,3.554e-38,1.471e+1,,8.305e-12,,,,1.143e-6,2.927e-16,2.253e-11,2.665e-12,,,,,1.233e-18,,,,,,,,,2.994e-18,,,,,,,,,,,,,,
842.63,1.509e+1,3.270e-18,3.836e-11,9.729e-43,,,,4.335e-18,1.257e-19,,3.007e-15,4.225e-18,1.539e-28,6.105e-17,1.528e-20,3.677e-14,2.994e-19,,,,6.846e-16,3.545e-38,1.509e+1,,7.448e-12,,,,1.287e-6,2.926e-16,2.825e-11,2.529e-12,,,,,1.232e-18,,,,,,,,,2.994e-18,,,,,,,,,,,,,,
842.66,1.567e+1,3.268e-18,3.528e-11,9.712e-43,,,,4.341e-18,1.256e-19,,3.008e-15,4.283e-18,1.539e-28,6.106e-17,1.528e-20,3.988e-14,2.997e-19,,,,6.863e-16,3.532e-38,1.567e+1,,6.313e-12,,,,1.535e-6,2.923e-16,3.958e-11,2.333e-12,,,,,1.230e-18,,,,,,,,,2.995e-18,,,,,,,,,,,,,,
842.68,1.606e+1,3.266e-18,3.337e-11,9.701e-43,,,,4.345e-18,1.255e-19,,3.008e-15,4.322e-18,1.539e-28,6.108e-17,1.528e-20,4.203e-14,2.999e-19,,,,6.875e-16,3.524e-38,1.606e+1,,5.647e-12,,,,1.725e-6,2.922e-16,4.949e-11,2.208e-12,,,,,1.230e-18,,,,,,,,,2.995e-18,,,,,,,,,,,,,,
842.7,1.646e+1,3.265e-18,3.158e-11,9.690e-43,,,,4.349e-18,1.254e-19,,3.009e-15,4.361e-18,1.538e-28,6.109e-17,1.528e-20,4.426e-14,3.001e-19,,,,6.886e-16,3.515e-38,1.646e+1,,5.045e-12,,,,1.935e-6,2.920e-16,6.182e-11,2.087e-12,,,,,1.229e-18,,,,,,,,,2.995e-18,,,,,,,,,,,,,,
842.73,1.705e+1,3.262e-18,2.910e-11,9.673e-43,,,,4.355e-18,1.253e-19,,3.009e-15,4.419e-18,1.538e-28,6.111e-17,1.529e-20,4.772e-14,3.004e-19,,,,6.903e-16,3.502e-38,1.705e+1,,4.252e-12,,,,2.296e-6,2.918e-16,8.614e-11,1.915e-12,,,,,1.227e-18,,,,,,,,,2.996e-18,,,,,,,,,,,,,,
842.75,1.746e+1,3.261e-18,2.757e-11,9.662e-43,,,,4.359e-18,1.252e-19,,3.010e-15,4.458e-18,1.538e-28,6.112e-17,1.529e-20,5.012e-14,3.006e-19,,,,6.915e-16,3.494e-38,1.746e+1,,3.789e-12,,,,2.570e-6,2.916e-16,1.073e-10,1.805e-12,,,,,1.227e-18,,,,,,,,,2.996e-18,,,,,,,,,,,,,,
842.78,1.806e+1,3.258e-18,2.547e-11,9.646e-43,,,,4.365e-18,1.251e-19,,3.010e-15,4.517e-18,1.537e-28,6.114e-17,1.529e-20,5.382e-14,3.009e-19,,,,6.932e-16,3.481e-38,1.806e+1,,3.181e-12,,,,3.036e-6,2.914e-16,1.489e-10,1.649e-12,,,,,1.225e-18,,,,,,,,,2.996e-18,,,,,,,,,,,,,,
842.8,1.846e+1,3.257e-18,2.418e-11,9.635e-43,,,,4.369e-18,1.250e-19,,3.011e-15,4.556e-18,1.537e-28,6.115e-17,1.529e-20,5.637e-14,3.011e-19,,,,6.944e-16,3.472e-38,1.846e+1,,2.826e-12,,,,3.389e-6,2.913e-16,1.850e-10,1.551e-12,,,,,1.224e-18,,,,,,,,,2.997e-18,,,,,,,,,,,,,,
842.83,1.907e+1,3.254e-18,2.242e-11,9.618e-43,,,,4.375e-18,1.248e-19,,3.011e-15,4.614e-18,1.537e-28,6.117e-17,1.530e-20,6.030e-14,3.014e-19,,,,6.961e-16,3.459e-38,1.907e+1,,2.363e-12,,,,3.988e-6,2.910e-16,2.558e-10,1.411e-12,,,,,1.223e-18,,,,,,,,,2.997e-18,,,,,,,,,,,,,,
842.85,1.947e+1,3.253e-18,2.135e-11,9.607e-43,,,,4.379e-18,1.247e-19,,3.012e-15,4.653e-18,1.537e-28,6.118e-17,1.530e-20,6.298e-14,3.016e-19,,,,6.973e-16,3.450e-38,1.947e+1,,2.094e-12,,,,4.439e-6,2.909e-16,3.169e-10,1.323e-12,,,,,1.222e-18,,,,,,,,,2.997e-18,,,,,,,,,,,,,,
842.88,2.007e+1,3.250e-18,1.989e-11,9.590e-43,,,,4.385e-18,1.246e-19,,3.012e-15,4.711e-18,1.536e-28,6.120e-17,1.530e-20,6.710e-14,3.019e-19,,,,6.990e-16,3.437e-38,2.007e+1,,1.744e-12,,,,5.203e-6,2.906e-16,4.363e-10,1.199e-12,,,,,1.221e-18,,,,,,,,,2.997e-18,,,,,,,,,,,,,,
842.9,2.047e+1,3.249e-18,1.901e-11,9.579e-43,,,,4.389e-18,1.245e-19,,3.013e-15,4.750e-18,1.536e-28,6.121e-17,1.530e-20,6.989e-14,3.021e-19,,,,7.002e-16,3.429e-38,2.047e+1,,1.541e-12,,,,5.777e-6,2.905e-16,5.393e-10,1.121e-12,,,,,1.220e-18,,,,,,,,,2.998e-18,,,,,,,,,,,,,,
842.93,2.105e+1,3.246e-18,1.781e-11,9.563e-43,,,,4.396e-18,1.244e-19,,3.013e-15,4.808e-18,1.536e-28,6.123e-17,1.531e-20,7.416e-14,3.024e-19,,,,7.019e-16,3.416e-38,2.105e+1,,1.278e-12,,,,6.744e-6,2.902e-16,7.394e-10,1.012e-12,,,,,1.219e-18,,,,,,,,,2.998e-18,,,,,,,,,,,,,,
842.95,2.144e+1,3.245e-18,1.709e-11,9.552e-43,,,,4.400e-18,1.243e-19,,3.014e-15,4.847e-18,1.535e-28,6.124e-17,1.531e-20,7.705e-14,3.026e-19,,,,7.030e-16,3.407e-38,2.144e+1,,1.127e-12,,,,7.467e-6,2.901e-16,9.114e-10,9.441e-13,,,,,1.218e-18,,,,,,,,,2.998e-18,,,,,,,,,,,,,,
842.98,2.200e+1,3.242e-18,1.612e-11,9.535e-43,,,,4.406e-18,1.241e-19,,3.014e-15,4.906e-18,1.535e-28,6.126e-17,1.531e-20,8.142e-14,3.029e-19,,,,7.048e-16,3.394e-38,2.200e+1,,9.304e-13,,,,8.682e-6,2.899e-16,1.245e-9,8.487e-13,,,,,1.217e-18,,,,,,,,,2.999e-18,,,,,,,,,,,,,,
843,2.237e+1,3.241e-18,1.554e-11,9.524e-43,,,,4.410e-18,1.240e-19,,3.015e-15,4.945e-18,1.535e-28,6.127e-17,1.532e-20,8.436e-14,3.031e-19,,,,7.059e-16,3.385e-38,2.237e+1,,8.179e-13,,,,9.587e-6,2.897e-16,1.530e-9,7.895e-13,,,,,1.216e-18,,,,,,,,,2.999e-18,,,,,,,,,,,,,,
843.03,2.291e+1,3.238e-18,1.476e-11,9.507e-43,,,,4.416e-18,1.239e-19,,3.015e-15,5.003e-18,1.534e-28,6.129e-17,1.532e-20,8.879e-14,3.034e-19,,,,7.077e-16,3.372e-38,2.291e+1,,6.728e-13,,,,1.110e-5,2.895e-16,2.081e-9,7.068e-13,,,,,1.215e-18,,,,,,,,,2.999e-18,,,,,,,,,,,,,,
843.05,2.326e+1,3.237e-18,1.429e-11,9.496e-43,,,,4.420e-18,1.238e-19,,3.016e-15,5.042e-18,1.534e-28,6.130e-17,1.532e-20,9.175e-14,3.036e-19,,,,7.088e-16,3.364e-38,2.326e+1,,5.898e-13,,,,1.223e-5,2.893e-16,2.552e-9,6.557e-13,,,,,1.214e-18,,,,,,,,,3.000e-18,,,,,,,,,,,,,,
843.07,2.359e+1,3.235e-18,1.387e-11,9.485e-43,,,,4.424e-18,1.237e-19,,3.016e-15,5.081e-18,1.534e-28,6.131e-17,1.532e-20,9.471e-14,3.038e-19,,,,7.100e-16,3.355e-38,2.359e+1,,5.165e-13,,,,1.345e-5,2.892e-16,3.125e-9,6.076e-13,,,,,1.213e-18,,,,,,,,,3.000e-18,,,,,,,,,,,,,,
843.1,2.408e+1,3.233e-18,1.330e-11,9.469e-43,,,,4.430e-18,1.236e-19,,3.017e-15,5.139e-18,1.533e-28,6.133e-17,1.533e-20,9.912e-14,3.041e-19,,,,7.117e-16,3.342e-38,2.408e+1,,4.225e-13,,,,1.549e-5,2.889e-16,4.228e-9,5.409e-13,,,,,1.212e-18,,,,,,,,,3.000e-18,,,,,,,,,,,,,,
843.12,2.439e+1,3.231e-18,1.297e-11,9.458e-43,,,,4.434e-18,1.235e-19,,3.017e-15,5.178e-18,1.533e-28,6.134e-17,1.533e-20,1.020e-13,3.043e-19,,,,7.129e-16,3.334e-38,2.439e+1,,3.690e-13,,,,1.699e-5,2.888e-16,5.164e-9,4.999e-13,,,,,1.211e-18,,,,,,,,,3.000e-18,,,,,,,,,,,,,,
843.15,2.482e+1,3.229e-18,1.252e-11,9.441e-43,,,,4.440e-18,1.234e-19,,3.018e-15,5.236e-18,1.533e-28,6.136e-17,1.533e-20,1.064e-13,3.046e-19,,,,7.146e-16,3.321e-38,2.482e+1,,3.006e-13,,,,1.949e-5,2.886e-16,6.957e-9,4.432e-13,,,,,1.210e-18,,,,,,,,,3.001e-18,,,,,,,,,,,,,,
843.17,2.509e+1,3.227e-18,1.225e-11,9.430e-43,,,,4.444e-18,1.233e-19,,3.018e-15,5.275e-18,1.533e-28,6.137e-17,1.533e-20,1.092e-13,3.048e-19,,,,7.157e-16,3.312e-38,2.509e+1,,2.618e-13,,,,2.133e-5,2.884e-16,8.476e-9,4.085e-13,,,,,1.209e-18,,,,,,,,,3.001e-18,,,,,,,,,,,,,,
843.2,2.547e+1,3.225e-18,1.189e-11,9.413e-43,,,,4.450e-18,1.231e-19,,3.019e-15,5.334e-18,1.532e-28,6.139e-17,1.534e-20,1.134e-13,3.051e-19,,,,7.175e-16,3.299e-38,2.547e+1,,2.124e-13,,,,2.436e-5,2.882e-16,1.137e-8,3.608e-13,,,,,1.207e-18,,,,,,,,,3.001e-18,,,,,,,,,,,,,,
843.22,2.570e+1,3.223e-18,1.168e-11,9.402e-43,,,,4.454e-18,1.230e-19,,3.019e-15,5.373e-18,1.532e-28,6.140e-17,1.534e-20,1.161e-13,3.053e-19,,,,7.186e-16,3.290e-38,2.570e+1,,1.845e-13,,,,2.659e-5,2.880e-16,1.382e-8,3.316e-13,,,,,1.207e-18,,,,,,,,,3.002e-18,,,,,,,,,,,,,,
843.25,2.602e+1,3.221e-18,1.138e-11,9.386e-43,,,,4.460e-18,1.229e-19,,3.020e-15,5.431e-18,1.532e-28,6.142e-17,1.534e-20,1.200e-13,3.056e-19,,,,7.204e-16,3.277e-38,2.602e+1,,1.491e-13,,,,3.025e-5,2.878e-16,1.847e-8,2.916e-13,,,,,1.205e-18,,,,,,,,,3.002e-18,,,,,,,,,,,,,,
843.27,2.621e+1,3.219e-18,1.121e-11,9.375e-43,,,,4.464e-18,1.228e-19,,3.020e-15,5.470e-18,1.531e-28,6.143e-17,1.535e-20,1.226e-13,3.058e-19,,,,7.215e-16,3.269e-38,2.621e+1,,1.292e-13,,,,3.292e-5,2.876e-16,2.238e-8,2.674e-13,,,,,1.204e-18,,,,,,,,,3.002e-18,,,,,,,,,,,,,,
843.3,2.645e+1,3.217e-18,1.097e-11,9.358e-43,,,,4.471e-18,1.227e-19,,3.021e-15,5.528e-18,1.531e-28,6.145e-17,1.535e-20,1.263e-13,3.061e-19,,,,7.232e-16,3.256e-38,2.645e+1,,1.039e-13,,,,3.731e-5,2.874e-16,2.979e-8,2.342e-13,,,,,1.203e-18,,,,,,,,,3.003e-18,,,,,,,,,,,,,,
843.32,2.659e+1,3.215e-18,1.082e-11,9.347e-43,,,,4.475e-18,1.226e-19,,3.021e-15,5.567e-18,1.531e-28,6.146e-17,1.535e-20,1.286e-13,3.063e-19,,,,7.244e-16,3.247e-38,2.659e+1,,8.980e-14,,,,4.050e-5,2.872e-16,3.600e-8,2.141e-13,,,,,1.202e-18,,,,,,,,,3.003e-18,,,,,,,,,,,,,,
843.35,2.675e+1,3.213e-18,1.061e-11,9.330e-43,,,,4.481e-18,1.224e-19,,3.022e-15,5.625e-18,1.530e-28,6.148e-17,1.535e-20,1.319e-13,3.066e-19,,,,7.261e-16,3.234e-38,2.675e+1,,7.197e-14,,,,4.571e-5,2.870e-16,4.773e-8,1.868e-13,,,,,1.201e-18,,,,,,,,,3.003e-18,,,,,,,,,,,,,,
843.37,2.684e+1,3.211e-18,1.048e-11,9.319e-43,,,,4.485e-18,1.224e-19,,3.022e-15,5.664e-18,1.530e-28,6.149e-17,1.536e-20,1.340e-13,3.068e-19,,,,7.273e-16,3.225e-38,2.684e+1,,6.201e-14,,,,4.948e-5,2.869e-16,5.753e-8,1.703e-13,,,,,1.200e-18,,,,,,,,,3.003e-18,,,,,,,,,,,,,,
843.4,2.692e+1,3.209e-18,1.029e-11,9.303e-43,,,,4.491e-18,1.222e-19,,3.023e-15,5.723e-18,1.530e-28,6.151e-17,1.536e-20,1.369e-13,3.071e-19,,,,7.290e-16,3.212e-38,2.692e+1,,4.950e-14,,,,5.562e-5,2.866e-16,7.598e-8,1.480e-13,,,,,1.199e-18,,,,,,,,,3.004e-18,,,,,,,,,,,,,,
843.42,2.695e+1,3.207e-18,1.016e-11,9.291e-43,,,,4.495e-18,1.221e-19,,3.023e-15,5.762e-18,1.529e-28,6.152e-17,1.536e-20,1.386e-13,3.073e-19,,,,7.302e-16,3.204e-38,2.695e+1,,4.254e-14,,,,6.005e-5,2.865e-16,9.133e-8,1.346e-13,,,,,1.198e-18,,,,,,,,,3.004e-18,,,,,,,,,,,,,,
843.44,2.695e+1,3.205e-18,1.004e-11,9.280e-43,,,,4.499e-18,1.220e-19,,3.024e-15,5.800e-18,1.529e-28,6.153e-17,1.536e-20,1.403e-13,3.075e-19,,,,7.313e-16,3.195e-38,2.695e+1,,3.651e-14,,,,6.476e-5,2.863e-16,1.097e-7,1.222e-13,,,,,1.197e-18,,,,,,,,,3.004e-18,,,,,,,,,,,,,,
843.47,2.692e+1,3.203e-18,9.856e-12,9.264e-43,,,,4.505e-18,1.219e-19,,3.024e-15,5.859e-18,1.529e-28,6.155e-17,1.537e-20,1.425e-13,3.078e-19,,,,7.331e-16,3.182e-38,2.692e+1,,2.898e-14,,,,7.239e-5,2.861e-16,1.440e-7,1.056e-13,,,,,1.196e-18,,,,,,,,,3.005e-18,,,,,,,,,,,,,,
843.49,2.686e+1,3.201e-18,9.734e-12,9.253e-43,,,,4.509e-18,1.218e-19,,3.025e-15,5.898e-18,1.529e-28,6.156e-17,1.537e-20,1.438e-13,3.080e-19,,,,7.342e-16,3.174e-38,2.686e+1,,2.481e-14,,,,7.787e-5,2.859e-16,1.725e-7,9.566e-14,,,,,1.195e-18,,,,,,,,,3.005e-18,,,,,,,,,,,,,,
843.52,2.674e+1,3.199e-18,9.548e-12,9.236e-43,,,,4.515e-18,1.217e-19,,3.025e-15,5.956e-18,1.528e-28,6.158e-17,1.537e-20,1.455e-13,3.083e-19,,,,7.359e-16,3.161e-38,2.674e+1,,1.961e-14,,,,8.669e-5,2.857e-16,2.256e-7,8.231e-14,,,,,1.194e-18,,,,,,,,,3.005e-18,,,,,,,,,,,,,,
843.54,2.663e+1,3.197e-18,9.421e-12,9.225e-43,,,,4.519e-18,1.216e-19,,3.026e-15,5.995e-18,1.528e-28,6.159e-17,1.538e-20,1.464e-13,3.085e-19,,,,7.371e-16,3.152e-38,2.663e+1,,1.674e-14,,,,9.300e-5,2.855e-16,2.694e-7,7.436e-14,,,,,1.193e-18,,,,,,,,,3.006e-18,,,,,,,,,,,,,,
843.57,2.641e+1,3.195e-18,9.227e-12,9.208e-43,,,,4.525e-18,1.214e-19,,3.026e-15,6.053e-18,1.528e-28,6.161e-17,1.538e-20,1.476e-13,3.088e-19,,,,7.388e-16,3.139e-38,2.641e+1,,1.318e-14,,,,1.031e-4,2.853e-16,3.510e-7,6.373e-14,,,,,1.192e-18,,,,,,,,,3.006e-18,,,,,,,,,,,,,,
843.59,2.624e+1,3.193e-18,9.093e-12,9.197e-43,,,,4.529e-18,1.213e-19,,3.027e-15,6.092e-18,1.527e-28,6.162e-17,1.538e-20,1.481e-13,3.090e-19,,,,7.400e-16,3.130e-38,2.624e+1,,1.122e-14,,,,1.103e-4,2.852e-16,4.181e-7,5.742e-14,,,,,1.191e-18,,,,,,,,,3.006e-18,,,,,,,,,,,,,,
843.62,2.595e+1,3.191e-18,8.886e-12,9.181e-43,,,,4.535e-18,1.212e-19,,3.027e-15,6.151e-18,1.527e-28,6.164e-17,1.538e-20,1.487e-13,3.093e-19,,,,7.417e-16,3.117e-38,2.595e+1,,8.800e-15,,,,1.218e-4,2.849e-16,5.426e-7,4.901e-14,,,,,1.190e-18,,,,,,,,,3.006e-18,,,,,,,,,,,,,,
843.64,2.572e+1,3.189e-18,8.744e-12,9.170e-43,,,,4.539e-18,1.211e-19,,3.028e-15,6.190e-18,1.527e-28,6.165e-17,1.539e-20,1.488e-13,3.095e-19,,,,7.429e-16,3.109e-38,2.572e+1,,7.473e-15,,,,1.300e-4,2.848e-16,6.446e-7,4.404e-14,,,,,1.189e-18,,,,,,,,,3.007e-18,,,,,,,,,,,,,,
843.67,2.534e+1,3.187e-18,8.523e-12,9.153e-43,,,,4.545e-18,1.210e-19,,3.028e-15,6.248e-18,1.526e-28,6.167e-17,1.539e-20,1.488e-13,3.098e-19,,,,7.446e-16,3.096e-38,2.534e+1,,5.836e-15,,,,1.430e-4,2.845e-16,8.330e-7,3.743e-14,,,,,1.187e-18,,,,,,,,,3.007e-18,,,,,,,,,,,,,,
843.69,2.506e+1,3.185e-18,8.372e-12,9.142e-43,,,,4.550e-18,1.209e-19,,3.029e-15,6.287e-18,1.526e-28,6.168e-17,1.539e-20,1.485e-13,3.100e-19,,,,7.458e-16,3.087e-38,2.506e+1,,4.942e-15,,,,1.522e-4,2.844e-16,9.871e-7,3.355e-14,,,,,1.187e-18,,,,,,,,,3.007e-18,,,,,,,,,,,,,,
843.72,2.460e+1,3.183e-18,8.137e-12,9.125e-43,,,,4.556e-18,1.207e-19,,3.029e-15,6.345e-18,1.526e-28,6.170e-17,1.540e-20,1.479e-13,3.103e-19,,,,7.475e-16,3.074e-38,2.460e+1,,3.844e-15,,,,1.667e-4,2.841e-16,1.271e-6,2.840e-14,,,,,1.185e-18,,,,,,,,,3.008e-18,,,,,,,,,,,,,,
843.74,2.427e+1,3.181e-18,7.976e-12,9.114e-43,,,,4.560e-18,1.207e-19,,3.030e-15,6.384e-18,1.525e-28,6.171e-17,1.540e-20,1.472e-13,3.105e-19,,,,7.486e-16,3.065e-38,2.427e+1,,3.246e-15,,,,1.769e-4,2.840e-16,1.501e-6,2.538e-14,,,,,1.184e-18,,,,,,,,,3.008e-18,,,,,,,,,,,,,,
843.77,2.375e+1,3.179e-18,7.728e-12,9.098e-43,,,,4.566e-18,1.205e-19,,3.030e-15,6.442e-18,1.525e-28,6.173e-17,1.540e-20,1.460e-13,3.108e-19,,,,7.504e-16,3.052e-38,2.375e+1,,2.514e-15,,,,1.931e-4,2.838e-16,1.925e-6,2.140e-14,,,,,1.183e-18,,,,,,,,,3.008e-18,,,,,,,,,,,,,,
843.79,2.337e+1,3.177e-18,7.559e-12,9.087e-43,,,,4.570e-18,1.204e-19,,3.031e-15,6.481e-18,1.525e-28,6.174e-17,1.540e-20,1.450e-13,3.110e-19,,,,7.515e-16,3.044e-38,2.337e+1,,2.118e-15,,,,2.044e-4,2.836e-16,2.269e-6,1.908e-14,,,,,1.182e-18,,,,,,,,,3.009e-18,,,,,,,,,,,,,,
843.81,2.298e+1,3.176e-18,7.387e-12,9.076e-43,,,,4.574e-18,1.203e-19,,3.031e-15,6.520e-18,1.525e-28,6.176e-17,1.541e-20,1.438e-13,3.112e-19,,,,7.527e-16,3.035e-38,2.298e+1,,1.782e-15,,,,2.161e-4,2.835e-16,2.671e-6,1.699e-14,,,,,1.181e-18,,,,,,,,,3.009e-18,,,,,,,,,,,,,,
843.84,2.237e+1,3.173e-18,7.123e-12,9.059e-43,,,,4.580e-18,1.202e-19,,3.032e-15,6.579e-18,1.524e-28,6.177e-17,1.541e-20,1.418e-13,3.115e-19,,,,7.544e-16,3.022e-38,2.237e+1,,1.372e-15,,,,2.344e-4,2.832e-16,3.405e-6,1.424e-14,,,,,1.180e-18,,,,,,,,,3.009e-18,,,,,,,,,,,,,,
843.86,2.194e+1,3.172e-18,6.945e-12,9.048e-43,,,,4.584e-18,1.201e-19,,3.032e-15,6.618e-18,1.524e-28,6.179e-17,1.541e-20,1.403e-13,3.117e-19,,,,7.556e-16,3.014e-38,2.194e+1,,1.152e-15,,,,2.472e-4,2.831e-16,3.998e-6,1.265e-14,,,,,1.179e-18,,,,,,,,,3.009e-18,,,,,,,,,,,,,,
843.89,2.128e+1,3.169e-18,6.674e-12,9.031e-43,,,,4.590e-18,1.200e-19,,3.033e-15,6.676e-18,1.524e-28,6.181e-17,1.541e-20,1.378e-13,3.120e-19,,,,7.573e-16,3.001e-38,2.128e+1,,8.834e-16,,,,2.672e-4,2.828e-16,5.077e-6,1.056e-14,,,,,1.178e-18,,,,,,,,,3.010e-18,,,,,,,,,,,,,,
843.91,2.082e+1,3.168e-18,6.491e-12,9.020e-43,,,,4.594e-18,1.199e-19,,3.033e-15,6.715e-18,1.523e-28,6.182e-17,1.542e-20,1.359e-13,3.122e-19,,,,7.584e-16,2.992e-38,2.082e+1,,7.392e-16,,,,2.810e-4,2.827e-16,5.946e-6,9.352e-15,,,,,1.177e-18,,,,,,,,,3.010e-18,,,,,,,,,,,,,,
843.94,2.011e+1,3.165e-18,6.214e-12,9.004e-43,,,,4.600e-18,1.197e-19,,3.034e-15,6.773e-18,1.523e-28,6.184e-17,1.542e-20,1.329e-13,3.125e-19,,,,7.602e-16,2.979e-38,2.011e+1,,5.648e-16,,,,3.024e-4,2.824e-16,7.520e-6,7.778e-15,,,,,1.176e-18,,,,,,,,,3.010e-18,,,,,,,,,,,,,,
843.96,1.963e+1,3.163e-18,6.029e-12,8.992e-43,,,,4.604e-18,1.197e-19,,3.034e-15,6.812e-18,1.523e-28,6.185e-17,1.542e-20,1.308e-13,3.127e-19,,,,7.613e-16,2.970e-38,1.963e+1,,4.713e-16,,,,3.172e-4,2.823e-16,8.782e-6,6.869e-15,,,,,1.175e-18,,,,,,,,,3.011e-18,,,,,,,,,,,,,,
843.99,1.890e+1,3.161e-18,5.751e-12,8.976e-43,,,,4.610e-18,1.195e-19,,3.035e-15,6.870e-18,1.522e-28,6.187e-17,1.542e-20,1.274e-13,3.130e-19,,,,7.631e-16,2.957e-38,1.890e+1,,3.586e-16,,,,3.400e-4,2.821e-16,1.106e-5,5.690e-15,,,,,1.174e-18,,,,,,,,,3.011e-18,,,,,,,,,,,,,,
844.01,1.840e+1,3.159e-18,5.565e-12,8.965e-43,,,,4.614e-18,1.194e-19,,3.035e-15,6.909e-18,1.522e-28,6.188e-17,1.543e-20,1.251e-13,3.132e-19,,,,7.642e-16,2.949e-38,1.840e+1,,2.985e-16,,,,3.557e-4,2.819e-16,1.289e-5,5.012e-15,,,,,1.173e-18,,,,,,,,,3.011e-18,,,,,,,,,,,,,,
844.04,1.764e+1,3.157e-18,5.288e-12,8.948e-43,,,,4.620e-18,1.193e-19,,3.036e-15,6.968e-18,1.522e-28,6.190e-17,1.543e-20,1.213e-13,3.135e-19,,,,7.660e-16,2.936e-38,1.764e+1,,2.262e-16,,,,3.798e-4,2.817e-16,1.617e-5,4.135e-15,,,,,1.172e-18,,,,,,,,,3.012e-18,,,,,,,,,,,,,,
844.06,1.713e+1,3.155e-18,5.104e-12,8.937e-43,,,,4.625e-18,1.192e-19,,3.036e-15,7.007e-18,1.521e-28,6.191e-17,1.543e-20,1.187e-13,3.137e-19,,,,7.671e-16,2.927e-38,1.713e+1,,1.878e-16,,,,3.962e-4,2.815e-16,1.878e-5,3.632e-15,,,,,1.171e-18,,,,,,,,,3.012e-18,,,,,,,,,,,,,,
844.09,1.637e+1,3.153e-18,4.831e-12,8.920e-43,,,,4.631e-18,1.191e-19,,3.037e-15,7.065e-18,1.521e-28,6.193e-17,1.544e-20,1.147e-13,3.140e-19,,,,7.688e-16,2.914e-38,1.637e+1,,1.417e-16,,,,4.214e-4,2.813e-16,2.347e-5,2.984e-15,,,,,1.170e-18,,,,,,,,,3.012e-18,,,,,,,,,,,,,,
844.11,1.585e+1,3.151e-18,4.651e-12,8.909e-43,,,,4.635e-18,1.190e-19,,3.037e-15,7.104e-18,1.521e-28,6.194e-17,1.544e-20,1.120e-13,3.142e-19,,,,7.700e-16,2.905e-38,1.585e+1,,1.173e-16,,,,4.384e-4,2.811e-16,2.720e-5,2.614e-15,,,,,1.169e-18,,,,,,,,,3.012e-18,,,,,,,,,,,,,,
844.14,1.509e+1,3.149e-18,4.385e-12,8.893e-43,,,,4.641e-18,1.188e-19,,3.038e-15,7.162e-18,1.520e-28,6.196e-17,1.544e-20,1.078e-13,3.145e-19,,,,7.717e-16,2.892e-38,1.509e+1,,8.817e-17,,,,4.644e-4,2.809e-16,3.385e-5,2.140e-15,,,,,1.167e-18,,,,,,,,,3.013e-18,,,,,,,,,,,,,,
844.16,1.458e+1,3.147e-18,4.211e-12,8.882e-43,,,,4.645e-18,1.187e-19,,3.038e-15,7.201e-18,1.520e-28,6.197e-17,1.544e-20,1.049e-13,3.147e-19,,,,7.729e-16,2.884e-38,1.458e+1,,7.279e-17,,,,4.819e-4,2.807e-16,3.911e-5,1.869e-15,,,,,1.167e-18,,,,,,,,,3.013e-18,,,,,,,,,,,,,,
844.18,1.407e+1,3.146e-18,4.039e-12,8.871e-43,,,,4.649e-18,1.186e-19,,3.039e-15,7.240e-18,1.520e-28,6.198e-17,1.545e-20,1.020e-13,3.149e-19,,,,7.740e-16,2.875e-38,1.407e+1,,6.003e-17,,,,4.995e-4,2.806e-16,4.515e-5,1.632e-15,,,,,1.166e-18,,,,,,,,,3.013e-18,,,,,,,,,,,,,,
844.21,1.332e+1,3.143e-18,3.787e-12,8.854e-43,,,,4.655e-18,1.185e-19,,3.039e-15,7.298e-18,1.520e-28,6.200e-17,1.545e-20,9.766e-14,3.152e-19,,,,7.758e-16,2.862e-38,1.332e+1,,4.487e-17,,,,5.261e-4,2.804e-16,5.588e-5,1.328e-15,,,,,1.164e-18,,,,,,,,,3.014e-18,,,,,,,,,,,,,,
844.23,1.282e+1,3.142e-18,3.623e-12,8.843e-43,,,,4.659e-18,1.184e-19,,3.040e-15,7.337e-18,1.519e-28,6.201e-17,1.545e-20,9.471e-14,3.154e-19,,,,7.769e-16,2.854e-38,1.282e+1,,3.690e-17,,,,5.438e-4,2.802e-16,6.433e-5,1.156e-15,,,,,1.164e-18,,,,,,,,,3.014e-18,,,,,,,,,,,,,,
844.26,1.209e+1,3.139e-18,3.384e-12,8.826e-43,,,,4.665e-18,1.183e-19,,3.040e-15,7.396e-18,1.519e-28,6.203e-17,1.545e-20,9.027e-14,3.157e-19,,,,7.786e-16,2.841e-38,1.209e+1,,2.747e-17,,,,5.705e-4,2.800e-16,7.931e-5,9.371e-16,,,,,1.162e-18,,,,,,,,,3.014e-18,,,,,,,,,,,,,,
844.28,1.161e+1,3.138e-18,3.229e-12,8.815e-43,,,,4.669e-18,1.182e-19,,3.041e-15,7.435e-18,1.519e-28,6.204e-17,1.546e-20,8.731e-14,3.159e-19,,,,7.798e-16,2.832e-38,1.161e+1,,2.253e-17,,,,5.882e-4,2.798e-16,9.106e-5,8.138e-16,,,,,1.161e-18,,,,,,,,,3.015e-18,,,,,,,,,,,,,,
844.31,1.090e+1,3.135e-18,3.003e-12,8.799e-43,,,,4.675e-18,1.180e-19,,3.041e-15,7.493e-18,1.518e-28,6.206e-17,1.546e-20,8.289e-14,3.162e-19,,,,7.815e-16,2.819e-38,1.090e+1,,1.670e-17,,,,6.145e-4,2.796e-16,1.118e-4,6.574e-16,,,,,1.160e-18,,,,,,,,,3.015e-18,,,,,,,,,,,,,,
844.33,1.044e+1,3.134e-18,2.858e-12,8.788e-43,,,,4.679e-18,1.180e-19,,3.042e-15,7.532e-18,1.518e-28,6.207e-17,1.546e-20,7.996e-14,3.164e-19,,,,7.827e-16,2.810e-38,1.044e+1,,1.366e-17,,,,6.319e-4,2.794e-16,1.280e-4,5.696e-16,,,,,1.159e-18,,,,,,,,,3.015e-18,,,,,,,,,,,,,,
844.36,9.768e+0,3.131e-18,2.648e-12,8.771e-43,,,,4.685e-18,1.178e-19,,3.042e-15,7.590e-18,1.518e-28,6.209e-17,1.547e-20,7.560e-14,3.167e-19,,,,7.844e-16,2.797e-38,9.767e+0,,1.009e-17,,,,6.576e-4,2.792e-16,1.566e-4,4.588e-16,,,,,1.158e-18,,,,,,,,,3.015e-18,,,,,,,,,,,,,,
844.38,9.331e+0,3.130e-18,2.513e-12,8.760e-43,,,,4.689e-18,1.177e-19,,3.043e-15,7.629e-18,1.518e-28,6.210e-17,1.547e-20,7.273e-14,3.169e-19,,,,7.856e-16,2.789e-38,9.331e+0,,8.230e-18,,,,6.743e-4,2.790e-16,1.788e-4,3.969e-16,,,,,1.157e-18,,,,,,,,,3.016e-18,,,,,,,,,,,,,,
844.41,8.696e+0,3.127e-18,2.319e-12,8.743e-43,,,,4.695e-18,1.176e-19,,3.043e-15,7.687e-18,1.517e-28,6.212e-17,1.547e-20,6.849e-14,3.172e-19,,,,7.873e-16,2.776e-38,8.695e+0,,6.052e-18,,,,6.989e-4,2.788e-16,2.178e-4,3.191e-16,,,,,1.156e-18,,,,,,,,,3.016e-18,,,,,,,,,,,,,,
844.43,8.285e+0,3.126e-18,2.195e-12,8.732e-43,,,,4.699e-18,1.175e-19,,3.044e-15,7.726e-18,1.517e-28,6.213e-17,1.547e-20,6.571e-14,3.174e-19,,,,7.885e-16,2.767e-38,8.284e+0,,4.924e-18,,,,7.148e-4,2.787e-16,2.481e-4,2.760e-16,,,,,1.155e-18,,,,,,,,,3.016e-18,,,,,,,,,,,,,,
844.46,7.691e+0,3.123e-18,2.017e-12,8.716e-43,,,,4.706e-18,1.174e-19,,3.044e-15,7.785e-18,1.517e-28,6.215e-17,1.548e-20,6.163e-14,3.177e-19,,,,7.902e-16,2.754e-38,7.689e+0,,3.606e-18,,,,7.379e-4,2.784e-16,3.010e-4,2.222e-16,,,,,1.154e-18,,,,,,,,,3.017e-18,,,,,,,,,,,,,,
844.48,7.308e+0,3.122e-18,1.905e-12,8.705e-43,,,,4.710e-18,1.173e-19,,3.045e-15,7.824e-18,1.516e-28,6.216e-17,1.548e-20,5.897e-14,3.179e-19,,,,7.913e-16,2.745e-38,7.307e+0,,2.926e-18,,,,7.527e-4,2.783e-16,3.419e-4,1.927e-16,,,,,1.153e-18,,,,,,,,,3.017e-18,,,,,,,,,,,,,,
844.51,6.757e+0,3.119e-18,1.743e-12,8.688e-43,,,,4.716e-18,1.171e-19,,3.045e-15,7.882e-18,1.516e-28,6.218e-17,1.548e-20,5.509e-14,3.182e-19,,,,7.931e-16,2.732e-38,6.756e+0,,2.134e-18,,,,7.738e-4,2.780e-16,4.131e-4,1.564e-16,,,,,1.152e-18,,,,,,,,,3.017e-18,,,,,,,,,,,,,,
844.53,6.405e+0,3.118e-18,1.641e-12,8.677e-43,,,,4.720e-18,1.170e-19,,3.046e-15,7.921e-18,1.516e-28,6.219e-17,1.548e-20,5.257e-14,3.184e-19,,,,7.942e-16,2.724e-38,6.403e+0,,1.727e-18,,,,7.872e-4,2.779e-16,4.681e-4,1.368e-16,,,,,1.151e-18,,,,,,,,,3.018e-18,,,,,,,,,,,,,,
844.56,5.898e+0,3.115e-18,1.497e-12,8.660e-43,,,,4.726e-18,1.169e-19,,3.046e-15,7.979e-18,1.515e-28,6.221e-17,1.549e-20,4.891e-14,3.187e-19,,,,7.960e-16,2.711e-38,5.897e+0,,1.255e-18,,,,8.061e-4,2.777e-16,5.633e-4,1.134e-16,,,,,1.149e-18,,,,,,,,,3.018e-18,,,,,,,,,,,,,,
844.58,5.576e+0,3.114e-18,1.405e-12,8.649e-43,,,,4.730e-18,1.168e-19,,3.047e-15,8.018e-18,1.515e-28,6.222e-17,1.549e-20,4.655e-14,3.189e-19,,,,7.971e-16,2.702e-38,5.575e+0,,1.013e-18,,,,8.179e-4,2.775e-16,6.365e-4,1.013e-16,,,,,1.149e-18,,,,,,,,,3.018e-18,,,,,,,,,,,,,,
844.6,5.266e+0,3.112e-18,1.318e-12,8.638e-43,,,,4.734e-18,1.167e-19,,3.047e-15,8.057e-18,1.515e-28,6.223e-17,1.549e-20,4.426e-14,3.191e-19,,,,7.983e-16,2.694e-38,5.264e+0,,8.163e-19,,,,8.289e-4,2.773e-16,7.185e-4,9.161e-17,,,,,1.148e-18,,,,,,,,,3.018e-18,,,,,,,,,,,,,,
844.63,4.823e+0,3.110e-18,1.195e-12,8.622e-43,,,,4.740e-18,1.166e-19,,3.048e-15,8.115e-18,1.514e-28,6.225e-17,1.550e-20,4.095e-14,3.194e-19,,,,8.000e-16,2.681e-38,4.821e+0,,5.896e-19,,,,8.440e-4,2.771e-16,8.599e-4,8.138e-17,,,,,1.147e-18,,,,,,,,,3.019e-18,,,,,,,,,,,,,,
844.65,4.542e+0,3.108e-18,1.118e-12,8.610e-43,,,,4.744e-18,1.165e-19,,3.048e-15,8.154e-18,1.514e-28,6.226e-17,1.550e-20,3.882e-14,3.196e-19,,,,8.012e-16,2.672e-38,4.541e+0,,4.740e-19,,,,8.531e-4,2.770e-16,9.680e-4,7.717e-17,,,,,1.146e-18,,,,,,,,,3.019e-18,,,,,,,,,,,,,,
844.68,4.144e+0,3.106e-18,1.009e-12,8.594e-43,,,,4.750e-18,1.164e-19,,3.049e-15,8.213e-18,1.514e-28,6.228e-17,1.550e-20,3.577e-14,3.199e-19,,,,8.029e-16,2.659e-38,4.142e+0,,3.410e-19,,,,8.652e-4,2.767e-16,1.154e-3,7.456e-17,,,,,1.144e-18,,,,,,,,,3.019e-18,,,,,,,,,,,,,,
844.7,3.893e+0,3.104e-18,9.417e-13,8.583e-43,,,,4.754e-18,1.163e-19,,3.049e-15,8.252e-18,1.514e-28,6.229e-17,1.550e-20,3.383e-14,3.201e-19,,,,8.040e-16,2.650e-38,3.891e+0,,2.734e-19,,,,8.722e-4,2.766e-16,1.295e-3,7.523e-17,,,,,1.144e-18,,,,,,,,,3.020e-18,,,,,,,,,,,,,,
844.73,3.538e+0,3.102e-18,8.469e-13,8.566e-43,,,,4.760e-18,1.161e-19,,3.050e-15,8.310e-18,1.513e-28,6.231e-17,1.551e-20,3.104e-14,3.204e-19,,,,8.058e-16,2.637e-38,3.535e+0,,1.959e-19,,,,8.810e-4,2.763e-16,1.538e-3,7.990e-17,,,,,1.142e-18,,,,,,,,,3.020e-18,,,,,,,,,,,,,,
844.75,3.314e+0,3.100e-18,7.880e-13,8.555e-43,,,,4.764e-18,1.160e-19,,3.050e-15,8.349e-18,1.513e-28,6.232e-17,1.551e-20,2.928e-14,3.206e-19,,,,8.069e-16,2.629e-38,3.312e+0,,1.567e-19,,,,8.857e-4,2.762e-16,1.722e-3,8.555e-17,,,,,1.141e-18,,,,,,,,,3.020e-18,,,,,,,,,,,,,,
844.78,3.000e+0,3.098e-18,7.058e-13,8.538e-43,,,,4.770e-18,1.159e-19,,3.051e-15,8.407e-18,1.513e-28,6.234e-17,1.551e-20,2.676e-14,3.209e-19,,,,8.087e-16,2.616e-38,2.997e+0,,1.118e-19,,,,8.911e-4,2.760e-16,2.037e-3,9.815e-17,,,,,1.140e-18,,,,,,,,,3.021e-18,,,,,,,,,,,,,,
844.8,2.804e+0,3.096e-18,6.550e-13,8.527e-43,,,,4.774e-18,1.158e-19,,3.051e-15,8.446e-18,1.512e-28,6.235e-17,1.551e-20,2.517e-14,3.211e-19,,,,8.098e-16,2.607e-38,2.801e+0,,8.914e-20,,,,8.935e-4,2.758e-16,2.274e-3,1.095e-16,,,,,1.139e-18,,,,,,,,,3.021e-18,,,,,,,,,,,,,,
844.83,2.528e+0,3.094e-18,5.843e-13,8.511e-43,,,,4.781e-18,1.157e-19,,3.052e-15,8.504e-18,1.512e-28,6.237e-17,1.552e-20,2.291e-14,3.214e-19,,,,8.115e-16,2.594e-38,2.524e+0,,6.336e-20,,,,8.953e-4,2.756e-16,2.679e-3,1.318e-16,,,,,1.138e-18,,,,,,,,,3.021e-18,,,,,,,,,,,,,,
844.85,2.356e+0,3.092e-18,5.408e-13,8.500e-43,,,,4.785e-18,1.156e-19,,3.052e-15,8.543e-18,1.512e-28,6.238e-17,1.552e-20,2.149e-14,3.216e-19,,,,8.127e-16,2.585e-38,2.352e+0,,5.039e-20,,,,8.953e-4,2.754e-16,2.984e-3,1.504e-16,,,,,1.137e-18,,,,,,,,,3.021e-18,,,,,,,,,,,,,,
844.88,2.116e+0,3.090e-18,4.805e-13,8.483e-43,,,,4.791e-18,1.154e-19,,3.053e-15,8.602e-18,1.511e-28,6.240e-17,1.552e-20,1.949e-14,4.966e-19,,,,8.144e-16,2.572e-38,2.112e+0,,3.566e-20,,,,8.935e-4,2.752e-16,3.500e-3,1.852e-16,,,,,1.136e-18,,,,,,,,,3.022e-18,,,,,,,,,,,,,,
844.9,1.968e+0,3.088e-18,4.435e-13,8.472e-43,,,,4.795e-18,1.154e-19,,3.053e-15,8.641e-18,1.511e-28,6.241e-17,1.552e-20,1.823e-14,6.627e-19,,,,8.156e-16,2.564e-38,1.963e+0,,2.829e-20,,,,8.911e-4,2.750e-16,3.888e-3,2.136e-16,,,,,1.135e-18,,,,,,,,,3.022e-18,,,,,,,,,,,,,,
844.93,1.761e+0,3.085e-18,3.924e-13,8.455e-43,,,,4.801e-18,1.152e-19,,3.054e-15,8.699e-18,1.511e-28,6.243e-17,1.553e-20,1.646e-14,1.019e-18,,,,8.173e-16,2.551e-38,1.755e+0,,1.994e-20,,,,8.857e-4,2.748e-16,4.542e-3,2.655e-16,,,,,1.134e-18,,,,,,,,,3.022e-18,,,,,,,,,,,,,,
844.95,1.633e+0,3.084e-18,3.612e-13,8.444e-43,,,,4.805e-18,1.151e-19,,3.054e-15,8.738e-18,1.510e-28,6.244e-17,1.553e-20,1.536e-14,1.356e-18,,,,8.185e-16,2.542e-38,1.627e+0,,1.577e-20,,,,8.810e-4,2.746e-16,5.032e-3,3.072e-16,,,,,1.133e-18,,,,,,,,,3.023e-18,,,,,,,,,,,,,,
844.97,1.513e+0,3.082e-18,3.322e-13,8.433e-43,,,,4.809e-18,1.150e-19,,3.055e-15,8.777e-18,1.510e-28,6.246e-17,1.553e-20,1.432e-14,1.803e-18,,,,8.196e-16,2.534e-38,1.507e+0,,1.246e-20,,,,8.754e-4,2.745e-16,5.569e-3,3.556e-16,,,,,1.132e-18,,,,,,,,,3.023e-18,,,,,,,,,,,,,,
845,1.347e+0,3.080e-18,2.923e-13,8.417e-43,,,,4.815e-18,1.149e-19,,3.055e-15,8.835e-18,1.510e-28,6.247e-17,1.554e-20,1.285e-14,2.758e-18,,,,8.214e-16,2.521e-38,1.340e+0,,8.737e-21,,,,8.652e-4,2.743e-16,6.471e-3,4.428e-16,,,,,1.131e-18,,,,,,,,,3.023e-18,,,,,,,,,,,,,,
845.02,1.245e+0,3.078e-18,2.681e-13,8.406e-43,,,,4.819e-18,1.148e-19,,3.056e-15,8.874e-18,1.510e-28,6.249e-17,1.554e-20,1.195e-14,3.885e-18,,,,8.225e-16,2.512e-38,1.237e+0,,6.885e-21,,,,8.574e-4,2.741e-16,7.142e-3,5.122e-16,,,,,1.130e-18,,,,,,,,,3.024e-18,,,,,,,,,,,,,,
845.05,1.105e+0,3.076e-18,2.349e-13,8.389e-43,,,,4.825e-18,1.147e-19,,3.056e-15,8.932e-18,1.509e-28,6.250e-17,1.554e-20,1.069e-14,5.923e-18,,,,8.242e-16,2.499e-38,1.096e+0,,4.806e-21,,,,8.440e-4,2.739e-16,8.265e-3,6.366e-16,,,,,1.129e-18,,,,,,,,,3.024e-18,,,,,,,,,,,,,,
845.07,1.019e+0,3.074e-18,2.149e-13,8.378e-43,,,,4.829e-18,1.146e-19,,3.057e-15,8.971e-18,1.509e-28,6.252e-17,1.554e-20,9.906e-15,7.836e-18,,,,8.254e-16,3.341e-38,1.009e+0,,3.777e-21,,,,8.341e-4,2.737e-16,9.098e-3,7.352e-16,,,,,1.128e-18,,,,,,,,,3.024e-18,,,,,,,,,,,,,,
845.1,9.018e-1,3.072e-18,1.875e-13,8.361e-43,,,,4.835e-18,1.144e-19,,3.057e-15,9.030e-18,1.509e-28,6.253e-17,1.555e-20,8.824e-15,1.190e-17,,,,8.271e-16,5.154e-38,8.905e-1,,2.626e-21,,,,8.179e-4,2.735e-16,1.049e-2,9.110e-16,,,,,1.126e-18,,,,,,,,,3.024e-18,,,,,,,,,,,,,,
845.12,8.303e-1,3.070e-18,1.711e-13,8.350e-43,,,,4.839e-18,1.143e-19,,3.058e-15,9.069e-18,1.508e-28,6.255e-17,1.555e-20,8.158e-15,1.570e-17,,,,8.283e-16,6.872e-38,8.180e-1,,2.058e-21,,,,8.061e-4,2.733e-16,1.151e-2,1.050e-15,,,,,1.126e-18,,,,,,,,,3.025e-18,,,,,,,,,,,,,,
845.15,7.328e-1,3.068e-18,1.487e-13,8.334e-43,,,,4.845e-18,1.142e-19,,3.058e-15,9.127e-18,1.508e-28,6.256e-17,1.555e-20,7.237e-15,2.376e-17,,,,8.300e-16,1.056e-37,7.187e-1,,1.425e-21,,,,7.872e-4,2.731e-16,1.322e-2,1.296e-15,,,,,1.124e-18,,,,,,,,,3.025e-18,,,,,,,,,,,,,,
845.17,6.737e-1,3.066e-18,1.353e-13,8.323e-43,,,,4.849e-18,1.141e-19,,3.059e-15,9.166e-18,1.508e-28,6.258e-17,1.555e-20,6.673e-15,3.126e-17,,,,8.312e-16,1.404e-37,6.585e-1,,1.114e-21,,,,7.738e-4,2.729e-16,1.447e-2,1.490e-15,,,,,1.123e-18,,,,,,,,,3.025e-18,,,,,,,,,,,,,,
845.2,5.936e-1,3.064e-18,1.171e-13,8.306e-43,,,,4.856e-18,1.140e-19,,3.059e-15,9.224e-18,1.507e-28,6.259e-17,1.556e-20,5.896e-15,4.711e-17,,,,8.329e-16,2.149e-37,5.763e-1,,7.683e-22,,,,7.527e-4,2.727e-16,1.655e-2,1.834e-15,,,,,1.122e-18,,,,,,,,,3.026e-18,,,,,,,,,,,,,,
845.22,5.453e-1,3.062e-18,1.063e-13,8.295e-43,,,,4.860e-18,1.139e-19,,3.060e-15,9.263e-18,1.507e-28,6.261e-17,1.556e-20,5.422e-15,6.183e-17,,,,8.341e-16,2.850e-37,5.265e-1,,5.990e-22,,,,7.379e-4,2.726e-16,1.807e-2,2.103e-15,,,,,1.121e-18,,,,,,,,,3.026e-18,,,,,,,,,,,,,,
845.25,4.802e-1,3.060e-18,9.165e-14,8.278e-43,,,,4.866e-18,1.137e-19,,3.060e-15,9.321e-18,1.507e-28,6.262e-17,1.556e-20,4.771e-15,9.280e-17,,,,8.358e-16,4.345e-37,4.590e-1,,4.114e-22,,,,7.148e-4,2.723e-16,2.058e-2,2.578e-15,,,,,1.120e-18,,,,,,,,,3.026e-18,,,,,,,,,,,,,,
845.27,4.413e-1,3.058e-18,8.293e-14,8.267e-43,,,,4.870e-18,1.137e-19,,3.061e-15,9.360e-18,1.506e-28,6.264e-17,1.557e-20,4.376e-15,1.215e-16,,,,8.369e-16,5.748e-37,4.182e-1,,3.198e-22,,,,6.989e-4,2.722e-16,2.241e-2,2.949e-15,,,,,1.496e-18,,,,,,,,,3.027e-18,,,,,,,,,,,,,,
845.3,3.892e-1,3.056e-18,7.123e-14,8.251e-43,,,,4.876e-18,1.135e-19,,3.061e-15,9.419e-18,1.506e-28,6.265e-17,1.557e-20,3.835e-15,1.816e-16,,,,8.387e-16,8.728e-37,3.631e-1,,2.188e-22,,,,6.743e-4,2.719e-16,2.542e-2,3.601e-15,,,,,2.306e-18,,,,,,,,,3.027e-18,,,,,,,,,,,,,,
845.32,3.583e-1,3.054e-18,6.427e-14,8.239e-43,,,,4.880e-18,1.134e-19,,3.062e-15,9.458e-18,1.506e-28,6.267e-17,1.557e-20,3.508e-15,2.371e-16,,,,8.398e-16,1.152e-36,3.300e-1,,1.696e-22,,,,6.576e-4,2.718e-16,2.762e-2,4.109e-15,,,,,3.073e-18,,,,,,,,,3.027e-18,,,,,,,,,,,,,,
845.34,3.302e-1,3.053e-18,5.794e-14,8.228e-43,,,,4.884e-18,1.133e-19,,3.062e-15,9.497e-18,1.506e-28,6.268e-17,1.557e-20,3.205e-15,3.093e-16,,,,8.410e-16,1.518e-36,2.996e-1,,1.314e-22,,,,6.405e-4,2.716e-16,2.996e-2,4.683e-15,,,,,4.091e-18,,,,,,,,,3.027e-18,,,,,,,,,,,,,,
845.37,2.931e-1,3.050e-18,4.948e-14,8.212e-43,,,,4.890e-18,1.132e-19,,3.063e-15,9.555e-18,1.505e-28,6.270e-17,1.558e-20,2.793e-15,4.598e-16,,,,8.427e-16,2.292e-36,2.586e-1,,8.936e-23,,,,6.145e-4,2.714e-16,3.380e-2,5.689e-15,,,,,6.269e-18,,,,,,,,,3.028e-18,,,,,,,,,,,,,,
845.39,2.714e-1,3.048e-18,4.448e-14,8.201e-43,,,,4.894e-18,1.131e-19,,3.063e-15,9.594e-18,1.505e-28,6.271e-17,1.558e-20,2.545e-15,5.982e-16,,,,8.439e-16,3.012e-36,2.342e-1,,6.902e-23,,,,5.970e-4,2.712e-16,3.658e-2,6.469e-15,,,,,8.323e-18,,,,,,,,,3.028e-18,,,,,,,,,,,,,,
845.42,2.430e-1,3.046e-18,3.784e-14,8.184e-43,,,,4.900e-18,1.130e-19,,3.064e-15,9.652e-18,1.505e-28,6.273e-17,1.558e-20,2.209e-15,8.858e-16,,,,8.456e-16,4.531e-36,2.014e-1,,4.676e-23,,,,5.705e-4,2.710e-16,4.109e-2,7.828e-15,,,,,1.271e-17,,,,,,,,,3.028e-18,,,,,,,,,,,,,,
845.44,2.267e-1,3.044e-18,3.393e-14,8.173e-43,,,,4.904e-18,1.129e-19,,3.064e-15,9.691e-18,1.504e-28,6.274e-17,1.558e-20,2.008e-15,1.149e-15,,,,8.467e-16,5.939e-36,1.818e-1,,3.602e-23,,,,5.527e-4,2.709e-16,4.435e-2,8.878e-15,,,,,1.682e-17,,,,,,,,,3.029e-18,,,,,,,,,,,,,,
845.47,2.059e-1,3.042e-18,2.874e-14,8.156e-43,,,,4.910e-18,1.127e-19,,3.065e-15,9.749e-18,1.504e-28,6.276e-17,1.559e-20,1.736e-15,1.695e-15,,,,8.485e-16,8.898e-36,1.557e-1,,2.430e-23,,,,5.261e-4,2.706e-16,4.963e-2,1.070e-14,,,,,2.558e-17,,,,,,,,,3.029e-18,,,,,,,,,,,,,,
845.49,1.942e-1,3.040e-18,2.570e-14,8.145e-43,,,,4.914e-18,1.127e-19,,3.065e-15,9.788e-18,1.504e-28,6.277e-17,1.559e-20,1.573e-15,2.194e-15,,,,8.496e-16,1.163e-35,1.402e-1,,1.867e-23,,,,5.083e-4,2.705e-16,5.342e-2,1.211e-14,,,,,3.378e-17,,,,,,,,,3.029e-18,,,,,,,,,,,,,,
845.52,1.796e-1,3.038e-18,2.169e-14,8.129e-43,,,,4.920e-18,1.125e-19,,3.066e-15,9.847e-18,1.503e-28,6.279e-17,1.559e-20,1.355e-15,3.223e-15,,,,8.514e-16,1.736e-35,1.196e-1,,1.255e-23,,,,4.819e-4,2.702e-16,5.954e-2,1.454e-14,,,,,5.116e-17,,,,,,,,,3.030e-18,,,,,,,,,,,,,,
845.54,1.718e-1,3.036e-18,1.934e-14,8.118e-43,,,,4.924e-18,1.124e-19,,3.066e-15,9.886e-18,1.503e-28,6.280e-17,1.560e-20,1.224e-15,4.160e-15,,,,8.525e-16,2.264e-35,1.075e-1,,9.612e-24,,,,4.644e-4,2.701e-16,6.391e-2,1.641e-14,,,,,6.738e-17,,,,,,,,,3.030e-18,,,,,,,,,,,,,,
845.57,1.627e-1,3.034e-18,1.625e-14,8.101e-43,,,,4.930e-18,1.123e-19,,3.067e-15,9.944e-18,1.503e-28,6.282e-17,1.560e-20,1.050e-15,6.087e-15,,,,8.543e-16,3.365e-35,9.129e-2,,6.432e-24,,,,4.384e-4,2.699e-16,7.095e-2,1.963e-14,,,,,1.016e-16,,,,,,,,,3.030e-18,,,,,,,,,,,,,,
845.59,1.582e-1,3.032e-18,1.445e-14,8.090e-43,,,,4.935e-18,1.122e-19,,3.067e-15,9.983e-18,1.502e-28,6.283e-17,1.560e-20,9.466e-16,7.836e-15,,,,8.554e-16,4.376e-35,8.178e-2,,4.915e-24,,,,4.214e-4,2.697e-16,7.596e-2,2.210e-14,,,,,1.335e-16,,,,,,,,,3.030e-18,,,,,,,,,,,,,,
845.62,1.536e-1,3.030e-18,1.210e-14,8.073e-43,,,,4.941e-18,1.121e-19,,3.068e-15,1.004e-17,1.502e-28,6.285e-17,1.560e-20,8.086e-16,1.142e-14,,,,8.571e-16,6.478e-35,6.920e-2,,3.276e-24,,,,3.962e-4,2.695e-16,8.399e-2,2.634e-14,,,,,2.006e-16,,,,,,,,,3.031e-18,,,,,,,,,,,,,,
845.64,1.519e-1,3.028e-18,1.073e-14,8.062e-43,,,,4.945e-18,1.120e-19,,3.068e-15,1.008e-17,1.502e-28,6.286e-17,1.561e-20,7.269e-16,1.466e-14,,,,8.583e-16,8.403e-35,6.182e-2,,2.496e-24,,,,3.798e-4,2.693e-16,8.968e-2,2.958e-14,,,,,2.629e-16,,,,,,,,,3.031e-18,,,,,,,,,,,,,,
845.67,1.512e-1,3.026e-18,8.946e-15,8.046e-43,,,,4.951e-18,1.118e-19,,3.069e-15,1.014e-17,1.502e-28,6.288e-17,1.561e-20,6.184e-16,2.129e-14,,,,8.600e-16,1.239e-34,5.210e-2,,1.657e-24,,,,3.557e-4,2.691e-16,9.876e-2,3.512e-14,,,,,3.934e-16,,,,,,,,,3.031e-18,,,,,,,,,,,,,,
845.69,1.519e-1,3.024e-18,7.914e-15,8.035e-43,,,,4.955e-18,1.117e-19,,3.069e-15,1.018e-17,1.501e-28,6.289e-17,1.561e-20,5.545e-16,2.726e-14,,,,8.612e-16,1.603e-34,4.642e-2,,1.259e-24,,,,3.400e-4,2.689e-16,1.052e-1,3.934e-14,,,,,5.140e-16,,,,,,,,,3.032e-18,,,,,,,,,,,,,,
845.71,1.535e-1,3.023e-18,6.993e-15,8.024e-43,,,,4.959e-18,1.116e-19,,3.070e-15,1.022e-17,1.501e-28,6.290e-17,1.561e-20,4.966e-16,3.487e-14,,,,8.623e-16,2.072e-34,4.132e-2,,9.560e-25,,,,3.247e-4,2.688e-16,1.119e-1,4.401e-14,,,,,6.710e-16,,,,,,,,,3.032e-18,,,,,,,,,,,,,,
845.74,1.575e-1,3.020e-18,5.797e-15,8.007e-43,,,,4.965e-18,1.115e-19,,3.070e-15,1.027e-17,1.501e-28,6.292e-17,1.562e-20,4.201e-16,5.035e-14,,,,8.641e-16,3.038e-34,3.463e-2,,6.310e-25,,,,3.024e-4,2.685e-16,1.225e-1,5.199e-14,,,,,9.986e-16,,,,,,,,,3.032e-18,,,,,,,,,,,,,,
845.76,1.610e-1,3.019e-18,5.108e-15,7.996e-43,,,,4.969e-18,1.114e-19,,3.071e-15,1.031e-17,1.500e-28,6.293e-17,1.562e-20,3.753e-16,6.424e-14,,,,8.652e-16,3.916e-34,3.074e-2,,4.777e-25,,,,2.880e-4,2.684e-16,1.300e-1,5.802e-14,,,,,1.300e-15,,,,,,,,,3.033e-18,,,,,,,,,,,,,,
845.79,1.677e-1,3.016e-18,4.218e-15,7.979e-43,,,,4.975e-18,1.113e-19,,3.071e-15,1.037e-17,1.500e-28,6.295e-17,1.562e-20,3.162e-16,9.239e-14,,,,8.669e-16,5.719e-34,2.566e-2,,3.140e-25,,,,2.672e-4,2.682e-16,1.418e-1,6.828e-14,,,,,1.927e-15,,,,,,,,,3.033e-18,,,,,,,,,,,,,,
845.81,1.730e-1,3.015e-18,3.707e-15,7.968e-43,,,,4.979e-18,1.112e-19,,3.072e-15,1.041e-17,1.500e-28,6.296e-17,1.563e-20,2.817e-16,1.176e-13,,,,8.681e-16,7.352e-34,2.272e-2,,2.371e-25,,,,2.538e-4,2.680e-16,1.500e-1,7.601e-14,,,,,2.502e-15,,,,,,,,,3.033e-18,,,,,,,,,,,,,,
845.84,1.821e-1,3.012e-18,3.048e-15,7.952e-43,,,,4.985e-18,1.110e-19,,3.072e-15,1.047e-17,1.499e-28,6.298e-17,1.563e-20,2.364e-16,1.684e-13,,,,8.698e-16,1.070e-33,1.888e-2,,1.552e-25,,,,2.344e-4,2.678e-16,1.630e-1,8.911e-14,,,,,3.695e-15,,,,,,,,,3.033e-18,,,,,,,,,,,,,,
845.86,1.889e-1,3.011e-18,2.672e-15,7.940e-43,,,,4.989e-18,1.110e-19,,3.073e-15,1.051e-17,1.499e-28,6.299e-17,1.563e-20,2.100e-16,2.137e-13,,,,8.710e-16,1.371e-33,1.667e-2,,1.169e-25,,,,2.221e-4,2.676e-16,1.720e-1,9.896e-14,,,,,4.785e-15,,,,,,,,,3.034e-18,,,,,,,,,,,,,,
845.89,2.001e-1,3.008e-18,2.188e-15,7.924e-43,,,,4.995e-18,1.108e-19,,3.073e-15,1.057e-17,1.499e-28,6.301e-17,1.563e-20,1.755e-16,3.050e-13,,,,8.727e-16,1.987e-33,1.381e-2,,7.623e-26,,,,2.044e-4,2.674e-16,1.861e-1,1.156e-13,,,,,7.037e-15,,,,,,,,,3.034e-18,,,,,,,,,,,,,,
845.91,2.083e-1,3.007e-18,1.913e-15,7.913e-43,,,,4.999e-18,1.107e-19,,3.074e-15,1.061e-17,1.499e-28,6.302e-17,1.564e-20,1.555e-16,3.860e-13,,,,8.739e-16,2.541e-33,1.216e-2,,5.724e-26,,,,1.931e-4,2.672e-16,1.959e-1,1.280e-13,,,,,9.089e-15,,,,,,,,,3.034e-18,,,,,,,,,,,,,,
845.94,2.213e-1,3.004e-18,1.560e-15,7.896e-43,,,,5.005e-18,1.106e-19,,3.074e-15,1.066e-17,1.498e-28,6.304e-17,1.564e-20,1.295e-16,5.486e-13,,,,8.756e-16,3.667e-33,1.003e-2,,3.717e-26,,,,1.769e-4,2.670e-16,2.111e-1,1.490e-13,,,,,1.331e-14,,,,,,,,,3.035e-18,,,,,,,,,,,,,,
845.96,2.306e-1,3.003e-18,1.360e-15,7.885e-43,,,,5.010e-18,1.105e-19,,3.075e-15,1.070e-17,1.498e-28,6.305e-17,1.564e-20,1.144e-16,6.926e-13,,,,8.768e-16,4.677e-33,8.806e-3,,2.784e-26,,,,1.667e-4,2.668e-16,2.216e-1,1.646e-13,,,,,1.715e-14,,,,,,,,,3.035e-18,,,,,,,,,,,,,,
845.99,2.453e-1,3.000e-18,1.105e-15,7.868e-43,,,,5.016e-18,1.104e-19,,3.075e-15,1.076e-17,1.498e-28,6.307e-17,1.564e-20,9.484e-17,9.805e-13,,,,8.785e-16,6.724e-33,7.233e-3,,1.801e-26,,,,1.522e-4,2.666e-16,2.379e-1,1.908e-13,,,,,2.503e-14,,,,,,,,,3.035e-18,,,,,,,,,,,,,,
846.01,2.556e-1,2.999e-18,9.609e-16,7.857e-43,,,,5.020e-18,1.103e-19,,3.076e-15,1.080e-17,1.497e-28,6.308e-17,1.565e-20,8.359e-17,1.235e-12,,,,8.796e-16,8.553e-33,6.335e-3,,1.345e-26,,,,1.430e-4,2.665e-16,2.491e-1,2.103e-13,,,,,3.215e-14,,,,,,,,,3.036e-18,,,,,,,,,,,,,,
846.04,2.716e-1,2.996e-18,7.775e-16,7.841e-43,,,,5.026e-18,1.101e-19,,3.077e-15,1.086e-17,1.497e-28,6.310e-17,1.565e-20,6.902e-17,1.741e-12,,,,8.814e-16,1.225e-32,5.183e-3,,8.664e-27,,,,1.300e-4,2.662e-16,2.663e-1,2.429e-13,,,,,4.673e-14,,,,,,,,,3.036e-18,,,,,,,,,,,,,,
846.06,2.827e-1,2.995e-18,6.742e-16,7.830e-43,,,,5.030e-18,1.100e-19,,3.077e-15,1.090e-17,1.497e-28,6.311e-17,1.565e-20,6.067e-17,2.186e-12,,,,8.825e-16,1.554e-32,4.527e-3,,8.675e-27,,,,1.218e-4,2.661e-16,2.781e-1,2.671e-13,,,,,5.988e-14,,,,,,,,,3.036e-18,,,,,,,,,,,,,,
846.08,2.941e-1,2.993e-18,5.840e-16,7.819e-43,,,,5.034e-18,1.100e-19,,3.077e-15,1.094e-17,1.496e-28,6.312e-17,1.565e-20,5.327e-17,2.743e-12,,,,8.837e-16,1.969e-32,3.951e-3,,8.685e-27,,,,1.141e-4,2.659e-16,2.900e-1,2.934e-13,,,,,7.664e-14,,,,,,,,,3.036e-18,,,,,,,,,,,,,,
846.11,3.116e-1,2.991e-18,4.699e-16,7.802e-43,,,,5.040e-18,1.098e-19,,3.078e-15,1.099e-17,1.496e-28,6.314e-17,1.566e-20,4.373e-17,3.846e-12,,,,8.854e-16,2.804e-32,3.214e-3,,8.701e-27,,,,1.031e-4,2.657e-16,3.083e-1,3.371e-13,,,,,1.108e-13,,,,,,,,,3.037e-18,,,,,,,,,,,,,,
846.13,3.236e-1,2.989e-18,4.060e-16,7.791e-43,,,,5.044e-18,1.097e-19,,3.078e-15,1.103e-17,1.496e-28,6.315e-17,1.566e-20,3.830e-17,4.812e-12,,,,8.866e-16,3.544e-32,2.797e-3,,8.712e-27,,,,9.628e-5,2.655e-16,3.207e-1,3.693e-13,,,,,1.414e-13,,,,,,,,,3.037e-18,,,,,,,,,,,,,,
846.16,3.420e-1,2.987e-18,3.253e-16,7.774e-43,,,,5.050e-18,1.096e-19,,3.079e-15,1.109e-17,1.495e-28,6.317e-17,1.566e-20,3.132e-17,6.721e-12,,,,8.883e-16,5.027e-32,2.266e-3,,8.728e-27,,,,8.669e-5,2.653e-16,3.396e-1,4.227e-13,,,,,2.036e-13,,,,,,,,,3.037e-18,,,,,,,,,,,,,,
846.18,3.544e-1,2.985e-18,2.803e-16,7.763e-43,,,,5.054e-18,1.095e-19,,3.079e-15,1.113e-17,1.495e-28,6.318e-17,1.567e-20,2.735e-17,8.388e-12,,,,8.895e-16,6.337e-32,1.967e-3,,8.739e-27,,,,8.073e-5,2.651e-16,3.524e-1,4.620e-13,,,,,2.592e-13,,,,,,,,,3.038e-18,,,,,,,,,,,,,,
846.21,3.733e-1,2.983e-18,2.237e-16,7.747e-43,,,,5.060e-18,1.094e-19,,3.080e-15,1.119e-17,1.495e-28,6.320e-17,1.567e-20,2.228e-17,1.167e-11,,,,8.912e-16,8.952e-32,1.587e-3,,8.755e-27,,,,7.239e-5,2.649e-16,3.716e-1,5.269e-13,,,,,3.717e-13,,,,,,,,,3.038e-18,,,,,,,,,,,,,,
846.23,3.860e-1,2.981e-18,1.922e-16,7.736e-43,,,,5.064e-18,1.093e-19,,3.080e-15,1.123e-17,1.495e-28,6.322e-17,1.567e-20,1.940e-17,1.453e-11,,,,8.923e-16,1.126e-31,1.374e-3,,8.765e-27,,,,6.723e-5,2.648e-16,3.845e-1,5.744e-13,,,,,4.720e-13,,,,,,,,,3.038e-18,,,,,,,,,,,,,,
846.26,4.051e-1,2.979e-18,1.528e-16,7.719e-43,,,,5.070e-18,1.091e-19,,3.081e-15,1.129e-17,1.494e-28,6.323e-17,1.567e-20,1.574e-17,2.013e-11,,,,8.941e-16,1.584e-31,1.104e-3,,8.781e-27,,,,6.005e-5,2.645e-16,4.039e-1,6.526e-13,,,,,6.741e-13,,,,,,,,,3.039e-18,,,,,,,,,,,,,,
846.28,4.179e-1,2.977e-18,1.309e-16,7.708e-43,,,,5.074e-18,1.090e-19,,3.081e-15,1.133e-17,1.494e-28,6.325e-17,1.568e-20,1.367e-17,2.499e-11,,,,8.952e-16,1.986e-31,9.535e-4,,8.792e-27,,,,5.562e-5,2.644e-16,4.169e-1,7.097e-13,,,,,8.538e-13,,,,,,,,,3.039e-18,,,,,,,,,,,,,,
846.31,4.370e-1,2.975e-18,1.037e-16,7.691e-43,,,,5.080e-18,1.089e-19,,3.082e-15,1.138e-17,1.494e-28,6.326e-17,1.568e-20,1.105e-17,3.449e-11,,,,8.970e-16,2.783e-31,7.633e-4,,8.808e-27,,,,4.948e-5,2.641e-16,4.361e-1,8.034e-13,,,,,1.215e-12,,,,,,,,,3.039e-18,,,,,,,,,,,,,,
846.33,4.496e-1,2.973e-18,8.860e-17,7.680e-43,,,,5.084e-18,1.088e-19,,3.082e-15,1.142e-17,1.493e-28,6.328e-17,1.568e-20,9.569e-18,4.271e-11,,,,8.981e-16,3.481e-31,6.572e-4,,8.819e-27,,,,4.571e-5,2.640e-16,4.489e-1,8.715e-13,,,,,1.534e-12,,,,,,,,,3.039e-18,,,,,,,,,,,,,,
846.36,4.684e-1,2.970e-18,6.986e-17,7.664e-43,,,,5.091e-18,1.087e-19,,3.083e-15,1.148e-17,1.493e-28,6.329e-17,1.569e-20,7.700e-18,5.872e-11,,,,8.998e-16,4.860e-31,5.240e-4,,8.835e-27,,,,4.050e-5,2.638e-16,4.678e-1,9.829e-13,,,,,2.174e-12,,,,,,,,,3.040e-18,,,,,,,,,,,,,,
846.38,4.807e-1,2.969e-18,5.955e-17,7.653e-43,,,,5.095e-18,1.086e-19,,3.083e-15,1.152e-17,1.493e-28,6.331e-17,1.569e-20,6.652e-18,7.251e-11,,,,9.010e-16,6.062e-31,4.500e-4,,8.845e-27,,,,3.731e-5,2.636e-16,4.802e-1,1.064e-12,,,,,2.739e-12,,,,,,,,,3.040e-18,,,,,,,,,,,,,,
846.41,4.988e-1,2.966e-18,4.676e-17,7.636e-43,,,,5.101e-18,1.084e-19,,3.084e-15,1.158e-17,1.492e-28,6.332e-17,1.569e-20,5.332e-18,9.931e-11,,,,9.027e-16,8.429e-31,3.573e-4,,8.861e-27,,,,3.293e-5,2.634e-16,4.984e-1,1.195e-12,,,,,3.866e-12,,,,,,,,,3.040e-18,,,,,,,,,,,,,,
846.43,5.106e-1,2.965e-18,3.975e-17,7.625e-43,,,,5.105e-18,1.083e-19,,3.084e-15,1.162e-17,1.492e-28,6.334e-17,1.569e-20,4.594e-18,1.223e-10,,,,9.039e-16,1.049e-30,3.060e-4,,8.872e-27,,,,3.025e-5,2.632e-16,5.103e-1,1.290e-12,,,,,4.857e-12,,,,,,,,,3.041e-18,,,,,,,,,,,,,,
846.46,5.278e-1,2.962e-18,3.109e-17,7.608e-43,,,,5.111e-18,1.082e-19,,3.085e-15,1.168e-17,1.492e-28,6.335e-17,1.570e-20,3.667e-18,1.669e-10,,,,9.056e-16,1.452e-30,2.420e-4,,8.888e-27,,,,2.659e-5,2.630e-16,5.275e-1,1.444e-12,,,,,6.828e-12,,,,,,,,,3.041e-18,,,,,,,,,,,,,,
846.48,5.388e-1,2.961e-18,2.636e-17,7.597e-43,,,,5.115e-18,1.081e-19,,3.085e-15,1.171e-17,1.491e-28,6.337e-17,1.570e-20,3.151e-18,2.050e-10,,,,9.068e-16,1.802e-30,2.067e-4,,8.899e-27,,,,2.437e-5,2.628e-16,5.386e-1,1.555e-12,,,,,8.557e-12,,,,,,,,,3.041e-18,,,,,,,,,,,,,,
846.5,5.496e-1,2.959e-18,2.232e-17,7.586e-43,,,,5.119e-18,1.080e-19,,3.086e-15,1.175e-17,1.491e-28,6.338e-17,1.570e-20,2.705e-18,2.515e-10,,,,9.079e-16,2.234e-30,1.764e-4,,8.909e-27,,,,2.231e-5,2.627e-16,5.494e-1,1.673e-12,,,,,1.071e-11,,,,,,,,,3.042e-18,,,,,,,,,,,,,,
846.53,5.649e-1,2.957e-18,1.736e-17,7.570e-43,,,,5.125e-18,1.079e-19,,3.086e-15,1.181e-17,1.491e-28,6.340e-17,1.570e-20,2.147e-18,3.412e-10,,,,9.097e-16,3.076e-30,1.387e-4,,8.925e-27,,,,1.950e-5,2.624e-16,5.648e-1,1.863e-12,,,,,1.498e-11,,,,,,,,,3.042e-18,,,,,,,,,,,,,,
846.55,5.746e-1,2.955e-18,1.467e-17,7.558e-43,,,,5.129e-18,1.078e-19,,3.087e-15,1.185e-17,1.491e-28,6.341e-17,1.571e-20,1.838e-18,4.176e-10,,,,9.108e-16,3.803e-30,1.180e-4,,8.936e-27,,,,1.780e-5,2.623e-16,5.745e-1,1.999e-12,,,,,1.870e-11,,,,,,,,,3.042e-18,,,,,,,,,,,,,,
846.58,5.884e-1,2.953e-18,1.136e-17,7.542e-43,,,,5.135e-18,1.077e-19,,3.088e-15,1.191e-17,1.490e-28,6.343e-17,1.571e-20,1.453e-18,5.643e-10,,,,9.125e-16,5.217e-30,9.247e-5,,8.952e-27,,,,1.550e-5,2.621e-16,5.883e-1,2.218e-12,,,,,2.604e-11,,,,,,,,,3.042e-18,,,,,,,,,,,,,,
846.6,5.969e-1,2.951e-18,9.569e-18,7.531e-43,,,,5.139e-18,1.076e-19,,3.088e-15,1.195e-17,1.490e-28,6.344e-17,1.571e-20,1.241e-18,6.889e-10,,,,9.137e-16,6.432e-30,7.847e-5,,8.963e-27,,,,1.412e-5,2.619e-16,5.968e-1,2.374e-12,,,,,3.242e-11,,,,,,,,,3.043e-18,,,,,,,,,,,,,,
846.63,6.088e-1,2.949e-18,7.383e-18,7.514e-43,,,,5.145e-18,1.074e-19,,3.089e-15,1.201e-17,1.490e-28,6.346e-17,1.572e-20,9.769e-19,9.272e-10,,,,9.154e-16,8.789e-30,6.123e-5,,8.979e-27,,,,1.225e-5,2.617e-16,6.087e-1,2.624e-12,,,,,4.497e-11,,,,,,,,,3.043e-18,,,,,,,,,,,,,,
846.65,6.160e-1,2.947e-18,6.202e-18,7.503e-43,,,,5.149e-18,1.073e-19,,3.089e-15,1.204e-17,1.489e-28,6.347e-17,1.572e-20,8.319e-19,1.129e-9,,,,9.166e-16,1.081e-29,5.182e-5,,8.989e-27,,,,1.112e-5,2.615e-16,6.159e-1,2.802e-12,,,,,5.585e-11,,,,,,,,,3.043e-18,,,,,,,,,,,,,,
846.68,6.257e-1,2.945e-18,4.766e-18,7.486e-43,,,,5.155e-18,1.072e-19,,3.090e-15,1.210e-17,1.489e-28,6.349e-17,1.572e-20,6.523e-19,1.514e-9,,,,9.183e-16,1.471e-29,4.027e-5,,9.005e-27,,,,9.615e-6,2.613e-16,6.257e-1,3.086e-12,,,,,7.716e-11,,,,,,,,,3.044e-18,,,,,,,,,,,,,,
846.7,6.315e-1,2.943e-18,3.993e-18,7.475e-43,,,,5.159e-18,1.071e-19,,3.090e-15,1.214e-17,1.489e-28,6.350e-17,1.572e-20,5.540e-19,1.838e-9,,,,9.195e-16,1.804e-29,3.399e-5,,9.016e-27,,,,8.715e-6,2.611e-16,6.314e-1,3.288e-12,,,,,9.558e-11,,,,,,,,,3.044e-18,,,,,,,,,,,,,,
846.73,6.389e-1,2.941e-18,3.056e-18,7.459e-43,,,,5.166e-18,1.070e-19,,3.091e-15,1.220e-17,1.488e-28,6.352e-17,1.573e-20,4.327e-19,2.454e-9,,,,9.212e-16,2.445e-29,2.631e-5,,9.032e-27,,,,7.508e-6,2.609e-16,6.389e-1,3.607e-12,,,,,1.315e-10,,,,,,,,,3.044e-18,,,,,,,,,,,,,,
846.75,6.431e-1,2.939e-18,2.553e-18,7.448e-43,,,,5.170e-18,1.069e-19,,3.091e-15,1.224e-17,1.488e-28,6.353e-17,1.573e-20,3.665e-19,2.973e-9,,,,9.224e-16,2.991e-29,2.215e-5,,9.043e-27,,,,6.791e-6,2.607e-16,6.431e-1,3.833e-12,,,,,1.625e-10,,,,,,,,,3.045e-18,,,,,,,,,,,,,,
846.78,6.481e-1,2.937e-18,1.946e-18,7.431e-43,,,,5.176e-18,1.067e-19,,3.092e-15,1.230e-17,1.488e-28,6.355e-17,1.573e-20,2.851e-19,3.954e-9,,,,9.241e-16,4.039e-29,1.707e-5,,9.059e-27,,,,5.836e-6,2.605e-16,6.481e-1,4.191e-12,,,,,2.227e-10,,,,,,,,,3.045e-18,,,,,,,,,,,,,,
846.8,6.506e-1,2.935e-18,1.622e-18,7.420e-43,,,,5.180e-18,1.067e-19,,3.092e-15,1.234e-17,1.487e-28,6.356e-17,1.573e-20,2.408e-19,4.776e-9,,,,9.252e-16,4.927e-29,1.433e-5,,9.069e-27,,,,5.272e-6,2.604e-16,6.506e-1,4.442e-12,,,,,2.744e-10,,,,,,,,,3.045e-18,,,,,,,,,,,,,,
846.83,6.532e-1,2.933e-18,1.231e-18,7.403e-43,,,,5.186e-18,1.065e-19,,3.093e-15,1.240e-17,1.487e-28,6.358e-17,1.574e-20,1.866e-19,6.329e-9,,,,9.270e-16,6.627e-29,1.101e-5,,9.085e-27,,,,4.525e-6,2.601e-16,6.531e-1,4.838e-12,,,,,3.746e-10,,,,,,,,,3.046e-18,,,,,,,,,,,,,,
846.85,6.540e-1,2.931e-18,1.023e-18,7.392e-43,,,,5.190e-18,1.064e-19,,3.093e-15,1.243e-17,1.487e-28,6.359e-17,1.574e-20,1.572e-19,7.624e-9,,,,9.281e-16,8.063e-29,9.215e-6,,9.096e-27,,,,4.086e-6,2.600e-16,6.540e-1,5.115e-12,,,,,4.603e-10,,,,,,,,,3.046e-18,,,,,,,,,,,,,,
846.87,6.541e-1,2.929e-18,8.496e-19,7.381e-43,,,,5.194e-18,1.063e-19,,3.093e-15,1.247e-17,1.487e-28,6.360e-17,1.574e-20,1.323e-19,9.176e-9,,,,9.293e-16,9.801e-29,7.708e-6,,9.107e-27,,,,3.692e-6,2.598e-16,6.541e-1,5.403e-12,,,,,5.651e-10,,,,,,,,,3.046e-18,,,,,,,,,,,,,,
846.9,6.531e-1,2.927e-18,6.413e-19,7.365e-43,,,,5.200e-18,1.062e-19,,3.094e-15,1.253e-17,1.486e-28,6.362e-17,1.574e-20,1.019e-19,1.209e-8,,,,9.310e-16,1.311e-28,5.885e-6,,9.123e-27,,,,3.176e-6,2.596e-16,6.531e-1,5.855e-12,,,,,7.672e-10,,,,,,,,,3.046e-18,,,,,,,,,,,,,,
846.92,6.515e-1,2.925e-18,5.310e-19,7.354e-43,,,,5.204e-18,1.061e-19,,3.094e-15,1.257e-17,1.486e-28,6.363e-17,1.575e-20,8.551e-20,1.451e-8,,,,9.322e-16,1.589e-28,4.909e-6,,9.133e-27,,,,2.878e-6,2.594e-16,6.515e-1,6.170e-12,,,,,9.393e-10,,,,,,,,,3.047e-18,,,,,,,,,,,,,,
846.95,6.480e-1,2.923e-18,3.992e-19,7.337e-43,,,,5.210e-18,1.060e-19,,3.095e-15,1.263e-17,1.486e-28,6.365e-17,1.575e-20,6.561e-20,1.905e-8,,,,9.339e-16,2.117e-28,3.733e-6,,9.149e-27,,,,2.493e-6,2.592e-16,6.480e-1,6.661e-12,,,,,1.270e-9,,,,,,,,,3.047e-18,,,,,,,,,,,,,,
846.97,6.448e-1,2.921e-18,3.297e-19,7.326e-43,,,,5.214e-18,1.059e-19,,3.095e-15,1.267e-17,1.485e-28,6.366e-17,1.575e-20,5.492e-20,2.281e-8,,,,9.350e-16,2.559e-28,3.106e-6,,9.160e-27,,,,2.275e-6,2.590e-16,6.448e-1,7.001e-12,,,,,1.551e-9,,,,,,,,,3.047e-18,,,,,,,,,,,,,,
847,6.388e-1,2.919e-18,2.469e-19,7.309e-43,,,,5.220e-18,1.057e-19,,3.096e-15,1.273e-17,1.485e-28,6.368e-17,1.576e-20,4.197e-20,2.982e-8,,,,9.368e-16,3.396e-28,2.352e-6,,9.176e-27,,,,2.001e-6,2.588e-16,6.388e-1,7.531e-12,,,,,2.089e-9,,,,,,,,,3.048e-18,,,,,,,,,,,,,,
847.02,6.340e-1,2.917e-18,2.033e-19,7.298e-43,,,,5.224e-18,1.056e-19,,3.096e-15,1.276e-17,1.485e-28,6.369e-17,1.576e-20,3.503e-20,3.560e-8,,,,9.379e-16,4.095e-28,1.952e-6,,9.186e-27,,,,1.850e-6,2.587e-16,6.340e-1,7.897e-12,,,,,2.544e-9,,,,,,,,,3.048e-18,,,,,,,,,,,,,,
847.05,6.258e-1,2.915e-18,1.516e-19,7.282e-43,,,,5.230e-18,1.055e-19,,3.097e-15,1.282e-17,1.484e-28,6.371e-17,1.576e-20,2.667e-20,4.636e-8,,,,9.397e-16,5.412e-28,1.472e-6,,9.202e-27,,,,1.671e-6,2.584e-16,6.258e-1,8.463e-12,,,,,3.413e-9,,,,,,,,,3.048e-18,,,,,,,,,,,,,,
847.07,6.196e-1,2.913e-18,1.245e-19,7.271e-43,,,,5.234e-18,1.054e-19,,3.097e-15,1.286e-17,1.484e-28,6.372e-17,1.576e-20,2.220e-20,5.522e-8,,,,9.408e-16,6.509e-28,1.218e-6,,9.213e-27,,,,1.580e-6,2.583e-16,6.196e-1,8.852e-12,,,,,4.146e-9,,,,,,,,,3.048e-18,,,,,,,,,,,,,,
847.1,6.093e-1,2.911e-18,9.251e-20,7.254e-43,,,,5.240e-18,1.053e-19,,3.098e-15,1.292e-17,1.484e-28,6.374e-17,1.577e-20,1.683e-20,7.162e-8,,,,9.426e-16,8.568e-28,9.152e-7,,9.229e-27,,,,1.485e-6,2.580e-16,6.093e-1,9.451e-12,,,,,5.540e-9,,,,,,,,,3.049e-18,,,,,,,,,,,,,,
847.12,6.018e-1,2.909e-18,7.577e-20,7.243e-43,,,,5.245e-18,1.052e-19,,3.098e-15,1.296e-17,1.483e-28,6.375e-17,1.577e-20,1.397e-20,8.507e-8,,,,9.437e-16,1.028e-27,7.554e-7,,9.240e-27,,,,1.448e-6,2.579e-16,6.018e-1,9.862e-12,,,,,6.712e-9,,,,,,,,,3.049e-18,,,,,,,,,,,,,,
847.15,5.896e-1,2.907e-18,5.606e-20,7.226e-43,,,,5.251e-18,1.051e-19,,3.099e-15,1.302e-17,1.483e-28,6.377e-17,1.577e-20,1.055e-20,1.099e-7,,,,9.454e-16,1.348e-27,5.652e-7,,9.256e-27,,,,1.431e-6,2.577e-16,5.896e-1,1.049e-11,,,,,8.933e-9,,,,,,,,,3.049e-18,,,,,,,,,,,,,,
847.17,5.810e-1,2.905e-18,4.579e-20,7.215e-43,,,,5.255e-18,1.050e-19,,3.100e-15,1.306e-17,1.483e-28,6.378e-17,1.577e-20,8.736e-21,1.302e-7,,,,9.466e-16,1.612e-27,4.652e-7,,9.266e-27,,,,1.446e-6,2.575e-16,5.810e-1,1.092e-11,,,,,1.079e-8,,,,,,,,,3.050e-18,,,,,,,,,,,,,,
847.2,5.673e-1,2.903e-18,3.374e-20,7.199e-43,,,,5.261e-18,1.048e-19,,3.100e-15,1.311e-17,1.483e-28,6.380e-17,1.578e-20,6.569e-21,1.676e-7,,,,9.483e-16,2.105e-27,3.467e-7,,9.282e-27,,,,1.508e-6,2.573e-16,5.673e-1,1.157e-11,,,,,1.431e-8,,,,,,,,,3.050e-18,,,,,,,,,,,,,,
847.22,5.577e-1,2.901e-18,2.749e-20,7.187e-43,,,,5.265e-18,1.047e-19,,3.101e-15,1.315e-17,1.482e-28,6.381e-17,1.578e-20,5.425e-21,1.980e-7,,,,9.495e-16,2.512e-27,2.846e-7,,9.293e-27,,,,1.577e-6,2.571e-16,5.577e-1,1.202e-11,,,,,1.724e-8,,,,,,,,,3.050e-18,,,,,,,,,,,,,,
847.24,5.479e-1,2.900e-18,2.237e-20,7.176e-43,,,,5.269e-18,1.046e-19,,3.101e-15,1.319e-17,1.482e-28,6.382e-17,1.578e-20,4.475e-21,2.337e-7,,,,9.506e-16,2.994e-27,2.334e-7,,9.304e-27,,,,1.667e-6,2.570e-16,5.479e-1,1.246e-11,,,,,2.076e-8,,,,,,,,,3.051e-18,,,,,,,,,,,,,,
847.27,5.325e-1,2.897e-18,1.639e-20,7.160e-43,,,,5.275e-18,1.045e-19,,3.102e-15,1.325e-17,1.482e-28,6.384e-17,1.579e-20,3.347e-21,2.992e-7,,,,9.524e-16,3.889e-27,1.730e-7,,9.320e-27,,,,1.848e-6,2.567e-16,5.325e-1,1.314e-11,,,,,2.737e-8,,,,,,,,,3.051e-18,,,,,,,,,,,,,,
847.29,5.220e-1,2.896e-18,1.331e-20,7.149e-43,,,,5.279e-18,1.044e-19,,3.102e-15,1.329e-17,1.481e-28,6.385e-17,1.579e-20,2.753e-21,3.522e-7,,,,9.535e-16,4.623e-27,1.415e-7,,9.330e-27,,,,1.999e-6,2.566e-16,5.220e-1,1.360e-11,,,,,3.286e-8,,,,,,,,,3.051e-18,,,,,,,,,,,,,,
847.32,5.059e-1,2.893e-18,9.709e-21,7.132e-43,,,,5.285e-18,1.043e-19,,3.103e-15,1.335e-17,1.481e-28,6.387e-17,1.579e-20,2.051e-21,4.490e-7,,,,9.552e-16,5.981e-27,1.044e-7,,9.346e-27,,,,2.277e-6,2.563e-16,5.059e-1,1.429e-11,,,,,4.315e-8,,,,,,,,,3.051e-18,,,,,,,,,,,,,,
847.34,4.950e-1,2.892e-18,7.859e-21,7.121e-43,,,,5.289e-18,1.042e-19,,3.103e-15,1.339e-17,1.481e-28,6.388e-17,1.579e-20,1.682e-21,5.273e-7,,,,9.564e-16,7.091e-27,8.517e-8,,9.357e-27,,,,2.499e-6,2.562e-16,4.950e-1,1.475e-11,,,,,5.167e-8,,,,,,,,,3.052e-18,,,,,,,,,,,,,,
847.37,4.785e-1,2.889e-18,5.712e-21,7.104e-43,,,,5.295e-18,1.040e-19,,3.104e-15,1.345e-17,1.480e-28,6.390e-17,1.580e-20,1.248e-21,6.695e-7,,,,9.581e-16,9.136e-27,6.261e-8,,9.373e-27,,,,2.892e-6,2.560e-16,4.785e-1,1.544e-11,,,,,6.758e-8,,,,,,,,,3.052e-18,,,,,,,,,,,,,,
847.39,4.674e-1,2.888e-18,4.612e-21,7.093e-43,,,,5.299e-18,1.040e-19,,3.104e-15,1.348e-17,1.480e-28,6.391e-17,1.580e-20,1.021e-21,7.841e-7,,,,9.593e-16,1.080e-26,5.093e-8,,9.384e-27,,,,3.198e-6,2.558e-16,4.674e-1,1.589e-11,,,,,8.072e-8,,,,,,,,,3.052e-18,,,,,,,,,,,,,,
847.42,4.508e-1,2.885e-18,3.338e-21,7.077e-43,,,,5.305e-18,1.038e-19,,3.105e-15,1.354e-17,1.480e-28,6.393e-17,1.580e-20,7.545e-22,9.918e-7,,,,9.610e-16,1.387e-26,3.729e-8,,9.400e-27,,,,3.729e-6,2.556e-16,4.508e-1,1.657e-11,,,,,1.052e-7,,,,,,,,,3.053e-18,,,,,,,,,,,,,,
847.44,4.398e-1,2.884e-18,2.688e-21,7.066e-43,,,,5.309e-18,1.037e-19,,3.105e-15,1.358e-17,1.480e-28,6.394e-17,1.580e-20,6.157e-22,1.159e-6,,,,9.622e-16,1.635e-26,3.026e-8,,9.410e-27,,,,4.136e-6,2.554e-16,4.398e-1,1.702e-11,,,,,1.253e-7,,,,,,,,,3.053e-18,,,,,,,,,,,,,,
847.47,4.235e-1,2.881e-18,1.938e-21,7.049e-43,,,,5.315e-18,1.036e-19,,3.106e-15,1.364e-17,1.479e-28,6.396e-17,1.581e-20,4.531e-22,1.460e-6,,,,9.639e-16,2.090e-26,2.206e-8,,9.426e-27,,,,4.836e-6,2.552e-16,4.235e-1,1.769e-11,,,,,1.625e-7,,,,,,,,,3.053e-18,,,,,,,,,,,,,,
847.49,4.128e-1,2.880e-18,1.556e-21,7.038e-43,,,,5.320e-18,1.035e-19,,3.106e-15,1.368e-17,1.479e-28,6.397e-17,1.581e-20,3.688e-22,1.701e-6,,,,9.651e-16,2.459e-26,1.785e-8,,9.437e-27,,,,5.367e-6,2.550e-16,4.128e-1,1.812e-11,,,,,1.931e-7,,,,,,,,,3.054e-18,,,,,,,,,,,,,,
847.52,3.971e-1,2.877e-18,1.117e-21,7.021e-43,,,,5.326e-18,1.034e-19,,3.107e-15,1.374e-17,1.479e-28,6.399e-17,1.581e-20,2.702e-22,2.134e-6,,,,9.668e-16,3.131e-26,1.297e-8,,9.453e-27,,,,6.273e-6,2.548e-16,3.971e-1,1.876e-11,,,,,2.496e-7,,,,,,,,,3.054e-18,,,,,,,,,,,,,,
847.54,3.869e-1,2.876e-18,8.947e-22,7.010e-43,,,,5.330e-18,1.033e-19,,3.107e-15,1.378e-17,1.478e-28,6.400e-17,1.582e-20,2.194e-22,2.480e-6,,,,9.679e-16,3.673e-26,1.046e-8,,9.464e-27,,,,6.957e-6,2.546e-16,3.869e-1,1.917e-11,,,,,2.957e-7,,,,,,,,,3.054e-18,,,,,,,,,,,,,,
847.57,3.722e-1,2.873e-18,6.399e-22,6.994e-43,,,,5.336e-18,1.031e-19,,3.108e-15,1.383e-17,1.478e-28,6.402e-17,1.582e-20,1.601e-22,3.100e-6,,,,9.697e-16,4.658e-26,7.570e-9,,9.480e-27,,,,8.115e-6,2.544e-16,3.721e-1,1.977e-11,,,,,3.807e-7,,,,,,,,,3.055e-18,,,,,,,,,,,,,,
847.59,3.627e-1,2.872e-18,5.110e-22,6.983e-43,,,,5.340e-18,1.030e-19,,3.108e-15,1.387e-17,1.478e-28,6.403e-17,1.582e-20,1.296e-22,3.593e-6,,,,9.708e-16,5.450e-26,6.092e-9,,9.490e-27,,,,8.984e-6,2.543e-16,3.627e-1,2.016e-11,,,,,4.499e-7,,,,,,,,,3.055e-18,,,,,,,,,,,,,,
847.61,3.536e-1,2.870e-18,4.077e-22,6.972e-43,,,,5.344e-18,1.029e-19,,3.108e-15,1.391e-17,1.477e-28,6.405e-17,1.582e-20,1.048e-22,4.159e-6,,,,9.720e-16,6.370e-26,4.898e-9,,9.501e-27,,,,9.938e-6,2.541e-16,3.536e-1,2.053e-11,,,,,5.311e-7,,,,,,,,,3.055e-18,,,,,,,,,,,,,,
847.64,3.407e-1,2.868e-18,2.899e-22,6.955e-43,,,,5.350e-18,1.028e-19,,3.109e-15,1.397e-17,1.477e-28,6.406e-17,1.583e-20,7.608e-23,5.171e-6,,,,9.737e-16,8.034e-26,3.523e-9,,9.517e-27,,,,1.154e-5,2.539e-16,3.406e-1,2.107e-11,,,,,6.799e-7,,,,,,,,,3.055e-18,,,,,,,,,,,,,,
847.66,3.325e-1,2.866e-18,2.307e-22,6.944e-43,,,,5.354e-18,1.027e-19,,3.109e-15,1.401e-17,1.477e-28,6.408e-17,1.583e-20,6.136e-23,5.971e-6,,,,9.749e-16,9.366e-26,2.825e-9,,9.528e-27,,,,1.274e-5,2.537e-16,3.325e-1,2.141e-11,,,,,8.006e-7,,,,,,,,,3.056e-18,,,,,,,,,,,,,,
847.69,3.212e-1,2.864e-18,1.634e-22,6.927e-43,,,,5.360e-18,1.026e-19,,3.110e-15,1.407e-17,1.476e-28,6.409e-17,1.583e-20,4.435e-23,7.394e-6,,,,9.766e-16,1.176e-25,2.024e-9,,9.544e-27,,,,1.475e-5,2.535e-16,3.212e-1,2.188e-11,,,,,1.021e-6,,,,,,,,,3.056e-18,,,,,,,,,,,,,,
847.71,3.142e-1,2.862e-18,1.297e-22,6.916e-43,,,,5.364e-18,1.025e-19,,3.111e-15,1.411e-17,1.476e-28,6.411e-17,1.583e-20,3.568e-23,8.515e-6,,,,9.778e-16,1.368e-25,1.618e-9,,9.554e-27,,,,1.623e-5,2.533e-16,3.142e-1,2.218e-11,,,,,1.199e-6,,,,,,,,,3.056e-18,,,,,,,,,,,,,,
847.74,3.047e-1,2.860e-18,9.147e-23,6.900e-43,,,,5.370e-18,1.024e-19,,3.111e-15,1.417e-17,1.476e-28,6.412e-17,1.584e-20,2.569e-23,1.050e-5,,,,9.795e-16,1.711e-25,1.155e-9,,9.570e-27,,,,1.872e-5,2.531e-16,3.047e-1,2.259e-11,,,,,1.523e-6,,,,,,,,,3.057e-18,,,,,,,,,,,,,,
847.76,2.990e-1,2.858e-18,7.239e-23,6.888e-43,,,,5.374e-18,1.023e-19,,3.112e-15,1.420e-17,1.476e-28,6.414e-17,1.584e-20,2.061e-23,1.207e-5,,,,9.806e-16,1.985e-25,9.210e-10,,9.581e-27,,,,2.056e-5,2.529e-16,2.990e-1,2.284e-11,,,,,1.783e-6,,,,,,,,,3.057e-18,,,,,,,,,,,,,,
847.79,2.916e-1,2.855e-18,5.086e-23,6.872e-43,,,,5.380e-18,1.021e-19,,3.112e-15,1.426e-17,1.475e-28,6.415e-17,1.584e-20,1.477e-23,1.482e-5,,,,9.824e-16,2.473e-25,6.546e-10,,9.597e-27,,,,2.362e-5,2.527e-16,2.915e-1,2.317e-11,,,,,2.256e-6,,,,,,,,,3.057e-18,,,,,,,,,,,,,,
847.81,2.873e-1,2.854e-18,4.014e-23,6.861e-43,,,,5.384e-18,1.020e-19,,3.113e-15,1.430e-17,1.475e-28,6.417e-17,1.585e-20,1.182e-23,1.698e-5,,,,9.835e-16,2.861e-25,5.206e-10,,9.608e-27,,,,2.587e-5,2.526e-16,2.872e-1,2.337e-11,,,,,2.635e-6,,,,,,,,,3.057e-18,,,,,,,,,,,,,,
847.84,2.820e-1,2.851e-18,2.809e-23,6.844e-43,,,,5.390e-18,1.019e-19,,3.113e-15,1.436e-17,1.475e-28,6.419e-17,1.585e-20,8.442e-24,2.079e-5,,,,9.853e-16,3.551e-25,3.686e-10,,9.624e-27,,,,2.960e-5,2.523e-16,2.819e-1,2.363e-11,,,,,3.320e-6,,,,,,,,,3.058e-18,,,,,,,,,,,,,,
847.86,2.792e-1,2.850e-18,2.211e-23,6.833e-43,,,,5.394e-18,1.018e-19,,3.114e-15,1.440e-17,1.474e-28,6.420e-17,1.585e-20,6.736e-24,2.375e-5,,,,9.864e-16,4.096e-25,2.924e-10,,9.634e-27,,,,3.234e-5,2.522e-16,2.791e-1,2.377e-11,,,,,3.869e-6,,,,,,,,,3.058e-18,,,,,,,,,,,,,,
847.89,2.761e-1,2.847e-18,1.541e-23,6.817e-43,,,,5.401e-18,1.017e-19,,3.114e-15,1.446e-17,1.474e-28,6.422e-17,1.585e-20,4.791e-24,2.895e-5,,,,9.881e-16,5.064e-25,2.061e-10,,9.650e-27,,,,3.686e-5,2.519e-16,2.761e-1,2.394e-11,,,,,4.855e-6,,,,,,,,,3.058e-18,,,,,,,,,,,,,,
847.91,2.749e-1,2.846e-18,1.210e-23,6.805e-43,,,,5.405e-18,1.016e-19,,3.115e-15,1.450e-17,1.474e-28,6.423e-17,1.586e-20,3.813e-24,3.300e-5,,,,9.893e-16,5.826e-25,1.631e-10,,9.661e-27,,,,4.016e-5,2.518e-16,2.748e-1,2.403e-11,,,,,5.642e-6,,,,,,,,,3.059e-18,,,,,,,,,,,,,,
847.94,2.742e-1,2.843e-18,8.397e-24,6.789e-43,,,,5.411e-18,1.014e-19,,3.115e-15,1.455e-17,1.473e-28,6.425e-17,1.586e-20,2.701e-24,4.007e-5,,,,9.910e-16,7.175e-25,1.145e-10,,9.677e-27,,,,4.559e-5,2.515e-16,2.741e-1,2.411e-11,,,,,7.053e-6,,,,,,,,,3.059e-18,,,,,,,,,,,,,,
847.96,2.746e-1,2.842e-18,6.574e-24,6.778e-43,,,,5.415e-18,1.013e-19,,3.116e-15,1.459e-17,1.473e-28,6.426e-17,1.586e-20,2.144e-24,4.555e-5,,,,9.922e-16,8.232e-25,9.035e-11,,9.688e-27,,,,4.955e-5,2.514e-16,2.745e-1,2.414e-11,,,,,8.173e-6,,,,,,,,,3.059e-18,,,,,,,,,,,,,,
847.98,2.755e-1,2.840e-18,5.141e-24,6.767e-43,,,,5.419e-18,1.013e-19,,3.116e-15,1.463e-17,1.473e-28,6.427e-17,1.586e-20,1.699e-24,5.172e-5,,,,9.933e-16,9.436e-25,7.121e-11,,9.698e-27,,,,5.379e-5,2.512e-16,2.754e-1,2.414e-11,,,,,9.462e-6,,,,,,,,,3.060e-18,,,,,,,,,,,,,,
848.01,2.782e-1,2.838e-18,3.549e-24,6.750e-43,,,,5.425e-18,1.011e-19,,3.117e-15,1.469e-17,1.472e-28,6.429e-17,1.587e-20,1.197e-24,6.246e-5,,,,9.951e-16,1.156e-24,4.972e-11,,9.714e-27,,,,6.072e-5,2.510e-16,2.781e-1,2.410e-11,,,,,1.176e-5,,,,,,,,,3.060e-18,,,,,,,,,,,,,,
848.03,2.807e-1,2.836e-18,2.768e-24,6.739e-43,,,,5.429e-18,1.010e-19,,3.117e-15,1.473e-17,1.472e-28,6.430e-17,1.587e-20,9.465e-25,7.074e-5,,,,9.962e-16,1.321e-24,3.908e-11,,9.725e-27,,,,6.575e-5,2.509e-16,2.806e-1,2.404e-11,,,,,1.358e-5,,,,,,,,,3.060e-18,,,,,,,,,,,,,,
848.06,2.858e-1,2.834e-18,1.903e-24,6.722e-43,,,,5.435e-18,1.009e-19,,3.118e-15,1.479e-17,1.472e-28,6.432e-17,1.587e-20,6.641e-25,8.509e-5,,,,9.980e-16,1.611e-24,2.718e-11,,9.741e-27,,,,7.393e-5,2.506e-16,2.856e-1,2.391e-11,,,,,1.682e-5,,,,,,,,,3.060e-18,,,,,,,,,,,,,,
848.08,2.899e-1,2.832e-18,1.480e-24,6.711e-43,,,,5.439e-18,1.008e-19,,3.118e-15,1.483e-17,1.472e-28,6.433e-17,1.587e-20,5.236e-25,9.612e-5,,,,9.991e-16,1.837e-24,2.131e-11,,9.752e-27,,,,7.984e-5,2.505e-16,2.897e-1,2.379e-11,,,,,1.937e-5,,,,,,,,,3.061e-18,,,,,,,,,,,,,,
848.11,2.972e-1,2.830e-18,1.013e-24,6.695e-43,,,,5.445e-18,1.007e-19,,3.119e-15,1.489e-17,1.471e-28,6.435e-17,1.588e-20,3.659e-25,1.152e-4,,,,1.001e-15,2.232e-24,1.476e-11,,9.768e-27,,,,8.942e-5,2.502e-16,2.970e-1,2.357e-11,,,,,2.389e-5,,,,,,,,,3.061e-18,,,,,,,,,,,,,,
848.13,3.028e-1,2.828e-18,7.863e-25,6.684e-43,,,,5.449e-18,1.006e-19,,3.119e-15,1.492e-17,1.471e-28,6.436e-17,1.588e-20,2.878e-25,1.298e-4,,,,1.002e-15,2.538e-24,1.154e-11,,9.778e-27,,,,9.631e-5,2.501e-16,3.025e-1,2.340e-11,,,,,2.744e-5,,,,,,,,,3.061e-18,,,,,,,,,,,,,,
848.16,3.123e-1,2.826e-18,5.362e-25,6.667e-43,,,,5.455e-18,1.004e-19,,3.120e-15,1.498e-17,1.471e-28,6.438e-17,1.588e-20,2.003e-25,1.549e-4,,,,1.004e-15,3.072e-24,7.962e-12,,9.794e-27,,,,1.074e-4,2.498e-16,3.120e-1,2.310e-11,,,,,3.370e-5,,,,,,,,,3.062e-18,,,,,,,,,,,,,,
848.18,3.193e-1,2.824e-18,4.148e-25,6.656e-43,,,,5.459e-18,1.003e-19,,3.120e-15,1.502e-17,1.470e-28,6.439e-17,1.589e-20,1.571e-25,1.740e-4,,,,1.005e-15,3.484e-24,6.208e-12,,9.805e-27,,,,1.154e-4,2.497e-16,3.190e-1,2.287e-11,,,,,3.861e-5,,,,,,,,,3.062e-18,,,,,,,,,,,,,,
848.21,3.309e-1,2.822e-18,2.818e-25,6.639e-43,,,,5.465e-18,1.002e-19,,3.121e-15,1.508e-17,1.470e-28,6.441e-17,1.589e-20,1.089e-25,2.069e-4,,,,1.007e-15,4.200e-24,4.266e-12,,9.821e-27,,,,1.282e-4,2.495e-16,3.305e-1,2.250e-11,,,,,4.724e-5,,,,,,,,,3.062e-18,,,,,,,,,,,,,,
848.23,3.392e-1,2.820e-18,2.174e-25,6.628e-43,,,,5.469e-18,1.001e-19,,3.121e-15,1.512e-17,1.470e-28,6.442e-17,1.589e-20,8.516e-26,2.319e-4,,,,1.008e-15,4.751e-24,3.317e-12,,9.832e-27,,,,1.374e-4,2.493e-16,3.388e-1,2.222e-11,,,,,5.397e-5,,,,,,,,,3.063e-18,,,,,,,,,,,,,,
848.26,3.527e-1,2.818e-18,1.471e-25,6.612e-43,,,,5.476e-18,9.998e-20,,3.122e-15,1.518e-17,1.469e-28,6.444e-17,1.589e-20,5.880e-26,2.746e-4,,,,1.009e-15,5.704e-24,2.270e-12,,9.848e-27,,,,1.520e-4,2.491e-16,3.522e-1,2.177e-11,,,,,6.578e-5,,,,,,,,,3.063e-18,,,,,,,,,,,,,,
848.28,3.622e-1,2.816e-18,1.132e-25,6.601e-43,,,,5.480e-18,9.988e-20,,3.122e-15,1.522e-17,1.469e-28,6.445e-17,1.590e-20,4.587e-26,3.069e-4,,,,1.011e-15,6.435e-24,1.761e-12,,9.858e-27,,,,1.625e-4,2.489e-16,3.617e-1,2.145e-11,,,,,7.495e-5,,,,,,,,,3.063e-18,,,,,,,,,,,,,,
848.31,3.773e-1,2.814e-18,7.625e-26,6.584e-43,,,,5.486e-18,9.975e-20,,3.123e-15,1.527e-17,1.469e-28,6.447e-17,1.590e-20,3.154e-26,3.621e-4,,,,1.012e-15,7.695e-24,1.200e-12,,9.874e-27,,,,1.791e-4,2.487e-16,3.767e-1,2.094e-11,,,,,9.099e-5,,,,,,,,,3.064e-18,,,,,,,,,,,,,,
848.33,3.879e-1,2.812e-18,5.852e-26,6.573e-43,,,,5.490e-18,9.966e-20,,3.123e-15,1.531e-17,1.468e-28,6.448e-17,1.590e-20,2.454e-26,4.037e-4,,,,1.014e-15,8.658e-24,9.284e-13,,9.885e-27,,,,1.908e-4,2.485e-16,3.872e-1,2.058e-11,,,,,1.034e-4,,,,,,,,,3.064e-18,,,,,,,,,,,,,,
848.36,4.045e-1,2.810e-18,3.927e-26,6.556e-43,,,,5.496e-18,9.952e-20,,3.124e-15,1.537e-17,1.468e-28,6.450e-17,1.591e-20,1.680e-26,4.743e-4,,,,1.015e-15,1.031e-23,6.303e-13,,9.901e-27,,,,2.095e-4,2.483e-16,4.037e-1,2.002e-11,,,,,1.250e-4,,,,,,,,,3.064e-18,,,,,,,,,,,,,,
848.38,4.160e-1,2.808e-18,3.006e-26,6.545e-43,,,,5.500e-18,9.943e-20,,3.124e-15,1.541e-17,1.468e-28,6.451e-17,1.591e-20,1.304e-26,5.274e-4,,,,1.016e-15,1.157e-23,4.863e-13,,9.912e-27,,,,2.227e-4,2.481e-16,4.151e-1,1.963e-11,,,,,1.417e-4,,,,,,,,,3.064e-18,,,,,,,,,,,,,,
848.4,4.278e-1,2.806e-18,2.298e-26,6.534e-43,,,,5.504e-18,9.934e-20,,3.125e-15,1.545e-17,1.468e-28,6.452e-17,1.591e-20,1.011e-26,5.859e-4,,,,1.018e-15,1.297e-23,3.747e-13,,9.922e-27,,,,2.364e-4,2.480e-16,4.268e-1,1.922e-11,,,,,1.605e-4,,,,,,,,,3.065e-18,,,,,,,,,,,,,,
848.43,4.460e-1,2.804e-18,1.534e-26,6.518e-43,,,,5.510e-18,9.920e-20,,3.125e-15,1.551e-17,1.467e-28,6.454e-17,1.591e-20,6.882e-27,6.846e-4,,,,1.019e-15,1.537e-23,2.530e-13,,9.938e-27,,,,2.582e-4,2.478e-16,4.449e-1,1.860e-11,,,,,1.930e-4,,,,,,,,,3.065e-18,,,,,,,,,,,,,,
848.45,4.585e-1,2.802e-18,1.169e-26,6.506e-43,,,,5.514e-18,9.911e-20,,3.126e-15,1.555e-17,1.467e-28,6.455e-17,1.592e-20,5.319e-27,7.585e-4,,,,1.020e-15,1.718e-23,1.944e-13,,9.949e-27,,,,2.734e-4,2.476e-16,4.572e-1,1.817e-11,,,,,2.179e-4,,,,,,,,,3.065e-18,,,,,,,,,,,,,,
848.48,4.776e-1,2.800e-18,7.771e-27,6.490e-43,,,,5.520e-18,9.897e-20,,3.126e-15,1.560e-17,1.467e-28,6.457e-17,1.592e-20,3.608e-27,8.829e-4,,,,1.022e-15,2.027e-23,1.307e-13,,9.965e-27,,,,2.973e-4,2.474e-16,4.761e-1,1.751e-11,,,,,2.610e-4,,,,,,,,,3.066e-18,,,,,,,,,,,,,,
848.5,4.905e-1,2.798e-18,5.910e-27,6.479e-43,,,,5.524e-18,9.888e-20,,3.127e-15,1.564e-17,1.466e-28,6.458e-17,1.592e-20,2.781e-27,9.757e-4,,,,1.023e-15,2.261e-23,1.002e-13,,9.976e-27,,,,3.140e-4,2.472e-16,4.889e-1,1.707e-11,,,,,2.939e-4,,,,,,,,,3.066e-18,,,,,,,,,,,,,,
848.53,5.101e-1,2.796e-18,3.912e-27,6.462e-43,,,,5.530e-18,9.874e-20,,3.127e-15,1.570e-17,1.466e-28,6.460e-17,1.592e-20,1.879e-27,1.131e-3,,,,1.025e-15,2.657e-23,6.710e-14,,9.992e-27,,,,3.401e-4,2.470e-16,5.083e-1,1.639e-11,,,,,3.507e-4,,,,,,,,,3.066e-18,,,,,,,,,,,,,,
848.55,5.233e-1,2.794e-18,2.967e-27,6.451e-43,,,,5.534e-18,9.865e-20,,3.128e-15,1.574e-17,1.466e-28,6.461e-17,1.593e-20,1.445e-27,1.247e-3,,,,1.026e-15,2.955e-23,5.129e-14,,1.000e-26,,,,3.582e-4,2.468e-16,5.213e-1,1.594e-11,,,,,3.939e-4,,,,,,,,,3.066e-18,,,,,,,,,,,,,,
848.58,5.432e-1,2.792e-18,1.956e-27,6.434e-43,,,,5.540e-18,9.851e-20,,3.128e-15,1.580e-17,1.465e-28,6.463e-17,1.593e-20,9.719e-28,1.440e-3,,,,1.028e-15,3.459e-23,3.421e-14,,1.002e-26,,,,3.865e-4,2.466e-16,5.409e-1,1.525e-11,,,,,4.680e-4,,,,,,,,,3.067e-18,,,,,,,,,,,,,,
848.6,5.565e-1,2.790e-18,1.479e-27,6.423e-43,,,,5.544e-18,9.842e-20,,3.129e-15,1.584e-17,1.465e-28,6.464e-17,1.593e-20,7.453e-28,1.583e-3,,,,1.029e-15,3.836e-23,2.608e-14,,1.003e-26,,,,4.060e-4,2.464e-16,5.540e-1,1.479e-11,,,,,5.244e-4,,,,,,,,,3.067e-18,,,,,,,,,,,,,,
848.63,5.764e-1,2.788e-18,9.713e-28,6.407e-43,,,,5.551e-18,9.828e-20,,3.129e-15,1.590e-17,1.465e-28,6.466e-17,1.594e-20,4.994e-28,1.821e-3,,,,1.031e-15,4.473e-23,1.733e-14,,1.005e-26,,,,4.363e-4,2.462e-16,5.735e-1,1.409e-11,,,,,6.206e-4,,,,,,,,,3.067e-18,,,,,,,,,,,,,,
848.65,5.896e-1,2.786e-18,7.328e-28,6.396e-43,,,,5.555e-18,9.819e-20,,3.130e-15,1.594e-17,1.465e-28,6.467e-17,1.594e-20,3.819e-28,1.997e-3,,,,1.032e-15,4.948e-23,1.318e-14,,1.006e-26,,,,4.572e-4,2.461e-16,5.864e-1,1.364e-11,,,,,6.935e-4,,,,,,,,,3.068e-18,,,,,,,,,,,,,,
848.68,6.092e-1,2.784e-18,4.792e-28,6.379e-43,,,,5.561e-18,9.805e-20,,3.130e-15,1.599e-17,1.464e-28,6.469e-17,1.594e-20,2.549e-28,2.288e-3,,,,1.034e-15,5.746e-23,8.718e-15,,1.007e-26,,,,4.893e-4,2.458e-16,6.056e-1,1.295e-11,,,,,8.175e-4,,,,,,,,,3.068e-18,,,,,,,,,,,,,,
848.7,6.221e-1,2.782e-18,3.605e-28,6.368e-43,,,,5.565e-18,9.796e-20,,3.131e-15,1.603e-17,1.464e-28,6.470e-17,1.594e-20,1.944e-28,2.502e-3,,,,1.035e-15,6.340e-23,6.611e-15,,1.008e-26,,,,5.114e-4,2.457e-16,6.182e-1,1.250e-11,,,,,9.111e-4,,,,,,,,,3.068e-18,,,,,,,,,,,,,,
848.73,6.412e-1,2.780e-18,2.348e-28,6.351e-43,,,,5.571e-18,9.783e-20,,3.131e-15,1.609e-17,1.464e-28,6.472e-17,1.595e-20,1.292e-28,2.856e-3,,,,1.594e-15,7.334e-23,4.357e-15,,1.010e-26,,,,5.452e-4,2.454e-16,6.367e-1,1.183e-11,,,,,1.070e-3,,,,,,,,,3.069e-18,,,,,,,,,,,,,,
848.75,6.537e-1,2.778e-18,1.762e-28,6.340e-43,,,,5.575e-18,9.773e-20,,3.132e-15,1.613e-17,1.463e-28,6.473e-17,1.595e-20,9.828e-29,3.115e-3,,,,2.124e-15,8.071e-23,3.295e-15,,1.011e-26,,,,5.682e-4,2.453e-16,6.488e-1,1.139e-11,,,,,1.189e-3,,,,,,,,,3.069e-18,,,,,,,,,,,,,,
848.77,6.660e-1,2.777e-18,1.321e-28,6.329e-43,,,,5.579e-18,9.764e-20,,3.132e-15,1.617e-17,1.463e-28,6.475e-17,1.595e-20,7.468e-29,3.394e-3,,,,2.827e-15,8.872e-23,2.489e-15,,1.012e-26,,,,5.915e-4,2.451e-16,6.607e-1,1.096e-11,,,,,1.320e-3,,,,,,,,,3.069e-18,,,,,,,,,,,,,,
848.8,6.839e-1,2.774e-18,8.552e-29,6.313e-43,,,,5.585e-18,9.750e-20,,3.133e-15,1.623e-17,1.463e-28,6.476e-17,1.595e-20,4.936e-29,3.853e-3,,,,4.331e-15,1.021e-22,1.631e-15,,1.014e-26,,,,6.271e-4,2.449e-16,6.779e-1,1.032e-11,,,,,1.542e-3,,,,,,,,,3.069e-18,,,,,,,,,,,,,,
848.82,6.955e-1,2.773e-18,6.393e-29,6.302e-43,,,,5.589e-18,9.741e-20,,3.133e-15,1.627e-17,1.462e-28,6.478e-17,1.596e-20,3.740e-29,4.188e-3,,,,5.748e-15,1.119e-22,1.229e-15,,1.015e-26,,,,6.512e-4,2.447e-16,6.890e-1,9.903e-12,,,,,1.707e-3,,,,,,,,,3.070e-18,,,,,,,,,,,,,,
848.85,7.124e-1,2.770e-18,8.998e-29,6.285e-43,,,,5.595e-18,9.728e-20,,3.134e-15,1.632e-17,1.462e-28,6.479e-17,1.596e-20,2.462e-29,4.735e-3,,,,8.772e-15,1.282e-22,8.022e-16,,1.016e-26,,,,6.877e-4,2.445e-16,7.050e-1,9.295e-12,,,,,1.986e-3,,,,,,,,,3.070e-18,,,,,,,,,,,,,,
848.87,7.233e-1,2.769e-18,1.073e-28,6.274e-43,,,,5.599e-18,9.718e-20,,3.134e-15,1.636e-17,1.462e-28,6.481e-17,1.596e-20,1.861e-29,5.133e-3,,,,1.161e-14,1.402e-22,6.028e-16,,1.017e-26,,,,7.121e-4,2.444e-16,7.153e-1,8.902e-12,,,,,2.193e-3,,,,,,,,,3.070e-18,,,,,,,,,,,,,,
848.9,7.390e-1,2.766e-18,1.334e-28,6.257e-43,,,,5.605e-18,9.705e-20,,3.135e-15,1.642e-17,1.461e-28,6.482e-17,1.596e-20,1.220e-29,5.781e-3,,,,1.765e-14,1.600e-22,3.918e-16,,1.019e-26,,,,7.490e-4,2.441e-16,7.299e-1,8.331e-12,,,,,2.541e-3,,,,,,,,,3.071e-18,,,,,,,,,,,,,,
848.92,7.490e-1,2.765e-18,1.508e-28,6.246e-43,,,,5.609e-18,9.696e-20,,3.135e-15,1.646e-17,1.461e-28,6.484e-17,1.597e-20,9.196e-30,6.250e-3,,,,2.331e-14,1.745e-22,2.937e-16,,1.020e-26,,,,7.736e-4,2.440e-16,7.391e-1,7.962e-12,,,,,2.799e-3,,,,,,,,,3.071e-18,,,,,,,,,,,,,,
848.95,7.633e-1,2.762e-18,1.768e-28,6.230e-43,,,,5.615e-18,9.682e-20,,3.136e-15,1.652e-17,1.461e-28,6.485e-17,1.597e-20,6.005e-30,7.012e-3,,,,3.529e-14,1.983e-22,1.230e-16,,1.022e-26,,,,8.105e-4,2.437e-16,7.522e-1,7.430e-12,,,,,3.229e-3,,,,,,,,,3.071e-18,,,,,,,,,,,,,,
848.97,7.724e-1,2.761e-18,1.942e-28,6.219e-43,,,,5.619e-18,9.673e-20,,3.136e-15,1.656e-17,1.461e-28,6.487e-17,1.597e-20,4.514e-30,7.561e-3,,,,4.648e-14,2.157e-22,9.204e-17,,1.023e-26,,,,8.349e-4,2.436e-16,7.604e-1,7.090e-12,,,,,3.548e-3,,,,,,,,,3.072e-18,,,,,,,,,,,,,,
849,7.852e-1,2.758e-18,2.202e-28,6.202e-43,,,,5.625e-18,9.659e-20,,3.137e-15,1.662e-17,1.460e-28,6.488e-17,1.598e-20,2.936e-30,8.450e-3,,,,7.010e-14,2.442e-22,5.947e-17,,1.024e-26,,,,8.712e-4,2.434e-16,7.718e-1,6.601e-12,,,,,4.078e-3,,,,,,,,,3.072e-18,,,,,,,,,,,,,,
849.02,7.933e-1,2.757e-18,2.376e-28,6.191e-43,,,,5.630e-18,9.650e-20,,3.137e-15,1.666e-17,1.460e-28,6.490e-17,1.598e-20,2.201e-30,9.088e-3,,,,9.208e-14,2.650e-22,5.941e-17,,1.025e-26,,,,8.951e-4,2.432e-16,7.788e-1,6.290e-12,,,,,4.468e-3,,,,,,,,,3.072e-18,,,,,,,,,,,,,,
849.05,8.046e-1,2.754e-18,2.637e-28,6.174e-43,,,,5.636e-18,9.636e-20,,3.138e-15,1.671e-17,1.460e-28,6.491e-17,1.598e-20,1.426e-30,1.012e-2,,,,1.383e-13,2.988e-22,5.930e-17,,1.027e-26,,,,9.303e-4,2.430e-16,7.885e-1,5.846e-12,,,,,5.115e-3,,,,,,,,,3.073e-18,,,,,,,,,,,,,,
849.07,8.117e-1,2.753e-18,2.810e-28,6.163e-43,,,,5.640e-18,9.627e-20,,3.138e-15,1.675e-17,1.459e-28,6.493e-17,1.598e-20,1.066e-30,1.085e-2,,,,1.812e-13,3.233e-22,5.923e-17,,1.028e-26,,,,9.532e-4,2.428e-16,7.943e-1,5.566e-12,,,,,5.590e-3,,,,,,,,,3.073e-18,,,,,,,,,,,,,,
849.1,8.215e-1,2.750e-18,3.071e-28,6.147e-43,,,,5.646e-18,9.613e-20,,3.139e-15,1.681e-17,1.459e-28,6.494e-17,1.599e-20,6.877e-31,1.203e-2,,,,2.712e-13,3.631e-22,5.913e-17,,1.030e-26,,,,9.868e-4,2.426e-16,8.021e-1,5.169e-12,,,,,6.374e-3,,,,,,,,,3.073e-18,,,,,,,,,,,,,,
849.12,8.276e-1,2.749e-18,3.244e-28,6.135e-43,,,,5.650e-18,9.604e-20,,3.139e-15,1.685e-17,1.459e-28,6.496e-17,1.599e-20,,1.288e-2,,,,3.543e-13,3.919e-22,5.906e-17,,1.031e-26,,,,1.008e-3,2.424e-16,8.067e-1,4.921e-12,,,,,6.947e-3,,,,,,,,,3.073e-18,,,,,,,,,,,,,,
849.14,8.332e-1,2.747e-18,3.418e-28,6.124e-43,,,,5.654e-18,9.595e-20,,3.140e-15,1.689e-17,1.458e-28,6.497e-17,1.599e-20,,1.376e-2,,,,4.624e-13,4.224e-22,5.900e-17,,1.032e-26,,,,1.030e-3,2.423e-16,8.108e-1,4.685e-12,,,,,7.565e-3,,,,,,,,,3.074e-18,,,,,,,,,,,,,,
849.17,8.409e-1,2.744e-18,3.679e-28,6.108e-43,,,,5.660e-18,9.581e-20,,3.140e-15,1.695e-17,1.458e-28,6.499e-17,1.599e-20,,1.518e-2,,,,6.882e-13,4.719e-22,5.889e-17,,1.033e-26,,,,1.060e-3,2.420e-16,8.161e-1,4.357e-12,,,,,8.578e-3,,,,,,,,,3.074e-18,,,,,,,,,,,,,,
849.19,8.455e-1,2.743e-18,3.852e-28,6.097e-43,,,,5.664e-18,9.572e-20,,3.141e-15,1.699e-17,1.458e-28,6.500e-17,1.600e-20,,1.618e-2,,,,8.959e-13,5.073e-22,5.883e-17,,1.034e-26,,,,1.079e-3,2.419e-16,8.190e-1,4.154e-12,,,,,9.315e-3,,,,,,,,,3.074e-18,,,,,,,,,,,,,,
849.22,8.518e-1,2.740e-18,4.113e-28,6.080e-43,,,,5.670e-18,9.558e-20,,3.141e-15,1.704e-17,1.457e-28,6.502e-17,1.600e-20,,1.777e-2,,,,1.328e-12,5.644e-22,5.872e-17,,1.036e-26,,,,1.106e-3,2.417e-16,8.224e-1,3.875e-12,,,,,1.052e-2,,,,,,,,,3.075e-18,,,,,,,,,,,,,,
849.24,8.555e-1,2.739e-18,4.286e-28,6.069e-43,,,,5.674e-18,9.549e-20,,3.142e-15,1.708e-17,1.457e-28,6.503e-17,1.600e-20,,1.890e-2,,,,1.724e-12,6.052e-22,5.865e-17,,1.037e-26,,,,1.124e-3,2.415e-16,8.241e-1,3.705e-12,,,,,1.140e-2,,,,,,,,,3.075e-18,,,,,,,,,,,,,,
849.27,8.603e-1,2.736e-18,4.547e-28,6.052e-43,,,,5.680e-18,9.535e-20,,3.142e-15,1.714e-17,1.457e-28,6.505e-17,1.601e-20,,2.068e-2,,,,2.546e-12,6.707e-22,5.855e-17,,1.039e-26,,,,1.148e-3,2.413e-16,8.257e-1,3.475e-12,,,,,1.282e-2,,,,,,,,,3.075e-18,,,,,,,,,,,,,,
849.29,8.631e-1,2.735e-18,4.721e-28,6.041e-43,,,,5.684e-18,9.526e-20,,3.143e-15,1.718e-17,1.457e-28,6.506e-17,1.601e-20,,2.193e-2,,,,3.297e-12,7.173e-22,5.848e-17,,1.040e-26,,,,1.162e-3,2.411e-16,8.262e-1,3.338e-12,,,,,1.385e-2,,,,,,,,,3.075e-18,,,,,,,,,,,,,,
849.32,8.667e-1,2.732e-18,4.981e-28,6.025e-43,,,,5.690e-18,9.513e-20,,3.143e-15,1.724e-17,1.456e-28,6.508e-17,1.601e-20,,2.390e-2,,,,4.849e-12,7.918e-22,5.838e-17,,1.041e-26,,,,1.182e-3,2.409e-16,8.261e-1,3.157e-12,,,,,1.552e-2,,,,,,,,,3.076e-18,,,,,,,,,,,,,,
849.34,8.687e-1,2.731e-18,5.155e-28,6.014e-43,,,,5.694e-18,9.503e-20,,3.144e-15,1.728e-17,1.456e-28,6.509e-17,1.601e-20,,2.528e-2,,,,6.263e-12,8.446e-22,5.831e-17,,1.042e-26,,,,1.194e-3,2.407e-16,8.255e-1,3.054e-12,,,,,1.672e-2,,,,,,,,,3.076e-18,,,,,,,,,,,,,,
849.37,8.710e-1,2.728e-18,5.415e-28,5.997e-43,,,,5.700e-18,9.490e-20,,3.144e-15,1.734e-17,1.456e-28,6.511e-17,1.602e-20,,2.745e-2,,,,9.176e-12,9.285e-22,5.821e-17,,1.044e-26,,,,1.210e-3,2.405e-16,8.237e-1,2.923e-12,,,,,1.866e-2,,,,,,,,,3.076e-18,,,,,,,,,,,,,,
849.39,8.723e-1,2.727e-18,5.589e-28,5.986e-43,,,,5.705e-18,9.481e-20,,3.145e-15,1.738e-17,1.455e-28,6.512e-17,1.602e-20,,2.895e-2,,,,1.182e-11,9.878e-22,5.814e-17,,1.045e-26,,,,1.219e-3,2.403e-16,8.220e-1,2.852e-12,,,,,2.005e-2,,,,,,,,,3.077e-18,,,,,,,,,,,,,,
849.42,8.735e-1,2.724e-18,5.850e-28,5.969e-43,,,,5.711e-18,9.467e-20,,3.145e-15,1.743e-17,1.455e-28,6.514e-17,1.602e-20,,3.131e-2,,,,1.725e-11,1.082e-21,5.804e-17,,1.047e-26,,,,1.230e-3,2.401e-16,8.187e-1,2.771e-12,,,,,2.229e-2,,,,,,,,,3.077e-18,,,,,,,,,,,,,,
849.44,8.741e-1,2.723e-18,6.023e-28,5.958e-43,,,,5.715e-18,9.458e-20,,3.146e-15,1.747e-17,1.455e-28,6.515e-17,1.602e-20,,3.295e-2,,,,2.216e-11,1.148e-21,5.797e-17,,1.048e-26,,,,1.236e-3,2.400e-16,8.160e-1,2.733e-12,,,,,2.388e-2,,,,,,,,,3.077e-18,,,,,,,,,,,,,,
849.47,8.744e-1,2.720e-18,6.284e-28,5.942e-43,,,,5.721e-18,9.444e-20,,3.146e-15,1.753e-17,1.454e-28,6.517e-17,1.603e-20,,3.550e-2,,,,3.221e-11,1.252e-21,5.787e-17,,1.049e-26,,,,1.243e-3,2.397e-16,8.112e-1,2.701e-12,,,,,2.645e-2,,,,,,,,,3.078e-18,,,,,,,,,,,,,,
849.49,8.743e-1,2.719e-18,6.457e-28,5.931e-43,,,,5.725e-18,9.435e-20,,3.147e-15,1.757e-17,1.454e-28,6.518e-17,1.603e-20,,3.725e-2,,,,4.128e-11,1.325e-21,5.780e-17,,1.050e-26,,,,1.245e-3,2.396e-16,8.076e-1,2.697e-12,,,,,2.827e-2,,,,,,,,,3.078e-18,,,,,,,,,,,,,,
849.51,8.740e-1,2.717e-18,6.631e-28,5.920e-43,,,,5.729e-18,9.426e-20,,3.147e-15,1.761e-17,1.454e-28,6.519e-17,1.603e-20,,3.906e-2,,,,5.284e-11,1.400e-21,5.773e-17,,1.051e-26,,,,1.247e-3,2.394e-16,8.035e-1,2.705e-12,,,,,3.018e-2,,,,,,,,,3.078e-18,,,,,,,,,,,,,,
849.54,8.732e-1,2.715e-18,6.892e-28,5.903e-43,,,,5.735e-18,9.412e-20,,3.148e-15,1.767e-17,1.453e-28,6.521e-17,1.604e-20,,4.184e-2,,,,7.639e-11,1.519e-21,5.763e-17,,1.053e-26,,,,1.246e-3,2.392e-16,7.968e-1,2.743e-12,,,,,3.324e-2,,,,,,,,,3.078e-18,,,,,,,,,,,,,,
849.56,8.724e-1,2.713e-18,7.065e-28,5.892e-43,,,,5.739e-18,9.403e-20,,3.148e-15,1.771e-17,1.453e-28,6.522e-17,1.604e-20,,4.376e-2,,,,9.753e-11,1.602e-21,5.756e-17,,1.054e-26,,,,1.244e-3,2.390e-16,7.920e-1,2.785e-12,,,,,3.539e-2,,,,,,,,,3.079e-18,,,,,,,,,,,,,,
849.59,8.708e-1,2.711e-18,7.326e-28,5.875e-43,,,,5.745e-18,9.389e-20,,3.149e-15,1.776e-17,1.453e-28,6.524e-17,1.604e-20,,4.670e-2,,,,1.404e-10,1.730e-21,5.746e-17,,1.056e-26,,,,1.239e-3,2.388e-16,7.840e-1,2.874e-12,,,,,3.882e-2,,,,,,,,,3.079e-18,,,,,,,,,,,,,,
849.61,8.695e-1,2.709e-18,7.499e-28,5.864e-43,,,,5.749e-18,9.380e-20,,3.149e-15,1.780e-17,1.453e-28,6.525e-17,1.604e-20,,4.871e-2,,,,1.788e-10,1.820e-21,5.739e-17,,1.057e-26,,,,1.233e-3,2.386e-16,7.783e-1,2.950e-12,,,,,4.123e-2,,,,,,,,,3.079e-18,,,,,,,,,,,,,,
849.64,8.673e-1,2.707e-18,7.760e-28,5.848e-43,,,,5.755e-18,9.366e-20,,3.150e-15,1.786e-17,1.452e-28,6.527e-17,1.605e-20,,5.178e-2,,,,2.565e-10,1.958e-21,5.729e-17,,1.058e-26,,,,1.223e-3,2.384e-16,7.692e-1,3.089e-12,,,,,4.504e-2,,,,,,,,,3.080e-18,,,,,,,,,,,,,,
849.66,8.656e-1,2.705e-18,7.934e-28,5.836e-43,,,,5.759e-18,9.357e-20,,3.150e-15,1.790e-17,1.452e-28,6.528e-17,1.605e-20,,5.386e-2,,,,3.257e-10,2.053e-21,5.722e-17,,1.059e-26,,,,1.215e-3,2.383e-16,7.628e-1,3.199e-12,,,,,4.771e-2,,,,,,,,,3.080e-18,,,,,,,,,,,,,,
849.69,8.627e-1,2.703e-18,8.194e-28,5.820e-43,,,,5.765e-18,9.343e-20,,3.151e-15,1.796e-17,1.452e-28,6.530e-17,1.605e-20,,5.704e-2,,,,4.653e-10,2.201e-21,5.712e-17,,1.061e-26,,,,1.200e-3,2.380e-16,7.526e-1,3.389e-12,,,,,5.192e-2,,,,,,,,,3.080e-18,,,,,,,,,,,,,,
849.71,8.606e-1,2.701e-18,8.368e-28,5.809e-43,,,,5.769e-18,9.334e-20,,3.151e-15,1.800e-17,1.451e-28,6.531e-17,1.605e-20,,5.918e-2,,,,5.895e-10,2.302e-21,5.705e-17,,1.062e-26,,,,1.188e-3,2.379e-16,7.454e-1,3.534e-12,,,,,5.485e-2,,,,,,,,,3.081e-18,,,,,,,,,,,,,,
849.74,8.573e-1,2.699e-18,8.628e-28,5.792e-43,,,,5.775e-18,9.320e-20,,3.152e-15,1.806e-17,1.451e-28,6.533e-17,1.606e-20,,6.242e-2,,,,8.388e-10,2.458e-21,5.695e-17,,1.064e-26,,,,1.169e-3,2.376e-16,7.342e-1,3.776e-12,,,,,5.945e-2,,,,,,,,,3.081e-18,,,,,,,,,,,,,,
849.76,8.548e-1,2.697e-18,8.802e-28,5.781e-43,,,,5.779e-18,9.311e-20,,3.152e-15,1.809e-17,1.451e-28,6.534e-17,1.606e-20,,6.460e-2,,,,1.060e-9,2.564e-21,5.688e-17,,1.065e-26,,,,1.155e-3,2.375e-16,7.264e-1,3.956e-12,,,,,6.264e-2,,,,,,,,,3.081e-18,,,,,,,,,,,,,,
849.79,8.509e-1,2.695e-18,9.062e-28,5.765e-43,,,,5.786e-18,9.297e-20,,3.153e-15,1.815e-17,1.450e-28,6.536e-17,1.606e-20,,6.787e-2,,,,1.502e-9,2.727e-21,5.678e-17,,1.066e-26,,,,1.132e-3,2.373e-16,7.143e-1,4.251e-12,,,,,6.763e-2,,,,,,,,,3.082e-18,,,,,,,,,,,,,,
849.81,8.481e-1,2.693e-18,9.236e-28,5.753e-43,,,,5.790e-18,9.288e-20,,3.153e-15,1.819e-17,1.450e-28,6.537e-17,1.607e-20,,7.006e-2,,,,1.893e-9,2.837e-21,5.671e-17,,1.067e-26,,,,1.115e-3,2.371e-16,7.059e-1,4.466e-12,,,,,7.107e-2,,,,,,,,,3.082e-18,,,,,,,,,,,,,,
849.84,8.437e-1,2.691e-18,9.497e-28,5.737e-43,,,,5.796e-18,9.275e-20,,3.154e-15,1.825e-17,1.450e-28,6.539e-17,1.607e-20,,7.332e-2,,,,2.673e-9,3.005e-21,5.661e-17,,1.069e-26,,,,1.088e-3,2.369e-16,6.929e-1,4.814e-12,,,,,7.642e-2,,,,,,,,,3.082e-18,,,,,,,,,,,,,,
849.86,8.406e-1,2.689e-18,9.670e-28,5.726e-43,,,,5.800e-18,9.265e-20,,3.154e-15,1.829e-17,1.449e-28,6.540e-17,1.607e-20,,7.549e-2,,,,3.359e-9,3.118e-21,5.654e-17,,1.070e-26,,,,1.070e-3,2.367e-16,6.839e-1,5.064e-12,,,,,8.010e-2,,,,,,,,,3.082e-18,,,,,,,,,,,,,,
849.88,8.373e-1,2.687e-18,9.844e-28,5.715e-43,,,,5.804e-18,9.256e-20,,3.155e-15,1.833e-17,1.449e-28,6.541e-17,1.607e-20,,7.763e-2,,,,4.217e-9,3.233e-21,5.647e-17,,1.071e-26,,,,1.050e-3,2.366e-16,6.747e-1,5.329e-12,,,,,8.387e-2,,,,,,,,,3.083e-18,,,,,,,,,,,,,,
849.91,8.321e-1,2.685e-18,1.010e-27,5.698e-43,,,,5.810e-18,9.243e-20,,3.155e-15,1.839e-17,1.449e-28,6.543e-17,1.608e-20,,8.081e-2,,,,5.921e-9,3.405e-21,5.637e-17,,1.073e-26,,,,1.019e-3,2.363e-16,6.606e-1,5.752e-12,,,,,8.968e-2,,,,,,,,,3.083e-18,,,,,,,,,,,,,,
849.93,8.285e-1,2.683e-18,1.028e-27,5.687e-43,,,,5.814e-18,9.233e-20,,3.156e-15,1.843e-17,1.449e-28,6.544e-17,1.608e-20,,8.289e-2,,,,7.415e-9,3.520e-21,5.630e-17,,1.074e-26,,,,9.977e-4,2.362e-16,6.509e-1,6.051e-12,,,,,9.365e-2,,,,,,,,,3.083e-18,,,,,,,,,,,,,,
849.96,8.227e-1,2.681e-18,1.054e-27,5.670e-43,,,,5.820e-18,9.220e-20,,3.156e-15,1.848e-17,1.448e-28,6.546e-17,1.608e-20,,8.595e-2,,,,1.037e-8,3.693e-21,5.620e-17,,1.075e-26,,,,9.645e-4,2.359e-16,6.360e-1,6.527e-12,,,,,9.975e-2,,,,,,,,,3.084e-18,,,,,,,,,,,,,,
849.98,8.187e-1,2.679e-18,1.071e-27,5.659e-43,,,,5.824e-18,9.211e-20,,3.157e-15,1.852e-17,1.448e-28,6.547e-17,1.608e-20,,8.793e-2,,,,1.295e-8,3.809e-21,5.613e-17,,1.076e-26,,,,9.418e-4,2.358e-16,6.259e-1,6.861e-12,,,,,1.039e-1,,,,,,,,,3.084e-18,,,,,,,,,,,,,,
850.01,8.123e-1,2.677e-18,1.097e-27,5.643e-43,,,,5.830e-18,9.197e-20,,3.157e-15,1.858e-17,1.448e-28,6.549e-17,1.609e-20,,9.082e-2,,,,1.804e-8,3.980e-21,5.603e-17,,1.078e-26,,,,9.069e-4,2.356e-16,6.104e-1,7.389e-12,,,,,1.102e-1,,,,,,,,,3.084e-18,,,,,,,,,,,,,,
850.03,8.079e-1,2.675e-18,1.115e-27,5.632e-43,,,,5.834e-18,9.188e-20,,3.158e-15,1.862e-17,1.447e-28,6.550e-17,1.609e-20,,9.268e-2,,,,2.248e-8,4.093e-21,5.596e-17,,1.079e-26,,,,8.832e-4,2.354e-16,5.999e-1,7.757e-12,,,,,1.145e-1,,,,,,,,,3.084e-18,,,,,,,,,,,,,,
850.06,8.009e-1,2.673e-18,1.141e-27,5.615e-43,,,,5.840e-18,9.174e-20,,3.158e-15,1.868e-17,1.447e-28,6.552e-17,1.609e-20,,9.535e-2,,,,3.119e-8,4.260e-21,5.586e-17,,1.081e-26,,,,8.470e-4,2.352e-16,5.838e-1,8.334e-12,,,,,1.210e-1,,,,,,,,,3.085e-18,,,,,,,,,,,,,,
850.08,7.961e-1,2.671e-18,1.158e-27,5.604e-43,,,,5.844e-18,9.165e-20,,3.159e-15,1.872e-17,1.447e-28,6.553e-17,1.609e-20,,9.704e-2,,,,3.875e-8,4.370e-21,5.579e-17,,1.082e-26,,,,8.227e-4,2.350e-16,5.729e-1,8.735e-12,,,,,1.253e-1,,,,,,,,,3.085e-18,,,,,,,,,,,,,,
850.11,7.884e-1,2.669e-18,1.184e-27,5.587e-43,,,,5.850e-18,9.151e-20,,3.159e-15,1.878e-17,1.446e-28,6.555e-17,1.610e-20,,9.945e-2,,,,5.356e-8,4.531e-21,5.569e-17,,1.083e-26,,,,7.859e-4,2.348e-16,5.563e-1,9.359e-12,,,,,1.319e-1,,,,,,,,,3.085e-18,,,,,,,,,,,,,,
850.13,7.831e-1,2.667e-18,1.201e-27,5.576e-43,,,,5.854e-18,9.142e-20,,3.160e-15,1.881e-17,1.446e-28,6.556e-17,1.610e-20,,1.010e-1,,,,6.637e-8,4.635e-21,5.562e-17,,1.084e-26,,,,7.613e-4,2.346e-16,5.451e-1,9.791e-12,,,,,1.363e-1,,,,,,,,,3.086e-18,,,,,,,,,,,,,,
850.16,7.748e-1,2.665e-18,1.228e-27,5.560e-43,,,,5.861e-18,9.128e-20,,3.160e-15,1.887e-17,1.446e-28,6.558e-17,1.610e-20,,1.031e-1,,,,9.137e-8,4.786e-21,5.552e-17,,1.086e-26,,,,7.244e-4,2.344e-16,5.281e-1,1.046e-11,,,,,1.429e-1,,,,,,,,,3.086e-18,,,,,,,,,,,,,,
850.18,7.689e-1,2.663e-18,1.245e-27,5.549e-43,,,,5.865e-18,9.119e-20,,3.161e-15,1.891e-17,1.446e-28,6.560e-17,1.611e-20,,1.044e-1,,,,1.129e-7,4.883e-21,5.545e-17,,1.087e-26,,,,6.999e-4,2.342e-16,5.166e-1,1.092e-11,,,,,1.473e-1,,,,,,,,,3.086e-18,,,,,,,,,,,,,,
850.21,7.599e-1,2.661e-18,1.271e-27,5.532e-43,,,,5.871e-18,9.105e-20,,3.161e-15,1.897e-17,1.445e-28,6.561e-17,1.611e-20,,1.061e-1,,,,1.549e-7,5.023e-21,5.534e-17,,1.089e-26,,,,6.633e-4,2.340e-16,4.993e-1,1.162e-11,,,,,1.538e-1,,,,,,,,,3.087e-18,,,,,,,,,,,,,,
850.23,7.535e-1,2.659e-18,1.288e-27,5.521e-43,,,,5.875e-18,9.096e-20,,3.162e-15,1.901e-17,1.445e-28,6.563e-17,1.611e-20,,1.072e-1,,,,1.909e-7,5.111e-21,5.528e-17,,1.090e-26,,,,6.391e-4,2.339e-16,4.877e-1,1.211e-11,,,,,1.581e-1,,,,,,,,,3.087e-18,,,,,,,,,,,,,,
850.26,7.437e-1,2.657e-18,1.314e-27,5.504e-43,,,,5.881e-18,9.082e-20,,3.162e-15,1.907e-17,1.445e-28,6.564e-17,1.611e-20,,1.085e-1,,,,2.608e-7,5.236e-21,5.517e-17,,1.091e-26,,,,6.033e-4,2.336e-16,4.701e-1,1.285e-11,,,,,1.644e-1,,,,,,,,,3.087e-18,,,,,,,,,,,,,,
850.28,7.369e-1,2.655e-18,1.332e-27,5.493e-43,,,,5.885e-18,9.073e-20,,3.163e-15,1.911e-17,1.444e-28,6.566e-17,1.612e-20,,1.093e-1,,,,3.206e-7,5.314e-21,5.511e-17,,1.092e-26,,,,5.798e-4,2.335e-16,4.584e-1,1.335e-11,,,,,1.685e-1,,,,,,,,,3.087e-18,,,,,,,,,,,,,,
850.3,7.298e-1,2.654e-18,1.349e-27,5.482e-43,,,,5.889e-18,9.064e-20,,3.163e-15,1.915e-17,1.444e-28,6.567e-17,1.612e-20,,1.100e-1,,,,3.938e-7,5.388e-21,5.504e-17,,1.094e-26,,,,5.566e-4,2.333e-16,4.467e-1,1.386e-11,,,,,1.726e-1,,,,,,,,,3.088e-18,,,,,,,,,,,,,,
850.33,7.189e-1,2.651e-18,1.375e-27,5.466e-43,,,,5.895e-18,9.050e-20,,3.164e-15,1.920e-17,1.444e-28,6.569e-17,1.612e-20,,1.108e-1,,,,5.349e-7,5.489e-21,5.494e-17,,1.095e-26,,,,5.225e-4,2.331e-16,4.290e-1,1.464e-11,,,,,1.785e-1,,,,,,,,,3.088e-18,,,,,,,,,,,,,,
850.35,7.113e-1,2.650e-18,1.393e-27,5.454e-43,,,,5.899e-18,9.041e-20,,3.164e-15,1.924e-17,1.443e-28,6.570e-17,1.612e-20,,1.112e-1,,,,6.552e-7,5.551e-21,5.487e-17,,1.096e-26,,,,5.003e-4,2.329e-16,4.172e-1,1.516e-11,,,,,1.823e-1,,,,,,,,,3.088e-18,,,,,,,,,,,,,,
850.38,6.995e-1,2.647e-18,1.419e-27,5.438e-43,,,,5.905e-18,9.028e-20,,3.165e-15,1.930e-17,1.443e-28,6.572e-17,1.613e-20,,1.116e-1,,,,8.866e-7,5.633e-21,5.476e-17,,1.098e-26,,,,4.678e-4,2.327e-16,3.997e-1,1.595e-11,,,,,1.878e-1,,,,,,,,,3.089e-18,,,,,,,,,,,,,,
850.4,6.915e-1,2.646e-18,1.436e-27,5.427e-43,,,,5.909e-18,9.018e-20,,3.165e-15,1.934e-17,1.443e-28,6.573e-17,1.613e-20,,1.117e-1,,,,1.083e-6,5.681e-21,5.470e-17,,1.099e-26,,,,4.467e-4,2.325e-16,3.880e-1,1.649e-11,,,,,1.913e-1,,,,,,,,,3.089e-18,,,,,,,,,,,,,,
850.43,6.790e-1,2.643e-18,1.462e-27,5.410e-43,,,,5.915e-18,9.005e-20,,3.166e-15,1.940e-17,1.442e-28,6.575e-17,1.613e-20,,1.117e-1,,,,1.460e-6,5.742e-21,5.459e-17,,1.100e-26,,,,4.160e-4,2.323e-16,3.705e-1,1.728e-11,,,,,1.963e-1,,,,,,,,,3.089e-18,,,,,,,,,,,,,,
850.45,6.704e-1,2.642e-18,1.479e-27,5.399e-43,,,,5.919e-18,8.995e-20,,3.166e-15,1.944e-17,1.442e-28,6.576e-17,1.614e-20,,1.115e-1,,,,1.779e-6,5.775e-21,5.453e-17,,1.102e-26,,,,3.962e-4,2.322e-16,3.590e-1,1.782e-11,,,,,1.994e-1,,,,,,,,,3.090e-18,,,,,,,,,,,,,,
850.48,6.571e-1,2.639e-18,1.505e-27,5.382e-43,,,,5.925e-18,8.982e-20,,3.167e-15,1.950e-17,1.442e-28,6.578e-17,1.614e-20,,1.110e-1,,,,2.388e-6,5.814e-21,5.442e-17,,1.103e-26,,,,3.675e-4,2.319e-16,3.419e-1,1.861e-11,,,,,2.038e-1,,,,,,,,,3.090e-18,,,,,,,,,,,,,,
850.5,6.480e-1,2.638e-18,1.523e-27,5.371e-43,,,,5.929e-18,8.973e-20,,3.167e-15,1.953e-17,1.442e-28,6.579e-17,1.614e-20,,1.106e-1,,,,2.903e-6,5.833e-21,5.436e-17,,1.104e-26,,,,3.491e-4,2.318e-16,3.306e-1,1.914e-11,,,,,2.066e-1,,,,,,,,,3.090e-18,,,,,,,,,,,,,,
850.53,6.341e-1,2.635e-18,1.549e-27,5.355e-43,,,,5.935e-18,8.959e-20,,3.168e-15,1.959e-17,1.441e-28,6.581e-17,1.614e-20,,1.097e-1,,,,3.882e-6,5.849e-21,5.425e-17,,1.106e-26,,,,3.225e-4,2.315e-16,3.138e-1,1.992e-11,,,,,2.103e-1,,,,,,,,,3.091e-18,,,,,,,,,,,,,,
850.55,6.246e-1,2.634e-18,1.566e-27,5.344e-43,,,,5.940e-18,8.950e-20,,3.168e-15,1.963e-17,1.441e-28,6.582e-17,1.615e-20,,1.089e-1,,,,4.706e-6,5.852e-21,5.418e-17,,1.107e-26,,,,3.056e-4,2.314e-16,3.028e-1,2.044e-11,,,,,2.125e-1,,,,,,,,,3.091e-18,,,,,,,,,,,,,,
850.58,6.099e-1,2.631e-18,1.592e-27,5.327e-43,,,,5.946e-18,8.936e-20,,3.169e-15,1.969e-17,1.441e-28,6.584e-17,1.615e-20,,1.076e-1,,,,6.268e-6,5.845e-21,5.408e-17,,1.108e-26,,,,2.812e-4,2.312e-16,2.866e-1,2.119e-11,,,,,2.155e-1,,,,,,,,,3.091e-18,,,,,,,,,,,,,,
850.6,6.000e-1,2.629e-18,1.610e-27,5.316e-43,,,,5.950e-18,8.927e-20,,3.169e-15,1.973e-17,1.440e-28,6.585e-17,1.615e-20,,1.066e-1,,,,7.578e-6,5.833e-21,5.401e-17,,1.110e-26,,,,2.657e-4,2.310e-16,2.759e-1,2.169e-11,,,,,2.172e-1,,,,,,,,,3.091e-18,,,,,,,,,,,,,,
850.63,5.848e-1,2.627e-18,1.636e-27,5.299e-43,,,,5.956e-18,8.913e-20,,3.170e-15,1.979e-17,1.440e-28,6.587e-17,1.616e-20,,1.049e-1,,,,1.005e-5,5.803e-21,5.391e-17,,1.111e-26,,,,2.435e-4,2.308e-16,2.603e-1,2.241e-11,,,,,2.194e-1,,,,,,,,,3.092e-18,,,,,,,,,,,,,,
850.65,5.745e-1,2.625e-18,1.653e-27,5.288e-43,,,,5.960e-18,8.904e-20,,3.170e-15,1.983e-17,1.440e-28,6.588e-17,1.616e-20,,1.037e-1,,,,1.212e-5,5.775e-21,5.384e-17,,1.112e-26,,,,2.295e-4,2.306e-16,2.501e-1,2.288e-11,,,,,2.205e-1,,,,,,,,,3.092e-18,,,,,,,,,,,,,,
850.67,5.641e-1,2.624e-18,1.670e-27,5.277e-43,,,,5.964e-18,8.895e-20,,3.171e-15,1.987e-17,1.439e-28,6.589e-17,1.616e-20,,1.023e-1,,,,1.460e-5,5.742e-21,5.378e-17,,1.113e-26,,,,2.160e-4,2.305e-16,2.401e-1,2.333e-11,,,,,2.215e-1,,,,,,,,,3.092e-18,,,,,,,,,,,,,,
850.7,5.482e-1,2.621e-18,1.696e-27,5.261e-43,,,,5.970e-18,8.881e-20,,3.171e-15,1.992e-17,1.439e-28,6.591e-17,1.616e-20,,1.002e-1,,,,1.927e-5,5.681e-21,5.367e-17,,1.115e-26,,,,1.969e-4,2.302e-16,2.254e-1,2.399e-11,,,,,2.224e-1,,,,,,,,,3.093e-18,,,,,,,,,,,,,,
850.72,5.375e-1,2.620e-18,1.714e-27,5.250e-43,,,,5.974e-18,8.872e-20,,3.172e-15,1.996e-17,1.439e-28,6.592e-17,1.617e-20,,9.861e-2,,,,2.315e-5,5.633e-21,5.360e-17,,1.116e-26,,,,1.849e-4,2.301e-16,2.159e-1,2.440e-11,,,,,2.228e-1,,,,,,,,,3.093e-18,,,,,,,,,,,,,,
850.75,5.213e-1,2.617e-18,1.740e-27,5.233e-43,,,,5.980e-18,8.858e-20,,3.172e-15,2.002e-17,1.438e-28,6.594e-17,1.617e-20,,9.615e-2,,,,3.043e-5,5.551e-21,5.350e-17,,1.118e-26,,,,1.679e-4,2.298e-16,2.020e-1,2.500e-11,,,,,2.229e-1,,,,,,,,,3.093e-18,,,,,,,,,,,,,,
850.77,5.103e-1,2.616e-18,1.757e-27,5.222e-43,,,,5.984e-18,8.849e-20,,3.173e-15,2.006e-17,1.438e-28,6.595e-17,1.617e-20,,9.441e-2,,,,3.646e-5,5.489e-21,5.343e-17,,1.119e-26,,,,1.572e-4,2.297e-16,1.931e-1,2.537e-11,,,,,2.226e-1,,,,,,,,,3.093e-18,,,,,,,,,,,,,,
850.8,4.938e-1,2.613e-18,1.783e-27,5.205e-43,,,,5.990e-18,8.835e-20,,3.173e-15,2.012e-17,1.438e-28,6.597e-17,1.617e-20,,9.169e-2,,,,4.774e-5,5.388e-21,5.333e-17,,1.120e-26,,,,1.421e-4,2.295e-16,1.801e-1,2.589e-11,,,,,2.218e-1,,,,,,,,,3.094e-18,,,,,,,,,,,,,,
850.82,4.827e-1,2.612e-18,1.801e-27,5.194e-43,,,,5.994e-18,8.826e-20,,3.174e-15,2.016e-17,1.438e-28,6.598e-17,1.618e-20,,8.981e-2,,,,5.705e-5,5.314e-21,5.326e-17,,1.121e-26,,,,1.327e-4,2.293e-16,1.717e-1,2.621e-11,,,,,2.210e-1,,,,,,,,,3.094e-18,,,,,,,,,,,,,,
850.85,4.660e-1,2.609e-18,1.827e-27,5.178e-43,,,,6.000e-18,8.812e-20,,3.174e-15,2.022e-17,1.437e-28,6.600e-17,1.618e-20,,8.688e-2,,,,7.439e-5,5.196e-21,5.316e-17,,1.123e-26,,,,1.196e-4,2.291e-16,1.595e-1,2.666e-11,,,,,2.194e-1,,,,,,,,,3.094e-18,,,,,,,,,,,,,,
850.87,4.548e-1,2.608e-18,1.844e-27,5.167e-43,,,,6.004e-18,8.803e-20,,3.175e-15,2.025e-17,1.437e-28,6.601e-17,1.618e-20,,8.487e-2,,,,8.868e-5,5.111e-21,5.309e-17,,1.124e-26,,,,1.114e-4,2.289e-16,1.517e-1,2.692e-11,,,,,2.180e-1,,,,,,,,,3.095e-18,,,,,,,,,,,,,,
850.9,4.380e-1,2.605e-18,1.870e-27,5.150e-43,,,,6.010e-18,8.790e-20,,3.175e-15,2.031e-17,1.437e-28,6.603e-17,1.618e-20,,8.179e-2,,,,1.152e-4,4.977e-21,5.299e-17,,1.126e-26,,,,9.991e-5,2.287e-16,1.405e-1,2.728e-11,,,,,2.155e-1,,,,,,,,,3.095e-18,,,,,,,,,,,,,,
850.92,4.268e-1,2.604e-18,1.888e-27,5.139e-43,,,,6.015e-18,8.780e-20,,3.176e-15,2.035e-17,1.436e-28,6.604e-17,1.619e-20,,7.969e-2,,,,1.369e-4,4.883e-21,5.292e-17,,1.127e-26,,,,9.281e-5,2.285e-16,1.333e-1,2.748e-11,,,,,2.136e-1,,,,,,,,,3.095e-18,,,,,,,,,,,,,,
850.95,4.101e-1,2.601e-18,1.914e-27,5.122e-43,,,,6.021e-18,8.767e-20,,3.176e-15,2.041e-17,1.436e-28,6.606e-17,1.619e-20,,7.650e-2,,,,1.772e-4,4.736e-21,5.282e-17,,1.128e-26,,,,8.293e-5,2.283e-16,1.230e-1,2.775e-11,,,,,2.103e-1,,,,,,,,,3.096e-18,,,,,,,,,,,,,,
850.97,3.989e-1,2.600e-18,1.931e-27,5.111e-43,,,,6.025e-18,8.758e-20,,3.177e-15,2.045e-17,1.436e-28,6.607e-17,1.619e-20,,7.434e-2,,,,2.101e-4,4.635e-21,5.275e-17,,1.129e-26,,,,7.684e-5,2.281e-16,1.165e-1,2.789e-11,,,,,2.078e-1,,,,,,,,,3.096e-18,,,,,,,,,,,,,,
851,3.823e-1,2.597e-18,1.957e-27,5.095e-43,,,,6.031e-18,8.744e-20,,3.177e-15,2.051e-17,1.435e-28,6.609e-17,1.620e-20,,7.109e-2,,,,2.708e-4,4.478e-21,5.265e-17,,1.131e-26,,,,6.839e-5,2.279e-16,1.071e-1,2.805e-11,,,,,2.038e-1,,,,,,,,,3.096e-18,,,,,,,,,,,,,,
851.02,3.714e-1,2.596e-18,1.974e-27,5.083e-43,,,,6.035e-18,8.735e-20,,3.178e-15,2.055e-17,1.435e-28,6.610e-17,1.620e-20,,6.891e-2,,,,3.202e-4,4.370e-21,5.258e-17,,1.132e-26,,,,6.319e-5,2.278e-16,1.011e-1,2.812e-11,,,,,2.010e-1,,,,,,,,,3.096e-18,,,,,,,,,,,,,,
851.04,3.604e-1,2.594e-18,1.992e-27,5.072e-43,,,,6.039e-18,8.726e-20,,3.178e-15,2.058e-17,1.435e-28,6.611e-17,1.620e-20,,6.672e-2,,,,3.783e-4,4.260e-21,5.251e-17,,1.133e-26,,,,5.833e-5,2.276e-16,9.539e-2,2.817e-11,,,,,1.979e-1,,,,,,,,,3.097e-18,,,,,,,,,,,,,,
851.07,3.443e-1,2.592e-18,2.018e-27,5.056e-43,,,,6.045e-18,8.712e-20,,3.179e-15,2.064e-17,1.434e-28,6.613e-17,1.620e-20,,6.345e-2,,,,4.849e-4,4.093e-21,5.241e-17,,1.135e-26,,,,5.163e-5,2.274e-16,8.724e-2,2.819e-11,,,,,1.930e-1,,,,,,,,,3.097e-18,,,,,,,,,,,,,,
851.09,3.336e-1,2.590e-18,2.035e-27,5.045e-43,,,,6.049e-18,8.703e-20,,3.179e-15,2.068e-17,1.434e-28,6.614e-17,1.621e-20,,6.128e-2,,,,5.714e-4,3.980e-21,5.234e-17,,1.136e-26,,,,4.753e-5,2.272e-16,8.210e-2,2.817e-11,,,,,1.896e-1,,,,,,,,,3.097e-18,,,,,,,,,,,,,,
851.12,3.178e-1,2.588e-18,2.061e-27,5.028e-43,,,,6.055e-18,8.689e-20,,3.180e-15,2.074e-17,1.434e-28,6.616e-17,1.621e-20,,5.805e-2,,,,7.294e-4,3.809e-21,5.224e-17,,1.137e-26,,,,4.190e-5,2.270e-16,7.482e-2,2.809e-11,,,,,1.842e-1,,,,,,,,,3.098e-18,,,,,,,,,,,,,,
851.14,3.075e-1,2.586e-18,2.079e-27,5.017e-43,,,,6.059e-18,8.680e-20,,3.180e-15,2.078e-17,1.434e-28,6.617e-17,1.621e-20,,5.592e-2,,,,8.572e-4,3.693e-21,5.217e-17,,1.138e-26,,,,3.847e-5,2.268e-16,7.023e-2,2.800e-11,,,,,1.804e-1,,,,,,,,,3.098e-18,,,,,,,,,,,,,,
851.17,2.922e-1,2.584e-18,2.105e-27,5.000e-43,,,,6.065e-18,8.666e-20,,3.181e-15,2.084e-17,1.433e-28,6.619e-17,1.621e-20,,5.277e-2,,,,1.090e-3,3.520e-21,5.207e-17,,1.140e-26,,,,3.378e-5,2.266e-16,6.376e-2,2.782e-11,,,,,1.746e-1,,,,,,,,,3.098e-18,,,,,,,,,,,,,,
851.19,2.823e-1,2.582e-18,2.122e-27,4.989e-43,,,,6.069e-18,8.657e-20,,3.181e-15,2.088e-17,1.433e-28,6.620e-17,1.622e-20,,5.070e-2,,,,1.278e-3,3.405e-21,5.200e-17,,1.141e-26,,,,3.094e-5,2.264e-16,5.970e-2,2.767e-11,,,,,1.706e-1,,,,,,,,,3.099e-18,,,,,,,,,,,,,,
851.22,2.677e-1,2.580e-18,2.148e-27,4.973e-43,,,,6.075e-18,8.643e-20,,3.182e-15,2.093e-17,1.433e-28,6.622e-17,1.622e-20,,4.766e-2,,,,1.618e-3,3.233e-21,5.190e-17,,1.143e-26,,,,2.706e-5,2.262e-16,5.400e-2,2.739e-11,,,,,1.644e-1,,,,,,,,,3.099e-18,,,,,,,,,,,,,,
851.24,2.582e-1,2.578e-18,2.165e-27,4.962e-43,,,,6.079e-18,8.634e-20,,3.182e-15,2.097e-17,1.432e-28,6.623e-17,1.622e-20,,4.567e-2,,,,1.892e-3,3.118e-21,5.183e-17,,1.144e-26,,,,2.471e-5,2.261e-16,5.043e-2,2.717e-11,,,,,1.602e-1,,,,,,,,,3.099e-18,,,,,,,,,,,,,,
851.27,2.444e-1,2.576e-18,2.191e-27,4.945e-43,,,,6.085e-18,8.620e-20,,3.183e-15,2.103e-17,1.432e-28,6.625e-17,1.623e-20,,4.276e-2,,,,2.387e-3,2.949e-21,5.173e-17,,1.145e-26,,,,2.153e-5,2.258e-16,4.544e-2,2.680e-11,,,,,1.538e-1,,,,,,,,,3.100e-18,,,,,,,,,,,,,,
851.29,2.355e-1,2.574e-18,2.209e-27,4.934e-43,,,,6.089e-18,8.611e-20,,3.183e-15,2.107e-17,1.432e-28,6.626e-17,1.623e-20,,4.087e-2,,,,2.784e-3,2.837e-21,5.166e-17,,1.146e-26,,,,1.961e-5,2.257e-16,4.233e-2,2.652e-11,,,,,1.494e-1,,,,,,,,,3.100e-18,,,,,,,,,,,,,,
851.32,2.225e-1,2.572e-18,2.235e-27,4.917e-43,,,,6.096e-18,8.597e-20,,3.184e-15,2.113e-17,1.431e-28,6.628e-17,1.623e-20,,3.812e-2,,,,3.498e-3,2.672e-21,5.156e-17,,1.148e-26,,,,1.702e-5,2.254e-16,3.800e-2,2.607e-11,,,,,1.429e-1,,,,,,,,,3.100e-18,,,,,,,,,,,,,,
851.34,2.143e-1,2.570e-18,2.252e-27,4.906e-43,,,,6.100e-18,8.588e-20,,3.184e-15,2.117e-17,1.431e-28,6.629e-17,1.623e-20,,3.634e-2,,,,4.068e-3,2.564e-21,5.149e-17,,1.149e-26,,,,1.546e-5,2.253e-16,3.531e-2,2.574e-11,,,,,1.385e-1,,,,,,,,,3.100e-18,,,,,,,,,,,,,,
851.37,2.024e-1,2.568e-18,2.278e-27,4.890e-43,,,,6.106e-18,8.575e-20,,3.185e-15,2.123e-17,1.431e-28,6.631e-17,1.624e-20,,3.377e-2,,,,5.093e-3,2.406e-21,5.139e-17,,1.151e-26,,,,1.336e-5,2.251e-16,3.157e-2,2.520e-11,,,,,1.319e-1,,,,,,,,,3.101e-18,,,,,,,,,,,,,,
851.39,1.948e-1,2.566e-18,2.296e-27,4.879e-43,,,,6.110e-18,8.565e-20,,3.185e-15,2.127e-17,1.430e-28,6.632e-17,1.624e-20,,3.211e-2,,,,5.907e-3,2.302e-21,5.132e-17,,1.152e-26,,,,1.211e-5,2.249e-16,2.927e-2,2.482e-11,,,,,1.275e-1,,,,,,,,,3.101e-18,,,,,,,,,,,,,,
851.41,1.876e-1,2.564e-18,2.313e-27,4.868e-43,,,,6.114e-18,8.556e-20,,3.186e-15,2.130e-17,1.430e-28,6.634e-17,1.624e-20,,3.050e-2,,,,6.845e-3,2.201e-21,5.125e-17,,1.153e-26,,,,1.096e-5,2.247e-16,2.710e-2,2.442e-11,,,,,1.232e-1,,,,,,,,,3.101e-18,,,,,,,,,,,,,,
851.44,1.775e-1,2.562e-18,2.339e-27,4.851e-43,,,,6.120e-18,8.542e-20,,3.186e-15,2.136e-17,1.430e-28,6.635e-17,1.624e-20,,2.818e-2,,,,8.521e-3,2.053e-21,5.115e-17,,1.154e-26,,,,9.417e-6,2.245e-16,2.410e-2,2.379e-11,,,,,1.167e-1,,,,,,,,,3.102e-18,,,,,,,,,,,,,,
851.46,1.712e-1,2.560e-18,2.356e-27,4.840e-43,,,,6.124e-18,8.533e-20,,3.187e-15,2.140e-17,1.430e-28,6.637e-17,1.625e-20,,2.670e-2,,,,9.848e-3,1.958e-21,5.108e-17,,1.155e-26,,,,8.501e-6,2.244e-16,2.226e-2,2.335e-11,,,,,1.124e-1,,,,,,,,,3.102e-18,,,,,,,,,,,,,,
851.49,1.625e-1,2.558e-18,2.382e-27,4.823e-43,,,,6.130e-18,8.520e-20,,3.187e-15,2.146e-17,1.429e-28,6.638e-17,1.625e-20,,2.457e-2,,,,1.221e-2,1.820e-21,5.098e-17,,1.157e-26,,,,7.277e-6,2.241e-16,1.972e-2,2.267e-11,,,,,1.060e-1,,,,,,,,,3.102e-18,,,,,,,,,,,,,,
851.51,1.573e-1,2.556e-18,2.400e-27,4.812e-43,,,,6.134e-18,8.510e-20,,3.188e-15,2.150e-17,1.429e-28,6.640e-17,1.625e-20,,2.322e-2,,,,1.408e-2,1.730e-21,5.091e-17,,1.158e-26,,,,6.552e-6,2.240e-16,1.816e-2,2.220e-11,,,,,1.018e-1,,,,,,,,,3.102e-18,,,,,,,,,,,,,,
851.54,1.504e-1,2.554e-18,2.426e-27,4.796e-43,,,,6.140e-18,8.497e-20,,3.188e-15,2.156e-17,1.429e-28,6.641e-17,1.626e-20,,2.129e-2,,,,1.739e-2,1.602e-21,5.081e-17,,1.160e-26,,,,5.586e-6,2.237e-16,1.603e-2,2.147e-11,,,,,9.569e-2,,,,,,,,,3.103e-18,,,,,,,,,,,,,,
851.56,1.465e-1,2.552e-18,2.443e-27,4.784e-43,,,,6.144e-18,8.488e-20,,3.189e-15,2.160e-17,1.428e-28,6.643e-17,1.626e-20,,2.007e-2,,,,1.999e-2,1.519e-21,5.074e-17,,1.161e-26,,,,5.016e-6,2.236e-16,1.473e-2,2.098e-11,,,,,9.168e-2,,,,,,,,,3.103e-18,,,,,,,,,,,,,,
851.59,1.417e-1,2.550e-18,2.469e-27,4.768e-43,,,,6.150e-18,8.474e-20,,3.189e-15,2.165e-17,1.428e-28,6.644e-17,1.626e-20,,1.833e-2,,,,2.459e-2,1.400e-21,5.064e-17,,1.162e-26,,,,4.260e-6,2.234e-16,1.295e-2,2.021e-11,,,,,8.582e-2,,,,,,,,,3.103e-18,,,,,,,,,,,,,,
851.61,1.393e-1,2.548e-18,2.487e-27,4.757e-43,,,,6.154e-18,8.465e-20,,3.190e-15,2.169e-17,1.428e-28,6.646e-17,1.626e-20,,1.723e-2,,,,2.820e-2,1.325e-21,5.057e-17,,1.163e-26,,,,3.815e-6,2.232e-16,1.186e-2,1.970e-11,,,,,8.201e-2,,,,,,,,,3.104e-18,,,,,,,,,,,,,,
851.64,1.371e-1,2.546e-18,2.513e-27,4.740e-43,,,,6.160e-18,8.451e-20,,3.191e-15,2.175e-17,1.427e-28,6.647e-17,1.627e-20,,1.567e-2,,,,3.455e-2,1.216e-21,5.047e-17,,1.165e-26,,,,3.227e-6,2.230e-16,1.039e-2,1.892e-11,,,,,7.646e-2,,,,,,,,,3.104e-18,,,,,,,,,,,,,,
851.66,1.366e-1,2.544e-18,2.530e-27,4.729e-43,,,,6.164e-18,8.442e-20,,3.191e-15,2.179e-17,1.427e-28,6.649e-17,1.627e-20,,1.470e-2,,,,3.952e-2,1.148e-21,5.040e-17,,1.166e-26,,,,2.883e-6,2.228e-16,9.496e-3,1.839e-11,,,,,7.288e-2,,,,,,,,,3.104e-18,,,,,,,,,,,,,,
851.69,1.375e-1,2.542e-18,2.556e-27,4.713e-43,,,,6.171e-18,8.428e-20,,3.192e-15,2.185e-17,1.427e-28,6.650e-17,1.627e-20,,1.332e-2,,,,4.824e-2,1.050e-21,5.029e-17,,1.168e-26,,,,2.429e-6,2.226e-16,8.283e-3,1.759e-11,,,,,6.769e-2,,,,,,,,,3.105e-18,,,,,,,,,,,,,,
851.71,1.394e-1,2.540e-18,2.574e-27,4.701e-43,,,,6.175e-18,8.419e-20,,3.192e-15,2.189e-17,1.427e-28,6.652e-17,1.627e-20,,1.246e-2,,,,5.502e-2,9.878e-22,5.023e-17,,1.169e-26,,,,2.164e-6,2.224e-16,7.551e-3,1.706e-11,,,,,6.435e-2,,,,,,,,,3.105e-18,,,,,,,,,,,,,,
851.74,1.442e-1,2.538e-18,2.600e-27,4.685e-43,,,,6.181e-18,8.405e-20,,3.193e-15,2.195e-17,1.426e-28,6.653e-17,1.628e-20,,1.124e-2,,,,6.690e-2,8.999e-22,5.012e-17,,1.170e-26,,,,1.816e-6,2.222e-16,6.560e-3,1.627e-11,,,,,5.954e-2,,,,,,,,,3.105e-18,,,,,,,,,,,,,,
851.76,1.490e-1,2.536e-18,2.617e-27,4.674e-43,,,,6.185e-18,8.396e-20,,3.193e-15,2.199e-17,1.426e-28,6.655e-17,1.628e-20,,1.049e-2,,,,7.611e-2,8.446e-22,5.006e-17,,1.171e-26,,,,1.613e-6,2.220e-16,5.965e-3,1.574e-11,,,,,5.646e-2,,,,,,,,,3.105e-18,,,,,,,,,,,,,,
851.78,1.552e-1,2.535e-18,2.634e-27,4.663e-43,,,,6.189e-18,8.387e-20,,3.193e-15,2.202e-17,1.426e-28,6.656e-17,1.628e-20,,9.773e-3,,,,8.650e-2,7.918e-22,4.999e-17,,1.172e-26,,,,1.432e-6,2.219e-16,5.419e-3,1.521e-11,,,,,5.349e-2,,,,,,,,,3.106e-18,,,,,,,,,,,,,,
851.81,1.673e-1,2.532e-18,2.660e-27,4.646e-43,,,,6.195e-18,8.373e-20,,3.194e-15,2.208e-17,1.425e-28,6.658e-17,1.629e-20,,8.774e-3,,,,1.046e-1,7.173e-22,4.989e-17,,1.174e-26,,,,1.195e-6,2.217e-16,4.682e-3,1.442e-11,,,,,4.923e-2,,,,,,,,,3.106e-18,,,,,,,,,,,,,,
851.83,1.775e-1,2.531e-18,2.678e-27,4.635e-43,,,,6.199e-18,8.364e-20,,3.194e-15,2.212e-17,1.425e-28,6.659e-17,1.629e-20,,8.155e-3,,,,1.186e-1,6.707e-22,4.982e-17,,1.175e-26,,,,1.058e-6,2.215e-16,4.242e-3,1.391e-11,,,,,4.653e-2,,,,,,,,,3.106e-18,,,,,,,,,,,,,,
851.86,1.964e-1,2.528e-18,2.704e-27,4.618e-43,,,,6.205e-18,8.350e-20,,3.195e-15,2.218e-17,1.425e-28,6.661e-17,1.629e-20,,7.292e-3,,,,1.428e-1,6.052e-22,4.971e-17,,1.177e-26,,,,8.791e-7,2.213e-16,3.651e-3,1.314e-11,,,,,4.268e-2,,,,,,,,,3.107e-18,,,,,,,,,,,,,,
851.88,2.117e-1,2.527e-18,2.721e-27,4.607e-43,,,,6.209e-18,8.341e-20,,3.195e-15,2.222e-17,1.424e-28,6.662e-17,1.629e-20,,6.760e-3,,,,1.614e-1,5.644e-22,4.965e-17,,1.178e-26,,,,7.761e-7,2.211e-16,3.299e-3,1.264e-11,,,,,4.024e-2,,,,,,,,,3.107e-18,,,,,,,,,,,,,,
851.91,2.393e-1,2.524e-18,2.747e-27,4.591e-43,,,,6.215e-18,8.327e-20,,3.196e-15,2.228e-17,1.424e-28,6.664e-17,1.630e-20,,6.022e-3,,,,1.937e-1,5.073e-22,4.954e-17,,1.179e-26,,,,6.426e-7,2.209e-16,2.828e-3,1.190e-11,,,,,3.679e-2,,,,,,,,,3.107e-18,,,,,,,,,,,,,,
851.93,2.611e-1,2.523e-18,2.765e-27,4.580e-43,,,,6.219e-18,8.318e-20,,3.196e-15,2.232e-17,1.424e-28,6.665e-17,1.630e-20,,5.568e-3,,,,2.184e-1,4.719e-22,4.948e-17,,1.180e-26,,,,5.658e-7,2.207e-16,2.549e-3,1.142e-11,,,,,3.462e-2,,,,,,,,,3.108e-18,,,,,,,,,,,,,,
851.96,2.996e-1,2.520e-18,2.791e-27,4.563e-43,,,,6.225e-18,8.305e-20,,3.197e-15,2.237e-17,1.423e-28,6.667e-17,1.630e-20,,4.941e-3,,,,2.610e-1,4.224e-22,4.937e-17,,1.182e-26,,,,4.666e-7,2.205e-16,2.176e-3,1.071e-11,,,,,3.156e-2,,,,,,,,,3.108e-18,,,,,,,,,,,,,,
851.98,3.296e-1,2.519e-18,2.808e-27,4.552e-43,,,,6.229e-18,8.295e-20,,3.197e-15,2.241e-17,1.423e-28,6.668e-17,1.630e-20,,4.556e-3,,,,2.935e-1,3.919e-22,4.930e-17,,1.183e-26,,,,4.097e-7,2.203e-16,1.956e-3,1.026e-11,,,,,2.965e-2,,,,,,,,,3.108e-18,,,,,,,,,,,,,,
852.01,3.820e-1,2.516e-18,2.834e-27,4.535e-43,,,,6.235e-18,8.282e-20,,3.198e-15,2.247e-17,1.423e-28,6.670e-17,1.631e-20,,4.027e-3,,,,3.493e-1,3.494e-22,4.920e-17,,1.185e-26,,,,3.365e-7,2.201e-16,1.664e-3,9.586e-12,,,,,2.697e-2,,,,,,,,,3.109e-18,,,,,,,,,,,,,,
852.03,4.223e-1,2.514e-18,2.851e-27,4.524e-43,,,,6.239e-18,8.273e-20,,3.198e-15,2.251e-17,1.423e-28,6.671e-17,1.631e-20,,3.705e-3,,,,3.918e-1,3.233e-22,4.913e-17,,1.186e-26,,,,2.948e-7,2.200e-16,1.492e-3,9.153e-12,,,,,2.530e-2,,,,,,,,,3.109e-18,,,,,,,,,,,,,,
852.06,4.921e-1,2.512e-18,2.877e-27,4.508e-43,,,,6.246e-18,8.259e-20,,3.199e-15,2.257e-17,1.422e-28,6.673e-17,1.631e-20,,3.262e-3,,,,4.646e-1,2.871e-22,4.903e-17,,1.187e-26,,,,2.411e-7,2.197e-16,1.264e-3,8.525e-12,,,,,2.299e-2,,,,,,,,,3.109e-18,,,,,,,,,,,,,,
852.08,5.454e-1,2.510e-18,2.895e-27,4.497e-43,,,,6.250e-18,8.250e-20,,3.199e-15,2.261e-17,1.422e-28,6.674e-17,1.631e-20,,2.992e-3,,,,5.197e-1,2.650e-22,4.896e-17,,1.188e-26,,,,2.106e-7,2.196e-16,1.130e-3,8.120e-12,,,,,2.157e-2,,,,,,,,,3.109e-18,,,,,,,,,,,,,,
852.11,6.370e-1,2.508e-18,2.921e-27,4.480e-43,,,,6.256e-18,8.236e-20,,3.200e-15,2.267e-17,1.422e-28,6.676e-17,1.632e-20,,2.624e-3,,,,6.138e-1,2.344e-22,4.886e-17,,1.190e-26,,,,1.716e-7,2.193e-16,9.535e-4,7.535e-12,,,,,1.960e-2,,,,,,,,,3.110e-18,,,,,,,,,,,,,,
852.13,7.066e-1,2.506e-18,2.938e-27,4.469e-43,,,,6.260e-18,8.227e-20,,3.200e-15,2.271e-17,1.421e-28,6.677e-17,1.632e-20,,2.402e-3,,,,6.849e-1,2.157e-22,4.879e-17,,1.191e-26,,,,1.495e-7,2.192e-16,8.504e-4,7.160e-12,,,,,1.841e-2,,,,,,,,,3.110e-18,,,,,,,,,,,,,,
852.16,8.253e-1,2.504e-18,2.964e-27,4.452e-43,,,,6.266e-18,8.213e-20,,3.201e-15,2.276e-17,1.421e-28,6.679e-17,1.632e-20,,2.098e-3,,,,8.057e-1,1.901e-22,4.869e-17,,1.193e-26,,,,1.214e-7,2.189e-16,7.148e-4,6.619e-12,,,,,1.678e-2,,,,,,,,,3.110e-18,,,,,,,,,,,,,,
852.18,9.150e-1,2.502e-18,2.982e-27,4.441e-43,,,,6.270e-18,8.204e-20,,3.201e-15,2.280e-17,1.421e-28,6.680e-17,1.633e-20,,1.915e-3,,,,8.966e-1,1.745e-22,4.862e-17,,1.194e-26,,,,1.055e-7,2.188e-16,6.357e-4,6.274e-12,,,,,1.581e-2,,,,,,,,,3.111e-18,,,,,,,,,,,,,,
852.2,1.014e+0,2.501e-18,2.999e-27,4.430e-43,,,,6.274e-18,8.195e-20,,3.202e-15,2.284e-17,1.420e-28,6.681e-17,1.633e-20,,1.746e-3,,,,9.968e-1,1.600e-22,4.855e-17,,1.195e-26,,,,9.154e-8,2.186e-16,5.649e-4,5.942e-12,,,,,1.491e-2,,,,,,,,,3.111e-18,,,,,,,,,,,,,,
852.23,1.182e+0,2.498e-18,3.025e-27,4.414e-43,,,,6.280e-18,8.181e-20,,3.203e-15,2.290e-17,1.420e-28,6.683e-17,1.633e-20,,1.517e-3,,,,1.166e+0,1.402e-22,4.845e-17,,1.196e-26,,,,7.388e-8,2.184e-16,4.722e-4,5.465e-12,,,,,1.373e-2,,,,,,,,,3.111e-18,,,,,,,,,,,,,,
852.25,1.308e+0,2.497e-18,3.042e-27,4.402e-43,,,,6.284e-18,8.172e-20,,3.203e-15,2.294e-17,1.420e-28,6.684e-17,1.633e-20,,1.379e-3,,,,1.293e+0,1.282e-22,4.838e-17,,1.198e-26,,,,6.396e-8,2.183e-16,4.184e-4,5.163e-12,,,,,1.305e-2,,,,,,,,,3.111e-18,,,,,,,,,,,,,,
852.28,1.521e+0,2.494e-18,3.068e-27,4.386e-43,,,,6.290e-18,8.158e-20,,3.204e-15,2.300e-17,1.419e-28,6.686e-17,1.634e-20,,1.194e-3,,,,1.507e+0,1.119e-22,4.828e-17,,1.199e-26,,,,5.142e-8,2.180e-16,3.484e-4,4.731e-12,,,,,1.218e-2,,,,,,,,,3.112e-18,,,,,,,,,,,,,,
852.3,1.679e+0,2.493e-18,3.086e-27,4.375e-43,,,,6.294e-18,8.149e-20,,3.204e-15,2.304e-17,1.419e-28,6.687e-17,1.634e-20,,1.083e-3,,,,1.666e+0,1.021e-22,4.821e-17,,1.200e-26,,,,4.440e-8,2.179e-16,3.079e-4,4.458e-12,,,,,1.169e-2,,,,,,,,,3.112e-18,,,,,,,,,,,,,,
852.33,1.947e+0,2.490e-18,3.112e-27,4.358e-43,,,,6.300e-18,8.135e-20,,3.205e-15,2.309e-17,1.419e-28,6.689e-17,1.634e-20,,9.336e-4,,,,1.934e+0,8.872e-23,4.811e-17,,1.202e-26,,,,3.555e-8,2.176e-16,2.554e-4,4.071e-12,,,,,1.112e-2,,,,,,,,,3.112e-18,,,,,,,,,,,,,,
852.35,2.145e+0,2.489e-18,3.129e-27,4.347e-43,,,,6.304e-18,8.126e-20,,3.205e-15,2.313e-17,1.419e-28,6.690e-17,1.634e-20,,8.446e-4,,,,2.133e+0,8.071e-23,4.804e-17,,1.203e-26,,,,3.061e-8,2.175e-16,2.251e-4,3.827e-12,,,,,1.084e-2,,,,,,,,,3.113e-18,,,,,,,,,,,,,,
852.38,2.478e+0,2.486e-18,3.155e-27,4.330e-43,,,,6.310e-18,8.112e-20,,3.206e-15,2.319e-17,1.418e-28,6.692e-17,1.635e-20,,7.254e-4,,,,2.467e+0,6.988e-23,4.794e-17,,1.204e-26,,,,2.441e-8,2.172e-16,1.859e-4,3.481e-12,,,,,1.057e-2,,,,,,,,,3.113e-18,,,,,,,,,,,,,,
852.4,2.725e+0,2.485e-18,3.173e-27,4.319e-43,,,,6.314e-18,8.103e-20,,3.206e-15,2.323e-17,1.418e-28,6.693e-17,1.635e-20,,6.545e-4,,,,2.714e+0,6.340e-23,4.787e-17,,1.206e-26,,,,2.097e-8,2.171e-16,1.635e-4,3.264e-12,,,,,1.049e-2,,,,,,,,,3.113e-18,,,,,,,,,,,,,,
852.43,3.136e+0,2.482e-18,3.199e-27,4.303e-43,,,,6.320e-18,8.089e-20,,3.207e-15,2.329e-17,1.418e-28,6.695e-17,1.635e-20,,5.599e-4,,,,3.125e+0,5.468e-23,4.777e-17,,1.207e-26,,,,1.666e-8,2.169e-16,1.345e-4,2.959e-12,,,,,1.053e-2,,,,,,,,,3.114e-18,,,,,,,,,,,,,,
852.45,3.440e+0,2.481e-18,3.216e-27,4.292e-43,,,,6.325e-18,8.080e-20,,3.207e-15,2.333e-17,1.417e-28,6.696e-17,1.636e-20,,5.039e-4,,,,3.429e+0,4.948e-23,4.770e-17,,1.208e-26,,,,1.427e-8,2.167e-16,1.179e-4,2.767e-12,,,,,1.066e-2,,,,,,,,,3.114e-18,,,,,,,,,,,,,,
852.48,3.945e+0,2.478e-18,3.242e-27,4.275e-43,,,,6.331e-18,8.067e-20,,3.208e-15,2.339e-17,1.417e-28,6.698e-17,1.636e-20,,4.294e-4,,,,3.933e+0,4.251e-23,4.760e-17,,1.210e-26,,,,1.129e-8,2.165e-16,9.665e-5,2.499e-12,,,,,1.102e-2,,,,,,,,,3.114e-18,,,,,,,,,,,,,,
852.5,4.317e+0,2.477e-18,3.260e-27,4.264e-43,,,,6.335e-18,8.057e-20,,3.208e-15,2.342e-17,1.417e-28,6.699e-17,1.636e-20,,3.854e-4,,,,4.305e+0,3.836e-23,4.753e-17,,1.211e-26,,,,9.645e-9,2.163e-16,8.453e-5,2.332e-12,,,,,1.137e-2,,,,,,,,,3.114e-18,,,,,,,,,,,,,,
852.53,4.931e+0,2.474e-18,3.286e-27,4.247e-43,,,,6.341e-18,8.044e-20,,3.209e-15,2.348e-17,1.416e-28,6.701e-17,1.636e-20,,3.272e-4,,,,4.919e+0,3.283e-23,4.743e-17,,1.212e-26,,,,7.601e-9,2.161e-16,6.899e-5,2.098e-12,,,,,1.207e-2,,,,,,,,,3.115e-18,,,,,,,,,,,,,,
852.55,5.382e+0,2.473e-18,3.303e-27,4.236e-43,,,,6.345e-18,8.035e-20,,3.209e-15,2.352e-17,1.416e-28,6.702e-17,1.637e-20,,2.929e-4,,,,5.369e+0,2.955e-23,4.736e-17,,1.214e-26,,,,6.477e-9,2.159e-16,6.018e-5,1.953e-12,,,,,1.266e-2,,,,,,,,,3.115e-18,,,,,,,,,,,,,,
852.57,5.867e+0,2.471e-18,3.320e-27,4.225e-43,,,,6.349e-18,8.025e-20,,3.209e-15,2.356e-17,1.416e-28,6.704e-17,1.637e-20,,2.620e-4,,,,5.854e+0,2.657e-23,4.729e-17,,1.215e-26,,,,5.513e-9,2.158e-16,5.244e-5,1.816e-12,,,,,1.335e-2,,,,,,,,,3.115e-18,,,,,,,,,,,,,,
852.6,6.667e+0,2.469e-18,3.346e-27,4.209e-43,,,,6.355e-18,8.012e-20,,3.210e-15,2.362e-17,1.415e-28,6.705e-17,1.637e-20,,2.212e-4,,,,6.652e+0,2.261e-23,4.719e-17,,1.216e-26,,,,4.321e-9,2.155e-16,4.257e-5,1.625e-12,,,,,1.457e-2,,,,,,,,,3.116e-18,,,,,,,,,,,,,,
852.62,7.250e+0,2.467e-18,3.364e-27,4.198e-43,,,,6.359e-18,8.003e-20,,3.210e-15,2.366e-17,1.415e-28,6.707e-17,1.637e-20,,1.973e-4,,,,7.234e+0,2.027e-23,4.712e-17,,1.217e-26,,,,3.669e-9,2.154e-16,3.699e-5,1.507e-12,,,,,1.553e-2,,,,,,,,,3.116e-18,,,,,,,,,,,,,,
852.65,8.205e+0,2.465e-18,3.390e-27,4.181e-43,,,,6.365e-18,7.989e-20,,3.211e-15,2.372e-17,1.415e-28,6.708e-17,1.638e-20,,1.659e-4,,,,8.188e+0,1.718e-23,4.702e-17,,1.219e-26,,,,2.865e-9,2.152e-16,2.991e-5,1.344e-12,,,,,1.718e-2,,,,,,,,,3.116e-18,,,,,,,,,,,,,,
852.67,8.900e+0,2.463e-18,3.407e-27,4.170e-43,,,,6.369e-18,7.980e-20,,3.211e-15,2.376e-17,1.415e-28,6.710e-17,1.638e-20,,1.476e-4,,,,8.881e+0,1.537e-23,4.695e-17,,1.220e-26,,,,2.427e-9,2.150e-16,2.592e-5,1.244e-12,,,,,1.843e-2,,,,,,,,,3.117e-18,,,,,,,,,,,,,,
852.7,1.003e+1,2.461e-18,3.433e-27,4.153e-43,,,,6.375e-18,7.966e-20,,3.212e-15,2.381e-17,1.414e-28,6.711e-17,1.638e-20,,1.236e-4,,,,1.001e+1,1.297e-23,4.685e-17,,1.222e-26,,,,1.889e-9,2.148e-16,2.088e-5,1.105e-12,,,,,2.055e-2,,,,,,,,,3.117e-18,,,,,,,,,,,,,,
852.72,1.085e+1,2.459e-18,3.451e-27,4.142e-43,,,,6.379e-18,7.957e-20,,3.212e-15,2.385e-17,1.414e-28,6.713e-17,1.639e-20,,1.097e-4,,,,1.083e+1,1.157e-23,4.678e-17,,1.223e-26,,,,1.597e-9,2.146e-16,1.805e-5,1.020e-12,,,,,2.213e-2,,,,,,,,,3.117e-18,,,,,,,,,,,,,,
852.75,1.219e+1,2.457e-18,3.477e-27,4.126e-43,,,,6.385e-18,7.943e-20,,3.213e-15,2.391e-17,1.414e-28,6.714e-17,1.639e-20,,9.155e-5,,,,1.216e+1,9.732e-24,4.668e-17,,1.224e-26,,,,1.239e-9,2.144e-16,1.448e-5,9.026e-13,,,,,2.478e-2,,,,,,,,,3.118e-18,,,,,,,,,,,,,,
852.77,1.315e+1,2.455e-18,3.494e-27,4.115e-43,,,,6.389e-18,7.934e-20,,3.214e-15,2.395e-17,1.413e-28,6.716e-17,1.639e-20,,8.103e-5,,,,1.313e+1,8.658e-24,4.661e-17,,1.225e-26,,,,1.047e-9,2.142e-16,1.248e-5,8.310e-13,,,,,2.673e-2,,,,,,,,,3.118e-18,,,,,,,,,,,,,,
852.8,1.471e+1,2.453e-18,3.520e-27,4.098e-43,,,,6.395e-18,7.920e-20,,3.214e-15,2.401e-17,1.413e-28,6.717e-17,1.639e-20,,6.735e-5,,,,1.468e+1,7.251e-24,4.651e-17,,1.227e-26,,,,8.124e-10,2.140e-16,9.971e-6,7.328e-13,,,,,2.996e-2,,,,,,,,,3.118e-18,,,,,,,,,,,,,,
852.82,1.583e+1,2.451e-18,3.537e-27,4.087e-43,,,,6.400e-18,7.911e-20,,3.215e-15,2.405e-17,1.413e-28,6.719e-17,1.640e-20,,5.946e-5,,,,1.580e+1,6.435e-24,4.644e-17,,1.228e-26,,,,6.869e-10,2.138e-16,8.574e-6,6.730e-13,,,,,3.232e-2,,,,,,,,,3.118e-18,,,,,,,,,,,,,,
852.85,1.764e+1,2.449e-18,3.563e-27,4.070e-43,,,,6.406e-18,7.897e-20,,3.215e-15,2.411e-17,1.412e-28,6.720e-17,1.640e-20,,4.923e-5,,,,1.761e+1,5.368e-24,4.634e-17,,1.230e-26,,,,5.361e-10,2.136e-16,6.823e-6,5.912e-13,,,,,3.621e-2,,,,,,,,,3.119e-18,,,,,,,,,,,,,,
852.87,1.894e+1,2.447e-18,3.581e-27,4.059e-43,,,,6.410e-18,7.888e-20,,3.216e-15,2.414e-17,1.412e-28,6.722e-17,1.640e-20,,4.334e-5,,,,1.890e+1,4.751e-24,4.627e-17,,1.231e-26,,,,4.564e-10,2.135e-16,5.852e-6,5.416e-13,,,,,3.903e-2,,,,,,,,,3.119e-18,,,,,,,,,,,,,,
852.9,2.102e+1,2.445e-18,3.607e-27,4.043e-43,,,,6.416e-18,7.874e-20,,3.216e-15,2.420e-17,1.412e-28,6.723e-17,1.640e-20,,3.575e-5,,,,2.097e+1,3.947e-24,4.617e-17,,1.232e-26,,,,3.628e-10,2.132e-16,4.638e-6,4.740e-13,,,,,4.364e-2,,,,,,,,,3.119e-18,,,,,,,,,,,,,,
852.92,2.250e+1,2.443e-18,3.624e-27,4.031e-43,,,,6.420e-18,7.865e-20,,3.217e-15,2.424e-17,1.411e-28,6.725e-17,1.641e-20,,3.139e-5,,,,2.245e+1,3.484e-24,4.610e-17,,1.233e-26,,,,3.150e-10,2.131e-16,3.967e-6,4.332e-13,,,,,4.698e-2,,,,,,,,,3.120e-18,,,,,,,,,,,,,,
852.94,2.406e+1,2.441e-18,3.642e-27,4.020e-43,,,,6.424e-18,7.856e-20,,3.217e-15,2.428e-17,1.411e-28,6.726e-17,1.641e-20,,2.754e-5,,,,2.401e+1,3.072e-24,4.603e-17,,1.234e-26,,,,2.773e-10,2.129e-16,3.390e-6,3.954e-13,,,,,5.053e-2,,,,,,,,,3.120e-18,,,,,,,,,,,,,,
852.97,2.656e+1,2.439e-18,3.668e-27,4.004e-43,,,,6.430e-18,7.842e-20,,3.218e-15,2.434e-17,1.411e-28,6.728e-17,1.641e-20,,2.259e-5,,,,2.650e+1,2.538e-24,4.593e-17,,1.236e-26,,,,2.373e-10,2.127e-16,2.672e-6,3.443e-13,,,,,5.628e-2,,,,,,,,,3.120e-18,,,,,,,,,,,,,,
852.99,2.833e+1,2.437e-18,3.685e-27,3.993e-43,,,,6.434e-18,7.833e-20,,3.218e-15,2.438e-17,1.411e-28,6.729e-17,1.641e-20,,1.977e-5,,,,2.827e+1,2.232e-24,4.586e-17,,1.237e-26,,,,2.206e-10,2.125e-16,2.277e-6,3.135e-13,,,,,6.041e-2,,,,,,,,,3.120e-18,,,,,,,,,,,,,,
853.02,3.114e+1,2.435e-18,3.711e-27,3.976e-43,,,,6.440e-18,7.820e-20,,3.219e-15,2.444e-17,1.410e-28,6.731e-17,1.642e-20,,1.615e-5,,,,3.108e+1,1.837e-24,4.576e-17,,1.239e-26,,,,2.092e-10,2.123e-16,1.788e-6,2.719e-13,,,,,6.708e-2,,,,,,,,,3.121e-18,,,,,,,,,,,,,,
853.04,3.313e+1,2.433e-18,3.728e-27,3.965e-43,,,,6.444e-18,7.810e-20,,3.219e-15,2.448e-17,1.410e-28,6.732e-17,1.642e-20,,1.410e-5,,,,3.306e+1,1.611e-24,4.569e-17,,1.240e-26,,,,2.104e-10,2.121e-16,1.520e-6,2.470e-13,,,,,7.184e-2,,,,,,,,,3.121e-18,,,,,,,,,,,,,,
853.07,3.628e+1,2.431e-18,3.755e-27,3.948e-43,,,,6.450e-18,7.797e-20,,3.220e-15,2.453e-17,1.410e-28,6.734e-17,1.642e-20,,1.147e-5,,,,3.620e+1,1.321e-24,4.559e-17,,1.241e-26,,,,2.254e-10,2.119e-16,1.188e-6,2.134e-13,,,,,7.948e-2,,,,,,,,,3.121e-18,,,,,,,,,,,,,,
853.09,3.850e+1,2.429e-18,3.772e-27,3.937e-43,,,,6.454e-18,7.788e-20,,3.220e-15,2.457e-17,1.409e-28,6.735e-17,1.643e-20,,9.986e-6,,,,3.841e+1,1.156e-24,4.552e-17,,1.242e-26,,,,2.447e-10,2.118e-16,1.007e-6,1.934e-13,,,,,8.492e-2,,,,,,,,,3.122e-18,,,,,,,,,,,,,,
853.12,4.200e+1,2.427e-18,3.798e-27,3.921e-43,,,,6.460e-18,7.774e-20,,3.221e-15,2.463e-17,1.409e-28,6.737e-17,1.643e-20,,8.095e-6,,,,4.190e+1,9.436e-25,4.541e-17,,1.244e-26,,,,2.889e-10,2.115e-16,7.846e-7,1.665e-13,,,,,9.361e-2,,,,,,,,,3.122e-18,,,,,,,,,,,,,,
853.14,4.444e+1,2.425e-18,3.815e-27,3.910e-43,,,,6.464e-18,7.765e-20,,3.221e-15,2.467e-17,1.409e-28,6.738e-17,1.643e-20,,7.028e-6,,,,4.434e+1,8.232e-25,4.535e-17,,1.245e-26,,,,3.298e-10,2.114e-16,6.634e-7,1.505e-13,,,,,9.977e-2,,,,,,,,,3.122e-18,,,,,,,,,,,,,,
853.17,4.829e+1,2.423e-18,3.841e-27,3.893e-43,,,,6.470e-18,7.751e-20,,3.222e-15,2.473e-17,1.408e-28,6.740e-17,1.643e-20,,5.675e-6,,,,4.818e+1,6.695e-25,4.524e-17,,1.247e-26,,,,4.111e-10,2.111e-16,5.147e-7,1.291e-13,,,,,1.096e-1,,,,,,,,,3.123e-18,,,,,,,,,,,,,,
853.19,5.097e+1,2.421e-18,3.859e-27,3.882e-43,,,,6.474e-18,7.742e-20,,3.222e-15,2.477e-17,1.408e-28,6.741e-17,1.644e-20,,4.915e-6,,,,5.085e+1,5.826e-25,4.518e-17,,1.248e-26,,,,4.810e-10,2.110e-16,4.340e-7,1.164e-13,,,,,1.165e-1,,,,,,,,,3.123e-18,,,,,,,,,,,,,,
853.22,5.516e+1,2.419e-18,3.885e-27,3.865e-43,,,,6.481e-18,7.728e-20,,3.223e-15,2.483e-17,1.408e-28,6.743e-17,1.644e-20,,3.953e-6,,,,5.504e+1,4.720e-25,4.507e-17,,1.249e-26,,,,6.140e-10,2.108e-16,3.353e-7,9.945e-14,,,,,1.274e-1,,,,,,,,,3.123e-18,,,,,,,,,,,,,,
853.24,5.807e+1,2.417e-18,3.902e-27,3.854e-43,,,,6.485e-18,7.719e-20,,3.223e-15,2.486e-17,1.408e-28,6.744e-17,1.644e-20,,3.415e-6,,,,5.794e+1,4.096e-25,4.501e-17,,1.250e-26,,,,7.251e-10,2.106e-16,2.820e-7,8.945e-14,,,,,1.351e-1,,,,,,,,,3.123e-18,,,,,,,,,,,,,,
853.27,6.260e+1,2.415e-18,3.928e-27,3.838e-43,,,,6.491e-18,7.705e-20,,3.224e-15,2.492e-17,1.407e-28,6.746e-17,1.645e-20,,2.736e-6,,,,6.246e+1,3.305e-25,4.490e-17,,1.252e-26,,,,9.330e-10,2.104e-16,2.171e-7,7.618e-14,,,,,1.473e-1,,,,,,,,,3.124e-18,,,,,,,,,,,,,,
853.29,6.573e+1,2.413e-18,3.946e-27,3.827e-43,,,,6.495e-18,7.696e-20,,3.224e-15,2.496e-17,1.407e-28,6.747e-17,1.645e-20,,2.357e-6,,,,6.558e+1,2.861e-25,4.483e-17,,1.253e-26,,,,1.104e-9,2.102e-16,1.821e-7,6.836e-14,,,,,1.557e-1,,,,,,,,,3.124e-18,,,,,,,,,,,,,,
853.31,6.895e+1,2.412e-18,3.963e-27,3.816e-43,,,,6.499e-18,7.687e-20,,3.224e-15,2.500e-17,1.407e-28,6.748e-17,1.645e-20,,2.028e-6,,,,6.878e+1,2.473e-25,4.477e-17,,1.254e-26,,,,1.307e-9,2.101e-16,1.526e-7,6.130e-14,,,,,1.646e-1,,,,,,,,,3.124e-18,,,,,,,,,,,,,,
853.34,7.392e+1,2.409e-18,3.989e-27,3.799e-43,,,,6.505e-18,7.673e-20,,3.225e-15,2.506e-17,1.406e-28,6.750e-17,1.645e-20,,1.616e-6,,,,7.374e+1,1.985e-25,4.466e-17,,1.256e-26,,,,1.683e-9,2.098e-16,1.168e-7,5.198e-14,,,,,1.784e-1,,,,,,,,,3.125e-18,,,,,,,,,,,,,,
853.36,7.733e+1,2.408e-18,4.006e-27,3.788e-43,,,,6.509e-18,7.664e-20,,3.226e-15,2.510e-17,1.406e-28,6.751e-17,1.646e-20,,1.387e-6,,,,7.714e+1,1.711e-25,4.460e-17,,1.257e-26,,,,1.990e-9,2.097e-16,9.758e-8,4.652e-14,,,,,1.879e-1,,,,,,,,,3.125e-18,,,,,,,,,,,,,,
853.39,8.258e+1,2.405e-18,4.032e-27,3.771e-43,,,,6.515e-18,7.650e-20,,3.226e-15,2.516e-17,1.406e-28,6.753e-17,1.646e-20,,1.101e-6,,,,8.238e+1,1.368e-25,4.449e-17,,1.258e-26,,,,2.554e-9,2.094e-16,7.439e-8,3.935e-14,,,,,2.029e-1,,,,,,,,,3.125e-18,,,,,,,,,,,,,,
853.41,8.617e+1,2.404e-18,4.050e-27,3.760e-43,,,,6.519e-18,7.641e-20,,3.227e-15,2.520e-17,1.405e-28,6.754e-17,1.646e-20,,9.427e-7,,,,8.595e+1,1.176e-25,4.443e-17,,1.259e-26,,,,3.014e-9,2.093e-16,6.200e-8,3.518e-14,,,,,2.133e-1,,,,,,,,,3.126e-18,,,,,,,,,,,,,,
853.44,9.166e+1,2.401e-18,4.076e-27,3.744e-43,,,,6.525e-18,7.627e-20,,3.227e-15,2.525e-17,1.405e-28,6.756e-17,1.646e-20,,7.454e-7,,,,9.143e+1,9.366e-26,4.432e-17,,1.261e-26,,,,3.856e-9,2.091e-16,4.708e-8,2.972e-14,,,,,2.294e-1,,,,,,,,,3.126e-18,,,,,,,,,,,,,,
853.46,9.538e+1,2.399e-18,4.093e-27,3.733e-43,,,,6.529e-18,7.618e-20,,3.228e-15,2.529e-17,1.405e-28,6.757e-17,1.647e-20,,6.365e-7,,,,9.514e+1,8.034e-26,4.425e-17,,1.262e-26,,,,4.539e-9,2.089e-16,3.914e-8,2.657e-14,,,,,2.404e-1,,,,,,,,,3.126e-18,,,,,,,,,,,,,,
853.49,1.011e+2,2.397e-18,4.119e-27,3.716e-43,,,,6.535e-18,7.604e-20,,3.228e-15,2.535e-17,1.404e-28,6.759e-17,1.647e-20,,5.013e-7,,,,1.008e+2,6.370e-26,4.415e-17,,1.264e-26,,,,5.786e-9,2.087e-16,2.960e-8,2.248e-14,,,,,2.576e-1,,,,,,,,,3.127e-18,,,,,,,,,,,,,,
853.51,1.049e+2,2.395e-18,4.137e-27,3.705e-43,,,,6.539e-18,7.595e-20,,3.229e-15,2.539e-17,1.404e-28,6.760e-17,1.647e-20,,4.269e-7,,,,1.046e+2,5.450e-26,4.408e-17,,1.265e-26,,,,6.794e-9,2.085e-16,2.454e-8,2.015e-14,,,,,2.693e-1,,,,,,,,,3.127e-18,,,,,,,,,,,,,,
853.54,1.107e+2,2.393e-18,4.163e-27,3.688e-43,,,,6.545e-18,7.582e-20,,3.229e-15,2.545e-17,1.404e-28,6.762e-17,1.648e-20,,3.349e-7,,,,1.104e+2,4.304e-26,4.398e-17,,1.266e-26,,,,8.627e-9,2.083e-16,1.849e-8,1.716e-14,,,,,2.873e-1,,,,,,,,,3.127e-18,,,,,,,,,,,,,,
853.56,1.146e+2,2.391e-18,4.180e-27,3.677e-43,,,,6.549e-18,7.572e-20,,3.230e-15,2.549e-17,1.404e-28,6.763e-17,1.648e-20,,2.845e-7,,,,1.143e+2,3.673e-26,4.391e-17,,1.267e-26,,,,1.010e-8,2.081e-16,1.529e-8,1.547e-14,,,,,2.996e-1,,,,,,,,,3.127e-18,,,,,,,,,,,,,,
853.59,1.205e+2,2.389e-18,4.206e-27,3.661e-43,,,,6.556e-18,7.559e-20,,3.230e-15,2.555e-17,1.403e-28,6.765e-17,1.648e-20,,2.223e-7,,,,1.202e+2,2.889e-26,4.381e-17,,1.269e-26,,,,1.278e-8,2.079e-16,1.147e-8,1.336e-14,,,,,3.185e-1,,,,,,,,,3.128e-18,,,,,,,,,,,,,,
853.61,1.244e+2,2.387e-18,4.223e-27,3.649e-43,,,,6.560e-18,7.550e-20,,3.231e-15,2.558e-17,1.403e-28,6.766e-17,1.648e-20,,1.884e-7,,,,1.241e+2,2.459e-26,4.374e-17,,1.270e-26,,,,1.493e-8,2.077e-16,9.460e-9,1.221e-14,,,,,3.312e-1,,,,,,,,,3.128e-18,,,,,,,,,,,,,,
853.64,1.303e+2,2.385e-18,4.249e-27,3.633e-43,,,,6.566e-18,7.536e-20,,3.231e-15,2.564e-17,1.403e-28,6.768e-17,1.649e-20,,1.466e-7,,,,1.299e+2,1.927e-26,4.364e-17,,1.272e-26,,,,1.881e-8,2.075e-16,7.071e-9,1.084e-14,,,,,3.507e-1,,,,,,,,,3.128e-18,,,,,,,,,,,,,,
853.66,1.341e+2,2.383e-18,4.267e-27,3.622e-43,,,,6.570e-18,7.527e-20,,3.232e-15,2.568e-17,1.402e-28,6.769e-17,1.649e-20,,1.239e-7,,,,1.338e+2,1.635e-26,4.357e-17,,1.273e-26,,,,2.191e-8,2.074e-16,5.816e-9,1.014e-14,,,,,3.638e-1,,,,,,,,,3.129e-18,,,,,,,,,,,,,,
853.68,1.380e+2,2.382e-18,4.284e-27,3.611e-43,,,,6.574e-18,7.518e-20,,3.232e-15,2.572e-17,1.402e-28,6.770e-17,1.649e-20,,1.046e-7,,,,1.376e+2,1.387e-26,4.350e-17,,1.274e-26,,,,2.551e-8,2.072e-16,4.778e-9,9.610e-15,,,,,3.770e-1,,,,,,,,,3.129e-18,,,,,,,,,,,,,,
853.71,1.437e+2,2.379e-18,4.310e-27,3.594e-43,,,,6.580e-18,7.504e-20,,3.233e-15,2.578e-17,1.402e-28,6.772e-17,1.649e-20,,8.096e-8,,,,1.433e+2,1.080e-26,4.340e-17,,1.275e-26,,,,3.196e-8,2.070e-16,3.551e-9,9.106e-15,,,,,3.969e-1,,,,,,,,,3.129e-18,,,,,,,,,,,,,,
853.73,1.475e+2,2.378e-18,4.328e-27,3.583e-43,,,,6.584e-18,7.495e-20,,3.233e-15,2.582e-17,1.401e-28,6.773e-17,1.650e-20,,6.817e-8,,,,1.470e+2,9.136e-27,4.333e-17,,1.276e-26,,,,3.710e-8,2.068e-16,2.910e-9,8.962e-15,,,,,4.102e-1,,,,,,,,,3.129e-18,,,,,,,,,,,,,,
853.76,1.529e+2,2.375e-18,4.354e-27,3.566e-43,,,,6.590e-18,7.481e-20,,3.234e-15,2.588e-17,1.401e-28,6.775e-17,1.650e-20,,5.257e-8,,,,1.525e+2,7.091e-27,4.323e-17,,1.278e-26,,,,4.631e-8,2.066e-16,2.154e-9,9.032e-15,,,,,4.302e-1,,,,,,,,,3.130e-18,,,,,,,,,,,,,,
853.78,1.565e+2,2.374e-18,4.371e-27,3.555e-43,,,,6.594e-18,7.472e-20,,3.234e-15,2.591e-17,1.401e-28,6.776e-17,1.650e-20,,4.414e-8,,,,1.561e+2,5.981e-27,4.316e-17,,1.279e-26,,,,5.362e-8,2.064e-16,1.761e-9,9.271e-15,,,,,4.435e-1,,,,,,,,,3.130e-18,,,,,,,,,,,,,,
853.81,1.617e+2,2.371e-18,4.397e-27,3.539e-43,,,,6.600e-18,7.458e-20,,3.235e-15,2.597e-17,1.400e-28,6.778e-17,1.651e-20,,3.391e-8,,,,1.613e+2,4.623e-27,4.306e-17,,1.281e-26,,,,6.667e-8,2.062e-16,1.298e-9,9.926e-15,,,,,4.632e-1,,,,,,,,,3.130e-18,,,,,,,,,,,,,,
853.83,1.651e+2,2.370e-18,4.414e-27,3.528e-43,,,,6.604e-18,7.449e-20,,3.235e-15,2.601e-17,1.400e-28,6.779e-17,1.651e-20,,2.840e-8,,,,1.646e+2,3.889e-27,4.299e-17,,1.282e-26,,,,7.699e-8,2.060e-16,1.058e-9,1.057e-14,,,,,4.763e-1,,,,,,,,,3.131e-18,,,,,,,,,,,,,,
853.86,1.699e+2,2.367e-18,4.441e-27,3.511e-43,,,,6.610e-18,7.435e-20,,3.236e-15,2.607e-17,1.400e-28,6.781e-17,1.651e-20,,2.173e-8,,,,1.694e+2,2.994e-27,4.289e-17,,1.283e-26,,,,9.535e-8,2.058e-16,7.773e-10,1.187e-14,,,,,4.956e-1,,,,,,,,,3.131e-18,,,,,,,,,,,,,,
853.88,1.729e+2,2.366e-18,4.458e-27,3.500e-43,,,,6.614e-18,7.426e-20,,3.236e-15,2.611e-17,1.400e-28,6.782e-17,1.651e-20,,1.815e-8,,,,1.724e+2,2.512e-27,4.282e-17,,1.284e-26,,,,1.098e-7,2.057e-16,6.319e-10,1.298e-14,,,,,5.082e-1,,,,,,,,,3.131e-18,,,,,,,,,,,,,,
853.91,1.773e+2,2.363e-18,4.484e-27,3.483e-43,,,,6.620e-18,7.412e-20,,3.237e-15,2.617e-17,1.399e-28,6.784e-17,1.652e-20,,1.383e-8,,,,1.768e+2,1.927e-27,4.272e-17,,1.286e-26,,,,1.355e-7,2.054e-16,4.623e-10,1.503e-14,,,,,5.267e-1,,,,,,,,,3.132e-18,,,,,,,,,,,,,,
853.93,1.800e+2,2.362e-18,4.501e-27,3.472e-43,,,,6.624e-18,7.403e-20,,3.237e-15,2.621e-17,1.399e-28,6.785e-17,1.652e-20,,1.153e-8,,,,1.795e+2,1.612e-27,4.265e-17,,1.287e-26,,,,1.557e-7,2.053e-16,3.748e-10,1.669e-14,,,,,5.387e-1,,,,,,,,,3.132e-18,,,,,,,,,,,,,,
853.96,1.838e+2,2.359e-18,4.527e-27,3.456e-43,,,,6.630e-18,7.389e-20,,3.238e-15,2.627e-17,1.399e-28,6.787e-17,1.652e-20,,8.750e-9,,,,1.832e+2,1.232e-27,4.255e-17,,1.289e-26,,,,1.913e-7,2.050e-16,2.731e-10,1.966e-14,,,,,5.562e-1,,,,,,,,,3.132e-18,,,,,,,,,,,,,,
853.98,1.861e+2,2.358e-18,4.545e-27,3.445e-43,,,,6.635e-18,7.380e-20,,3.238e-15,2.630e-17,1.398e-28,6.788e-17,1.652e-20,,7.272e-9,,,,1.856e+2,1.028e-27,4.248e-17,,1.290e-26,,,,2.192e-7,2.049e-16,2.209e-10,2.200e-14,,,,,5.673e-1,,,,,,,,,3.132e-18,,,,,,,,,,,,,,
854.01,1.893e+2,2.355e-18,4.571e-27,3.428e-43,,,,6.641e-18,7.367e-20,,3.239e-15,2.636e-17,1.398e-28,6.790e-17,1.653e-20,,5.499e-9,,,,1.887e+2,7.820e-28,4.238e-17,,1.291e-26,,,,2.683e-7,2.047e-16,1.603e-10,2.612e-14,,,,,5.834e-1,,,,,,,,,3.133e-18,,,,,,,,,,,,,,
854.03,1.912e+2,2.354e-18,4.588e-27,3.417e-43,,,,6.645e-18,7.357e-20,,3.239e-15,2.640e-17,1.398e-28,6.791e-17,1.653e-20,,4.558e-9,,,,1.906e+2,6.509e-28,4.231e-17,,1.292e-26,,,,3.066e-7,2.045e-16,1.293e-10,2.933e-14,,,,,5.936e-1,,,,,,,,,3.133e-18,,,,,,,,,,,,,,
854.05,1.929e+2,2.352e-18,4.606e-27,3.406e-43,,,,6.649e-18,7.348e-20,,3.240e-15,2.644e-17,1.397e-28,6.793e-17,1.653e-20,,3.774e-9,,,,1.923e+2,5.412e-28,4.224e-17,,1.294e-26,,,,3.500e-7,2.043e-16,1.042e-10,3.293e-14,,,,,6.033e-1,,,,,,,,,3.133e-18,,,,,,,,,,,,,,
854.08,1.951e+2,2.350e-18,4.632e-27,3.389e-43,,,,6.655e-18,7.335e-20,,3.240e-15,2.650e-17,1.397e-28,6.794e-17,1.653e-20,,2.838e-9,,,,1.945e+2,4.095e-28,4.214e-17,,1.295e-26,,,,4.261e-7,2.041e-16,7.517e-11,3.920e-14,,,,,6.170e-1,,,,,,,,,3.134e-18,,,,,,,,,,,,,,
854.1,1.964e+2,2.348e-18,4.649e-27,3.378e-43,,,,6.659e-18,7.325e-20,,3.241e-15,2.654e-17,1.397e-28,6.796e-17,1.654e-20,,2.344e-9,,,,1.958e+2,3.396e-28,4.207e-17,,1.296e-26,,,,4.852e-7,2.040e-16,6.041e-11,4.401e-14,,,,,6.254e-1,,,,,,,,,3.134e-18,,,,,,,,,,,,,,
854.13,1.979e+2,2.346e-18,4.675e-27,3.362e-43,,,,6.665e-18,7.312e-20,,3.241e-15,2.660e-17,1.396e-28,6.798e-17,1.654e-20,,1.756e-9,,,,1.972e+2,2.559e-28,4.197e-17,,1.298e-26,,,,5.883e-7,2.037e-16,4.342e-11,5.230e-14,,,,,6.371e-1,,,,,,,,,3.134e-18,,,,,,,,,,,,,,
854.15,1.986e+2,2.344e-18,4.692e-27,3.350e-43,,,,6.669e-18,7.302e-20,,3.242e-15,2.663e-17,1.396e-28,6.799e-17,1.654e-20,,1.447e-9,,,,1.979e+2,2.117e-28,4.190e-17,,1.299e-26,,,,6.681e-7,2.036e-16,3.480e-11,5.864e-14,,,,,6.442e-1,,,,,,,,,3.135e-18,,,,,,,,,,,,,,
854.18,1.993e+2,2.342e-18,4.718e-27,3.334e-43,,,,6.675e-18,7.289e-20,,3.242e-15,2.669e-17,1.396e-28,6.801e-17,1.655e-20,,1.079e-9,,,,1.987e+2,1.589e-28,4.180e-17,,1.300e-26,,,,8.071e-7,2.033e-16,2.492e-11,6.952e-14,,,,,6.536e-1,,,,,,,,,3.135e-18,,,,,,,,,,,,,,
854.2,1.995e+2,2.340e-18,4.736e-27,3.323e-43,,,,6.679e-18,7.280e-20,,3.243e-15,2.673e-17,1.396e-28,6.802e-17,1.655e-20,,8.868e-10,,,,1.989e+2,1.311e-28,4.173e-17,,1.302e-26,,,,9.142e-7,2.032e-16,1.992e-11,7.779e-14,,,,,6.591e-1,,,,,,,,,3.135e-18,,,,,,,,,,,,,,
854.23,1.994e+2,2.338e-18,4.762e-27,3.306e-43,,,,6.685e-18,7.266e-20,,3.243e-15,2.679e-17,1.395e-28,6.804e-17,1.655e-20,,6.591e-10,,,,1.988e+2,9.801e-29,4.163e-17,,1.303e-26,,,,1.100e-6,2.030e-16,1.420e-11,9.192e-14,,,,,6.661e-1,,,,,,,,,3.136e-18,,,,,,,,,,,,,,
854.25,1.991e+2,2.336e-18,4.779e-27,3.295e-43,,,,6.689e-18,7.257e-20,,3.244e-15,2.683e-17,1.395e-28,6.805e-17,1.655e-20,,5.401e-10,,,,1.985e+2,8.063e-29,4.156e-17,,1.304e-26,,,,1.243e-6,2.028e-16,1.132e-11,1.026e-13,,,,,6.700e-1,,,,,,,,,3.136e-18,,,,,,,,,,,,,,
854.28,1.983e+2,2.334e-18,4.805e-27,3.278e-43,,,,6.695e-18,7.243e-20,,3.244e-15,2.689e-17,1.395e-28,6.807e-17,1.656e-20,,3.998e-10,,,,1.976e+2,6.005e-29,4.146e-17,,1.306e-26,,,,1.489e-6,2.026e-16,8.044e-12,1.208e-13,,,,,6.745e-1,,,,,,,,,3.136e-18,,,,,,,,,,,,,,
854.3,1.975e+2,2.332e-18,4.823e-27,3.267e-43,,,,6.699e-18,7.234e-20,,3.245e-15,2.693e-17,1.394e-28,6.808e-17,1.656e-20,,3.268e-10,,,,1.968e+2,4.927e-29,4.139e-17,,1.307e-26,,,,1.678e-6,2.024e-16,6.396e-12,1.346e-13,,,,,6.766e-1,,,,,,,,,3.136e-18,,,,,,,,,,,,,,
854.33,1.958e+2,2.330e-18,4.849e-27,3.251e-43,,,,6.705e-18,7.220e-20,,3.245e-15,2.698e-17,1.394e-28,6.810e-17,1.656e-20,,2.410e-10,,,,1.952e+2,3.655e-29,4.129e-17,,1.308e-26,,,,2.004e-6,2.022e-16,4.525e-12,1.579e-13,,,,,6.785e-1,,,,,,,,,3.137e-18,,,,,,,,,,,,,,
854.35,1.945e+2,2.328e-18,4.866e-27,3.240e-43,,,,6.710e-18,7.211e-20,,3.246e-15,2.702e-17,1.394e-28,6.811e-17,1.656e-20,,1.964e-10,,,,1.938e+2,2.991e-29,4.122e-17,,1.310e-26,,,,2.252e-6,2.020e-16,3.588e-12,1.754e-13,,,,,6.788e-1,,,,,,,,,3.137e-18,,,,,,,,,,,,,,
854.38,1.922e+2,2.326e-18,4.892e-27,3.223e-43,,,,6.716e-18,7.197e-20,,3.246e-15,2.708e-17,1.393e-28,6.813e-17,1.657e-20,,1.443e-10,,,,1.915e+2,2.210e-29,4.112e-17,,1.311e-26,,,,2.678e-6,2.018e-16,2.529e-12,2.050e-13,,,,,6.780e-1,,,,,,,,,3.137e-18,,,,,,,,,,,,,,
854.4,1.904e+2,2.324e-18,4.909e-27,3.212e-43,,,,6.720e-18,7.188e-20,,3.247e-15,2.712e-17,1.393e-28,6.814e-17,1.657e-20,,1.173e-10,,,,1.897e+2,1.804e-29,4.105e-17,,1.312e-26,,,,3.002e-6,2.016e-16,2.000e-12,2.272e-13,,,,,6.766e-1,,,,,,,,,3.138e-18,,,,,,,,,,,,,,
854.43,1.873e+2,2.321e-18,4.935e-27,3.195e-43,,,,6.726e-18,7.174e-20,,3.247e-15,2.718e-17,1.393e-28,6.816e-17,1.657e-20,,8.585e-11,,,,1.867e+2,1.328e-29,4.094e-17,,1.314e-26,,,,3.555e-6,2.014e-16,1.404e-12,2.645e-13,,,,,6.732e-1,,,,,,,,,3.138e-18,,,,,,,,,,,,,,
854.45,1.851e+2,2.320e-18,4.953e-27,3.184e-43,,,,6.730e-18,7.165e-20,,3.248e-15,2.722e-17,1.392e-28,6.817e-17,1.658e-20,,6.961e-11,,,,1.844e+2,1.081e-29,4.088e-17,,1.315e-26,,,,3.975e-6,2.013e-16,1.107e-12,2.923e-13,,,,,6.700e-1,,,,,,,,,3.138e-18,,,,,,,,,,,,,,
854.47,1.827e+2,2.318e-18,4.970e-27,3.173e-43,,,,6.734e-18,7.156e-20,,3.248e-15,2.726e-17,1.392e-28,6.818e-17,1.658e-20,,5.639e-11,,,,1.820e+2,8.789e-30,4.081e-17,,1.316e-26,,,,4.440e-6,2.011e-16,8.726e-13,3.228e-13,,,,,6.661e-1,,,,,,,,,3.138e-18,,,,,,,,,,,,,,
854.5,1.788e+2,2.316e-18,4.996e-27,3.157e-43,,,,6.740e-18,7.142e-20,,3.249e-15,2.732e-17,1.392e-28,6.820e-17,1.658e-20,,4.104e-11,,,,1.781e+2,6.432e-30,4.071e-17,,1.318e-26,,,,5.230e-6,2.009e-16,6.091e-13,3.738e-13,,,,,6.591e-1,,,,,,,,,3.139e-18,,,,,,,,,,,,,,
854.52,1.760e+2,2.314e-18,5.014e-27,3.146e-43,,,,6.744e-18,7.133e-20,,3.249e-15,2.735e-17,1.392e-28,6.821e-17,1.658e-20,,3.316e-11,,,,1.753e+2,5.217e-30,4.064e-17,,1.319e-26,,,,5.826e-6,2.007e-16,4.787e-13,4.117e-13,,,,,6.536e-1,,,,,,,,,3.139e-18,,,,,,,,,,,,,,
854.55,1.716e+2,2.312e-18,5.040e-27,3.129e-43,,,,6.750e-18,7.119e-20,,3.250e-15,2.741e-17,1.391e-28,6.823e-17,1.659e-20,,2.403e-11,,,,1.709e+2,3.803e-30,4.054e-17,,1.320e-26,,,,6.837e-6,2.005e-16,3.329e-13,4.749e-13,,,,,6.442e-1,,,,,,,,,3.139e-18,,,,,,,,,,,,,,
854.57,1.684e+2,2.310e-18,5.057e-27,3.118e-43,,,,6.754e-18,7.110e-20,,3.250e-15,2.745e-17,1.391e-28,6.824e-17,1.659e-20,,1.937e-11,,,,1.678e+2,3.076e-30,4.047e-17,,1.321e-26,,,,7.596e-6,2.003e-16,2.609e-13,5.217e-13,,,,,6.371e-1,,,,,,,,,3.140e-18,,,,,,,,,,,,,,
854.6,1.636e+2,2.308e-18,5.083e-27,3.101e-43,,,,6.760e-18,7.097e-20,,3.251e-15,2.751e-17,1.391e-28,6.826e-17,1.659e-20,,1.398e-11,,,,1.629e+2,2.234e-30,4.036e-17,,1.323e-26,,,,8.879e-6,2.001e-16,1.808e-13,5.995e-13,,,,,6.254e-1,,,,,,,,,3.140e-18,,,,,,,,,,,,,,
854.62,1.602e+2,2.306e-18,5.100e-27,3.090e-43,,,,6.764e-18,7.087e-20,,3.251e-15,2.755e-17,1.390e-28,6.827e-17,1.659e-20,,1.124e-11,,,,1.596e+2,1.802e-30,4.030e-17,,1.324e-26,,,,9.840e-6,1.999e-16,1.414e-13,6.568e-13,,,,,6.170e-1,,,,,,,,,3.140e-18,,,,,,,,,,,,,,
854.65,1.549e+2,2.304e-18,5.127e-27,3.074e-43,,,,6.770e-18,7.074e-20,,3.252e-15,2.761e-17,1.390e-28,6.829e-17,1.660e-20,,8.082e-12,,,,1.543e+2,1.303e-30,4.019e-17,,1.326e-26,,,,1.146e-5,1.997e-16,9.761e-14,7.519e-13,,,,,6.033e-1,,,,,,,,,3.141e-18,,,,,,,,,,,,,,
854.67,1.513e+2,2.302e-18,5.144e-27,3.063e-43,,,,6.774e-18,7.065e-20,,3.252e-15,2.765e-17,1.390e-28,6.830e-17,1.660e-20,,6.479e-12,,,,1.507e+2,1.049e-30,4.013e-17,,1.327e-26,,,,1.266e-5,1.996e-16,7.620e-14,8.217e-13,,,,,5.936e-1,,,,,,,,,3.141e-18,,,,,,,,,,,,,,
854.7,1.458e+2,2.300e-18,5.170e-27,3.046e-43,,,,6.780e-18,7.051e-20,,3.253e-15,2.770e-17,1.389e-28,6.832e-17,1.660e-20,,4.642e-12,,,,1.452e+2,7.554e-31,4.002e-17,,1.328e-26,,,,1.469e-5,1.993e-16,5.256e-14,9.370e-13,,,,,5.782e-1,,,,,,,,,3.141e-18,,,,,,,,,,,,,,
854.72,1.420e+2,2.298e-18,5.187e-27,3.035e-43,,,,6.784e-18,7.042e-20,,3.253e-15,2.774e-17,1.389e-28,6.833e-17,1.661e-20,,3.711e-12,,,,1.414e+2,6.062e-31,3.996e-17,,1.329e-26,,,,1.619e-5,1.992e-16,4.107e-14,1.021e-12,,,,,5.673e-1,,,,,,,,,3.141e-18,,,,,,,,,,,,,,
854.75,1.363e+2,2.296e-18,5.213e-27,3.018e-43,,,,6.791e-18,7.028e-20,,3.254e-15,2.780e-17,1.389e-28,6.835e-17,1.661e-20,,2.648e-12,,,,1.357e+2,4.349e-31,3.985e-17,,1.331e-26,,,,1.870e-5,1.989e-16,2.849e-14,1.160e-12,,,,,5.504e-1,,,,,,,,,3.142e-18,,,,,,,,,,,,,,
854.77,1.324e+2,2.294e-18,5.231e-27,3.007e-43,,,,6.795e-18,7.019e-20,,3.254e-15,2.784e-17,1.389e-28,6.836e-17,1.661e-20,,2.112e-12,,,,1.318e+2,3.481e-31,3.978e-17,,1.332e-26,,,,2.057e-5,1.988e-16,2.247e-14,1.261e-12,,,,,5.387e-1,,,,,,,,,3.142e-18,,,,,,,,,,,,,,
854.8,1.265e+2,2.292e-18,5.257e-27,2.991e-43,,,,6.801e-18,7.005e-20,,3.255e-15,2.790e-17,1.388e-28,6.838e-17,1.661e-20,,1.501e-12,,,,1.260e+2,2.488e-31,3.968e-17,,1.334e-26,,,,2.367e-5,1.986e-16,1.605e-14,1.427e-12,,,,,5.206e-1,,,,,,,,,3.142e-18,,,,,,,,,,,,,,
854.82,1.226e+2,2.290e-18,5.274e-27,2.979e-43,,,,6.805e-18,6.996e-20,,3.255e-15,2.794e-17,1.388e-28,6.839e-17,1.662e-20,,1.194e-12,,,,1.221e+2,1.986e-31,3.961e-17,,1.335e-26,,,,2.595e-5,1.984e-16,1.311e-14,1.548e-12,,,,,5.082e-1,,,,,,,,,3.143e-18,,,,,,,,,,,,,,
854.84,1.187e+2,2.289e-18,5.292e-27,2.968e-43,,,,6.809e-18,6.987e-20,,3.256e-15,2.798e-17,1.388e-28,6.840e-17,1.662e-20,,9.486e-13,,,,1.182e+2,1.584e-31,3.955e-17,,1.336e-26,,,,2.843e-5,1.982e-16,1.104e-14,1.677e-12,,,,,4.956e-1,,,,,,,,,3.143e-18,,,,,,,,,,,,,,
854.87,1.128e+2,2.286e-18,5.318e-27,2.952e-43,,,,6.815e-18,6.973e-20,,3.256e-15,2.804e-17,1.387e-28,6.842e-17,1.662e-20,,6.705e-13,,,,1.124e+2,1.126e-31,3.944e-17,,1.337e-26,,,,3.254e-5,1.980e-16,9.248e-15,1.888e-12,,,,,4.763e-1,,,,,,,,,3.143e-18,,,,,,,,,,,,,,
854.89,1.089e+2,2.284e-18,5.335e-27,2.941e-43,,,,6.819e-18,6.964e-20,,3.257e-15,2.807e-17,1.387e-28,6.843e-17,1.662e-20,,5.314e-13,,,,1.085e+2,8.952e-32,3.937e-17,,1.338e-26,,,,3.556e-5,1.979e-16,8.820e-15,2.040e-12,,,,,4.632e-1,,,,,,,,,3.144e-18,,,,,,,,,,,,,,
854.92,1.032e+2,2.282e-18,5.361e-27,2.924e-43,,,,6.825e-18,6.950e-20,,3.257e-15,2.813e-17,1.387e-28,6.845e-17,1.663e-20,,3.741e-13,,,,1.027e+2,6.337e-32,3.927e-17,,1.340e-26,,,,4.053e-5,1.976e-16,9.243e-15,2.287e-12,,,,,4.435e-1,,,,,,,,,3.144e-18,,,,,,,,,,,,,,
854.94,9.934e+1,2.280e-18,5.378e-27,2.913e-43,,,,6.829e-18,6.941e-20,,3.258e-15,2.817e-17,1.386e-28,6.846e-17,1.663e-20,,2.957e-13,,,,9.891e+1,5.027e-32,3.920e-17,,1.341e-26,,,,4.418e-5,1.975e-16,1.025e-14,2.465e-12,,,,,4.302e-1,,,,,,,,,3.144e-18,,,,,,,,,,,,,,
854.97,9.369e+1,2.278e-18,5.404e-27,2.896e-43,,,,6.835e-18,6.927e-20,,3.258e-15,2.823e-17,1.386e-28,6.848e-17,1.663e-20,,2.074e-13,,,,9.328e+1,3.544e-32,3.910e-17,,1.343e-26,,,,5.016e-5,1.972e-16,1.298e-14,2.753e-12,,,,,4.102e-1,,,,,,,,,3.145e-18,,,,,,,,,,,,,,
854.99,8.998e+1,2.276e-18,5.422e-27,2.885e-43,,,,6.839e-18,6.918e-20,,3.259e-15,2.827e-17,1.386e-28,6.849e-17,1.663e-20,,1.635e-13,,,,8.959e+1,2.804e-32,3.903e-17,,1.344e-26,,,,5.453e-5,1.971e-16,1.575e-14,2.960e-12,,,,,3.969e-1,,,,,,,,,3.145e-18,,,,,,,,,,,,,,
855.02,8.453e+1,2.274e-18,5.448e-27,2.869e-43,,,,6.845e-18,6.904e-20,,3.259e-15,2.833e-17,1.385e-28,6.851e-17,1.664e-20,,1.142e-13,,,,8.416e+1,1.969e-32,3.893e-17,,1.345e-26,,,,6.168e-5,1.969e-16,2.174e-14,3.294e-12,,,,,3.770e-1,,,,,,,,,3.145e-18,,,,,,,,,,,,,,
855.04,8.098e+1,2.272e-18,5.465e-27,2.858e-43,,,,6.849e-18,6.895e-20,,3.260e-15,2.837e-17,1.385e-28,6.852e-17,1.664e-20,,8.981e-14,,,,8.062e+1,1.554e-32,3.886e-17,,1.346e-26,,,,6.687e-5,1.967e-16,2.727e-14,3.532e-12,,,,,3.638e-1,,,,,,,,,3.145e-18,,,,,,,,,,,,,,
855.07,7.578e+1,2.270e-18,5.491e-27,2.841e-43,,,,6.855e-18,6.882e-20,,3.260e-15,2.842e-17,1.385e-28,6.854e-17,1.664e-20,,6.249e-14,,,,7.543e+1,1.087e-32,3.876e-17,,1.348e-26,,,,7.534e-5,1.965e-16,3.863e-14,3.915e-12,,,,,3.441e-1,,,,,,,,,3.146e-18,,,,,,,,,,,,,,
855.09,7.240e+1,2.268e-18,5.509e-27,2.830e-43,,,,6.859e-18,6.872e-20,,3.261e-15,2.846e-17,1.385e-28,6.855e-17,1.665e-20,,4.901e-14,,,,7.207e+1,8.553e-33,3.869e-17,,1.349e-26,,,,8.147e-5,1.963e-16,4.885e-14,4.188e-12,,,,,3.312e-1,,,,,,,,,3.146e-18,,,,,,,,,,,,,,
855.12,6.748e+1,2.266e-18,5.535e-27,2.813e-43,,,,6.866e-18,6.859e-20,,3.261e-15,2.852e-17,1.384e-28,6.857e-17,1.665e-20,,3.397e-14,,,,6.717e+1,5.959e-33,3.859e-17,,1.351e-26,,,,9.143e-5,1.961e-16,6.955e-14,4.624e-12,,,,,3.121e-1,,,,,,,,,3.146e-18,,,,,,,,,,,,,,
855.14,6.431e+1,2.264e-18,5.552e-27,2.802e-43,,,,6.870e-18,6.849e-20,,3.262e-15,2.856e-17,1.384e-28,6.858e-17,1.665e-20,,2.657e-14,,,,6.401e+1,4.677e-33,3.852e-17,,1.352e-26,,,,9.861e-5,1.959e-16,8.800e-14,4.933e-12,,,,,2.996e-1,,,,,,,,,3.147e-18,,,,,,,,,,,,,,
855.17,5.970e+1,2.262e-18,5.578e-27,2.786e-43,,,,6.876e-18,6.836e-20,,3.262e-15,2.862e-17,1.384e-28,6.860e-17,1.665e-20,,1.834e-14,,,,5.942e+1,3.246e-33,3.842e-17,,1.353e-26,,,,1.102e-4,1.957e-16,1.251e-13,5.427e-12,,,,,2.812e-1,,,,,,,,,3.147e-18,,,,,,,,,,,,,,
855.19,5.674e+1,2.260e-18,5.595e-27,2.775e-43,,,,6.880e-18,6.827e-20,,3.263e-15,2.866e-17,1.383e-28,6.861e-17,1.666e-20,,1.431e-14,,,,5.647e+1,2.541e-33,3.835e-17,,1.354e-26,,,,1.186e-4,1.955e-16,1.581e-13,5.775e-12,,,,,2.693e-1,,,,,,,,,3.147e-18,,,,,,,,,,,,,,
855.21,5.388e+1,2.259e-18,5.613e-27,2.764e-43,,,,6.884e-18,6.817e-20,,3.263e-15,2.870e-17,1.383e-28,6.863e-17,1.666e-20,,1.115e-14,,,,5.362e+1,1.987e-33,3.828e-17,,1.355e-26,,,,1.274e-4,1.954e-16,1.995e-13,6.140e-12,,,,,2.575e-1,,,,,,,,,3.147e-18,,,,,,,,,,,,,,
855.24,4.974e+1,2.256e-18,5.639e-27,2.747e-43,,,,6.890e-18,6.804e-20,,3.264e-15,2.876e-17,1.383e-28,6.864e-17,1.666e-20,,7.657e-15,,,,4.950e+1,1.371e-33,3.818e-17,,1.357e-26,,,,1.417e-4,1.952e-16,2.823e-13,6.718e-12,,,,,2.404e-1,,,,,,,,,3.148e-18,,,,,,,,,,,,,,
855.26,4.711e+1,2.255e-18,5.656e-27,2.736e-43,,,,6.894e-18,6.795e-20,,3.264e-15,2.879e-17,1.382e-28,6.866e-17,1.666e-20,,5.952e-15,,,,4.688e+1,1.070e-33,3.811e-17,,1.358e-26,,,,1.519e-4,1.950e-16,3.554e-13,7.125e-12,,,,,2.293e-1,,,,,,,,,3.148e-18,,,,,,,,,,,,,,
855.29,4.332e+1,2.252e-18,5.682e-27,2.719e-43,,,,6.900e-18,6.781e-20,,3.265e-15,2.885e-17,1.382e-28,6.867e-17,1.667e-20,,4.070e-15,,,,4.311e+1,7.352e-34,3.801e-17,,1.360e-26,,,,1.682e-4,1.948e-16,5.011e-13,7.766e-12,,,,,2.133e-1,,,,,,,,,3.148e-18,,,,,,,,,,,,,,
855.31,4.092e+1,2.251e-18,5.700e-27,2.708e-43,,,,6.904e-18,6.772e-20,,3.265e-15,2.889e-17,1.382e-28,6.869e-17,1.667e-20,,3.156e-15,,,,4.072e+1,5.719e-34,3.794e-17,,1.361e-26,,,,1.798e-4,1.946e-16,6.293e-13,8.215e-12,,,,,2.029e-1,,,,,,,,,3.149e-18,,,,,,,,,,,,,,
855.34,3.749e+1,2.248e-18,5.726e-27,2.692e-43,,,,6.910e-18,6.758e-20,,3.266e-15,2.895e-17,1.381e-28,6.870e-17,1.667e-20,,2.150e-15,,,,3.730e+1,3.916e-34,3.784e-17,,1.362e-26,,,,1.983e-4,1.944e-16,8.838e-13,8.920e-12,,,,,1.879e-1,,,,,,,,,3.149e-18,,,,,,,,,,,,,,
855.36,3.531e+1,2.247e-18,5.743e-27,2.681e-43,,,,6.914e-18,6.749e-20,,3.266e-15,2.899e-17,1.381e-28,6.872e-17,1.668e-20,,1.662e-15,,,,3.513e+1,3.038e-34,3.777e-17,,1.363e-26,,,,2.115e-4,1.942e-16,1.107e-12,9.412e-12,,,,,1.783e-1,,,,,,,,,3.149e-18,,,,,,,,,,,,,,
855.39,3.222e+1,2.244e-18,5.769e-27,2.664e-43,,,,6.920e-18,6.735e-20,,3.267e-15,2.905e-17,1.381e-28,6.873e-17,1.668e-20,,1.128e-15,,,,3.206e+1,2.072e-34,3.767e-17,,1.365e-26,,,,2.324e-4,1.940e-16,1.549e-12,1.018e-11,,,,,1.645e-1,,,,,,,,,3.150e-18,,,,,,,,,,,,,,
855.41,3.027e+1,2.243e-18,5.787e-27,2.653e-43,,,,6.924e-18,6.726e-20,,3.267e-15,2.909e-17,1.381e-28,6.875e-17,1.668e-20,,8.698e-16,,,,3.012e+1,1.603e-34,3.760e-17,,1.366e-26,,,,2.471e-4,1.938e-16,1.935e-12,1.072e-11,,,,,1.557e-1,,,,,,,,,3.150e-18,,,,,,,,,,,,,,
855.44,2.752e+1,2.240e-18,5.813e-27,2.636e-43,,,,6.930e-18,6.712e-20,,3.268e-15,2.914e-17,1.380e-28,6.876e-17,1.668e-20,,5.879e-16,,,,2.737e+1,1.089e-34,3.750e-17,,1.368e-26,,,,2.705e-4,1.936e-16,2.697e-12,1.155e-11,,,,,1.431e-1,,,,,,,,,3.150e-18,,,,,,,,,,,,,,
855.46,2.579e+1,2.239e-18,5.830e-27,2.625e-43,,,,6.934e-18,6.703e-20,,3.268e-15,2.918e-17,1.380e-28,6.878e-17,1.669e-20,,4.522e-16,,,,2.565e+1,8.403e-35,3.743e-17,,1.369e-26,,,,2.869e-4,1.935e-16,3.360e-12,1.213e-11,,,,,1.351e-1,,,,,,,,,3.150e-18,,,,,,,,,,,,,,
855.49,2.334e+1,2.236e-18,5.856e-27,2.609e-43,,,,6.941e-18,6.689e-20,,3.269e-15,2.924e-17,1.380e-28,6.879e-17,1.669e-20,,3.044e-16,,,,2.322e+1,5.685e-35,3.733e-17,,1.370e-26,,,,3.128e-4,1.932e-16,4.665e-12,1.302e-11,,,,,1.236e-1,,,,,,,,,3.151e-18,,,,,,,,,,,,,,
855.51,2.182e+1,2.235e-18,5.873e-27,2.597e-43,,,,6.945e-18,6.680e-20,,3.269e-15,2.928e-17,1.379e-28,6.881e-17,1.669e-20,,2.336e-16,,,,2.170e+1,4.376e-35,3.726e-17,,1.371e-26,,,,3.309e-4,1.931e-16,5.798e-12,1.363e-11,,,,,1.164e-1,,,,,,,,,3.151e-18,,,,,,,,,,,,,,
855.54,1.968e+1,2.232e-18,5.899e-27,2.581e-43,,,,6.951e-18,6.666e-20,,3.270e-15,2.934e-17,1.379e-28,6.882e-17,1.670e-20,,1.566e-16,,,,1.957e+1,2.949e-35,3.716e-17,,1.373e-26,,,,3.594e-4,1.928e-16,8.018e-12,1.458e-11,,,,,1.061e-1,,,,,,,,,3.151e-18,,,,,,,,,,,,,,
855.56,1.834e+1,2.231e-18,5.917e-27,2.570e-43,,,,6.955e-18,6.657e-20,,3.270e-15,2.938e-17,1.379e-28,6.884e-17,1.670e-20,,1.198e-16,,,,1.824e+1,2.264e-35,3.709e-17,,1.374e-26,,,,3.792e-4,1.927e-16,9.940e-12,1.523e-11,,,,,9.966e-2,,,,,,,,,3.152e-18,,,,,,,,,,,,,,
855.58,1.708e+1,2.229e-18,5.934e-27,2.559e-43,,,,6.959e-18,6.648e-20,,3.271e-15,2.942e-17,1.378e-28,6.885e-17,1.670e-20,,9.160e-17,,,,1.699e+1,1.736e-35,3.702e-17,,1.375e-26,,,,3.997e-4,1.925e-16,1.231e-11,1.590e-11,,,,,9.349e-2,,,,,,,,,3.152e-18,,,,,,,,,,,,,,
855.61,1.532e+1,2.227e-18,5.960e-27,2.542e-43,,,,6.965e-18,6.634e-20,,3.271e-15,2.947e-17,1.378e-28,6.887e-17,1.670e-20,,6.109e-17,,,,1.523e+1,1.163e-35,3.692e-17,,1.377e-26,,,,4.317e-4,1.923e-16,1.693e-11,1.692e-11,,,,,8.477e-2,,,,,,,,,3.152e-18,,,,,,,,,,,,,,
855.63,1.423e+1,2.225e-18,5.978e-27,2.531e-43,,,,6.969e-18,6.625e-20,,3.272e-15,2.951e-17,1.378e-28,6.888e-17,1.671e-20,,4.657e-17,,,,1.415e+1,8.898e-36,3.685e-17,,1.378e-26,,,,4.539e-4,1.921e-16,2.091e-11,1.761e-11,,,,,7.931e-2,,,,,,,,,3.153e-18,,,,,,,,,,,,,,
855.66,1.271e+1,2.223e-18,6.004e-27,2.514e-43,,,,6.975e-18,6.612e-20,,3.272e-15,2.957e-17,1.377e-28,6.890e-17,1.671e-20,,3.094e-17,,,,1.264e+1,5.939e-36,3.675e-17,,1.379e-26,,,,4.883e-4,1.919e-16,2.865e-11,1.867e-11,,,,,7.163e-2,,,,,,,,,3.153e-18,,,,,,,,,,,,,,
855.68,1.177e+1,2.221e-18,6.021e-27,2.503e-43,,,,6.979e-18,6.602e-20,,3.273e-15,2.961e-17,1.377e-28,6.891e-17,1.671e-20,,2.352e-17,,,,1.171e+1,4.531e-36,3.668e-17,,1.380e-26,,,,5.120e-4,1.918e-16,3.530e-11,1.938e-11,,,,,6.685e-2,,,,,,,,,3.153e-18,,,,,,,,,,,,,,
855.71,1.048e+1,2.219e-18,6.047e-27,2.487e-43,,,,6.985e-18,6.589e-20,,3.273e-15,2.967e-17,1.377e-28,6.893e-17,1.671e-20,,1.556e-17,,,,1.042e+1,3.012e-36,3.658e-17,,1.382e-26,,,,5.487e-4,1.915e-16,4.817e-11,2.047e-11,,,,,6.014e-2,,,,,,,,,3.154e-18,,,,,,,,,,,,,,
855.73,9.680e+0,2.217e-18,6.064e-27,2.476e-43,,,,6.989e-18,6.580e-20,,3.274e-15,2.971e-17,1.377e-28,6.894e-17,1.672e-20,,1.180e-17,,,,9.623e+0,2.292e-36,3.651e-17,,1.383e-26,,,,5.739e-4,1.914e-16,5.919e-11,2.121e-11,,,,,5.597e-2,,,,,,,,,3.154e-18,,,,,,,,,,,,,,
855.76,8.579e+0,2.215e-18,6.090e-27,2.459e-43,,,,6.995e-18,6.566e-20,,3.274e-15,2.977e-17,1.376e-28,6.896e-17,1.672e-20,,7.780e-18,,,,8.529e+0,1.518e-36,3.641e-17,,1.385e-26,,,,6.126e-4,1.911e-16,8.047e-11,2.231e-11,,,,,5.016e-2,,,,,,,,,3.154e-18,,,,,,,,,,,,,,
855.78,7.906e+0,2.213e-18,6.108e-27,2.448e-43,,,,6.999e-18,6.557e-20,,3.275e-15,2.981e-17,1.376e-28,6.897e-17,1.672e-20,,5.884e-18,,,,7.859e+0,1.152e-36,3.634e-17,,1.386e-26,,,,6.391e-4,1.910e-16,9.862e-11,2.306e-11,,,,,4.656e-2,,,,,,,,,3.154e-18,,,,,,,,,,,,,,
855.81,6.980e+0,2.211e-18,6.134e-27,2.431e-43,,,,7.005e-18,6.543e-20,,3.275e-15,2.986e-17,1.376e-28,6.899e-17,1.673e-20,,3.863e-18,,,,6.938e+0,7.596e-37,3.624e-17,,1.387e-26,,,,6.795e-4,1.908e-16,1.336e-10,2.417e-11,,,,,4.156e-2,,,,,,,,,3.155e-18,,,,,,,,,,,,,,
855.83,6.415e+0,2.209e-18,6.151e-27,2.420e-43,,,,7.009e-18,6.534e-20,,3.276e-15,2.990e-17,1.375e-28,6.900e-17,1.673e-20,,2.593e-18,,,,6.376e+0,5.748e-37,3.617e-17,,1.388e-26,,,,7.070e-4,1.906e-16,1.633e-10,2.491e-11,,,,,3.848e-2,,,,,,,,,3.155e-18,,,,,,,,,,,,,,
855.86,5.642e+0,2.206e-18,6.177e-27,2.404e-43,,,,7.015e-18,6.520e-20,,3.276e-15,2.996e-17,1.375e-28,6.902e-17,1.673e-20,,1.698e-18,,,,5.607e+0,3.777e-37,3.606e-17,,1.390e-26,,,,7.488e-4,1.904e-16,2.202e-10,2.602e-11,,,,,3.421e-2,,,,,,,,,3.155e-18,,,,,,,,,,,,,,
855.88,5.172e+0,2.205e-18,6.195e-27,2.393e-43,,,,7.020e-18,6.511e-20,,3.277e-15,3.000e-17,1.375e-28,6.903e-17,1.673e-20,,1.279e-18,,,,5.139e+0,2.850e-37,3.600e-17,,1.391e-26,,,,7.771e-4,1.902e-16,2.685e-10,2.676e-11,,,,,3.159e-2,,,,,,,,,3.156e-18,,,,,,,,,,,,,,
855.91,4.530e+0,2.202e-18,6.221e-27,2.376e-43,,,,7.026e-18,6.497e-20,,3.277e-15,3.006e-17,1.374e-28,6.905e-17,1.674e-20,,8.342e-19,,,,4.501e+0,1.865e-37,3.589e-17,,1.393e-26,,,,8.199e-4,1.900e-16,3.608e-10,2.785e-11,,,,,2.798e-2,,,,,,,,,3.156e-18,,,,,,,,,,,,,,
855.93,4.142e+0,2.201e-18,6.238e-27,2.365e-43,,,,7.030e-18,6.488e-20,,3.278e-15,3.010e-17,1.374e-28,6.906e-17,1.674e-20,,6.266e-19,,,,4.115e+0,1.404e-37,3.583e-17,,1.394e-26,,,,8.486e-4,1.898e-16,4.388e-10,2.856e-11,,,,,2.577e-2,,,,,,,,,3.156e-18,,,,,,,,,,,,,,
855.95,3.783e+0,2.199e-18,6.255e-27,2.354e-43,,,,7.034e-18,6.479e-20,,3.278e-15,3.014e-17,1.374e-28,6.907e-17,1.674e-20,,4.702e-19,,,,3.759e+0,1.056e-37,3.576e-17,,1.395e-26,,,,8.774e-4,1.897e-16,5.331e-10,2.927e-11,,,,,2.371e-2,,,,,,,,,3.156e-18,,,,,,,,,,,,,,
855.98,3.296e+0,2.197e-18,6.281e-27,2.337e-43,,,,7.040e-18,6.465e-20,,3.279e-15,3.019e-17,1.374e-28,6.909e-17,1.674e-20,,3.050e-19,,,,3.274e+0,6.872e-38,3.566e-17,,1.396e-26,,,,9.206e-4,1.894e-16,7.125e-10,3.030e-11,,,,,2.089e-2,,,,,,,,,3.157e-18,,,,,,,,,,,,,,
856,3.002e+0,2.195e-18,6.299e-27,2.326e-43,,,,7.044e-18,6.456e-20,,3.279e-15,3.023e-17,1.373e-28,6.910e-17,1.675e-20,,3.052e-19,,,,2.982e+0,5.154e-38,3.559e-17,,1.397e-26,,,,9.494e-4,1.893e-16,8.633e-10,3.097e-11,,,,,1.917e-2,,,,,,,,,3.157e-18,,,,,,,,,,,,,,
856.03,2.605e+0,2.193e-18,6.325e-27,2.310e-43,,,,7.050e-18,6.442e-20,,3.280e-15,3.029e-17,1.373e-28,6.912e-17,1.675e-20,,3.055e-19,,,,2.588e+0,,3.548e-17,,1.399e-26,,,,9.922e-4,1.891e-16,1.149e-9,3.195e-11,,,,,1.682e-2,,,,,,,,,3.157e-18,,,,,,,,,,,,,,
856.05,2.367e+0,2.191e-18,6.342e-27,2.298e-43,,,,7.054e-18,6.433e-20,,3.280e-15,3.033e-17,1.373e-28,6.913e-17,1.675e-20,,3.057e-19,,,,2.351e+0,,3.542e-17,,1.400e-26,,,,1.021e-3,1.889e-16,1.389e-9,3.258e-11,,,,,1.540e-2,,,,,,,,,3.158e-18,,,,,,,,,,,,,,
856.08,2.046e+0,2.189e-18,6.368e-27,2.282e-43,,,,7.060e-18,6.419e-20,,3.281e-15,3.039e-17,1.372e-28,6.915e-17,1.675e-20,,3.059e-19,,,,2.032e+0,,3.531e-17,,1.402e-26,,,,1.063e-3,1.887e-16,1.842e-9,3.349e-11,,,,,1.347e-2,,,,,,,,,3.158e-18,,,,,,,,,,,,,,
856.1,1.854e+0,2.187e-18,6.386e-27,2.271e-43,,,,7.064e-18,6.410e-20,,3.281e-15,3.043e-17,1.372e-28,6.916e-17,1.676e-20,,3.061e-19,,,,1.841e+0,,3.525e-17,,1.403e-26,,,,1.090e-3,1.885e-16,2.221e-9,3.407e-11,,,,,1.230e-2,,,,,,,,,3.158e-18,,,,,,,,,,,,,,
856.13,1.597e+0,2.185e-18,6.412e-27,2.254e-43,,,,7.070e-18,6.396e-20,,3.282e-15,3.049e-17,1.372e-28,6.918e-17,1.676e-20,,3.064e-19,,,,1.585e+0,,3.514e-17,,1.404e-26,,,,1.130e-3,1.883e-16,2.933e-9,3.489e-11,,,,,1.071e-2,,,,,,,,,3.159e-18,,,,,,,,,,,,,,
856.15,1.443e+0,2.183e-18,6.429e-27,2.243e-43,,,,7.074e-18,6.387e-20,,3.282e-15,3.053e-17,1.371e-28,6.919e-17,1.676e-20,,3.066e-19,,,,1.432e+0,,3.508e-17,,1.405e-26,,,,1.157e-3,1.881e-16,3.527e-9,3.540e-11,,,,,9.761e-3,,,,,,,,,3.159e-18,,,,,,,,,,,,,,
856.18,1.238e+0,2.181e-18,6.455e-27,2.226e-43,,,,7.080e-18,6.374e-20,,3.283e-15,3.058e-17,1.371e-28,6.921e-17,1.677e-20,,3.069e-19,,,,1.228e+0,,3.497e-17,,1.407e-26,,,,1.195e-3,1.879e-16,4.641e-9,3.613e-11,,,,,8.476e-3,,,,,,,,,3.159e-18,,,,,,,,,,,,,,
856.2,1.116e+0,2.179e-18,6.473e-27,2.215e-43,,,,7.084e-18,6.364e-20,,3.283e-15,3.062e-17,1.371e-28,6.922e-17,1.677e-20,,3.071e-19,,,,1.107e+0,,3.490e-17,,1.408e-26,,,,1.219e-3,1.877e-16,5.566e-9,3.658e-11,,,,,7.708e-3,,,,,,,,,3.159e-18,,,,,,,,,,,,,,
856.23,9.534e-1,2.177e-18,6.499e-27,2.199e-43,,,,7.090e-18,6.351e-20,,3.284e-15,3.068e-17,1.370e-28,6.924e-17,1.677e-20,,3.073e-19,,,,9.455e-1,,3.480e-17,,1.410e-26,,,,1.255e-3,1.875e-16,7.295e-9,3.719e-11,,,,,6.675e-3,,,,,,,,,3.160e-18,,,,,,,,,,,,,,
856.25,8.574e-1,2.175e-18,6.516e-27,2.188e-43,,,,7.095e-18,6.342e-20,,3.284e-15,3.072e-17,1.370e-28,6.925e-17,1.677e-20,,3.075e-19,,,,8.500e-1,,3.473e-17,,1.411e-26,,,,1.277e-3,1.874e-16,8.726e-9,3.756e-11,,,,,6.060e-3,,,,,,,,,3.160e-18,,,,,,,,,,,,,,
856.28,7.297e-1,2.173e-18,6.542e-27,2.171e-43,,,,7.101e-18,6.328e-20,,3.285e-15,3.078e-17,1.370e-28,6.927e-17,1.678e-20,,3.078e-19,,,,7.232e-1,,3.463e-17,,1.412e-26,,,,1.309e-3,1.871e-16,1.139e-8,3.805e-11,,,,,5.239e-3,,,,,,,,,3.160e-18,,,,,,,,,,,,,,
856.3,6.545e-1,2.171e-18,6.559e-27,2.160e-43,,,,7.105e-18,6.319e-20,,3.285e-15,3.082e-17,1.370e-28,6.928e-17,1.678e-20,,3.080e-19,,,,6.485e-1,,3.456e-17,,1.413e-26,,,,1.329e-3,1.870e-16,1.359e-8,3.834e-11,,,,,4.753e-3,,,,,,,,,3.161e-18,,,,,,,,,,,,,,
856.33,5.550e-1,2.169e-18,6.585e-27,2.143e-43,,,,7.111e-18,6.305e-20,,3.286e-15,3.088e-17,1.369e-28,6.930e-17,1.678e-20,,3.083e-19,,,,5.495e-1,,3.446e-17,,1.415e-26,,,,1.357e-3,1.867e-16,1.768e-8,3.871e-11,,,,,4.109e-3,,,,,,,,,3.161e-18,,,,,,,,,,,,,,
856.35,4.966e-1,2.167e-18,6.603e-27,2.132e-43,,,,7.115e-18,6.296e-20,,3.286e-15,3.091e-17,1.369e-28,6.931e-17,1.678e-20,,3.085e-19,,,,4.915e-1,,3.439e-17,,1.416e-26,,,,1.374e-3,1.866e-16,2.104e-8,3.891e-11,,,,,3.730e-3,,,,,,,,,3.161e-18,,,,,,,,,,,,,,
856.37,4.438e-1,2.165e-18,6.620e-27,2.121e-43,,,,7.119e-18,6.287e-20,,3.287e-15,3.095e-17,1.369e-28,6.932e-17,1.679e-20,,3.087e-19,,,,4.391e-1,,3.432e-17,,1.417e-26,,,,1.390e-3,1.864e-16,2.501e-8,3.907e-11,,,,,3.390e-3,,,,,,,,,3.162e-18,,,,,,,,,,,,,,
856.4,3.744e-1,2.163e-18,6.646e-27,2.105e-43,,,,7.125e-18,6.273e-20,,3.287e-15,3.101e-17,1.368e-28,6.934e-17,1.679e-20,,3.089e-19,,,,3.700e-1,,3.422e-17,,1.419e-26,,,,1.411e-3,1.862e-16,3.235e-8,3.925e-11,,,,,2.945e-3,,,,,,,,,3.162e-18,,,,,,,,,,,,,,
856.42,3.338e-1,2.161e-18,6.664e-27,2.094e-43,,,,7.129e-18,6.264e-20,,3.288e-15,3.105e-17,1.368e-28,6.935e-17,1.679e-20,,3.091e-19,,,,3.297e-1,,3.415e-17,,1.420e-26,,,,1.424e-3,1.860e-16,3.836e-8,3.932e-11,,,,,2.688e-3,,,,,,,,,3.162e-18,,,,,,,,,,,,,,
856.45,2.806e-1,2.159e-18,6.690e-27,2.077e-43,,,,7.135e-18,6.250e-20,,3.288e-15,3.111e-17,1.368e-28,6.937e-17,1.680e-20,,3.094e-19,,,,2.768e-1,,3.405e-17,,1.421e-26,,,,1.440e-3,1.858e-16,4.943e-8,3.936e-11,,,,,2.357e-3,,,,,,,,,3.163e-18,,,,,,,,,,,,,,
856.47,2.496e-1,2.157e-18,6.707e-27,2.066e-43,,,,7.139e-18,6.241e-20,,3.289e-15,3.115e-17,1.367e-28,6.938e-17,1.680e-20,,3.096e-19,,,,2.460e-1,,3.398e-17,,1.423e-26,,,,1.449e-3,1.857e-16,5.845e-8,3.934e-11,,,,,2.171e-3,,,,,,,,,3.163e-18,,,,,,,,,,,,,,
856.5,2.091e-1,2.155e-18,6.733e-27,2.049e-43,,,,7.145e-18,6.227e-20,,3.289e-15,3.121e-17,1.367e-28,6.940e-17,1.680e-20,,3.099e-19,,,,2.057e-1,,3.388e-17,,1.424e-26,,,,1.460e-3,1.854e-16,7.502e-8,3.924e-11,,,,,1.939e-3,,,,,,,,,3.163e-18,,,,,,,,,,,,,,
856.52,1.856e-1,2.153e-18,6.750e-27,2.038e-43,,,,7.149e-18,6.218e-20,,3.290e-15,3.125e-17,1.367e-28,6.942e-17,1.680e-20,,3.101e-19,,,,1.823e-1,,3.381e-17,,1.425e-26,,,,1.465e-3,1.853e-16,8.850e-8,3.913e-11,,,,,1.813e-3,,,,,,,,,3.163e-18,,,,,,,,,,,,,,
856.55,1.550e-1,2.151e-18,6.776e-27,2.022e-43,,,,7.155e-18,6.204e-20,,3.290e-15,3.130e-17,1.366e-28,6.943e-17,1.681e-20,,3.103e-19,,,,1.518e-1,,3.371e-17,,1.427e-26,,,,1.470e-3,1.850e-16,1.131e-7,3.890e-11,,,,,1.665e-3,,,,,,,,,3.164e-18,,,,,,,,,,,,,,
856.57,1.373e-1,2.149e-18,6.794e-27,2.011e-43,,,,7.159e-18,6.195e-20,,3.291e-15,3.134e-17,1.366e-28,6.945e-17,1.681e-20,,3.105e-19,,,,1.342e-1,,3.364e-17,,1.428e-26,,,,1.472e-3,1.849e-16,1.331e-7,3.870e-11,,,,,1.593e-3,,,,,,,,,3.164e-18,,,,,,,,,,,,,,
856.6,1.144e-1,2.147e-18,6.820e-27,1.994e-43,,,,7.165e-18,6.181e-20,,3.291e-15,3.140e-17,1.366e-28,6.946e-17,1.681e-20,,3.108e-19,,,,1.114e-1,,3.354e-17,,1.429e-26,,,,1.471e-3,1.846e-16,1.695e-7,3.833e-11,,,,,1.521e-3,,,,,,,,,3.164e-18,,,,,,,,,,,,,,
856.62,1.012e-1,2.145e-18,6.837e-27,1.983e-43,,,,7.169e-18,6.172e-20,,3.292e-15,3.144e-17,1.366e-28,6.948e-17,1.681e-20,,3.110e-19,,,,9.820e-2,,3.347e-17,,1.431e-26,,,,1.469e-3,1.845e-16,1.990e-7,3.805e-11,,,,,1.498e-3,,,,,,,,,3.165e-18,,,,,,,,,,,,,,
856.65,8.411e-2,2.143e-18,6.863e-27,1.966e-43,,,,7.176e-18,6.159e-20,,3.292e-15,3.150e-17,1.365e-28,6.949e-17,1.682e-20,,3.113e-19,,,,8.115e-2,,3.337e-17,,1.432e-26,,,,1.463e-3,1.843e-16,2.524e-7,3.756e-11,,,,,1.497e-3,,,,,,,,,3.165e-18,,,,,,,,,,,,,,
856.67,7.434e-2,2.141e-18,6.881e-27,1.955e-43,,,,7.180e-18,6.149e-20,,3.293e-15,3.154e-17,1.365e-28,6.951e-17,1.682e-20,,3.115e-19,,,,7.137e-2,,3.330e-17,,1.433e-26,,,,1.456e-3,1.841e-16,2.954e-7,3.719e-11,,,,,1.520e-3,,,,,,,,,3.165e-18,,,,,,,,,,,,,,
856.7,6.178e-2,2.139e-18,6.907e-27,1.939e-43,,,,7.186e-18,6.136e-20,,3.294e-15,3.160e-17,1.365e-28,6.952e-17,1.682e-20,,3.117e-19,,,,5.874e-2,,3.320e-17,,1.435e-26,,,,1.445e-3,1.839e-16,3.734e-7,3.659e-11,,,,,1.589e-3,,,,,,,,,3.166e-18,,,,,,,,,,,,,,
856.72,5.462e-2,2.137e-18,6.924e-27,1.928e-43,,,,7.190e-18,6.127e-20,,3.294e-15,3.163e-17,1.364e-28,6.954e-17,1.683e-20,,3.119e-19,,,,5.152e-2,,3.313e-17,,1.436e-26,,,,1.435e-3,1.837e-16,4.359e-7,3.615e-11,,,,,1.659e-3,,,,,,,,,3.166e-18,,,,,,,,,,,,,,
856.74,4.832e-2,2.136e-18,6.941e-27,1.916e-43,,,,7.194e-18,6.117e-20,,3.294e-15,3.167e-17,1.364e-28,6.955e-17,1.683e-20,,3.121e-19,,,,4.515e-2,,3.306e-17,,1.437e-26,,,,1.424e-3,1.836e-16,5.083e-7,3.568e-11,,,,,1.748e-3,,,,,,,,,3.166e-18,,,,,,,,,,,,,,
856.77,4.028e-2,2.133e-18,6.967e-27,1.900e-43,,,,7.200e-18,6.104e-20,,3.295e-15,3.173e-17,1.364e-28,6.957e-17,1.683e-20,,3.124e-19,,,,3.696e-2,,3.296e-17,,1.439e-26,,,,1.404e-3,1.833e-16,6.389e-7,3.493e-11,,,,,1.920e-3,,,,,,,,,3.166e-18,,,,,,,,,,,,,,
856.79,3.575e-2,2.132e-18,6.985e-27,1.889e-43,,,,7.204e-18,6.094e-20,,3.295e-15,3.177e-17,1.363e-28,6.958e-17,1.683e-20,,3.126e-19,,,,3.230e-2,,3.289e-17,,1.440e-26,,,,1.390e-3,1.832e-16,7.431e-7,3.440e-11,,,,,2.060e-3,,,,,,,,,3.167e-18,,,,,,,,,,,,,,
856.82,3.001e-2,2.129e-18,7.011e-27,1.872e-43,,,,7.210e-18,6.081e-20,,3.296e-15,3.183e-17,1.363e-28,6.960e-17,1.684e-20,,3.129e-19,,,,2.634e-2,,3.279e-17,,1.441e-26,,,,1.365e-3,1.829e-16,9.305e-7,3.356e-11,,,,,2.313e-3,,,,,,,,,3.167e-18,,,,,,,,,,,,,,
856.84,2.681e-2,2.128e-18,7.028e-27,1.861e-43,,,,7.214e-18,6.072e-20,,3.296e-15,3.187e-17,1.363e-28,6.961e-17,1.684e-20,,3.130e-19,,,,2.296e-2,,3.272e-17,,1.442e-26,,,,1.348e-3,1.828e-16,1.080e-6,3.298e-11,,,,,2.510e-3,,,,,,,,,3.167e-18,,,,,,,,,,,,,,
856.87,2.282e-2,2.125e-18,7.054e-27,1.844e-43,,,,7.220e-18,6.058e-20,,3.297e-15,3.193e-17,1.362e-28,6.963e-17,1.684e-20,,3.133e-19,,,,1.864e-2,,3.262e-17,,1.444e-26,,,,1.319e-3,1.826e-16,1.346e-6,3.207e-11,,,,,2.854e-3,,,,,,,,,3.168e-18,,,,,,,,,,,,,,
856.89,2.062e-2,2.124e-18,7.072e-27,1.833e-43,,,,7.224e-18,6.049e-20,,3.297e-15,3.196e-17,1.362e-28,6.964e-17,1.684e-20,,3.135e-19,,,,1.621e-2,,3.255e-17,,1.445e-26,,,,1.299e-3,1.824e-16,1.558e-6,3.144e-11,,,,,3.116e-3,,,,,,,,,3.168e-18,,,,,,,,,,,,,,
856.92,1.794e-2,2.121e-18,7.098e-27,1.817e-43,,,,7.230e-18,6.035e-20,,3.298e-15,3.202e-17,1.362e-28,6.966e-17,1.685e-20,,3.138e-19,,,,1.311e-2,,3.245e-17,,1.447e-26,,,,1.266e-3,1.822e-16,1.936e-6,3.047e-11,,,,,3.565e-3,,,,,,,,,3.168e-18,,,,,,,,,,,,,,
856.94,1.652e-2,2.120e-18,7.115e-27,1.806e-43,,,,7.234e-18,6.026e-20,,3.298e-15,3.206e-17,1.362e-28,6.967e-17,1.685e-20,,3.140e-19,,,,1.137e-2,,3.238e-17,,1.448e-26,,,,1.243e-3,1.820e-16,2.234e-6,2.980e-11,,,,,3.903e-3,,,,,,,,,3.168e-18,,,,,,,,,,,,,,
856.97,1.485e-2,2.117e-18,7.141e-27,1.789e-43,,,,7.240e-18,6.012e-20,,3.299e-15,3.212e-17,1.361e-28,6.969e-17,1.685e-20,,3.143e-19,,,,9.162e-3,,3.228e-17,,1.449e-26,,,,1.207e-3,1.818e-16,2.765e-6,2.878e-11,,,,,4.474e-3,,,,,,,,,3.169e-18,,,,,,,,,,,,,,
856.99,1.401e-2,2.116e-18,7.159e-27,1.778e-43,,,,7.244e-18,6.003e-20,,3.299e-15,3.216e-17,1.361e-28,6.970e-17,1.685e-20,,3.144e-19,,,,7.923e-3,,3.221e-17,,1.450e-26,,,,1.182e-3,1.816e-16,3.183e-6,2.809e-11,,,,,4.900e-3,,,,,,,,,3.169e-18,,,,,,,,,,,,,,
857.02,1.312e-2,2.113e-18,7.185e-27,1.761e-43,,,,7.251e-18,5.989e-20,,3.300e-15,3.222e-17,1.361e-28,6.972e-17,1.686e-20,,3.147e-19,,,,6.360e-3,,3.211e-17,,1.452e-26,,,,1.144e-3,1.814e-16,3.924e-6,2.704e-11,,,,,5.614e-3,,,,,,,,,3.169e-18,,,,,,,,,,,,,,
857.04,1.275e-2,2.112e-18,7.202e-27,1.750e-43,,,,7.255e-18,5.980e-20,,3.300e-15,3.226e-17,1.360e-28,6.973e-17,1.686e-20,,3.149e-19,,,,5.485e-3,,3.204e-17,,1.453e-26,,,,1.117e-3,1.812e-16,4.505e-6,2.633e-11,,,,,6.143e-3,,,,,,,,,3.170e-18,,,,,,,,,,,,,,
857.07,1.249e-2,2.109e-18,7.228e-27,1.734e-43,,,,7.261e-18,5.966e-20,,3.301e-15,3.231e-17,1.360e-28,6.975e-17,1.686e-20,,3.152e-19,,,,4.386e-3,,3.194e-17,,1.455e-26,,,,1.076e-3,1.810e-16,5.532e-6,2.526e-11,,,,,7.025e-3,,,,,,,,,3.170e-18,,,,,,,,,,,,,,
857.09,1.250e-2,2.108e-18,7.245e-27,1.723e-43,,,,7.265e-18,5.957e-20,,3.301e-15,3.235e-17,1.360e-28,6.976e-17,1.687e-20,,3.154e-19,,,,3.773e-3,,3.187e-17,,1.456e-26,,,,1.049e-3,1.809e-16,6.336e-6,2.454e-11,,,,,7.675e-3,,,,,,,,,3.170e-18,,,,,,,,,,,,,,
857.11,1.265e-2,2.106e-18,7.263e-27,1.712e-43,,,,7.269e-18,5.948e-20,,3.302e-15,3.239e-17,1.359e-28,6.977e-17,1.687e-20,,3.156e-19,,,,3.242e-3,,3.180e-17,,1.457e-26,,,,1.021e-3,1.807e-16,7.249e-6,2.382e-11,,,,,8.378e-3,,,,,,,,,3.171e-18,,,,,,,,,,,,,,
857.14,1.311e-2,2.104e-18,7.289e-27,1.695e-43,,,,7.275e-18,5.934e-20,,3.302e-15,3.245e-17,1.359e-28,6.979e-17,1.687e-20,,3.158e-19,,,,2.578e-3,,3.170e-17,,1.458e-26,,,,9.780e-4,1.805e-16,8.853e-6,2.275e-11,,,,,9.542e-3,,,,,,,,,3.171e-18,,,,,,,,,,,,,,
857.16,1.356e-2,2.102e-18,7.306e-27,1.684e-43,,,,7.279e-18,5.925e-20,,3.303e-15,3.249e-17,1.359e-28,6.980e-17,1.687e-20,,3.160e-19,,,,2.210e-3,,3.163e-17,,1.459e-26,,,,9.494e-4,1.803e-16,1.010e-5,2.203e-11,,,,,1.039e-2,,,,,,,,,3.171e-18,,,,,,,,,,,,,,
857.19,1.447e-2,2.100e-18,7.332e-27,1.667e-43,,,,7.285e-18,5.911e-20,,3.303e-15,3.255e-17,1.358e-28,6.982e-17,1.688e-20,,3.163e-19,,,,1.750e-3,,3.153e-17,,1.461e-26,,,,9.062e-4,1.801e-16,1.229e-5,2.097e-11,,,,,1.180e-2,,,,,,,,,3.172e-18,,,,,,,,,,,,,,
857.21,1.521e-2,2.098e-18,7.350e-27,1.656e-43,,,,7.289e-18,5.902e-20,,3.304e-15,3.259e-17,1.358e-28,6.983e-17,1.688e-20,,3.165e-19,,,,1.496e-3,,3.146e-17,,1.462e-26,,,,8.774e-4,1.799e-16,1.399e-5,2.026e-11,,,,,1.282e-2,,,,,,,,,3.172e-18,,,,,,,,,,,,,,
857.24,1.653e-2,2.096e-18,7.376e-27,1.640e-43,,,,7.295e-18,5.889e-20,,3.304e-15,3.265e-17,1.358e-28,6.985e-17,1.688e-20,,3.168e-19,,,,1.180e-3,,3.136e-17,,1.464e-26,,,,8.342e-4,1.797e-16,1.695e-5,1.922e-11,,,,,1.450e-2,,,,,,,,,3.172e-18,,,,,,,,,,,,,,
857.26,1.755e-2,2.094e-18,7.393e-27,1.629e-43,,,,7.299e-18,5.879e-20,,3.305e-15,3.268e-17,1.358e-28,6.986e-17,1.688e-20,,3.170e-19,,,,1.006e-3,,3.129e-17,,1.465e-26,,,,8.056e-4,1.795e-16,1.924e-5,1.853e-11,,,,,1.572e-2,,,,,,,,,3.172e-18,,,,,,,,,,,,,,
857.29,1.928e-2,2.091e-18,7.419e-27,1.612e-43,,,,7.305e-18,5.866e-20,,3.306e-15,3.274e-17,1.357e-28,6.988e-17,1.689e-20,,3.172e-19,,,,7.908e-4,,3.119e-17,,1.466e-26,,,,7.629e-4,1.793e-16,2.323e-5,1.752e-11,,,,,1.771e-2,,,,,,,,,3.173e-18,,,,,,,,,,,,,,
857.31,2.058e-2,2.090e-18,7.436e-27,1.601e-43,,,,7.309e-18,5.857e-20,,3.306e-15,3.278e-17,1.357e-28,6.989e-17,1.689e-20,,3.174e-19,,,,6.725e-4,,3.112e-17,,1.467e-26,,,,7.348e-4,1.792e-16,2.631e-5,1.686e-11,,,,,1.915e-2,,,,,,,,,3.173e-18,,,,,,,,,,,,,,
857.34,2.274e-2,2.087e-18,7.462e-27,1.584e-43,,,,7.315e-18,5.843e-20,,3.307e-15,3.284e-17,1.357e-28,6.991e-17,1.689e-20,,3.177e-19,,,,5.264e-4,,3.101e-17,,1.469e-26,,,,6.932e-4,1.789e-16,3.163e-5,1.589e-11,,,,,2.149e-2,,,,,,,,,3.173e-18,,,,,,,,,,,,,,
857.36,2.433e-2,2.086e-18,7.480e-27,1.573e-43,,,,7.319e-18,5.834e-20,,3.307e-15,3.288e-17,1.356e-28,6.992e-17,1.690e-20,,3.179e-19,,,,4.465e-4,,3.095e-17,,1.470e-26,,,,6.659e-4,1.788e-16,3.572e-5,1.525e-11,,,,,2.318e-2,,,,,,,,,3.174e-18,,,,,,,,,,,,,,
857.39,2.694e-2,2.083e-18,7.506e-27,1.557e-43,,,,7.326e-18,5.820e-20,,3.308e-15,3.294e-17,1.356e-28,6.994e-17,1.690e-20,,3.182e-19,,,,3.481e-4,,3.084e-17,,1.472e-26,,,,6.258e-4,1.785e-16,4.279e-5,1.432e-11,,,,,2.592e-2,,,,,,,,,3.174e-18,,,,,,,,,,,,,,
857.41,2.883e-2,2.082e-18,7.523e-27,1.545e-43,,,,7.330e-18,5.811e-20,,3.308e-15,3.298e-17,1.356e-28,6.995e-17,1.690e-20,,3.184e-19,,,,2.945e-4,,3.078e-17,,1.473e-26,,,,5.996e-4,1.784e-16,4.820e-5,1.372e-11,,,,,2.788e-2,,,,,,,,,3.174e-18,,,,,,,,,,,,,,
857.44,3.190e-2,2.079e-18,7.549e-27,1.529e-43,,,,7.336e-18,5.797e-20,,3.309e-15,3.303e-17,1.355e-28,6.997e-17,1.690e-20,,3.186e-19,,,,2.287e-4,,3.067e-17,,1.474e-26,,,,5.613e-4,1.782e-16,5.752e-5,1.284e-11,,,,,3.106e-2,,,,,,,,,3.175e-18,,,,,,,,,,,,,,
857.46,3.412e-2,2.078e-18,7.567e-27,1.518e-43,,,,7.340e-18,5.788e-20,,3.309e-15,3.307e-17,1.355e-28,6.998e-17,1.691e-20,,3.188e-19,,,,1.930e-4,,3.061e-17,,1.475e-26,,,,5.364e-4,1.780e-16,6.462e-5,1.228e-11,,,,,3.333e-2,,,,,,,,,3.175e-18,,,,,,,,,,,,,,
857.48,3.647e-2,2.076e-18,7.584e-27,1.507e-43,,,,7.344e-18,5.779e-20,,3.309e-15,3.311e-17,1.355e-28,6.999e-17,1.691e-20,,3.190e-19,,,,1.626e-4,,3.054e-17,,1.476e-26,,,,5.120e-4,1.779e-16,7.253e-5,1.172e-11,,,,,3.572e-2,,,,,,,,,3.175e-18,,,,,,,,,,,,,,
857.51,4.026e-2,2.074e-18,7.610e-27,1.490e-43,,,,7.350e-18,5.765e-20,,3.310e-15,3.317e-17,1.355e-28,7.001e-17,1.691e-20,,3.193e-19,,,,1.256e-4,,3.043e-17,,1.478e-26,,,,4.767e-4,1.776e-16,8.607e-5,1.092e-11,,,,,3.957e-2,,,,,,,,,3.175e-18,,,,,,,,,,,,,,
857.53,4.297e-2,2.072e-18,7.627e-27,1.479e-43,,,,7.354e-18,5.756e-20,,3.310e-15,3.321e-17,1.354e-28,7.002e-17,1.691e-20,,3.195e-19,,,,1.056e-4,,3.037e-17,,1.479e-26,,,,4.539e-4,1.775e-16,9.636e-5,1.041e-11,,,,,4.231e-2,,,,,,,,,3.176e-18,,,,,,,,,,,,,,
857.56,4.730e-2,2.070e-18,7.654e-27,1.462e-43,,,,7.360e-18,5.742e-20,,3.311e-15,3.327e-17,1.354e-28,7.004e-17,1.692e-20,,3.198e-19,,,,8.123e-5,,3.026e-17,,1.481e-26,,,,4.209e-4,1.772e-16,1.139e-4,9.667e-12,,,,,4.669e-2,,,,,,,,,3.176e-18,,,,,,,,,,,,,,
857.58,5.038e-2,2.068e-18,7.671e-27,1.451e-43,,,,7.364e-18,5.733e-20,,3.311e-15,3.331e-17,1.354e-28,7.005e-17,1.692e-20,,3.200e-19,,,,6.811e-5,,3.020e-17,,1.482e-26,,,,3.997e-4,1.771e-16,1.272e-4,9.192e-12,,,,,4.979e-2,,,,,,,,,3.176e-18,,,,,,,,,,,,,,
857.61,5.530e-2,2.066e-18,7.697e-27,1.435e-43,,,,7.370e-18,5.719e-20,,3.312e-15,3.337e-17,1.353e-28,7.007e-17,1.692e-20,,3.202e-19,,,,5.219e-5,,3.009e-17,,1.483e-26,,,,3.692e-4,1.768e-16,1.498e-4,8.508e-12,,,,,5.472e-2,,,,,,,,,3.177e-18,,,,,,,,,,,,,,
857.63,5.877e-2,2.064e-18,7.714e-27,1.424e-43,,,,7.374e-18,5.710e-20,,3.312e-15,3.340e-17,1.353e-28,7.008e-17,1.693e-20,,3.204e-19,,,,4.365e-5,,3.003e-17,,1.484e-26,,,,3.497e-4,1.767e-16,1.668e-4,8.072e-12,,,,,5.821e-2,,,,,,,,,3.177e-18,,,,,,,,,,,,,,
857.66,6.428e-2,2.062e-18,7.740e-27,1.407e-43,,,,7.380e-18,5.696e-20,,3.313e-15,3.346e-17,1.353e-28,7.010e-17,1.693e-20,,3.207e-19,,,,3.331e-5,,2.992e-17,,1.486e-26,,,,3.218e-4,1.765e-16,1.957e-4,7.447e-12,,,,,6.373e-2,,,,,,,,,3.177e-18,,,,,,,,,,,,,,
857.68,6.816e-2,2.060e-18,7.758e-27,1.396e-43,,,,7.384e-18,5.687e-20,,3.313e-15,3.350e-17,1.352e-28,7.011e-17,1.693e-20,,3.209e-19,,,,2.779e-5,,2.985e-17,,1.487e-26,,,,3.040e-4,1.763e-16,2.173e-4,7.049e-12,,,,,6.761e-2,,,,,,,,,3.177e-18,,,,,,,,,,,,,,
857.71,7.430e-2,2.058e-18,7.784e-27,1.379e-43,,,,7.390e-18,5.674e-20,,3.314e-15,3.356e-17,1.352e-28,7.013e-17,1.693e-20,,3.212e-19,,,,2.113e-5,,2.975e-17,,1.489e-26,,,,2.786e-4,1.761e-16,2.539e-4,6.482e-12,,,,,7.374e-2,,,,,,,,,3.178e-18,,,,,,,,,,,,,,
857.73,7.859e-2,2.056e-18,7.801e-27,1.368e-43,,,,7.394e-18,5.664e-20,,3.314e-15,3.360e-17,1.352e-28,7.014e-17,1.694e-20,,3.214e-19,,,,1.757e-5,,2.968e-17,,1.490e-26,,,,2.625e-4,1.759e-16,2.814e-4,6.123e-12,,,,,7.803e-2,,,,,,,,,3.178e-18,,,,,,,,,,,,,,
857.76,8.535e-2,2.054e-18,7.827e-27,1.352e-43,,,,7.400e-18,5.651e-20,,3.315e-15,3.366e-17,1.351e-28,7.016e-17,1.694e-20,,3.216e-19,,,,1.331e-5,,2.958e-17,,1.491e-26,,,,2.397e-4,1.757e-16,3.275e-4,5.612e-12,,,,,8.477e-2,,,,,,,,,3.178e-18,,,,,,,,,,,,,,
857.78,9.007e-2,2.052e-18,7.845e-27,1.341e-43,,,,7.405e-18,5.641e-20,,3.315e-15,3.370e-17,1.351e-28,7.017e-17,1.694e-20,,3.218e-19,,,,1.104e-5,,2.951e-17,,1.492e-26,,,,2.252e-4,1.755e-16,3.619e-4,5.289e-12,,,,,8.947e-2,,,,,,,,,3.179e-18,,,,,,,,,,,,,,
857.81,9.746e-2,2.050e-18,7.871e-27,1.324e-43,,,,7.411e-18,5.628e-20,,3.316e-15,3.375e-17,1.351e-28,7.019e-17,1.695e-20,,3.221e-19,,,,8.329e-6,,2.941e-17,,1.494e-26,,,,2.048e-4,1.753e-16,4.196e-4,4.831e-12,,,,,9.683e-2,,,,,,,,,3.179e-18,,,,,,,,,,,,,,
857.83,1.026e-1,2.048e-18,7.888e-27,1.313e-43,,,,7.415e-18,5.619e-20,,3.317e-15,3.379e-17,1.351e-28,7.020e-17,1.695e-20,,3.223e-19,,,,6.893e-6,,2.934e-17,,1.495e-26,,,,1.920e-4,1.751e-16,4.625e-4,4.543e-12,,,,,1.019e-1,,,,,,,,,3.179e-18,,,,,,,,,,,,,,
857.85,1.079e-1,2.046e-18,7.905e-27,1.302e-43,,,,7.419e-18,5.609e-20,,3.317e-15,3.383e-17,1.350e-28,7.022e-17,1.695e-20,,3.225e-19,,,,5.698e-6,,2.927e-17,,1.496e-26,,,,1.798e-4,1.750e-16,5.092e-4,4.269e-12,,,,,1.072e-1,,,,,,,,,3.180e-18,,,,,,,,,,,,,,
857.88,1.161e-1,2.044e-18,7.931e-27,1.285e-43,,,,7.425e-18,5.596e-20,,3.318e-15,3.389e-17,1.350e-28,7.023e-17,1.695e-20,,3.228e-19,,,,4.275e-6,,2.917e-17,,1.498e-26,,,,1.626e-4,1.748e-16,5.872e-4,3.881e-12,,,,,1.154e-1,,,,,,,,,3.180e-18,,,,,,,,,,,,,,
857.9,1.218e-1,2.042e-18,7.949e-27,1.274e-43,,,,7.429e-18,5.587e-20,,3.318e-15,3.393e-17,1.350e-28,7.025e-17,1.695e-20,,3.229e-19,,,,3.524e-6,,2.910e-17,,1.499e-26,,,,1.519e-4,1.746e-16,6.449e-4,3.639e-12,,,,,1.210e-1,,,,,,,,,3.180e-18,,,,,,,,,,,,,,
857.93,1.306e-1,2.040e-18,7.975e-27,1.258e-43,,,,7.435e-18,5.573e-20,,3.319e-15,3.399e-17,1.349e-28,7.026e-17,1.696e-20,,3.232e-19,,,,2.634e-6,,2.900e-17,,1.500e-26,,,,1.368e-4,1.744e-16,7.407e-4,3.297e-12,,,,,1.297e-1,,,,,,,,,3.181e-18,,,,,,,,,,,,,,
857.95,1.367e-1,2.038e-18,7.992e-27,1.246e-43,,,,7.439e-18,5.564e-20,,3.319e-15,3.403e-17,1.349e-28,7.028e-17,1.696e-20,,3.234e-19,,,,2.166e-6,,2.893e-17,,1.501e-26,,,,1.274e-4,1.742e-16,8.114e-4,3.084e-12,,,,,1.357e-1,,,,,,,,,3.181e-18,,,,,,,,,,,,,,
857.98,1.460e-1,2.036e-18,8.018e-27,1.230e-43,,,,7.445e-18,5.550e-20,,3.320e-15,3.409e-17,1.349e-28,7.029e-17,1.696e-20,,3.237e-19,,,,1.612e-6,,2.883e-17,,1.503e-26,,,,1.144e-4,1.740e-16,9.284e-4,2.786e-12,,,,,1.449e-1,,,,,,,,,3.181e-18,,,,,,,,,,,,,,
858,1.524e-1,2.034e-18,8.036e-27,1.219e-43,,,,7.449e-18,5.541e-20,,3.320e-15,3.412e-17,1.348e-28,7.031e-17,1.697e-20,,3.239e-19,,,,1.322e-6,,2.876e-17,,1.504e-26,,,,1.062e-4,1.738e-16,1.014e-3,2.600e-12,,,,,1.512e-1,,,,,,,,,3.181e-18,,,,,,,,,,,,,,
858.03,1.621e-1,2.032e-18,8.062e-27,1.202e-43,,,,7.455e-18,5.527e-20,,3.321e-15,3.418e-17,1.348e-28,7.032e-17,1.697e-20,,3.242e-19,,,,9.801e-7,,2.866e-17,,1.506e-26,,,,9.497e-5,1.736e-16,1.156e-3,2.341e-12,,,,,1.609e-1,,,,,,,,,3.182e-18,,,,,,,,,,,,,,
858.05,1.688e-1,2.030e-18,8.079e-27,1.191e-43,,,,7.459e-18,5.518e-20,,3.321e-15,3.422e-17,1.348e-28,7.034e-17,1.697e-20,,3.243e-19,,,,8.018e-7,,2.859e-17,,1.507e-26,,,,8.800e-5,1.734e-16,1.260e-3,2.180e-12,,,,,1.675e-1,,,,,,,,,3.182e-18,,,,,,,,,,,,,,
858.08,1.790e-1,2.028e-18,8.105e-27,1.174e-43,,,,7.465e-18,5.504e-20,,3.322e-15,3.428e-17,1.347e-28,7.036e-17,1.697e-20,,3.246e-19,,,,5.921e-7,,2.849e-17,,1.508e-26,,,,7.835e-5,1.732e-16,1.430e-3,1.955e-12,,,,,1.774e-1,,,,,,,,,3.182e-18,,,,,,,,,,,,,,
858.1,1.858e-1,2.026e-18,8.122e-27,1.163e-43,,,,7.469e-18,5.495e-20,,3.322e-15,3.432e-17,1.347e-28,7.037e-17,1.698e-20,,3.248e-19,,,,4.831e-7,,2.842e-17,,1.509e-26,,,,7.242e-5,1.731e-16,1.555e-3,1.817e-12,,,,,1.842e-1,,,,,,,,,3.183e-18,,,,,,,,,,,,,,
858.13,1.963e-1,2.024e-18,8.148e-27,1.147e-43,,,,7.475e-18,5.481e-20,,3.323e-15,3.438e-17,1.347e-28,7.039e-17,1.698e-20,,3.251e-19,,,,3.554e-7,,2.832e-17,,1.511e-26,,,,6.423e-5,1.728e-16,1.758e-3,1.625e-12,,,,,1.944e-1,,,,,,,,,3.183e-18,,,,,,,,,,,,,,
858.15,2.033e-1,2.022e-18,8.166e-27,1.136e-43,,,,7.479e-18,5.472e-20,,3.323e-15,3.442e-17,1.347e-28,7.040e-17,1.698e-20,,3.253e-19,,,,2.892e-7,,2.825e-17,,1.512e-26,,,,5.921e-5,1.727e-16,1.906e-3,1.506e-12,,,,,2.013e-1,,,,,,,,,3.183e-18,,,,,,,,,,,,,,
858.18,2.139e-1,2.020e-18,8.192e-27,1.119e-43,,,,7.486e-18,5.458e-20,,3.324e-15,3.447e-17,1.346e-28,7.042e-17,1.699e-20,,3.256e-19,,,,2.119e-7,,2.815e-17,,1.514e-26,,,,5.231e-5,1.724e-16,2.147e-3,1.342e-12,,,,,2.117e-1,,,,,,,,,3.184e-18,,,,,,,,,,,,,,
858.2,2.210e-1,2.018e-18,8.209e-27,1.108e-43,,,,7.490e-18,5.449e-20,,3.324e-15,3.451e-17,1.346e-28,7.043e-17,1.699e-20,,3.257e-19,,,,1.720e-7,,2.808e-17,,1.515e-26,,,,4.809e-5,1.723e-16,2.322e-3,1.241e-12,,,,,2.186e-1,,,,,,,,,3.184e-18,,,,,,,,,,,,,,
858.23,2.316e-1,2.016e-18,8.235e-27,1.091e-43,,,,7.496e-18,5.436e-20,,3.325e-15,3.457e-17,1.346e-28,7.045e-17,1.699e-20,,3.260e-19,,,,1.255e-7,,2.798e-17,,1.516e-26,,,,4.232e-5,1.721e-16,2.606e-3,1.103e-12,,,,,2.289e-1,,,,,,,,,3.184e-18,,,,,,,,,,,,,,
858.25,2.387e-1,2.014e-18,8.253e-27,1.080e-43,,,,7.500e-18,5.426e-20,,3.325e-15,3.461e-17,1.345e-28,7.046e-17,1.699e-20,,3.262e-19,,,,1.016e-7,,2.791e-17,,1.517e-26,,,,3.881e-5,1.719e-16,2.810e-3,1.018e-12,,,,,2.358e-1,,,,,,,,,3.184e-18,,,,,,,,,,,,,,
858.27,2.457e-1,2.013e-18,8.270e-27,1.069e-43,,,,7.504e-18,5.417e-20,,3.325e-15,3.465e-17,1.345e-28,7.047e-17,1.700e-20,,3.264e-19,,,,8.216e-8,,2.784e-17,,1.519e-26,,,,3.556e-5,1.717e-16,3.028e-3,9.382e-13,,,,,2.426e-1,,,,,,,,,3.185e-18,,,,,,,,,,,,,,
858.3,2.562e-1,2.010e-18,8.296e-27,1.053e-43,,,,7.510e-18,5.404e-20,,3.326e-15,3.471e-17,1.345e-28,7.049e-17,1.700e-20,,3.267e-19,,,,5.963e-8,,2.774e-17,,1.520e-26,,,,3.112e-5,1.715e-16,3.380e-3,8.292e-13,,,,,2.528e-1,,,,,,,,,3.185e-18,,,,,,,,,,,,,,
858.32,2.631e-1,2.009e-18,8.313e-27,1.042e-43,,,,7.514e-18,5.394e-20,,3.326e-15,3.475e-17,1.344e-28,7.050e-17,1.700e-20,,3.269e-19,,,,4.809e-8,,2.767e-17,,1.521e-26,,,,2.843e-5,1.714e-16,3.632e-3,7.629e-13,,,,,2.594e-1,,,,,,,,,3.185e-18,,,,,,,,,,,,,,
858.35,2.732e-1,2.006e-18,8.340e-27,1.025e-43,,,,7.520e-18,5.381e-20,,3.327e-15,3.480e-17,1.344e-28,7.052e-17,1.700e-20,,3.271e-19,,,,3.477e-8,,2.757e-17,,1.523e-26,,,,2.479e-5,1.711e-16,4.038e-3,6.720e-13,,,,,2.692e-1,,,,,,,,,3.186e-18,,,,,,,,,,,,,,
858.37,2.799e-1,2.005e-18,8.357e-27,1.014e-43,,,,7.524e-18,5.372e-20,,3.327e-15,3.484e-17,1.344e-28,7.053e-17,1.701e-20,,3.273e-19,,,,2.797e-8,,2.750e-17,,1.524e-26,,,,2.259e-5,1.710e-16,4.328e-3,6.168e-13,,,,,2.755e-1,,,,,,,,,3.186e-18,,,,,,,,,,,,,,
858.4,2.896e-1,2.002e-18,8.383e-27,9.973e-44,,,,7.530e-18,5.358e-20,,3.328e-15,3.490e-17,1.343e-28,7.055e-17,1.701e-20,,3.276e-19,,,,2.014e-8,,2.740e-17,,1.525e-26,,,,1.962e-5,1.707e-16,4.793e-3,5.414e-13,,,,,2.848e-1,,,,,,,,,3.186e-18,,,,,,,,,,,,,,
858.42,2.959e-1,2.001e-18,8.400e-27,9.862e-44,,,,7.534e-18,5.349e-20,,3.329e-15,3.494e-17,1.343e-28,7.056e-17,1.701e-20,,3.278e-19,,,,1.616e-8,,2.733e-17,,1.527e-26,,,,1.783e-5,1.706e-16,5.124e-3,4.958e-13,,,,,2.908e-1,,,,,,,,,3.186e-18,,,,,,,,,,,,,,
858.45,3.050e-1,1.998e-18,8.426e-27,9.696e-44,,,,7.540e-18,5.335e-20,,3.329e-15,3.500e-17,1.343e-28,7.058e-17,1.702e-20,,3.281e-19,,,,1.159e-8,,2.723e-17,,1.528e-26,,,,1.542e-5,1.704e-16,5.653e-3,4.337e-13,,,,,2.994e-1,,,,,,,,,3.187e-18,,,,,,,,,,,,,,
858.47,3.109e-1,1.997e-18,8.444e-27,9.586e-44,,,,7.544e-18,5.326e-20,,3.330e-15,3.504e-17,1.343e-28,7.059e-17,1.702e-20,,3.283e-19,,,,9.276e-9,,2.716e-17,,1.529e-26,,,,1.398e-5,1.702e-16,6.028e-3,3.962e-13,,,,,3.049e-1,,,,,,,,,3.187e-18,,,,,,,,,,,,,,
858.5,3.193e-1,1.994e-18,8.470e-27,9.420e-44,,,,7.550e-18,5.312e-20,,3.330e-15,3.510e-17,1.342e-28,7.061e-17,1.702e-20,,3.285e-19,,,,6.627e-9,,2.706e-17,,1.531e-26,,,,1.205e-5,1.700e-16,6.624e-3,3.454e-13,,,,,3.127e-1,,,,,,,,,3.187e-18,,,,,,,,,,,,,,
858.52,3.246e-1,1.993e-18,8.487e-27,9.309e-44,,,,7.554e-18,5.303e-20,,3.331e-15,4.667e-17,1.342e-28,7.062e-17,1.702e-20,,3.287e-19,,,,5.289e-9,,2.699e-17,,1.532e-26,,,,1.089e-5,1.698e-16,7.045e-3,3.149e-13,,,,,3.176e-1,,,,,,,,,3.188e-18,,,,,,,,,,,,,,
858.55,3.322e-1,1.990e-18,8.513e-27,9.143e-44,,,,7.561e-18,5.289e-20,,3.331e-15,7.141e-17,1.342e-28,7.064e-17,1.703e-20,,3.290e-19,,,,3.764e-9,,2.689e-17,,1.533e-26,,,,9.348e-6,1.696e-16,7.712e-3,2.735e-13,,,,,3.244e-1,,,,,,,,,3.188e-18,,,,,,,,,,,,,,
858.57,3.369e-1,1.989e-18,8.531e-27,9.032e-44,,,,7.565e-18,5.280e-20,,3.332e-15,9.471e-17,1.341e-28,7.065e-17,1.703e-20,,3.292e-19,,,,2.997e-9,,2.682e-17,,1.535e-26,,,,8.431e-6,1.694e-16,8.181e-3,2.487e-13,,,,,3.287e-1,,,,,,,,,3.188e-18,,,,,,,,,,,,,,
858.6,3.434e-1,1.986e-18,8.557e-27,8.866e-44,,,,7.571e-18,5.266e-20,,3.332e-15,1.444e-16,1.341e-28,7.067e-17,1.703e-20,,3.295e-19,,,,2.124e-9,,2.671e-17,,1.536e-26,,,,7.208e-6,1.692e-16,8.921e-3,2.153e-13,,,,,3.345e-1,,,,,,,,,3.189e-18,,,,,,,,,,,,,,
858.62,3.474e-1,1.985e-18,8.574e-27,8.755e-44,,,,7.575e-18,5.257e-20,,3.333e-15,1.910e-16,1.341e-28,7.068e-17,1.703e-20,,3.297e-19,,,,1.687e-9,,2.665e-17,,1.537e-26,,,,6.484e-6,1.690e-16,9.438e-3,1.954e-13,,,,,3.380e-1,,,,,,,,,3.189e-18,,,,,,,,,,,,,,
858.64,3.511e-1,1.983e-18,8.591e-27,8.644e-44,,,,7.579e-18,5.248e-20,,3.333e-15,2.524e-16,1.340e-28,7.069e-17,1.704e-20,,3.299e-19,,,,1.338e-9,,2.658e-17,,1.538e-26,,,,5.826e-6,1.689e-16,9.976e-3,1.771e-13,,,,,3.411e-1,,,,,,,,,3.189e-18,,,,,,,,,,,,,,
858.67,3.561e-1,1.981e-18,8.617e-27,8.478e-44,,,,7.585e-18,5.234e-20,,3.334e-15,3.827e-16,1.340e-28,7.071e-17,1.704e-20,,3.301e-19,,,,9.430e-10,,2.648e-17,,1.540e-26,,,,4.954e-6,1.687e-16,1.082e-2,1.525e-13,,,,,3.453e-1,,,,,,,,,3.190e-18,,,,,,,,,,,,,,
858.69,3.590e-1,1.979e-18,8.635e-27,8.368e-44,,,,7.589e-18,5.225e-20,,3.334e-15,5.044e-16,1.340e-28,7.072e-17,1.704e-20,,3.303e-19,,,,7.460e-10,,2.641e-17,,1.541e-26,,,,4.440e-6,1.685e-16,1.141e-2,1.379e-13,,,,,3.476e-1,,,,,,,,,3.190e-18,,,,,,,,,,,,,,
858.72,3.628e-1,1.976e-18,8.661e-27,8.201e-44,,,,7.595e-18,5.211e-20,,3.335e-15,7.619e-16,1.339e-28,7.074e-17,1.705e-20,,3.306e-19,,,,5.238e-10,,2.631e-17,,1.543e-26,,,,3.760e-6,1.683e-16,1.232e-2,1.184e-13,,,,,3.505e-1,,,,,,,,,4.892e-18,,,,,,,,,,,,,,
858.74,3.649e-1,1.975e-18,8.678e-27,8.091e-44,,,,7.599e-18,5.202e-20,,3.335e-15,1.002e-15,1.339e-28,7.075e-17,1.705e-20,,3.308e-19,,,,4.133e-10,,2.624e-17,,1.544e-26,,,,3.361e-6,1.681e-16,1.296e-2,1.068e-13,,,,,3.519e-1,,,,,,,,,6.496e-18,,,,,,,,,,,,,,
858.77,3.674e-1,1.972e-18,8.704e-27,7.925e-44,,,,7.605e-18,5.189e-20,,3.336e-15,1.507e-15,1.339e-28,7.077e-17,1.705e-20,,3.311e-19,,,,2.891e-10,,2.613e-17,,1.545e-26,,,,2.835e-6,1.679e-16,1.394e-2,9.137e-14,,,,,3.534e-1,,,,,,,,,9.924e-18,,,,,,,,,,,,,,
858.79,3.686e-1,1.971e-18,8.722e-27,7.814e-44,,,,7.609e-18,5.179e-20,,3.336e-15,1.976e-15,1.339e-28,7.078e-17,1.705e-20,,3.313e-19,,,,2.275e-10,,2.607e-17,,1.546e-26,,,,2.528e-6,1.677e-16,1.462e-2,8.223e-14,,,,,3.540e-1,,,,,,,,,1.315e-17,,,,,,,,,,,,,,
858.82,3.698e-1,1.968e-18,8.748e-27,7.648e-44,,,,7.615e-18,5.166e-20,,3.337e-15,2.962e-15,1.338e-28,7.080e-17,1.706e-20,,3.315e-19,,,,1.585e-10,,2.596e-17,,1.548e-26,,,,2.124e-6,1.675e-16,1.568e-2,7.009e-14,,,,,3.541e-1,,,,,,,,,2.001e-17,,,,,,,,,,,,,,
858.84,3.701e-1,1.967e-18,8.765e-27,7.537e-44,,,,7.619e-18,5.156e-20,,3.337e-15,3.875e-15,1.338e-28,7.081e-17,1.706e-20,,3.317e-19,,,,1.244e-10,,2.590e-17,,1.549e-26,,,,1.889e-6,1.673e-16,1.640e-2,6.293e-14,,,,,3.537e-1,,,,,,,,,2.644e-17,,,,,,,,,,,,,,
858.87,3.700e-1,1.964e-18,8.791e-27,7.371e-44,,,,7.625e-18,5.143e-20,,3.338e-15,5.786e-15,1.338e-28,7.083e-17,1.706e-20,,3.320e-19,,,,8.632e-11,,2.579e-17,,1.551e-26,,,,1.581e-6,1.671e-16,1.751e-2,5.344e-14,,,,,3.525e-1,,,,,,,,,4.007e-17,,,,,,,,,,,,,,
858.89,3.695e-1,1.963e-18,8.808e-27,7.260e-44,,,,7.629e-18,5.134e-20,,3.338e-15,7.548e-15,1.337e-28,7.084e-17,1.706e-20,,3.322e-19,,,,6.757e-11,,2.573e-17,,1.552e-26,,,,1.402e-6,1.670e-16,1.827e-2,4.787e-14,,,,,3.512e-1,,,,,,,,,5.282e-17,,,,,,,,,,,,,,
858.92,3.681e-1,1.960e-18,8.834e-27,7.094e-44,,,,7.636e-18,5.120e-20,,3.339e-15,1.123e-14,1.337e-28,7.086e-17,1.707e-20,,3.325e-19,,,,4.671e-11,,2.562e-17,,1.553e-26,,,,1.169e-6,1.667e-16,1.943e-2,4.051e-14,,,,,3.486e-1,,,,,,,,,7.976e-17,,,,,,,,,,,,,,
858.94,3.667e-1,1.959e-18,8.852e-27,6.983e-44,,,,7.640e-18,5.111e-20,,3.339e-15,1.461e-14,1.337e-28,7.087e-17,1.707e-20,,3.327e-19,,,,3.647e-11,,2.555e-17,,1.554e-26,,,,1.034e-6,1.666e-16,2.022e-2,3.620e-14,,,,,3.465e-1,,,,,,,,,1.048e-16,,,,,,,,,,,,,,
858.97,3.640e-1,1.956e-18,8.878e-27,6.817e-44,,,,7.646e-18,5.097e-20,,3.340e-15,2.165e-14,1.336e-28,7.089e-17,1.707e-20,,3.329e-19,,,,2.511e-11,,2.545e-17,,1.556e-26,,,,8.591e-7,1.663e-16,2.143e-2,3.052e-14,,,,,3.426e-1,,,,,,,,,1.577e-16,,,,,,,,,,,,,,
858.99,3.618e-1,1.955e-18,8.895e-27,6.706e-44,,,,7.650e-18,5.088e-20,,3.340e-15,2.810e-14,1.336e-28,7.090e-17,1.707e-20,,3.331e-19,,,,1.955e-11,,2.538e-17,,1.557e-26,,,,7.580e-7,1.662e-16,2.224e-2,2.721e-14,,,,,3.396e-1,,,,,,,,,2.068e-16,,,,,,,,,,,,,,
859.01,3.593e-1,1.953e-18,8.913e-27,6.596e-44,,,,7.654e-18,5.079e-20,,3.341e-15,3.644e-14,1.336e-28,7.092e-17,1.708e-20,,3.333e-19,,,,1.521e-11,,2.532e-17,,1.558e-26,,,,6.681e-7,1.660e-16,2.306e-2,2.423e-14,,,,,3.363e-1,,,,,,,,,2.709e-16,,,,,,,,,,,,,,
859.04,3.550e-1,1.951e-18,8.939e-27,6.430e-44,,,,7.660e-18,5.065e-20,,3.341e-15,5.369e-14,1.336e-28,7.093e-17,1.708e-20,,3.336e-19,,,,1.042e-11,,2.521e-17,,1.560e-26,,,,5.518e-7,1.658e-16,2.430e-2,2.032e-14,,,,,3.307e-1,,,,,,,,,4.053e-16,,,,,,,,,,,,,,
859.06,3.517e-1,1.949e-18,8.956e-27,6.319e-44,,,,7.664e-18,5.056e-20,,3.342e-15,6.945e-14,1.335e-28,7.095e-17,1.708e-20,,3.338e-19,,,,8.081e-12,,2.515e-17,,1.561e-26,,,,4.852e-7,1.656e-16,2.513e-2,1.806e-14,,,,,3.266e-1,,,,,,,,,5.296e-16,,,,,,,,,,,,,,
859.09,3.463e-1,1.947e-18,8.982e-27,6.153e-44,,,,7.670e-18,5.042e-20,,3.342e-15,1.020e-13,1.335e-28,7.096e-17,1.709e-20,,3.341e-19,,,,5.512e-12,,2.504e-17,,1.562e-26,,,,3.991e-7,1.654e-16,2.638e-2,1.509e-14,,,,,3.199e-1,,,,,,,,,7.894e-16,,,,,,,,,,,,,,
859.11,3.424e-1,1.945e-18,8.999e-27,6.042e-44,,,,7.674e-18,5.033e-20,,3.343e-15,1.315e-13,1.335e-28,7.098e-17,1.709e-20,,3.342e-19,,,,4.265e-12,,2.497e-17,,1.563e-26,,,,3.500e-7,1.653e-16,2.722e-2,1.338e-14,,,,,3.151e-1,,,,,,,,,1.029e-15,,,,,,,,,,,,,,
859.14,3.360e-1,1.943e-18,9.026e-27,5.876e-44,,,,7.680e-18,5.019e-20,,3.343e-15,1.923e-13,1.334e-28,7.099e-17,1.709e-20,,3.345e-19,,,,2.898e-12,,2.487e-17,,1.565e-26,,,,2.868e-7,1.650e-16,2.846e-2,1.114e-14,,,,,3.075e-1,,,,,,,,,1.527e-15,,,,,,,,,,,,,,
859.16,3.314e-1,1.941e-18,9.043e-27,5.765e-44,,,,7.684e-18,5.010e-20,,3.344e-15,2.475e-13,1.334e-28,7.101e-17,1.709e-20,,3.347e-19,,,,2.236e-12,,2.480e-17,,1.566e-26,,,,2.509e-7,1.649e-16,2.928e-2,9.848e-15,,,,,3.021e-1,,,,,,,,,1.985e-15,,,,,,,,,,,,,,
859.19,3.242e-1,1.939e-18,9.069e-27,5.599e-44,,,,7.690e-18,4.996e-20,,3.344e-15,3.606e-13,1.334e-28,7.102e-17,1.710e-20,,3.350e-19,,,,1.513e-12,,2.470e-17,,1.568e-26,,,,2.048e-7,1.646e-16,3.050e-2,8.171e-15,,,,,2.937e-1,,,,,,,,,2.937e-15,,,,,,,,,,,,,,
859.21,3.191e-1,1.937e-18,9.086e-27,5.488e-44,,,,7.694e-18,4.987e-20,,3.345e-15,4.628e-13,1.333e-28,7.104e-17,1.710e-20,,3.352e-19,,,,1.165e-12,,2.463e-17,,1.569e-26,,,,1.786e-7,1.645e-16,3.130e-2,7.206e-15,,,,,2.878e-1,,,,,,,,,3.807e-15,,,,,,,,,,,,,,
859.24,3.111e-1,1.935e-18,9.112e-27,5.322e-44,,,,7.700e-18,4.973e-20,,3.345e-15,6.716e-13,1.333e-28,7.105e-17,1.710e-20,,3.355e-19,,,,7.853e-13,,2.453e-17,,1.570e-26,,,,1.452e-7,1.643e-16,3.247e-2,5.957e-15,,,,,2.787e-1,,,,,,,,,5.610e-15,,,,,,,,,,,,,,
859.26,3.056e-1,1.933e-18,9.130e-27,5.212e-44,,,,7.704e-18,4.964e-20,,3.346e-15,8.597e-13,1.333e-28,7.107e-17,1.710e-20,,3.356e-19,,,,6.029e-13,,2.446e-17,,1.571e-26,,,,1.264e-7,1.641e-16,3.324e-2,5.241e-15,,,,,2.724e-1,,,,,,,,,7.255e-15,,,,,,,,,,,,,,
859.29,2.970e-1,1.931e-18,9.156e-27,5.045e-44,,,,7.710e-18,4.951e-20,,3.346e-15,1.243e-12,1.332e-28,1.090e-16,1.711e-20,,3.359e-19,,,,4.048e-13,,2.436e-17,,1.573e-26,,,,1.023e-7,1.639e-16,3.435e-2,4.317e-15,,,,,2.627e-1,,,,,,,,,1.065e-14,,,,,,,,,,,,,,
859.31,2.912e-1,1.929e-18,9.173e-27,4.935e-44,,,,7.715e-18,4.941e-20,,3.347e-15,1.587e-12,1.332e-28,1.448e-16,1.711e-20,,3.361e-19,,,,3.100e-13,,2.429e-17,,1.574e-26,,,,8.882e-8,1.637e-16,3.507e-2,3.788e-15,,,,,2.561e-1,,,,,,,,,1.374e-14,,,,,,,,,,,,,,
859.34,2.821e-1,1.927e-18,9.199e-27,4.769e-44,,,,7.721e-18,4.928e-20,,3.347e-15,2.286e-12,1.332e-28,2.212e-16,1.711e-20,,3.364e-19,,,,2.073e-13,,2.419e-17,,1.576e-26,,,,7.165e-8,1.635e-16,3.611e-2,3.109e-15,,,,,2.460e-1,,,,,,,,,2.008e-14,,,,,,,,,,,,,,
859.36,2.760e-1,1.925e-18,9.217e-27,4.658e-44,,,,7.725e-18,4.919e-20,,3.348e-15,2.911e-12,1.332e-28,2.931e-16,1.712e-20,,3.366e-19,,,,1.583e-13,,2.412e-17,,1.577e-26,,,,6.202e-8,1.633e-16,3.677e-2,2.721e-15,,,,,2.392e-1,,,,,,,,,2.584e-14,,,,,,,,,,,,,,
859.38,2.698e-1,1.923e-18,9.234e-27,4.547e-44,,,,7.729e-18,4.909e-20,,3.348e-15,3.704e-12,1.331e-28,3.879e-16,1.712e-20,,3.368e-19,,,,1.208e-13,,2.405e-17,,1.578e-26,,,,5.362e-8,1.632e-16,3.740e-2,2.380e-15,,,,,2.324e-1,,,,,,,,,3.321e-14,,,,,,,,,,,,,,
859.41,2.603e-1,1.921e-18,9.260e-27,4.381e-44,,,,7.735e-18,4.896e-20,,3.349e-15,5.305e-12,1.331e-28,5.896e-16,1.712e-20,,3.370e-19,,,,8.035e-14,,2.395e-17,,1.579e-26,,,,4.302e-8,1.629e-16,3.830e-2,1.943e-15,,,,,2.220e-1,,,,,,,,,4.830e-14,,,,,,,,,,,,,,
859.43,2.540e-1,1.919e-18,9.277e-27,4.270e-44,,,,7.739e-18,4.887e-20,,3.349e-15,6.732e-12,1.331e-28,7.783e-16,1.712e-20,,3.372e-19,,,,6.114e-14,,2.388e-17,,1.580e-26,,,,3.710e-8,1.628e-16,3.886e-2,1.695e-15,,,,,2.151e-1,,,,,,,,,6.192e-14,,,,,,,,,,,,,,
859.46,2.444e-1,1.917e-18,9.303e-27,4.104e-44,,,,7.745e-18,4.873e-20,,3.350e-15,9.607e-12,1.330e-28,1.178e-15,1.713e-20,,3.375e-19,,,,4.051e-14,,2.378e-17,,1.582e-26,,,,2.965e-8,1.626e-16,3.964e-2,1.379e-15,,,,,2.048e-1,,,,,,,,,8.971e-14,,,,,,,,,,,,,,
859.48,2.380e-1,1.915e-18,9.321e-27,3.993e-44,,,,7.749e-18,4.864e-20,,3.350e-15,1.216e-11,1.330e-28,1.552e-15,1.713e-20,,3.377e-19,,,,3.074e-14,,2.371e-17,,1.583e-26,,,,2.551e-8,1.624e-16,4.011e-2,1.200e-15,,,,,1.979e-1,,,,,,,,,1.147e-13,,,,,,,,,,,,,,
859.51,2.284e-1,1.913e-18,9.347e-27,3.827e-44,,,,7.755e-18,4.850e-20,,3.351e-15,1.728e-11,1.330e-28,2.340e-15,1.713e-20,,3.380e-19,,,,2.029e-14,,2.361e-17,,1.585e-26,,,,2.031e-8,1.622e-16,4.075e-2,9.721e-16,,,,,1.876e-1,,,,,,,,,1.656e-13,,,,,,,,,,,,,,
859.53,2.220e-1,1.911e-18,9.364e-27,3.717e-44,,,,7.759e-18,4.841e-20,,3.351e-15,2.182e-11,1.329e-28,3.073e-15,1.713e-20,,3.382e-19,,,,1.536e-14,,2.354e-17,,1.586e-26,,,,1.742e-8,1.620e-16,4.114e-2,8.438e-16,,,,,1.808e-1,,,,,,,,,2.112e-13,,,,,,,,,,,,,,
859.56,2.124e-1,1.909e-18,9.390e-27,3.550e-44,,,,7.765e-18,4.827e-20,,3.352e-15,3.090e-11,1.329e-28,4.617e-15,1.714e-20,,3.384e-19,,,,1.009e-14,,2.344e-17,,1.587e-26,,,,1.381e-8,1.618e-16,4.163e-2,6.812e-16,,,,,1.708e-1,,,,,,,,,3.036e-13,,,,,,,,,,,,,,
859.58,2.061e-1,1.907e-18,9.408e-27,3.440e-44,,,,7.769e-18,4.818e-20,,3.352e-15,3.892e-11,1.329e-28,6.049e-15,1.714e-20,,3.386e-19,,,,7.621e-15,,2.337e-17,,1.588e-26,,,,1.182e-8,1.616e-16,4.191e-2,5.898e-16,,,,,1.642e-1,,,,,,,,,3.862e-13,,,,,,,,,,,,,,
859.61,1.967e-1,1.905e-18,9.434e-27,3.274e-44,,,,7.775e-18,4.804e-20,,3.353e-15,5.489e-11,1.328e-28,9.053e-15,1.714e-20,,3.389e-19,,,,4.990e-15,,2.327e-17,,1.590e-26,,,,9.337e-9,1.614e-16,4.226e-2,4.744e-16,,,,,1.544e-1,,,,,,,,,5.531e-13,,,,,,,,,,,,,,
859.63,1.905e-1,1.903e-18,9.451e-27,3.163e-44,,,,7.779e-18,4.795e-20,,3.353e-15,6.895e-11,1.328e-28,1.183e-14,1.715e-20,,3.391e-19,,,,3.758e-15,,2.320e-17,,1.591e-26,,,,7.968e-9,1.612e-16,4.243e-2,4.097e-16,,,,,1.481e-1,,,,,,,,,7.018e-13,,,,,,,,,,,,,,
859.66,1.814e-1,1.901e-18,9.477e-27,2.997e-44,,,,7.785e-18,4.781e-20,,3.354e-15,9.689e-11,1.328e-28,1.764e-14,1.715e-20,,3.394e-19,,,,2.451e-15,,2.310e-17,,1.593e-26,,,,6.270e-9,1.610e-16,4.261e-2,3.283e-16,,,,,1.388e-1,,,,,,,,,1.001e-12,,,,,,,,,,,,,,
859.68,1.754e-1,1.899e-18,9.494e-27,2.886e-44,,,,7.790e-18,4.772e-20,,3.354e-15,1.214e-10,1.328e-28,2.299e-14,1.715e-20,,3.396e-19,,,,1.840e-15,,2.303e-17,,1.594e-26,,,,5.337e-9,1.609e-16,4.268e-2,2.828e-16,,,,,1.327e-1,,,,,,,,,1.267e-12,,,,,,,,,,,,,,
859.71,1.666e-1,1.897e-18,9.521e-27,4.421e-44,,,,7.796e-18,4.758e-20,,3.355e-15,1.699e-10,1.327e-28,3.414e-14,1.715e-20,,3.398e-19,,,,1.196e-15,,2.293e-17,,1.595e-26,,,,4.183e-9,1.606e-16,4.270e-2,2.258e-16,,,,,1.239e-1,,,,,,,,,1.801e-12,,,,,,,,,,,,,,
859.73,1.608e-1,1.895e-18,9.538e-27,5.868e-44,,,,7.800e-18,4.749e-20,,3.355e-15,2.123e-10,1.327e-28,4.438e-14,1.716e-20,,3.400e-19,,,,1.181e-15,,2.286e-17,,1.596e-26,,,,3.551e-9,1.605e-16,4.265e-2,1.940e-16,,,,,1.182e-1,,,,,,,,,2.274e-12,,,,,,,,,,,,,,
859.75,1.552e-1,1.894e-18,9.555e-27,7.781e-44,,,,7.804e-18,4.740e-20,,3.356e-15,2.651e-10,1.327e-28,5.764e-14,1.716e-20,,3.402e-19,,,,1.167e-15,,2.279e-17,,1.597e-26,,,,3.012e-9,1.603e-16,4.257e-2,1.666e-16,,,,,1.126e-1,,,,,,,,,2.868e-12,,,,,,,,,,,,,,
859.78,1.469e-1,1.891e-18,9.581e-27,1.186e-43,,,,7.810e-18,4.726e-20,,3.356e-15,3.691e-10,1.326e-28,8.515e-14,1.716e-20,,3.405e-19,,,,1.145e-15,,2.269e-17,,1.599e-26,,,,2.347e-9,1.601e-16,4.235e-2,1.323e-16,,,,,1.046e-1,,,,,,,,,4.054e-12,,,,,,,,,,,,,,
859.8,1.415e-1,1.890e-18,9.599e-27,1.568e-43,,,,7.814e-18,4.717e-20,,3.357e-15,4.596e-10,1.326e-28,1.103e-13,1.716e-20,,3.407e-19,,,,1.131e-15,,2.262e-17,,1.600e-26,,,,1.986e-9,1.599e-16,4.215e-2,1.133e-16,,,,,9.937e-2,,,,,,,,,5.099e-12,,,,,,,,,,,,,,
859.83,1.337e-1,1.887e-18,9.625e-27,2.380e-43,,,,7.820e-18,4.703e-20,,3.357e-15,6.374e-10,1.326e-28,1.623e-13,1.717e-20,,3.410e-19,,,,1.110e-15,,2.252e-17,,1.602e-26,,,,1.542e-9,1.597e-16,4.178e-2,8.958e-17,,,,,9.190e-2,,,,,,,,,7.180e-12,,,,,,,,,,,,,,
859.85,1.286e-1,1.886e-18,9.642e-27,3.140e-43,,,,7.824e-18,4.694e-20,,3.358e-15,7.917e-10,1.325e-28,2.097e-13,1.717e-20,,3.412e-19,,,,1.095e-15,,2.245e-17,,1.603e-26,,,,1.301e-9,1.595e-16,4.148e-2,7.652e-17,,,,,8.712e-2,,,,,,,,,9.009e-12,,,,,,,,,,,,,,
859.88,1.212e-1,1.883e-18,9.668e-27,4.748e-43,,,,7.830e-18,4.681e-20,,3.358e-15,1.094e-9,1.325e-28,3.075e-13,1.717e-20,,3.414e-19,,,,1.074e-15,,2.235e-17,,1.604e-26,,,,1.006e-9,1.593e-16,4.095e-2,6.030e-17,,,,,8.026e-2,,,,,,,,,1.264e-11,,,,,,,,,,,,,,
859.9,1.164e-1,1.882e-18,9.685e-27,6.248e-43,,,,7.834e-18,4.671e-20,,3.359e-15,1.355e-9,1.325e-28,3.963e-13,1.717e-20,,3.416e-19,,,,1.060e-15,,2.228e-17,,1.605e-26,,,,8.465e-10,1.592e-16,4.055e-2,5.138e-17,,,,,7.589e-2,,,,,,,,,1.582e-11,,,,,,,,,,,,,,
859.93,1.095e-1,1.879e-18,9.712e-27,9.411e-43,,,,7.840e-18,4.658e-20,,3.359e-15,1.865e-9,1.324e-28,5.787e-13,1.718e-20,,3.419e-19,,,,1.038e-15,,2.218e-17,,1.607e-26,,,,6.522e-10,1.589e-16,3.988e-2,4.033e-17,,,,,6.965e-2,,,,,,,,,2.210e-11,,,,,,,,,,,,,,
859.95,1.051e-1,1.878e-18,9.729e-27,1.235e-42,,,,7.844e-18,4.649e-20,,3.360e-15,2.304e-9,1.324e-28,7.439e-13,1.718e-20,,3.421e-19,,,,1.024e-15,,2.211e-17,,1.608e-26,,,,5.474e-10,1.588e-16,3.938e-2,3.428e-17,,,,,6.569e-2,,,,,,,,,2.759e-11,,,,,,,,,,,,,,
859.98,9.864e-2,1.875e-18,9.755e-27,1.853e-42,,,,7.850e-18,4.635e-20,,3.360e-15,3.159e-9,1.324e-28,1.082e-12,1.718e-20,,3.424e-19,,,,1.002e-15,,2.201e-17,,1.610e-26,,,,4.200e-10,1.585e-16,3.858e-2,2.681e-17,,,,,6.006e-2,,,,,,,,,3.840e-11,,,,,,,,,,,,,,
860,9.451e-2,1.874e-18,9.772e-27,2.426e-42,,,,7.854e-18,4.626e-20,,3.361e-15,3.894e-9,1.324e-28,1.388e-12,1.719e-20,,3.426e-19,,,,9.879e-16,,2.194e-17,,1.611e-26,,,,3.516e-10,1.584e-16,3.801e-2,2.272e-17,,,,,5.650e-2,,,,,,,,,4.782e-11,,,,,,,,,,,,,,
860.03,8.855e-2,1.871e-18,9.798e-27,3.627e-42,,,,7.860e-18,4.612e-20,,3.361e-15,5.318e-9,1.323e-28,2.011e-12,1.719e-20,,3.428e-19,,,,9.664e-16,,2.184e-17,,1.612e-26,,,,2.688e-10,1.582e-16,3.709e-2,1.770e-17,,,,,5.146e-2,,,,,,,,,6.631e-11,,,,,,,,,,,,,,
860.05,8.473e-2,1.870e-18,9.816e-27,4.736e-42,,,,7.864e-18,4.603e-20,,3.362e-15,6.538e-9,1.323e-28,2.572e-12,1.719e-20,,3.430e-19,,,,9.521e-16,,2.177e-17,,1.613e-26,,,,2.244e-10,1.580e-16,3.644e-2,1.497e-17,,,,,4.829e-2,,,,,,,,,8.235e-11,,,,,,,,,,,,,,
860.08,7.924e-2,1.867e-18,9.842e-27,7.053e-42,,,,7.871e-18,4.589e-20,,3.362e-15,8.895e-9,1.323e-28,3.712e-12,1.719e-20,,3.433e-19,,,,9.306e-16,,2.166e-17,,1.615e-26,,,,1.709e-10,1.578e-16,3.542e-2,1.162e-17,,,,,4.382e-2,,,,,,,,,1.138e-10,,,,,,,,,,,,,,
860.1,7.574e-2,1.866e-18,9.859e-27,9.185e-42,,,,7.875e-18,4.580e-20,,3.363e-15,1.091e-8,1.322e-28,4.736e-12,1.720e-20,,3.435e-19,,,,9.163e-16,,2.160e-17,,1.616e-26,,,,1.423e-10,1.576e-16,3.472e-2,9.798e-18,,,,,4.102e-2,,,,,,,,,1.409e-10,,,,,,,,,,,,,,
860.13,7.070e-2,1.863e-18,9.885e-27,1.363e-41,,,,7.881e-18,4.566e-20,,3.363e-15,1.478e-8,1.322e-28,6.810e-12,1.720e-20,,3.438e-19,,,,8.948e-16,,2.149e-17,,1.618e-26,,,,1.079e-10,1.574e-16,3.362e-2,7.575e-18,,,,,3.709e-2,,,,,,,,,1.939e-10,,,,,,,,,,,,,,
860.15,6.750e-2,1.861e-18,9.903e-27,1.770e-41,,,,7.885e-18,4.557e-20,,3.364e-15,1.808e-8,1.322e-28,8.666e-12,1.720e-20,,3.440e-19,,,,8.805e-16,,2.143e-17,,1.619e-26,,,,8.963e-11,1.572e-16,3.286e-2,6.373e-18,,,,,3.464e-2,,,,,,,,,2.396e-10,,,,,,,,,,,,,,
860.17,6.440e-2,1.860e-18,9.920e-27,2.297e-41,,,,7.889e-18,4.548e-20,,3.364e-15,2.209e-8,1.321e-28,1.102e-11,1.720e-20,,3.441e-19,,,,8.662e-16,,2.136e-17,,1.620e-26,,,,7.437e-11,1.571e-16,3.209e-2,5.356e-18,,,,,3.232e-2,,,,,,,,,2.957e-10,,,,,,,,,,,,,,
860.2,5.998e-2,1.857e-18,9.946e-27,3.390e-41,,,,7.895e-18,4.534e-20,,3.365e-15,2.978e-8,1.321e-28,1.576e-11,1.721e-20,,3.444e-19,,,,8.447e-16,,2.126e-17,,1.621e-26,,,,5.610e-11,1.568e-16,3.090e-2,4.119e-18,,,,,2.908e-2,,,,,,,,,4.047e-10,,,,,,,,,,,,,,
860.22,5.717e-2,1.856e-18,9.963e-27,4.388e-41,,,,7.899e-18,4.525e-20,,3.365e-15,3.629e-8,1.321e-28,1.998e-11,1.721e-20,,3.446e-19,,,,8.304e-16,,2.119e-17,,1.623e-26,,,,4.642e-11,1.567e-16,3.009e-2,3.452e-18,,,,,2.708e-2,,,,,,,,,4.983e-10,,,,,,,,,,,,,,
860.25,5.316e-2,1.853e-18,9.989e-27,6.449e-41,,,,7.905e-18,4.511e-20,,3.366e-15,4.873e-8,1.320e-28,2.846e-11,1.721e-20,,3.449e-19,,,,8.089e-16,,2.108e-17,,1.624e-26,,,,3.488e-11,1.565e-16,2.887e-2,2.645e-18,,,,,2.429e-2,,,,,,,,,6.794e-10,,,,,,,,,,,,,,
860.27,5.062e-2,1.852e-18,1.001e-26,8.327e-41,,,,7.909e-18,4.502e-20,,3.366e-15,5.924e-8,1.320e-28,3.600e-11,1.722e-20,,3.451e-19,,,,7.946e-16,,2.102e-17,,1.625e-26,,,,2.879e-11,1.563e-16,2.804e-2,2.211e-18,,,,,2.258e-2,,,,,,,,,8.343e-10,,,,,,,,,,,,,,
860.3,4.700e-2,1.849e-18,1.003e-26,1.219e-40,,,,7.915e-18,4.488e-20,,3.367e-15,7.924e-8,1.320e-28,5.110e-11,1.722e-20,,3.454e-19,,,,7.731e-16,,2.091e-17,,1.627e-26,,,,2.155e-11,1.561e-16,2.680e-2,1.687e-18,,,,,2.020e-2,,,,,,,,,1.133e-9,,,,,,,,,,,,,,
860.32,4.472e-2,1.848e-18,1.005e-26,1.570e-40,,,,7.919e-18,4.479e-20,,3.367e-15,9.608e-8,1.320e-28,6.445e-11,1.722e-20,,3.455e-19,,,,7.588e-16,,2.085e-17,,1.628e-26,,,,1.774e-11,1.559e-16,2.597e-2,1.407e-18,,,,,1.875e-2,,,,,,,,,1.388e-9,,,,,,,,,,,,,,
860.35,4.147e-2,1.845e-18,1.008e-26,2.290e-40,,,,7.925e-18,4.466e-20,,3.368e-15,1.280e-7,1.319e-28,9.114e-11,1.722e-20,,3.458e-19,,,,7.373e-16,,2.074e-17,,1.629e-26,,,,1.322e-11,1.557e-16,2.472e-2,1.070e-18,,,,,1.675e-2,,,,,,,,,1.878e-9,,,,,,,,,,,,,,
860.37,3.942e-2,1.844e-18,1.009e-26,2.942e-40,,,,7.929e-18,4.456e-20,,3.368e-15,1.548e-7,1.319e-28,1.147e-10,1.723e-20,,3.460e-19,,,,7.230e-16,,2.068e-17,,1.631e-26,,,,1.086e-11,1.555e-16,2.389e-2,8.899e-19,,,,,1.553e-2,,,,,,,,,2.294e-9,,,,,,,,,,,,,,
860.4,3.652e-2,1.841e-18,1.012e-26,4.275e-40,,,,7.935e-18,4.443e-20,,3.369e-15,2.055e-7,1.319e-28,1.615e-10,1.723e-20,,3.463e-19,,,,7.015e-16,,2.057e-17,,1.632e-26,,,,8.064e-12,1.553e-16,2.265e-2,6.739e-19,,,,,1.387e-2,,,,,,,,,3.092e-9,,,,,,,,,,,,,,
860.42,3.469e-2,1.840e-18,1.014e-26,5.478e-40,,,,7.939e-18,4.434e-20,,3.369e-15,2.479e-7,1.318e-28,2.027e-10,1.723e-20,,3.465e-19,,,,6.872e-16,,2.050e-17,,1.633e-26,,,,6.604e-12,1.551e-16,2.183e-2,5.592e-19,,,,,1.286e-2,,,,,,,,,3.768e-9,,,,,,,,,,,,,,
860.45,3.212e-2,1.837e-18,1.016e-26,7.929e-40,,,,7.946e-18,4.420e-20,,3.370e-15,3.279e-7,1.318e-28,2.844e-10,1.724e-20,,3.468e-19,,,,6.657e-16,,2.040e-17,,1.635e-26,,,,4.885e-12,1.549e-16,2.062e-2,4.218e-19,,,,,1.150e-2,,,,,,,,,5.060e-9,,,,,,,,,,,,,,
860.47,3.051e-2,1.836e-18,1.018e-26,1.013e-39,,,,7.950e-18,4.411e-20,,3.370e-15,3.945e-7,1.318e-28,3.560e-10,1.724e-20,,3.469e-19,,,,6.514e-16,,2.033e-17,,1.636e-26,,,,3.990e-12,1.548e-16,1.983e-2,3.491e-19,,,,,1.068e-2,,,,,,,,,6.150e-9,,,,,,,,,,,,,,
860.5,2.824e-2,1.833e-18,1.021e-26,1.461e-39,,,,7.956e-18,4.397e-20,,3.371e-15,5.197e-7,1.317e-28,4.977e-10,1.724e-20,,3.472e-19,,,,6.299e-16,,2.023e-17,,1.637e-26,,,,2.940e-12,1.545e-16,1.865e-2,2.623e-19,,,,,9.591e-3,,,,,,,,,8.225e-9,,,,,,,,,,,,,,
860.52,2.683e-2,1.832e-18,1.022e-26,1.863e-39,,,,7.960e-18,4.388e-20,,3.371e-15,6.237e-7,1.317e-28,6.214e-10,1.724e-20,,3.474e-19,,,,6.156e-16,,2.016e-17,,1.639e-26,,,,2.395e-12,1.544e-16,1.789e-2,2.165e-19,,,,,8.945e-3,,,,,,,,,9.972e-9,,,,,,,,,,,,,,
860.54,2.550e-2,1.830e-18,1.024e-26,2.372e-39,,,,7.964e-18,4.379e-20,,3.372e-15,7.477e-7,1.317e-28,7.750e-10,1.725e-20,,3.476e-19,,,,6.012e-16,,2.009e-17,,1.640e-26,,,,1.949e-12,1.542e-16,1.714e-2,1.786e-19,,,,,8.362e-3,,,,,,,,,1.208e-8,,,,,,,,,,,,,,
860.57,2.363e-2,1.828e-18,1.027e-26,3.402e-39,,,,7.970e-18,4.365e-20,,3.372e-15,9.796e-7,1.317e-28,1.078e-9,1.725e-20,,3.479e-19,,,,5.798e-16,,1.999e-17,,1.641e-26,,,,1.428e-12,1.540e-16,1.603e-2,1.335e-19,,,,,7.599e-3,,,,,,,,,1.607e-8,,,,,,,,,,,,,,
860.59,2.248e-2,1.826e-18,1.028e-26,4.321e-39,,,,7.974e-18,4.356e-20,,3.373e-15,1.171e-6,1.316e-28,1.341e-9,1.725e-20,,3.481e-19,,,,5.654e-16,,1.992e-17,,1.642e-26,,,,1.160e-12,1.538e-16,1.532e-2,1.098e-19,,,,,7.161e-3,,,,,,,,,1.941e-8,,,,,,,,,,,,,,
860.62,2.089e-2,1.824e-18,1.031e-26,6.174e-39,,,,7.980e-18,4.342e-20,,3.373e-15,1.529e-6,1.316e-28,1.857e-9,1.725e-20,,3.483e-19,,,,5.440e-16,,1.982e-17,,1.644e-26,,,,8.464e-13,1.536e-16,1.428e-2,8.173e-20,,,,,6.606e-3,,,,,,,,,2.572e-8,,,,,,,,,,,,,,
860.64,1.991e-2,1.822e-18,1.033e-26,7.823e-39,,,,7.984e-18,4.333e-20,,3.374e-15,1.824e-6,1.316e-28,2.304e-9,1.726e-20,,3.485e-19,,,,7.230e-16,,1.975e-17,,1.645e-26,,,,6.852e-13,1.534e-16,1.361e-2,6.705e-20,,,,,6.301e-3,,,,,,,,,3.100e-8,,,,,,,,,,,,,,
860.67,1.857e-2,1.820e-18,1.035e-26,1.113e-38,,,,7.990e-18,4.319e-20,,3.374e-15,2.371e-6,1.315e-28,3.179e-9,1.726e-20,,3.488e-19,,,,1.106e-15,,1.965e-17,,1.647e-26,,,,4.982e-13,1.532e-16,1.264e-2,4.972e-20,,,,,5.934e-3,,,,,,,,,4.092e-8,,,,,,,,,,,,,,
860.69,1.776e-2,1.818e-18,1.037e-26,1.407e-38,,,,7.994e-18,4.310e-20,,3.375e-15,2.821e-6,1.315e-28,3.935e-9,1.726e-20,,3.490e-19,,,,1.466e-15,,1.958e-17,,1.648e-26,,,,4.023e-13,1.531e-16,1.201e-2,4.069e-20,,,,,5.749e-3,,,,,,,,,4.918e-8,,,,,,,,,,,,,,
860.72,1.667e-2,1.816e-18,1.040e-26,1.995e-38,,,,8.000e-18,4.296e-20,,3.375e-15,3.654e-6,1.315e-28,5.408e-9,1.727e-20,,3.493e-19,,,,2.233e-15,,1.948e-17,,1.649e-26,,,,2.914e-13,1.528e-16,1.111e-2,3.006e-20,,,,,5.556e-3,,,,,,,,,6.467e-8,,,,,,,,,,,,,,
860.74,1.602e-2,1.814e-18,1.041e-26,2.515e-38,,,,8.004e-18,4.287e-20,,3.376e-15,4.336e-6,1.314e-28,6.677e-9,1.727e-20,,3.495e-19,,,,2.953e-15,,1.941e-17,,1.650e-26,,,,2.347e-13,1.527e-16,1.053e-2,2.453e-20,,,,,5.483e-3,,,,,,,,,7.753e-8,,,,,,,,,,,,,,
860.77,1.516e-2,1.812e-18,1.044e-26,3.552e-38,,,,8.010e-18,4.273e-20,,3.376e-15,5.594e-6,1.314e-28,9.142e-9,1.727e-20,,3.497e-19,,,,4.483e-15,,1.931e-17,,1.652e-26,,,,1.693e-13,1.524e-16,9.705e-3,1.806e-20,,,,,5.452e-3,,,,,,,,,1.016e-7,,,,,,,,,,,,,,
860.79,1.467e-2,1.810e-18,1.046e-26,4.466e-38,,,,8.014e-18,4.264e-20,,3.377e-15,6.621e-6,1.314e-28,1.126e-8,1.727e-20,,3.499e-19,,,,5.913e-15,,1.924e-17,,1.653e-26,,,,1.360e-13,1.523e-16,9.177e-3,1.470e-20,,,,,5.484e-3,,,,,,,,,1.214e-7,,,,,,,,,,,,,,
860.82,1.404e-2,1.808e-18,1.048e-26,6.283e-38,,,,8.021e-18,4.250e-20,,3.377e-15,8.510e-6,1.313e-28,1.535e-8,1.728e-20,,3.502e-19,,,,8.940e-15,,1.914e-17,,1.655e-26,,,,9.773e-14,1.520e-16,8.422e-3,1.078e-20,,,,,5.608e-3,,,,,,,,,1.585e-7,,,,,,,,,,,,,,
860.84,1.370e-2,1.806e-18,1.050e-26,7.880e-38,,,,8.025e-18,4.241e-20,,3.378e-15,1.005e-5,1.313e-28,1.886e-8,1.728e-20,,3.504e-19,,,,1.176e-14,,1.907e-17,,1.656e-26,,,,7.830e-14,1.519e-16,7.944e-3,8.749e-21,,,,,5.741e-3,,,,,,,,,1.890e-7,,,,,,,,,,,,,,
860.87,1.329e-2,1.804e-18,1.053e-26,1.104e-37,,,,8.031e-18,4.228e-20,,3.378e-15,1.286e-5,1.313e-28,2.562e-8,1.728e-20,,3.507e-19,,,,1.771e-14,,1.897e-17,,1.657e-26,,,,5.605e-14,1.517e-16,7.263e-3,6.389e-21,,,,,6.016e-3,,,,,,,,,2.457e-7,,,,,,,,,,,,,,
860.89,1.310e-2,1.802e-18,1.055e-26,1.382e-37,,,,8.035e-18,4.218e-20,,3.379e-15,1.515e-5,1.313e-28,3.139e-8,1.728e-20,,3.509e-19,,,,2.325e-14,,1.890e-17,,1.658e-26,,,,4.479e-14,1.515e-16,6.832e-3,5.174e-21,,,,,6.249e-3,,,,,,,,,2.923e-7,,,,,,,,,,,,,,
860.91,1.296e-2,1.800e-18,1.056e-26,1.726e-37,,,,8.039e-18,4.209e-20,,3.379e-15,1.782e-5,1.312e-28,3.842e-8,1.729e-20,,3.511e-19,,,,3.048e-14,,1.883e-17,,1.659e-26,,,,3.576e-14,1.514e-16,6.421e-3,4.186e-21,,,,,6.521e-3,,,,,,,,,3.474e-7,,,,,,,,,,,,,,
860.94,1.287e-2,1.798e-18,1.059e-26,2.407e-37,,,,8.045e-18,4.196e-20,,3.380e-15,2.269e-5,1.312e-28,5.193e-8,1.729e-20,,3.513e-19,,,,4.566e-14,,1.873e-17,,1.661e-26,,,,2.545e-14,1.511e-16,5.838e-3,3.040e-21,,,,,7.005e-3,,,,,,,,,4.492e-7,,,,,,,,,,,,,,
860.96,1.288e-2,1.796e-18,1.061e-26,3.000e-37,,,,8.049e-18,4.186e-20,,3.380e-15,2.663e-5,1.312e-28,6.339e-8,1.729e-20,,3.515e-19,,,,5.970e-14,,1.866e-17,,1.662e-26,,,,2.027e-14,1.510e-16,5.472e-3,2.454e-21,,,,,7.378e-3,,,,,,,,,5.325e-7,,,,,,,,,,,,,,
860.99,1.300e-2,1.794e-18,1.063e-26,4.166e-37,,,,8.055e-18,4.173e-20,,3.381e-15,3.378e-5,1.311e-28,8.534e-8,1.729e-20,,3.518e-19,,,,8.910e-14,,1.856e-17,,1.664e-26,,,,1.437e-14,1.507e-16,4.956e-3,1.775e-21,,,,,8.013e-3,,,,,,,,,6.859e-7,,,,,,,,,,,,,,
861.01,1.316e-2,1.792e-18,1.065e-26,5.180e-37,,,,8.059e-18,4.164e-20,,3.381e-15,3.953e-5,1.311e-28,1.039e-7,1.730e-20,,3.520e-19,,,,1.162e-13,,1.849e-17,,1.665e-26,,,,1.141e-14,1.506e-16,4.634e-3,1.429e-21,,,,,8.488e-3,,,,,,,,,8.110e-7,,,,,,,,,,,,,,
861.04,1.351e-2,1.790e-18,1.068e-26,7.166e-37,,,,8.065e-18,4.150e-20,,3.382e-15,4.996e-5,1.311e-28,1.394e-7,1.730e-20,,3.523e-19,,,,1.728e-13,,1.839e-17,,1.666e-26,,,,8.062e-15,1.503e-16,4.181e-3,1.030e-21,,,,,9.279e-3,,,,,,,,,1.041e-6,,,,,,,,,,,,,,
861.06,1.382e-2,1.788e-18,1.069e-26,8.886e-37,,,,8.069e-18,4.141e-20,,3.382e-15,5.832e-5,1.310e-28,1.693e-7,1.730e-20,,3.525e-19,,,,2.248e-13,,1.832e-17,,1.667e-26,,,,6.386e-15,1.502e-16,3.899e-3,8.266e-22,,,,,9.859e-3,,,,,,,,,1.227e-6,,,,,,,,,,,,,,
861.09,1.439e-2,1.786e-18,1.072e-26,1.225e-36,,,,8.075e-18,4.127e-20,,3.383e-15,7.342e-5,1.310e-28,2.261e-7,1.731e-20,,3.527e-19,,,,3.329e-13,,1.822e-17,,1.669e-26,,,,4.493e-15,1.500e-16,3.504e-3,5.934e-22,,,,,1.081e-2,,,,,,,,,1.569e-6,,,,,,,,,,,,,,
861.11,1.485e-2,1.784e-18,1.074e-26,1.515e-36,,,,8.079e-18,4.118e-20,,3.383e-15,8.549e-5,1.310e-28,2.739e-7,1.731e-20,,3.529e-19,,,,4.320e-13,,1.815e-17,,1.670e-26,,,,3.549e-15,1.498e-16,3.259e-3,4.751e-22,,,,,1.150e-2,,,,,,,,,1.845e-6,,,,,,,,,,,,,,
861.14,1.565e-2,1.782e-18,1.076e-26,2.080e-36,,,,8.085e-18,4.104e-20,,3.384e-15,1.072e-4,1.309e-28,3.646e-7,1.731e-20,,3.532e-19,,,,6.374e-13,,1.805e-17,,1.672e-26,,,,2.488e-15,1.496e-16,2.918e-3,3.398e-22,,,,,1.262e-2,,,,,,,,,2.349e-6,,,,,,,,,,,,,,
861.16,1.626e-2,1.780e-18,1.078e-26,2.566e-36,,,,8.089e-18,4.095e-20,,3.384e-15,1.245e-4,1.309e-28,4.405e-7,1.731e-20,,3.534e-19,,,,8.250e-13,,1.798e-17,,1.673e-26,,,,1.960e-15,1.494e-16,2.707e-3,2.714e-22,,,,,1.342e-2,,,,,,,,,2.757e-6,,,,,,,,,,,,,,
861.19,1.729e-2,1.778e-18,1.081e-26,3.509e-36,,,,8.095e-18,4.081e-20,,3.385e-15,1.555e-4,1.309e-28,5.840e-7,1.732e-20,,3.537e-19,,,,1.213e-12,,1.788e-17,,1.674e-26,,,,1.368e-15,1.492e-16,2.414e-3,1.933e-22,,,,,1.472e-2,,,,,,,,,3.497e-6,,,,,,,,,,,,,,
861.21,1.806e-2,1.776e-18,1.082e-26,4.319e-36,,,,8.100e-18,4.072e-20,,3.385e-15,1.802e-4,1.309e-28,7.039e-7,1.732e-20,,3.539e-19,,,,1.565e-12,,1.781e-17,,1.675e-26,,,,1.075e-15,1.490e-16,2.233e-3,1.540e-22,,,,,1.564e-2,,,,,,,,,4.092e-6,,,,,,,,,,,,,,
861.24,1.932e-2,1.774e-18,1.085e-26,5.884e-36,,,,8.106e-18,4.058e-20,,3.386e-15,2.242e-4,1.308e-28,9.296e-7,1.732e-20,,3.541e-19,,,,2.292e-12,,1.771e-17,,1.677e-26,,,,7.478e-16,1.488e-16,1.984e-3,1.093e-22,,,,,1.711e-2,,,,,,,,,5.170e-6,,,,,,,,,,,,,,
861.26,2.025e-2,1.772e-18,1.087e-26,7.222e-36,,,,8.110e-18,4.049e-20,,3.386e-15,2.591e-4,1.308e-28,1.118e-6,1.732e-20,,3.543e-19,,,,2.952e-12,,1.764e-17,,1.678e-26,,,,5.862e-16,1.486e-16,1.831e-3,8.681e-23,,,,,1.815e-2,,,,,,,,,6.035e-6,,,,,,,,,,,,,,
861.28,2.124e-2,1.771e-18,1.088e-26,8.856e-36,,,,8.114e-18,4.040e-20,,3.387e-15,2.991e-4,1.308e-28,1.342e-6,1.733e-20,,3.545e-19,,,,3.797e-12,,1.757e-17,,1.679e-26,,,,4.590e-16,1.485e-16,1.688e-3,6.890e-23,,,,,1.924e-2,,,,,,,,,7.038e-6,,,,,,,,,,,,,,
861.31,2.285e-2,1.768e-18,1.091e-26,1.200e-35,,,,8.120e-18,4.026e-20,,3.387e-15,3.702e-4,1.307e-28,1.763e-6,1.733e-20,,3.548e-19,,,,5.530e-12,,1.747e-17,,1.681e-26,,,,3.174e-16,1.483e-16,1.491e-3,4.862e-23,,,,,2.098e-2,,,,,,,,,8.845e-6,,,,,,,,,,,,,,
861.33,2.400e-2,1.767e-18,1.093e-26,1.468e-35,,,,8.124e-18,4.017e-20,,3.388e-15,4.262e-4,1.307e-28,2.112e-6,1.733e-20,,3.550e-19,,,,7.096e-12,,1.740e-17,,1.682e-26,,,,2.479e-16,1.481e-16,1.371e-3,3.849e-23,,,,,2.219e-2,,,,,,,,,1.029e-5,,,,,,,,,,,,,,
861.36,2.586e-2,1.764e-18,1.095e-26,1.981e-35,,,,8.130e-18,4.003e-20,,3.388e-15,5.255e-4,1.307e-28,2.764e-6,1.734e-20,,3.553e-19,,,,1.029e-11,,1.730e-17,,1.683e-26,,,,1.708e-16,1.479e-16,1.207e-3,2.706e-23,,,,,2.411e-2,,,,,,,,,1.288e-5,,,,,,,,,,,,,,
861.38,2.718e-2,1.763e-18,1.097e-26,2.417e-35,,,,8.134e-18,3.994e-20,,3.389e-15,6.035e-4,1.306e-28,3.302e-6,1.734e-20,,3.554e-19,,,,1.318e-11,,1.723e-17,,1.684e-26,,,,1.330e-16,1.477e-16,1.107e-3,2.136e-23,,,,,2.545e-2,,,,,,,,,1.494e-5,,,,,,,,,,,,,,
861.41,2.930e-2,1.760e-18,1.100e-26,3.251e-35,,,,8.140e-18,3.981e-20,,3.389e-15,7.412e-4,1.306e-28,4.304e-6,1.734e-20,,3.557e-19,,,,1.904e-11,,1.713e-17,,1.686e-26,,,,9.129e-17,1.475e-16,9.705e-4,1.496e-23,,,,,2.756e-2,,,,,,,,,1.864e-5,,,,,,,,,,,,,,
861.43,3.079e-2,1.759e-18,1.101e-26,3.956e-35,,,,8.144e-18,3.971e-20,,3.390e-15,8.490e-4,1.306e-28,5.130e-6,1.734e-20,,3.559e-19,,,,2.431e-11,,1.706e-17,,1.687e-26,,,,7.093e-17,1.473e-16,8.878e-4,1.178e-23,,,,,2.903e-2,,,,,,,,,2.157e-5,,,,,,,,,,,,,,
861.46,3.317e-2,1.756e-18,1.104e-26,5.299e-35,,,,8.150e-18,3.958e-20,,3.390e-15,1.039e-3,1.305e-28,6.662e-6,1.735e-20,,3.562e-19,,,,3.500e-11,,1.696e-17,,1.689e-26,,,,4.848e-17,1.471e-16,7.753e-4,8.218e-24,,,,,3.132e-2,,,,,,,,,2.679e-5,,,,,,,,,,,,,,
861.48,3.484e-2,1.755e-18,1.106e-26,6.432e-35,,,,8.154e-18,3.948e-20,,3.391e-15,1.187e-3,1.305e-28,7.919e-6,1.735e-20,,3.564e-19,,,,4.457e-11,,1.689e-17,,1.690e-26,,,,3.757e-17,1.469e-16,7.075e-4,6.455e-24,,,,,3.291e-2,,,,,,,,,3.092e-5,,,,,,,,,,,,,,
861.51,3.748e-2,1.752e-18,1.108e-26,8.584e-35,,,,8.160e-18,3.935e-20,,3.391e-15,1.447e-3,1.305e-28,1.024e-5,1.735e-20,,3.567e-19,,,,6.393e-11,,1.678e-17,,1.691e-26,,,,2.558e-17,1.467e-16,6.154e-4,4.485e-24,,,,,3.537e-2,,,,,,,,,3.827e-5,,,,,,,,,,,,,,
861.53,3.934e-2,1.750e-18,1.110e-26,1.039e-34,,,,8.164e-18,3.926e-20,,3.392e-15,1.649e-3,1.305e-28,1.215e-5,1.735e-20,,3.568e-19,,,,8.120e-11,,1.672e-17,,1.692e-26,,,,1.977e-17,1.466e-16,5.601e-4,3.514e-24,,,,,3.708e-2,,,,,,,,,4.406e-5,,,,,,,,,,,,,,
861.56,4.227e-2,1.748e-18,1.113e-26,1.382e-34,,,,8.170e-18,3.912e-20,,3.392e-15,2.002e-3,1.304e-28,1.565e-5,1.736e-20,,3.571e-19,,,,1.160e-10,,1.661e-17,,1.694e-26,,,,1.341e-17,1.463e-16,4.853e-4,2.432e-24,,,,,3.971e-2,,,,,,,,,5.432e-5,,,,,,,,,,,,,,
861.58,4.432e-2,1.746e-18,1.114e-26,1.668e-34,,,,8.174e-18,3.903e-20,,3.393e-15,2.275e-3,1.304e-28,1.851e-5,1.736e-20,,3.573e-19,,,,1.470e-10,,1.655e-17,,1.695e-26,,,,1.034e-17,1.462e-16,4.406e-4,1.901e-24,,,,,4.152e-2,,,,,,,,,6.238e-5,,,,,,,,,,,,,,
861.61,4.754e-2,1.744e-18,1.117e-26,2.209e-34,,,,8.181e-18,3.889e-20,,3.393e-15,2.752e-3,1.304e-28,2.376e-5,1.736e-20,,3.576e-19,,,,2.092e-10,,1.644e-17,,1.697e-26,,,,6.982e-18,1.459e-16,3.803e-4,1.310e-24,,,,,4.431e-2,,,,,,,,,7.662e-5,,,,,,,,,,,,,,
861.63,4.979e-2,1.742e-18,1.119e-26,2.661e-34,,,,8.185e-18,3.880e-20,,3.394e-15,3.120e-3,1.303e-28,2.803e-5,1.737e-20,,3.578e-19,,,,2.644e-10,,1.638e-17,,1.698e-26,,,,5.369e-18,1.458e-16,3.443e-4,1.021e-24,,,,,4.621e-2,,,,,,,,,8.775e-5,,,,,,,,,,,,,,
861.65,5.213e-2,1.741e-18,1.121e-26,3.202e-34,,,,8.189e-18,3.871e-20,,3.394e-15,3.534e-3,1.303e-28,3.303e-5,1.737e-20,,3.580e-19,,,,3.337e-10,,1.631e-17,,1.699e-26,,,,4.124e-18,1.456e-16,3.114e-4,7.951e-25,,,,,4.815e-2,,,,,,,,,1.004e-4,,,,,,,,,,,,,,
861.68,5.580e-2,1.738e-18,1.123e-26,4.218e-34,,,,8.195e-18,3.857e-20,,3.395e-15,4.252e-3,1.303e-28,4.218e-5,1.737e-20,,3.582e-19,,,,4.725e-10,,1.620e-17,,1.700e-26,,,,2.771e-18,1.454e-16,2.673e-4,5.452e-25,,,,,5.112e-2,,,,,,,,,1.227e-4,,,,,,,,,,,,,,
861.7,5.836e-2,1.737e-18,1.125e-26,5.062e-34,,,,8.199e-18,3.848e-20,,3.395e-15,4.803e-3,1.302e-28,4.958e-5,1.737e-20,,3.584e-19,,,,5.949e-10,,1.614e-17,,1.701e-26,,,,2.122e-18,1.453e-16,2.412e-4,4.234e-25,,,,,5.313e-2,,,,,,,,,1.400e-4,,,,,,,,,,,,,,
861.73,6.239e-2,1.734e-18,1.127e-26,6.642e-34,,,,8.205e-18,3.834e-20,,3.396e-15,5.756e-3,1.302e-28,6.306e-5,1.738e-20,,3.587e-19,,,,8.390e-10,,1.603e-17,,1.703e-26,,,,1.420e-18,1.450e-16,2.062e-4,2.892e-25,,,,,5.620e-2,,,,,,,,,1.703e-4,,,,,,,,,,,,,,
861.75,6.521e-2,1.733e-18,1.129e-26,7.951e-34,,,,8.209e-18,3.825e-20,,3.396e-15,6.486e-3,1.302e-28,7.393e-5,1.738e-20,,3.589e-19,,,,1.054e-9,,1.597e-17,,1.704e-26,,,,1.085e-18,1.449e-16,1.856e-4,2.240e-25,,,,,5.827e-2,,,,,,,,,1.939e-4,,,,,,,,,,,,,,
861.78,6.964e-2,1.730e-18,1.132e-26,1.039e-33,,,,8.215e-18,3.811e-20,,3.397e-15,7.744e-3,1.301e-28,9.368e-5,1.738e-20,,3.592e-19,,,,1.480e-9,,1.586e-17,,1.706e-26,,,,7.235e-19,1.446e-16,1.581e-4,1.524e-25,,,,,6.141e-2,,,,,,,,,2.351e-4,,,,,,,,,,,,,,
861.8,7.274e-2,1.729e-18,1.134e-26,1.241e-33,,,,8.219e-18,3.802e-20,,3.397e-15,8.703e-3,1.301e-28,1.096e-4,1.738e-20,,3.594e-19,,,,1.855e-9,,1.580e-17,,1.707e-26,,,,5.514e-19,1.445e-16,1.419e-4,1.177e-25,,,,,6.352e-2,,,,,,,,,2.669e-4,,,,,,,,,,,,,,
861.83,7.763e-2,1.726e-18,1.136e-26,1.616e-33,,,,8.225e-18,3.788e-20,,3.398e-15,1.035e-2,1.301e-28,1.383e-4,1.739e-20,,3.596e-19,,,,2.596e-9,,1.569e-17,,1.708e-26,,,,3.661e-19,1.442e-16,1.204e-4,7.979e-26,,,,,6.670e-2,,,,,,,,,3.223e-4,,,,,,,,,,,,,,
861.85,8.106e-2,1.725e-18,1.138e-26,1.925e-33,,,,8.229e-18,3.779e-20,,3.398e-15,1.160e-2,1.301e-28,1.613e-4,1.739e-20,,3.598e-19,,,,3.244e-9,,1.562e-17,,1.709e-26,,,,2.783e-19,1.441e-16,1.078e-4,6.148e-26,,,,,6.882e-2,,,,,,,,,3.650e-4,,,,,,,,,,,,,,
861.88,8.649e-2,1.722e-18,1.140e-26,2.497e-33,,,,8.235e-18,3.765e-20,,3.399e-15,1.375e-2,1.300e-28,2.028e-4,1.739e-20,,3.601e-19,,,,4.522e-9,,1.552e-17,,1.711e-26,,,,1.841e-19,1.439e-16,9.108e-5,4.135e-26,,,,,7.201e-2,,,,,,,,,4.391e-4,,,,,,,,,,,,,,
861.9,9.031e-2,1.721e-18,1.142e-26,2.966e-33,,,,8.239e-18,3.756e-20,,3.399e-15,1.537e-2,1.300e-28,2.360e-4,1.739e-20,,3.603e-19,,,,5.637e-9,,1.545e-17,,1.712e-26,,,,1.396e-19,1.437e-16,8.132e-5,3.178e-26,,,,,7.413e-2,,,,,,,,,4.960e-4,,,,,,,,,,,,,,
861.93,9.639e-2,1.718e-18,1.145e-26,3.833e-33,,,,8.245e-18,3.743e-20,,3.400e-15,1.814e-2,1.300e-28,2.956e-4,1.740e-20,,3.606e-19,,,,7.829e-9,,1.535e-17,,1.714e-26,,,,9.194e-20,1.435e-16,6.847e-5,2.138e-26,,,,,7.729e-2,,,,,,,,,5.944e-4,,,,,,,,,,,,,,
861.95,1.007e-1,1.717e-18,1.147e-26,4.542e-33,,,,8.249e-18,3.733e-20,,3.400e-15,2.023e-2,1.299e-28,3.430e-4,1.740e-20,,3.608e-19,,,,9.733e-9,,1.528e-17,,1.715e-26,,,,6.952e-20,1.433e-16,6.097e-5,1.639e-26,,,,,7.938e-2,,,,,,,,,6.698e-4,,,,,,,,,,,,,,
861.98,1.075e-1,1.714e-18,1.149e-26,5.847e-33,,,,8.256e-18,3.720e-20,,3.401e-15,2.379e-2,1.299e-28,4.280e-4,1.740e-20,,3.610e-19,,,,1.347e-8,,2.338e-17,,1.716e-26,,,,4.563e-20,1.431e-16,5.114e-5,1.098e-26,,,,,8.248e-2,,,,,,,,,7.995e-4,,,,,,,,,,,,,,
862,1.124e-1,1.713e-18,1.151e-26,6.911e-33,,,,8.260e-18,3.711e-20,,3.401e-15,2.646e-2,1.299e-28,4.954e-4,1.741e-20,,3.612e-19,,,,1.670e-8,,3.100e-17,,1.717e-26,,,,3.441e-20,1.429e-16,4.542e-5,8.394e-27,,,,,8.451e-2,,,,,,,,,8.986e-4,,,,,,,,,,,,,,
862.03,1.202e-1,1.710e-18,1.154e-26,8.862e-33,,,,8.266e-18,3.697e-20,,3.402e-15,3.099e-2,1.298e-28,6.158e-4,1.741e-20,,3.615e-19,,,,2.302e-8,,4.724e-17,,1.719e-26,,,,2.249e-20,1.427e-16,3.795e-5,5.601e-27,,,,,8.752e-2,,,,,,,,,1.069e-3,,,,,,,,,,,,,,
862.05,1.258e-1,1.709e-18,1.155e-26,1.045e-32,,,,8.270e-18,3.688e-20,,3.402e-15,3.439e-2,1.298e-28,7.110e-4,1.741e-20,,3.617e-19,,,,2.847e-8,,6.248e-17,,1.720e-26,,,,1.692e-20,1.425e-16,3.362e-5,4.272e-27,,,,,8.948e-2,,,,,,,,,1.198e-3,,,,,,,,,,,,,,
862.07,1.317e-1,1.707e-18,1.157e-26,1.230e-32,,,,8.274e-18,3.679e-20,,3.403e-15,3.812e-2,1.298e-28,8.200e-4,1.741e-20,,3.619e-19,,,,3.518e-8,,8.256e-17,,1.721e-26,,,,1.272e-20,1.424e-16,2.975e-5,3.254e-27,,,,,9.140e-2,,,,,,,,,1.341e-3,,,,,,,,,,,,,,
862.1,1.412e-1,1.705e-18,1.160e-26,1.569e-32,,,,8.280e-18,3.665e-20,,3.403e-15,4.440e-2,1.298e-28,1.014e-3,1.742e-20,,3.622e-19,,,,4.823e-8,,1.251e-16,,1.723e-26,,,,1.244e-20,1.422e-16,2.472e-5,2.160e-27,,,,,9.421e-2,,,,,,,,,1.587e-3,,,,,,,,,,,,,,
862.12,1.481e-1,1.703e-18,1.161e-26,1.843e-32,,,,8.284e-18,3.656e-20,,3.404e-15,4.909e-2,1.297e-28,1.166e-3,1.742e-20,,3.624e-19,,,,5.945e-8,,1.649e-16,,1.724e-26,,,,1.225e-20,1.420e-16,2.182e-5,1.641e-27,,,,,9.604e-2,,,,,,,,,1.772e-3,,,,,,,,,,,,,,
862.15,1.592e-1,1.701e-18,1.164e-26,2.342e-32,,,,8.290e-18,3.642e-20,,3.404e-15,5.696e-2,1.297e-28,1.436e-3,1.742e-20,,3.626e-19,,,,8.119e-8,,2.490e-16,,1.725e-26,,,,1.197e-20,1.418e-16,1.806e-5,1.085e-27,,,,,9.868e-2,,,,,,,,,2.088e-3,,,,,,,,,,,,,,
862.17,1.672e-1,1.699e-18,1.166e-26,2.745e-32,,,,8.294e-18,3.633e-20,,3.405e-15,6.282e-2,1.297e-28,1.648e-3,1.742e-20,,3.628e-19,,,,9.981e-8,,3.274e-16,,1.726e-26,,,,1.178e-20,1.416e-16,1.590e-5,8.222e-28,,,,,1.004e-1,,,,,,,,,2.326e-3,,,,,,,,,,,,,,
862.2,1.802e-1,1.697e-18,1.168e-26,3.474e-32,,,,8.300e-18,3.619e-20,,3.405e-15,7.262e-2,1.296e-28,2.022e-3,1.743e-20,,3.631e-19,,,,1.358e-7,,4.925e-16,,1.728e-26,,,,1.150e-20,1.414e-16,1.311e-5,5.414e-28,,,,,1.028e-1,,,,,,,,,2.731e-3,,,,,,,,,,,,,,
862.22,1.896e-1,1.695e-18,1.170e-26,4.060e-32,,,,8.304e-18,3.610e-20,,3.406e-15,7.988e-2,1.296e-28,2.315e-3,1.743e-20,,3.633e-19,,,,1.665e-7,,6.457e-16,,1.729e-26,,,,1.132e-20,1.412e-16,1.152e-5,4.092e-28,,,,,1.044e-1,,,,,,,,,3.035e-3,,,,,,,,,,,,,,
862.25,2.050e-1,1.693e-18,1.173e-26,5.120e-32,,,,8.310e-18,3.596e-20,,3.406e-15,9.198e-2,1.296e-28,2.829e-3,1.743e-20,,3.636e-19,,,,2.257e-7,,9.677e-16,,1.731e-26,,,,1.104e-20,1.410e-16,9.458e-6,2.684e-28,,,,,1.066e-1,,,,,,,,,3.548e-3,,,,,,,,,,,,,,
862.27,2.162e-1,1.691e-18,1.174e-26,5.968e-32,,,,8.314e-18,3.587e-20,,3.407e-15,1.009e-1,1.295e-28,3.230e-3,1.744e-20,,3.638e-19,,,,2.760e-7,,1.266e-15,,1.732e-26,,,,1.085e-20,1.408e-16,8.284e-6,2.024e-28,,,,,1.081e-1,,,,,,,,,3.933e-3,,,,,,,,,,,,,,
862.3,2.344e-1,1.689e-18,1.177e-26,7.496e-32,,,,8.320e-18,3.573e-20,,3.407e-15,1.158e-1,1.295e-28,3.932e-3,1.744e-20,,3.640e-19,,,,3.727e-7,,1.889e-15,,1.733e-26,,,,1.057e-20,1.406e-16,6.778e-6,1.322e-28,,,,,1.101e-1,,,,,,,,,4.581e-3,,,,,,,,,,,,,,
862.32,2.476e-1,1.687e-18,1.179e-26,8.716e-32,,,,8.324e-18,3.564e-20,,3.408e-15,1.267e-1,1.295e-28,4.478e-3,1.744e-20,,3.642e-19,,,,4.547e-7,,2.465e-15,,1.734e-26,,,,1.038e-20,1.405e-16,5.921e-6,9.943e-29,,,,,1.114e-1,,,,,,,,,5.064e-3,,,,,,,,,,,,,,
862.35,2.692e-1,1.685e-18,1.181e-26,1.091e-31,,,,8.331e-18,3.550e-20,,3.409e-15,1.448e-1,1.294e-28,5.431e-3,1.744e-20,,3.645e-19,,,,6.115e-7,,3.666e-15,,1.736e-26,,,,1.010e-20,1.402e-16,4.826e-6,6.471e-29,,,,,1.132e-1,,,,,,,,,5.876e-3,,,,,,,,,,,,,,
862.37,2.850e-1,1.683e-18,1.183e-26,1.265e-31,,,,8.335e-18,3.541e-20,,3.409e-15,1.580e-1,1.294e-28,6.169e-3,1.745e-20,,3.647e-19,,,,7.442e-7,,4.770e-15,,1.737e-26,,,,9.915e-21,1.401e-16,4.205e-6,4.853e-29,,,,,1.143e-1,,,,,,,,,6.480e-3,,,,,,,,,,,,,,
862.4,3.107e-1,1.681e-18,1.186e-26,1.577e-31,,,,8.341e-18,3.528e-20,,3.410e-15,1.799e-1,1.294e-28,7.453e-3,1.745e-20,,3.650e-19,,,,9.971e-7,,7.067e-15,,1.739e-26,,,,9.635e-21,1.398e-16,3.414e-6,,,,,,1.159e-1,,,,,,,,,7.490e-3,,,,,,,,,,,,,,
862.42,3.294e-1,1.679e-18,1.187e-26,1.824e-31,,,,8.345e-18,3.518e-20,,3.410e-15,1.958e-1,1.294e-28,8.444e-3,1.745e-20,,3.652e-19,,,,1.210e-6,,9.172e-15,,1.740e-26,,,,9.449e-21,1.397e-16,2.967e-6,,,,,,1.169e-1,,,,,,,,,8.239e-3,,,,,,,,,,,,,,
862.44,3.494e-1,1.677e-18,1.189e-26,2.108e-31,,,,8.349e-18,3.509e-20,,3.410e-15,2.130e-1,1.293e-28,9.557e-3,1.745e-20,,3.653e-19,,,,1.468e-6,,1.189e-14,,1.741e-26,,,,9.262e-21,1.395e-16,2.576e-6,,,,,,1.178e-1,,,,,,,,,9.053e-3,,,,,,,,,,,,,,
862.47,3.822e-1,1.675e-18,1.192e-26,2.613e-31,,,,8.355e-18,3.495e-20,,3.411e-15,2.412e-1,1.293e-28,1.148e-2,1.746e-20,,3.656e-19,,,,1.956e-6,,1.753e-14,,1.742e-26,,,,8.982e-21,1.393e-16,2.080e-6,,,,,,1.191e-1,,,,,,,,,1.041e-2,,,,,,,,,,,,,,
862.49,4.059e-1,1.673e-18,1.193e-26,3.012e-31,,,,8.359e-18,3.486e-20,,3.411e-15,2.616e-1,1.293e-28,1.296e-2,1.746e-20,,3.658e-19,,,,2.366e-6,,2.267e-14,,1.744e-26,,,,8.795e-21,1.391e-16,1.801e-6,,,,,,1.199e-1,,,,,,,,,1.141e-2,,,,,,,,,,,,,,
862.52,4.447e-1,1.671e-18,1.196e-26,3.721e-31,,,,8.365e-18,3.473e-20,,3.412e-15,2.951e-1,1.292e-28,1.552e-2,1.746e-20,,3.661e-19,,,,3.140e-6,,3.328e-14,,1.745e-26,,,,8.515e-21,1.389e-16,1.449e-6,,,,,,1.211e-1,,,,,,,,,1.306e-2,,,,,,,,,,,,,,
862.54,4.728e-1,1.669e-18,1.198e-26,4.278e-31,,,,8.369e-18,3.463e-20,,3.412e-15,3.193e-1,1.292e-28,1.748e-2,1.747e-20,,3.663e-19,,,,3.789e-6,,4.293e-14,,1.746e-26,,,,8.328e-21,1.388e-16,1.251e-6,,,,,,1.218e-1,,,,,,,,,1.428e-2,,,,,,,,,,,,,,
862.57,5.186e-1,1.667e-18,1.200e-26,5.263e-31,,,,8.375e-18,3.450e-20,,3.413e-15,3.587e-1,1.292e-28,2.084e-2,1.747e-20,,3.666e-19,,,,5.011e-6,,6.278e-14,,1.748e-26,,,,8.048e-21,1.385e-16,1.002e-6,,,,,,1.228e-1,,,,,,,,,1.629e-2,,,,,,,,,,,,,,
862.59,5.517e-1,1.665e-18,1.202e-26,6.036e-31,,,,8.379e-18,3.441e-20,,3.413e-15,3.872e-1,1.291e-28,2.341e-2,1.747e-20,,3.667e-19,,,,6.030e-6,,8.079e-14,,1.749e-26,,,,7.862e-21,1.384e-16,8.635e-7,,,,,,1.234e-1,,,,,,,,,1.777e-2,,,,,,,,,,,,,,
862.62,6.056e-1,1.663e-18,1.205e-26,7.398e-31,,,,8.385e-18,3.427e-20,,3.414e-15,4.334e-1,1.291e-28,2.781e-2,1.747e-20,,3.670e-19,,,,7.944e-6,,1.177e-13,,1.750e-26,,,,7.582e-21,1.381e-16,6.891e-7,,,,,,1.242e-1,,,,,,,,,2.019e-2,,,,,,,,,,,,,,
862.64,6.445e-1,1.661e-18,1.206e-26,8.463e-31,,,,8.389e-18,3.418e-20,,3.414e-15,4.665e-1,1.291e-28,3.115e-2,1.748e-20,,3.672e-19,,,,9.535e-6,,1.511e-13,,1.752e-26,,,,7.395e-21,1.380e-16,5.922e-7,,,,,,1.248e-1,,,,,,,,,2.196e-2,,,,,,,,,,,,,,
862.67,7.075e-1,1.659e-18,1.209e-26,1.033e-30,,,,8.395e-18,3.404e-20,,3.415e-15,5.201e-1,1.290e-28,3.686e-2,1.748e-20,,3.675e-19,,,,1.251e-5,,2.192e-13,,1.753e-26,,,,7.115e-21,1.378e-16,4.707e-7,,,,,,1.256e-1,,,,,,,,,2.486e-2,,,,,,,,,,,,,,
862.69,7.529e-1,1.657e-18,1.211e-26,1.179e-30,,,,8.399e-18,3.395e-20,,3.415e-15,5.585e-1,1.290e-28,4.119e-2,1.748e-20,,3.677e-19,,,,1.498e-5,,2.807e-13,,1.754e-26,,,,6.928e-21,1.376e-16,4.035e-7,,,,,,1.261e-1,,,,,,,,,2.697e-2,,,,,,,,,,,,,,
862.72,8.262e-1,1.655e-18,1.213e-26,1.434e-30,,,,8.405e-18,3.381e-20,,3.416e-15,6.203e-1,1.290e-28,4.856e-2,1.749e-20,,3.680e-19,,,,1.959e-5,,4.058e-13,,1.756e-26,,,,6.648e-21,1.374e-16,3.195e-7,,,,,,1.269e-1,,,,,,,,,3.042e-2,,,,,,,,,,,,,,
862.74,8.789e-1,1.653e-18,1.215e-26,1.632e-30,,,,8.410e-18,3.372e-20,,3.416e-15,6.644e-1,1.290e-28,5.412e-2,1.749e-20,,3.681e-19,,,,2.339e-5,,5.183e-13,,1.757e-26,,,,6.461e-21,1.372e-16,2.731e-7,,,,,,1.274e-1,,,,,,,,,3.291e-2,,,,,,,,,,,,,,
862.77,9.639e-1,1.651e-18,1.218e-26,1.977e-30,,,,8.416e-18,3.358e-20,,3.417e-15,7.351e-1,1.289e-28,6.356e-2,1.749e-20,,3.684e-19,,,,3.047e-5,,7.465e-13,,1.758e-26,,,,6.181e-21,1.370e-16,2.154e-7,,,,,,1.282e-1,,,,,,,,,3.697e-2,,,,,,,,,,,,,,
862.79,1.025e+0,1.649e-18,1.220e-26,2.245e-30,,,,8.420e-18,3.349e-20,,3.417e-15,7.853e-1,1.289e-28,7.066e-2,1.749e-20,,3.686e-19,,,,3.629e-5,,9.508e-13,,1.760e-26,,,,8.209e-21,1.368e-16,1.837e-7,,,,,,1.288e-1,,,,,,,,,3.991e-2,,,,,,,,,,,,,,
862.81,1.089e+0,1.648e-18,1.221e-26,2.545e-30,,,,8.424e-18,3.340e-20,,3.418e-15,8.381e-1,1.289e-28,7.847e-2,1.749e-20,,3.688e-19,,,,4.318e-5,,1.210e-12,,1.761e-26,,,,1.089e-20,1.367e-16,1.565e-7,,,,,,1.293e-1,,,,,,,,,4.303e-2,,,,,,,,,,,,,,
862.84,1.192e+0,1.645e-18,1.224e-26,3.068e-30,,,,8.430e-18,3.326e-20,,3.418e-15,9.223e-1,1.288e-28,9.167e-2,1.750e-20,,3.691e-19,,,,5.594e-5,,1.733e-12,,1.762e-26,,,,1.661e-20,1.364e-16,1.227e-7,,,,,,1.302e-1,,,,,,,,,4.808e-2,,,,,,,,,,,,,,
862.86,1.266e+0,1.644e-18,1.226e-26,3.470e-30,,,,8.434e-18,3.317e-20,,3.419e-15,9.818e-1,1.288e-28,1.015e-1,1.750e-20,,3.693e-19,,,,6.640e-5,,2.200e-12,,1.763e-26,,,,2.197e-20,1.363e-16,1.043e-7,,,,,,1.308e-1,,,,,,,,,5.171e-2,,,,,,,,,,,,,,
862.89,1.384e+0,1.641e-18,1.228e-26,4.166e-30,,,,8.440e-18,3.303e-20,,3.419e-15,1.076e+0,1.288e-28,1.182e-1,1.750e-20,,3.695e-19,,,,8.569e-5,,3.140e-12,,1.765e-26,,,,3.338e-20,1.361e-16,8.149e-8,,,,,,1.318e-1,,,,,,,,,5.756e-2,,,,,,,,,,,,,,
862.91,1.468e+0,1.640e-18,1.230e-26,4.700e-30,,,,8.444e-18,3.294e-20,,3.420e-15,1.143e+0,1.287e-28,1.305e-1,1.751e-20,,3.697e-19,,,,1.014e-4,,3.975e-12,,1.766e-26,,,,4.406e-20,1.359e-16,6.905e-8,,,,,,1.325e-1,,,,,,,,,6.174e-2,,,,,,,,,,,,,,
862.94,1.601e+0,1.637e-18,1.233e-26,5.621e-30,,,,8.450e-18,3.280e-20,,3.421e-15,1.248e+0,1.287e-28,1.513e-1,1.751e-20,,3.700e-19,,,,1.304e-4,,5.652e-12,,1.768e-26,,,,6.669e-20,1.357e-16,5.376e-8,,,,,,1.337e-1,,,,,,,,,6.846e-2,,,,,,,,,,,,,,
862.96,1.696e+0,1.635e-18,1.234e-26,6.325e-30,,,,8.454e-18,3.271e-20,,3.421e-15,1.322e+0,1.287e-28,1.668e-1,1.751e-20,,3.702e-19,,,,1.540e-4,,7.137e-12,,1.769e-26,,,,8.779e-20,1.355e-16,4.543e-8,,,,,,1.345e-1,,,,,,,,,7.325e-2,,,,,,,,,,,,,,
862.99,1.847e+0,1.633e-18,1.237e-26,7.536e-30,,,,8.460e-18,3.258e-20,,3.422e-15,1.438e+0,1.286e-28,1.926e-1,1.751e-20,,3.705e-19,,,,1.972e-4,,1.011e-11,,1.770e-26,,,,1.324e-19,1.353e-16,3.523e-8,,,,,,1.358e-1,,,,,,,,,8.091e-2,,,,,,,,,,,,,,
863.01,1.954e+0,1.631e-18,1.239e-26,8.458e-30,,,,8.464e-18,3.248e-20,,3.422e-15,1.519e+0,1.286e-28,2.117e-1,1.752e-20,,3.707e-19,,,,2.323e-4,,1.273e-11,,1.771e-26,,,,1.738e-19,1.351e-16,2.970e-8,,,,,,1.367e-1,,,,,,,,,8.635e-2,,,,,,,,,,,,,,
863.04,2.123e+0,1.629e-18,1.241e-26,1.004e-29,,,,8.470e-18,3.235e-20,,3.423e-15,1.646e+0,1.286e-28,2.435e-1,1.752e-20,,3.709e-19,,,,2.964e-4,,1.797e-11,,1.773e-26,,,,2.611e-19,1.349e-16,2.294e-8,,,,,,1.382e-1,,,,,,,,,9.502e-2,,,,,,,,,,,,,,
863.06,2.242e+0,1.627e-18,1.243e-26,1.124e-29,,,,8.474e-18,3.226e-20,,3.423e-15,1.734e+0,1.286e-28,2.670e-1,1.752e-20,,3.711e-19,,,,3.482e-4,,2.257e-11,,1.774e-26,,,,3.420e-19,1.347e-16,1.929e-8,,,,,,1.392e-1,,,,,,,,,1.011e-1,,,,,,,,,,,,,,
863.09,2.430e+0,1.625e-18,1.246e-26,1.329e-29,,,,8.480e-18,3.212e-20,,3.424e-15,1.872e+0,1.285e-28,3.059e-1,1.753e-20,,3.714e-19,,,,4.426e-4,,3.173e-11,,1.776e-26,,,,5.117e-19,1.345e-16,1.484e-8,,,,,,1.409e-1,,,,,,,,,1.109e-1,,,,,,,,,,,,,,
863.11,2.562e+0,1.623e-18,1.247e-26,1.484e-29,,,,8.485e-18,3.203e-20,,3.424e-15,1.967e+0,1.285e-28,3.346e-1,1.753e-20,,3.716e-19,,,,5.186e-4,,3.976e-11,,1.777e-26,,,,6.686e-19,1.344e-16,1.245e-8,,,,,,1.420e-1,,,,,,,,,1.177e-1,,,,,,,,,,,,,,
863.14,2.770e+0,1.621e-18,1.250e-26,1.748e-29,,,,8.491e-18,3.189e-20,,3.425e-15,2.115e+0,1.285e-28,3.819e-1,1.753e-20,,3.719e-19,,,,6.566e-4,,5.568e-11,,1.778e-26,,,,9.966e-19,1.341e-16,9.540e-9,,,,,,1.438e-1,,,,,,,,,1.285e-1,,,,,,,,,,,,,,
863.16,2.916e+0,1.619e-18,1.252e-26,1.947e-29,,,,8.495e-18,3.180e-20,,3.425e-15,2.218e+0,1.284e-28,4.166e-1,1.753e-20,,3.721e-19,,,,7.675e-4,,6.960e-11,,1.779e-26,,,,1.299e-18,1.340e-16,7.980e-9,,,,,,1.451e-1,,,,,,,,,1.361e-1,,,,,,,,,,,,,,
863.18,3.068e+0,1.618e-18,1.253e-26,2.166e-29,,,,8.499e-18,3.171e-20,,3.425e-15,2.322e+0,1.284e-28,4.540e-1,1.754e-20,,3.723e-19,,,,8.962e-4,,8.691e-11,,1.780e-26,,,,1.691e-18,1.338e-16,6.668e-9,,,,,,1.464e-1,,,,,,,,,1.440e-1,,,,,,,,,,,,,,
863.21,3.305e+0,1.615e-18,1.256e-26,2.538e-29,,,,8.505e-18,3.157e-20,,3.426e-15,2.484e+0,1.284e-28,5.155e-1,1.754e-20,,3.725e-19,,,,1.129e-3,,1.211e-10,,1.782e-26,,,,2.507e-18,1.336e-16,5.083e-9,,,,,,1.485e-1,,,,,,,,,1.564e-1,,,,,,,,,,,,,,
863.23,3.471e+0,1.614e-18,1.258e-26,2.817e-29,,,,8.509e-18,3.148e-20,,3.426e-15,2.594e+0,1.283e-28,5.603e-1,1.754e-20,,3.727e-19,,,,1.315e-3,,1.508e-10,,1.783e-26,,,,3.256e-18,1.334e-16,4.236e-9,,,,,,1.499e-1,,,,,,,,,1.651e-1,,,,,,,,,,,,,,
863.26,3.730e+0,1.611e-18,1.260e-26,3.287e-29,,,,8.515e-18,3.134e-20,,3.427e-15,2.764e+0,1.283e-28,6.338e-1,1.754e-20,,3.730e-19,,,,1.649e-3,,2.092e-10,,1.785e-26,,,,4.809e-18,1.332e-16,3.217e-9,,,,,,1.520e-1,,,,,,,,,1.786e-1,,,,,,,,,,,,,,
863.28,3.910e+0,1.610e-18,1.262e-26,3.639e-29,,,,8.519e-18,3.125e-20,,3.427e-15,2.880e+0,1.283e-28,6.871e-1,1.755e-20,,3.732e-19,,,,1.916e-3,,2.599e-10,,1.786e-26,,,,6.229e-18,1.768e-16,2.674e-9,,,,,,1.535e-1,,,,,,,,,1.880e-1,,,,,,,,,,,,,,
863.31,4.192e+0,1.607e-18,1.265e-26,4.230e-29,,,,8.525e-18,3.111e-20,,3.428e-15,3.057e+0,1.282e-28,7.742e-1,1.755e-20,,3.735e-19,,,,2.394e-3,,3.593e-10,,1.787e-26,,,,9.165e-18,2.699e-16,2.023e-9,,,,,,1.557e-1,,,,,,,,,2.026e-1,,,,,,,,,,,,,,
863.33,4.386e+0,1.606e-18,1.266e-26,4.671e-29,,,,8.529e-18,3.102e-20,,3.428e-15,3.176e+0,1.282e-28,8.372e-1,1.755e-20,,3.737e-19,,,,2.775e-3,,4.452e-10,,1.788e-26,,,,1.184e-17,3.574e-16,1.677e-9,,,,,,1.572e-1,,,,,,,,,2.127e-1,,,,,,,,,,,,,,
863.36,4.689e+0,1.603e-18,1.269e-26,5.410e-29,,,,8.535e-18,3.088e-20,,3.429e-15,3.358e+0,1.282e-28,9.397e-1,1.756e-20,,3.739e-19,,,,3.454e-3,,6.131e-10,,1.790e-26,,,,1.736e-17,5.436e-16,1.264e-9,,,,,,1.595e-1,,,,,,,,,2.284e-1,,,,,,,,,,,,,,
863.38,4.899e+0,1.602e-18,1.271e-26,5.959e-29,,,,8.539e-18,3.079e-20,,3.429e-15,3.481e+0,1.282e-28,1.014e+0,1.756e-20,,3.741e-19,,,,3.993e-3,,7.578e-10,,1.791e-26,,,,2.237e-17,7.180e-16,1.045e-9,,,,,,1.610e-1,,,,,,,,,2.391e-1,,,,,,,,,,,,,,
863.41,5.224e+0,1.599e-18,1.273e-26,6.874e-29,,,,8.545e-18,3.065e-20,,3.430e-15,3.667e+0,1.281e-28,1.133e+0,1.756e-20,,3.744e-19,,,,4.952e-3,,1.040e-9,,1.793e-26,,,,3.267e-17,1.088e-15,7.844e-10,,,,,,1.632e-1,,,,,,,,,2.558e-1,,,,,,,,,,,,,,
863.43,5.447e+0,1.598e-18,1.275e-26,7.552e-29,,,,8.549e-18,3.056e-20,,3.430e-15,3.791e+0,1.281e-28,1.219e+0,1.756e-20,,3.746e-19,,,,5.709e-3,,1.282e-9,,1.794e-26,,,,4.200e-17,1.433e-15,6.470e-10,,,,,,1.646e-1,,,,,,,,,2.672e-1,,,,,,,,,,,,,,
863.46,5.794e+0,1.595e-18,1.278e-26,8.679e-29,,,,8.555e-18,3.043e-20,,3.431e-15,3.977e+0,1.281e-28,1.358e+0,1.757e-20,,3.749e-19,,,,7.053e-3,,1.752e-9,,1.795e-26,,,,6.109e-17,2.163e-15,4.837e-10,,,,,,1.667e-1,,,,,,,,,2.846e-1,,,,,,,,,,,,,,
863.48,6.032e+0,1.594e-18,1.279e-26,9.511e-29,,,,8.559e-18,3.033e-20,,3.432e-15,4.101e+0,1.280e-28,1.457e+0,1.757e-20,,3.751e-19,,,,8.111e-3,,2.154e-9,,1.796e-26,,,,7.834e-17,2.842e-15,3.980e-10,,,,,,1.681e-1,,,,,,,,,2.965e-1,,,,,,,,,,,,,,
863.51,6.399e+0,1.591e-18,1.282e-26,1.089e-28,,,,8.566e-18,3.020e-20,,3.432e-15,4.287e+0,1.280e-28,1.617e+0,1.757e-20,,3.753e-19,,,,9.983e-3,,2.932e-9,,1.798e-26,,,,1.135e-16,4.274e-15,2.964e-10,,,,,,1.701e-1,,,,,,,,,3.147e-1,,,,,,,,,,,,,,
863.53,6.650e+0,1.590e-18,1.284e-26,1.190e-28,,,,8.570e-18,3.010e-20,,3.433e-15,4.409e+0,1.280e-28,1.731e+0,1.757e-20,,3.755e-19,,,,1.145e-2,,3.597e-9,,1.799e-26,,,,1.452e-16,5.602e-15,2.432e-10,,,,,,1.713e-1,,,,,,,,,3.271e-1,,,,,,,,,,,,,,
863.55,6.907e+0,1.588e-18,1.286e-26,1.299e-28,,,,8.574e-18,3.001e-20,,3.433e-15,4.531e+0,1.280e-28,1.851e+0,1.758e-20,,3.757e-19,,,,1.312e-2,,4.409e-9,,1.800e-26,,,,1.855e-16,7.336e-15,1.994e-10,,,,,,1.725e-1,,,,,,,,,3.395e-1,,,,,,,,,,,,,,
863.58,7.301e+0,1.586e-18,1.288e-26,1.480e-28,,,,8.580e-18,2.988e-20,,3.434e-15,4.710e+0,1.279e-28,2.043e+0,1.758e-20,,3.760e-19,,,,1.606e-2,,5.969e-9,,1.802e-26,,,,2.674e-16,1.097e-14,1.477e-10,,,,,,1.741e-1,,,,,,,,,3.584e-1,,,,,,,,,,,,,,
863.6,7.571e+0,1.584e-18,1.290e-26,1.612e-28,,,,8.584e-18,2.978e-20,,3.434e-15,4.827e+0,1.279e-28,2.179e+0,1.758e-20,,3.762e-19,,,,1.836e-2,,7.297e-9,,1.803e-26,,,,3.408e-16,1.433e-14,1.207e-10,,,,,,1.750e-1,,,,,,,,,3.711e-1,,,,,,,,,,,,,,
863.63,7.983e+0,1.582e-18,1.292e-26,1.828e-28,,,,8.590e-18,2.965e-20,,3.435e-15,4.999e+0,1.279e-28,2.395e+0,1.759e-20,,3.765e-19,,,,2.239e-2,,9.843e-9,,1.804e-26,,,,4.894e-16,2.135e-14,8.910e-11,,,,,,1.763e-1,,,,,,,,,3.903e-1,,,,,,,,,,,,,,
863.65,8.264e+0,1.580e-18,1.294e-26,1.986e-28,,,,8.594e-18,2.956e-20,,3.435e-15,5.111e+0,1.278e-28,2.548e+0,1.759e-20,,3.766e-19,,,,2.552e-2,,1.200e-8,,1.805e-26,,,,6.222e-16,2.782e-14,7.266e-11,,,,,,1.771e-1,,,,,,,,,4.031e-1,,,,,,,,,,,,,,
863.68,8.694e+0,1.578e-18,1.297e-26,2.244e-28,,,,8.600e-18,2.942e-20,,3.436e-15,5.272e+0,1.278e-28,2.791e+0,1.759e-20,,3.769e-19,,,,3.101e-2,,1.613e-8,,1.807e-26,,,,8.901e-16,4.129e-14,5.340e-11,,,,,,1.780e-1,,,,,,,,,4.223e-1,,,,,,,,,,,,,,
863.7,8.986e+0,1.576e-18,1.299e-26,2.432e-28,,,,8.604e-18,2.933e-20,,3.436e-15,5.376e+0,1.278e-28,2.961e+0,1.759e-20,,3.771e-19,,,,3.526e-2,,1.961e-8,,1.808e-26,,,,1.129e-15,5.365e-14,4.344e-11,,,,,,1.785e-1,,,,,,,,,4.350e-1,,,,,,,,,,,,,,
863.73,9.431e+0,1.574e-18,1.301e-26,2.737e-28,,,,8.610e-18,2.919e-20,,3.437e-15,5.524e+0,1.277e-28,3.231e+0,1.760e-20,,3.774e-19,,,,4.267e-2,,2.626e-8,,1.810e-26,,,,1.608e-15,7.934e-14,3.180e-11,,,,,,1.790e-1,,,,,,,,,4.539e-1,,,,,,,,,,,,,,
863.75,9.732e+0,1.572e-18,1.303e-26,2.959e-28,,,,8.614e-18,2.910e-20,,3.437e-15,5.619e+0,1.277e-28,3.419e+0,1.760e-20,,3.776e-19,,,,4.840e-2,,3.185e-8,,1.811e-26,,,,2.034e-15,1.028e-13,2.580e-11,,,,,,1.791e-1,,,,,,,,,4.664e-1,,,,,,,,,,,,,,
863.78,1.019e+1,1.570e-18,1.305e-26,3.318e-28,,,,8.620e-18,2.896e-20,,3.438e-15,5.752e+0,1.955e-28,3.716e+0,1.760e-20,,3.779e-19,,,,5.835e-2,,4.248e-8,,1.812e-26,,,,2.888e-15,1.515e-13,1.882e-11,,,,,,1.791e-1,,,,,,,,,4.849e-1,,,,,,,,,,,,,,
863.8,1.050e+1,1.568e-18,1.307e-26,3.577e-28,,,,8.624e-18,2.887e-20,,3.438e-15,5.835e+0,2.592e-28,3.923e+0,1.760e-20,,3.780e-19,,,,6.602e-2,,5.140e-8,,1.813e-26,,,,3.644e-15,1.959e-13,1.523e-11,,,,,,1.790e-1,,,,,,,,,4.970e-1,,,,,,,,,,,,,,
863.83,1.097e+1,1.566e-18,1.310e-26,3.996e-28,,,,8.630e-18,2.873e-20,,3.439e-15,5.951e+0,6.758e-28,4.248e+0,1.761e-20,,3.783e-19,,,,7.929e-2,,6.828e-8,,1.815e-26,,,,5.154e-15,2.874e-13,1.106e-11,,,,,,1.785e-1,,,,,,,,,5.146e-1,,,,,,,,,,,,,,
863.85,1.129e+1,1.564e-18,1.312e-26,4.296e-28,,,,8.634e-18,2.864e-20,,3.439e-15,6.021e+0,8.950e-28,4.473e+0,1.761e-20,,3.785e-19,,,,8.947e-2,,8.241e-8,,1.816e-26,,,,6.485e-15,3.707e-13,8.929e-12,,,,,,1.780e-1,,,,,,,,,5.261e-1,,,,,,,,,,,,,,
863.88,1.177e+1,1.562e-18,1.314e-26,4.781e-28,,,,8.641e-18,2.850e-20,,3.440e-15,6.117e+0,1.362e-27,4.824e+0,1.761e-20,,3.788e-19,,,,1.071e-1,,1.091e-7,,1.818e-26,,,,9.138e-15,5.419e-13,6.461e-12,,,,,,1.770e-1,,,,,,,,,5.427e-1,,,,,,,,,,,,,,
863.9,1.209e+1,1.560e-18,1.316e-26,5.128e-28,,,,8.645e-18,2.841e-20,,3.440e-15,6.173e+0,1.799e-27,5.067e+0,1.761e-20,,3.790e-19,,,,1.205e-1,,1.313e-7,,1.819e-26,,,,1.147e-14,6.971e-13,5.202e-12,,,,,,1.761e-1,,,,,,,,,5.534e-1,,,,,,,,,,,,,,
863.93,1.258e+1,1.557e-18,1.319e-26,5.685e-28,,,,8.651e-18,2.827e-20,,3.441e-15,6.247e+0,2.726e-27,5.444e+0,1.762e-20,,3.793e-19,,,,1.436e-1,,1.731e-7,,1.820e-26,,,,1.610e-14,1.015e-12,3.750e-12,,,,,,1.746e-1,,,,,,,,,5.687e-1,,,,,,,,,,,,,,
863.95,1.291e+1,1.556e-18,1.320e-26,6.082e-28,,,,8.655e-18,2.818e-20,,3.441e-15,6.289e+0,3.592e-27,5.703e+0,1.762e-20,,3.794e-19,,,,1.612e-1,,2.079e-7,,1.821e-26,,,,2.016e-14,1.303e-12,3.011e-12,,,,,,1.734e-1,,,,,,,,,5.784e-1,,,,,,,,,,,,,,
863.97,1.323e+1,1.554e-18,1.322e-26,6.499e-28,,,,8.659e-18,2.809e-20,,3.441e-15,6.325e+0,4.729e-27,5.969e+0,1.762e-20,,3.796e-19,,,,1.808e-1,,2.494e-7,,1.822e-26,,,,2.521e-14,1.670e-12,2.415e-12,,,,,,1.720e-1,,,,,,,,,5.876e-1,,,,,,,,,,,,,,
864,1.373e+1,1.552e-18,1.325e-26,7.167e-28,,,,8.665e-18,2.795e-20,,3.442e-15,6.366e+0,7.129e-27,6.378e+0,1.763e-20,,3.799e-19,,,,2.144e-1,,3.270e-7,,1.824e-26,,,,3.520e-14,2.419e-12,1.731e-12,,,,,,1.697e-1,,,,,,,,,6.006e-1,,,,,,,,,,,,,,
864.02,1.406e+1,1.550e-18,1.326e-26,7.639e-28,,,,8.669e-18,2.786e-20,,3.443e-15,6.386e+0,9.361e-27,6.658e+0,1.763e-20,,3.801e-19,,,,2.398e-1,,3.913e-7,,1.825e-26,,,,4.391e-14,3.093e-12,1.385e-12,,,,,,1.680e-1,,,,,,,,,6.087e-1,,,,,,,,,,,,,,
864.05,1.456e+1,1.548e-18,1.329e-26,8.391e-28,,,,8.675e-18,2.773e-20,,3.443e-15,6.403e+0,1.406e-26,7.088e+0,1.763e-20,,3.804e-19,,,,2.832e-1,,5.112e-7,,1.827e-26,,,,6.108e-14,4.464e-12,9.893e-13,,,,,,1.652e-1,,,,,,,,,6.198e-1,,,,,,,,,,,,,,
864.07,1.489e+1,1.546e-18,1.331e-26,8.922e-28,,,,8.679e-18,2.763e-20,,3.444e-15,6.406e+0,1.841e-26,7.380e+0,1.763e-20,,3.806e-19,,,,3.161e-1,,6.102e-7,,1.828e-26,,,,7.601e-14,5.693e-12,7.894e-13,,,,,,1.632e-1,,,,,,,,,6.265e-1,,,,,,,,,,,,,,
864.1,1.539e+1,1.544e-18,1.333e-26,9.763e-28,,,,8.685e-18,2.750e-20,,3.444e-15,6.399e+0,2.755e-26,7.826e+0,1.764e-20,,3.808e-19,,,,3.718e-1,,7.941e-7,,1.829e-26,,,,1.053e-13,8.185e-12,5.616e-13,,,,,,1.600e-1,,,,,,,,,6.355e-1,,,,,,,,,,,,,,
864.12,1.573e+1,1.542e-18,1.335e-26,1.035e-27,,,,8.689e-18,2.741e-20,,3.445e-15,6.386e+0,3.599e-26,8.128e+0,1.764e-20,,3.810e-19,,,,4.139e-1,,9.454e-7,,1.830e-26,,,,1.307e-13,1.041e-11,4.470e-13,,,,,,1.577e-1,,,,,,,,,6.407e-1,,,,,,,,,,,,,,
864.15,1.623e+1,1.540e-18,1.338e-26,1.129e-27,,,,8.695e-18,2.727e-20,,3.445e-15,6.354e+0,5.364e-26,8.587e+0,1.764e-20,,3.813e-19,,,,4.851e-1,,1.226e-6,,1.832e-26,,,,1.804e-13,1.491e-11,3.168e-13,,,,,,1.540e-1,,,,,,,,,6.474e-1,,,,,,,,,,,,,,
864.17,1.656e+1,1.538e-18,1.339e-26,1.194e-27,,,,8.699e-18,2.718e-20,,3.446e-15,6.325e+0,6.991e-26,8.895e+0,1.764e-20,,3.815e-19,,,,5.385e-1,,1.455e-6,,1.833e-26,,,,2.234e-13,1.892e-11,2.515e-13,,,,,,1.514e-1,,,,,,,,,6.510e-1,,,,,,,,,,,,,,
864.2,1.706e+1,1.536e-18,1.342e-26,1.296e-27,,,,8.705e-18,2.704e-20,,3.446e-15,6.269e+0,1.038e-25,9.361e+0,1.765e-20,,3.818e-19,,,,6.287e-1,,1.880e-6,,1.835e-26,,,,3.072e-13,2.700e-11,1.775e-13,,,,,,1.473e-1,,,,,,,,,6.553e-1,,,,,,,,,,,,,,
864.22,1.739e+1,1.534e-18,1.344e-26,1.368e-27,,,,8.709e-18,2.695e-20,,3.447e-15,6.224e+0,1.349e-25,9.672e+0,1.765e-20,,3.820e-19,,,,6.962e-1,,2.227e-6,,1.836e-26,,,,3.794e-13,3.417e-11,1.405e-13,,,,,,1.445e-1,,,,,,,,,6.573e-1,,,,,,,,,,,,,,
864.25,1.789e+1,1.532e-18,1.346e-26,1.480e-27,,,,8.716e-18,2.681e-20,,3.447e-15,6.146e+0,1.996e-25,1.014e+1,1.765e-20,,3.822e-19,,,,8.098e-1,,2.865e-6,,1.837e-26,,,,5.197e-13,4.857e-11,9.883e-14,,,,,,1.401e-1,,,,,,,,,6.591e-1,,,,,,,,,,,,,,
864.27,1.823e+1,1.530e-18,1.348e-26,1.557e-27,,,,8.720e-18,2.672e-20,,3.448e-15,6.086e+0,2.588e-25,1.045e+1,1.766e-20,,3.824e-19,,,,8.944e-1,,3.385e-6,,1.838e-26,,,,6.402e-13,6.132e-11,7.805e-14,,,,,,1.371e-1,,,,,,,,,6.594e-1,,,,,,,,,,,,,,
864.3,1.873e+1,1.528e-18,1.351e-26,1.678e-27,,,,8.726e-18,2.658e-20,,3.448e-15,5.987e+0,3.813e-25,1.091e+1,1.766e-20,,3.827e-19,,,,1.036e+0,,4.338e-6,,1.840e-26,,,,8.737e-13,8.683e-11,5.467e-14,,,,,,1.324e-1,,,,,,,,,6.587e-1,,,,,,,,,,,,,,
864.32,1.906e+1,1.526e-18,1.352e-26,1.762e-27,,,,8.730e-18,2.649e-20,,3.449e-15,5.913e+0,4.932e-25,1.122e+1,1.766e-20,,3.829e-19,,,,1.142e+0,,5.113e-6,,1.841e-26,,,,1.074e-12,1.093e-10,4.307e-14,,,,,,1.293e-1,,,,,,,,,6.573e-1,,,,,,,,,,,,,,
864.34,1.939e+1,1.525e-18,1.354e-26,1.847e-27,,,,8.734e-18,2.640e-20,,3.449e-15,5.835e+0,6.372e-25,1.152e+1,1.766e-20,,3.831e-19,,,,1.257e+0,,6.019e-6,,1.842e-26,,,,1.318e-12,1.376e-10,3.389e-14,,,,,,1.261e-1,,,,,,,,,6.553e-1,,,,,,,,,,,,,,
864.37,1.990e+1,1.522e-18,1.357e-26,1.980e-27,,,,8.740e-18,2.626e-20,,3.450e-15,5.709e+0,9.341e-25,1.197e+1,1.767e-20,,3.834e-19,,,,1.448e+0,,7.674e-6,,1.844e-26,,,,1.789e-12,1.938e-10,2.361e-14,,,,,,1.212e-1,,,,,,,,,6.510e-1,,,,,,,,,,,,,,
864.39,2.023e+1,1.520e-18,1.358e-26,2.071e-27,,,,8.744e-18,2.617e-20,,3.450e-15,5.619e+0,1.204e-24,1.226e+1,1.767e-20,,3.836e-19,,,,1.590e+0,,9.011e-6,,1.845e-26,,,,2.190e-12,2.431e-10,1.853e-14,,,,,,1.179e-1,,,,,,,,,6.474e-1,,,,,,,,,,,,,,
864.42,2.074e+1,1.518e-18,1.361e-26,2.212e-27,,,,8.750e-18,2.603e-20,,3.451e-15,5.476e+0,1.758e-24,1.268e+1,1.767e-20,,3.838e-19,,,,1.825e+0,,1.145e-5,,1.846e-26,,,,2.962e-12,3.411e-10,1.286e-14,,,,,,1.129e-1,,,,,,,,,6.407e-1,,,,,,,,,,,,,,
864.44,2.108e+1,1.516e-18,1.363e-26,2.307e-27,,,,8.754e-18,2.594e-20,,3.451e-15,5.376e+0,2.260e-24,1.296e+1,1.767e-20,,3.840e-19,,,,1.998e+0,,1.341e-5,,1.848e-26,,,,3.617e-12,4.270e-10,1.007e-14,,,,,,1.095e-1,,,,,,,,,6.355e-1,,,,,,,,,,,,,,
864.47,2.159e+1,1.514e-18,1.365e-26,2.454e-27,,,,8.760e-18,2.580e-20,,3.452e-15,5.219e+0,3.287e-24,1.336e+1,1.768e-20,,3.843e-19,,,,2.286e+0,,1.696e-5,,1.849e-26,,,,4.872e-12,5.969e-10,6.958e-15,,,,,,1.045e-1,,,,,,,,,6.265e-1,,,,,,,,,,,,,,
864.49,2.194e+1,1.512e-18,1.367e-26,2.554e-27,,,,8.764e-18,2.571e-20,,3.452e-15,5.111e+0,4.215e-24,1.361e+1,1.768e-20,,3.845e-19,,,,2.496e+0,,1.982e-5,,1.850e-26,,,,5.936e-12,7.452e-10,5.433e-15,,,,,,1.012e-1,,,,,,,,,6.198e-1,,,,,,,,,,,,,,
864.52,2.247e+1,1.510e-18,1.370e-26,2.706e-27,,,,8.770e-18,2.557e-20,,3.453e-15,4.942e+0,6.109e-24,1.398e+1,1.768e-20,,3.848e-19,,,,2.844e+0,,2.498e-5,,1.852e-26,,,,7.965e-12,1.038e-9,3.741e-15,,,,,,9.617e-2,,,,,,,,,6.087e-1,,,,,,,,,,,,,,
864.54,2.283e+1,1.508e-18,1.371e-26,2.809e-27,,,,8.774e-18,2.548e-20,,3.453e-15,4.827e+0,7.813e-24,1.421e+1,1.769e-20,,3.850e-19,,,,3.098e+0,,2.911e-5,,1.853e-26,,,,9.679e-12,1.292e-9,2.913e-15,,,,,,9.286e-2,,,,,,,,,6.006e-1,,,,,,,,,,,,,,
864.57,2.338e+1,1.506e-18,1.374e-26,2.965e-27,,,,8.780e-18,2.535e-20,,3.454e-15,4.651e+0,1.128e-23,1.454e+1,1.769e-20,,3.852e-19,,,,3.517e+0,,3.655e-5,,1.854e-26,,,,1.294e-11,1.793e-9,1.998e-15,,,,,,8.795e-2,,,,,,,,,5.876e-1,,,,,,,,,,,,,,
864.59,2.375e+1,1.504e-18,1.376e-26,3.070e-27,,,,8.784e-18,2.525e-20,,3.454e-15,4.531e+0,1.439e-23,1.474e+1,1.769e-20,,3.854e-19,,,,3.821e+0,,4.249e-5,,1.856e-26,,,,1.568e-11,2.227e-9,1.552e-15,,,,,,8.472e-2,,,,,,,,,5.784e-1,,,,,,,,,,,,,,
864.62,2.433e+1,1.502e-18,1.378e-26,3.228e-27,,,,8.790e-18,2.512e-20,,3.455e-15,4.348e+0,2.070e-23,1.502e+1,1.769e-20,,3.857e-19,,,,4.320e+0,,5.315e-5,,1.857e-26,,,,2.089e-11,3.077e-9,1.061e-15,,,,,,7.995e-2,,,,,,,,,5.637e-1,,,,,,,,,,,,,,
864.64,2.473e+1,1.500e-18,1.380e-26,3.334e-27,,,,8.795e-18,2.503e-20,,3.455e-15,4.225e+0,2.634e-23,1.519e+1,1.770e-20,,3.859e-19,,,,4.683e+0,,6.163e-5,,1.858e-26,,,,2.525e-11,3.813e-9,8.218e-16,,,,,,7.682e-2,,,,,,,,,5.534e-1,,,,,,,,,,,,,,
864.67,2.534e+1,1.498e-18,1.383e-26,3.492e-27,,,,8.801e-18,2.489e-20,,3.456e-15,4.039e+0,3.774e-23,1.542e+1,1.770e-20,,3.862e-19,,,,5.274e+0,,7.679e-5,,1.860e-26,,,,3.350e-11,5.249e-9,5.593e-16,,,,,,7.224e-2,,,,,,,,,5.373e-1,,,,,,,,,,,,,,
864.69,2.576e+1,1.496e-18,1.385e-26,3.597e-27,,,,8.805e-18,2.480e-20,,3.456e-15,3.915e+0,4.791e-23,1.555e+1,1.770e-20,,3.864e-19,,,,5.702e+0,,8.881e-5,,1.861e-26,,,,4.040e-11,6.488e-9,4.322e-16,,,,,,6.925e-2,,,,,,,,,5.261e-1,,,,,,,,,,,,,,
864.71,2.620e+1,1.495e-18,1.386e-26,3.701e-27,,,,8.809e-18,2.471e-20,,3.457e-15,3.791e+0,6.076e-23,1.567e+1,1.770e-20,,3.865e-19,,,,6.159e+0,,1.026e-4,,1.862e-26,,,,4.867e-11,8.011e-9,3.336e-16,,,,,,6.633e-2,,,,,,,,,5.146e-1,,,,,,,,,,,,,,
864.74,2.688e+1,1.492e-18,1.389e-26,3.856e-27,,,,8.815e-18,2.457e-20,,3.457e-15,3.605e+0,8.659e-23,1.582e+1,1.771e-20,,3.868e-19,,,,6.900e+0,,1.272e-4,,1.864e-26,,,,6.423e-11,1.097e-8,2.259e-16,,,,,,6.207e-2,,,,,,,,,4.970e-1,,,,,,,,,,,,,,
864.76,2.736e+1,1.491e-18,1.391e-26,3.958e-27,,,,8.819e-18,2.448e-20,,3.458e-15,3.481e+0,1.095e-22,1.590e+1,1.771e-20,,3.870e-19,,,,7.433e+0,,1.466e-4,,1.865e-26,,,,7.718e-11,1.351e-8,1.739e-16,,,,,,5.931e-2,,,,,,,,,4.849e-1,,,,,,,,,,,,,,
864.79,2.811e+1,1.488e-18,1.393e-26,4.108e-27,,,,8.825e-18,2.434e-20,,3.458e-15,3.298e+0,1.555e-22,1.599e+1,1.771e-20,,3.873e-19,,,,8.295e+0,,1.810e-4,,1.866e-26,,,,1.015e-10,1.843e-8,1.173e-16,,,,,,5.533e-2,,,,,,,,,4.664e-1,,,,,,,,,,,,,,
864.81,2.863e+1,1.487e-18,1.395e-26,4.206e-27,,,,8.829e-18,2.425e-20,,3.459e-15,3.176e+0,1.962e-22,1.604e+1,1.771e-20,,3.875e-19,,,,8.913e+0,,2.081e-4,,1.867e-26,,,,1.216e-10,2.264e-8,9.005e-17,,,,,,5.276e-2,,,,,,,,,4.539e-1,,,,,,,,,,,,,,
864.84,2.946e+1,1.484e-18,1.398e-26,4.348e-27,,,,8.835e-18,2.411e-20,,3.459e-15,2.997e+0,2.776e-22,1.607e+1,1.772e-20,,3.878e-19,,,,9.909e+0,,2.559e-4,,1.869e-26,,,,1.593e-10,3.077e-8,6.049e-17,,,,,,4.907e-2,,,,,,,,,4.350e-1,,,,,,,,,,,,,,
864.86,3.004e+1,1.483e-18,1.399e-26,4.440e-27,,,,8.839e-18,2.402e-20,,3.460e-15,2.880e+0,3.493e-22,1.607e+1,1.772e-20,,3.879e-19,,,,1.062e+1,,2.935e-4,,1.870e-26,,,,1.904e-10,3.770e-8,4.633e-17,,,,,,4.672e-2,,,,,,,,,4.223e-1,,,,,,,,,,,,,,
864.89,3.095e+1,1.480e-18,1.402e-26,4.573e-27,,,,8.845e-18,2.388e-20,,3.460e-15,2.707e+0,4.922e-22,1.604e+1,1.772e-20,,3.882e-19,,,,1.176e+1,,3.596e-4,,1.872e-26,,,,2.485e-10,5.104e-8,3.100e-17,,,,,,4.334e-2,,,,,,,,,4.031e-1,,,,,,,,,,,,,,
864.91,3.160e+1,1.479e-18,1.404e-26,4.658e-27,,,,8.849e-18,2.379e-20,,3.461e-15,2.594e+0,6.179e-22,1.599e+1,1.773e-20,,3.884e-19,,,,1.258e+1,,4.113e-4,,1.873e-26,,,,2.963e-10,6.238e-8,2.369e-17,,,,,,4.120e-2,,,,,,,,,3.903e-1,,,,,,,,,,,,,,
864.94,3.262e+1,1.476e-18,1.406e-26,4.779e-27,,,,8.855e-18,2.365e-20,,3.461e-15,2.429e+0,8.674e-22,1.590e+1,1.773e-20,,3.887e-19,,,,1.387e+1,,5.021e-4,,1.874e-26,,,,3.851e-10,8.414e-8,1.579e-17,,,,,,3.816e-2,,,,,,,,,3.711e-1,,,,,,,,,,,,,,
864.96,3.333e+1,1.475e-18,1.408e-26,4.856e-27,,,,8.859e-18,2.356e-20,,3.462e-15,2.322e+0,1.086e-21,1.582e+1,1.773e-20,,3.889e-19,,,,1.479e+1,,5.728e-4,,1.875e-26,,,,4.581e-10,1.026e-7,1.203e-17,,,,,,3.624e-2,,,,,,,,,3.584e-1,,,,,,,,,,,,,,
864.99,3.447e+1,1.472e-18,1.411e-26,4.963e-27,,,,8.865e-18,2.342e-20,,3.462e-15,2.166e+0,1.519e-21,1.567e+1,1.773e-20,,3.892e-19,,,,1.626e+1,,6.966e-4,,1.877e-26,,,,5.932e-10,1.378e-7,7.987e-18,,,,,,3.354e-2,,,,,,,,,3.395e-1,,,,,,,,,,,,,,
865.01,3.527e+1,1.471e-18,1.412e-26,5.029e-27,,,,8.869e-18,2.333e-20,,3.463e-15,2.065e+0,1.897e-21,1.555e+1,1.774e-20,,3.893e-19,,,,1.730e+1,,7.927e-4,,1.878e-26,,,,7.038e-10,1.676e-7,6.070e-18,,,,,,3.185e-2,,,,,,,,,3.271e-1,,,,,,,,,,,,,,
865.04,3.654e+1,1.468e-18,1.415e-26,5.121e-27,,,,8.876e-18,2.320e-20,,3.463e-15,1.919e+0,2.643e-21,1.534e+1,1.774e-20,,3.896e-19,,,,1.894e+1,,9.604e-4,,1.880e-26,,,,9.078e-10,2.243e-7,4.015e-18,,,,,,2.950e-2,,,,,,,,,3.086e-1,,,,,,,,,,,,,,
865.06,3.743e+1,1.467e-18,1.417e-26,5.176e-27,,,,8.880e-18,2.310e-20,,3.464e-15,1.825e+0,3.293e-21,1.519e+1,1.774e-20,,3.898e-19,,,,2.009e+1,,1.090e-3,,1.881e-26,,,,1.074e-9,2.721e-7,3.043e-18,,,,,,2.806e-2,,,,,,,,,2.965e-1,,,,,,,,,,,,,,
865.08,3.836e+1,1.465e-18,1.418e-26,5.226e-27,,,,8.884e-18,2.301e-20,,3.464e-15,1.734e+0,4.099e-21,1.502e+1,1.774e-20,,3.900e-19,,,,2.129e+1,,1.236e-3,,1.882e-26,,,,1.270e-9,3.297e-7,2.305e-18,,,,,,2.670e-2,,,,,,,,,2.846e-1,,,,,,,,,,,,,,
865.11,3.982e+1,1.463e-18,1.421e-26,5.293e-27,,,,8.890e-18,2.288e-20,,3.465e-15,1.603e+0,5.680e-21,1.474e+1,1.775e-20,,3.903e-19,,,,2.319e+1,,1.490e-3,,1.883e-26,,,,1.630e-9,4.390e-7,1.516e-18,,,,,,2.485e-2,,,,,,,,,2.672e-1,,,,,,,,,,,,,,
865.13,4.085e+1,1.461e-18,1.423e-26,5.331e-27,,,,8.894e-18,2.278e-20,,3.465e-15,1.519e+0,7.051e-21,1.454e+1,1.775e-20,,3.905e-19,,,,2.451e+1,,1.685e-3,,1.884e-26,,,,1.922e-9,5.306e-7,1.145e-18,,,,,,2.374e-2,,,,,,,,,2.558e-1,,,,,,,,,,,,,,
865.16,4.246e+1,1.459e-18,1.425e-26,5.378e-27,,,,8.900e-18,2.265e-20,,3.466e-15,1.398e+0,9.735e-21,1.421e+1,1.775e-20,,3.907e-19,,,,2.659e+1,,2.023e-3,,1.886e-26,,,,2.457e-9,7.038e-7,7.503e-19,,,,,,2.226e-2,,,,,,,,,2.391e-1,,,,,,,,,,,,,,
865.18,4.359e+1,1.457e-18,1.427e-26,5.403e-27,,,,8.904e-18,2.255e-20,,3.466e-15,1.322e+0,1.206e-20,1.398e+1,1.776e-20,,3.909e-19,,,,2.804e+1,,2.282e-3,,1.887e-26,,,,2.890e-9,8.485e-7,5.653e-19,,,,,,2.139e-2,,,,,,,,,2.284e-1,,,,,,,,,,,,,,
865.21,4.537e+1,1.455e-18,1.430e-26,5.430e-27,,,,8.910e-18,2.242e-20,,3.467e-15,1.212e+0,1.658e-20,1.361e+1,1.776e-20,,3.912e-19,,,,3.031e+1,,2.729e-3,,1.889e-26,,,,3.680e-9,1.121e-6,3.690e-19,,,,,,2.029e-2,,,,,,,,,2.127e-1,,,,,,,,,,,,,,
865.23,4.660e+1,1.453e-18,1.431e-26,5.441e-27,,,,8.914e-18,2.233e-20,,3.467e-15,1.143e+0,2.048e-20,1.336e+1,1.776e-20,,3.914e-19,,,,3.187e+1,,3.071e-3,,1.890e-26,,,,4.318e-9,1.348e-6,2.773e-19,,,,,,1.967e-2,,,,,,,,,2.026e-1,,,,,,,,,,,,,,
865.26,4.853e+1,1.451e-18,1.434e-26,5.447e-27,,,,8.920e-18,2.219e-20,,3.468e-15,1.044e+0,2.806e-20,1.296e+1,1.776e-20,,3.917e-19,,,,3.432e+1,,3.659e-3,,1.891e-26,,,,5.477e-9,1.775e-6,2.898e-19,,,,,,1.895e-2,,,,,,,,,1.880e-1,,,,,,,,,,,,,,
865.28,4.987e+1,1.449e-18,1.436e-26,5.445e-27,,,,8.924e-18,2.210e-20,,3.468e-15,9.820e-1,3.457e-20,1.268e+1,1.777e-20,,3.919e-19,,,,3.600e+1,,4.107e-3,,1.892e-26,,,,6.410e-9,2.129e-6,2.982e-19,,,,,,1.860e-2,,,,,,,,,1.786e-1,,,,,,,,,,,,,,
865.31,5.195e+1,1.447e-18,1.438e-26,5.430e-27,,,,8.930e-18,2.196e-20,,3.469e-15,8.938e-1,4.719e-20,1.226e+1,1.777e-20,,3.921e-19,,,,3.861e+1,,4.875e-3,,1.894e-26,,,,8.101e-9,2.791e-6,3.108e-19,,,,,,1.828e-2,,,,,,,,,1.651e-1,,,,,,,,,,,,,,
865.33,5.339e+1,1.445e-18,1.440e-26,5.413e-27,,,,8.934e-18,2.187e-20,,3.469e-15,8.384e-1,5.800e-20,1.197e+1,1.777e-20,,3.923e-19,,,,4.040e+1,,5.458e-3,,1.895e-26,,,,9.457e-9,3.340e-6,3.192e-19,,,,,,1.820e-2,,,,,,,,,1.564e-1,,,,,,,,,,,,,,
865.36,5.562e+1,1.442e-18,1.443e-26,5.378e-27,,,,8.940e-18,2.173e-20,,3.470e-15,7.602e-1,7.887e-20,1.152e+1,1.778e-20,,3.926e-19,,,,4.317e+1,,6.454e-3,,1.897e-26,,,,1.190e-8,4.363e-6,3.317e-19,,,,,,1.830e-2,,,,,,,,,1.440e-1,,,,,,,,,,,,,,
865.38,5.715e+1,1.441e-18,1.444e-26,5.348e-27,,,,8.944e-18,2.164e-20,,3.470e-15,7.112e-1,9.668e-20,1.122e+1,1.778e-20,,3.928e-19,,,,4.506e+1,,7.208e-3,,1.898e-26,,,,1.386e-8,5.207e-6,3.401e-19,,,,,,1.851e-2,,,,,,,,,1.361e-1,,,,,,,,,,,,,,
865.41,5.951e+1,1.438e-18,1.447e-26,5.293e-27,,,,8.951e-18,2.150e-20,,3.471e-15,6.424e-1,1.310e-19,1.076e+1,1.778e-20,,3.931e-19,,,,4.795e+1,,8.491e-3,,1.899e-26,,,,1.739e-8,6.776e-6,3.527e-19,,,,,,1.905e-2,,,,,,,,,1.249e-1,,,,,,,,,,,,,,
865.43,6.112e+1,1.437e-18,1.449e-26,5.250e-27,,,,8.955e-18,2.141e-20,,3.471e-15,5.995e-1,1.602e-19,1.045e+1,1.778e-20,,3.933e-19,,,,4.992e+1,,9.459e-3,,1.900e-26,,,,2.019e-8,8.067e-6,3.611e-19,,,,,,1.956e-2,,,,,,,,,1.177e-1,,,,,,,,,,,,,,
865.45,6.276e+1,1.435e-18,1.450e-26,5.202e-27,,,,8.959e-18,2.132e-20,,3.472e-15,5.590e-1,1.956e-19,1.014e+1,1.779e-20,,3.935e-19,,,,5.192e+1,,1.053e-2,,1.901e-26,,,,2.343e-8,9.594e-6,3.695e-19,,,,,,2.021e-2,,,,,,,,,1.109e-1,,,,,,,,,,,,,,
865.48,6.528e+1,1.433e-18,1.453e-26,5.121e-27,,,,8.965e-18,2.118e-20,,3.472e-15,5.022e-1,2.636e-19,9.672e+0,1.779e-20,,3.937e-19,,,,5.497e+1,,1.233e-2,,1.903e-26,,,,2.923e-8,1.242e-5,3.820e-19,,,,,,2.143e-2,,,,,,,,,1.011e-1,,,,,,,,,,,,,,
865.5,6.698e+1,1.431e-18,1.455e-26,5.061e-27,,,,8.969e-18,2.109e-20,,3.473e-15,4.671e-1,3.212e-19,9.361e+0,1.779e-20,,3.939e-19,,,,5.702e+1,,1.369e-2,,1.904e-26,,,,3.383e-8,1.473e-5,3.904e-19,,,,,,2.242e-2,,,,,,,,,9.502e-2,,,,,,,,,,,,,,
865.53,6.958e+1,1.429e-18,1.457e-26,4.963e-27,,,,8.975e-18,2.095e-20,,3.473e-15,4.181e-1,4.312e-19,8.895e+0,1.779e-20,,3.942e-19,,,,6.014e+1,,1.598e-2,,1.906e-26,,,,4.204e-8,1.900e-5,4.030e-19,,,,,,2.417e-2,,,,,,,,,8.635e-2,,,,,,,,,,,,,,
865.55,7.133e+1,1.427e-18,1.459e-26,4.892e-27,,,,8.979e-18,2.086e-20,,3.474e-15,3.878e-1,5.241e-19,8.587e+0,1.780e-20,,3.944e-19,,,,6.223e+1,,1.770e-2,,1.907e-26,,,,4.854e-8,2.248e-5,4.114e-19,,,,,,2.553e-2,,,,,,,,,8.091e-2,,,,,,,,,,,,,,
865.58,7.397e+1,1.425e-18,1.462e-26,4.779e-27,,,,8.985e-18,2.072e-20,,3.474e-15,3.459e-1,7.008e-19,8.128e+0,1.780e-20,,3.947e-19,,,,6.537e+1,,2.058e-2,,1.908e-26,,,,6.009e-8,2.888e-5,4.240e-19,,,,,,2.787e-2,,,,,,,,,7.325e-2,,,,,,,,,,,,,,
865.6,7.574e+1,1.423e-18,1.464e-26,4.699e-27,,,,8.989e-18,2.063e-20,,3.475e-15,3.201e-1,8.496e-19,7.826e+0,1.780e-20,,3.949e-19,,,,6.747e+1,,2.273e-2,,1.909e-26,,,,6.919e-8,3.408e-5,4.323e-19,,,,,,2.963e-2,,,,,,,,,6.846e-2,,,,,,,,,,,,,,
865.63,7.840e+1,1.421e-18,1.466e-26,4.573e-27,,,,8.995e-18,2.050e-20,,3.475e-15,2.844e-1,1.132e-18,7.380e+0,1.781e-20,,3.951e-19,,,,7.062e+1,,2.634e-2,,1.911e-26,,,,8.534e-8,4.362e-5,4.449e-19,,,,,,3.261e-2,,,,,,,,,6.174e-2,,,,,,,,,,,,,,
865.65,8.017e+1,1.419e-18,1.468e-26,4.485e-27,,,,8.999e-18,2.040e-20,,3.476e-15,2.626e-1,1.369e-18,7.088e+0,1.781e-20,,3.953e-19,,,,7.270e+1,,2.901e-2,,1.912e-26,,,,9.803e-8,5.135e-5,4.533e-19,,,,,,3.482e-2,,,,,,,,,5.756e-2,,,,,,,,,,,,,,
865.68,8.281e+1,1.417e-18,1.470e-26,4.348e-27,,,,9.005e-18,2.027e-20,,3.476e-15,2.325e-1,1.817e-18,6.658e+0,1.781e-20,,3.956e-19,,,,7.579e+1,,3.349e-2,,1.914e-26,,,,1.204e-7,6.546e-5,4.659e-19,,,,,,3.849e-2,,,,,,,,,5.171e-2,,,,,,,,,,,,,,
865.7,8.455e+1,1.415e-18,1.472e-26,4.254e-27,,,,9.009e-18,2.018e-20,,3.477e-15,2.142e-1,2.191e-18,6.378e+0,1.781e-20,,3.958e-19,,,,7.783e+1,,3.680e-2,,1.915e-26,,,,1.380e-7,7.687e-5,4.743e-19,,,,,,4.119e-2,,,,,,,,,4.808e-2,,,,,,,,,,,,,,
865.73,8.712e+1,1.413e-18,1.475e-26,4.108e-27,,,,9.015e-18,2.004e-20,,3.477e-15,1.890e-1,2.897e-18,5.969e+0,1.782e-20,,3.961e-19,,,,8.083e+1,,4.231e-2,,1.916e-26,,,,1.689e-7,9.763e-5,4.868e-19,,,,,,4.563e-2,,,,,,,,,4.303e-2,,,,,,,,,,,,,,
865.75,8.880e+1,1.411e-18,1.477e-26,4.008e-27,,,,9.019e-18,1.995e-20,,3.478e-15,1.737e-1,3.486e-18,5.703e+0,1.782e-20,,3.963e-19,,,,8.279e+1,,4.638e-2,,1.917e-26,,,,1.930e-7,1.144e-4,4.952e-19,,,,,,4.886e-2,,,,,,,,,3.991e-2,,,,,,,,,,,,,,
865.78,9.127e+1,1.409e-18,1.479e-26,3.856e-27,,,,9.026e-18,1.981e-20,,3.478e-15,1.528e-1,4.592e-18,5.316e+0,1.782e-20,,3.965e-19,,,,8.566e+1,,5.313e-2,,1.919e-26,,,,2.354e-7,1.447e-4,5.078e-19,,,,,,5.414e-2,,,,,,,,,3.558e-2,,,,,,,,,,,,,,
865.8,9.287e+1,1.407e-18,1.481e-26,3.753e-27,,,,9.030e-18,1.972e-20,,3.479e-15,1.402e-1,5.511e-18,5.067e+0,1.782e-20,,3.967e-19,,,,8.751e+1,,5.810e-2,,1.920e-26,,,,2.683e-7,1.691e-4,5.162e-19,,,,,,5.795e-2,,,,,,,,,3.291e-2,,,,,,,,,,,,,,
865.83,9.519e+1,1.405e-18,1.483e-26,3.597e-27,,,,9.036e-18,1.958e-20,,3.479e-15,1.230e-1,7.231e-18,4.705e+0,1.783e-20,,3.970e-19,,,,9.020e+1,,6.630e-2,,1.922e-26,,,,3.260e-7,2.131e-4,5.287e-19,,,,,,6.413e-2,,,,,,,,,2.923e-2,,,,,,,,,,,,,,
865.85,9.667e+1,1.403e-18,1.485e-26,3.492e-27,,,,9.040e-18,1.949e-20,,3.480e-15,1.126e-1,8.657e-18,4.473e+0,1.783e-20,,3.972e-19,,,,9.192e+1,,7.232e-2,,1.923e-26,,,,3.706e-7,2.483e-4,5.371e-19,,,,,,6.857e-2,,,,,,,,,2.697e-2,,,,,,,,,,,,,,
865.87,9.810e+1,1.401e-18,1.487e-26,3.386e-27,,,,9.044e-18,1.940e-20,,3.480e-15,1.031e-1,1.035e-17,4.248e+0,1.783e-20,,3.974e-19,,,,9.357e+1,,7.879e-2,,1.924e-26,,,,4.210e-7,2.891e-4,5.455e-19,,,,,,7.327e-2,,,,,,,,,2.486e-2,,,,,,,,,,,,,,
865.9,1.001e+2,1.399e-18,1.490e-26,3.228e-27,,,,9.050e-18,1.926e-20,,3.481e-15,9.015e-2,1.351e-17,3.923e+0,1.783e-20,,3.977e-19,,,,9.593e+1,,8.945e-2,,1.925e-26,,,,5.088e-7,3.625e-4,5.581e-19,,,,,,8.084e-2,,,,,,,,,2.196e-2,,,,,,,,,,,,,,
865.92,1.014e+2,1.397e-18,1.491e-26,3.122e-27,,,,9.054e-18,1.917e-20,,3.481e-15,8.242e-2,1.612e-17,3.716e+0,1.784e-20,,3.978e-19,,,,9.740e+1,,9.722e-2,,1.926e-26,,,,5.765e-7,4.209e-4,5.665e-19,,,,,,8.623e-2,,,,,,,,,2.019e-2,,,,,,,,,,,,,,
865.95,1.032e+2,1.395e-18,1.494e-26,2.965e-27,,,,9.060e-18,1.903e-20,,3.482e-15,7.201e-2,2.096e-17,3.419e+0,1.784e-20,,3.981e-19,,,,9.947e+1,,1.100e-1,,1.928e-26,,,,6.939e-7,5.257e-4,5.790e-19,,,,,,9.487e-2,,,,,,,,,1.777e-2,,,,,,,,,,,,,,
865.97,1.043e+2,1.393e-18,1.496e-26,2.861e-27,,,,9.064e-18,1.894e-20,,3.482e-15,6.581e-2,2.494e-17,3.231e+0,1.784e-20,,3.983e-19,,,,1.008e+2,,1.192e-1,,1.929e-26,,,,7.843e-7,6.090e-4,5.874e-19,,,,,,1.010e-1,,,,,,,,,1.629e-2,,,,,,,,,,,,,,
866,1.058e+2,1.391e-18,1.498e-26,2.706e-27,,,,9.070e-18,1.880e-20,,3.483e-15,5.751e-2,3.231e-17,2.961e+0,1.785e-20,,3.986e-19,,,,1.025e+2,,1.343e-1,,1.931e-26,,,,9.406e-7,7.577e-4,6.000e-19,,,,,,1.108e-1,,,,,,,,,1.428e-2,,,,,,,,,,,,,,
866.02,1.067e+2,1.389e-18,1.500e-26,2.604e-27,,,,9.074e-18,1.871e-20,,3.483e-15,5.259e-2,3.834e-17,2.791e+0,1.785e-20,,3.988e-19,,,,1.036e+2,,1.453e-1,,1.932e-26,,,,1.060e-6,8.755e-4,6.084e-19,,,,,,1.177e-1,,,,,,,,,1.306e-2,,,,,,,,,,,,,,
866.05,1.078e+2,1.387e-18,1.503e-26,2.454e-27,,,,9.080e-18,1.857e-20,,3.484e-15,4.605e-2,4.948e-17,2.548e+0,1.785e-20,,3.991e-19,,,,1.049e+2,,1.631e-1,,1.933e-26,,,,1.267e-6,1.085e-3,6.210e-19,,,,,,1.286e-1,,,,,,,,,1.141e-2,,,,,,,,,,,,,,
866.07,1.085e+2,1.385e-18,1.504e-26,2.356e-27,,,,9.084e-18,1.848e-20,,3.484e-15,4.220e-2,5.858e-17,2.395e+0,1.785e-20,,3.992e-19,,,,1.058e+2,,1.759e-1,,1.934e-26,,,,1.425e-6,1.251e-3,6.293e-19,,,,,,1.363e-1,,,,,,,,,1.041e-2,,,,,,,,,,,,,,
866.1,1.093e+2,1.383e-18,1.507e-26,2.212e-27,,,,9.090e-18,1.835e-20,,3.485e-15,3.711e-2,7.531e-17,2.179e+0,1.786e-20,,3.995e-19,,,,1.068e+2,,1.967e-1,,1.936e-26,,,,1.696e-6,1.544e-3,6.419e-19,,,,,,1.484e-1,,,,,,,,,9.053e-3,,,,,,,,,,,,,,
866.12,1.098e+2,1.381e-18,1.509e-26,2.117e-27,,,,9.094e-18,1.825e-20,,3.485e-15,3.413e-2,8.893e-17,2.043e+0,1.786e-20,,3.997e-19,,,,1.073e+2,,2.117e-1,,1.937e-26,,,,1.902e-6,1.775e-3,6.503e-19,,,,,,1.569e-1,,,,,,,,,8.239e-3,,,,,,,,,,,,,,
866.15,1.102e+2,1.379e-18,1.511e-26,1.980e-27,,,,9.100e-18,1.812e-20,,3.486e-15,3.024e-2,1.139e-16,1.851e+0,1.786e-20,,4.000e-19,,,,1.079e+2,,2.359e-1,,1.939e-26,,,,2.256e-6,2.184e-3,6.629e-19,,,,,,1.703e-1,,,,,,,,,7.139e-3,,,,,,,,,,,,,,
866.17,1.104e+2,1.377e-18,1.513e-26,1.891e-27,,,,9.105e-18,1.802e-20,,3.486e-15,2.798e-2,1.342e-16,1.731e+0,1.786e-20,,4.002e-19,,,,1.082e+2,,2.532e-1,,1.940e-26,,,,2.524e-6,2.504e-3,6.713e-19,,,,,,1.796e-1,,,,,,,,,6.480e-3,,,,,,,,,,,,,,
866.2,1.105e+2,1.375e-18,1.516e-26,1.762e-27,,,,9.111e-18,1.789e-20,,3.487e-15,2.507e-2,1.712e-16,1.562e+0,1.787e-20,,4.005e-19,,,,1.084e+2,,2.811e-1,,1.941e-26,,,,2.982e-6,3.069e-3,6.838e-19,,,,,,1.942e-1,,,,,,,,,5.594e-3,,,,,,,,,,,,,,
866.22,1.104e+2,1.373e-18,1.517e-26,1.678e-27,,,,9.115e-18,1.780e-20,,3.487e-15,2.340e-2,2.011e-16,1.457e+0,1.787e-20,,4.006e-19,,,,1.084e+2,,3.010e-1,,1.942e-26,,,,3.328e-6,3.510e-3,6.922e-19,,,,,,2.043e-1,,,,,,,,,5.064e-3,,,,,,,,,,,,,,
866.24,1.102e+2,1.372e-18,1.519e-26,1.597e-27,,,,9.119e-18,1.770e-20,,3.488e-15,2.194e-2,2.361e-16,1.358e+0,1.787e-20,,4.008e-19,,,,1.083e+2,,3.220e-1,,1.944e-26,,,,3.710e-6,4.011e-3,7.006e-19,,,,,,2.147e-1,,,,,,,,,4.581e-3,,,,,,,,,,,,,,
866.27,1.098e+2,1.369e-18,1.522e-26,1.480e-27,,,,9.125e-18,1.757e-20,,3.488e-15,2.010e-2,2.996e-16,1.219e+0,1.788e-20,,4.011e-19,,,,1.079e+2,,3.556e-1,,1.945e-26,,,,4.360e-6,4.889e-3,7.132e-19,,,,,,2.309e-1,,,,,,,,,3.933e-3,,,,,,,,,,,,,,
866.29,1.093e+2,1.368e-18,1.523e-26,1.405e-27,,,,9.129e-18,1.748e-20,,3.489e-15,1.908e-2,3.508e-16,1.133e+0,1.788e-20,,4.013e-19,,,,1.075e+2,,3.795e-1,,1.946e-26,,,,4.850e-6,5.572e-3,7.216e-19,,,,,,2.421e-1,,,,,,,,,3.548e-3,,,,,,,,,,,,,,
866.32,1.085e+2,1.365e-18,1.526e-26,1.296e-27,,,,9.135e-18,1.734e-20,,3.489e-15,1.782e-2,4.435e-16,1.014e+0,1.788e-20,,4.016e-19,,,,1.068e+2,,4.175e-1,,1.948e-26,,,,5.678e-6,6.766e-3,7.341e-19,,,,,,2.594e-1,,,,,,,,,3.035e-3,,,,,,,,,,,,,,
866.34,1.078e+2,1.364e-18,1.528e-26,1.227e-27,,,,9.139e-18,1.725e-20,,3.490e-15,1.716e-2,5.179e-16,9.397e-1,1.788e-20,,4.018e-19,,,,1.061e+2,,4.445e-1,,1.949e-26,,,,6.299e-6,7.692e-3,7.425e-19,,,,,,2.712e-1,,,,,,,,,2.731e-3,,,,,,,,,,,,,,
866.37,1.066e+2,1.361e-18,1.530e-26,1.129e-27,,,,9.145e-18,1.711e-20,,3.490e-15,1.638e-2,6.524e-16,8.372e-1,1.789e-20,,4.020e-19,,,,1.049e+2,,4.873e-1,,1.950e-26,,,,7.348e-6,9.305e-3,7.551e-19,,,,,,2.895e-1,,,,,,,,,2.326e-3,,,,,,,,,,,,,,
866.39,1.057e+2,1.360e-18,1.532e-26,1.066e-27,,,,9.149e-18,1.702e-20,,3.491e-15,1.600e-2,7.600e-16,7.742e-1,1.789e-20,,4.022e-19,,,,1.040e+2,,5.174e-1,,1.952e-26,,,,8.132e-6,1.055e-2,7.635e-19,,,,,,3.020e-1,,,,,,,,,2.088e-3,,,,,,,,,,,,,,
866.42,1.041e+2,1.357e-18,1.535e-26,9.763e-28,,,,9.155e-18,1.688e-20,,3.491e-15,1.560e-2,9.536e-16,6.871e-1,1.789e-20,,4.025e-19,,,,1.025e+2,,5.652e-1,,1.953e-26,,,,9.450e-6,1.272e-2,7.760e-19,,,,,,3.211e-1,,,,,,,,,1.772e-3,,,,,,,,,,,,,,
866.44,1.030e+2,1.356e-18,1.536e-26,9.196e-28,,,,9.159e-18,1.679e-20,,3.492e-15,1.545e-2,1.108e-15,6.338e-1,1.789e-20,,4.027e-19,,,,1.014e+2,,5.987e-1,,1.954e-26,,,,1.043e-5,1.438e-2,7.844e-19,,,,,,3.341e-1,,,,,,,,,1.587e-3,,,,,,,,,,,,,,
866.47,1.011e+2,1.353e-18,1.539e-26,8.391e-28,,,,9.165e-18,1.665e-20,,3.492e-15,1.536e-2,1.385e-15,5.603e-1,1.790e-20,,4.030e-19,,,,9.947e+1,,6.516e-1,,1.956e-26,,,,1.208e-5,1.727e-2,7.970e-19,,,,,,3.539e-1,,,,,,,,,1.341e-3,,,,,,,,,,,,,,
866.49,9.972e+1,1.352e-18,1.541e-26,7.884e-28,,,,9.169e-18,1.656e-20,,3.493e-15,1.539e-2,1.605e-15,5.155e-1,1.790e-20,,4.032e-19,,,,9.811e+1,,6.886e-1,,1.957e-26,,,,1.330e-5,1.948e-2,8.054e-19,,,,,,3.673e-1,,,,,,,,,1.198e-3,,,,,,,,,,,,,,
866.52,9.755e+1,1.349e-18,1.543e-26,7.167e-28,,,,9.175e-18,1.642e-20,,3.493e-15,1.554e-2,1.999e-15,4.540e-1,1.790e-20,,4.034e-19,,,,9.593e+1,,7.466e-1,,1.958e-26,,,,1.535e-5,2.330e-2,8.180e-19,,,,,,3.876e-1,,,,,,,,,1.009e-3,,,,,,,,,,,,,,
866.54,9.602e+1,1.348e-18,1.545e-26,6.716e-28,,,,9.180e-18,1.633e-20,,3.494e-15,1.572e-2,2.311e-15,4.166e-1,1.791e-20,,4.036e-19,,,,9.437e+1,,7.871e-1,,1.960e-26,,,,1.686e-5,2.622e-2,8.263e-19,,,,,,4.012e-1,,,,,,,,,8.986e-4,,,,,,,,,,,,,,
866.57,9.360e+1,1.345e-18,1.548e-26,6.082e-28,,,,9.186e-18,1.619e-20,,3.494e-15,1.607e-2,2.867e-15,3.656e-1,1.791e-20,,4.039e-19,,,,9.192e+1,,8.504e-1,,1.961e-26,,,,1.938e-5,3.124e-2,8.389e-19,,,,,,4.218e-1,,,,,,,,,7.539e-4,,,,,,,,,,,,,,
866.59,9.191e+1,1.344e-18,1.549e-26,5.685e-28,,,,9.190e-18,1.610e-20,,3.495e-15,1.635e-2,3.307e-15,3.346e-1,1.791e-20,,4.041e-19,,,,9.020e+1,,8.944e-1,,1.962e-26,,,,2.123e-5,3.507e-2,8.473e-19,,,,,,4.355e-1,,,,,,,,,6.698e-4,,,,,,,,,,,,,,
866.61,9.017e+1,1.342e-18,1.551e-26,5.309e-28,,,,9.194e-18,1.601e-20,,3.495e-15,1.668e-2,3.809e-15,3.059e-1,1.791e-20,,4.043e-19,,,,8.842e+1,,9.397e-1,,1.963e-26,,,,2.325e-5,3.933e-2,8.557e-19,,,,,,4.492e-1,,,,,,,,,5.944e-4,,,,,,,,,,,,,,
866.64,8.747e+1,1.340e-18,1.554e-26,4.781e-28,,,,9.200e-18,1.587e-20,,3.496e-15,1.723e-2,4.701e-15,2.670e-1,1.792e-20,,4.046e-19,,,,8.566e+1,,1.010e+0,,1.965e-26,,,,2.658e-5,4.661e-2,8.683e-19,,,,,,4.697e-1,,,,,,,,,4.960e-4,,,,,,,,,,,,,,
866.66,8.561e+1,1.338e-18,1.556e-26,4.453e-28,,,,9.204e-18,1.578e-20,,3.496e-15,1.764e-2,5.401e-15,2.435e-1,1.792e-20,,4.048e-19,,,,8.376e+1,,1.059e+0,,1.966e-26,,,,2.903e-5,5.214e-2,1.151e-18,,,,,,4.833e-1,,,,,,,,,4.391e-4,,,,,,,,,,,,,,
866.69,8.276e+1,1.336e-18,1.558e-26,3.996e-28,,,,9.210e-18,1.565e-20,,3.497e-15,1.830e-2,6.641e-15,2.117e-1,1.792e-20,,4.050e-19,,,,8.083e+1,,1.134e+0,,1.968e-26,,,,3.308e-5,6.156e-2,1.752e-18,,,,,,5.034e-1,,,,,,,,,3.650e-4,,,,,,,,,,,,,,
866.71,8.082e+1,1.334e-18,1.560e-26,3.712e-28,,,,9.214e-18,1.555e-20,,3.497e-15,1.877e-2,7.611e-15,1.926e-1,1.792e-20,,4.052e-19,,,,7.884e+1,,1.186e+0,,1.969e-26,,,,3.604e-5,6.868e-2,2.316e-18,,,,,,5.167e-1,,,,,,,,,3.223e-4,,,,,,,,,,,,,,
866.74,7.786e+1,1.332e-18,1.563e-26,3.318e-28,,,,9.220e-18,1.542e-20,,3.498e-15,1.951e-2,9.322e-15,1.668e-1,1.793e-20,,4.055e-19,,,,7.579e+1,,1.266e+0,,1.970e-26,,,,4.092e-5,8.078e-2,3.514e-18,,,,,,5.361e-1,,,,,,,,,2.669e-4,,,,,,,,,,,,,,
866.76,7.587e+1,1.330e-18,1.564e-26,3.075e-28,,,,9.224e-18,1.533e-20,,3.498e-15,2.003e-2,1.066e-14,1.513e-1,1.793e-20,,4.057e-19,,,,7.373e+1,,1.321e+0,,1.971e-26,,,,4.448e-5,8.990e-2,4.633e-18,,,,,,5.488e-1,,,,,,,,,2.351e-4,,,,,,,,,,,,,,
866.79,7.284e+1,1.327e-18,1.567e-26,2.737e-28,,,,9.230e-18,1.519e-20,,3.499e-15,2.083e-2,1.300e-14,1.305e-1,1.793e-20,,4.060e-19,,,,7.062e+1,,1.405e+0,,1.973e-26,,,,5.032e-5,1.053e-1,7.003e-18,,,,,,5.674e-1,,,,,,,,,1.939e-4,,,,,,,,,,,,,,
866.81,7.082e+1,1.326e-18,1.569e-26,2.530e-28,,,,9.234e-18,1.510e-20,,3.499e-15,2.138e-2,1.483e-14,1.182e-1,1.793e-20,,4.062e-19,,,,6.852e+1,,1.462e+0,,1.974e-26,,,,5.457e-5,1.169e-1,9.211e-18,,,,,,5.793e-1,,,,,,,,,1.703e-4,,,,,,,,,,,,,,
866.84,6.778e+1,1.323e-18,1.571e-26,2.244e-28,,,,9.240e-18,1.496e-20,,3.500e-15,2.223e-2,1.802e-14,1.015e-1,1.794e-20,,4.064e-19,,,,6.537e+1,,1.550e+0,,1.976e-26,,,,6.152e-5,1.365e-1,1.387e-17,,,,,,5.966e-1,,,,,,,,,1.400e-4,,,,,,,,,,,,,,
866.86,6.576e+1,1.322e-18,1.573e-26,2.069e-28,,,,9.244e-18,1.487e-20,,3.500e-15,2.280e-2,2.050e-14,9.167e-2,1.794e-20,,4.066e-19,,,,6.328e+1,,1.610e+0,,1.977e-26,,,,6.656e-5,1.511e-1,1.819e-17,,,,,,6.076e-1,,,,,,,,,1.227e-4,,,,,,,,,,,,,,
866.89,6.274e+1,1.319e-18,1.576e-26,1.828e-28,,,,9.250e-18,1.473e-20,,3.501e-15,2.367e-2,2.483e-14,7.847e-2,1.794e-20,,4.069e-19,,,,6.014e+1,,1.700e+0,,1.978e-26,,,,7.478e-5,1.757e-1,2.729e-17,,,,,,6.234e-1,,,,,,,,,1.004e-4,,,,,,,,,,,,,,
866.91,6.074e+1,1.318e-18,1.577e-26,1.681e-28,,,,9.254e-18,1.464e-20,,3.501e-15,2.426e-2,2.817e-14,7.066e-2,1.795e-20,,4.071e-19,,,,5.806e+1,,1.762e+0,,1.979e-26,,,,8.072e-5,1.941e-1,3.572e-17,,,,,,6.333e-1,,,,,,,,,8.775e-5,,,,,,,,,,,,,,
866.94,5.778e+1,1.315e-18,1.580e-26,1.480e-28,,,,9.261e-18,1.450e-20,,3.502e-15,2.514e-2,3.398e-14,6.026e-2,1.795e-20,,4.074e-19,,,,5.497e+1,,1.855e+0,,1.981e-26,,,,9.038e-5,2.249e-1,5.337e-17,,,,,,6.472e-1,,,,,,,,,7.156e-5,,,,,,,,,,,,,,
866.96,5.583e+1,1.314e-18,1.582e-26,1.357e-28,,,,9.265e-18,1.441e-20,,3.502e-15,2.573e-2,3.846e-14,5.412e-2,1.795e-20,,4.076e-19,,,,5.293e+1,,1.917e+0,,1.982e-26,,,,9.734e-5,2.477e-1,6.967e-17,,,,,,6.558e-1,,,,,,,,,6.238e-5,,,,,,,,,,,,,,
866.98,5.391e+1,1.312e-18,1.583e-26,1.244e-28,,,,9.269e-18,1.432e-20,,3.503e-15,2.631e-2,4.349e-14,4.856e-2,1.795e-20,,4.077e-19,,,,5.092e+1,,1.980e+0,,1.983e-26,,,,1.047e-4,2.726e-1,9.086e-17,,,,,,6.639e-1,,,,,,,,,5.432e-5,,,,,,,,,,,,,,
867.01,5.109e+1,1.310e-18,1.586e-26,1.089e-28,,,,9.275e-18,1.418e-20,,3.503e-15,2.719e-2,5.218e-14,4.119e-2,1.796e-20,,4.080e-19,,,,4.795e+1,,2.074e+0,,1.985e-26,,,,1.167e-4,3.141e-1,1.351e-16,,,,,,6.748e-1,,,,,,,,,4.406e-5,,,,,,,,,,,,,,
867.03,4.924e+1,1.308e-18,1.588e-26,9.952e-29,,,,9.279e-18,1.409e-20,,3.504e-15,2.777e-2,5.885e-14,3.686e-2,1.796e-20,,4.082e-19,,,,4.601e+1,,2.137e+0,,1.986e-26,,,,1.253e-4,3.448e-1,1.757e-16,,,,,,6.814e-1,,,,,,,,,3.827e-5,,,,,,,,,,,,,,
867.06,4.654e+1,1.306e-18,1.590e-26,8.679e-29,,,,9.285e-18,1.395e-20,,3.504e-15,2.862e-2,7.035e-14,3.115e-2,1.796e-20,,4.085e-19,,,,4.317e+1,,2.232e+0,,1.987e-26,,,,1.392e-4,3.959e-1,2.602e-16,,,,,,6.900e-1,,,,,,,,,3.092e-5,,,,,,,,,,,,,,
867.08,4.480e+1,1.304e-18,1.592e-26,7.913e-29,,,,9.289e-18,1.386e-20,,3.505e-15,2.919e-2,7.914e-14,2.781e-2,1.796e-20,,4.087e-19,,,,4.131e+1,,2.295e+0,,1.988e-26,,,,1.492e-4,4.334e-1,3.376e-16,,,,,,6.950e-1,,,,,,,,,2.679e-5,,,,,,,,,,,,,,
867.11,4.225e+1,1.302e-18,1.595e-26,6.874e-29,,,,9.295e-18,1.372e-20,,3.505e-15,3.001e-2,9.424e-14,2.341e-2,1.797e-20,,4.090e-19,,,,3.861e+1,,2.389e+0,,1.990e-26,,,,1.651e-4,4.957e-1,4.980e-16,,,,,,7.011e-1,,,,,,,,,2.157e-5,,,,,,,,,,,,,,
867.13,4.061e+1,1.300e-18,1.596e-26,6.251e-29,,,,9.299e-18,1.363e-20,,3.506e-15,3.055e-2,1.057e-13,2.084e-2,1.797e-20,,4.091e-19,,,,3.686e+1,,2.451e+0,,1.991e-26,,,,1.766e-4,5.414e-1,6.446e-16,,,,,,7.043e-1,,,,,,,,,1.864e-5,,,,,,,,,,,,,,
867.16,3.823e+1,1.298e-18,1.599e-26,5.410e-29,,,,9.305e-18,1.349e-20,,3.506e-15,3.134e-2,1.255e-13,1.748e-2,1.797e-20,,4.094e-19,,,,3.432e+1,,2.543e+0,,1.993e-26,,,,1.949e-4,6.168e-1,9.474e-16,,,,,,7.078e-1,,,,,,,,,1.494e-5,,,,,,,,,,,,,,
867.18,3.671e+1,1.296e-18,1.601e-26,4.907e-29,,,,9.309e-18,1.340e-20,,3.507e-15,3.185e-2,1.404e-13,1.552e-2,1.798e-20,,4.096e-19,,,,3.268e+1,,2.603e+0,,1.994e-26,,,,2.080e-4,6.719e-1,1.223e-15,,,,,,7.092e-1,,,,,,,,,1.288e-5,,,,,,,,,,,,,,
867.21,3.452e+1,1.294e-18,1.603e-26,4.230e-29,,,,9.315e-18,1.327e-20,,3.507e-15,3.259e-2,1.660e-13,1.296e-2,1.798e-20,,4.099e-19,,,,3.031e+1,,2.692e+0,,1.995e-26,,,,2.289e-4,7.626e-1,1.791e-15,,,,,,7.101e-1,,,,,,,,,1.029e-5,,,,,,,,,,,,,,
867.23,3.312e+1,1.292e-18,1.605e-26,3.827e-29,,,,9.319e-18,1.317e-20,,3.508e-15,3.307e-2,1.853e-13,1.148e-2,1.798e-20,,4.101e-19,,,,2.878e+1,,2.750e+0,,1.996e-26,,,,2.437e-4,8.287e-1,2.306e-15,,,,,,7.097e-1,,,,,,,,,8.845e-6,,,,,,,,,,,,,,
867.26,3.112e+1,1.290e-18,1.608e-26,3.287e-29,,,,9.325e-18,1.304e-20,,3.508e-15,3.375e-2,2.182e-13,9.557e-3,1.798e-20,,4.104e-19,,,,2.659e+1,,2.835e+0,,1.998e-26,,,,2.674e-4,9.369e-1,3.364e-15,,,,,,7.078e-1,,,,,,,,,7.038e-6,,,,,,,,,,,,,,
867.28,2.985e+1,1.288e-18,1.609e-26,2.966e-29,,,,9.329e-18,1.295e-20,,3.509e-15,3.418e-2,2.429e-13,8.444e-3,1.799e-20,,4.105e-19,,,,2.519e+1,,2.890e+0,,1.999e-26,,,,2.842e-4,1.016e+0,4.322e-15,,,,,,7.056e-1,,,,,,,,,6.035e-6,,,,,,,,,,,,,,
867.31,2.804e+1,1.286e-18,1.612e-26,2.538e-29,,,,9.336e-18,1.281e-20,,3.509e-15,3.480e-2,2.850e-13,7.000e-3,1.799e-20,,4.108e-19,,,,2.319e+1,,2.970e+0,,2.001e-26,,,,3.110e-4,1.144e+0,6.280e-15,,,,,,7.011e-1,,,,,,,,,4.784e-6,,,,,,,,,,,,,,
867.33,2.691e+1,1.284e-18,1.614e-26,2.284e-29,,,,9.340e-18,1.272e-20,,3.510e-15,3.519e-2,3.165e-13,6.169e-3,1.799e-20,,4.110e-19,,,,2.191e+1,,3.021e+0,,2.002e-26,,,,3.300e-4,1.237e+0,8.047e-15,,,,,,6.972e-1,,,,,,,,,4.092e-6,,,,,,,,,,,,,,
867.35,2.583e+1,1.282e-18,1.615e-26,2.054e-29,,,,9.344e-18,1.263e-20,,3.510e-15,3.555e-2,3.513e-13,5.431e-3,1.799e-20,,4.112e-19,,,,2.068e+1,,3.071e+0,,2.003e-26,,,,3.499e-4,1.336e+0,1.030e-14,,,,,,6.926e-1,,,,,,,,,3.497e-6,,,,,,,,,,,,,,
867.38,2.430e+1,1.280e-18,1.618e-26,1.748e-29,,,,9.350e-18,1.249e-20,,3.511e-15,3.607e-2,4.098e-13,4.478e-3,1.800e-20,,4.115e-19,,,,1.894e+1,,3.143e+0,,2.004e-26,,,,3.815e-4,1.496e+0,1.489e-14,,,,,,6.844e-1,,,,,,,,,2.757e-6,,,,,,,,,,,,,,
867.4,2.335e+1,1.278e-18,1.620e-26,1.568e-29,,,,9.354e-18,1.240e-20,,3.511e-15,3.638e-2,4.537e-13,3.932e-3,1.800e-20,,4.117e-19,,,,1.783e+1,,3.189e+0,,2.005e-26,,,,4.037e-4,1.612e+0,1.901e-14,,,,,,6.782e-1,,,,,,,,,2.349e-6,,,,,,,,,,,,,,
867.43,2.202e+1,1.276e-18,1.622e-26,1.329e-29,,,,9.360e-18,1.226e-20,,3.512e-15,3.682e-2,5.273e-13,3.230e-3,1.800e-20,,4.119e-19,,,,1.626e+1,,3.254e+0,,2.007e-26,,,,4.391e-4,1.799e+0,2.738e-14,,,,,,6.677e-1,,,,,,,,,1.845e-6,,,,,,,,,,,,,,
867.45,2.120e+1,1.274e-18,1.624e-26,1.189e-29,,,,9.364e-18,1.217e-20,,3.512e-15,3.707e-2,5.822e-13,2.829e-3,1.801e-20,,4.121e-19,,,,1.527e+1,,3.294e+0,,2.008e-26,,,,4.640e-4,1.934e+0,3.487e-14,,,,,,6.599e-1,,,,,,,,,1.569e-6,,,,,,,,,,,,,,
867.48,2.006e+1,1.272e-18,1.627e-26,1.004e-29,,,,9.370e-18,1.203e-20,,3.513e-15,3.742e-2,6.741e-13,2.315e-3,1.801e-20,,4.124e-19,,,,1.387e+1,,3.352e+0,,2.010e-26,,,,5.035e-4,2.150e+0,5.003e-14,,,,,,6.472e-1,,,,,,,,,1.227e-6,,,,,,,,,,,,,,
867.5,1.937e+1,1.270e-18,1.629e-26,8.958e-30,,,,9.374e-18,1.194e-20,,3.513e-15,3.762e-2,7.424e-13,2.022e-3,1.801e-20,,4.126e-19,,,,1.300e+1,,3.387e+0,,2.011e-26,,,,5.313e-4,2.305e+0,6.356e-14,,,,,,6.380e-1,,,,,,,,,1.041e-6,,,,,,,,,,,,,,
867.53,1.842e+1,1.268e-18,1.631e-26,7.536e-30,,,,9.380e-18,1.180e-20,,3.514e-15,3.787e-2,8.565e-13,1.648e-3,1.801e-20,,4.129e-19,,,,1.176e+1,,3.437e+0,,2.012e-26,,,,5.753e-4,2.553e+0,9.085e-14,,,,,,6.234e-1,,,,,,,,,8.110e-7,,,,,,,,,,,,,,
867.55,1.784e+1,1.266e-18,1.633e-26,6.707e-30,,,,9.384e-18,1.171e-20,,3.514e-15,3.801e-2,9.408e-13,1.436e-3,1.802e-20,,4.131e-19,,,,1.099e+1,,3.467e+0,,2.013e-26,,,,6.062e-4,2.729e+0,1.151e-13,,,,,,6.130e-1,,,,,,,,,6.859e-7,,,,,,,,,,,,,,
867.58,1.707e+1,1.264e-18,1.635e-26,5.621e-30,,,,9.390e-18,1.157e-20,,3.515e-15,3.817e-2,1.081e-12,1.166e-3,1.802e-20,,4.133e-19,,,,9.909e+0,,3.508e+0,,2.015e-26,,,,6.551e-4,3.012e+0,1.639e-13,,,,,,5.966e-1,,,,,,,,,5.325e-7,,,,,,,,,,,,,,
867.6,1.660e+1,1.262e-18,1.637e-26,4.990e-30,,,,9.394e-18,1.148e-20,,3.515e-15,3.825e-2,1.185e-12,1.014e-3,1.802e-20,,4.135e-19,,,,9.236e+0,,3.532e+0,,2.016e-26,,,,6.895e-4,3.212e+0,2.072e-13,,,,,,5.852e-1,,,,,,,,,4.492e-7,,,,,,,,,,,,,,
867.63,1.600e+1,1.260e-18,1.640e-26,4.166e-30,,,,9.400e-18,1.134e-20,,3.516e-15,3.831e-2,1.356e-12,8.200e-4,1.803e-20,,4.138e-19,,,,8.295e+0,,3.564e+0,,2.018e-26,,,,7.437e-4,3.531e+0,2.939e-13,,,,,,5.674e-1,,,,,,,,,3.474e-7,,,,,,,,,,,,,,
867.65,1.564e+1,1.258e-18,1.642e-26,3.689e-30,,,,9.404e-18,1.125e-20,,3.516e-15,3.832e-2,1.482e-12,7.110e-4,1.803e-20,,4.140e-19,,,,7.712e+0,,3.582e+0,,2.019e-26,,,,7.818e-4,3.756e+0,3.706e-13,,,,,,5.551e-1,,,,,,,,,2.923e-7,,,,,,,,,,,,,,
867.68,1.519e+1,1.256e-18,1.644e-26,3.068e-30,,,,9.411e-18,1.112e-20,,3.517e-15,3.829e-2,1.691e-12,5.729e-4,1.803e-20,,4.143e-19,,,,6.900e+0,,3.605e+0,,2.020e-26,,,,8.420e-4,4.113e+0,5.238e-13,,,,,,5.361e-1,,,,,,,,,2.252e-7,,,,,,,,,,,,,,
867.7,1.494e+1,1.254e-18,1.646e-26,2.709e-30,,,,9.415e-18,1.102e-20,,3.517e-15,3.823e-2,1.843e-12,4.954e-4,1.803e-20,,4.145e-19,,,,6.398e+0,,3.618e+0,,2.021e-26,,,,8.843e-4,4.364e+0,6.588e-13,,,,,,5.232e-1,,,,,,,,,1.890e-7,,,,,,,,,,,,,,
867.73,1.464e+1,1.252e-18,1.648e-26,2.245e-30,,,,9.421e-18,1.089e-20,,3.518e-15,3.810e-2,2.094e-12,3.976e-4,1.804e-20,,4.147e-19,,,,5.702e+0,,3.632e+0,,2.023e-26,,,,9.510e-4,4.761e+0,9.275e-13,,,,,,5.034e-1,,,,,,,,,1.451e-7,,,,,,,,,,,,,,
867.75,1.448e+1,1.250e-18,1.650e-26,1.977e-30,,,,9.425e-18,1.080e-20,,3.518e-15,3.798e-2,2.278e-12,3.430e-4,1.804e-20,,4.149e-19,,,,5.274e+0,,3.639e+0,,2.024e-26,,,,9.978e-4,5.039e+0,1.164e-12,,,,,,4.900e-1,,,,,,,,,1.214e-7,,,,,,,,,,,,,,
867.77,1.436e+1,1.249e-18,1.652e-26,1.740e-30,,,,9.429e-18,1.070e-20,,3.519e-15,3.784e-2,2.474e-12,2.956e-4,1.804e-20,,4.151e-19,,,,4.874e+0,,3.643e+0,,2.025e-26,,,,1.047e-3,5.328e+0,1.458e-12,,,,,,4.765e-1,,,,,,,,,1.016e-7,,,,,,,,,,,,,,
867.8,1.424e+1,1.246e-18,1.655e-26,1.434e-30,,,,9.435e-18,1.057e-20,,3.519e-15,3.757e-2,2.797e-12,2.360e-4,1.804e-20,,4.154e-19,,,,4.320e+0,,3.645e+0,,2.027e-26,,,,1.124e-3,5.782e+0,2.042e-12,,,,,,4.561e-1,,,,,,,,,7.753e-8,,,,,,,,,,,,,,
867.82,1.420e+1,1.245e-18,1.656e-26,1.259e-30,,,,9.439e-18,1.047e-20,,3.520e-15,3.737e-2,3.031e-12,2.028e-4,1.805e-20,,4.156e-19,,,,3.982e+0,,3.643e+0,,2.028e-26,,,,1.178e-3,6.098e+0,2.553e-12,,,,,,4.424e-1,,,,,,,,,6.467e-8,,,,,,,,,,,,,,
867.85,1.421e+1,1.242e-18,1.659e-26,1.033e-30,,,,9.445e-18,1.034e-20,,3.520e-15,3.701e-2,3.412e-12,1.613e-4,1.805e-20,,4.159e-19,,,,3.517e+0,,3.637e+0,,2.029e-26,,,,1.263e-3,6.592e+0,3.562e-12,,,,,,4.217e-1,,,,,,,,,4.918e-8,,,,,,,,,,,,,,
867.87,1.424e+1,1.241e-18,1.661e-26,9.047e-31,,,,9.449e-18,1.025e-20,,3.521e-15,3.674e-2,3.688e-12,1.383e-4,1.805e-20,,4.161e-19,,,,3.233e+0,,3.630e+0,,2.030e-26,,,,1.323e-3,6.935e+0,4.442e-12,,,,,,4.080e-1,,,,,,,,,4.092e-8,,,,,,,,,,,,,,
867.9,1.435e+1,1.238e-18,1.663e-26,7.398e-31,,,,9.455e-18,1.011e-20,,3.521e-15,3.629e-2,4.137e-12,1.096e-4,1.805e-20,,4.163e-19,,,,2.844e+0,,3.616e+0,,2.032e-26,,,,1.417e-3,7.468e+0,6.174e-12,,,,,,3.875e-1,,,,,,,,,3.100e-8,,,,,,,,,,,,,,
867.92,1.446e+1,1.237e-18,1.665e-26,6.461e-31,,,,9.459e-18,1.002e-20,,3.522e-15,3.596e-2,4.460e-12,9.368e-5,1.806e-20,,4.165e-19,,,,2.608e+0,,3.604e+0,,2.033e-26,,,,1.484e-3,7.837e+0,7.680e-12,,,,,,3.740e-1,,,,,,,,,2.572e-8,,,,,,,,,,,,,,
867.95,1.467e+1,1.234e-18,1.668e-26,5.263e-31,,,,9.465e-18,9.880e-21,,3.522e-15,3.543e-2,4.984e-12,7.393e-5,1.806e-20,,4.168e-19,,,,2.286e+0,,3.582e+0,,2.035e-26,,,,1.588e-3,8.408e+0,1.063e-11,,,,,,3.539e-1,,,,,,,,,1.941e-8,,,,,,,,,,,,,,
867.97,1.483e+1,1.233e-18,1.669e-26,4.585e-31,,,,9.469e-18,9.789e-21,,3.523e-15,3.505e-2,5.360e-12,6.306e-5,1.806e-20,,4.170e-19,,,,2.090e+0,,3.565e+0,,2.036e-26,,,,1.662e-3,8.800e+0,1.320e-11,,,,,,3.406e-1,,,,,,,,,1.607e-8,,,,,,,,,,,,,,
868,1.512e+1,1.230e-18,1.672e-26,3.721e-31,,,,9.475e-18,9.651e-21,,3.524e-15,3.444e-2,5.967e-12,4.958e-5,1.807e-20,,4.173e-19,,,,1.825e+0,,3.536e+0,,2.037e-26,,,,1.778e-3,9.405e+0,1.820e-11,,,,,,3.211e-1,,,,,,,,,1.208e-8,,,,,,,,,,,,,,
868.02,1.534e+1,1.229e-18,1.674e-26,3.233e-31,,,,9.479e-18,9.560e-21,,3.524e-15,3.401e-2,6.401e-12,4.218e-5,1.807e-20,,4.175e-19,,,,1.665e+0,,3.515e+0,,2.038e-26,,,,1.859e-3,9.819e+0,2.253e-11,,,,,,3.082e-1,,,,,,,,,9.972e-9,,,,,,,,,,,,,,
868.05,1.571e+1,1.226e-18,1.676e-26,2.613e-31,,,,9.485e-18,9.423e-21,,3.525e-15,3.333e-2,7.098e-12,3.303e-5,1.807e-20,,4.177e-19,,,,1.448e+0,,3.480e+0,,2.040e-26,,,,1.988e-3,1.046e+1,3.096e-11,,,,,,2.894e-1,,,,,,,,,7.467e-9,,,,,,,,,,,,,,
868.07,1.597e+1,1.225e-18,1.678e-26,2.265e-31,,,,9.490e-18,9.331e-21,,3.525e-15,3.285e-2,7.595e-12,2.803e-5,1.807e-20,,4.179e-19,,,,1.318e+0,,3.455e+0,,2.041e-26,,,,2.078e-3,1.089e+1,3.822e-11,,,,,,2.772e-1,,,,,,,,,6.150e-9,,,,,,,,,,,,,,
868.1,1.640e+1,1.222e-18,1.681e-26,1.824e-31,,,,9.496e-18,9.194e-21,,3.526e-15,3.210e-2,8.391e-12,2.187e-5,1.808e-20,,4.182e-19,,,,1.142e+0,,3.414e+0,,2.043e-26,,,,2.221e-3,1.155e+1,5.233e-11,,,,,,2.593e-1,,,,,,,,,4.587e-9,,,,,,,,,,,,,,
868.12,1.670e+1,1.221e-18,1.682e-26,1.577e-31,,,,9.500e-18,9.102e-21,,3.526e-15,3.159e-2,8.956e-12,1.851e-5,1.808e-20,,4.184e-19,,,,1.036e+0,,3.385e+0,,2.044e-26,,,,2.320e-3,1.200e+1,6.445e-11,,,,,,2.477e-1,,,,,,,,,3.768e-9,,,,,,,,,,,,,,
868.14,1.701e+1,1.219e-18,1.684e-26,1.362e-31,,,,9.504e-18,9.011e-21,,3.526e-15,3.105e-2,9.550e-12,1.565e-5,1.808e-20,,4.186e-19,,,,9.396e-1,,3.355e+0,,2.045e-26,,,,2.424e-3,1.245e+1,7.928e-11,,,,,,2.364e-1,,,,,,,,,3.092e-9,,,,,,,,,,,,,,
868.17,1.750e+1,1.217e-18,1.687e-26,1.091e-31,,,,9.510e-18,8.873e-21,,3.527e-15,3.023e-2,1.049e-11,1.215e-5,1.808e-20,,4.189e-19,,,,8.098e-1,,3.308e+0,,2.046e-26,,,,2.588e-3,1.313e+1,1.080e-10,,,,,,2.199e-1,,,,,,,,,2.294e-9,,,,,,,,,,,,,,
868.19,1.784e+1,1.215e-18,1.688e-26,9.395e-32,,,,9.514e-18,8.782e-21,,3.527e-15,2.966e-2,1.116e-11,1.024e-5,1.809e-20,,4.190e-19,,,,7.324e-1,,3.275e+0,,2.048e-26,,,,2.702e-3,1.359e+1,1.325e-10,,,,,,2.093e-1,,,,,,,,,1.878e-9,,,,,,,,,,,,,,
868.22,1.837e+1,1.212e-18,1.691e-26,7.496e-32,,,,9.520e-18,8.645e-21,,3.528e-15,2.880e-2,1.222e-11,7.919e-6,1.809e-20,,4.193e-19,,,,6.287e-1,,3.224e+0,,2.049e-26,,,,2.883e-3,1.429e+1,1.798e-10,,,,,,1.940e-1,,,,,,,,,1.388e-9,,,,,,,,,,,,,,
868.24,1.872e+1,1.211e-18,1.693e-26,6.441e-32,,,,9.524e-18,8.553e-21,,3.528e-15,2.820e-2,1.296e-11,6.662e-6,1.809e-20,,4.195e-19,,,,5.672e-1,,3.189e+0,,2.050e-26,,,,3.009e-3,1.475e+1,2.200e-10,,,,,,1.842e-1,,,,,,,,,1.133e-9,,,,,,,,,,,,,,
868.27,1.927e+1,1.208e-18,1.695e-26,5.120e-32,,,,9.530e-18,8.416e-21,,3.529e-15,2.730e-2,1.414e-11,5.130e-6,1.810e-20,,4.198e-19,,,,4.851e-1,,3.134e+0,,2.052e-26,,,,3.207e-3,1.545e+1,2.974e-10,,,,,,1.701e-1,,,,,,,,,8.343e-10,,,,,,,,,,,,,,
868.29,1.963e+1,1.207e-18,1.697e-26,4.387e-32,,,,9.534e-18,8.324e-21,,3.529e-15,2.669e-2,1.496e-11,4.304e-6,1.810e-20,,4.200e-19,,,,4.365e-1,,3.097e+0,,2.053e-26,,,,3.345e-3,1.591e+1,3.632e-10,,,,,,1.611e-1,,,,,,,,,6.794e-10,,,,,,,,,,,,,,
868.32,2.018e+1,1.204e-18,1.700e-26,3.474e-32,,,,9.540e-18,8.187e-21,,3.530e-15,2.576e-2,1.626e-11,3.302e-6,1.810e-20,,4.203e-19,,,,3.718e-1,,3.040e+0,,2.054e-26,,,,3.563e-3,1.659e+1,4.890e-10,,,,,,1.482e-1,,,,,,,,,4.983e-10,,,,,,,,,,,,,,
868.34,2.055e+1,1.203e-18,1.701e-26,2.970e-32,,,,9.544e-18,8.096e-21,,3.530e-15,2.513e-2,1.716e-11,2.764e-6,1.810e-20,,4.204e-19,,,,3.337e-1,,3.001e+0,,2.056e-26,,,,3.714e-3,1.704e+1,5.956e-10,,,,,,1.400e-1,,,,,,,,,4.047e-10,,,,,,,,,,,,,,
868.37,2.109e+1,1.200e-18,1.704e-26,2.342e-32,,,,9.550e-18,7.958e-21,,3.531e-15,2.419e-2,1.857e-11,2.112e-6,1.811e-20,,4.207e-19,,,,2.832e-1,,2.942e+0,,2.057e-26,,,,3.951e-3,1.771e+1,7.990e-10,,,,,,1.283e-1,,,,,,,,,2.957e-10,,,,,,,,,,,,,,
868.39,2.145e+1,1.199e-18,1.706e-26,1.997e-32,,,,9.554e-18,7.867e-21,,3.531e-15,2.355e-2,1.955e-11,1.763e-6,1.811e-20,,4.209e-19,,,,2.536e-1,,2.902e+0,,2.058e-26,,,,4.116e-3,1.815e+1,9.706e-10,,,,,,1.208e-1,,,,,,,,,2.396e-10,,,,,,,,,,,,,,
868.42,2.198e+1,1.196e-18,1.708e-26,1.569e-32,,,,9.560e-18,7.730e-21,,3.532e-15,2.260e-2,2.108e-11,1.342e-6,1.811e-20,,4.212e-19,,,,2.144e-1,,2.842e+0,,2.060e-26,,,,4.374e-3,1.879e+1,1.297e-9,,,,,,1.103e-1,,,,,,,,,1.744e-10,,,,,,,,,,,,,,
868.44,2.232e+1,1.195e-18,1.710e-26,1.335e-32,,,,9.564e-18,7.638e-21,,3.532e-15,2.196e-2,2.214e-11,1.118e-6,1.811e-20,,4.214e-19,,,,1.914e-1,,2.801e+0,,2.061e-26,,,,4.552e-3,1.920e+1,1.572e-9,,,,,,1.037e-1,,,,,,,,,1.409e-10,,,,,,,,,,,,,,
868.47,2.282e+1,1.192e-18,1.713e-26,1.045e-32,,,,9.571e-18,7.501e-21,,3.533e-15,2.101e-2,2.379e-11,8.475e-7,1.812e-20,,4.217e-19,,,,1.612e-1,,2.740e+0,,2.062e-26,,,,4.830e-3,1.980e+1,2.093e-9,,,,,,9.427e-2,,,,,,,,,1.022e-10,,,,,,,,,,,,,,
868.49,2.314e+1,1.191e-18,1.714e-26,8.862e-33,,,,9.575e-18,7.409e-21,,3.533e-15,2.037e-2,2.492e-11,7.039e-7,1.812e-20,,4.218e-19,,,,1.436e-1,,2.699e+0,,2.063e-26,,,,5.023e-3,2.018e+1,2.530e-9,,,,,,8.838e-2,,,,,,,,,8.235e-11,,,,,,,,,,,,,,
868.51,2.345e+1,1.189e-18,1.716e-26,7.510e-33,,,,9.579e-18,7.318e-21,,3.534e-15,1.974e-2,2.608e-11,5.840e-7,1.812e-20,,4.220e-19,,,,1.278e-1,,2.658e+0,,2.065e-26,,,,5.221e-3,2.056e+1,3.055e-9,,,,,,8.276e-2,,,,,,,,,6.631e-11,,,,,,,,,,,,,,
868.54,2.389e+1,1.187e-18,1.719e-26,5.847e-33,,,,9.585e-18,7.180e-21,,3.535e-15,1.881e-2,2.786e-11,4.405e-7,1.813e-20,,4.223e-19,,,,1.071e-1,,2.596e+0,,2.066e-26,,,,5.528e-3,2.109e+1,4.046e-9,,,,,,7.486e-2,,,,,,,,,4.782e-11,,,,,,,,,,,,,,
868.56,2.416e+1,1.185e-18,1.721e-26,4.942e-33,,,,9.589e-18,7.089e-21,,3.535e-15,1.819e-2,2.909e-11,3.646e-7,1.813e-20,,4.225e-19,,,,9.501e-2,,2.555e+0,,2.067e-26,,,,5.739e-3,2.142e+1,4.873e-9,,,,,,6.993e-2,,,,,,,,,3.840e-11,,,,,,,,,,,,,,
868.59,2.455e+1,1.183e-18,1.723e-26,3.833e-33,,,,9.595e-18,6.952e-21,,3.536e-15,1.727e-2,3.096e-11,2.739e-7,1.813e-20,,4.228e-19,,,,7.929e-2,,2.494e+0,,2.069e-26,,,,6.066e-3,2.189e+1,6.430e-9,,,,,,6.301e-2,,,,,,,,,2.759e-11,,,,,,,,,,,,,,
868.61,2.478e+1,1.181e-18,1.725e-26,3.232e-33,,,,9.599e-18,6.860e-21,,3.536e-15,1.667e-2,3.224e-11,2.261e-7,1.813e-20,,4.230e-19,,,,7.019e-2,,2.453e+0,,2.070e-26,,,,6.290e-3,2.218e+1,7.726e-9,,,,,,5.871e-2,,,,,,,,,2.210e-11,,,,,,,,,,,,,,
868.64,2.511e+1,1.179e-18,1.728e-26,2.497e-33,,,,9.605e-18,6.723e-21,,3.537e-15,1.578e-2,3.419e-11,1.693e-7,1.814e-20,,4.232e-19,,,,5.835e-2,,2.392e+0,,2.071e-26,,,,6.635e-3,2.258e+1,1.016e-8,,,,,,5.270e-2,,,,,,,,,1.582e-11,,,,,,,,,,,,,,
868.66,2.530e+1,1.177e-18,1.729e-26,2.100e-33,,,,9.609e-18,6.631e-21,,3.537e-15,1.519e-2,3.551e-11,1.394e-7,1.814e-20,,4.234e-19,,,,5.153e-2,,2.352e+0,,2.073e-26,,,,6.871e-3,2.282e+1,1.217e-8,,,,,,4.898e-2,,,,,,,,,1.264e-11,,,,,,,,,,,,,,
868.69,2.554e+1,1.175e-18,1.732e-26,1.616e-33,,,,9.615e-18,6.494e-21,,3.538e-15,1.434e-2,3.751e-11,1.039e-7,1.814e-20,,4.237e-19,,,,4.267e-2,,2.292e+0,,2.074e-26,,,,7.233e-3,2.314e+1,1.594e-8,,,,,,4.380e-2,,,,,,,,,9.009e-12,,,,,,,,,,,,,,
868.71,2.568e+1,1.173e-18,1.734e-26,1.356e-33,,,,9.619e-18,6.403e-21,,3.538e-15,1.378e-2,3.886e-11,8.534e-8,1.814e-20,,4.239e-19,,,,3.758e-2,,2.253e+0,,2.075e-26,,,,7.479e-3,2.333e+1,1.905e-8,,,,,,4.060e-2,,,,,,,,,7.180e-12,,,,,,,,,,,,,,
868.74,2.585e+1,1.171e-18,1.736e-26,1.039e-33,,,,9.625e-18,6.265e-21,,3.539e-15,1.296e-2,4.090e-11,6.339e-8,1.815e-20,,4.242e-19,,,,3.101e-2,,2.194e+0,,2.077e-26,,,,7.855e-3,2.357e+1,2.486e-8,,,,,,3.617e-2,,,,,,,,,5.099e-12,,,,,,,,,,,,,,
868.76,2.594e+1,1.169e-18,1.738e-26,8.696e-34,,,,9.629e-18,6.174e-21,,3.539e-15,1.243e-2,4.227e-11,5.193e-8,1.815e-20,,4.244e-19,,,,2.724e-2,,2.155e+0,,2.078e-26,,,,8.109e-3,2.371e+1,2.964e-8,,,,,,3.344e-2,,,,,,,,,4.054e-12,,,,,,,,,,,,,,
868.79,2.603e+1,1.167e-18,1.741e-26,6.642e-34,,,,9.635e-18,6.037e-21,,3.540e-15,1.165e-2,4.432e-11,3.842e-8,1.815e-20,,4.246e-19,,,,2.239e-2,,2.097e+0,,2.079e-26,,,,8.496e-3,2.386e+1,3.852e-8,,,,,,2.968e-2,,,,,,,,,2.868e-12,,,,,,,,,,,,,,
868.81,2.606e+1,1.165e-18,1.742e-26,5.543e-34,,,,9.639e-18,5.945e-21,,3.540e-15,1.115e-2,4.568e-11,3.139e-8,1.815e-20,,4.248e-19,,,,1.962e-2,,2.059e+0,,2.081e-26,,,,8.756e-3,2.393e+1,4.582e-8,,,,,,2.737e-2,,,,,,,,,2.274e-12,,,,,,,,,,,,,,
868.84,2.606e+1,1.163e-18,1.745e-26,4.218e-34,,,,9.646e-18,5.808e-21,,3.541e-15,1.042e-2,4.771e-11,2.314e-8,1.816e-20,,4.251e-19,,,,1.606e-2,,2.003e+0,,2.082e-26,,,,9.150e-3,2.400e+1,5.933e-8,,,,,,2.420e-2,,,,,,,,,1.602e-12,,,,,,,,,,,,,,
868.86,2.603e+1,1.161e-18,1.747e-26,3.511e-34,,,,9.650e-18,5.716e-21,,3.541e-15,9.947e-3,4.905e-11,1.886e-8,1.816e-20,,4.253e-19,,,,1.404e-2,,1.966e+0,,2.083e-26,,,,9.414e-3,2.401e+1,7.039e-8,,,,,,2.226e-2,,,,,,,,,1.267e-12,,,,,,,,,,,,,,
868.88,2.598e+1,1.159e-18,1.748e-26,2.919e-34,,,,9.654e-18,5.625e-21,,3.541e-15,9.489e-3,5.038e-11,1.535e-8,1.816e-20,,4.255e-19,,,,1.226e-2,,1.930e+0,,2.084e-26,,,,9.679e-3,2.400e+1,8.343e-8,,,,,,2.046e-2,,,,,,,,,1.001e-12,,,,,,,,,,,,,,
868.91,2.585e+1,1.157e-18,1.751e-26,2.209e-34,,,,9.660e-18,5.487e-21,,3.542e-15,8.826e-3,5.235e-11,1.126e-8,1.817e-20,,4.258e-19,,,,9.983e-3,,1.876e+0,,2.086e-26,,,,1.008e-2,2.393e+1,1.075e-7,,,,,,1.799e-2,,,,,,,,,7.018e-13,,,,,,,,,,,,,,
868.93,2.574e+1,1.155e-18,1.753e-26,1.832e-34,,,,9.664e-18,5.396e-21,,3.542e-15,8.401e-3,5.363e-11,9.142e-9,1.817e-20,,4.260e-19,,,,8.694e-3,,1.840e+0,,2.087e-26,,,,1.034e-2,2.386e+1,1.270e-7,,,,,,1.649e-2,,,,,,,,,5.531e-13,,,,,,,,,,,,,,
868.96,2.553e+1,1.153e-18,1.755e-26,1.382e-34,,,,9.670e-18,8.229e-21,,3.543e-15,7.788e-3,5.551e-11,6.677e-9,1.817e-20,,4.262e-19,,,,7.053e-3,,1.787e+0,,2.089e-26,,,,1.073e-2,2.371e+1,1.630e-7,,,,,,1.445e-2,,,,,,,,,3.862e-13,,,,,,,,,,,,,,
868.98,2.536e+1,1.151e-18,1.757e-26,1.143e-34,,,,9.674e-18,1.089e-20,,3.543e-15,7.396e-3,5.673e-11,5.408e-9,1.817e-20,,4.264e-19,,,,6.127e-3,,1.753e+0,,2.090e-26,,,,1.099e-2,2.357e+1,1.923e-7,,,,,,1.321e-2,,,,,,,,,3.036e-13,,,,,,,,,,,,,,
869.01,2.507e+1,1.149e-18,1.760e-26,8.584e-35,,,,9.680e-18,1.655e-20,,3.544e-15,6.833e-3,5.850e-11,3.935e-9,1.818e-20,,4.267e-19,,,,4.952e-3,,1.701e+0,,2.091e-26,,,,1.138e-2,2.333e+1,2.458e-7,,,,,,1.153e-2,,,,,,,,,2.112e-13,,,,,,,,,,,,,,
869.03,2.484e+1,1.147e-18,1.761e-26,7.083e-35,,,,9.684e-18,2.184e-20,,3.544e-15,6.475e-3,5.963e-11,3.179e-9,1.818e-20,,4.269e-19,,,,4.291e-3,,1.668e+0,,2.092e-26,,,,1.163e-2,2.314e+1,2.891e-7,,,,,,1.052e-2,,,,,,,,,1.656e-13,,,,,,,,,,,,,,
869.06,2.447e+1,1.145e-18,1.764e-26,5.299e-35,,,,9.690e-18,3.306e-20,,3.545e-15,5.962e-3,6.125e-11,2.304e-9,1.818e-20,,4.272e-19,,,,3.454e-3,,1.618e+0,,2.094e-26,,,,1.200e-2,2.282e+1,3.682e-7,,,,,,9.145e-3,,,,,,,,,1.147e-13,,,,,,,,,,,,,,
869.08,2.419e+1,1.143e-18,1.766e-26,4.362e-35,,,,9.694e-18,4.353e-20,,3.545e-15,5.637e-3,6.228e-11,1.857e-9,1.818e-20,,4.274e-19,,,,2.986e-3,,1.585e+0,,2.095e-26,,,,1.223e-2,2.258e+1,4.320e-7,,,,,,8.321e-3,,,,,,,,,8.971e-14,,,,,,,,,,,,,,
869.11,2.374e+1,1.141e-18,1.768e-26,3.251e-35,,,,9.700e-18,6.564e-20,,3.546e-15,5.173e-3,6.374e-11,1.341e-9,1.819e-20,,4.276e-19,,,,2.394e-3,,1.537e+0,,2.097e-26,,,,1.258e-2,2.218e+1,5.481e-7,,,,,,7.209e-3,,,,,,,,,6.192e-14,,,,,,,,,,,,,,
869.13,2.342e+1,1.139e-18,1.770e-26,2.669e-35,,,,9.704e-18,8.621e-20,,3.547e-15,4.879e-3,6.464e-11,1.078e-9,1.819e-20,,4.278e-19,,,,2.064e-3,,1.505e+0,,2.098e-26,,,,1.281e-2,2.189e+1,6.415e-7,,,,,,6.543e-3,,,,,,,,,4.830e-14,,,,,,,,,,,,,,
869.16,2.290e+1,1.137e-18,1.773e-26,1.981e-35,,,,9.710e-18,1.295e-19,,3.547e-15,4.462e-3,6.590e-11,7.750e-10,1.819e-20,,4.281e-19,,,,1.649e-3,,1.457e+0,,2.099e-26,,,,1.313e-2,2.142e+1,8.108e-7,,,,,,5.649e-3,,,,,,,,,3.321e-14,,,,,,,,,,,,,,
869.18,2.254e+1,1.135e-18,1.774e-26,1.623e-35,,,,9.714e-18,1.697e-19,,3.548e-15,4.199e-3,6.667e-11,6.214e-10,1.820e-20,,4.283e-19,,,,1.418e-3,,1.426e+0,,2.100e-26,,,,1.333e-2,2.109e+1,9.466e-7,,,,,,5.116e-3,,,,,,,,,2.584e-14,,,,,,,,,,,,,,
869.21,2.196e+1,1.133e-18,1.777e-26,1.200e-35,,,,9.721e-18,2.540e-19,,3.548e-15,3.827e-3,6.771e-11,4.452e-10,1.820e-20,,4.286e-19,,,,1.129e-3,,1.380e+0,,2.102e-26,,,,1.362e-2,2.056e+1,1.192e-6,,,,,,4.402e-3,,,,,,,,,1.770e-14,,,,,,,,,,,,,,
869.23,2.156e+1,1.131e-18,1.779e-26,9.802e-36,,,,9.725e-18,3.319e-19,,3.549e-15,3.593e-3,6.833e-11,3.560e-10,1.820e-20,,4.288e-19,,,,9.681e-4,,1.350e+0,,2.103e-26,,,,1.380e-2,2.018e+1,1.388e-6,,,,,,3.979e-3,,,,,,,,,1.374e-14,,,,,,,,,,,,,,
869.25,2.114e+1,1.130e-18,1.780e-26,7.998e-36,,,,9.729e-18,4.333e-19,,3.549e-15,3.370e-3,6.888e-11,2.844e-10,1.820e-20,,4.289e-19,,,,8.295e-4,,1.320e+0,,2.104e-26,,,,1.398e-2,1.980e+1,1.615e-6,,,,,,3.594e-3,,,,,,,,,1.065e-14,,,,,,,,,,,,,,
869.28,2.050e+1,1.127e-18,1.783e-26,5.884e-36,,,,9.735e-18,6.452e-19,,3.550e-15,3.056e-3,6.959e-11,2.027e-10,1.821e-20,,4.292e-19,,,,6.566e-4,,1.275e+0,,2.106e-26,,,,1.421e-2,1.920e+1,2.023e-6,,,,,,3.081e-3,,,,,,,,,7.255e-15,,,,,,,,,,,,,,
869.3,2.005e+1,1.126e-18,1.785e-26,4.789e-36,,,,9.739e-18,8.402e-19,,3.550e-15,2.860e-3,6.997e-11,1.615e-10,1.821e-20,,4.294e-19,,,,5.612e-4,,1.246e+0,,2.107e-26,,,,1.435e-2,1.879e+1,2.347e-6,,,,,,2.779e-3,,,,,,,,,5.610e-15,,,,,,,,,,,,,,
869.33,1.937e+1,1.123e-18,1.787e-26,3.509e-36,,,,9.745e-18,1.246e-18,,3.551e-15,2.585e-3,7.042e-11,1.147e-10,1.821e-20,,4.297e-19,,,,4.426e-4,,1.203e+0,,2.108e-26,,,,1.455e-2,1.815e+1,2.929e-6,,,,,,2.379e-3,,,,,,,,,3.807e-15,,,,,,,,,,,,,,
869.35,1.890e+1,1.122e-18,1.789e-26,2.849e-36,,,,9.749e-18,1.619e-18,,3.551e-15,2.413e-3,7.063e-11,9.114e-11,1.821e-20,,4.299e-19,,,,3.773e-4,,1.174e+0,,2.109e-26,,,,1.466e-2,1.771e+1,3.391e-6,,,,,,2.145e-3,,,,,,,,,2.937e-15,,,,,,,,,,,,,,
869.38,1.819e+1,1.119e-18,1.792e-26,2.080e-36,,,,9.755e-18,2.392e-18,,3.552e-15,2.173e-3,7.082e-11,6.445e-11,1.822e-20,,4.302e-19,,,,2.964e-4,,1.131e+0,,2.111e-26,,,,1.481e-2,1.704e+1,4.215e-6,,,,,,1.838e-3,,,,,,,,,1.985e-15,,,,,,,,,,,,,,
869.4,1.771e+1,1.118e-18,1.794e-26,1.684e-36,,,,9.759e-18,3.100e-18,,3.552e-15,2.024e-3,7.085e-11,5.110e-11,1.822e-20,,4.303e-19,,,,2.520e-4,,1.103e+0,,2.112e-26,,,,1.489e-2,1.659e+1,4.867e-6,,,,,,1.659e-3,,,,,,,,,1.527e-15,,,,,,,,,,,,,,
869.43,1.699e+1,1.115e-18,1.796e-26,1.225e-36,,,,9.765e-18,4.564e-18,,3.553e-15,1.816e-3,7.077e-11,3.600e-11,1.822e-20,,4.306e-19,,,,1.972e-4,,1.062e+0,,2.114e-26,,,,1.498e-2,1.591e+1,6.028e-6,,,,,,1.427e-3,,,,,,,,,1.029e-15,,,,,,,,,,,,,,
869.45,1.650e+1,1.114e-18,1.798e-26,9.892e-37,,,,9.769e-18,5.899e-18,,3.553e-15,1.688e-3,7.062e-11,2.846e-11,1.823e-20,,4.308e-19,,,,1.673e-4,,1.035e+0,,2.115e-26,,,,1.503e-2,1.545e+1,6.943e-6,,,,,,1.294e-3,,,,,,,,,7.894e-16,,,,,,,,,,,,,,
869.48,1.576e+1,1.111e-18,1.800e-26,7.166e-37,,,,9.775e-18,8.653e-18,,3.554e-15,1.509e-3,7.027e-11,1.998e-11,1.823e-20,,4.311e-19,,,,1.304e-4,,9.940e-1,,2.116e-26,,,,1.507e-2,1.475e+1,8.566e-6,,,,,,1.124e-3,,,,,,,,,5.296e-16,,,,,,,,,,,,,,
869.5,1.527e+1,1.110e-18,1.802e-26,5.773e-37,,,,9.779e-18,1.116e-17,,3.554e-15,1.399e-3,6.995e-11,1.576e-11,1.823e-20,,4.313e-19,,,,1.103e-4,,9.673e-1,,2.117e-26,,,,1.508e-2,1.429e+1,9.841e-6,,,,,,1.028e-3,,,,,,,,,4.053e-16,,,,,,,,,,,,,,
869.53,1.454e+1,1.107e-18,1.805e-26,4.166e-37,,,,9.785e-18,1.630e-17,,3.555e-15,1.246e-3,6.934e-11,1.102e-11,1.823e-20,,4.316e-19,,,,8.569e-5,,9.277e-1,,2.119e-26,,,,1.507e-2,1.359e+1,1.210e-5,,,,,,9.095e-4,,,,,,,,,2.709e-16,,,,,,,,,,,,,,
869.55,1.405e+1,1.106e-18,1.807e-26,3.348e-37,,,,9.789e-18,2.097e-17,,3.555e-15,1.153e-3,6.885e-11,8.666e-12,1.824e-20,,4.317e-19,,,,7.231e-5,,9.017e-1,,2.120e-26,,,,1.504e-2,1.313e+1,1.386e-5,,,,,,8.457e-4,,,,,,,,,2.068e-16,,,,,,,,,,,,,,
869.58,1.333e+1,1.103e-18,1.809e-26,2.407e-37,,,,9.795e-18,3.052e-17,,3.556e-15,1.023e-3,6.799e-11,6.035e-12,1.824e-20,,4.320e-19,,,,5.594e-5,,8.631e-1,,2.122e-26,,,,1.497e-2,1.245e+1,1.697e-5,,,,,,7.711e-4,,,,,,,,,1.377e-16,,,,,,,,,,,,,,
869.6,1.285e+1,1.102e-18,1.811e-26,1.929e-37,,,,9.800e-18,3.915e-17,,3.556e-15,9.439e-4,6.734e-11,4.736e-12,1.824e-20,,4.322e-19,,,,4.709e-5,,8.378e-1,,2.123e-26,,,,1.491e-2,1.200e+1,1.940e-5,,,,,,7.347e-4,,,,,,,,,1.048e-16,,,,,,,,,,,,,,
869.62,1.238e+1,1.100e-18,1.813e-26,1.545e-37,,,,9.804e-18,5.018e-17,,3.556e-15,8.700e-4,6.663e-11,3.712e-12,1.824e-20,,4.324e-19,,,,3.959e-5,,8.127e-1,,2.124e-26,,,,1.484e-2,1.155e+1,2.216e-5,,,,,,7.086e-4,,,,,,,,,7.976e-17,,,,,,,,,,,,,,
869.65,1.168e+1,1.097e-18,1.815e-26,1.104e-37,,,,9.810e-18,7.267e-17,,3.557e-15,7.684e-4,6.545e-11,2.572e-12,1.825e-20,,4.327e-19,,,,3.047e-5,,7.757e-1,,2.125e-26,,,,1.470e-2,1.089e+1,2.699e-5,,,,,,6.878e-4,,,,,,,,,5.282e-17,,,,,,,,,,,,,,
869.67,1.122e+1,1.096e-18,1.817e-26,8.821e-38,,,,9.814e-18,9.290e-17,,3.558e-15,7.065e-4,6.459e-11,2.011e-12,1.825e-20,,4.329e-19,,,,2.555e-5,,7.514e-1,,2.126e-26,,,,1.459e-2,1.046e+1,3.074e-5,,,,,,6.859e-4,,,,,,,,,4.007e-17,,,,,,,,,,,,,,
869.7,1.055e+1,1.093e-18,1.820e-26,6.283e-38,,,,9.820e-18,1.340e-16,,3.558e-15,6.218e-4,6.321e-11,1.388e-12,1.825e-20,,4.331e-19,,,,1.959e-5,,7.156e-1,,2.128e-26,,,,1.440e-2,9.819e+0,3.731e-5,,,,,,7.011e-4,,,,,,,,,2.644e-17,,,,,,,,,,,,,,
869.72,1.011e+1,1.092e-18,1.821e-26,5.005e-38,,,,9.824e-18,1.709e-16,,3.559e-15,5.703e-4,6.222e-11,1.082e-12,1.826e-20,,4.333e-19,,,,1.639e-5,,6.921e-1,,2.129e-26,,,,1.426e-2,9.405e+0,4.239e-5,,,,,,7.231e-4,,,,,,,,,2.001e-17,,,,,,,,,,,,,,
869.75,9.473e+0,1.089e-18,1.824e-26,3.552e-38,,,,9.830e-18,2.456e-16,,3.559e-15,5.001e-4,6.066e-11,7.439e-13,1.826e-20,,4.336e-19,,,,1.251e-5,,6.575e-1,,2.131e-26,,,,1.402e-2,8.800e+0,5.124e-5,,,,,,7.746e-4,,,,,,,,,1.315e-17,,,,,,,,,,,,,,
869.77,9.058e+0,1.088e-18,1.826e-26,2.822e-38,,,,9.834e-18,3.125e-16,,3.560e-15,4.576e-4,5.956e-11,5.787e-13,1.826e-20,,4.338e-19,,,,1.044e-5,,6.349e-1,,2.132e-26,,,,1.385e-2,8.408e+0,5.808e-5,,,,,,8.216e-4,,,,,,,,,9.924e-18,,,,,,,,,,,,,,
869.8,8.454e+0,1.085e-18,1.828e-26,1.995e-38,,,,9.840e-18,4.474e-16,,3.560e-15,3.997e-4,5.785e-11,3.963e-13,1.826e-20,,4.341e-19,,,,7.944e-6,,6.017e-1,,2.133e-26,,,,1.357e-2,7.837e+0,6.995e-5,,,,,,9.120e-4,,,,,,,,,6.496e-18,,,,,,,,,,,,,,
869.82,8.063e+0,1.084e-18,1.830e-26,1.581e-38,,,,9.844e-18,5.677e-16,,3.561e-15,3.649e-4,5.666e-11,3.075e-13,1.827e-20,,4.343e-19,,,,6.612e-6,,5.800e-1,,2.134e-26,,,,1.337e-2,7.468e+0,7.908e-5,,,,,,9.863e-4,,,,,,,,,4.892e-18,,,,,,,,,,,,,,
869.85,7.498e+0,1.081e-18,1.833e-26,1.113e-38,,,,9.850e-18,8.099e-16,,3.561e-15,3.176e-4,5.482e-11,2.097e-13,1.827e-20,,4.345e-19,,,,5.011e-6,,5.482e-1,,2.136e-26,,,,1.306e-2,6.935e+0,9.488e-5,,,,,,1.120e-3,,,,,,,,,4.883e-18,,,,,,,,,,,,,,
869.87,7.134e+0,1.080e-18,1.834e-26,8.802e-39,,,,9.854e-18,1.025e-15,,3.562e-15,2.892e-4,5.356e-11,1.623e-13,1.827e-20,,4.347e-19,,,,4.160e-6,,5.275e-1,,2.137e-26,,,,1.284e-2,6.592e+0,1.070e-4,,,,,,1.226e-3,,,,,,,,,4.877e-18,,,,,,,,,,,,,,
869.9,6.610e+0,1.077e-18,1.837e-26,6.174e-39,,,,9.860e-18,1.457e-15,,3.562e-15,2.508e-4,5.162e-11,1.103e-13,1.827e-20,,4.350e-19,,,,3.140e-6,,4.973e-1,,2.139e-26,,,,1.249e-2,6.098e+0,1.279e-4,,,,,,1.411e-3,,,,,,,,,4.868e-18,,,,,,,,,,,,,,
869.92,6.274e+0,1.076e-18,1.839e-26,4.868e-39,,,,9.864e-18,1.839e-15,,3.563e-15,2.278e-4,5.031e-11,8.515e-14,1.828e-20,,4.352e-19,,,,2.601e-6,,4.776e-1,,2.140e-26,,,,1.225e-2,5.782e+0,1.439e-4,,,,,,1.553e-3,,,,,,,,,4.862e-18,,,,,,,,,,,,,,
869.95,5.791e+0,1.073e-18,1.841e-26,3.402e-39,,,,9.870e-18,2.604e-15,,3.563e-15,1.968e-4,4.831e-11,5.764e-14,1.828e-20,,4.355e-19,,,,1.956e-6,,4.489e-1,,2.141e-26,,,,1.187e-2,5.328e+0,1.713e-4,,,,,,1.798e-3,,,,,,,,,4.853e-18,,,,,,,,,,,,,,
869.97,5.484e+0,1.072e-18,1.843e-26,2.676e-39,,,,9.875e-18,3.280e-15,,3.564e-15,1.784e-4,4.696e-11,4.438e-14,1.828e-20,,4.357e-19,,,,1.615e-6,,4.304e-1,,2.142e-26,,,,1.161e-2,5.039e+0,1.922e-4,,,,,,1.984e-3,,,,,,,,,4.847e-18,,,,,,,,,,,,,,
870,5.044e+0,1.069e-18,1.846e-26,1.863e-39,,,,9.881e-18,4.626e-15,,3.564e-15,1.535e-4,4.492e-11,2.993e-14,1.829e-20,,4.359e-19,,,,1.210e-6,,4.033e-1,,2.144e-26,,,,1.122e-2,4.626e+0,2.280e-4,,,,,,2.301e-3,,,,,,,,,4.838e-18,,,,,,,,,,,,,,
870.02,4.764e+0,1.068e-18,1.847e-26,1.461e-39,,,,9.885e-18,5.811e-15,,3.565e-15,1.388e-4,4.355e-11,2.299e-14,1.829e-20,,4.361e-19,,,,9.971e-7,,3.859e-1,,2.145e-26,,,,1.095e-2,4.364e+0,2.552e-4,,,,,,2.540e-3,,,,,,,,,4.832e-18,,,,,,,,,,,,,,
870.04,4.496e+0,1.066e-18,1.849e-26,1.145e-39,,,,9.889e-18,7.293e-15,,3.565e-15,1.253e-4,4.219e-11,1.764e-14,1.829e-20,,4.363e-19,,,,8.206e-7,,3.689e-1,,2.146e-26,,,,1.068e-2,4.113e+0,2.854e-4,,,,,,2.803e-3,,,,,,,,,4.826e-18,,,,,,,,,,,,,,
870.07,4.114e+0,1.064e-18,1.852e-26,7.929e-40,,,,9.895e-18,1.023e-14,,3.566e-15,1.073e-4,4.014e-11,1.183e-14,1.829e-20,,4.366e-19,,,,6.115e-7,,3.443e-1,,2.148e-26,,,,1.026e-2,3.756e+0,3.368e-4,,,,,,3.246e-3,,,,,,,,,4.817e-18,,,,,,,,,,,,,,
870.09,3.873e+0,1.062e-18,1.853e-26,6.198e-40,,,,9.899e-18,1.281e-14,,3.566e-15,9.667e-5,3.878e-11,9.053e-15,1.830e-20,,4.368e-19,,,,5.020e-7,,3.284e-1,,2.149e-26,,,,9.986e-3,3.531e+0,3.756e-4,,,,,,3.578e-3,,,,,,,,,4.811e-18,,,,,,,,,,,,,,
870.12,3.532e+0,1.060e-18,1.856e-26,4.275e-40,,,,9.905e-18,1.791e-14,,3.567e-15,8.249e-5,3.676e-11,6.049e-15,1.830e-20,,4.371e-19,,,,3.727e-7,,3.056e-1,,2.150e-26,,,,9.567e-3,3.212e+0,4.415e-4,,,,,,4.134e-3,,,,,,,,,4.802e-18,,,,,,,,,,,,,,
870.14,3.317e+0,1.058e-18,1.858e-26,3.333e-40,,,,9.909e-18,2.236e-14,,3.567e-15,7.411e-5,3.543e-11,4.617e-15,1.830e-20,,4.373e-19,,,,3.052e-7,,2.909e-1,,2.151e-26,,,,9.287e-3,3.012e+0,4.912e-4,,,,,,4.547e-3,,,,,,,,,4.796e-18,,,,,,,,,,,,,,
870.17,3.014e+0,1.056e-18,1.860e-26,2.290e-40,,,,9.915e-18,3.115e-14,,3.568e-15,6.301e-5,3.346e-11,3.073e-15,1.830e-20,,4.375e-19,,,,2.257e-7,,2.698e-1,,2.153e-26,,,,8.868e-3,2.729e+0,5.753e-4,,,,,,5.238e-3,,,,,,,,,4.787e-18,,,,,,,,,,,,,,
870.19,2.824e+0,1.054e-18,1.862e-26,1.781e-40,,,,9.919e-18,3.879e-14,,3.568e-15,5.647e-5,3.216e-11,2.340e-15,1.831e-20,,4.377e-19,,,,1.843e-7,,2.563e-1,,2.154e-26,,,,8.589e-3,2.553e+0,6.384e-4,,,,,,5.749e-3,,,,,,,,,4.781e-18,,,,,,,,,,,,,,
870.22,2.557e+0,1.052e-18,1.865e-26,1.219e-40,,,,9.925e-18,5.383e-14,,3.569e-15,4.783e-5,3.026e-11,1.552e-15,1.831e-20,,4.380e-19,,,,1.358e-7,,2.369e-1,,2.156e-26,,,,8.175e-3,2.305e+0,7.449e-4,,,,,,6.600e-3,,,,,,,,,4.772e-18,,,,,,,,,,,,,,
870.24,2.391e+0,1.050e-18,1.866e-26,9.458e-41,,,,9.929e-18,6.688e-14,,3.569e-15,4.276e-5,2.901e-11,1.178e-15,1.831e-20,,4.382e-19,,,,1.106e-7,,2.246e-1,,2.157e-26,,,,7.902e-3,2.150e+0,8.246e-4,,,,,,7.227e-3,,,,,,,,,4.766e-18,,,,,,,,,,,,,,
870.27,2.157e+0,1.048e-18,1.869e-26,6.449e-41,,,,9.935e-18,9.245e-14,,3.570e-15,3.608e-5,2.719e-11,7.783e-16,1.832e-20,,4.385e-19,,,,8.119e-8,,2.069e-1,,2.158e-26,,,,7.498e-3,1.934e+0,9.585e-4,,,,,,8.267e-3,,,,,,,,,4.757e-18,,,,,,,,,,,,,,
870.29,2.012e+0,1.046e-18,1.871e-26,4.990e-41,,,,9.939e-18,1.146e-13,,3.570e-15,3.218e-5,2.601e-11,5.896e-16,1.832e-20,,4.387e-19,,,,6.597e-8,,1.957e-1,,2.159e-26,,,,7.233e-3,1.799e+0,1.058e-3,,,,,,9.032e-3,,,,,,,,,4.751e-18,,,,,,,,,,,,,,
870.32,1.810e+0,1.044e-18,1.873e-26,3.390e-41,,,,9.945e-18,1.578e-13,,3.571e-15,2.705e-5,2.428e-11,3.879e-16,1.832e-20,,4.389e-19,,,,4.823e-8,,1.797e-1,,2.161e-26,,,,6.843e-3,1.612e+0,1.226e-3,,,,,,1.029e-2,,,,,,,,,4.742e-18,,,,,,,,,,,,,,
870.34,1.685e+0,1.042e-18,1.875e-26,2.616e-41,,,,9.949e-18,1.951e-13,,3.571e-15,2.407e-5,2.317e-11,2.931e-16,1.832e-20,,4.391e-19,,,,3.909e-8,,1.696e-1,,2.162e-26,,,,6.588e-3,1.496e+0,1.350e-3,,,,,,1.122e-2,,,,,,,,,4.736e-18,,,,,,,,,,,,,,
870.37,1.511e+0,1.040e-18,1.878e-26,1.770e-41,,,,9.956e-18,2.676e-13,,3.572e-15,2.016e-5,2.155e-11,1.921e-16,1.833e-20,,4.394e-19,,,,2.847e-8,,1.552e-1,,2.164e-26,,,,6.216e-3,1.336e+0,1.557e-3,,,,,,1.274e-2,,,,,,,,,4.727e-18,,,,,,,,,,,,,,
870.39,1.404e+0,1.038e-18,1.879e-26,1.363e-41,,,,9.960e-18,3.300e-13,,3.572e-15,1.789e-5,2.051e-11,1.448e-16,1.833e-20,,4.396e-19,,,,2.302e-8,,1.461e-1,,2.165e-26,,,,5.975e-3,1.237e+0,1.711e-3,,,,,,1.385e-2,,,,,,,,,4.721e-18,,,,,,,,,,,,,,
870.41,1.304e+0,1.036e-18,1.881e-26,1.048e-41,,,,9.964e-18,4.066e-13,,3.573e-15,1.586e-5,1.950e-11,1.090e-16,1.833e-20,,4.398e-19,,,,1.859e-8,,1.374e-1,,2.166e-26,,,,5.739e-3,1.144e+0,1.877e-3,,,,,,1.504e-2,,,,,,,,,4.715e-18,,,,,,,,,,,,,,
870.44,1.165e+0,1.034e-18,1.884e-26,7.053e-42,,,,9.970e-18,5.549e-13,,3.573e-15,1.321e-5,1.804e-11,1.088e-16,1.833e-20,,4.401e-19,,,,1.347e-8,,1.252e-1,,2.167e-26,,,,5.396e-3,1.016e+0,2.155e-3,,,,,,1.699e-2,,,,,,,,,4.706e-18,,,,,,,,,,,,,,
870.46,1.080e+0,1.032e-18,1.886e-26,5.410e-42,,,,9.974e-18,6.819e-13,,3.574e-15,1.168e-5,1.710e-11,1.087e-16,1.834e-20,,4.402e-19,,,,1.085e-8,,1.175e-1,,2.169e-26,,,,5.176e-3,9.369e-1,2.359e-3,,,,,,1.840e-2,,,,,,,,,4.700e-18,,,,,,,,,,,,,,
870.49,9.635e-1,1.030e-18,1.888e-26,3.627e-42,,,,9.980e-18,9.271e-13,,3.574e-15,9.697e-6,1.576e-11,1.085e-16,1.834e-20,,4.405e-19,,,,7.829e-9,,1.066e-1,,2.170e-26,,,,4.857e-3,8.287e-1,2.697e-3,,,,,,2.071e-2,,,,,,,,,4.691e-18,,,,,,,,,,,,,,
870.51,8.924e-1,1.028e-18,1.890e-26,2.775e-42,,,,9.984e-18,1.136e-12,,3.575e-15,8.553e-6,1.491e-11,1.084e-16,1.834e-20,,4.407e-19,,,,6.291e-9,,9.981e-2,,2.171e-26,,,,4.653e-3,7.626e-1,2.945e-3,,,,,,2.237e-2,,,,,,,,,4.685e-18,,,,,,,,,,,,,,
870.54,7.950e-1,1.026e-18,1.892e-26,1.853e-42,,,,9.990e-18,1.539e-12,,3.575e-15,7.073e-6,1.369e-11,1.082e-16,1.835e-20,,4.410e-19,,,,4.522e-9,,9.027e-2,,2.173e-26,,,,4.359e-3,6.719e-1,3.354e-3,,,,,,2.508e-2,,,,,,,,,4.676e-18,,,,,,,,,,,,,,
870.56,7.360e-1,1.024e-18,1.894e-26,1.414e-42,,,,9.994e-18,1.882e-12,,3.576e-15,6.223e-6,1.292e-11,1.080e-16,1.835e-20,,4.412e-19,,,,3.625e-9,,8.432e-2,,2.174e-26,,,,4.171e-3,6.168e-1,3.653e-3,,,,,,2.704e-2,,,,,,,,,4.670e-18,,,,,,,,,,,,,,
870.59,6.556e-1,1.022e-18,1.897e-26,9.411e-43,,,,1.000e-17,2.540e-12,,3.576e-15,5.127e-6,1.182e-11,1.078e-16,1.835e-20,,4.415e-19,,,,2.596e-9,,7.599e-2,,2.175e-26,,,,3.903e-3,5.414e-1,4.145e-3,,,,,,3.020e-2,,,,,,,,,4.661e-18,,,,,,,,,,,,,,
870.61,6.072e-1,1.020e-18,1.899e-26,7.164e-43,,,,1.000e-17,3.098e-12,,3.577e-15,4.500e-6,1.112e-11,1.077e-16,1.835e-20,,4.416e-19,,,,2.075e-9,,7.081e-2,,2.177e-26,,,,3.733e-3,4.957e-1,4.504e-3,,,,,,3.247e-2,,,,,,,,,4.655e-18,,,,,,,,,,,,,,
870.64,5.417e-1,1.018e-18,1.901e-26,4.748e-43,,,,1.001e-17,4.166e-12,,3.577e-15,3.693e-6,1.013e-11,1.075e-16,1.836e-20,,4.419e-19,,,,1.480e-9,,6.359e-2,,2.178e-26,,,,3.490e-3,4.334e-1,5.091e-3,,,,,,3.612e-2,,,,,,,,,4.646e-18,,,,,,,,,,,,,,
870.66,5.026e-1,1.016e-18,1.903e-26,3.605e-43,,,,1.001e-17,5.068e-12,,3.578e-15,3.233e-6,9.514e-12,1.074e-16,1.836e-20,,4.421e-19,,,,1.181e-9,,5.912e-2,,2.179e-26,,,,3.337e-3,3.959e-1,5.518e-3,,,,,,3.874e-2,,,,,,,,,4.640e-18,,,,,,,,,,,,,,
870.69,4.500e-1,1.014e-18,1.906e-26,2.380e-43,,,,1.002e-17,6.788e-12,,3.578e-15,2.644e-6,8.637e-12,1.072e-16,1.836e-20,,4.424e-19,,,,8.390e-10,,5.290e-2,,2.181e-26,,,,3.120e-3,3.448e-1,6.214e-3,,,,,,4.294e-2,,,,,,,,,4.631e-18,,,,,,,,,,,,,,
870.71,4.188e-1,1.012e-18,1.907e-26,1.803e-43,,,,1.002e-17,8.238e-12,,3.579e-15,2.309e-6,8.088e-12,1.071e-16,1.836e-20,,4.426e-19,,,,6.673e-10,,4.907e-2,,2.182e-26,,,,2.984e-3,3.141e-1,6.718e-3,,,,,,4.594e-2,,,,,,,,,4.625e-18,,,,,,,,,,,,,,
870.74,3.774e-1,1.010e-18,1.910e-26,1.186e-43,,,,1.003e-17,1.099e-11,,3.579e-15,1.881e-6,7.314e-12,1.069e-16,1.837e-20,,4.429e-19,,,,4.725e-10,,4.376e-2,,2.183e-26,,,,2.791e-3,2.726e-1,7.536e-3,,,,,,5.073e-2,,,,,,,,,4.616e-18,,,,,,,,,,,,,,
870.76,3.531e-1,1.008e-18,1.912e-26,8.956e-44,,,,1.003e-17,1.331e-11,,3.580e-15,1.638e-6,6.832e-12,1.067e-16,1.837e-20,,4.430e-19,,,,3.748e-10,,4.049e-2,,2.185e-26,,,,2.670e-3,2.477e-1,8.127e-3,,,,,,5.413e-2,,,,,,,,,4.610e-18,,,,,,,,,,,,,,
870.78,3.313e-1,1.007e-18,1.913e-26,6.758e-44,,,,1.004e-17,1.609e-11,,3.580e-15,1.426e-6,6.374e-12,1.066e-16,1.837e-20,,4.432e-19,,,,2.971e-10,,3.744e-2,,2.186e-26,,,,2.556e-3,2.249e-1,8.755e-3,,,,,,5.771e-2,,,,,,,,,4.604e-18,,,,,,,,,,,,,,
870.81,3.029e-1,1.004e-18,1.916e-26,4.421e-44,,,,1.004e-17,2.136e-11,,3.581e-15,1.155e-6,5.734e-12,1.064e-16,1.837e-20,,4.435e-19,,,,2.092e-10,,3.322e-2,,2.187e-26,,,,2.395e-3,1.941e-1,9.770e-3,,,,,,6.339e-2,,,,,,,,,4.595e-18,,,,,,,,,,,,,,
870.83,2.866e-1,1.003e-18,1.918e-26,3.328e-44,,,,1.005e-17,2.577e-11,,3.581e-15,1.003e-6,5.337e-12,1.063e-16,1.838e-20,,4.437e-19,,,,1.654e-10,,3.065e-2,,2.188e-26,,,,2.295e-3,1.757e-1,1.050e-2,,,,,,6.740e-2,,,,,,,,,4.589e-18,,,,,,,,,,,,,,
870.86,2.658e-1,1.000e-18,1.920e-26,,,,,1.005e-17,3.408e-11,,3.582e-15,8.095e-7,4.783e-12,1.061e-16,1.838e-20,,4.440e-19,,,,1.160e-10,,2.712e-2,,2.190e-26,,,,2.156e-3,1.511e-1,1.167e-2,,,,,,7.377e-2,,,,,,,,,4.580e-18,,,,,,,,,,,,,,
870.88,2.543e-1,9.986e-19,1.922e-26,,,,,1.006e-17,4.101e-11,,3.582e-15,7.009e-7,4.441e-12,1.060e-16,1.838e-20,,4.442e-19,,,,9.147e-11,,2.496e-2,,2.191e-26,,,,2.069e-3,1.365e-1,1.251e-2,,,,,,7.824e-2,,,,,,,,,4.574e-18,,,,,,,,,,,,,,
870.91,2.401e-1,9.962e-19,1.925e-26,,,,,1.006e-17,5.403e-11,,3.583e-15,5.636e-7,3.965e-12,1.058e-16,1.839e-20,,4.444e-19,,,,6.393e-11,,2.202e-2,,2.193e-26,,,,1.949e-3,1.169e-1,1.386e-2,,,,,,8.530e-2,,,,,,,,,4.565e-18,,,,,,,,,,,,,,
870.93,2.325e-1,9.945e-19,1.926e-26,,,,,1.007e-17,6.485e-11,,3.583e-15,4.868e-7,3.671e-12,1.056e-16,1.839e-20,,4.446e-19,,,,5.028e-11,,2.024e-2,,2.194e-26,,,,1.874e-3,1.053e-1,1.482e-2,,,,,,9.024e-2,,,,,,,,,4.559e-18,,,,,,,,,,,,,,
870.96,2.238e-1,9.921e-19,1.929e-26,,,,,1.008e-17,8.512e-11,,3.584e-15,3.900e-7,3.265e-12,1.054e-16,1.839e-20,,4.449e-19,,,,3.500e-11,,1.781e-2,,2.195e-26,,,,1.771e-3,8.990e-2,1.635e-2,,,,,,9.802e-2,,,,,,,,,4.550e-18,,,,,,,,,,,,,,
870.98,2.197e-1,9.905e-19,1.931e-26,,,,,1.008e-17,1.019e-10,,3.584e-15,3.360e-7,3.016e-12,1.053e-16,1.839e-20,,4.451e-19,,,,2.746e-11,,1.635e-2,,2.196e-26,,,,1.708e-3,8.078e-2,1.744e-2,,,,,,1.034e-1,,,,,,,,,4.544e-18,,,,,,,,,,,,,,
871.01,2.158e-1,9.881e-19,1.933e-26,,,,,1.009e-17,1.333e-10,,3.585e-15,2.682e-7,2.673e-12,1.051e-16,1.840e-20,,4.454e-19,,,,1.904e-11,,1.437e-2,,2.198e-26,,,,1.620e-3,6.868e-2,1.917e-2,,,,,,1.119e-1,,,,,,,,,4.535e-18,,,,,,,,,,,,,,
871.03,2.145e-1,9.865e-19,1.935e-26,,,,,1.009e-17,1.592e-10,,3.585e-15,2.305e-7,2.462e-12,1.050e-16,1.840e-20,,4.456e-19,,,,1.490e-11,,1.318e-2,,2.199e-26,,,,1.566e-3,6.156e-2,2.039e-2,,,,,,1.178e-1,,,,,,,,,4.529e-18,,,,,,,,,,,,,,
871.06,2.146e-1,9.841e-19,1.938e-26,,,,,1.010e-17,2.074e-10,,3.586e-15,1.832e-7,2.174e-12,1.048e-16,1.840e-20,,4.458e-19,,,,1.029e-11,,1.159e-2,,2.201e-26,,,,1.491e-3,5.214e-2,2.233e-2,,,,,,1.270e-1,,,,,,,,,4.520e-18,,,,,,,,,,,,,,
871.08,2.158e-1,9.825e-19,1.939e-26,,,,,1.010e-17,2.470e-10,,3.586e-15,1.571e-7,1.998e-12,1.047e-16,1.840e-20,,4.460e-19,,,,8.035e-12,,1.064e-2,,2.202e-26,,,,1.445e-3,4.661e-2,2.370e-2,,,,,,1.334e-1,,,,,,,,,4.514e-18,,,,,,,,,,,,,,
871.11,2.192e-1,9.801e-19,1.942e-26,,,,,1.011e-17,3.206e-10,,3.587e-15,1.244e-7,1.757e-12,1.045e-16,1.841e-20,,4.463e-19,,,,5.530e-12,,9.382e-3,,2.203e-26,,,,1.382e-3,3.933e-2,2.585e-2,,,,,,1.432e-1,,,,,,,,,4.505e-18,,,,,,,,,,,,,,
871.13,2.224e-1,9.785e-19,1.944e-26,,,,,1.011e-17,3.810e-10,,3.587e-15,1.064e-7,1.610e-12,1.043e-16,1.841e-20,,4.465e-19,,,,4.305e-12,,8.641e-3,,2.204e-26,,,,1.343e-3,3.507e-2,2.737e-2,,,,,,1.500e-1,,,,,,,,,4.499e-18,,,,,,,,,,,,,,
871.15,2.264e-1,9.769e-19,1.945e-26,,,,,1.011e-17,4.523e-10,,3.588e-15,9.087e-8,1.475e-12,1.042e-16,1.841e-20,,4.467e-19,,,,3.348e-12,,7.974e-3,,2.205e-26,,,,1.306e-3,3.124e-2,2.894e-2,,,,,,1.569e-1,,,,,,,,,4.493e-18,,,,,,,,,,,,,,
871.18,2.337e-1,9.744e-19,1.948e-26,,,,,1.012e-17,5.840e-10,,3.588e-15,7.160e-8,1.290e-12,1.040e-16,1.842e-20,,4.470e-19,,,,2.292e-12,,7.107e-3,,2.207e-26,,,,1.256e-3,2.622e-2,3.140e-2,,,,,,1.677e-1,,,,,,,,,4.484e-18,,,,,,,,,,,,,,
871.2,2.393e-1,9.728e-19,1.950e-26,,,,,1.012e-17,6.916e-10,,3.589e-15,6.100e-8,1.178e-12,1.039e-16,1.842e-20,,4.472e-19,,,,1.778e-12,,6.611e-3,,2.208e-26,,,,1.225e-3,2.330e-2,3.312e-2,,,,,,1.750e-1,,,,,,,,,4.478e-18,,,,,,,,,,,,,,
871.23,2.487e-1,9.704e-19,1.952e-26,,,,,1.013e-17,8.895e-10,,3.589e-15,4.789e-8,1.027e-12,1.037e-16,1.842e-20,,4.474e-19,,,,1.213e-12,,5.983e-3,,2.210e-26,,,,1.181e-3,1.948e-2,3.581e-2,,,,,,1.862e-1,,,,,,,,,4.469e-18,,,,,,,,,,,,,,
871.25,2.556e-1,9.688e-19,1.954e-26,,,,,1.013e-17,1.051e-9,,3.590e-15,4.070e-8,9.356e-13,1.036e-16,1.842e-20,,4.476e-19,,,,9.382e-13,,5.637e-3,,2.211e-26,,,,1.154e-3,1.727e-2,3.768e-2,,,,,,1.939e-1,,,,,,,,,4.463e-18,,,,,,,,,,,,,,
871.28,2.669e-1,9.664e-19,1.957e-26,,,,,1.014e-17,1.346e-9,,3.590e-15,3.182e-8,8.122e-13,1.034e-16,1.843e-20,,4.479e-19,,,,6.374e-13,,5.224e-3,,2.212e-26,,,,1.117e-3,1.438e-2,4.059e-2,,,,,,2.056e-1,,,,,,,,,4.454e-18,,,,,,,,,,,,,,
871.3,2.749e-1,9.648e-19,1.958e-26,,,,,1.014e-17,1.587e-9,,3.591e-15,2.698e-8,7.382e-13,1.033e-16,1.843e-20,,4.481e-19,,,,4.919e-13,,5.015e-3,,2.213e-26,,,,1.093e-3,1.272e-2,4.259e-2,,,,,,2.135e-1,,,,,,,,,4.448e-18,,,,,,,,,,,,,,
871.33,2.876e-1,9.624e-19,1.961e-26,,,,,1.015e-17,2.025e-9,,3.591e-15,2.102e-8,6.384e-13,1.031e-16,1.843e-20,,4.484e-19,,,,3.329e-13,,4.797e-3,,2.215e-26,,,,1.060e-3,1.055e-2,4.571e-2,,,,,,2.255e-1,,,,,,,,,4.439e-18,,,,,,,,,,,,,,
871.35,2.965e-1,9.608e-19,1.963e-26,,,,,1.015e-17,2.381e-9,,3.592e-15,1.777e-8,5.788e-13,1.029e-16,1.843e-20,,4.486e-19,,,,2.563e-13,,4.715e-3,,2.216e-26,,,,1.039e-3,9.305e-3,4.785e-2,,,,,,2.335e-1,,,,,,,,,4.433e-18,,,,,,,,,,,,,,
871.38,3.103e-1,9.584e-19,1.965e-26,,,,,1.016e-17,3.028e-9,,3.592e-15,1.379e-8,4.986e-13,1.027e-16,1.844e-20,,4.488e-19,,,,1.728e-13,,4.685e-3,,2.218e-26,,,,1.008e-3,7.692e-3,5.115e-2,,,,,,2.458e-1,,,,,,,,,4.424e-18,,,,,,,,,,,,,,
871.4,3.198e-1,9.567e-19,1.967e-26,,,,,1.016e-17,3.550e-9,,3.593e-15,1.163e-8,4.509e-13,1.026e-16,1.844e-20,,4.490e-19,,,,1.327e-13,,4.725e-3,,2.219e-26,,,,9.890e-4,6.766e-3,5.341e-2,,,,,,2.539e-1,,,,,,,,,4.418e-18,,,,,,,,,,,,,,
871.43,3.345e-1,9.543e-19,1.970e-26,,,,,1.017e-17,4.498e-9,,3.593e-15,8.994e-9,3.870e-13,1.024e-16,1.844e-20,,4.493e-19,,,,8.910e-14,,4.877e-3,,2.220e-26,,,,9.610e-4,5.572e-3,5.689e-2,,,,,,2.662e-1,,,,,,,,,4.409e-18,,,,,,,,,,,,,,
871.45,3.445e-1,9.527e-19,1.972e-26,,,,,1.017e-17,5.260e-9,,3.594e-15,7.567e-9,3.491e-13,1.023e-16,1.845e-20,,4.495e-19,,,,6.824e-14,,5.041e-3,,2.221e-26,,,,9.429e-4,4.889e-3,5.925e-2,,,,,,2.743e-1,,,,,,,,,4.403e-18,,,,,,,,,,,,,,
871.48,3.597e-1,9.503e-19,1.974e-26,,,,,1.018e-17,6.640e-9,,3.594e-15,5.828e-9,2.985e-13,1.021e-16,1.845e-20,,4.498e-19,,,,4.566e-14,,5.381e-3,,2.223e-26,,,,9.164e-4,4.011e-3,6.287e-2,,,,,,2.865e-1,,,,,,,,,4.394e-18,,,,,,,,,,,,,,
871.5,3.699e-1,9.487e-19,1.976e-26,,,,,1.018e-17,7.746e-9,,3.595e-15,4.891e-9,2.686e-13,1.020e-16,1.845e-20,,4.500e-19,,,,3.488e-14,,5.672e-3,,2.224e-26,,,,8.990e-4,3.510e-3,6.532e-2,,,,,,2.945e-1,,,,,,,,,4.388e-18,,,,,,,,,,,,,,
871.52,3.803e-1,9.471e-19,1.978e-26,,,,,1.019e-17,9.028e-9,,3.595e-15,4.100e-9,2.414e-13,1.018e-16,1.845e-20,,4.501e-19,,,,2.662e-14,,6.017e-3,,2.225e-26,,,,8.819e-4,3.069e-3,6.779e-2,,,,,,3.025e-1,,,,,,,,,4.382e-18,,,,,,,,,,,,,,
871.55,3.958e-1,9.447e-19,1.980e-26,,,,,1.019e-17,1.134e-8,,3.596e-15,3.141e-9,2.053e-13,1.016e-16,1.846e-20,,4.504e-19,,,,1.771e-14,,6.639e-3,,2.227e-26,,,,8.564e-4,2.504e-3,7.155e-2,,,,,,3.143e-1,,,,,,,,,4.373e-18,,,,,,,,,,,,,,
871.57,4.062e-1,9.431e-19,1.982e-26,,,,,1.020e-17,1.318e-8,,3.596e-15,2.627e-9,1.841e-13,1.015e-16,1.846e-20,,4.506e-19,,,,1.349e-14,,7.127e-3,,2.228e-26,,,,8.396e-4,2.184e-3,7.408e-2,,,,,,3.219e-1,,,,,,,,,4.367e-18,,,,,,,,,,,,,,
871.6,4.216e-1,9.407e-19,1.985e-26,,,,,1.020e-17,1.649e-8,,3.597e-15,2.005e-9,1.560e-13,1.013e-16,1.846e-20,,4.509e-19,,,,8.940e-15,,7.975e-3,,2.229e-26,,,,8.143e-4,1.775e-3,7.789e-2,,,,,,3.332e-1,,,,,,,,,4.358e-18,,,,,,,,,,,,,,
871.62,4.319e-1,9.391e-19,1.986e-26,,,,,1.021e-17,1.912e-8,,3.597e-15,1.672e-9,1.395e-13,1.012e-16,1.846e-20,,4.511e-19,,,,6.788e-15,,8.621e-3,,2.230e-26,,,,7.976e-4,1.544e-3,8.044e-2,,,,,,3.405e-1,,,,,,,,,4.352e-18,,,,,,,,,,,,,,
871.65,4.470e-1,9.366e-19,1.989e-26,,,,,1.021e-17,2.383e-8,,3.598e-15,1.272e-9,1.177e-13,1.010e-16,1.847e-20,,4.514e-19,,,,4.483e-15,,9.722e-3,,2.232e-26,,,,7.723e-4,1.251e-3,8.426e-2,,,,,,3.510e-1,,,,,,,,,4.343e-18,,,,,,,,,,,,,,
871.67,4.570e-1,9.350e-19,1.991e-26,,,,,1.022e-17,2.756e-8,,4.760e-15,1.058e-9,1.050e-13,1.009e-16,1.847e-20,,4.515e-19,,,,3.395e-15,,1.055e-2,,2.233e-26,,,,7.555e-4,1.085e-3,8.680e-2,,,,,,3.578e-1,,,,,,,,,4.337e-18,,,,,,,,,,,,,,
871.7,4.717e-1,9.326e-19,1.993e-26,,,,,1.023e-17,3.422e-8,,7.229e-15,8.014e-10,8.831e-14,1.007e-16,1.847e-20,,4.518e-19,,,,2.233e-15,,1.193e-2,,2.235e-26,,,,7.301e-4,8.755e-4,9.059e-2,,,,,,3.675e-1,,,,,,,,,4.328e-18,,,,,,,,,,,,,,
871.72,4.812e-1,9.310e-19,1.995e-26,,,,,1.023e-17,3.949e-8,,9.540e-15,6.651e-10,7.858e-14,1.005e-16,1.848e-20,,4.520e-19,,,,1.687e-15,,1.296e-2,,2.236e-26,,,,7.132e-4,7.577e-4,9.308e-2,,,,,,3.737e-1,,,,,,,,,4.322e-18,,,,,,,,,,,,,,
871.75,4.951e-1,9.286e-19,1.998e-26,,,,,1.024e-17,4.884e-8,,1.964e-14,5.018e-10,6.583e-14,1.003e-16,1.848e-20,,4.523e-19,,,,1.106e-15,,1.468e-2,,2.237e-26,,,,6.876e-4,6.090e-4,9.678e-2,,,,,,3.824e-1,,,,,,,,,4.313e-18,,,,,,,,,,,,,,
871.77,5.041e-1,9.270e-19,1.999e-26,,,,,1.024e-17,5.622e-8,,2.588e-14,4.154e-10,5.842e-14,1.002e-16,1.848e-20,,4.525e-19,,,,8.332e-16,,1.594e-2,,2.238e-26,,,,6.705e-4,5.257e-4,9.920e-2,,,,,,3.878e-1,,,,,,,,,4.307e-18,,,,,,,,,,,,,,
871.8,5.172e-1,9.246e-19,2.002e-26,,,,,1.025e-17,6.928e-8,,3.910e-14,3.123e-10,4.876e-14,1.000e-16,1.848e-20,,4.528e-19,,,,,,1.802e-2,,2.240e-26,,,,6.448e-4,4.209e-4,1.027e-1,,,,,,3.953e-1,,,,,,,,,4.298e-18,,,,,,,,,,,,,,
871.82,5.255e-1,9.230e-19,2.004e-26,,,,,1.025e-17,7.954e-8,,5.141e-14,2.579e-10,4.316e-14,9.989e-17,1.849e-20,,4.529e-19,,,,,,1.955e-2,,2.241e-26,,,,6.276e-4,3.625e-4,1.050e-1,,,,,,3.999e-1,,,,,,,,,4.292e-18,,,,,,,,,,,,,,
871.85,5.375e-1,9.206e-19,2.006e-26,,,,,1.026e-17,9.765e-8,,7.737e-14,1.931e-10,3.589e-14,9.970e-17,1.849e-20,,4.532e-19,,,,,,2.206e-2,,2.243e-26,,,,6.018e-4,2.891e-4,1.084e-1,,,,,,4.062e-1,,,,,,,,,4.283e-18,,,,,,,,,,,,,,
871.87,5.451e-1,9.189e-19,2.008e-26,,,,,1.026e-17,1.118e-7,,1.015e-13,1.590e-10,3.169e-14,9.957e-17,1.849e-20,,4.534e-19,,,,,,2.389e-2,,2.244e-26,,,,5.847e-4,2.483e-4,1.106e-1,,,,,,4.099e-1,,,,,,,,,4.277e-18,,,,,,,,,,,,,,
871.9,5.560e-1,9.165e-19,2.011e-26,,,,,1.027e-17,1.368e-7,,1.521e-13,1.187e-10,2.625e-14,9.937e-17,1.849e-20,,4.537e-19,,,,,,2.688e-2,,2.245e-26,,,,5.589e-4,1.973e-4,1.136e-1,,,,,,4.147e-1,,,,,,,,,4.268e-18,,,,,,,,,,,,,,
871.92,5.628e-1,9.149e-19,2.012e-26,,,,,1.027e-17,1.563e-7,,1.991e-13,9.748e-11,2.312e-14,9.925e-17,1.850e-20,,4.539e-19,,,,,,2.905e-2,,2.246e-26,,,,5.419e-4,1.691e-4,1.156e-1,,,,,,4.174e-1,,,,,,,,,4.262e-18,,,,,,,,,,,,,,
871.94,5.693e-1,9.133e-19,2.014e-26,,,,,1.027e-17,1.783e-7,,2.602e-13,8.000e-11,2.034e-14,9.912e-17,1.850e-20,,4.541e-19,,,,,,3.136e-2,,2.247e-26,,,,5.249e-4,1.447e-4,1.175e-1,,,,,,4.197e-1,,,,,,,,,4.256e-18,,,,,,,,,,,,,,
871.97,5.783e-1,9.109e-19,2.017e-26,,,,,1.028e-17,2.170e-7,,3.881e-13,5.937e-11,1.676e-14,9.892e-17,1.850e-20,,4.543e-19,,,,,,3.512e-2,,2.249e-26,,,,4.995e-4,1.144e-4,1.202e-1,,,,,,4.224e-1,,,,,,,,,4.247e-18,,,,,,,,,,,,,,
871.99,5.840e-1,9.093e-19,2.018e-26,,,,,1.028e-17,2.470e-7,,5.060e-13,4.860e-11,1.471e-14,9.879e-17,1.850e-20,,4.545e-19,,,,,,3.784e-2,,2.250e-26,,,,4.828e-4,9.763e-5,1.218e-1,,,,,,4.237e-1,,,,,,,,,4.241e-18,,,,,,,,,,,,,,
872.02,5.917e-1,9.069e-19,2.021e-26,,,,,1.029e-17,2.994e-7,,7.520e-13,3.593e-11,1.207e-14,9.860e-17,1.851e-20,,4.548e-19,,,,,,4.223e-2,,2.252e-26,,,,4.580e-4,7.687e-5,1.241e-1,,,,,,4.248e-1,,,,,,,,,4.232e-18,,,,,,,,,,,,,,
872.04,5.965e-1,9.053e-19,2.023e-26,,,,,1.029e-17,3.400e-7,,9.780e-13,2.934e-11,1.057e-14,9.847e-17,1.851e-20,,4.550e-19,,,,,,4.538e-2,,2.253e-26,,,,4.416e-4,6.546e-5,1.255e-1,,,,,,4.250e-1,,,,,,,,,4.226e-18,,,,,,,,,,,,,,
872.07,6.029e-1,9.029e-19,2.025e-26,,,,,1.030e-17,4.106e-7,,1.448e-12,2.161e-11,8.643e-15,9.828e-17,1.851e-20,,4.553e-19,,,,,,5.047e-2,,2.254e-26,,,,4.175e-4,5.135e-5,1.274e-1,,,,,,4.246e-1,,,,,,,,,4.217e-18,,,,,,,,,,,,,,
872.09,6.068e-1,9.013e-19,2.027e-26,,,,,1.030e-17,4.650e-7,,1.879e-12,1.760e-11,7.548e-15,9.815e-17,1.852e-20,,4.555e-19,,,,,,5.411e-2,,2.255e-26,,,,4.017e-4,4.362e-5,1.285e-1,,,,,,4.237e-1,,,,,,,,,4.211e-18,,,,,,,,,,,,,,
872.12,6.120e-1,8.988e-19,2.030e-26,,,,,1.031e-17,5.595e-7,,2.771e-12,1.291e-11,6.148e-15,9.795e-17,1.852e-20,,4.557e-19,,,,,,5.995e-2,,2.257e-26,,,,3.784e-4,3.408e-5,1.300e-1,,,,,,4.216e-1,,,,,,,,,4.202e-18,,,,,,,,,,,,,,
872.14,6.150e-1,8.972e-19,2.031e-26,,,,,1.031e-17,6.321e-7,,3.586e-12,1.049e-11,5.356e-15,9.782e-17,1.852e-20,,4.559e-19,,,,,,6.411e-2,,2.258e-26,,,,3.632e-4,2.888e-5,1.308e-1,,,,,,4.197e-1,,,,,,,,,4.196e-18,,,,,,,,,,,,,,
872.17,6.190e-1,8.948e-19,2.034e-26,,,,,1.032e-17,7.577e-7,,5.271e-12,7.667e-12,4.346e-15,9.763e-17,1.852e-20,,4.562e-19,,,,,,7.078e-2,,2.260e-26,,,,3.410e-4,2.248e-5,1.318e-1,,,,,,4.161e-1,,,,,,,,,4.187e-18,,,,,,,,,,,,,,
872.19,6.213e-1,8.932e-19,2.036e-26,,,,,1.032e-17,8.539e-7,,6.805e-12,6.213e-12,3.776e-15,9.750e-17,1.853e-20,,4.564e-19,,,,,,7.550e-2,,2.261e-26,,,,3.265e-4,1.900e-5,1.323e-1,,,,,,4.132e-1,,,,,,,,,4.181e-18,,,,,,,,,,,,,,
872.22,6.242e-1,8.908e-19,2.038e-26,,,,,1.033e-17,1.020e-6,,9.963e-12,4.524e-12,3.053e-15,9.731e-17,1.853e-20,,4.567e-19,,,,,,8.304e-2,,2.262e-26,,,,3.054e-4,1.473e-5,1.328e-1,,,,,,4.081e-1,,,,,,,,,4.172e-18,,,,,,,,,,,,,,
872.24,6.258e-1,8.892e-19,2.040e-26,,,,,1.033e-17,1.146e-6,,1.283e-11,3.656e-12,2.646e-15,9.718e-17,1.853e-20,,4.569e-19,,,,,,8.836e-2,,2.263e-26,,,,2.917e-4,1.242e-5,1.330e-1,,,,,,4.042e-1,,,,,,,,,4.166e-18,,,,,,,,,,,,,,
872.27,6.278e-1,8.868e-19,2.043e-26,,,,,1.034e-17,1.364e-6,,1.872e-11,2.652e-12,2.131e-15,9.698e-17,1.854e-20,,4.571e-19,,,,,,9.681e-2,,2.265e-26,,,,2.719e-4,9.594e-6,1.330e-1,,,,,,3.977e-1,,,,,,,,,4.157e-18,,,,,,,,,,,,,,
872.29,6.288e-1,8.852e-19,2.044e-26,,,,,1.034e-17,1.529e-6,,2.404e-11,2.138e-12,1.842e-15,9.686e-17,1.854e-20,,4.573e-19,,,,,,1.028e-1,,2.266e-26,,,,2.591e-4,8.067e-6,1.328e-1,,,,,,3.929e-1,,,,,,,,,4.151e-18,,,,,,,,,,,,,,
872.31,6.296e-1,8.836e-19,2.046e-26,,,,,1.035e-17,1.713e-6,,3.086e-11,1.722e-12,1.591e-15,9.673e-17,1.854e-20,,4.575e-19,,,,,,1.090e-1,,2.267e-26,,,,2.466e-4,6.776e-6,1.326e-1,,,,,,3.878e-1,,,,,,,,,4.145e-18,,,,,,,,,,,,,,
872.34,6.305e-1,8.812e-19,2.049e-26,,,,,1.035e-17,2.028e-6,,4.478e-11,1.243e-12,1.274e-15,9.653e-17,1.854e-20,,4.578e-19,,,,,,1.188e-1,,2.269e-26,,,,2.287e-4,5.207e-6,1.319e-1,,,,,,3.796e-1,,,,,,,,,4.136e-18,,,,,,,,,,,,,,
872.36,6.309e-1,8.795e-19,2.051e-26,,,,,1.036e-17,2.266e-6,,5.733e-11,9.984e-13,1.098e-15,9.640e-17,1.855e-20,,4.580e-19,,,,,,1.256e-1,,2.270e-26,,,,2.172e-4,4.363e-6,1.313e-1,,,,,,3.737e-1,,,,,,,,,4.130e-18,,,,,,,,,,,,,,
872.39,6.312e-1,8.771e-19,2.053e-26,,,,,1.036e-17,2.671e-6,,8.289e-11,7.176e-13,8.761e-16,9.621e-17,1.855e-20,,4.583e-19,,,,,,1.364e-1,,2.271e-26,,,,2.006e-4,3.340e-6,1.302e-1,,,,,,3.644e-1,,,,,,,,,4.121e-18,,,,,,,,,,,,,,
872.41,6.313e-1,8.755e-19,2.055e-26,,,,,1.037e-17,2.978e-6,,1.058e-10,5.751e-13,7.528e-16,9.608e-17,1.855e-20,,4.585e-19,,,,,,1.439e-1,,2.273e-26,,,,1.900e-4,2.791e-6,1.293e-1,,,,,,3.578e-1,,,,,,,,,4.115e-18,,,,,,,,,,,,,,
872.44,6.313e-1,8.731e-19,2.057e-26,,,,,1.037e-17,3.498e-6,,1.525e-10,4.118e-13,5.985e-16,9.589e-17,1.855e-20,,4.587e-19,,,,,,1.557e-1,,2.274e-26,,,,1.749e-4,2.129e-6,1.278e-1,,,,,,3.476e-1,,,,,,,,,4.106e-18,,,,,,,,,,,,,,
872.46,6.312e-1,8.715e-19,2.059e-26,,,,,1.038e-17,3.889e-6,,1.942e-10,3.291e-13,5.130e-16,9.576e-17,1.856e-20,,4.589e-19,,,,,,1.639e-1,,2.275e-26,,,,1.653e-4,1.775e-6,1.266e-1,,,,,,3.405e-1,,,,,,,,,4.100e-18,,,,,,,,,,,,,,
872.49,6.309e-1,8.691e-19,2.062e-26,,,,,1.039e-17,4.551e-6,,2.788e-10,2.348e-13,4.063e-16,9.556e-17,1.856e-20,,4.592e-19,,,,,,1.766e-1,,2.277e-26,,,,1.515e-4,1.348e-6,1.247e-1,,,,,,3.295e-1,,,,,,,,,4.091e-18,,,,,,,,,,,,,,
872.51,6.308e-1,8.675e-19,2.064e-26,,,,,1.039e-17,5.047e-6,,3.542e-10,1.872e-13,3.474e-16,9.543e-17,1.856e-20,,4.594e-19,,,,,,1.854e-1,,2.278e-26,,,,1.428e-4,1.121e-6,1.233e-1,,,,,,3.219e-1,,,,,,,,,4.085e-18,,,,,,,,,,,,,,
872.54,6.306e-1,8.651e-19,2.066e-26,,,,,1.040e-17,5.884e-6,,5.065e-10,1.330e-13,2.741e-16,9.524e-17,1.857e-20,,4.597e-19,,,,,,1.991e-1,,2.279e-26,,,,1.305e-4,8.485e-7,1.210e-1,,,,,,3.104e-1,,,,,,,,,4.076e-18,,,,,,,,,,,,,,
872.56,6.304e-1,8.635e-19,2.068e-26,,,,,1.040e-17,6.510e-6,,6.420e-10,1.058e-13,2.337e-16,9.511e-17,1.857e-20,,4.599e-19,,,,,,2.085e-1,,2.281e-26,,,,1.227e-4,7.038e-7,1.193e-1,,,,,,3.025e-1,,,,,,,,,4.070e-18,,,,,,,,,,,,,,
872.59,6.304e-1,8.610e-19,2.071e-26,,,,,1.041e-17,7.561e-6,,9.146e-10,7.489e-14,1.837e-16,9.492e-17,1.857e-20,,4.601e-19,,,,,,2.230e-1,,2.282e-26,,,,1.117e-4,5.306e-7,1.167e-1,,,,,,2.905e-1,,,,,,,,,4.061e-18,,,,,,,,,,,,,,
872.61,6.304e-1,8.594e-19,2.072e-26,,,,,1.041e-17,8.344e-6,,1.156e-9,5.941e-14,1.563e-16,9.479e-17,1.857e-20,,4.603e-19,,,,,,2.329e-1,,2.283e-26,,,,1.047e-4,4.390e-7,1.149e-1,,,,,,2.825e-1,,,,,,,,,4.055e-18,,,,,,,,,,,,,,
872.64,6.306e-1,8.570e-19,2.075e-26,,,,,1.042e-17,9.655e-6,,1.641e-9,4.190e-14,1.224e-16,9.459e-17,1.858e-20,,4.606e-19,,,,,,2.482e-1,,2.285e-26,,,,9.495e-5,3.297e-7,1.120e-1,,,,,,2.703e-1,,,,,,,,,4.046e-18,,,,,,,,,,,,,,
872.66,6.308e-1,8.554e-19,2.077e-26,,,,,1.042e-17,1.063e-5,,2.070e-9,3.315e-14,1.038e-16,9.446e-17,1.858e-20,,4.608e-19,,,,,,2.587e-1,,2.286e-26,,,,8.883e-5,2.721e-7,1.100e-1,,,,,,2.621e-1,,,,,,,,,4.040e-18,,,,,,,,,,,,,,
872.68,6.312e-1,8.538e-19,2.078e-26,,,,,1.042e-17,1.169e-5,,2.609e-9,2.621e-14,8.802e-17,9.434e-17,1.858e-20,,4.610e-19,,,,,,2.692e-1,,2.287e-26,,,,8.303e-5,2.243e-7,1.079e-1,,,,,,2.539e-1,,,,,,,,,4.034e-18,,,,,,,,,,,,,,
872.71,6.320e-1,8.514e-19,2.081e-26,,,,,1.043e-17,1.345e-5,,3.683e-9,1.838e-14,6.856e-17,9.414e-17,1.858e-20,,4.613e-19,,,,,,2.854e-1,,2.289e-26,,,,7.488e-5,1.676e-7,1.048e-1,,,,,,2.417e-1,,,,,,,,,4.025e-18,,,,,,,,,,,,,,
872.73,6.326e-1,8.498e-19,2.083e-26,,,,,1.043e-17,1.476e-5,,4.630e-9,1.449e-14,5.797e-17,9.401e-17,1.859e-20,,4.614e-19,,,,,,2.963e-1,,2.290e-26,,,,6.981e-5,1.378e-7,1.026e-1,,,,,,2.335e-1,,,,,,,,,4.019e-18,,,,,,,,,,,,,,
872.76,6.338e-1,8.474e-19,2.085e-26,,,,,1.044e-17,1.692e-5,,6.513e-9,1.013e-14,4.498e-17,9.382e-17,1.859e-20,,4.617e-19,,,,,,3.129e-1,,2.291e-26,,,,6.273e-5,1.026e-7,9.936e-2,,,,,,2.214e-1,,,,,,,,,4.010e-18,,,,,,,,,,,,,,
872.78,6.348e-1,8.458e-19,2.087e-26,,,,,1.044e-17,1.852e-5,,8.166e-9,7.966e-15,3.793e-17,9.369e-17,1.859e-20,,4.619e-19,,,,,,3.241e-1,,2.292e-26,,,,5.834e-5,8.414e-8,9.714e-2,,,,,,2.135e-1,,,,,,,,,4.004e-18,,,,,,,,,,,,,,
872.81,6.365e-1,8.434e-19,2.090e-26,,,,,1.045e-17,2.116e-5,,1.144e-8,5.545e-15,2.932e-17,9.350e-17,1.859e-20,,4.622e-19,,,,,,3.410e-1,,2.294e-26,,,,5.222e-5,6.238e-8,9.379e-2,,,,,,2.016e-1,,,,,,,,,3.995e-18,,,,,,,,,,,,,,
872.83,6.378e-1,8.417e-19,2.091e-26,,,,,1.045e-17,2.309e-5,,1.431e-8,4.350e-15,2.467e-17,9.337e-17,1.860e-20,,4.624e-19,,,,,,3.523e-1,,2.295e-26,,,,4.844e-5,5.104e-8,9.155e-2,,,,,,1.939e-1,,,,,,,,,3.989e-18,,,,,,,,,,,,,,
872.86,6.400e-1,8.393e-19,2.094e-26,,,,,1.046e-17,2.628e-5,,1.999e-8,3.017e-15,1.900e-17,9.317e-17,1.860e-20,,4.627e-19,,,,,,3.693e-1,,2.297e-26,,,,4.320e-5,3.770e-8,8.819e-2,,,,,,1.825e-1,,,,,,,,,3.980e-18,,,,,,,,,,,,,,
872.88,6.416e-1,8.377e-19,2.096e-26,,,,,1.046e-17,2.861e-5,,2.494e-8,2.361e-15,1.594e-17,9.304e-17,1.860e-20,,4.628e-19,,,,,,3.805e-1,,2.298e-26,,,,3.997e-5,3.077e-8,8.595e-2,,,,,,1.750e-1,,,,,,,,,3.974e-18,,,,,,,,,,,,,,
872.91,6.441e-1,8.353e-19,2.098e-26,,,,,1.047e-17,3.245e-5,,3.469e-8,1.631e-15,1.223e-17,9.285e-17,1.861e-20,,4.631e-19,,,,,,3.974e-1,,2.299e-26,,,,3.551e-5,2.264e-8,8.262e-2,,,,,,1.641e-1,,,,,,,,,3.965e-18,,,,,,,,,,,,,,
872.93,6.459e-1,8.337e-19,2.100e-26,,,,,1.047e-17,3.524e-5,,4.318e-8,1.273e-15,1.024e-17,9.272e-17,1.861e-20,,4.633e-19,,,,,,4.085e-1,,2.300e-26,,,,3.278e-5,1.843e-8,8.043e-2,,,,,,1.569e-1,,,,,,,,,3.959e-18,,,,,,,,,,,,,,
872.96,6.488e-1,8.313e-19,2.103e-26,,,,,1.048e-17,3.981e-5,,5.984e-8,8.761e-16,7.823e-18,9.253e-17,1.861e-20,,4.636e-19,,,,,,4.249e-1,,2.302e-26,,,,2.901e-5,1.351e-8,7.719e-2,,,,,,1.466e-1,,,,,,,,,3.950e-18,,,,,,,,,,,,,,
872.98,6.507e-1,8.297e-19,2.104e-26,,,,,1.048e-17,4.313e-5,,7.430e-8,6.821e-16,6.532e-18,9.240e-17,1.861e-20,,4.638e-19,,,,,,4.357e-1,,2.303e-26,,,,2.671e-5,1.097e-8,7.507e-2,,,,,,1.399e-1,,,,,,,,,3.944e-18,,,,,,,,,,,,,,
873.01,6.538e-1,8.273e-19,2.107e-26,,,,,1.049e-17,4.853e-5,,1.026e-7,4.677e-16,4.973e-18,9.220e-17,1.862e-20,,4.641e-19,,,,,,4.516e-1,,2.305e-26,,,,2.355e-5,8.011e-9,7.195e-2,,,,,,1.302e-1,,,,,,,,,3.935e-18,,,,,,,,,,,,,,
873.03,6.558e-1,8.257e-19,2.109e-26,,,,,1.049e-17,5.245e-5,,1.271e-7,3.632e-16,4.141e-18,9.207e-17,1.862e-20,,4.642e-19,,,,,,4.619e-1,,2.306e-26,,,,2.163e-5,6.488e-9,6.993e-2,,,,,,1.239e-1,,,,,,,,,3.929e-18,,,,,,,,,,,,,,
873.05,6.578e-1,8.241e-19,2.110e-26,,,,,1.050e-17,5.662e-5,,1.572e-7,2.817e-16,3.445e-18,9.194e-17,1.862e-20,,4.644e-19,,,,,,4.719e-1,,2.307e-26,,,,1.984e-5,5.249e-9,6.795e-2,,,,,,1.178e-1,,,,,,,,,3.923e-18,,,,,,,,,,,,,,
873.08,6.607e-1,8.216e-19,2.113e-26,,,,,1.050e-17,6.339e-5,,2.160e-7,1.921e-16,2.609e-18,9.175e-17,1.862e-20,,4.647e-19,,,,,,4.865e-1,,2.308e-26,,,,1.740e-5,3.813e-9,6.507e-2,,,,,,1.090e-1,,,,,,,,,3.914e-18,,,,,,,,,,,,,,
873.1,6.626e-1,8.200e-19,2.115e-26,,,,,1.051e-17,6.826e-5,,2.665e-7,1.487e-16,2.165e-18,9.162e-17,1.863e-20,,4.649e-19,,,,,,4.959e-1,,2.309e-26,,,,1.592e-5,3.077e-9,6.321e-2,,,,,,1.034e-1,,,,,,,,,3.908e-18,,,,,,,,,,,,,,
873.13,6.653e-1,8.176e-19,2.117e-26,,,,,1.051e-17,7.613e-5,,3.648e-7,1.010e-16,1.634e-18,9.143e-17,1.863e-20,,4.652e-19,,,,,,5.093e-1,,2.311e-26,,,,1.391e-5,2.227e-9,6.054e-2,,,,,,9.538e-2,,,,,,,,,3.899e-18,,,,,,,,,,,,,,
873.15,6.670e-1,8.160e-19,2.119e-26,,,,,1.052e-17,8.178e-5,,4.491e-7,7.792e-17,1.352e-18,9.130e-17,1.863e-20,,4.654e-19,,,,,,5.178e-1,,2.312e-26,,,,1.270e-5,1.793e-9,5.883e-2,,,,,,9.024e-2,,,,,,,,,3.893e-18,,,,,,,,,,,,,,
873.18,6.692e-1,8.136e-19,2.122e-26,,,,,1.052e-17,9.087e-5,,6.124e-7,5.274e-17,1.016e-18,9.110e-17,1.864e-20,,4.656e-19,,,,,,5.298e-1,,2.314e-26,,,,1.106e-5,1.292e-9,5.637e-2,,,,,,8.290e-2,,,,,,,,,3.884e-18,,,,,,,,,,,,,,
873.2,6.705e-1,8.120e-19,2.123e-26,,,,,1.053e-17,9.736e-5,,7.521e-7,4.060e-17,8.393e-19,9.098e-17,1.864e-20,,4.658e-19,,,,,,5.373e-1,,2.315e-26,,,,1.007e-5,1.038e-9,5.482e-2,,,,,,7.824e-2,,,,,,,,,3.878e-18,,,,,,,,,,,,,,
873.23,6.721e-1,8.096e-19,2.126e-26,,,,,1.054e-17,1.078e-4,,1.022e-6,2.738e-17,6.284e-19,9.078e-17,1.864e-20,,4.661e-19,,,,,,5.477e-1,,2.316e-26,,,,8.730e-6,7.452e-10,5.260e-2,,,,,,7.160e-2,,,,,,,,,3.869e-18,,,,,,,,,,,,,,
873.25,6.728e-1,8.080e-19,2.128e-26,,,,,1.054e-17,1.152e-4,,1.252e-6,2.102e-17,5.176e-19,9.065e-17,1.864e-20,,4.663e-19,,,,,,5.541e-1,,2.317e-26,,,,7.929e-6,5.969e-10,5.120e-2,,,,,,6.740e-2,,,,,,,,,3.863e-18,,,,,,,,,,,,,,
873.28,6.735e-1,8.056e-19,2.130e-26,,,,,1.055e-17,1.270e-4,,1.694e-6,1.412e-17,3.861e-19,9.046e-17,1.865e-20,,4.666e-19,,,,,,5.627e-1,,2.319e-26,,,,6.850e-6,4.270e-10,4.922e-2,,,,,,6.145e-2,,,,,,,,,3.854e-18,,,,,,,,,,,,,,
873.3,6.736e-1,8.039e-19,2.132e-26,,,,,1.055e-17,1.354e-4,,2.070e-6,1.082e-17,3.172e-19,9.033e-17,1.865e-20,,4.668e-19,,,,,,5.678e-1,,2.320e-26,,,,6.206e-6,3.411e-10,4.798e-2,,,,,,5.771e-2,,,,,,,,,3.848e-18,,,,,,,,,,,,,,
873.33,6.733e-1,8.015e-19,2.135e-26,,,,,1.056e-17,1.488e-4,,2.792e-6,7.239e-18,2.357e-19,9.014e-17,1.865e-20,,4.670e-19,,,,,,5.745e-1,,2.322e-26,,,,5.342e-6,2.431e-10,4.625e-2,,,,,,5.241e-2,,,,,,,,,3.839e-18,,,,,,,,,,,,,,
873.35,6.726e-1,7.999e-19,2.137e-26,,,,,1.056e-17,1.583e-4,,3.403e-6,5.531e-18,1.931e-19,9.001e-17,1.865e-20,,4.672e-19,,,,,,5.782e-1,,2.323e-26,,,,4.828e-6,1.938e-10,4.517e-2,,,,,,4.909e-2,,,,,,,,,3.833e-18,,,,,,,,,,,,,,
873.38,6.711e-1,7.975e-19,2.139e-26,,,,,1.057e-17,1.732e-4,,4.572e-6,3.687e-18,1.430e-19,8.981e-17,1.866e-20,,4.675e-19,,,,,,5.828e-1,,2.324e-26,,,,4.140e-6,1.376e-10,4.367e-2,,,,,,4.442e-2,,,,,,,,,3.824e-18,,,,,,,,,,,,,,
873.4,6.696e-1,7.959e-19,2.141e-26,,,,,1.057e-17,1.838e-4,,5.560e-6,2.810e-18,1.169e-19,8.968e-17,1.866e-20,,4.677e-19,,,,,,5.851e-1,,2.325e-26,,,,3.733e-6,1.093e-10,4.274e-2,,,,,,4.151e-2,,,,,,,,,3.818e-18,,,,,,,,,,,,,,
873.42,6.677e-1,7.943e-19,2.143e-26,,,,,1.057e-17,1.948e-4,,6.754e-6,2.139e-18,9.542e-20,8.955e-17,1.866e-20,,4.679e-19,,,,,,5.869e-1,,2.326e-26,,,,3.362e-6,8.683e-11,4.187e-2,,,,,,3.874e-2,,,,,,,,,3.812e-18,,,,,,,,,,,,,,
873.45,6.642e-1,7.919e-19,2.145e-26,,,,,1.058e-17,2.121e-4,,9.027e-6,1.418e-18,7.027e-20,8.936e-17,1.867e-20,,4.682e-19,,,,,,5.885e-1,,2.328e-26,,,,2.869e-6,6.132e-11,4.068e-2,,,,,,3.487e-2,,,,,,,,,3.803e-18,,,,,,,,,,,,,,
873.47,6.614e-1,7.903e-19,2.147e-26,,,,,1.058e-17,2.242e-4,,1.094e-5,1.077e-18,5.723e-20,8.923e-17,1.867e-20,,4.684e-19,,,,,,5.888e-1,,2.329e-26,,,,2.578e-6,4.857e-11,3.995e-2,,,,,,3.247e-2,,,,,,,,,3.797e-18,,,,,,,,,,,,,,
873.5,6.564e-1,7.879e-19,2.150e-26,,,,,1.059e-17,2.432e-4,,1.457e-5,7.115e-19,4.199e-20,8.904e-17,1.867e-20,,4.686e-19,,,,,,5.881e-1,,2.331e-26,,,,2.192e-6,3.417e-11,3.895e-2,,,,,,2.911e-2,,,,,,,,,3.788e-18,,,,,,,,,,,,,,
873.52,6.526e-1,7.863e-19,2.151e-26,,,,,1.059e-17,2.564e-4,,1.761e-5,5.389e-19,3.411e-20,8.891e-17,1.867e-20,,4.688e-19,,,,,,5.869e-1,,2.332e-26,,,,1.966e-6,2.700e-11,3.835e-2,,,,,,2.704e-2,,,,,,,,,3.782e-18,,,,,,,,,,,,,,
873.55,6.460e-1,7.838e-19,2.154e-26,,,,,1.060e-17,2.771e-4,,2.336e-5,3.546e-19,2.493e-20,8.871e-17,1.868e-20,,4.691e-19,,,,,,5.840e-1,,2.333e-26,,,,1.667e-6,1.892e-11,3.753e-2,,,,,,2.415e-2,,,,,,,,,3.773e-18,,,,,,,,,,,,,,
873.57,6.412e-1,7.822e-19,2.156e-26,,,,,1.060e-17,2.915e-4,,2.817e-5,2.680e-19,2.020e-20,8.859e-17,1.868e-20,,4.693e-19,,,,,,5.814e-1,,2.334e-26,,,,1.492e-6,1.491e-11,3.704e-2,,,,,,2.237e-2,,,,,,,,,3.767e-18,,,,,,,,,,,,,,
873.6,6.330e-1,7.798e-19,2.158e-26,,,,,1.061e-17,3.139e-4,,3.723e-5,1.756e-19,1.471e-20,8.839e-17,1.868e-20,,4.696e-19,,,,,,5.764e-1,,2.336e-26,,,,1.263e-6,1.041e-11,3.637e-2,,,,,,1.991e-2,,,,,,,,,3.758e-18,,,,,,,,,,,,,,
873.62,6.271e-1,7.782e-19,2.160e-26,,,,,1.061e-17,3.293e-4,,4.478e-5,1.324e-19,1.189e-20,8.826e-17,1.868e-20,,4.698e-19,,,,,,5.724e-1,,2.337e-26,,,,1.130e-6,8.185e-12,3.598e-2,,,,,,1.840e-2,,,,,,,,,3.752e-18,,,,,,,,,,,,,,
873.65,6.175e-1,7.758e-19,2.163e-26,,,,,1.062e-17,3.532e-4,,5.897e-5,,8.624e-21,8.807e-17,1.869e-20,,4.700e-19,,,,,,5.653e-1,,2.339e-26,,,,9.559e-7,5.693e-12,3.544e-2,,,,,,1.631e-2,,,,,,,,,3.743e-18,,,,,,,,,,,,,,
873.67,6.106e-1,7.742e-19,2.164e-26,,,,,1.062e-17,3.697e-4,,7.076e-5,,6.953e-21,8.794e-17,1.869e-20,,4.702e-19,,,,,,5.600e-1,,2.340e-26,,,,8.557e-7,4.464e-12,3.512e-2,,,,,,1.504e-2,,,,,,,,,3.737e-18,,,,,,,,,,,,,,
873.7,5.994e-1,7.718e-19,2.167e-26,,,,,1.063e-17,3.951e-4,,9.284e-5,,5.024e-21,8.775e-17,1.869e-20,,4.705e-19,,,,,,5.510e-1,,2.341e-26,,,,7.264e-7,3.093e-12,3.469e-2,,,,,,1.328e-2,,,,,,,,,3.728e-18,,,,,,,,,,,,,,
873.72,5.916e-1,7.702e-19,2.169e-26,,,,,1.063e-17,4.124e-4,,1.111e-4,,4.040e-21,8.762e-17,1.870e-20,,4.707e-19,,,,,,5.444e-1,,2.342e-26,,,,6.529e-7,2.419e-12,3.443e-2,,,,,,1.221e-2,,,,,,,,,3.722e-18,,,,,,,,,,,,,,
873.75,5.791e-1,7.678e-19,2.171e-26,,,,,1.064e-17,4.391e-4,,1.453e-4,,2.909e-21,8.742e-17,1.870e-20,,4.710e-19,,,,,,5.336e-1,,2.344e-26,,,,5.596e-7,1.670e-12,3.408e-2,,,,,,1.074e-2,,,,,,,,,3.713e-18,,,,,,,,,,,,,,
873.77,5.703e-1,7.661e-19,2.871e-26,,,,,1.064e-17,4.572e-4,,1.734e-4,,2.333e-21,8.729e-17,1.870e-20,,4.712e-19,,,,,,5.259e-1,,2.345e-26,,,,5.078e-7,1.303e-12,3.387e-2,,,,,,9.853e-3,,,,,,,,,3.707e-18,,,,,,,,,,,,,,
873.8,5.565e-1,7.637e-19,4.359e-26,,,,,1.065e-17,4.850e-4,,2.259e-4,,1.673e-21,8.710e-17,1.870e-20,,4.714e-19,,,,,,5.136e-1,,2.347e-26,,,,4.443e-7,8.959e-13,3.357e-2,,,,,,8.638e-3,,,,,,,,,3.698e-18,,,,,,,,,,,,,,
873.82,5.470e-1,7.621e-19,5.750e-26,,,,,1.065e-17,5.038e-4,,2.690e-4,,1.339e-21,8.697e-17,1.871e-20,,4.716e-19,,,,,,5.049e-1,,2.348e-26,,,,4.108e-7,6.971e-13,3.338e-2,,,,,,7.902e-3,,,,,,,,,3.692e-18,,,,,,,,,,,,,,
873.84,5.372e-1,7.605e-19,7.579e-26,,,,,1.066e-17,5.228e-4,,3.201e-4,,1.070e-21,8.684e-17,1.871e-20,,4.718e-19,,,,,,4.959e-1,,2.349e-26,,,,3.840e-7,5.419e-13,3.320e-2,,,,,,7.221e-3,,,,,,,,,3.686e-18,,,,,,,,,,,,,,
873.87,5.219e-1,7.581e-19,1.144e-25,,,,,1.066e-17,5.516e-4,,4.147e-4,,7.634e-22,8.665e-17,1.871e-20,,4.721e-19,,,,,,4.817e-1,,2.350e-26,,,,3.559e-7,3.707e-13,3.294e-2,,,,,,6.297e-3,,,,,,,,,3.677e-18,,,,,,,,,,,,,,
873.89,5.115e-1,7.565e-19,1.505e-25,,,,,1.067e-17,5.710e-4,,4.922e-4,,6.087e-22,8.652e-17,1.871e-20,,4.723e-19,,,,,,4.719e-1,,2.351e-26,,,,3.449e-7,2.874e-13,3.276e-2,,,,,,5.740e-3,,,,,,,,,3.671e-18,,,,,,,,,,,,,,
873.92,4.955e-1,7.541e-19,2.264e-25,,,,,1.067e-17,6.002e-4,,6.353e-4,,4.326e-22,8.632e-17,1.872e-20,,4.726e-19,,,,,,4.568e-1,,2.353e-26,,,,3.401e-7,1.959e-13,3.250e-2,,,,,,4.987e-3,,,,,,,,,3.662e-18,,,,,,,,,,,,,,
873.94,4.846e-1,7.525e-19,2.969e-25,,,,,1.068e-17,6.197e-4,,7.522e-4,,3.440e-22,8.619e-17,1.872e-20,,4.727e-19,,,,,,4.463e-1,,2.354e-26,,,,3.447e-7,1.515e-13,3.232e-2,,,,,,4.534e-3,,,,,,,,,3.656e-18,,,,,,,,,,,,,,
873.97,4.679e-1,7.501e-19,4.450e-25,,,,,1.069e-17,6.490e-4,,9.673e-4,,2.436e-22,8.600e-17,1.872e-20,,4.730e-19,,,,,,4.303e-1,,2.356e-26,,,,3.641e-7,1.028e-13,3.205e-2,,,,,,3.924e-3,,,,,,,,,3.647e-18,,,,,,,,,,,,,,
873.99,4.567e-1,7.485e-19,5.822e-25,,,,,1.069e-17,6.684e-4,,1.142e-3,,1.932e-22,8.587e-17,1.872e-20,,4.732e-19,,,,,,4.195e-1,,2.357e-26,,,,3.856e-7,7.934e-14,3.185e-2,,,,,,3.559e-3,,,,,,,,,3.641e-18,,,,,,,,,,,,,,
874.02,4.397e-1,7.460e-19,8.694e-25,,,,,1.070e-17,6.973e-4,,1.464e-3,,1.363e-22,8.568e-17,1.873e-20,,4.735e-19,,,,,,4.029e-1,,2.358e-26,,,,4.321e-7,5.365e-14,3.154e-2,,,,,,3.069e-3,,,,,,,,,3.632e-18,,,,,,,,,,,,,,
874.04,4.283e-1,7.444e-19,1.135e-24,,,,,1.070e-17,7.164e-4,,1.725e-3,,1.078e-22,8.555e-17,1.873e-20,,4.737e-19,,,,,,3.918e-1,,2.359e-26,,,,4.733e-7,4.129e-14,3.132e-2,,,,,,2.776e-3,,,,,,,,,3.626e-18,,,,,,,,,,,,,,
874.07,4.112e-1,7.420e-19,1.688e-24,,,,,1.071e-17,7.447e-4,,2.201e-3,,7.577e-23,8.535e-17,1.873e-20,,4.740e-19,,,,,,3.749e-1,,2.361e-26,,,,5.526e-7,2.782e-14,3.096e-2,,,,,,2.385e-3,,,,,,,,,3.617e-18,,,,,,,,,,,,,,
874.09,3.998e-1,7.404e-19,2.197e-24,,,,,1.071e-17,7.631e-4,,2.587e-3,,5.980e-23,8.523e-17,1.874e-20,,4.741e-19,,,,,,3.636e-1,,2.362e-26,,,,6.184e-7,2.135e-14,3.071e-2,,,,,,2.152e-3,,,,,,,,,3.611e-18,,,,,,,,,,,,,,
874.12,3.829e-1,7.380e-19,3.258e-24,,,,,1.072e-17,7.902e-4,,3.290e-3,,4.186e-23,8.503e-17,1.874e-20,,4.744e-19,,,,,,3.467e-1,,2.364e-26,,,,7.393e-7,1.433e-14,3.030e-2,,,,,,1.842e-3,,,,,,,,,3.602e-18,,,,,,,,,,,,,,
874.14,3.717e-1,7.364e-19,4.230e-24,,,,,1.072e-17,8.078e-4,,3.857e-3,,3.296e-23,8.490e-17,1.874e-20,,4.746e-19,,,,,,3.354e-1,,2.365e-26,,,,8.366e-7,1.097e-14,3.001e-2,,,,,,1.658e-3,,,,,,,,,3.596e-18,,,,,,,,,,,,,,
874.17,3.552e-1,7.340e-19,6.247e-24,,,,,1.073e-17,8.334e-4,,4.887e-3,,2.298e-23,8.471e-17,1.874e-20,,4.749e-19,,,,,,3.185e-1,,2.366e-26,,,,1.012e-6,7.336e-15,2.955e-2,,,,,,1.413e-3,,,,,,,,,3.587e-18,,,,,,,,,,,,,,
874.19,3.444e-1,7.324e-19,8.092e-24,,,,,1.073e-17,8.498e-4,,5.716e-3,,1.805e-23,8.458e-17,1.875e-20,,4.751e-19,,,,,,3.074e-1,,2.367e-26,,,,1.151e-6,5.602e-15,2.922e-2,,,,,,1.269e-3,,,,,,,,,3.581e-18,,,,,,,,,,,,,,
874.21,3.339e-1,7.308e-19,1.047e-23,,,,,1.073e-17,8.657e-4,,6.678e-3,,1.416e-23,8.445e-17,1.875e-20,,4.753e-19,,,,,,2.963e-1,,2.369e-26,,,,1.310e-6,4.274e-15,2.887e-2,,,,,,1.138e-3,,,,,,,,,3.575e-18,,,,,,,,,,,,,,
874.24,3.186e-1,7.284e-19,1.538e-23,,,,,1.074e-17,8.884e-4,,8.417e-3,,9.821e-24,8.426e-17,1.875e-20,,4.755e-19,,,,,,2.800e-1,,2.370e-26,,,,1.591e-6,2.842e-15,2.832e-2,,,,,,9.652e-4,,,,,,,,,3.566e-18,,,,,,,,,,,,,,
874.26,3.087e-1,7.267e-19,1.986e-23,,,,,1.074e-17,9.027e-4,,9.810e-3,,7.685e-24,8.413e-17,1.875e-20,,4.757e-19,,,,,,2.692e-1,,2.371e-26,,,,1.812e-6,2.163e-15,2.793e-2,,,,,,8.636e-4,,,,,,,,,3.560e-18,,,,,,,,,,,,,,
874.29,2.947e-1,7.243e-19,2.907e-23,,,,,1.075e-17,9.229e-4,,1.232e-2,,5.310e-24,8.393e-17,1.876e-20,,4.760e-19,,,,,,2.534e-1,,2.373e-26,,,,2.201e-6,1.433e-15,2.732e-2,,,,,,7.296e-4,,,,,,,,,3.551e-18,,,,,,,,,,,,,,
874.31,2.859e-1,7.227e-19,3.743e-23,,,,,1.075e-17,9.354e-4,,1.432e-2,,4.145e-24,8.380e-17,1.876e-20,,4.762e-19,,,,,,2.431e-1,,2.374e-26,,,,2.503e-6,1.088e-15,2.689e-2,,,,,,6.512e-4,,,,,,,,,3.545e-18,,,,,,,,,,,,,,
874.34,2.736e-1,7.203e-19,5.459e-23,,,,,1.076e-17,9.528e-4,,1.792e-2,,2.853e-24,8.361e-17,1.876e-20,,4.765e-19,,,,,,2.279e-1,,2.375e-26,,,,3.034e-6,7.180e-16,2.623e-2,,,,,,5.480e-4,,,,,,,,,3.536e-18,,,,,,,,,,,,,,
874.36,2.661e-1,7.187e-19,7.013e-23,,,,,1.076e-17,9.633e-4,,2.078e-2,,2.222e-24,8.348e-17,1.877e-20,,4.767e-19,,,,,,2.181e-1,,2.377e-26,,,,3.445e-6,5.436e-16,2.576e-2,,,,,,4.879e-4,,,,,,,,,3.530e-18,,,,,,,,,,,,,,
874.39,2.561e-1,7.163e-19,1.019e-22,,,,,1.077e-17,9.775e-4,,2.590e-2,,1.524e-24,8.329e-17,1.877e-20,,4.769e-19,,,,,,2.038e-1,,2.378e-26,,,,4.162e-6,3.574e-16,2.504e-2,,,,,,4.091e-4,,,,,,,,,3.521e-18,,,,,,,,,,,,,,
874.41,2.503e-1,7.147e-19,1.306e-22,,,,,1.077e-17,9.859e-4,,2.997e-2,,1.183e-24,8.316e-17,1.877e-20,,4.771e-19,,,,,,1.945e-1,,2.379e-26,,,,4.716e-6,2.699e-16,2.455e-2,,,,,,3.633e-4,,,,,,,,,3.515e-18,,,,,,,,,,,,,,
874.44,2.433e-1,7.123e-19,1.890e-22,,,,,1.078e-17,9.967e-4,,3.722e-2,,8.084e-25,8.296e-17,1.877e-20,,4.774e-19,,,,,,1.810e-1,,2.381e-26,,,,5.679e-6,1.768e-16,2.378e-2,,,,,,3.034e-4,,,,,,,,,3.506e-18,,,,,,,,,,,,,,
874.46,2.398e-1,7.107e-19,2.416e-22,,,,,1.078e-17,1.003e-3,,4.295e-2,,6.263e-25,8.283e-17,1.878e-20,,4.776e-19,,,,,,1.723e-1,,2.382e-26,,,,6.421e-6,1.332e-16,2.326e-2,,,,,,2.688e-4,,,,,,,,,3.500e-18,,,,,,,,,,,,,,
874.49,2.366e-1,7.082e-19,3.484e-22,,,,,1.079e-17,1.010e-3,,5.314e-2,,4.262e-25,8.264e-17,1.878e-20,,4.779e-19,,,,,,1.598e-1,,2.383e-26,,,,7.705e-6,,2.246e-2,,,,,,2.237e-4,,,,,,,,,3.491e-18,,,,,,,,,,,,,,
874.51,2.360e-1,7.066e-19,4.442e-22,,,,,1.079e-17,1.013e-3,,6.117e-2,,3.294e-25,8.251e-17,1.878e-20,,4.781e-19,,,,,,1.517e-1,,2.385e-26,,,,8.690e-6,,2.192e-2,,,,,,1.976e-4,,,,,,,,,3.485e-18,,,,,,,,,,,,,,
874.54,2.378e-1,7.042e-19,6.383e-22,,,,,1.080e-17,1.017e-3,,7.541e-2,,2.233e-25,8.232e-17,1.879e-20,,4.784e-19,,,,,,1.401e-1,,2.386e-26,,,,1.039e-5,,2.109e-2,,,,,,1.638e-4,,,,,,,,,3.476e-18,,,,,,,,,,,,,,
874.56,2.411e-1,7.026e-19,8.118e-22,,,,,1.080e-17,1.018e-3,,8.659e-2,,1.721e-25,8.219e-17,1.879e-20,,4.785e-19,,,,,,1.328e-1,,2.387e-26,,,,1.169e-5,,2.054e-2,,,,,,1.444e-4,,,,,,,,,3.470e-18,,,,,,,,,,,,,,
874.58,2.461e-1,7.010e-19,1.031e-21,,,,,1.081e-17,1.018e-3,,9.934e-2,,1.325e-25,8.206e-17,1.879e-20,,4.787e-19,,,,,,1.256e-1,,2.388e-26,,,,1.314e-5,,1.998e-2,,,,,,1.271e-4,,,,,,,,,3.464e-18,,,,,,,,,,,,,,
874.61,2.575e-1,6.986e-19,1.474e-21,,,,,1.081e-17,1.016e-3,,1.218e-1,,8.938e-26,8.187e-17,1.879e-20,,4.790e-19,,,,,,1.154e-1,,2.390e-26,,,,1.563e-5,,1.913e-2,,,,,,1.048e-4,,,,,,,,,3.455e-18,,,,,,,,,,,,,,
874.63,2.681e-1,6.970e-19,1.869e-21,,,,,1.082e-17,1.013e-3,,1.394e-1,,6.865e-26,8.174e-17,1.880e-20,,4.792e-19,,,,,,1.090e-1,,2.391e-26,,,,1.752e-5,,1.856e-2,,,,,,9.208e-5,,,,,,,,,3.449e-18,,,,,,,,,,,,,,
874.66,2.889e-1,6.946e-19,2.661e-21,,,,,1.082e-17,1.008e-3,,1.703e-1,,4.612e-26,8.154e-17,1.880e-20,,4.795e-19,,,,,,9.975e-2,,2.393e-26,,,,2.076e-5,,1.771e-2,,,,,,7.565e-5,,,,,,,,,3.440e-18,,,,,,,,,,,,,,
874.68,3.066e-1,6.930e-19,3.365e-21,,,,,1.083e-17,1.003e-3,,1.944e-1,,3.534e-26,8.141e-17,1.880e-20,,4.797e-19,,,,,,9.393e-2,,2.394e-26,,,,2.322e-5,,1.714e-2,,,,,,6.627e-5,,,,,,,,,3.434e-18,,,,,,,,,,,,,,
874.71,3.397e-1,6.906e-19,4.774e-21,,,,,1.083e-17,9.933e-4,,2.367e-1,,2.365e-26,8.122e-17,1.880e-20,,4.799e-19,,,,,,8.566e-2,,2.395e-26,,,,2.742e-5,,1.630e-2,,,,,,5.424e-5,,,,,,,,,3.425e-18,,,,,,,,,,,,,,
874.73,3.668e-1,6.889e-19,6.021e-21,,,,,1.084e-17,9.859e-4,,2.695e-1,,1.807e-26,8.109e-17,1.881e-20,,4.801e-19,,,,,,8.045e-2,,2.396e-26,,,,3.059e-5,,1.574e-2,,,,,,4.740e-5,,,,,,,,,3.419e-18,,,,,,,,,,,,,,
874.76,4.159e-1,6.865e-19,8.512e-21,,,,,1.085e-17,9.730e-4,,3.269e-1,,1.205e-26,8.090e-17,1.881e-20,,4.804e-19,,,,,,7.310e-2,,2.398e-26,,,,3.598e-5,,1.491e-2,,,,,,3.865e-5,,,,,,,,,3.410e-18,,,,,,,,,,,,,,
874.78,4.552e-1,6.849e-19,1.071e-20,,,,,1.085e-17,9.633e-4,,3.713e-1,,9.187e-27,8.077e-17,1.881e-20,,4.806e-19,,,,,,6.848e-2,,2.399e-26,,,,4.004e-5,,1.436e-2,,,,,,3.369e-5,,,,,,,,,3.404e-18,,,,,,,,,,,,,,
874.81,5.252e-1,6.825e-19,1.508e-20,,,,,1.086e-17,9.472e-4,,4.486e-1,,6.102e-27,8.057e-17,1.881e-20,,4.809e-19,,,,,,6.199e-2,,2.401e-26,,,,4.692e-5,,1.356e-2,,,,,,2.736e-5,,,,,,,,,3.395e-18,,,,,,,,,,,,,,
874.83,5.803e-1,6.809e-19,1.893e-20,,,,,1.086e-17,9.354e-4,,5.084e-1,,4.640e-27,8.044e-17,1.882e-20,,4.811e-19,,,,,,5.793e-2,,2.402e-26,,,,5.209e-5,,1.303e-2,,,,,,2.379e-5,,,,,,,,,3.389e-18,,,,,,,,,,,,,,
874.86,6.775e-1,6.785e-19,2.656e-20,,,,,1.087e-17,9.163e-4,,6.120e-1,,3.070e-27,8.025e-17,1.882e-20,,4.813e-19,,,,,,5.224e-2,,2.403e-26,,,,6.081e-5,,1.225e-2,,,,,,1.925e-5,,,,,,,,,3.380e-18,,,,,,,,,,,,,,
874.88,7.531e-1,6.769e-19,3.325e-20,,,,,1.087e-17,9.027e-4,,6.917e-1,,2.329e-27,8.012e-17,1.882e-20,,4.815e-19,,,,,,4.870e-2,,2.404e-26,,,,6.735e-5,,1.174e-2,,,,,,1.670e-5,,,,,,,,,3.374e-18,,,,,,,,,,,,,,
874.91,8.854e-1,6.745e-19,4.648e-20,,,,,1.088e-17,8.809e-4,,8.297e-1,,1.535e-27,7.993e-17,1.883e-20,,4.818e-19,,,,,,4.375e-2,,2.406e-26,,,,7.833e-5,,1.100e-2,,,,,,1.346e-5,,,,,,,,,3.365e-18,,,,,,,,,,,,,,
874.93,9.876e-1,6.729e-19,5.804e-20,,,,,1.088e-17,8.657e-4,,9.354e-1,,1.161e-27,7.980e-17,1.883e-20,,4.820e-19,,,,,,4.068e-2,,2.407e-26,,,,8.653e-5,,1.052e-2,,,,,,1.165e-5,,,,,,,,,3.359e-18,,,,,,,,,,,,,,
874.95,1.102e+0,6.713e-19,7.241e-20,,,,,1.088e-17,8.498e-4,,1.054e+0,,8.777e-28,7.967e-17,1.883e-20,,4.822e-19,,,,,,3.779e-2,,2.408e-26,,,,9.549e-5,,1.005e-2,,,,,,1.006e-5,,,,,,,,,3.353e-18,,,,,,,,,,,,,,
874.98,1.301e+0,6.688e-19,1.007e-19,,,,,1.089e-17,8.250e-4,,1.257e+0,,4.283e-28,7.948e-17,1.883e-20,,4.825e-19,,,,,,3.377e-2,,2.410e-26,,,,1.105e-4,,9.367e-3,,,,,,8.071e-6,,,,,,,,,3.344e-18,,,,,,,,,,,,,,
875,1.454e+0,6.672e-19,1.253e-19,,,,,1.089e-17,8.078e-4,,1.413e+0,,3.231e-28,7.935e-17,1.884e-20,,4.826e-19,,,,,,3.129e-2,,2.411e-26,,,,1.216e-4,,8.927e-3,,,,,,6.958e-6,,,,,,,,,3.338e-18,,,,,,,,,,,,,,
875.03,1.716e+0,6.648e-19,1.736e-19,,,,,1.657e-17,7.813e-4,,1.679e+0,,,7.915e-17,1.884e-20,,4.829e-19,,,,,,2.786e-2,,2.412e-26,,,,1.402e-4,,8.289e-3,,,,,,5.559e-6,,,,,,,,,3.329e-18,,,,,,,,,,,,,,
875.05,1.917e+0,6.632e-19,2.156e-19,,,,,2.188e-17,7.631e-4,,1.882e+0,,,7.902e-17,1.884e-20,,4.831e-19,,,,,,2.575e-2,,2.413e-26,,,,1.539e-4,,7.879e-3,,,,,,4.780e-6,,,,,,,,,3.323e-18,,,,,,,,,,,,,,
875.08,2.260e+0,6.608e-19,2.976e-19,,,,,3.315e-17,7.353e-4,,2.229e+0,,,7.883e-17,1.884e-20,,4.834e-19,,,,,,2.284e-2,,2.415e-26,,,,1.768e-4,,7.289e-3,,,,,,3.804e-6,,,,,,,,,3.314e-18,,,,,,,,,,,,,,
875.1,2.521e+0,6.592e-19,3.685e-19,,,,,4.368e-17,7.164e-4,,2.492e+0,,,7.870e-17,1.885e-20,,4.836e-19,,,,,,2.106e-2,,2.416e-26,,,,1.937e-4,,6.912e-3,,,,,,3.263e-6,,,,,,,,,3.308e-18,,,,,,,,,,,,,,
875.13,2.967e+0,6.568e-19,5.068e-19,,,,,6.593e-17,6.877e-4,,2.941e+0,,,7.851e-17,1.885e-20,,4.839e-19,,,,,,1.860e-2,,2.418e-26,,,,2.216e-4,,6.370e-3,,,,,,2.587e-6,,,,,,,,,3.299e-18,,,,,,,,,,,,,,
875.15,3.304e+0,6.552e-19,6.260e-19,,,,,8.665e-17,6.684e-4,,3.280e+0,,,7.838e-17,1.885e-20,,4.840e-19,,,,,,1.711e-2,,2.419e-26,,,,2.421e-4,,6.025e-3,,,,,,2.214e-6,,,,,,,,,3.293e-18,,,,,,,,,,,,,,
875.18,3.878e+0,6.528e-19,8.579e-19,,,,,1.303e-16,6.392e-4,,3.857e+0,,,7.818e-17,1.886e-20,,4.843e-19,,,,,,1.506e-2,,2.420e-26,,,,2.760e-4,,5.533e-3,,,,,,1.749e-6,,,,,,,,,3.284e-18,,,,,,,,,,,,,,
875.2,4.311e+0,6.511e-19,1.057e-18,,,,,1.708e-16,6.197e-4,,4.291e+0,,,7.805e-17,1.886e-20,,4.845e-19,,,,,,1.382e-2,,2.421e-26,,,,3.008e-4,,5.220e-3,,,,,,1.492e-6,,,,,,,,,3.278e-18,,,,,,,,,,,,,,
875.23,5.043e+0,6.487e-19,1.443e-18,,,,,2.560e-16,5.904e-4,,5.026e+0,,,7.786e-17,1.886e-20,,4.848e-19,,,,,,1.212e-2,,2.423e-26,,,,3.416e-4,,4.775e-3,,,,,,1.174e-6,,,,,,,,,3.269e-18,,,,,,,,,,,,,,
875.25,5.594e+0,6.471e-19,1.774e-18,,,,,3.348e-16,5.710e-4,,5.577e+0,,,7.773e-17,1.886e-20,,4.850e-19,,,,,,1.109e-2,,2.424e-26,,,,3.714e-4,,4.494e-3,,,,,,9.998e-7,,,,,,,,,3.263e-18,,,,,,,,,,,,,,
875.28,6.523e+0,6.447e-19,2.413e-18,,,,,4.998e-16,5.419e-4,,6.509e+0,,,7.754e-17,1.887e-20,,4.853e-19,,,,,,9.688e-3,,2.426e-26,,,,4.202e-4,,4.096e-3,,,,,,7.838e-7,,,,,,,,,3.254e-18,,,,,,,,,,,,,,
875.3,7.219e+0,6.431e-19,2.958e-18,,,,,6.520e-16,5.228e-4,,7.206e+0,,,7.741e-17,1.887e-20,,4.854e-19,,,,,,8.843e-3,,2.427e-26,,,,4.557e-4,,3.845e-3,,,,,,6.656e-7,,,,,,,,,3.248e-18,,,,,,,,,,,,,,
875.32,7.982e+0,6.415e-19,3.624e-18,,,,,8.498e-16,5.038e-4,,7.969e+0,,,7.728e-17,1.887e-20,,4.856e-19,,,,,,8.063e-3,,2.428e-26,,,,4.937e-4,,3.606e-3,,,,,,5.646e-7,,,,,,,,,3.242e-18,,,,,,,,,,,,,,
875.35,9.263e+0,6.391e-19,4.903e-18,,,,,1.262e-15,4.757e-4,,9.252e+0,,,7.708e-17,1.887e-20,,4.859e-19,,,,,,7.008e-3,,2.429e-26,,,,5.557e-4,,3.270e-3,,,,,,4.403e-7,,,,,,,,,3.233e-18,,,,,,,,,,,,,,
875.37,1.022e+1,6.375e-19,5.991e-18,,,,,1.641e-15,4.572e-4,,1.021e+1,,,7.696e-17,1.888e-20,,4.861e-19,,,,,,6.374e-3,,2.430e-26,,,,6.005e-4,,3.059e-3,,,,,,3.726e-7,,,,,,,,,3.227e-18,,,,,,,,,,,,,,
875.4,1.182e+1,6.351e-19,8.077e-18,,,,,2.428e-15,4.301e-4,,1.181e+1,,,7.676e-17,1.888e-20,,4.864e-19,,,,,,5.519e-3,,2.432e-26,,,,6.734e-4,,2.763e-3,,,,,,2.894e-7,,,,,,,,,3.218e-18,,,,,,,,,,,,,,
875.42,1.300e+1,6.335e-19,9.844e-18,,,,,3.148e-15,4.124e-4,,1.299e+1,,,7.663e-17,1.888e-20,,4.866e-19,,,,,,5.008e-3,,2.433e-26,,,,7.260e-4,,2.578e-3,,,,,,2.443e-7,,,,,,,,,3.212e-18,,,,,,,,,,,,,,
875.45,1.498e+1,6.310e-19,1.322e-17,,,,,4.641e-15,3.865e-4,,1.497e+1,,,7.644e-17,1.889e-20,,4.868e-19,,,,,,4.320e-3,,2.435e-26,,,,8.111e-4,,2.320e-3,,,,,,1.891e-7,,,,,,,,,3.203e-18,,,,,,,,,,,,,,
875.47,1.644e+1,6.294e-19,1.608e-17,,,,,6.004e-15,3.697e-4,,1.644e+1,,,7.631e-17,1.889e-20,,4.870e-19,,,,,,3.909e-3,,2.436e-26,,,,8.722e-4,,2.160e-3,,,,,,1.592e-7,,,,,,,,,3.197e-18,,,,,,,,,,,,,,
875.5,1.888e+1,6.270e-19,2.151e-17,,,,,8.819e-15,3.451e-4,,1.887e+1,,,7.612e-17,1.889e-20,,4.873e-19,,,,,,3.359e-3,,2.437e-26,,,,9.708e-4,,1.936e-3,,,,,,1.228e-7,,,,,,,,,3.188e-18,,,,,,,,,,,,,,
875.52,2.067e+1,6.254e-19,2.609e-17,,,,,1.138e-14,3.293e-4,,2.067e+1,,,7.599e-17,1.889e-20,,4.875e-19,,,,,,3.033e-3,,2.438e-26,,,,1.041e-3,,1.798e-3,,,,,,1.031e-7,,,,,,,,,3.182e-18,,,,,,,,,,,,,,
875.55,2.364e+1,6.230e-19,3.479e-17,,,,,1.665e-14,3.063e-4,,2.364e+1,,,7.579e-17,1.890e-20,,4.878e-19,,,,,,2.596e-3,,2.440e-26,,,,1.155e-3,,1.605e-3,,,,,,7.919e-8,,,,,,,,,3.173e-18,,,,,,,,,,,,,,
875.57,2.583e+1,6.214e-19,4.209e-17,,,,,2.144e-14,2.915e-4,,2.582e+1,,,7.566e-17,1.890e-20,,4.880e-19,,,,,,2.338e-3,,2.441e-26,,,,1.236e-3,,1.487e-3,,,,,,6.634e-8,,,,,,,,,3.167e-18,,,,,,,,,,,,,,
875.6,2.943e+1,6.190e-19,5.590e-17,,,,,3.126e-14,2.701e-4,,2.943e+1,,,7.547e-17,1.890e-20,,4.883e-19,,,,,,1.994e-3,,2.443e-26,,,,1.365e-3,,1.323e-3,,,,,,5.077e-8,,,,,,,,,3.158e-18,,,,,,,,,,,,,,
875.62,3.207e+1,6.174e-19,6.747e-17,,,,,4.014e-14,2.564e-4,,3.207e+1,,,7.534e-17,1.890e-20,,4.884e-19,,,,,,1.791e-3,,2.444e-26,,,,1.457e-3,,1.222e-3,,,,,,4.242e-8,,,,,,,,,3.152e-18,,,,,,,,,,,,,,
875.65,3.642e+1,6.150e-19,8.929e-17,,,,,5.830e-14,2.367e-4,,3.641e+1,,,7.515e-17,1.891e-20,,4.887e-19,,,,,,1.522e-3,,2.445e-26,,,,1.604e-3,,1.083e-3,,,,,,3.234e-8,,,,,,,,,3.143e-18,,,,,,,,,,,,,,
875.67,3.958e+1,6.134e-19,1.075e-16,,,,,7.468e-14,2.242e-4,,3.958e+1,,,7.502e-17,1.891e-20,,4.889e-19,,,,,,1.364e-3,,2.446e-26,,,,1.707e-3,,9.985e-4,,,,,,2.696e-8,,,,,,,,,3.137e-18,,,,,,,,,,,,,,
875.7,4.478e+1,6.109e-19,1.417e-16,,,,,1.081e-13,2.062e-4,,4.477e+1,,,7.482e-17,1.891e-20,,4.892e-19,,,,,,1.155e-3,,2.448e-26,,,,1.872e-3,,8.818e-4,,,,,,2.047e-8,,,,,,,,,3.128e-18,,,,,,,,,,,,,,
875.72,4.855e+1,6.093e-19,1.702e-16,,,,,1.381e-13,1.948e-4,,4.855e+1,,,7.469e-17,1.892e-20,,4.894e-19,,,,,,1.032e-3,,2.449e-26,,,,1.988e-3,,8.106e-4,,,,,,1.702e-8,,,,,,,,,3.122e-18,,,,,,,,,,,,,,
875.74,5.259e+1,6.077e-19,2.042e-16,,,,,1.763e-13,1.838e-4,,5.259e+1,,,7.456e-17,1.892e-20,,4.896e-19,,,,,,9.213e-4,,2.450e-26,,,,2.110e-3,,7.445e-4,,,,,,1.414e-8,,,,,,,,,3.116e-18,,,,,,,,,,,,,,
875.77,5.919e+1,6.053e-19,2.678e-16,,,,,2.538e-13,1.681e-4,,5.918e+1,,,7.437e-17,1.892e-20,,4.898e-19,,,,,,7.758e-4,,2.452e-26,,,,2.301e-3,,6.540e-4,,,,,,1.068e-8,,,,,,,,,3.107e-18,,,,,,,,,,,,,,
875.79,6.396e+1,6.037e-19,3.205e-16,,,,,3.232e-13,1.583e-4,,6.395e+1,,,7.424e-17,1.892e-20,,4.900e-19,,,,,,6.909e-4,,2.453e-26,,,,2.435e-3,,5.991e-4,,,,,,8.849e-9,,,,,,,,,3.101e-18,,,,,,,,,,,,,,
875.82,7.171e+1,6.013e-19,4.189e-16,,,,,4.636e-13,1.443e-4,,7.171e+1,,,7.405e-17,1.893e-20,,4.903e-19,,,,,,5.796e-4,,2.454e-26,,,,2.647e-3,,5.243e-4,,,,,,6.660e-9,,,,,,,,,3.092e-18,,,,,,,,,,,,,,
875.84,7.730e+1,5.997e-19,5.001e-16,,,,,5.889e-13,1.354e-4,,7.729e+1,,,7.392e-17,1.893e-20,,4.905e-19,,,,,,5.149e-4,,2.455e-26,,,,2.794e-3,,4.791e-4,,,,,,5.504e-9,,,,,,,,,3.086e-18,,,,,,,,,,,,,,
875.87,8.634e+1,5.973e-19,6.511e-16,,,,,8.416e-13,1.230e-4,,8.634e+1,,,7.372e-17,1.893e-20,,4.908e-19,,,,,,4.304e-4,,2.457e-26,,,,3.025e-3,,4.177e-4,,,,,,4.127e-9,,,,,,,,,3.077e-18,,,,,,,,,,,,,,
875.89,9.284e+1,5.957e-19,7.754e-16,,,,,1.066e-12,1.152e-4,,9.284e+1,,,7.360e-17,1.893e-20,,4.910e-19,,,,,,3.814e-4,,2.458e-26,,,,3.186e-3,,3.808e-4,,,,,,3.402e-9,,,,,,,,,3.071e-18,,,,,,,,,,,,,,
875.92,1.033e+2,5.932e-19,1.006e-15,,,,,1.518e-12,1.042e-4,,1.033e+2,,,7.340e-17,1.894e-20,,4.912e-19,,,,,,3.176e-4,,2.460e-26,,,,3.437e-3,,3.307e-4,,,,,,2.541e-9,,,,,,,,,3.062e-18,,,,,,,,,,,,,,
875.94,1.108e+2,5.916e-19,1.195e-15,,,,,1.919e-12,9.736e-5,,1.108e+2,,,7.327e-17,1.894e-20,,4.914e-19,,,,,,2.807e-4,,2.461e-26,,,,3.610e-3,,3.007e-4,,,,,,2.090e-9,,,,,,,,,3.056e-18,,,,,,,,,,,,,,
875.97,1.229e+2,5.892e-19,1.544e-15,,,,,2.723e-12,8.775e-5,,1.229e+2,,,7.308e-17,1.894e-20,,4.917e-19,,,,,,2.328e-4,,2.462e-26,,,,3.880e-3,,2.602e-4,,,,,,1.555e-9,,,,,,,,,3.047e-18,,,,,,,,,,,,,,
875.99,1.315e+2,5.876e-19,1.830e-15,,,,,3.433e-12,8.178e-5,,1.315e+2,,,7.295e-17,1.894e-20,,4.919e-19,,,,,,2.053e-4,,2.463e-26,,,,4.066e-3,,2.360e-4,,,,,,1.275e-9,,,,,,,,,3.041e-18,,,,,,,,,,,,,,
876.02,1.453e+2,5.852e-19,2.356e-15,,,,,4.852e-12,7.343e-5,,1.453e+2,,,7.276e-17,1.895e-20,,4.922e-19,,,,,,1.697e-4,,2.465e-26,,,,4.353e-3,,2.035e-4,,,,,,9.456e-10,,,,,,,,,3.032e-18,,,,,,,,,,,,,,
876.04,1.550e+2,5.836e-19,2.785e-15,,,,,6.103e-12,6.826e-5,,1.550e+2,,,7.263e-17,1.895e-20,,4.924e-19,,,,,,1.492e-4,,2.466e-26,,,,4.550e-3,,1.841e-4,,,,,,7.737e-10,,,,,,,,,3.026e-18,,,,,,,,,,,,,,
876.07,1.706e+2,5.812e-19,3.573e-15,,,,,8.593e-12,6.106e-5,,1.706e+2,,,7.243e-17,1.895e-20,,4.926e-19,,,,,,1.229e-4,,2.468e-26,,,,4.854e-3,,1.581e-4,,,,,,5.714e-10,,,,,,,,,3.017e-18,,,,,,,,,,,,,,
876.09,1.817e+2,5.796e-19,4.213e-15,,,,,1.078e-11,5.662e-5,,1.817e+2,,,7.230e-17,1.896e-20,,4.928e-19,,,,,,1.078e-4,,2.469e-26,,,,5.061e-3,,1.427e-4,,,,,,4.663e-10,,,,,,,,,3.011e-18,,,,,,,,,,,,,,
876.11,1.932e+2,5.780e-19,4.963e-15,,,,,1.352e-11,5.245e-5,,1.932e+2,,,7.217e-17,1.896e-20,,4.930e-19,,,,,,9.447e-5,,2.470e-26,,,,5.271e-3,,1.286e-4,,,,,,3.802e-10,,,,,,,,,3.005e-18,,,,,,,,,,,,,,
876.14,2.116e+2,5.756e-19,6.334e-15,,,,,1.893e-11,4.667e-5,,2.116e+2,,,7.198e-17,1.896e-20,,4.933e-19,,,,,,7.736e-5,,2.471e-26,,,,5.594e-3,,1.099e-4,,,,,,2.793e-10,,,,,,,,,2.996e-18,,,,,,,,,,,,,,
876.16,2.245e+2,5.739e-19,7.443e-15,,,,,2.367e-11,4.313e-5,,2.245e+2,,,7.185e-17,1.896e-20,,4.935e-19,,,,,,6.764e-5,,2.472e-26,,,,5.812e-3,,9.882e-5,,,,,,2.271e-10,,,,,,,,,2.990e-18,,,,,,,,,,,,,,
876.19,2.449e+2,5.715e-19,9.464e-15,,,,,3.304e-11,3.823e-5,,2.449e+2,,,7.166e-17,1.897e-20,,4.938e-19,,,,,,5.518e-5,,2.474e-26,,,,6.144e-3,,8.411e-5,,,,,,1.663e-10,,,,,,,,,2.981e-18,,,,,,,,,,,,,,
876.21,2.592e+2,5.699e-19,1.109e-14,,,,,4.121e-11,3.524e-5,,2.592e+2,,,7.153e-17,1.897e-20,,4.939e-19,,,,,,4.812e-5,,2.475e-26,,,,6.369e-3,,7.545e-5,,,,,,1.349e-10,,,,,,,,,2.975e-18,,,,,,,,,,,,,,
876.24,2.817e+2,5.675e-19,1.405e-14,,,,,5.730e-11,3.112e-5,,2.817e+2,,,7.133e-17,1.897e-20,,4.942e-19,,,,,,3.912e-5,,2.477e-26,,,,6.708e-3,,6.398e-5,,,,,,9.833e-11,,,,,,,,,2.966e-18,,,,,,,,,,,,,,
876.26,2.974e+2,5.659e-19,1.643e-14,,,,,7.129e-11,2.861e-5,,2.974e+2,,,7.121e-17,1.897e-20,,4.944e-19,,,,,,3.403e-5,,2.478e-26,,,,6.935e-3,,5.725e-5,,,,,,7.956e-11,,,,,,,,,2.960e-18,,,,,,,,,,,,,,
876.29,3.221e+2,5.635e-19,2.074e-14,,,,,9.877e-11,2.518e-5,,3.221e+2,,,7.101e-17,1.898e-20,,4.947e-19,,,,,,2.755e-5,,2.479e-26,,,,7.277e-3,,4.836e-5,,,,,,5.780e-11,,,,,,,,,2.951e-18,,,,,,,,,,,,,,
876.31,3.392e+2,5.619e-19,2.419e-14,,,,,1.226e-10,2.309e-5,,3.392e+2,,,7.088e-17,1.898e-20,,4.949e-19,,,,,,2.391e-5,,2.480e-26,,,,7.505e-3,,4.317e-5,,,,,,4.665e-11,,,,,,,,,2.945e-18,,,,,,,,,,,,,,
876.34,3.659e+2,5.595e-19,3.042e-14,,,,,1.692e-10,2.024e-5,,3.659e+2,,,7.069e-17,1.898e-20,,4.952e-19,,,,,,1.929e-5,,2.482e-26,,,,7.846e-3,,3.633e-5,,,,,,3.376e-11,,,,,,,,,2.936e-18,,,,,,,,,,,,,,
876.36,3.844e+2,5.579e-19,3.540e-14,,,,,2.095e-10,1.852e-5,,3.844e+2,,,7.056e-17,1.899e-20,,4.953e-19,,,,,,1.669e-5,,2.483e-26,,,,8.071e-3,,3.235e-5,,,,,,2.718e-11,,,,,,,,,2.930e-18,,,,,,,,,,,,,,
876.39,4.132e+2,5.554e-19,4.435e-14,,,,,2.881e-10,1.617e-5,,4.132e+2,,,7.037e-17,1.899e-20,,4.956e-19,,,,,,1.342e-5,,2.485e-26,,,,8.406e-3,,2.712e-5,,,,,,1.960e-11,,,,,,,,,2.921e-18,,,,,,,,,,,,,,
876.41,4.330e+2,5.538e-19,5.147e-14,,,,,3.558e-10,1.476e-5,,4.330e+2,,,7.024e-17,1.899e-20,,4.958e-19,,,,,,1.158e-5,,2.486e-26,,,,8.627e-3,,2.409e-5,,,,,,1.574e-11,,,,,,,,,2.915e-18,,,,,,,,,,,,,,
876.44,4.637e+2,5.514e-19,6.425e-14,,,,,4.874e-10,1.284e-5,,4.637e+2,,,7.004e-17,1.899e-20,,4.961e-19,,,,,,9.275e-6,,2.487e-26,,,,8.951e-3,,2.012e-5,,,,,,1.130e-11,,,,,,,,,2.906e-18,,,,,,,,,,,,,,
876.46,4.848e+2,5.498e-19,7.439e-14,,,,,6.006e-10,1.169e-5,,4.848e+2,,,6.991e-17,1.900e-20,,4.963e-19,,,,,,7.988e-6,,2.488e-26,,,,9.163e-3,,1.782e-5,,,,,,9.053e-12,,,,,,,,,2.900e-18,,,,,,,,,,,,,,
876.48,5.063e+2,5.482e-19,8.605e-14,,,,,7.392e-10,1.063e-5,,5.063e+2,,,6.978e-17,1.900e-20,,4.965e-19,,,,,,6.872e-6,,2.490e-26,,,,9.371e-3,,1.577e-5,,,,,,7.245e-12,,,,,,,,,2.894e-18,,,,,,,,,,,,,,
876.51,5.394e+2,5.458e-19,1.069e-13,,,,,1.007e-9,9.199e-6,,5.394e+2,,,6.959e-17,1.900e-20,,4.967e-19,,,,,,5.473e-6,,2.491e-26,,,,9.673e-3,,1.311e-5,,,,,,5.176e-12,,,,,,,,,2.885e-18,,,,,,,,,,,,,,
876.53,5.619e+2,5.442e-19,1.233e-13,,,,,1.237e-9,8.344e-6,,5.619e+2,,,6.946e-17,1.900e-20,,4.969e-19,,,,,,4.697e-6,,2.492e-26,,,,9.867e-3,,1.157e-5,,,,,,4.132e-12,,,,,,,,,2.879e-18,,,,,,,,,,,,,,
876.56,5.964e+2,5.418e-19,1.525e-13,,,,,1.680e-9,7.195e-6,,5.964e+2,,,6.927e-17,1.901e-20,,4.972e-19,,,,,,3.727e-6,,2.494e-26,,,,1.015e-2,,9.578e-6,,,,,,2.941e-12,,,,,,,,,2.870e-18,,,,,,,,,,,,,,
876.58,6.198e+2,5.402e-19,1.756e-13,,,,,2.057e-9,6.510e-6,,6.198e+2,,,6.914e-17,1.901e-20,,4.974e-19,,,,,,3.191e-6,,2.495e-26,,,,1.033e-2,,8.434e-6,,,,,,2.341e-12,,,,,,,,,2.864e-18,,,,,,,,,,,,,,
876.61,6.554e+2,5.378e-19,2.164e-13,,,,,2.783e-9,5.592e-6,,6.554e+2,,,6.894e-17,1.901e-20,,4.977e-19,,,,,,2.522e-6,,2.496e-26,,,,1.058e-2,,6.956e-6,,,,,,1.660e-12,,,,,,,,,2.855e-18,,,,,,,,,,,,,,
876.63,6.794e+2,5.361e-19,2.485e-13,,,,,3.400e-9,5.047e-6,,6.794e+2,,,6.881e-17,1.902e-20,,4.979e-19,,,,,,2.154e-6,,2.498e-26,,,,1.074e-2,,6.110e-6,,,,,,1.319e-12,,,,,,,,,2.849e-18,,,,,,,,,,,,,,
876.66,7.158e+2,5.337e-19,3.052e-13,,,,,4.584e-9,4.319e-6,,7.158e+2,,,6.862e-17,1.902e-20,,4.981e-19,,,,,,1.696e-6,,2.499e-26,,,,1.096e-2,,5.020e-6,,,,,,9.315e-13,,,,,,,,,2.840e-18,,,,,,,,,,,,,,
876.68,7.402e+2,5.321e-19,3.495e-13,,,,,5.586e-9,3.889e-6,,7.402e+2,,,6.849e-17,1.902e-20,,4.983e-19,,,,,,1.445e-6,,2.500e-26,,,,1.110e-2,,4.398e-6,,,,,,7.380e-13,,,,,,,,,2.834e-18,,,,,,,,,,,,,,
876.71,7.770e+2,5.297e-19,4.277e-13,,,,,7.502e-9,3.316e-6,,7.770e+2,,,6.830e-17,1.902e-20,,4.986e-19,,,,,,1.134e-6,,2.502e-26,,,,1.129e-2,,3.600e-6,,,,,,5.194e-13,,,,,,,,,2.825e-18,,,,,,,,,,,,,,
876.73,8.015e+2,5.281e-19,4.887e-13,,,,,9.120e-9,2.978e-6,,8.015e+2,,,6.817e-17,1.903e-20,,4.988e-19,,,,,,9.630e-7,,2.503e-26,,,,1.140e-2,,3.146e-6,,,,,,4.104e-13,,,,,,,,,2.819e-18,,,,,,,,,,,,,,
876.76,8.382e+2,5.257e-19,5.957e-13,,,,,1.220e-8,2.529e-6,,8.382e+2,,,6.797e-17,1.903e-20,,4.991e-19,,,,,,7.528e-7,,2.504e-26,,,,1.155e-2,,2.566e-6,,,,,,2.877e-13,,,,,,,,,2.810e-18,,,,,,,,,,,,,,
876.78,8.625e+2,5.241e-19,6.790e-13,,,,,1.480e-8,2.266e-6,,8.625e+2,,,6.785e-17,1.903e-20,,4.993e-19,,,,,,6.380e-7,,2.506e-26,,,,1.163e-2,,2.237e-6,,,,,,2.268e-13,,,,,,,,,2.804e-18,,,,,,,,,,,,,,
876.81,8.987e+2,5.217e-19,8.246e-13,,,,,1.973e-8,1.917e-6,,8.987e+2,,,6.765e-17,1.903e-20,,4.996e-19,,,,,,4.968e-7,,2.507e-26,,,,1.174e-2,,1.817e-6,,,,,,1.584e-13,,,,,,,,,2.795e-18,,,,,,,,,,,,,,
876.83,9.225e+2,5.201e-19,9.376e-13,,,,,2.386e-8,1.713e-6,,9.224e+2,,,6.752e-17,1.904e-20,,4.997e-19,,,,,,4.200e-7,,2.508e-26,,,,1.180e-2,,1.580e-6,,,,,,1.246e-13,,,,,,,,,2.789e-18,,,,,,,,,,,,,,
876.85,9.459e+2,5.185e-19,1.065e-12,,,,,2.884e-8,1.529e-6,,9.459e+2,,,6.739e-17,1.904e-20,,4.999e-19,,,,,,3.547e-7,,2.509e-26,,,,1.185e-2,,1.373e-6,,,,,,9.784e-14,,,,,,,,,2.783e-18,,,,,,,,,,,,,,
876.88,9.805e+2,5.160e-19,1.287e-12,,,,,3.825e-8,1.287e-6,,9.805e+2,,,6.720e-17,1.904e-20,,5.002e-19,,,,,,2.747e-7,,2.511e-26,,,,1.190e-2,,1.110e-6,,,,,,6.798e-14,,,,,,,,,2.774e-18,,,,,,,,,,,,,,
876.9,1.003e+3,5.144e-19,1.458e-12,,,,,4.611e-8,1.146e-6,,1.003e+3,,,6.707e-17,1.904e-20,,5.004e-19,,,,,,2.314e-7,,2.512e-26,,,,1.192e-2,,9.614e-7,,,,,,5.326e-14,,,,,,,,,2.768e-18,,,,,,,,,,,,,,
876.93,1.036e+3,5.120e-19,1.755e-12,,,,,6.093e-8,9.614e-7,,1.036e+3,,,6.688e-17,1.905e-20,,5.007e-19,,,,,,1.786e-7,,2.514e-26,,,,1.192e-2,,7.741e-7,,,,,,3.687e-14,,,,,,,,,2.759e-18,,,,,,,,,,,,,,
876.95,1.057e+3,5.104e-19,1.984e-12,,,,,7.327e-8,8.539e-7,,1.057e+3,,,6.675e-17,1.905e-20,,5.009e-19,,,,,,1.501e-7,,2.515e-26,,,,1.191e-2,,6.691e-7,,,,,,2.882e-14,,,,,,,,,2.753e-18,,,,,,,,,,,,,,
876.98,1.087e+3,5.080e-19,2.380e-12,,,,,9.645e-8,7.135e-7,,1.087e+3,,,6.655e-17,1.905e-20,,5.011e-19,,,,,,1.154e-7,,2.516e-26,,,,1.187e-2,,5.367e-7,,,,,,1.988e-14,,,,,,,,,2.744e-18,,,,,,,,,,,,,,
877,1.107e+3,5.064e-19,2.683e-12,,,,,1.157e-7,6.321e-7,,1.107e+3,,,6.642e-17,1.906e-20,,5.013e-19,,,,,,9.671e-8,,2.517e-26,,,,1.183e-2,,4.628e-7,,,,,,1.550e-14,,,,,,,,,2.738e-18,,,,,,,,,,,,,,
877.03,1.135e+3,5.040e-19,3.207e-12,,,,,1.518e-7,5.262e-7,,1.135e+3,,,6.623e-17,1.906e-20,,5.016e-19,,,,,,7.408e-8,,2.519e-26,,,,1.174e-2,,3.698e-7,,,,,,1.067e-14,,,,,,,,,2.729e-18,,,,,,,,,,,,,,
877.05,1.152e+3,5.024e-19,3.607e-12,,,,,1.816e-7,4.650e-7,,1.152e+3,,,6.610e-17,1.906e-20,,5.018e-19,,,,,,6.193e-8,,2.520e-26,,,,1.167e-2,,3.181e-7,,,,,,8.307e-15,,,,,,,,,2.723e-18,,,,,,,,,,,,,,
877.08,1.177e+3,5.000e-19,4.295e-12,,,,,2.373e-7,3.856e-7,,1.176e+3,,,6.591e-17,1.906e-20,,5.021e-19,,,,,,4.726e-8,,2.522e-26,,,,1.155e-2,,2.532e-7,,,,,,5.713e-15,,,,,,,,,2.714e-18,,,,,,,,,,,,,,
877.1,1.192e+3,4.983e-19,4.819e-12,,,,,2.833e-7,3.400e-7,,1.192e+3,,,6.578e-17,1.907e-20,,5.023e-19,,,,,,3.941e-8,,2.523e-26,,,,1.145e-2,,2.172e-7,,,,,,4.458e-15,,,,,,,,,2.708e-18,,,,,,,,,,,,,,
877.13,1.212e+3,4.959e-19,5.717e-12,,,,,3.688e-7,2.809e-7,,1.212e+3,,,6.558e-17,1.907e-20,,5.025e-19,,,,,,2.996e-8,,2.524e-26,,,,1.129e-2,,1.723e-7,,,,,,3.094e-15,,,,,,,,,2.699e-18,,,,,,,,,,,,,,
877.15,1.225e+3,4.943e-19,6.399e-12,,,,,4.391e-7,2.470e-7,,1.225e+3,,,6.545e-17,1.907e-20,,5.027e-19,,,,,,2.493e-8,,2.525e-26,,,,1.116e-2,,1.475e-7,,,,,,2.447e-15,,,,,,,,,2.693e-18,,,,,,,,,,,,,,
877.18,1.242e+3,4.919e-19,7.563e-12,,,,,5.696e-7,2.033e-7,,1.242e+3,,,6.526e-17,1.908e-20,,5.030e-19,,,,,,1.888e-8,,2.527e-26,,,,1.096e-2,,1.165e-7,,,,,,1.767e-15,,,,,,,,,2.684e-18,,,,,,,,,,,,,,
877.2,1.252e+3,4.903e-19,8.445e-12,,,,,6.766e-7,1.783e-7,,1.252e+3,,,6.513e-17,1.908e-20,,5.032e-19,,,,,,1.567e-8,,2.528e-26,,,,1.081e-2,,9.949e-8,,,,,,1.467e-15,,,,,,,,,2.678e-18,,,,,,,,,,,,,,
877.22,1.260e+3,4.887e-19,9.420e-12,,,,,8.029e-7,1.563e-7,,1.260e+3,,,6.500e-17,1.908e-20,,5.034e-19,,,,,,1.299e-8,,2.529e-26,,,,1.066e-2,,8.485e-8,,,,,,1.265e-15,,,,,,,,,2.672e-18,,,,,,,,,,,,,,
877.25,1.271e+3,4.863e-19,1.108e-11,,,,,1.036e-6,1.279e-7,,1.271e+3,,,6.481e-17,1.908e-20,,5.037e-19,,,,,,9.783e-9,,2.531e-26,,,,1.041e-2,,6.672e-8,,,,,,1.121e-15,,,,,,,,,2.663e-18,,,,,,,,,,,,,,
877.27,1.277e+3,4.847e-19,1.233e-11,,,,,1.226e-6,1.118e-7,,1.277e+3,,,6.468e-17,1.909e-20,,5.038e-19,,,,,,8.090e-9,,2.532e-26,,,,1.024e-2,,5.677e-8,,,,,,1.121e-15,,,,,,,,,2.657e-18,,,,,,,,,,,,,,
877.3,1.283e+3,4.823e-19,1.444e-11,,,,,1.577e-6,9.122e-8,,1.283e+3,,,6.449e-17,1.909e-20,,5.041e-19,,,,,,6.072e-9,,2.533e-26,,,,9.962e-3,,4.450e-8,,,,,,1.265e-15,,,,,,,,,2.648e-18,,,,,,,,,,,,,,
877.32,1.285e+3,4.807e-19,1.603e-11,,,,,1.862e-6,7.954e-8,,1.285e+3,,,6.436e-17,1.909e-20,,5.043e-19,,,,,,5.008e-9,,2.534e-26,,,,9.770e-3,,3.779e-8,,,,,,1.467e-15,,,,,,,,,2.642e-18,,,,,,,,,,,,,,
877.35,1.286e+3,4.782e-19,1.871e-11,,,,,2.385e-6,6.463e-8,,1.286e+3,,,6.416e-17,1.909e-20,,5.046e-19,,,,,,3.745e-9,,2.536e-26,,,,9.473e-3,,2.954e-8,,,,,,1.958e-15,,,,,,,,,2.633e-18,,,,,,,,,,,,,,
877.37,1.286e+3,4.766e-19,2.072e-11,,,,,2.809e-6,5.622e-8,,1.286e+3,,,6.403e-17,1.910e-20,,5.048e-19,,,,,,3.081e-9,,2.537e-26,,,,9.267e-3,,2.506e-8,,,,,,2.443e-15,,,,,,,,,2.627e-18,,,,,,,,,,,,,,
877.4,1.282e+3,4.742e-19,2.410e-11,,,,,3.585e-6,4.551e-8,,1.282e+3,,,6.384e-17,1.910e-20,,5.051e-19,,,,,,2.295e-9,,2.539e-26,,,,8.951e-3,,1.958e-8,,,,,,3.482e-15,,,,,,,,,2.618e-18,,,,,,,,,,,,,,
877.42,1.278e+3,4.726e-19,2.663e-11,,,,,4.212e-6,3.949e-8,,1.278e+3,,,6.371e-17,1.910e-20,,5.052e-19,,,,,,1.884e-9,,2.540e-26,,,,8.736e-3,,1.662e-8,,,,,,4.446e-15,,,,,,,,,2.612e-18,,,,,,,,,,,,,,
877.45,1.270e+3,4.702e-19,3.086e-11,,,,,5.355e-6,3.185e-8,,1.270e+3,,,6.352e-17,1.911e-20,,5.055e-19,,,,,,1.398e-9,,2.541e-26,,,,8.406e-3,,1.303e-8,,,,,,6.447e-15,,,,,,,,,2.603e-18,,,,,,,,,,,,,,
877.47,1.263e+3,4.686e-19,3.401e-11,,,,,6.277e-6,2.756e-8,,1.263e+3,,,6.339e-17,1.911e-20,,5.057e-19,,,,,,1.144e-9,,2.542e-26,,,,8.184e-3,,1.112e-8,,,,,,8.271e-15,,,,,,,,,2.597e-18,,,,,,,,,,,,,,
877.5,1.251e+3,4.662e-19,3.927e-11,,,,,7.951e-6,2.215e-8,,1.251e+3,,,6.319e-17,1.911e-20,,5.060e-19,,,,,,8.461e-10,,2.544e-26,,,,7.846e-3,,8.842e-9,,,,,,1.202e-14,,,,,,,,,2.588e-18,,,,,,,,,,,,,,
877.52,1.241e+3,4.646e-19,4.316e-11,,,,,9.297e-6,1.912e-8,,1.241e+3,,,6.306e-17,1.911e-20,,5.062e-19,,,,,,6.910e-10,,2.545e-26,,,,7.619e-3,,7.660e-9,,,,,,1.542e-14,,,,,,,,,2.582e-18,,,,,,,,,,,,,,
877.55,1.224e+3,4.622e-19,4.966e-11,,,,,1.173e-5,1.530e-8,,1.224e+3,,,6.287e-17,1.912e-20,,5.065e-19,,,,,,5.089e-10,,2.547e-26,,,,7.277e-3,,6.310e-9,,,,,,2.236e-14,,,,,,,,,2.573e-18,,,,,,,,,,,,,,
877.57,1.211e+3,4.606e-19,5.446e-11,,,,,1.369e-5,1.318e-8,,1.211e+3,,,6.274e-17,1.912e-20,,5.066e-19,,,,,,4.146e-10,,2.548e-26,,,,7.049e-3,,5.657e-9,,,,,,2.862e-14,,,,,,,,,2.567e-18,,,,,,,,,,,,,,
877.6,1.190e+3,4.581e-19,6.243e-11,,,,,1.721e-5,1.051e-8,,1.190e+3,,,6.255e-17,1.912e-20,,5.069e-19,,,,,,3.042e-10,,2.549e-26,,,,6.708e-3,,5.004e-9,,,,,,4.138e-14,,,,,,,,,2.558e-18,,,,,,,,,,,,,,
877.62,1.175e+3,4.565e-19,6.830e-11,,,,,2.002e-5,9.028e-9,,1.175e+3,,,6.242e-17,1.912e-20,,5.071e-19,,,,,,2.472e-10,,2.550e-26,,,,6.481e-3,,4.769e-9,,,,,,5.284e-14,,,,,,,,,2.552e-18,,,,,,,,,,,,,,
877.64,1.159e+3,4.549e-19,7.465e-11,,,,,2.327e-5,7.746e-9,,1.159e+3,,,6.229e-17,1.913e-20,,5.073e-19,,,,,,2.006e-10,,2.551e-26,,,,6.256e-3,,4.686e-9,,,,,,6.741e-14,,,,,,,,,2.546e-18,,,,,,,,,,,,,,
877.67,1.133e+3,4.525e-19,8.514e-11,,,,,2.911e-5,6.146e-9,,1.133e+3,,,6.210e-17,1.913e-20,,5.076e-19,,,,,,1.464e-10,,2.553e-26,,,,5.922e-3,,4.843e-9,,,,,,9.697e-14,,,,,,,,,2.537e-18,,,,,,,,,,,,,,
877.69,1.114e+3,4.509e-19,9.283e-11,,,,,3.375e-5,5.260e-9,,1.114e+3,,,6.197e-17,1.913e-20,,5.078e-19,,,,,,1.186e-10,,2.554e-26,,,,5.703e-3,,5.141e-9,,,,,,1.234e-13,,,,,,,,,2.531e-18,,,,,,,,,,,,,,
877.72,1.085e+3,4.485e-19,1.055e-10,,,,,4.206e-5,4.158e-9,,1.085e+3,,,6.177e-17,1.914e-20,,5.080e-19,,,,,,8.623e-11,,2.556e-26,,,,5.378e-3,,5.897e-9,,,,,,1.769e-13,,,,,,,,,2.522e-18,,,,,,,,,,,,,,
877.74,1.065e+3,4.469e-19,1.148e-10,,,,,4.865e-5,3.550e-9,,1.065e+3,,,6.164e-17,1.914e-20,,5.082e-19,,,,,,6.964e-11,,2.557e-26,,,,5.166e-3,,6.629e-9,,,,,,2.246e-13,,,,,,,,,2.516e-18,,,,,,,,,,,,,,
877.77,1.033e+3,4.445e-19,1.299e-10,,,,,6.041e-5,2.795e-9,,1.033e+3,,,6.145e-17,1.914e-20,,5.085e-19,,,,,,5.045e-11,,2.558e-26,,,,4.854e-3,,8.120e-9,,,,,,3.207e-13,,,,,,,,,2.507e-18,,,,,,,,,,,,,,
877.79,1.012e+3,4.429e-19,1.410e-10,,,,,6.970e-5,2.381e-9,,1.012e+3,,,6.132e-17,1.914e-20,,5.087e-19,,,,,,4.065e-11,,2.559e-26,,,,4.650e-3,,9.415e-9,,,,,,4.061e-13,,,,,,,,,2.501e-18,,,,,,,,,,,,,,
877.82,9.780e+2,4.404e-19,1.591e-10,,,,,8.622e-5,1.868e-9,,9.780e+2,,,6.113e-17,1.915e-20,,5.090e-19,,,,,,2.934e-11,,2.561e-26,,,,4.353e-3,,1.190e-8,,,,,,5.778e-13,,,,,,,,,2.492e-18,,,,,,,,,,,,,,
877.84,9.550e+2,4.388e-19,1.722e-10,,,,,9.924e-5,1.587e-9,,9.550e+2,,,6.100e-17,1.915e-20,,5.092e-19,,,,,,2.358e-11,,2.562e-26,,,,4.160e-3,,1.399e-8,,,,,,7.299e-13,,,,,,,,,2.486e-18,,,,,,,,,,,,,,
877.87,9.199e+2,4.364e-19,1.936e-10,,,,,1.223e-4,1.240e-9,,9.199e+2,,,6.080e-17,1.915e-20,,5.095e-19,,,,,,1.695e-11,,2.564e-26,,,,3.880e-3,,1.789e-8,,,,,,1.035e-12,,,,,,,,,2.477e-18,,,,,,,,,,,,,,
877.89,8.961e+2,4.348e-19,2.091e-10,,,,,1.404e-4,1.051e-9,,8.961e+2,,,6.067e-17,1.915e-20,,5.096e-19,,,,,,1.359e-11,,2.565e-26,,,,3.699e-3,,2.111e-8,,,,,,1.304e-12,,,,,,,,,2.471e-18,,,,,,,,,,,,,,
877.92,8.599e+2,4.324e-19,2.342e-10,,,,,1.724e-4,8.182e-10,,8.599e+2,,,6.048e-17,1.916e-20,,5.099e-19,,,,,,9.734e-12,,2.566e-26,,,,3.437e-3,,2.709e-8,,,,,,1.841e-12,,,,,,,,,2.462e-18,,,,,,,,,,,,,,
877.94,8.356e+2,4.308e-19,2.523e-10,,,,,1.975e-4,6.916e-10,,8.356e+2,,,6.035e-17,1.916e-20,,5.101e-19,,,,,,7.783e-12,,2.567e-26,,,,3.268e-3,,3.198e-8,,,,,,2.315e-12,,,,,,,,,2.456e-18,,,,,,,,,,,,,,
877.97,7.989e+2,4.284e-19,2.817e-10,,,,,2.416e-4,5.365e-10,,7.988e+2,,,6.016e-17,1.916e-20,,5.104e-19,,,,,,5.554e-12,,2.569e-26,,,,3.025e-3,,4.100e-8,,,,,,3.257e-12,,,,,,,,,2.447e-18,,,,,,,,,,,,,,
877.99,7.743e+2,4.268e-19,3.027e-10,,,,,2.760e-4,4.523e-10,,7.743e+2,,,6.003e-17,1.916e-20,,5.106e-19,,,,,,4.430e-12,,2.570e-26,,,,2.870e-3,,4.834e-8,,,,,,4.085e-12,,,,,,,,,2.441e-18,,,,,,,,,,,,,,
878.01,7.498e+2,4.252e-19,3.251e-10,,,,,3.150e-4,3.810e-10,,7.498e+2,,,5.990e-17,1.917e-20,,5.108e-19,,,,,,3.530e-12,,2.571e-26,,,,2.720e-3,,5.695e-8,,,,,,5.118e-12,,,,,,,,,2.435e-18,,,,,,,,,,,,,,
878.04,7.132e+2,4.228e-19,3.611e-10,,,,,3.834e-4,2.940e-10,,7.132e+2,,,5.970e-17,1.917e-20,,5.110e-19,,,,,,2.506e-12,,2.573e-26,,,,2.505e-3,,7.272e-8,,,,,,7.164e-12,,,,,,,,,2.426e-18,,,,,,,,,,,,,,
878.06,6.889e+2,4.211e-19,3.868e-10,,,,,4.365e-4,2.470e-10,,6.889e+2,,,5.958e-17,1.917e-20,,5.112e-19,,,,,,1.992e-12,,2.574e-26,,,,2.368e-3,,8.549e-8,,,,,,8.954e-12,,,,,,,,,2.420e-18,,,,,,,,,,,,,,
878.09,6.528e+2,4.187e-19,4.281e-10,,,,,5.293e-4,1.899e-10,,6.528e+2,,,5.938e-17,1.918e-20,,5.115e-19,,,,,,1.409e-12,,2.575e-26,,,,2.172e-3,,1.088e-7,,,,,,1.249e-11,,,,,,,,,2.411e-18,,,,,,,,,,,,,,
878.11,6.290e+2,4.171e-19,4.575e-10,,,,,6.012e-4,1.592e-10,,6.290e+2,,,5.925e-17,1.918e-20,,5.117e-19,,,,,,1.117e-12,,2.576e-26,,,,2.048e-3,,1.276e-7,,,,,,1.557e-11,,,,,,,,,2.405e-18,,,,,,,,,,,,,,
878.14,5.939e+2,4.147e-19,5.046e-10,,,,,7.263e-4,1.219e-10,,5.939e+2,,,5.906e-17,1.918e-20,,5.120e-19,,,,,,7.868e-13,,2.578e-26,,,,1.872e-3,,1.618e-7,,,,,,2.163e-11,,,,,,,,,2.396e-18,,,,,,,,,,,,,,
878.16,5.708e+2,4.131e-19,5.380e-10,,,,,8.228e-4,1.019e-10,,5.708e+2,,,5.893e-17,1.918e-20,,5.122e-19,,,,,,6.223e-13,,2.579e-26,,,,1.761e-3,,1.893e-7,,,,,,2.690e-11,,,,,,,,,2.390e-18,,,,,,,,,,,,,,
878.19,5.369e+2,4.107e-19,5.913e-10,,,,,9.904e-4,7.776e-11,,5.369e+2,,,5.874e-17,1.919e-20,,5.124e-19,,,,,,4.368e-13,,2.581e-26,,,,1.604e-3,,2.392e-7,,,,,,3.725e-11,,,,,,,,,2.381e-18,,,,,,,,,,,,,,
878.21,5.148e+2,4.091e-19,6.290e-10,,,,,1.119e-3,6.485e-11,,5.148e+2,,,5.861e-17,1.919e-20,,5.126e-19,,,,,,3.446e-13,,2.582e-26,,,,1.505e-3,,2.792e-7,,,,,,4.621e-11,,,,,,,,,2.375e-18,,,,,,,,,,,,,,
878.24,4.824e+2,4.067e-19,6.888e-10,,,,,1.342e-3,4.930e-11,,4.824e+2,,,5.841e-17,1.919e-20,,5.129e-19,,,,,,2.409e-13,,2.583e-26,,,,1.365e-3,,3.514e-7,,,,,,6.374e-11,,,,,,,,,2.366e-18,,,,,,,,,,,,,,
878.26,4.614e+2,4.051e-19,7.310e-10,,,,,1.513e-3,4.101e-11,,4.614e+2,,,5.828e-17,1.919e-20,,5.131e-19,,,,,,1.896e-13,,2.584e-26,,,,1.278e-3,,4.092e-7,,,,,,7.888e-11,,,,,,,,,2.360e-18,,,,,,,,,,,,,,
878.29,4.308e+2,4.026e-19,7.978e-10,,,,,1.808e-3,3.106e-11,,4.308e+2,,,5.809e-17,1.920e-20,,5.134e-19,,,,,,1.321e-13,,2.586e-26,,,,1.155e-3,,5.132e-7,,,,,,1.084e-10,,,,,,,,,2.351e-18,,,,,,,,,,,,,,
878.31,4.110e+2,4.010e-19,8.447e-10,,,,,2.033e-3,2.577e-11,,4.110e+2,,,5.796e-17,1.920e-20,,5.136e-19,,,,,,1.037e-13,,2.587e-26,,,,1.078e-3,,5.961e-7,,,,,,1.338e-10,,,,,,,,,2.345e-18,,,,,,,,,,,,,,
878.34,3.824e+2,3.986e-19,9.187e-10,,,,,2.420e-3,1.944e-11,,3.824e+2,,,5.777e-17,1.920e-20,,5.138e-19,,,,,,7.195e-14,,2.589e-26,,,,9.708e-4,,7.448e-7,,,,,,1.832e-10,,,,,,,,,2.336e-18,,,,,,,,,,,,,,
878.36,3.639e+2,3.970e-19,9.705e-10,,,,,2.715e-3,1.609e-11,,3.639e+2,,,5.764e-17,1.921e-20,,5.140e-19,,,,,,5.634e-14,,2.590e-26,,,,9.041e-4,,8.630e-7,,,,,,2.257e-10,,,,,,,,,2.330e-18,,,,,,,,,,,,,,
878.38,3.460e+2,3.954e-19,1.024e-9,,,,,3.043e-3,1.331e-11,,3.460e+2,,,5.751e-17,1.921e-20,,5.142e-19,,,,,,4.406e-14,,2.591e-26,,,,8.412e-4,,9.990e-7,,,,,,2.776e-10,,,,,,,,,2.324e-18,,,,,,,,,,,,,,
878.41,3.202e+2,3.930e-19,1.109e-9,,,,,3.603e-3,9.987e-12,,3.202e+2,,,5.731e-17,1.921e-20,,5.145e-19,,,,,,3.042e-14,,2.592e-26,,,,7.535e-4,,1.242e-6,,,,,,3.782e-10,,,,,,,,,2.316e-18,,,,,,,,,,,,,,
878.43,3.037e+2,3.914e-19,1.167e-9,,,,,4.028e-3,8.238e-12,,3.037e+2,,,5.718e-17,1.921e-20,,5.147e-19,,,,,,2.373e-14,,2.594e-26,,,,6.993e-4,,1.434e-6,,,,,,4.641e-10,,,,,,,,,2.310e-18,,,,,,,,,,,,,,
878.46,2.800e+2,3.890e-19,1.259e-9,,,,,4.752e-3,6.160e-12,,2.800e+2,,,5.699e-17,1.922e-20,,5.150e-19,,,,,,1.633e-14,,2.595e-26,,,,6.241e-4,,1.776e-6,,,,,,6.299e-10,,,,,,,,,2.301e-18,,,,,,,,,,,,,,
878.48,2.649e+2,3.874e-19,1.323e-9,,,,,5.300e-3,5.068e-12,,2.649e+2,,,5.686e-17,1.922e-20,,5.151e-19,,,,,,1.270e-14,,2.596e-26,,,,5.778e-4,,2.045e-6,,,,,,7.712e-10,,,,,,,,,2.295e-18,,,,,,,,,,,,,,
878.51,2.433e+2,3.850e-19,1.422e-9,,,,,6.230e-3,3.775e-12,,2.433e+2,,,5.667e-17,1.922e-20,,5.154e-19,,,,,,8.706e-15,,2.598e-26,,,,5.137e-4,,2.524e-6,,,,,,1.043e-9,,,,,,,,,2.286e-18,,,,,,,,,,,,,,
878.53,2.296e+2,3.833e-19,1.491e-9,,,,,6.930e-3,3.098e-12,,2.296e+2,,,5.654e-17,1.922e-20,,5.156e-19,,,,,,6.758e-15,,2.599e-26,,,,4.744e-4,,2.900e-6,,,,,,1.273e-9,,,,,,,,,2.280e-18,,,,,,,,,,,,,,
878.56,2.102e+2,3.809e-19,1.597e-9,,,,,8.116e-3,2.299e-12,,2.102e+2,,,5.634e-17,1.923e-20,,5.159e-19,,,,,,4.614e-15,,2.600e-26,,,,4.202e-4,,3.565e-6,,,,,,1.716e-9,,,,,,,,,2.271e-18,,,,,,,,,,,,,,
878.58,1.979e+2,3.793e-19,1.670e-9,,,,,9.007e-3,1.882e-12,,1.979e+2,,,5.622e-17,1.923e-20,,5.161e-19,,,,,,3.573e-15,,2.602e-26,,,,3.871e-4,,4.086e-6,,,,,,2.090e-9,,,,,,,,,2.265e-18,,,,,,,,,,,,,,
878.61,1.804e+2,3.769e-19,1.783e-9,,,,,1.051e-2,1.392e-12,,1.804e+2,,,5.602e-17,1.923e-20,,5.164e-19,,,,,,2.430e-15,,2.603e-26,,,,3.416e-4,,5.005e-6,,,,,,2.805e-9,,,,,,,,,2.256e-18,,,,,,,,,,,,,,
878.63,1.694e+2,3.753e-19,1.861e-9,,,,,1.163e-2,1.136e-12,,1.694e+2,,,5.589e-17,1.924e-20,,5.165e-19,,,,,,1.877e-15,,2.604e-26,,,,3.139e-4,,5.723e-6,,,,,,3.409e-9,,,,,,,,,2.250e-18,,,,,,,,,,,,,,
878.66,1.539e+2,3.729e-19,1.980e-9,,,,,1.352e-2,8.371e-13,,1.539e+2,,,5.570e-17,1.924e-20,,5.168e-19,,,,,,1.272e-15,,2.606e-26,,,,2.760e-4,,6.984e-6,,,,,,4.559e-9,,,,,,,,,2.241e-18,,,,,,,,,,,,,,
878.68,1.442e+2,3.713e-19,2.062e-9,,,,,1.493e-2,6.819e-13,,1.442e+2,,,5.557e-17,1.924e-20,,5.170e-19,,,,,,9.797e-16,,2.607e-26,,,,2.530e-4,,7.965e-6,,,,,,5.527e-9,,,,,,,,,2.235e-18,,,,,,,,,,,,,,
878.71,1.305e+2,3.689e-19,2.187e-9,,,,,1.730e-2,5.004e-13,,1.305e+2,,,5.538e-17,1.924e-20,,5.173e-19,,,,,,6.613e-16,,2.608e-26,,,,2.216e-4,,9.684e-6,,,,,,7.364e-9,,,,,,,,,2.226e-18,,,,,,,,,,,,,,
878.73,1.220e+2,3.673e-19,2.272e-9,,,,,1.905e-2,4.066e-13,,1.219e+2,,,5.525e-17,1.925e-20,,5.175e-19,,,,,,5.082e-16,,2.610e-26,,,,2.026e-4,,1.102e-5,,,,,,8.906e-9,,,,,,,,,2.220e-18,,,,,,,,,,,,,,
878.75,1.139e+2,3.657e-19,2.358e-9,,,,,2.096e-2,3.300e-13,,1.138e+2,,,5.512e-17,1.925e-20,,5.177e-19,,,,,,3.902e-16,,2.611e-26,,,,1.851e-4,,1.252e-5,,,,,,1.076e-8,,,,,,,,,2.214e-18,,,,,,,,,,,,,,
878.78,1.025e+2,3.632e-19,2.489e-9,,,,,2.416e-2,2.409e-13,,1.025e+2,,,5.492e-17,1.925e-20,,5.179e-19,,,,,,2.620e-16,,2.612e-26,,,,1.613e-4,,1.515e-5,,,,,,1.426e-8,,,,,,,,,2.205e-18,,,,,,,,,,,,,,
878.8,9.547e+1,3.616e-19,2.578e-9,,,,,2.652e-2,1.951e-13,,9.545e+1,,,5.479e-17,1.925e-20,,5.181e-19,,,,,,2.007e-16,,2.613e-26,,,,1.470e-4,,1.718e-5,,,,,,1.719e-8,,,,,,,,,2.199e-18,,,,,,,,,,,,,,
878.83,8.565e+1,3.592e-19,2.713e-9,,,,,3.044e-2,1.419e-13,,8.562e+1,,,5.460e-17,1.926e-20,,5.184e-19,,,,,,1.342e-16,,2.615e-26,,,,1.276e-4,,2.070e-5,,,,,,2.270e-8,,,,,,,,,2.190e-18,,,,,,,,,,,,,,
878.85,7.957e+1,3.576e-19,2.804e-9,,,,,3.333e-2,1.146e-13,,7.954e+1,,,5.447e-17,1.926e-20,,5.186e-19,,,,,,1.025e-16,,2.616e-26,,,,1.160e-4,,2.341e-5,,,,,,2.729e-8,,,,,,,,,2.184e-18,,,,,,,,,,,,,,
878.88,7.112e+1,3.552e-19,2.941e-9,,,,,3.812e-2,8.301e-14,,7.108e+1,,,5.428e-17,1.926e-20,,5.189e-19,,,,,,6.834e-17,,2.618e-26,,,,1.003e-4,,2.811e-5,,,,,,3.591e-8,,,,,,,,,2.175e-18,,,,,,,,,,,,,,
878.9,6.591e+1,3.536e-19,3.033e-9,,,,,4.164e-2,6.688e-14,,6.587e+1,,,5.415e-17,1.926e-20,,5.191e-19,,,,,,5.207e-17,,2.619e-26,,,,9.099e-5,,3.171e-5,,,,,,4.307e-8,,,,,,,,,2.169e-18,,,,,,,,,,,,,,
878.93,5.870e+1,3.512e-19,3.171e-9,,,,,4.745e-2,4.827e-14,,5.865e+1,,,5.395e-17,1.927e-20,,5.194e-19,,,,,,3.457e-17,,2.620e-26,,,,7.844e-5,,3.794e-5,,,,,,5.646e-8,,,,,,,,,2.160e-18,,,,,,,,,,,,,,
878.95,5.427e+1,3.496e-19,3.263e-9,,,,,5.171e-2,3.879e-14,,5.422e+1,,,5.383e-17,1.927e-20,,5.195e-19,,,,,,2.628e-17,,2.621e-26,,,,7.097e-5,,4.270e-5,,,,,,6.754e-8,,,,,,,,,2.154e-18,,,,,,,,,,,,,,
878.98,4.815e+1,3.472e-19,3.400e-9,,,,,5.870e-2,2.790e-14,,4.809e+1,,,5.363e-17,1.927e-20,,5.198e-19,,,,,,1.738e-17,,2.623e-26,,,,6.097e-5,,5.088e-5,,,,,,8.822e-8,,,,,,,,,2.145e-18,,,,,,,,,,,,,,
879,4.441e+1,3.455e-19,3.491e-9,,,,,6.381e-2,2.236e-14,,4.435e+1,,,5.350e-17,1.928e-20,,5.200e-19,,,,,,1.318e-17,,2.624e-26,,,,5.504e-5,,5.713e-5,,,,,,1.053e-7,,,,,,,,,2.139e-18,,,,,,,,,,,,,,
879.03,3.927e+1,3.431e-19,3.627e-9,,,,,7.217e-2,1.602e-14,,3.920e+1,,,5.331e-17,1.928e-20,,5.203e-19,,,,,,8.685e-18,,2.626e-26,,,,4.714e-5,,6.784e-5,,,,,,1.370e-7,,,,,,,,,2.130e-18,,,,,,,,,,,,,,
879.05,3.613e+1,3.415e-19,3.717e-9,,,,,7.825e-2,1.281e-14,,3.605e+1,,,5.318e-17,1.928e-20,,5.205e-19,,,,,,6.568e-18,,2.627e-26,,,,4.248e-5,,7.597e-5,,,,,,1.631e-7,,,,,,,,,2.124e-18,,,,,,,,,,,,,,
879.08,3.183e+1,3.391e-19,3.849e-9,,,,,8.819e-2,9.143e-15,,3.175e+1,,,5.299e-17,1.928e-20,,5.208e-19,,,,,,4.312e-18,,2.628e-26,,,,3.630e-5,,8.988e-5,,,,,,2.115e-7,,,,,,,,,2.115e-18,,,,,,,,,,,,,,
879.1,2.922e+1,3.375e-19,3.936e-9,,,,,9.538e-2,7.293e-15,,2.913e+1,,,5.286e-17,1.929e-20,,5.209e-19,,,,,,3.253e-18,,2.629e-26,,,,3.266e-5,,1.004e-4,,,,,,2.511e-7,,,,,,,,,2.109e-18,,,,,,,,,,,,,,
879.12,2.680e+1,3.359e-19,4.022e-9,,,,,1.031e-1,5.811e-15,,2.670e+1,,,5.273e-17,1.929e-20,,5.211e-19,,,,,,,,2.630e-26,,,,2.938e-5,,1.121e-4,,,,,,2.980e-7,,,,,,,,,2.103e-18,,,,,,,,,,,,,,
879.15,2.351e+1,3.335e-19,4.147e-9,,,,,1.155e-1,4.126e-15,,2.339e+1,,,5.253e-17,1.929e-20,,5.214e-19,,,,,,,,2.632e-26,,,,2.507e-5,,1.319e-4,,,,,,3.843e-7,,,,,,,,,2.094e-18,,,,,,,,,,,,,,
879.17,2.151e+1,3.319e-19,4.228e-9,,,,,1.245e-1,3.280e-15,,2.139e+1,,,5.240e-17,1.929e-20,,5.216e-19,,,,,,,,2.633e-26,,,,2.256e-5,,1.469e-4,,,,,,4.548e-7,,,,,,,,,2.088e-18,,,,,,,,,,,,,,
879.2,1.881e+1,3.295e-19,4.346e-9,,,,,1.391e-1,2.320e-15,,1.867e+1,,,5.221e-17,1.930e-20,,5.219e-19,,,,,,,,2.635e-26,,,,1.928e-5,,1.722e-4,,,,,,5.845e-7,,,,,,,,,2.079e-18,,,,,,,,,,,,,,
879.22,1.718e+1,3.279e-19,4.422e-9,,,,,1.496e-1,1.839e-15,,1.703e+1,,,5.208e-17,1.930e-20,,5.221e-19,,,,,,,,2.636e-26,,,,1.739e-5,,1.913e-4,,,,,,6.901e-7,,,,,,,,,2.073e-18,,,,,,,,,,,,,,
879.25,1.497e+1,3.254e-19,4.532e-9,,,,,1.664e-1,1.296e-15,,1.480e+1,,,5.189e-17,1.930e-20,,5.223e-19,,,,,,,,2.637e-26,,,,1.495e-5,,2.234e-4,,,,,,8.836e-7,,,,,,,,,2.064e-18,,,,,,,,,,,,,,
879.27,1.365e+1,3.238e-19,4.603e-9,,,,,1.785e-1,1.025e-15,,1.347e+1,,,5.176e-17,1.931e-20,,5.225e-19,,,,,,,,2.638e-26,,,,1.356e-5,,2.475e-4,,,,,,1.041e-6,,,,,,,,,2.058e-18,,,,,,,,,,,,,,
879.3,1.187e+1,3.214e-19,4.703e-9,,,,,1.979e-1,7.196e-16,,1.167e+1,,,5.156e-17,1.931e-20,,5.228e-19,,,,,,,,2.640e-26,,,,1.181e-5,,2.881e-4,,,,,,1.328e-6,,,,,,,,,2.049e-18,,,,,,,,,,,,,,
879.32,1.080e+1,3.198e-19,4.766e-9,,,,,2.118e-1,5.677e-16,,1.059e+1,,,5.143e-17,1.931e-20,,5.230e-19,,,,,,,,2.641e-26,,,,1.084e-5,,3.184e-4,,,,,,1.560e-6,,,,,,,,,2.043e-18,,,,,,,,,,,,,,
879.35,9.376e+0,3.174e-19,4.855e-9,,,,,2.339e-1,3.971e-16,,9.141e+0,,,5.124e-17,1.931e-20,,5.233e-19,,,,,,,,2.643e-26,,,,9.669e-6,,3.693e-4,,,,,,1.982e-6,,,,,,,,,2.034e-18,,,,,,,,,,,,,,
879.37,8.526e+0,3.158e-19,4.910e-9,,,,,2.497e-1,3.125e-16,,8.276e+0,,,5.111e-17,1.932e-20,,5.235e-19,,,,,,,,2.644e-26,,,,9.057e-6,,4.071e-4,,,,,,2.323e-6,,,,,,,,,2.028e-18,,,,,,,,,,,,,,
879.4,7.392e+0,3.134e-19,4.988e-9,,,,,2.748e-1,2.177e-16,,7.117e+0,,,5.092e-17,1.932e-20,,5.237e-19,,,,,,,,2.645e-26,,,,8.379e-6,,4.704e-4,,,,,,2.942e-6,,,,,,,,,2.019e-18,,,,,,,,,,,,,,
879.42,6.721e+0,3.118e-19,5.035e-9,,,,,2.926e-1,1.709e-16,,6.428e+0,,,5.079e-17,1.932e-20,,5.239e-19,,,,,,,,2.646e-26,,,,8.079e-6,,5.173e-4,,,,,,3.439e-6,,,,,,,,,2.013e-18,,,,,,,,,,,,,,
879.45,5.828e+0,3.094e-19,5.099e-9,,,,,3.208e-1,1.186e-16,,5.507e+0,,,5.059e-17,1.933e-20,,5.242e-19,,,,,,,,2.648e-26,,,,7.849e-6,,5.955e-4,,,,,,4.339e-6,,,,,,,,,2.004e-18,,,,,,,,,,,,,,
879.47,5.302e+0,3.078e-19,5.137e-9,,,,,3.407e-1,9.290e-17,,4.961e+0,,,5.047e-17,1.933e-20,,5.244e-19,,,,,,,,2.649e-26,,,,7.839e-6,,6.533e-4,,,,,,5.060e-6,,,,,,,,,1.998e-18,,,,,,,,,,,,,,
879.5,4.607e+0,3.053e-19,5.187e-9,,,,,3.722e-1,6.424e-17,,4.234e+0,,,5.027e-17,1.933e-20,,5.247e-19,,,,,,,,2.651e-26,,,,8.037e-6,,7.492e-4,,,,,,6.361e-6,,,,,,,,,1.989e-18,,,,,,,,,,,,,,
879.52,4.201e+0,3.037e-19,5.215e-9,,,,,3.943e-1,5.018e-17,,3.806e+0,,,5.014e-17,1.933e-20,,5.249e-19,,,,,,,,2.652e-26,,,,8.313e-6,,8.199e-4,,,,,,7.399e-6,,,,,,,,,1.983e-18,,,,,,,,,,,,,,
879.54,3.835e+0,3.021e-19,5.240e-9,,,,,4.173e-1,3.915e-17,,3.417e+0,,,5.001e-17,1.934e-20,,5.250e-19,,,,,,,,2.653e-26,,,,8.708e-6,,8.964e-4,,,,,,8.599e-6,,,,,,,,,1.977e-18,,,,,,,,,,,,,,
879.57,3.356e+0,2.997e-19,5.270e-9,,,,,4.535e-1,2.694e-17,,2.901e+0,,,4.982e-17,1.934e-20,,5.253e-19,,,,,,,,2.654e-26,,,,9.528e-6,,1.023e-3,,,,,,1.075e-5,,,,,,,,,1.968e-18,,,,,,,,,,,,,,
879.59,3.078e+0,2.981e-19,5.284e-9,,,,,4.788e-1,2.097e-17,,2.598e+0,,,4.969e-17,1.934e-20,,5.255e-19,,,,,,,,2.655e-26,,,,1.024e-5,,1.115e-3,,,,,,1.247e-5,,,,,,,,,1.962e-18,,,,,,,,,,,,,,
879.62,2.718e+0,2.957e-19,5.299e-9,,,,,5.185e-1,1.437e-17,,2.198e+0,,,4.950e-17,1.934e-20,,5.258e-19,,,,,,,,2.657e-26,,,,1.155e-5,,1.268e-3,,,,,,1.553e-5,,,,,,,,,1.953e-18,,,,,,,,,,,,,,
879.64,2.511e+0,2.941e-19,5.304e-9,,,,,5.460e-1,1.116e-17,,1.964e+0,,,4.937e-17,1.935e-20,,5.260e-19,,,,,,,,2.658e-26,,,,1.262e-5,,1.379e-3,,,,,,1.797e-5,,,,,,,,,1.947e-18,,,,,,,,,,,,,,
879.67,2.246e+0,2.917e-19,5.304e-9,,,,,5.890e-1,7.617e-18,,1.655e+0,,,4.917e-17,1.935e-20,,5.263e-19,,,,,,,,2.660e-26,,,,1.451e-5,,1.562e-3,,,,,,2.230e-5,,,,,,,,,1.938e-18,,,,,,,,,,,,,,
879.69,2.096e+0,2.901e-19,5.298e-9,,,,,6.188e-1,5.899e-18,,1.475e+0,,,4.904e-17,1.935e-20,,5.264e-19,,,,,,,,2.661e-26,,,,1.599e-5,,1.695e-3,,,,,,2.573e-5,,,,,,,,,1.932e-18,,,,,,,,,,,,,,
879.72,1.906e+0,2.876e-19,5.283e-9,,,,,6.651e-1,4.013e-18,,1.239e+0,,,4.885e-17,1.935e-20,,5.267e-19,,,,,,,,2.662e-26,,,,1.857e-5,,1.913e-3,,,,,,3.182e-5,,,,,,,,,1.923e-18,,,,,,,,,,,,,,
879.74,1.800e+0,2.860e-19,5.268e-9,,,,,6.970e-1,3.100e-18,,1.101e+0,,,4.872e-17,1.936e-20,,5.269e-19,,,,,,,,2.663e-26,,,,2.055e-5,,2.071e-3,,,,,,3.662e-5,,,,,,,,,1.917e-18,,,,,,,,,,,,,,
879.77,1.670e+0,2.836e-19,5.237e-9,,,,,7.464e-1,2.101e-18,,9.212e-1,,,4.853e-17,1.936e-20,,5.272e-19,,,,,,,,2.665e-26,,,,2.396e-5,,2.329e-3,,,,,,4.513e-5,,,,,,,,,1.908e-18,,,,,,,,,,,,,,
879.79,1.600e+0,2.820e-19,5.213e-9,,,,,7.803e-1,1.619e-18,,8.169e-1,,,4.840e-17,1.936e-20,,5.274e-19,,,,,,,,2.666e-26,,,,2.655e-5,,2.515e-3,,,,,,5.181e-5,,,,,,,,,1.902e-18,,,,,,,,,,,,,,
879.82,1.516e+0,2.796e-19,5.168e-9,,,,,8.325e-1,1.093e-18,,6.809e-1,,,4.820e-17,1.937e-20,,5.277e-19,,,,,,,,2.668e-26,,,,3.097e-5,,2.817e-3,,,,,,6.360e-5,,,,,,,,,1.893e-18,,,,,,,,,,,,,,
879.84,1.474e+0,2.780e-19,5.134e-9,,,,,8.681e-1,8.402e-19,,6.023e-1,,,4.807e-17,1.937e-20,,5.278e-19,,,,,,,,2.669e-26,,,,3.431e-5,,3.034e-3,,,,,,7.284e-5,,,,,,,,,1.887e-18,,,,,,,,,,,,,,
879.87,1.426e+0,2.756e-19,5.076e-9,,,,,9.228e-1,5.652e-19,,5.002e-1,,,4.788e-17,1.937e-20,,5.281e-19,,,,,,,,2.670e-26,,,,3.997e-5,,3.387e-3,,,,,,8.910e-5,,,,,,,,,1.878e-18,,,,,,,,,,,,,,
879.89,1.405e+0,2.740e-19,5.033e-9,,,,,9.599e-1,4.333e-19,,4.414e-1,,,4.775e-17,1.937e-20,,5.283e-19,,,,,,,,2.671e-26,,,,4.421e-5,,3.639e-3,,,,,,1.018e-4,,,,,,,,,1.872e-18,,,,,,,,,,,,,,
879.91,1.391e+0,2.724e-19,4.987e-9,,,,,9.976e-1,3.319e-19,,3.891e-1,,,4.762e-17,1.938e-20,,5.285e-19,,,,,,,,2.672e-26,,,,4.888e-5,,3.907e-3,,,,,,1.162e-4,,,,,,,,,1.866e-18,,,,,,,,,,,,,,
879.94,1.381e+0,2.700e-19,4.911e-9,,,,,1.055e+0,2.221e-19,,3.214e-1,,,4.743e-17,1.938e-20,,5.288e-19,,,,,,,,2.674e-26,,,,5.673e-5,,4.338e-3,,,,,,1.414e-4,,,,,,,,,1.857e-18,,,,,,,,,,,,,,
879.96,1.381e+0,2.683e-19,4.857e-9,,,,,1.094e+0,1.697e-19,,2.827e-1,,,4.730e-17,1.938e-20,,5.290e-19,,,,,,,,2.675e-26,,,,6.259e-5,,4.645e-3,,,,,,1.609e-4,,,,,,,,,1.851e-18,,,,,,,,,,,,,,
879.99,1.390e+0,2.659e-19,4.770e-9,,,,,1.152e+0,1.131e-19,,2.326e-1,,,4.711e-17,1.938e-20,,5.292e-19,,,,,,,,2.677e-26,,,,7.242e-5,,5.139e-3,,,,,,1.951e-4,,,,,,,,,1.842e-18,,,,,,,,,,,,,,
880.01,1.401e+0,2.643e-19,4.708e-9,,,,,1.191e+0,8.621e-20,,2.041e-1,,,4.698e-17,1.939e-20,,5.294e-19,,,,,,,,2.678e-26,,,,7.973e-5,,5.490e-3,,,,,,2.216e-4,,,,,,,,,1.836e-18,,,,,,,,,,,,,,
880.04,1.424e+0,2.619e-19,4.611e-9,,,,,1.251e+0,5.725e-20,,1.673e-1,,,4.678e-17,1.939e-20,,5.297e-19,,,,,,,,2.679e-26,,,,9.193e-5,,6.051e-3,,,,,,2.677e-4,,,,,,,,,1.827e-18,,,,,,,,,,,,,,
880.06,1.443e+0,2.603e-19,4.543e-9,,,,,1.290e+0,4.353e-20,,1.464e-1,,,4.665e-17,1.939e-20,,5.299e-19,,,,,,,,2.680e-26,,,,1.010e-4,,6.448e-3,,,,,,3.033e-4,,,,,,,,,1.821e-18,,,,,,,,,,,,,,
880.09,1.476e+0,2.579e-19,4.437e-9,,,,,1.349e+0,2.880e-20,,1.196e-1,,,4.646e-17,1.940e-20,,5.302e-19,,,,,,,,2.682e-26,,,,1.160e-4,,7.081e-3,,,,,,3.650e-4,,,,,,,,,1.812e-18,,,,,,,,,,,,,,
880.11,1.501e+0,2.563e-19,4.363e-9,,,,,1.388e+0,2.184e-20,,1.044e-1,,,4.633e-17,1.940e-20,,5.304e-19,,,,,,,,2.683e-26,,,,1.271e-4,,7.527e-3,,,,,,4.125e-4,,,,,,,,,1.806e-18,,,,,,,,,,,,,,
880.14,1.540e+0,2.539e-19,4.249e-9,,,,,1.447e+0,1.440e-20,,8.500e-2,,,4.614e-17,1.940e-20,,5.307e-19,,,,,,,,2.685e-26,,,,1.455e-4,,8.235e-3,,,,,,4.946e-4,,,,,,,,,1.797e-18,,,,,,,,,,,,,,
880.16,1.568e+0,2.523e-19,4.171e-9,,,,,1.485e+0,1.089e-20,,7.401e-2,,,4.601e-17,1.940e-20,,5.308e-19,,,,,,,,2.686e-26,,,,1.591e-4,,8.734e-3,,,,,,5.576e-4,,,,,,,,,1.791e-18,,,,,,,,,,,,,,
880.19,1.612e+0,2.498e-19,4.050e-9,,,,,1.541e+0,7.151e-21,,6.002e-2,,,4.581e-17,1.941e-20,,5.311e-19,,,,,,,,2.687e-26,,,,1.815e-4,,9.520e-3,,,,,,6.662e-4,,,,,,,,,1.782e-18,,,,,,,,,,,,,,
880.21,1.641e+0,2.482e-19,3.968e-9,,,,,1.578e+0,,,5.213e-2,,,4.568e-17,1.941e-20,,5.313e-19,,,,,,,,2.688e-26,,,,1.979e-4,,1.007e-2,,,,,,7.491e-4,,,,,,,,,1.776e-18,,,,,,,,,,,,,,
880.24,1.687e+0,2.458e-19,3.843e-9,,,,,1.632e+0,,,4.212e-2,,,4.549e-17,1.941e-20,,5.316e-19,,,,,,,,2.690e-26,,,,2.249e-4,,1.094e-2,,,,,,8.917e-4,,,,,,,,,1.767e-18,,,,,,,,,,,,,,
880.26,1.717e+0,2.442e-19,3.758e-9,,,,,1.667e+0,,,3.649e-2,,,4.536e-17,1.941e-20,,5.318e-19,,,,,,,,2.691e-26,,,,2.446e-4,,1.154e-2,,,,,,1.000e-3,,,,,,,,,1.761e-18,,,,,,,,,,,,,,
880.28,1.747e+0,2.426e-19,3.672e-9,,,,,1.701e+0,,,3.158e-2,,,4.523e-17,1.942e-20,,5.320e-19,,,,,,,,2.692e-26,,,,2.658e-4,,1.217e-2,,,,,,1.121e-3,,,,,,,,,1.755e-18,,,,,,,,,,,,,,
880.31,1.791e+0,2.402e-19,3.542e-9,,,,,1.751e+0,,,2.539e-2,,,4.504e-17,1.942e-20,,5.322e-19,,,,,,,,2.694e-26,,,,3.006e-4,,1.315e-2,,,,,,1.328e-3,,,,,,,,,1.746e-18,,,,,,,,,,,,,,
880.33,1.819e+0,2.386e-19,3.454e-9,,,,,1.782e+0,,,2.192e-2,,,4.491e-17,1.942e-20,,5.324e-19,,,,,,,,2.695e-26,,,,3.258e-4,,1.383e-2,,,,,,1.484e-3,,,,,,,,,1.740e-18,,,,,,,,,,,,,,
880.36,1.861e+0,2.362e-19,3.322e-9,,,,,1.827e+0,,,1.755e-2,,,4.472e-17,1.943e-20,,5.327e-19,,,,,,,,2.696e-26,,,,3.670e-4,,1.489e-2,,,,,,1.751e-3,,,,,,,,,1.731e-18,,,,,,,,,,,,,,
880.38,1.888e+0,2.346e-19,3.234e-9,,,,,1.855e+0,,,1.512e-2,,,4.459e-17,1.943e-20,,5.329e-19,,,,,,,,2.698e-26,,,,3.969e-4,,1.563e-2,,,,,,1.953e-3,,,,,,,,,1.725e-18,,,,,,,,,,,,,,
880.41,1.926e+0,2.322e-19,3.101e-9,,,,,1.894e+0,,,1.206e-2,,,4.439e-17,1.943e-20,,5.332e-19,,,,,,,,2.699e-26,,,,4.455e-4,,1.676e-2,,,,,,2.296e-3,,,,,,,,,1.716e-18,,,,,,,,,,,,,,
880.43,1.950e+0,2.305e-19,3.013e-9,,,,,1.919e+0,,,1.036e-2,,,4.426e-17,1.943e-20,,5.334e-19,,,,,,,,2.700e-26,,,,4.805e-4,,1.754e-2,,,,,,2.554e-3,,,,,,,,,1.710e-18,,,,,,,,,,,,,,
880.46,1.983e+0,2.281e-19,2.881e-9,,,,,1.952e+0,,,8.236e-3,,,4.407e-17,1.944e-20,,5.336e-19,,,,,,,,2.702e-26,,,,5.373e-4,,1.875e-2,,,,,,2.991e-3,,,,,,,,,1.701e-18,,,,,,,,,,,,,,
880.48,2.003e+0,2.265e-19,2.793e-9,,,,,1.973e+0,,,7.059e-3,,,4.394e-17,1.944e-20,,5.338e-19,,,,,,,,2.703e-26,,,,5.782e-4,,1.958e-2,,,,,,3.319e-3,,,,,,,,,1.695e-18,,,,,,,,,,,,,,
880.51,2.031e+0,2.241e-19,2.663e-9,,,,,2.000e+0,,,5.590e-3,,,4.375e-17,1.944e-20,,5.341e-19,,,,,,,,2.704e-26,,,,6.442e-4,,2.085e-2,,,,,,3.873e-3,,,,,,,,,1.686e-18,,,,,,,,,,,,,,
880.53,2.047e+0,2.225e-19,2.577e-9,,,,,2.016e+0,,,4.779e-3,,,4.362e-17,1.944e-20,,5.343e-19,,,,,,,,2.706e-26,,,,6.915e-4,,2.172e-2,,,,,,4.288e-3,,,,,,,,,1.680e-18,,,,,,,,,,,,,,
880.56,2.069e+0,2.201e-19,2.450e-9,,,,,2.036e+0,,,3.771e-3,,,4.342e-17,1.945e-20,,5.346e-19,,,,,,,,2.707e-26,,,,7.676e-4,,2.305e-2,,,,,,4.985e-3,,,,,,,,,1.671e-18,,,,,,,,,,,,,,
880.58,2.081e+0,2.185e-19,2.366e-9,,,,,2.047e+0,,,3.216e-3,,,4.329e-17,1.945e-20,,5.348e-19,,,,,,,,2.708e-26,,,,8.219e-4,,2.396e-2,,,,,,5.505e-3,,,,,,,,,1.665e-18,,,,,,,,,,,,,,
880.61,2.095e+0,2.161e-19,2.243e-9,,,,,2.060e+0,,,2.528e-3,,,4.310e-17,1.945e-20,,5.350e-19,,,,,,,,2.710e-26,,,,9.089e-4,,2.533e-2,,,,,,6.377e-3,,,,,,,,,1.656e-18,,,,,,,,,,,,,,
880.63,2.103e+0,2.145e-19,2.162e-9,,,,,2.066e+0,,,2.150e-3,,,4.297e-17,1.946e-20,,5.352e-19,,,,,,,,2.711e-26,,,,9.709e-4,,2.626e-2,,,,,,7.024e-3,,,,,,,,,1.650e-18,,,,,,,,,,,,,,
880.65,2.108e+0,2.129e-19,2.082e-9,,,,,2.070e+0,,,1.827e-3,,,4.284e-17,1.946e-20,,5.354e-19,,,,,,,,2.712e-26,,,,1.036e-3,,2.720e-2,,,,,,7.730e-3,,,,,,,,,1.644e-18,,,,,,,,,,,,,,
880.68,2.113e+0,2.104e-19,1.965e-9,,,,,2.073e+0,,,1.429e-3,,,4.265e-17,1.946e-20,,5.357e-19,,,,,,,,2.714e-26,,,,1.140e-3,,2.862e-2,,,,,,8.908e-3,,,,,,,,,1.635e-18,,,,,,,,,,,,,,
880.7,2.113e+0,2.088e-19,1.889e-9,,,,,2.072e+0,,,1.211e-3,,,4.252e-17,1.946e-20,,5.359e-19,,,,,,,,2.715e-26,,,,1.213e-3,,2.958e-2,,,,,,9.780e-3,,,,,,,,,1.629e-18,,,,,,,,,,,,,,
880.73,2.111e+0,2.064e-19,1.777e-9,,,,,2.066e+0,,,9.438e-4,,,4.232e-17,1.947e-20,,5.362e-19,,,,,,,,2.716e-26,,,,1.330e-3,,3.101e-2,,,,,,1.123e-2,,,,,,,,,1.620e-18,,,,,,,,,,,,,,
880.75,2.107e+0,2.048e-19,1.705e-9,,,,,2.060e+0,,,7.982e-4,,,4.220e-17,1.947e-20,,5.363e-19,,,,,,,,2.717e-26,,,,1.412e-3,,3.197e-2,,,,,,1.230e-2,,,,,,,,,1.614e-18,,,,,,,,,,,,,,
880.78,2.097e+0,2.024e-19,1.599e-9,,,,,2.047e+0,,,6.195e-4,,,4.200e-17,1.947e-20,,5.366e-19,,,,,,,,2.719e-26,,,,1.542e-3,,3.341e-2,,,,,,1.407e-2,,,,,,,,,1.605e-18,,,,,,,,,,,,,,
880.8,2.088e+0,2.008e-19,1.531e-9,,,,,2.036e+0,,,5.226e-4,,,4.187e-17,1.947e-20,,5.368e-19,,,,,,,,2.720e-26,,,,1.634e-3,,3.437e-2,,,,,,1.537e-2,,,,,,,,,1.599e-18,,,,,,,,,,,,,,
880.83,2.071e+0,1.984e-19,1.431e-9,,,,,2.016e+0,,,4.042e-4,,,4.168e-17,1.948e-20,,5.371e-19,,,,,,,,2.722e-26,,,,1.778e-3,,3.579e-2,,,,,,1.751e-2,,,,,,,,,1.590e-18,,,,,,,,,,,,,,
880.85,2.058e+0,1.968e-19,1.367e-9,,,,,2.000e+0,,,3.401e-4,,,4.155e-17,1.948e-20,,5.373e-19,,,,,,,,2.723e-26,,,,1.879e-3,,3.673e-2,,,,,,1.909e-2,,,,,,,,,1.584e-18,,,,,,,,,,,,,,
880.88,2.035e+0,1.944e-19,1.275e-9,,,,,1.973e+0,,,2.620e-4,,,4.136e-17,1.948e-20,,5.376e-19,,,,,,,,2.724e-26,,,,2.037e-3,,3.813e-2,,,,,,2.167e-2,,,,,,,,,1.575e-18,,,,,,,,,,,,,,
880.9,2.017e+0,1.927e-19,1.215e-9,,,,,1.952e+0,,,2.200e-4,,,4.123e-17,1.948e-20,,5.377e-19,,,,,,,,2.725e-26,,,,2.147e-3,,3.904e-2,,,,,,2.356e-2,,,,,,,,,1.569e-18,,,,,,,,,,,,,,
880.93,1.988e+0,1.903e-19,1.129e-9,,,,,1.919e+0,,,1.688e-4,,,4.103e-17,1.949e-20,,5.380e-19,,,,,,,,2.727e-26,,,,2.319e-3,,4.039e-2,,,,,,2.665e-2,,,,,,,,,1.560e-18,,,,,,,,,,,,,,
880.95,1.967e+0,1.887e-19,1.074e-9,,,,,1.894e+0,,,1.414e-4,,,4.090e-17,1.949e-20,,5.382e-19,,,,,,,,2.728e-26,,,,2.438e-3,,4.127e-2,,,,,,2.890e-2,,,,,,,,,1.554e-18,,,,,,,,,,,,,,
880.98,1.933e+0,1.863e-19,9.951e-10,,,,,1.855e+0,,,1.081e-4,,,4.071e-17,1.949e-20,,5.385e-19,,,,,,,,2.730e-26,,,,2.624e-3,,4.256e-2,,,,,,3.258e-2,,,,,,,,,1.545e-18,,,,,,,,,,,,,,
881,1.908e+0,1.847e-19,9.446e-10,,,,,1.827e+0,,,9.031e-5,,,4.058e-17,1.950e-20,,5.387e-19,,,,,,,,2.731e-26,,,,2.752e-3,,4.340e-2,,,,,,3.524e-2,,,,,,,,,1.539e-18,,,,,,,,,,,,,,
881.02,1.882e+0,1.831e-19,8.959e-10,,,,,1.797e+0,,,7.536e-5,,,4.045e-17,1.950e-20,,5.389e-19,,,,,,,,2.732e-26,,,,2.884e-3,,4.422e-2,,,,,,3.809e-2,,,,,,,,,1.533e-18,,,,,,,,,,,,,,
881.05,1.842e+0,1.807e-19,8.262e-10,,,,,1.751e+0,,,5.733e-5,,,4.026e-17,1.950e-20,,5.391e-19,,,,,,,,2.733e-26,,,,3.087e-3,,4.540e-2,,,,,,4.271e-2,,,,,,,,,1.524e-18,,,,,,,,,,,,,,
881.07,1.814e+0,1.791e-19,7.819e-10,,,,,1.718e+0,,,4.772e-5,,,4.013e-17,1.950e-20,,5.393e-19,,,,,,,,2.734e-26,,,,3.227e-3,,4.616e-2,,,,,,4.604e-2,,,,,,,,,1.518e-18,,,,,,,,,,,,,,
881.1,1.770e+0,1.767e-19,7.188e-10,,,,,1.667e+0,,,3.617e-5,,,3.993e-17,1.951e-20,,5.396e-19,,,,,,,,2.736e-26,,,,3.442e-3,,4.726e-2,,,,,,5.144e-2,,,,,,,,,1.509e-18,,,,,,,,,,,,,,
881.12,1.739e+0,1.751e-19,6.788e-10,,,,,1.632e+0,,,3.003e-5,,,3.980e-17,1.951e-20,,5.398e-19,,,,,,,,2.737e-26,,,,3.589e-3,,4.796e-2,,,,,,5.532e-2,,,,,,,,,1.503e-18,,,,,,,,,,,,,,
881.15,1.693e+0,1.726e-19,6.219e-10,,,,,1.578e+0,,,2.268e-5,,,3.961e-17,1.951e-20,,5.401e-19,,,,,,,,2.739e-26,,,,3.814e-3,,4.897e-2,,,,,,6.158e-2,,,,,,,,,1.494e-18,,,,,,,,,,,,,,
881.17,1.661e+0,1.710e-19,5.860e-10,,,,,1.541e+0,,,1.879e-5,,,3.948e-17,1.951e-20,,5.403e-19,,,,,,,,2.740e-26,,,,3.968e-3,,4.960e-2,,,,,,6.606e-2,,,,,,,,,1.488e-18,,,,,,,,,,,,,,
881.2,1.613e+0,1.686e-19,5.352e-10,,,,,1.485e+0,,,1.413e-5,,,3.929e-17,1.952e-20,,5.406e-19,,,,,,,,2.741e-26,,,,4.201e-3,,5.051e-2,,,,,,7.326e-2,,,,,,,,,1.479e-18,,,,,,,,,,,,,,
881.22,1.580e+0,1.670e-19,5.032e-10,,,,,1.447e+0,,,1.168e-5,,,3.916e-17,1.952e-20,,5.407e-19,,,,,,,,2.742e-26,,,,4.359e-3,,5.107e-2,,,,,,7.840e-2,,,,,,,,,1.473e-18,,,,,,,,,,,,,,
881.25,1.531e+0,1.646e-19,4.580e-10,,,,,1.388e+0,,,8.754e-6,,,3.896e-17,1.952e-20,,5.410e-19,,,,,,,,2.744e-26,,,,4.598e-3,,5.188e-2,,,,,,8.663e-2,,,,,,,,,1.464e-18,,,,,,,,,,,,,,
881.27,1.499e+0,1.630e-19,4.297e-10,,,,,1.349e+0,,,7.215e-6,,,3.884e-17,1.953e-20,,5.412e-19,,,,,,,,2.745e-26,,,,4.759e-3,,5.238e-2,,,,,,9.248e-2,,,,,,,,,1.458e-18,,,,,,,,,,,,,,
881.3,1.450e+0,1.606e-19,3.898e-10,,,,,1.290e+0,,,5.388e-6,,,3.864e-17,1.953e-20,,5.415e-19,,,,,,,,2.747e-26,,,,5.002e-3,,5.308e-2,,,,,,1.018e-1,,,,,,,,,1.449e-18,,,,,,,,,,,,,,
881.32,1.418e+0,1.590e-19,3.648e-10,,,,,1.251e+0,,,4.430e-6,,,3.851e-17,1.953e-20,,5.417e-19,,,,,,,,2.748e-26,,,,5.165e-3,,5.352e-2,,,,,,1.084e-1,,,,,,,,,1.912e-18,,,,,,,,,,,,,,
881.35,1.370e+0,1.566e-19,3.299e-10,,,,,1.191e+0,,,3.296e-6,,,3.832e-17,1.953e-20,,5.420e-19,,,,,,,,2.749e-26,,,,5.409e-3,,5.413e-2,,,,,,1.189e-1,,,,,,,,,2.895e-18,,,,,,,,,,,,,,
881.37,1.339e+0,1.550e-19,3.081e-10,,,,,1.152e+0,,,2.703e-6,,,3.819e-17,1.954e-20,,5.421e-19,,,,,,,,2.750e-26,,,,5.571e-3,,5.451e-2,,,,,,1.263e-1,,,,,,,,,3.813e-18,,,,,,,,,,,,,,
881.4,1.292e+0,1.525e-19,2.776e-10,,,,,1.094e+0,,,2.004e-6,,,3.800e-17,1.954e-20,,5.424e-19,,,,,,,,2.752e-26,,,,5.812e-3,,5.503e-2,,,,,,1.381e-1,,,,,,,,,5.751e-18,,,,,,,,,,,,,,
881.42,1.263e+0,1.509e-19,2.587e-10,,,,,1.055e+0,,,1.639e-6,,,3.787e-17,1.954e-20,,5.426e-19,,,,,,,,2.753e-26,,,,5.972e-3,,5.536e-2,,,,,,1.463e-1,,,,,,,,,7.554e-18,,,,,,,,,,,,,,
881.44,1.233e+0,1.493e-19,2.408e-10,,,,,1.017e+0,,,1.340e-6,,,3.774e-17,1.954e-20,,5.428e-19,,,,,,,,2.754e-26,,,,6.129e-3,,5.567e-2,,,,,,1.549e-1,,,,,,,,,9.914e-18,,,,,,,,,,,,,,
881.47,1.191e+0,1.469e-19,2.160e-10,,,,,9.599e-1,,,9.879e-7,,,3.754e-17,1.955e-20,,5.431e-19,,,,,,,,2.756e-26,,,,6.362e-3,,5.610e-2,,,,,,1.684e-1,,,,,,,,,1.488e-17,,,,,,,,,,,,,,
881.49,1.163e+0,1.453e-19,2.006e-10,,,,,9.228e-1,,,8.054e-7,,,3.741e-17,1.955e-20,,5.433e-19,,,,,,,,2.757e-26,,,,6.514e-3,,5.637e-2,,,,,,1.778e-1,,,,,,,,,1.948e-17,,,,,,,,,,,,,,
881.52,1.124e+0,1.429e-19,1.793e-10,,,,,8.681e-1,,,5.918e-7,,,3.722e-17,1.955e-20,,5.435e-19,,,,,,,,2.758e-26,,,,6.736e-3,,5.675e-2,,,,,,1.926e-1,,,,,,,,,2.912e-17,,,,,,,,,,,,,,
881.54,1.099e+0,1.413e-19,1.662e-10,,,,,8.325e-1,,,4.812e-7,,,3.709e-17,1.956e-20,,5.437e-19,,,,,,,,2.759e-26,,,,6.880e-3,,5.699e-2,,,,,,2.029e-1,,,,,,,,,3.803e-17,,,,,,,,,,,,,,
881.57,1.064e+0,1.389e-19,1.480e-10,,,,,7.803e-1,,,3.523e-7,,,3.690e-17,1.956e-20,,5.440e-19,,,,,,,,2.761e-26,,,,7.089e-3,,5.735e-2,,,,,,2.190e-1,,,,,,,,,5.666e-17,,,,,,,,,,,,,,
881.59,1.041e+0,1.373e-19,1.368e-10,,,,,7.464e-1,,,2.858e-7,,,3.677e-17,1.956e-20,,5.442e-19,,,,,,,,2.762e-26,,,,7.223e-3,,5.758e-2,,,,,,2.301e-1,,,,,,,,,7.382e-17,,,,,,,,,,,,,,
881.62,1.010e+0,1.348e-19,1.215e-10,,,,,6.970e-1,,,2.084e-7,,,3.657e-17,1.956e-20,,5.445e-19,,,,,,,,2.764e-26,,,,7.414e-3,,5.792e-2,,,,,,2.474e-1,,,,,,,,,1.096e-16,,,,,,,,,,,,,,
881.64,9.902e-1,1.780e-19,1.121e-10,,,,,6.651e-1,,,1.686e-7,,,3.645e-17,1.957e-20,,5.447e-19,,,,,,,,2.765e-26,,,,7.536e-3,,5.816e-2,,,,,,2.594e-1,,,,,,,,,1.424e-16,,,,,,,,,,,,,,
881.67,9.629e-1,2.693e-19,9.911e-11,,,,,6.188e-1,,,1.225e-7,,,3.625e-17,1.957e-20,,5.449e-19,,,,,,,,2.766e-26,,,,7.707e-3,,5.852e-2,,,,,,2.779e-1,,,,,,,,,2.106e-16,,,,,,,,,,,,,,
881.69,9.462e-1,3.546e-19,9.122e-11,,,,,5.890e-1,,,9.891e-8,,,3.612e-17,1.957e-20,,5.451e-19,,,,,,,,2.767e-26,,,,7.814e-3,,5.877e-2,,,,,,2.906e-1,,,,,,,,,2.730e-16,,,,,,,,,,,,,,
881.72,9.233e-1,5.347e-19,8.040e-11,,,,,5.460e-1,,,7.160e-8,,,3.593e-17,1.957e-20,,5.454e-19,,,,,,,,2.769e-26,,,,7.962e-3,,5.917e-2,,,,,,3.102e-1,,,,,,,,,4.023e-16,,,,,,,,,,,,,,
881.74,9.095e-1,7.023e-19,7.383e-11,,,,,5.185e-1,,,5.765e-8,,,3.580e-17,1.958e-20,,5.456e-19,,,,,,,,2.770e-26,,,,8.053e-3,,5.946e-2,,,,,,3.236e-1,,,,,,,,,5.204e-16,,,,,,,,,,,,,,
881.77,8.910e-1,1.055e-18,6.484e-11,,,,,4.788e-1,,,4.158e-8,,,3.561e-17,1.958e-20,,5.459e-19,,,,,,,,2.772e-26,,,,8.176e-3,,5.993e-2,,,,,,3.441e-1,,,,,,,,,7.640e-16,,,,,,,,,,,,,,
881.79,8.801e-1,1.382e-18,5.940e-11,,,,,4.535e-1,,,3.340e-8,,,3.548e-17,1.958e-20,,5.461e-19,,,,,,,,2.773e-26,,,,8.248e-3,,6.026e-2,,,,,,3.580e-1,,,,,,,,,9.857e-16,,,,,,,,,,,,,,
881.81,8.703e-1,1.809e-18,5.437e-11,,,,,4.292e-1,,,2.680e-8,,,3.535e-17,1.958e-20,,5.462e-19,,,,,,,,2.774e-26,,,,8.314e-3,,6.062e-2,,,,,,3.722e-1,,,,,,,,,1.270e-15,,,,,,,,,,,,,,
881.84,8.577e-1,2.705e-18,4.752e-11,,,,,3.943e-1,,,1.923e-8,,,3.515e-17,1.959e-20,,5.465e-19,,,,,,,,2.775e-26,,,,8.397e-3,,6.121e-2,,,,,,3.938e-1,,,,,,,,,1.856e-15,,,,,,,,,,,,,,
881.86,8.506e-1,3.532e-18,4.339e-11,,,,,3.722e-1,,,1.539e-8,,,3.502e-17,1.959e-20,,5.467e-19,,,,,,,,2.776e-26,,,,8.442e-3,,6.164e-2,,,,,,4.084e-1,,,,,,,,,2.386e-15,,,,,,,,,,,,,,
881.89,8.420e-1,5.260e-18,3.779e-11,,,,,3.407e-1,,,1.100e-8,,,3.483e-17,1.959e-20,,5.470e-19,,,,,,,,2.778e-26,,,,8.496e-3,,6.234e-2,,,,,,4.305e-1,,,,,,,,,3.473e-15,,,,,,,,,,,,,,
881.91,8.374e-1,6.851e-18,3.442e-11,,,,,3.208e-1,,,8.784e-9,,,3.470e-17,1.960e-20,,5.472e-19,,,,,,,,2.779e-26,,,,8.521e-3,,6.285e-2,,,,,,4.453e-1,,,,,,,,,4.455e-15,,,,,,,,,,,,,,
881.94,8.324e-1,1.017e-17,2.987e-11,,,,,2.926e-1,,,6.256e-9,,,3.451e-17,1.960e-20,,5.475e-19,,,,,,,,2.781e-26,,,,8.543e-3,,6.369e-2,,,,,,4.677e-1,,,,,,,,,6.460e-15,,,,,,,,,,,,,,
881.96,8.302e-1,1.321e-17,2.715e-11,,,,,2.748e-1,,,4.983e-9,,,3.438e-17,1.960e-20,,5.476e-19,,,,,,,,2.782e-26,,,,8.547e-3,,6.429e-2,,,,,,4.826e-1,,,,,,,,,8.266e-15,,,,,,,,,,,,,,
881.99,8.284e-1,1.953e-17,2.348e-11,,,,,2.497e-1,,,3.535e-9,,,3.418e-17,1.960e-20,,5.479e-19,,,,,,,,2.783e-26,,,,8.537e-3,,6.526e-2,,,,,,5.050e-1,,,,,,,,,1.194e-14,,,,,,,,,,,,,,
882.01,8.282e-1,2.532e-17,2.128e-11,,,,,2.339e-1,,,2.809e-9,,,3.405e-17,1.961e-20,,5.481e-19,,,,,,,,2.784e-26,,,,8.521e-3,,6.597e-2,,,,,,5.198e-1,,,,,,,,,1.524e-14,,,,,,,,,,,,,,
882.04,8.292e-1,3.730e-17,1.834e-11,,,,,2.118e-1,,,1.986e-9,,,3.386e-17,1.961e-20,,5.484e-19,,,,,,,,2.786e-26,,,,8.480e-3,,6.710e-2,,,,,,5.419e-1,,,,,,,,,2.194e-14,,,,,,,,,,,,,,
882.06,8.307e-1,4.823e-17,1.659e-11,,,,,1.979e-1,,,1.574e-9,,,3.373e-17,1.961e-20,,5.486e-19,,,,,,,,2.787e-26,,,,8.442e-3,,6.790e-2,,,,,,5.565e-1,,,,,,,,,2.794e-14,,,,,,,,,,,,,,
882.09,8.341e-1,7.079e-17,1.424e-11,,,,,1.785e-1,,,1.108e-9,,,3.354e-17,1.962e-20,,5.489e-19,,,,,,,,2.789e-26,,,,8.371e-3,,6.919e-2,,,,,,5.780e-1,,,,,,,,,4.008e-14,,,,,,,,,,,,,,
882.11,8.369e-1,9.132e-17,1.285e-11,,,,,1.664e-1,,,8.762e-10,,,3.341e-17,1.962e-20,,5.490e-19,,,,,,,,2.790e-26,,,,8.314e-3,,7.010e-2,,,,,,5.921e-1,,,,,,,,,5.091e-14,,,,,,,,,,,,,,
882.14,8.420e-1,1.335e-16,1.099e-11,,,,,1.496e-1,,,6.148e-10,,,3.321e-17,1.962e-20,,5.493e-19,,,,,,,,2.791e-26,,,,8.213e-3,,7.155e-2,,,,,,6.127e-1,,,,,,,,,7.276e-14,,,,,,,,,,,,,,
882.16,8.459e-1,1.718e-16,9.896e-12,,,,,1.391e-1,,,4.849e-10,,,3.309e-17,1.962e-20,,5.495e-19,,,,,,,,2.792e-26,,,,8.137e-3,,7.257e-2,,,,,,6.261e-1,,,,,,,,,9.220e-14,,,,,,,,,,,,,,
882.18,8.501e-1,2.209e-16,8.899e-12,,,,,1.292e-1,,,3.820e-10,,,3.296e-17,1.963e-20,,5.497e-19,,,,,,,,2.793e-26,,,,8.053e-3,,7.362e-2,,,,,,6.391e-1,,,,,,,,,1.167e-13,,,,,,,,,,,,,,
882.21,8.567e-1,3.214e-16,7.576e-12,,,,,1.155e-1,,,2.667e-10,,,3.276e-17,1.963e-20,,5.500e-19,,,,,,,,2.795e-26,,,,7.915e-3,,7.529e-2,,,,,,6.580e-1,,,,,,,,,1.660e-13,,,,,,,,,,,,,,
882.23,8.614e-1,4.122e-16,6.796e-12,,,,,1.071e-1,,,2.096e-10,,,3.263e-17,1.963e-20,,5.502e-19,,,,,,,,2.796e-26,,,,7.814e-3,,7.644e-2,,,,,,6.701e-1,,,,,,,,,2.096e-13,,,,,,,,,,,,,,
882.26,8.686e-1,5.976e-16,5.764e-12,,,,,9.538e-2,,,1.457e-10,,,3.244e-17,1.963e-20,,5.505e-19,,,,,,,,2.798e-26,,,,7.651e-3,,7.824e-2,,,,,,6.873e-1,,,,,,,,,2.969e-13,,,,,,,,,,,,,,
882.28,8.734e-1,7.646e-16,5.159e-12,,,,,8.819e-2,,,1.143e-10,,,3.231e-17,1.964e-20,,5.506e-19,,,,,,,,2.799e-26,,,,7.536e-3,,7.948e-2,,,,,,6.982e-1,,,,,,,,,3.741e-13,,,,,,,,,,,,,,
882.31,8.806e-1,1.104e-15,4.360e-12,,,,,7.825e-2,,,7.916e-11,,,3.212e-17,1.964e-20,,5.509e-19,,,,,,,,2.800e-26,,,,7.352e-3,,8.141e-2,,,,,,7.135e-1,,,,,,,,,5.280e-13,,,,,,,,,,,,,,
882.33,8.852e-1,1.409e-15,3.893e-12,,,,,7.217e-2,,,6.191e-11,,,3.199e-17,1.964e-20,,5.511e-19,,,,,,,,2.801e-26,,,,7.223e-3,,8.273e-2,,,,,,7.231e-1,,,,,,,,,6.635e-13,,,,,,,,,,,,,,
882.36,8.918e-1,2.029e-15,3.278e-12,,,,,6.381e-2,,,4.273e-11,,,3.179e-17,1.965e-20,,5.514e-19,,,,,,,,2.803e-26,,,,7.020e-3,,8.475e-2,,,,,,7.362e-1,,,,,,,,,9.332e-13,,,,,,,,,,,,,,
882.38,8.960e-1,2.583e-15,2.919e-12,,,,,5.870e-2,,,3.334e-11,,,3.166e-17,1.965e-20,,5.516e-19,,,,,,,,2.804e-26,,,,6.880e-3,,8.613e-2,,,,,,7.442e-1,,,,,,,,,1.170e-12,,,,,,,,,,,,,,
882.41,9.016e-1,3.703e-15,2.449e-12,,,,,5.171e-2,,,2.293e-11,,,3.147e-17,1.965e-20,,5.519e-19,,,,,,,,2.806e-26,,,,6.663e-3,,8.824e-2,,,,,,7.550e-1,,,,,,,,,1.639e-12,,,,,,,,,,,,,,
882.43,9.050e-1,4.703e-15,2.176e-12,,,,,4.745e-2,,,1.784e-11,,,3.134e-17,1.965e-20,,5.520e-19,,,,,,,,2.807e-26,,,,6.514e-3,,8.966e-2,,,,,,7.613e-1,,,,,,,,,2.050e-12,,,,,,,,,,,,,,
882.46,9.093e-1,6.720e-15,1.819e-12,,,,,4.164e-2,,,1.222e-11,,,3.115e-17,1.966e-20,,5.523e-19,,,,,,,,2.808e-26,,,,6.285e-3,,9.182e-2,,,,,,7.695e-1,,,,,,,,,2.862e-12,,,,,,,,,,,,,,
882.48,9.116e-1,8.514e-15,1.613e-12,,,,,3.812e-2,,,9.489e-12,,,3.102e-17,1.966e-20,,5.525e-19,,,,,,,,2.809e-26,,,,6.129e-3,,9.327e-2,,,,,,7.741e-1,,,,,,,,,3.571e-12,,,,,,,,,,,,,,
882.51,9.142e-1,1.212e-14,1.343e-12,,,,,3.333e-2,,,6.478e-12,,,3.082e-17,1.966e-20,,5.528e-19,,,,,,,,2.811e-26,,,,5.892e-3,,9.545e-2,,,,,,7.795e-1,,,,,,,,,4.968e-12,,,,,,,,,,,,,,
882.53,9.153e-1,1.532e-14,1.188e-12,,,,,3.044e-2,,,5.016e-12,,,3.069e-17,1.966e-20,,5.530e-19,,,,,,,,2.812e-26,,,,5.732e-3,,9.690e-2,,,,,,7.822e-1,,,,,,,,,6.183e-12,,,,,,,,,,,,,,
882.55,9.158e-1,1.934e-14,1.049e-12,,,,,2.777e-2,,,3.880e-12,,,3.057e-17,1.967e-20,,5.532e-19,,,,,,,,2.813e-26,,,,5.571e-3,,9.835e-2,,,,,,7.841e-1,,,,,,,,,7.688e-12,,,,,,,,,,,,,,
882.58,9.155e-1,2.739e-14,8.694e-13,,,,,2.416e-2,,,2.635e-12,,,3.037e-17,1.967e-20,,5.534e-19,,,,,,,,2.815e-26,,,,5.328e-3,,1.005e-1,,,,,,7.856e-1,,,,,,,,,1.064e-11,,,,,,,,,,,,,,
882.6,9.146e-1,3.451e-14,7.661e-13,,,,,2.198e-2,,,2.033e-12,,,3.024e-17,1.967e-20,,5.536e-19,,,,,,,,2.816e-26,,,,5.165e-3,,1.019e-1,,,,,,7.856e-1,,,,,,,,,1.320e-11,,,,,,,,,,,,,,
882.63,9.121e-1,4.869e-14,6.326e-13,,,,,1.905e-2,,,1.376e-12,,,3.005e-17,1.968e-20,,5.539e-19,,,,,,,,2.817e-26,,,,4.921e-3,,1.040e-1,,,,,,7.841e-1,,,,,,,,,1.820e-11,,,,,,,,,,,,,,
882.65,9.096e-1,6.119e-14,5.561e-13,,,,,1.730e-2,,,1.059e-12,,,2.992e-17,1.968e-20,,5.541e-19,,,,,,,,2.819e-26,,,,4.759e-3,,1.054e-1,,,,,,7.822e-1,,,,,,,,,2.252e-11,,,,,,,,,,,,,,
882.68,9.047e-1,8.603e-14,4.575e-13,,,,,1.493e-2,,,7.137e-13,,,2.973e-17,1.968e-20,,5.544e-19,,,,,,,,2.820e-26,,,,4.518e-3,,1.074e-1,,,,,,7.779e-1,,,,,,,,,3.093e-11,,,,,,,,,,,,,,
882.7,9.006e-1,1.078e-13,4.012e-13,,,,,1.352e-2,,,5.480e-13,,,2.960e-17,1.968e-20,,5.546e-19,,,,,,,,2.821e-26,,,,4.359e-3,,1.087e-1,,,,,,7.741e-1,,,,,,,,,3.818e-11,,,,,,,,,,,,,,
882.73,8.933e-1,1.511e-13,3.288e-13,,,,,1.163e-2,,,3.680e-13,,,2.940e-17,1.969e-20,,5.548e-19,,,,,,,,2.823e-26,,,,4.123e-3,,1.106e-1,,,,,,7.670e-1,,,,,,,,,5.227e-11,,,,,,,,,,,,,,
882.75,8.876e-1,1.889e-13,2.877e-13,,,,,1.051e-2,,,2.819e-13,,,2.927e-17,1.969e-20,,5.550e-19,,,,,,,,2.824e-26,,,,3.968e-3,,1.118e-1,,,,,,7.613e-1,,,,,,,,,6.436e-11,,,,,,,,,,,,,,
882.78,8.779e-1,2.637e-13,2.349e-13,,,,,9.007e-3,,,1.886e-13,,,2.908e-17,1.969e-20,,5.553e-19,,,,,,,,2.825e-26,,,,3.739e-3,,1.135e-1,,,,,,7.516e-1,,,,,,,,,8.779e-11,,,,,,,,,,,,,,
882.8,8.706e-1,3.289e-13,2.050e-13,,,,,8.116e-3,,,1.441e-13,,,2.895e-17,1.969e-20,,5.555e-19,,,,,,,,2.827e-26,,,,3.589e-3,,1.146e-1,,,,,,7.442e-1,,,,,,,,,1.078e-10,,,,,,,,,,,,,,
882.83,8.585e-1,4.574e-13,1.668e-13,,,,,6.930e-3,,,9.606e-14,,,2.876e-17,1.970e-20,,5.558e-19,,,,,,,,2.828e-26,,,,3.370e-3,,1.162e-1,,,,,,7.320e-1,,,,,,,,,1.465e-10,,,,,,,,,,,,,,
882.85,8.496e-1,5.692e-13,1.452e-13,,,,,6.230e-3,,,7.321e-14,,,2.863e-17,1.970e-20,,5.560e-19,,,,,,,,2.829e-26,,,,3.227e-3,,1.171e-1,,,,,,7.231e-1,,,,,,,,,1.796e-10,,,,,,,,,,,,,,
882.88,8.353e-1,7.887e-13,1.177e-13,,,,,5.300e-3,,,4.862e-14,,,2.843e-17,1.970e-20,,5.562e-19,,,,,,,,2.831e-26,,,,3.019e-3,,1.185e-1,,,,,,7.086e-1,,,,,,,,,2.431e-10,,,,,,,,,,,,,,
882.9,8.251e-1,9.791e-13,1.022e-13,,,,,4.752e-3,,,3.696e-14,,,2.830e-17,1.970e-20,,5.564e-19,,,,,,,,2.832e-26,,,,2.884e-3,,1.193e-1,,,,,,6.982e-1,,,,,,,,,2.972e-10,,,,,,,,,,,,,,
882.92,8.143e-1,1.214e-12,8.870e-14,,,,,4.257e-3,,,2.807e-14,,,2.817e-17,1.971e-20,,5.566e-19,,,,,,,,2.833e-26,,,,2.752e-3,,1.200e-1,,,,,,6.873e-1,,,,,,,,,3.630e-10,,,,,,,,,,,,,,
882.95,7.973e-1,1.674e-12,7.154e-14,,,,,3.603e-3,,,1.583e-14,,,2.798e-17,1.971e-20,,5.569e-19,,,,,,,,2.835e-26,,,,2.561e-3,,1.210e-1,,,,,,6.701e-1,,,,,,,,,4.890e-10,,,,,,,,,,,,,,
882.97,7.853e-1,2.071e-12,6.192e-14,,,,,3.220e-3,,,1.200e-14,,,2.785e-17,1.971e-20,,5.571e-19,,,,,,,,2.836e-26,,,,2.438e-3,,1.216e-1,,,,,,6.580e-1,,,,,,,,,5.957e-10,,,,,,,,,,,,,,
883,7.665e-1,2.845e-12,4.976e-14,,,,,2.715e-3,,,7.910e-15,,,2.766e-17,1.972e-20,,5.574e-19,,,,,,,,2.837e-26,,,,2.260e-3,,1.224e-1,,,,,,6.391e-1,,,,,,,,,7.995e-10,,,,,,,,,,,,,,
883.02,7.534e-1,3.511e-12,4.296e-14,,,,,2.420e-3,,,5.982e-15,,,2.753e-17,1.972e-20,,5.575e-19,,,,,,,,2.838e-26,,,,2.147e-3,,1.228e-1,,,,,,6.261e-1,,,,,,,,,9.716e-10,,,,,,,,,,,,,,
883.05,7.332e-1,4.805e-12,3.439e-14,,,,,2.033e-3,,,3.927e-15,,,2.734e-17,1.972e-20,,5.578e-19,,,,,,,,2.840e-26,,,,1.983e-3,,1.233e-1,,,,,,6.059e-1,,,,,,,,,1.299e-9,,,,,,,,,,,,,,
883.07,7.192e-1,5.916e-12,2.962e-14,,,,,1.808e-3,,,,,,2.721e-17,1.972e-20,,5.580e-19,,,,,,,,2.841e-26,,,,1.879e-3,,1.235e-1,,,,,,5.921e-1,,,,,,,,,1.575e-9,,,,,,,,,,,,,,
883.1,6.978e-1,8.067e-12,2.363e-14,,,,,1.513e-3,,,,,,2.701e-17,1.973e-20,,5.583e-19,,,,,,,,2.843e-26,,,,1.729e-3,,1.237e-1,,,,,,5.709e-1,,,,,,,,,2.099e-9,,,,,,,,,,,,,,
883.12,6.832e-1,9.908e-12,2.030e-14,,,,,1.342e-3,,,,,,2.688e-17,1.973e-20,,5.585e-19,,,,,,,,2.844e-26,,,,1.634e-3,,1.237e-1,,,,,,5.565e-1,,,,,,,,,2.539e-9,,,,,,,,,,,,,,
883.15,6.608e-1,1.346e-11,1.613e-14,,,,,1.119e-3,,,,,,2.669e-17,1.973e-20,,5.588e-19,,,,,,,,2.845e-26,,,,1.498e-3,,1.237e-1,,,,,,5.346e-1,,,,,,,,,3.370e-9,,,,,,,,,,,,,,
883.17,6.457e-1,1.649e-11,1.383e-14,,,,,9.904e-4,,,,,,2.656e-17,1.973e-20,,5.589e-19,,,,,,,,2.846e-26,,,,1.412e-3,,1.235e-1,,,,,,5.198e-1,,,,,,,,,4.066e-9,,,,,,,,,,,,,,
883.2,6.228e-1,2.233e-11,1.095e-14,,,,,8.228e-4,,,,,,2.637e-17,1.974e-20,,5.592e-19,,,,,,,,2.848e-26,,,,1.290e-3,,1.232e-1,,,,,,4.975e-1,,,,,,,,,5.378e-9,,,,,,,,,,,,,,
883.22,6.074e-1,2.729e-11,9.363e-15,,,,,7.263e-4,,,,,,2.624e-17,1.974e-20,,5.594e-19,,,,,,,,2.849e-26,,,,1.213e-3,,1.229e-1,,,,,,4.826e-1,,,,,,,,,6.473e-9,,,,,,,,,,,,,,
883.25,5.842e-1,3.681e-11,7.389e-15,,,,,6.012e-4,,,,,,2.604e-17,1.974e-20,,5.597e-19,,,,,,,,2.851e-26,,,,1.104e-3,,1.223e-1,,,,,,4.602e-1,,,,,,,,,8.531e-9,,,,,,,,,,,,,,
883.27,5.686e-1,4.488e-11,6.303e-15,,,,,5.293e-4,,,,,,2.591e-17,1.975e-20,,5.599e-19,,,,,,,,2.852e-26,,,,1.036e-3,,1.218e-1,,,,,,4.453e-1,,,,,,,,,1.024e-8,,,,,,,,,,,,,,
883.3,5.453e-1,6.031e-11,4.957e-15,,,,,4.365e-4,,,,,,2.572e-17,1.975e-20,,5.602e-19,,,,,,,,2.853e-26,,,,9.395e-4,,1.209e-1,,,,,,4.231e-1,,,,,,,,,1.345e-8,,,,,,,,,,,,,,
883.32,5.299e-1,7.335e-11,4.220e-15,,,,,3.834e-4,,,,,,2.559e-17,1.975e-20,,5.603e-19,,,,,,,,2.854e-26,,,,8.792e-4,,1.202e-1,,,,,,4.084e-1,,,,,,,,,1.611e-8,,,,,,,,,,,,,,
883.34,5.145e-1,8.913e-11,3.589e-15,,,,,3.364e-4,,,,,,2.546e-17,1.975e-20,,5.605e-19,,,,,,,,2.855e-26,,,,8.219e-4,,1.195e-1,,,,,,3.938e-1,,,,,,,,,1.928e-8,,,,,,,,,,,,,,
883.37,4.916e-1,1.192e-10,2.813e-15,,,,,2.760e-4,,,,,,2.527e-17,1.976e-20,,5.608e-19,,,,,,,,2.857e-26,,,,7.415e-4,,1.183e-1,,,,,,3.722e-1,,,,,,,,,2.518e-8,,,,,,,,,,,,,,
883.39,4.765e-1,1.445e-10,2.389e-15,,,,,2.416e-4,,,,,,2.514e-17,1.976e-20,,5.610e-19,,,,,,,,2.858e-26,,,,6.915e-4,,1.175e-1,,,,,,3.580e-1,,,,,,,,,3.006e-8,,,,,,,,,,,,,,
883.42,4.541e-1,1.924e-10,1.871e-15,,,,,1.975e-4,,,,,,2.494e-17,1.976e-20,,5.613e-19,,,,,,,,2.860e-26,,,,6.215e-4,,1.161e-1,,,,,,3.372e-1,,,,,,,,,3.913e-8,,,,,,,,,,,,,,
883.44,4.394e-1,2.327e-10,1.590e-15,,,,,1.724e-4,,,,,,2.482e-17,1.976e-20,,5.615e-19,,,,,,,,2.861e-26,,,,5.782e-4,,1.151e-1,,,,,,3.236e-1,,,,,,,,,4.659e-8,,,,,,,,,,,,,,
883.47,4.177e-1,3.089e-10,1.250e-15,,,,,1.404e-4,,,,,,2.462e-17,1.977e-20,,5.618e-19,,,,,,,,2.862e-26,,,,5.178e-4,,1.135e-1,,,,,,3.036e-1,,,,,,,,,6.043e-8,,,,,,,,,,,,,,
883.49,4.036e-1,3.726e-10,1.067e-15,,,,,1.223e-4,,,,,,2.449e-17,1.977e-20,,5.619e-19,,,,,,,,2.863e-26,,,,4.805e-4,,1.124e-1,,,,,,2.906e-1,,,,,,,,,7.178e-8,,,,,,,,,,,,,,
883.52,3.829e-1,4.928e-10,8.493e-16,,,,,9.924e-5,,,,,,2.430e-17,1.977e-20,,5.622e-19,,,,,,,,2.865e-26,,,,4.287e-4,,1.107e-1,,,,,,2.716e-1,,,,,,,,,9.275e-8,,,,,,,,,,,,,,
883.54,3.694e-1,5.930e-10,7.355e-16,,,,,8.622e-5,,,,,,2.417e-17,1.978e-20,,5.624e-19,,,,,,,,2.866e-26,,,,3.969e-4,,1.095e-1,,,,,,2.594e-1,,,,,,,,,1.099e-7,,,,,,,,,,,,,,
883.57,3.496e-1,7.814e-10,6.047e-16,,,,,6.970e-5,,,,,,2.398e-17,1.978e-20,,5.627e-19,,,,,,,,2.868e-26,,,,3.528e-4,,1.076e-1,,,,,,2.416e-1,,,,,,,,,1.415e-7,,,,,,,,,,,,,,
883.59,3.369e-1,9.380e-10,5.407e-16,,,,,6.041e-5,,,,,,2.385e-17,1.978e-20,,5.629e-19,,,,,,,,2.869e-26,,,,3.258e-4,,1.064e-1,,,,,,2.301e-1,,,,,,,,,1.673e-7,,,,,,,,,,,,,,
883.62,3.183e-1,1.232e-9,4.751e-16,,,,,4.865e-5,,,,,,2.365e-17,1.978e-20,,5.632e-19,,,,,,,,2.870e-26,,,,2.886e-4,,1.044e-1,,,,,,2.135e-1,,,,,,,,,2.146e-7,,,,,,,,,,,,,,
883.64,3.063e-1,1.475e-9,4.500e-16,,,,,4.206e-5,,,,,,2.352e-17,1.979e-20,,5.633e-19,,,,,,,,2.871e-26,,,,2.658e-4,,1.031e-1,,,,,,2.029e-1,,,,,,,,,2.530e-7,,,,,,,,,,,,,,
883.67,2.890e-1,1.929e-9,4.384e-16,,,,,3.375e-5,,,,,,2.333e-17,1.979e-20,,5.636e-19,,,,,,,,2.873e-26,,,,2.346e-4,,1.011e-1,,,,,,1.876e-1,,,,,,,,,3.234e-7,,,,,,,,,,,,,,
883.69,2.778e-1,2.305e-9,4.478e-16,,,,,2.911e-5,,,,,,2.320e-17,1.979e-20,,5.638e-19,,,,,,,,2.874e-26,,,,2.155e-4,,9.975e-2,,,,,,1.778e-1,,,,,,,,,3.805e-7,,,,,,,,,,,,,,
883.71,2.670e-1,2.751e-9,4.712e-16,,,,,2.508e-5,,,,,,2.307e-17,1.979e-20,,5.640e-19,,,,,,,,2.875e-26,,,,1.979e-4,,9.839e-2,,,,,,1.684e-1,,,,,,,,,4.471e-7,,,,,,,,,,,,,,
883.74,2.514e-1,3.580e-9,5.340e-16,,,,,2.002e-5,,,,,,2.288e-17,1.980e-20,,5.643e-19,,,,,,,,2.877e-26,,,,1.737e-4,,9.635e-2,,,,,,1.549e-1,,,,,,,,,5.686e-7,,,,,,,,,,,,,,
883.76,2.415e-1,4.262e-9,5.960e-16,,,,,1.721e-5,,,,,,2.275e-17,1.980e-20,,5.645e-19,,,,,,,,2.878e-26,,,,1.591e-4,,9.499e-2,,,,,,1.463e-1,,,,,,,,,6.666e-7,,,,,,,,,,,,,,
883.79,2.272e-1,5.527e-9,7.234e-16,,,,,1.369e-5,,,,,,2.255e-17,1.980e-20,,5.647e-19,,,,,,,,2.879e-26,,,,1.391e-4,,9.295e-2,,,,,,1.341e-1,,,,,,,,,8.446e-7,,,,,,,,,,,,,,
883.81,2.181e-1,6.564e-9,8.345e-16,,,,,1.173e-5,,,,,,2.242e-17,1.980e-20,,5.649e-19,,,,,,,,2.880e-26,,,,1.271e-4,,9.160e-2,,,,,,1.263e-1,,,,,,,,,9.878e-7,,,,,,,,,,,,,,
883.84,2.051e-1,8.481e-9,1.048e-15,,,,,9.297e-6,,,,,,2.223e-17,1.981e-20,,5.652e-19,,,,,,,,2.882e-26,,,,1.107e-4,,8.960e-2,,,,,,1.153e-1,,,,,,,,,1.247e-6,,,,,,,,,,,,,,
883.86,1.968e-1,1.005e-8,1.227e-15,,,,,7.951e-6,,,,,,2.210e-17,1.981e-20,,5.654e-19,,,,,,,,2.883e-26,,,,1.009e-4,,8.828e-2,,,,,,1.084e-1,,,,,,,,,1.455e-6,,,,,,,,,,,,,,
883.89,1.851e-1,1.294e-8,1.562e-15,,,,,6.277e-6,,,,,,2.191e-17,1.981e-20,,5.657e-19,,,,,,,,2.885e-26,,,,8.762e-5,,8.634e-2,,,,,,9.863e-2,,,,,,,,,1.830e-6,,,,,,,,,,,,,,
883.91,1.776e-1,1.529e-8,1.838e-15,,,,,5.355e-6,,,,,,2.178e-17,1.982e-20,,5.659e-19,,,,,,,,2.886e-26,,,,7.964e-5,,8.506e-2,,,,,,9.248e-2,,,,,,,,,2.130e-6,,,,,,,,,,,,,,
883.94,1.671e-1,1.961e-8,2.349e-15,,,,,4.212e-6,,,,,,2.158e-17,1.982e-20,,5.661e-19,,,,,,,,2.887e-26,,,,6.890e-5,,8.319e-2,,,,,,8.382e-2,,,,,,,,,2.669e-6,,,,,,,,,,,,,,
883.96,1.604e-1,2.312e-8,2.766e-15,,,,,3.585e-6,,,,,,2.146e-17,1.982e-20,,5.663e-19,,,,,,,,2.888e-26,,,,6.247e-5,,8.197e-2,,,,,,7.840e-2,,,,,,,,,3.099e-6,,,,,,,,,,,,,,
883.99,1.510e-1,2.955e-8,3.532e-15,,,,,2.809e-6,,,,,,2.126e-17,1.982e-20,,5.666e-19,,,,,,,,2.890e-26,,,,5.384e-5,,8.019e-2,,,,,,7.080e-2,,,,,,,,,3.869e-6,,,,,,,,,,,,,,
884.01,1.452e-1,3.475e-8,4.155e-15,,,,,2.385e-6,,,,,,2.113e-17,1.983e-20,,5.668e-19,,,,,,,,2.891e-26,,,,4.870e-5,,7.903e-2,,,,,,6.606e-2,,,,,,,,,4.482e-6,,,,,,,,,,,,,,
884.04,1.368e-1,4.425e-8,5.294e-15,,,,,1.862e-6,,,,,,2.094e-17,1.983e-20,,5.671e-19,,,,,,,,2.893e-26,,,,4.182e-5,,7.735e-2,,,,,,5.943e-2,,,,,,,,,5.576e-6,,,,,,,,,,,,,,
884.06,1.316e-1,5.193e-8,6.215e-15,,,,,1.577e-6,,,,,,2.081e-17,1.983e-20,,5.673e-19,,,,,,,,2.894e-26,,,,3.773e-5,,7.626e-2,,,,,,5.532e-2,,,,,,,,,6.442e-6,,,,,,,,,,,,,,
884.08,1.267e-1,6.087e-8,7.290e-15,,,,,1.334e-6,,,,,,2.068e-17,1.983e-20,,5.674e-19,,,,,,,,2.895e-26,,,,3.401e-5,,7.521e-2,,,,,,5.144e-2,,,,,,,,,7.436e-6,,,,,,,,,,,,,,
884.11,1.198e-1,7.711e-8,9.247e-15,,,,,1.036e-6,,,,,,2.049e-17,1.984e-20,,5.677e-19,,,,,,,,2.896e-26,,,,2.906e-5,,7.367e-2,,,,,,4.605e-2,,,,,,,,,9.204e-6,,,,,,,,,,,,,,
884.13,1.154e-1,9.017e-8,1.082e-14,,,,,8.743e-7,,,,,,2.036e-17,1.984e-20,,5.679e-19,,,,,,,,2.897e-26,,,,2.613e-5,,7.269e-2,,,,,,4.271e-2,,,,,,,,,1.060e-5,,,,,,,,,,,,,,
884.16,1.094e-1,1.138e-7,1.368e-14,,,,,6.766e-7,,,,,,2.016e-17,1.984e-20,,5.682e-19,,,,,,,,2.899e-26,,,,2.224e-5,,7.127e-2,,,,,,3.809e-2,,,,,,,,,1.307e-5,,,,,,,,,,,,,,
884.18,1.056e-1,1.328e-7,1.597e-14,,,,,5.696e-7,,,,,,2.003e-17,1.985e-20,,5.684e-19,,,,,,,,2.900e-26,,,,1.995e-5,,7.035e-2,,,,,,3.525e-2,,,,,,,,,1.501e-5,,,,,,,,,,,,,,
884.21,1.004e-1,1.670e-7,2.011e-14,,,,,4.391e-7,,,,,,3.033e-17,1.985e-20,,5.687e-19,,,,,,,,2.902e-26,,,,1.692e-5,,6.904e-2,,,,,,3.132e-2,,,,,,,,,1.845e-5,,,,,,,,,,,,,,
884.23,9.714e-2,1.943e-7,2.343e-14,,,,,3.688e-7,,,,,,3.995e-17,1.985e-20,,5.688e-19,,,,,,,,2.903e-26,,,,1.514e-5,,6.819e-2,,,,,,2.891e-2,,,,,,,,,2.114e-5,,,,,,,,,,,,,,
884.26,9.261e-2,2.435e-7,2.940e-14,,,,,2.833e-7,,,,,,6.027e-17,1.985e-20,,5.691e-19,,,,,,,,2.904e-26,,,,1.279e-5,,6.697e-2,,,,,,2.560e-2,,,,,,,,,2.588e-5,,,,,,,,,,,,,,
884.28,8.980e-2,2.826e-7,3.416e-14,,,,,2.373e-7,,,,,,7.919e-17,1.986e-20,,5.693e-19,,,,,,,,2.905e-26,,,,1.141e-5,,6.619e-2,,,,,,2.357e-2,,,,,,,,,2.959e-5,,,,,,,,,,,,,,
884.31,8.590e-2,3.529e-7,4.271e-14,,,,,1.816e-7,,,,,,1.190e-16,1.986e-20,,5.696e-19,,,,,,,,2.907e-26,,,,9.608e-6,,6.506e-2,,,,,,2.079e-2,,,,,,,,,3.609e-5,,,,,,,,,,,,,,
884.33,8.349e-2,4.087e-7,4.951e-14,,,,,1.518e-7,,,,,,1.560e-16,1.986e-20,,5.698e-19,,,,,,,,2.908e-26,,,,8.555e-6,,6.433e-2,,,,,,1.910e-2,,,,,,,,,4.115e-5,,,,,,,,,,,,,,
884.36,8.013e-2,5.084e-7,6.168e-14,,,,,1.157e-7,,,,,,2.337e-16,1.987e-20,,5.701e-19,,,,,,,,2.910e-26,,,,7.174e-6,,6.328e-2,,,,,,1.679e-2,,,,,,,,,5.002e-5,,,,,,,,,,,,,,
884.38,7.805e-2,5.873e-7,7.132e-14,,,,,9.645e-8,,,,,,3.055e-16,1.987e-20,,5.702e-19,,,,,,,,2.911e-26,,,,6.373e-6,,6.260e-2,,,,,,1.539e-2,,,,,,,,,5.690e-5,,,,,,,,,,,,,,
884.41,7.516e-2,7.279e-7,8.853e-14,,,,,7.327e-8,,,,,,4.560e-16,1.987e-20,,5.705e-19,,,,,,,,2.912e-26,,,,5.325e-6,,6.161e-2,,,,,,1.348e-2,,,,,,,,,6.891e-5,,,,,,,,,,,,,,
884.43,7.338e-2,8.388e-7,1.021e-13,,,,,6.093e-8,,,,,,5.948e-16,1.987e-20,,5.707e-19,,,,,,,,2.913e-26,,,,4.718e-6,,6.096e-2,,,,,,1.233e-2,,,,,,,,,7.819e-5,,,,,,,,,,,,,,
884.45,7.169e-2,9.658e-7,1.177e-13,,,,,5.061e-8,,,,,,7.750e-16,1.988e-20,,5.709e-19,,,,,,,,2.915e-26,,,,4.176e-6,,6.033e-2,,,,,,1.127e-2,,,,,,,,,8.864e-5,,,,,,,,,,,,,,
884.48,6.933e-2,1.191e-6,1.453e-13,,,,,3.825e-8,,,,,,1.151e-15,1.988e-20,,5.712e-19,,,,,,,,2.916e-26,,,,3.471e-6,,5.940e-2,,,,,,9.825e-3,,,,,,,,,1.068e-4,,,,,,,,,,,,,,
884.5,6.787e-2,1.368e-6,1.671e-13,,,,,3.170e-8,,,,,,1.496e-15,1.988e-20,,7.532e-19,,,,,,,,2.917e-26,,,,3.065e-6,,5.879e-2,,,,,,8.959e-3,,,,,,,,,1.208e-4,,,,,,,,,,,,,,
884.53,6.582e-2,1.681e-6,2.056e-13,,,,,2.386e-8,,,,,,2.213e-15,1.988e-20,,1.139e-18,,,,,,,,2.919e-26,,,,2.539e-6,,5.788e-2,,,,,,7.792e-3,,,,,,,,,1.450e-4,,,,,,,,,,,,,,
884.55,6.454e-2,1.926e-6,2.358e-13,,,,,1.973e-8,,,,,,2.870e-15,1.989e-20,,1.498e-18,,,,,,,,2.920e-26,,,,2.236e-6,,5.727e-2,,,,,,7.094e-3,,,,,,,,,1.636e-4,,,,,,,,,,,,,,
884.58,6.273e-2,2.357e-6,2.890e-13,,,,,1.480e-8,,,,,,4.231e-15,1.989e-20,,2.256e-18,,,,,,,,2.921e-26,,,,1.845e-6,,5.637e-2,,,,,,6.157e-3,,,,,,,,,1.957e-4,,,,,,,,,,,,,,
884.6,6.160e-2,2.694e-6,3.307e-13,,,,,1.220e-8,,,,,,5.473e-15,1.989e-20,,2.960e-18,,,,,,,,2.923e-26,,,,1.621e-6,,5.577e-2,,,,,,5.600e-3,,,,,,,,,2.202e-4,,,,,,,,,,,,,,
884.63,5.998e-2,3.286e-6,4.039e-13,,,,,9.120e-9,,,,,,8.039e-15,1.990e-20,,4.442e-18,,,,,,,,2.924e-26,,,,1.333e-6,,5.486e-2,,,,,,4.856e-3,,,,,,,,,2.624e-4,,,,,,,,,,,,,,
884.65,5.897e-2,3.747e-6,4.610e-13,,,,,7.502e-9,,,,,,1.037e-14,1.990e-20,,5.816e-18,,,,,,,,2.925e-26,,,,1.168e-6,,5.425e-2,,,,,,4.416e-3,,,,,,,,,2.946e-4,,,,,,,,,,,,,,
884.68,5.751e-2,4.553e-6,5.611e-13,,,,,5.586e-9,,,,,,1.518e-14,1.990e-20,,9.231e-18,,,,,,,,2.927e-26,,,,9.568e-7,,5.332e-2,,,,,,3.833e-3,,,,,,,,,3.498e-4,,,,,,,,,,,,,,
884.7,5.658e-2,5.179e-6,6.388e-13,,,,,4.584e-9,,,,,,1.955e-14,1.990e-20,,1.206e-17,,,,,,,,2.928e-26,,,,8.366e-7,,5.269e-2,,,,,,3.491e-3,,,,,,,,,3.918e-4,,,,,,,,,,,,,,
884.73,5.524e-2,6.271e-6,7.746e-13,,,,,3.400e-9,,,,,,2.850e-14,1.991e-20,,1.798e-17,,,,,,,,2.929e-26,,,,6.827e-7,,5.173e-2,,,,,,3.043e-3,,,,,,,,,4.635e-4,,,,,,,,,,,,,,
884.75,5.438e-2,7.116e-6,8.798e-13,,,,,2.783e-9,,,,,,3.661e-14,1.991e-20,,2.344e-17,,,,,,,,2.931e-26,,,,5.955e-7,,5.108e-2,,,,,,2.783e-3,,,,,,,,,5.179e-4,,,,,,,,,,,,,,
884.78,5.314e-2,8.585e-6,1.063e-12,,,,,2.057e-9,,,,,,5.319e-14,1.991e-20,,3.482e-17,,,,,,,,2.932e-26,,,,4.842e-7,,5.007e-2,,,,,,2.447e-3,,,,,,,,,6.105e-4,,,,,,,,,,,,,,
884.8,5.234e-2,9.717e-6,1.204e-12,,,,,1.680e-9,,,,,,6.814e-14,1.991e-20,,4.529e-17,,,,,,,,2.933e-26,,,,4.212e-7,,4.939e-2,,,,,,2.257e-3,,,,,,,,,6.804e-4,,,,,,,,,,,,,,
884.82,5.155e-2,1.099e-5,1.363e-12,,,,,1.370e-9,,,,,,8.722e-14,1.992e-20,,5.883e-17,,,,,,,,2.934e-26,,,,3.661e-7,,4.869e-2,,,,,,2.091e-3,,,,,,,,,7.576e-4,,,,,,,,,,,,,,
884.85,5.041e-2,1.319e-5,1.639e-12,,,,,1.007e-9,,,,,,1.261e-13,1.992e-20,,8.696e-17,,,,,,,,2.936e-26,,,,2.962e-7,,4.762e-2,,,,,,1.885e-3,,,,,,,,,8.885e-4,,,,,,,,,,,,,,
884.87,4.967e-2,1.488e-5,1.850e-12,,,,,8.197e-10,,,,,,1.610e-13,1.992e-20,,1.127e-16,,,,,,,,2.937e-26,,,,2.568e-7,,4.689e-2,,,,,,1.775e-3,,,,,,,,,9.869e-4,,,,,,,,,,,,,,
884.9,4.859e-2,1.779e-5,2.216e-12,,,,,6.006e-10,,,,,,2.319e-13,1.992e-20,,1.660e-16,,,,,,,,2.939e-26,,,,2.069e-7,,4.577e-2,,,,,,1.647e-3,,,,,,,,,1.153e-3,,,,,,,,,,,,,,
884.92,4.789e-2,2.002e-5,2.496e-12,,,,,4.874e-10,,,,,,2.954e-13,1.993e-20,,2.146e-16,,,,,,,,2.940e-26,,,,1.790e-7,,4.501e-2,,,,,,1.585e-3,,,,,,,,,1.278e-3,,,,,,,,,,,,,,
884.95,4.687e-2,2.386e-5,2.979e-12,,,,,3.558e-10,,,,,,4.239e-13,1.993e-20,,3.149e-16,,,,,,,,2.941e-26,,,,1.437e-7,,4.383e-2,,,,,,1.526e-3,,,,,,,,,1.488e-3,,,,,,,,,,,,,,
884.97,4.622e-2,2.679e-5,3.347e-12,,,,,2.881e-10,,,,,,5.387e-13,1.993e-20,,4.062e-16,,,,,,,,2.942e-26,,,,1.240e-7,,4.304e-2,,,,,,1.509e-3,,,,,,,,,1.644e-3,,,,,,,,,,,,,,
885,4.527e-2,3.180e-5,3.980e-12,,,,,2.095e-10,,,,,,7.703e-13,1.994e-20,,5.939e-16,,,,,,,,2.944e-26,,,,9.920e-8,,4.181e-2,,,,,,1.514e-3,,,,,,,,,1.908e-3,,,,,,,,,,,,,,
885.02,4.466e-2,3.561e-5,4.461e-12,,,,,1.692e-10,,,,,,9.765e-13,1.994e-20,,7.642e-16,,,,,,,,2.945e-26,,,,8.538e-8,,4.099e-2,,,,,,1.538e-3,,,,,,,,,2.103e-3,,,,,,,,,,,,,,
885.05,4.380e-2,4.213e-5,5.285e-12,,,,,1.226e-10,,,,,,1.391e-12,1.994e-20,,1.113e-15,,,,,,,,2.947e-26,,,,6.805e-8,,3.972e-2,,,,,,1.606e-3,,,,,,,,,2.431e-3,,,,,,,,,,,,,,
885.07,4.326e-2,4.706e-5,5.910e-12,,,,,9.877e-11,,,,,,1.759e-12,1.994e-20,,1.429e-15,,,,,,,,2.948e-26,,,,5.843e-8,,3.887e-2,,,,,,1.672e-3,,,,,,,,,2.674e-3,,,,,,,,,,,,,,
885.1,4.250e-2,5.547e-5,6.975e-12,,,,,7.129e-11,,,,,,2.498e-12,1.995e-20,,2.075e-15,,,,,,,,2.949e-26,,,,4.640e-8,,3.756e-2,,,,,,1.802e-3,,,,,,,,,3.079e-3,,,,,,,,,,,,,,
885.12,4.204e-2,6.182e-5,7.781e-12,,,,,5.730e-11,,,,,,3.151e-12,1.995e-20,,2.657e-15,,,,,,,,2.950e-26,,,,3.974e-8,,3.669e-2,,,,,,1.910e-3,,,,,,,,,3.379e-3,,,,,,,,,,,,,,
885.15,4.142e-2,7.260e-5,9.151e-12,,,,,4.121e-11,,,,,,4.457e-12,1.995e-20,,3.843e-15,,,,,,,,2.952e-26,,,,3.144e-8,,3.536e-2,,,,,,2.106e-3,,,,,,,,,3.877e-3,,,,,,,,,,,,,,
885.17,4.105e-2,8.071e-5,1.018e-11,,,,,3.304e-11,,,,,,5.609e-12,1.995e-20,,4.910e-15,,,,,,,,2.953e-26,,,,2.686e-8,,3.447e-2,,,,,,2.259e-3,,,,,,,,,4.244e-3,,,,,,,,,,,,,,
885.19,4.073e-2,8.964e-5,1.132e-11,,,,,2.646e-11,,,,,,7.053e-12,1.996e-20,,6.266e-15,,,,,,,,2.954e-26,,,,2.293e-8,,3.357e-2,,,,,,2.432e-3,,,,,,,,,4.642e-3,,,,,,,,,,,,,,
885.22,4.035e-2,1.047e-4,1.325e-11,,,,,1.893e-11,,,,,,9.925e-12,1.996e-20,,9.018e-15,,,,,,,,2.956e-26,,,,1.804e-8,,3.222e-2,,,,,,2.729e-3,,,,,,,,,5.299e-3,,,,,,,,,,,,,,
885.24,4.017e-2,1.160e-4,1.469e-11,,,,,1.513e-11,,,,,,1.245e-11,1.996e-20,,1.148e-14,,,,,,,,2.957e-26,,,,1.536e-8,,3.132e-2,,,,,,2.954e-3,,,,,,,,,5.780e-3,,,,,,,,,,,,,,
885.27,4.001e-2,1.351e-4,1.713e-11,,,,,1.078e-11,,,,,,1.746e-11,1.997e-20,,1.647e-14,,,,,,,,2.958e-26,,,,1.205e-8,,2.997e-2,,,,,,3.334e-3,,,,,,,,,6.575e-3,,,,,,,,,,,,,,
885.29,3.999e-2,1.493e-4,1.895e-11,,,,,8.593e-12,,,,,,2.184e-11,1.997e-20,,2.091e-14,,,,,,,,2.959e-26,,,,1.023e-8,,2.907e-2,,,,,,3.618e-3,,,,,,,,,7.155e-3,,,,,,,,,,,,,,
885.32,4.010e-2,1.732e-4,2.201e-11,,,,,6.103e-12,,,,,,3.052e-11,1.997e-20,,2.988e-14,,,,,,,,2.961e-26,,,,7.995e-9,,2.773e-2,,,,,,4.091e-3,,,,,,,,,8.108e-3,,,,,,,,,,,,,,
885.34,4.027e-2,1.910e-4,2.429e-11,,,,,4.852e-12,,,,,,3.809e-11,1.997e-20,,3.786e-14,,,,,,,,2.962e-26,,,,6.774e-9,,2.684e-2,,,,,,4.440e-3,,,,,,,,,8.803e-3,,,,,,,,,,,,,,
885.37,4.070e-2,2.207e-4,2.811e-11,,,,,3.433e-12,,,,,,5.303e-11,1.998e-20,,5.391e-14,,,,,,,,2.964e-26,,,,5.273e-9,,2.552e-2,,,,,,5.020e-3,,,,,,,,,9.940e-3,,,,,,,,,,,,,,
885.39,4.110e-2,2.427e-4,3.095e-11,,,,,2.723e-12,,,,,,6.603e-11,1.998e-20,,6.814e-14,,,,,,,,2.965e-26,,,,4.456e-9,,2.464e-2,,,,,,5.445e-3,,,,,,,,,1.076e-2,,,,,,,,,,,,,,
885.42,4.189e-2,2.795e-4,3.569e-11,,,,,1.919e-12,,,,,,9.159e-11,1.998e-20,,9.667e-14,,,,,,,,2.966e-26,,,,3.456e-9,,2.335e-2,,,,,,6.145e-3,,,,,,,,,1.211e-2,,,,,,,,,,,,,,
885.44,4.255e-2,3.067e-4,3.920e-11,,,,,1.518e-12,,,,,,1.138e-10,1.998e-20,,1.219e-13,,,,,,,,2.967e-26,,,,2.914e-9,,2.251e-2,,,,,,6.655e-3,,,,,,,,,1.308e-2,,,,,,,,,,,,,,
885.47,4.376e-2,3.519e-4,4.504e-11,,,,,1.066e-12,,,,,,1.572e-10,1.999e-20,,1.723e-13,,,,,,,,2.969e-26,,,,2.252e-9,,2.125e-2,,,,,,7.492e-3,,,,,,,,,1.467e-2,,,,,,,,,,,,,,
885.49,4.473e-2,3.851e-4,4.935e-11,,,,,8.416e-13,,,,,,1.949e-10,1.999e-20,,2.168e-13,,,,,,,,2.970e-26,,,,1.894e-9,,2.044e-2,,,,,,8.099e-3,,,,,,,,,1.581e-2,,,,,,,,,,,,,,
885.52,4.642e-2,4.402e-4,5.650e-11,,,,,5.889e-13,,,,,,2.683e-10,1.999e-20,,3.053e-13,,,,,,,,2.972e-26,,,,1.458e-9,,1.924e-2,,,,,,9.090e-3,,,,,,,,,1.765e-2,,,,,,,,,,,,,,
885.54,4.772e-2,4.807e-4,6.175e-11,,,,,4.636e-13,,,,,,3.317e-10,2.000e-20,,3.831e-13,,,,,,,,2.973e-26,,,,1.223e-9,,1.845e-2,,,,,,9.807e-3,,,,,,,,,1.898e-2,,,,,,,,,,,,,,
885.57,4.995e-2,5.475e-4,7.043e-11,,,,,3.232e-13,,,,,,4.551e-10,2.000e-20,,5.377e-13,,,,,,,,2.974e-26,,,,9.381e-10,,1.731e-2,,,,,,1.097e-2,,,,,,,,,2.112e-2,,,,,,,,,,,,,,
885.59,5.162e-2,5.964e-4,7.679e-11,,,,,2.538e-13,,,,,,5.613e-10,2.000e-20,,6.732e-13,,,,,,,,2.975e-26,,,,7.851e-10,,1.657e-2,,,,,,1.181e-2,,,,,,,,,2.265e-2,,,,,,,,,,,,,,
885.61,5.346e-2,6.490e-4,8.365e-11,,,,,1.991e-13,,,,,,6.916e-10,2.000e-20,,8.420e-13,,,,,,,,2.976e-26,,,,6.564e-10,,1.584e-2,,,,,,1.270e-2,,,,,,,,,2.427e-2,,,,,,,,,,,,,,
885.64,5.653e-2,7.354e-4,9.493e-11,,,,,1.381e-13,,,,,,9.440e-10,2.001e-20,,1.176e-12,,,,,,,,2.978e-26,,,,5.009e-10,,1.479e-2,,,,,,1.414e-2,,,,,,,,,2.687e-2,,,,,,,,,,,,,,
885.66,5.880e-2,7.984e-4,1.031e-10,,,,,1.081e-13,,,,,,1.160e-9,2.001e-20,,1.467e-12,,,,,,,,2.979e-26,,,,4.178e-10,,1.411e-2,,,,,,1.517e-2,,,,,,,,,2.872e-2,,,,,,,,,,,,,,
885.69,6.253e-2,9.014e-4,1.166e-10,,,,,7.468e-14,,,,,,1.578e-9,2.001e-20,,2.041e-12,,,,,,,,2.981e-26,,,,3.176e-10,,1.312e-2,,,,,,1.683e-2,,,,,,,,,3.168e-2,,,,,,,,,,,,,,
885.71,6.526e-2,9.762e-4,1.264e-10,,,,,5.830e-14,,,,,,1.935e-9,2.001e-20,,2.541e-12,,,,,,,,2.982e-26,,,,2.642e-10,,1.249e-2,,,,,,1.801e-2,,,,,,,,,3.378e-2,,,,,,,,,,,,,,
885.74,6.971e-2,1.098e-3,1.424e-10,,,,,4.014e-14,,,,,,2.623e-9,2.002e-20,,3.522e-12,,,,,,,,2.983e-26,,,,2.002e-10,,1.158e-2,,,,,,1.991e-2,,,,,,,,,3.713e-2,,,,,,,,,,,,,,
885.76,7.293e-2,1.186e-3,1.540e-10,,,,,3.126e-14,,,,,,3.208e-9,2.002e-20,,4.374e-12,,,,,,,,2.984e-26,,,,1.661e-10,,1.099e-2,,,,,,2.126e-2,,,,,,,,,3.949e-2,,,,,,,,,,,,,,
885.79,7.815e-2,1.330e-3,1.729e-10,,,,,2.144e-14,,,,,,4.332e-9,2.002e-20,,6.042e-12,,,,,,,,2.986e-26,,,,1.254e-10,,1.015e-2,,,,,,2.342e-2,,,,,,,,,4.325e-2,,,,,,,,,,,,,,
885.81,8.189e-2,1.433e-3,1.865e-10,,,,,1.665e-14,,,,,,5.286e-9,2.002e-20,,7.485e-12,,,,,,,,2.987e-26,,,,1.038e-10,,9.617e-3,,,,,,2.494e-2,,,,,,,,,4.589e-2,,,,,,,,,,,,,,
885.84,8.790e-2,1.600e-3,2.086e-10,,,,,1.138e-14,,,,,,7.112e-9,2.003e-20,,1.030e-11,,,,,,,,2.989e-26,,,,7.804e-11,,8.851e-3,,,,,,2.737e-2,,,,,,,,,5.007e-2,,,,,,,,,,,,,,
885.86,9.218e-2,1.720e-3,2.244e-10,,,,,8.819e-15,,,,,,8.657e-9,2.003e-20,,1.273e-11,,,,,,,,2.990e-26,,,,6.445e-11,,8.364e-3,,,,,,2.909e-2,,,,,,,,,5.300e-2,,,,,,,,,,,,,,
885.89,9.901e-2,1.914e-3,2.501e-10,,,,,6.004e-15,,,,,,1.161e-8,2.003e-20,,1.746e-11,,,,,,,,2.991e-26,,,,4.828e-11,,7.670e-3,,,,,,3.181e-2,,,,,,,,,5.762e-2,,,,,,,,,,,,,,
885.91,1.038e-1,2.053e-3,2.685e-10,,,,,4.641e-15,,,,,,1.409e-8,2.004e-20,,2.153e-11,,,,,,,,2.992e-26,,,,3.977e-11,,7.231e-3,,,,,,3.372e-2,,,,,,,,,6.085e-2,,,,,,,,,,,,,,
885.94,1.115e-1,2.276e-3,2.981e-10,,,,,3.148e-15,,,,,,1.883e-8,2.004e-20,,2.942e-11,,,,,,,,2.994e-26,,,,2.969e-11,,6.607e-3,,,,,,3.673e-2,,,,,,,,,6.590e-2,,,,,,,,,,,,,,
885.96,1.169e-1,2.435e-3,3.192e-10,,,,,2.428e-15,,,,,,2.281e-8,2.004e-20,,3.618e-11,,,,,,,,2.995e-26,,,,2.440e-11,,6.214e-3,,,,,,3.884e-2,,,,,,,,,6.942e-2,,,,,,,,,,,,,,
885.98,1.225e-1,2.603e-3,3.415e-10,,,,,1.870e-15,,,,,,2.760e-8,2.004e-20,,4.446e-11,,,,,,,,3.946e-26,,,,2.003e-11,,5.838e-3,,,,,,4.104e-2,,,,,,,,,7.306e-2,,,,,,,,,,,,,,
886.01,1.314e-1,2.871e-3,3.772e-10,,,,,1.262e-15,,,,,,3.668e-8,2.005e-20,,6.045e-11,,,,,,,,5.956e-26,,,,1.487e-11,,5.308e-3,,,,,,4.448e-2,,,,,,,,,7.873e-2,,,,,,,,,,,,,,
886.03,1.376e-1,3.061e-3,4.026e-10,,,,,9.697e-16,,,,,,4.428e-8,2.005e-20,,7.410e-11,,,,,,,,7.828e-26,,,,1.218e-11,,4.975e-3,,,,,,4.688e-2,,,,,,,,,8.266e-2,,,,,,,,,,,,,,
886.06,1.472e-1,3.364e-3,4.431e-10,,,,,6.520e-16,,,,,,5.864e-8,2.005e-20,,1.004e-10,,,,,,,,1.177e-25,,,,9.011e-12,,4.507e-3,,,,,,5.063e-2,,,,,,,,,8.875e-2,,,,,,,,,,,,,,
886.08,1.540e-1,3.578e-3,4.718e-10,,,,,4.998e-16,,,,,,7.063e-8,2.005e-20,,1.228e-10,,,,,,,,1.544e-25,,,,7.361e-12,,4.214e-3,,,,,,5.323e-2,,,,,,,,,9.294e-2,,,,,,,,,,,,,,
886.11,1.644e-1,3.918e-3,5.174e-10,,,,,3.348e-16,,,,,,9.319e-8,2.006e-20,,1.657e-10,,,,,,,,2.314e-25,,,,5.426e-12,,3.804e-3,,,,,,5.728e-2,,,,,,,,,9.943e-2,,,,,,,,,,,,,,
886.13,1.717e-1,4.157e-3,5.495e-10,,,,,2.560e-16,,,,,,1.120e-7,2.006e-20,,2.022e-10,,,,,,,,3.026e-25,,,,4.422e-12,,3.548e-3,,,,,,6.007e-2,,,,,,,,,1.039e-1,,,,,,,,,,,,,,
886.16,1.829e-1,4.536e-3,6.004e-10,,,,,1.708e-16,,,,,,1.472e-7,2.006e-20,,2.719e-10,,,,,,,,4.519e-25,,,,3.247e-12,,3.191e-3,,,,,,6.440e-2,,,,,,,,,1.107e-1,,,,,,,,,,,,,,
886.18,1.905e-1,4.801e-3,6.361e-10,,,,,1.303e-16,,,,,,1.764e-7,2.007e-20,,3.309e-10,,,,,,,,5.896e-25,,,,2.640e-12,,2.969e-3,,,,,,6.738e-2,,,,,,,,,1.154e-1,,,,,,,,,,,,,,
886.21,2.024e-1,5.219e-3,6.925e-10,,,,,8.665e-17,,,,,,2.311e-7,2.007e-20,,4.435e-10,,,,,,,,8.773e-25,,,,1.931e-12,,2.660e-3,,,,,,7.198e-2,,,,,,,,,1.226e-1,,,,,,,,,,,,,,
886.23,2.105e-1,5.511e-3,7.319e-10,,,,,6.593e-17,,,,,,2.763e-7,2.007e-20,,5.385e-10,,,,,,,,1.142e-24,,,,1.566e-12,,2.470e-3,,,,,,7.512e-2,,,,,,,,,1.274e-1,,,,,,,,,,,,,,
886.26,2.230e-1,5.969e-3,7.939e-10,,,,,4.368e-17,,,,,,3.606e-7,2.007e-20,,7.191e-10,,,,,,,,1.693e-24,,,,1.142e-12,,2.205e-3,,,,,,7.996e-2,,,,,,,,,1.348e-1,,,,,,,,,,,,,,
886.28,2.314e-1,6.287e-3,8.371e-10,,,,,3.315e-17,,,,,,4.302e-7,2.008e-20,,8.710e-10,,,,,,,,2.198e-24,,,,9.237e-13,,2.042e-3,,,,,,8.325e-2,,,,,,,,,1.398e-1,,,,,,,,,,,,,,
886.31,2.443e-1,6.785e-3,9.046e-10,,,,,2.188e-17,,,,,,5.594e-7,2.008e-20,,1.159e-9,,,,,,,,3.247e-24,,,,6.708e-13,,1.816e-3,,,,,,8.828e-2,,,,,,,,,1.474e-1,,,,,,,,,,,,,,
886.33,2.530e-1,7.129e-3,9.515e-10,,,,,1.657e-17,,,,,,6.657e-7,2.008e-20,,1.400e-9,,,,,,,,4.207e-24,,,,5.413e-13,,1.678e-3,,,,,,9.170e-2,,,,,,,,,1.525e-1,,,,,,,,,,,,,,
886.35,2.618e-1,7.484e-3,9.998e-10,,,,,,,,,,,7.914e-7,2.008e-20,,1.691e-9,,,,,,,,5.445e-24,,,,4.364e-13,,1.548e-3,,,,,,9.515e-2,,,,,,,,,1.577e-1,,,,,,,,,,,,,,
886.38,2.752e-1,8.036e-3,1.075e-9,,,,,,,,,,,1.024e-6,2.009e-20,,2.238e-9,,,,,,,,8.002e-24,,,,3.153e-13,,1.370e-3,,,,,,1.004e-1,,,,,,,,,1.654e-1,,,,,,,,,,,,,,
886.4,2.841e-1,8.415e-3,1.127e-9,,,,,,,,,,,1.214e-6,2.009e-20,,2.695e-9,,,,,,,,1.033e-23,,,,2.536e-13,,1.262e-3,,,,,,1.039e-1,,,,,,,,,1.705e-1,,,,,,,,,,,,,,
886.43,2.976e-1,9.002e-3,1.207e-9,,,,,,,,,,,1.565e-6,2.009e-20,,3.556e-9,,,,,,,,1.513e-23,,,,1.826e-13,,1.112e-3,,,,,,1.092e-1,,,,,,,,,1.782e-1,,,,,,,,,,,,,,
886.45,3.065e-1,9.405e-3,1.262e-9,,,,,,,,,,,1.852e-6,2.010e-20,,4.272e-9,,,,,,,,1.949e-23,,,,1.465e-13,,1.022e-3,,,,,,1.128e-1,,,,,,,,,1.833e-1,,,,,,,,,,,,,,
886.48,3.199e-1,1.002e-2,1.348e-9,,,,,,,,,,,2.379e-6,2.010e-20,,5.615e-9,,,,,,,,2.843e-23,,,,1.050e-13,,8.976e-4,,,,,,1.181e-1,,,,,,,,,1.909e-1,,,,,,,,,,,,,,
886.5,3.288e-1,1.045e-2,1.406e-9,,,,,,,,,,,2.808e-6,2.010e-20,,6.730e-9,,,,,,,,3.654e-23,,,,8.406e-14,,8.224e-4,,,,,,1.217e-1,,,,,,,,,1.959e-1,,,,,,,,,,,,,,
886.53,3.420e-1,1.109e-2,1.495e-9,,,,,,,,,,,3.593e-6,2.010e-20,,8.815e-9,,,,,,,,5.312e-23,,,,6.007e-14,,7.198e-4,,,,,,1.270e-1,,,,,,,,,2.032e-1,,,,,,,,,,,,,,
886.55,3.507e-1,1.153e-2,1.556e-9,,,,,,,,,,,4.231e-6,2.011e-20,,1.054e-8,,,,,,,,6.809e-23,,,,4.795e-14,,6.579e-4,,,,,,1.305e-1,,,,,,,,,2.080e-1,,,,,,,,,,,,,,
886.58,3.635e-1,1.220e-2,1.649e-9,,,,,,,,,,,5.395e-6,2.011e-20,,1.375e-8,,,,,,,,9.864e-23,,,,3.414e-14,,5.738e-4,,,,,,1.357e-1,,,,,,,,,2.150e-1,,,,,,,,,,,,,,
886.6,3.719e-1,1.266e-2,1.711e-9,,,,,,,,,,,6.336e-6,2.011e-20,,1.641e-8,,,,,,,,1.261e-22,,,,2.719e-14,,5.231e-4,,,,,,1.391e-1,,,,,,,,,2.196e-1,,,,,,,,,,,,,,
886.63,3.841e-1,1.334e-2,1.807e-9,,,,,,,,,,,8.051e-6,2.012e-20,,2.134e-8,,,,,,,,1.821e-22,,,,1.928e-14,,4.546e-4,,,,,,1.441e-1,,,,,,,,,2.262e-1,,,,,,,,,,,,,,
886.65,3.920e-1,1.381e-2,1.871e-9,,,,,,,,,,,9.434e-6,2.012e-20,,2.539e-8,,,,,,,,2.323e-22,,,,1.532e-14,,4.134e-4,,,,,,1.474e-1,,,,,,,,,2.304e-1,,,,,,,,,,,,,,
886.68,4.034e-1,1.450e-2,1.969e-9,,,,,,,,,,,1.194e-5,2.012e-20,,3.290e-8,,,,,,,,3.340e-22,,,,1.083e-14,,3.580e-4,,,,,,1.521e-1,,,,,,,,,2.364e-1,,,,,,,,,,,,,,
886.7,4.107e-1,1.497e-2,2.034e-9,,,,,,,,,,,1.396e-5,2.012e-20,,3.905e-8,,,,,,,,4.251e-22,,,,8.579e-15,,3.248e-4,,,,,,1.552e-1,,,,,,,,,2.402e-1,,,,,,,,,,,,,,
886.72,4.178e-1,1.543e-2,2.099e-9,,,,,,,,,,,1.630e-5,2.012e-20,,4.631e-8,,,,,,,,5.405e-22,,,,6.791e-15,,2.944e-4,,,,,,1.582e-1,,,,,,,,,2.439e-1,,,,,,,,,,,,,,
886.75,4.278e-1,1.613e-2,2.197e-9,,,,,,,,,,,2.053e-5,2.013e-20,,5.971e-8,,,,,,,,7.734e-22,,,,4.775e-15,,2.536e-4,,,,,,1.624e-1,,,,,,,,,2.490e-1,,,,,,,,,,,,,,
886.77,4.342e-1,1.659e-2,2.262e-9,,,,,,,,,,,2.392e-5,2.013e-20,,7.064e-8,,,,,,,,9.809e-22,,,,3.771e-15,,2.293e-4,,,,,,1.651e-1,,,,,,,,,2.522e-1,,,,,,,,,,,,,,
886.8,4.430e-1,1.727e-2,2.359e-9,,,,,,,,,,,3.002e-5,2.013e-20,,9.075e-8,,,,,,,,1.399e-21,,,,2.641e-15,,1.968e-4,,,,,,1.690e-1,,,,,,,,,2.565e-1,,,,,,,,,,,,,,
886.82,4.485e-1,1.772e-2,2.422e-9,,,,,,,,,,,3.489e-5,2.014e-20,,1.071e-7,,,,,,,,1.770e-21,,,,2.081e-15,,1.775e-4,,,,,,1.714e-1,,,,,,,,,2.592e-1,,,,,,,,,,,,,,
886.85,4.560e-1,1.839e-2,2.517e-9,,,,,,,,,,,4.363e-5,2.014e-20,,1.371e-7,,,,,,,,2.514e-21,,,,1.452e-15,,1.518e-4,,,,,,1.747e-1,,,,,,,,,2.627e-1,,,,,,,,,,,,,,
886.87,4.605e-1,1.882e-2,2.579e-9,,,,,,,,,,,5.058e-5,2.014e-20,,1.614e-7,,,,,,,,3.173e-21,,,,1.141e-15,,1.365e-4,,,,,,1.768e-1,,,,,,,,,2.647e-1,,,,,,,,,,,,,,
886.9,4.666e-1,1.946e-2,2.670e-9,,,,,,,,,,,6.302e-5,2.014e-20,,2.059e-7,,,,,,,,4.492e-21,,,,7.935e-16,,1.163e-4,,,,,,1.796e-1,,,,,,,,,2.674e-1,,,,,,,,,,,,,,
886.92,4.701e-1,1.987e-2,2.729e-9,,,,,,,,,,,7.288e-5,2.015e-20,,2.419e-7,,,,,,,,5.656e-21,,,,6.220e-16,,1.044e-4,,,,,,1.812e-1,,,,,,,,,2.688e-1,,,,,,,,,,,,,,
886.95,4.745e-1,2.046e-2,2.815e-9,,,,,,,,,,,9.048e-5,2.015e-20,,3.074e-7,,,,,,,,7.978e-21,,,,4.309e-16,,8.863e-5,,,,,,1.834e-1,,,,,,,,,2.705e-1,,,,,,,,,,,,,,
886.97,4.770e-1,2.085e-2,2.870e-9,,,,,,,,,,,1.044e-4,2.015e-20,,3.602e-7,,,,,,,,1.002e-20,,,,3.370e-16,,7.936e-5,,,,,,1.847e-1,,,,,,,,,2.713e-1,,,,,,,,,,,,,,
887,4.798e-1,2.139e-2,2.949e-9,,,,,,,,,,,1.291e-4,2.016e-20,,4.561e-7,,,,,,,,1.409e-20,,,,2.326e-16,,6.712e-5,,,,,,1.862e-1,,,,,,,,,2.720e-1,,,,,,,,,,,,,,
887.02,4.811e-1,2.174e-2,3.000e-9,,,,,,,,,,,1.486e-4,2.016e-20,,5.333e-7,,,,,,,,1.765e-20,,,,1.814e-16,,5.995e-5,,,,,,1.870e-1,,,,,,,,,2.721e-1,,,,,,,,,,,,,,
887.05,4.822e-1,2.223e-2,3.072e-9,,,,,,,,,,,1.832e-4,2.016e-20,,6.728e-7,,,,,,,,2.472e-20,,,,1.248e-16,,5.052e-5,,,,,,1.879e-1,,,,,,,,,2.718e-1,,,,,,,,,,,,,,
887.07,4.823e-1,2.253e-2,3.117e-9,,,,,,,,,,,2.103e-4,2.016e-20,,7.847e-7,,,,,,,,3.090e-20,,,,9.708e-17,,4.501e-5,,,,,,1.883e-1,,,,,,,,,2.713e-1,,,,,,,,,,,,,,
887.09,4.821e-1,2.282e-2,3.160e-9,,,,,,,,,,,2.413e-4,2.017e-20,,9.143e-7,,,,,,,,3.859e-20,,,,7.547e-17,,4.007e-5,,,,,,1.885e-1,,,,,,,,,2.705e-1,,,,,,,,,,,,,,
887.12,4.808e-1,2.321e-2,3.219e-9,,,,,,,,,,,2.958e-4,2.017e-20,,1.148e-6,,,,,,,,5.377e-20,,,,5.163e-17,,3.359e-5,,,,,,1.884e-1,,,,,,,,,2.688e-1,,,,,,,,,,,,,,
887.14,4.793e-1,2.345e-2,3.255e-9,,,,,,,,,,,3.385e-4,2.017e-20,,1.334e-6,,,,,,,,6.699e-20,,,,4.004e-17,,2.983e-5,,,,,,1.881e-1,,,,,,,,,2.674e-1,,,,,,,,,,,,,,
887.17,4.763e-1,2.377e-2,3.304e-9,,,,,,,,,,,4.136e-4,2.017e-20,,1.669e-6,,,,,,,,9.300e-20,,,,2.729e-17,,2.492e-5,,,,,,1.874e-1,,,,,,,,,2.647e-1,,,,,,,,,,,,,,
887.19,4.738e-1,2.395e-2,3.333e-9,,,,,,,,,,,4.722e-4,2.018e-20,,1.936e-6,,,,,,,,1.156e-19,,,,2.111e-17,,2.207e-5,,,,,,1.867e-1,,,,,,,,,2.627e-1,,,,,,,,,,,,,,
887.22,4.692e-1,2.419e-2,3.371e-9,,,,,,,,,,,5.748e-4,2.018e-20,,2.413e-6,,,,,,,,1.599e-19,,,,1.434e-17,,1.837e-5,,,,,,1.852e-1,,,,,,,,,2.592e-1,,,,,,,,,,,,,,
887.24,4.656e-1,2.432e-2,3.392e-9,,,,,,,,,,,6.546e-4,2.018e-20,,2.791e-6,,,,,,,,1.983e-19,,,,1.106e-17,,1.623e-5,,,,,,1.841e-1,,,,,,,,,2.565e-1,,,,,,,,,,,,,,
887.27,4.595e-1,2.447e-2,3.418e-9,,,,,,,,,,,7.941e-4,2.019e-20,,3.467e-6,,,,,,,,2.733e-19,,,,7.486e-18,,1.346e-5,,,,,,1.820e-1,,,,,,,,,2.522e-1,,,,,,,,,,,,,,
887.29,4.549e-1,2.454e-2,3.432e-9,,,,,,,,,,,9.021e-4,2.019e-20,,4.001e-6,,,,,,,,3.380e-19,,,,5.762e-18,,1.186e-5,,,,,,1.804e-1,,,,,,,,,2.490e-1,,,,,,,,,,,,,,
887.32,4.473e-1,2.461e-2,3.445e-9,,,,,,,,,,,1.090e-3,2.019e-20,,4.951e-6,,,,,,,,4.642e-19,,,,3.884e-18,,9.800e-6,,,,,,1.777e-1,,,,,,,,,2.439e-1,,,,,,,,,,,,,,
887.34,4.419e-1,2.462e-2,3.450e-9,,,,,,,,,,,1.236e-3,2.019e-20,,5.701e-6,,,,,,,,5.729e-19,,,,2.983e-18,,8.618e-6,,,,,,1.758e-1,,,,,,,,,2.402e-1,,,,,,,,,,,,,,
887.37,4.331e-1,2.459e-2,3.452e-9,,,,,,,,,,,1.488e-3,2.020e-20,,7.030e-6,,,,,,,,7.839e-19,,,,2.003e-18,,7.094e-6,,,,,,1.725e-1,,,,,,,,,2.344e-1,,,,,,,,,,,,,,
887.39,4.268e-1,2.454e-2,3.448e-9,,,,,,,,,,,1.682e-3,2.020e-20,,8.074e-6,,,,,,,,9.650e-19,,,,1.534e-18,,6.223e-6,,,,,,1.702e-1,,,,,,,,,2.304e-1,,,,,,,,,,,,,,
887.42,4.169e-1,2.443e-2,3.437e-9,,,,,,,,,,,2.019e-3,2.020e-20,,9.921e-6,,,,,,,,1.316e-18,,,,1.027e-18,,5.103e-6,,,,,,1.664e-1,,,,,,,,,2.240e-1,,,,,,,,,,,,,,
887.44,4.100e-1,2.432e-2,3.425e-9,,,,,,,,,,,2.277e-3,2.020e-20,,1.137e-5,,,,,,,,1.616e-18,,,,7.846e-19,,4.466e-6,,,,,,1.638e-1,,,,,,,,,2.196e-1,,,,,,,,,,,,,,
887.47,3.992e-1,2.412e-2,3.402e-9,,,,,,,,,,,2.722e-3,2.021e-20,,1.392e-5,,,,,,,,2.195e-18,,,,5.231e-19,,3.649e-6,,,,,,1.596e-1,,,,,,,,,2.127e-1,,,,,,,,,,,,,,
887.49,3.917e-1,2.395e-2,3.382e-9,,,,,,,,,,,3.062e-3,2.021e-20,,1.591e-5,,,,,,,,2.689e-18,,,,3.987e-19,,3.185e-6,,,,,,1.567e-1,,,,,,,,,2.080e-1,,,,,,,,,,,,,,
887.51,3.841e-1,2.377e-2,3.359e-9,,,,,,,,,,,3.442e-3,2.021e-20,,1.817e-5,,,,,,,,3.292e-18,,,,3.036e-19,,2.778e-6,,,,,,1.537e-1,,,,,,,,,2.032e-1,,,,,,,,,,,,,,
887.54,3.724e-1,2.345e-2,3.319e-9,,,,,,,,,,,4.094e-3,2.022e-20,,2.214e-5,,,,,,,,4.449e-18,,,,2.014e-19,,2.258e-6,,,,,,1.490e-1,,,,,,,,,1.959e-1,,,,,,,,,,,,,,
887.56,3.645e-1,2.321e-2,3.288e-9,,,,,,,,,,,4.591e-3,2.022e-20,,2.522e-5,,,,,,,,5.433e-18,,,,1.530e-19,,1.964e-6,,,,,,1.458e-1,,,,,,,,,1.909e-1,,,,,,,,,,,,,,
887.59,3.524e-1,2.282e-2,3.237e-9,,,,,,,,,,,5.441e-3,2.022e-20,,3.061e-5,,,,,,,,7.317e-18,,,,1.011e-19,,1.591e-6,,,,,,1.408e-1,,,,,,,,,1.833e-1,,,,,,,,,,,,,,
887.61,3.443e-1,2.253e-2,3.200e-9,,,,,,,,,,,6.087e-3,2.022e-20,,3.479e-5,,,,,,,,8.912e-18,,,,7.660e-20,,1.381e-6,,,,,,1.374e-1,,,,,,,,,1.782e-1,,,,,,,,,,,,,,
887.64,3.321e-1,2.207e-2,3.139e-9,,,,,,,,,,,7.188e-3,2.023e-20,,4.208e-5,,,,,,,,1.196e-17,,,,5.043e-20,,1.114e-6,,,,,,1.322e-1,,,,,,,,,1.705e-1,,,,,,,,,,,,,,
887.66,3.239e-1,2.174e-2,3.095e-9,,,,,,,,,,,8.021e-3,2.023e-20,,4.772e-5,,,,,,,,1.453e-17,,,,,,9.646e-7,,,,,,1.288e-1,,,,,,,,,1.654e-1,,,,,,,,,,,,,,
887.69,3.118e-1,2.121e-2,3.024e-9,,,,,,,,,,,9.438e-3,2.023e-20,,5.751e-5,,,,,,,,1.943e-17,,,,,,7.756e-7,,,,,,1.235e-1,,,,,,,,,1.577e-1,,,,,,,,,,,,,,
887.71,3.039e-1,2.085e-2,2.975e-9,,,,,,,,,,,1.051e-2,2.023e-20,,6.506e-5,,,,,,,,2.356e-17,,,,,,6.698e-7,,,,,,1.199e-1,,,,,,,,,1.525e-1,,,,,,,,,,,,,,
887.74,2.921e-1,2.027e-2,2.897e-9,,,,,,,,,,,1.232e-2,2.024e-20,,7.813e-5,,,,,,,,3.138e-17,,,,,,5.365e-7,,,,,,1.146e-1,,,,,,,,,1.449e-1,,,,,,,,,,,,,,
887.76,2.845e-1,1.987e-2,2.842e-9,,,,,,,,,,,1.368e-2,2.024e-20,,8.816e-5,,,,,,,,3.795e-17,,,,,,4.622e-7,,,,,,1.110e-1,,,,,,,,,1.398e-1,,,,,,,,,,,,,,
887.79,2.734e-1,1.925e-2,2.758e-9,,,,,,,,,,,1.598e-2,2.024e-20,,1.055e-4,,,,,,,,5.038e-17,,,,,,3.689e-7,,,,,,1.057e-1,,,,,,,,,1.323e-1,,,,,,,,,,,,,,
887.81,2.662e-1,1.882e-2,2.699e-9,,,,,,,,,,,1.770e-2,4.294e-20,,1.188e-4,,,,,,,,6.078e-17,,,,,,3.170e-7,,,,,,1.021e-1,,,,,,,,,1.274e-1,,,,,,,,,,,,,,
887.84,2.560e-1,1.817e-2,2.609e-9,,,,,,,,,,,2.061e-2,6.481e-20,,1.416e-4,,,,,,,,8.040e-17,,,,,,2.521e-7,,,,,,9.689e-2,,,,,,,,,1.201e-1,,,,,,,,,,,,,,
887.86,2.495e-1,1.772e-2,2.548e-9,,,,,,,,,,,2.277e-2,8.518e-20,,1.590e-4,,,,,,,,9.676e-17,,,,,,2.161e-7,,,,,,9.342e-2,,,,,,,,,1.154e-1,,,,,,,,,,,,,,
887.88,2.433e-1,1.727e-2,2.486e-9,,,,,,,,,,,2.514e-2,1.118e-19,,1.785e-4,,,,,,,,1.163e-16,,,,,,1.851e-7,,,,,,8.998e-2,,,,,,,,,1.107e-1,,,,,,,,,,,,,,
887.91,2.347e-1,1.659e-2,2.391e-9,,,,,,,,,,,2.912e-2,1.680e-19,,2.117e-4,,,,,,,,1.531e-16,,,,,,1.465e-7,,,,,,8.492e-2,,,,,,,,,1.039e-1,,,,,,,,,,,,,,
887.93,2.295e-1,1.613e-2,2.326e-9,,,,,,,,,,,3.207e-2,2.200e-19,,2.370e-4,,,,,,,,1.837e-16,,,,,,1.251e-7,,,,,,8.160e-2,,,,,,,,,9.943e-2,,,,,,,,,,,,,,
887.96,2.224e-1,1.543e-2,2.229e-9,,,,,,,,,,,3.701e-2,3.293e-19,,2.802e-4,,,,,,,,2.408e-16,,,,,,9.863e-8,,,,,,7.672e-2,,,,,,,,,9.294e-2,,,,,,,,,,,,,,
887.98,2.182e-1,1.497e-2,2.164e-9,,,,,,,,,,,4.066e-2,4.303e-19,,3.129e-4,,,,,,,,2.882e-16,,,,,,8.406e-8,,,,,,7.354e-2,,,,,,,,,8.875e-2,,,,,,,,,,,,,,
888.01,2.129e-1,1.427e-2,2.066e-9,,,,,,,,,,,4.675e-2,6.417e-19,,3.685e-4,,,,,,,,3.765e-16,,,,,,6.602e-8,,,,,,6.890e-2,,,,,,,,,8.266e-2,,,,,,,,,,,,,,
888.03,2.101e-1,1.381e-2,2.001e-9,,,,,,,,,,,5.124e-2,8.365e-19,,4.106e-4,,,,,,,,4.495e-16,,,,,,5.613e-8,,,,,,6.588e-2,,,,,,,,,7.873e-2,,,,,,,,,,,,,,
888.06,2.069e-1,1.311e-2,1.904e-9,,,,,,,,,,,5.870e-2,1.243e-18,,4.819e-4,,,,,,,,5.851e-16,,,,,,4.393e-8,,,,,,6.150e-2,,,,,,,,,7.306e-2,,,,,,,,,,,,,,
888.08,2.055e-1,1.266e-2,1.839e-9,,,,,,,,,,,6.419e-2,1.616e-18,,5.356e-4,,,,,,,,6.968e-16,,,,,,3.726e-8,,,,,,5.866e-2,,,,,,,,,6.942e-2,,,,,,,,,,,,,,
888.11,2.046e-1,1.198e-2,1.743e-9,,,,,,,,,,,7.326e-2,2.393e-18,,6.264e-4,,,,,,,,9.039e-16,,,,,,2.905e-8,,,,,,5.456e-2,,,,,,,,,6.419e-2,,,,,,,,,,,,,,
888.13,2.049e-1,1.153e-2,1.680e-9,,,,,,,,,,,7.992e-2,3.105e-18,,6.945e-4,,,,,,,,1.074e-15,,,,,,2.458e-8,,,,,,5.192e-2,,,,,,,,,6.085e-2,,,,,,,,,,,,,,
888.16,2.067e-1,1.088e-2,1.587e-9,,,,,,,,,,,9.089e-2,4.580e-18,,8.093e-4,,,,,,,,1.388e-15,,,,,,1.910e-8,,,,,,4.811e-2,,,,,,,,,5.605e-2,,,,,,,,,,,,,,
888.18,2.089e-1,1.045e-2,1.525e-9,,,,,,,,,,,9.891e-2,5.928e-18,,8.952e-4,,,,,,,,1.645e-15,,,,,,1.612e-8,,,,,,4.567e-2,,,,,,,,,5.300e-2,,,,,,,,,,,,,,
888.21,2.137e-1,9.816e-3,1.435e-9,,,,,,,,,,,1.121e-1,8.713e-18,,1.040e-3,,,,,,,,2.118e-15,,,,,,1.248e-8,,,,,,4.216e-2,,,,,,,,,4.865e-2,,,,,,,,,,,,,,
888.23,2.180e-1,9.405e-3,1.377e-9,,,,,,,,,,,1.217e-1,1.125e-17,,1.147e-3,,,,,,,,2.505e-15,,,,,,1.052e-8,,,,,,3.993e-2,,,,,,,,,4.589e-2,,,,,,,,,,,,,,
888.25,2.233e-1,9.002e-3,1.319e-9,,,,,,,,,,,1.320e-1,1.451e-17,,1.265e-3,,,,,,,,2.958e-15,,,,,,8.855e-9,,,,,,3.778e-2,,,,,,,,,4.325e-2,,,,,,,,,,,,,,
888.28,2.328e-1,8.415e-3,1.235e-9,,,,,,,,,,,1.488e-1,2.123e-17,,1.461e-3,,,,,,,,3.791e-15,,,,,,6.834e-9,,,,,,3.470e-2,,,,,,,,,3.949e-2,,,,,,,,,,,,,,
888.3,2.405e-1,8.036e-3,1.180e-9,,,,,,,,,,,1.610e-1,2.732e-17,,1.607e-3,,,,,,,,4.466e-15,,,,,,5.748e-9,,,,,,3.275e-2,,,,,,,,,3.713e-2,,,,,,,,,,,,,,
888.33,2.539e-1,7.484e-3,1.101e-9,,,,,,,,,,,1.808e-1,3.980e-17,,1.850e-3,,,,,,,,5.703e-15,,,,,,4.436e-9,,,,,,2.997e-2,,,,,,,,,3.378e-2,,,,,,,,,,,,,,
888.35,2.642e-1,7.129e-3,1.050e-9,,,,,,,,,,,1.952e-1,5.110e-17,,2.030e-3,,,,,,,,6.703e-15,,,,,,3.737e-9,,,,,,2.822e-2,,,,,,,,,3.168e-2,,,,,,,,,,,,,,
888.38,2.818e-1,6.616e-3,9.755e-10,,,,,,,,,,,2.184e-1,7.420e-17,,2.329e-3,,,,,,,,8.527e-15,,,,,,2.901e-9,,,,,,2.573e-2,,,,,,,,,2.872e-2,,,,,,,,,,,,,,
888.4,2.951e-1,6.287e-3,9.279e-10,,,,,,,,,,,2.352e-1,9.503e-17,,2.549e-3,,,,,,,,1.000e-14,,,,,,2.462e-9,,,,,,2.417e-2,,,,,,,,,2.687e-2,,,,,,,,,,,,,,
888.43,3.172e-1,5.813e-3,8.592e-10,,,,,,,,,,,2.623e-1,1.375e-16,,2.914e-3,,,,,,,,1.268e-14,,,,,,1.950e-9,,,,,,2.196e-2,,,,,,,,,2.427e-2,,,,,,,,,,,,,,
888.45,3.336e-1,5.511e-3,8.153e-10,,,,,,,,,,,2.817e-1,1.757e-16,,3.182e-3,,,,,,,,1.483e-14,,,,,,1.691e-9,,,,,,2.057e-2,,,,,,,,,2.265e-2,,,,,,,,,,,,,,
888.48,3.608e-1,5.077e-3,7.522e-10,,,,,,,,,,,3.131e-1,2.533e-16,,3.624e-3,,,,,,,,1.873e-14,,,,,,1.407e-9,,,,,,1.862e-2,,,,,,,,,2.039e-2,,,,,,,,,,,,,,
888.5,3.806e-1,4.801e-3,7.120e-10,,,,,,,,,,,3.354e-1,3.228e-16,,3.948e-3,,,,,,,,2.186e-14,,,,,,1.279e-9,,,,,,1.741e-2,,,,,,,,,1.898e-2,,,,,,,,,,,,,,
888.53,4.130e-1,4.407e-3,6.545e-10,,,,,,,,,,,3.714e-1,4.637e-16,,4.481e-3,,,,,,,,2.750e-14,,,,,,1.171e-9,,,,,,1.570e-2,,,,,,,,,1.702e-2,,,,,,,,,,,,,,
888.55,4.365e-1,4.157e-3,6.181e-10,,,,,,,,,,,3.970e-1,5.896e-16,,4.870e-3,,,,,,,,3.202e-14,,,,,,1.152e-9,,,,,,1.464e-2,,,,,,,,,1.581e-2,,,,,,,,,,,,,,
888.58,4.745e-1,3.802e-3,5.661e-10,,,,,,,,,,,4.380e-1,8.439e-16,,5.508e-3,,,,,,,,4.015e-14,,,,,,1.202e-9,,,,,,1.316e-2,,,,,,,,,1.412e-2,,,,,,,,,,,,,,
888.6,5.019e-1,3.578e-3,5.332e-10,,,,,,,,,,,4.670e-1,1.071e-15,,5.972e-3,,,,,,,,4.663e-14,,,,,,1.290e-9,,,,,,1.224e-2,,,,,,,,,1.308e-2,,,,,,,,,,,,,,
888.62,5.308e-1,3.364e-3,5.018e-10,,,,,,,,,,,4.975e-1,1.357e-15,,6.468e-3,,,,,,,,5.411e-14,,,,,,1.426e-9,,,,,,1.137e-2,,,,,,,,,1.211e-2,,,,,,,,,,,,,,
888.65,5.774e-1,3.061e-3,4.573e-10,,,,,,,,,,,5.461e-1,1.932e-15,,7.279e-3,,,,,,,,6.751e-14,,,,,,1.730e-9,,,,,,1.017e-2,,,,,,,,,1.076e-2,,,,,,,,,,,,,,
888.67,6.105e-1,2.871e-3,4.293e-10,,,,,,,,,,,5.804e-1,2.443e-15,,7.866e-3,,,,,,,,7.814e-14,,,,,,2.010e-9,,,,,,9.423e-3,,,,,,,,,9.940e-3,,,,,,,,,,,,,,
888.7,6.633e-1,2.603e-3,3.898e-10,,,,,,,,,,,6.347e-1,3.466e-15,,8.820e-3,,,,,,,,9.714e-14,,,,,,2.569e-9,,,,,,8.395e-3,,,,,,,,,8.803e-3,,,,,,,,,,,,,,
888.72,7.007e-1,2.435e-3,3.650e-10,,,,,,,,,,,6.729e-1,4.372e-15,,9.508e-3,,,,,,,,1.122e-13,,,,,,3.053e-9,,,,,,7.763e-3,,,,,,,,,8.108e-3,,,,,,,,,,,,,,
888.75,7.601e-1,2.200e-3,3.302e-10,,,,,,,,,,,7.332e-1,6.181e-15,,1.062e-2,,,,,,,,1.389e-13,,,,,,3.986e-9,,,,,,6.890e-3,,,,,,,,,7.155e-3,,,,,,,,,,,,,,
888.77,8.019e-1,2.053e-3,3.085e-10,,,,,,,,,,,7.755e-1,7.777e-15,,1.143e-2,,,,,,,,1.600e-13,,,,,,4.777e-9,,,,,,6.356e-3,,,,,,,,,6.575e-3,,,,,,,,,,,,,,
888.8,8.679e-1,1.848e-3,2.781e-10,,,,,,,,,,,8.420e-1,1.096e-14,,1.272e-2,,,,,,,,1.975e-13,,,,,,6.278e-9,,,,,,5.621e-3,,,,,,,,,5.780e-3,,,,,,,,,,,,,,
888.82,9.142e-1,1.720e-3,2.592e-10,,,,,,,,,,,8.884e-1,1.375e-14,,1.365e-2,,,,,,,,2.270e-13,,,,,,7.537e-9,,,,,,5.173e-3,,,,,,,,,5.299e-3,,,,,,,,,,,,,,
888.85,9.869e-1,1.543e-3,2.327e-10,,,,,,,,,,,9.610e-1,1.931e-14,,1.514e-2,,,,,,,,2.791e-13,,,,,,9.910e-9,,,,,,4.558e-3,,,,,,,,,4.642e-3,,,,,,,,,,,,,,
888.87,1.038e+0,1.433e-3,2.164e-10,,,,,,,,,,,1.012e+0,2.418e-14,,1.621e-2,,,,,,,,3.200e-13,,,,,,1.189e-8,,,,,,4.184e-3,,,,,,,,,4.244e-3,,,,,,,,,,,,,,
888.9,1.117e+0,1.280e-3,1.936e-10,,,,,,,,,,,1.090e+0,3.382e-14,,1.791e-2,,,,,,,,3.921e-13,,,,,,1.560e-8,,,,,,3.673e-3,,,,,,,,,3.704e-3,,,,,,,,,,,,,,
888.92,1.172e+0,1.186e-3,1.796e-10,,,,,,,,,,,1.145e+0,4.225e-14,,1.913e-2,,,,,,,,4.484e-13,,,,,,1.868e-8,,,,,,3.364e-3,,,,,,,,,3.379e-3,,,,,,,,,,,,,,
888.95,1.258e+0,1.056e-3,1.601e-10,,,,,,,,,,,1.230e+0,5.888e-14,,2.107e-2,,,,,,,,5.475e-13,,,,,,2.443e-8,,,,,,2.943e-3,,,,,,,,,2.939e-3,,,,,,,,,,,,,,
888.97,1.317e+0,9.762e-4,1.481e-10,,,,,,,,,,,1.288e+0,7.338e-14,,2.245e-2,,,,,,,,6.247e-13,,,,,,2.919e-8,,,,,,2.688e-3,,,,,,,,,2.674e-3,,,,,,,,,,,,,,
888.99,1.377e+0,9.014e-4,1.369e-10,,,,,,,,,,,1.348e+0,9.136e-14,,2.389e-2,,,,,,,,7.120e-13,,,,,,3.485e-8,,,,,,2.453e-3,,,,,,,,,2.431e-3,,,,,,,,,,,,,,
889.02,1.471e+0,7.984e-4,1.214e-10,,,,,,,,,,,1.440e+0,1.267e-13,,2.618e-2,,,,,,,,8.649e-13,,,,,,4.537e-8,,,,,,2.135e-3,,,,,,,,,2.103e-3,,,,,,,,,,,,,,
889.04,1.536e+0,7.354e-4,1.120e-10,,,,,,,,,,,1.503e+0,1.574e-13,,2.780e-2,,,,,,,,9.835e-13,,,,,,5.403e-8,,,,,,1.944e-3,,,,,,,,,1.908e-3,,,,,,,,,,,,,,
889.07,1.635e+0,6.490e-4,9.896e-11,,,,,,,,,,,1.601e+0,2.174e-13,,3.036e-2,,,,,,,,1.190e-12,,,,,,7.009e-8,,,,,,1.686e-3,,,,,,,,,1.644e-3,,,,,,,,,,,,,,
889.09,1.703e+0,5.964e-4,9.103e-11,,,,,,,,,,,1.667e+0,2.694e-13,,3.216e-2,,,,,,,,1.350e-12,,,,,,8.328e-8,,,,,,1.531e-3,,,,,,,,,1.488e-3,,,,,,,,,,,,,,
889.12,1.806e+0,5.244e-4,8.016e-11,,,,,,,,,,,1.768e+0,3.709e-13,,3.500e-2,,,,,,,,1.628e-12,,,,,,1.077e-7,,,,,,1.323e-3,,,,,,,,,1.278e-3,,,,,,,,,,,,,,
889.14,1.877e+0,4.807e-4,7.355e-11,,,,,,,,,,,1.837e+0,4.585e-13,,3.698e-2,,,,,,,,1.843e-12,,,,,,1.276e-7,,,,,,1.198e-3,,,,,,,,,1.153e-3,,,,,,,,,,,,,,
889.17,1.984e+0,4.212e-4,6.453e-11,,,,,,,,,,,1.942e+0,6.290e-13,,4.010e-2,,,,,,,,2.214e-12,,,,,,1.644e-7,,,,,,1.032e-3,,,,,,,,,9.869e-4,,,,,,,,,,,,,,
889.19,2.057e+0,3.851e-4,5.907e-11,,,,,,,,,,,2.013e+0,7.757e-13,,4.228e-2,,,,,,,,2.500e-12,,,,,,1.943e-7,,,,,,9.324e-4,,,,,,,,,8.885e-4,,,,,,,,,,,,,,
889.22,2.167e+0,3.362e-4,5.164e-11,,,,,,,,,,,2.120e+0,1.060e-12,,4.568e-2,,,,,,,,2.993e-12,,,,,,2.494e-7,,,,,,7.997e-4,,,,,,,,,7.576e-4,,,,,,,,,,,,,,
889.24,2.241e+0,3.067e-4,4.715e-11,,,,,,,,,,,2.191e+0,1.304e-12,,4.805e-2,,,,,,,,3.371e-12,,,,,,2.942e-7,,,,,,7.210e-4,,,,,,,,,6.804e-4,,,,,,,,,,,,,,
889.27,2.353e+0,2.667e-4,4.107e-11,,,,,,,,,,,2.300e+0,1.777e-12,,5.173e-2,,,,,,,,4.021e-12,,,,,,3.762e-7,,,,,,6.162e-4,,,,,,,,,5.780e-4,,,,,,,,,,,,,,
889.29,2.427e+0,2.427e-4,3.741e-11,,,,,,,,,,,2.372e+0,2.180e-12,,5.428e-2,,,,,,,,4.518e-12,,,,,,4.427e-7,,,,,,5.542e-4,,,,,,,,,5.179e-4,,,,,,,,,,,,,,
889.32,2.539e+0,2.103e-4,3.247e-11,,,,,,,,,,,2.480e+0,2.959e-12,,5.823e-2,,,,,,,,5.370e-12,,,,,,5.642e-7,,,,,,4.719e-4,,,,,,,,,4.384e-4,,,,,,,,,,,,,,
889.34,2.614e+0,1.910e-4,2.950e-11,,,,,,,,,,,2.552e+0,3.623e-12,,6.095e-2,,,,,,,,6.019e-12,,,,,,6.623e-7,,,,,,4.234e-4,,,,,,,,,3.918e-4,,,,,,,,,,,,,,
889.37,2.724e+0,1.649e-4,2.551e-11,,,,,,,,,,,2.658e+0,4.899e-12,,6.516e-2,,,,,,,,7.129e-12,,,,,,8.409e-7,,,,,,3.592e-4,,,,,,,,,3.305e-4,,,,,,,,,,,,,,
889.39,2.797e+0,1.493e-4,2.313e-11,,,,,,,,,,,2.728e+0,5.984e-12,,6.804e-2,,,,,,,,7.971e-12,,,,,,9.848e-7,,,,,,3.215e-4,,,,,,,,,2.946e-4,,,,,,,,,,,,,,
889.41,2.870e+0,1.351e-4,2.094e-11,,,,,,,,,,,2.798e+0,7.302e-12,,7.099e-2,,,,,,,,8.904e-12,,,,,,1.152e-6,,,,,,2.875e-4,,,,,,,,,2.624e-4,,,,,,,,,,,,,,
889.44,2.976e+0,1.160e-4,1.802e-11,,,,,,,,,,,2.900e+0,9.825e-12,,7.551e-2,,,,,,,,1.049e-11,,,,,,1.456e-6,,,,,,2.427e-4,,,,,,,,,2.202e-4,,,,,,,,,,,,,,
889.46,3.046e+0,1.047e-4,1.628e-11,,,,,,,,,,,2.967e+0,1.196e-11,,7.859e-2,,,,,,,,1.169e-11,,,,,,1.699e-6,,,,,,2.165e-4,,,,,,,,,1.957e-4,,,,,,,,,,,,,,
889.49,3.148e+0,8.964e-5,1.395e-11,,,,,,,,,,,3.064e+0,1.603e-11,,8.330e-2,,,,,,,,1.373e-11,,,,,,2.138e-6,,,,,,1.820e-4,,,,,,,,,1.636e-4,,,,,,,,,,,,,,
889.51,3.214e+0,8.071e-5,1.257e-11,,,,,,,,,,,3.127e+0,1.947e-11,,8.650e-2,,,,,,,,1.526e-11,,,,,,2.490e-6,,,,,,1.620e-4,,,,,,,,,1.450e-4,,,,,,,,,,,,,,
889.54,3.309e+0,6.883e-5,1.074e-11,,,,,,,,,,,3.217e+0,2.601e-11,,9.135e-2,,,,,,,,1.786e-11,,,,,,3.123e-6,,,,,,1.357e-4,,,,,,,,,1.208e-4,,,,,,,,,,,,,,
889.56,3.370e+0,6.182e-5,9.655e-12,,,,,,,,,,,3.275e+0,3.151e-11,,9.463e-2,,,,,,,,1.980e-11,,,,,,3.628e-6,,,,,,1.205e-4,,,,,,,,,1.068e-4,,,,,,,,,,,,,,
889.59,3.458e+0,5.253e-5,8.215e-12,,,,,,,,,,,3.358e+0,4.195e-11,,9.959e-2,,,,,,,,2.309e-11,,,,,,4.533e-6,,,,,,1.006e-4,,,,,,,,,8.864e-5,,,,,,,,,,,,,,
889.61,3.514e+0,4.706e-5,7.368e-12,,,,,,,,,,,3.411e+0,5.070e-11,,1.029e-1,,,,,,,,2.554e-11,,,,,,5.253e-6,,,,,,8.908e-5,,,,,,,,,7.819e-5,,,,,,,,,,,,,,
889.64,3.593e+0,3.984e-5,6.247e-12,,,,,,,,,,,3.484e+0,6.724e-11,,1.079e-1,,,,,,,,2.967e-11,,,,,,6.542e-6,,,,,,7.410e-5,,,,,,,,,6.466e-5,,,,,,,,,,,,,,
889.66,3.642e+0,3.561e-5,5.589e-12,,,,,,,,,,,3.530e+0,8.107e-11,,1.113e-1,,,,,,,,3.274e-11,,,,,,7.562e-6,,,,,,6.546e-5,,,,,,,,,5.690e-5,,,,,,,,,,,,,,
889.69,3.710e+0,3.004e-5,4.721e-12,,,,,,,,,,,3.593e+0,1.071e-10,,1.163e-1,,,,,,,,3.790e-11,,,,,,9.383e-6,,,,,,5.425e-5,,,,,,,,,4.688e-5,,,,,,,,,,,,,,
889.71,3.752e+0,2.679e-5,4.214e-12,,,,,,,,,,,3.632e+0,1.289e-10,,1.196e-1,,,,,,,,4.172e-11,,,,,,1.082e-5,,,,,,4.781e-5,,,,,,,,,4.115e-5,,,,,,,,,,,,,,
889.74,3.808e+0,2.251e-5,3.547e-12,,,,,,,,,,,3.683e+0,1.697e-10,,1.245e-1,,,,,,,,4.812e-11,,,,,,1.338e-5,,,,,,3.948e-5,,,,,,,,,3.379e-5,,,,,,,,,,,,,,
889.76,3.842e+0,2.002e-5,3.158e-12,,,,,,,,,,,3.714e+0,2.036e-10,,1.278e-1,,,,,,,,5.285e-11,,,,,,1.539e-5,,,,,,3.471e-5,,,,,,,,,2.959e-5,,,,,,,,,,,,,,
889.78,3.872e+0,1.779e-5,2.809e-12,,,,,,,,,,,3.741e+0,2.441e-10,,1.310e-1,,,,,,,,5.799e-11,,,,,,1.769e-5,,,,,,3.048e-5,,,,,,,,,2.588e-5,,,,,,,,,,,,,,
889.81,3.911e+0,1.488e-5,2.352e-12,,,,,,,,,,,3.775e+0,3.198e-10,,1.357e-1,,,,,,,,6.654e-11,,,,,,2.176e-5,,,,,,2.504e-5,,,,,,,,,2.114e-5,,,,,,,,,,,,,,
889.83,3.932e+0,1.319e-5,2.087e-12,,,,,,,,,,,3.793e+0,3.825e-10,,1.388e-1,,,,,,,,7.284e-11,,,,,,2.495e-5,,,,,,2.194e-5,,,,,,,,,1.845e-5,,,,,,,,,,,,,,
889.86,3.957e+0,1.099e-5,1.741e-12,,,,,,,,,,,3.814e+0,4.994e-10,,1.433e-1,,,,,,,,8.328e-11,,,,,,3.058e-5,,,,,,1.796e-5,,,,,,,,,1.501e-5,,,,,,,,,,,,,,
889.88,3.969e+0,9.717e-6,1.541e-12,,,,,,,,,,,3.823e+0,5.958e-10,,1.462e-1,,,,,,,,9.094e-11,,,,,,3.498e-5,,,,,,1.570e-5,,,,,,,,,1.307e-5,,,,,,,,,,,,,,
889.91,3.980e+0,8.066e-6,1.281e-12,,,,,,,,,,,3.830e+0,7.750e-10,,1.504e-1,,,,,,,,1.036e-10,,,,,,4.272e-5,,,,,,1.280e-5,,,,,,,,,1.060e-5,,,,,,,,,,,,,,
889.93,3.983e+0,7.116e-6,1.132e-12,,,,,,,,,,,3.830e+0,9.224e-10,,1.531e-1,,,,,,,,1.129e-10,,,,,,4.875e-5,,,,,,1.116e-5,,,,,,,,,9.204e-6,,,,,,,,,,,,,,
889.96,3.980e+0,5.885e-6,9.372e-13,,,,,,,,,,,3.823e+0,1.196e-9,,1.569e-1,,,,,,,,1.281e-10,,,,,,5.932e-5,,,,,,9.072e-6,,,,,,,,,7.436e-6,,,,,,,,,,,,,,
889.98,3.973e+0,5.179e-6,8.256e-13,,,,,,,,,,,3.814e+0,1.420e-9,,1.594e-1,,,,,,,,1.392e-10,,,,,,6.753e-5,,,,,,7.890e-6,,,,,,,,,6.442e-6,,,,,,,,,,,,,,
890.01,3.956e+0,4.268e-6,6.813e-13,,,,,,,,,,,3.793e+0,1.833e-9,,1.628e-1,,,,,,,,1.575e-10,,,,,,8.188e-5,,,,,,6.389e-6,,,,,,,,,5.185e-6,,,,,,,,,,,,,,
890.03,3.940e+0,3.747e-6,5.987e-13,,,,,,,,,,,3.775e+0,2.172e-9,,1.649e-1,,,,,,,,1.707e-10,,,,,,9.299e-5,,,,,,5.543e-6,,,,,,,,,4.482e-6,,,,,,,,,,,,,,
890.06,3.909e+0,3.076e-6,4.923e-13,,,,,,,,,,,3.741e+0,2.795e-9,,1.678e-1,,,,,,,,1.924e-10,,,,,,1.123e-4,,,,,,4.472e-6,,,,,,,,,3.594e-6,,,,,,,,,,,,,,
890.08,3.884e+0,2.694e-6,4.316e-13,,,,,,,,,,,3.714e+0,3.302e-9,,1.696e-1,,,,,,,,2.081e-10,,,,,,1.273e-4,,,,,,3.871e-6,,,,,,,,,3.099e-6,,,,,,,,,,,,,,
890.11,3.839e+0,2.204e-6,3.536e-13,,,,,,,,,,,3.667e+0,4.234e-9,,1.720e-1,,,,,,,,2.336e-10,,,,,,1.532e-4,,,,,,3.111e-6,,,,,,,,,2.476e-6,,,,,,,,,,,,,,
890.13,3.805e+0,1.926e-6,3.092e-13,,,,,,,,,,,3.632e+0,4.992e-9,,1.735e-1,,,,,,,,2.521e-10,,,,,,1.732e-4,,,,,,2.686e-6,,,,,,,,,2.130e-6,,,,,,,,,,,,,,
890.15,3.768e+0,1.681e-6,2.701e-13,,,,,,,,,,,3.593e+0,5.879e-9,,1.747e-1,,,,,,,,2.717e-10,,,,,,1.955e-4,,,,,,2.317e-6,,,,,,,,,1.830e-6,,,,,,,,,,,,,,
890.18,3.707e+0,1.368e-6,2.202e-13,,,,,,,,,,,3.530e+0,7.500e-9,,1.763e-1,,,,,,,,3.036e-10,,,,,,2.342e-4,,,,,,1.853e-6,,,,,,,,,1.455e-6,,,,,,,,,,,,,,
890.2,3.662e+0,1.191e-6,1.919e-13,,,,,,,,,,,3.484e+0,8.812e-9,,1.772e-1,,,,,,,,3.264e-10,,,,,,2.638e-4,,,,,,1.595e-6,,,,,,,,,1.247e-6,,,,,,,,,,,,,,
890.23,3.589e+0,9.658e-7,1.558e-13,,,,,,,,,,,3.411e+0,1.120e-8,,1.782e-1,,,,,,,,3.634e-10,,,,,,3.148e-4,,,,,,1.271e-6,,,,,,,,,9.878e-7,,,,,,,,,,,,,,
890.25,3.537e+0,8.388e-7,1.355e-13,,,,,,,,,,,3.358e+0,1.313e-8,,1.787e-1,,,,,,,,3.898e-10,,,,,,3.538e-4,,,,,,1.091e-6,,,,,,,,,8.446e-7,,,,,,,,,,,,,,
890.28,3.455e+0,6.778e-7,1.096e-13,,,,,,,,,,,3.275e+0,1.663e-8,,1.790e-1,,,,,,,,4.324e-10,,,,,,4.207e-4,,,,,,8.659e-7,,,,,,,,,6.666e-7,,,,,,,,,,,,,,
890.3,3.397e+0,5.873e-7,9.509e-14,,,,,,,,,,,3.217e+0,1.945e-8,,1.791e-1,,,,,,,,4.627e-10,,,,,,4.716e-4,,,,,,7.415e-7,,,,,,,,,5.686e-7,,,,,,,,,,,,,,
890.33,3.306e+0,4.728e-7,7.667e-14,,,,,,,,,,,3.127e+0,2.455e-8,,1.788e-1,,,,,,,,5.113e-10,,,,,,5.588e-4,,,,,,5.865e-7,,,,,,,,,4.471e-7,,,,,,,,,,,,,,
890.35,3.243e+0,4.087e-7,6.633e-14,,,,,,,,,,,3.064e+0,2.863e-8,,1.784e-1,,,,,,,,5.459e-10,,,,,,6.249e-4,,,,,,5.010e-7,,,,,,,,,3.805e-7,,,,,,,,,,,,,,
890.38,3.145e+0,3.278e-7,5.329e-14,,,,,,,,,,,2.967e+0,3.601e-8,,1.775e-1,,,,,,,,6.012e-10,,,,,,7.378e-4,,,,,,3.949e-7,,,,,,,,,2.981e-7,,,,,,,,,,,,,,
890.4,3.078e+0,2.826e-7,4.599e-14,,,,,,,,,,,2.900e+0,4.190e-8,,1.767e-1,,,,,,,,6.403e-10,,,,,,8.231e-4,,,,,,3.365e-7,,,,,,,,,2.530e-7,,,,,,,,,,,,,,
890.43,2.974e+0,2.259e-7,3.681e-14,,,,,,,,,,,2.798e+0,5.251e-8,,1.752e-1,,,,,,,,7.025e-10,,,,,,9.683e-4,,,,,,2.642e-7,,,,,,,,,1.975e-7,,,,,,,,,,,,,,
890.45,2.903e+0,1.943e-7,3.169e-14,,,,,,,,,,,2.728e+0,6.096e-8,,1.740e-1,,,,,,,,7.464e-10,,,,,,1.078e-3,,,,,,2.246e-7,,,,,,,,,1.673e-7,,,,,,,,,,,,,,
890.48,2.796e+0,1.547e-7,2.528e-14,,,,,,,,,,,2.623e+0,7.611e-8,,1.719e-1,,,,,,,,8.160e-10,,,,,,1.263e-3,,,,,,1.758e-7,,,,,,,,,1.301e-7,,,,,,,,,,,,,,
890.5,2.723e+0,1.328e-7,2.171e-14,,,,,,,,,,,2.552e+0,8.815e-8,,1.703e-1,,,,,,,,8.649e-10,,,,,,1.403e-3,,,,,,1.491e-7,,,,,,,,,1.099e-7,,,,,,,,,,,,,,
890.52,2.650e+0,1.138e-7,1.863e-14,,,,,,,,,,,2.480e+0,1.020e-7,,1.685e-1,,,,,,,,9.159e-10,,,,,,1.556e-3,,,,,,1.263e-7,,,,,,,,,9.275e-8,,,,,,,,,,,,,,
890.55,2.539e+0,9.017e-8,1.478e-14,,,,,,,,,,,2.372e+0,1.267e-7,,1.657e-1,,,,,,,,9.962e-10,,,,,,1.814e-3,,,,,,9.830e-8,,,,,,,,,7.178e-8,,,,,,,,,,,,,,
890.57,2.465e+0,7.711e-8,1.265e-14,,,,,,,,,,,2.300e+0,1.463e-7,,1.636e-1,,,,,,,,1.052e-9,,,,,,2.008e-3,,,,,,8.308e-8,,,,,,,,,6.043e-8,,,,,,,,,,,,,,
890.6,2.354e+0,6.087e-8,1.000e-14,,,,,,,,,,,2.191e+0,1.810e-7,,1.602e-1,,,,,,,,1.141e-9,,,,,,2.333e-3,,,,,,6.443e-8,,,,,,,,,4.659e-8,,,,,,,,,,,,,,
890.62,2.280e+0,5.193e-8,8.541e-15,,,,,,,,,,,2.120e+0,2.085e-7,,1.579e-1,,,,,,,,1.202e-9,,,,,,2.576e-3,,,,,,5.433e-8,,,,,,,,,3.913e-8,,,,,,,,,,,,,,
890.65,2.170e+0,4.084e-8,6.727e-15,,,,,,,,,,,2.013e+0,2.571e-7,,1.541e-1,,,,,,,,1.298e-9,,,,,,2.982e-3,,,,,,4.198e-8,,,,,,,,,3.006e-8,,,,,,,,,,,,,,
890.67,2.097e+0,3.475e-8,5.730e-15,,,,,,,,,,,1.942e+0,2.954e-7,,1.514e-1,,,,,,,,1.365e-9,,,,,,3.284e-3,,,,,,3.531e-8,,,,,,,,,2.518e-8,,,,,,,,,,,,,,
890.7,1.988e+0,2.724e-8,4.497e-15,,,,,,,,,,,1.837e+0,3.630e-7,,1.473e-1,,,,,,,,1.468e-9,,,,,,3.789e-3,,,,,,2.719e-8,,,,,,,,,1.928e-8,,,,,,,,,,,,,,
890.72,1.917e+0,2.312e-8,3.822e-15,,,,,,,,,,,1.768e+0,4.160e-7,,1.444e-1,,,,,,,,1.540e-9,,,,,,4.163e-3,,,,,,2.281e-8,,,,,,,,,1.611e-8,,,,,,,,,,,,,,
890.75,1.812e+0,1.805e-8,2.988e-15,,,,,,,,,,,1.667e+0,5.095e-7,,1.400e-1,,,,,,,,1.651e-9,,,,,,4.786e-3,,,,,,1.750e-8,,,,,,,,,1.229e-8,,,,,,,,,,,,,,
890.77,1.743e+0,1.529e-8,2.533e-15,,,,,,,,,,,1.601e+0,5.824e-7,,1.369e-1,,,,,,,,1.727e-9,,,,,,5.245e-3,,,,,,1.465e-8,,,,,,,,,1.024e-8,,,,,,,,,,,,,,
890.8,1.642e+0,1.189e-8,1.974e-15,,,,,,,,,,,1.503e+0,7.107e-7,,1.322e-1,,,,,,,,1.845e-9,,,,,,6.008e-3,,,,,,1.119e-8,,,,,,,,,7.783e-9,,,,,,,,,,,,,,
890.82,1.576e+0,1.005e-8,1.669e-15,,,,,,,,,,,1.440e+0,8.106e-7,,1.290e-1,,,,,,,,1.926e-9,,,,,,6.569e-3,,,,,,9.347e-9,,,,,,,,,6.473e-9,,,,,,,,,,,,,,
890.85,1.479e+0,7.789e-9,1.296e-15,,,,,,,,,,,1.348e+0,9.855e-7,,1.242e-1,,,,,,,,2.050e-9,,,,,,7.497e-3,,,,,,7.119e-9,,,,,,,,,4.901e-9,,,,,,,,,,,,,,
890.87,1.417e+0,6.564e-9,1.093e-15,,,,,,,,,,,1.288e+0,1.121e-6,,1.209e-1,,,,,,,,2.135e-9,,,,,,8.178e-3,,,,,,5.929e-9,,,,,,,,,4.066e-9,,,,,,,,,,,,,,
890.89,1.356e+0,5.527e-9,9.212e-16,,,,,,,,,,,1.230e+0,1.275e-6,,1.176e-1,,,,,,,,2.221e-9,,,,,,8.912e-3,,,,,,4.934e-9,,,,,,,,,3.370e-9,,,,,,,,,,,,,,
890.92,1.268e+0,4.262e-9,7.114e-16,,,,,,,,,,,1.145e+0,1.542e-6,,1.126e-1,,,,,,,,2.352e-9,,,,,,1.012e-2,,,,,,3.739e-9,,,,,,,,,2.539e-9,,,,,,,,,,,,,,
890.94,1.211e+0,3.580e-9,5.981e-16,,,,,,,,,,,1.090e+0,1.749e-6,,1.092e-1,,,,,,,,2.441e-9,,,,,,1.100e-2,,,,,,3.104e-9,,,,,,,,,2.099e-9,,,,,,,,,,,,,,
890.97,1.128e+0,2.751e-9,4.603e-16,,,,,,,,,,,1.012e+0,2.108e-6,,1.042e-1,,,,,,,,2.576e-9,,,,,,1.245e-2,,,,,,2.343e-9,,,,,,,,,1.575e-9,,,,,,,,,,,,,,
890.99,1.075e+0,2.305e-9,3.860e-16,,,,,,,,,,,9.610e-1,2.384e-6,,1.009e-1,,,,,,,,2.666e-9,,,,,,1.350e-2,,,,,,1.941e-9,,,,,,,,,1.299e-9,,,,,,,,,,,,,,
891.02,9.995e-1,1.764e-9,2.960e-16,,,,,,,,,,,8.884e-1,2.864e-6,,9.592e-2,,,,,,,,2.803e-9,,,,,,1.522e-2,,,,,,1.461e-9,,,,,,,,,9.716e-10,,,,,,,,,,,,,,
891.04,9.511e-1,1.475e-9,2.476e-16,,,,,,,,,,,8.420e-1,3.232e-6,,9.263e-2,,,,,,,,2.895e-9,,,,,,1.647e-2,,,,,,1.207e-9,,,,,,,,,7.995e-10,,,,,,,,,,,,,,
891.07,8.818e-1,1.125e-9,1.892e-16,,,,,,,,,,,7.755e-1,3.868e-6,,8.776e-2,,,,,,,,3.033e-9,,,,,,1.850e-2,,,,,,9.057e-10,,,,,,,,,5.957e-10,,,,,,,,,,,,,,
891.09,8.378e-1,9.380e-10,1.579e-16,,,,,,,,,,,7.332e-1,4.355e-6,,8.455e-2,,,,,,,,3.125e-9,,,,,,1.997e-2,,,,,,7.474e-10,,,,,,,,,4.890e-10,,,,,,,,,,,,,,
891.12,7.751e-1,7.129e-10,1.202e-16,,,,,,,,,,,6.729e-1,5.193e-6,,7.982e-2,,,,,,,,3.262e-9,,,,,,2.235e-2,,,,,,5.600e-10,,,,,,,,,3.630e-10,,,,,,,,,,,,,,
891.14,7.355e-1,5.930e-10,1.001e-16,,,,,,,,,,,6.347e-1,5.832e-6,,7.672e-2,,,,,,,,3.353e-9,,,,,,2.406e-2,,,,,,4.621e-10,,,,,,,,,2.972e-10,,,,,,,,,,,,,,
891.17,6.794e-1,4.491e-10,7.588e-17,,,,,,,,,,,5.804e-1,6.930e-6,,7.217e-2,,,,,,,,3.488e-9,,,,,,2.684e-2,,,,,,3.471e-10,,,,,,,,,2.198e-10,,,,,,,,,,,,,,
891.19,6.441e-1,3.726e-10,6.302e-17,,,,,,,,,,,5.461e-1,7.765e-6,,6.921e-2,,,,,,,,3.576e-9,,,,,,2.883e-2,,,,,,2.876e-10,,,,,,,,,1.796e-10,,,,,,,,,,,,,,
891.22,5.944e-1,2.811e-10,4.762e-17,,,,,,,,,,,4.975e-1,9.193e-6,,6.487e-2,,,,,,,,3.706e-9,,,,,,3.203e-2,,,,,,2.189e-10,,,,,,,,,1.323e-10,,,,,,,,,,,,,,
891.24,5.634e-1,2.327e-10,3.946e-17,,,,,,,,,,,4.670e-1,1.028e-5,,6.206e-2,,,,,,,,3.791e-9,,,,,,3.433e-2,,,,,,1.842e-10,,,,,,,,,1.078e-10,,,,,,,,,,,,,,
891.27,5.199e-1,1.749e-10,2.971e-17,,,,,,,,,,,4.240e-1,1.212e-5,,5.796e-2,,,,,,,,3.914e-9,,,,,,3.801e-2,,,,,,1.458e-10,,,,,,,,,7.918e-11,,,,,,,,,,,,,,
891.29,4.930e-1,1.445e-10,2.455e-17,,,,,,,,,,,3.970e-1,1.352e-5,,5.532e-2,,,,,,,,3.994e-9,,,,,,4.063e-2,,,,,,1.279e-10,,,,,,,,,6.436e-11,,,,,,,,,,,,,,
891.31,4.676e-1,1.192e-10,2.028e-17,,,,,,,,,,,3.714e-1,1.506e-5,,5.275e-2,,,,,,,,4.072e-9,,,,,,4.340e-2,,,,,,1.152e-10,,,,,,,,,5.227e-11,,,,,,,,,,,,,,
891.34,4.323e-1,8.913e-11,1.519e-17,,,,,,,,,,,3.354e-1,1.768e-5,,4.902e-2,,,,,,,,4.184e-9,,,,,,4.781e-2,,,,,,1.052e-10,,,,,,,,,3.818e-11,,,,,,,,,,,,,,
891.36,4.106e-1,7.335e-11,1.251e-17,,,,,,,,,,,3.131e-1,1.964e-5,,4.663e-2,,,,,,,,4.255e-9,,,,,,5.094e-2,,,,,,1.042e-10,,,,,,,,,3.093e-11,,,,,,,,,,,,,,
891.39,3.809e-1,5.466e-11,9.337e-18,,,,,,,,,,,2.817e-1,2.298e-5,,4.319e-2,,,,,,,,4.356e-9,,,,,,5.592e-2,,,,,,1.111e-10,,,,,,,,,2.252e-11,,,,,,,,,,,,,,
891.41,3.627e-1,4.488e-11,7.673e-18,,,,,,,,,,,2.623e-1,2.547e-5,,4.098e-2,,,,,,,,4.419e-9,,,,,,5.943e-2,,,,,,1.217e-10,,,,,,,,,1.820e-11,,,,,,,,,,,,,,
891.44,3.380e-1,3.332e-11,5.705e-18,,,,,,,,,,,2.352e-1,2.969e-5,,3.782e-2,,,,,,,,4.508e-9,,,,,,6.501e-2,,,,,,1.474e-10,,,,,,,,,1.320e-11,,,,,,,,,,,,,,
891.46,3.232e-1,2.729e-11,4.677e-18,,,,,,,,,,,2.184e-1,3.283e-5,,3.581e-2,,,,,,,,4.562e-9,,,,,,6.893e-2,,,,,,1.721e-10,,,,,,,,,1.064e-11,,,,,,,,,,,,,,
891.49,3.032e-1,2.019e-11,3.465e-18,,,,,,,,,,,1.952e-1,3.813e-5,,3.293e-2,,,,,,,,4.637e-9,,,,,,7.513e-2,,,,,,2.231e-10,,,,,,,,,7.688e-12,,,,,,,,,,,,,,
891.51,2.914e-1,1.649e-11,2.834e-18,,,,,,,,,,,1.808e-1,4.207e-5,,3.110e-2,,,,,,,,4.682e-9,,,,,,7.947e-2,,,,,,2.683e-10,,,,,,,,,6.183e-12,,,,,,,,,,,,,,
891.54,2.758e-1,1.216e-11,2.092e-18,,,,,,,,,,,1.610e-1,4.868e-5,,2.850e-2,,,,,,,,4.741e-9,,,,,,8.630e-2,,,,,,3.573e-10,,,,,,,,,4.451e-12,,,,,,,,,,,,,,
891.56,2.667e-1,9.908e-12,1.706e-18,,,,,,,,,,,1.488e-1,5.358e-5,,2.685e-2,,,,,,,,4.776e-9,,,,,,9.107e-2,,,,,,4.341e-10,,,,,,,,,3.571e-12,,,,,,,,,,,,,,
891.59,2.551e-1,7.276e-12,1.255e-18,,,,,,,,,,,1.320e-1,6.177e-5,,2.452e-2,,,,,,,,4.819e-9,,,,,,9.854e-2,,,,,,5.827e-10,,,,,,,,,2.562e-12,,,,,,,,,,,,,,
891.61,2.485e-1,5.916e-12,1.021e-18,,,,,,,,,,,1.217e-1,6.784e-5,,2.305e-2,,,,,,,,4.842e-9,,,,,,1.037e-1,,,,,,7.094e-10,,,,,,,,,2.050e-12,,,,,,,,,,,,,,
891.64,2.404e-1,4.329e-12,7.485e-19,,,,,,,,,,,1.075e-1,7.792e-5,,2.097e-2,,,,,,,,4.868e-9,,,,,,1.118e-1,,,,,,9.528e-10,,,,,,,,,1.465e-12,,,,,,,,,,,,,,
891.66,2.361e-1,3.511e-12,6.077e-19,,,,,,,,,,,9.891e-2,8.537e-5,,1.967e-2,,,,,,,,4.880e-9,,,,,,1.175e-1,,,,,,1.159e-9,,,,,,,,,1.170e-12,,,,,,,,,,,,,,
891.68,2.326e-1,2.845e-12,4.929e-19,,,,,,,,,,,9.089e-2,9.343e-5,,1.843e-2,,,,,,,,4.887e-9,,,,,,1.232e-1,,,,,,1.409e-9,,,,,,,,,9.332e-13,,,,,,,,,,,,,,
891.71,2.289e-1,2.071e-12,3.593e-19,,,,,,,,,,,7.992e-2,1.068e-4,,1.668e-2,,,,,,,,4.889e-9,,,,,,1.322e-1,,,,,,1.886e-9,,,,,,,,,6.635e-13,,,,,,,,,,,,,,
891.73,2.273e-1,1.674e-12,2.907e-19,,,,,,,,,,,7.326e-2,1.166e-4,,1.559e-2,,,,,,,,4.884e-9,,,,,,1.384e-1,,,,,,2.289e-9,,,,,,,,,5.280e-13,,,,,,,,,,,,,,
891.76,2.263e-1,1.214e-12,2.112e-19,,,,,,,,,,,6.419e-2,1.328e-4,,1.407e-2,,,,,,,,4.868e-9,,,,,,1.479e-1,,,,,,3.054e-9,,,,,,,,,3.741e-13,,,,,,,,,,,,,,
891.78,2.264e-1,9.791e-13,1.705e-19,,,,,,,,,,,5.870e-2,1.446e-4,,1.312e-2,,,,,,,,4.852e-9,,,,,,1.544e-1,,,,,,3.698e-9,,,,,,,,,2.969e-13,,,,,,,,,,,,,,
891.81,2.277e-1,7.077e-13,1.234e-19,,,,,,,,,,,5.124e-2,1.641e-4,,1.179e-2,,,,,,,,4.819e-9,,,,,,1.645e-1,,,,,,4.917e-9,,,,,,,,,2.096e-13,,,,,,,,,,,,,,
891.83,2.292e-1,5.692e-13,9.935e-20,,,,,,,,,,,4.675e-2,1.784e-4,,1.097e-2,,,,,,,,4.791e-9,,,,,,1.713e-1,,,,,,5.939e-9,,,,,,,,,1.660e-13,,,,,,,,,,,,,,
891.86,2.325e-1,4.099e-13,7.164e-20,,,,,,,,,,,4.066e-2,2.017e-4,,9.824e-3,,,,,,,,4.741e-9,,,,,,1.818e-1,,,,,,7.869e-9,,,,,,,,,1.167e-13,,,,,,,,,,,,,,
891.88,2.353e-1,3.289e-13,5.755e-20,,,,,,,,,,,3.701e-2,2.186e-4,,9.118e-3,,,,,,,,4.703e-9,,,,,,1.889e-1,,,,,,9.482e-9,,,,,,,,,9.220e-14,,,,,,,,,,,,,,
891.91,2.402e-1,2.360e-13,4.135e-20,,,,,,,,,,,3.207e-2,2.463e-4,,8.138e-3,,,,,,,,4.637e-9,,,,,,1.998e-1,,,,,,1.252e-8,,,,,,,,,6.461e-14,,,,,,,,,,,,,,
891.93,2.440e-1,1.889e-13,3.313e-20,,,,,,,,,,,2.912e-2,2.664e-4,,7.535e-3,,,,,,,,4.588e-9,,,,,,2.071e-1,,,,,,1.505e-8,,,,,,,,,5.091e-14,,,,,,,,,,,,,,
891.96,2.503e-1,1.350e-13,2.372e-20,,,,,,,,,,,2.514e-2,2.990e-4,,6.702e-3,,,,,,,,4.508e-9,,,,,,2.182e-1,,,,,,1.980e-8,,,,,,,,,3.555e-14,,,,,,,,,,,,,,
891.98,2.549e-1,1.078e-13,1.896e-20,,,,,,,,,,,2.277e-2,3.226e-4,,6.191e-3,,,,,,,,4.449e-9,,,,,,2.257e-1,,,,,,2.374e-8,,,,,,,,,2.794e-14,,,,,,,,,,,,,,
892.01,2.623e-1,7.681e-14,1.352e-20,,,,,,,,,,,1.959e-2,3.609e-4,,5.486e-3,,,,,,,,4.356e-9,,,,,,2.369e-1,,,,,,3.113e-8,,,,,,,,,1.944e-14,,,,,,,,,,,,,,
892.03,2.676e-1,6.119e-14,1.078e-20,,,,,,,,,,,1.770e-2,3.884e-4,,5.056e-3,,,,,,,,4.289e-9,,,,,,2.444e-1,,,,,,3.724e-8,,,,,,,,,1.524e-14,,,,,,,,,,,,,,
892.05,2.730e-1,4.869e-14,8.591e-21,,,,,,,,,,,1.598e-2,4.176e-4,,4.655e-3,,,,,,,,4.220e-9,,,,,,2.519e-1,,,,,,4.451e-8,,,,,,,,,1.194e-14,,,,,,,,,,,,,,
892.08,2.814e-1,3.451e-14,6.097e-21,,,,,,,,,,,1.368e-2,4.648e-4,,4.105e-3,,,,,,,,4.110e-9,,,,,,2.631e-1,,,,,,5.806e-8,,,,,,,,,8.266e-15,,,,,,,,,,,,,,
892.1,2.872e-1,2.739e-14,4.845e-21,,,,,,,,,,,1.232e-2,4.985e-4,,3.770e-3,,,,,,,,4.033e-9,,,,,,2.706e-1,,,,,,6.923e-8,,,,,,,,,6.460e-15,,,,,,,,,,,,,,
892.13,2.960e-1,1.934e-14,3.426e-21,,,,,,,,,,,1.051e-2,5.529e-4,,3.313e-3,,,,,,,,3.914e-9,,,,,,2.816e-1,,,,,,8.999e-8,,,,,,,,,4.455e-15,,,,,,,,,,,,,,
892.15,3.019e-1,1.532e-14,2.716e-21,,,,,,,,,,,9.438e-3,5.916e-4,,3.036e-3,,,,,,,,3.832e-9,,,,,,2.889e-1,,,,,,1.070e-7,,,,,,,,,3.473e-15,,,,,,,,,,,,,,
892.18,3.109e-1,1.078e-14,1.913e-21,,,,,,,,,,,8.021e-3,6.538e-4,,2.658e-3,,,,,,,,3.706e-9,,,,,,2.996e-1,,,,,,1.386e-7,,,,,,,,,2.386e-15,,,,,,,,,,,,,,
892.2,3.169e-1,8.514e-15,1.513e-21,,,,,,,,,,,7.188e-3,6.979e-4,,2.430e-3,,,,,,,,3.620e-9,,,,,,3.065e-1,,,,,,1.645e-7,,,,,,,,,1.856e-15,,,,,,,,,,,,,,
892.23,3.257e-1,5.968e-15,1.062e-21,,,,,,,,,,,6.087e-3,7.684e-4,,2.120e-3,,,,,,,,3.488e-9,,,,,,3.168e-1,,,,,,2.123e-7,,,,,,,,,1.270e-15,,,,,,,,,,,,,,
892.25,3.316e-1,4.703e-15,8.380e-22,,,,,,,,,,,5.441e-3,8.184e-4,,1.933e-3,,,,,,,,3.398e-9,,,,,,3.234e-1,,,,,,2.514e-7,,,,,,,,,9.857e-16,,,,,,,,,,,,,,
892.28,3.401e-1,3.285e-15,5.861e-22,,,,,,,,,,,4.591e-3,8.978e-4,,1.681e-3,,,,,,,,3.262e-9,,,,,,3.329e-1,,,,,,3.232e-7,,,,,,,,,6.723e-16,,,,,,,,,,,,,,
892.3,3.456e-1,2.583e-15,4.613e-22,,,,,,,,,,,4.094e-3,9.539e-4,,1.529e-3,,,,,,,,3.171e-9,,,,,,3.391e-1,,,,,,3.818e-7,,,,,,,,,5.204e-16,,,,,,,,,,,,,,
892.33,3.537e-1,1.797e-15,3.214e-22,,,,,,,,,,,3.442e-3,1.043e-3,,1.325e-3,,,,,,,,3.033e-9,,,,,,3.478e-1,,,,,,4.892e-7,,,,,,,,,3.536e-16,,,,,,,,,,,,,,
892.35,3.588e-1,1.409e-15,2.524e-22,,,,,,,,,,,3.062e-3,1.105e-3,,1.203e-3,,,,,,,,2.941e-9,,,,,,3.534e-1,,,,,,5.764e-7,,,,,,,,,2.730e-16,,,,,,,,,,,,,,
892.38,3.661e-1,9.772e-16,1.752e-22,,,,,,,,,,,2.565e-3,1.204e-3,,1.038e-3,,,,,,,,2.803e-9,,,,,,3.613e-1,,,,,,7.359e-7,,,,,,,,,1.849e-16,,,,,,,,,,,,,,
892.4,3.706e-1,7.646e-16,1.372e-22,,,,,,,,,,,2.277e-3,1.273e-3,,9.400e-4,,,,,,,,2.712e-9,,,,,,3.661e-1,,,,,,8.651e-7,,,,,,,,,1.424e-16,,,,,,,,,,,,,,
892.42,3.750e-1,5.976e-16,1.074e-22,,,,,,,,,,,2.019e-3,1.345e-3,,8.504e-4,,,,,,,,2.621e-9,,,,,,3.707e-1,,,,,,1.016e-6,,,,,,,,,1.096e-16,,,,,,,,,,,,,,
892.45,3.809e-1,4.122e-16,7.417e-23,,,,,,,,,,,1.682e-3,1.457e-3,,7.305e-4,,,,,,,,2.485e-9,,,,,,3.771e-1,,,,,,1.291e-6,,,,,,,,,7.382e-17,,,,,,,,,,,,,,
892.47,3.846e-1,3.214e-16,5.789e-23,,,,,,,,,,,1.488e-3,1.536e-3,,6.593e-4,,,,,,,,2.396e-9,,,,,,3.809e-1,,,,,,1.512e-6,,,,,,,,,5.666e-17,,,,,,,,,,,,,,
892.5,3.895e-1,2.209e-16,3.985e-23,,,,,,,,,,,1.236e-3,1.658e-3,,5.643e-4,,,,,,,,2.264e-9,,,,,,3.860e-1,,,,,,1.914e-6,,,,,,,,,3.803e-17,,,,,,,,,,,,,,
892.52,3.923e-1,1.718e-16,3.103e-23,,,,,,,,,,,1.090e-3,1.743e-3,,5.081e-4,,,,,,,,2.178e-9,,,,,,3.890e-1,,,,,,2.237e-6,,,,,,,,,2.912e-17,,,,,,,,,,,,,,
892.55,3.960e-1,1.177e-16,2.128e-23,,,,,,,,,,,9.021e-4,1.876e-3,,4.333e-4,,,,,,,,2.050e-9,,,,,,3.928e-1,,,,,,2.822e-6,,,,,,,,,1.948e-17,,,,,,,,,,,,,,
892.57,3.980e-1,9.132e-17,1.653e-23,,,,,,,,,,,7.941e-4,1.967e-3,,3.892e-4,,,,,,,,1.967e-9,,,,,,3.949e-1,,,,,,3.290e-6,,,,,,,,,1.488e-17,,,,,,,,,,,,,,
892.6,4.004e-1,6.230e-17,1.129e-23,,,,,,,,,,,6.546e-4,2.109e-3,,3.308e-4,,,,,,,,1.845e-9,,,,,,3.973e-1,,,,,,4.135e-6,,,,,,,,,9.914e-18,,,,,,,,,,,,,,
892.62,4.015e-1,4.823e-17,8.750e-24,,,,,,,,,,,5.748e-4,2.207e-3,,2.964e-4,,,,,,,,1.766e-9,,,,,,3.984e-1,,,,,,4.810e-6,,,,,,,,,7.554e-18,,,,,,,,,,,,,,
892.65,4.025e-1,3.279e-17,5.957e-24,,,,,,,,,,,4.722e-4,2.358e-3,,2.510e-4,,,,,,,,1.651e-9,,,,,,3.994e-1,,,,,,6.024e-6,,,,,,,,,5.016e-18,,,,,,,,,,,,,,
892.67,4.027e-1,2.532e-17,4.605e-24,,,,,,,,,,,4.136e-4,2.461e-3,,2.244e-4,,,,,,,,1.577e-9,,,,,,3.996e-1,,,,,,6.991e-6,,,,,,,,,3.813e-18,,,,,,,,,,,,,,
892.7,4.023e-1,1.715e-17,3.124e-24,,,,,,,,,,,3.385e-4,2.619e-3,,1.894e-4,,,,,,,,1.468e-9,,,,,,3.992e-1,,,,,,8.724e-6,,,,,,,,,2.522e-18,,,,,,,,,,,,,,
892.72,4.016e-1,1.321e-17,2.409e-24,,,,,,,,,,,2.958e-4,2.727e-3,,1.689e-4,,,,,,,,1.399e-9,,,,,,3.984e-1,,,,,,1.010e-5,,,,,,,,,1.912e-18,,,,,,,,,,,,,,
892.75,3.999e-1,8.915e-18,1.628e-24,,,,,,,,,,,2.413e-4,2.893e-3,,1.420e-4,,,,,,,,1.298e-9,,,,,,3.966e-1,,,,,,1.256e-5,,,,,,,,,,,,,,,,,,,,,,,
892.77,3.982e-1,6.851e-18,1.252e-24,,,,,,,,,,,2.103e-4,3.005e-3,,1.264e-4,,,,,,,,1.233e-9,,,,,,3.949e-1,,,,,,1.451e-5,,,,,,,,,,,,,,,,,,,,,,,
892.79,3.962e-1,5.260e-18,9.623e-25,,,,,,,,,,,1.832e-4,3.119e-3,,1.123e-4,,,,,,,,1.171e-9,,,,,,3.928e-1,,,,,,1.674e-5,,,,,,,,,,,,,,,,,,,,,,,
892.82,3.925e-1,3.532e-18,6.471e-25,,,,,,,,,,,1.486e-4,3.291e-3,,9.398e-5,,,,,,,,1.081e-9,,,,,,3.890e-1,,,,,,2.071e-5,,,,,,,,,,,,,,,,,,,,,,,
892.84,3.896e-1,2.705e-18,4.961e-25,,,,,,,,,,,1.291e-4,3.407e-3,,8.335e-5,,,,,,,,1.024e-9,,,,,,3.860e-1,,,,,,2.384e-5,,,,,,,,,,,,,,,,,,,,,,,
892.87,3.847e-1,1.809e-18,3.323e-25,,,,,,,,,,,1.044e-4,3.583e-3,,6.949e-5,,,,,,,,9.421e-10,,,,,,3.809e-1,,,,,,2.939e-5,,,,,,,,,,,,,,,,,,,,,,,
892.89,3.810e-1,1.382e-18,2.542e-25,,,,,,,,,,,9.048e-5,3.700e-3,,6.148e-5,,,,,,,,8.901e-10,,,,,,3.771e-1,,,,,,3.375e-5,,,,,,,,,,,,,,,,,,,,,,,
892.92,3.748e-1,9.214e-19,1.697e-25,,,,,,,,,,,7.288e-5,3.877e-3,,5.107e-5,,,,,,,,8.160e-10,,,,,,3.707e-1,,,,,,4.146e-5,,,,,,,,,,,,,,,,,,,,,,,
892.94,3.703e-1,7.023e-19,1.294e-25,,,,,,,,,,,6.302e-5,3.995e-3,,4.508e-5,,,,,,,,7.691e-10,,,,,,3.661e-1,,,,,,4.751e-5,,,,,,,,,,,,,,,,,,,,,,,
892.97,3.630e-1,4.664e-19,8.609e-26,,,,,,,,,,,5.058e-5,4.171e-3,,3.731e-5,,,,,,,,7.025e-10,,,,,,3.587e-1,,,,,,5.815e-5,,,,,,,,,,,,,,,,,,,,,,,
892.99,3.578e-1,3.546e-19,6.552e-26,,,,,,,,,,,4.363e-5,4.287e-3,,3.286e-5,,,,,,,,6.605e-10,,,,,,3.534e-1,,,,,,6.646e-5,,,,,,,,,,,,,,,,,,,,,,,
893.02,3.496e-1,2.346e-19,4.342e-26,,,,,,,,,,,3.489e-5,4.460e-3,,2.710e-5,,,,,,,,6.012e-10,,,,,,3.450e-1,,,,,,8.107e-5,,,,,,,,,,,,,,,,,,,,,,,
893.04,3.438e-1,1.780e-19,3.296e-26,,,,,,,,,,,3.002e-5,4.573e-3,,2.381e-5,,,,,,,,5.639e-10,,,,,,3.391e-1,,,,,,9.244e-5,,,,,,,,,,,,,,,,,,,,,,,
893.07,3.347e-1,,2.177e-26,,,,,,,,,,,2.392e-5,4.740e-3,,1.957e-5,,,,,,,,5.113e-10,,,,,,3.298e-1,,,,,,1.124e-4,,,,,,,,,,,,,,,,,,,,,,,
893.09,3.284e-1,,,,,,,,,,,,,2.053e-5,4.849e-3,,1.715e-5,,,,,,,,4.785e-10,,,,,,3.234e-1,,,,,,1.278e-4,,,,,,,,,,,,,,,,,,,,,,,
893.12,3.186e-1,,,,,,,,,,,,,1.630e-5,5.008e-3,,1.404e-5,,,,,,,,4.324e-10,,,,,,3.134e-1,,,,,,1.548e-4,,,,,,,,,,,,,,,,,,,,,,,
893.14,3.119e-1,,,,,,,,,,,,,1.396e-5,5.111e-3,,1.228e-5,,,,,,,,4.036e-10,,,,,,3.065e-1,,,,,,1.757e-4,,,,,,,,,,,,,,,,,,,,,,,
893.17,3.015e-1,,,,,,,,,,,,,1.104e-5,5.260e-3,,1.002e-5,,,,,,,,3.634e-10,,,,,,2.960e-1,,,,,,2.120e-4,,,,,,,,,,,,,,,,,,,,,,,
893.19,2.945e-1,,,,,,,,,,,,,9.434e-6,5.355e-3,,8.740e-6,,,,,,,,3.384e-10,,,,,,2.889e-1,,,,,,2.400e-4,,,,,,,,,,,,,,,,,,,,,,,
893.21,2.873e-1,,,,,,,,,,,,,8.051e-6,5.446e-3,,7.616e-6,,,,,,,,3.148e-10,,,,,,2.816e-1,,,,,,2.715e-4,,,,,,,,,,,,,,,,,,,,,,,
893.24,2.765e-1,,,,,,,,,,,,,6.336e-6,5.577e-3,,6.184e-6,,,,,,,,2.820e-10,,,,,,2.706e-1,,,,,,3.260e-4,,,,,,,,,,,,,,,,,,,,,,,
893.26,2.692e-1,,,,,,,,,,,,,5.395e-6,5.659e-3,,5.376e-6,,,,,,,,2.617e-10,,,,,,2.631e-1,,,,,,3.678e-4,,,,,,,,,,,,,,,,,,,,,,,
893.29,2.581e-1,,,,,,,,,,,,,4.231e-6,5.773e-3,,4.350e-6,,,,,,,,2.336e-10,,,,,,2.519e-1,,,,,,4.401e-4,,,,,,,,,,,,,,,,,,,,,,,
893.31,2.508e-1,,,,,,,,,,,,,3.593e-6,5.844e-3,,3.773e-6,,,,,,,,2.163e-10,,,,,,2.444e-1,,,,,,4.954e-4,,,,,,,,,,,,,,,,,,,,,,,
893.34,2.397e-1,,,,,,,,,,,,,2.808e-6,5.941e-3,,3.042e-6,,,,,,,,1.924e-10,,,,,,2.332e-1,,,,,,5.907e-4,,,,,,,,,,,,,,,,,,,,,,,
893.36,2.323e-1,,,,,,,,,,,,,2.379e-6,5.999e-3,,2.632e-6,,,,,,,,1.777e-10,,,,,,2.257e-1,,,,,,6.634e-4,,,,,,,,,,,,,,,,,,,,,,,
893.39,2.214e-1,,,,,,,,,,,,,1.852e-6,6.077e-3,,2.114e-6,,,,,,,,1.575e-10,,,,,,2.145e-1,,,,,,7.881e-4,,,,,,,,,,,,,,,,,,,,,,,
893.41,2.141e-1,,,,,,,,,,,,,1.565e-6,6.122e-3,,1.825e-6,,,,,,,,1.451e-10,,,,,,2.071e-1,,,,,,8.830e-4,,,,,,,,,,,,,,,,,,,,,,,
893.44,2.034e-1,,,,,,,,,,,,,1.214e-6,6.179e-3,,1.461e-6,,,,,,,,1.281e-10,,,,,,1.961e-1,,,,,,1.045e-3,,,,,,,,,,,,,,,,,,,,,,,
893.46,1.963e-1,,,,,,,,,,,,,1.024e-6,6.210e-3,,1.258e-6,,,,,,,,1.178e-10,,,,,,1.889e-1,,,,,,1.168e-3,,,,,,,,,,,,,,,,,,,,,,,
893.49,1.859e-1,,,,,,,,,,,,,7.914e-7,6.245e-3,,1.003e-6,,,,,,,,1.036e-10,,,,,,1.783e-1,,,,,,1.378e-3,,,,,,,,,,,,,,,,,,,,,,,
893.51,1.791e-1,,,,,,,,,,,,,6.657e-7,6.262e-3,,8.621e-7,,,,,,,,9.500e-11,,,,,,1.713e-1,,,,,,1.537e-3,,,,,,,,,,,,,,,,,,,,,,,
893.54,1.692e-1,,,,,,,,,,,,,5.126e-7,6.275e-3,,6.852e-7,,,,,,,,8.328e-11,,,,,,1.611e-1,,,,,,1.807e-3,,,,,,,,,,,,,,,,,,,,,,,
893.56,1.627e-1,,,,,,,,,,,,,4.302e-7,6.276e-3,,5.872e-7,,,,,,,,7.618e-11,,,,,,1.544e-1,,,,,,2.010e-3,,,,,,,,,,,,,,,,,,,,,,,
893.58,1.564e-1,,,,,,,,,,,,,3.606e-7,6.271e-3,,5.028e-7,,,,,,,,6.963e-11,,,,,,1.479e-1,,,,,,2.234e-3,,,,,,,,,,,,,,,,,,,,,,,
893.61,1.472e-1,,,,,,,,,,,,,2.763e-7,6.253e-3,,3.977e-7,,,,,,,,6.073e-11,,,,,,1.384e-1,,,,,,2.612e-3,,,,,,,,,,,,,,,,,,,,,,,
893.63,1.413e-1,,,,,,,,,,,,,2.311e-7,6.233e-3,,3.397e-7,,,,,,,,5.537e-11,,,,,,1.322e-1,,,,,,2.897e-3,,,,,,,,,,,,,,,,,,,,,,,
893.66,1.328e-1,,,,,,,,,,,,,1.764e-7,6.193e-3,,2.677e-7,,,,,,,,4.812e-11,,,,,,1.232e-1,,,,,,3.376e-3,,,,,,,,,,,,,,,,,,,,,,,
893.68,1.273e-1,,,,,,,,,,,,,1.472e-7,6.158e-3,,2.281e-7,,,,,,,,4.377e-11,,,,,,1.175e-1,,,,,,3.734e-3,,,,,,,,,,,,,,,,,,,,,,,
893.71,1.195e-1,,,,,,,,,,,,,1.120e-7,6.096e-3,,1.791e-7,,,,,,,,3.790e-11,,,,,,1.091e-1,,,,,,4.337e-3,,,,,,,,,,,,,,,,,,,,,,,
893.73,1.146e-1,,,,,,,,,,,,,9.319e-8,6.048e-3,,1.523e-7,,,,,,,,3.439e-11,,,,,,1.037e-1,,,,,,4.786e-3,,,,,,,,,,,,,,,,,,,,,,,
893.76,1.075e-1,,,,,,,,,,,,,7.063e-8,5.966e-3,,1.192e-7,,,,,,,,2.967e-11,,,,,,9.601e-2,,,,,,5.539e-3,,,,,,,,,,,,,,,,,,,,,,,
893.78,1.031e-1,,,,,,,,,,,,,5.864e-8,5.904e-3,,1.011e-7,,,,,,,,2.685e-11,,,,,,9.107e-2,,,,,,6.098e-3,,,,,,,,,,,,,,,,,,,,,,,
893.81,9.681e-2,,,,,,,,,,,,,4.428e-8,5.803e-3,,7.879e-8,,,,,,,,2.309e-11,,,,,,8.398e-2,,,,,,7.032e-3,,,,,,,,,,,,,,,,,,,,,,,
893.83,9.292e-2,,,,,,,,,,,,,3.668e-8,5.729e-3,,6.667e-8,,,,,,,,2.085e-11,,,,,,7.947e-2,,,,,,7.723e-3,,,,,,,,,,,,,,,,,,,,,,,
893.86,8.751e-2,,,,,,,,,,,,,2.760e-8,5.611e-3,,5.179e-8,,,,,,,,1.786e-11,,,,,,7.302e-2,,,,,,8.875e-3,,,,,,,,,,,,,,,,,,,,,,,
893.88,8.418e-2,,,,,,,,,,,,,2.281e-8,5.527e-3,,4.372e-8,,,,,,,,1.609e-11,,,,,,6.893e-2,,,,,,9.725e-3,,,,,,,,,,,,,,,,,,,,,,,
893.91,7.964e-2,,,,,,,,,,,,,1.710e-8,5.393e-3,,3.384e-8,,,,,,,,1.373e-11,,,,,,6.311e-2,,,,,,1.113e-2,,,,,,,,,,,,,,,,,,,,,,,
893.93,7.691e-2,,,,,,,,,,,,,1.409e-8,5.299e-3,,2.850e-8,,,,,,,,1.234e-11,,,,,,5.943e-2,,,,,,1.217e-2,,,,,,,,,,,,,,,,,,,,,,,
893.95,7.442e-2,,,,,,,,,,,,,1.161e-8,5.202e-3,,2.398e-8,,,,,,,,1.108e-11,,,,,,5.592e-2,,,,,,1.329e-2,,,,,,,,,,,,,,,,,,,,,,,
893.98,7.114e-2,,,,,,,,,,,,,8.657e-9,5.051e-3,,1.847e-8,,,,,,,,9.407e-12,,,,,,5.094e-2,,,,,,1.515e-2,,,,,,,,,,,,,,,,,,,,,,,
894,6.926e-2,,,,,,,,,,,,,7.112e-9,4.946e-3,,1.550e-8,,,,,,,,8.426e-12,,,,,,4.781e-2,,,,,,1.650e-2,,,,,,,,,,,,,,,,,,,,,,,
894.03,6.692e-2,,,,,,,,,,,,,5.286e-9,4.785e-3,,1.190e-8,,,,,,,,7.129e-12,,,,,,4.340e-2,,,,,,1.874e-2,,,,,,,,,,,,,,,,,,,,,,,
894.05,6.568e-2,,,,,,,,,,,,,4.332e-9,4.675e-3,,9.961e-9,,,,,,,,6.370e-12,,,,,,4.063e-2,,,,,,2.037e-2,,,,,,,,,,,,,,,,,,,,,,,
894.08,6.430e-2,,,,,,,,,,,,,3.208e-9,4.506e-3,,7.618e-9,,,,,,,,5.370e-12,,,,,,3.675e-2,,,,,,2.305e-2,,,,,,,,,,,,,,,,,,,,,,,
894.1,6.371e-2,,,,,,,,,,,,,2.623e-9,4.392e-3,,6.363e-9,,,,,,,,4.787e-12,,,,,,3.433e-2,,,,,,2.499e-2,,,,,,,,,,,,,,,,,,,,,,,
894.13,6.333e-2,,,,,,,,,,,,,1.935e-9,4.219e-3,,4.849e-9,,,,,,,,4.021e-12,,,,,,3.094e-2,,,,,,2.818e-2,,,,,,,,,,,,,,,,,,,,,,,
894.15,6.341e-2,,,,,,,,,,,,,1.578e-9,4.102e-3,,4.041e-9,,,,,,,,3.576e-12,,,,,,2.883e-2,,,,,,3.048e-2,,,,,,,,,,,,,,,,,,,,,,,
894.18,6.406e-2,,,,,,,,,,,,,1.160e-9,3.926e-3,,3.069e-9,,,,,,,,2.993e-12,,,,,,2.588e-2,,,,,,3.425e-2,,,,,,,,,,,,,,,,,,,,,,,
894.2,6.484e-2,,,,,,,,,,,,,9.440e-10,3.808e-3,,2.551e-9,,,,,,,,2.655e-12,,,,,,2.406e-2,,,,,,3.697e-2,,,,,,,,,,,,,,,,,,,,,,,
894.23,6.654e-2,,,,,,,,,,,,,6.916e-10,3.631e-3,,1.930e-9,,,,,,,,2.214e-12,,,,,,2.153e-2,,,,,,4.138e-2,,,,,,,,,,,,,,,,,,,,,,,
894.25,6.804e-2,,,,,,,,,,,,,5.613e-10,3.514e-3,,1.601e-9,,,,,,,,1.960e-12,,,,,,1.997e-2,,,,,,4.456e-2,,,,,,,,,,,,,,,,,,,,,,,
894.28,7.085e-2,,,,,,,,,,,,,4.097e-10,3.339e-3,,1.207e-9,,,,,,,,1.628e-12,,,,,,1.780e-2,,,,,,4.971e-2,,,,,,,,,,,,,,,,,,,,,,,
894.3,7.310e-2,,,,,,,,,,,,,3.317e-10,3.223e-3,,9.986e-10,,,,,,,,1.438e-12,,,,,,1.647e-2,,,,,,5.341e-2,,,,,,,,,,,,,,,,,,,,,,,
894.32,7.566e-2,,,,,,,,,,,,,2.683e-10,3.108e-3,,8.254e-10,,,,,,,,1.268e-12,,,,,,1.522e-2,,,,,,5.733e-2,,,,,,,,,,,,,,,,,,,,,,,
894.35,8.008e-2,,,,,,,,,,,,,1.949e-10,2.939e-3,,6.192e-10,,,,,,,,1.048e-12,,,,,,1.350e-2,,,,,,6.364e-2,,,,,,,,,,,,,,,,,,,,,,,
894.37,8.343e-2,,,,,,,,,,,,,1.572e-10,2.828e-3,,5.106e-10,,,,,,,,9.224e-13,,,,,,1.245e-2,,,,,,6.815e-2,,,,,,,,,,,,,,,,,,,,,,,
894.4,8.906e-2,,,,,,,,,,,,,1.138e-10,2.664e-3,,3.817e-10,,,,,,,,7.599e-13,,,,,,1.100e-2,,,,,,7.539e-2,,,,,,,,,,,,,,,,,,,,,,,
894.42,9.322e-2,,,,,,,,,,,,,9.159e-11,2.557e-3,,3.140e-10,,,,,,,,6.670e-13,,,,,,1.012e-2,,,,,,8.054e-2,,,,,,,,,,,,,,,,,,,,,,,
894.45,1.001e-1,,,,,,,,,,,,,6.603e-11,2.400e-3,,2.339e-10,,,,,,,,5.475e-13,,,,,,8.912e-3,,,,,,8.879e-2,,,,,,,,,,,,,,,,,,,,,,,
894.47,1.051e-1,,,,,,,,,,,,,5.303e-11,2.298e-3,,1.919e-10,,,,,,,,4.794e-13,,,,,,8.178e-3,,,,,,9.464e-2,,,,,,,,,,,,,,,,,,,,,,,
894.5,1.133e-1,,,,,,,,,,,,,3.809e-11,2.149e-3,,1.425e-10,,,,,,,,3.921e-13,,,,,,7.176e-3,,,,,,1.040e-1,,,,,,,,,,,,,,,,,,,,,,,
894.52,1.192e-1,,,,,,,,,,,,,3.052e-11,2.053e-3,,1.166e-10,,,,,,,,3.425e-13,,,,,,6.569e-3,,,,,,1.106e-1,,,,,,,,,,,,,,,,,,,,,,,
894.55,1.287e-1,,,,,,,,,,,,,2.184e-11,1.913e-3,,8.626e-11,,,,,,,,2.791e-13,,,,,,5.744e-3,,,,,,1.210e-1,,,,,,,,,,,,,,,,,,,,,,,
894.57,1.355e-1,,,,,,,,,,,,,1.746e-11,1.823e-3,,7.046e-11,,,,,,,,2.433e-13,,,,,,5.245e-3,,,,,,1.284e-1,,,,,,,,,,,,,,,,,,,,,,,
894.6,1.463e-1,,,,,,,,,,,,,1.245e-11,1.693e-3,,5.192e-11,,,,,,,,1.975e-13,,,,,,4.570e-3,,,,,,1.401e-1,,,,,,,,,,,,,,,,,,,,,,,
894.62,1.540e-1,,,,,,,,,,,,,9.925e-12,1.609e-3,,4.231e-11,,,,,,,,1.717e-13,,,,,,4.163e-3,,,,,,1.483e-1,,,,,,,,,,,,,,,,,,,,,,,
894.65,1.663e-1,,,,,,,,,,,,,7.053e-12,1.489e-3,,3.106e-11,,,,,,,,1.389e-13,,,,,,3.614e-3,,,,,,1.612e-1,,,,,,,,,,,,,,,,,,,,,,,
894.67,1.749e-1,,,,,,,,,,,,,5.609e-12,1.412e-3,,2.525e-11,,,,,,,,1.205e-13,,,,,,3.284e-3,,,,,,1.702e-1,,,,,,,,,,,,,,,,,,,,,,,
894.69,1.839e-1,,,,,,,,,,,,,4.457e-12,1.338e-3,,2.051e-11,,,,,,,,1.044e-13,,,,,,2.982e-3,,,,,,1.796e-1,,,,,,,,,,,,,,,,,,,,,,,
894.72,1.981e-1,,,,,,,,,,,,,3.151e-12,1.232e-3,,1.498e-11,,,,,,,,8.404e-14,,,,,,2.576e-3,,,,,,1.943e-1,,,,,,,,,,,,,,,,,,,,,,,
894.74,2.080e-1,,,,,,,,,,,,,2.498e-12,1.164e-3,,1.214e-11,,,,,,,,7.264e-14,,,,,,2.333e-3,,,,,,2.045e-1,,,,,,,,,,,,,,,,,,,,,,,
894.77,2.236e-1,,,,,,,,,,,,,1.759e-12,1.068e-3,,8.837e-12,,,,,,,,5.826e-14,,,,,,2.008e-3,,,,,,2.205e-1,,,,,,,,,,,,,,,,,,,,,,,
894.79,2.344e-1,,,,,,,,,,,,,1.391e-12,1.007e-3,,7.143e-12,,,,,,,,5.024e-14,,,,,,1.814e-3,,,,,,2.316e-1,,,,,,,,,,,,,,,,,,,,,,,
894.82,2.513e-1,,,,,,,,,,,,,9.765e-13,9.206e-4,,5.181e-12,,,,,,,,4.015e-14,,,,,,1.556e-3,,,,,,2.488e-1,,,,,,,,,,,,,,,,,,,,,,,
894.84,2.630e-1,,,,,,,,,,,,,7.703e-13,8.660e-4,,4.178e-12,,,,,,,,3.454e-14,,,,,,1.403e-3,,,,,,2.607e-1,,,,,,,,,,,,,,,,,,,,,,,
894.87,2.811e-1,,,,,,,,,,,,,5.387e-13,7.887e-4,,3.020e-12,,,,,,,,2.750e-14,,,,,,1.198e-3,,,,,,2.791e-1,,,,,,,,,,,,,,,,,,,,,,,
894.89,2.936e-1,,,,,,,,,,,,,4.239e-13,7.401e-4,,2.429e-12,,,,,,,,2.360e-14,,,,,,1.078e-3,,,,,,2.918e-1,,,,,,,,,,,,,,,,,,,,,,,
894.92,3.130e-1,,,,,,,,,,,,,2.954e-13,6.717e-4,,1.749e-12,,,,,,,,1.873e-14,,,,,,9.175e-4,,,,,,3.114e-1,,,,,,,,,,,,,,,,,,,,,,,
894.94,3.262e-1,,,,,,,,,,,,,2.319e-13,6.288e-4,,1.404e-12,,,,,,,,1.603e-14,,,,,,8.231e-4,,,,,,3.248e-1,,,,,,,,,,,,,,,,,,,,,,,
894.97,3.466e-1,,,,,,,,,,,,,1.610e-13,5.686e-4,,1.008e-12,,,,,,,,1.268e-14,,,,,,6.982e-4,,,,,,3.454e-1,,,,,,,,,,,,,,,,,,,,,,,
894.99,3.606e-1,,,,,,,,,,,,,1.261e-13,5.310e-4,,8.066e-13,,,,,,,,1.082e-14,,,,,,6.249e-4,,,,,,3.594e-1,,,,,,,,,,,,,,,,,,,,,,,
895.02,3.819e-1,,,,,,,,,,,,,8.722e-14,4.784e-4,,5.768e-13,,,,,,,,8.527e-15,,,,,,5.282e-4,,,,,,3.809e-1,,,,,,,,,,,,,,,,,,,,,,,
895.04,3.964e-1,,,,,,,,,,,,,6.814e-14,4.458e-4,,4.607e-13,,,,,,,,7.265e-15,,,,,,4.716e-4,,,,,,3.955e-1,,,,,,,,,,,,,,,,,,,,,,,
895.07,4.185e-1,,,,,,,,,,,,,4.697e-14,4.002e-4,,3.282e-13,,,,,,,,5.703e-15,,,,,,3.972e-4,,,,,,4.177e-1,,,,,,,,,,,,,,,,,,,,,,,
895.09,4.335e-1,,,,,,,,,,,,,3.661e-14,3.720e-4,,2.615e-13,,,,,,,,4.847e-15,,,,,,3.538e-4,,,,,,4.328e-1,,,,,,,,,,,,,,,,,,,,,,,
895.11,4.486e-1,,,,,,,,,,,,,2.850e-14,3.454e-4,,2.082e-13,,,,,,,,4.115e-15,,,,,,3.148e-4,,,,,,4.479e-1,,,,,,,,,,,,,,,,,,,,,,,
895.14,4.714e-1,,,,,,,,,,,,,1.955e-14,3.085e-4,,1.476e-13,,,,,,,,3.214e-15,,,,,,2.638e-4,,,,,,4.709e-1,,,,,,,,,,,,,,,,,,,,,,,
895.16,4.868e-1,,,,,,,,,,,,,1.518e-14,2.858e-4,,1.172e-13,,,,,,,,2.722e-15,,,,,,2.342e-4,,,,,,4.862e-1,,,,,,,,,,,,,,,,,,,,,,,
895.19,5.099e-1,,,,,,,,,,,,,1.037e-14,2.544e-4,,8.279e-14,,,,,,,,2.118e-15,,,,,,1.955e-4,,,,,,5.094e-1,,,,,,,,,,,,,,,,,,,,,,,
895.21,5.253e-1,,,,,,,,,,,,,8.039e-15,2.351e-4,,6.559e-14,,,,,,,,1.790e-15,,,,,,1.732e-4,,,,,,5.249e-1,,,,,,,,,,,,,,,,,,,,,,,
895.24,5.484e-1,,,,,,,,,,,,,5.473e-15,2.085e-4,,4.617e-14,,,,,,,,1.388e-15,,,,,,1.441e-4,,,,,,5.481e-1,,,,,,,,,,,,,,,,,,,,,,,
895.26,5.638e-1,,,,,,,,,,,,,4.231e-15,1.922e-4,,3.649e-14,,,,,,,,1.170e-15,,,,,,1.273e-4,,,,,,5.635e-1,,,,,,,,,,,,,,,,,,,,,,,
895.29,5.867e-1,,,,,,,,,,,,,2.870e-15,1.699e-4,,2.559e-14,,,,,,,,9.039e-16,,,,,,1.055e-4,,,,,,5.864e-1,,,,,,,,,,,,,,,,,,,,,,,
895.31,6.018e-1,,,,,,,,,,,,,2.213e-15,1.562e-4,,2.018e-14,,,,,,,,7.601e-16,,,,,,9.299e-5,,,,,,6.015e-1,,,,,,,,,,,,,,,,,,,,,,,
895.34,6.241e-1,,,,,,,,,,,,,1.496e-15,1.376e-4,,1.410e-14,,,,,,,,5.851e-16,,,,,,7.680e-5,,,,,,6.239e-1,,,,,,,,,,,,,,,,,,,,,,,
895.36,6.388e-1,,,,,,,,,,,,,1.151e-15,1.262e-4,,1.109e-14,,,,,,,,4.909e-16,,,,,,6.753e-5,,,,,,6.386e-1,,,,,,,,,,,,,,,,,,,,,,,
895.39,6.603e-1,,,,,,,,,,,,,7.750e-16,1.107e-4,,7.724e-15,,,,,,,,3.765e-16,,,,,,5.558e-5,,,,,,6.601e-1,,,,,,,,,,,,,,,,,,,,,,,
895.41,6.743e-1,,,,,,,,,,,,,5.948e-16,1.014e-4,,6.061e-15,,,,,,,,3.151e-16,,,,,,4.875e-5,,,,,,6.742e-1,,,,,,,,,,,,,,,,,,,,,,,
895.44,6.948e-1,,,,,,,,,,,,,3.991e-16,8.861e-5,,4.205e-15,,,,,,,,2.408e-16,,,,,,3.998e-5,,,,,,6.946e-1,,,,,,,,,,,,,,,,,,,,,,,
895.46,7.080e-1,,,,,,,,,,,,,3.055e-16,8.092e-5,,3.292e-15,,,,,,,,2.011e-16,,,,,,3.498e-5,,,,,,7.079e-1,,,,,,,,,,,,,,,,,,,,,,,
895.48,7.208e-1,,,,,,,,,,,,,2.337e-16,7.382e-5,,2.574e-15,,,,,,,,1.677e-16,,,,,,3.058e-5,,,,,,7.207e-1,,,,,,,,,,,,,,,,,,,,,,,
895.51,7.393e-1,,,,,,,,,,,,,1.560e-16,6.421e-5,,1.777e-15,,,,,,,,1.275e-16,,,,,,2.495e-5,,,,,,7.392e-1,,,,,,,,,,,,,,,,,,,,,,,
895.53,7.510e-1,,,,,,,,,,,,,1.190e-16,5.843e-5,,1.387e-15,,,,,,,,1.061e-16,,,,,,2.176e-5,,,,,,7.509e-1,,,,,,,,,,,,,,,,,,,,,,,
895.56,7.677e-1,,,,,,,,,,,,,7.919e-17,5.064e-5,,9.539e-16,,,,,,,,8.040e-17,,,,,,1.769e-5,,,,,,7.677e-1,,,,,,,,,,,,,,,,,,,,,,,
895.58,7.782e-1,,,,,,,,,,,,,6.027e-17,4.598e-5,,7.425e-16,,,,,,,,6.674e-17,,,,,,1.539e-5,,,,,,7.782e-1,,,,,,,,,,,,,,,,,,,,,,,
895.61,7.930e-1,,,,,,,,,,,,,3.995e-17,3.971e-5,,5.089e-16,,,,,,,,5.038e-17,,,,,,1.247e-5,,,,,,7.929e-1,,,,,,,,,,,,,,,,,,,,,,,
895.63,8.021e-1,,,,,,,,,,,,,3.033e-17,3.597e-5,,3.952e-16,,,,,,,,4.172e-17,,,,,,1.082e-5,,,,,,8.021e-1,,,,,,,,,,,,,,,,,,,,,,,
895.66,8.147e-1,,,,,,,,,,,,,,3.095e-5,,2.699e-16,,,,,,,,3.138e-17,,,,,,8.734e-6,,,,,,8.146e-1,,,,,,,,,,,,,,,,,,,,,,,
895.68,8.223e-1,,,,,,,,,,,,,,2.796e-5,,2.091e-16,,,,,,,,2.593e-17,,,,,,7.562e-6,,,,,,8.222e-1,,,,,,,,,,,,,,,,,,,,,,,
895.71,8.325e-1,,,,,,,,,,,,,,2.398e-5,,1.423e-16,,,,,,,,1.943e-17,,,,,,6.082e-6,,,,,,8.324e-1,,,,,,,,,,,,,,,,,,,,,,,
895.73,8.384e-1,,,,,,,,,,,,,,2.161e-5,,1.100e-16,,,,,,,,1.601e-17,,,,,,5.253e-6,,,,,,8.384e-1,,,,,,,,,,,,,,,,,,,,,,,
895.76,8.461e-1,,,,,,,,,,,,,,1.846e-5,,7.456e-17,,,,,,,,1.196e-17,,,,,,4.210e-6,,,,,,8.461e-1,,,,,,,,,,,,,,,,,,,,,,,
895.78,8.504e-1,,,,,,,,,,,,,,1.660e-5,,5.748e-17,,,,,,,,9.833e-18,,,,,,3.628e-6,,,,,,8.504e-1,,,,,,,,,,,,,,,,,,,,,,,
895.81,8.555e-1,,,,,,,,,,,,,,1.413e-5,,3.884e-17,,,,,,,,7.317e-18,,,,,,2.897e-6,,,,,,8.554e-1,,,,,,,,,,,,,,,,,,,,,,,
895.83,8.580e-1,,,,,,,,,,,,,,1.268e-5,,2.987e-17,,,,,,,,6.001e-18,,,,,,2.490e-6,,,,,,8.579e-1,,,,,,,,,,,,,,,,,,,,,,,
895.85,8.597e-1,,,,,,,,,,,,,,1.136e-5,,2.295e-17,,,,,,,,4.917e-18,,,,,,2.138e-6,,,,,,8.597e-1,,,,,,,,,,,,,,,,,,,,,,,
895.88,8.610e-1,,,,,,,,,,,,,,9.625e-6,,1.543e-17,,,,,,,,3.640e-18,,,,,,1.699e-6,,,,,,8.610e-1,,,,,,,,,,,,,,,,,,,,,,,
895.9,8.610e-1,,,,,,,,,,,,,,8.606e-6,,1.183e-17,,,,,,,,2.976e-18,,,,,,1.456e-6,,,,,,8.610e-1,,,,,,,,,,,,,,,,,,,,,,,
895.93,8.596e-1,,,,,,,,,,,,,,7.263e-6,,7.922e-18,,,,,,,,2.195e-18,,,,,,1.152e-6,,,,,,8.596e-1,,,,,,,,,,,,,,,,,,,,,,,
895.95,8.578e-1,,,,,,,,,,,,,,6.478e-6,,5.402e-18,,,,,,,,1.790e-18,,,,,,9.848e-7,,,,,,8.578e-1,,,,,,,,,,,,,,,,,,,,,,,
895.98,8.538e-1,,,,,,,,,,,,,,5.448e-6,,3.611e-18,,,,,,,,1.316e-18,,,,,,7.767e-7,,,,,,8.538e-1,,,,,,,,,,,,,,,,,,,,,,,
896,8.502e-1,,,,,,,,,,,,,,4.848e-6,,2.757e-18,,,,,,,,1.070e-18,,,,,,6.623e-7,,,,,,8.502e-1,,,,,,,,,,,,,,,,,,,,,,,
896.03,8.436e-1,,,,,,,,,,,,,,4.062e-6,,1.836e-18,,,,,,,,7.839e-19,,,,,,5.205e-7,,,,,,8.436e-1,,,,,,,,,,,,,,,,,,,,,,,
896.05,8.383e-1,,,,,,,,,,,,,,3.606e-6,,1.399e-18,,,,,,,,6.361e-19,,,,,,4.427e-7,,,,,,8.383e-1,,,,,,,,,,,,,,,,,,,,,,,
896.08,8.292e-1,,,,,,,,,,,,,,3.010e-6,,9.282e-19,,,,,,,,4.642e-19,,,,,,3.467e-7,,,,,,8.292e-1,,,,,,,,,,,,,,,,,,,,,,,
896.1,8.224e-1,,,,,,,,,,,,,,2.666e-6,,7.053e-19,,,,,,,,3.758e-19,,,,,,2.942e-7,,,,,,8.224e-1,,,,,,,,,,,,,,,,,,,,,,,
896.13,8.110e-1,,,,,,,,,,,,,,2.218e-6,,4.663e-19,,,,,,,,2.733e-19,,,,,,2.296e-7,,,,,,8.110e-1,,,,,,,,,,,,,,,,,,,,,,,
896.15,8.027e-1,,,,,,,,,,,,,,1.959e-6,,,,,,,,,,2.207e-19,,,,,,1.943e-7,,,,,,8.027e-1,,,,,,,,,,,,,,,,,,,,,,,
896.18,7.891e-1,,,,,,,,,,,,,,1.624e-6,,,,,,,,,,1.599e-19,,,,,,1.511e-7,,,,,,7.891e-1,,,,,,,,,,,,,,,,,,,,,,,
896.2,7.794e-1,,,,,,,,,,,,,,1.431e-6,,,,,,,,,,1.288e-19,,,,,,1.276e-7,,,,,,7.794e-1,,,,,,,,,,,,,,,,,,,,,,,
896.22,7.693e-1,,,,,,,,,,,,,,1.260e-6,,,,,,,,,,1.037e-19,,,,,,1.077e-7,,,,,,7.693e-1,,,,,,,,,,,,,,,,,,,,,,,
896.25,7.531e-1,,,,,,,,,,,,,,1.039e-6,,,,,,,,,,7.475e-20,,,,,,8.327e-8,,,,,,7.531e-1,,,,,,,,,,,,,,,,,,,,,,,
896.27,7.418e-1,,,,,,,,,,,,,,9.130e-7,,,,,,,,,,6.003e-20,,,,,,7.009e-8,,,,,,7.418e-1,,,,,,,,,,,,,,,,,,,,,,,
896.3,7.240e-1,,,,,,,,,,,,,,7.503e-7,,,,,,,,,,4.311e-20,,,,,,5.402e-8,,,,,,7.240e-1,,,,,,,,,,,,,,,,,,,,,,,
896.32,7.117e-1,,,,,,,,,,,,,,6.575e-7,,,,,,,,,,3.454e-20,,,,,,4.536e-8,,,,,,7.117e-1,,,,,,,,,,,,,,,,,,,,,,,
896.35,6.926e-1,,,,,,,,,,,,,,5.384e-7,,,,,,,,,,2.472e-20,,,,,,3.484e-8,,,,,,6.926e-1,,,,,,,,,,,,,,,,,,,,,,,
896.37,6.795e-1,,,,,,,,,,,,,,4.707e-7,,,,,,,,,,1.975e-20,,,,,,2.918e-8,,,,,,6.795e-1,,,,,,,,,,,,,,,,,,,,,,,
896.4,6.593e-1,,,,,,,,,,,,,,3.840e-7,,,,,,,,,,1.409e-20,,,,,,2.233e-8,,,,,,6.593e-1,,,,,,,,,,,,,,,,,,,,,,,
896.42,6.455e-1,,,,,,,,,,,,,,3.349e-7,,,,,,,,,,1.123e-20,,,,,,1.866e-8,,,,,,6.455e-1,,,,,,,,,,,,,,,,,,,,,,,
896.45,6.245e-1,,,,,,,,,,,,,,2.723e-7,,,,,,,,,,7.978e-21,,,,,,1.423e-8,,,,,,6.245e-1,,,,,,,,,,,,,,,,,,,,,,,
896.47,6.103e-1,,,,,,,,,,,,,,2.369e-7,,,,,,,,,,6.345e-21,,,,,,1.186e-8,,,,,,6.103e-1,,,,,,,,,,,,,,,,,,,,,,,
896.5,5.887e-1,,,,,,,,,,,,,,1.919e-7,,,,,,,,,,4.492e-21,,,,,,9.012e-9,,,,,,5.887e-1,,,,,,,,,,,,,,,,,,,,,,,
896.52,5.741e-1,,,,,,,,,,,,,,1.665e-7,,,,,,,,,,3.564e-21,,,,,,7.494e-9,,,,,,5.741e-1,,,,,,,,,,,,,,,,,,,,,,,
896.55,5.522e-1,,,,,,,,,,,,,,1.344e-7,,,,,,,,,,2.514e-21,,,,,,5.674e-9,,,,,,5.522e-1,,,,,,,,,,,,,,,,,,,,,,,
896.57,5.375e-1,,,,,,,,,,,,,,1.164e-7,,,,,,,,,,1.990e-21,,,,,,4.707e-9,,,,,,5.375e-1,,,,,,,,,,,,,,,,,,,,,,,
896.59,5.228e-1,,,,,,,,,,,,,,1.007e-7,,,,,,,,,,1.573e-21,,,,,,3.901e-9,,,,,,5.228e-1,,,,,,,,,,,,,,,,,,,,,,,
896.62,5.008e-1,,,,,,,,,,,,,,8.086e-8,,,,,,,,,,1.104e-21,,,,,,2.939e-9,,,,,,5.008e-1,,,,,,,,,,,,,,,,,,,,,,,
896.64,4.862e-1,,,,,,,,,,,,,,6.978e-8,,,,,,,,,,8.711e-22,,,,,,2.430e-9,,,,,,4.862e-1,,,,,,,,,,,,,,,,,,,,,,,
896.67,4.643e-1,,,,,,,,,,,,,,5.584e-8,,,,,,,,,,6.092e-22,,,,,,1.824e-9,,,,,,4.643e-1,,,,,,,,,,,,,,,,,,,,,,,
896.69,4.499e-1,,,,,,,,,,,,,,4.807e-8,,,,,,,,,,4.794e-22,,,,,,1.504e-9,,,,,,4.499e-1,,,,,,,,,,,,,,,,,,,,,,,
896.72,4.285e-1,,,,,,,,,,,,,,3.833e-8,,,,,,,,,,3.340e-22,,,,,,1.125e-9,,,,,,4.285e-1,,,,,,,,,,,,,,,,,,,,,,,
896.74,4.144e-1,,,,,,,,,,,,,,3.292e-8,,,,,,,,,,2.622e-22,,,,,,9.256e-10,,,,,,4.144e-1,,,,,,,,,,,,,,,,,,,,,,,
896.77,3.935e-1,,,,,,,,,,,,,,2.615e-8,,,,,,,,,,1.821e-22,,,,,,6.897e-10,,,,,,3.935e-1,,,,,,,,,,,,,,,,,,,,,,,
896.79,3.798e-1,,,,,,,,,,,,,,2.241e-8,,,,,,,,,,1.426e-22,,,,,,5.662e-10,,,,,,3.798e-1,,,,,,,,,,,,,,,,,,,,,,,
896.82,3.596e-1,,,,,,,,,,,,,,1.774e-8,,,,,,,,,,9.864e-23,,,,,,4.204e-10,,,,,,3.596e-1,,,,,,,,,,,,,,,,,,,,,,,
896.84,3.465e-1,,,,,,,,,,,,,,1.516e-8,,,,,,,,,,7.706e-23,,,,,,3.443e-10,,,,,,3.465e-1,,,,,,,,,,,,,,,,,,,,,,,
896.87,3.271e-1,,,,,,,,,,,,,,1.196e-8,,,,,,,,,,5.312e-23,,,,,,2.547e-10,,,,,,3.271e-1,,,,,,,,,,,,,,,,,,,,,,,
896.89,3.146e-1,,,,,,,,,,,,,,1.020e-8,,,,,,,,,,4.140e-23,,,,,,2.081e-10,,,,,,3.146e-1,,,,,,,,,,,,,,,,,,,,,,,
896.92,2.962e-1,,,,,,,,,,,,,,8.016e-9,,,,,,,,,,2.843e-23,,,,,,1.534e-10,,,,,,2.962e-1,,,,,,,,,,,,,,,,,,,,,,,
896.94,2.842e-1,,,,,,,,,,,,,,6.819e-9,,,,,,,,,,2.211e-23,,,,,,1.250e-10,,,,,,2.842e-1,,,,,,,,,,,,,,,,,,,,,,,
896.97,2.669e-1,,,,,,,,,,,,,,5.340e-9,,,,,,,,,,1.513e-23,,,,,,9.181e-11,,,,,,2.669e-1,,,,,,,,,,,,,,,,,,,,,,,
896.99,2.556e-1,,,,,,,,,,,,,,4.532e-9,,,,,,,,,,1.174e-23,,,,,,7.465e-11,,,,,,2.556e-1,,,,,,,,,,,,,,,,,,,,,,,
897.01,2.447e-1,,,,,,,,,,,,,,3.842e-9,,,,,,,,,,9.094e-24,,,,,,6.064e-11,,,,,,2.447e-1,,,,,,,,,,,,,,,,,,,,,,,
897.04,2.288e-1,,,,,,,,,,,,,,2.994e-9,,,,,,,,,,6.192e-24,,,,,,4.431e-11,,,,,,2.288e-1,,,,,,,,,,,,,,,,,,,,,,,
897.06,2.186e-1,,,,,,,,,,,,,,2.532e-9,,,,,,,,,,4.787e-24,,,,,,3.591e-11,,,,,,2.186e-1,,,,,,,,,,,,,,,,,,,,,,,
897.09,2.038e-1,,,,,,,,,,,,,,1.966e-9,,,,,,,,,,3.247e-24,,,,,,2.615e-11,,,,,,2.038e-1,,,,,,,,,,,,,,,,,,,,,,,
897.11,1.943e-1,,,,,,,,,,,,,,1.659e-9,,,,,,,,,,2.504e-24,,,,,,2.114e-11,,,,,,1.943e-1,,,,,,,,,,,,,,,,,,,,,,,
897.14,1.807e-1,,,,,,,,,,,,,,1.283e-9,,,,,,,,,,1.693e-24,,,,,,1.534e-11,,,,,,1.807e-1,,,,,,,,,,,,,,,,,,,,,,,
897.16,1.720e-1,,,,,,,,,,,,,,1.080e-9,,,,,,,,,,1.302e-24,,,,,,1.237e-11,,,,,,1.720e-1,,,,,,,,,,,,,,,,,,,,,,,
897.19,1.594e-1,,,,,,,,,,,,,,8.327e-10,,,,,,,,,,8.773e-25,,,,,,8.941e-12,,,,,,1.594e-1,,,,,,,,,,,,,,,,,,,,,,,
897.21,1.514e-1,,,,,,,,,,,,,,6.992e-10,,,,,,,,,,6.733e-25,,,,,,7.193e-12,,,,,,1.514e-1,,,,,,,,,,,,,,,,,,,,,,,
897.24,1.400e-1,,,,,,,,,,,,,,5.371e-10,,,,,,,,,,4.519e-25,,,,,,5.181e-12,,,,,,1.400e-1,,,,,,,,,,,,,,,,,,,,,,,
897.26,1.327e-1,,,,,,,,,,,,,,4.499e-10,,,,,,,,,,3.460e-25,,,,,,4.158e-12,,,,,,1.327e-1,,,,,,,,,,,,,,,,,,,,,,,
897.29,1.223e-1,,,,,,,,,,,,,,3.443e-10,,,,,,,,,,2.314e-25,,,,,,2.985e-12,,,,,,1.223e-1,,,,,,,,,,,,,,,,,,,,,,,
897.31,1.158e-1,,,,,,,,,,,,,,2.878e-10,,,,,,,,,,1.767e-25,,,,,,2.390e-12,,,,,,1.158e-1,,,,,,,,,,,,,,,,,,,,,,,
897.34,1.064e-1,,,,,,,,,,,,,,2.194e-10,,,,,,,,,,1.177e-25,,,,,,1.709e-12,,,,,,1.064e-1,,,,,,,,,,,,,,,,,,,,,,,
897.36,1.005e-1,,,,,,,,,,,,,,1.830e-10,,,,,,,,,,8.971e-26,,,,,,1.365e-12,,,,,,1.005e-1,,,,,,,,,,,,,,,,,,,,,,,
897.38,9.482e-2,,,,,,,,,,,,,,1.524e-10,,,,,,,,,,6.829e-26,,,,,,1.089e-12,,,,,,9.482e-2,,,,,,,,,,,,,,,,,,,,,,,
897.41,8.679e-2,,,,,,,,,,,,,,1.156e-10,,,,,,,,,,4.528e-26,,,,,,7.751e-13,,,,,,8.679e-2,,,,,,,,,,,,,,,,,,,,,,,
897.43,8.174e-2,,,,,,,,,,,,,,9.607e-11,,,,,,,,,,3.438e-26,,,,,,6.171e-13,,,,,,8.174e-2,,,,,,,,,,,,,,,,,,,,,,,
897.46,7.461e-2,,,,,,,,,,,,,,7.264e-11,,,,,,,,,,,,,,,,4.375e-13,,,,,,7.461e-2,,,,,,,,,,,,,,,,,,,,,,,
897.48,7.013e-2,,,,,,,,,,,,,,6.021e-11,,,,,,,,,,,,,,,,3.475e-13,,,,,,7.013e-2,,,,,,,,,,,,,,,,,,,,,,,
897.51,6.382e-2,,,,,,,,,,,,,,4.536e-11,,,,,,,,,,,,,,,,2.455e-13,,,,,,6.382e-2,,,,,,,,,,,,,,,,,,,,,,,
897.53,5.987e-2,,,,,,,,,,,,,,3.751e-11,,,,,,,,,,,,,,,,1.945e-13,,,,,,5.987e-2,,,,,,,,,,,,,,,,,,,,,,,
897.56,5.433e-2,,,,,,,,,,,,,,2.815e-11,,,,,,,,,,,,,,,,1.369e-13,,,,,,5.433e-2,,,,,,,,,,,,,,,,,,,,,,,
897.58,5.086e-2,,,,,,,,,,,,,,2.323e-11,,,,,,,,,,,,,,,,1.082e-13,,,,,,5.086e-2,,,,,,,,,,,,,,,,,,,,,,,
897.61,4.601e-2,,,,,,,,,,,,,,1.737e-11,,,,,,,,,,,,,,,,7.588e-14,,,,,,4.601e-2,,,,,,,,,,,,,,,,,,,,,,,
897.63,4.300e-2,,,,,,,,,,,,,,1.430e-11,,,,,,,,,,,,,,,,5.983e-14,,,,,,4.300e-2,,,,,,,,,,,,,,,,,,,,,,,
897.66,3.878e-2,,,,,,,,,,,,,,1.066e-11,,,,,,,,,,,,,,,,4.181e-14,,,,,,3.878e-2,,,,,,,,,,,,,,,,,,,,,,,
897.68,3.617e-2,,,,,,,,,,,,,,8.748e-12,,,,,,,,,,,,,,,,3.289e-14,,,,,,3.617e-2,,,,,,,,,,,,,,,,,,,,,,,
897.71,3.252e-2,,,,,,,,,,,,,,6.496e-12,,,,,,,,,,,,,,,,2.290e-14,,,,,,3.252e-2,,,,,,,,,,,,,,,,,,,,,,,
897.73,3.027e-2,,,,,,,,,,,,,,5.321e-12,,,,,,,,,,,,,,,,1.797e-14,,,,,,3.027e-2,,,,,,,,,,,,,,,,,,,,,,,
897.75,2.815e-2,,,,,,,,,,,,,,4.354e-12,,,,,,,,,,,,,,,,1.409e-14,,,,,,2.815e-2,,,,,,,,,,,,,,,,,,,,,,,
897.78,2.520e-2,,,,,,,,,,,,,,3.217e-12,,,,,,,,,,,,,,,,9.762e-15,,,,,,2.520e-2,,,,,,,,,,,,,,,,,,,,,,,
897.8,2.339e-2,,,,,,,,,,,,,,2.626e-12,,,,,,,,,,,,,,,,7.634e-15,,,,,,2.339e-2,,,,,,,,,,,,,,,,,,,,,,,
897.83,2.088e-2,,,,,,,,,,,,,,1.933e-12,,,,,,,,,,,,,,,,5.270e-15,,,,,,2.088e-2,,,,,,,,,,,,,,,,,,,,,,,
897.85,1.934e-2,,,,,,,,,,,,,,1.574e-12,,,,,,,,,,,,,,,,4.112e-15,,,,,,1.934e-2,,,,,,,,,,,,,,,,,,,,,,,
897.88,1.721e-2,,,,,,,,,,,,,,1.155e-12,,,,,,,,,,,,,,,,2.828e-15,,,,,,1.721e-2,,,,,,,,,,,,,,,,,,,,,,,
897.9,1.591e-2,,,,,,,,,,,,,,9.382e-13,,,,,,,,,,,,,,,,2.201e-15,,,,,,1.591e-2,,,,,,,,,,,,,,,,,,,,,,,
897.93,1.411e-2,,,,,,,,,,,,,,6.858e-13,,,,,,,,,,,,,,,,1.509e-15,,,,,,1.411e-2,,,,,,,,,,,,,,,,,,,,,,,
897.95,1.302e-2,,,,,,,,,,,,,,5.558e-13,,,,,,,,,,,,,,,,1.172e-15,,,,,,1.302e-2,,,,,,,,,,,,,,,,,,,,,,,
897.98,1.151e-2,,,,,,,,,,,,,,4.048e-13,,,,,,,,,,,,,,,,8.001e-16,,,,,,1.151e-2,,,,,,,,,,,,,,,,,,,,,,,
898,1.060e-2,,,,,,,,,,,,,,3.273e-13,,,,,,,,,,,,,,,,6.197e-16,,,,,,1.060e-2,,,,,,,,,,,,,,,,,,,,,,,
898.03,9.345e-3,,,,,,,,,,,,,,2.375e-13,,,,,,,,,,,,,,,,4.217e-16,,,,,,9.345e-3,,,,,,,,,,,,,,,,,,,,,,,
898.05,8.583e-3,,,,,,,,,,,,,,1.916e-13,,,,,,,,,,,,,,,,3.259e-16,,,,,,8.583e-3,,,,,,,,,,,,,,,,,,,,,,,
898.08,7.544e-3,,,,,,,,,,,,,,1.385e-13,,,,,,,,,,,,,,,,2.210e-16,,,,,,7.544e-3,,,,,,,,,,,,,,,,,,,,,,,
898.1,6.915e-3,,,,,,,,,,,,,,1.115e-13,,,,,,,,,,,,,,,,1.703e-16,,,,,,6.915e-3,,,,,,,,,,,,,,,,,,,,,,,
898.12,6.333e-3,,,,,,,,,,,,,,8.961e-14,,,,,,,,,,,,,,,,1.312e-16,,,,,,6.333e-3,,,,,,,,,,,,,,,,,,,,,,,
898.15,5.542e-3,,,,,,,,,,,,,,6.447e-14,,,,,,,,,,,,,,,,8.850e-17,,,,,,5.542e-3,,,,,,,,,,,,,,,,,,,,,,,
898.17,5.064e-3,,,,,,,,,,,,,,5.171e-14,,,,,,,,,,,,,,,,6.799e-17,,,,,,5.064e-3,,,,,,,,,,,,,,,,,,,,,,,
898.2,4.417e-3,,,,,,,,,,,,,,3.707e-14,,,,,,,,,,,,,,,,4.570e-17,,,,,,4.417e-3,,,,,,,,,,,,,,,,,,,,,,,
898.22,4.028e-3,,,,,,,,,,,,,,2.966e-14,,,,,,,,,,,,,,,,3.503e-17,,,,,,4.028e-3,,,,,,,,,,,,,,,,,,,,,,,
898.25,3.503e-3,,,,,,,,,,,,,,2.118e-14,,,,,,,,,,,,,,,,2.346e-17,,,,,,3.503e-3,,,,,,,,,,,,,,,,,,,,,,,
898.27,3.187e-3,,,,,,,,,,,,,,1.691e-14,,,,,,,,,,,,,,,,1.794e-17,,,,,,3.187e-3,,,,,,,,,,,,,,,,,,,,,,,
898.3,2.762e-3,,,,,,,,,,,,,,1.203e-14,,,,,,,,,,,,,,,,1.197e-17,,,,,,2.762e-3,,,,,,,,,,,,,,,,,,,,,,,
898.32,2.508e-3,,,,,,,,,,,,,,9.582e-15,,,,,,,,,,,,,,,,9.132e-18,,,,,,2.508e-3,,,,,,,,,,,,,,,,,,,,,,,
898.35,2.167e-3,,,,,,,,,,,,,,6.795e-15,,,,,,,,,,,,,,,,6.073e-18,,,,,,2.167e-3,,,,,,,,,,,,,,,,,,,,,,,
898.37,1.963e-3,,,,,,,,,,,,,,5.398e-15,,,,,,,,,,,,,,,,4.621e-18,,,,,,1.963e-3,,,,,,,,,,,,,,,,,,,,,,,
898.4,1.690e-3,,,,,,,,,,,,,,3.814e-15,,,,,,,,,,,,,,,,3.062e-18,,,,,,1.690e-3,,,,,,,,,,,,,,,,,,,,,,,
898.42,1.528e-3,,,,,,,,,,,,,,3.022e-15,,,,,,,,,,,,,,,,,,,,,,1.528e-3,,,,,,,,,,,,,,,,,,,,,,,
898.45,1.312e-3,,,,,,,,,,,,,,2.128e-15,,,,,,,,,,,,,,,,,,,,,,1.312e-3,,,,,,,,,,,,,,,,,,,,,,,
898.47,1.183e-3,,,,,,,,,,,,,,1.682e-15,,,,,,,,,,,,,,,,,,,,,,1.183e-3,,,,,,,,,,,,,,,,,,,,,,,
898.49,1.066e-3,,,,,,,,,,,,,,1.329e-15,,,,,,,,,,,,,,,,,,,,,,1.066e-3,,,,,,,,,,,,,,,,,,,,,,,
898.52,9.110e-4,,,,,,,,,,,,,,9.309e-16,,,,,,,,,,,,,,,,,,,,,,9.110e-4,,,,,,,,,,,,,,,,,,,,,,,
898.54,8.193e-4,,,,,,,,,,,,,,7.334e-16,,,,,,,,,,,,,,,,,,,,,,8.193e-4,,,,,,,,,,,,,,,,,,,,,,,
898.57,6.976e-4,,,,,,,,,,,,,,5.120e-16,,,,,,,,,,,,,,,,,,,,,,6.976e-4,,,,,,,,,,,,,,,,,,,,,,,
898.59,6.260e-4,,,,,,,,,,,,,,4.024e-16,,,,,,,,,,,,,,,,,,,,,,6.260e-4,,,,,,,,,,,,,,,,,,,,,,,
898.62,5.312e-4,,,,,,,,,,,,,,2.799e-16,,,,,,,,,,,,,,,,,,,,,,5.312e-4,,,,,,,,,,,,,,,,,,,,,,,
898.64,4.756e-4,,,,,,,,,,,,,,2.195e-16,,,,,,,,,,,,,,,,,,,,,,4.756e-4,,,,,,,,,,,,,,,,,,,,,,,
898.67,4.023e-4,,,,,,,,,,,,,,1.521e-16,,,,,,,,,,,,,,,,,,,,,,4.023e-4,,,,,,,,,,,,,,,,,,,,,,,
898.69,3.594e-4,,,,,,,,,,,,,,1.190e-16,,,,,,,,,,,,,,,,,,,,,,3.594e-4,,,,,,,,,,,,,,,,,,,,,,,
898.72,3.030e-4,,,,,,,,,,,,,,8.217e-17,,,,,,,,,,,,,,,,,,,,,,3.030e-4,,,,,,,,,,,,,,,,,,,,,,,
898.74,2.700e-4,,,,,,,,,,,,,,6.412e-17,,,,,,,,,,,,,,,,,,,,,,2.700e-4,,,,,,,,,,,,,,,,,,,,,,,
898.77,2.269e-4,,,,,,,,,,,,,,4.412e-17,,,,,,,,,,,,,,,,,,,,,,2.269e-4,,,,,,,,,,,,,,,,,,,,,,,
898.79,2.018e-4,,,,,,,,,,,,,,3.435e-17,,,,,,,,,,,,,,,,,,,,,,2.018e-4,,,,,,,,,,,,,,,,,,,,,,,
898.82,1.689e-4,,,,,,,,,,,,,,2.355e-17,,,,,,,,,,,,,,,,,,,,,,1.689e-4,,,,,,,,,,,,,,,,,,,,,,,
898.84,1.499e-4,,,,,,,,,,,,,,1.829e-17,,,,,,,,,,,,,,,,,,,,,,1.499e-4,,,,,,,,,,,,,,,,,,,,,,,
898.86,1.329e-4,,,,,,,,,,,,,,1.419e-17,,,,,,,,,,,,,,,,,,,,,,1.329e-4,,,,,,,,,,,,,,,,,,,,,,,
898.89,1.108e-4,,,,,,,,,,,,,,9.682e-18,,,,,,,,,,,,,,,,,,,,,,1.108e-4,,,,,,,,,,,,,,,,,,,,,,,
898.91,9.797e-5,,,,,,,,,,,,,,7.494e-18,,,,,,,,,,,,,,,,,,,,,,9.797e-5,,,,,,,,,,,,,,,,,,,,,,,
898.94,8.136e-5,,,,,,,,,,,,,,5.094e-18,,,,,,,,,,,,,,,,,,,,,,8.136e-5,,,,,,,,,,,,,,,,,,,,,,,
898.96,7.181e-5,,,,,,,,,,,,,,3.934e-18,,,,,,,,,,,,,,,,,,,,,,7.181e-5,,,,,,,,,,,,,,,,,,,,,,,
898.99,5.943e-5,,,,,,,,,,,,,,2.664e-18,,,,,,,,,,,,,,,,,,,,,,5.943e-5,,,,,,,,,,,,,,,,,,,,,,,
899.01,5.233e-5,,,,,,,,,,,,,,2.052e-18,,,,,,,,,,,,,,,,,,,,,,5.233e-5,,,,,,,,,,,,,,,,,,,,,,,
899.04,4.317e-5,,,,,,,,,,,,,,1.385e-18,,,,,,,,,,,,,,,,,,,,,,4.317e-5,,,,,,,,,,,,,,,,,,,,,,,
899.06,3.792e-5,,,,,,,,,,,,,,1.064e-18,,,,,,,,,,,,,,,,,,,,,,3.792e-5,,,,,,,,,,,,,,,,,,,,,,,
899.09,3.117e-5,,,,,,,,,,,,,,7.158e-19,,,,,,,,,,,,,,,,,,,,,,3.117e-5,,,,,,,,,,,,,,,,,,,,,,,
899.11,2.732e-5,,,,,,,,,,,,,,5.488e-19,,,,,,,,,,,,,,,,,,,,,,2.732e-5,,,,,,,,,,,,,,,,,,,,,,,
899.14,2.238e-5,,,,,,,,,,,,,,3.677e-19,,,,,,,,,,,,,,,,,,,,,,2.238e-5,,,,,,,,,,,,,,,,,,,,,,,
899.16,1.957e-5,,,,,,,,,,,,,,2.812e-19,,,,,,,,,,,,,,,,,,,,,,1.957e-5,,,,,,,,,,,,,,,,,,,,,,,
899.19,1.598e-5,,,,,,,,,,,,,,1.878e-19,,,,,,,,,,,,,,,,,,,,,,1.598e-5,,,,,,,,,,,,,,,,,,,,,,,
899.21,1.394e-5,,,,,,,,,,,,,,1.433e-19,,,,,,,,,,,,,,,,,,,,,,1.394e-5,,,,,,,,,,,,,,,,,,,,,,,
899.24,1.134e-5,,,,,,,,,,,,,,9.531e-20,,,,,,,,,,,,,,,,,,,,,,1.134e-5,,,,,,,,,,,,,,,,,,,,,,,
899.26,9.874e-6,,,,,,,,,,,,,,7.254e-20,,,,,,,,,,,,,,,,,,,,,,9.874e-6,,,,,,,,,,,,,,,,,,,,,,,
899.28,8.587e-6,,,,,,,,,,,,,,5.516e-20,,,,,,,,,,,,,,,,,,,,,,8.587e-6,,,,,,,,,,,,,,,,,,,,,,,
899.31,6.953e-6,,,,,,,,,,,,,,1.627e-20,,,,,,,,,,,,,,,,,,,,,,6.953e-6,,,,,,,,,,,,,,,,,,,,,,,
899.33,6.033e-6,,,,,,,,,,,,,,,,,,,,,,,,,,,,,,,,,,,,6.033e-6,,,,,,,,,,,,,,,,,,,,,,,
899.36,4.867e-6,,,,,,,,,,,,,,,,,,,,,,,,,,,,,,,,,,,,4.867e-6,,,,,,,,,,,,,,,,,,,,,,,
899.38,4.213e-6,,,,,,,,,,,,,,,,,,,,,,,,,,,,,,,,,,,,4.213e-6,,,,,,,,,,,,,,,,,,,,,,,
899.41,3.388e-6,,,,,,,,,,,,,,,,,,,,,,,,,,,,,,,,,,,,3.388e-6,,,,,,,,,,,,,,,,,,,,,,,
899.43,2.926e-6,,,,,,,,,,,,,,,,,,,,,,,,,,,,,,,,,,,,2.926e-6,,,,,,,,,,,,,,,,,,,,,,,
899.46,2.344e-6,,,,,,,,,,,,,,,,,,,,,,,,,,,,,,,,,,,,2.344e-6,,,,,,,,,,,,,,,,,,,,,,,
899.48,2.020e-6,,,,,,,,,,,,,,,,,,,,,,,,,,,,,,,,,,,,2.020e-6,,,,,,,,,,,,,,,,,,,,,,,
899.51,1.613e-6,,,,,,,,,,,,,,,,,,,,,,,,,,,,,,,,,,,,1.613e-6,,,,,,,,,,,,,,,,,,,,,,,
899.53,1.386e-6,,,,,,,,,,,,,,,,,,,,,,,,,,,,,,,,,,,,1.386e-6,,,,,,,,,,,,,,,,,,,,,,,
899.56,1.103e-6,,,,,,,,,,,,,,,,,,,,,,,,,,,,,,,,,,,,1.103e-6,,,,,,,,,,,,,,,,,,,,,,,
899.58,9.461e-7,,,,,,,,,,,,,,,,,,,,,,,,,,,,,,,,,,,,9.461e-7,,,,,,,,,,,,,,,,,,,,,,,
899.61,7.501e-7,,,,,,,,,,,,,,,,,,,,,,,,,,,,,,,,,,,,7.501e-7,,,,,,,,,,,,,,,,,,,,,,,
899.63,6.419e-7,,,,,,,,,,,,,,,,,,,,,,,,,,,,,,,,,,,,6.419e-7,,,,,,,,,,,,,,,,,,,,,,,
899.65,5.487e-7,,,,,,,,,,,,,,,,,,,,,,,,,,,,,,,,,,,,5.487e-7,,,,,,,,,,,,,,,,,,,,,,,
899.68,4.329e-7,,,,,,,,,,,,,,,,,,,,,,,,,,,,,,,,,,,,4.329e-7,,,,,,,,,,,,,,,,,,,,,,,
899.7,3.692e-7,,,,,,,,,,,,,,,,,,,,,,,,,,,,,,,,,,,,3.692e-7,,,,,,,,,,,,,,,,,,,,,,,
899.73,2.903e-7,,,,,,,,,,,,,,,,,,,,,,,,,,,,,,,,,,,,2.903e-7,,,,,,,,,,,,,,,,,,,,,,,
899.75,2.470e-7,,,,,,,,,,,,,,,,,,,,,,,,,,,,,,,,,,,,2.470e-7,,,,,,,,,,,,,,,,,,,,,,,
899.78,1.935e-7,,,,,,,,,,,,,,,,,,,,,,,,,,,,,,,,,,,,1.935e-7,,,,,,,,,,,,,,,,,,,,,,,
899.8,1.643e-7,,,,,,,,,,,,,,,,,,,,,,,,,,,,,,,,,,,,1.643e-7,,,,,,,,,,,,,,,,,,,,,,,
899.83,1.282e-7,,,,,,,,,,,,,,,,,,,,,,,,,,,,,,,,,,,,1.282e-7,,,,,,,,,,,,,,,,,,,,,,,
899.85,1.086e-7,,,,,,,,,,,,,,,,,,,,,,,,,,,,,,,,,,,,1.086e-7,,,,,,,,,,,,,,,,,,,,,,,
899.88,8.449e-8,,,,,,,,,,,,,,,,,,,,,,,,,,,,,,,,,,,,8.449e-8,,,,,,,,,,,,,,,,,,,,,,,
899.9,7.139e-8,,,,,,,,,,,,,,,,,,,,,,,,,,,,,,,,,,,,7.139e-8,,,,,,,,,,,,,,,,,,,,,,,
899.93,5.534e-8,,,,,,,,,,,,,,,,,,,,,,,,,,,,,,,,,,,,5.534e-8,,,,,,,,,,,,,,,,,,,,,,,
899.95,4.665e-8,,,,,,,,,,,,,,,,,,,,,,,,,,,,,,,,,,,,4.665e-8,,,,,,,,,,,,,,,,,,,,,,,
899.98,3.604e-8,,,,,,,,,,,,,,,,,,,,,,,,,,,,,,,,,,,,3.604e-8,,,,,,,,,,,,,,,,,,,,,,,
900,3.030e-8,,,,,,,,,,,,,,,,,,,,,,,,,,,,,,,,,,,,3.030e-8,,,,,,,,,,,,,,,,,,,,,,,
900.02,2.546e-8,,,,,,,,,,,,,,,,,,,,,,,,,,,,,,,,,,,,2.546e-8,,,,,,,,,,,,,,,,,,,,,,,
900.05,1.957e-8,,,,,,,,,,,,,,,,,,,,,,,,,,,,,,,,,,,,1.957e-8,,,,,,,,,,,,,,,,,,,,,,,
900.07,1.640e-8,,,,,,,,,,,,,,,,,,,,,,,,,,,,,,,,,,,,1.640e-8,,,,,,,,,,,,,,,,,,,,,,,
900.1,1.256e-8,,,,,,,,,,,,,,,,,,,,,,,,,,,,,,,,,,,,1.256e-8,,,,,,,,,,,,,,,,,,,,,,,
900.12,1.051e-8,,,,,,,,,,,,,,,,,,,,,,,,,,,,,,,,,,,,1.051e-8,,,,,,,,,,,,,,,,,,,,,,,
900.15,8.019e-9,,,,,,,,,,,,,,,,,,,,,,,,,,,,,,,,,,,,8.019e-9,,,,,,,,,,,,,,,,,,,,,,,
900.17,6.690e-9,,,,,,,,,,,,,,,,,,,,,,,,,,,,,,,,,,,,6.690e-9,,,,,,,,,,,,,,,,,,,,,,,
900.2,5.088e-9,,,,,,,,,,,,,,,,,,,,,,,,,,,,,,,,,,,,5.088e-9,,,,,,,,,,,,,,,,,,,,,,,
900.22,4.235e-9,,,,,,,,,,,,,,,,,,,,,,,,,,,,,,,,,,,,4.235e-9,,,,,,,,,,,,,,,,,,,,,,,
900.25,3.209e-9,,,,,,,,,,,,,,,,,,,,,,,,,,,,,,,,,,,,3.209e-9,,,,,,,,,,,,,,,,,,,,,,,
900.27,2.665e-9,,,,,,,,,,,,,,,,,,,,,,,,,,,,,,,,,,,,2.665e-9,,,,,,,,,,,,,,,,,,,,,,,
900.3,2.012e-9,,,,,,,,,,,,,,,,,,,,,,,,,,,,,,,,,,,,2.012e-9,,,,,,,,,,,,,,,,,,,,,,,
900.32,1.667e-9,,,,,,,,,,,,,,,,,,,,,,,,,,,,,,,,,,,,1.667e-9,,,,,,,,,,,,,,,,,,,,,,,
900.35,1.254e-9,,,,,,,,,,,,,,,,,,,,,,,,,,,,,,,,,,,,1.254e-9,,,,,,,,,,,,,,,,,,,,,,,
900.37,1.037e-9,,,,,,,,,,,,,,,,,,,,,,,,,,,,,,,,,,,,1.037e-9,,,,,,,,,,,,,,,,,,,,,,,
900.39,8.559e-10,,,,,,,,,,,,,,,,,,,,,,,,,,,,,,,,,,,,8.559e-10,,,,,,,,,,,,,,,,,,,,,,,
900.42,6.409e-10,,,,,,,,,,,,,,,,,,,,,,,,,,,,,,,,,,,,6.409e-10,,,,,,,,,,,,,,,,,,,,,,,
900.44,5.279e-10,,,,,,,,,,,,,,,,,,,,,,,,,,,,,,,,,,,,5.279e-10,,,,,,,,,,,,,,,,,,,,,,,
900.47,3.939e-10,,,,,,,,,,,,,,,,,,,,,,,,,,,,,,,,,,,,3.939e-10,,,,,,,,,,,,,,,,,,,,,,,
900.49,3.236e-10,,,,,,,,,,,,,,,,,,,,,,,,,,,,,,,,,,,,3.236e-10,,,,,,,,,,,,,,,,,,,,,,,
900.52,2.406e-10,,,,,,,,,,,,,,,,,,,,,,,,,,,,,,,,,,,,2.406e-10,,,,,,,,,,,,,,,,,,,,,,,
900.54,1.973e-10,,,,,,,,,,,,,,,,,,,,,,,,,,,,,,,,,,,,1.973e-10,,,,,,,,,,,,,,,,,,,,,,,
900.57,1.461e-10,,,,,,,,,,,,,,,,,,,,,,,,,,,,,,,,,,,,1.461e-10,,,,,,,,,,,,,,,,,,,,,,,
900.59,1.195e-10,,,,,,,,,,,,,,,,,,,,,,,,,,,,,,,,,,,,1.195e-10,,,,,,,,,,,,,,,,,,,,,,,
900.62,8.824e-11,,,,,,,,,,,,,,,,,,,,,,,,,,,,,,,,,,,,8.824e-11,,,,,,,,,,,,,,,,,,,,,,,
900.64,7.199e-11,,,,,,,,,,,,,,,,,,,,,,,,,,,,,,,,,,,,7.199e-11,,,,,,,,,,,,,,,,,,,,,,,
900.67,5.296e-11,,,,,,,,,,,,,,,,,,,,,,,,,,,,,,,,,,,,5.296e-11,,,,,,,,,,,,,,,,,,,,,,,
900.69,4.311e-11,,,,,,,,,,,,,,,,,,,,,,,,,,,,,,,,,,,,4.311e-11,,,,,,,,,,,,,,,,,,,,,,,
900.72,3.160e-11,,,,,,,,,,,,,,,,,,,,,,,,,,,,,,,,,,,,3.160e-11,,,,,,,,,,,,,,,,,,,,,,,
900.74,2.566e-11,,,,,,,,,,,,,,,,,,,,,,,,,,,,,,,,,,,,2.566e-11,,,,,,,,,,,,,,,,,,,,,,,
900.76,2.081e-11,,,,,,,,,,,,,,,,,,,,,,,,,,,,,,,,,,,,2.081e-11,,,,,,,,,,,,,,,,,,,,,,,
900.79,1.518e-11,,,,,,,,,,,,,,,,,,,,,,,,,,,,,,,,,,,,1.518e-11,,,,,,,,,,,,,,,,,,,,,,,
900.81,1.229e-11,,,,,,,,,,,,,,,,,,,,,,,,,,,,,,,,,,,,1.229e-11,,,,,,,,,,,,,,,,,,,,,,,
900.84,8.930e-12,,,,,,,,,,,,,,,,,,,,,,,,,,,,,,,,,,,,8.930e-12,,,,,,,,,,,,,,,,,,,,,,,
900.86,7.210e-12,,,,,,,,,,,,,,,,,,,,,,,,,,,,,,,,,,,,7.210e-12,,,,,,,,,,,,,,,,,,,,,,,
900.89,5.222e-12,,,,,,,,,,,,,,,,,,,,,,,,,,,,,,,,,,,,5.222e-12,,,,,,,,,,,,,,,,,,,,,,,
900.91,4.206e-12,,,,,,,,,,,,,,,,,,,,,,,,,,,,,,,,,,,,4.206e-12,,,,,,,,,,,,,,,,,,,,,,,
900.94,3.035e-12,,,,,,,,,,,,,,,,,,,,,,,,,,,,,,,,,,,,3.035e-12,,,,,,,,,,,,,,,,,,,,,,,
900.96,2.439e-12,,,,,,,,,,,,,,,,,,,,,,,,,,,,,,,,,,,,2.439e-12,,,,,,,,,,,,,,,,,,,,,,,
900.99,1.754e-12,,,,,,,,,,,,,,,,,,,,,,,,,,,,,,,,,,,,1.754e-12,,,,,,,,,,,,,,,,,,,,,,,
901.01,1.406e-12,,,,,,,,,,,,,,,,,,,,,,,,,,,,,,,,,,,,1.406e-12,,,,,,,,,,,,,,,,,,,,,,,
901.04,1.008e-12,,,,,,,,,,,,,,,,,,,,,,,,,,,,,,,,,,,,1.008e-12,,,,,,,,,,,,,,,,,,,,,,,
901.06,8.058e-13,,,,,,,,,,,,,,,,,,,,,,,,,,,,,,,,,,,,8.058e-13,,,,,,,,,,,,,,,,,,,,,,,
901.09,5.753e-13,,,,,,,,,,,,,,,,,,,,,,,,,,,,,,,,,,,,5.753e-13,,,,,,,,,,,,,,,,,,,,,,,
901.11,4.590e-13,,,,,,,,,,,,,,,,,,,,,,,,,,,,,,,,,,,,4.590e-13,,,,,,,,,,,,,,,,,,,,,,,
901.14,3.266e-13,,,,,,,,,,,,,,,,,,,,,,,,,,,,,,,,,,,,3.266e-13,,,,,,,,,,,,,,,,,,,,,,,
901.16,2.599e-13,,,,,,,,,,,,,,,,,,,,,,,,,,,,,,,,,,,,2.599e-13,,,,,,,,,,,,,,,,,,,,,,,
901.18,2.067e-13,,,,,,,,,,,,,,,,,,,,,,,,,,,,,,,,,,,,2.067e-13,,,,,,,,,,,,,,,,,,,,,,,
901.21,1.463e-13,,,,,,,,,,,,,,,,,,,,,,,,,,,,,,,,,,,,1.463e-13,,,,,,,,,,,,,,,,,,,,,,,
901.23,1.161e-13,,,,,,,,,,,,,,,,,,,,,,,,,,,,,,,,,,,,1.161e-13,,,,,,,,,,,,,,,,,,,,,,,
901.26,8.189e-14,,,,,,,,,,,,,,,,,,,,,,,,,,,,,,,,,,,,8.189e-14,,,,,,,,,,,,,,,,,,,,,,,
901.28,6.481e-14,,,,,,,,,,,,,,,,,,,,,,,,,,,,,,,,,,,,6.481e-14,,,,,,,,,,,,,,,,,,,,,,,
901.31,4.555e-14,,,,,,,,,,,,,,,,,,,,,,,,,,,,,,,,,,,,4.555e-14,,,,,,,,,,,,,,,,,,,,,,,
901.33,3.597e-14,,,,,,,,,,,,,,,,,,,,,,,,,,,,,,,,,,,,3.597e-14,,,,,,,,,,,,,,,,,,,,,,,
901.36,2.519e-14,,,,,,,,,,,,,,,,,,,,,,,,,,,,,,,,,,,,2.519e-14,,,,,,,,,,,,,,,,,,,,,,,
901.38,1.984e-14,,,,,,,,,,,,,,,,,,,,,,,,,,,,,,,,,,,,1.984e-14,,,,,,,,,,,,,,,,,,,,,,,
901.41,1.385e-14,,,,,,,,,,,,,,,,,,,,,,,,,,,,,,,,,,,,1.385e-14,,,,,,,,,,,,,,,,,,,,,,,
901.43,1.088e-14,,,,,,,,,,,,,,,,,,,,,,,,,,,,,,,,,,,,1.088e-14,,,,,,,,,,,,,,,,,,,,,,,
901.46,7.568e-15,,,,,,,,,,,,,,,,,,,,,,,,,,,,,,,,,,,,7.568e-15,,,,,,,,,,,,,,,,,,,,,,,
901.48,5.933e-15,,,,,,,,,,,,,,,,,,,,,,,,,,,,,,,,,,,,5.933e-15,,,,,,,,,,,,,,,,,,,,,,,
901.51,4.111e-15,,,,,,,,,,,,,,,,,,,,,,,,,,,,,,,,,,,,4.111e-15,,,,,,,,,,,,,,,,,,,,,,,
901.53,3.215e-15,,,,,,,,,,,,,,,,,,,,,,,,,,,,,,,,,,,,3.215e-15,,,,,,,,,,,,,,,,,,,,,,,
901.55,2.508e-15,,,,,,,,,,,,,,,,,,,,,,,,,,,,,,,,,,,,2.508e-15,,,,,,,,,,,,,,,,,,,,,,,
901.58,1.729e-15,,,,,,,,,,,,,,,,,,,,,,,,,,,,,,,,,,,,1.729e-15,,,,,,,,,,,,,,,,,,,,,,,
901.6,1.348e-15,,,,,,,,,,,,,,,,,,,,,,,,,,,,,,,,,,,,1.348e-15,,,,,,,,,,,,,,,,,,,,,,,
901.63,9.263e-16,,,,,,,,,,,,,,,,,,,,,,,,,,,,,,,,,,,,9.263e-16,,,,,,,,,,,,,,,,,,,,,,,
901.65,7.203e-16,,,,,,,,,,,,,,,,,,,,,,,,,,,,,,,,,,,,7.203e-16,,,,,,,,,,,,,,,,,,,,,,,
901.68,4.931e-16,,,,,,,,,,,,,,,,,,,,,,,,,,,,,,,,,,,,4.931e-16,,,,,,,,,,,,,,,,,,,,,,,
901.7,3.826e-16,,,,,,,,,,,,,,,,,,,,,,,,,,,,,,,,,,,,3.826e-16,,,,,,,,,,,,,,,,,,,,,,,
901.73,2.610e-16,,,,,,,,,,,,,,,,,,,,,,,,,,,,,,,,,,,,2.610e-16,,,,,,,,,,,,,,,,,,,,,,,
901.75,2.020e-16,,,,,,,,,,,,,,,,,,,,,,,,,,,,,,,,,,,,2.020e-16,,,,,,,,,,,,,,,,,,,,,,,
901.78,1.373e-16,,,,,,,,,,,,,,,,,,,,,,,,,,,,,,,,,,,,1.373e-16,,,,,,,,,,,,,,,,,,,,,,,
901.8,1.060e-16,,,,,,,,,,,,,,,,,,,,,,,,,,,,,,,,,,,,1.060e-16,,,,,,,,,,,,,,,,,,,,,,,
901.83,7.181e-17,,,,,,,,,,,,,,,,,,,,,,,,,,,,,,,,,,,,7.181e-17,,,,,,,,,,,,,,,,,,,,,,,
901.85,5.532e-17,,,,,,,,,,,,,,,,,,,,,,,,,,,,,,,,,,,,5.532e-17,,,,,,,,,,,,,,,,,,,,,,,
901.88,3.733e-17,,,,,,,,,,,,,,,,,,,,,,,,,,,,,,,,,,,,3.733e-17,,,,,,,,,,,,,,,,,,,,,,,
901.9,2.869e-17,,,,,,,,,,,,,,,,,,,,,,,,,,,,,,,,,,,,2.869e-17,,,,,,,,,,,,,,,,,,,,,,,
901.92,2.203e-17,,,,,,,,,,,,,,,,,,,,,,,,,,,,,,,,,,,,2.203e-17,,,,,,,,,,,,,,,,,,,,,,,
901.95,1.479e-17,,,,,,,,,,,,,,,,,,,,,,,,,,,,,,,,,,,,1.479e-17,,,,,,,,,,,,,,,,,,,,,,,
901.97,1.133e-17,,,,,,,,,,,,,,,,,,,,,,,,,,,,,,,,,,,,1.133e-17,,,,,,,,,,,,,,,,,,,,,,,
902,7.581e-18,,,,,,,,,,,,,,,,,,,,,,,,,,,,,,,,,,,,7.581e-18,,,,,,,,,,,,,,,,,,,,,,,
902.02,5.793e-18,,,,,,,,,,,,,,,,,,,,,,,,,,,,,,,,,,,,5.793e-18,,,,,,,,,,,,,,,,,,,,,,,
902.05,3.862e-18,,,,,,,,,,,,,,,,,,,,,,,,,,,,,,,,,,,,3.862e-18,,,,,,,,,,,,,,,,,,,,,,,
902.07,2.944e-18,,,,,,,,,,,,,,,,,,,,,,,,,,,,,,,,,,,,2.944e-18,,,,,,,,,,,,,,,,,,,,,,,
902.1,1.956e-18,,,,,,,,,,,,,,,,,,,,,,,,,,,,,,,,,,,,1.956e-18,,,,,,,,,,,,,,,,,,,,,,,
902.12,1.488e-18,,,,,,,,,,,,,,,,,,,,,,,,,,,,,,,,,,,,1.488e-18,,,,,,,,,,,,,,,,,,,,,,,
